11/01/2004,GYH,SC,ASO,ES,Federal Contract Tower,0,2,11,6,19,0,3,43,2,48,0,5,54,8,67,80,2,82,149
11/02/2004,GYH,SC,ASO,ES,Federal Contract Tower,0,0,30,0,30,0,0,2,0,2,0,0,32,0,32,14,0,14,46
11/03/2004,GYH,SC,ASO,ES,Federal Contract Tower,0,5,17,0,22,0,4,0,0,4,0,9,17,0,26,38,0,38,64
11/04/2004,GYH,SC,ASO,ES,Federal Contract Tower,0,3,21,4,28,0,2,5,1,8,0,5,26,5,36,0,0,0,36
11/05/2004,GYH,SC,ASO,ES,Federal Contract Tower,0,13,13,5,31,0,3,48,12,63,0,16,61,17,94,86,0,86,180
11/06/2004,GYH,SC,ASO,ES,Federal Contract Tower,0,0,1,1,2,0,6,97,15,118,0,6,98,16,120,22,0,22,142
11/07/2004,GYH,SC,ASO,ES,Federal Contract Tower,0,2,3,2,7,0,1,44,0,45,0,3,47,2,52,26,0,26,78
11/08/2004,GYH,SC,ASO,ES,Federal Contract Tower,0,13,13,10,36,0,6,60,17,83,0,19,73,27,119,26,0,26,145
11/09/2004,GYH,SC,ASO,ES,Federal Contract Tower,0,3,10,1,14,0,6,64,1,71,0,9,74,2,85,58,0,58,143
11/10/2004,GYH,SC,ASO,ES,Federal Contract Tower,0,9,7,8,24,0,10,35,5,50,0,19,42,13,74,14,5,19,93
11/11/2004,GYH,SC,ASO,ES,Federal Contract Tower,0,8,15,11,34,0,6,11,8,25,0,14,26,19,59,36,2,38,97
11/12/2004,GYH,SC,ASO,ES,Federal Contract Tower,0,7,23,1,31,0,0,3,0,3,0,7,26,1,34,0,0,0,34
11/13/2004,GYH,SC,ASO,ES,Federal Contract Tower,0,2,6,0,8,0,14,31,11,56,0,16,37,11,64,34,6,40,104
11/14/2004,GYH,SC,ASO,ES,Federal Contract Tower,0,0,7,0,7,0,7,48,0,55,0,7,55,0,62,34,0,34,96
11/15/2004,GYH,SC,ASO,ES,Federal Contract Tower,0,3,7,2,12,0,0,39,5,44,0,3,46,7,56,40,0,40,96
11/16/2004,GYH,SC,ASO,ES,Federal Contract Tower,0,13,13,15,41,0,3,68,8,79,0,16,81,23,120,128,22,150,270
11/17/2004,GYH,SC,ASO,ES,Federal Contract Tower,0,6,18,1,25,0,5,27,10,42,0,11,45,11,67,72,0,72,139
11/18/2004,GYH,SC,ASO,ES,Federal Contract Tower,0,4,21,11,36,0,0,48,0,48,0,4,69,11,84,96,0,96,180
11/19/2004,GYH,SC,ASO,ES,Federal Contract Tower,0,1,17,6,24,0,8,53,4,65,0,9,70,10,89,62,0,62,151
11/20/2004,GYH,SC,ASO,ES,Federal Contract Tower,0,0,9,1,10,0,8,23,2,33,0,8,32,3,43,16,6,22,65
11/21/2004,GYH,SC,ASO,ES,Federal Contract Tower,0,1,7,0,8,0,0,22,2,24,0,1,29,2,32,4,0,4,36
11/22/2004,GYH,SC,ASO,ES,Federal Contract Tower,0,0,5,8,13,0,0,19,0,19,0,0,24,8,32,14,0,14,46
11/23/2004,GYH,SC,ASO,ES,Federal Contract Tower,0,6,7,6,19,0,0,0,0,0,0,6,7,6,19,0,0,0,19
11/24/2004,GYH,SC,ASO,ES,Federal Contract Tower,0,0,5,8,13,0,0,19,0,19,0,0,24,8,32,14,0,14,46
11/25/2004,GYH,SC,ASO,ES,Federal Contract Tower,0,0,3,0,3,0,3,0,0,3,0,3,3,0,6,0,0,0,6
11/26/2004,GYH,SC,ASO,ES,Federal Contract Tower,0,2,4,0,6,0,0,64,2,66,0,2,68,2,72,46,0,46,118
11/27/2004,GYH,SC,ASO,ES,Federal Contract Tower,0,4,3,1,8,0,4,27,0,31,0,8,30,1,39,50,0,50,89
11/28/2004,GYH,SC,ASO,ES,Federal Contract Tower,0,2,5,2,9,0,2,29,0,31,0,4,34,2,40,34,0,34,74
11/29/2004,GYH,SC,ASO,ES,Federal Contract Tower,0,2,12,1,15,0,1,39,2,42,0,3,51,3,57,82,0,82,139
11/30/2004,GYH,SC,ASO,ES,Federal Contract Tower,0,10,15,6,31,0,0,29,0,29,0,10,44,6,60,50,0,50,110
12/01/2004,GYH,SC,ASO,ES,Federal Contract Tower,0,1,11,6,18,0,6,34,1,41,0,7,45,7,59,12,0,12,71
12/02/2004,GYH,SC,ASO,ES,Federal Contract Tower,0,8,4,2,14,0,11,65,7,83,0,19,69,9,97,36,0,36,133
12/03/2004,GYH,SC,ASO,ES,Federal Contract Tower,0,6,4,3,13,0,8,79,5,92,0,14,83,8,105,102,8,110,215
12/04/2004,GYH,SC,ASO,ES,Federal Contract Tower,0,4,3,3,10,0,11,81,1,93,0,15,84,4,103,113,0,113,216
12/05/2004,GYH,SC,ASO,ES,Federal Contract Tower,0,2,13,1,16,0,2,20,6,28,0,4,33,7,44,24,0,24,68
12/06/2004,GYH,SC,ASO,ES,Federal Contract Tower,0,3,30,6,39,0,0,3,0,3,0,3,33,6,42,0,0,0,42
12/07/2004,GYH,SC,ASO,ES,Federal Contract Tower,0,5,8,2,15,0,5,2,1,8,0,10,10,3,23,0,0,0,23
12/08/2004,GYH,SC,ASO,ES,Federal Contract Tower,0,13,12,14,39,0,6,89,6,101,0,19,101,20,140,116,0,116,256
12/09/2004,GYH,SC,ASO,ES,Federal Contract Tower,0,5,12,6,23,0,0,0,0,0,0,5,12,6,23,0,0,0,23
12/10/2004,GYH,SC,ASO,ES,Federal Contract Tower,0,9,4,7,20,0,5,41,6,52,0,14,45,13,72,34,14,48,120
12/11/2004,GYH,SC,ASO,ES,Federal Contract Tower,0,1,3,0,4,0,4,25,5,34,0,5,28,5,38,98,0,98,136
12/12/2004,GYH,SC,ASO,ES,Federal Contract Tower,0,0,7,2,9,0,5,39,6,50,0,5,46,8,59,62,0,62,121
12/13/2004,GYH,SC,ASO,ES,Federal Contract Tower,0,3,21,4,28,0,8,0,12,20,0,11,21,16,48,72,12,84,132
12/14/2004,GYH,SC,ASO,ES,Federal Contract Tower,0,4,15,3,22,0,0,28,2,30,0,4,43,5,52,4,0,4,56
12/15/2004,GYH,SC,ASO,ES,Federal Contract Tower,0,6,19,3,28,0,19,39,11,69,0,25,58,14,97,112,0,112,209
12/16/2004,GYH,SC,ASO,ES,Federal Contract Tower,0,6,14,7,27,0,6,50,4,60,0,12,64,11,87,26,0,26,113
12/17/2004,GYH,SC,ASO,ES,Federal Contract Tower,0,5,17,0,22,0,5,44,0,49,0,10,61,0,71,76,8,84,155
12/18/2004,GYH,SC,ASO,ES,Federal Contract Tower,0,3,6,0,9,0,3,35,0,38,0,6,41,0,47,36,0,36,83
12/19/2004,GYH,SC,ASO,ES,Federal Contract Tower,0,3,3,1,7,0,0,6,0,6,0,3,9,1,13,0,0,0,13
12/20/2004,GYH,SC,ASO,ES,Federal Contract Tower,0,5,8,2,15,0,17,27,0,44,0,22,35,2,59,54,0,54,113
12/21/2004,GYH,SC,ASO,ES,Federal Contract Tower,0,9,6,2,17,0,5,31,0,36,0,14,37,2,53,16,0,16,69
12/22/2004,GYH,SC,ASO,ES,Federal Contract Tower,0,9,2,9,20,0,0,20,1,21,0,9,22,10,41,0,0,0,41
12/23/2004,GYH,SC,ASO,ES,Federal Contract Tower,0,3,4,0,7,0,14,25,4,43,0,17,29,4,50,20,0,20,70
12/24/2004,GYH,SC,ASO,ES,Federal Contract Tower,0,1,3,1,5,0,10,25,1,36,0,11,28,2,41,32,0,32,73
12/25/2004,GYH,SC,ASO,ES,Federal Contract Tower,0,0,2,0,2,0,2,2,0,4,0,2,4,0,6,0,0,0,6
12/26/2004,GYH,SC,ASO,ES,Federal Contract Tower,0,3,4,0,7,0,4,19,0,23,0,7,23,0,30,22,0,22,52
12/27/2004,GYH,SC,ASO,ES,Federal Contract Tower,0,1,7,0,8,0,1,38,0,39,0,2,45,0,47,36,0,36,83
12/28/2004,GYH,SC,ASO,ES,Federal Contract Tower,0,4,6,4,14,0,3,31,0,34,0,7,37,4,48,30,0,30,78
12/29/2004,GYH,SC,ASO,ES,Federal Contract Tower,0,6,8,8,22,0,9,43,4,56,0,15,51,12,78,58,0,58,136
12/30/2004,GYH,SC,ASO,ES,Federal Contract Tower,0,3,6,0,9,0,3,44,0,47,0,6,50,0,56,32,0,32,88
12/31/2004,GYH,SC,ASO,ES,Federal Contract Tower,0,1,3,1,5,0,6,34,1,41,0,7,37,2,46,48,0,48,94
01/01/2005,GYH,SC,ASO,ES,Federal Contract Tower,0,0,3,0,3,0,15,12,4,31,0,15,15,4,34,10,0,10,44
01/02/2005,GYH,SC,ASO,ES,Federal Contract Tower,0,3,9,0,12,0,3,15,0,18,0,6,24,0,30,4,0,4,34
01/03/2005,GYH,SC,ASO,ES,Federal Contract Tower,0,1,10,3,14,0,15,24,11,50,0,16,34,14,64,74,2,76,140
01/04/2005,GYH,SC,ASO,ES,Federal Contract Tower,0,3,8,18,29,0,5,38,6,49,0,8,46,24,78,68,28,96,174
01/05/2005,GYH,SC,ASO,ES,Federal Contract Tower,0,4,12,4,20,0,14,35,2,51,0,18,47,6,71,54,0,54,125
01/06/2005,GYH,SC,ASO,ES,Federal Contract Tower,0,2,4,7,13,0,2,9,0,11,0,4,13,7,24,18,0,18,42
01/07/2005,GYH,SC,ASO,ES,Federal Contract Tower,0,7,15,7,29,0,5,25,12,42,0,12,40,19,71,42,2,44,115
01/08/2005,GYH,SC,ASO,ES,Federal Contract Tower,0,1,2,5,8,0,2,16,1,19,0,3,18,6,27,26,0,26,53
01/09/2005,GYH,SC,ASO,ES,Federal Contract Tower,0,5,5,2,12,0,6,57,4,67,0,11,62,6,79,52,0,52,131
01/10/2005,GYH,SC,ASO,ES,Federal Contract Tower,0,0,5,6,11,0,3,58,6,67,0,3,63,12,78,92,0,92,170
01/11/2005,GYH,SC,ASO,ES,Federal Contract Tower,0,3,4,0,7,0,4,51,0,55,0,7,55,0,62,126,0,126,188
01/12/2005,GYH,SC,ASO,ES,Federal Contract Tower,0,8,15,0,23,0,1,13,0,14,0,9,28,0,37,20,0,20,57
01/13/2005,GYH,SC,ASO,ES,Federal Contract Tower,0,4,5,2,11,0,0,11,0,11,0,4,16,2,22,22,0,22,44
01/14/2005,GYH,SC,ASO,ES,Federal Contract Tower,0,1,9,0,10,0,4,31,3,38,0,5,40,3,48,24,0,24,72
01/15/2005,GYH,SC,ASO,ES,Federal Contract Tower,0,0,4,0,4,0,2,58,10,70,0,2,62,10,74,148,2,150,224
01/16/2005,GYH,SC,ASO,ES,Federal Contract Tower,0,0,7,0,7,0,5,52,0,57,0,5,59,0,64,30,0,30,94
01/17/2005,GYH,SC,ASO,ES,Federal Contract Tower,0,0,11,0,11,0,9,25,5,39,0,9,36,5,50,64,0,64,114
01/18/2005,GYH,SC,ASO,ES,Federal Contract Tower,0,6,9,8,23,0,1,52,8,61,0,7,61,16,84,124,4,128,212
01/19/2005,GYH,SC,ASO,ES,Federal Contract Tower,0,9,7,5,21,0,8,34,1,43,0,17,41,6,64,24,0,24,88
01/20/2005,GYH,SC,ASO,ES,Federal Contract Tower,0,4,6,2,12,0,9,29,2,40,0,13,35,4,52,54,0,54,106
01/21/2005,GYH,SC,ASO,ES,Federal Contract Tower,0,2,12,5,19,0,1,25,5,31,0,3,37,10,50,94,6,100,150
01/22/2005,GYH,SC,ASO,ES,Federal Contract Tower,0,0,0,2,2,0,0,0,0,0,0,0,0,2,2,0,0,0,2
01/23/2005,GYH,SC,ASO,ES,Federal Contract Tower,0,2,6,0,8,0,1,10,2,13,0,3,16,2,21,2,2,4,25
01/24/2005,GYH,SC,ASO,ES,Federal Contract Tower,0,7,6,1,14,0,0,33,2,35,0,7,39,3,49,46,0,46,95
01/25/2005,GYH,SC,ASO,ES,Federal Contract Tower,0,2,5,4,11,0,6,32,4,42,0,8,37,8,53,70,10,80,133
01/26/2005,GYH,SC,ASO,ES,Federal Contract Tower,0,4,7,3,14,0,13,41,13,67,0,17,48,16,81,64,0,64,145
01/27/2005,GYH,SC,ASO,ES,Federal Contract Tower,0,8,11,0,19,0,11,40,3,54,0,19,51,3,73,56,0,56,129
01/28/2005,GYH,SC,ASO,ES,Federal Contract Tower,0,2,13,2,17,0,7,21,7,35,0,9,34,9,52,16,2,18,70
01/29/2005,GYH,SC,ASO,ES,Federal Contract Tower,0,0,0,0,0,0,0,0,0,0,0,0,0,0,0,0,0,0,0
01/30/2005,GYH,SC,ASO,ES,Federal Contract Tower,0,0,0,0,0,0,0,0,0,0,0,0,0,0,0,0,0,0,0
01/31/2005,GYH,SC,ASO,ES,Federal Contract Tower,0,5,17,19,41,0,1,31,2,34,0,6,48,21,75,34,14,48,123
02/01/2005,GYH,SC,ASO,ES,Federal Contract Tower,0,3,8,4,15,0,4,29,0,33,0,7,37,4,48,44,0,44,92
02/02/2005,GYH,SC,ASO,ES,Federal Contract Tower,0,6,14,4,24,0,1,7,1,9,0,7,21,5,33,6,0,6,39
02/03/2005,GYH,SC,ASO,ES,Federal Contract Tower,0,0,4,3,7,0,4,3,2,9,0,4,7,5,16,8,0,8,24
02/04/2005,GYH,SC,ASO,ES,Federal Contract Tower,0,2,12,6,20,0,6,53,5,64,0,8,65,11,84,68,20,88,172
02/06/2005,GYH,SC,ASO,ES,Federal Contract Tower,0,2,10,3,15,0,10,53,0,63,0,12,63,3,78,84,0,84,162
02/07/2005,GYH,SC,ASO,ES,Federal Contract Tower,0,5,14,3,22,0,2,36,6,44,0,7,50,9,66,42,0,42,108
02/08/2005,GYH,SC,ASO,ES,Federal Contract Tower,0,6,7,3,16,0,22,33,2,57,0,28,40,5,73,20,2,22,95
02/09/2005,GYH,SC,ASO,ES,Federal Contract Tower,0,2,9,6,17,0,0,0,0,0,0,2,9,6,17,0,0,0,17
02/10/2005,GYH,SC,ASO,ES,Federal Contract Tower,0,6,14,5,25,0,7,43,6,56,0,13,57,11,81,62,2,64,145
02/11/2005,GYH,SC,ASO,ES,Federal Contract Tower,0,6,19,1,26,0,11,44,3,58,0,17,63,4,84,82,6,88,172
02/12/2005,GYH,SC,ASO,ES,Federal Contract Tower,0,1,6,1,8,0,2,52,5,59,0,3,58,6,67,62,4,66,133
02/13/2005,GYH,SC,ASO,ES,Federal Contract Tower,0,1,10,0,11,0,4,29,0,33,0,5,39,0,44,40,0,40,84
02/14/2005,GYH,SC,ASO,ES,Federal Contract Tower,0,1,10,1,12,0,4,4,0,8,0,5,14,1,20,10,0,10,30
02/15/2005,GYH,SC,ASO,ES,Federal Contract Tower,0,10,22,2,34,0,0,5,0,5,0,10,27,2,39,14,0,14,53
02/16/2005,GYH,SC,ASO,ES,Federal Contract Tower,0,3,23,5,31,0,3,20,4,27,0,6,43,9,58,56,0,56,114
02/17/2005,GYH,SC,ASO,ES,Federal Contract Tower,0,7,5,1,13,0,17,34,9,60,0,24,39,10,73,14,0,14,87
02/18/2005,GYH,SC,ASO,ES,Federal Contract Tower,0,6,6,1,13,0,3,51,3,57,0,9,57,4,70,78,0,78,148
02/19/2005,GYH,SC,ASO,ES,Federal Contract Tower,0,1,11,1,13,0,30,68,3,101,0,31,79,4,114,112,0,112,226
02/20/2005,GYH,SC,ASO,ES,Federal Contract Tower,0,4,1,0,5,0,0,3,0,3,0,4,4,0,8,0,0,0,8
02/21/2005,GYH,SC,ASO,ES,Federal Contract Tower,0,2,8,1,11,0,0,1,0,1,0,2,9,1,12,0,0,0,12
02/22/2005,GYH,SC,ASO,ES,Federal Contract Tower,0,4,8,3,15,0,16,46,1,63,0,20,54,4,78,40,0,40,118
02/23/2005,GYH,SC,ASO,ES,Federal Contract Tower,0,6,22,0,28,0,10,39,0,49,0,16,61,0,77,78,0,78,155
02/24/2005,GYH,SC,ASO,ES,Federal Contract Tower,0,6,9,2,17,0,2,5,0,7,0,8,14,2,24,2,0,2,26
02/25/2005,GYH,SC,ASO,ES,Federal Contract Tower,0,6,14,3,23,0,20,69,1,90,0,26,83,4,113,252,0,252,365
02/26/2005,GYH,SC,ASO,ES,Federal Contract Tower,0,2,8,0,10,0,8,78,6,92,0,10,86,6,102,80,0,80,182
02/27/2005,GYH,SC,ASO,ES,Federal Contract Tower,0,4,3,0,7,0,0,13,2,15,0,4,16,2,22,44,0,44,66
02/28/2005,GYH,SC,ASO,ES,Federal Contract Tower,0,6,12,0,18,0,1,0,7,8,0,7,12,7,26,0,0,0,26
03/01/2005,GYH,SC,ASO,ES,Federal Contract Tower,0,4,4,2,10,0,13,11,1,25,0,17,15,3,35,4,0,4,39
03/02/2005,GYH,SC,ASO,ES,Federal Contract Tower,0,1,10,2,13,0,16,35,2,53,0,17,45,4,66,50,0,50,116
03/03/2005,GYH,SC,ASO,ES,Federal Contract Tower,0,3,28,6,37,0,0,19,3,22,0,3,47,9,59,30,0,30,89
03/04/2005,GYH,SC,ASO,ES,Federal Contract Tower,0,5,11,6,22,0,1,49,5,55,0,6,60,11,77,92,0,92,169
03/05/2005,GYH,SC,ASO,ES,Federal Contract Tower,0,0,3,3,6,0,8,13,2,23,0,8,16,5,29,50,0,50,79
03/06/2005,GYH,SC,ASO,ES,Federal Contract Tower,0,0,7,1,8,0,0,45,0,45,0,0,52,1,53,68,0,68,121
03/07/2005,GYH,SC,ASO,ES,Federal Contract Tower,0,0,5,2,7,0,15,27,2,44,0,15,32,4,51,36,0,36,87
03/08/2005,GYH,SC,ASO,ES,Federal Contract Tower,0,6,5,0,11,0,7,6,2,15,0,13,11,2,26,0,0,0,26
03/09/2005,GYH,SC,ASO,ES,Federal Contract Tower,0,2,26,2,30,0,3,37,0,40,0,5,63,2,70,116,0,116,186
03/10/2005,GYH,SC,ASO,ES,Federal Contract Tower,0,5,2,19,26,0,15,55,0,70,0,20,57,19,96,100,0,100,196
03/11/2005,GYH,SC,ASO,ES,Federal Contract Tower,0,2,5,1,8,0,8,29,10,47,0,10,34,11,55,44,0,44,99
03/12/2005,GYH,SC,ASO,ES,Federal Contract Tower,0,3,4,0,7,0,15,11,2,28,0,18,15,2,35,36,0,36,71
03/13/2005,GYH,SC,ASO,ES,Federal Contract Tower,0,2,6,0,8,0,2,30,0,32,0,4,36,0,40,44,0,44,84
03/14/2005,GYH,SC,ASO,ES,Federal Contract Tower,0,5,16,9,30,0,5,7,5,17,0,10,23,14,47,2,0,2,49
03/15/2005,GYH,SC,ASO,ES,Federal Contract Tower,0,7,16,6,29,0,15,55,6,76,0,22,71,12,105,230,2,232,337
03/16/2005,GYH,SC,ASO,ES,Federal Contract Tower,0,15,9,5,29,0,3,0,0,3,0,18,9,5,32,0,0,0,32
03/17/2005,GYH,SC,ASO,ES,Federal Contract Tower,0,4,10,1,15,0,2,3,0,5,0,6,13,1,20,56,0,56,76
03/18/2005,GYH,SC,ASO,ES,Federal Contract Tower,0,4,13,5,22,0,5,72,4,81,0,9,85,9,103,146,0,146,249
03/19/2005,GYH,SC,ASO,ES,Federal Contract Tower,0,3,20,1,24,0,7,67,9,83,0,10,87,10,107,76,0,76,183
03/20/2005,GYH,SC,ASO,ES,Federal Contract Tower,0,2,4,0,6,0,4,39,0,43,0,6,43,0,49,20,0,20,69
03/21/2005,GYH,SC,ASO,ES,Federal Contract Tower,0,0,16,1,17,0,8,43,1,52,0,8,59,2,69,50,0,50,119
03/22/2005,GYH,SC,ASO,ES,Federal Contract Tower,0,5,7,5,17,0,5,6,1,12,0,10,13,6,29,18,10,28,57
03/23/2005,GYH,SC,ASO,ES,Federal Contract Tower,0,6,15,13,34,0,18,17,3,38,0,24,32,16,72,0,0,0,72
03/24/2005,GYH,SC,ASO,ES,Federal Contract Tower,0,12,18,2,32,0,11,74,3,88,0,23,92,5,120,132,2,134,254
03/25/2005,GYH,SC,ASO,ES,Federal Contract Tower,0,6,12,4,22,0,10,54,3,67,0,16,66,7,89,154,26,180,269
03/26/2005,GYH,SC,ASO,ES,Federal Contract Tower,0,4,11,1,16,0,3,47,1,51,0,7,58,2,67,156,0,156,223
03/27/2005,GYH,SC,ASO,ES,Federal Contract Tower,0,3,1,0,4,0,0,0,0,0,0,3,1,0,4,0,0,0,4
03/28/2005,GYH,SC,ASO,ES,Federal Contract Tower,0,7,19,1,27,0,8,11,0,19,0,15,30,1,46,38,0,38,84
03/29/2005,GYH,SC,ASO,ES,Federal Contract Tower,0,2,3,5,10,0,30,36,0,66,0,32,39,5,76,88,0,88,164
03/30/2005,GYH,SC,ASO,ES,Federal Contract Tower,0,4,13,7,24,0,12,73,9,94,0,16,86,16,118,118,10,128,246
03/31/2005,GYH,SC,ASO,ES,Federal Contract Tower,0,4,12,6,22,0,4,9,4,17,0,8,21,10,39,12,4,16,55
04/01/2005,GYH,SC,ASO,ES,Federal Contract Tower,0,8,9,0,17,0,3,0,0,3,0,11,9,0,20,0,0,0,20
04/02/2005,GYH,SC,ASO,ES,Federal Contract Tower,0,3,2,0,5,0,9,23,0,32,0,12,25,0,37,18,0,18,55
04/03/2005,GYH,SC,ASO,ES,Federal Contract Tower,0,3,4,3,10,0,3,23,1,27,0,6,27,4,37,30,0,30,67
04/04/2005,GYH,SC,ASO,ES,Federal Contract Tower,0,1,8,15,24,0,13,42,2,57,0,14,50,17,81,54,2,56,137
04/05/2005,GYH,SC,ASO,ES,Federal Contract Tower,0,4,6,11,21,0,14,39,3,56,0,18,45,14,77,50,20,70,147
04/06/2005,GYH,SC,ASO,ES,Federal Contract Tower,0,4,12,3,19,0,14,41,7,62,0,18,53,10,81,108,0,108,189
04/07/2005,GYH,SC,ASO,ES,Federal Contract Tower,0,2,5,11,18,0,7,2,1,10,0,9,7,12,28,0,0,0,28
04/08/2005,GYH,SC,ASO,ES,Federal Contract Tower,0,5,8,0,13,0,0,8,0,8,0,5,16,0,21,8,0,8,29
04/09/2005,GYH,SC,ASO,ES,Federal Contract Tower,0,3,23,0,26,0,1,37,4,42,0,4,60,4,68,44,0,44,112
04/10/2005,GYH,SC,ASO,ES,Federal Contract Tower,0,3,7,0,10,0,0,58,2,60,0,3,65,2,70,86,0,86,156
04/11/2005,GYH,SC,ASO,ES,Federal Contract Tower,0,1,11,0,12,0,6,42,4,52,0,7,53,4,64,84,0,84,148
04/12/2005,GYH,SC,ASO,ES,Federal Contract Tower,0,9,8,6,23,0,2,26,1,29,0,11,34,7,52,20,2,22,74
04/13/2005,GYH,SC,ASO,ES,Federal Contract Tower,0,11,26,8,45,0,2,3,0,5,0,13,29,8,50,6,0,6,56
04/14/2005,GYH,SC,ASO,ES,Federal Contract Tower,0,3,10,3,16,0,9,41,3,53,0,12,51,6,69,102,8,110,179
04/15/2005,GYH,SC,ASO,ES,Federal Contract Tower,0,2,12,5,19,0,12,72,4,88,0,14,84,9,107,44,4,48,155
04/16/2005,GYH,SC,ASO,ES,Federal Contract Tower,0,8,6,3,17,0,3,57,3,63,0,11,63,6,80,76,0,76,156
04/17/2005,GYH,SC,ASO,ES,Federal Contract Tower,0,6,11,6,23,0,6,40,7,53,0,12,51,13,76,46,0,46,122
04/18/2005,GYH,SC,ASO,ES,Federal Contract Tower,0,2,16,7,25,0,16,28,7,51,0,18,44,14,76,26,0,26,102
04/19/2005,GYH,SC,ASO,ES,Federal Contract Tower,0,4,9,6,19,0,4,38,9,51,0,8,47,15,70,76,0,76,146
04/20/2005,GYH,SC,ASO,ES,Federal Contract Tower,0,3,4,5,12,0,1,46,6,53,0,4,50,11,65,44,0,44,109
04/21/2005,GYH,SC,ASO,ES,Federal Contract Tower,0,5,15,14,34,0,6,41,10,57,0,11,56,24,91,46,0,46,137
04/22/2005,GYH,SC,ASO,ES,Federal Contract Tower,0,8,12,5,25,0,3,33,6,42,0,11,45,11,67,80,0,80,147
04/23/2005,GYH,SC,ASO,ES,Federal Contract Tower,0,1,7,1,9,0,8,20,2,30,0,9,27,3,39,20,0,20,59
04/24/2005,GYH,SC,ASO,ES,Federal Contract Tower,0,3,4,0,7,0,15,15,2,32,0,18,19,2,39,2,0,2,41
04/25/2005,GYH,SC,ASO,ES,Federal Contract Tower,0,3,15,1,19,0,2,35,3,40,0,5,50,4,59,104,0,104,163
04/26/2005,GYH,SC,ASO,ES,Federal Contract Tower,0,3,8,15,26,0,2,6,2,10,0,5,14,17,36,12,2,14,50
04/27/2005,GYH,SC,ASO,ES,Federal Contract Tower,0,4,18,12,34,0,21,33,13,67,0,25,51,25,101,76,8,84,185
04/28/2005,GYH,SC,ASO,ES,Federal Contract Tower,0,2,15,6,23,0,11,64,10,85,0,13,79,16,108,74,0,74,182
04/29/2005,GYH,SC,ASO,ES,Federal Contract Tower,0,7,5,11,23,0,31,25,9,65,0,38,30,20,88,42,10,52,140
04/30/2005,GYH,SC,ASO,ES,Federal Contract Tower,0,4,5,1,10,0,9,1,1,11,0,13,6,2,21,0,0,0,21
05/01/2005,GYH,SC,ASO,ES,Federal Contract Tower,0,2,15,17,34,0,11,49,8,68,0,13,64,25,102,98,0,98,200
05/02/2005,GYH,SC,ASO,ES,Federal Contract Tower,0,2,11,6,19,0,16,28,3,47,0,18,39,9,66,94,0,94,160
05/03/2005,GYH,SC,ASO,ES,Federal Contract Tower,0,4,8,6,18,0,27,40,114,181,0,31,48,120,199,92,6,98,297
05/04/2005,GYH,SC,ASO,ES,Federal Contract Tower,0,11,9,5,25,0,12,46,135,193,0,23,55,140,218,88,0,88,306
05/05/2005,GYH,SC,ASO,ES,Federal Contract Tower,0,6,9,26,41,0,3,7,20,30,0,9,16,46,71,6,10,16,87
05/06/2005,GYH,SC,ASO,ES,Federal Contract Tower,0,4,9,12,25,0,10,47,75,132,0,14,56,87,157,62,0,62,219
05/07/2005,GYH,SC,ASO,ES,Federal Contract Tower,0,1,14,11,26,0,12,84,1,97,0,13,98,12,123,108,0,108,231
05/08/2005,GYH,SC,ASO,ES,Federal Contract Tower,0,0,6,2,8,0,26,23,1,50,0,26,29,3,58,6,0,6,64
05/09/2005,GYH,SC,ASO,ES,Federal Contract Tower,0,2,7,9,18,0,20,54,5,79,0,22,61,14,97,100,2,102,199
05/10/2005,GYH,SC,ASO,ES,Federal Contract Tower,0,2,6,3,11,0,11,30,2,43,0,13,36,5,54,80,0,80,134
05/11/2005,GYH,SC,ASO,ES,Federal Contract Tower,0,4,13,4,21,0,17,42,1,60,0,21,55,5,81,66,0,66,147
05/12/2005,GYH,SC,ASO,ES,Federal Contract Tower,0,3,18,5,26,0,10,58,6,74,0,13,76,11,100,122,0,122,222
05/13/2005,GYH,SC,ASO,ES,Federal Contract Tower,0,7,10,7,24,0,6,34,0,40,0,13,44,7,64,74,6,80,144
05/14/2005,GYH,SC,ASO,ES,Federal Contract Tower,0,2,5,1,8,0,8,21,3,32,0,10,26,4,40,114,0,114,154
05/15/2005,GYH,SC,ASO,ES,Federal Contract Tower,0,1,7,2,10,0,6,5,0,11,0,7,12,2,21,10,6,16,37
05/16/2005,GYH,SC,ASO,ES,Federal Contract Tower,0,1,17,1,19,0,25,55,0,80,0,26,72,1,99,106,0,106,205
05/17/2005,GYH,SC,ASO,ES,Federal Contract Tower,0,4,9,12,25,0,12,44,0,56,0,16,53,12,81,58,32,90,171
05/18/2005,GYH,SC,ASO,ES,Federal Contract Tower,0,9,24,0,33,0,6,29,2,37,0,15,53,2,70,90,0,90,160
05/19/2005,GYH,SC,ASO,ES,Federal Contract Tower,0,9,8,0,17,0,9,22,7,38,0,18,30,7,55,54,0,54,109
05/20/2005,GYH,SC,ASO,ES,Federal Contract Tower,0,5,9,2,16,0,11,5,0,16,0,16,14,2,32,18,0,18,50
05/21/2005,GYH,SC,ASO,ES,Federal Contract Tower,0,1,6,3,10,0,4,55,2,61,0,5,61,5,71,62,0,62,133
05/22/2005,GYH,SC,ASO,ES,Federal Contract Tower,0,1,3,0,4,0,12,44,0,56,0,13,47,0,60,84,0,84,144
05/23/2005,GYH,SC,ASO,ES,Federal Contract Tower,0,0,5,4,9,0,13,18,2,33,0,13,23,6,42,56,0,56,98
05/24/2005,GYH,SC,ASO,ES,Federal Contract Tower,0,7,10,5,22,0,10,30,5,45,0,17,40,10,67,46,0,46,113
05/25/2005,GYH,SC,ASO,ES,Federal Contract Tower,0,7,12,20,39,0,12,54,2,68,0,19,66,22,107,84,4,88,195
05/26/2005,GYH,SC,ASO,ES,Federal Contract Tower,0,3,4,2,9,0,12,51,0,63,0,15,55,2,72,66,0,66,138
05/27/2005,GYH,SC,ASO,ES,Federal Contract Tower,0,7,7,2,16,0,34,35,1,70,0,41,42,3,86,50,0,50,136
05/28/2005,GYH,SC,ASO,ES,Federal Contract Tower,0,0,3,0,3,0,10,40,0,50,0,10,43,0,53,90,0,90,143
05/29/2005,GYH,SC,ASO,ES,Federal Contract Tower,0,0,2,0,2,0,22,23,7,52,0,22,25,7,54,28,0,28,82
05/30/2005,GYH,SC,ASO,ES,Federal Contract Tower,0,6,4,0,10,0,11,6,0,17,0,17,10,0,27,0,0,0,27
05/31/2005,GYH,SC,ASO,ES,Federal Contract Tower,0,1,13,6,20,0,8,9,1,18,0,9,22,7,38,8,0,8,46
06/01/2005,GYH,SC,ASO,ES,Federal Contract Tower,0,9,17,4,30,0,0,0,0,0,0,9,17,4,30,0,0,0,30
06/02/2005,GYH,SC,ASO,ES,Federal Contract Tower,0,4,17,7,28,0,6,2,0,8,0,10,19,7,36,0,0,0,36
06/03/2005,GYH,SC,ASO,ES,Federal Contract Tower,0,2,14,2,18,0,0,0,0,0,0,2,14,2,18,0,0,0,18
06/04/2005,GYH,SC,ASO,ES,Federal Contract Tower,0,1,5,1,7,0,8,22,0,30,0,9,27,1,37,46,0,46,83
06/05/2005,GYH,SC,ASO,ES,Federal Contract Tower,0,1,5,1,7,0,8,22,0,30,0,9,27,1,37,46,0,46,83
06/06/2005,GYH,SC,ASO,ES,Federal Contract Tower,0,3,17,5,25,0,9,21,5,35,0,12,38,10,60,58,2,60,120
06/07/2005,GYH,SC,ASO,ES,Federal Contract Tower,0,2,12,6,20,0,9,38,5,52,0,11,50,11,72,84,0,84,156
06/08/2005,GYH,SC,ASO,ES,Federal Contract Tower,0,9,12,3,24,0,20,37,8,65,0,29,49,11,89,64,0,64,153
06/09/2005,GYH,SC,ASO,ES,Federal Contract Tower,0,1,21,5,27,0,19,26,3,48,0,20,47,8,75,28,2,30,105
06/10/2005,GYH,SC,ASO,ES,Federal Contract Tower,0,1,8,1,10,0,2,12,0,14,0,3,20,1,24,26,0,26,50
06/11/2005,GYH,SC,ASO,ES,Federal Contract Tower,0,1,13,0,14,0,2,21,0,23,0,3,34,0,37,68,0,68,105
06/12/2005,GYH,SC,ASO,ES,Federal Contract Tower,0,3,5,0,8,0,1,0,0,1,0,4,5,0,9,0,0,0,9
06/13/2005,GYH,SC,ASO,ES,Federal Contract Tower,0,0,13,8,21,0,7,35,6,48,0,7,48,14,69,84,8,92,161
06/14/2005,GYH,SC,ASO,ES,Federal Contract Tower,0,2,4,8,14,0,4,46,2,52,0,6,50,10,66,46,0,46,112
06/15/2005,GYH,SC,ASO,ES,Federal Contract Tower,0,3,13,3,19,0,18,39,0,57,0,21,52,3,76,66,0,66,142
06/16/2005,GYH,SC,ASO,ES,Federal Contract Tower,0,6,8,3,17,0,11,36,9,56,0,17,44,12,73,38,0,38,111
06/17/2005,GYH,SC,ASO,ES,Federal Contract Tower,0,2,9,2,13,0,16,45,2,63,0,18,54,4,76,28,0,28,104
06/18/2005,GYH,SC,ASO,ES,Federal Contract Tower,0,0,4,1,5,0,1,48,0,49,0,1,52,1,54,82,0,82,136
06/19/2005,GYH,SC,ASO,ES,Federal Contract Tower,0,1,5,2,8,0,2,10,0,12,0,3,15,2,20,16,0,16,36
06/20/2005,GYH,SC,ASO,ES,Federal Contract Tower,0,2,15,7,24,0,8,16,2,26,0,10,31,9,50,50,6,56,106
06/21/2005,GYH,SC,ASO,ES,Federal Contract Tower,0,3,7,22,32,0,11,45,0,56,0,14,52,22,88,58,2,60,148
06/22/2005,GYH,SC,ASO,ES,Federal Contract Tower,0,7,9,8,24,0,15,42,15,72,0,22,51,23,96,104,6,110,206
06/23/2005,GYH,SC,ASO,ES,Federal Contract Tower,0,6,13,4,23,0,8,54,2,64,0,14,67,6,87,88,0,88,175
06/24/2005,GYH,SC,ASO,ES,Federal Contract Tower,0,3,9,0,12,0,11,66,1,78,0,14,75,1,90,68,0,68,158
06/25/2005,GYH,SC,ASO,ES,Federal Contract Tower,0,2,9,0,11,0,4,38,1,43,0,6,47,1,54,54,0,54,108
06/26/2005,GYH,SC,ASO,ES,Federal Contract Tower,0,3,5,1,9,0,9,2,0,11,0,12,7,1,20,6,0,6,26
06/27/2005,GYH,SC,ASO,ES,Federal Contract Tower,0,3,5,2,10,0,1,11,2,14,0,4,16,4,24,32,0,32,56
06/28/2005,GYH,SC,ASO,ES,Federal Contract Tower,0,10,11,7,28,0,7,31,0,38,0,17,42,7,66,30,0,30,96
06/29/2005,GYH,SC,ASO,ES,Federal Contract Tower,0,2,9,10,21,0,11,29,8,48,0,13,38,18,69,16,0,16,85
06/30/2005,GYH,SC,ASO,ES,Federal Contract Tower,0,13,5,5,23,0,13,38,9,60,0,26,43,14,83,76,2,78,161
07/01/2005,GYH,SC,ASO,ES,Federal Contract Tower,0,2,20,0,22,0,9,24,0,33,0,11,44,0,55,10,0,10,65
07/02/2005,GYH,SC,ASO,ES,Federal Contract Tower,0,0,7,0,7,0,0,42,0,42,0,0,49,0,49,68,0,68,117
07/03/2005,GYH,SC,ASO,ES,Federal Contract Tower,0,0,2,0,2,0,0,2,0,2,0,0,4,0,4,30,0,30,34
07/04/2005,GYH,SC,ASO,ES,Federal Contract Tower,0,2,11,0,13,0,2,11,0,13,0,4,22,0,26,38,0,38,64
07/05/2005,GYH,SC,ASO,ES,Federal Contract Tower,0,2,6,9,17,0,8,21,3,32,0,10,27,12,49,28,0,28,77
07/06/2005,GYH,SC,ASO,ES,Federal Contract Tower,0,2,12,15,29,0,10,40,4,54,0,12,52,19,83,76,0,76,159
07/07/2005,GYH,SC,ASO,ES,Federal Contract Tower,0,1,6,4,11,0,5,9,0,14,0,6,15,4,25,2,0,2,27
07/08/2005,GYH,SC,ASO,ES,Federal Contract Tower,0,4,14,3,21,0,11,37,0,48,0,15,51,3,69,36,0,36,105
07/09/2005,GYH,SC,ASO,ES,Federal Contract Tower,0,1,12,0,13,0,4,35,0,39,0,5,47,0,52,62,0,62,114
07/10/2005,GYH,SC,ASO,ES,Federal Contract Tower,0,4,10,3,17,0,7,2,0,9,0,11,12,3,26,80,0,80,106
07/11/2005,GYH,SC,ASO,ES,Federal Contract Tower,0,2,14,3,19,0,10,5,4,19,0,12,19,7,38,4,6,10,48
07/12/2005,GYH,SC,ASO,ES,Federal Contract Tower,0,4,8,2,14,0,9,26,0,35,0,13,34,2,49,46,0,46,95
07/13/2005,GYH,SC,ASO,ES,Federal Contract Tower,0,4,15,6,25,0,2,30,5,37,0,6,45,11,62,30,0,30,92
07/14/2005,GYH,SC,ASO,ES,Federal Contract Tower,0,5,5,0,10,0,14,26,1,41,0,19,31,1,51,78,0,78,129
07/15/2005,GYH,SC,ASO,ES,Federal Contract Tower,0,5,11,4,20,0,6,22,2,30,0,11,33,6,50,70,0,70,120
07/16/2005,GYH,SC,ASO,ES,Federal Contract Tower,0,1,9,0,10,0,3,25,0,28,0,4,34,0,38,30,0,30,68
07/17/2005,GYH,SC,ASO,ES,Federal Contract Tower,0,6,11,0,17,0,5,23,0,28,0,11,34,0,45,44,0,44,89
07/18/2005,GYH,SC,ASO,ES,Federal Contract Tower,0,3,16,6,25,0,11,40,6,57,0,14,56,12,82,96,0,96,178
07/19/2005,GYH,SC,ASO,ES,Federal Contract Tower,0,5,19,4,28,0,25,44,4,73,0,30,63,8,101,42,0,42,143
07/20/2005,GYH,SC,ASO,ES,Federal Contract Tower,0,7,18,6,31,0,8,32,6,46,0,15,50,12,77,66,0,66,143
07/21/2005,GYH,SC,ASO,ES,Federal Contract Tower,0,2,13,8,23,0,10,43,2,55,0,12,56,10,78,84,0,84,162
07/22/2005,GYH,SC,ASO,ES,Federal Contract Tower,0,14,13,6,33,0,10,50,2,62,0,24,63,8,95,66,0,66,161
07/23/2005,GYH,SC,ASO,ES,Federal Contract Tower,0,1,8,1,10,0,14,39,2,55,0,15,47,3,65,54,0,54,119
07/24/2005,GYH,SC,ASO,ES,Federal Contract Tower,0,2,5,0,7,0,6,27,0,33,0,8,32,0,40,38,0,38,78
07/25/2005,GYH,SC,ASO,ES,Federal Contract Tower,0,1,19,1,21,0,8,30,4,42,0,9,49,5,63,60,0,60,123
07/26/2005,GYH,SC,ASO,ES,Federal Contract Tower,0,7,1,13,21,0,8,33,4,45,0,15,34,17,66,92,12,104,170
07/27/2005,GYH,SC,ASO,ES,Federal Contract Tower,0,5,19,9,33,0,13,52,1,66,0,18,71,10,99,88,4,92,191
07/28/2005,GYH,SC,ASO,ES,Federal Contract Tower,0,5,9,3,17,0,6,19,4,29,0,11,28,7,46,38,0,38,84
07/29/2005,GYH,SC,ASO,ES,Federal Contract Tower,0,6,16,3,25,0,0,0,0,0,0,6,16,3,25,0,0,0,25
07/30/2005,GYH,SC,ASO,ES,Federal Contract Tower,0,0,7,0,7,0,5,3,0,8,0,5,10,0,15,10,0,10,25
07/31/2005,GYH,SC,ASO,ES,Federal Contract Tower,0,1,12,0,13,0,12,2,0,14,0,13,14,0,27,14,0,14,41
08/01/2005,GYH,SC,ASO,ES,Federal Contract Tower,0,5,20,3,28,0,6,20,2,28,0,11,40,5,56,132,0,132,188
08/02/2005,GYH,SC,ASO,ES,Federal Contract Tower,0,1,3,1,5,0,14,52,0,66,0,15,55,1,71,88,0,88,159
08/03/2005,GYH,SC,ASO,ES,Federal Contract Tower,0,8,14,6,28,0,9,39,5,53,0,17,53,11,81,66,0,66,147
08/04/2005,GYH,SC,ASO,ES,Federal Contract Tower,0,5,14,8,27,0,9,46,9,64,0,14,60,17,91,82,10,92,183
08/05/2005,GYH,SC,ASO,ES,Federal Contract Tower,0,5,13,6,24,0,11,22,1,34,0,16,35,7,58,14,0,14,72
08/06/2005,GYH,SC,ASO,ES,Federal Contract Tower,0,6,0,0,6,0,0,49,0,49,0,6,49,0,55,86,0,86,141
08/07/2005,GYH,SC,ASO,ES,Federal Contract Tower,0,1,6,0,7,0,3,10,0,13,0,4,16,0,20,4,0,4,24
08/08/2005,GYH,SC,ASO,ES,Federal Contract Tower,0,2,7,3,12,0,0,6,0,6,0,2,13,3,18,0,0,0,18
08/09/2005,GYH,SC,ASO,ES,Federal Contract Tower,0,4,8,1,13,0,4,11,3,18,0,8,19,4,31,66,4,70,101
08/10/2005,GYH,SC,ASO,ES,Federal Contract Tower,0,4,22,1,27,0,10,44,0,54,0,14,66,1,81,104,0,104,185
08/11/2005,GYH,SC,ASO,ES,Federal Contract Tower,0,10,18,4,32,0,8,70,3,81,0,18,88,7,113,116,2,118,231
08/12/2005,GYH,SC,ASO,ES,Federal Contract Tower,0,7,9,0,16,0,14,33,0,47,0,21,42,0,63,140,0,140,203
08/13/2005,GYH,SC,ASO,ES,Federal Contract Tower,0,2,1,0,3,0,0,47,5,52,0,2,48,5,55,156,0,156,211
08/14/2005,GYH,SC,ASO,ES,Federal Contract Tower,0,2,13,0,15,0,2,20,0,22,0,4,33,0,37,48,0,48,85
08/15/2005,GYH,SC,ASO,ES,Federal Contract Tower,0,1,13,5,19,0,6,51,1,58,0,7,64,6,77,162,2,164,241
08/16/2005,GYH,SC,ASO,ES,Federal Contract Tower,0,2,14,1,17,0,12,50,0,62,0,14,64,1,79,72,0,72,151
08/17/2005,GYH,SC,ASO,ES,Federal Contract Tower,0,12,8,5,25,0,36,24,4,64,0,48,32,9,89,36,0,36,125
08/18/2005,GYH,SC,ASO,ES,Federal Contract Tower,0,3,19,6,28,0,10,14,0,24,0,13,33,6,52,48,0,48,100
08/19/2005,GYH,SC,ASO,ES,Federal Contract Tower,0,1,22,3,26,0,1,35,0,36,0,2,57,3,62,88,0,88,150
08/20/2005,GYH,SC,ASO,ES,Federal Contract Tower,0,0,8,0,8,0,14,55,0,69,0,14,63,0,77,64,0,64,141
08/21/2005,GYH,SC,ASO,ES,Federal Contract Tower,0,2,4,0,6,0,6,31,0,37,0,8,35,0,43,24,0,24,67
08/22/2005,GYH,SC,ASO,ES,Federal Contract Tower,0,4,15,2,21,0,5,29,0,34,0,9,44,2,55,92,4,96,151
08/23/2005,GYH,SC,ASO,ES,Federal Contract Tower,0,5,9,4,18,0,7,20,1,28,0,12,29,5,46,22,6,28,74
08/24/2005,GYH,SC,ASO,ES,Federal Contract Tower,0,4,29,4,37,0,2,36,1,39,0,6,65,5,76,50,12,62,138
08/25/2005,GYH,SC,ASO,ES,Federal Contract Tower,0,10,9,2,21,0,13,48,3,64,0,23,57,5,85,60,0,60,145
08/26/2005,GYH,SC,ASO,ES,Federal Contract Tower,0,4,9,7,20,0,21,55,5,81,0,25,64,12,101,102,6,108,209
08/27/2005,GYH,SC,ASO,ES,Federal Contract Tower,0,2,16,0,18,0,7,59,0,66,0,9,75,0,84,94,0,94,178
08/28/2005,GYH,SC,ASO,ES,Federal Contract Tower,0,3,14,0,17,0,9,39,0,48,0,12,53,0,65,38,0,38,103
08/29/2005,GYH,SC,ASO,ES,Federal Contract Tower,0,0,14,5,19,0,1,20,4,25,0,1,34,9,44,46,0,46,90
08/30/2005,GYH,SC,ASO,ES,Federal Contract Tower,0,2,3,4,9,0,5,4,0,9,0,7,7,4,18,0,0,0,18
08/31/2005,GYH,SC,ASO,ES,Federal Contract Tower,0,7,12,8,27,0,11,57,4,72,0,18,69,12,99,112,0,112,211
09/01/2005,GYH,SC,ASO,ES,Federal Contract Tower,0,3,24,2,29,0,5,67,4,76,0,8,91,6,105,52,0,52,157
09/02/2005,GYH,SC,ASO,ES,Federal Contract Tower,0,0,27,4,31,0,13,53,5,71,0,13,80,9,102,90,0,90,192
09/03/2005,GYH,SC,ASO,ES,Federal Contract Tower,0,0,6,1,7,0,13,40,2,55,0,13,46,3,62,102,0,102,164
09/04/2005,GYH,SC,ASO,ES,Federal Contract Tower,0,1,7,0,8,0,17,30,0,47,0,18,37,0,55,0,0,0,55
09/05/2005,GYH,SC,ASO,ES,Federal Contract Tower,0,3,6,0,9,0,4,27,0,31,0,7,33,0,40,24,0,24,64
09/06/2005,GYH,SC,ASO,ES,Federal Contract Tower,0,5,26,1,32,0,13,27,0,40,0,18,53,1,72,60,0,60,132
09/07/2005,GYH,SC,ASO,ES,Federal Contract Tower,0,4,9,1,14,0,6,44,4,54,0,10,53,5,68,76,0,76,144
09/08/2005,GYH,SC,ASO,ES,Federal Contract Tower,0,2,14,2,18,0,15,59,1,75,0,17,73,3,93,92,0,92,185
09/09/2005,GYH,SC,ASO,ES,Federal Contract Tower,0,4,8,2,14,0,10,53,3,66,0,14,61,5,80,114,0,114,194
09/10/2005,GYH,SC,ASO,ES,Federal Contract Tower,0,6,8,1,15,0,3,34,0,37,0,9,42,1,52,94,0,94,146
09/11/2005,GYH,SC,ASO,ES,Federal Contract Tower,0,1,3,0,4,0,16,29,0,45,0,17,32,0,49,18,0,18,67
09/12/2005,GYH,SC,ASO,ES,Federal Contract Tower,0,0,8,6,14,0,10,47,4,61,0,10,55,10,75,84,0,84,159
09/13/2005,GYH,SC,ASO,ES,Federal Contract Tower,0,14,26,0,40,0,0,37,20,57,0,14,63,20,97,104,26,130,227
09/14/2005,GYH,SC,ASO,ES,Federal Contract Tower,0,7,17,8,32,0,10,32,9,51,0,17,49,17,83,38,0,38,121
09/15/2005,GYH,SC,ASO,ES,Federal Contract Tower,0,3,15,2,20,0,7,54,3,64,0,10,69,5,84,58,0,58,142
09/16/2005,GYH,SC,ASO,ES,Federal Contract Tower,0,1,10,7,18,0,4,54,6,64,0,5,64,13,82,40,4,44,126
09/17/2005,GYH,SC,ASO,ES,Federal Contract Tower,0,4,7,4,15,0,4,56,0,60,0,8,63,4,75,78,0,78,153
09/18/2005,GYH,SC,ASO,ES,Federal Contract Tower,0,1,11,2,14,0,5,50,0,55,0,6,61,2,69,52,0,52,121
09/19/2005,GYH,SC,ASO,ES,Federal Contract Tower,0,0,10,9,19,0,3,47,0,50,0,3,57,9,69,130,2,132,201
09/20/2005,GYH,SC,ASO,ES,Federal Contract Tower,0,8,10,3,21,0,13,51,2,66,0,21,61,5,87,64,0,64,151
09/21/2005,GYH,SC,ASO,ES,Federal Contract Tower,0,7,6,2,15,0,13,44,5,62,0,20,50,7,77,68,0,68,145
09/22/2005,GYH,SC,ASO,ES,Federal Contract Tower,0,14,11,16,41,0,14,57,2,73,0,28,68,18,114,80,22,102,216
09/23/2005,GYH,SC,ASO,ES,Federal Contract Tower,0,11,16,1,28,0,46,46,0,92,0,57,62,1,120,76,0,76,196
09/24/2005,GYH,SC,ASO,ES,Federal Contract Tower,0,0,14,0,14,0,9,47,0,56,0,9,61,0,70,96,0,96,166
09/25/2005,GYH,SC,ASO,ES,Federal Contract Tower,0,1,6,4,11,0,3,32,0,35,0,4,38,4,46,53,0,53,99
09/26/2005,GYH,SC,ASO,ES,Federal Contract Tower,0,7,2,1,10,0,3,6,2,11,0,10,8,3,21,16,0,16,37
09/27/2005,GYH,SC,ASO,ES,Federal Contract Tower,0,4,12,6,22,0,8,44,1,53,0,12,56,7,75,94,0,94,169
09/28/2005,GYH,SC,ASO,ES,Federal Contract Tower,0,4,14,14,32,0,26,32,28,86,0,30,46,42,118,70,0,70,188
09/29/2005,GYH,SC,ASO,ES,Federal Contract Tower,0,11,8,4,23,0,8,16,4,28,0,19,24,8,51,46,40,86,137
09/30/2005,GYH,SC,ASO,ES,Federal Contract Tower,0,7,20,3,30,0,9,68,5,82,0,16,88,8,112,132,0,132,244
10/01/2005,GYH,SC,ASO,ES,Federal Contract Tower,0,1,5,0,6,0,7,45,1,53,0,8,50,1,59,56,0,56,115
10/02/2005,GYH,SC,ASO,ES,Federal Contract Tower,0,4,14,0,18,0,2,35,0,37,0,6,49,0,55,34,0,34,89
10/03/2005,GYH,SC,ASO,ES,Federal Contract Tower,0,0,10,7,17,0,11,34,9,54,0,11,44,16,71,56,6,62,133
10/04/2005,GYH,SC,ASO,ES,Federal Contract Tower,0,6,9,9,24,0,11,53,8,72,0,17,62,17,96,164,10,174,270
10/05/2005,GYH,SC,ASO,ES,Federal Contract Tower,0,11,13,2,26,0,13,11,5,29,0,24,24,7,55,62,0,62,117
10/06/2005,GYH,SC,ASO,ES,Federal Contract Tower,0,9,6,5,20,0,0,0,0,0,0,9,6,5,20,0,0,0,20
10/07/2005,GYH,SC,ASO,ES,Federal Contract Tower,0,7,4,0,11,0,0,6,4,10,0,7,10,4,21,0,0,0,21
10/08/2005,GYH,SC,ASO,ES,Federal Contract Tower,0,1,9,0,10,0,9,60,2,71,0,10,69,2,81,84,0,84,165
10/09/2005,GYH,SC,ASO,ES,Federal Contract Tower,0,0,14,0,14,0,7,22,0,29,0,7,36,0,43,44,0,44,87
10/10/2005,GYH,SC,ASO,ES,Federal Contract Tower,0,1,23,0,24,0,2,8,0,10,0,3,31,0,34,22,0,22,56
10/11/2005,GYH,SC,ASO,ES,Federal Contract Tower,0,6,17,6,29,0,14,50,0,64,0,20,67,6,93,122,0,122,215
10/12/2005,GYH,SC,ASO,ES,Federal Contract Tower,0,6,7,5,18,0,15,48,0,63,0,21,55,5,81,148,0,148,229
10/13/2005,GYH,SC,ASO,ES,Federal Contract Tower,0,4,22,1,27,0,9,51,0,60,0,13,73,1,87,62,6,68,155
10/14/2005,GYH,SC,ASO,ES,Federal Contract Tower,0,3,14,9,26,0,8,38,3,49,0,11,52,12,75,92,0,92,167
10/15/2005,GYH,SC,ASO,ES,Federal Contract Tower,0,1,7,4,12,0,17,57,6,80,0,18,64,10,92,66,0,66,158
10/16/2005,GYH,SC,ASO,ES,Federal Contract Tower,0,0,15,2,17,0,4,56,0,60,0,4,71,2,77,36,0,36,113
10/17/2005,GYH,SC,ASO,ES,Federal Contract Tower,0,0,31,3,34,0,13,48,2,63,0,13,79,5,97,48,0,48,145
10/18/2005,GYH,SC,ASO,ES,Federal Contract Tower,0,1,10,8,19,0,2,50,6,58,0,3,60,14,77,94,0,94,171
10/19/2005,GYH,SC,ASO,ES,Federal Contract Tower,0,0,15,2,17,0,19,61,8,88,0,19,76,10,105,48,4,52,157
10/20/2005,GYH,SC,ASO,ES,Federal Contract Tower,0,14,12,1,27,0,11,61,7,79,0,25,73,8,106,96,0,96,202
10/21/2005,GYH,SC,ASO,ES,Federal Contract Tower,0,1,7,4,12,0,5,56,6,67,0,6,63,10,79,110,0,110,189
10/22/2005,GYH,SC,ASO,ES,Federal Contract Tower,0,3,6,4,13,0,5,70,5,80,0,8,76,9,93,102,0,102,195
10/23/2005,GYH,SC,ASO,ES,Federal Contract Tower,0,0,6,3,9,0,6,40,1,47,0,6,46,4,56,14,0,14,70
10/24/2005,GYH,SC,ASO,ES,Federal Contract Tower,0,3,10,14,27,0,2,34,11,47,0,5,44,25,74,24,20,44,118
10/25/2005,GYH,SC,ASO,ES,Federal Contract Tower,0,7,23,5,35,0,5,34,12,51,0,12,57,17,86,52,4,56,142
10/26/2005,GYH,SC,ASO,ES,Federal Contract Tower,0,3,9,5,17,0,8,43,5,56,0,11,52,10,73,48,0,48,121
10/27/2005,GYH,SC,ASO,ES,Federal Contract Tower,0,4,16,4,24,0,8,51,18,77,0,12,67,22,101,100,12,112,213
10/28/2005,GYH,SC,ASO,ES,Federal Contract Tower,0,7,15,18,40,0,6,60,7,73,0,13,75,25,113,112,8,120,233
10/29/2005,GYH,SC,ASO,ES,Federal Contract Tower,0,2,11,4,17,0,7,74,2,83,0,9,85,6,100,92,12,104,204
10/30/2005,GYH,SC,ASO,ES,Federal Contract Tower,0,0,20,0,20,0,9,45,0,54,0,9,65,0,74,48,0,48,122
10/31/2005,GYH,SC,ASO,ES,Federal Contract Tower,0,1,9,4,14,0,2,41,0,43,0,3,50,4,57,70,0,70,127
11/01/2005,GYH,SC,ASO,ES,Federal Contract Tower,0,5,8,6,19,0,21,37,11,69,0,26,45,17,88,88,2,90,178
11/02/2005,GYH,SC,ASO,ES,Federal Contract Tower,0,2,6,5,13,0,13,34,0,47,0,15,40,5,60,22,0,22,82
11/03/2005,GYH,SC,ASO,ES,Federal Contract Tower,0,6,11,3,20,0,5,61,8,74,0,11,72,11,94,106,0,106,200
11/04/2005,GYH,SC,ASO,ES,Federal Contract Tower,0,5,10,13,28,0,5,64,1,70,0,10,74,14,98,92,6,98,196
11/05/2005,GYH,SC,ASO,ES,Federal Contract Tower,0,3,2,1,6,0,10,54,0,64,0,13,56,1,70,96,0,96,166
11/06/2005,GYH,SC,ASO,ES,Federal Contract Tower,0,0,12,0,12,0,1,21,3,25,0,1,33,3,37,54,12,66,103
11/07/2005,GYH,SC,ASO,ES,Federal Contract Tower,0,5,11,33,49,0,2,35,0,37,0,7,46,33,86,40,64,104,190
11/08/2005,GYH,SC,ASO,ES,Federal Contract Tower,0,8,10,16,34,0,3,34,3,40,0,11,44,19,74,64,2,66,140
11/09/2005,GYH,SC,ASO,ES,Federal Contract Tower,0,4,7,3,14,0,2,37,5,44,0,6,44,8,58,82,0,82,140
11/10/2005,GYH,SC,ASO,ES,Federal Contract Tower,0,9,13,3,25,0,2,50,2,54,0,11,63,5,79,62,0,62,141
11/11/2005,GYH,SC,ASO,ES,Federal Contract Tower,0,6,24,6,36,0,7,44,7,58,0,13,68,13,94,24,24,48,142
11/12/2005,GYH,SC,ASO,ES,Federal Contract Tower,0,4,6,1,11,0,15,59,0,74,0,19,65,1,85,80,0,80,165
11/13/2005,GYH,SC,ASO,ES,Federal Contract Tower,0,0,7,1,8,0,2,44,2,48,0,2,51,3,56,0,0,0,56
11/14/2005,GYH,SC,ASO,ES,Federal Contract Tower,0,4,13,2,19,0,7,26,0,33,0,11,39,2,52,66,0,66,118
11/15/2005,GYH,SC,ASO,ES,Federal Contract Tower,0,13,12,3,28,0,1,11,2,14,0,14,23,5,42,14,0,14,56
11/16/2005,GYH,SC,ASO,ES,Federal Contract Tower,0,6,15,1,22,0,5,8,1,14,0,11,23,2,36,28,0,28,64
11/17/2005,GYH,SC,ASO,ES,Federal Contract Tower,0,3,7,7,17,0,6,39,0,45,0,9,46,7,62,38,0,38,100
11/18/2005,GYH,SC,ASO,ES,Federal Contract Tower,0,4,7,7,18,0,9,58,5,72,0,13,65,12,90,90,0,90,180
11/19/2005,GYH,SC,ASO,ES,Federal Contract Tower,0,1,11,0,12,0,4,58,0,62,0,5,69,0,74,76,0,76,150
11/20/2005,GYH,SC,ASO,ES,Federal Contract Tower,0,0,7,3,10,0,2,11,0,13,0,2,18,3,23,8,0,8,31
11/21/2005,GYH,SC,ASO,ES,Federal Contract Tower,0,1,14,6,21,0,0,0,0,0,0,1,14,6,21,0,0,0,21
11/22/2005,GYH,SC,ASO,ES,Federal Contract Tower,0,3,10,7,20,0,7,16,9,32,0,10,26,16,52,18,6,24,76
11/23/2005,GYH,SC,ASO,ES,Federal Contract Tower,0,8,10,1,19,0,11,43,2,56,0,19,53,3,75,64,0,64,139
11/24/2005,GYH,SC,ASO,ES,Federal Contract Tower,0,0,5,0,5,0,4,7,0,11,0,4,12,0,16,6,0,6,22
11/25/2005,GYH,SC,ASO,ES,Federal Contract Tower,0,3,4,0,7,0,0,53,0,53,0,3,57,0,60,60,0,60,120
11/26/2005,GYH,SC,ASO,ES,Federal Contract Tower,0,0,5,0,5,0,3,53,2,58,0,3,58,2,63,86,0,86,149
11/27/2005,GYH,SC,ASO,ES,Federal Contract Tower,0,4,4,0,8,0,0,3,0,3,0,4,7,0,11,0,0,0,11
11/28/2005,GYH,SC,ASO,ES,Federal Contract Tower,0,1,3,1,5,0,0,0,0,0,0,1,3,1,5,0,0,0,5
11/29/2005,GYH,SC,ASO,ES,Federal Contract Tower,0,2,12,5,19,0,7,14,4,25,0,9,26,9,44,12,22,34,78
11/30/2005,GYH,SC,ASO,ES,Federal Contract Tower,0,5,6,12,23,0,18,40,7,65,0,23,46,19,88,68,18,86,174
12/01/2005,GYH,SC,ASO,ES,Federal Contract Tower,0,8,5,7,20,0,11,55,2,68,0,19,60,9,88,108,0,108,196
12/02/2005,GYH,SC,ASO,ES,Federal Contract Tower,0,4,12,14,30,0,6,51,12,69,0,10,63,26,99,116,26,142,241
12/03/2005,GYH,SC,ASO,ES,Federal Contract Tower,0,1,5,1,7,0,5,37,8,50,0,6,42,9,57,76,0,76,133
12/04/2005,GYH,SC,ASO,ES,Federal Contract Tower,0,0,2,2,4,0,8,6,0,14,0,8,8,2,18,16,0,16,34
12/05/2005,GYH,SC,ASO,ES,Federal Contract Tower,0,2,10,9,21,0,0,0,0,0,0,2,10,9,21,0,0,0,21
12/06/2005,GYH,SC,ASO,ES,Federal Contract Tower,0,11,17,4,32,0,8,47,3,58,0,19,64,7,90,94,0,94,184
12/07/2005,GYH,SC,ASO,ES,Federal Contract Tower,0,6,11,6,23,0,12,40,1,53,0,18,51,7,76,28,0,28,104
12/08/2005,GYH,SC,ASO,ES,Federal Contract Tower,0,3,4,2,9,0,0,13,3,16,0,3,17,5,25,22,2,24,49
12/09/2005,GYH,SC,ASO,ES,Federal Contract Tower,0,4,4,9,17,0,0,29,4,33,0,4,33,13,50,8,0,8,58
12/10/2005,GYH,SC,ASO,ES,Federal Contract Tower,0,0,9,0,9,0,10,60,0,70,0,10,69,0,79,74,0,74,153
12/11/2005,GYH,SC,ASO,ES,Federal Contract Tower,0,0,11,1,12,0,0,33,0,33,0,0,44,1,45,20,0,20,65
12/12/2005,GYH,SC,ASO,ES,Federal Contract Tower,0,6,9,1,16,0,15,17,2,34,0,21,26,3,50,12,0,12,62
12/13/2005,GYH,SC,ASO,ES,Federal Contract Tower,0,6,14,4,24,0,8,56,4,68,0,14,70,8,92,74,2,76,168
12/14/2005,GYH,SC,ASO,ES,Federal Contract Tower,0,9,9,5,23,0,5,23,5,33,0,14,32,10,56,50,0,50,106
12/15/2005,GYH,SC,ASO,ES,Federal Contract Tower,0,2,1,0,3,0,0,0,0,0,0,2,1,0,3,0,0,0,3
12/16/2005,GYH,SC,ASO,ES,Federal Contract Tower,0,9,10,0,19,0,18,23,4,45,0,27,33,4,64,50,0,50,114
12/17/2005,GYH,SC,ASO,ES,Federal Contract Tower,0,3,0,2,5,0,2,22,0,24,0,5,22,2,29,46,0,46,75
12/18/2005,GYH,SC,ASO,ES,Federal Contract Tower,0,2,6,0,8,0,4,17,0,21,0,6,23,0,29,10,0,10,39
12/19/2005,GYH,SC,ASO,ES,Federal Contract Tower,0,3,9,7,19,0,8,29,8,45,0,11,38,15,64,52,4,56,120
12/20/2005,GYH,SC,ASO,ES,Federal Contract Tower,0,6,13,16,35,0,13,44,5,62,0,19,57,21,97,74,18,92,189
12/21/2005,GYH,SC,ASO,ES,Federal Contract Tower,0,7,18,3,28,0,8,70,12,90,0,15,88,15,118,42,2,44,162
12/22/2005,GYH,SC,ASO,ES,Federal Contract Tower,0,9,19,5,33,0,13,75,5,93,0,22,94,10,126,54,0,54,180
12/23/2005,GYH,SC,ASO,ES,Federal Contract Tower,0,4,10,2,16,0,0,38,0,38,0,4,48,2,54,70,0,70,124
12/24/2005,GYH,SC,ASO,ES,Federal Contract Tower,0,2,4,1,7,0,15,21,1,37,0,17,25,2,44,12,0,12,56
12/25/2005,GYH,SC,ASO,ES,Federal Contract Tower,0,0,1,0,1,0,2,0,0,2,0,2,1,0,3,0,0,0,3
12/26/2005,GYH,SC,ASO,ES,Federal Contract Tower,0,0,5,0,5,0,6,33,0,39,0,6,38,0,44,82,0,82,126
12/27/2005,GYH,SC,ASO,ES,Federal Contract Tower,0,2,19,0,21,0,5,47,0,52,0,7,66,0,73,54,0,54,127
12/28/2005,GYH,SC,ASO,ES,Federal Contract Tower,0,6,11,2,19,0,0,2,0,2,0,6,13,2,21,16,0,16,37
12/29/2005,GYH,SC,ASO,ES,Federal Contract Tower,0,4,7,6,17,0,8,28,6,42,0,12,35,12,59,64,0,64,123
12/30/2005,GYH,SC,ASO,ES,Federal Contract Tower,0,7,16,0,23,0,4,61,2,67,0,11,77,2,90,94,0,94,184
12/31/2005,GYH,SC,ASO,ES,Federal Contract Tower,0,3,2,0,5,0,2,18,0,20,0,5,20,0,25,30,0,30,55
01/01/2006,GYH,SC,ASO,ES,Federal Contract Tower,0,0,3,0,3,0,4,25,0,29,0,4,28,0,32,10,0,10,42
01/02/2006,GYH,SC,ASO,ES,Federal Contract Tower,0,3,8,0,11,0,0,0,0,0,0,3,8,0,11,0,0,0,11
01/03/2006,GYH,SC,ASO,ES,Federal Contract Tower,0,5,7,5,17,0,23,22,4,49,0,28,29,9,66,98,10,108,174
01/04/2006,GYH,SC,ASO,ES,Federal Contract Tower,0,4,11,2,17,0,1,43,3,47,0,5,54,5,64,60,0,60,124
01/05/2006,GYH,SC,ASO,ES,Federal Contract Tower,0,6,15,5,26,0,9,57,16,82,0,15,72,21,108,14,0,14,122
01/06/2006,GYH,SC,ASO,ES,Federal Contract Tower,0,5,24,11,40,0,4,27,3,34,0,9,51,14,74,22,2,24,98
01/07/2006,GYH,SC,ASO,ES,Federal Contract Tower,0,1,12,2,15,0,4,44,0,48,0,5,56,2,63,96,0,96,159
01/08/2006,GYH,SC,ASO,ES,Federal Contract Tower,0,2,7,0,9,0,2,28,2,32,0,4,35,2,41,48,0,48,89
01/09/2006,GYH,SC,ASO,ES,Federal Contract Tower,0,3,16,8,27,0,6,23,2,31,0,9,39,10,58,66,0,66,124
01/10/2006,GYH,SC,ASO,ES,Federal Contract Tower,0,4,11,2,17,0,8,26,0,34,0,12,37,2,51,40,0,40,91
01/11/2006,GYH,SC,ASO,ES,Federal Contract Tower,0,9,13,1,23,0,0,19,0,19,0,9,32,1,42,16,2,18,60
01/12/2006,GYH,SC,ASO,ES,Federal Contract Tower,0,2,7,17,26,0,13,23,6,42,0,15,30,23,68,34,30,64,132
01/13/2006,GYH,SC,ASO,ES,Federal Contract Tower,0,4,8,2,14,0,0,1,0,1,0,4,9,2,15,0,0,0,15
01/14/2006,GYH,SC,ASO,ES,Federal Contract Tower,0,2,1,2,5,0,0,7,0,7,0,2,8,2,12,0,0,0,12
01/15/2006,GYH,SC,ASO,ES,Federal Contract Tower,0,4,10,0,14,0,6,34,0,40,0,10,44,0,54,118,0,118,172
01/16/2006,GYH,SC,ASO,ES,Federal Contract Tower,0,2,17,1,20,0,38,48,0,86,0,40,65,1,106,72,0,72,178
01/17/2006,GYH,SC,ASO,ES,Federal Contract Tower,0,4,8,3,15,0,1,14,0,15,0,5,22,3,30,54,0,54,84
01/18/2006,GYH,SC,ASO,ES,Federal Contract Tower,0,2,18,3,23,0,1,27,5,33,0,3,45,8,56,22,6,28,84
01/19/2006,GYH,SC,ASO,ES,Federal Contract Tower,0,1,23,2,26,0,6,47,0,53,0,7,70,2,79,128,0,128,207
01/20/2006,GYH,SC,ASO,ES,Federal Contract Tower,0,2,12,0,14,0,9,64,8,81,0,11,76,8,95,128,0,128,223
01/21/2006,GYH,SC,ASO,ES,Federal Contract Tower,0,1,6,0,7,0,0,0,0,0,0,1,6,0,7,0,0,0,7
01/22/2006,GYH,SC,ASO,ES,Federal Contract Tower,0,0,11,0,11,0,2,2,0,4,0,2,13,0,15,0,0,0,15
01/23/2006,GYH,SC,ASO,ES,Federal Contract Tower,0,2,13,3,18,0,0,0,0,0,0,2,13,3,18,0,0,0,18
01/24/2006,GYH,SC,ASO,ES,Federal Contract Tower,0,5,4,7,16,0,5,46,2,53,0,10,50,9,69,90,0,90,159
01/25/2006,GYH,SC,ASO,ES,Federal Contract Tower,0,3,18,6,27,0,13,39,1,53,0,16,57,7,80,98,0,98,178
01/26/2006,GYH,SC,ASO,ES,Federal Contract Tower,0,4,8,6,18,0,12,43,1,56,0,16,51,7,74,116,0,116,190
01/27/2006,GYH,SC,ASO,ES,Federal Contract Tower,0,3,13,11,27,0,1,67,5,73,0,4,80,16,100,108,0,108,208
01/28/2006,GYH,SC,ASO,ES,Federal Contract Tower,0,0,11,0,11,0,3,72,0,75,0,3,83,0,86,128,0,128,214
01/29/2006,GYH,SC,ASO,ES,Federal Contract Tower,0,0,4,0,4,0,0,5,4,9,0,0,9,4,13,28,0,28,41
01/30/2006,GYH,SC,ASO,ES,Federal Contract Tower,0,8,28,3,39,0,2,8,0,10,0,10,36,3,49,42,0,42,91
01/31/2006,GYH,SC,ASO,ES,Federal Contract Tower,0,5,9,4,18,0,9,45,1,55,0,14,54,5,73,114,0,114,187
02/01/2006,GYH,SC,ASO,ES,Federal Contract Tower,0,2,23,6,31,0,7,49,13,69,0,9,72,19,100,108,0,108,208
02/02/2006,GYH,SC,ASO,ES,Federal Contract Tower,0,0,24,5,29,0,11,21,0,32,0,11,45,5,61,46,0,46,107
02/03/2006,GYH,SC,ASO,ES,Federal Contract Tower,0,2,22,3,27,0,13,42,0,55,0,15,64,3,82,78,0,78,160
02/04/2006,GYH,SC,ASO,ES,Federal Contract Tower,0,2,4,0,6,0,0,0,0,0,0,2,4,0,6,0,0,0,6
02/05/2006,GYH,SC,ASO,ES,Federal Contract Tower,0,3,1,0,4,0,4,32,2,38,0,7,33,2,42,12,0,12,54
02/06/2006,GYH,SC,ASO,ES,Federal Contract Tower,0,6,13,0,19,0,4,10,0,14,0,10,23,0,33,0,0,0,33
02/07/2006,GYH,SC,ASO,ES,Federal Contract Tower,0,9,6,3,18,0,5,52,3,60,0,14,58,6,78,116,16,132,210
02/08/2006,GYH,SC,ASO,ES,Federal Contract Tower,0,2,13,3,18,0,14,58,3,75,0,16,71,6,93,74,0,74,167
02/09/2006,GYH,SC,ASO,ES,Federal Contract Tower,0,0,24,13,37,0,10,50,0,60,0,10,74,13,97,66,8,74,171
02/10/2006,GYH,SC,ASO,ES,Federal Contract Tower,0,5,24,1,30,0,20,64,4,88,0,25,88,5,118,68,0,68,186
02/11/2006,GYH,SC,ASO,ES,Federal Contract Tower,0,0,1,1,2,0,0,0,0,0,0,0,1,1,2,0,0,0,2
02/12/2006,GYH,SC,ASO,ES,Federal Contract Tower,0,0,0,0,0,0,0,1,1,2,0,0,1,1,2,0,0,0,2
02/13/2006,GYH,SC,ASO,ES,Federal Contract Tower,0,5,16,8,29,0,9,63,1,73,0,14,79,9,102,142,14,156,258
02/14/2006,GYH,SC,ASO,ES,Federal Contract Tower,0,9,12,8,29,0,12,55,9,76,0,21,67,17,105,96,0,96,201
02/15/2006,GYH,SC,ASO,ES,Federal Contract Tower,0,7,16,8,31,0,13,41,7,61,0,20,57,15,92,96,0,96,188
02/16/2006,GYH,SC,ASO,ES,Federal Contract Tower,0,4,18,5,27,0,5,65,3,73,0,9,83,8,100,184,0,184,284
02/17/2006,GYH,SC,ASO,ES,Federal Contract Tower,0,8,21,7,36,0,3,73,7,83,0,11,94,14,119,148,6,154,273
02/18/2006,GYH,SC,ASO,ES,Federal Contract Tower,0,4,0,1,5,0,3,12,1,16,0,7,12,2,21,20,14,34,55
02/19/2006,GYH,SC,ASO,ES,Federal Contract Tower,0,0,10,0,10,0,6,27,0,33,0,6,37,0,43,52,0,52,95
02/20/2006,GYH,SC,ASO,ES,Federal Contract Tower,0,0,11,1,12,0,7,11,0,18,0,7,22,1,30,10,0,10,40
02/21/2006,GYH,SC,ASO,ES,Federal Contract Tower,0,8,16,4,28,0,17,53,9,79,0,25,69,13,107,124,6,130,237
02/22/2006,GYH,SC,ASO,ES,Federal Contract Tower,0,1,11,0,12,0,0,5,12,17,0,1,16,12,29,0,0,0,29
02/23/2006,GYH,SC,ASO,ES,Federal Contract Tower,0,3,14,5,22,0,10,23,0,33,0,13,37,5,55,74,0,74,129
02/24/2006,GYH,SC,ASO,ES,Federal Contract Tower,0,1,19,5,25,0,16,50,2,68,0,17,69,7,93,88,0,88,181
02/25/2006,GYH,SC,ASO,ES,Federal Contract Tower,0,5,1,0,6,0,1,30,7,38,0,6,31,7,44,108,0,108,152
02/26/2006,GYH,SC,ASO,ES,Federal Contract Tower,0,0,8,1,9,0,5,31,0,36,0,5,39,1,45,20,0,20,65
02/27/2006,GYH,SC,ASO,ES,Federal Contract Tower,0,1,29,0,30,0,7,43,2,52,0,8,72,2,82,90,0,90,172
02/28/2006,GYH,SC,ASO,ES,Federal Contract Tower,0,5,11,8,24,0,12,35,1,48,0,17,46,9,72,18,0,18,90
03/01/2006,GYH,SC,ASO,ES,Federal Contract Tower,0,2,17,2,21,0,23,46,0,69,0,25,63,2,90,60,0,60,150
03/02/2006,GYH,SC,ASO,ES,Federal Contract Tower,0,6,11,8,25,0,11,33,5,49,0,17,44,13,74,50,0,50,124
03/03/2006,GYH,SC,ASO,ES,Federal Contract Tower,0,3,24,4,31,0,14,62,2,78,0,17,86,6,109,70,0,70,179
03/04/2006,GYH,SC,ASO,ES,Federal Contract Tower,0,1,9,0,10,0,11,87,0,98,0,12,96,0,108,80,0,80,188
03/05/2006,GYH,SC,ASO,ES,Federal Contract Tower,0,0,12,0,12,0,2,45,0,47,0,2,57,0,59,24,0,24,83
03/06/2006,GYH,SC,ASO,ES,Federal Contract Tower,0,4,12,5,21,0,13,27,5,45,0,17,39,10,66,78,36,114,180
03/07/2006,GYH,SC,ASO,ES,Federal Contract Tower,0,5,8,3,16,0,1,53,1,55,0,6,61,4,71,68,0,68,139
03/08/2006,GYH,SC,ASO,ES,Federal Contract Tower,0,3,20,5,28,0,12,51,1,64,0,15,71,6,92,88,0,88,180
03/09/2006,GYH,SC,ASO,ES,Federal Contract Tower,0,3,10,2,15,0,14,35,2,51,0,17,45,4,66,88,6,94,160
03/10/2006,GYH,SC,ASO,ES,Federal Contract Tower,0,7,9,2,18,0,11,41,0,52,0,18,50,2,70,86,8,94,164
03/11/2006,GYH,SC,ASO,ES,Federal Contract Tower,0,2,9,0,11,0,8,9,5,22,0,10,18,5,33,34,0,34,67
03/12/2006,GYH,SC,ASO,ES,Federal Contract Tower,0,0,10,3,13,0,6,39,0,45,0,6,49,3,58,36,0,36,94
03/13/2006,GYH,SC,ASO,ES,Federal Contract Tower,0,4,17,2,23,0,5,20,0,25,0,9,37,2,48,84,10,94,142
03/14/2006,GYH,SC,ASO,ES,Federal Contract Tower,0,6,7,4,17,0,8,36,2,46,0,14,43,6,63,90,10,100,163
03/15/2006,GYH,SC,ASO,ES,Federal Contract Tower,0,4,8,4,16,0,16,56,0,72,0,20,64,4,88,162,0,162,250
03/16/2006,GYH,SC,ASO,ES,Federal Contract Tower,0,7,5,5,17,0,9,50,9,68,0,16,55,14,85,128,0,128,213
03/17/2006,GYH,SC,ASO,ES,Federal Contract Tower,0,5,10,4,19,0,9,51,11,71,0,14,61,15,90,66,12,78,168
03/18/2006,GYH,SC,ASO,ES,Federal Contract Tower,0,4,12,2,18,0,9,59,8,76,0,13,71,10,94,96,0,96,190
03/19/2006,GYH,SC,ASO,ES,Federal Contract Tower,0,2,5,2,9,0,38,32,0,70,0,40,37,2,79,36,0,36,115
03/20/2006,GYH,SC,ASO,ES,Federal Contract Tower,0,2,11,7,20,0,13,29,0,42,0,15,40,7,62,98,0,98,160
03/21/2006,GYH,SC,ASO,ES,Federal Contract Tower,0,6,13,8,27,0,0,7,0,7,0,6,20,8,34,12,0,12,46
03/22/2006,GYH,SC,ASO,ES,Federal Contract Tower,0,6,13,5,24,0,17,64,5,86,0,23,77,10,110,116,0,116,226
03/23/2006,GYH,SC,ASO,ES,Federal Contract Tower,0,3,8,7,18,0,17,52,1,70,0,20,60,8,88,98,0,98,186
03/24/2006,GYH,SC,ASO,ES,Federal Contract Tower,0,8,14,7,29,0,3,22,0,25,0,11,36,7,54,42,0,42,96
03/25/2006,GYH,SC,ASO,ES,Federal Contract Tower,0,2,13,2,17,0,8,80,2,90,0,10,93,4,107,108,0,108,215
03/26/2006,GYH,SC,ASO,ES,Federal Contract Tower,0,1,7,0,8,0,0,40,0,40,0,1,47,0,48,18,0,18,66
03/27/2006,GYH,SC,ASO,ES,Federal Contract Tower,0,2,12,5,19,0,7,53,5,65,0,9,65,10,84,114,30,144,228
03/28/2006,GYH,SC,ASO,ES,Federal Contract Tower,0,11,4,5,20,0,1,16,7,24,0,12,20,12,44,74,2,76,120
03/29/2006,GYH,SC,ASO,ES,Federal Contract Tower,0,8,10,8,26,0,22,65,7,94,0,30,75,15,120,106,0,106,226
03/30/2006,GYH,SC,ASO,ES,Federal Contract Tower,0,4,12,5,21,0,11,91,8,110,0,15,103,13,131,108,0,108,239
03/31/2006,GYH,SC,ASO,ES,Federal Contract Tower,0,6,15,8,29,0,18,41,12,71,0,24,56,20,100,114,4,118,218
04/01/2006,GYH,SC,ASO,ES,Federal Contract Tower,0,2,11,0,13,0,6,61,0,67,0,8,72,0,80,70,0,70,150
04/02/2006,GYH,SC,ASO,ES,Federal Contract Tower,0,5,7,0,12,0,6,80,2,88,0,11,87,2,100,138,0,138,238
04/03/2006,GYH,SC,ASO,ES,Federal Contract Tower,0,3,12,3,18,0,0,12,0,12,0,3,24,3,30,18,0,18,48
04/04/2006,GYH,SC,ASO,ES,Federal Contract Tower,0,9,8,2,19,0,11,91,0,102,0,20,99,2,121,52,0,52,173
04/05/2006,GYH,SC,ASO,ES,Federal Contract Tower,0,10,12,10,32,0,15,48,2,65,0,25,60,12,97,62,14,76,173
04/06/2006,GYH,SC,ASO,ES,Federal Contract Tower,0,8,17,2,27,0,23,47,4,74,0,31,64,6,101,100,0,100,201
04/07/2006,GYH,SC,ASO,ES,Federal Contract Tower,0,4,7,0,11,0,21,25,6,52,0,25,32,6,63,12,0,12,75
04/08/2006,GYH,SC,ASO,ES,Federal Contract Tower,0,0,3,0,3,0,2,10,0,12,0,2,13,0,15,10,0,10,25
04/09/2006,GYH,SC,ASO,ES,Federal Contract Tower,0,0,6,1,7,0,4,50,0,54,0,4,56,1,61,24,2,26,87
04/10/2006,GYH,SC,ASO,ES,Federal Contract Tower,0,1,12,0,13,0,5,57,0,62,0,6,69,0,75,86,0,86,161
04/11/2006,GYH,SC,ASO,ES,Federal Contract Tower,0,12,8,6,26,0,2,52,8,62,0,14,60,14,88,112,8,120,208
04/12/2006,GYH,SC,ASO,ES,Federal Contract Tower,0,8,6,8,22,0,5,68,14,87,0,13,74,22,109,116,34,150,259
04/13/2006,GYH,SC,ASO,ES,Federal Contract Tower,0,8,12,3,23,0,7,59,9,75,0,15,71,12,98,140,2,142,240
04/14/2006,GYH,SC,ASO,ES,Federal Contract Tower,0,3,9,1,13,0,9,26,9,44,0,12,35,10,57,38,0,38,95
04/15/2006,GYH,SC,ASO,ES,Federal Contract Tower,0,2,5,0,7,0,10,48,1,59,0,12,53,1,66,30,0,30,96
04/16/2006,GYH,SC,ASO,ES,Federal Contract Tower,0,2,5,1,8,0,9,23,0,32,0,11,28,1,40,20,0,20,60
04/17/2006,GYH,SC,ASO,ES,Federal Contract Tower,0,2,16,3,21,0,9,28,2,39,0,11,44,5,60,26,0,26,86
04/18/2006,GYH,SC,ASO,ES,Federal Contract Tower,0,10,10,0,20,0,1,51,4,56,0,11,61,4,76,136,0,136,212
04/19/2006,GYH,SC,ASO,ES,Federal Contract Tower,0,2,17,1,20,0,10,15,3,28,0,12,32,4,48,16,0,16,64
04/20/2006,GYH,SC,ASO,ES,Federal Contract Tower,0,3,20,5,28,0,8,45,2,55,0,11,65,7,83,128,2,130,213
04/21/2006,GYH,SC,ASO,ES,Federal Contract Tower,0,2,7,0,9,0,9,28,0,37,0,11,35,0,46,76,0,76,122
04/22/2006,GYH,SC,ASO,ES,Federal Contract Tower,0,1,7,0,8,0,10,8,0,18,0,11,15,0,26,4,0,4,30
04/23/2006,GYH,SC,ASO,ES,Federal Contract Tower,0,7,4,0,11,0,0,57,0,57,0,7,61,0,68,86,0,86,154
04/24/2006,GYH,SC,ASO,ES,Federal Contract Tower,0,9,22,4,35,0,7,69,3,79,0,16,91,7,114,72,6,78,192
04/25/2006,GYH,SC,ASO,ES,Federal Contract Tower,0,6,10,6,22,0,27,48,5,80,0,33,58,11,102,76,22,98,200
04/26/2006,GYH,SC,ASO,ES,Federal Contract Tower,0,10,5,4,19,0,10,10,2,22,0,20,15,6,41,12,0,12,53
04/27/2006,GYH,SC,ASO,ES,Federal Contract Tower,0,9,13,7,29,0,2,36,34,72,0,11,49,41,101,10,44,54,155
04/28/2006,GYH,SC,ASO,ES,Federal Contract Tower,0,11,27,12,50,0,10,62,11,83,0,21,89,23,133,144,0,144,277
04/29/2006,GYH,SC,ASO,ES,Federal Contract Tower,0,4,8,0,12,0,15,51,6,72,0,19,59,6,84,46,0,46,130
04/30/2006,GYH,SC,ASO,ES,Federal Contract Tower,0,2,5,0,7,0,5,30,0,35,0,7,35,0,42,10,0,10,52
05/01/2006,GYH,SC,ASO,ES,Federal Contract Tower,0,3,3,2,8,0,10,50,2,62,0,13,53,4,70,132,4,136,206
05/02/2006,GYH,SC,ASO,ES,Federal Contract Tower,0,5,8,7,20,0,16,43,4,63,0,21,51,11,83,58,0,58,141
05/03/2006,GYH,SC,ASO,ES,Federal Contract Tower,0,12,9,6,27,0,19,59,25,103,0,31,68,31,130,170,14,184,314
05/04/2006,GYH,SC,ASO,ES,Federal Contract Tower,0,2,23,4,29,0,14,39,5,58,0,16,62,9,87,66,0,66,153
05/05/2006,GYH,SC,ASO,ES,Federal Contract Tower,0,1,13,3,17,0,15,41,0,56,0,16,54,3,73,58,0,58,131
05/06/2006,GYH,SC,ASO,ES,Federal Contract Tower,0,2,7,0,9,0,22,61,0,83,0,24,68,0,92,140,0,140,232
05/07/2006,GYH,SC,ASO,ES,Federal Contract Tower,0,4,8,2,14,0,4,3,0,7,0,8,11,2,21,8,0,8,29
05/08/2006,GYH,SC,ASO,ES,Federal Contract Tower,0,2,25,2,29,0,5,19,3,27,0,7,44,5,56,34,4,38,94
05/09/2006,GYH,SC,ASO,ES,Federal Contract Tower,0,7,28,14,49,0,11,17,7,35,0,18,45,21,84,46,20,66,150
05/10/2006,GYH,SC,ASO,ES,Federal Contract Tower,0,7,11,7,25,0,3,21,5,29,0,10,32,12,54,10,0,10,64
05/11/2006,GYH,SC,ASO,ES,Federal Contract Tower,0,2,11,10,23,0,7,18,6,31,0,9,29,16,54,8,0,8,62
05/12/2006,GYH,SC,ASO,ES,Federal Contract Tower,0,3,8,3,14,0,15,43,1,59,0,18,51,4,73,48,0,48,121
05/13/2006,GYH,SC,ASO,ES,Federal Contract Tower,0,0,4,4,8,0,5,61,2,68,0,5,65,6,76,50,0,50,126
05/14/2006,GYH,SC,ASO,ES,Federal Contract Tower,0,0,9,0,9,0,8,8,0,16,0,8,17,0,25,0,0,0,25
05/15/2006,GYH,SC,ASO,ES,Federal Contract Tower,0,1,7,7,15,0,2,44,12,58,0,3,51,19,73,20,12,32,105
05/16/2006,GYH,SC,ASO,ES,Federal Contract Tower,0,5,11,10,26,0,18,59,8,85,0,23,70,18,111,34,8,42,153
05/17/2006,GYH,SC,ASO,ES,Federal Contract Tower,0,3,15,15,33,0,39,39,4,82,0,42,54,19,115,72,0,72,187
05/18/2006,GYH,SC,ASO,ES,Federal Contract Tower,0,6,14,6,26,0,10,28,17,55,0,16,42,23,81,48,14,62,143
05/19/2006,GYH,SC,ASO,ES,Federal Contract Tower,0,6,11,4,21,0,10,43,4,57,0,16,54,8,78,66,8,74,152
05/20/2006,GYH,SC,ASO,ES,Federal Contract Tower,0,1,2,0,3,0,13,33,2,48,0,14,35,2,51,62,0,62,113
05/21/2006,GYH,SC,ASO,ES,Federal Contract Tower,0,1,10,0,11,0,0,23,0,23,0,1,33,0,34,16,0,16,50
05/22/2006,GYH,SC,ASO,ES,Federal Contract Tower,0,2,23,10,35,0,18,29,5,52,0,20,52,15,87,12,10,22,109
05/23/2006,GYH,SC,ASO,ES,Federal Contract Tower,0,5,11,11,27,0,18,76,12,106,0,23,87,23,133,64,36,100,233
05/24/2006,GYH,SC,ASO,ES,Federal Contract Tower,0,6,1,17,24,0,7,60,6,73,0,13,61,23,97,72,2,74,171
05/25/2006,GYH,SC,ASO,ES,Federal Contract Tower,0,6,7,8,21,0,20,20,6,46,0,26,27,14,67,2,18,20,87
05/26/2006,GYH,SC,ASO,ES,Federal Contract Tower,0,7,15,7,29,0,11,45,9,65,0,18,60,16,94,30,0,30,124
05/27/2006,GYH,SC,ASO,ES,Federal Contract Tower,0,0,5,2,7,0,14,42,0,56,0,14,47,2,63,74,0,74,137
05/28/2006,GYH,SC,ASO,ES,Federal Contract Tower,0,1,5,2,8,0,18,32,0,50,0,19,37,2,58,46,0,46,104
05/29/2006,GYH,SC,ASO,ES,Federal Contract Tower,0,4,10,1,15,0,14,48,1,63,0,18,58,2,78,38,0,38,116
05/30/2006,GYH,SC,ASO,ES,Federal Contract Tower,0,12,10,5,27,0,8,51,10,69,0,20,61,15,96,78,14,92,188
05/31/2006,GYH,SC,ASO,ES,Federal Contract Tower,0,8,10,5,23,0,3,56,5,64,0,11,66,10,87,32,0,32,119
06/01/2006,GYH,SC,ASO,ES,Federal Contract Tower,0,8,2,8,18,0,14,84,2,100,0,22,86,10,118,42,4,46,164
06/02/2006,GYH,SC,ASO,ES,Federal Contract Tower,0,9,10,4,23,0,5,23,6,34,0,14,33,10,57,50,0,50,107
06/03/2006,GYH,SC,ASO,ES,Federal Contract Tower,0,3,5,1,9,0,14,49,3,66,0,17,54,4,75,96,0,96,171
06/04/2006,GYH,SC,ASO,ES,Federal Contract Tower,0,9,3,2,14,0,1,33,2,36,0,10,36,4,50,12,0,12,62
06/05/2006,GYH,SC,ASO,ES,Federal Contract Tower,0,5,8,3,16,0,3,59,9,71,0,8,67,12,87,42,0,42,129
06/06/2006,GYH,SC,ASO,ES,Federal Contract Tower,0,13,5,6,24,0,21,53,5,79,0,34,58,11,103,56,2,58,161
06/07/2006,GYH,SC,ASO,ES,Federal Contract Tower,0,11,10,3,24,0,16,48,10,74,0,27,58,13,98,112,14,126,224
06/08/2006,GYH,SC,ASO,ES,Federal Contract Tower,0,10,13,5,28,0,13,43,12,68,0,23,56,17,96,52,0,52,148
06/09/2006,GYH,SC,ASO,ES,Federal Contract Tower,0,14,16,3,33,0,23,51,11,85,0,37,67,14,118,70,20,90,208
06/10/2006,GYH,SC,ASO,ES,Federal Contract Tower,0,3,11,2,16,0,4,54,0,58,0,7,65,2,74,76,0,76,150
06/11/2006,GYH,SC,ASO,ES,Federal Contract Tower,1,5,9,0,15,0,16,34,0,50,1,21,43,0,65,26,0,26,91
06/12/2006,GYH,SC,ASO,ES,Federal Contract Tower,0,5,8,4,17,0,13,40,0,53,0,18,48,4,70,56,0,56,126
06/13/2006,GYH,SC,ASO,ES,Federal Contract Tower,0,9,12,3,24,0,11,1,0,12,0,20,13,3,36,0,0,0,36
06/14/2006,GYH,SC,ASO,ES,Federal Contract Tower,0,9,23,6,38,0,6,31,1,38,0,15,54,7,76,90,10,100,176
06/15/2006,GYH,SC,ASO,ES,Federal Contract Tower,0,11,15,17,43,0,4,38,7,49,0,15,53,24,92,124,4,128,220
06/16/2006,GYH,SC,ASO,ES,Federal Contract Tower,0,8,12,3,23,0,16,64,2,82,0,24,76,5,105,44,0,44,149
06/17/2006,GYH,SC,ASO,ES,Federal Contract Tower,0,0,6,0,6,0,16,52,0,68,0,16,58,0,74,32,0,32,106
06/18/2006,GYH,SC,ASO,ES,Federal Contract Tower,0,1,9,0,10,0,0,35,0,35,0,1,44,0,45,16,0,16,61
06/19/2006,GYH,SC,ASO,ES,Federal Contract Tower,0,2,4,4,10,0,6,37,1,44,0,8,41,5,54,72,2,74,128
06/20/2006,GYH,SC,ASO,ES,Federal Contract Tower,0,4,17,9,30,0,14,69,5,88,0,18,86,14,118,126,4,130,248
06/21/2006,GYH,SC,ASO,ES,Federal Contract Tower,0,16,8,8,32,0,10,43,4,57,0,26,51,12,89,90,28,118,207
06/22/2006,GYH,SC,ASO,ES,Federal Contract Tower,0,14,5,15,34,0,15,41,0,56,0,29,46,15,90,68,14,82,172
06/23/2006,GYH,SC,ASO,ES,Federal Contract Tower,0,15,10,10,35,0,11,25,4,40,0,26,35,14,75,56,2,58,133
06/24/2006,GYH,SC,ASO,ES,Federal Contract Tower,0,4,7,4,15,0,11,27,0,38,0,15,34,4,53,90,0,90,143
06/25/2006,GYH,SC,ASO,ES,Federal Contract Tower,0,3,4,2,9,0,10,8,0,18,0,13,12,2,27,0,0,0,27
06/26/2006,GYH,SC,ASO,ES,Federal Contract Tower,0,4,9,3,16,0,10,6,0,16,0,14,15,3,32,0,0,0,32
06/27/2006,GYH,SC,ASO,ES,Federal Contract Tower,0,5,18,8,31,0,18,45,1,64,0,23,63,9,95,100,6,106,201
06/28/2006,GYH,SC,ASO,ES,Federal Contract Tower,0,19,8,5,32,0,32,71,7,110,0,51,79,12,142,50,0,50,192
06/29/2006,GYH,SC,ASO,ES,Federal Contract Tower,0,10,9,15,34,0,16,61,2,79,0,26,70,17,113,134,34,168,281
06/30/2006,GYH,SC,ASO,ES,Federal Contract Tower,0,16,7,1,24,0,16,35,2,53,0,32,42,3,77,72,0,72,149
07/01/2006,GYH,SC,ASO,ES,Federal Contract Tower,0,2,10,0,12,0,19,50,0,69,0,21,60,0,81,20,0,20,101
07/02/2006,GYH,SC,ASO,ES,Federal Contract Tower,0,5,15,0,20,0,12,36,0,48,0,17,51,0,68,16,0,16,84
07/03/2006,GYH,SC,ASO,ES,Federal Contract Tower,0,0,11,0,11,0,12,17,8,37,0,12,28,8,48,16,0,16,64
07/04/2006,GYH,SC,ASO,ES,Federal Contract Tower,0,4,14,0,18,0,22,31,0,53,0,26,45,0,71,58,0,58,129
07/05/2006,GYH,SC,ASO,ES,Federal Contract Tower,0,7,4,7,18,0,14,27,3,44,0,21,31,10,62,56,2,58,120
07/06/2006,GYH,SC,ASO,ES,Federal Contract Tower,0,9,17,0,26,0,6,27,0,33,0,15,44,0,59,68,0,68,127
07/07/2006,GYH,SC,ASO,ES,Federal Contract Tower,0,12,16,2,30,0,11,39,3,53,0,23,55,5,83,50,0,50,133
07/08/2006,GYH,SC,ASO,ES,Federal Contract Tower,0,0,11,0,11,0,4,44,0,48,0,4,55,0,59,120,0,120,179
07/09/2006,GYH,SC,ASO,ES,Federal Contract Tower,0,2,9,0,11,0,2,37,0,39,0,4,46,0,50,74,0,74,124
07/10/2006,GYH,SC,ASO,ES,Federal Contract Tower,0,4,15,5,24,0,11,34,0,45,0,15,49,5,69,50,2,52,121
07/11/2006,GYH,SC,ASO,ES,Federal Contract Tower,0,2,6,11,19,0,21,35,12,68,0,23,41,23,87,72,0,72,159
07/12/2006,GYH,SC,ASO,ES,Federal Contract Tower,0,9,25,6,40,0,14,50,6,70,0,23,75,12,110,110,32,142,252
07/13/2006,GYH,SC,ASO,ES,Federal Contract Tower,0,8,21,6,35,0,14,35,12,61,0,22,56,18,96,62,2,64,160
07/14/2006,GYH,SC,ASO,ES,Federal Contract Tower,0,15,19,2,36,0,17,31,14,62,0,32,50,16,98,78,0,78,176
07/15/2006,GYH,SC,ASO,ES,Federal Contract Tower,0,3,15,0,18,0,21,48,8,77,0,24,63,8,95,84,0,84,179
07/16/2006,GYH,SC,ASO,ES,Federal Contract Tower,0,3,18,0,21,0,6,25,0,31,0,9,43,0,52,24,0,24,76
07/17/2006,GYH,SC,ASO,ES,Federal Contract Tower,0,7,13,1,21,0,2,38,3,43,0,9,51,4,64,24,0,24,88
07/18/2006,GYH,SC,ASO,ES,Federal Contract Tower,0,12,9,0,21,0,12,55,3,70,0,24,64,3,91,72,0,72,163
07/19/2006,GYH,SC,ASO,ES,Federal Contract Tower,0,10,9,3,22,0,10,43,3,56,0,20,52,6,78,20,12,32,110
07/20/2006,GYH,SC,ASO,ES,Federal Contract Tower,0,11,13,4,28,0,7,31,7,45,0,18,44,11,73,54,18,72,145
07/21/2006,GYH,SC,ASO,ES,Federal Contract Tower,0,18,11,0,29,0,18,52,2,72,0,36,63,2,101,72,0,72,173
07/22/2006,GYH,SC,ASO,ES,Federal Contract Tower,0,1,7,0,8,0,3,21,8,32,0,4,28,8,40,78,16,94,134
07/23/2006,GYH,SC,ASO,ES,Federal Contract Tower,0,0,14,1,15,0,2,21,0,23,0,2,35,1,38,22,0,22,60
07/24/2006,GYH,SC,ASO,ES,Federal Contract Tower,0,3,23,9,35,0,5,14,2,21,0,8,37,11,56,16,2,18,74
07/25/2006,GYH,SC,ASO,ES,Federal Contract Tower,0,9,19,11,39,0,2,30,0,32,0,11,49,11,71,24,0,24,95
07/26/2006,GYH,SC,ASO,ES,Federal Contract Tower,0,13,13,8,34,0,17,29,8,54,0,30,42,16,88,70,0,70,158
07/27/2006,GYH,SC,ASO,ES,Federal Contract Tower,0,18,3,7,28,0,10,44,5,59,0,28,47,12,87,66,6,72,159
07/28/2006,GYH,SC,ASO,ES,Federal Contract Tower,0,13,5,9,27,0,10,30,7,47,0,23,35,16,74,26,6,32,106
07/29/2006,GYH,SC,ASO,ES,Federal Contract Tower,0,5,2,0,7,0,3,26,0,29,0,8,28,0,36,50,0,50,86
07/30/2006,GYH,SC,ASO,ES,Federal Contract Tower,0,2,7,0,9,9,29,2,0,40,9,31,9,0,49,44,4,48,97
07/31/2006,GYH,SC,ASO,ES,Federal Contract Tower,0,10,10,5,25,0,7,35,4,46,0,17,45,9,71,14,0,14,85
08/01/2006,GYH,SC,ASO,ES,Federal Contract Tower,0,3,12,7,22,0,6,43,3,52,0,9,55,10,74,62,8,70,144
08/02/2006,GYH,SC,ASO,ES,Federal Contract Tower,0,15,16,0,31,0,5,40,3,48,0,20,56,3,79,64,0,64,143
08/03/2006,GYH,SC,ASO,ES,Federal Contract Tower,0,9,5,10,24,0,10,42,3,55,0,19,47,13,79,82,34,116,195
08/04/2006,GYH,SC,ASO,ES,Federal Contract Tower,0,13,4,4,21,0,11,30,11,52,0,24,34,15,73,30,14,44,117
08/05/2006,GYH,SC,ASO,ES,Federal Contract Tower,0,7,10,2,19,0,13,29,0,42,0,20,39,2,61,48,0,48,109
08/06/2006,GYH,SC,ASO,ES,Federal Contract Tower,0,6,6,0,12,0,12,10,0,22,0,18,16,0,34,16,0,16,50
08/07/2006,GYH,SC,ASO,ES,Federal Contract Tower,0,5,11,17,33,0,11,41,2,54,0,16,52,19,87,28,6,34,121
08/08/2006,GYH,SC,ASO,ES,Federal Contract Tower,0,1,9,5,15,0,10,41,5,56,0,11,50,10,71,72,10,82,153
08/09/2006,GYH,SC,ASO,ES,Federal Contract Tower,0,10,9,12,31,0,18,38,5,61,0,28,47,17,92,40,10,50,142
08/10/2006,GYH,SC,ASO,ES,Federal Contract Tower,0,14,7,8,29,0,9,40,7,56,0,23,47,15,85,34,8,42,127
08/11/2006,GYH,SC,ASO,ES,Federal Contract Tower,0,18,14,6,38,0,9,33,1,43,0,27,47,7,81,42,8,50,131
08/12/2006,GYH,SC,ASO,ES,Federal Contract Tower,0,2,0,2,4,0,1,1,0,2,0,3,1,2,6,0,0,0,6
08/13/2006,GYH,SC,ASO,ES,Federal Contract Tower,0,2,9,0,11,0,4,29,6,39,0,6,38,6,50,68,12,80,130
08/14/2006,GYH,SC,ASO,ES,Federal Contract Tower,0,4,10,8,22,0,15,40,2,57,0,19,50,10,79,24,26,50,129
08/15/2006,GYH,SC,ASO,ES,Federal Contract Tower,0,4,13,9,26,0,11,39,6,56,0,15,52,15,82,72,10,82,164
08/16/2006,GYH,SC,ASO,ES,Federal Contract Tower,0,4,16,14,34,0,6,15,7,28,0,10,31,21,62,72,38,110,172
08/17/2006,GYH,SC,ASO,ES,Federal Contract Tower,0,11,6,4,21,0,18,31,6,55,0,29,37,10,76,70,4,74,150
08/18/2006,GYH,SC,ASO,ES,Federal Contract Tower,0,11,7,0,18,0,13,4,7,24,0,24,11,7,42,24,39,63,105
08/19/2006,GYH,SC,ASO,ES,Federal Contract Tower,0,6,6,3,15,0,8,48,3,59,0,14,54,6,74,74,0,74,148
08/20/2006,GYH,SC,ASO,ES,Federal Contract Tower,0,3,1,0,4,0,8,19,2,29,0,11,20,2,33,58,0,58,91
08/21/2006,GYH,SC,ASO,ES,Federal Contract Tower,0,19,2,9,30,0,7,43,0,50,0,26,45,9,80,92,28,120,200
08/22/2006,GYH,SC,ASO,ES,Federal Contract Tower,0,18,17,9,44,0,3,39,1,43,0,21,56,10,87,136,0,136,223
08/23/2006,GYH,SC,ASO,ES,Federal Contract Tower,0,20,9,7,36,0,0,34,3,37,0,20,43,10,73,78,4,82,155
08/24/2006,GYH,SC,ASO,ES,Federal Contract Tower,0,10,11,10,31,0,6,36,1,43,0,16,47,11,74,78,6,84,158
08/25/2006,GYH,SC,ASO,ES,Federal Contract Tower,0,14,17,7,38,0,7,38,0,45,0,21,55,7,83,102,2,104,187
08/26/2006,GYH,SC,ASO,ES,Federal Contract Tower,0,3,17,2,22,0,2,46,1,49,0,5,63,3,71,76,0,76,147
08/27/2006,GYH,SC,ASO,ES,Federal Contract Tower,0,8,6,2,16,0,7,47,0,54,0,15,53,2,70,68,0,68,138
08/28/2006,GYH,SC,ASO,ES,Federal Contract Tower,0,12,9,7,28,0,15,40,3,58,0,27,49,10,86,96,4,100,186
08/29/2006,GYH,SC,ASO,ES,Federal Contract Tower,0,12,9,13,34,0,6,33,17,56,0,18,42,30,90,48,16,64,154
08/30/2006,GYH,SC,ASO,ES,Federal Contract Tower,0,3,6,14,23,0,9,13,9,31,0,12,19,23,54,30,0,30,84
08/31/2006,GYH,SC,ASO,ES,Federal Contract Tower,0,14,4,6,24,0,0,19,0,19,0,14,23,6,43,20,0,20,63
09/01/2006,GYH,SC,ASO,ES,Federal Contract Tower,0,6,17,3,26,0,6,28,6,40,0,12,45,9,66,64,0,64,130
09/02/2006,GYH,SC,ASO,ES,Federal Contract Tower,0,2,6,0,8,0,11,39,3,53,0,13,45,3,61,48,0,48,109
09/03/2006,GYH,SC,ASO,ES,Federal Contract Tower,0,4,14,0,18,0,5,15,0,20,0,9,29,0,38,20,0,20,58
09/04/2006,GYH,SC,ASO,ES,Federal Contract Tower,0,5,7,1,13,0,3,7,0,10,0,8,14,1,23,38,0,38,61
09/05/2006,GYH,SC,ASO,ES,Federal Contract Tower,0,9,4,10,23,0,0,12,0,12,0,9,16,10,35,8,0,8,43
09/06/2006,GYH,SC,ASO,ES,Federal Contract Tower,0,3,13,7,23,0,8,44,2,54,0,11,57,9,77,78,0,78,155
09/07/2006,GYH,SC,ASO,ES,Federal Contract Tower,0,4,12,3,19,0,2,19,1,22,0,6,31,4,41,36,0,36,77
09/08/2006,GYH,SC,ASO,ES,Federal Contract Tower,0,6,8,3,17,0,14,60,6,80,0,20,68,9,97,76,2,78,175
09/09/2006,GYH,SC,ASO,ES,Federal Contract Tower,0,3,13,0,16,0,11,60,9,80,0,14,73,9,96,126,0,126,222
09/10/2006,GYH,SC,ASO,ES,Federal Contract Tower,0,3,12,1,16,0,0,32,3,35,0,3,44,4,51,10,0,10,61
09/11/2006,GYH,SC,ASO,ES,Federal Contract Tower,0,6,8,0,14,0,11,30,0,41,0,17,38,0,55,40,0,40,95
09/12/2006,GYH,SC,ASO,ES,Federal Contract Tower,0,5,19,10,34,0,13,32,1,46,0,18,51,11,80,112,10,122,202
09/13/2006,GYH,SC,ASO,ES,Federal Contract Tower,0,13,6,4,23,0,0,0,0,0,0,13,6,4,23,0,0,0,23
09/14/2006,GYH,SC,ASO,ES,Federal Contract Tower,0,17,11,0,28,52,48,6,0,106,52,65,17,0,134,74,10,84,218
09/15/2006,GYH,SC,ASO,ES,Federal Contract Tower,0,22,6,11,39,0,1,48,3,52,0,23,54,14,91,60,0,60,151
09/16/2006,GYH,SC,ASO,ES,Federal Contract Tower,0,2,9,2,13,0,15,31,5,51,0,17,40,7,64,30,6,36,100
09/17/2006,GYH,SC,ASO,ES,Federal Contract Tower,0,5,21,1,27,0,3,60,0,63,0,8,81,1,90,70,0,70,160
09/18/2006,GYH,SC,ASO,ES,Federal Contract Tower,0,4,10,9,23,0,17,18,5,40,0,21,28,14,63,20,34,54,117
09/19/2006,GYH,SC,ASO,ES,Federal Contract Tower,0,7,13,10,30,0,4,15,3,22,0,11,28,13,52,16,10,26,78
09/20/2006,GYH,SC,ASO,ES,Federal Contract Tower,0,13,6,4,23,0,15,60,1,76,0,28,66,5,99,78,4,82,181
09/21/2006,GYH,SC,ASO,ES,Federal Contract Tower,0,10,8,2,20,0,21,45,3,69,0,31,53,5,89,76,4,80,169
09/22/2006,GYH,SC,ASO,ES,Federal Contract Tower,0,20,7,0,27,28,13,7,0,48,28,33,14,0,75,78,0,78,153
09/23/2006,GYH,SC,ASO,ES,Federal Contract Tower,0,5,5,0,10,0,9,34,6,49,0,14,39,6,59,64,0,64,123
09/24/2006,GYH,SC,ASO,ES,Federal Contract Tower,0,5,7,2,14,0,10,9,0,19,0,15,16,2,33,22,0,22,55
09/25/2006,GYH,SC,ASO,ES,Federal Contract Tower,0,5,11,4,20,0,12,41,1,54,0,17,52,5,74,106,14,120,194
09/26/2006,GYH,SC,ASO,ES,Federal Contract Tower,0,6,20,13,39,0,8,47,5,60,0,14,67,18,99,16,6,22,121
09/27/2006,GYH,SC,ASO,ES,Federal Contract Tower,0,13,10,10,33,0,2,42,10,54,0,15,52,20,87,104,0,104,191
09/28/2006,GYH,SC,ASO,ES,Federal Contract Tower,0,15,9,3,27,0,5,32,3,40,0,20,41,6,67,10,0,10,77
09/29/2006,GYH,SC,ASO,ES,Federal Contract Tower,0,8,10,5,23,0,16,56,2,74,0,24,66,7,97,66,12,78,175
09/30/2006,GYH,SC,ASO,ES,Federal Contract Tower,0,2,5,0,7,0,16,50,0,66,0,18,55,0,73,32,0,32,105
10/01/2006,GYH,SC,ASO,ES,Federal Contract Tower,0,2,9,0,11,0,5,41,0,46,0,7,50,0,57,22,0,22,79
10/02/2006,GYH,SC,ASO,ES,Federal Contract Tower,0,5,13,11,29,0,8,48,5,61,0,13,61,16,90,84,42,126,216
10/03/2006,GYH,SC,ASO,ES,Federal Contract Tower,0,6,16,2,24,0,19,34,2,55,0,25,50,4,79,56,0,56,135
10/04/2006,GYH,SC,ASO,ES,Federal Contract Tower,0,11,12,5,28,0,8,28,2,38,0,19,40,7,66,12,6,18,84
10/05/2006,GYH,SC,ASO,ES,Federal Contract Tower,0,15,12,1,28,0,14,31,0,45,0,29,43,1,73,44,0,44,117
10/06/2006,GYH,SC,ASO,ES,Federal Contract Tower,0,14,5,1,20,0,3,33,2,38,0,17,38,3,58,56,2,58,116
10/07/2006,GYH,SC,ASO,ES,Federal Contract Tower,0,12,13,1,26,0,10,54,1,65,0,22,67,2,91,52,0,52,143
10/08/2006,GYH,SC,ASO,ES,Federal Contract Tower,0,5,16,0,21,0,8,3,0,11,0,13,19,0,32,0,0,0,32
10/09/2006,GYH,SC,ASO,ES,Federal Contract Tower,0,7,14,0,21,0,5,28,0,33,0,12,42,0,54,38,0,38,92
10/10/2006,GYH,SC,ASO,ES,Federal Contract Tower,0,7,10,4,21,0,21,83,0,104,0,28,93,4,125,60,4,64,189
10/11/2006,GYH,SC,ASO,ES,Federal Contract Tower,0,11,8,6,25,0,9,41,8,58,0,20,49,14,83,56,0,56,139
10/12/2006,GYH,SC,ASO,ES,Federal Contract Tower,0,8,14,6,28,0,23,37,4,64,0,31,51,10,92,30,12,42,134
10/13/2006,GYH,SC,ASO,ES,Federal Contract Tower,0,22,6,0,28,0,14,69,0,83,0,36,75,0,111,106,0,106,217
10/14/2006,GYH,SC,ASO,ES,Federal Contract Tower,0,9,4,0,13,0,17,62,3,82,0,26,66,3,95,38,0,38,133
10/15/2006,GYH,SC,ASO,ES,Federal Contract Tower,0,4,20,0,24,0,7,61,0,68,0,11,81,0,92,20,0,20,112
10/16/2006,GYH,SC,ASO,ES,Federal Contract Tower,0,18,11,2,31,0,10,39,6,55,0,28,50,8,86,98,0,98,184
10/17/2006,GYH,SC,ASO,ES,Federal Contract Tower,0,11,12,3,26,0,0,0,0,0,0,11,12,3,26,0,0,0,26
10/18/2006,GYH,SC,ASO,ES,Federal Contract Tower,0,19,7,6,32,0,5,31,1,37,0,24,38,7,69,88,0,88,157
10/19/2006,GYH,SC,ASO,ES,Federal Contract Tower,0,13,7,0,20,19,7,0,0,26,19,20,7,0,46,26,0,26,72
10/20/2006,GYH,SC,ASO,ES,Federal Contract Tower,0,7,0,12,19,41,12,0,6,59,41,19,0,18,78,42,16,58,136
10/21/2006,GYH,SC,ASO,ES,Federal Contract Tower,0,2,7,1,10,0,1,49,1,51,0,3,56,2,61,42,4,46,107
10/22/2006,GYH,SC,ASO,ES,Federal Contract Tower,0,5,3,0,8,0,0,15,2,17,0,5,18,2,25,4,0,4,29
10/23/2006,GYH,SC,ASO,ES,Federal Contract Tower,0,9,7,2,18,0,9,22,0,31,0,18,29,2,49,42,0,42,91
10/24/2006,GYH,SC,ASO,ES,Federal Contract Tower,0,9,19,12,40,0,26,61,2,89,0,35,80,14,129,50,4,54,183
10/25/2006,GYH,SC,ASO,ES,Federal Contract Tower,0,13,12,0,25,0,2,50,5,57,0,15,62,5,82,66,0,66,148
10/26/2006,GYH,SC,ASO,ES,Federal Contract Tower,0,20,5,4,29,0,6,26,6,38,0,26,31,10,67,68,6,74,141
10/27/2006,GYH,SC,ASO,ES,Federal Contract Tower,0,22,2,1,25,0,0,0,0,0,0,22,2,1,25,0,0,0,25
10/28/2006,GYH,SC,ASO,ES,Federal Contract Tower,0,4,2,0,6,0,19,25,0,44,0,23,27,0,50,30,0,30,80
10/29/2006,GYH,SC,ASO,ES,Federal Contract Tower,0,2,7,1,10,0,9,32,1,42,0,11,39,2,52,2,0,2,54
10/30/2006,GYH,SC,ASO,ES,Federal Contract Tower,0,11,8,4,23,0,0,46,7,53,0,11,54,11,76,92,0,92,168
10/31/2006,GYH,SC,ASO,ES,Federal Contract Tower,0,1,6,0,7,0,7,42,2,51,0,8,48,2,58,128,0,128,186
11/01/2006,GYH,SC,ASO,ES,Federal Contract Tower,0,13,3,0,16,0,9,52,0,61,0,22,55,0,77,4,0,4,81
11/02/2006,GYH,SC,ASO,ES,Federal Contract Tower,0,8,3,3,14,0,5,32,5,42,0,13,35,8,56,28,6,34,90
11/03/2006,GYH,SC,ASO,ES,Federal Contract Tower,0,16,6,1,23,0,9,39,2,50,0,25,45,3,73,56,0,56,129
11/04/2006,GYH,SC,ASO,ES,Federal Contract Tower,0,2,11,0,13,0,8,49,4,61,0,10,60,4,74,62,0,62,136
11/05/2006,GYH,SC,ASO,ES,Federal Contract Tower,0,8,4,0,12,0,5,43,6,54,0,13,47,6,66,64,0,64,130
11/06/2006,GYH,SC,ASO,ES,Federal Contract Tower,0,10,11,14,35,0,11,31,2,44,0,21,42,16,79,46,2,48,127
11/07/2006,GYH,SC,ASO,ES,Federal Contract Tower,0,5,15,5,25,0,0,0,0,0,0,5,15,5,25,0,0,0,25
11/08/2006,GYH,SC,ASO,ES,Federal Contract Tower,0,20,10,6,36,0,18,32,4,54,0,38,42,10,90,80,10,90,180
11/09/2006,GYH,SC,ASO,ES,Federal Contract Tower,0,11,9,13,33,0,11,50,0,61,0,22,59,13,94,66,0,66,160
11/10/2006,GYH,SC,ASO,ES,Federal Contract Tower,0,3,12,0,15,0,14,44,2,60,0,17,56,2,75,44,0,44,119
11/11/2006,GYH,SC,ASO,ES,Federal Contract Tower,0,3,15,0,18,0,6,29,0,35,0,9,44,0,53,78,0,78,131
11/12/2006,GYH,SC,ASO,ES,Federal Contract Tower,0,3,4,0,7,0,10,18,0,28,0,13,22,0,35,20,0,20,55
11/13/2006,GYH,SC,ASO,ES,Federal Contract Tower,0,17,9,5,31,0,6,42,3,51,0,23,51,8,82,48,0,48,130
11/14/2006,GYH,SC,ASO,ES,Federal Contract Tower,0,6,10,6,22,0,15,59,6,80,0,21,69,12,102,144,6,150,252
11/15/2006,GYH,SC,ASO,ES,Federal Contract Tower,0,9,10,4,23,0,1,3,0,4,0,10,13,4,27,0,0,0,27
11/16/2006,GYH,SC,ASO,ES,Federal Contract Tower,0,5,14,2,21,0,5,5,0,10,0,10,19,2,31,4,0,4,35
11/17/2006,GYH,SC,ASO,ES,Federal Contract Tower,0,18,9,1,28,0,9,48,5,62,0,27,57,6,90,64,22,86,176
11/18/2006,GYH,SC,ASO,ES,Federal Contract Tower,0,1,2,3,6,0,12,50,2,64,0,13,52,5,70,60,0,60,130
11/19/2006,GYH,SC,ASO,ES,Federal Contract Tower,0,1,9,0,10,0,6,31,2,39,0,7,40,2,49,22,0,22,71
11/20/2006,GYH,SC,ASO,ES,Federal Contract Tower,0,8,8,6,22,0,5,14,0,19,0,13,22,6,41,10,0,10,51
11/21/2006,GYH,SC,ASO,ES,Federal Contract Tower,0,2,15,8,25,0,16,14,1,31,0,18,29,9,56,26,0,26,82
11/22/2006,GYH,SC,ASO,ES,Federal Contract Tower,0,8,8,0,16,0,10,8,0,18,0,18,16,0,34,14,0,14,48
11/23/2006,GYH,SC,ASO,ES,Federal Contract Tower,0,1,4,0,5,0,9,24,0,33,0,10,28,0,38,18,0,18,56
11/24/2006,GYH,SC,ASO,ES,Federal Contract Tower,0,2,7,0,9,0,6,32,1,39,0,8,39,1,48,62,0,62,110
11/25/2006,GYH,SC,ASO,ES,Federal Contract Tower,0,1,11,0,12,0,5,35,4,44,0,6,46,4,56,56,0,56,112
11/26/2006,GYH,SC,ASO,ES,Federal Contract Tower,0,10,13,0,23,0,4,45,0,49,0,14,58,0,72,48,0,48,120
11/27/2006,GYH,SC,ASO,ES,Federal Contract Tower,0,8,4,14,26,0,5,54,3,62,0,13,58,17,88,72,0,72,160
11/28/2006,GYH,SC,ASO,ES,Federal Contract Tower,0,7,13,18,38,0,6,45,6,57,0,13,58,24,95,132,0,132,227
11/29/2006,GYH,SC,ASO,ES,Federal Contract Tower,0,4,10,13,27,0,9,19,10,38,0,13,29,23,65,58,40,98,163
11/30/2006,GYH,SC,ASO,ES,Federal Contract Tower,0,11,11,0,22,12,8,9,0,29,12,19,20,0,51,22,0,22,73
12/01/2006,GYH,SC,ASO,ES,Federal Contract Tower,0,5,6,5,16,0,5,5,4,14,0,10,11,9,30,2,2,4,34
12/02/2006,GYH,SC,ASO,ES,Federal Contract Tower,0,5,17,3,25,0,23,67,4,94,0,28,84,7,119,94,0,94,213
12/03/2006,GYH,SC,ASO,ES,Federal Contract Tower,0,0,13,0,13,0,9,32,0,41,0,9,45,0,54,0,28,28,82
12/04/2006,GYH,SC,ASO,ES,Federal Contract Tower,0,7,17,2,26,0,27,31,2,60,0,34,48,4,86,46,0,46,132
12/05/2006,GYH,SC,ASO,ES,Federal Contract Tower,0,4,9,8,21,0,22,48,3,73,0,26,57,11,94,136,2,138,232
12/06/2006,GYH,SC,ASO,ES,Federal Contract Tower,0,12,11,7,30,0,19,54,3,76,0,31,65,10,106,96,16,112,218
12/07/2006,GYH,SC,ASO,ES,Federal Contract Tower,0,5,5,2,12,0,19,30,8,57,0,24,35,10,69,10,20,30,99
12/08/2006,GYH,SC,ASO,ES,Federal Contract Tower,0,12,11,1,24,0,15,20,2,37,0,27,31,3,61,112,0,112,173
12/09/2006,GYH,SC,ASO,ES,Federal Contract Tower,0,7,5,0,12,0,2,41,2,45,0,9,46,2,57,86,0,86,143
12/10/2006,GYH,SC,ASO,ES,Federal Contract Tower,0,3,8,0,11,0,4,48,0,52,0,7,56,0,63,80,0,80,143
12/11/2006,GYH,SC,ASO,ES,Federal Contract Tower,0,8,8,6,22,0,10,21,3,34,0,18,29,9,56,42,4,46,102
12/12/2006,GYH,SC,ASO,ES,Federal Contract Tower,0,12,15,28,55,0,7,42,10,59,0,19,57,38,114,162,24,186,300
12/13/2006,GYH,SC,ASO,ES,Federal Contract Tower,0,7,8,7,22,0,12,17,0,29,0,19,25,7,51,62,2,64,115
12/14/2006,GYH,SC,ASO,ES,Federal Contract Tower,0,18,12,6,36,0,11,40,3,54,0,29,52,9,90,136,0,136,226
12/15/2006,GYH,SC,ASO,ES,Federal Contract Tower,0,12,8,10,30,0,14,52,3,69,0,26,60,13,99,74,2,76,175
12/16/2006,GYH,SC,ASO,ES,Federal Contract Tower,0,3,10,4,17,0,11,53,6,70,0,14,63,10,87,126,2,128,215
12/17/2006,GYH,SC,ASO,ES,Federal Contract Tower,0,0,11,1,12,0,0,57,0,57,0,0,68,1,69,62,0,62,131
12/18/2006,GYH,SC,ASO,ES,Federal Contract Tower,0,2,7,20,29,0,9,34,17,60,0,11,41,37,89,36,40,76,165
12/19/2006,GYH,SC,ASO,ES,Federal Contract Tower,0,0,13,11,24,0,10,28,17,55,0,10,41,28,79,102,14,116,195
12/20/2006,GYH,SC,ASO,ES,Federal Contract Tower,0,16,14,10,40,0,14,42,9,65,0,30,56,19,105,32,0,32,137
12/21/2006,GYH,SC,ASO,ES,Federal Contract Tower,0,5,9,11,25,0,8,9,4,21,0,13,18,15,46,14,0,14,60
12/22/2006,GYH,SC,ASO,ES,Federal Contract Tower,0,14,4,1,19,0,0,1,0,1,0,14,5,1,20,0,0,0,20
12/23/2006,GYH,SC,ASO,ES,Federal Contract Tower,0,7,6,0,13,0,10,41,0,51,0,17,47,0,64,88,0,88,152
12/24/2006,GYH,SC,ASO,ES,Federal Contract Tower,0,1,2,0,3,0,6,28,0,34,0,7,30,0,37,0,28,28,65
12/25/2006,GYH,SC,ASO,ES,Federal Contract Tower,0,1,2,0,3,0,0,0,0,0,0,1,2,0,3,0,0,0,3
12/26/2006,GYH,SC,ASO,ES,Federal Contract Tower,0,4,12,6,22,0,5,5,0,10,0,9,17,6,32,0,0,0,32
12/27/2006,GYH,SC,ASO,ES,Federal Contract Tower,0,3,6,0,9,0,14,55,2,71,0,17,61,2,80,92,0,92,172
12/28/2006,GYH,SC,ASO,ES,Federal Contract Tower,0,5,4,8,17,0,33,60,13,106,0,38,64,21,123,96,0,96,219
12/29/2006,GYH,SC,ASO,ES,Federal Contract Tower,0,4,6,2,12,0,12,52,10,74,0,16,58,12,86,92,0,92,178
12/30/2006,GYH,SC,ASO,ES,Federal Contract Tower,0,6,5,0,11,0,1,6,1,8,0,7,11,1,19,20,0,20,39
12/31/2006,GYH,SC,ASO,ES,Federal Contract Tower,0,0,0,0,0,0,0,2,0,2,0,0,2,0,2,0,0,0,2
01/01/2007,GYH,SC,ASO,ES,Federal Contract Tower,0,1,1,0,2,0,7,11,0,18,0,8,12,0,20,2,0,2,22
01/02/2007,GYH,SC,ASO,ES,Federal Contract Tower,0,3,6,0,9,0,4,49,2,55,0,7,55,2,64,112,0,112,176
01/03/2007,GYH,SC,ASO,ES,Federal Contract Tower,0,7,10,7,24,0,9,32,8,49,0,16,42,15,73,46,26,72,145
01/04/2007,GYH,SC,ASO,ES,Federal Contract Tower,0,4,18,16,38,0,23,26,0,49,0,27,44,16,87,42,64,106,193
01/05/2007,GYH,SC,ASO,ES,Federal Contract Tower,0,4,2,2,8,0,0,0,0,0,0,4,2,2,8,0,0,0,8
01/06/2007,GYH,SC,ASO,ES,Federal Contract Tower,0,0,13,4,17,0,8,67,1,76,0,8,80,5,93,36,0,36,129
01/07/2007,GYH,SC,ASO,ES,Federal Contract Tower,0,2,4,5,11,0,0,2,1,3,0,2,6,6,14,0,2,2,16
01/08/2007,GYH,SC,ASO,ES,Federal Contract Tower,0,6,8,13,27,0,0,20,187,207,0,6,28,200,234,8,10,18,252
01/09/2007,GYH,SC,ASO,ES,Federal Contract Tower,0,6,10,6,22,0,5,28,3,36,0,11,38,9,58,2,0,2,60
01/10/2007,GYH,SC,ASO,ES,Federal Contract Tower,0,1,7,26,34,0,9,39,0,48,0,10,46,26,82,78,10,88,170
01/11/2007,GYH,SC,ASO,ES,Federal Contract Tower,0,6,3,12,21,0,14,35,6,55,0,20,38,18,76,122,4,126,202
01/12/2007,GYH,SC,ASO,ES,Federal Contract Tower,0,6,6,3,15,0,8,31,9,48,0,14,37,12,63,20,0,20,83
01/13/2007,GYH,SC,ASO,ES,Federal Contract Tower,0,5,6,1,12,0,11,31,1,43,0,16,37,2,55,60,0,60,115
01/14/2007,GYH,SC,ASO,ES,Federal Contract Tower,0,3,2,2,7,0,8,49,0,57,0,11,51,2,64,102,0,102,166
01/15/2007,GYH,SC,ASO,ES,Federal Contract Tower,0,5,10,1,16,0,4,9,2,15,0,9,19,3,31,10,0,10,41
01/16/2007,GYH,SC,ASO,ES,Federal Contract Tower,0,3,3,8,14,0,3,23,0,26,0,6,26,8,40,70,0,70,110
01/17/2007,GYH,SC,ASO,ES,Federal Contract Tower,0,4,8,11,23,0,8,30,9,47,0,12,38,20,70,54,10,64,134
01/18/2007,GYH,SC,ASO,ES,Federal Contract Tower,0,4,1,0,5,0,0,0,0,0,0,4,1,0,5,0,0,0,5
01/19/2007,GYH,SC,ASO,ES,Federal Contract Tower,0,9,6,5,20,0,4,27,4,35,0,13,33,9,55,116,10,126,181
01/20/2007,GYH,SC,ASO,ES,Federal Contract Tower,0,2,4,12,18,0,9,78,37,124,0,11,82,49,142,72,4,76,218
01/21/2007,GYH,SC,ASO,ES,Federal Contract Tower,0,0,1,0,1,0,3,4,2,9,0,3,5,2,10,0,0,0,10
01/22/2007,GYH,SC,ASO,ES,Federal Contract Tower,0,5,7,4,16,0,0,0,6,6,0,5,7,10,22,0,0,0,22
01/23/2007,GYH,SC,ASO,ES,Federal Contract Tower,0,18,10,8,36,0,5,33,4,42,0,23,43,12,78,34,24,58,136
01/24/2007,GYH,SC,ASO,ES,Federal Contract Tower,0,15,3,12,30,0,20,25,17,62,0,35,28,29,92,38,28,66,158
01/25/2007,GYH,SC,ASO,ES,Federal Contract Tower,0,8,6,1,15,0,10,43,10,63,0,18,49,11,78,26,16,42,120
01/26/2007,GYH,SC,ASO,ES,Federal Contract Tower,0,8,8,4,20,0,6,56,6,68,0,14,64,10,88,132,18,150,238
01/27/2007,GYH,SC,ASO,ES,Federal Contract Tower,0,0,11,3,14,0,3,57,11,71,0,3,68,14,85,124,24,148,233
01/28/2007,GYH,SC,ASO,ES,Federal Contract Tower,0,1,7,0,8,0,11,39,0,50,0,12,46,0,58,48,0,48,106
01/29/2007,GYH,SC,ASO,ES,Federal Contract Tower,0,5,3,6,14,0,10,22,2,34,0,15,25,8,48,46,0,46,94
01/30/2007,GYH,SC,ASO,ES,Federal Contract Tower,0,2,8,7,17,0,2,28,14,44,0,4,36,21,61,38,16,54,115
01/31/2007,GYH,SC,ASO,ES,Federal Contract Tower,0,17,4,0,21,23,12,21,0,56,23,29,25,0,77,90,4,94,171
02/01/2007,GYH,SC,ASO,ES,Federal Contract Tower,0,3,0,0,3,0,0,0,0,0,0,3,0,0,3,0,0,0,3
02/02/2007,GYH,SC,ASO,ES,Federal Contract Tower,0,7,3,3,13,0,9,0,0,9,0,16,3,3,22,0,4,4,26
02/03/2007,GYH,SC,ASO,ES,Federal Contract Tower,0,4,2,0,6,0,4,38,4,46,0,8,40,4,52,52,0,52,104
02/04/2007,GYH,SC,ASO,ES,Federal Contract Tower,0,7,3,0,10,0,9,7,3,19,0,16,10,3,29,0,2,2,31
02/05/2007,GYH,SC,ASO,ES,Federal Contract Tower,0,10,13,1,24,0,4,25,2,31,0,14,38,3,55,78,2,80,135
02/06/2007,GYH,SC,ASO,ES,Federal Contract Tower,0,3,4,11,18,0,3,36,7,46,0,6,40,18,64,90,4,94,158
02/07/2007,GYH,SC,ASO,ES,Federal Contract Tower,0,9,5,15,29,0,6,24,15,45,0,15,29,30,74,54,18,72,146
02/08/2007,GYH,SC,ASO,ES,Federal Contract Tower,0,10,2,2,14,0,4,28,17,49,0,14,30,19,63,98,32,130,193
02/09/2007,GYH,SC,ASO,ES,Federal Contract Tower,0,11,5,6,22,0,6,42,1,49,0,17,47,7,71,76,2,78,149
02/10/2007,GYH,SC,ASO,ES,Federal Contract Tower,0,3,7,0,10,0,5,75,0,80,0,8,82,0,90,180,0,180,270
02/11/2007,GYH,SC,ASO,ES,Federal Contract Tower,0,3,8,1,12,0,2,50,0,52,0,5,58,1,64,108,0,108,172
02/12/2007,GYH,SC,ASO,ES,Federal Contract Tower,0,6,3,2,11,0,8,42,0,50,0,14,45,2,61,218,0,218,279
02/13/2007,GYH,SC,ASO,ES,Federal Contract Tower,0,7,5,3,15,0,5,0,0,5,0,12,5,3,20,0,0,0,20
02/14/2007,GYH,SC,ASO,ES,Federal Contract Tower,0,5,1,12,18,0,1,12,2,15,0,6,13,14,33,18,0,18,51
02/15/2007,GYH,SC,ASO,ES,Federal Contract Tower,0,16,13,8,37,0,29,36,4,69,0,45,49,12,106,50,0,50,156
02/16/2007,GYH,SC,ASO,ES,Federal Contract Tower,0,10,5,3,18,0,9,38,3,50,0,19,43,6,68,66,2,68,136
02/17/2007,GYH,SC,ASO,ES,Federal Contract Tower,0,4,4,1,9,0,9,33,6,48,0,13,37,7,57,126,8,134,191
02/18/2007,GYH,SC,ASO,ES,Federal Contract Tower,0,5,2,0,7,0,3,26,0,29,0,8,28,0,36,8,0,8,44
02/19/2007,GYH,SC,ASO,ES,Federal Contract Tower,0,7,6,0,13,0,5,60,0,65,0,12,66,0,78,80,0,80,158
02/20/2007,GYH,SC,ASO,ES,Federal Contract Tower,0,4,3,6,13,0,2,20,1,23,0,6,23,7,36,0,0,0,36
02/21/2007,GYH,SC,ASO,ES,Federal Contract Tower,0,10,5,3,18,0,3,16,0,19,0,13,21,3,37,80,0,80,117
02/22/2007,GYH,SC,ASO,ES,Federal Contract Tower,0,5,6,11,22,0,8,33,7,48,0,13,39,18,70,10,12,22,92
02/23/2007,GYH,SC,ASO,ES,Federal Contract Tower,0,4,8,8,20,0,2,43,5,50,0,6,51,13,70,136,0,136,206
02/24/2007,GYH,SC,ASO,ES,Federal Contract Tower,0,0,8,0,8,0,2,89,2,93,0,2,97,2,101,190,0,190,291
02/25/2007,GYH,SC,ASO,ES,Federal Contract Tower,0,1,2,0,3,0,0,0,0,0,0,1,2,0,3,0,0,0,3
02/26/2007,GYH,SC,ASO,ES,Federal Contract Tower,0,10,14,9,33,0,21,27,2,50,0,31,41,11,83,120,4,124,207
02/27/2007,GYH,SC,ASO,ES,Federal Contract Tower,0,7,12,4,23,0,8,47,6,61,0,15,59,10,84,122,0,122,206
02/28/2007,GYH,SC,ASO,ES,Federal Contract Tower,0,11,9,8,28,0,2,50,4,56,0,13,59,12,84,192,0,192,276
03/01/2007,GYH,SC,ASO,ES,Federal Contract Tower,0,5,5,2,12,0,0,0,0,0,0,5,5,2,12,0,0,0,12
03/02/2007,GYH,SC,ASO,ES,Federal Contract Tower,0,15,7,5,27,0,19,37,9,65,0,34,44,14,92,64,8,72,164
03/03/2007,GYH,SC,ASO,ES,Federal Contract Tower,0,4,2,2,8,0,2,21,1,24,0,6,23,3,32,60,0,60,92
03/04/2007,GYH,SC,ASO,ES,Federal Contract Tower,0,3,8,2,13,0,9,43,2,54,0,12,51,4,67,48,0,48,115
03/05/2007,GYH,SC,ASO,ES,Federal Contract Tower,0,5,7,0,12,0,2,36,1,39,0,7,43,1,51,46,2,48,99
03/06/2007,GYH,SC,ASO,ES,Federal Contract Tower,0,2,10,0,12,0,6,36,0,42,0,8,46,0,54,66,0,66,120
03/07/2007,GYH,SC,ASO,ES,Federal Contract Tower,0,7,11,3,21,0,11,29,6,46,0,18,40,9,67,128,0,128,195
03/08/2007,GYH,SC,ASO,ES,Federal Contract Tower,0,9,18,0,27,0,12,51,0,63,0,21,69,0,90,126,0,126,216
03/09/2007,GYH,SC,ASO,ES,Federal Contract Tower,0,4,6,4,14,0,4,47,1,52,0,8,53,5,66,92,0,92,158
03/10/2007,GYH,SC,ASO,ES,Federal Contract Tower,0,7,4,0,11,0,4,49,0,53,0,11,53,0,64,136,0,136,200
03/11/2007,GYH,SC,ASO,ES,Federal Contract Tower,0,4,4,0,8,0,9,46,0,55,0,13,50,0,63,102,0,102,165
03/12/2007,GYH,SC,ASO,ES,Federal Contract Tower,0,5,6,1,12,0,2,49,1,52,0,7,55,2,64,118,0,118,182
03/13/2007,GYH,SC,ASO,ES,Federal Contract Tower,0,4,7,9,20,0,10,39,0,49,0,14,46,9,69,100,0,100,169
03/14/2007,GYH,SC,ASO,ES,Federal Contract Tower,0,5,7,4,16,0,15,20,17,52,0,20,27,21,68,24,6,30,98
03/15/2007,GYH,SC,ASO,ES,Federal Contract Tower,0,1,9,6,16,0,24,25,2,51,0,25,34,8,67,56,0,56,123
03/16/2007,GYH,SC,ASO,ES,Federal Contract Tower,0,9,7,6,22,0,0,2,0,2,0,9,9,6,24,0,0,0,24
03/17/2007,GYH,SC,ASO,ES,Federal Contract Tower,0,5,5,1,11,0,3,56,6,65,0,8,61,7,76,124,0,124,200
03/18/2007,GYH,SC,ASO,ES,Federal Contract Tower,0,4,8,1,13,0,9,42,1,52,0,13,50,2,65,130,0,130,195
03/19/2007,GYH,SC,ASO,ES,Federal Contract Tower,0,7,8,5,20,0,10,21,15,46,0,17,29,20,66,36,6,42,108
03/20/2007,GYH,SC,ASO,ES,Federal Contract Tower,0,6,11,12,29,0,16,44,13,73,0,22,55,25,102,134,52,186,288
03/21/2007,GYH,SC,ASO,ES,Federal Contract Tower,0,8,10,6,24,0,11,32,10,53,0,19,42,16,77,40,10,50,127
03/22/2007,GYH,SC,ASO,ES,Federal Contract Tower,0,9,2,2,13,0,19,43,2,64,0,28,45,4,77,126,8,134,211
03/23/2007,GYH,SC,ASO,ES,Federal Contract Tower,0,8,7,5,20,0,6,60,10,76,0,14,67,15,96,52,10,62,158
03/24/2007,GYH,SC,ASO,ES,Federal Contract Tower,0,4,10,1,15,0,10,166,21,197,0,14,176,22,212,46,0,46,258
03/25/2007,GYH,SC,ASO,ES,Federal Contract Tower,0,11,6,1,18,0,6,54,0,60,0,17,60,1,78,38,0,38,116
03/26/2007,GYH,SC,ASO,ES,Federal Contract Tower,0,5,13,0,18,0,6,53,0,59,0,11,66,0,77,72,0,72,149
03/27/2007,GYH,SC,ASO,ES,Federal Contract Tower,0,7,11,20,38,0,13,54,4,71,0,20,65,24,109,96,12,108,217
03/28/2007,GYH,SC,ASO,ES,Federal Contract Tower,0,6,5,1,12,0,11,20,4,35,0,17,25,5,47,32,0,32,79
03/29/2007,GYH,SC,ASO,ES,Federal Contract Tower,0,11,10,7,28,0,18,5,2,25,0,29,15,9,53,0,2,2,55
03/30/2007,GYH,SC,ASO,ES,Federal Contract Tower,0,10,20,1,31,0,4,43,3,50,0,14,63,4,81,118,0,118,199
03/31/2007,GYH,SC,ASO,ES,Federal Contract Tower,0,6,11,1,18,0,5,41,6,52,0,11,52,7,70,82,0,82,152
04/01/2007,GYH,SC,ASO,ES,Federal Contract Tower,0,0,9,1,10,0,0,6,0,6,0,0,15,1,16,8,0,8,24
04/02/2007,GYH,SC,ASO,ES,Federal Contract Tower,0,2,9,0,11,0,3,33,2,38,0,5,42,2,49,50,0,50,99
04/03/2007,GYH,SC,ASO,ES,Federal Contract Tower,0,9,10,13,32,0,8,28,2,38,0,17,38,15,70,18,4,22,92
04/04/2007,GYH,SC,ASO,ES,Federal Contract Tower,0,3,7,2,12,0,13,18,6,37,0,16,25,8,49,16,0,16,65
04/05/2007,GYH,SC,ASO,ES,Federal Contract Tower,0,6,3,6,15,0,13,31,15,59,0,19,34,21,74,22,0,22,96
04/06/2007,GYH,SC,ASO,ES,Federal Contract Tower,0,2,16,3,21,0,14,41,4,59,0,16,57,7,80,34,0,34,114
04/07/2007,GYH,SC,ASO,ES,Federal Contract Tower,0,1,4,1,6,0,21,22,0,43,0,22,26,1,49,32,0,32,81
04/08/2007,GYH,SC,ASO,ES,Federal Contract Tower,0,0,9,0,9,0,4,30,0,34,0,4,39,0,43,12,0,12,55
04/09/2007,GYH,SC,ASO,ES,Federal Contract Tower,0,2,8,1,11,0,6,24,1,31,0,8,32,2,42,24,0,24,66
04/10/2007,GYH,SC,ASO,ES,Federal Contract Tower,0,5,10,6,21,0,8,38,0,46,0,13,48,6,67,54,0,54,121
04/11/2007,GYH,SC,ASO,ES,Federal Contract Tower,0,4,18,0,22,0,0,0,0,0,0,4,18,0,22,0,0,0,22
04/12/2007,GYH,SC,ASO,ES,Federal Contract Tower,0,7,6,10,23,7,6,18,5,36,7,13,24,15,59,4,0,4,63
04/13/2007,GYH,SC,ASO,ES,Federal Contract Tower,0,14,5,1,20,0,14,69,7,90,0,28,74,8,110,134,0,134,244
04/14/2007,GYH,SC,ASO,ES,Federal Contract Tower,0,4,10,6,20,0,0,42,1,43,0,4,52,7,63,48,0,48,111
04/15/2007,GYH,SC,ASO,ES,Federal Contract Tower,0,1,2,0,3,0,0,5,0,5,0,1,7,0,8,0,0,0,8
04/16/2007,GYH,SC,ASO,ES,Federal Contract Tower,0,3,3,1,7,0,3,12,0,15,0,6,15,1,22,14,0,14,36
04/17/2007,GYH,SC,ASO,ES,Federal Contract Tower,0,5,4,4,13,0,10,36,6,52,0,15,40,10,65,104,0,104,169
04/18/2007,GYH,SC,ASO,ES,Federal Contract Tower,0,5,12,7,24,0,9,32,3,44,0,14,44,10,68,70,0,70,138
04/19/2007,GYH,SC,ASO,ES,Federal Contract Tower,0,3,17,2,22,0,5,32,0,37,0,8,49,2,59,24,0,24,83
04/20/2007,GYH,SC,ASO,ES,Federal Contract Tower,0,3,14,0,17,0,8,37,0,45,0,11,51,0,62,78,0,78,140
04/21/2007,GYH,SC,ASO,ES,Federal Contract Tower,0,0,4,0,4,0,11,53,0,64,0,11,57,0,68,78,0,78,146
04/22/2007,GYH,SC,ASO,ES,Federal Contract Tower,0,2,12,0,14,0,2,47,0,49,0,4,59,0,63,74,0,74,137
04/23/2007,GYH,SC,ASO,ES,Federal Contract Tower,0,3,7,7,17,0,8,39,0,47,0,11,46,7,64,74,0,74,138
04/24/2007,GYH,SC,ASO,ES,Federal Contract Tower,0,4,5,10,19,0,6,25,6,37,0,10,30,16,56,78,12,90,146
04/25/2007,GYH,SC,ASO,ES,Federal Contract Tower,0,3,4,0,7,0,9,33,6,48,0,12,37,6,55,104,16,120,175
04/26/2007,GYH,SC,ASO,ES,Federal Contract Tower,0,13,7,0,20,0,12,21,1,34,0,25,28,1,54,42,0,42,96
04/27/2007,GYH,SC,ASO,ES,Federal Contract Tower,0,9,14,1,24,0,12,20,2,34,0,21,34,3,58,54,6,60,118
04/28/2007,GYH,SC,ASO,ES,Federal Contract Tower,0,4,2,0,6,0,4,46,2,52,0,8,48,2,58,130,0,130,188
04/29/2007,GYH,SC,ASO,ES,Federal Contract Tower,0,3,1,0,4,0,8,45,0,53,0,11,46,0,57,68,0,68,125
04/30/2007,GYH,SC,ASO,ES,Federal Contract Tower,0,2,3,27,32,0,11,37,0,48,0,13,40,27,80,134,22,156,236
05/01/2007,GYH,SC,ASO,ES,Federal Contract Tower,0,3,10,4,17,0,4,40,2,46,0,7,50,6,63,96,8,104,167
05/02/2007,GYH,SC,ASO,ES,Federal Contract Tower,0,9,13,8,30,0,11,42,15,68,0,20,55,23,98,88,14,102,200
05/03/2007,GYH,SC,ASO,ES,Federal Contract Tower,0,5,7,2,14,0,10,40,5,55,0,15,47,7,69,120,0,120,189
05/04/2007,GYH,SC,ASO,ES,Federal Contract Tower,0,7,8,5,20,0,0,2,0,2,0,7,10,5,22,4,0,4,26
05/05/2007,GYH,SC,ASO,ES,Federal Contract Tower,0,4,13,1,18,0,0,0,0,0,0,4,13,1,18,0,0,0,18
05/06/2007,GYH,SC,ASO,ES,Federal Contract Tower,0,3,13,4,20,0,0,14,2,16,0,3,27,6,36,0,0,0,36
05/07/2007,GYH,SC,ASO,ES,Federal Contract Tower,0,3,15,3,21,0,6,30,0,36,0,9,45,3,57,24,0,24,81
05/08/2007,GYH,SC,ASO,ES,Federal Contract Tower,0,4,7,16,27,0,15,22,6,43,0,19,29,22,70,52,30,82,152
05/09/2007,GYH,SC,ASO,ES,Federal Contract Tower,0,5,17,8,30,0,10,27,8,45,0,15,44,16,75,68,0,68,143
05/10/2007,GYH,SC,ASO,ES,Federal Contract Tower,0,1,16,5,22,0,2,47,2,51,0,3,63,7,73,106,10,116,189
05/11/2007,GYH,SC,ASO,ES,Federal Contract Tower,0,6,4,4,14,0,12,49,4,65,0,18,53,8,79,0,84,84,163
05/12/2007,GYH,SC,ASO,ES,Federal Contract Tower,0,2,10,3,15,0,10,30,1,41,0,12,40,4,56,52,6,58,114
05/13/2007,GYH,SC,ASO,ES,Federal Contract Tower,0,0,10,0,10,0,0,42,0,42,0,0,52,0,52,28,0,28,80
05/14/2007,GYH,SC,ASO,ES,Federal Contract Tower,0,1,15,3,19,0,7,36,0,43,0,8,51,3,62,40,0,40,102
05/15/2007,GYH,SC,ASO,ES,Federal Contract Tower,0,4,15,15,34,0,8,56,8,72,0,12,71,23,106,114,10,124,230
05/16/2007,GYH,SC,ASO,ES,Federal Contract Tower,0,7,4,6,17,0,23,25,8,56,0,30,29,14,73,0,4,4,77
05/17/2007,GYH,SC,ASO,ES,Federal Contract Tower,0,7,12,7,26,0,8,45,3,56,0,15,57,10,82,0,2,2,84
05/18/2007,GYH,SC,ASO,ES,Federal Contract Tower,0,4,10,6,20,0,10,26,11,47,0,14,36,17,67,6,0,6,73
05/19/2007,GYH,SC,ASO,ES,Federal Contract Tower,0,1,6,2,9,0,5,39,1,45,0,6,45,3,54,42,6,48,102
05/20/2007,GYH,SC,ASO,ES,Federal Contract Tower,0,1,14,0,15,0,8,53,4,65,0,9,67,4,80,40,0,40,120
05/21/2007,GYH,SC,ASO,ES,Federal Contract Tower,0,4,14,8,26,0,10,28,6,44,0,14,42,14,70,62,10,72,142
05/22/2007,GYH,SC,ASO,ES,Federal Contract Tower,0,4,8,5,17,0,7,36,8,51,0,11,44,13,68,28,0,28,96
05/23/2007,GYH,SC,ASO,ES,Federal Contract Tower,0,9,9,1,19,0,14,35,11,60,0,23,44,12,79,44,0,44,123
05/24/2007,GYH,SC,ASO,ES,Federal Contract Tower,0,2,7,7,16,0,14,22,10,46,0,16,29,17,62,16,18,34,96
05/25/2007,GYH,SC,ASO,ES,Federal Contract Tower,0,1,9,1,11,0,15,32,18,65,0,16,41,19,76,30,10,40,116
05/26/2007,GYH,SC,ASO,ES,Federal Contract Tower,0,4,21,0,25,0,9,31,1,41,0,13,52,1,66,84,10,94,160
05/27/2007,GYH,SC,ASO,ES,Federal Contract Tower,0,2,13,0,15,0,4,20,0,24,0,6,33,0,39,0,0,0,39
05/28/2007,GYH,SC,ASO,ES,Federal Contract Tower,0,2,10,0,12,0,16,39,2,57,0,18,49,2,69,32,0,32,101
05/29/2007,GYH,SC,ASO,ES,Federal Contract Tower,0,7,8,3,18,0,28,23,9,60,0,35,31,12,78,50,4,54,132
05/30/2007,GYH,SC,ASO,ES,Federal Contract Tower,0,9,8,8,25,0,9,41,15,65,0,18,49,23,90,32,10,42,132
05/31/2007,GYH,SC,ASO,ES,Federal Contract Tower,0,1,17,3,21,0,13,25,9,47,0,14,42,12,68,110,4,114,182
06/01/2007,GYH,SC,ASO,ES,Federal Contract Tower,0,2,4,5,11,0,11,28,0,39,0,13,32,5,50,98,2,100,150
06/02/2007,GYH,SC,ASO,ES,Federal Contract Tower,0,0,19,4,23,0,3,45,0,48,0,3,64,4,71,136,16,152,223
06/03/2007,GYH,SC,ASO,ES,Federal Contract Tower,0,1,4,0,5,0,7,18,0,25,0,8,22,0,30,66,0,66,96
06/04/2007,GYH,SC,ASO,ES,Federal Contract Tower,0,2,5,5,12,0,3,19,1,23,0,5,24,6,35,10,6,16,51
06/05/2007,GYH,SC,ASO,ES,Federal Contract Tower,0,8,10,5,23,0,2,30,6,38,0,10,40,11,61,74,20,94,155
06/06/2007,GYH,SC,ASO,ES,Federal Contract Tower,0,8,4,4,16,0,19,26,4,49,0,27,30,8,65,22,0,22,87
06/07/2007,GYH,SC,ASO,ES,Federal Contract Tower,0,8,3,6,17,0,21,60,4,85,0,29,63,10,102,146,0,146,248
06/08/2007,GYH,SC,ASO,ES,Federal Contract Tower,0,4,11,3,18,0,4,41,4,49,0,8,52,7,67,120,22,142,209
06/09/2007,GYH,SC,ASO,ES,Federal Contract Tower,0,2,7,3,12,0,4,41,5,50,0,6,48,8,62,78,0,78,140
06/10/2007,GYH,SC,ASO,ES,Federal Contract Tower,0,1,10,1,12,0,3,25,1,29,0,4,35,2,41,16,0,16,57
06/11/2007,GYH,SC,ASO,ES,Federal Contract Tower,0,3,11,4,18,0,4,11,2,17,0,7,22,6,35,14,2,16,51
06/12/2007,GYH,SC,ASO,ES,Federal Contract Tower,0,4,11,3,18,0,8,24,4,36,0,12,35,7,54,24,0,24,78
06/13/2007,GYH,SC,ASO,ES,Federal Contract Tower,0,5,6,13,24,0,7,35,0,42,0,12,41,13,66,50,12,62,128
06/14/2007,GYH,SC,ASO,ES,Federal Contract Tower,0,2,22,4,28,0,4,34,14,52,0,6,56,18,80,36,2,38,118
06/15/2007,GYH,SC,ASO,ES,Federal Contract Tower,0,9,5,8,22,0,2,6,2,10,0,11,11,10,32,0,4,4,36
06/16/2007,GYH,SC,ASO,ES,Federal Contract Tower,0,5,15,0,20,0,9,22,0,31,0,14,37,0,51,102,0,102,153
06/17/2007,GYH,SC,ASO,ES,Federal Contract Tower,0,2,5,0,7,0,1,38,0,39,0,3,43,0,46,116,0,116,162
06/18/2007,GYH,SC,ASO,ES,Federal Contract Tower,0,2,11,1,14,0,9,30,4,43,0,11,41,5,57,50,0,50,107
06/19/2007,GYH,SC,ASO,ES,Federal Contract Tower,0,11,11,8,30,0,11,38,3,52,0,22,49,11,82,152,0,152,234
06/20/2007,GYH,SC,ASO,ES,Federal Contract Tower,0,3,9,3,15,0,13,42,17,72,0,16,51,20,87,56,8,64,151
06/21/2007,GYH,SC,ASO,ES,Federal Contract Tower,0,8,4,1,13,0,4,47,6,57,0,12,51,7,70,50,0,50,120
06/22/2007,GYH,SC,ASO,ES,Federal Contract Tower,0,6,12,3,21,0,9,56,8,73,0,15,68,11,94,106,4,110,204
06/23/2007,GYH,SC,ASO,ES,Federal Contract Tower,0,4,4,0,8,0,6,35,0,41,0,10,39,0,49,96,0,96,145
06/24/2007,GYH,SC,ASO,ES,Federal Contract Tower,0,2,2,1,5,0,19,33,0,52,0,21,35,1,57,92,0,92,149
06/25/2007,GYH,SC,ASO,ES,Federal Contract Tower,0,1,8,6,15,0,3,5,4,12,0,4,13,10,27,16,4,20,47
06/26/2007,GYH,SC,ASO,ES,Federal Contract Tower,0,6,8,11,25,0,10,33,7,50,0,16,41,18,75,86,2,88,163
06/27/2007,GYH,SC,ASO,ES,Federal Contract Tower,0,6,16,13,35,0,22,16,8,46,0,28,32,21,81,6,4,10,91
06/28/2007,GYH,SC,ASO,ES,Federal Contract Tower,0,2,5,5,12,0,6,25,18,49,0,8,30,23,61,86,42,128,189
06/29/2007,GYH,SC,ASO,ES,Federal Contract Tower,0,5,5,2,12,0,12,28,11,51,0,17,33,13,63,106,12,118,181
06/30/2007,GYH,SC,ASO,ES,Federal Contract Tower,0,2,9,0,11,0,9,27,0,36,0,11,36,0,47,132,0,132,179
07/01/2007,GYH,SC,ASO,ES,Federal Contract Tower,0,1,3,0,4,0,0,41,0,41,0,1,44,0,45,84,0,84,129
07/02/2007,GYH,SC,ASO,ES,Federal Contract Tower,0,2,11,9,22,0,3,9,1,13,0,5,20,10,35,0,0,0,35
07/03/2007,GYH,SC,ASO,ES,Federal Contract Tower,0,4,7,12,23,0,12,50,29,91,0,16,57,41,114,42,6,48,162
07/04/2007,GYH,SC,ASO,ES,Federal Contract Tower,0,0,8,2,10,0,13,42,0,55,0,13,50,2,65,84,0,84,149
07/05/2007,GYH,SC,ASO,ES,Federal Contract Tower,0,3,9,0,12,0,19,41,2,62,0,22,50,2,74,34,26,60,134
07/06/2007,GYH,SC,ASO,ES,Federal Contract Tower,0,1,5,5,11,0,0,14,1,15,0,1,19,6,26,22,0,22,48
07/07/2007,GYH,SC,ASO,ES,Federal Contract Tower,0,1,2,0,3,0,5,34,3,42,0,6,36,3,45,98,0,98,143
07/08/2007,GYH,SC,ASO,ES,Federal Contract Tower,0,3,8,1,12,0,3,24,0,27,0,6,32,1,39,54,0,54,93
07/09/2007,GYH,SC,ASO,ES,Federal Contract Tower,0,0,18,5,23,0,4,8,5,17,0,4,26,10,40,10,12,22,62
07/10/2007,GYH,SC,ASO,ES,Federal Contract Tower,0,5,5,4,14,0,14,31,8,53,0,19,36,12,67,88,22,110,177
07/11/2007,GYH,SC,ASO,ES,Federal Contract Tower,0,9,54,12,75,0,3,33,3,39,0,12,87,15,114,28,0,28,142
07/12/2007,GYH,SC,ASO,ES,Federal Contract Tower,0,6,9,4,19,0,10,34,9,53,0,16,43,13,72,164,8,172,244
07/13/2007,GYH,SC,ASO,ES,Federal Contract Tower,0,4,8,6,18,0,21,35,5,61,0,25,43,11,79,40,2,42,121
07/14/2007,GYH,SC,ASO,ES,Federal Contract Tower,0,1,11,1,13,0,6,42,1,49,0,7,53,2,62,44,2,46,108
07/15/2007,GYH,SC,ASO,ES,Federal Contract Tower,0,2,2,0,4,0,8,9,0,17,0,10,11,0,21,46,0,46,67
07/16/2007,GYH,SC,ASO,ES,Federal Contract Tower,0,7,10,6,23,0,0,12,2,14,0,7,22,8,37,8,0,8,45
07/17/2007,GYH,SC,ASO,ES,Federal Contract Tower,0,2,10,5,17,0,0,37,3,40,0,2,47,8,57,56,16,72,129
07/18/2007,GYH,SC,ASO,ES,Federal Contract Tower,0,2,13,3,18,0,20,56,13,89,0,22,69,16,107,58,0,58,165
07/19/2007,GYH,SC,ASO,ES,Federal Contract Tower,0,5,4,7,16,0,19,28,9,56,0,24,32,16,72,48,2,50,122
07/20/2007,GYH,SC,ASO,ES,Federal Contract Tower,0,4,6,20,30,0,4,45,7,56,0,8,51,27,86,72,0,72,158
07/21/2007,GYH,SC,ASO,ES,Federal Contract Tower,0,0,10,0,10,0,8,44,2,54,0,8,54,2,64,88,0,88,152
07/22/2007,GYH,SC,ASO,ES,Federal Contract Tower,0,3,9,3,15,0,6,46,2,54,0,9,55,5,69,38,2,40,109
07/23/2007,GYH,SC,ASO,ES,Federal Contract Tower,0,1,15,3,19,0,4,38,0,42,0,5,53,3,61,84,0,84,145
07/24/2007,GYH,SC,ASO,ES,Federal Contract Tower,0,3,7,1,11,0,16,27,8,51,0,19,34,9,62,58,0,58,120
07/25/2007,GYH,SC,ASO,ES,Federal Contract Tower,0,6,6,8,20,0,12,27,14,53,0,18,33,22,73,12,8,20,93
07/26/2007,GYH,SC,ASO,ES,Federal Contract Tower,0,3,7,8,18,0,9,25,9,43,0,12,32,17,61,38,4,42,103
07/27/2007,GYH,SC,ASO,ES,Federal Contract Tower,0,2,13,7,22,0,19,30,4,53,0,21,43,11,75,108,2,110,185
07/28/2007,GYH,SC,ASO,ES,Federal Contract Tower,0,4,5,2,11,0,0,0,0,0,0,4,5,2,11,0,0,0,11
07/29/2007,GYH,SC,ASO,ES,Federal Contract Tower,0,3,12,5,20,0,3,0,0,3,0,6,12,5,23,0,0,0,23
07/30/2007,GYH,SC,ASO,ES,Federal Contract Tower,0,6,13,23,42,0,0,11,9,20,0,6,24,32,62,10,0,10,72
07/31/2007,GYH,SC,ASO,ES,Federal Contract Tower,0,3,5,19,27,0,10,37,16,63,0,13,42,35,90,54,6,60,150
08/01/2007,GYH,SC,ASO,ES,Federal Contract Tower,0,3,12,3,18,0,16,37,15,68,0,19,49,18,86,110,12,122,208
08/02/2007,GYH,SC,ASO,ES,Federal Contract Tower,0,2,15,5,22,0,15,49,5,69,0,17,64,10,91,60,38,98,189
08/03/2007,GYH,SC,ASO,ES,Federal Contract Tower,0,8,10,4,22,0,6,37,2,45,0,14,47,6,67,150,30,180,247
08/04/2007,GYH,SC,ASO,ES,Federal Contract Tower,0,0,8,1,9,0,9,53,1,63,0,9,61,2,72,82,0,82,154
08/05/2007,GYH,SC,ASO,ES,Federal Contract Tower,0,1,16,1,18,0,10,32,0,42,0,11,48,1,60,34,0,34,94
08/06/2007,GYH,SC,ASO,ES,Federal Contract Tower,0,4,20,3,27,0,3,29,7,39,0,7,49,10,66,64,0,64,130
08/07/2007,GYH,SC,ASO,ES,Federal Contract Tower,0,2,10,11,23,0,12,17,2,31,0,14,27,13,54,40,6,46,100
08/08/2007,GYH,SC,ASO,ES,Federal Contract Tower,0,6,20,3,29,0,18,22,1,41,0,24,42,4,70,32,0,32,102
08/09/2007,GYH,SC,ASO,ES,Federal Contract Tower,0,3,6,2,11,0,7,16,6,29,0,10,22,8,40,6,28,34,74
08/10/2007,GYH,SC,ASO,ES,Federal Contract Tower,0,4,9,4,17,0,10,27,3,40,0,14,36,7,57,48,2,50,107
08/11/2007,GYH,SC,ASO,ES,Federal Contract Tower,0,0,4,0,4,0,5,22,0,27,0,5,26,0,31,36,0,36,67
08/12/2007,GYH,SC,ASO,ES,Federal Contract Tower,0,5,7,0,12,0,3,25,0,28,0,8,32,0,40,38,0,38,78
08/13/2007,GYH,SC,ASO,ES,Federal Contract Tower,0,3,11,6,20,0,12,20,4,36,0,15,31,10,56,14,2,16,72
08/14/2007,GYH,SC,ASO,ES,Federal Contract Tower,0,5,6,1,12,0,2,38,2,42,0,7,44,3,54,18,0,18,72
08/15/2007,GYH,SC,ASO,ES,Federal Contract Tower,0,5,4,8,17,0,14,30,11,55,0,19,34,19,72,34,10,44,116
08/16/2007,GYH,SC,ASO,ES,Federal Contract Tower,0,2,3,0,5,0,7,25,1,33,0,9,28,1,38,48,0,48,86
08/17/2007,GYH,SC,ASO,ES,Federal Contract Tower,0,4,6,0,10,0,11,28,2,41,0,15,34,2,51,100,0,100,151
08/18/2007,GYH,SC,ASO,ES,Federal Contract Tower,0,1,6,0,7,0,1,53,0,54,0,2,59,0,61,46,0,46,107
08/19/2007,GYH,SC,ASO,ES,Federal Contract Tower,0,4,6,1,11,0,4,34,0,38,0,8,40,1,49,12,0,12,61
08/20/2007,GYH,SC,ASO,ES,Federal Contract Tower,0,0,7,2,9,0,5,27,0,32,0,5,34,2,41,20,0,20,61
08/21/2007,GYH,SC,ASO,ES,Federal Contract Tower,0,5,8,5,18,0,7,28,10,45,0,12,36,15,63,8,12,20,83
08/22/2007,GYH,SC,ASO,ES,Federal Contract Tower,0,5,6,12,23,0,9,30,5,44,0,14,36,17,67,56,6,62,129
08/23/2007,GYH,SC,ASO,ES,Federal Contract Tower,0,4,18,5,27,0,2,21,2,25,0,6,39,7,52,104,14,118,170
08/24/2007,GYH,SC,ASO,ES,Federal Contract Tower,0,4,6,8,18,0,6,27,5,38,0,10,33,13,56,54,14,68,124
08/25/2007,GYH,SC,ASO,ES,Federal Contract Tower,0,3,3,4,10,0,16,43,1,60,0,19,46,5,70,46,0,46,116
08/26/2007,GYH,SC,ASO,ES,Federal Contract Tower,0,0,8,2,10,0,11,19,0,30,0,11,27,2,40,44,0,44,84
08/27/2007,GYH,SC,ASO,ES,Federal Contract Tower,0,2,19,3,24,0,6,18,4,28,0,8,37,7,52,12,0,12,64
08/28/2007,GYH,SC,ASO,ES,Federal Contract Tower,0,6,5,4,15,0,3,34,4,41,0,9,39,8,56,50,0,50,106
08/29/2007,GYH,SC,ASO,ES,Federal Contract Tower,0,10,22,7,39,0,15,41,3,59,0,25,63,10,98,76,0,76,174
08/30/2007,GYH,SC,ASO,ES,Federal Contract Tower,0,2,10,7,19,0,1,24,1,26,0,3,34,8,45,24,0,24,69
08/31/2007,GYH,SC,ASO,ES,Federal Contract Tower,0,2,10,4,16,0,6,23,5,34,0,8,33,9,50,112,0,112,162
09/01/2007,GYH,SC,ASO,ES,Federal Contract Tower,0,4,12,1,17,0,7,10,0,17,0,11,22,1,34,26,0,26,60
09/02/2007,GYH,SC,ASO,ES,Federal Contract Tower,0,0,2,2,4,0,5,25,4,34,0,5,27,6,38,36,4,40,78
09/03/2007,GYH,SC,ASO,ES,Federal Contract Tower,0,1,11,0,12,0,14,42,0,56,0,15,53,0,68,58,0,58,126
09/04/2007,GYH,SC,ASO,ES,Federal Contract Tower,0,3,5,3,11,0,3,36,5,44,0,6,41,8,55,16,16,32,87
09/05/2007,GYH,SC,ASO,ES,Federal Contract Tower,0,5,14,4,23,0,3,51,9,63,0,8,65,13,86,46,12,58,144
09/06/2007,GYH,SC,ASO,ES,Federal Contract Tower,0,2,6,3,11,0,3,22,10,35,0,5,28,13,46,50,0,50,96
09/07/2007,GYH,SC,ASO,ES,Federal Contract Tower,0,3,7,3,13,0,8,33,14,55,0,11,40,17,68,48,2,50,118
09/08/2007,GYH,SC,ASO,ES,Federal Contract Tower,0,1,7,0,8,0,12,59,4,75,0,13,66,4,83,132,0,132,215
09/09/2007,GYH,SC,ASO,ES,Federal Contract Tower,0,0,8,0,8,0,8,44,0,52,0,8,52,0,60,62,0,62,122
09/10/2007,GYH,SC,ASO,ES,Federal Contract Tower,0,2,5,5,12,0,5,23,2,30,0,7,28,7,42,22,0,22,64
09/11/2007,GYH,SC,ASO,ES,Federal Contract Tower,0,8,9,7,24,0,9,28,14,51,0,17,37,21,75,0,8,8,83
09/12/2007,GYH,SC,ASO,ES,Federal Contract Tower,0,5,7,13,25,0,16,36,16,68,0,21,43,29,93,44,8,52,145
09/13/2007,GYH,SC,ASO,ES,Federal Contract Tower,0,4,7,8,19,0,1,0,0,1,0,5,7,8,20,0,0,0,20
09/14/2007,GYH,SC,ASO,ES,Federal Contract Tower,0,6,11,1,18,0,0,4,5,9,0,6,15,6,27,2,0,2,29
09/15/2007,GYH,SC,ASO,ES,Federal Contract Tower,0,0,20,1,21,0,11,43,3,57,0,11,63,4,78,66,0,66,144
09/16/2007,GYH,SC,ASO,ES,Federal Contract Tower,0,0,11,2,13,0,13,40,7,60,0,13,51,9,73,76,6,82,155
09/17/2007,GYH,SC,ASO,ES,Federal Contract Tower,0,3,5,8,16,0,10,49,7,66,0,13,54,15,82,32,12,44,126
09/18/2007,GYH,SC,ASO,ES,Federal Contract Tower,0,3,11,19,33,0,5,38,6,49,0,8,49,25,82,66,26,92,174
09/19/2007,GYH,SC,ASO,ES,Federal Contract Tower,0,7,6,14,27,0,14,42,9,65,0,21,48,23,92,42,6,48,140
09/20/2007,GYH,SC,ASO,ES,Federal Contract Tower,0,7,24,11,42,0,4,28,13,45,0,11,52,24,87,68,20,88,175
09/21/2007,GYH,SC,ASO,ES,Federal Contract Tower,0,2,14,5,21,0,7,24,0,31,0,9,38,5,52,40,8,48,100
09/22/2007,GYH,SC,ASO,ES,Federal Contract Tower,0,0,6,2,8,0,5,18,0,23,0,5,24,2,31,26,0,26,57
09/23/2007,GYH,SC,ASO,ES,Federal Contract Tower,0,4,6,0,10,0,4,59,0,63,0,8,65,0,73,12,0,12,85
09/24/2007,GYH,SC,ASO,ES,Federal Contract Tower,0,2,6,7,15,0,9,36,4,49,0,11,42,11,64,38,12,50,114
09/25/2007,GYH,SC,ASO,ES,Federal Contract Tower,0,5,10,9,24,0,13,57,11,81,0,18,67,20,105,162,28,190,295
09/26/2007,GYH,SC,ASO,ES,Federal Contract Tower,0,13,20,7,40,0,4,55,3,62,0,17,75,10,102,90,0,90,192
09/27/2007,GYH,SC,ASO,ES,Federal Contract Tower,0,3,12,8,23,0,4,33,17,54,0,7,45,25,77,128,28,156,233
09/28/2007,GYH,SC,ASO,ES,Federal Contract Tower,0,3,10,2,15,0,15,68,8,91,0,18,78,10,106,80,0,80,186
09/29/2007,GYH,SC,ASO,ES,Federal Contract Tower,0,2,2,2,6,0,1,65,6,72,0,3,67,8,78,86,0,86,164
09/30/2007,GYH,SC,ASO,ES,Federal Contract Tower,0,1,11,0,12,0,19,44,2,65,0,20,55,2,77,52,0,52,129
10/01/2007,GYH,SC,ASO,ES,Federal Contract Tower,0,3,3,6,12,0,1,31,1,33,0,4,34,7,45,70,0,70,115
10/02/2007,GYH,SC,ASO,ES,Federal Contract Tower,0,8,5,8,21,0,6,48,11,65,0,14,53,19,86,42,0,42,128
10/03/2007,GYH,SC,ASO,ES,Federal Contract Tower,0,4,9,21,34,0,6,27,7,40,0,10,36,28,74,60,14,74,148
10/04/2007,GYH,SC,ASO,ES,Federal Contract Tower,0,1,11,3,15,0,9,18,0,27,0,10,29,3,42,0,0,0,42
10/05/2007,GYH,SC,ASO,ES,Federal Contract Tower,0,0,18,6,24,0,8,15,5,28,0,8,33,11,52,88,18,106,158
10/06/2007,GYH,SC,ASO,ES,Federal Contract Tower,0,1,1,7,9,0,2,30,3,35,0,3,31,10,44,24,8,32,76
10/07/2007,GYH,SC,ASO,ES,Federal Contract Tower,0,0,18,1,19,0,0,30,1,31,0,0,48,2,50,60,0,60,110
10/08/2007,GYH,SC,ASO,ES,Federal Contract Tower,0,2,11,4,17,0,8,58,2,68,0,10,69,6,85,84,0,84,169
10/09/2007,GYH,SC,ASO,ES,Federal Contract Tower,0,5,5,10,20,0,12,43,6,61,0,17,48,16,81,50,0,50,131
10/10/2007,GYH,SC,ASO,ES,Federal Contract Tower,0,1,8,5,14,0,8,58,8,74,0,9,66,13,88,84,6,90,178
10/11/2007,GYH,SC,ASO,ES,Federal Contract Tower,0,9,13,8,30,0,11,57,23,91,0,20,70,31,121,50,0,50,171
10/12/2007,GYH,SC,ASO,ES,Federal Contract Tower,0,8,8,4,20,0,23,60,22,105,0,31,68,26,125,88,8,96,221
10/13/2007,GYH,SC,ASO,ES,Federal Contract Tower,0,0,5,1,6,0,2,56,3,61,0,2,61,4,67,134,0,134,201
10/14/2007,GYH,SC,ASO,ES,Federal Contract Tower,0,2,5,0,7,0,5,39,0,44,0,7,44,0,51,54,0,54,105
10/15/2007,GYH,SC,ASO,ES,Federal Contract Tower,0,2,18,10,30,0,2,42,1,45,0,4,60,11,75,112,0,112,187
10/16/2007,GYH,SC,ASO,ES,Federal Contract Tower,0,1,11,2,14,0,0,26,2,28,0,1,37,4,42,28,2,30,72
10/17/2007,GYH,SC,ASO,ES,Federal Contract Tower,0,5,14,2,21,0,0,15,2,17,0,5,29,4,38,14,0,14,52
10/18/2007,GYH,SC,ASO,ES,Federal Contract Tower,0,4,5,0,9,0,4,0,0,4,0,8,5,0,13,0,0,0,13
10/19/2007,GYH,SC,ASO,ES,Federal Contract Tower,0,0,17,0,17,0,5,22,0,27,0,5,39,0,44,70,0,70,114
10/20/2007,GYH,SC,ASO,ES,Federal Contract Tower,0,2,7,6,15,0,2,54,3,59,0,4,61,9,74,148,4,152,226
10/21/2007,GYH,SC,ASO,ES,Federal Contract Tower,0,0,17,0,17,0,10,33,2,45,0,10,50,2,62,30,0,30,92
10/22/2007,GYH,SC,ASO,ES,Federal Contract Tower,0,2,22,0,24,0,3,4,0,7,0,5,26,0,31,0,0,0,31
10/23/2007,GYH,SC,ASO,ES,Federal Contract Tower,0,3,11,6,20,0,2,8,4,14,0,5,19,10,34,0,6,6,40
10/24/2007,GYH,SC,ASO,ES,Federal Contract Tower,0,1,6,3,10,0,1,4,3,8,0,2,10,6,18,0,0,0,18
10/25/2007,GYH,SC,ASO,ES,Federal Contract Tower,0,1,6,15,22,0,5,39,12,56,0,6,45,27,78,44,36,80,158
10/26/2007,GYH,SC,ASO,ES,Federal Contract Tower,0,4,18,6,28,0,12,20,7,39,0,16,38,13,67,34,8,42,109
10/27/2007,GYH,SC,ASO,ES,Federal Contract Tower,0,0,7,0,7,0,11,45,0,56,0,11,52,0,63,98,0,98,161
10/28/2007,GYH,SC,ASO,ES,Federal Contract Tower,0,0,13,2,15,0,4,37,3,44,0,4,50,5,59,18,0,18,77
10/29/2007,GYH,SC,ASO,ES,Federal Contract Tower,0,2,8,3,13,0,6,38,0,44,0,8,46,3,57,66,0,66,123
10/30/2007,GYH,SC,ASO,ES,Federal Contract Tower,0,2,3,7,12,0,2,62,15,79,0,4,65,22,91,53,9,62,153
10/31/2007,GYH,SC,ASO,ES,Federal Contract Tower,0,2,8,1,11,0,3,40,7,50,0,5,48,8,61,58,0,58,119
11/01/2007,GYH,SC,ASO,ES,Federal Contract Tower,0,4,19,6,29,0,2,42,10,54,0,6,61,16,83,36,2,38,121
11/02/2007,GYH,SC,ASO,ES,Federal Contract Tower,0,2,8,5,15,0,58,39,10,107,0,60,47,15,122,100,8,108,230
11/03/2007,GYH,SC,ASO,ES,Federal Contract Tower,0,0,8,7,15,0,9,41,1,51,0,9,49,8,66,30,0,30,96
11/04/2007,GYH,SC,ASO,ES,Federal Contract Tower,0,2,7,2,11,0,1,46,0,47,0,3,53,2,58,42,0,42,100
11/05/2007,GYH,SC,ASO,ES,Federal Contract Tower,0,0,11,2,13,0,3,41,11,55,0,3,52,13,68,36,0,36,104
11/06/2007,GYH,SC,ASO,ES,Federal Contract Tower,0,6,19,2,27,0,7,48,9,64,0,13,67,11,91,28,0,28,119
11/07/2007,GYH,SC,ASO,ES,Federal Contract Tower,0,3,7,8,18,0,15,50,18,83,0,18,57,26,101,74,6,80,181
11/08/2007,GYH,SC,ASO,ES,Federal Contract Tower,0,8,13,2,23,0,6,44,8,58,0,14,57,10,81,100,10,110,191
11/09/2007,GYH,SC,ASO,ES,Federal Contract Tower,0,0,10,6,16,0,13,50,13,76,0,13,60,19,92,28,2,30,122
11/10/2007,GYH,SC,ASO,ES,Federal Contract Tower,0,3,5,0,8,0,10,58,0,68,0,13,63,0,76,82,0,82,158
11/11/2007,GYH,SC,ASO,ES,Federal Contract Tower,0,1,5,0,6,0,2,54,0,56,0,3,59,0,62,98,0,98,160
11/12/2007,GYH,SC,ASO,ES,Federal Contract Tower,0,1,16,2,19,0,7,60,8,75,0,8,76,10,94,64,0,64,158
11/13/2007,GYH,SC,ASO,ES,Federal Contract Tower,0,3,17,11,31,0,20,57,9,86,0,23,74,20,117,106,2,108,225
11/14/2007,GYH,SC,ASO,ES,Federal Contract Tower,0,1,8,8,17,0,22,23,3,48,0,23,31,11,65,4,4,8,73
11/15/2007,GYH,SC,ASO,ES,Federal Contract Tower,0,0,14,2,16,0,10,26,2,38,0,10,40,4,54,10,0,10,64
11/16/2007,GYH,SC,ASO,ES,Federal Contract Tower,0,14,9,8,31,0,22,51,6,79,0,36,60,14,110,70,2,72,182
11/17/2007,GYH,SC,ASO,ES,Federal Contract Tower,0,0,4,0,4,0,7,49,0,56,0,7,53,0,60,158,0,158,218
11/18/2007,GYH,SC,ASO,ES,Federal Contract Tower,0,0,9,0,9,0,3,51,0,54,0,3,60,0,63,42,0,42,105
11/19/2007,GYH,SC,ASO,ES,Federal Contract Tower,0,6,7,8,21,0,6,24,5,35,0,12,31,13,56,54,4,58,114
11/20/2007,GYH,SC,ASO,ES,Federal Contract Tower,0,5,11,1,17,0,17,54,2,73,0,22,65,3,90,110,0,110,200
11/21/2007,GYH,SC,ASO,ES,Federal Contract Tower,0,2,9,3,14,0,11,42,4,57,0,13,51,7,71,48,0,48,119
11/22/2007,GYH,SC,ASO,ES,Federal Contract Tower,0,2,3,0,5,0,2,1,0,3,0,4,4,0,8,0,0,0,8
11/23/2007,GYH,SC,ASO,ES,Federal Contract Tower,0,0,7,0,7,0,2,50,0,52,0,2,57,0,59,50,0,50,109
11/24/2007,GYH,SC,ASO,ES,Federal Contract Tower,0,1,3,0,4,0,14,63,0,77,0,15,66,0,81,70,0,70,151
11/25/2007,GYH,SC,ASO,ES,Federal Contract Tower,0,0,11,0,11,0,1,5,0,6,0,1,16,0,17,20,0,20,37
11/26/2007,GYH,SC,ASO,ES,Federal Contract Tower,0,0,5,1,6,0,0,0,0,0,0,0,5,1,6,0,0,0,6
11/27/2007,GYH,SC,ASO,ES,Federal Contract Tower,0,2,9,11,22,0,27,34,18,79,0,29,43,29,101,32,4,36,137
11/28/2007,GYH,SC,ASO,ES,Federal Contract Tower,0,5,11,5,21,0,9,48,11,68,0,14,59,16,89,62,14,76,165
11/29/2007,GYH,SC,ASO,ES,Federal Contract Tower,0,2,26,8,36,0,12,52,13,77,0,14,78,21,113,20,0,20,133
11/30/2007,GYH,SC,ASO,ES,Federal Contract Tower,0,2,10,5,17,0,23,66,22,111,0,25,76,27,128,134,0,134,262
12/01/2007,GYH,SC,ASO,ES,Federal Contract Tower,0,0,5,0,5,0,8,80,0,88,0,8,85,0,93,160,0,160,253
12/02/2007,GYH,SC,ASO,ES,Federal Contract Tower,0,0,25,0,25,0,4,58,0,62,0,4,83,0,87,72,0,72,159
12/03/2007,GYH,SC,ASO,ES,Federal Contract Tower,0,2,4,1,7,0,6,13,5,24,0,8,17,6,31,44,0,44,75
12/04/2007,GYH,SC,ASO,ES,Federal Contract Tower,0,4,10,3,17,0,8,45,6,59,0,12,55,9,76,74,0,74,150
12/05/2007,GYH,SC,ASO,ES,Federal Contract Tower,0,4,19,4,27,0,8,26,1,35,0,12,45,5,62,26,0,26,88
12/06/2007,GYH,SC,ASO,ES,Federal Contract Tower,0,1,5,12,18,0,6,60,2,68,0,7,65,14,86,36,8,44,130
12/07/2007,GYH,SC,ASO,ES,Federal Contract Tower,0,2,23,4,29,0,4,48,4,56,0,6,71,8,85,54,6,60,145
12/08/2007,GYH,SC,ASO,ES,Federal Contract Tower,0,0,13,3,16,0,0,77,4,81,0,0,90,7,97,176,4,180,277
12/09/2007,GYH,SC,ASO,ES,Federal Contract Tower,0,0,15,1,16,0,0,31,0,31,0,0,46,1,47,30,0,30,77
12/10/2007,GYH,SC,ASO,ES,Federal Contract Tower,0,2,10,16,28,0,15,51,8,74,0,17,61,24,102,164,2,166,268
12/11/2007,GYH,SC,ASO,ES,Federal Contract Tower,0,12,12,9,33,0,19,49,11,79,0,31,61,20,112,50,8,58,170
12/12/2007,GYH,SC,ASO,ES,Federal Contract Tower,0,4,15,8,27,0,14,41,12,67,0,18,56,20,94,84,22,106,200
12/13/2007,GYH,SC,ASO,ES,Federal Contract Tower,0,0,15,4,19,0,0,22,8,30,0,0,37,12,49,22,12,34,83
12/14/2007,GYH,SC,ASO,ES,Federal Contract Tower,0,4,10,4,18,0,9,50,9,68,0,13,60,13,86,2,4,6,92
12/15/2007,GYH,SC,ASO,ES,Federal Contract Tower,0,0,8,2,10,0,0,0,0,0,0,0,8,2,10,0,0,0,10
12/16/2007,GYH,SC,ASO,ES,Federal Contract Tower,0,2,3,0,5,0,3,7,5,15,0,5,10,5,20,2,0,2,22
12/17/2007,GYH,SC,ASO,ES,Federal Contract Tower,0,0,21,9,30,0,6,32,14,52,0,6,53,23,82,24,6,30,112
12/18/2007,GYH,SC,ASO,ES,Federal Contract Tower,0,10,7,6,23,0,6,47,4,57,0,16,54,10,80,34,0,34,114
12/19/2007,GYH,SC,ASO,ES,Federal Contract Tower,0,6,8,16,30,0,6,21,3,30,0,12,29,19,60,4,6,10,70
12/20/2007,GYH,SC,ASO,ES,Federal Contract Tower,0,6,16,10,32,0,17,25,6,48,0,23,41,16,80,40,6,46,126
12/21/2007,GYH,SC,ASO,ES,Federal Contract Tower,0,4,7,1,12,0,3,0,0,3,0,7,7,1,15,0,0,0,15
12/22/2007,GYH,SC,ASO,ES,Federal Contract Tower,0,0,13,0,13,0,5,20,0,25,0,5,33,0,38,12,0,12,50
12/23/2007,GYH,SC,ASO,ES,Federal Contract Tower,0,0,4,0,4,0,10,0,0,10,0,10,4,0,14,0,0,0,14
12/24/2007,GYH,SC,ASO,ES,Federal Contract Tower,0,0,4,0,4,0,4,36,0,40,0,4,40,0,44,16,0,16,60
12/25/2007,GYH,SC,ASO,ES,Federal Contract Tower,0,0,3,0,3,0,4,6,0,10,0,4,9,0,13,12,0,12,25
12/26/2007,GYH,SC,ASO,ES,Federal Contract Tower,0,3,9,0,12,0,0,30,2,32,0,3,39,2,44,50,2,52,96
12/27/2007,GYH,SC,ASO,ES,Federal Contract Tower,0,5,14,0,19,0,4,32,0,36,0,9,46,0,55,60,0,60,115
12/28/2007,GYH,SC,ASO,ES,Federal Contract Tower,0,4,9,0,13,0,0,2,0,2,0,4,11,0,15,0,0,0,15
12/29/2007,GYH,SC,ASO,ES,Federal Contract Tower,0,1,6,0,7,0,2,24,0,26,0,3,30,0,33,68,0,68,101
12/30/2007,GYH,SC,ASO,ES,Federal Contract Tower,0,0,1,0,1,0,5,0,0,5,0,5,1,0,6,0,0,0,6
12/31/2007,GYH,SC,ASO,ES,Federal Contract Tower,0,0,13,0,13,0,0,46,0,46,0,0,59,0,59,58,0,58,117
01/01/2008,GYH,SC,ASO,ES,Federal Contract Tower,0,0,0,0,0,0,6,10,0,16,0,6,10,0,16,0,0,0,16
01/02/2008,GYH,SC,ASO,ES,Federal Contract Tower,0,3,5,2,10,0,10,5,0,15,0,13,10,2,25,0,0,0,25
01/03/2008,GYH,SC,ASO,ES,Federal Contract Tower,0,4,9,14,27,0,4,33,12,49,0,8,42,26,76,66,14,80,156
01/04/2008,GYH,SC,ASO,ES,Federal Contract Tower,0,0,10,9,19,0,7,72,11,90,0,7,82,20,109,20,6,26,135
01/05/2008,GYH,SC,ASO,ES,Federal Contract Tower,0,0,1,0,1,0,4,50,0,54,0,4,51,0,55,36,0,36,91
01/06/2008,GYH,SC,ASO,ES,Federal Contract Tower,0,0,5,0,5,0,6,55,0,61,0,6,60,0,66,50,0,50,116
01/07/2008,GYH,SC,ASO,ES,Federal Contract Tower,0,0,15,9,24,0,4,26,8,38,0,4,41,17,62,6,6,12,74
01/08/2008,GYH,SC,ASO,ES,Federal Contract Tower,0,1,8,9,18,0,18,11,7,36,0,19,19,16,54,6,6,12,66
01/09/2008,GYH,SC,ASO,ES,Federal Contract Tower,0,4,7,12,23,0,5,17,4,26,0,9,24,16,49,2,0,2,51
01/10/2008,GYH,SC,ASO,ES,Federal Contract Tower,0,0,9,5,14,0,0,7,2,9,0,0,16,7,23,12,0,12,35
01/11/2008,GYH,SC,ASO,ES,Federal Contract Tower,0,2,8,8,18,0,9,43,10,62,0,11,51,18,80,30,0,30,110
01/12/2008,GYH,SC,ASO,ES,Federal Contract Tower,0,3,4,1,8,0,1,77,3,81,0,4,81,4,89,92,2,94,183
01/13/2008,GYH,SC,ASO,ES,Federal Contract Tower,0,0,10,0,10,0,0,26,0,26,0,0,36,0,36,48,0,48,84
01/14/2008,GYH,SC,ASO,ES,Federal Contract Tower,0,0,7,7,14,0,10,58,16,84,0,10,65,23,98,44,0,44,142
01/15/2008,GYH,SC,ASO,ES,Federal Contract Tower,0,4,2,6,12,0,17,45,6,68,0,21,47,12,80,46,10,56,136
01/16/2008,GYH,SC,ASO,ES,Federal Contract Tower,0,10,10,17,37,0,31,23,7,61,0,41,33,24,98,22,0,22,120
01/17/2008,GYH,SC,ASO,ES,Federal Contract Tower,0,4,6,0,10,0,2,0,0,2,0,6,6,0,12,0,0,0,12
01/18/2008,GYH,SC,ASO,ES,Federal Contract Tower,0,4,34,2,40,0,3,40,3,46,0,7,74,5,86,42,4,46,132
01/19/2008,GYH,SC,ASO,ES,Federal Contract Tower,0,1,0,0,1,0,0,0,0,0,0,1,0,0,1,0,0,0,1
01/20/2008,GYH,SC,ASO,ES,Federal Contract Tower,0,0,5,2,7,0,0,33,0,33,0,0,38,2,40,16,8,24,64
01/21/2008,GYH,SC,ASO,ES,Federal Contract Tower,0,0,15,2,17,0,6,30,0,36,0,6,45,2,53,24,0,24,77
01/22/2008,GYH,SC,ASO,ES,Federal Contract Tower,0,1,8,1,10,0,0,6,2,8,0,1,14,3,18,12,0,12,30
01/23/2008,GYH,SC,ASO,ES,Federal Contract Tower,0,1,6,3,10,0,0,5,0,5,0,1,11,3,15,8,0,8,23
01/24/2008,GYH,SC,ASO,ES,Federal Contract Tower,0,1,14,15,30,0,18,21,32,71,0,19,35,47,101,42,26,68,169
01/25/2008,GYH,SC,ASO,ES,Federal Contract Tower,0,4,10,14,28,0,14,45,27,86,0,18,55,41,114,20,4,24,138
01/26/2008,GYH,SC,ASO,ES,Federal Contract Tower,0,0,3,2,5,0,2,29,1,32,0,2,32,3,37,56,8,64,101
01/27/2008,GYH,SC,ASO,ES,Federal Contract Tower,0,0,10,2,12,0,0,55,2,57,0,0,65,4,69,32,0,32,101
01/28/2008,GYH,SC,ASO,ES,Federal Contract Tower,0,1,7,2,10,0,22,29,5,56,0,23,36,7,66,0,14,14,80
01/29/2008,GYH,SC,ASO,ES,Federal Contract Tower,0,5,2,1,8,0,19,16,0,35,0,24,18,1,43,24,0,24,67
01/30/2008,GYH,SC,ASO,ES,Federal Contract Tower,0,1,8,0,9,0,2,22,6,30,0,3,30,6,39,14,0,14,53
01/31/2008,GYH,SC,ASO,ES,Federal Contract Tower,0,3,17,2,22,0,9,28,16,53,0,12,45,18,75,20,0,20,95
02/01/2008,GYH,SC,ASO,ES,Federal Contract Tower,0,0,2,2,4,0,13,15,4,32,0,13,17,6,36,0,0,0,36
02/02/2008,GYH,SC,ASO,ES,Federal Contract Tower,0,2,7,0,9,0,5,58,0,63,0,7,65,0,72,10,0,10,82
02/03/2008,GYH,SC,ASO,ES,Federal Contract Tower,0,2,5,0,7,0,8,68,0,76,0,10,73,0,83,64,0,64,147
02/04/2008,GYH,SC,ASO,ES,Federal Contract Tower,0,0,22,9,31,0,2,30,3,35,0,2,52,12,66,24,0,24,90
02/05/2008,GYH,SC,ASO,ES,Federal Contract Tower,0,0,8,0,8,0,3,9,0,12,0,3,17,0,20,34,10,44,64
02/06/2008,GYH,SC,ASO,ES,Federal Contract Tower,0,1,0,0,1,0,8,0,0,8,0,9,0,0,9,0,0,0,9
02/07/2008,GYH,SC,ASO,ES,Federal Contract Tower,0,0,10,12,22,0,0,32,6,38,0,0,42,18,60,25,8,33,93
02/08/2008,GYH,SC,ASO,ES,Federal Contract Tower,0,5,7,1,13,0,4,58,5,67,0,9,65,6,80,70,34,104,184
02/09/2008,GYH,SC,ASO,ES,Federal Contract Tower,0,0,6,0,6,0,9,30,0,39,0,9,36,0,45,54,0,54,99
02/10/2008,GYH,SC,ASO,ES,Federal Contract Tower,0,0,0,0,0,0,3,13,0,16,0,3,13,0,16,24,0,24,40
02/11/2008,GYH,SC,ASO,ES,Federal Contract Tower,0,3,14,6,23,0,3,44,1,48,0,6,58,7,71,12,8,20,91
02/12/2008,GYH,SC,ASO,ES,Federal Contract Tower,0,4,14,5,23,0,8,13,1,22,0,12,27,6,45,46,0,46,91
02/13/2008,GYH,SC,ASO,ES,Federal Contract Tower,0,2,6,6,14,0,0,2,1,3,0,2,8,7,17,0,2,2,19
02/14/2008,GYH,SC,ASO,ES,Federal Contract Tower,0,1,16,5,22,0,29,46,0,75,0,30,62,5,97,88,14,102,199
02/15/2008,GYH,SC,ASO,ES,Federal Contract Tower,0,0,3,3,6,0,12,48,4,64,0,12,51,7,70,74,8,82,152
02/16/2008,GYH,SC,ASO,ES,Federal Contract Tower,0,0,15,0,15,0,11,105,1,117,0,11,120,1,132,126,0,126,258
02/17/2008,GYH,SC,ASO,ES,Federal Contract Tower,0,0,12,0,12,0,0,0,0,0,0,0,12,0,12,0,0,0,12
02/18/2008,GYH,SC,ASO,ES,Federal Contract Tower,0,0,10,0,10,0,10,16,4,30,0,10,26,4,40,2,0,2,42
02/19/2008,GYH,SC,ASO,ES,Federal Contract Tower,0,1,8,3,12,0,11,28,8,47,0,12,36,11,59,18,31,49,108
02/20/2008,GYH,SC,ASO,ES,Federal Contract Tower,0,1,2,3,6,0,7,16,8,31,0,8,18,11,37,12,14,26,63
02/21/2008,GYH,SC,ASO,ES,Federal Contract Tower,0,0,9,8,17,0,0,27,9,36,0,0,36,17,53,26,0,26,79
02/22/2008,GYH,SC,ASO,ES,Federal Contract Tower,0,2,6,4,12,0,0,0,2,2,0,2,6,6,14,0,0,0,14
02/23/2008,GYH,SC,ASO,ES,Federal Contract Tower,0,1,7,3,11,0,2,29,1,32,0,3,36,4,43,40,0,40,83
02/24/2008,GYH,SC,ASO,ES,Federal Contract Tower,0,0,9,0,9,0,12,26,0,38,0,12,35,0,47,42,0,42,89
02/25/2008,GYH,SC,ASO,ES,Federal Contract Tower,0,0,7,8,15,0,0,44,3,47,0,0,51,11,62,30,2,32,94
02/26/2008,GYH,SC,ASO,ES,Federal Contract Tower,0,2,4,6,12,0,0,0,2,2,0,2,4,8,14,0,0,0,14
02/27/2008,GYH,SC,ASO,ES,Federal Contract Tower,0,5,7,16,28,0,9,6,11,26,0,14,13,27,54,0,3,3,57
02/28/2008,GYH,SC,ASO,ES,Federal Contract Tower,0,2,8,7,17,0,0,32,13,45,0,2,40,20,62,46,28,74,136
02/29/2008,GYH,SC,ASO,ES,Federal Contract Tower,0,3,7,1,11,0,3,19,10,32,0,6,26,11,43,40,42,82,125
03/01/2008,GYH,SC,ASO,ES,Federal Contract Tower,0,0,1,1,2,0,16,44,5,65,0,16,45,6,67,42,0,42,109
03/02/2008,GYH,SC,ASO,ES,Federal Contract Tower,0,1,4,2,7,0,8,59,2,69,0,9,63,4,76,56,0,56,132
03/03/2008,GYH,SC,ASO,ES,Federal Contract Tower,0,4,3,0,7,0,1,36,4,41,0,5,39,4,48,26,0,26,74
03/04/2008,GYH,SC,ASO,ES,Federal Contract Tower,0,2,1,2,5,0,0,0,0,0,0,2,1,2,5,0,0,0,5
03/05/2008,GYH,SC,ASO,ES,Federal Contract Tower,0,4,5,2,11,0,20,23,29,72,0,24,28,31,83,18,0,18,101
03/06/2008,GYH,SC,ASO,ES,Federal Contract Tower,0,8,14,10,32,0,5,51,18,74,0,13,65,28,106,64,10,74,180
03/07/2008,GYH,SC,ASO,ES,Federal Contract Tower,0,7,1,3,11,0,0,0,0,0,0,7,1,3,11,0,0,0,11
03/08/2008,GYH,SC,ASO,ES,Federal Contract Tower,0,2,2,3,7,0,1,0,3,4,0,3,2,6,11,0,4,4,15
03/09/2008,GYH,SC,ASO,ES,Federal Contract Tower,0,6,6,1,13,0,10,38,0,48,0,16,44,1,61,46,0,46,107
03/10/2008,GYH,SC,ASO,ES,Federal Contract Tower,0,2,8,7,17,18,12,33,2,65,18,14,41,9,82,18,0,18,100
03/11/2008,GYH,SC,ASO,ES,Federal Contract Tower,0,3,6,17,26,0,10,46,5,61,0,13,52,22,87,124,46,170,257
03/12/2008,GYH,SC,ASO,ES,Federal Contract Tower,0,5,11,13,29,0,25,36,31,92,0,30,47,44,121,6,38,44,165
03/13/2008,GYH,SC,ASO,ES,Federal Contract Tower,0,3,9,7,19,0,12,34,22,68,0,15,43,29,87,62,36,98,185
03/14/2008,GYH,SC,ASO,ES,Federal Contract Tower,0,1,21,7,29,0,0,13,4,17,0,1,34,11,46,84,0,84,130
03/15/2008,GYH,SC,ASO,ES,Federal Contract Tower,0,1,1,0,2,0,3,1,0,4,0,4,2,0,6,0,0,0,6
03/16/2008,GYH,SC,ASO,ES,Federal Contract Tower,0,3,10,0,13,0,5,31,0,36,0,8,41,0,49,36,1,37,86
03/17/2008,GYH,SC,ASO,ES,Federal Contract Tower,0,1,15,5,21,0,16,36,0,52,0,17,51,5,73,86,0,86,159
03/18/2008,GYH,SC,ASO,ES,Federal Contract Tower,0,4,17,7,28,0,16,22,6,44,0,20,39,13,72,84,8,92,164
03/19/2008,GYH,SC,ASO,ES,Federal Contract Tower,0,5,2,1,8,0,2,0,0,2,0,7,2,1,10,0,0,0,10
03/20/2008,GYH,SC,ASO,ES,Federal Contract Tower,0,6,7,14,27,0,11,20,5,36,0,17,27,19,63,6,20,26,89
03/21/2008,GYH,SC,ASO,ES,Federal Contract Tower,0,4,2,12,18,0,2,53,5,60,0,6,55,17,78,72,2,74,152
03/22/2008,GYH,SC,ASO,ES,Federal Contract Tower,0,3,5,1,9,0,2,40,4,46,0,5,45,5,55,60,0,60,115
03/23/2008,GYH,SC,ASO,ES,Federal Contract Tower,0,1,4,0,5,0,2,21,0,23,0,3,25,0,28,18,0,18,46
03/24/2008,GYH,SC,ASO,ES,Federal Contract Tower,0,10,3,0,13,0,20,28,2,50,0,30,31,2,63,48,0,48,111
03/25/2008,GYH,SC,ASO,ES,Federal Contract Tower,0,4,0,1,5,0,57,36,8,101,0,61,36,9,106,42,0,42,148
03/26/2008,GYH,SC,ASO,ES,Federal Contract Tower,0,9,9,0,18,0,8,29,5,42,0,17,38,5,60,26,2,28,88
03/27/2008,GYH,SC,ASO,ES,Federal Contract Tower,0,2,6,9,17,0,9,20,6,35,0,11,26,15,52,46,6,52,104
03/28/2008,GYH,SC,ASO,ES,Federal Contract Tower,0,5,6,9,20,0,13,16,16,45,0,18,22,25,65,46,18,64,129
03/29/2008,GYH,SC,ASO,ES,Federal Contract Tower,0,1,5,0,6,0,2,4,0,6,0,3,9,0,12,0,0,0,12
03/30/2008,GYH,SC,ASO,ES,Federal Contract Tower,0,0,7,0,7,0,0,6,0,6,0,0,13,0,13,8,0,8,21
03/31/2008,GYH,SC,ASO,ES,Federal Contract Tower,0,11,6,3,20,0,11,2,0,13,0,22,8,3,33,0,0,0,33
04/01/2008,GYH,SC,ASO,ES,Federal Contract Tower,0,12,1,1,14,0,8,7,3,18,0,20,8,4,32,18,0,18,50
04/02/2008,GYH,SC,ASO,ES,Federal Contract Tower,0,7,5,14,26,0,20,13,5,38,0,27,18,19,64,22,2,24,88
04/03/2008,GYH,SC,ASO,ES,Federal Contract Tower,0,8,3,5,16,0,6,4,1,11,0,14,7,6,27,6,0,6,33
04/04/2008,GYH,SC,ASO,ES,Federal Contract Tower,0,5,4,0,9,0,0,0,0,0,0,5,4,0,9,0,0,0,9
04/05/2008,GYH,SC,ASO,ES,Federal Contract Tower,0,1,4,0,5,0,0,0,0,0,0,1,4,0,5,0,0,0,5
04/06/2008,GYH,SC,ASO,ES,Federal Contract Tower,0,5,5,3,13,0,11,24,7,42,0,16,29,10,55,18,6,24,79
04/07/2008,GYH,SC,ASO,ES,Federal Contract Tower,0,7,11,3,21,0,17,8,2,27,0,24,19,5,48,44,6,50,98
04/08/2008,GYH,SC,ASO,ES,Federal Contract Tower,0,3,6,5,14,0,16,27,1,44,0,19,33,6,58,100,4,104,162
04/09/2008,GYH,SC,ASO,ES,Federal Contract Tower,0,5,9,8,22,0,15,40,4,59,0,20,49,12,81,68,6,74,155
04/10/2008,GYH,SC,ASO,ES,Federal Contract Tower,0,6,10,4,20,0,9,45,2,56,0,15,55,6,76,68,8,76,152
04/11/2008,GYH,SC,ASO,ES,Federal Contract Tower,0,9,0,4,13,0,28,24,13,65,0,37,24,17,78,58,2,60,138
04/12/2008,GYH,SC,ASO,ES,Federal Contract Tower,0,1,2,2,5,0,1,10,3,14,0,2,12,5,19,38,0,38,57
04/13/2008,GYH,SC,ASO,ES,Federal Contract Tower,0,6,0,1,7,0,12,18,6,36,0,18,18,7,43,16,4,20,63
04/14/2008,GYH,SC,ASO,ES,Federal Contract Tower,0,2,3,7,12,0,9,32,8,49,0,11,35,15,61,40,62,102,163
04/15/2008,GYH,SC,ASO,ES,Federal Contract Tower,0,7,5,7,19,0,23,14,10,47,0,30,19,17,66,48,20,68,134
04/16/2008,GYH,SC,ASO,ES,Federal Contract Tower,0,0,0,0,0,0,12,69,3,84,0,12,69,3,84,66,4,70,154
04/17/2008,GYH,SC,ASO,ES,Federal Contract Tower,0,4,3,15,22,0,17,27,1,45,0,21,30,16,67,72,4,76,143
04/18/2008,GYH,SC,ASO,ES,Federal Contract Tower,0,4,5,8,17,0,10,38,13,61,0,14,43,21,78,72,36,108,186
04/19/2008,GYH,SC,ASO,ES,Federal Contract Tower,0,0,3,0,3,0,9,14,0,23,0,9,17,0,26,16,0,16,42
04/20/2008,GYH,SC,ASO,ES,Federal Contract Tower,0,2,2,0,4,0,6,44,0,50,0,8,46,0,54,48,0,48,102
04/21/2008,GYH,SC,ASO,ES,Federal Contract Tower,0,5,7,6,18,0,25,23,4,52,0,30,30,10,70,42,16,58,128
04/22/2008,GYH,SC,ASO,ES,Federal Contract Tower,0,7,1,6,14,0,17,29,6,52,0,24,30,12,66,106,34,140,206
04/23/2008,GYH,SC,ASO,ES,Federal Contract Tower,0,7,6,2,15,2,9,24,3,38,2,16,30,5,53,70,8,78,131
04/24/2008,GYH,SC,ASO,ES,Federal Contract Tower,0,9,4,4,17,0,19,36,8,63,0,28,40,12,80,80,6,86,166
04/25/2008,GYH,SC,ASO,ES,Federal Contract Tower,0,4,5,8,17,0,23,24,4,51,0,27,29,12,68,74,12,86,154
04/26/2008,GYH,SC,ASO,ES,Federal Contract Tower,0,3,6,0,9,0,23,19,0,42,0,26,25,0,51,44,0,44,95
04/27/2008,GYH,SC,ASO,ES,Federal Contract Tower,0,3,3,0,6,0,8,12,0,20,0,11,15,0,26,0,0,0,26
04/28/2008,GYH,SC,ASO,ES,Federal Contract Tower,0,10,0,6,16,0,21,4,0,25,0,31,4,6,41,10,4,14,55
04/29/2008,GYH,SC,ASO,ES,Federal Contract Tower,0,8,3,12,23,0,7,32,10,49,0,15,35,22,72,40,2,42,114
04/30/2008,GYH,SC,ASO,ES,Federal Contract Tower,0,5,2,3,10,0,11,27,8,46,0,16,29,11,56,26,0,26,82
05/01/2008,GYH,SC,ASO,ES,Federal Contract Tower,0,12,10,5,27,0,8,27,16,51,0,20,37,21,78,16,26,42,120
05/02/2008,GYH,SC,ASO,ES,Federal Contract Tower,0,6,3,4,13,0,11,24,8,43,0,17,27,12,56,30,4,34,90
05/03/2008,GYH,SC,ASO,ES,Federal Contract Tower,0,3,1,0,4,0,3,90,8,101,0,6,91,8,105,18,6,24,129
05/04/2008,GYH,SC,ASO,ES,Federal Contract Tower,0,5,2,0,7,0,4,46,0,50,0,9,48,0,57,36,0,36,93
05/05/2008,GYH,SC,ASO,ES,Federal Contract Tower,0,6,4,3,13,0,21,14,2,37,0,27,18,5,50,26,0,26,76
05/06/2008,GYH,SC,ASO,ES,Federal Contract Tower,0,1,2,3,6,0,24,40,10,74,0,25,42,13,80,54,16,70,150
05/07/2008,GYH,SC,ASO,ES,Federal Contract Tower,0,12,2,6,20,0,6,21,4,31,0,18,23,10,51,54,0,54,105
05/08/2008,GYH,SC,ASO,ES,Federal Contract Tower,0,14,2,11,27,0,33,26,9,68,0,47,28,20,95,62,26,88,183
05/09/2008,GYH,SC,ASO,ES,Federal Contract Tower,0,13,11,8,32,0,15,17,3,35,0,28,28,11,67,36,2,38,105
05/10/2008,GYH,SC,ASO,ES,Federal Contract Tower,0,2,3,0,5,0,18,40,2,60,0,20,43,2,65,32,2,34,99
05/11/2008,GYH,SC,ASO,ES,Federal Contract Tower,0,5,1,2,8,0,2,0,0,2,0,7,1,2,10,0,0,0,10
05/12/2008,GYH,SC,ASO,ES,Federal Contract Tower,0,4,1,5,10,0,14,8,2,24,0,18,9,7,34,16,2,18,52
05/13/2008,GYH,SC,ASO,ES,Federal Contract Tower,0,11,6,4,21,0,10,43,6,59,0,21,49,10,80,46,2,48,128
05/14/2008,GYH,SC,ASO,ES,Federal Contract Tower,0,7,8,5,20,0,15,16,4,35,0,22,24,9,55,98,12,110,165
05/15/2008,GYH,SC,ASO,ES,Federal Contract Tower,0,4,0,6,10,0,7,9,5,21,0,11,9,11,31,26,0,26,57
05/16/2008,GYH,SC,ASO,ES,Federal Contract Tower,0,9,1,0,10,0,2,13,5,20,0,11,14,5,30,22,0,22,52
05/17/2008,GYH,SC,ASO,ES,Federal Contract Tower,0,1,5,0,6,0,8,39,3,50,0,9,44,3,56,58,0,58,114
05/18/2008,GYH,SC,ASO,ES,Federal Contract Tower,0,4,4,0,8,0,7,22,0,29,0,11,26,0,37,2,0,2,39
05/19/2008,GYH,SC,ASO,ES,Federal Contract Tower,0,13,4,1,18,0,18,18,9,45,0,31,22,10,63,40,6,46,109
05/20/2008,GYH,SC,ASO,ES,Federal Contract Tower,0,9,0,2,11,0,24,24,5,53,0,33,24,7,64,26,12,38,102
05/21/2008,GYH,SC,ASO,ES,Federal Contract Tower,0,0,2,7,9,0,26,20,11,57,0,26,22,18,66,92,0,92,158
05/22/2008,GYH,SC,ASO,ES,Federal Contract Tower,0,8,4,1,13,0,12,37,12,61,0,20,41,13,74,104,4,108,182
05/23/2008,GYH,SC,ASO,ES,Federal Contract Tower,0,4,5,4,13,0,13,24,7,44,0,17,29,11,57,40,0,40,97
05/24/2008,GYH,SC,ASO,ES,Federal Contract Tower,0,0,2,1,3,0,4,25,0,29,0,4,27,1,32,144,0,144,176
05/25/2008,GYH,SC,ASO,ES,Federal Contract Tower,0,0,3,1,4,0,25,27,2,54,0,25,30,3,58,24,0,24,82
05/26/2008,GYH,SC,ASO,ES,Federal Contract Tower,0,0,1,0,1,0,7,45,0,52,0,7,46,0,53,64,0,64,117
05/27/2008,GYH,SC,ASO,ES,Federal Contract Tower,0,4,3,0,7,0,7,20,0,27,0,11,23,0,34,70,0,70,104
05/28/2008,GYH,SC,ASO,ES,Federal Contract Tower,0,9,1,3,13,0,14,10,4,28,0,23,11,7,41,56,2,58,99
05/29/2008,GYH,SC,ASO,ES,Federal Contract Tower,0,2,10,2,14,0,2,20,1,23,0,4,30,3,37,102,0,102,139
05/30/2008,GYH,SC,ASO,ES,Federal Contract Tower,0,8,10,5,23,0,4,24,0,28,0,12,34,5,51,50,0,50,101
05/31/2008,GYH,SC,ASO,ES,Federal Contract Tower,0,0,5,2,7,0,10,8,0,18,0,10,13,2,25,52,0,52,77
06/01/2008,GYH,SC,ASO,ES,Federal Contract Tower,0,4,3,1,8,0,2,5,0,7,0,6,8,1,15,12,0,12,27
06/02/2008,GYH,SC,ASO,ES,Federal Contract Tower,0,13,8,2,23,0,20,35,7,62,0,33,43,9,85,54,0,54,139
06/03/2008,GYH,SC,ASO,ES,Federal Contract Tower,0,0,5,5,10,0,11,24,4,39,0,11,29,9,49,152,2,154,203
06/04/2008,GYH,SC,ASO,ES,Federal Contract Tower,0,4,2,1,7,0,16,12,0,28,0,20,14,1,35,76,0,76,111
06/05/2008,GYH,SC,ASO,ES,Federal Contract Tower,0,9,5,4,18,0,8,29,0,37,0,17,34,4,55,20,12,32,87
06/06/2008,GYH,SC,ASO,ES,Federal Contract Tower,0,10,4,0,14,0,7,15,3,25,0,17,19,3,39,54,0,54,93
06/07/2008,GYH,SC,ASO,ES,Federal Contract Tower,0,4,5,1,10,0,4,45,5,54,0,8,50,6,64,64,0,64,128
06/08/2008,GYH,SC,ASO,ES,Federal Contract Tower,0,3,13,0,16,0,15,19,2,36,0,18,32,2,52,88,0,88,140
06/09/2008,GYH,SC,ASO,ES,Federal Contract Tower,0,5,9,6,20,0,14,43,1,58,0,19,52,7,78,66,0,66,144
06/10/2008,GYH,SC,ASO,ES,Federal Contract Tower,0,5,4,9,18,0,22,17,0,39,0,27,21,9,57,42,0,42,99
06/11/2008,GYH,SC,ASO,ES,Federal Contract Tower,0,13,5,0,18,0,17,22,0,39,0,30,27,0,57,52,0,52,109
06/12/2008,GYH,SC,ASO,ES,Federal Contract Tower,0,12,7,2,21,0,5,9,1,15,0,17,16,3,36,10,0,10,46
06/13/2008,GYH,SC,ASO,ES,Federal Contract Tower,0,8,5,2,15,0,7,18,0,25,0,15,23,2,40,28,0,28,68
06/14/2008,GYH,SC,ASO,ES,Federal Contract Tower,0,2,3,0,5,0,8,81,1,90,0,10,84,1,95,62,0,62,157
06/15/2008,GYH,SC,ASO,ES,Federal Contract Tower,0,7,15,2,24,0,5,7,0,12,0,12,22,2,36,8,0,8,44
06/16/2008,GYH,SC,ASO,ES,Federal Contract Tower,0,7,3,4,14,0,20,25,3,48,0,27,28,7,62,38,0,38,100
06/17/2008,GYH,SC,ASO,ES,Federal Contract Tower,0,7,0,1,8,0,13,26,0,39,0,20,26,1,47,72,0,72,119
06/18/2008,GYH,SC,ASO,ES,Federal Contract Tower,0,8,2,3,13,0,7,34,6,47,0,15,36,9,60,86,0,86,146
06/19/2008,GYH,SC,ASO,ES,Federal Contract Tower,0,8,5,1,14,0,16,26,6,48,0,24,31,7,62,88,10,98,160
06/20/2008,GYH,SC,ASO,ES,Federal Contract Tower,0,9,6,5,20,0,4,22,0,26,0,13,28,5,46,56,18,74,120
06/21/2008,GYH,SC,ASO,ES,Federal Contract Tower,0,4,24,2,30,0,7,4,6,17,0,11,28,8,47,56,0,56,103
06/22/2008,GYH,SC,ASO,ES,Federal Contract Tower,0,4,2,4,10,0,11,33,0,44,0,15,35,4,54,98,0,98,152
06/23/2008,GYH,SC,ASO,ES,Federal Contract Tower,0,1,3,1,5,0,6,31,4,41,0,7,34,5,46,26,0,26,72
06/24/2008,GYH,SC,ASO,ES,Federal Contract Tower,0,12,1,3,16,0,12,45,8,65,0,24,46,11,81,72,0,72,153
06/25/2008,GYH,SC,ASO,ES,Federal Contract Tower,0,4,5,3,12,0,17,18,0,35,0,21,23,3,47,26,0,26,73
06/26/2008,GYH,SC,ASO,ES,Federal Contract Tower,0,11,3,0,14,0,6,14,0,20,0,17,17,0,34,44,0,44,78
06/27/2008,GYH,SC,ASO,ES,Federal Contract Tower,0,1,10,5,16,0,1,28,5,34,0,2,38,10,50,68,0,68,118
06/28/2008,GYH,SC,ASO,ES,Federal Contract Tower,0,3,1,0,4,0,15,44,2,61,0,18,45,2,65,26,0,26,91
06/29/2008,GYH,SC,ASO,ES,Federal Contract Tower,0,4,3,0,7,0,6,11,0,17,0,10,14,0,24,22,0,22,46
06/30/2008,GYH,SC,ASO,ES,Federal Contract Tower,0,6,5,4,15,0,27,24,2,53,0,33,29,6,68,32,0,32,100
07/01/2008,GYH,SC,ASO,ES,Federal Contract Tower,0,8,4,2,14,0,5,15,9,29,0,13,19,11,43,8,0,8,51
07/02/2008,GYH,SC,ASO,ES,Federal Contract Tower,0,1,6,1,8,0,4,41,0,45,0,5,47,1,53,40,0,40,93
07/03/2008,GYH,SC,ASO,ES,Federal Contract Tower,0,7,14,3,24,0,30,46,0,76,0,37,60,3,100,76,2,78,178
07/04/2008,GYH,SC,ASO,ES,Federal Contract Tower,0,0,3,0,3,0,22,18,0,40,0,22,21,0,43,84,0,84,127
07/05/2008,GYH,SC,ASO,ES,Federal Contract Tower,0,3,1,0,4,0,11,9,0,20,0,14,10,0,24,0,0,0,24
07/06/2008,GYH,SC,ASO,ES,Federal Contract Tower,0,2,4,0,6,0,12,13,0,25,0,14,17,0,31,16,0,16,47
07/07/2008,GYH,SC,ASO,ES,Federal Contract Tower,0,7,1,3,11,0,13,11,1,25,0,20,12,4,36,26,0,26,62
07/08/2008,GYH,SC,ASO,ES,Federal Contract Tower,0,6,8,2,16,0,25,16,3,44,0,31,24,5,60,26,0,26,86
07/09/2008,GYH,SC,ASO,ES,Federal Contract Tower,0,6,3,4,13,0,1,14,3,18,0,7,17,7,31,0,0,0,31
07/10/2008,GYH,SC,ASO,ES,Federal Contract Tower,0,1,3,3,7,0,0,24,6,30,0,1,27,9,37,16,0,16,53
07/11/2008,GYH,SC,ASO,ES,Federal Contract Tower,0,3,16,4,23,0,23,28,3,54,0,26,44,7,77,26,8,34,111
07/12/2008,GYH,SC,ASO,ES,Federal Contract Tower,0,0,3,0,3,0,1,28,0,29,0,1,31,0,32,40,42,82,114
07/13/2008,GYH,SC,ASO,ES,Federal Contract Tower,0,1,3,0,4,0,0,24,0,24,0,1,27,0,28,0,30,30,58
07/14/2008,GYH,SC,ASO,ES,Federal Contract Tower,0,4,7,3,14,0,1,34,0,35,0,5,41,3,49,56,0,56,105
07/15/2008,GYH,SC,ASO,ES,Federal Contract Tower,0,4,1,5,10,0,1,33,3,37,0,5,34,8,47,92,4,96,143
07/16/2008,GYH,SC,ASO,ES,Federal Contract Tower,0,5,5,1,11,0,18,24,5,47,0,23,29,6,58,24,0,24,82
07/17/2008,GYH,SC,ASO,ES,Federal Contract Tower,0,2,2,3,7,0,7,6,9,22,0,9,8,12,29,4,32,36,65
07/18/2008,GYH,SC,ASO,ES,Federal Contract Tower,0,7,19,10,36,0,14,51,9,74,0,21,70,19,110,70,6,76,186
07/19/2008,GYH,SC,ASO,ES,Federal Contract Tower,0,1,11,0,12,0,5,25,0,30,0,6,36,0,42,70,0,70,112
07/20/2008,GYH,SC,ASO,ES,Federal Contract Tower,0,3,4,4,11,0,9,27,0,36,0,12,31,4,47,44,0,44,91
07/21/2008,GYH,SC,ASO,ES,Federal Contract Tower,0,4,24,0,28,0,13,39,0,52,0,17,63,0,80,44,0,44,124
07/22/2008,GYH,SC,ASO,ES,Federal Contract Tower,0,3,6,2,11,0,47,25,4,76,0,50,31,6,87,30,0,30,117
07/23/2008,GYH,SC,ASO,ES,Federal Contract Tower,0,3,4,1,8,0,8,16,0,24,0,11,20,1,32,40,0,40,72
07/24/2008,GYH,SC,ASO,ES,Federal Contract Tower,0,4,5,0,9,0,10,33,0,43,0,14,38,0,52,16,0,16,68
07/25/2008,GYH,SC,ASO,ES,Federal Contract Tower,0,6,15,3,24,0,9,42,4,55,0,15,57,7,79,76,0,76,155
07/26/2008,GYH,SC,ASO,ES,Federal Contract Tower,0,1,5,0,6,0,3,11,0,14,0,4,16,0,20,40,0,40,60
07/27/2008,GYH,SC,ASO,ES,Federal Contract Tower,0,7,29,2,38,0,6,35,8,49,0,13,64,10,87,94,0,94,181
07/28/2008,GYH,SC,ASO,ES,Federal Contract Tower,0,4,16,1,21,0,10,31,3,44,0,14,47,4,65,114,0,114,179
07/29/2008,GYH,SC,ASO,ES,Federal Contract Tower,0,2,6,8,16,0,15,17,0,32,0,17,23,8,48,56,0,56,104
07/30/2008,GYH,SC,ASO,ES,Federal Contract Tower,0,8,5,5,18,0,8,17,2,27,0,16,22,7,45,62,0,62,107
07/31/2008,GYH,SC,ASO,ES,Federal Contract Tower,0,8,3,2,13,0,19,18,2,39,0,27,21,4,52,48,0,48,100
08/01/2008,GYH,SC,ASO,ES,Federal Contract Tower,0,8,12,11,31,0,30,36,1,67,0,38,48,12,98,72,0,72,170
08/02/2008,GYH,SC,ASO,ES,Federal Contract Tower,0,2,11,0,13,0,1,31,2,34,0,3,42,2,47,38,0,38,85
08/03/2008,GYH,SC,ASO,ES,Federal Contract Tower,0,4,4,4,12,0,2,24,1,27,0,6,28,5,39,22,0,22,61
08/04/2008,GYH,SC,ASO,ES,Federal Contract Tower,0,2,5,5,12,0,31,30,6,67,0,33,35,11,79,84,0,84,163
08/05/2008,GYH,SC,ASO,ES,Federal Contract Tower,0,9,4,3,16,0,12,21,5,38,0,21,25,8,54,42,0,42,96
08/06/2008,GYH,SC,ASO,ES,Federal Contract Tower,0,5,5,6,16,0,8,31,6,45,0,13,36,12,61,74,4,78,139
08/07/2008,GYH,SC,ASO,ES,Federal Contract Tower,0,3,5,7,15,0,8,11,1,20,0,11,16,8,35,42,0,42,77
08/08/2008,GYH,SC,ASO,ES,Federal Contract Tower,0,3,27,7,37,0,8,38,10,56,0,11,65,17,93,100,0,100,193
08/09/2008,GYH,SC,ASO,ES,Federal Contract Tower,0,1,13,0,14,0,0,33,0,33,0,1,46,0,47,62,0,62,109
08/10/2008,GYH,SC,ASO,ES,Federal Contract Tower,0,2,9,2,13,0,11,34,0,45,0,13,43,2,58,72,0,72,130
08/11/2008,GYH,SC,ASO,ES,Federal Contract Tower,0,3,14,3,20,0,17,40,0,57,0,20,54,3,77,78,0,78,155
08/12/2008,GYH,SC,ASO,ES,Federal Contract Tower,0,5,4,0,9,0,16,35,4,55,0,21,39,4,64,80,0,80,144
08/13/2008,GYH,SC,ASO,ES,Federal Contract Tower,0,4,4,1,9,0,27,6,0,33,0,31,10,1,42,16,0,16,58
08/14/2008,GYH,SC,ASO,ES,Federal Contract Tower,0,7,8,4,19,0,5,15,15,35,0,12,23,19,54,0,16,16,70
08/15/2008,GYH,SC,ASO,ES,Federal Contract Tower,0,15,12,10,37,0,14,32,22,68,0,29,44,32,105,30,0,30,135
08/16/2008,GYH,SC,ASO,ES,Federal Contract Tower,0,0,13,4,17,0,2,63,4,69,0,2,76,8,86,30,0,30,116
08/17/2008,GYH,SC,ASO,ES,Federal Contract Tower,0,4,8,0,12,0,17,27,1,45,0,21,35,1,57,54,0,54,111
08/18/2008,GYH,SC,ASO,ES,Federal Contract Tower,0,7,3,20,30,0,19,19,6,44,0,26,22,26,74,20,18,38,112
08/19/2008,GYH,SC,ASO,ES,Federal Contract Tower,0,2,3,5,10,0,3,22,12,37,0,5,25,17,47,38,4,42,89
08/20/2008,GYH,SC,ASO,ES,Federal Contract Tower,0,7,2,4,13,0,4,16,6,26,0,11,18,10,39,82,0,82,121
08/21/2008,GYH,SC,ASO,ES,Federal Contract Tower,0,3,8,24,35,0,5,10,1,16,0,8,18,25,51,0,14,14,65
08/22/2008,GYH,SC,ASO,ES,Federal Contract Tower,0,5,3,0,8,0,11,11,4,26,0,16,14,4,34,28,0,28,62
08/23/2008,GYH,SC,ASO,ES,Federal Contract Tower,0,1,3,0,4,0,10,14,0,24,0,11,17,0,28,14,0,14,42
08/24/2008,GYH,SC,ASO,ES,Federal Contract Tower,0,2,7,0,9,0,4,27,0,31,0,6,34,0,40,6,0,6,46
08/25/2008,GYH,SC,ASO,ES,Federal Contract Tower,0,7,2,12,21,0,4,4,1,9,0,11,6,13,30,16,18,34,64
08/26/2008,GYH,SC,ASO,ES,Federal Contract Tower,0,6,10,2,18,0,0,0,0,0,0,6,10,2,18,0,0,0,18
08/27/2008,GYH,SC,ASO,ES,Federal Contract Tower,0,5,7,9,21,0,0,8,5,13,0,5,15,14,34,38,0,38,72
08/28/2008,GYH,SC,ASO,ES,Federal Contract Tower,0,5,9,4,18,1,9,13,6,29,1,14,22,10,47,52,6,58,105
08/29/2008,GYH,SC,ASO,ES,Federal Contract Tower,0,8,12,2,22,0,16,38,8,62,0,24,50,10,84,74,0,74,158
08/30/2008,GYH,SC,ASO,ES,Federal Contract Tower,0,2,7,0,9,0,2,38,0,40,0,4,45,0,49,86,0,86,135
08/31/2008,GYH,SC,ASO,ES,Federal Contract Tower,0,2,3,25,30,0,2,28,3,33,0,4,31,28,63,6,42,48,111
09/01/2008,GYH,SC,ASO,ES,Federal Contract Tower,0,4,6,0,10,0,2,19,0,21,0,6,25,0,31,56,0,56,87
09/02/2008,GYH,SC,ASO,ES,Federal Contract Tower,0,4,4,25,33,0,12,28,4,44,0,16,32,29,77,22,0,22,99
09/03/2008,GYH,SC,ASO,ES,Federal Contract Tower,0,4,5,4,13,0,13,19,18,50,0,17,24,22,63,46,2,48,111
09/04/2008,GYH,SC,ASO,ES,Federal Contract Tower,0,8,4,1,13,0,6,27,6,39,0,14,31,7,52,66,20,86,138
09/05/2008,GYH,SC,ASO,ES,Federal Contract Tower,0,2,6,4,12,0,3,27,5,35,0,5,33,9,47,20,6,26,73
09/06/2008,GYH,SC,ASO,ES,Federal Contract Tower,0,1,0,0,1,0,2,27,2,31,0,3,27,2,32,56,0,56,88
09/07/2008,GYH,SC,ASO,ES,Federal Contract Tower,0,4,2,0,6,0,643,2,0,645,0,647,4,0,651,56,0,56,707
09/08/2008,GYH,SC,ASO,ES,Federal Contract Tower,0,4,10,1,15,0,6,25,2,33,0,10,35,3,48,58,4,62,110
09/09/2008,GYH,SC,ASO,ES,Federal Contract Tower,0,6,3,17,26,0,8,6,12,26,0,14,9,29,52,18,12,30,82
09/10/2008,GYH,SC,ASO,ES,Federal Contract Tower,0,3,3,1,7,0,11,9,2,22,0,14,12,3,29,36,0,36,65
09/11/2008,GYH,SC,ASO,ES,Federal Contract Tower,0,12,11,4,27,0,12,0,0,12,0,24,11,4,39,0,0,0,39
09/12/2008,GYH,SC,ASO,ES,Federal Contract Tower,0,10,6,19,35,0,15,9,2,26,0,25,15,21,61,34,4,38,99
09/13/2008,GYH,SC,ASO,ES,Federal Contract Tower,0,0,11,5,16,0,4,36,2,42,0,4,47,7,58,100,0,100,158
09/14/2008,GYH,SC,ASO,ES,Federal Contract Tower,0,2,1,11,14,0,8,24,4,36,0,10,25,15,50,16,4,20,70
09/15/2008,GYH,SC,ASO,ES,Federal Contract Tower,0,5,3,2,10,0,3,25,0,28,0,8,28,2,38,32,0,32,70
09/16/2008,GYH,SC,ASO,ES,Federal Contract Tower,0,11,15,3,29,0,0,0,0,0,0,11,15,3,29,2,0,2,31
09/17/2008,GYH,SC,ASO,ES,Federal Contract Tower,0,6,12,14,32,0,5,4,3,12,0,11,16,17,44,12,48,60,104
09/18/2008,GYH,SC,ASO,ES,Federal Contract Tower,0,3,9,1,13,0,18,28,3,49,0,21,37,4,62,40,0,40,102
09/19/2008,GYH,SC,ASO,ES,Federal Contract Tower,0,3,19,1,23,0,31,49,3,83,0,34,68,4,106,100,0,100,206
09/20/2008,GYH,SC,ASO,ES,Federal Contract Tower,0,1,5,1,7,0,12,34,4,50,0,13,39,5,57,48,0,48,105
09/21/2008,GYH,SC,ASO,ES,Federal Contract Tower,0,3,5,3,11,0,2,60,0,62,0,5,65,3,73,38,0,38,111
09/22/2008,GYH,SC,ASO,ES,Federal Contract Tower,0,7,10,27,44,0,21,29,4,54,0,28,39,31,98,64,0,64,162
09/23/2008,GYH,SC,ASO,ES,Federal Contract Tower,0,5,4,6,15,0,31,15,11,57,0,36,19,17,72,58,52,110,182
09/24/2008,GYH,SC,ASO,ES,Federal Contract Tower,0,4,5,6,15,0,5,22,8,35,0,9,27,14,50,34,26,60,110
09/25/2008,GYH,SC,ASO,ES,Federal Contract Tower,0,9,0,3,12,0,14,17,4,35,0,23,17,7,47,12,0,12,59
09/26/2008,GYH,SC,ASO,ES,Federal Contract Tower,0,4,10,4,18,0,0,1,0,1,0,4,11,4,19,0,0,0,19
09/27/2008,GYH,SC,ASO,ES,Federal Contract Tower,0,0,16,2,18,0,4,4,6,14,0,4,20,8,32,8,0,8,40
09/28/2008,GYH,SC,ASO,ES,Federal Contract Tower,0,1,10,0,11,0,11,38,0,49,0,12,48,0,60,26,0,26,86
09/29/2008,GYH,SC,ASO,ES,Federal Contract Tower,0,7,5,7,19,0,12,32,6,50,0,19,37,13,69,66,14,80,149
09/30/2008,GYH,SC,ASO,ES,Federal Contract Tower,0,4,3,3,10,0,10,28,1,39,0,14,31,4,49,26,2,28,77
10/01/2008,GYH,SC,ASO,ES,Federal Contract Tower,0,5,1,3,9,0,44,6,2,52,0,49,7,5,61,10,0,10,71
10/02/2008,GYH,SC,ASO,ES,Federal Contract Tower,0,2,2,2,6,0,45,24,6,75,0,47,26,8,81,14,2,16,97
10/03/2008,GYH,SC,ASO,ES,Federal Contract Tower,0,3,7,7,17,0,6,26,6,38,0,9,33,13,55,82,0,82,137
10/04/2008,GYH,SC,ASO,ES,Federal Contract Tower,0,3,0,3,6,0,10,38,0,48,0,13,38,3,54,48,0,48,102
10/05/2008,GYH,SC,ASO,ES,Federal Contract Tower,0,0,5,0,5,0,0,49,0,49,0,0,54,0,54,52,0,52,106
10/06/2008,GYH,SC,ASO,ES,Federal Contract Tower,0,2,2,7,11,0,13,31,3,47,0,15,33,10,58,54,0,54,112
10/07/2008,GYH,SC,ASO,ES,Federal Contract Tower,0,3,9,11,23,0,11,6,5,22,0,14,15,16,45,0,42,42,87
10/08/2008,GYH,SC,ASO,ES,Federal Contract Tower,0,6,8,0,14,0,0,0,0,0,0,6,8,0,14,0,0,0,14
10/09/2008,GYH,SC,ASO,ES,Federal Contract Tower,0,4,4,3,11,0,4,6,12,22,0,8,10,15,33,6,16,22,55
10/10/2008,GYH,SC,ASO,ES,Federal Contract Tower,0,7,8,4,19,0,12,8,3,23,0,19,16,7,42,16,8,24,66
10/11/2008,GYH,SC,ASO,ES,Federal Contract Tower,0,4,3,0,7,0,16,22,0,38,0,20,25,0,45,38,0,38,83
10/12/2008,GYH,SC,ASO,ES,Federal Contract Tower,0,0,4,5,9,0,5,14,0,19,0,5,18,5,28,10,0,10,38
10/13/2008,GYH,SC,ASO,ES,Federal Contract Tower,0,9,10,7,26,0,26,39,6,71,0,35,49,13,97,46,0,46,143
10/14/2008,GYH,SC,ASO,ES,Federal Contract Tower,0,3,2,4,9,0,9,46,11,66,0,12,48,15,75,78,0,78,153
10/15/2008,GYH,SC,ASO,ES,Federal Contract Tower,0,4,8,3,15,0,18,26,15,59,0,22,34,18,74,24,0,24,98
10/16/2008,GYH,SC,ASO,ES,Federal Contract Tower,0,11,9,5,25,0,6,32,19,57,0,17,41,24,82,62,12,74,156
10/17/2008,GYH,SC,ASO,ES,Federal Contract Tower,0,13,16,2,31,0,0,10,4,14,0,13,26,6,45,8,0,8,53
10/18/2008,GYH,SC,ASO,ES,Federal Contract Tower,0,1,3,2,6,0,9,32,3,44,0,10,35,5,50,42,0,42,92
10/19/2008,GYH,SC,ASO,ES,Federal Contract Tower,0,2,8,3,13,0,5,37,7,49,0,7,45,10,62,6,4,10,72
10/20/2008,GYH,SC,ASO,ES,Federal Contract Tower,0,0,4,0,4,0,22,36,2,60,0,22,40,2,64,46,0,46,110
10/21/2008,GYH,SC,ASO,ES,Federal Contract Tower,0,10,11,3,24,0,38,36,7,81,0,48,47,10,105,36,0,36,141
10/22/2008,GYH,SC,ASO,ES,Federal Contract Tower,0,3,4,0,7,0,10,34,1,45,0,13,38,1,52,62,0,62,114
10/23/2008,GYH,SC,ASO,ES,Federal Contract Tower,0,4,11,7,22,0,18,31,6,55,0,22,42,13,77,50,2,52,129
10/24/2008,GYH,SC,ASO,ES,Federal Contract Tower,0,2,5,6,13,0,6,3,0,9,0,8,8,6,22,6,0,6,28
10/25/2008,GYH,SC,ASO,ES,Federal Contract Tower,0,1,10,0,11,0,0,25,6,31,0,1,35,6,42,32,0,32,74
10/26/2008,GYH,SC,ASO,ES,Federal Contract Tower,0,0,15,1,16,0,30,73,0,103,0,30,88,1,119,66,0,66,185
10/27/2008,GYH,SC,ASO,ES,Federal Contract Tower,0,4,3,7,14,0,13,24,13,50,0,17,27,20,64,34,6,40,104
10/28/2008,GYH,SC,ASO,ES,Federal Contract Tower,0,5,3,7,15,0,10,28,3,41,0,15,31,10,56,42,4,46,102
10/29/2008,GYH,SC,ASO,ES,Federal Contract Tower,0,6,4,7,17,0,9,33,11,53,0,15,37,18,70,58,0,58,128
10/30/2008,GYH,SC,ASO,ES,Federal Contract Tower,0,7,13,5,25,0,18,38,14,70,0,25,51,19,95,50,34,84,179
10/31/2008,GYH,SC,ASO,ES,Federal Contract Tower,0,2,5,4,11,0,14,51,10,75,0,16,56,14,86,96,32,128,214
11/01/2008,GYH,SC,ASO,ES,Federal Contract Tower,0,3,13,2,18,0,0,58,2,60,0,3,71,4,78,74,0,74,152
11/02/2008,GYH,SC,ASO,ES,Federal Contract Tower,1,4,2,0,7,0,1,47,0,48,1,5,49,0,55,36,0,36,91
11/03/2008,GYH,SC,ASO,ES,Federal Contract Tower,0,3,7,4,14,0,20,23,4,47,0,23,30,8,61,58,8,66,127
11/04/2008,GYH,SC,ASO,ES,Federal Contract Tower,0,7,2,8,17,0,36,19,14,69,0,43,21,22,86,26,38,64,150
11/05/2008,GYH,SC,ASO,ES,Federal Contract Tower,0,11,8,9,28,0,9,14,16,39,0,20,22,25,67,6,36,42,109
11/06/2008,GYH,SC,ASO,ES,Federal Contract Tower,0,4,6,2,12,0,14,40,12,66,0,18,46,14,78,64,6,70,148
11/07/2008,GYH,SC,ASO,ES,Federal Contract Tower,0,3,3,2,8,0,18,40,11,69,0,21,43,13,77,70,0,70,147
11/08/2008,GYH,SC,ASO,ES,Federal Contract Tower,0,5,3,1,9,0,8,41,3,52,0,13,44,4,61,22,0,22,83
11/09/2008,GYH,SC,ASO,ES,Federal Contract Tower,0,1,2,0,3,0,0,39,0,39,0,1,41,0,42,44,0,44,86
11/10/2008,GYH,SC,ASO,ES,Federal Contract Tower,0,5,8,4,17,0,4,29,4,37,0,9,37,8,54,60,0,60,114
11/11/2008,GYH,SC,ASO,ES,Federal Contract Tower,0,6,4,1,11,0,10,24,11,45,0,16,28,12,56,68,18,86,142
11/12/2008,GYH,SC,ASO,ES,Federal Contract Tower,0,3,0,3,6,0,18,12,9,39,0,21,12,12,45,58,6,64,109
11/13/2008,GYH,SC,ASO,ES,Federal Contract Tower,0,2,2,8,12,0,0,0,0,0,0,2,2,8,12,0,0,0,12
11/14/2008,GYH,SC,ASO,ES,Federal Contract Tower,0,1,15,0,16,0,0,0,0,0,0,1,15,0,16,0,0,0,16
11/15/2008,GYH,SC,ASO,ES,Federal Contract Tower,0,2,4,0,6,0,27,6,0,33,0,29,10,0,39,8,0,8,47
11/16/2008,GYH,SC,ASO,ES,Federal Contract Tower,0,3,5,5,13,0,41,34,0,75,0,44,39,5,88,50,0,50,138
11/17/2008,GYH,SC,ASO,ES,Federal Contract Tower,1,7,2,0,10,0,32,28,2,62,1,39,30,2,72,42,0,42,114
11/18/2008,GYH,SC,ASO,ES,Federal Contract Tower,0,2,2,0,4,0,13,9,9,31,0,15,11,9,35,4,4,8,43
11/19/2008,GYH,SC,ASO,ES,Federal Contract Tower,0,3,5,1,9,0,12,18,7,37,0,15,23,8,46,32,0,32,78
11/20/2008,GYH,SC,ASO,ES,Federal Contract Tower,0,6,10,4,20,0,37,32,2,71,0,43,42,6,91,12,0,12,103
11/21/2008,GYH,SC,ASO,ES,Federal Contract Tower,0,1,2,0,3,0,12,5,5,22,0,13,7,5,25,0,0,0,25
11/22/2008,GYH,SC,ASO,ES,Federal Contract Tower,0,0,10,4,14,0,4,39,2,45,0,4,49,6,59,46,0,46,105
11/23/2008,GYH,SC,ASO,ES,Federal Contract Tower,0,0,10,1,11,0,4,43,0,47,0,4,53,1,58,12,0,12,70
11/24/2008,GYH,SC,ASO,ES,Federal Contract Tower,0,3,13,8,24,0,10,27,7,44,0,13,40,15,68,84,8,92,160
11/25/2008,GYH,SC,ASO,ES,Federal Contract Tower,0,0,1,10,11,0,5,21,12,38,0,5,22,22,49,44,12,56,105
11/26/2008,GYH,SC,ASO,ES,Federal Contract Tower,0,4,5,0,9,0,6,29,1,36,0,10,34,1,45,52,0,52,97
11/27/2008,GYH,SC,ASO,ES,Federal Contract Tower,0,0,2,0,2,0,10,10,0,20,0,10,12,0,22,0,0,0,22
11/28/2008,GYH,SC,ASO,ES,Federal Contract Tower,0,0,6,0,6,0,2,42,0,44,0,2,48,0,50,62,0,62,112
11/29/2008,GYH,SC,ASO,ES,Federal Contract Tower,0,5,0,0,5,0,0,0,0,0,0,5,0,0,5,0,0,0,5
11/30/2008,GYH,SC,ASO,ES,Federal Contract Tower,0,2,2,0,4,0,0,0,0,0,0,2,2,0,4,0,0,0,4
12/01/2008,GYH,SC,ASO,ES,Federal Contract Tower,0,5,7,6,18,0,2,0,2,4,0,7,7,8,22,0,8,8,30
12/02/2008,GYH,SC,ASO,ES,Federal Contract Tower,0,5,6,3,14,0,1,24,4,29,0,6,30,7,43,68,12,80,123
12/03/2008,GYH,SC,ASO,ES,Federal Contract Tower,0,3,6,5,14,0,8,10,8,26,0,11,16,13,40,26,12,38,78
12/04/2008,GYH,SC,ASO,ES,Federal Contract Tower,0,9,2,4,15,0,20,12,4,36,0,29,14,8,51,30,0,30,81
12/05/2008,GYH,SC,ASO,ES,Federal Contract Tower,0,4,0,1,5,0,10,25,2,37,0,14,25,3,42,42,0,42,84
12/06/2008,GYH,SC,ASO,ES,Federal Contract Tower,0,3,7,0,10,0,17,50,0,67,0,20,57,0,77,62,0,62,139
12/07/2008,GYH,SC,ASO,ES,Federal Contract Tower,0,3,3,0,6,0,32,26,0,58,0,35,29,0,64,22,0,22,86
12/08/2008,GYH,SC,ASO,ES,Federal Contract Tower,0,5,13,1,19,0,11,22,7,40,0,16,35,8,59,36,0,36,95
12/09/2008,GYH,SC,ASO,ES,Federal Contract Tower,0,1,4,9,14,0,7,6,2,15,0,8,10,11,29,20,14,34,63
12/10/2008,GYH,SC,ASO,ES,Federal Contract Tower,0,2,0,0,2,0,0,0,0,0,0,2,0,0,2,0,0,0,2
12/11/2008,GYH,SC,ASO,ES,Federal Contract Tower,0,1,0,5,6,0,5,5,1,11,0,6,5,6,17,18,0,18,35
12/12/2008,GYH,SC,ASO,ES,Federal Contract Tower,0,0,9,1,10,0,10,22,2,34,0,10,31,3,44,10,0,10,54
12/13/2008,GYH,SC,ASO,ES,Federal Contract Tower,0,0,3,0,3,0,8,45,0,53,0,8,48,0,56,14,0,14,70
12/14/2008,GYH,SC,ASO,ES,Federal Contract Tower,0,0,3,0,3,0,0,12,2,14,0,0,15,2,17,26,0,26,43
12/15/2008,GYH,SC,ASO,ES,Federal Contract Tower,0,2,6,6,14,0,0,0,2,2,0,2,6,8,16,0,0,0,16
12/16/2008,GYH,SC,ASO,ES,Federal Contract Tower,0,8,3,4,15,0,0,0,2,2,0,8,3,6,17,0,0,0,17
12/17/2008,GYH,SC,ASO,ES,Federal Contract Tower,0,11,7,6,24,0,0,0,0,0,0,11,7,6,24,0,0,0,24
12/18/2008,GYH,SC,ASO,ES,Federal Contract Tower,0,3,12,6,21,0,15,31,6,52,0,18,43,12,73,42,0,42,115
12/19/2008,GYH,SC,ASO,ES,Federal Contract Tower,0,1,0,3,4,0,3,3,6,12,0,4,3,9,16,18,0,18,34
12/20/2008,GYH,SC,ASO,ES,Federal Contract Tower,0,1,4,3,8,0,0,4,2,6,0,1,8,5,14,14,0,14,28
12/21/2008,GYH,SC,ASO,ES,Federal Contract Tower,0,0,2,0,2,0,5,5,0,10,0,5,7,0,12,0,0,0,12
12/22/2008,GYH,SC,ASO,ES,Federal Contract Tower,0,6,3,7,16,0,14,27,5,46,0,20,30,12,62,42,0,42,104
12/23/2008,GYH,SC,ASO,ES,Federal Contract Tower,0,10,5,3,18,0,28,19,0,47,0,38,24,3,65,28,0,28,93
12/24/2008,GYH,SC,ASO,ES,Federal Contract Tower,0,4,3,2,9,0,18,6,0,24,0,22,9,2,33,22,0,22,55
12/25/2008,GYH,SC,ASO,ES,Federal Contract Tower,0,0,2,0,2,0,0,14,0,14,0,0,16,0,16,14,0,14,30
12/26/2008,GYH,SC,ASO,ES,Federal Contract Tower,0,2,10,0,12,0,2,7,0,9,0,4,17,0,21,0,0,0,21
12/27/2008,GYH,SC,ASO,ES,Federal Contract Tower,0,1,4,0,5,0,0,0,0,0,0,1,4,0,5,0,0,0,5
12/28/2008,GYH,SC,ASO,ES,Federal Contract Tower,0,2,5,0,7,0,0,0,0,0,0,2,5,0,7,0,0,0,7
12/29/2008,GYH,SC,ASO,ES,Federal Contract Tower,0,3,18,3,24,0,17,30,2,49,0,20,48,5,73,30,0,30,103
12/30/2008,GYH,SC,ASO,ES,Federal Contract Tower,0,8,5,3,16,0,26,28,2,56,0,34,33,5,72,26,2,28,100
12/31/2008,GYH,SC,ASO,ES,Federal Contract Tower,0,2,1,0,3,0,17,16,2,35,0,19,17,2,38,30,2,32,70
01/01/2009,GYH,SC,ASO,ES,Federal Contract Tower,0,0,5,0,5,0,0,25,0,25,0,0,30,0,30,52,0,52,82
01/02/2009,GYH,SC,ASO,ES,Federal Contract Tower,0,0,4,3,7,0,4,3,0,7,0,4,7,3,14,0,0,0,14
01/03/2009,GYH,SC,ASO,ES,Federal Contract Tower,0,1,3,0,4,0,0,0,0,0,0,1,3,0,4,0,0,0,4
01/04/2009,GYH,SC,ASO,ES,Federal Contract Tower,0,3,3,2,8,0,0,2,0,2,0,3,5,2,10,6,0,6,16
01/05/2009,GYH,SC,ASO,ES,Federal Contract Tower,0,2,0,1,3,0,11,11,0,22,0,13,11,1,25,24,0,24,49
01/06/2009,GYH,SC,ASO,ES,Federal Contract Tower,0,1,0,18,19,0,8,0,0,8,0,9,0,18,27,0,0,0,27
01/07/2009,GYH,SC,ASO,ES,Federal Contract Tower,0,0,0,1,1,0,6,5,2,13,0,6,5,3,14,12,0,12,26
01/08/2009,GYH,SC,ASO,ES,Federal Contract Tower,0,6,2,6,14,0,14,10,2,26,0,20,12,8,40,28,2,30,70
01/09/2009,GYH,SC,ASO,ES,Federal Contract Tower,0,5,5,4,14,0,27,34,0,61,0,32,39,4,75,86,0,86,161
01/10/2009,GYH,SC,ASO,ES,Federal Contract Tower,0,2,5,1,8,0,7,25,1,33,0,9,30,2,41,60,0,60,101
01/11/2009,GYH,SC,ASO,ES,Federal Contract Tower,0,6,6,1,13,0,5,23,0,28,0,11,29,1,41,40,2,42,83
01/12/2009,GYH,SC,ASO,ES,Federal Contract Tower,0,12,10,2,24,0,37,33,4,74,0,49,43,6,98,100,0,100,198
01/13/2009,GYH,SC,ASO,ES,Federal Contract Tower,0,4,6,10,20,0,28,19,10,57,0,32,25,20,77,28,30,58,135
01/14/2009,GYH,SC,ASO,ES,Federal Contract Tower,0,7,3,5,15,0,17,21,7,45,0,24,24,12,60,18,14,32,92
01/15/2009,GYH,SC,ASO,ES,Federal Contract Tower,0,4,4,7,15,0,13,8,6,27,0,17,12,13,42,4,8,12,54
01/16/2009,GYH,SC,ASO,ES,Federal Contract Tower,0,2,3,4,9,0,3,18,0,21,0,5,21,4,30,34,0,34,64
01/17/2009,GYH,SC,ASO,ES,Federal Contract Tower,0,3,7,0,10,0,1,47,2,50,0,4,54,2,60,42,0,42,102
01/18/2009,GYH,SC,ASO,ES,Federal Contract Tower,0,4,3,0,7,0,6,2,0,8,0,10,5,0,15,0,0,0,15
01/19/2009,GYH,SC,ASO,ES,Federal Contract Tower,0,2,7,0,9,0,15,13,0,28,0,17,20,0,37,66,0,66,103
01/20/2009,GYH,SC,ASO,ES,Federal Contract Tower,0,1,1,5,7,0,8,13,2,23,0,9,14,7,30,30,6,36,66
01/21/2009,GYH,SC,ASO,ES,Federal Contract Tower,0,5,2,3,10,0,44,16,5,65,0,49,18,8,75,26,24,50,125
01/22/2009,GYH,SC,ASO,ES,Federal Contract Tower,0,3,8,10,21,0,23,12,3,38,0,26,20,13,59,48,12,60,119
01/23/2009,GYH,SC,ASO,ES,Federal Contract Tower,0,7,3,5,15,0,44,34,4,82,0,51,37,9,97,48,0,48,145
01/24/2009,GYH,SC,ASO,ES,Federal Contract Tower,0,1,4,0,5,0,16,45,0,61,0,17,49,0,66,52,0,52,118
01/25/2009,GYH,SC,ASO,ES,Federal Contract Tower,0,0,4,2,6,0,2,25,0,27,0,2,29,2,33,28,0,28,61
01/26/2009,GYH,SC,ASO,ES,Federal Contract Tower,0,1,10,9,20,0,16,15,5,36,0,17,25,14,56,46,2,48,104
01/27/2009,GYH,SC,ASO,ES,Federal Contract Tower,0,7,9,1,17,0,0,0,0,0,0,7,9,1,17,0,0,0,17
01/28/2009,GYH,SC,ASO,ES,Federal Contract Tower,0,4,2,1,7,0,0,1,2,3,0,4,3,3,10,8,2,10,20
01/29/2009,GYH,SC,ASO,ES,Federal Contract Tower,0,3,12,6,21,0,12,44,9,65,0,15,56,15,86,74,0,74,160
01/30/2009,GYH,SC,ASO,ES,Federal Contract Tower,0,3,3,0,6,0,32,23,0,55,0,35,26,0,61,28,0,28,89
01/31/2009,GYH,SC,ASO,ES,Federal Contract Tower,0,1,2,0,3,0,4,44,0,48,0,5,46,0,51,64,0,64,115
02/01/2009,GYH,SC,ASO,ES,Federal Contract Tower,0,0,7,0,7,0,6,30,1,37,0,6,37,1,44,62,0,62,106
02/02/2009,GYH,SC,ASO,ES,Federal Contract Tower,0,10,5,2,17,0,15,8,4,27,0,25,13,6,44,24,0,24,68
02/03/2009,GYH,SC,ASO,ES,Federal Contract Tower,0,1,6,8,15,0,18,13,1,32,0,19,19,9,47,54,0,54,101
02/04/2009,GYH,SC,ASO,ES,Federal Contract Tower,0,2,2,2,6,0,14,3,6,23,0,16,5,8,29,0,2,2,31
02/05/2009,GYH,SC,ASO,ES,Federal Contract Tower,0,3,4,5,12,0,19,16,0,35,0,22,20,5,47,18,0,18,65
02/06/2009,GYH,SC,ASO,ES,Federal Contract Tower,0,2,8,3,13,0,16,20,4,40,0,18,28,7,53,28,0,28,81
02/07/2009,GYH,SC,ASO,ES,Federal Contract Tower,0,0,5,0,5,0,6,39,0,45,0,6,44,0,50,62,0,62,112
02/08/2009,GYH,SC,ASO,ES,Federal Contract Tower,0,1,3,3,7,0,16,54,0,70,0,17,57,3,77,80,0,80,157
02/09/2009,GYH,SC,ASO,ES,Federal Contract Tower,0,0,6,8,14,0,14,27,4,45,0,14,33,12,59,42,4,46,105
02/10/2009,GYH,SC,ASO,ES,Federal Contract Tower,0,1,5,4,10,0,24,17,4,45,0,25,22,8,55,24,0,24,79
02/11/2009,GYH,SC,ASO,ES,Federal Contract Tower,0,5,1,0,6,0,12,0,0,12,0,17,1,0,18,0,0,0,18
02/12/2009,GYH,SC,ASO,ES,Federal Contract Tower,0,3,2,0,5,0,22,25,4,51,0,25,27,4,56,64,4,68,124
02/13/2009,GYH,SC,ASO,ES,Federal Contract Tower,0,1,5,4,10,0,24,34,8,66,0,25,39,12,76,40,2,42,118
02/14/2009,GYH,SC,ASO,ES,Federal Contract Tower,0,1,3,0,4,0,6,3,0,9,0,7,6,0,13,8,0,8,21
02/15/2009,GYH,SC,ASO,ES,Federal Contract Tower,0,1,0,0,1,0,13,34,0,47,0,14,34,0,48,52,0,52,100
02/16/2009,GYH,SC,ASO,ES,Federal Contract Tower,0,3,3,1,7,0,15,11,3,29,0,18,14,4,36,20,0,20,56
02/17/2009,GYH,SC,ASO,ES,Federal Contract Tower,0,7,6,2,15,0,21,27,2,50,0,28,33,4,65,46,0,46,111
02/18/2009,GYH,SC,ASO,ES,Federal Contract Tower,0,6,2,4,12,0,0,0,0,0,0,6,2,4,12,0,0,0,12
02/19/2009,GYH,SC,ASO,ES,Federal Contract Tower,0,5,0,12,17,0,6,7,10,23,0,11,7,22,40,10,6,16,56
02/20/2009,GYH,SC,ASO,ES,Federal Contract Tower,0,2,8,5,15,0,31,32,3,66,0,33,40,8,81,32,0,32,113
02/21/2009,GYH,SC,ASO,ES,Federal Contract Tower,0,2,2,3,7,0,13,39,0,52,0,15,41,3,59,124,0,124,183
02/22/2009,GYH,SC,ASO,ES,Federal Contract Tower,0,1,1,2,4,0,0,13,1,14,0,1,14,3,18,6,0,6,24
02/23/2009,GYH,SC,ASO,ES,Federal Contract Tower,0,0,1,0,1,0,37,19,2,58,0,37,20,2,59,28,0,28,87
02/24/2009,GYH,SC,ASO,ES,Federal Contract Tower,0,4,9,6,19,0,25,30,2,57,0,29,39,8,76,40,4,44,120
02/25/2009,GYH,SC,ASO,ES,Federal Contract Tower,0,6,3,0,9,0,28,16,0,44,0,34,19,0,53,14,0,14,67
02/26/2009,GYH,SC,ASO,ES,Federal Contract Tower,0,5,6,8,19,0,26,5,8,39,0,31,11,16,58,0,0,0,58
02/27/2009,GYH,SC,ASO,ES,Federal Contract Tower,0,12,7,3,22,0,2,1,0,3,0,14,8,3,25,26,0,26,51
02/28/2009,GYH,SC,ASO,ES,Federal Contract Tower,0,1,6,0,7,0,0,0,0,0,0,1,6,0,7,0,0,0,7
03/01/2009,GYH,SC,ASO,ES,Federal Contract Tower,0,3,0,0,3,0,0,0,0,0,0,3,0,0,3,0,0,0,3
03/02/2009,GYH,SC,ASO,ES,Federal Contract Tower,0,1,0,0,1,0,20,12,0,32,0,21,12,0,33,8,0,8,41
03/03/2009,GYH,SC,ASO,ES,Federal Contract Tower,0,1,7,8,16,0,13,18,10,41,0,14,25,18,57,0,6,6,63
03/04/2009,GYH,SC,ASO,ES,Federal Contract Tower,0,6,2,4,12,0,14,17,2,33,0,20,19,6,45,8,0,8,53
03/05/2009,GYH,SC,ASO,ES,Federal Contract Tower,0,4,1,2,7,0,18,19,8,45,0,22,20,10,52,12,12,24,76
03/06/2009,GYH,SC,ASO,ES,Federal Contract Tower,0,1,1,5,7,0,27,11,3,41,0,28,12,8,48,20,8,28,76
03/07/2009,GYH,SC,ASO,ES,Federal Contract Tower,0,0,5,1,6,0,13,35,0,48,0,13,40,1,54,46,0,46,100
03/08/2009,GYH,SC,ASO,ES,Federal Contract Tower,0,3,1,0,4,0,14,23,0,37,0,17,24,0,41,0,0,0,41
03/09/2009,GYH,SC,ASO,ES,Federal Contract Tower,0,4,6,9,19,0,32,14,0,46,0,36,20,9,65,40,6,46,111
03/10/2009,GYH,SC,ASO,ES,Federal Contract Tower,0,2,6,6,14,0,9,25,5,39,0,11,31,11,53,36,0,36,89
03/11/2009,GYH,SC,ASO,ES,Federal Contract Tower,0,4,4,4,12,0,28,17,0,45,0,32,21,4,57,18,0,18,75
03/12/2009,GYH,SC,ASO,ES,Federal Contract Tower,0,8,5,3,16,0,19,22,6,47,0,27,27,9,63,32,18,50,113
03/13/2009,GYH,SC,ASO,ES,Federal Contract Tower,0,2,4,2,8,0,3,5,0,8,0,5,9,2,16,24,0,24,40
03/14/2009,GYH,SC,ASO,ES,Federal Contract Tower,0,0,10,0,10,0,0,0,0,0,0,0,10,0,10,0,0,0,10
03/15/2009,GYH,SC,ASO,ES,Federal Contract Tower,0,0,2,0,2,0,0,0,0,0,0,0,2,0,2,0,0,0,2
03/16/2009,GYH,SC,ASO,ES,Federal Contract Tower,0,1,8,3,12,0,0,0,0,0,0,1,8,3,12,0,0,0,12
03/17/2009,GYH,SC,ASO,ES,Federal Contract Tower,0,10,5,0,15,0,3,33,5,41,0,13,38,5,56,62,4,66,122
03/18/2009,GYH,SC,ASO,ES,Federal Contract Tower,0,6,11,4,21,0,7,37,1,45,0,13,48,5,66,50,0,50,116
03/19/2009,GYH,SC,ASO,ES,Federal Contract Tower,0,4,1,1,6,0,12,16,1,29,0,16,17,2,35,44,0,44,79
03/20/2009,GYH,SC,ASO,ES,Federal Contract Tower,0,6,9,6,21,0,13,33,1,47,0,19,42,7,68,34,6,40,108
03/21/2009,GYH,SC,ASO,ES,Federal Contract Tower,0,0,12,0,12,0,8,25,0,33,0,8,37,0,45,30,0,30,75
03/22/2009,GYH,SC,ASO,ES,Federal Contract Tower,0,1,10,0,11,0,7,46,0,53,0,8,56,0,64,86,0,86,150
03/23/2009,GYH,SC,ASO,ES,Federal Contract Tower,0,10,4,15,29,0,5,31,7,43,0,15,35,22,72,10,42,52,124
03/24/2009,GYH,SC,ASO,ES,Federal Contract Tower,0,3,4,3,10,0,3,25,1,29,0,6,29,4,39,20,0,20,59
03/25/2009,GYH,SC,ASO,ES,Federal Contract Tower,0,2,12,2,16,0,0,0,0,0,0,2,12,2,16,0,0,0,16
03/26/2009,GYH,SC,ASO,ES,Federal Contract Tower,0,4,1,0,5,0,0,0,0,0,0,4,1,0,5,0,0,0,5
03/27/2009,GYH,SC,ASO,ES,Federal Contract Tower,0,3,14,4,21,0,0,0,0,0,0,3,14,4,21,0,0,0,21
03/28/2009,GYH,SC,ASO,ES,Federal Contract Tower,0,3,3,0,6,0,0,0,0,0,0,3,3,0,6,0,0,0,6
03/29/2009,GYH,SC,ASO,ES,Federal Contract Tower,0,1,1,0,2,0,6,4,0,10,0,7,5,0,12,0,0,0,12
03/30/2009,GYH,SC,ASO,ES,Federal Contract Tower,0,5,5,10,20,0,6,30,4,40,0,11,35,14,60,66,28,94,154
03/31/2009,GYH,SC,ASO,ES,Federal Contract Tower,0,2,6,1,9,0,9,12,0,21,0,11,18,1,30,0,0,0,30
04/01/2009,GYH,SC,ASO,ES,Federal Contract Tower,0,8,1,2,11,0,1,3,0,4,0,9,4,2,15,8,2,10,25
04/02/2009,GYH,SC,ASO,ES,Federal Contract Tower,0,7,7,11,25,0,4,0,2,6,0,11,7,13,31,0,4,4,35
04/03/2009,GYH,SC,ASO,ES,Federal Contract Tower,0,6,2,0,8,0,8,8,7,23,0,14,10,7,31,0,0,0,31
04/04/2009,GYH,SC,ASO,ES,Federal Contract Tower,0,9,14,0,23,0,18,59,0,77,0,27,73,0,100,58,0,58,158
04/05/2009,GYH,SC,ASO,ES,Federal Contract Tower,0,1,5,0,6,0,6,36,0,42,0,7,41,0,48,14,0,14,62
04/06/2009,GYH,SC,ASO,ES,Federal Contract Tower,0,5,0,5,10,0,1,1,1,3,0,6,1,6,13,0,0,0,13
04/07/2009,GYH,SC,ASO,ES,Federal Contract Tower,0,11,1,2,14,0,24,6,0,30,0,35,7,2,44,4,0,4,48
04/08/2009,GYH,SC,ASO,ES,Federal Contract Tower,0,11,2,7,20,0,19,19,6,44,0,30,21,13,64,20,2,22,86
04/09/2009,GYH,SC,ASO,ES,Federal Contract Tower,0,13,3,1,17,0,15,22,2,39,0,28,25,3,56,10,0,10,66
04/10/2009,GYH,SC,ASO,ES,Federal Contract Tower,0,3,0,2,5,0,5,1,0,6,0,8,1,2,11,0,0,0,11
04/11/2009,GYH,SC,ASO,ES,Federal Contract Tower,0,3,3,2,8,0,10,42,0,52,0,13,45,2,60,82,0,82,142
04/12/2009,GYH,SC,ASO,ES,Federal Contract Tower,0,4,2,0,6,0,2,28,1,31,0,6,30,1,37,12,0,12,49
04/13/2009,GYH,SC,ASO,ES,Federal Contract Tower,0,8,2,1,11,0,1,0,0,1,0,9,2,1,12,2,0,2,14
04/14/2009,GYH,SC,ASO,ES,Federal Contract Tower,0,5,0,9,14,0,4,5,2,11,0,9,5,11,25,20,18,38,63
04/15/2009,GYH,SC,ASO,ES,Federal Contract Tower,0,9,4,9,22,0,8,30,12,50,0,17,34,21,72,26,14,40,112
04/16/2009,GYH,SC,ASO,ES,Federal Contract Tower,0,2,1,19,22,0,20,32,25,77,0,22,33,44,99,122,40,162,261
04/17/2009,GYH,SC,ASO,ES,Federal Contract Tower,0,0,8,4,12,0,14,59,2,75,0,14,67,6,87,96,0,96,183
04/18/2009,GYH,SC,ASO,ES,Federal Contract Tower,0,2,6,3,11,0,12,62,0,74,0,14,68,3,85,60,0,60,145
04/19/2009,GYH,SC,ASO,ES,Federal Contract Tower,0,4,3,2,9,0,13,10,0,23,0,17,13,2,32,8,0,8,40
04/20/2009,GYH,SC,ASO,ES,Federal Contract Tower,0,1,2,1,4,0,18,3,4,25,0,19,5,5,29,18,0,18,47
04/21/2009,GYH,SC,ASO,ES,Federal Contract Tower,0,3,6,0,9,0,16,10,4,30,0,19,16,4,39,24,0,24,63
04/22/2009,GYH,SC,ASO,ES,Federal Contract Tower,0,5,0,10,15,0,10,13,15,38,0,15,13,25,53,6,40,46,99
04/23/2009,GYH,SC,ASO,ES,Federal Contract Tower,0,2,8,9,19,0,6,40,3,49,0,8,48,12,68,14,32,46,114
04/24/2009,GYH,SC,ASO,ES,Federal Contract Tower,0,3,7,4,14,0,33,43,0,76,0,36,50,4,90,64,0,64,154
04/25/2009,GYH,SC,ASO,ES,Federal Contract Tower,0,2,4,3,9,0,12,34,0,46,0,14,38,3,55,68,2,70,125
04/26/2009,GYH,SC,ASO,ES,Federal Contract Tower,0,1,6,5,12,0,17,47,0,64,0,18,53,5,76,60,0,60,136
04/27/2009,GYH,SC,ASO,ES,Federal Contract Tower,0,0,8,6,14,0,9,15,0,24,0,9,23,6,38,8,0,8,46
04/28/2009,GYH,SC,ASO,ES,Federal Contract Tower,0,3,2,15,20,0,12,16,12,40,0,15,18,27,60,18,6,24,84
04/29/2009,GYH,SC,ASO,ES,Federal Contract Tower,0,5,8,2,15,0,10,14,0,24,0,15,22,2,39,10,0,10,49
04/30/2009,GYH,SC,ASO,ES,Federal Contract Tower,0,13,7,25,45,0,13,14,3,30,0,26,21,28,75,6,18,24,99
05/01/2009,GYH,SC,ASO,ES,Federal Contract Tower,0,2,2,8,12,0,6,18,1,25,0,8,20,9,37,12,10,22,59
05/02/2009,GYH,SC,ASO,ES,Federal Contract Tower,0,0,1,0,1,0,17,12,0,29,0,17,13,0,30,36,0,36,66
05/03/2009,GYH,SC,ASO,ES,Federal Contract Tower,0,4,4,0,8,0,3,9,0,12,0,7,13,0,20,10,0,10,30
05/04/2009,GYH,SC,ASO,ES,Federal Contract Tower,0,10,2,9,21,0,2,4,2,8,0,12,6,11,29,4,0,4,33
05/05/2009,GYH,SC,ASO,ES,Federal Contract Tower,0,4,3,4,11,0,15,13,2,30,0,19,16,6,41,16,0,16,57
05/06/2009,GYH,SC,ASO,ES,Federal Contract Tower,0,6,0,2,8,0,0,0,0,0,0,6,0,2,8,18,0,18,26
05/07/2009,GYH,SC,ASO,ES,Federal Contract Tower,0,8,3,2,13,0,26,17,0,43,0,34,20,2,56,34,0,34,90
05/08/2009,GYH,SC,ASO,ES,Federal Contract Tower,0,7,6,3,16,0,6,8,2,16,0,13,14,5,32,6,6,12,44
05/09/2009,GYH,SC,ASO,ES,Federal Contract Tower,0,5,2,0,7,0,12,36,0,48,0,17,38,0,55,10,0,10,65
05/10/2009,GYH,SC,ASO,ES,Federal Contract Tower,0,4,4,5,13,0,0,36,0,36,0,4,40,5,49,64,0,64,113
05/11/2009,GYH,SC,ASO,ES,Federal Contract Tower,0,6,4,0,10,0,8,7,0,15,0,14,11,0,25,12,0,12,37
05/12/2009,GYH,SC,ASO,ES,Federal Contract Tower,0,5,6,20,31,0,13,43,4,60,0,18,49,24,91,72,4,76,167
05/13/2009,GYH,SC,ASO,ES,Federal Contract Tower,0,17,12,1,30,0,6,8,1,15,0,23,20,2,45,0,0,0,45
05/14/2009,GYH,SC,ASO,ES,Federal Contract Tower,0,9,7,8,24,0,22,25,5,52,0,31,32,13,76,54,20,74,150
05/15/2009,GYH,SC,ASO,ES,Federal Contract Tower,0,11,6,6,23,0,10,5,2,17,0,21,11,8,40,10,0,10,50
05/16/2009,GYH,SC,ASO,ES,Federal Contract Tower,0,1,3,3,7,0,4,2,0,6,0,5,5,3,13,0,0,0,13
05/17/2009,GYH,SC,ASO,ES,Federal Contract Tower,0,4,3,2,9,0,0,1,0,1,0,4,4,2,10,0,0,0,10
05/18/2009,GYH,SC,ASO,ES,Federal Contract Tower,0,6,4,7,17,0,1,31,4,36,0,7,35,11,53,16,0,16,69
05/19/2009,GYH,SC,ASO,ES,Federal Contract Tower,0,3,0,6,9,0,14,11,3,28,0,17,11,9,37,12,16,28,65
05/20/2009,GYH,SC,ASO,ES,Federal Contract Tower,0,9,3,17,29,0,18,20,3,41,0,27,23,20,70,34,8,42,112
05/21/2009,GYH,SC,ASO,ES,Federal Contract Tower,0,8,7,16,31,0,8,28,10,46,0,16,35,26,77,58,28,86,163
05/22/2009,GYH,SC,ASO,ES,Federal Contract Tower,0,6,5,4,15,0,15,33,0,48,0,21,38,4,63,80,0,80,143
05/23/2009,GYH,SC,ASO,ES,Federal Contract Tower,0,2,11,1,14,0,0,1,0,1,0,2,12,1,15,0,0,0,15
05/24/2009,GYH,SC,ASO,ES,Federal Contract Tower,0,3,4,1,8,0,0,0,0,0,0,3,4,1,8,0,0,0,8
05/25/2009,GYH,SC,ASO,ES,Federal Contract Tower,0,3,6,0,9,0,13,14,0,27,0,16,20,0,36,40,0,40,76
05/26/2009,GYH,SC,ASO,ES,Federal Contract Tower,0,5,7,0,12,0,19,8,0,27,0,24,15,0,39,0,0,0,39
05/27/2009,GYH,SC,ASO,ES,Federal Contract Tower,0,1,6,3,10,0,2,6,0,8,0,3,12,3,18,12,0,12,30
05/28/2009,GYH,SC,ASO,ES,Federal Contract Tower,0,5,9,0,14,0,6,3,10,19,0,11,12,10,33,0,6,6,39
05/29/2009,GYH,SC,ASO,ES,Federal Contract Tower,0,7,2,3,12,0,4,23,1,28,0,11,25,4,40,18,0,18,58
05/30/2009,GYH,SC,ASO,ES,Federal Contract Tower,0,0,5,0,5,0,24,38,2,64,0,24,43,2,69,56,0,56,125
05/31/2009,GYH,SC,ASO,ES,Federal Contract Tower,0,0,8,0,8,0,4,53,4,61,0,4,61,4,69,42,0,42,111
06/01/2009,GYH,SC,ASO,ES,Federal Contract Tower,0,3,5,6,14,0,12,22,0,34,0,15,27,6,48,32,0,32,80
06/02/2009,GYH,SC,ASO,ES,Federal Contract Tower,0,13,0,0,13,0,16,30,0,46,0,29,30,0,59,10,0,10,69
06/03/2009,GYH,SC,ASO,ES,Federal Contract Tower,0,6,2,0,8,0,29,23,1,53,0,35,25,1,61,58,0,58,119
06/04/2009,GYH,SC,ASO,ES,Federal Contract Tower,0,7,9,4,20,0,2,4,0,6,0,9,13,4,26,2,0,2,28
06/05/2009,GYH,SC,ASO,ES,Federal Contract Tower,0,10,6,0,16,0,21,8,2,31,0,31,14,2,47,2,0,2,49
06/06/2009,GYH,SC,ASO,ES,Federal Contract Tower,0,2,3,0,5,0,30,61,0,91,0,32,64,0,96,34,0,34,130
06/07/2009,GYH,SC,ASO,ES,Federal Contract Tower,0,2,2,0,4,0,3,21,0,24,0,5,23,0,28,26,0,26,54
06/08/2009,GYH,SC,ASO,ES,Federal Contract Tower,0,6,0,2,8,0,17,26,1,44,0,23,26,3,52,44,0,44,96
06/09/2009,GYH,SC,ASO,ES,Federal Contract Tower,0,8,3,1,12,0,21,26,7,54,0,29,29,8,66,36,0,36,102
06/10/2009,GYH,SC,ASO,ES,Federal Contract Tower,0,3,3,3,9,0,12,12,4,28,0,15,15,7,37,10,0,10,47
06/11/2009,GYH,SC,ASO,ES,Federal Contract Tower,0,2,3,4,9,0,6,16,4,26,0,8,19,8,35,34,0,34,69
06/12/2009,GYH,SC,ASO,ES,Federal Contract Tower,0,4,2,1,7,0,9,16,4,29,0,13,18,5,36,14,0,14,50
06/13/2009,GYH,SC,ASO,ES,Federal Contract Tower,0,3,8,0,11,0,20,29,0,49,0,23,37,0,60,28,0,28,88
06/14/2009,GYH,SC,ASO,ES,Federal Contract Tower,0,1,6,0,7,0,24,25,6,55,0,25,31,6,62,12,0,12,74
06/15/2009,GYH,SC,ASO,ES,Federal Contract Tower,0,6,0,7,13,0,8,15,4,27,0,14,15,11,40,10,0,10,50
06/16/2009,GYH,SC,ASO,ES,Federal Contract Tower,0,1,1,7,9,0,14,8,2,24,0,15,9,9,33,0,0,0,33
06/17/2009,GYH,SC,ASO,ES,Federal Contract Tower,0,6,2,3,11,0,26,4,7,37,0,32,6,10,48,0,6,6,54
06/18/2009,GYH,SC,ASO,ES,Federal Contract Tower,0,4,2,2,8,0,0,20,11,31,0,4,22,13,39,22,12,34,73
06/19/2009,GYH,SC,ASO,ES,Federal Contract Tower,0,1,0,3,4,0,8,26,4,38,0,9,26,7,42,18,0,18,60
06/20/2009,GYH,SC,ASO,ES,Federal Contract Tower,0,3,5,0,8,0,23,30,0,53,0,26,35,0,61,10,0,10,71
06/21/2009,GYH,SC,ASO,ES,Federal Contract Tower,0,4,0,3,7,0,14,8,0,22,0,18,8,3,29,18,0,18,47
06/22/2009,GYH,SC,ASO,ES,Federal Contract Tower,0,7,6,2,15,0,32,11,4,47,0,39,17,6,62,58,0,58,120
06/23/2009,GYH,SC,ASO,ES,Federal Contract Tower,0,14,0,1,15,0,18,26,0,44,0,32,26,1,59,42,0,42,101
06/24/2009,GYH,SC,ASO,ES,Federal Contract Tower,0,10,11,7,28,0,20,29,6,55,0,30,40,13,83,6,0,6,89
06/25/2009,GYH,SC,ASO,ES,Federal Contract Tower,0,7,1,9,17,0,8,28,0,36,0,15,29,9,53,18,0,18,71
06/26/2009,GYH,SC,ASO,ES,Federal Contract Tower,0,2,6,4,12,0,4,13,0,17,0,6,19,4,29,2,0,2,31
06/27/2009,GYH,SC,ASO,ES,Federal Contract Tower,0,3,6,0,9,0,14,22,0,36,0,17,28,0,45,6,0,6,51
06/28/2009,GYH,SC,ASO,ES,Federal Contract Tower,0,1,6,4,11,0,39,41,0,80,0,40,47,4,91,22,0,22,113
06/29/2009,GYH,SC,ASO,ES,Federal Contract Tower,0,6,2,3,11,0,35,21,7,63,0,41,23,10,74,38,0,38,112
06/30/2009,GYH,SC,ASO,ES,Federal Contract Tower,0,4,9,1,14,0,22,27,4,53,0,26,36,5,67,52,0,52,119
07/01/2009,GYH,SC,ASO,ES,Federal Contract Tower,0,8,2,9,19,0,5,12,5,22,0,13,14,14,41,54,16,70,111
07/02/2009,GYH,SC,ASO,ES,Federal Contract Tower,0,7,4,5,16,0,7,27,3,37,0,14,31,8,53,38,0,38,91
07/03/2009,GYH,SC,ASO,ES,Federal Contract Tower,0,2,3,2,7,0,2,51,2,55,0,4,54,4,62,30,0,30,92
07/04/2009,GYH,SC,ASO,ES,Federal Contract Tower,0,1,3,0,4,0,0,9,0,9,0,1,12,0,13,8,0,8,21
07/05/2009,GYH,SC,ASO,ES,Federal Contract Tower,0,2,5,0,7,0,0,9,0,9,0,2,14,0,16,4,0,4,20
07/06/2009,GYH,SC,ASO,ES,Federal Contract Tower,0,1,2,7,10,0,15,16,1,32,0,16,18,8,42,8,18,26,68
07/07/2009,GYH,SC,ASO,ES,Federal Contract Tower,0,3,5,7,15,0,26,25,0,51,0,29,30,7,66,24,0,24,90
07/08/2009,GYH,SC,ASO,ES,Federal Contract Tower,0,3,3,3,9,0,7,12,6,25,0,10,15,9,34,0,10,10,44
07/09/2009,GYH,SC,ASO,ES,Federal Contract Tower,0,8,1,8,17,0,8,21,1,30,0,16,22,9,47,34,8,42,89
07/10/2009,GYH,SC,ASO,ES,Federal Contract Tower,0,5,5,3,13,0,4,18,2,24,0,9,23,5,37,14,14,28,65
07/11/2009,GYH,SC,ASO,ES,Federal Contract Tower,0,2,9,2,13,0,2,67,0,69,0,4,76,2,82,22,0,22,104
07/12/2009,GYH,SC,ASO,ES,Federal Contract Tower,0,2,4,2,8,0,7,28,1,36,0,9,32,3,44,24,0,24,68
07/13/2009,GYH,SC,ASO,ES,Federal Contract Tower,0,5,1,9,15,0,6,19,0,25,0,11,20,9,40,20,0,20,60
07/14/2009,GYH,SC,ASO,ES,Federal Contract Tower,0,0,4,1,5,0,15,23,0,38,0,15,27,1,43,18,0,18,61
07/15/2009,GYH,SC,ASO,ES,Federal Contract Tower,0,1,3,2,6,0,14,14,3,31,0,15,17,5,37,10,0,10,47
07/16/2009,GYH,SC,ASO,ES,Federal Contract Tower,0,2,5,2,9,0,10,13,6,29,0,12,18,8,38,6,0,6,44
07/17/2009,GYH,SC,ASO,ES,Federal Contract Tower,0,5,7,6,18,0,6,19,6,31,0,11,26,12,49,8,0,8,57
07/18/2009,GYH,SC,ASO,ES,Federal Contract Tower,0,3,5,2,10,0,8,37,0,45,0,11,42,2,55,54,0,54,109
07/19/2009,GYH,SC,ASO,ES,Federal Contract Tower,0,3,7,1,11,0,13,29,0,42,0,16,36,1,53,48,0,48,101
07/20/2009,GYH,SC,ASO,ES,Federal Contract Tower,0,1,4,6,11,0,8,28,5,41,0,9,32,11,52,36,12,48,100
07/21/2009,GYH,SC,ASO,ES,Federal Contract Tower,0,8,4,4,16,0,32,17,2,51,0,40,21,6,67,14,0,14,81
07/22/2009,GYH,SC,ASO,ES,Federal Contract Tower,0,14,6,3,23,0,9,2,0,11,0,23,8,3,34,0,0,0,34
07/23/2009,GYH,SC,ASO,ES,Federal Contract Tower,0,5,2,4,11,0,0,14,0,14,0,5,16,4,25,54,0,54,79
07/24/2009,GYH,SC,ASO,ES,Federal Contract Tower,0,6,6,7,19,0,25,35,5,65,0,31,41,12,84,32,16,48,132
07/25/2009,GYH,SC,ASO,ES,Federal Contract Tower,0,3,2,1,6,0,16,27,2,45,0,19,29,3,51,30,0,30,81
07/26/2009,GYH,SC,ASO,ES,Federal Contract Tower,0,2,10,1,13,0,8,20,0,28,0,10,30,1,41,0,0,0,41
07/27/2009,GYH,SC,ASO,ES,Federal Contract Tower,0,2,3,5,10,0,5,16,0,21,0,7,19,5,31,18,0,18,49
07/28/2009,GYH,SC,ASO,ES,Federal Contract Tower,0,4,1,3,8,0,24,13,1,38,0,28,14,4,46,16,0,16,62
07/29/2009,GYH,SC,ASO,ES,Federal Contract Tower,0,4,4,0,8,0,12,8,2,22,0,16,12,2,30,8,0,8,38
07/30/2009,GYH,SC,ASO,ES,Federal Contract Tower,0,8,5,6,19,0,9,10,4,23,0,17,15,10,42,0,4,4,46
07/31/2009,GYH,SC,ASO,ES,Federal Contract Tower,0,5,1,4,10,0,11,8,0,19,0,16,9,4,29,18,0,18,47
08/01/2009,GYH,SC,ASO,ES,Federal Contract Tower,0,2,7,0,9,0,5,17,0,22,0,7,24,0,31,32,0,32,63
08/02/2009,GYH,SC,ASO,ES,Federal Contract Tower,0,3,7,3,13,0,0,16,0,16,0,3,23,3,29,44,0,44,73
08/03/2009,GYH,SC,ASO,ES,Federal Contract Tower,0,7,5,6,18,0,15,17,2,34,0,22,22,8,52,42,0,42,94
08/04/2009,GYH,SC,ASO,ES,Federal Contract Tower,0,3,1,10,14,0,13,30,6,49,0,16,31,16,63,26,18,44,107
08/05/2009,GYH,SC,ASO,ES,Federal Contract Tower,0,2,4,0,6,0,9,15,0,24,0,11,19,0,30,44,0,44,74
08/06/2009,GYH,SC,ASO,ES,Federal Contract Tower,0,18,9,10,37,0,22,17,4,43,0,40,26,14,80,24,6,30,110
08/07/2009,GYH,SC,ASO,ES,Federal Contract Tower,0,11,0,1,12,0,7,18,0,25,0,18,18,1,37,20,0,20,57
08/08/2009,GYH,SC,ASO,ES,Federal Contract Tower,0,4,9,0,13,0,26,58,0,84,0,30,67,0,97,18,0,18,115
08/09/2009,GYH,SC,ASO,ES,Federal Contract Tower,0,4,6,5,15,0,17,36,2,55,0,21,42,7,70,14,0,14,84
08/10/2009,GYH,SC,ASO,ES,Federal Contract Tower,0,5,2,7,14,0,39,23,7,69,0,44,25,14,83,0,0,0,83
08/11/2009,GYH,SC,ASO,ES,Federal Contract Tower,0,1,9,1,11,0,6,22,4,32,0,7,31,5,43,20,0,20,63
08/12/2009,GYH,SC,ASO,ES,Federal Contract Tower,0,2,3,0,5,0,8,11,0,19,0,10,14,0,24,40,0,40,64
08/13/2009,GYH,SC,ASO,ES,Federal Contract Tower,0,2,9,5,16,0,6,17,9,32,0,8,26,14,48,26,4,30,78
08/14/2009,GYH,SC,ASO,ES,Federal Contract Tower,0,10,2,15,27,0,8,22,1,31,0,18,24,16,58,30,4,34,92
08/15/2009,GYH,SC,ASO,ES,Federal Contract Tower,0,1,10,5,16,0,8,26,3,37,0,9,36,8,53,50,0,50,103
08/16/2009,GYH,SC,ASO,ES,Federal Contract Tower,0,3,6,12,21,0,6,33,0,39,0,9,39,12,60,42,0,42,102
08/17/2009,GYH,SC,ASO,ES,Federal Contract Tower,0,3,1,7,11,0,23,17,0,40,0,26,18,7,51,4,0,4,55
08/18/2009,GYH,SC,ASO,ES,Federal Contract Tower,0,6,12,8,26,0,2,10,0,12,0,8,22,8,38,12,0,12,50
08/19/2009,GYH,SC,ASO,ES,Federal Contract Tower,0,7,6,7,20,0,14,18,6,38,0,21,24,13,58,48,6,54,112
08/20/2009,GYH,SC,ASO,ES,Federal Contract Tower,0,6,1,8,15,0,8,7,2,17,0,14,8,10,32,10,0,10,42
08/21/2009,GYH,SC,ASO,ES,Federal Contract Tower,0,11,12,0,23,0,14,19,0,33,0,25,31,0,56,32,0,32,88
08/22/2009,GYH,SC,ASO,ES,Federal Contract Tower,0,1,19,4,24,0,8,40,3,51,0,9,59,7,75,52,0,52,127
08/23/2009,GYH,SC,ASO,ES,Federal Contract Tower,0,0,5,0,5,0,13,34,5,52,0,13,39,5,57,32,0,32,89
08/24/2009,GYH,SC,ASO,ES,Federal Contract Tower,0,3,21,4,28,0,2,7,3,12,0,5,28,7,40,0,0,0,40
08/25/2009,GYH,SC,ASO,ES,Federal Contract Tower,0,5,1,10,16,0,18,15,3,36,0,23,16,13,52,8,0,8,60
08/26/2009,GYH,SC,ASO,ES,Federal Contract Tower,0,14,3,4,21,0,9,18,4,31,0,23,21,8,52,36,0,36,88
08/27/2009,GYH,SC,ASO,ES,Federal Contract Tower,0,7,4,6,17,0,6,21,3,30,0,13,25,9,47,10,0,10,57
08/28/2009,GYH,SC,ASO,ES,Federal Contract Tower,0,6,4,1,11,0,20,8,0,28,0,26,12,1,39,8,0,8,47
08/29/2009,GYH,SC,ASO,ES,Federal Contract Tower,0,1,14,0,15,0,10,28,0,38,0,11,42,0,53,86,0,86,139
08/30/2009,GYH,SC,ASO,ES,Federal Contract Tower,0,0,8,0,8,0,4,39,0,43,0,4,47,0,51,30,0,30,81
08/31/2009,GYH,SC,ASO,ES,Federal Contract Tower,0,5,10,18,33,0,4,14,4,22,0,9,24,22,55,12,4,16,71
09/01/2009,GYH,SC,ASO,ES,Federal Contract Tower,0,5,4,5,14,0,19,15,0,34,0,24,19,5,48,20,20,40,88
09/02/2009,GYH,SC,ASO,ES,Federal Contract Tower,0,2,2,0,4,0,8,27,4,39,0,10,29,4,43,68,4,72,115
09/03/2009,GYH,SC,ASO,ES,Federal Contract Tower,0,10,3,3,16,0,15,47,8,70,0,25,50,11,86,36,4,40,126
09/04/2009,GYH,SC,ASO,ES,Federal Contract Tower,0,3,7,0,10,0,5,40,2,47,0,8,47,2,57,66,0,66,123
09/05/2009,GYH,SC,ASO,ES,Federal Contract Tower,0,5,3,0,8,0,4,40,0,44,0,9,43,0,52,28,0,28,80
09/06/2009,GYH,SC,ASO,ES,Federal Contract Tower,0,0,2,0,2,0,16,27,0,43,0,16,29,0,45,16,0,16,61
09/07/2009,GYH,SC,ASO,ES,Federal Contract Tower,0,1,4,0,5,0,0,31,0,31,0,1,35,0,36,36,0,36,72
09/08/2009,GYH,SC,ASO,ES,Federal Contract Tower,0,9,12,7,28,0,12,8,4,24,0,21,20,11,52,4,28,32,84
09/09/2009,GYH,SC,ASO,ES,Federal Contract Tower,0,6,2,9,17,0,26,7,0,33,0,32,9,9,50,54,6,60,110
09/10/2009,GYH,SC,ASO,ES,Federal Contract Tower,0,7,1,2,10,0,5,5,1,11,0,12,6,3,21,16,0,16,37
09/11/2009,GYH,SC,ASO,ES,Federal Contract Tower,0,6,3,3,12,0,4,25,4,33,0,10,28,7,45,110,18,128,173
09/12/2009,GYH,SC,ASO,ES,Federal Contract Tower,0,1,5,1,7,0,11,32,7,50,0,12,37,8,57,12,14,26,83
09/13/2009,GYH,SC,ASO,ES,Federal Contract Tower,0,4,4,0,8,0,2,25,8,35,0,6,29,8,43,20,0,20,63
09/14/2009,GYH,SC,ASO,ES,Federal Contract Tower,0,3,6,12,21,0,0,30,0,30,0,3,36,12,51,38,0,38,89
09/15/2009,GYH,SC,ASO,ES,Federal Contract Tower,0,5,3,0,8,0,10,19,0,29,0,15,22,0,37,6,0,6,43
09/16/2009,GYH,SC,ASO,ES,Federal Contract Tower,0,1,0,0,1,0,4,5,0,9,0,5,5,0,10,4,0,4,14
09/17/2009,GYH,SC,ASO,ES,Federal Contract Tower,0,10,5,6,21,0,2,6,4,12,0,12,11,10,33,0,0,0,33
09/18/2009,GYH,SC,ASO,ES,Federal Contract Tower,0,5,13,3,21,0,0,0,0,0,0,5,13,3,21,0,0,0,21
09/19/2009,GYH,SC,ASO,ES,Federal Contract Tower,0,4,10,5,19,0,6,1,0,7,0,10,11,5,26,0,0,0,26
09/20/2009,GYH,SC,ASO,ES,Federal Contract Tower,0,3,3,3,9,0,0,0,0,0,0,3,3,3,9,0,0,0,9
09/21/2009,GYH,SC,ASO,ES,Federal Contract Tower,0,2,12,0,14,0,3,10,0,13,0,5,22,0,27,30,0,30,57
09/22/2009,GYH,SC,ASO,ES,Federal Contract Tower,0,4,8,10,22,0,2,19,0,21,0,6,27,10,43,58,12,70,113
09/23/2009,GYH,SC,ASO,ES,Federal Contract Tower,0,13,4,5,22,0,45,11,1,57,0,58,15,6,79,18,30,48,127
09/24/2009,GYH,SC,ASO,ES,Federal Contract Tower,0,9,5,3,17,0,6,14,0,20,0,15,19,3,37,26,0,26,63
09/25/2009,GYH,SC,ASO,ES,Federal Contract Tower,0,4,1,1,6,0,4,28,0,32,0,8,29,1,38,74,0,74,112
09/26/2009,GYH,SC,ASO,ES,Federal Contract Tower,0,1,5,0,6,0,0,0,0,0,0,1,5,0,6,0,0,0,6
09/27/2009,GYH,SC,ASO,ES,Federal Contract Tower,0,6,1,2,9,0,10,24,0,34,0,16,25,2,43,54,0,54,97
09/28/2009,GYH,SC,ASO,ES,Federal Contract Tower,0,7,4,8,19,0,14,9,3,26,0,21,13,11,45,6,12,18,63
09/29/2009,GYH,SC,ASO,ES,Federal Contract Tower,0,5,3,5,13,0,24,33,1,58,0,29,36,6,71,62,0,62,133
09/30/2009,GYH,SC,ASO,ES,Federal Contract Tower,0,5,1,1,7,0,24,20,1,45,0,29,21,2,52,0,0,0,52
10/01/2009,GYH,SC,ASO,ES,Federal Contract Tower,0,16,3,0,19,0,28,32,2,62,0,44,35,2,81,64,2,66,147
10/02/2009,GYH,SC,ASO,ES,Federal Contract Tower,0,4,6,4,14,0,10,18,9,37,0,14,24,13,51,52,0,52,103
10/03/2009,GYH,SC,ASO,ES,Federal Contract Tower,0,15,3,0,18,0,18,26,0,44,0,33,29,0,62,6,0,6,68
10/04/2009,GYH,SC,ASO,ES,Federal Contract Tower,0,0,6,0,6,0,18,24,0,42,0,18,30,0,48,36,0,36,84
10/05/2009,GYH,SC,ASO,ES,Federal Contract Tower,0,1,1,4,6,0,0,0,0,0,0,1,1,4,6,0,0,0,6
10/06/2009,GYH,SC,ASO,ES,Federal Contract Tower,0,10,8,15,33,0,24,8,2,34,0,34,16,17,67,0,6,6,73
10/07/2009,GYH,SC,ASO,ES,Federal Contract Tower,0,3,0,6,9,0,10,11,3,24,0,13,11,9,33,22,4,26,59
10/08/2009,GYH,SC,ASO,ES,Federal Contract Tower,0,14,2,7,23,0,11,27,6,44,0,25,29,13,67,42,8,50,117
10/09/2009,GYH,SC,ASO,ES,Federal Contract Tower,0,11,5,6,22,0,13,11,2,26,0,24,16,8,48,42,0,42,90
10/10/2009,GYH,SC,ASO,ES,Federal Contract Tower,0,1,4,0,5,0,0,11,0,11,0,1,15,0,16,14,0,14,30
10/11/2009,GYH,SC,ASO,ES,Federal Contract Tower,0,2,12,2,16,0,0,15,0,15,0,2,27,2,31,8,0,8,39
10/12/2009,GYH,SC,ASO,ES,Federal Contract Tower,0,6,0,0,6,0,0,0,0,0,0,6,0,0,6,0,0,0,6
10/13/2009,GYH,SC,ASO,ES,Federal Contract Tower,0,4,10,14,28,0,9,29,2,40,0,13,39,16,68,32,2,34,102
10/14/2009,GYH,SC,ASO,ES,Federal Contract Tower,0,5,0,1,6,0,0,0,0,0,0,5,0,1,6,0,0,0,6
10/15/2009,GYH,SC,ASO,ES,Federal Contract Tower,0,8,14,0,22,0,0,0,0,0,0,8,14,0,22,0,0,0,22
10/16/2009,GYH,SC,ASO,ES,Federal Contract Tower,0,4,3,3,10,0,7,5,2,14,0,11,8,5,24,12,0,12,36
10/17/2009,GYH,SC,ASO,ES,Federal Contract Tower,0,5,4,4,13,0,14,7,3,24,0,19,11,7,37,20,0,20,57
10/18/2009,GYH,SC,ASO,ES,Federal Contract Tower,0,5,2,0,7,0,17,29,0,46,0,22,31,0,53,20,0,20,73
10/19/2009,GYH,SC,ASO,ES,Federal Contract Tower,0,3,5,15,23,0,14,48,6,68,0,17,53,21,91,72,42,114,205
10/20/2009,GYH,SC,ASO,ES,Federal Contract Tower,0,9,11,0,20,0,21,33,0,54,0,30,44,0,74,72,0,72,146
10/21/2009,GYH,SC,ASO,ES,Federal Contract Tower,0,7,3,2,12,0,12,20,2,34,0,19,23,4,46,66,0,66,112
10/22/2009,GYH,SC,ASO,ES,Federal Contract Tower,0,8,5,7,20,0,57,29,10,96,0,65,34,17,116,38,0,38,154
10/23/2009,GYH,SC,ASO,ES,Federal Contract Tower,0,3,3,5,11,0,15,4,0,19,0,18,7,5,30,34,0,34,64
10/24/2009,GYH,SC,ASO,ES,Federal Contract Tower,0,0,2,1,3,0,11,8,0,19,0,11,10,1,22,14,0,14,36
10/25/2009,GYH,SC,ASO,ES,Federal Contract Tower,0,5,5,5,15,0,9,33,0,42,0,14,38,5,57,2,0,2,59
10/26/2009,GYH,SC,ASO,ES,Federal Contract Tower,0,3,8,5,16,0,10,22,2,34,0,13,30,7,50,14,0,14,64
10/27/2009,GYH,SC,ASO,ES,Federal Contract Tower,0,3,4,4,11,0,0,0,0,0,0,3,4,4,11,0,0,0,11
10/28/2009,GYH,SC,ASO,ES,Federal Contract Tower,0,6,9,8,23,0,15,26,3,44,0,21,35,11,67,112,6,118,185
10/29/2009,GYH,SC,ASO,ES,Federal Contract Tower,0,3,3,6,12,0,30,26,1,57,0,33,29,7,69,70,0,70,139
10/30/2009,GYH,SC,ASO,ES,Federal Contract Tower,0,5,4,1,10,0,2,2,0,4,0,7,6,1,14,10,0,10,24
10/31/2009,GYH,SC,ASO,ES,Federal Contract Tower,0,4,6,0,10,0,0,0,0,0,0,4,6,0,10,0,0,0,10
11/01/2009,GYH,SC,ASO,ES,Federal Contract Tower,0,3,10,0,13,0,15,40,2,57,0,18,50,2,70,78,0,78,148
11/02/2009,GYH,SC,ASO,ES,Federal Contract Tower,0,4,5,2,11,0,16,31,0,47,0,20,36,2,58,78,0,78,136
11/03/2009,GYH,SC,ASO,ES,Federal Contract Tower,0,1,5,4,10,0,8,31,10,49,0,9,36,14,59,56,26,82,141
11/04/2009,GYH,SC,ASO,ES,Federal Contract Tower,0,6,2,4,12,0,10,35,3,48,0,16,37,7,60,120,0,120,180
11/05/2009,GYH,SC,ASO,ES,Federal Contract Tower,0,8,3,9,20,0,33,35,12,80,0,41,38,21,100,56,4,60,160
11/06/2009,GYH,SC,ASO,ES,Federal Contract Tower,0,4,3,0,7,0,6,63,0,69,0,10,66,0,76,110,0,110,186
11/07/2009,GYH,SC,ASO,ES,Federal Contract Tower,0,5,4,4,13,0,10,28,1,39,0,15,32,5,52,22,0,22,74
11/08/2009,GYH,SC,ASO,ES,Federal Contract Tower,0,7,0,1,8,0,7,55,0,62,0,14,55,1,70,60,0,60,130
11/09/2009,GYH,SC,ASO,ES,Federal Contract Tower,0,7,10,2,19,0,13,14,1,28,0,20,24,3,47,0,0,0,47
11/10/2009,GYH,SC,ASO,ES,Federal Contract Tower,0,6,1,0,7,0,0,0,0,0,0,6,1,0,7,0,0,0,7
11/11/2009,GYH,SC,ASO,ES,Federal Contract Tower,0,10,0,1,11,0,4,1,1,6,0,14,1,2,17,0,0,0,17
11/12/2009,GYH,SC,ASO,ES,Federal Contract Tower,0,5,0,1,6,0,13,12,3,28,0,18,12,4,34,14,0,14,48
11/13/2009,GYH,SC,ASO,ES,Federal Contract Tower,0,5,12,5,22,0,10,37,11,58,0,15,49,16,80,118,0,118,198
11/14/2009,GYH,SC,ASO,ES,Federal Contract Tower,0,2,10,1,13,0,8,46,2,56,0,10,56,3,69,38,0,38,107
11/15/2009,GYH,SC,ASO,ES,Federal Contract Tower,0,7,6,1,14,0,1,49,0,50,0,8,55,1,64,58,0,58,122
11/16/2009,GYH,SC,ASO,ES,Federal Contract Tower,0,1,13,1,15,0,21,45,3,69,0,22,58,4,84,70,0,70,154
11/17/2009,GYH,SC,ASO,ES,Federal Contract Tower,0,4,2,4,10,0,12,21,5,38,0,16,23,9,48,48,20,68,116
11/18/2009,GYH,SC,ASO,ES,Federal Contract Tower,0,5,2,2,9,0,0,0,0,0,0,5,2,2,9,0,0,0,9
11/19/2009,GYH,SC,ASO,ES,Federal Contract Tower,0,3,2,2,7,0,16,6,2,24,0,19,8,4,31,14,12,26,57
11/20/2009,GYH,SC,ASO,ES,Federal Contract Tower,0,6,7,9,22,0,16,30,3,49,0,22,37,12,71,46,0,46,117
11/21/2009,GYH,SC,ASO,ES,Federal Contract Tower,0,6,5,2,13,0,10,35,0,45,0,16,40,2,58,64,0,64,122
11/22/2009,GYH,SC,ASO,ES,Federal Contract Tower,0,1,2,0,3,0,0,2,0,2,0,1,4,0,5,22,0,22,27
11/23/2009,GYH,SC,ASO,ES,Federal Contract Tower,0,7,4,4,15,0,0,7,2,9,0,7,11,6,24,12,0,12,36
11/24/2009,GYH,SC,ASO,ES,Federal Contract Tower,0,6,6,2,14,0,7,0,0,7,0,13,6,2,21,0,0,0,21
11/25/2009,GYH,SC,ASO,ES,Federal Contract Tower,0,6,2,0,8,0,18,16,0,34,0,24,18,0,42,28,0,28,70
11/26/2009,GYH,SC,ASO,ES,Federal Contract Tower,0,2,1,0,3,0,10,8,0,18,0,12,9,0,21,8,0,8,29
11/27/2009,GYH,SC,ASO,ES,Federal Contract Tower,0,5,1,0,6,0,2,21,0,23,0,7,22,0,29,20,0,20,49
11/28/2009,GYH,SC,ASO,ES,Federal Contract Tower,0,0,12,0,12,0,4,52,0,56,0,4,64,0,68,36,0,36,104
11/29/2009,GYH,SC,ASO,ES,Federal Contract Tower,0,6,4,0,10,0,6,31,0,37,0,12,35,0,47,2,0,2,49
11/30/2009,GYH,SC,ASO,ES,Federal Contract Tower,0,15,1,5,21,0,6,2,0,8,0,21,3,5,29,16,0,16,45
12/01/2009,GYH,SC,ASO,ES,Federal Contract Tower,0,10,2,5,17,0,13,35,11,59,0,23,37,16,76,46,14,60,136
12/02/2009,GYH,SC,ASO,ES,Federal Contract Tower,0,8,1,0,9,0,0,0,0,0,0,8,1,0,9,0,0,0,9
12/03/2009,GYH,SC,ASO,ES,Federal Contract Tower,0,8,2,7,17,0,12,20,0,32,0,20,22,7,49,30,0,30,79
12/04/2009,GYH,SC,ASO,ES,Federal Contract Tower,0,6,2,4,12,0,17,5,3,25,0,23,7,7,37,38,0,38,75
12/05/2009,GYH,SC,ASO,ES,Federal Contract Tower,0,3,2,0,5,0,0,7,0,7,0,3,9,0,12,14,0,14,26
12/06/2009,GYH,SC,ASO,ES,Federal Contract Tower,0,3,3,1,7,0,12,21,0,33,0,15,24,1,40,16,0,16,56
12/07/2009,GYH,SC,ASO,ES,Federal Contract Tower,0,11,6,3,20,0,12,29,9,50,0,23,35,12,70,30,0,30,100
12/08/2009,GYH,SC,ASO,ES,Federal Contract Tower,0,3,4,0,7,0,4,2,0,6,0,7,6,0,13,0,0,0,13
12/09/2009,GYH,SC,ASO,ES,Federal Contract Tower,0,0,0,4,4,0,6,0,1,7,0,6,0,5,11,0,0,0,11
12/10/2009,GYH,SC,ASO,ES,Federal Contract Tower,0,9,1,2,12,0,5,11,13,29,0,14,12,15,41,2,2,4,45
12/11/2009,GYH,SC,ASO,ES,Federal Contract Tower,0,7,0,4,11,0,10,26,0,36,0,17,26,4,47,26,0,26,73
12/12/2009,GYH,SC,ASO,ES,Federal Contract Tower,0,1,0,0,1,0,8,8,0,16,0,9,8,0,17,8,0,8,25
12/13/2009,GYH,SC,ASO,ES,Federal Contract Tower,0,2,0,0,2,0,0,0,0,0,0,2,0,0,2,0,0,0,2
12/14/2009,GYH,SC,ASO,ES,Federal Contract Tower,0,8,4,9,21,0,6,0,0,6,0,14,4,9,27,0,0,0,27
12/15/2009,GYH,SC,ASO,ES,Federal Contract Tower,0,4,0,16,20,0,7,4,7,18,0,11,4,23,38,0,4,4,42
12/16/2009,GYH,SC,ASO,ES,Federal Contract Tower,0,6,3,5,14,0,20,20,14,54,0,26,23,19,68,18,2,20,88
12/17/2009,GYH,SC,ASO,ES,Federal Contract Tower,0,11,3,5,19,0,4,34,0,38,0,15,37,5,57,22,0,22,79
12/18/2009,GYH,SC,ASO,ES,Federal Contract Tower,0,6,0,3,9,0,0,1,0,1,0,6,1,3,10,0,0,0,10
12/19/2009,GYH,SC,ASO,ES,Federal Contract Tower,0,5,12,2,19,0,2,3,0,5,0,7,15,2,24,0,0,0,24
12/20/2009,GYH,SC,ASO,ES,Federal Contract Tower,0,0,6,0,6,0,24,36,0,60,0,24,42,0,66,24,0,24,90
12/21/2009,GYH,SC,ASO,ES,Federal Contract Tower,0,2,2,11,15,0,8,13,0,21,0,10,15,11,36,26,0,26,62
12/22/2009,GYH,SC,ASO,ES,Federal Contract Tower,0,8,3,3,14,0,14,39,0,53,0,22,42,3,67,26,0,26,93
12/23/2009,GYH,SC,ASO,ES,Federal Contract Tower,0,4,11,1,16,0,8,19,2,29,0,12,30,3,45,14,0,14,59
12/24/2009,GYH,SC,ASO,ES,Federal Contract Tower,0,2,4,0,6,0,0,14,3,17,0,2,18,3,23,34,2,36,59
12/25/2009,GYH,SC,ASO,ES,Federal Contract Tower,0,0,1,0,1,0,0,1,0,1,0,0,2,0,2,0,0,0,2
12/26/2009,GYH,SC,ASO,ES,Federal Contract Tower,0,2,2,0,4,0,0,14,0,14,0,2,16,0,18,0,0,0,18
12/27/2009,GYH,SC,ASO,ES,Federal Contract Tower,0,7,1,0,8,0,9,27,0,36,0,16,28,0,44,24,0,24,68
12/28/2009,GYH,SC,ASO,ES,Federal Contract Tower,0,10,0,6,16,0,1,17,0,18,0,11,17,6,34,32,0,32,66
12/29/2009,GYH,SC,ASO,ES,Federal Contract Tower,0,4,5,2,11,0,11,12,7,30,0,15,17,9,41,10,0,10,51
12/30/2009,GYH,SC,ASO,ES,Federal Contract Tower,0,1,4,4,9,0,12,22,4,38,0,13,26,8,47,12,22,34,81
12/31/2009,GYH,SC,ASO,ES,Federal Contract Tower,0,5,0,0,5,0,0,0,0,0,0,5,0,0,5,0,0,0,5
01/01/2010,GYH,SC,ASO,ES,Federal Contract Tower,0,1,1,0,2,0,0,5,0,5,0,1,6,0,7,0,0,0,7
01/02/2010,GYH,SC,ASO,ES,Federal Contract Tower,0,5,2,0,7,0,0,11,0,11,0,5,13,0,18,0,0,0,18
01/03/2010,GYH,SC,ASO,ES,Federal Contract Tower,0,8,4,2,14,0,1,8,0,9,0,9,12,2,23,16,0,16,39
01/04/2010,GYH,SC,ASO,ES,Federal Contract Tower,0,3,0,5,8,0,13,17,1,31,0,16,17,6,39,6,0,6,45
01/05/2010,GYH,SC,ASO,ES,Federal Contract Tower,0,6,0,1,7,0,4,1,2,7,0,10,1,3,14,0,12,12,26
01/06/2010,GYH,SC,ASO,ES,Federal Contract Tower,0,7,1,5,13,0,6,23,19,48,0,13,24,24,61,26,22,48,109
01/07/2010,GYH,SC,ASO,ES,Federal Contract Tower,0,3,3,8,14,0,4,6,6,16,0,7,9,14,30,6,48,54,84
01/08/2010,GYH,SC,ASO,ES,Federal Contract Tower,0,1,0,2,3,0,6,9,0,15,0,7,9,2,18,2,0,2,20
01/09/2010,GYH,SC,ASO,ES,Federal Contract Tower,0,1,1,2,4,0,2,20,3,25,0,3,21,5,29,8,28,36,65
01/10/2010,GYH,SC,ASO,ES,Federal Contract Tower,0,1,3,1,5,0,0,26,2,28,0,1,29,3,33,34,0,34,67
01/11/2010,GYH,SC,ASO,ES,Federal Contract Tower,0,4,3,10,17,0,12,11,0,23,0,16,14,10,40,26,0,26,66
01/12/2010,GYH,SC,ASO,ES,Federal Contract Tower,0,5,4,14,23,0,12,10,11,33,0,17,14,25,56,0,32,32,88
01/13/2010,GYH,SC,ASO,ES,Federal Contract Tower,0,3,1,3,7,0,10,13,7,30,0,13,14,10,37,18,24,42,79
01/14/2010,GYH,SC,ASO,ES,Federal Contract Tower,0,6,2,3,11,0,24,25,10,59,0,30,27,13,70,32,0,32,102
01/15/2010,GYH,SC,ASO,ES,Federal Contract Tower,0,4,2,2,8,0,14,17,4,35,0,18,19,6,43,24,0,24,67
01/16/2010,GYH,SC,ASO,ES,Federal Contract Tower,0,0,10,0,10,0,10,21,0,31,0,10,31,0,41,106,0,106,147
01/17/2010,GYH,SC,ASO,ES,Federal Contract Tower,0,1,0,2,3,0,0,1,0,1,0,1,1,2,4,0,0,0,4
01/18/2010,GYH,SC,ASO,ES,Federal Contract Tower,0,4,2,1,7,0,13,25,3,41,0,17,27,4,48,26,0,26,74
01/19/2010,GYH,SC,ASO,ES,Federal Contract Tower,0,9,3,12,24,0,19,24,17,60,0,28,27,29,84,14,44,58,142
01/20/2010,GYH,SC,ASO,ES,Federal Contract Tower,0,10,4,1,15,0,5,30,13,48,0,15,34,14,63,10,4,14,77
01/21/2010,GYH,SC,ASO,ES,Federal Contract Tower,0,3,4,3,10,0,0,0,0,0,0,3,4,3,10,0,0,0,10
01/22/2010,GYH,SC,ASO,ES,Federal Contract Tower,0,3,7,7,17,0,0,9,1,10,0,3,16,8,27,16,8,24,51
01/23/2010,GYH,SC,ASO,ES,Federal Contract Tower,0,5,4,3,12,0,4,0,0,4,0,9,4,3,16,10,0,10,26
01/24/2010,GYH,SC,ASO,ES,Federal Contract Tower,0,0,0,0,0,0,0,0,0,0,0,0,0,0,0,0,0,0,0
01/25/2010,GYH,SC,ASO,ES,Federal Contract Tower,0,0,0,5,5,0,18,6,4,28,0,18,6,9,33,0,6,6,39
01/26/2010,GYH,SC,ASO,ES,Federal Contract Tower,0,3,4,7,14,0,12,14,5,31,0,15,18,12,45,0,0,0,45
01/27/2010,GYH,SC,ASO,ES,Federal Contract Tower,0,5,4,2,11,0,7,22,2,31,0,12,26,4,42,18,0,18,60
01/28/2010,GYH,SC,ASO,ES,Federal Contract Tower,0,6,6,4,16,0,3,30,0,33,0,9,36,4,49,26,0,26,75
01/29/2010,GYH,SC,ASO,ES,Federal Contract Tower,0,6,2,0,8,0,6,6,0,12,0,12,8,0,20,2,0,2,22
01/30/2010,GYH,SC,ASO,ES,Federal Contract Tower,0,0,0,0,0,0,0,0,0,0,0,0,0,0,0,0,0,0,0
01/31/2010,GYH,SC,ASO,ES,Federal Contract Tower,0,0,5,0,5,0,5,19,0,24,0,5,24,0,29,68,0,68,97
02/01/2010,GYH,SC,ASO,ES,Federal Contract Tower,0,9,0,10,19,0,10,26,4,40,0,19,26,14,59,52,26,78,137
02/02/2010,GYH,SC,ASO,ES,Federal Contract Tower,0,3,2,3,8,0,0,0,0,0,0,3,2,3,8,0,0,0,8
02/03/2010,GYH,SC,ASO,ES,Federal Contract Tower,0,3,8,9,20,0,8,19,12,39,0,11,27,21,59,24,16,40,99
02/04/2010,GYH,SC,ASO,ES,Federal Contract Tower,0,8,4,17,29,0,4,6,0,10,0,12,10,17,39,14,4,18,57
02/05/2010,GYH,SC,ASO,ES,Federal Contract Tower,0,4,0,2,6,0,0,0,0,0,0,4,0,2,6,0,0,0,6
02/06/2010,GYH,SC,ASO,ES,Federal Contract Tower,0,0,0,4,4,0,14,4,0,18,0,14,4,4,22,8,0,8,30
02/07/2010,GYH,SC,ASO,ES,Federal Contract Tower,0,5,4,0,9,0,6,41,0,47,0,11,45,0,56,46,0,46,102
02/08/2010,GYH,SC,ASO,ES,Federal Contract Tower,0,4,3,2,9,0,23,39,2,64,0,27,42,4,73,32,0,32,105
02/09/2010,GYH,SC,ASO,ES,Federal Contract Tower,0,6,0,9,15,0,0,0,6,6,0,6,0,15,21,0,30,30,51
02/10/2010,GYH,SC,ASO,ES,Federal Contract Tower,0,6,0,2,8,0,0,2,2,4,0,6,2,4,12,0,0,0,12
02/11/2010,GYH,SC,ASO,ES,Federal Contract Tower,0,2,2,6,10,0,0,27,0,27,0,2,29,6,37,30,0,30,67
02/12/2010,GYH,SC,ASO,ES,Federal Contract Tower,0,7,2,2,11,0,2,11,0,13,0,9,13,2,24,60,0,60,84
02/13/2010,GYH,SC,ASO,ES,Federal Contract Tower,0,6,1,1,8,0,8,15,0,23,0,14,16,1,31,0,0,0,31
02/14/2010,GYH,SC,ASO,ES,Federal Contract Tower,0,4,2,0,6,0,4,24,0,28,0,8,26,0,34,48,0,48,82
02/15/2010,GYH,SC,ASO,ES,Federal Contract Tower,0,11,0,0,11,0,17,0,0,17,0,28,0,0,28,0,0,0,28
02/16/2010,GYH,SC,ASO,ES,Federal Contract Tower,0,6,2,2,10,0,9,3,2,14,0,15,5,4,24,12,4,16,40
02/17/2010,GYH,SC,ASO,ES,Federal Contract Tower,0,6,3,5,14,0,3,27,2,32,0,9,30,7,46,72,0,72,118
02/18/2010,GYH,SC,ASO,ES,Federal Contract Tower,0,4,1,0,5,0,32,39,2,73,0,36,40,2,78,44,0,44,122
02/19/2010,GYH,SC,ASO,ES,Federal Contract Tower,0,11,13,0,24,0,19,54,0,73,0,30,67,0,97,86,0,86,183
02/20/2010,GYH,SC,ASO,ES,Federal Contract Tower,0,2,4,1,7,0,16,48,3,67,0,18,52,4,74,56,4,60,134
02/21/2010,GYH,SC,ASO,ES,Federal Contract Tower,0,3,9,4,16,0,9,30,0,39,0,12,39,4,55,48,0,48,103
02/22/2010,GYH,SC,ASO,ES,Federal Contract Tower,0,2,4,21,27,0,2,0,6,8,0,4,4,27,35,0,26,26,61
02/23/2010,GYH,SC,ASO,ES,Federal Contract Tower,0,11,0,5,16,0,8,6,0,14,0,19,6,5,30,26,0,26,56
02/24/2010,GYH,SC,ASO,ES,Federal Contract Tower,0,4,0,11,15,0,2,4,1,7,0,6,4,12,22,12,14,26,48
02/25/2010,GYH,SC,ASO,ES,Federal Contract Tower,0,5,3,5,13,0,2,18,3,23,0,7,21,8,36,18,0,18,54
02/26/2010,GYH,SC,ASO,ES,Federal Contract Tower,0,5,1,0,6,0,37,25,0,62,0,42,26,0,68,24,0,24,92
02/27/2010,GYH,SC,ASO,ES,Federal Contract Tower,0,2,4,1,7,0,14,148,1,163,0,16,152,2,170,66,0,66,236
02/28/2010,GYH,SC,ASO,ES,Federal Contract Tower,0,1,6,0,7,0,13,67,0,80,0,14,73,0,87,32,0,32,119
03/01/2010,GYH,SC,ASO,ES,Federal Contract Tower,0,3,4,3,10,0,12,8,0,20,0,15,12,3,30,22,0,22,52
03/02/2010,GYH,SC,ASO,ES,Federal Contract Tower,0,1,0,0,1,0,0,6,0,6,0,1,6,0,7,0,0,0,7
03/03/2010,GYH,SC,ASO,ES,Federal Contract Tower,0,3,0,2,5,0,4,13,0,17,0,7,13,2,22,2,0,2,24
03/04/2010,GYH,SC,ASO,ES,Federal Contract Tower,0,10,1,7,18,0,3,20,9,32,0,13,21,16,50,10,12,22,72
03/05/2010,GYH,SC,ASO,ES,Federal Contract Tower,0,4,4,2,10,0,12,28,3,43,0,16,32,5,53,30,4,34,87
03/06/2010,GYH,SC,ASO,ES,Federal Contract Tower,0,1,3,0,4,0,2,55,0,57,0,3,58,0,61,58,0,58,119
03/07/2010,GYH,SC,ASO,ES,Federal Contract Tower,0,2,1,0,3,0,2,67,0,69,0,4,68,0,72,106,0,106,178
03/08/2010,GYH,SC,ASO,ES,Federal Contract Tower,0,3,2,2,7,0,6,32,2,40,0,9,34,4,47,20,0,20,67
03/09/2010,GYH,SC,ASO,ES,Federal Contract Tower,0,9,0,0,9,0,8,19,4,31,0,17,19,4,40,20,0,20,60
03/10/2010,GYH,SC,ASO,ES,Federal Contract Tower,0,4,8,16,28,0,5,5,2,12,0,9,13,18,40,6,18,24,64
03/11/2010,GYH,SC,ASO,ES,Federal Contract Tower,0,1,1,7,9,0,0,0,0,0,0,1,1,7,9,0,0,0,9
03/12/2010,GYH,SC,ASO,ES,Federal Contract Tower,0,11,2,4,17,0,2,4,0,6,0,13,6,4,23,20,0,20,43
03/13/2010,GYH,SC,ASO,ES,Federal Contract Tower,0,2,6,0,8,0,19,19,0,38,0,21,25,0,46,32,0,32,78
03/14/2010,GYH,SC,ASO,ES,Federal Contract Tower,0,1,5,0,6,0,10,13,0,23,0,11,18,0,29,6,0,6,35
03/15/2010,GYH,SC,ASO,ES,Federal Contract Tower,0,4,3,1,8,0,8,12,19,39,0,12,15,20,47,14,0,14,61
03/16/2010,GYH,SC,ASO,ES,Federal Contract Tower,0,3,7,3,13,0,10,20,4,34,0,13,27,7,47,66,0,66,113
03/17/2010,GYH,SC,ASO,ES,Federal Contract Tower,0,5,1,6,12,0,8,24,9,41,0,13,25,15,53,62,2,64,117
03/18/2010,GYH,SC,ASO,ES,Federal Contract Tower,0,13,1,1,15,0,21,34,53,108,0,34,35,54,123,70,10,80,203
03/19/2010,GYH,SC,ASO,ES,Federal Contract Tower,0,4,3,1,8,0,28,31,18,77,0,32,34,19,85,34,6,40,125
03/20/2010,GYH,SC,ASO,ES,Federal Contract Tower,0,4,3,0,7,0,16,55,0,71,0,20,58,0,78,78,0,78,156
03/21/2010,GYH,SC,ASO,ES,Federal Contract Tower,0,1,5,2,8,0,6,5,0,11,0,7,10,2,19,4,0,4,23
03/22/2010,GYH,SC,ASO,ES,Federal Contract Tower,0,11,0,4,15,0,12,9,0,21,0,23,9,4,36,28,0,28,64
03/23/2010,GYH,SC,ASO,ES,Federal Contract Tower,0,2,1,2,5,0,24,16,0,40,0,26,17,2,45,66,2,68,113
03/24/2010,GYH,SC,ASO,ES,Federal Contract Tower,0,8,3,3,14,0,32,25,19,76,0,40,28,22,90,40,14,54,144
03/25/2010,GYH,SC,ASO,ES,Federal Contract Tower,0,12,0,2,14,0,6,16,27,49,0,18,16,29,63,12,0,12,75
03/26/2010,GYH,SC,ASO,ES,Federal Contract Tower,0,8,6,5,19,0,29,24,2,55,0,37,30,7,74,84,0,84,158
03/27/2010,GYH,SC,ASO,ES,Federal Contract Tower,0,3,3,0,6,0,10,33,4,47,0,13,36,4,53,24,0,24,77
03/28/2010,GYH,SC,ASO,ES,Federal Contract Tower,0,2,2,0,4,0,0,0,0,0,0,2,2,0,4,0,0,0,4
03/29/2010,GYH,SC,ASO,ES,Federal Contract Tower,0,6,2,2,10,0,0,15,0,15,0,6,17,2,25,64,0,64,89
03/30/2010,GYH,SC,ASO,ES,Federal Contract Tower,0,8,6,0,14,0,6,31,2,39,0,14,37,2,53,52,0,52,105
03/31/2010,GYH,SC,ASO,ES,Federal Contract Tower,0,5,0,2,7,0,14,58,2,74,0,19,58,4,81,100,0,100,181
04/01/2010,GYH,SC,ASO,ES,Federal Contract Tower,0,17,3,1,21,0,10,36,2,48,0,27,39,3,69,28,0,28,97
04/02/2010,GYH,SC,ASO,ES,Federal Contract Tower,0,6,2,1,9,0,12,28,1,41,0,18,30,2,50,28,0,28,78
04/03/2010,GYH,SC,ASO,ES,Federal Contract Tower,0,3,1,0,4,0,8,40,0,48,0,11,41,0,52,78,0,78,130
04/04/2010,GYH,SC,ASO,ES,Federal Contract Tower,0,2,2,0,4,0,4,30,0,34,0,6,32,0,38,2,0,2,40
04/05/2010,GYH,SC,ASO,ES,Federal Contract Tower,0,6,1,0,7,0,37,32,0,69,0,43,33,0,76,28,0,28,104
04/06/2010,GYH,SC,ASO,ES,Federal Contract Tower,0,12,5,2,19,0,14,26,0,40,0,26,31,2,59,48,0,48,107
04/07/2010,GYH,SC,ASO,ES,Federal Contract Tower,0,5,5,9,19,0,18,20,5,43,0,23,25,14,62,6,0,6,68
04/08/2010,GYH,SC,ASO,ES,Federal Contract Tower,0,4,0,0,4,0,6,5,0,11,0,10,5,0,15,0,0,0,15
04/09/2010,GYH,SC,ASO,ES,Federal Contract Tower,0,1,4,3,8,0,6,17,1,24,0,7,21,4,32,38,0,38,70
04/10/2010,GYH,SC,ASO,ES,Federal Contract Tower,0,5,4,0,9,0,25,64,2,91,0,30,68,2,100,64,0,64,164
04/11/2010,GYH,SC,ASO,ES,Federal Contract Tower,0,0,6,1,7,0,6,52,0,58,0,6,58,1,65,74,0,74,139
04/12/2010,GYH,SC,ASO,ES,Federal Contract Tower,0,2,1,10,13,0,10,16,6,32,0,12,17,16,45,8,42,50,95
04/13/2010,GYH,SC,ASO,ES,Federal Contract Tower,0,8,4,3,15,0,13,15,12,40,0,21,19,15,55,22,26,48,103
04/14/2010,GYH,SC,ASO,ES,Federal Contract Tower,0,4,5,7,16,0,24,18,2,44,0,28,23,9,60,20,0,20,80
04/15/2010,GYH,SC,ASO,ES,Federal Contract Tower,0,11,3,0,14,0,8,24,12,44,0,19,27,12,58,36,6,42,100
04/16/2010,GYH,SC,ASO,ES,Federal Contract Tower,0,8,1,5,14,0,18,19,3,40,0,26,20,8,54,34,26,60,114
04/17/2010,GYH,SC,ASO,ES,Federal Contract Tower,0,2,2,2,6,0,18,20,2,40,0,20,22,4,46,4,0,4,50
04/18/2010,GYH,SC,ASO,ES,Federal Contract Tower,0,1,2,6,9,0,4,38,4,46,0,5,40,10,55,8,0,8,63
04/19/2010,GYH,SC,ASO,ES,Federal Contract Tower,0,6,5,3,14,0,20,34,8,62,0,26,39,11,76,48,0,48,124
04/20/2010,GYH,SC,ASO,ES,Federal Contract Tower,0,2,3,4,9,0,36,10,0,46,0,38,13,4,55,32,8,40,95
04/21/2010,GYH,SC,ASO,ES,Federal Contract Tower,0,7,3,2,12,0,6,12,2,20,0,13,15,4,32,14,0,14,46
04/22/2010,GYH,SC,ASO,ES,Federal Contract Tower,0,6,5,2,13,0,14,37,3,54,0,20,42,5,67,96,0,96,163
04/23/2010,GYH,SC,ASO,ES,Federal Contract Tower,0,3,5,3,11,0,14,30,4,48,0,17,35,7,59,32,0,32,91
04/24/2010,GYH,SC,ASO,ES,Federal Contract Tower,0,4,0,1,5,0,0,3,0,3,0,4,3,1,8,0,0,0,8
04/25/2010,GYH,SC,ASO,ES,Federal Contract Tower,0,13,0,13,26,0,7,5,0,12,0,20,5,13,38,10,0,10,48
04/26/2010,GYH,SC,ASO,ES,Federal Contract Tower,0,11,1,9,21,0,8,6,2,16,0,19,7,11,37,8,0,8,45
04/27/2010,GYH,SC,ASO,ES,Federal Contract Tower,0,5,3,1,9,0,24,36,59,119,0,29,39,60,128,20,0,20,148
04/28/2010,GYH,SC,ASO,ES,Federal Contract Tower,0,6,2,3,11,0,51,42,92,185,0,57,44,95,196,18,6,24,220
04/29/2010,GYH,SC,ASO,ES,Federal Contract Tower,0,4,6,6,16,0,29,27,84,140,0,33,33,90,156,14,10,24,180
04/30/2010,GYH,SC,ASO,ES,Federal Contract Tower,0,12,7,9,28,0,43,25,40,108,0,55,32,49,136,22,12,34,170
05/01/2010,GYH,SC,ASO,ES,Federal Contract Tower,0,3,15,15,33,0,0,0,0,0,0,3,15,15,33,0,0,0,33
05/02/2010,GYH,SC,ASO,ES,Federal Contract Tower,0,4,5,6,15,0,14,1,0,15,0,18,6,6,30,0,0,0,30
05/03/2010,GYH,SC,ASO,ES,Federal Contract Tower,0,5,0,2,7,0,2,1,0,3,0,7,1,2,10,0,0,0,10
05/04/2010,GYH,SC,ASO,ES,Federal Contract Tower,0,8,2,4,14,0,24,31,0,55,0,32,33,4,69,92,0,92,161
05/05/2010,GYH,SC,ASO,ES,Federal Contract Tower,0,10,1,7,18,0,17,40,3,60,0,27,41,10,78,78,16,94,172
05/06/2010,GYH,SC,ASO,ES,Federal Contract Tower,0,12,4,6,22,0,11,21,6,38,0,23,25,12,60,26,8,34,94
05/07/2010,GYH,SC,ASO,ES,Federal Contract Tower,0,10,0,9,19,0,25,38,0,63,0,35,38,9,82,78,0,78,160
05/08/2010,GYH,SC,ASO,ES,Federal Contract Tower,0,1,4,2,7,0,10,15,0,25,0,11,19,2,32,8,0,8,40
05/09/2010,GYH,SC,ASO,ES,Federal Contract Tower,0,1,5,1,7,0,3,31,0,34,0,4,36,1,41,0,0,0,41
05/10/2010,GYH,SC,ASO,ES,Federal Contract Tower,0,5,3,9,17,0,6,21,4,31,0,11,24,13,48,60,6,66,114
05/11/2010,GYH,SC,ASO,ES,Federal Contract Tower,0,8,2,6,16,0,10,4,3,17,0,18,6,9,33,4,6,10,43
05/12/2010,GYH,SC,ASO,ES,Federal Contract Tower,0,12,6,0,18,0,11,11,0,22,0,23,17,0,40,40,0,40,80
05/13/2010,GYH,SC,ASO,ES,Federal Contract Tower,0,16,4,11,31,0,10,30,23,63,0,26,34,34,94,46,16,62,156
05/14/2010,GYH,SC,ASO,ES,Federal Contract Tower,0,11,3,0,14,0,10,17,0,27,0,21,20,0,41,28,0,28,69
05/15/2010,GYH,SC,ASO,ES,Federal Contract Tower,0,0,2,1,3,0,21,32,2,55,0,21,34,3,58,12,6,18,76
05/16/2010,GYH,SC,ASO,ES,Federal Contract Tower,0,2,7,0,9,0,12,22,1,35,0,14,29,1,44,50,0,50,94
05/17/2010,GYH,SC,ASO,ES,Federal Contract Tower,0,8,8,0,16,0,10,9,2,21,0,18,17,2,37,24,2,26,63
05/18/2010,GYH,SC,ASO,ES,Federal Contract Tower,0,8,4,13,25,0,2,8,7,17,0,10,12,20,42,16,2,18,60
05/19/2010,GYH,SC,ASO,ES,Federal Contract Tower,0,21,6,0,27,0,10,25,4,39,0,31,31,4,66,26,18,44,110
05/20/2010,GYH,SC,ASO,ES,Federal Contract Tower,0,17,11,5,33,0,23,40,5,68,0,40,51,10,101,48,14,62,163
05/21/2010,GYH,SC,ASO,ES,Federal Contract Tower,0,5,7,1,13,0,0,7,2,9,0,5,14,3,22,6,12,18,40
05/22/2010,GYH,SC,ASO,ES,Federal Contract Tower,0,3,8,0,11,0,8,7,0,15,0,11,15,0,26,8,0,8,34
05/23/2010,GYH,SC,ASO,ES,Federal Contract Tower,0,9,8,1,18,0,6,18,0,24,0,15,26,1,42,18,0,18,60
05/24/2010,GYH,SC,ASO,ES,Federal Contract Tower,0,8,6,6,20,0,10,20,1,31,0,18,26,7,51,22,0,22,73
05/25/2010,GYH,SC,ASO,ES,Federal Contract Tower,0,3,13,11,27,0,8,3,8,19,0,11,16,19,46,0,24,24,70
05/26/2010,GYH,SC,ASO,ES,Federal Contract Tower,0,2,0,2,4,0,12,20,8,40,0,14,20,10,44,24,4,28,72
05/27/2010,GYH,SC,ASO,ES,Federal Contract Tower,0,10,8,2,20,0,24,28,2,54,0,34,36,4,74,58,0,58,132
05/28/2010,GYH,SC,ASO,ES,Federal Contract Tower,0,7,1,2,10,0,11,16,0,27,0,18,17,2,37,18,0,18,55
05/29/2010,GYH,SC,ASO,ES,Federal Contract Tower,0,0,1,0,1,0,8,14,6,28,0,8,15,6,29,32,0,32,61
05/30/2010,GYH,SC,ASO,ES,Federal Contract Tower,0,0,2,0,2,0,0,4,0,4,0,0,6,0,6,30,0,30,36
05/31/2010,GYH,SC,ASO,ES,Federal Contract Tower,0,1,3,1,5,0,0,1,0,1,0,1,4,1,6,0,0,0,6
06/01/2010,GYH,SC,ASO,ES,Federal Contract Tower,0,8,0,9,17,0,14,5,5,24,0,22,5,14,41,18,20,38,79
06/02/2010,GYH,SC,ASO,ES,Federal Contract Tower,0,8,4,2,14,0,6,12,2,20,0,14,16,4,34,12,0,12,46
06/03/2010,GYH,SC,ASO,ES,Federal Contract Tower,0,13,6,5,24,0,30,12,8,50,0,43,18,13,74,94,32,126,200
06/04/2010,GYH,SC,ASO,ES,Federal Contract Tower,0,11,7,0,18,0,15,13,0,28,0,26,20,0,46,26,0,26,72
06/05/2010,GYH,SC,ASO,ES,Federal Contract Tower,0,3,7,2,12,0,11,40,4,55,0,14,47,6,67,32,10,42,109
06/06/2010,GYH,SC,ASO,ES,Federal Contract Tower,0,4,4,1,9,0,38,34,6,78,0,42,38,7,87,20,0,20,107
06/07/2010,GYH,SC,ASO,ES,Federal Contract Tower,0,5,3,12,20,0,8,39,4,51,0,13,42,16,71,50,32,82,153
06/08/2010,GYH,SC,ASO,ES,Federal Contract Tower,0,4,16,16,36,0,17,35,12,64,0,21,51,28,100,28,26,54,154
06/09/2010,GYH,SC,ASO,ES,Federal Contract Tower,0,3,0,8,11,0,15,7,21,43,0,18,7,29,54,0,6,6,60
06/10/2010,GYH,SC,ASO,ES,Federal Contract Tower,0,11,0,5,16,0,13,10,10,33,0,24,10,15,49,15,18,33,82
06/11/2010,GYH,SC,ASO,ES,Federal Contract Tower,0,6,8,0,14,0,24,17,2,43,0,30,25,2,57,16,0,16,73
06/12/2010,GYH,SC,ASO,ES,Federal Contract Tower,0,3,1,0,4,0,14,18,2,34,0,17,19,2,38,4,0,4,42
06/13/2010,GYH,SC,ASO,ES,Federal Contract Tower,0,7,3,0,10,0,4,12,0,16,0,11,15,0,26,6,0,6,32
06/14/2010,GYH,SC,ASO,ES,Federal Contract Tower,0,6,1,0,7,0,33,22,0,55,0,39,23,0,62,32,0,32,94
06/15/2010,GYH,SC,ASO,ES,Federal Contract Tower,0,6,4,4,14,0,25,21,2,48,0,31,25,6,62,16,0,16,78
06/16/2010,GYH,SC,ASO,ES,Federal Contract Tower,0,8,6,3,17,0,5,23,0,28,0,13,29,3,45,62,0,62,107
06/17/2010,GYH,SC,ASO,ES,Federal Contract Tower,0,13,0,0,13,0,26,17,0,43,0,39,17,0,56,16,0,16,72
06/18/2010,GYH,SC,ASO,ES,Federal Contract Tower,0,9,3,2,14,0,20,19,2,41,0,29,22,4,55,18,0,18,73
06/19/2010,GYH,SC,ASO,ES,Federal Contract Tower,0,5,5,0,10,0,22,14,0,36,0,27,19,0,46,10,0,10,56
06/20/2010,GYH,SC,ASO,ES,Federal Contract Tower,0,8,9,0,17,0,16,37,0,53,0,24,46,0,70,30,0,30,100
06/21/2010,GYH,SC,ASO,ES,Federal Contract Tower,0,2,6,2,10,0,22,17,0,39,0,24,23,2,49,14,0,14,63
06/22/2010,GYH,SC,ASO,ES,Federal Contract Tower,0,11,2,14,27,0,15,23,2,40,0,26,25,16,67,28,8,36,103
06/23/2010,GYH,SC,ASO,ES,Federal Contract Tower,0,19,3,0,22,0,27,5,10,42,0,46,8,10,64,0,6,6,70
06/24/2010,GYH,SC,ASO,ES,Federal Contract Tower,0,23,20,5,48,0,26,15,5,46,0,49,35,10,94,38,0,38,132
06/25/2010,GYH,SC,ASO,ES,Federal Contract Tower,0,12,0,1,13,0,30,17,0,47,0,42,17,1,60,36,0,36,96
06/26/2010,GYH,SC,ASO,ES,Federal Contract Tower,0,3,8,2,13,0,4,38,0,42,0,7,46,2,55,54,0,54,109
06/27/2010,GYH,SC,ASO,ES,Federal Contract Tower,0,1,3,0,4,0,10,20,0,30,0,11,23,0,34,14,0,14,48
06/28/2010,GYH,SC,ASO,ES,Federal Contract Tower,0,8,3,2,13,0,10,16,0,26,0,18,19,2,39,46,0,46,85
06/29/2010,GYH,SC,ASO,ES,Federal Contract Tower,0,3,8,2,13,0,16,27,4,47,0,19,35,6,60,24,0,24,84
06/30/2010,GYH,SC,ASO,ES,Federal Contract Tower,0,6,10,2,18,0,2,10,0,12,0,8,20,2,30,10,0,10,40
07/01/2010,GYH,SC,ASO,ES,Federal Contract Tower,0,11,11,1,23,0,12,19,13,44,0,23,30,14,67,16,10,26,93
07/02/2010,GYH,SC,ASO,ES,Federal Contract Tower,0,6,4,7,17,0,6,21,0,27,0,12,25,7,44,30,0,30,74
07/03/2010,GYH,SC,ASO,ES,Federal Contract Tower,0,4,4,0,8,0,10,21,0,31,0,14,25,0,39,14,0,14,53
07/04/2010,GYH,SC,ASO,ES,Federal Contract Tower,0,0,0,0,0,0,12,14,0,26,0,12,14,0,26,8,0,8,34
07/05/2010,GYH,SC,ASO,ES,Federal Contract Tower,0,5,2,0,7,0,14,17,0,31,0,19,19,0,38,28,0,28,66
07/06/2010,GYH,SC,ASO,ES,Federal Contract Tower,0,4,1,2,7,0,14,9,6,29,0,18,10,8,36,0,0,0,36
07/07/2010,GYH,SC,ASO,ES,Federal Contract Tower,0,3,4,11,18,0,6,15,6,27,0,9,19,17,45,16,28,44,89
07/08/2010,GYH,SC,ASO,ES,Federal Contract Tower,0,2,1,3,6,0,21,22,2,45,0,23,23,5,51,38,0,38,89
07/09/2010,GYH,SC,ASO,ES,Federal Contract Tower,0,6,1,6,13,0,19,12,1,32,0,25,13,7,45,4,0,4,49
07/10/2010,GYH,SC,ASO,ES,Federal Contract Tower,0,3,3,8,14,0,10,20,0,30,0,13,23,8,44,4,0,4,48
07/11/2010,GYH,SC,ASO,ES,Federal Contract Tower,0,1,0,1,2,0,20,17,0,37,0,21,17,1,39,12,0,12,51
07/12/2010,GYH,SC,ASO,ES,Federal Contract Tower,0,9,3,0,12,0,12,13,0,25,0,21,16,0,37,6,0,6,43
07/13/2010,GYH,SC,ASO,ES,Federal Contract Tower,0,3,0,6,9,0,8,13,8,29,0,11,13,14,38,32,2,34,72
07/14/2010,GYH,SC,ASO,ES,Federal Contract Tower,0,5,9,0,14,0,38,28,3,69,0,43,37,3,83,28,0,28,111
07/15/2010,GYH,SC,ASO,ES,Federal Contract Tower,0,3,1,2,6,0,0,22,0,22,0,3,23,2,28,46,4,50,78
07/16/2010,GYH,SC,ASO,ES,Federal Contract Tower,0,5,2,3,10,0,24,16,0,40,0,29,18,3,50,12,0,12,62
07/17/2010,GYH,SC,ASO,ES,Federal Contract Tower,0,3,0,1,4,0,14,13,0,27,0,17,13,1,31,6,0,6,37
07/18/2010,GYH,SC,ASO,ES,Federal Contract Tower,0,3,0,0,3,0,14,10,0,24,0,17,10,0,27,28,0,28,55
07/19/2010,GYH,SC,ASO,ES,Federal Contract Tower,0,5,4,2,11,0,42,6,4,52,0,47,10,6,63,8,0,8,71
07/20/2010,GYH,SC,ASO,ES,Federal Contract Tower,0,8,0,8,16,0,22,13,14,49,0,30,13,22,65,0,38,38,103
07/21/2010,GYH,SC,ASO,ES,Federal Contract Tower,0,10,0,2,12,0,26,22,0,48,0,36,22,2,60,26,0,26,86
07/22/2010,GYH,SC,ASO,ES,Federal Contract Tower,0,6,4,2,12,0,18,23,2,43,0,24,27,4,55,20,0,20,75
07/23/2010,GYH,SC,ASO,ES,Federal Contract Tower,0,12,1,3,16,0,8,38,5,51,0,20,39,8,67,22,0,22,89
07/24/2010,GYH,SC,ASO,ES,Federal Contract Tower,0,2,4,0,6,0,24,21,0,45,0,26,25,0,51,6,0,6,57
07/25/2010,GYH,SC,ASO,ES,Federal Contract Tower,0,4,3,0,7,0,14,29,2,45,0,18,32,2,52,12,0,12,64
07/26/2010,GYH,SC,ASO,ES,Federal Contract Tower,0,4,1,2,7,0,16,10,1,27,0,20,11,3,34,12,0,12,46
07/27/2010,GYH,SC,ASO,ES,Federal Contract Tower,0,4,2,1,7,0,26,8,0,34,0,30,10,1,41,14,0,14,55
07/28/2010,GYH,SC,ASO,ES,Federal Contract Tower,0,7,1,2,10,0,13,8,0,21,0,20,9,2,31,4,0,4,35
07/29/2010,GYH,SC,ASO,ES,Federal Contract Tower,0,13,2,4,19,0,14,18,9,41,0,27,20,13,60,20,12,32,92
07/30/2010,GYH,SC,ASO,ES,Federal Contract Tower,0,6,3,5,14,0,26,13,0,39,0,32,16,5,53,16,0,16,69
07/31/2010,GYH,SC,ASO,ES,Federal Contract Tower,0,6,6,0,12,0,2,0,0,2,0,8,6,0,14,0,0,0,14
08/01/2010,GYH,SC,ASO,ES,Federal Contract Tower,0,5,13,0,18,0,0,0,0,0,0,5,13,0,18,0,0,0,18
08/02/2010,GYH,SC,ASO,ES,Federal Contract Tower,0,7,4,3,14,0,6,10,0,16,0,13,14,3,30,12,0,12,42
08/03/2010,GYH,SC,ASO,ES,Federal Contract Tower,0,4,1,14,19,0,0,9,10,19,0,4,10,24,38,40,40,80,118
08/04/2010,GYH,SC,ASO,ES,Federal Contract Tower,0,14,4,4,22,0,32,16,6,54,0,46,20,10,76,42,12,54,130
08/05/2010,GYH,SC,ASO,ES,Federal Contract Tower,0,8,4,1,13,0,20,27,6,53,0,28,31,7,66,38,0,38,104
08/06/2010,GYH,SC,ASO,ES,Federal Contract Tower,0,4,4,4,12,0,17,11,6,34,0,21,15,10,46,0,18,18,64
08/07/2010,GYH,SC,ASO,ES,Federal Contract Tower,0,13,4,1,18,0,18,14,0,32,0,31,18,1,50,22,0,22,72
08/08/2010,GYH,SC,ASO,ES,Federal Contract Tower,0,0,15,3,18,0,16,28,0,44,0,16,43,3,62,14,0,14,76
08/09/2010,GYH,SC,ASO,ES,Federal Contract Tower,0,3,2,3,8,0,15,13,1,29,0,18,15,4,37,32,2,34,71
08/10/2010,GYH,SC,ASO,ES,Federal Contract Tower,0,7,2,1,10,0,36,16,2,54,0,43,18,3,64,6,6,12,76
08/11/2010,GYH,SC,ASO,ES,Federal Contract Tower,0,7,3,1,11,0,19,14,14,47,0,26,17,15,58,18,22,40,98
08/12/2010,GYH,SC,ASO,ES,Federal Contract Tower,0,6,0,4,10,0,16,18,1,35,0,22,18,5,45,30,2,32,77
08/13/2010,GYH,SC,ASO,ES,Federal Contract Tower,0,4,1,0,5,0,26,18,6,50,0,30,19,6,55,4,16,20,75
08/14/2010,GYH,SC,ASO,ES,Federal Contract Tower,0,4,6,0,10,0,20,12,0,32,0,24,18,0,42,10,0,10,52
08/15/2010,GYH,SC,ASO,ES,Federal Contract Tower,0,5,11,0,16,0,16,8,0,24,0,21,19,0,40,18,0,18,58
08/16/2010,GYH,SC,ASO,ES,Federal Contract Tower,0,9,4,2,15,0,8,5,2,15,0,17,9,4,30,6,0,6,36
08/17/2010,GYH,SC,ASO,ES,Federal Contract Tower,0,9,2,1,12,0,30,3,6,39,0,39,5,7,51,4,42,46,97
08/18/2010,GYH,SC,ASO,ES,Federal Contract Tower,0,4,7,0,11,0,18,16,3,37,0,22,23,3,48,18,0,18,66
08/19/2010,GYH,SC,ASO,ES,Federal Contract Tower,0,8,5,0,13,0,3,3,1,7,0,11,8,1,20,0,4,4,24
08/20/2010,GYH,SC,ASO,ES,Federal Contract Tower,0,6,3,4,13,0,16,20,4,40,0,22,23,8,53,52,4,56,109
08/21/2010,GYH,SC,ASO,ES,Federal Contract Tower,0,5,7,0,12,0,3,2,0,5,0,8,9,0,17,10,0,10,27
08/22/2010,GYH,SC,ASO,ES,Federal Contract Tower,0,3,10,0,13,0,5,32,0,37,0,8,42,0,50,34,0,34,84
08/23/2010,GYH,SC,ASO,ES,Federal Contract Tower,0,6,0,4,10,0,20,35,2,57,0,26,35,6,67,42,16,58,125
08/24/2010,GYH,SC,ASO,ES,Federal Contract Tower,0,2,8,9,19,0,24,9,3,36,0,26,17,12,55,14,8,22,77
08/25/2010,GYH,SC,ASO,ES,Federal Contract Tower,0,8,1,0,9,0,18,19,18,55,0,26,20,18,64,2,6,8,72
08/26/2010,GYH,SC,ASO,ES,Federal Contract Tower,0,8,4,5,17,0,18,16,1,35,0,26,20,6,52,4,18,22,74
08/27/2010,GYH,SC,ASO,ES,Federal Contract Tower,0,6,1,0,7,0,29,28,0,57,0,35,29,0,64,42,0,42,106
08/28/2010,GYH,SC,ASO,ES,Federal Contract Tower,0,4,15,0,19,0,18,23,0,41,0,22,38,0,60,22,0,22,82
08/29/2010,GYH,SC,ASO,ES,Federal Contract Tower,0,7,17,0,24,0,4,38,0,42,0,11,55,0,66,54,0,54,120
08/30/2010,GYH,SC,ASO,ES,Federal Contract Tower,0,7,2,0,9,0,1,20,2,23,0,8,22,2,32,34,0,34,66
08/31/2010,GYH,SC,ASO,ES,Federal Contract Tower,0,10,0,3,13,0,7,40,2,49,0,17,40,5,62,2,0,2,64
09/01/2010,GYH,SC,ASO,ES,Federal Contract Tower,0,5,5,3,13,0,30,20,29,79,0,35,25,32,92,18,10,28,120
09/02/2010,GYH,SC,ASO,ES,Federal Contract Tower,0,8,1,4,13,0,14,28,15,57,0,22,29,19,70,32,4,36,106
09/03/2010,GYH,SC,ASO,ES,Federal Contract Tower,0,6,4,2,12,0,44,18,2,64,0,50,22,4,76,0,0,0,76
09/04/2010,GYH,SC,ASO,ES,Federal Contract Tower,0,0,1,0,1,0,38,28,0,66,0,38,29,0,67,34,0,34,101
09/05/2010,GYH,SC,ASO,ES,Federal Contract Tower,0,2,2,0,4,0,12,20,0,32,0,14,22,0,36,40,0,40,76
09/06/2010,GYH,SC,ASO,ES,Federal Contract Tower,0,5,1,0,6,0,22,31,0,53,0,27,32,0,59,62,0,62,121
09/07/2010,GYH,SC,ASO,ES,Federal Contract Tower,0,1,1,0,2,0,24,14,2,40,0,25,15,2,42,0,0,0,42
09/08/2010,GYH,SC,ASO,ES,Federal Contract Tower,0,2,1,0,3,0,12,9,2,23,0,14,10,2,26,6,0,6,32
09/09/2010,GYH,SC,ASO,ES,Federal Contract Tower,0,5,0,0,5,0,2,23,0,25,0,7,23,0,30,24,0,24,54
09/10/2010,GYH,SC,ASO,ES,Federal Contract Tower,0,5,1,1,7,0,27,32,4,63,0,32,33,5,70,20,0,20,90
09/11/2010,GYH,SC,ASO,ES,Federal Contract Tower,0,0,3,1,4,0,18,21,4,43,0,18,24,5,47,12,0,12,59
09/12/2010,GYH,SC,ASO,ES,Federal Contract Tower,0,3,1,0,4,0,2,24,2,28,0,5,25,2,32,30,0,30,62
09/13/2010,GYH,SC,ASO,ES,Federal Contract Tower,0,3,1,0,4,0,34,11,4,49,0,37,12,4,53,24,2,26,79
09/14/2010,GYH,SC,ASO,ES,Federal Contract Tower,0,3,2,0,5,0,2,17,1,20,0,5,19,1,25,0,0,0,25
09/15/2010,GYH,SC,ASO,ES,Federal Contract Tower,0,2,1,4,7,0,13,16,2,31,0,15,17,6,38,12,0,12,50
09/16/2010,GYH,SC,ASO,ES,Federal Contract Tower,0,5,2,1,8,0,13,16,1,30,0,18,18,2,38,6,0,6,44
09/17/2010,GYH,SC,ASO,ES,Federal Contract Tower,0,11,4,4,19,0,22,31,0,53,0,33,35,4,72,26,0,26,98
09/18/2010,GYH,SC,ASO,ES,Federal Contract Tower,0,4,8,2,14,0,32,24,3,59,0,36,32,5,73,16,0,16,89
09/19/2010,GYH,SC,ASO,ES,Federal Contract Tower,0,6,10,2,18,0,32,34,0,66,0,38,44,2,84,14,0,14,98
09/20/2010,GYH,SC,ASO,ES,Federal Contract Tower,0,9,0,4,13,0,4,11,1,16,0,13,11,5,29,8,0,8,37
09/21/2010,GYH,SC,ASO,ES,Federal Contract Tower,0,5,2,3,10,0,17,19,4,40,0,22,21,7,50,18,0,18,68
09/22/2010,GYH,SC,ASO,ES,Federal Contract Tower,0,5,8,1,14,0,32,32,2,66,0,37,40,3,80,18,0,18,98
09/23/2010,GYH,SC,ASO,ES,Federal Contract Tower,0,3,4,4,11,0,20,19,5,44,0,23,23,9,55,14,6,20,75
09/24/2010,GYH,SC,ASO,ES,Federal Contract Tower,0,5,4,4,13,0,29,22,0,51,0,34,26,4,64,10,0,10,74
09/25/2010,GYH,SC,ASO,ES,Federal Contract Tower,0,2,3,0,5,0,16,68,0,84,0,18,71,0,89,24,0,24,113
09/26/2010,GYH,SC,ASO,ES,Federal Contract Tower,0,2,4,1,7,0,0,0,0,0,0,2,4,1,7,0,0,0,7
09/27/2010,GYH,SC,ASO,ES,Federal Contract Tower,0,6,0,0,6,0,12,1,0,13,0,18,1,0,19,0,0,0,19
09/28/2010,GYH,SC,ASO,ES,Federal Contract Tower,0,1,4,10,15,0,13,12,11,36,0,14,16,21,51,2,16,18,69
09/29/2010,GYH,SC,ASO,ES,Federal Contract Tower,0,8,0,12,20,0,18,9,4,31,0,26,9,16,51,4,22,26,77
09/30/2010,GYH,SC,ASO,ES,Federal Contract Tower,0,8,5,0,13,0,2,26,0,28,0,10,31,0,41,50,0,50,91
10/01/2010,GYH,SC,ASO,ES,Federal Contract Tower,0,11,0,3,14,0,17,18,6,41,0,28,18,9,55,14,0,14,69
10/02/2010,GYH,SC,ASO,ES,Federal Contract Tower,0,2,0,0,2,0,27,57,0,84,0,29,57,0,86,58,0,58,144
10/03/2010,GYH,SC,ASO,ES,Federal Contract Tower,0,5,2,1,8,0,8,28,0,36,0,13,30,1,44,22,0,22,66
10/04/2010,GYH,SC,ASO,ES,Federal Contract Tower,0,1,8,3,12,0,11,21,0,32,0,12,29,3,44,44,4,48,92
10/05/2010,GYH,SC,ASO,ES,Federal Contract Tower,0,7,3,11,21,0,7,27,2,36,0,14,30,13,57,42,2,44,101
10/06/2010,GYH,SC,ASO,ES,Federal Contract Tower,0,9,2,0,11,0,17,36,0,53,0,26,38,0,64,40,0,40,104
10/07/2010,GYH,SC,ASO,ES,Federal Contract Tower,0,4,1,4,9,0,20,30,2,52,0,24,31,6,61,40,4,44,105
10/08/2010,GYH,SC,ASO,ES,Federal Contract Tower,0,5,3,3,11,0,19,29,2,50,0,24,32,5,61,38,0,38,99
10/09/2010,GYH,SC,ASO,ES,Federal Contract Tower,0,1,3,0,4,0,18,72,0,90,0,19,75,0,94,48,0,48,142
10/10/2010,GYH,SC,ASO,ES,Federal Contract Tower,0,2,5,0,7,0,14,37,0,51,0,16,42,0,58,40,0,40,98
10/11/2010,GYH,SC,ASO,ES,Federal Contract Tower,0,5,1,0,6,0,11,23,0,34,0,16,24,0,40,16,0,16,56
10/12/2010,GYH,SC,ASO,ES,Federal Contract Tower,0,4,2,0,6,0,26,18,0,44,0,30,20,0,50,40,0,40,90
10/13/2010,GYH,SC,ASO,ES,Federal Contract Tower,0,3,4,14,21,0,20,28,8,56,0,23,32,22,77,28,18,46,123
10/14/2010,GYH,SC,ASO,ES,Federal Contract Tower,0,11,10,3,24,0,30,7,10,47,0,41,17,13,71,0,26,26,97
10/15/2010,GYH,SC,ASO,ES,Federal Contract Tower,0,5,4,1,10,0,8,17,0,25,0,13,21,1,35,10,0,10,45
10/16/2010,GYH,SC,ASO,ES,Federal Contract Tower,0,0,7,0,7,0,25,27,0,52,0,25,34,0,59,36,0,36,95
10/17/2010,GYH,SC,ASO,ES,Federal Contract Tower,0,1,4,0,5,0,12,38,0,50,0,13,42,0,55,28,0,28,83
10/18/2010,GYH,SC,ASO,ES,Federal Contract Tower,0,4,9,0,13,0,19,30,5,54,0,23,39,5,67,16,12,28,95
10/19/2010,GYH,SC,ASO,ES,Federal Contract Tower,0,17,1,9,27,0,47,21,2,70,0,64,22,11,97,24,0,24,121
10/20/2010,GYH,SC,ASO,ES,Federal Contract Tower,0,6,1,3,10,0,38,9,0,47,0,44,10,3,57,14,0,14,71
10/21/2010,GYH,SC,ASO,ES,Federal Contract Tower,0,5,6,4,15,0,23,25,5,53,0,28,31,9,68,16,4,20,88
10/22/2010,GYH,SC,ASO,ES,Federal Contract Tower,0,2,2,0,4,0,17,29,0,46,0,19,31,0,50,14,0,14,64
10/23/2010,GYH,SC,ASO,ES,Federal Contract Tower,0,3,9,2,14,0,0,38,0,38,0,3,47,2,52,42,0,42,94
10/24/2010,GYH,SC,ASO,ES,Federal Contract Tower,0,2,7,0,9,0,14,23,2,39,0,16,30,2,48,16,0,16,64
10/25/2010,GYH,SC,ASO,ES,Federal Contract Tower,0,2,0,2,4,0,14,1,0,15,0,16,1,2,19,0,0,0,19
10/26/2010,GYH,SC,ASO,ES,Federal Contract Tower,0,9,0,3,12,0,7,5,0,12,0,16,5,3,24,6,0,6,30
10/27/2010,GYH,SC,ASO,ES,Federal Contract Tower,0,7,0,2,9,0,4,1,0,5,0,11,1,2,14,0,0,0,14
10/28/2010,GYH,SC,ASO,ES,Federal Contract Tower,0,5,0,1,6,0,11,10,3,24,0,16,10,4,30,24,0,24,54
10/29/2010,GYH,SC,ASO,ES,Federal Contract Tower,0,3,3,12,18,0,11,43,12,66,0,14,46,24,84,42,2,44,128
10/30/2010,GYH,SC,ASO,ES,Federal Contract Tower,0,6,10,0,16,0,18,40,0,58,0,24,50,0,74,26,0,26,100
10/31/2010,GYH,SC,ASO,ES,Federal Contract Tower,0,0,3,0,3,0,11,34,0,45,0,11,37,0,48,20,0,20,68
11/01/2010,GYH,SC,ASO,ES,Federal Contract Tower,0,2,9,4,15,0,29,22,0,51,0,31,31,4,66,34,0,34,100
11/02/2010,GYH,SC,ASO,ES,Federal Contract Tower,0,7,7,0,14,0,16,14,0,30,0,23,21,0,44,46,0,46,90
11/03/2010,GYH,SC,ASO,ES,Federal Contract Tower,0,3,5,0,8,0,9,9,0,18,0,12,14,0,26,8,0,8,34
11/04/2010,GYH,SC,ASO,ES,Federal Contract Tower,0,9,8,0,17,0,9,5,0,14,0,18,13,0,31,24,0,24,55
11/05/2010,GYH,SC,ASO,ES,Federal Contract Tower,0,2,4,8,14,0,8,28,0,36,0,10,32,8,50,14,0,14,64
11/06/2010,GYH,SC,ASO,ES,Federal Contract Tower,0,3,3,0,6,0,20,44,0,64,0,23,47,0,70,84,0,84,154
11/07/2010,GYH,SC,ASO,ES,Federal Contract Tower,0,7,7,2,16,0,16,29,0,45,0,23,36,2,61,10,0,10,71
11/08/2010,GYH,SC,ASO,ES,Federal Contract Tower,0,3,2,4,9,0,14,12,2,28,0,17,14,6,37,4,0,4,41
11/09/2010,GYH,SC,ASO,ES,Federal Contract Tower,0,7,4,6,17,0,29,14,9,52,0,36,18,15,69,12,20,32,101
11/10/2010,GYH,SC,ASO,ES,Federal Contract Tower,0,5,6,3,14,0,12,30,6,48,0,17,36,9,62,40,10,50,112
11/11/2010,GYH,SC,ASO,ES,Federal Contract Tower,0,5,1,0,6,0,0,32,4,36,0,5,33,4,42,88,0,88,130
11/12/2010,GYH,SC,ASO,ES,Federal Contract Tower,0,10,8,0,18,0,18,30,0,48,0,28,38,0,66,26,0,26,92
11/13/2010,GYH,SC,ASO,ES,Federal Contract Tower,0,0,3,0,3,0,17,48,0,65,0,17,51,0,68,40,0,40,108
11/14/2010,GYH,SC,ASO,ES,Federal Contract Tower,0,5,2,2,9,0,13,29,0,42,0,18,31,2,51,18,0,18,69
11/15/2010,GYH,SC,ASO,ES,Federal Contract Tower,0,9,4,2,15,0,10,2,0,12,0,19,6,2,27,2,0,2,29
11/16/2010,GYH,SC,ASO,ES,Federal Contract Tower,0,4,2,3,9,0,0,0,2,2,0,4,2,5,11,0,0,0,11
11/17/2010,GYH,SC,ASO,ES,Federal Contract Tower,0,3,2,0,5,0,14,25,39,78,0,17,27,39,83,52,16,68,151
11/18/2010,GYH,SC,ASO,ES,Federal Contract Tower,0,8,4,4,16,0,14,45,49,108,0,22,49,53,124,92,6,98,222
11/19/2010,GYH,SC,ASO,ES,Federal Contract Tower,0,6,5,1,12,0,10,19,0,29,0,16,24,1,41,40,0,40,81
11/20/2010,GYH,SC,ASO,ES,Federal Contract Tower,0,8,2,0,10,0,12,47,0,59,0,20,49,0,69,50,0,50,119
11/21/2010,GYH,SC,ASO,ES,Federal Contract Tower,0,2,6,0,8,0,11,41,0,52,0,13,47,0,60,34,0,34,94
11/22/2010,GYH,SC,ASO,ES,Federal Contract Tower,0,2,4,6,12,0,12,9,0,21,0,14,13,6,33,22,0,22,55
11/23/2010,GYH,SC,ASO,ES,Federal Contract Tower,0,7,4,1,12,0,4,2,0,6,0,11,6,1,18,10,0,10,28
11/24/2010,GYH,SC,ASO,ES,Federal Contract Tower,0,5,9,0,14,0,34,27,0,61,0,39,36,0,75,36,0,36,111
11/25/2010,GYH,SC,ASO,ES,Federal Contract Tower,0,0,5,0,5,0,0,0,0,0,0,0,5,0,5,0,0,0,5
11/26/2010,GYH,SC,ASO,ES,Federal Contract Tower,0,8,2,0,10,0,8,4,0,12,0,16,6,0,22,6,0,6,28
11/27/2010,GYH,SC,ASO,ES,Federal Contract Tower,0,1,7,0,8,0,10,27,1,38,0,11,34,1,46,54,0,54,100
11/28/2010,GYH,SC,ASO,ES,Federal Contract Tower,0,5,4,0,9,0,8,27,0,35,0,13,31,0,44,12,0,12,56
11/29/2010,GYH,SC,ASO,ES,Federal Contract Tower,0,20,1,2,23,0,28,10,0,38,0,48,11,2,61,26,0,26,87
11/30/2010,GYH,SC,ASO,ES,Federal Contract Tower,0,2,0,4,6,0,0,0,0,0,0,2,0,4,6,0,0,0,6
12/01/2010,GYH,SC,ASO,ES,Federal Contract Tower,0,9,2,0,11,0,16,7,0,23,0,25,9,0,34,38,0,38,72
12/02/2010,GYH,SC,ASO,ES,Federal Contract Tower,0,2,3,1,6,0,27,22,0,49,0,29,25,1,55,56,0,56,111
12/03/2010,GYH,SC,ASO,ES,Federal Contract Tower,0,11,1,2,14,0,20,28,0,48,0,31,29,2,62,52,0,52,114
12/04/2010,GYH,SC,ASO,ES,Federal Contract Tower,0,3,1,0,4,0,18,14,0,32,0,21,15,0,36,34,0,34,70
12/05/2010,GYH,SC,ASO,ES,Federal Contract Tower,0,1,0,0,1,0,6,13,0,19,0,7,13,0,20,14,0,14,34
12/06/2010,GYH,SC,ASO,ES,Federal Contract Tower,0,3,0,0,3,0,36,9,4,49,0,39,9,4,52,28,14,42,94
12/07/2010,GYH,SC,ASO,ES,Federal Contract Tower,0,3,2,4,9,0,25,5,0,30,0,28,7,4,39,10,0,10,49
12/08/2010,GYH,SC,ASO,ES,Federal Contract Tower,0,4,4,3,11,0,5,11,2,18,0,9,15,5,29,42,6,48,77
12/09/2010,GYH,SC,ASO,ES,Federal Contract Tower,0,6,9,1,16,0,25,41,0,66,0,31,50,1,82,70,0,70,152
12/10/2010,GYH,SC,ASO,ES,Federal Contract Tower,0,3,0,1,4,0,11,20,0,31,0,14,20,1,35,8,0,8,43
12/11/2010,GYH,SC,ASO,ES,Federal Contract Tower,0,1,3,0,4,0,0,32,0,32,0,1,35,0,36,20,0,20,56
12/12/2010,GYH,SC,ASO,ES,Federal Contract Tower,0,3,0,0,3,0,14,1,0,15,0,17,1,0,18,0,0,0,18
12/13/2010,GYH,SC,ASO,ES,Federal Contract Tower,0,6,2,2,10,0,22,3,0,25,0,28,5,2,35,24,0,24,59
12/14/2010,GYH,SC,ASO,ES,Federal Contract Tower,0,6,4,2,12,0,20,8,2,30,0,26,12,4,42,18,0,18,60
12/15/2010,GYH,SC,ASO,ES,Federal Contract Tower,0,8,3,5,16,0,16,14,3,33,0,24,17,8,49,4,0,4,53
12/16/2010,GYH,SC,ASO,ES,Federal Contract Tower,0,3,3,1,7,0,0,0,0,0,0,3,3,1,7,0,0,0,7
12/17/2010,GYH,SC,ASO,ES,Federal Contract Tower,0,5,12,2,19,0,21,28,0,49,0,26,40,2,68,36,0,36,104
12/18/2010,GYH,SC,ASO,ES,Federal Contract Tower,0,0,4,0,4,0,4,2,0,6,0,4,6,0,10,0,0,0,10
12/19/2010,GYH,SC,ASO,ES,Federal Contract Tower,0,1,6,0,7,0,18,44,0,62,0,19,50,0,69,56,0,56,125
12/20/2010,GYH,SC,ASO,ES,Federal Contract Tower,0,3,8,9,20,0,2,37,5,44,0,5,45,14,64,36,6,42,106
12/21/2010,GYH,SC,ASO,ES,Federal Contract Tower,0,4,1,2,7,0,21,24,0,45,0,25,25,2,52,80,0,80,132
12/22/2010,GYH,SC,ASO,ES,Federal Contract Tower,0,1,4,0,5,0,42,13,0,55,0,43,17,0,60,16,0,16,76
12/23/2010,GYH,SC,ASO,ES,Federal Contract Tower,0,3,4,0,7,0,26,14,0,40,0,29,18,0,47,14,0,14,61
12/24/2010,GYH,SC,ASO,ES,Federal Contract Tower,0,3,3,0,6,0,8,25,0,33,0,11,28,0,39,16,0,16,55
12/25/2010,GYH,SC,ASO,ES,Federal Contract Tower,0,2,0,0,2,0,4,0,0,4,0,6,0,0,6,0,0,0,6
12/26/2010,GYH,SC,ASO,ES,Federal Contract Tower,0,4,1,0,5,0,0,0,0,0,0,4,1,0,5,0,0,0,5
12/27/2010,GYH,SC,ASO,ES,Federal Contract Tower,0,3,2,0,5,0,17,4,0,21,0,20,6,0,26,2,0,2,28
12/28/2010,GYH,SC,ASO,ES,Federal Contract Tower,0,7,2,2,11,0,12,46,2,60,0,19,48,4,71,12,0,12,83
12/29/2010,GYH,SC,ASO,ES,Federal Contract Tower,0,5,1,2,8,0,9,39,1,49,0,14,40,3,57,38,0,38,95
12/30/2010,GYH,SC,ASO,ES,Federal Contract Tower,0,5,0,0,5,0,13,19,0,32,0,18,19,0,37,18,0,18,55
12/31/2010,GYH,SC,ASO,ES,Federal Contract Tower,0,0,6,0,6,0,4,30,0,34,0,4,36,0,40,62,0,62,102
01/01/2011,GYH,SC,ASO,ES,Federal Contract Tower,0,4,0,0,4,0,0,0,0,0,0,4,0,0,4,0,0,0,4
01/02/2011,GYH,SC,ASO,ES,Federal Contract Tower,0,3,2,0,5,0,5,5,0,10,0,8,7,0,15,0,0,0,15
01/03/2011,GYH,SC,ASO,ES,Federal Contract Tower,0,1,15,4,20,0,5,34,5,44,0,6,49,9,64,16,0,16,80
01/04/2011,GYH,SC,ASO,ES,Federal Contract Tower,0,6,2,5,13,0,16,27,1,44,0,22,29,6,57,40,6,46,103
01/05/2011,GYH,SC,ASO,ES,Federal Contract Tower,0,0,1,0,1,0,18,12,1,31,0,18,13,1,32,18,0,18,50
01/06/2011,GYH,SC,ASO,ES,Federal Contract Tower,0,5,3,1,9,0,4,13,0,17,0,9,16,1,26,8,0,8,34
01/07/2011,GYH,SC,ASO,ES,Federal Contract Tower,0,3,0,4,7,0,13,6,7,26,0,16,6,11,33,4,20,24,57
01/08/2011,GYH,SC,ASO,ES,Federal Contract Tower,0,0,2,0,2,0,8,10,0,18,0,8,12,0,20,16,0,16,36
01/09/2011,GYH,SC,ASO,ES,Federal Contract Tower,0,2,4,1,7,0,11,31,0,42,0,13,35,1,49,58,0,58,107
01/10/2011,GYH,SC,ASO,ES,Federal Contract Tower,0,0,0,0,0,0,0,0,0,0,0,0,0,0,0,0,0,0,0
01/11/2011,GYH,SC,ASO,ES,Federal Contract Tower,0,0,0,0,0,0,0,0,0,0,0,0,0,0,0,0,0,0,0
01/12/2011,GYH,SC,ASO,ES,Federal Contract Tower,0,5,2,0,7,0,12,4,1,17,0,17,6,1,24,0,8,8,32
01/13/2011,GYH,SC,ASO,ES,Federal Contract Tower,0,2,3,11,16,0,30,21,12,63,0,32,24,23,79,40,8,48,127
01/14/2011,GYH,SC,ASO,ES,Federal Contract Tower,0,4,3,0,7,0,14,27,0,41,0,18,30,0,48,14,0,14,62
01/15/2011,GYH,SC,ASO,ES,Federal Contract Tower,0,2,4,0,6,0,6,32,0,38,0,8,36,0,44,22,0,22,66
01/16/2011,GYH,SC,ASO,ES,Federal Contract Tower,0,0,2,0,2,0,20,37,0,57,0,20,39,0,59,32,0,32,91
01/17/2011,GYH,SC,ASO,ES,Federal Contract Tower,0,3,0,0,3,0,1,14,2,17,0,4,14,2,20,24,2,26,46
01/18/2011,GYH,SC,ASO,ES,Federal Contract Tower,0,7,3,1,11,0,0,0,0,0,0,7,3,1,11,0,0,0,11
01/19/2011,GYH,SC,ASO,ES,Federal Contract Tower,0,10,2,4,16,0,15,21,7,43,0,25,23,11,59,26,4,30,89
01/20/2011,GYH,SC,ASO,ES,Federal Contract Tower,0,6,0,0,6,0,18,19,4,41,0,24,19,4,47,40,6,46,93
01/21/2011,GYH,SC,ASO,ES,Federal Contract Tower,0,4,10,4,18,0,36,32,2,70,0,40,42,6,88,14,0,14,102
01/22/2011,GYH,SC,ASO,ES,Federal Contract Tower,0,2,4,0,6,0,14,70,8,92,0,16,74,8,98,64,0,64,162
01/23/2011,GYH,SC,ASO,ES,Federal Contract Tower,0,0,5,2,7,0,13,31,0,44,0,13,36,2,51,4,0,4,55
01/24/2011,GYH,SC,ASO,ES,Federal Contract Tower,0,4,1,10,15,0,6,9,5,20,0,10,10,15,35,8,14,22,57
01/25/2011,GYH,SC,ASO,ES,Federal Contract Tower,0,12,1,0,13,0,6,7,0,13,0,18,8,0,26,12,0,12,38
01/26/2011,GYH,SC,ASO,ES,Federal Contract Tower,0,3,0,0,3,0,13,2,1,16,0,16,2,1,19,0,0,0,19
01/27/2011,GYH,SC,ASO,ES,Federal Contract Tower,0,5,8,4,17,0,12,28,8,48,0,17,36,12,65,30,36,66,131
01/28/2011,GYH,SC,ASO,ES,Federal Contract Tower,0,9,7,4,20,0,5,34,1,40,0,14,41,5,60,60,0,60,120
01/29/2011,GYH,SC,ASO,ES,Federal Contract Tower,0,2,5,3,10,0,6,30,5,41,0,8,35,8,51,28,0,28,79
01/30/2011,GYH,SC,ASO,ES,Federal Contract Tower,0,6,4,0,10,0,19,31,0,50,0,25,35,0,60,56,0,56,116
01/31/2011,GYH,SC,ASO,ES,Federal Contract Tower,0,5,2,3,10,0,21,5,2,28,0,26,7,5,38,18,32,50,88
02/01/2011,GYH,SC,ASO,ES,Federal Contract Tower,0,6,0,0,6,0,0,0,0,0,0,6,0,0,6,0,0,0,6
02/02/2011,GYH,SC,ASO,ES,Federal Contract Tower,0,7,4,3,14,0,29,11,6,46,0,36,15,9,60,14,6,20,80
02/03/2011,GYH,SC,ASO,ES,Federal Contract Tower,0,5,8,4,17,0,8,27,6,41,0,13,35,10,58,56,4,60,118
02/04/2011,GYH,SC,ASO,ES,Federal Contract Tower,0,9,0,0,9,0,0,0,0,0,0,9,0,0,9,0,0,0,9
02/05/2011,GYH,SC,ASO,ES,Federal Contract Tower,0,3,8,1,12,0,2,4,3,9,0,5,12,4,21,2,0,2,23
02/06/2011,GYH,SC,ASO,ES,Federal Contract Tower,0,4,2,2,8,0,0,36,0,36,0,4,38,2,44,72,0,72,116
02/07/2011,GYH,SC,ASO,ES,Federal Contract Tower,0,4,1,6,11,0,16,7,3,26,0,20,8,9,37,16,0,16,53
02/08/2011,GYH,SC,ASO,ES,Federal Contract Tower,0,5,2,2,9,0,11,26,6,43,0,16,28,8,52,50,4,54,106
02/09/2011,GYH,SC,ASO,ES,Federal Contract Tower,0,5,1,0,6,0,4,27,8,39,0,9,28,8,45,22,0,22,67
02/10/2011,GYH,SC,ASO,ES,Federal Contract Tower,0,6,0,4,10,0,15,14,3,32,0,21,14,7,42,38,0,38,80
02/11/2011,GYH,SC,ASO,ES,Federal Contract Tower,0,5,13,3,21,0,8,18,0,26,0,13,31,3,47,14,0,14,61
02/12/2011,GYH,SC,ASO,ES,Federal Contract Tower,0,1,7,0,8,0,11,28,0,39,0,12,35,0,47,38,0,38,85
02/13/2011,GYH,SC,ASO,ES,Federal Contract Tower,0,0,4,0,4,0,20,33,0,53,0,20,37,0,57,44,0,44,101
02/14/2011,GYH,SC,ASO,ES,Federal Contract Tower,0,12,2,10,24,0,28,8,4,40,0,40,10,14,64,0,8,8,72
02/15/2011,GYH,SC,ASO,ES,Federal Contract Tower,0,5,6,10,21,0,27,15,14,56,0,32,21,24,77,26,58,84,161
02/16/2011,GYH,SC,ASO,ES,Federal Contract Tower,0,5,0,0,5,0,12,19,0,31,0,17,19,0,36,18,0,18,54
02/17/2011,GYH,SC,ASO,ES,Federal Contract Tower,0,2,4,0,6,0,23,12,0,35,0,25,16,0,41,32,0,32,73
02/18/2011,GYH,SC,ASO,ES,Federal Contract Tower,0,9,6,0,15,0,10,20,2,32,0,19,26,2,47,48,0,48,95
02/19/2011,GYH,SC,ASO,ES,Federal Contract Tower,0,2,2,0,4,0,21,46,2,69,0,23,48,2,73,112,0,112,185
02/20/2011,GYH,SC,ASO,ES,Federal Contract Tower,0,3,2,0,5,0,29,27,0,56,0,32,29,0,61,48,0,48,109
02/21/2011,GYH,SC,ASO,ES,Federal Contract Tower,0,5,4,1,10,0,24,4,2,30,0,29,8,3,40,0,0,0,40
02/22/2011,GYH,SC,ASO,ES,Federal Contract Tower,0,7,3,1,11,0,41,17,0,58,0,48,20,1,69,24,0,24,93
02/23/2011,GYH,SC,ASO,ES,Federal Contract Tower,0,13,2,3,18,0,12,22,3,37,0,25,24,6,55,100,6,106,161
02/24/2011,GYH,SC,ASO,ES,Federal Contract Tower,0,5,3,2,10,0,5,19,8,32,0,10,22,10,42,58,24,82,124
02/25/2011,GYH,SC,ASO,ES,Federal Contract Tower,0,10,0,0,10,0,6,3,0,9,0,16,3,0,19,0,0,0,19
02/26/2011,GYH,SC,ASO,ES,Federal Contract Tower,0,0,7,2,9,0,4,38,0,42,0,4,45,2,51,38,0,38,89
02/27/2011,GYH,SC,ASO,ES,Federal Contract Tower,0,1,3,1,5,0,4,13,10,27,0,5,16,11,32,44,0,44,76
02/28/2011,GYH,SC,ASO,ES,Federal Contract Tower,0,2,0,0,2,0,2,0,0,2,0,4,0,0,4,0,0,0,4
03/01/2011,GYH,SC,ASO,ES,Federal Contract Tower,0,9,1,4,14,0,6,22,5,33,0,15,23,9,47,58,0,58,105
03/02/2011,GYH,SC,ASO,ES,Federal Contract Tower,0,3,2,4,9,0,16,15,7,38,0,19,17,11,47,8,34,42,89
03/03/2011,GYH,SC,ASO,ES,Federal Contract Tower,0,2,5,1,8,0,37,24,13,74,0,39,29,14,82,14,0,14,96
03/04/2011,GYH,SC,ASO,ES,Federal Contract Tower,0,3,3,2,8,0,18,12,2,32,0,21,15,4,40,16,0,16,56
03/05/2011,GYH,SC,ASO,ES,Federal Contract Tower,0,5,4,1,10,0,0,0,0,0,0,5,4,1,10,0,0,0,10
03/06/2011,GYH,SC,ASO,ES,Federal Contract Tower,0,2,0,0,2,0,5,4,0,9,0,7,4,0,11,18,0,18,29
03/07/2011,GYH,SC,ASO,ES,Federal Contract Tower,0,6,0,4,10,0,12,14,0,26,0,18,14,4,36,6,0,6,42
03/08/2011,GYH,SC,ASO,ES,Federal Contract Tower,0,4,2,1,7,0,19,22,2,43,0,23,24,3,50,66,0,66,116
03/09/2011,GYH,SC,ASO,ES,Federal Contract Tower,0,7,0,5,12,0,4,0,0,4,0,11,0,5,16,0,0,0,16
03/10/2011,GYH,SC,ASO,ES,Federal Contract Tower,0,9,1,3,13,0,22,11,1,34,0,31,12,4,47,58,0,58,105
03/11/2011,GYH,SC,ASO,ES,Federal Contract Tower,0,5,4,12,21,0,24,28,8,60,0,29,32,20,81,42,16,58,139
03/12/2011,GYH,SC,ASO,ES,Federal Contract Tower,0,3,3,0,6,0,3,38,1,42,0,6,41,1,48,36,2,38,86
03/13/2011,GYH,SC,ASO,ES,Federal Contract Tower,0,3,5,0,8,0,13,37,0,50,0,16,42,0,58,74,0,74,132
03/14/2011,GYH,SC,ASO,ES,Federal Contract Tower,0,4,1,4,9,0,20,11,5,36,0,24,12,9,45,28,12,40,85
03/15/2011,GYH,SC,ASO,ES,Federal Contract Tower,0,11,6,3,20,0,0,0,0,0,0,11,6,3,20,0,0,0,20
03/16/2011,GYH,SC,ASO,ES,Federal Contract Tower,0,6,8,1,15,0,27,17,4,48,0,33,25,5,63,24,14,38,101
03/17/2011,GYH,SC,ASO,ES,Federal Contract Tower,0,1,3,2,6,0,17,25,16,58,0,18,28,18,64,52,8,60,124
03/18/2011,GYH,SC,ASO,ES,Federal Contract Tower,0,5,2,0,7,0,25,27,0,52,0,30,29,0,59,20,0,20,79
03/19/2011,GYH,SC,ASO,ES,Federal Contract Tower,0,2,8,0,10,0,18,33,0,51,0,20,41,0,61,78,0,78,139
03/20/2011,GYH,SC,ASO,ES,Federal Contract Tower,0,5,11,0,16,0,0,30,4,34,0,5,41,4,50,76,0,76,126
03/21/2011,GYH,SC,ASO,ES,Federal Contract Tower,0,10,0,2,12,0,27,13,15,55,0,37,13,17,67,70,16,86,153
03/22/2011,GYH,SC,ASO,ES,Federal Contract Tower,0,6,1,0,7,0,13,34,0,47,0,19,35,0,54,84,0,84,138
03/23/2011,GYH,SC,ASO,ES,Federal Contract Tower,0,2,0,1,3,0,10,5,4,19,0,12,5,5,22,0,2,2,24
03/24/2011,GYH,SC,ASO,ES,Federal Contract Tower,0,2,0,2,4,0,8,21,0,29,0,10,21,2,33,20,14,34,67
03/25/2011,GYH,SC,ASO,ES,Federal Contract Tower,0,2,7,9,18,0,12,33,6,51,0,14,40,15,69,82,0,82,151
03/26/2011,GYH,SC,ASO,ES,Federal Contract Tower,0,5,16,0,21,0,6,0,0,6,0,11,16,0,27,0,0,0,27
03/27/2011,GYH,SC,ASO,ES,Federal Contract Tower,0,0,14,0,14,0,0,0,0,0,0,0,14,0,14,0,0,0,14
03/28/2011,GYH,SC,ASO,ES,Federal Contract Tower,0,1,8,1,10,0,6,11,0,17,0,7,19,1,27,86,0,86,113
03/29/2011,GYH,SC,ASO,ES,Federal Contract Tower,0,3,2,0,5,0,3,20,2,25,0,6,22,2,30,16,0,16,46
03/30/2011,GYH,SC,ASO,ES,Federal Contract Tower,0,8,3,0,11,0,0,0,0,0,0,8,3,0,11,0,0,0,11
03/31/2011,GYH,SC,ASO,ES,Federal Contract Tower,0,11,2,1,14,0,0,0,0,0,0,11,2,1,14,0,0,0,14
04/01/2011,GYH,SC,ASO,ES,Federal Contract Tower,0,10,1,9,20,0,18,24,3,45,0,28,25,12,65,28,8,36,101
04/02/2011,GYH,SC,ASO,ES,Federal Contract Tower,0,3,7,0,10,0,24,17,0,41,0,27,24,0,51,10,0,10,61
04/03/2011,GYH,SC,ASO,ES,Federal Contract Tower,0,4,9,1,14,0,0,34,1,35,0,4,43,2,49,74,0,74,123
04/04/2011,GYH,SC,ASO,ES,Federal Contract Tower,0,3,3,0,6,0,8,10,0,18,0,11,13,0,24,2,0,2,26
04/05/2011,GYH,SC,ASO,ES,Federal Contract Tower,0,6,4,1,11,0,26,5,2,33,0,32,9,3,44,6,12,18,62
04/06/2011,GYH,SC,ASO,ES,Federal Contract Tower,0,2,7,7,16,0,8,19,2,29,0,10,26,9,45,16,0,16,61
04/07/2011,GYH,SC,ASO,ES,Federal Contract Tower,0,8,6,5,19,0,15,35,3,53,0,23,41,8,72,36,8,44,116
04/08/2011,GYH,SC,ASO,ES,Federal Contract Tower,0,13,8,0,21,0,29,19,0,48,0,42,27,0,69,26,0,26,95
04/09/2011,GYH,SC,ASO,ES,Federal Contract Tower,0,2,1,0,3,0,22,44,0,66,0,24,45,0,69,24,0,24,93
04/10/2011,GYH,SC,ASO,ES,Federal Contract Tower,0,5,0,0,5,0,8,36,0,44,0,13,36,0,49,76,0,76,125
04/11/2011,GYH,SC,ASO,ES,Federal Contract Tower,0,5,3,1,9,0,15,19,0,34,0,20,22,1,43,16,0,16,59
04/12/2011,GYH,SC,ASO,ES,Federal Contract Tower,0,1,2,4,7,0,5,0,1,6,0,6,2,5,13,0,0,0,13
04/13/2011,GYH,SC,ASO,ES,Federal Contract Tower,0,8,4,1,13,0,43,34,5,82,0,51,38,6,95,42,0,42,137
04/14/2011,GYH,SC,ASO,ES,Federal Contract Tower,0,7,7,3,17,0,15,39,4,58,0,22,46,7,75,60,10,70,145
04/15/2011,GYH,SC,ASO,ES,Federal Contract Tower,0,2,6,4,12,0,21,15,0,36,0,23,21,4,48,22,0,22,70
04/16/2011,GYH,SC,ASO,ES,Federal Contract Tower,0,1,1,0,2,0,12,10,0,22,0,13,11,0,24,12,0,12,36
04/17/2011,GYH,SC,ASO,ES,Federal Contract Tower,0,7,9,0,16,0,4,52,0,56,0,11,61,0,72,114,0,114,186
04/18/2011,GYH,SC,ASO,ES,Federal Contract Tower,0,11,3,2,16,0,23,34,0,57,0,34,37,2,73,76,0,76,149
04/19/2011,GYH,SC,ASO,ES,Federal Contract Tower,0,4,3,3,10,0,31,19,4,54,0,35,22,7,64,60,0,60,124
04/20/2011,GYH,SC,ASO,ES,Federal Contract Tower,0,7,1,1,9,0,14,16,2,32,0,21,17,3,41,32,2,34,75
04/21/2011,GYH,SC,ASO,ES,Federal Contract Tower,0,5,12,0,17,0,13,21,0,34,0,18,33,0,51,46,0,46,97
04/22/2011,GYH,SC,ASO,ES,Federal Contract Tower,0,7,7,0,14,0,0,0,0,0,0,7,7,0,14,0,0,0,14
04/23/2011,GYH,SC,ASO,ES,Federal Contract Tower,0,0,6,0,6,0,6,10,0,16,0,6,16,0,22,6,0,6,28
04/24/2011,GYH,SC,ASO,ES,Federal Contract Tower,0,3,2,0,5,0,13,21,0,34,0,16,23,0,39,22,0,22,61
04/25/2011,GYH,SC,ASO,ES,Federal Contract Tower,0,4,8,0,12,0,2,19,2,23,0,6,27,2,35,72,14,86,121
04/26/2011,GYH,SC,ASO,ES,Federal Contract Tower,0,4,1,7,12,0,6,6,0,12,0,10,7,7,24,28,0,28,52
04/27/2011,GYH,SC,ASO,ES,Federal Contract Tower,0,6,1,4,11,0,14,9,0,23,0,20,10,4,34,0,0,0,34
04/28/2011,GYH,SC,ASO,ES,Federal Contract Tower,0,4,5,1,10,0,20,18,3,41,0,24,23,4,51,34,0,34,85
04/29/2011,GYH,SC,ASO,ES,Federal Contract Tower,0,7,6,0,13,0,13,53,0,66,0,20,59,0,79,72,0,72,151
04/30/2011,GYH,SC,ASO,ES,Federal Contract Tower,0,2,7,3,12,0,21,49,1,71,0,23,56,4,83,96,0,96,179
05/01/2011,GYH,SC,ASO,ES,Federal Contract Tower,0,1,5,0,6,0,9,40,0,49,0,10,45,0,55,50,0,50,105
05/02/2011,GYH,SC,ASO,ES,Federal Contract Tower,0,1,2,8,11,0,12,31,3,46,0,13,33,11,57,70,0,70,127
05/03/2011,GYH,SC,ASO,ES,Federal Contract Tower,0,3,9,2,14,0,10,4,2,16,0,13,13,4,30,14,0,14,44
05/04/2011,GYH,SC,ASO,ES,Federal Contract Tower,0,7,6,0,13,0,8,21,1,30,0,15,27,1,43,28,2,30,73
05/05/2011,GYH,SC,ASO,ES,Federal Contract Tower,0,4,0,0,4,0,22,54,4,80,0,26,54,4,84,50,2,52,136
05/06/2011,GYH,SC,ASO,ES,Federal Contract Tower,0,14,0,5,19,0,13,37,1,51,0,27,37,6,70,36,0,36,106
05/07/2011,GYH,SC,ASO,ES,Federal Contract Tower,0,1,6,2,9,0,14,18,0,32,0,15,24,2,41,12,0,12,53
05/08/2011,GYH,SC,ASO,ES,Federal Contract Tower,0,1,1,0,2,0,8,12,0,20,0,9,13,0,22,6,0,6,28
05/09/2011,GYH,SC,ASO,ES,Federal Contract Tower,0,3,6,6,15,0,18,13,1,32,0,21,19,7,47,30,0,30,77
05/10/2011,GYH,SC,ASO,ES,Federal Contract Tower,0,2,6,1,9,0,10,33,2,45,0,12,39,3,54,102,2,104,158
05/11/2011,GYH,SC,ASO,ES,Federal Contract Tower,0,5,0,3,8,0,15,18,0,33,0,20,18,3,41,24,0,24,65
05/12/2011,GYH,SC,ASO,ES,Federal Contract Tower,0,16,1,2,19,0,29,11,5,45,0,45,12,7,64,36,10,46,110
05/13/2011,GYH,SC,ASO,ES,Federal Contract Tower,0,6,3,5,14,0,17,14,1,32,0,23,17,6,46,6,0,6,52
05/14/2011,GYH,SC,ASO,ES,Federal Contract Tower,0,3,2,0,5,0,25,21,0,46,0,28,23,0,51,32,0,32,83
05/15/2011,GYH,SC,ASO,ES,Federal Contract Tower,0,3,3,8,14,0,6,19,2,27,0,9,22,10,41,8,4,12,53
05/16/2011,GYH,SC,ASO,ES,Federal Contract Tower,0,4,15,1,20,0,24,24,1,49,0,28,39,2,69,64,0,64,133
05/17/2011,GYH,SC,ASO,ES,Federal Contract Tower,0,10,3,9,22,0,12,18,0,30,0,22,21,9,52,18,0,18,70
05/18/2011,GYH,SC,ASO,ES,Federal Contract Tower,0,7,5,5,17,0,10,14,5,29,0,17,19,10,46,54,0,54,100
05/19/2011,GYH,SC,ASO,ES,Federal Contract Tower,0,5,5,1,11,0,15,40,6,61,0,20,45,7,72,22,0,22,94
05/20/2011,GYH,SC,ASO,ES,Federal Contract Tower,0,7,2,5,14,0,2,40,2,44,0,9,42,7,58,58,4,62,120
05/21/2011,GYH,SC,ASO,ES,Federal Contract Tower,0,1,9,0,10,0,14,29,0,43,0,15,38,0,53,56,0,56,109
05/22/2011,GYH,SC,ASO,ES,Federal Contract Tower,0,9,8,0,17,0,0,29,0,29,0,9,37,0,46,24,0,24,70
05/23/2011,GYH,SC,ASO,ES,Federal Contract Tower,0,6,0,4,10,0,11,11,11,33,0,17,11,15,43,20,0,20,63
05/24/2011,GYH,SC,ASO,ES,Federal Contract Tower,0,8,1,1,10,0,30,16,2,48,0,38,17,3,58,34,0,34,92
05/25/2011,GYH,SC,ASO,ES,Federal Contract Tower,0,5,1,8,14,0,25,18,2,45,0,30,19,10,59,32,4,36,95
05/26/2011,GYH,SC,ASO,ES,Federal Contract Tower,0,8,6,4,18,0,20,16,0,36,0,28,22,4,54,18,0,18,72
05/27/2011,GYH,SC,ASO,ES,Federal Contract Tower,0,3,4,0,7,0,14,4,0,18,0,17,8,0,25,4,0,4,29
05/28/2011,GYH,SC,ASO,ES,Federal Contract Tower,0,1,17,0,18,0,34,15,0,49,0,35,32,0,67,32,0,32,99
05/29/2011,GYH,SC,ASO,ES,Federal Contract Tower,0,1,6,0,7,0,4,27,0,31,0,5,33,0,38,18,0,18,56
05/30/2011,GYH,SC,ASO,ES,Federal Contract Tower,0,2,3,0,5,0,17,42,0,59,0,19,45,0,64,12,0,12,76
05/31/2011,GYH,SC,ASO,ES,Federal Contract Tower,0,4,2,3,9,0,3,24,7,34,0,7,26,10,43,82,0,82,125
06/01/2011,GYH,SC,ASO,ES,Federal Contract Tower,0,2,1,0,3,0,10,26,0,36,0,12,27,0,39,58,0,58,97
06/02/2011,GYH,SC,ASO,ES,Federal Contract Tower,0,3,4,8,15,0,23,24,7,54,0,26,28,15,69,16,0,16,85
06/03/2011,GYH,SC,ASO,ES,Federal Contract Tower,0,6,11,14,31,0,69,23,4,96,0,75,34,18,127,84,2,86,213
06/04/2011,GYH,SC,ASO,ES,Federal Contract Tower,0,5,2,0,7,0,30,45,0,75,0,35,47,0,82,120,0,120,202
06/05/2011,GYH,SC,ASO,ES,Federal Contract Tower,0,7,7,0,14,0,19,42,2,63,0,26,49,2,77,144,2,146,223
06/06/2011,GYH,SC,ASO,ES,Federal Contract Tower,0,1,14,0,15,0,27,30,1,58,0,28,44,1,73,70,0,70,143
06/07/2011,GYH,SC,ASO,ES,Federal Contract Tower,0,4,5,2,11,0,20,9,2,31,0,24,14,4,42,12,0,12,54
06/08/2011,GYH,SC,ASO,ES,Federal Contract Tower,0,3,2,1,6,0,16,13,2,31,0,19,15,3,37,32,0,32,69
06/09/2011,GYH,SC,ASO,ES,Federal Contract Tower,0,5,5,5,15,0,18,31,3,52,0,23,36,8,67,22,0,22,89
06/10/2011,GYH,SC,ASO,ES,Federal Contract Tower,0,8,1,5,14,0,3,13,0,16,0,11,14,5,30,10,0,10,40
06/11/2011,GYH,SC,ASO,ES,Federal Contract Tower,0,0,8,3,11,0,6,26,1,33,0,6,34,4,44,64,0,64,108
06/12/2011,GYH,SC,ASO,ES,Federal Contract Tower,0,3,0,0,3,0,2,17,2,21,0,5,17,2,24,0,0,0,24
06/13/2011,GYH,SC,ASO,ES,Federal Contract Tower,0,8,3,4,15,0,18,9,0,27,0,26,12,4,42,0,0,0,42
06/14/2011,GYH,SC,ASO,ES,Federal Contract Tower,0,3,3,4,10,0,42,15,2,59,0,45,18,6,69,14,0,14,83
06/15/2011,GYH,SC,ASO,ES,Federal Contract Tower,0,5,0,18,23,0,11,36,8,55,0,16,36,26,78,34,22,56,134
06/16/2011,GYH,SC,ASO,ES,Federal Contract Tower,0,4,0,4,8,0,2,7,2,11,0,6,7,6,19,28,0,28,47
06/17/2011,GYH,SC,ASO,ES,Federal Contract Tower,0,4,2,6,12,0,30,20,1,51,0,34,22,7,63,22,0,22,85
06/18/2011,GYH,SC,ASO,ES,Federal Contract Tower,0,6,4,0,10,0,6,23,3,32,0,12,27,3,42,60,6,66,108
06/19/2011,GYH,SC,ASO,ES,Federal Contract Tower,0,2,2,1,5,0,6,9,0,15,0,8,11,1,20,6,0,6,26
06/20/2011,GYH,SC,ASO,ES,Federal Contract Tower,0,8,1,8,17,0,23,9,0,32,0,31,10,8,49,14,0,14,63
06/21/2011,GYH,SC,ASO,ES,Federal Contract Tower,0,3,2,1,6,0,28,13,0,41,0,31,15,1,47,18,0,18,65
06/22/2011,GYH,SC,ASO,ES,Federal Contract Tower,0,8,15,7,30,0,43,25,10,78,0,51,40,17,108,24,30,54,162
06/23/2011,GYH,SC,ASO,ES,Federal Contract Tower,0,6,0,2,8,0,5,2,0,7,0,11,2,2,15,0,0,0,15
06/24/2011,GYH,SC,ASO,ES,Federal Contract Tower,0,5,2,0,7,0,3,9,2,14,0,8,11,2,21,22,4,26,47
06/25/2011,GYH,SC,ASO,ES,Federal Contract Tower,0,2,3,0,5,0,8,36,2,46,0,10,39,2,51,86,0,86,137
06/26/2011,GYH,SC,ASO,ES,Federal Contract Tower,0,11,8,0,19,0,11,40,0,51,0,22,48,0,70,30,0,30,100
06/27/2011,GYH,SC,ASO,ES,Federal Contract Tower,0,0,3,2,5,0,0,17,1,18,0,0,20,3,23,10,0,10,33
06/28/2011,GYH,SC,ASO,ES,Federal Contract Tower,0,6,1,2,9,0,8,15,0,23,0,14,16,2,32,16,8,24,56
06/29/2011,GYH,SC,ASO,ES,Federal Contract Tower,0,12,1,3,16,0,8,16,15,39,0,20,17,18,55,6,4,10,65
06/30/2011,GYH,SC,ASO,ES,Federal Contract Tower,0,11,4,11,26,0,16,28,10,54,0,27,32,21,80,20,6,26,106
07/01/2011,GYH,SC,ASO,ES,Federal Contract Tower,0,6,7,13,26,0,8,17,8,33,0,14,24,21,59,0,32,32,91
07/02/2011,GYH,SC,ASO,ES,Federal Contract Tower,0,3,6,0,9,0,0,22,2,24,0,3,28,2,33,10,0,10,43
07/03/2011,GYH,SC,ASO,ES,Federal Contract Tower,0,2,0,0,2,0,6,25,0,31,0,8,25,0,33,4,0,4,37
07/04/2011,GYH,SC,ASO,ES,Federal Contract Tower,0,0,2,0,2,0,0,14,0,14,0,0,16,0,16,26,0,26,42
07/05/2011,GYH,SC,ASO,ES,Federal Contract Tower,0,6,2,0,8,0,14,5,0,19,0,20,7,0,27,10,0,10,37
07/06/2011,GYH,SC,ASO,ES,Federal Contract Tower,0,11,3,5,19,0,4,9,3,16,0,15,12,8,35,12,0,12,47
07/07/2011,GYH,SC,ASO,ES,Federal Contract Tower,0,16,0,4,20,0,15,4,3,22,0,31,4,7,42,6,2,8,50
07/08/2011,GYH,SC,ASO,ES,Federal Contract Tower,0,9,7,5,21,0,11,13,2,26,0,20,20,7,47,16,0,16,63
07/09/2011,GYH,SC,ASO,ES,Federal Contract Tower,0,11,3,1,15,0,12,22,0,34,0,23,25,1,49,30,0,30,79
07/10/2011,GYH,SC,ASO,ES,Federal Contract Tower,0,2,3,0,5,0,4,9,0,13,0,6,12,0,18,6,0,6,24
07/11/2011,GYH,SC,ASO,ES,Federal Contract Tower,0,5,1,3,9,0,7,7,2,16,0,12,8,5,25,26,0,26,51
07/12/2011,GYH,SC,ASO,ES,Federal Contract Tower,0,9,0,20,29,0,53,7,6,66,0,62,7,26,95,4,18,22,117
07/13/2011,GYH,SC,ASO,ES,Federal Contract Tower,0,4,5,5,14,0,21,18,1,40,0,25,23,6,54,26,0,26,80
07/14/2011,GYH,SC,ASO,ES,Federal Contract Tower,0,6,10,2,18,0,18,23,2,43,0,24,33,4,61,12,0,12,73
07/15/2011,GYH,SC,ASO,ES,Federal Contract Tower,0,9,5,9,23,0,6,0,0,6,0,15,5,9,29,0,0,0,29
07/16/2011,GYH,SC,ASO,ES,Federal Contract Tower,0,0,5,3,8,0,17,13,0,30,0,17,18,3,38,40,0,40,78
07/17/2011,GYH,SC,ASO,ES,Federal Contract Tower,0,3,2,1,6,0,16,25,1,42,0,19,27,2,48,12,0,12,60
07/18/2011,GYH,SC,ASO,ES,Federal Contract Tower,0,8,10,11,29,0,12,15,1,28,0,20,25,12,57,30,0,30,87
07/19/2011,GYH,SC,ASO,ES,Federal Contract Tower,0,10,1,8,19,0,26,19,3,48,0,36,20,11,67,6,0,6,73
07/20/2011,GYH,SC,ASO,ES,Federal Contract Tower,0,7,2,4,13,0,8,21,0,29,0,15,23,4,42,12,0,12,54
07/21/2011,GYH,SC,ASO,ES,Federal Contract Tower,0,9,3,1,13,0,11,19,10,40,0,20,22,11,53,36,14,50,103
07/22/2011,GYH,SC,ASO,ES,Federal Contract Tower,0,7,2,6,15,0,7,16,0,23,0,14,18,6,38,6,0,6,44
07/23/2011,GYH,SC,ASO,ES,Federal Contract Tower,0,0,5,2,7,0,14,14,0,28,0,14,19,2,35,28,0,28,63
07/24/2011,GYH,SC,ASO,ES,Federal Contract Tower,0,2,8,0,10,0,4,26,0,30,0,6,34,0,40,40,0,40,80
07/25/2011,GYH,SC,ASO,ES,Federal Contract Tower,0,6,1,8,15,0,4,6,0,10,0,10,7,8,25,14,0,14,39
07/26/2011,GYH,SC,ASO,ES,Federal Contract Tower,0,5,1,6,12,0,12,8,6,26,0,17,9,12,38,12,14,26,64
07/27/2011,GYH,SC,ASO,ES,Federal Contract Tower,0,4,0,1,5,0,8,14,5,27,0,12,14,6,32,14,4,18,50
07/28/2011,GYH,SC,ASO,ES,Federal Contract Tower,0,4,3,2,9,0,16,5,2,23,0,20,8,4,32,2,0,2,34
07/29/2011,GYH,SC,ASO,ES,Federal Contract Tower,0,4,5,13,22,0,2,14,2,18,0,6,19,15,40,26,0,26,66
07/30/2011,GYH,SC,ASO,ES,Federal Contract Tower,0,0,2,0,2,0,28,26,7,61,0,28,28,7,63,62,0,62,125
07/31/2011,GYH,SC,ASO,ES,Federal Contract Tower,0,0,11,0,11,0,8,24,0,32,0,8,35,0,43,64,0,64,107
08/01/2011,GYH,SC,ASO,ES,Federal Contract Tower,0,4,1,10,15,0,25,13,2,40,0,29,14,12,55,6,8,14,69
08/02/2011,GYH,SC,ASO,ES,Federal Contract Tower,0,2,0,6,8,0,15,19,6,40,0,17,19,12,48,30,0,30,78
08/03/2011,GYH,SC,ASO,ES,Federal Contract Tower,0,8,2,4,14,0,11,14,0,25,0,19,16,4,39,54,0,54,93
08/04/2011,GYH,SC,ASO,ES,Federal Contract Tower,0,5,0,2,7,0,13,11,3,27,0,18,11,5,34,2,8,10,44
08/05/2011,GYH,SC,ASO,ES,Federal Contract Tower,0,10,9,3,22,0,4,14,0,18,0,14,23,3,40,12,0,12,52
08/06/2011,GYH,SC,ASO,ES,Federal Contract Tower,0,15,6,0,21,0,11,14,0,25,0,26,20,0,46,10,0,10,56
08/07/2011,GYH,SC,ASO,ES,Federal Contract Tower,0,2,4,2,8,0,7,31,3,41,0,9,35,5,49,38,0,38,87
08/08/2011,GYH,SC,ASO,ES,Federal Contract Tower,0,7,2,0,9,0,21,11,0,32,0,28,13,0,41,2,0,2,43
08/09/2011,GYH,SC,ASO,ES,Federal Contract Tower,0,4,3,0,7,0,31,20,0,51,0,35,23,0,58,46,0,46,104
08/10/2011,GYH,SC,ASO,ES,Federal Contract Tower,0,13,2,3,18,0,27,14,1,42,0,40,16,4,60,0,0,0,60
08/11/2011,GYH,SC,ASO,ES,Federal Contract Tower,0,8,1,3,12,0,9,23,2,34,0,17,24,5,46,30,0,30,76
08/12/2011,GYH,SC,ASO,ES,Federal Contract Tower,0,2,4,3,9,0,26,19,2,47,0,28,23,5,56,8,0,8,64
08/13/2011,GYH,SC,ASO,ES,Federal Contract Tower,0,4,0,3,7,0,10,8,0,18,0,14,8,3,25,0,0,0,25
08/14/2011,GYH,SC,ASO,ES,Federal Contract Tower,0,2,2,1,5,0,0,3,0,3,0,2,5,1,8,0,0,0,8
08/15/2011,GYH,SC,ASO,ES,Federal Contract Tower,0,1,2,4,7,0,25,21,2,48,0,26,23,6,55,26,0,26,81
08/16/2011,GYH,SC,ASO,ES,Federal Contract Tower,0,6,3,3,12,0,13,17,0,30,0,19,20,3,42,40,0,40,82
08/17/2011,GYH,SC,ASO,ES,Federal Contract Tower,0,6,2,3,11,0,31,28,10,69,0,37,30,13,80,32,10,42,122
08/18/2011,GYH,SC,ASO,ES,Federal Contract Tower,0,7,3,5,15,0,17,24,3,44,0,24,27,8,59,6,6,12,71
08/19/2011,GYH,SC,ASO,ES,Federal Contract Tower,0,3,2,1,6,0,24,9,3,36,0,27,11,4,42,12,0,12,54
08/20/2011,GYH,SC,ASO,ES,Federal Contract Tower,0,1,4,2,7,0,28,22,0,50,0,29,26,2,57,6,0,6,63
08/21/2011,GYH,SC,ASO,ES,Federal Contract Tower,0,3,2,3,8,0,15,20,0,35,0,18,22,3,43,72,0,72,115
08/22/2011,GYH,SC,ASO,ES,Federal Contract Tower,0,8,2,0,10,0,39,9,1,49,0,47,11,1,59,16,0,16,75
08/23/2011,GYH,SC,ASO,ES,Federal Contract Tower,0,5,11,2,18,0,20,17,0,37,0,25,28,2,55,32,0,32,87
08/24/2011,GYH,SC,ASO,ES,Federal Contract Tower,0,5,1,1,7,0,14,17,1,32,0,19,18,2,39,42,2,44,83
08/25/2011,GYH,SC,ASO,ES,Federal Contract Tower,0,3,5,1,9,0,6,32,7,45,0,9,37,8,54,26,6,32,86
08/26/2011,GYH,SC,ASO,ES,Federal Contract Tower,0,5,3,13,21,0,14,20,7,41,0,19,23,20,62,30,8,38,100
08/27/2011,GYH,SC,ASO,ES,Federal Contract Tower,0,0,1,0,1,0,22,15,0,37,0,22,16,0,38,32,0,32,70
08/28/2011,GYH,SC,ASO,ES,Federal Contract Tower,0,2,3,0,5,0,18,25,0,43,0,20,28,0,48,16,0,16,64
08/29/2011,GYH,SC,ASO,ES,Federal Contract Tower,0,5,2,17,24,0,7,10,6,23,0,12,12,23,47,12,4,16,63
08/30/2011,GYH,SC,ASO,ES,Federal Contract Tower,0,1,2,12,15,0,33,15,4,52,0,34,17,16,67,4,22,26,93
08/31/2011,GYH,SC,ASO,ES,Federal Contract Tower,0,6,2,1,9,0,7,10,6,23,0,13,12,7,32,16,6,22,54
09/01/2011,GYH,SC,ASO,ES,Federal Contract Tower,0,9,7,1,17,0,19,11,0,30,0,28,18,1,47,12,0,12,59
09/02/2011,GYH,SC,ASO,ES,Federal Contract Tower,0,1,3,5,9,0,8,30,1,39,0,9,33,6,48,54,6,60,108
09/03/2011,GYH,SC,ASO,ES,Federal Contract Tower,0,1,1,0,2,0,15,23,0,38,0,16,24,0,40,22,0,22,62
09/04/2011,GYH,SC,ASO,ES,Federal Contract Tower,0,0,1,0,1,0,14,22,2,38,0,14,23,2,39,32,4,36,75
09/05/2011,GYH,SC,ASO,ES,Federal Contract Tower,0,0,5,0,5,0,4,0,0,4,0,4,5,0,9,0,0,0,9
09/06/2011,GYH,SC,ASO,ES,Federal Contract Tower,0,1,3,3,7,0,17,1,0,18,0,18,4,3,25,0,0,0,25
09/07/2011,GYH,SC,ASO,ES,Federal Contract Tower,0,10,0,0,10,0,8,13,0,21,0,18,13,0,31,10,0,10,41
09/08/2011,GYH,SC,ASO,ES,Federal Contract Tower,0,6,14,0,20,0,37,29,4,70,0,43,43,4,90,0,0,0,90
09/09/2011,GYH,SC,ASO,ES,Federal Contract Tower,0,12,1,1,14,0,15,41,6,62,0,27,42,7,76,12,4,16,92
09/10/2011,GYH,SC,ASO,ES,Federal Contract Tower,0,4,4,1,9,0,17,24,4,45,0,21,28,5,54,36,0,36,90
09/11/2011,GYH,SC,ASO,ES,Federal Contract Tower,0,1,1,0,2,0,0,23,0,23,0,1,24,0,25,30,0,30,55
09/12/2011,GYH,SC,ASO,ES,Federal Contract Tower,0,4,2,3,9,0,42,6,0,48,0,46,8,3,57,14,0,14,71
09/13/2011,GYH,SC,ASO,ES,Federal Contract Tower,0,15,0,5,20,0,88,23,0,111,0,103,23,5,131,24,0,24,155
09/14/2011,GYH,SC,ASO,ES,Federal Contract Tower,0,6,5,0,11,0,8,16,0,24,0,14,21,0,35,4,0,4,39
09/15/2011,GYH,SC,ASO,ES,Federal Contract Tower,0,6,11,6,23,0,5,25,26,56,0,11,36,32,79,22,12,34,113
09/16/2011,GYH,SC,ASO,ES,Federal Contract Tower,0,8,4,1,13,0,6,10,0,16,0,14,14,1,29,0,0,0,29
09/17/2011,GYH,SC,ASO,ES,Federal Contract Tower,0,2,2,0,4,0,16,5,0,21,0,18,7,0,25,4,0,4,29
09/18/2011,GYH,SC,ASO,ES,Federal Contract Tower,0,4,8,0,12,0,6,23,0,29,0,10,31,0,41,0,0,0,41
09/19/2011,GYH,SC,ASO,ES,Federal Contract Tower,0,10,6,3,19,0,22,7,0,29,0,32,13,3,48,4,0,4,52
09/20/2011,GYH,SC,ASO,ES,Federal Contract Tower,0,5,2,2,9,0,1,0,0,1,0,6,2,2,10,0,0,0,10
09/21/2011,GYH,SC,ASO,ES,Federal Contract Tower,0,5,1,2,8,0,0,3,0,3,0,5,4,2,11,0,0,0,11
09/22/2011,GYH,SC,ASO,ES,Federal Contract Tower,0,7,5,2,14,0,0,10,0,10,0,7,15,2,24,10,0,10,34
09/23/2011,GYH,SC,ASO,ES,Federal Contract Tower,0,6,4,5,15,0,31,8,0,39,0,37,12,5,54,0,0,0,54
09/24/2011,GYH,SC,ASO,ES,Federal Contract Tower,0,0,1,1,2,0,4,26,0,30,0,4,27,1,32,8,0,8,40
09/25/2011,GYH,SC,ASO,ES,Federal Contract Tower,0,5,8,1,14,0,0,4,1,5,0,5,12,2,19,12,0,12,31
09/26/2011,GYH,SC,ASO,ES,Federal Contract Tower,0,4,1,14,19,0,6,1,4,11,0,10,2,18,30,0,6,6,36
09/27/2011,GYH,SC,ASO,ES,Federal Contract Tower,0,2,0,16,18,0,5,1,7,13,0,7,1,23,31,0,42,42,73
09/28/2011,GYH,SC,ASO,ES,Federal Contract Tower,0,11,1,4,16,0,34,12,0,46,0,45,13,4,62,14,2,16,78
09/29/2011,GYH,SC,ASO,ES,Federal Contract Tower,0,9,2,3,14,0,7,20,4,31,0,16,22,7,45,22,2,24,69
09/30/2011,GYH,SC,ASO,ES,Federal Contract Tower,0,15,8,2,25,0,28,18,0,46,0,43,26,2,71,24,0,24,95
10/01/2011,GYH,SC,ASO,ES,Federal Contract Tower,0,3,1,0,4,0,6,19,0,25,0,9,20,0,29,18,0,18,47
10/02/2011,GYH,SC,ASO,ES,Federal Contract Tower,0,5,8,0,13,0,0,40,0,40,0,5,48,0,53,84,0,84,137
10/03/2011,GYH,SC,ASO,ES,Federal Contract Tower,0,9,0,0,9,0,8,13,0,21,0,17,13,0,30,0,0,0,30
10/04/2011,GYH,SC,ASO,ES,Federal Contract Tower,0,9,6,1,16,0,11,6,0,17,0,20,12,1,33,0,0,0,33
10/05/2011,GYH,SC,ASO,ES,Federal Contract Tower,0,22,3,1,26,0,7,29,3,39,0,29,32,4,65,26,8,34,99
10/06/2011,GYH,SC,ASO,ES,Federal Contract Tower,0,14,7,1,22,0,6,20,6,32,0,20,27,7,54,0,0,0,54
10/07/2011,GYH,SC,ASO,ES,Federal Contract Tower,0,10,3,0,13,0,31,32,0,63,0,41,35,0,76,12,0,12,88
10/08/2011,GYH,SC,ASO,ES,Federal Contract Tower,0,2,3,0,5,0,32,26,2,60,0,34,29,2,65,6,0,6,71
10/09/2011,GYH,SC,ASO,ES,Federal Contract Tower,0,2,1,0,3,0,24,13,0,37,0,26,14,0,40,0,0,0,40
10/10/2011,GYH,SC,ASO,ES,Federal Contract Tower,0,1,1,0,2,0,9,1,0,10,0,10,2,0,12,0,0,0,12
10/11/2011,GYH,SC,ASO,ES,Federal Contract Tower,0,9,8,5,22,0,2,0,0,2,0,11,8,5,24,0,0,0,24
10/12/2011,GYH,SC,ASO,ES,Federal Contract Tower,0,22,4,2,28,0,11,15,4,30,0,33,19,6,58,18,2,20,78
10/13/2011,GYH,SC,ASO,ES,Federal Contract Tower,0,7,3,0,10,0,24,0,0,24,0,31,3,0,34,0,0,0,34
10/14/2011,GYH,SC,ASO,ES,Federal Contract Tower,0,0,5,1,6,0,22,4,2,28,0,22,9,3,34,0,4,4,38
10/15/2011,GYH,SC,ASO,ES,Federal Contract Tower,0,2,3,1,6,0,13,26,0,39,0,15,29,1,45,48,0,48,93
10/16/2011,GYH,SC,ASO,ES,Federal Contract Tower,0,3,3,0,6,0,18,27,0,45,0,21,30,0,51,56,0,56,107
10/17/2011,GYH,SC,ASO,ES,Federal Contract Tower,0,3,3,2,8,0,14,27,0,41,0,17,30,2,49,30,0,30,79
10/18/2011,GYH,SC,ASO,ES,Federal Contract Tower,0,3,8,2,13,0,10,20,0,30,0,13,28,2,43,14,0,14,57
10/19/2011,GYH,SC,ASO,ES,Federal Contract Tower,0,7,3,5,15,0,1,0,2,3,0,8,3,7,18,0,2,2,20
10/20/2011,GYH,SC,ASO,ES,Federal Contract Tower,0,7,0,3,10,0,47,4,3,54,0,54,4,6,64,0,4,4,68
10/21/2011,GYH,SC,ASO,ES,Federal Contract Tower,0,4,5,3,12,0,26,23,4,53,0,30,28,7,65,24,0,24,89
10/22/2011,GYH,SC,ASO,ES,Federal Contract Tower,0,4,8,0,12,0,3,23,0,26,0,7,31,0,38,44,0,44,82
10/23/2011,GYH,SC,ASO,ES,Federal Contract Tower,0,1,3,0,4,0,10,39,0,49,0,11,42,0,53,26,0,26,79
10/24/2011,GYH,SC,ASO,ES,Federal Contract Tower,0,4,5,0,9,0,17,11,0,28,0,21,16,0,37,12,0,12,49
10/25/2011,GYH,SC,ASO,ES,Federal Contract Tower,0,6,4,2,12,0,15,7,4,26,0,21,11,6,38,0,6,6,44
10/26/2011,GYH,SC,ASO,ES,Federal Contract Tower,0,8,1,7,16,0,21,29,9,59,0,29,30,16,75,24,10,34,109
10/27/2011,GYH,SC,ASO,ES,Federal Contract Tower,0,11,4,7,22,0,21,10,23,54,0,32,14,30,76,8,26,34,110
10/28/2011,GYH,SC,ASO,ES,Federal Contract Tower,0,13,0,4,17,0,25,3,2,30,0,38,3,6,47,0,0,0,47
10/29/2011,GYH,SC,ASO,ES,Federal Contract Tower,0,3,1,0,4,0,14,15,0,29,0,17,16,0,33,4,0,4,37
10/30/2011,GYH,SC,ASO,ES,Federal Contract Tower,0,0,2,0,2,0,12,24,0,36,0,12,26,0,38,32,0,32,70
10/31/2011,GYH,SC,ASO,ES,Federal Contract Tower,0,2,2,1,5,0,0,19,5,24,0,2,21,6,29,14,2,16,45
11/01/2011,GYH,SC,ASO,ES,Federal Contract Tower,0,7,8,4,19,0,22,24,3,49,0,29,32,7,68,78,0,78,146
11/02/2011,GYH,SC,ASO,ES,Federal Contract Tower,0,10,3,1,14,0,7,25,5,37,0,17,28,6,51,14,2,16,67
11/03/2011,GYH,SC,ASO,ES,Federal Contract Tower,0,9,1,2,12,0,21,10,4,35,0,30,11,6,47,6,2,8,55
11/04/2011,GYH,SC,ASO,ES,Federal Contract Tower,0,7,2,8,17,0,14,13,0,27,0,21,15,8,44,6,0,6,50
11/05/2011,GYH,SC,ASO,ES,Federal Contract Tower,0,2,2,1,5,0,3,7,0,10,0,5,9,1,15,6,0,6,21
11/06/2011,GYH,SC,ASO,ES,Federal Contract Tower,0,3,3,1,7,0,22,27,2,51,0,25,30,3,58,38,0,38,96
11/07/2011,GYH,SC,ASO,ES,Federal Contract Tower,0,2,2,10,14,0,4,7,6,17,0,6,9,16,31,0,0,0,31
11/08/2011,GYH,SC,ASO,ES,Federal Contract Tower,0,8,3,6,17,0,22,31,2,55,0,30,34,8,72,28,0,28,100
11/09/2011,GYH,SC,ASO,ES,Federal Contract Tower,0,4,1,3,8,0,43,14,5,62,0,47,15,8,70,42,22,64,134
11/10/2011,GYH,SC,ASO,ES,Federal Contract Tower,0,15,5,2,22,0,18,10,0,28,0,33,15,2,50,0,0,0,50
11/11/2011,GYH,SC,ASO,ES,Federal Contract Tower,0,4,7,3,14,0,8,27,3,38,0,12,34,6,52,16,0,16,68
11/12/2011,GYH,SC,ASO,ES,Federal Contract Tower,0,2,1,0,3,0,20,13,0,33,0,22,14,0,36,8,0,8,44
11/13/2011,GYH,SC,ASO,ES,Federal Contract Tower,0,1,3,0,4,0,22,23,0,45,0,23,26,0,49,44,0,44,93
11/14/2011,GYH,SC,ASO,ES,Federal Contract Tower,0,3,6,2,11,0,4,6,0,10,0,7,12,2,21,4,0,4,25
11/15/2011,GYH,SC,ASO,ES,Federal Contract Tower,0,8,1,0,9,0,24,10,7,41,0,32,11,7,50,16,8,24,74
11/16/2011,GYH,SC,ASO,ES,Federal Contract Tower,0,11,4,0,15,0,1,0,0,1,0,12,4,0,16,0,0,0,16
11/17/2011,GYH,SC,ASO,ES,Federal Contract Tower,0,6,3,5,14,0,34,8,8,50,0,40,11,13,64,38,20,58,122
11/18/2011,GYH,SC,ASO,ES,Federal Contract Tower,0,5,1,5,11,0,33,27,1,61,0,38,28,6,72,6,0,6,78
11/19/2011,GYH,SC,ASO,ES,Federal Contract Tower,0,4,2,1,7,0,6,60,1,67,0,10,62,2,74,52,0,52,126
11/20/2011,GYH,SC,ASO,ES,Federal Contract Tower,0,0,2,3,5,0,6,2,0,8,0,6,4,3,13,0,0,0,13
11/21/2011,GYH,SC,ASO,ES,Federal Contract Tower,0,2,0,3,5,0,14,26,4,44,0,16,26,7,49,32,2,34,83
11/22/2011,GYH,SC,ASO,ES,Federal Contract Tower,0,11,4,0,15,0,26,16,6,48,0,37,20,6,63,12,0,12,75
11/23/2011,GYH,SC,ASO,ES,Federal Contract Tower,0,8,1,0,9,4,12,3,6,25,4,20,4,6,34,6,12,18,52
11/24/2011,GYH,SC,ASO,ES,Federal Contract Tower,0,0,0,0,0,0,14,15,0,29,0,14,15,0,29,14,0,14,43
11/25/2011,GYH,SC,ASO,ES,Federal Contract Tower,0,0,3,0,3,0,8,42,0,50,0,8,45,0,53,26,0,26,79
11/26/2011,GYH,SC,ASO,ES,Federal Contract Tower,0,1,6,0,7,0,9,29,0,38,0,10,35,0,45,12,0,12,57
11/27/2011,GYH,SC,ASO,ES,Federal Contract Tower,0,4,4,0,8,0,12,6,0,18,0,16,10,0,26,0,0,0,26
11/28/2011,GYH,SC,ASO,ES,Federal Contract Tower,0,0,2,4,6,0,0,0,0,0,0,0,2,4,6,0,0,0,6
11/29/2011,GYH,SC,ASO,ES,Federal Contract Tower,0,8,0,13,21,0,13,14,13,40,0,21,14,26,61,24,70,94,155
11/30/2011,GYH,SC,ASO,ES,Federal Contract Tower,0,5,2,4,11,0,14,19,14,47,0,19,21,18,58,32,72,104,162
12/01/2011,GYH,SC,ASO,ES,Federal Contract Tower,0,4,3,5,12,0,22,21,15,58,0,26,24,20,70,52,54,106,176
12/02/2011,GYH,SC,ASO,ES,Federal Contract Tower,0,2,1,2,5,0,22,21,0,43,0,24,22,2,48,0,0,0,48
12/03/2011,GYH,SC,ASO,ES,Federal Contract Tower,0,0,8,2,10,0,10,31,5,46,0,10,39,7,56,40,2,42,98
12/04/2011,GYH,SC,ASO,ES,Federal Contract Tower,0,2,4,0,6,0,8,18,0,26,0,10,22,0,32,56,0,56,88
12/05/2011,GYH,SC,ASO,ES,Federal Contract Tower,0,9,13,3,25,0,6,3,0,9,0,15,16,3,34,0,0,0,34
12/06/2011,GYH,SC,ASO,ES,Federal Contract Tower,0,8,0,4,12,0,4,1,6,11,0,12,1,10,23,0,2,2,25
12/07/2011,GYH,SC,ASO,ES,Federal Contract Tower,0,11,1,1,13,0,8,0,0,8,0,19,1,1,21,0,0,0,21
12/08/2011,GYH,SC,ASO,ES,Federal Contract Tower,0,0,2,3,5,0,1,24,7,32,0,1,26,10,37,46,2,48,85
12/09/2011,GYH,SC,ASO,ES,Federal Contract Tower,0,7,0,0,7,0,30,32,0,62,0,37,32,0,69,34,0,34,103
12/10/2011,GYH,SC,ASO,ES,Federal Contract Tower,0,7,3,0,10,0,10,24,0,34,0,17,27,0,44,58,0,58,102
12/11/2011,GYH,SC,ASO,ES,Federal Contract Tower,0,1,1,0,2,0,4,33,0,37,0,5,34,0,39,38,0,38,77
12/12/2011,GYH,SC,ASO,ES,Federal Contract Tower,0,5,7,0,12,0,24,11,0,35,0,29,18,0,47,20,0,20,67
12/13/2011,GYH,SC,ASO,ES,Federal Contract Tower,0,19,8,1,28,0,15,28,3,46,0,34,36,4,74,82,6,88,162
12/14/2011,GYH,SC,ASO,ES,Federal Contract Tower,0,9,6,13,28,0,26,29,9,64,0,35,35,22,92,68,4,72,164
12/15/2011,GYH,SC,ASO,ES,Federal Contract Tower,0,5,6,3,14,0,6,12,9,27,0,11,18,12,41,16,20,36,77
12/16/2011,GYH,SC,ASO,ES,Federal Contract Tower,0,7,1,2,10,0,16,21,2,39,0,23,22,4,49,56,2,58,107
12/17/2011,GYH,SC,ASO,ES,Federal Contract Tower,0,2,2,0,4,0,18,37,2,57,0,20,39,2,61,80,0,80,141
12/18/2011,GYH,SC,ASO,ES,Federal Contract Tower,0,0,3,1,4,0,41,37,1,79,0,41,40,2,83,54,0,54,137
12/19/2011,GYH,SC,ASO,ES,Federal Contract Tower,0,7,0,2,9,0,6,32,0,38,0,13,32,2,47,44,0,44,91
12/20/2011,GYH,SC,ASO,ES,Federal Contract Tower,0,4,3,25,32,0,16,6,1,23,0,20,9,26,55,18,0,18,73
12/21/2011,GYH,SC,ASO,ES,Federal Contract Tower,0,7,1,2,10,0,2,0,0,2,0,9,1,2,12,0,0,0,12
12/22/2011,GYH,SC,ASO,ES,Federal Contract Tower,0,4,0,0,4,0,7,0,0,7,0,11,0,0,11,0,0,0,11
12/23/2011,GYH,SC,ASO,ES,Federal Contract Tower,0,2,2,0,4,0,14,23,0,37,0,16,25,0,41,34,0,34,75
12/24/2011,GYH,SC,ASO,ES,Federal Contract Tower,0,3,2,0,5,0,4,30,0,34,0,7,32,0,39,30,0,30,69
12/25/2011,GYH,SC,ASO,ES,Federal Contract Tower,0,0,0,0,0,0,1,1,0,2,0,1,1,0,2,0,0,0,2
12/26/2011,GYH,SC,ASO,ES,Federal Contract Tower,0,3,5,0,8,0,15,16,0,31,0,18,21,0,39,4,0,4,43
12/27/2011,GYH,SC,ASO,ES,Federal Contract Tower,0,4,8,0,12,0,8,0,2,10,0,12,8,2,22,0,0,0,22
12/28/2011,GYH,SC,ASO,ES,Federal Contract Tower,0,5,1,1,7,0,6,36,1,43,0,11,37,2,50,28,0,28,78
12/29/2011,GYH,SC,ASO,ES,Federal Contract Tower,0,7,3,0,10,0,23,26,0,49,0,30,29,0,59,30,0,30,89
12/30/2011,GYH,SC,ASO,ES,Federal Contract Tower,0,8,4,1,13,0,43,17,0,60,0,51,21,1,73,36,0,36,109
12/31/2011,GYH,SC,ASO,ES,Federal Contract Tower,0,3,4,0,7,0,5,30,0,35,0,8,34,0,42,28,0,28,70
01/01/2012,GYH,SC,ASO,ES,Federal Contract Tower,0,5,1,0,6,0,20,10,0,30,0,25,11,0,36,0,0,0,36
01/02/2012,GYH,SC,ASO,ES,Federal Contract Tower,0,2,0,0,2,0,7,1,0,8,0,9,1,0,10,0,0,0,10
01/03/2012,GYH,SC,ASO,ES,Federal Contract Tower,0,1,1,0,2,0,6,4,0,10,0,7,5,0,12,14,0,14,26
01/04/2012,GYH,SC,ASO,ES,Federal Contract Tower,0,5,1,1,7,0,16,21,3,40,0,21,22,4,47,4,0,4,51
01/05/2012,GYH,SC,ASO,ES,Federal Contract Tower,0,8,6,17,31,0,14,16,4,34,0,22,22,21,65,10,42,52,117
01/06/2012,GYH,SC,ASO,ES,Federal Contract Tower,0,4,6,3,13,0,24,26,4,54,0,28,32,7,67,34,0,34,101
01/07/2012,GYH,SC,ASO,ES,Federal Contract Tower,0,4,2,4,10,0,9,11,4,24,0,13,13,8,34,28,2,30,64
01/08/2012,GYH,SC,ASO,ES,Federal Contract Tower,0,2,6,4,12,0,1,7,0,8,0,3,13,4,20,14,0,14,34
01/09/2012,GYH,SC,ASO,ES,Federal Contract Tower,0,1,2,1,4,0,0,0,0,0,0,1,2,1,4,0,0,0,4
01/10/2012,GYH,SC,ASO,ES,Federal Contract Tower,0,2,4,24,30,0,22,8,1,31,0,24,12,25,61,30,10,40,101
01/11/2012,GYH,SC,ASO,ES,Federal Contract Tower,0,4,0,5,9,0,4,0,0,4,0,8,0,5,13,0,0,0,13
01/12/2012,GYH,SC,ASO,ES,Federal Contract Tower,0,4,2,7,13,0,8,5,3,16,0,12,7,10,29,0,0,0,29
01/13/2012,GYH,SC,ASO,ES,Federal Contract Tower,0,7,1,2,10,0,20,16,12,48,0,27,17,14,58,30,18,48,106
01/14/2012,GYH,SC,ASO,ES,Federal Contract Tower,0,0,5,1,6,0,20,33,4,57,0,20,38,5,63,66,0,66,129
01/15/2012,GYH,SC,ASO,ES,Federal Contract Tower,0,0,4,0,4,0,8,35,3,46,0,8,39,3,50,72,6,78,128
01/16/2012,GYH,SC,ASO,ES,Federal Contract Tower,0,5,3,0,8,0,8,16,2,26,0,13,19,2,34,40,0,40,74
01/17/2012,GYH,SC,ASO,ES,Federal Contract Tower,0,9,3,0,12,0,0,1,0,1,0,9,4,0,13,0,0,0,13
01/18/2012,GYH,SC,ASO,ES,Federal Contract Tower,0,5,8,1,14,0,21,14,7,42,0,26,22,8,56,10,0,10,66
01/19/2012,GYH,SC,ASO,ES,Federal Contract Tower,0,3,2,0,5,0,5,23,10,38,0,8,25,10,43,18,0,18,61
01/20/2012,GYH,SC,ASO,ES,Federal Contract Tower,0,10,4,7,21,0,6,6,18,30,0,16,10,25,51,4,8,12,63
01/21/2012,GYH,SC,ASO,ES,Federal Contract Tower,0,4,2,0,6,0,0,0,0,0,0,4,2,0,6,0,0,0,6
01/22/2012,GYH,SC,ASO,ES,Federal Contract Tower,0,1,9,0,10,0,0,2,0,2,0,1,11,0,12,10,0,10,22
01/23/2012,GYH,SC,ASO,ES,Federal Contract Tower,0,2,5,4,11,0,0,0,0,0,0,2,5,4,11,0,0,0,11
01/24/2012,GYH,SC,ASO,ES,Federal Contract Tower,0,6,4,6,16,0,20,11,4,35,0,26,15,10,51,12,0,12,63
01/25/2012,GYH,SC,ASO,ES,Federal Contract Tower,0,10,2,0,12,0,10,29,4,43,0,20,31,4,55,16,0,16,71
01/26/2012,GYH,SC,ASO,ES,Federal Contract Tower,0,11,8,0,19,0,0,0,0,0,0,11,8,0,19,0,0,0,19
01/27/2012,GYH,SC,ASO,ES,Federal Contract Tower,0,2,3,10,15,0,24,11,3,38,0,26,14,13,53,32,0,32,85
01/28/2012,GYH,SC,ASO,ES,Federal Contract Tower,0,0,2,0,2,0,16,19,0,35,0,16,21,0,37,38,0,38,75
01/29/2012,GYH,SC,ASO,ES,Federal Contract Tower,0,2,3,0,5,0,0,24,0,24,0,2,27,0,29,26,0,26,55
01/30/2012,GYH,SC,ASO,ES,Federal Contract Tower,0,3,1,7,11,0,22,33,1,56,0,25,34,8,67,50,0,50,117
01/31/2012,GYH,SC,ASO,ES,Federal Contract Tower,0,4,11,3,18,0,46,22,6,74,0,50,33,9,92,28,58,86,178
02/01/2012,GYH,SC,ASO,ES,Federal Contract Tower,0,3,1,2,6,0,14,6,0,20,0,17,7,2,26,8,0,8,34
02/02/2012,GYH,SC,ASO,ES,Federal Contract Tower,0,5,4,9,18,0,7,24,13,44,0,12,28,22,62,12,0,12,74
02/03/2012,GYH,SC,ASO,ES,Federal Contract Tower,0,1,3,0,4,0,15,34,0,49,0,16,37,0,53,22,0,22,75
02/04/2012,GYH,SC,ASO,ES,Federal Contract Tower,0,0,0,0,0,0,8,4,0,12,0,8,4,0,12,18,0,18,30
02/05/2012,GYH,SC,ASO,ES,Federal Contract Tower,0,2,4,1,7,0,14,16,0,30,0,16,20,1,37,22,0,22,59
02/06/2012,GYH,SC,ASO,ES,Federal Contract Tower,0,0,6,7,13,0,20,7,0,27,0,20,13,7,40,24,0,24,64
02/07/2012,GYH,SC,ASO,ES,Federal Contract Tower,0,5,3,2,10,0,23,20,0,43,0,28,23,2,53,16,0,16,69
02/08/2012,GYH,SC,ASO,ES,Federal Contract Tower,0,4,5,2,11,0,10,10,0,20,0,14,15,2,31,12,0,12,43
02/09/2012,GYH,SC,ASO,ES,Federal Contract Tower,0,5,4,3,12,0,31,6,6,43,0,36,10,9,55,0,0,0,55
02/10/2012,GYH,SC,ASO,ES,Federal Contract Tower,0,9,2,2,13,0,16,17,4,37,0,25,19,6,50,64,2,66,116
02/11/2012,GYH,SC,ASO,ES,Federal Contract Tower,0,0,1,0,1,0,12,2,0,14,0,12,3,0,15,6,0,6,21
02/12/2012,GYH,SC,ASO,ES,Federal Contract Tower,0,0,12,0,12,0,1,25,0,26,0,1,37,0,38,38,0,38,76
02/13/2012,GYH,SC,ASO,ES,Federal Contract Tower,0,8,5,0,13,0,13,9,0,22,0,21,14,0,35,6,0,6,41
02/14/2012,GYH,SC,ASO,ES,Federal Contract Tower,0,6,0,4,10,0,4,3,2,9,0,10,3,6,19,2,0,2,21
02/15/2012,GYH,SC,ASO,ES,Federal Contract Tower,0,14,3,11,28,0,39,11,6,56,0,53,14,17,84,14,22,36,120
02/16/2012,GYH,SC,ASO,ES,Federal Contract Tower,0,10,3,2,15,0,0,0,0,0,0,10,3,2,15,0,0,0,15
02/17/2012,GYH,SC,ASO,ES,Federal Contract Tower,0,3,4,1,8,0,3,18,1,22,0,6,22,2,30,24,0,24,54
02/18/2012,GYH,SC,ASO,ES,Federal Contract Tower,0,3,8,0,11,0,8,21,0,29,0,11,29,0,40,24,0,24,64
02/19/2012,GYH,SC,ASO,ES,Federal Contract Tower,0,1,0,0,1,0,0,0,0,0,0,1,0,0,1,0,0,0,1
02/20/2012,GYH,SC,ASO,ES,Federal Contract Tower,0,2,0,0,2,0,12,9,0,21,0,14,9,0,23,20,0,20,43
02/21/2012,GYH,SC,ASO,ES,Federal Contract Tower,0,5,0,0,5,0,7,9,0,16,0,12,9,0,21,0,0,0,21
02/22/2012,GYH,SC,ASO,ES,Federal Contract Tower,0,2,4,1,7,0,4,1,0,5,0,6,5,1,12,0,0,0,12
02/23/2012,GYH,SC,ASO,ES,Federal Contract Tower,0,4,4,0,8,0,17,3,10,30,0,21,7,10,38,0,18,18,56
02/24/2012,GYH,SC,ASO,ES,Federal Contract Tower,0,8,0,0,8,0,11,6,0,17,0,19,6,0,25,0,0,0,25
02/25/2012,GYH,SC,ASO,ES,Federal Contract Tower,0,5,5,0,10,0,1,15,6,22,0,6,20,6,32,34,0,34,66
02/26/2012,GYH,SC,ASO,ES,Federal Contract Tower,0,7,12,0,19,0,26,28,0,54,0,33,40,0,73,30,10,40,113
02/27/2012,GYH,SC,ASO,ES,Federal Contract Tower,0,10,4,0,14,0,9,0,0,9,0,19,4,0,23,0,0,0,23
02/28/2012,GYH,SC,ASO,ES,Federal Contract Tower,0,8,6,3,17,0,26,28,4,58,0,34,34,7,75,14,4,18,93
02/29/2012,GYH,SC,ASO,ES,Federal Contract Tower,0,11,0,1,12,0,32,0,0,32,0,43,0,1,44,0,0,0,44
03/01/2012,GYH,SC,ASO,ES,Federal Contract Tower,0,16,1,7,24,0,40,8,11,59,0,56,9,18,83,4,22,26,109
03/02/2012,GYH,SC,ASO,ES,Federal Contract Tower,0,6,7,1,14,0,40,3,2,45,0,46,10,3,59,10,0,10,69
03/03/2012,GYH,SC,ASO,ES,Federal Contract Tower,0,5,0,1,6,0,2,9,0,11,0,7,9,1,17,8,0,8,25
03/04/2012,GYH,SC,ASO,ES,Federal Contract Tower,0,1,0,1,2,0,8,4,1,13,0,9,4,2,15,0,0,0,15
03/05/2012,GYH,SC,ASO,ES,Federal Contract Tower,0,4,1,0,5,0,14,9,0,23,0,18,10,0,28,2,0,2,30
03/06/2012,GYH,SC,ASO,ES,Federal Contract Tower,0,13,3,1,17,0,17,30,4,51,0,30,33,5,68,60,4,64,132
03/07/2012,GYH,SC,ASO,ES,Federal Contract Tower,0,8,0,11,19,0,14,18,5,37,0,22,18,16,56,30,6,36,92
03/08/2012,GYH,SC,ASO,ES,Federal Contract Tower,0,4,4,0,8,0,21,11,7,39,0,25,15,7,47,10,2,12,59
03/09/2012,GYH,SC,ASO,ES,Federal Contract Tower,0,13,8,0,21,0,40,6,2,48,0,53,14,2,69,0,0,0,69
03/10/2012,GYH,SC,ASO,ES,Federal Contract Tower,0,1,12,0,13,0,20,26,0,46,0,21,38,0,59,10,0,10,69
03/11/2012,GYH,SC,ASO,ES,Federal Contract Tower,0,0,6,0,6,0,10,36,2,48,0,10,42,2,54,24,0,24,78
03/12/2012,GYH,SC,ASO,ES,Federal Contract Tower,0,12,8,0,20,0,9,26,0,35,0,21,34,0,55,24,0,24,79
03/13/2012,GYH,SC,ASO,ES,Federal Contract Tower,0,9,7,2,18,0,5,1,0,6,0,14,8,2,24,0,0,0,24
03/14/2012,GYH,SC,ASO,ES,Federal Contract Tower,0,7,0,10,17,0,7,12,2,21,0,14,12,12,38,18,14,32,70
03/15/2012,GYH,SC,ASO,ES,Federal Contract Tower,0,19,1,0,20,0,25,13,0,38,0,44,14,0,58,8,0,8,66
03/16/2012,GYH,SC,ASO,ES,Federal Contract Tower,0,7,3,0,10,0,20,9,2,31,0,27,12,2,41,26,0,26,67
03/17/2012,GYH,SC,ASO,ES,Federal Contract Tower,0,4,3,0,7,0,2,5,0,7,0,6,8,0,14,0,0,0,14
03/18/2012,GYH,SC,ASO,ES,Federal Contract Tower,0,2,1,0,3,0,8,13,2,23,0,10,14,2,26,0,0,0,26
03/19/2012,GYH,SC,ASO,ES,Federal Contract Tower,0,5,2,2,9,0,2,16,0,18,0,7,18,2,27,26,0,26,53
03/20/2012,GYH,SC,ASO,ES,Federal Contract Tower,0,3,6,2,11,0,23,18,2,43,0,26,24,4,54,16,8,24,78
03/21/2012,GYH,SC,ASO,ES,Federal Contract Tower,0,2,5,2,9,0,13,15,4,32,0,15,20,6,41,8,0,8,49
03/22/2012,GYH,SC,ASO,ES,Federal Contract Tower,0,8,3,3,14,0,11,16,2,29,0,19,19,5,43,42,10,52,95
03/23/2012,GYH,SC,ASO,ES,Federal Contract Tower,0,11,5,4,20,0,10,4,3,17,0,21,9,7,37,0,0,0,37
03/24/2012,GYH,SC,ASO,ES,Federal Contract Tower,0,2,4,0,6,0,4,4,0,8,0,6,8,0,14,4,0,4,18
03/25/2012,GYH,SC,ASO,ES,Federal Contract Tower,0,3,6,0,9,0,6,3,0,9,0,9,9,0,18,0,0,0,18
03/26/2012,GYH,SC,ASO,ES,Federal Contract Tower,0,6,5,0,11,0,5,10,0,15,0,11,15,0,26,8,0,8,34
03/27/2012,GYH,SC,ASO,ES,Federal Contract Tower,0,7,6,0,13,0,33,22,10,65,0,40,28,10,78,32,2,34,112
03/28/2012,GYH,SC,ASO,ES,Federal Contract Tower,0,12,5,4,21,0,1,18,0,19,0,13,23,4,40,12,0,12,52
03/29/2012,GYH,SC,ASO,ES,Federal Contract Tower,0,6,4,1,11,0,26,23,6,55,0,32,27,7,66,36,10,46,112
03/30/2012,GYH,SC,ASO,ES,Federal Contract Tower,0,9,4,1,14,0,13,9,0,22,0,22,13,1,36,6,0,6,42
03/31/2012,GYH,SC,ASO,ES,Federal Contract Tower,0,5,7,1,13,0,7,6,0,13,0,12,13,1,26,4,0,4,30
04/01/2012,GYH,SC,ASO,ES,Federal Contract Tower,0,6,4,0,10,0,16,20,0,36,0,22,24,0,46,10,0,10,56
04/02/2012,GYH,SC,ASO,ES,Federal Contract Tower,0,11,2,0,13,0,27,7,0,34,0,38,9,0,47,20,0,20,67
04/03/2012,GYH,SC,ASO,ES,Federal Contract Tower,0,10,3,7,20,0,6,8,3,17,0,16,11,10,37,38,6,44,81
04/04/2012,GYH,SC,ASO,ES,Federal Contract Tower,0,5,2,2,9,0,3,33,0,36,0,8,35,2,45,94,0,94,139
04/05/2012,GYH,SC,ASO,ES,Federal Contract Tower,0,11,3,5,19,0,25,32,3,60,0,36,35,8,79,116,0,116,195
04/06/2012,GYH,SC,ASO,ES,Federal Contract Tower,0,7,4,3,14,0,29,15,0,44,0,36,19,3,58,28,0,28,86
04/07/2012,GYH,SC,ASO,ES,Federal Contract Tower,0,2,6,0,8,0,25,10,0,35,0,27,16,0,43,6,0,6,49
04/08/2012,GYH,SC,ASO,ES,Federal Contract Tower,0,0,0,0,0,0,20,6,0,26,0,20,6,0,26,0,0,0,26
04/09/2012,GYH,SC,ASO,ES,Federal Contract Tower,0,10,5,0,15,0,31,19,0,50,0,41,24,0,65,14,0,14,79
04/10/2012,GYH,SC,ASO,ES,Federal Contract Tower,0,7,1,0,8,0,21,7,2,30,0,28,8,2,38,4,0,4,42
04/11/2012,GYH,SC,ASO,ES,Federal Contract Tower,0,18,6,2,26,0,5,17,2,24,0,23,23,4,50,6,20,26,76
04/12/2012,GYH,SC,ASO,ES,Federal Contract Tower,0,3,15,4,22,0,36,17,1,54,0,39,32,5,76,18,0,18,94
04/13/2012,GYH,SC,ASO,ES,Federal Contract Tower,0,12,4,3,19,0,42,21,0,63,0,54,25,3,82,40,0,40,122
04/14/2012,GYH,SC,ASO,ES,Federal Contract Tower,0,2,4,0,6,0,9,14,0,23,0,11,18,0,29,14,0,14,43
04/15/2012,GYH,SC,ASO,ES,Federal Contract Tower,0,2,3,2,7,0,0,4,0,4,0,2,7,2,11,0,0,0,11
04/16/2012,GYH,SC,ASO,ES,Federal Contract Tower,0,6,2,3,11,0,11,12,13,36,0,17,14,16,47,4,42,46,93
04/17/2012,GYH,SC,ASO,ES,Federal Contract Tower,0,5,2,2,9,0,20,10,0,30,0,25,12,2,39,4,0,4,43
04/18/2012,GYH,SC,ASO,ES,Federal Contract Tower,0,9,6,6,21,0,3,0,0,3,0,12,6,6,24,0,0,0,24
04/19/2012,GYH,SC,ASO,ES,Federal Contract Tower,0,22,4,13,39,0,37,12,6,55,0,59,16,19,94,40,20,60,154
04/20/2012,GYH,SC,ASO,ES,Federal Contract Tower,0,11,14,5,30,0,6,8,3,17,0,17,22,8,47,18,0,18,65
04/21/2012,GYH,SC,ASO,ES,Federal Contract Tower,0,4,0,0,4,0,15,14,0,29,0,19,14,0,33,16,0,16,49
04/22/2012,GYH,SC,ASO,ES,Federal Contract Tower,0,6,0,2,8,0,0,13,2,15,0,6,13,4,23,12,0,12,35
04/23/2012,GYH,SC,ASO,ES,Federal Contract Tower,0,2,1,0,3,0,33,5,6,44,0,35,6,6,47,8,4,12,59
04/24/2012,GYH,SC,ASO,ES,Federal Contract Tower,0,8,1,5,14,0,26,3,10,39,0,34,4,15,53,0,16,16,69
04/25/2012,GYH,SC,ASO,ES,Federal Contract Tower,0,13,3,5,21,0,31,25,0,56,0,44,28,5,77,10,0,10,87
04/26/2012,GYH,SC,ASO,ES,Federal Contract Tower,0,4,3,3,10,0,20,3,3,26,0,24,6,6,36,0,0,0,36
04/27/2012,GYH,SC,ASO,ES,Federal Contract Tower,0,6,5,0,11,0,14,16,3,33,0,20,21,3,44,20,0,20,64
04/28/2012,GYH,SC,ASO,ES,Federal Contract Tower,0,3,3,0,6,0,26,16,0,42,0,29,19,0,48,2,0,2,50
04/29/2012,GYH,SC,ASO,ES,Federal Contract Tower,0,2,0,0,2,0,16,14,0,30,0,18,14,0,32,14,0,14,46
04/30/2012,GYH,SC,ASO,ES,Federal Contract Tower,0,6,4,5,15,0,17,23,6,46,0,23,27,11,61,32,6,38,99
05/01/2012,GYH,SC,ASO,ES,Federal Contract Tower,0,9,0,3,12,0,11,10,2,23,0,20,10,5,35,8,2,10,45
05/02/2012,GYH,SC,ASO,ES,Federal Contract Tower,0,3,3,2,8,0,15,23,6,44,0,18,26,8,52,22,2,24,76
05/03/2012,GYH,SC,ASO,ES,Federal Contract Tower,0,9,3,3,15,0,29,17,6,52,0,38,20,9,67,16,0,16,83
05/04/2012,GYH,SC,ASO,ES,Federal Contract Tower,0,9,1,2,12,0,34,15,0,49,0,43,16,2,61,10,0,10,71
05/05/2012,GYH,SC,ASO,ES,Federal Contract Tower,0,1,0,0,1,0,6,22,0,28,0,7,22,0,29,12,0,12,41
05/06/2012,GYH,SC,ASO,ES,Federal Contract Tower,0,6,2,2,10,0,3,11,0,14,0,9,13,2,24,10,0,10,34
05/07/2012,GYH,SC,ASO,ES,Federal Contract Tower,0,7,2,8,17,0,17,3,15,35,0,24,5,23,52,0,0,0,52
05/08/2012,GYH,SC,ASO,ES,Federal Contract Tower,0,13,0,5,18,0,15,3,8,26,0,28,3,13,44,12,0,12,56
05/09/2012,GYH,SC,ASO,ES,Federal Contract Tower,0,7,3,7,17,0,13,0,6,19,0,20,3,13,36,0,0,0,36
05/10/2012,GYH,SC,ASO,ES,Federal Contract Tower,0,10,2,3,15,0,27,23,31,81,0,37,25,34,96,14,20,34,130
05/11/2012,GYH,SC,ASO,ES,Federal Contract Tower,0,9,4,1,14,0,11,13,4,28,0,20,17,5,42,24,0,24,66
05/12/2012,GYH,SC,ASO,ES,Federal Contract Tower,0,6,1,0,7,0,41,14,0,55,0,47,15,0,62,6,0,6,68
05/13/2012,GYH,SC,ASO,ES,Federal Contract Tower,0,3,3,0,6,0,0,0,0,0,0,3,3,0,6,0,0,0,6
05/14/2012,GYH,SC,ASO,ES,Federal Contract Tower,0,1,3,0,4,0,8,11,0,19,0,9,14,0,23,36,0,36,59
05/15/2012,GYH,SC,ASO,ES,Federal Contract Tower,0,8,4,2,14,0,19,10,0,29,0,27,14,2,43,2,0,2,45
05/16/2012,GYH,SC,ASO,ES,Federal Contract Tower,0,12,1,1,14,0,10,8,0,18,0,22,9,1,32,0,0,0,32
05/17/2012,GYH,SC,ASO,ES,Federal Contract Tower,0,4,0,2,6,0,12,7,8,27,0,16,7,10,33,18,4,22,55
05/18/2012,GYH,SC,ASO,ES,Federal Contract Tower,0,3,1,0,4,0,15,18,0,33,0,18,19,0,37,20,0,20,57
05/19/2012,GYH,SC,ASO,ES,Federal Contract Tower,0,5,3,0,8,0,30,34,0,64,0,35,37,0,72,20,0,20,92
05/20/2012,GYH,SC,ASO,ES,Federal Contract Tower,0,4,2,0,6,0,25,20,0,45,0,29,22,0,51,24,0,24,75
05/21/2012,GYH,SC,ASO,ES,Federal Contract Tower,0,5,0,3,8,0,25,16,0,41,0,30,16,3,49,18,0,18,67
05/22/2012,GYH,SC,ASO,ES,Federal Contract Tower,0,8,1,3,12,0,23,12,6,41,0,31,13,9,53,32,38,70,123
05/23/2012,GYH,SC,ASO,ES,Federal Contract Tower,0,5,1,1,7,0,11,8,5,24,0,16,9,6,31,8,10,18,49
05/24/2012,GYH,SC,ASO,ES,Federal Contract Tower,0,16,4,2,22,0,40,30,4,74,0,56,34,6,96,42,4,46,142
05/25/2012,GYH,SC,ASO,ES,Federal Contract Tower,0,4,3,0,7,0,6,26,0,32,0,10,29,0,39,14,0,14,53
05/26/2012,GYH,SC,ASO,ES,Federal Contract Tower,0,4,0,0,4,0,12,12,0,24,0,16,12,0,28,2,0,2,30
05/27/2012,GYH,SC,ASO,ES,Federal Contract Tower,0,5,0,0,5,0,10,3,0,13,0,15,3,0,18,0,0,0,18
05/28/2012,GYH,SC,ASO,ES,Federal Contract Tower,0,2,1,0,3,0,4,12,0,16,0,6,13,0,19,6,0,6,25
05/29/2012,GYH,SC,ASO,ES,Federal Contract Tower,0,3,0,6,9,0,2,5,3,10,0,5,5,9,19,24,8,32,51
05/30/2012,GYH,SC,ASO,ES,Federal Contract Tower,0,6,4,4,14,0,14,14,2,30,0,20,18,6,44,8,2,10,54
05/31/2012,GYH,SC,ASO,ES,Federal Contract Tower,0,10,0,2,12,0,17,2,2,21,0,27,2,4,33,2,0,2,35
06/01/2012,GYH,SC,ASO,ES,Federal Contract Tower,0,6,1,3,10,0,2,6,0,8,0,8,7,3,18,0,0,0,18
06/02/2012,GYH,SC,ASO,ES,Federal Contract Tower,0,3,2,0,5,0,14,17,0,31,0,17,19,0,36,6,0,6,42
06/03/2012,GYH,SC,ASO,ES,Federal Contract Tower,0,5,3,1,9,0,8,28,0,36,0,13,31,1,45,2,0,2,47
06/04/2012,GYH,SC,ASO,ES,Federal Contract Tower,0,9,5,3,17,0,25,14,0,39,0,34,19,3,56,12,0,12,68
06/05/2012,GYH,SC,ASO,ES,Federal Contract Tower,0,3,2,0,5,0,1,4,0,5,0,4,6,0,10,2,0,2,12
06/06/2012,GYH,SC,ASO,ES,Federal Contract Tower,0,2,1,13,16,0,23,1,4,28,0,25,2,17,44,0,4,4,48
06/07/2012,GYH,SC,ASO,ES,Federal Contract Tower,0,5,2,2,9,0,21,11,1,33,0,26,13,3,42,2,2,4,46
06/08/2012,GYH,SC,ASO,ES,Federal Contract Tower,0,2,0,6,8,0,9,15,6,30,0,11,15,12,38,34,0,34,72
06/09/2012,GYH,SC,ASO,ES,Federal Contract Tower,0,8,9,0,17,0,21,4,0,25,0,29,13,0,42,0,0,0,42
06/10/2012,GYH,SC,ASO,ES,Federal Contract Tower,0,0,6,0,6,0,0,0,0,0,0,0,6,0,6,0,0,0,6
06/11/2012,GYH,SC,ASO,ES,Federal Contract Tower,0,4,2,2,8,0,8,1,0,9,0,12,3,2,17,0,0,0,17
06/12/2012,GYH,SC,ASO,ES,Federal Contract Tower,0,3,2,21,26,0,12,2,5,19,0,15,4,26,45,16,10,26,71
06/13/2012,GYH,SC,ASO,ES,Federal Contract Tower,0,5,2,1,8,0,31,16,6,53,0,36,18,7,61,8,4,12,73
06/14/2012,GYH,SC,ASO,ES,Federal Contract Tower,0,12,0,5,17,0,32,13,11,56,0,44,13,16,73,30,12,42,115
06/15/2012,GYH,SC,ASO,ES,Federal Contract Tower,0,3,2,7,12,0,14,20,6,40,0,17,22,13,52,22,10,32,84
06/16/2012,GYH,SC,ASO,ES,Federal Contract Tower,0,7,3,3,13,0,11,21,1,33,0,18,24,4,46,60,2,62,108
06/17/2012,GYH,SC,ASO,ES,Federal Contract Tower,0,6,2,0,8,0,13,19,0,32,0,19,21,0,40,2,0,2,42
06/18/2012,GYH,SC,ASO,ES,Federal Contract Tower,0,4,3,0,7,0,5,8,4,17,0,9,11,4,24,2,4,6,30
06/19/2012,GYH,SC,ASO,ES,Federal Contract Tower,0,18,1,1,20,0,42,16,10,68,0,60,17,11,88,26,0,26,114
06/20/2012,GYH,SC,ASO,ES,Federal Contract Tower,0,13,2,1,16,0,4,23,0,27,0,17,25,1,43,24,0,24,67
06/21/2012,GYH,SC,ASO,ES,Federal Contract Tower,0,8,0,1,9,0,10,18,3,31,0,18,18,4,40,40,0,40,80
06/22/2012,GYH,SC,ASO,ES,Federal Contract Tower,0,3,0,0,3,0,23,15,0,38,0,26,15,0,41,32,0,32,73
06/23/2012,GYH,SC,ASO,ES,Federal Contract Tower,0,10,2,0,12,0,31,16,0,47,0,41,18,0,59,0,0,0,59
06/24/2012,GYH,SC,ASO,ES,Federal Contract Tower,0,5,4,3,12,0,4,29,1,34,0,9,33,4,46,14,2,16,62
06/25/2012,GYH,SC,ASO,ES,Federal Contract Tower,0,13,0,4,17,0,8,9,0,17,0,21,9,4,34,6,4,10,44
06/26/2012,GYH,SC,ASO,ES,Federal Contract Tower,0,17,8,4,29,0,26,16,0,42,0,43,24,4,71,4,0,4,75
06/27/2012,GYH,SC,ASO,ES,Federal Contract Tower,0,16,9,5,30,0,25,22,6,53,0,41,31,11,83,24,2,26,109
06/28/2012,GYH,SC,ASO,ES,Federal Contract Tower,0,9,3,11,23,0,43,20,12,75,0,52,23,23,98,56,4,60,158
06/29/2012,GYH,SC,ASO,ES,Federal Contract Tower,0,8,0,0,8,0,30,17,2,49,0,38,17,2,57,4,0,4,61
06/30/2012,GYH,SC,ASO,ES,Federal Contract Tower,0,6,1,1,8,0,12,16,3,31,0,18,17,4,39,12,4,16,55
07/01/2012,GYH,SC,ASO,ES,Federal Contract Tower,0,1,6,0,7,0,12,12,0,24,0,13,18,0,31,2,0,2,33
07/02/2012,GYH,SC,ASO,ES,Federal Contract Tower,0,4,4,3,11,0,10,11,0,21,0,14,15,3,32,0,0,0,32
07/03/2012,GYH,SC,ASO,ES,Federal Contract Tower,0,4,1,0,5,0,16,12,8,36,0,20,13,8,41,20,26,46,87
07/04/2012,GYH,SC,ASO,ES,Federal Contract Tower,0,2,3,0,5,0,10,15,0,25,0,12,18,0,30,14,0,14,44
07/05/2012,GYH,SC,ASO,ES,Federal Contract Tower,0,3,4,0,7,0,20,11,4,35,0,23,15,4,42,6,4,10,52
07/06/2012,GYH,SC,ASO,ES,Federal Contract Tower,0,3,2,0,5,0,24,14,0,38,0,27,16,0,43,26,0,26,69
07/07/2012,GYH,SC,ASO,ES,Federal Contract Tower,0,3,3,0,6,0,4,6,0,10,0,7,9,0,16,0,0,0,16
07/08/2012,GYH,SC,ASO,ES,Federal Contract Tower,0,10,1,0,11,0,3,1,0,4,0,13,2,0,15,0,0,0,15
07/09/2012,GYH,SC,ASO,ES,Federal Contract Tower,0,2,7,0,9,0,14,9,0,23,0,16,16,0,32,0,0,0,32
07/10/2012,GYH,SC,ASO,ES,Federal Contract Tower,0,5,1,3,9,0,10,11,7,28,0,15,12,10,37,24,2,26,63
07/11/2012,GYH,SC,ASO,ES,Federal Contract Tower,0,3,8,2,13,0,14,10,4,28,0,17,18,6,41,8,8,16,57
07/12/2012,GYH,SC,ASO,ES,Federal Contract Tower,0,0,6,1,7,0,0,5,2,7,0,0,11,3,14,16,12,28,42
07/13/2012,GYH,SC,ASO,ES,Federal Contract Tower,0,17,3,5,25,0,0,3,2,5,0,17,6,7,30,0,0,0,30
07/14/2012,GYH,SC,ASO,ES,Federal Contract Tower,0,3,10,2,15,0,2,9,3,14,0,5,19,5,29,6,2,8,37
07/15/2012,GYH,SC,ASO,ES,Federal Contract Tower,0,0,3,1,4,0,2,6,2,10,0,2,9,3,14,0,0,0,14
07/16/2012,GYH,SC,ASO,ES,Federal Contract Tower,0,5,4,0,9,0,6,9,0,15,0,11,13,0,24,18,0,18,42
07/17/2012,GYH,SC,ASO,ES,Federal Contract Tower,0,5,1,2,8,0,0,7,7,14,0,5,8,9,22,38,22,60,82
07/18/2012,GYH,SC,ASO,ES,Federal Contract Tower,0,3,4,2,9,0,10,16,0,26,0,13,20,2,35,34,0,34,69
07/19/2012,GYH,SC,ASO,ES,Federal Contract Tower,0,7,4,4,15,0,11,15,13,39,0,18,19,17,54,0,12,12,66
07/20/2012,GYH,SC,ASO,ES,Federal Contract Tower,0,8,0,0,8,0,18,8,0,26,0,26,8,0,34,14,0,14,48
07/21/2012,GYH,SC,ASO,ES,Federal Contract Tower,0,4,7,0,11,0,0,10,0,10,0,4,17,0,21,34,0,34,55
07/22/2012,GYH,SC,ASO,ES,Federal Contract Tower,0,1,0,2,3,0,13,12,0,25,0,14,12,2,28,2,0,2,30
07/23/2012,GYH,SC,ASO,ES,Federal Contract Tower,0,6,1,0,7,0,6,16,2,24,0,12,17,2,31,10,0,10,41
07/24/2012,GYH,SC,ASO,ES,Federal Contract Tower,0,4,3,2,9,0,30,15,0,45,0,34,18,2,54,42,0,42,96
07/25/2012,GYH,SC,ASO,ES,Federal Contract Tower,0,12,4,5,21,0,11,11,5,27,0,23,15,10,48,14,6,20,68
07/26/2012,GYH,SC,ASO,ES,Federal Contract Tower,0,18,2,0,20,0,29,13,8,50,0,47,15,8,70,22,2,24,94
07/27/2012,GYH,SC,ASO,ES,Federal Contract Tower,0,4,4,5,13,0,11,7,3,21,0,15,11,8,34,10,0,10,44
07/28/2012,GYH,SC,ASO,ES,Federal Contract Tower,0,2,4,0,6,0,0,11,2,13,0,2,15,2,19,10,8,18,37
07/29/2012,GYH,SC,ASO,ES,Federal Contract Tower,0,9,3,0,12,0,30,22,2,54,0,39,25,2,66,24,6,30,96
07/30/2012,GYH,SC,ASO,ES,Federal Contract Tower,0,8,0,1,9,0,13,9,0,22,0,21,9,1,31,16,0,16,47
07/31/2012,GYH,SC,ASO,ES,Federal Contract Tower,0,3,2,0,5,0,1,0,0,1,0,4,2,0,6,0,0,0,6
08/01/2012,GYH,SC,ASO,ES,Federal Contract Tower,0,8,6,5,19,0,7,23,0,30,0,15,29,5,49,12,0,12,61
08/02/2012,GYH,SC,ASO,ES,Federal Contract Tower,0,7,6,0,13,0,10,9,0,19,0,17,15,0,32,6,0,6,38
08/03/2012,GYH,SC,ASO,ES,Federal Contract Tower,0,13,5,0,18,0,13,4,0,17,0,26,9,0,35,26,0,26,61
08/04/2012,GYH,SC,ASO,ES,Federal Contract Tower,0,1,1,1,3,0,4,9,3,16,0,5,10,4,19,0,2,2,21
08/05/2012,GYH,SC,ASO,ES,Federal Contract Tower,0,5,3,0,8,0,8,8,0,16,0,13,11,0,24,0,0,0,24
08/06/2012,GYH,SC,ASO,ES,Federal Contract Tower,0,6,0,1,7,0,6,4,0,10,0,12,4,1,17,6,0,6,23
08/07/2012,GYH,SC,ASO,ES,Federal Contract Tower,0,7,0,4,11,0,0,0,1,1,0,7,0,5,12,0,0,0,12
08/08/2012,GYH,SC,ASO,ES,Federal Contract Tower,0,6,4,0,10,0,19,8,0,27,0,25,12,0,37,8,0,8,45
08/09/2012,GYH,SC,ASO,ES,Federal Contract Tower,0,7,0,1,8,0,10,7,0,17,0,17,7,1,25,0,0,0,25
08/10/2012,GYH,SC,ASO,ES,Federal Contract Tower,0,7,2,5,14,0,7,2,6,15,0,14,4,11,29,0,6,6,35
08/11/2012,GYH,SC,ASO,ES,Federal Contract Tower,0,3,0,0,3,0,12,38,0,50,0,15,38,0,53,0,0,0,53
08/12/2012,GYH,SC,ASO,ES,Federal Contract Tower,0,3,6,1,10,0,18,19,0,37,0,21,25,1,47,14,0,14,61
08/13/2012,GYH,SC,ASO,ES,Federal Contract Tower,0,6,1,0,7,0,26,14,1,41,0,32,15,1,48,30,0,30,78
08/14/2012,GYH,SC,ASO,ES,Federal Contract Tower,0,9,4,0,13,0,19,14,0,33,0,28,18,0,46,24,0,24,70
08/15/2012,GYH,SC,ASO,ES,Federal Contract Tower,0,13,3,10,26,0,13,4,4,21,0,26,7,14,47,0,10,10,57
08/16/2012,GYH,SC,ASO,ES,Federal Contract Tower,0,12,1,1,14,0,17,12,2,31,0,29,13,3,45,4,0,4,49
08/17/2012,GYH,SC,ASO,ES,Federal Contract Tower,0,13,1,0,14,0,8,20,2,30,0,21,21,2,44,22,0,22,66
08/18/2012,GYH,SC,ASO,ES,Federal Contract Tower,0,6,2,0,8,0,4,9,0,13,0,10,11,0,21,12,0,12,33
08/19/2012,GYH,SC,ASO,ES,Federal Contract Tower,0,10,4,0,14,0,5,7,2,14,0,15,11,2,28,0,0,0,28
08/20/2012,GYH,SC,ASO,ES,Federal Contract Tower,0,4,2,2,8,0,14,6,10,30,0,18,8,12,38,0,0,0,38
08/21/2012,GYH,SC,ASO,ES,Federal Contract Tower,0,7,1,2,10,0,10,10,2,22,0,17,11,4,32,4,0,4,36
08/22/2012,GYH,SC,ASO,ES,Federal Contract Tower,0,15,6,0,21,0,8,13,0,21,0,23,19,0,42,6,0,6,48
08/23/2012,GYH,SC,ASO,ES,Federal Contract Tower,0,3,4,5,12,0,18,12,8,38,0,21,16,13,50,48,8,56,106
08/24/2012,GYH,SC,ASO,ES,Federal Contract Tower,0,8,4,0,12,0,18,22,2,42,0,26,26,2,54,18,0,18,72
08/25/2012,GYH,SC,ASO,ES,Federal Contract Tower,0,5,11,0,16,0,36,25,0,61,0,41,36,0,77,64,0,64,141
08/26/2012,GYH,SC,ASO,ES,Federal Contract Tower,0,1,6,0,7,0,18,20,0,38,0,19,26,0,45,22,0,22,67
08/27/2012,GYH,SC,ASO,ES,Federal Contract Tower,0,3,0,2,5,0,18,9,10,37,0,21,9,12,42,14,40,54,96
08/28/2012,GYH,SC,ASO,ES,Federal Contract Tower,0,6,1,8,15,0,14,5,0,19,0,20,6,8,34,0,0,0,34
08/29/2012,GYH,SC,ASO,ES,Federal Contract Tower,0,9,2,2,13,0,6,6,4,16,0,15,8,6,29,10,4,14,43
08/30/2012,GYH,SC,ASO,ES,Federal Contract Tower,0,4,6,4,14,0,20,2,12,34,0,24,8,16,48,0,22,22,70
08/31/2012,GYH,SC,ASO,ES,Federal Contract Tower,0,2,3,0,5,0,17,10,8,35,0,19,13,8,40,8,0,8,48
09/01/2012,GYH,SC,ASO,ES,Federal Contract Tower,0,7,1,0,8,0,9,14,10,33,0,16,15,10,41,0,0,0,41
09/02/2012,GYH,SC,ASO,ES,Federal Contract Tower,0,2,0,0,2,0,18,12,0,30,0,20,12,0,32,8,0,8,40
09/03/2012,GYH,SC,ASO,ES,Federal Contract Tower,0,2,1,0,3,0,2,0,0,2,0,4,1,0,5,0,0,0,5
09/04/2012,GYH,SC,ASO,ES,Federal Contract Tower,0,9,4,2,15,0,0,2,0,2,0,9,6,2,17,6,0,6,23
09/05/2012,GYH,SC,ASO,ES,Federal Contract Tower,0,10,2,3,15,0,17,10,0,27,0,27,12,3,42,10,0,10,52
09/06/2012,GYH,SC,ASO,ES,Federal Contract Tower,0,4,3,2,9,0,10,7,6,23,0,14,10,8,32,34,20,54,86
09/07/2012,GYH,SC,ASO,ES,Federal Contract Tower,0,10,5,6,21,0,57,47,9,113,0,67,52,15,134,28,12,40,174
09/08/2012,GYH,SC,ASO,ES,Federal Contract Tower,0,6,0,0,6,0,14,13,2,29,0,20,13,2,35,4,2,6,41
09/09/2012,GYH,SC,ASO,ES,Federal Contract Tower,0,1,2,1,4,0,10,16,0,26,0,11,18,1,30,6,0,6,36
09/10/2012,GYH,SC,ASO,ES,Federal Contract Tower,0,13,2,3,18,0,8,6,1,15,0,21,8,4,33,0,0,0,33
09/11/2012,GYH,SC,ASO,ES,Federal Contract Tower,0,13,6,1,20,0,8,11,2,21,0,21,17,3,41,6,18,24,65
09/12/2012,GYH,SC,ASO,ES,Federal Contract Tower,0,10,2,0,12,0,25,17,4,46,0,35,19,4,58,6,26,32,90
09/13/2012,GYH,SC,ASO,ES,Federal Contract Tower,0,13,4,11,28,0,33,11,9,53,0,46,15,20,81,18,40,58,139
09/14/2012,GYH,SC,ASO,ES,Federal Contract Tower,0,4,0,2,6,0,46,16,2,64,0,50,16,4,70,10,4,14,84
09/15/2012,GYH,SC,ASO,ES,Federal Contract Tower,0,3,1,1,5,0,19,15,7,41,0,22,16,8,46,0,0,0,46
09/16/2012,GYH,SC,ASO,ES,Federal Contract Tower,0,3,10,0,13,0,8,12,0,20,0,11,22,0,33,6,0,6,39
09/17/2012,GYH,SC,ASO,ES,Federal Contract Tower,0,2,3,0,5,0,14,2,4,20,0,16,5,4,25,2,32,34,59
09/18/2012,GYH,SC,ASO,ES,Federal Contract Tower,0,5,2,0,7,0,0,2,0,2,0,5,4,0,9,0,0,0,9
09/19/2012,GYH,SC,ASO,ES,Federal Contract Tower,0,12,5,2,19,0,37,25,11,73,0,49,30,13,92,28,20,48,140
09/20/2012,GYH,SC,ASO,ES,Federal Contract Tower,0,9,0,4,13,0,41,25,10,76,0,50,25,14,89,6,16,22,111
09/21/2012,GYH,SC,ASO,ES,Federal Contract Tower,0,9,5,5,19,0,24,21,6,51,0,33,26,11,70,0,6,6,76
09/22/2012,GYH,SC,ASO,ES,Federal Contract Tower,0,5,5,0,10,0,6,11,6,23,0,11,16,6,33,8,0,8,41
09/23/2012,GYH,SC,ASO,ES,Federal Contract Tower,0,5,13,12,30,0,8,15,4,27,0,13,28,16,57,8,12,20,77
09/24/2012,GYH,SC,ASO,ES,Federal Contract Tower,0,24,7,6,37,0,34,12,8,54,0,58,19,14,91,12,4,16,107
09/25/2012,GYH,SC,ASO,ES,Federal Contract Tower,0,12,2,4,18,0,11,15,0,26,0,23,17,4,44,16,12,28,72
09/26/2012,GYH,SC,ASO,ES,Federal Contract Tower,0,13,0,0,13,0,18,16,4,38,0,31,16,4,51,10,0,10,61
09/27/2012,GYH,SC,ASO,ES,Federal Contract Tower,0,8,2,1,11,0,9,24,11,44,0,17,26,12,55,24,0,24,79
09/28/2012,GYH,SC,ASO,ES,Federal Contract Tower,0,10,19,0,29,0,38,19,0,57,0,48,38,0,86,8,0,8,94
09/29/2012,GYH,SC,ASO,ES,Federal Contract Tower,0,14,11,0,25,0,25,5,0,30,0,39,16,0,55,0,0,0,55
09/30/2012,GYH,SC,ASO,ES,Federal Contract Tower,0,5,15,0,20,0,0,11,0,11,0,5,26,0,31,16,0,16,47
10/01/2012,GYH,SC,ASO,ES,Federal Contract Tower,0,9,2,0,11,0,0,0,0,0,0,9,2,0,11,0,0,0,11
10/02/2012,GYH,SC,ASO,ES,Federal Contract Tower,0,4,11,7,22,0,4,4,7,15,0,8,15,14,37,0,22,22,59
10/03/2012,GYH,SC,ASO,ES,Federal Contract Tower,0,10,5,2,17,0,4,18,1,23,0,14,23,3,40,20,0,20,60
10/04/2012,GYH,SC,ASO,ES,Federal Contract Tower,0,6,5,0,11,0,22,15,2,39,0,28,20,2,50,14,2,16,66
10/05/2012,GYH,SC,ASO,ES,Federal Contract Tower,0,11,3,0,14,0,39,12,2,53,0,50,15,2,67,34,4,38,105
10/06/2012,GYH,SC,ASO,ES,Federal Contract Tower,0,3,4,0,7,0,26,22,0,48,0,29,26,0,55,38,0,38,93
10/07/2012,GYH,SC,ASO,ES,Federal Contract Tower,0,4,2,0,6,0,1,5,0,6,0,5,7,0,12,0,0,0,12
10/08/2012,GYH,SC,ASO,ES,Federal Contract Tower,0,9,2,0,11,0,26,9,0,35,0,35,11,0,46,68,0,68,114
10/09/2012,GYH,SC,ASO,ES,Federal Contract Tower,0,13,4,7,24,0,12,11,4,27,0,25,15,11,51,20,32,52,103
10/10/2012,GYH,SC,ASO,ES,Federal Contract Tower,0,6,2,0,8,0,24,12,6,42,0,30,14,6,50,6,0,6,56
10/11/2012,GYH,SC,ASO,ES,Federal Contract Tower,0,11,1,1,13,0,32,6,11,49,0,43,7,12,62,14,32,46,108
10/12/2012,GYH,SC,ASO,ES,Federal Contract Tower,0,5,6,2,13,0,19,37,6,62,0,24,43,8,75,20,0,20,95
10/13/2012,GYH,SC,ASO,ES,Federal Contract Tower,0,8,1,0,9,0,14,17,4,35,0,22,18,4,44,16,4,20,64
10/14/2012,GYH,SC,ASO,ES,Federal Contract Tower,0,6,4,0,10,0,18,17,0,35,0,24,21,0,45,2,0,2,47
10/15/2012,GYH,SC,ASO,ES,Federal Contract Tower,0,11,6,7,24,0,14,3,1,18,0,25,9,8,42,2,0,2,44
10/16/2012,GYH,SC,ASO,ES,Federal Contract Tower,0,12,10,4,26,0,46,21,0,67,0,58,31,4,93,4,0,4,97
10/17/2012,GYH,SC,ASO,ES,Federal Contract Tower,0,17,3,3,23,0,17,13,16,46,0,34,16,19,69,20,6,26,95
10/18/2012,GYH,SC,ASO,ES,Federal Contract Tower,0,14,2,5,21,0,6,1,7,14,0,20,3,12,35,2,8,10,45
10/19/2012,GYH,SC,ASO,ES,Federal Contract Tower,0,5,2,5,12,0,8,25,4,37,0,13,27,9,49,28,0,28,77
10/20/2012,GYH,SC,ASO,ES,Federal Contract Tower,0,9,5,0,14,0,9,23,0,32,0,18,28,0,46,14,0,14,60
10/21/2012,GYH,SC,ASO,ES,Federal Contract Tower,0,6,1,1,8,0,12,18,0,30,0,18,19,1,38,2,0,2,40
10/22/2012,GYH,SC,ASO,ES,Federal Contract Tower,0,11,6,9,26,0,22,23,1,46,0,33,29,10,72,42,4,46,118
10/23/2012,GYH,SC,ASO,ES,Federal Contract Tower,0,6,6,0,12,0,6,20,5,31,0,12,26,5,43,38,0,38,81
10/24/2012,GYH,SC,ASO,ES,Federal Contract Tower,0,5,0,0,5,0,26,14,2,42,0,31,14,2,47,0,12,12,59
10/25/2012,GYH,SC,ASO,ES,Federal Contract Tower,0,10,4,1,15,0,29,23,0,52,0,39,27,1,67,32,0,32,99
10/26/2012,GYH,SC,ASO,ES,Federal Contract Tower,0,11,11,1,23,0,15,9,0,24,0,26,20,1,47,12,0,12,59
10/27/2012,GYH,SC,ASO,ES,Federal Contract Tower,0,3,3,0,6,0,4,23,0,27,0,7,26,0,33,24,0,24,57
10/28/2012,GYH,SC,ASO,ES,Federal Contract Tower,0,10,14,0,24,0,23,3,6,32,0,33,17,6,56,0,0,0,56
10/29/2012,GYH,SC,ASO,ES,Federal Contract Tower,0,4,1,2,7,0,19,1,0,20,0,23,2,2,27,0,0,0,27
10/30/2012,GYH,SC,ASO,ES,Federal Contract Tower,0,4,1,0,5,0,15,4,0,19,0,19,5,0,24,4,0,4,28
10/31/2012,GYH,SC,ASO,ES,Federal Contract Tower,0,5,0,0,5,0,17,8,3,28,0,22,8,3,33,12,0,12,45
11/01/2012,GYH,SC,ASO,ES,Federal Contract Tower,0,11,2,5,18,0,24,12,16,52,0,35,14,21,70,14,28,42,112
11/02/2012,GYH,SC,ASO,ES,Federal Contract Tower,0,7,1,0,8,0,26,12,0,38,0,33,13,0,46,10,0,10,56
11/03/2012,GYH,SC,ASO,ES,Federal Contract Tower,0,4,3,0,7,0,11,25,3,39,0,15,28,3,46,64,4,68,114
11/04/2012,GYH,SC,ASO,ES,Federal Contract Tower,0,5,2,0,7,0,13,9,0,22,0,18,11,0,29,10,0,10,39
11/05/2012,GYH,SC,ASO,ES,Federal Contract Tower,0,4,6,4,14,0,8,7,0,15,0,12,13,4,29,6,0,6,35
11/06/2012,GYH,SC,ASO,ES,Federal Contract Tower,0,19,0,0,19,0,6,2,0,8,0,25,2,0,27,8,0,8,35
11/07/2012,GYH,SC,ASO,ES,Federal Contract Tower,0,8,3,3,14,0,7,0,0,7,0,15,3,3,21,0,0,0,21
11/08/2012,GYH,SC,ASO,ES,Federal Contract Tower,0,9,2,3,14,0,43,16,5,64,0,52,18,8,78,12,8,20,98
11/09/2012,GYH,SC,ASO,ES,Federal Contract Tower,0,3,0,2,5,0,27,21,6,54,0,30,21,8,59,8,10,18,77
11/10/2012,GYH,SC,ASO,ES,Federal Contract Tower,0,1,0,4,5,0,25,21,10,56,0,26,21,14,61,16,0,16,77
11/11/2012,GYH,SC,ASO,ES,Federal Contract Tower,0,3,6,0,9,0,19,6,0,25,0,22,12,0,34,0,0,0,34
11/12/2012,GYH,SC,ASO,ES,Federal Contract Tower,0,10,0,0,10,0,4,1,0,5,0,14,1,0,15,0,0,0,15
11/13/2012,GYH,SC,ASO,ES,Federal Contract Tower,0,10,8,1,19,0,6,7,0,13,0,16,15,1,32,2,0,2,34
11/14/2012,GYH,SC,ASO,ES,Federal Contract Tower,0,6,0,2,8,0,16,9,0,25,0,22,9,2,33,4,0,4,37
11/15/2012,GYH,SC,ASO,ES,Federal Contract Tower,0,5,2,2,9,0,27,10,1,38,0,32,12,3,47,8,0,8,55
11/16/2012,GYH,SC,ASO,ES,Federal Contract Tower,0,8,5,2,15,0,13,29,5,47,0,21,34,7,62,30,6,36,98
11/17/2012,GYH,SC,ASO,ES,Federal Contract Tower,0,4,9,0,13,0,33,2,2,37,0,37,11,2,50,8,0,8,58
11/18/2012,GYH,SC,ASO,ES,Federal Contract Tower,0,2,3,0,5,0,0,7,0,7,0,2,10,0,12,8,0,8,20
11/19/2012,GYH,SC,ASO,ES,Federal Contract Tower,0,5,0,10,15,0,12,9,16,37,0,17,9,26,52,6,42,48,100
11/20/2012,GYH,SC,ASO,ES,Federal Contract Tower,0,4,5,3,12,0,37,13,2,52,0,41,18,5,64,42,0,42,106
11/21/2012,GYH,SC,ASO,ES,Federal Contract Tower,0,5,16,0,21,0,20,17,0,37,0,25,33,0,58,12,0,12,70
11/22/2012,GYH,SC,ASO,ES,Federal Contract Tower,0,3,6,0,9,0,1,12,0,13,0,4,18,0,22,22,0,22,44
11/23/2012,GYH,SC,ASO,ES,Federal Contract Tower,0,4,1,0,5,0,12,20,0,32,0,16,21,0,37,24,0,24,61
11/24/2012,GYH,SC,ASO,ES,Federal Contract Tower,0,1,2,0,3,0,0,18,0,18,0,1,20,0,21,10,0,10,31
11/25/2012,GYH,SC,ASO,ES,Federal Contract Tower,0,8,10,0,18,0,19,18,0,37,0,27,28,0,55,14,0,14,69
11/26/2012,GYH,SC,ASO,ES,Federal Contract Tower,0,4,0,0,4,0,35,12,0,47,0,39,12,0,51,6,0,6,57
11/27/2012,GYH,SC,ASO,ES,Federal Contract Tower,0,13,0,2,15,0,16,7,12,35,0,29,7,14,50,0,0,0,50
11/28/2012,GYH,SC,ASO,ES,Federal Contract Tower,0,18,4,2,24,0,19,1,5,25,0,37,5,7,49,0,0,0,49
11/29/2012,GYH,SC,ASO,ES,Federal Contract Tower,0,7,2,7,16,0,28,20,2,50,0,35,22,9,66,24,0,24,90
11/30/2012,GYH,SC,ASO,ES,Federal Contract Tower,0,7,0,0,7,0,18,11,7,36,0,25,11,7,43,8,2,10,53
12/01/2012,GYH,SC,ASO,ES,Federal Contract Tower,0,3,1,1,5,0,20,10,12,42,0,23,11,13,47,2,18,20,67
12/02/2012,GYH,SC,ASO,ES,Federal Contract Tower,0,9,3,0,12,0,26,20,0,46,0,35,23,0,58,12,0,12,70
12/03/2012,GYH,SC,ASO,ES,Federal Contract Tower,0,11,0,2,13,0,17,4,0,21,0,28,4,2,34,0,0,0,34
12/04/2012,GYH,SC,ASO,ES,Federal Contract Tower,0,9,3,3,15,0,29,16,4,49,0,38,19,7,64,10,0,10,74
12/05/2012,GYH,SC,ASO,ES,Federal Contract Tower,0,7,4,6,17,0,11,10,2,23,0,18,14,8,40,4,10,14,54
12/06/2012,GYH,SC,ASO,ES,Federal Contract Tower,0,3,1,4,8,0,34,8,12,54,0,37,9,16,62,22,8,30,92
12/07/2012,GYH,SC,ASO,ES,Federal Contract Tower,0,15,6,6,27,0,19,3,12,34,0,34,9,18,61,0,26,26,87
12/08/2012,GYH,SC,ASO,ES,Federal Contract Tower,0,0,9,0,9,0,6,26,0,32,0,6,35,0,41,30,0,30,71
12/09/2012,GYH,SC,ASO,ES,Federal Contract Tower,0,5,5,0,10,0,16,9,0,25,0,21,14,0,35,6,0,6,41
12/10/2012,GYH,SC,ASO,ES,Federal Contract Tower,0,3,0,0,3,0,0,0,0,0,0,3,0,0,3,0,0,0,3
12/11/2012,GYH,SC,ASO,ES,Federal Contract Tower,0,12,0,5,17,0,24,9,0,33,0,36,9,5,50,10,0,10,60
12/12/2012,GYH,SC,ASO,ES,Federal Contract Tower,0,12,2,6,20,0,45,3,11,59,0,57,5,17,79,4,32,36,115
12/13/2012,GYH,SC,ASO,ES,Federal Contract Tower,0,8,10,9,27,0,11,13,5,29,0,19,23,14,56,12,16,28,84
12/14/2012,GYH,SC,ASO,ES,Federal Contract Tower,0,4,2,12,18,0,13,23,8,44,0,17,25,20,62,10,4,14,76
12/15/2012,GYH,SC,ASO,ES,Federal Contract Tower,0,0,4,0,4,0,32,6,4,42,0,32,10,4,46,6,0,6,52
12/16/2012,GYH,SC,ASO,ES,Federal Contract Tower,0,1,2,0,3,0,0,0,0,0,0,1,2,0,3,0,0,0,3
12/17/2012,GYH,SC,ASO,ES,Federal Contract Tower,0,11,4,2,17,0,5,0,0,5,0,16,4,2,22,0,0,0,22
12/18/2012,GYH,SC,ASO,ES,Federal Contract Tower,0,6,1,9,16,0,13,18,7,38,0,19,19,16,54,12,20,32,86
12/19/2012,GYH,SC,ASO,ES,Federal Contract Tower,0,5,2,1,8,0,25,6,12,43,0,30,8,13,51,2,0,2,53
12/20/2012,GYH,SC,ASO,ES,Federal Contract Tower,0,6,1,4,11,0,8,0,0,8,0,14,1,4,19,0,0,0,19
12/21/2012,GYH,SC,ASO,ES,Federal Contract Tower,0,4,1,5,10,0,44,2,11,57,0,48,3,16,67,0,10,10,77
12/22/2012,GYH,SC,ASO,ES,Federal Contract Tower,0,2,5,0,7,0,17,9,0,26,0,19,14,0,33,20,0,20,53
12/23/2012,GYH,SC,ASO,ES,Federal Contract Tower,0,3,0,0,3,0,18,6,0,24,0,21,6,0,27,2,0,2,29
12/24/2012,GYH,SC,ASO,ES,Federal Contract Tower,0,1,5,0,6,0,0,0,0,0,0,1,5,0,6,0,0,0,6
12/25/2012,GYH,SC,ASO,ES,Federal Contract Tower,0,2,1,0,3,0,0,0,0,0,0,2,1,0,3,0,0,0,3
12/26/2012,GYH,SC,ASO,ES,Federal Contract Tower,0,8,2,0,10,0,0,0,0,0,0,8,2,0,10,0,0,0,10
12/27/2012,GYH,SC,ASO,ES,Federal Contract Tower,0,5,7,0,12,0,8,25,0,33,0,13,32,0,45,28,0,28,73
12/28/2012,GYH,SC,ASO,ES,Federal Contract Tower,0,3,5,1,9,0,15,21,1,37,0,18,26,2,46,24,0,24,70
12/29/2012,GYH,SC,ASO,ES,Federal Contract Tower,0,1,1,0,2,0,8,0,0,8,0,9,1,0,10,0,0,0,10
12/30/2012,GYH,SC,ASO,ES,Federal Contract Tower,0,3,1,0,4,0,12,13,0,25,0,15,14,0,29,14,0,14,43
12/31/2012,GYH,SC,ASO,ES,Federal Contract Tower,0,1,3,0,4,0,28,4,0,32,0,29,7,0,36,0,0,0,36
01/01/2013,GYH,SC,ASO,ES,Federal Contract Tower,0,4,0,0,4,0,2,0,0,2,0,6,0,0,6,0,0,0,6
01/02/2013,GYH,SC,ASO,ES,Federal Contract Tower,0,3,3,0,6,0,9,5,0,14,0,12,8,0,20,8,0,8,28
01/03/2013,GYH,SC,ASO,ES,Federal Contract Tower,0,10,0,0,10,0,32,0,0,32,0,42,0,0,42,22,0,22,64
01/04/2013,GYH,SC,ASO,ES,Federal Contract Tower,0,10,0,0,10,0,39,12,8,59,0,49,12,8,69,16,0,16,85
01/05/2013,GYH,SC,ASO,ES,Federal Contract Tower,0,5,2,0,7,0,10,7,0,17,0,15,9,0,24,20,0,20,44
01/06/2013,GYH,SC,ASO,ES,Federal Contract Tower,0,1,0,0,1,0,13,23,2,38,0,14,23,2,39,40,0,40,79
01/07/2013,GYH,SC,ASO,ES,Federal Contract Tower,0,3,2,2,7,0,10,15,0,25,0,13,17,2,32,40,0,40,72
01/08/2013,GYH,SC,ASO,ES,Federal Contract Tower,0,14,3,1,18,0,29,16,11,56,0,43,19,12,74,18,34,52,126
01/09/2013,GYH,SC,ASO,ES,Federal Contract Tower,0,6,1,0,7,0,20,16,20,56,0,26,17,20,63,12,18,30,93
01/10/2013,GYH,SC,ASO,ES,Federal Contract Tower,0,7,3,11,21,0,28,18,22,68,0,35,21,33,89,10,24,34,123
01/11/2013,GYH,SC,ASO,ES,Federal Contract Tower,0,5,6,1,12,0,0,0,0,0,0,5,6,1,12,0,0,0,12
01/12/2013,GYH,SC,ASO,ES,Federal Contract Tower,0,3,0,5,8,0,23,12,0,35,0,26,12,5,43,18,0,18,61
01/13/2013,GYH,SC,ASO,ES,Federal Contract Tower,0,4,0,2,6,0,12,2,8,22,0,16,2,10,28,12,2,14,42
01/14/2013,GYH,SC,ASO,ES,Federal Contract Tower,0,10,0,7,17,0,0,2,2,4,0,10,2,9,21,6,0,6,27
01/15/2013,GYH,SC,ASO,ES,Federal Contract Tower,0,3,0,1,4,0,0,0,0,0,0,3,0,1,4,0,0,0,4
01/16/2013,GYH,SC,ASO,ES,Federal Contract Tower,0,7,4,6,17,0,0,0,0,0,0,7,4,6,17,0,0,0,17
01/17/2013,GYH,SC,ASO,ES,Federal Contract Tower,0,6,0,0,6,0,0,0,0,0,0,6,0,0,6,0,0,0,6
01/18/2013,GYH,SC,ASO,ES,Federal Contract Tower,0,9,1,2,12,0,17,23,1,41,0,26,24,3,53,14,0,14,67
01/19/2013,GYH,SC,ASO,ES,Federal Contract Tower,0,7,4,3,14,0,12,26,1,39,0,19,30,4,53,50,10,60,113
01/20/2013,GYH,SC,ASO,ES,Federal Contract Tower,0,9,1,2,12,0,15,19,0,34,0,24,20,2,46,14,0,14,60
01/21/2013,GYH,SC,ASO,ES,Federal Contract Tower,0,3,0,1,4,0,24,18,0,42,0,27,18,1,46,28,0,28,74
01/22/2013,GYH,SC,ASO,ES,Federal Contract Tower,0,11,5,10,26,0,39,13,4,56,0,50,18,14,82,20,14,34,116
01/23/2013,GYH,SC,ASO,ES,Federal Contract Tower,0,6,9,0,15,0,25,26,4,55,0,31,35,4,70,36,2,38,108
01/24/2013,GYH,SC,ASO,ES,Federal Contract Tower,0,7,1,13,21,0,16,12,27,55,0,23,13,40,76,14,20,34,110
01/25/2013,GYH,SC,ASO,ES,Federal Contract Tower,0,3,0,0,3,0,4,0,0,4,0,7,0,0,7,0,0,0,7
01/26/2013,GYH,SC,ASO,ES,Federal Contract Tower,0,13,3,6,22,0,15,10,0,25,0,28,13,6,47,0,0,0,47
01/27/2013,GYH,SC,ASO,ES,Federal Contract Tower,0,0,11,0,11,0,16,25,0,41,0,16,36,0,52,32,0,32,84
01/28/2013,GYH,SC,ASO,ES,Federal Contract Tower,0,6,2,1,9,0,6,0,0,6,0,12,2,1,15,0,0,0,15
01/29/2013,GYH,SC,ASO,ES,Federal Contract Tower,0,8,3,2,13,0,16,15,0,31,0,24,18,2,44,14,0,14,58
01/30/2013,GYH,SC,ASO,ES,Federal Contract Tower,0,4,0,0,4,0,1,0,0,1,0,5,0,0,5,0,0,0,5
01/31/2013,GYH,SC,ASO,ES,Federal Contract Tower,0,8,2,10,20,0,5,5,19,29,0,13,7,29,49,0,6,6,55
02/01/2013,GYH,SC,ASO,ES,Federal Contract Tower,0,8,1,0,9,0,22,8,4,34,0,30,9,4,43,10,0,10,53
02/02/2013,GYH,SC,ASO,ES,Federal Contract Tower,0,2,7,0,9,0,8,12,0,20,0,10,19,0,29,8,0,8,37
02/03/2013,GYH,SC,ASO,ES,Federal Contract Tower,0,1,1,0,2,0,15,11,0,26,0,16,12,0,28,36,0,36,64
02/04/2013,GYH,SC,ASO,ES,Federal Contract Tower,0,9,1,2,12,0,24,11,1,36,0,33,12,3,48,0,20,20,68
02/05/2013,GYH,SC,ASO,ES,Federal Contract Tower,0,3,3,2,8,0,11,10,2,23,0,14,13,4,31,24,0,24,55
02/06/2013,GYH,SC,ASO,ES,Federal Contract Tower,0,9,4,2,15,0,31,20,4,55,0,40,24,6,70,26,10,36,106
02/07/2013,GYH,SC,ASO,ES,Federal Contract Tower,0,2,1,1,4,0,10,0,0,10,0,12,1,1,14,0,0,0,14
02/08/2013,GYH,SC,ASO,ES,Federal Contract Tower,0,3,2,1,6,0,20,10,6,36,0,23,12,7,42,0,0,0,42
02/09/2013,GYH,SC,ASO,ES,Federal Contract Tower,0,4,3,0,7,0,26,12,8,46,0,30,15,8,53,0,0,0,53
02/10/2013,GYH,SC,ASO,ES,Federal Contract Tower,0,4,5,0,9,0,4,8,2,14,0,8,13,2,23,4,0,4,27
02/11/2013,GYH,SC,ASO,ES,Federal Contract Tower,0,6,0,0,6,0,0,0,0,0,0,6,0,0,6,0,0,0,6
02/12/2013,GYH,SC,ASO,ES,Federal Contract Tower,0,4,0,3,7,0,6,12,5,23,0,10,12,8,30,60,22,82,112
02/13/2013,GYH,SC,ASO,ES,Federal Contract Tower,0,7,4,1,12,0,12,0,3,15,0,19,4,4,27,0,0,0,27
02/14/2013,GYH,SC,ASO,ES,Federal Contract Tower,0,13,1,1,15,0,4,11,7,22,0,17,12,8,37,0,0,0,37
02/15/2013,GYH,SC,ASO,ES,Federal Contract Tower,0,4,2,0,6,0,16,18,0,34,0,20,20,0,40,8,0,8,48
02/16/2013,GYH,SC,ASO,ES,Federal Contract Tower,0,1,2,0,3,0,2,2,0,4,0,3,4,0,7,0,0,0,7
02/17/2013,GYH,SC,ASO,ES,Federal Contract Tower,0,5,3,0,8,0,18,21,0,39,0,23,24,0,47,8,0,8,55
02/18/2013,GYH,SC,ASO,ES,Federal Contract Tower,0,4,2,0,6,0,42,12,0,54,0,46,14,0,60,14,0,14,74
02/19/2013,GYH,SC,ASO,ES,Federal Contract Tower,0,2,0,1,3,0,0,0,1,1,0,2,0,2,4,0,4,4,8
02/20/2013,GYH,SC,ASO,ES,Federal Contract Tower,0,6,0,2,8,0,18,14,4,36,0,24,14,6,44,26,0,26,70
02/21/2013,GYH,SC,ASO,ES,Federal Contract Tower,0,5,2,0,7,0,15,17,14,46,0,20,19,14,53,14,0,14,67
02/22/2013,GYH,SC,ASO,ES,Federal Contract Tower,0,9,2,3,14,0,0,0,0,0,0,9,2,3,14,0,0,0,14
02/23/2013,GYH,SC,ASO,ES,Federal Contract Tower,0,4,4,0,8,0,0,0,0,0,0,4,4,0,8,0,0,0,8
02/24/2013,GYH,SC,ASO,ES,Federal Contract Tower,0,2,9,0,11,0,10,33,4,47,0,12,42,4,58,40,0,40,98
02/25/2013,GYH,SC,ASO,ES,Federal Contract Tower,0,12,1,1,14,0,3,2,0,5,0,15,3,1,19,0,0,0,19
02/26/2013,GYH,SC,ASO,ES,Federal Contract Tower,0,9,0,2,11,0,0,0,0,0,0,9,0,2,11,0,0,0,11
02/27/2013,GYH,SC,ASO,ES,Federal Contract Tower,0,5,1,4,10,0,38,12,4,54,0,43,13,8,64,40,4,44,108
02/28/2013,GYH,SC,ASO,ES,Federal Contract Tower,0,5,1,7,13,0,12,13,31,56,0,17,14,38,69,42,50,92,161
03/01/2013,GYH,SC,ASO,ES,Federal Contract Tower,0,16,2,0,18,0,14,11,0,25,0,30,13,0,43,14,0,14,57
03/02/2013,GYH,SC,ASO,ES,Federal Contract Tower,0,8,0,0,8,0,14,6,0,20,0,22,6,0,28,6,0,6,34
03/03/2013,GYH,SC,ASO,ES,Federal Contract Tower,0,9,6,0,15,0,8,27,0,35,0,17,33,0,50,18,0,18,68
03/04/2013,GYH,SC,ASO,ES,Federal Contract Tower,0,11,3,4,18,0,16,15,16,47,0,27,18,20,65,16,20,36,101
03/05/2013,GYH,SC,ASO,ES,Federal Contract Tower,0,5,4,2,11,0,6,4,9,19,0,11,8,11,30,0,12,12,42
03/06/2013,GYH,SC,ASO,ES,Federal Contract Tower,0,2,1,0,3,0,18,10,2,30,0,20,11,2,33,0,0,0,33
03/07/2013,GYH,SC,ASO,ES,Federal Contract Tower,0,11,13,7,31,0,13,27,10,50,0,24,40,17,81,18,0,18,99
03/08/2013,GYH,SC,ASO,ES,Federal Contract Tower,0,3,3,0,6,0,27,13,0,40,0,30,16,0,46,8,0,8,54
03/09/2013,GYH,SC,ASO,ES,Federal Contract Tower,0,5,2,0,7,0,27,18,0,45,0,32,20,0,52,18,0,18,70
03/10/2013,GYH,SC,ASO,ES,Federal Contract Tower,0,7,4,0,11,0,42,26,0,68,0,49,30,0,79,32,0,32,111
03/11/2013,GYH,SC,ASO,ES,Federal Contract Tower,0,5,0,2,7,0,4,2,2,8,0,9,2,4,15,6,0,6,21
03/12/2013,GYH,SC,ASO,ES,Federal Contract Tower,0,4,5,4,13,0,13,6,24,43,0,17,11,28,56,0,8,8,64
03/13/2013,GYH,SC,ASO,ES,Federal Contract Tower,0,3,6,3,12,0,7,13,2,22,0,10,19,5,34,8,0,8,42
03/14/2013,GYH,SC,ASO,ES,Federal Contract Tower,0,1,2,0,3,0,25,14,8,47,0,26,16,8,50,28,0,28,78
03/15/2013,GYH,SC,ASO,ES,Federal Contract Tower,0,14,4,0,18,0,5,16,0,21,0,19,20,0,39,16,0,16,55
03/16/2013,GYH,SC,ASO,ES,Federal Contract Tower,0,4,0,0,4,0,30,4,0,34,0,34,4,0,38,0,0,0,38
03/17/2013,GYH,SC,ASO,ES,Federal Contract Tower,0,5,4,0,9,0,38,19,0,57,0,43,23,0,66,16,0,16,82
03/18/2013,GYH,SC,ASO,ES,Federal Contract Tower,0,5,1,0,6,0,0,0,0,0,0,5,1,0,6,0,0,0,6
03/19/2013,GYH,SC,ASO,ES,Federal Contract Tower,0,7,2,0,9,0,30,12,15,57,0,37,14,15,66,8,2,10,76
03/20/2013,GYH,SC,ASO,ES,Federal Contract Tower,0,21,1,1,23,0,47,11,7,65,0,68,12,8,88,0,0,0,88
03/21/2013,GYH,SC,ASO,ES,Federal Contract Tower,0,7,4,7,18,0,4,13,10,27,0,11,17,17,45,16,0,16,61
03/22/2013,GYH,SC,ASO,ES,Federal Contract Tower,0,8,0,0,8,0,8,3,8,19,0,16,3,8,27,0,0,0,27
03/23/2013,GYH,SC,ASO,ES,Federal Contract Tower,0,1,0,0,1,0,0,0,0,0,0,1,0,0,1,0,0,0,1
03/24/2013,GYH,SC,ASO,ES,Federal Contract Tower,0,0,3,0,3,0,0,0,0,0,0,0,3,0,3,0,0,0,3
03/25/2013,GYH,SC,ASO,ES,Federal Contract Tower,0,8,3,0,11,0,19,2,0,21,0,27,5,0,32,0,0,0,32
03/26/2013,GYH,SC,ASO,ES,Federal Contract Tower,0,5,9,1,15,0,35,16,5,56,0,40,25,6,71,14,0,14,85
03/27/2013,GYH,SC,ASO,ES,Federal Contract Tower,0,7,8,6,21,0,6,20,8,34,0,13,28,14,55,24,0,24,79
03/28/2013,GYH,SC,ASO,ES,Federal Contract Tower,0,9,5,2,16,0,14,18,7,39,0,23,23,9,55,22,0,22,77
03/29/2013,GYH,SC,ASO,ES,Federal Contract Tower,0,4,0,4,8,0,16,15,0,31,0,20,15,4,39,10,0,10,49
03/30/2013,GYH,SC,ASO,ES,Federal Contract Tower,0,0,5,0,5,0,18,24,0,42,0,18,29,0,47,16,0,16,63
03/31/2013,GYH,SC,ASO,ES,Federal Contract Tower,0,2,1,0,3,0,16,1,0,17,0,18,2,0,20,0,0,0,20
04/01/2013,GYH,SC,ASO,ES,Federal Contract Tower,0,4,0,1,5,0,26,5,1,32,0,30,5,2,37,8,0,8,45
04/02/2013,GYH,SC,ASO,ES,Federal Contract Tower,0,9,1,0,10,0,10,7,3,20,0,19,8,3,30,18,0,18,48
04/03/2013,GYH,SC,ASO,ES,Federal Contract Tower,0,11,14,0,25,0,33,26,0,59,0,44,40,0,84,36,0,36,120
04/04/2013,GYH,SC,ASO,ES,Federal Contract Tower,0,4,0,0,4,0,0,4,0,4,0,4,4,0,8,0,0,0,8
04/05/2013,GYH,SC,ASO,ES,Federal Contract Tower,0,3,2,1,6,0,8,19,3,30,0,11,21,4,36,4,0,4,40
04/06/2013,GYH,SC,ASO,ES,Federal Contract Tower,0,4,3,0,7,0,26,33,4,63,0,30,36,4,70,0,2,2,72
04/07/2013,GYH,SC,ASO,ES,Federal Contract Tower,0,5,9,2,16,0,14,21,0,35,0,19,30,2,51,4,0,4,55
04/08/2013,GYH,SC,ASO,ES,Federal Contract Tower,0,6,1,0,7,0,17,15,0,32,0,23,16,0,39,32,0,32,71
04/09/2013,GYH,SC,ASO,ES,Federal Contract Tower,0,6,1,2,9,0,25,14,1,40,0,31,15,3,49,10,0,10,59
04/10/2013,GYH,SC,ASO,ES,Federal Contract Tower,0,14,2,6,22,0,8,13,2,23,0,22,15,8,45,2,14,16,61
04/11/2013,GYH,SC,ASO,ES,Federal Contract Tower,0,8,6,1,15,0,6,1,0,7,0,14,7,1,22,0,0,0,22
04/12/2013,GYH,SC,ASO,ES,Federal Contract Tower,0,5,1,2,8,0,12,0,0,12,0,17,1,2,20,0,0,0,20
04/13/2013,GYH,SC,ASO,ES,Federal Contract Tower,0,0,1,0,1,0,20,24,4,48,0,20,25,4,49,10,0,10,59
04/14/2013,GYH,SC,ASO,ES,Federal Contract Tower,0,1,4,1,6,0,14,23,0,37,0,15,27,1,43,32,0,32,75
04/15/2013,GYH,SC,ASO,ES,Federal Contract Tower,0,5,6,3,14,0,0,6,0,6,0,5,12,3,20,2,0,2,22
04/16/2013,GYH,SC,ASO,ES,Federal Contract Tower,0,13,3,6,22,0,14,4,0,18,0,27,7,6,40,22,4,26,66
04/17/2013,GYH,SC,ASO,ES,Federal Contract Tower,0,11,11,4,26,0,12,10,4,26,0,23,21,8,52,8,2,10,62
04/18/2013,GYH,SC,ASO,ES,Federal Contract Tower,0,8,2,2,12,0,20,8,11,39,0,28,10,13,51,16,0,16,67
04/19/2013,GYH,SC,ASO,ES,Federal Contract Tower,0,6,2,0,8,0,0,0,0,0,0,6,2,0,8,0,0,0,8
04/20/2013,GYH,SC,ASO,ES,Federal Contract Tower,0,7,3,0,10,0,12,24,2,38,0,19,27,2,48,50,0,50,98
04/21/2013,GYH,SC,ASO,ES,Federal Contract Tower,0,1,2,0,3,0,11,10,0,21,0,12,12,0,24,0,0,0,24
04/22/2013,GYH,SC,ASO,ES,Federal Contract Tower,0,8,3,0,11,0,42,7,0,49,0,50,10,0,60,26,0,26,86
04/23/2013,GYH,SC,ASO,ES,Federal Contract Tower,0,13,6,0,19,0,25,14,8,47,0,38,20,8,66,64,2,66,132
04/24/2013,GYH,SC,ASO,ES,Federal Contract Tower,0,8,0,1,9,0,16,16,2,34,0,24,16,3,43,0,2,2,45
04/25/2013,GYH,SC,ASO,ES,Federal Contract Tower,0,9,7,0,16,0,22,15,26,63,0,31,22,26,79,10,10,20,99
04/26/2013,GYH,SC,ASO,ES,Federal Contract Tower,0,5,3,0,8,0,22,30,24,76,0,27,33,24,84,34,14,48,132
04/27/2013,GYH,SC,ASO,ES,Federal Contract Tower,0,0,2,0,2,0,0,1,0,1,0,0,3,0,3,0,0,0,3
04/28/2013,GYH,SC,ASO,ES,Federal Contract Tower,0,8,3,0,11,0,0,0,0,0,0,8,3,0,11,0,0,0,11
04/29/2013,GYH,SC,ASO,ES,Federal Contract Tower,0,9,7,0,16,0,5,11,0,16,0,14,18,0,32,20,0,20,52
04/30/2013,GYH,SC,ASO,ES,Federal Contract Tower,0,12,7,0,19,0,9,6,2,17,0,21,13,2,36,28,0,28,64
05/01/2013,GYH,SC,ASO,ES,Federal Contract Tower,0,10,4,4,18,0,19,4,1,24,0,29,8,5,42,6,0,6,48
05/02/2013,GYH,SC,ASO,ES,Federal Contract Tower,0,7,6,6,19,0,0,0,0,0,0,7,6,6,19,0,0,0,19
05/03/2013,GYH,SC,ASO,ES,Federal Contract Tower,0,4,2,18,24,0,6,3,2,11,0,10,5,20,35,0,2,2,37
05/04/2013,GYH,SC,ASO,ES,Federal Contract Tower,0,0,0,0,0,0,4,4,0,8,0,4,4,0,8,10,0,10,18
05/05/2013,GYH,SC,ASO,ES,Federal Contract Tower,0,3,2,0,5,0,0,0,0,0,0,3,2,0,5,0,0,0,5
05/06/2013,GYH,SC,ASO,ES,Federal Contract Tower,0,7,4,3,14,0,10,24,16,50,0,17,28,19,64,34,38,72,136
05/07/2013,GYH,SC,ASO,ES,Federal Contract Tower,0,20,5,14,39,0,12,17,10,39,0,32,22,24,78,38,36,74,152
05/08/2013,GYH,SC,ASO,ES,Federal Contract Tower,0,4,8,10,22,0,22,17,34,73,0,26,25,44,95,22,32,54,149
05/09/2013,GYH,SC,ASO,ES,Federal Contract Tower,0,6,3,3,12,0,30,16,15,61,0,36,19,18,73,8,22,30,103
05/10/2013,GYH,SC,ASO,ES,Federal Contract Tower,0,8,5,7,20,0,24,24,5,53,0,32,29,12,73,32,2,34,107
05/11/2013,GYH,SC,ASO,ES,Federal Contract Tower,0,4,5,0,9,0,12,8,0,20,0,16,13,0,29,10,0,10,39
05/12/2013,GYH,SC,ASO,ES,Federal Contract Tower,0,7,10,0,17,0,38,22,0,60,0,45,32,0,77,14,0,14,91
05/13/2013,GYH,SC,ASO,ES,Federal Contract Tower,0,6,0,0,6,0,34,10,0,44,0,40,10,0,50,4,0,4,54
05/14/2013,GYH,SC,ASO,ES,Federal Contract Tower,0,10,3,2,15,0,18,23,12,53,0,28,26,14,68,28,16,44,112
05/15/2013,GYH,SC,ASO,ES,Federal Contract Tower,0,14,5,3,22,0,21,17,12,50,0,35,22,15,72,14,0,14,86
05/16/2013,GYH,SC,ASO,ES,Federal Contract Tower,0,5,0,6,11,0,8,11,20,39,0,13,11,26,50,0,10,10,60
05/17/2013,GYH,SC,ASO,ES,Federal Contract Tower,0,6,2,10,18,0,16,7,3,26,0,22,9,13,44,0,18,18,62
05/18/2013,GYH,SC,ASO,ES,Federal Contract Tower,0,4,5,0,9,0,6,2,0,8,0,10,7,0,17,0,0,0,17
05/19/2013,GYH,SC,ASO,ES,Federal Contract Tower,0,5,0,0,5,0,24,0,0,24,0,29,0,0,29,0,0,0,29
05/20/2013,GYH,SC,ASO,ES,Federal Contract Tower,0,16,1,3,20,0,18,8,23,49,0,34,9,26,69,10,14,24,93
05/21/2013,GYH,SC,ASO,ES,Federal Contract Tower,0,13,5,1,19,0,11,11,8,30,0,24,16,9,49,18,12,30,79
05/22/2013,GYH,SC,ASO,ES,Federal Contract Tower,0,6,5,1,12,0,8,9,3,20,0,14,14,4,32,22,8,30,62
05/23/2013,GYH,SC,ASO,ES,Federal Contract Tower,0,13,8,2,23,0,4,5,5,14,0,17,13,7,37,0,0,0,37
05/24/2013,GYH,SC,ASO,ES,Federal Contract Tower,0,8,5,1,14,0,23,15,1,39,0,31,20,2,53,16,0,16,69
05/25/2013,GYH,SC,ASO,ES,Federal Contract Tower,0,1,0,0,1,0,6,22,0,28,0,7,22,0,29,10,0,10,39
05/26/2013,GYH,SC,ASO,ES,Federal Contract Tower,0,3,2,0,5,0,8,7,0,15,0,11,9,0,20,6,0,6,26
05/27/2013,GYH,SC,ASO,ES,Federal Contract Tower,0,3,2,0,5,0,14,16,0,30,0,17,18,0,35,0,0,0,35
05/28/2013,GYH,SC,ASO,ES,Federal Contract Tower,0,4,7,0,11,0,12,16,15,43,0,16,23,15,54,6,32,38,92
05/29/2013,GYH,SC,ASO,ES,Federal Contract Tower,0,9,1,2,12,0,10,6,7,23,0,19,7,9,35,8,2,10,45
05/30/2013,GYH,SC,ASO,ES,Federal Contract Tower,0,15,3,4,22,0,16,19,1,36,0,31,22,5,58,6,0,6,64
05/31/2013,GYH,SC,ASO,ES,Federal Contract Tower,0,10,2,6,18,0,13,12,5,30,0,23,14,11,48,22,2,24,72
06/01/2013,GYH,SC,ASO,ES,Federal Contract Tower,0,2,9,0,11,0,8,25,0,33,0,10,34,0,44,4,0,4,48
06/02/2013,GYH,SC,ASO,ES,Federal Contract Tower,0,6,2,1,9,0,4,1,0,5,0,10,3,1,14,0,0,0,14
06/03/2013,GYH,SC,ASO,ES,Federal Contract Tower,0,7,2,4,13,0,8,10,0,18,0,15,12,4,31,12,0,12,43
06/04/2013,GYH,SC,ASO,ES,Federal Contract Tower,0,3,6,1,10,0,26,17,3,46,0,29,23,4,56,20,0,20,76
06/05/2013,GYH,SC,ASO,ES,Federal Contract Tower,0,6,13,0,19,0,10,4,2,16,0,16,17,2,35,0,0,0,35
06/06/2013,GYH,SC,ASO,ES,Federal Contract Tower,0,14,2,6,22,0,0,1,0,1,0,14,3,6,23,0,0,0,23
06/07/2013,GYH,SC,ASO,ES,Federal Contract Tower,0,8,0,5,13,0,4,6,0,10,0,12,6,5,23,8,0,8,31
06/08/2013,GYH,SC,ASO,ES,Federal Contract Tower,0,4,6,6,16,0,20,11,3,34,0,24,17,9,50,6,10,16,66
06/09/2013,GYH,SC,ASO,ES,Federal Contract Tower,0,2,2,0,4,0,4,6,0,10,0,6,8,0,14,4,0,4,18
06/10/2013,GYH,SC,ASO,ES,Federal Contract Tower,0,10,0,0,10,0,23,3,0,26,0,33,3,0,36,42,0,42,78
06/11/2013,GYH,SC,ASO,ES,Federal Contract Tower,0,9,4,0,13,0,34,15,12,61,0,43,19,12,74,22,0,22,96
06/12/2013,GYH,SC,ASO,ES,Federal Contract Tower,0,6,11,6,23,0,15,13,6,34,0,21,24,12,57,22,18,40,97
06/13/2013,GYH,SC,ASO,ES,Federal Contract Tower,0,16,0,0,16,0,28,3,0,31,0,44,3,0,47,28,0,28,75
06/14/2013,GYH,SC,ASO,ES,Federal Contract Tower,0,9,2,0,11,0,4,10,0,14,0,13,12,0,25,8,0,8,33
06/15/2013,GYH,SC,ASO,ES,Federal Contract Tower,0,4,1,0,5,0,24,12,2,38,0,28,13,2,43,4,0,4,47
06/16/2013,GYH,SC,ASO,ES,Federal Contract Tower,0,2,4,0,6,0,22,10,2,34,0,24,14,2,40,0,0,0,40
06/17/2013,GYH,SC,ASO,ES,Federal Contract Tower,0,9,9,5,23,0,12,1,0,13,0,21,10,5,36,0,0,0,36
06/18/2013,GYH,SC,ASO,ES,Federal Contract Tower,0,8,2,5,15,0,2,0,2,4,0,10,2,7,19,0,2,2,21
06/19/2013,GYH,SC,ASO,ES,Federal Contract Tower,0,2,7,5,14,0,8,3,4,15,0,10,10,9,29,2,0,2,31
06/20/2013,GYH,SC,ASO,ES,Federal Contract Tower,0,10,1,3,14,0,12,10,7,29,0,22,11,10,43,0,0,0,43
06/21/2013,GYH,SC,ASO,ES,Federal Contract Tower,0,4,10,0,14,0,15,22,4,41,0,19,32,4,55,16,0,16,71
06/22/2013,GYH,SC,ASO,ES,Federal Contract Tower,0,4,2,0,6,0,14,20,2,36,0,18,22,2,42,14,0,14,56
06/23/2013,GYH,SC,ASO,ES,Federal Contract Tower,0,1,7,0,8,0,26,8,0,34,0,27,15,0,42,18,0,18,60
06/24/2013,GYH,SC,ASO,ES,Federal Contract Tower,0,11,1,2,14,0,9,0,0,9,0,20,1,2,23,0,0,0,23
06/25/2013,GYH,SC,ASO,ES,Federal Contract Tower,0,5,8,5,18,0,5,4,2,11,0,10,12,7,29,12,20,32,61
06/26/2013,GYH,SC,ASO,ES,Federal Contract Tower,0,5,0,0,5,0,15,4,0,19,0,20,4,0,24,10,0,10,34
06/27/2013,GYH,SC,ASO,ES,Federal Contract Tower,0,11,3,3,17,0,17,9,6,32,0,28,12,9,49,0,0,0,49
06/28/2013,GYH,SC,ASO,ES,Federal Contract Tower,0,5,2,0,7,0,10,6,0,16,0,15,8,0,23,6,0,6,29
06/29/2013,GYH,SC,ASO,ES,Federal Contract Tower,0,5,7,1,13,0,8,13,0,21,0,13,20,1,34,4,0,4,38
06/30/2013,GYH,SC,ASO,ES,Federal Contract Tower,0,3,5,0,8,0,20,5,0,25,0,23,10,0,33,12,0,12,45
07/01/2013,GYH,SC,ASO,ES,Federal Contract Tower,0,3,9,3,15,0,14,16,5,35,0,17,25,8,50,12,12,24,74
07/02/2013,GYH,SC,ASO,ES,Federal Contract Tower,0,6,2,2,10,0,4,0,9,13,0,10,2,11,23,0,0,0,23
07/03/2013,GYH,SC,ASO,ES,Federal Contract Tower,0,7,0,1,8,0,6,0,0,6,0,13,0,1,14,0,0,0,14
07/04/2013,GYH,SC,ASO,ES,Federal Contract Tower,0,1,2,0,3,0,1,0,0,1,0,2,2,0,4,0,0,0,4
07/05/2013,GYH,SC,ASO,ES,Federal Contract Tower,0,5,1,0,6,0,12,0,0,12,0,17,1,0,18,0,0,0,18
07/06/2013,GYH,SC,ASO,ES,Federal Contract Tower,0,4,0,0,4,0,7,0,0,7,0,11,0,0,11,0,0,0,11
07/07/2013,GYH,SC,ASO,ES,Federal Contract Tower,0,11,3,0,14,0,6,2,0,8,0,17,5,0,22,4,0,4,26
07/08/2013,GYH,SC,ASO,ES,Federal Contract Tower,0,5,0,0,5,0,15,14,0,29,0,20,14,0,34,24,0,24,58
07/09/2013,GYH,SC,ASO,ES,Federal Contract Tower,0,10,1,3,14,0,34,12,6,52,0,44,13,9,66,0,6,6,72
07/10/2013,GYH,SC,ASO,ES,Federal Contract Tower,0,10,6,7,23,0,10,2,22,34,0,20,8,29,57,0,4,4,61
07/11/2013,GYH,SC,ASO,ES,Federal Contract Tower,0,2,3,6,11,0,7,2,26,35,0,9,5,32,46,0,12,12,58
07/12/2013,GYH,SC,ASO,ES,Federal Contract Tower,0,6,2,4,12,0,4,9,7,20,0,10,11,11,32,0,10,10,42
07/13/2013,GYH,SC,ASO,ES,Federal Contract Tower,0,2,4,0,6,0,24,3,12,39,0,26,7,12,45,0,0,0,45
07/14/2013,GYH,SC,ASO,ES,Federal Contract Tower,0,2,2,0,4,0,4,2,0,6,0,6,4,0,10,0,0,0,10
07/15/2013,GYH,SC,ASO,ES,Federal Contract Tower,0,9,2,7,18,0,14,2,4,20,0,23,4,11,38,6,2,8,46
07/16/2013,GYH,SC,ASO,ES,Federal Contract Tower,0,4,11,7,22,0,28,15,38,81,0,32,26,45,103,42,0,42,145
07/17/2013,GYH,SC,ASO,ES,Federal Contract Tower,0,0,8,2,10,0,24,18,15,57,0,24,26,17,67,16,0,16,83
07/18/2013,GYH,SC,ASO,ES,Federal Contract Tower,0,4,2,1,7,0,36,20,15,71,0,40,22,16,78,36,18,54,132
07/19/2013,GYH,SC,ASO,ES,Federal Contract Tower,0,6,7,2,15,0,19,3,24,46,0,25,10,26,61,0,10,10,71
07/20/2013,GYH,SC,ASO,ES,Federal Contract Tower,0,1,0,0,1,0,12,15,0,27,0,13,15,0,28,6,0,6,34
07/21/2013,GYH,SC,ASO,ES,Federal Contract Tower,0,4,3,2,9,0,4,2,0,6,0,8,5,2,15,8,0,8,23
07/22/2013,GYH,SC,ASO,ES,Federal Contract Tower,0,9,4,1,14,0,13,4,12,29,0,22,8,13,43,2,14,16,59
07/23/2013,GYH,SC,ASO,ES,Federal Contract Tower,0,12,1,7,20,0,17,16,23,56,0,29,17,30,76,2,62,64,140
07/24/2013,GYH,SC,ASO,ES,Federal Contract Tower,0,4,4,0,8,0,5,9,9,23,0,9,13,9,31,2,28,30,61
07/25/2013,GYH,SC,ASO,ES,Federal Contract Tower,0,9,5,4,18,0,25,7,10,42,0,34,12,14,60,4,6,10,70
07/26/2013,GYH,SC,ASO,ES,Federal Contract Tower,0,4,4,2,10,0,14,6,0,20,0,18,10,2,30,12,0,12,42
07/27/2013,GYH,SC,ASO,ES,Federal Contract Tower,0,0,2,4,6,0,4,11,2,17,0,4,13,6,23,6,4,10,33
07/28/2013,GYH,SC,ASO,ES,Federal Contract Tower,0,1,1,0,2,0,11,8,0,19,0,12,9,0,21,10,0,10,31
07/29/2013,GYH,SC,ASO,ES,Federal Contract Tower,0,7,9,0,16,0,10,10,0,20,0,17,19,0,36,2,0,2,38
07/30/2013,GYH,SC,ASO,ES,Federal Contract Tower,0,10,4,2,16,0,9,21,20,50,0,19,25,22,66,14,42,56,122
07/31/2013,GYH,SC,ASO,ES,Federal Contract Tower,0,5,1,4,10,0,6,4,0,10,0,11,5,4,20,0,0,0,20
08/01/2013,GYH,SC,ASO,ES,Federal Contract Tower,0,12,2,1,15,0,6,10,3,19,0,18,12,4,34,4,10,14,48
08/02/2013,GYH,SC,ASO,ES,Federal Contract Tower,0,15,1,12,28,0,15,7,9,31,0,30,8,21,59,16,16,32,91
08/03/2013,GYH,SC,ASO,ES,Federal Contract Tower,0,3,2,0,5,0,12,7,0,19,0,15,9,0,24,0,6,6,30
08/04/2013,GYH,SC,ASO,ES,Federal Contract Tower,0,5,0,0,5,0,22,13,0,35,0,27,13,0,40,6,0,6,46
08/05/2013,GYH,SC,ASO,ES,Federal Contract Tower,0,5,4,0,9,0,14,11,0,25,0,19,15,0,34,12,0,12,46
08/06/2013,GYH,SC,ASO,ES,Federal Contract Tower,0,11,0,1,12,0,4,1,7,12,0,15,1,8,24,0,6,6,30
08/07/2013,GYH,SC,ASO,ES,Federal Contract Tower,0,5,1,3,9,0,14,5,11,30,0,19,6,14,39,6,22,28,67
08/08/2013,GYH,SC,ASO,ES,Federal Contract Tower,0,10,2,1,13,0,32,12,14,58,0,42,14,15,71,8,12,20,91
08/09/2013,GYH,SC,ASO,ES,Federal Contract Tower,0,9,3,4,16,0,22,2,4,28,0,31,5,8,44,0,0,0,44
08/10/2013,GYH,SC,ASO,ES,Federal Contract Tower,0,4,5,0,9,0,4,1,0,5,0,8,6,0,14,0,0,0,14
08/11/2013,GYH,SC,ASO,ES,Federal Contract Tower,0,3,0,0,3,0,4,19,0,23,0,7,19,0,26,14,0,14,40
08/12/2013,GYH,SC,ASO,ES,Federal Contract Tower,0,14,1,2,17,0,22,12,0,34,0,36,13,2,51,10,0,10,61
08/13/2013,GYH,SC,ASO,ES,Federal Contract Tower,0,6,5,0,11,0,4,8,6,18,0,10,13,6,29,0,12,12,41
08/14/2013,GYH,SC,ASO,ES,Federal Contract Tower,0,12,6,0,18,0,23,8,2,33,0,35,14,2,51,0,0,0,51
08/15/2013,GYH,SC,ASO,ES,Federal Contract Tower,0,3,4,3,10,0,23,0,2,25,0,26,4,5,35,0,0,0,35
08/16/2013,GYH,SC,ASO,ES,Federal Contract Tower,0,5,2,3,10,0,2,1,1,4,0,7,3,4,14,0,0,0,14
08/17/2013,GYH,SC,ASO,ES,Federal Contract Tower,0,0,0,0,0,0,4,0,0,4,0,4,0,0,4,0,0,0,4
08/18/2013,GYH,SC,ASO,ES,Federal Contract Tower,0,6,0,0,6,0,4,0,0,4,0,10,0,0,10,0,0,0,10
08/19/2013,GYH,SC,ASO,ES,Federal Contract Tower,0,14,6,5,25,0,8,0,0,8,0,22,6,5,33,6,0,6,39
08/20/2013,GYH,SC,ASO,ES,Federal Contract Tower,0,20,2,4,26,0,11,9,13,33,0,31,11,17,59,6,10,16,75
08/21/2013,GYH,SC,ASO,ES,Federal Contract Tower,0,23,0,3,26,0,0,5,4,9,0,23,5,7,35,6,6,12,47
08/22/2013,GYH,SC,ASO,ES,Federal Contract Tower,0,12,4,1,17,0,16,5,3,24,0,28,9,4,41,4,4,8,49
08/23/2013,GYH,SC,ASO,ES,Federal Contract Tower,0,4,4,0,8,0,14,9,4,27,0,18,13,4,35,6,0,6,41
08/24/2013,GYH,SC,ASO,ES,Federal Contract Tower,0,7,0,0,7,0,10,15,0,25,0,17,15,0,32,8,0,8,40
08/25/2013,GYH,SC,ASO,ES,Federal Contract Tower,0,3,6,1,10,0,6,12,0,18,0,9,18,1,28,6,0,6,34
08/26/2013,GYH,SC,ASO,ES,Federal Contract Tower,0,13,3,2,18,0,11,14,8,33,0,24,17,10,51,2,0,2,53
08/27/2013,GYH,SC,ASO,ES,Federal Contract Tower,0,4,1,3,8,0,10,12,11,33,0,14,13,14,41,16,12,28,69
08/28/2013,GYH,SC,ASO,ES,Federal Contract Tower,0,9,2,11,22,0,31,23,9,63,0,40,25,20,85,0,2,2,87
08/29/2013,GYH,SC,ASO,ES,Federal Contract Tower,0,1,3,2,6,0,10,12,12,34,0,11,15,14,40,10,24,34,74
08/30/2013,GYH,SC,ASO,ES,Federal Contract Tower,0,7,5,2,14,0,17,0,0,17,0,24,5,2,31,4,0,4,35
08/31/2013,GYH,SC,ASO,ES,Federal Contract Tower,0,2,0,0,2,0,8,12,0,20,0,10,12,0,22,16,0,16,38
09/01/2013,GYH,SC,ASO,ES,Federal Contract Tower,0,2,0,0,2,0,10,5,0,15,0,12,5,0,17,0,0,0,17
09/02/2013,GYH,SC,ASO,ES,Federal Contract Tower,0,4,9,0,13,0,6,9,0,15,0,10,18,0,28,10,0,10,38
09/03/2013,GYH,SC,ASO,ES,Federal Contract Tower,0,11,1,9,21,0,78,13,15,106,0,89,14,24,127,36,38,74,201
09/04/2013,GYH,SC,ASO,ES,Federal Contract Tower,0,8,0,0,8,0,18,11,9,38,0,26,11,9,46,0,4,4,50
09/05/2013,GYH,SC,ASO,ES,Federal Contract Tower,0,15,7,4,26,0,17,8,14,39,0,32,15,18,65,0,24,24,89
09/06/2013,GYH,SC,ASO,ES,Federal Contract Tower,0,11,2,0,13,0,17,23,4,44,0,28,25,4,57,20,8,28,85
09/07/2013,GYH,SC,ASO,ES,Federal Contract Tower,0,5,1,1,7,0,16,22,1,39,0,21,23,2,46,18,0,18,64
09/08/2013,GYH,SC,ASO,ES,Federal Contract Tower,0,4,1,0,5,0,4,6,0,10,0,8,7,0,15,0,0,0,15
09/09/2013,GYH,SC,ASO,ES,Federal Contract Tower,0,10,1,0,11,0,14,10,0,24,0,24,11,0,35,4,0,4,39
09/10/2013,GYH,SC,ASO,ES,Federal Contract Tower,0,7,5,3,15,0,14,14,19,47,0,21,19,22,62,14,24,38,100
09/11/2013,GYH,SC,ASO,ES,Federal Contract Tower,0,6,3,10,19,0,20,3,8,31,0,26,6,18,50,0,12,12,62
09/12/2013,GYH,SC,ASO,ES,Federal Contract Tower,0,15,3,8,26,0,18,10,11,39,0,33,13,19,65,4,8,12,77
09/13/2013,GYH,SC,ASO,ES,Federal Contract Tower,0,8,2,12,22,0,12,2,6,20,0,20,4,18,42,6,2,8,50
09/14/2013,GYH,SC,ASO,ES,Federal Contract Tower,0,3,8,0,11,0,10,7,0,17,0,13,15,0,28,4,0,4,32
09/15/2013,GYH,SC,ASO,ES,Federal Contract Tower,0,4,5,0,9,0,20,18,0,38,0,24,23,0,47,6,0,6,53
09/16/2013,GYH,SC,ASO,ES,Federal Contract Tower,0,9,3,2,14,0,21,10,4,35,0,30,13,6,49,10,6,16,65
09/17/2013,GYH,SC,ASO,ES,Federal Contract Tower,0,6,3,3,12,0,18,15,6,39,0,24,18,9,51,16,12,28,79
09/18/2013,GYH,SC,ASO,ES,Federal Contract Tower,0,11,7,5,23,0,30,13,0,43,0,41,20,5,66,26,0,26,92
09/19/2013,GYH,SC,ASO,ES,Federal Contract Tower,0,13,2,3,18,0,10,23,6,39,0,23,25,9,57,38,14,52,109
09/20/2013,GYH,SC,ASO,ES,Federal Contract Tower,0,15,4,0,19,0,14,9,0,23,0,29,13,0,42,0,0,0,42
09/21/2013,GYH,SC,ASO,ES,Federal Contract Tower,0,3,2,1,6,0,0,0,2,2,0,3,2,3,8,0,0,0,8
09/22/2013,GYH,SC,ASO,ES,Federal Contract Tower,0,3,6,0,9,0,9,26,0,35,0,12,32,0,44,20,0,20,64
09/23/2013,GYH,SC,ASO,ES,Federal Contract Tower,0,10,10,0,20,0,17,8,5,30,0,27,18,5,50,4,48,52,102
09/24/2013,GYH,SC,ASO,ES,Federal Contract Tower,0,13,4,1,18,0,13,21,1,35,0,26,25,2,53,24,6,30,83
09/25/2013,GYH,SC,ASO,ES,Federal Contract Tower,0,12,4,0,16,0,0,0,0,0,0,12,4,0,16,0,0,0,16
09/26/2013,GYH,SC,ASO,ES,Federal Contract Tower,0,13,2,0,15,0,26,16,4,46,0,39,18,4,61,26,30,56,117
09/27/2013,GYH,SC,ASO,ES,Federal Contract Tower,0,7,0,3,10,0,22,16,0,38,0,29,16,3,48,24,0,24,72
09/28/2013,GYH,SC,ASO,ES,Federal Contract Tower,0,5,4,0,9,0,16,14,0,30,0,21,18,0,39,0,0,0,39
09/29/2013,GYH,SC,ASO,ES,Federal Contract Tower,0,3,3,0,6,0,10,10,0,20,0,13,13,0,26,20,0,20,46
09/30/2013,GYH,SC,ASO,ES,Federal Contract Tower,0,6,5,5,16,0,15,15,12,42,0,21,20,17,58,28,40,68,126
10/01/2013,GYH,SC,ASO,ES,Federal Contract Tower,0,7,2,0,9,0,4,20,0,24,0,11,22,0,33,10,0,10,43
10/02/2013,GYH,SC,ASO,ES,Federal Contract Tower,0,10,2,0,12,0,16,9,7,32,0,26,11,7,44,0,10,10,54
10/03/2013,GYH,SC,ASO,ES,Federal Contract Tower,0,10,4,0,14,0,24,3,4,31,0,34,7,4,45,0,0,0,45
10/04/2013,GYH,SC,ASO,ES,Federal Contract Tower,0,14,1,0,15,0,42,8,0,50,0,56,9,0,65,18,0,18,83
10/05/2013,GYH,SC,ASO,ES,Federal Contract Tower,0,3,2,0,5,0,18,11,0,29,0,21,13,0,34,14,20,34,68
10/06/2013,GYH,SC,ASO,ES,Federal Contract Tower,0,5,3,0,8,0,6,3,0,9,0,11,6,0,17,0,0,0,17
10/07/2013,GYH,SC,ASO,ES,Federal Contract Tower,0,4,4,6,14,0,32,4,5,41,0,36,8,11,55,0,62,62,117
10/08/2013,GYH,SC,ASO,ES,Federal Contract Tower,0,8,5,0,13,0,8,8,10,26,0,16,13,10,39,18,26,44,83
10/09/2013,GYH,SC,ASO,ES,Federal Contract Tower,0,9,3,0,12,0,29,14,0,43,0,38,17,0,55,12,0,12,67
10/10/2013,GYH,SC,ASO,ES,Federal Contract Tower,0,15,3,3,21,0,14,4,16,34,0,29,7,19,55,0,38,38,93
10/11/2013,GYH,SC,ASO,ES,Federal Contract Tower,0,9,1,0,10,0,21,17,0,38,0,30,18,0,48,22,0,22,70
10/12/2013,GYH,SC,ASO,ES,Federal Contract Tower,0,3,8,0,11,0,27,11,0,38,0,30,19,0,49,4,0,4,53
10/13/2013,GYH,SC,ASO,ES,Federal Contract Tower,0,10,3,0,13,0,13,6,0,19,0,23,9,0,32,10,0,10,42
10/14/2013,GYH,SC,ASO,ES,Federal Contract Tower,0,8,7,0,15,0,4,1,0,5,0,12,8,0,20,0,0,0,20
10/15/2013,GYH,SC,ASO,ES,Federal Contract Tower,0,11,0,0,11,0,16,10,0,26,0,27,10,0,37,20,0,20,57
10/16/2013,GYH,SC,ASO,ES,Federal Contract Tower,0,3,9,2,14,0,17,9,2,28,0,20,18,4,42,6,8,14,56
10/17/2013,GYH,SC,ASO,ES,Federal Contract Tower,0,8,1,0,9,0,5,2,0,7,0,13,3,0,16,0,0,0,16
10/18/2013,GYH,SC,ASO,ES,Federal Contract Tower,0,19,7,0,26,0,28,5,0,33,0,47,12,0,59,0,0,0,59
10/19/2013,GYH,SC,ASO,ES,Federal Contract Tower,0,5,2,0,7,0,5,3,0,8,0,10,5,0,15,0,0,0,15
10/20/2013,GYH,SC,ASO,ES,Federal Contract Tower,0,10,1,0,11,0,15,21,0,36,0,25,22,0,47,16,0,16,63
10/21/2013,GYH,SC,ASO,ES,Federal Contract Tower,0,3,6,6,15,0,16,6,3,25,0,19,12,9,40,22,4,26,66
10/22/2013,GYH,SC,ASO,ES,Federal Contract Tower,0,8,4,2,14,0,27,6,4,37,0,35,10,6,51,18,0,18,69
10/23/2013,GYH,SC,ASO,ES,Federal Contract Tower,0,13,3,0,16,0,13,10,16,39,0,26,13,16,55,10,40,50,105
10/24/2013,GYH,SC,ASO,ES,Federal Contract Tower,0,13,1,2,16,0,51,19,6,76,0,64,20,8,92,12,0,12,104
10/25/2013,GYH,SC,ASO,ES,Federal Contract Tower,0,11,4,6,21,0,23,8,3,34,0,34,12,9,55,6,2,8,63
10/26/2013,GYH,SC,ASO,ES,Federal Contract Tower,0,4,4,7,15,0,37,17,1,55,0,41,21,8,70,10,6,16,86
10/27/2013,GYH,SC,ASO,ES,Federal Contract Tower,0,7,4,0,11,0,10,16,0,26,0,17,20,0,37,22,0,22,59
10/28/2013,GYH,SC,ASO,ES,Federal Contract Tower,0,8,5,6,19,0,31,5,4,40,0,39,10,10,59,0,0,0,59
10/29/2013,GYH,SC,ASO,ES,Federal Contract Tower,0,21,1,2,24,0,34,12,6,52,0,55,13,8,76,10,4,14,90
10/30/2013,GYH,SC,ASO,ES,Federal Contract Tower,0,16,1,4,21,0,32,9,10,51,0,48,10,14,72,8,8,16,88
10/31/2013,GYH,SC,ASO,ES,Federal Contract Tower,0,8,1,3,12,0,19,17,4,40,0,27,18,7,52,30,0,30,82
11/01/2013,GYH,SC,ASO,ES,Federal Contract Tower,0,17,0,0,17,0,6,0,0,6,0,23,0,0,23,0,0,0,23
11/02/2013,GYH,SC,ASO,ES,Federal Contract Tower,0,4,6,0,10,0,19,6,10,35,0,23,12,10,45,0,12,12,57
11/03/2013,GYH,SC,ASO,ES,Federal Contract Tower,0,6,0,0,6,0,16,26,0,42,0,22,26,0,48,18,0,18,66
11/04/2013,GYH,SC,ASO,ES,Federal Contract Tower,0,7,3,1,11,0,6,7,0,13,0,13,10,1,24,0,0,0,24
11/05/2013,GYH,SC,ASO,ES,Federal Contract Tower,0,7,2,8,17,0,20,16,9,45,0,27,18,17,62,14,0,14,76
11/06/2013,GYH,SC,ASO,ES,Federal Contract Tower,0,22,3,8,33,0,13,22,0,35,0,35,25,8,68,44,0,44,112
11/07/2013,GYH,SC,ASO,ES,Federal Contract Tower,0,15,1,0,16,0,4,6,0,10,0,19,7,0,26,2,0,2,28
11/08/2013,GYH,SC,ASO,ES,Federal Contract Tower,0,19,8,0,27,0,36,18,0,54,0,55,26,0,81,32,0,32,113
11/09/2013,GYH,SC,ASO,ES,Federal Contract Tower,0,8,4,0,12,0,22,18,0,40,0,30,22,0,52,66,0,66,118
11/10/2013,GYH,SC,ASO,ES,Federal Contract Tower,0,10,2,0,12,0,20,22,0,42,0,30,24,0,54,24,0,24,78
11/11/2013,GYH,SC,ASO,ES,Federal Contract Tower,0,10,14,0,24,0,20,10,3,33,0,30,24,3,57,0,56,56,113
11/12/2013,GYH,SC,ASO,ES,Federal Contract Tower,0,11,0,0,11,0,37,4,13,54,0,48,4,13,65,10,24,34,99
11/13/2013,GYH,SC,ASO,ES,Federal Contract Tower,0,9,1,0,10,0,8,16,0,24,0,17,17,0,34,78,0,78,112
11/14/2013,GYH,SC,ASO,ES,Federal Contract Tower,0,9,4,1,14,0,6,10,6,22,0,15,14,7,36,14,2,16,52
11/15/2013,GYH,SC,ASO,ES,Federal Contract Tower,0,11,2,1,14,0,11,5,0,16,0,22,7,1,30,0,0,0,30
11/16/2013,GYH,SC,ASO,ES,Federal Contract Tower,0,4,2,0,6,0,4,2,0,6,0,8,4,0,12,0,0,0,12
11/17/2013,GYH,SC,ASO,ES,Federal Contract Tower,0,3,6,0,9,0,2,0,0,2,0,5,6,0,11,0,0,0,11
11/18/2013,GYH,SC,ASO,ES,Federal Contract Tower,0,9,2,2,13,0,15,11,0,26,0,24,13,2,39,2,0,2,41
11/19/2013,GYH,SC,ASO,ES,Federal Contract Tower,0,9,1,1,11,0,14,7,1,22,0,23,8,2,33,6,0,6,39
11/20/2013,GYH,SC,ASO,ES,Federal Contract Tower,0,13,2,4,19,0,13,4,4,21,0,26,6,8,40,20,0,20,60
11/21/2013,GYH,SC,ASO,ES,Federal Contract Tower,0,9,3,5,17,0,11,1,16,28,0,20,4,21,45,0,30,30,75
11/22/2013,GYH,SC,ASO,ES,Federal Contract Tower,0,7,3,0,10,0,0,0,0,0,0,7,3,0,10,0,0,0,10
11/23/2013,GYH,SC,ASO,ES,Federal Contract Tower,0,4,2,0,6,0,12,5,0,17,0,16,7,0,23,0,0,0,23
11/24/2013,GYH,SC,ASO,ES,Federal Contract Tower,0,3,0,0,3,0,10,11,2,23,0,13,11,2,26,0,0,0,26
11/25/2013,GYH,SC,ASO,ES,Federal Contract Tower,0,9,4,1,14,0,6,9,26,41,0,15,13,27,55,2,22,24,79
11/26/2013,GYH,SC,ASO,ES,Federal Contract Tower,0,12,0,0,12,0,0,0,0,0,0,12,0,0,12,0,0,0,12
11/27/2013,GYH,SC,ASO,ES,Federal Contract Tower,0,14,2,0,16,0,6,1,0,7,0,20,3,0,23,0,0,0,23
11/28/2013,GYH,SC,ASO,ES,Federal Contract Tower,0,5,0,0,5,0,8,6,0,14,0,13,6,0,19,0,0,0,19
11/29/2013,GYH,SC,ASO,ES,Federal Contract Tower,0,1,1,0,2,0,9,23,0,32,0,10,24,0,34,18,0,18,52
11/30/2013,GYH,SC,ASO,ES,Federal Contract Tower,0,9,1,0,10,0,9,6,0,15,0,18,7,0,25,14,0,14,39
12/01/2013,GYH,SC,ASO,ES,Federal Contract Tower,0,6,3,0,9,0,14,15,0,29,0,20,18,0,38,24,0,24,62
12/02/2013,GYH,SC,ASO,ES,Federal Contract Tower,0,5,1,0,6,0,14,3,2,19,0,19,4,2,25,0,0,0,25
12/03/2013,GYH,SC,ASO,ES,Federal Contract Tower,0,14,4,14,32,0,2,2,4,8,0,16,6,18,40,4,10,14,54
12/04/2013,GYH,SC,ASO,ES,Federal Contract Tower,0,5,3,0,8,0,0,0,0,0,0,5,3,0,8,0,0,0,8
12/05/2013,GYH,SC,ASO,ES,Federal Contract Tower,0,9,1,8,18,0,0,0,0,0,0,9,1,8,18,0,0,0,18
12/06/2013,GYH,SC,ASO,ES,Federal Contract Tower,0,4,1,5,10,0,4,12,6,22,0,8,13,11,32,8,0,8,40
12/07/2013,GYH,SC,ASO,ES,Federal Contract Tower,0,6,4,2,12,0,4,0,0,4,0,10,4,2,16,0,0,0,16
12/08/2013,GYH,SC,ASO,ES,Federal Contract Tower,0,2,1,0,3,0,0,0,0,0,0,2,1,0,3,0,0,0,3
12/09/2013,GYH,SC,ASO,ES,Federal Contract Tower,0,9,0,1,10,0,0,0,0,0,0,9,0,1,10,0,0,0,10
12/10/2013,GYH,SC,ASO,ES,Federal Contract Tower,0,16,0,4,20,0,31,7,6,44,0,47,7,10,64,18,6,24,88
12/11/2013,GYH,SC,ASO,ES,Federal Contract Tower,0,14,4,5,23,0,14,11,0,25,0,28,15,5,48,12,0,12,60
12/12/2013,GYH,SC,ASO,ES,Federal Contract Tower,0,12,2,10,24,0,16,18,3,37,0,28,20,13,61,32,14,46,107
12/13/2013,GYH,SC,ASO,ES,Federal Contract Tower,0,8,3,4,15,0,12,8,6,26,0,20,11,10,41,10,16,26,67
12/14/2013,GYH,SC,ASO,ES,Federal Contract Tower,0,3,2,0,5,0,0,0,0,0,0,3,2,0,5,0,0,0,5
12/15/2013,GYH,SC,ASO,ES,Federal Contract Tower,0,1,2,0,3,0,7,8,0,15,0,8,10,0,18,22,0,22,40
12/16/2013,GYH,SC,ASO,ES,Federal Contract Tower,0,5,3,0,8,0,18,13,5,36,0,23,16,5,44,44,12,56,100
12/17/2013,GYH,SC,ASO,ES,Federal Contract Tower,0,6,1,6,13,0,7,7,10,24,0,13,8,16,37,14,26,40,77
12/18/2013,GYH,SC,ASO,ES,Federal Contract Tower,0,17,2,4,23,0,26,16,12,54,0,43,18,16,77,16,32,48,125
12/19/2013,GYH,SC,ASO,ES,Federal Contract Tower,0,22,1,7,30,0,18,15,9,42,0,40,16,16,72,16,24,40,112
12/20/2013,GYH,SC,ASO,ES,Federal Contract Tower,0,19,5,0,24,0,12,3,0,15,0,31,8,0,39,2,0,2,41
12/21/2013,GYH,SC,ASO,ES,Federal Contract Tower,0,4,2,0,6,0,6,4,0,10,0,10,6,0,16,4,0,4,20
12/22/2013,GYH,SC,ASO,ES,Federal Contract Tower,0,2,0,0,2,0,0,2,0,2,0,2,2,0,4,0,0,0,4
12/23/2013,GYH,SC,ASO,ES,Federal Contract Tower,0,6,4,0,10,0,18,0,0,18,0,24,4,0,28,0,0,0,28
12/24/2013,GYH,SC,ASO,ES,Federal Contract Tower,0,0,1,0,1,0,12,4,0,16,0,12,5,0,17,4,0,4,21
12/25/2013,GYH,SC,ASO,ES,Federal Contract Tower,0,1,2,0,3,0,14,3,0,17,0,15,5,0,20,0,0,0,20
12/26/2013,GYH,SC,ASO,ES,Federal Contract Tower,0,3,2,0,5,0,14,8,6,28,0,17,10,6,33,6,0,6,39
12/27/2013,GYH,SC,ASO,ES,Federal Contract Tower,0,8,1,0,9,0,6,11,2,19,0,14,12,2,28,0,4,4,32
12/28/2013,GYH,SC,ASO,ES,Federal Contract Tower,0,5,3,0,8,0,4,13,0,17,0,9,16,0,25,6,0,6,31
12/29/2013,GYH,SC,ASO,ES,Federal Contract Tower,0,3,0,0,3,0,10,2,0,12,0,13,2,0,15,6,0,6,21
12/30/2013,GYH,SC,ASO,ES,Federal Contract Tower,0,2,0,0,2,0,12,10,4,26,0,14,10,4,28,2,0,2,30
12/31/2013,GYH,SC,ASO,ES,Federal Contract Tower,0,2,1,0,3,0,8,6,0,14,0,10,7,0,17,20,0,20,37
01/01/2014,GYH,SC,ASO,ES,Federal Contract Tower,0,9,0,0,9,0,12,4,0,16,0,21,4,0,25,0,0,0,25
01/02/2014,GYH,SC,ASO,ES,Federal Contract Tower,0,9,0,0,9,0,0,1,0,1,0,9,1,0,10,0,0,0,10
01/03/2014,GYH,SC,ASO,ES,Federal Contract Tower,0,9,0,0,9,0,12,6,0,18,0,21,6,0,27,12,0,12,39
01/04/2014,GYH,SC,ASO,ES,Federal Contract Tower,0,9,4,0,13,0,6,6,0,12,0,15,10,0,25,6,0,6,31
01/05/2014,GYH,SC,ASO,ES,Federal Contract Tower,0,1,1,1,3,0,0,0,0,0,0,1,1,1,3,0,0,0,3
01/06/2014,GYH,SC,ASO,ES,Federal Contract Tower,0,10,1,0,11,0,5,0,0,5,0,15,1,0,16,0,0,0,16
01/07/2014,GYH,SC,ASO,ES,Federal Contract Tower,0,9,0,1,10,0,31,3,28,62,0,40,3,29,72,0,22,22,94
01/08/2014,GYH,SC,ASO,ES,Federal Contract Tower,0,10,0,1,11,0,30,18,4,52,0,40,18,5,63,4,4,8,71
01/09/2014,GYH,SC,ASO,ES,Federal Contract Tower,0,10,2,2,14,0,12,4,0,16,0,22,6,2,30,0,0,0,30
01/10/2014,GYH,SC,ASO,ES,Federal Contract Tower,0,5,0,0,5,0,0,0,0,0,0,5,0,0,5,0,0,0,5
01/11/2014,GYH,SC,ASO,ES,Federal Contract Tower,0,5,0,0,5,0,0,0,0,0,0,5,0,0,5,0,0,0,5
01/12/2014,GYH,SC,ASO,ES,Federal Contract Tower,0,2,0,4,6,0,11,12,0,23,0,13,12,4,29,2,0,2,31
01/13/2014,GYH,SC,ASO,ES,Federal Contract Tower,0,4,2,4,10,0,15,6,3,24,0,19,8,7,34,0,0,0,34
01/14/2014,GYH,SC,ASO,ES,Federal Contract Tower,0,10,4,0,14,0,16,5,2,23,0,26,9,2,37,4,10,14,51
01/15/2014,GYH,SC,ASO,ES,Federal Contract Tower,0,14,2,3,19,0,16,7,10,33,0,30,9,13,52,4,16,20,72
01/16/2014,GYH,SC,ASO,ES,Federal Contract Tower,0,7,10,0,17,0,8,9,9,26,0,15,19,9,43,4,22,26,69
01/17/2014,GYH,SC,ASO,ES,Federal Contract Tower,0,7,1,2,10,0,16,11,0,27,0,23,12,2,37,26,0,26,63
01/18/2014,GYH,SC,ASO,ES,Federal Contract Tower,0,4,2,0,6,0,5,12,0,17,0,9,14,0,23,8,0,8,31
01/19/2014,GYH,SC,ASO,ES,Federal Contract Tower,0,1,0,2,3,0,4,11,0,15,0,5,11,2,18,14,0,14,32
01/20/2014,GYH,SC,ASO,ES,Federal Contract Tower,0,2,1,2,5,0,12,20,0,32,0,14,21,2,37,68,0,68,105
01/21/2014,GYH,SC,ASO,ES,Federal Contract Tower,0,12,0,0,12,0,14,4,4,22,0,26,4,4,34,0,0,0,34
01/22/2014,GYH,SC,ASO,ES,Federal Contract Tower,0,3,0,5,8,0,12,3,4,19,0,15,3,9,27,0,24,24,51
01/23/2014,GYH,SC,ASO,ES,Federal Contract Tower,0,7,0,3,10,0,19,12,11,42,0,26,12,14,52,18,4,22,74
01/24/2014,GYH,SC,ASO,ES,Federal Contract Tower,0,6,0,0,6,0,27,4,1,32,0,33,4,1,38,6,0,6,44
01/25/2014,GYH,SC,ASO,ES,Federal Contract Tower,0,1,0,0,1,0,13,1,0,14,0,14,1,0,15,0,0,0,15
01/26/2014,GYH,SC,ASO,ES,Federal Contract Tower,0,4,1,0,5,0,8,9,0,17,0,12,10,0,22,6,0,6,28
01/27/2014,GYH,SC,ASO,ES,Federal Contract Tower,0,5,1,0,6,0,26,12,0,38,0,31,13,0,44,6,0,6,50
01/28/2014,GYH,SC,ASO,ES,Federal Contract Tower,0,11,0,0,11,0,14,2,2,18,0,25,2,2,29,4,0,4,33
01/29/2014,GYH,SC,ASO,ES,Federal Contract Tower,0,8,0,0,8,0,22,2,0,24,0,30,2,0,32,0,0,0,32
01/30/2014,GYH,SC,ASO,ES,Federal Contract Tower,0,13,0,0,13,0,16,6,0,22,0,29,6,0,35,0,0,0,35
01/31/2014,GYH,SC,ASO,ES,Federal Contract Tower,0,7,1,0,8,0,24,7,6,37,0,31,8,6,45,4,0,4,49
02/01/2014,GYH,SC,ASO,ES,Federal Contract Tower,0,2,3,4,9,0,32,2,7,41,0,34,5,11,50,0,0,0,50
02/02/2014,GYH,SC,ASO,ES,Federal Contract Tower,0,2,0,0,2,0,8,6,0,14,0,10,6,0,16,16,0,16,32
02/03/2014,GYH,SC,ASO,ES,Federal Contract Tower,0,5,1,3,9,0,16,4,1,21,0,21,5,4,30,10,0,10,40
02/04/2014,GYH,SC,ASO,ES,Federal Contract Tower,0,2,1,2,5,0,16,0,0,16,0,18,1,2,21,0,0,0,21
02/05/2014,GYH,SC,ASO,ES,Federal Contract Tower,0,5,0,0,5,0,10,6,0,16,0,15,6,0,21,58,0,58,79
02/06/2014,GYH,SC,ASO,ES,Federal Contract Tower,0,6,2,3,11,0,35,29,4,68,0,41,31,7,79,120,2,122,201
02/07/2014,GYH,SC,ASO,ES,Federal Contract Tower,0,10,10,0,20,0,51,21,0,72,0,61,31,0,92,66,0,66,158
02/08/2014,GYH,SC,ASO,ES,Federal Contract Tower,0,3,1,0,4,0,20,13,0,33,0,23,14,0,37,6,0,6,43
02/09/2014,GYH,SC,ASO,ES,Federal Contract Tower,0,1,4,0,5,0,12,18,2,32,0,13,22,2,37,78,0,78,115
02/10/2014,GYH,SC,ASO,ES,Federal Contract Tower,0,13,1,8,22,0,20,0,2,22,0,33,1,10,44,0,0,0,44
02/11/2014,GYH,SC,ASO,ES,Federal Contract Tower,0,8,0,0,8,0,0,1,0,1,0,8,1,0,9,12,0,12,21
02/12/2014,GYH,SC,ASO,ES,Federal Contract Tower,0,0,0,0,0,0,0,0,0,0,0,0,0,0,0,0,0,0,0
02/13/2014,GYH,SC,ASO,ES,Federal Contract Tower,0,0,0,0,0,0,0,0,0,0,0,0,0,0,0,0,0,0,0
02/14/2014,GYH,SC,ASO,ES,Federal Contract Tower,0,14,0,1,15,0,51,0,0,51,0,65,0,1,66,0,0,0,66
02/15/2014,GYH,SC,ASO,ES,Federal Contract Tower,0,5,1,0,6,0,43,13,0,56,0,48,14,0,62,0,0,0,62
02/16/2014,GYH,SC,ASO,ES,Federal Contract Tower,0,4,1,0,5,0,19,19,0,38,0,23,20,0,43,18,0,18,61
02/17/2014,GYH,SC,ASO,ES,Federal Contract Tower,0,10,0,0,10,0,15,2,0,17,0,25,2,0,27,14,0,14,41
02/18/2014,GYH,SC,ASO,ES,Federal Contract Tower,0,5,7,4,16,0,16,9,9,34,0,21,16,13,50,0,0,0,50
02/19/2014,GYH,SC,ASO,ES,Federal Contract Tower,0,10,1,4,15,0,4,4,15,23,0,14,5,19,38,4,4,8,46
02/20/2014,GYH,SC,ASO,ES,Federal Contract Tower,0,13,2,4,19,0,15,15,16,46,0,28,17,20,65,26,20,46,111
02/21/2014,GYH,SC,ASO,ES,Federal Contract Tower,0,3,1,0,4,0,20,2,0,22,0,23,3,0,26,2,0,2,28
02/22/2014,GYH,SC,ASO,ES,Federal Contract Tower,0,7,0,4,11,0,13,13,0,26,0,20,13,4,37,0,0,0,37
02/23/2014,GYH,SC,ASO,ES,Federal Contract Tower,0,5,0,0,5,0,11,2,0,13,0,16,2,0,18,16,0,16,34
02/24/2014,GYH,SC,ASO,ES,Federal Contract Tower,0,8,1,0,9,0,23,18,6,47,0,31,19,6,56,16,16,32,88
02/25/2014,GYH,SC,ASO,ES,Federal Contract Tower,0,10,6,0,16,0,14,5,3,22,0,24,11,3,38,14,0,14,52
02/26/2014,GYH,SC,ASO,ES,Federal Contract Tower,0,5,2,5,12,0,26,17,7,50,0,31,19,12,62,24,14,38,100
02/27/2014,GYH,SC,ASO,ES,Federal Contract Tower,0,9,4,6,19,0,5,19,5,29,0,14,23,11,48,62,12,74,122
02/28/2014,GYH,SC,ASO,ES,Federal Contract Tower,0,8,1,2,11,0,4,14,2,20,0,12,15,4,31,26,14,40,71
03/01/2014,GYH,SC,ASO,ES,Federal Contract Tower,0,9,3,0,12,0,10,14,0,24,0,19,17,0,36,22,0,22,58
03/02/2014,GYH,SC,ASO,ES,Federal Contract Tower,0,4,1,0,5,0,15,9,0,24,0,19,10,0,29,4,0,4,33
03/03/2014,GYH,SC,ASO,ES,Federal Contract Tower,0,4,3,1,8,0,2,0,0,2,0,6,3,1,10,0,0,0,10
03/04/2014,GYH,SC,ASO,ES,Federal Contract Tower,0,8,7,2,17,0,4,6,4,14,0,12,13,6,31,16,28,44,75
03/05/2014,GYH,SC,ASO,ES,Federal Contract Tower,0,16,3,0,19,0,30,15,20,65,0,46,18,20,84,12,26,38,122
03/06/2014,GYH,SC,ASO,ES,Federal Contract Tower,0,8,0,0,8,0,16,8,4,28,0,24,8,4,36,12,14,26,62
03/07/2014,GYH,SC,ASO,ES,Federal Contract Tower,0,7,2,0,9,0,6,2,9,17,0,13,4,9,26,0,8,8,34
03/08/2014,GYH,SC,ASO,ES,Federal Contract Tower,0,5,3,0,8,0,22,32,2,56,0,27,35,2,64,4,0,4,68
03/09/2014,GYH,SC,ASO,ES,Federal Contract Tower,0,8,2,0,10,0,6,10,6,22,0,14,12,6,32,14,0,14,46
03/10/2014,GYH,SC,ASO,ES,Federal Contract Tower,0,6,2,0,8,0,18,18,4,40,0,24,20,4,48,4,0,4,52
03/11/2014,GYH,SC,ASO,ES,Federal Contract Tower,0,6,5,2,13,0,16,11,2,29,0,22,16,4,42,38,0,38,80
03/12/2014,GYH,SC,ASO,ES,Federal Contract Tower,0,7,0,0,7,0,8,0,0,8,0,15,0,0,15,0,0,0,15
03/13/2014,GYH,SC,ASO,ES,Federal Contract Tower,0,10,0,0,10,0,23,25,3,51,0,33,25,3,61,2,4,6,67
03/14/2014,GYH,SC,ASO,ES,Federal Contract Tower,0,12,1,1,14,0,17,8,8,33,0,29,9,9,47,0,0,0,47
03/15/2014,GYH,SC,ASO,ES,Federal Contract Tower,0,3,3,1,7,0,10,21,6,37,0,13,24,7,44,68,20,88,132
03/16/2014,GYH,SC,ASO,ES,Federal Contract Tower,0,4,1,1,6,0,0,0,0,0,0,4,1,1,6,0,0,0,6
03/17/2014,GYH,SC,ASO,ES,Federal Contract Tower,0,5,0,0,5,0,0,0,0,0,0,5,0,0,5,0,0,0,5
03/18/2014,GYH,SC,ASO,ES,Federal Contract Tower,0,10,1,6,17,0,8,0,12,20,0,18,1,18,37,0,40,40,77
03/19/2014,GYH,SC,ASO,ES,Federal Contract Tower,0,11,3,2,16,0,18,5,2,25,0,29,8,4,41,26,0,26,67
03/20/2014,GYH,SC,ASO,ES,Federal Contract Tower,0,7,1,2,10,0,44,25,1,70,0,51,26,3,80,36,6,42,122
03/21/2014,GYH,SC,ASO,ES,Federal Contract Tower,0,8,4,5,17,0,23,36,2,61,0,31,40,7,78,42,0,42,120
03/22/2014,GYH,SC,ASO,ES,Federal Contract Tower,0,6,0,0,6,0,0,17,0,17,0,6,17,0,23,60,0,60,83
03/23/2014,GYH,SC,ASO,ES,Federal Contract Tower,0,5,0,2,7,0,4,0,0,4,0,9,0,2,11,0,0,0,11
03/24/2014,GYH,SC,ASO,ES,Federal Contract Tower,0,5,7,4,16,0,11,18,2,31,0,16,25,6,47,32,0,32,79
03/25/2014,GYH,SC,ASO,ES,Federal Contract Tower,0,4,2,1,7,0,17,1,4,22,0,21,3,5,29,0,0,0,29
03/26/2014,GYH,SC,ASO,ES,Federal Contract Tower,0,4,2,11,17,0,28,14,7,49,0,32,16,18,66,24,0,24,90
03/27/2014,GYH,SC,ASO,ES,Federal Contract Tower,0,5,0,2,7,0,4,17,4,25,0,9,17,6,32,10,10,20,52
03/28/2014,GYH,SC,ASO,ES,Federal Contract Tower,0,9,2,3,14,0,5,0,0,5,0,14,2,3,19,0,0,0,19
03/29/2014,GYH,SC,ASO,ES,Federal Contract Tower,0,8,3,0,11,0,0,0,0,0,0,8,3,0,11,0,0,0,11
03/30/2014,GYH,SC,ASO,ES,Federal Contract Tower,0,6,2,3,11,0,8,7,3,18,0,14,9,6,29,0,4,4,33
03/31/2014,GYH,SC,ASO,ES,Federal Contract Tower,0,9,2,0,11,0,25,29,3,57,0,34,31,3,68,42,8,50,118
04/01/2014,GYH,SC,ASO,ES,Federal Contract Tower,0,13,1,3,17,0,20,17,2,39,0,33,18,5,56,50,0,50,106
04/02/2014,GYH,SC,ASO,ES,Federal Contract Tower,0,8,1,7,16,0,4,12,5,21,0,12,13,12,37,6,4,10,47
04/03/2014,GYH,SC,ASO,ES,Federal Contract Tower,0,11,0,0,11,0,14,15,7,36,0,25,15,7,47,24,0,24,71
04/04/2014,GYH,SC,ASO,ES,Federal Contract Tower,0,10,0,2,12,0,4,6,4,14,0,14,6,6,26,0,2,2,28
04/05/2014,GYH,SC,ASO,ES,Federal Contract Tower,0,10,2,0,12,0,6,12,0,18,0,16,14,0,30,12,0,12,42
04/06/2014,GYH,SC,ASO,ES,Federal Contract Tower,0,8,6,0,14,0,6,1,0,7,0,14,7,0,21,0,0,0,21
04/07/2014,GYH,SC,ASO,ES,Federal Contract Tower,0,0,0,0,0,0,0,0,0,0,0,0,0,0,0,0,0,0,0
04/08/2014,GYH,SC,ASO,ES,Federal Contract Tower,0,21,3,4,28,0,11,9,3,23,0,32,12,7,51,0,10,10,61
04/09/2014,GYH,SC,ASO,ES,Federal Contract Tower,0,3,2,1,6,0,16,13,6,35,0,19,15,7,41,2,0,2,43
04/10/2014,GYH,SC,ASO,ES,Federal Contract Tower,0,11,0,0,11,0,24,21,1,46,0,35,21,1,57,34,0,34,91
04/11/2014,GYH,SC,ASO,ES,Federal Contract Tower,0,4,1,3,8,0,36,12,1,49,0,40,13,4,57,14,0,14,71
04/12/2014,GYH,SC,ASO,ES,Federal Contract Tower,0,11,1,0,12,0,22,19,0,41,0,33,20,0,53,6,0,6,59
04/13/2014,GYH,SC,ASO,ES,Federal Contract Tower,0,13,3,0,16,0,13,10,0,23,0,26,13,0,39,0,0,0,39
04/14/2014,GYH,SC,ASO,ES,Federal Contract Tower,0,8,0,4,12,0,13,0,2,15,0,21,0,6,27,0,4,4,31
04/15/2014,GYH,SC,ASO,ES,Federal Contract Tower,0,14,0,0,14,0,4,0,0,4,0,18,0,0,18,0,0,0,18
04/16/2014,GYH,SC,ASO,ES,Federal Contract Tower,0,6,9,6,21,0,19,9,10,38,0,25,18,16,59,0,14,14,73
04/17/2014,GYH,SC,ASO,ES,Federal Contract Tower,0,6,0,2,8,0,22,7,11,40,0,28,7,13,48,12,12,24,72
04/18/2014,GYH,SC,ASO,ES,Federal Contract Tower,0,5,3,0,8,0,4,6,0,10,0,9,9,0,18,20,0,20,38
04/19/2014,GYH,SC,ASO,ES,Federal Contract Tower,0,3,2,0,5,0,4,0,0,4,0,7,2,0,9,0,0,0,9
04/20/2014,GYH,SC,ASO,ES,Federal Contract Tower,0,0,3,0,3,0,14,11,0,25,0,14,14,0,28,4,0,4,32
04/21/2014,GYH,SC,ASO,ES,Federal Contract Tower,0,5,4,1,10,0,14,11,0,25,0,19,15,1,35,16,0,16,51
04/22/2014,GYH,SC,ASO,ES,Federal Contract Tower,0,4,2,0,6,0,8,10,2,20,0,12,12,2,26,18,14,32,58
04/23/2014,GYH,SC,ASO,ES,Federal Contract Tower,0,4,0,0,4,0,51,26,12,89,0,55,26,12,93,60,8,68,161
04/24/2014,GYH,SC,ASO,ES,Federal Contract Tower,0,15,2,2,19,0,16,31,21,68,0,31,33,23,87,12,20,32,119
04/25/2014,GYH,SC,ASO,ES,Federal Contract Tower,0,6,7,0,13,0,14,4,0,18,0,20,11,0,31,6,0,6,37
04/26/2014,GYH,SC,ASO,ES,Federal Contract Tower,0,3,1,0,4,0,18,34,0,52,0,21,35,0,56,12,0,12,68
04/27/2014,GYH,SC,ASO,ES,Federal Contract Tower,0,10,2,0,12,0,11,16,0,27,0,21,18,0,39,0,0,0,39
04/28/2014,GYH,SC,ASO,ES,Federal Contract Tower,0,15,6,0,21,0,27,14,2,43,0,42,20,2,64,6,0,6,70
04/29/2014,GYH,SC,ASO,ES,Federal Contract Tower,0,14,0,0,14,0,12,2,0,14,0,26,2,0,28,0,0,0,28
04/30/2014,GYH,SC,ASO,ES,Federal Contract Tower,0,14,0,5,19,0,6,5,0,11,0,20,5,5,30,0,0,0,30
05/01/2014,GYH,SC,ASO,ES,Federal Contract Tower,0,4,5,6,15,0,20,6,4,30,0,24,11,10,45,4,0,4,49
05/02/2014,GYH,SC,ASO,ES,Federal Contract Tower,0,6,3,0,9,0,22,13,6,41,0,28,16,6,50,6,0,6,56
05/03/2014,GYH,SC,ASO,ES,Federal Contract Tower,0,4,3,0,7,0,13,59,6,78,0,17,62,6,85,16,0,16,101
05/04/2014,GYH,SC,ASO,ES,Federal Contract Tower,0,3,4,2,9,0,24,14,4,42,0,27,18,6,51,0,0,0,51
05/05/2014,GYH,SC,ASO,ES,Federal Contract Tower,0,3,2,4,9,0,22,29,8,59,0,25,31,12,68,88,2,90,158
05/06/2014,GYH,SC,ASO,ES,Federal Contract Tower,0,4,2,5,11,0,39,30,9,78,0,43,32,14,89,106,30,136,225
05/07/2014,GYH,SC,ASO,ES,Federal Contract Tower,0,8,1,1,10,0,34,29,0,63,0,42,30,1,73,114,0,114,187
05/08/2014,GYH,SC,ASO,ES,Federal Contract Tower,0,7,2,10,19,0,50,27,18,95,0,57,29,28,114,56,12,68,182
05/09/2014,GYH,SC,ASO,ES,Federal Contract Tower,0,4,0,0,4,0,13,8,0,21,0,17,8,0,25,30,0,30,55
05/10/2014,GYH,SC,ASO,ES,Federal Contract Tower,0,1,2,0,3,0,28,10,0,38,0,29,12,0,41,4,0,4,45
05/11/2014,GYH,SC,ASO,ES,Federal Contract Tower,0,5,0,0,5,0,20,9,0,29,0,25,9,0,34,0,0,0,34
05/12/2014,GYH,SC,ASO,ES,Federal Contract Tower,0,13,9,1,23,0,50,25,0,75,0,63,34,1,98,30,0,30,128
05/13/2014,GYH,SC,ASO,ES,Federal Contract Tower,0,4,1,0,5,0,24,11,6,41,0,28,12,6,46,18,6,24,70
05/14/2014,GYH,SC,ASO,ES,Federal Contract Tower,0,13,3,0,16,0,31,29,0,60,0,44,32,0,76,8,0,8,84
05/15/2014,GYH,SC,ASO,ES,Federal Contract Tower,0,7,0,0,7,0,4,1,0,5,0,11,1,0,12,0,0,0,12
05/16/2014,GYH,SC,ASO,ES,Federal Contract Tower,0,5,8,2,15,0,20,12,0,32,0,25,20,2,47,0,0,0,47
05/17/2014,GYH,SC,ASO,ES,Federal Contract Tower,0,0,0,0,0,0,8,4,0,12,0,8,4,0,12,0,0,0,12
05/18/2014,GYH,SC,ASO,ES,Federal Contract Tower,0,10,1,0,11,0,4,2,0,6,0,14,3,0,17,0,0,0,17
05/19/2014,GYH,SC,ASO,ES,Federal Contract Tower,0,14,2,0,16,0,15,5,0,20,0,29,7,0,36,12,0,12,48
05/20/2014,GYH,SC,ASO,ES,Federal Contract Tower,0,12,0,0,12,0,53,20,6,79,0,65,20,6,91,24,16,40,131
05/21/2014,GYH,SC,ASO,ES,Federal Contract Tower,0,8,1,5,14,0,34,9,5,48,0,42,10,10,62,0,0,0,62
05/22/2014,GYH,SC,ASO,ES,Federal Contract Tower,0,8,0,0,8,0,13,28,62,103,0,21,28,62,111,30,0,30,141
05/23/2014,GYH,SC,ASO,ES,Federal Contract Tower,0,11,0,0,11,0,12,8,0,20,0,23,8,0,31,12,0,12,43
05/24/2014,GYH,SC,ASO,ES,Federal Contract Tower,0,4,2,0,6,0,10,13,4,27,0,14,15,4,33,8,0,8,41
05/25/2014,GYH,SC,ASO,ES,Federal Contract Tower,0,0,3,0,3,0,4,12,0,16,0,4,15,0,19,0,0,0,19
05/26/2014,GYH,SC,ASO,ES,Federal Contract Tower,0,4,1,0,5,0,12,19,0,31,0,16,20,0,36,24,0,24,60
05/27/2014,GYH,SC,ASO,ES,Federal Contract Tower,0,10,3,4,17,0,12,15,7,34,0,22,18,11,51,8,2,10,61
05/28/2014,GYH,SC,ASO,ES,Federal Contract Tower,0,4,5,6,15,0,20,9,4,33,0,24,14,10,48,0,42,42,90
05/29/2014,GYH,SC,ASO,ES,Federal Contract Tower,0,1,1,0,2,0,4,12,8,24,0,5,13,8,26,62,2,64,90
05/30/2014,GYH,SC,ASO,ES,Federal Contract Tower,0,5,1,0,6,0,4,2,0,6,0,9,3,0,12,0,0,0,12
05/31/2014,GYH,SC,ASO,ES,Federal Contract Tower,0,5,4,0,9,0,9,8,0,17,0,14,12,0,26,2,0,2,28
06/01/2014,GYH,SC,ASO,ES,Federal Contract Tower,0,3,2,1,6,0,6,3,2,11,0,9,5,3,17,0,4,4,21
06/02/2014,GYH,SC,ASO,ES,Federal Contract Tower,0,3,0,3,6,0,14,10,0,24,0,17,10,3,30,0,0,0,30
06/03/2014,GYH,SC,ASO,ES,Federal Contract Tower,0,4,6,9,19,0,18,15,4,37,0,22,21,13,56,16,20,36,92
06/04/2014,GYH,SC,ASO,ES,Federal Contract Tower,0,13,2,0,15,0,11,6,0,17,0,24,8,0,32,18,0,18,50
06/05/2014,GYH,SC,ASO,ES,Federal Contract Tower,0,13,4,1,18,0,28,15,7,50,0,41,19,8,68,28,16,44,112
06/06/2014,GYH,SC,ASO,ES,Federal Contract Tower,0,8,2,0,10,0,18,9,6,33,0,26,11,6,43,6,2,8,51
06/07/2014,GYH,SC,ASO,ES,Federal Contract Tower,0,3,3,2,8,0,8,11,0,19,0,11,14,2,27,6,0,6,33
06/08/2014,GYH,SC,ASO,ES,Federal Contract Tower,0,2,3,0,5,0,10,8,5,23,0,12,11,5,28,4,0,4,32
06/09/2014,GYH,SC,ASO,ES,Federal Contract Tower,0,10,3,0,13,0,20,16,4,40,0,30,19,4,53,18,24,42,95
06/10/2014,GYH,SC,ASO,ES,Federal Contract Tower,0,7,4,2,13,0,22,17,19,58,0,29,21,21,71,18,36,54,125
06/11/2014,GYH,SC,ASO,ES,Federal Contract Tower,0,21,1,0,22,0,18,0,2,20,0,39,1,2,42,0,0,0,42
06/12/2014,GYH,SC,ASO,ES,Federal Contract Tower,0,3,3,0,6,0,10,15,4,29,0,13,18,4,35,20,0,20,55
06/13/2014,GYH,SC,ASO,ES,Federal Contract Tower,0,10,4,9,23,0,22,12,1,35,0,32,16,10,58,24,0,24,82
06/14/2014,GYH,SC,ASO,ES,Federal Contract Tower,0,5,6,0,11,0,9,10,0,19,0,14,16,0,30,0,0,0,30
06/15/2014,GYH,SC,ASO,ES,Federal Contract Tower,0,5,6,0,11,0,14,27,0,41,0,19,33,0,52,24,0,24,76
06/16/2014,GYH,SC,ASO,ES,Federal Contract Tower,0,17,1,5,23,0,12,9,4,25,0,29,10,9,48,8,16,24,72
06/17/2014,GYH,SC,ASO,ES,Federal Contract Tower,0,12,2,0,14,0,20,6,0,26,0,32,8,0,40,0,0,0,40
06/18/2014,GYH,SC,ASO,ES,Federal Contract Tower,0,7,2,2,11,0,8,6,1,15,0,15,8,3,26,0,0,0,26
06/19/2014,GYH,SC,ASO,ES,Federal Contract Tower,0,9,4,5,18,0,11,11,13,35,0,20,15,18,53,0,28,28,81
06/20/2014,GYH,SC,ASO,ES,Federal Contract Tower,0,13,6,2,21,0,27,15,4,46,0,40,21,6,67,14,0,14,81
06/21/2014,GYH,SC,ASO,ES,Federal Contract Tower,0,4,1,0,5,0,10,18,0,28,0,14,19,0,33,10,0,10,43
06/22/2014,GYH,SC,ASO,ES,Federal Contract Tower,0,1,5,0,6,0,18,11,0,29,0,19,16,0,35,2,2,4,39
06/23/2014,GYH,SC,ASO,ES,Federal Contract Tower,0,6,2,0,8,0,35,4,11,50,0,41,6,11,58,2,0,2,60
06/24/2014,GYH,SC,ASO,ES,Federal Contract Tower,0,9,2,1,12,0,14,9,7,30,0,23,11,8,42,14,0,14,56
06/25/2014,GYH,SC,ASO,ES,Federal Contract Tower,0,8,2,2,12,0,12,6,0,18,0,20,8,2,30,6,0,6,36
06/26/2014,GYH,SC,ASO,ES,Federal Contract Tower,0,19,1,2,22,0,16,23,6,45,0,35,24,8,67,16,4,20,87
06/27/2014,GYH,SC,ASO,ES,Federal Contract Tower,0,3,10,2,15,0,26,8,4,38,0,29,18,6,53,0,0,0,53
06/28/2014,GYH,SC,ASO,ES,Federal Contract Tower,0,5,7,2,14,0,8,6,2,16,0,13,13,4,30,22,0,22,52
06/29/2014,GYH,SC,ASO,ES,Federal Contract Tower,0,4,3,0,7,0,4,5,6,15,0,8,8,6,22,8,0,8,30
06/30/2014,GYH,SC,ASO,ES,Federal Contract Tower,0,6,1,2,9,0,6,7,0,13,0,12,8,2,22,8,0,8,30
07/01/2014,GYH,SC,ASO,ES,Federal Contract Tower,0,7,3,1,11,0,12,7,4,23,0,19,10,5,34,0,10,10,44
07/02/2014,GYH,SC,ASO,ES,Federal Contract Tower,0,5,2,2,9,0,12,9,4,25,0,17,11,6,34,8,2,10,44
07/03/2014,GYH,SC,ASO,ES,Federal Contract Tower,0,8,4,0,12,0,31,13,4,48,0,39,17,4,60,16,0,16,76
07/04/2014,GYH,SC,ASO,ES,Federal Contract Tower,0,2,4,0,6,0,4,10,0,14,0,6,14,0,20,6,0,6,26
07/05/2014,GYH,SC,ASO,ES,Federal Contract Tower,0,4,1,0,5,0,19,12,0,31,0,23,13,0,36,4,0,4,40
07/06/2014,GYH,SC,ASO,ES,Federal Contract Tower,0,8,2,0,10,0,24,19,0,43,0,32,21,0,53,24,0,24,77
07/07/2014,GYH,SC,ASO,ES,Federal Contract Tower,0,5,0,0,5,0,27,13,0,40,0,32,13,0,45,54,0,54,99
07/08/2014,GYH,SC,ASO,ES,Federal Contract Tower,0,7,3,1,11,0,8,4,16,28,0,15,7,17,39,2,6,8,47
07/09/2014,GYH,SC,ASO,ES,Federal Contract Tower,0,7,6,0,13,0,17,16,15,48,0,24,22,15,61,52,8,60,121
07/10/2014,GYH,SC,ASO,ES,Federal Contract Tower,0,5,5,1,11,0,12,14,3,29,0,17,19,4,40,30,0,30,70
07/11/2014,GYH,SC,ASO,ES,Federal Contract Tower,0,4,2,5,11,0,10,6,7,23,0,14,8,12,34,8,18,26,60
07/12/2014,GYH,SC,ASO,ES,Federal Contract Tower,0,6,6,1,13,0,11,22,1,34,0,17,28,2,47,8,0,8,55
07/13/2014,GYH,SC,ASO,ES,Federal Contract Tower,0,6,1,0,7,0,18,13,0,31,0,24,14,0,38,6,0,6,44
07/14/2014,GYH,SC,ASO,ES,Federal Contract Tower,0,9,0,2,11,0,17,9,8,34,0,26,9,10,45,20,0,20,65
07/15/2014,GYH,SC,ASO,ES,Federal Contract Tower,0,2,1,1,4,0,9,24,8,41,0,11,25,9,45,16,0,16,61
07/16/2014,GYH,SC,ASO,ES,Federal Contract Tower,0,12,4,0,16,0,11,11,0,22,0,23,15,0,38,0,0,0,38
07/17/2014,GYH,SC,ASO,ES,Federal Contract Tower,0,16,7,0,23,0,10,14,6,30,0,26,21,6,53,2,0,2,55
07/18/2014,GYH,SC,ASO,ES,Federal Contract Tower,0,6,3,2,11,0,8,0,2,10,0,14,3,4,21,0,0,0,21
07/19/2014,GYH,SC,ASO,ES,Federal Contract Tower,0,0,2,0,2,0,0,0,0,0,0,0,2,0,2,0,0,0,2
07/20/2014,GYH,SC,ASO,ES,Federal Contract Tower,0,1,0,0,1,0,18,4,0,22,0,19,4,0,23,0,0,0,23
07/21/2014,GYH,SC,ASO,ES,Federal Contract Tower,0,12,2,0,14,0,8,2,0,10,0,20,4,0,24,4,0,4,28
07/22/2014,GYH,SC,ASO,ES,Federal Contract Tower,0,8,9,6,23,0,12,0,4,16,0,20,9,10,39,0,16,16,55
07/23/2014,GYH,SC,ASO,ES,Federal Contract Tower,0,11,7,3,21,0,9,18,9,36,0,20,25,12,57,26,6,32,89
07/24/2014,GYH,SC,ASO,ES,Federal Contract Tower,0,4,0,2,6,0,5,6,4,15,0,9,6,6,21,4,2,6,27
07/25/2014,GYH,SC,ASO,ES,Federal Contract Tower,0,11,3,0,14,0,10,7,11,28,0,21,10,11,42,0,2,2,44
07/26/2014,GYH,SC,ASO,ES,Federal Contract Tower,0,3,0,0,3,0,16,21,0,37,0,19,21,0,40,40,0,40,80
07/27/2014,GYH,SC,ASO,ES,Federal Contract Tower,0,2,7,0,9,0,14,15,0,29,0,16,22,0,38,2,0,2,40
07/28/2014,GYH,SC,ASO,ES,Federal Contract Tower,0,6,2,1,9,0,9,2,6,17,0,15,4,7,26,0,0,0,26
07/29/2014,GYH,SC,ASO,ES,Federal Contract Tower,0,5,2,2,9,0,18,7,19,44,0,23,9,21,53,0,0,0,53
07/30/2014,GYH,SC,ASO,ES,Federal Contract Tower,0,4,2,10,16,0,16,4,8,28,0,20,6,18,44,10,6,16,60
07/31/2014,GYH,SC,ASO,ES,Federal Contract Tower,0,6,1,2,9,0,0,0,1,1,0,6,1,3,10,0,0,0,10
08/01/2014,GYH,SC,ASO,ES,Federal Contract Tower,0,4,5,2,11,0,6,4,4,14,0,10,9,6,25,0,10,10,35
08/02/2014,GYH,SC,ASO,ES,Federal Contract Tower,0,6,2,0,8,0,8,4,0,12,0,14,6,0,20,0,0,0,20
08/03/2014,GYH,SC,ASO,ES,Federal Contract Tower,0,5,2,0,7,0,38,18,0,56,0,43,20,0,63,28,0,28,91
08/04/2014,GYH,SC,ASO,ES,Federal Contract Tower,0,3,6,1,10,0,56,12,7,75,0,59,18,8,85,52,0,52,137
08/05/2014,GYH,SC,ASO,ES,Federal Contract Tower,0,16,1,4,21,0,66,22,9,97,0,82,23,13,118,30,6,36,154
08/06/2014,GYH,SC,ASO,ES,Federal Contract Tower,0,5,2,0,7,0,76,20,21,117,0,81,22,21,124,50,30,80,204
08/07/2014,GYH,SC,ASO,ES,Federal Contract Tower,0,9,1,3,13,0,19,20,13,52,0,28,21,16,65,8,10,18,83
08/08/2014,GYH,SC,ASO,ES,Federal Contract Tower,0,11,0,1,12,0,4,2,1,7,0,15,2,2,19,0,0,0,19
08/09/2014,GYH,SC,ASO,ES,Federal Contract Tower,0,0,6,0,6,0,14,0,0,14,0,14,6,0,20,0,0,0,20
08/10/2014,GYH,SC,ASO,ES,Federal Contract Tower,0,8,0,0,8,0,0,0,0,0,0,8,0,0,8,0,0,0,8
08/11/2014,GYH,SC,ASO,ES,Federal Contract Tower,0,5,2,0,7,0,23,0,5,28,0,28,2,5,35,0,24,24,59
08/12/2014,GYH,SC,ASO,ES,Federal Contract Tower,0,14,6,4,24,0,20,8,3,31,0,34,14,7,55,2,0,2,57
08/13/2014,GYH,SC,ASO,ES,Federal Contract Tower,0,15,0,2,17,0,22,18,10,50,0,37,18,12,67,46,10,56,123
08/14/2014,GYH,SC,ASO,ES,Federal Contract Tower,0,9,4,5,18,0,30,18,15,63,0,39,22,20,81,12,30,42,123
08/15/2014,GYH,SC,ASO,ES,Federal Contract Tower,0,5,2,0,7,0,18,23,2,43,0,23,25,2,50,0,0,0,50
08/16/2014,GYH,SC,ASO,ES,Federal Contract Tower,0,1,1,0,2,0,40,26,3,69,0,41,27,3,71,0,0,0,71
08/17/2014,GYH,SC,ASO,ES,Federal Contract Tower,0,11,2,2,15,0,31,12,2,45,0,42,14,4,60,0,0,0,60
08/18/2014,GYH,SC,ASO,ES,Federal Contract Tower,0,7,2,0,9,0,17,8,0,25,0,24,10,0,34,0,0,0,34
08/19/2014,GYH,SC,ASO,ES,Federal Contract Tower,0,8,1,0,9,0,14,0,4,18,0,22,1,4,27,0,0,0,27
08/20/2014,GYH,SC,ASO,ES,Federal Contract Tower,0,9,3,2,14,0,9,8,13,30,0,18,11,15,44,24,16,40,84
08/21/2014,GYH,SC,ASO,ES,Federal Contract Tower,0,7,0,2,9,0,4,7,8,19,0,11,7,10,28,28,4,32,60
08/22/2014,GYH,SC,ASO,ES,Federal Contract Tower,0,10,4,6,20,0,7,12,5,24,0,17,16,11,44,0,12,12,56
08/23/2014,GYH,SC,ASO,ES,Federal Contract Tower,0,6,2,0,8,0,12,22,6,40,0,18,24,6,48,22,0,22,70
08/24/2014,GYH,SC,ASO,ES,Federal Contract Tower,0,5,6,0,11,0,4,0,0,4,0,9,6,0,15,0,0,0,15
08/25/2014,GYH,SC,ASO,ES,Federal Contract Tower,0,5,3,6,14,0,6,9,19,34,0,11,12,25,48,18,22,40,88
08/26/2014,GYH,SC,ASO,ES,Federal Contract Tower,0,7,4,6,17,0,19,29,18,66,0,26,33,24,83,24,42,66,149
08/27/2014,GYH,SC,ASO,ES,Federal Contract Tower,0,15,1,2,18,0,10,12,11,33,0,25,13,13,51,30,42,72,123
08/28/2014,GYH,SC,ASO,ES,Federal Contract Tower,0,15,5,1,21,0,39,13,3,55,0,54,18,4,76,12,0,12,88
08/29/2014,GYH,SC,ASO,ES,Federal Contract Tower,0,3,4,0,7,0,14,20,4,38,0,17,24,4,45,6,0,6,51
08/30/2014,GYH,SC,ASO,ES,Federal Contract Tower,0,5,2,0,7,0,32,16,0,48,0,37,18,0,55,4,0,4,59
08/31/2014,GYH,SC,ASO,ES,Federal Contract Tower,0,5,1,0,6,0,18,1,0,19,0,23,2,0,25,0,0,0,25
09/01/2014,GYH,SC,ASO,ES,Federal Contract Tower,0,1,10,0,11,0,22,22,0,44,0,23,32,0,55,22,0,22,77
09/02/2014,GYH,SC,ASO,ES,Federal Contract Tower,0,13,2,7,22,0,28,18,13,59,0,41,20,20,81,64,0,64,145
09/03/2014,GYH,SC,ASO,ES,Federal Contract Tower,0,11,1,5,17,0,73,11,20,104,0,84,12,25,121,90,36,126,247
09/04/2014,GYH,SC,ASO,ES,Federal Contract Tower,0,17,0,10,27,0,37,11,9,57,0,54,11,19,84,86,18,104,188
09/05/2014,GYH,SC,ASO,ES,Federal Contract Tower,0,6,1,14,21,0,16,34,10,60,0,22,35,24,81,50,2,52,133
09/06/2014,GYH,SC,ASO,ES,Federal Contract Tower,0,4,0,8,12,0,14,18,2,34,0,18,18,10,46,0,0,0,46
09/07/2014,GYH,SC,ASO,ES,Federal Contract Tower,0,6,0,8,14,0,14,7,0,21,0,20,7,8,35,4,0,4,39
09/08/2014,GYH,SC,ASO,ES,Federal Contract Tower,0,10,4,0,14,0,12,0,19,31,0,22,4,19,45,0,22,22,67
09/09/2014,GYH,SC,ASO,ES,Federal Contract Tower,0,12,9,1,22,0,28,24,18,70,0,40,33,19,92,76,24,100,192
09/10/2014,GYH,SC,ASO,ES,Federal Contract Tower,0,15,0,0,15,0,13,22,7,42,0,28,22,7,57,8,0,8,65
09/11/2014,GYH,SC,ASO,ES,Federal Contract Tower,0,13,4,3,20,0,16,15,10,41,0,29,19,13,61,2,2,4,65
09/12/2014,GYH,SC,ASO,ES,Federal Contract Tower,0,8,2,0,10,0,12,1,24,37,0,20,3,24,47,0,6,6,53
09/13/2014,GYH,SC,ASO,ES,Federal Contract Tower,0,1,4,0,5,0,22,6,0,28,0,23,10,0,33,8,0,8,41
09/14/2014,GYH,SC,ASO,ES,Federal Contract Tower,0,8,5,0,13,0,0,2,0,2,0,8,7,0,15,0,0,0,15
09/15/2014,GYH,SC,ASO,ES,Federal Contract Tower,0,4,5,4,13,0,4,10,5,19,0,8,15,9,32,18,10,28,60
09/16/2014,GYH,SC,ASO,ES,Federal Contract Tower,0,14,1,1,16,0,19,5,11,35,0,33,6,12,51,4,16,20,71
09/17/2014,GYH,SC,ASO,ES,Federal Contract Tower,0,12,0,1,13,0,12,0,2,14,0,24,0,3,27,0,0,0,27
09/18/2014,GYH,SC,ASO,ES,Federal Contract Tower,0,18,16,1,35,0,4,16,18,38,0,22,32,19,73,8,14,22,95
09/19/2014,GYH,SC,ASO,ES,Federal Contract Tower,0,9,1,9,19,0,8,16,11,35,0,17,17,20,54,40,22,62,116
09/20/2014,GYH,SC,ASO,ES,Federal Contract Tower,0,6,1,0,7,0,16,25,0,41,0,22,26,0,48,16,0,16,64
09/21/2014,GYH,SC,ASO,ES,Federal Contract Tower,0,5,3,1,9,0,12,14,0,26,0,17,17,1,35,0,0,0,35
09/22/2014,GYH,SC,ASO,ES,Federal Contract Tower,0,12,0,0,12,0,33,10,0,43,0,45,10,0,55,22,0,22,77
09/23/2014,GYH,SC,ASO,ES,Federal Contract Tower,0,11,0,0,11,0,33,32,7,72,0,44,32,7,83,40,8,48,131
09/24/2014,GYH,SC,ASO,ES,Federal Contract Tower,0,16,4,2,22,0,33,29,9,71,0,49,33,11,93,38,8,46,139
09/25/2014,GYH,SC,ASO,ES,Federal Contract Tower,0,8,7,3,18,0,32,18,11,61,0,40,25,14,79,32,10,42,121
09/26/2014,GYH,SC,ASO,ES,Federal Contract Tower,0,16,4,1,21,0,19,8,0,27,0,35,12,1,48,0,0,0,48
09/27/2014,GYH,SC,ASO,ES,Federal Contract Tower,0,6,1,1,8,0,4,18,19,41,0,10,19,20,49,0,26,26,75
09/28/2014,GYH,SC,ASO,ES,Federal Contract Tower,0,5,0,0,5,0,16,25,0,41,0,21,25,0,46,46,0,46,92
09/29/2014,GYH,SC,ASO,ES,Federal Contract Tower,0,16,3,0,19,0,12,6,1,19,0,28,9,1,38,10,0,10,48
09/30/2014,GYH,SC,ASO,ES,Federal Contract Tower,0,13,6,0,19,0,30,14,20,64,0,43,20,20,83,18,16,34,117
10/01/2014,GYH,SC,ASO,ES,Federal Contract Tower,0,15,2,1,18,0,22,9,7,38,0,37,11,8,56,4,2,6,62
10/02/2014,GYH,SC,ASO,ES,Federal Contract Tower,0,18,1,2,21,0,18,12,19,49,0,36,13,21,70,0,0,0,70
10/03/2014,GYH,SC,ASO,ES,Federal Contract Tower,0,7,2,1,10,0,0,2,0,2,0,7,4,1,12,0,0,0,12
10/04/2014,GYH,SC,ASO,ES,Federal Contract Tower,0,6,0,0,6,0,19,13,0,32,0,25,13,0,38,6,0,6,44
10/05/2014,GYH,SC,ASO,ES,Federal Contract Tower,0,19,3,0,22,0,7,16,8,31,0,26,19,8,53,4,0,4,57
10/06/2014,GYH,SC,ASO,ES,Federal Contract Tower,0,9,2,4,15,0,12,8,0,20,0,21,10,4,35,8,0,8,43
10/07/2014,GYH,SC,ASO,ES,Federal Contract Tower,0,16,0,4,20,0,18,16,8,42,0,34,16,12,62,10,4,14,76
10/08/2014,GYH,SC,ASO,ES,Federal Contract Tower,0,5,4,4,13,0,6,11,10,27,0,11,15,14,40,18,8,26,66
10/09/2014,GYH,SC,ASO,ES,Federal Contract Tower,0,14,3,1,18,0,9,13,13,35,0,23,16,14,53,16,10,26,79
10/10/2014,GYH,SC,ASO,ES,Federal Contract Tower,0,9,3,0,12,0,9,4,0,13,0,18,7,0,25,0,0,0,25
10/11/2014,GYH,SC,ASO,ES,Federal Contract Tower,0,4,2,0,6,0,22,19,0,41,0,26,21,0,47,16,0,16,63
10/12/2014,GYH,SC,ASO,ES,Federal Contract Tower,0,2,4,0,6,0,0,0,0,0,0,2,4,0,6,0,0,0,6
10/13/2014,GYH,SC,ASO,ES,Federal Contract Tower,0,6,1,0,7,0,0,0,0,0,0,6,1,0,7,0,0,0,7
10/14/2014,GYH,SC,ASO,ES,Federal Contract Tower,0,5,0,0,5,0,0,0,0,0,0,5,0,0,5,0,0,0,5
10/15/2014,GYH,SC,ASO,ES,Federal Contract Tower,0,14,5,3,22,0,48,23,39,110,0,62,28,42,132,42,58,100,232
10/16/2014,GYH,SC,ASO,ES,Federal Contract Tower,0,8,5,3,16,0,92,22,17,131,0,100,27,20,147,82,24,106,253
10/17/2014,GYH,SC,ASO,ES,Federal Contract Tower,0,14,5,3,22,0,44,27,5,76,0,58,32,8,98,26,0,26,124
10/18/2014,GYH,SC,ASO,ES,Federal Contract Tower,0,0,2,1,3,0,20,23,3,46,0,20,25,4,49,14,0,14,63
10/19/2014,GYH,SC,ASO,ES,Federal Contract Tower,0,6,3,0,9,0,8,17,2,27,0,14,20,2,36,20,0,20,56
10/20/2014,GYH,SC,ASO,ES,Federal Contract Tower,0,5,1,1,7,0,11,14,2,27,0,16,15,3,34,0,0,0,34
10/21/2014,GYH,SC,ASO,ES,Federal Contract Tower,0,3,4,2,9,0,18,10,14,42,0,21,14,16,51,8,20,28,79
10/22/2014,GYH,SC,ASO,ES,Federal Contract Tower,0,14,4,4,22,0,14,23,21,58,0,28,27,25,80,32,18,50,130
10/23/2014,GYH,SC,ASO,ES,Federal Contract Tower,0,17,0,2,19,0,18,25,15,58,0,35,25,17,77,16,44,60,137
10/24/2014,GYH,SC,ASO,ES,Federal Contract Tower,0,7,5,1,13,0,17,7,0,24,0,24,12,1,37,6,0,6,43
10/25/2014,GYH,SC,ASO,ES,Federal Contract Tower,0,2,3,1,6,0,15,81,0,96,0,17,84,1,102,4,0,4,106
10/26/2014,GYH,SC,ASO,ES,Federal Contract Tower,0,3,5,0,8,0,6,24,0,30,0,9,29,0,38,40,0,40,78
10/27/2014,GYH,SC,ASO,ES,Federal Contract Tower,0,8,0,2,10,0,21,16,0,37,0,29,16,2,47,50,0,50,97
10/28/2014,GYH,SC,ASO,ES,Federal Contract Tower,0,11,3,2,16,0,5,6,17,28,0,16,9,19,44,2,30,32,76
10/29/2014,GYH,SC,ASO,ES,Federal Contract Tower,0,8,7,1,16,0,18,3,14,35,0,26,10,15,51,0,26,26,77
10/30/2014,GYH,SC,ASO,ES,Federal Contract Tower,0,7,7,6,20,0,10,18,28,56,0,17,25,34,76,8,110,118,194
10/31/2014,GYH,SC,ASO,ES,Federal Contract Tower,0,8,0,1,9,0,13,9,0,22,0,21,9,1,31,12,0,12,43
11/01/2014,GYH,SC,ASO,ES,Federal Contract Tower,0,2,1,0,3,0,6,1,0,7,0,8,2,0,10,0,0,0,10
11/02/2014,GYH,SC,ASO,ES,Federal Contract Tower,0,1,2,0,3,0,10,5,3,18,0,11,7,3,21,0,0,0,21
11/03/2014,GYH,SC,ASO,ES,Federal Contract Tower,0,5,2,0,7,0,16,10,8,34,0,21,12,8,41,0,50,50,91
11/04/2014,GYH,SC,ASO,ES,Federal Contract Tower,0,1,7,1,9,0,19,6,3,28,0,20,13,4,37,0,0,0,37
11/05/2014,GYH,SC,ASO,ES,Federal Contract Tower,0,8,0,6,14,0,7,19,26,52,0,15,19,32,66,8,84,92,158
11/06/2014,GYH,SC,ASO,ES,Federal Contract Tower,0,5,4,0,9,0,13,5,35,53,0,18,9,35,62,4,106,110,172
11/07/2014,GYH,SC,ASO,ES,Federal Contract Tower,0,9,1,2,12,0,22,19,9,50,0,31,20,11,62,20,24,44,106
11/08/2014,GYH,SC,ASO,ES,Federal Contract Tower,0,7,2,0,9,0,16,14,0,30,0,23,16,0,39,0,0,0,39
11/09/2014,GYH,SC,ASO,ES,Federal Contract Tower,0,7,1,0,8,0,17,28,0,45,0,24,29,0,53,14,0,14,67
11/10/2014,GYH,SC,ASO,ES,Federal Contract Tower,0,8,2,0,10,0,22,17,0,39,0,30,19,0,49,18,0,18,67
11/11/2014,GYH,SC,ASO,ES,Federal Contract Tower,0,11,0,0,11,0,10,17,0,27,0,21,17,0,38,14,0,14,52
11/12/2014,GYH,SC,ASO,ES,Federal Contract Tower,0,13,6,5,24,0,10,12,12,34,0,23,18,17,58,14,16,30,88
11/13/2014,GYH,SC,ASO,ES,Federal Contract Tower,0,15,6,0,21,0,24,32,37,93,0,39,38,37,114,56,50,106,220
11/14/2014,GYH,SC,ASO,ES,Federal Contract Tower,0,11,5,2,18,0,14,10,8,32,0,25,15,10,50,4,0,4,54
11/15/2014,GYH,SC,ASO,ES,Federal Contract Tower,0,4,4,2,10,0,4,28,15,47,0,8,32,17,57,24,0,24,81
11/16/2014,GYH,SC,ASO,ES,Federal Contract Tower,0,16,4,3,23,0,13,11,3,27,0,29,15,6,50,14,0,14,64
11/17/2014,GYH,SC,ASO,ES,Federal Contract Tower,0,4,1,0,5,0,2,2,0,4,0,6,3,0,9,0,0,0,9
11/18/2014,GYH,SC,ASO,ES,Federal Contract Tower,0,7,2,0,9,0,21,12,12,45,0,28,14,12,54,18,14,32,86
11/19/2014,GYH,SC,ASO,ES,Federal Contract Tower,0,15,0,2,17,0,41,13,24,78,0,56,13,26,95,52,20,72,167
11/20/2014,GYH,SC,ASO,ES,Federal Contract Tower,0,12,0,2,14,0,19,18,28,65,0,31,18,30,79,22,10,32,111
11/21/2014,GYH,SC,ASO,ES,Federal Contract Tower,0,10,2,1,13,0,18,7,0,25,0,28,9,1,38,0,0,0,38
11/22/2014,GYH,SC,ASO,ES,Federal Contract Tower,0,8,1,0,9,0,8,24,0,32,0,16,25,0,41,4,0,4,45
11/23/2014,GYH,SC,ASO,ES,Federal Contract Tower,0,0,0,0,0,0,0,0,0,0,0,0,0,0,0,0,0,0,0
11/24/2014,GYH,SC,ASO,ES,Federal Contract Tower,0,16,5,5,26,0,8,4,4,16,0,24,9,9,42,4,6,10,52
11/25/2014,GYH,SC,ASO,ES,Federal Contract Tower,0,8,3,1,12,0,9,28,26,63,0,17,31,27,75,28,8,36,111
11/26/2014,GYH,SC,ASO,ES,Federal Contract Tower,0,13,4,3,20,0,7,5,0,12,0,20,9,3,32,2,0,2,34
11/27/2014,GYH,SC,ASO,ES,Federal Contract Tower,0,5,1,0,6,0,20,0,0,20,0,25,1,0,26,0,0,0,26
11/28/2014,GYH,SC,ASO,ES,Federal Contract Tower,0,3,5,0,8,0,10,20,0,30,0,13,25,0,38,34,0,34,72
11/29/2014,GYH,SC,ASO,ES,Federal Contract Tower,0,2,2,0,4,0,11,19,0,30,0,13,21,0,34,44,0,44,78
11/30/2014,GYH,SC,ASO,ES,Federal Contract Tower,0,3,4,0,7,0,5,13,0,18,0,8,17,0,25,2,0,2,27
12/01/2014,GYH,SC,ASO,ES,Federal Contract Tower,0,8,3,2,13,0,21,13,0,34,0,29,16,2,47,20,0,20,67
12/02/2014,GYH,SC,ASO,ES,Federal Contract Tower,0,4,1,0,5,0,34,16,14,64,0,38,17,14,69,24,30,54,123
12/03/2014,GYH,SC,ASO,ES,Federal Contract Tower,0,8,1,1,10,0,17,2,10,29,0,25,3,11,39,54,12,66,105
12/04/2014,GYH,SC,ASO,ES,Federal Contract Tower,0,13,3,2,18,0,7,17,23,47,0,20,20,25,65,16,30,46,111
12/05/2014,GYH,SC,ASO,ES,Federal Contract Tower,0,11,3,74,88,0,0,0,0,0,0,11,3,74,88,0,0,0,88
12/06/2014,GYH,SC,ASO,ES,Federal Contract Tower,0,4,5,0,9,0,0,0,0,0,0,4,5,0,9,0,0,0,9
12/07/2014,GYH,SC,ASO,ES,Federal Contract Tower,0,6,5,1,12,0,8,5,10,23,0,14,10,11,35,10,0,10,45
12/08/2014,GYH,SC,ASO,ES,Federal Contract Tower,0,8,4,0,12,0,8,1,0,9,0,16,5,0,21,4,0,4,25
12/09/2014,GYH,SC,ASO,ES,Federal Contract Tower,0,13,2,6,21,0,24,17,22,63,0,37,19,28,84,22,32,54,138
12/10/2014,GYH,SC,ASO,ES,Federal Contract Tower,0,8,2,1,11,0,20,12,10,42,0,28,14,11,53,14,8,22,75
12/11/2014,GYH,SC,ASO,ES,Federal Contract Tower,0,11,6,2,19,0,18,17,7,42,0,29,23,9,61,26,2,28,89
12/12/2014,GYH,SC,ASO,ES,Federal Contract Tower,0,5,1,4,10,0,28,23,0,51,0,33,24,4,61,22,0,22,83
12/13/2014,GYH,SC,ASO,ES,Federal Contract Tower,0,6,2,0,8,0,40,29,0,69,0,46,31,0,77,36,0,36,113
12/14/2014,GYH,SC,ASO,ES,Federal Contract Tower,0,1,0,0,1,0,16,22,0,38,0,17,22,0,39,32,0,32,71
12/15/2014,GYH,SC,ASO,ES,Federal Contract Tower,0,6,0,2,8,0,17,17,0,34,0,23,17,2,42,30,0,30,72
12/16/2014,GYH,SC,ASO,ES,Federal Contract Tower,0,5,0,9,14,0,2,3,20,25,0,7,3,29,39,0,38,38,77
12/17/2014,GYH,SC,ASO,ES,Federal Contract Tower,0,10,5,7,22,0,8,6,43,57,0,18,11,50,79,6,40,46,125
12/18/2014,GYH,SC,ASO,ES,Federal Contract Tower,0,9,1,2,12,0,12,11,13,36,0,21,12,15,48,22,6,28,76
12/19/2014,GYH,SC,ASO,ES,Federal Contract Tower,0,5,5,1,11,0,16,38,7,61,0,21,43,8,72,32,0,32,104
12/20/2014,GYH,SC,ASO,ES,Federal Contract Tower,0,2,0,0,2,0,0,0,0,0,0,2,0,0,2,0,0,0,2
12/21/2014,GYH,SC,ASO,ES,Federal Contract Tower,0,0,1,0,1,0,8,12,0,20,0,8,13,0,21,10,0,10,31
12/22/2014,GYH,SC,ASO,ES,Federal Contract Tower,0,15,2,0,17,0,0,0,0,0,0,15,2,0,17,0,0,0,17
12/23/2014,GYH,SC,ASO,ES,Federal Contract Tower,0,8,0,0,8,0,0,0,0,0,0,8,0,0,8,0,0,0,8
12/24/2014,GYH,SC,ASO,ES,Federal Contract Tower,0,5,1,0,6,0,0,0,0,0,0,5,1,0,6,0,0,0,6
12/25/2014,GYH,SC,ASO,ES,Federal Contract Tower,0,2,0,0,2,0,14,5,0,19,0,16,5,0,21,0,0,0,21
12/26/2014,GYH,SC,ASO,ES,Federal Contract Tower,0,6,3,0,9,0,9,19,0,28,0,15,22,0,37,20,0,20,57
12/27/2014,GYH,SC,ASO,ES,Federal Contract Tower,0,3,0,0,3,0,10,27,0,37,0,13,27,0,40,14,0,14,54
12/28/2014,GYH,SC,ASO,ES,Federal Contract Tower,0,3,0,0,3,0,0,0,0,0,0,3,0,0,3,0,0,0,3
12/29/2014,GYH,SC,ASO,ES,Federal Contract Tower,0,6,1,0,7,0,8,4,4,16,0,14,5,4,23,4,12,16,39
12/30/2014,GYH,SC,ASO,ES,Federal Contract Tower,0,5,2,4,11,0,4,12,36,52,0,9,14,40,63,40,50,90,153
12/31/2014,GYH,SC,ASO,ES,Federal Contract Tower,0,9,2,0,11,0,20,12,8,40,0,29,14,8,51,10,0,10,61
01/01/2015,GYH,SC,ASO,ES,Federal Contract Tower,0,8,4,0,12,0,5,20,0,25,0,13,24,0,37,20,0,20,57
01/02/2015,GYH,SC,ASO,ES,Federal Contract Tower,0,6,2,3,11,0,4,7,13,24,0,10,9,16,35,12,14,26,61
01/03/2015,GYH,SC,ASO,ES,Federal Contract Tower,0,4,2,0,6,0,0,0,0,0,0,4,2,0,6,0,0,0,6
01/04/2015,GYH,SC,ASO,ES,Federal Contract Tower,0,4,1,0,5,0,0,0,0,0,0,4,1,0,5,0,0,0,5
01/05/2015,GYH,SC,ASO,ES,Federal Contract Tower,0,7,0,0,7,0,26,20,0,46,0,33,20,0,53,68,0,68,121
01/06/2015,GYH,SC,ASO,ES,Federal Contract Tower,0,6,2,2,10,0,20,19,28,67,0,26,21,30,77,18,66,84,161
01/07/2015,GYH,SC,ASO,ES,Federal Contract Tower,0,4,2,3,9,0,20,3,30,53,0,24,5,33,62,16,40,56,118
01/08/2015,GYH,SC,ASO,ES,Federal Contract Tower,0,18,1,2,21,0,6,5,14,25,0,24,6,16,46,0,8,8,54
01/09/2015,GYH,SC,ASO,ES,Federal Contract Tower,0,9,0,7,16,0,23,13,19,55,0,32,13,26,71,8,4,12,83
01/10/2015,GYH,SC,ASO,ES,Federal Contract Tower,0,3,0,0,3,0,19,24,6,49,0,22,24,6,52,8,0,8,60
01/11/2015,GYH,SC,ASO,ES,Federal Contract Tower,0,9,3,0,12,0,4,2,0,6,0,13,5,0,18,0,0,0,18
01/12/2015,GYH,SC,ASO,ES,Federal Contract Tower,0,8,0,0,8,0,0,0,0,0,0,8,0,0,8,0,0,0,8
01/13/2015,GYH,SC,ASO,ES,Federal Contract Tower,0,11,0,40,51,0,0,0,17,17,0,11,0,57,68,0,66,66,134
01/14/2015,GYH,SC,ASO,ES,Federal Contract Tower,0,9,2,18,29,0,14,1,24,39,0,23,3,42,68,0,54,54,122
01/15/2015,GYH,SC,ASO,ES,Federal Contract Tower,0,13,1,3,17,0,8,2,8,18,0,21,3,11,35,0,0,0,35
01/16/2015,GYH,SC,ASO,ES,Federal Contract Tower,0,13,3,0,16,0,29,25,0,54,0,42,28,0,70,38,0,38,108
01/17/2015,GYH,SC,ASO,ES,Federal Contract Tower,0,8,1,0,9,0,23,48,0,71,0,31,49,0,80,38,0,38,118
01/18/2015,GYH,SC,ASO,ES,Federal Contract Tower,0,9,0,1,10,0,7,13,0,20,0,16,13,1,30,12,0,12,42
01/19/2015,GYH,SC,ASO,ES,Federal Contract Tower,0,6,2,0,8,0,22,23,1,46,0,28,25,1,54,28,0,28,82
01/20/2015,GYH,SC,ASO,ES,Federal Contract Tower,0,13,1,5,19,0,8,19,14,41,0,21,20,19,60,22,10,32,92
01/21/2015,GYH,SC,ASO,ES,Federal Contract Tower,0,13,5,12,30,0,19,14,34,67,0,32,19,46,97,36,26,62,159
01/22/2015,GYH,SC,ASO,ES,Federal Contract Tower,0,13,1,3,17,0,9,8,57,74,0,22,9,60,91,2,46,48,139
01/23/2015,GYH,SC,ASO,ES,Federal Contract Tower,0,5,1,0,6,0,0,0,0,0,0,5,1,0,6,0,0,0,6
01/24/2015,GYH,SC,ASO,ES,Federal Contract Tower,0,7,0,3,10,0,6,12,2,20,0,13,12,5,30,12,0,12,42
01/25/2015,GYH,SC,ASO,ES,Federal Contract Tower,0,4,0,0,4,0,16,21,0,37,0,20,21,0,41,42,0,42,83
01/26/2015,GYH,SC,ASO,ES,Federal Contract Tower,0,10,0,1,11,0,5,4,6,15,0,15,4,7,26,0,0,0,26
01/27/2015,GYH,SC,ASO,ES,Federal Contract Tower,0,9,1,2,12,0,28,14,9,51,0,37,15,11,63,28,24,52,115
01/28/2015,GYH,SC,ASO,ES,Federal Contract Tower,0,14,6,2,22,0,27,8,26,61,0,41,14,28,83,28,10,38,121
01/29/2015,GYH,SC,ASO,ES,Federal Contract Tower,0,19,4,8,31,0,15,16,17,48,0,34,20,25,79,0,18,18,97
01/30/2015,GYH,SC,ASO,ES,Federal Contract Tower,0,11,1,3,15,0,9,15,14,38,0,20,16,17,53,0,26,26,79
01/31/2015,GYH,SC,ASO,ES,Federal Contract Tower,0,3,2,0,5,0,4,40,0,44,0,7,42,0,49,28,0,28,77
02/01/2015,GYH,SC,ASO,ES,Federal Contract Tower,0,2,5,0,7,0,8,9,0,17,0,10,14,0,24,2,0,2,26
02/02/2015,GYH,SC,ASO,ES,Federal Contract Tower,0,12,4,6,22,0,9,0,1,10,0,21,4,7,32,0,0,0,32
02/03/2015,GYH,SC,ASO,ES,Federal Contract Tower,0,13,3,3,19,0,7,18,40,65,0,20,21,43,84,12,22,34,118
02/04/2015,GYH,SC,ASO,ES,Federal Contract Tower,0,8,0,2,10,0,16,16,33,65,0,24,16,35,75,26,40,66,141
02/05/2015,GYH,SC,ASO,ES,Federal Contract Tower,0,7,3,5,15,0,12,0,20,32,0,19,3,25,47,0,24,24,71
02/06/2015,GYH,SC,ASO,ES,Federal Contract Tower,0,7,0,0,7,0,19,21,23,63,0,26,21,23,70,22,16,38,108
02/07/2015,GYH,SC,ASO,ES,Federal Contract Tower,0,4,0,2,6,0,10,27,0,37,0,14,27,2,43,32,0,32,75
02/08/2015,GYH,SC,ASO,ES,Federal Contract Tower,0,3,0,0,3,0,18,6,0,24,0,21,6,0,27,0,0,0,27
02/09/2015,GYH,SC,ASO,ES,Federal Contract Tower,0,4,3,0,7,0,0,0,0,0,0,4,3,0,7,0,0,0,7
02/10/2015,GYH,SC,ASO,ES,Federal Contract Tower,0,9,1,4,14,0,25,15,34,74,0,34,16,38,88,10,12,22,110
02/11/2015,GYH,SC,ASO,ES,Federal Contract Tower,0,6,11,4,21,0,22,16,43,81,0,28,27,47,102,76,26,102,204
02/12/2015,GYH,SC,ASO,ES,Federal Contract Tower,0,10,1,1,12,0,14,4,9,27,0,24,5,10,39,0,0,0,39
02/13/2015,GYH,SC,ASO,ES,Federal Contract Tower,0,11,0,1,12,0,21,14,2,37,0,32,14,3,49,4,0,4,53
02/14/2015,GYH,SC,ASO,ES,Federal Contract Tower,0,0,2,0,2,0,17,3,0,20,0,17,5,0,22,0,0,0,22
02/15/2015,GYH,SC,ASO,ES,Federal Contract Tower,0,6,1,0,7,0,8,10,0,18,0,14,11,0,25,8,0,8,33
02/16/2015,GYH,SC,ASO,ES,Federal Contract Tower,0,4,0,3,7,0,8,0,0,8,0,12,0,3,15,0,0,0,15
02/17/2015,GYH,SC,ASO,ES,Federal Contract Tower,0,4,0,0,4,0,4,0,0,4,0,8,0,0,8,0,0,0,8
02/18/2015,GYH,SC,ASO,ES,Federal Contract Tower,0,9,4,4,17,0,8,0,5,13,0,17,4,9,30,0,0,0,30
02/19/2015,GYH,SC,ASO,ES,Federal Contract Tower,0,5,2,3,10,0,17,6,23,46,0,22,8,26,56,0,32,32,88
02/20/2015,GYH,SC,ASO,ES,Federal Contract Tower,0,12,4,2,18,0,22,11,6,39,0,34,15,8,57,22,6,28,85
02/21/2015,GYH,SC,ASO,ES,Federal Contract Tower,0,3,1,0,4,0,4,18,0,22,0,7,19,0,26,0,0,0,26
02/22/2015,GYH,SC,ASO,ES,Federal Contract Tower,0,9,0,0,9,0,0,0,4,4,0,9,0,4,13,0,0,0,13
02/23/2015,GYH,SC,ASO,ES,Federal Contract Tower,0,4,1,0,5,0,6,4,0,10,0,10,5,0,15,18,0,18,33
02/24/2015,GYH,SC,ASO,ES,Federal Contract Tower,0,3,1,10,14,0,0,0,17,17,0,3,1,27,31,0,30,30,61
02/25/2015,GYH,SC,ASO,ES,Federal Contract Tower,0,3,6,1,10,0,14,11,9,34,0,17,17,10,44,38,4,42,86
02/26/2015,GYH,SC,ASO,ES,Federal Contract Tower,0,6,2,1,9,0,12,12,1,25,0,18,14,2,34,24,2,26,60
02/27/2015,GYH,SC,ASO,ES,Federal Contract Tower,0,7,4,1,12,0,11,16,5,32,0,18,20,6,44,8,0,8,52
02/28/2015,GYH,SC,ASO,ES,Federal Contract Tower,0,8,0,0,8,0,12,41,2,55,0,20,41,2,63,62,0,62,125
03/01/2015,GYH,SC,ASO,ES,Federal Contract Tower,0,5,1,0,6,0,0,0,0,0,0,5,1,0,6,0,0,0,6
03/02/2015,GYH,SC,ASO,ES,Federal Contract Tower,0,12,0,1,13,0,24,29,16,69,0,36,29,17,82,36,6,42,124
03/03/2015,GYH,SC,ASO,ES,Federal Contract Tower,0,7,1,4,12,0,8,2,0,10,0,15,3,4,22,6,0,6,28
03/04/2015,GYH,SC,ASO,ES,Federal Contract Tower,0,9,2,2,13,0,4,0,7,11,0,13,2,9,24,0,18,18,42
03/05/2015,GYH,SC,ASO,ES,Federal Contract Tower,0,3,2,2,7,0,0,0,0,0,0,3,2,2,7,0,0,0,7
03/06/2015,GYH,SC,ASO,ES,Federal Contract Tower,0,5,6,4,15,0,8,21,6,35,0,13,27,10,50,12,0,12,62
03/07/2015,GYH,SC,ASO,ES,Federal Contract Tower,0,7,3,2,12,0,10,56,11,77,0,17,59,13,89,40,0,40,129
03/08/2015,GYH,SC,ASO,ES,Federal Contract Tower,0,3,0,0,3,0,21,47,10,78,0,24,47,10,81,82,6,88,169
03/09/2015,GYH,SC,ASO,ES,Federal Contract Tower,0,12,4,0,16,0,20,12,4,36,0,32,16,4,52,26,0,26,78
03/10/2015,GYH,SC,ASO,ES,Federal Contract Tower,0,3,2,2,7,0,20,8,28,56,0,23,10,30,63,22,0,22,85
03/11/2015,GYH,SC,ASO,ES,Federal Contract Tower,0,8,3,3,14,0,8,17,6,31,0,16,20,9,45,22,0,22,67
03/12/2015,GYH,SC,ASO,ES,Federal Contract Tower,0,12,2,3,17,0,12,17,26,55,0,24,19,29,72,4,6,10,82
03/13/2015,GYH,SC,ASO,ES,Federal Contract Tower,0,8,0,6,14,0,4,2,14,20,0,12,2,20,34,14,0,14,48
03/14/2015,GYH,SC,ASO,ES,Federal Contract Tower,0,6,2,5,13,0,6,2,4,12,0,12,4,9,25,0,0,0,25
03/15/2015,GYH,SC,ASO,ES,Federal Contract Tower,0,4,2,2,8,0,11,20,0,31,0,15,22,2,39,6,0,6,45
03/16/2015,GYH,SC,ASO,ES,Federal Contract Tower,0,15,3,0,18,0,6,23,0,29,0,21,26,0,47,38,0,38,85
03/17/2015,GYH,SC,ASO,ES,Federal Contract Tower,0,5,0,5,10,0,42,27,13,82,0,47,27,18,92,46,4,50,142
03/18/2015,GYH,SC,ASO,ES,Federal Contract Tower,0,4,2,1,7,0,36,24,28,88,0,40,26,29,95,28,38,66,161
03/19/2015,GYH,SC,ASO,ES,Federal Contract Tower,0,13,2,3,18,0,8,0,2,10,0,21,2,5,28,0,0,0,28
03/20/2015,GYH,SC,ASO,ES,Federal Contract Tower,0,8,14,2,24,0,6,28,0,34,0,14,42,2,58,28,0,28,86
03/21/2015,GYH,SC,ASO,ES,Federal Contract Tower,0,4,0,2,6,0,26,33,0,59,0,30,33,2,65,28,0,28,93
03/22/2015,GYH,SC,ASO,ES,Federal Contract Tower,0,3,2,0,5,0,10,0,0,10,0,13,2,0,15,0,0,0,15
03/23/2015,GYH,SC,ASO,ES,Federal Contract Tower,0,7,0,4,11,0,4,9,6,19,0,11,9,10,30,32,0,32,62
03/24/2015,GYH,SC,ASO,ES,Federal Contract Tower,0,8,3,6,17,0,27,22,11,60,0,35,25,17,77,40,0,40,117
03/25/2015,GYH,SC,ASO,ES,Federal Contract Tower,0,9,4,7,20,0,0,0,2,2,0,9,4,9,22,0,4,4,26
03/26/2015,GYH,SC,ASO,ES,Federal Contract Tower,0,18,4,0,22,0,0,5,19,24,0,18,9,19,46,2,38,40,86
03/27/2015,GYH,SC,ASO,ES,Federal Contract Tower,0,5,3,7,15,0,8,1,10,19,0,13,4,17,34,0,18,18,52
03/28/2015,GYH,SC,ASO,ES,Federal Contract Tower,0,2,0,1,3,0,6,21,11,38,0,8,21,12,41,12,20,32,73
03/29/2015,GYH,SC,ASO,ES,Federal Contract Tower,0,4,1,1,6,0,4,27,0,31,0,8,28,1,37,44,0,44,81
03/30/2015,GYH,SC,ASO,ES,Federal Contract Tower,0,7,2,0,9,0,10,10,3,23,0,17,12,3,32,16,0,16,48
03/31/2015,GYH,SC,ASO,ES,Federal Contract Tower,0,10,6,2,18,0,16,11,10,37,0,26,17,12,55,18,0,18,73
04/01/2015,GYH,SC,ASO,ES,Federal Contract Tower,0,10,5,4,19,0,4,22,6,32,0,14,27,10,51,36,10,46,97
04/02/2015,GYH,SC,ASO,ES,Federal Contract Tower,0,11,1,2,14,0,6,2,51,59,0,17,3,53,73,0,74,74,147
04/03/2015,GYH,SC,ASO,ES,Federal Contract Tower,0,3,0,1,4,0,16,10,7,33,0,19,10,8,37,2,0,2,39
04/04/2015,GYH,SC,ASO,ES,Federal Contract Tower,0,1,0,0,1,0,18,12,0,30,0,19,12,0,31,12,0,12,43
04/05/2015,GYH,SC,ASO,ES,Federal Contract Tower,0,1,0,0,1,0,12,29,6,47,0,13,29,6,48,12,0,12,60
04/06/2015,GYH,SC,ASO,ES,Federal Contract Tower,0,12,9,3,24,0,18,13,9,40,0,30,22,12,64,10,4,14,78
04/07/2015,GYH,SC,ASO,ES,Federal Contract Tower,0,10,3,0,13,0,16,7,15,38,0,26,10,15,51,10,4,14,65
04/08/2015,GYH,SC,ASO,ES,Federal Contract Tower,0,16,6,2,24,0,11,26,29,66,0,27,32,31,90,24,12,36,126
04/09/2015,GYH,SC,ASO,ES,Federal Contract Tower,0,5,0,0,5,0,19,14,12,45,0,24,14,12,50,20,4,24,74
04/10/2015,GYH,SC,ASO,ES,Federal Contract Tower,0,8,1,1,10,0,14,7,14,35,0,22,8,15,45,0,8,8,53
04/11/2015,GYH,SC,ASO,ES,Federal Contract Tower,0,2,6,2,10,0,12,51,8,71,0,14,57,10,81,34,16,50,131
04/12/2015,GYH,SC,ASO,ES,Federal Contract Tower,0,4,4,0,8,0,12,26,0,38,0,16,30,0,46,26,0,26,72
04/13/2015,GYH,SC,ASO,ES,Federal Contract Tower,0,13,8,1,22,0,2,0,0,2,0,15,8,1,24,0,0,0,24
04/14/2015,GYH,SC,ASO,ES,Federal Contract Tower,0,5,4,2,11,0,12,0,11,23,0,17,4,13,34,0,8,8,42
04/15/2015,GYH,SC,ASO,ES,Federal Contract Tower,0,4,1,2,7,0,0,0,0,0,0,4,1,2,7,0,0,0,7
04/16/2015,GYH,SC,ASO,ES,Federal Contract Tower,0,16,2,7,25,0,0,3,2,5,0,16,5,9,30,0,0,0,30
04/17/2015,GYH,SC,ASO,ES,Federal Contract Tower,0,2,11,9,22,0,14,13,8,35,0,16,24,17,57,16,12,28,85
04/18/2015,GYH,SC,ASO,ES,Federal Contract Tower,0,1,2,3,6,0,26,29,11,66,0,27,31,14,72,54,0,54,126
04/19/2015,GYH,SC,ASO,ES,Federal Contract Tower,0,2,1,0,3,0,0,0,0,0,0,2,1,0,3,0,0,0,3
04/20/2015,GYH,SC,ASO,ES,Federal Contract Tower,0,9,1,1,11,0,8,6,0,14,0,17,7,1,25,0,0,0,25
04/21/2015,GYH,SC,ASO,ES,Federal Contract Tower,0,8,3,2,13,0,14,25,11,50,0,22,28,13,63,38,14,52,115
04/22/2015,GYH,SC,ASO,ES,Federal Contract Tower,0,2,0,9,11,0,8,4,23,35,0,10,4,32,46,0,20,20,66
04/23/2015,GYH,SC,ASO,ES,Federal Contract Tower,0,11,2,0,13,0,7,36,22,65,0,18,38,22,78,18,12,30,108
04/24/2015,GYH,SC,ASO,ES,Federal Contract Tower,0,14,10,3,27,0,22,20,9,51,0,36,30,12,78,20,4,24,102
04/25/2015,GYH,SC,ASO,ES,Federal Contract Tower,0,2,1,0,3,0,0,0,0,0,0,2,1,0,3,0,0,0,3
04/26/2015,GYH,SC,ASO,ES,Federal Contract Tower,0,6,14,0,20,0,8,8,0,16,0,14,22,0,36,28,0,28,64
04/27/2015,GYH,SC,ASO,ES,Federal Contract Tower,0,14,3,3,20,0,17,15,10,42,0,31,18,13,62,34,30,64,126
04/28/2015,GYH,SC,ASO,ES,Federal Contract Tower,0,5,1,0,6,0,32,9,7,48,0,37,10,7,54,8,4,12,66
04/29/2015,GYH,SC,ASO,ES,Federal Contract Tower,0,15,0,8,23,0,17,0,2,19,0,32,0,10,42,0,0,0,42
04/30/2015,GYH,SC,ASO,ES,Federal Contract Tower,0,8,2,6,16,0,8,15,29,52,0,16,17,35,68,16,30,46,114
05/01/2015,GYH,SC,ASO,ES,Federal Contract Tower,0,10,4,5,19,0,35,23,19,77,0,45,27,24,96,32,28,60,156
05/02/2015,GYH,SC,ASO,ES,Federal Contract Tower,0,4,2,6,12,0,22,26,20,68,0,26,28,26,80,14,28,42,122
05/03/2015,GYH,SC,ASO,ES,Federal Contract Tower,0,2,0,5,7,0,27,23,7,57,0,29,23,12,64,44,6,50,114
05/04/2015,GYH,SC,ASO,ES,Federal Contract Tower,0,6,1,4,11,0,34,16,43,93,0,40,17,47,104,26,0,26,130
05/05/2015,GYH,SC,ASO,ES,Federal Contract Tower,0,4,5,2,11,0,32,21,38,91,0,36,26,40,102,14,6,20,122
05/06/2015,GYH,SC,ASO,ES,Federal Contract Tower,0,16,1,2,19,0,35,29,60,124,0,51,30,62,143,82,30,112,255
05/07/2015,GYH,SC,ASO,ES,Federal Contract Tower,0,5,2,13,20,0,26,17,34,77,0,31,19,47,97,28,2,30,127
05/08/2015,GYH,SC,ASO,ES,Federal Contract Tower,0,9,1,6,16,0,12,12,0,24,0,21,13,6,40,8,0,8,48
05/09/2015,GYH,SC,ASO,ES,Federal Contract Tower,0,5,6,0,11,0,5,37,0,42,0,10,43,0,53,52,0,52,105
05/10/2015,GYH,SC,ASO,ES,Federal Contract Tower,0,1,0,1,2,0,14,24,0,38,0,15,24,1,40,26,0,26,66
05/11/2015,GYH,SC,ASO,ES,Federal Contract Tower,0,8,3,0,11,0,7,11,0,18,0,15,14,0,29,26,0,26,55
05/12/2015,GYH,SC,ASO,ES,Federal Contract Tower,0,8,2,5,15,0,21,7,8,36,0,29,9,13,51,8,0,8,59
05/13/2015,GYH,SC,ASO,ES,Federal Contract Tower,0,16,4,2,22,0,18,10,7,35,0,34,14,9,57,16,6,22,79
05/14/2015,GYH,SC,ASO,ES,Federal Contract Tower,0,11,1,14,26,0,16,16,24,56,0,27,17,38,82,26,22,48,130
05/15/2015,GYH,SC,ASO,ES,Federal Contract Tower,0,12,11,4,27,0,2,6,10,18,0,14,17,14,45,28,16,44,89
05/16/2015,GYH,SC,ASO,ES,Federal Contract Tower,0,4,3,0,7,0,16,21,0,37,0,20,24,0,44,18,0,18,62
05/17/2015,GYH,SC,ASO,ES,Federal Contract Tower,0,14,0,0,14,0,24,23,0,47,0,38,23,0,61,10,0,10,71
05/18/2015,GYH,SC,ASO,ES,Federal Contract Tower,0,4,4,0,8,0,16,11,16,43,0,20,15,16,51,6,14,20,71
05/19/2015,GYH,SC,ASO,ES,Federal Contract Tower,0,4,0,1,5,0,14,19,15,48,0,18,19,16,53,60,22,82,135
05/20/2015,GYH,SC,ASO,ES,Federal Contract Tower,0,9,3,1,13,0,20,17,14,51,0,29,20,15,64,20,4,24,88
05/21/2015,GYH,SC,ASO,ES,Federal Contract Tower,0,2,3,3,8,0,29,11,12,52,0,31,14,15,60,0,10,10,70
05/22/2015,GYH,SC,ASO,ES,Federal Contract Tower,0,14,3,0,17,0,24,31,0,55,0,38,34,0,72,38,0,38,110
05/23/2015,GYH,SC,ASO,ES,Federal Contract Tower,0,0,6,0,6,0,12,24,0,36,0,12,30,0,42,34,0,34,76
05/24/2015,GYH,SC,ASO,ES,Federal Contract Tower,0,0,2,0,2,0,24,13,0,37,0,24,15,0,39,16,0,16,55
05/25/2015,GYH,SC,ASO,ES,Federal Contract Tower,0,1,4,0,5,0,10,11,2,23,0,11,15,2,28,24,0,24,52
05/26/2015,GYH,SC,ASO,ES,Federal Contract Tower,0,11,6,0,17,0,10,14,16,40,0,21,20,16,57,38,10,48,105
05/27/2015,GYH,SC,ASO,ES,Federal Contract Tower,0,9,3,2,14,0,6,14,8,28,0,15,17,10,42,40,0,40,82
05/28/2015,GYH,SC,ASO,ES,Federal Contract Tower,0,12,2,2,16,0,10,11,10,31,0,22,13,12,47,16,22,38,85
05/29/2015,GYH,SC,ASO,ES,Federal Contract Tower,0,12,8,1,21,0,24,19,12,55,0,36,27,13,76,22,10,32,108
05/30/2015,GYH,SC,ASO,ES,Federal Contract Tower,0,3,4,0,7,0,11,29,0,40,0,14,33,0,47,70,0,70,117
05/31/2015,GYH,SC,ASO,ES,Federal Contract Tower,0,4,0,0,4,0,10,10,0,20,0,14,10,0,24,24,0,24,48
06/01/2015,GYH,SC,ASO,ES,Federal Contract Tower,0,12,3,3,18,0,10,9,0,19,0,22,12,3,37,28,0,28,65
06/02/2015,GYH,SC,ASO,ES,Federal Contract Tower,0,10,1,2,13,0,36,13,3,52,0,46,14,5,65,70,6,76,141
06/03/2015,GYH,SC,ASO,ES,Federal Contract Tower,0,9,1,2,12,0,8,5,20,33,0,17,6,22,45,16,22,38,83
06/04/2015,GYH,SC,ASO,ES,Federal Contract Tower,0,3,2,0,5,0,16,28,0,44,0,19,30,0,49,40,0,40,89
06/05/2015,GYH,SC,ASO,ES,Federal Contract Tower,0,4,0,0,4,0,6,14,0,20,0,10,14,0,24,34,0,34,58
06/06/2015,GYH,SC,ASO,ES,Federal Contract Tower,0,5,1,0,6,0,17,32,0,49,0,22,33,0,55,2,0,2,57
06/07/2015,GYH,SC,ASO,ES,Federal Contract Tower,0,3,1,0,4,0,21,14,0,35,0,24,15,0,39,4,0,4,43
06/08/2015,GYH,SC,ASO,ES,Federal Contract Tower,0,17,3,0,20,0,11,8,0,19,0,28,11,0,39,18,0,18,57
06/09/2015,GYH,SC,ASO,ES,Federal Contract Tower,0,6,7,2,15,0,16,25,6,47,0,22,32,8,62,40,0,40,102
06/10/2015,GYH,SC,ASO,ES,Federal Contract Tower,0,10,4,3,17,0,14,15,10,39,0,24,19,13,56,40,0,40,96
06/11/2015,GYH,SC,ASO,ES,Federal Contract Tower,0,13,2,4,19,0,15,12,17,44,0,28,14,21,63,24,30,54,117
06/12/2015,GYH,SC,ASO,ES,Federal Contract Tower,0,12,1,1,14,0,6,11,2,19,0,18,12,3,33,6,0,6,39
06/13/2015,GYH,SC,ASO,ES,Federal Contract Tower,0,1,2,1,4,0,16,25,0,41,0,17,27,1,45,24,0,24,69
06/14/2015,GYH,SC,ASO,ES,Federal Contract Tower,0,4,3,9,16,0,12,16,0,28,0,16,19,9,44,20,2,22,66
06/15/2015,GYH,SC,ASO,ES,Federal Contract Tower,0,12,2,5,19,0,6,13,20,39,0,18,15,25,58,0,14,14,72
06/16/2015,GYH,SC,ASO,ES,Federal Contract Tower,0,9,0,1,10,0,12,6,8,26,0,21,6,9,36,0,28,28,64
06/17/2015,GYH,SC,ASO,ES,Federal Contract Tower,0,8,7,1,16,0,20,21,8,49,0,28,28,9,65,64,2,66,131
06/18/2015,GYH,SC,ASO,ES,Federal Contract Tower,0,8,2,4,14,0,15,15,3,33,0,23,17,7,47,32,4,36,83
06/19/2015,GYH,SC,ASO,ES,Federal Contract Tower,0,10,1,4,15,0,12,8,9,29,0,22,9,13,44,0,6,6,50
06/20/2015,GYH,SC,ASO,ES,Federal Contract Tower,0,6,0,0,6,0,8,11,0,19,0,14,11,0,25,36,0,36,61
06/21/2015,GYH,SC,ASO,ES,Federal Contract Tower,0,4,2,1,7,0,26,7,0,33,0,30,9,1,40,2,0,2,42
06/22/2015,GYH,SC,ASO,ES,Federal Contract Tower,0,12,3,1,16,0,14,22,0,36,0,26,25,1,52,26,0,26,78
06/23/2015,GYH,SC,ASO,ES,Federal Contract Tower,0,15,6,3,24,0,13,23,3,39,0,28,29,6,63,42,2,44,107
06/24/2015,GYH,SC,ASO,ES,Federal Contract Tower,0,14,1,4,19,0,14,25,14,53,0,28,26,18,72,62,6,68,140
06/25/2015,GYH,SC,ASO,ES,Federal Contract Tower,0,13,0,3,16,0,20,23,11,54,0,33,23,14,70,52,2,54,124
06/26/2015,GYH,SC,ASO,ES,Federal Contract Tower,0,6,2,1,9,0,10,20,10,40,0,16,22,11,49,38,8,46,95
06/27/2015,GYH,SC,ASO,ES,Federal Contract Tower,0,11,0,0,11,0,10,4,7,21,0,21,4,7,32,12,0,12,44
06/28/2015,GYH,SC,ASO,ES,Federal Contract Tower,0,3,0,0,3,0,26,8,0,34,0,29,8,0,37,24,0,24,61
06/29/2015,GYH,SC,ASO,ES,Federal Contract Tower,0,14,5,3,22,0,32,11,8,51,0,46,16,11,73,0,2,2,75
06/30/2015,GYH,SC,ASO,ES,Federal Contract Tower,0,3,0,1,4,0,16,10,13,39,0,19,10,14,43,0,34,34,77
07/01/2015,GYH,SC,ASO,ES,Federal Contract Tower,0,17,2,0,19,0,18,13,18,49,0,35,15,18,68,6,18,24,92
07/02/2015,GYH,SC,ASO,ES,Federal Contract Tower,0,7,1,2,10,0,10,15,13,38,0,17,16,15,48,16,22,38,86
07/03/2015,GYH,SC,ASO,ES,Federal Contract Tower,0,6,4,0,10,0,8,2,0,10,0,14,6,0,20,0,0,0,20
07/04/2015,GYH,SC,ASO,ES,Federal Contract Tower,0,0,0,0,0,0,24,4,0,28,0,24,4,0,28,0,0,0,28
07/05/2015,GYH,SC,ASO,ES,Federal Contract Tower,0,4,4,0,8,0,4,6,0,10,0,8,10,0,18,28,0,28,46
07/06/2015,GYH,SC,ASO,ES,Federal Contract Tower,0,8,5,0,13,0,12,26,1,39,0,20,31,1,52,50,0,50,102
07/07/2015,GYH,SC,ASO,ES,Federal Contract Tower,0,14,4,1,19,0,7,26,11,44,0,21,30,12,63,44,0,44,107
07/08/2015,GYH,SC,ASO,ES,Federal Contract Tower,0,7,1,4,12,0,22,20,19,61,0,29,21,23,73,38,2,40,113
07/09/2015,GYH,SC,ASO,ES,Federal Contract Tower,0,4,0,0,4,0,17,23,18,58,0,21,23,18,62,28,2,30,92
07/10/2015,GYH,SC,ASO,ES,Federal Contract Tower,0,11,5,4,20,0,9,27,9,45,0,20,32,13,65,10,6,16,81
07/11/2015,GYH,SC,ASO,ES,Federal Contract Tower,0,7,4,0,11,0,13,31,28,72,0,20,35,28,83,22,24,46,129
07/12/2015,GYH,SC,ASO,ES,Federal Contract Tower,0,6,2,1,9,0,13,14,0,27,0,19,16,1,36,12,0,12,48
07/13/2015,GYH,SC,ASO,ES,Federal Contract Tower,0,3,2,0,5,0,6,22,0,28,0,9,24,0,33,24,0,24,57
07/14/2015,GYH,SC,ASO,ES,Federal Contract Tower,0,4,1,1,6,0,9,4,0,13,0,13,5,1,19,0,0,0,19
07/15/2015,GYH,SC,ASO,ES,Federal Contract Tower,0,9,5,0,14,0,18,13,7,38,0,27,18,7,52,10,0,10,62
07/16/2015,GYH,SC,ASO,ES,Federal Contract Tower,0,13,6,3,22,0,24,25,17,66,0,37,31,20,88,2,2,4,92
07/17/2015,GYH,SC,ASO,ES,Federal Contract Tower,0,15,3,0,18,0,4,25,6,35,0,19,28,6,53,52,0,52,105
07/18/2015,GYH,SC,ASO,ES,Federal Contract Tower,0,3,2,0,5,0,10,14,0,24,0,13,16,0,29,16,0,16,45
07/19/2015,GYH,SC,ASO,ES,Federal Contract Tower,0,3,3,0,6,0,9,13,0,22,0,12,16,0,28,6,0,6,34
07/20/2015,GYH,SC,ASO,ES,Federal Contract Tower,0,11,9,1,21,0,16,4,0,20,0,27,13,1,41,12,2,14,55
07/21/2015,GYH,SC,ASO,ES,Federal Contract Tower,0,20,1,1,22,0,11,6,10,27,0,31,7,11,49,0,24,24,73
07/22/2015,GYH,SC,ASO,ES,Federal Contract Tower,0,7,4,0,11,0,18,22,16,56,0,25,26,16,67,28,2,30,97
07/23/2015,GYH,SC,ASO,ES,Federal Contract Tower,0,11,3,6,20,0,6,11,15,32,0,17,14,21,52,8,10,18,70
07/24/2015,GYH,SC,ASO,ES,Federal Contract Tower,0,4,4,4,12,0,10,9,0,19,0,14,13,4,31,20,0,20,51
07/25/2015,GYH,SC,ASO,ES,Federal Contract Tower,0,3,0,4,7,0,17,25,0,42,0,20,25,4,49,68,0,68,117
07/26/2015,GYH,SC,ASO,ES,Federal Contract Tower,0,6,1,4,11,0,16,26,0,42,0,22,27,4,53,30,0,30,83
07/27/2015,GYH,SC,ASO,ES,Federal Contract Tower,0,10,2,0,12,0,14,12,2,28,0,24,14,2,40,20,0,20,60
07/28/2015,GYH,SC,ASO,ES,Federal Contract Tower,0,17,2,1,20,0,18,13,5,36,0,35,15,6,56,18,4,22,78
07/29/2015,GYH,SC,ASO,ES,Federal Contract Tower,0,14,5,1,20,0,8,18,9,35,0,22,23,10,55,22,0,22,77
07/30/2015,GYH,SC,ASO,ES,Federal Contract Tower,0,15,4,1,20,0,6,10,15,31,0,21,14,16,51,28,2,30,81
07/31/2015,GYH,SC,ASO,ES,Federal Contract Tower,0,9,3,10,22,0,10,22,0,32,0,19,25,10,54,12,0,12,66
08/01/2015,GYH,SC,ASO,ES,Federal Contract Tower,0,12,1,2,15,0,12,27,4,43,0,24,28,6,58,56,0,56,114
08/02/2015,GYH,SC,ASO,ES,Federal Contract Tower,0,2,2,0,4,0,8,16,5,29,0,10,18,5,33,12,0,12,45
08/03/2015,GYH,SC,ASO,ES,Federal Contract Tower,0,20,4,7,31,0,10,15,10,35,0,30,19,17,66,24,14,38,104
08/04/2015,GYH,SC,ASO,ES,Federal Contract Tower,0,17,2,1,20,0,27,14,5,46,0,44,16,6,66,16,0,16,82
08/05/2015,GYH,SC,ASO,ES,Federal Contract Tower,0,6,3,4,13,0,14,26,15,55,0,20,29,19,68,38,2,40,108
08/06/2015,GYH,SC,ASO,ES,Federal Contract Tower,0,12,2,6,20,0,6,11,22,39,0,18,13,28,59,22,26,48,107
08/07/2015,GYH,SC,ASO,ES,Federal Contract Tower,0,11,3,5,19,0,25,13,10,48,0,36,16,15,67,38,4,42,109
08/08/2015,GYH,SC,ASO,ES,Federal Contract Tower,0,4,5,4,13,0,30,20,0,50,0,34,25,4,63,26,0,26,89
08/09/2015,GYH,SC,ASO,ES,Federal Contract Tower,0,5,1,0,6,0,12,16,0,28,0,17,17,0,34,4,0,4,38
08/10/2015,GYH,SC,ASO,ES,Federal Contract Tower,0,5,5,6,16,0,2,3,0,5,0,7,8,6,21,14,0,14,35
08/11/2015,GYH,SC,ASO,ES,Federal Contract Tower,0,16,2,0,18,0,10,4,7,21,0,26,6,7,39,0,12,12,51
08/12/2015,GYH,SC,ASO,ES,Federal Contract Tower,0,13,2,3,18,0,5,30,14,49,0,18,32,17,67,46,10,56,123
08/13/2015,GYH,SC,ASO,ES,Federal Contract Tower,0,11,4,3,18,0,24,14,21,59,0,35,18,24,77,20,8,28,105
08/14/2015,GYH,SC,ASO,ES,Federal Contract Tower,0,7,1,1,9,0,8,21,0,29,0,15,22,1,38,48,0,48,86
08/15/2015,GYH,SC,ASO,ES,Federal Contract Tower,0,3,1,2,6,0,8,18,0,26,0,11,19,2,32,14,0,14,46
08/16/2015,GYH,SC,ASO,ES,Federal Contract Tower,0,3,3,0,6,0,8,16,9,33,0,11,19,9,39,28,0,28,67
08/17/2015,GYH,SC,ASO,ES,Federal Contract Tower,0,6,4,4,14,0,9,17,10,36,0,15,21,14,50,12,6,18,68
08/18/2015,GYH,SC,ASO,ES,Federal Contract Tower,0,6,1,10,17,0,1,5,7,13,0,7,6,17,30,16,8,24,54
08/19/2015,GYH,SC,ASO,ES,Federal Contract Tower,0,10,0,3,13,0,14,14,17,45,0,24,14,20,58,22,24,46,104
08/20/2015,GYH,SC,ASO,ES,Federal Contract Tower,0,19,4,1,24,0,16,25,39,80,0,35,29,40,104,14,54,68,172
08/21/2015,GYH,SC,ASO,ES,Federal Contract Tower,0,9,1,3,13,0,22,14,3,39,0,31,15,6,52,30,2,32,84
08/22/2015,GYH,SC,ASO,ES,Federal Contract Tower,0,5,0,0,5,0,31,31,4,66,0,36,31,4,71,32,0,32,103
08/23/2015,GYH,SC,ASO,ES,Federal Contract Tower,0,5,6,0,11,0,11,4,0,15,0,16,10,0,26,8,0,8,34
08/24/2015,GYH,SC,ASO,ES,Federal Contract Tower,0,16,0,2,18,0,14,11,0,25,0,30,11,2,43,8,0,8,51
08/25/2015,GYH,SC,ASO,ES,Federal Contract Tower,0,9,2,1,12,0,22,12,6,40,0,31,14,7,52,26,4,30,82
08/26/2015,GYH,SC,ASO,ES,Federal Contract Tower,0,15,2,1,18,0,16,37,9,62,0,31,39,10,80,88,8,96,176
08/27/2015,GYH,SC,ASO,ES,Federal Contract Tower,0,14,3,5,22,0,18,20,24,62,0,32,23,29,84,66,44,110,194
08/28/2015,GYH,SC,ASO,ES,Federal Contract Tower,0,10,6,4,20,0,4,28,23,55,0,14,34,27,75,146,0,146,221
08/29/2015,GYH,SC,ASO,ES,Federal Contract Tower,0,3,2,6,11,0,12,23,0,35,0,15,25,6,46,30,0,30,76
08/30/2015,GYH,SC,ASO,ES,Federal Contract Tower,0,4,0,0,4,0,4,13,0,17,0,8,13,0,21,10,0,10,31
08/31/2015,GYH,SC,ASO,ES,Federal Contract Tower,0,7,2,1,10,0,9,28,0,37,0,16,30,1,47,58,0,58,105
09/01/2015,GYH,SC,ASO,ES,Federal Contract Tower,0,7,1,0,8,0,40,26,6,72,0,47,27,6,80,64,4,68,148
09/02/2015,GYH,SC,ASO,ES,Federal Contract Tower,0,8,1,0,9,0,9,19,24,52,0,17,20,24,61,18,12,30,91
09/03/2015,GYH,SC,ASO,ES,Federal Contract Tower,0,10,2,0,12,0,18,26,6,50,0,28,28,6,62,30,8,38,100
09/04/2015,GYH,SC,ASO,ES,Federal Contract Tower,0,6,6,0,12,0,8,28,0,36,0,14,34,0,48,36,0,36,84
09/05/2015,GYH,SC,ASO,ES,Federal Contract Tower,0,2,6,1,9,0,14,13,0,27,0,16,19,1,36,42,0,42,78
09/06/2015,GYH,SC,ASO,ES,Federal Contract Tower,0,4,0,0,4,0,12,6,0,18,0,16,6,0,22,2,0,2,24
09/07/2015,GYH,SC,ASO,ES,Federal Contract Tower,0,3,0,0,3,0,11,16,0,27,0,14,16,0,30,28,0,28,58
09/08/2015,GYH,SC,ASO,ES,Federal Contract Tower,0,12,3,3,18,0,20,5,14,39,0,32,8,17,57,22,32,54,111
09/09/2015,GYH,SC,ASO,ES,Federal Contract Tower,0,5,4,3,12,0,0,0,13,13,0,5,4,16,25,0,18,18,43
09/10/2015,GYH,SC,ASO,ES,Federal Contract Tower,0,13,3,2,18,0,9,17,43,69,0,22,20,45,87,16,38,54,141
09/11/2015,GYH,SC,ASO,ES,Federal Contract Tower,0,6,1,0,7,0,6,15,16,37,0,12,16,16,44,14,2,16,60
09/12/2015,GYH,SC,ASO,ES,Federal Contract Tower,0,7,1,0,8,0,4,27,6,37,0,11,28,6,45,22,0,22,67
09/13/2015,GYH,SC,ASO,ES,Federal Contract Tower,0,3,1,0,4,0,21,23,4,48,0,24,24,4,52,2,0,2,54
09/14/2015,GYH,SC,ASO,ES,Federal Contract Tower,0,18,5,3,26,0,23,15,0,38,0,41,20,3,64,4,0,4,68
09/15/2015,GYH,SC,ASO,ES,Federal Contract Tower,0,13,0,4,17,0,15,18,38,71,0,28,18,42,88,8,32,40,128
09/16/2015,GYH,SC,ASO,ES,Federal Contract Tower,0,16,0,5,21,0,17,11,23,51,0,33,11,28,72,12,14,26,98
09/17/2015,GYH,SC,ASO,ES,Federal Contract Tower,0,18,3,5,26,0,10,26,56,92,0,28,29,61,118,44,4,48,166
09/18/2015,GYH,SC,ASO,ES,Federal Contract Tower,0,8,1,0,9,0,17,44,0,61,0,25,45,0,70,30,0,30,100
09/19/2015,GYH,SC,ASO,ES,Federal Contract Tower,0,3,1,0,4,0,10,118,0,128,0,13,119,0,132,38,0,38,170
09/20/2015,GYH,SC,ASO,ES,Federal Contract Tower,0,1,0,0,1,0,8,20,0,28,0,9,20,0,29,56,0,56,85
09/21/2015,GYH,SC,ASO,ES,Federal Contract Tower,0,4,4,1,9,0,14,13,0,27,0,18,17,1,36,46,0,46,82
09/22/2015,GYH,SC,ASO,ES,Federal Contract Tower,0,14,5,1,20,0,4,2,0,6,0,18,7,1,26,8,0,8,34
09/23/2015,GYH,SC,ASO,ES,Federal Contract Tower,0,9,10,2,21,0,4,20,0,24,0,13,30,2,45,54,0,54,99
09/24/2015,GYH,SC,ASO,ES,Federal Contract Tower,0,12,1,2,15,0,11,11,10,32,0,23,12,12,47,22,28,50,97
09/25/2015,GYH,SC,ASO,ES,Federal Contract Tower,0,8,2,0,10,0,0,0,0,0,0,8,2,0,10,0,0,0,10
09/26/2015,GYH,SC,ASO,ES,Federal Contract Tower,0,5,0,0,5,0,0,0,0,0,0,5,0,0,5,0,0,0,5
09/27/2015,GYH,SC,ASO,ES,Federal Contract Tower,0,2,0,0,2,0,0,1,0,1,0,2,1,0,3,0,0,0,3
09/28/2015,GYH,SC,ASO,ES,Federal Contract Tower,0,10,0,0,10,0,0,0,0,0,0,10,0,0,10,0,0,0,10
09/29/2015,GYH,SC,ASO,ES,Federal Contract Tower,0,6,2,9,17,0,0,2,2,4,0,6,4,11,21,14,20,34,55
09/30/2015,GYH,SC,ASO,ES,Federal Contract Tower,0,8,0,1,9,0,6,22,8,36,0,14,22,9,45,52,14,66,111
10/01/2015,GYH,SC,ASO,ES,Federal Contract Tower,0,15,0,0,15,0,17,5,0,22,0,32,5,0,37,14,0,14,51
10/02/2015,GYH,SC,ASO,ES,Federal Contract Tower,0,20,4,7,31,0,0,0,0,0,0,20,4,7,31,0,0,0,31
10/03/2015,GYH,SC,ASO,ES,Federal Contract Tower,0,2,0,0,2,0,0,0,0,0,0,2,0,0,2,0,0,0,2
10/04/2015,GYH,SC,ASO,ES,Federal Contract Tower,0,2,2,3,7,0,4,0,1,5,0,6,2,4,12,0,0,0,12
10/05/2015,GYH,SC,ASO,ES,Federal Contract Tower,0,12,0,2,14,0,14,6,13,33,0,26,6,15,47,6,8,14,61
10/06/2015,GYH,SC,ASO,ES,Federal Contract Tower,0,9,0,8,17,0,6,43,9,58,0,15,43,17,75,20,4,24,99
10/07/2015,GYH,SC,ASO,ES,Federal Contract Tower,0,12,3,4,19,0,13,43,6,62,0,25,46,10,81,42,4,46,127
10/08/2015,GYH,SC,ASO,ES,Federal Contract Tower,0,7,3,2,12,0,23,32,14,69,0,30,35,16,81,48,4,52,133
10/09/2015,GYH,SC,ASO,ES,Federal Contract Tower,0,2,0,3,5,0,26,53,6,85,0,28,53,9,90,48,0,48,138
10/10/2015,GYH,SC,ASO,ES,Federal Contract Tower,0,3,1,1,5,0,0,1,0,1,0,3,2,1,6,0,0,0,6
10/11/2015,GYH,SC,ASO,ES,Federal Contract Tower,0,2,2,2,6,0,24,18,8,50,0,26,20,10,56,34,0,34,90
10/12/2015,GYH,SC,ASO,ES,Federal Contract Tower,0,10,4,1,15,0,6,10,0,16,0,16,14,1,31,8,0,8,39
10/13/2015,GYH,SC,ASO,ES,Federal Contract Tower,0,4,2,0,6,0,6,13,0,19,0,10,15,0,25,14,0,14,39
10/14/2015,GYH,SC,ASO,ES,Federal Contract Tower,0,6,1,2,9,0,28,26,5,59,0,34,27,7,68,18,18,36,104
10/15/2015,GYH,SC,ASO,ES,Federal Contract Tower,0,10,0,6,16,0,18,25,5,48,0,28,25,11,64,34,0,34,98
10/16/2015,GYH,SC,ASO,ES,Federal Contract Tower,0,5,1,0,6,0,34,26,4,64,0,39,27,4,70,36,0,36,106
10/17/2015,GYH,SC,ASO,ES,Federal Contract Tower,0,1,1,2,4,0,9,22,8,39,0,10,23,10,43,14,2,16,59
10/18/2015,GYH,SC,ASO,ES,Federal Contract Tower,0,7,1,0,8,0,0,23,0,23,0,7,24,0,31,20,0,20,51
10/19/2015,GYH,SC,ASO,ES,Federal Contract Tower,0,15,4,0,19,0,2,15,0,17,0,17,19,0,36,42,0,42,78
10/20/2015,GYH,SC,ASO,ES,Federal Contract Tower,0,5,3,7,15,0,28,17,12,57,0,33,20,19,72,16,12,28,100
10/21/2015,GYH,SC,ASO,ES,Federal Contract Tower,0,16,2,15,33,0,18,15,27,60,0,34,17,42,93,24,30,54,147
10/22/2015,GYH,SC,ASO,ES,Federal Contract Tower,0,11,3,0,14,0,23,25,15,63,0,34,28,15,77,22,24,46,123
10/23/2015,GYH,SC,ASO,ES,Federal Contract Tower,0,9,7,2,18,0,18,25,4,47,0,27,32,6,65,8,0,8,73
10/24/2015,GYH,SC,ASO,ES,Federal Contract Tower,0,3,2,1,6,0,16,0,3,19,0,19,2,4,25,0,0,0,25
10/25/2015,GYH,SC,ASO,ES,Federal Contract Tower,0,8,4,5,17,0,8,20,0,28,0,16,24,5,45,16,0,16,61
10/26/2015,GYH,SC,ASO,ES,Federal Contract Tower,0,14,3,0,17,0,4,0,0,4,0,18,3,0,21,0,0,0,21
10/27/2015,GYH,SC,ASO,ES,Federal Contract Tower,0,13,2,0,15,0,0,0,0,0,0,13,2,0,15,0,0,0,15
10/28/2015,GYH,SC,ASO,ES,Federal Contract Tower,0,8,0,0,8,0,0,3,29,32,0,8,3,29,40,6,38,44,84
10/29/2015,GYH,SC,ASO,ES,Federal Contract Tower,0,9,1,3,13,0,7,13,7,27,0,16,14,10,40,0,2,2,42
10/30/2015,GYH,SC,ASO,ES,Federal Contract Tower,0,4,4,5,13,0,25,40,1,66,0,29,44,6,79,54,0,54,133
10/31/2015,GYH,SC,ASO,ES,Federal Contract Tower,0,4,9,0,13,0,12,31,0,43,0,16,40,0,56,54,0,54,110
11/01/2015,GYH,SC,ASO,ES,Federal Contract Tower,0,6,0,0,6,0,0,0,0,0,0,6,0,0,6,0,0,0,6
11/02/2015,GYH,SC,ASO,ES,Federal Contract Tower,0,3,0,1,4,0,0,0,0,0,0,3,0,1,4,0,0,0,4
11/03/2015,GYH,SC,ASO,ES,Federal Contract Tower,0,5,7,11,23,0,0,0,0,0,0,5,7,11,23,0,0,0,23
11/04/2015,GYH,SC,ASO,ES,Federal Contract Tower,0,4,3,5,12,0,0,0,0,0,0,4,3,5,12,0,0,0,12
11/05/2015,GYH,SC,ASO,ES,Federal Contract Tower,0,7,10,7,24,0,2,0,5,7,0,9,10,12,31,0,8,8,39
11/06/2015,GYH,SC,ASO,ES,Federal Contract Tower,0,7,0,0,7,0,0,0,0,0,0,7,0,0,7,0,0,0,7
11/07/2015,GYH,SC,ASO,ES,Federal Contract Tower,0,4,0,0,4,0,2,16,0,18,0,6,16,0,22,40,0,40,62
11/08/2015,GYH,SC,ASO,ES,Federal Contract Tower,0,5,1,1,7,0,2,5,2,9,0,7,6,3,16,2,0,2,18
11/09/2015,GYH,SC,ASO,ES,Federal Contract Tower,0,7,1,2,10,0,0,0,0,0,0,7,1,2,10,0,0,0,10
11/10/2015,GYH,SC,ASO,ES,Federal Contract Tower,0,7,2,6,15,0,22,12,9,43,0,29,14,15,58,22,30,52,110
11/11/2015,GYH,SC,ASO,ES,Federal Contract Tower,0,12,0,0,12,0,19,35,12,66,0,31,35,12,78,54,104,158,236
11/12/2015,GYH,SC,ASO,ES,Federal Contract Tower,0,11,4,9,24,0,4,7,42,53,0,15,11,51,77,4,54,58,135
11/13/2015,GYH,SC,ASO,ES,Federal Contract Tower,0,12,2,2,16,0,16,45,10,71,0,28,47,12,87,88,24,112,199
11/14/2015,GYH,SC,ASO,ES,Federal Contract Tower,0,5,3,0,8,0,8,61,2,71,0,13,64,2,79,86,2,88,167
11/15/2015,GYH,SC,ASO,ES,Federal Contract Tower,0,11,3,0,14,0,4,52,2,58,0,15,55,2,72,30,0,30,102
11/16/2015,GYH,SC,ASO,ES,Federal Contract Tower,0,14,4,1,19,0,32,20,2,54,0,46,24,3,73,36,0,36,109
11/17/2015,GYH,SC,ASO,ES,Federal Contract Tower,0,8,1,11,20,0,13,29,13,55,0,21,30,24,75,20,2,22,97
11/18/2015,GYH,SC,ASO,ES,Federal Contract Tower,0,6,1,7,14,0,4,2,5,11,0,10,3,12,25,0,14,14,39
11/19/2015,GYH,SC,ASO,ES,Federal Contract Tower,0,12,3,10,25,0,10,20,29,59,0,22,23,39,84,38,58,96,180
11/20/2015,GYH,SC,ASO,ES,Federal Contract Tower,0,4,0,2,6,0,15,31,5,51,0,19,31,7,57,46,0,46,103
11/21/2015,GYH,SC,ASO,ES,Federal Contract Tower,0,7,2,1,10,0,8,28,4,40,0,15,30,5,50,80,0,80,130
11/22/2015,GYH,SC,ASO,ES,Federal Contract Tower,0,5,8,0,13,0,15,17,1,33,0,20,25,1,46,62,0,62,108
11/23/2015,GYH,SC,ASO,ES,Federal Contract Tower,0,12,3,0,15,0,16,10,0,26,0,28,13,0,41,2,0,2,43
11/24/2015,GYH,SC,ASO,ES,Federal Contract Tower,0,3,10,7,20,0,42,39,21,102,0,45,49,28,122,42,36,78,200
11/25/2015,GYH,SC,ASO,ES,Federal Contract Tower,0,7,2,2,11,0,12,36,0,48,0,19,38,2,59,38,0,38,97
11/26/2015,GYH,SC,ASO,ES,Federal Contract Tower,0,1,2,0,3,0,4,16,0,20,0,5,18,0,23,18,0,18,41
11/27/2015,GYH,SC,ASO,ES,Federal Contract Tower,0,5,0,0,5,0,8,31,0,39,0,13,31,0,44,44,0,44,88
11/28/2015,GYH,SC,ASO,ES,Federal Contract Tower,0,1,0,0,1,0,16,33,0,49,0,17,33,0,50,98,0,98,148
11/29/2015,GYH,SC,ASO,ES,Federal Contract Tower,0,6,10,0,16,0,4,10,4,18,0,10,20,4,34,24,8,32,66
11/30/2015,GYH,SC,ASO,ES,Federal Contract Tower,0,12,2,4,18,0,0,0,0,0,0,12,2,4,18,0,0,0,18
12/01/2015,GYH,SC,ASO,ES,Federal Contract Tower,0,5,0,1,6,0,0,0,0,0,0,5,0,1,6,0,0,0,6
12/02/2015,GYH,SC,ASO,ES,Federal Contract Tower,0,8,0,2,10,0,0,2,6,8,0,8,2,8,18,0,12,12,30
12/03/2015,GYH,SC,ASO,ES,Federal Contract Tower,0,7,5,8,20,0,10,32,21,63,0,17,37,29,83,40,36,76,159
12/04/2015,GYH,SC,ASO,ES,Federal Contract Tower,0,10,4,0,14,0,23,15,6,44,0,33,19,6,58,34,0,34,92
12/05/2015,GYH,SC,ASO,ES,Federal Contract Tower,0,2,3,6,11,0,18,44,0,62,0,20,47,6,73,42,16,58,131
12/06/2015,GYH,SC,ASO,ES,Federal Contract Tower,0,8,0,0,8,0,6,25,0,31,0,14,25,0,39,34,0,34,73
12/07/2015,GYH,SC,ASO,ES,Federal Contract Tower,0,13,0,2,15,0,31,28,0,59,0,44,28,2,74,62,6,68,142
12/08/2015,GYH,SC,ASO,ES,Federal Contract Tower,0,9,2,4,15,0,11,23,12,46,0,20,25,16,61,20,22,42,103
12/09/2015,GYH,SC,ASO,ES,Federal Contract Tower,0,10,1,0,11,0,4,23,13,40,0,14,24,13,51,50,14,64,115
12/10/2015,GYH,SC,ASO,ES,Federal Contract Tower,0,13,1,2,16,0,29,38,34,101,0,42,39,36,117,64,52,116,233
12/11/2015,GYH,SC,ASO,ES,Federal Contract Tower,0,3,2,3,8,0,6,21,3,30,0,9,23,6,38,30,0,30,68
12/12/2015,GYH,SC,ASO,ES,Federal Contract Tower,0,0,6,0,6,0,8,10,0,18,0,8,16,0,24,14,0,14,38
12/13/2015,GYH,SC,ASO,ES,Federal Contract Tower,0,4,5,2,11,0,19,15,0,34,0,23,20,2,45,2,0,2,47
12/14/2015,GYH,SC,ASO,ES,Federal Contract Tower,0,9,0,2,11,0,0,0,6,6,0,9,0,8,17,0,30,30,47
12/15/2015,GYH,SC,ASO,ES,Federal Contract Tower,0,16,2,9,27,0,4,16,16,36,0,20,18,25,63,28,36,64,127
12/16/2015,GYH,SC,ASO,ES,Federal Contract Tower,0,16,2,4,22,0,22,22,22,66,0,38,24,26,88,10,16,26,114
12/17/2015,GYH,SC,ASO,ES,Federal Contract Tower,0,26,1,1,28,0,0,0,0,0,0,26,1,1,28,0,0,0,28
12/18/2015,GYH,SC,ASO,ES,Federal Contract Tower,0,15,1,3,19,0,12,23,4,39,0,27,24,7,58,38,0,38,96
12/19/2015,GYH,SC,ASO,ES,Federal Contract Tower,0,5,1,0,6,0,10,28,0,38,0,15,29,0,44,8,0,8,52
12/20/2015,GYH,SC,ASO,ES,Federal Contract Tower,0,0,0,1,1,0,16,28,0,44,0,16,28,1,45,46,0,46,91
12/21/2015,GYH,SC,ASO,ES,Federal Contract Tower,0,11,4,4,19,0,13,9,0,22,0,24,13,4,41,12,0,12,53
12/22/2015,GYH,SC,ASO,ES,Federal Contract Tower,0,10,0,0,10,0,0,1,0,1,0,10,1,0,11,0,0,0,11
12/23/2015,GYH,SC,ASO,ES,Federal Contract Tower,0,8,1,1,10,0,0,0,0,0,0,8,1,1,10,0,0,0,10
12/24/2015,GYH,SC,ASO,ES,Federal Contract Tower,0,7,0,0,7,0,0,0,0,0,0,7,0,0,7,0,0,0,7
12/25/2015,GYH,SC,ASO,ES,Federal Contract Tower,0,2,0,0,2,0,4,0,0,4,0,6,0,0,6,0,0,0,6
12/26/2015,GYH,SC,ASO,ES,Federal Contract Tower,0,8,6,0,14,0,4,26,0,30,0,12,32,0,44,30,0,30,74
12/27/2015,GYH,SC,ASO,ES,Federal Contract Tower,0,5,2,0,7,0,0,2,0,2,0,5,4,0,9,4,0,4,13
12/28/2015,GYH,SC,ASO,ES,Federal Contract Tower,0,8,0,0,8,0,6,0,0,6,0,14,0,0,14,0,0,0,14
12/29/2015,GYH,SC,ASO,ES,Federal Contract Tower,0,7,0,2,9,0,12,12,16,40,0,19,12,18,49,6,42,48,97
12/30/2015,GYH,SC,ASO,ES,Federal Contract Tower,0,4,1,0,5,0,0,0,0,0,0,4,1,0,5,0,0,0,5
12/31/2015,GYH,SC,ASO,ES,Federal Contract Tower,0,9,1,0,10,0,11,0,0,11,0,20,1,0,21,0,0,0,21
01/01/2016,GYH,SC,ASO,ES,Federal Contract Tower,0,2,2,0,4,0,12,13,0,25,0,14,15,0,29,8,0,8,37
01/02/2016,GYH,SC,ASO,ES,Federal Contract Tower,0,7,2,0,9,0,27,41,0,68,0,34,43,0,77,50,0,50,127
01/03/2016,GYH,SC,ASO,ES,Federal Contract Tower,0,9,1,0,10,0,8,25,0,33,0,17,26,0,43,14,0,14,57
01/04/2016,GYH,SC,ASO,ES,Federal Contract Tower,0,4,4,1,9,0,4,5,0,9,0,8,9,1,18,0,0,0,18
01/05/2016,GYH,SC,ASO,ES,Federal Contract Tower,0,9,3,3,15,0,20,14,0,34,0,29,17,3,49,6,0,6,55
01/06/2016,GYH,SC,ASO,ES,Federal Contract Tower,0,12,2,8,22,0,11,19,27,57,0,23,21,35,79,22,68,90,169
01/07/2016,GYH,SC,ASO,ES,Federal Contract Tower,0,11,7,0,18,0,13,15,18,46,0,24,22,18,64,18,16,34,98
01/08/2016,GYH,SC,ASO,ES,Federal Contract Tower,0,11,4,0,15,0,0,0,0,0,0,11,4,0,15,0,0,0,15
01/09/2016,GYH,SC,ASO,ES,Federal Contract Tower,0,3,32,0,35,0,0,2,0,2,0,3,34,0,37,18,0,18,55
01/10/2016,GYH,SC,ASO,ES,Federal Contract Tower,0,6,2,1,9,0,5,15,0,20,0,11,17,1,29,36,0,36,65
01/11/2016,GYH,SC,ASO,ES,Federal Contract Tower,0,14,3,2,19,0,10,27,6,43,0,24,30,8,62,44,0,44,106
01/12/2016,GYH,SC,ASO,ES,Federal Contract Tower,0,4,0,2,6,0,6,2,9,17,0,10,2,11,23,0,6,6,29
01/13/2016,GYH,SC,ASO,ES,Federal Contract Tower,0,5,4,8,17,0,10,10,25,45,0,15,14,33,62,74,18,92,154
01/14/2016,GYH,SC,ASO,ES,Federal Contract Tower,0,12,2,9,23,0,5,22,23,50,0,17,24,32,73,14,42,56,129
01/15/2016,GYH,SC,ASO,ES,Federal Contract Tower,0,4,0,4,8,0,1,0,0,1,0,5,0,4,9,0,2,2,11
01/16/2016,GYH,SC,ASO,ES,Federal Contract Tower,0,1,2,0,3,0,8,16,0,24,0,9,18,0,27,10,0,10,37
01/17/2016,GYH,SC,ASO,ES,Federal Contract Tower,0,3,1,0,4,0,4,12,0,16,0,7,13,0,20,62,0,62,82
01/18/2016,GYH,SC,ASO,ES,Federal Contract Tower,0,8,2,0,10,0,21,7,0,28,0,29,9,0,38,12,0,12,50
01/19/2016,GYH,SC,ASO,ES,Federal Contract Tower,0,8,1,0,9,0,11,15,15,41,0,19,16,15,50,18,10,28,78
01/20/2016,GYH,SC,ASO,ES,Federal Contract Tower,0,14,0,4,18,0,19,2,10,31,0,33,2,14,49,20,2,22,71
01/21/2016,GYH,SC,ASO,ES,Federal Contract Tower,0,9,2,7,18,0,25,14,28,67,0,34,16,35,85,16,8,24,109
01/22/2016,GYH,SC,ASO,ES,Federal Contract Tower,0,0,0,1,1,0,0,0,0,0,0,0,0,1,1,0,0,0,1
01/23/2016,GYH,SC,ASO,ES,Federal Contract Tower,0,1,2,1,4,0,10,8,0,18,0,11,10,1,22,6,0,6,28
01/24/2016,GYH,SC,ASO,ES,Federal Contract Tower,0,5,0,0,5,0,8,29,8,45,0,13,29,8,50,52,0,52,102
01/25/2016,GYH,SC,ASO,ES,Federal Contract Tower,0,11,6,4,21,0,11,17,8,36,0,22,23,12,57,8,0,8,65
01/26/2016,GYH,SC,ASO,ES,Federal Contract Tower,0,16,4,3,23,0,21,12,4,37,0,37,16,7,60,30,0,30,90
01/27/2016,GYH,SC,ASO,ES,Federal Contract Tower,0,6,0,2,8,0,16,3,41,60,0,22,3,43,68,6,68,74,142
01/28/2016,GYH,SC,ASO,ES,Federal Contract Tower,0,6,4,7,17,0,18,14,24,56,0,24,18,31,73,24,34,58,131
01/29/2016,GYH,SC,ASO,ES,Federal Contract Tower,0,6,1,0,7,0,16,17,0,33,0,22,18,0,40,40,0,40,80
01/30/2016,GYH,SC,ASO,ES,Federal Contract Tower,0,1,3,1,5,0,20,70,0,90,0,21,73,1,95,30,0,30,125
01/31/2016,GYH,SC,ASO,ES,Federal Contract Tower,0,4,3,1,8,0,16,18,2,36,0,20,21,3,44,14,2,16,60
02/01/2016,GYH,SC,ASO,ES,Federal Contract Tower,0,2,0,1,3,0,5,3,2,10,0,7,3,3,13,4,0,4,17
02/02/2016,GYH,SC,ASO,ES,Federal Contract Tower,0,6,0,0,6,0,0,0,0,0,0,6,0,0,6,0,0,0,6
02/03/2016,GYH,SC,ASO,ES,Federal Contract Tower,0,3,0,3,6,0,0,0,1,1,0,3,0,4,7,0,0,0,7
02/04/2016,GYH,SC,ASO,ES,Federal Contract Tower,0,14,6,1,21,0,10,21,27,58,0,24,27,28,79,40,16,56,135
02/05/2016,GYH,SC,ASO,ES,Federal Contract Tower,0,8,7,5,20,0,34,15,9,58,0,42,22,14,78,26,10,36,114
02/06/2016,GYH,SC,ASO,ES,Federal Contract Tower,0,4,2,0,6,0,42,45,10,97,0,46,47,10,103,54,0,54,157
02/07/2016,GYH,SC,ASO,ES,Federal Contract Tower,0,4,2,0,6,0,16,20,0,36,0,20,22,0,42,4,0,4,46
02/08/2016,GYH,SC,ASO,ES,Federal Contract Tower,0,13,2,0,15,0,5,4,10,19,0,18,6,10,34,0,0,0,34
02/09/2016,GYH,SC,ASO,ES,Federal Contract Tower,0,12,3,6,21,0,36,5,35,76,0,48,8,41,97,8,26,34,131
02/10/2016,GYH,SC,ASO,ES,Federal Contract Tower,0,10,0,6,16,0,15,8,7,30,0,25,8,13,46,2,4,6,52
02/11/2016,GYH,SC,ASO,ES,Federal Contract Tower,0,14,0,5,19,0,16,15,20,51,0,30,15,25,70,16,16,32,102
02/12/2016,GYH,SC,ASO,ES,Federal Contract Tower,0,12,0,1,13,0,21,5,1,27,0,33,5,2,40,22,0,22,62
02/13/2016,GYH,SC,ASO,ES,Federal Contract Tower,0,5,2,0,7,0,22,37,0,59,0,27,39,0,66,44,0,44,110
02/14/2016,GYH,SC,ASO,ES,Federal Contract Tower,0,8,2,0,10,0,8,9,0,17,0,16,11,0,27,34,0,34,61
02/15/2016,GYH,SC,ASO,ES,Federal Contract Tower,0,6,0,0,6,0,0,0,0,0,0,6,0,0,6,0,0,0,6
02/16/2016,GYH,SC,ASO,ES,Federal Contract Tower,0,6,7,2,15,0,16,11,10,37,0,22,18,12,52,40,10,50,102
02/17/2016,GYH,SC,ASO,ES,Federal Contract Tower,0,11,11,3,25,0,21,23,15,59,0,32,34,18,84,32,8,40,124
02/18/2016,GYH,SC,ASO,ES,Federal Contract Tower,0,18,4,5,27,0,34,40,19,93,0,52,44,24,120,42,18,60,180
02/19/2016,GYH,SC,ASO,ES,Federal Contract Tower,0,15,5,1,21,0,28,19,6,53,0,43,24,7,74,40,16,56,130
02/20/2016,GYH,SC,ASO,ES,Federal Contract Tower,0,4,1,0,5,0,14,24,0,38,0,18,25,0,43,34,0,34,77
02/21/2016,GYH,SC,ASO,ES,Federal Contract Tower,0,3,0,0,3,0,4,11,0,15,0,7,11,0,18,56,0,56,74
02/22/2016,GYH,SC,ASO,ES,Federal Contract Tower,0,12,0,2,14,0,0,0,2,2,0,12,0,4,16,0,6,6,22
02/23/2016,GYH,SC,ASO,ES,Federal Contract Tower,0,10,0,4,14,0,0,0,0,0,0,10,0,4,14,0,0,0,14
02/24/2016,GYH,SC,ASO,ES,Federal Contract Tower,0,14,0,2,16,0,2,0,10,12,0,16,0,12,28,0,16,16,44
02/25/2016,GYH,SC,ASO,ES,Federal Contract Tower,0,14,1,3,18,0,16,6,28,50,0,30,7,31,68,4,12,16,84
02/26/2016,GYH,SC,ASO,ES,Federal Contract Tower,0,8,0,5,13,0,17,41,9,67,0,25,41,14,80,66,6,72,152
02/27/2016,GYH,SC,ASO,ES,Federal Contract Tower,0,1,1,0,2,0,4,52,0,56,0,5,53,0,58,46,0,46,104
02/28/2016,GYH,SC,ASO,ES,Federal Contract Tower,0,2,1,0,3,0,10,32,0,42,0,12,33,0,45,10,0,10,55
02/29/2016,GYH,SC,ASO,ES,Federal Contract Tower,0,6,2,0,8,0,13,21,0,34,0,19,23,0,42,60,0,60,102
03/01/2016,GYH,SC,ASO,ES,Federal Contract Tower,0,17,0,1,18,0,9,4,3,16,0,26,4,4,34,4,2,6,40
03/02/2016,GYH,SC,ASO,ES,Federal Contract Tower,0,10,3,2,15,0,14,19,16,49,0,24,22,18,64,10,8,18,82
03/03/2016,GYH,SC,ASO,ES,Federal Contract Tower,0,6,5,8,19,0,5,18,18,41,0,11,23,26,60,10,2,12,72
03/04/2016,GYH,SC,ASO,ES,Federal Contract Tower,0,8,5,4,17,0,18,33,0,51,0,26,38,4,68,64,0,64,132
03/05/2016,GYH,SC,ASO,ES,Federal Contract Tower,0,3,1,0,4,0,11,28,0,39,0,14,29,0,43,60,0,60,103
03/06/2016,GYH,SC,ASO,ES,Federal Contract Tower,0,7,0,2,9,0,7,34,0,41,0,14,34,2,50,66,0,66,116
03/07/2016,GYH,SC,ASO,ES,Federal Contract Tower,0,6,0,2,8,0,32,43,16,91,0,38,43,18,99,56,34,90,189
03/08/2016,GYH,SC,ASO,ES,Federal Contract Tower,0,7,8,4,19,0,26,34,24,84,0,33,42,28,103,62,22,84,187
03/09/2016,GYH,SC,ASO,ES,Federal Contract Tower,0,10,0,3,13,0,28,23,21,72,0,38,23,24,85,30,22,52,137
03/10/2016,GYH,SC,ASO,ES,Federal Contract Tower,0,20,4,8,32,0,12,17,4,33,0,32,21,12,65,54,4,58,123
03/11/2016,GYH,SC,ASO,ES,Federal Contract Tower,0,9,0,0,9,0,33,23,8,64,0,42,23,8,73,44,2,46,119
03/12/2016,GYH,SC,ASO,ES,Federal Contract Tower,0,3,2,4,9,0,4,17,4,25,0,7,19,8,34,20,0,20,54
03/13/2016,GYH,SC,ASO,ES,Federal Contract Tower,0,4,1,0,5,0,4,2,0,6,0,8,3,0,11,4,0,4,15
03/14/2016,GYH,SC,ASO,ES,Federal Contract Tower,0,11,0,5,16,0,20,18,2,40,0,31,18,7,56,30,0,30,86
03/15/2016,GYH,SC,ASO,ES,Federal Contract Tower,0,2,0,0,2,0,15,29,2,46,0,17,29,2,48,20,0,20,68
03/16/2016,GYH,SC,ASO,ES,Federal Contract Tower,0,7,1,4,12,0,14,23,11,48,0,21,24,15,60,44,0,44,104
03/17/2016,GYH,SC,ASO,ES,Federal Contract Tower,0,13,2,10,25,0,34,24,21,79,0,47,26,31,104,52,6,58,162
03/18/2016,GYH,SC,ASO,ES,Federal Contract Tower,0,7,5,2,14,0,18,37,0,55,0,25,42,2,69,40,0,40,109
03/19/2016,GYH,SC,ASO,ES,Federal Contract Tower,0,2,0,0,2,0,23,27,0,50,0,25,27,0,52,26,0,26,78
03/20/2016,GYH,SC,ASO,ES,Federal Contract Tower,0,2,8,0,10,0,15,7,0,22,0,17,15,0,32,16,0,16,48
03/21/2016,GYH,SC,ASO,ES,Federal Contract Tower,0,1,2,1,4,0,13,8,1,22,0,14,10,2,26,4,0,4,30
03/22/2016,GYH,SC,ASO,ES,Federal Contract Tower,0,3,5,3,11,0,12,21,25,58,0,15,26,28,69,18,40,58,127
03/23/2016,GYH,SC,ASO,ES,Federal Contract Tower,0,4,2,0,6,0,29,19,21,69,0,33,21,21,75,28,18,46,121
03/24/2016,GYH,SC,ASO,ES,Federal Contract Tower,0,7,4,1,12,0,20,14,17,51,0,27,18,18,63,20,18,38,101
03/25/2016,GYH,SC,ASO,ES,Federal Contract Tower,0,7,5,3,15,0,20,13,6,39,0,27,18,9,54,22,0,22,76
03/26/2016,GYH,SC,ASO,ES,Federal Contract Tower,0,3,5,0,8,0,8,31,0,39,0,11,36,0,47,66,0,66,113
03/27/2016,GYH,SC,ASO,ES,Federal Contract Tower,0,5,0,0,5,0,0,0,0,0,0,5,0,0,5,0,0,0,5
03/28/2016,GYH,SC,ASO,ES,Federal Contract Tower,0,11,4,1,16,0,19,20,0,39,0,30,24,1,55,52,0,52,107
03/29/2016,GYH,SC,ASO,ES,Federal Contract Tower,0,5,3,3,11,0,10,17,16,43,0,15,20,19,54,18,16,34,88
03/30/2016,GYH,SC,ASO,ES,Federal Contract Tower,0,6,2,4,12,0,17,34,15,66,0,23,36,19,78,70,8,78,156
03/31/2016,GYH,SC,ASO,ES,Federal Contract Tower,0,4,3,1,8,0,10,2,16,28,0,14,5,17,36,18,4,22,58
04/01/2016,GYH,SC,ASO,ES,Federal Contract Tower,0,12,0,2,14,0,4,0,6,10,0,16,0,8,24,0,4,4,28
04/02/2016,GYH,SC,ASO,ES,Federal Contract Tower,0,7,3,1,11,0,14,21,17,52,0,21,24,18,63,26,0,26,89
04/03/2016,GYH,SC,ASO,ES,Federal Contract Tower,0,9,1,0,10,0,10,24,7,41,0,19,25,7,51,10,10,20,71
04/04/2016,GYH,SC,ASO,ES,Federal Contract Tower,0,2,3,0,5,0,26,11,4,41,0,28,14,4,46,4,6,10,56
04/05/2016,GYH,SC,ASO,ES,Federal Contract Tower,0,9,2,1,12,0,10,27,9,46,0,19,29,10,58,54,0,54,112
04/06/2016,GYH,SC,ASO,ES,Federal Contract Tower,0,6,4,5,15,0,10,37,6,53,0,16,41,11,68,68,4,72,140
04/07/2016,GYH,SC,ASO,ES,Federal Contract Tower,0,11,3,4,18,0,13,8,10,31,0,24,11,14,49,24,4,28,77
04/08/2016,GYH,SC,ASO,ES,Federal Contract Tower,0,4,2,1,7,0,28,20,0,48,0,32,22,1,55,36,0,36,91
04/09/2016,GYH,SC,ASO,ES,Federal Contract Tower,0,2,1,0,3,0,24,11,0,35,0,26,12,0,38,16,0,16,54
04/10/2016,GYH,SC,ASO,ES,Federal Contract Tower,0,6,2,0,8,0,2,17,0,19,0,8,19,0,27,2,0,2,29
04/11/2016,GYH,SC,ASO,ES,Federal Contract Tower,0,14,7,3,24,0,32,13,1,46,0,46,20,4,70,62,2,64,134
04/12/2016,GYH,SC,ASO,ES,Federal Contract Tower,0,8,0,0,8,0,4,5,2,11,0,12,5,2,19,4,0,4,23
04/13/2016,GYH,SC,ASO,ES,Federal Contract Tower,0,8,2,3,13,0,20,10,9,39,0,28,12,12,52,16,14,30,82
04/14/2016,GYH,SC,ASO,ES,Federal Contract Tower,0,5,3,3,11,0,27,24,18,69,0,32,27,21,80,26,10,36,116
04/15/2016,GYH,SC,ASO,ES,Federal Contract Tower,0,11,1,3,15,0,15,10,9,34,0,26,11,12,49,16,0,16,65
04/16/2016,GYH,SC,ASO,ES,Federal Contract Tower,0,0,2,1,3,0,6,33,1,40,0,6,35,2,43,42,0,42,85
04/17/2016,GYH,SC,ASO,ES,Federal Contract Tower,0,2,3,0,5,0,16,32,0,48,0,18,35,0,53,48,0,48,101
04/18/2016,GYH,SC,ASO,ES,Federal Contract Tower,0,6,5,1,12,0,25,7,2,34,0,31,12,3,46,6,2,8,54
04/19/2016,GYH,SC,ASO,ES,Federal Contract Tower,0,6,0,3,9,0,19,23,10,52,0,25,23,13,61,58,4,62,123
04/20/2016,GYH,SC,ASO,ES,Federal Contract Tower,0,14,0,3,17,0,24,18,6,48,0,38,18,9,65,48,0,48,113
04/21/2016,GYH,SC,ASO,ES,Federal Contract Tower,0,7,6,10,23,0,13,22,11,46,0,20,28,21,69,32,12,44,113
04/22/2016,GYH,SC,ASO,ES,Federal Contract Tower,0,10,2,1,13,0,5,2,0,7,0,15,4,1,20,0,0,0,20
04/23/2016,GYH,SC,ASO,ES,Federal Contract Tower,0,4,2,1,7,0,12,25,2,39,0,16,27,3,46,22,0,22,68
04/24/2016,GYH,SC,ASO,ES,Federal Contract Tower,0,8,4,2,14,0,14,27,2,43,0,22,31,4,57,36,0,36,93
04/25/2016,GYH,SC,ASO,ES,Federal Contract Tower,0,13,6,1,20,0,30,16,19,65,0,43,22,20,85,22,44,66,151
04/26/2016,GYH,SC,ASO,ES,Federal Contract Tower,0,13,7,1,21,0,14,18,5,37,0,27,25,6,58,14,0,14,72
04/27/2016,GYH,SC,ASO,ES,Federal Contract Tower,0,10,3,1,14,0,18,13,20,51,0,28,16,21,65,30,10,40,105
04/28/2016,GYH,SC,ASO,ES,Federal Contract Tower,0,11,0,2,13,0,26,10,32,68,0,37,10,34,81,22,24,46,127
04/29/2016,GYH,SC,ASO,ES,Federal Contract Tower,0,7,4,5,16,0,28,29,11,68,0,35,33,16,84,38,12,50,134
04/30/2016,GYH,SC,ASO,ES,Federal Contract Tower,0,4,3,0,7,0,9,96,3,108,0,13,99,3,115,12,0,12,127
05/01/2016,GYH,SC,ASO,ES,Federal Contract Tower,0,8,1,0,9,0,0,2,0,2,0,8,3,0,11,0,0,0,11
05/02/2016,GYH,SC,ASO,ES,Federal Contract Tower,0,15,0,2,17,0,12,7,4,23,0,27,7,6,40,42,2,44,84
05/03/2016,GYH,SC,ASO,ES,Federal Contract Tower,0,9,3,2,14,0,10,11,15,36,0,19,14,17,50,6,22,28,78
05/04/2016,GYH,SC,ASO,ES,Federal Contract Tower,0,4,1,5,10,0,26,13,13,52,0,30,14,18,62,38,36,74,136
05/05/2016,GYH,SC,ASO,ES,Federal Contract Tower,0,9,0,3,12,0,18,9,21,48,0,27,9,24,60,10,12,22,82
05/06/2016,GYH,SC,ASO,ES,Federal Contract Tower,0,15,4,0,19,0,12,21,6,39,0,27,25,6,58,16,4,20,78
05/07/2016,GYH,SC,ASO,ES,Federal Contract Tower,0,4,2,0,6,0,21,21,2,44,0,25,23,2,50,14,6,20,70
05/08/2016,GYH,SC,ASO,ES,Federal Contract Tower,0,11,1,0,12,0,26,7,0,33,0,37,8,0,45,2,0,2,47
05/09/2016,GYH,SC,ASO,ES,Federal Contract Tower,0,7,9,0,16,0,23,18,0,41,0,30,27,0,57,18,0,18,75
05/10/2016,GYH,SC,ASO,ES,Federal Contract Tower,0,2,4,10,16,0,14,10,34,58,0,16,14,44,74,28,14,42,116
05/11/2016,GYH,SC,ASO,ES,Federal Contract Tower,0,9,3,2,14,0,20,8,10,38,0,29,11,12,52,20,2,22,74
05/12/2016,GYH,SC,ASO,ES,Federal Contract Tower,0,7,2,2,11,0,22,15,20,57,0,29,17,22,68,42,20,62,130
05/13/2016,GYH,SC,ASO,ES,Federal Contract Tower,0,10,3,2,15,0,46,7,18,71,0,56,10,20,86,2,16,18,104
05/14/2016,GYH,SC,ASO,ES,Federal Contract Tower,0,2,0,0,2,0,11,20,10,41,0,13,20,10,43,30,6,36,79
05/15/2016,GYH,SC,ASO,ES,Federal Contract Tower,0,9,4,1,14,0,16,16,0,32,0,25,20,1,46,24,0,24,70
05/16/2016,GYH,SC,ASO,ES,Federal Contract Tower,0,7,3,0,10,0,32,16,5,53,0,39,19,5,63,44,0,44,107
05/17/2016,GYH,SC,ASO,ES,Federal Contract Tower,0,8,4,20,32,0,12,1,16,29,0,20,5,36,61,0,28,28,89
05/18/2016,GYH,SC,ASO,ES,Federal Contract Tower,0,9,1,11,21,0,19,13,14,46,0,28,14,25,67,40,24,64,131
05/19/2016,GYH,SC,ASO,ES,Federal Contract Tower,0,9,3,1,13,0,0,0,0,0,0,9,3,1,13,0,0,0,13
05/20/2016,GYH,SC,ASO,ES,Federal Contract Tower,0,7,1,1,9,0,0,0,0,0,0,7,1,1,9,0,0,0,9
05/21/2016,GYH,SC,ASO,ES,Federal Contract Tower,0,3,1,3,7,0,10,3,3,16,0,13,4,6,23,6,0,6,29
05/22/2016,GYH,SC,ASO,ES,Federal Contract Tower,0,4,2,0,6,0,13,19,0,32,0,17,21,0,38,40,0,40,78
05/23/2016,GYH,SC,ASO,ES,Federal Contract Tower,0,7,3,0,10,0,28,30,9,67,0,35,33,9,77,46,12,58,135
05/24/2016,GYH,SC,ASO,ES,Federal Contract Tower,0,11,3,2,16,0,27,27,18,72,0,38,30,20,88,18,8,26,114
05/25/2016,GYH,SC,ASO,ES,Federal Contract Tower,0,10,3,2,15,0,10,23,6,39,0,20,26,8,54,72,2,74,128
05/26/2016,GYH,SC,ASO,ES,Federal Contract Tower,0,11,1,2,14,0,17,15,10,42,0,28,16,12,56,40,4,44,100
05/27/2016,GYH,SC,ASO,ES,Federal Contract Tower,0,14,4,8,26,0,25,28,1,54,0,39,32,9,80,28,0,28,108
05/28/2016,GYH,SC,ASO,ES,Federal Contract Tower,0,7,2,0,9,0,16,30,0,46,0,23,32,0,55,26,0,26,81
05/29/2016,GYH,SC,ASO,ES,Federal Contract Tower,0,4,1,0,5,0,8,1,0,9,0,12,2,0,14,0,0,0,14
05/30/2016,GYH,SC,ASO,ES,Federal Contract Tower,0,4,7,0,11,0,15,23,0,38,0,19,30,0,49,36,0,36,85
05/31/2016,GYH,SC,ASO,ES,Federal Contract Tower,0,15,2,0,17,0,26,28,7,61,0,41,30,7,78,34,12,46,124
06/01/2016,GYH,SC,ASO,ES,Federal Contract Tower,0,15,4,2,21,0,16,19,6,41,0,31,23,8,62,34,6,40,102
06/02/2016,GYH,SC,ASO,ES,Federal Contract Tower,0,7,1,2,10,0,11,28,6,45,0,18,29,8,55,58,0,58,113
06/03/2016,GYH,SC,ASO,ES,Federal Contract Tower,0,5,1,2,8,0,29,24,3,56,0,34,25,5,64,46,0,46,110
06/04/2016,GYH,SC,ASO,ES,Federal Contract Tower,0,1,4,2,7,0,16,31,9,56,0,17,35,11,63,18,4,22,85
06/05/2016,GYH,SC,ASO,ES,Federal Contract Tower,0,4,5,1,10,0,10,6,2,18,0,14,11,3,28,20,0,20,48
06/06/2016,GYH,SC,ASO,ES,Federal Contract Tower,0,6,6,1,13,0,6,9,1,16,0,12,15,2,29,24,2,26,55
06/07/2016,GYH,SC,ASO,ES,Federal Contract Tower,0,10,3,4,17,0,30,13,17,60,0,40,16,21,77,24,14,38,115
06/08/2016,GYH,SC,ASO,ES,Federal Contract Tower,0,8,0,4,12,0,17,30,6,53,0,25,30,10,65,68,0,68,133
06/09/2016,GYH,SC,ASO,ES,Federal Contract Tower,0,5,7,5,17,0,14,43,9,66,0,19,50,14,83,64,0,64,147
06/10/2016,GYH,SC,ASO,ES,Federal Contract Tower,0,10,5,2,17,0,13,28,7,48,0,23,33,9,65,50,0,50,115
06/11/2016,GYH,SC,ASO,ES,Federal Contract Tower,0,4,2,1,7,0,32,17,2,51,0,36,19,3,58,22,2,24,82
06/12/2016,GYH,SC,ASO,ES,Federal Contract Tower,0,4,1,0,5,0,18,24,3,45,0,22,25,3,50,66,0,66,116
06/13/2016,GYH,SC,ASO,ES,Federal Contract Tower,0,8,1,1,10,0,39,20,2,61,0,47,21,3,71,56,0,56,127
06/14/2016,GYH,SC,ASO,ES,Federal Contract Tower,0,11,6,1,18,0,12,15,7,34,0,23,21,8,52,34,10,44,96
06/15/2016,GYH,SC,ASO,ES,Federal Contract Tower,0,5,2,0,7,0,17,21,7,45,0,22,23,7,52,36,2,38,90
06/16/2016,GYH,SC,ASO,ES,Federal Contract Tower,0,4,2,2,8,0,11,20,20,51,0,15,22,22,59,30,8,38,97
06/17/2016,GYH,SC,ASO,ES,Federal Contract Tower,0,2,3,3,8,0,12,14,4,30,0,14,17,7,38,30,0,30,68
06/18/2016,GYH,SC,ASO,ES,Federal Contract Tower,0,3,5,0,8,0,0,15,0,15,0,3,20,0,23,28,0,28,51
06/19/2016,GYH,SC,ASO,ES,Federal Contract Tower,0,0,2,0,2,0,10,20,0,30,0,10,22,0,32,4,0,4,36
06/20/2016,GYH,SC,ASO,ES,Federal Contract Tower,0,4,7,2,13,0,12,11,0,23,0,16,18,2,36,6,0,6,42
06/21/2016,GYH,SC,ASO,ES,Federal Contract Tower,0,8,2,2,12,0,23,13,14,50,0,31,15,16,62,34,2,36,98
06/22/2016,GYH,SC,ASO,ES,Federal Contract Tower,0,8,0,3,11,0,23,24,14,61,0,31,24,17,72,42,8,50,122
06/23/2016,GYH,SC,ASO,ES,Federal Contract Tower,0,8,0,2,10,0,26,12,3,41,0,34,12,5,51,46,4,50,101
06/24/2016,GYH,SC,ASO,ES,Federal Contract Tower,0,3,1,0,4,0,19,10,0,29,0,22,11,0,33,0,0,0,33
06/25/2016,GYH,SC,ASO,ES,Federal Contract Tower,0,4,1,0,5,0,7,28,1,36,0,11,29,1,41,4,0,4,45
06/26/2016,GYH,SC,ASO,ES,Federal Contract Tower,0,5,7,0,12,0,10,19,0,29,0,15,26,0,41,14,0,14,55
06/27/2016,GYH,SC,ASO,ES,Federal Contract Tower,0,11,1,0,12,0,19,13,0,32,0,30,14,0,44,18,0,18,62
06/28/2016,GYH,SC,ASO,ES,Federal Contract Tower,0,10,1,3,14,0,7,9,8,24,0,17,10,11,38,34,2,36,74
06/29/2016,GYH,SC,ASO,ES,Federal Contract Tower,0,13,0,8,21,0,13,26,12,51,0,26,26,20,72,12,8,20,92
06/30/2016,GYH,SC,ASO,ES,Federal Contract Tower,0,11,0,1,12,0,20,12,2,34,0,31,12,3,46,6,0,6,52
07/01/2016,GYH,SC,ASO,ES,Federal Contract Tower,0,9,10,0,19,0,7,17,0,24,0,16,27,0,43,18,0,18,61
07/02/2016,GYH,SC,ASO,ES,Federal Contract Tower,0,2,4,0,6,0,12,31,0,43,0,14,35,0,49,16,0,16,65
07/03/2016,GYH,SC,ASO,ES,Federal Contract Tower,0,1,0,0,1,0,1,21,0,22,0,2,21,0,23,18,0,18,41
07/04/2016,GYH,SC,ASO,ES,Federal Contract Tower,0,0,2,0,2,0,8,17,0,25,0,8,19,0,27,22,0,22,49
07/05/2016,GYH,SC,ASO,ES,Federal Contract Tower,0,9,4,1,14,0,20,11,0,31,0,29,15,1,45,22,0,22,67
07/06/2016,GYH,SC,ASO,ES,Federal Contract Tower,0,6,4,3,13,0,15,8,6,29,0,21,12,9,42,10,4,14,56
07/07/2016,GYH,SC,ASO,ES,Federal Contract Tower,0,14,3,0,17,0,29,21,23,73,0,43,24,23,90,40,18,58,148
07/08/2016,GYH,SC,ASO,ES,Federal Contract Tower,0,7,1,2,10,0,13,15,10,38,0,20,16,12,48,8,0,8,56
07/09/2016,GYH,SC,ASO,ES,Federal Contract Tower,0,1,0,3,4,0,14,38,4,56,0,15,38,7,60,76,0,76,136
07/10/2016,GYH,SC,ASO,ES,Federal Contract Tower,0,2,0,0,2,0,9,18,0,27,0,11,18,0,29,28,0,28,57
07/11/2016,GYH,SC,ASO,ES,Federal Contract Tower,0,9,1,0,10,0,22,12,2,36,0,31,13,2,46,22,0,22,68
07/12/2016,GYH,SC,ASO,ES,Federal Contract Tower,0,6,2,1,9,0,44,21,10,75,0,50,23,11,84,76,4,80,164
07/13/2016,GYH,SC,ASO,ES,Federal Contract Tower,0,4,0,3,7,0,16,15,7,38,0,20,15,10,45,20,16,36,81
07/14/2016,GYH,SC,ASO,ES,Federal Contract Tower,0,9,3,3,15,0,19,22,11,52,0,28,25,14,67,22,6,28,95
07/15/2016,GYH,SC,ASO,ES,Federal Contract Tower,0,5,4,1,10,0,27,20,3,50,0,32,24,4,60,14,2,16,76
07/16/2016,GYH,SC,ASO,ES,Federal Contract Tower,0,4,2,0,6,0,14,17,0,31,0,18,19,0,37,12,0,12,49
07/17/2016,GYH,SC,ASO,ES,Federal Contract Tower,0,7,4,0,11,0,10,17,0,27,0,17,21,0,38,10,0,10,48
07/18/2016,GYH,SC,ASO,ES,Federal Contract Tower,0,13,3,0,16,0,1,8,0,9,0,14,11,0,25,6,0,6,31
07/19/2016,GYH,SC,ASO,ES,Federal Contract Tower,0,12,3,2,17,0,18,29,9,56,0,30,32,11,73,42,10,52,125
07/20/2016,GYH,SC,ASO,ES,Federal Contract Tower,0,4,0,1,5,0,14,27,3,44,0,18,27,4,49,44,0,44,93
07/21/2016,GYH,SC,ASO,ES,Federal Contract Tower,0,10,7,1,18,0,17,26,13,56,0,27,33,14,74,30,0,30,104
07/22/2016,GYH,SC,ASO,ES,Federal Contract Tower,0,9,4,2,15,0,18,30,4,52,0,27,34,6,67,22,0,22,89
07/23/2016,GYH,SC,ASO,ES,Federal Contract Tower,0,0,1,0,1,0,24,46,0,70,0,24,47,0,71,42,0,42,113
07/24/2016,GYH,SC,ASO,ES,Federal Contract Tower,0,2,3,1,6,0,7,10,0,17,0,9,13,1,23,2,0,2,25
07/25/2016,GYH,SC,ASO,ES,Federal Contract Tower,0,11,4,0,15,0,12,4,0,16,0,23,8,0,31,2,0,2,33
07/26/2016,GYH,SC,ASO,ES,Federal Contract Tower,0,9,3,6,18,0,14,12,7,33,0,23,15,13,51,38,0,38,89
07/27/2016,GYH,SC,ASO,ES,Federal Contract Tower,0,6,2,3,11,0,16,28,13,57,0,22,30,16,68,18,16,34,102
07/28/2016,GYH,SC,ASO,ES,Federal Contract Tower,0,14,1,2,17,0,19,31,5,55,0,33,32,7,72,44,2,46,118
07/29/2016,GYH,SC,ASO,ES,Federal Contract Tower,0,9,0,2,11,0,8,22,20,50,0,17,22,22,61,66,10,76,137
07/30/2016,GYH,SC,ASO,ES,Federal Contract Tower,0,8,2,2,12,0,22,30,0,52,0,30,32,2,64,58,0,58,122
07/31/2016,GYH,SC,ASO,ES,Federal Contract Tower,0,7,2,1,10,0,10,13,0,23,0,17,15,1,33,20,0,20,53
08/01/2016,GYH,SC,ASO,ES,Federal Contract Tower,0,9,3,3,15,0,8,16,0,24,0,17,19,3,39,22,0,22,61
08/02/2016,GYH,SC,ASO,ES,Federal Contract Tower,0,7,0,1,8,0,16,6,5,27,0,23,6,6,35,16,8,24,59
08/03/2016,GYH,SC,ASO,ES,Federal Contract Tower,0,7,2,4,13,0,16,10,0,26,0,23,12,4,39,2,0,2,41
08/04/2016,GYH,SC,ASO,ES,Federal Contract Tower,0,6,2,1,9,0,10,6,12,28,0,16,8,13,37,8,6,14,51
08/05/2016,GYH,SC,ASO,ES,Federal Contract Tower,0,11,6,2,19,0,7,27,4,38,0,18,33,6,57,12,2,14,71
08/06/2016,GYH,SC,ASO,ES,Federal Contract Tower,0,1,2,0,3,0,14,35,8,57,0,15,37,8,60,20,4,24,84
08/07/2016,GYH,SC,ASO,ES,Federal Contract Tower,0,3,0,0,3,0,0,22,5,27,0,3,22,5,30,18,0,18,48
08/08/2016,GYH,SC,ASO,ES,Federal Contract Tower,0,15,3,7,25,0,12,3,2,17,0,27,6,9,42,32,0,32,74
08/09/2016,GYH,SC,ASO,ES,Federal Contract Tower,0,8,3,2,13,0,13,10,2,25,0,21,13,4,38,8,4,12,50
08/10/2016,GYH,SC,ASO,ES,Federal Contract Tower,0,6,3,0,9,0,10,5,16,31,0,16,8,16,40,4,30,34,74
08/11/2016,GYH,SC,ASO,ES,Federal Contract Tower,0,3,4,3,10,0,2,11,43,56,0,5,15,46,66,10,8,18,84
08/12/2016,GYH,SC,ASO,ES,Federal Contract Tower,0,8,0,2,10,0,6,8,0,14,0,14,8,2,24,6,0,6,30
08/13/2016,GYH,SC,ASO,ES,Federal Contract Tower,0,5,0,2,7,0,4,23,0,27,0,9,23,2,34,40,0,40,74
08/14/2016,GYH,SC,ASO,ES,Federal Contract Tower,0,4,1,2,7,0,9,20,0,29,0,13,21,2,36,30,0,30,66
08/15/2016,GYH,SC,ASO,ES,Federal Contract Tower,0,12,0,3,15,0,18,13,1,32,0,30,13,4,47,8,0,8,55
08/16/2016,GYH,SC,ASO,ES,Federal Contract Tower,0,11,2,3,16,0,8,7,11,26,0,19,9,14,42,24,10,34,76
08/17/2016,GYH,SC,ASO,ES,Federal Contract Tower,0,11,3,0,14,0,31,20,12,63,0,42,23,12,77,36,20,56,133
08/18/2016,GYH,SC,ASO,ES,Federal Contract Tower,0,5,2,0,7,0,17,18,21,56,0,22,20,21,63,12,10,22,85
08/19/2016,GYH,SC,ASO,ES,Federal Contract Tower,0,6,0,2,8,0,2,17,3,22,0,8,17,5,30,52,4,56,86
08/20/2016,GYH,SC,ASO,ES,Federal Contract Tower,0,1,1,2,4,0,6,19,0,25,0,7,20,2,29,2,0,2,31
08/21/2016,GYH,SC,ASO,ES,Federal Contract Tower,0,3,3,0,6,0,10,15,0,25,0,13,18,0,31,44,0,44,75
08/22/2016,GYH,SC,ASO,ES,Federal Contract Tower,0,8,2,4,14,0,24,16,0,40,0,32,18,4,54,28,0,28,82
08/23/2016,GYH,SC,ASO,ES,Federal Contract Tower,0,14,6,7,27,0,25,15,12,52,0,39,21,19,79,50,0,50,129
08/24/2016,GYH,SC,ASO,ES,Federal Contract Tower,0,8,0,7,15,0,5,24,8,37,0,13,24,15,52,18,10,28,80
08/25/2016,GYH,SC,ASO,ES,Federal Contract Tower,0,15,1,9,25,0,29,20,19,68,0,44,21,28,93,14,18,32,125
08/26/2016,GYH,SC,ASO,ES,Federal Contract Tower,0,14,5,2,21,0,24,25,8,57,0,38,30,10,78,46,2,48,126
08/27/2016,GYH,SC,ASO,ES,Federal Contract Tower,0,7,6,0,13,0,9,58,2,69,0,16,64,2,82,20,0,20,102
08/28/2016,GYH,SC,ASO,ES,Federal Contract Tower,0,1,5,0,6,0,6,13,4,23,0,7,18,4,29,12,0,12,41
08/29/2016,GYH,SC,ASO,ES,Federal Contract Tower,0,6,3,5,14,0,18,18,0,36,0,24,21,5,50,4,0,4,54
08/30/2016,GYH,SC,ASO,ES,Federal Contract Tower,0,6,2,7,15,0,23,20,14,57,0,29,22,21,72,32,14,46,118
08/31/2016,GYH,SC,ASO,ES,Federal Contract Tower,0,9,2,1,12,0,50,15,9,74,0,59,17,10,86,22,8,30,116
09/01/2016,GYH,SC,ASO,ES,Federal Contract Tower,0,16,0,5,21,0,19,16,14,49,0,35,16,19,70,32,26,58,128
09/02/2016,GYH,SC,ASO,ES,Federal Contract Tower,0,4,2,0,6,0,6,0,0,6,0,10,2,0,12,0,0,0,12
09/03/2016,GYH,SC,ASO,ES,Federal Contract Tower,0,1,3,0,4,0,14,37,0,51,0,15,40,0,55,32,0,32,87
09/04/2016,GYH,SC,ASO,ES,Federal Contract Tower,0,4,1,0,5,0,4,10,0,14,0,8,11,0,19,2,0,2,21
09/05/2016,GYH,SC,ASO,ES,Federal Contract Tower,0,3,5,0,8,0,15,18,0,33,0,18,23,0,41,8,0,8,49
09/06/2016,GYH,SC,ASO,ES,Federal Contract Tower,0,10,3,0,13,0,25,11,10,46,0,35,14,10,59,10,2,12,71
09/07/2016,GYH,SC,ASO,ES,Federal Contract Tower,0,0,1,1,2,0,14,30,14,58,0,14,31,15,60,38,2,40,100
09/08/2016,GYH,SC,ASO,ES,Federal Contract Tower,0,12,3,4,19,0,31,14,39,84,0,43,17,43,103,0,8,8,111
09/09/2016,GYH,SC,ASO,ES,Federal Contract Tower,0,11,5,1,17,0,19,29,5,53,0,30,34,6,70,28,0,28,98
09/10/2016,GYH,SC,ASO,ES,Federal Contract Tower,0,2,0,0,2,0,23,34,12,69,0,25,34,12,71,18,0,18,89
09/11/2016,GYH,SC,ASO,ES,Federal Contract Tower,0,2,3,0,5,0,7,25,0,32,0,9,28,0,37,34,0,34,71
09/12/2016,GYH,SC,ASO,ES,Federal Contract Tower,0,7,3,1,11,0,25,10,10,45,0,32,13,11,56,4,6,10,66
09/13/2016,GYH,SC,ASO,ES,Federal Contract Tower,0,8,1,5,14,0,19,8,13,40,0,27,9,18,54,6,4,10,64
09/14/2016,GYH,SC,ASO,ES,Federal Contract Tower,0,9,1,1,11,0,22,3,8,33,0,31,4,9,44,2,6,8,52
09/15/2016,GYH,SC,ASO,ES,Federal Contract Tower,0,11,1,5,17,0,8,10,12,30,0,19,11,17,47,2,6,8,55
09/16/2016,GYH,SC,ASO,ES,Federal Contract Tower,0,16,2,5,23,0,2,27,8,37,0,18,29,13,60,72,10,82,142
09/17/2016,GYH,SC,ASO,ES,Federal Contract Tower,0,4,2,0,6,0,16,11,0,27,0,20,13,0,33,18,0,18,51
09/18/2016,GYH,SC,ASO,ES,Federal Contract Tower,0,5,2,0,7,0,2,19,0,21,0,7,21,0,28,24,0,24,52
09/19/2016,GYH,SC,ASO,ES,Federal Contract Tower,0,12,3,0,15,0,27,17,0,44,0,39,20,0,59,16,0,16,75
09/20/2016,GYH,SC,ASO,ES,Federal Contract Tower,0,4,3,1,8,0,13,18,0,31,0,17,21,1,39,38,0,38,77
09/21/2016,GYH,SC,ASO,ES,Federal Contract Tower,0,9,1,5,15,0,11,14,25,50,0,20,15,30,65,40,22,62,127
09/22/2016,GYH,SC,ASO,ES,Federal Contract Tower,0,3,1,5,9,0,6,10,1,17,0,9,11,6,26,32,0,32,58
09/23/2016,GYH,SC,ASO,ES,Federal Contract Tower,0,10,2,0,12,0,15,25,26,66,0,25,27,26,78,18,30,48,126
09/24/2016,GYH,SC,ASO,ES,Federal Contract Tower,0,1,2,1,4,0,10,26,1,37,0,11,28,2,41,8,0,8,49
09/25/2016,GYH,SC,ASO,ES,Federal Contract Tower,0,5,1,4,10,0,4,14,1,19,0,9,15,5,29,38,0,38,67
09/26/2016,GYH,SC,ASO,ES,Federal Contract Tower,0,3,6,3,12,0,18,11,0,29,0,21,17,3,41,40,0,40,81
09/27/2016,GYH,SC,ASO,ES,Federal Contract Tower,0,15,1,6,22,0,14,8,13,35,0,29,9,19,57,14,12,26,83
09/28/2016,GYH,SC,ASO,ES,Federal Contract Tower,0,19,9,5,33,0,11,17,9,37,0,30,26,14,70,34,2,36,106
09/29/2016,GYH,SC,ASO,ES,Federal Contract Tower,0,13,1,7,21,0,9,30,4,43,0,22,31,11,64,6,2,8,72
09/30/2016,GYH,SC,ASO,ES,Federal Contract Tower,0,11,12,0,23,0,4,16,0,20,0,15,28,0,43,24,0,24,67
10/01/2016,GYH,SC,ASO,ES,Federal Contract Tower,0,5,1,0,6,0,12,36,2,50,0,17,37,2,56,44,0,44,100
10/02/2016,GYH,SC,ASO,ES,Federal Contract Tower,0,7,5,2,14,0,8,27,1,36,0,15,32,3,50,24,0,24,74
10/03/2016,GYH,SC,ASO,ES,Federal Contract Tower,0,9,5,2,16,0,12,32,0,44,0,21,37,2,60,54,0,54,114
10/04/2016,GYH,SC,ASO,ES,Federal Contract Tower,0,5,1,0,6,0,22,22,20,64,0,27,23,20,70,32,50,82,152
10/05/2016,GYH,SC,ASO,ES,Federal Contract Tower,0,9,0,7,16,0,16,15,25,56,0,25,15,32,72,44,32,76,148
10/06/2016,GYH,SC,ASO,ES,Federal Contract Tower,0,13,3,6,22,0,21,16,4,41,0,34,19,10,63,12,0,12,75
10/07/2016,GYH,SC,ASO,ES,Federal Contract Tower,0,6,6,2,14,0,0,0,0,0,0,6,6,2,14,0,0,0,14
10/08/2016,GYH,SC,ASO,ES,Federal Contract Tower,0,0,0,0,0,0,0,0,4,4,0,0,0,4,4,0,0,0,4
10/09/2016,GYH,SC,ASO,ES,Federal Contract Tower,0,2,0,0,2,0,35,5,1,41,0,37,5,1,43,4,0,4,47
10/10/2016,GYH,SC,ASO,ES,Federal Contract Tower,0,13,5,1,19,0,7,31,0,38,0,20,36,1,57,56,0,56,113
10/11/2016,GYH,SC,ASO,ES,Federal Contract Tower,0,7,2,0,9,0,14,33,3,50,0,21,35,3,59,62,4,66,125
10/12/2016,GYH,SC,ASO,ES,Federal Contract Tower,0,16,2,2,20,0,27,40,14,81,0,43,42,16,101,36,22,58,159
10/13/2016,GYH,SC,ASO,ES,Federal Contract Tower,0,4,3,3,10,0,16,39,19,74,0,20,42,22,84,26,12,38,122
10/14/2016,GYH,SC,ASO,ES,Federal Contract Tower,0,6,6,0,12,0,21,16,4,41,0,27,22,4,53,20,0,20,73
10/15/2016,GYH,SC,ASO,ES,Federal Contract Tower,0,6,11,1,18,0,8,30,5,43,0,14,41,6,61,40,2,42,103
10/16/2016,GYH,SC,ASO,ES,Federal Contract Tower,0,4,10,0,14,0,6,22,5,33,0,10,32,5,47,8,0,8,55
10/17/2016,GYH,SC,ASO,ES,Federal Contract Tower,0,14,0,9,23,0,12,36,9,57,0,26,36,18,80,68,8,76,156
10/18/2016,GYH,SC,ASO,ES,Federal Contract Tower,0,4,1,3,8,0,31,25,13,69,0,35,26,16,77,36,18,54,131
10/19/2016,GYH,SC,ASO,ES,Federal Contract Tower,0,12,1,1,14,0,7,28,18,53,0,19,29,19,67,44,30,74,141
10/20/2016,GYH,SC,ASO,ES,Federal Contract Tower,0,3,0,6,9,0,16,39,6,61,0,19,39,12,70,32,0,32,102
10/21/2016,GYH,SC,ASO,ES,Federal Contract Tower,0,16,2,2,20,0,25,9,5,39,0,41,11,7,59,8,0,8,67
10/22/2016,GYH,SC,ASO,ES,Federal Contract Tower,0,20,3,1,24,0,18,1,7,26,0,38,4,8,50,0,0,0,50
10/23/2016,GYH,SC,ASO,ES,Federal Contract Tower,0,5,8,0,13,0,22,31,0,53,0,27,39,0,66,8,0,8,74
10/24/2016,GYH,SC,ASO,ES,Federal Contract Tower,0,10,2,1,13,0,20,26,8,54,0,30,28,9,67,42,10,52,119
10/25/2016,GYH,SC,ASO,ES,Federal Contract Tower,0,11,2,1,14,0,20,27,6,53,0,31,29,7,67,28,6,34,101
10/26/2016,GYH,SC,ASO,ES,Federal Contract Tower,0,13,4,5,22,0,42,27,20,89,0,55,31,25,111,42,8,50,161
10/27/2016,GYH,SC,ASO,ES,Federal Contract Tower,0,9,3,4,16,0,18,30,15,63,0,27,33,19,79,26,10,36,115
10/28/2016,GYH,SC,ASO,ES,Federal Contract Tower,0,12,2,4,18,0,5,20,6,31,0,17,22,10,49,34,0,34,83
10/29/2016,GYH,SC,ASO,ES,Federal Contract Tower,0,1,3,0,4,0,8,70,0,78,0,9,73,0,82,30,0,30,112
10/30/2016,GYH,SC,ASO,ES,Federal Contract Tower,0,4,3,0,7,0,12,13,0,25,0,16,16,0,32,14,0,14,46
10/31/2016,GYH,SC,ASO,ES,Federal Contract Tower,0,13,4,4,21,0,12,19,0,31,0,25,23,4,52,40,0,40,92
11/01/2016,GYH,SC,ASO,ES,Federal Contract Tower,0,11,0,5,16,0,10,14,13,37,0,21,14,18,53,22,28,50,103
11/02/2016,GYH,SC,ASO,ES,Federal Contract Tower,0,13,1,3,17,0,13,28,15,56,0,26,29,18,73,20,16,36,109
11/03/2016,GYH,SC,ASO,ES,Federal Contract Tower,0,11,3,1,15,0,15,26,19,60,0,26,29,20,75,34,20,54,129
11/04/2016,GYH,SC,ASO,ES,Federal Contract Tower,0,8,6,2,16,0,10,24,8,42,0,18,30,10,58,20,2,22,80
11/05/2016,GYH,SC,ASO,ES,Federal Contract Tower,0,7,4,0,11,0,4,31,11,46,0,11,35,11,57,50,0,50,107
11/06/2016,GYH,SC,ASO,ES,Federal Contract Tower,0,8,1,0,9,0,2,19,2,23,0,10,20,2,32,14,4,18,50
11/07/2016,GYH,SC,ASO,ES,Federal Contract Tower,0,7,2,3,12,0,16,16,1,33,0,23,18,4,45,28,0,28,73
11/08/2016,GYH,SC,ASO,ES,Federal Contract Tower,0,5,2,6,13,0,15,22,11,48,0,20,24,17,61,48,12,60,121
11/09/2016,GYH,SC,ASO,ES,Federal Contract Tower,0,6,5,1,12,0,8,20,16,44,0,14,25,17,56,30,22,52,108
11/10/2016,GYH,SC,ASO,ES,Federal Contract Tower,0,5,7,2,14,0,25,34,21,80,0,30,41,23,94,30,0,30,124
11/11/2016,GYH,SC,ASO,ES,Federal Contract Tower,0,15,4,2,21,0,5,16,26,47,0,20,20,28,68,20,4,24,92
11/12/2016,GYH,SC,ASO,ES,Federal Contract Tower,0,5,2,0,7,0,4,30,12,46,0,9,32,12,53,44,0,44,97
11/13/2016,GYH,SC,ASO,ES,Federal Contract Tower,0,8,3,0,11,0,1,2,23,26,0,9,5,23,37,10,2,12,49
11/14/2016,GYH,SC,ASO,ES,Federal Contract Tower,0,13,2,6,21,0,0,0,2,2,0,13,2,8,23,0,4,4,27
11/15/2016,GYH,SC,ASO,ES,Federal Contract Tower,0,16,4,5,25,0,5,11,9,25,0,21,15,14,50,18,20,38,88
11/16/2016,GYH,SC,ASO,ES,Federal Contract Tower,0,7,1,13,21,0,18,22,20,60,0,25,23,33,81,24,32,56,137
11/17/2016,GYH,SC,ASO,ES,Federal Contract Tower,0,7,2,8,17,0,15,31,37,83,0,22,33,45,100,42,54,96,196
11/18/2016,GYH,SC,ASO,ES,Federal Contract Tower,0,14,0,2,16,0,23,32,12,67,0,37,32,14,83,58,4,62,145
11/19/2016,GYH,SC,ASO,ES,Federal Contract Tower,0,3,1,8,12,0,4,24,14,42,0,7,25,22,54,44,12,56,110
11/20/2016,GYH,SC,ASO,ES,Federal Contract Tower,0,5,1,2,8,0,10,27,16,53,0,15,28,18,61,56,0,56,117
11/21/2016,GYH,SC,ASO,ES,Federal Contract Tower,0,10,2,0,12,0,8,9,27,44,0,18,11,27,56,4,56,60,116
11/22/2016,GYH,SC,ASO,ES,Federal Contract Tower,0,12,1,4,17,0,22,17,37,76,0,34,18,41,93,20,50,70,163
11/23/2016,GYH,SC,ASO,ES,Federal Contract Tower,0,5,2,3,10,0,8,26,9,43,0,13,28,12,53,54,12,66,119
11/24/2016,GYH,SC,ASO,ES,Federal Contract Tower,0,2,1,0,3,0,9,5,7,21,0,11,6,7,24,10,8,18,42
11/25/2016,GYH,SC,ASO,ES,Federal Contract Tower,0,2,3,1,6,0,14,29,20,63,0,16,32,21,69,42,2,44,113
11/26/2016,GYH,SC,ASO,ES,Federal Contract Tower,0,1,0,0,1,0,17,26,4,47,0,18,26,4,48,36,0,36,84
11/27/2016,GYH,SC,ASO,ES,Federal Contract Tower,0,9,2,0,11,0,13,21,2,36,0,22,23,2,47,34,0,34,81
11/28/2016,GYH,SC,ASO,ES,Federal Contract Tower,0,10,1,4,15,0,8,11,8,27,0,18,12,12,42,22,2,24,66
11/29/2016,GYH,SC,ASO,ES,Federal Contract Tower,0,2,4,7,13,0,0,0,4,4,0,2,4,11,17,0,16,16,33
11/30/2016,GYH,SC,ASO,ES,Federal Contract Tower,0,11,0,8,19,0,0,6,3,9,0,11,6,11,28,10,0,10,38
12/01/2016,GYH,SC,ASO,ES,Federal Contract Tower,0,21,2,9,32,0,23,25,13,61,0,44,27,22,93,16,8,24,117
12/02/2016,GYH,SC,ASO,ES,Federal Contract Tower,0,8,8,18,34,0,7,25,17,49,0,15,33,35,83,18,10,28,111
12/03/2016,GYH,SC,ASO,ES,Federal Contract Tower,0,12,3,1,16,0,13,46,1,60,0,25,49,2,76,28,0,28,104
12/04/2016,GYH,SC,ASO,ES,Federal Contract Tower,0,5,1,0,6,0,0,0,0,0,0,5,1,0,6,0,0,0,6
12/05/2016,GYH,SC,ASO,ES,Federal Contract Tower,0,7,2,3,12,0,2,4,2,8,0,9,6,5,20,6,2,8,28
12/06/2016,GYH,SC,ASO,ES,Federal Contract Tower,0,11,1,9,21,0,0,2,0,2,0,11,3,9,23,0,0,0,23
12/07/2016,GYH,SC,ASO,ES,Federal Contract Tower,0,10,2,11,23,0,3,20,16,39,0,13,22,27,62,26,38,64,126
12/08/2016,GYH,SC,ASO,ES,Federal Contract Tower,0,18,6,9,33,0,21,10,21,52,0,39,16,30,85,28,24,52,137
12/09/2016,GYH,SC,ASO,ES,Federal Contract Tower,0,9,0,1,10,0,22,10,8,40,0,31,10,9,50,12,20,32,82
12/10/2016,GYH,SC,ASO,ES,Federal Contract Tower,0,13,2,1,16,0,8,38,0,46,0,21,40,1,62,10,0,10,72
12/11/2016,GYH,SC,ASO,ES,Federal Contract Tower,0,5,1,0,6,0,2,13,16,31,0,7,14,16,37,18,0,18,55
12/12/2016,GYH,SC,ASO,ES,Federal Contract Tower,0,9,0,7,16,0,13,2,0,15,0,22,2,7,31,0,0,0,31
12/13/2016,GYH,SC,ASO,ES,Federal Contract Tower,0,13,0,4,17,0,2,0,2,4,0,15,0,6,21,0,0,0,21
12/14/2016,GYH,SC,ASO,ES,Federal Contract Tower,0,13,8,4,25,0,16,5,16,37,0,29,13,20,62,28,14,42,104
12/15/2016,GYH,SC,ASO,ES,Federal Contract Tower,0,6,9,1,16,0,14,5,10,29,0,20,14,11,45,0,6,6,51
12/16/2016,GYH,SC,ASO,ES,Federal Contract Tower,0,10,0,2,12,0,11,22,2,35,0,21,22,4,47,30,0,30,77
12/17/2016,GYH,SC,ASO,ES,Federal Contract Tower,0,10,8,0,18,0,0,0,0,0,0,10,8,0,18,2,0,2,20
12/18/2016,GYH,SC,ASO,ES,Federal Contract Tower,0,8,3,0,11,0,0,1,0,1,0,8,4,0,12,2,0,2,14
12/19/2016,GYH,SC,ASO,ES,Federal Contract Tower,0,13,4,4,21,0,29,2,23,54,0,42,6,27,75,0,16,16,91
12/20/2016,GYH,SC,ASO,ES,Federal Contract Tower,0,19,0,6,25,0,61,25,16,102,0,80,25,22,127,86,42,128,255
12/21/2016,GYH,SC,ASO,ES,Federal Contract Tower,0,5,1,11,17,0,41,23,22,86,0,46,24,33,103,90,22,112,215
12/22/2016,GYH,SC,ASO,ES,Federal Contract Tower,0,16,0,4,20,0,8,8,5,21,0,24,8,9,41,0,4,4,45
12/23/2016,GYH,SC,ASO,ES,Federal Contract Tower,0,5,3,0,8,0,23,12,0,35,0,28,15,0,43,14,0,14,57
12/24/2016,GYH,SC,ASO,ES,Federal Contract Tower,0,3,0,0,3,0,4,6,0,10,0,7,6,0,13,14,0,14,27
12/25/2016,GYH,SC,ASO,ES,Federal Contract Tower,0,3,1,0,4,0,10,12,0,22,0,13,13,0,26,6,0,6,32
12/26/2016,GYH,SC,ASO,ES,Federal Contract Tower,0,1,2,0,3,0,4,1,0,5,0,5,3,0,8,0,0,0,8
12/27/2016,GYH,SC,ASO,ES,Federal Contract Tower,0,1,0,0,1,0,5,2,0,7,0,6,2,0,8,0,0,0,8
12/28/2016,GYH,SC,ASO,ES,Federal Contract Tower,0,2,1,2,5,0,12,28,24,64,0,14,29,26,69,28,36,64,133
12/29/2016,GYH,SC,ASO,ES,Federal Contract Tower,0,4,0,0,4,0,4,10,0,14,0,8,10,0,18,26,0,26,44
12/30/2016,GYH,SC,ASO,ES,Federal Contract Tower,0,7,0,0,7,0,18,28,0,46,0,25,28,0,53,36,0,36,89
12/31/2016,GYH,SC,ASO,ES,Federal Contract Tower,0,0,1,0,1,0,6,13,0,19,0,6,14,0,20,24,0,24,44
01/01/2017,GYH,SC,ASO,ES,Federal Contract Tower,0,11,4,0,15,0,0,0,0,0,0,11,4,0,15,0,0,0,15
01/02/2017,GYH,SC,ASO,ES,Federal Contract Tower,0,7,11,0,18,0,0,0,0,0,0,7,11,0,18,0,0,0,18
01/03/2017,GYH,SC,ASO,ES,Federal Contract Tower,0,10,0,1,11,0,0,2,1,3,0,10,2,2,14,8,2,10,24
01/04/2017,GYH,SC,ASO,ES,Federal Contract Tower,0,12,2,3,17,0,31,15,16,62,0,43,17,19,79,30,20,50,129
01/05/2017,GYH,SC,ASO,ES,Federal Contract Tower,0,11,6,6,23,0,9,20,26,55,0,20,26,32,78,28,28,56,134
01/06/2017,GYH,SC,ASO,ES,Federal Contract Tower,0,12,0,7,19,0,19,10,4,33,0,31,10,11,52,6,0,6,58
01/07/2017,GYH,SC,ASO,ES,Federal Contract Tower,0,0,0,0,0,0,0,0,0,0,0,0,0,0,0,0,0,0,0
01/08/2017,GYH,SC,ASO,ES,Federal Contract Tower,0,1,1,0,2,0,22,12,0,34,0,23,13,0,36,8,0,8,44
01/09/2017,GYH,SC,ASO,ES,Federal Contract Tower,0,11,0,2,13,0,15,11,0,26,0,26,11,2,39,18,0,18,57
01/10/2017,GYH,SC,ASO,ES,Federal Contract Tower,0,8,0,3,11,0,13,17,13,43,0,21,17,16,54,12,14,26,80
01/11/2017,GYH,SC,ASO,ES,Federal Contract Tower,0,9,3,4,16,0,9,18,22,49,0,18,21,26,65,22,32,54,119
01/12/2017,GYH,SC,ASO,ES,Federal Contract Tower,0,7,2,4,13,0,10,22,11,43,0,17,24,15,56,30,0,30,86
01/13/2017,GYH,SC,ASO,ES,Federal Contract Tower,0,2,1,1,4,0,27,49,1,77,0,29,50,2,81,12,0,12,93
01/14/2017,GYH,SC,ASO,ES,Federal Contract Tower,0,3,1,0,4,0,8,9,0,17,0,11,10,0,21,38,0,38,59
01/15/2017,GYH,SC,ASO,ES,Federal Contract Tower,0,6,11,1,18,0,11,13,0,24,0,17,24,1,42,18,0,18,60
01/16/2017,GYH,SC,ASO,ES,Federal Contract Tower,0,9,0,0,9,0,0,2,0,2,0,9,2,0,11,4,0,4,15
01/17/2017,GYH,SC,ASO,ES,Federal Contract Tower,0,5,3,5,13,0,13,3,6,22,0,18,6,11,35,22,12,34,69
01/18/2017,GYH,SC,ASO,ES,Federal Contract Tower,0,8,1,5,14,0,5,14,14,33,0,13,15,19,47,4,2,6,53
01/19/2017,GYH,SC,ASO,ES,Federal Contract Tower,0,7,1,8,16,0,17,31,19,67,0,24,32,27,83,24,26,50,133
01/20/2017,GYH,SC,ASO,ES,Federal Contract Tower,0,2,3,8,13,0,5,4,5,14,0,7,7,13,27,12,2,14,41
01/21/2017,GYH,SC,ASO,ES,Federal Contract Tower,0,3,0,1,4,0,0,0,0,0,0,3,0,1,4,0,0,0,4
01/22/2017,GYH,SC,ASO,ES,Federal Contract Tower,0,3,8,0,11,0,0,0,0,0,0,3,8,0,11,0,0,0,11
01/23/2017,GYH,SC,ASO,ES,Federal Contract Tower,0,10,0,1,11,0,8,4,0,12,0,18,4,1,23,6,0,6,29
01/24/2017,GYH,SC,ASO,ES,Federal Contract Tower,0,15,0,7,22,0,32,31,3,66,0,47,31,10,88,36,28,64,152
01/25/2017,GYH,SC,ASO,ES,Federal Contract Tower,0,10,3,8,21,0,11,18,4,33,0,21,21,12,54,14,0,14,68
01/26/2017,GYH,SC,ASO,ES,Federal Contract Tower,0,7,5,4,16,0,19,10,2,31,0,26,15,6,47,6,0,6,53
01/27/2017,GYH,SC,ASO,ES,Federal Contract Tower,0,13,0,3,16,0,25,27,3,55,0,38,27,6,71,26,4,30,101
01/28/2017,GYH,SC,ASO,ES,Federal Contract Tower,0,4,2,0,6,0,0,39,0,39,0,4,41,0,45,38,0,38,83
01/29/2017,GYH,SC,ASO,ES,Federal Contract Tower,0,1,1,0,2,0,19,9,0,28,0,20,10,0,30,22,0,22,52
01/30/2017,GYH,SC,ASO,ES,Federal Contract Tower,0,8,1,1,10,0,15,16,7,38,0,23,17,8,48,18,52,70,118
01/31/2017,GYH,SC,ASO,ES,Federal Contract Tower,0,7,2,4,13,0,26,16,0,42,0,33,18,4,55,20,0,20,75
02/01/2017,GYH,SC,ASO,ES,Federal Contract Tower,0,16,0,2,18,0,24,19,6,49,0,40,19,8,67,8,2,10,77
02/02/2017,GYH,SC,ASO,ES,Federal Contract Tower,0,4,8,4,16,0,9,34,10,53,0,13,42,14,69,14,10,24,93
02/03/2017,GYH,SC,ASO,ES,Federal Contract Tower,0,7,3,11,21,0,8,15,12,35,0,15,18,23,56,36,0,36,92
02/04/2017,GYH,SC,ASO,ES,Federal Contract Tower,0,7,1,0,8,0,12,40,5,57,0,19,41,5,65,18,0,18,83
02/05/2017,GYH,SC,ASO,ES,Federal Contract Tower,0,0,4,0,4,0,20,10,0,30,0,20,14,0,34,4,0,4,38
02/06/2017,GYH,SC,ASO,ES,Federal Contract Tower,0,10,1,3,14,0,17,21,0,38,0,27,22,3,52,32,0,32,84
02/07/2017,GYH,SC,ASO,ES,Federal Contract Tower,0,3,0,2,5,0,12,11,8,31,0,15,11,10,36,16,6,22,58
02/08/2017,GYH,SC,ASO,ES,Federal Contract Tower,0,7,3,3,13,0,1,24,14,39,0,8,27,17,52,18,12,30,82
02/09/2017,GYH,SC,ASO,ES,Federal Contract Tower,0,4,0,7,11,0,14,6,13,33,0,18,6,20,44,4,4,8,52
02/10/2017,GYH,SC,ASO,ES,Federal Contract Tower,0,9,2,2,13,0,20,30,10,60,0,29,32,12,73,42,0,42,115
02/11/2017,GYH,SC,ASO,ES,Federal Contract Tower,0,2,6,0,8,0,4,13,0,17,0,6,19,0,25,10,0,10,35
02/12/2017,GYH,SC,ASO,ES,Federal Contract Tower,0,4,3,2,9,0,19,16,4,39,0,23,19,6,48,16,2,18,66
02/13/2017,GYH,SC,ASO,ES,Federal Contract Tower,0,7,7,1,15,0,16,20,2,38,0,23,27,3,53,34,0,34,87
02/14/2017,GYH,SC,ASO,ES,Federal Contract Tower,0,5,4,9,18,0,24,12,4,40,0,29,16,13,58,38,6,44,102
02/15/2017,GYH,SC,ASO,ES,Federal Contract Tower,0,8,4,5,17,0,12,24,6,42,0,20,28,11,59,30,8,38,97
02/16/2017,GYH,SC,ASO,ES,Federal Contract Tower,0,18,1,8,27,0,17,16,15,48,0,35,17,23,75,0,10,10,85
02/17/2017,GYH,SC,ASO,ES,Federal Contract Tower,0,13,0,1,14,0,21,32,21,74,0,34,32,22,88,30,14,44,132
02/18/2017,GYH,SC,ASO,ES,Federal Contract Tower,0,4,3,1,8,0,18,10,1,29,0,22,13,2,37,4,0,4,41
02/19/2017,GYH,SC,ASO,ES,Federal Contract Tower,0,2,2,3,7,0,12,34,2,48,0,14,36,5,55,50,0,50,105
02/20/2017,GYH,SC,ASO,ES,Federal Contract Tower,0,10,2,6,18,0,14,24,5,43,0,24,26,11,61,30,4,34,95
02/21/2017,GYH,SC,ASO,ES,Federal Contract Tower,0,8,7,6,21,0,25,17,6,48,0,33,24,12,69,16,6,22,91
02/22/2017,GYH,SC,ASO,ES,Federal Contract Tower,0,13,7,12,32,0,4,0,20,24,0,17,7,32,56,0,4,4,60
02/23/2017,GYH,SC,ASO,ES,Federal Contract Tower,0,13,0,5,18,0,17,39,22,78,0,30,39,27,96,30,10,40,136
02/24/2017,GYH,SC,ASO,ES,Federal Contract Tower,0,8,7,7,22,0,18,38,0,56,0,26,45,7,78,36,0,36,114
02/25/2017,GYH,SC,ASO,ES,Federal Contract Tower,0,3,1,0,4,0,14,7,0,21,0,17,8,0,25,12,0,12,37
02/26/2017,GYH,SC,ASO,ES,Federal Contract Tower,0,3,0,0,3,0,12,45,0,57,0,15,45,0,60,66,0,66,126
02/27/2017,GYH,SC,ASO,ES,Federal Contract Tower,0,7,0,14,21,0,20,23,5,48,0,27,23,19,69,2,18,20,89
02/28/2017,GYH,SC,ASO,ES,Federal Contract Tower,0,6,0,7,13,0,7,20,6,33,0,13,20,13,46,50,14,64,110
03/01/2017,GYH,SC,ASO,ES,Federal Contract Tower,0,9,2,10,21,0,4,3,9,16,0,13,5,19,37,0,22,22,59
03/02/2017,GYH,SC,ASO,ES,Federal Contract Tower,0,7,2,4,13,0,17,43,22,82,0,24,45,26,95,38,8,46,141
03/03/2017,GYH,SC,ASO,ES,Federal Contract Tower,0,11,3,4,18,0,22,41,0,63,0,33,44,4,81,42,0,42,123
03/04/2017,GYH,SC,ASO,ES,Federal Contract Tower,0,1,0,2,3,0,14,23,0,37,0,15,23,2,40,26,0,26,66
03/05/2017,GYH,SC,ASO,ES,Federal Contract Tower,0,3,2,2,7,0,11,12,0,23,0,14,14,2,30,50,12,62,92
03/06/2017,GYH,SC,ASO,ES,Federal Contract Tower,0,7,1,3,11,0,30,16,0,46,0,37,17,3,57,32,0,32,89
03/07/2017,GYH,SC,ASO,ES,Federal Contract Tower,0,11,0,4,15,0,10,11,5,26,0,21,11,9,41,22,20,42,83
03/08/2017,GYH,SC,ASO,ES,Federal Contract Tower,0,11,1,3,15,0,26,25,22,73,0,37,26,25,88,32,12,44,132
03/09/2017,GYH,SC,ASO,ES,Federal Contract Tower,0,10,4,6,20,0,37,19,29,85,0,47,23,35,105,30,24,54,159
03/10/2017,GYH,SC,ASO,ES,Federal Contract Tower,0,11,0,4,15,0,20,11,1,32,0,31,11,5,47,24,0,24,71
03/11/2017,GYH,SC,ASO,ES,Federal Contract Tower,0,1,1,2,4,0,16,15,6,37,0,17,16,8,41,12,0,12,53
03/12/2017,GYH,SC,ASO,ES,Federal Contract Tower,0,4,4,2,10,0,8,5,0,13,0,12,9,2,23,0,0,0,23
03/13/2017,GYH,SC,ASO,ES,Federal Contract Tower,0,8,0,0,8,0,11,17,0,28,0,19,17,0,36,44,0,44,80
03/14/2017,GYH,SC,ASO,ES,Federal Contract Tower,0,8,0,4,12,0,12,8,7,27,0,20,8,11,39,14,6,20,59
03/15/2017,GYH,SC,ASO,ES,Federal Contract Tower,0,6,2,2,10,0,32,15,19,66,0,38,17,21,76,24,16,40,116
03/16/2017,GYH,SC,ASO,ES,Federal Contract Tower,0,5,1,5,11,0,25,32,20,77,0,30,33,25,88,50,4,54,142
03/17/2017,GYH,SC,ASO,ES,Federal Contract Tower,0,3,1,0,4,0,14,40,4,58,0,17,41,4,62,24,2,26,88
03/18/2017,GYH,SC,ASO,ES,Federal Contract Tower,0,3,0,1,4,0,8,27,0,35,0,11,27,1,39,34,0,34,73
03/19/2017,GYH,SC,ASO,ES,Federal Contract Tower,0,2,13,4,19,0,10,26,2,38,0,12,39,6,57,24,0,24,81
03/20/2017,GYH,SC,ASO,ES,Federal Contract Tower,0,19,7,1,27,0,12,57,0,69,0,31,64,1,96,86,2,88,184
03/21/2017,GYH,SC,ASO,ES,Federal Contract Tower,0,5,1,2,8,0,18,24,24,66,0,23,25,26,74,42,32,74,148
03/22/2017,GYH,SC,ASO,ES,Federal Contract Tower,0,8,5,5,18,0,21,22,17,60,0,29,27,22,78,30,22,52,130
03/23/2017,GYH,SC,ASO,ES,Federal Contract Tower,0,8,11,2,21,0,16,27,10,53,0,24,38,12,74,32,4,36,110
03/24/2017,GYH,SC,ASO,ES,Federal Contract Tower,0,11,6,3,20,0,10,27,8,45,0,21,33,11,65,32,2,34,99
03/25/2017,GYH,SC,ASO,ES,Federal Contract Tower,0,5,0,0,5,0,12,31,2,45,0,17,31,2,50,42,2,44,94
03/26/2017,GYH,SC,ASO,ES,Federal Contract Tower,0,4,0,0,4,0,0,0,0,0,0,4,0,0,4,0,0,0,4
03/27/2017,GYH,SC,ASO,ES,Federal Contract Tower,0,11,0,5,16,0,25,5,2,32,0,36,5,7,48,2,2,4,52
03/28/2017,GYH,SC,ASO,ES,Federal Contract Tower,0,10,7,2,19,0,13,12,8,33,0,23,19,10,52,4,10,14,66
03/29/2017,GYH,SC,ASO,ES,Federal Contract Tower,0,13,0,6,19,0,25,32,27,84,0,38,32,33,103,52,14,66,169
03/30/2017,GYH,SC,ASO,ES,Federal Contract Tower,0,14,0,5,19,0,0,0,0,0,0,14,0,5,19,0,0,0,19
03/31/2017,GYH,SC,ASO,ES,Federal Contract Tower,0,13,2,1,16,0,33,11,9,53,0,46,13,10,69,14,2,16,85
04/01/2017,GYH,SC,ASO,ES,Federal Contract Tower,0,5,5,0,10,0,13,47,10,70,0,18,52,10,80,60,6,66,146
04/02/2017,GYH,SC,ASO,ES,Federal Contract Tower,0,2,9,0,11,0,16,33,2,51,0,18,42,2,62,20,4,24,86
04/03/2017,GYH,SC,ASO,ES,Federal Contract Tower,0,6,0,0,6,0,4,0,1,5,0,10,0,1,11,0,0,0,11
04/04/2017,GYH,SC,ASO,ES,Federal Contract Tower,0,11,0,5,16,0,17,41,12,70,0,28,41,17,86,118,22,140,226
04/05/2017,GYH,SC,ASO,ES,Federal Contract Tower,0,10,0,0,10,0,4,5,0,9,0,14,5,0,19,10,0,10,29
04/06/2017,GYH,SC,ASO,ES,Federal Contract Tower,0,13,2,4,19,0,13,0,4,17,0,26,2,8,36,0,0,0,36
04/07/2017,GYH,SC,ASO,ES,Federal Contract Tower,0,17,1,0,18,0,7,7,3,17,0,24,8,3,35,0,4,4,39
04/08/2017,GYH,SC,ASO,ES,Federal Contract Tower,0,2,4,2,8,0,22,47,2,71,0,24,51,4,79,52,0,52,131
04/09/2017,GYH,SC,ASO,ES,Federal Contract Tower,0,5,2,2,9,0,15,28,6,49,0,20,30,8,58,52,0,52,110
04/10/2017,GYH,SC,ASO,ES,Federal Contract Tower,0,7,3,1,11,0,11,18,32,61,0,18,21,33,72,16,24,40,112
04/11/2017,GYH,SC,ASO,ES,Federal Contract Tower,0,8,4,2,14,0,9,29,14,52,0,17,33,16,66,36,34,70,136
04/12/2017,GYH,SC,ASO,ES,Federal Contract Tower,0,6,6,5,17,0,10,20,18,48,0,16,26,23,65,26,26,52,117
04/13/2017,GYH,SC,ASO,ES,Federal Contract Tower,0,7,3,2,12,0,21,40,11,72,0,28,43,13,84,64,12,76,160
04/14/2017,GYH,SC,ASO,ES,Federal Contract Tower,0,7,4,2,13,0,22,26,8,56,0,29,30,10,69,18,2,20,89
04/15/2017,GYH,SC,ASO,ES,Federal Contract Tower,0,3,0,0,3,0,24,20,0,44,0,27,20,0,47,6,0,6,53
04/16/2017,GYH,SC,ASO,ES,Federal Contract Tower,0,7,6,2,15,0,16,4,0,20,0,23,10,2,35,0,0,0,35
04/17/2017,GYH,SC,ASO,ES,Federal Contract Tower,0,4,3,0,7,0,6,10,3,19,0,10,13,3,26,0,4,4,30
04/18/2017,GYH,SC,ASO,ES,Federal Contract Tower,0,12,4,9,25,0,2,5,2,9,0,14,9,11,34,2,4,6,40
04/19/2017,GYH,SC,ASO,ES,Federal Contract Tower,0,16,2,2,20,0,4,0,6,10,0,20,2,8,30,0,2,2,32
04/20/2017,GYH,SC,ASO,ES,Federal Contract Tower,0,12,6,3,21,0,19,19,4,42,0,31,25,7,63,16,0,16,79
04/21/2017,GYH,SC,ASO,ES,Federal Contract Tower,0,3,7,4,14,0,18,37,6,61,0,21,44,10,75,50,4,54,129
04/22/2017,GYH,SC,ASO,ES,Federal Contract Tower,0,11,0,0,11,0,10,22,0,32,0,21,22,0,43,30,0,30,73
04/23/2017,GYH,SC,ASO,ES,Federal Contract Tower,0,7,0,2,9,0,0,0,0,0,0,7,0,2,9,0,0,0,9
04/24/2017,GYH,SC,ASO,ES,Federal Contract Tower,0,5,4,3,12,0,0,0,0,0,0,5,4,3,12,0,0,0,12
04/25/2017,GYH,SC,ASO,ES,Federal Contract Tower,0,8,8,6,22,0,13,12,2,27,0,21,20,8,49,14,4,18,67
04/26/2017,GYH,SC,ASO,ES,Federal Contract Tower,0,11,1,6,18,0,5,28,14,47,0,16,29,20,65,14,12,26,91
04/27/2017,GYH,SC,ASO,ES,Federal Contract Tower,0,8,4,3,15,0,6,3,5,14,0,14,7,8,29,0,4,4,33
04/28/2017,GYH,SC,ASO,ES,Federal Contract Tower,0,6,3,5,14,0,20,24,11,55,0,26,27,16,69,48,2,50,119
04/29/2017,GYH,SC,ASO,ES,Federal Contract Tower,0,3,3,0,6,0,16,11,7,34,0,19,14,7,40,2,10,12,52
04/30/2017,GYH,SC,ASO,ES,Federal Contract Tower,0,9,5,0,14,0,14,3,2,19,0,23,8,2,33,10,0,10,43
05/01/2017,GYH,SC,ASO,ES,Federal Contract Tower,0,7,1,1,9,0,0,0,0,0,0,7,1,1,9,0,0,0,9
05/02/2017,GYH,SC,ASO,ES,Federal Contract Tower,0,10,1,5,16,0,44,28,6,78,0,54,29,11,94,20,4,24,118
05/03/2017,GYH,SC,ASO,ES,Federal Contract Tower,0,8,7,0,15,0,26,34,8,68,0,34,41,8,83,12,0,12,95
05/04/2017,GYH,SC,ASO,ES,Federal Contract Tower,0,12,0,2,14,0,4,3,6,13,0,16,3,8,27,2,24,26,53
05/05/2017,GYH,SC,ASO,ES,Federal Contract Tower,0,11,8,3,22,0,18,3,0,21,0,29,11,3,43,0,0,0,43
05/06/2017,GYH,SC,ASO,ES,Federal Contract Tower,0,7,1,0,8,0,10,15,0,25,0,17,16,0,33,24,0,24,57
05/07/2017,GYH,SC,ASO,ES,Federal Contract Tower,0,4,0,4,8,0,6,27,1,34,0,10,27,5,42,40,4,44,86
05/08/2017,GYH,SC,ASO,ES,Federal Contract Tower,0,17,6,4,27,0,27,24,0,51,0,44,30,4,78,6,0,6,84
05/09/2017,GYH,SC,ASO,ES,Federal Contract Tower,0,11,0,2,13,0,23,19,2,44,0,34,19,4,57,34,2,36,93
05/10/2017,GYH,SC,ASO,ES,Federal Contract Tower,0,13,3,4,20,0,20,34,8,62,0,33,37,12,82,46,10,56,138
05/11/2017,GYH,SC,ASO,ES,Federal Contract Tower,0,7,5,4,16,0,40,21,9,70,0,47,26,13,86,46,8,54,140
05/12/2017,GYH,SC,ASO,ES,Federal Contract Tower,0,6,2,3,11,0,6,10,3,19,0,12,12,6,30,12,6,18,48
05/13/2017,GYH,SC,ASO,ES,Federal Contract Tower,0,6,1,0,7,0,10,0,0,10,0,16,1,0,17,0,0,0,17
05/14/2017,GYH,SC,ASO,ES,Federal Contract Tower,0,1,4,0,5,0,8,21,0,29,0,9,25,0,34,32,0,32,66
05/15/2017,GYH,SC,ASO,ES,Federal Contract Tower,0,11,2,2,15,0,10,33,1,44,0,21,35,3,59,32,2,34,93
05/16/2017,GYH,SC,ASO,ES,Federal Contract Tower,0,8,2,7,17,0,22,39,6,67,0,30,41,13,84,60,14,74,158
05/17/2017,GYH,SC,ASO,ES,Federal Contract Tower,0,8,2,11,21,0,16,24,19,59,0,24,26,30,80,48,4,52,132
05/18/2017,GYH,SC,ASO,ES,Federal Contract Tower,0,10,7,5,22,0,5,17,18,40,0,15,24,23,62,12,26,38,100
05/19/2017,GYH,SC,ASO,ES,Federal Contract Tower,0,7,0,0,7,0,20,21,9,50,0,27,21,9,57,16,4,20,77
05/20/2017,GYH,SC,ASO,ES,Federal Contract Tower,0,3,1,2,6,0,8,15,17,40,0,11,16,19,46,34,12,46,92
05/21/2017,GYH,SC,ASO,ES,Federal Contract Tower,0,5,0,2,7,0,0,0,0,0,0,5,0,2,7,0,0,0,7
05/22/2017,GYH,SC,ASO,ES,Federal Contract Tower,0,17,1,4,22,0,12,0,9,21,0,29,1,13,43,0,18,18,61
05/23/2017,GYH,SC,ASO,ES,Federal Contract Tower,0,6,5,2,13,0,0,0,0,0,0,6,5,2,13,0,0,0,13
05/24/2017,GYH,SC,ASO,ES,Federal Contract Tower,0,14,0,0,14,0,0,0,5,5,0,14,0,5,19,0,10,10,29
05/25/2017,GYH,SC,ASO,ES,Federal Contract Tower,0,14,2,3,19,0,27,15,43,85,0,41,17,46,104,28,38,66,170
05/26/2017,GYH,SC,ASO,ES,Federal Contract Tower,0,8,3,0,11,0,12,26,2,40,0,20,29,2,51,26,4,30,81
05/27/2017,GYH,SC,ASO,ES,Federal Contract Tower,0,1,9,1,11,0,21,23,0,44,0,22,32,1,55,4,2,6,61
05/28/2017,GYH,SC,ASO,ES,Federal Contract Tower,0,2,0,2,4,0,10,3,0,13,0,12,3,2,17,10,0,10,27
05/29/2017,GYH,SC,ASO,ES,Federal Contract Tower,0,6,2,0,8,0,6,16,0,22,0,12,18,0,30,4,0,4,34
05/30/2017,GYH,SC,ASO,ES,Federal Contract Tower,0,6,9,0,15,0,28,20,9,57,0,34,29,9,72,28,6,34,106
05/31/2017,GYH,SC,ASO,ES,Federal Contract Tower,0,12,2,4,18,0,6,25,7,38,0,18,27,11,56,24,2,26,82
06/01/2017,GYH,SC,ASO,ES,Federal Contract Tower,0,12,5,9,26,0,16,14,15,45,0,28,19,24,71,10,10,20,91
06/02/2017,GYH,SC,ASO,ES,Federal Contract Tower,0,10,7,1,18,0,0,18,4,22,0,10,25,5,40,18,2,20,60
06/03/2017,GYH,SC,ASO,ES,Federal Contract Tower,0,8,2,2,12,0,12,10,3,25,0,20,12,5,37,4,0,4,41
06/04/2017,GYH,SC,ASO,ES,Federal Contract Tower,0,5,2,1,8,0,2,9,0,11,0,7,11,1,19,4,0,4,23
06/05/2017,GYH,SC,ASO,ES,Federal Contract Tower,0,17,2,1,20,0,7,7,2,16,0,24,9,3,36,12,4,16,52
06/06/2017,GYH,SC,ASO,ES,Federal Contract Tower,0,7,7,10,24,0,24,5,13,42,0,31,12,23,66,20,42,62,128
06/07/2017,GYH,SC,ASO,ES,Federal Contract Tower,0,13,3,7,23,0,24,21,19,64,0,37,24,26,87,22,14,36,123
06/08/2017,GYH,SC,ASO,ES,Federal Contract Tower,0,14,3,8,25,0,16,39,36,91,0,30,42,44,116,36,34,70,186
06/09/2017,GYH,SC,ASO,ES,Federal Contract Tower,0,11,4,5,20,0,27,36,2,65,0,38,40,7,85,48,0,48,133
06/10/2017,GYH,SC,ASO,ES,Federal Contract Tower,0,9,5,0,14,0,20,50,3,73,0,29,55,3,87,22,2,24,111
06/11/2017,GYH,SC,ASO,ES,Federal Contract Tower,0,8,4,0,12,0,4,22,0,26,0,12,26,0,38,34,0,34,72
06/12/2017,GYH,SC,ASO,ES,Federal Contract Tower,0,11,3,0,14,0,24,32,6,62,0,35,35,6,76,44,2,46,122
06/13/2017,GYH,SC,ASO,ES,Federal Contract Tower,0,10,1,5,16,0,10,12,8,30,0,20,13,13,46,20,20,40,86
06/14/2017,GYH,SC,ASO,ES,Federal Contract Tower,0,17,1,3,21,0,13,22,7,42,0,30,23,10,63,34,8,42,105
06/15/2017,GYH,SC,ASO,ES,Federal Contract Tower,0,25,4,7,36,0,8,22,17,47,0,33,26,24,83,22,14,36,119
06/16/2017,GYH,SC,ASO,ES,Federal Contract Tower,0,14,5,1,20,0,15,33,0,48,0,29,38,1,68,50,0,50,118
06/17/2017,GYH,SC,ASO,ES,Federal Contract Tower,0,6,4,0,10,0,14,12,0,26,0,20,16,0,36,4,0,4,40
06/18/2017,GYH,SC,ASO,ES,Federal Contract Tower,0,3,3,1,7,0,9,8,0,17,0,12,11,1,24,20,0,20,44
06/19/2017,GYH,SC,ASO,ES,Federal Contract Tower,0,4,8,0,12,0,4,13,0,17,0,8,21,0,29,16,0,16,45
06/20/2017,GYH,SC,ASO,ES,Federal Contract Tower,0,9,0,3,12,0,7,7,33,47,0,16,7,36,59,20,78,98,157
06/21/2017,GYH,SC,ASO,ES,Federal Contract Tower,0,20,6,1,27,0,5,13,6,24,0,25,19,7,51,18,12,30,81
06/22/2017,GYH,SC,ASO,ES,Federal Contract Tower,0,17,8,4,29,0,8,20,21,49,0,25,28,25,78,26,32,58,136
06/23/2017,GYH,SC,ASO,ES,Federal Contract Tower,0,8,8,7,23,0,13,17,16,46,0,21,25,23,69,28,26,54,123
06/24/2017,GYH,SC,ASO,ES,Federal Contract Tower,0,13,2,0,15,0,4,6,0,10,0,17,8,0,25,16,0,16,41
06/25/2017,GYH,SC,ASO,ES,Federal Contract Tower,0,6,3,0,9,0,20,23,0,43,0,26,26,0,52,46,0,46,98
06/26/2017,GYH,SC,ASO,ES,Federal Contract Tower,0,11,2,5,18,0,8,32,16,56,0,19,34,21,74,32,14,46,120
06/27/2017,GYH,SC,ASO,ES,Federal Contract Tower,0,20,2,6,28,0,11,41,10,62,0,31,43,16,90,22,14,36,126
06/28/2017,GYH,SC,ASO,ES,Federal Contract Tower,0,21,4,3,28,0,24,48,10,82,0,45,52,13,110,64,10,74,184
06/29/2017,GYH,SC,ASO,ES,Federal Contract Tower,0,15,3,10,28,0,12,39,31,82,0,27,42,41,110,58,16,74,184
06/30/2017,GYH,SC,ASO,ES,Federal Contract Tower,0,14,11,1,26,0,0,1,0,1,0,14,12,1,27,4,0,4,31
07/01/2017,GYH,SC,ASO,ES,Federal Contract Tower,0,5,4,0,9,0,0,13,0,13,0,5,17,0,22,10,0,10,32
07/02/2017,GYH,SC,ASO,ES,Federal Contract Tower,0,2,2,0,4,0,4,11,0,15,0,6,13,0,19,2,0,2,21
07/03/2017,GYH,SC,ASO,ES,Federal Contract Tower,0,3,6,0,9,0,12,21,0,33,0,15,27,0,42,50,0,50,92
07/04/2017,GYH,SC,ASO,ES,Federal Contract Tower,0,4,0,0,4,0,4,20,0,24,0,8,20,0,28,22,0,22,50
07/05/2017,GYH,SC,ASO,ES,Federal Contract Tower,0,8,3,0,11,0,0,15,14,29,0,8,18,14,40,22,4,26,66
07/06/2017,GYH,SC,ASO,ES,Federal Contract Tower,0,2,2,2,6,0,14,26,24,64,0,16,28,26,70,48,22,70,140
07/07/2017,GYH,SC,ASO,ES,Federal Contract Tower,0,9,4,3,16,0,23,37,16,76,0,32,41,19,92,36,14,50,142
07/08/2017,GYH,SC,ASO,ES,Federal Contract Tower,0,2,11,0,13,0,16,46,0,62,0,18,57,0,75,20,0,20,95
07/09/2017,GYH,SC,ASO,ES,Federal Contract Tower,0,5,1,0,6,0,11,26,4,41,0,16,27,4,47,16,0,16,63
07/10/2017,GYH,SC,ASO,ES,Federal Contract Tower,0,12,3,7,22,0,25,14,5,44,0,37,17,12,66,28,16,44,110
07/11/2017,GYH,SC,ASO,ES,Federal Contract Tower,0,7,2,3,12,0,13,28,13,54,0,20,30,16,66,54,24,78,144
07/12/2017,GYH,SC,ASO,ES,Federal Contract Tower,0,8,9,1,18,0,15,30,6,51,0,23,39,7,69,40,0,40,109
07/13/2017,GYH,SC,ASO,ES,Federal Contract Tower,0,2,3,8,13,0,20,34,15,69,0,22,37,23,82,26,8,34,116
07/14/2017,GYH,SC,ASO,ES,Federal Contract Tower,0,13,4,0,17,0,2,53,3,58,0,15,57,3,75,38,0,38,113
07/15/2017,GYH,SC,ASO,ES,Federal Contract Tower,0,5,2,3,10,0,8,27,24,59,0,13,29,27,69,10,22,32,101
07/16/2017,GYH,SC,ASO,ES,Federal Contract Tower,0,2,5,4,11,0,0,6,3,9,0,2,11,7,20,4,0,4,24
07/17/2017,GYH,SC,ASO,ES,Federal Contract Tower,0,13,4,0,17,0,22,9,3,34,0,35,13,3,51,14,0,14,65
07/18/2017,GYH,SC,ASO,ES,Federal Contract Tower,0,6,8,1,15,0,17,13,9,39,0,23,21,10,54,8,6,14,68
07/19/2017,GYH,SC,ASO,ES,Federal Contract Tower,0,13,2,3,18,0,2,25,16,43,0,15,27,19,61,32,10,42,103
07/20/2017,GYH,SC,ASO,ES,Federal Contract Tower,0,7,7,4,18,0,23,38,19,80,0,30,45,23,98,36,8,44,142
07/21/2017,GYH,SC,ASO,ES,Federal Contract Tower,0,5,4,2,11,0,10,35,7,52,0,15,39,9,63,40,4,44,107
07/22/2017,GYH,SC,ASO,ES,Federal Contract Tower,0,3,0,1,4,0,5,34,2,41,0,8,34,3,45,44,0,44,89
07/23/2017,GYH,SC,ASO,ES,Federal Contract Tower,0,2,0,0,2,0,11,22,4,37,0,13,22,4,39,14,0,14,53
07/24/2017,GYH,SC,ASO,ES,Federal Contract Tower,0,14,5,0,19,0,33,19,0,52,0,47,24,0,71,34,0,34,105
07/25/2017,GYH,SC,ASO,ES,Federal Contract Tower,0,11,2,7,20,0,4,37,5,46,0,15,39,12,66,40,10,50,116
07/26/2017,GYH,SC,ASO,ES,Federal Contract Tower,0,12,4,4,20,0,6,52,7,65,0,18,56,11,85,62,6,68,153
07/27/2017,GYH,SC,ASO,ES,Federal Contract Tower,0,14,7,4,25,0,27,9,15,51,0,41,16,19,76,14,6,20,96
07/28/2017,GYH,SC,ASO,ES,Federal Contract Tower,0,11,9,4,24,0,22,33,10,65,0,33,42,14,89,62,10,72,161
07/29/2017,GYH,SC,ASO,ES,Federal Contract Tower,0,3,2,0,5,0,10,35,0,45,0,13,37,0,50,46,0,46,96
07/30/2017,GYH,SC,ASO,ES,Federal Contract Tower,0,9,0,2,11,0,21,22,0,43,0,30,22,2,54,26,0,26,80
07/31/2017,GYH,SC,ASO,ES,Federal Contract Tower,0,10,1,6,17,0,15,22,2,39,0,25,23,8,56,10,8,18,74
08/01/2017,GYH,SC,ASO,ES,Federal Contract Tower,0,9,3,0,12,0,17,28,5,50,0,26,31,5,62,24,14,38,100
08/02/2017,GYH,SC,ASO,ES,Federal Contract Tower,0,9,2,1,12,0,22,15,9,46,0,31,17,10,58,12,2,14,72
08/03/2017,GYH,SC,ASO,ES,Federal Contract Tower,0,8,4,7,19,0,16,46,16,78,0,24,50,23,97,64,0,64,161
08/04/2017,GYH,SC,ASO,ES,Federal Contract Tower,0,10,2,0,12,0,9,14,4,27,0,19,16,4,39,14,10,24,63
08/05/2017,GYH,SC,ASO,ES,Federal Contract Tower,0,4,0,2,6,0,4,23,4,31,0,8,23,6,37,14,0,14,51
08/06/2017,GYH,SC,ASO,ES,Federal Contract Tower,0,4,4,0,8,0,2,23,9,34,0,6,27,9,42,24,22,46,88
08/07/2017,GYH,SC,ASO,ES,Federal Contract Tower,0,13,2,0,15,0,12,2,15,29,0,25,4,15,44,0,20,20,64
08/08/2017,GYH,SC,ASO,ES,Federal Contract Tower,0,11,4,0,15,0,0,0,13,13,0,11,4,13,28,0,26,26,54
08/09/2017,GYH,SC,ASO,ES,Federal Contract Tower,0,18,4,1,23,0,1,12,32,45,0,19,16,33,68,14,4,18,86
08/10/2017,GYH,SC,ASO,ES,Federal Contract Tower,0,8,2,4,14,0,20,3,26,49,0,28,5,30,63,8,4,12,75
08/11/2017,GYH,SC,ASO,ES,Federal Contract Tower,0,22,1,5,28,0,6,1,8,15,0,28,2,13,43,0,16,16,59
08/12/2017,GYH,SC,ASO,ES,Federal Contract Tower,0,7,7,0,14,0,0,9,0,9,0,7,16,0,23,2,0,2,25
08/13/2017,GYH,SC,ASO,ES,Federal Contract Tower,0,5,1,0,6,0,9,9,0,18,0,14,10,0,24,6,0,6,30
08/14/2017,GYH,SC,ASO,ES,Federal Contract Tower,0,8,1,0,9,0,1,11,10,22,0,9,12,10,31,6,6,12,43
08/15/2017,GYH,SC,ASO,ES,Federal Contract Tower,0,11,6,16,33,0,22,17,7,46,0,33,23,23,79,50,18,68,147
08/16/2017,GYH,SC,ASO,ES,Federal Contract Tower,0,10,1,5,16,0,11,23,5,39,0,21,24,10,55,2,0,2,57
08/17/2017,GYH,SC,ASO,ES,Federal Contract Tower,0,8,4,6,18,0,8,25,9,42,0,16,29,15,60,26,0,26,86
08/18/2017,GYH,SC,ASO,ES,Federal Contract Tower,0,13,3,0,16,0,8,18,0,26,0,21,21,0,42,26,0,26,68
08/19/2017,GYH,SC,ASO,ES,Federal Contract Tower,0,3,5,0,8,0,17,41,0,58,0,20,46,0,66,42,0,42,108
08/20/2017,GYH,SC,ASO,ES,Federal Contract Tower,0,6,5,0,11,0,15,32,0,47,0,21,37,0,58,10,0,10,68
08/21/2017,GYH,SC,ASO,ES,Federal Contract Tower,0,37,14,8,59,0,31,71,21,123,0,68,85,29,182,4,14,18,200
08/22/2017,GYH,SC,ASO,ES,Federal Contract Tower,0,6,8,6,20,0,21,26,0,47,0,27,34,6,67,22,0,22,89
08/23/2017,GYH,SC,ASO,ES,Federal Contract Tower,0,16,4,2,22,0,12,14,9,35,0,28,18,11,57,6,6,12,69
08/24/2017,GYH,SC,ASO,ES,Federal Contract Tower,0,14,0,7,21,0,20,15,18,53,0,34,15,25,74,10,14,24,98
08/25/2017,GYH,SC,ASO,ES,Federal Contract Tower,0,9,4,0,13,0,12,21,0,33,0,21,25,0,46,2,0,2,48
08/26/2017,GYH,SC,ASO,ES,Federal Contract Tower,0,12,6,0,18,0,3,34,3,40,0,15,40,3,58,30,2,32,90
08/27/2017,GYH,SC,ASO,ES,Federal Contract Tower,0,4,2,1,7,0,21,14,0,35,0,25,16,1,42,52,0,52,94
08/28/2017,GYH,SC,ASO,ES,Federal Contract Tower,0,12,3,4,19,0,6,12,11,29,0,18,15,15,48,24,12,36,84
08/29/2017,GYH,SC,ASO,ES,Federal Contract Tower,0,11,10,8,29,0,16,16,3,35,0,27,26,11,64,62,2,64,128
08/30/2017,GYH,SC,ASO,ES,Federal Contract Tower,0,9,4,4,17,0,10,10,14,34,0,19,14,18,51,2,14,16,67
08/31/2017,GYH,SC,ASO,ES,Federal Contract Tower,0,9,5,1,15,0,0,0,0,0,0,9,5,1,15,0,0,0,15
09/01/2017,GYH,SC,ASO,ES,Federal Contract Tower,0,3,8,1,12,0,2,4,2,8,0,5,12,3,20,0,0,0,20
09/02/2017,GYH,SC,ASO,ES,Federal Contract Tower,0,1,0,1,2,0,18,16,2,36,0,19,16,3,38,24,2,26,64
09/03/2017,GYH,SC,ASO,ES,Federal Contract Tower,0,2,7,1,10,0,18,26,0,44,0,20,33,1,54,12,0,12,66
09/04/2017,GYH,SC,ASO,ES,Federal Contract Tower,0,6,2,0,8,0,11,29,0,40,0,17,31,0,48,16,0,16,64
09/05/2017,GYH,SC,ASO,ES,Federal Contract Tower,0,12,2,3,17,0,29,15,17,61,0,41,17,20,78,6,32,38,116
09/06/2017,GYH,SC,ASO,ES,Federal Contract Tower,0,21,1,1,23,0,6,8,8,22,0,27,9,9,45,12,6,18,63
09/07/2017,GYH,SC,ASO,ES,Federal Contract Tower,0,14,8,1,23,0,18,40,5,63,0,32,48,6,86,34,14,48,134
09/08/2017,GYH,SC,ASO,ES,Federal Contract Tower,0,18,2,2,22,0,32,38,13,83,0,50,40,15,105,26,10,36,141
09/09/2017,GYH,SC,ASO,ES,Federal Contract Tower,0,6,1,0,7,0,12,23,0,35,0,18,24,0,42,10,0,10,52
09/10/2017,GYH,SC,ASO,ES,Federal Contract Tower,0,6,1,1,8,0,4,6,2,12,0,10,7,3,20,0,10,10,30
09/11/2017,GYH,SC,ASO,ES,Federal Contract Tower,0,5,0,0,5,0,0,0,0,0,0,5,0,0,5,0,0,0,5
09/12/2017,GYH,SC,ASO,ES,Federal Contract Tower,0,12,3,3,18,0,15,1,1,17,0,27,4,4,35,0,2,2,37
09/13/2017,GYH,SC,ASO,ES,Federal Contract Tower,0,10,3,2,15,0,14,20,24,58,0,24,23,26,73,34,22,56,129
09/14/2017,GYH,SC,ASO,ES,Federal Contract Tower,0,10,2,6,18,0,20,21,9,50,0,30,23,15,68,42,16,58,126
09/15/2017,GYH,SC,ASO,ES,Federal Contract Tower,0,20,9,0,29,0,16,28,2,46,0,36,37,2,75,52,0,52,127
09/16/2017,GYH,SC,ASO,ES,Federal Contract Tower,0,2,2,0,4,0,4,30,0,34,0,6,32,0,38,18,0,18,56
09/17/2017,GYH,SC,ASO,ES,Federal Contract Tower,0,7,7,1,15,0,20,41,0,61,0,27,48,1,76,26,0,26,102
09/18/2017,GYH,SC,ASO,ES,Federal Contract Tower,0,13,3,1,17,0,6,6,3,15,0,19,9,4,32,6,0,6,38
09/19/2017,GYH,SC,ASO,ES,Federal Contract Tower,0,5,3,3,11,0,27,44,0,71,0,32,47,3,82,66,0,66,148
09/20/2017,GYH,SC,ASO,ES,Federal Contract Tower,0,16,6,3,25,0,23,16,2,41,0,39,22,5,66,14,0,14,80
09/21/2017,GYH,SC,ASO,ES,Federal Contract Tower,0,17,2,7,26,0,7,29,5,41,0,24,31,12,67,20,6,26,93
09/22/2017,GYH,SC,ASO,ES,Federal Contract Tower,0,22,5,2,29,0,30,25,0,55,0,52,30,2,84,12,0,12,96
09/23/2017,GYH,SC,ASO,ES,Federal Contract Tower,0,1,3,0,4,0,22,26,3,51,0,23,29,3,55,16,2,18,73
09/24/2017,GYH,SC,ASO,ES,Federal Contract Tower,0,7,9,0,16,0,9,27,0,36,0,16,36,0,52,66,0,66,118
09/25/2017,GYH,SC,ASO,ES,Federal Contract Tower,0,12,3,1,16,0,13,5,14,32,0,25,8,15,48,20,16,36,84
09/26/2017,GYH,SC,ASO,ES,Federal Contract Tower,0,8,3,2,13,0,26,32,4,62,0,34,35,6,75,12,6,18,93
09/27/2017,GYH,SC,ASO,ES,Federal Contract Tower,0,21,7,1,29,0,8,29,3,40,0,29,36,4,69,34,0,34,103
09/28/2017,GYH,SC,ASO,ES,Federal Contract Tower,0,11,2,4,17,0,24,23,8,55,0,35,25,12,72,18,8,26,98
09/29/2017,GYH,SC,ASO,ES,Federal Contract Tower,0,8,6,2,16,0,12,34,0,46,0,20,40,2,62,14,2,16,78
09/30/2017,GYH,SC,ASO,ES,Federal Contract Tower,0,7,4,2,13,0,12,20,0,32,0,19,24,2,45,16,0,16,61
10/01/2017,GYH,SC,ASO,ES,Federal Contract Tower,0,9,4,0,13,0,2,10,0,12,0,11,14,0,25,0,0,0,25
10/02/2017,GYH,SC,ASO,ES,Federal Contract Tower,0,19,6,5,30,0,18,22,5,45,0,37,28,10,75,30,12,42,117
10/03/2017,GYH,SC,ASO,ES,Federal Contract Tower,0,8,3,2,13,0,17,35,16,68,0,25,38,18,81,48,16,64,145
10/04/2017,GYH,SC,ASO,ES,Federal Contract Tower,0,6,5,1,12,0,21,37,2,60,0,27,42,3,72,40,0,40,112
10/05/2017,GYH,SC,ASO,ES,Federal Contract Tower,0,16,7,1,24,0,35,67,1,103,0,51,74,2,127,74,0,74,201
10/06/2017,GYH,SC,ASO,ES,Federal Contract Tower,0,9,3,0,12,0,22,36,4,62,0,31,39,4,74,38,0,38,112
10/07/2017,GYH,SC,ASO,ES,Federal Contract Tower,0,4,0,0,4,0,2,4,0,6,0,6,4,0,10,0,0,0,10
10/08/2017,GYH,SC,ASO,ES,Federal Contract Tower,0,5,0,0,5,0,0,0,0,0,0,5,0,0,5,0,0,0,5
10/09/2017,GYH,SC,ASO,ES,Federal Contract Tower,0,10,4,1,15,0,4,0,0,4,0,14,4,1,19,6,0,6,25
10/10/2017,GYH,SC,ASO,ES,Federal Contract Tower,0,8,3,4,15,0,10,7,2,19,0,18,10,6,34,6,6,12,46
10/11/2017,GYH,SC,ASO,ES,Federal Contract Tower,0,23,3,5,31,0,18,24,2,44,0,41,27,7,75,38,0,38,113
10/12/2017,GYH,SC,ASO,ES,Federal Contract Tower,0,17,3,2,22,0,35,32,6,73,0,52,35,8,95,56,2,58,153
10/13/2017,GYH,SC,ASO,ES,Federal Contract Tower,0,14,10,8,32,0,0,7,4,11,0,14,17,12,43,18,8,26,69
10/14/2017,GYH,SC,ASO,ES,Federal Contract Tower,0,7,3,1,11,0,15,53,5,73,0,22,56,6,84,22,10,32,116
10/15/2017,GYH,SC,ASO,ES,Federal Contract Tower,0,5,3,0,8,0,0,17,0,17,0,5,20,0,25,18,0,18,43
10/16/2017,GYH,SC,ASO,ES,Federal Contract Tower,0,13,2,0,15,0,17,12,6,35,0,30,14,6,50,20,0,20,70
10/17/2017,GYH,SC,ASO,ES,Federal Contract Tower,0,22,7,4,33,0,11,33,15,59,0,33,40,19,92,20,26,46,138
10/18/2017,GYH,SC,ASO,ES,Federal Contract Tower,0,14,3,0,17,0,19,44,2,65,0,33,47,2,82,50,2,52,134
10/19/2017,GYH,SC,ASO,ES,Federal Contract Tower,0,9,6,2,17,0,23,36,3,62,0,32,42,5,79,38,8,46,125
10/20/2017,GYH,SC,ASO,ES,Federal Contract Tower,0,19,7,0,26,0,15,40,0,55,0,34,47,0,81,50,0,50,131
10/21/2017,GYH,SC,ASO,ES,Federal Contract Tower,0,4,4,0,8,0,18,27,0,45,0,22,31,0,53,14,0,14,67
10/22/2017,GYH,SC,ASO,ES,Federal Contract Tower,0,6,4,2,12,0,6,10,0,16,0,12,14,2,28,0,0,0,28
10/23/2017,GYH,SC,ASO,ES,Federal Contract Tower,0,4,1,0,5,0,0,0,0,0,0,4,1,0,5,0,0,0,5
10/24/2017,GYH,SC,ASO,ES,Federal Contract Tower,0,10,6,10,26,0,5,25,4,34,0,15,31,14,60,22,6,28,88
10/25/2017,GYH,SC,ASO,ES,Federal Contract Tower,0,21,3,7,31,0,20,33,14,67,0,41,36,21,98,22,20,42,140
10/26/2017,GYH,SC,ASO,ES,Federal Contract Tower,0,26,1,10,37,0,13,20,13,46,0,39,21,23,83,12,8,20,103
10/27/2017,GYH,SC,ASO,ES,Federal Contract Tower,0,16,7,1,24,0,13,33,3,49,0,29,40,4,73,44,4,48,121
10/28/2017,GYH,SC,ASO,ES,Federal Contract Tower,0,3,4,0,7,0,11,13,0,24,0,14,17,0,31,42,0,42,73
10/29/2017,GYH,SC,ASO,ES,Federal Contract Tower,0,5,3,0,8,0,25,8,0,33,0,30,11,0,41,2,0,2,43
10/30/2017,GYH,SC,ASO,ES,Federal Contract Tower,0,8,6,7,21,0,21,24,17,62,0,29,30,24,83,18,14,32,115
10/31/2017,GYH,SC,ASO,ES,Federal Contract Tower,0,9,4,2,15,0,12,30,5,47,0,21,34,7,62,64,0,64,126
11/01/2017,GYH,SC,ASO,ES,Federal Contract Tower,0,17,4,3,24,0,7,40,10,57,0,24,44,13,81,54,6,60,141
11/02/2017,GYH,SC,ASO,ES,Federal Contract Tower,0,21,1,4,26,0,18,44,6,68,0,39,45,10,94,44,0,44,138
11/03/2017,GYH,SC,ASO,ES,Federal Contract Tower,0,8,9,4,21,0,5,40,6,51,0,13,49,10,72,56,12,68,140
11/04/2017,GYH,SC,ASO,ES,Federal Contract Tower,0,6,2,0,8,0,6,17,6,29,0,12,19,6,37,30,6,36,73
11/05/2017,GYH,SC,ASO,ES,Federal Contract Tower,0,8,8,4,20,0,4,5,2,11,0,12,13,6,31,0,0,0,31
11/06/2017,GYH,SC,ASO,ES,Federal Contract Tower,0,9,3,3,15,0,0,13,1,14,0,9,16,4,29,60,2,62,91
11/07/2017,GYH,SC,ASO,ES,Federal Contract Tower,0,6,4,0,10,0,0,0,0,0,0,6,4,0,10,0,0,0,10
11/08/2017,GYH,SC,ASO,ES,Federal Contract Tower,0,11,3,2,16,0,0,0,0,0,0,11,3,2,16,0,0,0,16
11/09/2017,GYH,SC,ASO,ES,Federal Contract Tower,0,11,2,5,18,0,2,5,0,7,0,13,7,5,25,4,0,4,29
11/10/2017,GYH,SC,ASO,ES,Federal Contract Tower,0,15,4,3,22,0,19,36,2,57,0,34,40,5,79,70,2,72,151
11/11/2017,GYH,SC,ASO,ES,Federal Contract Tower,0,4,2,0,6,0,18,20,0,38,0,22,22,0,44,34,0,34,78
11/12/2017,GYH,SC,ASO,ES,Federal Contract Tower,0,4,5,0,9,0,0,1,0,1,0,4,6,0,10,0,0,0,10
11/13/2017,GYH,SC,ASO,ES,Federal Contract Tower,0,3,4,1,8,0,13,25,1,39,0,16,29,2,47,74,0,74,121
11/14/2017,GYH,SC,ASO,ES,Federal Contract Tower,0,4,5,1,10,0,27,38,27,92,0,31,43,28,102,94,50,144,246
11/15/2017,GYH,SC,ASO,ES,Federal Contract Tower,0,14,5,4,23,0,18,44,47,109,0,32,49,51,132,66,20,86,218
11/16/2017,GYH,SC,ASO,ES,Federal Contract Tower,0,17,7,3,27,0,7,50,7,64,0,24,57,10,91,80,0,80,171
11/17/2017,GYH,SC,ASO,ES,Federal Contract Tower,0,17,10,2,29,0,8,35,2,45,0,25,45,4,74,44,0,44,118
11/18/2017,GYH,SC,ASO,ES,Federal Contract Tower,0,11,1,0,12,0,14,22,3,39,0,25,23,3,51,34,2,36,87
11/19/2017,GYH,SC,ASO,ES,Federal Contract Tower,0,5,1,0,6,0,8,15,0,23,0,13,16,0,29,32,0,32,61
11/20/2017,GYH,SC,ASO,ES,Federal Contract Tower,0,10,6,2,18,0,16,15,3,34,0,26,21,5,52,16,4,20,72
11/21/2017,GYH,SC,ASO,ES,Federal Contract Tower,0,12,2,3,17,0,25,18,4,47,0,37,20,7,64,62,2,64,128
11/22/2017,GYH,SC,ASO,ES,Federal Contract Tower,0,5,4,0,9,0,8,28,0,36,0,13,32,0,45,44,0,44,89
11/23/2017,GYH,SC,ASO,ES,Federal Contract Tower,0,3,1,0,4,0,6,10,0,16,0,9,11,0,20,0,0,0,20
11/24/2017,GYH,SC,ASO,ES,Federal Contract Tower,0,1,0,0,1,0,6,19,1,26,0,7,19,1,27,10,0,10,37
11/25/2017,GYH,SC,ASO,ES,Federal Contract Tower,0,4,1,0,5,0,5,23,0,28,0,9,24,0,33,28,0,28,61
11/26/2017,GYH,SC,ASO,ES,Federal Contract Tower,0,1,4,0,5,0,0,25,0,25,0,1,29,0,30,38,0,38,68
11/27/2017,GYH,SC,ASO,ES,Federal Contract Tower,0,7,2,2,11,0,14,8,21,43,0,21,10,23,54,20,22,42,96
11/28/2017,GYH,SC,ASO,ES,Federal Contract Tower,0,15,0,5,20,0,20,32,14,66,0,35,32,19,86,48,20,68,154
11/29/2017,GYH,SC,ASO,ES,Federal Contract Tower,0,9,2,9,20,0,18,44,22,84,0,27,46,31,104,76,32,108,212
11/30/2017,GYH,SC,ASO,ES,Federal Contract Tower,0,15,3,9,27,0,5,41,30,76,0,20,44,39,103,52,36,88,191
12/01/2017,GYH,SC,ASO,ES,Federal Contract Tower,0,10,2,2,14,0,8,16,4,28,0,18,18,6,42,14,4,18,60
12/02/2017,GYH,SC,ASO,ES,Federal Contract Tower,0,9,4,5,18,0,18,3,0,21,0,27,7,5,39,0,4,4,43
12/03/2017,GYH,SC,ASO,ES,Federal Contract Tower,0,5,5,2,12,0,2,28,0,30,0,7,33,2,42,0,2,2,44
12/04/2017,GYH,SC,ASO,ES,Federal Contract Tower,0,8,2,5,15,0,23,41,17,81,0,31,43,22,96,42,12,54,150
12/05/2017,GYH,SC,ASO,ES,Federal Contract Tower,0,4,4,1,9,0,4,0,0,4,0,8,4,1,13,0,0,0,13
12/06/2017,GYH,SC,ASO,ES,Federal Contract Tower,0,13,1,3,17,0,23,19,5,47,0,36,20,8,64,20,0,20,84
12/07/2017,GYH,SC,ASO,ES,Federal Contract Tower,0,19,1,1,21,0,19,14,24,57,0,38,15,25,78,14,30,44,122
12/08/2017,GYH,SC,ASO,ES,Federal Contract Tower,0,9,3,0,12,0,0,0,12,12,0,9,3,12,24,0,20,20,44
12/09/2017,GYH,SC,ASO,ES,Federal Contract Tower,0,2,2,0,4,0,0,0,0,0,0,2,2,0,4,0,0,0,4
12/10/2017,GYH,SC,ASO,ES,Federal Contract Tower,0,3,3,0,6,0,1,17,0,18,0,4,20,0,24,20,0,20,44
12/11/2017,GYH,SC,ASO,ES,Federal Contract Tower,0,6,5,1,12,0,20,35,26,81,0,26,40,27,93,44,16,60,153
12/12/2017,GYH,SC,ASO,ES,Federal Contract Tower,0,5,3,3,11,0,11,24,6,41,0,16,27,9,52,46,22,68,120
12/13/2017,GYH,SC,ASO,ES,Federal Contract Tower,0,14,3,1,18,0,2,56,25,83,0,16,59,26,101,66,26,92,193
12/14/2017,GYH,SC,ASO,ES,Federal Contract Tower,0,16,3,5,24,0,20,49,15,84,0,36,52,20,108,34,10,44,152
12/15/2017,GYH,SC,ASO,ES,Federal Contract Tower,0,20,6,3,29,0,5,35,0,40,0,25,41,3,69,62,0,62,131
12/16/2017,GYH,SC,ASO,ES,Federal Contract Tower,0,7,2,0,9,0,6,32,0,38,0,13,34,0,47,28,0,28,75
12/17/2017,GYH,SC,ASO,ES,Federal Contract Tower,0,4,3,1,8,0,18,7,0,25,0,22,10,1,33,24,0,24,57
12/18/2017,GYH,SC,ASO,ES,Federal Contract Tower,0,13,3,3,19,0,9,4,16,29,0,22,7,19,48,0,8,8,56
12/19/2017,GYH,SC,ASO,ES,Federal Contract Tower,0,18,5,9,32,0,20,52,22,94,0,38,57,31,126,82,24,106,232
12/20/2017,GYH,SC,ASO,ES,Federal Contract Tower,0,17,0,20,37,0,0,0,0,0,0,17,0,20,37,0,0,0,37
12/21/2017,GYH,SC,ASO,ES,Federal Contract Tower,0,15,4,1,20,0,21,26,1,48,0,36,30,2,68,32,2,34,102
12/22/2017,GYH,SC,ASO,ES,Federal Contract Tower,0,10,2,0,12,0,8,10,0,18,0,18,12,0,30,16,0,16,46
12/23/2017,GYH,SC,ASO,ES,Federal Contract Tower,0,5,2,0,7,0,0,0,0,0,0,5,2,0,7,0,0,0,7
12/24/2017,GYH,SC,ASO,ES,Federal Contract Tower,0,1,3,0,4,0,0,0,0,0,0,1,3,0,4,0,0,0,4
12/25/2017,GYH,SC,ASO,ES,Federal Contract Tower,0,1,0,0,1,0,16,3,0,19,0,17,3,0,20,0,0,0,20
12/26/2017,GYH,SC,ASO,ES,Federal Contract Tower,0,2,9,0,11,0,9,15,0,24,0,11,24,0,35,0,0,0,35
12/27/2017,GYH,SC,ASO,ES,Federal Contract Tower,0,15,1,1,17,0,4,30,0,34,0,19,31,1,51,44,0,44,95
12/28/2017,GYH,SC,ASO,ES,Federal Contract Tower,0,15,0,0,15,0,12,7,2,21,0,27,7,2,36,0,0,0,36
12/29/2017,GYH,SC,ASO,ES,Federal Contract Tower,0,12,1,0,13,0,17,25,0,42,0,29,26,0,55,52,0,52,107
12/30/2017,GYH,SC,ASO,ES,Federal Contract Tower,0,7,2,0,9,0,11,14,0,25,0,18,16,0,34,30,0,30,64
12/31/2017,GYH,SC,ASO,ES,Federal Contract Tower,0,2,0,0,2,0,6,4,0,10,0,8,4,0,12,0,0,0,12
01/01/2018,GYH,SC,ASO,ES,Federal Contract Tower,0,5,0,0,5,0,17,2,0,19,0,22,2,0,24,4,0,4,28
01/02/2018,GYH,SC,ASO,ES,Federal Contract Tower,0,8,1,1,10,0,16,16,7,39,0,24,17,8,49,8,14,22,71
01/03/2018,GYH,SC,ASO,ES,Federal Contract Tower,0,9,0,2,11,0,13,13,6,32,0,22,13,8,43,22,8,30,73
01/04/2018,GYH,SC,ASO,ES,Federal Contract Tower,0,8,2,2,12,0,26,13,23,62,0,34,15,25,74,12,18,30,104
01/05/2018,GYH,SC,ASO,ES,Federal Contract Tower,0,10,1,2,13,0,13,26,11,50,0,23,27,13,63,50,12,62,125
01/06/2018,GYH,SC,ASO,ES,Federal Contract Tower,0,3,4,0,7,0,52,10,10,72,0,55,14,10,79,14,16,30,109
01/07/2018,GYH,SC,ASO,ES,Federal Contract Tower,0,5,0,1,6,0,4,6,0,10,0,9,6,1,16,2,0,2,18
01/08/2018,GYH,SC,ASO,ES,Federal Contract Tower,0,5,2,0,7,0,2,8,1,11,0,7,10,1,18,26,0,26,44
01/09/2018,GYH,SC,ASO,ES,Federal Contract Tower,0,2,0,4,6,0,10,38,28,76,0,12,38,32,82,34,38,72,154
01/10/2018,GYH,SC,ASO,ES,Federal Contract Tower,0,15,7,6,28,0,10,48,17,75,0,25,55,23,103,54,14,68,171
01/11/2018,GYH,SC,ASO,ES,Federal Contract Tower,0,8,0,0,8,0,0,0,0,0,0,8,0,0,8,0,0,0,8
01/12/2018,GYH,SC,ASO,ES,Federal Contract Tower,0,4,2,1,7,0,0,0,0,0,0,4,2,1,7,0,0,0,7
01/13/2018,GYH,SC,ASO,ES,Federal Contract Tower,0,2,5,3,10,0,10,14,0,24,0,12,19,3,34,10,0,10,44
01/14/2018,GYH,SC,ASO,ES,Federal Contract Tower,0,0,2,0,2,0,9,10,0,19,0,9,12,0,21,10,0,10,31
01/15/2018,GYH,SC,ASO,ES,Federal Contract Tower,0,3,1,0,4,0,7,51,0,58,0,10,52,0,62,56,0,56,118
01/16/2018,GYH,SC,ASO,ES,Federal Contract Tower,0,12,2,8,22,0,12,32,6,50,0,24,34,14,72,46,10,56,128
01/17/2018,GYH,SC,ASO,ES,Federal Contract Tower,0,5,0,0,5,0,2,2,1,5,0,7,2,1,10,0,2,2,12
01/18/2018,GYH,SC,ASO,ES,Federal Contract Tower,0,13,2,1,16,0,8,34,26,68,0,21,36,27,84,44,18,62,146
01/19/2018,GYH,SC,ASO,ES,Federal Contract Tower,0,4,3,5,12,0,25,20,8,53,0,29,23,13,65,42,10,52,117
01/20/2018,GYH,SC,ASO,ES,Federal Contract Tower,0,4,0,2,6,0,10,50,0,60,0,14,50,2,66,74,0,74,140
01/21/2018,GYH,SC,ASO,ES,Federal Contract Tower,0,4,2,0,6,0,8,22,0,30,0,12,24,0,36,16,0,16,52
01/22/2018,GYH,SC,ASO,ES,Federal Contract Tower,0,15,4,2,21,0,1,47,0,48,0,16,51,2,69,60,4,64,133
01/23/2018,GYH,SC,ASO,ES,Federal Contract Tower,0,8,4,3,15,0,9,20,33,62,0,17,24,36,77,26,34,60,137
01/24/2018,GYH,SC,ASO,ES,Federal Contract Tower,0,9,1,1,11,0,15,50,34,99,0,24,51,35,110,64,14,78,188
01/25/2018,GYH,SC,ASO,ES,Federal Contract Tower,0,10,8,4,22,0,33,44,31,108,0,43,52,35,130,52,32,84,214
01/26/2018,GYH,SC,ASO,ES,Federal Contract Tower,0,8,2,1,11,0,11,35,0,46,0,19,37,1,57,46,0,46,103
01/27/2018,GYH,SC,ASO,ES,Federal Contract Tower,0,2,6,0,8,0,18,10,0,28,0,20,16,0,36,14,0,14,50
01/28/2018,GYH,SC,ASO,ES,Federal Contract Tower,0,7,0,0,7,0,0,0,0,0,0,7,0,0,7,0,0,0,7
01/29/2018,GYH,SC,ASO,ES,Federal Contract Tower,0,9,2,3,14,0,27,22,20,69,0,36,24,23,83,34,22,56,139
01/30/2018,GYH,SC,ASO,ES,Federal Contract Tower,0,23,4,2,29,0,11,52,18,81,0,34,56,20,110,72,8,80,190
01/31/2018,GYH,SC,ASO,ES,Federal Contract Tower,0,7,3,0,10,0,19,45,18,82,0,26,48,18,92,50,4,54,146
02/01/2018,GYH,SC,ASO,ES,Federal Contract Tower,0,16,2,7,25,0,22,38,19,79,0,38,40,26,104,50,42,92,196
02/02/2018,GYH,SC,ASO,ES,Federal Contract Tower,0,13,2,1,16,0,9,48,12,69,0,22,50,13,85,98,8,106,191
02/03/2018,GYH,SC,ASO,ES,Federal Contract Tower,0,3,1,0,4,0,1,36,0,37,0,4,37,0,41,60,0,60,101
02/04/2018,GYH,SC,ASO,ES,Federal Contract Tower,0,3,3,0,6,0,1,0,0,1,0,4,3,0,7,0,0,0,7
02/05/2018,GYH,SC,ASO,ES,Federal Contract Tower,0,13,3,5,21,0,18,17,11,46,0,31,20,16,67,8,8,16,83
02/06/2018,GYH,SC,ASO,ES,Federal Contract Tower,0,11,4,7,22,0,12,56,9,77,0,23,60,16,99,78,4,82,181
02/07/2018,GYH,SC,ASO,ES,Federal Contract Tower,0,7,0,0,7,0,0,0,0,0,0,7,0,0,7,0,0,0,7
02/08/2018,GYH,SC,ASO,ES,Federal Contract Tower,0,22,6,7,35,0,18,63,17,98,0,40,69,24,133,80,10,90,223
02/09/2018,GYH,SC,ASO,ES,Federal Contract Tower,0,15,1,4,20,0,9,48,0,57,0,24,49,4,77,56,0,56,133
02/10/2018,GYH,SC,ASO,ES,Federal Contract Tower,0,3,0,0,3,0,0,0,0,0,0,3,0,0,3,0,0,0,3
02/11/2018,GYH,SC,ASO,ES,Federal Contract Tower,0,8,0,0,8,0,0,0,0,0,0,8,0,0,8,0,0,0,8
02/12/2018,GYH,SC,ASO,ES,Federal Contract Tower,0,9,4,5,18,0,8,9,10,27,0,17,13,15,45,10,12,22,67
02/13/2018,GYH,SC,ASO,ES,Federal Contract Tower,0,6,6,8,20,0,30,4,0,34,0,36,10,8,54,0,24,24,78
02/14/2018,GYH,SC,ASO,ES,Federal Contract Tower,0,12,0,7,19,0,18,45,0,63,0,30,45,7,82,30,0,30,112
02/15/2018,GYH,SC,ASO,ES,Federal Contract Tower,0,17,14,2,33,0,8,5,0,13,0,25,19,2,46,0,0,0,46
02/16/2018,GYH,SC,ASO,ES,Federal Contract Tower,0,7,9,1,17,0,24,10,0,34,0,31,19,1,51,16,0,16,67
02/17/2018,GYH,SC,ASO,ES,Federal Contract Tower,0,6,9,3,18,0,0,9,0,9,0,6,18,3,27,14,0,14,41
02/18/2018,GYH,SC,ASO,ES,Federal Contract Tower,0,9,6,0,15,0,13,14,0,27,0,22,20,0,42,0,0,0,42
02/19/2018,GYH,SC,ASO,ES,Federal Contract Tower,0,14,4,0,18,0,0,0,0,0,0,14,4,0,18,0,0,0,18
02/20/2018,GYH,SC,ASO,ES,Federal Contract Tower,0,7,1,8,16,0,5,11,21,37,0,12,12,29,53,24,26,50,103
02/21/2018,GYH,SC,ASO,ES,Federal Contract Tower,0,20,2,3,25,0,8,18,0,26,0,28,20,3,51,30,0,30,81
02/22/2018,GYH,SC,ASO,ES,Federal Contract Tower,0,13,2,3,18,0,6,36,6,48,0,19,38,9,66,64,0,64,130
02/23/2018,GYH,SC,ASO,ES,Federal Contract Tower,0,14,2,1,17,0,10,32,4,46,0,24,34,5,63,42,4,46,109
02/24/2018,GYH,SC,ASO,ES,Federal Contract Tower,0,5,0,0,5,0,6,29,0,35,0,11,29,0,40,44,0,44,84
02/25/2018,GYH,SC,ASO,ES,Federal Contract Tower,0,3,0,1,4,0,11,17,0,28,0,14,17,1,32,20,0,20,52
02/26/2018,GYH,SC,ASO,ES,Federal Contract Tower,0,3,3,3,9,0,2,24,0,26,0,5,27,3,35,22,0,22,57
02/27/2018,GYH,SC,ASO,ES,Federal Contract Tower,0,18,3,1,22,0,22,33,21,76,0,40,36,22,98,28,12,40,138
02/28/2018,GYH,SC,ASO,ES,Federal Contract Tower,0,16,2,3,21,0,0,17,0,17,0,16,19,3,38,18,0,18,56
03/01/2018,GYH,SC,ASO,ES,Federal Contract Tower,0,7,0,1,8,0,0,0,12,12,0,7,0,13,20,0,24,24,44
03/02/2018,GYH,SC,ASO,ES,Federal Contract Tower,0,7,6,7,20,0,17,14,10,41,0,24,20,17,61,26,2,28,89
03/03/2018,GYH,SC,ASO,ES,Federal Contract Tower,0,4,2,0,6,0,16,12,14,42,0,20,14,14,48,4,26,30,78
03/04/2018,GYH,SC,ASO,ES,Federal Contract Tower,0,4,1,0,5,0,7,33,0,40,0,11,34,0,45,40,0,40,85
03/05/2018,GYH,SC,ASO,ES,Federal Contract Tower,0,15,4,3,22,0,18,29,8,55,0,33,33,11,77,34,16,50,127
03/06/2018,GYH,SC,ASO,ES,Federal Contract Tower,0,17,1,7,25,0,4,1,0,5,0,21,2,7,30,0,0,0,30
03/07/2018,GYH,SC,ASO,ES,Federal Contract Tower,0,21,1,4,26,0,29,21,18,68,0,50,22,22,94,54,22,76,170
03/08/2018,GYH,SC,ASO,ES,Federal Contract Tower,0,17,1,3,21,0,31,34,30,95,0,48,35,33,116,78,36,114,230
03/09/2018,GYH,SC,ASO,ES,Federal Contract Tower,0,5,2,3,10,0,11,33,0,44,0,16,35,3,54,56,0,56,110
03/10/2018,GYH,SC,ASO,ES,Federal Contract Tower,0,5,4,0,9,0,10,31,0,41,0,15,35,0,50,34,0,34,84
03/11/2018,GYH,SC,ASO,ES,Federal Contract Tower,0,3,4,0,7,0,0,0,0,0,0,3,4,0,7,0,0,0,7
03/12/2018,GYH,SC,ASO,ES,Federal Contract Tower,0,4,2,2,8,0,1,10,0,11,0,5,12,2,19,10,0,10,29
03/13/2018,GYH,SC,ASO,ES,Federal Contract Tower,0,8,0,3,11,0,24,34,11,69,0,32,34,14,80,82,4,86,166
03/14/2018,GYH,SC,ASO,ES,Federal Contract Tower,0,16,3,8,27,0,11,43,13,67,0,27,46,21,94,60,2,62,156
03/15/2018,GYH,SC,ASO,ES,Federal Contract Tower,0,8,0,3,11,0,31,21,10,62,0,39,21,13,73,24,6,30,103
03/16/2018,GYH,SC,ASO,ES,Federal Contract Tower,0,9,5,0,14,0,14,28,2,44,0,23,33,2,58,42,0,42,100
03/17/2018,GYH,SC,ASO,ES,Federal Contract Tower,0,3,1,0,4,0,10,22,0,32,0,13,23,0,36,36,0,36,72
03/18/2018,GYH,SC,ASO,ES,Federal Contract Tower,0,5,3,0,8,0,16,27,0,43,0,21,30,0,51,18,0,18,69
03/19/2018,GYH,SC,ASO,ES,Federal Contract Tower,0,9,4,0,13,0,8,5,0,13,0,17,9,0,26,4,0,4,30
03/20/2018,GYH,SC,ASO,ES,Federal Contract Tower,0,4,1,2,7,0,14,19,10,43,0,18,20,12,50,54,14,68,118
03/21/2018,GYH,SC,ASO,ES,Federal Contract Tower,0,10,1,1,12,0,17,5,4,26,0,27,6,5,38,2,2,4,42
03/22/2018,GYH,SC,ASO,ES,Federal Contract Tower,0,18,0,3,21,0,20,32,8,60,0,38,32,11,81,22,14,36,117
03/23/2018,GYH,SC,ASO,ES,Federal Contract Tower,0,7,7,1,15,0,11,40,8,59,0,18,47,9,74,64,2,66,140
03/24/2018,GYH,SC,ASO,ES,Federal Contract Tower,0,1,2,0,3,0,26,8,2,36,0,27,10,2,39,20,4,24,63
03/25/2018,GYH,SC,ASO,ES,Federal Contract Tower,0,6,5,0,11,0,11,2,0,13,0,17,7,0,24,10,0,10,34
03/26/2018,GYH,SC,ASO,ES,Federal Contract Tower,0,10,8,1,19,0,6,16,0,22,0,16,24,1,41,14,0,14,55
03/27/2018,GYH,SC,ASO,ES,Federal Contract Tower,0,11,3,3,17,0,8,34,15,57,0,19,37,18,74,20,28,48,122
03/28/2018,GYH,SC,ASO,ES,Federal Contract Tower,0,13,2,6,21,0,12,17,26,55,0,25,19,32,76,24,26,50,126
03/29/2018,GYH,SC,ASO,ES,Federal Contract Tower,0,15,0,4,19,0,13,22,22,57,0,28,22,26,76,42,24,66,142
03/30/2018,GYH,SC,ASO,ES,Federal Contract Tower,0,10,3,2,15,0,10,32,11,53,0,20,35,13,68,40,18,58,126
03/31/2018,GYH,SC,ASO,ES,Federal Contract Tower,0,2,2,0,4,0,18,43,0,61,0,20,45,0,65,38,0,38,103
04/01/2018,GYH,SC,ASO,ES,Federal Contract Tower,0,6,2,0,8,0,16,10,0,26,0,22,12,0,34,20,0,20,54
04/02/2018,GYH,SC,ASO,ES,Federal Contract Tower,0,6,0,6,12,0,5,13,1,19,0,11,13,7,31,16,0,16,47
04/03/2018,GYH,SC,ASO,ES,Federal Contract Tower,0,3,5,2,10,0,25,29,22,76,0,28,34,24,86,34,12,46,132
04/04/2018,GYH,SC,ASO,ES,Federal Contract Tower,0,11,3,2,16,0,4,28,41,73,0,15,31,43,89,28,62,90,179
04/05/2018,GYH,SC,ASO,ES,Federal Contract Tower,0,9,1,8,18,0,20,55,37,112,0,29,56,45,130,86,52,138,268
04/06/2018,GYH,SC,ASO,ES,Federal Contract Tower,0,7,0,2,9,0,6,36,36,78,0,13,36,38,87,52,36,88,175
04/07/2018,GYH,SC,ASO,ES,Federal Contract Tower,0,3,1,0,4,0,0,0,0,0,0,3,1,0,4,0,0,0,4
04/08/2018,GYH,SC,ASO,ES,Federal Contract Tower,0,5,7,1,13,0,6,7,5,18,0,11,14,6,31,40,10,50,81
04/09/2018,GYH,SC,ASO,ES,Federal Contract Tower,0,6,2,5,13,0,2,0,0,2,0,8,2,5,15,0,0,0,15
04/10/2018,GYH,SC,ASO,ES,Federal Contract Tower,0,13,3,3,19,0,14,18,18,50,0,27,21,21,69,62,42,104,173
04/11/2018,GYH,SC,ASO,ES,Federal Contract Tower,0,9,5,7,21,0,22,39,32,93,0,31,44,39,114,36,46,82,196
04/12/2018,GYH,SC,ASO,ES,Federal Contract Tower,0,16,0,7,23,0,13,56,27,96,0,29,56,34,119,74,28,102,221
04/13/2018,GYH,SC,ASO,ES,Federal Contract Tower,0,10,1,4,15,0,15,31,0,46,0,25,32,4,61,48,0,48,109
04/14/2018,GYH,SC,ASO,ES,Federal Contract Tower,0,3,1,2,6,0,14,19,0,33,0,17,20,2,39,20,0,20,59
04/15/2018,GYH,SC,ASO,ES,Federal Contract Tower,0,7,2,0,9,0,0,0,0,0,0,7,2,0,9,0,0,0,9
04/16/2018,GYH,SC,ASO,ES,Federal Contract Tower,0,12,2,7,21,0,8,10,6,24,0,20,12,13,45,8,18,26,71
04/17/2018,GYH,SC,ASO,ES,Federal Contract Tower,0,5,0,6,11,0,12,21,10,43,0,17,21,16,54,12,30,42,96
04/18/2018,GYH,SC,ASO,ES,Federal Contract Tower,0,11,3,5,19,0,12,36,5,53,0,23,39,10,72,26,4,30,102
04/19/2018,GYH,SC,ASO,ES,Federal Contract Tower,0,8,1,3,12,0,64,16,17,97,0,72,17,20,109,12,10,22,131
04/20/2018,GYH,SC,ASO,ES,Federal Contract Tower,0,9,5,5,19,0,7,40,13,60,0,16,45,18,79,40,4,44,123
04/21/2018,GYH,SC,ASO,ES,Federal Contract Tower,0,2,3,0,5,0,12,38,0,50,0,14,41,0,55,78,0,78,133
04/22/2018,GYH,SC,ASO,ES,Federal Contract Tower,0,6,3,0,9,0,22,18,0,40,0,28,21,0,49,10,0,10,59
04/23/2018,GYH,SC,ASO,ES,Federal Contract Tower,0,2,4,1,7,0,0,0,0,0,0,2,4,1,7,0,0,0,7
04/24/2018,GYH,SC,ASO,ES,Federal Contract Tower,0,19,2,2,23,0,4,0,5,9,0,23,2,7,32,0,4,4,36
04/25/2018,GYH,SC,ASO,ES,Federal Contract Tower,0,12,1,3,16,0,6,40,16,62,0,18,41,19,78,56,6,62,140
04/26/2018,GYH,SC,ASO,ES,Federal Contract Tower,0,16,1,3,20,0,11,34,0,45,0,27,35,3,65,52,0,52,117
04/27/2018,GYH,SC,ASO,ES,Federal Contract Tower,0,7,6,3,16,0,6,34,5,45,0,13,40,8,61,70,2,72,133
04/28/2018,GYH,SC,ASO,ES,Federal Contract Tower,0,3,0,0,3,0,24,109,0,133,0,27,109,0,136,60,0,60,196
04/29/2018,GYH,SC,ASO,ES,Federal Contract Tower,0,4,1,0,5,0,14,28,0,42,0,18,29,0,47,56,0,56,103
04/30/2018,GYH,SC,ASO,ES,Federal Contract Tower,0,6,3,0,9,0,11,39,0,50,0,17,42,0,59,44,0,44,103
05/01/2018,GYH,SC,ASO,ES,Federal Contract Tower,0,5,2,9,16,0,14,30,1,45,0,19,32,10,61,66,4,70,131
05/02/2018,GYH,SC,ASO,ES,Federal Contract Tower,0,9,1,2,12,0,30,36,10,76,0,39,37,12,88,46,6,52,140
05/03/2018,GYH,SC,ASO,ES,Federal Contract Tower,0,16,0,1,17,0,35,52,15,102,0,51,52,16,119,60,10,70,189
05/04/2018,GYH,SC,ASO,ES,Federal Contract Tower,0,4,2,7,13,0,18,33,5,56,0,22,35,12,69,38,2,40,109
05/05/2018,GYH,SC,ASO,ES,Federal Contract Tower,0,6,8,0,14,0,20,20,8,48,0,26,28,8,62,32,2,34,96
05/06/2018,GYH,SC,ASO,ES,Federal Contract Tower,0,7,4,1,12,0,12,15,0,27,0,19,19,1,39,32,0,32,71
05/07/2018,GYH,SC,ASO,ES,Federal Contract Tower,0,6,7,8,21,0,21,11,5,37,0,27,18,13,58,6,8,14,72
05/08/2018,GYH,SC,ASO,ES,Federal Contract Tower,0,16,4,2,22,0,29,44,1,74,0,45,48,3,96,54,2,56,152
05/09/2018,GYH,SC,ASO,ES,Federal Contract Tower,0,7,2,2,11,0,16,42,8,66,0,23,44,10,77,50,0,50,127
05/10/2018,GYH,SC,ASO,ES,Federal Contract Tower,0,10,1,5,16,0,22,17,5,44,0,32,18,10,60,40,0,40,100
05/11/2018,GYH,SC,ASO,ES,Federal Contract Tower,0,14,1,4,19,0,13,37,0,50,0,27,38,4,69,50,0,50,119
05/12/2018,GYH,SC,ASO,ES,Federal Contract Tower,0,0,0,1,1,0,18,38,0,56,0,18,38,1,57,68,0,68,125
05/13/2018,GYH,SC,ASO,ES,Federal Contract Tower,0,2,1,0,3,0,4,15,0,19,0,6,16,0,22,0,0,0,22
05/14/2018,GYH,SC,ASO,ES,Federal Contract Tower,0,12,2,8,22,0,29,31,3,63,0,41,33,11,85,20,0,20,105
05/15/2018,GYH,SC,ASO,ES,Federal Contract Tower,0,14,0,5,19,0,20,16,4,40,0,34,16,9,59,6,8,14,73
05/16/2018,GYH,SC,ASO,ES,Federal Contract Tower,0,11,2,5,18,0,0,0,14,14,0,11,2,19,32,0,28,28,60
05/17/2018,GYH,SC,ASO,ES,Federal Contract Tower,0,20,4,4,28,0,9,8,0,17,0,29,12,4,45,28,0,28,73
05/18/2018,GYH,SC,ASO,ES,Federal Contract Tower,0,13,9,1,23,0,1,2,3,6,0,14,11,4,29,0,14,14,43
05/19/2018,GYH,SC,ASO,ES,Federal Contract Tower,0,7,2,0,9,0,8,2,0,10,0,15,4,0,19,18,0,18,37
05/20/2018,GYH,SC,ASO,ES,Federal Contract Tower,0,0,1,1,2,0,0,0,0,0,0,0,1,1,2,0,0,0,2
05/21/2018,GYH,SC,ASO,ES,Federal Contract Tower,0,11,1,9,21,0,2,22,15,39,0,13,23,24,60,32,22,54,114
05/22/2018,GYH,SC,ASO,ES,Federal Contract Tower,0,9,0,2,11,0,20,27,0,47,0,29,27,2,58,52,0,52,110
05/23/2018,GYH,SC,ASO,ES,Federal Contract Tower,0,14,3,10,27,0,22,38,14,74,0,36,41,24,101,42,2,44,145
05/24/2018,GYH,SC,ASO,ES,Federal Contract Tower,0,12,6,3,21,0,22,27,6,55,0,34,33,9,76,48,0,48,124
05/25/2018,GYH,SC,ASO,ES,Federal Contract Tower,0,14,4,4,22,0,0,0,0,0,0,14,4,4,22,0,0,0,22
05/26/2018,GYH,SC,ASO,ES,Federal Contract Tower,0,0,1,3,4,0,8,4,3,15,0,8,5,6,19,20,0,20,39
05/27/2018,GYH,SC,ASO,ES,Federal Contract Tower,0,6,1,0,7,0,16,0,0,16,0,22,1,0,23,0,0,0,23
05/28/2018,GYH,SC,ASO,ES,Federal Contract Tower,0,4,0,0,4,0,0,0,0,0,0,4,0,0,4,0,0,0,4
05/29/2018,GYH,SC,ASO,ES,Federal Contract Tower,0,13,2,7,22,0,0,0,0,0,0,13,2,7,22,0,0,0,22
05/30/2018,GYH,SC,ASO,ES,Federal Contract Tower,0,6,5,7,18,0,15,6,5,26,0,21,11,12,44,16,4,20,64
05/31/2018,GYH,SC,ASO,ES,Federal Contract Tower,0,13,3,9,25,0,4,19,2,25,0,17,22,11,50,20,0,20,70
06/01/2018,GYH,SC,ASO,ES,Federal Contract Tower,0,12,3,1,16,0,18,36,0,54,0,30,39,1,70,30,0,30,100
06/02/2018,GYH,SC,ASO,ES,Federal Contract Tower,0,6,4,0,10,0,11,23,0,34,0,17,27,0,44,24,0,24,68
06/03/2018,GYH,SC,ASO,ES,Federal Contract Tower,0,7,2,1,10,0,4,32,2,38,0,11,34,3,48,50,0,50,98
06/04/2018,GYH,SC,ASO,ES,Federal Contract Tower,0,8,0,4,12,0,5,56,3,64,0,13,56,7,76,72,0,72,148
06/05/2018,GYH,SC,ASO,ES,Federal Contract Tower,0,6,0,10,16,0,28,44,5,77,0,34,44,15,93,58,6,64,157
06/06/2018,GYH,SC,ASO,ES,Federal Contract Tower,0,19,4,3,26,0,12,89,14,115,0,31,93,17,141,112,24,136,277
06/07/2018,GYH,SC,ASO,ES,Federal Contract Tower,0,17,4,4,25,0,26,36,7,69,0,43,40,11,94,50,2,52,146
06/08/2018,GYH,SC,ASO,ES,Federal Contract Tower,0,8,8,1,17,0,18,42,0,60,0,26,50,1,77,80,0,80,157
06/09/2018,GYH,SC,ASO,ES,Federal Contract Tower,0,4,2,3,9,0,14,44,2,60,0,18,46,5,69,10,2,12,81
06/10/2018,GYH,SC,ASO,ES,Federal Contract Tower,0,3,3,0,6,0,7,25,0,32,0,10,28,0,38,36,0,36,74
06/11/2018,GYH,SC,ASO,ES,Federal Contract Tower,0,6,2,3,11,0,9,36,5,50,0,15,38,8,61,38,8,46,107
06/12/2018,GYH,SC,ASO,ES,Federal Contract Tower,0,10,4,5,19,0,4,0,0,4,0,14,4,5,23,0,0,0,23
06/13/2018,GYH,SC,ASO,ES,Federal Contract Tower,0,11,6,1,18,0,5,51,20,76,0,16,57,21,94,58,30,88,182
06/14/2018,GYH,SC,ASO,ES,Federal Contract Tower,0,20,0,0,20,0,7,53,6,66,0,27,53,6,86,80,2,82,168
06/15/2018,GYH,SC,ASO,ES,Federal Contract Tower,0,17,6,8,31,0,6,54,15,75,0,23,60,23,106,84,26,110,216
06/16/2018,GYH,SC,ASO,ES,Federal Contract Tower,0,5,4,1,10,0,12,34,0,46,0,17,38,1,56,30,0,30,86
06/17/2018,GYH,SC,ASO,ES,Federal Contract Tower,0,3,1,0,4,0,5,18,0,23,0,8,19,0,27,16,0,16,43
06/18/2018,GYH,SC,ASO,ES,Federal Contract Tower,0,16,2,1,19,0,12,29,0,41,0,28,31,1,60,36,6,42,102
06/19/2018,GYH,SC,ASO,ES,Federal Contract Tower,0,22,4,5,31,0,16,23,5,44,0,38,27,10,75,8,12,20,95
06/20/2018,GYH,SC,ASO,ES,Federal Contract Tower,0,17,1,0,18,0,14,53,8,75,0,31,54,8,93,56,4,60,153
06/21/2018,GYH,SC,ASO,ES,Federal Contract Tower,0,17,2,2,21,0,37,32,9,78,0,54,34,11,99,28,6,34,133
06/22/2018,GYH,SC,ASO,ES,Federal Contract Tower,0,21,3,3,27,0,13,19,5,37,0,34,22,8,64,36,6,42,106
06/23/2018,GYH,SC,ASO,ES,Federal Contract Tower,0,9,3,0,12,0,5,6,0,11,0,14,9,0,23,10,0,10,33
06/24/2018,GYH,SC,ASO,ES,Federal Contract Tower,0,16,0,1,17,0,2,18,1,21,0,18,18,2,38,16,0,16,54
06/25/2018,GYH,SC,ASO,ES,Federal Contract Tower,0,20,0,7,27,0,27,32,1,60,0,47,32,8,87,38,2,40,127
06/26/2018,GYH,SC,ASO,ES,Federal Contract Tower,0,16,0,1,17,0,9,12,0,21,0,25,12,1,38,16,0,16,54
06/27/2018,GYH,SC,ASO,ES,Federal Contract Tower,0,29,7,3,39,0,1,18,8,27,0,30,25,11,66,28,6,34,100
06/28/2018,GYH,SC,ASO,ES,Federal Contract Tower,0,29,1,1,31,0,13,21,5,39,0,42,22,6,70,12,0,12,82
06/29/2018,GYH,SC,ASO,ES,Federal Contract Tower,0,35,10,5,50,0,22,35,0,57,0,57,45,5,107,32,2,34,141
06/30/2018,GYH,SC,ASO,ES,Federal Contract Tower,0,10,7,0,17,0,6,39,0,45,0,16,46,0,62,74,0,74,136
07/01/2018,GYH,SC,ASO,ES,Federal Contract Tower,0,5,0,0,5,0,14,4,0,18,0,19,4,0,23,6,0,6,29
07/02/2018,GYH,SC,ASO,ES,Federal Contract Tower,0,11,3,2,16,0,13,16,0,29,0,24,19,2,45,30,0,30,75
07/03/2018,GYH,SC,ASO,ES,Federal Contract Tower,0,9,0,5,14,0,9,37,2,48,0,18,37,7,62,56,0,56,118
07/04/2018,GYH,SC,ASO,ES,Federal Contract Tower,0,8,0,0,8,0,2,11,0,13,0,10,11,0,21,12,0,12,33
07/05/2018,GYH,SC,ASO,ES,Federal Contract Tower,0,7,2,2,11,0,10,25,4,39,0,17,27,6,50,26,0,26,76
07/06/2018,GYH,SC,ASO,ES,Federal Contract Tower,0,8,0,7,15,0,12,30,4,46,0,20,30,11,61,18,0,18,79
07/07/2018,GYH,SC,ASO,ES,Federal Contract Tower,0,1,2,2,5,0,0,2,0,2,0,1,4,2,7,2,0,2,9
07/08/2018,GYH,SC,ASO,ES,Federal Contract Tower,0,14,7,0,21,0,12,40,0,52,0,26,47,0,73,22,0,22,95
07/09/2018,GYH,SC,ASO,ES,Federal Contract Tower,0,9,1,4,14,0,9,43,0,52,0,18,44,4,66,34,0,34,100
07/10/2018,GYH,SC,ASO,ES,Federal Contract Tower,0,12,2,6,20,0,17,42,6,65,0,29,44,12,85,78,0,78,163
07/11/2018,GYH,SC,ASO,ES,Federal Contract Tower,0,5,4,3,12,0,19,34,23,76,0,24,38,26,88,72,40,112,200
07/12/2018,GYH,SC,ASO,ES,Federal Contract Tower,0,19,8,0,27,0,10,19,33,62,0,29,27,33,89,28,54,82,171
07/13/2018,GYH,SC,ASO,ES,Federal Contract Tower,0,8,13,7,28,0,16,14,22,52,0,24,27,29,80,26,32,58,138
07/14/2018,GYH,SC,ASO,ES,Federal Contract Tower,0,5,2,0,7,0,10,29,0,39,0,15,31,0,46,50,0,50,96
07/15/2018,GYH,SC,ASO,ES,Federal Contract Tower,0,7,3,0,10,0,8,30,0,38,0,15,33,0,48,58,0,58,106
07/16/2018,GYH,SC,ASO,ES,Federal Contract Tower,0,9,10,4,23,0,5,11,23,39,0,14,21,27,62,10,52,62,124
07/17/2018,GYH,SC,ASO,ES,Federal Contract Tower,0,9,1,8,18,0,1,23,17,41,0,10,24,25,59,38,38,76,135
07/18/2018,GYH,SC,ASO,ES,Federal Contract Tower,0,5,2,0,7,0,17,27,7,51,0,22,29,7,58,36,0,36,94
07/19/2018,GYH,SC,ASO,ES,Federal Contract Tower,0,14,8,0,22,0,18,23,21,62,0,32,31,21,84,46,18,64,148
07/20/2018,GYH,SC,ASO,ES,Federal Contract Tower,0,7,3,1,11,0,8,23,1,32,0,15,26,2,43,16,0,16,59
07/21/2018,GYH,SC,ASO,ES,Federal Contract Tower,0,2,3,0,5,0,4,16,0,20,0,6,19,0,25,20,0,20,45
07/22/2018,GYH,SC,ASO,ES,Federal Contract Tower,0,2,0,0,2,0,6,9,2,17,0,8,9,2,19,10,0,10,29
07/23/2018,GYH,SC,ASO,ES,Federal Contract Tower,0,11,2,5,18,0,3,13,5,21,0,14,15,10,39,16,8,24,63
07/24/2018,GYH,SC,ASO,ES,Federal Contract Tower,0,17,9,2,28,0,10,24,9,43,0,27,33,11,71,38,4,42,113
07/25/2018,GYH,SC,ASO,ES,Federal Contract Tower,0,15,2,9,26,0,0,7,26,33,0,15,9,35,59,8,42,50,109
07/26/2018,GYH,SC,ASO,ES,Federal Contract Tower,0,18,4,5,27,0,31,33,27,91,0,49,37,32,118,50,32,82,200
07/27/2018,GYH,SC,ASO,ES,Federal Contract Tower,0,5,9,1,15,0,4,35,3,42,0,9,44,4,57,62,2,64,121
07/28/2018,GYH,SC,ASO,ES,Federal Contract Tower,0,5,5,0,10,0,0,25,0,25,0,5,30,0,35,32,0,32,67
07/29/2018,GYH,SC,ASO,ES,Federal Contract Tower,0,9,6,0,15,0,4,17,0,21,0,13,23,0,36,36,0,36,72
07/30/2018,GYH,SC,ASO,ES,Federal Contract Tower,0,11,1,4,16,0,15,17,0,32,0,26,18,4,48,38,0,38,86
07/31/2018,GYH,SC,ASO,ES,Federal Contract Tower,0,8,6,1,15,0,0,0,0,0,0,8,6,1,15,0,0,0,15
08/01/2018,GYH,SC,ASO,ES,Federal Contract Tower,0,20,4,1,25,0,0,0,4,4,0,20,4,5,29,0,0,0,29
08/02/2018,GYH,SC,ASO,ES,Federal Contract Tower,0,18,2,0,20,0,0,0,0,0,0,18,2,0,20,0,0,0,20
08/03/2018,GYH,SC,ASO,ES,Federal Contract Tower,0,18,1,0,19,0,8,1,0,9,0,26,2,0,28,0,0,0,28
08/04/2018,GYH,SC,ASO,ES,Federal Contract Tower,0,7,10,0,17,0,5,16,1,22,0,12,26,1,39,32,0,32,71
08/05/2018,GYH,SC,ASO,ES,Federal Contract Tower,0,5,0,1,6,0,18,22,0,40,0,23,22,1,46,28,0,28,74
08/06/2018,GYH,SC,ASO,ES,Federal Contract Tower,0,9,2,2,13,0,0,32,22,54,0,9,34,24,67,36,30,66,133
08/07/2018,GYH,SC,ASO,ES,Federal Contract Tower,0,15,0,6,21,0,15,15,12,42,0,30,15,18,63,24,18,42,105
08/08/2018,GYH,SC,ASO,ES,Federal Contract Tower,0,8,0,6,14,0,11,36,2,49,0,19,36,8,63,90,0,90,153
08/09/2018,GYH,SC,ASO,ES,Federal Contract Tower,0,14,4,1,19,0,10,36,0,46,0,24,40,1,65,38,0,38,103
08/10/2018,GYH,SC,ASO,ES,Federal Contract Tower,0,21,6,0,27,0,22,29,0,51,0,43,35,0,78,50,0,50,128
08/11/2018,GYH,SC,ASO,ES,Federal Contract Tower,0,9,2,1,12,0,4,25,0,29,0,13,27,1,41,24,0,24,65
08/12/2018,GYH,SC,ASO,ES,Federal Contract Tower,0,3,0,0,3,0,6,10,0,16,0,9,10,0,19,30,0,30,49
08/13/2018,GYH,SC,ASO,ES,Federal Contract Tower,0,14,4,2,20,0,13,29,0,42,0,27,33,2,62,58,0,58,120
08/14/2018,GYH,SC,ASO,ES,Federal Contract Tower,0,17,8,2,27,0,24,32,2,58,0,41,40,4,85,84,0,84,169
08/15/2018,GYH,SC,ASO,ES,Federal Contract Tower,0,10,3,3,16,0,0,81,0,81,0,10,84,3,97,124,0,124,221
08/16/2018,GYH,SC,ASO,ES,Federal Contract Tower,0,12,0,2,14,0,13,30,0,43,0,25,30,2,57,36,0,36,93
08/17/2018,GYH,SC,ASO,ES,Federal Contract Tower,0,11,4,1,16,0,14,16,19,49,0,25,20,20,65,30,32,62,127
08/18/2018,GYH,SC,ASO,ES,Federal Contract Tower,0,5,5,2,12,0,4,3,0,7,0,9,8,2,19,6,0,6,25
08/19/2018,GYH,SC,ASO,ES,Federal Contract Tower,0,4,9,2,15,0,6,4,0,10,0,10,13,2,25,0,0,0,25
08/20/2018,GYH,SC,ASO,ES,Federal Contract Tower,0,11,0,0,11,0,8,8,0,16,0,19,8,0,27,28,0,28,55
08/21/2018,GYH,SC,ASO,ES,Federal Contract Tower,0,10,4,4,18,0,16,4,0,20,0,26,8,4,38,2,4,6,44
08/22/2018,GYH,SC,ASO,ES,Federal Contract Tower,0,12,2,2,16,0,6,50,2,58,0,18,52,4,74,66,4,70,144
08/23/2018,GYH,SC,ASO,ES,Federal Contract Tower,0,5,0,0,5,0,42,35,10,87,0,47,35,10,92,18,8,26,118
08/24/2018,GYH,SC,ASO,ES,Federal Contract Tower,0,12,3,1,16,0,24,32,0,56,0,36,35,1,72,42,0,42,114
08/25/2018,GYH,SC,ASO,ES,Federal Contract Tower,0,8,0,0,8,0,16,22,0,38,0,24,22,0,46,30,0,30,76
08/26/2018,GYH,SC,ASO,ES,Federal Contract Tower,0,4,5,0,9,0,38,21,0,59,0,42,26,0,68,38,0,38,106
08/27/2018,GYH,SC,ASO,ES,Federal Contract Tower,0,14,2,5,21,0,17,14,3,34,0,31,16,8,55,6,4,10,65
08/28/2018,GYH,SC,ASO,ES,Federal Contract Tower,0,4,0,0,4,0,10,12,3,25,0,14,12,3,29,8,4,12,41
08/29/2018,GYH,SC,ASO,ES,Federal Contract Tower,0,10,2,4,16,0,8,42,6,56,0,18,44,10,72,40,0,40,112
08/30/2018,GYH,SC,ASO,ES,Federal Contract Tower,0,11,2,6,19,0,12,40,10,62,0,23,42,16,81,54,0,54,135
08/31/2018,GYH,SC,ASO,ES,Federal Contract Tower,0,15,3,0,18,0,25,50,0,75,0,40,53,0,93,94,0,94,187
09/01/2018,GYH,SC,ASO,ES,Federal Contract Tower,0,3,1,0,4,0,14,55,0,69,0,17,56,0,73,72,0,72,145
09/02/2018,GYH,SC,ASO,ES,Federal Contract Tower,0,5,1,0,6,0,14,18,0,32,0,19,19,0,38,34,0,34,72
09/03/2018,GYH,SC,ASO,ES,Federal Contract Tower,0,4,2,2,8,0,8,26,2,36,0,12,28,4,44,22,0,22,66
09/04/2018,GYH,SC,ASO,ES,Federal Contract Tower,0,12,4,6,22,0,19,25,29,73,0,31,29,35,95,30,24,54,149
09/05/2018,GYH,SC,ASO,ES,Federal Contract Tower,0,18,2,6,26,0,10,39,18,67,0,28,41,24,93,52,28,80,173
09/06/2018,GYH,SC,ASO,ES,Federal Contract Tower,0,16,0,4,20,0,6,48,12,66,0,22,48,16,86,76,0,76,162
09/07/2018,GYH,SC,ASO,ES,Federal Contract Tower,0,10,8,2,20,0,29,31,3,63,0,39,39,5,83,32,6,38,121
09/08/2018,GYH,SC,ASO,ES,Federal Contract Tower,0,4,3,2,9,0,15,39,1,55,0,19,42,3,64,66,2,68,132
09/09/2018,GYH,SC,ASO,ES,Federal Contract Tower,0,4,6,0,10,0,12,10,6,28,0,16,16,6,38,6,12,18,56
09/10/2018,GYH,SC,ASO,ES,Federal Contract Tower,0,8,1,0,9,0,3,6,0,9,0,11,7,0,18,4,0,4,22
09/11/2018,GYH,SC,ASO,ES,Federal Contract Tower,0,17,6,4,27,0,12,34,66,112,0,29,40,70,139,62,8,70,209
09/12/2018,GYH,SC,ASO,ES,Federal Contract Tower,0,13,5,10,28,0,25,25,29,79,0,38,30,39,107,42,32,74,181
09/13/2018,GYH,SC,ASO,ES,Federal Contract Tower,0,10,4,3,17,0,14,20,14,48,0,24,24,17,65,20,8,28,93
09/14/2018,GYH,SC,ASO,ES,Federal Contract Tower,0,1,0,0,1,0,15,14,1,30,0,16,14,1,31,24,0,24,55
09/15/2018,GYH,SC,ASO,ES,Federal Contract Tower,0,2,0,0,2,0,0,0,0,0,0,2,0,0,2,0,0,0,2
09/16/2018,GYH,SC,ASO,ES,Federal Contract Tower,0,1,0,2,3,0,0,0,2,2,0,1,0,4,5,0,4,4,9
09/17/2018,GYH,SC,ASO,ES,Federal Contract Tower,0,5,2,3,10,0,2,21,2,25,0,7,23,5,35,28,0,28,63
09/18/2018,GYH,SC,ASO,ES,Federal Contract Tower,0,12,0,4,16,0,49,19,6,74,0,61,19,10,90,6,0,6,96
09/19/2018,GYH,SC,ASO,ES,Federal Contract Tower,0,21,8,0,29,0,26,61,63,150,0,47,69,63,179,94,0,94,273
09/20/2018,GYH,SC,ASO,ES,Federal Contract Tower,0,24,1,10,35,0,22,52,6,80,0,46,53,16,115,80,0,80,195
09/21/2018,GYH,SC,ASO,ES,Federal Contract Tower,0,17,9,2,28,0,16,38,1,55,0,33,47,3,83,44,0,44,127
09/22/2018,GYH,SC,ASO,ES,Federal Contract Tower,0,8,4,0,12,0,10,38,1,49,0,18,42,1,61,68,2,70,131
09/23/2018,GYH,SC,ASO,ES,Federal Contract Tower,0,8,3,0,11,0,0,16,6,22,0,8,19,6,33,8,8,16,49
09/24/2018,GYH,SC,ASO,ES,Federal Contract Tower,0,10,4,8,22,0,2,1,0,3,0,12,5,8,25,0,0,0,25
09/25/2018,GYH,SC,ASO,ES,Federal Contract Tower,0,15,2,10,27,0,11,4,3,18,0,26,6,13,45,4,6,10,55
09/26/2018,GYH,SC,ASO,ES,Federal Contract Tower,0,17,1,6,24,0,16,39,14,69,0,33,40,20,93,66,12,78,171
09/27/2018,GYH,SC,ASO,ES,Federal Contract Tower,0,22,3,5,30,0,21,1,10,32,0,43,4,15,62,0,8,8,70
09/28/2018,GYH,SC,ASO,ES,Federal Contract Tower,0,16,6,1,23,0,14,17,4,35,0,30,23,5,58,32,4,36,94
09/29/2018,GYH,SC,ASO,ES,Federal Contract Tower,0,13,9,0,22,0,9,18,2,29,0,22,27,2,51,22,0,22,73
09/30/2018,GYH,SC,ASO,ES,Federal Contract Tower,0,9,3,2,14,0,2,11,2,15,0,11,14,4,29,2,0,2,31
10/01/2018,GYH,SC,ASO,ES,Federal Contract Tower,0,9,5,2,16,0,12,42,3,57,0,21,47,5,73,78,2,80,153
10/02/2018,GYH,SC,ASO,ES,Federal Contract Tower,0,12,7,1,20,0,29,31,11,71,0,41,38,12,91,50,8,58,149
10/03/2018,GYH,SC,ASO,ES,Federal Contract Tower,0,14,1,2,17,0,9,60,15,84,0,23,61,17,101,112,20,132,233
10/04/2018,GYH,SC,ASO,ES,Federal Contract Tower,0,17,2,2,21,0,24,59,16,99,0,41,61,18,120,80,34,114,234
10/05/2018,GYH,SC,ASO,ES,Federal Contract Tower,0,18,8,0,26,0,12,55,0,67,0,30,63,0,93,90,0,90,183
10/06/2018,GYH,SC,ASO,ES,Federal Contract Tower,0,1,2,0,3,0,22,32,0,54,0,23,34,0,57,32,0,32,89
10/07/2018,GYH,SC,ASO,ES,Federal Contract Tower,0,9,7,0,16,0,20,11,0,31,0,29,18,0,47,16,0,16,63
10/08/2018,GYH,SC,ASO,ES,Federal Contract Tower,0,8,5,1,14,0,6,13,0,19,0,14,18,1,33,24,0,24,57
10/09/2018,GYH,SC,ASO,ES,Federal Contract Tower,0,23,4,15,42,0,4,4,3,11,0,27,8,18,53,0,8,8,61
10/10/2018,GYH,SC,ASO,ES,Federal Contract Tower,0,15,2,17,34,0,3,0,6,9,0,18,2,23,43,0,4,4,47
10/11/2018,GYH,SC,ASO,ES,Federal Contract Tower,0,8,0,1,9,0,7,0,11,18,0,15,0,12,27,0,10,10,37
10/12/2018,GYH,SC,ASO,ES,Federal Contract Tower,0,11,9,5,25,0,18,24,5,47,0,29,33,10,72,42,2,44,116
10/13/2018,GYH,SC,ASO,ES,Federal Contract Tower,0,5,2,0,7,0,4,91,3,98,0,9,93,3,105,16,2,18,123
10/14/2018,GYH,SC,ASO,ES,Federal Contract Tower,0,10,2,1,13,0,14,11,1,26,0,24,13,2,39,16,2,18,57
10/15/2018,GYH,SC,ASO,ES,Federal Contract Tower,0,13,7,1,21,0,29,43,0,72,0,42,50,1,93,78,0,78,171
10/16/2018,GYH,SC,ASO,ES,Federal Contract Tower,0,10,1,2,13,0,13,13,29,55,0,23,14,31,68,4,66,70,138
10/17/2018,GYH,SC,ASO,ES,Federal Contract Tower,0,17,6,6,29,0,17,54,18,89,0,34,60,24,118,102,22,124,242
10/18/2018,GYH,SC,ASO,ES,Federal Contract Tower,0,19,6,4,29,0,12,47,22,81,0,31,53,26,110,90,14,104,214
10/19/2018,GYH,SC,ASO,ES,Federal Contract Tower,0,14,5,1,20,0,41,37,15,93,0,55,42,16,113,30,18,48,161
10/20/2018,GYH,SC,ASO,ES,Federal Contract Tower,0,11,0,0,11,0,12,12,0,24,0,23,12,0,35,36,0,36,71
10/21/2018,GYH,SC,ASO,ES,Federal Contract Tower,0,4,0,0,4,0,8,3,0,11,0,12,3,0,15,0,0,0,15
10/22/2018,GYH,SC,ASO,ES,Federal Contract Tower,0,19,9,3,31,0,35,26,1,62,0,54,35,4,93,52,0,52,145
10/23/2018,GYH,SC,ASO,ES,Federal Contract Tower,0,7,2,3,12,0,32,32,16,80,0,39,34,19,92,36,46,82,174
10/24/2018,GYH,SC,ASO,ES,Federal Contract Tower,0,10,11,1,22,0,60,47,24,131,0,70,58,25,153,68,36,104,257
10/25/2018,GYH,SC,ASO,ES,Federal Contract Tower,0,24,4,6,34,0,28,36,20,84,0,52,40,26,118,46,24,70,188
10/26/2018,GYH,SC,ASO,ES,Federal Contract Tower,0,8,1,1,10,0,0,0,0,0,0,8,1,1,10,0,0,0,10
10/27/2018,GYH,SC,ASO,ES,Federal Contract Tower,0,3,1,0,4,0,15,12,0,27,0,18,13,0,31,16,0,16,47
10/28/2018,GYH,SC,ASO,ES,Federal Contract Tower,0,6,0,0,6,0,3,36,0,39,0,9,36,0,45,42,0,42,87
10/29/2018,GYH,SC,ASO,ES,Federal Contract Tower,0,15,0,1,16,0,12,39,0,51,0,27,39,1,67,56,0,56,123
10/30/2018,GYH,SC,ASO,ES,Federal Contract Tower,0,19,6,7,32,0,13,37,23,73,0,32,43,30,105,68,50,118,223
10/31/2018,GYH,SC,ASO,ES,Federal Contract Tower,0,15,1,12,28,0,10,54,10,74,0,25,55,22,102,66,2,68,170
11/01/2018,GYH,SC,ASO,ES,Federal Contract Tower,0,10,5,4,19,0,4,11,14,29,0,14,16,18,48,14,12,26,74
11/02/2018,GYH,SC,ASO,ES,Federal Contract Tower,0,12,1,2,15,0,6,0,0,6,0,18,1,2,21,0,0,0,21
11/03/2018,GYH,SC,ASO,ES,Federal Contract Tower,0,5,4,0,9,0,25,36,10,71,0,30,40,10,80,38,12,50,130
11/04/2018,GYH,SC,ASO,ES,Federal Contract Tower,0,6,1,0,7,0,18,29,4,51,0,24,30,4,58,44,8,52,110
11/05/2018,GYH,SC,ASO,ES,Federal Contract Tower,0,12,4,5,21,0,0,0,0,0,0,12,4,5,21,0,0,0,21
11/06/2018,GYH,SC,ASO,ES,Federal Contract Tower,0,12,2,0,14,0,2,19,10,31,0,14,21,10,45,40,36,76,121
11/07/2018,GYH,SC,ASO,ES,Federal Contract Tower,0,13,2,5,20,0,6,64,15,85,0,19,66,20,105,124,30,154,259
11/08/2018,GYH,SC,ASO,ES,Federal Contract Tower,0,23,6,3,32,0,17,26,29,72,0,40,32,32,104,46,34,80,184
11/09/2018,GYH,SC,ASO,ES,Federal Contract Tower,0,12,6,4,22,0,0,0,0,0,0,12,6,4,22,0,4,4,26
11/10/2018,GYH,SC,ASO,ES,Federal Contract Tower,0,8,1,0,9,0,28,44,0,72,0,36,45,0,81,72,0,72,153
11/11/2018,GYH,SC,ASO,ES,Federal Contract Tower,0,8,5,0,13,0,12,16,2,30,0,20,21,2,43,20,4,24,67
11/12/2018,GYH,SC,ASO,ES,Federal Contract Tower,0,15,3,0,18,0,0,4,0,4,0,15,7,0,22,0,0,0,22
11/13/2018,GYH,SC,ASO,ES,Federal Contract Tower,0,7,2,4,13,0,0,0,0,0,0,7,2,4,13,0,2,2,15
11/14/2018,GYH,SC,ASO,ES,Federal Contract Tower,0,12,0,3,15,0,16,13,7,36,0,28,13,10,51,32,14,46,97
11/15/2018,GYH,SC,ASO,ES,Federal Contract Tower,0,13,0,1,14,0,1,0,12,13,0,14,0,13,27,0,18,18,45
11/16/2018,GYH,SC,ASO,ES,Federal Contract Tower,0,15,1,8,24,0,17,23,5,45,0,32,24,13,69,36,2,38,107
11/17/2018,GYH,SC,ASO,ES,Federal Contract Tower,0,7,1,0,8,0,31,27,0,58,0,38,28,0,66,32,0,32,98
11/18/2018,GYH,SC,ASO,ES,Federal Contract Tower,0,5,6,0,11,0,5,26,0,31,0,10,32,0,42,62,0,62,104
11/19/2018,GYH,SC,ASO,ES,Federal Contract Tower,0,14,4,4,22,0,20,56,2,78,0,34,60,6,100,128,0,128,228
11/20/2018,GYH,SC,ASO,ES,Federal Contract Tower,0,17,3,4,24,0,14,27,25,66,0,31,30,29,90,64,46,110,200
11/21/2018,GYH,SC,ASO,ES,Federal Contract Tower,0,15,9,0,24,0,43,37,0,80,0,58,46,0,104,78,0,78,182
11/22/2018,GYH,SC,ASO,ES,Federal Contract Tower,0,1,1,0,2,0,26,6,0,32,0,27,7,0,34,4,0,4,38
11/23/2018,GYH,SC,ASO,ES,Federal Contract Tower,0,2,10,0,12,0,14,7,0,21,0,16,17,0,33,2,0,2,35
11/24/2018,GYH,SC,ASO,ES,Federal Contract Tower,0,6,5,0,11,0,0,0,0,0,0,6,5,0,11,0,0,0,11
11/25/2018,GYH,SC,ASO,ES,Federal Contract Tower,0,6,4,0,10,0,6,12,6,24,0,12,16,6,34,12,12,24,58
11/26/2018,GYH,SC,ASO,ES,Federal Contract Tower,0,13,0,5,18,0,37,5,1,43,0,50,5,6,61,12,0,12,73
11/27/2018,GYH,SC,ASO,ES,Federal Contract Tower,0,12,6,4,22,0,19,21,19,59,0,31,27,23,81,44,26,70,151
11/28/2018,GYH,SC,ASO,ES,Federal Contract Tower,0,18,6,7,31,0,20,73,31,124,0,38,79,38,155,102,36,138,293
11/29/2018,GYH,SC,ASO,ES,Federal Contract Tower,0,15,2,9,26,0,27,50,28,105,0,42,52,37,131,84,16,100,231
11/30/2018,GYH,SC,ASO,ES,Federal Contract Tower,0,14,3,2,19,0,8,15,13,36,0,22,18,15,55,34,4,38,93
12/01/2018,GYH,SC,ASO,ES,Federal Contract Tower,0,6,2,0,8,0,0,0,0,0,0,6,2,0,8,0,0,0,8
12/02/2018,GYH,SC,ASO,ES,Federal Contract Tower,0,6,4,1,11,0,2,3,0,5,0,8,7,1,16,12,0,12,28
12/03/2018,GYH,SC,ASO,ES,Federal Contract Tower,0,12,0,2,14,0,14,21,2,37,0,26,21,4,51,42,4,46,97
12/04/2018,GYH,SC,ASO,ES,Federal Contract Tower,0,13,4,7,24,0,12,22,13,47,0,25,26,20,71,36,18,54,125
12/05/2018,GYH,SC,ASO,ES,Federal Contract Tower,0,6,2,1,9,0,23,26,4,53,0,29,28,5,62,54,8,62,124
12/06/2018,GYH,SC,ASO,ES,Federal Contract Tower,0,6,0,1,7,0,20,24,29,73,0,26,24,30,80,20,32,52,132
12/07/2018,GYH,SC,ASO,ES,Federal Contract Tower,0,9,4,0,13,0,10,23,9,42,0,19,27,9,55,48,6,54,109
12/08/2018,GYH,SC,ASO,ES,Federal Contract Tower,0,5,0,0,5,0,1,2,0,3,0,6,2,0,8,0,0,0,8
12/09/2018,GYH,SC,ASO,ES,Federal Contract Tower,0,0,0,0,0,0,0,0,0,0,0,0,0,0,0,0,0,0,0
12/10/2018,GYH,SC,ASO,ES,Federal Contract Tower,0,9,0,1,10,0,0,0,0,0,0,9,0,1,10,0,0,0,10
12/11/2018,GYH,SC,ASO,ES,Federal Contract Tower,0,9,1,1,11,0,25,24,19,68,0,34,25,20,79,36,34,70,149
12/12/2018,GYH,SC,ASO,ES,Federal Contract Tower,0,12,2,7,21,0,16,19,26,61,0,28,21,33,82,30,40,70,152
12/13/2018,GYH,SC,ASO,ES,Federal Contract Tower,0,11,2,3,16,0,22,26,26,74,0,33,28,29,90,46,18,64,154
12/14/2018,GYH,SC,ASO,ES,Federal Contract Tower,0,11,0,0,11,0,0,0,0,0,0,11,0,0,11,0,0,0,11
12/15/2018,GYH,SC,ASO,ES,Federal Contract Tower,0,8,0,0,8,0,4,0,0,4,0,12,0,0,12,0,0,0,12
12/16/2018,GYH,SC,ASO,ES,Federal Contract Tower,0,3,4,0,7,0,28,26,0,54,0,31,30,0,61,42,0,42,103
12/17/2018,GYH,SC,ASO,ES,Federal Contract Tower,0,20,9,4,33,0,22,32,0,54,0,42,41,4,87,44,2,46,133
12/18/2018,GYH,SC,ASO,ES,Federal Contract Tower,0,18,8,5,31,0,13,34,10,57,0,31,42,15,88,44,14,58,146
12/19/2018,GYH,SC,ASO,ES,Federal Contract Tower,0,15,0,13,28,0,16,44,28,88,0,31,44,41,116,80,20,100,216
12/20/2018,GYH,SC,ASO,ES,Federal Contract Tower,0,22,2,0,24,0,0,0,0,0,0,22,2,0,24,0,0,0,24
12/21/2018,GYH,SC,ASO,ES,Federal Contract Tower,0,16,2,2,20,0,2,0,0,2,0,18,2,2,22,0,0,0,22
12/22/2018,GYH,SC,ASO,ES,Federal Contract Tower,0,9,9,1,19,0,10,32,4,46,0,19,41,5,65,40,0,40,105
12/23/2018,GYH,SC,ASO,ES,Federal Contract Tower,0,3,2,0,5,0,11,9,0,20,0,14,11,0,25,18,0,18,43
12/24/2018,GYH,SC,ASO,ES,Federal Contract Tower,0,1,5,3,9,0,4,15,0,19,0,5,20,3,28,16,0,16,44
12/25/2018,GYH,SC,ASO,ES,Federal Contract Tower,0,0,1,0,1,0,10,7,0,17,0,10,8,0,18,0,0,0,18
12/26/2018,GYH,SC,ASO,ES,Federal Contract Tower,0,10,6,3,19,0,15,53,0,68,0,25,59,3,87,66,0,66,153
12/27/2018,GYH,SC,ASO,ES,Federal Contract Tower,0,5,4,5,14,0,4,0,2,6,0,9,4,7,20,0,4,4,24
12/28/2018,GYH,SC,ASO,ES,Federal Contract Tower,0,3,0,0,3,0,0,0,0,0,0,3,0,0,3,0,0,0,3
12/29/2018,GYH,SC,ASO,ES,Federal Contract Tower,0,8,6,0,14,0,18,35,0,53,0,26,41,0,67,46,0,46,113
12/30/2018,GYH,SC,ASO,ES,Federal Contract Tower,0,6,2,0,8,0,0,2,4,6,0,6,4,4,14,0,0,0,14
12/31/2018,GYH,SC,ASO,ES,Federal Contract Tower,0,2,0,0,2,0,0,0,0,0,0,2,0,0,2,0,0,0,2
01/01/2019,GYH,SC,ASO,ES,Federal Contract Tower,0,6,0,0,6,0,20,8,0,28,0,26,8,0,34,4,0,4,38
01/02/2019,GYH,SC,ASO,ES,Federal Contract Tower,0,8,3,0,11,0,9,28,36,73,0,17,31,36,84,34,42,76,160
01/03/2019,GYH,SC,ASO,ES,Federal Contract Tower,0,10,6,6,22,0,0,0,4,4,0,10,6,10,26,0,0,0,26
01/04/2019,GYH,SC,ASO,ES,Federal Contract Tower,0,7,5,0,12,0,0,0,0,0,0,7,5,0,12,0,0,0,12
01/05/2019,GYH,SC,ASO,ES,Federal Contract Tower,0,4,2,1,7,0,16,26,0,42,0,20,28,1,49,42,0,42,91
01/06/2019,GYH,SC,ASO,ES,Federal Contract Tower,0,3,2,0,5,0,20,29,0,49,0,23,31,0,54,46,0,46,100
01/07/2019,GYH,SC,ASO,ES,Federal Contract Tower,0,13,2,4,19,0,21,24,25,70,0,34,26,29,89,48,46,94,183
01/08/2019,GYH,SC,ASO,ES,Federal Contract Tower,0,7,1,0,8,0,12,29,31,72,0,19,30,31,80,36,30,66,146
01/09/2019,GYH,SC,ASO,ES,Federal Contract Tower,0,8,1,0,9,0,17,28,27,72,0,25,29,27,81,52,16,68,149
01/10/2019,GYH,SC,ASO,ES,Federal Contract Tower,0,12,4,1,17,0,0,38,21,59,0,12,42,22,76,56,14,70,146
01/11/2019,GYH,SC,ASO,ES,Federal Contract Tower,0,5,2,1,8,0,18,45,13,76,0,23,47,14,84,78,12,90,174
01/12/2019,GYH,SC,ASO,ES,Federal Contract Tower,0,5,2,0,7,0,0,22,0,22,0,5,24,0,29,54,0,54,83
01/13/2019,GYH,SC,ASO,ES,Federal Contract Tower,0,6,1,0,7,0,0,0,0,0,0,6,1,0,7,0,0,0,7
01/14/2019,GYH,SC,ASO,ES,Federal Contract Tower,0,5,2,7,14,0,1,10,1,12,0,6,12,8,26,20,2,22,48
01/15/2019,GYH,SC,ASO,ES,Federal Contract Tower,0,13,8,4,25,0,13,21,5,39,0,26,29,9,64,44,16,60,124
01/16/2019,GYH,SC,ASO,ES,Federal Contract Tower,0,16,0,2,18,0,6,38,10,54,0,22,38,12,72,56,14,70,142
01/17/2019,GYH,SC,ASO,ES,Federal Contract Tower,0,16,7,0,23,0,11,28,36,75,0,27,35,36,98,42,42,84,182
01/18/2019,GYH,SC,ASO,ES,Federal Contract Tower,0,9,4,0,13,0,10,9,0,19,0,19,13,0,32,12,0,12,44
01/19/2019,GYH,SC,ASO,ES,Federal Contract Tower,0,6,0,0,6,0,0,0,0,0,0,6,0,0,6,0,0,0,6
01/20/2019,GYH,SC,ASO,ES,Federal Contract Tower,0,6,1,0,7,0,4,2,0,6,0,10,3,0,13,0,0,0,13
01/21/2019,GYH,SC,ASO,ES,Federal Contract Tower,0,5,2,0,7,0,27,37,0,64,0,32,39,0,71,40,0,40,111
01/22/2019,GYH,SC,ASO,ES,Federal Contract Tower,0,9,1,2,12,0,16,35,4,55,0,25,36,6,67,60,12,72,139
01/23/2019,GYH,SC,ASO,ES,Federal Contract Tower,0,8,0,0,8,0,0,0,0,0,0,8,0,0,8,0,0,0,8
01/24/2019,GYH,SC,ASO,ES,Federal Contract Tower,0,12,3,0,15,0,38,15,15,68,0,50,18,15,83,26,2,28,111
01/25/2019,GYH,SC,ASO,ES,Federal Contract Tower,0,14,2,6,22,0,3,66,20,89,0,17,68,26,111,128,18,146,257
01/26/2019,GYH,SC,ASO,ES,Federal Contract Tower,0,6,0,0,6,0,20,47,0,67,0,26,47,0,73,42,0,42,115
01/27/2019,GYH,SC,ASO,ES,Federal Contract Tower,0,4,3,1,8,0,34,47,2,83,0,38,50,3,91,86,0,86,177
01/28/2019,GYH,SC,ASO,ES,Federal Contract Tower,0,10,2,2,14,0,28,33,0,61,0,38,35,2,75,40,0,40,115
01/29/2019,GYH,SC,ASO,ES,Federal Contract Tower,0,7,0,1,8,0,40,14,3,57,0,47,14,4,65,22,8,30,95
01/30/2019,GYH,SC,ASO,ES,Federal Contract Tower,0,13,1,1,15,0,15,26,22,63,0,28,27,23,78,32,16,48,126
01/31/2019,GYH,SC,ASO,ES,Federal Contract Tower,0,14,1,5,20,0,4,43,15,62,0,18,44,20,82,70,12,82,164
02/01/2019,GYH,SC,ASO,ES,Federal Contract Tower,0,18,3,1,22,0,16,63,7,86,0,34,66,8,108,96,0,96,204
02/02/2019,GYH,SC,ASO,ES,Federal Contract Tower,0,4,5,0,9,0,22,47,0,69,0,26,52,0,78,68,0,68,146
02/03/2019,GYH,SC,ASO,ES,Federal Contract Tower,0,3,2,0,5,0,5,25,0,30,0,8,27,0,35,42,0,42,77
02/04/2019,GYH,SC,ASO,ES,Federal Contract Tower,0,9,2,2,13,0,29,39,3,71,0,38,41,5,84,70,8,78,162
02/05/2019,GYH,SC,ASO,ES,Federal Contract Tower,0,14,3,4,21,0,17,52,21,90,0,31,55,25,111,84,32,116,227
02/06/2019,GYH,SC,ASO,ES,Federal Contract Tower,0,17,3,2,22,0,6,5,15,26,0,23,8,17,48,0,16,16,64
02/07/2019,GYH,SC,ASO,ES,Federal Contract Tower,0,21,6,6,33,0,22,23,14,59,0,43,29,20,92,22,0,22,114
02/08/2019,GYH,SC,ASO,ES,Federal Contract Tower,0,14,3,2,19,0,10,38,8,56,0,24,41,10,75,66,4,70,145
02/09/2019,GYH,SC,ASO,ES,Federal Contract Tower,0,9,5,0,14,0,28,31,0,59,0,37,36,0,73,34,0,34,107
02/10/2019,GYH,SC,ASO,ES,Federal Contract Tower,0,5,3,2,10,0,9,10,2,21,0,14,13,4,31,12,0,12,43
02/11/2019,GYH,SC,ASO,ES,Federal Contract Tower,0,20,0,2,22,0,0,0,0,0,0,20,0,2,22,0,0,0,22
02/12/2019,GYH,SC,ASO,ES,Federal Contract Tower,0,12,0,2,14,0,0,0,0,0,0,12,0,2,14,0,0,0,14
02/13/2019,GYH,SC,ASO,ES,Federal Contract Tower,0,22,1,0,23,0,16,52,46,114,0,38,53,46,137,60,58,118,255
02/14/2019,GYH,SC,ASO,ES,Federal Contract Tower,0,18,1,3,22,0,26,56,9,91,0,44,57,12,113,84,8,92,205
02/15/2019,GYH,SC,ASO,ES,Federal Contract Tower,0,13,2,1,16,0,12,26,5,43,0,25,28,6,59,36,2,38,97
02/16/2019,GYH,SC,ASO,ES,Federal Contract Tower,0,13,5,0,18,0,10,15,0,25,0,23,20,0,43,26,0,26,69
02/17/2019,GYH,SC,ASO,ES,Federal Contract Tower,0,7,1,2,10,0,0,0,4,4,0,7,1,6,14,0,0,0,14
02/18/2019,GYH,SC,ASO,ES,Federal Contract Tower,0,10,5,0,15,0,20,31,13,64,0,30,36,13,79,34,10,44,123
02/19/2019,GYH,SC,ASO,ES,Federal Contract Tower,0,14,1,5,20,0,2,1,2,5,0,16,2,7,25,0,0,0,25
02/20/2019,GYH,SC,ASO,ES,Federal Contract Tower,0,12,0,1,13,0,0,0,0,0,0,12,0,1,13,0,0,0,13
02/21/2019,GYH,SC,ASO,ES,Federal Contract Tower,0,20,4,8,32,0,0,1,4,5,0,20,5,12,37,0,0,0,37
02/22/2019,GYH,SC,ASO,ES,Federal Contract Tower,0,15,5,1,21,0,1,0,0,1,0,16,5,1,22,0,0,0,22
02/23/2019,GYH,SC,ASO,ES,Federal Contract Tower,0,4,0,0,4,0,0,0,0,0,0,4,0,0,4,0,0,0,4
02/24/2019,GYH,SC,ASO,ES,Federal Contract Tower,0,3,1,0,4,0,9,4,2,15,0,12,5,2,19,4,0,4,23
02/25/2019,GYH,SC,ASO,ES,Federal Contract Tower,0,5,1,6,12,0,23,75,4,102,0,28,76,10,114,100,0,100,214
02/26/2019,GYH,SC,ASO,ES,Federal Contract Tower,0,9,5,6,20,0,28,43,32,103,0,37,48,38,123,72,62,134,257
02/27/2019,GYH,SC,ASO,ES,Federal Contract Tower,0,9,5,6,20,0,7,17,11,35,0,16,22,17,55,16,10,26,81
02/28/2019,GYH,SC,ASO,ES,Federal Contract Tower,0,14,1,3,18,0,6,12,0,18,0,20,13,3,36,8,0,8,44
03/01/2019,GYH,SC,ASO,ES,Federal Contract Tower,0,6,0,0,6,0,0,1,0,1,0,6,1,0,7,0,0,0,7
03/02/2019,GYH,SC,ASO,ES,Federal Contract Tower,0,6,2,0,8,0,12,31,1,44,0,18,33,1,52,46,0,46,98
03/03/2019,GYH,SC,ASO,ES,Federal Contract Tower,0,3,1,0,4,0,0,1,0,1,0,3,2,0,5,0,0,0,5
03/04/2019,GYH,SC,ASO,ES,Federal Contract Tower,0,7,3,0,10,0,36,45,4,85,0,43,48,4,95,68,0,68,163
03/05/2019,GYH,SC,ASO,ES,Federal Contract Tower,0,4,0,3,7,0,47,49,1,97,0,51,49,4,104,84,2,86,190
03/06/2019,GYH,SC,ASO,ES,Federal Contract Tower,0,15,3,5,23,0,43,45,27,115,0,58,48,32,138,74,30,104,242
03/07/2019,GYH,SC,ASO,ES,Federal Contract Tower,0,19,1,5,25,0,23,35,31,89,0,42,36,36,114,32,24,56,170
03/08/2019,GYH,SC,ASO,ES,Federal Contract Tower,0,11,0,2,13,0,1,25,7,33,0,12,25,9,46,38,12,50,96
03/09/2019,GYH,SC,ASO,ES,Federal Contract Tower,0,11,0,0,11,0,0,0,0,0,0,11,0,0,11,0,0,0,11
03/10/2019,GYH,SC,ASO,ES,Federal Contract Tower,0,8,0,2,10,0,4,9,0,13,0,12,9,2,23,8,0,8,31
03/11/2019,GYH,SC,ASO,ES,Federal Contract Tower,0,15,3,10,28,0,7,30,0,37,0,22,33,10,65,46,0,46,111
03/12/2019,GYH,SC,ASO,ES,Federal Contract Tower,0,8,0,1,9,0,12,60,7,79,0,20,60,8,88,104,10,114,202
03/13/2019,GYH,SC,ASO,ES,Federal Contract Tower,0,12,3,1,16,0,13,46,8,67,0,25,49,9,83,70,2,72,155
03/14/2019,GYH,SC,ASO,ES,Federal Contract Tower,0,15,1,5,21,0,21,19,11,51,0,36,20,16,72,28,8,36,108
03/15/2019,GYH,SC,ASO,ES,Federal Contract Tower,0,14,3,0,17,0,6,1,0,7,0,20,4,0,24,0,0,0,24
03/16/2019,GYH,SC,ASO,ES,Federal Contract Tower,0,3,1,0,4,0,14,46,0,60,0,17,47,0,64,68,0,68,132
03/17/2019,GYH,SC,ASO,ES,Federal Contract Tower,0,1,1,0,2,0,4,20,1,25,0,5,21,1,27,12,2,14,41
03/18/2019,GYH,SC,ASO,ES,Federal Contract Tower,0,9,3,1,13,0,14,42,1,57,0,23,45,2,70,70,2,72,142
03/19/2019,GYH,SC,ASO,ES,Federal Contract Tower,0,6,0,0,6,0,11,56,11,78,0,17,56,11,84,88,14,102,186
03/20/2019,GYH,SC,ASO,ES,Federal Contract Tower,0,11,1,6,18,0,41,20,52,113,0,52,21,58,131,14,72,86,217
03/21/2019,GYH,SC,ASO,ES,Federal Contract Tower,0,13,4,4,21,0,4,41,22,67,0,17,45,26,88,68,16,84,172
03/22/2019,GYH,SC,ASO,ES,Federal Contract Tower,0,8,2,3,13,0,15,43,7,65,0,23,45,10,78,74,0,74,152
03/23/2019,GYH,SC,ASO,ES,Federal Contract Tower,0,12,5,0,17,0,31,26,0,57,0,43,31,0,74,34,0,34,108
03/24/2019,GYH,SC,ASO,ES,Federal Contract Tower,0,5,5,0,10,0,11,23,0,34,0,16,28,0,44,38,0,38,82
03/25/2019,GYH,SC,ASO,ES,Federal Contract Tower,0,9,1,7,17,0,11,21,21,53,0,20,22,28,70,26,20,46,116
03/26/2019,GYH,SC,ASO,ES,Federal Contract Tower,0,8,11,8,27,0,25,31,7,63,0,33,42,15,90,50,6,56,146
03/27/2019,GYH,SC,ASO,ES,Federal Contract Tower,0,13,2,3,18,0,9,56,13,78,0,22,58,16,96,90,10,100,196
03/28/2019,GYH,SC,ASO,ES,Federal Contract Tower,0,19,10,3,32,0,7,47,36,90,0,26,57,39,122,68,50,118,240
03/29/2019,GYH,SC,ASO,ES,Federal Contract Tower,0,23,8,0,31,0,33,55,8,96,0,56,63,8,127,100,4,104,231
03/30/2019,GYH,SC,ASO,ES,Federal Contract Tower,0,13,0,0,13,0,19,32,0,51,0,32,32,0,64,64,0,64,128
03/31/2019,GYH,SC,ASO,ES,Federal Contract Tower,0,8,1,0,9,0,12,10,0,22,0,20,11,0,31,10,0,10,41
04/01/2019,GYH,SC,ASO,ES,Federal Contract Tower,0,9,0,1,10,0,22,54,38,114,0,31,54,39,124,108,50,158,282
04/02/2019,GYH,SC,ASO,ES,Federal Contract Tower,0,9,0,1,10,0,4,38,38,80,0,13,38,39,90,84,84,168,258
04/03/2019,GYH,SC,ASO,ES,Federal Contract Tower,0,14,5,1,20,0,6,58,7,71,0,20,63,8,91,96,2,98,189
04/04/2019,GYH,SC,ASO,ES,Federal Contract Tower,0,22,2,3,27,0,14,64,16,94,0,36,66,19,121,94,14,108,229
04/05/2019,GYH,SC,ASO,ES,Federal Contract Tower,0,16,0,2,18,0,0,0,12,12,0,16,0,14,30,0,12,12,42
04/06/2019,GYH,SC,ASO,ES,Federal Contract Tower,0,6,2,0,8,0,16,65,7,88,0,22,67,7,96,144,6,150,246
04/07/2019,GYH,SC,ASO,ES,Federal Contract Tower,0,3,4,0,7,0,8,2,0,10,0,11,6,0,17,4,0,4,21
04/08/2019,GYH,SC,ASO,ES,Federal Contract Tower,0,8,0,4,12,0,0,6,6,12,0,8,6,10,24,22,0,22,46
04/09/2019,GYH,SC,ASO,ES,Federal Contract Tower,0,8,3,0,11,0,22,0,4,26,0,30,3,4,37,0,8,8,45
04/10/2019,GYH,SC,ASO,ES,Federal Contract Tower,0,20,1,4,25,0,47,84,21,152,0,67,85,25,177,114,2,116,293
04/11/2019,GYH,SC,ASO,ES,Federal Contract Tower,0,7,3,5,15,0,26,31,9,66,0,33,34,14,81,44,4,48,129
04/12/2019,GYH,SC,ASO,ES,Federal Contract Tower,0,14,4,1,19,0,15,14,6,35,0,29,18,7,54,16,2,18,72
04/13/2019,GYH,SC,ASO,ES,Federal Contract Tower,0,3,12,0,15,0,12,16,0,28,0,15,28,0,43,32,0,32,75
04/14/2019,GYH,SC,ASO,ES,Federal Contract Tower,0,8,0,0,8,0,0,0,0,0,0,8,0,0,8,0,0,0,8
04/15/2019,GYH,SC,ASO,ES,Federal Contract Tower,0,12,4,6,22,0,13,59,22,94,0,25,63,28,116,80,24,104,220
04/16/2019,GYH,SC,ASO,ES,Federal Contract Tower,0,18,3,5,26,0,15,89,20,124,0,33,92,25,150,142,22,164,314
04/17/2019,GYH,SC,ASO,ES,Federal Contract Tower,0,27,3,1,31,0,1,60,12,73,0,28,63,13,104,126,16,142,246
04/18/2019,GYH,SC,ASO,ES,Federal Contract Tower,0,13,1,3,17,0,19,42,7,68,0,32,43,10,85,70,4,74,159
04/19/2019,GYH,SC,ASO,ES,Federal Contract Tower,0,5,1,0,6,0,0,0,0,0,0,5,1,0,6,0,0,0,6
04/20/2019,GYH,SC,ASO,ES,Federal Contract Tower,0,6,2,0,8,0,2,26,0,28,0,8,28,0,36,46,0,46,82
04/21/2019,GYH,SC,ASO,ES,Federal Contract Tower,0,9,8,0,17,0,5,33,0,38,0,14,41,0,55,56,0,56,111
04/22/2019,GYH,SC,ASO,ES,Federal Contract Tower,0,9,3,0,12,0,6,49,0,55,0,15,52,0,67,64,0,64,131
04/23/2019,GYH,SC,ASO,ES,Federal Contract Tower,0,18,3,0,21,0,45,28,13,86,0,63,31,13,107,48,24,72,179
04/24/2019,GYH,SC,ASO,ES,Federal Contract Tower,0,11,0,6,17,0,25,70,18,113,0,36,70,24,130,114,14,128,258
04/25/2019,GYH,SC,ASO,ES,Federal Contract Tower,0,22,3,7,32,0,13,38,23,74,0,35,41,30,106,62,10,72,178
04/26/2019,GYH,SC,ASO,ES,Federal Contract Tower,0,11,3,1,15,0,0,4,0,4,0,11,7,1,19,0,0,0,19
04/27/2019,GYH,SC,ASO,ES,Federal Contract Tower,0,4,1,0,5,0,24,145,0,169,0,28,146,0,174,104,0,104,278
04/28/2019,GYH,SC,ASO,ES,Federal Contract Tower,0,7,2,0,9,0,18,37,0,55,0,25,39,0,64,56,0,56,120
04/29/2019,GYH,SC,ASO,ES,Federal Contract Tower,0,20,6,2,28,0,35,56,4,95,0,55,62,6,123,80,6,86,209
04/30/2019,GYH,SC,ASO,ES,Federal Contract Tower,0,9,2,0,11,0,36,48,2,86,0,45,50,2,97,82,0,82,179
05/01/2019,GYH,SC,ASO,ES,Federal Contract Tower,0,12,2,3,17,0,16,21,9,46,0,28,23,12,63,32,0,32,95
05/02/2019,GYH,SC,ASO,ES,Federal Contract Tower,0,10,3,1,14,0,22,30,6,58,0,32,33,7,72,48,0,48,120
05/03/2019,GYH,SC,ASO,ES,Federal Contract Tower,0,9,1,1,11,0,6,6,0,12,0,15,7,1,23,10,0,10,33
05/04/2019,GYH,SC,ASO,ES,Federal Contract Tower,0,4,0,0,4,0,2,24,0,26,0,6,24,0,30,44,0,44,74
05/05/2019,GYH,SC,ASO,ES,Federal Contract Tower,0,11,2,0,13,0,5,13,1,19,0,16,15,1,32,22,0,22,54
05/06/2019,GYH,SC,ASO,ES,Federal Contract Tower,0,12,3,11,26,0,18,56,3,77,0,30,59,14,103,58,4,62,165
05/07/2019,GYH,SC,ASO,ES,Federal Contract Tower,0,14,4,5,23,0,13,19,3,35,0,27,23,8,58,22,6,28,86
05/08/2019,GYH,SC,ASO,ES,Federal Contract Tower,0,11,4,4,19,0,0,32,12,44,0,11,36,16,63,30,2,32,95
05/09/2019,GYH,SC,ASO,ES,Federal Contract Tower,0,19,1,3,23,0,36,57,11,104,0,55,58,14,127,76,0,76,203
05/10/2019,GYH,SC,ASO,ES,Federal Contract Tower,0,13,4,0,17,0,1,9,0,10,0,14,13,0,27,12,0,12,39
05/11/2019,GYH,SC,ASO,ES,Federal Contract Tower,0,4,1,0,5,0,0,0,0,0,0,4,1,0,5,0,0,0,5
05/12/2019,GYH,SC,ASO,ES,Federal Contract Tower,0,3,2,0,5,0,6,0,0,6,0,9,2,0,11,0,0,0,11
05/13/2019,GYH,SC,ASO,ES,Federal Contract Tower,0,17,4,1,22,0,8,24,10,42,0,25,28,11,64,16,0,16,80
05/14/2019,GYH,SC,ASO,ES,Federal Contract Tower,0,10,4,1,15,0,27,44,6,77,0,37,48,7,92,86,0,86,178
05/15/2019,GYH,SC,ASO,ES,Federal Contract Tower,0,11,0,2,13,0,37,44,24,105,0,48,44,26,118,54,30,84,202
05/16/2019,GYH,SC,ASO,ES,Federal Contract Tower,0,13,2,2,17,0,12,21,7,40,0,25,23,9,57,14,2,16,73
05/17/2019,GYH,SC,ASO,ES,Federal Contract Tower,0,6,1,1,8,0,23,34,10,67,0,29,35,11,75,40,0,40,115
05/18/2019,GYH,SC,ASO,ES,Federal Contract Tower,0,18,2,0,20,0,16,29,0,45,0,34,31,0,65,34,0,34,99
05/19/2019,GYH,SC,ASO,ES,Federal Contract Tower,0,6,1,0,7,0,5,23,0,28,0,11,24,0,35,18,0,18,53
05/20/2019,GYH,SC,ASO,ES,Federal Contract Tower,0,9,3,2,14,0,29,20,0,49,0,38,23,2,63,6,0,6,69
05/21/2019,GYH,SC,ASO,ES,Federal Contract Tower,0,15,1,11,27,0,53,56,12,121,0,68,57,23,148,80,12,92,240
05/22/2019,GYH,SC,ASO,ES,Federal Contract Tower,0,23,2,9,34,0,48,35,11,94,0,71,37,20,128,34,12,46,174
05/23/2019,GYH,SC,ASO,ES,Federal Contract Tower,0,12,4,8,24,0,18,59,16,93,0,30,63,24,117,86,6,92,209
05/24/2019,GYH,SC,ASO,ES,Federal Contract Tower,0,20,0,1,21,0,31,48,9,88,0,51,48,10,109,48,10,58,167
05/25/2019,GYH,SC,ASO,ES,Federal Contract Tower,0,6,9,1,16,0,12,29,0,41,0,18,38,1,57,24,0,24,81
05/26/2019,GYH,SC,ASO,ES,Federal Contract Tower,0,3,1,0,4,0,20,7,0,27,0,23,8,0,31,0,0,0,31
05/27/2019,GYH,SC,ASO,ES,Federal Contract Tower,0,3,1,0,4,0,10,53,0,63,0,13,54,0,67,68,0,68,135
05/28/2019,GYH,SC,ASO,ES,Federal Contract Tower,0,11,3,8,22,0,20,13,4,37,0,31,16,12,59,14,0,14,73
05/29/2019,GYH,SC,ASO,ES,Federal Contract Tower,0,14,1,1,16,0,12,38,8,58,0,26,39,9,74,56,0,56,130
05/30/2019,GYH,SC,ASO,ES,Federal Contract Tower,0,22,0,0,22,0,35,29,13,77,0,57,29,13,99,34,0,34,133
05/31/2019,GYH,SC,ASO,ES,Federal Contract Tower,0,10,2,3,15,0,27,29,2,58,0,37,31,5,73,58,4,62,135
06/01/2019,GYH,SC,ASO,ES,Federal Contract Tower,0,1,4,0,5,0,18,44,4,66,0,19,48,4,71,60,0,60,131
06/02/2019,GYH,SC,ASO,ES,Federal Contract Tower,0,5,4,0,9,0,14,17,0,31,0,19,21,0,40,14,0,14,54
06/03/2019,GYH,SC,ASO,ES,Federal Contract Tower,0,9,0,1,10,0,17,29,0,46,0,26,29,1,56,38,0,38,94
06/04/2019,GYH,SC,ASO,ES,Federal Contract Tower,0,17,6,6,29,0,10,69,5,84,0,27,75,11,113,100,6,106,219
06/05/2019,GYH,SC,ASO,ES,Federal Contract Tower,0,7,0,1,8,0,3,26,29,58,0,10,26,30,66,42,22,64,130
06/06/2019,GYH,SC,ASO,ES,Federal Contract Tower,0,5,1,3,9,0,10,11,9,30,0,15,12,12,39,4,2,6,45
06/07/2019,GYH,SC,ASO,ES,Federal Contract Tower,0,2,3,5,10,0,0,0,0,0,0,2,3,5,10,0,0,0,10
06/08/2019,GYH,SC,ASO,ES,Federal Contract Tower,0,3,0,0,3,0,7,0,0,7,0,10,0,0,10,0,0,0,10
06/09/2019,GYH,SC,ASO,ES,Federal Contract Tower,0,2,1,2,5,0,0,0,0,0,0,2,1,2,5,0,0,0,5
06/10/2019,GYH,SC,ASO,ES,Federal Contract Tower,0,4,0,1,5,0,6,17,0,23,0,10,17,1,28,24,0,24,52
06/11/2019,GYH,SC,ASO,ES,Federal Contract Tower,0,7,2,2,11,0,12,38,19,69,0,19,40,21,80,62,16,78,158
06/12/2019,GYH,SC,ASO,ES,Federal Contract Tower,0,6,4,5,15,0,2,39,17,58,0,8,43,22,73,62,12,74,147
06/13/2019,GYH,SC,ASO,ES,Federal Contract Tower,0,6,2,6,14,0,17,21,13,51,0,23,23,19,65,20,0,20,85
06/14/2019,GYH,SC,ASO,ES,Federal Contract Tower,0,7,5,1,13,0,17,44,3,64,0,24,49,4,77,58,2,60,137
06/15/2019,GYH,SC,ASO,ES,Federal Contract Tower,0,4,2,0,6,0,4,56,1,61,0,8,58,1,67,84,0,84,151
06/16/2019,GYH,SC,ASO,ES,Federal Contract Tower,0,6,4,0,10,0,4,13,0,17,0,10,17,0,27,20,0,20,47
06/17/2019,GYH,SC,ASO,ES,Federal Contract Tower,0,12,0,0,12,0,15,44,0,59,0,27,44,0,71,72,0,72,143
06/18/2019,GYH,SC,ASO,ES,Federal Contract Tower,0,8,2,1,11,0,4,19,10,33,0,12,21,11,44,28,20,48,92
06/19/2019,GYH,SC,ASO,ES,Federal Contract Tower,0,4,4,14,22,0,4,22,6,32,0,8,26,20,54,38,0,38,92
06/20/2019,GYH,SC,ASO,ES,Federal Contract Tower,0,9,0,5,14,0,13,12,17,42,0,22,12,22,56,16,10,26,82
06/21/2019,GYH,SC,ASO,ES,Federal Contract Tower,0,11,5,1,17,0,19,47,3,69,0,30,52,4,86,46,4,50,136
06/22/2019,GYH,SC,ASO,ES,Federal Contract Tower,0,2,1,0,3,0,9,14,2,25,0,11,15,2,28,28,0,28,56
06/23/2019,GYH,SC,ASO,ES,Federal Contract Tower,0,6,1,0,7,0,0,6,0,6,0,6,7,0,13,4,0,4,17
06/24/2019,GYH,SC,ASO,ES,Federal Contract Tower,0,9,6,2,17,0,6,45,0,51,0,15,51,2,68,82,0,82,150
06/25/2019,GYH,SC,ASO,ES,Federal Contract Tower,0,12,0,3,15,0,20,45,5,70,0,32,45,8,85,80,6,86,171
06/26/2019,GYH,SC,ASO,ES,Federal Contract Tower,0,10,0,2,12,0,16,64,4,84,0,26,64,6,96,92,0,92,188
06/27/2019,GYH,SC,ASO,ES,Federal Contract Tower,0,14,6,1,21,0,11,44,18,73,0,25,50,19,94,54,12,66,160
06/28/2019,GYH,SC,ASO,ES,Federal Contract Tower,0,10,3,0,13,0,12,22,0,34,0,22,25,0,47,32,0,32,79
06/29/2019,GYH,SC,ASO,ES,Federal Contract Tower,0,7,3,0,10,0,22,32,0,54,0,29,35,0,64,42,0,42,106
06/30/2019,GYH,SC,ASO,ES,Federal Contract Tower,0,8,1,0,9,0,14,18,0,32,0,22,19,0,41,26,0,26,67
07/01/2019,GYH,SC,ASO,ES,Federal Contract Tower,0,10,3,3,16,0,12,73,0,85,0,22,76,3,101,102,0,102,203
07/02/2019,GYH,SC,ASO,ES,Federal Contract Tower,0,7,6,5,18,0,14,32,4,50,0,21,38,9,68,58,6,64,132
07/03/2019,GYH,SC,ASO,ES,Federal Contract Tower,0,10,2,2,14,0,9,40,10,59,0,19,42,12,73,58,8,66,139
07/04/2019,GYH,SC,ASO,ES,Federal Contract Tower,0,0,0,0,0,0,20,36,0,56,0,20,36,0,56,28,0,28,84
07/05/2019,GYH,SC,ASO,ES,Federal Contract Tower,0,8,6,0,14,0,4,2,0,6,0,12,8,0,20,4,0,4,24
07/06/2019,GYH,SC,ASO,ES,Federal Contract Tower,0,3,3,0,6,0,20,14,0,34,0,23,17,0,40,30,0,30,70
07/07/2019,GYH,SC,ASO,ES,Federal Contract Tower,0,15,1,0,16,0,17,22,0,39,0,32,23,0,55,38,0,38,93
07/08/2019,GYH,SC,ASO,ES,Federal Contract Tower,0,14,9,2,25,0,26,41,0,67,0,40,50,2,92,50,0,50,142
07/09/2019,GYH,SC,ASO,ES,Federal Contract Tower,0,9,1,2,12,0,15,21,16,52,0,24,22,18,64,24,24,48,112
07/10/2019,GYH,SC,ASO,ES,Federal Contract Tower,0,9,0,3,12,0,18,30,7,55,0,27,30,10,67,60,0,60,127
07/11/2019,GYH,SC,ASO,ES,Federal Contract Tower,0,8,4,2,14,0,7,49,8,64,0,15,53,10,78,60,4,64,142
07/12/2019,GYH,SC,ASO,ES,Federal Contract Tower,0,6,2,2,10,0,1,17,5,23,0,7,19,7,33,28,0,28,61
07/13/2019,GYH,SC,ASO,ES,Federal Contract Tower,0,1,0,0,1,0,10,35,0,45,0,11,35,0,46,38,0,38,84
07/14/2019,GYH,SC,ASO,ES,Federal Contract Tower,0,1,0,0,1,0,0,11,0,11,0,1,11,0,12,18,0,18,30
07/15/2019,GYH,SC,ASO,ES,Federal Contract Tower,0,24,0,3,27,0,13,17,0,30,0,37,17,3,57,12,0,12,69
07/16/2019,GYH,SC,ASO,ES,Federal Contract Tower,0,10,10,3,23,0,21,28,5,54,0,31,38,8,77,32,2,34,111
07/17/2019,GYH,SC,ASO,ES,Federal Contract Tower,0,12,0,5,17,0,9,30,9,48,0,21,30,14,65,30,16,46,111
07/18/2019,GYH,SC,ASO,ES,Federal Contract Tower,0,8,5,3,16,0,5,41,11,57,0,13,46,14,73,42,2,44,117
07/19/2019,GYH,SC,ASO,ES,Federal Contract Tower,0,14,3,4,21,0,4,28,1,33,0,18,31,5,54,34,0,34,88
07/20/2019,GYH,SC,ASO,ES,Federal Contract Tower,0,4,0,0,4,0,6,18,0,24,0,10,18,0,28,28,0,28,56
07/21/2019,GYH,SC,ASO,ES,Federal Contract Tower,0,0,4,0,4,0,21,21,0,42,0,21,25,0,46,30,0,30,76
07/22/2019,GYH,SC,ASO,ES,Federal Contract Tower,0,8,2,4,14,0,13,33,2,48,0,21,35,6,62,58,0,58,120
07/23/2019,GYH,SC,ASO,ES,Federal Contract Tower,0,8,2,1,11,0,6,4,5,15,0,14,6,6,26,2,4,6,32
07/24/2019,GYH,SC,ASO,ES,Federal Contract Tower,0,10,8,4,22,0,20,41,18,79,0,30,49,22,101,66,8,74,175
07/25/2019,GYH,SC,ASO,ES,Federal Contract Tower,0,20,1,4,25,0,31,48,6,85,0,51,49,10,110,80,0,80,190
07/26/2019,GYH,SC,ASO,ES,Federal Contract Tower,0,14,1,0,15,0,12,52,0,64,0,26,53,0,79,100,0,100,179
07/27/2019,GYH,SC,ASO,ES,Federal Contract Tower,0,1,0,0,1,0,9,28,0,37,0,10,28,0,38,34,0,34,72
07/28/2019,GYH,SC,ASO,ES,Federal Contract Tower,0,7,2,0,9,0,4,27,0,31,0,11,29,0,40,34,0,34,74
07/29/2019,GYH,SC,ASO,ES,Federal Contract Tower,0,9,0,5,14,0,10,31,0,41,0,19,31,5,55,54,0,54,109
07/30/2019,GYH,SC,ASO,ES,Federal Contract Tower,0,14,1,3,18,0,6,25,4,35,0,20,26,7,53,46,2,48,101
07/31/2019,GYH,SC,ASO,ES,Federal Contract Tower,0,16,1,0,17,0,9,64,8,81,0,25,65,8,98,82,2,84,182
08/01/2019,GYH,SC,ASO,ES,Federal Contract Tower,0,9,1,2,12,0,5,31,2,38,0,14,32,4,50,42,0,42,92
08/02/2019,GYH,SC,ASO,ES,Federal Contract Tower,0,12,2,0,14,0,2,29,8,39,0,14,31,8,53,62,0,62,115
08/03/2019,GYH,SC,ASO,ES,Federal Contract Tower,0,13,2,0,15,0,16,27,14,57,0,29,29,14,72,34,12,46,118
08/04/2019,GYH,SC,ASO,ES,Federal Contract Tower,0,5,0,1,6,0,0,12,4,16,0,5,12,5,22,26,4,30,52
08/05/2019,GYH,SC,ASO,ES,Federal Contract Tower,0,12,6,6,24,0,24,35,1,60,0,36,41,7,84,46,6,52,136
08/06/2019,GYH,SC,ASO,ES,Federal Contract Tower,0,11,4,3,18,0,26,20,10,56,0,37,24,13,74,26,2,28,102
08/07/2019,GYH,SC,ASO,ES,Federal Contract Tower,0,15,7,4,26,0,18,45,7,70,0,33,52,11,96,90,0,90,186
08/08/2019,GYH,SC,ASO,ES,Federal Contract Tower,0,9,2,1,12,0,17,32,15,64,0,26,34,16,76,44,2,46,122
08/09/2019,GYH,SC,ASO,ES,Federal Contract Tower,0,13,6,0,19,0,8,33,4,45,0,21,39,4,64,68,4,72,136
08/10/2019,GYH,SC,ASO,ES,Federal Contract Tower,0,4,2,0,6,0,32,16,0,48,0,36,18,0,54,18,0,18,72
08/11/2019,GYH,SC,ASO,ES,Federal Contract Tower,0,6,2,0,8,0,8,7,0,15,0,14,9,0,23,12,0,12,35
08/12/2019,GYH,SC,ASO,ES,Federal Contract Tower,0,10,8,1,19,0,2,17,3,22,0,12,25,4,41,32,0,32,73
08/13/2019,GYH,SC,ASO,ES,Federal Contract Tower,0,7,4,2,13,0,16,29,17,62,0,23,33,19,75,48,6,54,129
08/14/2019,GYH,SC,ASO,ES,Federal Contract Tower,0,9,5,3,17,0,22,26,6,54,0,31,31,9,71,36,6,42,113
08/15/2019,GYH,SC,ASO,ES,Federal Contract Tower,0,16,5,1,22,0,30,22,20,72,0,46,27,21,94,48,4,52,146
08/16/2019,GYH,SC,ASO,ES,Federal Contract Tower,0,20,3,0,23,0,17,22,1,40,0,37,25,1,63,34,2,36,99
08/17/2019,GYH,SC,ASO,ES,Federal Contract Tower,0,6,2,0,8,0,14,21,0,35,0,20,23,0,43,46,0,46,89
08/18/2019,GYH,SC,ASO,ES,Federal Contract Tower,0,6,2,0,8,0,8,16,0,24,0,14,18,0,32,18,0,18,50
08/19/2019,GYH,SC,ASO,ES,Federal Contract Tower,0,16,5,5,26,0,11,27,10,48,0,27,32,15,74,46,18,64,138
08/20/2019,GYH,SC,ASO,ES,Federal Contract Tower,0,6,2,2,10,0,13,17,11,41,0,19,19,13,51,16,18,34,85
08/21/2019,GYH,SC,ASO,ES,Federal Contract Tower,0,8,1,0,9,0,12,17,10,39,0,20,18,10,48,26,0,26,74
08/22/2019,GYH,SC,ASO,ES,Federal Contract Tower,0,9,4,3,16,0,17,56,18,91,0,26,60,21,107,62,8,70,177
08/23/2019,GYH,SC,ASO,ES,Federal Contract Tower,0,8,6,2,16,0,21,55,22,98,0,29,61,24,114,76,8,84,198
08/24/2019,GYH,SC,ASO,ES,Federal Contract Tower,0,2,7,0,9,0,4,0,0,4,0,6,7,0,13,0,0,0,13
08/25/2019,GYH,SC,ASO,ES,Federal Contract Tower,0,4,6,1,11,0,10,20,0,30,0,14,26,1,41,28,0,28,69
08/26/2019,GYH,SC,ASO,ES,Federal Contract Tower,0,7,6,1,14,0,36,20,0,56,0,43,26,1,70,26,0,26,96
08/27/2019,GYH,SC,ASO,ES,Federal Contract Tower,0,13,7,2,22,0,0,0,0,0,0,13,7,2,22,0,0,0,22
08/28/2019,GYH,SC,ASO,ES,Federal Contract Tower,0,23,0,2,25,0,18,22,16,56,0,41,22,18,81,28,8,36,117
08/29/2019,GYH,SC,ASO,ES,Federal Contract Tower,0,11,10,3,24,0,54,48,28,130,0,65,58,31,154,72,0,72,226
08/30/2019,GYH,SC,ASO,ES,Federal Contract Tower,0,18,4,1,23,0,18,29,10,57,0,36,33,11,80,34,6,40,120
08/31/2019,GYH,SC,ASO,ES,Federal Contract Tower,0,5,0,0,5,0,9,24,0,33,0,14,24,0,38,22,0,22,60
09/01/2019,GYH,SC,ASO,ES,Federal Contract Tower,0,4,2,0,6,0,0,19,0,19,0,4,21,0,25,12,0,12,37
09/02/2019,GYH,SC,ASO,ES,Federal Contract Tower,0,13,5,0,18,0,21,33,3,57,0,34,38,3,75,32,0,32,107
09/03/2019,GYH,SC,ASO,ES,Federal Contract Tower,0,15,3,0,18,0,9,13,4,26,0,24,16,4,44,14,0,14,58
09/04/2019,GYH,SC,ASO,ES,Federal Contract Tower,0,8,8,5,21,0,15,36,19,70,0,23,44,24,91,54,0,54,145
09/05/2019,GYH,SC,ASO,ES,Federal Contract Tower,0,7,2,2,11,0,22,23,2,47,0,29,25,4,58,16,0,16,74
09/06/2019,GYH,SC,ASO,ES,Federal Contract Tower,0,10,4,1,15,0,13,51,1,65,0,23,55,2,80,56,0,56,136
09/07/2019,GYH,SC,ASO,ES,Federal Contract Tower,0,10,0,0,10,0,18,28,15,61,0,28,28,15,71,36,8,44,115
09/08/2019,GYH,SC,ASO,ES,Federal Contract Tower,0,6,2,0,8,0,22,44,2,68,0,28,46,2,76,54,6,60,136
09/09/2019,GYH,SC,ASO,ES,Federal Contract Tower,0,19,2,0,21,0,21,24,1,46,0,40,26,1,67,30,0,30,97
09/10/2019,GYH,SC,ASO,ES,Federal Contract Tower,0,11,4,2,17,0,18,57,22,97,0,29,61,24,114,116,10,126,240
09/11/2019,GYH,SC,ASO,ES,Federal Contract Tower,0,10,2,0,12,0,12,33,20,65,0,22,35,20,77,54,0,54,131
09/12/2019,GYH,SC,ASO,ES,Federal Contract Tower,0,11,1,3,15,0,26,31,14,71,0,37,32,17,86,52,0,52,138
09/13/2019,GYH,SC,ASO,ES,Federal Contract Tower,0,7,5,4,16,0,0,52,0,52,0,7,57,4,68,48,0,48,116
09/14/2019,GYH,SC,ASO,ES,Federal Contract Tower,0,4,3,0,7,0,0,3,0,3,0,4,6,0,10,0,0,0,10
09/15/2019,GYH,SC,ASO,ES,Federal Contract Tower,0,5,3,0,8,0,12,12,0,24,0,17,15,0,32,4,0,4,36
09/16/2019,GYH,SC,ASO,ES,Federal Contract Tower,0,6,3,1,10,0,20,30,6,56,0,26,33,7,66,44,0,44,110
09/17/2019,GYH,SC,ASO,ES,Federal Contract Tower,0,12,4,3,19,0,20,45,10,75,0,32,49,13,94,92,8,100,194
09/18/2019,GYH,SC,ASO,ES,Federal Contract Tower,0,9,3,1,13,0,10,48,14,72,0,19,51,15,85,34,0,34,119
09/19/2019,GYH,SC,ASO,ES,Federal Contract Tower,0,3,9,3,15,0,14,43,5,62,0,17,52,8,77,30,0,30,107
09/20/2019,GYH,SC,ASO,ES,Federal Contract Tower,0,13,5,4,22,0,12,70,5,87,0,25,75,9,109,96,0,96,205
09/21/2019,GYH,SC,ASO,ES,Federal Contract Tower,0,7,1,0,8,0,0,38,4,42,0,7,39,4,50,48,2,50,100
09/22/2019,GYH,SC,ASO,ES,Federal Contract Tower,0,1,3,3,7,0,9,35,0,44,0,10,38,3,51,62,0,62,113
09/23/2019,GYH,SC,ASO,ES,Federal Contract Tower,0,10,2,3,15,0,10,24,0,34,0,20,26,3,49,40,0,40,89
09/24/2019,GYH,SC,ASO,ES,Federal Contract Tower,0,11,0,0,11,0,33,45,6,84,0,44,45,6,95,50,0,50,145
09/25/2019,GYH,SC,ASO,ES,Federal Contract Tower,0,8,0,0,8,0,23,63,17,103,0,31,63,17,111,100,0,100,211
09/26/2019,GYH,SC,ASO,ES,Federal Contract Tower,0,7,3,0,10,0,14,42,13,69,0,21,45,13,79,36,0,36,115
09/27/2019,GYH,SC,ASO,ES,Federal Contract Tower,0,14,0,5,19,0,18,29,0,47,0,32,29,5,66,44,0,44,110
09/28/2019,GYH,SC,ASO,ES,Federal Contract Tower,0,5,0,0,5,0,12,27,0,39,0,17,27,0,44,36,0,36,80
09/29/2019,GYH,SC,ASO,ES,Federal Contract Tower,0,4,2,0,6,0,11,26,0,37,0,15,28,0,43,34,0,34,77
09/30/2019,GYH,SC,ASO,ES,Federal Contract Tower,0,13,3,2,18,0,24,30,5,59,0,37,33,7,77,50,2,52,129
10/01/2019,GYH,SC,ASO,ES,Federal Contract Tower,0,8,16,1,25,0,19,30,11,60,0,27,46,12,85,36,6,42,127
10/02/2019,GYH,SC,ASO,ES,Federal Contract Tower,0,6,0,5,11,0,16,33,20,69,0,22,33,25,80,46,40,86,166
10/03/2019,GYH,SC,ASO,ES,Federal Contract Tower,0,11,4,5,20,0,22,43,19,84,0,33,47,24,104,78,50,128,232
10/04/2019,GYH,SC,ASO,ES,Federal Contract Tower,0,6,2,0,8,0,18,33,9,60,0,24,35,9,68,48,0,48,116
10/05/2019,GYH,SC,ASO,ES,Federal Contract Tower,0,2,0,0,2,0,6,0,0,6,0,8,0,0,8,0,0,0,8
10/06/2019,GYH,SC,ASO,ES,Federal Contract Tower,0,7,2,0,9,0,5,22,6,33,0,12,24,6,42,34,0,34,76
10/07/2019,GYH,SC,ASO,ES,Federal Contract Tower,0,8,7,5,20,0,9,38,3,50,0,17,45,8,70,66,0,66,136
10/08/2019,GYH,SC,ASO,ES,Federal Contract Tower,0,12,0,9,21,0,33,35,29,97,0,45,35,38,118,58,18,76,194
10/09/2019,GYH,SC,ASO,ES,Federal Contract Tower,0,10,5,7,22,0,2,34,7,43,0,12,39,14,65,40,0,40,105
10/10/2019,GYH,SC,ASO,ES,Federal Contract Tower,0,8,4,9,21,0,23,50,11,84,0,31,54,20,105,86,2,88,193
10/11/2019,GYH,SC,ASO,ES,Federal Contract Tower,0,14,3,1,18,0,19,38,9,66,0,33,41,10,84,66,10,76,160
10/12/2019,GYH,SC,ASO,ES,Federal Contract Tower,0,5,1,0,6,0,14,57,2,73,0,19,58,2,79,102,0,102,181
10/13/2019,GYH,SC,ASO,ES,Federal Contract Tower,0,5,1,4,10,0,2,0,0,2,0,7,1,4,12,0,8,8,20
10/14/2019,GYH,SC,ASO,ES,Federal Contract Tower,0,7,3,0,10,0,24,65,0,89,0,31,68,0,99,94,0,94,193
10/15/2019,GYH,SC,ASO,ES,Federal Contract Tower,0,8,3,7,18,0,15,44,19,78,0,23,47,26,96,72,16,88,184
10/16/2019,GYH,SC,ASO,ES,Federal Contract Tower,0,9,7,6,22,0,40,30,19,89,0,49,37,25,111,38,18,56,167
10/17/2019,GYH,SC,ASO,ES,Federal Contract Tower,0,21,1,2,24,0,16,73,27,116,0,37,74,29,140,112,8,120,260
10/18/2019,GYH,SC,ASO,ES,Federal Contract Tower,0,13,7,0,20,0,4,43,2,49,0,17,50,2,69,86,0,86,155
10/19/2019,GYH,SC,ASO,ES,Federal Contract Tower,0,7,0,0,7,0,0,12,0,12,0,7,12,0,19,14,0,14,33
10/20/2019,GYH,SC,ASO,ES,Federal Contract Tower,0,3,3,0,6,0,18,31,0,49,0,21,34,0,55,78,0,78,133
10/21/2019,GYH,SC,ASO,ES,Federal Contract Tower,0,5,4,1,10,0,6,0,1,7,0,11,4,2,17,0,0,0,17
10/22/2019,GYH,SC,ASO,ES,Federal Contract Tower,0,8,0,10,18,0,17,14,26,57,0,25,14,36,75,20,20,40,115
10/23/2019,GYH,SC,ASO,ES,Federal Contract Tower,0,11,4,3,18,0,18,43,29,90,0,29,47,32,108,78,20,98,206
10/24/2019,GYH,SC,ASO,ES,Federal Contract Tower,0,11,6,1,18,0,11,57,28,96,0,22,63,29,114,68,20,88,202
10/25/2019,GYH,SC,ASO,ES,Federal Contract Tower,0,9,5,5,19,0,9,53,0,62,0,18,58,5,81,98,0,98,179
10/26/2019,GYH,SC,ASO,ES,Federal Contract Tower,0,3,4,2,9,0,6,3,0,9,0,9,7,2,18,2,0,2,20
10/27/2019,GYH,SC,ASO,ES,Federal Contract Tower,0,8,3,0,11,0,8,29,1,38,0,16,32,1,49,32,0,32,81
10/28/2019,GYH,SC,ASO,ES,Federal Contract Tower,0,10,5,4,19,0,16,48,3,67,0,26,53,7,86,62,0,62,148
10/29/2019,GYH,SC,ASO,ES,Federal Contract Tower,0,17,2,10,29,0,8,18,21,47,0,25,20,31,76,16,0,16,92
10/30/2019,GYH,SC,ASO,ES,Federal Contract Tower,0,10,0,4,14,0,0,0,0,0,0,10,0,4,14,0,0,0,14
10/31/2019,GYH,SC,ASO,ES,Federal Contract Tower,0,13,0,0,13,0,2,0,0,2,0,15,0,0,15,0,0,0,15
11/01/2019,GYH,SC,ASO,ES,Federal Contract Tower,0,12,3,5,20,0,34,53,17,104,0,46,56,22,124,74,4,78,202
11/02/2019,GYH,SC,ASO,ES,Federal Contract Tower,0,2,3,0,5,0,13,42,9,64,0,15,45,9,69,64,4,68,137
11/03/2019,GYH,SC,ASO,ES,Federal Contract Tower,0,8,4,4,16,0,1,44,2,47,0,9,48,6,63,44,0,44,107
11/04/2019,GYH,SC,ASO,ES,Federal Contract Tower,0,9,1,0,10,0,41,21,8,70,0,50,22,8,80,38,8,46,126
11/05/2019,GYH,SC,ASO,ES,Federal Contract Tower,0,4,2,1,7,0,60,25,12,97,0,64,27,13,104,58,4,62,166
11/06/2019,GYH,SC,ASO,ES,Federal Contract Tower,0,13,5,2,20,0,10,67,5,82,0,23,72,7,102,94,0,94,196
11/07/2019,GYH,SC,ASO,ES,Federal Contract Tower,0,16,1,1,18,0,6,31,60,97,0,22,32,61,115,40,22,62,177
11/08/2019,GYH,SC,ASO,ES,Federal Contract Tower,0,12,6,0,18,0,8,21,7,36,0,20,27,7,54,20,8,28,82
11/09/2019,GYH,SC,ASO,ES,Federal Contract Tower,0,3,0,0,3,0,6,47,0,53,0,9,47,0,56,48,0,48,104
11/10/2019,GYH,SC,ASO,ES,Federal Contract Tower,0,3,1,0,4,0,12,31,0,43,0,15,32,0,47,60,0,60,107
11/11/2019,GYH,SC,ASO,ES,Federal Contract Tower,0,7,1,0,8,0,46,47,0,93,0,53,48,0,101,84,0,84,185
11/12/2019,GYH,SC,ASO,ES,Federal Contract Tower,0,15,0,3,18,0,4,4,24,32,0,19,4,27,50,4,36,40,90
11/13/2019,GYH,SC,ASO,ES,Federal Contract Tower,0,10,2,2,14,0,16,33,19,68,0,26,35,21,82,50,2,52,134
11/14/2019,GYH,SC,ASO,ES,Federal Contract Tower,0,15,2,1,18,0,4,27,11,42,0,19,29,12,60,34,0,34,94
11/15/2019,GYH,SC,ASO,ES,Federal Contract Tower,0,11,3,3,17,0,0,13,11,24,0,11,16,14,41,18,24,42,83
11/16/2019,GYH,SC,ASO,ES,Federal Contract Tower,0,5,4,0,9,0,12,13,0,25,0,17,17,0,34,8,0,8,42
11/17/2019,GYH,SC,ASO,ES,Federal Contract Tower,0,5,3,1,9,0,11,18,0,29,0,16,21,1,38,16,0,16,54
11/18/2019,GYH,SC,ASO,ES,Federal Contract Tower,0,6,9,0,15,0,0,24,0,24,0,6,33,0,39,44,0,44,83
11/19/2019,GYH,SC,ASO,ES,Federal Contract Tower,0,6,0,2,8,0,21,38,27,86,0,27,38,29,94,68,20,88,182
11/20/2019,GYH,SC,ASO,ES,Federal Contract Tower,0,11,12,2,25,0,12,35,11,58,0,23,47,13,83,90,0,90,173
11/21/2019,GYH,SC,ASO,ES,Federal Contract Tower,0,10,10,4,24,0,0,78,18,96,0,10,88,22,120,136,0,136,256
11/22/2019,GYH,SC,ASO,ES,Federal Contract Tower,0,12,1,0,13,0,23,41,8,72,0,35,42,8,85,48,0,48,133
11/23/2019,GYH,SC,ASO,ES,Federal Contract Tower,0,6,0,0,6,0,0,0,0,0,0,6,0,0,6,0,0,0,6
11/24/2019,GYH,SC,ASO,ES,Federal Contract Tower,0,7,0,2,9,0,8,37,1,46,0,15,37,3,55,70,0,70,125
11/25/2019,GYH,SC,ASO,ES,Federal Contract Tower,0,2,3,0,5,0,30,29,8,67,0,32,32,8,72,34,0,34,106
11/26/2019,GYH,SC,ASO,ES,Federal Contract Tower,0,8,6,1,15,0,24,49,20,93,0,32,55,21,108,80,10,90,198
11/27/2019,GYH,SC,ASO,ES,Federal Contract Tower,0,8,4,1,13,0,12,2,0,14,0,20,6,1,27,0,0,0,27
11/28/2019,GYH,SC,ASO,ES,Federal Contract Tower,0,1,4,0,5,0,20,1,0,21,0,21,5,0,26,0,0,0,26
11/29/2019,GYH,SC,ASO,ES,Federal Contract Tower,0,1,3,0,4,0,18,24,0,42,0,19,27,0,46,26,0,26,72
11/30/2019,GYH,SC,ASO,ES,Federal Contract Tower,0,2,2,0,4,0,0,23,0,23,0,2,25,0,27,20,0,20,47
12/01/2019,GYH,SC,ASO,ES,Federal Contract Tower,0,8,2,0,10,0,8,6,0,14,0,16,8,0,24,8,0,8,32
12/02/2019,GYH,SC,ASO,ES,Federal Contract Tower,0,12,3,1,16,0,30,10,0,40,0,42,13,1,56,12,0,12,68
12/03/2019,GYH,SC,ASO,ES,Federal Contract Tower,0,9,2,3,14,0,7,32,22,61,0,16,34,25,75,42,18,60,135
12/04/2019,GYH,SC,ASO,ES,Federal Contract Tower,0,10,5,4,19,0,9,31,26,66,0,19,36,30,85,38,16,54,139
12/05/2019,GYH,SC,ASO,ES,Federal Contract Tower,0,15,5,0,20,0,3,59,16,78,0,18,64,16,98,90,6,96,194
12/06/2019,GYH,SC,ASO,ES,Federal Contract Tower,0,7,0,0,7,0,16,45,8,69,0,23,45,8,76,58,0,58,134
12/07/2019,GYH,SC,ASO,ES,Federal Contract Tower,0,9,4,0,13,0,13,46,6,65,0,22,50,6,78,32,2,34,112
12/08/2019,GYH,SC,ASO,ES,Federal Contract Tower,0,2,3,0,5,0,23,24,0,47,0,25,27,0,52,42,0,42,94
12/09/2019,GYH,SC,ASO,ES,Federal Contract Tower,0,8,0,8,16,0,0,1,0,1,0,8,1,8,17,0,0,0,17
12/10/2019,GYH,SC,ASO,ES,Federal Contract Tower,0,13,7,6,26,0,0,0,3,3,0,13,7,9,29,0,2,2,31
12/11/2019,GYH,SC,ASO,ES,Federal Contract Tower,0,13,4,7,24,0,16,34,14,64,0,29,38,21,88,42,6,48,136
12/12/2019,GYH,SC,ASO,ES,Federal Contract Tower,0,20,4,2,26,0,12,47,15,74,0,32,51,17,100,66,8,74,174
12/13/2019,GYH,SC,ASO,ES,Federal Contract Tower,0,10,0,0,10,0,0,0,0,0,0,10,0,0,10,0,0,0,10
12/14/2019,GYH,SC,ASO,ES,Federal Contract Tower,0,3,2,0,5,0,10,14,0,24,0,13,16,0,29,22,0,22,51
12/15/2019,GYH,SC,ASO,ES,Federal Contract Tower,0,4,4,0,8,0,16,43,0,59,0,20,47,0,67,74,0,74,141
12/16/2019,GYH,SC,ASO,ES,Federal Contract Tower,0,11,0,1,12,0,18,18,2,38,0,29,18,3,50,28,0,28,78
12/17/2019,GYH,SC,ASO,ES,Federal Contract Tower,0,8,0,5,13,0,4,0,10,14,0,12,0,15,27,0,2,2,29
12/18/2019,GYH,SC,ASO,ES,Federal Contract Tower,0,5,2,2,9,0,8,40,21,69,0,13,42,23,78,70,2,72,150
12/19/2019,GYH,SC,ASO,ES,Federal Contract Tower,0,14,1,0,15,0,22,33,26,81,0,36,34,26,96,62,4,66,162
12/20/2019,GYH,SC,ASO,ES,Federal Contract Tower,0,13,1,0,14,0,28,28,7,63,0,41,29,7,77,24,2,26,103
12/21/2019,GYH,SC,ASO,ES,Federal Contract Tower,0,4,6,1,11,0,4,21,1,26,0,8,27,2,37,16,2,18,55
12/22/2019,GYH,SC,ASO,ES,Federal Contract Tower,0,3,0,0,3,0,10,8,0,18,0,13,8,0,21,12,0,12,33
12/23/2019,GYH,SC,ASO,ES,Federal Contract Tower,0,7,1,0,8,0,0,0,0,0,0,7,1,0,8,0,0,0,8
12/24/2019,GYH,SC,ASO,ES,Federal Contract Tower,0,2,2,0,4,0,18,16,0,34,0,20,18,0,38,8,0,8,46
12/25/2019,GYH,SC,ASO,ES,Federal Contract Tower,0,2,1,0,3,0,8,20,0,28,0,10,21,0,31,16,0,16,47
12/26/2019,GYH,SC,ASO,ES,Federal Contract Tower,0,1,2,0,3,0,30,37,0,67,0,31,39,0,70,42,0,42,112
12/27/2019,GYH,SC,ASO,ES,Federal Contract Tower,0,8,9,0,17,0,18,42,0,60,0,26,51,0,77,64,0,64,141
12/28/2019,GYH,SC,ASO,ES,Federal Contract Tower,0,5,5,0,10,0,26,18,0,44,0,31,23,0,54,6,0,6,60
12/29/2019,GYH,SC,ASO,ES,Federal Contract Tower,0,4,2,0,6,0,0,0,0,0,0,4,2,0,6,0,0,0,6
12/30/2019,GYH,SC,ASO,ES,Federal Contract Tower,0,5,3,0,8,0,34,19,0,53,0,39,22,0,61,26,0,26,87
12/31/2019,GYH,SC,ASO,ES,Federal Contract Tower,0,8,0,0,8,0,5,28,0,33,0,13,28,0,41,34,0,34,75
01/01/2020,GYH,SC,ASO,ES,Federal Contract Tower,0,2,0,0,2,0,14,42,0,56,0,16,42,0,58,38,0,38,96
01/02/2020,GYH,SC,ASO,ES,Federal Contract Tower,0,5,0,3,8,0,2,14,4,20,0,7,14,7,28,14,0,14,42
01/03/2020,GYH,SC,ASO,ES,Federal Contract Tower,0,8,2,0,10,0,0,0,0,0,0,8,2,0,10,0,0,0,10
01/04/2020,GYH,SC,ASO,ES,Federal Contract Tower,0,2,0,0,2,0,6,1,0,7,0,8,1,0,9,0,0,0,9
01/05/2020,GYH,SC,ASO,ES,Federal Contract Tower,0,5,0,0,5,0,18,23,0,41,0,23,23,0,46,26,0,26,72
01/06/2020,GYH,SC,ASO,ES,Federal Contract Tower,0,7,0,0,7,0,12,36,16,64,0,19,36,16,71,50,20,70,141
01/07/2020,GYH,SC,ASO,ES,Federal Contract Tower,0,9,0,1,10,0,12,14,17,43,0,21,14,18,53,22,16,38,91
01/08/2020,GYH,SC,ASO,ES,Federal Contract Tower,0,6,6,4,16,0,22,54,22,98,0,28,60,26,114,84,4,88,202
01/09/2020,GYH,SC,ASO,ES,Federal Contract Tower,0,8,2,1,11,0,4,29,10,43,0,12,31,11,54,30,8,38,92
01/10/2020,GYH,SC,ASO,ES,Federal Contract Tower,0,6,6,3,15,0,17,17,10,44,0,23,23,13,59,26,2,28,87
01/11/2020,GYH,SC,ASO,ES,Federal Contract Tower,0,1,1,2,4,0,0,0,0,0,0,1,1,2,4,0,0,0,4
01/12/2020,GYH,SC,ASO,ES,Federal Contract Tower,0,8,1,3,12,0,4,25,6,35,0,12,26,9,47,24,6,30,77
01/13/2020,GYH,SC,ASO,ES,Federal Contract Tower,0,9,4,3,16,0,6,0,5,11,0,15,4,8,27,0,8,8,35
01/14/2020,GYH,SC,ASO,ES,Federal Contract Tower,0,25,1,15,41,0,1,0,13,14,0,26,1,28,55,0,8,8,63
01/15/2020,GYH,SC,ASO,ES,Federal Contract Tower,0,11,1,9,21,0,12,23,38,73,0,23,24,47,94,36,0,36,130
01/16/2020,GYH,SC,ASO,ES,Federal Contract Tower,0,9,6,4,19,0,28,23,34,85,0,37,29,38,104,10,4,14,118
01/17/2020,GYH,SC,ASO,ES,Federal Contract Tower,0,7,11,3,21,0,16,49,4,69,0,23,60,7,90,78,4,82,172
01/18/2020,GYH,SC,ASO,ES,Federal Contract Tower,0,5,0,0,5,0,0,8,0,8,0,5,8,0,13,8,0,8,21
01/19/2020,GYH,SC,ASO,ES,Federal Contract Tower,0,5,0,5,10,0,17,32,0,49,0,22,32,5,59,56,0,56,115
01/20/2020,GYH,SC,ASO,ES,Federal Contract Tower,0,5,2,0,7,0,9,47,0,56,0,14,49,0,63,80,0,80,143
01/21/2020,GYH,SC,ASO,ES,Federal Contract Tower,0,4,5,5,14,0,14,30,16,60,0,18,35,21,74,26,0,26,100
01/22/2020,GYH,SC,ASO,ES,Federal Contract Tower,0,7,8,1,16,0,10,51,8,69,0,17,59,9,85,52,0,52,137
01/23/2020,GYH,SC,ASO,ES,Federal Contract Tower,0,4,5,4,13,0,1,45,20,66,0,5,50,24,79,66,2,68,147
01/24/2020,GYH,SC,ASO,ES,Federal Contract Tower,0,2,1,2,5,0,0,0,0,0,0,2,1,2,5,0,0,0,5
01/25/2020,GYH,SC,ASO,ES,Federal Contract Tower,0,4,1,0,5,0,10,58,2,70,0,14,59,2,75,76,0,76,151
01/26/2020,GYH,SC,ASO,ES,Federal Contract Tower,0,1,4,0,5,0,8,53,0,61,0,9,57,0,66,70,0,70,136
01/27/2020,GYH,SC,ASO,ES,Federal Contract Tower,0,7,0,3,10,0,12,35,2,49,0,19,35,5,59,52,0,52,111
01/28/2020,GYH,SC,ASO,ES,Federal Contract Tower,0,16,6,4,26,0,11,64,21,96,0,27,70,25,122,66,2,68,190
01/29/2020,GYH,SC,ASO,ES,Federal Contract Tower,0,14,1,2,17,0,8,58,43,109,0,22,59,45,126,110,2,112,238
01/30/2020,GYH,SC,ASO,ES,Federal Contract Tower,0,19,1,2,22,0,18,72,21,111,0,37,73,23,133,78,0,78,211
01/31/2020,GYH,SC,ASO,ES,Federal Contract Tower,0,7,0,1,8,0,2,0,2,4,0,9,0,3,12,0,0,0,12
02/01/2020,GYH,SC,ASO,ES,Federal Contract Tower,0,3,2,0,5,0,16,50,0,66,0,19,52,0,71,76,0,76,147
02/02/2020,GYH,SC,ASO,ES,Federal Contract Tower,0,5,2,2,9,0,8,41,0,49,0,13,43,2,58,66,0,66,124
02/03/2020,GYH,SC,ASO,ES,Federal Contract Tower,0,6,7,1,14,0,4,25,0,29,0,10,32,1,43,32,0,32,75
02/04/2020,GYH,SC,ASO,ES,Federal Contract Tower,0,11,0,7,18,0,11,32,29,72,0,22,32,36,90,44,16,60,150
02/05/2020,GYH,SC,ASO,ES,Federal Contract Tower,0,10,0,0,10,0,0,0,0,0,0,10,0,0,10,0,0,0,10
02/06/2020,GYH,SC,ASO,ES,Federal Contract Tower,0,1,0,0,1,0,0,0,0,0,0,1,0,0,1,0,0,0,1
02/07/2020,GYH,SC,ASO,ES,Federal Contract Tower,0,11,2,2,15,0,14,3,16,33,0,25,5,18,48,0,0,0,48
02/08/2020,GYH,SC,ASO,ES,Federal Contract Tower,0,1,3,1,5,0,2,0,0,2,0,3,3,1,7,0,0,0,7
02/09/2020,GYH,SC,ASO,ES,Federal Contract Tower,0,2,1,2,5,0,0,11,2,13,0,2,12,4,18,14,0,14,32
02/10/2020,GYH,SC,ASO,ES,Federal Contract Tower,0,3,1,2,6,0,2,8,0,10,0,5,9,2,16,12,0,12,28
02/11/2020,GYH,SC,ASO,ES,Federal Contract Tower,0,9,1,3,13,0,2,0,8,10,0,11,1,11,23,0,0,0,23
02/12/2020,GYH,SC,ASO,ES,Federal Contract Tower,0,13,5,5,23,0,4,0,45,49,0,17,5,50,72,0,18,18,90
02/13/2020,GYH,SC,ASO,ES,Federal Contract Tower,0,4,0,3,7,0,2,4,31,37,0,6,4,34,44,4,20,24,68
02/14/2020,GYH,SC,ASO,ES,Federal Contract Tower,0,6,6,1,13,0,14,44,11,69,0,20,50,12,82,78,6,84,166
02/15/2020,GYH,SC,ASO,ES,Federal Contract Tower,0,3,1,0,4,0,13,38,0,51,0,16,39,0,55,78,0,78,133
02/16/2020,GYH,SC,ASO,ES,Federal Contract Tower,0,2,3,0,5,0,12,23,0,35,0,14,26,0,40,36,0,36,76
02/17/2020,GYH,SC,ASO,ES,Federal Contract Tower,0,16,4,0,20,0,7,65,0,72,0,23,69,0,92,78,0,78,170
02/18/2020,GYH,SC,ASO,ES,Federal Contract Tower,0,9,0,3,12,0,0,0,0,0,0,9,0,3,12,0,0,0,12
02/19/2020,GYH,SC,ASO,ES,Federal Contract Tower,0,6,4,1,11,0,4,10,8,22,0,10,14,9,33,14,0,14,47
02/20/2020,GYH,SC,ASO,ES,Federal Contract Tower,0,6,0,0,6,0,0,6,7,13,0,6,6,7,19,4,4,8,27
02/21/2020,GYH,SC,ASO,ES,Federal Contract Tower,0,19,0,3,22,0,20,39,14,73,0,39,39,17,95,72,0,72,167
02/22/2020,GYH,SC,ASO,ES,Federal Contract Tower,0,7,3,0,10,0,20,74,1,95,0,27,77,1,105,100,0,100,205
02/23/2020,GYH,SC,ASO,ES,Federal Contract Tower,0,1,1,0,2,0,16,35,2,53,0,17,36,2,55,36,0,36,91
02/24/2020,GYH,SC,ASO,ES,Federal Contract Tower,0,5,2,2,9,0,4,19,16,39,0,9,21,18,48,14,10,24,72
02/25/2020,GYH,SC,ASO,ES,Federal Contract Tower,0,6,1,11,18,0,9,33,16,58,0,15,34,27,76,40,30,70,146
02/26/2020,GYH,SC,ASO,ES,Federal Contract Tower,0,12,1,1,14,0,7,19,47,73,0,19,20,48,87,10,4,14,101
02/27/2020,GYH,SC,ASO,ES,Federal Contract Tower,0,5,2,2,9,0,13,53,10,76,0,18,55,12,85,98,2,100,185
02/28/2020,GYH,SC,ASO,ES,Federal Contract Tower,0,3,1,0,4,0,46,31,12,89,0,49,32,12,93,40,12,52,145
02/29/2020,GYH,SC,ASO,ES,Federal Contract Tower,0,6,3,2,11,0,16,34,8,58,0,22,37,10,69,36,0,36,105
03/01/2020,GYH,SC,ASO,ES,Federal Contract Tower,0,8,3,0,11,0,9,73,1,83,0,17,76,1,94,112,0,112,206
03/02/2020,GYH,SC,ASO,ES,Federal Contract Tower,0,6,1,2,9,0,19,32,0,51,0,25,33,2,60,58,0,58,118
03/03/2020,GYH,SC,ASO,ES,Federal Contract Tower,0,5,0,0,5,0,18,0,2,20,0,23,0,2,25,24,0,24,49
03/04/2020,GYH,SC,ASO,ES,Federal Contract Tower,0,24,1,2,27,0,37,18,20,75,0,61,19,22,102,16,0,16,118
03/05/2020,GYH,SC,ASO,ES,Federal Contract Tower,0,9,0,3,12,0,0,0,0,0,0,9,0,3,12,0,0,0,12
03/06/2020,GYH,SC,ASO,ES,Federal Contract Tower,0,7,1,4,12,0,19,15,16,50,0,26,16,20,62,8,6,14,76
03/07/2020,GYH,SC,ASO,ES,Federal Contract Tower,0,3,0,0,3,0,16,39,0,55,0,19,39,0,58,46,0,46,104
03/08/2020,GYH,SC,ASO,ES,Federal Contract Tower,0,4,3,0,7,0,0,62,0,62,0,4,65,0,69,82,0,82,151
03/09/2020,GYH,SC,ASO,ES,Federal Contract Tower,0,2,2,0,4,0,9,52,4,65,0,11,54,4,69,48,4,52,121
03/10/2020,GYH,SC,ASO,ES,Federal Contract Tower,0,3,0,2,5,0,6,21,25,52,0,9,21,27,57,24,32,56,113
03/11/2020,GYH,SC,ASO,ES,Federal Contract Tower,0,9,3,3,15,0,2,42,25,69,0,11,45,28,84,40,0,40,124
03/12/2020,GYH,SC,ASO,ES,Federal Contract Tower,0,12,2,1,15,0,14,59,27,100,0,26,61,28,115,88,0,88,203
03/13/2020,GYH,SC,ASO,ES,Federal Contract Tower,0,12,5,1,18,0,30,33,12,75,0,42,38,13,93,34,2,36,129
03/14/2020,GYH,SC,ASO,ES,Federal Contract Tower,0,6,3,0,9,0,14,99,8,121,0,20,102,8,130,98,0,98,228
03/15/2020,GYH,SC,ASO,ES,Federal Contract Tower,0,5,1,0,6,0,2,13,0,15,0,7,14,0,21,24,0,24,45
03/16/2020,GYH,SC,ASO,ES,Federal Contract Tower,0,13,3,0,16,0,12,6,0,18,0,25,9,0,34,10,0,10,44
03/17/2020,GYH,SC,ASO,ES,Federal Contract Tower,0,9,2,28,39,0,2,9,25,36,0,11,11,53,75,16,20,36,111
03/18/2020,GYH,SC,ASO,ES,Federal Contract Tower,0,11,3,5,19,0,0,0,0,0,0,11,3,5,19,0,0,0,19
03/19/2020,GYH,SC,ASO,ES,Federal Contract Tower,0,9,3,3,15,0,2,39,8,49,0,11,42,11,64,36,0,36,100
03/20/2020,GYH,SC,ASO,ES,Federal Contract Tower,0,5,1,0,6,0,23,40,11,74,0,28,41,11,80,68,0,68,148
03/21/2020,GYH,SC,ASO,ES,Federal Contract Tower,0,7,0,0,7,0,6,45,0,51,0,13,45,0,58,60,0,60,118
03/22/2020,GYH,SC,ASO,ES,Federal Contract Tower,0,1,0,0,1,0,12,6,6,24,0,13,6,6,25,16,0,16,41
03/23/2020,GYH,SC,ASO,ES,Federal Contract Tower,0,4,2,0,6,0,0,0,0,0,0,4,2,0,6,0,0,0,6
03/24/2020,GYH,SC,ASO,ES,Federal Contract Tower,0,2,0,0,2,0,0,0,0,0,0,2,0,0,2,0,0,0,2
03/25/2020,GYH,SC,ASO,ES,Federal Contract Tower,0,20,3,2,25,0,30,22,25,77,0,50,25,27,102,32,8,40,142
03/26/2020,GYH,SC,ASO,ES,Federal Contract Tower,0,5,5,3,13,0,8,54,25,87,0,13,59,28,100,82,6,88,188
03/27/2020,GYH,SC,ASO,ES,Federal Contract Tower,0,12,2,1,15,0,16,35,2,53,0,28,37,3,68,24,0,24,92
03/28/2020,GYH,SC,ASO,ES,Federal Contract Tower,0,0,0,0,0,0,12,46,0,58,0,12,46,0,58,36,0,36,94
03/29/2020,GYH,SC,ASO,ES,Federal Contract Tower,0,0,0,0,0,0,8,4,0,12,0,8,4,0,12,6,0,6,18
03/30/2020,GYH,SC,ASO,ES,Federal Contract Tower,0,6,3,0,9,0,17,57,2,76,0,23,60,2,85,98,0,98,183
03/31/2020,GYH,SC,ASO,ES,Federal Contract Tower,0,2,0,2,4,0,4,5,6,15,0,6,5,8,19,0,2,2,21
04/01/2020,GYH,SC,ASO,ES,Federal Contract Tower,0,1,2,1,4,0,14,69,16,99,0,15,71,17,103,86,0,86,189
04/02/2020,GYH,SC,ASO,ES,Federal Contract Tower,0,4,1,0,5,0,26,47,24,97,0,30,48,24,102,54,0,54,156
04/03/2020,GYH,SC,ASO,ES,Federal Contract Tower,0,2,2,0,4,0,18,58,4,80,0,20,60,4,84,116,4,120,204
04/04/2020,GYH,SC,ASO,ES,Federal Contract Tower,0,4,0,0,4,0,2,61,0,63,0,6,61,0,67,68,0,68,135
04/05/2020,GYH,SC,ASO,ES,Federal Contract Tower,0,0,0,0,0,0,6,25,0,31,0,6,25,0,31,38,0,38,69
04/06/2020,GYH,SC,ASO,ES,Federal Contract Tower,0,0,3,2,5,0,10,24,3,37,0,10,27,5,42,26,0,26,68
04/07/2020,GYH,SC,ASO,ES,Federal Contract Tower,0,6,0,2,8,0,12,13,45,70,0,18,13,47,78,12,18,30,108
04/08/2020,GYH,SC,ASO,ES,Federal Contract Tower,0,1,5,3,9,0,7,24,17,48,0,8,29,20,57,30,0,30,87
04/09/2020,GYH,SC,ASO,ES,Federal Contract Tower,0,1,3,6,10,0,4,9,35,48,0,5,12,41,58,8,22,30,88
04/10/2020,GYH,SC,ASO,ES,Federal Contract Tower,0,4,0,0,4,0,0,6,3,9,0,4,6,3,13,12,0,12,25
04/11/2020,GYH,SC,ASO,ES,Federal Contract Tower,0,1,0,0,1,0,4,41,0,45,0,5,41,0,46,94,0,94,140
04/12/2020,GYH,SC,ASO,ES,Federal Contract Tower,0,0,0,0,0,0,0,0,0,0,0,0,0,0,0,0,0,0,0
04/13/2020,GYH,SC,ASO,ES,Federal Contract Tower,0,1,0,0,1,0,16,9,6,31,0,17,9,6,32,6,0,6,38
04/14/2020,GYH,SC,ASO,ES,Federal Contract Tower,0,5,3,0,8,0,3,39,24,66,0,8,42,24,74,56,24,80,154
04/15/2020,GYH,SC,ASO,ES,Federal Contract Tower,0,3,9,0,12,0,4,30,34,68,0,7,39,34,80,36,2,38,118
04/16/2020,GYH,SC,ASO,ES,Federal Contract Tower,0,3,3,0,6,0,15,45,55,115,0,18,48,55,121,82,6,88,209
04/17/2020,GYH,SC,ASO,ES,Federal Contract Tower,0,12,2,2,16,0,30,43,2,75,0,42,45,4,91,66,0,66,157
04/18/2020,GYH,SC,ASO,ES,Federal Contract Tower,0,1,4,0,5,0,10,34,0,44,0,11,38,0,49,50,0,50,99
04/19/2020,GYH,SC,ASO,ES,Federal Contract Tower,0,0,6,0,6,0,16,32,2,50,0,16,38,2,56,54,0,54,110
04/20/2020,GYH,SC,ASO,ES,Federal Contract Tower,0,14,2,0,16,0,5,28,3,36,0,19,30,3,52,42,0,42,94
04/21/2020,GYH,SC,ASO,ES,Federal Contract Tower,0,4,2,1,7,0,28,46,38,112,0,32,48,39,119,72,24,96,215
04/22/2020,GYH,SC,ASO,ES,Federal Contract Tower,0,10,8,0,18,0,16,33,34,83,0,26,41,34,101,38,0,38,139
04/23/2020,GYH,SC,ASO,ES,Federal Contract Tower,0,2,0,0,2,0,0,0,0,0,0,2,0,0,2,0,0,0,2
04/24/2020,GYH,SC,ASO,ES,Federal Contract Tower,0,6,4,0,10,0,15,50,17,82,0,21,54,17,92,104,10,114,206
04/25/2020,GYH,SC,ASO,ES,Federal Contract Tower,0,3,2,0,5,0,5,48,0,53,0,8,50,0,58,54,0,54,112
04/26/2020,GYH,SC,ASO,ES,Federal Contract Tower,0,0,0,4,4,0,16,15,6,37,0,16,15,10,41,34,0,34,75
04/27/2020,GYH,SC,ASO,ES,Federal Contract Tower,0,8,8,0,16,0,11,29,0,40,0,19,37,0,56,30,0,30,86
04/28/2020,GYH,SC,ASO,ES,Federal Contract Tower,0,10,5,0,15,0,14,67,25,106,0,24,72,25,121,116,10,126,247
04/29/2020,GYH,SC,ASO,ES,Federal Contract Tower,0,3,2,0,5,0,16,12,16,44,0,19,14,16,49,14,2,16,65
04/30/2020,GYH,SC,ASO,ES,Federal Contract Tower,0,10,4,4,18,0,9,33,32,74,0,19,37,36,92,60,2,62,154
05/01/2020,GYH,SC,ASO,ES,Federal Contract Tower,0,8,0,1,9,0,22,63,4,89,0,30,63,5,98,114,4,118,216
05/02/2020,GYH,SC,ASO,ES,Federal Contract Tower,0,2,2,0,4,0,10,74,0,84,0,12,76,0,88,116,0,116,204
05/03/2020,GYH,SC,ASO,ES,Federal Contract Tower,0,2,3,0,5,0,6,38,0,44,0,8,41,0,49,74,0,74,123
05/04/2020,GYH,SC,ASO,ES,Federal Contract Tower,0,5,0,3,8,0,11,50,2,63,0,16,50,5,71,72,0,72,143
05/05/2020,GYH,SC,ASO,ES,Federal Contract Tower,0,7,5,2,14,0,12,38,8,58,0,19,43,10,72,78,0,78,150
05/06/2020,GYH,SC,ASO,ES,Federal Contract Tower,0,6,0,3,9,0,10,23,47,80,0,16,23,50,89,34,2,36,125
05/07/2020,GYH,SC,ASO,ES,Federal Contract Tower,0,13,0,1,14,0,36,60,22,118,0,49,60,23,132,74,16,90,222
05/08/2020,GYH,SC,ASO,ES,Federal Contract Tower,0,6,0,0,6,0,22,9,1,32,0,28,9,1,38,22,0,22,60
05/09/2020,GYH,SC,ASO,ES,Federal Contract Tower,0,6,0,0,6,0,10,38,0,48,0,16,38,0,54,68,0,68,122
05/10/2020,GYH,SC,ASO,ES,Federal Contract Tower,0,2,0,0,2,0,6,23,0,29,0,8,23,0,31,32,0,32,63
05/11/2020,GYH,SC,ASO,ES,Federal Contract Tower,0,3,0,0,3,0,12,23,6,41,0,15,23,6,44,40,6,46,90
05/12/2020,GYH,SC,ASO,ES,Federal Contract Tower,0,8,0,7,15,0,22,56,10,88,0,30,56,17,103,94,0,94,197
05/13/2020,GYH,SC,ASO,ES,Federal Contract Tower,0,2,2,3,7,0,11,59,7,77,0,13,61,10,84,138,2,140,224
05/14/2020,GYH,SC,ASO,ES,Federal Contract Tower,0,8,10,1,19,0,21,47,25,93,0,29,57,26,112,56,18,74,186
05/15/2020,GYH,SC,ASO,ES,Federal Contract Tower,0,3,6,4,13,0,8,51,4,63,0,11,57,8,76,76,0,76,152
05/16/2020,GYH,SC,ASO,ES,Federal Contract Tower,0,1,1,0,2,0,12,65,0,77,0,13,66,0,79,88,0,88,167
05/17/2020,GYH,SC,ASO,ES,Federal Contract Tower,0,3,4,0,7,0,4,35,0,39,0,7,39,0,46,56,0,56,102
05/18/2020,GYH,SC,ASO,ES,Federal Contract Tower,0,2,5,0,7,0,1,0,0,1,0,3,5,0,8,0,0,0,8
05/19/2020,GYH,SC,ASO,ES,Federal Contract Tower,0,2,4,1,7,0,0,0,0,0,0,2,4,1,7,0,0,0,7
05/20/2020,GYH,SC,ASO,ES,Federal Contract Tower,0,5,0,0,5,0,0,0,0,0,0,5,0,0,5,0,0,0,5
05/21/2020,GYH,SC,ASO,ES,Federal Contract Tower,0,7,5,3,15,0,7,26,14,47,0,14,31,17,62,62,10,72,134
05/22/2020,GYH,SC,ASO,ES,Federal Contract Tower,0,10,2,3,15,0,6,60,10,76,0,16,62,13,91,82,6,88,179
05/23/2020,GYH,SC,ASO,ES,Federal Contract Tower,0,0,1,0,1,0,6,36,0,42,0,6,37,0,43,58,0,58,101
05/24/2020,GYH,SC,ASO,ES,Federal Contract Tower,0,3,1,0,4,0,6,41,0,47,0,9,42,0,51,60,0,60,111
05/25/2020,GYH,SC,ASO,ES,Federal Contract Tower,0,9,0,0,9,0,4,27,0,31,0,13,27,0,40,58,0,58,98
05/26/2020,GYH,SC,ASO,ES,Federal Contract Tower,0,5,8,3,16,0,15,22,14,51,0,20,30,17,67,50,8,58,125
05/27/2020,GYH,SC,ASO,ES,Federal Contract Tower,0,13,4,2,19,0,4,2,4,10,0,17,6,6,29,4,0,4,33
05/28/2020,GYH,SC,ASO,ES,Federal Contract Tower,0,8,6,4,18,0,0,36,4,40,0,8,42,8,58,34,0,34,92
05/29/2020,GYH,SC,ASO,ES,Federal Contract Tower,0,6,2,2,10,0,1,49,0,50,0,7,51,2,60,62,0,62,122
05/30/2020,GYH,SC,ASO,ES,Federal Contract Tower,0,3,2,0,5,0,26,38,0,64,0,29,40,0,69,98,0,98,167
05/31/2020,GYH,SC,ASO,ES,Federal Contract Tower,0,6,0,2,8,0,10,35,0,45,0,16,35,2,53,34,0,34,87
06/01/2020,GYH,SC,ASO,ES,Federal Contract Tower,0,7,3,0,10,0,0,80,0,80,0,7,83,0,90,130,0,130,220
06/02/2020,GYH,SC,ASO,ES,Federal Contract Tower,0,7,2,1,10,0,26,57,22,105,0,33,59,23,115,66,12,78,193
06/03/2020,GYH,SC,ASO,ES,Federal Contract Tower,0,5,0,0,5,0,17,52,19,88,0,22,52,19,93,92,10,102,195
06/04/2020,GYH,SC,ASO,ES,Federal Contract Tower,0,7,9,2,18,0,14,68,22,104,0,21,77,24,122,102,14,116,238
06/05/2020,GYH,SC,ASO,ES,Federal Contract Tower,0,2,5,4,11,0,10,25,1,36,0,12,30,5,47,32,0,32,79
06/06/2020,GYH,SC,ASO,ES,Federal Contract Tower,0,3,2,1,6,0,22,53,0,75,0,25,55,1,81,62,0,62,143
06/07/2020,GYH,SC,ASO,ES,Federal Contract Tower,0,11,0,3,14,0,23,34,0,57,0,34,34,3,71,70,0,70,141
06/08/2020,GYH,SC,ASO,ES,Federal Contract Tower,0,4,5,5,14,0,6,44,4,54,0,10,49,9,68,66,4,70,138
06/09/2020,GYH,SC,ASO,ES,Federal Contract Tower,0,3,1,1,5,0,14,19,17,50,0,17,20,18,55,22,22,44,99
06/10/2020,GYH,SC,ASO,ES,Federal Contract Tower,0,2,4,3,9,0,22,6,6,34,0,24,10,9,43,16,0,16,59
06/11/2020,GYH,SC,ASO,ES,Federal Contract Tower,0,6,2,0,8,0,27,62,18,107,0,33,64,18,115,70,0,70,185
06/12/2020,GYH,SC,ASO,ES,Federal Contract Tower,0,14,2,5,21,0,24,51,10,85,0,38,53,15,106,56,0,56,162
06/13/2020,GYH,SC,ASO,ES,Federal Contract Tower,0,1,4,1,6,0,28,34,0,62,0,29,38,1,68,62,0,62,130
06/14/2020,GYH,SC,ASO,ES,Federal Contract Tower,0,4,2,0,6,0,5,37,0,42,0,9,39,0,48,40,0,40,88
06/15/2020,GYH,SC,ASO,ES,Federal Contract Tower,0,7,4,0,11,0,2,30,0,32,0,9,34,0,43,46,0,46,89
06/16/2020,GYH,SC,ASO,ES,Federal Contract Tower,0,19,2,15,36,0,2,3,26,31,0,21,5,41,67,0,14,14,81
06/17/2020,GYH,SC,ASO,ES,Federal Contract Tower,0,13,1,2,16,0,4,50,27,81,0,17,51,29,97,66,20,86,183
06/18/2020,GYH,SC,ASO,ES,Federal Contract Tower,0,10,0,5,15,0,24,50,24,98,0,34,50,29,113,50,0,50,163
06/19/2020,GYH,SC,ASO,ES,Federal Contract Tower,0,5,6,4,15,0,19,22,19,60,0,24,28,23,75,38,6,44,119
06/20/2020,GYH,SC,ASO,ES,Federal Contract Tower,0,0,0,0,0,0,20,0,0,20,0,20,0,0,20,0,0,0,20
06/21/2020,GYH,SC,ASO,ES,Federal Contract Tower,0,4,0,1,5,0,5,13,5,23,0,9,13,6,28,12,8,20,48
06/22/2020,GYH,SC,ASO,ES,Federal Contract Tower,0,3,1,0,4,0,6,21,1,28,0,9,22,1,32,26,0,26,58
06/23/2020,GYH,SC,ASO,ES,Federal Contract Tower,0,5,1,0,6,0,12,4,9,25,0,17,5,9,31,0,2,2,33
06/24/2020,GYH,SC,ASO,ES,Federal Contract Tower,0,8,3,3,14,0,11,47,27,85,0,19,50,30,99,66,8,74,173
06/25/2020,GYH,SC,ASO,ES,Federal Contract Tower,0,8,1,6,15,0,20,37,17,74,0,28,38,23,89,48,12,60,149
06/26/2020,GYH,SC,ASO,ES,Federal Contract Tower,0,6,0,1,7,0,28,48,4,80,0,34,48,5,87,60,0,60,147
06/27/2020,GYH,SC,ASO,ES,Federal Contract Tower,0,5,0,1,6,0,4,23,2,29,0,9,23,3,35,40,0,40,75
06/28/2020,GYH,SC,ASO,ES,Federal Contract Tower,0,0,0,0,0,0,12,24,0,36,0,12,24,0,36,20,0,20,56
06/29/2020,GYH,SC,ASO,ES,Federal Contract Tower,0,8,7,1,16,0,6,35,5,46,0,14,42,6,62,48,0,48,110
06/30/2020,GYH,SC,ASO,ES,Federal Contract Tower,0,2,0,4,6,0,17,51,14,82,0,19,51,18,88,56,6,62,150
07/01/2020,GYH,SC,ASO,ES,Federal Contract Tower,0,8,3,5,16,0,11,23,19,53,0,19,26,24,69,44,2,46,115
07/02/2020,GYH,SC,ASO,ES,Federal Contract Tower,0,9,1,2,12,0,29,49,13,91,0,38,50,15,103,52,4,56,159
07/03/2020,GYH,SC,ASO,ES,Federal Contract Tower,0,8,2,0,10,0,16,28,0,44,0,24,30,0,54,40,0,40,94
07/04/2020,GYH,SC,ASO,ES,Federal Contract Tower,0,10,0,0,10,0,40,13,0,53,0,50,13,0,63,16,0,16,79
07/05/2020,GYH,SC,ASO,ES,Federal Contract Tower,0,3,0,0,3,0,12,15,0,27,0,15,15,0,30,18,0,18,48
07/06/2020,GYH,SC,ASO,ES,Federal Contract Tower,0,7,3,0,10,0,7,24,0,31,0,14,27,0,41,38,0,38,79
07/07/2020,GYH,SC,ASO,ES,Federal Contract Tower,0,5,1,0,6,0,10,1,2,13,0,15,2,2,19,0,0,0,19
07/08/2020,GYH,SC,ASO,ES,Federal Contract Tower,0,5,1,2,8,0,26,20,28,74,0,31,21,30,82,32,0,32,114
07/09/2020,GYH,SC,ASO,ES,Federal Contract Tower,0,8,3,5,16,0,15,32,4,51,0,23,35,9,67,28,0,28,95
07/10/2020,GYH,SC,ASO,ES,Federal Contract Tower,0,6,1,0,7,0,46,37,5,88,0,52,38,5,95,50,0,50,145
07/11/2020,GYH,SC,ASO,ES,Federal Contract Tower,0,4,4,1,9,0,4,41,3,48,0,8,45,4,57,28,0,28,85
07/12/2020,GYH,SC,ASO,ES,Federal Contract Tower,0,1,4,2,7,0,0,28,6,34,0,1,32,8,41,14,0,14,55
07/13/2020,GYH,SC,ASO,ES,Federal Contract Tower,0,9,0,6,15,0,22,27,1,50,0,31,27,7,65,8,0,8,73
07/14/2020,GYH,SC,ASO,ES,Federal Contract Tower,0,4,4,1,9,0,23,47,8,78,0,27,51,9,87,52,0,52,139
07/15/2020,GYH,SC,ASO,ES,Federal Contract Tower,0,11,0,2,13,0,42,30,6,78,0,53,30,8,91,50,0,50,141
07/16/2020,GYH,SC,ASO,ES,Federal Contract Tower,0,7,3,2,12,0,6,24,17,47,0,13,27,19,59,30,2,32,91
07/17/2020,GYH,SC,ASO,ES,Federal Contract Tower,0,8,2,3,13,0,30,41,1,72,0,38,43,4,85,58,2,60,145
07/18/2020,GYH,SC,ASO,ES,Federal Contract Tower,0,6,1,1,8,0,10,18,0,28,0,16,19,1,36,22,0,22,58
07/19/2020,GYH,SC,ASO,ES,Federal Contract Tower,0,4,1,0,5,0,5,31,0,36,0,9,32,0,41,50,0,50,91
07/20/2020,GYH,SC,ASO,ES,Federal Contract Tower,0,6,2,2,10,0,7,23,5,35,0,13,25,7,45,36,12,48,93
07/21/2020,GYH,SC,ASO,ES,Federal Contract Tower,0,6,0,5,11,0,7,30,27,64,0,13,30,32,75,32,20,52,127
07/22/2020,GYH,SC,ASO,ES,Federal Contract Tower,0,10,0,4,14,0,0,32,23,55,0,10,32,27,69,24,34,58,127
07/23/2020,GYH,SC,ASO,ES,Federal Contract Tower,0,7,0,7,14,0,8,26,8,42,0,15,26,15,56,16,2,18,74
07/24/2020,GYH,SC,ASO,ES,Federal Contract Tower,0,5,5,2,12,0,10,38,10,58,0,15,43,12,70,36,20,56,126
07/25/2020,GYH,SC,ASO,ES,Federal Contract Tower,0,4,1,0,5,0,8,38,0,46,0,12,39,0,51,56,0,56,107
07/26/2020,GYH,SC,ASO,ES,Federal Contract Tower,0,1,2,0,3,0,24,31,0,55,0,25,33,0,58,26,0,26,84
07/27/2020,GYH,SC,ASO,ES,Federal Contract Tower,0,3,3,0,6,0,2,29,0,31,0,5,32,0,37,32,0,32,69
07/28/2020,GYH,SC,ASO,ES,Federal Contract Tower,0,14,5,6,25,0,23,53,28,104,0,37,58,34,129,70,16,86,215
07/29/2020,GYH,SC,ASO,ES,Federal Contract Tower,0,6,0,1,7,0,10,39,20,69,0,16,39,21,76,48,0,48,124
07/30/2020,GYH,SC,ASO,ES,Federal Contract Tower,0,9,4,1,14,0,4,20,12,36,0,13,24,13,50,42,16,58,108
07/31/2020,GYH,SC,ASO,ES,Federal Contract Tower,0,5,5,4,14,0,23,41,12,76,0,28,46,16,90,44,8,52,142
08/01/2020,GYH,SC,ASO,ES,Federal Contract Tower,0,1,0,0,1,0,16,35,0,51,0,17,35,0,52,52,0,52,104
08/02/2020,GYH,SC,ASO,ES,Federal Contract Tower,0,6,1,0,7,0,12,27,0,39,0,18,28,0,46,26,0,26,72
08/03/2020,GYH,SC,ASO,ES,Federal Contract Tower,0,18,2,9,29,0,2,8,8,18,0,20,10,17,47,16,8,24,71
08/04/2020,GYH,SC,ASO,ES,Federal Contract Tower,0,0,0,3,3,0,10,0,12,22,0,10,0,15,25,0,2,2,27
08/05/2020,GYH,SC,ASO,ES,Federal Contract Tower,0,0,0,0,0,0,20,3,24,47,0,20,3,24,47,0,0,0,47
08/06/2020,GYH,SC,ASO,ES,Federal Contract Tower,0,16,2,5,23,0,5,18,16,39,0,21,20,21,62,42,0,42,104
08/07/2020,GYH,SC,ASO,ES,Federal Contract Tower,0,9,1,1,11,0,2,11,1,14,0,11,12,2,25,18,0,18,43
08/08/2020,GYH,SC,ASO,ES,Federal Contract Tower,0,10,0,0,10,0,24,20,0,44,0,34,20,0,54,40,0,40,94
08/09/2020,GYH,SC,ASO,ES,Federal Contract Tower,0,6,1,2,9,0,16,32,0,48,0,22,33,2,57,46,0,46,103
08/10/2020,GYH,SC,ASO,ES,Federal Contract Tower,0,8,2,0,10,0,13,31,0,44,0,21,33,0,54,54,0,54,108
08/11/2020,GYH,SC,ASO,ES,Federal Contract Tower,0,9,5,3,17,0,8,44,15,67,0,17,49,18,84,42,16,58,142
08/12/2020,GYH,SC,ASO,ES,Federal Contract Tower,0,8,3,2,13,0,10,28,27,65,0,18,31,29,78,32,0,32,110
08/13/2020,GYH,SC,ASO,ES,Federal Contract Tower,0,12,3,2,17,0,4,76,2,82,0,16,79,4,99,102,0,102,201
08/14/2020,GYH,SC,ASO,ES,Federal Contract Tower,0,19,5,5,29,0,1,9,12,22,0,20,14,17,51,2,6,8,59
08/15/2020,GYH,SC,ASO,ES,Federal Contract Tower,0,3,2,0,5,0,5,0,0,5,0,8,2,0,10,0,0,0,10
08/16/2020,GYH,SC,ASO,ES,Federal Contract Tower,0,5,3,0,8,0,7,26,0,33,0,12,29,0,41,4,0,4,45
08/17/2020,GYH,SC,ASO,ES,Federal Contract Tower,0,13,0,0,13,0,5,61,4,70,0,18,61,4,83,70,0,70,153
08/18/2020,GYH,SC,ASO,ES,Federal Contract Tower,0,7,2,0,9,0,20,57,23,100,0,27,59,23,109,60,20,80,189
08/19/2020,GYH,SC,ASO,ES,Federal Contract Tower,0,16,0,6,22,0,12,25,7,44,0,28,25,13,66,8,0,8,74
08/20/2020,GYH,SC,ASO,ES,Federal Contract Tower,0,2,1,4,7,0,20,17,20,57,0,22,18,24,64,10,0,10,74
08/21/2020,GYH,SC,ASO,ES,Federal Contract Tower,0,6,0,4,10,0,4,0,0,4,0,10,0,4,14,0,0,0,14
08/22/2020,GYH,SC,ASO,ES,Federal Contract Tower,0,3,2,0,5,0,12,19,0,31,0,15,21,0,36,42,0,42,78
08/23/2020,GYH,SC,ASO,ES,Federal Contract Tower,0,2,8,0,10,0,26,22,1,49,0,28,30,1,59,38,2,40,99
08/24/2020,GYH,SC,ASO,ES,Federal Contract Tower,0,12,4,0,16,0,0,12,2,14,0,12,16,2,30,14,0,14,44
08/25/2020,GYH,SC,ASO,ES,Federal Contract Tower,0,12,4,5,21,0,2,23,15,40,0,14,27,20,61,32,4,36,97
08/26/2020,GYH,SC,ASO,ES,Federal Contract Tower,0,3,3,3,9,0,46,62,13,121,0,49,65,16,130,58,2,60,190
08/27/2020,GYH,SC,ASO,ES,Federal Contract Tower,0,10,1,4,15,0,6,45,14,65,0,16,46,18,80,48,8,56,136
08/28/2020,GYH,SC,ASO,ES,Federal Contract Tower,0,11,0,3,14,0,16,29,2,47,0,27,29,5,61,28,0,28,89
08/29/2020,GYH,SC,ASO,ES,Federal Contract Tower,0,2,3,0,5,0,4,8,0,12,0,6,11,0,17,8,0,8,25
08/30/2020,GYH,SC,ASO,ES,Federal Contract Tower,0,5,2,2,9,0,4,45,0,49,0,9,47,2,58,30,0,30,88
08/31/2020,GYH,SC,ASO,ES,Federal Contract Tower,0,7,5,0,12,0,4,14,0,18,0,11,19,0,30,24,0,24,54
09/01/2020,GYH,SC,ASO,ES,Federal Contract Tower,0,8,0,1,9,0,16,35,17,68,0,24,35,18,77,48,12,60,137
09/02/2020,GYH,SC,ASO,ES,Federal Contract Tower,0,3,0,13,16,0,13,49,27,89,0,16,49,40,105,68,12,80,185
09/03/2020,GYH,SC,ASO,ES,Federal Contract Tower,0,0,0,0,0,0,38,0,11,49,0,38,0,11,49,0,0,0,49
09/04/2020,GYH,SC,ASO,ES,Federal Contract Tower,0,16,1,1,18,0,11,21,0,32,0,27,22,1,50,10,0,10,60
09/05/2020,GYH,SC,ASO,ES,Federal Contract Tower,0,4,1,1,6,0,34,20,0,54,0,38,21,1,60,20,0,20,80
09/06/2020,GYH,SC,ASO,ES,Federal Contract Tower,0,1,2,0,3,0,28,29,4,61,0,29,31,4,64,36,0,36,100
09/07/2020,GYH,SC,ASO,ES,Federal Contract Tower,0,8,2,0,10,0,4,58,0,62,0,12,60,0,72,62,0,62,134
09/08/2020,GYH,SC,ASO,ES,Federal Contract Tower,0,15,2,6,23,0,21,35,16,72,0,36,37,22,95,38,8,46,141
09/09/2020,GYH,SC,ASO,ES,Federal Contract Tower,0,17,0,10,27,0,12,10,55,77,0,29,10,65,104,10,2,12,116
09/10/2020,GYH,SC,ASO,ES,Federal Contract Tower,0,12,0,2,14,0,14,12,6,32,0,26,12,8,46,14,0,14,60
09/11/2020,GYH,SC,ASO,ES,Federal Contract Tower,0,10,2,0,12,0,15,59,17,91,0,25,61,17,103,58,0,58,161
09/12/2020,GYH,SC,ASO,ES,Federal Contract Tower,0,6,0,2,8,0,10,8,0,18,0,16,8,2,26,4,0,4,30
09/13/2020,GYH,SC,ASO,ES,Federal Contract Tower,0,6,0,76,82,0,8,5,0,13,0,14,5,76,95,4,8,12,107
09/14/2020,GYH,SC,ASO,ES,Federal Contract Tower,0,17,0,1,18,0,18,20,14,52,0,35,20,15,70,34,0,34,104
09/15/2020,GYH,SC,ASO,ES,Federal Contract Tower,0,13,4,5,22,0,12,43,18,73,0,25,47,23,95,46,2,48,143
09/16/2020,GYH,SC,ASO,ES,Federal Contract Tower,0,17,1,3,21,0,9,28,56,93,0,26,29,59,114,24,2,26,140
09/17/2020,GYH,SC,ASO,ES,Federal Contract Tower,0,8,0,3,11,0,0,0,0,0,0,8,0,3,11,0,0,0,11
09/18/2020,GYH,SC,ASO,ES,Federal Contract Tower,0,23,1,57,81,0,10,25,25,60,0,33,26,82,141,24,6,30,171
09/19/2020,GYH,SC,ASO,ES,Federal Contract Tower,0,4,0,1,5,0,10,26,0,36,0,14,26,1,41,48,0,48,89
09/20/2020,GYH,SC,ASO,ES,Federal Contract Tower,0,3,0,0,3,0,12,13,0,25,0,15,13,0,28,6,0,6,34
09/21/2020,GYH,SC,ASO,ES,Federal Contract Tower,0,4,1,1,6,0,16,20,1,37,0,20,21,2,43,6,0,6,49
09/22/2020,GYH,SC,ASO,ES,Federal Contract Tower,0,11,1,0,12,0,23,48,4,75,0,34,49,4,87,30,8,38,125
09/23/2020,GYH,SC,ASO,ES,Federal Contract Tower,0,15,3,0,18,0,44,39,27,110,0,59,42,27,128,32,8,40,168
09/24/2020,GYH,SC,ASO,ES,Federal Contract Tower,0,5,2,4,11,0,14,2,36,52,0,19,4,40,63,0,18,18,81
09/25/2020,GYH,SC,ASO,ES,Federal Contract Tower,0,12,6,10,28,0,0,0,0,0,0,12,6,10,28,0,0,0,28
09/26/2020,GYH,SC,ASO,ES,Federal Contract Tower,0,3,9,0,12,0,14,11,0,25,0,17,20,0,37,12,0,12,49
09/27/2020,GYH,SC,ASO,ES,Federal Contract Tower,0,8,2,0,10,0,0,22,0,22,0,8,24,0,32,30,0,30,62
09/28/2020,GYH,SC,ASO,ES,Federal Contract Tower,0,5,0,1,6,0,10,33,1,44,0,15,33,2,50,50,0,50,100
09/29/2020,GYH,SC,ASO,ES,Federal Contract Tower,0,15,1,2,18,0,8,6,2,16,0,23,7,4,34,12,0,12,46
09/30/2020,GYH,SC,ASO,ES,Federal Contract Tower,0,5,0,0,5,0,34,25,14,73,0,39,25,14,78,44,6,50,128
10/01/2020,GYH,SC,ASO,ES,Federal Contract Tower,0,13,1,0,14,0,26,45,30,101,0,39,46,30,115,78,0,78,193
10/02/2020,GYH,SC,ASO,ES,Federal Contract Tower,0,6,5,0,11,0,8,58,3,69,0,14,63,3,80,72,0,72,152
10/03/2020,GYH,SC,ASO,ES,Federal Contract Tower,0,2,3,0,5,0,32,61,0,93,0,34,64,0,98,86,0,86,184
10/04/2020,GYH,SC,ASO,ES,Federal Contract Tower,0,5,2,0,7,0,14,41,0,55,0,19,43,0,62,66,0,66,128
10/05/2020,GYH,SC,ASO,ES,Federal Contract Tower,0,8,2,4,14,0,32,51,1,84,0,40,53,5,98,62,0,62,160
10/06/2020,GYH,SC,ASO,ES,Federal Contract Tower,0,5,0,3,8,0,26,57,12,95,0,31,57,15,103,84,0,84,187
10/07/2020,GYH,SC,ASO,ES,Federal Contract Tower,0,12,1,2,15,0,61,95,8,164,0,73,96,10,179,106,0,106,285
10/08/2020,GYH,SC,ASO,ES,Federal Contract Tower,0,13,0,3,16,0,26,42,5,73,0,39,42,8,89,64,0,64,153
10/09/2020,GYH,SC,ASO,ES,Federal Contract Tower,0,7,9,2,18,0,3,53,4,60,0,10,62,6,78,108,0,108,186
10/10/2020,GYH,SC,ASO,ES,Federal Contract Tower,0,9,1,0,10,0,0,0,0,0,0,9,1,0,10,0,0,0,10
10/11/2020,GYH,SC,ASO,ES,Federal Contract Tower,0,1,0,0,1,0,0,0,0,0,0,1,0,0,1,0,0,0,1
10/12/2020,GYH,SC,ASO,ES,Federal Contract Tower,0,15,1,0,16,0,2,31,0,33,0,17,32,0,49,50,0,50,99
10/13/2020,GYH,SC,ASO,ES,Federal Contract Tower,0,5,3,8,16,0,18,36,17,71,0,23,39,25,87,60,4,64,151
10/14/2020,GYH,SC,ASO,ES,Federal Contract Tower,0,10,0,0,10,0,20,56,10,86,0,30,56,10,96,94,0,94,190
10/15/2020,GYH,SC,ASO,ES,Federal Contract Tower,0,12,0,7,19,0,12,6,6,24,0,24,6,13,43,0,4,4,47
10/16/2020,GYH,SC,ASO,ES,Federal Contract Tower,0,15,9,0,24,0,14,85,6,105,0,29,94,6,129,130,0,130,259
10/17/2020,GYH,SC,ASO,ES,Federal Contract Tower,0,2,2,0,4,0,14,43,0,57,0,16,45,0,61,76,0,76,137
10/18/2020,GYH,SC,ASO,ES,Federal Contract Tower,0,7,0,0,7,0,20,35,0,55,0,27,35,0,62,28,0,28,90
10/19/2020,GYH,SC,ASO,ES,Federal Contract Tower,0,8,5,2,15,0,21,53,8,82,0,29,58,10,97,44,16,60,157
10/20/2020,GYH,SC,ASO,ES,Federal Contract Tower,0,17,0,0,17,0,22,56,19,97,0,39,56,19,114,60,6,66,180
10/21/2020,GYH,SC,ASO,ES,Federal Contract Tower,0,11,6,4,21,0,9,67,17,93,0,20,73,21,114,122,0,122,236
10/22/2020,GYH,SC,ASO,ES,Federal Contract Tower,0,15,2,3,20,0,40,33,22,95,0,55,35,25,115,40,2,42,157
10/23/2020,GYH,SC,ASO,ES,Federal Contract Tower,0,22,0,1,23,0,16,50,2,68,0,38,50,3,91,64,0,64,155
10/24/2020,GYH,SC,ASO,ES,Federal Contract Tower,0,6,5,0,11,0,15,66,2,83,0,21,71,2,94,72,0,72,166
10/25/2020,GYH,SC,ASO,ES,Federal Contract Tower,0,12,2,0,14,0,0,0,0,0,0,12,2,0,14,0,0,0,14
10/26/2020,GYH,SC,ASO,ES,Federal Contract Tower,0,10,2,4,16,0,8,21,0,29,0,18,23,4,45,34,0,34,79
10/27/2020,GYH,SC,ASO,ES,Federal Contract Tower,0,12,3,5,20,0,0,12,4,16,0,12,15,9,36,22,14,36,72
10/28/2020,GYH,SC,ASO,ES,Federal Contract Tower,0,10,0,8,18,0,0,0,0,0,0,10,0,8,18,0,0,0,18
10/29/2020,GYH,SC,ASO,ES,Federal Contract Tower,0,9,0,0,9,0,2,0,8,10,0,11,0,8,19,0,0,0,19
10/30/2020,GYH,SC,ASO,ES,Federal Contract Tower,0,13,5,0,18,0,12,73,6,91,0,25,78,6,109,96,0,96,205
10/31/2020,GYH,SC,ASO,ES,Federal Contract Tower,0,8,0,2,10,0,11,42,0,53,0,19,42,2,63,64,0,64,127
11/01/2020,GYH,SC,ASO,ES,Federal Contract Tower,0,10,2,0,12,0,12,10,0,22,0,22,12,0,34,8,0,8,42
11/02/2020,GYH,SC,ASO,ES,Federal Contract Tower,0,15,2,0,17,0,22,52,2,76,0,37,54,2,93,58,0,58,151
11/03/2020,GYH,SC,ASO,ES,Federal Contract Tower,0,9,0,2,11,0,12,20,7,39,0,21,20,9,50,12,10,22,72
11/04/2020,GYH,SC,ASO,ES,Federal Contract Tower,0,7,0,2,9,0,18,78,10,106,0,25,78,12,115,114,0,114,229
11/05/2020,GYH,SC,ASO,ES,Federal Contract Tower,0,11,0,5,16,0,25,74,10,109,0,36,74,15,125,126,0,126,251
11/06/2020,GYH,SC,ASO,ES,Federal Contract Tower,0,6,3,0,9,0,14,75,0,89,0,20,78,0,98,110,0,110,208
11/07/2020,GYH,SC,ASO,ES,Federal Contract Tower,0,3,1,0,4,0,24,30,4,58,0,27,31,4,62,36,0,36,98
11/08/2020,GYH,SC,ASO,ES,Federal Contract Tower,0,6,3,0,9,0,22,24,2,48,0,28,27,2,57,20,2,22,79
11/09/2020,GYH,SC,ASO,ES,Federal Contract Tower,0,7,4,0,11,0,28,26,0,54,0,35,30,0,65,38,0,38,103
11/10/2020,GYH,SC,ASO,ES,Federal Contract Tower,0,10,5,4,19,0,0,0,0,0,0,10,5,4,19,0,0,0,19
11/11/2020,GYH,SC,ASO,ES,Federal Contract Tower,0,8,0,0,8,0,6,1,0,7,0,14,1,0,15,0,0,0,15
11/12/2020,GYH,SC,ASO,ES,Federal Contract Tower,0,9,2,3,14,0,8,9,0,17,0,17,11,3,31,10,0,10,41
11/13/2020,GYH,SC,ASO,ES,Federal Contract Tower,0,14,3,6,23,0,12,48,4,64,0,26,51,10,87,78,0,78,165
11/14/2020,GYH,SC,ASO,ES,Federal Contract Tower,0,9,3,0,12,0,10,47,0,57,0,19,50,0,69,42,0,42,111
11/15/2020,GYH,SC,ASO,ES,Federal Contract Tower,0,5,2,0,7,0,6,5,0,11,0,11,7,0,18,4,0,4,22
11/16/2020,GYH,SC,ASO,ES,Federal Contract Tower,0,13,2,0,15,0,30,30,0,60,0,43,32,0,75,38,0,38,113
11/17/2020,GYH,SC,ASO,ES,Federal Contract Tower,0,9,2,0,11,0,68,36,25,129,0,77,38,25,140,34,6,40,180
11/18/2020,GYH,SC,ASO,ES,Federal Contract Tower,0,18,1,2,21,0,45,69,10,124,0,63,70,12,145,88,0,88,233
11/19/2020,GYH,SC,ASO,ES,Federal Contract Tower,0,16,3,3,22,0,14,40,18,72,0,30,43,21,94,86,4,90,184
11/20/2020,GYH,SC,ASO,ES,Federal Contract Tower,0,7,1,1,9,0,50,46,11,107,0,57,47,12,116,84,0,84,200
11/21/2020,GYH,SC,ASO,ES,Federal Contract Tower,0,5,0,0,5,0,10,53,0,63,0,15,53,0,68,92,0,92,160
11/22/2020,GYH,SC,ASO,ES,Federal Contract Tower,0,4,2,0,6,0,18,47,0,65,0,22,49,0,71,62,0,62,133
11/23/2020,GYH,SC,ASO,ES,Federal Contract Tower,0,12,0,0,12,0,26,16,16,58,0,38,16,16,70,6,4,10,80
11/24/2020,GYH,SC,ASO,ES,Federal Contract Tower,0,13,2,10,25,0,12,34,19,65,0,25,36,29,90,22,6,28,118
11/25/2020,GYH,SC,ASO,ES,Federal Contract Tower,0,29,0,0,29,0,4,3,0,7,0,33,3,0,36,10,0,10,46
11/26/2020,GYH,SC,ASO,ES,Federal Contract Tower,0,2,0,0,2,0,27,2,0,29,0,29,2,0,31,0,0,0,31
11/27/2020,GYH,SC,ASO,ES,Federal Contract Tower,0,5,2,0,7,0,14,29,0,43,0,19,31,0,50,34,0,34,84
11/28/2020,GYH,SC,ASO,ES,Federal Contract Tower,0,2,0,0,2,0,2,21,0,23,0,4,21,0,25,34,0,34,59
11/29/2020,GYH,SC,ASO,ES,Federal Contract Tower,0,7,2,0,9,0,8,8,0,16,0,15,10,0,25,4,0,4,29
11/30/2020,GYH,SC,ASO,ES,Federal Contract Tower,0,14,1,0,15,0,14,1,0,15,0,28,2,0,30,0,0,0,30
12/01/2020,GYH,SC,ASO,ES,Federal Contract Tower,0,7,2,0,9,0,25,30,15,70,0,32,32,15,79,42,8,50,129
12/02/2020,GYH,SC,ASO,ES,Federal Contract Tower,0,4,0,5,9,0,12,32,34,78,0,16,32,39,87,82,22,104,191
12/03/2020,GYH,SC,ASO,ES,Federal Contract Tower,0,15,4,1,20,0,12,41,23,76,0,27,45,24,96,60,10,70,166
12/04/2020,GYH,SC,ASO,ES,Federal Contract Tower,0,6,2,1,9,0,2,0,0,2,0,8,2,1,11,0,0,0,11
12/05/2020,GYH,SC,ASO,ES,Federal Contract Tower,0,6,0,1,7,0,0,50,8,58,0,6,50,9,65,56,14,70,135
12/06/2020,GYH,SC,ASO,ES,Federal Contract Tower,0,6,0,0,6,0,1,19,4,24,0,7,19,4,30,30,0,30,60
12/07/2020,GYH,SC,ASO,ES,Federal Contract Tower,0,6,5,1,12,0,17,2,3,22,0,23,7,4,34,2,6,8,42
12/08/2020,GYH,SC,ASO,ES,Federal Contract Tower,0,12,4,1,17,0,29,50,12,91,0,41,54,13,108,96,2,98,206
12/09/2020,GYH,SC,ASO,ES,Federal Contract Tower,0,19,2,8,29,0,23,48,10,81,0,42,50,18,110,118,0,118,228
12/10/2020,GYH,SC,ASO,ES,Federal Contract Tower,0,8,0,4,12,0,8,7,37,52,0,16,7,41,64,18,0,18,82
12/11/2020,GYH,SC,ASO,ES,Federal Contract Tower,0,8,2,1,11,0,20,60,0,80,0,28,62,1,91,80,0,80,171
12/12/2020,GYH,SC,ASO,ES,Federal Contract Tower,0,5,0,0,5,0,16,30,0,46,0,21,30,0,51,62,0,62,113
12/13/2020,GYH,SC,ASO,ES,Federal Contract Tower,0,10,0,0,10,0,8,31,0,39,0,18,31,0,49,34,0,34,83
12/14/2020,GYH,SC,ASO,ES,Federal Contract Tower,0,7,3,1,11,0,20,3,0,23,0,27,6,1,34,0,0,0,34
12/15/2020,GYH,SC,ASO,ES,Federal Contract Tower,0,16,0,10,26,0,31,34,25,90,0,47,34,35,116,42,14,56,172
12/16/2020,GYH,SC,ASO,ES,Federal Contract Tower,0,12,2,0,14,0,0,0,0,0,0,12,2,0,14,0,0,0,14
12/17/2020,GYH,SC,ASO,ES,Federal Contract Tower,0,12,0,8,20,0,7,54,41,102,0,19,54,49,122,104,0,104,226
12/18/2020,GYH,SC,ASO,ES,Federal Contract Tower,0,11,2,1,14,0,6,58,9,73,0,17,60,10,87,92,2,94,181
12/19/2020,GYH,SC,ASO,ES,Federal Contract Tower,0,11,7,0,18,0,20,48,0,68,0,31,55,0,86,84,0,84,170
12/20/2020,GYH,SC,ASO,ES,Federal Contract Tower,0,4,2,1,7,0,2,1,0,3,0,6,3,1,10,0,0,0,10
12/21/2020,GYH,SC,ASO,ES,Federal Contract Tower,0,10,0,7,17,0,9,35,2,46,0,19,35,9,63,34,0,34,97
12/22/2020,GYH,SC,ASO,ES,Federal Contract Tower,0,6,2,5,13,0,29,80,8,117,0,35,82,13,130,104,2,106,236
12/23/2020,GYH,SC,ASO,ES,Federal Contract Tower,0,6,2,0,8,0,10,61,0,71,0,16,63,0,79,104,0,104,183
12/24/2020,GYH,SC,ASO,ES,Federal Contract Tower,0,3,0,0,3,0,0,0,0,0,0,3,0,0,3,0,0,0,3
12/25/2020,GYH,SC,ASO,ES,Federal Contract Tower,0,1,0,0,1,0,0,3,0,3,0,1,3,0,4,0,0,0,4
12/26/2020,GYH,SC,ASO,ES,Federal Contract Tower,0,5,0,0,5,0,6,35,0,41,0,11,35,0,46,38,0,38,84
12/27/2020,GYH,SC,ASO,ES,Federal Contract Tower,0,3,0,0,3,0,14,33,0,47,0,17,33,0,50,42,0,42,92
12/28/2020,GYH,SC,ASO,ES,Federal Contract Tower,0,6,2,2,10,0,8,38,0,46,0,14,40,2,56,46,0,46,102
12/29/2020,GYH,SC,ASO,ES,Federal Contract Tower,0,7,2,0,9,0,13,78,0,91,0,20,80,0,100,74,0,74,174
12/30/2020,GYH,SC,ASO,ES,Federal Contract Tower,0,11,6,0,17,0,7,13,0,20,0,18,19,0,37,40,0,40,77
12/31/2020,GYH,SC,ASO,ES,Federal Contract Tower,0,4,0,0,4,0,0,0,0,0,0,4,0,0,4,0,0,0,4
01/01/2021,GYH,SC,ASO,ES,Federal Contract Tower,0,0,0,0,0,0,0,0,0,0,0,0,0,0,0,0,0,0,0
01/02/2021,GYH,SC,ASO,ES,Federal Contract Tower,0,1,0,0,1,0,2,17,0,19,0,3,17,0,20,22,0,22,42
01/03/2021,GYH,SC,ASO,ES,Federal Contract Tower,0,7,1,0,8,23,14,0,0,37,23,21,1,0,45,6,0,6,51
01/04/2021,GYH,SC,ASO,ES,Federal Contract Tower,0,9,2,3,14,0,16,46,1,63,0,25,48,4,77,68,0,68,145
01/05/2021,GYH,SC,ASO,ES,Federal Contract Tower,0,10,0,3,13,0,22,44,7,73,0,32,44,10,86,62,0,62,148
01/06/2021,GYH,SC,ASO,ES,Federal Contract Tower,0,10,3,3,16,0,19,67,23,109,0,29,70,26,125,80,0,80,205
01/07/2021,GYH,SC,ASO,ES,Federal Contract Tower,0,12,0,2,14,0,22,43,7,72,0,34,43,9,86,64,6,70,156
01/08/2021,GYH,SC,ASO,ES,Federal Contract Tower,0,7,0,2,9,0,0,0,0,0,0,7,0,2,9,0,0,0,9
01/09/2021,GYH,SC,ASO,ES,Federal Contract Tower,0,6,1,1,8,0,8,52,5,65,0,14,53,6,73,48,0,48,121
01/10/2021,GYH,SC,ASO,ES,Federal Contract Tower,0,1,2,2,5,0,7,25,4,36,0,8,27,6,41,24,0,24,65
01/11/2021,GYH,SC,ASO,ES,Federal Contract Tower,0,10,2,2,14,0,0,15,1,16,0,10,17,3,30,24,0,24,54
01/12/2021,GYH,SC,ASO,ES,Federal Contract Tower,0,13,7,11,31,0,12,31,13,56,0,25,38,24,87,58,6,64,151
01/13/2021,GYH,SC,ASO,ES,Federal Contract Tower,0,9,2,4,15,0,8,30,10,48,0,17,32,14,63,48,0,48,111
01/14/2021,GYH,SC,ASO,ES,Federal Contract Tower,0,15,0,0,15,0,20,25,1,46,0,35,25,1,61,34,0,34,95
01/15/2021,GYH,SC,ASO,ES,Federal Contract Tower,0,8,2,2,12,0,4,13,0,17,0,12,15,2,29,8,0,8,37
01/16/2021,GYH,SC,ASO,ES,Federal Contract Tower,0,6,0,0,6,0,10,33,0,43,0,16,33,0,49,20,0,20,69
01/17/2021,GYH,SC,ASO,ES,Federal Contract Tower,0,4,3,0,7,0,16,37,0,53,0,20,40,0,60,46,0,46,106
01/18/2021,GYH,SC,ASO,ES,Federal Contract Tower,0,11,4,0,15,0,4,29,0,33,0,15,33,0,48,34,0,34,82
01/19/2021,GYH,SC,ASO,ES,Federal Contract Tower,0,6,1,0,7,0,28,47,5,80,0,34,48,5,87,74,0,74,161
01/20/2021,GYH,SC,ASO,ES,Federal Contract Tower,0,4,0,4,8,0,18,46,11,75,0,22,46,15,83,94,0,94,177
01/21/2021,GYH,SC,ASO,ES,Federal Contract Tower,0,19,0,0,19,0,0,38,14,52,0,19,38,14,71,54,0,54,125
01/22/2021,GYH,SC,ASO,ES,Federal Contract Tower,0,15,4,7,26,0,10,55,34,99,0,25,59,41,125,102,16,118,243
01/23/2021,GYH,SC,ASO,ES,Federal Contract Tower,0,7,2,0,9,0,18,66,0,84,0,25,68,0,93,104,0,104,197
01/24/2021,GYH,SC,ASO,ES,Federal Contract Tower,0,5,1,9,15,0,11,37,6,54,0,16,38,15,69,52,0,52,121
01/25/2021,GYH,SC,ASO,ES,Federal Contract Tower,0,11,2,0,13,0,0,0,0,0,0,11,2,0,13,0,0,0,13
01/26/2021,GYH,SC,ASO,ES,Federal Contract Tower,0,9,1,5,15,0,6,10,33,49,0,15,11,38,64,26,28,54,118
01/27/2021,GYH,SC,ASO,ES,Federal Contract Tower,0,10,0,9,19,0,9,4,19,32,0,19,4,28,51,6,6,12,63
01/28/2021,GYH,SC,ASO,ES,Federal Contract Tower,0,16,5,8,29,0,7,47,18,72,0,23,52,26,101,62,2,64,165
01/29/2021,GYH,SC,ASO,ES,Federal Contract Tower,0,8,8,0,16,0,17,77,1,95,0,25,85,1,111,136,0,136,247
01/30/2021,GYH,SC,ASO,ES,Federal Contract Tower,0,2,0,1,3,0,16,53,4,73,0,18,53,5,76,98,0,98,174
01/31/2021,GYH,SC,ASO,ES,Federal Contract Tower,0,4,0,0,4,0,0,0,0,0,0,4,0,0,4,0,0,0,4
02/01/2021,GYH,SC,ASO,ES,Federal Contract Tower,0,6,0,5,11,0,12,24,6,42,0,18,24,11,53,46,0,46,99
02/02/2021,GYH,SC,ASO,ES,Federal Contract Tower,0,11,3,1,15,0,9,12,6,27,0,20,15,7,42,8,4,12,54
02/03/2021,GYH,SC,ASO,ES,Federal Contract Tower,0,17,1,2,20,0,16,26,33,75,0,33,27,35,95,52,42,94,189
02/04/2021,GYH,SC,ASO,ES,Federal Contract Tower,0,6,2,2,10,0,5,44,13,62,0,11,46,15,72,64,6,70,142
02/05/2021,GYH,SC,ASO,ES,Federal Contract Tower,0,14,0,5,19,0,0,36,7,43,0,14,36,12,62,48,8,56,118
02/06/2021,GYH,SC,ASO,ES,Federal Contract Tower,0,3,4,0,7,0,18,82,4,104,0,21,86,4,111,130,0,130,241
02/07/2021,GYH,SC,ASO,ES,Federal Contract Tower,0,3,0,0,3,0,4,28,0,32,0,7,28,0,35,40,0,40,75
02/08/2021,GYH,SC,ASO,ES,Federal Contract Tower,0,5,5,6,16,0,16,49,17,82,0,21,54,23,98,78,2,80,178
02/09/2021,GYH,SC,ASO,ES,Federal Contract Tower,0,6,5,1,12,0,12,36,25,73,0,18,41,26,85,60,22,82,167
02/10/2021,GYH,SC,ASO,ES,Federal Contract Tower,0,11,8,6,25,0,0,40,9,49,0,11,48,15,74,64,0,64,138
02/11/2021,GYH,SC,ASO,ES,Federal Contract Tower,0,4,3,2,9,0,0,0,0,0,0,4,3,2,9,0,0,0,9
02/12/2021,GYH,SC,ASO,ES,Federal Contract Tower,0,10,0,0,10,0,0,0,0,0,0,10,0,0,10,0,0,0,10
02/13/2021,GYH,SC,ASO,ES,Federal Contract Tower,0,1,0,0,1,0,0,0,0,0,0,1,0,0,1,0,0,0,1
02/14/2021,GYH,SC,ASO,ES,Federal Contract Tower,0,4,2,2,8,0,0,0,0,0,0,4,2,2,8,0,0,0,8
02/15/2021,GYH,SC,ASO,ES,Federal Contract Tower,0,2,0,0,2,0,0,0,0,0,0,2,0,0,2,0,0,0,2
02/16/2021,GYH,SC,ASO,ES,Federal Contract Tower,0,7,0,4,11,0,19,10,17,46,0,26,10,21,57,8,4,12,69
02/17/2021,GYH,SC,ASO,ES,Federal Contract Tower,0,17,1,0,18,0,33,82,2,117,0,50,83,2,135,108,0,108,243
02/18/2021,GYH,SC,ASO,ES,Federal Contract Tower,0,8,0,2,10,0,0,0,0,0,0,8,0,2,10,0,0,0,10
02/19/2021,GYH,SC,ASO,ES,Federal Contract Tower,0,16,2,0,18,0,21,81,10,112,0,37,83,10,130,128,0,128,258
02/20/2021,GYH,SC,ASO,ES,Federal Contract Tower,0,3,3,0,6,0,10,84,2,96,0,13,87,2,102,128,0,128,230
02/21/2021,GYH,SC,ASO,ES,Federal Contract Tower,0,12,4,0,16,0,8,34,0,42,0,20,38,0,58,20,0,20,78
02/22/2021,GYH,SC,ASO,ES,Federal Contract Tower,0,13,5,0,18,0,2,11,0,13,0,15,16,0,31,24,0,24,55
02/23/2021,GYH,SC,ASO,ES,Federal Contract Tower,0,13,3,4,20,0,22,73,30,125,0,35,76,34,145,98,36,134,279
02/24/2021,GYH,SC,ASO,ES,Federal Contract Tower,0,8,1,4,13,0,28,47,18,93,0,36,48,22,106,96,0,96,202
02/25/2021,GYH,SC,ASO,ES,Federal Contract Tower,0,8,5,9,22,0,31,74,18,123,0,39,79,27,145,112,0,112,257
02/26/2021,GYH,SC,ASO,ES,Federal Contract Tower,0,25,1,2,28,0,0,0,1,1,0,25,1,3,29,0,0,0,29
02/27/2021,GYH,SC,ASO,ES,Federal Contract Tower,0,7,6,0,13,0,6,31,0,37,0,13,37,0,50,48,0,48,98
02/28/2021,GYH,SC,ASO,ES,Federal Contract Tower,0,13,3,0,16,0,1,5,4,10,0,14,8,4,26,2,0,2,28
03/01/2021,GYH,SC,ASO,ES,Federal Contract Tower,0,7,0,8,15,0,4,2,7,13,0,11,2,15,28,0,10,10,38
03/02/2021,GYH,SC,ASO,ES,Federal Contract Tower,0,14,9,0,23,0,15,64,15,94,0,29,73,15,117,98,2,100,217
03/03/2021,GYH,SC,ASO,ES,Federal Contract Tower,0,17,2,6,25,0,12,38,19,69,0,29,40,25,94,72,0,72,166
03/04/2021,GYH,SC,ASO,ES,Federal Contract Tower,0,14,2,1,17,0,7,37,24,68,0,21,39,25,85,50,8,58,143
03/05/2021,GYH,SC,ASO,ES,Federal Contract Tower,0,19,3,1,23,0,13,49,2,64,0,32,52,3,87,70,0,70,157
03/06/2021,GYH,SC,ASO,ES,Federal Contract Tower,0,8,1,0,9,0,6,48,6,60,0,14,49,6,69,66,0,66,135
03/07/2021,GYH,SC,ASO,ES,Federal Contract Tower,0,11,2,0,13,0,16,18,2,36,0,27,20,2,49,20,2,22,71
03/08/2021,GYH,SC,ASO,ES,Federal Contract Tower,0,14,0,2,16,0,28,48,0,76,0,42,48,2,92,74,0,74,166
03/09/2021,GYH,SC,ASO,ES,Federal Contract Tower,0,9,1,6,16,0,8,49,31,88,0,17,50,37,104,76,4,80,184
03/10/2021,GYH,SC,ASO,ES,Federal Contract Tower,0,10,1,2,13,0,28,58,2,88,0,38,59,4,101,94,0,94,195
03/11/2021,GYH,SC,ASO,ES,Federal Contract Tower,0,13,2,4,19,0,37,31,23,91,0,50,33,27,110,50,0,50,160
03/12/2021,GYH,SC,ASO,ES,Federal Contract Tower,0,17,5,13,35,0,28,59,8,95,0,45,64,21,130,74,4,78,208
03/13/2021,GYH,SC,ASO,ES,Federal Contract Tower,0,5,0,0,5,0,16,53,0,69,0,21,53,0,74,82,0,82,156
03/14/2021,GYH,SC,ASO,ES,Federal Contract Tower,0,8,6,7,21,0,18,45,1,64,0,26,51,8,85,68,0,68,153
03/15/2021,GYH,SC,ASO,ES,Federal Contract Tower,0,14,0,1,15,0,5,28,16,49,0,19,28,17,64,42,0,42,106
03/16/2021,GYH,SC,ASO,ES,Federal Contract Tower,0,23,2,0,25,0,0,0,0,0,0,23,2,0,25,0,0,0,25
03/17/2021,GYH,SC,ASO,ES,Federal Contract Tower,0,10,0,2,12,0,0,0,0,0,0,10,0,2,12,0,0,0,12
03/18/2021,GYH,SC,ASO,ES,Federal Contract Tower,0,7,0,1,8,0,16,2,0,18,0,23,2,1,26,0,0,0,26
03/19/2021,GYH,SC,ASO,ES,Federal Contract Tower,0,15,0,3,18,0,29,32,4,65,0,44,32,7,83,42,2,44,127
03/20/2021,GYH,SC,ASO,ES,Federal Contract Tower,0,5,2,0,7,0,8,19,0,27,0,13,21,0,34,32,0,32,66
03/21/2021,GYH,SC,ASO,ES,Federal Contract Tower,0,5,2,0,7,0,28,14,2,44,0,33,16,2,51,18,2,20,71
03/22/2021,GYH,SC,ASO,ES,Federal Contract Tower,0,13,6,3,22,0,18,34,0,52,0,31,40,3,74,56,0,56,130
03/23/2021,GYH,SC,ASO,ES,Federal Contract Tower,0,10,6,0,16,0,13,53,9,75,0,23,59,9,91,96,2,98,189
03/24/2021,GYH,SC,ASO,ES,Federal Contract Tower,0,24,3,6,33,0,12,10,2,24,0,36,13,8,57,16,0,16,73
03/25/2021,GYH,SC,ASO,ES,Federal Contract Tower,0,10,1,2,13,0,0,0,0,0,0,10,1,2,13,0,0,0,13
03/26/2021,GYH,SC,ASO,ES,Federal Contract Tower,0,11,1,0,12,0,16,20,0,36,0,27,21,0,48,18,0,18,66
03/27/2021,GYH,SC,ASO,ES,Federal Contract Tower,0,5,0,0,5,0,20,41,1,62,0,25,41,1,67,104,0,104,171
03/28/2021,GYH,SC,ASO,ES,Federal Contract Tower,0,11,1,1,13,0,6,2,0,8,0,17,3,1,21,0,0,0,21
03/29/2021,GYH,SC,ASO,ES,Federal Contract Tower,0,11,3,0,14,0,9,72,5,86,0,20,75,5,100,86,0,86,186
03/30/2021,GYH,SC,ASO,ES,Federal Contract Tower,0,11,2,4,17,0,20,60,16,96,0,31,62,20,113,76,0,76,189
03/31/2021,GYH,SC,ASO,ES,Federal Contract Tower,0,12,0,6,18,0,0,0,0,0,0,12,0,6,18,0,0,0,18
04/01/2021,GYH,SC,ASO,ES,Federal Contract Tower,0,11,1,3,15,0,30,26,8,64,0,41,27,11,79,30,0,30,109
04/02/2021,GYH,SC,ASO,ES,Federal Contract Tower,0,28,6,2,36,0,24,36,5,65,0,52,42,7,101,28,0,28,129
04/03/2021,GYH,SC,ASO,ES,Federal Contract Tower,0,1,2,0,3,0,24,33,0,57,0,25,35,0,60,62,0,62,122
04/04/2021,GYH,SC,ASO,ES,Federal Contract Tower,0,7,2,0,9,0,16,25,0,41,0,23,27,0,50,14,0,14,64
04/05/2021,GYH,SC,ASO,ES,Federal Contract Tower,0,7,2,3,12,0,58,56,0,114,0,65,58,3,126,62,0,62,188
04/06/2021,GYH,SC,ASO,ES,Federal Contract Tower,0,8,2,1,11,0,30,38,7,75,0,38,40,8,86,48,0,48,134
04/07/2021,GYH,SC,ASO,ES,Federal Contract Tower,0,6,0,0,6,0,30,37,7,74,0,36,37,7,80,74,0,74,154
04/08/2021,GYH,SC,ASO,ES,Federal Contract Tower,0,19,0,0,19,0,15,71,7,93,0,34,71,7,112,76,0,76,188
04/09/2021,GYH,SC,ASO,ES,Federal Contract Tower,0,11,5,2,18,0,19,15,2,36,0,30,20,4,54,24,0,24,78
04/10/2021,GYH,SC,ASO,ES,Federal Contract Tower,0,1,0,0,1,0,0,4,0,4,0,1,4,0,5,6,0,6,11
04/11/2021,GYH,SC,ASO,ES,Federal Contract Tower,0,2,1,0,3,0,15,13,0,28,0,17,14,0,31,12,0,12,43
04/12/2021,GYH,SC,ASO,ES,Federal Contract Tower,0,9,0,1,10,0,18,34,4,56,0,27,34,5,66,40,0,40,106
04/13/2021,GYH,SC,ASO,ES,Federal Contract Tower,0,17,5,0,22,0,12,80,15,107,0,29,85,15,129,120,4,124,253
04/14/2021,GYH,SC,ASO,ES,Federal Contract Tower,0,12,0,0,12,0,21,27,11,59,0,33,27,11,71,34,0,34,105
04/15/2021,GYH,SC,ASO,ES,Federal Contract Tower,0,9,0,1,10,0,16,17,0,33,0,25,17,1,43,36,0,36,79
04/16/2021,GYH,SC,ASO,ES,Federal Contract Tower,0,12,3,0,15,0,25,59,10,94,0,37,62,10,109,80,0,80,189
04/17/2021,GYH,SC,ASO,ES,Federal Contract Tower,0,4,2,0,6,0,26,42,9,77,0,30,44,9,83,50,0,50,133
04/18/2021,GYH,SC,ASO,ES,Federal Contract Tower,0,5,4,0,9,0,34,38,3,75,0,39,42,3,84,42,0,42,126
04/19/2021,GYH,SC,ASO,ES,Federal Contract Tower,0,13,2,6,21,0,28,57,0,85,0,41,59,6,106,56,0,56,162
04/20/2021,GYH,SC,ASO,ES,Federal Contract Tower,0,9,0,0,9,0,32,11,13,56,0,41,11,13,65,4,18,22,87
04/21/2021,GYH,SC,ASO,ES,Federal Contract Tower,0,8,2,1,11,0,3,20,12,35,0,11,22,13,46,2,4,6,52
04/22/2021,GYH,SC,ASO,ES,Federal Contract Tower,0,13,2,0,15,0,12,48,14,74,0,25,50,14,89,66,2,68,157
04/23/2021,GYH,SC,ASO,ES,Federal Contract Tower,0,14,5,0,19,0,35,67,0,102,0,49,72,0,121,70,0,70,191
04/24/2021,GYH,SC,ASO,ES,Federal Contract Tower,0,2,0,0,2,0,0,0,0,0,0,2,0,0,2,0,0,0,2
04/25/2021,GYH,SC,ASO,ES,Federal Contract Tower,0,5,6,0,11,0,24,14,0,38,0,29,20,0,49,10,0,10,59
04/26/2021,GYH,SC,ASO,ES,Federal Contract Tower,0,14,2,0,16,0,5,52,1,58,0,19,54,1,74,50,0,50,124
04/27/2021,GYH,SC,ASO,ES,Federal Contract Tower,0,7,1,3,11,0,7,49,7,63,0,14,50,10,74,78,2,80,154
04/28/2021,GYH,SC,ASO,ES,Federal Contract Tower,0,12,0,8,20,0,28,47,13,88,0,40,47,21,108,92,6,98,206
04/29/2021,GYH,SC,ASO,ES,Federal Contract Tower,0,14,1,3,18,0,24,13,17,54,0,38,14,20,72,24,0,24,96
04/30/2021,GYH,SC,ASO,ES,Federal Contract Tower,0,19,3,2,24,0,16,62,2,80,0,35,65,4,104,78,0,78,182
05/01/2021,GYH,SC,ASO,ES,Federal Contract Tower,0,13,0,0,13,0,19,71,0,90,0,32,71,0,103,106,0,106,209
05/02/2021,GYH,SC,ASO,ES,Federal Contract Tower,0,12,4,0,16,0,26,25,0,51,0,38,29,0,67,36,0,36,103
05/03/2021,GYH,SC,ASO,ES,Federal Contract Tower,0,8,3,1,12,0,1,3,0,4,0,9,6,1,16,0,0,0,16
05/04/2021,GYH,SC,ASO,ES,Federal Contract Tower,0,5,0,8,13,0,4,1,26,31,0,9,1,34,44,0,34,34,78
05/05/2021,GYH,SC,ASO,ES,Federal Contract Tower,0,15,2,2,19,0,29,26,18,73,0,44,28,20,92,24,22,46,138
05/06/2021,GYH,SC,ASO,ES,Federal Contract Tower,0,15,3,5,23,0,14,57,19,90,0,29,60,24,113,76,18,94,207
05/07/2021,GYH,SC,ASO,ES,Federal Contract Tower,0,13,3,1,17,0,30,21,2,53,0,43,24,3,70,20,0,20,90
05/08/2021,GYH,SC,ASO,ES,Federal Contract Tower,0,5,2,0,7,0,16,32,2,50,0,21,34,2,57,34,2,36,93
05/09/2021,GYH,SC,ASO,ES,Federal Contract Tower,0,8,1,0,9,0,40,28,0,68,0,48,29,0,77,36,0,36,113
05/10/2021,GYH,SC,ASO,ES,Federal Contract Tower,0,17,0,4,21,0,28,15,12,55,0,45,15,16,76,0,0,0,76
05/11/2021,GYH,SC,ASO,ES,Federal Contract Tower,0,23,2,1,26,0,18,26,6,50,0,41,28,7,76,38,2,40,116
05/12/2021,GYH,SC,ASO,ES,Federal Contract Tower,0,19,0,0,19,0,0,0,0,0,0,19,0,0,19,0,0,0,19
05/13/2021,GYH,SC,ASO,ES,Federal Contract Tower,0,5,1,2,8,0,33,32,8,73,0,38,33,10,81,52,0,52,133
05/14/2021,GYH,SC,ASO,ES,Federal Contract Tower,0,13,5,5,23,0,16,67,6,89,0,29,72,11,112,96,0,96,208
05/15/2021,GYH,SC,ASO,ES,Federal Contract Tower,0,8,2,0,10,0,20,64,0,84,0,28,66,0,94,78,0,78,172
05/16/2021,GYH,SC,ASO,ES,Federal Contract Tower,0,6,1,5,12,0,8,31,0,39,0,14,32,5,51,40,0,40,91
05/17/2021,GYH,SC,ASO,ES,Federal Contract Tower,0,13,1,1,15,0,17,19,3,39,0,30,20,4,54,14,0,14,68
05/18/2021,GYH,SC,ASO,ES,Federal Contract Tower,0,6,3,4,13,0,4,51,11,66,0,10,54,15,79,68,0,68,147
05/19/2021,GYH,SC,ASO,ES,Federal Contract Tower,0,12,3,0,15,0,27,52,13,92,0,39,55,13,107,78,0,78,185
05/20/2021,GYH,SC,ASO,ES,Federal Contract Tower,0,16,3,1,20,0,18,62,6,86,0,34,65,7,106,78,0,78,184
05/21/2021,GYH,SC,ASO,ES,Federal Contract Tower,0,11,1,1,13,0,37,52,0,89,0,48,53,1,102,76,0,76,178
05/22/2021,GYH,SC,ASO,ES,Federal Contract Tower,0,8,3,1,12,0,14,24,0,38,0,22,27,1,50,26,0,26,76
05/23/2021,GYH,SC,ASO,ES,Federal Contract Tower,0,16,1,1,18,0,22,27,0,49,0,38,28,1,67,26,0,26,93
05/24/2021,GYH,SC,ASO,ES,Federal Contract Tower,0,15,1,2,18,0,48,36,5,89,0,63,37,7,107,58,0,58,165
05/25/2021,GYH,SC,ASO,ES,Federal Contract Tower,0,6,1,0,7,0,55,29,4,88,0,61,30,4,95,38,0,38,133
05/26/2021,GYH,SC,ASO,ES,Federal Contract Tower,0,16,0,2,18,0,39,33,15,87,0,55,33,17,105,28,0,28,133
05/27/2021,GYH,SC,ASO,ES,Federal Contract Tower,0,19,2,3,24,0,24,71,7,102,0,43,73,10,126,78,0,78,204
05/28/2021,GYH,SC,ASO,ES,Federal Contract Tower,0,8,1,3,12,0,4,28,2,34,0,12,29,5,46,24,4,28,74
05/29/2021,GYH,SC,ASO,ES,Federal Contract Tower,0,13,2,0,15,0,20,29,0,49,0,33,31,0,64,38,0,38,102
05/30/2021,GYH,SC,ASO,ES,Federal Contract Tower,0,2,2,0,4,0,16,25,0,41,0,18,27,0,45,22,0,22,67
05/31/2021,GYH,SC,ASO,ES,Federal Contract Tower,0,5,8,0,13,0,14,47,0,61,0,19,55,0,74,56,0,56,130
06/01/2021,GYH,SC,ASO,ES,Federal Contract Tower,0,12,4,2,18,0,28,72,8,108,0,40,76,10,126,96,0,96,222
06/02/2021,GYH,SC,ASO,ES,Federal Contract Tower,0,15,0,0,15,0,18,93,10,121,0,33,93,10,136,102,0,102,238
06/03/2021,GYH,SC,ASO,ES,Federal Contract Tower,0,6,0,10,16,0,20,16,10,46,0,26,16,20,62,8,0,8,70
06/04/2021,GYH,SC,ASO,ES,Federal Contract Tower,0,14,3,10,27,0,37,31,4,72,0,51,34,14,99,38,0,38,137
06/05/2021,GYH,SC,ASO,ES,Federal Contract Tower,0,10,2,0,12,0,6,56,10,72,0,16,58,10,84,88,0,88,172
06/06/2021,GYH,SC,ASO,ES,Federal Contract Tower,0,6,0,1,7,0,12,11,0,23,0,18,11,1,30,16,0,16,46
06/07/2021,GYH,SC,ASO,ES,Federal Contract Tower,0,10,3,0,13,0,0,1,0,1,0,10,4,0,14,0,0,0,14
06/08/2021,GYH,SC,ASO,ES,Federal Contract Tower,0,10,5,0,15,0,0,15,7,22,0,10,20,7,37,12,2,14,51
06/09/2021,GYH,SC,ASO,ES,Federal Contract Tower,0,5,0,7,12,0,4,56,17,77,0,9,56,24,89,120,4,124,213
06/10/2021,GYH,SC,ASO,ES,Federal Contract Tower,0,11,3,5,19,0,31,14,6,51,0,42,17,11,70,24,0,24,94
06/11/2021,GYH,SC,ASO,ES,Federal Contract Tower,0,9,3,3,15,0,10,33,4,47,0,19,36,7,62,48,0,48,110
06/12/2021,GYH,SC,ASO,ES,Federal Contract Tower,0,2,0,0,2,0,0,37,0,37,0,2,37,0,39,38,0,38,77
06/13/2021,GYH,SC,ASO,ES,Federal Contract Tower,0,6,1,0,7,0,26,20,0,46,0,32,21,0,53,18,0,18,71
06/14/2021,GYH,SC,ASO,ES,Federal Contract Tower,0,16,2,2,20,0,20,18,0,38,0,36,20,2,58,18,0,18,76
06/15/2021,GYH,SC,ASO,ES,Federal Contract Tower,0,13,0,9,22,0,14,41,7,62,0,27,41,16,84,38,0,38,122
06/16/2021,GYH,SC,ASO,ES,Federal Contract Tower,0,11,1,1,13,0,35,23,14,72,0,46,24,15,85,38,0,38,123
06/17/2021,GYH,SC,ASO,ES,Federal Contract Tower,0,14,5,5,24,0,21,24,15,60,0,35,29,20,84,28,6,34,118
06/18/2021,GYH,SC,ASO,ES,Federal Contract Tower,0,3,0,1,4,0,33,56,2,91,0,36,56,3,95,72,0,72,167
06/19/2021,GYH,SC,ASO,ES,Federal Contract Tower,0,9,5,0,14,0,4,37,0,41,0,13,42,0,55,34,0,34,89
06/20/2021,GYH,SC,ASO,ES,Federal Contract Tower,0,3,0,0,3,0,4,0,0,4,0,7,0,0,7,0,0,0,7
06/21/2021,GYH,SC,ASO,ES,Federal Contract Tower,0,9,1,5,15,0,36,34,6,76,0,45,35,11,91,40,0,40,131
06/22/2021,GYH,SC,ASO,ES,Federal Contract Tower,0,13,0,3,16,0,18,26,15,59,0,31,26,18,75,58,2,60,135
06/23/2021,GYH,SC,ASO,ES,Federal Contract Tower,0,19,8,2,29,0,28,58,13,99,0,47,66,15,128,82,4,86,214
06/24/2021,GYH,SC,ASO,ES,Federal Contract Tower,0,23,1,3,27,0,18,106,9,133,0,41,107,12,160,132,0,132,292
06/25/2021,GYH,SC,ASO,ES,Federal Contract Tower,0,9,0,2,11,0,26,59,6,91,0,35,59,8,102,76,2,78,180
06/26/2021,GYH,SC,ASO,ES,Federal Contract Tower,0,8,3,0,11,0,14,36,0,50,0,22,39,0,61,40,0,40,101
06/27/2021,GYH,SC,ASO,ES,Federal Contract Tower,0,2,2,0,4,0,16,9,0,25,0,18,11,0,29,14,0,14,43
06/28/2021,GYH,SC,ASO,ES,Federal Contract Tower,0,29,2,1,32,0,33,47,2,82,0,62,49,3,114,76,0,76,190
06/29/2021,GYH,SC,ASO,ES,Federal Contract Tower,0,15,0,1,16,0,12,16,12,40,0,27,16,13,56,22,0,22,78
06/30/2021,GYH,SC,ASO,ES,Federal Contract Tower,0,16,3,1,20,0,27,47,20,94,0,43,50,21,114,74,0,74,188
07/01/2021,GYH,SC,ASO,ES,Federal Contract Tower,0,18,1,3,22,0,48,39,0,87,0,66,40,3,109,44,4,48,157
07/02/2021,GYH,SC,ASO,ES,Federal Contract Tower,0,8,4,0,12,0,20,4,2,26,0,28,8,2,38,8,0,8,46
07/03/2021,GYH,SC,ASO,ES,Federal Contract Tower,0,2,0,0,2,0,35,42,0,77,0,37,42,0,79,62,0,62,141
07/04/2021,GYH,SC,ASO,ES,Federal Contract Tower,0,2,3,0,5,0,18,15,0,33,0,20,18,0,38,14,0,14,52
07/05/2021,GYH,SC,ASO,ES,Federal Contract Tower,0,5,2,0,7,0,1,56,0,57,0,6,58,0,64,48,0,48,112
07/06/2021,GYH,SC,ASO,ES,Federal Contract Tower,0,13,4,3,20,0,23,21,5,49,0,36,25,8,69,18,0,18,87
07/07/2021,GYH,SC,ASO,ES,Federal Contract Tower,0,11,0,1,12,0,16,40,10,66,0,27,40,11,78,78,0,78,156
07/08/2021,GYH,SC,ASO,ES,Federal Contract Tower,0,6,0,2,8,0,12,24,10,46,0,18,24,12,54,44,0,44,98
07/09/2021,GYH,SC,ASO,ES,Federal Contract Tower,0,13,1,5,19,0,4,34,4,42,0,17,35,9,61,22,0,22,83
07/10/2021,GYH,SC,ASO,ES,Federal Contract Tower,0,2,1,0,3,0,10,63,4,77,0,12,64,4,80,72,0,72,152
07/11/2021,GYH,SC,ASO,ES,Federal Contract Tower,0,7,5,0,12,0,6,5,0,11,0,13,10,0,23,6,0,6,29
07/12/2021,GYH,SC,ASO,ES,Federal Contract Tower,0,14,5,5,24,0,10,39,4,53,0,24,44,9,77,46,0,46,123
07/13/2021,GYH,SC,ASO,ES,Federal Contract Tower,0,15,2,2,19,0,2,19,10,31,0,17,21,12,50,22,4,26,76
07/14/2021,GYH,SC,ASO,ES,Federal Contract Tower,0,5,3,2,10,0,12,98,12,122,0,17,101,14,132,116,2,118,250
07/15/2021,GYH,SC,ASO,ES,Federal Contract Tower,0,14,5,4,23,0,13,32,15,60,0,27,37,19,83,62,20,82,165
07/16/2021,GYH,SC,ASO,ES,Federal Contract Tower,0,14,6,7,27,0,33,48,1,82,0,47,54,8,109,80,0,80,189
07/17/2021,GYH,SC,ASO,ES,Federal Contract Tower,0,5,1,0,6,0,20,39,2,61,0,25,40,2,67,34,0,34,101
07/18/2021,GYH,SC,ASO,ES,Federal Contract Tower,0,4,4,0,8,0,19,18,2,39,0,23,22,2,47,16,0,16,63
07/19/2021,GYH,SC,ASO,ES,Federal Contract Tower,0,11,2,1,14,0,7,0,4,11,0,18,2,5,25,0,2,2,27
07/20/2021,GYH,SC,ASO,ES,Federal Contract Tower,0,7,6,3,16,0,5,7,13,25,0,12,13,16,41,10,0,10,51
07/21/2021,GYH,SC,ASO,ES,Federal Contract Tower,0,26,0,2,28,0,14,68,16,98,0,40,68,18,126,86,0,86,212
07/22/2021,GYH,SC,ASO,ES,Federal Contract Tower,0,17,4,2,23,0,41,56,14,111,0,58,60,16,134,58,0,58,192
07/23/2021,GYH,SC,ASO,ES,Federal Contract Tower,0,7,0,0,7,0,16,35,3,54,0,23,35,3,61,42,0,42,103
07/24/2021,GYH,SC,ASO,ES,Federal Contract Tower,0,10,4,0,14,0,15,22,0,37,0,25,26,0,51,16,0,16,67
07/25/2021,GYH,SC,ASO,ES,Federal Contract Tower,0,5,0,0,5,0,10,20,0,30,0,15,20,0,35,12,0,12,47
07/26/2021,GYH,SC,ASO,ES,Federal Contract Tower,0,9,4,4,17,0,21,20,6,47,0,30,24,10,64,14,10,24,88
07/27/2021,GYH,SC,ASO,ES,Federal Contract Tower,0,15,1,0,16,0,6,31,10,47,0,21,32,10,63,36,2,38,101
07/28/2021,GYH,SC,ASO,ES,Federal Contract Tower,0,27,1,3,31,0,23,40,14,77,0,50,41,17,108,42,0,42,150
07/29/2021,GYH,SC,ASO,ES,Federal Contract Tower,0,12,6,3,21,0,18,54,9,81,0,30,60,12,102,56,0,56,158
07/30/2021,GYH,SC,ASO,ES,Federal Contract Tower,0,19,4,2,25,0,15,46,2,63,0,34,50,4,88,62,0,62,150
07/31/2021,GYH,SC,ASO,ES,Federal Contract Tower,0,10,0,0,10,0,22,28,0,50,0,32,28,0,60,30,0,30,90
08/01/2021,GYH,SC,ASO,ES,Federal Contract Tower,0,11,2,1,14,0,31,36,0,67,0,42,38,1,81,30,0,30,111
08/02/2021,GYH,SC,ASO,ES,Federal Contract Tower,0,10,2,3,15,0,6,37,0,43,0,16,39,3,58,38,0,38,96
08/03/2021,GYH,SC,ASO,ES,Federal Contract Tower,0,19,1,1,21,0,5,10,8,23,0,24,11,9,44,16,0,16,60
08/04/2021,GYH,SC,ASO,ES,Federal Contract Tower,0,19,2,3,24,0,35,54,4,93,0,54,56,7,117,60,0,60,177
08/05/2021,GYH,SC,ASO,ES,Federal Contract Tower,0,12,7,3,22,0,16,32,4,52,0,28,39,7,74,44,0,44,118
08/06/2021,GYH,SC,ASO,ES,Federal Contract Tower,0,6,3,2,11,0,10,35,2,47,0,16,38,4,58,30,0,30,88
08/07/2021,GYH,SC,ASO,ES,Federal Contract Tower,0,3,0,0,3,0,14,31,0,45,0,17,31,0,48,32,0,32,80
08/08/2021,GYH,SC,ASO,ES,Federal Contract Tower,0,10,3,0,13,0,5,52,0,57,0,15,55,0,70,70,0,70,140
08/09/2021,GYH,SC,ASO,ES,Federal Contract Tower,0,19,0,4,23,0,21,36,0,57,0,40,36,4,80,30,0,30,110
08/10/2021,GYH,SC,ASO,ES,Federal Contract Tower,0,8,1,3,12,0,26,27,6,59,0,34,28,9,71,34,0,34,105
08/11/2021,GYH,SC,ASO,ES,Federal Contract Tower,0,23,3,3,29,0,16,21,10,47,0,39,24,13,76,20,2,22,98
08/12/2021,GYH,SC,ASO,ES,Federal Contract Tower,0,13,1,0,14,0,15,31,13,59,0,28,32,13,73,28,4,32,105
08/13/2021,GYH,SC,ASO,ES,Federal Contract Tower,0,13,1,0,14,0,23,56,4,83,0,36,57,4,97,62,0,62,159
08/14/2021,GYH,SC,ASO,ES,Federal Contract Tower,0,5,4,0,9,0,14,23,0,37,0,19,27,0,46,26,0,26,72
08/15/2021,GYH,SC,ASO,ES,Federal Contract Tower,0,5,3,1,9,0,2,17,0,19,0,7,20,1,28,12,0,12,40
08/16/2021,GYH,SC,ASO,ES,Federal Contract Tower,0,21,3,0,24,0,7,1,0,8,0,28,4,0,32,0,0,0,32
08/17/2021,GYH,SC,ASO,ES,Federal Contract Tower,0,4,3,5,12,0,0,1,0,1,0,4,4,5,13,0,0,0,13
08/18/2021,GYH,SC,ASO,ES,Federal Contract Tower,0,8,5,0,13,0,13,37,2,52,0,21,42,2,65,24,0,24,89
08/19/2021,GYH,SC,ASO,ES,Federal Contract Tower,0,15,8,5,28,0,14,40,1,55,0,29,48,6,83,58,0,58,141
08/20/2021,GYH,SC,ASO,ES,Federal Contract Tower,0,9,2,3,14,0,6,64,11,81,0,15,66,14,95,106,0,106,201
08/21/2021,GYH,SC,ASO,ES,Federal Contract Tower,0,7,2,1,10,0,4,40,0,44,0,11,42,1,54,50,0,50,104
08/22/2021,GYH,SC,ASO,ES,Federal Contract Tower,0,3,2,0,5,0,22,15,0,37,0,25,17,0,42,22,0,22,64
08/23/2021,GYH,SC,ASO,ES,Federal Contract Tower,0,8,3,0,11,0,12,53,0,65,0,20,56,0,76,58,0,58,134
08/24/2021,GYH,SC,ASO,ES,Federal Contract Tower,0,26,3,3,32,0,8,57,20,85,0,34,60,23,117,68,4,72,189
08/25/2021,GYH,SC,ASO,ES,Federal Contract Tower,0,11,10,2,23,0,12,60,4,76,0,23,70,6,99,84,2,86,185
08/26/2021,GYH,SC,ASO,ES,Federal Contract Tower,0,26,0,1,27,0,5,19,10,34,0,31,19,11,61,8,2,10,71
08/27/2021,GYH,SC,ASO,ES,Federal Contract Tower,0,13,9,1,23,0,28,54,11,93,0,41,63,12,116,56,0,56,172
08/28/2021,GYH,SC,ASO,ES,Federal Contract Tower,0,6,1,0,7,0,41,45,0,86,0,47,46,0,93,78,0,78,171
08/29/2021,GYH,SC,ASO,ES,Federal Contract Tower,0,5,4,0,9,0,21,29,0,50,0,26,33,0,59,26,0,26,85
08/30/2021,GYH,SC,ASO,ES,Federal Contract Tower,0,5,0,2,7,0,5,35,1,41,0,10,35,3,48,52,0,52,100
08/31/2021,GYH,SC,ASO,ES,Federal Contract Tower,0,6,2,0,8,0,5,18,15,38,0,11,20,15,46,16,14,30,76
09/01/2021,GYH,SC,ASO,ES,Federal Contract Tower,0,5,0,5,10,0,12,17,12,41,0,17,17,17,51,18,0,18,69
09/02/2021,GYH,SC,ASO,ES,Federal Contract Tower,0,23,1,7,31,0,27,51,14,92,0,50,52,21,123,64,0,64,187
09/03/2021,GYH,SC,ASO,ES,Federal Contract Tower,0,14,7,0,21,0,27,67,0,94,0,41,74,0,115,96,0,96,211
09/04/2021,GYH,SC,ASO,ES,Federal Contract Tower,0,0,3,0,3,0,24,29,0,53,0,24,32,0,56,20,0,20,76
09/05/2021,GYH,SC,ASO,ES,Federal Contract Tower,0,9,2,0,11,0,14,26,0,40,0,23,28,0,51,18,0,18,69
09/06/2021,GYH,SC,ASO,ES,Federal Contract Tower,0,9,2,0,11,0,17,22,0,39,0,26,24,0,50,24,0,24,74
09/07/2021,GYH,SC,ASO,ES,Federal Contract Tower,0,10,2,4,16,0,29,33,0,62,0,39,35,4,78,36,0,36,114
09/08/2021,GYH,SC,ASO,ES,Federal Contract Tower,0,12,2,5,19,0,20,43,2,65,0,32,45,7,84,76,0,76,160
09/09/2021,GYH,SC,ASO,ES,Federal Contract Tower,0,9,0,5,14,0,18,13,9,40,0,27,13,14,54,20,4,24,78
09/10/2021,GYH,SC,ASO,ES,Federal Contract Tower,0,7,1,2,10,0,6,57,4,67,0,13,58,6,77,52,8,60,137
09/11/2021,GYH,SC,ASO,ES,Federal Contract Tower,0,5,5,0,10,0,44,38,9,91,0,49,43,9,101,76,2,78,179
09/12/2021,GYH,SC,ASO,ES,Federal Contract Tower,0,15,2,0,17,0,52,43,1,96,0,67,45,1,113,62,0,62,175
09/13/2021,GYH,SC,ASO,ES,Federal Contract Tower,0,10,5,3,18,0,17,35,1,53,0,27,40,4,71,40,0,40,111
09/14/2021,GYH,SC,ASO,ES,Federal Contract Tower,0,10,5,8,23,0,52,27,10,89,0,62,32,18,112,30,0,30,142
09/15/2021,GYH,SC,ASO,ES,Federal Contract Tower,0,10,1,0,11,0,22,24,5,51,0,32,25,5,62,46,0,46,108
09/16/2021,GYH,SC,ASO,ES,Federal Contract Tower,0,10,2,1,13,0,2,0,0,2,0,12,2,1,15,0,0,0,15
09/17/2021,GYH,SC,ASO,ES,Federal Contract Tower,0,17,10,0,27,0,10,23,4,37,0,27,33,4,64,26,0,26,90
09/18/2021,GYH,SC,ASO,ES,Federal Contract Tower,0,12,1,0,13,0,16,32,0,48,0,28,33,0,61,48,0,48,109
09/19/2021,GYH,SC,ASO,ES,Federal Contract Tower,0,13,3,0,16,0,24,29,0,53,0,37,32,0,69,30,0,30,99
09/20/2021,GYH,SC,ASO,ES,Federal Contract Tower,0,8,7,1,16,0,1,0,0,1,0,9,7,1,17,0,0,0,17
09/21/2021,GYH,SC,ASO,ES,Federal Contract Tower,0,11,7,13,31,0,0,0,0,0,0,11,7,13,31,0,0,0,31
09/22/2021,GYH,SC,ASO,ES,Federal Contract Tower,0,12,0,2,14,0,12,9,12,33,0,24,9,14,47,18,4,22,69
09/23/2021,GYH,SC,ASO,ES,Federal Contract Tower,0,10,8,1,19,0,20,66,15,101,0,30,74,16,120,68,0,68,188
09/24/2021,GYH,SC,ASO,ES,Federal Contract Tower,0,19,2,1,22,0,53,60,3,116,0,72,62,4,138,46,4,50,188
09/25/2021,GYH,SC,ASO,ES,Federal Contract Tower,0,9,0,0,9,0,10,58,3,71,0,19,58,3,80,50,0,50,130
09/26/2021,GYH,SC,ASO,ES,Federal Contract Tower,0,8,0,0,8,0,16,25,0,41,0,24,25,0,49,16,0,16,65
09/27/2021,GYH,SC,ASO,ES,Federal Contract Tower,0,7,1,0,8,0,11,46,1,58,0,18,47,1,66,58,0,58,124
09/28/2021,GYH,SC,ASO,ES,Federal Contract Tower,0,17,2,3,22,0,2,39,9,50,0,19,41,12,72,40,6,46,118
09/29/2021,GYH,SC,ASO,ES,Federal Contract Tower,0,14,2,0,16,0,28,44,0,72,0,42,46,0,88,56,0,56,144
09/30/2021,GYH,SC,ASO,ES,Federal Contract Tower,0,26,0,4,30,0,23,37,29,89,0,49,37,33,119,46,26,72,191
10/01/2021,GYH,SC,ASO,ES,Federal Contract Tower,0,14,3,3,20,0,7,45,0,52,0,21,48,3,72,58,0,58,130
10/02/2021,GYH,SC,ASO,ES,Federal Contract Tower,0,5,1,1,7,0,15,47,0,62,0,20,48,1,69,64,0,64,133
10/03/2021,GYH,SC,ASO,ES,Federal Contract Tower,0,10,0,0,10,0,6,5,4,15,0,16,5,4,25,4,0,4,29
10/04/2021,GYH,SC,ASO,ES,Federal Contract Tower,0,11,4,0,15,0,0,3,0,3,0,11,7,0,18,2,0,2,20
10/05/2021,GYH,SC,ASO,ES,Federal Contract Tower,0,9,4,7,20,0,0,5,6,11,0,9,9,13,31,0,0,0,31
10/06/2021,GYH,SC,ASO,ES,Federal Contract Tower,0,7,2,3,12,0,0,4,2,6,0,7,6,5,18,10,0,10,28
10/07/2021,GYH,SC,ASO,ES,Federal Contract Tower,0,10,7,6,23,0,0,0,0,0,0,10,7,6,23,0,0,0,23
10/08/2021,GYH,SC,ASO,ES,Federal Contract Tower,0,11,4,2,17,0,4,8,0,12,0,15,12,2,29,8,0,8,37
10/09/2021,GYH,SC,ASO,ES,Federal Contract Tower,0,7,4,3,14,0,14,9,2,25,0,21,13,5,39,0,0,0,39
10/10/2021,GYH,SC,ASO,ES,Federal Contract Tower,0,11,0,0,11,0,14,33,0,47,0,25,33,0,58,36,0,36,94
10/11/2021,GYH,SC,ASO,ES,Federal Contract Tower,0,9,8,1,18,0,23,51,0,74,0,32,59,1,92,64,0,64,156
10/12/2021,GYH,SC,ASO,ES,Federal Contract Tower,0,15,4,5,24,0,20,52,15,87,0,35,56,20,111,86,6,92,203
10/13/2021,GYH,SC,ASO,ES,Federal Contract Tower,0,14,0,2,16,0,16,59,6,81,0,30,59,8,97,66,0,66,163
10/14/2021,GYH,SC,ASO,ES,Federal Contract Tower,0,35,2,2,39,0,18,47,30,95,0,53,49,32,134,34,6,40,174
10/15/2021,GYH,SC,ASO,ES,Federal Contract Tower,0,16,2,4,22,0,7,88,19,114,0,23,90,23,136,122,8,130,266
10/16/2021,GYH,SC,ASO,ES,Federal Contract Tower,0,11,0,0,11,0,30,58,0,88,0,41,58,0,99,30,0,30,129
10/17/2021,GYH,SC,ASO,ES,Federal Contract Tower,0,9,5,0,14,0,16,31,0,47,0,25,36,0,61,18,0,18,79
10/18/2021,GYH,SC,ASO,ES,Federal Contract Tower,0,21,4,0,25,0,12,68,0,80,0,33,72,0,105,80,0,80,185
10/19/2021,GYH,SC,ASO,ES,Federal Contract Tower,0,21,1,4,26,0,20,58,7,85,0,41,59,11,111,54,4,58,169
10/20/2021,GYH,SC,ASO,ES,Federal Contract Tower,0,17,2,5,24,0,23,21,15,59,0,40,23,20,83,16,2,18,101
10/21/2021,GYH,SC,ASO,ES,Federal Contract Tower,0,18,3,4,25,0,26,59,15,100,0,44,62,19,125,84,0,84,209
10/22/2021,GYH,SC,ASO,ES,Federal Contract Tower,0,10,6,1,17,0,26,37,4,67,0,36,43,5,84,48,4,52,136
10/23/2021,GYH,SC,ASO,ES,Federal Contract Tower,0,10,5,0,15,0,38,46,0,84,0,48,51,0,99,64,0,64,163
10/24/2021,GYH,SC,ASO,ES,Federal Contract Tower,0,8,4,0,12,0,11,47,0,58,0,19,51,0,70,50,0,50,120
10/25/2021,GYH,SC,ASO,ES,Federal Contract Tower,0,16,3,0,19,0,24,29,0,53,0,40,32,0,72,30,0,30,102
10/26/2021,GYH,SC,ASO,ES,Federal Contract Tower,0,10,1,0,11,0,20,33,17,70,0,30,34,17,81,50,2,52,133
10/27/2021,GYH,SC,ASO,ES,Federal Contract Tower,0,17,1,0,18,0,15,30,13,58,0,32,31,13,76,12,2,14,90
10/28/2021,GYH,SC,ASO,ES,Federal Contract Tower,0,12,2,2,16,0,12,10,0,22,0,24,12,2,38,8,0,8,46
10/29/2021,GYH,SC,ASO,ES,Federal Contract Tower,0,9,2,0,11,0,0,0,0,0,0,9,2,0,11,0,0,0,11
10/30/2021,GYH,SC,ASO,ES,Federal Contract Tower,0,9,0,1,10,0,7,20,0,27,0,16,20,1,37,28,0,28,65
10/31/2021,GYH,SC,ASO,ES,Federal Contract Tower,0,13,2,1,16,0,23,35,0,58,0,36,37,1,74,48,0,48,122
11/01/2021,GYH,SC,ASO,ES,Federal Contract Tower,0,11,4,2,17,0,14,57,0,71,0,25,61,2,88,56,0,56,144
11/02/2021,GYH,SC,ASO,ES,Federal Contract Tower,0,15,1,5,21,0,13,30,4,47,0,28,31,9,68,32,0,32,100
11/03/2021,GYH,SC,ASO,ES,Federal Contract Tower,0,20,6,2,28,0,22,56,0,78,0,42,62,2,106,98,0,98,204
11/04/2021,GYH,SC,ASO,ES,Federal Contract Tower,0,15,2,3,20,0,0,0,0,0,0,15,2,3,20,0,0,0,20
11/05/2021,GYH,SC,ASO,ES,Federal Contract Tower,0,14,3,2,19,0,11,73,4,88,0,25,76,6,107,88,0,88,195
11/06/2021,GYH,SC,ASO,ES,Federal Contract Tower,0,14,0,0,14,0,4,7,0,11,0,18,7,0,25,6,0,6,31
11/07/2021,GYH,SC,ASO,ES,Federal Contract Tower,0,12,8,0,20,0,17,45,0,62,0,29,53,0,82,58,0,58,140
11/08/2021,GYH,SC,ASO,ES,Federal Contract Tower,0,26,0,1,27,0,21,68,4,93,0,47,68,5,120,94,0,94,214
11/09/2021,GYH,SC,ASO,ES,Federal Contract Tower,0,14,2,3,19,0,22,59,22,103,0,36,61,25,122,92,12,104,226
11/10/2021,GYH,SC,ASO,ES,Federal Contract Tower,0,11,3,6,20,0,22,84,8,114,0,33,87,14,134,104,0,104,238
11/11/2021,GYH,SC,ASO,ES,Federal Contract Tower,0,9,8,0,17,0,4,0,0,4,0,13,8,0,21,0,0,0,21
11/12/2021,GYH,SC,ASO,ES,Federal Contract Tower,0,13,2,1,16,0,12,72,0,84,0,25,74,1,100,104,0,104,204
11/13/2021,GYH,SC,ASO,ES,Federal Contract Tower,0,6,2,0,8,0,18,74,0,92,0,24,76,0,100,114,0,114,214
11/14/2021,GYH,SC,ASO,ES,Federal Contract Tower,0,12,0,0,12,0,17,13,0,30,0,29,13,0,42,8,0,8,50
11/15/2021,GYH,SC,ASO,ES,Federal Contract Tower,0,22,1,2,25,0,28,47,0,75,0,50,48,2,100,64,0,64,164
11/16/2021,GYH,SC,ASO,ES,Federal Contract Tower,0,15,5,2,22,0,19,40,18,77,0,34,45,20,99,62,12,74,173
11/17/2021,GYH,SC,ASO,ES,Federal Contract Tower,0,13,2,2,17,0,29,41,36,106,0,42,43,38,123,50,6,56,179
11/18/2021,GYH,SC,ASO,ES,Federal Contract Tower,0,9,2,2,13,0,10,41,15,66,0,19,43,17,79,50,0,50,129
11/19/2021,GYH,SC,ASO,ES,Federal Contract Tower,0,15,0,0,15,0,32,60,1,93,0,47,60,1,108,76,0,76,184
11/20/2021,GYH,SC,ASO,ES,Federal Contract Tower,0,11,0,0,11,0,17,41,0,58,0,28,41,0,69,64,0,64,133
11/21/2021,GYH,SC,ASO,ES,Federal Contract Tower,0,6,0,0,6,0,12,31,0,43,0,18,31,0,49,52,0,52,101
11/22/2021,GYH,SC,ASO,ES,Federal Contract Tower,0,20,5,0,25,0,10,20,4,34,0,30,25,4,59,26,2,28,87
11/23/2021,GYH,SC,ASO,ES,Federal Contract Tower,0,21,0,0,21,0,10,52,15,77,0,31,52,15,98,78,0,78,176
11/24/2021,GYH,SC,ASO,ES,Federal Contract Tower,0,2,2,0,4,0,22,80,4,106,0,24,82,4,110,114,0,114,224
11/25/2021,GYH,SC,ASO,ES,Federal Contract Tower,0,1,0,0,1,0,2,0,0,2,0,3,0,0,3,0,0,0,3
11/26/2021,GYH,SC,ASO,ES,Federal Contract Tower,0,3,2,0,5,0,6,30,0,36,0,9,32,0,41,46,0,46,87
11/27/2021,GYH,SC,ASO,ES,Federal Contract Tower,0,7,1,0,8,0,9,30,0,39,0,16,31,0,47,60,0,60,107
11/28/2021,GYH,SC,ASO,ES,Federal Contract Tower,0,10,0,0,10,0,20,22,0,42,0,30,22,0,52,12,0,12,64
11/29/2021,GYH,SC,ASO,ES,Federal Contract Tower,0,7,5,1,13,0,6,61,0,67,0,13,66,1,80,74,0,74,154
11/30/2021,GYH,SC,ASO,ES,Federal Contract Tower,0,7,3,0,10,0,10,40,18,68,0,17,43,18,78,56,0,56,134
12/01/2021,GYH,SC,ASO,ES,Federal Contract Tower,0,14,6,1,21,0,32,61,16,109,0,46,67,17,130,86,0,86,216
12/02/2021,GYH,SC,ASO,ES,Federal Contract Tower,0,23,5,1,29,0,26,59,15,100,0,49,64,16,129,132,0,132,261
12/03/2021,GYH,SC,ASO,ES,Federal Contract Tower,0,8,3,0,11,0,11,93,0,104,0,19,96,0,115,98,0,98,213
12/04/2021,GYH,SC,ASO,ES,Federal Contract Tower,0,12,0,0,12,0,6,72,12,90,0,18,72,12,102,92,0,92,194
12/05/2021,GYH,SC,ASO,ES,Federal Contract Tower,0,11,3,0,14,0,17,34,11,62,0,28,37,11,76,40,14,54,130
12/06/2021,GYH,SC,ASO,ES,Federal Contract Tower,0,20,7,0,27,0,12,14,0,26,0,32,21,0,53,20,0,20,73
12/07/2021,GYH,SC,ASO,ES,Federal Contract Tower,0,6,0,3,9,0,9,56,24,89,0,15,56,27,98,80,18,98,196
12/08/2021,GYH,SC,ASO,ES,Federal Contract Tower,0,21,0,2,23,0,4,51,60,115,0,25,51,62,138,104,0,104,242
12/09/2021,GYH,SC,ASO,ES,Federal Contract Tower,0,22,2,0,24,0,11,64,40,115,0,33,66,40,139,68,0,68,207
12/10/2021,GYH,SC,ASO,ES,Federal Contract Tower,0,9,1,1,11,0,0,0,0,0,0,9,1,1,11,0,0,0,11
12/11/2021,GYH,SC,ASO,ES,Federal Contract Tower,0,4,0,0,4,0,0,0,2,2,0,4,0,2,6,0,0,0,6
12/12/2021,GYH,SC,ASO,ES,Federal Contract Tower,0,13,3,0,16,0,6,39,0,45,0,19,42,0,61,46,0,46,107
12/13/2021,GYH,SC,ASO,ES,Federal Contract Tower,0,16,0,8,24,0,18,63,0,81,0,34,63,8,105,68,0,68,173
12/14/2021,GYH,SC,ASO,ES,Federal Contract Tower,0,11,3,2,16,0,17,41,46,104,0,28,44,48,120,48,28,76,196
12/15/2021,GYH,SC,ASO,ES,Federal Contract Tower,0,9,2,2,13,0,22,57,18,97,0,31,59,20,110,60,6,66,176
12/16/2021,GYH,SC,ASO,ES,Federal Contract Tower,0,21,1,3,25,0,28,79,18,125,0,49,80,21,150,118,0,118,268
12/17/2021,GYH,SC,ASO,ES,Federal Contract Tower,0,16,0,0,16,0,26,13,0,39,0,42,13,0,55,10,0,10,65
12/18/2021,GYH,SC,ASO,ES,Federal Contract Tower,0,2,1,0,3,0,0,0,0,0,0,2,1,0,3,0,0,0,3
12/19/2021,GYH,SC,ASO,ES,Federal Contract Tower,0,10,6,0,16,0,18,15,0,33,0,28,21,0,49,22,0,22,71
12/20/2021,GYH,SC,ASO,ES,Federal Contract Tower,0,7,0,1,8,0,2,42,1,45,0,9,42,2,53,38,0,38,91
12/21/2021,GYH,SC,ASO,ES,Federal Contract Tower,0,11,5,4,20,0,6,20,14,40,0,17,25,18,60,18,4,22,82
12/22/2021,GYH,SC,ASO,ES,Federal Contract Tower,0,18,4,0,22,0,2,34,7,43,0,20,38,7,65,42,0,42,107
12/23/2021,GYH,SC,ASO,ES,Federal Contract Tower,0,15,1,0,16,0,25,37,0,62,0,40,38,0,78,48,0,48,126
12/24/2021,GYH,SC,ASO,ES,Federal Contract Tower,0,3,2,0,5,0,6,4,0,10,0,9,6,0,15,4,0,4,19
12/25/2021,GYH,SC,ASO,ES,Federal Contract Tower,0,1,0,0,1,0,10,0,0,10,0,11,0,0,11,0,0,0,11
12/26/2021,GYH,SC,ASO,ES,Federal Contract Tower,0,3,2,0,5,0,16,20,0,36,0,19,22,0,41,4,0,4,45
12/27/2021,GYH,SC,ASO,ES,Federal Contract Tower,0,4,2,0,6,0,14,2,0,16,0,18,4,0,22,0,0,0,22
12/28/2021,GYH,SC,ASO,ES,Federal Contract Tower,0,10,4,0,14,0,10,10,0,20,0,20,14,0,34,16,0,16,50
12/29/2021,GYH,SC,ASO,ES,Federal Contract Tower,0,5,0,0,5,0,0,0,0,0,0,5,0,0,5,0,0,0,5
12/30/2021,GYH,SC,ASO,ES,Federal Contract Tower,0,6,0,0,6,0,0,0,0,0,0,6,0,0,6,0,0,0,6
12/31/2021,GYH,SC,ASO,ES,Federal Contract Tower,0,7,0,0,7,0,2,37,0,39,0,9,37,0,46,56,0,56,102
01/01/2022,GYH,SC,ASO,ES,Federal Contract Tower,0,2,0,0,2,0,4,2,0,6,0,6,2,0,8,2,0,2,10
01/02/2022,GYH,SC,ASO,ES,Federal Contract Tower,0,9,1,0,10,0,0,0,0,0,0,9,1,0,10,0,0,0,10
01/03/2022,GYH,SC,ASO,ES,Federal Contract Tower,0,13,2,0,15,0,24,6,0,30,0,37,8,0,45,4,0,4,49
01/04/2022,GYH,SC,ASO,ES,Federal Contract Tower,0,14,5,4,23,0,14,68,31,113,0,28,73,35,136,116,22,138,274
01/05/2022,GYH,SC,ASO,ES,Federal Contract Tower,0,17,4,11,32,0,19,58,11,88,0,36,62,22,120,68,0,68,188
01/06/2022,GYH,SC,ASO,ES,Federal Contract Tower,0,11,5,5,21,0,4,33,14,51,0,15,38,19,72,30,24,54,126
01/07/2022,GYH,SC,ASO,ES,Federal Contract Tower,0,14,3,0,17,0,26,39,6,71,0,40,42,6,88,60,0,60,148
01/08/2022,GYH,SC,ASO,ES,Federal Contract Tower,0,3,0,0,3,0,8,34,3,45,0,11,34,3,48,48,0,48,96
01/09/2022,GYH,SC,ASO,ES,Federal Contract Tower,0,8,0,0,8,0,0,1,0,1,0,8,1,0,9,0,0,0,9
01/10/2022,GYH,SC,ASO,ES,Federal Contract Tower,0,15,0,4,19,0,1,18,0,19,0,16,18,4,38,18,0,18,56
01/11/2022,GYH,SC,ASO,ES,Federal Contract Tower,0,16,2,2,20,0,29,45,27,101,0,45,47,29,121,50,10,60,181
01/12/2022,GYH,SC,ASO,ES,Federal Contract Tower,0,15,3,1,19,0,17,78,13,108,0,32,81,14,127,94,4,98,225
01/13/2022,GYH,SC,ASO,ES,Federal Contract Tower,0,13,0,0,13,0,23,53,40,116,0,36,53,40,129,90,16,106,235
01/14/2022,GYH,SC,ASO,ES,Federal Contract Tower,0,13,1,1,15,0,26,44,0,70,0,39,45,1,85,52,0,52,137
01/15/2022,GYH,SC,ASO,ES,Federal Contract Tower,0,7,0,0,7,0,18,33,0,51,0,25,33,0,58,36,0,36,94
01/16/2022,GYH,SC,ASO,ES,Federal Contract Tower,0,0,0,0,0,0,0,0,0,0,0,0,0,0,0,0,0,0,0
01/17/2022,GYH,SC,ASO,ES,Federal Contract Tower,0,0,0,0,0,0,14,0,0,14,0,14,0,0,14,0,0,0,14
01/18/2022,GYH,SC,ASO,ES,Federal Contract Tower,0,5,0,0,5,0,14,5,24,43,0,19,5,24,48,8,16,24,72
01/19/2022,GYH,SC,ASO,ES,Federal Contract Tower,0,10,2,3,15,0,6,38,31,75,0,16,40,34,90,64,0,64,154
01/20/2022,GYH,SC,ASO,ES,Federal Contract Tower,0,17,3,2,22,0,0,0,16,16,0,17,3,18,38,0,16,16,54
01/21/2022,GYH,SC,ASO,ES,Federal Contract Tower,0,19,0,1,20,0,10,18,0,28,0,29,18,1,48,40,0,40,88
01/22/2022,GYH,SC,ASO,ES,Federal Contract Tower,0,3,1,0,4,0,13,50,0,63,0,16,51,0,67,76,0,76,143
01/23/2022,GYH,SC,ASO,ES,Federal Contract Tower,0,6,1,0,7,0,10,32,0,42,0,16,33,0,49,30,0,30,79
01/24/2022,GYH,SC,ASO,ES,Federal Contract Tower,0,12,2,3,17,0,24,32,0,56,0,36,34,3,73,40,0,40,113
01/25/2022,GYH,SC,ASO,ES,Federal Contract Tower,0,15,0,5,20,0,22,50,36,108,0,37,50,41,128,76,20,96,224
01/26/2022,GYH,SC,ASO,ES,Federal Contract Tower,0,20,1,3,24,0,22,71,25,118,0,42,72,28,142,98,10,108,250
01/27/2022,GYH,SC,ASO,ES,Federal Contract Tower,0,10,0,2,12,0,12,56,58,126,0,22,56,60,138,50,10,60,198
01/28/2022,GYH,SC,ASO,ES,Federal Contract Tower,0,7,0,3,10,0,16,41,4,61,0,23,41,7,71,54,0,54,125
01/29/2022,GYH,SC,ASO,ES,Federal Contract Tower,0,4,0,0,4,0,22,37,0,59,0,26,37,0,63,44,0,44,107
01/30/2022,GYH,SC,ASO,ES,Federal Contract Tower,0,9,0,0,9,0,10,40,0,50,0,19,40,0,59,52,0,52,111
01/31/2022,GYH,SC,ASO,ES,Federal Contract Tower,0,5,0,1,6,0,25,66,5,96,0,30,66,6,102,104,8,112,214
02/01/2022,GYH,SC,ASO,ES,Federal Contract Tower,0,6,2,3,11,0,32,30,29,91,0,38,32,32,102,32,16,48,150
02/02/2022,GYH,SC,ASO,ES,Federal Contract Tower,0,14,3,4,21,0,24,71,30,125,0,38,74,34,146,76,8,84,230
02/03/2022,GYH,SC,ASO,ES,Federal Contract Tower,0,7,0,2,9,0,0,0,0,0,0,7,0,2,9,0,0,0,9
02/04/2022,GYH,SC,ASO,ES,Federal Contract Tower,0,10,0,2,12,0,12,2,0,14,0,22,2,2,26,0,0,0,26
02/05/2022,GYH,SC,ASO,ES,Federal Contract Tower,0,9,9,0,18,0,10,64,0,74,0,19,73,0,92,72,0,72,164
02/06/2022,GYH,SC,ASO,ES,Federal Contract Tower,0,15,4,1,20,0,0,65,7,72,0,15,69,8,92,76,0,76,168
02/07/2022,GYH,SC,ASO,ES,Federal Contract Tower,0,24,5,0,29,0,18,40,0,58,0,42,45,0,87,68,0,68,155
02/08/2022,GYH,SC,ASO,ES,Federal Contract Tower,0,16,1,7,24,0,13,45,25,83,0,29,46,32,107,76,10,86,193
02/09/2022,GYH,SC,ASO,ES,Federal Contract Tower,0,30,3,4,37,0,29,81,27,137,0,59,84,31,174,132,4,136,310
02/10/2022,GYH,SC,ASO,ES,Federal Contract Tower,0,10,0,3,13,0,23,72,44,139,0,33,72,47,152,86,4,90,242
02/11/2022,GYH,SC,ASO,ES,Federal Contract Tower,0,16,1,0,17,0,9,48,10,67,0,25,49,10,84,44,8,52,136
02/12/2022,GYH,SC,ASO,ES,Federal Contract Tower,0,6,0,0,6,0,0,33,4,37,0,6,33,4,43,42,0,42,85
02/13/2022,GYH,SC,ASO,ES,Federal Contract Tower,0,7,1,0,8,0,0,28,14,42,0,7,29,14,50,50,18,68,118
02/14/2022,GYH,SC,ASO,ES,Federal Contract Tower,0,9,4,0,13,0,14,25,0,39,0,23,29,0,52,18,0,18,70
02/15/2022,GYH,SC,ASO,ES,Federal Contract Tower,0,10,1,2,13,0,15,80,12,107,0,25,81,14,120,92,4,96,216
02/16/2022,GYH,SC,ASO,ES,Federal Contract Tower,0,16,0,6,22,0,24,97,28,149,0,40,97,34,171,104,2,106,277
02/17/2022,GYH,SC,ASO,ES,Federal Contract Tower,0,16,0,5,21,0,1,1,34,36,0,17,1,39,57,0,0,0,57
02/18/2022,GYH,SC,ASO,ES,Federal Contract Tower,0,13,2,0,15,0,11,54,0,65,0,24,56,0,80,52,0,52,132
02/19/2022,GYH,SC,ASO,ES,Federal Contract Tower,0,6,1,0,7,0,9,88,0,97,0,15,89,0,104,106,0,106,210
02/20/2022,GYH,SC,ASO,ES,Federal Contract Tower,0,12,1,0,13,0,9,60,0,69,0,21,61,0,82,80,0,80,162
02/21/2022,GYH,SC,ASO,ES,Federal Contract Tower,0,26,0,0,26,0,19,102,0,121,0,45,102,0,147,148,0,148,295
02/22/2022,GYH,SC,ASO,ES,Federal Contract Tower,0,16,0,2,18,0,2,0,14,16,0,18,0,16,34,0,0,0,34
02/23/2022,GYH,SC,ASO,ES,Federal Contract Tower,0,18,2,4,24,0,56,17,18,91,0,74,19,22,115,10,0,10,125
02/24/2022,GYH,SC,ASO,ES,Federal Contract Tower,0,12,1,2,15,0,6,28,35,69,0,18,29,37,84,40,0,40,124
02/25/2022,GYH,SC,ASO,ES,Federal Contract Tower,0,13,1,0,14,0,15,8,0,23,0,28,9,0,37,0,0,0,37
02/26/2022,GYH,SC,ASO,ES,Federal Contract Tower,0,4,6,0,10,0,20,66,0,86,0,24,72,0,96,92,0,92,188
02/27/2022,GYH,SC,ASO,ES,Federal Contract Tower,0,8,1,0,9,0,0,0,0,0,0,8,1,0,9,0,0,0,9
02/28/2022,GYH,SC,ASO,ES,Federal Contract Tower,0,27,3,1,31,0,19,45,0,64,0,46,48,1,95,68,0,68,163
03/01/2022,GYH,SC,ASO,ES,Federal Contract Tower,0,9,4,5,18,0,16,48,19,83,0,25,52,24,101,72,28,100,201
03/02/2022,GYH,SC,ASO,ES,Federal Contract Tower,0,17,3,7,27,0,15,60,20,95,0,32,63,27,122,76,0,76,198
03/03/2022,GYH,SC,ASO,ES,Federal Contract Tower,0,10,1,3,14,0,35,70,35,140,0,45,71,38,154,84,6,90,244
03/04/2022,GYH,SC,ASO,ES,Federal Contract Tower,0,8,0,1,9,0,27,59,5,91,0,35,59,6,100,60,2,62,162
03/05/2022,GYH,SC,ASO,ES,Federal Contract Tower,0,6,2,0,8,0,10,59,3,72,0,16,61,3,80,94,0,94,174
03/06/2022,GYH,SC,ASO,ES,Federal Contract Tower,0,15,1,0,16,0,6,14,0,20,0,21,15,0,36,14,0,14,50
03/07/2022,GYH,SC,ASO,ES,Federal Contract Tower,0,12,3,0,15,0,16,11,10,37,0,28,14,10,52,8,0,8,60
03/08/2022,GYH,SC,ASO,ES,Federal Contract Tower,0,16,5,5,26,0,19,45,11,75,0,35,50,16,101,58,6,64,165
03/09/2022,GYH,SC,ASO,ES,Federal Contract Tower,0,16,0,6,22,0,6,5,10,21,0,22,5,16,43,6,10,16,59
03/10/2022,GYH,SC,ASO,ES,Federal Contract Tower,0,12,5,8,25,0,4,0,0,4,0,16,5,8,29,0,10,10,39
03/11/2022,GYH,SC,ASO,ES,Federal Contract Tower,0,16,3,1,20,0,26,32,8,66,0,42,35,9,86,36,8,44,130
03/12/2022,GYH,SC,ASO,ES,Federal Contract Tower,0,7,1,0,8,0,8,1,20,29,0,15,2,20,37,0,2,2,39
03/13/2022,GYH,SC,ASO,ES,Federal Contract Tower,0,12,1,0,13,0,12,35,0,47,0,24,36,0,60,50,0,50,110
03/14/2022,GYH,SC,ASO,ES,Federal Contract Tower,0,11,2,3,16,0,26,65,12,103,0,37,67,15,119,78,8,86,205
03/15/2022,GYH,SC,ASO,ES,Federal Contract Tower,0,16,3,0,19,0,21,86,19,126,0,37,89,19,145,98,2,100,245
03/16/2022,GYH,SC,ASO,ES,Federal Contract Tower,0,10,0,2,12,0,0,0,0,0,0,10,0,2,12,0,0,0,12
03/17/2022,GYH,SC,ASO,ES,Federal Contract Tower,0,15,6,8,29,0,9,55,24,88,0,24,61,32,117,80,10,90,207
03/18/2022,GYH,SC,ASO,ES,Federal Contract Tower,0,24,3,2,29,0,10,27,0,37,0,34,30,2,66,36,0,36,102
03/19/2022,GYH,SC,ASO,ES,Federal Contract Tower,0,9,1,0,10,0,4,4,0,8,0,13,5,0,18,6,0,6,24
03/20/2022,GYH,SC,ASO,ES,Federal Contract Tower,0,5,0,0,5,0,19,45,0,64,0,24,45,0,69,40,0,40,109
03/21/2022,GYH,SC,ASO,ES,Federal Contract Tower,0,8,5,0,13,0,24,57,3,84,0,32,62,3,97,60,2,62,159
03/22/2022,GYH,SC,ASO,ES,Federal Contract Tower,0,5,0,4,9,0,28,48,27,103,0,33,48,31,112,54,8,62,174
03/23/2022,GYH,SC,ASO,ES,Federal Contract Tower,0,14,0,2,16,0,4,0,6,10,0,18,0,8,26,0,8,8,34
03/24/2022,GYH,SC,ASO,ES,Federal Contract Tower,0,12,0,6,18,0,20,28,15,63,0,32,28,21,81,14,4,18,99
03/25/2022,GYH,SC,ASO,ES,Federal Contract Tower,0,16,1,0,17,0,4,40,8,52,0,20,41,8,69,48,0,48,117
03/26/2022,GYH,SC,ASO,ES,Federal Contract Tower,0,9,0,2,11,0,18,8,0,26,0,27,8,2,37,20,0,20,57
03/27/2022,GYH,SC,ASO,ES,Federal Contract Tower,0,19,3,0,22,0,16,44,0,60,0,35,47,0,82,62,0,62,144
03/28/2022,GYH,SC,ASO,ES,Federal Contract Tower,0,10,1,9,20,0,11,53,6,70,0,21,54,15,90,72,2,74,164
03/29/2022,GYH,SC,ASO,ES,Federal Contract Tower,0,14,1,2,17,0,28,45,17,90,0,42,46,19,107,82,8,90,197
03/30/2022,GYH,SC,ASO,ES,Federal Contract Tower,0,12,3,8,23,0,6,49,12,67,0,18,52,20,90,102,14,116,206
03/31/2022,GYH,SC,ASO,ES,Federal Contract Tower,0,11,1,0,12,0,26,4,10,40,0,37,5,10,52,0,0,0,52
04/01/2022,GYH,SC,ASO,ES,Federal Contract Tower,0,11,4,2,17,0,8,80,3,91,0,19,84,5,108,89,0,89,197
04/02/2022,GYH,SC,ASO,ES,Federal Contract Tower,0,4,2,1,7,0,0,60,6,66,0,4,62,7,73,82,0,82,155
04/03/2022,GYH,SC,ASO,ES,Federal Contract Tower,0,11,3,0,14,0,16,54,0,70,0,27,57,0,84,66,0,66,150
04/04/2022,GYH,SC,ASO,ES,Federal Contract Tower,0,17,5,0,22,0,14,63,1,78,0,31,68,1,100,64,0,64,164
04/05/2022,GYH,SC,ASO,ES,Federal Contract Tower,0,9,0,7,16,0,5,4,10,19,0,14,4,17,35,6,18,24,59
04/06/2022,GYH,SC,ASO,ES,Federal Contract Tower,0,19,3,2,24,0,2,33,19,54,0,21,36,21,78,54,14,68,146
04/07/2022,GYH,SC,ASO,ES,Federal Contract Tower,0,20,0,2,22,0,12,9,59,80,0,32,9,61,102,6,22,28,130
04/08/2022,GYH,SC,ASO,ES,Federal Contract Tower,0,14,0,0,14,0,10,42,0,52,0,24,42,0,66,56,0,56,122
04/09/2022,GYH,SC,ASO,ES,Federal Contract Tower,0,11,1,0,12,0,16,30,0,46,0,27,31,0,58,36,0,36,94
04/10/2022,GYH,SC,ASO,ES,Federal Contract Tower,0,9,2,0,11,0,4,74,0,78,0,13,76,0,89,72,0,72,161
04/11/2022,GYH,SC,ASO,ES,Federal Contract Tower,0,14,3,1,18,0,31,62,6,99,0,45,65,7,117,86,4,90,207
04/12/2022,GYH,SC,ASO,ES,Federal Contract Tower,0,13,2,1,16,0,7,66,15,88,0,20,68,16,104,94,22,116,220
04/13/2022,GYH,SC,ASO,ES,Federal Contract Tower,0,14,4,4,22,0,15,50,21,86,0,29,54,25,108,62,4,66,174
04/14/2022,GYH,SC,ASO,ES,Federal Contract Tower,0,19,1,3,23,0,8,64,12,84,0,27,65,15,107,86,0,86,193
04/15/2022,GYH,SC,ASO,ES,Federal Contract Tower,0,19,3,0,22,0,12,117,5,134,0,31,120,5,156,146,0,146,302
04/16/2022,GYH,SC,ASO,ES,Federal Contract Tower,0,4,2,0,6,0,18,26,0,44,0,22,28,0,50,32,0,32,82
04/17/2022,GYH,SC,ASO,ES,Federal Contract Tower,0,4,0,0,4,0,0,11,0,11,0,4,11,0,15,14,0,14,29
04/18/2022,GYH,SC,ASO,ES,Federal Contract Tower,0,9,1,2,12,0,12,34,0,46,0,21,35,2,58,56,0,56,114
04/19/2022,GYH,SC,ASO,ES,Federal Contract Tower,0,16,1,2,19,0,8,84,22,114,0,24,85,24,133,130,18,148,281
04/20/2022,GYH,SC,ASO,ES,Federal Contract Tower,0,11,3,5,19,0,22,63,24,109,0,33,66,29,128,110,4,114,242
04/21/2022,GYH,SC,ASO,ES,Federal Contract Tower,0,4,2,6,12,0,11,76,12,99,0,15,78,18,111,98,0,98,209
04/22/2022,GYH,SC,ASO,ES,Federal Contract Tower,0,16,5,1,22,0,14,90,0,104,0,30,95,1,126,112,0,112,238
04/23/2022,GYH,SC,ASO,ES,Federal Contract Tower,0,2,1,1,4,0,28,113,0,141,0,30,114,1,145,112,0,112,257
04/24/2022,GYH,SC,ASO,ES,Federal Contract Tower,0,5,1,0,6,0,12,45,0,57,0,17,46,0,63,56,0,56,119
04/25/2022,GYH,SC,ASO,ES,Federal Contract Tower,0,12,4,1,17,0,14,64,4,82,0,26,68,5,99,78,2,80,179
04/26/2022,GYH,SC,ASO,ES,Federal Contract Tower,0,12,2,2,16,0,11,37,12,60,0,23,39,14,76,44,8,52,128
04/27/2022,GYH,SC,ASO,ES,Federal Contract Tower,0,10,5,8,23,0,10,57,12,79,0,20,62,20,102,56,0,56,158
04/28/2022,GYH,SC,ASO,ES,Federal Contract Tower,0,14,3,3,20,0,13,75,16,104,0,27,78,19,124,124,10,134,258
04/29/2022,GYH,SC,ASO,ES,Federal Contract Tower,0,10,1,1,12,0,30,69,2,101,0,40,70,3,113,82,0,82,195
04/30/2022,GYH,SC,ASO,ES,Federal Contract Tower,0,4,0,0,4,0,29,52,0,81,0,33,52,0,85,88,0,88,173
05/01/2022,GYH,SC,ASO,ES,Federal Contract Tower,0,1,0,0,1,0,8,22,2,32,0,9,22,2,33,24,0,24,57
05/02/2022,GYH,SC,ASO,ES,Federal Contract Tower,0,12,1,1,14,0,12,51,4,67,0,24,52,5,81,64,0,64,145
05/03/2022,GYH,SC,ASO,ES,Federal Contract Tower,0,10,0,0,10,0,21,35,6,62,0,31,35,6,72,44,0,44,116
05/04/2022,GYH,SC,ASO,ES,Federal Contract Tower,0,11,1,0,12,0,28,51,12,91,0,39,52,12,103,68,0,68,171
05/05/2022,GYH,SC,ASO,ES,Federal Contract Tower,0,23,1,0,24,0,8,58,18,84,0,31,59,18,108,82,0,82,190
05/06/2022,GYH,SC,ASO,ES,Federal Contract Tower,0,18,1,0,19,0,8,0,0,8,0,26,1,0,27,0,0,0,27
05/07/2022,GYH,SC,ASO,ES,Federal Contract Tower,0,3,1,0,4,0,34,34,0,68,0,37,35,0,72,52,0,52,124
05/08/2022,GYH,SC,ASO,ES,Federal Contract Tower,0,4,0,0,4,0,8,11,0,19,0,12,11,0,23,18,0,18,41
05/09/2022,GYH,SC,ASO,ES,Federal Contract Tower,0,20,2,1,23,0,20,84,4,108,0,40,86,5,131,96,2,98,229
05/10/2022,GYH,SC,ASO,ES,Federal Contract Tower,0,5,0,4,9,0,0,38,9,47,0,5,38,13,56,50,4,54,110
05/11/2022,GYH,SC,ASO,ES,Federal Contract Tower,0,16,0,1,17,0,20,76,46,142,0,36,76,47,159,101,24,125,284
05/12/2022,GYH,SC,ASO,ES,Federal Contract Tower,0,13,0,3,16,0,8,24,14,46,0,21,24,17,62,20,12,32,94
05/13/2022,GYH,SC,ASO,ES,Federal Contract Tower,0,8,2,1,11,0,2,11,6,19,0,10,13,7,30,18,4,22,52
05/14/2022,GYH,SC,ASO,ES,Federal Contract Tower,0,5,2,0,7,0,10,72,2,84,0,15,74,2,91,100,2,102,193
05/15/2022,GYH,SC,ASO,ES,Federal Contract Tower,0,11,4,0,15,0,16,19,2,37,0,27,23,2,52,14,0,14,66
05/16/2022,GYH,SC,ASO,ES,Federal Contract Tower,0,16,1,0,17,0,35,41,0,76,0,51,42,0,93,58,0,58,151
05/17/2022,GYH,SC,ASO,ES,Federal Contract Tower,0,11,2,2,15,0,35,88,12,135,0,46,90,14,150,120,10,130,280
05/18/2022,GYH,SC,ASO,ES,Federal Contract Tower,0,23,2,6,31,0,14,82,12,108,0,37,84,18,139,118,6,124,263
05/19/2022,GYH,SC,ASO,ES,Federal Contract Tower,0,20,1,2,23,0,20,50,8,78,0,40,51,10,101,46,2,48,149
05/20/2022,GYH,SC,ASO,ES,Federal Contract Tower,0,6,2,3,11,0,10,48,3,61,0,16,50,6,72,44,2,46,118
05/21/2022,GYH,SC,ASO,ES,Federal Contract Tower,0,2,1,2,5,0,18,41,0,59,0,20,42,2,64,44,0,44,108
05/22/2022,GYH,SC,ASO,ES,Federal Contract Tower,0,5,0,2,7,0,6,13,0,19,0,11,13,2,26,20,0,20,46
05/23/2022,GYH,SC,ASO,ES,Federal Contract Tower,0,4,1,3,8,0,3,0,0,3,0,7,1,3,11,0,0,0,11
05/24/2022,GYH,SC,ASO,ES,Federal Contract Tower,0,12,0,2,14,0,18,42,22,82,0,30,42,24,96,48,16,64,160
05/25/2022,GYH,SC,ASO,ES,Federal Contract Tower,0,22,0,8,30,0,10,0,8,18,0,32,0,16,48,0,0,0,48
05/26/2022,GYH,SC,ASO,ES,Federal Contract Tower,0,13,1,2,16,0,0,0,0,0,0,13,1,2,16,0,0,0,16
05/27/2022,GYH,SC,ASO,ES,Federal Contract Tower,0,20,1,0,21,0,16,78,0,94,0,36,79,0,115,108,0,108,223
05/28/2022,GYH,SC,ASO,ES,Federal Contract Tower,0,11,0,0,11,0,25,35,0,60,0,36,35,0,71,30,0,30,101
05/29/2022,GYH,SC,ASO,ES,Federal Contract Tower,0,2,1,0,3,0,26,7,0,33,0,28,8,0,36,0,0,0,36
05/30/2022,GYH,SC,ASO,ES,Federal Contract Tower,0,4,1,0,5,0,28,84,0,112,0,32,85,0,117,110,0,110,227
05/31/2022,GYH,SC,ASO,ES,Federal Contract Tower,0,11,2,0,13,0,22,58,8,88,0,33,60,8,101,90,4,94,195
06/01/2022,GYH,SC,ASO,ES,Federal Contract Tower,0,4,1,3,8,0,22,106,6,134,0,26,107,9,142,124,0,124,266
06/02/2022,GYH,SC,ASO,ES,Federal Contract Tower,0,14,1,0,15,0,24,57,3,84,0,38,58,3,99,92,0,92,191
06/03/2022,GYH,SC,ASO,ES,Federal Contract Tower,0,8,10,1,19,0,8,25,2,35,0,16,35,3,54,28,0,28,82
06/04/2022,GYH,SC,ASO,ES,Federal Contract Tower,0,6,2,1,9,0,14,53,0,67,0,20,55,1,76,74,0,74,150
06/05/2022,GYH,SC,ASO,ES,Federal Contract Tower,0,6,2,0,8,0,8,25,0,33,0,14,27,0,41,18,0,18,59
06/06/2022,GYH,SC,ASO,ES,Federal Contract Tower,0,11,1,3,15,0,14,89,0,103,0,25,90,3,118,114,0,114,232
06/07/2022,GYH,SC,ASO,ES,Federal Contract Tower,0,17,3,2,22,0,12,28,4,44,0,29,31,6,66,48,2,50,116
06/08/2022,GYH,SC,ASO,ES,Federal Contract Tower,0,10,3,0,13,0,14,33,16,63,0,24,36,16,76,52,0,52,128
06/09/2022,GYH,SC,ASO,ES,Federal Contract Tower,0,14,2,3,19,0,18,44,20,82,0,32,46,23,101,70,0,70,171
06/10/2022,GYH,SC,ASO,ES,Federal Contract Tower,0,22,5,2,29,0,20,55,2,77,0,42,60,4,106,58,0,58,164
06/11/2022,GYH,SC,ASO,ES,Federal Contract Tower,0,6,1,0,7,0,40,47,0,87,0,46,48,0,94,38,0,38,132
06/12/2022,GYH,SC,ASO,ES,Federal Contract Tower,0,9,0,1,10,0,4,31,0,35,0,13,31,1,45,30,0,30,75
06/13/2022,GYH,SC,ASO,ES,Federal Contract Tower,0,10,1,0,11,0,18,53,2,73,0,28,54,2,84,64,0,64,148
06/14/2022,GYH,SC,ASO,ES,Federal Contract Tower,0,22,0,4,26,0,23,48,19,90,0,45,48,23,116,34,0,34,150
06/15/2022,GYH,SC,ASO,ES,Federal Contract Tower,0,20,3,6,29,0,10,58,16,84,0,30,61,22,113,70,4,74,187
06/16/2022,GYH,SC,ASO,ES,Federal Contract Tower,0,7,1,5,13,0,13,52,13,78,0,20,53,18,91,54,0,54,145
06/17/2022,GYH,SC,ASO,ES,Federal Contract Tower,0,11,2,0,13,0,23,56,0,79,0,34,58,0,92,64,0,64,156
06/18/2022,GYH,SC,ASO,ES,Federal Contract Tower,0,3,0,0,3,0,24,65,0,89,0,27,65,0,92,92,0,92,184
06/19/2022,GYH,SC,ASO,ES,Federal Contract Tower,0,3,1,0,4,0,14,22,0,36,0,17,23,0,40,20,0,20,60
06/20/2022,GYH,SC,ASO,ES,Federal Contract Tower,0,12,7,0,19,0,16,45,0,61,0,28,52,0,80,68,0,68,148
06/21/2022,GYH,SC,ASO,ES,Federal Contract Tower,0,8,2,2,12,0,25,43,8,76,0,33,45,10,88,42,2,44,132
06/22/2022,GYH,SC,ASO,ES,Federal Contract Tower,0,12,3,1,16,0,29,73,18,120,0,41,76,19,136,102,0,102,238
06/23/2022,GYH,SC,ASO,ES,Federal Contract Tower,0,11,0,3,14,0,29,55,11,95,0,40,55,14,109,78,0,78,187
06/24/2022,GYH,SC,ASO,ES,Federal Contract Tower,0,16,5,4,25,0,50,64,0,114,0,66,69,4,139,84,0,84,223
06/25/2022,GYH,SC,ASO,ES,Federal Contract Tower,0,10,2,0,12,0,12,42,0,54,0,22,44,0,66,56,0,56,122
06/26/2022,GYH,SC,ASO,ES,Federal Contract Tower,0,2,3,0,5,0,7,29,0,36,0,9,32,0,41,30,0,30,71
06/27/2022,GYH,SC,ASO,ES,Federal Contract Tower,0,11,0,3,14,0,19,51,3,73,0,30,51,6,87,50,2,52,139
06/28/2022,GYH,SC,ASO,ES,Federal Contract Tower,0,23,1,3,27,0,8,72,16,96,0,31,73,19,123,100,0,100,223
06/29/2022,GYH,SC,ASO,ES,Federal Contract Tower,0,9,1,3,13,0,2,52,12,66,0,11,53,15,79,54,0,54,133
06/30/2022,GYH,SC,ASO,ES,Federal Contract Tower,0,15,6,5,26,0,28,83,7,118,0,43,89,12,144,104,0,104,248
07/01/2022,GYH,SC,ASO,ES,Federal Contract Tower,0,21,2,1,24,0,9,22,0,31,0,30,24,1,55,28,0,28,83
07/02/2022,GYH,SC,ASO,ES,Federal Contract Tower,0,7,0,0,7,0,8,19,0,27,0,15,19,0,34,28,0,28,62
07/03/2022,GYH,SC,ASO,ES,Federal Contract Tower,0,2,0,0,2,0,16,27,0,43,0,18,27,0,45,30,0,30,75
07/04/2022,GYH,SC,ASO,ES,Federal Contract Tower,0,4,11,0,15,0,7,28,0,35,0,11,39,0,50,34,0,34,84
07/05/2022,GYH,SC,ASO,ES,Federal Contract Tower,0,5,2,0,7,0,10,27,9,46,0,15,29,9,53,50,8,58,111
07/06/2022,GYH,SC,ASO,ES,Federal Contract Tower,0,15,1,3,19,0,4,23,0,27,0,19,24,3,46,50,0,50,96
07/07/2022,GYH,SC,ASO,ES,Federal Contract Tower,0,13,2,0,15,0,11,47,14,72,0,24,49,14,87,66,4,70,157
07/08/2022,GYH,SC,ASO,ES,Federal Contract Tower,0,7,3,2,12,0,15,37,4,56,0,22,40,6,68,48,0,48,116
07/09/2022,GYH,SC,ASO,ES,Federal Contract Tower,0,7,2,0,9,0,8,37,0,45,0,15,39,0,54,40,0,40,94
07/10/2022,GYH,SC,ASO,ES,Federal Contract Tower,0,8,0,0,8,0,0,0,0,0,0,8,0,0,8,0,0,0,8
07/11/2022,GYH,SC,ASO,ES,Federal Contract Tower,0,11,4,2,17,0,34,46,0,80,0,45,50,2,97,60,0,60,157
07/12/2022,GYH,SC,ASO,ES,Federal Contract Tower,0,11,3,1,15,0,25,102,4,131,0,36,105,5,146,120,2,122,268
07/13/2022,GYH,SC,ASO,ES,Federal Contract Tower,0,7,2,1,10,0,13,55,7,75,0,20,57,8,85,70,2,72,157
07/14/2022,GYH,SC,ASO,ES,Federal Contract Tower,0,21,3,4,28,0,23,48,9,80,0,44,51,13,108,68,0,68,176
07/15/2022,GYH,SC,ASO,ES,Federal Contract Tower,0,11,2,1,14,0,21,94,6,121,0,32,96,7,135,116,4,120,255
07/16/2022,GYH,SC,ASO,ES,Federal Contract Tower,0,5,2,0,7,0,1,52,0,53,0,6,54,0,60,64,0,64,124
07/17/2022,GYH,SC,ASO,ES,Federal Contract Tower,0,6,4,0,10,0,29,30,0,59,0,35,34,0,69,28,0,28,97
07/18/2022,GYH,SC,ASO,ES,Federal Contract Tower,0,8,3,0,11,0,16,61,4,81,0,24,64,4,92,76,0,76,168
07/19/2022,GYH,SC,ASO,ES,Federal Contract Tower,0,11,3,3,17,0,33,54,15,102,0,44,57,18,119,76,2,78,197
07/20/2022,GYH,SC,ASO,ES,Federal Contract Tower,0,10,4,0,14,0,4,50,21,75,0,14,54,21,89,52,10,62,151
07/21/2022,GYH,SC,ASO,ES,Federal Contract Tower,0,13,0,2,15,0,26,27,20,73,0,39,27,22,88,42,0,42,130
07/22/2022,GYH,SC,ASO,ES,Federal Contract Tower,0,13,3,0,16,0,10,62,0,72,0,23,65,0,88,86,0,86,174
07/23/2022,GYH,SC,ASO,ES,Federal Contract Tower,0,8,2,2,12,0,14,38,0,52,0,22,40,2,64,32,0,32,96
07/24/2022,GYH,SC,ASO,ES,Federal Contract Tower,0,7,1,0,8,0,16,56,0,72,0,23,57,0,80,90,0,90,170
07/25/2022,GYH,SC,ASO,ES,Federal Contract Tower,0,6,3,0,9,0,26,27,0,53,0,32,30,0,62,40,0,40,102
07/26/2022,GYH,SC,ASO,ES,Federal Contract Tower,0,16,2,6,24,0,13,49,4,66,0,29,51,10,90,64,0,64,154
07/27/2022,GYH,SC,ASO,ES,Federal Contract Tower,0,6,1,1,8,0,22,23,9,54,0,28,24,10,62,22,2,24,86
07/28/2022,GYH,SC,ASO,ES,Federal Contract Tower,0,23,5,0,28,0,35,54,3,92,0,58,59,3,120,58,0,58,178
07/29/2022,GYH,SC,ASO,ES,Federal Contract Tower,0,7,2,2,11,0,14,48,4,66,0,21,50,6,77,58,0,58,135
07/30/2022,GYH,SC,ASO,ES,Federal Contract Tower,0,6,1,0,7,0,8,56,0,64,0,14,57,0,71,68,0,68,139
07/31/2022,GYH,SC,ASO,ES,Federal Contract Tower,0,9,0,0,9,0,17,7,0,24,0,26,7,0,33,6,0,6,39
08/01/2022,GYH,SC,ASO,ES,Federal Contract Tower,0,6,0,3,9,0,2,26,1,29,0,8,26,4,38,34,0,34,72
08/02/2022,GYH,SC,ASO,ES,Federal Contract Tower,0,7,1,1,9,0,24,39,8,71,0,31,40,9,80,48,0,48,128
08/03/2022,GYH,SC,ASO,ES,Federal Contract Tower,0,12,1,3,16,0,17,39,11,67,0,29,40,14,83,32,0,32,115
08/04/2022,GYH,SC,ASO,ES,Federal Contract Tower,0,13,0,6,19,0,30,38,6,74,0,43,38,12,93,38,0,38,131
08/05/2022,GYH,SC,ASO,ES,Federal Contract Tower,0,10,1,1,12,0,14,66,1,81,0,24,67,2,93,76,0,76,169
08/06/2022,GYH,SC,ASO,ES,Federal Contract Tower,0,19,1,0,20,0,0,19,1,20,0,19,20,1,40,14,0,14,54
08/07/2022,GYH,SC,ASO,ES,Federal Contract Tower,0,4,1,0,5,0,19,30,0,49,0,23,31,0,54,30,0,30,84
08/08/2022,GYH,SC,ASO,ES,Federal Contract Tower,0,8,1,1,10,0,8,26,3,37,0,16,27,4,47,42,2,44,91
08/09/2022,GYH,SC,ASO,ES,Federal Contract Tower,0,10,6,0,16,0,12,44,21,77,0,22,50,21,93,54,10,64,157
08/10/2022,GYH,SC,ASO,ES,Federal Contract Tower,0,8,0,0,8,0,26,47,22,95,0,34,47,22,103,68,0,68,171
08/11/2022,GYH,SC,ASO,ES,Federal Contract Tower,0,7,2,0,9,0,22,70,22,114,0,29,72,22,123,96,0,96,219
08/12/2022,GYH,SC,ASO,ES,Federal Contract Tower,0,7,4,3,14,0,15,86,9,110,0,22,90,12,124,96,0,96,220
08/13/2022,GYH,SC,ASO,ES,Federal Contract Tower,0,16,2,0,18,0,23,85,4,112,0,39,87,4,130,84,0,84,214
08/14/2022,GYH,SC,ASO,ES,Federal Contract Tower,0,9,6,0,15,0,9,25,0,34,0,18,31,0,49,32,0,32,81
08/15/2022,GYH,SC,ASO,ES,Federal Contract Tower,0,7,0,2,9,0,9,39,0,48,0,16,39,2,57,62,0,62,119
08/16/2022,GYH,SC,ASO,ES,Federal Contract Tower,0,25,2,3,30,0,11,36,25,72,0,36,38,28,102,44,24,68,170
08/17/2022,GYH,SC,ASO,ES,Federal Contract Tower,0,11,1,4,16,0,16,99,2,117,0,27,100,6,133,132,0,132,265
08/18/2022,GYH,SC,ASO,ES,Federal Contract Tower,0,16,1,2,19,0,21,118,30,169,0,37,119,32,188,176,6,182,370
08/19/2022,GYH,SC,ASO,ES,Federal Contract Tower,0,9,2,2,13,0,12,24,1,37,0,21,26,3,50,24,0,24,74
08/20/2022,GYH,SC,ASO,ES,Federal Contract Tower,0,1,5,1,7,0,10,57,0,67,0,11,62,1,74,88,0,88,162
08/21/2022,GYH,SC,ASO,ES,Federal Contract Tower,0,6,1,2,9,0,4,36,0,40,0,10,37,2,49,46,0,46,95
08/22/2022,GYH,SC,ASO,ES,Federal Contract Tower,0,14,4,4,22,0,20,51,5,76,0,34,55,9,98,68,4,72,170
08/23/2022,GYH,SC,ASO,ES,Federal Contract Tower,0,15,5,7,27,0,21,58,6,85,0,36,63,13,112,76,2,78,190
08/24/2022,GYH,SC,ASO,ES,Federal Contract Tower,0,19,3,2,24,0,6,43,4,53,0,25,46,6,77,48,0,48,125
08/25/2022,GYH,SC,ASO,ES,Federal Contract Tower,0,14,4,2,20,0,18,25,4,47,0,32,29,6,67,28,2,30,97
08/26/2022,GYH,SC,ASO,ES,Federal Contract Tower,0,13,2,3,18,0,20,43,6,69,0,33,45,9,87,70,0,70,157
08/27/2022,GYH,SC,ASO,ES,Federal Contract Tower,0,2,1,1,4,0,16,75,3,94,0,18,76,4,98,130,0,130,228
08/28/2022,GYH,SC,ASO,ES,Federal Contract Tower,0,6,3,0,9,0,16,19,0,35,0,22,22,0,44,28,0,28,72
08/29/2022,GYH,SC,ASO,ES,Federal Contract Tower,0,16,1,0,17,0,17,47,1,65,0,33,48,1,82,76,0,76,158
08/30/2022,GYH,SC,ASO,ES,Federal Contract Tower,0,17,4,1,22,0,6,35,9,50,0,23,39,10,72,52,4,56,128
08/31/2022,GYH,SC,ASO,ES,Federal Contract Tower,0,9,0,4,13,0,25,56,19,100,0,34,56,23,113,86,0,86,199
09/01/2022,GYH,SC,ASO,ES,Federal Contract Tower,0,21,0,4,25,0,21,45,1,67,0,42,45,5,92,70,0,70,162
09/02/2022,GYH,SC,ASO,ES,Federal Contract Tower,0,25,2,1,28,0,26,95,4,125,0,51,97,5,153,122,0,122,275
09/03/2022,GYH,SC,ASO,ES,Federal Contract Tower,0,6,0,0,6,0,14,42,0,56,0,20,42,0,62,32,0,32,94
09/04/2022,GYH,SC,ASO,ES,Federal Contract Tower,0,3,2,0,5,0,12,0,0,12,0,15,2,0,17,0,0,0,17
09/05/2022,GYH,SC,ASO,ES,Federal Contract Tower,0,3,2,0,5,0,0,2,0,2,0,3,4,0,7,0,0,0,7
09/06/2022,GYH,SC,ASO,ES,Federal Contract Tower,0,25,1,0,26,0,29,56,0,85,0,54,57,0,111,72,0,72,183
09/07/2022,GYH,SC,ASO,ES,Federal Contract Tower,0,22,1,3,26,0,12,54,5,71,0,34,55,8,97,58,0,58,155
09/08/2022,GYH,SC,ASO,ES,Federal Contract Tower,0,9,2,2,13,0,0,61,16,77,0,9,63,18,90,98,0,98,188
09/09/2022,GYH,SC,ASO,ES,Federal Contract Tower,0,12,2,0,14,0,16,69,0,85,0,28,71,0,99,120,0,120,219
09/10/2022,GYH,SC,ASO,ES,Federal Contract Tower,0,4,1,0,5,0,0,0,0,0,0,4,1,0,5,0,0,0,5
09/11/2022,GYH,SC,ASO,ES,Federal Contract Tower,0,5,2,0,7,0,12,38,0,50,0,17,40,0,57,50,0,50,107
09/12/2022,GYH,SC,ASO,ES,Federal Contract Tower,0,9,5,1,15,0,0,26,2,28,0,9,31,3,43,32,2,34,77
09/13/2022,GYH,SC,ASO,ES,Federal Contract Tower,0,11,3,0,14,0,15,68,14,97,0,26,71,14,111,106,6,112,223
09/14/2022,GYH,SC,ASO,ES,Federal Contract Tower,0,13,6,0,19,0,16,113,6,135,0,29,119,6,154,146,0,146,300
09/15/2022,GYH,SC,ASO,ES,Federal Contract Tower,0,10,5,0,15,0,34,56,16,106,0,44,61,16,121,74,0,74,195
09/16/2022,GYH,SC,ASO,ES,Federal Contract Tower,0,12,7,5,24,0,21,76,0,97,0,33,83,5,121,74,0,74,195
09/17/2022,GYH,SC,ASO,ES,Federal Contract Tower,0,5,4,0,9,0,8,54,0,62,0,13,58,0,71,68,0,68,139
09/18/2022,GYH,SC,ASO,ES,Federal Contract Tower,0,6,9,0,15,0,11,50,0,61,0,17,59,0,76,62,0,62,138
09/19/2022,GYH,SC,ASO,ES,Federal Contract Tower,0,28,2,0,30,0,24,81,0,105,0,52,83,0,135,122,0,122,257
09/20/2022,GYH,SC,ASO,ES,Federal Contract Tower,0,16,5,1,22,0,28,57,1,86,0,44,62,2,108,78,0,78,186
09/21/2022,GYH,SC,ASO,ES,Federal Contract Tower,0,10,1,1,12,0,18,85,2,105,0,28,86,3,117,98,0,98,215
09/22/2022,GYH,SC,ASO,ES,Federal Contract Tower,0,17,0,0,17,0,21,60,0,81,0,38,60,0,98,70,0,70,168
09/23/2022,GYH,SC,ASO,ES,Federal Contract Tower,0,13,1,7,21,0,27,95,4,126,0,40,96,11,147,150,0,150,297
09/24/2022,GYH,SC,ASO,ES,Federal Contract Tower,0,11,2,0,13,0,24,101,0,125,0,35,103,0,138,122,0,122,260
09/25/2022,GYH,SC,ASO,ES,Federal Contract Tower,0,8,2,0,10,0,18,64,0,82,0,26,66,0,92,74,0,74,166
09/26/2022,GYH,SC,ASO,ES,Federal Contract Tower,0,17,2,0,19,0,15,108,6,129,0,32,110,6,148,172,2,174,322
09/27/2022,GYH,SC,ASO,ES,Federal Contract Tower,0,9,0,1,10,0,7,108,6,121,0,16,108,7,131,144,0,144,275
09/28/2022,GYH,SC,ASO,ES,Federal Contract Tower,0,12,3,2,17,0,26,114,9,149,0,38,117,11,166,156,0,156,322
09/29/2022,GYH,SC,ASO,ES,Federal Contract Tower,0,9,0,0,9,0,13,9,4,26,0,22,9,4,35,4,0,4,39
09/30/2022,GYH,SC,ASO,ES,Federal Contract Tower,0,5,0,0,5,0,0,0,0,0,0,5,0,0,5,0,0,0,5
10/01/2022,GYH,SC,ASO,ES,Federal Contract Tower,0,4,1,0,5,0,8,45,0,53,0,12,46,0,58,34,0,34,92
10/02/2022,GYH,SC,ASO,ES,Federal Contract Tower,0,9,0,0,9,0,2,38,0,40,0,11,38,0,49,52,0,52,101
10/03/2022,GYH,SC,ASO,ES,Federal Contract Tower,0,13,2,0,15,0,21,89,0,110,0,34,91,0,125,128,0,128,253
10/04/2022,GYH,SC,ASO,ES,Federal Contract Tower,0,8,1,4,13,0,9,104,0,113,0,17,105,4,126,192,0,192,318
10/05/2022,GYH,SC,ASO,ES,Federal Contract Tower,0,2,5,0,7,0,14,178,8,200,0,16,183,8,207,288,0,288,495
10/06/2022,GYH,SC,ASO,ES,Federal Contract Tower,0,6,0,1,7,0,23,105,12,140,0,29,105,13,147,138,0,138,285
10/07/2022,GYH,SC,ASO,ES,Federal Contract Tower,0,11,3,5,19,0,35,171,3,209,0,46,174,8,228,190,0,190,418
10/08/2022,GYH,SC,ASO,ES,Federal Contract Tower,0,3,1,0,4,0,16,95,0,111,0,19,96,0,115,122,0,122,237
10/09/2022,GYH,SC,ASO,ES,Federal Contract Tower,0,15,5,0,20,0,18,42,0,60,0,33,47,0,80,54,0,54,134
10/10/2022,GYH,SC,ASO,ES,Federal Contract Tower,0,14,4,0,18,0,26,96,0,122,0,40,100,0,140,114,0,114,254
10/11/2022,GYH,SC,ASO,ES,Federal Contract Tower,0,12,1,2,15,0,12,136,21,169,0,24,137,23,184,168,0,168,352
10/12/2022,GYH,SC,ASO,ES,Federal Contract Tower,0,13,0,5,18,0,4,2,1,7,0,17,2,6,25,0,0,0,25
10/13/2022,GYH,SC,ASO,ES,Federal Contract Tower,0,11,2,0,13,0,2,23,24,49,0,13,25,24,62,30,0,30,92
10/14/2022,GYH,SC,ASO,ES,Federal Contract Tower,0,15,3,1,19,0,8,92,14,114,0,23,95,15,133,128,2,130,263
10/15/2022,GYH,SC,ASO,ES,Federal Contract Tower,0,16,2,0,18,0,18,95,10,123,0,34,97,10,141,142,2,144,285
10/16/2022,GYH,SC,ASO,ES,Federal Contract Tower,0,12,2,0,14,0,26,36,4,66,0,38,38,4,80,46,2,48,128
10/17/2022,GYH,SC,ASO,ES,Federal Contract Tower,0,14,2,1,17,0,27,76,0,103,0,41,78,1,120,106,0,106,226
10/18/2022,GYH,SC,ASO,ES,Federal Contract Tower,0,11,6,4,21,0,21,45,15,81,0,32,51,19,102,36,4,40,142
10/19/2022,GYH,SC,ASO,ES,Federal Contract Tower,0,9,2,0,11,0,15,111,41,167,0,24,113,41,178,194,0,194,372
10/20/2022,GYH,SC,ASO,ES,Federal Contract Tower,0,11,0,4,15,0,21,82,6,109,0,32,82,10,124,168,0,168,292
10/21/2022,GYH,SC,ASO,ES,Federal Contract Tower,0,14,2,2,18,0,12,93,1,106,0,26,95,3,124,128,0,128,252
10/22/2022,GYH,SC,ASO,ES,Federal Contract Tower,0,8,2,0,10,0,7,116,0,123,0,15,118,0,133,62,0,62,195
10/23/2022,GYH,SC,ASO,ES,Federal Contract Tower,0,7,1,0,8,0,14,42,0,56,0,21,43,0,64,46,0,46,110
10/24/2022,GYH,SC,ASO,ES,Federal Contract Tower,0,8,4,0,12,0,10,74,0,84,0,18,78,0,96,84,0,84,180
10/25/2022,GYH,SC,ASO,ES,Federal Contract Tower,0,7,3,6,16,0,12,90,17,119,0,19,93,23,135,140,0,140,275
10/26/2022,GYH,SC,ASO,ES,Federal Contract Tower,0,13,0,3,16,0,9,27,18,54,0,22,27,21,70,30,0,30,100
10/27/2022,GYH,SC,ASO,ES,Federal Contract Tower,0,12,2,4,18,0,26,73,23,122,0,38,75,27,140,122,2,124,264
10/28/2022,GYH,SC,ASO,ES,Federal Contract Tower,0,20,5,0,25,0,24,81,11,116,0,44,86,11,141,104,0,104,245
10/29/2022,GYH,SC,ASO,ES,Federal Contract Tower,0,7,5,0,12,0,0,20,0,20,0,7,25,0,32,14,0,14,46
10/30/2022,GYH,SC,ASO,ES,Federal Contract Tower,0,13,0,1,14,0,0,0,0,0,0,13,0,1,14,0,0,0,14
10/31/2022,GYH,SC,ASO,ES,Federal Contract Tower,0,9,4,1,14,0,0,0,0,0,0,9,4,1,14,0,0,0,14
11/01/2022,GYH,SC,ASO,ES,Federal Contract Tower,0,14,3,9,26,0,47,39,19,105,0,61,42,28,131,52,2,54,185
11/02/2022,GYH,SC,ASO,ES,Federal Contract Tower,0,23,3,3,29,0,15,84,13,112,0,38,87,16,141,128,0,128,269
11/03/2022,GYH,SC,ASO,ES,Federal Contract Tower,0,17,1,3,21,0,26,144,13,183,0,43,145,16,204,196,0,196,400
11/04/2022,GYH,SC,ASO,ES,Federal Contract Tower,0,6,4,5,15,0,25,118,3,146,0,31,122,8,161,132,2,134,295
11/05/2022,GYH,SC,ASO,ES,Federal Contract Tower,0,9,2,4,15,0,0,0,0,0,0,9,2,4,15,0,0,0,15
11/06/2022,GYH,SC,ASO,ES,Federal Contract Tower,0,10,2,0,12,0,1,21,4,26,0,11,23,4,38,42,4,46,84
11/07/2022,GYH,SC,ASO,ES,Federal Contract Tower,0,12,3,4,19,0,14,50,8,72,0,26,53,12,91,100,2,102,193
11/08/2022,GYH,SC,ASO,ES,Federal Contract Tower,0,16,0,1,17,0,28,60,24,112,0,44,60,25,129,104,0,104,233
11/09/2022,GYH,SC,ASO,ES,Federal Contract Tower,0,12,2,2,16,0,6,26,30,62,0,18,28,32,78,26,2,28,106
11/10/2022,GYH,SC,ASO,ES,Federal Contract Tower,0,15,1,0,16,0,2,0,0,2,0,17,1,0,18,0,0,0,18
11/11/2022,GYH,SC,ASO,ES,Federal Contract Tower,0,7,0,0,7,0,0,0,0,0,0,7,0,0,7,0,0,0,7
11/12/2022,GYH,SC,ASO,ES,Federal Contract Tower,0,14,1,0,15,0,36,61,12,109,0,50,62,12,124,104,0,104,228
11/13/2022,GYH,SC,ASO,ES,Federal Contract Tower,0,20,6,0,26,0,22,65,0,87,0,42,71,0,113,80,0,80,193
11/14/2022,GYH,SC,ASO,ES,Federal Contract Tower,0,15,5,0,20,0,19,105,3,127,0,34,110,3,147,150,0,150,297
11/15/2022,GYH,SC,ASO,ES,Federal Contract Tower,0,13,0,0,13,0,0,0,0,0,0,13,0,0,13,0,0,0,13
11/16/2022,GYH,SC,ASO,ES,Federal Contract Tower,0,28,6,5,39,0,23,57,52,132,0,51,63,57,171,128,8,136,307
11/17/2022,GYH,SC,ASO,ES,Federal Contract Tower,0,17,6,1,24,0,7,96,39,142,0,24,102,40,166,166,14,180,346
11/18/2022,GYH,SC,ASO,ES,Federal Contract Tower,0,13,5,0,18,0,24,149,7,180,0,37,154,7,198,196,0,196,394
11/19/2022,GYH,SC,ASO,ES,Federal Contract Tower,0,12,0,0,12,0,27,59,0,86,0,39,59,0,98,84,0,84,182
11/20/2022,GYH,SC,ASO,ES,Federal Contract Tower,0,10,1,0,11,0,20,47,0,67,0,30,48,0,78,52,0,52,130
11/21/2022,GYH,SC,ASO,ES,Federal Contract Tower,0,10,7,2,19,0,36,90,1,127,0,46,97,3,146,146,6,152,298
11/22/2022,GYH,SC,ASO,ES,Federal Contract Tower,0,17,4,7,28,0,25,75,14,114,0,42,79,21,142,130,4,134,276
11/23/2022,GYH,SC,ASO,ES,Federal Contract Tower,0,11,2,1,14,0,28,68,0,96,0,39,70,1,110,88,0,88,198
11/24/2022,GYH,SC,ASO,ES,Federal Contract Tower,0,2,2,0,4,0,0,6,0,6,0,2,8,0,10,2,0,2,12
11/25/2022,GYH,SC,ASO,ES,Federal Contract Tower,0,9,2,0,11,0,16,31,0,47,0,25,33,0,58,36,0,36,94
11/26/2022,GYH,SC,ASO,ES,Federal Contract Tower,0,11,3,0,14,0,20,55,0,75,0,31,58,0,89,64,0,64,153
11/27/2022,GYH,SC,ASO,ES,Federal Contract Tower,0,14,2,0,16,0,18,4,0,22,0,32,6,0,38,8,0,8,46
11/28/2022,GYH,SC,ASO,ES,Federal Contract Tower,0,10,1,1,12,0,22,76,2,100,0,32,77,3,112,120,2,122,234
11/29/2022,GYH,SC,ASO,ES,Federal Contract Tower,0,10,4,1,15,0,25,78,24,127,0,35,82,25,142,122,16,138,280
11/30/2022,GYH,SC,ASO,ES,Federal Contract Tower,0,11,0,0,11,0,15,11,34,60,0,26,11,34,71,22,0,22,93
12/01/2022,GYH,SC,ASO,ES,Federal Contract Tower,0,19,1,1,21,0,21,81,21,123,0,40,82,22,144,148,0,148,292
12/02/2022,GYH,SC,ASO,ES,Federal Contract Tower,0,17,3,0,20,0,16,89,0,105,0,33,92,0,125,126,0,126,251
12/03/2022,GYH,SC,ASO,ES,Federal Contract Tower,0,8,0,0,8,0,0,0,0,0,0,8,0,0,8,0,0,0,8
12/04/2022,GYH,SC,ASO,ES,Federal Contract Tower,0,4,2,0,6,0,6,47,0,53,0,10,49,0,59,74,0,74,133
12/05/2022,GYH,SC,ASO,ES,Federal Contract Tower,0,6,7,0,13,0,2,27,0,29,0,8,34,0,42,32,0,32,74
12/06/2022,GYH,SC,ASO,ES,Federal Contract Tower,0,10,2,0,12,0,0,0,0,0,0,10,2,0,12,0,0,0,12
12/07/2022,GYH,SC,ASO,ES,Federal Contract Tower,0,18,0,0,18,0,0,0,0,0,0,18,0,0,18,0,0,0,18
12/08/2022,GYH,SC,ASO,ES,Federal Contract Tower,0,35,0,6,41,0,0,34,20,54,0,35,34,26,95,48,0,48,143
12/09/2022,GYH,SC,ASO,ES,Federal Contract Tower,0,18,1,0,19,0,0,0,0,0,0,18,1,0,19,0,0,0,19
12/10/2022,GYH,SC,ASO,ES,Federal Contract Tower,0,5,3,0,8,0,0,0,0,0,0,5,3,0,8,0,0,0,8
12/11/2022,GYH,SC,ASO,ES,Federal Contract Tower,0,18,0,0,18,0,0,1,0,1,0,18,1,0,19,0,0,0,19
12/12/2022,GYH,SC,ASO,ES,Federal Contract Tower,0,11,2,3,16,0,31,84,2,117,0,42,86,5,133,126,2,128,261
12/13/2022,GYH,SC,ASO,ES,Federal Contract Tower,0,14,6,9,29,0,23,82,33,138,0,37,88,42,167,160,10,170,337
12/14/2022,GYH,SC,ASO,ES,Federal Contract Tower,0,21,0,0,21,0,2,5,0,7,0,23,5,0,28,8,0,8,36
12/15/2022,GYH,SC,ASO,ES,Federal Contract Tower,0,15,0,3,18,0,0,2,28,30,0,15,2,31,48,0,0,0,48
12/16/2022,GYH,SC,ASO,ES,Federal Contract Tower,0,24,3,0,27,0,38,87,4,129,0,62,90,4,156,150,0,150,306
12/17/2022,GYH,SC,ASO,ES,Federal Contract Tower,0,2,0,0,2,0,6,44,0,50,0,8,44,0,52,48,0,48,100
12/18/2022,GYH,SC,ASO,ES,Federal Contract Tower,0,7,0,0,7,0,15,66,0,81,0,22,66,0,88,74,0,74,162
12/19/2022,GYH,SC,ASO,ES,Federal Contract Tower,0,11,2,6,19,0,34,108,4,146,0,45,110,10,165,144,0,144,309
12/20/2022,GYH,SC,ASO,ES,Federal Contract Tower,0,5,11,3,19,0,0,87,13,100,0,5,98,16,119,102,0,102,221
12/21/2022,GYH,SC,ASO,ES,Federal Contract Tower,0,18,0,9,27,0,4,59,16,79,0,22,59,25,106,98,0,98,204
12/22/2022,GYH,SC,ASO,ES,Federal Contract Tower,0,15,0,0,15,0,0,4,0,4,0,15,4,0,19,0,0,0,19
12/23/2022,GYH,SC,ASO,ES,Federal Contract Tower,0,2,0,0,2,0,11,2,0,13,0,13,2,0,15,0,0,0,15
12/24/2022,GYH,SC,ASO,ES,Federal Contract Tower,0,5,2,0,7,0,14,23,0,37,0,19,25,0,44,28,0,28,72
12/25/2022,GYH,SC,ASO,ES,Federal Contract Tower,0,1,0,0,1,0,20,0,0,20,0,21,0,0,21,0,0,0,21
12/26/2022,GYH,SC,ASO,ES,Federal Contract Tower,0,4,3,0,7,0,34,27,0,61,0,38,30,0,68,20,0,20,88
12/27/2022,GYH,SC,ASO,ES,Federal Contract Tower,0,9,2,0,11,0,16,44,0,60,0,25,46,0,71,54,0,54,125
12/28/2022,GYH,SC,ASO,ES,Federal Contract Tower,0,8,4,0,12,0,25,57,0,82,0,33,61,0,94,82,0,82,176
12/29/2022,GYH,SC,ASO,ES,Federal Contract Tower,0,8,1,0,9,0,54,78,4,136,0,62,79,4,145,112,0,112,257
12/30/2022,GYH,SC,ASO,ES,Federal Contract Tower,0,8,3,0,11,0,22,44,0,66,0,30,47,0,77,54,0,54,131
12/31/2022,GYH,SC,ASO,ES,Federal Contract Tower,0,7,0,0,7,0,0,0,0,0,0,7,0,0,7,0,0,0,7
01/01/2023,GYH,SC,ASO,ES,Federal Contract Tower,0,5,4,0,9,0,4,0,0,4,0,9,4,0,13,0,0,0,13
01/02/2023,GYH,SC,ASO,ES,Federal Contract Tower,0,7,0,0,7,0,7,82,0,89,0,14,82,0,96,134,0,134,230
01/03/2023,GYH,SC,ASO,ES,Federal Contract Tower,0,7,0,0,7,0,0,0,0,0,0,7,0,0,7,0,0,0,7
01/04/2023,GYH,SC,ASO,ES,Federal Contract Tower,0,19,0,7,26,0,4,0,15,19,0,23,0,22,45,0,2,2,47
01/05/2023,GYH,SC,ASO,ES,Federal Contract Tower,0,12,4,2,18,0,26,90,26,142,0,38,94,28,160,164,4,168,328
01/06/2023,GYH,SC,ASO,ES,Federal Contract Tower,0,13,2,5,20,0,24,97,2,123,0,37,99,7,143,108,0,108,251
01/07/2023,GYH,SC,ASO,ES,Federal Contract Tower,0,7,3,1,11,0,6,109,6,121,0,13,112,7,132,154,4,158,290
01/08/2023,GYH,SC,ASO,ES,Federal Contract Tower,0,6,2,0,8,0,10,30,2,42,0,16,32,2,50,52,0,52,102
01/09/2023,GYH,SC,ASO,ES,Federal Contract Tower,0,19,5,1,25,0,25,78,1,104,0,44,83,2,129,124,0,124,253
01/10/2023,GYH,SC,ASO,ES,Federal Contract Tower,0,11,0,5,16,0,40,71,35,146,0,51,71,40,162,116,10,126,288
01/11/2023,GYH,SC,ASO,ES,Federal Contract Tower,0,24,2,7,33,0,10,87,22,119,0,34,89,29,152,126,26,152,304
01/12/2023,GYH,SC,ASO,ES,Federal Contract Tower,0,8,1,0,9,0,0,0,0,0,0,8,1,0,9,0,0,0,9
01/13/2023,GYH,SC,ASO,ES,Federal Contract Tower,0,9,6,3,18,0,14,43,10,67,0,23,49,13,85,28,0,28,113
01/14/2023,GYH,SC,ASO,ES,Federal Contract Tower,0,4,1,0,5,0,8,14,0,22,0,12,15,0,27,4,0,4,31
01/15/2023,GYH,SC,ASO,ES,Federal Contract Tower,0,4,1,0,5,0,11,68,0,79,0,15,69,0,84,84,0,84,168
01/16/2023,GYH,SC,ASO,ES,Federal Contract Tower,0,7,1,0,8,0,48,73,0,121,0,55,74,0,129,92,0,92,221
01/17/2023,GYH,SC,ASO,ES,Federal Contract Tower,0,17,2,2,21,0,0,0,2,2,0,17,2,4,23,0,0,0,23
01/18/2023,GYH,SC,ASO,ES,Federal Contract Tower,0,12,0,9,21,0,8,26,3,37,0,20,26,12,58,36,0,36,94
01/19/2023,GYH,SC,ASO,ES,Federal Contract Tower,0,13,0,2,15,0,12,2,27,41,0,25,2,29,56,0,0,0,56
01/20/2023,GYH,SC,ASO,ES,Federal Contract Tower,0,12,6,0,18,0,27,94,16,137,0,39,100,16,155,116,6,122,277
01/21/2023,GYH,SC,ASO,ES,Federal Contract Tower,0,6,4,0,10,0,12,63,0,75,0,18,67,0,85,100,0,100,185
01/22/2023,GYH,SC,ASO,ES,Federal Contract Tower,0,3,2,6,11,0,0,0,0,0,0,3,2,6,11,0,0,0,11
01/23/2023,GYH,SC,ASO,ES,Federal Contract Tower,0,10,5,2,17,0,11,66,7,84,0,21,71,9,101,90,8,98,199
01/24/2023,GYH,SC,ASO,ES,Federal Contract Tower,0,8,5,2,15,0,34,94,36,164,0,42,99,38,179,172,22,194,373
01/25/2023,GYH,SC,ASO,ES,Federal Contract Tower,0,6,0,0,6,0,0,0,0,0,0,6,0,0,6,0,0,0,6
01/26/2023,GYH,SC,ASO,ES,Federal Contract Tower,0,17,3,4,24,0,14,50,29,93,0,31,53,33,117,62,4,66,183
01/27/2023,GYH,SC,ASO,ES,Federal Contract Tower,0,6,1,0,7,0,34,92,9,135,0,40,93,9,142,124,2,126,268
01/28/2023,GYH,SC,ASO,ES,Federal Contract Tower,0,9,0,0,9,0,22,101,0,123,0,31,101,0,132,136,0,136,268
01/29/2023,GYH,SC,ASO,ES,Federal Contract Tower,0,3,4,0,7,0,12,42,0,54,0,15,46,0,61,54,0,54,115
01/30/2023,GYH,SC,ASO,ES,Federal Contract Tower,0,5,0,0,5,0,14,118,8,140,0,19,118,8,145,168,8,176,321
01/31/2023,GYH,SC,ASO,ES,Federal Contract Tower,0,12,1,0,13,0,0,0,10,10,0,12,1,10,23,0,14,14,37
02/01/2023,GYH,SC,ASO,ES,Federal Contract Tower,0,16,1,6,23,0,30,43,22,95,0,46,44,28,118,76,4,80,198
02/02/2023,GYH,SC,ASO,ES,Federal Contract Tower,0,8,0,0,8,0,0,0,0,0,0,8,0,0,8,0,0,0,8
02/03/2023,GYH,SC,ASO,ES,Federal Contract Tower,0,8,1,3,12,0,17,110,2,129,0,25,111,5,141,164,12,176,317
02/04/2023,GYH,SC,ASO,ES,Federal Contract Tower,0,2,0,1,3,0,14,63,1,78,0,16,63,2,81,90,0,90,171
02/05/2023,GYH,SC,ASO,ES,Federal Contract Tower,0,8,1,0,9,0,18,37,1,56,0,26,38,1,65,44,0,44,109
02/06/2023,GYH,SC,ASO,ES,Federal Contract Tower,0,9,1,1,11,0,34,79,6,119,0,43,80,7,130,98,4,102,232
02/07/2023,GYH,SC,ASO,ES,Federal Contract Tower,0,8,3,1,12,0,10,90,27,127,0,18,93,28,139,146,16,162,301
02/08/2023,GYH,SC,ASO,ES,Federal Contract Tower,0,18,0,6,24,0,36,89,4,129,0,54,89,10,153,144,2,146,299
02/09/2023,GYH,SC,ASO,ES,Federal Contract Tower,0,10,1,5,16,0,12,35,9,56,0,22,36,14,72,56,0,56,128
02/10/2023,GYH,SC,ASO,ES,Federal Contract Tower,0,11,4,3,18,0,26,79,0,105,0,37,83,3,123,118,0,118,241
02/11/2023,GYH,SC,ASO,ES,Federal Contract Tower,0,3,0,0,3,0,0,47,2,49,0,3,47,2,52,82,0,82,134
02/12/2023,GYH,SC,ASO,ES,Federal Contract Tower,0,9,2,0,11,0,0,11,0,11,0,9,13,0,22,20,0,20,42
02/13/2023,GYH,SC,ASO,ES,Federal Contract Tower,0,11,4,4,19,0,20,69,8,97,0,31,73,12,116,106,4,110,226
02/14/2023,GYH,SC,ASO,ES,Federal Contract Tower,0,9,0,1,10,0,6,89,22,117,0,15,89,23,127,158,4,162,289
02/15/2023,GYH,SC,ASO,ES,Federal Contract Tower,0,13,2,5,20,0,2,52,47,101,0,15,54,52,121,80,36,116,237
02/16/2023,GYH,SC,ASO,ES,Federal Contract Tower,0,6,0,10,16,0,16,35,31,82,0,22,35,41,98,64,32,96,194
02/17/2023,GYH,SC,ASO,ES,Federal Contract Tower,0,9,1,0,10,0,36,20,0,56,0,45,21,0,66,24,0,24,90
02/18/2023,GYH,SC,ASO,ES,Federal Contract Tower,0,10,2,0,12,0,22,128,0,150,0,32,130,0,162,146,0,146,308
02/19/2023,GYH,SC,ASO,ES,Federal Contract Tower,0,10,5,0,15,0,14,36,0,50,0,24,41,0,65,38,0,38,103
02/20/2023,GYH,SC,ASO,ES,Federal Contract Tower,0,3,1,0,4,0,14,75,4,93,0,17,76,4,97,98,0,98,195
02/21/2023,GYH,SC,ASO,ES,Federal Contract Tower,0,14,1,12,27,0,20,43,38,101,0,34,44,50,128,56,40,96,224
02/22/2023,GYH,SC,ASO,ES,Federal Contract Tower,0,12,2,2,16,0,4,14,23,41,0,16,16,25,57,8,12,20,77
02/23/2023,GYH,SC,ASO,ES,Federal Contract Tower,0,12,0,3,15,0,8,18,44,70,0,20,18,47,85,18,18,36,121
02/24/2023,GYH,SC,ASO,ES,Federal Contract Tower,0,6,2,2,10,0,22,122,19,163,0,28,124,21,173,158,8,166,339
02/25/2023,GYH,SC,ASO,ES,Federal Contract Tower,0,5,7,0,12,0,0,0,0,0,0,5,7,0,12,0,0,0,12
02/26/2023,GYH,SC,ASO,ES,Federal Contract Tower,0,11,1,1,13,0,19,27,0,46,0,30,28,1,59,46,0,46,105
02/27/2023,GYH,SC,ASO,ES,Federal Contract Tower,0,8,2,2,12,0,5,2,0,7,0,13,4,2,19,0,0,0,19
02/28/2023,GYH,SC,ASO,ES,Federal Contract Tower,0,6,2,0,8,0,9,73,38,120,0,15,75,38,128,106,14,120,248
03/01/2023,GYH,SC,ASO,ES,Federal Contract Tower,0,12,0,2,14,0,16,58,20,94,0,28,58,22,108,58,0,58,166
03/02/2023,GYH,SC,ASO,ES,Federal Contract Tower,0,22,3,1,26,0,17,23,12,52,0,39,26,13,78,30,12,42,120
03/03/2023,GYH,SC,ASO,ES,Federal Contract Tower,0,6,1,2,9,0,0,1,0,1,0,6,2,2,10,0,0,0,10
03/04/2023,GYH,SC,ASO,ES,Federal Contract Tower,0,9,1,0,10,0,14,62,2,78,0,23,63,2,88,84,0,84,172
03/05/2023,GYH,SC,ASO,ES,Federal Contract Tower,0,19,1,0,20,0,19,60,5,84,0,38,61,5,104,74,0,74,178
03/06/2023,GYH,SC,ASO,ES,Federal Contract Tower,0,16,2,0,18,0,18,69,0,87,0,34,71,0,105,98,0,98,203
03/07/2023,GYH,SC,ASO,ES,Federal Contract Tower,0,24,3,6,33,0,6,50,15,71,0,30,53,21,104,60,18,78,182
03/08/2023,GYH,SC,ASO,ES,Federal Contract Tower,0,16,0,4,20,0,9,114,26,149,0,25,114,30,169,100,0,100,269
03/09/2023,GYH,SC,ASO,ES,Federal Contract Tower,0,19,2,2,23,0,12,80,19,111,0,31,82,21,134,110,8,118,252
03/10/2023,GYH,SC,ASO,ES,Federal Contract Tower,0,21,0,4,25,0,22,8,2,32,0,43,8,6,57,8,2,10,67
03/11/2023,GYH,SC,ASO,ES,Federal Contract Tower,0,4,1,0,5,0,16,38,0,54,0,20,39,0,59,40,0,40,99
03/12/2023,GYH,SC,ASO,ES,Federal Contract Tower,0,8,0,0,8,0,0,0,0,0,0,8,0,0,8,0,0,0,8
03/13/2023,GYH,SC,ASO,ES,Federal Contract Tower,0,16,3,6,25,0,9,69,2,80,0,25,72,8,105,106,0,106,211
03/14/2023,GYH,SC,ASO,ES,Federal Contract Tower,0,5,0,1,6,0,27,68,38,133,0,32,68,39,139,88,46,134,273
03/15/2023,GYH,SC,ASO,ES,Federal Contract Tower,0,9,3,5,17,0,10,50,48,108,0,19,53,53,125,70,8,78,203
03/16/2023,GYH,SC,ASO,ES,Federal Contract Tower,0,15,3,3,21,0,34,42,16,92,0,49,45,19,113,76,18,94,207
03/17/2023,GYH,SC,ASO,ES,Federal Contract Tower,0,6,1,4,11,0,0,0,0,0,0,6,1,4,11,0,0,0,11
03/18/2023,GYH,SC,ASO,ES,Federal Contract Tower,0,7,0,0,7,0,24,36,0,60,0,31,36,0,67,34,0,34,101
03/19/2023,GYH,SC,ASO,ES,Federal Contract Tower,0,9,3,0,12,0,7,61,0,68,0,16,64,0,80,94,0,94,174
03/20/2023,GYH,SC,ASO,ES,Federal Contract Tower,0,14,5,9,28,0,14,45,0,59,0,28,50,9,87,50,0,50,137
03/21/2023,GYH,SC,ASO,ES,Federal Contract Tower,0,11,2,0,13,0,20,76,6,102,0,31,78,6,115,106,4,110,225
03/22/2023,GYH,SC,ASO,ES,Federal Contract Tower,0,11,0,3,14,0,0,34,6,40,0,11,34,9,54,50,2,52,106
03/23/2023,GYH,SC,ASO,ES,Federal Contract Tower,0,11,5,4,20,0,18,62,24,104,0,29,67,28,124,74,12,86,210
03/24/2023,GYH,SC,ASO,ES,Federal Contract Tower,0,8,1,0,9,0,6,58,7,71,0,14,59,7,80,74,4,78,158
03/25/2023,GYH,SC,ASO,ES,Federal Contract Tower,0,9,0,0,9,0,5,4,0,9,0,14,4,0,18,10,0,10,28
03/26/2023,GYH,SC,ASO,ES,Federal Contract Tower,0,7,2,0,9,0,13,41,0,54,0,20,43,0,63,54,0,54,117
03/27/2023,GYH,SC,ASO,ES,Federal Contract Tower,0,8,0,2,10,0,8,65,6,79,0,16,65,8,89,104,0,104,193
03/28/2023,GYH,SC,ASO,ES,Federal Contract Tower,0,17,5,5,27,0,24,88,20,132,0,41,93,25,159,134,2,136,295
03/29/2023,GYH,SC,ASO,ES,Federal Contract Tower,0,21,2,1,24,0,24,102,9,135,0,45,104,10,159,184,0,184,343
03/30/2023,GYH,SC,ASO,ES,Federal Contract Tower,0,11,1,3,15,0,24,79,11,114,0,35,80,14,129,126,0,126,255
03/31/2023,GYH,SC,ASO,ES,Federal Contract Tower,0,13,1,0,14,0,3,81,4,88,0,16,82,4,102,112,0,112,214
04/01/2023,GYH,SC,ASO,ES,Federal Contract Tower,0,2,1,0,3,0,5,2,0,7,0,7,3,0,10,0,0,0,10
04/02/2023,GYH,SC,ASO,ES,Federal Contract Tower,0,16,5,1,22,0,16,74,3,93,0,32,79,4,115,96,6,102,217
04/03/2023,GYH,SC,ASO,ES,Federal Contract Tower,0,13,6,0,19,0,12,85,2,99,0,25,91,2,118,122,0,122,240
04/04/2023,GYH,SC,ASO,ES,Federal Contract Tower,0,13,4,2,19,0,0,154,9,163,0,13,158,11,182,210,2,212,394
04/05/2023,GYH,SC,ASO,ES,Federal Contract Tower,0,5,2,3,10,0,12,98,14,124,0,17,100,17,134,142,0,142,276
04/06/2023,GYH,SC,ASO,ES,Federal Contract Tower,0,7,1,0,8,0,8,72,17,97,0,15,73,17,105,116,0,116,221
04/07/2023,GYH,SC,ASO,ES,Federal Contract Tower,0,9,1,1,11,0,0,0,0,0,0,9,1,1,11,0,2,2,13
04/08/2023,GYH,SC,ASO,ES,Federal Contract Tower,0,3,0,1,4,0,0,0,1,1,0,3,0,2,5,0,0,0,5
04/09/2023,GYH,SC,ASO,ES,Federal Contract Tower,0,10,1,0,11,0,8,9,0,17,0,18,10,0,28,6,0,6,34
04/10/2023,GYH,SC,ASO,ES,Federal Contract Tower,0,16,3,0,19,0,23,83,7,113,0,39,86,7,132,104,2,106,238
04/11/2023,GYH,SC,ASO,ES,Federal Contract Tower,0,7,2,0,9,0,8,125,18,151,0,15,127,18,160,182,16,198,358
04/12/2023,GYH,SC,ASO,ES,Federal Contract Tower,0,8,2,0,10,0,12,140,23,175,0,20,142,23,185,192,12,204,389
04/13/2023,GYH,SC,ASO,ES,Federal Contract Tower,0,20,7,1,28,0,26,88,26,140,0,46,95,27,168,154,0,154,322
04/14/2023,GYH,SC,ASO,ES,Federal Contract Tower,0,9,1,1,11,0,0,1,0,1,0,9,2,1,12,0,0,0,12
04/15/2023,GYH,SC,ASO,ES,Federal Contract Tower,0,8,1,0,9,0,32,56,0,88,0,40,57,0,97,56,0,56,153
04/16/2023,GYH,SC,ASO,ES,Federal Contract Tower,0,13,3,0,16,0,2,19,0,21,0,15,22,0,37,28,0,28,65
04/17/2023,GYH,SC,ASO,ES,Federal Contract Tower,0,14,2,1,17,0,11,68,0,79,0,25,70,1,96,80,0,80,176
04/18/2023,GYH,SC,ASO,ES,Federal Contract Tower,0,8,1,1,10,0,17,91,6,114,0,25,92,7,124,122,0,122,246
04/19/2023,GYH,SC,ASO,ES,Federal Contract Tower,0,4,2,3,9,0,26,88,13,127,0,30,90,16,136,162,0,162,298
04/20/2023,GYH,SC,ASO,ES,Federal Contract Tower,0,9,0,1,10,0,6,65,24,95,0,15,65,25,105,136,2,138,243
04/21/2023,GYH,SC,ASO,ES,Federal Contract Tower,0,3,1,2,6,0,14,75,5,94,0,17,76,7,100,104,4,108,208
04/22/2023,GYH,SC,ASO,ES,Federal Contract Tower,0,6,0,0,6,0,29,18,1,48,0,35,18,1,54,20,0,20,74
04/23/2023,GYH,SC,ASO,ES,Federal Contract Tower,0,5,2,0,7,0,4,30,0,34,0,9,32,0,41,36,0,36,77
04/24/2023,GYH,SC,ASO,ES,Federal Contract Tower,0,20,2,0,22,0,30,110,9,149,0,50,112,9,171,206,6,212,383
04/25/2023,GYH,SC,ASO,ES,Federal Contract Tower,0,11,2,0,13,0,20,79,7,106,0,31,81,7,119,120,0,120,239
04/26/2023,GYH,SC,ASO,ES,Federal Contract Tower,0,12,1,2,15,0,2,12,4,18,0,14,13,6,33,18,0,18,51
04/27/2023,GYH,SC,ASO,ES,Federal Contract Tower,0,23,2,4,29,0,0,0,0,0,0,23,2,4,29,0,0,0,29
04/28/2023,GYH,SC,ASO,ES,Federal Contract Tower,0,5,9,4,18,0,15,20,8,43,0,20,29,12,61,32,0,32,93
04/29/2023,GYH,SC,ASO,ES,Federal Contract Tower,0,11,1,0,12,0,16,45,2,63,0,27,46,2,75,42,0,42,117
04/30/2023,GYH,SC,ASO,ES,Federal Contract Tower,0,7,2,0,9,0,4,12,0,16,0,11,14,0,25,12,0,12,37
05/01/2023,GYH,SC,ASO,ES,Federal Contract Tower,0,7,4,0,11,0,14,23,0,37,0,21,27,0,48,26,0,26,74
05/02/2023,GYH,SC,ASO,ES,Federal Contract Tower,0,17,2,5,24,0,6,29,2,37,0,23,31,7,61,44,2,46,107
05/03/2023,GYH,SC,ASO,ES,Federal Contract Tower,0,9,0,3,12,0,29,59,0,88,0,38,59,3,100,52,0,52,152
05/04/2023,GYH,SC,ASO,ES,Federal Contract Tower,0,16,4,1,21,0,16,86,2,104,0,32,90,3,125,158,0,158,283
05/05/2023,GYH,SC,ASO,ES,Federal Contract Tower,0,11,1,4,16,0,40,118,1,159,0,51,119,5,175,158,0,158,333
05/06/2023,GYH,SC,ASO,ES,Federal Contract Tower,0,4,0,0,4,0,24,77,0,101,0,28,77,0,105,126,0,126,231
05/07/2023,GYH,SC,ASO,ES,Federal Contract Tower,0,7,2,0,9,0,8,37,2,47,0,15,39,2,56,44,0,44,100
05/08/2023,GYH,SC,ASO,ES,Federal Contract Tower,0,12,0,2,14,0,4,30,19,53,0,16,30,21,67,46,12,58,125
05/09/2023,GYH,SC,ASO,ES,Federal Contract Tower,0,19,1,2,22,0,28,59,17,104,0,47,60,19,126,70,12,82,208
05/10/2023,GYH,SC,ASO,ES,Federal Contract Tower,0,17,2,3,22,0,23,84,31,138,0,40,86,34,160,98,8,106,266
05/11/2023,GYH,SC,ASO,ES,Federal Contract Tower,0,13,1,4,18,0,20,97,43,160,0,33,98,47,178,154,26,180,358
05/12/2023,GYH,SC,ASO,ES,Federal Contract Tower,0,8,0,3,11,0,14,16,0,30,0,22,16,3,41,14,6,20,61
05/13/2023,GYH,SC,ASO,ES,Federal Contract Tower,0,3,0,2,5,0,15,29,2,46,0,18,29,4,51,32,0,32,83
05/14/2023,GYH,SC,ASO,ES,Federal Contract Tower,0,9,2,0,11,0,10,34,0,44,0,19,36,0,55,54,0,54,109
05/15/2023,GYH,SC,ASO,ES,Federal Contract Tower,0,9,2,3,14,0,60,73,0,133,0,69,75,3,147,110,0,110,257
05/16/2023,GYH,SC,ASO,ES,Federal Contract Tower,0,20,5,3,28,0,4,26,12,42,0,24,31,15,70,38,0,38,108
05/17/2023,GYH,SC,ASO,ES,Federal Contract Tower,0,13,1,6,20,0,10,123,16,149,0,23,124,22,169,176,14,190,359
05/18/2023,GYH,SC,ASO,ES,Federal Contract Tower,0,18,4,4,26,0,0,15,4,19,0,18,19,8,45,38,0,38,83
05/19/2023,GYH,SC,ASO,ES,Federal Contract Tower,0,12,1,6,19,0,13,79,0,92,0,25,80,6,111,104,0,104,215
05/20/2023,GYH,SC,ASO,ES,Federal Contract Tower,0,6,0,0,6,0,26,49,0,75,0,32,49,0,81,88,0,88,169
05/21/2023,GYH,SC,ASO,ES,Federal Contract Tower,0,5,5,0,10,0,16,52,0,68,0,21,57,0,78,76,0,76,154
05/22/2023,GYH,SC,ASO,ES,Federal Contract Tower,0,19,7,0,26,0,5,83,3,91,0,24,90,3,117,118,2,120,237
05/23/2023,GYH,SC,ASO,ES,Federal Contract Tower,0,21,2,0,23,0,14,154,22,190,0,35,156,22,213,194,2,196,409
05/24/2023,GYH,SC,ASO,ES,Federal Contract Tower,0,15,4,0,19,0,8,121,9,138,0,23,125,9,157,172,0,172,329
05/25/2023,GYH,SC,ASO,ES,Federal Contract Tower,0,14,1,0,15,0,23,54,0,77,0,37,55,0,92,78,0,78,170
05/26/2023,GYH,SC,ASO,ES,Federal Contract Tower,0,11,2,0,13,0,0,35,0,35,0,11,37,0,48,30,0,30,78
05/27/2023,GYH,SC,ASO,ES,Federal Contract Tower,0,7,0,0,7,0,0,0,0,0,0,7,0,0,7,0,0,0,7
05/28/2023,GYH,SC,ASO,ES,Federal Contract Tower,0,3,0,0,3,0,0,7,0,7,0,3,7,0,10,10,0,10,20
05/29/2023,GYH,SC,ASO,ES,Federal Contract Tower,0,2,2,0,4,0,14,106,6,126,0,16,108,6,130,144,0,144,274
05/30/2023,GYH,SC,ASO,ES,Federal Contract Tower,0,5,2,1,8,0,11,59,16,86,0,16,61,17,94,104,6,110,204
05/31/2023,GYH,SC,ASO,ES,Federal Contract Tower,0,9,7,0,16,0,16,49,10,75,0,25,56,10,91,66,0,66,157
06/01/2023,GYH,SC,ASO,ES,Federal Contract Tower,0,11,0,3,14,0,7,117,17,141,0,18,117,20,155,166,6,172,327
06/02/2023,GYH,SC,ASO,ES,Federal Contract Tower,0,2,2,6,10,0,15,75,4,94,0,17,77,10,104,92,2,94,198
06/03/2023,GYH,SC,ASO,ES,Federal Contract Tower,0,1,0,0,1,0,16,57,0,73,0,17,57,0,74,74,0,74,148
06/04/2023,GYH,SC,ASO,ES,Federal Contract Tower,0,4,4,3,11,0,20,28,5,53,0,24,32,8,64,28,0,28,92
06/05/2023,GYH,SC,ASO,ES,Federal Contract Tower,0,7,1,5,13,0,14,111,8,133,0,21,112,13,146,172,6,178,324
06/06/2023,GYH,SC,ASO,ES,Federal Contract Tower,0,10,2,2,14,0,26,65,17,108,0,36,67,19,122,80,14,94,216
06/07/2023,GYH,SC,ASO,ES,Federal Contract Tower,0,9,0,4,13,0,6,62,35,103,0,15,62,39,116,124,8,132,248
06/08/2023,GYH,SC,ASO,ES,Federal Contract Tower,0,13,1,6,20,0,58,104,23,185,0,71,105,29,205,128,0,128,333
06/09/2023,GYH,SC,ASO,ES,Federal Contract Tower,0,5,0,0,5,0,24,80,1,105,0,29,80,1,110,110,0,110,220
06/10/2023,GYH,SC,ASO,ES,Federal Contract Tower,0,5,4,0,9,0,40,107,4,151,0,45,111,4,160,150,4,154,314
06/11/2023,GYH,SC,ASO,ES,Federal Contract Tower,0,3,1,0,4,0,6,0,0,6,0,9,1,0,10,0,0,0,10
06/12/2023,GYH,SC,ASO,ES,Federal Contract Tower,0,9,0,2,11,0,20,51,0,71,0,29,51,2,82,80,0,80,162
06/13/2023,GYH,SC,ASO,ES,Federal Contract Tower,0,10,0,4,14,0,26,108,19,153,0,36,108,23,167,128,18,146,313
06/14/2023,GYH,SC,ASO,ES,Federal Contract Tower,0,13,0,2,15,0,13,46,65,124,0,26,46,67,139,54,26,80,219
06/15/2023,GYH,SC,ASO,ES,Federal Contract Tower,0,18,0,2,20,0,14,76,31,121,0,32,76,33,141,94,16,110,251
06/16/2023,GYH,SC,ASO,ES,Federal Contract Tower,0,7,5,0,12,0,16,110,0,126,0,23,115,0,138,124,0,124,262
06/17/2023,GYH,SC,ASO,ES,Federal Contract Tower,0,5,1,0,6,0,20,60,0,80,0,25,61,0,86,56,0,56,142
06/18/2023,GYH,SC,ASO,ES,Federal Contract Tower,0,6,0,1,7,0,7,17,0,24,0,13,17,1,31,18,0,18,49
06/19/2023,GYH,SC,ASO,ES,Federal Contract Tower,0,7,0,0,7,0,11,2,0,13,0,18,2,0,20,0,0,0,20
06/20/2023,GYH,SC,ASO,ES,Federal Contract Tower,0,9,1,3,13,0,0,6,0,6,0,9,7,3,19,8,0,8,27
06/21/2023,GYH,SC,ASO,ES,Federal Contract Tower,0,12,1,3,16,0,0,0,0,0,0,12,1,3,16,0,0,0,16
06/22/2023,GYH,SC,ASO,ES,Federal Contract Tower,0,12,1,14,27,0,0,0,0,0,0,12,1,14,27,0,0,0,27
06/23/2023,GYH,SC,ASO,ES,Federal Contract Tower,0,12,1,0,13,0,4,71,47,122,0,16,72,47,135,92,62,154,289
06/24/2023,GYH,SC,ASO,ES,Federal Contract Tower,0,4,1,0,5,0,0,65,0,65,0,4,66,0,70,86,0,86,156
06/25/2023,GYH,SC,ASO,ES,Federal Contract Tower,0,7,1,0,8,0,0,48,0,48,0,7,49,0,56,30,0,30,86
06/26/2023,GYH,SC,ASO,ES,Federal Contract Tower,0,6,5,0,11,0,32,74,0,106,0,38,79,0,117,104,0,104,221
06/27/2023,GYH,SC,ASO,ES,Federal Contract Tower,0,10,1,6,17,0,32,70,50,152,0,42,71,56,169,98,26,124,293
06/28/2023,GYH,SC,ASO,ES,Federal Contract Tower,0,11,0,1,12,0,14,62,48,124,0,25,62,49,136,94,34,128,264
06/29/2023,GYH,SC,ASO,ES,Federal Contract Tower,0,15,2,0,17,0,23,90,50,163,0,38,92,50,180,148,4,152,332
06/30/2023,GYH,SC,ASO,ES,Federal Contract Tower,0,5,3,0,8,0,14,82,11,107,0,19,85,11,115,100,12,112,227
07/01/2023,GYH,SC,ASO,ES,Federal Contract Tower,0,15,0,0,15,0,8,63,0,71,0,23,63,0,86,88,0,88,174
07/02/2023,GYH,SC,ASO,ES,Federal Contract Tower,0,3,1,0,4,0,13,49,0,62,0,16,50,0,66,64,0,64,130
07/03/2023,GYH,SC,ASO,ES,Federal Contract Tower,0,2,3,0,5,0,23,76,0,99,0,25,79,0,104,100,0,100,204
07/04/2023,GYH,SC,ASO,ES,Federal Contract Tower,0,0,2,0,2,0,11,23,0,34,0,11,25,0,36,18,0,18,54
07/05/2023,GYH,SC,ASO,ES,Federal Contract Tower,0,13,0,5,18,0,2,77,13,92,0,15,77,18,110,118,0,118,228
07/06/2023,GYH,SC,ASO,ES,Federal Contract Tower,0,7,1,2,10,0,12,83,26,121,0,19,84,28,131,146,0,146,277
07/07/2023,GYH,SC,ASO,ES,Federal Contract Tower,0,12,1,0,13,0,21,75,4,100,0,33,76,4,113,112,0,112,225
07/08/2023,GYH,SC,ASO,ES,Federal Contract Tower,0,14,2,0,16,0,4,71,0,75,0,18,73,0,91,114,0,114,205
07/09/2023,GYH,SC,ASO,ES,Federal Contract Tower,0,2,2,1,5,0,22,66,0,88,0,24,68,1,93,100,0,100,193
07/10/2023,GYH,SC,ASO,ES,Federal Contract Tower,0,6,6,2,14,0,4,59,0,63,0,10,65,2,77,80,0,80,157
07/11/2023,GYH,SC,ASO,ES,Federal Contract Tower,0,11,6,0,17,0,6,82,10,98,0,17,88,10,115,136,0,136,251
07/12/2023,GYH,SC,ASO,ES,Federal Contract Tower,0,12,1,2,15,0,8,91,4,103,0,20,92,6,118,128,0,128,246
07/13/2023,GYH,SC,ASO,ES,Federal Contract Tower,0,6,0,4,10,0,26,95,13,134,0,32,95,17,144,156,0,156,300
07/14/2023,GYH,SC,ASO,ES,Federal Contract Tower,0,9,2,1,12,0,6,91,0,97,0,15,93,1,109,168,0,168,277
07/15/2023,GYH,SC,ASO,ES,Federal Contract Tower,0,6,2,0,8,0,2,68,0,70,0,8,70,0,78,18,0,18,96
07/16/2023,GYH,SC,ASO,ES,Federal Contract Tower,0,16,0,0,16,0,1,44,0,45,0,17,44,0,61,60,0,60,121
07/17/2023,GYH,SC,ASO,ES,Federal Contract Tower,0,12,3,1,16,0,15,73,0,88,0,27,76,1,104,106,0,106,210
07/18/2023,GYH,SC,ASO,ES,Federal Contract Tower,0,25,2,4,31,0,9,63,9,81,0,34,65,13,112,92,0,92,204
07/19/2023,GYH,SC,ASO,ES,Federal Contract Tower,0,16,0,0,16,0,18,48,13,79,0,34,48,13,95,52,0,52,147
07/20/2023,GYH,SC,ASO,ES,Federal Contract Tower,0,9,2,3,14,0,2,65,4,71,0,11,67,7,85,92,2,94,179
07/21/2023,GYH,SC,ASO,ES,Federal Contract Tower,0,5,4,1,10,0,2,85,0,87,0,7,89,1,97,102,0,102,199
07/22/2023,GYH,SC,ASO,ES,Federal Contract Tower,0,6,0,0,6,0,0,40,0,40,0,6,40,0,46,56,0,56,102
07/23/2023,GYH,SC,ASO,ES,Federal Contract Tower,0,7,2,0,9,0,8,33,0,41,0,15,35,0,50,44,0,44,94
07/24/2023,GYH,SC,ASO,ES,Federal Contract Tower,0,16,3,6,25,0,7,77,9,93,0,23,80,15,118,104,0,104,222
07/25/2023,GYH,SC,ASO,ES,Federal Contract Tower,0,5,3,2,10,0,9,60,10,79,0,14,63,12,89,74,0,74,163
07/26/2023,GYH,SC,ASO,ES,Federal Contract Tower,0,10,1,2,13,0,3,81,21,105,0,13,82,23,118,140,2,142,260
07/27/2023,GYH,SC,ASO,ES,Federal Contract Tower,0,7,3,3,13,0,26,48,48,122,0,33,51,51,135,92,0,92,227
07/28/2023,GYH,SC,ASO,ES,Federal Contract Tower,0,11,4,5,20,0,7,65,13,85,0,18,69,18,105,62,0,62,167
07/29/2023,GYH,SC,ASO,ES,Federal Contract Tower,0,2,0,0,2,0,18,26,0,44,0,20,26,0,46,40,0,40,86
07/30/2023,GYH,SC,ASO,ES,Federal Contract Tower,0,9,1,1,11,0,28,51,0,79,0,37,52,1,90,66,0,66,156
07/31/2023,GYH,SC,ASO,ES,Federal Contract Tower,0,6,4,3,13,0,25,62,0,87,0,31,66,3,100,90,0,90,190
08/01/2023,GYH,SC,ASO,ES,Federal Contract Tower,0,8,7,4,19,0,12,35,8,55,0,20,42,12,74,44,0,44,118
08/02/2023,GYH,SC,ASO,ES,Federal Contract Tower,0,11,2,5,18,0,24,95,4,123,0,35,97,9,141,116,4,120,261
08/03/2023,GYH,SC,ASO,ES,Federal Contract Tower,0,13,1,6,20,0,0,0,0,0,0,13,1,6,20,0,0,0,20
08/04/2023,GYH,SC,ASO,ES,Federal Contract Tower,0,5,4,3,12,0,16,45,2,63,0,21,49,5,75,78,6,84,159
08/05/2023,GYH,SC,ASO,ES,Federal Contract Tower,0,9,3,0,12,0,14,72,12,98,0,23,75,12,110,86,4,90,200
08/06/2023,GYH,SC,ASO,ES,Federal Contract Tower,0,4,2,0,6,0,13,33,8,54,0,17,35,8,60,46,10,56,116
08/07/2023,GYH,SC,ASO,ES,Federal Contract Tower,0,6,1,0,7,0,3,34,0,37,0,9,35,0,44,38,0,38,82
08/08/2023,GYH,SC,ASO,ES,Federal Contract Tower,0,8,3,1,12,0,38,70,12,120,0,46,73,13,132,112,4,116,248
08/09/2023,GYH,SC,ASO,ES,Federal Contract Tower,0,9,1,0,10,0,30,89,32,151,0,39,90,32,161,130,16,146,307
08/10/2023,GYH,SC,ASO,ES,Federal Contract Tower,0,11,2,2,15,0,9,18,19,46,0,20,20,21,61,28,4,32,93
08/11/2023,GYH,SC,ASO,ES,Federal Contract Tower,0,5,4,0,9,0,18,71,13,102,0,23,75,13,111,110,2,112,223
08/12/2023,GYH,SC,ASO,ES,Federal Contract Tower,0,4,4,0,8,0,19,25,0,44,0,23,29,0,52,50,0,50,102
08/13/2023,GYH,SC,ASO,ES,Federal Contract Tower,0,8,7,0,15,0,12,28,0,40,0,20,35,0,55,16,0,16,71
08/14/2023,GYH,SC,ASO,ES,Federal Contract Tower,0,11,0,0,11,0,32,75,0,107,0,43,75,0,118,102,0,102,220
08/15/2023,GYH,SC,ASO,ES,Federal Contract Tower,0,4,3,3,10,0,33,92,12,137,0,37,95,15,147,134,16,150,297
08/16/2023,GYH,SC,ASO,ES,Federal Contract Tower,0,10,9,0,19,0,16,77,24,117,0,26,86,24,136,84,0,84,220
08/17/2023,GYH,SC,ASO,ES,Federal Contract Tower,0,3,3,2,8,0,0,69,10,79,0,3,72,12,87,98,0,98,185
08/18/2023,GYH,SC,ASO,ES,Federal Contract Tower,0,7,4,3,14,0,10,84,8,102,0,17,88,11,116,106,0,106,222
08/19/2023,GYH,SC,ASO,ES,Federal Contract Tower,0,4,2,0,6,0,14,86,2,102,0,18,88,2,108,66,0,66,174
08/20/2023,GYH,SC,ASO,ES,Federal Contract Tower,0,11,1,0,12,0,15,57,0,72,0,26,58,0,84,52,0,52,136
08/21/2023,GYH,SC,ASO,ES,Federal Contract Tower,0,11,4,3,18,0,34,52,6,92,0,45,56,9,110,76,4,80,190
08/22/2023,GYH,SC,ASO,ES,Federal Contract Tower,0,10,5,1,16,0,26,43,4,73,0,36,48,5,89,32,2,34,123
08/23/2023,GYH,SC,ASO,ES,Federal Contract Tower,0,14,3,6,23,0,9,65,8,82,0,23,68,14,105,76,8,84,189
08/24/2023,GYH,SC,ASO,ES,Federal Contract Tower,0,14,0,2,16,0,54,70,21,145,0,68,70,23,161,82,0,82,243
08/25/2023,GYH,SC,ASO,ES,Federal Contract Tower,0,8,2,1,11,0,18,71,24,113,0,26,73,25,124,90,10,100,224
08/26/2023,GYH,SC,ASO,ES,Federal Contract Tower,0,1,0,0,1,0,4,36,3,43,0,5,36,3,44,40,0,40,84
08/27/2023,GYH,SC,ASO,ES,Federal Contract Tower,0,7,2,4,13,0,10,43,4,57,0,17,45,8,70,44,8,52,122
08/28/2023,GYH,SC,ASO,ES,Federal Contract Tower,0,6,1,1,8,0,0,16,0,16,0,6,17,1,24,24,0,24,48
08/29/2023,GYH,SC,ASO,ES,Federal Contract Tower,0,8,4,2,14,0,15,27,6,48,0,23,31,8,62,48,0,48,110
08/30/2023,GYH,SC,ASO,ES,Federal Contract Tower,0,5,0,0,5,0,1,0,0,1,0,6,0,0,6,0,0,0,6
08/31/2023,GYH,SC,ASO,ES,Federal Contract Tower,0,21,3,0,24,0,4,91,4,99,0,25,94,4,123,110,2,112,235
