01/01/2000,GYY,IN,AGL,CE,Federal Contract Tower,0,0,4,0,4,0,0,23,0,23,0,0,27,0,27,44,0,44,71
01/02/2000,GYY,IN,AGL,CE,Federal Contract Tower,1,0,7,0,8,3,0,22,0,25,4,0,29,0,33,56,0,56,89
01/03/2000,GYY,IN,AGL,CE,Federal Contract Tower,2,1,8,0,11,2,0,0,0,2,4,1,8,0,13,0,0,0,13
01/04/2000,GYY,IN,AGL,CE,Federal Contract Tower,4,3,17,0,24,0,3,18,0,21,4,6,35,0,45,38,0,38,83
01/05/2000,GYY,IN,AGL,CE,Federal Contract Tower,4,3,13,0,20,0,3,28,0,31,4,6,41,0,51,38,0,38,89
01/06/2000,GYY,IN,AGL,CE,Federal Contract Tower,4,3,19,0,26,0,1,35,0,36,4,4,54,0,62,120,0,120,182
01/07/2000,GYY,IN,AGL,CE,Federal Contract Tower,7,4,23,0,34,5,1,36,0,42,12,5,59,0,76,110,0,110,186
01/08/2000,GYY,IN,AGL,CE,Federal Contract Tower,3,2,8,0,13,1,0,38,0,39,4,2,46,0,52,66,0,66,118
01/09/2000,GYY,IN,AGL,CE,Federal Contract Tower,4,1,11,0,16,0,0,1,0,1,4,1,12,0,17,0,0,0,17
01/10/2000,GYY,IN,AGL,CE,Federal Contract Tower,4,3,17,0,24,0,0,7,0,7,4,3,24,0,31,0,0,0,31
01/11/2000,GYY,IN,AGL,CE,Federal Contract Tower,1,1,15,0,17,0,0,19,0,19,1,1,34,0,36,18,0,18,54
01/12/2000,GYY,IN,AGL,CE,Federal Contract Tower,5,3,22,0,30,0,1,31,2,34,5,4,53,2,64,88,0,88,152
01/13/2000,GYY,IN,AGL,CE,Federal Contract Tower,8,4,27,0,39,4,3,12,0,19,12,7,39,0,58,10,0,10,68
01/14/2000,GYY,IN,AGL,CE,Federal Contract Tower,6,3,21,0,30,1,3,28,0,32,7,6,49,0,62,86,0,86,148
01/15/2000,GYY,IN,AGL,CE,Federal Contract Tower,4,2,14,0,20,1,3,37,0,41,5,5,51,0,61,62,0,62,123
01/16/2000,GYY,IN,AGL,CE,Federal Contract Tower,2,0,8,0,10,2,0,10,0,12,4,0,18,0,22,8,0,8,30
01/17/2000,GYY,IN,AGL,CE,Federal Contract Tower,4,0,16,0,20,2,0,15,0,17,6,0,31,0,37,41,0,41,78
01/18/2000,GYY,IN,AGL,CE,Federal Contract Tower,0,2,16,0,18,0,0,16,0,16,0,2,32,0,34,28,0,28,62
01/19/2000,GYY,IN,AGL,CE,Federal Contract Tower,5,0,16,0,21,3,0,21,0,24,8,0,37,0,45,74,0,74,119
01/20/2000,GYY,IN,AGL,CE,Federal Contract Tower,3,2,15,0,20,0,1,18,0,19,3,3,33,0,39,42,0,42,81
01/21/2000,GYY,IN,AGL,CE,Federal Contract Tower,3,2,18,0,23,0,2,15,0,17,3,4,33,0,40,21,0,21,61
01/22/2000,GYY,IN,AGL,CE,Federal Contract Tower,4,0,12,0,16,2,0,2,0,4,6,0,14,0,20,0,0,0,20
01/23/2000,GYY,IN,AGL,CE,Federal Contract Tower,2,0,7,0,9,2,2,17,0,21,4,2,24,0,30,54,0,54,84
01/24/2000,GYY,IN,AGL,CE,Federal Contract Tower,3,2,21,0,26,0,0,27,0,27,3,2,48,0,53,51,0,51,104
01/25/2000,GYY,IN,AGL,CE,Federal Contract Tower,1,1,20,0,22,0,0,13,0,13,1,1,33,0,35,22,0,22,57
01/26/2000,GYY,IN,AGL,CE,Federal Contract Tower,6,1,23,0,30,0,0,10,0,10,6,1,33,0,40,4,0,4,44
01/27/2000,GYY,IN,AGL,CE,Federal Contract Tower,6,0,22,0,28,0,0,31,2,33,6,0,53,2,61,102,0,102,163
01/28/2000,GYY,IN,AGL,CE,Federal Contract Tower,6,2,19,0,27,0,1,41,0,42,6,3,60,0,69,86,0,86,155
01/29/2000,GYY,IN,AGL,CE,Federal Contract Tower,2,1,9,0,12,0,0,32,0,32,2,1,41,0,44,46,0,46,90
01/30/2000,GYY,IN,AGL,CE,Federal Contract Tower,3,0,9,0,12,1,0,0,0,1,4,0,9,0,13,0,0,0,13
01/31/2000,GYY,IN,AGL,CE,Federal Contract Tower,4,1,14,0,19,2,1,16,0,19,6,2,30,0,38,54,0,54,92
02/01/2000,GYY,IN,AGL,CE,Federal Contract Tower,4,0,26,0,30,8,0,32,0,40,12,0,58,0,70,86,0,86,156
02/02/2000,GYY,IN,AGL,CE,Federal Contract Tower,7,3,33,0,43,1,6,26,0,33,8,9,59,0,76,76,0,76,152
02/03/2000,GYY,IN,AGL,CE,Federal Contract Tower,4,2,21,0,27,2,0,35,0,37,6,2,56,0,64,134,0,134,198
02/04/2000,GYY,IN,AGL,CE,Federal Contract Tower,4,2,20,0,26,2,0,6,0,8,6,2,26,0,34,10,0,10,44
02/05/2000,GYY,IN,AGL,CE,Federal Contract Tower,4,0,16,0,20,2,0,19,0,21,6,0,35,0,41,24,0,24,65
02/06/2000,GYY,IN,AGL,CE,Federal Contract Tower,3,0,13,0,16,1,0,33,0,34,4,0,46,0,50,46,0,46,96
02/07/2000,GYY,IN,AGL,CE,Federal Contract Tower,4,2,16,0,22,0,2,22,0,24,4,4,38,0,46,48,0,48,94
02/08/2000,GYY,IN,AGL,CE,Federal Contract Tower,0,2,21,0,23,0,0,38,0,38,0,2,59,0,61,85,0,85,146
02/09/2000,GYY,IN,AGL,CE,Federal Contract Tower,3,0,14,0,17,1,0,26,0,27,4,0,40,0,44,103,0,103,147
02/10/2000,GYY,IN,AGL,CE,Federal Contract Tower,6,2,29,0,37,0,0,17,0,17,6,2,46,0,54,78,0,78,132
02/11/2000,GYY,IN,AGL,CE,Federal Contract Tower,2,0,14,0,16,0,0,33,0,33,2,0,47,0,49,36,0,36,85
02/12/2000,GYY,IN,AGL,CE,Federal Contract Tower,4,0,16,0,20,1,0,101,0,102,5,0,117,0,122,174,0,174,296
02/13/2000,GYY,IN,AGL,CE,Federal Contract Tower,1,0,6,0,7,0,0,2,0,2,1,0,8,0,9,0,0,0,9
02/14/2000,GYY,IN,AGL,CE,Federal Contract Tower,4,0,18,0,22,0,0,6,0,6,4,0,24,0,28,5,0,5,33
02/15/2000,GYY,IN,AGL,CE,Federal Contract Tower,0,2,12,0,14,0,2,22,0,24,0,4,34,0,38,143,0,143,181
02/16/2000,GYY,IN,AGL,CE,Federal Contract Tower,3,2,14,0,19,0,0,39,0,39,3,2,53,0,58,194,0,194,252
02/17/2000,GYY,IN,AGL,CE,Federal Contract Tower,3,0,13,0,16,6,0,33,0,39,9,0,46,0,55,158,0,158,213
02/18/2000,GYY,IN,AGL,CE,Federal Contract Tower,0,0,10,0,10,0,0,4,0,4,0,0,14,0,14,0,0,0,14
02/19/2000,GYY,IN,AGL,CE,Federal Contract Tower,2,0,10,0,12,0,2,10,0,12,2,2,20,0,24,46,0,46,70
02/20/2000,GYY,IN,AGL,CE,Federal Contract Tower,2,0,8,0,10,3,0,32,2,37,5,0,40,2,47,111,2,113,160
02/21/2000,GYY,IN,AGL,CE,Federal Contract Tower,5,0,19,0,24,0,0,30,2,32,5,0,49,2,56,73,2,75,131
02/22/2000,GYY,IN,AGL,CE,Federal Contract Tower,0,1,23,0,24,0,1,36,2,39,0,2,59,2,63,82,0,82,145
02/23/2000,GYY,IN,AGL,CE,Federal Contract Tower,3,0,23,0,26,0,0,37,0,37,3,0,60,0,63,72,0,72,135
02/24/2000,GYY,IN,AGL,CE,Federal Contract Tower,5,1,19,0,25,0,1,9,0,10,5,2,28,0,35,26,0,26,61
02/25/2000,GYY,IN,AGL,CE,Federal Contract Tower,4,3,42,0,49,0,8,26,0,34,4,11,68,0,83,60,0,60,143
02/26/2000,GYY,IN,AGL,CE,Federal Contract Tower,3,0,11,0,14,1,1,5,0,7,4,1,16,0,21,0,0,0,21
02/27/2000,GYY,IN,AGL,CE,Federal Contract Tower,2,0,13,0,15,2,0,22,0,24,4,0,35,0,39,44,0,44,83
02/28/2000,GYY,IN,AGL,CE,Federal Contract Tower,4,0,17,0,21,0,0,44,0,44,4,0,61,0,65,66,0,66,131
02/29/2000,GYY,IN,AGL,CE,Federal Contract Tower,0,0,19,0,19,0,0,24,0,24,0,0,43,0,43,48,0,48,91
03/01/2000,GYY,IN,AGL,CE,Federal Contract Tower,3,0,18,0,21,0,0,47,0,47,3,0,65,0,68,164,0,164,232
03/02/2000,GYY,IN,AGL,CE,Federal Contract Tower,4,2,26,0,32,1,0,34,0,35,5,2,60,0,67,74,0,74,141
03/03/2000,GYY,IN,AGL,CE,Federal Contract Tower,2,2,17,0,21,1,2,54,2,59,3,4,71,2,80,201,2,203,283
03/04/2000,GYY,IN,AGL,CE,Federal Contract Tower,1,0,10,0,11,0,0,52,0,52,1,0,62,0,63,86,0,86,149
03/05/2000,GYY,IN,AGL,CE,Federal Contract Tower,2,1,8,0,11,0,1,45,0,46,2,2,53,0,57,22,0,22,79
03/06/2000,GYY,IN,AGL,CE,Federal Contract Tower,4,0,23,0,27,3,0,37,0,40,7,0,60,0,67,112,0,112,179
03/07/2000,GYY,IN,AGL,CE,Federal Contract Tower,0,2,16,0,18,0,0,54,0,54,0,2,70,0,72,110,0,110,182
03/08/2000,GYY,IN,AGL,CE,Federal Contract Tower,4,3,21,0,28,0,1,39,2,42,4,4,60,2,70,134,0,134,204
03/09/2000,GYY,IN,AGL,CE,Federal Contract Tower,2,2,16,0,20,0,0,8,1,9,2,2,24,1,29,0,1,1,30
03/10/2000,GYY,IN,AGL,CE,Federal Contract Tower,3,3,22,0,28,0,3,23,0,26,3,6,45,0,54,99,0,99,153
03/11/2000,GYY,IN,AGL,CE,Federal Contract Tower,3,0,16,0,19,0,0,31,0,31,3,0,47,0,50,72,0,72,122
03/12/2000,GYY,IN,AGL,CE,Federal Contract Tower,1,0,6,0,7,1,0,43,0,44,2,0,49,0,51,30,0,30,81
03/13/2000,GYY,IN,AGL,CE,Federal Contract Tower,2,1,16,0,19,0,0,26,0,26,2,1,42,0,45,40,0,40,85
03/14/2000,GYY,IN,AGL,CE,Federal Contract Tower,0,1,19,0,20,0,0,44,2,46,0,1,63,2,66,118,2,120,186
03/15/2000,GYY,IN,AGL,CE,Federal Contract Tower,2,1,13,0,16,0,0,38,0,38,2,1,51,0,54,104,0,104,158
03/16/2000,GYY,IN,AGL,CE,Federal Contract Tower,2,2,19,0,23,0,1,30,0,31,2,3,49,0,54,90,0,90,144
03/17/2000,GYY,IN,AGL,CE,Federal Contract Tower,1,0,19,0,20,0,0,41,2,43,1,0,60,2,63,118,0,118,181
03/18/2000,GYY,IN,AGL,CE,Federal Contract Tower,2,0,8,1,11,1,0,49,1,51,3,0,57,2,62,100,0,100,162
03/19/2000,GYY,IN,AGL,CE,Federal Contract Tower,2,0,12,0,14,1,0,2,0,3,3,0,14,0,17,4,0,4,21
03/20/2000,GYY,IN,AGL,CE,Federal Contract Tower,3,0,18,0,21,0,0,12,0,12,3,0,30,0,33,84,0,84,117
03/21/2000,GYY,IN,AGL,CE,Federal Contract Tower,4,0,20,0,24,0,0,16,0,16,4,0,36,0,40,47,0,47,87
03/22/2000,GYY,IN,AGL,CE,Federal Contract Tower,4,2,24,0,30,0,6,41,0,47,4,8,65,0,77,149,0,149,226
03/23/2000,GYY,IN,AGL,CE,Federal Contract Tower,4,2,23,0,29,4,17,47,0,68,8,19,70,0,97,172,0,172,269
03/24/2000,GYY,IN,AGL,CE,Federal Contract Tower,4,0,20,0,24,0,0,31,0,31,4,0,51,0,55,54,0,54,109
03/25/2000,GYY,IN,AGL,CE,Federal Contract Tower,4,0,20,0,24,4,0,32,0,36,8,0,52,0,60,26,0,26,86
03/26/2000,GYY,IN,AGL,CE,Federal Contract Tower,1,0,7,0,8,3,0,65,0,68,4,0,72,0,76,76,0,76,152
03/27/2000,GYY,IN,AGL,CE,Federal Contract Tower,2,0,9,0,11,2,0,25,0,27,4,0,34,0,38,78,0,78,116
03/28/2000,GYY,IN,AGL,CE,Federal Contract Tower,1,0,6,0,7,3,3,30,0,36,4,3,36,0,43,34,0,34,77
03/29/2000,GYY,IN,AGL,CE,Federal Contract Tower,4,2,23,0,29,0,4,37,2,43,4,6,60,2,72,89,2,91,163
03/30/2000,GYY,IN,AGL,CE,Federal Contract Tower,6,3,32,0,41,2,4,37,2,45,8,7,69,2,86,95,0,95,181
03/31/2000,GYY,IN,AGL,CE,Federal Contract Tower,6,2,27,0,35,0,3,58,0,61,6,5,85,0,96,144,0,144,240
04/01/2000,GYY,IN,AGL,CE,Federal Contract Tower,2,0,12,0,14,4,0,69,2,75,6,0,81,2,89,96,0,96,185
04/02/2000,GYY,IN,AGL,CE,Federal Contract Tower,5,0,20,0,25,1,0,34,2,37,6,0,54,2,62,38,0,38,100
04/03/2000,GYY,IN,AGL,CE,Federal Contract Tower,4,2,21,0,27,0,0,26,0,26,4,2,47,0,53,61,0,61,114
04/04/2000,GYY,IN,AGL,CE,Federal Contract Tower,0,2,14,0,16,0,0,27,0,27,0,2,41,0,43,66,0,66,109
04/05/2000,GYY,IN,AGL,CE,Federal Contract Tower,4,0,21,0,25,0,0,38,0,38,4,0,59,0,63,124,0,124,187
04/06/2000,GYY,IN,AGL,CE,Federal Contract Tower,4,4,25,0,33,0,4,39,0,43,4,8,64,0,76,136,0,136,212
04/07/2000,GYY,IN,AGL,CE,Federal Contract Tower,4,2,13,0,19,2,0,11,8,21,6,2,24,8,40,32,0,32,72
04/08/2000,GYY,IN,AGL,CE,Federal Contract Tower,3,0,11,0,14,1,0,24,0,25,4,0,35,0,39,62,0,62,101
04/09/2000,GYY,IN,AGL,CE,Federal Contract Tower,4,2,15,0,21,0,0,70,0,70,4,2,85,0,91,90,0,90,181
04/10/2000,GYY,IN,AGL,CE,Federal Contract Tower,4,1,18,0,23,0,1,38,0,39,4,2,56,0,62,120,0,120,182
04/11/2000,GYY,IN,AGL,CE,Federal Contract Tower,0,0,20,0,20,0,0,25,0,25,0,0,45,0,45,74,0,74,119
04/12/2000,GYY,IN,AGL,CE,Federal Contract Tower,4,2,20,1,27,0,5,68,1,74,4,7,88,2,101,122,2,124,225
04/13/2000,GYY,IN,AGL,CE,Federal Contract Tower,7,2,24,0,33,1,3,52,0,56,8,5,76,0,89,90,0,90,179
04/14/2000,GYY,IN,AGL,CE,Federal Contract Tower,5,1,17,0,23,5,0,69,0,74,10,1,86,0,97,170,0,170,267
04/15/2000,GYY,IN,AGL,CE,Federal Contract Tower,2,0,10,1,13,2,0,70,3,75,4,0,80,4,88,144,4,148,236
04/16/2000,GYY,IN,AGL,CE,Federal Contract Tower,3,0,11,0,14,1,0,9,0,10,4,0,20,0,24,6,0,6,30
04/17/2000,GYY,IN,AGL,CE,Federal Contract Tower,4,2,19,0,25,0,2,0,0,2,4,4,19,0,27,0,0,0,27
04/18/2000,GYY,IN,AGL,CE,Federal Contract Tower,5,0,17,0,22,1,0,17,0,18,6,0,34,0,40,32,0,32,72
04/19/2000,GYY,IN,AGL,CE,Federal Contract Tower,8,3,29,0,40,3,4,2,2,11,11,7,31,2,51,18,2,20,71
04/20/2000,GYY,IN,AGL,CE,Federal Contract Tower,4,2,23,0,29,0,3,0,0,3,4,5,23,0,32,0,0,0,32
04/21/2000,GYY,IN,AGL,CE,Federal Contract Tower,4,1,16,0,21,1,1,12,1,15,5,2,28,1,36,21,9,30,66
04/22/2000,GYY,IN,AGL,CE,Federal Contract Tower,3,0,12,0,15,1,0,77,0,78,4,0,89,0,93,98,0,98,191
04/23/2000,GYY,IN,AGL,CE,Federal Contract Tower,2,0,11,0,13,2,0,10,0,12,4,0,21,0,25,0,0,0,25
04/24/2000,GYY,IN,AGL,CE,Federal Contract Tower,3,1,13,0,17,1,1,42,1,45,4,2,55,1,62,136,0,136,198
04/25/2000,GYY,IN,AGL,CE,Federal Contract Tower,0,0,13,0,13,0,0,59,8,67,0,0,72,8,80,132,8,140,220
04/26/2000,GYY,IN,AGL,CE,Federal Contract Tower,6,0,19,0,25,0,0,63,0,63,6,0,82,0,88,136,0,136,224
04/27/2000,GYY,IN,AGL,CE,Federal Contract Tower,4,1,14,0,19,2,1,36,0,39,6,2,50,0,58,129,0,129,187
04/28/2000,GYY,IN,AGL,CE,Federal Contract Tower,6,2,22,0,30,4,0,50,10,64,10,2,72,10,94,76,20,96,190
04/29/2000,GYY,IN,AGL,CE,Federal Contract Tower,6,3,31,0,40,0,1,16,0,17,6,4,47,0,57,24,0,24,81
04/30/2000,GYY,IN,AGL,CE,Federal Contract Tower,2,0,8,0,10,1,0,100,0,101,3,0,108,0,111,98,0,98,209
05/01/2000,GYY,IN,AGL,CE,Federal Contract Tower,6,2,17,0,25,3,0,19,0,22,9,2,36,0,47,26,0,26,73
05/02/2000,GYY,IN,AGL,CE,Federal Contract Tower,3,0,15,0,18,1,0,70,2,73,4,0,85,2,91,212,2,214,305
05/03/2000,GYY,IN,AGL,CE,Federal Contract Tower,6,0,22,0,28,11,0,49,0,60,17,0,71,0,88,223,0,223,311
05/04/2000,GYY,IN,AGL,CE,Federal Contract Tower,7,3,21,0,31,5,3,33,0,41,12,6,54,0,72,78,0,78,150
05/05/2000,GYY,IN,AGL,CE,Federal Contract Tower,6,3,20,0,29,0,1,44,0,45,6,4,64,0,74,142,0,142,216
05/06/2000,GYY,IN,AGL,CE,Federal Contract Tower,2,0,10,0,12,2,0,57,0,59,4,0,67,0,71,160,0,160,231
05/07/2000,GYY,IN,AGL,CE,Federal Contract Tower,4,0,15,0,19,2,0,42,0,44,6,0,57,0,63,160,0,160,223
05/08/2000,GYY,IN,AGL,CE,Federal Contract Tower,4,1,4,0,9,0,0,0,42,42,4,1,4,42,51,51,0,51,102
05/09/2000,GYY,IN,AGL,CE,Federal Contract Tower,4,2,17,0,23,0,0,11,0,11,4,2,28,0,34,9,0,9,43
05/10/2000,GYY,IN,AGL,CE,Federal Contract Tower,8,3,19,0,30,0,0,41,0,41,8,3,60,0,71,115,0,115,186
05/11/2000,GYY,IN,AGL,CE,Federal Contract Tower,7,3,18,0,28,1,4,17,2,24,8,7,35,2,52,23,0,23,75
05/12/2000,GYY,IN,AGL,CE,Federal Contract Tower,6,4,23,0,33,0,2,28,0,30,6,6,51,0,63,112,0,112,175
05/13/2000,GYY,IN,AGL,CE,Federal Contract Tower,4,1,10,0,15,2,1,20,0,23,6,2,30,0,38,38,0,38,76
05/14/2000,GYY,IN,AGL,CE,Federal Contract Tower,3,0,7,0,10,1,0,27,0,28,4,0,34,0,38,15,0,15,53
05/15/2000,GYY,IN,AGL,CE,Federal Contract Tower,4,2,17,0,23,0,1,55,0,56,4,3,72,0,79,145,0,145,224
05/16/2000,GYY,IN,AGL,CE,Federal Contract Tower,2,1,12,0,15,0,2,33,0,35,2,3,45,0,50,78,0,78,128
05/17/2000,GYY,IN,AGL,CE,Federal Contract Tower,8,3,21,1,33,0,5,22,2,29,8,8,43,3,62,45,1,46,108
05/18/2000,GYY,IN,AGL,CE,Federal Contract Tower,9,3,23,0,35,1,1,13,0,15,10,4,36,0,50,68,0,68,118
05/19/2000,GYY,IN,AGL,CE,Federal Contract Tower,10,2,36,0,48,0,0,10,0,10,10,2,46,0,58,2,0,2,60
05/20/2000,GYY,IN,AGL,CE,Federal Contract Tower,4,2,18,1,25,0,1,30,9,40,4,3,48,10,65,76,0,76,141
05/21/2000,GYY,IN,AGL,CE,Federal Contract Tower,6,1,16,0,23,0,0,58,0,58,6,1,74,0,81,210,0,210,291
05/22/2000,GYY,IN,AGL,CE,Federal Contract Tower,6,0,18,0,24,0,0,33,0,33,6,0,51,0,57,72,0,72,129
05/23/2000,GYY,IN,AGL,CE,Federal Contract Tower,2,2,19,0,23,0,3,41,0,44,2,5,60,0,67,98,0,98,165
05/24/2000,GYY,IN,AGL,CE,Federal Contract Tower,0,0,0,0,0,8,5,75,0,88,8,5,75,0,88,136,0,136,224
05/25/2000,GYY,IN,AGL,CE,Federal Contract Tower,9,3,22,0,34,1,0,56,0,57,10,3,78,0,91,154,0,154,245
05/26/2000,GYY,IN,AGL,CE,Federal Contract Tower,6,2,15,0,23,0,0,50,2,52,6,2,65,2,75,141,12,153,228
05/27/2000,GYY,IN,AGL,CE,Federal Contract Tower,4,2,19,0,25,0,0,2,6,8,4,2,21,6,33,0,0,0,33
05/28/2000,GYY,IN,AGL,CE,Federal Contract Tower,4,0,11,0,15,0,0,1,0,1,4,0,12,0,16,1,0,1,17
05/29/2000,GYY,IN,AGL,CE,Federal Contract Tower,4,0,10,0,14,0,0,45,0,45,4,0,55,0,59,100,0,100,159
05/30/2000,GYY,IN,AGL,CE,Federal Contract Tower,5,2,13,0,20,1,0,37,0,38,6,2,50,0,58,128,0,128,186
05/31/2000,GYY,IN,AGL,CE,Federal Contract Tower,5,0,14,0,19,2,0,23,0,25,7,0,37,0,44,64,0,64,108
06/01/2000,GYY,IN,AGL,CE,Federal Contract Tower,7,2,22,0,31,0,0,35,0,35,7,2,57,0,66,149,0,149,215
06/02/2000,GYY,IN,AGL,CE,Federal Contract Tower,3,0,11,0,14,1,0,29,0,30,4,0,40,0,44,50,0,50,94
06/03/2000,GYY,IN,AGL,CE,Federal Contract Tower,4,2,17,0,23,0,2,50,0,52,4,4,67,0,75,168,0,168,243
06/04/2000,GYY,IN,AGL,CE,Federal Contract Tower,6,3,20,0,29,1,3,44,0,48,7,6,64,0,77,152,0,152,229
06/05/2000,GYY,IN,AGL,CE,Federal Contract Tower,4,2,16,0,22,0,0,16,0,16,4,2,32,0,38,24,0,24,62
06/06/2000,GYY,IN,AGL,CE,Federal Contract Tower,2,2,22,0,26,0,0,64,0,64,2,2,86,0,90,166,0,166,256
06/07/2000,GYY,IN,AGL,CE,Federal Contract Tower,4,4,29,0,37,0,9,59,4,72,4,13,88,4,109,163,64,227,336
06/08/2000,GYY,IN,AGL,CE,Federal Contract Tower,4,2,21,0,27,0,0,80,0,80,4,2,101,0,107,293,0,293,400
06/09/2000,GYY,IN,AGL,CE,Federal Contract Tower,4,0,20,0,24,0,0,63,0,63,4,0,83,0,87,172,0,172,259
06/10/2000,GYY,IN,AGL,CE,Federal Contract Tower,2,2,9,0,13,2,0,32,0,34,4,2,41,0,47,43,0,43,90
06/11/2000,GYY,IN,AGL,CE,Federal Contract Tower,3,0,11,0,14,1,0,15,0,16,4,0,26,0,30,24,0,24,54
06/12/2000,GYY,IN,AGL,CE,Federal Contract Tower,3,3,25,0,31,0,1,15,0,16,3,4,40,0,47,28,0,28,75
06/13/2000,GYY,IN,AGL,CE,Federal Contract Tower,3,1,12,0,16,0,0,7,0,7,3,1,19,0,23,3,0,3,26
06/14/2000,GYY,IN,AGL,CE,Federal Contract Tower,0,0,0,0,0,8,1,63,0,72,8,1,63,0,72,96,0,96,168
06/15/2000,GYY,IN,AGL,CE,Federal Contract Tower,7,2,21,0,30,4,0,33,0,37,11,2,54,0,67,110,0,110,177
06/16/2000,GYY,IN,AGL,CE,Federal Contract Tower,9,2,30,0,41,8,0,30,0,38,17,2,60,0,79,50,0,50,129
06/17/2000,GYY,IN,AGL,CE,Federal Contract Tower,6,0,18,0,24,5,0,70,0,75,11,0,88,0,99,150,0,150,249
06/18/2000,GYY,IN,AGL,CE,Federal Contract Tower,3,0,9,0,12,1,0,54,0,55,4,0,63,0,67,92,0,92,159
06/19/2000,GYY,IN,AGL,CE,Federal Contract Tower,5,2,20,0,27,3,3,35,0,41,8,5,55,0,68,95,0,95,163
06/20/2000,GYY,IN,AGL,CE,Federal Contract Tower,4,3,29,0,36,0,1,14,0,15,4,4,43,0,51,6,0,6,57
06/21/2000,GYY,IN,AGL,CE,Federal Contract Tower,8,2,28,0,38,2,0,38,0,40,10,2,66,0,78,74,0,74,152
06/22/2000,GYY,IN,AGL,CE,Federal Contract Tower,4,2,22,0,28,0,4,45,2,51,4,6,67,2,79,37,12,49,128
06/23/2000,GYY,IN,AGL,CE,Federal Contract Tower,8,2,27,0,37,0,0,60,2,62,8,2,87,2,99,174,11,185,284
06/24/2000,GYY,IN,AGL,CE,Federal Contract Tower,5,0,15,0,20,1,0,15,0,16,6,0,30,0,36,4,0,4,40
06/25/2000,GYY,IN,AGL,CE,Federal Contract Tower,2,1,11,0,14,0,0,35,2,37,2,1,46,2,51,58,0,58,109
06/26/2000,GYY,IN,AGL,CE,Federal Contract Tower,5,0,16,0,21,1,0,37,0,38,6,0,53,0,59,71,0,71,130
06/27/2000,GYY,IN,AGL,CE,Federal Contract Tower,0,2,20,0,22,0,1,64,2,67,0,3,84,2,89,128,32,160,249
06/28/2000,GYY,IN,AGL,CE,Federal Contract Tower,8,1,35,0,44,0,0,46,2,48,8,1,81,2,92,133,0,133,225
06/29/2000,GYY,IN,AGL,CE,Federal Contract Tower,7,0,22,0,29,3,0,62,1,66,10,0,84,1,95,154,2,156,251
06/30/2000,GYY,IN,AGL,CE,Federal Contract Tower,9,2,27,0,38,3,4,61,0,68,12,6,88,0,106,168,0,168,274
07/01/2000,GYY,IN,AGL,CE,Federal Contract Tower,1,0,8,0,9,5,0,88,0,93,6,0,96,0,102,194,0,194,296
07/02/2000,GYY,IN,AGL,CE,Federal Contract Tower,1,1,8,0,10,3,0,16,1,20,4,1,24,1,30,40,0,40,70
07/03/2000,GYY,IN,AGL,CE,Federal Contract Tower,3,0,12,0,15,1,0,4,0,5,4,0,16,0,20,4,0,4,24
07/04/2000,GYY,IN,AGL,CE,Federal Contract Tower,0,0,11,0,11,0,0,13,0,13,0,0,24,0,24,10,0,10,34
07/05/2000,GYY,IN,AGL,CE,Federal Contract Tower,4,0,18,0,22,0,0,34,0,34,4,0,52,0,56,124,0,124,180
07/06/2000,GYY,IN,AGL,CE,Federal Contract Tower,4,0,21,1,26,0,0,32,2,34,4,0,53,3,60,64,16,80,140
07/07/2000,GYY,IN,AGL,CE,Federal Contract Tower,3,0,15,0,18,0,0,48,0,48,3,0,63,0,66,73,0,73,139
07/08/2000,GYY,IN,AGL,CE,Federal Contract Tower,3,0,11,0,14,2,0,51,0,53,5,0,62,0,67,123,0,123,190
07/09/2000,GYY,IN,AGL,CE,Federal Contract Tower,4,0,12,0,16,0,0,25,0,25,4,0,37,0,41,40,0,40,81
07/10/2000,GYY,IN,AGL,CE,Federal Contract Tower,3,0,11,0,14,3,0,21,0,24,6,0,32,0,38,30,0,30,68
07/11/2000,GYY,IN,AGL,CE,Federal Contract Tower,0,0,16,0,16,0,0,52,0,52,0,0,68,0,68,102,0,102,170
07/12/2000,GYY,IN,AGL,CE,Federal Contract Tower,4,2,20,0,26,0,4,141,0,145,4,6,161,0,171,204,0,204,375
07/13/2000,GYY,IN,AGL,CE,Federal Contract Tower,5,0,19,0,24,0,0,66,0,66,5,0,85,0,90,113,0,113,203
07/14/2000,GYY,IN,AGL,CE,Federal Contract Tower,4,2,21,0,27,0,2,75,0,77,4,4,96,0,104,133,0,133,237
07/15/2000,GYY,IN,AGL,CE,Federal Contract Tower,2,0,8,0,10,3,0,63,2,68,5,0,71,2,78,165,0,165,243
07/16/2000,GYY,IN,AGL,CE,Federal Contract Tower,5,2,18,0,25,0,0,51,0,51,5,2,69,0,76,90,0,90,166
07/17/2000,GYY,IN,AGL,CE,Federal Contract Tower,5,0,19,0,24,1,2,52,0,55,6,2,71,0,79,140,0,140,219
07/18/2000,GYY,IN,AGL,CE,Federal Contract Tower,0,0,27,0,27,0,0,49,0,49,0,0,76,0,76,110,0,110,186
07/19/2000,GYY,IN,AGL,CE,Federal Contract Tower,0,0,0,0,0,6,4,87,0,97,6,4,87,0,97,159,0,159,256
07/20/2000,GYY,IN,AGL,CE,Federal Contract Tower,4,2,34,0,40,0,2,49,0,51,4,4,83,0,91,106,0,106,197
07/21/2000,GYY,IN,AGL,CE,Federal Contract Tower,4,2,21,0,27,0,0,53,1,54,4,2,74,1,81,141,7,148,229
07/22/2000,GYY,IN,AGL,CE,Federal Contract Tower,2,0,8,0,10,2,0,65,0,67,4,0,73,0,77,210,0,210,287
07/23/2000,GYY,IN,AGL,CE,Federal Contract Tower,4,0,16,0,20,2,0,82,0,84,6,0,98,0,104,88,0,88,192
07/24/2000,GYY,IN,AGL,CE,Federal Contract Tower,4,2,21,0,27,0,0,70,0,70,4,2,91,0,97,194,0,194,291
07/25/2000,GYY,IN,AGL,CE,Federal Contract Tower,4,0,19,0,23,0,0,88,0,88,4,0,107,0,111,136,0,136,247
07/26/2000,GYY,IN,AGL,CE,Federal Contract Tower,6,2,23,0,31,0,0,70,0,70,6,2,93,0,101,266,0,266,367
07/27/2000,GYY,IN,AGL,CE,Federal Contract Tower,6,2,24,0,32,0,0,58,2,60,6,2,82,2,92,104,2,106,198
07/28/2000,GYY,IN,AGL,CE,Federal Contract Tower,5,0,19,0,24,0,2,38,0,40,5,2,57,0,64,48,0,48,112
07/29/2000,GYY,IN,AGL,CE,Federal Contract Tower,6,0,24,0,30,1,0,44,4,49,7,0,68,4,79,76,0,76,155
07/30/2000,GYY,IN,AGL,CE,Federal Contract Tower,4,0,14,0,18,0,0,13,0,13,4,0,27,0,31,2,0,2,33
07/31/2000,GYY,IN,AGL,CE,Federal Contract Tower,6,0,22,0,28,0,0,9,3,12,6,0,31,3,40,3,2,5,45
08/01/2000,GYY,IN,AGL,CE,Federal Contract Tower,4,1,19,0,24,0,0,44,0,44,4,1,63,0,68,183,0,183,251
08/02/2000,GYY,IN,AGL,CE,Federal Contract Tower,4,1,23,0,28,7,0,37,0,44,11,1,60,0,72,122,0,122,194
08/03/2000,GYY,IN,AGL,CE,Federal Contract Tower,7,3,33,0,43,12,0,51,0,63,19,3,84,0,106,188,0,188,294
08/04/2000,GYY,IN,AGL,CE,Federal Contract Tower,3,2,17,0,22,1,0,62,0,63,4,2,79,0,85,184,0,184,269
08/05/2000,GYY,IN,AGL,CE,Federal Contract Tower,2,2,13,1,18,2,1,67,1,71,4,3,80,2,89,124,0,124,213
08/06/2000,GYY,IN,AGL,CE,Federal Contract Tower,4,1,14,0,19,0,2,18,0,20,4,3,32,0,39,10,0,10,49
08/07/2000,GYY,IN,AGL,CE,Federal Contract Tower,3,0,12,0,15,1,0,52,0,53,4,0,64,0,68,60,0,60,128
08/08/2000,GYY,IN,AGL,CE,Federal Contract Tower,0,1,16,2,19,0,4,40,0,44,0,5,56,2,63,68,0,68,131
08/09/2000,GYY,IN,AGL,CE,Federal Contract Tower,6,2,27,0,35,0,4,22,0,26,6,6,49,0,61,58,0,58,119
08/10/2000,GYY,IN,AGL,CE,Federal Contract Tower,6,0,28,2,36,0,0,40,0,40,6,0,68,2,76,110,4,114,190
08/11/2000,GYY,IN,AGL,CE,Federal Contract Tower,4,1,16,2,23,4,1,67,2,74,8,2,83,4,97,136,12,148,245
08/12/2000,GYY,IN,AGL,CE,Federal Contract Tower,3,0,10,0,13,1,0,73,0,74,4,0,83,0,87,96,0,96,183
08/13/2000,GYY,IN,AGL,CE,Federal Contract Tower,3,0,9,0,12,1,0,32,0,33,4,0,41,0,45,60,0,60,105
08/14/2000,GYY,IN,AGL,CE,Federal Contract Tower,4,1,22,2,29,0,0,39,0,39,4,1,61,2,68,58,2,60,128
08/15/2000,GYY,IN,AGL,CE,Federal Contract Tower,2,2,23,0,27,0,3,29,0,32,2,5,52,0,59,60,0,60,119
08/16/2000,GYY,IN,AGL,CE,Federal Contract Tower,6,2,21,2,31,2,2,66,9,79,8,4,87,11,110,110,12,122,232
08/17/2000,GYY,IN,AGL,CE,Federal Contract Tower,8,1,33,3,45,0,0,11,52,63,8,1,44,55,108,0,62,62,170
08/18/2000,GYY,IN,AGL,CE,Federal Contract Tower,8,3,30,3,44,1,6,49,39,95,9,9,79,42,139,43,91,134,273
08/19/2000,GYY,IN,AGL,CE,Federal Contract Tower,3,0,11,2,16,0,0,106,37,143,3,0,117,39,159,72,72,144,303
08/20/2000,GYY,IN,AGL,CE,Federal Contract Tower,3,0,20,2,25,0,0,33,70,103,3,0,53,72,128,63,74,137,265
08/21/2000,GYY,IN,AGL,CE,Federal Contract Tower,4,1,19,2,26,0,1,66,2,69,4,2,85,4,95,106,0,106,201
08/22/2000,GYY,IN,AGL,CE,Federal Contract Tower,2,2,18,2,24,0,2,51,0,53,2,4,69,2,77,108,0,108,185
08/23/2000,GYY,IN,AGL,CE,Federal Contract Tower,4,0,23,0,27,0,0,14,0,14,4,0,37,0,41,6,0,6,47
08/24/2000,GYY,IN,AGL,CE,Federal Contract Tower,5,0,21,0,26,0,0,59,0,59,5,0,80,0,85,253,0,253,338
08/25/2000,GYY,IN,AGL,CE,Federal Contract Tower,9,0,32,2,43,1,0,54,0,55,10,0,86,2,98,176,0,176,274
08/26/2000,GYY,IN,AGL,CE,Federal Contract Tower,3,0,12,0,15,0,0,38,0,38,3,0,50,0,53,28,0,28,81
08/27/2000,GYY,IN,AGL,CE,Federal Contract Tower,3,0,14,0,17,0,0,25,0,25,3,0,39,0,42,78,0,78,120
08/28/2000,GYY,IN,AGL,CE,Federal Contract Tower,5,0,19,0,24,1,0,51,0,52,6,0,70,0,76,130,0,130,206
08/29/2000,GYY,IN,AGL,CE,Federal Contract Tower,0,0,13,0,13,0,4,55,0,59,0,4,68,0,72,156,0,156,228
08/30/2000,GYY,IN,AGL,CE,Federal Contract Tower,4,2,33,0,39,0,0,16,0,16,4,2,49,0,55,6,0,6,61
08/31/2000,GYY,IN,AGL,CE,Federal Contract Tower,6,2,26,0,34,1,0,49,0,50,7,2,75,0,84,58,0,58,142
09/01/2000,GYY,IN,AGL,CE,Federal Contract Tower,5,2,20,0,27,4,0,40,1,45,9,2,60,1,72,102,5,107,179
09/02/2000,GYY,IN,AGL,CE,Federal Contract Tower,2,2,13,0,17,1,0,41,0,42,3,2,54,0,59,52,0,52,111
09/03/2000,GYY,IN,AGL,CE,Federal Contract Tower,0,0,4,0,4,4,0,16,0,20,4,0,20,0,24,54,0,54,78
09/04/2000,GYY,IN,AGL,CE,Federal Contract Tower,3,0,13,0,16,2,0,25,1,28,5,0,38,1,44,46,0,46,90
09/05/2000,GYY,IN,AGL,CE,Federal Contract Tower,4,2,17,0,23,6,0,35,0,41,10,2,52,0,64,98,0,98,162
09/06/2000,GYY,IN,AGL,CE,Federal Contract Tower,4,0,15,0,19,0,0,57,0,57,4,0,72,0,76,196,0,196,272
09/07/2000,GYY,IN,AGL,CE,Federal Contract Tower,6,3,18,0,27,0,1,39,0,40,6,4,57,0,67,162,0,162,229
09/08/2000,GYY,IN,AGL,CE,Federal Contract Tower,5,4,18,0,27,0,0,36,2,38,5,4,54,2,65,101,0,101,166
09/09/2000,GYY,IN,AGL,CE,Federal Contract Tower,5,2,16,0,23,0,0,25,0,25,5,2,41,0,48,66,0,66,114
09/10/2000,GYY,IN,AGL,CE,Federal Contract Tower,5,2,15,1,23,0,0,4,1,5,5,2,19,2,28,26,0,26,54
09/11/2000,GYY,IN,AGL,CE,Federal Contract Tower,5,2,15,0,22,0,0,17,0,17,5,2,32,0,39,44,0,44,83
09/12/2000,GYY,IN,AGL,CE,Federal Contract Tower,1,2,14,0,17,0,0,65,0,65,1,2,79,0,82,113,0,113,195
09/13/2000,GYY,IN,AGL,CE,Federal Contract Tower,4,2,16,0,22,0,2,97,0,99,4,4,113,0,121,150,0,150,271
09/14/2000,GYY,IN,AGL,CE,Federal Contract Tower,4,2,19,1,26,0,0,88,1,89,4,2,107,2,115,136,0,136,251
09/15/2000,GYY,IN,AGL,CE,Federal Contract Tower,5,2,14,1,22,1,0,127,2,130,6,2,141,3,152,213,3,216,368
09/16/2000,GYY,IN,AGL,CE,Federal Contract Tower,2,0,5,1,8,1,0,245,1,247,3,0,250,2,255,204,2,206,461
09/17/2000,GYY,IN,AGL,CE,Federal Contract Tower,2,1,6,1,10,1,1,189,2,193,3,2,195,3,203,144,14,158,361
09/18/2000,GYY,IN,AGL,CE,Federal Contract Tower,4,2,12,1,19,0,0,53,4,57,4,2,65,5,76,102,0,102,178
09/19/2000,GYY,IN,AGL,CE,Federal Contract Tower,2,2,13,0,17,0,0,37,0,37,2,2,50,0,54,114,0,114,168
09/20/2000,GYY,IN,AGL,CE,Federal Contract Tower,4,2,17,0,23,0,0,35,0,35,4,2,52,0,58,70,0,70,128
09/21/2000,GYY,IN,AGL,CE,Federal Contract Tower,7,3,21,0,31,3,4,55,0,62,10,7,76,0,93,148,0,148,241
09/22/2000,GYY,IN,AGL,CE,Federal Contract Tower,6,3,21,0,30,0,1,60,0,61,6,4,81,0,91,165,0,165,256
09/23/2000,GYY,IN,AGL,CE,Federal Contract Tower,5,2,16,0,23,0,0,12,0,12,5,2,28,0,35,11,0,11,46
09/24/2000,GYY,IN,AGL,CE,Federal Contract Tower,3,0,9,0,12,2,0,17,0,19,5,0,26,0,31,32,0,32,63
09/25/2000,GYY,IN,AGL,CE,Federal Contract Tower,4,2,17,0,23,0,2,33,0,35,4,4,50,0,58,134,0,134,192
09/26/2000,GYY,IN,AGL,CE,Federal Contract Tower,2,3,22,0,27,0,7,52,4,63,2,10,74,4,90,66,24,90,180
09/27/2000,GYY,IN,AGL,CE,Federal Contract Tower,7,3,25,0,35,0,1,48,0,49,7,4,73,0,84,163,0,163,247
09/28/2000,GYY,IN,AGL,CE,Federal Contract Tower,5,4,29,0,38,0,0,70,0,70,5,4,99,0,108,123,0,123,231
09/29/2000,GYY,IN,AGL,CE,Federal Contract Tower,6,3,20,0,29,0,1,67,0,68,6,4,87,0,97,204,0,204,301
09/30/2000,GYY,IN,AGL,CE,Federal Contract Tower,4,2,13,0,19,1,0,68,0,69,5,2,81,0,88,161,0,161,249
10/01/2000,GYY,IN,AGL,CE,Federal Contract Tower,1,0,9,0,10,4,0,34,0,38,5,0,43,0,48,38,0,38,86
10/02/2000,GYY,IN,AGL,CE,Federal Contract Tower,1,2,12,0,15,3,0,25,0,28,4,2,37,0,43,56,0,56,99
10/03/2000,GYY,IN,AGL,CE,Federal Contract Tower,0,2,18,1,21,0,4,45,1,50,0,6,63,2,71,132,4,136,207
10/04/2000,GYY,IN,AGL,CE,Federal Contract Tower,5,0,24,1,30,7,0,27,1,35,12,0,51,2,65,60,0,60,125
10/05/2000,GYY,IN,AGL,CE,Federal Contract Tower,4,4,30,0,38,0,2,24,0,26,4,6,54,0,64,32,0,32,96
10/06/2000,GYY,IN,AGL,CE,Federal Contract Tower,5,2,24,0,31,5,0,42,0,47,10,2,66,0,78,144,0,144,222
10/07/2000,GYY,IN,AGL,CE,Federal Contract Tower,3,0,12,0,15,7,0,32,0,39,10,0,44,0,54,88,0,88,142
10/08/2000,GYY,IN,AGL,CE,Federal Contract Tower,2,0,5,0,7,0,0,26,0,26,2,0,31,0,33,50,0,50,83
10/09/2000,GYY,IN,AGL,CE,Federal Contract Tower,3,0,12,0,15,3,0,41,0,44,6,0,53,0,59,20,0,20,79
10/10/2000,GYY,IN,AGL,CE,Federal Contract Tower,5,3,21,0,29,3,2,39,0,44,8,5,60,0,73,110,0,110,183
10/11/2000,GYY,IN,AGL,CE,Federal Contract Tower,6,3,22,1,32,0,0,71,0,71,6,3,93,1,103,135,0,135,238
10/12/2000,GYY,IN,AGL,CE,Federal Contract Tower,5,3,19,1,28,1,1,65,0,67,6,4,84,1,95,141,0,141,236
10/13/2000,GYY,IN,AGL,CE,Federal Contract Tower,3,2,13,0,18,3,0,59,2,64,6,2,72,2,82,113,0,113,195
10/14/2000,GYY,IN,AGL,CE,Federal Contract Tower,3,0,10,0,13,0,2,39,0,41,3,2,49,0,54,60,0,60,114
10/15/2000,GYY,IN,AGL,CE,Federal Contract Tower,3,2,19,0,24,0,2,13,0,15,3,4,32,0,39,54,0,54,93
10/16/2000,GYY,IN,AGL,CE,Federal Contract Tower,4,0,22,0,26,0,0,45,2,47,4,0,67,2,73,112,0,112,185
10/17/2000,GYY,IN,AGL,CE,Federal Contract Tower,0,0,19,0,19,0,0,34,0,34,0,0,53,0,53,144,0,144,197
10/18/2000,GYY,IN,AGL,CE,Federal Contract Tower,4,1,18,0,23,0,0,47,4,51,4,1,65,4,74,150,0,150,224
10/19/2000,GYY,IN,AGL,CE,Federal Contract Tower,4,2,23,0,29,0,5,59,0,64,4,7,82,0,93,185,0,185,278
10/20/2000,GYY,IN,AGL,CE,Federal Contract Tower,4,2,26,0,32,0,6,56,2,64,4,8,82,2,96,254,0,254,350
10/21/2000,GYY,IN,AGL,CE,Federal Contract Tower,4,1,15,0,20,0,1,65,0,66,4,2,80,0,86,87,0,87,173
10/22/2000,GYY,IN,AGL,CE,Federal Contract Tower,2,0,14,0,16,0,0,51,2,53,2,0,65,2,69,140,0,140,209
10/23/2000,GYY,IN,AGL,CE,Federal Contract Tower,5,0,21,0,26,1,0,19,0,20,6,0,40,0,46,38,0,38,84
10/24/2000,GYY,IN,AGL,CE,Federal Contract Tower,0,2,23,0,25,0,0,6,0,6,0,2,29,0,31,0,0,0,31
10/25/2000,GYY,IN,AGL,CE,Federal Contract Tower,4,2,24,0,30,0,0,13,0,13,4,2,37,0,43,12,0,12,55
10/26/2000,GYY,IN,AGL,CE,Federal Contract Tower,4,2,27,0,33,0,3,17,0,20,4,5,44,0,53,33,0,33,86
10/27/2000,GYY,IN,AGL,CE,Federal Contract Tower,4,1,18,0,23,0,4,87,2,93,4,5,105,2,116,225,0,225,341
10/28/2000,GYY,IN,AGL,CE,Federal Contract Tower,2,1,12,0,15,1,1,47,1,50,3,2,59,1,65,144,0,144,209
10/29/2000,GYY,IN,AGL,CE,Federal Contract Tower,2,0,12,0,14,1,0,52,1,54,3,0,64,1,68,99,0,99,167
10/30/2000,GYY,IN,AGL,CE,Federal Contract Tower,6,1,24,0,31,0,0,50,0,50,6,1,74,0,81,116,0,116,197
10/31/2000,GYY,IN,AGL,CE,Federal Contract Tower,2,1,17,0,20,0,1,35,0,36,2,2,52,0,56,124,0,124,180
11/01/2000,GYY,IN,AGL,CE,Federal Contract Tower,4,3,19,0,26,0,3,41,0,44,4,6,60,0,70,96,0,96,166
11/02/2000,GYY,IN,AGL,CE,Federal Contract Tower,3,2,16,0,21,1,0,36,0,37,4,2,52,0,58,127,0,127,185
11/03/2000,GYY,IN,AGL,CE,Federal Contract Tower,3,0,18,0,21,4,0,62,0,66,7,0,80,0,87,157,0,157,244
11/04/2000,GYY,IN,AGL,CE,Federal Contract Tower,2,0,12,0,14,2,0,87,0,89,4,0,99,0,103,255,0,255,358
11/05/2000,GYY,IN,AGL,CE,Federal Contract Tower,2,1,7,0,10,1,0,44,0,45,3,1,51,0,55,30,0,30,85
11/06/2000,GYY,IN,AGL,CE,Federal Contract Tower,4,2,12,0,18,0,3,33,0,36,4,5,45,0,54,32,0,32,86
11/07/2000,GYY,IN,AGL,CE,Federal Contract Tower,0,3,20,0,23,0,2,22,0,24,0,5,42,0,47,29,0,29,76
11/08/2000,GYY,IN,AGL,CE,Federal Contract Tower,7,4,30,0,41,0,0,44,2,46,7,4,74,2,87,87,0,87,174
11/09/2000,GYY,IN,AGL,CE,Federal Contract Tower,8,4,27,0,39,1,0,10,0,11,9,4,37,0,50,16,0,16,66
11/10/2000,GYY,IN,AGL,CE,Federal Contract Tower,5,2,17,0,24,0,0,23,0,23,5,2,40,0,47,30,0,30,77
11/11/2000,GYY,IN,AGL,CE,Federal Contract Tower,4,0,14,0,18,0,0,67,5,72,4,0,81,5,90,94,8,102,192
11/12/2000,GYY,IN,AGL,CE,Federal Contract Tower,3,0,12,0,15,0,0,50,2,52,3,0,62,2,67,84,2,86,153
11/13/2000,GYY,IN,AGL,CE,Federal Contract Tower,3,1,19,0,23,0,0,17,3,20,3,1,36,3,43,37,0,37,80
11/14/2000,GYY,IN,AGL,CE,Federal Contract Tower,4,2,18,0,24,0,1,18,0,19,4,3,36,0,43,29,0,29,72
11/15/2000,GYY,IN,AGL,CE,Federal Contract Tower,5,3,23,0,31,0,1,55,0,56,5,4,78,0,87,126,0,126,213
11/16/2000,GYY,IN,AGL,CE,Federal Contract Tower,4,2,22,0,28,0,7,18,0,25,4,9,40,0,53,46,0,46,99
11/17/2000,GYY,IN,AGL,CE,Federal Contract Tower,4,0,22,1,27,0,0,24,0,24,4,0,46,1,51,48,6,54,105
11/18/2000,GYY,IN,AGL,CE,Federal Contract Tower,2,1,7,0,10,2,0,25,0,27,4,1,32,0,37,2,0,2,39
11/19/2000,GYY,IN,AGL,CE,Federal Contract Tower,2,0,9,0,11,2,0,15,1,18,4,0,24,1,29,36,0,36,65
11/20/2000,GYY,IN,AGL,CE,Federal Contract Tower,4,1,13,0,18,0,1,13,0,14,4,2,26,0,32,11,0,11,43
11/21/2000,GYY,IN,AGL,CE,Federal Contract Tower,3,3,25,0,31,0,5,16,0,21,3,8,41,0,52,60,0,60,112
11/22/2000,GYY,IN,AGL,CE,Federal Contract Tower,4,2,17,0,23,1,2,32,0,35,5,4,49,0,58,36,0,36,94
11/23/2000,GYY,IN,AGL,CE,Federal Contract Tower,2,0,6,0,8,4,0,12,0,16,6,0,18,0,24,27,0,27,51
11/24/2000,GYY,IN,AGL,CE,Federal Contract Tower,2,0,7,0,9,2,0,26,0,28,4,0,33,0,37,24,0,24,61
11/25/2000,GYY,IN,AGL,CE,Federal Contract Tower,3,0,11,0,14,3,0,21,0,24,6,0,32,0,38,28,0,28,66
11/26/2000,GYY,IN,AGL,CE,Federal Contract Tower,5,0,20,0,25,1,0,9,0,10,6,0,29,0,35,4,0,4,39
11/27/2000,GYY,IN,AGL,CE,Federal Contract Tower,6,3,25,0,34,0,1,0,0,1,6,4,25,0,35,0,0,0,35
11/28/2000,GYY,IN,AGL,CE,Federal Contract Tower,4,3,24,0,31,0,1,32,0,33,4,4,56,0,64,79,0,79,143
11/29/2000,GYY,IN,AGL,CE,Federal Contract Tower,4,2,22,0,28,0,0,22,0,22,4,2,44,0,50,41,0,41,91
11/30/2000,GYY,IN,AGL,CE,Federal Contract Tower,8,2,29,0,39,1,0,18,0,19,9,2,47,0,58,28,0,28,86
12/01/2000,GYY,IN,AGL,CE,Federal Contract Tower,5,3,26,0,34,0,5,10,0,15,5,8,36,0,49,16,0,16,65
12/02/2000,GYY,IN,AGL,CE,Federal Contract Tower,4,2,11,0,17,0,3,36,0,39,4,5,47,0,56,10,0,10,66
12/03/2000,GYY,IN,AGL,CE,Federal Contract Tower,2,0,7,0,9,0,0,61,0,61,2,0,68,0,70,74,0,74,144
12/04/2000,GYY,IN,AGL,CE,Federal Contract Tower,6,0,15,0,21,0,0,39,2,41,6,0,54,2,62,76,0,76,138
12/05/2000,GYY,IN,AGL,CE,Federal Contract Tower,4,2,14,0,20,0,0,46,0,46,4,2,60,0,66,126,0,126,192
12/06/2000,GYY,IN,AGL,CE,Federal Contract Tower,2,2,10,0,14,0,1,33,0,34,2,3,43,0,48,90,0,90,138
12/07/2000,GYY,IN,AGL,CE,Federal Contract Tower,11,0,22,0,33,3,0,2,0,5,14,0,24,0,38,0,0,0,38
12/08/2000,GYY,IN,AGL,CE,Federal Contract Tower,6,0,14,0,20,2,0,21,0,23,8,0,35,0,43,32,0,32,75
12/09/2000,GYY,IN,AGL,CE,Federal Contract Tower,3,0,6,0,9,1,0,41,0,42,4,0,47,0,51,68,0,68,119
12/10/2000,GYY,IN,AGL,CE,Federal Contract Tower,3,0,6,0,9,1,0,2,0,3,4,0,8,0,12,0,0,0,12
12/11/2000,GYY,IN,AGL,CE,Federal Contract Tower,0,0,5,0,5,0,0,3,0,3,0,0,8,0,8,0,0,0,8
12/12/2000,GYY,IN,AGL,CE,Federal Contract Tower,6,2,17,0,25,0,3,12,0,15,6,5,29,0,40,34,0,34,74
12/13/2000,GYY,IN,AGL,CE,Federal Contract Tower,9,2,20,0,31,3,0,0,0,3,12,2,20,0,34,0,0,0,34
12/14/2000,GYY,IN,AGL,CE,Federal Contract Tower,6,2,23,0,31,0,0,27,0,27,6,2,50,0,58,30,0,30,88
12/15/2000,GYY,IN,AGL,CE,Federal Contract Tower,15,4,27,0,46,11,0,0,0,11,26,4,27,0,57,2,0,2,59
12/16/2000,GYY,IN,AGL,CE,Federal Contract Tower,2,1,6,0,9,0,1,0,0,1,2,2,6,0,10,0,0,0,10
12/17/2000,GYY,IN,AGL,CE,Federal Contract Tower,4,0,8,0,12,1,0,5,0,6,5,0,13,0,18,0,0,0,18
12/18/2000,GYY,IN,AGL,CE,Federal Contract Tower,6,0,12,0,18,2,0,18,0,20,8,0,30,0,38,0,46,46,84
12/19/2000,GYY,IN,AGL,CE,Federal Contract Tower,5,1,18,0,24,0,1,13,0,14,5,2,31,0,38,0,0,0,38
12/20/2000,GYY,IN,AGL,CE,Federal Contract Tower,4,1,23,0,28,0,0,32,0,32,4,1,55,0,60,69,0,69,129
12/21/2000,GYY,IN,AGL,CE,Federal Contract Tower,7,2,22,0,31,0,2,9,0,11,7,4,31,0,42,5,0,5,47
12/22/2000,GYY,IN,AGL,CE,Federal Contract Tower,12,1,24,0,37,11,0,0,0,11,23,1,24,0,48,25,0,25,73
12/23/2000,GYY,IN,AGL,CE,Federal Contract Tower,5,0,9,0,14,0,0,4,0,4,5,0,13,0,18,1,0,1,19
12/24/2000,GYY,IN,AGL,CE,Federal Contract Tower,2,0,4,0,6,1,0,9,0,10,3,0,13,0,16,0,0,0,16
12/25/2000,GYY,IN,AGL,CE,Federal Contract Tower,2,0,5,0,7,4,0,3,0,7,6,0,8,0,14,4,0,4,18
12/26/2000,GYY,IN,AGL,CE,Federal Contract Tower,4,1,12,0,17,0,1,10,0,11,4,2,22,0,28,10,0,10,38
12/27/2000,GYY,IN,AGL,CE,Federal Contract Tower,4,0,16,0,20,0,0,10,0,10,4,0,26,0,30,9,0,9,39
12/28/2000,GYY,IN,AGL,CE,Federal Contract Tower,4,0,9,0,13,0,0,20,0,20,4,0,29,0,33,47,0,47,80
12/29/2000,GYY,IN,AGL,CE,Federal Contract Tower,2,0,8,0,10,0,0,5,0,5,2,0,13,0,15,0,0,0,15
12/30/2000,GYY,IN,AGL,CE,Federal Contract Tower,2,0,3,0,5,3,0,0,0,3,5,0,3,0,8,0,0,0,8
12/31/2000,GYY,IN,AGL,CE,Federal Contract Tower,2,0,5,0,7,1,0,7,0,8,3,0,12,0,15,2,0,2,17
01/01/2001,GYY,IN,AGL,CE,Federal Contract Tower,2,0,8,0,10,2,0,15,0,17,4,0,23,0,27,12,0,12,39
01/02/2001,GYY,IN,AGL,CE,Federal Contract Tower,1,2,13,0,16,4,0,33,0,37,5,2,46,0,53,42,0,42,95
01/03/2001,GYY,IN,AGL,CE,Federal Contract Tower,1,0,7,0,8,8,0,0,0,8,9,0,7,0,16,0,0,0,16
01/04/2001,GYY,IN,AGL,CE,Federal Contract Tower,1,1,9,0,11,5,0,13,0,18,6,1,22,0,29,23,0,23,52
01/05/2001,GYY,IN,AGL,CE,Federal Contract Tower,3,3,14,0,20,0,3,28,0,31,3,6,42,0,51,50,0,50,101
01/06/2001,GYY,IN,AGL,CE,Federal Contract Tower,3,0,7,0,10,0,0,35,0,35,3,0,42,0,45,46,0,46,91
01/07/2001,GYY,IN,AGL,CE,Federal Contract Tower,3,0,7,0,10,0,0,22,0,22,3,0,29,0,32,14,0,14,46
01/08/2001,GYY,IN,AGL,CE,Federal Contract Tower,3,2,14,1,20,0,2,20,2,24,3,4,34,3,44,35,3,38,82
01/09/2001,GYY,IN,AGL,CE,Federal Contract Tower,2,0,22,0,24,0,0,45,0,45,2,0,67,0,69,101,0,101,170
01/10/2001,GYY,IN,AGL,CE,Federal Contract Tower,4,2,15,1,22,1,0,49,8,58,5,2,64,9,80,100,13,113,193
01/11/2001,GYY,IN,AGL,CE,Federal Contract Tower,5,0,14,0,19,4,0,22,0,26,9,0,36,0,45,47,0,47,92
01/12/2001,GYY,IN,AGL,CE,Federal Contract Tower,4,2,17,0,23,0,3,11,0,14,4,5,28,0,37,52,0,52,89
01/13/2001,GYY,IN,AGL,CE,Federal Contract Tower,2,0,8,0,10,0,2,1,0,3,2,2,9,0,13,0,0,0,13
01/14/2001,GYY,IN,AGL,CE,Federal Contract Tower,1,0,6,0,7,1,0,1,0,2,2,0,7,0,9,10,0,10,19
01/15/2001,GYY,IN,AGL,CE,Federal Contract Tower,4,0,21,0,25,0,0,7,0,7,4,0,28,0,32,0,0,0,32
01/16/2001,GYY,IN,AGL,CE,Federal Contract Tower,0,1,16,0,17,0,0,12,0,12,0,1,28,0,29,20,0,20,49
01/17/2001,GYY,IN,AGL,CE,Federal Contract Tower,4,2,21,0,27,0,3,21,1,25,4,5,42,1,52,36,0,36,88
01/18/2001,GYY,IN,AGL,CE,Federal Contract Tower,7,2,24,0,33,1,5,27,1,34,8,7,51,1,67,40,0,40,107
01/19/2001,GYY,IN,AGL,CE,Federal Contract Tower,5,2,27,0,34,0,3,28,0,31,5,5,55,0,65,39,0,39,104
01/20/2001,GYY,IN,AGL,CE,Federal Contract Tower,3,0,20,0,23,0,0,30,0,30,3,0,50,0,53,16,0,16,69
01/21/2001,GYY,IN,AGL,CE,Federal Contract Tower,2,0,9,0,11,0,0,52,0,52,2,0,61,0,63,83,0,83,146
01/22/2001,GYY,IN,AGL,CE,Federal Contract Tower,2,0,11,0,13,2,0,21,0,23,4,0,32,0,36,38,0,38,74
01/23/2001,GYY,IN,AGL,CE,Federal Contract Tower,0,1,13,0,14,0,0,37,0,37,0,1,50,0,51,78,0,78,129
01/24/2001,GYY,IN,AGL,CE,Federal Contract Tower,6,0,24,0,30,0,0,34,0,34,6,0,58,0,64,30,0,30,94
01/25/2001,GYY,IN,AGL,CE,Federal Contract Tower,4,0,21,0,25,0,0,37,0,37,4,0,58,0,62,10,0,10,72
01/26/2001,GYY,IN,AGL,CE,Federal Contract Tower,4,0,17,0,21,0,0,8,1,9,4,0,25,1,30,0,1,1,31
01/27/2001,GYY,IN,AGL,CE,Federal Contract Tower,2,0,7,0,9,0,0,40,0,40,2,0,47,0,49,46,0,46,95
01/28/2001,GYY,IN,AGL,CE,Federal Contract Tower,4,0,16,0,20,0,0,32,0,32,4,0,48,0,52,44,0,44,96
01/29/2001,GYY,IN,AGL,CE,Federal Contract Tower,5,1,13,0,19,2,3,0,0,5,7,4,13,0,24,0,0,0,24
01/30/2001,GYY,IN,AGL,CE,Federal Contract Tower,3,3,30,0,36,0,4,5,0,9,3,7,35,0,45,2,0,2,47
01/31/2001,GYY,IN,AGL,CE,Federal Contract Tower,6,1,23,0,30,2,0,10,0,12,8,1,33,0,42,2,0,2,44
02/01/2001,GYY,IN,AGL,CE,Federal Contract Tower,4,2,16,0,22,0,0,46,0,46,4,2,62,0,68,88,0,88,156
02/02/2001,GYY,IN,AGL,CE,Federal Contract Tower,6,2,23,0,31,6,0,17,0,23,12,2,40,0,54,20,0,20,74
02/03/2001,GYY,IN,AGL,CE,Federal Contract Tower,2,0,6,0,8,0,0,37,0,37,2,0,43,0,45,71,0,71,116
02/04/2001,GYY,IN,AGL,CE,Federal Contract Tower,2,0,4,0,6,0,0,9,0,9,2,0,13,0,15,34,0,34,49
02/05/2001,GYY,IN,AGL,CE,Federal Contract Tower,2,0,7,0,9,1,0,19,1,21,3,0,26,1,30,50,1,51,81
02/06/2001,GYY,IN,AGL,CE,Federal Contract Tower,1,0,12,0,13,0,0,25,0,25,1,0,37,0,38,32,0,32,70
02/07/2001,GYY,IN,AGL,CE,Federal Contract Tower,4,2,28,0,34,0,0,25,0,25,4,2,53,0,59,32,0,32,91
02/08/2001,GYY,IN,AGL,CE,Federal Contract Tower,6,4,24,0,34,0,2,14,0,16,6,6,38,0,50,13,0,13,63
02/09/2001,GYY,IN,AGL,CE,Federal Contract Tower,6,4,20,0,30,0,4,0,0,4,6,8,20,0,34,0,0,0,34
02/10/2001,GYY,IN,AGL,CE,Federal Contract Tower,2,2,11,0,15,0,4,46,0,50,2,6,57,0,65,88,0,88,153
02/11/2001,GYY,IN,AGL,CE,Federal Contract Tower,1,2,10,0,13,0,4,45,0,49,1,6,55,0,62,76,0,76,138
02/12/2001,GYY,IN,AGL,CE,Federal Contract Tower,6,2,24,0,32,3,0,44,0,47,9,2,68,0,79,113,0,113,192
02/13/2001,GYY,IN,AGL,CE,Federal Contract Tower,7,4,24,0,35,1,1,29,0,31,8,5,53,0,66,84,0,84,150
02/14/2001,GYY,IN,AGL,CE,Federal Contract Tower,4,0,17,0,21,2,0,1,0,3,6,0,18,0,24,4,0,4,28
02/15/2001,GYY,IN,AGL,CE,Federal Contract Tower,2,1,13,0,16,0,3,16,0,19,2,4,29,0,35,28,0,28,63
02/16/2001,GYY,IN,AGL,CE,Federal Contract Tower,2,0,17,0,19,0,0,39,0,39,2,0,56,0,58,88,0,88,146
02/17/2001,GYY,IN,AGL,CE,Federal Contract Tower,2,1,9,0,12,0,1,60,0,61,2,2,69,0,73,72,0,72,145
02/18/2001,GYY,IN,AGL,CE,Federal Contract Tower,2,1,9,0,12,2,0,26,0,28,4,1,35,0,40,62,0,62,102
02/19/2001,GYY,IN,AGL,CE,Federal Contract Tower,3,1,10,0,14,1,2,16,0,19,4,3,26,0,33,4,0,4,37
02/20/2001,GYY,IN,AGL,CE,Federal Contract Tower,2,0,13,0,15,0,0,40,2,42,2,0,53,2,57,102,0,102,159
02/21/2001,GYY,IN,AGL,CE,Federal Contract Tower,6,0,24,0,30,4,0,26,0,30,10,0,50,0,60,54,0,54,114
02/22/2001,GYY,IN,AGL,CE,Federal Contract Tower,2,2,17,0,21,0,0,23,0,23,2,2,40,0,44,86,0,86,130
02/23/2001,GYY,IN,AGL,CE,Federal Contract Tower,3,2,21,0,26,0,2,44,0,46,3,4,65,0,72,89,0,89,161
02/24/2001,GYY,IN,AGL,CE,Federal Contract Tower,0,0,2,0,2,2,0,3,0,5,2,0,5,0,7,0,0,0,7
02/25/2001,GYY,IN,AGL,CE,Federal Contract Tower,2,0,3,0,5,2,0,0,0,2,4,0,3,0,7,0,0,0,7
02/26/2001,GYY,IN,AGL,CE,Federal Contract Tower,4,0,15,0,19,2,0,28,1,31,6,0,43,1,50,59,1,60,110
02/27/2001,GYY,IN,AGL,CE,Federal Contract Tower,2,0,15,0,17,0,0,31,0,31,2,0,46,0,48,58,0,58,106
02/28/2001,GYY,IN,AGL,CE,Federal Contract Tower,4,0,20,0,24,0,0,58,0,58,4,0,78,0,82,104,0,104,186
03/01/2001,GYY,IN,AGL,CE,Federal Contract Tower,4,0,15,0,19,2,0,32,0,34,6,0,47,0,53,66,0,66,119
03/02/2001,GYY,IN,AGL,CE,Federal Contract Tower,4,4,30,0,38,0,1,26,0,27,4,5,56,0,65,40,0,40,105
03/03/2001,GYY,IN,AGL,CE,Federal Contract Tower,2,2,14,0,18,1,0,42,0,43,3,2,56,0,61,72,0,72,133
03/04/2001,GYY,IN,AGL,CE,Federal Contract Tower,2,0,7,0,9,0,0,6,0,6,2,0,13,0,15,10,0,10,25
03/05/2001,GYY,IN,AGL,CE,Federal Contract Tower,4,2,21,0,27,1,0,21,0,22,5,2,42,0,49,63,0,63,112
03/06/2001,GYY,IN,AGL,CE,Federal Contract Tower,2,2,14,0,18,0,0,44,0,44,2,2,58,0,62,44,0,44,106
03/07/2001,GYY,IN,AGL,CE,Federal Contract Tower,2,2,14,0,18,2,0,51,0,53,4,2,65,0,71,127,0,127,198
03/08/2001,GYY,IN,AGL,CE,Federal Contract Tower,4,0,21,0,25,0,0,11,0,11,4,0,32,0,36,0,0,0,36
03/09/2001,GYY,IN,AGL,CE,Federal Contract Tower,3,0,15,0,18,2,0,21,0,23,5,0,36,0,41,15,0,15,56
03/10/2001,GYY,IN,AGL,CE,Federal Contract Tower,1,0,9,0,10,1,0,62,0,63,2,0,71,0,73,126,0,126,199
03/11/2001,GYY,IN,AGL,CE,Federal Contract Tower,2,0,10,0,12,0,0,31,0,31,2,0,41,0,43,130,0,130,173
03/12/2001,GYY,IN,AGL,CE,Federal Contract Tower,2,1,11,0,14,1,0,2,0,3,3,1,13,0,17,6,0,6,23
03/13/2001,GYY,IN,AGL,CE,Federal Contract Tower,2,3,21,0,26,0,2,12,0,14,2,5,33,0,40,29,0,29,69
03/14/2001,GYY,IN,AGL,CE,Federal Contract Tower,2,1,15,0,18,0,0,58,0,58,2,1,73,0,76,150,0,150,226
03/15/2001,GYY,IN,AGL,CE,Federal Contract Tower,2,3,27,0,32,0,0,16,0,16,2,3,43,0,48,30,0,30,78
03/16/2001,GYY,IN,AGL,CE,Federal Contract Tower,3,3,21,0,27,0,1,5,0,6,3,4,26,0,33,0,0,0,33
03/17/2001,GYY,IN,AGL,CE,Federal Contract Tower,2,1,15,0,18,0,1,47,0,48,2,2,62,0,66,60,0,60,126
03/18/2001,GYY,IN,AGL,CE,Federal Contract Tower,0,0,7,0,7,2,0,59,0,61,2,0,66,0,68,74,0,74,142
03/19/2001,GYY,IN,AGL,CE,Federal Contract Tower,2,0,14,0,16,2,0,41,1,44,4,0,55,1,60,132,0,132,192
03/20/2001,GYY,IN,AGL,CE,Federal Contract Tower,2,1,15,0,18,0,1,55,1,57,2,2,70,1,75,141,0,141,216
03/21/2001,GYY,IN,AGL,CE,Federal Contract Tower,0,2,22,0,24,0,4,73,0,77,0,6,95,0,101,195,0,195,296
03/22/2001,GYY,IN,AGL,CE,Federal Contract Tower,4,2,25,0,31,2,2,42,0,46,6,4,67,0,77,111,0,111,188
03/23/2001,GYY,IN,AGL,CE,Federal Contract Tower,4,0,18,0,22,0,0,45,0,45,4,0,63,0,67,73,0,73,140
03/24/2001,GYY,IN,AGL,CE,Federal Contract Tower,2,1,11,0,14,0,0,55,0,55,2,1,66,0,69,64,0,64,133
03/25/2001,GYY,IN,AGL,CE,Federal Contract Tower,0,0,7,0,7,2,0,6,0,8,2,0,13,0,15,14,0,14,29
03/26/2001,GYY,IN,AGL,CE,Federal Contract Tower,2,0,14,0,16,1,0,31,0,32,3,0,45,0,48,61,0,61,109
03/27/2001,GYY,IN,AGL,CE,Federal Contract Tower,2,1,16,0,19,0,5,40,0,45,2,6,56,0,64,123,0,123,187
03/28/2001,GYY,IN,AGL,CE,Federal Contract Tower,2,2,29,0,33,0,0,56,2,58,2,2,85,2,91,248,10,258,349
03/29/2001,GYY,IN,AGL,CE,Federal Contract Tower,2,0,11,0,13,0,0,21,0,21,2,0,32,0,34,89,0,89,123
03/30/2001,GYY,IN,AGL,CE,Federal Contract Tower,3,0,16,0,19,0,0,49,0,49,3,0,65,0,68,122,0,122,190
03/31/2001,GYY,IN,AGL,CE,Federal Contract Tower,2,2,21,0,25,0,5,21,0,26,2,7,42,0,51,122,0,122,173
04/01/2001,GYY,IN,AGL,CE,Federal Contract Tower,2,1,5,0,8,0,0,27,0,27,2,1,32,0,35,50,0,50,85
04/02/2001,GYY,IN,AGL,CE,Federal Contract Tower,3,2,13,0,18,0,2,41,0,43,3,4,54,0,61,134,0,134,195
04/03/2001,GYY,IN,AGL,CE,Federal Contract Tower,2,2,21,0,25,0,0,18,3,21,2,2,39,3,46,56,2,58,104
04/04/2001,GYY,IN,AGL,CE,Federal Contract Tower,4,6,27,0,37,0,0,52,0,52,4,6,79,0,89,118,0,118,207
04/05/2001,GYY,IN,AGL,CE,Federal Contract Tower,2,0,26,0,28,0,2,33,0,35,2,2,59,0,63,104,0,104,167
04/06/2001,GYY,IN,AGL,CE,Federal Contract Tower,3,0,23,0,26,0,0,0,0,0,3,0,23,0,26,0,0,0,26
04/07/2001,GYY,IN,AGL,CE,Federal Contract Tower,2,0,11,0,13,0,0,5,0,5,2,0,16,0,18,6,0,6,24
04/08/2001,GYY,IN,AGL,CE,Federal Contract Tower,2,0,10,0,12,0,0,51,0,51,2,0,61,0,63,68,0,68,131
04/09/2001,GYY,IN,AGL,CE,Federal Contract Tower,3,1,14,0,18,0,0,31,0,31,3,1,45,0,49,52,0,52,101
04/10/2001,GYY,IN,AGL,CE,Federal Contract Tower,3,3,29,0,35,0,0,16,0,16,3,3,45,0,51,26,0,26,77
04/11/2001,GYY,IN,AGL,CE,Federal Contract Tower,3,3,22,0,28,0,1,5,0,6,3,4,27,0,34,9,0,9,43
04/12/2001,GYY,IN,AGL,CE,Federal Contract Tower,2,6,11,0,19,0,0,14,0,14,2,6,25,0,33,32,0,32,65
04/13/2001,GYY,IN,AGL,CE,Federal Contract Tower,3,0,24,0,27,0,0,80,0,80,3,0,104,0,107,126,0,126,233
04/14/2001,GYY,IN,AGL,CE,Federal Contract Tower,2,0,8,0,10,0,0,57,0,57,2,0,65,0,67,120,0,120,187
04/15/2001,GYY,IN,AGL,CE,Federal Contract Tower,2,0,4,0,6,0,0,10,0,10,2,0,14,0,16,18,0,18,34
04/16/2001,GYY,IN,AGL,CE,Federal Contract Tower,3,0,20,0,23,0,0,11,0,11,3,0,31,0,34,24,0,24,58
04/17/2001,GYY,IN,AGL,CE,Federal Contract Tower,4,4,13,0,21,0,0,14,1,15,4,4,27,1,36,14,2,16,52
04/18/2001,GYY,IN,AGL,CE,Federal Contract Tower,2,6,19,0,27,0,2,77,0,79,2,8,96,0,106,122,0,122,228
04/19/2001,GYY,IN,AGL,CE,Federal Contract Tower,3,6,24,0,33,0,0,43,0,43,3,6,67,0,76,110,0,110,186
04/20/2001,GYY,IN,AGL,CE,Federal Contract Tower,6,1,19,0,26,0,0,30,0,30,6,1,49,0,56,100,0,100,156
04/21/2001,GYY,IN,AGL,CE,Federal Contract Tower,6,0,9,0,15,0,0,17,0,17,6,0,26,0,32,22,0,22,54
04/22/2001,GYY,IN,AGL,CE,Federal Contract Tower,2,0,15,0,17,0,0,13,0,13,2,0,28,0,30,6,0,6,36
04/23/2001,GYY,IN,AGL,CE,Federal Contract Tower,3,2,10,0,15,0,0,3,0,3,3,2,13,0,18,6,0,6,24
04/24/2001,GYY,IN,AGL,CE,Federal Contract Tower,7,4,15,0,26,0,0,68,0,68,7,4,83,0,94,156,0,156,250
04/25/2001,GYY,IN,AGL,CE,Federal Contract Tower,3,2,18,0,23,0,0,44,0,44,3,2,62,0,67,142,0,142,209
04/26/2001,GYY,IN,AGL,CE,Federal Contract Tower,3,1,23,0,27,0,0,45,0,45,3,1,68,0,72,113,0,113,185
04/27/2001,GYY,IN,AGL,CE,Federal Contract Tower,12,0,16,0,28,0,0,52,0,52,12,0,68,0,80,155,0,155,235
04/28/2001,GYY,IN,AGL,CE,Federal Contract Tower,2,0,6,0,8,0,4,62,0,66,2,4,68,0,74,158,0,158,232
04/29/2001,GYY,IN,AGL,CE,Federal Contract Tower,2,0,8,0,10,0,0,43,0,43,2,0,51,0,53,54,0,54,107
04/30/2001,GYY,IN,AGL,CE,Federal Contract Tower,2,2,7,0,11,0,0,35,0,35,2,2,42,0,46,96,0,96,142
05/01/2001,GYY,IN,AGL,CE,Federal Contract Tower,0,2,21,0,23,0,0,36,0,36,0,2,57,0,59,106,0,106,165
05/02/2001,GYY,IN,AGL,CE,Federal Contract Tower,1,3,15,0,19,1,0,49,0,50,2,3,64,0,69,124,0,124,193
05/03/2001,GYY,IN,AGL,CE,Federal Contract Tower,1,1,19,0,21,1,0,34,0,35,2,1,53,0,56,134,0,134,190
05/04/2001,GYY,IN,AGL,CE,Federal Contract Tower,4,0,20,0,24,0,0,31,0,31,4,0,51,0,55,100,0,100,155
05/05/2001,GYY,IN,AGL,CE,Federal Contract Tower,2,0,10,0,12,0,0,41,0,41,2,0,51,0,53,99,0,99,152
05/06/2001,GYY,IN,AGL,CE,Federal Contract Tower,2,0,7,0,9,0,0,65,2,67,2,0,72,2,76,104,0,104,180
05/07/2001,GYY,IN,AGL,CE,Federal Contract Tower,2,1,15,0,18,0,0,33,0,33,2,1,48,0,51,4,0,4,55
05/08/2001,GYY,IN,AGL,CE,Federal Contract Tower,2,4,18,0,24,0,0,38,2,40,2,4,56,2,64,18,0,18,82
05/09/2001,GYY,IN,AGL,CE,Federal Contract Tower,2,3,30,0,35,0,0,59,0,59,2,3,89,0,94,73,0,73,167
05/10/2001,GYY,IN,AGL,CE,Federal Contract Tower,4,1,31,0,36,0,2,30,0,32,4,3,61,0,68,18,0,18,86
05/11/2001,GYY,IN,AGL,CE,Federal Contract Tower,6,0,27,0,33,0,0,9,0,9,6,0,36,0,42,0,0,0,42
05/12/2001,GYY,IN,AGL,CE,Federal Contract Tower,1,0,12,0,13,0,0,43,0,43,1,0,55,0,56,114,0,114,170
05/13/2001,GYY,IN,AGL,CE,Federal Contract Tower,4,0,14,0,18,0,0,79,0,79,4,0,93,0,97,154,0,154,251
05/14/2001,GYY,IN,AGL,CE,Federal Contract Tower,2,0,18,0,20,0,0,25,0,25,2,0,43,0,45,84,0,84,129
05/15/2001,GYY,IN,AGL,CE,Federal Contract Tower,0,0,21,0,21,0,0,25,0,25,0,0,46,0,46,140,0,140,186
05/16/2001,GYY,IN,AGL,CE,Federal Contract Tower,2,4,24,0,30,0,2,42,0,44,2,6,66,0,74,164,0,164,238
05/17/2001,GYY,IN,AGL,CE,Federal Contract Tower,2,2,19,0,23,0,0,39,0,39,2,2,58,0,62,64,0,64,126
05/18/2001,GYY,IN,AGL,CE,Federal Contract Tower,3,0,32,1,36,0,0,52,5,57,3,0,84,6,93,120,0,120,213
05/19/2001,GYY,IN,AGL,CE,Federal Contract Tower,3,0,9,0,12,0,0,54,0,54,3,0,63,0,66,98,0,98,164
05/20/2001,GYY,IN,AGL,CE,Federal Contract Tower,2,0,14,0,16,0,0,58,0,58,2,0,72,0,74,136,0,136,210
05/21/2001,GYY,IN,AGL,CE,Federal Contract Tower,2,5,11,0,18,0,0,15,0,15,2,5,26,0,33,23,0,23,56
05/22/2001,GYY,IN,AGL,CE,Federal Contract Tower,0,7,28,0,35,0,0,31,0,31,0,7,59,0,66,78,0,78,144
05/23/2001,GYY,IN,AGL,CE,Federal Contract Tower,2,3,25,0,30,0,1,28,0,29,2,4,53,0,59,103,0,103,162
05/24/2001,GYY,IN,AGL,CE,Federal Contract Tower,4,2,27,0,33,0,0,30,0,30,4,2,57,0,63,48,0,48,111
05/25/2001,GYY,IN,AGL,CE,Federal Contract Tower,2,0,19,0,21,0,0,42,2,44,2,0,61,2,65,16,91,107,172
05/26/2001,GYY,IN,AGL,CE,Federal Contract Tower,4,0,11,0,15,0,0,4,0,4,4,0,15,0,19,1,0,1,20
05/27/2001,GYY,IN,AGL,CE,Federal Contract Tower,6,0,5,0,11,0,0,18,0,18,6,0,23,0,29,27,0,27,56
05/28/2001,GYY,IN,AGL,CE,Federal Contract Tower,2,0,15,0,17,0,0,38,2,40,2,0,53,2,57,71,0,71,128
05/29/2001,GYY,IN,AGL,CE,Federal Contract Tower,0,2,17,0,19,0,2,36,4,42,0,4,53,4,61,86,6,92,153
05/30/2001,GYY,IN,AGL,CE,Federal Contract Tower,2,2,31,0,35,0,3,39,1,43,2,5,70,1,78,66,6,72,150
05/31/2001,GYY,IN,AGL,CE,Federal Contract Tower,4,1,16,0,21,0,0,16,1,17,4,1,32,1,38,8,0,8,46
06/01/2001,GYY,IN,AGL,CE,Federal Contract Tower,2,0,22,1,25,0,0,22,0,22,2,0,44,1,47,48,0,48,95
06/02/2001,GYY,IN,AGL,CE,Federal Contract Tower,2,0,12,0,14,0,0,9,2,11,2,0,21,2,25,10,4,14,39
06/03/2001,GYY,IN,AGL,CE,Federal Contract Tower,4,0,8,0,12,0,0,31,1,32,4,0,39,1,44,66,0,66,110
06/04/2001,GYY,IN,AGL,CE,Federal Contract Tower,2,0,42,0,44,0,2,20,5,27,2,2,62,5,71,102,2,104,175
06/05/2001,GYY,IN,AGL,CE,Federal Contract Tower,0,1,17,2,20,0,0,0,0,0,0,1,17,2,20,0,0,0,20
06/06/2001,GYY,IN,AGL,CE,Federal Contract Tower,2,3,33,0,38,0,0,0,0,0,2,3,33,0,38,3,0,3,41
06/07/2001,GYY,IN,AGL,CE,Federal Contract Tower,6,0,39,0,45,0,0,14,0,14,6,0,53,0,59,16,0,16,75
06/08/2001,GYY,IN,AGL,CE,Federal Contract Tower,6,2,23,4,35,0,0,81,0,81,6,2,104,4,116,184,8,192,308
06/09/2001,GYY,IN,AGL,CE,Federal Contract Tower,2,2,8,4,16,0,0,75,0,75,2,2,83,4,91,70,0,70,161
06/10/2001,GYY,IN,AGL,CE,Federal Contract Tower,4,1,11,0,16,0,0,34,0,34,4,1,45,0,50,64,0,64,114
06/11/2001,GYY,IN,AGL,CE,Federal Contract Tower,2,0,10,0,12,0,0,38,0,38,2,0,48,0,50,104,0,104,154
06/12/2001,GYY,IN,AGL,CE,Federal Contract Tower,0,2,16,0,18,0,0,45,1,46,0,2,61,1,64,141,1,142,206
06/13/2001,GYY,IN,AGL,CE,Federal Contract Tower,2,0,16,0,18,0,0,45,0,45,2,0,61,0,63,126,0,126,189
06/14/2001,GYY,IN,AGL,CE,Federal Contract Tower,4,4,27,0,35,0,0,22,0,22,4,4,49,0,57,68,0,68,125
06/15/2001,GYY,IN,AGL,CE,Federal Contract Tower,4,1,14,0,19,0,0,23,0,23,4,1,37,0,42,4,0,4,46
06/16/2001,GYY,IN,AGL,CE,Federal Contract Tower,2,0,16,0,18,0,0,68,2,70,2,0,84,2,88,92,0,92,180
06/17/2001,GYY,IN,AGL,CE,Federal Contract Tower,2,0,4,0,6,0,0,55,0,55,2,0,59,0,61,48,0,48,109
06/18/2001,GYY,IN,AGL,CE,Federal Contract Tower,2,0,12,0,14,0,0,23,0,23,2,0,35,0,37,56,0,56,93
06/19/2001,GYY,IN,AGL,CE,Federal Contract Tower,2,0,20,0,22,0,0,42,4,46,2,0,62,4,68,118,0,118,186
06/20/2001,GYY,IN,AGL,CE,Federal Contract Tower,3,1,22,0,26,0,0,54,0,54,3,1,76,0,80,176,0,176,256
06/21/2001,GYY,IN,AGL,CE,Federal Contract Tower,5,0,39,0,44,0,0,15,0,15,5,0,54,0,59,14,0,14,73
06/22/2001,GYY,IN,AGL,CE,Federal Contract Tower,6,6,18,0,30,0,0,29,0,29,6,6,47,0,59,56,0,56,115
06/23/2001,GYY,IN,AGL,CE,Federal Contract Tower,1,2,11,0,14,0,0,64,2,66,1,2,75,2,80,122,0,122,202
06/24/2001,GYY,IN,AGL,CE,Federal Contract Tower,3,0,10,0,13,0,0,73,0,73,3,0,83,0,86,90,0,90,176
06/25/2001,GYY,IN,AGL,CE,Federal Contract Tower,2,2,13,0,17,0,4,31,4,39,2,6,44,4,56,60,14,74,130
06/26/2001,GYY,IN,AGL,CE,Federal Contract Tower,2,1,15,0,18,0,0,52,0,52,2,1,67,0,70,118,0,118,188
06/27/2001,GYY,IN,AGL,CE,Federal Contract Tower,2,2,23,0,27,0,0,66,0,66,2,2,89,0,93,142,0,142,235
06/28/2001,GYY,IN,AGL,CE,Federal Contract Tower,4,2,22,0,28,0,0,43,0,43,4,2,65,0,71,56,0,56,127
06/29/2001,GYY,IN,AGL,CE,Federal Contract Tower,4,4,24,0,32,0,0,44,6,50,4,4,68,6,82,74,6,80,162
06/30/2001,GYY,IN,AGL,CE,Federal Contract Tower,2,0,10,0,12,0,0,52,0,52,2,0,62,0,64,54,0,54,118
07/01/2001,GYY,IN,AGL,CE,Federal Contract Tower,1,0,8,0,9,1,0,26,1,28,2,0,34,1,37,42,2,44,81
07/02/2001,GYY,IN,AGL,CE,Federal Contract Tower,1,2,29,0,32,1,0,59,0,60,2,2,88,0,92,86,0,86,178
07/03/2001,GYY,IN,AGL,CE,Federal Contract Tower,0,2,17,0,19,0,0,32,0,32,0,2,49,0,51,60,0,60,111
07/04/2001,GYY,IN,AGL,CE,Federal Contract Tower,0,0,6,0,6,0,0,40,3,43,0,0,46,3,49,133,3,136,185
07/05/2001,GYY,IN,AGL,CE,Federal Contract Tower,4,0,20,0,24,0,0,44,2,46,4,0,64,2,70,134,0,134,204
07/06/2001,GYY,IN,AGL,CE,Federal Contract Tower,2,0,27,0,29,0,0,80,2,82,2,0,107,2,111,188,0,188,299
07/07/2001,GYY,IN,AGL,CE,Federal Contract Tower,2,0,5,0,7,0,0,38,0,38,2,0,43,0,45,101,0,101,146
07/08/2001,GYY,IN,AGL,CE,Federal Contract Tower,2,0,17,0,19,0,0,64,0,64,2,0,81,0,83,142,0,142,225
07/09/2001,GYY,IN,AGL,CE,Federal Contract Tower,4,0,24,0,28,0,0,47,0,47,4,0,71,0,75,162,0,162,237
07/10/2001,GYY,IN,AGL,CE,Federal Contract Tower,0,2,20,0,22,0,0,63,0,63,0,2,83,0,85,202,0,202,287
07/11/2001,GYY,IN,AGL,CE,Federal Contract Tower,2,0,22,0,24,0,0,49,0,49,2,0,71,0,73,157,0,157,230
07/12/2001,GYY,IN,AGL,CE,Federal Contract Tower,4,3,26,0,33,0,0,80,0,80,4,3,106,0,113,119,0,119,232
07/13/2001,GYY,IN,AGL,CE,Federal Contract Tower,2,1,22,0,25,0,0,58,0,58,2,1,80,0,83,167,0,167,250
07/14/2001,GYY,IN,AGL,CE,Federal Contract Tower,2,0,13,0,15,0,0,76,1,77,2,0,89,1,92,172,0,172,264
07/15/2001,GYY,IN,AGL,CE,Federal Contract Tower,2,0,11,0,13,0,0,66,0,66,2,0,77,0,79,122,0,122,201
07/16/2001,GYY,IN,AGL,CE,Federal Contract Tower,2,4,28,0,34,0,0,38,1,39,2,4,66,1,73,113,0,113,186
07/17/2001,GYY,IN,AGL,CE,Federal Contract Tower,0,2,18,0,20,0,0,51,0,51,0,2,69,0,71,187,0,187,258
07/18/2001,GYY,IN,AGL,CE,Federal Contract Tower,2,0,22,0,24,0,0,33,2,35,2,0,55,2,59,73,16,89,148
07/19/2001,GYY,IN,AGL,CE,Federal Contract Tower,5,0,7,3,15,0,0,68,0,68,5,0,75,3,83,96,10,106,189
07/20/2001,GYY,IN,AGL,CE,Federal Contract Tower,2,0,17,0,19,1,0,145,4,150,3,0,162,4,169,267,8,275,444
07/21/2001,GYY,IN,AGL,CE,Federal Contract Tower,2,0,4,0,6,0,0,205,10,215,2,0,209,10,221,464,3,467,688
07/22/2001,GYY,IN,AGL,CE,Federal Contract Tower,2,0,11,0,13,0,0,164,14,178,2,0,175,14,191,115,26,141,332
07/23/2001,GYY,IN,AGL,CE,Federal Contract Tower,1,0,32,0,33,0,0,34,2,36,1,0,66,2,69,28,0,28,97
07/24/2001,GYY,IN,AGL,CE,Federal Contract Tower,1,2,27,0,30,0,0,74,1,75,1,2,101,1,105,125,1,126,231
07/25/2001,GYY,IN,AGL,CE,Federal Contract Tower,2,1,25,0,28,0,0,44,0,44,2,1,69,0,72,81,0,81,153
07/26/2001,GYY,IN,AGL,CE,Federal Contract Tower,4,0,21,0,25,0,1,77,0,78,4,1,98,0,103,193,0,193,296
07/27/2001,GYY,IN,AGL,CE,Federal Contract Tower,2,0,34,0,36,0,0,88,0,88,2,0,122,0,124,204,0,204,328
07/28/2001,GYY,IN,AGL,CE,Federal Contract Tower,2,0,17,0,19,0,0,82,4,86,2,0,99,4,105,122,6,128,233
07/29/2001,GYY,IN,AGL,CE,Federal Contract Tower,2,0,7,0,9,0,0,37,0,37,2,0,44,0,46,14,0,14,60
07/30/2001,GYY,IN,AGL,CE,Federal Contract Tower,2,2,21,0,25,0,0,27,0,27,2,2,48,0,52,16,0,16,68
07/31/2001,GYY,IN,AGL,CE,Federal Contract Tower,0,0,21,0,21,0,0,61,0,61,0,0,82,0,82,158,0,158,240
08/01/2001,GYY,IN,AGL,CE,Federal Contract Tower,1,0,22,0,23,1,0,48,0,49,2,0,70,0,72,232,0,232,304
08/02/2001,GYY,IN,AGL,CE,Federal Contract Tower,1,6,22,0,29,1,0,28,0,29,2,6,50,0,58,30,0,30,88
08/03/2001,GYY,IN,AGL,CE,Federal Contract Tower,4,0,39,0,43,0,0,16,0,16,4,0,55,0,59,64,0,64,123
08/04/2001,GYY,IN,AGL,CE,Federal Contract Tower,2,0,9,0,11,0,0,50,0,50,2,0,59,0,61,58,0,58,119
08/05/2001,GYY,IN,AGL,CE,Federal Contract Tower,2,0,11,0,13,0,0,43,0,43,2,0,54,0,56,100,0,100,156
08/06/2001,GYY,IN,AGL,CE,Federal Contract Tower,2,0,10,0,12,0,0,43,0,43,2,0,53,0,55,64,0,64,119
08/07/2001,GYY,IN,AGL,CE,Federal Contract Tower,0,2,19,0,21,0,0,33,0,33,0,2,52,0,54,132,0,132,186
08/08/2001,GYY,IN,AGL,CE,Federal Contract Tower,2,1,26,0,29,0,0,46,0,46,2,1,72,0,75,58,0,58,133
08/09/2001,GYY,IN,AGL,CE,Federal Contract Tower,4,4,27,0,35,0,0,34,0,34,4,4,61,0,69,68,0,68,137
08/10/2001,GYY,IN,AGL,CE,Federal Contract Tower,2,4,29,0,35,0,0,65,0,65,2,4,94,0,100,124,0,124,224
08/11/2001,GYY,IN,AGL,CE,Federal Contract Tower,2,0,17,0,19,0,0,55,0,55,2,0,72,0,74,94,0,94,168
08/12/2001,GYY,IN,AGL,CE,Federal Contract Tower,2,0,15,0,17,0,0,57,0,57,2,0,72,0,74,68,0,68,142
08/13/2001,GYY,IN,AGL,CE,Federal Contract Tower,6,10,23,0,39,0,0,46,0,46,6,10,69,0,85,60,0,60,145
08/14/2001,GYY,IN,AGL,CE,Federal Contract Tower,2,3,0,0,5,0,0,0,62,62,2,3,0,62,67,0,90,90,157
08/15/2001,GYY,IN,AGL,CE,Federal Contract Tower,2,0,20,0,22,0,0,57,3,60,2,0,77,3,82,88,20,108,190
08/16/2001,GYY,IN,AGL,CE,Federal Contract Tower,2,4,42,13,61,0,0,74,22,96,2,4,116,35,157,132,12,144,301
08/17/2001,GYY,IN,AGL,CE,Federal Contract Tower,0,0,17,1,18,0,2,182,98,282,0,2,199,99,300,194,147,341,641
08/18/2001,GYY,IN,AGL,CE,Federal Contract Tower,4,0,7,0,11,0,0,136,48,184,4,0,143,48,195,102,55,157,352
08/19/2001,GYY,IN,AGL,CE,Federal Contract Tower,2,0,17,1,20,0,0,179,55,234,2,0,196,56,254,174,63,237,491
08/20/2001,GYY,IN,AGL,CE,Federal Contract Tower,2,2,8,19,31,0,0,85,6,91,2,2,93,25,122,85,24,109,231
08/21/2001,GYY,IN,AGL,CE,Federal Contract Tower,0,6,19,0,25,0,2,58,0,60,0,8,77,0,85,180,0,180,265
08/22/2001,GYY,IN,AGL,CE,Federal Contract Tower,2,5,16,0,23,0,0,52,0,52,2,5,68,0,75,212,0,212,287
08/23/2001,GYY,IN,AGL,CE,Federal Contract Tower,4,2,24,0,30,0,0,17,0,17,4,2,41,0,47,42,0,42,89
08/24/2001,GYY,IN,AGL,CE,Federal Contract Tower,3,0,38,0,41,0,0,33,0,33,3,0,71,0,74,44,0,44,118
08/25/2001,GYY,IN,AGL,CE,Federal Contract Tower,3,0,8,0,11,0,0,2,0,2,3,0,10,0,13,2,0,2,15
08/26/2001,GYY,IN,AGL,CE,Federal Contract Tower,2,0,8,0,10,0,0,52,0,52,2,0,60,0,62,110,0,110,172
08/27/2001,GYY,IN,AGL,CE,Federal Contract Tower,6,2,23,0,31,0,0,54,0,54,6,2,77,0,85,82,0,82,167
08/28/2001,GYY,IN,AGL,CE,Federal Contract Tower,0,1,26,0,27,0,1,49,0,50,0,2,75,0,77,94,0,94,171
08/29/2001,GYY,IN,AGL,CE,Federal Contract Tower,2,2,27,0,31,0,2,54,0,56,2,4,81,0,87,38,0,38,125
08/30/2001,GYY,IN,AGL,CE,Federal Contract Tower,2,2,14,0,18,0,0,48,1,49,2,2,62,1,67,38,2,40,107
08/31/2001,GYY,IN,AGL,CE,Federal Contract Tower,6,4,16,3,29,2,0,55,2,59,8,4,71,5,88,100,0,100,188
09/01/2001,GYY,IN,AGL,CE,Federal Contract Tower,2,0,17,0,19,0,0,69,0,69,2,0,86,0,88,97,0,97,185
09/02/2001,GYY,IN,AGL,CE,Federal Contract Tower,2,0,5,0,7,0,0,50,0,50,2,0,55,0,57,60,0,60,117
09/03/2001,GYY,IN,AGL,CE,Federal Contract Tower,2,0,10,3,15,0,2,58,0,60,2,2,68,3,75,86,0,86,161
09/04/2001,GYY,IN,AGL,CE,Federal Contract Tower,2,1,13,2,18,0,1,62,5,68,2,2,75,7,86,74,3,77,163
09/05/2001,GYY,IN,AGL,CE,Federal Contract Tower,2,0,15,0,17,0,2,54,0,56,2,2,69,0,73,70,0,70,143
09/06/2001,GYY,IN,AGL,CE,Federal Contract Tower,2,0,18,2,22,0,0,71,0,71,2,0,89,2,93,157,0,157,250
09/07/2001,GYY,IN,AGL,CE,Federal Contract Tower,2,2,15,2,21,0,0,24,0,24,2,2,39,2,45,30,0,30,75
09/08/2001,GYY,IN,AGL,CE,Federal Contract Tower,4,2,4,0,10,0,0,21,0,21,4,2,25,0,31,26,0,26,57
09/09/2001,GYY,IN,AGL,CE,Federal Contract Tower,2,2,6,0,10,0,0,3,0,3,2,2,9,0,13,12,0,12,25
09/10/2001,GYY,IN,AGL,CE,Federal Contract Tower,2,2,24,1,29,0,0,43,6,49,2,2,67,7,78,84,15,99,177
09/11/2001,GYY,IN,AGL,CE,Federal Contract Tower,0,0,7,0,7,0,0,9,0,9,0,0,16,0,16,14,0,14,30
09/12/2001,GYY,IN,AGL,CE,Federal Contract Tower,0,0,0,0,0,0,0,0,0,0,0,0,0,0,0,0,0,0,0
09/13/2001,GYY,IN,AGL,CE,Federal Contract Tower,0,11,0,0,11,0,2,2,2,6,0,13,2,2,17,24,0,24,41
09/14/2001,GYY,IN,AGL,CE,Federal Contract Tower,2,34,2,2,40,0,1,12,0,13,2,35,14,2,53,32,0,32,85
09/15/2001,GYY,IN,AGL,CE,Federal Contract Tower,2,1,18,0,21,0,0,0,0,0,2,1,18,0,21,0,0,0,21
09/16/2001,GYY,IN,AGL,CE,Federal Contract Tower,2,3,20,0,25,0,0,0,0,0,2,3,20,0,25,0,0,0,25
09/17/2001,GYY,IN,AGL,CE,Federal Contract Tower,3,11,26,0,40,0,2,7,1,10,3,13,33,1,50,30,3,33,83
09/18/2001,GYY,IN,AGL,CE,Federal Contract Tower,3,9,49,0,61,0,2,10,0,12,3,11,59,0,73,54,0,54,127
09/19/2001,GYY,IN,AGL,CE,Federal Contract Tower,4,17,36,0,57,0,4,0,0,4,4,21,36,0,61,0,0,0,61
09/20/2001,GYY,IN,AGL,CE,Federal Contract Tower,2,8,58,0,68,0,0,22,0,22,2,8,80,0,90,27,0,27,117
09/21/2001,GYY,IN,AGL,CE,Federal Contract Tower,2,8,62,0,72,0,2,10,0,12,2,10,72,0,84,30,0,30,114
09/22/2001,GYY,IN,AGL,CE,Federal Contract Tower,2,3,18,0,23,0,0,34,0,34,2,3,52,0,57,20,0,20,77
09/23/2001,GYY,IN,AGL,CE,Federal Contract Tower,2,2,8,0,12,0,0,12,0,12,2,2,20,0,24,0,0,0,24
09/24/2001,GYY,IN,AGL,CE,Federal Contract Tower,2,7,32,0,41,0,0,7,0,7,2,7,39,0,48,4,0,4,52
09/25/2001,GYY,IN,AGL,CE,Federal Contract Tower,0,4,27,0,31,0,0,20,0,20,0,4,47,0,51,43,0,43,94
09/26/2001,GYY,IN,AGL,CE,Federal Contract Tower,2,5,36,0,43,0,0,28,1,29,2,5,64,1,72,26,0,26,98
09/27/2001,GYY,IN,AGL,CE,Federal Contract Tower,2,2,30,0,34,0,0,47,3,50,2,2,77,3,84,96,0,96,180
09/28/2001,GYY,IN,AGL,CE,Federal Contract Tower,2,4,28,0,34,0,0,19,2,21,2,4,47,2,55,10,0,10,65
09/29/2001,GYY,IN,AGL,CE,Federal Contract Tower,2,1,19,0,22,0,4,39,2,45,2,5,58,2,67,78,0,78,145
09/30/2001,GYY,IN,AGL,CE,Federal Contract Tower,4,4,24,0,32,0,0,31,3,34,4,4,55,3,66,64,6,70,136
10/01/2001,GYY,IN,AGL,CE,Federal Contract Tower,3,3,27,0,33,0,1,30,0,31,3,4,57,0,64,54,0,54,118
10/02/2001,GYY,IN,AGL,CE,Federal Contract Tower,5,0,23,0,28,0,0,33,1,34,5,0,56,1,62,89,1,90,152
10/03/2001,GYY,IN,AGL,CE,Federal Contract Tower,0,8,32,0,40,0,0,20,0,20,0,8,52,0,60,40,0,40,100
10/04/2001,GYY,IN,AGL,CE,Federal Contract Tower,2,3,31,0,36,0,0,20,0,20,2,3,51,0,56,42,0,42,98
10/05/2001,GYY,IN,AGL,CE,Federal Contract Tower,0,4,21,0,25,0,0,5,0,5,0,4,26,0,30,0,0,0,30
10/06/2001,GYY,IN,AGL,CE,Federal Contract Tower,2,3,13,0,18,0,0,43,0,43,2,3,56,0,61,30,0,30,91
10/07/2001,GYY,IN,AGL,CE,Federal Contract Tower,0,2,14,0,16,0,2,45,0,47,0,4,59,0,63,38,0,38,101
10/08/2001,GYY,IN,AGL,CE,Federal Contract Tower,0,3,13,1,17,0,0,37,1,38,0,3,50,2,55,44,0,44,99
10/09/2001,GYY,IN,AGL,CE,Federal Contract Tower,2,7,19,0,28,0,0,33,0,33,2,7,52,0,61,116,0,116,177
10/10/2001,GYY,IN,AGL,CE,Federal Contract Tower,2,1,15,0,18,0,0,2,0,2,2,1,17,0,20,8,0,8,28
10/11/2001,GYY,IN,AGL,CE,Federal Contract Tower,2,6,28,2,38,0,2,29,0,31,2,8,57,2,69,68,0,68,137
10/12/2001,GYY,IN,AGL,CE,Federal Contract Tower,0,5,20,0,25,0,0,20,0,20,0,5,40,0,45,16,0,16,61
10/13/2001,GYY,IN,AGL,CE,Federal Contract Tower,4,0,11,0,15,0,0,0,0,0,4,0,11,0,15,2,0,2,17
10/14/2001,GYY,IN,AGL,CE,Federal Contract Tower,0,0,14,0,14,0,0,17,0,17,0,0,31,0,31,10,0,10,41
10/15/2001,GYY,IN,AGL,CE,Federal Contract Tower,4,5,13,0,22,0,0,39,0,39,4,5,52,0,61,76,0,76,137
10/16/2001,GYY,IN,AGL,CE,Federal Contract Tower,0,3,20,0,23,0,3,15,0,18,0,6,35,0,41,50,0,50,91
10/17/2001,GYY,IN,AGL,CE,Federal Contract Tower,2,5,29,0,36,0,0,49,0,49,2,5,78,0,85,154,0,154,239
10/18/2001,GYY,IN,AGL,CE,Federal Contract Tower,2,1,18,0,21,0,0,40,0,40,2,1,58,0,61,88,0,88,149
10/19/2001,GYY,IN,AGL,CE,Federal Contract Tower,2,0,32,0,34,0,0,28,0,28,2,0,60,0,62,70,0,70,132
10/20/2001,GYY,IN,AGL,CE,Federal Contract Tower,4,2,32,0,38,0,0,48,0,48,4,2,80,0,86,66,0,66,152
10/21/2001,GYY,IN,AGL,CE,Federal Contract Tower,2,0,12,0,14,0,2,40,0,42,2,2,52,0,56,34,0,34,90
10/22/2001,GYY,IN,AGL,CE,Federal Contract Tower,2,5,21,0,28,0,0,17,0,17,2,5,38,0,45,31,0,31,76
10/23/2001,GYY,IN,AGL,CE,Federal Contract Tower,0,8,32,2,42,0,2,26,1,29,0,10,58,3,71,82,2,84,155
10/24/2001,GYY,IN,AGL,CE,Federal Contract Tower,2,4,27,0,33,0,0,7,0,7,2,4,34,0,40,0,0,0,40
10/25/2001,GYY,IN,AGL,CE,Federal Contract Tower,2,7,17,0,26,0,0,9,0,9,2,7,26,0,35,16,0,16,51
10/26/2001,GYY,IN,AGL,CE,Federal Contract Tower,1,10,26,1,38,0,0,18,0,18,1,10,44,1,56,6,0,6,62
10/27/2001,GYY,IN,AGL,CE,Federal Contract Tower,0,2,26,0,28,0,0,26,0,26,0,2,52,0,54,46,0,46,100
10/28/2001,GYY,IN,AGL,CE,Federal Contract Tower,4,0,15,0,19,0,0,53,0,53,4,0,68,0,72,40,0,40,112
10/29/2001,GYY,IN,AGL,CE,Federal Contract Tower,2,3,19,0,24,0,1,45,0,46,2,4,64,0,70,142,0,142,212
10/30/2001,GYY,IN,AGL,CE,Federal Contract Tower,1,2,16,0,19,0,0,50,2,52,1,2,66,2,71,150,0,150,221
10/31/2001,GYY,IN,AGL,CE,Federal Contract Tower,0,0,18,0,18,0,0,36,3,39,0,0,54,3,57,72,1,73,130
11/01/2001,GYY,IN,AGL,CE,Federal Contract Tower,2,2,17,0,21,0,2,15,0,17,2,4,32,0,38,19,0,19,57
11/02/2001,GYY,IN,AGL,CE,Federal Contract Tower,0,0,22,0,22,0,4,34,0,38,0,4,56,0,60,69,0,69,129
11/03/2001,GYY,IN,AGL,CE,Federal Contract Tower,2,0,23,0,25,0,0,75,0,75,2,0,98,0,100,102,0,102,202
11/04/2001,GYY,IN,AGL,CE,Federal Contract Tower,0,0,5,0,5,0,0,41,0,41,0,0,46,0,46,74,0,74,120
11/05/2001,GYY,IN,AGL,CE,Federal Contract Tower,4,2,19,0,25,0,0,26,0,26,4,2,45,0,51,54,0,54,105
11/06/2001,GYY,IN,AGL,CE,Federal Contract Tower,0,4,24,0,28,0,4,30,2,36,0,8,54,2,64,31,6,37,101
11/07/2001,GYY,IN,AGL,CE,Federal Contract Tower,2,4,26,0,32,0,4,46,1,51,2,8,72,1,83,170,3,173,256
11/08/2001,GYY,IN,AGL,CE,Federal Contract Tower,2,0,24,0,26,0,0,22,0,22,2,0,46,0,48,54,0,54,102
11/09/2001,GYY,IN,AGL,CE,Federal Contract Tower,4,5,23,0,32,0,0,33,0,33,4,5,56,0,65,120,0,120,185
11/10/2001,GYY,IN,AGL,CE,Federal Contract Tower,2,1,9,0,12,0,0,42,0,42,2,1,51,0,54,2,0,2,56
11/11/2001,GYY,IN,AGL,CE,Federal Contract Tower,2,1,13,0,16,0,0,36,0,36,2,1,49,0,52,28,0,28,80
11/12/2001,GYY,IN,AGL,CE,Federal Contract Tower,6,0,7,0,13,0,2,40,0,42,6,2,47,0,55,92,0,92,147
11/13/2001,GYY,IN,AGL,CE,Federal Contract Tower,1,0,20,0,21,0,0,33,0,33,1,0,53,0,54,48,0,48,102
11/14/2001,GYY,IN,AGL,CE,Federal Contract Tower,4,2,21,0,27,0,0,15,1,16,4,2,36,1,43,50,4,54,97
11/15/2001,GYY,IN,AGL,CE,Federal Contract Tower,2,8,23,0,33,0,0,45,0,45,2,8,68,0,78,84,0,84,162
11/16/2001,GYY,IN,AGL,CE,Federal Contract Tower,2,2,11,0,15,0,0,16,0,16,2,2,27,0,31,22,0,22,53
11/17/2001,GYY,IN,AGL,CE,Federal Contract Tower,2,0,6,0,8,0,0,0,0,0,2,0,6,0,8,0,0,0,8
11/18/2001,GYY,IN,AGL,CE,Federal Contract Tower,2,0,11,0,13,0,0,13,0,13,2,0,24,0,26,7,0,7,33
11/19/2001,GYY,IN,AGL,CE,Federal Contract Tower,4,0,13,0,17,0,0,15,0,15,4,0,28,0,32,40,0,40,72
11/20/2001,GYY,IN,AGL,CE,Federal Contract Tower,3,7,18,0,28,0,2,36,0,38,3,9,54,0,66,103,0,103,169
11/21/2001,GYY,IN,AGL,CE,Federal Contract Tower,2,4,22,0,28,0,0,65,1,66,2,4,87,1,94,182,3,185,279
11/22/2001,GYY,IN,AGL,CE,Federal Contract Tower,2,0,3,0,5,0,0,18,0,18,2,0,21,0,23,10,0,10,33
11/23/2001,GYY,IN,AGL,CE,Federal Contract Tower,2,0,6,0,8,0,0,22,0,22,2,0,28,0,30,46,0,46,76
11/24/2001,GYY,IN,AGL,CE,Federal Contract Tower,0,4,4,0,8,0,0,8,0,8,0,4,12,0,16,2,0,2,18
11/25/2001,GYY,IN,AGL,CE,Federal Contract Tower,2,0,19,0,21,0,0,18,0,18,2,0,37,0,39,6,0,6,45
11/26/2001,GYY,IN,AGL,CE,Federal Contract Tower,2,0,16,0,18,0,0,23,0,23,2,0,39,0,41,42,0,42,83
11/27/2001,GYY,IN,AGL,CE,Federal Contract Tower,4,2,17,0,23,0,0,27,0,27,4,2,44,0,50,70,0,70,120
11/28/2001,GYY,IN,AGL,CE,Federal Contract Tower,2,6,26,0,34,0,0,22,0,22,2,6,48,0,56,60,0,60,116
11/29/2001,GYY,IN,AGL,CE,Federal Contract Tower,2,4,18,0,24,0,0,19,0,19,2,4,37,0,43,38,0,38,81
11/30/2001,GYY,IN,AGL,CE,Federal Contract Tower,3,4,28,1,36,0,0,0,0,0,3,4,28,1,36,0,0,0,36
12/01/2001,GYY,IN,AGL,CE,Federal Contract Tower,1,1,20,2,24,1,0,12,0,13,2,1,32,2,37,22,0,22,59
12/02/2001,GYY,IN,AGL,CE,Federal Contract Tower,2,0,11,0,13,0,2,23,2,27,2,2,34,2,40,56,0,56,96
12/03/2001,GYY,IN,AGL,CE,Federal Contract Tower,2,7,23,0,32,0,1,22,0,23,2,8,45,0,55,27,0,27,82
12/04/2001,GYY,IN,AGL,CE,Federal Contract Tower,1,2,18,0,21,0,0,38,0,38,1,2,56,0,59,64,0,64,123
12/05/2001,GYY,IN,AGL,CE,Federal Contract Tower,1,5,18,0,24,0,3,15,0,18,1,8,33,0,42,11,0,11,53
12/06/2001,GYY,IN,AGL,CE,Federal Contract Tower,2,11,14,0,27,0,4,44,0,48,2,15,58,0,75,80,0,80,155
12/07/2001,GYY,IN,AGL,CE,Federal Contract Tower,2,6,22,0,30,0,2,36,0,38,2,8,58,0,68,64,0,64,132
12/08/2001,GYY,IN,AGL,CE,Federal Contract Tower,2,3,6,0,11,0,1,12,0,13,2,4,18,0,24,2,0,2,26
12/09/2001,GYY,IN,AGL,CE,Federal Contract Tower,2,0,6,0,8,0,2,40,0,42,2,2,46,0,50,120,0,120,170
12/10/2001,GYY,IN,AGL,CE,Federal Contract Tower,2,3,15,0,20,0,0,48,0,48,2,3,63,0,68,94,0,94,162
12/11/2001,GYY,IN,AGL,CE,Federal Contract Tower,0,6,19,0,25,0,0,31,0,31,0,6,50,0,56,84,0,84,140
12/12/2001,GYY,IN,AGL,CE,Federal Contract Tower,2,3,21,0,26,0,0,5,0,5,2,3,26,0,31,20,0,20,51
12/13/2001,GYY,IN,AGL,CE,Federal Contract Tower,2,6,31,0,39,0,0,19,0,19,2,6,50,0,58,44,0,44,102
12/14/2001,GYY,IN,AGL,CE,Federal Contract Tower,4,8,31,0,43,0,0,3,0,3,4,8,34,0,46,0,0,0,46
12/15/2001,GYY,IN,AGL,CE,Federal Contract Tower,4,0,17,0,21,0,0,1,0,1,4,0,18,0,22,4,0,4,26
12/16/2001,GYY,IN,AGL,CE,Federal Contract Tower,2,0,10,0,12,0,0,2,0,2,2,0,12,0,14,9,0,9,23
12/17/2001,GYY,IN,AGL,CE,Federal Contract Tower,2,5,35,0,42,0,0,3,0,3,2,5,38,0,45,0,0,0,45
12/18/2001,GYY,IN,AGL,CE,Federal Contract Tower,2,6,29,0,37,0,0,39,1,40,2,6,68,1,77,34,2,36,113
12/19/2001,GYY,IN,AGL,CE,Federal Contract Tower,2,7,25,0,34,0,0,17,1,18,2,7,42,1,52,7,0,7,59
12/20/2001,GYY,IN,AGL,CE,Federal Contract Tower,2,10,20,2,34,0,0,57,0,57,2,10,77,2,91,58,0,58,149
12/21/2001,GYY,IN,AGL,CE,Federal Contract Tower,4,2,19,0,25,0,2,43,0,45,4,4,62,0,70,85,0,85,155
12/22/2001,GYY,IN,AGL,CE,Federal Contract Tower,2,2,9,0,13,0,0,18,0,18,2,2,27,0,31,40,0,40,71
12/23/2001,GYY,IN,AGL,CE,Federal Contract Tower,2,0,0,0,2,0,0,4,0,4,2,0,4,0,6,5,0,5,11
12/24/2001,GYY,IN,AGL,CE,Federal Contract Tower,2,0,1,0,3,0,4,2,0,6,2,4,3,0,9,0,0,0,9
12/25/2001,GYY,IN,AGL,CE,Federal Contract Tower,0,2,1,0,3,0,0,0,0,0,0,2,1,0,3,0,0,0,3
12/26/2001,GYY,IN,AGL,CE,Federal Contract Tower,2,0,10,0,12,0,0,22,0,22,2,0,32,0,34,44,0,44,78
12/27/2001,GYY,IN,AGL,CE,Federal Contract Tower,2,0,17,0,19,0,0,30,0,30,2,0,47,0,49,44,0,44,93
12/28/2001,GYY,IN,AGL,CE,Federal Contract Tower,2,4,7,0,13,0,0,15,0,15,2,4,22,0,28,66,0,66,94
12/29/2001,GYY,IN,AGL,CE,Federal Contract Tower,0,2,7,0,9,0,0,42,0,42,0,2,49,0,51,74,0,74,125
12/30/2001,GYY,IN,AGL,CE,Federal Contract Tower,4,0,8,0,12,0,0,13,0,13,4,0,21,0,25,36,0,36,61
12/31/2001,GYY,IN,AGL,CE,Federal Contract Tower,2,0,2,0,4,0,0,24,0,24,2,0,26,0,28,88,0,88,116
01/01/2002,GYY,IN,AGL,CE,Federal Contract Tower,0,0,3,0,3,0,0,27,0,27,0,0,30,0,30,46,0,46,76
01/02/2002,GYY,IN,AGL,CE,Federal Contract Tower,4,0,5,0,9,0,0,34,0,34,4,0,39,0,43,56,0,56,99
01/03/2002,GYY,IN,AGL,CE,Federal Contract Tower,2,8,16,0,26,0,0,40,2,42,2,8,56,2,68,84,8,92,160
01/04/2002,GYY,IN,AGL,CE,Federal Contract Tower,5,0,16,0,21,0,0,45,0,45,5,0,61,0,66,104,0,104,170
01/05/2002,GYY,IN,AGL,CE,Federal Contract Tower,2,4,15,0,21,0,4,28,0,32,2,8,43,0,53,34,0,34,87
01/06/2002,GYY,IN,AGL,CE,Federal Contract Tower,2,0,10,0,12,0,0,10,0,10,2,0,20,0,22,6,0,6,28
01/07/2002,GYY,IN,AGL,CE,Federal Contract Tower,2,0,11,0,13,0,0,22,0,22,2,0,33,0,35,50,0,50,85
01/08/2002,GYY,IN,AGL,CE,Federal Contract Tower,2,2,14,0,18,0,0,33,1,34,2,2,47,1,52,124,3,127,179
01/09/2002,GYY,IN,AGL,CE,Federal Contract Tower,2,2,23,0,27,0,0,27,0,27,2,2,50,0,54,60,0,60,114
01/10/2002,GYY,IN,AGL,CE,Federal Contract Tower,2,0,17,2,21,0,0,44,0,44,2,0,61,2,65,44,0,44,109
01/11/2002,GYY,IN,AGL,CE,Federal Contract Tower,2,2,17,2,23,0,0,27,0,27,2,2,44,2,50,38,0,38,88
01/12/2002,GYY,IN,AGL,CE,Federal Contract Tower,2,3,10,0,15,0,0,37,0,37,2,3,47,0,52,72,0,72,124
01/13/2002,GYY,IN,AGL,CE,Federal Contract Tower,2,2,9,0,13,0,0,36,0,36,2,2,45,0,49,84,0,84,133
01/14/2002,GYY,IN,AGL,CE,Federal Contract Tower,2,0,15,0,17,0,0,13,1,14,2,0,28,1,31,43,3,46,77
01/15/2002,GYY,IN,AGL,CE,Federal Contract Tower,2,2,13,0,17,0,0,17,0,17,2,2,30,0,34,68,0,68,102
01/16/2002,GYY,IN,AGL,CE,Federal Contract Tower,0,6,24,0,30,0,0,19,0,19,0,6,43,0,49,47,0,47,96
01/17/2002,GYY,IN,AGL,CE,Federal Contract Tower,3,0,26,0,29,0,0,25,0,25,3,0,51,0,54,24,0,24,78
01/18/2002,GYY,IN,AGL,CE,Federal Contract Tower,4,2,13,0,19,0,0,23,0,23,4,2,36,0,42,46,0,46,88
01/19/2002,GYY,IN,AGL,CE,Federal Contract Tower,2,4,12,0,18,0,0,48,0,48,2,4,60,0,66,40,0,40,106
01/20/2002,GYY,IN,AGL,CE,Federal Contract Tower,2,0,7,0,9,0,0,35,0,35,2,0,42,0,44,54,0,54,98
01/21/2002,GYY,IN,AGL,CE,Federal Contract Tower,2,0,35,0,37,0,0,22,0,22,2,0,57,0,59,70,0,70,129
01/22/2002,GYY,IN,AGL,CE,Federal Contract Tower,2,2,28,0,32,0,2,41,1,44,2,4,69,1,76,133,3,136,212
01/23/2002,GYY,IN,AGL,CE,Federal Contract Tower,4,2,22,0,28,0,2,2,0,4,4,4,24,0,32,10,0,10,42
01/24/2002,GYY,IN,AGL,CE,Federal Contract Tower,2,0,29,0,31,0,0,25,1,26,2,0,54,1,57,76,4,80,137
01/25/2002,GYY,IN,AGL,CE,Federal Contract Tower,4,0,20,3,27,0,0,45,2,47,4,0,65,5,74,130,0,130,204
01/26/2002,GYY,IN,AGL,CE,Federal Contract Tower,4,0,10,1,15,0,0,59,0,59,4,0,69,1,74,28,0,28,102
01/27/2002,GYY,IN,AGL,CE,Federal Contract Tower,2,0,6,0,8,0,0,33,0,33,2,0,39,0,41,30,0,30,71
01/28/2002,GYY,IN,AGL,CE,Federal Contract Tower,2,2,14,0,18,0,0,49,0,49,2,2,63,0,67,110,0,110,177
01/29/2002,GYY,IN,AGL,CE,Federal Contract Tower,0,2,25,0,27,0,0,11,0,11,0,2,36,0,38,49,0,49,87
01/30/2002,GYY,IN,AGL,CE,Federal Contract Tower,2,0,18,0,20,0,0,0,0,0,2,0,18,0,20,0,0,0,20
01/31/2002,GYY,IN,AGL,CE,Federal Contract Tower,2,0,14,0,16,0,0,0,0,0,2,0,14,0,16,0,0,0,16
02/01/2002,GYY,IN,AGL,CE,Federal Contract Tower,1,4,21,0,26,1,2,12,0,15,2,6,33,0,41,42,0,42,83
02/02/2002,GYY,IN,AGL,CE,Federal Contract Tower,0,0,19,0,19,0,1,34,0,35,0,1,53,0,54,38,0,38,92
02/03/2002,GYY,IN,AGL,CE,Federal Contract Tower,2,1,6,0,9,0,0,49,0,49,2,1,55,0,58,106,0,106,164
02/04/2002,GYY,IN,AGL,CE,Federal Contract Tower,2,0,12,0,14,0,0,23,0,23,2,0,35,0,37,44,0,44,81
02/05/2002,GYY,IN,AGL,CE,Federal Contract Tower,0,4,16,0,20,0,4,20,1,25,0,8,36,1,45,59,3,62,107
02/06/2002,GYY,IN,AGL,CE,Federal Contract Tower,2,0,24,0,26,0,2,40,0,42,2,2,64,0,68,110,0,110,178
02/07/2002,GYY,IN,AGL,CE,Federal Contract Tower,2,7,20,0,29,0,1,18,0,19,2,8,38,0,48,54,0,54,102
02/08/2002,GYY,IN,AGL,CE,Federal Contract Tower,2,0,22,0,24,0,2,35,2,39,2,2,57,2,63,56,2,58,121
02/09/2002,GYY,IN,AGL,CE,Federal Contract Tower,2,0,7,0,9,0,0,44,0,44,2,0,51,0,53,76,0,76,129
02/10/2002,GYY,IN,AGL,CE,Federal Contract Tower,2,0,6,0,8,0,0,2,0,2,2,0,8,0,10,6,0,6,16
02/11/2002,GYY,IN,AGL,CE,Federal Contract Tower,4,2,15,0,21,0,0,15,2,17,4,2,30,2,38,22,2,24,62
02/12/2002,GYY,IN,AGL,CE,Federal Contract Tower,2,2,18,0,22,0,0,32,0,32,2,2,50,0,54,56,0,56,110
02/13/2002,GYY,IN,AGL,CE,Federal Contract Tower,2,2,17,1,22,0,0,21,2,23,2,2,38,3,45,66,1,67,112
02/14/2002,GYY,IN,AGL,CE,Federal Contract Tower,6,2,10,0,18,0,0,28,1,29,6,2,38,1,47,1,65,66,113
02/15/2002,GYY,IN,AGL,CE,Federal Contract Tower,2,4,14,0,20,0,2,16,0,18,2,6,30,0,38,4,0,4,42
02/16/2002,GYY,IN,AGL,CE,Federal Contract Tower,2,2,12,0,16,0,0,22,0,22,2,2,34,0,38,38,0,38,76
02/17/2002,GYY,IN,AGL,CE,Federal Contract Tower,2,0,14,0,16,0,0,45,0,45,2,0,59,0,61,84,0,84,145
02/18/2002,GYY,IN,AGL,CE,Federal Contract Tower,2,4,18,1,25,0,2,30,1,33,2,6,48,2,58,90,0,90,148
02/19/2002,GYY,IN,AGL,CE,Federal Contract Tower,2,6,26,0,34,0,0,8,1,9,2,6,34,1,43,4,3,7,50
02/20/2002,GYY,IN,AGL,CE,Federal Contract Tower,2,4,31,0,37,0,0,3,0,3,2,4,34,0,40,8,0,8,48
02/21/2002,GYY,IN,AGL,CE,Federal Contract Tower,2,2,23,0,27,0,0,1,0,1,2,2,24,0,28,0,0,0,28
02/22/2002,GYY,IN,AGL,CE,Federal Contract Tower,4,0,24,2,30,0,0,51,0,51,4,0,75,2,81,78,0,78,159
02/23/2002,GYY,IN,AGL,CE,Federal Contract Tower,2,0,10,0,12,0,0,44,0,44,2,0,54,0,56,90,0,90,146
02/24/2002,GYY,IN,AGL,CE,Federal Contract Tower,2,0,11,0,13,0,0,27,0,27,2,0,38,0,40,70,0,70,110
02/25/2002,GYY,IN,AGL,CE,Federal Contract Tower,2,2,30,0,34,0,0,5,0,5,2,2,35,0,39,14,0,14,53
02/26/2002,GYY,IN,AGL,CE,Federal Contract Tower,1,0,12,0,13,1,0,0,0,1,2,0,12,0,14,0,0,0,14
02/27/2002,GYY,IN,AGL,CE,Federal Contract Tower,4,0,23,0,27,0,0,22,0,22,4,0,45,0,49,74,0,74,123
02/28/2002,GYY,IN,AGL,CE,Federal Contract Tower,2,4,13,2,21,0,0,29,2,31,2,4,42,4,52,72,12,84,136
03/01/2002,GYY,IN,AGL,CE,Federal Contract Tower,4,0,17,0,21,0,0,28,0,28,4,0,45,0,49,75,0,75,124
03/02/2002,GYY,IN,AGL,CE,Federal Contract Tower,3,2,8,0,13,0,0,3,0,3,3,2,11,0,16,0,0,0,16
03/03/2002,GYY,IN,AGL,CE,Federal Contract Tower,2,0,7,0,9,0,0,0,0,0,2,0,7,0,9,0,0,0,9
03/04/2002,GYY,IN,AGL,CE,Federal Contract Tower,2,2,14,0,18,0,0,16,0,16,2,2,30,0,34,17,0,17,51
03/05/2002,GYY,IN,AGL,CE,Federal Contract Tower,2,0,20,0,22,0,0,27,1,28,2,0,47,1,50,37,3,40,90
03/06/2002,GYY,IN,AGL,CE,Federal Contract Tower,2,1,23,0,26,0,0,35,0,35,2,1,58,0,61,69,0,69,130
03/07/2002,GYY,IN,AGL,CE,Federal Contract Tower,2,4,23,0,29,0,0,20,0,20,2,4,43,0,49,34,0,34,83
03/08/2002,GYY,IN,AGL,CE,Federal Contract Tower,2,2,22,0,26,0,1,15,0,16,2,3,37,0,42,32,0,32,74
03/09/2002,GYY,IN,AGL,CE,Federal Contract Tower,2,6,7,0,15,2,0,4,0,6,4,6,11,0,21,2,0,2,23
03/10/2002,GYY,IN,AGL,CE,Federal Contract Tower,2,1,11,0,14,0,0,34,0,34,2,1,45,0,48,42,0,42,90
03/11/2002,GYY,IN,AGL,CE,Federal Contract Tower,2,0,14,0,16,0,0,37,2,39,2,0,51,2,55,78,2,80,135
03/12/2002,GYY,IN,AGL,CE,Federal Contract Tower,1,2,17,0,20,0,0,37,0,37,1,2,54,0,57,54,0,54,111
03/13/2002,GYY,IN,AGL,CE,Federal Contract Tower,3,7,24,0,34,0,1,20,0,21,3,8,44,0,55,76,0,76,131
03/14/2002,GYY,IN,AGL,CE,Federal Contract Tower,2,2,14,0,18,0,0,28,0,28,2,2,42,0,46,36,0,36,82
03/15/2002,GYY,IN,AGL,CE,Federal Contract Tower,2,3,24,5,34,0,1,25,1,27,2,4,49,6,61,40,8,48,109
03/16/2002,GYY,IN,AGL,CE,Federal Contract Tower,2,2,13,0,17,0,0,57,2,59,2,2,70,2,76,110,2,112,188
03/17/2002,GYY,IN,AGL,CE,Federal Contract Tower,2,0,11,4,17,0,2,20,2,24,2,2,31,6,41,40,0,40,81
03/18/2002,GYY,IN,AGL,CE,Federal Contract Tower,2,1,15,0,18,0,0,29,0,29,2,1,44,0,47,48,0,48,95
03/19/2002,GYY,IN,AGL,CE,Federal Contract Tower,5,2,19,0,26,0,0,29,0,29,5,2,48,0,55,73,0,73,128
03/20/2002,GYY,IN,AGL,CE,Federal Contract Tower,2,4,26,0,32,0,2,42,0,44,2,6,68,0,76,128,0,128,204
03/21/2002,GYY,IN,AGL,CE,Federal Contract Tower,5,4,25,0,34,0,0,30,2,32,5,4,55,2,66,26,0,26,92
03/22/2002,GYY,IN,AGL,CE,Federal Contract Tower,5,0,23,0,28,0,0,25,2,27,5,0,48,2,55,29,1,30,85
03/23/2002,GYY,IN,AGL,CE,Federal Contract Tower,2,0,15,0,17,0,0,40,1,41,2,0,55,1,58,45,1,46,104
03/24/2002,GYY,IN,AGL,CE,Federal Contract Tower,4,2,12,0,18,0,0,26,0,26,4,2,38,0,44,43,0,43,87
03/25/2002,GYY,IN,AGL,CE,Federal Contract Tower,3,5,11,0,19,0,0,5,0,5,3,5,16,0,24,4,0,4,28
03/26/2002,GYY,IN,AGL,CE,Federal Contract Tower,3,2,16,0,21,0,0,26,0,26,3,2,42,0,47,20,0,20,67
03/27/2002,GYY,IN,AGL,CE,Federal Contract Tower,2,6,21,4,33,0,2,48,0,50,2,8,69,4,83,84,0,84,167
03/28/2002,GYY,IN,AGL,CE,Federal Contract Tower,5,4,15,0,24,0,0,37,8,45,5,4,52,8,69,114,2,116,185
03/29/2002,GYY,IN,AGL,CE,Federal Contract Tower,2,2,15,0,19,0,0,8,0,8,2,2,23,0,27,68,0,68,95
03/30/2002,GYY,IN,AGL,CE,Federal Contract Tower,2,0,8,0,10,0,0,54,0,54,2,0,62,0,64,64,0,64,128
03/31/2002,GYY,IN,AGL,CE,Federal Contract Tower,2,0,4,0,6,0,2,16,0,18,2,2,20,0,24,38,0,38,62
04/01/2002,GYY,IN,AGL,CE,Federal Contract Tower,2,0,13,0,15,0,0,23,11,34,2,0,36,11,49,82,18,100,149
04/02/2002,GYY,IN,AGL,CE,Federal Contract Tower,2,2,14,1,19,0,0,5,0,5,2,2,19,1,24,14,0,14,38
04/03/2002,GYY,IN,AGL,CE,Federal Contract Tower,4,5,32,2,43,0,0,24,0,24,4,5,56,2,67,40,0,40,107
04/04/2002,GYY,IN,AGL,CE,Federal Contract Tower,2,10,36,0,48,0,0,29,0,29,2,10,65,0,77,78,0,78,155
04/05/2002,GYY,IN,AGL,CE,Federal Contract Tower,2,7,26,0,35,0,0,65,0,65,2,7,91,0,100,64,0,64,164
04/06/2002,GYY,IN,AGL,CE,Federal Contract Tower,2,0,15,0,17,0,0,88,0,88,2,0,103,0,105,98,0,98,203
04/07/2002,GYY,IN,AGL,CE,Federal Contract Tower,2,0,12,0,14,0,0,24,0,24,2,0,36,0,38,42,0,42,80
04/08/2002,GYY,IN,AGL,CE,Federal Contract Tower,3,4,26,0,33,0,0,3,0,3,3,4,29,0,36,0,0,0,36
04/09/2002,GYY,IN,AGL,CE,Federal Contract Tower,0,6,20,0,26,0,0,22,0,22,0,6,42,0,48,16,0,16,64
04/10/2002,GYY,IN,AGL,CE,Federal Contract Tower,2,4,27,0,33,0,2,45,0,47,2,6,72,0,80,112,0,112,192
04/11/2002,GYY,IN,AGL,CE,Federal Contract Tower,2,10,16,0,28,0,4,58,1,63,2,14,74,1,91,110,2,112,203
04/12/2002,GYY,IN,AGL,CE,Federal Contract Tower,2,0,15,0,17,0,0,20,0,20,2,0,35,0,37,24,0,24,61
04/13/2002,GYY,IN,AGL,CE,Federal Contract Tower,6,2,16,0,24,0,2,53,0,55,6,4,69,0,79,72,0,72,151
04/14/2002,GYY,IN,AGL,CE,Federal Contract Tower,2,0,6,0,8,0,0,44,0,44,2,0,50,0,52,76,0,76,128
04/15/2002,GYY,IN,AGL,CE,Federal Contract Tower,2,0,26,0,28,0,0,28,0,28,2,0,54,0,56,60,0,60,116
04/16/2002,GYY,IN,AGL,CE,Federal Contract Tower,2,5,19,0,26,0,0,35,0,35,2,5,54,0,61,114,0,114,175
04/17/2002,GYY,IN,AGL,CE,Federal Contract Tower,4,3,30,0,37,0,4,33,0,37,4,7,63,0,74,85,0,85,159
04/18/2002,GYY,IN,AGL,CE,Federal Contract Tower,2,0,20,0,22,0,0,26,2,28,2,0,46,2,50,19,0,19,69
04/19/2002,GYY,IN,AGL,CE,Federal Contract Tower,3,10,16,0,29,0,0,53,0,53,3,10,69,0,82,122,0,122,204
04/20/2002,GYY,IN,AGL,CE,Federal Contract Tower,2,2,11,0,15,0,0,51,0,51,2,2,62,0,66,90,0,90,156
04/21/2002,GYY,IN,AGL,CE,Federal Contract Tower,2,0,19,0,21,0,0,17,0,17,2,0,36,0,38,40,0,40,78
04/22/2002,GYY,IN,AGL,CE,Federal Contract Tower,3,2,15,0,20,0,0,15,0,15,3,2,30,0,35,25,0,25,60
04/23/2002,GYY,IN,AGL,CE,Federal Contract Tower,2,5,19,0,26,0,0,49,0,49,2,5,68,0,75,92,0,92,167
04/24/2002,GYY,IN,AGL,CE,Federal Contract Tower,2,4,16,0,22,0,6,28,2,36,2,10,44,2,58,54,0,54,112
04/25/2002,GYY,IN,AGL,CE,Federal Contract Tower,5,5,23,0,33,0,0,16,0,16,5,5,39,0,49,2,0,2,51
04/26/2002,GYY,IN,AGL,CE,Federal Contract Tower,7,1,15,0,23,0,0,89,0,89,7,1,104,0,112,30,0,30,142
04/27/2002,GYY,IN,AGL,CE,Federal Contract Tower,2,0,9,0,11,0,0,24,0,24,2,0,33,0,35,16,0,16,51
04/28/2002,GYY,IN,AGL,CE,Federal Contract Tower,2,0,16,0,18,0,0,31,0,31,2,0,47,0,49,28,0,28,77
04/29/2002,GYY,IN,AGL,CE,Federal Contract Tower,3,15,24,0,42,0,7,46,0,53,3,22,70,0,95,81,0,81,176
04/30/2002,GYY,IN,AGL,CE,Federal Contract Tower,2,7,17,0,26,0,6,58,0,64,2,13,75,0,90,177,0,177,267
05/01/2002,GYY,IN,AGL,CE,Federal Contract Tower,2,2,25,0,29,0,1,45,0,46,2,3,70,0,75,74,0,74,149
05/02/2002,GYY,IN,AGL,CE,Federal Contract Tower,4,10,19,0,33,0,6,38,0,44,4,16,57,0,77,57,0,57,134
05/03/2002,GYY,IN,AGL,CE,Federal Contract Tower,2,5,34,0,41,0,1,60,2,63,2,6,94,2,104,32,0,32,136
05/04/2002,GYY,IN,AGL,CE,Federal Contract Tower,5,0,14,0,19,0,2,140,0,142,5,2,154,0,161,245,0,245,406
05/05/2002,GYY,IN,AGL,CE,Federal Contract Tower,1,3,14,0,18,0,0,81,4,85,1,3,95,4,103,146,2,148,251
05/06/2002,GYY,IN,AGL,CE,Federal Contract Tower,3,7,21,0,31,0,0,31,0,31,3,7,52,0,62,97,0,97,159
05/07/2002,GYY,IN,AGL,CE,Federal Contract Tower,2,18,28,0,48,0,1,33,1,35,2,19,61,1,83,62,1,63,146
05/08/2002,GYY,IN,AGL,CE,Federal Contract Tower,2,10,17,0,29,0,0,13,0,13,2,10,30,0,42,21,0,21,63
05/09/2002,GYY,IN,AGL,CE,Federal Contract Tower,2,9,10,0,21,0,2,21,0,23,2,11,31,0,44,20,0,20,64
05/10/2002,GYY,IN,AGL,CE,Federal Contract Tower,6,9,22,0,37,0,1,104,0,105,6,10,126,0,142,166,0,166,308
05/11/2002,GYY,IN,AGL,CE,Federal Contract Tower,3,6,6,0,15,0,0,23,0,23,3,6,29,0,38,46,0,46,84
05/12/2002,GYY,IN,AGL,CE,Federal Contract Tower,2,0,8,0,10,0,0,0,0,0,2,0,8,0,10,0,0,0,10
05/13/2002,GYY,IN,AGL,CE,Federal Contract Tower,4,12,28,0,44,0,0,14,0,14,4,12,42,0,58,90,0,90,148
05/14/2002,GYY,IN,AGL,CE,Federal Contract Tower,0,16,20,0,36,0,2,115,6,123,0,18,135,6,159,191,6,197,356
05/15/2002,GYY,IN,AGL,CE,Federal Contract Tower,10,35,36,0,81,0,1,96,0,97,10,36,132,0,178,138,0,138,316
05/16/2002,GYY,IN,AGL,CE,Federal Contract Tower,4,35,33,0,72,0,4,29,0,33,4,39,62,0,105,46,0,46,151
05/17/2002,GYY,IN,AGL,CE,Federal Contract Tower,2,17,27,0,46,0,2,54,2,58,2,19,81,2,104,165,0,165,269
05/18/2002,GYY,IN,AGL,CE,Federal Contract Tower,2,10,10,0,22,0,1,89,0,90,2,11,99,0,112,188,0,188,300
05/19/2002,GYY,IN,AGL,CE,Federal Contract Tower,0,0,26,0,26,0,0,55,0,55,0,0,81,0,81,124,0,124,205
05/20/2002,GYY,IN,AGL,CE,Federal Contract Tower,2,14,15,0,31,0,2,63,0,65,2,16,78,0,96,114,0,114,210
05/21/2002,GYY,IN,AGL,CE,Federal Contract Tower,0,17,26,0,43,0,6,82,0,88,0,23,108,0,131,174,0,174,305
05/22/2002,GYY,IN,AGL,CE,Federal Contract Tower,2,15,32,2,51,0,3,92,0,95,2,18,124,2,146,235,0,235,381
05/23/2002,GYY,IN,AGL,CE,Federal Contract Tower,2,18,35,0,55,0,2,61,0,63,2,20,96,0,118,142,0,142,260
05/24/2002,GYY,IN,AGL,CE,Federal Contract Tower,3,19,33,0,55,0,0,42,0,42,3,19,75,0,97,106,0,106,203
05/25/2002,GYY,IN,AGL,CE,Federal Contract Tower,6,5,15,0,26,0,0,17,0,17,6,5,32,0,43,24,0,24,67
05/26/2002,GYY,IN,AGL,CE,Federal Contract Tower,0,0,12,0,12,0,0,55,0,55,0,0,67,0,67,60,0,60,127
05/27/2002,GYY,IN,AGL,CE,Federal Contract Tower,2,0,31,0,33,0,0,66,0,66,2,0,97,0,99,100,0,100,199
05/28/2002,GYY,IN,AGL,CE,Federal Contract Tower,2,11,19,0,32,0,0,34,0,34,2,11,53,0,66,128,0,128,194
05/29/2002,GYY,IN,AGL,CE,Federal Contract Tower,2,9,41,1,53,0,0,41,5,46,2,9,82,6,99,192,0,192,291
05/30/2002,GYY,IN,AGL,CE,Federal Contract Tower,5,11,24,0,40,0,6,73,1,80,5,17,97,1,120,125,0,125,245
05/31/2002,GYY,IN,AGL,CE,Federal Contract Tower,5,9,25,0,39,0,2,92,0,94,5,11,117,0,133,188,0,188,321
06/01/2002,GYY,IN,AGL,CE,Federal Contract Tower,3,7,7,0,17,1,2,69,0,72,4,9,76,0,89,48,0,48,137
06/02/2002,GYY,IN,AGL,CE,Federal Contract Tower,0,1,15,0,16,0,0,57,0,57,0,1,72,0,73,118,0,118,191
06/03/2002,GYY,IN,AGL,CE,Federal Contract Tower,2,3,17,0,22,0,0,34,0,34,2,3,51,0,56,46,0,46,102
06/04/2002,GYY,IN,AGL,CE,Federal Contract Tower,0,15,31,0,46,0,0,19,0,19,0,15,50,0,65,17,0,17,82
06/05/2002,GYY,IN,AGL,CE,Federal Contract Tower,2,14,39,0,55,0,2,3,0,5,2,16,42,0,60,14,0,14,74
06/06/2002,GYY,IN,AGL,CE,Federal Contract Tower,2,27,39,0,68,0,1,31,0,32,2,28,70,0,100,64,0,64,164
06/07/2002,GYY,IN,AGL,CE,Federal Contract Tower,6,21,28,0,55,0,2,98,0,100,6,23,126,0,155,265,0,265,420
06/08/2002,GYY,IN,AGL,CE,Federal Contract Tower,2,5,15,0,22,0,0,85,0,85,2,5,100,0,107,156,0,156,263
06/09/2002,GYY,IN,AGL,CE,Federal Contract Tower,0,2,11,0,13,0,0,63,0,63,0,2,74,0,76,202,0,202,278
06/10/2002,GYY,IN,AGL,CE,Federal Contract Tower,2,6,23,0,31,0,0,44,0,44,2,6,67,0,75,56,0,56,131
06/11/2002,GYY,IN,AGL,CE,Federal Contract Tower,3,15,27,0,45,0,2,20,0,22,3,17,47,0,67,28,0,28,95
06/12/2002,GYY,IN,AGL,CE,Federal Contract Tower,4,15,47,0,66,0,0,6,0,6,4,15,53,0,72,0,0,0,72
06/13/2002,GYY,IN,AGL,CE,Federal Contract Tower,2,10,62,0,74,0,0,11,0,11,2,10,73,0,85,14,0,14,99
06/14/2002,GYY,IN,AGL,CE,Federal Contract Tower,5,13,34,0,52,0,0,68,0,68,5,13,102,0,120,141,0,141,261
06/15/2002,GYY,IN,AGL,CE,Federal Contract Tower,3,3,20,0,26,0,0,76,0,76,3,3,96,0,102,111,0,111,213
06/16/2002,GYY,IN,AGL,CE,Federal Contract Tower,0,2,9,0,11,0,0,90,0,90,0,2,99,0,101,106,0,106,207
06/17/2002,GYY,IN,AGL,CE,Federal Contract Tower,7,6,17,0,30,0,0,59,0,59,7,6,76,0,89,139,0,139,228
06/18/2002,GYY,IN,AGL,CE,Federal Contract Tower,0,15,38,0,53,0,2,89,0,91,0,17,127,0,144,118,0,118,262
06/19/2002,GYY,IN,AGL,CE,Federal Contract Tower,0,17,20,0,37,0,11,64,0,75,0,28,84,0,112,120,0,120,232
06/20/2002,GYY,IN,AGL,CE,Federal Contract Tower,3,12,25,0,40,0,0,46,3,49,3,12,71,3,89,126,0,126,215
06/21/2002,GYY,IN,AGL,CE,Federal Contract Tower,5,14,13,0,32,0,7,44,0,51,5,21,57,0,83,85,0,85,168
06/22/2002,GYY,IN,AGL,CE,Federal Contract Tower,2,3,13,0,18,0,10,53,0,63,2,13,66,0,81,35,0,35,116
06/23/2002,GYY,IN,AGL,CE,Federal Contract Tower,1,2,9,0,12,0,4,27,0,31,1,6,36,0,43,28,0,28,71
06/24/2002,GYY,IN,AGL,CE,Federal Contract Tower,3,6,23,0,32,0,0,39,2,41,3,6,62,2,73,100,0,100,173
06/25/2002,GYY,IN,AGL,CE,Federal Contract Tower,4,14,28,0,46,0,4,32,0,36,4,18,60,0,82,58,0,58,140
06/26/2002,GYY,IN,AGL,CE,Federal Contract Tower,4,1,22,0,27,0,0,34,0,34,4,1,56,0,61,62,0,62,123
06/27/2002,GYY,IN,AGL,CE,Federal Contract Tower,0,6,29,0,35,0,0,55,2,57,0,6,84,2,92,170,0,170,262
06/28/2002,GYY,IN,AGL,CE,Federal Contract Tower,8,12,34,1,55,0,0,71,1,72,8,12,105,2,127,179,0,179,306
06/29/2002,GYY,IN,AGL,CE,Federal Contract Tower,2,0,20,0,22,0,0,65,0,65,2,0,85,0,87,109,0,109,196
06/30/2002,GYY,IN,AGL,CE,Federal Contract Tower,0,0,9,0,9,0,0,42,3,45,0,0,51,3,54,5,75,80,134
07/01/2002,GYY,IN,AGL,CE,Federal Contract Tower,0,0,27,0,27,0,0,28,0,28,0,0,55,0,55,50,0,50,105
07/02/2002,GYY,IN,AGL,CE,Federal Contract Tower,0,0,20,0,20,0,2,53,3,58,0,2,73,3,78,137,0,137,215
07/03/2002,GYY,IN,AGL,CE,Federal Contract Tower,0,0,17,0,17,0,0,63,0,63,0,0,80,0,80,160,0,160,240
07/04/2002,GYY,IN,AGL,CE,Federal Contract Tower,0,0,18,0,18,0,0,61,18,79,0,0,79,18,97,92,18,110,207
07/05/2002,GYY,IN,AGL,CE,Federal Contract Tower,0,1,5,0,6,0,4,68,0,72,0,5,73,0,78,92,0,92,170
07/06/2002,GYY,IN,AGL,CE,Federal Contract Tower,2,3,7,0,12,0,0,45,0,45,2,3,52,0,57,78,0,78,135
07/07/2002,GYY,IN,AGL,CE,Federal Contract Tower,1,0,7,0,8,0,0,62,0,62,1,0,69,0,70,90,0,90,160
07/08/2002,GYY,IN,AGL,CE,Federal Contract Tower,1,2,25,0,28,0,0,46,6,52,1,2,71,6,80,50,0,50,130
07/09/2002,GYY,IN,AGL,CE,Federal Contract Tower,0,5,21,0,26,0,0,27,0,27,0,5,48,0,53,20,0,20,73
07/10/2002,GYY,IN,AGL,CE,Federal Contract Tower,1,5,22,0,28,0,0,31,2,33,1,5,53,2,61,24,0,24,85
07/11/2002,GYY,IN,AGL,CE,Federal Contract Tower,0,4,27,0,31,0,0,89,0,89,0,4,116,0,120,106,0,106,226
07/12/2002,GYY,IN,AGL,CE,Federal Contract Tower,2,1,16,0,19,0,0,57,10,67,2,1,73,10,86,60,0,60,146
07/13/2002,GYY,IN,AGL,CE,Federal Contract Tower,0,4,11,0,15,0,0,66,1,67,0,4,77,1,82,68,0,68,150
07/14/2002,GYY,IN,AGL,CE,Federal Contract Tower,0,1,8,0,9,0,0,87,0,87,0,1,95,0,96,34,0,34,130
07/15/2002,GYY,IN,AGL,CE,Federal Contract Tower,0,2,26,0,28,0,0,44,2,46,0,2,70,2,74,14,0,14,88
07/16/2002,GYY,IN,AGL,CE,Federal Contract Tower,0,5,25,0,30,0,4,51,0,55,0,9,76,0,85,73,0,73,158
07/17/2002,GYY,IN,AGL,CE,Federal Contract Tower,1,4,23,0,28,0,4,66,7,77,1,8,89,7,105,47,3,50,155
07/18/2002,GYY,IN,AGL,CE,Federal Contract Tower,2,3,26,2,33,0,4,46,0,50,2,7,72,2,83,89,2,91,174
07/19/2002,GYY,IN,AGL,CE,Federal Contract Tower,2,6,28,5,41,0,0,103,22,125,2,6,131,27,166,81,22,103,269
07/20/2002,GYY,IN,AGL,CE,Federal Contract Tower,0,2,12,2,16,0,0,237,50,287,0,2,249,52,303,312,89,401,704
07/21/2002,GYY,IN,AGL,CE,Federal Contract Tower,0,4,8,2,14,0,0,136,3,139,0,4,144,5,153,71,4,75,228
07/22/2002,GYY,IN,AGL,CE,Federal Contract Tower,0,3,24,1,28,0,1,43,0,44,0,4,67,1,72,50,0,50,122
07/23/2002,GYY,IN,AGL,CE,Federal Contract Tower,0,2,26,0,28,0,4,61,0,65,0,6,87,0,93,84,0,84,177
07/24/2002,GYY,IN,AGL,CE,Federal Contract Tower,0,2,24,0,26,0,0,58,0,58,0,2,82,0,84,66,0,66,150
07/25/2002,GYY,IN,AGL,CE,Federal Contract Tower,2,16,17,0,35,0,3,69,0,72,2,19,86,0,107,30,0,30,137
07/26/2002,GYY,IN,AGL,CE,Federal Contract Tower,2,6,15,0,23,0,0,52,6,58,2,6,67,6,81,240,0,240,321
07/27/2002,GYY,IN,AGL,CE,Federal Contract Tower,0,0,7,0,7,0,0,23,0,23,0,0,30,0,30,10,0,10,40
07/28/2002,GYY,IN,AGL,CE,Federal Contract Tower,0,2,10,2,14,0,0,20,0,20,0,2,30,2,34,10,0,10,44
07/29/2002,GYY,IN,AGL,CE,Federal Contract Tower,0,0,20,0,20,0,0,51,2,53,0,0,71,2,73,320,0,320,393
07/30/2002,GYY,IN,AGL,CE,Federal Contract Tower,0,4,20,0,24,0,2,80,0,82,0,6,100,0,106,257,0,257,363
07/31/2002,GYY,IN,AGL,CE,Federal Contract Tower,0,2,29,0,31,0,0,46,0,46,0,2,75,0,77,36,0,36,113
08/01/2002,GYY,IN,AGL,CE,Federal Contract Tower,0,0,21,0,21,0,0,48,1,49,0,0,69,1,70,56,2,58,128
08/02/2002,GYY,IN,AGL,CE,Federal Contract Tower,0,6,18,0,24,0,0,49,0,49,0,6,67,0,73,101,0,101,174
08/03/2002,GYY,IN,AGL,CE,Federal Contract Tower,1,0,9,2,12,0,0,47,0,47,1,0,56,2,59,46,2,48,107
08/04/2002,GYY,IN,AGL,CE,Federal Contract Tower,0,1,6,0,7,0,0,36,0,36,0,1,42,0,43,34,0,34,77
08/05/2002,GYY,IN,AGL,CE,Federal Contract Tower,0,0,13,0,13,0,2,46,0,48,0,2,59,0,61,84,0,84,145
08/06/2002,GYY,IN,AGL,CE,Federal Contract Tower,0,0,9,0,9,0,0,42,2,44,0,0,51,2,53,100,2,102,155
08/07/2002,GYY,IN,AGL,CE,Federal Contract Tower,1,1,32,0,34,0,2,66,4,72,1,3,98,4,106,84,4,88,194
08/08/2002,GYY,IN,AGL,CE,Federal Contract Tower,2,0,27,0,29,0,3,55,0,58,2,3,82,0,87,52,0,52,139
08/09/2002,GYY,IN,AGL,CE,Federal Contract Tower,1,0,12,0,13,0,4,57,2,63,1,4,69,2,76,80,0,80,156
08/10/2002,GYY,IN,AGL,CE,Federal Contract Tower,0,3,9,4,16,0,0,43,2,45,0,3,52,6,61,46,8,54,115
08/11/2002,GYY,IN,AGL,CE,Federal Contract Tower,0,0,14,4,18,0,0,46,0,46,0,0,60,4,64,32,0,32,96
08/12/2002,GYY,IN,AGL,CE,Federal Contract Tower,1,2,21,0,24,0,0,43,0,43,1,2,64,0,67,26,0,26,93
08/13/2002,GYY,IN,AGL,CE,Federal Contract Tower,1,6,21,0,28,0,1,48,0,49,1,7,69,0,77,41,0,41,118
08/14/2002,GYY,IN,AGL,CE,Federal Contract Tower,0,4,26,10,40,0,0,61,2,63,0,4,87,12,103,40,6,46,149
08/15/2002,GYY,IN,AGL,CE,Federal Contract Tower,1,6,13,9,29,0,0,174,111,285,1,6,187,120,314,184,179,363,677
08/16/2002,GYY,IN,AGL,CE,Federal Contract Tower,0,2,19,7,28,0,2,174,77,253,0,4,193,84,281,401,102,503,784
08/17/2002,GYY,IN,AGL,CE,Federal Contract Tower,0,4,13,0,17,0,2,138,61,201,0,6,151,61,218,166,120,286,504
08/18/2002,GYY,IN,AGL,CE,Federal Contract Tower,0,0,13,9,22,0,0,159,67,226,0,0,172,76,248,216,128,344,592
08/19/2002,GYY,IN,AGL,CE,Federal Contract Tower,0,0,14,11,25,0,0,30,1,31,0,0,44,12,56,22,2,24,80
08/20/2002,GYY,IN,AGL,CE,Federal Contract Tower,2,8,19,2,31,0,0,52,4,56,2,8,71,6,87,76,42,118,205
08/21/2002,GYY,IN,AGL,CE,Federal Contract Tower,0,6,23,3,32,0,6,48,4,58,0,12,71,7,90,83,8,91,181
08/22/2002,GYY,IN,AGL,CE,Federal Contract Tower,0,2,23,0,25,0,2,30,0,32,0,4,53,0,57,20,0,20,77
08/23/2002,GYY,IN,AGL,CE,Federal Contract Tower,2,4,32,0,38,0,0,9,0,9,2,4,41,0,47,8,0,8,55
08/24/2002,GYY,IN,AGL,CE,Federal Contract Tower,0,2,16,0,18,0,0,26,0,26,0,2,42,0,44,64,0,64,108
08/25/2002,GYY,IN,AGL,CE,Federal Contract Tower,2,0,11,0,13,0,0,42,0,42,2,0,53,0,55,36,0,36,91
08/26/2002,GYY,IN,AGL,CE,Federal Contract Tower,0,0,20,0,20,0,0,51,0,51,0,0,71,0,71,54,0,54,125
08/27/2002,GYY,IN,AGL,CE,Federal Contract Tower,0,2,30,0,32,0,4,42,2,48,0,6,72,2,80,63,5,68,148
08/28/2002,GYY,IN,AGL,CE,Federal Contract Tower,2,2,33,0,37,0,0,55,0,55,2,2,88,0,92,141,0,141,233
08/29/2002,GYY,IN,AGL,CE,Federal Contract Tower,0,5,22,0,27,0,1,88,2,91,0,6,110,2,118,144,0,144,262
08/30/2002,GYY,IN,AGL,CE,Federal Contract Tower,0,0,16,0,16,0,2,54,0,56,0,2,70,0,72,140,20,160,232
08/31/2002,GYY,IN,AGL,CE,Federal Contract Tower,0,0,14,0,14,0,1,62,1,64,0,1,76,1,78,67,0,67,145
09/01/2002,GYY,IN,AGL,CE,Federal Contract Tower,0,0,13,0,13,0,0,39,0,39,0,0,52,0,52,77,0,77,129
09/02/2002,GYY,IN,AGL,CE,Federal Contract Tower,0,0,12,0,12,0,0,22,0,22,0,0,34,0,34,14,0,14,48
09/03/2002,GYY,IN,AGL,CE,Federal Contract Tower,0,5,15,0,20,0,1,44,0,45,0,6,59,0,65,98,0,98,163
09/04/2002,GYY,IN,AGL,CE,Federal Contract Tower,0,2,24,0,26,0,0,67,0,67,0,2,91,0,93,94,0,94,187
09/05/2002,GYY,IN,AGL,CE,Federal Contract Tower,2,2,23,0,27,0,0,67,0,67,2,2,90,0,94,60,0,60,154
09/06/2002,GYY,IN,AGL,CE,Federal Contract Tower,0,1,14,0,15,0,0,68,0,68,0,1,82,0,83,42,0,42,125
09/07/2002,GYY,IN,AGL,CE,Federal Contract Tower,0,2,8,0,10,0,0,55,0,55,0,2,63,0,65,36,0,36,101
09/08/2002,GYY,IN,AGL,CE,Federal Contract Tower,2,2,14,0,18,0,0,47,0,47,2,2,61,0,65,64,0,64,129
09/09/2002,GYY,IN,AGL,CE,Federal Contract Tower,0,5,31,0,36,0,0,53,2,55,0,5,84,2,91,120,0,120,211
09/10/2002,GYY,IN,AGL,CE,Federal Contract Tower,4,0,17,0,21,0,0,43,2,45,4,0,60,2,66,72,2,74,140
09/11/2002,GYY,IN,AGL,CE,Federal Contract Tower,2,0,24,0,26,0,0,27,0,27,2,0,51,0,53,64,0,64,117
09/12/2002,GYY,IN,AGL,CE,Federal Contract Tower,4,3,29,0,36,0,4,53,0,57,4,7,82,0,93,143,0,143,236
09/13/2002,GYY,IN,AGL,CE,Federal Contract Tower,3,0,19,0,22,0,4,79,2,85,3,4,98,2,107,153,2,155,262
09/14/2002,GYY,IN,AGL,CE,Federal Contract Tower,0,3,8,0,11,0,0,55,0,55,0,3,63,0,66,54,0,54,120
09/15/2002,GYY,IN,AGL,CE,Federal Contract Tower,0,1,12,0,13,0,0,51,0,51,0,1,63,0,64,66,0,66,130
09/16/2002,GYY,IN,AGL,CE,Federal Contract Tower,3,1,24,1,29,0,1,57,3,61,3,2,81,4,90,88,24,112,202
09/17/2002,GYY,IN,AGL,CE,Federal Contract Tower,0,0,27,0,27,0,0,98,2,100,0,0,125,2,127,212,0,212,339
09/18/2002,GYY,IN,AGL,CE,Federal Contract Tower,0,3,28,0,31,0,0,44,0,44,0,3,72,0,75,91,0,91,166
09/19/2002,GYY,IN,AGL,CE,Federal Contract Tower,0,3,13,0,16,0,0,40,0,40,0,3,53,0,56,68,0,68,124
09/20/2002,GYY,IN,AGL,CE,Federal Contract Tower,2,3,13,0,18,0,3,31,0,34,2,6,44,0,52,17,0,17,69
09/21/2002,GYY,IN,AGL,CE,Federal Contract Tower,0,0,9,1,10,0,0,54,3,57,0,0,63,4,67,52,0,52,119
09/22/2002,GYY,IN,AGL,CE,Federal Contract Tower,0,0,11,0,11,0,0,45,0,45,0,0,56,0,56,50,0,50,106
09/23/2002,GYY,IN,AGL,CE,Federal Contract Tower,0,0,17,0,17,0,5,58,0,63,0,5,75,0,80,148,0,148,228
09/24/2002,GYY,IN,AGL,CE,Federal Contract Tower,0,0,20,0,20,0,2,65,0,67,0,2,85,0,87,106,0,106,193
09/25/2002,GYY,IN,AGL,CE,Federal Contract Tower,0,1,17,0,18,0,1,75,1,77,0,2,92,1,95,116,2,118,213
09/26/2002,GYY,IN,AGL,CE,Federal Contract Tower,3,0,16,0,19,0,0,62,0,62,3,0,78,0,81,122,0,122,203
09/27/2002,GYY,IN,AGL,CE,Federal Contract Tower,4,4,29,2,39,0,0,38,0,38,4,4,67,2,77,74,0,74,151
09/28/2002,GYY,IN,AGL,CE,Federal Contract Tower,1,0,14,0,15,0,0,55,4,59,1,0,69,4,74,40,0,40,114
09/29/2002,GYY,IN,AGL,CE,Federal Contract Tower,2,1,18,3,24,0,0,37,0,37,2,1,55,3,61,58,0,58,119
09/30/2002,GYY,IN,AGL,CE,Federal Contract Tower,0,3,14,0,17,0,0,58,0,58,0,3,72,0,75,35,0,35,110
10/01/2002,GYY,IN,AGL,CE,Federal Contract Tower,1,0,24,0,25,1,0,52,0,53,2,0,76,0,78,108,0,108,186
10/02/2002,GYY,IN,AGL,CE,Federal Contract Tower,2,6,26,0,34,0,0,23,0,23,2,6,49,0,57,44,0,44,101
10/03/2002,GYY,IN,AGL,CE,Federal Contract Tower,1,10,30,0,41,0,2,5,0,7,1,12,35,0,48,9,0,9,57
10/04/2002,GYY,IN,AGL,CE,Federal Contract Tower,2,2,18,0,22,0,2,29,0,31,2,4,47,0,53,0,0,0,53
10/05/2002,GYY,IN,AGL,CE,Federal Contract Tower,2,0,7,0,9,0,0,64,0,64,2,0,71,0,73,62,0,62,135
10/06/2002,GYY,IN,AGL,CE,Federal Contract Tower,0,2,17,0,19,0,1,35,0,36,0,3,52,0,55,54,0,54,109
10/07/2002,GYY,IN,AGL,CE,Federal Contract Tower,0,5,14,0,19,0,4,55,1,60,0,9,69,1,79,76,2,78,157
10/08/2002,GYY,IN,AGL,CE,Federal Contract Tower,1,0,23,0,24,0,0,56,2,58,1,0,79,2,82,120,18,138,220
10/09/2002,GYY,IN,AGL,CE,Federal Contract Tower,1,0,32,0,33,0,0,45,0,45,1,0,77,0,78,54,0,54,132
10/10/2002,GYY,IN,AGL,CE,Federal Contract Tower,0,5,23,0,28,0,0,62,0,62,0,5,85,0,90,152,0,152,242
10/11/2002,GYY,IN,AGL,CE,Federal Contract Tower,2,1,25,0,28,0,0,64,0,64,2,1,89,0,92,148,0,148,240
10/12/2002,GYY,IN,AGL,CE,Federal Contract Tower,0,0,13,0,13,0,0,28,0,28,0,0,41,0,41,0,0,0,41
10/13/2002,GYY,IN,AGL,CE,Federal Contract Tower,1,0,8,0,9,0,0,50,2,52,1,0,58,2,61,72,0,72,133
10/14/2002,GYY,IN,AGL,CE,Federal Contract Tower,0,2,16,1,19,0,0,57,0,57,0,2,73,1,76,92,0,92,168
10/15/2002,GYY,IN,AGL,CE,Federal Contract Tower,0,6,12,1,19,0,0,48,5,53,0,6,60,6,72,127,10,137,209
10/16/2002,GYY,IN,AGL,CE,Federal Contract Tower,0,4,39,1,44,0,0,64,3,67,0,4,103,4,111,105,7,112,223
10/17/2002,GYY,IN,AGL,CE,Federal Contract Tower,4,5,20,1,30,0,2,26,1,29,4,7,46,2,59,51,2,53,112
10/18/2002,GYY,IN,AGL,CE,Federal Contract Tower,1,1,21,0,23,3,0,28,0,31,4,1,49,0,54,60,0,60,114
10/19/2002,GYY,IN,AGL,CE,Federal Contract Tower,0,0,7,0,7,0,0,43,0,43,0,0,50,0,50,62,0,62,112
10/20/2002,GYY,IN,AGL,CE,Federal Contract Tower,0,0,14,0,14,0,0,48,0,48,0,0,62,0,62,62,0,62,124
10/21/2002,GYY,IN,AGL,CE,Federal Contract Tower,2,2,25,0,29,0,4,55,0,59,2,6,80,0,88,70,0,70,158
10/22/2002,GYY,IN,AGL,CE,Federal Contract Tower,0,5,16,0,21,0,0,46,0,46,0,5,62,0,67,62,0,62,129
10/23/2002,GYY,IN,AGL,CE,Federal Contract Tower,1,2,24,0,27,0,0,28,0,28,1,2,52,0,55,16,0,16,71
10/24/2002,GYY,IN,AGL,CE,Federal Contract Tower,2,0,30,6,38,0,0,23,2,25,2,0,53,8,63,30,0,30,93
10/25/2002,GYY,IN,AGL,CE,Federal Contract Tower,1,4,22,2,29,0,4,14,0,18,1,8,36,2,47,34,0,34,81
10/26/2002,GYY,IN,AGL,CE,Federal Contract Tower,0,0,7,0,7,0,0,18,0,18,0,0,25,0,25,0,0,0,25
10/27/2002,GYY,IN,AGL,CE,Federal Contract Tower,0,0,15,0,15,0,0,54,0,54,0,0,69,0,69,88,0,88,157
10/28/2002,GYY,IN,AGL,CE,Federal Contract Tower,2,2,33,2,39,0,4,33,4,41,2,6,66,6,80,63,0,63,143
10/29/2002,GYY,IN,AGL,CE,Federal Contract Tower,2,0,20,2,24,0,0,20,0,20,2,0,40,2,44,40,0,40,84
10/30/2002,GYY,IN,AGL,CE,Federal Contract Tower,0,5,27,0,32,0,0,32,0,32,0,5,59,0,64,68,0,68,132
10/31/2002,GYY,IN,AGL,CE,Federal Contract Tower,2,4,22,0,28,2,0,38,2,42,4,4,60,2,70,70,0,70,140
11/01/2002,GYY,IN,AGL,CE,Federal Contract Tower,0,0,23,0,23,0,0,57,0,57,0,0,80,0,80,124,0,124,204
11/02/2002,GYY,IN,AGL,CE,Federal Contract Tower,0,0,13,1,14,0,0,60,2,62,0,0,73,3,76,91,0,91,167
11/03/2002,GYY,IN,AGL,CE,Federal Contract Tower,0,0,17,0,17,0,0,45,0,45,0,0,62,0,62,50,0,50,112
11/04/2002,GYY,IN,AGL,CE,Federal Contract Tower,0,2,23,0,25,0,0,30,0,30,0,2,53,0,55,64,0,64,119
11/05/2002,GYY,IN,AGL,CE,Federal Contract Tower,0,2,19,0,21,0,4,16,0,20,0,6,35,0,41,14,0,14,55
11/06/2002,GYY,IN,AGL,CE,Federal Contract Tower,0,0,23,0,23,0,0,25,0,25,0,0,48,0,48,40,0,40,88
11/07/2002,GYY,IN,AGL,CE,Federal Contract Tower,0,0,25,0,25,0,4,49,0,53,0,4,74,0,78,182,0,182,260
11/08/2002,GYY,IN,AGL,CE,Federal Contract Tower,3,2,25,0,30,0,4,43,2,49,3,6,68,2,79,74,6,80,159
11/09/2002,GYY,IN,AGL,CE,Federal Contract Tower,1,0,6,0,7,0,0,30,0,30,1,0,36,0,37,0,0,0,37
11/10/2002,GYY,IN,AGL,CE,Federal Contract Tower,0,0,7,0,7,0,0,28,0,28,0,0,35,0,35,30,0,30,65
11/11/2002,GYY,IN,AGL,CE,Federal Contract Tower,0,0,16,0,16,0,2,25,0,27,0,2,41,0,43,46,0,46,89
11/12/2002,GYY,IN,AGL,CE,Federal Contract Tower,0,0,25,0,25,0,0,35,12,47,0,0,60,12,72,63,0,63,135
11/13/2002,GYY,IN,AGL,CE,Federal Contract Tower,0,0,23,0,23,0,0,56,2,58,0,0,79,2,81,106,0,106,187
11/14/2002,GYY,IN,AGL,CE,Federal Contract Tower,0,0,12,0,12,0,0,20,0,20,0,0,32,0,32,48,0,48,80
11/15/2002,GYY,IN,AGL,CE,Federal Contract Tower,1,0,15,0,16,0,2,14,0,16,1,2,29,0,32,16,0,16,48
11/16/2002,GYY,IN,AGL,CE,Federal Contract Tower,0,0,11,0,11,0,0,55,0,55,0,0,66,0,66,116,0,116,182
11/17/2002,GYY,IN,AGL,CE,Federal Contract Tower,1,0,13,0,14,0,0,62,0,62,1,0,75,0,76,94,0,94,170
11/18/2002,GYY,IN,AGL,CE,Federal Contract Tower,4,2,16,0,22,0,0,34,0,34,4,2,50,0,56,51,0,51,107
11/19/2002,GYY,IN,AGL,CE,Federal Contract Tower,1,3,15,0,19,0,0,45,0,45,1,3,60,0,64,70,0,70,134
11/20/2002,GYY,IN,AGL,CE,Federal Contract Tower,0,2,22,0,24,0,0,61,0,61,0,2,83,0,85,80,0,80,165
11/21/2002,GYY,IN,AGL,CE,Federal Contract Tower,0,4,31,0,35,0,0,10,0,10,0,4,41,0,45,2,0,2,47
11/22/2002,GYY,IN,AGL,CE,Federal Contract Tower,0,4,18,0,22,0,0,18,0,18,0,4,36,0,40,16,0,16,56
11/23/2002,GYY,IN,AGL,CE,Federal Contract Tower,0,2,11,0,13,0,0,70,0,70,0,2,81,0,83,108,0,108,191
11/24/2002,GYY,IN,AGL,CE,Federal Contract Tower,0,4,7,0,11,0,0,46,0,46,0,4,53,0,57,44,0,44,101
11/25/2002,GYY,IN,AGL,CE,Federal Contract Tower,0,2,11,0,13,0,2,27,0,29,0,4,38,0,42,50,0,50,92
11/26/2002,GYY,IN,AGL,CE,Federal Contract Tower,0,2,20,0,22,0,0,10,0,10,0,2,30,0,32,6,0,6,38
11/27/2002,GYY,IN,AGL,CE,Federal Contract Tower,4,3,23,0,30,0,2,45,0,47,4,5,68,0,77,38,0,38,115
11/28/2002,GYY,IN,AGL,CE,Federal Contract Tower,0,0,7,0,7,0,0,18,0,18,0,0,25,0,25,2,0,2,27
11/29/2002,GYY,IN,AGL,CE,Federal Contract Tower,0,0,3,0,3,0,0,30,0,30,0,0,33,0,33,44,0,44,77
11/30/2002,GYY,IN,AGL,CE,Federal Contract Tower,0,0,4,0,4,0,0,18,0,18,0,0,22,0,22,26,0,26,48
12/01/2002,GYY,IN,AGL,CE,Federal Contract Tower,0,0,13,0,13,0,0,26,0,26,0,0,39,0,39,49,0,49,88
12/02/2002,GYY,IN,AGL,CE,Federal Contract Tower,0,6,24,0,30,0,0,19,0,19,0,6,43,0,49,10,0,10,59
12/03/2002,GYY,IN,AGL,CE,Federal Contract Tower,2,2,27,0,31,0,6,27,0,33,2,8,54,0,64,55,0,55,119
12/04/2002,GYY,IN,AGL,CE,Federal Contract Tower,0,10,30,0,40,0,0,43,0,43,0,10,73,0,83,169,0,169,252
12/05/2002,GYY,IN,AGL,CE,Federal Contract Tower,1,5,20,0,26,0,0,39,2,41,1,5,59,2,67,156,0,156,223
12/06/2002,GYY,IN,AGL,CE,Federal Contract Tower,1,0,26,0,27,0,2,54,0,56,1,2,80,0,83,126,0,126,209
12/07/2002,GYY,IN,AGL,CE,Federal Contract Tower,0,0,10,0,10,0,2,48,0,50,0,2,58,0,60,62,0,62,122
12/08/2002,GYY,IN,AGL,CE,Federal Contract Tower,0,0,12,0,12,0,0,58,0,58,0,0,70,0,70,72,0,72,142
12/09/2002,GYY,IN,AGL,CE,Federal Contract Tower,0,2,25,0,27,0,0,37,0,37,0,2,62,0,64,68,0,68,132
12/10/2002,GYY,IN,AGL,CE,Federal Contract Tower,0,7,23,0,30,0,0,45,0,45,0,7,68,0,75,73,0,73,148
12/11/2002,GYY,IN,AGL,CE,Federal Contract Tower,2,0,21,0,23,0,0,48,0,48,2,0,69,0,71,138,0,138,209
12/12/2002,GYY,IN,AGL,CE,Federal Contract Tower,0,2,30,0,32,0,0,18,0,18,0,2,48,0,50,45,0,45,95
12/13/2002,GYY,IN,AGL,CE,Federal Contract Tower,0,2,18,0,20,0,0,15,0,15,0,2,33,0,35,56,0,56,91
12/14/2002,GYY,IN,AGL,CE,Federal Contract Tower,0,3,13,0,16,0,0,30,0,30,0,3,43,0,46,18,0,18,64
12/15/2002,GYY,IN,AGL,CE,Federal Contract Tower,0,0,8,0,8,0,4,58,0,62,0,4,66,0,70,122,0,122,192
12/16/2002,GYY,IN,AGL,CE,Federal Contract Tower,2,0,28,0,30,0,2,24,0,26,2,2,52,0,56,76,0,76,132
12/17/2002,GYY,IN,AGL,CE,Federal Contract Tower,0,2,30,0,32,0,2,47,2,51,0,4,77,2,83,160,0,160,243
12/18/2002,GYY,IN,AGL,CE,Federal Contract Tower,0,2,21,0,23,0,0,13,0,13,0,2,34,0,36,0,0,0,36
12/19/2002,GYY,IN,AGL,CE,Federal Contract Tower,2,0,20,2,24,0,2,34,0,36,2,2,54,2,60,134,0,134,194
12/20/2002,GYY,IN,AGL,CE,Federal Contract Tower,0,2,30,0,32,0,0,29,0,29,0,2,59,0,61,50,0,50,111
12/21/2002,GYY,IN,AGL,CE,Federal Contract Tower,0,1,12,0,13,0,0,33,0,33,0,1,45,0,46,68,0,68,114
12/22/2002,GYY,IN,AGL,CE,Federal Contract Tower,0,0,8,0,8,0,0,37,0,37,0,0,45,0,45,50,0,50,95
12/23/2002,GYY,IN,AGL,CE,Federal Contract Tower,0,0,14,0,14,0,0,30,0,30,0,0,44,0,44,72,0,72,116
12/24/2002,GYY,IN,AGL,CE,Federal Contract Tower,0,1,4,0,5,0,0,49,0,49,0,1,53,0,54,40,0,40,94
12/25/2002,GYY,IN,AGL,CE,Federal Contract Tower,0,0,0,0,0,0,0,0,0,0,0,0,0,0,0,0,0,0,0
12/26/2002,GYY,IN,AGL,CE,Federal Contract Tower,0,0,17,0,17,0,10,54,1,65,0,10,71,1,82,181,3,184,266
12/27/2002,GYY,IN,AGL,CE,Federal Contract Tower,0,0,11,0,11,0,0,39,4,43,0,0,50,4,54,88,0,88,142
12/28/2002,GYY,IN,AGL,CE,Federal Contract Tower,1,0,12,0,13,0,0,19,0,19,1,0,31,0,32,60,0,60,92
12/29/2002,GYY,IN,AGL,CE,Federal Contract Tower,0,0,9,0,9,0,0,35,0,35,0,0,44,0,44,46,0,46,90
12/30/2002,GYY,IN,AGL,CE,Federal Contract Tower,0,0,14,2,16,0,4,15,0,19,0,4,29,2,35,11,0,11,46
12/31/2002,GYY,IN,AGL,CE,Federal Contract Tower,0,0,10,0,10,0,4,36,0,40,0,4,46,0,50,76,0,76,126
01/01/2003,GYY,IN,AGL,CE,Federal Contract Tower,0,0,5,0,5,0,0,16,0,16,0,0,21,0,21,14,0,14,35
01/02/2003,GYY,IN,AGL,CE,Federal Contract Tower,1,2,6,0,9,0,4,9,0,13,1,6,15,0,22,20,0,20,42
01/03/2003,GYY,IN,AGL,CE,Federal Contract Tower,2,4,20,0,26,0,2,29,0,31,2,6,49,0,57,78,0,78,135
01/04/2003,GYY,IN,AGL,CE,Federal Contract Tower,0,0,10,0,10,0,10,54,4,68,0,10,64,4,78,62,0,62,140
01/05/2003,GYY,IN,AGL,CE,Federal Contract Tower,0,0,7,0,7,0,0,0,0,0,0,0,7,0,7,0,0,0,7
01/06/2003,GYY,IN,AGL,CE,Federal Contract Tower,0,0,17,0,17,0,0,22,2,24,0,0,39,2,41,28,2,30,71
01/07/2003,GYY,IN,AGL,CE,Federal Contract Tower,2,0,19,0,21,0,6,36,0,42,2,6,55,0,63,68,0,68,131
01/08/2003,GYY,IN,AGL,CE,Federal Contract Tower,0,0,19,1,20,0,0,43,12,55,0,0,62,13,75,38,8,46,121
01/09/2003,GYY,IN,AGL,CE,Federal Contract Tower,0,2,18,1,21,0,0,39,1,40,0,2,57,2,61,96,1,97,158
01/10/2003,GYY,IN,AGL,CE,Federal Contract Tower,1,3,29,2,35,0,0,13,0,13,1,3,42,2,48,42,0,42,90
01/11/2003,GYY,IN,AGL,CE,Federal Contract Tower,1,0,9,0,10,0,0,26,0,26,1,0,35,0,36,22,0,22,58
01/12/2003,GYY,IN,AGL,CE,Federal Contract Tower,0,0,10,0,10,0,0,38,0,38,0,0,48,0,48,48,0,48,96
01/13/2003,GYY,IN,AGL,CE,Federal Contract Tower,0,2,11,0,13,0,8,34,0,42,0,10,45,0,55,51,0,51,106
01/14/2003,GYY,IN,AGL,CE,Federal Contract Tower,2,0,29,0,31,0,0,41,0,41,2,0,70,0,72,143,0,143,215
01/15/2003,GYY,IN,AGL,CE,Federal Contract Tower,0,2,26,0,28,0,0,28,2,30,0,2,54,2,58,97,38,135,193
01/16/2003,GYY,IN,AGL,CE,Federal Contract Tower,0,1,14,1,16,0,4,45,2,51,0,5,59,3,67,70,16,86,153
01/17/2003,GYY,IN,AGL,CE,Federal Contract Tower,0,3,29,1,33,0,2,26,0,28,0,5,55,1,61,98,0,98,159
01/18/2003,GYY,IN,AGL,CE,Federal Contract Tower,0,0,13,0,13,0,0,0,0,0,0,0,13,0,13,20,0,20,33
01/19/2003,GYY,IN,AGL,CE,Federal Contract Tower,0,0,8,0,8,0,0,10,0,10,0,0,18,0,18,26,0,26,44
01/20/2003,GYY,IN,AGL,CE,Federal Contract Tower,1,0,21,0,22,0,6,29,0,35,1,6,50,0,57,67,0,67,124
01/21/2003,GYY,IN,AGL,CE,Federal Contract Tower,0,4,26,0,30,0,0,44,4,48,0,4,70,4,78,80,0,80,158
01/22/2003,GYY,IN,AGL,CE,Federal Contract Tower,0,2,25,0,27,0,2,34,2,38,0,4,59,2,65,49,0,49,114
01/23/2003,GYY,IN,AGL,CE,Federal Contract Tower,1,2,17,0,20,0,0,37,0,37,1,2,54,0,57,59,0,59,116
01/24/2003,GYY,IN,AGL,CE,Federal Contract Tower,2,2,10,0,14,0,6,34,0,40,2,8,44,0,54,107,0,107,161
01/25/2003,GYY,IN,AGL,CE,Federal Contract Tower,0,0,11,0,11,0,0,25,0,25,0,0,36,0,36,46,0,46,82
01/26/2003,GYY,IN,AGL,CE,Federal Contract Tower,0,2,14,0,16,0,0,21,0,21,0,2,35,0,37,50,0,50,87
01/27/2003,GYY,IN,AGL,CE,Federal Contract Tower,0,2,17,0,19,0,0,31,3,34,0,2,48,3,53,60,3,63,116
01/28/2003,GYY,IN,AGL,CE,Federal Contract Tower,7,4,24,0,35,0,2,14,0,16,7,6,38,0,51,26,0,26,77
01/29/2003,GYY,IN,AGL,CE,Federal Contract Tower,1,3,27,0,31,0,1,23,0,24,1,4,50,0,55,66,0,66,121
01/30/2003,GYY,IN,AGL,CE,Federal Contract Tower,2,2,23,0,27,0,6,33,0,39,2,8,56,0,66,48,0,48,114
01/31/2003,GYY,IN,AGL,CE,Federal Contract Tower,0,0,28,0,28,0,0,2,0,2,0,0,30,0,30,2,0,2,32
02/01/2003,GYY,IN,AGL,CE,Federal Contract Tower,0,2,12,0,14,0,1,31,0,32,0,3,43,0,46,66,0,66,112
02/02/2003,GYY,IN,AGL,CE,Federal Contract Tower,1,0,10,0,11,0,0,1,0,1,1,0,11,0,12,0,0,0,12
02/03/2003,GYY,IN,AGL,CE,Federal Contract Tower,1,8,14,0,23,0,0,3,0,3,1,8,17,0,26,0,0,0,26
02/04/2003,GYY,IN,AGL,CE,Federal Contract Tower,2,0,21,0,23,0,0,13,0,13,2,0,34,0,36,26,0,26,62
02/05/2003,GYY,IN,AGL,CE,Federal Contract Tower,2,4,24,0,30,0,2,47,4,53,2,6,71,4,83,62,4,66,149
02/06/2003,GYY,IN,AGL,CE,Federal Contract Tower,0,0,18,2,20,0,0,44,2,46,0,0,62,4,66,132,4,136,202
02/07/2003,GYY,IN,AGL,CE,Federal Contract Tower,2,2,30,0,34,0,4,38,2,44,2,6,68,2,78,136,0,136,214
02/08/2003,GYY,IN,AGL,CE,Federal Contract Tower,1,0,12,1,14,0,0,24,0,24,1,0,36,1,38,60,0,60,98
02/09/2003,GYY,IN,AGL,CE,Federal Contract Tower,0,0,7,1,8,0,0,36,0,36,0,0,43,1,44,92,0,92,136
02/10/2003,GYY,IN,AGL,CE,Federal Contract Tower,0,0,22,0,22,0,10,20,0,30,0,10,42,0,52,37,0,37,89
02/11/2003,GYY,IN,AGL,CE,Federal Contract Tower,2,0,14,0,16,0,0,20,0,20,2,0,34,0,36,24,0,24,60
02/12/2003,GYY,IN,AGL,CE,Federal Contract Tower,0,3,20,0,23,0,0,34,0,34,0,3,54,0,57,36,0,36,93
02/13/2003,GYY,IN,AGL,CE,Federal Contract Tower,0,7,19,0,26,0,0,33,0,33,0,7,52,0,59,86,0,86,145
02/14/2003,GYY,IN,AGL,CE,Federal Contract Tower,4,0,27,0,31,0,2,39,0,41,4,2,66,0,72,128,0,128,200
02/15/2003,GYY,IN,AGL,CE,Federal Contract Tower,0,0,6,0,6,0,2,4,0,6,0,2,10,0,12,2,0,2,14
02/16/2003,GYY,IN,AGL,CE,Federal Contract Tower,0,0,6,0,6,0,4,28,0,32,0,4,34,0,38,88,0,88,126
02/17/2003,GYY,IN,AGL,CE,Federal Contract Tower,3,5,10,0,18,0,2,15,0,17,3,7,25,0,35,44,0,44,79
02/18/2003,GYY,IN,AGL,CE,Federal Contract Tower,4,3,28,0,35,0,0,7,0,7,4,3,35,0,42,32,0,32,74
02/19/2003,GYY,IN,AGL,CE,Federal Contract Tower,0,0,22,0,22,0,2,34,0,36,0,2,56,0,58,88,0,88,146
02/20/2003,GYY,IN,AGL,CE,Federal Contract Tower,1,6,20,0,27,0,2,30,2,34,1,8,50,2,61,76,0,76,137
02/21/2003,GYY,IN,AGL,CE,Federal Contract Tower,1,0,17,0,18,0,0,57,0,57,1,0,74,0,75,118,0,118,193
02/22/2003,GYY,IN,AGL,CE,Federal Contract Tower,0,1,8,0,9,0,0,5,0,5,0,1,13,0,14,0,0,0,14
02/23/2003,GYY,IN,AGL,CE,Federal Contract Tower,1,4,11,0,16,0,0,14,0,14,1,4,25,0,30,33,0,33,63
02/24/2003,GYY,IN,AGL,CE,Federal Contract Tower,0,0,16,0,16,0,0,15,0,15,0,0,31,0,31,46,0,46,77
02/25/2003,GYY,IN,AGL,CE,Federal Contract Tower,2,0,22,0,24,0,2,55,0,57,2,2,77,0,81,104,0,104,185
02/26/2003,GYY,IN,AGL,CE,Federal Contract Tower,3,0,25,0,28,0,0,34,0,34,3,0,59,0,62,78,0,78,140
02/27/2003,GYY,IN,AGL,CE,Federal Contract Tower,2,0,16,0,18,0,2,34,2,38,2,2,50,2,56,66,0,66,122
02/28/2003,GYY,IN,AGL,CE,Federal Contract Tower,0,0,33,0,33,0,0,47,0,47,0,0,80,0,80,134,0,134,214
03/01/2003,GYY,IN,AGL,CE,Federal Contract Tower,2,1,23,0,26,0,7,32,0,39,2,8,55,0,65,60,0,60,125
03/02/2003,GYY,IN,AGL,CE,Federal Contract Tower,0,0,12,0,12,0,0,1,0,1,0,0,13,0,13,0,0,0,13
03/03/2003,GYY,IN,AGL,CE,Federal Contract Tower,1,0,22,0,23,0,0,11,0,11,1,0,33,0,34,46,0,46,80
03/04/2003,GYY,IN,AGL,CE,Federal Contract Tower,0,2,25,0,27,0,0,28,0,28,0,2,53,0,55,50,0,50,105
03/05/2003,GYY,IN,AGL,CE,Federal Contract Tower,0,0,20,0,20,0,2,13,0,15,0,2,33,0,35,8,0,8,43
03/06/2003,GYY,IN,AGL,CE,Federal Contract Tower,6,0,24,0,30,0,2,29,0,31,6,2,53,0,61,85,0,85,146
03/07/2003,GYY,IN,AGL,CE,Federal Contract Tower,6,0,33,0,39,0,2,28,0,30,6,2,61,0,69,91,0,91,160
03/08/2003,GYY,IN,AGL,CE,Federal Contract Tower,0,0,6,0,6,0,0,11,0,11,0,0,17,0,17,0,0,0,17
03/09/2003,GYY,IN,AGL,CE,Federal Contract Tower,1,0,4,0,5,0,4,26,0,30,1,4,30,0,35,24,0,24,59
03/10/2003,GYY,IN,AGL,CE,Federal Contract Tower,2,2,20,0,24,0,0,57,0,57,2,2,77,0,81,98,0,98,179
03/11/2003,GYY,IN,AGL,CE,Federal Contract Tower,0,1,28,0,29,0,6,54,0,60,0,7,82,0,89,105,4,109,198
03/12/2003,GYY,IN,AGL,CE,Federal Contract Tower,0,4,21,0,25,0,0,37,0,37,0,4,58,0,62,20,0,20,82
03/13/2003,GYY,IN,AGL,CE,Federal Contract Tower,0,2,21,0,23,0,0,25,0,25,0,2,46,0,48,32,0,32,80
03/14/2003,GYY,IN,AGL,CE,Federal Contract Tower,0,2,14,0,16,0,8,63,0,71,0,10,77,0,87,116,0,116,203
03/15/2003,GYY,IN,AGL,CE,Federal Contract Tower,1,0,8,0,9,0,4,52,0,56,1,4,60,0,65,58,0,58,123
03/16/2003,GYY,IN,AGL,CE,Federal Contract Tower,0,0,3,0,3,0,0,18,0,18,0,0,21,0,21,56,0,56,77
03/17/2003,GYY,IN,AGL,CE,Federal Contract Tower,1,1,18,1,21,0,1,37,1,39,1,2,55,2,60,74,4,78,138
03/18/2003,GYY,IN,AGL,CE,Federal Contract Tower,0,0,35,0,35,0,0,3,0,3,0,0,38,0,38,10,0,10,48
03/19/2003,GYY,IN,AGL,CE,Federal Contract Tower,1,2,25,0,28,0,0,5,0,5,1,2,30,0,33,19,0,19,52
03/20/2003,GYY,IN,AGL,CE,Federal Contract Tower,1,3,23,0,27,0,0,3,0,3,1,3,26,0,30,0,0,0,30
03/21/2003,GYY,IN,AGL,CE,Federal Contract Tower,1,6,26,1,34,0,0,15,0,15,1,6,41,1,49,29,0,29,78
03/22/2003,GYY,IN,AGL,CE,Federal Contract Tower,0,0,11,0,11,0,1,16,0,17,0,1,27,0,28,20,0,20,48
03/23/2003,GYY,IN,AGL,CE,Federal Contract Tower,1,0,6,0,7,0,2,35,0,37,1,2,41,0,44,60,0,60,104
03/24/2003,GYY,IN,AGL,CE,Federal Contract Tower,1,0,11,0,12,0,0,48,2,50,1,0,59,2,62,64,0,64,126
03/25/2003,GYY,IN,AGL,CE,Federal Contract Tower,4,3,14,0,21,0,4,47,2,53,4,7,61,2,74,83,0,83,157
03/26/2003,GYY,IN,AGL,CE,Federal Contract Tower,1,2,16,0,19,0,1,47,0,48,1,3,63,0,67,108,0,108,175
03/27/2003,GYY,IN,AGL,CE,Federal Contract Tower,0,0,15,0,15,0,0,33,0,33,0,0,48,0,48,10,0,10,58
03/28/2003,GYY,IN,AGL,CE,Federal Contract Tower,5,3,17,0,25,0,0,3,2,5,5,3,20,2,30,7,0,7,37
03/29/2003,GYY,IN,AGL,CE,Federal Contract Tower,4,0,5,0,9,0,0,23,0,23,4,0,28,0,32,14,0,14,46
03/30/2003,GYY,IN,AGL,CE,Federal Contract Tower,0,0,11,0,11,0,0,29,0,29,0,0,40,0,40,18,0,18,58
03/31/2003,GYY,IN,AGL,CE,Federal Contract Tower,0,2,13,0,15,0,0,33,2,35,0,2,46,2,50,82,0,82,132
04/01/2003,GYY,IN,AGL,CE,Federal Contract Tower,0,6,13,0,19,0,0,15,4,19,0,6,28,4,38,40,0,40,78
04/02/2003,GYY,IN,AGL,CE,Federal Contract Tower,0,4,25,0,29,0,0,43,0,43,0,4,68,0,72,112,0,112,184
04/03/2003,GYY,IN,AGL,CE,Federal Contract Tower,1,0,24,0,25,0,2,14,0,16,1,2,38,0,41,32,0,32,73
04/04/2003,GYY,IN,AGL,CE,Federal Contract Tower,0,2,26,0,28,0,0,2,0,2,0,2,28,0,30,2,0,2,32
04/05/2003,GYY,IN,AGL,CE,Federal Contract Tower,2,0,14,0,16,0,0,38,0,38,2,0,52,0,54,30,0,30,84
04/06/2003,GYY,IN,AGL,CE,Federal Contract Tower,0,2,6,0,8,0,0,31,0,31,0,2,37,0,39,77,0,77,116
04/07/2003,GYY,IN,AGL,CE,Federal Contract Tower,2,0,10,2,14,0,0,0,0,0,2,0,10,2,14,0,0,0,14
04/08/2003,GYY,IN,AGL,CE,Federal Contract Tower,0,0,28,0,28,0,2,11,2,15,0,2,39,2,43,26,0,26,69
04/09/2003,GYY,IN,AGL,CE,Federal Contract Tower,0,0,23,0,23,0,0,27,0,27,0,0,50,0,50,91,0,91,141
04/10/2003,GYY,IN,AGL,CE,Federal Contract Tower,0,0,16,2,18,0,0,57,8,65,0,0,73,10,83,117,0,117,200
04/11/2003,GYY,IN,AGL,CE,Federal Contract Tower,0,0,22,0,22,0,0,52,0,52,0,0,74,0,74,111,0,111,185
04/12/2003,GYY,IN,AGL,CE,Federal Contract Tower,0,0,21,1,22,0,8,53,0,61,0,8,74,1,83,111,0,111,194
04/13/2003,GYY,IN,AGL,CE,Federal Contract Tower,0,0,15,1,16,0,0,72,0,72,0,0,87,1,88,109,2,111,199
04/14/2003,GYY,IN,AGL,CE,Federal Contract Tower,3,0,12,2,17,0,4,24,0,28,3,4,36,2,45,35,0,35,80
04/15/2003,GYY,IN,AGL,CE,Federal Contract Tower,0,0,20,0,20,0,4,33,4,41,0,4,53,4,61,40,0,40,101
04/16/2003,GYY,IN,AGL,CE,Federal Contract Tower,3,2,22,2,29,0,0,14,0,14,3,2,36,2,43,32,0,32,75
04/17/2003,GYY,IN,AGL,CE,Federal Contract Tower,2,1,23,0,26,0,0,16,0,16,2,1,39,0,42,22,0,22,64
04/18/2003,GYY,IN,AGL,CE,Federal Contract Tower,1,5,24,0,30,0,2,5,0,7,1,7,29,0,37,6,0,6,43
04/19/2003,GYY,IN,AGL,CE,Federal Contract Tower,0,0,16,0,16,0,0,30,0,30,0,0,46,0,46,26,0,26,72
04/20/2003,GYY,IN,AGL,CE,Federal Contract Tower,0,2,10,0,12,0,2,3,0,5,0,4,13,0,17,2,0,2,19
04/21/2003,GYY,IN,AGL,CE,Federal Contract Tower,2,0,25,0,27,0,0,15,3,18,2,0,40,3,45,17,0,17,62
04/22/2003,GYY,IN,AGL,CE,Federal Contract Tower,0,4,15,0,19,0,0,30,6,36,0,4,45,6,55,90,0,90,145
04/23/2003,GYY,IN,AGL,CE,Federal Contract Tower,0,0,26,0,26,0,0,44,0,44,0,0,70,0,70,28,0,28,98
04/24/2003,GYY,IN,AGL,CE,Federal Contract Tower,2,2,19,0,23,0,2,36,2,40,2,4,55,2,63,39,0,39,102
04/25/2003,GYY,IN,AGL,CE,Federal Contract Tower,1,2,11,6,20,0,2,26,2,30,1,4,37,8,50,38,6,44,94
04/26/2003,GYY,IN,AGL,CE,Federal Contract Tower,0,0,12,0,12,0,0,52,0,52,0,0,64,0,64,106,0,106,170
04/27/2003,GYY,IN,AGL,CE,Federal Contract Tower,0,0,13,0,13,0,0,52,0,52,0,0,65,0,65,74,0,74,139
04/28/2003,GYY,IN,AGL,CE,Federal Contract Tower,2,0,20,0,22,0,0,24,0,24,2,0,44,0,46,32,0,32,78
04/29/2003,GYY,IN,AGL,CE,Federal Contract Tower,0,0,12,0,12,0,2,41,2,45,0,2,53,2,57,82,0,82,139
04/30/2003,GYY,IN,AGL,CE,Federal Contract Tower,3,0,19,0,22,0,0,10,0,10,3,0,29,0,32,16,0,16,48
05/01/2003,GYY,IN,AGL,CE,Federal Contract Tower,2,0,26,0,28,0,0,2,0,2,2,0,28,0,30,0,0,0,30
05/02/2003,GYY,IN,AGL,CE,Federal Contract Tower,0,0,16,0,16,0,6,44,0,50,0,6,60,0,66,165,0,165,231
05/03/2003,GYY,IN,AGL,CE,Federal Contract Tower,0,0,16,0,16,0,0,73,0,73,0,0,89,0,89,118,0,118,207
05/04/2003,GYY,IN,AGL,CE,Federal Contract Tower,0,0,8,0,8,0,0,54,0,54,0,0,62,0,62,106,0,106,168
05/05/2003,GYY,IN,AGL,CE,Federal Contract Tower,1,1,21,0,23,0,0,18,0,18,1,1,39,0,41,22,0,22,63
05/06/2003,GYY,IN,AGL,CE,Federal Contract Tower,2,5,23,0,30,0,0,56,0,56,2,5,79,0,86,49,0,49,135
05/07/2003,GYY,IN,AGL,CE,Federal Contract Tower,0,0,28,0,28,0,0,21,0,21,0,0,49,0,49,75,0,75,124
05/08/2003,GYY,IN,AGL,CE,Federal Contract Tower,0,0,28,0,28,0,0,16,0,16,0,0,44,0,44,59,0,59,103
05/09/2003,GYY,IN,AGL,CE,Federal Contract Tower,1,1,26,0,28,6,0,25,0,31,7,1,51,0,59,53,0,53,112
05/10/2003,GYY,IN,AGL,CE,Federal Contract Tower,0,0,11,0,11,0,0,30,0,30,0,0,41,0,41,18,0,18,59
05/11/2003,GYY,IN,AGL,CE,Federal Contract Tower,1,0,10,0,11,0,0,1,0,1,1,0,11,0,12,0,0,0,12
05/12/2003,GYY,IN,AGL,CE,Federal Contract Tower,0,2,23,0,25,0,0,44,0,44,0,2,67,0,69,32,0,32,101
05/13/2003,GYY,IN,AGL,CE,Federal Contract Tower,2,2,28,0,32,0,8,83,2,93,2,10,111,2,125,76,0,76,201
05/14/2003,GYY,IN,AGL,CE,Federal Contract Tower,1,0,24,0,25,0,0,40,0,40,1,0,64,0,65,20,0,20,85
05/15/2003,GYY,IN,AGL,CE,Federal Contract Tower,0,2,40,0,42,0,0,3,0,3,0,2,43,0,45,60,0,60,105
05/16/2003,GYY,IN,AGL,CE,Federal Contract Tower,2,2,33,0,37,0,0,46,0,46,2,2,79,0,83,114,0,114,197
05/17/2003,GYY,IN,AGL,CE,Federal Contract Tower,0,2,24,0,26,0,0,31,0,31,0,2,55,0,57,24,0,24,81
05/18/2003,GYY,IN,AGL,CE,Federal Contract Tower,0,3,20,0,23,0,0,34,0,34,0,3,54,0,57,46,0,46,103
05/19/2003,GYY,IN,AGL,CE,Federal Contract Tower,2,6,32,0,40,0,0,19,0,19,2,6,51,0,59,26,0,26,85
05/20/2003,GYY,IN,AGL,CE,Federal Contract Tower,1,6,18,0,25,0,2,24,0,26,1,8,42,0,51,55,0,55,106
05/21/2003,GYY,IN,AGL,CE,Federal Contract Tower,3,2,42,0,47,0,0,56,2,58,3,2,98,2,105,77,0,77,182
05/22/2003,GYY,IN,AGL,CE,Federal Contract Tower,1,2,25,0,28,0,2,54,2,58,1,4,79,2,86,130,0,130,216
05/23/2003,GYY,IN,AGL,CE,Federal Contract Tower,2,3,18,0,23,0,0,65,2,67,2,3,83,2,90,86,0,86,176
05/24/2003,GYY,IN,AGL,CE,Federal Contract Tower,0,0,6,0,6,0,0,31,0,31,0,0,37,0,37,34,0,34,71
05/25/2003,GYY,IN,AGL,CE,Federal Contract Tower,0,0,13,0,13,0,0,37,0,37,0,0,50,0,50,45,0,45,95
05/26/2003,GYY,IN,AGL,CE,Federal Contract Tower,0,0,19,0,19,0,6,65,4,75,0,6,84,4,94,78,0,78,172
05/27/2003,GYY,IN,AGL,CE,Federal Contract Tower,1,2,28,0,31,0,2,38,0,40,1,4,66,0,71,84,0,84,155
05/28/2003,GYY,IN,AGL,CE,Federal Contract Tower,1,0,21,0,22,0,0,26,0,26,1,0,47,0,48,27,0,27,75
05/29/2003,GYY,IN,AGL,CE,Federal Contract Tower,0,4,30,0,34,0,0,21,0,21,0,4,51,0,55,20,0,20,75
05/30/2003,GYY,IN,AGL,CE,Federal Contract Tower,0,0,17,0,17,0,2,43,0,45,0,2,60,0,62,46,0,46,108
05/31/2003,GYY,IN,AGL,CE,Federal Contract Tower,1,2,13,0,16,0,0,3,0,3,1,2,16,0,19,0,0,0,19
06/01/2003,GYY,IN,AGL,CE,Federal Contract Tower,0,0,15,0,15,0,0,61,0,61,0,0,76,0,76,134,0,134,210
06/02/2003,GYY,IN,AGL,CE,Federal Contract Tower,1,4,16,0,21,0,0,55,0,55,1,4,71,0,76,64,0,64,140
06/03/2003,GYY,IN,AGL,CE,Federal Contract Tower,0,5,27,0,32,0,7,21,0,28,0,12,48,0,60,57,0,57,117
06/04/2003,GYY,IN,AGL,CE,Federal Contract Tower,1,1,32,0,34,0,0,42,0,42,1,1,74,0,76,121,0,121,197
06/05/2003,GYY,IN,AGL,CE,Federal Contract Tower,2,1,39,1,43,0,2,53,1,56,2,3,92,2,99,80,0,80,179
06/06/2003,GYY,IN,AGL,CE,Federal Contract Tower,0,2,16,2,20,0,2,36,3,41,0,4,52,5,61,36,18,54,115
06/07/2003,GYY,IN,AGL,CE,Federal Contract Tower,0,0,21,1,22,0,0,53,0,53,0,0,74,1,75,76,0,76,151
06/08/2003,GYY,IN,AGL,CE,Federal Contract Tower,2,4,11,0,17,0,1,30,6,37,2,5,41,6,54,8,0,8,62
06/09/2003,GYY,IN,AGL,CE,Federal Contract Tower,0,3,23,0,26,1,5,46,2,54,1,8,69,2,80,133,0,133,213
06/10/2003,GYY,IN,AGL,CE,Federal Contract Tower,0,2,31,0,33,0,0,11,0,11,0,2,42,0,44,20,0,20,64
06/11/2003,GYY,IN,AGL,CE,Federal Contract Tower,0,2,49,0,51,0,0,10,1,11,0,2,59,1,62,60,6,66,128
06/12/2003,GYY,IN,AGL,CE,Federal Contract Tower,0,1,66,0,67,0,0,3,0,3,0,1,69,0,70,4,0,4,74
06/13/2003,GYY,IN,AGL,CE,Federal Contract Tower,8,10,43,0,61,0,0,0,0,0,8,10,43,0,61,0,0,0,61
06/14/2003,GYY,IN,AGL,CE,Federal Contract Tower,0,12,13,0,25,0,6,41,1,48,0,18,54,1,73,48,6,54,127
06/15/2003,GYY,IN,AGL,CE,Federal Contract Tower,1,7,11,0,19,0,2,58,4,64,1,9,69,4,83,188,0,188,271
06/16/2003,GYY,IN,AGL,CE,Federal Contract Tower,0,12,22,0,34,0,0,38,2,40,0,12,60,2,74,46,0,46,120
06/17/2003,GYY,IN,AGL,CE,Federal Contract Tower,2,3,27,0,32,0,2,47,0,49,2,5,74,0,81,55,0,55,136
06/18/2003,GYY,IN,AGL,CE,Federal Contract Tower,3,0,28,0,31,0,2,25,3,30,3,2,53,3,61,34,0,34,95
06/19/2003,GYY,IN,AGL,CE,Federal Contract Tower,0,0,27,0,27,0,0,37,0,37,0,0,64,0,64,48,0,48,112
06/20/2003,GYY,IN,AGL,CE,Federal Contract Tower,2,6,22,0,30,0,2,32,2,36,2,8,54,2,66,24,0,24,90
06/21/2003,GYY,IN,AGL,CE,Federal Contract Tower,1,0,19,0,20,0,0,41,0,41,1,0,60,0,61,66,0,66,127
06/22/2003,GYY,IN,AGL,CE,Federal Contract Tower,0,0,14,0,14,0,0,37,0,37,0,0,51,0,51,20,0,20,71
06/23/2003,GYY,IN,AGL,CE,Federal Contract Tower,1,0,31,0,32,0,2,44,2,48,1,2,75,2,80,68,0,68,148
06/24/2003,GYY,IN,AGL,CE,Federal Contract Tower,0,0,27,0,27,0,0,56,0,56,0,0,83,0,83,78,0,78,161
06/25/2003,GYY,IN,AGL,CE,Federal Contract Tower,0,7,53,0,60,0,0,35,0,35,0,7,88,0,95,38,0,38,133
06/26/2003,GYY,IN,AGL,CE,Federal Contract Tower,2,0,31,0,33,0,0,28,0,28,2,0,59,0,61,42,0,42,103
06/27/2003,GYY,IN,AGL,CE,Federal Contract Tower,0,0,33,1,34,0,4,58,2,64,0,4,91,3,98,74,11,85,183
06/28/2003,GYY,IN,AGL,CE,Federal Contract Tower,0,0,10,0,10,0,0,43,0,43,0,0,53,0,53,30,0,30,83
06/29/2003,GYY,IN,AGL,CE,Federal Contract Tower,2,0,14,1,17,0,0,42,0,42,2,0,56,1,59,102,0,102,161
06/30/2003,GYY,IN,AGL,CE,Federal Contract Tower,4,2,22,0,28,0,0,57,2,59,4,2,79,2,87,134,0,134,221
07/01/2003,GYY,IN,AGL,CE,Federal Contract Tower,0,0,15,0,15,0,0,33,0,33,0,0,48,0,48,134,0,134,182
07/02/2003,GYY,IN,AGL,CE,Federal Contract Tower,0,2,27,0,29,0,0,46,0,46,0,2,73,0,75,102,0,102,177
07/03/2003,GYY,IN,AGL,CE,Federal Contract Tower,0,2,20,0,22,0,2,50,4,56,0,4,70,4,78,83,0,83,161
07/04/2003,GYY,IN,AGL,CE,Federal Contract Tower,0,0,5,0,5,0,0,37,0,37,0,0,42,0,42,14,0,14,56
07/05/2003,GYY,IN,AGL,CE,Federal Contract Tower,2,0,2,0,4,0,0,41,0,41,2,0,43,0,45,26,0,26,71
07/06/2003,GYY,IN,AGL,CE,Federal Contract Tower,0,0,12,0,12,0,0,33,0,33,0,0,45,0,45,88,0,88,133
07/07/2003,GYY,IN,AGL,CE,Federal Contract Tower,0,4,20,0,24,0,0,17,0,17,0,4,37,0,41,4,0,4,45
07/08/2003,GYY,IN,AGL,CE,Federal Contract Tower,2,2,19,0,23,0,0,27,6,33,2,2,46,6,56,64,0,64,120
07/09/2003,GYY,IN,AGL,CE,Federal Contract Tower,0,2,21,0,23,0,0,25,0,25,0,2,46,0,48,71,0,71,119
07/10/2003,GYY,IN,AGL,CE,Federal Contract Tower,0,2,38,0,40,0,6,27,4,37,0,8,65,4,77,56,0,56,133
07/11/2003,GYY,IN,AGL,CE,Federal Contract Tower,0,2,27,0,29,0,0,46,0,46,0,2,73,0,75,70,0,70,145
07/12/2003,GYY,IN,AGL,CE,Federal Contract Tower,0,0,16,0,16,0,0,105,1,106,0,0,121,1,122,200,0,200,322
07/13/2003,GYY,IN,AGL,CE,Federal Contract Tower,0,2,19,0,21,0,0,87,1,88,0,2,106,1,109,152,0,152,261
07/14/2003,GYY,IN,AGL,CE,Federal Contract Tower,5,2,26,0,33,0,0,72,0,72,5,2,98,0,105,138,0,138,243
07/15/2003,GYY,IN,AGL,CE,Federal Contract Tower,3,1,45,0,49,0,2,45,3,50,3,3,90,3,99,44,0,44,143
07/16/2003,GYY,IN,AGL,CE,Federal Contract Tower,1,1,39,0,41,0,0,90,3,93,1,1,129,3,134,133,36,169,303
07/17/2003,GYY,IN,AGL,CE,Federal Contract Tower,0,2,20,0,22,1,6,62,2,71,1,8,82,2,93,88,0,88,181
07/18/2003,GYY,IN,AGL,CE,Federal Contract Tower,0,1,32,10,43,0,0,73,6,79,0,1,105,16,122,105,27,132,254
07/19/2003,GYY,IN,AGL,CE,Federal Contract Tower,0,1,14,0,15,0,1,162,34,197,0,2,176,34,212,648,119,767,979
07/20/2003,GYY,IN,AGL,CE,Federal Contract Tower,0,0,19,0,19,0,0,133,34,167,0,0,152,34,186,180,70,250,436
07/21/2003,GYY,IN,AGL,CE,Federal Contract Tower,1,2,28,7,38,0,0,26,1,27,1,2,54,8,65,34,0,34,99
07/22/2003,GYY,IN,AGL,CE,Federal Contract Tower,0,0,31,0,31,0,2,40,0,42,0,2,71,0,73,136,0,136,209
07/23/2003,GYY,IN,AGL,CE,Federal Contract Tower,1,4,21,0,26,0,0,45,0,45,1,4,66,0,71,100,0,100,171
07/24/2003,GYY,IN,AGL,CE,Federal Contract Tower,0,2,24,1,27,0,2,54,3,59,0,4,78,4,86,131,0,131,217
07/25/2003,GYY,IN,AGL,CE,Federal Contract Tower,0,0,14,0,14,0,0,49,0,49,0,0,63,0,63,18,0,18,81
07/26/2003,GYY,IN,AGL,CE,Federal Contract Tower,0,0,23,0,23,0,0,53,1,54,0,0,76,1,77,75,9,84,161
07/27/2003,GYY,IN,AGL,CE,Federal Contract Tower,0,0,9,0,9,0,2,53,0,55,0,2,62,0,64,30,0,30,94
07/28/2003,GYY,IN,AGL,CE,Federal Contract Tower,0,2,30,0,32,0,0,79,0,79,0,2,109,0,111,80,0,80,191
07/29/2003,GYY,IN,AGL,CE,Federal Contract Tower,1,2,24,0,27,0,0,64,0,64,1,2,88,0,91,186,0,186,277
07/30/2003,GYY,IN,AGL,CE,Federal Contract Tower,0,1,30,1,32,0,0,53,3,56,0,1,83,4,88,78,0,78,166
07/31/2003,GYY,IN,AGL,CE,Federal Contract Tower,6,2,22,0,30,0,2,38,4,44,6,4,60,4,74,5,0,5,79
08/01/2003,GYY,IN,AGL,CE,Federal Contract Tower,1,5,35,0,41,0,1,16,0,17,1,6,51,0,58,0,0,0,58
08/02/2003,GYY,IN,AGL,CE,Federal Contract Tower,0,2,9,0,11,0,0,50,0,50,0,2,59,0,61,78,0,78,139
08/03/2003,GYY,IN,AGL,CE,Federal Contract Tower,0,1,9,0,10,0,1,47,0,48,0,2,56,0,58,76,0,76,134
08/04/2003,GYY,IN,AGL,CE,Federal Contract Tower,0,0,25,0,25,0,0,31,0,31,0,0,56,0,56,214,0,214,270
08/05/2003,GYY,IN,AGL,CE,Federal Contract Tower,0,4,21,0,25,0,0,79,0,79,0,4,100,0,104,222,0,222,326
08/06/2003,GYY,IN,AGL,CE,Federal Contract Tower,0,1,28,0,29,0,0,29,0,29,0,1,57,0,58,286,0,286,344
08/07/2003,GYY,IN,AGL,CE,Federal Contract Tower,0,4,30,0,34,0,0,37,2,39,0,4,67,2,73,131,0,131,204
08/08/2003,GYY,IN,AGL,CE,Federal Contract Tower,0,0,29,0,29,0,4,22,2,28,0,4,51,2,57,16,0,16,73
08/09/2003,GYY,IN,AGL,CE,Federal Contract Tower,0,0,11,0,11,0,0,50,0,50,0,0,61,0,61,55,0,55,116
08/10/2003,GYY,IN,AGL,CE,Federal Contract Tower,0,0,10,0,10,0,0,39,0,39,0,0,49,0,49,16,0,16,65
08/11/2003,GYY,IN,AGL,CE,Federal Contract Tower,2,0,22,0,24,0,0,32,0,32,2,0,54,0,56,20,0,20,76
08/12/2003,GYY,IN,AGL,CE,Federal Contract Tower,1,0,35,0,36,0,0,37,0,37,1,0,72,0,73,10,0,10,83
08/13/2003,GYY,IN,AGL,CE,Federal Contract Tower,1,1,47,2,51,0,0,37,2,39,1,1,84,4,90,84,2,86,176
08/14/2003,GYY,IN,AGL,CE,Federal Contract Tower,1,2,32,12,47,0,6,136,16,158,1,8,168,28,205,242,37,279,484
08/15/2003,GYY,IN,AGL,CE,Federal Contract Tower,1,2,29,4,36,0,4,94,78,176,1,6,123,82,212,230,175,405,617
08/16/2003,GYY,IN,AGL,CE,Federal Contract Tower,0,2,17,0,19,0,4,172,61,237,0,6,189,61,256,107,90,197,453
08/17/2003,GYY,IN,AGL,CE,Federal Contract Tower,0,0,17,4,21,0,4,159,53,216,0,4,176,57,237,119,80,199,436
08/18/2003,GYY,IN,AGL,CE,Federal Contract Tower,0,4,20,20,44,0,0,74,1,75,0,4,94,21,119,122,0,122,241
08/19/2003,GYY,IN,AGL,CE,Federal Contract Tower,1,2,20,3,26,0,0,46,0,46,1,2,66,3,72,36,0,36,108
08/20/2003,GYY,IN,AGL,CE,Federal Contract Tower,0,0,25,1,26,0,0,59,0,59,0,0,84,1,85,50,0,50,135
08/21/2003,GYY,IN,AGL,CE,Federal Contract Tower,0,3,23,0,26,0,0,36,0,36,0,3,59,0,62,74,0,74,136
08/22/2003,GYY,IN,AGL,CE,Federal Contract Tower,2,4,20,0,26,0,2,35,2,39,2,6,55,2,65,40,0,40,105
08/23/2003,GYY,IN,AGL,CE,Federal Contract Tower,0,0,0,0,0,0,0,6,0,6,0,0,6,0,6,0,0,0,6
08/24/2003,GYY,IN,AGL,CE,Federal Contract Tower,0,0,0,0,0,0,0,0,0,0,0,0,0,0,0,0,0,0,0
08/25/2003,GYY,IN,AGL,CE,Federal Contract Tower,2,8,22,0,32,0,0,42,0,42,2,8,64,0,74,59,0,59,133
08/26/2003,GYY,IN,AGL,CE,Federal Contract Tower,1,2,21,0,24,0,0,37,0,37,1,2,58,0,61,52,0,52,113
08/27/2003,GYY,IN,AGL,CE,Federal Contract Tower,0,2,26,0,28,0,2,45,0,47,0,4,71,0,75,80,0,80,155
08/28/2003,GYY,IN,AGL,CE,Federal Contract Tower,0,2,35,0,37,0,4,47,2,53,0,6,82,2,90,77,0,77,167
08/29/2003,GYY,IN,AGL,CE,Federal Contract Tower,0,2,26,0,28,0,2,19,2,23,0,4,45,2,51,18,0,18,69
08/30/2003,GYY,IN,AGL,CE,Federal Contract Tower,0,0,4,0,4,0,0,56,2,58,0,0,60,2,62,133,8,141,203
08/31/2003,GYY,IN,AGL,CE,Federal Contract Tower,1,0,10,0,11,0,1,21,0,22,1,1,31,0,33,72,0,72,105
09/01/2003,GYY,IN,AGL,CE,Federal Contract Tower,0,4,15,1,20,0,0,0,1,1,0,4,15,2,21,0,0,0,21
09/02/2003,GYY,IN,AGL,CE,Federal Contract Tower,0,0,42,0,42,0,4,28,0,32,0,4,70,0,74,92,0,92,166
09/03/2003,GYY,IN,AGL,CE,Federal Contract Tower,0,0,34,0,34,0,0,34,0,34,0,0,68,0,68,52,0,52,120
09/04/2003,GYY,IN,AGL,CE,Federal Contract Tower,0,0,19,2,21,0,0,45,0,45,0,0,64,2,66,50,0,50,116
09/05/2003,GYY,IN,AGL,CE,Federal Contract Tower,1,7,22,0,30,0,4,35,2,41,1,11,57,2,71,60,0,60,131
09/06/2003,GYY,IN,AGL,CE,Federal Contract Tower,0,0,9,0,9,0,1,63,0,64,0,1,72,0,73,58,0,58,131
09/07/2003,GYY,IN,AGL,CE,Federal Contract Tower,0,2,7,2,11,0,4,71,2,77,0,6,78,4,88,60,0,60,148
09/08/2003,GYY,IN,AGL,CE,Federal Contract Tower,3,0,28,0,31,0,2,58,2,62,3,2,86,2,93,139,0,139,232
09/09/2003,GYY,IN,AGL,CE,Federal Contract Tower,7,0,20,0,27,0,2,51,0,53,7,2,71,0,80,119,0,119,199
09/10/2003,GYY,IN,AGL,CE,Federal Contract Tower,1,6,28,0,35,0,0,21,0,21,1,6,49,0,56,20,0,20,76
09/11/2003,GYY,IN,AGL,CE,Federal Contract Tower,7,2,26,0,35,0,0,29,1,30,7,2,55,1,65,16,0,16,81
09/12/2003,GYY,IN,AGL,CE,Federal Contract Tower,1,0,31,2,34,0,0,27,1,28,1,0,58,3,62,48,0,48,110
09/13/2003,GYY,IN,AGL,CE,Federal Contract Tower,0,0,18,0,18,0,0,49,0,49,0,0,67,0,67,74,0,74,141
09/14/2003,GYY,IN,AGL,CE,Federal Contract Tower,0,0,7,0,7,0,0,5,0,5,0,0,12,0,12,12,0,12,24
09/15/2003,GYY,IN,AGL,CE,Federal Contract Tower,3,0,25,0,28,0,0,27,0,27,3,0,52,0,55,64,0,64,119
09/16/2003,GYY,IN,AGL,CE,Federal Contract Tower,0,2,18,0,20,0,0,59,0,59,0,2,77,0,79,76,0,76,155
09/17/2003,GYY,IN,AGL,CE,Federal Contract Tower,0,4,38,0,42,0,0,51,0,51,0,4,89,0,93,88,0,88,181
09/18/2003,GYY,IN,AGL,CE,Federal Contract Tower,2,2,23,0,27,0,4,47,0,51,2,6,70,0,78,54,0,54,132
09/19/2003,GYY,IN,AGL,CE,Federal Contract Tower,0,0,32,2,34,0,2,48,2,52,0,2,80,4,86,48,0,48,134
09/20/2003,GYY,IN,AGL,CE,Federal Contract Tower,0,0,2,0,2,0,2,63,0,65,0,2,65,0,67,91,0,91,158
09/21/2003,GYY,IN,AGL,CE,Federal Contract Tower,2,2,10,2,16,0,2,45,0,47,2,4,55,2,63,56,0,56,119
09/22/2003,GYY,IN,AGL,CE,Federal Contract Tower,4,0,20,0,24,0,0,11,0,11,4,0,31,0,35,56,0,56,91
09/23/2003,GYY,IN,AGL,CE,Federal Contract Tower,0,2,23,0,25,0,0,72,0,72,0,2,95,0,97,154,0,154,251
09/24/2003,GYY,IN,AGL,CE,Federal Contract Tower,0,0,23,0,23,0,6,21,0,27,0,6,44,0,50,108,0,108,158
09/25/2003,GYY,IN,AGL,CE,Federal Contract Tower,0,3,24,0,27,0,5,38,4,47,0,8,62,4,74,74,0,74,148
09/26/2003,GYY,IN,AGL,CE,Federal Contract Tower,1,5,26,1,33,0,3,29,0,32,1,8,55,1,65,48,0,48,113
09/27/2003,GYY,IN,AGL,CE,Federal Contract Tower,2,0,11,0,13,0,2,45,2,49,2,2,56,2,62,49,0,49,111
09/28/2003,GYY,IN,AGL,CE,Federal Contract Tower,0,2,15,1,18,0,2,28,10,40,0,4,43,11,58,66,0,66,124
09/29/2003,GYY,IN,AGL,CE,Federal Contract Tower,0,4,25,0,29,0,0,42,0,42,0,4,67,0,71,68,0,68,139
09/30/2003,GYY,IN,AGL,CE,Federal Contract Tower,2,2,26,0,30,0,0,19,0,19,2,2,45,0,49,32,0,32,81
10/01/2003,GYY,IN,AGL,CE,Federal Contract Tower,0,0,30,0,30,0,0,60,6,66,0,0,90,6,96,62,0,62,158
10/02/2003,GYY,IN,AGL,CE,Federal Contract Tower,1,1,39,0,41,0,6,33,2,41,1,7,72,2,82,39,0,39,121
10/03/2003,GYY,IN,AGL,CE,Federal Contract Tower,1,0,28,0,29,0,0,20,0,20,1,0,48,0,49,0,0,0,49
10/04/2003,GYY,IN,AGL,CE,Federal Contract Tower,1,0,12,0,13,0,0,34,0,34,1,0,46,0,47,72,0,72,119
10/05/2003,GYY,IN,AGL,CE,Federal Contract Tower,0,0,13,0,13,0,0,44,0,44,0,0,57,0,57,60,0,60,117
10/06/2003,GYY,IN,AGL,CE,Federal Contract Tower,0,1,23,0,24,0,0,58,0,58,0,1,81,0,82,114,0,114,196
10/07/2003,GYY,IN,AGL,CE,Federal Contract Tower,1,3,33,0,37,1,4,75,0,80,2,7,108,0,117,172,0,172,289
10/08/2003,GYY,IN,AGL,CE,Federal Contract Tower,0,2,23,0,25,0,0,48,2,50,0,2,71,2,75,88,0,88,163
10/09/2003,GYY,IN,AGL,CE,Federal Contract Tower,0,3,27,0,30,0,3,32,0,35,0,6,59,0,65,54,0,54,119
10/10/2003,GYY,IN,AGL,CE,Federal Contract Tower,0,3,34,0,37,0,6,29,3,38,0,9,63,3,75,69,0,69,144
10/11/2003,GYY,IN,AGL,CE,Federal Contract Tower,0,0,11,0,11,0,0,95,0,95,0,0,106,0,106,76,0,76,182
10/12/2003,GYY,IN,AGL,CE,Federal Contract Tower,1,1,18,0,20,0,1,28,0,29,1,2,46,0,49,2,0,2,51
10/13/2003,GYY,IN,AGL,CE,Federal Contract Tower,1,0,22,0,23,0,0,50,0,50,1,0,72,0,73,106,0,106,179
10/14/2003,GYY,IN,AGL,CE,Federal Contract Tower,1,2,32,0,35,1,0,6,0,7,2,2,38,0,42,0,0,0,42
10/15/2003,GYY,IN,AGL,CE,Federal Contract Tower,1,2,35,0,38,0,0,38,4,42,1,2,73,4,80,70,0,70,150
10/16/2003,GYY,IN,AGL,CE,Federal Contract Tower,0,3,28,0,31,0,8,26,2,36,0,11,54,2,67,78,0,78,145
10/17/2003,GYY,IN,AGL,CE,Federal Contract Tower,0,3,27,0,30,0,6,29,3,38,0,9,56,3,68,66,0,66,134
10/18/2003,GYY,IN,AGL,CE,Federal Contract Tower,0,0,12,0,12,0,1,45,2,48,0,1,57,2,60,50,0,50,110
10/19/2003,GYY,IN,AGL,CE,Federal Contract Tower,0,1,20,1,22,0,0,38,2,40,0,1,58,3,62,18,0,18,80
10/20/2003,GYY,IN,AGL,CE,Federal Contract Tower,0,1,26,0,27,0,0,31,0,31,0,1,57,0,58,0,0,0,58
10/21/2003,GYY,IN,AGL,CE,Federal Contract Tower,0,2,26,0,28,0,2,33,0,35,0,4,59,0,63,76,0,76,139
10/22/2003,GYY,IN,AGL,CE,Federal Contract Tower,0,2,30,0,32,3,0,55,0,58,3,2,85,0,90,128,0,128,218
10/23/2003,GYY,IN,AGL,CE,Federal Contract Tower,0,3,35,1,39,1,6,64,1,72,1,9,99,2,111,72,0,72,183
10/24/2003,GYY,IN,AGL,CE,Federal Contract Tower,0,3,29,1,33,4,2,25,3,34,4,5,54,4,67,102,0,102,169
10/25/2003,GYY,IN,AGL,CE,Federal Contract Tower,0,0,13,0,13,0,2,33,0,35,0,2,46,0,48,127,0,127,175
10/26/2003,GYY,IN,AGL,CE,Federal Contract Tower,0,0,10,0,10,0,0,55,2,57,0,0,65,2,67,96,0,96,163
10/27/2003,GYY,IN,AGL,CE,Federal Contract Tower,0,1,23,0,24,1,0,14,6,21,1,1,37,6,45,22,0,22,67
10/28/2003,GYY,IN,AGL,CE,Federal Contract Tower,0,4,47,0,51,0,1,17,0,18,0,5,64,0,69,32,0,32,101
10/29/2003,GYY,IN,AGL,CE,Federal Contract Tower,0,2,37,0,39,0,0,37,2,39,0,2,74,2,78,56,0,56,134
10/30/2003,GYY,IN,AGL,CE,Federal Contract Tower,0,3,38,0,41,2,1,50,2,55,2,4,88,2,96,98,0,98,194
10/31/2003,GYY,IN,AGL,CE,Federal Contract Tower,0,3,32,0,35,0,2,31,0,33,0,5,63,0,68,26,0,26,94
11/01/2003,GYY,IN,AGL,CE,Federal Contract Tower,0,1,18,0,19,0,0,34,0,34,0,1,52,0,53,82,0,82,135
11/02/2003,GYY,IN,AGL,CE,Federal Contract Tower,1,1,11,0,13,0,1,0,0,1,1,2,11,0,14,4,0,4,18
11/03/2003,GYY,IN,AGL,CE,Federal Contract Tower,0,3,31,0,34,0,1,0,0,1,0,4,31,0,35,0,0,0,35
11/04/2003,GYY,IN,AGL,CE,Federal Contract Tower,1,2,19,0,22,2,0,16,0,18,3,2,35,0,40,30,0,30,70
11/05/2003,GYY,IN,AGL,CE,Federal Contract Tower,0,2,30,0,32,0,0,22,0,22,0,2,52,0,54,38,0,38,92
11/06/2003,GYY,IN,AGL,CE,Federal Contract Tower,1,3,33,0,37,1,1,36,4,42,2,4,69,4,79,28,24,52,131
11/07/2003,GYY,IN,AGL,CE,Federal Contract Tower,1,0,25,0,26,1,0,46,1,48,2,0,71,1,74,92,0,92,166
11/08/2003,GYY,IN,AGL,CE,Federal Contract Tower,0,1,12,0,13,0,2,122,0,124,0,3,134,0,137,196,0,196,333
11/09/2003,GYY,IN,AGL,CE,Federal Contract Tower,1,0,16,0,17,0,0,50,0,50,1,0,66,0,67,76,0,76,143
11/10/2003,GYY,IN,AGL,CE,Federal Contract Tower,0,0,13,0,13,0,0,36,0,36,0,0,49,0,49,38,0,38,87
11/11/2003,GYY,IN,AGL,CE,Federal Contract Tower,0,2,27,0,29,0,0,15,0,15,0,2,42,0,44,8,0,8,52
11/12/2003,GYY,IN,AGL,CE,Federal Contract Tower,0,2,24,0,26,0,0,14,0,14,0,2,38,0,40,2,0,2,42
11/13/2003,GYY,IN,AGL,CE,Federal Contract Tower,0,0,14,0,14,0,0,16,2,18,0,0,30,2,32,4,12,16,48
11/14/2003,GYY,IN,AGL,CE,Federal Contract Tower,0,0,17,0,17,0,0,47,4,51,0,0,64,4,68,78,10,88,156
11/15/2003,GYY,IN,AGL,CE,Federal Contract Tower,1,0,11,0,12,0,0,9,0,9,1,0,20,0,21,0,0,0,21
11/16/2003,GYY,IN,AGL,CE,Federal Contract Tower,0,0,9,0,9,2,0,0,0,2,2,0,9,0,11,0,0,0,11
11/17/2003,GYY,IN,AGL,CE,Federal Contract Tower,0,1,21,0,22,0,0,8,0,8,0,1,29,0,30,44,0,44,74
11/18/2003,GYY,IN,AGL,CE,Federal Contract Tower,0,4,33,0,37,1,1,5,0,7,1,5,38,0,44,6,0,6,50
11/19/2003,GYY,IN,AGL,CE,Federal Contract Tower,1,3,39,0,43,3,1,51,0,55,4,4,90,0,98,74,0,74,172
11/20/2003,GYY,IN,AGL,CE,Federal Contract Tower,1,3,38,0,42,0,1,45,0,46,1,4,83,0,88,31,0,31,119
11/21/2003,GYY,IN,AGL,CE,Federal Contract Tower,0,3,40,0,43,0,3,51,2,56,0,6,91,2,99,68,0,68,167
11/22/2003,GYY,IN,AGL,CE,Federal Contract Tower,0,1,17,0,18,0,0,10,0,10,0,1,27,0,28,0,0,0,28
11/23/2003,GYY,IN,AGL,CE,Federal Contract Tower,0,0,10,0,10,0,2,0,0,2,0,2,10,0,12,4,0,4,16
11/24/2003,GYY,IN,AGL,CE,Federal Contract Tower,0,2,24,0,26,0,1,8,0,9,0,3,32,0,35,0,0,0,35
11/25/2003,GYY,IN,AGL,CE,Federal Contract Tower,0,1,16,0,17,0,2,10,0,12,0,3,26,0,29,32,0,32,61
11/26/2003,GYY,IN,AGL,CE,Federal Contract Tower,0,3,28,0,31,0,1,37,0,38,0,4,65,0,69,90,0,90,159
11/27/2003,GYY,IN,AGL,CE,Federal Contract Tower,0,0,9,0,9,0,0,21,0,21,0,0,30,0,30,36,0,36,66
11/28/2003,GYY,IN,AGL,CE,Federal Contract Tower,0,0,11,0,11,0,2,12,0,14,0,2,23,0,25,10,0,10,35
11/29/2003,GYY,IN,AGL,CE,Federal Contract Tower,0,1,18,0,19,0,0,24,0,24,0,1,42,0,43,102,0,102,145
11/30/2003,GYY,IN,AGL,CE,Federal Contract Tower,0,1,14,0,15,0,4,35,0,39,0,5,49,0,54,14,0,14,68
12/01/2003,GYY,IN,AGL,CE,Federal Contract Tower,1,2,34,0,37,0,3,35,0,38,1,5,69,0,75,66,0,66,141
12/02/2003,GYY,IN,AGL,CE,Federal Contract Tower,0,0,24,0,24,0,3,43,0,46,0,3,67,0,70,72,0,72,142
12/03/2003,GYY,IN,AGL,CE,Federal Contract Tower,1,2,30,0,33,0,3,32,0,35,1,5,62,0,68,70,0,70,138
12/04/2003,GYY,IN,AGL,CE,Federal Contract Tower,2,4,37,0,43,3,2,30,0,35,5,6,67,0,78,39,0,39,117
12/05/2003,GYY,IN,AGL,CE,Federal Contract Tower,0,0,15,0,15,0,0,3,0,3,0,0,18,0,18,0,0,0,18
12/06/2003,GYY,IN,AGL,CE,Federal Contract Tower,1,2,17,0,20,4,0,10,0,14,5,2,27,0,34,64,0,64,98
12/07/2003,GYY,IN,AGL,CE,Federal Contract Tower,0,0,15,0,15,0,0,46,0,46,0,0,61,0,61,34,0,34,95
12/08/2003,GYY,IN,AGL,CE,Federal Contract Tower,2,2,28,0,32,1,0,26,0,27,3,2,54,0,59,32,0,32,91
12/09/2003,GYY,IN,AGL,CE,Federal Contract Tower,1,2,21,0,24,1,0,3,0,4,2,2,24,0,28,0,0,0,28
12/10/2003,GYY,IN,AGL,CE,Federal Contract Tower,2,0,33,0,35,1,0,2,2,5,3,0,35,2,40,16,0,16,56
12/11/2003,GYY,IN,AGL,CE,Federal Contract Tower,2,3,27,0,32,0,0,47,3,50,2,3,74,3,82,99,9,108,190
12/12/2003,GYY,IN,AGL,CE,Federal Contract Tower,0,4,36,0,40,0,2,40,0,42,0,6,76,0,82,118,0,118,200
12/13/2003,GYY,IN,AGL,CE,Federal Contract Tower,1,2,16,0,19,0,3,101,0,104,1,5,117,0,123,62,0,62,185
12/14/2003,GYY,IN,AGL,CE,Federal Contract Tower,1,2,15,0,18,0,2,16,0,18,1,4,31,0,36,29,0,29,65
12/15/2003,GYY,IN,AGL,CE,Federal Contract Tower,2,3,34,0,39,0,5,2,0,7,2,8,36,0,46,0,0,0,46
12/16/2003,GYY,IN,AGL,CE,Federal Contract Tower,0,4,36,0,40,0,2,6,0,8,0,6,42,0,48,16,0,16,64
12/17/2003,GYY,IN,AGL,CE,Federal Contract Tower,0,3,32,0,35,0,1,10,0,11,0,4,42,0,46,26,0,26,72
12/18/2003,GYY,IN,AGL,CE,Federal Contract Tower,0,2,21,0,23,0,0,10,0,10,0,2,31,0,33,58,0,58,91
12/19/2003,GYY,IN,AGL,CE,Federal Contract Tower,0,3,28,0,31,0,1,16,0,17,0,4,44,0,48,45,0,45,93
12/20/2003,GYY,IN,AGL,CE,Federal Contract Tower,0,0,9,0,9,0,0,51,0,51,0,0,60,0,60,32,0,32,92
12/21/2003,GYY,IN,AGL,CE,Federal Contract Tower,0,0,11,0,11,0,0,18,2,20,0,0,29,2,31,10,0,10,41
12/22/2003,GYY,IN,AGL,CE,Federal Contract Tower,0,2,17,0,19,0,0,38,0,38,0,2,55,0,57,26,0,26,83
12/23/2003,GYY,IN,AGL,CE,Federal Contract Tower,1,2,25,0,28,3,0,17,0,20,4,2,42,0,48,12,0,12,60
12/24/2003,GYY,IN,AGL,CE,Federal Contract Tower,0,0,21,0,21,0,0,11,0,11,0,0,32,0,32,10,0,10,42
12/25/2003,GYY,IN,AGL,CE,Federal Contract Tower,0,0,3,0,3,0,7,11,4,22,0,7,14,4,25,10,0,10,35
12/26/2003,GYY,IN,AGL,CE,Federal Contract Tower,0,2,16,0,18,2,2,56,2,62,2,4,72,2,80,197,0,197,277
12/27/2003,GYY,IN,AGL,CE,Federal Contract Tower,0,1,15,0,16,0,0,66,0,66,0,1,81,0,82,64,0,64,146
12/28/2003,GYY,IN,AGL,CE,Federal Contract Tower,0,2,16,0,18,0,2,25,0,27,0,4,41,0,45,82,0,82,127
12/29/2003,GYY,IN,AGL,CE,Federal Contract Tower,0,1,13,0,14,0,1,30,0,31,0,2,43,0,45,66,0,66,111
12/30/2003,GYY,IN,AGL,CE,Federal Contract Tower,0,2,20,0,22,0,2,45,0,47,0,4,65,0,69,31,0,31,100
12/31/2003,GYY,IN,AGL,CE,Federal Contract Tower,0,1,14,0,15,0,1,23,0,24,0,2,37,0,39,6,0,6,45
01/01/2004,GYY,IN,AGL,CE,Federal Contract Tower,0,0,5,0,5,0,1,9,0,10,0,1,14,0,15,6,0,6,21
01/02/2004,GYY,IN,AGL,CE,Federal Contract Tower,0,1,14,0,15,0,0,3,0,3,0,1,17,0,18,0,0,0,18
01/03/2004,GYY,IN,AGL,CE,Federal Contract Tower,0,1,11,0,12,0,0,45,0,45,0,1,56,0,57,52,0,52,109
01/04/2004,GYY,IN,AGL,CE,Federal Contract Tower,0,0,14,0,14,0,0,4,0,4,0,0,18,0,18,2,0,2,20
01/05/2004,GYY,IN,AGL,CE,Federal Contract Tower,0,2,18,0,20,0,9,1,0,10,0,11,19,0,30,4,0,4,34
01/06/2004,GYY,IN,AGL,CE,Federal Contract Tower,0,2,20,0,22,0,3,5,0,8,0,5,25,0,30,4,0,4,34
01/07/2004,GYY,IN,AGL,CE,Federal Contract Tower,0,3,24,1,28,0,4,33,1,38,0,7,57,2,66,12,0,12,78
01/08/2004,GYY,IN,AGL,CE,Federal Contract Tower,0,3,14,1,18,0,1,35,3,39,0,4,49,4,57,100,0,100,157
01/09/2004,GYY,IN,AGL,CE,Federal Contract Tower,2,4,33,1,40,1,3,26,3,33,3,7,59,4,73,46,13,59,132
01/10/2004,GYY,IN,AGL,CE,Federal Contract Tower,0,0,11,0,11,0,0,55,1,56,0,0,66,1,67,16,0,16,83
01/11/2004,GYY,IN,AGL,CE,Federal Contract Tower,0,0,10,0,10,0,0,27,0,27,0,0,37,0,37,38,0,38,75
01/12/2004,GYY,IN,AGL,CE,Federal Contract Tower,0,1,19,0,20,0,1,15,2,18,0,2,34,2,38,18,0,18,56
01/13/2004,GYY,IN,AGL,CE,Federal Contract Tower,0,1,22,0,23,0,0,34,3,37,0,1,56,3,60,48,0,48,108
01/14/2004,GYY,IN,AGL,CE,Federal Contract Tower,0,1,16,0,17,0,0,16,0,16,0,1,32,0,33,6,0,6,39
01/15/2004,GYY,IN,AGL,CE,Federal Contract Tower,2,2,22,0,26,2,6,23,2,33,4,8,45,2,59,56,6,62,121
01/16/2004,GYY,IN,AGL,CE,Federal Contract Tower,2,3,21,0,26,2,5,60,2,69,4,8,81,2,95,160,0,160,255
01/17/2004,GYY,IN,AGL,CE,Federal Contract Tower,0,0,7,0,7,2,0,1,0,3,2,0,8,0,10,0,0,0,10
01/18/2004,GYY,IN,AGL,CE,Federal Contract Tower,0,2,12,0,14,0,1,16,0,17,0,3,28,0,31,14,0,14,45
01/19/2004,GYY,IN,AGL,CE,Federal Contract Tower,0,1,21,0,22,0,0,34,4,38,0,1,55,4,60,84,0,84,144
01/20/2004,GYY,IN,AGL,CE,Federal Contract Tower,3,3,33,0,39,0,0,50,0,50,3,3,83,0,89,72,0,72,161
01/21/2004,GYY,IN,AGL,CE,Federal Contract Tower,0,1,18,0,19,0,0,19,0,19,0,1,37,0,38,20,0,20,58
01/22/2004,GYY,IN,AGL,CE,Federal Contract Tower,0,0,15,0,15,0,0,28,0,28,0,0,43,0,43,36,0,36,79
01/23/2004,GYY,IN,AGL,CE,Federal Contract Tower,2,3,23,0,28,0,0,11,0,11,2,3,34,0,39,0,0,0,39
01/24/2004,GYY,IN,AGL,CE,Federal Contract Tower,0,1,10,0,11,0,0,10,0,10,0,1,20,0,21,10,0,10,31
01/25/2004,GYY,IN,AGL,CE,Federal Contract Tower,0,1,15,0,16,0,0,19,0,19,0,1,34,0,35,10,0,10,45
01/26/2004,GYY,IN,AGL,CE,Federal Contract Tower,0,0,16,0,16,4,0,2,0,6,4,0,18,0,22,0,0,0,22
01/27/2004,GYY,IN,AGL,CE,Federal Contract Tower,1,3,20,0,24,0,3,0,0,3,1,6,20,0,27,0,0,0,27
01/28/2004,GYY,IN,AGL,CE,Federal Contract Tower,1,4,24,0,29,0,2,16,0,18,1,6,40,0,47,6,0,6,53
01/29/2004,GYY,IN,AGL,CE,Federal Contract Tower,2,3,29,0,34,0,0,5,0,5,2,3,34,0,39,0,0,0,39
01/30/2004,GYY,IN,AGL,CE,Federal Contract Tower,1,3,21,0,25,2,0,30,0,32,3,3,51,0,57,28,0,28,85
01/31/2004,GYY,IN,AGL,CE,Federal Contract Tower,0,0,10,0,10,2,0,29,0,31,2,0,39,0,41,0,0,0,41
02/01/2004,GYY,IN,AGL,CE,Federal Contract Tower,1,0,7,0,8,0,0,24,0,24,1,0,31,0,32,22,0,22,54
02/02/2004,GYY,IN,AGL,CE,Federal Contract Tower,2,2,22,0,26,0,4,17,0,21,2,6,39,0,47,33,0,33,80
02/03/2004,GYY,IN,AGL,CE,Federal Contract Tower,0,3,23,0,26,0,1,10,0,11,0,4,33,0,37,10,0,10,47
02/04/2004,GYY,IN,AGL,CE,Federal Contract Tower,0,3,25,0,28,0,1,40,0,41,0,4,65,0,69,32,0,32,101
02/05/2004,GYY,IN,AGL,CE,Federal Contract Tower,0,2,17,0,19,0,1,21,0,22,0,3,38,0,41,26,0,26,67
02/06/2004,GYY,IN,AGL,CE,Federal Contract Tower,3,0,28,0,31,5,0,12,0,17,8,0,40,0,48,32,0,32,80
02/07/2004,GYY,IN,AGL,CE,Federal Contract Tower,0,0,7,0,7,0,2,4,0,6,0,2,11,0,13,4,0,4,17
02/08/2004,GYY,IN,AGL,CE,Federal Contract Tower,0,1,10,0,11,0,0,37,0,37,0,1,47,0,48,116,0,116,164
02/09/2004,GYY,IN,AGL,CE,Federal Contract Tower,2,0,17,0,19,0,0,28,0,28,2,0,45,0,47,22,0,22,69
02/10/2004,GYY,IN,AGL,CE,Federal Contract Tower,0,1,28,0,29,0,0,25,2,27,0,1,53,2,56,68,0,68,124
02/11/2004,GYY,IN,AGL,CE,Federal Contract Tower,2,2,32,0,36,0,0,41,0,41,2,2,73,0,77,40,0,40,117
02/12/2004,GYY,IN,AGL,CE,Federal Contract Tower,1,2,31,0,34,0,0,24,2,26,1,2,55,2,60,96,0,96,156
02/13/2004,GYY,IN,AGL,CE,Federal Contract Tower,1,2,18,0,21,2,1,46,0,49,3,3,64,0,70,108,0,108,178
02/14/2004,GYY,IN,AGL,CE,Federal Contract Tower,0,1,12,0,13,0,3,53,0,56,0,4,65,0,69,34,0,34,103
02/15/2004,GYY,IN,AGL,CE,Federal Contract Tower,0,0,6,0,6,0,0,22,0,22,0,0,28,0,28,30,0,30,58
02/16/2004,GYY,IN,AGL,CE,Federal Contract Tower,1,3,25,0,29,1,0,26,0,27,2,3,51,0,56,50,0,50,106
02/17/2004,GYY,IN,AGL,CE,Federal Contract Tower,2,3,34,0,39,0,8,35,0,43,2,11,69,0,82,52,0,52,134
02/18/2004,GYY,IN,AGL,CE,Federal Contract Tower,0,3,34,0,37,0,2,35,0,37,0,5,69,0,74,48,0,48,122
02/19/2004,GYY,IN,AGL,CE,Federal Contract Tower,0,3,35,0,38,0,3,32,0,35,0,6,67,0,73,58,0,58,131
02/20/2004,GYY,IN,AGL,CE,Federal Contract Tower,1,4,30,0,35,1,0,7,0,8,2,4,37,0,43,2,0,2,45
02/21/2004,GYY,IN,AGL,CE,Federal Contract Tower,0,1,11,0,12,0,3,31,0,34,0,4,42,0,46,52,0,52,98
02/22/2004,GYY,IN,AGL,CE,Federal Contract Tower,1,1,18,0,20,0,1,63,0,64,1,2,81,0,84,76,0,76,160
02/23/2004,GYY,IN,AGL,CE,Federal Contract Tower,1,0,18,0,19,1,0,13,0,14,2,0,31,0,33,34,0,34,67
02/24/2004,GYY,IN,AGL,CE,Federal Contract Tower,1,3,27,0,31,0,0,7,0,7,1,3,34,0,38,24,0,24,62
02/25/2004,GYY,IN,AGL,CE,Federal Contract Tower,1,2,21,0,24,1,1,49,0,51,2,3,70,0,75,104,0,104,179
02/26/2004,GYY,IN,AGL,CE,Federal Contract Tower,1,2,23,0,26,2,1,39,2,44,3,3,62,2,70,104,0,104,174
02/27/2004,GYY,IN,AGL,CE,Federal Contract Tower,1,2,21,0,24,2,2,40,2,46,3,4,61,2,70,64,6,70,140
02/28/2004,GYY,IN,AGL,CE,Federal Contract Tower,0,1,12,0,13,1,0,70,0,71,1,1,82,0,84,130,0,130,214
02/29/2004,GYY,IN,AGL,CE,Federal Contract Tower,0,0,12,0,12,2,0,72,0,74,2,0,84,0,86,123,0,123,209
03/01/2004,GYY,IN,AGL,CE,Federal Contract Tower,2,0,28,0,30,2,0,4,0,6,4,0,32,0,36,2,0,2,38
03/02/2004,GYY,IN,AGL,CE,Federal Contract Tower,0,3,22,0,25,0,3,37,0,40,0,6,59,0,65,54,0,54,119
03/03/2004,GYY,IN,AGL,CE,Federal Contract Tower,1,3,28,0,32,1,0,24,0,25,2,3,52,0,57,32,0,32,89
03/04/2004,GYY,IN,AGL,CE,Federal Contract Tower,0,2,29,0,31,0,0,12,0,12,0,2,41,0,43,33,0,33,76
03/05/2004,GYY,IN,AGL,CE,Federal Contract Tower,2,2,21,0,25,2,0,0,0,2,4,2,21,0,27,0,0,0,27
03/06/2004,GYY,IN,AGL,CE,Federal Contract Tower,0,3,14,0,17,0,0,36,0,36,0,3,50,0,53,22,0,22,75
03/07/2004,GYY,IN,AGL,CE,Federal Contract Tower,1,0,12,0,13,1,0,8,2,11,2,0,20,2,24,6,0,6,30
03/08/2004,GYY,IN,AGL,CE,Federal Contract Tower,2,0,22,0,24,3,0,57,0,60,5,0,79,0,84,68,0,68,152
03/09/2004,GYY,IN,AGL,CE,Federal Contract Tower,0,3,25,0,28,0,1,53,0,54,0,4,78,0,82,162,0,162,244
03/10/2004,GYY,IN,AGL,CE,Federal Contract Tower,1,0,25,0,26,0,0,34,0,34,1,0,59,0,60,42,0,42,102
03/11/2004,GYY,IN,AGL,CE,Federal Contract Tower,1,1,25,0,27,0,1,14,0,15,1,2,39,0,42,8,0,8,50
03/12/2004,GYY,IN,AGL,CE,Federal Contract Tower,2,1,18,0,21,1,1,35,0,37,3,2,53,0,58,44,0,44,102
03/13/2004,GYY,IN,AGL,CE,Federal Contract Tower,1,0,11,0,12,0,3,116,0,119,1,3,127,0,131,125,0,125,256
03/14/2004,GYY,IN,AGL,CE,Federal Contract Tower,2,0,11,0,13,0,1,20,0,21,2,1,31,0,34,12,0,12,46
03/15/2004,GYY,IN,AGL,CE,Federal Contract Tower,3,0,26,1,30,1,0,48,0,49,4,0,74,1,79,76,0,76,155
03/16/2004,GYY,IN,AGL,CE,Federal Contract Tower,3,1,23,1,28,1,3,10,1,15,4,4,33,2,43,0,0,0,43
03/17/2004,GYY,IN,AGL,CE,Federal Contract Tower,2,2,27,0,31,0,2,6,0,8,2,4,33,0,39,20,0,20,59
03/18/2004,GYY,IN,AGL,CE,Federal Contract Tower,1,1,37,0,39,0,0,11,0,11,1,1,48,0,50,8,0,8,58
03/19/2004,GYY,IN,AGL,CE,Federal Contract Tower,3,2,31,1,37,5,2,41,4,52,8,4,72,5,89,74,5,79,168
03/20/2004,GYY,IN,AGL,CE,Federal Contract Tower,0,0,11,0,11,0,0,50,0,50,0,0,61,0,61,16,0,16,77
03/21/2004,GYY,IN,AGL,CE,Federal Contract Tower,1,0,11,0,12,1,2,17,0,20,2,2,28,0,32,18,0,18,50
03/22/2004,GYY,IN,AGL,CE,Federal Contract Tower,2,1,23,0,26,4,0,53,0,57,6,1,76,0,83,56,0,56,139
03/23/2004,GYY,IN,AGL,CE,Federal Contract Tower,0,1,23,0,24,0,1,67,0,68,0,2,90,0,92,54,0,54,146
03/24/2004,GYY,IN,AGL,CE,Federal Contract Tower,1,1,18,0,20,0,2,21,2,25,1,3,39,2,45,36,0,36,81
03/25/2004,GYY,IN,AGL,CE,Federal Contract Tower,1,1,25,0,27,0,4,8,0,12,1,5,33,0,39,28,0,28,67
03/26/2004,GYY,IN,AGL,CE,Federal Contract Tower,3,0,31,0,34,1,0,14,1,16,4,0,45,1,50,42,2,44,94
03/27/2004,GYY,IN,AGL,CE,Federal Contract Tower,0,1,15,0,16,0,0,26,0,26,0,1,41,0,42,65,0,65,107
03/28/2004,GYY,IN,AGL,CE,Federal Contract Tower,2,1,21,0,24,0,3,22,0,25,2,4,43,0,49,37,0,37,86
03/29/2004,GYY,IN,AGL,CE,Federal Contract Tower,3,1,27,0,31,1,1,40,3,45,4,2,67,3,76,104,0,104,180
03/30/2004,GYY,IN,AGL,CE,Federal Contract Tower,0,0,23,0,23,0,0,25,0,25,0,0,48,0,48,51,0,51,99
03/31/2004,GYY,IN,AGL,CE,Federal Contract Tower,1,2,33,0,36,0,3,0,1,4,1,5,33,1,40,14,0,14,54
04/01/2004,GYY,IN,AGL,CE,Federal Contract Tower,2,0,22,0,24,1,0,35,3,39,3,0,57,3,63,64,0,64,127
04/02/2004,GYY,IN,AGL,CE,Federal Contract Tower,2,3,22,0,27,2,1,41,0,44,4,4,63,0,71,44,0,44,115
04/03/2004,GYY,IN,AGL,CE,Federal Contract Tower,1,0,12,0,13,4,0,43,0,47,5,0,55,0,60,54,0,54,114
04/04/2004,GYY,IN,AGL,CE,Federal Contract Tower,2,0,15,0,17,2,0,28,0,30,4,0,43,0,47,48,0,48,95
04/05/2004,GYY,IN,AGL,CE,Federal Contract Tower,3,3,22,0,28,1,2,53,2,58,4,5,75,2,86,109,0,109,195
04/06/2004,GYY,IN,AGL,CE,Federal Contract Tower,0,2,28,0,30,0,0,47,1,48,0,2,75,1,78,66,9,75,153
04/07/2004,GYY,IN,AGL,CE,Federal Contract Tower,2,3,25,0,30,0,5,62,2,69,2,8,87,2,99,160,21,181,280
04/08/2004,GYY,IN,AGL,CE,Federal Contract Tower,2,3,23,0,28,0,1,35,0,36,2,4,58,0,64,50,0,50,114
04/09/2004,GYY,IN,AGL,CE,Federal Contract Tower,2,1,13,0,16,0,0,48,0,48,2,1,61,0,64,122,0,122,186
04/10/2004,GYY,IN,AGL,CE,Federal Contract Tower,2,2,15,0,19,0,1,81,0,82,2,3,96,0,101,156,0,156,257
04/11/2004,GYY,IN,AGL,CE,Federal Contract Tower,1,1,7,0,9,1,1,10,0,12,2,2,17,0,21,0,0,0,21
04/12/2004,GYY,IN,AGL,CE,Federal Contract Tower,3,0,22,0,25,1,0,37,0,38,4,0,59,0,63,70,0,70,133
04/13/2004,GYY,IN,AGL,CE,Federal Contract Tower,0,3,20,0,23,0,4,20,1,25,0,7,40,1,48,52,0,52,100
04/14/2004,GYY,IN,AGL,CE,Federal Contract Tower,2,0,24,0,26,0,0,63,0,63,2,0,87,0,89,163,0,163,252
04/15/2004,GYY,IN,AGL,CE,Federal Contract Tower,2,2,23,0,27,0,10,38,0,48,2,12,61,0,75,88,0,88,163
04/16/2004,GYY,IN,AGL,CE,Federal Contract Tower,4,3,29,0,36,2,1,40,0,43,6,4,69,0,79,104,0,104,183
04/17/2004,GYY,IN,AGL,CE,Federal Contract Tower,0,1,10,0,11,0,2,87,0,89,0,3,97,0,100,162,0,162,262
04/18/2004,GYY,IN,AGL,CE,Federal Contract Tower,2,1,13,0,16,0,3,21,0,24,2,4,34,0,40,20,0,20,60
04/19/2004,GYY,IN,AGL,CE,Federal Contract Tower,4,1,31,0,36,4,0,14,0,18,8,1,45,0,54,24,0,24,78
04/20/2004,GYY,IN,AGL,CE,Federal Contract Tower,0,1,20,0,21,0,3,25,0,28,0,4,45,0,49,54,0,54,103
04/21/2004,GYY,IN,AGL,CE,Federal Contract Tower,3,0,18,0,21,1,0,22,0,23,4,0,40,0,44,50,0,50,94
04/22/2004,GYY,IN,AGL,CE,Federal Contract Tower,4,2,25,0,31,2,1,44,0,47,6,3,69,0,78,95,0,95,173
04/23/2004,GYY,IN,AGL,CE,Federal Contract Tower,3,1,22,0,26,1,0,41,0,42,4,1,63,0,68,58,0,58,126
04/24/2004,GYY,IN,AGL,CE,Federal Contract Tower,0,1,17,0,18,0,5,50,0,55,0,6,67,0,73,112,0,112,185
04/25/2004,GYY,IN,AGL,CE,Federal Contract Tower,2,1,13,0,16,0,1,6,0,7,2,2,19,0,23,4,0,4,27
04/26/2004,GYY,IN,AGL,CE,Federal Contract Tower,4,2,25,0,31,1,0,11,2,14,5,2,36,2,45,10,0,10,55
04/27/2004,GYY,IN,AGL,CE,Federal Contract Tower,1,1,18,0,20,0,1,41,0,42,1,2,59,0,62,94,0,94,156
04/28/2004,GYY,IN,AGL,CE,Federal Contract Tower,2,2,25,0,29,0,3,24,0,27,2,5,49,0,56,0,0,0,56
04/29/2004,GYY,IN,AGL,CE,Federal Contract Tower,1,1,17,0,19,0,2,33,0,35,1,3,50,0,54,44,0,44,98
04/30/2004,GYY,IN,AGL,CE,Federal Contract Tower,5,2,27,0,34,2,0,0,0,2,7,2,27,0,36,0,0,0,36
05/01/2004,GYY,IN,AGL,CE,Federal Contract Tower,2,0,19,0,21,0,0,8,0,8,2,0,27,0,29,20,0,20,49
05/02/2004,GYY,IN,AGL,CE,Federal Contract Tower,3,2,22,0,27,0,0,55,1,56,3,2,77,1,83,64,0,64,147
05/03/2004,GYY,IN,AGL,CE,Federal Contract Tower,5,3,29,0,37,1,1,50,3,55,6,4,79,3,92,116,0,116,208
05/04/2004,GYY,IN,AGL,CE,Federal Contract Tower,1,2,20,0,23,0,3,29,0,32,1,5,49,0,55,26,0,26,81
05/05/2004,GYY,IN,AGL,CE,Federal Contract Tower,2,2,28,0,32,0,0,71,0,71,2,2,99,0,103,92,0,92,195
05/06/2004,GYY,IN,AGL,CE,Federal Contract Tower,0,3,30,0,33,0,5,50,1,56,0,8,80,1,89,122,7,129,218
05/07/2004,GYY,IN,AGL,CE,Federal Contract Tower,4,2,28,0,34,0,0,30,0,30,4,2,58,0,64,79,0,79,143
05/08/2004,GYY,IN,AGL,CE,Federal Contract Tower,2,2,14,0,18,0,0,74,0,74,2,2,88,0,92,104,0,104,196
05/09/2004,GYY,IN,AGL,CE,Federal Contract Tower,2,1,14,0,17,0,0,25,0,25,2,1,39,0,42,42,0,42,84
05/10/2004,GYY,IN,AGL,CE,Federal Contract Tower,0,0,0,0,0,4,1,62,0,67,4,1,62,0,67,36,0,36,103
05/11/2004,GYY,IN,AGL,CE,Federal Contract Tower,0,2,24,0,26,0,0,22,0,22,0,2,46,0,48,26,0,26,74
05/12/2004,GYY,IN,AGL,CE,Federal Contract Tower,4,1,26,0,31,1,0,37,0,38,5,1,63,0,69,70,0,70,139
05/13/2004,GYY,IN,AGL,CE,Federal Contract Tower,5,2,30,0,37,2,0,20,0,22,7,2,50,0,59,39,0,39,98
05/14/2004,GYY,IN,AGL,CE,Federal Contract Tower,5,3,28,0,36,3,0,0,0,3,8,3,28,0,39,8,0,8,47
05/15/2004,GYY,IN,AGL,CE,Federal Contract Tower,3,3,23,0,29,4,3,54,2,63,7,6,77,2,92,80,0,80,172
05/16/2004,GYY,IN,AGL,CE,Federal Contract Tower,2,1,10,0,13,1,2,89,0,92,3,3,99,0,105,52,0,52,157
05/17/2004,GYY,IN,AGL,CE,Federal Contract Tower,6,3,32,0,41,0,4,19,2,25,6,7,51,2,66,48,0,48,114
05/18/2004,GYY,IN,AGL,CE,Federal Contract Tower,1,3,28,0,32,0,3,7,0,10,1,6,35,0,42,6,0,6,48
05/19/2004,GYY,IN,AGL,CE,Federal Contract Tower,4,2,30,0,36,0,2,22,0,24,4,4,52,0,60,8,0,8,68
05/20/2004,GYY,IN,AGL,CE,Federal Contract Tower,1,1,23,0,25,0,2,45,0,47,1,3,68,0,72,143,0,143,215
05/21/2004,GYY,IN,AGL,CE,Federal Contract Tower,7,3,45,0,55,10,2,1,0,13,17,5,46,0,68,28,0,28,96
05/22/2004,GYY,IN,AGL,CE,Federal Contract Tower,3,1,24,0,28,2,0,17,0,19,5,1,41,0,47,42,0,42,89
05/23/2004,GYY,IN,AGL,CE,Federal Contract Tower,2,2,25,0,29,0,2,16,0,18,2,4,41,0,47,30,0,30,77
05/24/2004,GYY,IN,AGL,CE,Federal Contract Tower,5,1,33,0,39,1,0,49,0,50,6,1,82,0,89,56,0,56,145
05/25/2004,GYY,IN,AGL,CE,Federal Contract Tower,0,1,29,0,30,0,0,32,0,32,0,1,61,0,62,70,0,70,132
05/26/2004,GYY,IN,AGL,CE,Federal Contract Tower,4,0,29,0,33,0,0,54,4,58,4,0,83,4,91,108,4,112,203
05/27/2004,GYY,IN,AGL,CE,Federal Contract Tower,1,2,29,0,32,0,2,46,0,48,1,4,75,0,80,76,0,76,156
05/28/2004,GYY,IN,AGL,CE,Federal Contract Tower,6,2,33,0,41,1,3,58,2,64,7,5,91,2,105,104,0,104,209
05/29/2004,GYY,IN,AGL,CE,Federal Contract Tower,2,1,15,0,18,4,3,41,0,48,6,4,56,0,66,107,0,107,173
05/30/2004,GYY,IN,AGL,CE,Federal Contract Tower,0,0,5,0,5,2,0,12,1,15,2,0,17,1,20,13,7,20,40
05/31/2004,GYY,IN,AGL,CE,Federal Contract Tower,2,1,17,0,20,2,9,20,0,31,4,10,37,0,51,30,0,30,81
06/01/2004,GYY,IN,AGL,CE,Federal Contract Tower,3,2,16,0,21,1,0,28,0,29,4,2,44,0,50,30,0,30,80
06/02/2004,GYY,IN,AGL,CE,Federal Contract Tower,3,2,18,0,23,5,0,11,0,16,8,2,29,0,39,62,0,62,101
06/03/2004,GYY,IN,AGL,CE,Federal Contract Tower,0,4,23,0,27,0,3,55,0,58,0,7,78,0,85,116,0,116,201
06/04/2004,GYY,IN,AGL,CE,Federal Contract Tower,3,3,22,0,28,5,0,66,0,71,8,3,88,0,99,74,0,74,173
06/05/2004,GYY,IN,AGL,CE,Federal Contract Tower,3,3,16,0,22,1,0,86,0,87,4,3,102,0,109,140,0,140,249
06/06/2004,GYY,IN,AGL,CE,Federal Contract Tower,2,3,12,0,17,0,1,41,0,42,2,4,53,0,59,34,0,34,93
06/07/2004,GYY,IN,AGL,CE,Federal Contract Tower,6,2,24,0,32,0,0,35,0,35,6,2,59,0,67,58,0,58,125
06/08/2004,GYY,IN,AGL,CE,Federal Contract Tower,2,2,16,0,20,0,4,48,1,53,2,6,64,1,73,24,0,24,97
06/09/2004,GYY,IN,AGL,CE,Federal Contract Tower,5,4,31,0,40,0,3,48,5,56,5,7,79,5,96,122,8,130,226
06/10/2004,GYY,IN,AGL,CE,Federal Contract Tower,2,3,22,0,27,0,2,20,0,22,2,5,42,0,49,3,0,3,52
06/11/2004,GYY,IN,AGL,CE,Federal Contract Tower,6,3,23,0,32,4,1,7,0,12,10,4,30,0,44,6,0,6,50
06/12/2004,GYY,IN,AGL,CE,Federal Contract Tower,4,2,16,0,22,2,2,92,0,96,6,4,108,0,118,70,0,70,188
06/13/2004,GYY,IN,AGL,CE,Federal Contract Tower,3,2,13,0,18,2,1,28,0,31,5,3,41,0,49,12,0,12,61
06/14/2004,GYY,IN,AGL,CE,Federal Contract Tower,7,3,29,0,39,0,0,26,0,26,7,3,55,0,65,38,0,38,103
06/15/2004,GYY,IN,AGL,CE,Federal Contract Tower,1,2,26,0,29,0,0,67,0,67,1,2,93,0,96,60,0,60,156
06/16/2004,GYY,IN,AGL,CE,Federal Contract Tower,4,0,25,0,29,0,0,72,0,72,4,0,97,0,101,100,0,100,201
06/17/2004,GYY,IN,AGL,CE,Federal Contract Tower,4,3,27,0,34,0,3,36,0,39,4,6,63,0,73,84,0,84,157
06/18/2004,GYY,IN,AGL,CE,Federal Contract Tower,7,2,25,1,35,3,3,34,1,41,10,5,59,2,76,45,0,45,121
06/19/2004,GYY,IN,AGL,CE,Federal Contract Tower,5,0,22,0,27,0,0,48,0,48,5,0,70,0,75,40,0,40,115
06/20/2004,GYY,IN,AGL,CE,Federal Contract Tower,5,1,18,0,24,2,2,63,2,69,7,3,81,2,93,58,0,58,151
06/21/2004,GYY,IN,AGL,CE,Federal Contract Tower,6,0,25,0,31,2,0,29,0,31,8,0,54,0,62,14,0,14,76
06/22/2004,GYY,IN,AGL,CE,Federal Contract Tower,0,0,23,0,23,0,0,83,0,83,0,0,106,0,106,94,0,94,200
06/23/2004,GYY,IN,AGL,CE,Federal Contract Tower,4,3,36,0,43,0,2,65,0,67,4,5,101,0,110,92,0,92,202
06/24/2004,GYY,IN,AGL,CE,Federal Contract Tower,5,2,23,0,30,4,0,43,0,47,9,2,66,0,77,81,0,81,158
06/25/2004,GYY,IN,AGL,CE,Federal Contract Tower,6,3,29,0,38,3,4,47,2,56,9,7,76,2,94,174,0,174,268
06/26/2004,GYY,IN,AGL,CE,Federal Contract Tower,4,1,17,0,22,3,1,44,4,52,7,2,61,4,74,48,0,48,122
06/27/2004,GYY,IN,AGL,CE,Federal Contract Tower,3,1,15,0,19,2,2,60,0,64,5,3,75,0,83,54,0,54,137
06/28/2004,GYY,IN,AGL,CE,Federal Contract Tower,6,2,23,0,31,2,2,33,1,38,8,4,56,1,69,52,0,52,121
06/29/2004,GYY,IN,AGL,CE,Federal Contract Tower,2,2,24,0,28,0,2,62,2,66,2,4,86,2,94,112,0,112,206
06/30/2004,GYY,IN,AGL,CE,Federal Contract Tower,4,2,27,0,33,0,1,61,0,62,4,3,88,0,95,126,0,126,221
07/01/2004,GYY,IN,AGL,CE,Federal Contract Tower,5,2,24,0,31,0,0,65,3,68,5,2,89,3,99,162,11,173,272
07/02/2004,GYY,IN,AGL,CE,Federal Contract Tower,3,2,18,0,23,5,0,94,3,102,8,2,112,3,125,96,17,113,238
07/03/2004,GYY,IN,AGL,CE,Federal Contract Tower,2,1,15,0,18,10,0,32,0,42,12,1,47,0,60,44,0,44,104
07/04/2004,GYY,IN,AGL,CE,Federal Contract Tower,1,0,10,1,12,3,5,15,0,23,4,5,25,1,35,0,28,28,63
07/05/2004,GYY,IN,AGL,CE,Federal Contract Tower,4,2,21,0,27,3,0,48,0,51,7,2,69,0,78,16,0,16,94
07/06/2004,GYY,IN,AGL,CE,Federal Contract Tower,5,1,24,0,30,0,0,42,0,42,5,1,66,0,72,72,0,72,144
07/07/2004,GYY,IN,AGL,CE,Federal Contract Tower,3,1,17,0,21,0,1,77,0,78,3,2,94,0,99,170,0,170,269
07/08/2004,GYY,IN,AGL,CE,Federal Contract Tower,4,2,20,1,27,0,0,30,3,33,4,2,50,4,60,70,0,70,130
07/09/2004,GYY,IN,AGL,CE,Federal Contract Tower,9,2,33,0,44,0,2,64,0,66,9,4,97,0,110,100,0,100,210
07/10/2004,GYY,IN,AGL,CE,Federal Contract Tower,6,1,19,1,27,0,1,49,9,59,6,2,68,10,86,110,0,110,196
07/11/2004,GYY,IN,AGL,CE,Federal Contract Tower,3,1,12,0,16,1,0,35,0,36,4,1,47,0,52,52,0,52,104
07/12/2004,GYY,IN,AGL,CE,Federal Contract Tower,6,2,20,1,29,2,2,33,1,38,8,4,53,2,67,64,0,64,131
07/13/2004,GYY,IN,AGL,CE,Federal Contract Tower,0,1,16,0,17,0,1,37,0,38,0,2,53,0,55,70,0,70,125
07/14/2004,GYY,IN,AGL,CE,Federal Contract Tower,4,3,28,0,35,0,3,64,0,67,4,6,92,0,102,124,0,124,226
07/15/2004,GYY,IN,AGL,CE,Federal Contract Tower,4,2,24,1,31,0,2,93,15,110,4,4,117,16,141,230,8,238,379
07/16/2004,GYY,IN,AGL,CE,Federal Contract Tower,8,3,28,1,40,4,2,61,11,78,12,5,89,12,118,116,42,158,276
07/17/2004,GYY,IN,AGL,CE,Federal Contract Tower,5,1,15,1,22,4,0,104,20,128,9,1,119,21,150,77,60,137,287
07/18/2004,GYY,IN,AGL,CE,Federal Contract Tower,4,1,14,1,20,0,1,106,21,128,4,2,120,22,148,118,70,188,336
07/19/2004,GYY,IN,AGL,CE,Federal Contract Tower,8,2,27,1,38,0,1,39,14,54,8,3,66,15,92,66,16,82,174
07/20/2004,GYY,IN,AGL,CE,Federal Contract Tower,0,2,20,0,22,0,1,68,0,69,0,3,88,0,91,37,0,37,128
07/21/2004,GYY,IN,AGL,CE,Federal Contract Tower,6,2,29,0,37,0,4,39,0,43,6,6,68,0,80,32,0,32,112
07/22/2004,GYY,IN,AGL,CE,Federal Contract Tower,8,3,35,2,48,0,10,36,0,46,8,13,71,2,94,80,0,80,174
07/23/2004,GYY,IN,AGL,CE,Federal Contract Tower,8,2,29,0,39,1,0,63,2,66,9,2,92,2,105,148,0,148,253
07/24/2004,GYY,IN,AGL,CE,Federal Contract Tower,6,1,19,0,26,0,3,70,4,77,6,4,89,4,103,74,0,74,177
07/25/2004,GYY,IN,AGL,CE,Federal Contract Tower,3,1,15,0,19,0,3,39,0,42,3,4,54,0,61,16,0,16,77
07/26/2004,GYY,IN,AGL,CE,Federal Contract Tower,8,1,33,0,42,0,0,42,0,42,8,1,75,0,84,58,0,58,142
07/27/2004,GYY,IN,AGL,CE,Federal Contract Tower,0,0,11,0,11,0,0,35,0,35,0,0,46,0,46,54,0,54,100
07/28/2004,GYY,IN,AGL,CE,Federal Contract Tower,4,0,24,0,28,0,0,61,2,63,4,0,85,2,91,96,0,96,187
07/29/2004,GYY,IN,AGL,CE,Federal Contract Tower,8,2,27,0,37,1,3,80,2,86,9,5,107,2,123,158,0,158,281
07/30/2004,GYY,IN,AGL,CE,Federal Contract Tower,10,2,36,0,48,2,2,25,0,29,12,4,61,0,77,42,0,42,119
07/31/2004,GYY,IN,AGL,CE,Federal Contract Tower,6,0,19,0,25,0,0,57,0,57,6,0,76,0,82,68,0,68,150
08/01/2004,GYY,IN,AGL,CE,Federal Contract Tower,3,0,13,0,16,0,0,61,0,61,3,0,74,0,77,50,0,50,127
08/02/2004,GYY,IN,AGL,CE,Federal Contract Tower,3,0,20,1,24,6,0,37,0,43,9,0,57,1,67,78,0,78,145
08/03/2004,GYY,IN,AGL,CE,Federal Contract Tower,2,2,16,1,21,2,0,58,0,60,4,2,74,1,81,118,0,118,199
08/04/2004,GYY,IN,AGL,CE,Federal Contract Tower,4,4,28,0,36,0,0,20,0,20,4,4,48,0,56,8,0,8,64
08/05/2004,GYY,IN,AGL,CE,Federal Contract Tower,6,2,22,1,31,1,0,66,0,67,7,2,88,1,98,138,11,149,247
08/06/2004,GYY,IN,AGL,CE,Federal Contract Tower,8,5,30,0,43,2,2,58,0,62,10,7,88,0,105,138,0,138,243
08/07/2004,GYY,IN,AGL,CE,Federal Contract Tower,4,0,16,0,20,3,0,120,0,123,7,0,136,0,143,130,0,130,273
08/08/2004,GYY,IN,AGL,CE,Federal Contract Tower,4,0,16,0,20,0,0,54,0,54,4,0,70,0,74,64,0,64,138
08/09/2004,GYY,IN,AGL,CE,Federal Contract Tower,7,4,27,2,40,3,0,32,2,37,10,4,59,4,77,48,0,48,125
08/10/2004,GYY,IN,AGL,CE,Federal Contract Tower,2,3,25,0,30,0,2,51,0,53,2,5,76,0,83,92,0,92,175
08/11/2004,GYY,IN,AGL,CE,Federal Contract Tower,7,3,25,2,37,0,2,30,0,32,7,5,55,2,69,80,0,80,149
08/12/2004,GYY,IN,AGL,CE,Federal Contract Tower,9,4,35,3,51,4,6,30,1,41,13,10,65,4,92,45,0,45,137
08/13/2004,GYY,IN,AGL,CE,Federal Contract Tower,6,3,29,2,40,0,7,63,4,74,6,10,92,6,114,195,11,206,320
08/14/2004,GYY,IN,AGL,CE,Federal Contract Tower,1,2,18,2,23,0,4,57,0,61,1,6,75,2,84,108,6,114,198
08/15/2004,GYY,IN,AGL,CE,Federal Contract Tower,4,2,3,2,11,0,3,0,86,89,4,5,3,88,100,62,0,62,162
08/16/2004,GYY,IN,AGL,CE,Federal Contract Tower,7,3,28,0,38,1,0,59,0,60,8,3,87,0,98,60,0,60,158
08/17/2004,GYY,IN,AGL,CE,Federal Contract Tower,3,2,18,0,23,0,2,17,0,19,3,4,35,0,42,18,0,18,60
08/18/2004,GYY,IN,AGL,CE,Federal Contract Tower,1,0,28,1,30,0,0,47,8,55,1,0,75,9,85,44,16,60,145
08/19/2004,GYY,IN,AGL,CE,Federal Contract Tower,5,4,33,2,44,0,0,89,91,180,5,4,122,93,224,84,158,242,466
08/20/2004,GYY,IN,AGL,CE,Federal Contract Tower,6,0,26,1,33,2,0,181,84,267,8,0,207,85,300,282,198,480,780
08/21/2004,GYY,IN,AGL,CE,Federal Contract Tower,4,0,14,0,18,0,0,144,84,228,4,0,158,84,246,176,152,328,574
08/22/2004,GYY,IN,AGL,CE,Federal Contract Tower,6,1,23,1,31,1,0,116,86,203,7,1,139,87,234,152,83,235,469
08/23/2004,GYY,IN,AGL,CE,Federal Contract Tower,5,3,37,2,47,0,0,31,14,45,5,3,68,16,92,24,0,24,116
08/24/2004,GYY,IN,AGL,CE,Federal Contract Tower,3,3,28,0,34,0,1,29,0,30,3,4,57,0,64,24,0,24,88
08/25/2004,GYY,IN,AGL,CE,Federal Contract Tower,5,3,28,0,36,0,3,17,0,20,5,6,45,0,56,44,0,44,100
08/26/2004,GYY,IN,AGL,CE,Federal Contract Tower,5,3,26,1,35,0,15,20,1,36,5,18,46,2,71,70,0,70,141
08/27/2004,GYY,IN,AGL,CE,Federal Contract Tower,7,4,28,0,39,0,13,21,0,34,7,17,49,0,73,60,0,60,133
08/28/2004,GYY,IN,AGL,CE,Federal Contract Tower,4,2,16,0,22,1,3,0,0,4,5,5,16,0,26,6,0,6,32
08/29/2004,GYY,IN,AGL,CE,Federal Contract Tower,5,3,26,1,35,0,4,40,0,44,5,7,66,1,79,54,0,54,133
08/30/2004,GYY,IN,AGL,CE,Federal Contract Tower,7,4,29,1,41,5,3,36,0,44,12,7,65,1,85,96,0,96,181
08/31/2004,GYY,IN,AGL,CE,Federal Contract Tower,6,2,23,0,31,2,0,63,0,65,8,2,86,0,96,64,0,64,160
09/01/2004,GYY,IN,AGL,CE,Federal Contract Tower,3,1,20,0,24,2,0,44,2,48,5,1,64,2,72,42,0,42,114
09/02/2004,GYY,IN,AGL,CE,Federal Contract Tower,3,2,22,0,27,2,0,29,0,31,5,2,51,0,58,24,0,24,82
09/03/2004,GYY,IN,AGL,CE,Federal Contract Tower,3,5,26,0,34,8,2,21,2,33,11,7,47,2,67,37,0,37,104
09/04/2004,GYY,IN,AGL,CE,Federal Contract Tower,2,2,15,0,19,0,7,35,0,42,2,9,50,0,61,98,0,98,159
09/05/2004,GYY,IN,AGL,CE,Federal Contract Tower,2,1,5,0,8,0,0,30,0,30,2,1,35,0,38,38,0,38,76
09/06/2004,GYY,IN,AGL,CE,Federal Contract Tower,3,3,19,0,25,0,5,16,0,21,3,8,35,0,46,13,0,13,59
09/07/2004,GYY,IN,AGL,CE,Federal Contract Tower,4,1,23,0,28,0,0,34,0,34,4,1,57,0,62,30,0,30,92
09/08/2004,GYY,IN,AGL,CE,Federal Contract Tower,5,3,35,0,43,0,0,37,0,37,5,3,72,0,80,82,0,82,162
09/09/2004,GYY,IN,AGL,CE,Federal Contract Tower,2,2,32,0,36,0,0,44,0,44,2,2,76,0,80,82,0,82,162
09/10/2004,GYY,IN,AGL,CE,Federal Contract Tower,8,6,38,0,52,5,6,48,5,64,13,12,86,5,116,74,9,83,199
09/11/2004,GYY,IN,AGL,CE,Federal Contract Tower,3,0,15,0,18,2,0,96,3,101,5,0,111,3,119,114,4,118,237
09/12/2004,GYY,IN,AGL,CE,Federal Contract Tower,3,1,16,0,20,1,0,36,2,39,4,1,52,2,59,14,0,14,73
09/13/2004,GYY,IN,AGL,CE,Federal Contract Tower,6,3,26,0,35,1,0,30,0,31,7,3,56,0,66,68,0,68,134
09/14/2004,GYY,IN,AGL,CE,Federal Contract Tower,7,0,35,0,42,2,0,31,0,33,9,0,66,0,75,4,0,4,79
09/15/2004,GYY,IN,AGL,CE,Federal Contract Tower,2,4,36,0,42,0,8,19,0,27,2,12,55,0,69,56,0,56,125
09/16/2004,GYY,IN,AGL,CE,Federal Contract Tower,5,4,30,0,39,0,2,32,0,34,5,6,62,0,73,38,0,38,111
09/17/2004,GYY,IN,AGL,CE,Federal Contract Tower,5,3,23,1,32,1,8,43,1,53,6,11,66,2,85,52,0,52,137
09/18/2004,GYY,IN,AGL,CE,Federal Contract Tower,3,1,13,0,17,1,0,31,0,32,4,1,44,0,49,16,0,16,65
09/19/2004,GYY,IN,AGL,CE,Federal Contract Tower,4,1,21,0,26,0,0,27,0,27,4,1,48,0,53,48,0,48,101
09/20/2004,GYY,IN,AGL,CE,Federal Contract Tower,6,0,28,0,34,3,0,47,0,50,9,0,75,0,84,38,0,38,122
09/21/2004,GYY,IN,AGL,CE,Federal Contract Tower,3,3,24,0,30,0,1,27,0,28,3,4,51,0,58,28,0,28,86
09/22/2004,GYY,IN,AGL,CE,Federal Contract Tower,0,3,27,0,30,0,5,46,2,53,0,8,73,2,83,54,0,54,137
09/23/2004,GYY,IN,AGL,CE,Federal Contract Tower,3,4,33,0,40,0,4,36,0,40,3,8,69,0,80,60,0,60,140
09/24/2004,GYY,IN,AGL,CE,Federal Contract Tower,5,3,27,0,35,1,7,35,0,43,6,10,62,0,78,100,0,100,178
09/25/2004,GYY,IN,AGL,CE,Federal Contract Tower,3,0,13,0,16,1,0,86,2,89,4,0,99,2,105,32,0,32,137
09/26/2004,GYY,IN,AGL,CE,Federal Contract Tower,1,1,12,0,14,0,7,68,0,75,1,8,80,0,89,144,0,144,233
09/27/2004,GYY,IN,AGL,CE,Federal Contract Tower,6,3,28,0,37,3,1,44,0,48,9,4,72,0,85,100,0,100,185
09/28/2004,GYY,IN,AGL,CE,Federal Contract Tower,0,1,17,0,18,0,0,18,0,18,0,1,35,0,36,14,0,14,50
09/29/2004,GYY,IN,AGL,CE,Federal Contract Tower,3,3,28,0,34,0,8,48,0,56,3,11,76,0,90,62,0,62,152
09/30/2004,GYY,IN,AGL,CE,Federal Contract Tower,6,4,30,0,40,1,2,38,2,43,7,6,68,2,83,57,0,57,140
10/01/2004,GYY,IN,AGL,CE,Federal Contract Tower,6,2,26,2,36,0,2,32,2,36,6,4,58,4,72,35,0,35,107
10/02/2004,GYY,IN,AGL,CE,Federal Contract Tower,2,2,13,0,17,0,0,46,0,46,2,2,59,0,63,50,0,50,113
10/03/2004,GYY,IN,AGL,CE,Federal Contract Tower,3,2,14,0,19,0,0,34,0,34,3,2,48,0,53,68,0,68,121
10/04/2004,GYY,IN,AGL,CE,Federal Contract Tower,6,0,26,0,32,0,0,32,0,32,6,0,58,0,64,34,0,34,98
10/05/2004,GYY,IN,AGL,CE,Federal Contract Tower,1,1,16,0,18,0,0,46,2,48,1,1,62,2,66,68,0,68,134
10/06/2004,GYY,IN,AGL,CE,Federal Contract Tower,0,6,23,0,29,0,0,52,0,52,0,6,75,0,81,48,0,48,129
10/07/2004,GYY,IN,AGL,CE,Federal Contract Tower,7,3,15,0,25,0,4,58,2,64,7,7,73,2,89,108,0,108,197
10/08/2004,GYY,IN,AGL,CE,Federal Contract Tower,9,2,35,0,46,0,2,21,0,23,9,4,56,0,69,4,0,4,73
10/09/2004,GYY,IN,AGL,CE,Federal Contract Tower,4,2,9,0,15,0,2,133,0,135,4,4,142,0,150,124,0,124,274
10/10/2004,GYY,IN,AGL,CE,Federal Contract Tower,5,1,14,0,20,0,0,44,0,44,5,1,58,0,64,44,0,44,108
10/11/2004,GYY,IN,AGL,CE,Federal Contract Tower,6,3,28,0,37,0,0,28,0,28,6,3,56,0,65,38,0,38,103
10/12/2004,GYY,IN,AGL,CE,Federal Contract Tower,1,2,28,0,31,0,2,27,0,29,1,4,55,0,60,30,0,30,90
10/13/2004,GYY,IN,AGL,CE,Federal Contract Tower,1,1,37,0,39,0,1,35,0,36,1,2,72,0,75,102,0,102,177
10/14/2004,GYY,IN,AGL,CE,Federal Contract Tower,3,4,18,0,25,0,3,25,0,28,3,7,43,0,53,156,0,156,209
10/15/2004,GYY,IN,AGL,CE,Federal Contract Tower,6,0,26,0,32,0,6,19,2,27,6,6,45,2,59,33,0,33,92
10/16/2004,GYY,IN,AGL,CE,Federal Contract Tower,2,2,13,0,17,0,2,15,0,17,2,4,28,0,34,14,0,14,48
10/17/2004,GYY,IN,AGL,CE,Federal Contract Tower,2,0,14,0,16,0,0,34,0,34,2,0,48,0,50,48,0,48,98
10/18/2004,GYY,IN,AGL,CE,Federal Contract Tower,6,0,30,0,36,0,2,14,0,16,6,2,44,0,52,0,0,0,52
10/19/2004,GYY,IN,AGL,CE,Federal Contract Tower,1,1,28,0,30,0,2,3,0,5,1,3,31,0,35,30,0,30,65
10/20/2004,GYY,IN,AGL,CE,Federal Contract Tower,0,4,26,0,30,0,2,4,0,6,0,6,30,0,36,22,0,22,58
10/21/2004,GYY,IN,AGL,CE,Federal Contract Tower,3,2,22,0,27,0,4,37,2,43,3,6,59,2,70,46,0,46,116
10/22/2004,GYY,IN,AGL,CE,Federal Contract Tower,7,0,21,0,28,0,2,20,0,22,7,2,41,0,50,42,0,42,92
10/23/2004,GYY,IN,AGL,CE,Federal Contract Tower,4,0,7,0,11,0,0,3,0,3,4,0,10,0,14,22,0,22,36
10/24/2004,GYY,IN,AGL,CE,Federal Contract Tower,5,2,12,0,19,0,0,46,0,46,5,2,58,0,65,76,0,76,141
10/25/2004,GYY,IN,AGL,CE,Federal Contract Tower,9,6,23,0,38,0,4,39,0,43,9,10,62,0,81,88,0,88,169
10/26/2004,GYY,IN,AGL,CE,Federal Contract Tower,3,0,31,0,34,0,0,23,0,23,3,0,54,0,57,134,0,134,191
10/27/2004,GYY,IN,AGL,CE,Federal Contract Tower,0,3,37,0,40,0,4,21,0,25,0,7,58,0,65,74,0,74,139
10/28/2004,GYY,IN,AGL,CE,Federal Contract Tower,5,2,54,0,61,0,0,6,0,6,5,2,60,0,67,12,0,12,79
10/29/2004,GYY,IN,AGL,CE,Federal Contract Tower,8,4,31,0,43,0,6,15,0,21,8,10,46,0,64,18,0,18,82
10/30/2004,GYY,IN,AGL,CE,Federal Contract Tower,6,4,6,0,16,0,0,15,0,15,6,4,21,0,31,10,0,10,41
10/31/2004,GYY,IN,AGL,CE,Federal Contract Tower,5,0,12,0,17,0,0,58,0,58,5,0,70,0,75,52,0,52,127
11/01/2004,GYY,IN,AGL,CE,Federal Contract Tower,7,5,29,0,41,0,0,8,0,8,7,5,37,0,49,2,0,2,51
11/02/2004,GYY,IN,AGL,CE,Federal Contract Tower,3,0,27,0,30,0,0,13,0,13,3,0,40,0,43,94,0,94,137
11/03/2004,GYY,IN,AGL,CE,Federal Contract Tower,1,3,21,0,25,0,0,42,0,42,1,3,63,0,67,190,0,190,257
11/04/2004,GYY,IN,AGL,CE,Federal Contract Tower,5,7,29,0,41,0,4,16,0,20,5,11,45,0,61,46,0,46,107
11/05/2004,GYY,IN,AGL,CE,Federal Contract Tower,6,3,23,0,32,0,4,56,1,61,6,7,79,1,93,50,11,61,154
11/06/2004,GYY,IN,AGL,CE,Federal Contract Tower,4,1,18,2,25,0,2,69,0,71,4,3,87,2,96,30,0,30,126
11/07/2004,GYY,IN,AGL,CE,Federal Contract Tower,4,1,8,2,15,0,0,38,0,38,4,1,46,2,53,32,0,32,85
11/08/2004,GYY,IN,AGL,CE,Federal Contract Tower,6,2,20,0,28,0,2,23,0,25,6,4,43,0,53,42,0,42,95
11/09/2004,GYY,IN,AGL,CE,Federal Contract Tower,3,5,25,0,33,0,0,40,0,40,3,5,65,0,73,48,0,48,121
11/10/2004,GYY,IN,AGL,CE,Federal Contract Tower,0,8,22,0,30,0,0,41,0,41,0,8,63,0,71,158,0,158,229
11/11/2004,GYY,IN,AGL,CE,Federal Contract Tower,5,2,21,0,28,0,2,25,0,27,5,4,46,0,55,42,0,42,97
11/12/2004,GYY,IN,AGL,CE,Federal Contract Tower,7,2,25,0,34,0,4,28,1,33,7,6,53,1,67,58,6,64,131
11/13/2004,GYY,IN,AGL,CE,Federal Contract Tower,4,1,8,0,13,0,0,139,0,139,4,1,147,0,152,250,0,250,402
11/14/2004,GYY,IN,AGL,CE,Federal Contract Tower,4,2,11,0,17,0,1,47,0,48,4,3,58,0,65,60,0,60,125
11/15/2004,GYY,IN,AGL,CE,Federal Contract Tower,6,2,19,0,27,0,0,27,0,27,6,2,46,0,54,40,0,40,94
11/16/2004,GYY,IN,AGL,CE,Federal Contract Tower,1,7,22,0,30,0,0,17,0,17,1,7,39,0,47,44,0,44,91
11/17/2004,GYY,IN,AGL,CE,Federal Contract Tower,0,2,31,0,33,0,0,6,0,6,0,2,37,0,39,20,0,20,59
11/18/2004,GYY,IN,AGL,CE,Federal Contract Tower,5,3,21,0,29,0,2,6,0,8,5,5,27,0,37,20,0,20,57
11/19/2004,GYY,IN,AGL,CE,Federal Contract Tower,11,7,19,0,37,0,0,6,0,6,11,7,25,0,43,8,0,8,51
11/20/2004,GYY,IN,AGL,CE,Federal Contract Tower,10,2,12,0,24,0,0,17,0,17,10,2,29,0,41,68,0,68,109
11/21/2004,GYY,IN,AGL,CE,Federal Contract Tower,5,1,15,0,21,0,4,39,0,43,5,5,54,0,64,54,0,54,118
11/22/2004,GYY,IN,AGL,CE,Federal Contract Tower,8,4,24,0,36,0,2,26,0,28,8,6,50,0,64,50,0,50,114
11/23/2004,GYY,IN,AGL,CE,Federal Contract Tower,1,4,18,0,23,0,2,18,0,20,1,6,36,0,43,50,0,50,93
11/24/2004,GYY,IN,AGL,CE,Federal Contract Tower,2,4,23,0,29,0,0,27,0,27,2,4,50,0,56,12,0,12,68
11/25/2004,GYY,IN,AGL,CE,Federal Contract Tower,2,2,7,0,11,0,2,7,0,9,2,4,14,0,20,8,0,8,28
11/26/2004,GYY,IN,AGL,CE,Federal Contract Tower,8,0,7,0,15,0,0,17,0,17,8,0,24,0,32,19,0,19,51
11/27/2004,GYY,IN,AGL,CE,Federal Contract Tower,7,0,11,0,18,0,0,1,0,1,7,0,12,0,19,0,0,0,19
11/28/2004,GYY,IN,AGL,CE,Federal Contract Tower,5,1,15,0,21,0,0,49,0,49,5,1,64,0,70,122,0,122,192
11/29/2004,GYY,IN,AGL,CE,Federal Contract Tower,7,6,23,0,36,0,0,7,0,7,7,6,30,0,43,24,0,24,67
11/30/2004,GYY,IN,AGL,CE,Federal Contract Tower,4,8,26,0,38,0,0,3,0,3,4,8,29,0,41,10,0,10,51
12/01/2004,GYY,IN,AGL,CE,Federal Contract Tower,0,6,32,0,38,0,2,29,2,33,0,8,61,2,71,99,0,99,170
12/02/2004,GYY,IN,AGL,CE,Federal Contract Tower,2,0,25,0,27,0,0,39,0,39,2,0,64,0,66,90,0,90,156
12/03/2004,GYY,IN,AGL,CE,Federal Contract Tower,5,1,20,0,26,0,2,31,0,33,5,3,51,0,59,78,0,78,137
12/04/2004,GYY,IN,AGL,CE,Federal Contract Tower,0,0,15,0,15,0,5,32,0,37,0,5,47,0,52,36,0,36,88
12/05/2004,GYY,IN,AGL,CE,Federal Contract Tower,1,4,8,0,13,0,0,34,0,34,1,4,42,0,47,68,0,68,115
12/06/2004,GYY,IN,AGL,CE,Federal Contract Tower,3,10,32,0,45,0,0,4,0,4,3,10,36,0,49,0,0,0,49
12/07/2004,GYY,IN,AGL,CE,Federal Contract Tower,3,8,16,0,27,0,0,8,0,8,3,8,24,0,35,0,0,0,35
12/08/2004,GYY,IN,AGL,CE,Federal Contract Tower,0,4,37,0,41,0,2,21,0,23,0,6,58,0,64,14,0,14,78
12/09/2004,GYY,IN,AGL,CE,Federal Contract Tower,1,1,35,0,37,0,2,33,1,36,1,3,68,1,73,97,7,104,177
12/10/2004,GYY,IN,AGL,CE,Federal Contract Tower,4,4,28,0,36,0,4,2,0,6,4,8,30,0,42,40,0,40,82
12/11/2004,GYY,IN,AGL,CE,Federal Contract Tower,3,4,15,0,22,0,6,71,0,77,3,10,86,0,99,96,0,96,195
12/12/2004,GYY,IN,AGL,CE,Federal Contract Tower,6,1,15,0,22,0,0,2,0,2,6,1,17,0,24,0,0,0,24
12/13/2004,GYY,IN,AGL,CE,Federal Contract Tower,4,1,19,2,26,0,0,10,0,10,4,1,29,2,36,0,0,0,36
12/14/2004,GYY,IN,AGL,CE,Federal Contract Tower,3,0,26,0,29,0,0,35,0,35,3,0,61,0,64,28,0,28,92
12/15/2004,GYY,IN,AGL,CE,Federal Contract Tower,0,3,33,2,38,0,0,44,0,44,0,3,77,2,82,34,0,34,116
12/16/2004,GYY,IN,AGL,CE,Federal Contract Tower,1,1,20,0,22,0,4,28,0,32,1,5,48,0,54,88,0,88,142
12/17/2004,GYY,IN,AGL,CE,Federal Contract Tower,5,2,20,0,27,0,2,29,0,31,5,4,49,0,58,88,0,88,146
12/18/2004,GYY,IN,AGL,CE,Federal Contract Tower,0,2,11,0,13,0,0,34,2,36,0,2,45,2,49,44,0,44,93
12/19/2004,GYY,IN,AGL,CE,Federal Contract Tower,0,0,8,0,8,0,0,2,0,2,0,0,10,0,10,4,0,4,14
12/20/2004,GYY,IN,AGL,CE,Federal Contract Tower,1,1,19,0,21,0,0,16,0,16,1,1,35,0,37,24,0,24,61
12/21/2004,GYY,IN,AGL,CE,Federal Contract Tower,5,4,20,0,29,0,1,19,0,20,5,5,39,0,49,38,0,38,87
12/22/2004,GYY,IN,AGL,CE,Federal Contract Tower,0,10,24,0,34,0,3,25,0,28,0,13,49,0,62,26,0,26,88
12/23/2004,GYY,IN,AGL,CE,Federal Contract Tower,3,4,20,0,27,0,3,21,0,24,3,7,41,0,51,42,0,42,93
12/24/2004,GYY,IN,AGL,CE,Federal Contract Tower,4,2,6,0,12,0,0,32,0,32,4,2,38,0,44,94,0,94,138
12/25/2004,GYY,IN,AGL,CE,Federal Contract Tower,1,0,3,0,4,0,2,6,2,10,1,2,9,2,14,6,0,6,20
12/26/2004,GYY,IN,AGL,CE,Federal Contract Tower,1,1,7,0,9,0,0,9,0,9,1,1,16,0,18,59,0,59,77
12/27/2004,GYY,IN,AGL,CE,Federal Contract Tower,6,1,16,0,23,0,0,13,0,13,6,1,29,0,36,2,0,2,38
12/28/2004,GYY,IN,AGL,CE,Federal Contract Tower,1,0,10,0,11,0,0,36,0,36,1,0,46,0,47,84,0,84,131
12/29/2004,GYY,IN,AGL,CE,Federal Contract Tower,0,2,23,0,25,0,0,33,0,33,0,2,56,0,58,26,0,26,84
12/30/2004,GYY,IN,AGL,CE,Federal Contract Tower,2,0,20,0,22,0,0,2,0,2,2,0,22,0,24,10,0,10,34
12/31/2004,GYY,IN,AGL,CE,Federal Contract Tower,2,0,12,0,14,0,4,24,0,28,2,4,36,0,42,45,0,45,87
01/01/2005,GYY,IN,AGL,CE,Federal Contract Tower,1,0,9,0,10,0,0,16,0,16,1,0,25,0,26,0,0,0,26
01/02/2005,GYY,IN,AGL,CE,Federal Contract Tower,1,1,10,0,12,0,0,0,0,0,1,1,10,0,12,0,0,0,12
01/03/2005,GYY,IN,AGL,CE,Federal Contract Tower,2,2,18,0,22,0,0,4,0,4,2,2,22,0,26,0,0,0,26
01/04/2005,GYY,IN,AGL,CE,Federal Contract Tower,2,9,18,0,29,0,0,14,0,14,2,9,32,0,43,4,0,4,47
01/05/2005,GYY,IN,AGL,CE,Federal Contract Tower,0,8,10,0,18,0,0,0,0,0,0,8,10,0,18,0,0,0,18
01/06/2005,GYY,IN,AGL,CE,Federal Contract Tower,2,5,11,0,18,0,0,10,0,10,2,5,21,0,28,29,0,29,57
01/07/2005,GYY,IN,AGL,CE,Federal Contract Tower,4,3,16,0,23,0,0,5,2,7,4,3,21,2,30,20,0,20,50
01/08/2005,GYY,IN,AGL,CE,Federal Contract Tower,0,0,10,0,10,0,0,19,0,19,0,0,29,0,29,42,0,42,71
01/09/2005,GYY,IN,AGL,CE,Federal Contract Tower,1,0,12,0,13,0,0,5,0,5,1,0,17,0,18,44,0,44,62
01/10/2005,GYY,IN,AGL,CE,Federal Contract Tower,1,0,22,0,23,0,0,10,0,10,1,0,32,0,33,38,0,38,71
01/11/2005,GYY,IN,AGL,CE,Federal Contract Tower,0,5,16,0,21,0,0,2,0,2,0,5,18,0,23,0,0,0,23
01/12/2005,GYY,IN,AGL,CE,Federal Contract Tower,4,4,25,0,33,0,0,2,0,2,4,4,27,0,35,6,0,6,41
01/13/2005,GYY,IN,AGL,CE,Federal Contract Tower,6,6,22,0,34,0,0,1,0,1,6,6,23,0,35,10,0,10,45
01/14/2005,GYY,IN,AGL,CE,Federal Contract Tower,3,5,29,0,37,0,2,27,0,29,3,7,56,0,66,125,0,125,191
01/15/2005,GYY,IN,AGL,CE,Federal Contract Tower,0,4,5,0,9,0,3,27,0,30,0,7,32,0,39,88,0,88,127
01/16/2005,GYY,IN,AGL,CE,Federal Contract Tower,1,0,6,0,7,0,0,28,0,28,1,0,34,0,35,56,0,56,91
01/17/2005,GYY,IN,AGL,CE,Federal Contract Tower,0,3,20,0,23,0,0,22,0,22,0,3,42,0,45,32,0,32,77
01/18/2005,GYY,IN,AGL,CE,Federal Contract Tower,0,4,25,0,29,0,0,13,0,13,0,4,38,0,42,30,0,30,72
01/19/2005,GYY,IN,AGL,CE,Federal Contract Tower,0,11,30,1,42,0,0,9,0,9,0,11,39,1,51,10,0,10,61
01/20/2005,GYY,IN,AGL,CE,Federal Contract Tower,1,1,38,0,40,0,0,5,0,5,1,1,43,0,45,20,0,20,65
01/21/2005,GYY,IN,AGL,CE,Federal Contract Tower,1,1,24,1,27,0,1,15,0,16,1,2,39,1,43,30,0,30,73
01/22/2005,GYY,IN,AGL,CE,Federal Contract Tower,0,1,1,0,2,0,0,1,0,1,0,1,2,0,3,0,0,0,3
01/23/2005,GYY,IN,AGL,CE,Federal Contract Tower,1,0,6,0,7,0,0,8,0,8,1,0,14,0,15,10,0,10,25
01/24/2005,GYY,IN,AGL,CE,Federal Contract Tower,2,2,20,0,24,0,2,32,1,35,2,4,52,1,59,66,6,72,131
01/25/2005,GYY,IN,AGL,CE,Federal Contract Tower,1,1,38,0,40,0,0,40,0,40,1,1,78,0,80,94,0,94,174
01/26/2005,GYY,IN,AGL,CE,Federal Contract Tower,4,3,39,0,46,0,0,23,0,23,4,3,62,0,69,12,0,12,81
01/27/2005,GYY,IN,AGL,CE,Federal Contract Tower,3,4,17,0,24,0,0,25,3,28,3,4,42,3,52,64,27,91,143
01/28/2005,GYY,IN,AGL,CE,Federal Contract Tower,5,2,20,0,27,0,2,40,2,44,5,4,60,2,71,82,0,82,153
01/29/2005,GYY,IN,AGL,CE,Federal Contract Tower,0,0,11,0,11,0,2,38,0,40,0,2,49,0,51,54,0,54,105
01/30/2005,GYY,IN,AGL,CE,Federal Contract Tower,1,1,12,0,14,0,2,24,0,26,1,3,36,0,40,62,0,62,102
01/31/2005,GYY,IN,AGL,CE,Federal Contract Tower,2,1,27,0,30,0,0,38,0,38,2,1,65,0,68,96,0,96,164
02/01/2005,GYY,IN,AGL,CE,Federal Contract Tower,3,2,27,0,32,0,0,26,0,26,3,2,53,0,58,56,0,56,114
02/02/2005,GYY,IN,AGL,CE,Federal Contract Tower,0,5,25,0,30,0,1,44,0,45,0,6,69,0,75,92,0,92,167
02/03/2005,GYY,IN,AGL,CE,Federal Contract Tower,2,3,24,0,29,0,6,35,5,46,2,9,59,5,75,159,10,169,244
02/04/2005,GYY,IN,AGL,CE,Federal Contract Tower,3,7,30,0,40,0,0,24,0,24,3,7,54,0,64,70,0,70,134
02/05/2005,GYY,IN,AGL,CE,Federal Contract Tower,0,4,14,0,18,0,2,38,0,40,0,6,52,0,58,54,0,54,112
02/06/2005,GYY,IN,AGL,CE,Federal Contract Tower,3,0,12,0,15,0,0,30,0,30,3,0,42,0,45,84,0,84,129
02/07/2005,GYY,IN,AGL,CE,Federal Contract Tower,2,4,18,0,24,0,0,1,0,1,2,4,19,0,25,0,0,0,25
02/08/2005,GYY,IN,AGL,CE,Federal Contract Tower,1,5,19,0,25,0,0,3,0,3,1,5,22,0,28,0,0,0,28
02/09/2005,GYY,IN,AGL,CE,Federal Contract Tower,3,4,26,0,33,0,0,15,0,15,3,4,41,0,48,12,0,12,60
02/10/2005,GYY,IN,AGL,CE,Federal Contract Tower,7,5,22,0,34,0,2,28,1,31,7,7,50,1,65,72,6,78,143
02/11/2005,GYY,IN,AGL,CE,Federal Contract Tower,5,2,27,0,34,0,2,51,0,53,5,4,78,0,87,128,0,128,215
02/12/2005,GYY,IN,AGL,CE,Federal Contract Tower,0,0,10,0,10,0,0,70,0,70,0,0,80,0,80,250,0,250,330
02/13/2005,GYY,IN,AGL,CE,Federal Contract Tower,0,2,10,0,12,0,0,8,0,8,0,2,18,0,20,22,0,22,42
02/14/2005,GYY,IN,AGL,CE,Federal Contract Tower,2,0,19,0,21,0,0,5,0,5,2,0,24,0,26,4,0,4,30
02/15/2005,GYY,IN,AGL,CE,Federal Contract Tower,1,2,24,3,30,0,0,6,0,6,1,2,30,3,36,0,0,0,36
02/16/2005,GYY,IN,AGL,CE,Federal Contract Tower,1,3,33,1,38,0,0,30,0,30,1,3,63,1,68,30,0,30,98
02/17/2005,GYY,IN,AGL,CE,Federal Contract Tower,1,1,24,0,26,0,2,17,0,19,1,3,41,0,45,72,0,72,117
02/18/2005,GYY,IN,AGL,CE,Federal Contract Tower,2,0,28,0,30,0,4,39,0,43,2,4,67,0,73,146,0,146,219
02/19/2005,GYY,IN,AGL,CE,Federal Contract Tower,1,0,12,0,13,0,4,38,0,42,1,4,50,0,55,54,0,54,109
02/20/2005,GYY,IN,AGL,CE,Federal Contract Tower,0,0,6,0,6,0,0,2,0,2,0,0,8,0,8,6,0,6,14
02/21/2005,GYY,IN,AGL,CE,Federal Contract Tower,2,1,18,0,21,0,4,12,0,16,2,5,30,0,37,0,0,0,37
02/22/2005,GYY,IN,AGL,CE,Federal Contract Tower,1,2,21,0,24,0,0,6,0,6,1,2,27,0,30,10,0,10,40
02/23/2005,GYY,IN,AGL,CE,Federal Contract Tower,0,2,19,0,21,0,0,43,0,43,0,2,62,0,64,32,0,32,96
02/24/2005,GYY,IN,AGL,CE,Federal Contract Tower,1,9,14,1,25,0,2,24,1,27,1,11,38,2,52,76,0,76,128
02/25/2005,GYY,IN,AGL,CE,Federal Contract Tower,2,1,25,0,28,0,3,27,2,32,2,4,52,2,60,131,0,131,191
02/26/2005,GYY,IN,AGL,CE,Federal Contract Tower,0,1,12,0,13,0,4,48,0,52,0,5,60,0,65,100,0,100,165
02/27/2005,GYY,IN,AGL,CE,Federal Contract Tower,0,2,13,0,15,0,0,22,2,24,0,2,35,2,39,56,0,56,95
02/28/2005,GYY,IN,AGL,CE,Federal Contract Tower,2,4,14,0,20,0,0,1,0,1,2,4,15,0,21,0,0,0,21
03/01/2005,GYY,IN,AGL,CE,Federal Contract Tower,1,2,14,0,17,0,0,17,0,17,1,2,31,0,34,20,0,20,54
03/02/2005,GYY,IN,AGL,CE,Federal Contract Tower,0,4,28,0,32,0,0,28,2,30,0,4,56,2,62,70,0,70,132
03/03/2005,GYY,IN,AGL,CE,Federal Contract Tower,5,0,19,0,24,0,10,45,6,61,5,10,64,6,85,124,0,124,209
03/04/2005,GYY,IN,AGL,CE,Federal Contract Tower,4,3,29,0,36,0,4,44,0,48,4,7,73,0,84,86,0,86,170
03/05/2005,GYY,IN,AGL,CE,Federal Contract Tower,1,0,11,0,12,0,0,36,0,36,1,0,47,0,48,84,0,84,132
03/06/2005,GYY,IN,AGL,CE,Federal Contract Tower,1,0,9,0,10,0,0,48,0,48,1,0,57,0,58,60,0,60,118
03/07/2005,GYY,IN,AGL,CE,Federal Contract Tower,1,0,14,0,15,0,0,19,0,19,1,0,33,0,34,16,0,16,50
03/08/2005,GYY,IN,AGL,CE,Federal Contract Tower,1,2,15,0,18,0,0,30,0,30,1,2,45,0,48,138,0,138,186
03/09/2005,GYY,IN,AGL,CE,Federal Contract Tower,0,3,34,0,37,0,3,38,0,41,0,6,72,0,78,70,0,70,148
03/10/2005,GYY,IN,AGL,CE,Federal Contract Tower,2,2,21,0,25,0,0,15,0,15,2,2,36,0,40,44,0,44,84
03/11/2005,GYY,IN,AGL,CE,Federal Contract Tower,3,1,24,0,28,0,0,11,0,11,3,1,35,0,39,26,0,26,65
03/12/2005,GYY,IN,AGL,CE,Federal Contract Tower,2,0,12,0,14,0,0,33,0,33,2,0,45,0,47,122,0,122,169
03/13/2005,GYY,IN,AGL,CE,Federal Contract Tower,2,0,10,0,12,0,0,36,0,36,2,0,46,0,48,78,0,78,126
03/14/2005,GYY,IN,AGL,CE,Federal Contract Tower,4,5,21,1,31,0,3,53,2,58,4,8,74,3,89,94,0,94,183
03/15/2005,GYY,IN,AGL,CE,Federal Contract Tower,1,0,16,0,17,0,0,34,1,35,1,0,50,1,52,116,0,116,168
03/16/2005,GYY,IN,AGL,CE,Federal Contract Tower,0,2,27,0,29,0,2,18,4,24,0,4,45,4,53,14,0,14,67
03/17/2005,GYY,IN,AGL,CE,Federal Contract Tower,2,1,23,0,26,0,4,24,0,28,2,5,47,0,54,115,0,115,169
03/18/2005,GYY,IN,AGL,CE,Federal Contract Tower,2,3,21,1,27,0,9,22,0,31,2,12,43,1,58,64,0,64,122
03/19/2005,GYY,IN,AGL,CE,Federal Contract Tower,1,2,12,0,15,0,0,20,0,20,1,2,32,0,35,46,0,46,81
03/20/2005,GYY,IN,AGL,CE,Federal Contract Tower,1,2,9,0,12,0,5,50,0,55,1,7,59,0,67,80,0,80,147
03/21/2005,GYY,IN,AGL,CE,Federal Contract Tower,2,2,33,0,37,0,0,45,0,45,2,2,78,0,82,52,0,52,134
03/22/2005,GYY,IN,AGL,CE,Federal Contract Tower,1,6,17,4,28,0,0,20,0,20,1,6,37,4,48,16,0,16,64
03/23/2005,GYY,IN,AGL,CE,Federal Contract Tower,0,5,24,0,29,0,6,15,0,21,0,11,39,0,50,10,0,10,60
03/24/2005,GYY,IN,AGL,CE,Federal Contract Tower,1,6,18,0,25,0,8,27,1,36,1,14,45,1,61,97,9,106,167
03/25/2005,GYY,IN,AGL,CE,Federal Contract Tower,5,10,23,0,38,0,2,2,0,4,5,12,25,0,42,0,0,0,42
03/26/2005,GYY,IN,AGL,CE,Federal Contract Tower,1,1,15,0,17,0,0,19,0,19,1,1,34,0,36,92,0,92,128
03/27/2005,GYY,IN,AGL,CE,Federal Contract Tower,2,1,3,0,6,0,5,12,0,17,2,6,15,0,23,14,0,14,37
03/28/2005,GYY,IN,AGL,CE,Federal Contract Tower,3,0,11,0,14,0,0,51,0,51,3,0,62,0,65,16,0,16,81
03/29/2005,GYY,IN,AGL,CE,Federal Contract Tower,1,0,15,0,16,0,0,38,1,39,1,0,53,1,55,52,0,52,107
03/30/2005,GYY,IN,AGL,CE,Federal Contract Tower,1,8,26,0,35,0,4,25,0,29,1,12,51,0,64,48,0,48,112
03/31/2005,GYY,IN,AGL,CE,Federal Contract Tower,2,0,31,0,33,0,6,25,0,31,2,6,56,0,64,38,0,38,102
04/01/2005,GYY,IN,AGL,CE,Federal Contract Tower,4,0,27,0,31,0,7,25,0,32,4,7,52,0,63,51,0,51,114
04/02/2005,GYY,IN,AGL,CE,Federal Contract Tower,2,0,11,0,13,0,8,26,0,34,2,8,37,0,47,50,0,50,97
04/03/2005,GYY,IN,AGL,CE,Federal Contract Tower,3,0,11,0,14,0,4,91,0,95,3,4,102,0,109,132,0,132,241
04/04/2005,GYY,IN,AGL,CE,Federal Contract Tower,2,3,19,0,24,0,9,39,2,50,2,12,58,2,74,138,12,150,224
04/05/2005,GYY,IN,AGL,CE,Federal Contract Tower,5,2,13,0,20,0,12,29,0,41,5,14,42,0,61,88,0,88,149
04/06/2005,GYY,IN,AGL,CE,Federal Contract Tower,0,2,32,0,34,0,2,24,0,26,0,4,56,0,60,40,0,40,100
04/07/2005,GYY,IN,AGL,CE,Federal Contract Tower,2,3,27,0,32,0,3,14,0,17,2,6,41,0,49,14,0,14,63
04/08/2005,GYY,IN,AGL,CE,Federal Contract Tower,2,0,23,0,25,0,7,33,0,40,2,7,56,0,65,54,0,54,119
04/09/2005,GYY,IN,AGL,CE,Federal Contract Tower,3,3,12,0,18,0,7,71,0,78,3,10,83,0,96,234,0,234,330
04/10/2005,GYY,IN,AGL,CE,Federal Contract Tower,1,0,7,0,8,0,2,48,0,50,1,2,55,0,58,120,0,120,178
04/11/2005,GYY,IN,AGL,CE,Federal Contract Tower,2,1,16,0,19,0,1,24,0,25,2,2,40,0,44,6,0,6,50
04/12/2005,GYY,IN,AGL,CE,Federal Contract Tower,1,0,21,0,22,0,2,16,0,18,1,2,37,0,40,14,0,14,54
04/13/2005,GYY,IN,AGL,CE,Federal Contract Tower,0,4,36,0,40,0,0,24,2,26,0,4,60,2,66,32,16,48,114
04/14/2005,GYY,IN,AGL,CE,Federal Contract Tower,2,2,28,0,32,0,2,52,1,55,2,4,80,1,87,116,15,131,218
04/15/2005,GYY,IN,AGL,CE,Federal Contract Tower,3,0,19,0,22,0,4,63,0,67,3,4,82,0,89,106,0,106,195
04/16/2005,GYY,IN,AGL,CE,Federal Contract Tower,1,0,14,0,15,0,1,57,0,58,1,1,71,0,73,70,0,70,143
04/17/2005,GYY,IN,AGL,CE,Federal Contract Tower,2,0,6,0,8,0,0,54,0,54,2,0,60,0,62,106,0,106,168
04/18/2005,GYY,IN,AGL,CE,Federal Contract Tower,1,2,21,2,26,0,0,51,0,51,1,2,72,2,77,92,0,92,169
04/19/2005,GYY,IN,AGL,CE,Federal Contract Tower,1,2,22,0,25,0,2,31,0,33,1,4,53,0,58,80,0,80,138
04/20/2005,GYY,IN,AGL,CE,Federal Contract Tower,0,6,28,0,34,0,2,19,0,21,0,8,47,0,55,16,0,16,71
04/21/2005,GYY,IN,AGL,CE,Federal Contract Tower,1,1,31,0,33,0,4,34,1,39,1,5,65,1,72,106,8,114,186
04/22/2005,GYY,IN,AGL,CE,Federal Contract Tower,3,1,19,3,26,0,2,10,0,12,3,3,29,3,38,16,0,16,54
04/23/2005,GYY,IN,AGL,CE,Federal Contract Tower,0,0,8,0,8,0,6,5,0,11,0,6,13,0,19,0,0,0,19
04/24/2005,GYY,IN,AGL,CE,Federal Contract Tower,2,0,14,1,17,0,0,40,0,40,2,0,54,1,57,40,0,40,97
04/25/2005,GYY,IN,AGL,CE,Federal Contract Tower,2,0,18,0,20,0,2,52,0,54,2,2,70,0,74,62,0,62,136
04/26/2005,GYY,IN,AGL,CE,Federal Contract Tower,1,4,16,0,21,0,4,47,1,52,1,8,63,1,73,94,11,105,178
04/27/2005,GYY,IN,AGL,CE,Federal Contract Tower,1,5,24,0,30,0,7,27,2,36,1,12,51,2,66,44,0,44,110
04/28/2005,GYY,IN,AGL,CE,Federal Contract Tower,2,2,25,0,29,0,6,50,2,58,2,8,75,2,87,100,2,102,189
04/29/2005,GYY,IN,AGL,CE,Federal Contract Tower,2,2,18,0,22,0,4,27,0,31,2,6,45,0,53,26,0,26,79
04/30/2005,GYY,IN,AGL,CE,Federal Contract Tower,2,0,13,0,15,0,2,40,0,42,2,2,53,0,57,54,0,54,111
05/01/2005,GYY,IN,AGL,CE,Federal Contract Tower,2,1,28,0,31,0,0,39,0,39,2,1,67,0,70,80,0,80,150
05/02/2005,GYY,IN,AGL,CE,Federal Contract Tower,2,0,28,0,30,0,6,30,0,36,2,6,58,0,66,42,0,42,108
05/03/2005,GYY,IN,AGL,CE,Federal Contract Tower,2,5,28,0,35,0,3,59,2,64,2,8,87,2,99,58,0,58,157
05/04/2005,GYY,IN,AGL,CE,Federal Contract Tower,3,3,30,0,36,0,4,65,4,73,3,7,95,4,109,116,0,116,225
05/05/2005,GYY,IN,AGL,CE,Federal Contract Tower,3,1,26,0,30,0,8,70,1,79,3,9,96,1,109,100,8,108,217
05/06/2005,GYY,IN,AGL,CE,Federal Contract Tower,2,2,25,1,30,0,4,44,0,48,2,6,69,1,78,46,2,48,126
05/07/2005,GYY,IN,AGL,CE,Federal Contract Tower,0,2,12,2,16,0,0,32,0,32,0,2,44,2,48,24,0,24,72
05/08/2005,GYY,IN,AGL,CE,Federal Contract Tower,1,2,8,0,11,0,0,35,0,35,1,2,43,0,46,46,0,46,92
05/09/2005,GYY,IN,AGL,CE,Federal Contract Tower,4,2,41,0,47,0,0,11,0,11,4,2,52,0,58,2,0,2,60
05/10/2005,GYY,IN,AGL,CE,Federal Contract Tower,0,0,17,0,17,0,0,36,0,36,0,0,53,0,53,32,0,32,85
05/11/2005,GYY,IN,AGL,CE,Federal Contract Tower,0,2,28,0,30,0,0,8,0,8,0,2,36,0,38,4,0,4,42
05/12/2005,GYY,IN,AGL,CE,Federal Contract Tower,2,6,26,2,36,0,4,15,0,19,2,10,41,2,55,54,0,54,109
05/13/2005,GYY,IN,AGL,CE,Federal Contract Tower,4,2,25,2,33,0,0,22,0,22,4,2,47,2,55,66,0,66,121
05/14/2005,GYY,IN,AGL,CE,Federal Contract Tower,0,2,11,2,15,0,2,33,0,35,0,4,44,2,50,52,0,52,102
05/15/2005,GYY,IN,AGL,CE,Federal Contract Tower,0,1,8,2,11,0,2,29,0,31,0,3,37,2,42,46,0,46,88
05/16/2005,GYY,IN,AGL,CE,Federal Contract Tower,2,3,23,0,28,0,0,47,0,47,2,3,70,0,75,34,0,34,109
05/17/2005,GYY,IN,AGL,CE,Federal Contract Tower,1,0,27,0,28,0,0,32,0,32,1,0,59,0,60,44,0,44,104
05/18/2005,GYY,IN,AGL,CE,Federal Contract Tower,3,8,31,0,42,0,2,47,0,49,3,10,78,0,91,78,0,78,169
05/19/2005,GYY,IN,AGL,CE,Federal Contract Tower,4,2,35,0,41,0,4,6,0,10,4,6,41,0,51,4,0,4,55
05/20/2005,GYY,IN,AGL,CE,Federal Contract Tower,5,2,27,0,34,0,2,21,2,25,5,4,48,2,59,34,0,34,93
05/21/2005,GYY,IN,AGL,CE,Federal Contract Tower,0,3,11,0,14,0,2,68,0,70,0,5,79,0,84,76,0,76,160
05/22/2005,GYY,IN,AGL,CE,Federal Contract Tower,2,2,24,0,28,0,0,14,0,14,2,2,38,0,42,8,0,8,50
05/23/2005,GYY,IN,AGL,CE,Federal Contract Tower,3,1,34,0,38,0,0,38,0,38,3,1,72,0,76,52,0,52,128
05/24/2005,GYY,IN,AGL,CE,Federal Contract Tower,1,6,24,0,31,0,0,49,0,49,1,6,73,0,80,50,0,50,130
05/25/2005,GYY,IN,AGL,CE,Federal Contract Tower,0,7,26,0,33,0,2,56,0,58,0,9,82,0,91,100,0,100,191
05/26/2005,GYY,IN,AGL,CE,Federal Contract Tower,3,2,24,0,29,0,7,45,1,53,3,9,69,1,82,150,7,157,239
05/27/2005,GYY,IN,AGL,CE,Federal Contract Tower,2,1,29,0,32,0,3,44,0,47,2,4,73,0,79,128,0,128,207
05/28/2005,GYY,IN,AGL,CE,Federal Contract Tower,0,0,11,0,11,0,0,33,0,33,0,0,44,0,44,68,0,68,112
05/29/2005,GYY,IN,AGL,CE,Federal Contract Tower,2,2,11,0,15,0,0,16,0,16,2,2,27,0,31,12,0,12,43
05/30/2005,GYY,IN,AGL,CE,Federal Contract Tower,1,1,15,0,17,0,6,62,0,68,1,7,77,0,85,32,0,32,117
05/31/2005,GYY,IN,AGL,CE,Federal Contract Tower,3,2,18,0,23,0,0,44,0,44,3,2,62,0,67,68,0,68,135
06/01/2005,GYY,IN,AGL,CE,Federal Contract Tower,0,4,20,0,24,0,0,44,0,44,0,4,64,0,68,56,0,56,124
06/02/2005,GYY,IN,AGL,CE,Federal Contract Tower,3,5,31,0,39,0,0,6,0,6,3,5,37,0,45,78,0,78,123
06/03/2005,GYY,IN,AGL,CE,Federal Contract Tower,2,1,36,1,40,0,4,11,0,15,2,5,47,1,55,34,7,41,96
06/04/2005,GYY,IN,AGL,CE,Federal Contract Tower,0,0,21,0,21,0,4,22,0,26,0,4,43,0,47,84,0,84,131
06/05/2005,GYY,IN,AGL,CE,Federal Contract Tower,0,0,17,1,18,0,2,36,0,38,0,2,53,1,56,116,0,116,172
06/06/2005,GYY,IN,AGL,CE,Federal Contract Tower,5,10,27,0,42,0,0,53,0,53,5,10,80,0,95,100,0,100,195
06/07/2005,GYY,IN,AGL,CE,Federal Contract Tower,2,0,24,0,26,0,2,46,0,48,2,2,70,0,74,76,0,76,150
06/08/2005,GYY,IN,AGL,CE,Federal Contract Tower,4,9,26,0,39,0,0,28,0,28,4,9,54,0,67,56,0,56,123
06/09/2005,GYY,IN,AGL,CE,Federal Contract Tower,2,0,20,0,22,0,2,41,0,43,2,2,61,0,65,126,0,126,191
06/10/2005,GYY,IN,AGL,CE,Federal Contract Tower,4,3,19,0,26,0,0,37,0,37,4,3,56,0,63,46,0,46,109
06/11/2005,GYY,IN,AGL,CE,Federal Contract Tower,3,4,11,0,18,0,5,58,0,63,3,9,69,0,81,97,0,97,178
06/12/2005,GYY,IN,AGL,CE,Federal Contract Tower,1,1,10,0,12,0,4,35,0,39,1,5,45,0,51,81,0,81,132
06/13/2005,GYY,IN,AGL,CE,Federal Contract Tower,6,4,23,0,33,0,6,51,0,57,6,10,74,0,90,100,0,100,190
06/14/2005,GYY,IN,AGL,CE,Federal Contract Tower,1,4,28,0,33,0,2,26,0,28,1,6,54,0,61,62,0,62,123
06/15/2005,GYY,IN,AGL,CE,Federal Contract Tower,0,2,33,0,35,0,0,37,0,37,0,2,70,0,72,55,0,55,127
06/16/2005,GYY,IN,AGL,CE,Federal Contract Tower,2,2,31,0,35,0,2,47,1,50,2,4,78,1,85,124,7,131,216
06/17/2005,GYY,IN,AGL,CE,Federal Contract Tower,8,4,24,0,36,0,1,62,0,63,8,5,86,0,99,112,0,112,211
06/18/2005,GYY,IN,AGL,CE,Federal Contract Tower,2,0,12,1,15,0,0,51,0,51,2,0,63,1,66,94,4,98,164
06/19/2005,GYY,IN,AGL,CE,Federal Contract Tower,1,1,16,0,18,0,0,35,0,35,1,1,51,0,53,28,0,28,81
06/20/2005,GYY,IN,AGL,CE,Federal Contract Tower,6,0,22,0,28,0,2,45,0,47,6,2,67,0,75,133,0,133,208
06/21/2005,GYY,IN,AGL,CE,Federal Contract Tower,2,5,27,0,34,0,4,49,2,55,2,9,76,2,89,96,18,114,203
06/22/2005,GYY,IN,AGL,CE,Federal Contract Tower,0,1,24,1,26,0,8,54,0,62,0,9,78,1,88,90,0,90,178
06/23/2005,GYY,IN,AGL,CE,Federal Contract Tower,1,4,34,0,39,0,6,53,2,61,1,10,87,2,100,194,12,206,306
06/24/2005,GYY,IN,AGL,CE,Federal Contract Tower,4,7,22,1,34,0,0,41,1,42,4,7,63,2,76,48,0,48,124
06/25/2005,GYY,IN,AGL,CE,Federal Contract Tower,3,1,12,0,16,0,8,51,0,59,3,9,63,0,75,118,0,118,193
06/26/2005,GYY,IN,AGL,CE,Federal Contract Tower,1,4,23,0,28,0,3,45,0,48,1,7,68,0,76,62,0,62,138
06/27/2005,GYY,IN,AGL,CE,Federal Contract Tower,8,3,28,2,41,0,0,46,0,46,8,3,74,2,87,46,0,46,133
06/28/2005,GYY,IN,AGL,CE,Federal Contract Tower,1,6,17,0,24,0,6,26,0,32,1,12,43,0,56,12,0,12,68
06/29/2005,GYY,IN,AGL,CE,Federal Contract Tower,1,9,29,4,43,0,3,43,0,46,1,12,72,4,89,88,0,88,177
06/30/2005,GYY,IN,AGL,CE,Federal Contract Tower,4,13,20,0,37,0,6,35,0,41,4,19,55,0,78,116,0,116,194
07/01/2005,GYY,IN,AGL,CE,Federal Contract Tower,14,5,26,0,45,0,0,52,0,52,14,5,78,0,97,108,0,108,205
07/02/2005,GYY,IN,AGL,CE,Federal Contract Tower,2,2,27,0,31,0,0,62,0,62,2,2,89,0,93,88,0,88,181
07/03/2005,GYY,IN,AGL,CE,Federal Contract Tower,1,0,8,0,9,0,2,47,0,49,1,2,55,0,58,86,0,86,144
07/04/2005,GYY,IN,AGL,CE,Federal Contract Tower,5,0,10,0,15,0,0,37,0,37,5,0,47,0,52,12,0,12,64
07/05/2005,GYY,IN,AGL,CE,Federal Contract Tower,2,0,13,0,15,0,2,59,0,61,2,2,72,0,76,94,0,94,170
07/06/2005,GYY,IN,AGL,CE,Federal Contract Tower,0,2,13,0,15,0,2,36,0,38,0,4,49,0,53,106,0,106,159
07/07/2005,GYY,IN,AGL,CE,Federal Contract Tower,1,4,20,0,25,0,8,61,0,69,1,12,81,0,94,144,0,144,238
07/08/2005,GYY,IN,AGL,CE,Federal Contract Tower,7,1,20,0,28,0,5,74,1,80,7,6,94,1,108,116,0,116,224
07/09/2005,GYY,IN,AGL,CE,Federal Contract Tower,2,3,14,0,19,0,0,83,0,83,2,3,97,0,102,176,0,176,278
07/10/2005,GYY,IN,AGL,CE,Federal Contract Tower,1,0,6,0,7,0,2,47,1,50,1,2,53,1,57,34,0,34,91
07/11/2005,GYY,IN,AGL,CE,Federal Contract Tower,7,1,18,0,26,0,2,45,3,50,7,3,63,3,76,94,14,108,184
07/12/2005,GYY,IN,AGL,CE,Federal Contract Tower,3,1,26,0,30,0,2,31,0,33,3,3,57,0,63,60,0,60,123
07/13/2005,GYY,IN,AGL,CE,Federal Contract Tower,1,5,14,0,20,0,0,26,2,28,1,5,40,2,48,62,0,62,110
07/14/2005,GYY,IN,AGL,CE,Federal Contract Tower,1,1,28,3,33,0,2,40,12,54,1,3,68,15,87,54,10,64,151
07/15/2005,GYY,IN,AGL,CE,Federal Contract Tower,4,0,27,4,35,0,0,102,8,110,4,0,129,12,145,182,28,210,355
07/16/2005,GYY,IN,AGL,CE,Federal Contract Tower,2,0,12,0,14,0,4,103,16,123,2,4,115,16,137,130,40,170,307
07/17/2005,GYY,IN,AGL,CE,Federal Contract Tower,4,2,12,2,20,0,0,128,19,147,4,2,140,21,167,188,75,263,430
07/18/2005,GYY,IN,AGL,CE,Federal Contract Tower,4,0,20,3,27,0,0,27,1,28,4,0,47,4,55,16,0,16,71
07/19/2005,GYY,IN,AGL,CE,Federal Contract Tower,2,2,30,0,34,0,0,72,2,74,2,2,102,2,108,106,0,106,214
07/20/2005,GYY,IN,AGL,CE,Federal Contract Tower,0,2,40,0,42,0,0,27,0,27,0,2,67,0,69,8,0,8,77
07/21/2005,GYY,IN,AGL,CE,Federal Contract Tower,1,3,24,0,28,0,2,46,0,48,1,5,70,0,76,102,0,102,178
07/22/2005,GYY,IN,AGL,CE,Federal Contract Tower,4,3,26,0,33,0,1,44,0,45,4,4,70,0,78,38,0,38,116
07/23/2005,GYY,IN,AGL,CE,Federal Contract Tower,3,4,16,0,23,0,0,36,0,36,3,4,52,0,59,82,0,82,141
07/24/2005,GYY,IN,AGL,CE,Federal Contract Tower,1,1,18,0,20,0,0,45,0,45,1,1,63,0,65,46,0,46,111
07/25/2005,GYY,IN,AGL,CE,Federal Contract Tower,5,2,30,0,37,0,0,45,3,48,5,2,75,3,85,14,16,30,115
07/26/2005,GYY,IN,AGL,CE,Federal Contract Tower,4,5,21,0,30,0,4,36,0,40,4,9,57,0,70,20,0,20,90
07/27/2005,GYY,IN,AGL,CE,Federal Contract Tower,0,2,23,0,25,0,2,41,0,43,0,4,64,0,68,82,0,82,150
07/28/2005,GYY,IN,AGL,CE,Federal Contract Tower,1,6,26,1,34,0,4,97,0,101,1,10,123,1,135,336,0,336,471
07/29/2005,GYY,IN,AGL,CE,Federal Contract Tower,5,2,29,0,36,0,0,59,2,61,5,2,88,2,97,172,0,172,269
07/30/2005,GYY,IN,AGL,CE,Federal Contract Tower,2,0,21,0,23,0,0,53,0,53,2,0,74,0,76,100,0,100,176
07/31/2005,GYY,IN,AGL,CE,Federal Contract Tower,1,2,10,0,13,0,0,78,0,78,1,2,88,0,91,94,0,94,185
08/01/2005,GYY,IN,AGL,CE,Federal Contract Tower,6,3,29,0,38,0,0,38,0,38,6,3,67,0,76,26,0,26,102
08/02/2005,GYY,IN,AGL,CE,Federal Contract Tower,1,6,18,0,25,0,0,34,0,34,1,6,52,0,59,22,0,22,81
08/03/2005,GYY,IN,AGL,CE,Federal Contract Tower,0,3,21,0,24,0,0,33,0,33,0,3,54,0,57,62,0,62,119
08/04/2005,GYY,IN,AGL,CE,Federal Contract Tower,1,5,16,0,22,0,2,30,0,32,1,7,46,0,54,92,0,92,146
08/05/2005,GYY,IN,AGL,CE,Federal Contract Tower,5,0,28,0,33,0,0,39,0,39,5,0,67,0,72,98,0,98,170
08/06/2005,GYY,IN,AGL,CE,Federal Contract Tower,3,0,13,0,16,0,6,85,0,91,3,6,98,0,107,156,0,156,263
08/07/2005,GYY,IN,AGL,CE,Federal Contract Tower,1,0,16,1,18,0,8,66,0,74,1,8,82,1,92,96,0,96,188
08/08/2005,GYY,IN,AGL,CE,Federal Contract Tower,5,2,37,0,44,0,0,83,0,83,5,2,120,0,127,14,0,14,141
08/09/2005,GYY,IN,AGL,CE,Federal Contract Tower,2,6,19,0,27,0,2,35,0,37,2,8,54,0,64,30,0,30,94
08/10/2005,GYY,IN,AGL,CE,Federal Contract Tower,0,2,27,0,29,0,8,28,14,50,0,10,55,14,79,80,0,80,159
08/11/2005,GYY,IN,AGL,CE,Federal Contract Tower,1,1,22,0,24,0,7,31,0,38,1,8,53,0,62,81,0,81,143
08/12/2005,GYY,IN,AGL,CE,Federal Contract Tower,4,1,15,0,20,0,6,34,0,40,4,7,49,0,60,44,0,44,104
08/13/2005,GYY,IN,AGL,CE,Federal Contract Tower,3,1,14,0,18,2,0,15,0,17,5,1,29,0,35,16,0,16,51
08/14/2005,GYY,IN,AGL,CE,Federal Contract Tower,1,3,20,0,24,0,0,47,0,47,1,3,67,0,71,86,0,86,157
08/15/2005,GYY,IN,AGL,CE,Federal Contract Tower,5,1,27,0,33,0,1,46,0,47,5,2,73,0,80,26,0,26,106
08/16/2005,GYY,IN,AGL,CE,Federal Contract Tower,4,2,19,0,25,0,0,55,3,58,4,2,74,3,83,62,4,66,149
08/17/2005,GYY,IN,AGL,CE,Federal Contract Tower,2,0,32,2,36,0,6,40,28,74,2,6,72,30,110,70,30,100,210
08/18/2005,GYY,IN,AGL,CE,Federal Contract Tower,1,0,19,10,30,0,6,142,28,176,1,6,161,38,206,176,38,214,420
08/19/2005,GYY,IN,AGL,CE,Federal Contract Tower,6,6,22,0,34,0,4,184,54,242,6,10,206,54,276,308,102,410,686
08/20/2005,GYY,IN,AGL,CE,Federal Contract Tower,4,1,18,0,23,0,4,151,72,227,4,5,169,72,250,139,29,168,418
08/21/2005,GYY,IN,AGL,CE,Federal Contract Tower,1,1,13,3,18,0,0,161,58,219,1,1,174,61,237,220,70,290,527
08/22/2005,GYY,IN,AGL,CE,Federal Contract Tower,6,3,20,20,49,0,0,61,1,62,6,3,81,21,111,122,4,126,237
08/23/2005,GYY,IN,AGL,CE,Federal Contract Tower,1,0,22,0,23,0,0,28,0,28,1,0,50,0,51,64,0,64,115
08/24/2005,GYY,IN,AGL,CE,Federal Contract Tower,3,2,32,0,37,0,4,33,0,37,3,6,65,0,74,52,0,52,126
08/25/2005,GYY,IN,AGL,CE,Federal Contract Tower,1,2,24,0,27,0,2,41,0,43,1,4,65,0,70,64,0,64,134
08/26/2005,GYY,IN,AGL,CE,Federal Contract Tower,4,3,22,2,31,0,2,39,1,42,4,5,61,3,73,84,10,94,167
08/27/2005,GYY,IN,AGL,CE,Federal Contract Tower,4,0,13,0,17,0,2,47,1,50,4,2,60,1,67,146,0,146,213
08/28/2005,GYY,IN,AGL,CE,Federal Contract Tower,3,0,25,0,28,12,0,38,1,51,15,0,63,1,79,72,0,72,151
08/29/2005,GYY,IN,AGL,CE,Federal Contract Tower,8,2,23,0,33,12,0,25,0,37,20,2,48,0,70,18,0,18,88
08/30/2005,GYY,IN,AGL,CE,Federal Contract Tower,0,2,26,0,28,0,0,25,0,25,0,2,51,0,53,60,0,60,113
08/31/2005,GYY,IN,AGL,CE,Federal Contract Tower,0,8,39,0,47,0,0,52,0,52,0,8,91,0,99,44,0,44,143
09/01/2005,GYY,IN,AGL,CE,Federal Contract Tower,3,4,13,0,20,0,5,27,0,32,3,9,40,0,52,82,0,82,134
09/02/2005,GYY,IN,AGL,CE,Federal Contract Tower,7,2,30,0,39,0,3,46,0,49,7,5,76,0,88,107,0,107,195
09/03/2005,GYY,IN,AGL,CE,Federal Contract Tower,2,7,10,0,19,0,0,49,0,49,2,7,59,0,68,68,0,68,136
09/04/2005,GYY,IN,AGL,CE,Federal Contract Tower,2,0,7,0,9,0,0,41,0,41,2,0,48,0,50,56,0,56,106
09/05/2005,GYY,IN,AGL,CE,Federal Contract Tower,5,0,11,0,16,0,0,40,0,40,5,0,51,0,56,40,0,40,96
09/06/2005,GYY,IN,AGL,CE,Federal Contract Tower,1,1,31,0,33,0,0,50,0,50,1,1,81,0,83,34,0,34,117
09/07/2005,GYY,IN,AGL,CE,Federal Contract Tower,1,5,24,0,30,0,0,21,4,25,1,5,45,4,55,18,0,18,73
09/08/2005,GYY,IN,AGL,CE,Federal Contract Tower,0,1,32,1,34,0,3,25,2,30,0,4,57,3,64,52,0,52,116
09/09/2005,GYY,IN,AGL,CE,Federal Contract Tower,3,0,23,0,26,0,2,34,0,36,3,2,57,0,62,78,0,78,140
09/10/2005,GYY,IN,AGL,CE,Federal Contract Tower,0,3,15,0,18,0,3,124,0,127,0,6,139,0,145,178,0,178,323
09/11/2005,GYY,IN,AGL,CE,Federal Contract Tower,0,1,14,0,15,0,1,37,0,38,0,2,51,0,53,28,0,28,81
09/12/2005,GYY,IN,AGL,CE,Federal Contract Tower,6,3,27,0,36,0,0,27,0,27,6,3,54,0,63,38,0,38,101
09/13/2005,GYY,IN,AGL,CE,Federal Contract Tower,3,6,17,0,26,0,2,38,0,40,3,8,55,0,66,10,0,10,76
09/14/2005,GYY,IN,AGL,CE,Federal Contract Tower,1,6,28,0,35,0,0,15,0,15,1,6,43,0,50,12,0,12,62
09/15/2005,GYY,IN,AGL,CE,Federal Contract Tower,3,3,33,0,39,0,0,36,0,36,3,3,69,0,75,38,0,38,113
09/16/2005,GYY,IN,AGL,CE,Federal Contract Tower,4,9,33,0,46,0,0,17,0,17,4,9,50,0,63,28,0,28,91
09/17/2005,GYY,IN,AGL,CE,Federal Contract Tower,0,2,19,0,21,0,0,57,2,59,0,2,76,2,80,98,4,102,182
09/18/2005,GYY,IN,AGL,CE,Federal Contract Tower,0,0,15,0,15,0,2,56,0,58,0,2,71,0,73,32,0,32,105
09/19/2005,GYY,IN,AGL,CE,Federal Contract Tower,4,1,18,0,23,0,2,22,0,24,4,3,40,0,47,4,0,4,51
09/20/2005,GYY,IN,AGL,CE,Federal Contract Tower,3,2,24,0,29,0,4,49,0,53,3,6,73,0,82,64,0,64,146
09/21/2005,GYY,IN,AGL,CE,Federal Contract Tower,0,2,22,0,24,0,4,45,0,49,0,6,67,0,73,28,0,28,101
09/22/2005,GYY,IN,AGL,CE,Federal Contract Tower,2,0,34,0,36,0,0,24,3,27,2,0,58,3,63,32,14,46,109
09/23/2005,GYY,IN,AGL,CE,Federal Contract Tower,3,3,16,0,22,0,0,36,0,36,3,3,52,0,58,28,0,28,86
09/24/2005,GYY,IN,AGL,CE,Federal Contract Tower,0,2,23,0,25,0,0,13,2,15,0,2,36,2,40,16,0,16,56
09/25/2005,GYY,IN,AGL,CE,Federal Contract Tower,0,2,19,0,21,0,2,7,0,9,0,4,26,0,30,0,0,0,30
09/26/2005,GYY,IN,AGL,CE,Federal Contract Tower,7,0,24,0,31,0,0,17,0,17,7,0,41,0,48,16,0,16,64
09/27/2005,GYY,IN,AGL,CE,Federal Contract Tower,1,2,21,0,24,0,2,55,0,57,1,4,76,0,81,34,0,34,115
09/28/2005,GYY,IN,AGL,CE,Federal Contract Tower,0,0,26,0,26,0,0,36,0,36,0,0,62,0,62,72,0,72,134
09/29/2005,GYY,IN,AGL,CE,Federal Contract Tower,1,8,18,0,27,0,3,53,2,58,1,11,71,2,85,52,6,58,143
09/30/2005,GYY,IN,AGL,CE,Federal Contract Tower,4,3,23,1,31,0,2,43,2,47,4,5,66,3,78,14,6,20,98
10/01/2005,GYY,IN,AGL,CE,Federal Contract Tower,0,1,12,0,13,0,8,72,0,80,0,9,84,0,93,124,0,124,217
10/02/2005,GYY,IN,AGL,CE,Federal Contract Tower,0,5,9,0,14,0,0,30,0,30,0,5,39,0,44,36,0,36,80
10/03/2005,GYY,IN,AGL,CE,Federal Contract Tower,8,8,32,0,48,0,0,33,0,33,8,8,65,0,81,32,0,32,113
10/04/2005,GYY,IN,AGL,CE,Federal Contract Tower,2,1,9,0,12,0,0,49,0,49,2,1,58,0,61,80,0,80,141
10/05/2005,GYY,IN,AGL,CE,Federal Contract Tower,0,1,30,0,31,0,0,42,0,42,0,1,72,0,73,38,0,38,111
10/06/2005,GYY,IN,AGL,CE,Federal Contract Tower,1,2,24,0,27,0,2,34,0,36,1,4,58,0,63,58,0,58,121
10/07/2005,GYY,IN,AGL,CE,Federal Contract Tower,3,5,26,0,34,0,0,16,0,16,3,5,42,0,50,0,0,0,50
10/08/2005,GYY,IN,AGL,CE,Federal Contract Tower,2,2,18,0,22,0,4,36,0,40,2,6,54,0,62,72,0,72,134
10/09/2005,GYY,IN,AGL,CE,Federal Contract Tower,0,5,18,0,23,0,0,51,0,51,0,5,69,0,74,88,0,88,162
10/10/2005,GYY,IN,AGL,CE,Federal Contract Tower,7,3,32,0,42,0,2,32,0,34,7,5,64,0,76,58,0,58,134
10/11/2005,GYY,IN,AGL,CE,Federal Contract Tower,0,4,18,0,22,0,0,28,0,28,0,4,46,0,50,24,0,24,74
10/12/2005,GYY,IN,AGL,CE,Federal Contract Tower,0,2,42,0,44,0,0,10,0,10,0,2,52,0,54,20,0,20,74
10/13/2005,GYY,IN,AGL,CE,Federal Contract Tower,1,6,33,0,40,0,4,40,0,44,1,10,73,0,84,92,0,92,176
10/14/2005,GYY,IN,AGL,CE,Federal Contract Tower,1,6,30,0,37,0,0,35,0,35,1,6,65,0,72,56,0,56,128
10/15/2005,GYY,IN,AGL,CE,Federal Contract Tower,0,1,10,0,11,0,0,52,0,52,0,1,62,0,63,34,0,34,97
10/16/2005,GYY,IN,AGL,CE,Federal Contract Tower,0,2,17,0,19,0,2,40,0,42,0,4,57,0,61,20,0,20,81
10/17/2005,GYY,IN,AGL,CE,Federal Contract Tower,3,3,32,0,38,0,4,44,0,48,3,7,76,0,86,32,0,32,118
10/18/2005,GYY,IN,AGL,CE,Federal Contract Tower,2,0,21,0,23,0,0,56,0,56,2,0,77,0,79,120,0,120,199
10/19/2005,GYY,IN,AGL,CE,Federal Contract Tower,4,3,33,0,40,0,2,45,0,47,4,5,78,0,87,52,0,52,139
10/20/2005,GYY,IN,AGL,CE,Federal Contract Tower,3,3,34,0,40,0,2,29,0,31,3,5,63,0,71,92,0,92,163
10/21/2005,GYY,IN,AGL,CE,Federal Contract Tower,2,2,37,1,42,0,0,29,5,34,2,2,66,6,76,38,4,42,118
10/22/2005,GYY,IN,AGL,CE,Federal Contract Tower,0,5,13,0,18,0,0,36,0,36,0,5,49,0,54,106,0,106,160
10/23/2005,GYY,IN,AGL,CE,Federal Contract Tower,0,0,20,1,21,0,0,13,4,17,0,0,33,5,38,4,0,4,42
10/24/2005,GYY,IN,AGL,CE,Federal Contract Tower,3,0,30,2,35,0,0,5,0,5,3,0,35,2,40,0,0,0,40
10/25/2005,GYY,IN,AGL,CE,Federal Contract Tower,1,3,29,0,33,0,6,16,0,22,1,9,45,0,55,0,0,0,55
10/26/2005,GYY,IN,AGL,CE,Federal Contract Tower,0,7,34,1,42,0,0,26,1,27,0,7,60,2,69,62,0,62,131
10/27/2005,GYY,IN,AGL,CE,Federal Contract Tower,1,7,30,0,38,0,4,30,1,35,1,11,60,1,73,58,8,66,139
10/28/2005,GYY,IN,AGL,CE,Federal Contract Tower,4,3,25,1,33,0,0,42,0,42,4,3,67,1,75,32,6,38,113
10/29/2005,GYY,IN,AGL,CE,Federal Contract Tower,1,2,20,2,25,0,0,44,0,44,1,2,64,2,69,86,0,86,155
10/30/2005,GYY,IN,AGL,CE,Federal Contract Tower,1,2,13,2,18,0,0,33,0,33,1,2,46,2,51,12,0,12,63
10/31/2005,GYY,IN,AGL,CE,Federal Contract Tower,6,4,14,1,25,0,0,18,1,19,6,4,32,2,44,56,7,63,107
11/01/2005,GYY,IN,AGL,CE,Federal Contract Tower,1,0,21,0,22,0,2,65,0,67,1,2,86,0,89,34,0,34,123
11/02/2005,GYY,IN,AGL,CE,Federal Contract Tower,0,3,30,0,33,0,4,47,1,52,0,7,77,1,85,78,0,78,163
11/03/2005,GYY,IN,AGL,CE,Federal Contract Tower,1,1,44,0,46,0,6,37,1,44,1,7,81,1,90,63,0,63,153
11/04/2005,GYY,IN,AGL,CE,Federal Contract Tower,2,4,34,0,40,0,0,41,0,41,2,4,75,0,81,30,0,30,111
11/05/2005,GYY,IN,AGL,CE,Federal Contract Tower,1,0,8,0,9,0,0,30,2,32,1,0,38,2,41,76,24,100,141
11/06/2005,GYY,IN,AGL,CE,Federal Contract Tower,0,4,12,0,16,0,2,7,0,9,0,6,19,0,25,0,0,0,25
11/07/2005,GYY,IN,AGL,CE,Federal Contract Tower,5,6,32,0,43,1,0,20,0,21,6,6,52,0,64,28,0,28,92
11/08/2005,GYY,IN,AGL,CE,Federal Contract Tower,0,5,28,0,33,0,0,34,0,34,0,5,62,0,67,60,0,60,127
11/09/2005,GYY,IN,AGL,CE,Federal Contract Tower,0,1,25,0,26,0,0,17,2,19,0,1,42,2,45,10,0,10,55
11/10/2005,GYY,IN,AGL,CE,Federal Contract Tower,1,4,25,3,33,0,0,49,2,51,1,4,74,5,84,37,6,43,127
11/11/2005,GYY,IN,AGL,CE,Federal Contract Tower,3,2,24,1,30,0,5,53,5,63,3,7,77,6,93,57,20,77,170
11/12/2005,GYY,IN,AGL,CE,Federal Contract Tower,0,1,10,0,11,0,0,82,4,86,0,1,92,4,97,62,4,66,163
11/13/2005,GYY,IN,AGL,CE,Federal Contract Tower,0,0,15,0,15,0,0,5,4,9,0,0,20,4,24,4,0,4,28
11/14/2005,GYY,IN,AGL,CE,Federal Contract Tower,7,1,29,1,38,0,0,30,1,31,7,1,59,2,69,14,0,14,83
11/15/2005,GYY,IN,AGL,CE,Federal Contract Tower,0,5,23,0,28,0,0,1,0,1,0,5,24,0,29,0,0,0,29
11/16/2005,GYY,IN,AGL,CE,Federal Contract Tower,2,2,40,0,44,0,0,4,0,4,2,2,44,0,48,2,0,2,50
11/17/2005,GYY,IN,AGL,CE,Federal Contract Tower,1,1,29,0,31,0,3,33,0,36,1,4,62,0,67,60,0,60,127
11/18/2005,GYY,IN,AGL,CE,Federal Contract Tower,3,2,28,0,33,0,6,33,0,39,3,8,61,0,72,76,0,76,148
11/19/2005,GYY,IN,AGL,CE,Federal Contract Tower,0,0,13,0,13,0,2,57,0,59,0,2,70,0,72,48,0,48,120
11/20/2005,GYY,IN,AGL,CE,Federal Contract Tower,0,2,15,0,17,0,2,36,0,38,0,4,51,0,55,14,0,14,69
11/21/2005,GYY,IN,AGL,CE,Federal Contract Tower,3,3,18,0,24,0,0,23,0,23,3,3,41,0,47,14,0,14,61
11/22/2005,GYY,IN,AGL,CE,Federal Contract Tower,2,5,20,0,27,0,6,33,0,39,2,11,53,0,66,91,0,91,157
11/23/2005,GYY,IN,AGL,CE,Federal Contract Tower,1,2,17,0,20,0,0,18,0,18,1,2,35,0,38,26,0,26,64
11/24/2005,GYY,IN,AGL,CE,Federal Contract Tower,2,0,4,0,6,0,4,7,0,11,2,4,11,0,17,6,0,6,23
11/25/2005,GYY,IN,AGL,CE,Federal Contract Tower,4,1,9,0,14,0,4,15,0,19,4,5,24,0,33,22,0,22,55
11/26/2005,GYY,IN,AGL,CE,Federal Contract Tower,1,2,8,0,11,0,4,55,0,59,1,6,63,0,70,38,0,38,108
11/27/2005,GYY,IN,AGL,CE,Federal Contract Tower,1,1,22,0,24,0,0,9,0,9,1,1,31,0,33,0,0,0,33
11/28/2005,GYY,IN,AGL,CE,Federal Contract Tower,6,1,30,0,37,0,0,6,0,6,6,1,36,0,43,0,0,0,43
11/29/2005,GYY,IN,AGL,CE,Federal Contract Tower,5,3,28,0,36,0,5,19,0,24,5,8,47,0,60,60,0,60,120
11/30/2005,GYY,IN,AGL,CE,Federal Contract Tower,1,9,16,0,26,0,0,29,0,29,1,9,45,0,55,44,0,44,99
12/01/2005,GYY,IN,AGL,CE,Federal Contract Tower,1,0,30,0,31,0,0,8,0,8,1,0,38,0,39,2,0,2,41
12/02/2005,GYY,IN,AGL,CE,Federal Contract Tower,5,3,15,0,23,0,2,40,0,42,5,5,55,0,65,80,0,80,145
12/03/2005,GYY,IN,AGL,CE,Federal Contract Tower,1,1,13,0,15,0,0,30,0,30,1,1,43,0,45,100,0,100,145
12/04/2005,GYY,IN,AGL,CE,Federal Contract Tower,1,0,11,0,12,0,4,17,0,21,1,4,28,0,33,18,0,18,51
12/05/2005,GYY,IN,AGL,CE,Federal Contract Tower,3,3,25,1,32,0,0,26,0,26,3,3,51,1,58,44,0,44,102
12/06/2005,GYY,IN,AGL,CE,Federal Contract Tower,0,1,35,0,36,0,0,12,0,12,0,1,47,0,48,8,0,8,56
12/07/2005,GYY,IN,AGL,CE,Federal Contract Tower,1,6,30,1,38,0,0,21,0,21,1,6,51,1,59,25,0,25,84
12/08/2005,GYY,IN,AGL,CE,Federal Contract Tower,1,2,24,0,27,0,3,8,0,11,1,5,32,0,38,14,0,14,52
12/09/2005,GYY,IN,AGL,CE,Federal Contract Tower,2,6,22,1,31,0,2,21,1,24,2,8,43,2,55,8,2,10,65
12/10/2005,GYY,IN,AGL,CE,Federal Contract Tower,3,6,14,1,24,0,4,22,0,26,3,10,36,1,50,16,0,16,66
12/11/2005,GYY,IN,AGL,CE,Federal Contract Tower,1,5,17,0,23,0,0,27,0,27,1,5,44,0,50,38,0,38,88
12/12/2005,GYY,IN,AGL,CE,Federal Contract Tower,2,8,22,0,32,0,2,30,2,34,2,10,52,2,66,24,0,24,90
12/13/2005,GYY,IN,AGL,CE,Federal Contract Tower,2,5,34,0,41,0,2,12,0,14,2,7,46,0,55,18,0,18,73
12/14/2005,GYY,IN,AGL,CE,Federal Contract Tower,0,2,17,0,19,0,0,4,0,4,0,2,21,0,23,10,0,10,33
12/15/2005,GYY,IN,AGL,CE,Federal Contract Tower,1,0,22,0,23,0,0,1,0,1,1,0,23,0,24,0,0,0,24
12/16/2005,GYY,IN,AGL,CE,Federal Contract Tower,2,11,24,0,37,0,2,5,0,7,2,13,29,0,44,0,0,0,44
12/17/2005,GYY,IN,AGL,CE,Federal Contract Tower,0,7,15,0,22,0,0,55,0,55,0,7,70,0,77,80,0,80,157
12/18/2005,GYY,IN,AGL,CE,Federal Contract Tower,1,2,16,0,19,0,0,14,0,14,1,2,30,0,33,42,0,42,75
12/19/2005,GYY,IN,AGL,CE,Federal Contract Tower,2,3,26,0,31,0,0,26,0,26,2,3,52,0,57,18,0,18,75
12/20/2005,GYY,IN,AGL,CE,Federal Contract Tower,0,2,23,0,25,0,2,47,0,49,0,4,70,0,74,140,0,140,214
12/21/2005,GYY,IN,AGL,CE,Federal Contract Tower,1,0,13,0,14,0,3,26,0,29,1,3,39,0,43,70,0,70,113
12/22/2005,GYY,IN,AGL,CE,Federal Contract Tower,0,1,34,0,35,0,4,29,0,33,0,5,63,0,68,38,0,38,106
12/23/2005,GYY,IN,AGL,CE,Federal Contract Tower,2,4,15,0,21,0,4,19,0,23,2,8,34,0,44,52,0,52,96
12/24/2005,GYY,IN,AGL,CE,Federal Contract Tower,0,1,1,0,2,0,0,6,0,6,0,1,7,0,8,0,0,0,8
12/25/2005,GYY,IN,AGL,CE,Federal Contract Tower,0,0,1,0,1,0,0,0,0,0,0,0,1,0,1,0,0,0,1
12/26/2005,GYY,IN,AGL,CE,Federal Contract Tower,2,1,11,0,14,0,1,19,0,20,2,2,30,0,34,38,0,38,72
12/27/2005,GYY,IN,AGL,CE,Federal Contract Tower,0,1,32,0,33,0,4,27,0,31,0,5,59,0,64,66,0,66,130
12/28/2005,GYY,IN,AGL,CE,Federal Contract Tower,0,2,19,0,21,0,2,5,0,7,0,4,24,0,28,31,0,31,59
12/29/2005,GYY,IN,AGL,CE,Federal Contract Tower,0,2,19,0,21,0,0,4,0,4,0,2,23,0,25,8,0,8,33
12/30/2005,GYY,IN,AGL,CE,Federal Contract Tower,3,0,16,0,19,0,0,11,0,11,3,0,27,0,30,29,0,29,59
12/31/2005,GYY,IN,AGL,CE,Federal Contract Tower,0,0,5,0,5,0,0,4,0,4,0,0,9,0,9,6,0,6,15
01/01/2006,GYY,IN,AGL,CE,Federal Contract Tower,1,1,3,0,5,0,0,18,0,18,1,1,21,0,23,14,0,14,37
01/02/2006,GYY,IN,AGL,CE,Federal Contract Tower,6,2,15,0,23,0,0,0,0,0,6,2,15,0,23,0,0,0,23
01/03/2006,GYY,IN,AGL,CE,Federal Contract Tower,3,5,14,0,22,0,0,0,0,0,3,5,14,0,22,0,0,0,22
01/04/2006,GYY,IN,AGL,CE,Federal Contract Tower,0,3,20,0,23,0,0,2,3,5,0,3,22,3,28,6,0,6,34
01/05/2006,GYY,IN,AGL,CE,Federal Contract Tower,1,2,28,0,31,0,0,19,0,19,1,2,47,0,50,44,0,44,94
01/06/2006,GYY,IN,AGL,CE,Federal Contract Tower,2,0,19,0,21,0,0,32,0,32,2,0,51,0,53,42,0,42,95
01/07/2006,GYY,IN,AGL,CE,Federal Contract Tower,0,0,11,0,11,0,0,48,0,48,0,0,59,0,59,44,0,44,103
01/08/2006,GYY,IN,AGL,CE,Federal Contract Tower,1,0,13,0,14,0,0,30,0,30,1,0,43,0,44,70,0,70,114
01/09/2006,GYY,IN,AGL,CE,Federal Contract Tower,0,0,23,0,23,0,0,15,2,17,0,0,38,2,40,4,0,4,44
01/10/2006,GYY,IN,AGL,CE,Federal Contract Tower,1,1,21,0,23,0,0,34,0,34,1,1,55,0,57,50,0,50,107
01/11/2006,GYY,IN,AGL,CE,Federal Contract Tower,1,4,25,0,30,0,0,2,0,2,1,4,27,0,32,8,0,8,40
01/12/2006,GYY,IN,AGL,CE,Federal Contract Tower,0,1,23,0,24,0,4,36,2,42,0,5,59,2,66,170,20,190,256
01/13/2006,GYY,IN,AGL,CE,Federal Contract Tower,0,3,19,0,22,0,4,4,0,8,0,7,23,0,30,0,0,0,30
01/14/2006,GYY,IN,AGL,CE,Federal Contract Tower,0,0,9,0,9,0,0,73,4,77,0,0,82,4,86,102,8,110,196
01/15/2006,GYY,IN,AGL,CE,Federal Contract Tower,0,3,7,0,10,0,0,23,8,31,0,3,30,8,41,40,8,48,89
01/16/2006,GYY,IN,AGL,CE,Federal Contract Tower,1,3,21,0,25,0,0,22,0,22,1,3,43,0,47,42,0,42,89
01/17/2006,GYY,IN,AGL,CE,Federal Contract Tower,0,3,23,4,30,0,4,5,0,9,0,7,28,4,39,0,0,0,39
01/18/2006,GYY,IN,AGL,CE,Federal Contract Tower,0,1,18,0,19,0,0,24,0,24,0,1,42,0,43,14,0,14,57
01/19/2006,GYY,IN,AGL,CE,Federal Contract Tower,0,1,27,0,28,0,0,29,0,29,0,1,56,0,57,84,0,84,141
01/20/2006,GYY,IN,AGL,CE,Federal Contract Tower,1,2,20,0,23,0,2,14,0,16,1,4,34,0,39,67,0,67,106
01/21/2006,GYY,IN,AGL,CE,Federal Contract Tower,0,0,16,0,16,0,0,35,0,35,0,0,51,0,51,22,0,22,73
01/22/2006,GYY,IN,AGL,CE,Federal Contract Tower,0,1,10,0,11,0,0,20,0,20,0,1,30,0,31,8,0,8,39
01/23/2006,GYY,IN,AGL,CE,Federal Contract Tower,0,2,30,0,32,0,0,27,0,27,0,2,57,0,59,16,0,16,75
01/24/2006,GYY,IN,AGL,CE,Federal Contract Tower,0,2,32,0,34,0,0,17,0,17,0,2,49,0,51,6,0,6,57
01/25/2006,GYY,IN,AGL,CE,Federal Contract Tower,0,2,30,0,32,0,0,26,0,26,0,2,56,0,58,38,0,38,96
01/26/2006,GYY,IN,AGL,CE,Federal Contract Tower,0,1,21,0,22,0,8,49,2,59,0,9,70,2,81,120,24,144,225
01/27/2006,GYY,IN,AGL,CE,Federal Contract Tower,0,2,22,0,24,0,4,34,0,38,0,6,56,0,62,59,0,59,121
01/28/2006,GYY,IN,AGL,CE,Federal Contract Tower,2,0,14,0,16,0,0,16,0,16,2,0,30,0,32,16,0,16,48
01/29/2006,GYY,IN,AGL,CE,Federal Contract Tower,3,2,9,0,14,0,1,1,0,2,3,3,10,0,16,0,0,0,16
01/30/2006,GYY,IN,AGL,CE,Federal Contract Tower,0,0,21,0,21,0,2,7,2,11,0,2,28,2,32,4,0,4,36
01/31/2006,GYY,IN,AGL,CE,Federal Contract Tower,0,2,23,0,25,0,3,41,2,46,0,5,64,2,71,120,0,120,191
02/01/2006,GYY,IN,AGL,CE,Federal Contract Tower,2,2,27,0,31,0,0,28,0,28,2,2,55,0,59,18,0,18,77
02/02/2006,GYY,IN,AGL,CE,Federal Contract Tower,0,2,22,0,24,0,0,36,0,36,0,2,58,0,60,80,0,80,140
02/03/2006,GYY,IN,AGL,CE,Federal Contract Tower,0,2,28,0,30,0,2,9,0,11,0,4,37,0,41,8,0,8,49
02/04/2006,GYY,IN,AGL,CE,Federal Contract Tower,0,0,8,0,8,0,2,6,0,8,0,2,14,0,16,0,0,0,16
02/05/2006,GYY,IN,AGL,CE,Federal Contract Tower,0,2,10,0,12,0,0,35,0,35,0,2,45,0,47,40,0,40,87
02/06/2006,GYY,IN,AGL,CE,Federal Contract Tower,0,0,18,0,18,0,2,26,2,30,0,2,44,2,48,22,0,22,70
02/07/2006,GYY,IN,AGL,CE,Federal Contract Tower,0,0,27,0,27,19,0,42,0,61,19,0,69,0,88,56,0,56,144
02/08/2006,GYY,IN,AGL,CE,Federal Contract Tower,1,5,29,2,37,0,0,16,0,16,1,5,45,2,53,26,0,26,79
02/09/2006,GYY,IN,AGL,CE,Federal Contract Tower,1,6,35,0,42,10,2,25,3,40,11,8,60,3,82,74,17,91,173
02/10/2006,GYY,IN,AGL,CE,Federal Contract Tower,1,7,20,0,28,0,4,27,0,31,1,11,47,0,59,100,0,100,159
02/11/2006,GYY,IN,AGL,CE,Federal Contract Tower,2,1,8,0,11,0,6,29,0,35,2,7,37,0,46,52,0,52,98
02/12/2006,GYY,IN,AGL,CE,Federal Contract Tower,0,0,5,0,5,0,0,8,0,8,0,0,13,0,13,4,0,4,17
02/13/2006,GYY,IN,AGL,CE,Federal Contract Tower,1,0,19,0,20,0,2,20,2,24,1,2,39,2,44,22,6,28,72
02/14/2006,GYY,IN,AGL,CE,Federal Contract Tower,0,2,24,0,26,0,0,30,0,30,0,2,54,0,56,30,0,30,86
02/15/2006,GYY,IN,AGL,CE,Federal Contract Tower,2,13,41,0,56,0,0,32,2,34,2,13,73,2,90,78,24,102,192
02/16/2006,GYY,IN,AGL,CE,Federal Contract Tower,0,2,23,0,25,0,0,8,0,8,0,2,31,0,33,2,0,2,35
02/17/2006,GYY,IN,AGL,CE,Federal Contract Tower,0,0,21,0,21,0,0,15,2,17,0,0,36,2,38,14,6,20,58
02/18/2006,GYY,IN,AGL,CE,Federal Contract Tower,0,1,10,0,11,0,4,29,0,33,0,5,39,0,44,16,0,16,60
02/19/2006,GYY,IN,AGL,CE,Federal Contract Tower,0,0,7,0,7,0,0,19,0,19,0,0,26,0,26,20,0,20,46
02/20/2006,GYY,IN,AGL,CE,Federal Contract Tower,1,3,22,0,26,0,0,17,0,17,1,3,39,0,43,28,0,28,71
02/21/2006,GYY,IN,AGL,CE,Federal Contract Tower,0,6,30,0,36,0,0,31,2,33,0,6,61,2,69,30,0,30,99
02/22/2006,GYY,IN,AGL,CE,Federal Contract Tower,4,8,28,2,42,0,0,31,0,31,4,8,59,2,73,50,4,54,127
02/23/2006,GYY,IN,AGL,CE,Federal Contract Tower,0,8,26,0,34,0,2,30,0,32,0,10,56,0,66,42,0,42,108
02/24/2006,GYY,IN,AGL,CE,Federal Contract Tower,0,4,17,0,21,0,2,33,0,35,0,6,50,0,56,32,0,32,88
02/25/2006,GYY,IN,AGL,CE,Federal Contract Tower,0,3,17,0,20,0,2,32,0,34,0,5,49,0,54,6,0,6,60
02/26/2006,GYY,IN,AGL,CE,Federal Contract Tower,0,0,10,0,10,0,2,36,0,38,0,2,46,0,48,42,0,42,90
02/27/2006,GYY,IN,AGL,CE,Federal Contract Tower,0,0,18,0,18,0,0,34,0,34,0,0,52,0,52,42,0,42,94
02/28/2006,GYY,IN,AGL,CE,Federal Contract Tower,1,3,23,0,27,0,0,40,0,40,1,3,63,0,67,32,0,32,99
03/01/2006,GYY,IN,AGL,CE,Federal Contract Tower,0,7,28,0,35,0,2,26,0,28,0,9,54,0,63,8,0,8,71
03/02/2006,GYY,IN,AGL,CE,Federal Contract Tower,3,5,28,0,36,0,0,23,0,23,3,5,51,0,59,12,0,12,71
03/03/2006,GYY,IN,AGL,CE,Federal Contract Tower,0,3,28,0,31,0,6,37,2,45,0,9,65,2,76,42,6,48,124
03/04/2006,GYY,IN,AGL,CE,Federal Contract Tower,0,2,15,0,17,0,0,68,0,68,0,2,83,0,85,110,0,110,195
03/05/2006,GYY,IN,AGL,CE,Federal Contract Tower,0,0,12,0,12,0,0,3,0,3,0,0,15,0,15,0,0,0,15
03/06/2006,GYY,IN,AGL,CE,Federal Contract Tower,1,0,15,0,16,0,0,4,0,4,1,0,19,0,20,4,0,4,24
03/07/2006,GYY,IN,AGL,CE,Federal Contract Tower,0,5,21,0,26,0,2,42,0,44,0,7,63,0,70,50,0,50,120
03/08/2006,GYY,IN,AGL,CE,Federal Contract Tower,0,0,32,0,32,0,0,22,0,22,0,0,54,0,54,16,0,16,70
03/09/2006,GYY,IN,AGL,CE,Federal Contract Tower,0,0,18,0,18,0,0,1,0,1,0,0,19,0,19,0,0,0,19
03/10/2006,GYY,IN,AGL,CE,Federal Contract Tower,0,0,30,0,30,0,2,34,2,38,0,2,64,2,68,71,5,76,144
03/11/2006,GYY,IN,AGL,CE,Federal Contract Tower,0,3,7,0,10,0,0,63,0,63,0,3,70,0,73,82,0,82,155
03/12/2006,GYY,IN,AGL,CE,Federal Contract Tower,0,0,18,0,18,0,0,10,0,10,0,0,28,0,28,6,0,6,34
03/13/2006,GYY,IN,AGL,CE,Federal Contract Tower,0,2,27,0,29,0,0,7,0,7,0,2,34,0,36,0,0,0,36
03/14/2006,GYY,IN,AGL,CE,Federal Contract Tower,0,2,21,0,23,0,2,14,0,16,0,4,35,0,39,12,0,12,51
03/15/2006,GYY,IN,AGL,CE,Federal Contract Tower,1,0,23,0,24,0,4,35,0,39,1,4,58,0,63,34,0,34,97
03/16/2006,GYY,IN,AGL,CE,Federal Contract Tower,0,0,22,0,22,0,2,16,1,19,0,2,38,1,41,30,0,30,71
03/17/2006,GYY,IN,AGL,CE,Federal Contract Tower,1,1,28,0,30,0,4,37,0,41,1,5,65,0,71,68,0,68,139
03/18/2006,GYY,IN,AGL,CE,Federal Contract Tower,0,0,31,6,37,0,2,79,1,82,0,2,110,7,119,118,6,124,243
03/19/2006,GYY,IN,AGL,CE,Federal Contract Tower,0,0,8,0,8,0,0,57,1,58,0,0,65,1,66,86,0,86,152
03/20/2006,GYY,IN,AGL,CE,Federal Contract Tower,0,5,20,1,26,0,0,17,0,17,0,5,37,1,43,22,0,22,65
03/21/2006,GYY,IN,AGL,CE,Federal Contract Tower,0,1,15,2,18,0,2,14,0,16,0,3,29,2,34,34,0,34,68
03/22/2006,GYY,IN,AGL,CE,Federal Contract Tower,0,4,22,0,26,0,2,44,0,46,0,6,66,0,72,120,0,120,192
03/23/2006,GYY,IN,AGL,CE,Federal Contract Tower,0,5,30,0,35,1,0,38,0,39,1,5,68,0,74,88,0,88,162
03/24/2006,GYY,IN,AGL,CE,Federal Contract Tower,0,1,28,0,29,0,4,14,0,18,0,5,42,0,47,48,0,48,95
03/25/2006,GYY,IN,AGL,CE,Federal Contract Tower,0,0,17,0,17,0,0,22,0,22,0,0,39,0,39,48,0,48,87
03/26/2006,GYY,IN,AGL,CE,Federal Contract Tower,0,0,14,0,14,0,0,57,0,57,0,0,71,0,71,114,0,114,185
03/27/2006,GYY,IN,AGL,CE,Federal Contract Tower,0,0,30,0,30,0,1,50,0,51,0,1,80,0,81,58,0,58,139
03/28/2006,GYY,IN,AGL,CE,Federal Contract Tower,0,0,20,0,20,0,0,10,0,10,0,0,30,0,30,2,0,2,32
03/29/2006,GYY,IN,AGL,CE,Federal Contract Tower,0,2,25,0,27,0,0,25,0,25,0,2,50,0,52,30,0,30,82
03/30/2006,GYY,IN,AGL,CE,Federal Contract Tower,0,6,21,0,27,0,0,30,0,30,0,6,51,0,57,14,0,14,71
03/31/2006,GYY,IN,AGL,CE,Federal Contract Tower,0,2,15,1,18,0,0,4,3,7,0,2,19,4,25,0,4,4,29
04/01/2006,GYY,IN,AGL,CE,Federal Contract Tower,0,2,28,1,31,0,0,26,0,26,0,2,54,1,57,42,0,42,99
04/02/2006,GYY,IN,AGL,CE,Federal Contract Tower,0,1,8,0,9,0,0,12,2,14,0,1,20,2,23,10,0,10,33
04/03/2006,GYY,IN,AGL,CE,Federal Contract Tower,0,3,20,0,23,0,0,12,2,14,0,3,32,2,37,16,4,20,57
04/04/2006,GYY,IN,AGL,CE,Federal Contract Tower,0,3,21,2,26,0,0,47,0,47,0,3,68,2,73,54,0,54,127
04/05/2006,GYY,IN,AGL,CE,Federal Contract Tower,0,0,25,0,25,0,2,34,0,36,0,2,59,0,61,50,0,50,111
04/06/2006,GYY,IN,AGL,CE,Federal Contract Tower,1,6,15,0,22,0,0,22,0,22,1,6,37,0,44,12,0,12,56
04/07/2006,GYY,IN,AGL,CE,Federal Contract Tower,0,0,30,0,30,0,0,3,0,3,0,0,33,0,33,0,0,0,33
04/08/2006,GYY,IN,AGL,CE,Federal Contract Tower,0,0,19,0,19,0,0,82,0,82,0,0,101,0,101,96,0,96,197
04/09/2006,GYY,IN,AGL,CE,Federal Contract Tower,0,3,15,0,18,0,0,43,0,43,0,3,58,0,61,18,0,18,79
04/10/2006,GYY,IN,AGL,CE,Federal Contract Tower,0,2,21,0,23,0,0,33,0,33,0,2,54,0,56,64,0,64,120
04/11/2006,GYY,IN,AGL,CE,Federal Contract Tower,0,3,23,1,27,0,6,38,3,47,0,9,61,4,74,38,0,38,112
04/12/2006,GYY,IN,AGL,CE,Federal Contract Tower,0,4,27,0,31,0,0,21,0,21,0,4,48,0,52,32,0,32,84
04/13/2006,GYY,IN,AGL,CE,Federal Contract Tower,0,7,22,0,29,0,1,34,2,37,0,8,56,2,66,24,0,24,90
04/14/2006,GYY,IN,AGL,CE,Federal Contract Tower,1,0,14,0,15,0,4,13,0,17,1,4,27,0,32,20,0,20,52
04/15/2006,GYY,IN,AGL,CE,Federal Contract Tower,0,0,11,0,11,0,0,46,0,46,0,0,57,0,57,60,0,60,117
04/16/2006,GYY,IN,AGL,CE,Federal Contract Tower,0,0,2,0,2,0,0,3,0,3,0,0,5,0,5,6,0,6,11
04/17/2006,GYY,IN,AGL,CE,Federal Contract Tower,0,0,29,0,29,12,0,26,0,38,12,0,55,0,67,58,0,58,125
04/18/2006,GYY,IN,AGL,CE,Federal Contract Tower,1,1,18,0,20,0,2,62,0,64,1,3,80,0,84,30,0,30,114
04/19/2006,GYY,IN,AGL,CE,Federal Contract Tower,0,3,26,0,29,0,0,29,0,29,0,3,55,0,58,38,0,38,96
04/20/2006,GYY,IN,AGL,CE,Federal Contract Tower,0,2,28,0,30,0,0,52,0,52,0,2,80,0,82,84,0,84,166
04/21/2006,GYY,IN,AGL,CE,Federal Contract Tower,0,2,23,2,27,0,4,43,0,47,0,6,66,2,74,84,2,86,160
04/22/2006,GYY,IN,AGL,CE,Federal Contract Tower,0,1,10,0,11,0,1,50,0,51,0,2,60,0,62,44,0,44,106
04/23/2006,GYY,IN,AGL,CE,Federal Contract Tower,0,0,19,2,21,0,0,31,2,33,0,0,50,4,54,28,0,28,82
04/24/2006,GYY,IN,AGL,CE,Federal Contract Tower,0,4,22,1,27,0,0,28,1,29,0,4,50,2,56,32,0,32,88
04/25/2006,GYY,IN,AGL,CE,Federal Contract Tower,0,3,32,0,35,0,0,18,0,18,0,3,50,0,53,26,0,26,79
04/26/2006,GYY,IN,AGL,CE,Federal Contract Tower,0,3,22,0,25,0,2,63,0,65,0,5,85,0,90,14,0,14,104
04/27/2006,GYY,IN,AGL,CE,Federal Contract Tower,2,3,25,0,30,0,4,49,0,53,2,7,74,0,83,98,0,98,181
04/28/2006,GYY,IN,AGL,CE,Federal Contract Tower,0,4,26,0,30,0,8,33,2,43,0,12,59,2,73,40,14,54,127
04/29/2006,GYY,IN,AGL,CE,Federal Contract Tower,0,2,12,0,14,0,0,59,2,61,0,2,71,2,75,44,0,44,119
04/30/2006,GYY,IN,AGL,CE,Federal Contract Tower,1,0,18,0,19,0,0,1,0,1,1,0,19,0,20,0,0,0,20
05/01/2006,GYY,IN,AGL,CE,Federal Contract Tower,3,1,23,0,27,0,0,4,0,4,3,1,27,0,31,0,0,0,31
05/02/2006,GYY,IN,AGL,CE,Federal Contract Tower,0,8,33,2,43,0,0,23,0,23,0,8,56,2,66,32,0,32,98
05/03/2006,GYY,IN,AGL,CE,Federal Contract Tower,0,4,33,0,37,0,0,25,0,25,0,4,58,0,62,44,0,44,106
05/04/2006,GYY,IN,AGL,CE,Federal Contract Tower,2,7,21,0,30,0,2,55,1,58,2,9,76,1,88,38,0,38,126
05/05/2006,GYY,IN,AGL,CE,Federal Contract Tower,1,3,28,2,34,0,2,44,2,48,1,5,72,4,82,64,16,80,162
05/06/2006,GYY,IN,AGL,CE,Federal Contract Tower,1,3,4,0,8,0,0,53,0,53,1,3,57,0,61,108,0,108,169
05/07/2006,GYY,IN,AGL,CE,Federal Contract Tower,0,1,21,0,22,0,0,46,0,46,0,1,67,0,68,44,0,44,112
05/08/2006,GYY,IN,AGL,CE,Federal Contract Tower,1,2,16,0,19,0,0,39,0,39,1,2,55,0,58,64,0,64,122
05/09/2006,GYY,IN,AGL,CE,Federal Contract Tower,0,2,25,2,29,0,0,29,0,29,0,2,54,2,58,22,0,22,80
05/10/2006,GYY,IN,AGL,CE,Federal Contract Tower,1,2,21,0,24,0,0,29,0,29,1,2,50,0,53,22,0,22,75
05/11/2006,GYY,IN,AGL,CE,Federal Contract Tower,0,2,22,0,24,0,0,7,0,7,0,2,29,0,31,8,0,8,39
05/12/2006,GYY,IN,AGL,CE,Federal Contract Tower,1,3,20,0,24,0,2,12,0,14,1,5,32,0,38,22,0,22,60
05/13/2006,GYY,IN,AGL,CE,Federal Contract Tower,1,1,19,0,21,0,0,13,0,13,1,1,32,0,34,6,0,6,40
05/14/2006,GYY,IN,AGL,CE,Federal Contract Tower,2,1,11,0,14,0,2,28,0,30,2,3,39,0,44,60,0,60,104
05/15/2006,GYY,IN,AGL,CE,Federal Contract Tower,0,0,24,0,24,0,0,3,0,3,0,0,27,0,27,0,0,0,27
05/16/2006,GYY,IN,AGL,CE,Federal Contract Tower,0,0,29,0,29,0,0,14,0,14,0,0,43,0,43,18,0,18,61
05/17/2006,GYY,IN,AGL,CE,Federal Contract Tower,1,0,24,0,25,0,0,35,0,35,1,0,59,0,60,20,0,20,80
05/18/2006,GYY,IN,AGL,CE,Federal Contract Tower,0,5,37,0,42,0,10,38,0,48,0,15,75,0,90,28,0,28,118
05/19/2006,GYY,IN,AGL,CE,Federal Contract Tower,0,2,21,2,25,27,4,43,0,74,27,6,64,2,99,84,6,90,189
05/20/2006,GYY,IN,AGL,CE,Federal Contract Tower,0,1,16,0,17,0,0,47,2,49,0,1,63,2,66,60,0,60,126
05/21/2006,GYY,IN,AGL,CE,Federal Contract Tower,0,4,18,2,24,0,0,38,2,40,0,4,56,4,64,66,2,68,132
05/22/2006,GYY,IN,AGL,CE,Federal Contract Tower,1,3,61,1,66,0,2,51,1,54,1,5,112,2,120,32,0,32,152
05/23/2006,GYY,IN,AGL,CE,Federal Contract Tower,1,2,28,0,31,0,0,45,2,47,1,2,73,2,78,64,0,64,142
05/24/2006,GYY,IN,AGL,CE,Federal Contract Tower,1,2,18,0,21,0,4,29,1,34,1,6,47,1,55,57,7,64,119
05/25/2006,GYY,IN,AGL,CE,Federal Contract Tower,0,0,28,0,28,0,2,22,0,24,0,2,50,0,52,8,0,8,60
05/26/2006,GYY,IN,AGL,CE,Federal Contract Tower,0,1,29,0,30,0,0,23,0,23,0,1,52,0,53,25,0,25,78
05/27/2006,GYY,IN,AGL,CE,Federal Contract Tower,0,2,4,0,6,0,6,59,0,65,0,8,63,0,71,60,0,60,131
05/28/2006,GYY,IN,AGL,CE,Federal Contract Tower,0,0,4,0,4,0,2,32,2,36,0,2,36,2,40,98,8,106,146
05/29/2006,GYY,IN,AGL,CE,Federal Contract Tower,0,0,12,0,12,0,0,21,8,29,0,0,33,8,41,2,8,10,51
05/30/2006,GYY,IN,AGL,CE,Federal Contract Tower,0,2,30,0,32,0,0,31,0,31,0,2,61,0,63,40,0,40,103
05/31/2006,GYY,IN,AGL,CE,Federal Contract Tower,0,5,25,0,30,0,0,16,0,16,0,5,41,0,46,12,0,12,58
06/01/2006,GYY,IN,AGL,CE,Federal Contract Tower,0,0,29,0,29,0,3,35,1,39,0,3,64,1,68,168,0,168,236
06/02/2006,GYY,IN,AGL,CE,Federal Contract Tower,0,6,25,1,32,0,4,47,1,52,0,10,72,2,84,82,10,92,176
06/03/2006,GYY,IN,AGL,CE,Federal Contract Tower,0,0,11,0,11,0,2,51,0,53,0,2,62,0,64,126,0,126,190
06/04/2006,GYY,IN,AGL,CE,Federal Contract Tower,0,0,13,1,14,0,2,67,0,69,0,2,80,1,83,112,0,112,195
06/05/2006,GYY,IN,AGL,CE,Federal Contract Tower,0,1,19,0,20,0,0,41,0,41,0,1,60,0,61,84,0,84,145
06/06/2006,GYY,IN,AGL,CE,Federal Contract Tower,2,5,18,0,25,0,2,31,0,33,2,7,49,0,58,22,0,22,80
06/07/2006,GYY,IN,AGL,CE,Federal Contract Tower,0,8,25,2,35,0,3,41,2,46,0,11,66,4,81,42,0,42,123
06/08/2006,GYY,IN,AGL,CE,Federal Contract Tower,1,14,21,0,36,0,8,35,0,43,1,22,56,0,79,15,0,15,94
06/09/2006,GYY,IN,AGL,CE,Federal Contract Tower,0,3,13,0,16,0,0,20,8,28,0,3,33,8,44,32,20,52,96
06/10/2006,GYY,IN,AGL,CE,Federal Contract Tower,0,2,12,0,14,0,0,26,0,26,0,2,38,0,40,14,0,14,54
06/11/2006,GYY,IN,AGL,CE,Federal Contract Tower,0,1,14,0,15,0,0,58,0,58,0,1,72,0,73,106,0,106,179
06/12/2006,GYY,IN,AGL,CE,Federal Contract Tower,0,0,26,0,26,0,0,45,0,45,0,0,71,0,71,46,0,46,117
06/13/2006,GYY,IN,AGL,CE,Federal Contract Tower,0,8,36,0,44,0,0,43,0,43,0,8,79,0,87,92,0,92,179
06/14/2006,GYY,IN,AGL,CE,Federal Contract Tower,0,1,35,0,36,0,0,46,0,46,0,1,81,0,82,74,0,74,156
06/15/2006,GYY,IN,AGL,CE,Federal Contract Tower,0,2,30,0,32,0,4,32,0,36,0,6,62,0,68,96,0,96,164
06/16/2006,GYY,IN,AGL,CE,Federal Contract Tower,1,4,26,1,32,0,2,40,2,44,1,6,66,3,76,42,5,47,123
06/17/2006,GYY,IN,AGL,CE,Federal Contract Tower,0,1,13,0,14,0,10,49,0,59,0,11,62,0,73,90,0,90,163
06/18/2006,GYY,IN,AGL,CE,Federal Contract Tower,1,3,16,0,20,0,4,23,0,27,1,7,39,0,47,42,0,42,89
06/19/2006,GYY,IN,AGL,CE,Federal Contract Tower,2,8,39,2,51,0,6,48,0,54,2,14,87,2,105,112,0,112,217
06/20/2006,GYY,IN,AGL,CE,Federal Contract Tower,1,0,27,0,28,0,0,29,0,29,1,0,56,0,57,28,0,28,85
06/21/2006,GYY,IN,AGL,CE,Federal Contract Tower,0,5,38,0,43,0,2,8,0,10,0,7,46,0,53,6,0,6,59
06/22/2006,GYY,IN,AGL,CE,Federal Contract Tower,2,1,32,0,35,0,4,23,0,27,2,5,55,0,62,106,0,106,168
06/23/2006,GYY,IN,AGL,CE,Federal Contract Tower,0,8,39,0,47,0,4,37,0,41,0,12,76,0,88,81,0,81,169
06/24/2006,GYY,IN,AGL,CE,Federal Contract Tower,0,0,12,0,12,0,0,85,0,85,0,0,97,0,97,102,0,102,199
06/25/2006,GYY,IN,AGL,CE,Federal Contract Tower,1,0,23,0,24,0,0,29,0,29,1,0,52,0,53,60,0,60,113
06/26/2006,GYY,IN,AGL,CE,Federal Contract Tower,1,3,23,0,27,0,0,18,0,18,1,3,41,0,45,38,0,38,83
06/27/2006,GYY,IN,AGL,CE,Federal Contract Tower,0,5,23,0,28,0,2,31,2,35,0,7,54,2,63,26,0,26,89
06/28/2006,GYY,IN,AGL,CE,Federal Contract Tower,2,7,19,0,28,0,0,31,0,31,2,7,50,0,59,32,0,32,91
06/29/2006,GYY,IN,AGL,CE,Federal Contract Tower,0,1,34,0,35,0,4,58,0,62,0,5,92,0,97,52,0,52,149
06/30/2006,GYY,IN,AGL,CE,Federal Contract Tower,2,0,34,0,36,0,9,52,0,61,2,9,86,0,97,76,0,76,173
07/01/2006,GYY,IN,AGL,CE,Federal Contract Tower,0,0,15,1,16,0,0,44,0,44,0,0,59,1,60,8,0,8,68
07/02/2006,GYY,IN,AGL,CE,Federal Contract Tower,0,0,10,0,10,0,0,20,0,20,0,0,30,0,30,30,0,30,60
07/03/2006,GYY,IN,AGL,CE,Federal Contract Tower,0,0,12,1,13,0,2,13,0,15,0,2,25,1,28,2,0,2,30
07/04/2006,GYY,IN,AGL,CE,Federal Contract Tower,1,0,12,0,13,0,4,28,0,32,1,4,40,0,45,0,0,0,45
07/05/2006,GYY,IN,AGL,CE,Federal Contract Tower,1,2,29,0,32,0,0,48,0,48,1,2,77,0,80,86,0,86,166
07/06/2006,GYY,IN,AGL,CE,Federal Contract Tower,0,2,24,0,26,0,3,46,2,51,0,5,70,2,77,44,6,50,127
07/07/2006,GYY,IN,AGL,CE,Federal Contract Tower,0,5,31,3,39,0,8,14,5,27,0,13,45,8,66,2,14,16,82
07/08/2006,GYY,IN,AGL,CE,Federal Contract Tower,0,0,21,0,21,0,1,115,14,130,0,1,136,14,151,126,6,132,283
07/09/2006,GYY,IN,AGL,CE,Federal Contract Tower,1,0,19,0,20,0,2,48,0,50,1,2,67,0,70,10,0,10,80
07/10/2006,GYY,IN,AGL,CE,Federal Contract Tower,0,3,34,1,38,0,2,27,2,31,0,5,61,3,69,20,0,20,89
07/11/2006,GYY,IN,AGL,CE,Federal Contract Tower,1,2,27,0,30,0,0,1,0,1,1,2,28,0,31,0,0,0,31
07/12/2006,GYY,IN,AGL,CE,Federal Contract Tower,0,4,43,11,58,0,0,5,0,5,0,4,48,11,63,0,0,0,63
07/13/2006,GYY,IN,AGL,CE,Federal Contract Tower,0,0,36,0,36,0,0,28,0,28,0,0,64,0,64,14,0,14,78
07/14/2006,GYY,IN,AGL,CE,Federal Contract Tower,0,1,26,1,28,0,1,32,1,34,0,2,58,2,62,35,0,35,97
07/15/2006,GYY,IN,AGL,CE,Federal Contract Tower,0,1,12,0,13,0,5,60,0,65,0,6,72,0,78,166,0,166,244
07/16/2006,GYY,IN,AGL,CE,Federal Contract Tower,0,3,23,0,26,0,4,43,0,47,0,7,66,0,73,88,0,88,161
07/17/2006,GYY,IN,AGL,CE,Federal Contract Tower,0,4,30,0,34,0,1,42,2,45,0,5,72,2,79,38,0,38,117
07/18/2006,GYY,IN,AGL,CE,Federal Contract Tower,0,6,31,0,37,0,0,38,3,41,0,6,69,3,78,28,0,28,106
07/19/2006,GYY,IN,AGL,CE,Federal Contract Tower,1,7,37,0,45,0,2,26,0,28,1,9,63,0,73,90,0,90,163
07/20/2006,GYY,IN,AGL,CE,Federal Contract Tower,1,8,20,0,29,0,2,10,2,14,1,10,30,2,43,10,0,10,53
07/21/2006,GYY,IN,AGL,CE,Federal Contract Tower,0,3,24,1,28,0,2,50,0,52,0,5,74,1,80,94,0,94,174
07/22/2006,GYY,IN,AGL,CE,Federal Contract Tower,0,4,21,0,25,0,0,53,0,53,0,4,74,0,78,84,0,84,162
07/23/2006,GYY,IN,AGL,CE,Federal Contract Tower,2,0,26,1,29,0,2,79,0,81,2,2,105,1,110,100,0,100,210
07/24/2006,GYY,IN,AGL,CE,Federal Contract Tower,0,0,27,0,27,0,2,40,2,44,0,2,67,2,71,30,0,30,101
07/25/2006,GYY,IN,AGL,CE,Federal Contract Tower,0,1,30,0,31,0,0,40,0,40,0,1,70,0,71,78,0,78,149
07/26/2006,GYY,IN,AGL,CE,Federal Contract Tower,0,3,23,0,26,0,0,56,0,56,0,3,79,0,82,36,0,36,118
07/27/2006,GYY,IN,AGL,CE,Federal Contract Tower,0,1,37,0,38,0,0,57,0,57,0,1,94,0,95,34,0,34,129
07/28/2006,GYY,IN,AGL,CE,Federal Contract Tower,0,1,37,0,38,0,4,70,0,74,0,5,107,0,112,50,0,50,162
07/29/2006,GYY,IN,AGL,CE,Federal Contract Tower,0,0,21,0,21,0,0,62,0,62,0,0,83,0,83,40,0,40,123
07/30/2006,GYY,IN,AGL,CE,Federal Contract Tower,0,2,22,2,26,0,0,22,1,23,0,2,44,3,49,42,0,42,91
07/31/2006,GYY,IN,AGL,CE,Federal Contract Tower,0,2,28,0,30,0,0,24,0,24,0,2,52,0,54,6,0,6,60
08/01/2006,GYY,IN,AGL,CE,Federal Contract Tower,0,3,20,0,23,0,2,34,0,36,0,5,54,0,59,82,0,82,141
08/02/2006,GYY,IN,AGL,CE,Federal Contract Tower,0,3,27,0,30,4,2,43,0,49,4,5,70,0,79,76,0,76,155
08/03/2006,GYY,IN,AGL,CE,Federal Contract Tower,1,1,29,0,31,0,0,4,0,4,1,1,33,0,35,30,0,30,65
08/04/2006,GYY,IN,AGL,CE,Federal Contract Tower,0,1,33,0,34,0,2,55,0,57,0,3,88,0,91,84,0,84,175
08/05/2006,GYY,IN,AGL,CE,Federal Contract Tower,0,2,15,0,17,0,11,62,0,73,0,13,77,0,90,20,0,20,110
08/06/2006,GYY,IN,AGL,CE,Federal Contract Tower,0,0,10,0,10,0,6,30,0,36,0,6,40,0,46,12,0,12,58
08/07/2006,GYY,IN,AGL,CE,Federal Contract Tower,0,2,22,0,24,0,14,26,0,40,0,16,48,0,64,26,0,26,90
08/08/2006,GYY,IN,AGL,CE,Federal Contract Tower,2,2,22,0,26,0,6,42,0,48,2,8,64,0,74,116,0,116,190
08/09/2006,GYY,IN,AGL,CE,Federal Contract Tower,0,2,20,0,22,0,0,32,0,32,0,2,52,0,54,64,0,64,118
08/10/2006,GYY,IN,AGL,CE,Federal Contract Tower,0,2,29,0,31,0,2,11,0,13,0,4,40,0,44,28,0,28,72
08/11/2006,GYY,IN,AGL,CE,Federal Contract Tower,0,5,22,0,27,0,8,62,0,70,0,13,84,0,97,73,0,73,170
08/12/2006,GYY,IN,AGL,CE,Federal Contract Tower,1,0,22,0,23,0,2,54,0,56,1,2,76,0,79,60,0,60,139
08/13/2006,GYY,IN,AGL,CE,Federal Contract Tower,0,1,19,0,20,0,2,52,1,55,0,3,71,1,75,52,5,57,132
08/14/2006,GYY,IN,AGL,CE,Federal Contract Tower,0,0,23,0,23,0,5,42,0,47,0,5,65,0,70,41,0,41,111
08/15/2006,GYY,IN,AGL,CE,Federal Contract Tower,0,2,17,2,21,0,0,67,0,67,0,2,84,2,88,172,0,172,260
08/16/2006,GYY,IN,AGL,CE,Federal Contract Tower,0,0,20,4,24,0,0,98,12,110,0,0,118,16,134,84,56,140,274
08/17/2006,GYY,IN,AGL,CE,Federal Contract Tower,0,1,48,11,60,0,4,173,76,253,0,5,221,87,313,234,176,410,723
08/18/2006,GYY,IN,AGL,CE,Federal Contract Tower,0,2,22,0,24,0,0,127,141,268,0,2,149,141,292,172,196,368,660
08/19/2006,GYY,IN,AGL,CE,Federal Contract Tower,0,0,16,0,16,0,8,124,54,186,0,8,140,54,202,108,64,172,374
08/20/2006,GYY,IN,AGL,CE,Federal Contract Tower,1,0,16,4,21,0,0,164,77,241,1,0,180,81,262,112,116,228,490
08/21/2006,GYY,IN,AGL,CE,Federal Contract Tower,0,2,25,14,41,0,2,38,2,42,0,4,63,16,83,48,18,66,149
08/22/2006,GYY,IN,AGL,CE,Federal Contract Tower,0,2,28,0,30,0,0,44,0,44,0,2,72,0,74,116,0,116,190
08/23/2006,GYY,IN,AGL,CE,Federal Contract Tower,0,0,29,0,29,0,0,36,0,36,0,0,65,0,65,50,0,50,115
08/24/2006,GYY,IN,AGL,CE,Federal Contract Tower,2,4,16,0,22,0,2,33,0,35,2,6,49,0,57,38,0,38,95
08/25/2006,GYY,IN,AGL,CE,Federal Contract Tower,0,2,26,0,28,0,6,27,0,33,0,8,53,0,61,23,0,23,84
08/26/2006,GYY,IN,AGL,CE,Federal Contract Tower,0,0,17,1,18,0,2,25,5,32,0,2,42,6,50,114,0,114,164
08/27/2006,GYY,IN,AGL,CE,Federal Contract Tower,0,0,22,0,22,0,0,15,0,15,0,0,37,0,37,58,0,58,95
08/28/2006,GYY,IN,AGL,CE,Federal Contract Tower,0,4,29,0,33,0,0,0,0,0,0,4,29,0,33,6,0,6,39
08/29/2006,GYY,IN,AGL,CE,Federal Contract Tower,1,4,32,0,37,0,0,11,0,11,1,4,43,0,48,48,0,48,96
08/30/2006,GYY,IN,AGL,CE,Federal Contract Tower,0,5,33,3,41,0,4,33,4,41,0,9,66,7,82,46,4,50,132
08/31/2006,GYY,IN,AGL,CE,Federal Contract Tower,0,0,31,3,34,0,4,34,11,49,0,4,65,14,83,14,8,22,105
09/01/2006,GYY,IN,AGL,CE,Federal Contract Tower,0,4,16,0,20,0,4,94,22,120,0,8,110,22,140,136,26,162,302
09/02/2006,GYY,IN,AGL,CE,Federal Contract Tower,0,0,13,0,13,0,4,138,31,173,0,4,151,31,186,114,54,168,354
09/03/2006,GYY,IN,AGL,CE,Federal Contract Tower,0,0,7,0,7,0,1,88,21,110,0,1,95,21,117,102,20,122,239
09/04/2006,GYY,IN,AGL,CE,Federal Contract Tower,0,2,11,0,13,0,8,94,23,125,0,10,105,23,138,146,12,158,296
09/05/2006,GYY,IN,AGL,CE,Federal Contract Tower,0,9,24,12,45,0,2,21,0,23,0,11,45,12,68,38,0,38,106
09/06/2006,GYY,IN,AGL,CE,Federal Contract Tower,0,4,30,0,34,2,0,30,0,32,2,4,60,0,66,14,0,14,80
09/07/2006,GYY,IN,AGL,CE,Federal Contract Tower,0,2,27,0,29,0,10,68,0,78,0,12,95,0,107,108,0,108,215
09/08/2006,GYY,IN,AGL,CE,Federal Contract Tower,0,0,36,0,36,2,4,59,0,65,2,4,95,0,101,52,0,52,153
09/09/2006,GYY,IN,AGL,CE,Federal Contract Tower,0,0,18,0,18,0,4,83,1,88,0,4,101,1,106,76,0,76,182
09/10/2006,GYY,IN,AGL,CE,Federal Contract Tower,1,0,13,1,15,0,0,8,0,8,1,0,21,1,23,16,0,16,39
09/11/2006,GYY,IN,AGL,CE,Federal Contract Tower,0,0,18,0,18,0,0,2,0,2,0,0,20,0,20,0,0,0,20
09/12/2006,GYY,IN,AGL,CE,Federal Contract Tower,0,0,26,2,28,0,2,5,0,7,0,2,31,2,35,56,8,64,99
09/13/2006,GYY,IN,AGL,CE,Federal Contract Tower,0,0,28,1,29,0,0,10,0,10,0,0,38,1,39,12,0,12,51
09/14/2006,GYY,IN,AGL,CE,Federal Contract Tower,1,5,39,0,45,0,2,55,0,57,1,7,94,0,102,120,0,120,222
09/15/2006,GYY,IN,AGL,CE,Federal Contract Tower,3,2,36,0,41,0,4,75,0,79,3,6,111,0,120,89,0,89,209
09/16/2006,GYY,IN,AGL,CE,Federal Contract Tower,2,2,7,0,11,0,4,44,0,48,2,6,51,0,59,42,0,42,101
09/17/2006,GYY,IN,AGL,CE,Federal Contract Tower,0,2,15,0,17,0,4,12,0,16,0,6,27,0,33,10,0,10,43
09/18/2006,GYY,IN,AGL,CE,Federal Contract Tower,0,2,23,0,25,0,0,22,0,22,0,2,45,0,47,30,0,30,77
09/19/2006,GYY,IN,AGL,CE,Federal Contract Tower,1,3,27,1,32,0,0,24,1,25,1,3,51,2,57,34,0,34,91
09/20/2006,GYY,IN,AGL,CE,Federal Contract Tower,0,6,32,0,38,0,0,51,1,52,0,6,83,1,90,26,0,26,116
09/21/2006,GYY,IN,AGL,CE,Federal Contract Tower,2,2,40,1,45,0,0,39,0,39,2,2,79,1,84,10,0,10,94
09/22/2006,GYY,IN,AGL,CE,Federal Contract Tower,2,4,29,0,35,0,6,18,2,26,2,10,47,2,61,26,0,26,87
09/23/2006,GYY,IN,AGL,CE,Federal Contract Tower,0,3,14,1,18,0,4,2,0,6,0,7,16,1,24,0,0,0,24
09/24/2006,GYY,IN,AGL,CE,Federal Contract Tower,0,4,17,1,22,0,4,28,0,32,0,8,45,1,54,12,0,12,66
09/25/2006,GYY,IN,AGL,CE,Federal Contract Tower,0,2,24,1,27,0,0,36,2,38,0,2,60,3,65,22,0,22,87
09/26/2006,GYY,IN,AGL,CE,Federal Contract Tower,3,7,24,0,34,0,0,60,0,60,3,7,84,0,94,96,0,96,190
09/27/2006,GYY,IN,AGL,CE,Federal Contract Tower,0,1,28,0,29,0,0,32,0,32,0,1,60,0,61,70,0,70,131
09/28/2006,GYY,IN,AGL,CE,Federal Contract Tower,2,6,40,0,48,0,2,20,0,22,2,8,60,0,70,0,0,0,70
09/29/2006,GYY,IN,AGL,CE,Federal Contract Tower,0,5,39,1,45,0,0,42,0,42,0,5,81,1,87,64,0,64,151
09/30/2006,GYY,IN,AGL,CE,Federal Contract Tower,0,2,13,0,15,0,4,44,0,48,0,6,57,0,63,54,0,54,117
10/01/2006,GYY,IN,AGL,CE,Federal Contract Tower,0,2,21,1,24,0,4,46,0,50,0,6,67,1,74,106,0,106,180
10/02/2006,GYY,IN,AGL,CE,Federal Contract Tower,0,0,13,0,13,0,2,38,0,40,0,2,51,0,53,52,0,52,105
10/03/2006,GYY,IN,AGL,CE,Federal Contract Tower,0,2,21,0,23,0,8,26,0,34,0,10,47,0,57,20,0,20,77
10/04/2006,GYY,IN,AGL,CE,Federal Contract Tower,2,4,31,0,37,0,2,6,0,8,2,6,37,0,45,0,0,0,45
10/05/2006,GYY,IN,AGL,CE,Federal Contract Tower,2,5,41,0,48,0,0,24,4,28,2,5,65,4,76,20,0,20,96
10/06/2006,GYY,IN,AGL,CE,Federal Contract Tower,2,9,25,0,36,0,2,67,0,69,2,11,92,0,105,129,0,129,234
10/07/2006,GYY,IN,AGL,CE,Federal Contract Tower,0,0,18,0,18,0,2,66,0,68,0,2,84,0,86,134,0,134,220
10/08/2006,GYY,IN,AGL,CE,Federal Contract Tower,3,0,16,0,19,0,12,41,0,53,3,12,57,0,72,80,0,80,152
10/09/2006,GYY,IN,AGL,CE,Federal Contract Tower,1,2,30,0,33,0,0,33,0,33,1,2,63,0,66,6,0,6,72
10/10/2006,GYY,IN,AGL,CE,Federal Contract Tower,0,0,11,0,11,0,4,23,0,27,0,4,34,0,38,30,0,30,68
10/11/2006,GYY,IN,AGL,CE,Federal Contract Tower,1,4,34,0,39,0,0,10,0,10,1,4,44,0,49,0,0,0,49
10/12/2006,GYY,IN,AGL,CE,Federal Contract Tower,0,0,34,0,34,0,0,3,0,3,0,0,37,0,37,0,0,0,37
10/13/2006,GYY,IN,AGL,CE,Federal Contract Tower,2,7,29,4,42,0,6,9,0,15,2,13,38,4,57,2,0,2,59
10/14/2006,GYY,IN,AGL,CE,Federal Contract Tower,1,0,14,0,15,0,2,104,0,106,1,2,118,0,121,166,0,166,287
10/15/2006,GYY,IN,AGL,CE,Federal Contract Tower,0,2,13,0,15,0,2,35,0,37,0,4,48,0,52,56,0,56,108
10/16/2006,GYY,IN,AGL,CE,Federal Contract Tower,1,2,18,0,21,0,0,15,0,15,1,2,33,0,36,8,0,8,44
10/17/2006,GYY,IN,AGL,CE,Federal Contract Tower,0,0,13,1,14,0,0,10,1,11,0,0,23,2,25,12,10,22,47
10/18/2006,GYY,IN,AGL,CE,Federal Contract Tower,0,0,17,0,17,0,2,20,0,22,0,2,37,0,39,10,0,10,49
10/19/2006,GYY,IN,AGL,CE,Federal Contract Tower,2,5,26,0,33,0,4,25,0,29,2,9,51,0,62,53,0,53,115
10/20/2006,GYY,IN,AGL,CE,Federal Contract Tower,0,1,20,2,23,0,2,49,0,51,0,3,69,2,74,82,4,86,160
10/21/2006,GYY,IN,AGL,CE,Federal Contract Tower,0,1,11,0,12,0,0,42,0,42,0,1,53,0,54,108,0,108,162
10/22/2006,GYY,IN,AGL,CE,Federal Contract Tower,0,1,12,1,14,0,0,11,0,11,0,1,23,1,25,0,0,0,25
10/23/2006,GYY,IN,AGL,CE,Federal Contract Tower,0,1,18,1,20,0,5,37,6,48,0,6,55,7,68,84,10,94,162
10/24/2006,GYY,IN,AGL,CE,Federal Contract Tower,2,0,23,0,25,0,0,41,0,41,2,0,64,0,66,128,0,128,194
10/25/2006,GYY,IN,AGL,CE,Federal Contract Tower,0,2,39,0,41,0,4,30,0,34,0,6,69,0,75,16,0,16,91
10/26/2006,GYY,IN,AGL,CE,Federal Contract Tower,2,2,28,0,32,0,0,8,0,8,2,2,36,0,40,20,0,20,60
10/27/2006,GYY,IN,AGL,CE,Federal Contract Tower,0,4,28,0,32,0,0,0,0,0,0,4,28,0,32,2,0,2,34
10/28/2006,GYY,IN,AGL,CE,Federal Contract Tower,0,1,6,3,10,0,0,11,0,11,0,1,17,3,21,12,6,18,39
10/29/2006,GYY,IN,AGL,CE,Federal Contract Tower,1,2,18,0,21,0,14,65,4,83,1,16,83,4,104,136,4,140,244
10/30/2006,GYY,IN,AGL,CE,Federal Contract Tower,1,0,17,0,18,0,2,42,0,44,1,2,59,0,62,48,0,48,110
10/31/2006,GYY,IN,AGL,CE,Federal Contract Tower,0,0,25,0,25,0,2,31,0,33,0,2,56,0,58,26,0,26,84
11/01/2006,GYY,IN,AGL,CE,Federal Contract Tower,1,1,27,0,29,0,2,45,0,47,1,3,72,0,76,80,0,80,156
11/02/2006,GYY,IN,AGL,CE,Federal Contract Tower,0,0,28,0,28,0,4,28,0,32,0,4,56,0,60,10,0,10,70
11/03/2006,GYY,IN,AGL,CE,Federal Contract Tower,0,1,24,0,25,0,0,33,2,35,0,1,57,2,60,54,0,54,114
11/04/2006,GYY,IN,AGL,CE,Federal Contract Tower,0,1,12,0,13,0,0,34,0,34,0,1,46,0,47,54,0,54,101
11/05/2006,GYY,IN,AGL,CE,Federal Contract Tower,1,0,21,0,22,0,0,35,0,35,1,0,56,0,57,28,0,28,85
11/06/2006,GYY,IN,AGL,CE,Federal Contract Tower,1,2,20,0,23,0,0,19,0,19,1,2,39,0,42,12,0,12,54
11/07/2006,GYY,IN,AGL,CE,Federal Contract Tower,2,0,17,0,19,0,0,7,0,7,2,0,24,0,26,18,0,18,44
11/08/2006,GYY,IN,AGL,CE,Federal Contract Tower,0,2,31,0,33,0,2,17,0,19,0,4,48,0,52,6,0,6,58
11/09/2006,GYY,IN,AGL,CE,Federal Contract Tower,0,5,33,0,38,0,10,36,0,46,0,15,69,0,84,32,0,32,116
11/10/2006,GYY,IN,AGL,CE,Federal Contract Tower,0,2,30,0,32,0,3,16,0,19,0,5,46,0,51,0,0,0,51
11/11/2006,GYY,IN,AGL,CE,Federal Contract Tower,0,1,18,0,19,0,10,12,0,22,0,11,30,0,41,10,0,10,51
11/12/2006,GYY,IN,AGL,CE,Federal Contract Tower,0,2,21,0,23,0,2,34,0,36,0,4,55,0,59,146,0,146,205
11/13/2006,GYY,IN,AGL,CE,Federal Contract Tower,0,1,24,0,25,0,6,12,0,18,0,7,36,0,43,0,0,0,43
11/14/2006,GYY,IN,AGL,CE,Federal Contract Tower,1,2,30,0,33,0,0,16,0,16,1,2,46,0,49,18,0,18,67
11/15/2006,GYY,IN,AGL,CE,Federal Contract Tower,0,6,20,0,26,0,0,6,2,8,0,6,26,2,34,8,0,8,42
11/16/2006,GYY,IN,AGL,CE,Federal Contract Tower,0,2,21,0,23,0,2,2,0,4,0,4,23,0,27,0,0,0,27
11/17/2006,GYY,IN,AGL,CE,Federal Contract Tower,0,0,38,0,38,0,4,37,0,41,0,4,75,0,79,128,0,128,207
11/18/2006,GYY,IN,AGL,CE,Federal Contract Tower,0,1,15,0,16,0,2,32,0,34,0,3,47,0,50,46,0,46,96
11/19/2006,GYY,IN,AGL,CE,Federal Contract Tower,0,0,15,0,15,0,2,16,0,18,0,2,31,0,33,16,0,16,49
11/20/2006,GYY,IN,AGL,CE,Federal Contract Tower,0,5,19,0,24,0,0,29,0,29,0,5,48,0,53,42,0,42,95
11/21/2006,GYY,IN,AGL,CE,Federal Contract Tower,0,2,27,0,29,0,4,30,0,34,0,6,57,0,63,14,0,14,77
11/22/2006,GYY,IN,AGL,CE,Federal Contract Tower,0,7,18,0,25,0,0,30,0,30,0,7,48,0,55,8,0,8,63
11/23/2006,GYY,IN,AGL,CE,Federal Contract Tower,0,2,6,0,8,0,4,23,0,27,0,6,29,0,35,82,0,82,117
11/24/2006,GYY,IN,AGL,CE,Federal Contract Tower,0,4,19,0,23,0,6,44,1,51,0,10,63,1,74,103,7,110,184
11/25/2006,GYY,IN,AGL,CE,Federal Contract Tower,1,1,12,0,14,0,2,58,0,60,1,3,70,0,74,154,0,154,228
11/26/2006,GYY,IN,AGL,CE,Federal Contract Tower,1,0,18,0,19,0,2,29,0,31,1,2,47,0,50,10,0,10,60
11/27/2006,GYY,IN,AGL,CE,Federal Contract Tower,1,7,20,0,28,0,0,17,0,17,1,7,37,0,45,28,0,28,73
11/28/2006,GYY,IN,AGL,CE,Federal Contract Tower,0,0,17,0,17,0,0,21,0,21,0,0,38,0,38,20,0,20,58
11/29/2006,GYY,IN,AGL,CE,Federal Contract Tower,4,2,22,0,28,0,0,4,0,4,4,2,26,0,32,0,0,0,32
11/30/2006,GYY,IN,AGL,CE,Federal Contract Tower,0,2,29,0,31,0,0,0,0,0,0,2,29,0,31,0,0,0,31
12/01/2006,GYY,IN,AGL,CE,Federal Contract Tower,1,6,18,0,25,0,2,2,0,4,1,8,20,0,29,0,0,0,29
12/02/2006,GYY,IN,AGL,CE,Federal Contract Tower,2,2,18,0,22,0,0,32,0,32,2,2,50,0,54,18,0,18,72
12/03/2006,GYY,IN,AGL,CE,Federal Contract Tower,0,3,14,0,17,0,0,15,0,15,0,3,29,0,32,34,0,34,66
12/04/2006,GYY,IN,AGL,CE,Federal Contract Tower,1,4,22,0,27,0,1,14,0,15,1,5,36,0,42,16,0,16,58
12/05/2006,GYY,IN,AGL,CE,Federal Contract Tower,0,4,26,0,30,0,2,26,0,28,0,6,52,0,58,18,0,18,76
12/06/2006,GYY,IN,AGL,CE,Federal Contract Tower,1,10,23,0,34,0,2,18,0,20,1,12,41,0,54,0,0,0,54
12/07/2006,GYY,IN,AGL,CE,Federal Contract Tower,1,2,24,0,27,0,0,14,0,14,1,2,38,0,41,20,0,20,61
12/08/2006,GYY,IN,AGL,CE,Federal Contract Tower,1,10,28,0,39,0,0,32,0,32,1,10,60,0,71,40,0,40,111
12/09/2006,GYY,IN,AGL,CE,Federal Contract Tower,0,0,13,1,14,0,2,42,0,44,0,2,55,1,58,187,5,192,250
12/10/2006,GYY,IN,AGL,CE,Federal Contract Tower,1,1,22,1,25,1,6,26,0,33,2,7,48,1,58,40,0,40,98
12/11/2006,GYY,IN,AGL,CE,Federal Contract Tower,3,0,36,0,39,0,2,5,0,7,3,2,41,0,46,12,0,12,58
12/12/2006,GYY,IN,AGL,CE,Federal Contract Tower,0,1,17,2,20,0,0,1,0,1,0,1,18,2,21,0,0,0,21
12/13/2006,GYY,IN,AGL,CE,Federal Contract Tower,3,1,30,0,34,0,2,31,0,33,3,3,61,0,67,50,0,50,117
12/14/2006,GYY,IN,AGL,CE,Federal Contract Tower,1,3,16,0,20,0,1,29,1,31,1,4,45,1,51,46,2,48,99
12/15/2006,GYY,IN,AGL,CE,Federal Contract Tower,3,5,31,0,39,0,3,20,0,23,3,8,51,0,62,104,0,104,166
12/16/2006,GYY,IN,AGL,CE,Federal Contract Tower,4,3,15,0,22,0,2,26,2,30,4,5,41,2,52,10,0,10,62
12/17/2006,GYY,IN,AGL,CE,Federal Contract Tower,4,0,6,0,10,0,0,20,2,22,4,0,26,2,32,56,0,56,88
12/18/2006,GYY,IN,AGL,CE,Federal Contract Tower,4,2,14,0,20,0,0,41,2,43,4,2,55,2,63,50,0,50,113
12/19/2006,GYY,IN,AGL,CE,Federal Contract Tower,2,3,20,0,25,0,5,39,0,44,2,8,59,0,69,56,0,56,125
12/20/2006,GYY,IN,AGL,CE,Federal Contract Tower,6,2,29,0,37,0,2,35,0,37,6,4,64,0,74,34,0,34,108
12/21/2006,GYY,IN,AGL,CE,Federal Contract Tower,2,3,25,0,30,0,0,0,0,0,2,3,25,0,30,0,0,0,30
12/22/2006,GYY,IN,AGL,CE,Federal Contract Tower,1,3,19,0,23,0,0,6,0,6,1,3,25,0,29,0,0,0,29
12/23/2006,GYY,IN,AGL,CE,Federal Contract Tower,6,3,12,0,21,0,3,5,0,8,6,6,17,0,29,0,0,0,29
12/24/2006,GYY,IN,AGL,CE,Federal Contract Tower,3,2,5,0,10,0,0,21,0,21,3,2,26,0,31,82,0,82,113
12/25/2006,GYY,IN,AGL,CE,Federal Contract Tower,5,0,2,0,7,0,2,2,0,4,5,2,4,0,11,8,0,8,19
12/26/2006,GYY,IN,AGL,CE,Federal Contract Tower,1,3,16,0,20,0,4,12,0,16,1,7,28,0,36,42,0,42,78
12/27/2006,GYY,IN,AGL,CE,Federal Contract Tower,1,1,13,0,15,0,0,28,0,28,1,1,41,0,43,28,0,28,71
12/28/2006,GYY,IN,AGL,CE,Federal Contract Tower,2,1,18,0,21,0,0,43,0,43,2,1,61,0,64,38,0,38,102
12/29/2006,GYY,IN,AGL,CE,Federal Contract Tower,5,0,11,0,16,0,4,36,1,41,5,4,47,1,57,73,9,82,139
12/30/2006,GYY,IN,AGL,CE,Federal Contract Tower,5,2,8,0,15,0,0,5,0,5,5,2,13,0,20,2,0,2,22
12/31/2006,GYY,IN,AGL,CE,Federal Contract Tower,5,0,4,0,9,0,0,0,0,0,5,0,4,0,9,0,0,0,9
01/01/2007,GYY,IN,AGL,CE,Federal Contract Tower,8,1,11,0,20,0,6,4,0,10,8,7,15,0,30,8,0,8,38
01/02/2007,GYY,IN,AGL,CE,Federal Contract Tower,4,1,22,0,27,0,2,26,0,28,4,3,48,0,55,30,0,30,85
01/03/2007,GYY,IN,AGL,CE,Federal Contract Tower,1,4,12,0,17,0,3,27,0,30,1,7,39,0,47,22,0,22,69
01/04/2007,GYY,IN,AGL,CE,Federal Contract Tower,4,7,16,0,27,0,12,14,0,26,4,19,30,0,53,24,0,24,77
01/05/2007,GYY,IN,AGL,CE,Federal Contract Tower,6,4,30,0,40,0,94,17,0,111,6,98,47,0,151,42,0,42,193
01/06/2007,GYY,IN,AGL,CE,Federal Contract Tower,6,0,13,0,19,0,2,16,0,18,6,2,29,0,37,4,0,4,41
01/07/2007,GYY,IN,AGL,CE,Federal Contract Tower,5,0,20,0,25,0,0,13,0,13,5,0,33,0,38,6,0,6,44
01/08/2007,GYY,IN,AGL,CE,Federal Contract Tower,4,2,20,0,26,0,8,22,0,30,4,10,42,0,56,16,0,16,72
01/09/2007,GYY,IN,AGL,CE,Federal Contract Tower,0,2,25,0,27,0,0,15,0,15,0,2,40,0,42,18,0,18,60
01/10/2007,GYY,IN,AGL,CE,Federal Contract Tower,1,3,23,0,27,0,2,20,0,22,1,5,43,0,49,46,0,46,95
01/11/2007,GYY,IN,AGL,CE,Federal Contract Tower,3,5,18,0,26,0,0,25,2,27,3,5,43,2,53,4,4,8,61
01/12/2007,GYY,IN,AGL,CE,Federal Contract Tower,4,4,29,0,37,0,0,8,0,8,4,4,37,0,45,6,0,6,51
01/13/2007,GYY,IN,AGL,CE,Federal Contract Tower,3,4,14,0,21,0,0,30,0,30,3,4,44,0,51,30,0,30,81
01/14/2007,GYY,IN,AGL,CE,Federal Contract Tower,4,1,6,2,13,0,0,3,0,3,4,1,9,2,16,0,0,0,16
01/15/2007,GYY,IN,AGL,CE,Federal Contract Tower,3,4,20,2,29,0,0,0,0,0,3,4,20,2,29,0,0,0,29
01/16/2007,GYY,IN,AGL,CE,Federal Contract Tower,0,0,22,2,24,0,0,26,0,26,0,0,48,2,50,0,0,0,50
01/17/2007,GYY,IN,AGL,CE,Federal Contract Tower,0,0,21,0,21,0,6,20,0,26,0,6,41,0,47,14,0,14,61
01/18/2007,GYY,IN,AGL,CE,Federal Contract Tower,2,4,37,0,43,0,0,13,0,13,2,4,50,0,56,0,0,0,56
01/19/2007,GYY,IN,AGL,CE,Federal Contract Tower,5,2,30,0,37,0,2,25,1,28,5,4,55,1,65,44,5,49,114
01/20/2007,GYY,IN,AGL,CE,Federal Contract Tower,2,2,15,4,23,0,2,51,0,53,2,4,66,4,76,68,8,76,152
01/21/2007,GYY,IN,AGL,CE,Federal Contract Tower,2,0,12,0,14,0,0,2,0,2,2,0,14,0,16,0,0,0,16
01/22/2007,GYY,IN,AGL,CE,Federal Contract Tower,3,2,21,4,30,0,0,11,0,11,3,2,32,4,41,8,0,8,49
01/23/2007,GYY,IN,AGL,CE,Federal Contract Tower,5,5,19,0,29,0,2,15,2,19,5,7,34,2,48,4,6,10,58
01/24/2007,GYY,IN,AGL,CE,Federal Contract Tower,6,6,26,0,38,0,2,30,0,32,6,8,56,0,70,86,0,86,156
01/25/2007,GYY,IN,AGL,CE,Federal Contract Tower,2,2,18,0,22,0,0,21,0,21,2,2,39,0,43,18,0,18,61
01/26/2007,GYY,IN,AGL,CE,Federal Contract Tower,4,2,24,0,30,0,4,25,1,30,4,6,49,1,60,14,3,17,77
01/27/2007,GYY,IN,AGL,CE,Federal Contract Tower,5,0,12,0,17,0,2,17,0,19,5,2,29,0,36,6,0,6,42
01/28/2007,GYY,IN,AGL,CE,Federal Contract Tower,2,0,8,0,10,0,0,4,0,4,2,0,12,0,14,0,0,0,14
01/29/2007,GYY,IN,AGL,CE,Federal Contract Tower,5,2,25,0,32,0,0,6,0,6,5,2,31,0,38,0,0,0,38
01/30/2007,GYY,IN,AGL,CE,Federal Contract Tower,1,2,15,0,18,0,0,11,0,11,1,2,26,0,29,12,0,12,41
01/31/2007,GYY,IN,AGL,CE,Federal Contract Tower,2,1,23,0,26,0,0,22,0,22,2,1,45,0,48,46,0,46,94
02/01/2007,GYY,IN,AGL,CE,Federal Contract Tower,3,0,39,0,42,0,0,9,0,9,3,0,48,0,51,2,0,2,53
02/02/2007,GYY,IN,AGL,CE,Federal Contract Tower,6,1,20,0,27,0,2,22,0,24,6,3,42,0,51,52,0,52,103
02/03/2007,GYY,IN,AGL,CE,Federal Contract Tower,3,0,15,0,18,0,1,6,0,7,3,1,21,0,25,6,0,6,31
02/04/2007,GYY,IN,AGL,CE,Federal Contract Tower,2,3,5,0,10,0,0,4,0,4,2,3,9,0,14,0,0,0,14
02/05/2007,GYY,IN,AGL,CE,Federal Contract Tower,7,1,20,0,28,0,2,11,0,13,7,3,31,0,41,0,0,0,41
02/06/2007,GYY,IN,AGL,CE,Federal Contract Tower,0,8,21,0,29,0,0,7,0,7,0,8,28,0,36,0,0,0,36
02/07/2007,GYY,IN,AGL,CE,Federal Contract Tower,4,3,18,0,25,0,7,15,0,22,4,10,33,0,47,18,0,18,65
02/08/2007,GYY,IN,AGL,CE,Federal Contract Tower,4,6,28,0,38,0,9,17,0,26,4,15,45,0,64,14,0,14,78
02/09/2007,GYY,IN,AGL,CE,Federal Contract Tower,4,4,26,0,34,0,6,34,0,40,4,10,60,0,74,139,0,139,213
02/10/2007,GYY,IN,AGL,CE,Federal Contract Tower,2,0,17,0,19,0,8,43,0,51,2,8,60,0,70,44,0,44,114
02/11/2007,GYY,IN,AGL,CE,Federal Contract Tower,3,0,9,0,12,0,2,12,0,14,3,2,21,0,26,8,0,8,34
02/12/2007,GYY,IN,AGL,CE,Federal Contract Tower,4,0,26,0,30,0,0,1,0,1,4,0,27,0,31,0,0,0,31
02/13/2007,GYY,IN,AGL,CE,Federal Contract Tower,0,0,6,0,6,0,0,0,0,0,0,0,6,0,6,0,0,0,6
02/14/2007,GYY,IN,AGL,CE,Federal Contract Tower,2,5,15,0,22,0,0,3,0,3,2,5,18,0,25,0,0,0,25
02/15/2007,GYY,IN,AGL,CE,Federal Contract Tower,2,5,33,0,40,0,2,13,0,15,2,7,46,0,55,26,0,26,81
02/16/2007,GYY,IN,AGL,CE,Federal Contract Tower,4,1,30,0,35,0,0,22,0,22,4,1,52,0,57,41,0,41,98
02/17/2007,GYY,IN,AGL,CE,Federal Contract Tower,2,1,15,0,18,0,8,0,0,8,2,9,15,0,26,0,0,0,26
02/18/2007,GYY,IN,AGL,CE,Federal Contract Tower,2,1,13,0,16,0,2,21,0,23,2,3,34,0,39,14,0,14,53
02/19/2007,GYY,IN,AGL,CE,Federal Contract Tower,6,2,14,0,22,0,0,15,0,15,6,2,29,0,37,0,0,0,37
02/20/2007,GYY,IN,AGL,CE,Federal Contract Tower,1,5,20,0,26,0,0,16,2,18,1,5,36,2,44,60,2,62,106
02/21/2007,GYY,IN,AGL,CE,Federal Contract Tower,4,1,24,0,29,0,4,18,0,22,4,5,42,0,51,32,0,32,83
02/22/2007,GYY,IN,AGL,CE,Federal Contract Tower,2,4,22,0,28,0,2,25,2,29,2,6,47,2,57,0,0,0,57
02/23/2007,GYY,IN,AGL,CE,Federal Contract Tower,3,1,30,0,34,0,2,30,1,33,3,3,60,1,67,208,5,213,280
02/24/2007,GYY,IN,AGL,CE,Federal Contract Tower,6,0,7,0,13,0,4,10,0,14,6,4,17,0,27,2,0,2,29
02/25/2007,GYY,IN,AGL,CE,Federal Contract Tower,6,3,16,0,25,0,0,0,0,0,6,3,16,0,25,0,0,0,25
02/26/2007,GYY,IN,AGL,CE,Federal Contract Tower,5,4,18,0,27,0,0,7,0,7,5,4,25,0,34,0,0,0,34
02/27/2007,GYY,IN,AGL,CE,Federal Contract Tower,2,4,19,0,25,0,0,14,0,14,2,4,33,0,39,8,0,8,47
02/28/2007,GYY,IN,AGL,CE,Federal Contract Tower,2,3,25,0,30,0,0,17,0,17,2,3,42,0,47,60,0,60,107
03/01/2007,GYY,IN,AGL,CE,Federal Contract Tower,3,1,6,0,10,0,1,2,0,3,3,2,8,0,13,0,0,0,13
03/02/2007,GYY,IN,AGL,CE,Federal Contract Tower,6,5,14,0,25,0,6,3,0,9,6,11,17,0,34,0,0,0,34
03/03/2007,GYY,IN,AGL,CE,Federal Contract Tower,2,0,14,0,16,0,0,7,0,7,2,0,21,0,23,6,0,6,29
03/04/2007,GYY,IN,AGL,CE,Federal Contract Tower,3,1,18,0,22,0,6,23,0,29,3,7,41,0,51,10,0,10,61
03/05/2007,GYY,IN,AGL,CE,Federal Contract Tower,4,1,21,0,26,0,0,20,0,20,4,1,41,0,46,44,0,44,90
03/06/2007,GYY,IN,AGL,CE,Federal Contract Tower,0,4,29,0,33,0,0,39,0,39,0,4,68,0,72,74,0,74,146
03/07/2007,GYY,IN,AGL,CE,Federal Contract Tower,3,0,26,0,29,0,0,12,0,12,3,0,38,0,41,4,0,4,45
03/08/2007,GYY,IN,AGL,CE,Federal Contract Tower,2,5,29,0,36,0,2,39,0,41,2,7,68,0,77,68,0,68,145
03/09/2007,GYY,IN,AGL,CE,Federal Contract Tower,7,4,32,0,43,0,4,27,1,32,7,8,59,1,75,79,5,84,159
03/10/2007,GYY,IN,AGL,CE,Federal Contract Tower,2,0,10,0,12,0,0,88,0,88,2,0,98,0,100,92,0,92,192
03/11/2007,GYY,IN,AGL,CE,Federal Contract Tower,3,1,14,0,18,0,0,50,0,50,3,1,64,0,68,54,0,54,122
03/12/2007,GYY,IN,AGL,CE,Federal Contract Tower,3,5,19,0,27,0,2,29,0,31,3,7,48,0,58,36,0,36,94
03/13/2007,GYY,IN,AGL,CE,Federal Contract Tower,2,2,20,0,24,0,0,44,0,44,2,2,64,0,68,18,0,18,86
03/14/2007,GYY,IN,AGL,CE,Federal Contract Tower,3,0,21,2,26,0,0,30,2,32,3,0,51,4,58,6,46,52,110
03/15/2007,GYY,IN,AGL,CE,Federal Contract Tower,3,1,18,0,22,0,0,13,4,17,3,1,31,4,39,4,22,26,65
03/16/2007,GYY,IN,AGL,CE,Federal Contract Tower,3,2,18,2,25,0,2,23,0,25,3,4,41,2,50,71,0,71,121
03/17/2007,GYY,IN,AGL,CE,Federal Contract Tower,3,3,12,0,18,0,2,52,0,54,3,5,64,0,72,54,0,54,126
03/18/2007,GYY,IN,AGL,CE,Federal Contract Tower,3,0,7,0,10,0,4,50,0,54,3,4,57,0,64,38,0,38,102
03/19/2007,GYY,IN,AGL,CE,Federal Contract Tower,5,2,23,0,30,0,2,27,0,29,5,4,50,0,59,40,0,40,99
03/20/2007,GYY,IN,AGL,CE,Federal Contract Tower,0,4,26,0,30,0,0,45,0,45,0,4,71,0,75,40,0,40,115
03/21/2007,GYY,IN,AGL,CE,Federal Contract Tower,2,0,37,0,39,0,0,6,0,6,2,0,43,0,45,2,0,2,47
03/22/2007,GYY,IN,AGL,CE,Federal Contract Tower,3,4,31,0,38,2,0,12,2,16,5,4,43,2,54,8,0,8,62
03/23/2007,GYY,IN,AGL,CE,Federal Contract Tower,9,3,29,1,42,0,4,10,0,14,9,7,39,1,56,4,0,4,60
03/24/2007,GYY,IN,AGL,CE,Federal Contract Tower,2,1,21,0,24,0,0,0,0,0,2,1,21,0,24,0,0,0,24
03/25/2007,GYY,IN,AGL,CE,Federal Contract Tower,4,0,20,0,24,0,4,19,0,23,4,4,39,0,47,18,0,18,65
03/26/2007,GYY,IN,AGL,CE,Federal Contract Tower,6,8,21,1,36,0,0,15,0,15,6,8,36,1,51,8,0,8,59
03/27/2007,GYY,IN,AGL,CE,Federal Contract Tower,0,4,21,0,25,0,2,22,0,24,0,6,43,0,49,18,0,18,67
03/28/2007,GYY,IN,AGL,CE,Federal Contract Tower,2,0,23,0,25,0,2,5,0,7,2,2,28,0,32,0,0,0,32
03/29/2007,GYY,IN,AGL,CE,Federal Contract Tower,3,5,31,0,39,0,11,22,0,33,3,16,53,0,72,16,0,16,88
03/30/2007,GYY,IN,AGL,CE,Federal Contract Tower,4,3,23,0,30,0,6,28,0,34,4,9,51,0,64,24,0,24,88
03/31/2007,GYY,IN,AGL,CE,Federal Contract Tower,4,2,17,0,23,0,0,16,2,18,4,2,33,2,41,14,0,14,55
04/01/2007,GYY,IN,AGL,CE,Federal Contract Tower,5,0,12,0,17,0,0,3,0,3,5,0,15,0,20,0,0,0,20
04/02/2007,GYY,IN,AGL,CE,Federal Contract Tower,3,2,15,0,20,0,4,29,4,37,3,6,44,4,57,30,6,36,93
04/03/2007,GYY,IN,AGL,CE,Federal Contract Tower,1,4,18,2,25,0,1,21,0,22,1,5,39,2,47,8,0,8,55
04/04/2007,GYY,IN,AGL,CE,Federal Contract Tower,4,0,27,0,31,0,2,11,0,13,4,2,38,0,44,7,0,7,51
04/05/2007,GYY,IN,AGL,CE,Federal Contract Tower,3,2,23,0,28,0,3,21,0,24,3,5,44,0,52,16,0,16,68
04/06/2007,GYY,IN,AGL,CE,Federal Contract Tower,5,7,27,0,39,0,4,19,1,24,5,11,46,1,63,26,7,33,96
04/07/2007,GYY,IN,AGL,CE,Federal Contract Tower,4,1,9,0,14,0,6,21,0,27,4,7,30,0,41,18,0,18,59
04/08/2007,GYY,IN,AGL,CE,Federal Contract Tower,3,0,1,0,4,0,6,9,0,15,3,6,10,0,19,10,0,10,29
04/09/2007,GYY,IN,AGL,CE,Federal Contract Tower,5,0,30,0,35,0,2,30,0,32,5,2,60,0,67,48,0,48,115
04/10/2007,GYY,IN,AGL,CE,Federal Contract Tower,1,2,18,0,21,0,2,41,0,43,1,4,59,0,64,16,0,16,80
04/11/2007,GYY,IN,AGL,CE,Federal Contract Tower,2,6,16,0,24,0,0,1,0,1,2,6,17,0,25,0,0,0,25
04/12/2007,GYY,IN,AGL,CE,Federal Contract Tower,7,12,14,0,33,0,0,9,0,9,7,12,23,0,42,0,0,0,42
04/13/2007,GYY,IN,AGL,CE,Federal Contract Tower,9,16,23,0,48,0,3,42,0,45,9,19,65,0,93,76,0,76,169
04/14/2007,GYY,IN,AGL,CE,Federal Contract Tower,5,4,16,0,25,0,4,91,2,97,5,8,107,2,122,118,0,118,240
04/15/2007,GYY,IN,AGL,CE,Federal Contract Tower,4,0,18,0,22,0,0,29,0,29,4,0,47,0,51,34,0,34,85
04/16/2007,GYY,IN,AGL,CE,Federal Contract Tower,3,0,17,0,20,0,5,32,0,37,3,5,49,0,57,34,0,34,91
04/17/2007,GYY,IN,AGL,CE,Federal Contract Tower,1,3,20,0,24,0,3,28,0,31,1,6,48,0,55,18,0,18,73
04/18/2007,GYY,IN,AGL,CE,Federal Contract Tower,2,2,23,0,27,0,4,32,0,36,2,6,55,0,63,44,0,44,107
04/19/2007,GYY,IN,AGL,CE,Federal Contract Tower,4,2,41,0,47,0,3,20,0,23,4,5,61,0,70,40,0,40,110
04/20/2007,GYY,IN,AGL,CE,Federal Contract Tower,7,2,30,0,39,0,3,42,0,45,7,5,72,0,84,74,0,74,158
04/21/2007,GYY,IN,AGL,CE,Federal Contract Tower,2,2,13,0,17,0,2,33,0,35,2,4,46,0,52,28,0,28,80
04/22/2007,GYY,IN,AGL,CE,Federal Contract Tower,4,4,10,0,18,0,4,31,0,35,4,8,41,0,53,28,0,28,81
04/23/2007,GYY,IN,AGL,CE,Federal Contract Tower,5,3,28,0,36,0,2,18,0,20,5,5,46,0,56,14,0,14,70
04/24/2007,GYY,IN,AGL,CE,Federal Contract Tower,0,2,15,0,17,0,4,47,0,51,0,6,62,0,68,30,0,30,98
04/25/2007,GYY,IN,AGL,CE,Federal Contract Tower,5,2,24,0,31,0,0,2,0,2,5,2,26,0,33,0,0,0,33
04/26/2007,GYY,IN,AGL,CE,Federal Contract Tower,4,1,21,0,26,0,0,5,0,5,4,1,26,0,31,0,0,0,31
04/27/2007,GYY,IN,AGL,CE,Federal Contract Tower,4,1,28,1,34,0,4,17,0,21,4,5,45,1,55,36,0,36,91
04/28/2007,GYY,IN,AGL,CE,Federal Contract Tower,3,2,17,0,22,0,2,42,0,44,3,4,59,0,66,84,0,84,150
04/29/2007,GYY,IN,AGL,CE,Federal Contract Tower,3,1,18,0,22,0,8,39,1,48,3,9,57,1,70,94,5,99,169
04/30/2007,GYY,IN,AGL,CE,Federal Contract Tower,7,0,25,0,32,0,0,34,0,34,7,0,59,0,66,38,0,38,104
05/01/2007,GYY,IN,AGL,CE,Federal Contract Tower,0,2,21,0,23,0,0,26,0,26,0,2,47,0,49,18,0,18,67
05/02/2007,GYY,IN,AGL,CE,Federal Contract Tower,1,8,36,0,45,0,4,26,0,30,1,12,62,0,75,70,0,70,145
05/03/2007,GYY,IN,AGL,CE,Federal Contract Tower,3,3,18,0,24,0,8,40,0,48,3,11,58,0,72,56,0,56,128
05/04/2007,GYY,IN,AGL,CE,Federal Contract Tower,5,1,30,3,39,0,4,37,0,41,5,5,67,3,80,52,2,54,134
05/05/2007,GYY,IN,AGL,CE,Federal Contract Tower,2,2,15,0,19,0,0,22,0,22,2,2,37,0,41,22,0,22,63
05/06/2007,GYY,IN,AGL,CE,Federal Contract Tower,2,1,19,0,22,0,4,38,0,42,2,5,57,0,64,40,0,40,104
05/07/2007,GYY,IN,AGL,CE,Federal Contract Tower,1,1,23,0,25,0,0,32,0,32,1,1,55,0,57,18,0,18,75
05/08/2007,GYY,IN,AGL,CE,Federal Contract Tower,2,2,24,0,28,0,2,30,0,32,2,4,54,0,60,6,0,6,66
05/09/2007,GYY,IN,AGL,CE,Federal Contract Tower,0,0,31,0,31,0,0,12,0,12,0,0,43,0,43,28,0,28,71
05/10/2007,GYY,IN,AGL,CE,Federal Contract Tower,0,8,26,4,38,0,2,35,2,39,0,10,61,6,77,59,24,83,160
05/11/2007,GYY,IN,AGL,CE,Federal Contract Tower,4,6,34,0,44,0,4,29,0,33,4,10,63,0,77,76,0,76,153
05/12/2007,GYY,IN,AGL,CE,Federal Contract Tower,0,3,12,0,15,0,4,117,0,121,0,7,129,0,136,146,0,146,282
05/13/2007,GYY,IN,AGL,CE,Federal Contract Tower,2,0,17,0,19,0,2,34,1,37,2,2,51,1,56,115,10,125,181
05/14/2007,GYY,IN,AGL,CE,Federal Contract Tower,0,4,25,0,29,0,1,31,0,32,0,5,56,0,61,32,0,32,93
05/15/2007,GYY,IN,AGL,CE,Federal Contract Tower,0,1,24,0,25,0,2,10,0,12,0,3,34,0,37,8,0,8,45
05/16/2007,GYY,IN,AGL,CE,Federal Contract Tower,2,2,28,0,32,0,1,8,0,9,2,3,36,0,41,4,0,4,45
05/17/2007,GYY,IN,AGL,CE,Federal Contract Tower,0,6,39,0,45,0,7,28,0,35,0,13,67,0,80,89,0,89,169
05/18/2007,GYY,IN,AGL,CE,Federal Contract Tower,2,2,24,1,29,0,3,43,3,49,2,5,67,4,78,132,30,162,240
05/19/2007,GYY,IN,AGL,CE,Federal Contract Tower,0,2,21,0,23,0,0,54,0,54,0,2,75,0,77,16,0,16,93
05/20/2007,GYY,IN,AGL,CE,Federal Contract Tower,1,4,35,0,40,0,2,10,0,12,1,6,45,0,52,0,0,0,52
05/21/2007,GYY,IN,AGL,CE,Federal Contract Tower,1,3,30,0,34,0,0,34,0,34,1,3,64,0,68,6,0,6,74
05/22/2007,GYY,IN,AGL,CE,Federal Contract Tower,0,2,30,0,32,0,0,33,2,35,0,2,63,2,67,42,14,56,123
05/23/2007,GYY,IN,AGL,CE,Federal Contract Tower,0,2,25,0,27,0,2,20,0,22,0,4,45,0,49,28,0,28,77
05/24/2007,GYY,IN,AGL,CE,Federal Contract Tower,1,8,30,0,39,0,6,30,0,36,1,14,60,0,75,60,0,60,135
05/25/2007,GYY,IN,AGL,CE,Federal Contract Tower,0,2,16,0,18,0,2,28,1,31,0,4,44,1,49,16,10,26,75
05/26/2007,GYY,IN,AGL,CE,Federal Contract Tower,0,2,10,0,12,0,4,18,0,22,0,6,28,0,34,36,0,36,70
05/27/2007,GYY,IN,AGL,CE,Federal Contract Tower,0,0,8,0,8,0,0,24,0,24,0,0,32,0,32,46,0,46,78
05/28/2007,GYY,IN,AGL,CE,Federal Contract Tower,0,0,17,0,17,0,4,65,0,69,0,4,82,0,86,44,0,44,130
05/29/2007,GYY,IN,AGL,CE,Federal Contract Tower,1,6,20,0,27,0,0,24,8,32,1,6,44,8,59,32,56,88,147
05/30/2007,GYY,IN,AGL,CE,Federal Contract Tower,0,11,25,0,36,0,2,27,2,31,0,13,52,2,67,26,0,26,93
05/31/2007,GYY,IN,AGL,CE,Federal Contract Tower,0,2,24,0,26,0,3,32,4,39,0,5,56,4,65,44,24,68,133
06/01/2007,GYY,IN,AGL,CE,Federal Contract Tower,0,7,24,1,32,0,0,46,2,48,0,7,70,3,80,44,48,92,172
06/02/2007,GYY,IN,AGL,CE,Federal Contract Tower,0,4,14,0,18,0,4,37,2,43,0,8,51,2,61,10,0,10,71
06/03/2007,GYY,IN,AGL,CE,Federal Contract Tower,0,0,16,1,17,0,4,17,0,21,0,4,33,1,38,42,0,42,80
06/04/2007,GYY,IN,AGL,CE,Federal Contract Tower,1,0,15,0,16,0,8,9,0,17,1,8,24,0,33,18,0,18,51
06/05/2007,GYY,IN,AGL,CE,Federal Contract Tower,2,8,20,0,30,0,3,33,0,36,2,11,53,0,66,38,0,38,104
06/06/2007,GYY,IN,AGL,CE,Federal Contract Tower,0,3,26,0,29,0,0,34,0,34,0,3,60,0,63,32,0,32,95
06/07/2007,GYY,IN,AGL,CE,Federal Contract Tower,3,5,29,0,37,0,4,10,3,17,3,9,39,3,54,6,69,75,129
06/08/2007,GYY,IN,AGL,CE,Federal Contract Tower,0,0,25,2,27,0,6,28,0,34,0,6,53,2,61,41,0,41,102
06/09/2007,GYY,IN,AGL,CE,Federal Contract Tower,0,1,13,0,14,0,2,134,0,136,0,3,147,0,150,153,0,153,303
06/10/2007,GYY,IN,AGL,CE,Federal Contract Tower,0,0,9,0,9,0,7,38,0,45,0,7,47,0,54,18,0,18,72
06/11/2007,GYY,IN,AGL,CE,Federal Contract Tower,0,2,28,0,30,0,4,38,0,42,0,6,66,0,72,6,0,6,78
06/12/2007,GYY,IN,AGL,CE,Federal Contract Tower,0,5,26,0,31,0,0,31,0,31,0,5,57,0,62,28,0,28,90
06/13/2007,GYY,IN,AGL,CE,Federal Contract Tower,2,7,34,2,45,0,0,48,0,48,2,7,82,2,93,38,0,38,131
06/14/2007,GYY,IN,AGL,CE,Federal Contract Tower,0,2,31,0,33,0,1,43,2,46,0,3,74,2,79,42,0,42,121
06/15/2007,GYY,IN,AGL,CE,Federal Contract Tower,0,2,22,6,30,0,5,49,9,63,0,7,71,15,93,46,20,66,159
06/16/2007,GYY,IN,AGL,CE,Federal Contract Tower,3,0,11,0,14,4,12,45,0,61,7,12,56,0,75,30,0,30,105
06/17/2007,GYY,IN,AGL,CE,Federal Contract Tower,0,0,16,0,16,0,2,19,0,21,0,2,35,0,37,0,0,0,37
06/18/2007,GYY,IN,AGL,CE,Federal Contract Tower,0,1,31,0,32,0,4,15,0,19,0,5,46,0,51,14,0,14,65
06/19/2007,GYY,IN,AGL,CE,Federal Contract Tower,0,0,19,0,19,0,2,18,0,20,0,2,37,0,39,20,0,20,59
06/20/2007,GYY,IN,AGL,CE,Federal Contract Tower,1,3,21,0,25,0,4,41,2,47,1,7,62,2,72,24,34,58,130
06/21/2007,GYY,IN,AGL,CE,Federal Contract Tower,4,5,30,0,39,0,0,53,6,59,4,5,83,6,98,68,4,72,170
06/22/2007,GYY,IN,AGL,CE,Federal Contract Tower,0,3,22,3,28,0,0,28,5,33,0,3,50,8,61,17,13,30,91
06/23/2007,GYY,IN,AGL,CE,Federal Contract Tower,0,1,16,0,17,0,0,9,0,9,0,1,25,0,26,16,0,16,42
06/24/2007,GYY,IN,AGL,CE,Federal Contract Tower,4,3,18,0,25,0,6,19,1,26,4,9,37,1,51,13,13,26,77
06/25/2007,GYY,IN,AGL,CE,Federal Contract Tower,4,3,32,0,39,0,4,28,1,33,4,7,60,1,72,6,12,18,90
06/26/2007,GYY,IN,AGL,CE,Federal Contract Tower,3,10,24,0,37,0,2,28,0,30,3,12,52,0,67,20,0,20,87
06/27/2007,GYY,IN,AGL,CE,Federal Contract Tower,0,7,23,0,30,0,2,10,0,12,0,9,33,0,42,4,0,4,46
06/28/2007,GYY,IN,AGL,CE,Federal Contract Tower,0,7,19,0,26,0,4,28,0,32,0,11,47,0,58,73,0,73,131
06/29/2007,GYY,IN,AGL,CE,Federal Contract Tower,1,7,30,0,38,0,2,40,0,42,1,9,70,0,80,105,0,105,185
06/30/2007,GYY,IN,AGL,CE,Federal Contract Tower,0,2,11,0,13,0,8,48,0,56,0,10,59,0,69,30,0,30,99
07/01/2007,GYY,IN,AGL,CE,Federal Contract Tower,0,0,16,0,16,0,2,48,0,50,0,2,64,0,66,34,0,34,100
07/02/2007,GYY,IN,AGL,CE,Federal Contract Tower,0,2,8,0,10,0,0,36,2,38,0,2,44,2,48,22,2,24,72
07/03/2007,GYY,IN,AGL,CE,Federal Contract Tower,0,0,17,0,17,0,6,41,0,47,0,6,58,0,64,46,0,46,110
07/04/2007,GYY,IN,AGL,CE,Federal Contract Tower,2,0,6,4,12,0,8,18,5,31,2,8,24,9,43,32,19,51,94
07/05/2007,GYY,IN,AGL,CE,Federal Contract Tower,0,2,12,1,15,0,2,29,0,31,0,4,41,1,46,6,0,6,52
07/06/2007,GYY,IN,AGL,CE,Federal Contract Tower,2,2,18,0,22,0,8,44,0,52,2,10,62,0,74,42,0,42,116
07/07/2007,GYY,IN,AGL,CE,Federal Contract Tower,1,0,15,0,16,0,0,99,0,99,1,0,114,0,115,78,0,78,193
07/08/2007,GYY,IN,AGL,CE,Federal Contract Tower,0,0,14,0,14,0,9,34,0,43,0,9,48,0,57,56,0,56,113
07/09/2007,GYY,IN,AGL,CE,Federal Contract Tower,5,3,30,0,38,0,0,26,0,26,5,3,56,0,64,66,0,66,130
07/10/2007,GYY,IN,AGL,CE,Federal Contract Tower,0,0,28,0,28,0,6,15,0,21,0,6,43,0,49,28,0,28,77
07/11/2007,GYY,IN,AGL,CE,Federal Contract Tower,0,3,37,3,43,0,2,38,1,41,0,5,75,4,84,26,10,36,120
07/12/2007,GYY,IN,AGL,CE,Federal Contract Tower,0,3,37,7,47,0,0,55,0,55,0,3,92,7,102,56,18,74,176
07/13/2007,GYY,IN,AGL,CE,Federal Contract Tower,0,0,21,2,23,0,1,120,11,132,0,1,141,13,155,172,69,241,396
07/14/2007,GYY,IN,AGL,CE,Federal Contract Tower,0,2,18,0,20,0,6,139,32,177,0,8,157,32,197,255,149,404,601
07/15/2007,GYY,IN,AGL,CE,Federal Contract Tower,1,1,19,2,23,0,2,115,17,134,1,3,134,19,157,154,63,217,374
07/16/2007,GYY,IN,AGL,CE,Federal Contract Tower,0,5,24,5,34,0,4,27,0,31,0,9,51,5,65,14,0,14,79
07/17/2007,GYY,IN,AGL,CE,Federal Contract Tower,0,2,27,0,29,0,0,25,0,25,0,2,52,0,54,14,0,14,68
07/18/2007,GYY,IN,AGL,CE,Federal Contract Tower,0,1,21,0,22,0,6,20,0,26,0,7,41,0,48,20,0,20,68
07/19/2007,GYY,IN,AGL,CE,Federal Contract Tower,0,4,35,0,39,0,4,14,0,18,0,8,49,0,57,28,0,28,85
07/20/2007,GYY,IN,AGL,CE,Federal Contract Tower,1,0,20,0,21,0,8,69,4,81,1,8,89,4,102,102,12,114,216
07/21/2007,GYY,IN,AGL,CE,Federal Contract Tower,0,0,9,0,9,0,1,85,0,86,0,1,94,0,95,94,0,94,189
07/22/2007,GYY,IN,AGL,CE,Federal Contract Tower,0,0,25,0,25,0,4,60,2,66,0,4,85,2,91,36,14,50,141
07/23/2007,GYY,IN,AGL,CE,Federal Contract Tower,0,2,18,0,20,0,11,27,3,41,0,13,45,3,61,54,16,70,131
07/24/2007,GYY,IN,AGL,CE,Federal Contract Tower,0,2,24,0,26,0,4,41,2,47,0,6,65,2,73,68,10,78,151
07/25/2007,GYY,IN,AGL,CE,Federal Contract Tower,0,3,27,0,30,0,0,29,0,29,0,3,56,0,59,52,0,52,111
07/26/2007,GYY,IN,AGL,CE,Federal Contract Tower,0,1,38,2,41,0,1,22,0,23,0,2,60,2,64,16,14,30,94
07/27/2007,GYY,IN,AGL,CE,Federal Contract Tower,0,0,19,0,19,0,0,18,2,20,0,0,37,2,39,2,0,2,41
07/28/2007,GYY,IN,AGL,CE,Federal Contract Tower,0,0,28,0,28,0,0,12,0,12,0,0,40,0,40,0,0,0,40
07/29/2007,GYY,IN,AGL,CE,Federal Contract Tower,0,0,21,0,21,0,0,36,0,36,0,0,57,0,57,20,0,20,77
07/30/2007,GYY,IN,AGL,CE,Federal Contract Tower,0,3,21,0,24,0,2,43,0,45,0,5,64,0,69,33,0,33,102
07/31/2007,GYY,IN,AGL,CE,Federal Contract Tower,1,4,37,0,42,0,4,42,2,48,1,8,79,2,90,48,0,48,138
08/01/2007,GYY,IN,AGL,CE,Federal Contract Tower,2,12,25,0,39,0,0,46,0,46,2,12,71,0,85,40,0,40,125
08/02/2007,GYY,IN,AGL,CE,Federal Contract Tower,2,14,41,0,57,0,2,56,0,58,2,16,97,0,115,18,0,18,133
08/03/2007,GYY,IN,AGL,CE,Federal Contract Tower,4,4,28,3,39,1,0,61,1,63,5,4,89,4,102,77,29,106,208
08/04/2007,GYY,IN,AGL,CE,Federal Contract Tower,0,9,19,2,30,0,0,98,4,102,0,9,117,6,132,101,10,111,243
08/05/2007,GYY,IN,AGL,CE,Federal Contract Tower,1,4,19,3,27,0,0,8,0,8,1,4,27,3,35,12,0,12,47
08/06/2007,GYY,IN,AGL,CE,Federal Contract Tower,0,3,25,0,28,0,0,23,0,23,0,3,48,0,51,10,0,10,61
08/07/2007,GYY,IN,AGL,CE,Federal Contract Tower,4,1,22,0,27,0,0,21,0,21,4,1,43,0,48,4,0,4,52
08/08/2007,GYY,IN,AGL,CE,Federal Contract Tower,2,0,22,0,24,0,2,37,0,39,2,2,59,0,63,32,0,32,95
08/09/2007,GYY,IN,AGL,CE,Federal Contract Tower,2,2,24,1,29,0,2,15,2,19,2,4,39,3,48,26,10,36,84
08/10/2007,GYY,IN,AGL,CE,Federal Contract Tower,1,6,21,0,28,0,4,45,1,50,1,10,66,1,78,42,27,69,147
08/11/2007,GYY,IN,AGL,CE,Federal Contract Tower,1,0,16,0,17,0,6,53,0,59,1,6,69,0,76,28,0,28,104
08/12/2007,GYY,IN,AGL,CE,Federal Contract Tower,1,0,16,0,17,0,6,30,0,36,1,6,46,0,53,46,0,46,99
08/13/2007,GYY,IN,AGL,CE,Federal Contract Tower,1,2,22,0,25,0,2,39,0,41,1,4,61,0,66,36,0,36,102
08/14/2007,GYY,IN,AGL,CE,Federal Contract Tower,0,3,32,0,35,0,0,20,0,20,0,3,52,0,55,0,0,0,55
08/15/2007,GYY,IN,AGL,CE,Federal Contract Tower,1,1,30,2,34,0,2,32,0,34,1,3,62,2,68,12,4,16,84
08/16/2007,GYY,IN,AGL,CE,Federal Contract Tower,3,1,21,28,53,0,0,156,0,156,3,1,177,28,209,150,42,192,401
08/17/2007,GYY,IN,AGL,CE,Federal Contract Tower,0,5,20,13,38,0,0,158,125,283,0,5,178,138,321,228,240,468,789
08/18/2007,GYY,IN,AGL,CE,Federal Contract Tower,0,0,17,0,17,0,2,150,62,214,0,2,167,62,231,144,102,246,477
08/19/2007,GYY,IN,AGL,CE,Federal Contract Tower,0,0,22,9,31,0,0,69,13,82,0,0,91,22,113,67,10,77,190
08/20/2007,GYY,IN,AGL,CE,Federal Contract Tower,4,2,27,19,52,0,0,2,0,2,4,2,29,19,54,0,0,0,54
08/21/2007,GYY,IN,AGL,CE,Federal Contract Tower,0,3,41,7,51,0,3,18,1,22,0,6,59,8,73,14,0,14,87
08/22/2007,GYY,IN,AGL,CE,Federal Contract Tower,2,3,22,1,28,0,0,39,10,49,2,3,61,11,77,118,4,122,199
08/23/2007,GYY,IN,AGL,CE,Federal Contract Tower,2,2,27,0,31,0,1,27,2,30,2,3,54,2,61,8,0,8,69
08/24/2007,GYY,IN,AGL,CE,Federal Contract Tower,2,3,21,0,26,0,2,26,2,30,2,5,47,2,56,42,0,42,98
08/25/2007,GYY,IN,AGL,CE,Federal Contract Tower,0,4,22,0,26,0,10,13,0,23,0,14,35,0,49,20,0,20,69
08/26/2007,GYY,IN,AGL,CE,Federal Contract Tower,2,3,16,0,21,0,0,42,0,42,2,3,58,0,63,45,0,45,108
08/27/2007,GYY,IN,AGL,CE,Federal Contract Tower,1,7,16,0,24,0,0,15,2,17,1,7,31,2,41,32,0,32,73
08/28/2007,GYY,IN,AGL,CE,Federal Contract Tower,1,9,21,0,31,0,16,23,0,39,1,25,44,0,70,24,0,24,94
08/29/2007,GYY,IN,AGL,CE,Federal Contract Tower,3,5,32,0,40,0,0,19,0,19,3,5,51,0,59,22,0,22,81
08/30/2007,GYY,IN,AGL,CE,Federal Contract Tower,4,11,32,0,47,0,0,40,0,40,4,11,72,0,87,16,0,16,103
08/31/2007,GYY,IN,AGL,CE,Federal Contract Tower,2,9,19,0,30,0,1,61,8,70,2,10,80,8,100,94,4,98,198
09/01/2007,GYY,IN,AGL,CE,Federal Contract Tower,0,0,12,0,12,0,6,51,0,57,0,6,63,0,69,20,0,20,89
09/02/2007,GYY,IN,AGL,CE,Federal Contract Tower,0,2,6,0,8,0,2,28,0,30,0,4,34,0,38,26,0,26,64
09/03/2007,GYY,IN,AGL,CE,Federal Contract Tower,0,0,19,0,19,0,2,35,0,37,0,2,54,0,56,22,0,22,78
09/04/2007,GYY,IN,AGL,CE,Federal Contract Tower,0,0,19,0,19,0,0,33,0,33,0,0,52,0,52,4,0,4,56
09/05/2007,GYY,IN,AGL,CE,Federal Contract Tower,0,2,33,0,35,0,0,27,0,27,0,2,60,0,62,20,0,20,82
09/06/2007,GYY,IN,AGL,CE,Federal Contract Tower,2,6,26,0,34,0,2,31,0,33,2,8,57,0,67,4,0,4,71
09/07/2007,GYY,IN,AGL,CE,Federal Contract Tower,2,6,20,0,28,0,2,21,1,24,2,8,41,1,52,26,10,36,88
09/08/2007,GYY,IN,AGL,CE,Federal Contract Tower,0,2,8,0,10,0,8,82,0,90,0,10,90,0,100,73,0,73,173
09/09/2007,GYY,IN,AGL,CE,Federal Contract Tower,2,0,17,1,20,0,4,26,1,31,2,4,43,2,51,37,2,39,90
09/10/2007,GYY,IN,AGL,CE,Federal Contract Tower,0,0,30,0,30,0,2,22,0,24,0,2,52,0,54,58,0,58,112
09/11/2007,GYY,IN,AGL,CE,Federal Contract Tower,1,4,30,0,35,0,2,23,1,26,1,6,53,1,61,0,11,11,72
09/12/2007,GYY,IN,AGL,CE,Federal Contract Tower,2,3,32,2,39,0,5,31,1,37,2,8,63,3,76,130,9,139,215
09/13/2007,GYY,IN,AGL,CE,Federal Contract Tower,0,0,17,0,17,0,2,61,0,63,0,2,78,0,80,66,0,66,146
09/14/2007,GYY,IN,AGL,CE,Federal Contract Tower,4,4,31,0,39,0,0,40,0,40,4,4,71,0,79,8,0,8,87
09/15/2007,GYY,IN,AGL,CE,Federal Contract Tower,0,0,11,0,11,0,2,36,0,38,0,2,47,0,49,4,0,4,53
09/16/2007,GYY,IN,AGL,CE,Federal Contract Tower,0,0,17,0,17,0,0,40,0,40,0,0,57,0,57,66,0,66,123
09/17/2007,GYY,IN,AGL,CE,Federal Contract Tower,0,5,17,0,22,0,0,40,0,40,0,5,57,0,62,29,0,29,91
09/18/2007,GYY,IN,AGL,CE,Federal Contract Tower,1,6,27,0,34,0,0,33,1,34,1,6,60,1,68,26,4,30,98
09/19/2007,GYY,IN,AGL,CE,Federal Contract Tower,5,1,29,0,35,0,0,33,0,33,5,1,62,0,68,34,0,34,102
09/20/2007,GYY,IN,AGL,CE,Federal Contract Tower,5,1,35,5,46,0,0,51,0,51,5,1,86,5,97,10,0,10,107
09/21/2007,GYY,IN,AGL,CE,Federal Contract Tower,0,0,25,5,30,0,2,39,2,43,0,2,64,7,73,57,8,65,138
09/22/2007,GYY,IN,AGL,CE,Federal Contract Tower,0,0,19,0,19,0,4,68,4,76,0,4,87,4,95,72,4,76,171
09/23/2007,GYY,IN,AGL,CE,Federal Contract Tower,0,0,24,6,30,0,0,29,2,31,0,0,53,8,61,20,0,20,81
09/24/2007,GYY,IN,AGL,CE,Federal Contract Tower,1,4,24,2,31,0,1,27,2,30,1,5,51,4,61,31,4,35,96
09/25/2007,GYY,IN,AGL,CE,Federal Contract Tower,0,0,21,0,21,0,1,20,0,21,0,1,41,0,42,8,0,8,50
09/26/2007,GYY,IN,AGL,CE,Federal Contract Tower,1,3,25,0,29,0,0,25,1,26,1,3,50,1,55,26,4,30,85
09/27/2007,GYY,IN,AGL,CE,Federal Contract Tower,0,1,38,2,41,0,0,39,0,39,0,1,77,2,80,26,0,26,106
09/28/2007,GYY,IN,AGL,CE,Federal Contract Tower,1,6,21,0,28,4,4,61,0,69,5,10,82,0,97,40,0,40,137
09/29/2007,GYY,IN,AGL,CE,Federal Contract Tower,0,0,18,0,18,0,0,54,0,54,0,0,72,0,72,22,0,22,94
09/30/2007,GYY,IN,AGL,CE,Federal Contract Tower,1,0,20,0,21,0,6,49,0,55,1,6,69,0,76,17,0,17,93
10/01/2007,GYY,IN,AGL,CE,Federal Contract Tower,0,6,14,0,20,0,6,12,0,18,0,12,26,0,38,12,0,12,50
10/02/2007,GYY,IN,AGL,CE,Federal Contract Tower,0,0,24,0,24,0,6,25,0,31,0,6,49,0,55,66,0,66,121
10/03/2007,GYY,IN,AGL,CE,Federal Contract Tower,2,9,27,0,38,0,2,41,0,43,2,11,68,0,81,92,0,92,173
10/04/2007,GYY,IN,AGL,CE,Federal Contract Tower,3,2,32,0,37,0,0,62,5,67,3,2,94,5,104,50,0,50,154
10/05/2007,GYY,IN,AGL,CE,Federal Contract Tower,0,4,34,0,38,0,2,45,2,49,0,6,79,2,87,48,0,48,135
10/06/2007,GYY,IN,AGL,CE,Federal Contract Tower,0,2,16,0,18,0,0,52,0,52,0,2,68,0,70,70,0,70,140
10/07/2007,GYY,IN,AGL,CE,Federal Contract Tower,0,6,14,0,20,0,4,36,0,40,0,10,50,0,60,64,0,64,124
10/08/2007,GYY,IN,AGL,CE,Federal Contract Tower,4,4,29,0,37,0,8,16,0,24,4,12,45,0,61,69,0,69,130
10/09/2007,GYY,IN,AGL,CE,Federal Contract Tower,4,5,26,2,37,0,4,52,2,58,4,9,78,4,95,4,8,12,107
10/10/2007,GYY,IN,AGL,CE,Federal Contract Tower,3,0,27,0,30,0,0,29,0,29,3,0,56,0,59,6,0,6,65
10/11/2007,GYY,IN,AGL,CE,Federal Contract Tower,1,2,25,1,29,0,0,16,2,18,1,2,41,3,47,16,0,16,63
10/12/2007,GYY,IN,AGL,CE,Federal Contract Tower,3,5,27,0,35,0,0,46,0,46,3,5,73,0,81,66,0,66,147
10/13/2007,GYY,IN,AGL,CE,Federal Contract Tower,1,1,12,0,14,0,2,91,0,93,1,3,103,0,107,90,0,90,197
10/14/2007,GYY,IN,AGL,CE,Federal Contract Tower,1,0,18,0,19,0,3,30,0,33,1,3,48,0,52,88,0,88,140
10/15/2007,GYY,IN,AGL,CE,Federal Contract Tower,0,1,28,0,29,0,5,27,0,32,0,6,55,0,61,70,0,70,131
10/16/2007,GYY,IN,AGL,CE,Federal Contract Tower,0,8,37,0,45,0,2,13,0,15,0,10,50,0,60,4,0,4,64
10/17/2007,GYY,IN,AGL,CE,Federal Contract Tower,0,0,22,0,22,0,0,29,0,29,0,0,51,0,51,42,0,42,93
10/18/2007,GYY,IN,AGL,CE,Federal Contract Tower,0,1,30,0,31,0,0,15,0,15,0,1,45,0,46,0,0,0,46
10/19/2007,GYY,IN,AGL,CE,Federal Contract Tower,0,5,21,0,26,0,2,17,0,19,0,7,38,0,45,2,0,2,47
10/20/2007,GYY,IN,AGL,CE,Federal Contract Tower,4,0,20,0,24,0,1,52,0,53,4,1,72,0,77,68,0,68,145
10/21/2007,GYY,IN,AGL,CE,Federal Contract Tower,1,0,6,0,7,0,0,30,0,30,1,0,36,0,37,28,0,28,65
10/22/2007,GYY,IN,AGL,CE,Federal Contract Tower,1,1,13,0,15,0,2,43,1,46,1,3,56,1,61,28,11,39,100
10/23/2007,GYY,IN,AGL,CE,Federal Contract Tower,1,7,27,0,35,0,2,40,1,43,1,9,67,1,78,98,6,104,182
10/24/2007,GYY,IN,AGL,CE,Federal Contract Tower,0,3,29,0,32,0,1,29,0,30,0,4,58,0,62,28,0,28,90
10/25/2007,GYY,IN,AGL,CE,Federal Contract Tower,0,6,25,2,33,0,0,26,0,26,0,6,51,2,59,4,4,8,67
10/26/2007,GYY,IN,AGL,CE,Federal Contract Tower,3,2,19,3,27,0,0,28,0,28,3,2,47,3,55,4,4,8,63
10/27/2007,GYY,IN,AGL,CE,Federal Contract Tower,0,2,9,2,13,0,0,10,0,10,0,2,19,2,23,0,4,4,27
10/28/2007,GYY,IN,AGL,CE,Federal Contract Tower,4,4,14,3,25,0,2,49,4,55,4,6,63,7,80,38,4,42,122
10/29/2007,GYY,IN,AGL,CE,Federal Contract Tower,2,2,24,2,30,0,8,40,0,48,2,10,64,2,78,32,0,32,110
10/30/2007,GYY,IN,AGL,CE,Federal Contract Tower,2,4,24,0,30,0,0,47,0,47,2,4,71,0,77,40,0,40,117
10/31/2007,GYY,IN,AGL,CE,Federal Contract Tower,0,0,38,0,38,0,0,14,1,15,0,0,52,1,53,46,14,60,113
11/01/2007,GYY,IN,AGL,CE,Federal Contract Tower,3,2,33,2,40,0,2,34,0,36,3,4,67,2,76,26,0,26,102
11/02/2007,GYY,IN,AGL,CE,Federal Contract Tower,1,0,30,0,31,0,6,36,0,42,1,6,66,0,73,86,0,86,159
11/03/2007,GYY,IN,AGL,CE,Federal Contract Tower,1,0,13,0,14,0,0,46,0,46,1,0,59,0,60,38,0,38,98
11/04/2007,GYY,IN,AGL,CE,Federal Contract Tower,1,7,20,0,28,0,0,20,0,20,1,7,40,0,48,16,0,16,64
11/05/2007,GYY,IN,AGL,CE,Federal Contract Tower,0,0,35,0,35,0,0,1,0,1,0,0,36,0,36,4,0,4,40
11/06/2007,GYY,IN,AGL,CE,Federal Contract Tower,0,4,27,0,31,0,0,13,2,15,0,4,40,2,46,8,0,8,54
11/07/2007,GYY,IN,AGL,CE,Federal Contract Tower,0,2,25,0,27,0,0,40,0,40,0,2,65,0,67,4,0,4,71
11/08/2007,GYY,IN,AGL,CE,Federal Contract Tower,0,6,26,0,32,0,0,32,0,32,0,6,58,0,64,20,0,20,84
11/09/2007,GYY,IN,AGL,CE,Federal Contract Tower,2,3,34,0,39,0,0,37,1,38,2,3,71,1,77,60,10,70,147
11/10/2007,GYY,IN,AGL,CE,Federal Contract Tower,0,0,11,0,11,0,0,71,0,71,0,0,82,0,82,32,0,32,114
11/11/2007,GYY,IN,AGL,CE,Federal Contract Tower,0,0,19,0,19,0,3,18,0,21,0,3,37,0,40,20,0,20,60
11/12/2007,GYY,IN,AGL,CE,Federal Contract Tower,0,3,30,0,33,0,1,10,0,11,0,4,40,0,44,2,0,2,46
11/13/2007,GYY,IN,AGL,CE,Federal Contract Tower,0,2,32,0,34,0,1,29,0,30,0,3,61,0,64,46,0,46,110
11/14/2007,GYY,IN,AGL,CE,Federal Contract Tower,0,6,45,0,51,0,4,17,0,21,0,10,62,0,72,4,0,4,76
11/15/2007,GYY,IN,AGL,CE,Federal Contract Tower,0,4,30,0,34,0,0,14,0,14,0,4,44,0,48,4,0,4,52
11/16/2007,GYY,IN,AGL,CE,Federal Contract Tower,1,5,25,0,31,0,0,33,1,34,1,5,58,1,65,40,8,48,113
11/17/2007,GYY,IN,AGL,CE,Federal Contract Tower,1,9,23,0,33,0,2,22,0,24,1,11,45,0,57,32,0,32,89
11/18/2007,GYY,IN,AGL,CE,Federal Contract Tower,0,2,14,0,16,0,4,27,0,31,0,6,41,0,47,32,0,32,79
11/19/2007,GYY,IN,AGL,CE,Federal Contract Tower,0,1,38,0,39,0,0,4,0,4,0,1,42,0,43,0,0,0,43
11/20/2007,GYY,IN,AGL,CE,Federal Contract Tower,1,6,41,0,48,0,0,2,0,2,1,6,43,0,50,0,0,0,50
11/21/2007,GYY,IN,AGL,CE,Federal Contract Tower,0,10,28,0,38,0,1,0,0,1,0,11,28,0,39,2,0,2,41
11/22/2007,GYY,IN,AGL,CE,Federal Contract Tower,0,2,5,0,7,0,0,1,0,1,0,2,6,0,8,0,0,0,8
11/23/2007,GYY,IN,AGL,CE,Federal Contract Tower,0,4,9,0,13,0,0,25,0,25,0,4,34,0,38,36,0,36,74
11/24/2007,GYY,IN,AGL,CE,Federal Contract Tower,2,2,11,0,15,0,0,37,0,37,2,2,48,0,52,8,0,8,60
11/25/2007,GYY,IN,AGL,CE,Federal Contract Tower,1,3,27,0,31,0,3,19,0,22,1,6,46,0,53,12,0,12,65
11/26/2007,GYY,IN,AGL,CE,Federal Contract Tower,2,7,29,0,38,0,0,2,0,2,2,7,31,0,40,0,0,0,40
11/27/2007,GYY,IN,AGL,CE,Federal Contract Tower,2,5,25,0,32,0,0,32,1,33,2,5,57,1,65,48,10,58,123
11/28/2007,GYY,IN,AGL,CE,Federal Contract Tower,1,10,29,1,41,0,0,20,0,20,1,10,49,1,61,38,0,38,99
11/29/2007,GYY,IN,AGL,CE,Federal Contract Tower,3,1,32,0,36,0,2,27,0,29,3,3,59,0,65,12,0,12,77
11/30/2007,GYY,IN,AGL,CE,Federal Contract Tower,0,1,28,0,29,0,4,42,0,46,0,5,70,0,75,20,0,20,95
12/01/2007,GYY,IN,AGL,CE,Federal Contract Tower,0,1,14,0,15,0,4,5,0,9,0,5,19,0,24,4,0,4,28
12/02/2007,GYY,IN,AGL,CE,Federal Contract Tower,0,0,14,0,14,0,0,1,0,1,0,0,15,0,15,0,0,0,15
12/03/2007,GYY,IN,AGL,CE,Federal Contract Tower,3,10,30,0,43,0,2,40,0,42,3,12,70,0,85,8,0,8,93
12/04/2007,GYY,IN,AGL,CE,Federal Contract Tower,1,1,25,0,27,0,4,32,0,36,1,5,57,0,63,28,0,28,91
12/05/2007,GYY,IN,AGL,CE,Federal Contract Tower,0,4,37,0,41,0,2,2,0,4,0,6,39,0,45,8,0,8,53
12/06/2007,GYY,IN,AGL,CE,Federal Contract Tower,1,0,30,1,32,0,0,18,0,18,1,0,48,1,50,4,0,4,54
12/07/2007,GYY,IN,AGL,CE,Federal Contract Tower,2,0,24,0,26,0,2,11,0,13,2,2,35,0,39,20,0,20,59
12/08/2007,GYY,IN,AGL,CE,Federal Contract Tower,1,0,8,0,9,0,0,64,0,64,1,0,72,0,73,86,0,86,159
12/09/2007,GYY,IN,AGL,CE,Federal Contract Tower,4,2,14,0,20,0,0,0,0,0,4,2,14,0,20,0,0,0,20
12/10/2007,GYY,IN,AGL,CE,Federal Contract Tower,3,2,29,0,34,0,0,5,0,5,3,2,34,0,39,0,0,0,39
12/11/2007,GYY,IN,AGL,CE,Federal Contract Tower,1,3,20,0,24,0,0,1,0,1,1,3,21,0,25,0,0,0,25
12/12/2007,GYY,IN,AGL,CE,Federal Contract Tower,3,3,27,0,33,0,0,34,0,34,3,3,61,0,67,56,0,56,123
12/13/2007,GYY,IN,AGL,CE,Federal Contract Tower,2,5,26,0,33,0,0,5,0,5,2,5,31,0,38,22,0,22,60
12/14/2007,GYY,IN,AGL,CE,Federal Contract Tower,0,1,29,0,30,0,0,46,0,46,0,1,75,0,76,64,0,64,140
12/15/2007,GYY,IN,AGL,CE,Federal Contract Tower,1,3,9,0,13,0,2,1,0,3,1,5,10,0,16,0,0,0,16
12/16/2007,GYY,IN,AGL,CE,Federal Contract Tower,3,1,13,0,17,0,0,0,0,0,3,1,13,0,17,0,0,0,17
12/17/2007,GYY,IN,AGL,CE,Federal Contract Tower,0,4,52,0,56,0,0,0,0,0,0,4,52,0,56,0,0,0,56
12/18/2007,GYY,IN,AGL,CE,Federal Contract Tower,0,10,26,0,36,0,0,31,0,31,0,10,57,0,67,26,0,26,93
12/19/2007,GYY,IN,AGL,CE,Federal Contract Tower,0,2,31,0,33,0,0,18,0,18,0,2,49,0,51,38,0,38,89
12/20/2007,GYY,IN,AGL,CE,Federal Contract Tower,0,3,31,0,34,0,0,22,0,22,0,3,53,0,56,38,0,38,94
12/21/2007,GYY,IN,AGL,CE,Federal Contract Tower,2,5,18,0,25,0,0,3,0,3,2,5,21,0,28,0,0,0,28
12/22/2007,GYY,IN,AGL,CE,Federal Contract Tower,0,3,15,0,18,0,0,3,0,3,0,3,18,0,21,0,0,0,21
12/23/2007,GYY,IN,AGL,CE,Federal Contract Tower,0,0,6,0,6,0,0,0,0,0,0,0,6,0,6,0,0,0,6
12/24/2007,GYY,IN,AGL,CE,Federal Contract Tower,0,1,5,0,6,0,6,3,0,9,0,7,8,0,15,0,0,0,15
12/25/2007,GYY,IN,AGL,CE,Federal Contract Tower,0,1,8,0,9,0,4,8,0,12,0,5,16,0,21,0,0,0,21
12/26/2007,GYY,IN,AGL,CE,Federal Contract Tower,0,2,16,0,18,0,0,43,2,45,0,2,59,2,63,84,0,84,147
12/27/2007,GYY,IN,AGL,CE,Federal Contract Tower,0,0,19,0,19,0,4,5,0,9,0,4,24,0,28,14,0,14,42
12/28/2007,GYY,IN,AGL,CE,Federal Contract Tower,2,2,11,0,15,0,0,3,0,3,2,2,14,0,18,0,0,0,18
12/29/2007,GYY,IN,AGL,CE,Federal Contract Tower,0,5,9,0,14,0,6,7,4,17,0,11,16,4,31,2,0,2,33
12/30/2007,GYY,IN,AGL,CE,Federal Contract Tower,0,3,12,0,15,0,0,25,0,25,0,3,37,0,40,46,0,46,86
12/31/2007,GYY,IN,AGL,CE,Federal Contract Tower,2,4,16,0,22,0,0,0,0,0,2,4,16,0,22,0,0,0,22
01/01/2008,GYY,IN,AGL,CE,Federal Contract Tower,0,4,7,0,11,0,0,0,0,0,0,4,7,0,11,0,0,0,11
01/02/2008,GYY,IN,AGL,CE,Federal Contract Tower,2,4,15,0,21,0,0,8,0,8,2,4,23,0,29,54,0,54,83
01/03/2008,GYY,IN,AGL,CE,Federal Contract Tower,0,4,20,0,24,0,2,5,8,15,0,6,25,8,39,20,0,20,59
01/04/2008,GYY,IN,AGL,CE,Federal Contract Tower,0,1,28,0,29,0,0,20,4,24,0,1,48,4,53,10,0,10,63
01/05/2008,GYY,IN,AGL,CE,Federal Contract Tower,2,2,19,0,23,0,0,6,0,6,2,2,25,0,29,0,0,0,29
01/06/2008,GYY,IN,AGL,CE,Federal Contract Tower,0,2,22,0,24,0,0,2,0,2,0,2,24,0,26,8,0,8,34
01/07/2008,GYY,IN,AGL,CE,Federal Contract Tower,0,3,29,0,32,0,2,6,0,8,0,5,35,0,40,4,0,4,44
01/08/2008,GYY,IN,AGL,CE,Federal Contract Tower,0,1,15,0,16,0,0,7,0,7,0,1,22,0,23,8,0,8,31
01/09/2008,GYY,IN,AGL,CE,Federal Contract Tower,2,3,21,0,26,0,0,35,0,35,2,3,56,0,61,58,2,60,121
01/10/2008,GYY,IN,AGL,CE,Federal Contract Tower,0,5,19,0,24,0,4,26,0,30,0,9,45,0,54,16,0,16,70
01/11/2008,GYY,IN,AGL,CE,Federal Contract Tower,0,7,19,0,26,0,0,7,0,7,0,7,26,0,33,2,0,2,35
01/12/2008,GYY,IN,AGL,CE,Federal Contract Tower,0,4,9,0,13,0,4,45,0,49,0,8,54,0,62,30,0,30,92
01/13/2008,GYY,IN,AGL,CE,Federal Contract Tower,1,0,8,0,9,0,8,7,0,15,1,8,15,0,24,12,0,12,36
01/14/2008,GYY,IN,AGL,CE,Federal Contract Tower,3,0,25,0,28,0,4,7,0,11,3,4,32,0,39,0,0,0,39
01/15/2008,GYY,IN,AGL,CE,Federal Contract Tower,0,3,26,0,29,0,0,21,1,22,0,3,47,1,51,8,0,8,59
01/16/2008,GYY,IN,AGL,CE,Federal Contract Tower,1,7,21,0,29,0,6,20,4,30,1,13,41,4,59,14,10,24,83
01/17/2008,GYY,IN,AGL,CE,Federal Contract Tower,3,4,21,0,28,0,0,3,0,3,3,4,24,0,31,0,0,0,31
01/18/2008,GYY,IN,AGL,CE,Federal Contract Tower,1,7,23,0,31,0,3,9,0,12,1,10,32,0,43,0,0,0,43
01/19/2008,GYY,IN,AGL,CE,Federal Contract Tower,0,2,15,0,17,0,0,3,0,3,0,2,18,0,20,0,0,0,20
01/20/2008,GYY,IN,AGL,CE,Federal Contract Tower,0,2,16,0,18,0,0,4,0,4,0,2,20,0,22,14,0,14,36
01/21/2008,GYY,IN,AGL,CE,Federal Contract Tower,0,1,36,0,37,0,0,7,0,7,0,1,43,0,44,12,0,12,56
01/22/2008,GYY,IN,AGL,CE,Federal Contract Tower,1,3,34,0,38,0,2,15,0,17,1,5,49,0,55,4,0,4,59
01/23/2008,GYY,IN,AGL,CE,Federal Contract Tower,0,0,21,1,22,0,2,15,1,18,0,2,36,2,40,4,0,4,44
01/24/2008,GYY,IN,AGL,CE,Federal Contract Tower,2,9,22,0,33,0,0,10,2,12,2,9,32,2,45,4,0,4,49
01/25/2008,GYY,IN,AGL,CE,Federal Contract Tower,0,3,27,0,30,0,0,12,0,12,0,3,39,0,42,6,0,6,48
01/26/2008,GYY,IN,AGL,CE,Federal Contract Tower,0,0,5,0,5,0,0,6,0,6,0,0,11,0,11,6,0,6,17
01/27/2008,GYY,IN,AGL,CE,Federal Contract Tower,3,1,13,0,17,0,0,32,0,32,3,1,45,0,49,28,0,28,77
01/28/2008,GYY,IN,AGL,CE,Federal Contract Tower,2,2,15,0,19,0,0,15,0,15,2,2,30,0,34,0,0,0,34
01/29/2008,GYY,IN,AGL,CE,Federal Contract Tower,0,2,11,0,13,0,2,7,0,9,0,4,18,0,22,0,0,0,22
01/30/2008,GYY,IN,AGL,CE,Federal Contract Tower,2,4,21,0,27,0,4,12,0,16,2,8,33,0,43,26,0,26,69
01/31/2008,GYY,IN,AGL,CE,Federal Contract Tower,2,3,24,0,29,0,0,6,0,6,2,3,30,0,35,0,0,0,35
02/01/2008,GYY,IN,AGL,CE,Federal Contract Tower,1,1,13,0,15,0,0,2,0,2,1,1,15,0,17,0,0,0,17
02/02/2008,GYY,IN,AGL,CE,Federal Contract Tower,1,2,17,0,20,0,0,6,0,6,1,2,23,0,26,0,0,0,26
02/03/2008,GYY,IN,AGL,CE,Federal Contract Tower,0,1,9,0,10,0,0,3,0,3,0,1,12,0,13,0,0,0,13
02/04/2008,GYY,IN,AGL,CE,Federal Contract Tower,1,3,3,0,7,0,0,1,0,1,1,3,4,0,8,0,0,0,8
02/05/2008,GYY,IN,AGL,CE,Federal Contract Tower,0,1,16,2,19,0,0,0,0,0,0,1,16,2,19,0,0,0,19
02/06/2008,GYY,IN,AGL,CE,Federal Contract Tower,0,0,24,0,24,0,0,0,0,0,0,0,24,0,24,0,0,0,24
02/07/2008,GYY,IN,AGL,CE,Federal Contract Tower,2,0,37,0,39,0,0,6,0,6,2,0,43,0,45,4,0,4,49
02/08/2008,GYY,IN,AGL,CE,Federal Contract Tower,2,5,26,2,35,0,2,13,2,17,2,7,39,4,52,32,0,32,84
02/09/2008,GYY,IN,AGL,CE,Federal Contract Tower,0,4,14,0,18,0,0,11,0,11,0,4,25,0,29,4,0,4,33
02/10/2008,GYY,IN,AGL,CE,Federal Contract Tower,1,3,10,0,14,0,2,2,0,4,1,5,12,0,18,0,0,0,18
02/11/2008,GYY,IN,AGL,CE,Federal Contract Tower,2,3,22,0,27,0,0,3,0,3,2,3,25,0,30,18,0,18,48
02/12/2008,GYY,IN,AGL,CE,Federal Contract Tower,2,2,26,0,30,0,2,5,0,7,2,4,31,0,37,0,0,0,37
02/13/2008,GYY,IN,AGL,CE,Federal Contract Tower,4,0,44,0,48,6,0,35,0,41,10,0,79,0,89,54,0,54,143
02/14/2008,GYY,IN,AGL,CE,Federal Contract Tower,2,2,34,0,38,0,2,13,0,15,2,4,47,0,53,14,0,14,67
02/15/2008,GYY,IN,AGL,CE,Federal Contract Tower,0,2,31,0,33,0,0,16,0,16,0,2,47,0,49,6,0,6,55
02/16/2008,GYY,IN,AGL,CE,Federal Contract Tower,1,3,1,0,5,0,0,39,0,39,1,3,40,0,44,26,0,26,70
02/17/2008,GYY,IN,AGL,CE,Federal Contract Tower,0,0,6,0,6,0,0,3,0,3,0,0,9,0,9,4,0,4,13
02/18/2008,GYY,IN,AGL,CE,Federal Contract Tower,0,1,21,0,22,0,0,3,0,3,0,1,24,0,25,0,0,0,25
02/19/2008,GYY,IN,AGL,CE,Federal Contract Tower,1,4,35,0,40,0,0,22,0,22,1,4,57,0,62,24,0,24,86
02/20/2008,GYY,IN,AGL,CE,Federal Contract Tower,0,3,27,0,30,0,4,13,0,17,0,7,40,0,47,0,0,0,47
02/21/2008,GYY,IN,AGL,CE,Federal Contract Tower,1,4,21,0,26,0,0,12,0,12,1,4,33,0,38,18,0,18,56
02/22/2008,GYY,IN,AGL,CE,Federal Contract Tower,2,2,17,0,21,0,0,23,6,29,2,2,40,6,50,20,14,34,84
02/23/2008,GYY,IN,AGL,CE,Federal Contract Tower,2,0,14,0,16,0,3,21,0,24,2,3,35,0,40,28,0,28,68
02/24/2008,GYY,IN,AGL,CE,Federal Contract Tower,2,2,26,0,30,0,1,19,0,20,2,3,45,0,50,12,0,12,62
02/25/2008,GYY,IN,AGL,CE,Federal Contract Tower,1,4,17,0,22,0,0,5,0,5,1,4,22,0,27,6,0,6,33
02/26/2008,GYY,IN,AGL,CE,Federal Contract Tower,6,1,17,0,24,0,0,5,0,5,6,1,22,0,29,0,0,0,29
02/27/2008,GYY,IN,AGL,CE,Federal Contract Tower,3,3,35,0,41,0,0,37,0,37,3,3,72,0,78,86,0,86,164
02/28/2008,GYY,IN,AGL,CE,Federal Contract Tower,2,2,29,0,33,0,4,30,4,38,2,6,59,4,71,74,0,74,145
02/29/2008,GYY,IN,AGL,CE,Federal Contract Tower,3,0,21,0,24,0,7,24,0,31,3,7,45,0,55,16,0,16,71
03/01/2008,GYY,IN,AGL,CE,Federal Contract Tower,0,2,12,0,14,0,0,37,0,37,0,2,49,0,51,54,0,54,105
03/02/2008,GYY,IN,AGL,CE,Federal Contract Tower,0,0,12,0,12,0,0,6,0,6,0,0,18,0,18,0,0,0,18
03/03/2008,GYY,IN,AGL,CE,Federal Contract Tower,1,4,14,0,19,0,1,2,0,3,1,5,16,0,22,0,0,0,22
03/04/2008,GYY,IN,AGL,CE,Federal Contract Tower,0,2,14,0,16,0,0,12,0,12,0,2,26,0,28,8,0,8,36
03/05/2008,GYY,IN,AGL,CE,Federal Contract Tower,2,5,26,0,33,0,0,20,0,20,2,5,46,0,53,10,0,10,63
03/06/2008,GYY,IN,AGL,CE,Federal Contract Tower,2,2,22,0,26,0,7,17,0,24,2,9,39,0,50,16,0,16,66
03/07/2008,GYY,IN,AGL,CE,Federal Contract Tower,1,5,18,0,24,0,2,11,0,13,1,7,29,0,37,0,0,0,37
03/08/2008,GYY,IN,AGL,CE,Federal Contract Tower,0,3,13,0,16,0,0,2,0,2,0,3,15,0,18,0,0,0,18
03/09/2008,GYY,IN,AGL,CE,Federal Contract Tower,0,4,18,0,22,0,0,12,0,12,0,4,30,0,34,24,0,24,58
03/10/2008,GYY,IN,AGL,CE,Federal Contract Tower,0,6,16,0,22,0,0,15,0,15,0,6,31,0,37,54,0,54,91
03/11/2008,GYY,IN,AGL,CE,Federal Contract Tower,0,1,21,0,22,0,0,48,0,48,0,1,69,0,70,34,0,34,104
03/12/2008,GYY,IN,AGL,CE,Federal Contract Tower,0,6,30,0,36,0,1,42,0,43,0,7,72,0,79,72,0,72,151
03/13/2008,GYY,IN,AGL,CE,Federal Contract Tower,2,2,24,0,28,0,0,27,0,27,2,2,51,0,55,8,0,8,63
03/14/2008,GYY,IN,AGL,CE,Federal Contract Tower,4,5,22,0,31,0,0,28,0,28,4,5,50,0,59,6,0,6,65
03/15/2008,GYY,IN,AGL,CE,Federal Contract Tower,4,2,19,0,25,0,0,14,0,14,4,2,33,0,39,6,0,6,45
03/16/2008,GYY,IN,AGL,CE,Federal Contract Tower,5,0,15,0,20,0,0,28,1,29,5,0,43,1,49,12,0,12,61
03/17/2008,GYY,IN,AGL,CE,Federal Contract Tower,4,2,15,0,21,0,0,11,0,11,4,2,26,0,32,14,0,14,46
03/18/2008,GYY,IN,AGL,CE,Federal Contract Tower,6,2,35,0,43,0,0,0,0,0,6,2,35,0,43,0,0,0,43
03/19/2008,GYY,IN,AGL,CE,Federal Contract Tower,6,1,35,0,42,0,0,23,0,23,6,1,58,0,65,56,0,56,121
03/20/2008,GYY,IN,AGL,CE,Federal Contract Tower,7,0,22,2,31,0,0,34,5,39,7,0,56,7,70,10,34,44,114
03/21/2008,GYY,IN,AGL,CE,Federal Contract Tower,4,2,19,0,25,0,0,3,0,3,4,2,22,0,28,80,0,80,108
03/22/2008,GYY,IN,AGL,CE,Federal Contract Tower,5,3,15,0,23,0,0,14,0,14,5,3,29,0,37,40,0,40,77
03/23/2008,GYY,IN,AGL,CE,Federal Contract Tower,4,1,2,0,7,0,0,9,0,9,4,1,11,0,16,2,0,2,18
03/24/2008,GYY,IN,AGL,CE,Federal Contract Tower,7,0,22,0,29,0,4,24,0,28,7,4,46,0,57,24,0,24,81
03/25/2008,GYY,IN,AGL,CE,Federal Contract Tower,4,0,23,0,27,0,2,9,0,11,4,2,32,0,38,8,0,8,46
03/26/2008,GYY,IN,AGL,CE,Federal Contract Tower,5,1,19,0,25,0,4,23,2,29,5,5,42,2,54,38,0,38,92
03/27/2008,GYY,IN,AGL,CE,Federal Contract Tower,0,4,16,0,20,0,0,11,0,11,0,4,27,0,31,10,0,10,41
03/28/2008,GYY,IN,AGL,CE,Federal Contract Tower,6,3,22,0,31,0,0,14,0,14,6,3,36,0,45,14,0,14,59
03/29/2008,GYY,IN,AGL,CE,Federal Contract Tower,4,5,15,1,25,0,0,38,1,39,4,5,53,2,64,52,0,52,116
03/30/2008,GYY,IN,AGL,CE,Federal Contract Tower,7,4,16,0,27,0,0,7,0,7,7,4,23,0,34,0,0,0,34
03/31/2008,GYY,IN,AGL,CE,Federal Contract Tower,6,12,23,0,41,0,0,0,0,0,6,12,23,0,41,0,0,0,41
04/01/2008,GYY,IN,AGL,CE,Federal Contract Tower,4,2,18,0,24,0,4,12,0,16,4,6,30,0,40,42,0,42,82
04/02/2008,GYY,IN,AGL,CE,Federal Contract Tower,9,0,15,0,24,2,0,47,0,49,11,0,62,0,73,50,0,50,123
04/03/2008,GYY,IN,AGL,CE,Federal Contract Tower,5,2,25,0,32,0,0,20,0,20,5,2,45,0,52,40,0,40,92
04/04/2008,GYY,IN,AGL,CE,Federal Contract Tower,5,2,21,0,28,0,0,3,0,3,5,2,24,0,31,0,0,0,31
04/05/2008,GYY,IN,AGL,CE,Federal Contract Tower,4,3,16,0,23,2,0,50,4,56,6,3,66,4,79,12,0,12,91
04/06/2008,GYY,IN,AGL,CE,Federal Contract Tower,0,4,17,2,23,0,0,32,0,32,0,4,49,2,55,24,0,24,79
04/07/2008,GYY,IN,AGL,CE,Federal Contract Tower,2,8,23,0,33,0,0,22,0,22,2,8,45,0,55,34,0,34,89
04/08/2008,GYY,IN,AGL,CE,Federal Contract Tower,4,2,33,0,39,0,1,18,0,19,4,3,51,0,58,16,0,16,74
04/09/2008,GYY,IN,AGL,CE,Federal Contract Tower,2,3,20,0,25,0,0,25,0,25,2,3,45,0,50,6,0,6,56
04/10/2008,GYY,IN,AGL,CE,Federal Contract Tower,1,4,18,0,23,0,1,12,0,13,1,5,30,0,36,0,0,0,36
04/11/2008,GYY,IN,AGL,CE,Federal Contract Tower,6,9,13,0,28,0,0,8,0,8,6,9,21,0,36,0,0,0,36
04/12/2008,GYY,IN,AGL,CE,Federal Contract Tower,1,2,17,0,20,0,0,1,0,1,1,2,18,0,21,0,0,0,21
04/13/2008,GYY,IN,AGL,CE,Federal Contract Tower,5,1,13,0,19,0,0,6,0,6,5,1,19,0,25,0,0,0,25
04/14/2008,GYY,IN,AGL,CE,Federal Contract Tower,1,2,16,0,19,0,3,26,0,29,1,5,42,0,48,34,0,34,82
04/15/2008,GYY,IN,AGL,CE,Federal Contract Tower,0,1,28,0,29,0,4,27,0,31,0,5,55,0,60,54,0,54,114
04/16/2008,GYY,IN,AGL,CE,Federal Contract Tower,6,1,22,0,29,0,0,16,0,16,6,1,38,0,45,12,0,12,57
04/17/2008,GYY,IN,AGL,CE,Federal Contract Tower,3,3,29,0,35,0,0,29,0,29,3,3,58,0,64,76,0,76,140
04/18/2008,GYY,IN,AGL,CE,Federal Contract Tower,3,4,24,1,32,0,0,33,0,33,3,4,57,1,65,58,0,58,123
04/19/2008,GYY,IN,AGL,CE,Federal Contract Tower,1,5,16,0,22,0,2,8,0,10,1,7,24,0,32,8,0,8,40
04/20/2008,GYY,IN,AGL,CE,Federal Contract Tower,0,6,8,1,15,0,2,29,0,31,0,8,37,1,46,72,0,72,118
04/21/2008,GYY,IN,AGL,CE,Federal Contract Tower,2,2,30,0,34,0,3,15,0,18,2,5,45,0,52,58,0,58,110
04/22/2008,GYY,IN,AGL,CE,Federal Contract Tower,0,3,21,0,24,0,0,26,0,26,0,3,47,0,50,34,0,34,84
04/23/2008,GYY,IN,AGL,CE,Federal Contract Tower,1,0,26,0,27,0,0,35,0,35,1,0,61,0,62,48,0,48,110
04/24/2008,GYY,IN,AGL,CE,Federal Contract Tower,2,6,25,0,33,0,1,21,0,22,2,7,46,0,55,28,0,28,83
04/25/2008,GYY,IN,AGL,CE,Federal Contract Tower,1,4,23,0,28,0,0,19,0,19,1,4,42,0,47,14,0,14,61
04/26/2008,GYY,IN,AGL,CE,Federal Contract Tower,1,4,15,0,20,0,1,27,0,28,1,5,42,0,48,30,0,30,78
04/27/2008,GYY,IN,AGL,CE,Federal Contract Tower,3,2,28,0,33,0,0,21,0,21,3,2,49,0,54,48,0,48,102
04/28/2008,GYY,IN,AGL,CE,Federal Contract Tower,1,2,32,0,35,0,0,3,0,3,1,2,35,0,38,2,0,2,40
04/29/2008,GYY,IN,AGL,CE,Federal Contract Tower,2,2,33,0,37,0,2,21,0,23,2,4,54,0,60,80,0,80,140
04/30/2008,GYY,IN,AGL,CE,Federal Contract Tower,5,1,32,0,38,0,2,33,1,36,5,3,65,1,74,38,0,38,112
05/01/2008,GYY,IN,AGL,CE,Federal Contract Tower,1,7,28,0,36,0,0,20,0,20,1,7,48,0,56,8,0,8,64
05/02/2008,GYY,IN,AGL,CE,Federal Contract Tower,3,9,17,0,29,0,0,9,0,9,3,9,26,0,38,0,0,0,38
05/03/2008,GYY,IN,AGL,CE,Federal Contract Tower,0,2,14,0,16,0,0,14,0,14,0,2,28,0,30,14,0,14,44
05/04/2008,GYY,IN,AGL,CE,Federal Contract Tower,0,2,20,0,22,0,0,33,0,33,0,2,53,0,55,44,0,44,99
05/05/2008,GYY,IN,AGL,CE,Federal Contract Tower,4,3,24,0,31,0,0,20,0,20,4,3,44,0,51,36,0,36,87
05/06/2008,GYY,IN,AGL,CE,Federal Contract Tower,0,3,19,1,23,0,1,26,0,27,0,4,45,1,50,26,4,30,80
05/07/2008,GYY,IN,AGL,CE,Federal Contract Tower,0,4,25,0,29,0,0,22,0,22,0,4,47,0,51,6,0,6,57
05/08/2008,GYY,IN,AGL,CE,Federal Contract Tower,0,4,29,0,33,0,0,23,0,23,0,4,52,0,56,8,0,8,64
05/09/2008,GYY,IN,AGL,CE,Federal Contract Tower,1,3,11,0,15,0,5,40,0,45,1,8,51,0,60,58,0,58,118
05/10/2008,GYY,IN,AGL,CE,Federal Contract Tower,0,0,12,0,12,0,0,126,0,126,0,0,138,0,138,56,0,56,194
05/11/2008,GYY,IN,AGL,CE,Federal Contract Tower,1,1,9,0,11,0,0,9,0,9,1,1,18,0,20,0,0,0,20
05/12/2008,GYY,IN,AGL,CE,Federal Contract Tower,0,5,18,0,23,0,0,26,2,28,0,5,44,2,51,32,0,32,83
05/13/2008,GYY,IN,AGL,CE,Federal Contract Tower,2,0,23,0,25,0,0,21,0,21,2,0,44,0,46,14,0,14,60
05/14/2008,GYY,IN,AGL,CE,Federal Contract Tower,1,0,21,0,22,0,0,19,0,19,1,0,40,0,41,50,0,50,91
05/15/2008,GYY,IN,AGL,CE,Federal Contract Tower,1,9,25,2,37,0,1,32,2,35,1,10,57,4,72,52,6,58,130
05/16/2008,GYY,IN,AGL,CE,Federal Contract Tower,0,2,28,0,30,0,4,49,1,54,0,6,77,1,84,48,0,48,132
05/17/2008,GYY,IN,AGL,CE,Federal Contract Tower,3,2,13,1,19,6,2,49,0,57,9,4,62,1,76,94,0,94,170
05/18/2008,GYY,IN,AGL,CE,Federal Contract Tower,0,2,24,0,26,0,0,25,1,26,0,2,49,1,52,32,0,32,84
05/19/2008,GYY,IN,AGL,CE,Federal Contract Tower,1,7,22,2,32,0,4,19,4,27,1,11,41,6,59,74,0,74,133
05/20/2008,GYY,IN,AGL,CE,Federal Contract Tower,1,1,33,0,35,0,2,33,0,35,1,3,66,0,70,132,0,132,202
05/21/2008,GYY,IN,AGL,CE,Federal Contract Tower,0,0,22,0,22,0,2,41,0,43,0,2,63,0,65,84,0,84,149
05/22/2008,GYY,IN,AGL,CE,Federal Contract Tower,1,3,30,0,34,0,0,32,0,32,1,3,62,0,66,14,0,14,80
05/23/2008,GYY,IN,AGL,CE,Federal Contract Tower,0,3,27,0,30,0,0,25,0,25,0,3,52,0,55,12,0,12,67
05/24/2008,GYY,IN,AGL,CE,Federal Contract Tower,0,3,12,0,15,0,1,50,0,51,0,4,62,0,66,170,0,170,236
05/25/2008,GYY,IN,AGL,CE,Federal Contract Tower,1,1,11,0,13,0,1,39,0,40,1,2,50,0,53,50,0,50,103
05/26/2008,GYY,IN,AGL,CE,Federal Contract Tower,0,0,14,0,14,0,0,17,0,17,0,0,31,0,31,4,0,4,35
05/27/2008,GYY,IN,AGL,CE,Federal Contract Tower,0,2,35,0,37,0,1,15,0,16,0,3,50,0,53,0,0,0,53
05/28/2008,GYY,IN,AGL,CE,Federal Contract Tower,3,2,23,0,28,0,2,27,0,29,3,4,50,0,57,106,0,106,163
05/29/2008,GYY,IN,AGL,CE,Federal Contract Tower,2,4,32,0,38,0,0,33,2,35,2,4,65,2,73,44,0,44,117
05/30/2008,GYY,IN,AGL,CE,Federal Contract Tower,2,2,28,0,32,0,2,24,0,26,2,4,52,0,58,20,0,20,78
05/31/2008,GYY,IN,AGL,CE,Federal Contract Tower,2,0,15,0,17,0,2,22,0,24,2,2,37,0,41,0,0,0,41
06/01/2008,GYY,IN,AGL,CE,Federal Contract Tower,2,0,11,0,13,0,0,38,0,38,2,0,49,0,51,30,0,30,81
06/02/2008,GYY,IN,AGL,CE,Federal Contract Tower,2,3,18,0,23,0,0,30,0,30,2,3,48,0,53,72,0,72,125
06/03/2008,GYY,IN,AGL,CE,Federal Contract Tower,0,5,26,0,31,0,2,8,0,10,0,7,34,0,41,14,0,14,55
06/04/2008,GYY,IN,AGL,CE,Federal Contract Tower,0,3,26,4,33,0,4,6,3,13,0,7,32,7,46,0,4,4,50
06/05/2008,GYY,IN,AGL,CE,Federal Contract Tower,0,2,27,4,33,0,0,32,0,32,0,2,59,4,65,14,0,14,79
06/06/2008,GYY,IN,AGL,CE,Federal Contract Tower,6,2,10,0,18,0,2,14,0,16,6,4,24,0,34,0,0,0,34
06/07/2008,GYY,IN,AGL,CE,Federal Contract Tower,0,1,14,0,15,0,0,30,0,30,0,1,44,0,45,22,0,22,67
06/08/2008,GYY,IN,AGL,CE,Federal Contract Tower,0,5,15,0,20,0,0,19,0,19,0,5,34,0,39,4,0,4,43
06/09/2008,GYY,IN,AGL,CE,Federal Contract Tower,4,4,21,0,29,0,0,16,0,16,4,4,37,0,45,10,0,10,55
06/10/2008,GYY,IN,AGL,CE,Federal Contract Tower,0,3,26,0,29,0,0,44,0,44,0,3,70,0,73,92,0,92,165
06/11/2008,GYY,IN,AGL,CE,Federal Contract Tower,2,4,31,0,37,0,4,35,0,39,2,8,66,0,76,30,0,30,106
06/12/2008,GYY,IN,AGL,CE,Federal Contract Tower,0,5,33,0,38,0,2,28,0,30,0,7,61,0,68,6,0,6,74
06/13/2008,GYY,IN,AGL,CE,Federal Contract Tower,3,2,8,0,13,0,0,28,0,28,3,2,36,0,41,44,0,44,85
06/14/2008,GYY,IN,AGL,CE,Federal Contract Tower,2,1,16,0,19,0,1,62,0,63,2,2,78,0,82,110,0,110,192
06/15/2008,GYY,IN,AGL,CE,Federal Contract Tower,0,3,9,0,12,0,2,23,0,25,0,5,32,0,37,38,0,38,75
06/16/2008,GYY,IN,AGL,CE,Federal Contract Tower,0,0,28,0,28,0,0,37,2,39,0,0,65,2,67,46,0,46,113
06/17/2008,GYY,IN,AGL,CE,Federal Contract Tower,0,0,24,0,24,0,0,34,0,34,0,0,58,0,58,56,0,56,114
06/18/2008,GYY,IN,AGL,CE,Federal Contract Tower,3,2,22,0,27,0,1,33,0,34,3,3,55,0,61,20,0,20,81
06/19/2008,GYY,IN,AGL,CE,Federal Contract Tower,0,1,24,0,25,0,4,44,0,48,0,5,68,0,73,62,0,62,135
06/20/2008,GYY,IN,AGL,CE,Federal Contract Tower,1,2,26,0,29,0,0,30,2,32,1,2,56,2,61,40,0,40,101
06/21/2008,GYY,IN,AGL,CE,Federal Contract Tower,2,2,21,0,25,0,0,37,0,37,2,2,58,0,62,48,0,48,110
06/22/2008,GYY,IN,AGL,CE,Federal Contract Tower,1,0,13,0,14,0,0,17,0,17,1,0,30,0,31,0,0,0,31
06/23/2008,GYY,IN,AGL,CE,Federal Contract Tower,1,0,24,0,25,0,0,23,0,23,1,0,47,0,48,2,0,2,50
06/24/2008,GYY,IN,AGL,CE,Federal Contract Tower,4,7,26,0,37,0,0,36,0,36,4,7,62,0,73,24,0,24,97
06/25/2008,GYY,IN,AGL,CE,Federal Contract Tower,1,2,22,0,25,0,0,12,0,12,1,2,34,0,37,2,0,2,39
06/26/2008,GYY,IN,AGL,CE,Federal Contract Tower,2,5,22,0,29,0,0,17,0,17,2,5,39,0,46,8,0,8,54
06/27/2008,GYY,IN,AGL,CE,Federal Contract Tower,6,4,25,0,35,0,0,30,0,30,6,4,55,0,65,20,0,20,85
06/28/2008,GYY,IN,AGL,CE,Federal Contract Tower,0,3,12,0,15,0,0,23,0,23,0,3,35,0,38,10,0,10,48
06/29/2008,GYY,IN,AGL,CE,Federal Contract Tower,0,3,15,0,18,0,0,4,0,4,0,3,19,0,22,4,0,4,26
06/30/2008,GYY,IN,AGL,CE,Federal Contract Tower,0,2,13,0,15,0,0,24,2,26,0,2,37,2,41,36,4,40,81
07/01/2008,GYY,IN,AGL,CE,Federal Contract Tower,0,2,21,0,23,0,0,35,0,35,0,2,56,0,58,2,0,2,60
07/02/2008,GYY,IN,AGL,CE,Federal Contract Tower,0,3,19,0,22,0,0,22,0,22,0,3,41,0,44,4,0,4,48
07/03/2008,GYY,IN,AGL,CE,Federal Contract Tower,0,5,13,0,18,0,1,31,1,33,0,6,44,1,51,4,2,6,57
07/04/2008,GYY,IN,AGL,CE,Federal Contract Tower,0,1,5,0,6,0,0,28,2,30,0,1,33,2,36,4,6,10,46
07/05/2008,GYY,IN,AGL,CE,Federal Contract Tower,0,1,6,0,7,0,0,45,4,49,0,1,51,4,56,26,2,28,84
07/06/2008,GYY,IN,AGL,CE,Federal Contract Tower,0,5,20,1,26,0,0,23,0,23,0,5,43,1,49,2,0,2,51
07/07/2008,GYY,IN,AGL,CE,Federal Contract Tower,0,2,18,0,20,0,2,23,0,25,0,4,41,0,45,2,0,2,47
07/08/2008,GYY,IN,AGL,CE,Federal Contract Tower,1,6,26,0,33,0,2,22,1,25,1,8,48,1,58,4,4,8,66
07/09/2008,GYY,IN,AGL,CE,Federal Contract Tower,0,1,18,10,29,0,0,27,7,34,0,1,45,17,63,16,20,36,99
07/10/2008,GYY,IN,AGL,CE,Federal Contract Tower,2,2,18,6,28,0,0,36,0,36,2,2,54,6,64,18,20,38,102
07/11/2008,GYY,IN,AGL,CE,Federal Contract Tower,0,3,23,1,27,0,2,76,29,107,0,5,99,30,134,120,82,202,336
07/12/2008,GYY,IN,AGL,CE,Federal Contract Tower,0,1,5,0,6,0,0,118,49,167,0,1,123,49,173,268,98,366,539
07/13/2008,GYY,IN,AGL,CE,Federal Contract Tower,0,1,9,1,11,0,0,148,36,184,0,1,157,37,195,188,52,240,435
07/14/2008,GYY,IN,AGL,CE,Federal Contract Tower,1,1,14,19,35,0,2,47,1,50,1,3,61,20,85,0,4,4,89
07/15/2008,GYY,IN,AGL,CE,Federal Contract Tower,0,1,14,0,15,0,0,25,0,25,0,1,39,0,40,6,0,6,46
07/16/2008,GYY,IN,AGL,CE,Federal Contract Tower,0,0,28,0,28,0,0,46,5,51,0,0,74,5,79,58,18,76,155
07/17/2008,GYY,IN,AGL,CE,Federal Contract Tower,0,4,16,0,20,0,2,36,3,41,0,6,52,3,61,28,0,28,89
07/18/2008,GYY,IN,AGL,CE,Federal Contract Tower,0,2,27,0,29,0,0,28,0,28,0,2,55,0,57,14,0,14,71
07/19/2008,GYY,IN,AGL,CE,Federal Contract Tower,2,1,16,0,19,0,0,26,0,26,2,1,42,0,45,40,0,40,85
07/20/2008,GYY,IN,AGL,CE,Federal Contract Tower,0,2,20,0,22,0,0,32,0,32,0,2,52,0,54,16,0,16,70
07/21/2008,GYY,IN,AGL,CE,Federal Contract Tower,3,4,25,0,32,0,0,16,0,16,3,4,41,0,48,6,0,6,54
07/22/2008,GYY,IN,AGL,CE,Federal Contract Tower,1,5,26,0,32,0,2,31,0,33,1,7,57,0,65,18,0,18,83
07/23/2008,GYY,IN,AGL,CE,Federal Contract Tower,1,1,28,0,30,0,0,36,0,36,1,1,64,0,66,26,0,26,92
07/24/2008,GYY,IN,AGL,CE,Federal Contract Tower,4,4,28,0,36,0,0,42,0,42,4,4,70,0,78,30,0,30,108
07/25/2008,GYY,IN,AGL,CE,Federal Contract Tower,2,2,27,0,31,0,0,44,0,44,2,2,71,0,75,10,0,10,85
07/26/2008,GYY,IN,AGL,CE,Federal Contract Tower,0,1,23,0,24,0,0,61,0,61,0,1,84,0,85,48,0,48,133
07/27/2008,GYY,IN,AGL,CE,Federal Contract Tower,0,0,16,0,16,0,0,43,0,43,0,0,59,0,59,26,0,26,85
07/28/2008,GYY,IN,AGL,CE,Federal Contract Tower,1,1,20,0,22,0,2,40,0,42,1,3,60,0,64,12,0,12,76
07/29/2008,GYY,IN,AGL,CE,Federal Contract Tower,0,0,16,0,16,0,0,27,0,27,0,0,43,0,43,10,0,10,53
07/30/2008,GYY,IN,AGL,CE,Federal Contract Tower,1,1,30,0,32,0,0,28,0,28,1,1,58,0,60,12,0,12,72
07/31/2008,GYY,IN,AGL,CE,Federal Contract Tower,4,4,20,2,30,0,0,38,2,40,4,4,58,4,70,30,0,30,100
08/01/2008,GYY,IN,AGL,CE,Federal Contract Tower,2,0,33,0,35,0,2,51,0,53,2,2,84,0,88,56,0,56,144
08/02/2008,GYY,IN,AGL,CE,Federal Contract Tower,1,0,18,0,19,0,2,47,3,52,1,2,65,3,71,38,0,38,109
08/03/2008,GYY,IN,AGL,CE,Federal Contract Tower,0,2,14,0,16,0,0,22,1,23,0,2,36,1,39,0,0,0,39
08/04/2008,GYY,IN,AGL,CE,Federal Contract Tower,0,2,47,0,49,0,0,23,0,23,0,2,70,0,72,16,0,16,88
08/05/2008,GYY,IN,AGL,CE,Federal Contract Tower,2,1,22,0,25,0,0,19,0,19,2,1,41,0,44,10,0,10,54
08/06/2008,GYY,IN,AGL,CE,Federal Contract Tower,4,3,24,3,34,0,0,30,5,35,4,3,54,8,69,30,2,32,101
08/07/2008,GYY,IN,AGL,CE,Federal Contract Tower,1,1,38,0,40,0,0,31,3,34,1,1,69,3,74,12,0,12,86
08/08/2008,GYY,IN,AGL,CE,Federal Contract Tower,0,0,35,3,38,0,0,33,3,36,0,0,68,6,74,26,2,28,102
08/09/2008,GYY,IN,AGL,CE,Federal Contract Tower,1,0,14,0,15,0,0,18,0,18,1,0,32,0,33,0,0,0,33
08/10/2008,GYY,IN,AGL,CE,Federal Contract Tower,0,4,20,1,25,0,0,31,0,31,0,4,51,1,56,24,0,24,80
08/11/2008,GYY,IN,AGL,CE,Federal Contract Tower,2,2,29,3,36,0,0,76,3,79,2,2,105,6,115,76,18,94,209
08/12/2008,GYY,IN,AGL,CE,Federal Contract Tower,1,6,36,4,47,0,0,70,2,72,1,6,106,6,119,78,0,78,197
08/13/2008,GYY,IN,AGL,CE,Federal Contract Tower,0,6,25,11,42,0,0,69,10,79,0,6,94,21,121,202,34,236,357
08/14/2008,GYY,IN,AGL,CE,Federal Contract Tower,0,5,27,8,40,0,1,92,30,123,0,6,119,38,163,72,68,140,303
08/15/2008,GYY,IN,AGL,CE,Federal Contract Tower,1,4,25,0,30,0,1,121,39,161,1,5,146,39,191,204,118,322,513
08/16/2008,GYY,IN,AGL,CE,Federal Contract Tower,0,0,11,2,13,0,0,149,49,198,0,0,160,51,211,182,64,246,457
08/17/2008,GYY,IN,AGL,CE,Federal Contract Tower,0,0,12,4,16,0,0,158,43,201,0,0,170,47,217,151,112,263,480
08/18/2008,GYY,IN,AGL,CE,Federal Contract Tower,0,0,17,19,36,0,4,57,2,63,0,4,74,21,99,20,0,20,119
08/19/2008,GYY,IN,AGL,CE,Federal Contract Tower,2,2,24,0,28,0,0,52,0,52,2,2,76,0,80,28,0,28,108
08/20/2008,GYY,IN,AGL,CE,Federal Contract Tower,0,1,41,0,42,0,0,24,0,24,0,1,65,0,66,22,0,22,88
08/21/2008,GYY,IN,AGL,CE,Federal Contract Tower,0,2,41,0,43,0,2,18,2,22,0,4,59,2,65,12,0,12,77
08/22/2008,GYY,IN,AGL,CE,Federal Contract Tower,3,0,23,1,27,0,0,17,0,17,3,0,40,1,44,10,0,10,54
08/23/2008,GYY,IN,AGL,CE,Federal Contract Tower,0,0,18,0,18,0,4,30,0,34,0,4,48,0,52,6,0,6,58
08/24/2008,GYY,IN,AGL,CE,Federal Contract Tower,1,4,12,0,17,0,0,34,2,36,1,4,46,2,53,30,0,30,83
08/25/2008,GYY,IN,AGL,CE,Federal Contract Tower,1,0,26,0,27,0,0,47,0,47,1,0,73,0,74,34,0,34,108
08/26/2008,GYY,IN,AGL,CE,Federal Contract Tower,1,0,28,0,29,0,0,37,7,44,1,0,65,7,73,43,32,75,148
08/27/2008,GYY,IN,AGL,CE,Federal Contract Tower,3,0,28,0,31,0,1,26,0,27,3,1,54,0,58,38,0,38,96
08/28/2008,GYY,IN,AGL,CE,Federal Contract Tower,2,3,28,0,33,0,0,0,0,0,2,3,28,0,33,2,0,2,35
08/29/2008,GYY,IN,AGL,CE,Federal Contract Tower,1,4,28,0,33,0,0,42,0,42,1,4,70,0,75,14,0,14,89
08/30/2008,GYY,IN,AGL,CE,Federal Contract Tower,0,0,11,0,11,0,0,36,0,36,0,0,47,0,47,20,0,20,67
08/31/2008,GYY,IN,AGL,CE,Federal Contract Tower,0,1,5,0,6,0,0,31,0,31,0,1,36,0,37,14,0,14,51
09/01/2008,GYY,IN,AGL,CE,Federal Contract Tower,1,2,14,0,17,0,1,46,0,47,1,3,60,0,64,2,0,2,66
09/02/2008,GYY,IN,AGL,CE,Federal Contract Tower,0,3,21,2,26,0,0,19,0,19,0,3,40,2,45,26,0,26,71
09/03/2008,GYY,IN,AGL,CE,Federal Contract Tower,1,2,31,0,34,0,0,19,0,19,1,2,50,0,53,32,0,32,85
09/04/2008,GYY,IN,AGL,CE,Federal Contract Tower,2,0,25,0,27,0,0,0,0,0,2,0,25,0,27,0,0,0,27
09/05/2008,GYY,IN,AGL,CE,Federal Contract Tower,1,3,21,2,27,0,0,18,0,18,1,3,39,2,45,28,0,28,73
09/06/2008,GYY,IN,AGL,CE,Federal Contract Tower,3,4,10,1,18,0,5,32,3,40,3,9,42,4,58,4,6,10,68
09/07/2008,GYY,IN,AGL,CE,Federal Contract Tower,1,2,19,1,23,0,0,25,1,26,1,2,44,2,49,34,2,36,85
09/08/2008,GYY,IN,AGL,CE,Federal Contract Tower,0,0,40,0,40,0,0,7,0,7,0,0,47,0,47,0,0,0,47
09/09/2008,GYY,IN,AGL,CE,Federal Contract Tower,0,1,42,0,43,0,0,27,0,27,0,1,69,0,70,12,0,12,82
09/10/2008,GYY,IN,AGL,CE,Federal Contract Tower,3,2,49,0,54,0,0,20,0,20,3,2,69,0,74,14,0,14,88
09/11/2008,GYY,IN,AGL,CE,Federal Contract Tower,3,0,38,3,44,0,0,9,0,9,3,0,47,3,53,6,0,6,59
09/12/2008,GYY,IN,AGL,CE,Federal Contract Tower,4,6,30,4,44,0,0,0,0,0,4,6,30,4,44,0,0,0,44
09/13/2008,GYY,IN,AGL,CE,Federal Contract Tower,1,4,10,0,15,0,0,0,0,0,1,4,10,0,15,0,0,0,15
09/14/2008,GYY,IN,AGL,CE,Federal Contract Tower,3,2,11,0,16,0,0,6,0,6,3,2,17,0,22,0,0,0,22
09/15/2008,GYY,IN,AGL,CE,Federal Contract Tower,3,4,26,1,34,0,2,37,3,42,3,6,63,4,76,14,0,14,90
09/16/2008,GYY,IN,AGL,CE,Federal Contract Tower,0,0,8,15,23,0,0,32,2,34,0,0,40,17,57,24,0,24,81
09/17/2008,GYY,IN,AGL,CE,Federal Contract Tower,3,6,25,0,34,0,2,40,0,42,3,8,65,0,76,28,0,28,104
09/18/2008,GYY,IN,AGL,CE,Federal Contract Tower,0,6,14,2,22,0,6,41,0,47,0,12,55,2,69,6,0,6,75
09/19/2008,GYY,IN,AGL,CE,Federal Contract Tower,1,10,27,1,39,0,4,43,0,47,1,14,70,1,86,26,0,26,112
09/20/2008,GYY,IN,AGL,CE,Federal Contract Tower,2,2,15,0,19,0,0,29,0,29,2,2,44,0,48,18,0,18,66
09/21/2008,GYY,IN,AGL,CE,Federal Contract Tower,0,2,16,1,19,0,0,30,0,30,0,2,46,1,49,28,0,28,77
09/22/2008,GYY,IN,AGL,CE,Federal Contract Tower,0,4,19,0,23,0,0,22,0,22,0,4,41,0,45,28,0,28,73
09/23/2008,GYY,IN,AGL,CE,Federal Contract Tower,1,0,26,0,27,0,0,39,0,39,1,0,65,0,66,30,0,30,96
09/24/2008,GYY,IN,AGL,CE,Federal Contract Tower,1,3,33,0,37,0,0,36,0,36,1,3,69,0,73,56,0,56,129
09/25/2008,GYY,IN,AGL,CE,Federal Contract Tower,0,2,28,0,30,0,0,22,0,22,0,2,50,0,52,0,0,0,52
09/26/2008,GYY,IN,AGL,CE,Federal Contract Tower,0,1,33,1,35,0,0,33,0,33,0,1,66,1,68,40,0,40,108
09/27/2008,GYY,IN,AGL,CE,Federal Contract Tower,1,4,17,2,24,0,0,48,2,50,1,4,65,4,74,60,4,64,138
09/28/2008,GYY,IN,AGL,CE,Federal Contract Tower,0,1,33,1,35,0,2,19,4,25,0,3,52,5,60,12,4,16,76
09/29/2008,GYY,IN,AGL,CE,Federal Contract Tower,0,2,22,3,27,0,0,8,6,14,0,2,30,9,41,6,6,12,53
09/30/2008,GYY,IN,AGL,CE,Federal Contract Tower,0,0,23,0,23,0,0,13,0,13,0,0,36,0,36,4,0,4,40
10/01/2008,GYY,IN,AGL,CE,Federal Contract Tower,1,2,31,0,34,0,0,12,0,12,1,2,43,0,46,0,0,0,46
10/02/2008,GYY,IN,AGL,CE,Federal Contract Tower,0,3,29,0,32,0,2,22,0,24,0,5,51,0,56,10,0,10,66
10/03/2008,GYY,IN,AGL,CE,Federal Contract Tower,0,0,34,0,34,0,2,32,0,34,0,2,66,0,68,8,0,8,76
10/04/2008,GYY,IN,AGL,CE,Federal Contract Tower,0,2,11,1,14,0,2,62,0,64,0,4,73,1,78,104,0,104,182
10/05/2008,GYY,IN,AGL,CE,Federal Contract Tower,0,1,25,0,26,0,1,20,1,22,0,2,45,1,48,50,0,50,98
10/06/2008,GYY,IN,AGL,CE,Federal Contract Tower,1,1,31,0,33,0,0,15,0,15,1,1,46,0,48,16,0,16,64
10/07/2008,GYY,IN,AGL,CE,Federal Contract Tower,2,4,25,0,31,0,0,10,0,10,2,4,35,0,41,6,0,6,47
10/08/2008,GYY,IN,AGL,CE,Federal Contract Tower,1,5,35,0,41,0,0,11,0,11,1,5,46,0,52,40,0,40,92
10/09/2008,GYY,IN,AGL,CE,Federal Contract Tower,6,5,22,0,33,0,0,50,0,50,6,5,72,0,83,84,0,84,167
10/10/2008,GYY,IN,AGL,CE,Federal Contract Tower,1,2,17,0,20,0,0,47,2,49,1,2,64,2,69,34,0,34,103
10/11/2008,GYY,IN,AGL,CE,Federal Contract Tower,2,3,17,1,23,0,2,22,0,24,2,5,39,1,47,18,2,20,67
10/12/2008,GYY,IN,AGL,CE,Federal Contract Tower,0,1,13,1,15,0,0,38,0,38,0,1,51,1,53,60,0,60,113
10/13/2008,GYY,IN,AGL,CE,Federal Contract Tower,3,3,20,1,27,0,0,13,0,13,3,3,33,1,40,20,0,20,60
10/14/2008,GYY,IN,AGL,CE,Federal Contract Tower,2,4,35,0,41,0,0,33,0,33,2,4,68,0,74,34,0,34,108
10/15/2008,GYY,IN,AGL,CE,Federal Contract Tower,3,0,27,0,30,0,0,2,0,2,3,0,29,0,32,0,0,0,32
10/16/2008,GYY,IN,AGL,CE,Federal Contract Tower,1,5,18,0,24,0,0,21,0,21,1,5,39,0,45,12,0,12,57
10/17/2008,GYY,IN,AGL,CE,Federal Contract Tower,1,1,29,0,31,0,0,19,0,19,1,1,48,0,50,36,0,36,86
10/18/2008,GYY,IN,AGL,CE,Federal Contract Tower,0,2,15,0,17,0,0,31,0,31,0,2,46,0,48,42,0,42,90
10/19/2008,GYY,IN,AGL,CE,Federal Contract Tower,0,0,15,0,15,0,0,25,0,25,0,0,40,0,40,18,0,18,58
10/20/2008,GYY,IN,AGL,CE,Federal Contract Tower,8,6,27,0,41,0,0,16,0,16,8,6,43,0,57,0,0,0,57
10/21/2008,GYY,IN,AGL,CE,Federal Contract Tower,1,0,25,0,26,0,0,23,0,23,1,0,48,0,49,18,0,18,67
10/22/2008,GYY,IN,AGL,CE,Federal Contract Tower,0,4,25,0,29,0,0,36,6,42,0,4,61,6,71,18,6,24,95
10/23/2008,GYY,IN,AGL,CE,Federal Contract Tower,1,4,27,0,32,0,0,29,0,29,1,4,56,0,61,28,0,28,89
10/24/2008,GYY,IN,AGL,CE,Federal Contract Tower,0,3,33,2,38,0,0,22,2,24,0,3,55,4,62,4,0,4,66
10/25/2008,GYY,IN,AGL,CE,Federal Contract Tower,3,2,23,0,28,0,0,7,0,7,3,2,30,0,35,8,0,8,43
10/26/2008,GYY,IN,AGL,CE,Federal Contract Tower,0,1,13,0,14,0,0,11,0,11,0,1,24,0,25,8,0,8,33
10/27/2008,GYY,IN,AGL,CE,Federal Contract Tower,0,2,23,0,25,0,0,12,0,12,0,2,35,0,37,6,0,6,43
10/28/2008,GYY,IN,AGL,CE,Federal Contract Tower,2,2,40,0,44,0,2,39,7,48,2,4,79,7,92,0,0,0,92
10/29/2008,GYY,IN,AGL,CE,Federal Contract Tower,3,0,32,0,35,0,0,25,0,25,3,0,57,0,60,22,0,22,82
10/30/2008,GYY,IN,AGL,CE,Federal Contract Tower,1,1,28,0,30,0,0,31,0,31,1,1,59,0,61,30,0,30,91
10/31/2008,GYY,IN,AGL,CE,Federal Contract Tower,3,0,30,0,33,0,0,46,0,46,3,0,76,0,79,48,0,48,127
11/01/2008,GYY,IN,AGL,CE,Federal Contract Tower,1,0,13,0,14,0,0,19,6,25,1,0,32,6,39,6,0,6,45
11/02/2008,GYY,IN,AGL,CE,Federal Contract Tower,0,0,14,0,14,0,0,30,6,36,0,0,44,6,50,0,0,0,50
11/03/2008,GYY,IN,AGL,CE,Federal Contract Tower,0,3,21,0,24,0,0,40,0,40,0,3,61,0,64,40,0,40,104
11/04/2008,GYY,IN,AGL,CE,Federal Contract Tower,0,1,30,0,31,0,4,24,0,28,0,5,54,0,59,10,0,10,69
11/05/2008,GYY,IN,AGL,CE,Federal Contract Tower,1,0,21,0,22,0,4,28,0,32,1,4,49,0,54,36,0,36,90
11/06/2008,GYY,IN,AGL,CE,Federal Contract Tower,2,1,20,2,25,0,0,21,3,24,2,1,41,5,49,4,0,4,53
11/07/2008,GYY,IN,AGL,CE,Federal Contract Tower,1,0,21,0,22,0,0,21,0,21,1,0,42,0,43,16,0,16,59
11/08/2008,GYY,IN,AGL,CE,Federal Contract Tower,0,3,16,0,19,0,0,2,0,2,0,3,18,0,21,0,0,0,21
11/09/2008,GYY,IN,AGL,CE,Federal Contract Tower,1,3,21,0,25,0,0,2,0,2,1,3,23,0,27,0,0,0,27
11/10/2008,GYY,IN,AGL,CE,Federal Contract Tower,2,2,18,0,22,0,2,27,0,29,2,4,45,0,51,42,0,42,93
11/11/2008,GYY,IN,AGL,CE,Federal Contract Tower,2,2,27,0,31,0,0,19,0,19,2,2,46,0,50,4,0,4,54
11/12/2008,GYY,IN,AGL,CE,Federal Contract Tower,0,4,33,2,39,0,0,11,0,11,0,4,44,2,50,4,0,4,54
11/13/2008,GYY,IN,AGL,CE,Federal Contract Tower,0,0,37,0,37,0,0,16,0,16,0,0,53,0,53,70,0,70,123
11/14/2008,GYY,IN,AGL,CE,Federal Contract Tower,1,3,30,0,34,0,0,2,0,2,1,3,32,0,36,6,0,6,42
11/15/2008,GYY,IN,AGL,CE,Federal Contract Tower,1,2,11,0,14,0,0,12,0,12,1,2,23,0,26,40,0,40,66
11/16/2008,GYY,IN,AGL,CE,Federal Contract Tower,0,2,20,0,22,0,0,4,0,4,0,2,24,0,26,0,0,0,26
11/17/2008,GYY,IN,AGL,CE,Federal Contract Tower,3,0,26,0,29,0,0,11,0,11,3,0,37,0,40,32,0,32,72
11/18/2008,GYY,IN,AGL,CE,Federal Contract Tower,6,0,29,0,35,0,0,30,2,32,6,0,59,2,67,12,0,12,79
11/19/2008,GYY,IN,AGL,CE,Federal Contract Tower,3,3,14,0,20,0,20,24,2,46,3,23,38,2,66,12,0,12,78
11/20/2008,GYY,IN,AGL,CE,Federal Contract Tower,1,3,18,0,22,0,0,30,6,36,1,3,48,6,58,38,0,38,96
11/21/2008,GYY,IN,AGL,CE,Federal Contract Tower,2,2,24,0,28,0,0,40,0,40,2,2,64,0,68,26,0,26,94
11/22/2008,GYY,IN,AGL,CE,Federal Contract Tower,1,0,24,0,25,0,0,22,0,22,1,0,46,0,47,12,0,12,59
11/23/2008,GYY,IN,AGL,CE,Federal Contract Tower,0,4,13,0,17,0,4,21,0,25,0,8,34,0,42,8,0,8,50
11/24/2008,GYY,IN,AGL,CE,Federal Contract Tower,1,0,23,0,24,0,0,4,2,6,1,0,27,2,30,22,22,44,74
11/25/2008,GYY,IN,AGL,CE,Federal Contract Tower,1,6,16,0,23,0,0,41,2,43,1,6,57,2,66,20,0,20,86
11/26/2008,GYY,IN,AGL,CE,Federal Contract Tower,0,5,21,4,30,0,0,37,2,39,0,5,58,6,69,16,0,16,85
11/27/2008,GYY,IN,AGL,CE,Federal Contract Tower,0,4,10,0,14,0,0,28,0,28,0,4,38,0,42,32,0,32,74
11/28/2008,GYY,IN,AGL,CE,Federal Contract Tower,0,2,11,0,13,0,0,27,0,27,0,2,38,0,40,36,0,36,76
11/29/2008,GYY,IN,AGL,CE,Federal Contract Tower,0,2,11,0,13,0,0,20,0,20,0,2,31,0,33,62,0,62,95
11/30/2008,GYY,IN,AGL,CE,Federal Contract Tower,1,2,18,0,21,0,4,7,0,11,1,6,25,0,32,6,0,6,38
12/01/2008,GYY,IN,AGL,CE,Federal Contract Tower,3,6,20,0,29,0,0,0,0,0,3,6,20,0,29,0,0,0,29
12/02/2008,GYY,IN,AGL,CE,Federal Contract Tower,1,2,22,0,25,0,0,24,0,24,1,2,46,0,49,10,0,10,59
12/03/2008,GYY,IN,AGL,CE,Federal Contract Tower,1,0,29,0,30,0,2,29,1,32,1,2,58,1,62,46,0,46,108
12/04/2008,GYY,IN,AGL,CE,Federal Contract Tower,1,0,31,0,32,0,0,10,0,10,1,0,41,0,42,16,0,16,58
12/05/2008,GYY,IN,AGL,CE,Federal Contract Tower,0,2,14,0,16,0,0,27,0,27,0,2,41,0,43,38,0,38,81
12/06/2008,GYY,IN,AGL,CE,Federal Contract Tower,1,2,12,3,18,0,0,0,0,0,1,2,12,3,18,0,4,4,22
12/07/2008,GYY,IN,AGL,CE,Federal Contract Tower,0,2,15,1,18,0,0,15,6,21,0,2,30,7,39,34,6,40,79
12/08/2008,GYY,IN,AGL,CE,Federal Contract Tower,2,4,18,4,28,0,0,8,2,10,2,4,26,6,38,10,10,20,58
12/09/2008,GYY,IN,AGL,CE,Federal Contract Tower,0,0,17,0,17,0,0,0,0,0,0,0,17,0,17,0,0,0,17
12/10/2008,GYY,IN,AGL,CE,Federal Contract Tower,0,0,27,0,27,0,0,17,0,17,0,0,44,0,44,14,0,14,58
12/11/2008,GYY,IN,AGL,CE,Federal Contract Tower,0,2,32,0,34,0,0,28,0,28,0,2,60,0,62,208,0,208,270
12/12/2008,GYY,IN,AGL,CE,Federal Contract Tower,0,4,19,0,23,0,0,14,0,14,0,4,33,0,37,4,0,4,41
12/13/2008,GYY,IN,AGL,CE,Federal Contract Tower,2,4,16,0,22,0,0,6,0,6,2,4,22,0,28,0,0,0,28
12/14/2008,GYY,IN,AGL,CE,Federal Contract Tower,0,2,10,0,12,0,0,8,0,8,0,2,18,0,20,10,0,10,30
12/15/2008,GYY,IN,AGL,CE,Federal Contract Tower,3,0,19,0,22,0,0,2,0,2,3,0,21,0,24,4,0,4,28
12/16/2008,GYY,IN,AGL,CE,Federal Contract Tower,0,3,25,0,28,0,0,11,0,11,0,3,36,0,39,26,0,26,65
12/17/2008,GYY,IN,AGL,CE,Federal Contract Tower,1,2,21,0,24,0,0,11,0,11,1,2,32,0,35,4,0,4,39
12/18/2008,GYY,IN,AGL,CE,Federal Contract Tower,1,4,30,1,36,0,0,24,1,25,1,4,54,2,61,98,0,98,159
12/19/2008,GYY,IN,AGL,CE,Federal Contract Tower,0,2,9,0,11,0,0,3,0,3,0,2,12,0,14,2,0,2,16
12/20/2008,GYY,IN,AGL,CE,Federal Contract Tower,0,3,21,0,24,0,0,5,0,5,0,3,26,0,29,20,0,20,49
12/21/2008,GYY,IN,AGL,CE,Federal Contract Tower,0,1,4,0,5,0,0,0,0,0,0,1,4,0,5,0,0,0,5
12/22/2008,GYY,IN,AGL,CE,Federal Contract Tower,0,2,16,1,19,0,0,8,1,9,0,2,24,2,28,8,0,8,36
12/23/2008,GYY,IN,AGL,CE,Federal Contract Tower,0,1,29,0,30,0,0,4,0,4,0,1,33,0,34,0,0,0,34
12/24/2008,GYY,IN,AGL,CE,Federal Contract Tower,0,1,7,0,8,0,0,0,0,0,0,1,7,0,8,0,0,0,8
12/25/2008,GYY,IN,AGL,CE,Federal Contract Tower,0,0,2,0,2,0,0,2,0,2,0,0,4,0,4,2,0,2,6
12/26/2008,GYY,IN,AGL,CE,Federal Contract Tower,0,1,8,0,9,0,0,2,0,2,0,1,10,0,11,0,0,0,11
12/27/2008,GYY,IN,AGL,CE,Federal Contract Tower,0,1,13,0,14,0,0,0,0,0,0,1,13,0,14,0,0,0,14
12/28/2008,GYY,IN,AGL,CE,Federal Contract Tower,0,2,15,0,17,0,0,3,0,3,0,2,18,0,20,0,0,0,20
12/29/2008,GYY,IN,AGL,CE,Federal Contract Tower,0,1,9,0,10,0,0,25,0,25,0,1,34,0,35,0,0,0,35
12/30/2008,GYY,IN,AGL,CE,Federal Contract Tower,0,0,14,2,16,0,2,23,0,25,0,2,37,2,41,16,4,20,61
12/31/2008,GYY,IN,AGL,CE,Federal Contract Tower,0,0,12,0,12,0,0,31,2,33,0,0,43,2,45,30,0,30,75
01/01/2009,GYY,IN,AGL,CE,Federal Contract Tower,0,0,3,0,3,0,0,17,6,23,0,0,20,6,26,30,6,36,62
01/02/2009,GYY,IN,AGL,CE,Federal Contract Tower,0,1,21,2,24,0,0,30,0,30,0,1,51,2,54,38,0,38,92
01/03/2009,GYY,IN,AGL,CE,Federal Contract Tower,0,0,9,0,9,0,0,10,0,10,0,0,19,0,19,2,0,2,21
01/04/2009,GYY,IN,AGL,CE,Federal Contract Tower,0,0,16,0,16,0,0,1,0,1,0,0,17,0,17,0,0,0,17
01/05/2009,GYY,IN,AGL,CE,Federal Contract Tower,2,1,29,0,32,0,0,21,0,21,2,1,50,0,53,52,0,52,105
01/06/2009,GYY,IN,AGL,CE,Federal Contract Tower,0,1,16,0,17,0,0,12,0,12,0,1,28,0,29,20,0,20,49
01/07/2009,GYY,IN,AGL,CE,Federal Contract Tower,0,0,21,0,21,0,0,0,0,0,0,0,21,0,21,0,0,0,21
01/08/2009,GYY,IN,AGL,CE,Federal Contract Tower,3,6,16,0,25,0,0,30,0,30,3,6,46,0,55,8,0,8,63
01/09/2009,GYY,IN,AGL,CE,Federal Contract Tower,1,0,9,0,10,0,0,18,0,18,1,0,27,0,28,40,0,40,68
01/10/2009,GYY,IN,AGL,CE,Federal Contract Tower,0,0,3,0,3,0,0,0,0,0,0,0,3,0,3,0,0,0,3
01/11/2009,GYY,IN,AGL,CE,Federal Contract Tower,0,5,11,0,16,0,0,3,0,3,0,5,14,0,19,4,0,4,23
01/12/2009,GYY,IN,AGL,CE,Federal Contract Tower,3,3,14,0,20,0,0,5,0,5,3,3,19,0,25,8,0,8,33
01/13/2009,GYY,IN,AGL,CE,Federal Contract Tower,2,1,20,0,23,0,0,5,0,5,2,1,25,0,28,0,0,0,28
01/14/2009,GYY,IN,AGL,CE,Federal Contract Tower,1,3,24,0,28,0,0,3,0,3,1,3,27,0,31,0,0,0,31
01/15/2009,GYY,IN,AGL,CE,Federal Contract Tower,2,7,21,0,30,0,1,15,0,16,2,8,36,0,46,0,0,0,46
01/16/2009,GYY,IN,AGL,CE,Federal Contract Tower,3,5,20,0,28,0,0,32,0,32,3,5,52,0,60,0,0,0,60
01/17/2009,GYY,IN,AGL,CE,Federal Contract Tower,0,2,10,0,12,0,0,18,0,18,0,2,28,0,30,12,0,12,42
01/18/2009,GYY,IN,AGL,CE,Federal Contract Tower,0,1,13,0,14,0,0,8,0,8,0,1,21,0,22,0,0,0,22
01/19/2009,GYY,IN,AGL,CE,Federal Contract Tower,3,3,20,0,26,0,2,26,0,28,3,5,46,0,54,24,0,24,78
01/20/2009,GYY,IN,AGL,CE,Federal Contract Tower,4,5,14,0,23,0,0,4,0,4,4,5,18,0,27,10,0,10,37
01/21/2009,GYY,IN,AGL,CE,Federal Contract Tower,1,0,21,0,22,0,2,34,0,36,1,2,55,0,58,6,0,6,64
01/22/2009,GYY,IN,AGL,CE,Federal Contract Tower,0,8,26,0,34,0,7,35,0,42,0,15,61,0,76,60,0,60,136
01/23/2009,GYY,IN,AGL,CE,Federal Contract Tower,0,2,23,0,25,0,0,27,0,27,0,2,50,0,52,26,0,26,78
01/24/2009,GYY,IN,AGL,CE,Federal Contract Tower,0,0,13,0,13,0,0,32,0,32,0,0,45,0,45,42,0,42,87
01/25/2009,GYY,IN,AGL,CE,Federal Contract Tower,1,0,16,0,17,0,4,20,0,24,1,4,36,0,41,38,0,38,79
01/26/2009,GYY,IN,AGL,CE,Federal Contract Tower,2,2,16,0,20,0,0,29,0,29,2,2,45,0,49,30,0,30,79
01/27/2009,GYY,IN,AGL,CE,Federal Contract Tower,2,0,33,0,35,0,0,11,0,11,2,0,44,0,46,0,0,0,46
01/28/2009,GYY,IN,AGL,CE,Federal Contract Tower,0,0,15,0,15,0,2,7,0,9,0,2,22,0,24,10,0,10,34
01/29/2009,GYY,IN,AGL,CE,Federal Contract Tower,1,2,19,0,22,0,0,13,0,13,1,2,32,0,35,34,0,34,69
01/30/2009,GYY,IN,AGL,CE,Federal Contract Tower,0,0,21,0,21,0,2,32,0,34,0,2,53,0,55,52,0,52,107
01/31/2009,GYY,IN,AGL,CE,Federal Contract Tower,1,1,15,0,17,0,1,27,0,28,1,2,42,0,45,40,0,40,85
02/01/2009,GYY,IN,AGL,CE,Federal Contract Tower,0,0,13,0,13,0,0,8,0,8,0,0,21,0,21,4,0,4,25
02/02/2009,GYY,IN,AGL,CE,Federal Contract Tower,4,0,15,0,19,0,0,30,0,30,4,0,45,0,49,60,0,60,109
02/03/2009,GYY,IN,AGL,CE,Federal Contract Tower,4,7,16,0,27,0,0,5,0,5,4,7,21,0,32,4,0,4,36
02/04/2009,GYY,IN,AGL,CE,Federal Contract Tower,1,1,16,0,18,0,0,7,0,7,1,1,23,0,25,38,0,38,63
02/05/2009,GYY,IN,AGL,CE,Federal Contract Tower,3,2,22,0,27,0,0,28,0,28,3,2,50,0,55,50,0,50,105
02/06/2009,GYY,IN,AGL,CE,Federal Contract Tower,1,0,21,0,22,0,2,31,0,33,1,2,52,0,55,38,0,38,93
02/07/2009,GYY,IN,AGL,CE,Federal Contract Tower,1,0,15,0,16,0,0,24,0,24,1,0,39,0,40,34,0,34,74
02/08/2009,GYY,IN,AGL,CE,Federal Contract Tower,0,0,17,0,17,0,2,24,2,28,0,2,41,2,45,88,0,88,133
02/09/2009,GYY,IN,AGL,CE,Federal Contract Tower,3,2,24,0,29,0,0,11,0,11,3,2,35,0,40,10,0,10,50
02/10/2009,GYY,IN,AGL,CE,Federal Contract Tower,2,3,15,0,20,0,0,17,0,17,2,3,32,0,37,18,0,18,55
02/11/2009,GYY,IN,AGL,CE,Federal Contract Tower,0,0,24,0,24,0,0,3,0,3,0,0,27,0,27,6,0,6,33
02/12/2009,GYY,IN,AGL,CE,Federal Contract Tower,0,2,18,0,20,0,0,31,0,31,0,2,49,0,51,22,0,22,73
02/13/2009,GYY,IN,AGL,CE,Federal Contract Tower,0,2,23,0,25,0,0,29,1,30,0,2,52,1,55,32,0,32,87
02/14/2009,GYY,IN,AGL,CE,Federal Contract Tower,0,5,22,0,27,0,0,6,1,7,0,5,28,1,34,0,0,0,34
02/15/2009,GYY,IN,AGL,CE,Federal Contract Tower,1,3,16,0,20,0,0,7,0,7,1,3,23,0,27,0,20,20,47
02/16/2009,GYY,IN,AGL,CE,Federal Contract Tower,6,0,21,0,27,0,0,8,0,8,6,0,29,0,35,16,0,16,51
02/17/2009,GYY,IN,AGL,CE,Federal Contract Tower,0,2,21,0,23,0,2,27,0,29,0,4,48,0,52,6,0,6,58
02/18/2009,GYY,IN,AGL,CE,Federal Contract Tower,4,0,17,0,21,0,2,0,0,2,4,2,17,0,23,0,0,0,23
02/19/2009,GYY,IN,AGL,CE,Federal Contract Tower,1,0,21,0,22,0,0,30,3,33,1,0,51,3,55,18,0,18,73
02/20/2009,GYY,IN,AGL,CE,Federal Contract Tower,1,1,24,0,26,0,1,18,0,19,1,2,42,0,45,49,0,49,94
02/21/2009,GYY,IN,AGL,CE,Federal Contract Tower,0,0,5,0,5,0,0,0,0,0,0,0,5,0,5,0,0,0,5
02/22/2009,GYY,IN,AGL,CE,Federal Contract Tower,4,0,19,0,23,0,0,10,0,10,4,0,29,0,33,22,0,22,55
02/23/2009,GYY,IN,AGL,CE,Federal Contract Tower,2,2,25,0,29,0,0,17,0,17,2,2,42,0,46,50,0,50,96
02/24/2009,GYY,IN,AGL,CE,Federal Contract Tower,2,3,11,0,16,0,8,24,2,34,2,11,35,2,50,0,0,0,50
02/25/2009,GYY,IN,AGL,CE,Federal Contract Tower,1,3,18,0,22,0,0,21,0,21,1,3,39,0,43,0,0,0,43
02/26/2009,GYY,IN,AGL,CE,Federal Contract Tower,3,0,17,0,20,0,0,3,0,3,3,0,20,0,23,8,0,8,31
02/27/2009,GYY,IN,AGL,CE,Federal Contract Tower,1,6,25,0,32,0,0,10,0,10,1,6,35,0,42,14,0,14,56
02/28/2009,GYY,IN,AGL,CE,Federal Contract Tower,2,2,11,0,15,0,0,22,0,22,2,2,33,0,37,60,0,60,97
03/01/2009,GYY,IN,AGL,CE,Federal Contract Tower,1,2,22,0,25,0,0,3,0,3,1,2,25,0,28,0,0,0,28
03/02/2009,GYY,IN,AGL,CE,Federal Contract Tower,3,0,11,0,14,0,0,21,0,21,3,0,32,0,35,44,0,44,79
03/03/2009,GYY,IN,AGL,CE,Federal Contract Tower,5,2,23,0,30,0,0,31,0,31,5,2,54,0,61,30,0,30,91
03/04/2009,GYY,IN,AGL,CE,Federal Contract Tower,2,1,20,0,23,0,0,18,2,20,2,1,38,2,43,26,0,26,69
03/05/2009,GYY,IN,AGL,CE,Federal Contract Tower,2,7,33,0,42,0,0,35,0,35,2,7,68,0,77,10,0,10,87
03/06/2009,GYY,IN,AGL,CE,Federal Contract Tower,0,4,29,0,33,0,0,43,0,43,0,4,72,0,76,38,0,38,114
03/07/2009,GYY,IN,AGL,CE,Federal Contract Tower,1,5,10,0,16,0,0,5,0,5,1,5,15,0,21,4,0,4,25
03/08/2009,GYY,IN,AGL,CE,Federal Contract Tower,3,3,9,0,15,0,0,0,0,0,3,3,9,0,15,4,0,4,19
03/09/2009,GYY,IN,AGL,CE,Federal Contract Tower,3,2,17,0,22,0,0,19,0,19,3,2,36,0,41,32,0,32,73
03/10/2009,GYY,IN,AGL,CE,Federal Contract Tower,0,4,24,0,28,0,0,2,0,2,0,4,26,0,30,0,0,0,30
03/11/2009,GYY,IN,AGL,CE,Federal Contract Tower,4,0,18,0,22,0,0,26,0,26,4,0,44,0,48,56,0,56,104
03/12/2009,GYY,IN,AGL,CE,Federal Contract Tower,2,2,27,0,31,0,0,52,0,52,2,2,79,0,83,138,0,138,221
03/13/2009,GYY,IN,AGL,CE,Federal Contract Tower,0,2,21,0,23,0,0,50,0,50,0,2,71,0,73,106,0,106,179
03/14/2009,GYY,IN,AGL,CE,Federal Contract Tower,0,1,13,0,14,0,0,112,0,112,0,1,125,0,126,114,0,114,240
03/15/2009,GYY,IN,AGL,CE,Federal Contract Tower,0,1,10,0,11,0,0,31,0,31,0,1,41,0,42,60,0,60,102
03/16/2009,GYY,IN,AGL,CE,Federal Contract Tower,0,0,16,0,16,0,0,22,0,22,0,0,38,0,38,24,0,24,62
03/17/2009,GYY,IN,AGL,CE,Federal Contract Tower,0,2,20,0,22,0,0,23,0,23,0,2,43,0,45,24,0,24,69
03/18/2009,GYY,IN,AGL,CE,Federal Contract Tower,3,0,24,0,27,0,0,30,0,30,3,0,54,0,57,60,0,60,117
03/19/2009,GYY,IN,AGL,CE,Federal Contract Tower,1,0,17,0,18,0,6,42,4,52,1,6,59,4,70,60,0,60,130
03/20/2009,GYY,IN,AGL,CE,Federal Contract Tower,1,5,12,0,18,0,0,48,0,48,1,5,60,0,66,66,0,66,132
03/21/2009,GYY,IN,AGL,CE,Federal Contract Tower,2,0,16,0,18,0,0,50,0,50,2,0,66,0,68,14,0,14,82
03/22/2009,GYY,IN,AGL,CE,Federal Contract Tower,0,1,15,0,16,0,0,23,0,23,0,1,38,0,39,26,0,26,65
03/23/2009,GYY,IN,AGL,CE,Federal Contract Tower,0,4,30,0,34,0,2,18,0,20,0,6,48,0,54,18,0,18,72
03/24/2009,GYY,IN,AGL,CE,Federal Contract Tower,1,0,24,0,25,0,6,6,0,12,1,6,30,0,37,24,0,24,61
03/25/2009,GYY,IN,AGL,CE,Federal Contract Tower,2,2,22,2,28,0,0,16,0,16,2,2,38,2,44,0,0,0,44
03/26/2009,GYY,IN,AGL,CE,Federal Contract Tower,0,5,21,0,26,0,0,47,0,47,0,5,68,0,73,142,4,146,219
03/27/2009,GYY,IN,AGL,CE,Federal Contract Tower,0,0,15,0,15,0,0,34,4,38,0,0,49,4,53,54,0,54,107
03/28/2009,GYY,IN,AGL,CE,Federal Contract Tower,0,3,11,0,14,0,0,13,0,13,0,3,24,0,27,8,0,8,35
03/29/2009,GYY,IN,AGL,CE,Federal Contract Tower,1,0,13,0,14,0,0,0,0,0,1,0,13,0,14,0,0,0,14
03/30/2009,GYY,IN,AGL,CE,Federal Contract Tower,1,1,16,0,18,0,0,16,0,16,1,1,32,0,34,22,0,22,56
03/31/2009,GYY,IN,AGL,CE,Federal Contract Tower,2,1,19,0,22,0,0,4,0,4,2,1,23,0,26,6,0,6,32
04/01/2009,GYY,IN,AGL,CE,Federal Contract Tower,1,2,14,0,17,0,0,27,2,29,1,2,41,2,46,32,0,32,78
04/02/2009,GYY,IN,AGL,CE,Federal Contract Tower,0,1,28,0,29,0,0,47,0,47,0,1,75,0,76,42,0,42,118
04/03/2009,GYY,IN,AGL,CE,Federal Contract Tower,2,1,14,0,17,0,0,21,0,21,2,1,35,0,38,44,0,44,82
04/04/2009,GYY,IN,AGL,CE,Federal Contract Tower,2,1,16,0,19,0,5,65,0,70,2,6,81,0,89,118,0,118,207
04/05/2009,GYY,IN,AGL,CE,Federal Contract Tower,0,0,8,0,8,0,0,4,0,4,0,0,12,0,12,0,0,0,12
04/06/2009,GYY,IN,AGL,CE,Federal Contract Tower,2,0,23,0,25,0,0,3,0,3,2,0,26,0,28,12,0,12,40
04/07/2009,GYY,IN,AGL,CE,Federal Contract Tower,2,1,16,2,21,0,2,27,8,37,2,3,43,10,58,56,4,60,118
04/08/2009,GYY,IN,AGL,CE,Federal Contract Tower,0,1,21,2,24,0,0,47,0,47,0,1,68,2,71,82,0,82,153
04/09/2009,GYY,IN,AGL,CE,Federal Contract Tower,3,0,27,0,30,0,0,44,2,46,3,0,71,2,76,122,0,122,198
04/10/2009,GYY,IN,AGL,CE,Federal Contract Tower,0,0,11,0,11,0,0,15,0,15,0,0,26,0,26,24,0,24,50
04/11/2009,GYY,IN,AGL,CE,Federal Contract Tower,0,0,8,0,8,0,2,57,0,59,0,2,65,0,67,204,0,204,271
04/12/2009,GYY,IN,AGL,CE,Federal Contract Tower,0,3,4,0,7,0,0,26,0,26,0,3,30,0,33,10,0,10,43
04/13/2009,GYY,IN,AGL,CE,Federal Contract Tower,0,2,26,0,28,0,0,0,0,0,0,2,26,0,28,0,0,0,28
04/14/2009,GYY,IN,AGL,CE,Federal Contract Tower,3,4,17,0,24,0,0,2,0,2,3,4,19,0,26,0,0,0,26
04/15/2009,GYY,IN,AGL,CE,Federal Contract Tower,2,0,19,0,21,0,0,32,1,33,2,0,51,1,54,92,0,92,146
04/16/2009,GYY,IN,AGL,CE,Federal Contract Tower,2,2,19,2,25,0,2,39,4,45,2,4,58,6,70,50,8,58,128
04/17/2009,GYY,IN,AGL,CE,Federal Contract Tower,2,0,26,0,28,0,0,58,1,59,2,0,84,1,87,94,0,94,181
04/18/2009,GYY,IN,AGL,CE,Federal Contract Tower,0,2,16,0,18,0,0,45,10,55,0,2,61,10,73,44,12,56,129
04/19/2009,GYY,IN,AGL,CE,Federal Contract Tower,1,2,16,0,19,0,0,4,0,4,1,2,20,0,23,0,0,0,23
04/20/2009,GYY,IN,AGL,CE,Federal Contract Tower,1,2,21,1,25,0,2,1,0,3,1,4,22,1,28,0,0,0,28
04/21/2009,GYY,IN,AGL,CE,Federal Contract Tower,0,4,18,0,22,0,1,3,0,4,0,5,21,0,26,4,0,4,30
04/22/2009,GYY,IN,AGL,CE,Federal Contract Tower,0,2,36,0,38,0,0,24,0,24,0,2,60,0,62,106,0,106,168
04/23/2009,GYY,IN,AGL,CE,Federal Contract Tower,0,1,19,0,20,0,0,41,2,43,0,1,60,2,63,26,6,32,95
04/24/2009,GYY,IN,AGL,CE,Federal Contract Tower,2,1,17,0,20,0,2,32,0,34,2,3,49,0,54,28,0,28,82
04/25/2009,GYY,IN,AGL,CE,Federal Contract Tower,1,2,19,0,22,0,0,9,0,9,1,2,28,0,31,24,0,24,55
04/26/2009,GYY,IN,AGL,CE,Federal Contract Tower,2,1,12,0,15,0,0,16,0,16,2,1,28,0,31,0,0,0,31
04/27/2009,GYY,IN,AGL,CE,Federal Contract Tower,2,2,21,0,25,0,0,10,0,10,2,2,31,0,35,20,0,20,55
04/28/2009,GYY,IN,AGL,CE,Federal Contract Tower,3,0,19,0,22,0,0,8,0,8,3,0,27,0,30,18,0,18,48
04/29/2009,GYY,IN,AGL,CE,Federal Contract Tower,2,4,28,0,34,0,0,18,0,18,2,4,46,0,52,26,0,26,78
04/30/2009,GYY,IN,AGL,CE,Federal Contract Tower,4,0,20,0,24,0,0,2,2,4,4,0,22,2,28,0,16,16,44
05/01/2009,GYY,IN,AGL,CE,Federal Contract Tower,1,4,26,0,31,0,0,18,2,20,1,4,44,2,51,0,0,0,51
05/02/2009,GYY,IN,AGL,CE,Federal Contract Tower,2,1,12,0,15,0,0,41,0,41,2,1,53,0,56,62,0,62,118
05/03/2009,GYY,IN,AGL,CE,Federal Contract Tower,0,0,23,0,23,0,2,36,0,38,0,2,59,0,61,62,0,62,123
05/04/2009,GYY,IN,AGL,CE,Federal Contract Tower,0,7,21,0,28,0,0,44,0,44,0,7,65,0,72,38,0,38,110
05/05/2009,GYY,IN,AGL,CE,Federal Contract Tower,0,1,34,0,35,0,4,20,4,28,0,5,54,4,63,4,0,4,67
05/06/2009,GYY,IN,AGL,CE,Federal Contract Tower,2,4,25,0,31,0,2,25,2,29,2,6,50,2,60,18,0,18,78
05/07/2009,GYY,IN,AGL,CE,Federal Contract Tower,2,2,24,0,28,2,2,10,0,14,4,4,34,0,42,12,0,12,54
05/08/2009,GYY,IN,AGL,CE,Federal Contract Tower,0,0,25,2,27,0,0,39,8,47,0,0,64,10,74,4,10,14,88
05/09/2009,GYY,IN,AGL,CE,Federal Contract Tower,0,0,7,0,7,0,0,15,2,17,0,0,22,2,24,48,8,56,80
05/10/2009,GYY,IN,AGL,CE,Federal Contract Tower,0,0,16,0,16,0,0,28,0,28,0,0,44,0,44,36,0,36,80
05/11/2009,GYY,IN,AGL,CE,Federal Contract Tower,3,4,29,1,37,0,0,33,2,35,3,4,62,3,72,42,4,46,118
05/12/2009,GYY,IN,AGL,CE,Federal Contract Tower,0,0,25,0,25,0,0,35,10,45,0,0,60,10,70,20,4,24,94
05/13/2009,GYY,IN,AGL,CE,Federal Contract Tower,1,1,23,0,25,0,0,3,1,4,1,1,26,1,29,0,0,0,29
05/14/2009,GYY,IN,AGL,CE,Federal Contract Tower,1,1,35,4,41,0,0,28,3,31,1,1,63,7,72,22,0,22,94
05/15/2009,GYY,IN,AGL,CE,Federal Contract Tower,0,0,16,0,16,0,0,16,0,16,0,0,32,0,32,24,0,24,56
05/16/2009,GYY,IN,AGL,CE,Federal Contract Tower,0,0,13,2,15,0,0,32,4,36,0,0,45,6,51,8,0,8,59
05/17/2009,GYY,IN,AGL,CE,Federal Contract Tower,1,1,31,0,33,0,0,39,0,39,1,1,70,0,72,44,0,44,116
05/18/2009,GYY,IN,AGL,CE,Federal Contract Tower,0,1,27,4,32,0,0,39,0,39,0,1,66,4,71,40,0,40,111
05/19/2009,GYY,IN,AGL,CE,Federal Contract Tower,0,2,16,0,18,0,0,49,3,52,0,2,65,3,70,38,0,38,108
05/20/2009,GYY,IN,AGL,CE,Federal Contract Tower,0,2,25,0,27,0,0,34,3,37,0,2,59,3,64,52,38,90,154
05/21/2009,GYY,IN,AGL,CE,Federal Contract Tower,0,0,25,1,26,0,0,28,2,30,0,0,53,3,56,28,10,38,94
05/22/2009,GYY,IN,AGL,CE,Federal Contract Tower,1,5,28,0,34,0,0,36,0,36,1,5,64,0,70,22,0,22,92
05/23/2009,GYY,IN,AGL,CE,Federal Contract Tower,0,0,18,0,18,0,0,49,0,49,0,0,67,0,67,94,0,94,161
05/24/2009,GYY,IN,AGL,CE,Federal Contract Tower,1,1,11,0,13,0,0,33,0,33,1,1,44,0,46,52,0,52,98
05/25/2009,GYY,IN,AGL,CE,Federal Contract Tower,0,3,20,0,23,0,0,29,0,29,0,3,49,0,52,30,0,30,82
05/26/2009,GYY,IN,AGL,CE,Federal Contract Tower,0,2,17,0,19,0,0,23,0,23,0,2,40,0,42,44,0,44,86
05/27/2009,GYY,IN,AGL,CE,Federal Contract Tower,1,0,27,0,28,0,0,13,0,13,1,0,40,0,41,34,0,34,75
05/28/2009,GYY,IN,AGL,CE,Federal Contract Tower,0,3,21,0,24,0,0,28,3,31,0,3,49,3,55,78,22,100,155
05/29/2009,GYY,IN,AGL,CE,Federal Contract Tower,2,2,30,0,34,0,0,34,0,34,2,2,64,0,68,60,0,60,128
05/30/2009,GYY,IN,AGL,CE,Federal Contract Tower,0,2,14,0,16,0,0,50,0,50,0,2,64,0,66,44,0,44,110
05/31/2009,GYY,IN,AGL,CE,Federal Contract Tower,1,0,22,0,23,0,0,46,0,46,1,0,68,0,69,76,0,76,145
06/01/2009,GYY,IN,AGL,CE,Federal Contract Tower,0,0,23,0,23,0,0,24,2,26,0,0,47,2,49,24,8,32,81
06/02/2009,GYY,IN,AGL,CE,Federal Contract Tower,0,5,17,0,22,0,0,7,2,9,0,5,24,2,31,12,8,20,51
06/03/2009,GYY,IN,AGL,CE,Federal Contract Tower,1,4,15,0,20,0,4,26,2,32,1,8,41,2,52,40,12,52,104
06/04/2009,GYY,IN,AGL,CE,Federal Contract Tower,0,3,17,0,20,0,0,40,5,45,0,3,57,5,65,28,52,80,145
06/05/2009,GYY,IN,AGL,CE,Federal Contract Tower,1,2,13,2,18,0,0,49,6,55,1,2,62,8,73,166,40,206,279
06/06/2009,GYY,IN,AGL,CE,Federal Contract Tower,0,1,8,0,9,0,0,33,0,33,0,1,41,0,42,58,0,58,100
06/07/2009,GYY,IN,AGL,CE,Federal Contract Tower,0,1,17,0,18,0,0,22,0,22,0,1,39,0,40,52,0,52,92
06/08/2009,GYY,IN,AGL,CE,Federal Contract Tower,0,0,25,0,25,0,0,21,0,21,0,0,46,0,46,30,0,30,76
06/09/2009,GYY,IN,AGL,CE,Federal Contract Tower,0,0,33,0,33,0,0,17,0,17,0,0,50,0,50,28,0,28,78
06/10/2009,GYY,IN,AGL,CE,Federal Contract Tower,1,0,26,0,27,0,4,23,4,31,1,4,49,4,58,30,0,30,88
06/11/2009,GYY,IN,AGL,CE,Federal Contract Tower,0,10,20,0,30,0,0,3,0,3,0,10,23,0,33,18,0,18,51
06/12/2009,GYY,IN,AGL,CE,Federal Contract Tower,2,1,26,0,29,0,0,40,0,40,2,1,66,0,69,20,0,20,89
06/13/2009,GYY,IN,AGL,CE,Federal Contract Tower,0,2,20,0,22,0,2,36,0,38,0,4,56,0,60,94,0,94,154
06/14/2009,GYY,IN,AGL,CE,Federal Contract Tower,0,0,15,0,15,0,0,36,0,36,0,0,51,0,51,91,0,91,142
06/15/2009,GYY,IN,AGL,CE,Federal Contract Tower,0,1,25,1,27,0,0,39,1,40,0,1,64,2,67,18,0,18,85
06/16/2009,GYY,IN,AGL,CE,Federal Contract Tower,2,3,25,0,30,0,4,17,2,23,2,7,42,2,53,36,84,120,173
06/17/2009,GYY,IN,AGL,CE,Federal Contract Tower,0,4,26,0,30,0,0,5,2,7,0,4,31,2,37,14,32,46,83
06/18/2009,GYY,IN,AGL,CE,Federal Contract Tower,1,3,29,0,33,0,0,30,0,30,1,3,59,0,63,104,0,104,167
06/19/2009,GYY,IN,AGL,CE,Federal Contract Tower,2,0,24,0,26,0,0,20,0,20,2,0,44,0,46,8,0,8,54
06/20/2009,GYY,IN,AGL,CE,Federal Contract Tower,0,0,15,0,15,0,4,46,16,66,0,4,61,16,81,26,0,26,107
06/21/2009,GYY,IN,AGL,CE,Federal Contract Tower,3,0,18,0,21,0,0,35,1,36,3,0,53,1,57,58,0,58,115
06/22/2009,GYY,IN,AGL,CE,Federal Contract Tower,2,6,28,0,36,0,0,43,3,46,2,6,71,3,82,26,4,30,112
06/23/2009,GYY,IN,AGL,CE,Federal Contract Tower,1,2,32,1,36,0,0,37,2,39,1,2,69,3,75,32,2,34,109
06/24/2009,GYY,IN,AGL,CE,Federal Contract Tower,0,2,32,1,35,0,0,29,4,33,0,2,61,5,68,36,40,76,144
06/25/2009,GYY,IN,AGL,CE,Federal Contract Tower,4,1,24,0,29,0,2,41,3,46,4,3,65,3,75,28,36,64,139
06/26/2009,GYY,IN,AGL,CE,Federal Contract Tower,2,3,33,0,38,0,0,33,0,33,2,3,66,0,71,56,0,56,127
06/27/2009,GYY,IN,AGL,CE,Federal Contract Tower,0,1,17,0,18,0,0,42,0,42,0,1,59,0,60,16,0,16,76
06/28/2009,GYY,IN,AGL,CE,Federal Contract Tower,0,0,15,0,15,0,0,27,0,27,0,0,42,0,42,38,0,38,80
06/29/2009,GYY,IN,AGL,CE,Federal Contract Tower,0,3,31,0,34,0,0,42,2,44,0,3,73,2,78,78,0,78,156
06/30/2009,GYY,IN,AGL,CE,Federal Contract Tower,1,2,21,0,24,0,0,39,0,39,1,2,60,0,63,106,0,106,169
07/01/2009,GYY,IN,AGL,CE,Federal Contract Tower,1,0,36,4,41,0,0,16,1,17,1,0,52,5,58,34,0,34,92
07/02/2009,GYY,IN,AGL,CE,Federal Contract Tower,0,3,35,0,38,0,2,62,1,65,0,5,97,1,103,34,0,34,137
07/03/2009,GYY,IN,AGL,CE,Federal Contract Tower,0,0,27,0,27,0,0,39,2,41,0,0,66,2,68,26,0,26,94
07/04/2009,GYY,IN,AGL,CE,Federal Contract Tower,1,0,6,0,7,0,0,13,0,13,1,0,19,0,20,10,0,10,30
07/05/2009,GYY,IN,AGL,CE,Federal Contract Tower,0,0,14,0,14,0,0,23,0,23,0,0,37,0,37,18,0,18,55
07/06/2009,GYY,IN,AGL,CE,Federal Contract Tower,0,1,29,0,30,0,0,42,0,42,0,1,71,0,72,70,0,70,142
07/07/2009,GYY,IN,AGL,CE,Federal Contract Tower,1,2,17,0,20,0,2,24,0,26,1,4,41,0,46,20,0,20,66
07/08/2009,GYY,IN,AGL,CE,Federal Contract Tower,2,2,23,0,27,0,1,26,0,27,2,3,49,0,54,34,0,34,88
07/09/2009,GYY,IN,AGL,CE,Federal Contract Tower,2,0,35,2,39,0,2,83,10,95,2,2,118,12,134,98,18,116,250
07/10/2009,GYY,IN,AGL,CE,Federal Contract Tower,0,2,15,1,18,0,0,61,2,63,0,2,76,3,81,116,36,152,233
07/11/2009,GYY,IN,AGL,CE,Federal Contract Tower,1,2,7,0,10,0,0,84,17,101,1,2,91,17,111,220,50,270,381
07/12/2009,GYY,IN,AGL,CE,Federal Contract Tower,0,0,6,0,6,0,4,106,31,141,0,4,112,31,147,170,30,200,347
07/13/2009,GYY,IN,AGL,CE,Federal Contract Tower,3,1,22,5,31,0,0,58,3,61,3,1,80,8,92,52,0,52,144
07/14/2009,GYY,IN,AGL,CE,Federal Contract Tower,0,3,26,0,29,0,0,34,11,45,0,3,60,11,74,64,10,74,148
07/15/2009,GYY,IN,AGL,CE,Federal Contract Tower,0,3,15,1,19,0,0,24,20,44,0,3,39,21,63,16,8,24,87
07/16/2009,GYY,IN,AGL,CE,Federal Contract Tower,0,3,24,0,27,0,0,38,7,45,0,3,62,7,72,40,28,68,140
07/17/2009,GYY,IN,AGL,CE,Federal Contract Tower,0,1,29,0,30,0,2,36,8,46,0,3,65,8,76,28,6,34,110
07/18/2009,GYY,IN,AGL,CE,Federal Contract Tower,1,2,16,0,19,0,0,29,0,29,1,2,45,0,48,34,0,34,82
07/19/2009,GYY,IN,AGL,CE,Federal Contract Tower,0,0,17,0,17,0,6,43,0,49,0,6,60,0,66,96,0,96,162
07/20/2009,GYY,IN,AGL,CE,Federal Contract Tower,0,5,23,0,28,0,40,4,0,44,0,45,27,0,72,82,0,82,154
07/21/2009,GYY,IN,AGL,CE,Federal Contract Tower,0,0,29,0,29,0,0,45,14,59,0,0,74,14,88,46,36,82,170
07/22/2009,GYY,IN,AGL,CE,Federal Contract Tower,1,3,23,0,27,0,1,42,11,54,1,4,65,11,81,60,24,84,165
07/23/2009,GYY,IN,AGL,CE,Federal Contract Tower,2,2,33,0,37,0,0,25,11,36,2,2,58,11,73,56,44,100,173
07/24/2009,GYY,IN,AGL,CE,Federal Contract Tower,1,2,24,0,27,0,0,28,9,37,1,2,52,9,64,24,12,36,100
07/25/2009,GYY,IN,AGL,CE,Federal Contract Tower,0,2,16,0,18,0,0,31,1,32,0,2,47,1,50,0,14,14,64
07/26/2009,GYY,IN,AGL,CE,Federal Contract Tower,0,2,20,0,22,0,2,42,0,44,0,4,62,0,66,86,0,86,152
07/27/2009,GYY,IN,AGL,CE,Federal Contract Tower,0,2,26,0,28,0,0,54,1,55,0,2,80,1,83,104,0,104,187
07/28/2009,GYY,IN,AGL,CE,Federal Contract Tower,0,4,20,0,24,0,4,42,8,54,0,8,62,8,78,60,0,60,138
07/29/2009,GYY,IN,AGL,CE,Federal Contract Tower,1,6,32,1,40,0,0,45,8,53,1,6,77,9,93,28,8,36,129
07/30/2009,GYY,IN,AGL,CE,Federal Contract Tower,0,2,32,1,35,0,0,24,13,37,0,2,56,14,72,10,20,30,102
07/31/2009,GYY,IN,AGL,CE,Federal Contract Tower,3,3,25,0,31,0,2,42,2,46,3,5,67,2,77,32,0,32,109
08/01/2009,GYY,IN,AGL,CE,Federal Contract Tower,0,2,22,0,24,0,0,30,0,30,0,2,52,0,54,24,0,24,78
08/02/2009,GYY,IN,AGL,CE,Federal Contract Tower,0,4,21,0,25,0,0,41,0,41,0,4,62,0,66,96,0,96,162
08/03/2009,GYY,IN,AGL,CE,Federal Contract Tower,4,0,26,0,30,0,0,40,12,52,4,0,66,12,82,38,36,74,156
08/04/2009,GYY,IN,AGL,CE,Federal Contract Tower,1,3,28,0,32,0,0,37,6,43,1,3,65,6,75,32,14,46,121
08/05/2009,GYY,IN,AGL,CE,Federal Contract Tower,1,5,20,0,26,0,0,42,4,46,1,5,62,4,72,56,0,56,128
08/06/2009,GYY,IN,AGL,CE,Federal Contract Tower,4,4,33,0,41,0,0,50,5,55,4,4,83,5,96,58,0,58,154
08/07/2009,GYY,IN,AGL,CE,Federal Contract Tower,2,1,22,0,25,0,1,44,0,45,2,2,66,0,70,30,0,30,100
08/08/2009,GYY,IN,AGL,CE,Federal Contract Tower,2,6,17,0,25,0,0,19,0,19,2,6,36,0,44,8,0,8,52
08/09/2009,GYY,IN,AGL,CE,Federal Contract Tower,0,1,15,1,17,0,0,27,0,27,0,1,42,1,44,26,0,26,70
08/10/2009,GYY,IN,AGL,CE,Federal Contract Tower,1,1,17,16,35,0,2,36,16,54,1,3,53,32,89,136,16,152,241
08/11/2009,GYY,IN,AGL,CE,Federal Contract Tower,3,0,22,5,30,0,0,26,3,29,3,0,48,8,59,30,6,36,95
08/12/2009,GYY,IN,AGL,CE,Federal Contract Tower,0,3,17,5,25,0,0,67,9,76,0,3,84,14,101,60,24,84,185
08/13/2009,GYY,IN,AGL,CE,Federal Contract Tower,2,6,43,12,63,0,0,157,29,186,2,6,200,41,249,236,46,282,531
08/14/2009,GYY,IN,AGL,CE,Federal Contract Tower,0,5,29,7,41,0,0,89,60,149,0,5,118,67,190,62,108,170,360
08/15/2009,GYY,IN,AGL,CE,Federal Contract Tower,1,0,10,2,13,0,0,97,89,186,1,0,107,91,199,104,166,270,469
08/16/2009,GYY,IN,AGL,CE,Federal Contract Tower,0,2,16,6,24,0,0,118,85,203,0,2,134,91,227,120,156,276,503
08/17/2009,GYY,IN,AGL,CE,Federal Contract Tower,0,5,27,27,59,0,0,54,3,57,0,5,81,30,116,126,0,126,242
08/18/2009,GYY,IN,AGL,CE,Federal Contract Tower,0,1,33,1,35,0,2,72,9,83,0,3,105,10,118,132,12,144,262
08/19/2009,GYY,IN,AGL,CE,Federal Contract Tower,1,1,27,0,29,0,0,55,4,59,1,1,82,4,88,120,0,120,208
08/20/2009,GYY,IN,AGL,CE,Federal Contract Tower,1,2,31,0,34,0,0,40,4,44,1,2,71,4,78,156,14,170,248
08/21/2009,GYY,IN,AGL,CE,Federal Contract Tower,0,0,31,2,33,0,0,24,13,37,0,0,55,15,70,2,18,20,90
08/22/2009,GYY,IN,AGL,CE,Federal Contract Tower,2,0,20,0,22,0,0,28,4,32,2,0,48,4,54,48,6,54,108
08/23/2009,GYY,IN,AGL,CE,Federal Contract Tower,2,2,26,2,32,0,0,32,2,34,2,2,58,4,66,60,6,66,132
08/24/2009,GYY,IN,AGL,CE,Federal Contract Tower,0,5,26,1,32,0,0,45,4,49,0,5,71,5,81,118,20,138,219
08/25/2009,GYY,IN,AGL,CE,Federal Contract Tower,5,1,21,0,27,0,2,25,4,31,5,3,46,4,58,22,0,22,80
08/26/2009,GYY,IN,AGL,CE,Federal Contract Tower,4,2,33,1,40,0,0,9,2,11,4,2,42,3,51,10,0,10,61
08/27/2009,GYY,IN,AGL,CE,Federal Contract Tower,0,2,34,2,38,0,0,0,0,0,0,2,34,2,38,0,0,0,38
08/28/2009,GYY,IN,AGL,CE,Federal Contract Tower,0,1,39,1,41,0,0,3,0,3,0,1,42,1,44,0,0,0,44
08/29/2009,GYY,IN,AGL,CE,Federal Contract Tower,0,3,9,0,12,0,0,27,0,27,0,3,36,0,39,68,0,68,107
08/30/2009,GYY,IN,AGL,CE,Federal Contract Tower,0,1,22,1,24,0,0,32,2,34,0,1,54,3,58,42,2,44,102
08/31/2009,GYY,IN,AGL,CE,Federal Contract Tower,2,1,18,0,21,0,1,37,14,52,2,2,55,14,73,26,94,120,193
09/01/2009,GYY,IN,AGL,CE,Federal Contract Tower,1,0,23,0,24,0,0,51,4,55,1,0,74,4,79,106,0,106,185
09/02/2009,GYY,IN,AGL,CE,Federal Contract Tower,0,6,14,0,20,0,0,27,7,34,0,6,41,7,54,54,44,98,152
09/03/2009,GYY,IN,AGL,CE,Federal Contract Tower,4,2,33,0,39,0,0,37,4,41,4,2,70,4,80,58,20,78,158
09/04/2009,GYY,IN,AGL,CE,Federal Contract Tower,3,2,25,0,30,0,0,43,0,43,3,2,68,0,73,56,0,56,129
09/05/2009,GYY,IN,AGL,CE,Federal Contract Tower,0,1,23,0,24,0,58,0,0,58,0,59,23,0,82,40,0,40,122
09/06/2009,GYY,IN,AGL,CE,Federal Contract Tower,0,4,9,0,13,0,1,34,0,35,0,5,43,0,48,70,0,70,118
09/07/2009,GYY,IN,AGL,CE,Federal Contract Tower,1,2,28,0,31,0,0,42,0,42,1,2,70,0,73,32,0,32,105
09/08/2009,GYY,IN,AGL,CE,Federal Contract Tower,0,2,32,0,34,0,0,31,11,42,0,2,63,11,76,78,4,82,158
09/09/2009,GYY,IN,AGL,CE,Federal Contract Tower,0,3,24,0,27,0,0,25,8,33,0,3,49,8,60,26,30,56,116
09/10/2009,GYY,IN,AGL,CE,Federal Contract Tower,3,1,30,2,36,0,0,35,8,43,3,1,65,10,79,24,44,68,147
09/11/2009,GYY,IN,AGL,CE,Federal Contract Tower,4,2,23,0,29,0,0,32,2,34,4,2,55,2,63,56,0,56,119
09/12/2009,GYY,IN,AGL,CE,Federal Contract Tower,0,3,16,0,19,0,0,51,0,51,0,3,67,0,70,106,0,106,176
09/13/2009,GYY,IN,AGL,CE,Federal Contract Tower,0,4,28,0,32,0,1,28,0,29,0,5,56,0,61,20,0,20,81
09/14/2009,GYY,IN,AGL,CE,Federal Contract Tower,4,1,24,2,31,0,0,24,15,39,4,1,48,17,70,28,20,48,118
09/15/2009,GYY,IN,AGL,CE,Federal Contract Tower,1,7,35,1,44,0,0,30,4,34,1,7,65,5,78,48,44,92,170
09/16/2009,GYY,IN,AGL,CE,Federal Contract Tower,4,7,24,1,36,0,0,36,6,42,4,7,60,7,78,36,12,48,126
09/17/2009,GYY,IN,AGL,CE,Federal Contract Tower,0,10,29,0,39,0,1,24,11,36,0,11,53,11,75,16,30,46,121
09/18/2009,GYY,IN,AGL,CE,Federal Contract Tower,1,2,29,0,32,0,0,29,0,29,1,2,58,0,61,30,0,30,91
09/19/2009,GYY,IN,AGL,CE,Federal Contract Tower,1,2,11,3,17,0,0,31,12,43,1,2,42,15,60,18,70,88,148
09/20/2009,GYY,IN,AGL,CE,Federal Contract Tower,0,5,21,0,26,0,2,21,6,29,0,7,42,6,55,40,0,40,95
09/21/2009,GYY,IN,AGL,CE,Federal Contract Tower,2,0,28,3,33,0,2,6,2,10,2,2,34,5,43,10,0,10,53
09/22/2009,GYY,IN,AGL,CE,Federal Contract Tower,0,7,33,0,40,0,0,9,0,9,0,7,42,0,49,0,0,0,49
09/23/2009,GYY,IN,AGL,CE,Federal Contract Tower,2,2,32,1,37,0,0,23,7,30,2,2,55,8,67,28,0,28,95
09/24/2009,GYY,IN,AGL,CE,Federal Contract Tower,1,2,25,0,28,0,2,3,2,7,1,4,28,2,35,4,0,4,39
09/25/2009,GYY,IN,AGL,CE,Federal Contract Tower,1,3,34,0,38,0,0,8,4,12,1,3,42,4,50,4,0,4,54
09/26/2009,GYY,IN,AGL,CE,Federal Contract Tower,0,0,26,0,26,0,0,23,0,23,0,0,49,0,49,18,0,18,67
09/27/2009,GYY,IN,AGL,CE,Federal Contract Tower,2,0,25,0,27,0,0,26,0,26,2,0,51,0,53,0,0,0,53
09/28/2009,GYY,IN,AGL,CE,Federal Contract Tower,1,0,27,0,28,0,0,3,0,3,1,0,30,0,31,0,0,0,31
09/29/2009,GYY,IN,AGL,CE,Federal Contract Tower,2,0,19,0,21,0,0,18,9,27,2,0,37,9,48,26,0,26,74
09/30/2009,GYY,IN,AGL,CE,Federal Contract Tower,0,7,38,0,45,0,1,62,6,69,0,8,100,6,114,102,0,102,216
10/01/2009,GYY,IN,AGL,CE,Federal Contract Tower,3,4,23,0,30,0,0,11,2,13,3,4,34,2,43,0,0,0,43
10/02/2009,GYY,IN,AGL,CE,Federal Contract Tower,1,3,32,0,36,0,0,15,0,15,1,3,47,0,51,6,0,6,57
10/03/2009,GYY,IN,AGL,CE,Federal Contract Tower,2,2,11,0,15,0,0,8,0,8,2,2,19,0,23,10,0,10,33
10/04/2009,GYY,IN,AGL,CE,Federal Contract Tower,1,2,15,0,18,0,2,30,0,32,1,4,45,0,50,34,0,34,84
10/05/2009,GYY,IN,AGL,CE,Federal Contract Tower,3,4,34,0,41,0,0,27,3,30,3,4,61,3,71,20,0,20,91
10/06/2009,GYY,IN,AGL,CE,Federal Contract Tower,1,0,17,2,20,0,0,19,1,20,1,0,36,3,40,92,0,92,132
10/07/2009,GYY,IN,AGL,CE,Federal Contract Tower,2,3,37,0,42,0,0,38,2,40,2,3,75,2,82,104,0,104,186
10/08/2009,GYY,IN,AGL,CE,Federal Contract Tower,6,6,31,0,43,0,0,16,1,17,6,6,47,1,60,38,0,38,98
10/09/2009,GYY,IN,AGL,CE,Federal Contract Tower,2,3,19,0,24,0,0,0,0,0,2,3,19,0,24,0,0,0,24
10/10/2009,GYY,IN,AGL,CE,Federal Contract Tower,2,2,12,0,16,0,0,60,0,60,2,2,72,0,76,90,0,90,166
10/11/2009,GYY,IN,AGL,CE,Federal Contract Tower,1,7,17,0,25,0,0,37,0,37,1,7,54,0,62,70,0,70,132
10/12/2009,GYY,IN,AGL,CE,Federal Contract Tower,3,7,30,0,40,0,0,23,0,23,3,7,53,0,63,0,0,0,63
10/13/2009,GYY,IN,AGL,CE,Federal Contract Tower,2,1,24,0,27,0,0,29,2,31,2,1,53,2,58,50,6,56,114
10/14/2009,GYY,IN,AGL,CE,Federal Contract Tower,4,1,24,0,29,0,0,21,0,21,4,1,45,0,50,42,0,42,92
10/15/2009,GYY,IN,AGL,CE,Federal Contract Tower,5,3,18,1,27,0,0,5,4,9,5,3,23,5,36,8,42,50,86
10/16/2009,GYY,IN,AGL,CE,Federal Contract Tower,1,3,37,0,41,0,0,14,5,19,1,3,51,5,60,0,12,12,72
10/17/2009,GYY,IN,AGL,CE,Federal Contract Tower,1,0,13,0,14,0,0,25,5,30,1,0,38,5,44,64,0,64,108
10/18/2009,GYY,IN,AGL,CE,Federal Contract Tower,2,2,17,0,21,0,2,38,0,40,2,4,55,0,61,32,0,32,93
10/19/2009,GYY,IN,AGL,CE,Federal Contract Tower,0,0,20,0,20,0,2,29,4,35,0,2,49,4,55,58,22,80,135
10/20/2009,GYY,IN,AGL,CE,Federal Contract Tower,3,2,30,0,35,0,4,31,4,39,3,6,61,4,74,104,0,104,178
10/21/2009,GYY,IN,AGL,CE,Federal Contract Tower,0,6,20,0,26,0,2,26,5,33,0,8,46,5,59,70,10,80,139
10/22/2009,GYY,IN,AGL,CE,Federal Contract Tower,2,5,40,0,47,0,2,7,0,9,2,7,47,0,56,34,0,34,90
10/23/2009,GYY,IN,AGL,CE,Federal Contract Tower,2,0,29,0,31,0,0,0,0,0,2,0,29,0,31,0,0,0,31
10/24/2009,GYY,IN,AGL,CE,Federal Contract Tower,0,1,14,0,15,0,0,4,0,4,0,1,18,0,19,0,0,0,19
10/25/2009,GYY,IN,AGL,CE,Federal Contract Tower,1,1,23,0,25,0,2,12,0,14,1,3,35,0,39,0,0,0,39
10/26/2009,GYY,IN,AGL,CE,Federal Contract Tower,2,7,24,0,33,0,0,15,4,19,2,7,39,4,52,4,0,4,56
10/27/2009,GYY,IN,AGL,CE,Federal Contract Tower,0,3,40,2,45,0,0,20,7,27,0,3,60,9,72,70,50,120,192
10/28/2009,GYY,IN,AGL,CE,Federal Contract Tower,0,9,29,0,38,0,0,11,0,11,0,9,40,0,49,40,0,40,89
10/29/2009,GYY,IN,AGL,CE,Federal Contract Tower,2,2,42,0,46,0,0,30,6,36,2,2,72,6,82,100,32,132,214
10/30/2009,GYY,IN,AGL,CE,Federal Contract Tower,0,4,23,0,27,0,0,4,0,4,0,4,27,0,31,60,0,60,91
10/31/2009,GYY,IN,AGL,CE,Federal Contract Tower,0,1,15,0,16,0,0,19,0,19,0,1,34,0,35,60,0,60,95
11/01/2009,GYY,IN,AGL,CE,Federal Contract Tower,0,0,18,0,18,0,0,26,0,26,0,0,44,0,44,38,0,38,82
11/02/2009,GYY,IN,AGL,CE,Federal Contract Tower,1,0,20,0,21,0,0,8,2,10,1,0,28,2,31,12,0,12,43
11/03/2009,GYY,IN,AGL,CE,Federal Contract Tower,0,0,23,4,27,0,2,32,5,39,0,2,55,9,66,100,6,106,172
11/04/2009,GYY,IN,AGL,CE,Federal Contract Tower,2,3,20,4,29,0,2,26,2,30,2,5,46,6,59,94,0,94,153
11/05/2009,GYY,IN,AGL,CE,Federal Contract Tower,0,4,26,0,30,0,0,17,2,19,0,4,43,2,49,48,0,48,97
11/06/2009,GYY,IN,AGL,CE,Federal Contract Tower,0,0,19,0,19,0,0,27,1,28,0,0,46,1,47,58,0,58,105
11/07/2009,GYY,IN,AGL,CE,Federal Contract Tower,3,4,16,1,24,0,0,39,0,39,3,4,55,1,63,112,0,112,175
11/08/2009,GYY,IN,AGL,CE,Federal Contract Tower,1,2,14,2,19,0,0,29,1,30,1,2,43,3,49,2,0,2,51
11/09/2009,GYY,IN,AGL,CE,Federal Contract Tower,2,2,22,0,26,0,0,25,0,25,2,2,47,0,51,20,0,20,71
11/10/2009,GYY,IN,AGL,CE,Federal Contract Tower,0,2,23,0,25,0,6,22,1,29,0,8,45,1,54,40,0,40,94
11/11/2009,GYY,IN,AGL,CE,Federal Contract Tower,1,1,29,0,31,0,0,31,0,31,1,1,60,0,62,86,0,86,148
11/12/2009,GYY,IN,AGL,CE,Federal Contract Tower,2,3,30,0,35,0,0,34,1,35,2,3,64,1,70,128,0,128,198
11/13/2009,GYY,IN,AGL,CE,Federal Contract Tower,1,4,18,0,23,0,0,25,0,25,1,4,43,0,48,26,0,26,74
11/14/2009,GYY,IN,AGL,CE,Federal Contract Tower,0,1,18,0,19,0,0,97,0,97,0,1,115,0,116,104,0,104,220
11/15/2009,GYY,IN,AGL,CE,Federal Contract Tower,0,2,16,0,18,0,0,25,0,25,0,2,41,0,43,54,0,54,97
11/16/2009,GYY,IN,AGL,CE,Federal Contract Tower,1,2,22,0,25,0,2,14,3,19,1,4,36,3,44,2,0,2,46
11/17/2009,GYY,IN,AGL,CE,Federal Contract Tower,2,2,30,0,34,0,0,19,1,20,2,2,49,1,54,34,0,34,88
11/18/2009,GYY,IN,AGL,CE,Federal Contract Tower,1,4,28,0,33,0,0,13,0,13,1,4,41,0,46,6,0,6,52
11/19/2009,GYY,IN,AGL,CE,Federal Contract Tower,0,4,20,0,24,0,0,5,0,5,0,4,25,0,29,0,0,0,29
11/20/2009,GYY,IN,AGL,CE,Federal Contract Tower,3,4,39,1,47,0,0,26,3,29,3,4,65,4,76,20,0,20,96
11/21/2009,GYY,IN,AGL,CE,Federal Contract Tower,0,2,23,0,25,0,2,33,2,37,0,4,56,2,62,26,0,26,88
11/22/2009,GYY,IN,AGL,CE,Federal Contract Tower,1,3,16,1,21,0,2,27,0,29,1,5,43,1,50,44,0,44,94
11/23/2009,GYY,IN,AGL,CE,Federal Contract Tower,0,1,26,2,29,0,0,5,0,5,0,1,31,2,34,0,0,0,34
11/24/2009,GYY,IN,AGL,CE,Federal Contract Tower,3,2,20,0,25,0,0,0,0,0,3,2,20,0,25,0,0,0,25
11/25/2009,GYY,IN,AGL,CE,Federal Contract Tower,1,2,29,0,32,0,2,5,0,7,1,4,34,0,39,12,0,12,51
11/26/2009,GYY,IN,AGL,CE,Federal Contract Tower,0,4,7,0,11,0,0,2,0,2,0,4,9,0,13,6,0,6,19
11/27/2009,GYY,IN,AGL,CE,Federal Contract Tower,0,4,16,0,20,0,0,22,0,22,0,4,38,0,42,68,0,68,110
11/28/2009,GYY,IN,AGL,CE,Federal Contract Tower,2,2,12,0,16,0,2,22,0,24,2,4,34,0,40,18,0,18,58
11/29/2009,GYY,IN,AGL,CE,Federal Contract Tower,1,2,25,0,28,0,0,6,0,6,1,2,31,0,34,10,0,10,44
11/30/2009,GYY,IN,AGL,CE,Federal Contract Tower,1,6,29,2,38,0,0,21,0,21,1,6,50,2,59,2,0,2,61
12/01/2009,GYY,IN,AGL,CE,Federal Contract Tower,4,8,31,0,43,0,1,21,1,23,4,9,52,1,66,128,0,128,194
12/02/2009,GYY,IN,AGL,CE,Federal Contract Tower,0,3,26,0,29,0,0,21,2,23,0,3,47,2,52,0,0,0,52
12/03/2009,GYY,IN,AGL,CE,Federal Contract Tower,2,10,18,1,31,0,0,13,0,13,2,10,31,1,44,0,0,0,44
12/04/2009,GYY,IN,AGL,CE,Federal Contract Tower,1,1,27,0,29,0,2,13,1,16,1,3,40,1,45,10,0,10,55
12/05/2009,GYY,IN,AGL,CE,Federal Contract Tower,0,1,17,0,18,0,0,32,0,32,0,1,49,0,50,50,0,50,100
12/06/2009,GYY,IN,AGL,CE,Federal Contract Tower,0,0,18,0,18,0,0,24,0,24,0,0,42,0,42,10,0,10,52
12/07/2009,GYY,IN,AGL,CE,Federal Contract Tower,1,0,26,0,27,0,0,8,0,8,1,0,34,0,35,0,0,0,35
12/08/2009,GYY,IN,AGL,CE,Federal Contract Tower,0,3,19,0,22,0,0,12,0,12,0,3,31,0,34,26,0,26,60
12/09/2009,GYY,IN,AGL,CE,Federal Contract Tower,2,2,9,0,13,0,0,0,0,0,2,2,9,0,13,0,0,0,13
12/10/2009,GYY,IN,AGL,CE,Federal Contract Tower,0,4,20,0,24,0,0,10,0,10,0,4,30,0,34,8,0,8,42
12/11/2009,GYY,IN,AGL,CE,Federal Contract Tower,1,0,23,0,24,0,0,26,0,26,1,0,49,0,50,20,0,20,70
12/12/2009,GYY,IN,AGL,CE,Federal Contract Tower,2,0,20,0,22,0,0,82,0,82,2,0,102,0,104,60,24,84,188
12/13/2009,GYY,IN,AGL,CE,Federal Contract Tower,3,0,19,0,22,0,1,1,2,4,3,1,20,2,26,0,12,12,38
12/14/2009,GYY,IN,AGL,CE,Federal Contract Tower,3,4,31,0,38,0,0,0,0,0,3,4,31,0,38,0,0,0,38
12/15/2009,GYY,IN,AGL,CE,Federal Contract Tower,0,2,28,0,30,0,0,13,4,17,0,2,41,4,47,12,36,48,95
12/16/2009,GYY,IN,AGL,CE,Federal Contract Tower,4,5,23,0,32,0,2,47,1,50,4,7,70,1,82,84,0,84,166
12/17/2009,GYY,IN,AGL,CE,Federal Contract Tower,1,5,27,0,33,0,0,48,0,48,1,5,75,0,81,44,0,44,125
12/18/2009,GYY,IN,AGL,CE,Federal Contract Tower,3,4,28,1,36,0,0,19,2,21,3,4,47,3,57,26,12,38,95
12/19/2009,GYY,IN,AGL,CE,Federal Contract Tower,3,0,8,0,11,0,0,0,0,0,3,0,8,0,11,0,0,0,11
12/20/2009,GYY,IN,AGL,CE,Federal Contract Tower,0,1,6,1,8,0,0,3,0,3,0,1,9,1,11,22,2,24,35
12/21/2009,GYY,IN,AGL,CE,Federal Contract Tower,4,9,9,0,22,0,0,3,4,7,4,9,12,4,29,0,40,40,69
12/22/2009,GYY,IN,AGL,CE,Federal Contract Tower,2,4,18,0,24,0,0,0,0,0,2,4,18,0,24,0,0,0,24
12/23/2009,GYY,IN,AGL,CE,Federal Contract Tower,3,2,12,0,17,0,0,0,0,0,3,2,12,0,17,0,0,0,17
12/24/2009,GYY,IN,AGL,CE,Federal Contract Tower,1,2,8,0,11,0,0,0,0,0,1,2,8,0,11,0,0,0,11
12/25/2009,GYY,IN,AGL,CE,Federal Contract Tower,1,0,3,0,4,0,0,0,0,0,1,0,3,0,4,0,0,0,4
12/26/2009,GYY,IN,AGL,CE,Federal Contract Tower,0,1,11,0,12,0,0,0,0,0,0,1,11,0,12,0,0,0,12
12/27/2009,GYY,IN,AGL,CE,Federal Contract Tower,0,1,14,0,15,0,0,0,0,0,0,1,14,0,15,0,0,0,15
12/28/2009,GYY,IN,AGL,CE,Federal Contract Tower,0,2,8,0,10,0,2,11,0,13,0,4,19,0,23,18,0,18,41
12/29/2009,GYY,IN,AGL,CE,Federal Contract Tower,0,2,14,0,16,0,0,31,0,31,0,2,45,0,47,78,0,78,125
12/30/2009,GYY,IN,AGL,CE,Federal Contract Tower,0,2,20,0,22,0,0,12,0,12,0,2,32,0,34,28,0,28,62
12/31/2009,GYY,IN,AGL,CE,Federal Contract Tower,0,0,5,0,5,0,0,8,0,8,0,0,13,0,13,0,0,0,13
01/01/2010,GYY,IN,AGL,CE,Federal Contract Tower,0,0,3,0,3,0,0,3,0,3,0,0,6,0,6,0,0,0,6
01/02/2010,GYY,IN,AGL,CE,Federal Contract Tower,0,0,16,0,16,0,0,11,0,11,0,0,27,0,27,0,0,0,27
01/03/2010,GYY,IN,AGL,CE,Federal Contract Tower,0,2,11,0,13,0,0,2,0,2,0,2,13,0,15,18,0,18,33
01/04/2010,GYY,IN,AGL,CE,Federal Contract Tower,3,4,21,0,28,0,0,7,0,7,3,4,28,0,35,28,0,28,63
01/05/2010,GYY,IN,AGL,CE,Federal Contract Tower,3,0,10,0,13,0,0,17,8,25,3,0,27,8,38,10,34,44,82
01/06/2010,GYY,IN,AGL,CE,Federal Contract Tower,2,2,21,0,25,0,0,19,1,20,2,2,40,1,45,20,2,22,67
01/07/2010,GYY,IN,AGL,CE,Federal Contract Tower,1,3,12,0,16,0,0,0,0,0,1,3,12,0,16,0,0,0,16
01/08/2010,GYY,IN,AGL,CE,Federal Contract Tower,2,2,20,0,24,0,0,0,0,0,2,2,20,0,24,0,0,0,24
01/09/2010,GYY,IN,AGL,CE,Federal Contract Tower,0,0,12,0,12,0,0,5,10,15,0,0,17,10,27,18,98,116,143
01/10/2010,GYY,IN,AGL,CE,Federal Contract Tower,0,3,13,0,16,0,0,15,3,18,0,3,28,3,34,6,4,10,44
01/11/2010,GYY,IN,AGL,CE,Federal Contract Tower,0,3,21,0,24,0,0,7,0,7,0,3,28,0,31,2,0,2,33
01/12/2010,GYY,IN,AGL,CE,Federal Contract Tower,2,3,15,0,20,0,0,18,0,18,2,3,33,0,38,16,0,16,54
01/13/2010,GYY,IN,AGL,CE,Federal Contract Tower,4,6,21,0,31,0,0,20,2,22,4,6,41,2,53,34,0,34,87
01/14/2010,GYY,IN,AGL,CE,Federal Contract Tower,1,3,34,0,38,0,0,18,7,25,1,3,52,7,63,12,60,72,135
01/15/2010,GYY,IN,AGL,CE,Federal Contract Tower,0,0,26,0,26,0,0,0,0,0,0,0,26,0,26,0,0,0,26
01/16/2010,GYY,IN,AGL,CE,Federal Contract Tower,0,2,11,0,13,0,0,0,0,0,0,2,11,0,13,0,0,0,13
01/17/2010,GYY,IN,AGL,CE,Federal Contract Tower,1,2,7,0,10,0,0,4,0,4,1,2,11,0,14,28,0,28,42
01/18/2010,GYY,IN,AGL,CE,Federal Contract Tower,2,0,30,2,34,0,0,0,0,0,2,0,30,2,34,0,0,0,34
01/19/2010,GYY,IN,AGL,CE,Federal Contract Tower,2,0,22,0,24,0,0,17,0,17,2,0,39,0,41,32,0,32,73
01/20/2010,GYY,IN,AGL,CE,Federal Contract Tower,1,1,27,0,29,0,0,27,0,27,1,1,54,0,56,46,0,46,102
01/21/2010,GYY,IN,AGL,CE,Federal Contract Tower,2,0,16,0,18,0,0,2,0,2,2,0,18,0,20,0,0,0,20
01/22/2010,GYY,IN,AGL,CE,Federal Contract Tower,0,3,20,0,23,0,0,4,0,4,0,3,24,0,27,0,0,0,27
01/23/2010,GYY,IN,AGL,CE,Federal Contract Tower,1,3,16,0,20,0,0,0,0,0,1,3,16,0,20,0,0,0,20
01/24/2010,GYY,IN,AGL,CE,Federal Contract Tower,0,0,16,0,16,0,0,0,0,0,0,0,16,0,16,0,0,0,16
01/25/2010,GYY,IN,AGL,CE,Federal Contract Tower,0,1,16,0,17,0,2,2,0,4,0,3,18,0,21,0,0,0,21
01/26/2010,GYY,IN,AGL,CE,Federal Contract Tower,1,0,13,0,14,0,4,13,2,19,1,4,26,2,33,4,18,22,55
01/27/2010,GYY,IN,AGL,CE,Federal Contract Tower,1,4,21,0,26,0,0,12,2,14,1,4,33,2,40,0,20,20,60
01/28/2010,GYY,IN,AGL,CE,Federal Contract Tower,0,3,17,0,20,0,0,24,6,30,0,3,41,6,50,28,16,44,94
01/29/2010,GYY,IN,AGL,CE,Federal Contract Tower,0,2,27,0,29,0,0,32,5,37,0,2,59,5,66,16,10,26,92
01/30/2010,GYY,IN,AGL,CE,Federal Contract Tower,0,1,17,0,18,0,0,26,0,26,0,1,43,0,44,18,0,18,62
01/31/2010,GYY,IN,AGL,CE,Federal Contract Tower,3,1,10,0,14,0,0,8,0,8,3,1,18,0,22,10,0,10,32
02/01/2010,GYY,IN,AGL,CE,Federal Contract Tower,2,2,21,0,25,0,0,5,0,5,2,2,26,0,30,0,0,0,30
02/02/2010,GYY,IN,AGL,CE,Federal Contract Tower,4,2,17,0,23,0,0,12,0,12,4,2,29,0,35,56,0,56,91
02/03/2010,GYY,IN,AGL,CE,Federal Contract Tower,3,4,20,0,27,0,0,6,4,10,3,4,26,4,37,0,36,36,73
02/04/2010,GYY,IN,AGL,CE,Federal Contract Tower,1,2,26,2,31,0,0,21,2,23,1,2,47,4,54,72,0,72,126
02/05/2010,GYY,IN,AGL,CE,Federal Contract Tower,5,5,19,2,31,0,0,10,4,14,5,5,29,6,45,10,42,52,97
02/06/2010,GYY,IN,AGL,CE,Federal Contract Tower,0,0,8,0,8,0,0,13,3,16,0,0,21,3,24,54,58,112,136
02/07/2010,GYY,IN,AGL,CE,Federal Contract Tower,2,0,9,0,11,0,2,21,4,27,2,2,30,4,38,34,24,58,96
02/08/2010,GYY,IN,AGL,CE,Federal Contract Tower,3,4,17,0,24,0,0,3,1,4,3,4,20,1,28,0,6,6,34
02/09/2010,GYY,IN,AGL,CE,Federal Contract Tower,1,2,14,0,17,0,0,0,3,3,1,2,14,3,20,0,16,16,36
02/10/2010,GYY,IN,AGL,CE,Federal Contract Tower,0,1,18,0,19,0,0,7,1,8,0,1,25,1,27,0,5,5,32
02/11/2010,GYY,IN,AGL,CE,Federal Contract Tower,2,2,24,0,28,0,4,27,5,36,2,6,51,5,64,34,5,39,103
02/12/2010,GYY,IN,AGL,CE,Federal Contract Tower,0,5,24,0,29,0,0,33,0,33,0,5,57,0,62,42,0,42,104
02/13/2010,GYY,IN,AGL,CE,Federal Contract Tower,0,3,11,0,14,0,0,24,0,24,0,3,35,0,38,38,0,38,76
02/14/2010,GYY,IN,AGL,CE,Federal Contract Tower,0,0,15,0,15,0,0,19,0,19,0,0,34,0,34,34,0,34,68
02/15/2010,GYY,IN,AGL,CE,Federal Contract Tower,3,3,20,0,26,0,0,5,0,5,3,3,25,0,31,0,0,0,31
02/16/2010,GYY,IN,AGL,CE,Federal Contract Tower,3,5,21,0,29,0,0,9,2,11,3,5,30,2,40,0,0,0,40
02/17/2010,GYY,IN,AGL,CE,Federal Contract Tower,1,7,18,0,26,0,1,10,2,13,1,8,28,2,39,8,6,14,53
02/18/2010,GYY,IN,AGL,CE,Federal Contract Tower,0,4,16,0,20,0,0,28,8,36,0,4,44,8,56,114,26,140,196
02/19/2010,GYY,IN,AGL,CE,Federal Contract Tower,4,1,24,0,29,0,1,26,0,27,4,2,50,0,56,54,0,54,110
02/20/2010,GYY,IN,AGL,CE,Federal Contract Tower,2,1,12,0,15,0,0,7,0,7,2,1,19,0,22,0,0,0,22
02/21/2010,GYY,IN,AGL,CE,Federal Contract Tower,2,0,21,0,23,0,0,0,0,0,2,0,21,0,23,0,0,0,23
02/22/2010,GYY,IN,AGL,CE,Federal Contract Tower,1,4,21,0,26,0,0,0,0,0,1,4,21,0,26,0,8,8,34
02/23/2010,GYY,IN,AGL,CE,Federal Contract Tower,3,1,16,0,20,0,0,3,0,3,3,1,19,0,23,0,20,20,43
02/24/2010,GYY,IN,AGL,CE,Federal Contract Tower,2,2,18,0,22,0,0,2,2,4,2,2,20,2,26,0,24,24,50
02/25/2010,GYY,IN,AGL,CE,Federal Contract Tower,0,3,24,0,27,0,0,13,6,19,0,3,37,6,46,10,30,40,86
02/26/2010,GYY,IN,AGL,CE,Federal Contract Tower,1,1,24,0,26,0,0,33,4,37,1,1,57,4,63,74,42,116,179
02/27/2010,GYY,IN,AGL,CE,Federal Contract Tower,0,0,7,0,7,0,0,7,0,7,0,0,14,0,14,16,0,16,30
02/28/2010,GYY,IN,AGL,CE,Federal Contract Tower,1,2,19,0,22,0,0,10,0,10,1,2,29,0,32,22,0,22,54
03/01/2010,GYY,IN,AGL,CE,Federal Contract Tower,1,2,16,0,19,0,0,7,0,7,1,2,23,0,26,42,0,42,68
03/02/2010,GYY,IN,AGL,CE,Federal Contract Tower,0,0,16,0,16,0,0,18,3,21,0,0,34,3,37,60,36,96,133
03/03/2010,GYY,IN,AGL,CE,Federal Contract Tower,2,0,16,1,19,0,0,11,3,14,2,0,27,4,33,6,0,6,39
03/04/2010,GYY,IN,AGL,CE,Federal Contract Tower,1,1,29,0,31,0,1,41,2,44,1,2,70,2,75,58,0,58,133
03/05/2010,GYY,IN,AGL,CE,Federal Contract Tower,1,3,34,0,38,0,0,22,0,22,1,3,56,0,60,36,0,36,96
03/06/2010,GYY,IN,AGL,CE,Federal Contract Tower,2,0,11,0,13,0,2,40,0,42,2,2,51,0,55,72,0,72,127
03/07/2010,GYY,IN,AGL,CE,Federal Contract Tower,1,0,17,0,18,0,0,26,0,26,1,0,43,0,44,30,0,30,74
03/08/2010,GYY,IN,AGL,CE,Federal Contract Tower,3,3,19,0,25,0,0,10,4,14,3,3,29,4,39,0,0,0,39
03/09/2010,GYY,IN,AGL,CE,Federal Contract Tower,2,5,19,0,26,0,0,14,2,16,2,5,33,2,42,18,0,18,60
03/10/2010,GYY,IN,AGL,CE,Federal Contract Tower,2,2,24,1,29,0,0,3,5,8,2,2,27,6,37,4,18,22,59
03/11/2010,GYY,IN,AGL,CE,Federal Contract Tower,0,0,24,0,24,0,0,3,0,3,0,0,27,0,27,0,0,0,27
03/12/2010,GYY,IN,AGL,CE,Federal Contract Tower,1,3,25,0,29,0,0,12,0,12,1,3,37,0,41,30,0,30,71
03/13/2010,GYY,IN,AGL,CE,Federal Contract Tower,0,3,13,0,16,0,0,0,0,0,0,3,13,0,16,0,0,0,16
03/14/2010,GYY,IN,AGL,CE,Federal Contract Tower,2,1,15,0,18,0,0,10,0,10,2,1,25,0,28,6,0,6,34
03/15/2010,GYY,IN,AGL,CE,Federal Contract Tower,3,2,16,0,21,0,0,29,0,29,3,2,45,0,50,116,0,116,166
03/16/2010,GYY,IN,AGL,CE,Federal Contract Tower,3,0,24,0,27,0,2,28,4,34,3,2,52,4,61,72,12,84,145
03/17/2010,GYY,IN,AGL,CE,Federal Contract Tower,2,5,33,4,44,0,2,31,1,34,2,7,64,5,78,60,0,60,138
03/18/2010,GYY,IN,AGL,CE,Federal Contract Tower,2,3,21,0,26,0,1,25,7,33,2,4,46,7,59,48,28,76,135
03/19/2010,GYY,IN,AGL,CE,Federal Contract Tower,1,5,21,0,27,0,0,31,0,31,1,5,52,0,58,56,2,58,116
03/20/2010,GYY,IN,AGL,CE,Federal Contract Tower,1,0,5,0,6,0,0,0,0,0,1,0,5,0,6,0,0,0,6
03/21/2010,GYY,IN,AGL,CE,Federal Contract Tower,0,2,18,0,20,0,0,0,0,0,0,2,18,0,20,0,0,0,20
03/22/2010,GYY,IN,AGL,CE,Federal Contract Tower,1,2,27,0,30,0,2,19,0,21,1,4,46,0,51,12,0,12,63
03/23/2010,GYY,IN,AGL,CE,Federal Contract Tower,0,4,14,0,18,0,2,32,2,36,0,6,46,2,54,16,0,16,70
03/24/2010,GYY,IN,AGL,CE,Federal Contract Tower,2,2,31,9,44,0,0,36,1,37,2,2,67,10,81,46,0,46,127
03/25/2010,GYY,IN,AGL,CE,Federal Contract Tower,1,0,20,0,21,0,0,11,0,11,1,0,31,0,32,12,0,12,44
03/26/2010,GYY,IN,AGL,CE,Federal Contract Tower,0,3,19,0,22,0,0,27,2,29,0,3,46,2,51,40,0,40,91
03/27/2010,GYY,IN,AGL,CE,Federal Contract Tower,2,2,9,0,13,0,2,40,3,45,2,4,49,3,58,56,8,64,122
03/28/2010,GYY,IN,AGL,CE,Federal Contract Tower,0,0,18,0,18,0,0,9,0,9,0,0,27,0,27,8,0,8,35
03/29/2010,GYY,IN,AGL,CE,Federal Contract Tower,1,1,23,0,25,0,2,25,5,32,1,3,48,5,57,36,2,38,95
03/30/2010,GYY,IN,AGL,CE,Federal Contract Tower,0,0,25,0,25,0,0,30,10,40,0,0,55,10,65,82,8,90,155
03/31/2010,GYY,IN,AGL,CE,Federal Contract Tower,0,0,26,0,26,0,2,18,6,26,0,2,44,6,52,0,6,6,58
04/01/2010,GYY,IN,AGL,CE,Federal Contract Tower,0,2,27,0,29,0,0,21,7,28,0,2,48,7,57,0,18,18,75
04/02/2010,GYY,IN,AGL,CE,Federal Contract Tower,0,0,21,0,21,0,4,29,0,33,0,4,50,0,54,10,0,10,64
04/03/2010,GYY,IN,AGL,CE,Federal Contract Tower,0,0,10,0,10,0,0,2,0,2,0,0,12,0,12,0,0,0,12
04/04/2010,GYY,IN,AGL,CE,Federal Contract Tower,0,1,12,1,14,0,1,14,0,15,0,2,26,1,29,0,2,2,31
04/05/2010,GYY,IN,AGL,CE,Federal Contract Tower,1,2,24,1,28,0,2,22,8,32,1,4,46,9,60,26,46,72,132
04/06/2010,GYY,IN,AGL,CE,Federal Contract Tower,0,3,17,2,22,0,0,20,7,27,0,3,37,9,49,18,12,30,79
04/07/2010,GYY,IN,AGL,CE,Federal Contract Tower,2,2,22,0,26,0,0,7,3,10,2,2,29,3,36,0,16,16,52
04/08/2010,GYY,IN,AGL,CE,Federal Contract Tower,1,6,15,1,23,0,0,0,0,0,1,6,15,1,23,28,22,50,73
04/09/2010,GYY,IN,AGL,CE,Federal Contract Tower,0,3,21,0,24,0,1,31,2,34,0,4,52,2,58,8,0,8,66
04/10/2010,GYY,IN,AGL,CE,Federal Contract Tower,1,1,9,0,11,0,0,26,0,26,1,1,35,0,37,40,0,40,77
04/11/2010,GYY,IN,AGL,CE,Federal Contract Tower,1,2,17,0,20,0,0,23,0,23,1,2,40,0,43,22,0,22,65
04/12/2010,GYY,IN,AGL,CE,Federal Contract Tower,0,2,26,0,28,0,0,14,0,14,0,2,40,0,42,10,0,10,52
04/13/2010,GYY,IN,AGL,CE,Federal Contract Tower,1,8,19,0,28,0,0,33,10,43,1,8,52,10,71,60,6,66,137
04/14/2010,GYY,IN,AGL,CE,Federal Contract Tower,1,2,33,0,36,0,2,44,7,53,1,4,77,7,89,54,40,94,183
04/15/2010,GYY,IN,AGL,CE,Federal Contract Tower,0,2,32,0,34,0,0,16,2,18,0,2,48,2,52,40,0,40,92
04/16/2010,GYY,IN,AGL,CE,Federal Contract Tower,0,3,20,1,24,0,1,30,0,31,0,4,50,1,55,54,2,56,111
04/17/2010,GYY,IN,AGL,CE,Federal Contract Tower,1,1,10,0,12,0,0,25,11,36,1,1,35,11,48,20,36,56,104
04/18/2010,GYY,IN,AGL,CE,Federal Contract Tower,0,2,11,1,14,0,0,25,4,29,0,2,36,5,43,74,8,82,125
04/19/2010,GYY,IN,AGL,CE,Federal Contract Tower,0,0,23,0,23,0,0,20,10,30,0,0,43,10,53,40,8,48,101
04/20/2010,GYY,IN,AGL,CE,Federal Contract Tower,1,0,25,0,26,0,0,28,3,31,1,0,53,3,57,36,34,70,127
04/21/2010,GYY,IN,AGL,CE,Federal Contract Tower,3,4,19,3,29,0,0,17,4,21,3,4,36,7,50,28,32,60,110
04/22/2010,GYY,IN,AGL,CE,Federal Contract Tower,1,6,26,2,35,0,0,31,3,34,1,6,57,5,69,56,10,66,135
04/23/2010,GYY,IN,AGL,CE,Federal Contract Tower,0,3,22,0,25,0,0,29,0,29,0,3,51,0,54,20,0,20,74
04/24/2010,GYY,IN,AGL,CE,Federal Contract Tower,0,0,13,0,13,0,0,2,0,2,0,0,15,0,15,0,0,0,15
04/25/2010,GYY,IN,AGL,CE,Federal Contract Tower,4,3,23,0,30,0,0,0,0,0,4,3,23,0,30,0,0,0,30
04/26/2010,GYY,IN,AGL,CE,Federal Contract Tower,2,2,23,0,27,0,0,19,7,26,2,2,42,7,53,30,18,48,101
04/27/2010,GYY,IN,AGL,CE,Federal Contract Tower,2,3,27,0,32,0,0,29,0,29,2,3,56,0,61,42,12,54,115
04/28/2010,GYY,IN,AGL,CE,Federal Contract Tower,0,1,24,0,25,0,0,34,4,38,0,1,58,4,63,140,0,140,203
04/29/2010,GYY,IN,AGL,CE,Federal Contract Tower,0,2,23,0,25,0,2,14,0,16,0,4,37,0,41,0,0,0,41
04/30/2010,GYY,IN,AGL,CE,Federal Contract Tower,0,0,24,0,24,0,0,15,0,15,0,0,39,0,39,30,0,30,69
05/01/2010,GYY,IN,AGL,CE,Federal Contract Tower,0,2,16,0,18,0,2,30,2,34,0,4,46,2,52,34,0,34,86
05/02/2010,GYY,IN,AGL,CE,Federal Contract Tower,0,0,31,0,31,0,0,20,0,20,0,0,51,0,51,36,0,36,87
05/03/2010,GYY,IN,AGL,CE,Federal Contract Tower,1,1,25,0,27,0,0,19,3,22,1,1,44,3,49,6,0,6,55
05/04/2010,GYY,IN,AGL,CE,Federal Contract Tower,0,6,30,0,36,0,0,50,1,51,0,6,80,1,87,46,0,46,133
05/05/2010,GYY,IN,AGL,CE,Federal Contract Tower,0,5,28,0,33,0,0,39,6,45,0,5,67,6,78,30,0,30,108
05/06/2010,GYY,IN,AGL,CE,Federal Contract Tower,2,14,24,0,40,0,0,39,1,40,2,14,63,1,80,14,0,14,94
05/07/2010,GYY,IN,AGL,CE,Federal Contract Tower,0,2,22,0,24,0,2,15,0,17,0,4,37,0,41,2,0,2,43
05/08/2010,GYY,IN,AGL,CE,Federal Contract Tower,0,1,9,0,10,0,0,15,0,15,0,1,24,0,25,0,0,0,25
05/09/2010,GYY,IN,AGL,CE,Federal Contract Tower,1,0,14,0,15,0,0,28,0,28,1,0,42,0,43,74,0,74,117
05/10/2010,GYY,IN,AGL,CE,Federal Contract Tower,4,6,27,0,37,0,0,27,4,31,4,6,54,4,68,12,0,12,80
05/11/2010,GYY,IN,AGL,CE,Federal Contract Tower,5,6,26,1,38,0,0,9,4,13,5,6,35,5,51,0,14,14,65
05/12/2010,GYY,IN,AGL,CE,Federal Contract Tower,4,1,23,0,28,0,0,0,0,0,4,1,23,0,28,0,0,0,28
05/13/2010,GYY,IN,AGL,CE,Federal Contract Tower,2,8,18,0,28,0,2,5,0,7,2,10,23,0,35,0,0,0,35
05/14/2010,GYY,IN,AGL,CE,Federal Contract Tower,0,0,26,0,26,0,0,26,4,30,0,0,52,4,56,8,2,10,66
05/15/2010,GYY,IN,AGL,CE,Federal Contract Tower,1,0,12,0,13,0,0,47,6,53,1,0,59,6,66,166,38,204,270
05/16/2010,GYY,IN,AGL,CE,Federal Contract Tower,1,0,23,0,24,0,0,39,4,43,1,0,62,4,67,120,14,134,201
05/17/2010,GYY,IN,AGL,CE,Federal Contract Tower,5,0,26,0,31,0,0,11,2,13,5,0,37,2,44,0,0,0,44
05/18/2010,GYY,IN,AGL,CE,Federal Contract Tower,0,0,20,0,20,0,0,17,3,20,0,0,37,3,40,4,6,10,50
05/19/2010,GYY,IN,AGL,CE,Federal Contract Tower,1,4,24,0,29,0,0,35,5,40,1,4,59,5,69,32,0,32,101
05/20/2010,GYY,IN,AGL,CE,Federal Contract Tower,0,0,22,0,22,0,2,47,5,54,0,2,69,5,76,58,0,58,134
05/21/2010,GYY,IN,AGL,CE,Federal Contract Tower,0,6,14,0,20,0,0,8,4,12,0,6,22,4,32,0,0,0,32
05/22/2010,GYY,IN,AGL,CE,Federal Contract Tower,0,2,14,0,16,0,0,0,0,0,0,2,14,0,16,0,0,0,16
05/23/2010,GYY,IN,AGL,CE,Federal Contract Tower,2,1,23,0,26,0,0,29,0,29,2,1,52,0,55,18,0,18,73
05/24/2010,GYY,IN,AGL,CE,Federal Contract Tower,0,4,17,0,21,0,0,18,1,19,0,4,35,1,40,0,0,0,40
05/25/2010,GYY,IN,AGL,CE,Federal Contract Tower,3,5,24,0,32,0,0,24,1,25,3,5,48,1,57,48,0,48,105
05/26/2010,GYY,IN,AGL,CE,Federal Contract Tower,2,5,28,0,35,0,0,25,9,34,2,5,53,9,69,20,2,22,91
05/27/2010,GYY,IN,AGL,CE,Federal Contract Tower,1,9,41,0,51,0,0,22,6,28,1,9,63,6,79,14,8,22,101
05/28/2010,GYY,IN,AGL,CE,Federal Contract Tower,2,9,49,5,65,0,2,9,6,17,2,11,58,11,82,2,4,6,88
05/29/2010,GYY,IN,AGL,CE,Federal Contract Tower,1,5,28,1,35,0,0,6,6,12,1,5,34,7,47,0,0,0,47
05/30/2010,GYY,IN,AGL,CE,Federal Contract Tower,0,5,20,1,26,0,0,2,0,2,0,5,22,1,28,0,0,0,28
05/31/2010,GYY,IN,AGL,CE,Federal Contract Tower,2,1,21,0,24,0,0,1,0,1,2,1,22,0,25,0,0,0,25
06/01/2010,GYY,IN,AGL,CE,Federal Contract Tower,1,4,32,9,46,0,0,20,1,21,1,4,52,10,67,30,0,30,97
06/02/2010,GYY,IN,AGL,CE,Federal Contract Tower,2,0,22,0,24,0,0,25,2,27,2,0,47,2,51,14,0,14,65
06/03/2010,GYY,IN,AGL,CE,Federal Contract Tower,1,4,21,0,26,0,0,22,8,30,1,4,43,8,56,58,4,62,118
06/04/2010,GYY,IN,AGL,CE,Federal Contract Tower,1,3,27,0,31,0,2,35,2,39,1,5,62,2,70,154,0,154,224
06/05/2010,GYY,IN,AGL,CE,Federal Contract Tower,0,0,11,0,11,0,0,8,0,8,0,0,19,0,19,38,0,38,57
06/06/2010,GYY,IN,AGL,CE,Federal Contract Tower,0,2,15,0,17,0,0,23,0,23,0,2,38,0,40,50,0,50,90
06/07/2010,GYY,IN,AGL,CE,Federal Contract Tower,1,0,32,0,33,0,0,29,3,32,1,0,61,3,65,68,0,68,133
06/08/2010,GYY,IN,AGL,CE,Federal Contract Tower,0,1,32,0,33,0,0,17,4,21,0,1,49,4,54,130,2,132,186
06/09/2010,GYY,IN,AGL,CE,Federal Contract Tower,3,6,20,2,31,0,3,45,7,55,3,9,65,9,86,154,4,158,244
06/10/2010,GYY,IN,AGL,CE,Federal Contract Tower,0,0,30,0,30,0,8,64,2,74,0,8,94,2,104,148,0,148,252
06/11/2010,GYY,IN,AGL,CE,Federal Contract Tower,1,0,32,0,33,0,2,15,2,19,1,2,47,2,52,4,0,4,56
06/12/2010,GYY,IN,AGL,CE,Federal Contract Tower,0,1,11,0,12,0,0,7,0,7,0,1,18,0,19,10,0,10,29
06/13/2010,GYY,IN,AGL,CE,Federal Contract Tower,0,3,26,0,29,0,0,12,0,12,0,3,38,0,41,12,0,12,53
06/14/2010,GYY,IN,AGL,CE,Federal Contract Tower,3,2,19,0,24,0,0,4,0,4,3,2,23,0,28,0,0,0,28
06/15/2010,GYY,IN,AGL,CE,Federal Contract Tower,2,8,23,0,33,0,0,5,1,6,2,8,28,1,39,2,10,12,51
06/16/2010,GYY,IN,AGL,CE,Federal Contract Tower,2,4,26,0,32,0,0,31,4,35,2,4,57,4,67,46,0,46,113
06/17/2010,GYY,IN,AGL,CE,Federal Contract Tower,1,5,26,0,32,0,4,54,4,62,1,9,80,4,94,30,0,30,124
06/18/2010,GYY,IN,AGL,CE,Federal Contract Tower,1,2,20,1,24,0,0,35,1,36,1,2,55,2,60,20,0,20,80
06/19/2010,GYY,IN,AGL,CE,Federal Contract Tower,0,0,19,0,19,0,0,34,1,35,0,0,53,1,54,38,0,38,92
06/20/2010,GYY,IN,AGL,CE,Federal Contract Tower,0,1,16,0,17,0,0,40,0,40,0,1,56,0,57,54,0,54,111
06/21/2010,GYY,IN,AGL,CE,Federal Contract Tower,1,5,16,0,22,0,1,14,3,18,1,6,30,3,40,6,0,6,46
06/22/2010,GYY,IN,AGL,CE,Federal Contract Tower,7,1,29,0,37,0,1,24,4,29,7,2,53,4,66,40,0,40,106
06/23/2010,GYY,IN,AGL,CE,Federal Contract Tower,2,5,21,0,28,0,0,12,4,16,2,5,33,4,44,0,0,0,44
06/24/2010,GYY,IN,AGL,CE,Federal Contract Tower,2,0,21,1,24,0,0,45,3,48,2,0,66,4,72,46,6,52,124
06/25/2010,GYY,IN,AGL,CE,Federal Contract Tower,0,0,33,2,35,0,0,42,4,46,0,0,75,6,81,10,14,24,105
06/26/2010,GYY,IN,AGL,CE,Federal Contract Tower,0,0,14,0,14,0,0,32,0,32,0,0,46,0,46,76,0,76,122
06/27/2010,GYY,IN,AGL,CE,Federal Contract Tower,1,2,16,0,19,0,0,20,0,20,1,2,36,0,39,0,0,0,39
06/28/2010,GYY,IN,AGL,CE,Federal Contract Tower,1,1,21,0,23,0,0,22,10,32,1,1,43,10,55,50,10,60,115
06/29/2010,GYY,IN,AGL,CE,Federal Contract Tower,3,1,26,0,30,0,0,31,13,44,3,1,57,13,74,58,16,74,148
06/30/2010,GYY,IN,AGL,CE,Federal Contract Tower,0,2,28,0,30,0,0,30,6,36,0,2,58,6,66,24,2,26,92
07/01/2010,GYY,IN,AGL,CE,Federal Contract Tower,0,0,19,0,19,0,6,41,10,57,0,6,60,10,76,22,0,22,98
07/02/2010,GYY,IN,AGL,CE,Federal Contract Tower,0,0,23,3,26,0,0,58,7,65,0,0,81,10,91,70,0,70,161
07/03/2010,GYY,IN,AGL,CE,Federal Contract Tower,1,0,8,5,14,0,0,34,0,34,1,0,42,5,48,6,0,6,54
07/04/2010,GYY,IN,AGL,CE,Federal Contract Tower,0,1,3,0,4,0,0,26,4,30,0,1,29,4,34,30,8,38,72
07/05/2010,GYY,IN,AGL,CE,Federal Contract Tower,0,1,21,2,24,0,0,15,0,15,0,1,36,2,39,14,0,14,53
07/06/2010,GYY,IN,AGL,CE,Federal Contract Tower,1,0,30,0,31,0,4,41,10,55,1,4,71,10,86,6,4,10,96
07/07/2010,GYY,IN,AGL,CE,Federal Contract Tower,2,4,28,1,35,0,0,39,0,39,2,4,67,1,74,74,0,74,148
07/08/2010,GYY,IN,AGL,CE,Federal Contract Tower,0,4,26,7,37,0,0,20,8,28,0,4,46,15,65,6,42,48,113
07/09/2010,GYY,IN,AGL,CE,Federal Contract Tower,2,2,24,4,32,0,0,82,18,100,2,2,106,22,132,82,18,100,232
07/10/2010,GYY,IN,AGL,CE,Federal Contract Tower,0,0,12,2,14,0,0,126,33,159,0,0,138,35,173,120,38,158,331
07/11/2010,GYY,IN,AGL,CE,Federal Contract Tower,1,2,22,1,26,0,4,119,39,162,1,6,141,40,188,98,94,192,380
07/12/2010,GYY,IN,AGL,CE,Federal Contract Tower,3,4,24,5,36,0,2,27,2,31,3,6,51,7,67,50,0,50,117
07/13/2010,GYY,IN,AGL,CE,Federal Contract Tower,4,0,20,0,24,0,0,19,9,28,4,0,39,9,52,58,18,76,128
07/14/2010,GYY,IN,AGL,CE,Federal Contract Tower,1,1,32,5,39,0,3,37,8,48,1,4,69,13,87,34,18,52,139
07/15/2010,GYY,IN,AGL,CE,Federal Contract Tower,4,1,37,10,52,0,4,22,7,33,4,5,59,17,85,56,4,60,145
07/16/2010,GYY,IN,AGL,CE,Federal Contract Tower,1,0,23,0,24,0,2,17,1,20,1,2,40,1,44,4,0,4,48
07/17/2010,GYY,IN,AGL,CE,Federal Contract Tower,0,1,16,0,17,0,0,0,0,0,0,1,16,0,17,30,0,30,47
07/18/2010,GYY,IN,AGL,CE,Federal Contract Tower,0,1,20,0,21,0,0,23,6,29,0,1,43,6,50,10,8,18,68
07/19/2010,GYY,IN,AGL,CE,Federal Contract Tower,0,2,32,0,34,0,2,21,6,29,0,4,53,6,63,24,22,46,109
07/20/2010,GYY,IN,AGL,CE,Federal Contract Tower,0,6,20,0,26,0,0,24,5,29,0,6,44,5,55,10,18,28,83
07/21/2010,GYY,IN,AGL,CE,Federal Contract Tower,1,0,23,0,24,0,0,32,11,43,1,0,55,11,67,52,120,172,239
07/22/2010,GYY,IN,AGL,CE,Federal Contract Tower,5,0,28,0,33,0,0,31,25,56,5,0,59,25,89,4,64,68,157
07/23/2010,GYY,IN,AGL,CE,Federal Contract Tower,0,2,27,1,30,0,2,26,0,28,0,4,53,1,58,44,0,44,102
07/24/2010,GYY,IN,AGL,CE,Federal Contract Tower,2,3,15,2,22,0,0,30,0,30,2,3,45,2,52,6,2,8,60
07/25/2010,GYY,IN,AGL,CE,Federal Contract Tower,1,1,16,1,19,0,0,36,0,36,1,1,52,1,55,16,0,16,71
07/26/2010,GYY,IN,AGL,CE,Federal Contract Tower,2,2,29,0,33,0,0,40,7,47,2,2,69,7,80,46,4,50,130
07/27/2010,GYY,IN,AGL,CE,Federal Contract Tower,0,2,32,1,35,0,0,47,4,51,0,2,79,5,86,104,0,104,190
07/28/2010,GYY,IN,AGL,CE,Federal Contract Tower,1,0,24,0,25,0,0,32,3,35,1,0,56,3,60,44,0,44,104
07/29/2010,GYY,IN,AGL,CE,Federal Contract Tower,2,3,21,0,26,0,0,41,3,44,2,3,62,3,70,0,4,4,74
07/30/2010,GYY,IN,AGL,CE,Federal Contract Tower,2,1,39,0,42,0,1,30,4,35,2,2,69,4,77,10,0,10,87
07/31/2010,GYY,IN,AGL,CE,Federal Contract Tower,1,1,14,0,16,0,2,26,0,28,1,3,40,0,44,6,0,6,50
08/01/2010,GYY,IN,AGL,CE,Federal Contract Tower,1,1,21,0,23,0,0,27,0,27,1,1,48,0,50,0,0,0,50
08/02/2010,GYY,IN,AGL,CE,Federal Contract Tower,2,2,21,1,26,0,2,42,1,45,2,4,63,2,71,40,0,40,111
08/03/2010,GYY,IN,AGL,CE,Federal Contract Tower,0,3,18,0,21,0,0,21,11,32,0,3,39,11,53,48,40,88,141
08/04/2010,GYY,IN,AGL,CE,Federal Contract Tower,0,10,28,1,39,0,0,18,5,23,0,10,46,6,62,22,8,30,92
08/05/2010,GYY,IN,AGL,CE,Federal Contract Tower,1,10,39,0,50,0,6,10,0,16,1,16,49,0,66,0,0,0,66
08/06/2010,GYY,IN,AGL,CE,Federal Contract Tower,0,1,22,0,23,0,9,29,6,44,0,10,51,6,67,10,0,10,77
08/07/2010,GYY,IN,AGL,CE,Federal Contract Tower,0,1,13,0,14,0,1,92,0,93,0,2,105,0,107,6,0,6,113
08/08/2010,GYY,IN,AGL,CE,Federal Contract Tower,0,0,27,0,27,0,2,20,3,25,0,2,47,3,52,2,4,6,58
08/09/2010,GYY,IN,AGL,CE,Federal Contract Tower,1,0,27,1,29,0,8,33,6,47,1,8,60,7,76,74,10,84,160
08/10/2010,GYY,IN,AGL,CE,Federal Contract Tower,0,2,24,0,26,0,0,37,8,45,0,2,61,8,71,36,0,36,107
08/11/2010,GYY,IN,AGL,CE,Federal Contract Tower,0,2,34,6,42,0,0,60,13,73,0,2,94,19,115,78,12,90,205
08/12/2010,GYY,IN,AGL,CE,Federal Contract Tower,1,2,31,22,56,0,0,104,32,136,1,2,135,54,192,74,56,130,322
08/13/2010,GYY,IN,AGL,CE,Federal Contract Tower,1,2,21,8,32,0,4,143,101,248,1,6,164,109,280,142,152,294,574
08/14/2010,GYY,IN,AGL,CE,Federal Contract Tower,0,0,8,0,8,0,0,72,56,128,0,0,80,56,136,42,66,108,244
08/15/2010,GYY,IN,AGL,CE,Federal Contract Tower,0,4,19,1,24,0,0,100,64,164,0,4,119,65,188,84,92,176,364
08/16/2010,GYY,IN,AGL,CE,Federal Contract Tower,0,3,25,18,46,0,0,50,2,52,0,3,75,20,98,98,0,98,196
08/17/2010,GYY,IN,AGL,CE,Federal Contract Tower,1,0,21,0,22,0,0,50,5,55,1,0,71,5,77,102,0,102,179
08/18/2010,GYY,IN,AGL,CE,Federal Contract Tower,1,2,35,0,38,0,0,44,1,45,1,2,79,1,83,136,0,136,219
08/19/2010,GYY,IN,AGL,CE,Federal Contract Tower,1,0,38,0,39,0,0,31,7,38,1,0,69,7,77,44,30,74,151
08/20/2010,GYY,IN,AGL,CE,Federal Contract Tower,0,1,34,0,35,0,0,31,9,40,0,1,65,9,75,26,30,56,131
08/21/2010,GYY,IN,AGL,CE,Federal Contract Tower,1,3,19,0,23,0,0,9,8,17,1,3,28,8,40,18,82,100,140
08/22/2010,GYY,IN,AGL,CE,Federal Contract Tower,0,0,24,0,24,0,0,20,4,24,0,0,44,4,48,6,34,40,88
08/23/2010,GYY,IN,AGL,CE,Federal Contract Tower,0,1,20,0,21,0,0,35,1,36,0,1,55,1,57,84,0,84,141
08/24/2010,GYY,IN,AGL,CE,Federal Contract Tower,0,3,30,2,35,0,0,63,6,69,0,3,93,8,104,256,16,272,376
08/25/2010,GYY,IN,AGL,CE,Federal Contract Tower,4,6,29,0,39,0,2,52,5,59,4,8,81,5,98,98,4,102,200
08/26/2010,GYY,IN,AGL,CE,Federal Contract Tower,0,1,24,0,25,0,0,28,7,35,0,1,52,7,60,18,2,20,80
08/27/2010,GYY,IN,AGL,CE,Federal Contract Tower,3,2,20,2,27,0,0,58,1,59,3,2,78,3,86,124,0,124,210
08/28/2010,GYY,IN,AGL,CE,Federal Contract Tower,0,2,6,0,8,0,2,37,0,39,0,4,43,0,47,34,0,34,81
08/29/2010,GYY,IN,AGL,CE,Federal Contract Tower,0,0,21,0,21,0,0,26,0,26,0,0,47,0,47,2,0,2,49
08/30/2010,GYY,IN,AGL,CE,Federal Contract Tower,1,0,13,0,14,0,0,24,2,26,1,0,37,2,40,14,0,14,54
08/31/2010,GYY,IN,AGL,CE,Federal Contract Tower,1,0,19,0,20,0,0,24,5,29,1,0,43,5,49,20,0,20,69
09/01/2010,GYY,IN,AGL,CE,Federal Contract Tower,0,3,17,3,23,0,0,23,2,25,0,3,40,5,48,10,0,10,58
09/02/2010,GYY,IN,AGL,CE,Federal Contract Tower,2,1,21,0,24,0,0,5,1,6,2,1,26,1,30,0,10,10,40
09/03/2010,GYY,IN,AGL,CE,Federal Contract Tower,0,0,21,0,21,0,0,20,0,20,0,0,41,0,41,16,0,16,57
09/04/2010,GYY,IN,AGL,CE,Federal Contract Tower,0,0,13,3,16,0,0,20,0,20,0,0,33,3,36,22,0,22,58
09/05/2010,GYY,IN,AGL,CE,Federal Contract Tower,0,3,8,1,12,0,4,30,0,34,0,7,38,1,46,24,0,24,70
09/06/2010,GYY,IN,AGL,CE,Federal Contract Tower,0,2,16,1,19,0,0,15,0,15,0,2,31,1,34,8,0,8,42
09/07/2010,GYY,IN,AGL,CE,Federal Contract Tower,1,1,24,0,26,0,7,23,8,38,1,8,47,8,64,64,34,98,162
09/08/2010,GYY,IN,AGL,CE,Federal Contract Tower,0,2,31,0,33,0,0,19,4,23,0,2,50,4,56,8,0,8,64
09/09/2010,GYY,IN,AGL,CE,Federal Contract Tower,1,0,23,0,24,0,0,34,8,42,1,0,57,8,66,46,60,106,172
09/10/2010,GYY,IN,AGL,CE,Federal Contract Tower,0,1,27,0,28,0,0,35,4,39,0,1,62,4,67,30,0,30,97
09/11/2010,GYY,IN,AGL,CE,Federal Contract Tower,1,1,15,0,17,0,0,13,0,13,1,1,28,0,30,50,0,50,80
09/12/2010,GYY,IN,AGL,CE,Federal Contract Tower,0,1,27,0,28,0,0,40,0,40,0,1,67,0,68,52,0,52,120
09/13/2010,GYY,IN,AGL,CE,Federal Contract Tower,2,2,28,0,32,0,0,35,3,38,2,2,63,3,70,64,0,64,134
09/14/2010,GYY,IN,AGL,CE,Federal Contract Tower,0,6,40,0,46,0,0,51,3,54,0,6,91,3,100,80,0,80,180
09/15/2010,GYY,IN,AGL,CE,Federal Contract Tower,2,3,34,0,39,0,0,37,2,39,2,3,71,2,78,58,0,58,136
09/16/2010,GYY,IN,AGL,CE,Federal Contract Tower,1,1,29,0,31,0,0,20,3,23,1,1,49,3,54,18,12,30,84
09/17/2010,GYY,IN,AGL,CE,Federal Contract Tower,0,0,30,0,30,0,2,33,0,35,0,2,63,0,65,22,0,22,87
09/18/2010,GYY,IN,AGL,CE,Federal Contract Tower,0,0,14,0,14,0,0,7,0,7,0,0,21,0,21,0,0,0,21
09/19/2010,GYY,IN,AGL,CE,Federal Contract Tower,0,3,18,0,21,0,0,29,0,29,0,3,47,0,50,48,0,48,98
09/20/2010,GYY,IN,AGL,CE,Federal Contract Tower,0,6,31,0,37,0,2,31,4,37,0,8,62,4,74,42,22,64,138
09/21/2010,GYY,IN,AGL,CE,Federal Contract Tower,1,3,31,0,35,0,0,29,1,30,1,3,60,1,65,30,0,30,95
09/22/2010,GYY,IN,AGL,CE,Federal Contract Tower,0,2,29,0,31,0,0,8,0,8,0,2,37,0,39,0,0,0,39
09/23/2010,GYY,IN,AGL,CE,Federal Contract Tower,0,0,24,0,24,0,0,22,2,24,0,0,46,2,48,24,0,24,72
09/24/2010,GYY,IN,AGL,CE,Federal Contract Tower,1,3,21,1,26,0,4,3,2,9,1,7,24,3,35,16,2,18,53
09/25/2010,GYY,IN,AGL,CE,Federal Contract Tower,0,1,14,0,15,0,0,28,6,34,0,1,42,6,49,24,0,24,73
09/26/2010,GYY,IN,AGL,CE,Federal Contract Tower,0,0,15,0,15,0,0,31,1,32,0,0,46,1,47,0,0,0,47
09/27/2010,GYY,IN,AGL,CE,Federal Contract Tower,0,4,27,1,32,0,38,17,7,62,0,42,44,8,94,6,0,6,100
09/28/2010,GYY,IN,AGL,CE,Federal Contract Tower,0,0,28,0,28,0,0,27,5,32,0,0,55,5,60,44,0,44,104
09/29/2010,GYY,IN,AGL,CE,Federal Contract Tower,0,0,35,0,35,0,0,31,2,33,0,0,66,2,68,58,0,58,126
09/30/2010,GYY,IN,AGL,CE,Federal Contract Tower,1,7,30,1,39,0,0,22,1,23,1,7,52,2,62,10,0,10,72
10/01/2010,GYY,IN,AGL,CE,Federal Contract Tower,1,2,25,0,28,0,0,27,0,27,1,2,52,0,55,6,0,6,61
10/02/2010,GYY,IN,AGL,CE,Federal Contract Tower,1,0,21,0,22,0,0,5,2,7,1,0,26,2,29,10,0,10,39
10/03/2010,GYY,IN,AGL,CE,Federal Contract Tower,0,0,24,0,24,0,0,13,0,13,0,0,37,0,37,8,0,8,45
10/04/2010,GYY,IN,AGL,CE,Federal Contract Tower,1,0,19,0,20,0,0,22,0,22,1,0,41,0,42,0,0,0,42
10/05/2010,GYY,IN,AGL,CE,Federal Contract Tower,3,2,18,0,23,4,0,18,0,22,7,2,36,0,45,14,0,14,59
10/06/2010,GYY,IN,AGL,CE,Federal Contract Tower,2,2,20,0,24,0,0,31,0,31,2,2,51,0,55,0,14,14,69
10/07/2010,GYY,IN,AGL,CE,Federal Contract Tower,1,9,29,0,39,0,2,34,0,36,1,11,63,0,75,32,0,32,107
10/08/2010,GYY,IN,AGL,CE,Federal Contract Tower,2,6,15,1,24,0,4,33,9,46,2,10,48,10,70,18,18,36,106
10/09/2010,GYY,IN,AGL,CE,Federal Contract Tower,0,2,23,3,28,0,0,84,2,86,0,2,107,5,114,74,0,74,188
10/10/2010,GYY,IN,AGL,CE,Federal Contract Tower,1,0,25,0,26,0,0,25,0,25,1,0,50,0,51,38,0,38,89
10/11/2010,GYY,IN,AGL,CE,Federal Contract Tower,0,1,30,3,34,0,4,27,0,31,0,5,57,3,65,44,0,44,109
10/12/2010,GYY,IN,AGL,CE,Federal Contract Tower,0,2,34,0,36,0,0,27,2,29,0,2,61,2,65,42,12,54,119
10/13/2010,GYY,IN,AGL,CE,Federal Contract Tower,2,2,44,0,48,0,0,13,0,13,2,2,57,0,61,24,0,24,85
10/14/2010,GYY,IN,AGL,CE,Federal Contract Tower,0,7,29,0,36,0,27,4,0,31,0,34,33,0,67,24,30,54,121
10/15/2010,GYY,IN,AGL,CE,Federal Contract Tower,2,1,37,0,40,0,0,34,0,34,2,1,71,0,74,80,0,80,154
10/16/2010,GYY,IN,AGL,CE,Federal Contract Tower,3,0,12,2,17,0,0,18,0,18,3,0,30,2,35,4,4,8,43
10/17/2010,GYY,IN,AGL,CE,Federal Contract Tower,0,0,15,2,17,0,0,27,4,31,0,0,42,6,48,20,4,24,72
10/18/2010,GYY,IN,AGL,CE,Federal Contract Tower,4,2,23,3,32,0,0,14,0,14,4,2,37,3,46,18,18,36,82
10/19/2010,GYY,IN,AGL,CE,Federal Contract Tower,2,5,36,7,50,0,0,34,7,41,2,5,70,14,91,148,50,198,289
10/20/2010,GYY,IN,AGL,CE,Federal Contract Tower,2,9,26,0,37,0,0,18,0,18,2,9,44,0,55,12,0,12,67
10/21/2010,GYY,IN,AGL,CE,Federal Contract Tower,0,1,25,0,26,0,0,38,0,38,0,1,63,0,64,76,0,76,140
10/22/2010,GYY,IN,AGL,CE,Federal Contract Tower,1,1,29,6,37,0,0,40,6,46,1,1,69,12,83,58,48,106,189
10/23/2010,GYY,IN,AGL,CE,Federal Contract Tower,0,0,13,1,14,0,0,11,5,16,0,0,24,6,30,28,6,34,64
10/24/2010,GYY,IN,AGL,CE,Federal Contract Tower,1,2,16,2,21,0,0,6,8,14,1,2,22,10,35,6,8,14,49
10/25/2010,GYY,IN,AGL,CE,Federal Contract Tower,0,8,27,6,41,0,4,19,0,23,0,12,46,6,64,58,0,58,122
10/26/2010,GYY,IN,AGL,CE,Federal Contract Tower,0,2,18,0,20,0,0,0,0,0,0,2,18,0,20,0,0,0,20
10/27/2010,GYY,IN,AGL,CE,Federal Contract Tower,4,9,17,0,30,0,2,6,0,8,4,11,23,0,38,0,0,0,38
10/28/2010,GYY,IN,AGL,CE,Federal Contract Tower,6,5,29,0,40,0,0,15,3,18,6,5,44,3,58,8,22,30,88
10/29/2010,GYY,IN,AGL,CE,Federal Contract Tower,3,8,25,0,36,0,1,36,1,38,3,9,61,1,74,84,0,84,158
10/30/2010,GYY,IN,AGL,CE,Federal Contract Tower,2,2,18,0,22,0,0,9,1,10,2,2,27,1,32,8,0,8,40
10/31/2010,GYY,IN,AGL,CE,Federal Contract Tower,2,4,21,0,27,0,4,6,10,20,2,8,27,10,47,2,0,2,49
11/01/2010,GYY,IN,AGL,CE,Federal Contract Tower,2,1,26,0,29,0,1,28,0,29,2,2,54,0,58,68,0,68,126
11/02/2010,GYY,IN,AGL,CE,Federal Contract Tower,5,3,26,0,34,0,0,30,0,30,5,3,56,0,64,112,0,112,176
11/03/2010,GYY,IN,AGL,CE,Federal Contract Tower,1,2,37,0,40,0,1,23,4,28,1,3,60,4,68,60,0,60,128
11/04/2010,GYY,IN,AGL,CE,Federal Contract Tower,0,5,29,0,34,0,0,32,0,32,0,5,61,0,66,120,0,120,186
11/05/2010,GYY,IN,AGL,CE,Federal Contract Tower,2,4,25,0,31,0,0,24,0,24,2,4,49,0,55,26,0,26,81
11/06/2010,GYY,IN,AGL,CE,Federal Contract Tower,2,2,9,0,13,0,2,58,0,60,2,4,67,0,73,32,0,32,105
11/07/2010,GYY,IN,AGL,CE,Federal Contract Tower,1,0,17,0,18,0,0,14,0,14,1,0,31,0,32,0,0,0,32
11/08/2010,GYY,IN,AGL,CE,Federal Contract Tower,0,3,32,1,36,0,1,26,0,27,0,4,58,1,63,92,0,92,155
11/09/2010,GYY,IN,AGL,CE,Federal Contract Tower,4,1,24,0,29,0,0,43,4,47,4,1,67,4,76,116,6,122,198
11/10/2010,GYY,IN,AGL,CE,Federal Contract Tower,1,12,28,6,47,0,0,49,4,53,1,12,77,10,100,82,8,90,190
11/11/2010,GYY,IN,AGL,CE,Federal Contract Tower,1,9,27,2,39,0,0,36,0,36,1,9,63,2,75,92,0,92,167
11/12/2010,GYY,IN,AGL,CE,Federal Contract Tower,5,14,15,0,34,0,1,36,0,37,5,15,51,0,71,70,0,70,141
11/13/2010,GYY,IN,AGL,CE,Federal Contract Tower,1,3,9,2,15,0,0,13,2,15,1,3,22,4,30,12,2,14,44
11/14/2010,GYY,IN,AGL,CE,Federal Contract Tower,1,2,16,1,20,0,0,7,8,15,1,2,23,9,35,14,8,22,57
11/15/2010,GYY,IN,AGL,CE,Federal Contract Tower,0,2,21,5,28,0,0,19,0,19,0,2,40,5,47,48,0,48,95
11/16/2010,GYY,IN,AGL,CE,Federal Contract Tower,0,3,31,0,34,0,0,23,0,23,0,3,54,0,57,36,0,36,93
11/17/2010,GYY,IN,AGL,CE,Federal Contract Tower,0,2,22,0,24,0,0,15,5,20,0,2,37,5,44,0,44,44,88
11/18/2010,GYY,IN,AGL,CE,Federal Contract Tower,1,2,35,0,38,0,0,38,0,38,1,2,73,0,76,72,0,72,148
11/19/2010,GYY,IN,AGL,CE,Federal Contract Tower,0,7,39,0,46,0,0,19,0,19,0,7,58,0,65,6,0,6,71
11/20/2010,GYY,IN,AGL,CE,Federal Contract Tower,1,1,12,0,14,0,0,15,3,18,1,1,27,3,32,8,12,20,52
11/21/2010,GYY,IN,AGL,CE,Federal Contract Tower,1,0,18,0,19,0,0,6,1,7,1,0,24,1,26,16,0,16,42
11/22/2010,GYY,IN,AGL,CE,Federal Contract Tower,0,3,16,0,19,0,0,2,0,2,0,3,18,0,21,0,0,0,21
11/23/2010,GYY,IN,AGL,CE,Federal Contract Tower,1,0,19,0,20,0,0,24,0,24,1,0,43,0,44,32,0,32,76
11/24/2010,GYY,IN,AGL,CE,Federal Contract Tower,0,0,9,26,35,0,0,10,2,12,0,0,19,28,47,34,0,34,81
11/25/2010,GYY,IN,AGL,CE,Federal Contract Tower,0,2,9,0,11,0,0,0,0,0,0,2,9,0,11,0,0,0,11
11/26/2010,GYY,IN,AGL,CE,Federal Contract Tower,0,1,13,0,14,0,0,6,0,6,0,1,19,0,20,4,0,4,24
11/27/2010,GYY,IN,AGL,CE,Federal Contract Tower,1,0,9,0,10,0,0,21,0,21,1,0,30,0,31,20,0,20,51
11/28/2010,GYY,IN,AGL,CE,Federal Contract Tower,0,1,26,0,27,0,0,22,0,22,0,1,48,0,49,8,0,8,57
11/29/2010,GYY,IN,AGL,CE,Federal Contract Tower,1,4,26,0,31,0,0,17,0,17,1,4,43,0,48,0,0,0,48
11/30/2010,GYY,IN,AGL,CE,Federal Contract Tower,4,2,22,0,28,0,0,4,4,8,4,2,26,4,36,10,10,20,56
12/01/2010,GYY,IN,AGL,CE,Federal Contract Tower,10,1,22,0,33,0,0,8,11,19,10,1,30,11,52,0,76,76,128
12/02/2010,GYY,IN,AGL,CE,Federal Contract Tower,0,3,25,0,28,0,0,30,1,31,0,3,55,1,59,24,0,24,83
12/03/2010,GYY,IN,AGL,CE,Federal Contract Tower,4,6,31,0,41,0,0,27,0,27,4,6,58,0,68,84,0,84,152
12/04/2010,GYY,IN,AGL,CE,Federal Contract Tower,1,0,14,0,15,0,0,2,0,2,1,0,16,0,17,0,0,0,17
12/05/2010,GYY,IN,AGL,CE,Federal Contract Tower,1,1,19,0,21,0,0,8,0,8,1,1,27,0,29,8,0,8,37
12/06/2010,GYY,IN,AGL,CE,Federal Contract Tower,0,2,26,0,28,0,0,20,0,20,0,2,46,0,48,4,0,4,52
12/07/2010,GYY,IN,AGL,CE,Federal Contract Tower,0,0,29,0,29,0,0,35,2,37,0,0,64,2,66,38,0,38,104
12/08/2010,GYY,IN,AGL,CE,Federal Contract Tower,4,5,28,0,37,0,0,37,2,39,4,5,65,2,76,30,20,50,126
12/09/2010,GYY,IN,AGL,CE,Federal Contract Tower,2,6,29,0,37,0,0,24,2,26,2,6,53,2,63,34,8,42,105
12/10/2010,GYY,IN,AGL,CE,Federal Contract Tower,0,5,26,0,31,0,6,27,0,33,0,11,53,0,64,22,0,22,86
12/11/2010,GYY,IN,AGL,CE,Federal Contract Tower,2,1,12,0,15,0,4,8,0,12,2,5,20,0,27,0,0,0,27
12/12/2010,GYY,IN,AGL,CE,Federal Contract Tower,2,0,4,0,6,0,0,0,0,0,2,0,4,0,6,0,0,0,6
12/13/2010,GYY,IN,AGL,CE,Federal Contract Tower,2,0,21,0,23,0,0,10,0,10,2,0,31,0,33,26,0,26,59
12/14/2010,GYY,IN,AGL,CE,Federal Contract Tower,4,3,26,0,33,0,0,17,4,21,4,3,43,4,54,10,6,16,70
12/15/2010,GYY,IN,AGL,CE,Federal Contract Tower,4,5,24,0,33,0,0,32,6,38,4,5,56,6,71,16,16,32,103
12/16/2010,GYY,IN,AGL,CE,Federal Contract Tower,2,8,33,1,44,0,3,21,2,26,2,11,54,3,70,0,0,0,70
12/17/2010,GYY,IN,AGL,CE,Federal Contract Tower,0,2,28,0,30,0,0,24,0,24,0,2,52,0,54,24,0,24,78
12/18/2010,GYY,IN,AGL,CE,Federal Contract Tower,0,2,17,0,19,0,0,15,0,15,0,2,32,0,34,8,0,8,42
12/19/2010,GYY,IN,AGL,CE,Federal Contract Tower,0,0,19,0,19,0,0,5,0,5,0,0,24,0,24,0,0,0,24
12/20/2010,GYY,IN,AGL,CE,Federal Contract Tower,0,0,12,0,12,0,0,9,6,15,0,0,21,6,27,26,6,32,59
12/21/2010,GYY,IN,AGL,CE,Federal Contract Tower,0,3,8,0,11,0,0,0,0,0,0,3,8,0,11,0,0,0,11
12/22/2010,GYY,IN,AGL,CE,Federal Contract Tower,0,5,17,0,22,0,0,2,0,2,0,5,19,0,24,10,0,10,34
12/23/2010,GYY,IN,AGL,CE,Federal Contract Tower,0,7,25,0,32,0,0,11,0,11,0,7,36,0,43,0,0,0,43
12/24/2010,GYY,IN,AGL,CE,Federal Contract Tower,0,5,7,0,12,0,0,0,0,0,0,5,7,0,12,0,0,0,12
12/25/2010,GYY,IN,AGL,CE,Federal Contract Tower,1,1,1,0,3,0,0,0,0,0,1,1,1,0,3,0,0,0,3
12/26/2010,GYY,IN,AGL,CE,Federal Contract Tower,0,3,19,0,22,0,0,0,0,0,0,3,19,0,22,0,0,0,22
12/27/2010,GYY,IN,AGL,CE,Federal Contract Tower,0,1,18,0,19,0,0,12,0,12,0,1,30,0,31,26,0,26,57
12/28/2010,GYY,IN,AGL,CE,Federal Contract Tower,0,7,13,0,20,0,0,10,3,13,0,7,23,3,33,32,0,32,65
12/29/2010,GYY,IN,AGL,CE,Federal Contract Tower,0,3,11,0,14,0,0,9,2,11,0,3,20,2,25,12,0,12,37
12/30/2010,GYY,IN,AGL,CE,Federal Contract Tower,0,0,9,0,9,0,2,4,0,6,0,2,13,0,15,10,0,10,25
12/31/2010,GYY,IN,AGL,CE,Federal Contract Tower,0,0,6,0,6,0,0,0,0,0,0,0,6,0,6,0,0,0,6
01/01/2011,GYY,IN,AGL,CE,Federal Contract Tower,0,0,2,0,2,0,0,4,0,4,0,0,6,0,6,0,0,0,6
01/02/2011,GYY,IN,AGL,CE,Federal Contract Tower,1,3,18,0,22,0,2,21,0,23,1,5,39,0,45,16,0,16,61
01/03/2011,GYY,IN,AGL,CE,Federal Contract Tower,0,3,24,0,27,0,0,15,4,19,0,3,39,4,46,16,0,16,62
01/04/2011,GYY,IN,AGL,CE,Federal Contract Tower,1,1,15,0,17,0,0,11,2,13,1,1,26,2,30,0,0,0,30
01/05/2011,GYY,IN,AGL,CE,Federal Contract Tower,0,1,21,0,22,0,0,23,4,27,0,1,44,4,49,26,12,38,87
01/06/2011,GYY,IN,AGL,CE,Federal Contract Tower,2,0,16,0,18,0,0,11,0,11,2,0,27,0,29,12,0,12,41
01/07/2011,GYY,IN,AGL,CE,Federal Contract Tower,2,0,16,0,18,0,1,9,0,10,2,1,25,0,28,24,0,24,52
01/08/2011,GYY,IN,AGL,CE,Federal Contract Tower,0,0,10,0,10,0,0,5,0,5,0,0,15,0,15,22,0,22,37
01/09/2011,GYY,IN,AGL,CE,Federal Contract Tower,0,0,9,0,9,0,0,17,3,20,0,0,26,3,29,16,8,24,53
01/10/2011,GYY,IN,AGL,CE,Federal Contract Tower,0,4,15,0,19,0,0,18,4,22,0,4,33,4,41,18,8,26,67
01/11/2011,GYY,IN,AGL,CE,Federal Contract Tower,1,2,12,0,15,0,0,2,0,2,1,2,14,0,17,0,0,0,17
01/12/2011,GYY,IN,AGL,CE,Federal Contract Tower,3,5,19,0,27,0,0,12,0,12,3,5,31,0,39,8,0,8,47
01/13/2011,GYY,IN,AGL,CE,Federal Contract Tower,4,3,20,0,27,0,0,22,2,24,4,3,42,2,51,42,0,42,93
01/14/2011,GYY,IN,AGL,CE,Federal Contract Tower,0,1,21,0,22,0,0,21,0,21,0,1,42,0,43,30,0,30,73
01/15/2011,GYY,IN,AGL,CE,Federal Contract Tower,0,0,9,0,9,0,5,6,0,11,0,5,15,0,20,0,0,0,20
01/16/2011,GYY,IN,AGL,CE,Federal Contract Tower,1,3,11,0,15,0,1,0,0,1,1,4,11,0,16,0,0,0,16
01/17/2011,GYY,IN,AGL,CE,Federal Contract Tower,1,3,15,0,19,0,0,2,0,2,1,3,17,0,21,38,0,38,59
01/18/2011,GYY,IN,AGL,CE,Federal Contract Tower,1,4,15,0,20,0,0,0,0,0,1,4,15,0,20,0,0,0,20
01/19/2011,GYY,IN,AGL,CE,Federal Contract Tower,2,0,14,0,16,0,0,25,0,25,2,0,39,0,41,42,0,42,83
01/20/2011,GYY,IN,AGL,CE,Federal Contract Tower,1,0,12,0,13,0,0,10,4,14,1,0,22,4,27,26,22,48,75
01/21/2011,GYY,IN,AGL,CE,Federal Contract Tower,1,4,20,0,25,0,2,34,1,37,1,6,54,1,62,70,0,70,132
01/22/2011,GYY,IN,AGL,CE,Federal Contract Tower,2,2,11,0,15,0,2,6,0,8,2,4,17,0,23,6,0,6,29
01/23/2011,GYY,IN,AGL,CE,Federal Contract Tower,0,0,13,0,13,0,4,16,0,20,0,4,29,0,33,26,0,26,59
01/24/2011,GYY,IN,AGL,CE,Federal Contract Tower,1,0,18,0,19,0,0,3,0,3,1,0,21,0,22,0,0,0,22
01/25/2011,GYY,IN,AGL,CE,Federal Contract Tower,0,0,24,0,24,0,0,5,5,10,0,0,29,5,34,16,34,50,84
01/26/2011,GYY,IN,AGL,CE,Federal Contract Tower,2,6,21,2,31,0,0,2,8,10,2,6,23,10,41,0,36,36,77
01/27/2011,GYY,IN,AGL,CE,Federal Contract Tower,0,1,21,0,22,0,2,1,4,7,0,3,22,4,29,0,20,20,49
01/28/2011,GYY,IN,AGL,CE,Federal Contract Tower,2,1,27,0,30,0,1,18,0,19,2,2,45,0,49,50,0,50,99
01/29/2011,GYY,IN,AGL,CE,Federal Contract Tower,0,2,12,0,14,0,0,9,0,9,0,2,21,0,23,18,0,18,41
01/30/2011,GYY,IN,AGL,CE,Federal Contract Tower,0,2,14,0,16,0,2,4,0,6,0,4,18,0,22,0,0,0,22
01/31/2011,GYY,IN,AGL,CE,Federal Contract Tower,1,0,27,0,28,0,0,11,4,15,1,0,38,4,43,0,0,0,43
02/01/2011,GYY,IN,AGL,CE,Federal Contract Tower,0,1,11,0,12,0,0,4,0,4,0,1,15,0,16,0,0,0,16
02/02/2011,GYY,IN,AGL,CE,Federal Contract Tower,0,0,0,0,0,0,0,0,0,0,0,0,0,0,0,0,0,0,0
02/03/2011,GYY,IN,AGL,CE,Federal Contract Tower,1,1,19,0,21,0,2,26,2,30,1,3,45,2,51,40,0,40,91
02/04/2011,GYY,IN,AGL,CE,Federal Contract Tower,0,6,21,0,27,0,0,24,0,24,0,6,45,0,51,30,0,30,81
02/05/2011,GYY,IN,AGL,CE,Federal Contract Tower,2,1,14,0,17,0,0,29,0,29,2,1,43,0,46,36,0,36,82
02/06/2011,GYY,IN,AGL,CE,Federal Contract Tower,0,0,11,0,11,0,0,0,0,0,0,0,11,0,11,0,0,0,11
02/07/2011,GYY,IN,AGL,CE,Federal Contract Tower,3,1,21,0,25,0,0,4,0,4,3,1,25,0,29,0,0,0,29
02/08/2011,GYY,IN,AGL,CE,Federal Contract Tower,6,11,18,0,35,0,0,12,4,16,6,11,30,4,51,0,0,0,51
02/09/2011,GYY,IN,AGL,CE,Federal Contract Tower,0,0,24,0,24,0,0,19,4,23,0,0,43,4,47,12,0,12,59
02/10/2011,GYY,IN,AGL,CE,Federal Contract Tower,1,0,24,0,25,0,2,16,6,24,1,2,40,6,49,40,0,40,89
02/11/2011,GYY,IN,AGL,CE,Federal Contract Tower,4,0,28,0,32,0,0,0,0,0,4,0,28,0,32,0,30,30,62
02/12/2011,GYY,IN,AGL,CE,Federal Contract Tower,1,3,13,0,17,0,0,24,2,26,1,3,37,2,43,36,0,36,79
02/13/2011,GYY,IN,AGL,CE,Federal Contract Tower,5,3,17,0,25,0,0,8,1,9,5,3,25,1,34,28,0,28,62
02/14/2011,GYY,IN,AGL,CE,Federal Contract Tower,0,4,24,0,28,0,0,11,1,12,0,4,35,1,40,8,0,8,48
02/15/2011,GYY,IN,AGL,CE,Federal Contract Tower,0,2,16,0,18,0,1,19,5,25,0,3,35,5,43,12,8,20,63
02/16/2011,GYY,IN,AGL,CE,Federal Contract Tower,2,0,22,0,24,0,0,23,10,33,2,0,45,10,57,22,6,28,85
02/17/2011,GYY,IN,AGL,CE,Federal Contract Tower,3,3,20,0,26,0,0,9,1,10,3,3,29,1,36,0,4,4,40
02/18/2011,GYY,IN,AGL,CE,Federal Contract Tower,2,2,19,0,23,0,2,34,4,40,2,4,53,4,63,6,10,16,79
02/19/2011,GYY,IN,AGL,CE,Federal Contract Tower,9,3,15,0,27,0,1,48,0,49,9,4,63,0,76,102,0,102,178
02/20/2011,GYY,IN,AGL,CE,Federal Contract Tower,0,0,8,2,10,0,0,2,0,2,0,0,10,2,12,2,0,2,14
02/21/2011,GYY,IN,AGL,CE,Federal Contract Tower,0,0,14,0,14,0,0,0,0,0,0,0,14,0,14,0,0,0,14
02/22/2011,GYY,IN,AGL,CE,Federal Contract Tower,13,1,45,0,59,0,0,11,10,21,13,1,56,10,80,2,4,6,86
02/23/2011,GYY,IN,AGL,CE,Federal Contract Tower,3,4,26,0,33,0,0,18,5,23,3,4,44,5,56,64,10,74,130
02/24/2011,GYY,IN,AGL,CE,Federal Contract Tower,2,4,23,0,29,0,0,31,2,33,2,4,54,2,62,84,0,84,146
02/25/2011,GYY,IN,AGL,CE,Federal Contract Tower,7,2,21,0,30,0,0,25,2,27,7,2,46,2,57,40,4,44,101
02/26/2011,GYY,IN,AGL,CE,Federal Contract Tower,6,0,10,0,16,0,0,16,0,16,6,0,26,0,32,48,0,48,80
02/27/2011,GYY,IN,AGL,CE,Federal Contract Tower,0,0,18,0,18,0,0,4,0,4,0,0,22,0,22,0,0,0,22
02/28/2011,GYY,IN,AGL,CE,Federal Contract Tower,6,2,23,2,33,0,0,24,2,26,6,2,47,4,59,26,0,26,85
03/01/2011,GYY,IN,AGL,CE,Federal Contract Tower,4,3,14,0,21,0,0,19,3,22,4,3,33,3,43,14,0,14,57
03/02/2011,GYY,IN,AGL,CE,Federal Contract Tower,1,2,33,0,36,0,0,20,2,22,1,2,53,2,58,16,14,30,88
03/03/2011,GYY,IN,AGL,CE,Federal Contract Tower,0,1,28,0,29,0,0,29,6,35,0,1,57,6,64,78,24,102,166
03/04/2011,GYY,IN,AGL,CE,Federal Contract Tower,0,5,19,0,24,0,0,16,0,16,0,5,35,0,40,20,0,20,60
03/05/2011,GYY,IN,AGL,CE,Federal Contract Tower,0,0,3,0,3,0,0,0,0,0,0,0,3,0,3,0,0,0,3
03/06/2011,GYY,IN,AGL,CE,Federal Contract Tower,2,3,17,0,22,0,0,5,0,5,2,3,22,0,27,6,0,6,33
03/07/2011,GYY,IN,AGL,CE,Federal Contract Tower,2,1,27,1,31,0,0,19,0,19,2,1,46,1,50,32,0,32,82
03/08/2011,GYY,IN,AGL,CE,Federal Contract Tower,2,0,24,1,27,0,0,19,2,21,2,0,43,3,48,10,2,12,60
03/09/2011,GYY,IN,AGL,CE,Federal Contract Tower,1,7,34,0,42,0,0,3,0,3,1,7,37,0,45,4,0,4,49
03/10/2011,GYY,IN,AGL,CE,Federal Contract Tower,2,1,33,0,36,0,2,18,0,20,2,3,51,0,56,8,0,8,64
03/11/2011,GYY,IN,AGL,CE,Federal Contract Tower,4,7,22,2,35,0,1,44,0,45,4,8,66,2,80,84,0,84,164
03/12/2011,GYY,IN,AGL,CE,Federal Contract Tower,2,0,11,0,13,0,2,19,0,21,2,2,30,0,34,12,0,12,46
03/13/2011,GYY,IN,AGL,CE,Federal Contract Tower,0,0,14,0,14,0,0,16,0,16,0,0,30,0,30,14,0,14,44
03/14/2011,GYY,IN,AGL,CE,Federal Contract Tower,1,2,19,0,22,0,1,27,0,28,1,3,46,0,50,20,0,20,70
03/15/2011,GYY,IN,AGL,CE,Federal Contract Tower,0,2,22,0,24,0,0,16,5,21,0,2,38,5,45,6,12,18,63
03/16/2011,GYY,IN,AGL,CE,Federal Contract Tower,1,0,26,0,27,0,0,22,8,30,1,0,48,8,57,22,66,88,145
03/17/2011,GYY,IN,AGL,CE,Federal Contract Tower,0,2,16,0,18,0,0,25,4,29,0,2,41,4,47,20,0,20,67
03/18/2011,GYY,IN,AGL,CE,Federal Contract Tower,0,8,23,2,33,0,0,24,4,28,0,8,47,6,61,36,6,42,103
03/19/2011,GYY,IN,AGL,CE,Federal Contract Tower,0,0,9,0,9,0,0,60,0,60,0,0,69,0,69,214,0,214,283
03/20/2011,GYY,IN,AGL,CE,Federal Contract Tower,1,2,15,0,18,0,0,14,0,14,1,2,29,0,32,4,0,4,36
03/21/2011,GYY,IN,AGL,CE,Federal Contract Tower,0,6,35,2,43,0,0,11,0,11,0,6,46,2,54,20,0,20,74
03/22/2011,GYY,IN,AGL,CE,Federal Contract Tower,1,2,22,0,25,0,0,26,0,26,1,2,48,0,51,76,0,76,127
03/23/2011,GYY,IN,AGL,CE,Federal Contract Tower,1,0,11,0,12,0,0,5,0,5,1,0,16,0,17,36,0,36,53
03/24/2011,GYY,IN,AGL,CE,Federal Contract Tower,8,8,21,0,37,0,0,20,0,20,8,8,41,0,57,94,0,94,151
03/25/2011,GYY,IN,AGL,CE,Federal Contract Tower,2,6,17,0,25,0,0,22,2,24,2,6,39,2,49,64,0,64,113
03/26/2011,GYY,IN,AGL,CE,Federal Contract Tower,0,3,19,1,23,0,0,26,2,28,0,3,45,3,51,2,0,2,53
03/27/2011,GYY,IN,AGL,CE,Federal Contract Tower,0,4,15,0,19,0,0,27,0,27,0,4,42,0,46,32,0,32,78
03/28/2011,GYY,IN,AGL,CE,Federal Contract Tower,1,1,9,0,11,0,0,15,4,19,1,1,24,4,30,2,2,4,34
03/29/2011,GYY,IN,AGL,CE,Federal Contract Tower,1,0,18,0,19,0,4,39,7,50,1,4,57,7,69,98,4,102,171
03/30/2011,GYY,IN,AGL,CE,Federal Contract Tower,3,2,18,1,24,0,0,35,9,44,3,2,53,10,68,62,0,62,130
03/31/2011,GYY,IN,AGL,CE,Federal Contract Tower,1,0,9,5,15,0,0,34,0,34,1,0,43,5,49,44,0,44,93
04/01/2011,GYY,IN,AGL,CE,Federal Contract Tower,1,1,17,3,22,0,0,6,0,6,1,1,23,3,28,34,6,40,68
04/02/2011,GYY,IN,AGL,CE,Federal Contract Tower,1,2,18,0,21,0,0,25,0,25,1,2,43,0,46,36,0,36,82
04/03/2011,GYY,IN,AGL,CE,Federal Contract Tower,1,3,18,2,24,0,0,4,0,4,1,3,22,2,28,0,0,0,28
04/04/2011,GYY,IN,AGL,CE,Federal Contract Tower,0,3,16,0,19,0,0,2,4,6,0,3,18,4,25,0,12,12,37
04/05/2011,GYY,IN,AGL,CE,Federal Contract Tower,1,0,19,2,22,0,0,20,6,26,1,0,39,8,48,74,2,76,124
04/06/2011,GYY,IN,AGL,CE,Federal Contract Tower,2,5,22,5,34,0,2,25,6,33,2,7,47,11,67,62,10,72,139
04/07/2011,GYY,IN,AGL,CE,Federal Contract Tower,0,0,22,1,23,0,0,2,0,2,0,0,24,1,25,0,0,0,25
04/08/2011,GYY,IN,AGL,CE,Federal Contract Tower,1,0,16,2,19,0,0,0,0,0,1,0,16,2,19,0,0,0,19
04/09/2011,GYY,IN,AGL,CE,Federal Contract Tower,0,0,8,0,8,0,0,43,5,48,0,0,51,5,56,142,0,142,198
04/10/2011,GYY,IN,AGL,CE,Federal Contract Tower,1,1,9,0,11,0,0,12,5,17,1,1,21,5,28,0,0,0,28
04/11/2011,GYY,IN,AGL,CE,Federal Contract Tower,0,4,28,0,32,0,0,17,6,23,0,4,45,6,55,22,16,38,93
04/12/2011,GYY,IN,AGL,CE,Federal Contract Tower,0,1,25,0,26,0,0,27,1,28,0,1,52,1,54,50,0,50,104
04/13/2011,GYY,IN,AGL,CE,Federal Contract Tower,1,8,28,0,37,0,0,23,1,24,1,8,51,1,61,38,0,38,99
04/14/2011,GYY,IN,AGL,CE,Federal Contract Tower,0,7,33,0,40,0,0,11,0,11,0,7,44,0,51,0,0,0,51
04/15/2011,GYY,IN,AGL,CE,Federal Contract Tower,0,21,37,0,58,0,0,0,0,0,0,21,37,0,58,0,0,0,58
04/16/2011,GYY,IN,AGL,CE,Federal Contract Tower,0,2,11,0,13,0,0,6,0,6,0,2,17,0,19,0,0,0,19
04/17/2011,GYY,IN,AGL,CE,Federal Contract Tower,1,2,10,0,13,0,0,24,4,28,1,2,34,4,41,16,0,16,57
04/18/2011,GYY,IN,AGL,CE,Federal Contract Tower,4,1,16,0,21,0,0,7,4,11,4,1,23,4,32,0,0,0,32
04/19/2011,GYY,IN,AGL,CE,Federal Contract Tower,3,4,10,0,17,0,0,3,0,3,3,4,13,0,20,0,0,0,20
04/20/2011,GYY,IN,AGL,CE,Federal Contract Tower,1,2,29,0,32,0,0,8,0,8,1,2,37,0,40,0,0,0,40
04/21/2011,GYY,IN,AGL,CE,Federal Contract Tower,3,3,23,0,29,0,0,35,4,39,3,3,58,4,68,16,0,16,84
04/22/2011,GYY,IN,AGL,CE,Federal Contract Tower,0,2,18,0,20,0,0,3,0,3,0,2,21,0,23,6,0,6,29
04/23/2011,GYY,IN,AGL,CE,Federal Contract Tower,0,1,15,0,16,0,0,12,0,12,0,1,27,0,28,0,0,0,28
04/24/2011,GYY,IN,AGL,CE,Federal Contract Tower,1,0,5,0,6,0,0,16,0,16,1,0,21,0,22,6,0,6,28
04/25/2011,GYY,IN,AGL,CE,Federal Contract Tower,0,1,22,0,23,0,0,7,0,7,0,1,29,0,30,16,0,16,46
04/26/2011,GYY,IN,AGL,CE,Federal Contract Tower,1,4,21,2,28,0,0,0,0,0,1,4,21,2,28,0,0,0,28
04/27/2011,GYY,IN,AGL,CE,Federal Contract Tower,1,6,28,0,35,0,2,3,0,5,1,8,31,0,40,0,0,0,40
04/28/2011,GYY,IN,AGL,CE,Federal Contract Tower,0,5,26,0,31,0,2,11,0,13,0,7,37,0,44,36,0,36,80
04/29/2011,GYY,IN,AGL,CE,Federal Contract Tower,2,2,32,2,38,0,0,37,0,37,2,2,69,2,75,70,0,70,145
04/30/2011,GYY,IN,AGL,CE,Federal Contract Tower,2,3,9,0,14,0,2,26,0,28,2,5,35,0,42,46,0,46,88
05/01/2011,GYY,IN,AGL,CE,Federal Contract Tower,2,3,19,0,24,0,0,28,0,28,2,3,47,0,52,22,0,22,74
05/02/2011,GYY,IN,AGL,CE,Federal Contract Tower,1,1,23,0,25,0,0,16,5,21,1,1,39,5,46,34,0,34,80
05/03/2011,GYY,IN,AGL,CE,Federal Contract Tower,3,0,27,0,30,0,2,26,5,33,3,2,53,5,63,44,36,80,143
05/04/2011,GYY,IN,AGL,CE,Federal Contract Tower,2,0,15,0,17,0,1,26,6,33,2,1,41,6,50,14,0,14,64
05/05/2011,GYY,IN,AGL,CE,Federal Contract Tower,1,2,22,0,25,0,0,17,0,17,1,2,39,0,42,12,0,12,54
05/06/2011,GYY,IN,AGL,CE,Federal Contract Tower,2,6,23,0,31,0,0,19,0,19,2,6,42,0,50,26,0,26,76
05/07/2011,GYY,IN,AGL,CE,Federal Contract Tower,1,0,11,0,12,0,0,13,0,13,1,0,24,0,25,22,0,22,47
05/08/2011,GYY,IN,AGL,CE,Federal Contract Tower,0,1,12,0,13,0,0,21,0,21,0,1,33,0,34,26,0,26,60
05/09/2011,GYY,IN,AGL,CE,Federal Contract Tower,0,0,19,0,19,0,2,26,1,29,0,2,45,1,48,20,0,20,68
05/10/2011,GYY,IN,AGL,CE,Federal Contract Tower,2,1,22,0,25,0,0,26,2,28,2,1,48,2,53,52,0,52,105
05/11/2011,GYY,IN,AGL,CE,Federal Contract Tower,1,1,37,0,39,0,0,44,7,51,1,1,81,7,90,38,0,38,128
05/12/2011,GYY,IN,AGL,CE,Federal Contract Tower,1,5,24,0,30,0,2,16,0,18,1,7,40,0,48,0,0,0,48
05/13/2011,GYY,IN,AGL,CE,Federal Contract Tower,1,8,30,0,39,0,2,8,0,10,1,10,38,0,49,28,0,28,77
05/14/2011,GYY,IN,AGL,CE,Federal Contract Tower,3,6,11,0,20,0,0,0,0,0,3,6,11,0,20,0,0,0,20
05/15/2011,GYY,IN,AGL,CE,Federal Contract Tower,1,0,13,0,14,0,0,0,0,0,1,0,13,0,14,0,0,0,14
05/16/2011,GYY,IN,AGL,CE,Federal Contract Tower,2,1,23,0,26,0,0,17,3,20,2,1,40,3,46,6,0,6,52
05/17/2011,GYY,IN,AGL,CE,Federal Contract Tower,1,3,22,0,26,0,0,17,5,22,1,3,39,5,48,0,0,0,48
05/18/2011,GYY,IN,AGL,CE,Federal Contract Tower,2,1,22,0,25,0,0,4,0,4,2,1,26,0,29,0,0,0,29
05/19/2011,GYY,IN,AGL,CE,Federal Contract Tower,1,2,33,1,37,0,0,14,1,15,1,2,47,2,52,34,0,34,86
05/20/2011,GYY,IN,AGL,CE,Federal Contract Tower,1,2,24,0,27,0,0,19,1,20,1,2,43,1,47,34,0,34,81
05/21/2011,GYY,IN,AGL,CE,Federal Contract Tower,0,0,17,2,19,0,0,11,5,16,0,0,28,7,35,20,0,20,55
05/22/2011,GYY,IN,AGL,CE,Federal Contract Tower,0,8,18,0,26,0,0,16,0,16,0,8,34,0,42,12,0,12,54
05/23/2011,GYY,IN,AGL,CE,Federal Contract Tower,1,1,21,0,23,0,1,24,1,26,1,2,45,1,49,12,0,12,61
05/24/2011,GYY,IN,AGL,CE,Federal Contract Tower,0,0,24,0,24,0,0,36,3,39,0,0,60,3,63,30,0,30,93
05/25/2011,GYY,IN,AGL,CE,Federal Contract Tower,0,3,24,0,27,0,0,4,11,15,0,3,28,11,42,4,30,34,76
05/26/2011,GYY,IN,AGL,CE,Federal Contract Tower,1,5,21,2,29,0,0,4,0,4,1,5,25,2,33,0,0,0,33
05/27/2011,GYY,IN,AGL,CE,Federal Contract Tower,1,4,35,2,42,0,2,37,1,40,1,6,72,3,82,82,0,82,164
05/28/2011,GYY,IN,AGL,CE,Federal Contract Tower,2,0,15,1,18,0,0,3,0,3,2,0,18,1,21,6,0,6,27
05/29/2011,GYY,IN,AGL,CE,Federal Contract Tower,0,0,10,0,10,0,0,2,0,2,0,0,12,0,12,0,0,0,12
05/30/2011,GYY,IN,AGL,CE,Federal Contract Tower,0,0,12,0,12,0,0,29,0,29,0,0,41,0,41,49,0,49,90
05/31/2011,GYY,IN,AGL,CE,Federal Contract Tower,2,2,22,0,26,0,2,21,0,23,2,4,43,0,49,2,0,2,51
06/01/2011,GYY,IN,AGL,CE,Federal Contract Tower,1,0,22,0,23,0,0,16,7,23,1,0,38,7,46,4,52,56,102
06/02/2011,GYY,IN,AGL,CE,Federal Contract Tower,0,1,26,0,27,0,0,30,8,38,0,1,56,8,65,34,42,76,141
06/03/2011,GYY,IN,AGL,CE,Federal Contract Tower,2,6,23,0,31,0,0,25,2,27,2,6,48,2,58,14,2,16,74
06/04/2011,GYY,IN,AGL,CE,Federal Contract Tower,1,0,11,0,12,0,0,19,0,19,1,0,30,0,31,32,0,32,63
06/05/2011,GYY,IN,AGL,CE,Federal Contract Tower,1,1,15,0,17,0,0,33,0,33,1,1,48,0,50,44,0,44,94
06/06/2011,GYY,IN,AGL,CE,Federal Contract Tower,0,0,25,0,25,0,0,28,3,31,0,0,53,3,56,6,0,6,62
06/07/2011,GYY,IN,AGL,CE,Federal Contract Tower,2,1,29,0,32,0,0,20,2,22,2,1,49,2,54,22,0,22,76
06/08/2011,GYY,IN,AGL,CE,Federal Contract Tower,2,0,20,0,22,0,0,19,4,23,2,0,39,4,45,24,2,26,71
06/09/2011,GYY,IN,AGL,CE,Federal Contract Tower,1,7,38,0,46,0,0,1,2,3,1,7,39,2,49,0,4,4,53
06/10/2011,GYY,IN,AGL,CE,Federal Contract Tower,2,1,36,0,39,0,0,9,0,9,2,1,45,0,48,10,0,10,58
06/11/2011,GYY,IN,AGL,CE,Federal Contract Tower,0,4,17,0,21,0,0,2,0,2,0,4,19,0,23,6,0,6,29
06/12/2011,GYY,IN,AGL,CE,Federal Contract Tower,0,8,24,0,32,0,0,27,0,27,0,8,51,0,59,14,0,14,73
06/13/2011,GYY,IN,AGL,CE,Federal Contract Tower,2,1,18,0,21,0,0,39,7,46,2,1,57,7,67,52,2,54,121
06/14/2011,GYY,IN,AGL,CE,Federal Contract Tower,2,1,25,0,28,0,0,21,9,30,2,1,46,9,58,16,0,16,74
06/15/2011,GYY,IN,AGL,CE,Federal Contract Tower,3,0,22,0,25,0,0,6,0,6,3,0,28,0,31,0,0,0,31
06/16/2011,GYY,IN,AGL,CE,Federal Contract Tower,2,1,36,0,39,0,0,14,2,16,2,1,50,2,55,6,0,6,61
06/17/2011,GYY,IN,AGL,CE,Federal Contract Tower,1,6,22,0,29,0,0,37,4,41,1,6,59,4,70,52,0,52,122
06/18/2011,GYY,IN,AGL,CE,Federal Contract Tower,0,2,14,0,16,0,0,18,4,22,0,2,32,4,38,28,0,28,66
06/19/2011,GYY,IN,AGL,CE,Federal Contract Tower,0,3,28,0,31,0,0,19,0,19,0,3,47,0,50,26,0,26,76
06/20/2011,GYY,IN,AGL,CE,Federal Contract Tower,0,0,22,1,23,0,0,7,0,7,0,0,29,1,30,26,0,26,56
06/21/2011,GYY,IN,AGL,CE,Federal Contract Tower,1,2,16,0,19,0,0,24,9,33,1,2,40,9,52,38,0,38,90
06/22/2011,GYY,IN,AGL,CE,Federal Contract Tower,0,5,31,2,38,0,0,15,4,19,0,5,46,6,57,30,0,30,87
06/23/2011,GYY,IN,AGL,CE,Federal Contract Tower,0,3,26,0,29,0,0,13,6,19,0,3,39,6,48,0,0,0,48
06/24/2011,GYY,IN,AGL,CE,Federal Contract Tower,0,5,25,1,31,0,0,24,5,29,0,5,49,6,60,12,0,12,72
06/25/2011,GYY,IN,AGL,CE,Federal Contract Tower,0,5,10,1,16,0,0,44,5,49,0,5,54,6,65,76,0,76,141
06/26/2011,GYY,IN,AGL,CE,Federal Contract Tower,4,6,17,1,28,0,0,25,3,28,4,6,42,4,56,8,0,8,64
06/27/2011,GYY,IN,AGL,CE,Federal Contract Tower,4,0,23,0,27,0,0,16,3,19,4,0,39,3,46,54,0,54,100
06/28/2011,GYY,IN,AGL,CE,Federal Contract Tower,1,0,22,0,23,0,0,29,3,32,1,0,51,3,55,0,0,0,55
06/29/2011,GYY,IN,AGL,CE,Federal Contract Tower,0,1,23,1,25,0,2,35,3,40,0,3,58,4,65,20,0,20,85
06/30/2011,GYY,IN,AGL,CE,Federal Contract Tower,2,2,19,0,23,0,4,40,0,44,2,6,59,0,67,48,0,48,115
07/01/2011,GYY,IN,AGL,CE,Federal Contract Tower,1,1,25,0,27,0,0,19,2,21,1,1,44,2,48,70,0,70,118
07/02/2011,GYY,IN,AGL,CE,Federal Contract Tower,0,1,16,0,17,0,0,21,0,21,0,1,37,0,38,24,0,24,62
07/03/2011,GYY,IN,AGL,CE,Federal Contract Tower,0,0,7,0,7,0,0,25,0,25,0,0,32,0,32,28,0,28,60
07/04/2011,GYY,IN,AGL,CE,Federal Contract Tower,0,2,7,0,9,0,0,24,0,24,0,2,31,0,33,36,0,36,69
07/05/2011,GYY,IN,AGL,CE,Federal Contract Tower,1,5,10,0,16,0,1,42,7,50,1,6,52,7,66,90,4,94,160
07/06/2011,GYY,IN,AGL,CE,Federal Contract Tower,0,2,31,0,33,0,6,27,16,49,0,8,58,16,82,56,34,90,172
07/07/2011,GYY,IN,AGL,CE,Federal Contract Tower,0,3,32,0,35,0,0,28,2,30,0,3,60,2,65,42,0,42,107
07/08/2011,GYY,IN,AGL,CE,Federal Contract Tower,0,0,13,0,13,0,0,27,0,27,0,0,40,0,40,12,0,12,52
07/09/2011,GYY,IN,AGL,CE,Federal Contract Tower,1,2,11,0,14,0,2,48,0,50,1,4,59,0,64,64,0,64,128
07/10/2011,GYY,IN,AGL,CE,Federal Contract Tower,2,1,21,4,28,0,0,24,2,26,2,1,45,6,54,66,0,66,120
07/11/2011,GYY,IN,AGL,CE,Federal Contract Tower,3,2,14,0,19,0,0,16,0,16,3,2,30,0,35,36,0,36,71
07/12/2011,GYY,IN,AGL,CE,Federal Contract Tower,3,3,21,0,27,0,0,33,5,38,3,3,54,5,65,44,14,58,123
07/13/2011,GYY,IN,AGL,CE,Federal Contract Tower,5,3,19,2,29,0,0,37,4,41,5,3,56,6,70,14,26,40,110
07/14/2011,GYY,IN,AGL,CE,Federal Contract Tower,2,2,27,2,33,0,0,67,6,73,2,2,94,8,106,24,8,32,138
07/15/2011,GYY,IN,AGL,CE,Federal Contract Tower,0,2,23,1,26,0,0,121,22,143,0,2,144,23,169,110,56,166,335
07/16/2011,GYY,IN,AGL,CE,Federal Contract Tower,0,3,20,1,24,0,0,139,28,167,0,3,159,29,191,158,66,224,415
07/17/2011,GYY,IN,AGL,CE,Federal Contract Tower,0,4,18,3,25,0,1,81,18,100,0,5,99,21,125,44,16,60,185
07/18/2011,GYY,IN,AGL,CE,Federal Contract Tower,1,2,15,5,23,0,0,17,0,17,1,2,32,5,40,14,0,14,54
07/19/2011,GYY,IN,AGL,CE,Federal Contract Tower,1,2,32,0,35,0,0,18,0,18,1,2,50,0,53,2,0,2,55
07/20/2011,GYY,IN,AGL,CE,Federal Contract Tower,2,2,28,0,32,0,0,23,2,25,2,2,51,2,57,14,0,14,71
07/21/2011,GYY,IN,AGL,CE,Federal Contract Tower,1,3,22,2,28,0,0,23,1,24,1,3,45,3,52,8,0,8,60
07/22/2011,GYY,IN,AGL,CE,Federal Contract Tower,1,2,18,0,21,0,0,10,1,11,1,2,28,1,32,16,0,16,48
07/23/2011,GYY,IN,AGL,CE,Federal Contract Tower,0,1,11,0,12,0,0,16,0,16,0,1,27,0,28,0,0,0,28
07/24/2011,GYY,IN,AGL,CE,Federal Contract Tower,0,1,22,0,23,0,0,16,0,16,0,1,38,0,39,24,0,24,63
07/25/2011,GYY,IN,AGL,CE,Federal Contract Tower,0,3,22,0,25,0,0,25,0,25,0,3,47,0,50,48,0,48,98
07/26/2011,GYY,IN,AGL,CE,Federal Contract Tower,1,5,22,0,28,0,0,49,0,49,1,5,71,0,77,34,0,34,111
07/27/2011,GYY,IN,AGL,CE,Federal Contract Tower,2,0,22,0,24,2,0,37,2,41,4,0,59,2,65,70,0,70,135
07/28/2011,GYY,IN,AGL,CE,Federal Contract Tower,3,2,24,0,29,0,0,29,6,35,3,2,53,6,64,24,16,40,104
07/29/2011,GYY,IN,AGL,CE,Federal Contract Tower,0,7,33,0,40,0,0,27,2,29,0,7,60,2,69,12,0,12,81
07/30/2011,GYY,IN,AGL,CE,Federal Contract Tower,2,2,11,0,15,0,2,29,0,31,2,4,40,0,46,20,0,20,66
07/31/2011,GYY,IN,AGL,CE,Federal Contract Tower,1,4,19,0,24,0,0,34,2,36,1,4,53,2,60,34,0,34,94
08/01/2011,GYY,IN,AGL,CE,Federal Contract Tower,3,2,16,0,21,0,0,16,0,16,3,2,32,0,37,10,0,10,47
08/02/2011,GYY,IN,AGL,CE,Federal Contract Tower,1,0,19,0,20,0,0,31,1,32,1,0,50,1,52,26,0,26,78
08/03/2011,GYY,IN,AGL,CE,Federal Contract Tower,3,4,27,4,38,0,2,29,2,33,3,6,56,6,71,0,4,4,75
08/04/2011,GYY,IN,AGL,CE,Federal Contract Tower,0,3,29,0,32,0,0,29,2,31,0,3,58,2,63,8,0,8,71
08/05/2011,GYY,IN,AGL,CE,Federal Contract Tower,0,3,23,0,26,0,4,45,2,51,0,7,68,2,77,50,0,50,127
08/06/2011,GYY,IN,AGL,CE,Federal Contract Tower,2,6,11,0,19,0,0,14,0,14,2,6,25,0,33,30,0,30,63
08/07/2011,GYY,IN,AGL,CE,Federal Contract Tower,0,4,23,0,27,0,0,36,0,36,0,4,59,0,63,4,0,4,67
08/08/2011,GYY,IN,AGL,CE,Federal Contract Tower,0,4,18,0,22,0,1,25,3,29,0,5,43,3,51,10,0,10,61
08/09/2011,GYY,IN,AGL,CE,Federal Contract Tower,2,5,26,2,35,0,0,30,6,36,2,5,56,8,71,56,2,58,129
08/10/2011,GYY,IN,AGL,CE,Federal Contract Tower,1,4,24,0,29,0,0,34,3,37,1,4,58,3,66,20,0,20,86
08/11/2011,GYY,IN,AGL,CE,Federal Contract Tower,2,4,26,0,32,1,0,25,3,29,3,4,51,3,61,30,0,30,91
08/12/2011,GYY,IN,AGL,CE,Federal Contract Tower,2,3,26,0,31,0,0,29,2,31,2,3,55,2,62,18,0,18,80
08/13/2011,GYY,IN,AGL,CE,Federal Contract Tower,0,0,16,0,16,0,0,28,3,31,0,0,44,3,47,2,0,2,49
08/14/2011,GYY,IN,AGL,CE,Federal Contract Tower,2,5,10,0,17,0,4,18,0,22,2,9,28,0,39,0,0,0,39
08/15/2011,GYY,IN,AGL,CE,Federal Contract Tower,3,2,22,1,28,0,0,21,5,26,3,2,43,6,54,20,0,20,74
08/16/2011,GYY,IN,AGL,CE,Federal Contract Tower,1,2,25,0,28,0,1,45,1,47,1,3,70,1,75,44,2,46,121
08/17/2011,GYY,IN,AGL,CE,Federal Contract Tower,2,2,28,1,33,0,0,63,3,66,2,2,91,4,99,36,4,40,139
08/18/2011,GYY,IN,AGL,CE,Federal Contract Tower,0,1,27,25,53,0,2,135,19,156,0,3,162,44,209,160,84,244,453
08/19/2011,GYY,IN,AGL,CE,Federal Contract Tower,1,0,33,4,38,0,0,55,44,99,1,0,88,48,137,48,14,62,199
08/20/2011,GYY,IN,AGL,CE,Federal Contract Tower,2,0,28,11,41,0,0,91,59,150,2,0,119,70,191,84,68,152,343
08/21/2011,GYY,IN,AGL,CE,Federal Contract Tower,0,3,16,13,32,0,0,87,72,159,0,3,103,85,191,80,90,170,361
08/22/2011,GYY,IN,AGL,CE,Federal Contract Tower,1,6,25,18,50,0,2,36,2,40,1,8,61,20,90,34,0,34,124
08/23/2011,GYY,IN,AGL,CE,Federal Contract Tower,1,5,22,2,30,0,0,26,2,28,1,5,48,4,58,48,0,48,106
08/24/2011,GYY,IN,AGL,CE,Federal Contract Tower,0,5,24,0,29,0,1,19,5,25,0,6,43,5,54,40,0,40,94
08/25/2011,GYY,IN,AGL,CE,Federal Contract Tower,0,0,25,2,27,0,2,35,1,38,0,2,60,3,65,52,0,52,117
08/26/2011,GYY,IN,AGL,CE,Federal Contract Tower,0,0,19,0,19,0,2,37,0,39,0,2,56,0,58,36,0,36,94
08/27/2011,GYY,IN,AGL,CE,Federal Contract Tower,2,0,22,0,24,0,0,19,1,20,2,0,41,1,44,64,0,64,108
08/28/2011,GYY,IN,AGL,CE,Federal Contract Tower,2,0,17,0,19,0,4,24,1,29,2,4,41,1,48,6,0,6,54
08/29/2011,GYY,IN,AGL,CE,Federal Contract Tower,1,2,21,0,24,0,0,31,4,35,1,2,52,4,59,42,0,42,101
08/30/2011,GYY,IN,AGL,CE,Federal Contract Tower,3,0,20,0,23,0,0,44,1,45,3,0,64,1,68,56,0,56,124
08/31/2011,GYY,IN,AGL,CE,Federal Contract Tower,0,2,17,2,21,0,0,33,6,39,0,2,50,8,60,16,0,16,76
09/01/2011,GYY,IN,AGL,CE,Federal Contract Tower,1,0,23,1,25,0,8,12,6,26,1,8,35,7,51,0,0,0,51
09/02/2011,GYY,IN,AGL,CE,Federal Contract Tower,0,2,21,0,23,0,0,26,2,28,0,2,47,2,51,56,0,56,107
09/03/2011,GYY,IN,AGL,CE,Federal Contract Tower,0,0,10,0,10,0,0,12,6,18,0,0,22,6,28,8,0,8,36
09/04/2011,GYY,IN,AGL,CE,Federal Contract Tower,0,0,12,0,12,0,0,5,0,5,0,0,17,0,17,0,0,0,17
09/05/2011,GYY,IN,AGL,CE,Federal Contract Tower,1,0,28,0,29,0,0,16,0,16,1,0,44,0,45,12,0,12,57
09/06/2011,GYY,IN,AGL,CE,Federal Contract Tower,1,1,26,0,28,0,0,14,2,16,1,1,40,2,44,2,0,2,46
09/07/2011,GYY,IN,AGL,CE,Federal Contract Tower,6,3,18,1,28,0,2,16,4,22,6,5,34,5,50,0,4,4,54
09/08/2011,GYY,IN,AGL,CE,Federal Contract Tower,3,2,27,1,33,0,0,4,0,4,3,2,31,1,37,2,0,2,39
09/09/2011,GYY,IN,AGL,CE,Federal Contract Tower,2,0,19,1,22,0,0,6,0,6,2,0,25,1,28,6,0,6,34
09/10/2011,GYY,IN,AGL,CE,Federal Contract Tower,0,5,18,0,23,0,0,20,2,22,0,5,38,2,45,22,0,22,67
09/11/2011,GYY,IN,AGL,CE,Federal Contract Tower,3,2,18,0,23,0,0,12,0,12,3,2,30,0,35,8,0,8,43
09/12/2011,GYY,IN,AGL,CE,Federal Contract Tower,3,0,22,0,25,0,0,30,5,35,3,0,52,5,60,76,0,76,136
09/13/2011,GYY,IN,AGL,CE,Federal Contract Tower,3,2,17,0,22,0,0,39,4,43,3,2,56,4,65,64,4,68,133
09/14/2011,GYY,IN,AGL,CE,Federal Contract Tower,0,4,35,0,39,0,0,26,4,30,0,4,61,4,69,36,0,36,105
09/15/2011,GYY,IN,AGL,CE,Federal Contract Tower,2,4,21,1,28,0,2,31,6,39,2,6,52,7,67,32,0,32,99
09/16/2011,GYY,IN,AGL,CE,Federal Contract Tower,0,2,19,0,21,0,5,48,2,55,0,7,67,2,76,32,0,32,108
09/17/2011,GYY,IN,AGL,CE,Federal Contract Tower,1,2,12,0,15,0,2,39,12,53,1,4,51,12,68,8,0,8,76
09/18/2011,GYY,IN,AGL,CE,Federal Contract Tower,1,2,26,0,29,0,0,13,0,13,1,2,39,0,42,0,0,0,42
09/19/2011,GYY,IN,AGL,CE,Federal Contract Tower,1,3,22,0,26,0,0,10,0,10,1,3,32,0,36,14,0,14,50
09/20/2011,GYY,IN,AGL,CE,Federal Contract Tower,2,1,14,0,17,0,0,30,2,32,2,1,44,2,49,10,0,10,59
09/21/2011,GYY,IN,AGL,CE,Federal Contract Tower,6,7,27,0,40,0,0,27,3,30,6,7,54,3,70,20,0,20,90
09/22/2011,GYY,IN,AGL,CE,Federal Contract Tower,2,3,31,0,36,0,0,34,3,37,2,3,65,3,73,34,0,34,107
09/23/2011,GYY,IN,AGL,CE,Federal Contract Tower,0,3,36,0,39,0,0,22,1,23,0,3,58,1,62,100,0,100,162
09/24/2011,GYY,IN,AGL,CE,Federal Contract Tower,2,1,12,0,15,0,0,16,0,16,2,1,28,0,31,26,0,26,57
09/25/2011,GYY,IN,AGL,CE,Federal Contract Tower,0,2,31,0,33,0,0,8,0,8,0,2,39,0,41,0,0,0,41
09/26/2011,GYY,IN,AGL,CE,Federal Contract Tower,2,0,20,0,22,0,0,21,8,29,2,0,41,8,51,48,0,48,99
09/27/2011,GYY,IN,AGL,CE,Federal Contract Tower,0,0,30,2,32,0,0,6,2,8,0,0,36,4,40,34,6,40,80
09/28/2011,GYY,IN,AGL,CE,Federal Contract Tower,0,0,30,0,30,0,0,5,2,7,0,0,35,2,37,0,0,0,37
09/29/2011,GYY,IN,AGL,CE,Federal Contract Tower,0,6,27,0,33,0,2,24,2,28,0,8,51,2,61,68,0,68,129
09/30/2011,GYY,IN,AGL,CE,Federal Contract Tower,1,2,18,0,21,0,0,17,0,17,1,2,35,0,38,6,0,6,44
10/01/2011,GYY,IN,AGL,CE,Federal Contract Tower,0,2,14,0,16,0,2,8,0,10,0,4,22,0,26,6,0,6,32
10/02/2011,GYY,IN,AGL,CE,Federal Contract Tower,3,0,26,0,29,0,0,27,5,32,3,0,53,5,61,16,8,24,85
10/03/2011,GYY,IN,AGL,CE,Federal Contract Tower,1,1,25,0,27,0,0,50,0,50,1,1,75,0,77,38,0,38,115
10/04/2011,GYY,IN,AGL,CE,Federal Contract Tower,2,0,19,0,21,0,0,30,4,34,2,0,49,4,55,60,0,60,115
10/05/2011,GYY,IN,AGL,CE,Federal Contract Tower,2,0,27,0,29,0,0,55,0,55,2,0,82,0,84,94,2,96,180
10/06/2011,GYY,IN,AGL,CE,Federal Contract Tower,6,3,26,0,35,0,6,38,0,44,6,9,64,0,79,90,0,90,169
10/07/2011,GYY,IN,AGL,CE,Federal Contract Tower,0,2,22,0,24,0,0,22,0,22,0,2,44,0,46,22,0,22,68
10/08/2011,GYY,IN,AGL,CE,Federal Contract Tower,0,0,6,0,6,0,0,85,0,85,0,0,91,0,91,62,0,62,153
10/09/2011,GYY,IN,AGL,CE,Federal Contract Tower,0,3,8,0,11,0,4,27,0,31,0,7,35,0,42,38,0,38,80
10/10/2011,GYY,IN,AGL,CE,Federal Contract Tower,0,6,14,0,20,0,0,34,0,34,0,6,48,0,54,6,0,6,60
10/11/2011,GYY,IN,AGL,CE,Federal Contract Tower,2,4,36,0,42,0,0,34,3,37,2,4,70,3,79,16,0,16,95
10/12/2011,GYY,IN,AGL,CE,Federal Contract Tower,2,10,22,0,34,0,0,17,0,17,2,10,39,0,51,6,0,6,57
10/13/2011,GYY,IN,AGL,CE,Federal Contract Tower,3,9,38,0,50,0,0,3,0,3,3,9,41,0,53,0,0,0,53
10/14/2011,GYY,IN,AGL,CE,Federal Contract Tower,4,0,29,0,33,0,0,12,0,12,4,0,41,0,45,0,0,0,45
10/15/2011,GYY,IN,AGL,CE,Federal Contract Tower,3,0,13,0,16,0,0,7,0,7,3,0,20,0,23,0,0,0,23
10/16/2011,GYY,IN,AGL,CE,Federal Contract Tower,1,3,18,0,22,0,0,15,0,15,1,3,33,0,37,6,0,6,43
10/17/2011,GYY,IN,AGL,CE,Federal Contract Tower,0,6,20,0,26,0,0,17,0,17,0,6,37,0,43,14,0,14,57
10/18/2011,GYY,IN,AGL,CE,Federal Contract Tower,3,4,15,2,24,0,0,43,0,43,3,4,58,2,67,32,0,32,99
10/19/2011,GYY,IN,AGL,CE,Federal Contract Tower,2,3,31,1,37,0,0,2,0,2,2,3,33,1,39,0,0,0,39
10/20/2011,GYY,IN,AGL,CE,Federal Contract Tower,1,3,20,0,24,0,0,0,0,0,1,3,20,0,24,0,0,0,24
10/21/2011,GYY,IN,AGL,CE,Federal Contract Tower,1,5,26,0,32,0,0,43,1,44,1,5,69,1,76,70,0,70,146
10/22/2011,GYY,IN,AGL,CE,Federal Contract Tower,2,0,10,0,12,0,0,29,1,30,2,0,39,1,42,16,0,16,58
10/23/2011,GYY,IN,AGL,CE,Federal Contract Tower,0,1,11,0,12,0,0,37,0,37,0,1,48,0,49,20,0,20,69
10/24/2011,GYY,IN,AGL,CE,Federal Contract Tower,1,2,26,0,29,0,0,34,5,39,1,2,60,5,68,32,4,36,104
10/25/2011,GYY,IN,AGL,CE,Federal Contract Tower,3,2,29,1,35,0,0,31,9,40,3,2,60,10,75,60,8,68,143
10/26/2011,GYY,IN,AGL,CE,Federal Contract Tower,3,8,20,2,33,0,0,0,7,7,3,8,20,9,40,0,8,8,48
10/27/2011,GYY,IN,AGL,CE,Federal Contract Tower,3,4,21,2,30,0,2,7,7,16,3,6,28,9,46,0,12,12,58
10/28/2011,GYY,IN,AGL,CE,Federal Contract Tower,4,1,24,3,32,0,0,26,0,26,4,1,50,3,58,32,0,32,90
10/29/2011,GYY,IN,AGL,CE,Federal Contract Tower,1,1,13,0,15,0,0,28,0,28,1,1,41,0,43,4,0,4,47
10/30/2011,GYY,IN,AGL,CE,Federal Contract Tower,1,5,11,0,17,0,0,9,0,9,1,5,20,0,26,16,0,16,42
10/31/2011,GYY,IN,AGL,CE,Federal Contract Tower,1,5,17,2,25,0,0,19,2,21,1,5,36,4,46,14,0,14,60
11/01/2011,GYY,IN,AGL,CE,Federal Contract Tower,8,8,33,1,50,0,0,12,2,14,8,8,45,3,64,18,0,18,82
11/02/2011,GYY,IN,AGL,CE,Federal Contract Tower,4,6,15,0,25,0,0,32,12,44,4,6,47,12,69,28,16,44,113
11/03/2011,GYY,IN,AGL,CE,Federal Contract Tower,4,2,18,0,24,0,0,11,0,11,4,2,29,0,35,0,0,0,35
11/04/2011,GYY,IN,AGL,CE,Federal Contract Tower,6,1,25,0,32,0,0,33,0,33,6,1,58,0,65,80,0,80,145
11/05/2011,GYY,IN,AGL,CE,Federal Contract Tower,2,0,11,0,13,0,0,18,0,18,2,0,29,0,31,0,0,0,31
11/06/2011,GYY,IN,AGL,CE,Federal Contract Tower,0,0,10,0,10,0,0,17,0,17,0,0,27,0,27,0,0,0,27
11/07/2011,GYY,IN,AGL,CE,Federal Contract Tower,0,2,26,0,28,0,0,8,0,8,0,2,34,0,36,8,0,8,44
11/08/2011,GYY,IN,AGL,CE,Federal Contract Tower,2,0,19,0,21,0,0,2,0,2,2,0,21,0,23,8,0,8,31
11/09/2011,GYY,IN,AGL,CE,Federal Contract Tower,2,3,18,0,23,0,0,2,0,2,2,3,20,0,25,0,0,0,25
11/10/2011,GYY,IN,AGL,CE,Federal Contract Tower,1,4,27,0,32,0,0,20,0,20,1,4,47,0,52,104,0,104,156
11/11/2011,GYY,IN,AGL,CE,Federal Contract Tower,2,8,19,0,29,0,0,20,0,20,2,8,39,0,49,24,0,24,73
11/12/2011,GYY,IN,AGL,CE,Federal Contract Tower,0,4,12,0,16,0,0,59,0,59,0,4,71,0,75,38,0,38,113
11/13/2011,GYY,IN,AGL,CE,Federal Contract Tower,1,0,14,1,16,0,4,2,0,6,1,4,16,1,22,0,0,0,22
11/14/2011,GYY,IN,AGL,CE,Federal Contract Tower,0,2,21,1,24,0,0,9,0,9,0,2,30,1,33,24,0,24,57
11/15/2011,GYY,IN,AGL,CE,Federal Contract Tower,1,4,21,0,26,0,0,39,1,40,1,4,60,1,66,124,0,124,190
11/16/2011,GYY,IN,AGL,CE,Federal Contract Tower,0,4,27,0,31,0,2,19,10,31,0,6,46,10,62,28,18,46,108
11/17/2011,GYY,IN,AGL,CE,Federal Contract Tower,0,11,17,0,28,0,0,34,7,41,0,11,51,7,69,18,4,22,91
11/18/2011,GYY,IN,AGL,CE,Federal Contract Tower,2,1,28,0,31,0,0,10,0,10,2,1,38,0,41,7,0,7,48
11/19/2011,GYY,IN,AGL,CE,Federal Contract Tower,0,4,19,4,27,0,0,15,0,15,0,4,34,4,42,0,0,0,42
11/20/2011,GYY,IN,AGL,CE,Federal Contract Tower,0,2,15,2,19,0,0,15,0,15,0,2,30,2,34,16,0,16,50
11/21/2011,GYY,IN,AGL,CE,Federal Contract Tower,0,2,9,2,13,0,0,34,0,34,0,2,43,2,47,34,0,34,81
11/22/2011,GYY,IN,AGL,CE,Federal Contract Tower,2,1,20,0,23,0,0,5,0,5,2,1,25,0,28,0,0,0,28
11/23/2011,GYY,IN,AGL,CE,Federal Contract Tower,5,4,34,3,46,0,27,0,0,27,5,31,34,3,73,14,0,14,87
11/24/2011,GYY,IN,AGL,CE,Federal Contract Tower,0,2,9,0,11,0,0,2,0,2,0,2,11,0,13,4,0,4,17
11/25/2011,GYY,IN,AGL,CE,Federal Contract Tower,0,1,7,0,8,0,0,14,0,14,0,1,21,0,22,10,0,10,32
11/26/2011,GYY,IN,AGL,CE,Federal Contract Tower,2,0,15,0,17,0,0,6,0,6,2,0,21,0,23,8,0,8,31
11/27/2011,GYY,IN,AGL,CE,Federal Contract Tower,1,1,23,0,25,0,0,2,0,2,1,1,25,0,27,0,0,0,27
11/28/2011,GYY,IN,AGL,CE,Federal Contract Tower,0,4,25,0,29,0,0,11,2,13,0,4,36,2,42,46,0,46,88
11/29/2011,GYY,IN,AGL,CE,Federal Contract Tower,0,0,17,0,17,0,2,2,2,6,0,2,19,2,23,0,0,0,23
11/30/2011,GYY,IN,AGL,CE,Federal Contract Tower,1,5,18,0,24,0,0,19,3,22,1,5,37,3,46,12,0,12,58
12/01/2011,GYY,IN,AGL,CE,Federal Contract Tower,3,7,23,0,33,0,0,30,7,37,3,7,53,7,70,26,10,36,106
12/02/2011,GYY,IN,AGL,CE,Federal Contract Tower,4,1,20,0,25,0,0,28,0,28,4,1,48,0,53,18,0,18,71
12/03/2011,GYY,IN,AGL,CE,Federal Contract Tower,0,1,10,0,11,0,0,9,0,9,0,1,19,0,20,0,0,0,20
12/04/2011,GYY,IN,AGL,CE,Federal Contract Tower,0,3,14,0,17,0,0,5,2,7,0,3,19,2,24,0,12,12,36
12/05/2011,GYY,IN,AGL,CE,Federal Contract Tower,2,2,17,2,23,0,0,6,2,8,2,2,23,4,31,0,6,6,37
12/06/2011,GYY,IN,AGL,CE,Federal Contract Tower,0,3,16,0,19,0,0,21,7,28,0,3,37,7,47,10,0,10,57
12/07/2011,GYY,IN,AGL,CE,Federal Contract Tower,0,1,31,2,34,0,0,31,4,35,0,1,62,6,69,14,0,14,83
12/08/2011,GYY,IN,AGL,CE,Federal Contract Tower,0,5,31,1,37,0,0,17,4,21,0,5,48,5,58,12,10,22,80
12/09/2011,GYY,IN,AGL,CE,Federal Contract Tower,1,0,23,0,24,0,0,31,0,31,1,0,54,0,55,10,0,10,65
12/10/2011,GYY,IN,AGL,CE,Federal Contract Tower,0,2,8,0,10,0,0,19,0,19,0,2,27,0,29,8,0,8,37
12/11/2011,GYY,IN,AGL,CE,Federal Contract Tower,3,0,22,0,25,0,0,33,0,33,3,0,55,0,58,16,0,16,74
12/12/2011,GYY,IN,AGL,CE,Federal Contract Tower,2,4,20,0,26,0,2,15,2,19,2,6,35,2,45,0,0,0,45
12/13/2011,GYY,IN,AGL,CE,Federal Contract Tower,4,1,33,1,39,0,2,24,2,28,4,3,57,3,67,32,6,38,105
12/14/2011,GYY,IN,AGL,CE,Federal Contract Tower,3,3,19,1,26,0,0,0,0,0,3,3,19,1,26,0,0,0,26
12/15/2011,GYY,IN,AGL,CE,Federal Contract Tower,3,6,26,0,35,0,2,7,1,10,3,8,33,1,45,0,16,16,61
12/16/2011,GYY,IN,AGL,CE,Federal Contract Tower,7,4,25,0,36,0,0,27,5,32,7,4,52,5,68,18,38,56,124
12/17/2011,GYY,IN,AGL,CE,Federal Contract Tower,0,3,19,0,22,0,0,6,0,6,0,3,25,0,28,12,0,12,40
12/18/2011,GYY,IN,AGL,CE,Federal Contract Tower,0,1,19,0,20,0,0,20,0,20,0,1,39,0,40,12,0,12,52
12/19/2011,GYY,IN,AGL,CE,Federal Contract Tower,0,3,16,0,19,0,4,17,9,30,0,7,33,9,49,0,0,0,49
12/20/2011,GYY,IN,AGL,CE,Federal Contract Tower,6,2,18,0,26,0,0,16,1,17,6,2,34,1,43,64,0,64,107
12/21/2011,GYY,IN,AGL,CE,Federal Contract Tower,3,4,24,0,31,0,0,0,0,0,3,4,24,0,31,0,0,0,31
12/22/2011,GYY,IN,AGL,CE,Federal Contract Tower,4,12,20,4,40,0,0,8,0,8,4,12,28,4,48,24,4,28,76
12/23/2011,GYY,IN,AGL,CE,Federal Contract Tower,4,2,13,0,19,0,0,32,0,32,4,2,45,0,51,26,0,26,77
12/24/2011,GYY,IN,AGL,CE,Federal Contract Tower,0,0,4,0,4,0,0,9,0,9,0,0,13,0,13,6,0,6,19
12/25/2011,GYY,IN,AGL,CE,Federal Contract Tower,0,0,2,0,2,0,0,5,0,5,0,0,7,0,7,0,0,0,7
12/26/2011,GYY,IN,AGL,CE,Federal Contract Tower,0,4,13,0,17,0,0,16,0,16,0,4,29,0,33,12,0,12,45
12/27/2011,GYY,IN,AGL,CE,Federal Contract Tower,0,0,13,0,13,0,0,15,0,15,0,0,28,0,28,42,0,42,70
12/28/2011,GYY,IN,AGL,CE,Federal Contract Tower,0,1,8,0,9,0,0,21,4,25,0,1,29,4,34,32,0,32,66
12/29/2011,GYY,IN,AGL,CE,Federal Contract Tower,1,1,10,0,12,0,0,21,0,21,1,1,31,0,33,6,0,6,39
12/30/2011,GYY,IN,AGL,CE,Federal Contract Tower,0,1,11,0,12,0,0,1,0,1,0,1,12,0,13,0,0,0,13
12/31/2011,GYY,IN,AGL,CE,Federal Contract Tower,0,0,7,0,7,0,0,5,0,5,0,0,12,0,12,0,0,0,12
01/01/2012,GYY,IN,AGL,CE,Federal Contract Tower,0,2,5,0,7,0,0,2,0,2,0,2,7,0,9,0,0,0,9
01/02/2012,GYY,IN,AGL,CE,Federal Contract Tower,1,1,14,0,16,0,0,4,0,4,1,1,18,0,20,0,0,0,20
01/03/2012,GYY,IN,AGL,CE,Federal Contract Tower,1,0,24,0,25,0,0,14,3,17,1,0,38,3,42,28,0,28,70
01/04/2012,GYY,IN,AGL,CE,Federal Contract Tower,4,1,14,0,19,0,11,10,2,23,4,12,24,2,42,4,0,4,46
01/05/2012,GYY,IN,AGL,CE,Federal Contract Tower,7,2,14,0,23,0,3,22,5,30,7,5,36,5,53,34,0,34,87
01/06/2012,GYY,IN,AGL,CE,Federal Contract Tower,3,6,18,0,27,0,2,24,3,29,3,8,42,3,56,20,32,52,108
01/07/2012,GYY,IN,AGL,CE,Federal Contract Tower,4,0,11,0,15,0,0,29,0,29,4,0,40,0,44,6,0,6,50
01/08/2012,GYY,IN,AGL,CE,Federal Contract Tower,2,0,10,0,12,0,0,18,0,18,2,0,28,0,30,6,0,6,36
01/09/2012,GYY,IN,AGL,CE,Federal Contract Tower,3,4,20,0,27,0,0,35,2,37,3,4,55,2,64,74,0,74,138
01/10/2012,GYY,IN,AGL,CE,Federal Contract Tower,0,3,18,0,21,0,0,28,5,33,0,3,46,5,54,18,2,20,74
01/11/2012,GYY,IN,AGL,CE,Federal Contract Tower,1,0,27,3,31,0,0,19,7,26,1,0,46,10,57,12,34,46,103
01/12/2012,GYY,IN,AGL,CE,Federal Contract Tower,3,13,17,0,33,0,0,1,2,3,3,13,18,2,36,0,0,0,36
01/13/2012,GYY,IN,AGL,CE,Federal Contract Tower,5,6,25,0,36,0,10,0,0,10,5,16,25,0,46,0,0,0,46
01/14/2012,GYY,IN,AGL,CE,Federal Contract Tower,0,2,16,0,18,0,0,10,0,10,0,2,26,0,28,4,0,4,32
01/15/2012,GYY,IN,AGL,CE,Federal Contract Tower,0,0,13,0,13,0,0,11,0,11,0,0,24,0,24,2,0,2,26
01/16/2012,GYY,IN,AGL,CE,Federal Contract Tower,3,4,14,0,21,0,0,20,1,21,3,4,34,1,42,70,0,70,112
01/17/2012,GYY,IN,AGL,CE,Federal Contract Tower,3,0,20,2,25,0,0,0,0,0,3,0,20,2,25,0,18,18,43
01/18/2012,GYY,IN,AGL,CE,Federal Contract Tower,5,0,27,0,32,0,0,34,17,51,5,0,61,17,83,126,20,146,229
01/19/2012,GYY,IN,AGL,CE,Federal Contract Tower,4,3,15,0,22,0,0,3,0,3,4,3,18,0,25,4,0,4,29
01/20/2012,GYY,IN,AGL,CE,Federal Contract Tower,2,2,21,2,27,0,0,2,0,2,2,2,23,2,29,10,0,10,39
01/21/2012,GYY,IN,AGL,CE,Federal Contract Tower,4,0,13,0,17,0,0,10,0,10,4,0,23,0,27,0,0,0,27
01/22/2012,GYY,IN,AGL,CE,Federal Contract Tower,0,0,7,0,7,0,0,0,0,0,0,0,7,0,7,0,0,0,7
01/23/2012,GYY,IN,AGL,CE,Federal Contract Tower,2,1,16,0,19,0,0,2,0,2,2,1,18,0,21,0,0,0,21
01/24/2012,GYY,IN,AGL,CE,Federal Contract Tower,4,0,18,0,22,0,0,20,4,24,4,0,38,4,46,24,0,24,70
01/25/2012,GYY,IN,AGL,CE,Federal Contract Tower,3,1,20,0,24,0,0,14,7,21,3,1,34,7,45,10,26,36,81
01/26/2012,GYY,IN,AGL,CE,Federal Contract Tower,2,1,19,0,22,0,0,2,3,5,2,1,21,3,27,0,24,24,51
01/27/2012,GYY,IN,AGL,CE,Federal Contract Tower,2,4,24,0,30,0,0,35,0,35,2,4,59,0,65,96,0,96,161
01/28/2012,GYY,IN,AGL,CE,Federal Contract Tower,4,1,11,0,16,0,0,25,0,25,4,1,36,0,41,12,0,12,53
01/29/2012,GYY,IN,AGL,CE,Federal Contract Tower,0,0,13,0,13,0,0,9,0,9,0,0,22,0,22,14,0,14,36
01/30/2012,GYY,IN,AGL,CE,Federal Contract Tower,1,2,8,0,11,0,0,9,0,9,1,2,17,0,20,2,0,2,22
01/31/2012,GYY,IN,AGL,CE,Federal Contract Tower,5,2,19,0,26,0,4,12,4,20,5,6,31,4,46,26,0,26,72
02/01/2012,GYY,IN,AGL,CE,Federal Contract Tower,3,4,16,0,23,0,0,16,5,21,3,4,32,5,44,16,0,16,60
02/02/2012,GYY,IN,AGL,CE,Federal Contract Tower,6,5,14,1,26,0,0,5,2,7,6,5,19,3,33,0,0,0,33
02/03/2012,GYY,IN,AGL,CE,Federal Contract Tower,8,14,29,0,51,0,0,1,7,8,8,14,30,7,59,0,10,10,69
02/04/2012,GYY,IN,AGL,CE,Federal Contract Tower,8,10,13,0,31,0,0,4,0,4,8,10,17,0,35,12,0,12,47
02/05/2012,GYY,IN,AGL,CE,Federal Contract Tower,1,1,7,0,9,0,2,9,0,11,1,3,16,0,20,10,0,10,30
02/06/2012,GYY,IN,AGL,CE,Federal Contract Tower,4,1,15,0,20,0,0,3,0,3,4,1,18,0,23,0,0,0,23
02/07/2012,GYY,IN,AGL,CE,Federal Contract Tower,11,4,18,0,33,0,0,4,0,4,11,4,22,0,37,0,0,0,37
02/08/2012,GYY,IN,AGL,CE,Federal Contract Tower,15,4,21,0,40,0,10,22,0,32,15,14,43,0,72,40,0,40,112
02/09/2012,GYY,IN,AGL,CE,Federal Contract Tower,6,7,21,0,34,0,0,32,2,34,6,7,53,2,68,52,0,52,120
02/10/2012,GYY,IN,AGL,CE,Federal Contract Tower,4,3,21,0,28,0,0,7,2,9,4,3,28,2,37,38,0,38,75
02/11/2012,GYY,IN,AGL,CE,Federal Contract Tower,0,3,5,0,8,0,0,16,7,23,0,3,21,7,31,8,0,8,39
02/12/2012,GYY,IN,AGL,CE,Federal Contract Tower,0,0,8,0,8,0,0,14,0,14,0,0,22,0,22,36,0,36,58
02/13/2012,GYY,IN,AGL,CE,Federal Contract Tower,1,2,24,0,27,0,0,20,3,23,1,2,44,3,50,14,0,14,64
02/14/2012,GYY,IN,AGL,CE,Federal Contract Tower,0,3,19,2,24,0,0,4,2,6,0,3,23,4,30,6,0,6,36
02/15/2012,GYY,IN,AGL,CE,Federal Contract Tower,5,0,24,0,29,0,4,28,3,35,5,4,52,3,64,128,0,128,192
02/16/2012,GYY,IN,AGL,CE,Federal Contract Tower,1,3,23,0,27,0,0,17,6,23,1,3,40,6,50,16,4,20,70
02/17/2012,GYY,IN,AGL,CE,Federal Contract Tower,2,0,27,1,30,0,0,61,2,63,2,0,88,3,93,78,8,86,179
02/18/2012,GYY,IN,AGL,CE,Federal Contract Tower,1,0,7,0,8,0,2,25,0,27,1,2,32,0,35,4,0,4,39
02/19/2012,GYY,IN,AGL,CE,Federal Contract Tower,3,0,13,0,16,0,3,15,0,18,3,3,28,0,34,14,0,14,48
02/20/2012,GYY,IN,AGL,CE,Federal Contract Tower,1,2,17,1,21,0,2,31,0,33,1,4,48,1,54,42,0,42,96
02/21/2012,GYY,IN,AGL,CE,Federal Contract Tower,3,1,25,0,29,0,0,9,0,9,3,1,34,0,38,10,0,10,48
02/22/2012,GYY,IN,AGL,CE,Federal Contract Tower,1,4,27,2,34,0,2,13,2,17,1,6,40,4,51,2,0,2,53
02/23/2012,GYY,IN,AGL,CE,Federal Contract Tower,6,0,27,0,33,0,0,5,8,13,6,0,32,8,46,0,38,38,84
02/24/2012,GYY,IN,AGL,CE,Federal Contract Tower,1,0,19,0,20,0,0,3,0,3,1,0,22,0,23,6,0,6,29
02/25/2012,GYY,IN,AGL,CE,Federal Contract Tower,5,3,12,0,20,0,2,28,0,30,5,5,40,0,50,12,0,12,62
02/26/2012,GYY,IN,AGL,CE,Federal Contract Tower,2,0,20,0,22,0,0,8,0,8,2,0,28,0,30,0,0,0,30
02/27/2012,GYY,IN,AGL,CE,Federal Contract Tower,0,4,22,0,26,0,2,24,2,28,0,6,46,2,54,16,0,16,70
02/28/2012,GYY,IN,AGL,CE,Federal Contract Tower,2,4,22,0,28,0,0,18,4,22,2,4,40,4,50,0,6,6,56
02/29/2012,GYY,IN,AGL,CE,Federal Contract Tower,2,3,13,0,18,0,6,7,7,20,2,9,20,7,38,8,54,62,100
03/01/2012,GYY,IN,AGL,CE,Federal Contract Tower,5,4,19,0,28,0,0,13,0,13,5,4,32,0,41,4,0,4,45
03/02/2012,GYY,IN,AGL,CE,Federal Contract Tower,1,1,17,0,19,0,0,11,0,11,1,1,28,0,30,32,0,32,62
03/03/2012,GYY,IN,AGL,CE,Federal Contract Tower,3,0,6,0,9,0,0,6,0,6,3,0,12,0,15,14,0,14,29
03/04/2012,GYY,IN,AGL,CE,Federal Contract Tower,5,0,15,0,20,0,0,9,0,9,5,0,24,0,29,16,0,16,45
03/05/2012,GYY,IN,AGL,CE,Federal Contract Tower,0,1,14,0,15,0,0,20,0,20,0,1,34,0,35,18,0,18,53
03/06/2012,GYY,IN,AGL,CE,Federal Contract Tower,2,0,25,0,27,0,0,14,2,16,2,0,39,2,43,10,0,10,53
03/07/2012,GYY,IN,AGL,CE,Federal Contract Tower,2,1,18,0,21,0,0,1,6,7,2,1,19,6,28,0,0,0,28
03/08/2012,GYY,IN,AGL,CE,Federal Contract Tower,2,2,16,0,20,0,0,17,6,23,2,2,33,6,43,38,0,38,81
03/09/2012,GYY,IN,AGL,CE,Federal Contract Tower,0,3,14,0,17,0,0,21,2,23,0,3,35,2,40,22,0,22,62
03/10/2012,GYY,IN,AGL,CE,Federal Contract Tower,1,0,11,0,12,0,0,54,2,56,1,0,65,2,68,40,0,40,108
03/11/2012,GYY,IN,AGL,CE,Federal Contract Tower,3,2,10,0,15,0,0,29,2,31,3,2,39,2,46,24,2,26,72
03/12/2012,GYY,IN,AGL,CE,Federal Contract Tower,1,1,21,0,23,0,3,7,2,12,1,4,28,2,35,0,0,0,35
03/13/2012,GYY,IN,AGL,CE,Federal Contract Tower,0,1,27,0,28,0,6,42,8,56,0,7,69,8,84,46,0,46,130
03/14/2012,GYY,IN,AGL,CE,Federal Contract Tower,1,8,16,2,27,0,0,12,5,17,1,8,28,7,44,8,6,14,58
03/15/2012,GYY,IN,AGL,CE,Federal Contract Tower,2,4,26,0,32,0,0,29,3,32,2,4,55,3,64,38,0,38,102
03/16/2012,GYY,IN,AGL,CE,Federal Contract Tower,0,15,29,0,44,0,1,10,2,13,0,16,39,2,57,34,10,44,101
03/17/2012,GYY,IN,AGL,CE,Federal Contract Tower,1,1,7,0,9,0,0,19,0,19,1,1,26,0,28,38,0,38,66
03/18/2012,GYY,IN,AGL,CE,Federal Contract Tower,1,1,18,0,20,0,0,20,0,20,1,1,38,0,40,8,0,8,48
03/19/2012,GYY,IN,AGL,CE,Federal Contract Tower,1,0,25,0,26,0,0,11,0,11,1,0,36,0,37,0,0,0,37
03/20/2012,GYY,IN,AGL,CE,Federal Contract Tower,3,4,15,0,22,0,4,19,2,25,3,8,34,2,47,14,0,14,61
03/21/2012,GYY,IN,AGL,CE,Federal Contract Tower,4,1,28,0,33,0,0,22,7,29,4,1,50,7,62,58,12,70,132
03/22/2012,GYY,IN,AGL,CE,Federal Contract Tower,3,9,24,0,36,0,2,23,4,29,3,11,47,4,65,76,0,76,141
03/23/2012,GYY,IN,AGL,CE,Federal Contract Tower,1,2,28,0,31,0,0,11,2,13,1,2,39,2,44,28,0,28,72
03/24/2012,GYY,IN,AGL,CE,Federal Contract Tower,4,3,14,2,23,0,0,0,0,0,4,3,14,2,23,0,0,0,23
03/25/2012,GYY,IN,AGL,CE,Federal Contract Tower,2,0,15,0,17,0,0,4,0,4,2,0,19,0,21,0,0,0,21
03/26/2012,GYY,IN,AGL,CE,Federal Contract Tower,0,3,30,0,33,0,0,9,2,11,0,3,39,2,44,4,0,4,48
03/27/2012,GYY,IN,AGL,CE,Federal Contract Tower,1,3,19,2,25,0,4,7,10,21,1,7,26,12,46,8,0,8,54
03/28/2012,GYY,IN,AGL,CE,Federal Contract Tower,2,6,21,0,29,0,1,18,4,23,2,7,39,4,52,48,0,48,100
03/29/2012,GYY,IN,AGL,CE,Federal Contract Tower,3,2,22,2,29,0,2,16,0,18,3,4,38,2,47,32,0,32,79
03/30/2012,GYY,IN,AGL,CE,Federal Contract Tower,1,1,26,0,28,0,0,4,0,4,1,1,30,0,32,14,0,14,46
03/31/2012,GYY,IN,AGL,CE,Federal Contract Tower,0,2,21,0,23,0,0,5,0,5,0,2,26,0,28,0,0,0,28
04/01/2012,GYY,IN,AGL,CE,Federal Contract Tower,0,4,27,0,31,0,0,6,0,6,0,4,33,0,37,12,0,12,49
04/02/2012,GYY,IN,AGL,CE,Federal Contract Tower,4,0,28,0,32,0,0,23,0,23,4,0,51,0,55,56,0,56,111
04/03/2012,GYY,IN,AGL,CE,Federal Contract Tower,2,4,20,0,26,0,1,30,6,37,2,5,50,6,63,38,0,38,101
04/04/2012,GYY,IN,AGL,CE,Federal Contract Tower,1,3,12,0,16,0,3,26,4,33,1,6,38,4,49,20,0,20,69
04/05/2012,GYY,IN,AGL,CE,Federal Contract Tower,4,1,21,0,26,0,4,18,6,28,4,5,39,6,54,22,0,22,76
04/06/2012,GYY,IN,AGL,CE,Federal Contract Tower,2,3,19,0,24,0,0,27,0,27,2,3,46,0,51,74,0,74,125
04/07/2012,GYY,IN,AGL,CE,Federal Contract Tower,0,0,13,0,13,0,0,22,0,22,0,0,35,0,35,12,0,12,47
04/08/2012,GYY,IN,AGL,CE,Federal Contract Tower,0,1,7,0,8,0,0,10,0,10,0,1,17,0,18,0,0,0,18
04/09/2012,GYY,IN,AGL,CE,Federal Contract Tower,6,5,25,0,36,0,0,19,0,19,6,5,44,0,55,4,0,4,59
04/10/2012,GYY,IN,AGL,CE,Federal Contract Tower,1,2,16,1,20,0,0,22,4,26,1,2,38,5,46,52,0,52,98
04/11/2012,GYY,IN,AGL,CE,Federal Contract Tower,1,1,33,0,35,0,0,25,2,27,1,1,58,2,62,32,0,32,94
04/12/2012,GYY,IN,AGL,CE,Federal Contract Tower,2,2,19,3,26,0,1,33,10,44,2,3,52,13,70,34,58,92,162
04/13/2012,GYY,IN,AGL,CE,Federal Contract Tower,4,2,28,2,36,0,0,23,8,31,4,2,51,10,67,32,40,72,139
04/14/2012,GYY,IN,AGL,CE,Federal Contract Tower,3,2,10,5,20,0,4,37,1,42,3,6,47,6,62,0,0,0,62
04/15/2012,GYY,IN,AGL,CE,Federal Contract Tower,3,1,27,0,31,0,0,10,0,10,3,1,37,0,41,0,0,0,41
04/16/2012,GYY,IN,AGL,CE,Federal Contract Tower,2,9,14,0,25,0,1,5,0,6,2,10,19,0,31,0,0,0,31
04/17/2012,GYY,IN,AGL,CE,Federal Contract Tower,2,3,25,0,30,0,4,37,4,45,2,7,62,4,75,56,2,58,133
04/18/2012,GYY,IN,AGL,CE,Federal Contract Tower,3,4,24,0,31,0,0,13,2,15,3,4,37,2,46,12,42,54,100
04/19/2012,GYY,IN,AGL,CE,Federal Contract Tower,9,1,26,0,36,0,0,18,7,25,9,1,44,7,61,12,0,12,73
04/20/2012,GYY,IN,AGL,CE,Federal Contract Tower,6,7,25,0,38,0,0,2,4,6,6,7,27,4,44,0,46,46,90
04/21/2012,GYY,IN,AGL,CE,Federal Contract Tower,0,2,14,0,16,0,0,19,2,21,0,2,33,2,37,28,0,28,65
04/22/2012,GYY,IN,AGL,CE,Federal Contract Tower,2,4,18,0,24,0,0,27,0,27,2,4,45,0,51,14,0,14,65
04/23/2012,GYY,IN,AGL,CE,Federal Contract Tower,1,3,17,0,21,0,0,20,2,22,1,3,37,2,43,20,0,20,63
04/24/2012,GYY,IN,AGL,CE,Federal Contract Tower,3,5,26,0,34,0,1,23,4,28,3,6,49,4,62,10,10,20,82
04/25/2012,GYY,IN,AGL,CE,Federal Contract Tower,1,0,25,3,29,0,0,13,5,18,1,0,38,8,47,0,0,0,47
04/26/2012,GYY,IN,AGL,CE,Federal Contract Tower,4,1,27,0,32,0,2,12,4,18,4,3,39,4,50,16,0,16,66
04/27/2012,GYY,IN,AGL,CE,Federal Contract Tower,2,12,16,0,30,0,0,27,2,29,2,12,43,2,59,44,0,44,103
04/28/2012,GYY,IN,AGL,CE,Federal Contract Tower,2,4,14,0,20,0,0,10,0,10,2,4,24,0,30,6,0,6,36
04/29/2012,GYY,IN,AGL,CE,Federal Contract Tower,4,3,21,1,29,0,0,25,0,25,4,3,46,1,54,36,0,36,90
04/30/2012,GYY,IN,AGL,CE,Federal Contract Tower,0,4,31,1,36,0,0,3,0,3,0,4,34,1,39,2,0,2,41
05/01/2012,GYY,IN,AGL,CE,Federal Contract Tower,0,0,17,3,20,0,0,7,0,7,0,0,24,3,27,0,0,0,27
05/02/2012,GYY,IN,AGL,CE,Federal Contract Tower,0,5,24,0,29,0,2,11,4,17,0,7,35,4,46,22,0,22,68
05/03/2012,GYY,IN,AGL,CE,Federal Contract Tower,4,1,20,0,25,0,4,18,2,24,4,5,38,2,49,0,0,0,49
05/04/2012,GYY,IN,AGL,CE,Federal Contract Tower,1,4,24,0,29,0,4,7,2,13,1,8,31,2,42,0,0,0,42
05/05/2012,GYY,IN,AGL,CE,Federal Contract Tower,0,0,34,0,34,0,0,5,0,5,0,0,39,0,39,6,0,6,45
05/06/2012,GYY,IN,AGL,CE,Federal Contract Tower,1,3,25,0,29,0,2,14,0,16,1,5,39,0,45,6,0,6,51
05/07/2012,GYY,IN,AGL,CE,Federal Contract Tower,1,2,24,0,27,0,0,2,0,2,1,2,26,0,29,0,16,16,45
05/08/2012,GYY,IN,AGL,CE,Federal Contract Tower,1,7,30,0,38,0,0,60,11,71,1,7,90,11,109,2,0,2,111
05/09/2012,GYY,IN,AGL,CE,Federal Contract Tower,1,7,25,0,33,0,0,53,6,59,1,7,78,6,92,12,2,14,106
05/10/2012,GYY,IN,AGL,CE,Federal Contract Tower,3,8,35,0,46,0,1,41,6,48,3,9,76,6,94,56,0,56,150
05/11/2012,GYY,IN,AGL,CE,Federal Contract Tower,4,0,22,0,26,0,2,26,2,30,4,2,48,2,56,34,0,34,90
05/12/2012,GYY,IN,AGL,CE,Federal Contract Tower,3,1,12,0,16,0,4,12,0,16,3,5,24,0,32,20,0,20,52
05/13/2012,GYY,IN,AGL,CE,Federal Contract Tower,3,0,16,0,19,0,0,12,0,12,3,0,28,0,31,2,0,2,33
05/14/2012,GYY,IN,AGL,CE,Federal Contract Tower,0,0,16,0,16,0,0,24,2,26,0,0,40,2,42,26,30,56,98
05/15/2012,GYY,IN,AGL,CE,Federal Contract Tower,1,5,28,0,34,0,0,17,6,23,1,5,45,6,57,4,10,14,71
05/16/2012,GYY,IN,AGL,CE,Federal Contract Tower,2,0,20,0,22,0,0,24,8,32,2,0,44,8,54,6,20,26,80
05/17/2012,GYY,IN,AGL,CE,Federal Contract Tower,1,0,27,0,28,0,2,46,10,58,1,2,73,10,86,84,2,86,172
05/18/2012,GYY,IN,AGL,CE,Federal Contract Tower,7,3,29,0,39,0,0,28,37,65,7,3,57,37,104,54,46,100,204
05/19/2012,GYY,IN,AGL,CE,Federal Contract Tower,2,3,16,4,25,0,0,35,11,46,2,3,51,15,71,94,36,130,201
05/20/2012,GYY,IN,AGL,CE,Federal Contract Tower,3,6,20,4,33,0,0,2,0,2,3,6,22,4,35,0,0,0,35
05/21/2012,GYY,IN,AGL,CE,Federal Contract Tower,3,6,23,0,32,0,0,8,6,14,3,6,31,6,46,0,0,0,46
05/22/2012,GYY,IN,AGL,CE,Federal Contract Tower,2,7,27,0,36,0,0,47,0,47,2,7,74,0,83,54,0,54,137
05/23/2012,GYY,IN,AGL,CE,Federal Contract Tower,2,5,28,0,35,0,0,26,2,28,2,5,54,2,63,20,0,20,83
05/24/2012,GYY,IN,AGL,CE,Federal Contract Tower,4,0,25,0,29,0,4,23,1,28,4,4,48,1,57,12,0,12,69
05/25/2012,GYY,IN,AGL,CE,Federal Contract Tower,0,5,17,0,22,0,4,39,1,44,0,9,56,1,66,42,0,42,108
05/26/2012,GYY,IN,AGL,CE,Federal Contract Tower,0,2,10,0,12,0,2,12,0,14,0,4,22,0,26,0,0,0,26
05/27/2012,GYY,IN,AGL,CE,Federal Contract Tower,2,1,7,0,10,0,0,16,0,16,2,1,23,0,26,0,0,0,26
05/28/2012,GYY,IN,AGL,CE,Federal Contract Tower,0,2,11,0,13,0,0,14,0,14,0,2,25,0,27,4,0,4,31
05/29/2012,GYY,IN,AGL,CE,Federal Contract Tower,0,3,20,0,23,0,1,20,4,25,0,4,40,4,48,12,0,12,60
05/30/2012,GYY,IN,AGL,CE,Federal Contract Tower,1,1,20,0,22,0,0,28,8,36,1,1,48,8,58,10,0,10,68
05/31/2012,GYY,IN,AGL,CE,Federal Contract Tower,1,2,31,0,34,0,4,10,4,18,1,6,41,4,52,2,0,2,54
06/01/2012,GYY,IN,AGL,CE,Federal Contract Tower,2,4,26,0,32,0,2,7,2,11,2,6,33,2,43,0,18,18,61
06/02/2012,GYY,IN,AGL,CE,Federal Contract Tower,1,6,7,0,14,0,4,8,0,12,1,10,15,0,26,0,0,0,26
06/03/2012,GYY,IN,AGL,CE,Federal Contract Tower,1,0,18,0,19,0,2,19,2,23,1,2,37,2,42,18,0,18,60
06/04/2012,GYY,IN,AGL,CE,Federal Contract Tower,4,0,20,0,24,0,22,7,0,29,4,22,27,0,53,16,0,16,69
06/05/2012,GYY,IN,AGL,CE,Federal Contract Tower,1,3,21,0,25,0,5,46,11,62,1,8,67,11,87,58,30,88,175
06/06/2012,GYY,IN,AGL,CE,Federal Contract Tower,0,6,20,0,26,0,0,22,12,34,0,6,42,12,60,18,6,24,84
06/07/2012,GYY,IN,AGL,CE,Federal Contract Tower,2,0,18,0,20,0,0,23,5,28,2,0,41,5,48,42,0,42,90
06/08/2012,GYY,IN,AGL,CE,Federal Contract Tower,1,7,27,1,36,0,2,23,2,27,1,9,50,3,63,22,0,22,85
06/09/2012,GYY,IN,AGL,CE,Federal Contract Tower,3,7,7,0,17,0,0,74,0,74,3,7,81,0,91,96,0,96,187
06/10/2012,GYY,IN,AGL,CE,Federal Contract Tower,3,22,1,0,26,0,0,15,1,16,3,22,16,1,42,0,0,0,42
06/11/2012,GYY,IN,AGL,CE,Federal Contract Tower,5,24,0,0,29,0,0,16,0,16,5,24,16,0,45,0,0,0,45
06/12/2012,GYY,IN,AGL,CE,Federal Contract Tower,0,4,21,0,25,0,2,26,5,33,0,6,47,5,58,12,0,12,70
06/13/2012,GYY,IN,AGL,CE,Federal Contract Tower,0,0,19,0,19,0,0,36,2,38,0,0,55,2,57,20,0,20,77
06/14/2012,GYY,IN,AGL,CE,Federal Contract Tower,5,2,29,0,36,0,0,24,6,30,5,2,53,6,66,24,0,24,90
06/15/2012,GYY,IN,AGL,CE,Federal Contract Tower,2,8,38,0,48,0,0,19,0,19,2,8,57,0,67,26,0,26,93
06/16/2012,GYY,IN,AGL,CE,Federal Contract Tower,3,6,14,1,24,0,0,9,2,11,3,6,23,3,35,0,0,0,35
06/17/2012,GYY,IN,AGL,CE,Federal Contract Tower,2,12,22,0,36,0,0,2,0,2,2,12,24,0,38,0,0,0,38
06/18/2012,GYY,IN,AGL,CE,Federal Contract Tower,2,1,22,0,25,0,0,15,2,17,2,1,37,2,42,0,0,0,42
06/19/2012,GYY,IN,AGL,CE,Federal Contract Tower,2,6,15,0,23,0,0,30,0,30,2,6,45,0,53,0,0,0,53
06/20/2012,GYY,IN,AGL,CE,Federal Contract Tower,2,3,32,0,37,0,0,18,2,20,2,3,50,2,57,6,0,6,63
06/21/2012,GYY,IN,AGL,CE,Federal Contract Tower,1,2,34,0,37,0,0,22,2,24,1,2,56,2,61,14,0,14,75
06/22/2012,GYY,IN,AGL,CE,Federal Contract Tower,2,5,26,1,34,0,6,41,0,47,2,11,67,1,81,44,0,44,125
06/23/2012,GYY,IN,AGL,CE,Federal Contract Tower,5,2,10,0,17,0,2,40,0,42,5,4,50,0,59,72,0,72,131
06/24/2012,GYY,IN,AGL,CE,Federal Contract Tower,1,0,10,1,12,0,0,14,0,14,1,0,24,1,26,12,0,12,38
06/25/2012,GYY,IN,AGL,CE,Federal Contract Tower,4,1,22,0,27,0,1,25,0,26,4,2,47,0,53,2,0,2,55
06/26/2012,GYY,IN,AGL,CE,Federal Contract Tower,0,1,24,0,25,0,0,36,0,36,0,1,60,0,61,14,0,14,75
06/27/2012,GYY,IN,AGL,CE,Federal Contract Tower,3,4,21,1,29,0,6,24,13,43,3,10,45,14,72,4,42,46,118
06/28/2012,GYY,IN,AGL,CE,Federal Contract Tower,4,6,27,0,37,0,4,13,4,21,4,10,40,4,58,0,0,0,58
06/29/2012,GYY,IN,AGL,CE,Federal Contract Tower,4,0,23,0,27,0,0,28,0,28,4,0,51,0,55,30,0,30,85
06/30/2012,GYY,IN,AGL,CE,Federal Contract Tower,1,1,11,7,20,0,0,19,3,22,1,1,30,10,42,0,0,0,42
07/01/2012,GYY,IN,AGL,CE,Federal Contract Tower,1,1,19,3,24,0,1,24,1,26,1,2,43,4,50,28,0,28,78
07/02/2012,GYY,IN,AGL,CE,Federal Contract Tower,1,0,15,0,16,0,4,15,5,24,1,4,30,5,40,18,0,18,58
07/03/2012,GYY,IN,AGL,CE,Federal Contract Tower,2,1,11,7,21,0,0,24,11,35,2,1,35,18,56,22,12,34,90
07/04/2012,GYY,IN,AGL,CE,Federal Contract Tower,0,3,7,0,10,0,4,47,4,55,0,7,54,4,65,28,0,28,93
07/05/2012,GYY,IN,AGL,CE,Federal Contract Tower,0,1,13,2,16,0,0,20,12,32,0,1,33,14,48,6,20,26,74
07/06/2012,GYY,IN,AGL,CE,Federal Contract Tower,2,0,10,0,12,0,64,16,0,80,2,64,26,0,92,74,14,88,180
07/07/2012,GYY,IN,AGL,CE,Federal Contract Tower,0,0,7,0,7,0,0,116,26,142,0,0,123,26,149,136,20,156,305
07/08/2012,GYY,IN,AGL,CE,Federal Contract Tower,2,3,22,1,28,0,0,70,20,90,2,3,92,21,118,54,6,60,178
07/09/2012,GYY,IN,AGL,CE,Federal Contract Tower,0,6,30,13,49,0,0,49,12,61,0,6,79,25,110,34,0,34,144
07/10/2012,GYY,IN,AGL,CE,Federal Contract Tower,0,7,33,0,40,0,0,36,7,43,0,7,69,7,83,34,0,34,117
07/11/2012,GYY,IN,AGL,CE,Federal Contract Tower,1,9,30,0,40,0,2,43,2,47,1,11,73,2,87,68,0,68,155
07/12/2012,GYY,IN,AGL,CE,Federal Contract Tower,2,6,30,0,38,0,0,30,12,42,2,6,60,12,80,12,8,20,100
07/13/2012,GYY,IN,AGL,CE,Federal Contract Tower,0,8,17,0,25,0,1,19,4,24,0,9,36,4,49,0,28,28,77
07/14/2012,GYY,IN,AGL,CE,Federal Contract Tower,0,2,5,0,7,0,0,11,0,11,0,2,16,0,18,0,0,0,18
07/15/2012,GYY,IN,AGL,CE,Federal Contract Tower,2,1,18,0,21,0,0,12,0,12,2,1,30,0,33,4,0,4,37
07/16/2012,GYY,IN,AGL,CE,Federal Contract Tower,0,6,13,0,19,0,1,23,1,25,0,7,36,1,44,0,0,0,44
07/17/2012,GYY,IN,AGL,CE,Federal Contract Tower,0,4,21,0,25,0,1,22,5,28,0,5,43,5,53,16,0,16,69
07/18/2012,GYY,IN,AGL,CE,Federal Contract Tower,2,7,28,0,37,0,0,22,2,24,2,7,50,2,61,28,0,28,89
07/19/2012,GYY,IN,AGL,CE,Federal Contract Tower,1,6,22,0,29,0,2,37,3,42,1,8,59,3,71,14,14,28,99
07/20/2012,GYY,IN,AGL,CE,Federal Contract Tower,4,5,24,0,33,0,2,39,2,43,4,7,63,2,76,14,2,16,92
07/21/2012,GYY,IN,AGL,CE,Federal Contract Tower,2,3,16,0,21,0,0,45,2,47,2,3,61,2,68,22,0,22,90
07/22/2012,GYY,IN,AGL,CE,Federal Contract Tower,2,0,27,0,29,0,2,28,0,30,2,2,55,0,59,14,0,14,73
07/23/2012,GYY,IN,AGL,CE,Federal Contract Tower,1,1,24,0,26,0,0,29,5,34,1,1,53,5,60,8,0,8,68
07/24/2012,GYY,IN,AGL,CE,Federal Contract Tower,0,2,23,0,25,0,2,30,0,32,0,4,53,0,57,6,0,6,63
07/25/2012,GYY,IN,AGL,CE,Federal Contract Tower,2,8,21,2,33,0,0,29,3,32,2,8,50,5,65,16,0,16,81
07/26/2012,GYY,IN,AGL,CE,Federal Contract Tower,1,8,23,0,32,0,2,16,0,18,1,10,39,0,50,0,0,0,50
07/27/2012,GYY,IN,AGL,CE,Federal Contract Tower,2,1,33,0,36,0,0,33,1,34,2,1,66,1,70,8,0,8,78
07/28/2012,GYY,IN,AGL,CE,Federal Contract Tower,1,3,21,0,25,0,6,44,0,50,1,9,65,0,75,0,0,0,75
07/29/2012,GYY,IN,AGL,CE,Federal Contract Tower,1,1,20,0,22,0,0,27,0,27,1,1,47,0,49,44,0,44,93
07/30/2012,GYY,IN,AGL,CE,Federal Contract Tower,1,3,22,0,26,0,1,23,4,28,1,4,45,4,54,0,0,0,54
07/31/2012,GYY,IN,AGL,CE,Federal Contract Tower,2,1,14,0,17,0,0,28,4,32,2,1,42,4,49,72,0,72,121
08/01/2012,GYY,IN,AGL,CE,Federal Contract Tower,1,2,27,0,30,0,0,32,4,36,1,2,59,4,66,48,0,48,114
08/02/2012,GYY,IN,AGL,CE,Federal Contract Tower,2,0,30,0,32,0,0,25,3,28,2,0,55,3,60,30,0,30,90
08/03/2012,GYY,IN,AGL,CE,Federal Contract Tower,0,0,24,0,24,0,4,27,0,31,0,4,51,0,55,16,0,16,71
08/04/2012,GYY,IN,AGL,CE,Federal Contract Tower,0,2,6,0,8,0,0,75,0,75,0,2,81,0,83,56,0,56,139
08/05/2012,GYY,IN,AGL,CE,Federal Contract Tower,3,2,14,0,19,0,0,21,2,23,3,2,35,2,42,0,0,0,42
08/06/2012,GYY,IN,AGL,CE,Federal Contract Tower,0,7,22,0,29,0,1,35,2,38,0,8,57,2,67,2,0,2,69
08/07/2012,GYY,IN,AGL,CE,Federal Contract Tower,2,3,22,0,27,0,0,25,6,31,2,3,47,6,58,12,0,12,70
08/08/2012,GYY,IN,AGL,CE,Federal Contract Tower,1,3,19,2,25,0,0,20,3,23,1,3,39,5,48,6,0,6,54
08/09/2012,GYY,IN,AGL,CE,Federal Contract Tower,3,4,24,0,31,0,0,20,7,27,3,4,44,7,58,0,0,0,58
08/10/2012,GYY,IN,AGL,CE,Federal Contract Tower,2,5,21,0,28,0,0,10,1,11,2,5,31,1,39,6,0,6,45
08/11/2012,GYY,IN,AGL,CE,Federal Contract Tower,0,1,10,0,11,0,0,12,0,12,0,1,22,0,23,6,0,6,29
08/12/2012,GYY,IN,AGL,CE,Federal Contract Tower,2,15,19,0,36,0,0,10,1,11,2,15,29,1,47,0,0,0,47
08/13/2012,GYY,IN,AGL,CE,Federal Contract Tower,4,8,27,1,40,0,0,11,7,18,4,8,38,8,58,0,0,0,58
08/14/2012,GYY,IN,AGL,CE,Federal Contract Tower,4,4,30,1,39,0,0,42,7,49,4,4,72,8,88,4,32,36,124
08/15/2012,GYY,IN,AGL,CE,Federal Contract Tower,0,12,38,9,59,0,0,61,16,77,0,12,99,25,136,40,0,40,176
08/16/2012,GYY,IN,AGL,CE,Federal Contract Tower,2,6,29,17,54,0,0,75,28,103,2,6,104,45,157,56,78,134,291
08/17/2012,GYY,IN,AGL,CE,Federal Contract Tower,2,2,30,6,40,0,2,102,49,153,2,4,132,55,193,80,88,168,361
08/18/2012,GYY,IN,AGL,CE,Federal Contract Tower,0,0,11,3,14,0,0,145,79,224,0,0,156,82,238,108,118,226,464
08/19/2012,GYY,IN,AGL,CE,Federal Contract Tower,2,0,23,12,37,0,0,111,68,179,2,0,134,80,216,120,124,244,460
08/20/2012,GYY,IN,AGL,CE,Federal Contract Tower,1,0,21,15,37,0,0,33,0,33,1,0,54,15,70,28,0,28,98
08/21/2012,GYY,IN,AGL,CE,Federal Contract Tower,3,0,22,0,25,0,1,43,1,45,3,1,65,1,70,44,0,44,114
08/22/2012,GYY,IN,AGL,CE,Federal Contract Tower,0,2,28,0,30,0,1,45,2,48,0,3,73,2,78,36,0,36,114
08/23/2012,GYY,IN,AGL,CE,Federal Contract Tower,2,6,40,0,48,0,0,34,0,34,2,6,74,0,82,18,0,18,100
08/24/2012,GYY,IN,AGL,CE,Federal Contract Tower,0,0,33,0,33,0,0,22,0,22,0,0,55,0,55,2,0,2,57
08/25/2012,GYY,IN,AGL,CE,Federal Contract Tower,2,3,12,3,20,0,0,25,1,26,2,3,37,4,46,36,6,42,88
08/26/2012,GYY,IN,AGL,CE,Federal Contract Tower,4,1,21,0,26,0,0,2,0,2,4,1,23,0,28,26,0,26,54
08/27/2012,GYY,IN,AGL,CE,Federal Contract Tower,4,2,38,1,45,0,2,38,3,43,4,4,76,4,88,12,0,12,100
08/28/2012,GYY,IN,AGL,CE,Federal Contract Tower,2,6,30,0,38,0,0,31,11,42,2,6,61,11,80,60,36,96,176
08/29/2012,GYY,IN,AGL,CE,Federal Contract Tower,1,4,21,0,26,0,2,24,4,30,1,6,45,4,56,10,0,10,66
08/30/2012,GYY,IN,AGL,CE,Federal Contract Tower,2,9,22,0,33,0,10,27,3,40,2,19,49,3,73,26,0,26,99
08/31/2012,GYY,IN,AGL,CE,Federal Contract Tower,1,3,22,0,26,0,2,36,1,39,1,5,58,1,65,30,0,30,95
09/01/2012,GYY,IN,AGL,CE,Federal Contract Tower,0,4,10,0,14,0,0,13,0,13,0,4,23,0,27,62,0,62,89
09/02/2012,GYY,IN,AGL,CE,Federal Contract Tower,2,2,5,2,11,0,0,3,1,4,2,2,8,3,15,0,0,0,15
09/03/2012,GYY,IN,AGL,CE,Federal Contract Tower,0,2,23,0,25,0,0,22,0,22,0,2,45,0,47,34,0,34,81
09/04/2012,GYY,IN,AGL,CE,Federal Contract Tower,1,2,25,0,28,0,0,18,6,24,1,2,43,6,52,34,12,46,98
09/05/2012,GYY,IN,AGL,CE,Federal Contract Tower,0,5,23,0,28,0,0,12,3,15,0,5,35,3,43,26,6,32,75
09/06/2012,GYY,IN,AGL,CE,Federal Contract Tower,1,2,17,0,20,0,2,41,2,45,1,4,58,2,65,122,0,122,187
09/07/2012,GYY,IN,AGL,CE,Federal Contract Tower,0,2,28,0,30,0,0,9,0,9,0,2,37,0,39,24,0,24,63
09/08/2012,GYY,IN,AGL,CE,Federal Contract Tower,0,0,14,0,14,0,0,23,0,23,0,0,37,0,37,38,46,84,121
09/09/2012,GYY,IN,AGL,CE,Federal Contract Tower,2,1,27,0,30,0,0,13,0,13,2,1,40,0,43,0,0,0,43
09/10/2012,GYY,IN,AGL,CE,Federal Contract Tower,2,5,33,0,40,0,0,29,1,30,2,5,62,1,70,24,0,24,94
09/11/2012,GYY,IN,AGL,CE,Federal Contract Tower,1,0,24,0,25,0,0,30,0,30,1,0,54,0,55,34,0,34,89
09/12/2012,GYY,IN,AGL,CE,Federal Contract Tower,2,8,32,0,42,0,3,38,2,43,2,11,70,2,85,34,0,34,119
09/13/2012,GYY,IN,AGL,CE,Federal Contract Tower,4,2,30,0,36,0,3,21,1,25,4,5,51,1,61,6,0,6,67
09/14/2012,GYY,IN,AGL,CE,Federal Contract Tower,1,2,30,3,36,2,2,21,0,25,3,4,51,3,61,4,6,10,71
09/15/2012,GYY,IN,AGL,CE,Federal Contract Tower,0,2,17,0,19,0,6,29,0,35,0,8,46,0,54,18,0,18,72
09/16/2012,GYY,IN,AGL,CE,Federal Contract Tower,0,1,30,0,31,0,1,24,6,31,0,2,54,6,62,26,6,32,94
09/17/2012,GYY,IN,AGL,CE,Federal Contract Tower,0,4,23,3,30,0,0,13,5,18,0,4,36,8,48,8,18,26,74
09/18/2012,GYY,IN,AGL,CE,Federal Contract Tower,4,0,30,0,34,0,0,15,10,25,4,0,45,10,59,26,30,56,115
09/19/2012,GYY,IN,AGL,CE,Federal Contract Tower,2,8,26,2,38,0,0,15,11,26,2,8,41,13,64,0,28,28,92
09/20/2012,GYY,IN,AGL,CE,Federal Contract Tower,1,4,25,0,30,0,0,31,1,32,1,4,56,1,62,40,4,44,106
09/21/2012,GYY,IN,AGL,CE,Federal Contract Tower,3,6,27,1,37,0,0,15,0,15,3,6,42,1,52,8,0,8,60
09/22/2012,GYY,IN,AGL,CE,Federal Contract Tower,0,3,11,0,14,0,0,11,0,11,0,3,22,0,25,18,0,18,43
09/23/2012,GYY,IN,AGL,CE,Federal Contract Tower,2,0,24,1,27,0,2,28,2,32,2,2,52,3,59,36,0,36,95
09/24/2012,GYY,IN,AGL,CE,Federal Contract Tower,4,0,16,0,20,0,24,0,0,24,4,24,16,0,44,20,0,20,64
09/25/2012,GYY,IN,AGL,CE,Federal Contract Tower,1,0,28,0,29,0,0,16,6,22,1,0,44,6,51,12,33,45,96
09/26/2012,GYY,IN,AGL,CE,Federal Contract Tower,3,0,25,0,28,0,0,12,0,12,3,0,37,0,40,28,0,28,68
09/27/2012,GYY,IN,AGL,CE,Federal Contract Tower,1,2,33,1,37,0,0,31,1,32,1,2,64,2,69,20,32,52,121
09/28/2012,GYY,IN,AGL,CE,Federal Contract Tower,3,1,25,1,30,0,1,16,0,17,3,2,41,1,47,22,2,24,71
09/29/2012,GYY,IN,AGL,CE,Federal Contract Tower,0,3,12,0,15,0,0,27,0,27,0,3,39,0,42,42,0,42,84
09/30/2012,GYY,IN,AGL,CE,Federal Contract Tower,2,1,18,1,22,0,0,16,0,16,2,1,34,1,38,34,0,34,72
10/01/2012,GYY,IN,AGL,CE,Federal Contract Tower,1,2,12,0,15,0,1,33,4,38,1,3,45,4,53,38,0,38,91
10/02/2012,GYY,IN,AGL,CE,Federal Contract Tower,0,3,20,0,23,0,0,16,3,19,0,3,36,3,42,0,11,11,53
10/03/2012,GYY,IN,AGL,CE,Federal Contract Tower,3,3,30,0,36,0,0,7,0,7,3,3,37,0,43,6,0,6,49
10/04/2012,GYY,IN,AGL,CE,Federal Contract Tower,1,5,23,0,29,0,2,22,4,28,1,7,45,4,57,18,0,18,75
10/05/2012,GYY,IN,AGL,CE,Federal Contract Tower,2,11,20,0,33,0,0,7,0,7,2,11,27,0,40,6,0,6,46
10/06/2012,GYY,IN,AGL,CE,Federal Contract Tower,1,0,17,0,18,0,0,11,0,11,1,0,28,0,29,0,0,0,29
10/07/2012,GYY,IN,AGL,CE,Federal Contract Tower,1,0,32,0,33,0,0,27,0,27,1,0,59,0,60,34,0,34,94
10/08/2012,GYY,IN,AGL,CE,Federal Contract Tower,0,2,21,0,23,0,0,19,0,19,0,2,40,0,42,2,0,2,44
10/09/2012,GYY,IN,AGL,CE,Federal Contract Tower,3,4,27,0,34,0,0,15,7,22,3,4,42,7,56,0,40,40,96
10/10/2012,GYY,IN,AGL,CE,Federal Contract Tower,5,5,27,0,37,0,1,24,2,27,5,6,51,2,64,0,0,0,64
10/11/2012,GYY,IN,AGL,CE,Federal Contract Tower,0,0,28,0,28,2,8,2,0,12,2,8,30,0,40,2,0,2,42
10/12/2012,GYY,IN,AGL,CE,Federal Contract Tower,0,0,16,0,16,0,7,27,0,34,0,7,43,0,50,8,0,8,58
10/13/2012,GYY,IN,AGL,CE,Federal Contract Tower,2,4,10,0,16,0,0,5,0,5,2,4,15,0,21,3,0,3,24
10/14/2012,GYY,IN,AGL,CE,Federal Contract Tower,2,0,17,0,19,0,0,5,0,5,2,0,22,0,24,6,0,6,30
10/15/2012,GYY,IN,AGL,CE,Federal Contract Tower,8,5,19,0,32,0,0,33,0,33,8,5,52,0,65,25,0,25,90
10/16/2012,GYY,IN,AGL,CE,Federal Contract Tower,8,8,22,0,38,0,1,14,0,15,8,9,36,0,53,12,0,12,65
10/17/2012,GYY,IN,AGL,CE,Federal Contract Tower,4,9,26,0,39,0,2,10,0,12,4,11,36,0,51,0,0,0,51
10/18/2012,GYY,IN,AGL,CE,Federal Contract Tower,2,2,31,1,36,0,0,0,0,0,2,2,31,1,36,17,0,17,53
10/19/2012,GYY,IN,AGL,CE,Federal Contract Tower,1,3,24,1,29,0,0,0,0,0,1,3,24,1,29,8,0,8,37
10/20/2012,GYY,IN,AGL,CE,Federal Contract Tower,0,3,15,0,18,0,0,42,1,43,0,3,57,1,61,6,4,10,71
10/21/2012,GYY,IN,AGL,CE,Federal Contract Tower,2,0,19,1,22,0,0,45,2,47,2,0,64,3,69,14,0,14,83
10/22/2012,GYY,IN,AGL,CE,Federal Contract Tower,2,9,34,2,47,0,0,3,0,3,2,9,37,2,50,0,0,0,50
10/23/2012,GYY,IN,AGL,CE,Federal Contract Tower,4,5,20,4,33,0,2,7,2,11,4,7,27,6,44,8,0,8,52
10/24/2012,GYY,IN,AGL,CE,Federal Contract Tower,2,5,18,1,26,0,2,35,0,37,2,7,53,1,63,20,0,20,83
10/25/2012,GYY,IN,AGL,CE,Federal Contract Tower,7,8,32,0,47,0,0,0,0,0,7,8,32,0,47,0,10,10,57
10/26/2012,GYY,IN,AGL,CE,Federal Contract Tower,1,4,25,1,31,0,0,26,0,26,1,4,51,1,57,57,0,57,114
10/27/2012,GYY,IN,AGL,CE,Federal Contract Tower,3,1,10,1,15,0,0,15,1,16,3,1,25,2,31,26,0,26,57
10/28/2012,GYY,IN,AGL,CE,Federal Contract Tower,3,3,24,0,30,0,1,9,4,14,3,4,33,4,44,13,4,17,61
10/29/2012,GYY,IN,AGL,CE,Federal Contract Tower,1,4,15,3,23,0,1,6,0,7,1,5,21,3,30,0,0,0,30
10/30/2012,GYY,IN,AGL,CE,Federal Contract Tower,0,5,16,0,21,0,0,4,0,4,0,5,20,0,25,0,0,0,25
10/31/2012,GYY,IN,AGL,CE,Federal Contract Tower,10,5,24,0,39,0,0,27,0,27,10,5,51,0,66,22,0,22,88
11/01/2012,GYY,IN,AGL,CE,Federal Contract Tower,1,6,30,0,37,0,2,41,0,43,1,8,71,0,80,63,0,63,143
11/02/2012,GYY,IN,AGL,CE,Federal Contract Tower,3,0,24,0,27,0,0,36,0,36,3,0,60,0,63,58,0,58,121
11/03/2012,GYY,IN,AGL,CE,Federal Contract Tower,2,0,13,0,15,0,0,5,0,5,2,0,18,0,20,18,0,18,38
11/04/2012,GYY,IN,AGL,CE,Federal Contract Tower,3,1,19,0,23,0,0,6,0,6,3,1,25,0,29,0,0,0,29
11/05/2012,GYY,IN,AGL,CE,Federal Contract Tower,8,2,23,0,33,0,0,33,0,33,8,2,56,0,66,62,0,62,128
11/06/2012,GYY,IN,AGL,CE,Federal Contract Tower,5,20,41,0,66,0,0,4,0,4,5,20,45,0,70,0,0,0,70
11/07/2012,GYY,IN,AGL,CE,Federal Contract Tower,4,5,49,0,58,0,2,2,0,4,4,7,51,0,62,0,0,0,62
11/08/2012,GYY,IN,AGL,CE,Federal Contract Tower,4,1,34,0,39,0,0,16,0,16,4,1,50,0,55,12,0,12,67
11/09/2012,GYY,IN,AGL,CE,Federal Contract Tower,3,0,36,0,39,0,0,33,0,33,3,0,69,0,72,54,0,54,126
11/10/2012,GYY,IN,AGL,CE,Federal Contract Tower,1,0,15,0,16,0,0,45,0,45,1,0,60,0,61,24,0,24,85
11/11/2012,GYY,IN,AGL,CE,Federal Contract Tower,4,0,15,0,19,0,0,2,0,2,4,0,17,0,21,0,0,0,21
11/12/2012,GYY,IN,AGL,CE,Federal Contract Tower,0,0,16,0,16,0,0,13,0,13,0,0,29,0,29,12,0,12,41
11/13/2012,GYY,IN,AGL,CE,Federal Contract Tower,1,4,27,0,32,0,2,30,0,32,1,6,57,0,64,94,0,94,158
11/14/2012,GYY,IN,AGL,CE,Federal Contract Tower,1,2,26,0,29,0,0,20,4,24,1,2,46,4,53,36,0,36,89
11/15/2012,GYY,IN,AGL,CE,Federal Contract Tower,6,2,28,0,36,0,0,34,2,36,6,2,62,2,72,120,10,130,202
11/16/2012,GYY,IN,AGL,CE,Federal Contract Tower,0,3,36,0,39,0,0,27,0,27,0,3,63,0,66,10,0,10,76
11/17/2012,GYY,IN,AGL,CE,Federal Contract Tower,4,4,15,0,23,0,0,33,7,40,4,4,48,7,63,54,20,74,137
11/18/2012,GYY,IN,AGL,CE,Federal Contract Tower,2,0,20,0,22,0,0,34,1,35,2,0,54,1,57,62,0,62,119
11/19/2012,GYY,IN,AGL,CE,Federal Contract Tower,4,0,21,0,25,0,4,42,0,46,4,4,63,0,71,50,0,50,121
11/20/2012,GYY,IN,AGL,CE,Federal Contract Tower,2,1,28,0,31,0,2,18,0,20,2,3,46,0,51,30,0,30,81
11/21/2012,GYY,IN,AGL,CE,Federal Contract Tower,3,2,23,0,28,0,0,15,0,15,3,2,38,0,43,0,0,0,43
11/22/2012,GYY,IN,AGL,CE,Federal Contract Tower,0,2,5,0,7,0,2,7,0,9,0,4,12,0,16,0,32,32,48
11/23/2012,GYY,IN,AGL,CE,Federal Contract Tower,0,2,7,0,9,0,0,1,0,1,0,2,8,0,10,0,0,0,10
11/24/2012,GYY,IN,AGL,CE,Federal Contract Tower,0,1,10,0,11,0,4,25,0,29,0,5,35,0,40,20,0,20,60
11/25/2012,GYY,IN,AGL,CE,Federal Contract Tower,2,0,26,0,28,0,0,13,0,13,2,0,39,0,41,0,0,0,41
11/26/2012,GYY,IN,AGL,CE,Federal Contract Tower,1,0,31,0,32,0,2,18,0,20,1,2,49,0,52,24,0,24,76
11/27/2012,GYY,IN,AGL,CE,Federal Contract Tower,5,2,20,0,27,0,0,23,0,23,5,2,43,0,50,24,0,24,74
11/28/2012,GYY,IN,AGL,CE,Federal Contract Tower,2,6,26,0,34,0,0,16,8,24,2,6,42,8,58,6,20,26,84
11/29/2012,GYY,IN,AGL,CE,Federal Contract Tower,6,4,16,0,26,0,0,37,2,39,6,4,53,2,65,64,0,64,129
11/30/2012,GYY,IN,AGL,CE,Federal Contract Tower,0,5,18,1,24,0,0,36,2,38,0,5,54,3,62,65,10,75,137
12/01/2012,GYY,IN,AGL,CE,Federal Contract Tower,0,2,11,10,23,0,0,12,0,12,0,2,23,10,35,56,0,56,91
12/02/2012,GYY,IN,AGL,CE,Federal Contract Tower,4,0,21,2,27,0,0,2,3,5,4,0,23,5,32,0,0,0,32
12/03/2012,GYY,IN,AGL,CE,Federal Contract Tower,4,0,18,0,22,0,0,0,0,0,4,0,18,0,22,0,0,0,22
12/04/2012,GYY,IN,AGL,CE,Federal Contract Tower,1,1,26,0,28,0,1,16,6,23,1,2,42,6,51,0,0,0,51
12/05/2012,GYY,IN,AGL,CE,Federal Contract Tower,0,0,26,0,26,0,0,36,8,44,0,0,62,8,70,72,10,82,152
12/06/2012,GYY,IN,AGL,CE,Federal Contract Tower,4,0,27,0,31,0,0,24,1,25,4,0,51,1,56,44,0,44,100
12/07/2012,GYY,IN,AGL,CE,Federal Contract Tower,2,2,18,0,22,0,0,12,0,12,2,2,30,0,34,20,0,20,54
12/08/2012,GYY,IN,AGL,CE,Federal Contract Tower,0,0,10,2,12,0,0,14,3,17,0,0,24,5,29,72,0,72,101
12/09/2012,GYY,IN,AGL,CE,Federal Contract Tower,3,0,12,0,15,0,0,1,0,1,3,0,13,0,16,0,0,0,16
12/10/2012,GYY,IN,AGL,CE,Federal Contract Tower,0,0,20,0,20,0,0,0,0,0,0,0,20,0,20,0,0,0,20
12/11/2012,GYY,IN,AGL,CE,Federal Contract Tower,0,2,20,0,22,0,0,36,0,36,0,2,56,0,58,66,0,66,124
12/12/2012,GYY,IN,AGL,CE,Federal Contract Tower,0,2,29,0,31,0,0,37,0,37,0,2,66,0,68,34,0,34,102
12/13/2012,GYY,IN,AGL,CE,Federal Contract Tower,5,2,25,0,32,0,0,41,2,43,5,2,66,2,75,114,0,114,189
12/14/2012,GYY,IN,AGL,CE,Federal Contract Tower,2,1,27,1,31,0,0,35,0,35,2,1,62,1,66,96,2,98,164
12/15/2012,GYY,IN,AGL,CE,Federal Contract Tower,3,3,11,0,17,0,0,1,0,1,3,3,12,0,18,0,0,0,18
12/16/2012,GYY,IN,AGL,CE,Federal Contract Tower,5,1,15,0,21,0,0,5,4,9,5,1,20,4,30,4,4,8,38
12/17/2012,GYY,IN,AGL,CE,Federal Contract Tower,7,9,26,3,45,0,0,24,0,24,7,9,50,3,69,32,0,32,101
12/18/2012,GYY,IN,AGL,CE,Federal Contract Tower,0,4,18,0,22,0,0,10,4,14,0,4,28,4,36,4,30,34,70
12/19/2012,GYY,IN,AGL,CE,Federal Contract Tower,1,3,22,0,26,0,0,8,0,8,1,3,30,0,34,0,0,0,34
12/20/2012,GYY,IN,AGL,CE,Federal Contract Tower,6,2,9,0,17,0,0,0,0,0,6,2,9,0,17,0,0,0,17
12/21/2012,GYY,IN,AGL,CE,Federal Contract Tower,4,0,14,0,18,0,0,5,0,5,4,0,19,0,23,0,0,0,23
12/22/2012,GYY,IN,AGL,CE,Federal Contract Tower,7,4,16,0,27,0,0,21,0,21,7,4,37,0,48,34,0,34,82
12/23/2012,GYY,IN,AGL,CE,Federal Contract Tower,3,2,9,0,14,0,0,7,0,7,3,2,16,0,21,14,0,14,35
12/24/2012,GYY,IN,AGL,CE,Federal Contract Tower,0,0,0,0,0,0,0,2,0,2,0,0,2,0,2,0,0,0,2
12/25/2012,GYY,IN,AGL,CE,Federal Contract Tower,0,0,1,0,1,0,0,9,0,9,0,0,10,0,10,0,0,0,10
12/26/2012,GYY,IN,AGL,CE,Federal Contract Tower,0,1,14,0,15,0,2,0,0,2,0,3,14,0,17,0,0,0,17
12/27/2012,GYY,IN,AGL,CE,Federal Contract Tower,2,4,12,0,18,0,0,4,0,4,2,4,16,0,22,40,0,40,62
12/28/2012,GYY,IN,AGL,CE,Federal Contract Tower,0,2,18,0,20,0,0,5,0,5,0,2,23,0,25,10,0,10,35
12/29/2012,GYY,IN,AGL,CE,Federal Contract Tower,2,2,12,1,17,0,1,21,1,23,2,3,33,2,40,39,2,41,81
12/30/2012,GYY,IN,AGL,CE,Federal Contract Tower,2,0,4,0,6,0,0,11,0,11,2,0,15,0,17,8,0,8,25
12/31/2012,GYY,IN,AGL,CE,Federal Contract Tower,0,0,3,0,3,0,0,12,0,12,0,0,15,0,15,12,0,12,27
01/01/2013,GYY,IN,AGL,CE,Federal Contract Tower,0,0,6,0,6,0,0,14,0,14,0,0,20,0,20,14,0,14,34
01/02/2013,GYY,IN,AGL,CE,Federal Contract Tower,3,4,14,2,23,0,0,18,0,18,3,4,32,2,41,4,0,4,45
01/03/2013,GYY,IN,AGL,CE,Federal Contract Tower,2,2,10,0,14,0,0,11,0,11,2,2,21,0,25,14,0,14,39
01/04/2013,GYY,IN,AGL,CE,Federal Contract Tower,1,2,18,0,21,0,0,15,0,15,1,2,33,0,36,54,0,54,90
01/05/2013,GYY,IN,AGL,CE,Federal Contract Tower,1,2,12,0,15,0,0,32,0,32,1,2,44,0,47,62,0,62,109
01/06/2013,GYY,IN,AGL,CE,Federal Contract Tower,2,0,9,0,11,0,4,9,0,13,2,4,18,0,24,10,0,10,34
01/07/2013,GYY,IN,AGL,CE,Federal Contract Tower,4,4,19,0,27,0,0,18,0,18,4,4,37,0,45,0,0,0,45
01/08/2013,GYY,IN,AGL,CE,Federal Contract Tower,3,1,17,2,23,0,4,23,4,31,3,5,40,6,54,40,6,46,100
01/09/2013,GYY,IN,AGL,CE,Federal Contract Tower,1,2,20,0,23,0,0,26,0,26,1,2,46,0,49,80,0,80,129
01/10/2013,GYY,IN,AGL,CE,Federal Contract Tower,3,0,15,0,18,0,0,19,2,21,3,0,34,2,39,34,0,34,73
01/11/2013,GYY,IN,AGL,CE,Federal Contract Tower,3,2,16,0,21,0,0,0,0,0,3,2,16,0,21,0,0,0,21
01/12/2013,GYY,IN,AGL,CE,Federal Contract Tower,2,2,12,0,16,0,0,21,0,21,2,2,33,0,37,18,0,18,55
01/13/2013,GYY,IN,AGL,CE,Federal Contract Tower,4,0,12,0,16,0,0,1,0,1,4,0,13,0,17,0,0,0,17
01/14/2013,GYY,IN,AGL,CE,Federal Contract Tower,0,0,24,0,24,0,0,19,0,19,0,0,43,0,43,36,0,36,79
01/15/2013,GYY,IN,AGL,CE,Federal Contract Tower,1,5,26,0,32,0,0,15,0,15,1,5,41,0,47,8,0,8,55
01/16/2013,GYY,IN,AGL,CE,Federal Contract Tower,2,1,20,0,23,0,1,25,0,26,2,2,45,0,49,8,0,8,57
01/17/2013,GYY,IN,AGL,CE,Federal Contract Tower,2,3,20,0,25,0,0,20,1,21,2,3,40,1,46,50,0,50,96
01/18/2013,GYY,IN,AGL,CE,Federal Contract Tower,0,0,15,0,15,0,0,12,0,12,0,0,27,0,27,6,0,6,33
01/19/2013,GYY,IN,AGL,CE,Federal Contract Tower,3,2,9,0,14,0,2,12,0,14,3,4,21,0,28,6,0,6,34
01/20/2013,GYY,IN,AGL,CE,Federal Contract Tower,2,0,8,0,10,0,3,7,0,10,2,3,15,0,20,0,0,0,20
01/21/2013,GYY,IN,AGL,CE,Federal Contract Tower,4,1,15,0,20,0,0,10,0,10,4,1,25,0,30,12,0,12,42
01/22/2013,GYY,IN,AGL,CE,Federal Contract Tower,2,0,30,0,32,0,0,30,4,34,2,0,60,4,66,18,4,22,88
01/23/2013,GYY,IN,AGL,CE,Federal Contract Tower,2,4,29,0,35,0,0,17,0,17,2,4,46,0,52,28,0,28,80
01/24/2013,GYY,IN,AGL,CE,Federal Contract Tower,5,1,25,0,31,0,4,11,2,17,5,5,36,2,48,14,4,18,66
01/25/2013,GYY,IN,AGL,CE,Federal Contract Tower,0,0,13,0,13,0,0,6,0,6,0,0,19,0,19,0,0,0,19
01/26/2013,GYY,IN,AGL,CE,Federal Contract Tower,1,0,13,0,14,0,0,24,3,27,1,0,37,3,41,14,0,14,55
01/27/2013,GYY,IN,AGL,CE,Federal Contract Tower,2,0,7,0,9,0,0,1,2,3,2,0,8,2,12,0,28,28,40
01/28/2013,GYY,IN,AGL,CE,Federal Contract Tower,1,1,28,0,30,0,0,1,0,1,1,1,29,0,31,0,0,0,31
01/29/2013,GYY,IN,AGL,CE,Federal Contract Tower,0,3,13,0,16,0,0,1,0,1,0,3,14,0,17,0,0,0,17
01/30/2013,GYY,IN,AGL,CE,Federal Contract Tower,1,2,19,0,22,0,0,1,0,1,1,2,20,0,23,0,0,0,23
01/31/2013,GYY,IN,AGL,CE,Federal Contract Tower,2,2,20,5,29,0,0,2,5,7,2,2,22,10,36,2,8,10,46
02/01/2013,GYY,IN,AGL,CE,Federal Contract Tower,1,1,25,0,27,0,2,10,2,14,1,3,35,2,41,2,0,2,43
02/02/2013,GYY,IN,AGL,CE,Federal Contract Tower,1,2,7,4,14,0,1,0,0,1,1,3,7,4,15,0,0,0,15
02/03/2013,GYY,IN,AGL,CE,Federal Contract Tower,2,0,8,0,10,0,4,10,0,14,2,4,18,0,24,0,0,0,24
02/04/2013,GYY,IN,AGL,CE,Federal Contract Tower,3,2,14,0,19,0,0,1,0,1,3,2,15,0,20,0,0,0,20
02/05/2013,GYY,IN,AGL,CE,Federal Contract Tower,0,5,11,0,16,0,0,4,0,4,0,5,15,0,20,14,0,14,34
02/06/2013,GYY,IN,AGL,CE,Federal Contract Tower,0,0,24,0,24,0,0,26,8,34,0,0,50,8,58,10,20,30,88
02/07/2013,GYY,IN,AGL,CE,Federal Contract Tower,5,1,19,0,25,0,0,9,0,9,5,1,28,0,34,20,0,20,54
02/08/2013,GYY,IN,AGL,CE,Federal Contract Tower,0,1,23,0,24,0,0,1,0,1,0,1,24,0,25,0,0,0,25
02/09/2013,GYY,IN,AGL,CE,Federal Contract Tower,0,4,11,2,17,0,0,56,0,56,0,4,67,2,73,58,0,58,131
02/10/2013,GYY,IN,AGL,CE,Federal Contract Tower,2,2,5,0,9,0,0,6,0,6,2,2,11,0,15,12,0,12,27
02/11/2013,GYY,IN,AGL,CE,Federal Contract Tower,1,1,16,0,18,0,0,3,0,3,1,1,19,0,21,0,0,0,21
02/12/2013,GYY,IN,AGL,CE,Federal Contract Tower,1,0,23,0,24,0,0,15,2,17,1,0,38,2,41,32,0,32,73
02/13/2013,GYY,IN,AGL,CE,Federal Contract Tower,3,2,31,1,37,0,2,28,1,31,3,4,59,2,68,32,0,32,100
02/14/2013,GYY,IN,AGL,CE,Federal Contract Tower,2,2,14,0,18,0,0,18,0,18,2,2,32,0,36,12,0,12,48
02/15/2013,GYY,IN,AGL,CE,Federal Contract Tower,2,11,20,0,33,0,0,3,0,3,2,11,23,0,36,0,0,0,36
02/16/2013,GYY,IN,AGL,CE,Federal Contract Tower,0,3,7,0,10,0,0,23,0,23,0,3,30,0,33,26,0,26,59
02/17/2013,GYY,IN,AGL,CE,Federal Contract Tower,2,0,17,0,19,0,0,22,0,22,2,0,39,0,41,8,0,8,49
02/18/2013,GYY,IN,AGL,CE,Federal Contract Tower,1,0,22,0,23,0,0,10,0,10,1,0,32,0,33,6,0,6,39
02/19/2013,GYY,IN,AGL,CE,Federal Contract Tower,0,6,22,0,28,0,0,5,2,7,0,6,27,2,35,0,0,0,35
02/20/2013,GYY,IN,AGL,CE,Federal Contract Tower,2,4,27,0,33,0,6,32,4,42,2,10,59,4,75,56,0,56,131
02/21/2013,GYY,IN,AGL,CE,Federal Contract Tower,2,2,7,0,11,0,0,11,0,11,2,2,18,0,22,20,0,20,42
02/22/2013,GYY,IN,AGL,CE,Federal Contract Tower,2,2,11,0,15,0,0,3,0,3,2,2,14,0,18,0,0,0,18
02/23/2013,GYY,IN,AGL,CE,Federal Contract Tower,0,1,10,0,11,0,0,8,2,10,0,1,18,2,21,18,0,18,39
02/24/2013,GYY,IN,AGL,CE,Federal Contract Tower,2,0,11,0,13,0,0,18,0,18,2,0,29,0,31,24,0,24,55
02/25/2013,GYY,IN,AGL,CE,Federal Contract Tower,0,0,17,0,17,0,4,27,0,31,0,4,44,0,48,32,0,32,80
02/26/2013,GYY,IN,AGL,CE,Federal Contract Tower,2,2,8,0,12,0,0,1,0,1,2,2,9,0,13,0,0,0,13
02/27/2013,GYY,IN,AGL,CE,Federal Contract Tower,0,0,23,0,23,0,0,2,0,2,0,0,25,0,25,0,0,0,25
02/28/2013,GYY,IN,AGL,CE,Federal Contract Tower,2,0,26,0,28,0,0,3,4,7,2,0,29,4,35,0,8,8,43
03/01/2013,GYY,IN,AGL,CE,Federal Contract Tower,3,0,18,2,23,0,0,5,0,5,3,0,23,2,28,10,0,10,38
03/02/2013,GYY,IN,AGL,CE,Federal Contract Tower,0,0,7,0,7,0,0,9,0,9,0,0,16,0,16,0,0,0,16
03/03/2013,GYY,IN,AGL,CE,Federal Contract Tower,2,1,14,0,17,0,2,23,0,25,2,3,37,0,42,26,0,26,68
03/04/2013,GYY,IN,AGL,CE,Federal Contract Tower,0,0,12,0,12,0,0,12,0,12,0,0,24,0,24,36,0,36,60
03/05/2013,GYY,IN,AGL,CE,Federal Contract Tower,0,0,1,0,1,0,0,0,0,0,0,0,1,0,1,0,0,0,1
03/06/2013,GYY,IN,AGL,CE,Federal Contract Tower,1,2,14,0,17,0,2,10,0,12,1,4,24,0,29,28,0,28,57
03/07/2013,GYY,IN,AGL,CE,Federal Contract Tower,2,0,21,0,23,2,2,24,2,30,4,2,45,2,53,22,0,22,75
03/08/2013,GYY,IN,AGL,CE,Federal Contract Tower,2,2,22,0,26,0,0,22,1,23,2,2,44,1,49,12,0,12,61
03/09/2013,GYY,IN,AGL,CE,Federal Contract Tower,0,2,13,0,15,0,0,16,0,16,0,2,29,0,31,0,0,0,31
03/10/2013,GYY,IN,AGL,CE,Federal Contract Tower,2,2,16,0,20,0,0,0,0,0,2,2,16,0,20,4,0,4,24
03/11/2013,GYY,IN,AGL,CE,Federal Contract Tower,0,7,19,0,26,0,0,4,0,4,0,7,23,0,30,4,24,28,58
03/12/2013,GYY,IN,AGL,CE,Federal Contract Tower,2,3,17,2,24,0,0,15,2,17,2,3,32,4,41,32,0,32,73
03/13/2013,GYY,IN,AGL,CE,Federal Contract Tower,1,2,22,0,25,0,5,19,2,26,1,7,41,2,51,0,0,0,51
03/14/2013,GYY,IN,AGL,CE,Federal Contract Tower,2,0,21,0,23,0,0,24,0,24,2,0,45,0,47,24,0,24,71
03/15/2013,GYY,IN,AGL,CE,Federal Contract Tower,0,0,17,0,17,0,0,3,0,3,0,0,20,0,20,0,0,0,20
03/16/2013,GYY,IN,AGL,CE,Federal Contract Tower,0,4,7,0,11,0,0,6,0,6,0,4,13,0,17,2,0,2,19
03/17/2013,GYY,IN,AGL,CE,Federal Contract Tower,2,0,17,0,19,0,0,17,2,19,2,0,34,2,38,24,0,24,62
03/18/2013,GYY,IN,AGL,CE,Federal Contract Tower,1,2,13,0,16,0,0,1,0,1,1,2,14,0,17,0,0,0,17
03/19/2013,GYY,IN,AGL,CE,Federal Contract Tower,0,2,22,0,24,0,0,4,0,4,0,2,26,0,28,0,0,0,28
03/20/2013,GYY,IN,AGL,CE,Federal Contract Tower,0,2,24,0,26,0,0,24,2,26,0,2,48,2,52,32,0,32,84
03/21/2013,GYY,IN,AGL,CE,Federal Contract Tower,4,0,23,0,27,0,2,37,2,41,4,2,60,2,68,34,0,34,102
03/22/2013,GYY,IN,AGL,CE,Federal Contract Tower,2,4,19,0,25,0,2,29,0,31,2,6,48,0,56,54,0,54,110
03/23/2013,GYY,IN,AGL,CE,Federal Contract Tower,3,0,12,0,15,0,4,26,4,34,3,4,38,4,49,50,0,50,99
03/24/2013,GYY,IN,AGL,CE,Federal Contract Tower,2,0,11,0,13,0,0,0,0,0,2,0,11,0,13,0,0,0,13
03/25/2013,GYY,IN,AGL,CE,Federal Contract Tower,0,4,15,0,19,0,0,5,0,5,0,4,20,0,24,2,0,2,26
03/26/2013,GYY,IN,AGL,CE,Federal Contract Tower,2,1,19,0,22,0,0,13,2,15,2,1,32,2,37,24,0,24,61
03/27/2013,GYY,IN,AGL,CE,Federal Contract Tower,2,1,26,0,29,0,0,18,2,20,2,1,44,2,49,12,0,12,61
03/28/2013,GYY,IN,AGL,CE,Federal Contract Tower,2,2,18,0,22,0,0,25,3,28,2,2,43,3,50,44,0,44,94
03/29/2013,GYY,IN,AGL,CE,Federal Contract Tower,1,0,12,0,13,0,3,27,0,30,1,3,39,0,43,52,0,52,95
03/30/2013,GYY,IN,AGL,CE,Federal Contract Tower,0,0,9,0,9,0,0,43,0,43,0,0,52,0,52,52,0,52,104
03/31/2013,GYY,IN,AGL,CE,Federal Contract Tower,2,0,15,0,17,0,0,15,0,15,2,0,30,0,32,0,0,0,32
04/01/2013,GYY,IN,AGL,CE,Federal Contract Tower,2,0,8,0,10,0,4,20,4,28,2,4,28,4,38,2,0,2,40
04/02/2013,GYY,IN,AGL,CE,Federal Contract Tower,0,2,14,0,16,0,0,21,0,21,0,2,35,0,37,4,0,4,41
04/03/2013,GYY,IN,AGL,CE,Federal Contract Tower,1,5,17,0,23,0,1,23,0,24,1,6,40,0,47,0,0,0,47
04/04/2013,GYY,IN,AGL,CE,Federal Contract Tower,2,3,12,0,17,0,0,28,3,31,2,3,40,3,48,42,6,48,96
04/05/2013,GYY,IN,AGL,CE,Federal Contract Tower,0,2,13,0,15,0,0,43,4,47,0,2,56,4,62,88,0,88,150
04/06/2013,GYY,IN,AGL,CE,Federal Contract Tower,0,0,3,0,3,0,0,9,0,9,0,0,12,0,12,6,0,6,18
04/07/2013,GYY,IN,AGL,CE,Federal Contract Tower,2,0,22,0,24,0,0,15,0,15,2,0,37,0,39,16,0,16,55
04/08/2013,GYY,IN,AGL,CE,Federal Contract Tower,3,3,19,0,25,0,0,7,0,7,3,3,26,0,32,24,0,24,56
04/09/2013,GYY,IN,AGL,CE,Federal Contract Tower,3,1,23,0,27,0,0,14,0,14,3,1,37,0,41,2,0,2,43
04/10/2013,GYY,IN,AGL,CE,Federal Contract Tower,6,0,16,0,22,0,0,0,0,0,6,0,16,0,22,0,0,0,22
04/11/2013,GYY,IN,AGL,CE,Federal Contract Tower,5,2,17,0,24,0,0,0,0,0,5,2,17,0,24,0,0,0,24
04/12/2013,GYY,IN,AGL,CE,Federal Contract Tower,1,0,19,0,20,0,0,18,0,18,1,0,37,0,38,4,0,4,42
04/13/2013,GYY,IN,AGL,CE,Federal Contract Tower,0,0,14,0,14,0,0,15,1,16,0,0,29,1,30,0,0,0,30
04/14/2013,GYY,IN,AGL,CE,Federal Contract Tower,3,0,16,0,19,0,1,19,0,20,3,1,35,0,39,34,0,34,73
04/15/2013,GYY,IN,AGL,CE,Federal Contract Tower,0,0,22,0,22,0,4,14,0,18,0,4,36,0,40,12,0,12,52
04/16/2013,GYY,IN,AGL,CE,Federal Contract Tower,1,1,19,1,22,0,0,15,1,16,1,1,34,2,38,12,0,12,50
04/17/2013,GYY,IN,AGL,CE,Federal Contract Tower,0,0,29,0,29,0,0,7,0,7,0,0,36,0,36,20,0,20,56
04/18/2013,GYY,IN,AGL,CE,Federal Contract Tower,4,2,18,0,24,0,0,0,0,0,4,2,18,0,24,0,0,0,24
04/19/2013,GYY,IN,AGL,CE,Federal Contract Tower,2,0,21,0,23,0,0,2,2,4,2,0,23,2,27,0,6,6,33
04/20/2013,GYY,IN,AGL,CE,Federal Contract Tower,2,0,10,0,12,0,0,17,0,17,2,0,27,0,29,38,0,38,67
04/21/2013,GYY,IN,AGL,CE,Federal Contract Tower,0,0,11,0,11,0,3,29,0,32,0,3,40,0,43,20,0,20,63
04/22/2013,GYY,IN,AGL,CE,Federal Contract Tower,0,2,29,0,31,0,0,28,0,28,0,2,57,0,59,84,0,84,143
04/23/2013,GYY,IN,AGL,CE,Federal Contract Tower,0,1,19,2,22,0,0,6,0,6,0,1,25,2,28,6,0,6,34
04/24/2013,GYY,IN,AGL,CE,Federal Contract Tower,2,0,31,0,33,0,0,17,2,19,2,0,48,2,52,4,0,4,56
04/25/2013,GYY,IN,AGL,CE,Federal Contract Tower,0,1,31,1,33,0,0,23,4,27,0,1,54,5,60,4,0,4,64
04/26/2013,GYY,IN,AGL,CE,Federal Contract Tower,1,0,28,3,32,0,1,33,3,37,1,1,61,6,69,14,0,14,83
04/27/2013,GYY,IN,AGL,CE,Federal Contract Tower,1,0,12,0,13,0,0,31,0,31,1,0,43,0,44,14,0,14,58
04/28/2013,GYY,IN,AGL,CE,Federal Contract Tower,1,0,25,0,26,0,0,2,0,2,1,0,27,0,28,0,0,0,28
04/29/2013,GYY,IN,AGL,CE,Federal Contract Tower,1,2,29,0,32,0,0,16,0,16,1,2,45,0,48,6,0,6,54
04/30/2013,GYY,IN,AGL,CE,Federal Contract Tower,0,0,17,0,17,0,0,17,0,17,0,0,34,0,34,6,0,6,40
05/01/2013,GYY,IN,AGL,CE,Federal Contract Tower,2,0,20,0,22,0,0,27,5,32,2,0,47,5,54,38,0,38,92
05/02/2013,GYY,IN,AGL,CE,Federal Contract Tower,2,1,22,0,25,0,0,2,0,2,2,1,24,0,27,0,0,0,27
05/03/2013,GYY,IN,AGL,CE,Federal Contract Tower,0,1,15,1,17,0,0,0,0,0,0,1,15,1,17,0,0,0,17
05/04/2013,GYY,IN,AGL,CE,Federal Contract Tower,1,2,14,0,17,0,2,18,0,20,1,4,32,0,37,8,0,8,45
05/05/2013,GYY,IN,AGL,CE,Federal Contract Tower,0,0,18,1,19,0,4,20,0,24,0,4,38,1,43,6,0,6,49
05/06/2013,GYY,IN,AGL,CE,Federal Contract Tower,2,0,12,0,14,0,0,17,0,17,2,0,29,0,31,22,0,22,53
05/07/2013,GYY,IN,AGL,CE,Federal Contract Tower,0,0,21,0,21,0,0,31,0,31,0,0,52,0,52,24,0,24,76
05/08/2013,GYY,IN,AGL,CE,Federal Contract Tower,1,0,30,3,34,0,32,2,0,34,1,32,32,3,68,32,0,32,100
05/09/2013,GYY,IN,AGL,CE,Federal Contract Tower,0,0,21,3,24,0,0,11,0,11,0,0,32,3,35,14,0,14,49
05/10/2013,GYY,IN,AGL,CE,Federal Contract Tower,1,2,18,1,22,0,0,0,0,0,1,2,18,1,22,0,0,0,22
05/11/2013,GYY,IN,AGL,CE,Federal Contract Tower,0,1,15,0,16,0,0,37,0,37,0,1,52,0,53,88,0,88,141
05/12/2013,GYY,IN,AGL,CE,Federal Contract Tower,2,1,22,1,26,0,0,19,0,19,2,1,41,1,45,6,0,6,51
05/13/2013,GYY,IN,AGL,CE,Federal Contract Tower,1,1,21,0,23,0,0,35,2,37,1,1,56,2,60,68,0,68,128
05/14/2013,GYY,IN,AGL,CE,Federal Contract Tower,1,1,21,0,23,0,0,34,2,36,1,1,55,2,59,68,0,68,127
05/15/2013,GYY,IN,AGL,CE,Federal Contract Tower,0,2,27,0,29,0,2,34,0,36,0,4,61,0,65,20,0,20,85
05/16/2013,GYY,IN,AGL,CE,Federal Contract Tower,1,3,17,0,21,0,0,36,0,36,1,3,53,0,57,24,0,24,81
05/17/2013,GYY,IN,AGL,CE,Federal Contract Tower,0,0,20,2,22,0,0,24,2,26,0,0,44,4,48,4,0,4,52
05/18/2013,GYY,IN,AGL,CE,Federal Contract Tower,0,0,10,0,10,0,0,12,0,12,0,0,22,0,22,16,0,16,38
05/19/2013,GYY,IN,AGL,CE,Federal Contract Tower,0,0,30,2,32,0,2,22,0,24,0,2,52,2,56,16,0,16,72
05/20/2013,GYY,IN,AGL,CE,Federal Contract Tower,0,1,20,0,21,0,0,15,0,15,0,1,35,0,36,0,0,0,36
05/21/2013,GYY,IN,AGL,CE,Federal Contract Tower,1,7,25,0,33,0,0,14,0,14,1,7,39,0,47,20,0,20,67
05/22/2013,GYY,IN,AGL,CE,Federal Contract Tower,2,3,23,0,28,0,1,19,6,26,2,4,42,6,54,16,12,28,82
05/23/2013,GYY,IN,AGL,CE,Federal Contract Tower,2,3,18,0,23,0,0,4,0,4,2,3,22,0,27,0,0,0,27
05/24/2013,GYY,IN,AGL,CE,Federal Contract Tower,1,1,21,0,23,0,0,37,0,37,1,1,58,0,60,76,0,76,136
05/25/2013,GYY,IN,AGL,CE,Federal Contract Tower,2,0,7,0,9,0,0,25,0,25,2,0,32,0,34,60,0,60,94
05/26/2013,GYY,IN,AGL,CE,Federal Contract Tower,0,0,8,0,8,0,0,17,0,17,0,0,25,0,25,18,0,18,43
05/27/2013,GYY,IN,AGL,CE,Federal Contract Tower,0,1,16,0,17,0,0,1,0,1,0,1,17,0,18,0,0,0,18
05/28/2013,GYY,IN,AGL,CE,Federal Contract Tower,1,8,27,0,36,0,0,7,0,7,1,8,34,0,43,4,0,4,47
05/29/2013,GYY,IN,AGL,CE,Federal Contract Tower,1,6,31,0,38,0,0,16,0,16,1,6,47,0,54,14,0,14,68
05/30/2013,GYY,IN,AGL,CE,Federal Contract Tower,0,12,26,0,38,0,0,0,0,0,0,12,26,0,38,0,0,0,38
05/31/2013,GYY,IN,AGL,CE,Federal Contract Tower,0,0,20,0,20,0,0,11,2,13,0,0,31,2,33,12,0,12,45
06/01/2013,GYY,IN,AGL,CE,Federal Contract Tower,0,1,7,0,8,0,0,25,0,25,0,1,32,0,33,22,0,22,55
06/02/2013,GYY,IN,AGL,CE,Federal Contract Tower,1,2,25,0,28,0,0,3,0,3,1,2,28,0,31,0,0,0,31
06/03/2013,GYY,IN,AGL,CE,Federal Contract Tower,1,1,13,0,15,0,0,24,1,25,1,1,37,1,40,20,4,24,64
06/04/2013,GYY,IN,AGL,CE,Federal Contract Tower,3,9,21,0,33,0,0,22,6,28,3,9,43,6,61,32,18,50,111
06/05/2013,GYY,IN,AGL,CE,Federal Contract Tower,10,9,27,0,46,0,0,26,4,30,10,9,53,4,76,24,0,24,100
06/06/2013,GYY,IN,AGL,CE,Federal Contract Tower,5,31,26,0,62,0,0,19,0,19,5,31,45,0,81,18,0,18,99
06/07/2013,GYY,IN,AGL,CE,Federal Contract Tower,13,12,19,1,45,0,0,21,0,21,13,12,40,1,66,22,6,28,94
06/08/2013,GYY,IN,AGL,CE,Federal Contract Tower,2,3,14,2,21,0,0,79,0,79,2,3,93,2,100,2,0,2,102
06/09/2013,GYY,IN,AGL,CE,Federal Contract Tower,0,2,21,1,24,0,0,17,1,18,0,2,38,2,42,0,0,0,42
06/10/2013,GYY,IN,AGL,CE,Federal Contract Tower,2,8,16,0,26,0,0,9,2,11,2,8,25,2,37,0,14,14,51
06/11/2013,GYY,IN,AGL,CE,Federal Contract Tower,3,3,21,0,27,0,1,30,0,31,3,4,51,0,58,20,0,20,78
06/12/2013,GYY,IN,AGL,CE,Federal Contract Tower,7,4,33,0,44,0,0,18,0,18,7,4,51,0,62,42,0,42,104
06/13/2013,GYY,IN,AGL,CE,Federal Contract Tower,9,19,32,2,62,0,0,25,4,29,9,19,57,6,91,160,0,160,251
06/14/2013,GYY,IN,AGL,CE,Federal Contract Tower,6,14,21,0,41,0,1,30,0,31,6,15,51,0,72,18,0,18,90
06/15/2013,GYY,IN,AGL,CE,Federal Contract Tower,4,1,14,0,19,0,0,19,0,19,4,1,33,0,38,2,0,2,40
06/16/2013,GYY,IN,AGL,CE,Federal Contract Tower,0,2,20,0,22,0,0,14,0,14,0,2,34,0,36,28,0,28,64
06/17/2013,GYY,IN,AGL,CE,Federal Contract Tower,4,8,27,0,39,0,1,19,2,22,4,9,46,2,61,0,0,0,61
06/18/2013,GYY,IN,AGL,CE,Federal Contract Tower,7,10,24,0,41,0,1,9,0,10,7,11,33,0,51,2,0,2,53
06/19/2013,GYY,IN,AGL,CE,Federal Contract Tower,9,10,29,0,48,0,1,26,1,28,9,11,55,1,76,8,0,8,84
06/20/2013,GYY,IN,AGL,CE,Federal Contract Tower,5,9,21,0,35,0,0,24,0,24,5,9,45,0,59,30,0,30,89
06/21/2013,GYY,IN,AGL,CE,Federal Contract Tower,0,2,24,0,26,0,0,9,0,9,0,2,33,0,35,0,0,0,35
06/22/2013,GYY,IN,AGL,CE,Federal Contract Tower,3,3,16,0,22,0,0,14,0,14,3,3,30,0,36,36,0,36,72
06/23/2013,GYY,IN,AGL,CE,Federal Contract Tower,2,3,21,0,26,0,0,17,0,17,2,3,38,0,43,6,0,6,49
06/24/2013,GYY,IN,AGL,CE,Federal Contract Tower,1,0,22,0,23,0,0,12,8,20,1,0,34,8,43,2,0,2,45
06/25/2013,GYY,IN,AGL,CE,Federal Contract Tower,4,1,27,1,33,0,0,14,0,14,4,1,41,1,47,6,0,6,53
06/26/2013,GYY,IN,AGL,CE,Federal Contract Tower,3,7,16,0,26,0,2,13,0,15,3,9,29,0,41,0,0,0,41
06/27/2013,GYY,IN,AGL,CE,Federal Contract Tower,1,4,19,0,24,0,0,31,4,35,1,4,50,4,59,32,0,32,91
06/28/2013,GYY,IN,AGL,CE,Federal Contract Tower,2,6,19,2,29,0,1,13,4,18,2,7,32,6,47,26,4,30,77
06/29/2013,GYY,IN,AGL,CE,Federal Contract Tower,2,2,15,1,20,0,0,0,0,0,2,2,15,1,20,0,0,0,20
06/30/2013,GYY,IN,AGL,CE,Federal Contract Tower,0,0,18,2,20,0,0,32,4,36,0,0,50,6,56,44,0,44,100
07/01/2013,GYY,IN,AGL,CE,Federal Contract Tower,0,0,13,0,13,0,2,30,6,38,0,2,43,6,51,0,0,0,51
07/02/2013,GYY,IN,AGL,CE,Federal Contract Tower,2,0,21,0,23,0,0,7,1,8,2,0,28,1,31,0,0,0,31
07/03/2013,GYY,IN,AGL,CE,Federal Contract Tower,2,0,19,0,21,0,0,6,2,8,2,0,25,2,29,18,26,44,73
07/04/2013,GYY,IN,AGL,CE,Federal Contract Tower,0,0,9,0,9,0,0,17,0,17,0,0,26,0,26,0,0,0,26
07/05/2013,GYY,IN,AGL,CE,Federal Contract Tower,2,0,11,0,13,0,1,20,0,21,2,1,31,0,34,16,0,16,50
07/06/2013,GYY,IN,AGL,CE,Federal Contract Tower,2,0,8,0,10,0,0,19,0,19,2,0,27,0,29,8,0,8,37
07/07/2013,GYY,IN,AGL,CE,Federal Contract Tower,0,2,25,0,27,0,0,13,2,15,0,2,38,2,42,14,0,14,56
07/08/2013,GYY,IN,AGL,CE,Federal Contract Tower,1,2,17,0,20,0,0,10,1,11,1,2,27,1,31,4,0,4,35
07/09/2013,GYY,IN,AGL,CE,Federal Contract Tower,3,2,19,0,24,0,1,14,2,17,3,3,33,2,41,0,0,0,41
07/10/2013,GYY,IN,AGL,CE,Federal Contract Tower,2,4,22,0,28,0,0,13,0,13,2,4,35,0,41,6,0,6,47
07/11/2013,GYY,IN,AGL,CE,Federal Contract Tower,0,0,24,0,24,0,1,34,0,35,0,1,58,0,59,22,0,22,81
07/12/2013,GYY,IN,AGL,CE,Federal Contract Tower,2,4,21,0,27,0,2,45,2,49,2,6,66,2,76,126,0,126,202
07/13/2013,GYY,IN,AGL,CE,Federal Contract Tower,4,2,10,0,16,0,6,68,2,76,4,8,78,2,92,82,0,82,174
07/14/2013,GYY,IN,AGL,CE,Federal Contract Tower,0,0,19,0,19,0,2,38,4,44,0,2,57,4,63,0,0,0,63
07/15/2013,GYY,IN,AGL,CE,Federal Contract Tower,1,0,14,0,15,0,0,25,3,28,1,0,39,3,43,40,0,40,83
07/16/2013,GYY,IN,AGL,CE,Federal Contract Tower,3,2,19,2,26,0,0,29,2,31,3,2,48,4,57,40,0,40,97
07/17/2013,GYY,IN,AGL,CE,Federal Contract Tower,2,0,25,0,27,0,0,29,0,29,2,0,54,0,56,6,0,6,62
07/18/2013,GYY,IN,AGL,CE,Federal Contract Tower,1,2,25,0,28,0,0,27,6,33,1,2,52,6,61,0,0,0,61
07/19/2013,GYY,IN,AGL,CE,Federal Contract Tower,2,0,27,1,30,0,0,27,2,29,2,0,54,3,59,44,0,44,103
07/20/2013,GYY,IN,AGL,CE,Federal Contract Tower,2,5,14,2,23,0,0,16,0,16,2,5,30,2,39,12,0,12,51
07/21/2013,GYY,IN,AGL,CE,Federal Contract Tower,1,0,18,1,20,0,0,12,0,12,1,0,30,1,32,0,0,0,32
07/22/2013,GYY,IN,AGL,CE,Federal Contract Tower,5,0,17,0,22,0,0,29,0,29,5,0,46,0,51,42,0,42,93
07/23/2013,GYY,IN,AGL,CE,Federal Contract Tower,1,0,12,0,13,0,0,20,0,20,1,0,32,0,33,60,0,60,93
07/24/2013,GYY,IN,AGL,CE,Federal Contract Tower,2,0,17,2,21,0,0,28,0,28,2,0,45,2,49,26,0,26,75
07/25/2013,GYY,IN,AGL,CE,Federal Contract Tower,1,0,19,2,22,0,0,39,4,43,1,0,58,6,65,42,2,44,109
07/26/2013,GYY,IN,AGL,CE,Federal Contract Tower,2,0,18,2,22,0,0,24,0,24,2,0,42,2,46,0,0,0,46
07/27/2013,GYY,IN,AGL,CE,Federal Contract Tower,3,0,22,0,25,0,0,27,0,27,3,0,49,0,52,8,0,8,60
07/28/2013,GYY,IN,AGL,CE,Federal Contract Tower,0,2,22,0,24,0,0,36,1,37,0,2,58,1,61,18,0,18,79
07/29/2013,GYY,IN,AGL,CE,Federal Contract Tower,0,3,21,0,24,0,0,37,2,39,0,3,58,2,63,34,0,34,97
07/30/2013,GYY,IN,AGL,CE,Federal Contract Tower,2,2,20,0,24,0,0,29,0,29,2,2,49,0,53,22,0,22,75
07/31/2013,GYY,IN,AGL,CE,Federal Contract Tower,2,2,40,0,44,0,0,7,1,8,2,2,47,1,52,0,0,0,52
08/01/2013,GYY,IN,AGL,CE,Federal Contract Tower,1,3,31,1,36,0,2,39,5,46,1,5,70,6,82,10,0,10,92
08/02/2013,GYY,IN,AGL,CE,Federal Contract Tower,2,0,24,0,26,0,0,18,2,20,2,0,42,2,46,0,0,0,46
08/03/2013,GYY,IN,AGL,CE,Federal Contract Tower,2,1,15,0,18,0,0,38,0,38,2,1,53,0,56,28,0,28,84
08/04/2013,GYY,IN,AGL,CE,Federal Contract Tower,1,1,28,0,30,0,0,44,0,44,1,1,72,0,74,10,0,10,84
08/05/2013,GYY,IN,AGL,CE,Federal Contract Tower,0,0,13,0,13,0,2,12,2,16,0,2,25,2,29,0,0,0,29
08/06/2013,GYY,IN,AGL,CE,Federal Contract Tower,2,0,19,0,21,0,0,17,0,17,2,0,36,0,38,16,0,16,54
08/07/2013,GYY,IN,AGL,CE,Federal Contract Tower,5,0,13,0,18,0,0,19,2,21,5,0,32,2,39,24,22,46,85
08/08/2013,GYY,IN,AGL,CE,Federal Contract Tower,1,2,18,0,21,0,0,23,1,24,1,2,41,1,45,60,0,60,105
08/09/2013,GYY,IN,AGL,CE,Federal Contract Tower,6,2,21,0,29,0,0,21,0,21,6,2,42,0,50,4,0,4,54
08/10/2013,GYY,IN,AGL,CE,Federal Contract Tower,2,2,10,0,14,0,2,39,0,41,2,4,49,0,55,28,0,28,83
08/11/2013,GYY,IN,AGL,CE,Federal Contract Tower,2,0,21,0,23,0,0,13,0,13,2,0,34,0,36,10,0,10,46
08/12/2013,GYY,IN,AGL,CE,Federal Contract Tower,1,6,22,0,29,0,0,27,0,27,1,6,49,0,56,52,0,52,108
08/13/2013,GYY,IN,AGL,CE,Federal Contract Tower,3,3,33,0,39,0,0,30,0,30,3,3,63,0,69,0,0,0,69
08/14/2013,GYY,IN,AGL,CE,Federal Contract Tower,3,0,41,1,45,0,0,56,13,69,3,0,97,14,114,42,10,52,166
08/15/2013,GYY,IN,AGL,CE,Federal Contract Tower,3,0,30,0,33,0,0,149,2,151,3,0,179,2,184,20,0,20,204
08/16/2013,GYY,IN,AGL,CE,Federal Contract Tower,2,0,20,4,26,0,2,118,1,121,2,2,138,5,147,16,0,16,163
08/17/2013,GYY,IN,AGL,CE,Federal Contract Tower,0,0,11,1,12,0,0,113,1,114,0,0,124,2,126,3,0,3,129
08/18/2013,GYY,IN,AGL,CE,Federal Contract Tower,1,2,31,4,38,0,0,121,0,121,1,2,152,4,159,58,0,58,217
08/19/2013,GYY,IN,AGL,CE,Federal Contract Tower,1,5,23,0,29,0,0,37,0,37,1,5,60,0,66,50,0,50,116
08/20/2013,GYY,IN,AGL,CE,Federal Contract Tower,2,1,25,0,28,0,0,40,0,40,2,1,65,0,68,16,0,16,84
08/21/2013,GYY,IN,AGL,CE,Federal Contract Tower,0,4,21,0,25,0,0,33,0,33,0,4,54,0,58,22,0,22,80
08/22/2013,GYY,IN,AGL,CE,Federal Contract Tower,0,1,20,0,21,0,0,8,0,8,0,1,28,0,29,0,0,0,29
08/23/2013,GYY,IN,AGL,CE,Federal Contract Tower,4,2,16,0,22,0,0,31,0,31,4,2,47,0,53,14,0,14,67
08/24/2013,GYY,IN,AGL,CE,Federal Contract Tower,0,0,7,0,7,0,0,16,8,24,0,0,23,8,31,0,0,0,31
08/25/2013,GYY,IN,AGL,CE,Federal Contract Tower,6,6,15,0,27,0,0,20,4,24,6,6,35,4,51,16,0,16,67
08/26/2013,GYY,IN,AGL,CE,Federal Contract Tower,5,9,25,2,41,0,2,24,0,26,5,11,49,2,67,16,0,16,83
08/27/2013,GYY,IN,AGL,CE,Federal Contract Tower,2,4,33,0,39,0,0,21,0,21,2,4,54,0,60,20,0,20,80
08/28/2013,GYY,IN,AGL,CE,Federal Contract Tower,3,1,30,7,41,0,0,1,0,1,3,1,31,7,42,0,0,0,42
08/29/2013,GYY,IN,AGL,CE,Federal Contract Tower,1,2,19,0,22,0,0,28,2,30,1,2,47,2,52,24,0,24,76
08/30/2013,GYY,IN,AGL,CE,Federal Contract Tower,4,3,15,0,22,0,0,41,0,41,4,3,56,0,63,14,0,14,77
08/31/2013,GYY,IN,AGL,CE,Federal Contract Tower,0,1,15,1,17,0,0,2,1,3,0,1,17,2,20,0,0,0,20
09/01/2013,GYY,IN,AGL,CE,Federal Contract Tower,0,3,7,1,11,0,0,7,1,8,0,3,14,2,19,0,0,0,19
09/02/2013,GYY,IN,AGL,CE,Federal Contract Tower,1,1,20,0,22,0,0,21,0,21,1,1,41,0,43,6,0,6,49
09/03/2013,GYY,IN,AGL,CE,Federal Contract Tower,3,0,18,0,21,0,0,11,2,13,3,0,29,2,34,12,0,12,46
09/04/2013,GYY,IN,AGL,CE,Federal Contract Tower,0,4,19,0,23,0,0,30,3,33,0,4,49,3,56,36,0,36,92
09/05/2013,GYY,IN,AGL,CE,Federal Contract Tower,0,3,15,0,18,0,0,18,0,18,0,3,33,0,36,16,0,16,52
09/06/2013,GYY,IN,AGL,CE,Federal Contract Tower,3,4,21,8,36,0,2,20,0,22,3,6,41,8,58,6,4,10,68
09/07/2013,GYY,IN,AGL,CE,Federal Contract Tower,5,2,15,0,22,0,0,8,0,8,5,2,23,0,30,0,0,0,30
09/08/2013,GYY,IN,AGL,CE,Federal Contract Tower,1,4,20,4,29,0,0,18,5,23,1,4,38,9,52,10,0,10,62
09/09/2013,GYY,IN,AGL,CE,Federal Contract Tower,1,2,18,0,21,0,0,13,0,13,1,2,31,0,34,0,0,0,34
09/10/2013,GYY,IN,AGL,CE,Federal Contract Tower,4,4,25,0,33,0,0,16,2,18,4,4,41,2,51,0,36,36,87
09/11/2013,GYY,IN,AGL,CE,Federal Contract Tower,0,0,21,0,21,0,0,17,1,18,0,0,38,1,39,20,0,20,59
09/12/2013,GYY,IN,AGL,CE,Federal Contract Tower,4,2,24,0,30,0,0,16,2,18,4,2,40,2,48,26,0,26,74
09/13/2013,GYY,IN,AGL,CE,Federal Contract Tower,2,4,18,3,27,0,0,20,1,21,2,4,38,4,48,58,2,60,108
09/14/2013,GYY,IN,AGL,CE,Federal Contract Tower,0,5,10,1,16,0,0,64,6,70,0,5,74,7,86,86,18,104,190
09/15/2013,GYY,IN,AGL,CE,Federal Contract Tower,0,1,16,1,18,0,0,5,4,9,0,1,21,5,27,8,4,12,39
09/16/2013,GYY,IN,AGL,CE,Federal Contract Tower,3,0,25,0,28,0,2,20,0,22,3,2,45,0,50,6,0,6,56
09/17/2013,GYY,IN,AGL,CE,Federal Contract Tower,0,0,18,0,18,0,2,16,4,22,0,2,34,4,40,20,0,20,60
09/18/2013,GYY,IN,AGL,CE,Federal Contract Tower,0,2,29,0,31,0,0,12,0,12,0,2,41,0,43,0,0,0,43
09/19/2013,GYY,IN,AGL,CE,Federal Contract Tower,1,0,28,0,29,0,0,16,0,16,1,0,44,0,45,24,0,24,69
09/20/2013,GYY,IN,AGL,CE,Federal Contract Tower,2,2,32,4,40,0,0,6,0,6,2,2,38,4,46,6,0,6,52
09/21/2013,GYY,IN,AGL,CE,Federal Contract Tower,1,0,14,1,16,0,0,26,0,26,1,0,40,1,42,18,0,18,60
09/22/2013,GYY,IN,AGL,CE,Federal Contract Tower,1,0,25,5,31,0,0,33,1,34,1,0,58,6,65,32,2,34,99
09/23/2013,GYY,IN,AGL,CE,Federal Contract Tower,0,2,30,1,33,0,0,23,0,23,0,2,53,1,56,38,0,38,94
09/24/2013,GYY,IN,AGL,CE,Federal Contract Tower,2,4,30,0,36,0,0,36,1,37,2,4,66,1,73,22,0,22,95
09/25/2013,GYY,IN,AGL,CE,Federal Contract Tower,0,3,17,0,20,0,2,29,0,31,0,5,46,0,51,2,0,2,53
09/26/2013,GYY,IN,AGL,CE,Federal Contract Tower,0,5,27,1,33,0,0,27,0,27,0,5,54,1,60,0,6,6,66
09/27/2013,GYY,IN,AGL,CE,Federal Contract Tower,2,1,29,0,32,0,0,18,0,18,2,1,47,0,50,20,0,20,70
09/28/2013,GYY,IN,AGL,CE,Federal Contract Tower,0,3,17,0,20,0,0,32,0,32,0,3,49,0,52,16,0,16,68
09/29/2013,GYY,IN,AGL,CE,Federal Contract Tower,0,0,29,0,29,0,0,23,0,23,0,0,52,0,52,0,0,0,52
09/30/2013,GYY,IN,AGL,CE,Federal Contract Tower,5,0,23,0,28,0,0,25,0,25,5,0,48,0,53,28,0,28,81
10/01/2013,GYY,IN,AGL,CE,Federal Contract Tower,3,1,18,1,23,0,0,9,0,9,3,1,27,1,32,0,0,0,32
10/02/2013,GYY,IN,AGL,CE,Federal Contract Tower,1,2,35,0,38,0,0,18,0,18,1,2,53,0,56,16,0,16,72
10/03/2013,GYY,IN,AGL,CE,Federal Contract Tower,1,3,24,0,28,0,1,2,0,3,1,4,26,0,31,0,0,0,31
10/04/2013,GYY,IN,AGL,CE,Federal Contract Tower,3,2,24,0,29,0,0,11,0,11,3,2,35,0,40,0,0,0,40
10/05/2013,GYY,IN,AGL,CE,Federal Contract Tower,0,2,8,0,10,0,0,6,0,6,0,2,14,0,16,0,0,0,16
10/06/2013,GYY,IN,AGL,CE,Federal Contract Tower,0,0,17,0,17,0,0,13,0,13,0,0,30,0,30,0,0,0,30
10/07/2013,GYY,IN,AGL,CE,Federal Contract Tower,0,1,11,0,12,0,0,6,0,6,0,1,17,0,18,0,0,0,18
10/08/2013,GYY,IN,AGL,CE,Federal Contract Tower,2,2,21,0,25,0,0,16,0,16,2,2,37,0,41,4,0,4,45
10/09/2013,GYY,IN,AGL,CE,Federal Contract Tower,1,0,24,0,25,0,0,37,0,37,1,0,61,0,62,76,0,76,138
10/10/2013,GYY,IN,AGL,CE,Federal Contract Tower,2,2,22,0,26,0,0,30,0,30,2,2,52,0,56,46,0,46,102
10/11/2013,GYY,IN,AGL,CE,Federal Contract Tower,3,0,23,0,26,0,0,18,0,18,3,0,41,0,44,18,0,18,62
10/12/2013,GYY,IN,AGL,CE,Federal Contract Tower,0,0,12,0,12,0,0,17,0,17,0,0,29,0,29,30,0,30,59
10/13/2013,GYY,IN,AGL,CE,Federal Contract Tower,0,0,15,0,15,0,2,33,0,35,0,2,48,0,50,14,0,14,64
10/14/2013,GYY,IN,AGL,CE,Federal Contract Tower,0,2,17,0,19,0,0,27,0,27,0,2,44,0,46,8,0,8,54
10/15/2013,GYY,IN,AGL,CE,Federal Contract Tower,2,0,17,0,19,0,0,6,0,6,2,0,23,0,25,0,0,0,25
10/16/2013,GYY,IN,AGL,CE,Federal Contract Tower,1,3,38,0,42,0,3,18,2,23,1,6,56,2,65,0,0,0,65
10/17/2013,GYY,IN,AGL,CE,Federal Contract Tower,0,1,19,0,20,0,0,7,0,7,0,1,26,0,27,0,0,0,27
10/18/2013,GYY,IN,AGL,CE,Federal Contract Tower,2,1,17,0,20,0,0,25,0,25,2,1,42,0,45,12,0,12,57
10/19/2013,GYY,IN,AGL,CE,Federal Contract Tower,0,0,9,0,9,0,0,17,0,17,0,0,26,0,26,6,0,6,32
10/20/2013,GYY,IN,AGL,CE,Federal Contract Tower,0,0,25,0,25,0,0,23,0,23,0,0,48,0,48,18,0,18,66
10/21/2013,GYY,IN,AGL,CE,Federal Contract Tower,0,2,24,0,26,0,0,18,0,18,0,2,42,0,44,18,0,18,62
10/22/2013,GYY,IN,AGL,CE,Federal Contract Tower,1,0,27,0,28,0,2,5,3,10,1,2,32,3,38,0,24,24,62
10/23/2013,GYY,IN,AGL,CE,Federal Contract Tower,0,7,32,0,39,0,0,15,0,15,0,7,47,0,54,20,0,20,74
10/24/2013,GYY,IN,AGL,CE,Federal Contract Tower,1,3,26,0,30,0,0,14,2,16,1,3,40,2,46,12,24,36,82
10/25/2013,GYY,IN,AGL,CE,Federal Contract Tower,2,1,22,0,25,0,0,41,0,41,2,1,63,0,66,24,0,24,90
10/26/2013,GYY,IN,AGL,CE,Federal Contract Tower,0,0,15,0,15,0,0,9,0,9,0,0,24,0,24,0,0,0,24
10/27/2013,GYY,IN,AGL,CE,Federal Contract Tower,0,2,22,0,24,0,2,25,0,27,0,4,47,0,51,10,0,10,61
10/28/2013,GYY,IN,AGL,CE,Federal Contract Tower,0,0,23,0,23,0,0,5,0,5,0,0,28,0,28,8,0,8,36
10/29/2013,GYY,IN,AGL,CE,Federal Contract Tower,2,0,18,0,20,0,0,30,6,36,2,0,48,6,56,38,6,44,100
10/30/2013,GYY,IN,AGL,CE,Federal Contract Tower,0,2,28,0,30,0,0,0,0,0,0,2,28,0,30,0,0,0,30
10/31/2013,GYY,IN,AGL,CE,Federal Contract Tower,0,4,23,0,27,0,0,2,0,2,0,4,25,0,29,0,0,0,29
11/01/2013,GYY,IN,AGL,CE,Federal Contract Tower,2,0,18,0,20,0,0,10,3,13,2,0,28,3,33,0,0,0,33
11/02/2013,GYY,IN,AGL,CE,Federal Contract Tower,0,0,13,0,13,0,0,7,0,7,0,0,20,0,20,0,0,0,20
11/03/2013,GYY,IN,AGL,CE,Federal Contract Tower,0,2,20,0,22,0,0,27,5,32,0,2,47,5,54,14,0,14,68
11/04/2013,GYY,IN,AGL,CE,Federal Contract Tower,3,3,25,0,31,0,0,13,0,13,3,3,38,0,44,6,0,6,50
11/05/2013,GYY,IN,AGL,CE,Federal Contract Tower,2,2,27,0,31,0,0,10,0,10,2,2,37,0,41,8,0,8,49
11/06/2013,GYY,IN,AGL,CE,Federal Contract Tower,0,0,25,0,25,0,0,3,0,3,0,0,28,0,28,0,0,0,28
11/07/2013,GYY,IN,AGL,CE,Federal Contract Tower,2,0,25,0,27,0,0,28,15,43,2,0,53,15,70,6,24,30,100
11/08/2013,GYY,IN,AGL,CE,Federal Contract Tower,3,2,15,1,21,0,0,27,0,27,3,2,42,1,48,16,0,16,64
11/09/2013,GYY,IN,AGL,CE,Federal Contract Tower,0,0,19,0,19,0,0,42,0,42,0,0,61,0,61,14,0,14,75
11/10/2013,GYY,IN,AGL,CE,Federal Contract Tower,0,0,25,0,25,0,0,37,0,37,0,0,62,0,62,26,0,26,88
11/11/2013,GYY,IN,AGL,CE,Federal Contract Tower,0,2,22,0,24,0,0,4,0,4,0,2,26,0,28,12,0,12,40
11/12/2013,GYY,IN,AGL,CE,Federal Contract Tower,3,2,26,0,31,0,0,26,6,32,3,2,52,6,63,38,0,38,101
11/13/2013,GYY,IN,AGL,CE,Federal Contract Tower,2,2,33,0,37,0,2,19,0,21,2,4,52,0,58,62,0,62,120
11/14/2013,GYY,IN,AGL,CE,Federal Contract Tower,0,3,25,0,28,0,6,35,4,45,0,9,60,4,73,68,0,68,141
11/15/2013,GYY,IN,AGL,CE,Federal Contract Tower,2,0,31,3,36,0,0,25,0,25,2,0,56,3,61,4,4,8,69
11/16/2013,GYY,IN,AGL,CE,Federal Contract Tower,0,1,18,0,19,0,0,1,0,1,0,1,19,0,20,0,0,0,20
11/17/2013,GYY,IN,AGL,CE,Federal Contract Tower,0,3,13,1,17,0,0,2,0,2,0,3,15,1,19,0,0,0,19
11/18/2013,GYY,IN,AGL,CE,Federal Contract Tower,0,1,15,0,16,0,0,21,0,21,0,1,36,0,37,16,0,16,53
11/19/2013,GYY,IN,AGL,CE,Federal Contract Tower,2,1,28,0,31,0,0,29,6,35,2,1,57,6,66,34,8,42,108
11/20/2013,GYY,IN,AGL,CE,Federal Contract Tower,0,0,27,0,27,0,2,13,1,16,0,2,40,1,43,30,28,58,101
11/21/2013,GYY,IN,AGL,CE,Federal Contract Tower,2,1,33,0,36,0,0,7,4,11,2,1,40,4,47,0,14,14,61
11/22/2013,GYY,IN,AGL,CE,Federal Contract Tower,2,1,19,0,22,0,0,13,0,13,2,1,32,0,35,4,0,4,39
11/23/2013,GYY,IN,AGL,CE,Federal Contract Tower,1,0,13,0,14,0,0,14,0,14,1,0,27,0,28,8,0,8,36
11/24/2013,GYY,IN,AGL,CE,Federal Contract Tower,0,0,21,0,21,0,0,11,0,11,0,0,32,0,32,18,0,18,50
11/25/2013,GYY,IN,AGL,CE,Federal Contract Tower,0,2,17,0,19,0,0,6,0,6,0,2,23,0,25,2,0,2,27
11/26/2013,GYY,IN,AGL,CE,Federal Contract Tower,2,0,26,0,28,0,0,13,4,17,2,0,39,4,45,4,0,4,49
11/27/2013,GYY,IN,AGL,CE,Federal Contract Tower,0,0,23,0,23,0,0,26,0,26,0,0,49,0,49,22,0,22,71
11/28/2013,GYY,IN,AGL,CE,Federal Contract Tower,0,4,2,0,6,0,2,4,0,6,0,6,6,0,12,0,0,0,12
11/29/2013,GYY,IN,AGL,CE,Federal Contract Tower,2,0,11,0,13,0,2,24,0,26,2,2,35,0,39,28,0,28,67
11/30/2013,GYY,IN,AGL,CE,Federal Contract Tower,0,0,22,0,22,0,0,21,0,21,0,0,43,0,43,8,0,8,51
12/01/2013,GYY,IN,AGL,CE,Federal Contract Tower,3,0,28,0,31,0,0,6,0,6,3,0,34,0,37,0,0,0,37
12/02/2013,GYY,IN,AGL,CE,Federal Contract Tower,0,4,28,0,32,0,2,8,0,10,0,6,36,0,42,0,0,0,42
12/03/2013,GYY,IN,AGL,CE,Federal Contract Tower,2,3,12,0,17,0,0,0,0,0,2,3,12,0,17,0,0,0,17
12/04/2013,GYY,IN,AGL,CE,Federal Contract Tower,0,1,23,0,24,0,0,0,0,0,0,1,23,0,24,0,0,0,24
12/05/2013,GYY,IN,AGL,CE,Federal Contract Tower,0,2,18,0,20,0,0,11,2,13,0,2,29,2,33,38,8,46,79
12/06/2013,GYY,IN,AGL,CE,Federal Contract Tower,2,9,14,0,25,0,2,13,1,16,2,11,27,1,41,0,0,0,41
12/07/2013,GYY,IN,AGL,CE,Federal Contract Tower,1,0,16,0,17,0,0,25,2,27,1,0,41,2,44,10,2,12,56
12/08/2013,GYY,IN,AGL,CE,Federal Contract Tower,0,0,14,0,14,0,0,5,0,5,0,0,19,0,19,0,0,0,19
12/09/2013,GYY,IN,AGL,CE,Federal Contract Tower,0,3,16,0,19,0,0,11,0,11,0,3,27,0,30,0,0,0,30
12/10/2013,GYY,IN,AGL,CE,Federal Contract Tower,2,2,27,0,31,0,0,1,9,10,2,2,28,9,41,0,30,30,71
12/11/2013,GYY,IN,AGL,CE,Federal Contract Tower,0,5,34,0,39,0,0,4,2,6,0,5,38,2,45,0,16,16,61
12/12/2013,GYY,IN,AGL,CE,Federal Contract Tower,1,4,25,0,30,0,0,29,7,36,1,4,54,7,66,30,0,30,96
12/13/2013,GYY,IN,AGL,CE,Federal Contract Tower,2,2,16,0,20,0,0,11,1,12,2,2,27,1,32,4,0,4,36
12/14/2013,GYY,IN,AGL,CE,Federal Contract Tower,0,1,7,0,8,0,0,0,0,0,0,1,7,0,8,0,0,0,8
12/15/2013,GYY,IN,AGL,CE,Federal Contract Tower,2,3,14,0,19,0,0,7,0,7,2,3,21,0,26,0,0,0,26
12/16/2013,GYY,IN,AGL,CE,Federal Contract Tower,2,3,23,0,28,0,0,11,0,11,2,3,34,0,39,4,0,4,43
12/17/2013,GYY,IN,AGL,CE,Federal Contract Tower,2,1,20,0,23,0,0,7,1,8,2,1,27,1,31,24,0,24,55
12/18/2013,GYY,IN,AGL,CE,Federal Contract Tower,1,1,20,0,22,0,0,22,5,27,1,1,42,5,49,0,0,0,49
12/19/2013,GYY,IN,AGL,CE,Federal Contract Tower,0,5,30,0,35,0,0,12,5,17,0,5,42,5,52,0,0,0,52
12/20/2013,GYY,IN,AGL,CE,Federal Contract Tower,3,4,20,0,27,0,0,0,0,0,3,4,20,0,27,0,0,0,27
12/21/2013,GYY,IN,AGL,CE,Federal Contract Tower,0,0,5,0,5,0,0,0,0,0,0,0,5,0,5,0,0,0,5
12/22/2013,GYY,IN,AGL,CE,Federal Contract Tower,0,3,7,0,10,0,0,1,0,1,0,3,8,0,11,0,0,0,11
12/23/2013,GYY,IN,AGL,CE,Federal Contract Tower,0,0,11,0,11,0,0,7,0,7,0,0,18,0,18,0,0,0,18
12/24/2013,GYY,IN,AGL,CE,Federal Contract Tower,1,0,7,0,8,0,2,6,0,8,1,2,13,0,16,12,0,12,28
12/25/2013,GYY,IN,AGL,CE,Federal Contract Tower,0,1,4,0,5,0,0,0,0,0,0,1,4,0,5,0,0,0,5
12/26/2013,GYY,IN,AGL,CE,Federal Contract Tower,0,0,15,0,15,0,2,3,0,5,0,2,18,0,20,0,0,0,20
12/27/2013,GYY,IN,AGL,CE,Federal Contract Tower,3,2,19,0,24,0,0,23,3,26,3,2,42,3,50,4,0,4,54
12/28/2013,GYY,IN,AGL,CE,Federal Contract Tower,1,3,10,0,14,0,0,33,0,33,1,3,43,0,47,14,0,14,61
12/29/2013,GYY,IN,AGL,CE,Federal Contract Tower,0,1,12,0,13,0,0,1,0,1,0,1,13,0,14,0,0,0,14
12/30/2013,GYY,IN,AGL,CE,Federal Contract Tower,0,0,7,0,7,0,0,16,0,16,0,0,23,0,23,16,0,16,39
12/31/2013,GYY,IN,AGL,CE,Federal Contract Tower,0,0,9,0,9,0,0,8,0,8,0,0,17,0,17,0,0,0,17
01/01/2014,GYY,IN,AGL,CE,Federal Contract Tower,0,4,6,0,10,0,0,1,0,1,0,4,7,0,11,0,0,0,11
01/02/2014,GYY,IN,AGL,CE,Federal Contract Tower,0,3,10,0,13,0,0,1,0,1,0,3,11,0,14,0,0,0,14
01/03/2014,GYY,IN,AGL,CE,Federal Contract Tower,6,2,19,0,27,0,1,14,0,15,6,3,33,0,42,4,0,4,46
01/04/2014,GYY,IN,AGL,CE,Federal Contract Tower,0,4,19,0,23,0,0,6,0,6,0,4,25,0,29,0,0,0,29
01/05/2014,GYY,IN,AGL,CE,Federal Contract Tower,0,0,0,0,0,0,0,0,0,0,0,0,0,0,0,0,0,0,0
01/06/2014,GYY,IN,AGL,CE,Federal Contract Tower,1,1,5,0,7,0,0,1,0,1,1,1,6,0,8,0,0,0,8
01/07/2014,GYY,IN,AGL,CE,Federal Contract Tower,4,1,9,0,14,0,0,0,0,0,4,1,9,0,14,6,0,6,20
01/08/2014,GYY,IN,AGL,CE,Federal Contract Tower,2,6,15,0,23,0,0,7,0,7,2,6,22,0,30,0,0,0,30
01/09/2014,GYY,IN,AGL,CE,Federal Contract Tower,0,5,20,0,25,0,0,9,0,9,0,5,29,0,34,8,0,8,42
01/10/2014,GYY,IN,AGL,CE,Federal Contract Tower,2,3,7,0,12,0,0,0,0,0,2,3,7,0,12,0,0,0,12
01/11/2014,GYY,IN,AGL,CE,Federal Contract Tower,0,1,6,0,7,0,0,0,0,0,0,1,6,0,7,0,0,0,7
01/12/2014,GYY,IN,AGL,CE,Federal Contract Tower,0,1,9,0,10,0,0,2,0,2,0,1,11,0,12,0,0,0,12
01/13/2014,GYY,IN,AGL,CE,Federal Contract Tower,1,1,32,0,34,0,0,12,0,12,1,1,44,0,46,18,0,18,64
01/14/2014,GYY,IN,AGL,CE,Federal Contract Tower,1,1,21,0,23,0,0,0,2,2,1,1,21,2,25,0,8,8,33
01/15/2014,GYY,IN,AGL,CE,Federal Contract Tower,3,3,23,0,29,0,0,9,1,10,3,3,32,1,39,10,4,14,53
01/16/2014,GYY,IN,AGL,CE,Federal Contract Tower,1,6,30,0,37,0,0,4,0,4,1,6,34,0,41,4,0,4,45
01/17/2014,GYY,IN,AGL,CE,Federal Contract Tower,2,2,17,0,21,0,0,10,0,10,2,2,27,0,31,6,0,6,37
01/18/2014,GYY,IN,AGL,CE,Federal Contract Tower,0,3,7,0,10,0,0,1,0,1,0,3,8,0,11,0,0,0,11
01/19/2014,GYY,IN,AGL,CE,Federal Contract Tower,0,1,12,0,13,0,0,13,0,13,0,1,25,0,26,0,0,0,26
01/20/2014,GYY,IN,AGL,CE,Federal Contract Tower,0,0,20,0,20,0,0,5,0,5,0,0,25,0,25,0,0,0,25
01/21/2014,GYY,IN,AGL,CE,Federal Contract Tower,0,0,0,0,0,0,0,1,0,1,0,0,1,0,1,0,0,0,1
01/22/2014,GYY,IN,AGL,CE,Federal Contract Tower,0,0,17,0,17,0,0,4,0,4,0,0,21,0,21,0,0,0,21
01/23/2014,GYY,IN,AGL,CE,Federal Contract Tower,0,8,26,0,34,0,0,17,5,22,0,8,43,5,56,14,32,46,102
01/24/2014,GYY,IN,AGL,CE,Federal Contract Tower,3,5,12,0,20,0,0,4,0,4,3,5,16,0,24,0,0,0,24
01/25/2014,GYY,IN,AGL,CE,Federal Contract Tower,0,6,6,0,12,0,0,12,0,12,0,6,18,0,24,0,0,0,24
01/26/2014,GYY,IN,AGL,CE,Federal Contract Tower,5,0,10,0,15,0,0,2,0,2,5,0,12,0,17,0,0,0,17
01/27/2014,GYY,IN,AGL,CE,Federal Contract Tower,6,5,17,0,28,0,0,3,0,3,6,5,20,0,31,0,0,0,31
01/28/2014,GYY,IN,AGL,CE,Federal Contract Tower,2,5,15,0,22,0,0,7,0,7,2,5,22,0,29,5,0,5,34
01/29/2014,GYY,IN,AGL,CE,Federal Contract Tower,2,4,15,0,21,0,0,29,0,29,2,4,44,0,50,76,1,77,127
01/30/2014,GYY,IN,AGL,CE,Federal Contract Tower,8,5,24,0,37,0,0,2,2,4,8,5,26,2,41,0,0,0,41
01/31/2014,GYY,IN,AGL,CE,Federal Contract Tower,4,5,24,0,33,0,0,11,0,11,4,5,35,0,44,4,0,4,48
02/01/2014,GYY,IN,AGL,CE,Federal Contract Tower,2,0,4,0,6,0,0,0,0,0,2,0,4,0,6,0,0,0,6
02/02/2014,GYY,IN,AGL,CE,Federal Contract Tower,3,1,12,0,16,0,0,11,0,11,3,1,23,0,27,0,0,0,27
02/03/2014,GYY,IN,AGL,CE,Federal Contract Tower,2,2,23,0,27,0,0,24,0,24,2,2,47,0,51,18,0,18,69
02/04/2014,GYY,IN,AGL,CE,Federal Contract Tower,1,5,16,0,22,0,0,4,7,11,1,5,20,7,33,0,30,30,63
02/05/2014,GYY,IN,AGL,CE,Federal Contract Tower,1,3,9,0,13,0,0,1,0,1,1,3,10,0,14,0,0,0,14
02/06/2014,GYY,IN,AGL,CE,Federal Contract Tower,2,4,16,0,22,0,0,17,4,21,2,4,33,4,43,0,0,0,43
02/07/2014,GYY,IN,AGL,CE,Federal Contract Tower,2,10,17,0,29,0,0,13,0,13,2,10,30,0,42,0,0,0,42
02/08/2014,GYY,IN,AGL,CE,Federal Contract Tower,0,1,9,0,10,0,0,1,0,1,0,1,10,0,11,0,0,0,11
02/09/2014,GYY,IN,AGL,CE,Federal Contract Tower,6,0,13,0,19,0,2,10,0,12,6,2,23,0,31,6,0,6,37
02/10/2014,GYY,IN,AGL,CE,Federal Contract Tower,0,3,21,0,24,0,0,11,0,11,0,3,32,0,35,6,0,6,41
02/11/2014,GYY,IN,AGL,CE,Federal Contract Tower,2,5,14,0,21,0,0,17,3,20,2,5,31,3,41,6,0,6,47
02/12/2014,GYY,IN,AGL,CE,Federal Contract Tower,2,5,28,0,35,0,0,14,0,14,2,5,42,0,49,6,0,6,55
02/13/2014,GYY,IN,AGL,CE,Federal Contract Tower,0,7,27,0,34,0,0,16,0,16,0,7,43,0,50,4,0,4,54
02/14/2014,GYY,IN,AGL,CE,Federal Contract Tower,8,4,19,0,31,0,0,8,2,10,8,4,27,2,41,0,0,0,41
02/15/2014,GYY,IN,AGL,CE,Federal Contract Tower,3,1,13,0,17,0,0,2,5,7,3,1,15,5,24,0,0,0,24
02/16/2014,GYY,IN,AGL,CE,Federal Contract Tower,2,2,19,2,25,0,1,9,0,10,2,3,28,2,35,14,0,14,49
02/17/2014,GYY,IN,AGL,CE,Federal Contract Tower,1,0,8,0,9,0,0,2,0,2,1,0,10,0,11,0,0,0,11
02/18/2014,GYY,IN,AGL,CE,Federal Contract Tower,4,4,26,0,34,0,0,13,0,13,4,4,39,0,47,38,0,38,85
02/19/2014,GYY,IN,AGL,CE,Federal Contract Tower,0,5,19,0,24,0,6,24,0,30,0,11,43,0,54,16,0,16,70
02/20/2014,GYY,IN,AGL,CE,Federal Contract Tower,0,0,9,0,9,0,0,0,0,0,0,0,9,0,9,0,0,0,9
02/21/2014,GYY,IN,AGL,CE,Federal Contract Tower,2,1,20,0,23,0,0,7,4,11,2,1,27,4,34,6,0,6,40
02/22/2014,GYY,IN,AGL,CE,Federal Contract Tower,3,0,10,0,13,2,0,12,0,14,5,0,22,0,27,4,0,4,31
02/23/2014,GYY,IN,AGL,CE,Federal Contract Tower,1,5,21,0,27,0,0,15,0,15,1,5,36,0,42,0,0,0,42
02/24/2014,GYY,IN,AGL,CE,Federal Contract Tower,3,4,24,0,31,0,0,13,0,13,3,4,37,0,44,6,0,6,50
02/25/2014,GYY,IN,AGL,CE,Federal Contract Tower,3,5,18,0,26,0,0,17,0,17,3,5,35,0,43,18,0,18,61
02/26/2014,GYY,IN,AGL,CE,Federal Contract Tower,2,0,23,0,25,0,0,11,0,11,2,0,34,0,36,0,0,0,36
02/27/2014,GYY,IN,AGL,CE,Federal Contract Tower,0,0,20,0,20,0,1,18,0,19,0,1,38,0,39,8,0,8,47
02/28/2014,GYY,IN,AGL,CE,Federal Contract Tower,2,2,17,0,21,0,0,17,0,17,2,2,34,0,38,0,0,0,38
03/01/2014,GYY,IN,AGL,CE,Federal Contract Tower,0,0,8,0,8,0,0,1,0,1,0,0,9,0,9,0,0,0,9
03/02/2014,GYY,IN,AGL,CE,Federal Contract Tower,3,0,12,0,15,0,0,5,0,5,3,0,17,0,20,0,0,0,20
03/03/2014,GYY,IN,AGL,CE,Federal Contract Tower,3,4,12,0,19,0,0,21,0,21,3,4,33,0,40,6,0,6,46
03/04/2014,GYY,IN,AGL,CE,Federal Contract Tower,3,0,7,0,10,0,0,20,0,20,3,0,27,0,30,0,0,0,30
03/05/2014,GYY,IN,AGL,CE,Federal Contract Tower,0,6,31,0,37,0,0,2,2,4,0,6,33,2,41,0,0,0,41
03/06/2014,GYY,IN,AGL,CE,Federal Contract Tower,3,4,21,0,28,0,0,14,2,16,3,4,35,2,44,22,0,22,66
03/07/2014,GYY,IN,AGL,CE,Federal Contract Tower,2,7,20,0,29,0,0,21,0,21,2,7,41,0,50,14,0,14,64
03/08/2014,GYY,IN,AGL,CE,Federal Contract Tower,0,1,8,0,9,0,0,7,0,7,0,1,15,0,16,0,0,0,16
03/09/2014,GYY,IN,AGL,CE,Federal Contract Tower,2,1,21,0,24,0,0,24,0,24,2,1,45,0,48,8,0,8,56
03/10/2014,GYY,IN,AGL,CE,Federal Contract Tower,0,3,17,0,20,0,1,17,0,18,0,4,34,0,38,6,0,6,44
03/11/2014,GYY,IN,AGL,CE,Federal Contract Tower,2,3,14,0,19,0,0,13,1,14,2,3,27,1,33,10,0,10,43
03/12/2014,GYY,IN,AGL,CE,Federal Contract Tower,0,0,13,0,13,0,0,6,0,6,0,0,19,0,19,0,0,0,19
03/13/2014,GYY,IN,AGL,CE,Federal Contract Tower,1,5,22,0,28,0,0,10,0,10,1,5,32,0,38,12,0,12,50
03/14/2014,GYY,IN,AGL,CE,Federal Contract Tower,5,2,21,0,28,0,0,14,2,16,5,2,35,2,44,6,0,6,50
03/15/2014,GYY,IN,AGL,CE,Federal Contract Tower,0,0,20,0,20,0,2,25,5,32,0,2,45,5,52,0,56,56,108
03/16/2014,GYY,IN,AGL,CE,Federal Contract Tower,1,0,25,0,26,0,2,9,0,11,1,2,34,0,37,0,0,0,37
03/17/2014,GYY,IN,AGL,CE,Federal Contract Tower,3,2,16,0,21,0,0,16,0,16,3,2,32,0,37,0,0,0,37
03/18/2014,GYY,IN,AGL,CE,Federal Contract Tower,4,0,15,0,19,0,0,10,2,12,4,0,25,2,31,0,0,0,31
03/19/2014,GYY,IN,AGL,CE,Federal Contract Tower,0,0,16,0,16,0,0,0,0,0,0,0,16,0,16,0,0,0,16
03/20/2014,GYY,IN,AGL,CE,Federal Contract Tower,1,3,26,0,30,0,0,18,0,18,1,3,44,0,48,10,0,10,58
03/21/2014,GYY,IN,AGL,CE,Federal Contract Tower,2,5,19,0,26,0,0,8,8,16,2,5,27,8,42,43,0,43,85
03/22/2014,GYY,IN,AGL,CE,Federal Contract Tower,2,0,8,0,10,0,0,10,6,16,2,0,18,6,26,20,0,20,46
03/23/2014,GYY,IN,AGL,CE,Federal Contract Tower,0,2,22,0,24,0,0,7,3,10,0,2,29,3,34,0,0,0,34
03/24/2014,GYY,IN,AGL,CE,Federal Contract Tower,0,4,16,0,20,0,0,11,0,11,0,4,27,0,31,12,0,12,43
03/25/2014,GYY,IN,AGL,CE,Federal Contract Tower,2,4,19,0,25,0,0,4,7,11,2,4,23,7,36,0,0,0,36
03/26/2014,GYY,IN,AGL,CE,Federal Contract Tower,2,0,19,2,23,0,2,25,0,27,2,2,44,2,50,20,2,22,72
03/27/2014,GYY,IN,AGL,CE,Federal Contract Tower,3,6,20,2,31,0,0,2,4,6,3,6,22,6,37,0,10,10,47
03/28/2014,GYY,IN,AGL,CE,Federal Contract Tower,5,6,24,0,35,0,0,6,4,10,5,6,30,4,45,0,0,0,45
03/29/2014,GYY,IN,AGL,CE,Federal Contract Tower,1,4,18,0,23,0,0,2,0,2,1,4,20,0,25,0,0,0,25
03/30/2014,GYY,IN,AGL,CE,Federal Contract Tower,0,0,27,0,27,0,0,30,0,30,0,0,57,0,57,32,0,32,89
03/31/2014,GYY,IN,AGL,CE,Federal Contract Tower,2,0,23,0,25,0,0,15,0,15,2,0,38,0,40,12,0,12,52
04/01/2014,GYY,IN,AGL,CE,Federal Contract Tower,3,4,20,0,27,0,2,6,2,10,3,6,26,2,37,0,0,0,37
04/02/2014,GYY,IN,AGL,CE,Federal Contract Tower,0,3,15,0,18,0,0,7,0,7,0,3,22,0,25,6,0,6,31
04/03/2014,GYY,IN,AGL,CE,Federal Contract Tower,0,1,15,0,16,0,0,0,0,0,0,1,15,0,16,0,0,0,16
04/04/2014,GYY,IN,AGL,CE,Federal Contract Tower,4,2,11,1,18,0,2,0,3,5,4,4,11,4,23,0,0,0,23
04/05/2014,GYY,IN,AGL,CE,Federal Contract Tower,1,0,10,1,12,0,0,24,0,24,1,0,34,1,36,8,0,8,44
04/06/2014,GYY,IN,AGL,CE,Federal Contract Tower,1,0,20,1,22,0,0,25,0,25,1,0,45,1,47,38,0,38,85
04/07/2014,GYY,IN,AGL,CE,Federal Contract Tower,1,4,14,0,19,0,0,21,0,21,1,4,35,0,40,12,0,12,52
04/08/2014,GYY,IN,AGL,CE,Federal Contract Tower,3,2,19,0,24,0,0,12,4,16,3,2,31,4,40,12,0,12,52
04/09/2014,GYY,IN,AGL,CE,Federal Contract Tower,1,0,22,0,23,0,0,40,0,40,1,0,62,0,63,49,0,49,112
04/10/2014,GYY,IN,AGL,CE,Federal Contract Tower,0,6,24,0,30,0,0,8,6,14,0,6,32,6,44,2,0,2,46
04/11/2014,GYY,IN,AGL,CE,Federal Contract Tower,3,1,32,0,36,0,0,48,1,49,3,1,80,1,85,38,26,64,149
04/12/2014,GYY,IN,AGL,CE,Federal Contract Tower,0,0,17,0,17,0,0,57,4,61,0,0,74,4,78,0,0,0,78
04/13/2014,GYY,IN,AGL,CE,Federal Contract Tower,2,0,19,0,21,0,0,1,0,1,2,0,20,0,22,0,0,0,22
04/14/2014,GYY,IN,AGL,CE,Federal Contract Tower,1,0,24,0,25,0,0,4,0,4,1,0,28,0,29,0,0,0,29
04/15/2014,GYY,IN,AGL,CE,Federal Contract Tower,4,7,14,0,25,0,1,11,8,20,4,8,25,8,45,12,0,12,57
04/16/2014,GYY,IN,AGL,CE,Federal Contract Tower,5,8,17,0,30,0,2,33,2,37,5,10,50,2,67,0,0,0,67
04/17/2014,GYY,IN,AGL,CE,Federal Contract Tower,0,2,30,0,32,0,0,27,2,29,0,2,57,2,61,6,0,6,67
04/18/2014,GYY,IN,AGL,CE,Federal Contract Tower,2,0,25,16,43,0,0,21,5,26,2,0,46,21,69,0,0,0,69
04/19/2014,GYY,IN,AGL,CE,Federal Contract Tower,0,2,9,0,11,0,0,40,0,40,0,2,49,0,51,14,0,14,65
04/20/2014,GYY,IN,AGL,CE,Federal Contract Tower,1,0,17,1,19,0,0,13,0,13,1,0,30,1,32,0,0,0,32
04/21/2014,GYY,IN,AGL,CE,Federal Contract Tower,1,1,15,5,22,0,0,10,0,10,1,1,25,5,32,16,0,16,48
04/22/2014,GYY,IN,AGL,CE,Federal Contract Tower,2,5,16,0,23,0,0,17,1,18,2,5,33,1,41,5,8,13,54
04/23/2014,GYY,IN,AGL,CE,Federal Contract Tower,0,0,27,0,27,0,0,34,9,43,0,0,61,9,70,26,38,64,134
04/24/2014,GYY,IN,AGL,CE,Federal Contract Tower,1,0,20,0,21,0,0,24,14,38,1,0,44,14,59,8,4,12,71
04/25/2014,GYY,IN,AGL,CE,Federal Contract Tower,2,2,26,0,30,0,0,35,6,41,2,2,61,6,71,24,24,48,119
04/26/2014,GYY,IN,AGL,CE,Federal Contract Tower,3,1,10,0,14,0,0,29,0,29,3,1,39,0,43,18,0,18,61
04/27/2014,GYY,IN,AGL,CE,Federal Contract Tower,2,8,19,0,29,0,0,8,0,8,2,8,27,0,37,10,0,10,47
04/28/2014,GYY,IN,AGL,CE,Federal Contract Tower,2,5,21,0,28,0,0,0,0,0,2,5,21,0,28,0,0,0,28
04/29/2014,GYY,IN,AGL,CE,Federal Contract Tower,4,8,17,0,29,0,2,10,5,17,4,10,27,5,46,0,0,0,46
04/30/2014,GYY,IN,AGL,CE,Federal Contract Tower,1,11,27,0,39,0,0,15,0,15,1,11,42,0,54,0,0,0,54
05/01/2014,GYY,IN,AGL,CE,Federal Contract Tower,1,4,26,0,31,0,0,7,0,7,1,4,33,0,38,0,0,0,38
05/02/2014,GYY,IN,AGL,CE,Federal Contract Tower,5,2,26,2,35,0,1,20,0,21,5,3,46,2,56,0,0,0,56
05/03/2014,GYY,IN,AGL,CE,Federal Contract Tower,0,0,17,0,17,0,0,35,0,35,0,0,52,0,52,4,0,4,56
05/04/2014,GYY,IN,AGL,CE,Federal Contract Tower,3,0,22,0,25,0,0,21,0,21,3,0,43,0,46,44,0,44,90
05/05/2014,GYY,IN,AGL,CE,Federal Contract Tower,1,2,15,2,20,0,0,14,9,23,1,2,29,11,43,8,0,8,51
05/06/2014,GYY,IN,AGL,CE,Federal Contract Tower,3,6,19,2,30,0,4,20,0,24,3,10,39,2,54,6,0,6,60
05/07/2014,GYY,IN,AGL,CE,Federal Contract Tower,3,4,31,0,38,0,0,10,0,10,3,4,41,0,48,18,0,18,66
05/08/2014,GYY,IN,AGL,CE,Federal Contract Tower,0,2,17,0,19,0,0,10,4,14,0,2,27,4,33,0,0,0,33
05/09/2014,GYY,IN,AGL,CE,Federal Contract Tower,2,0,15,9,26,0,0,13,0,13,2,0,28,9,39,0,4,4,43
05/10/2014,GYY,IN,AGL,CE,Federal Contract Tower,2,4,18,0,24,0,0,44,0,44,2,4,62,0,68,38,0,38,106
05/11/2014,GYY,IN,AGL,CE,Federal Contract Tower,0,2,23,3,28,0,0,10,0,10,0,2,33,3,38,12,0,12,50
05/12/2014,GYY,IN,AGL,CE,Federal Contract Tower,3,3,20,0,26,0,4,16,0,20,3,7,36,0,46,10,0,10,56
05/13/2014,GYY,IN,AGL,CE,Federal Contract Tower,0,6,23,0,29,0,0,3,0,3,0,6,26,0,32,0,0,0,32
05/14/2014,GYY,IN,AGL,CE,Federal Contract Tower,0,7,30,0,37,0,0,21,4,25,0,7,51,4,62,18,16,34,96
05/15/2014,GYY,IN,AGL,CE,Federal Contract Tower,2,2,29,0,33,0,0,10,0,10,2,2,39,0,43,4,0,4,47
05/16/2014,GYY,IN,AGL,CE,Federal Contract Tower,2,4,24,0,30,0,0,8,0,8,2,4,32,0,38,0,0,0,38
05/17/2014,GYY,IN,AGL,CE,Federal Contract Tower,2,0,7,0,9,0,2,27,0,29,2,2,34,0,38,4,0,4,42
05/18/2014,GYY,IN,AGL,CE,Federal Contract Tower,3,0,25,0,28,0,0,25,3,28,3,0,50,3,56,4,0,4,60
05/19/2014,GYY,IN,AGL,CE,Federal Contract Tower,0,6,30,0,36,0,0,23,0,23,0,6,53,0,59,12,0,12,71
05/20/2014,GYY,IN,AGL,CE,Federal Contract Tower,2,1,26,0,29,0,0,31,6,37,2,1,57,6,66,6,22,28,94
05/21/2014,GYY,IN,AGL,CE,Federal Contract Tower,3,0,25,0,28,0,0,18,1,19,3,0,43,1,47,6,12,18,65
05/22/2014,GYY,IN,AGL,CE,Federal Contract Tower,0,2,43,0,45,0,3,14,0,17,0,5,57,0,62,0,0,0,62
05/23/2014,GYY,IN,AGL,CE,Federal Contract Tower,4,12,32,0,48,0,0,15,0,15,4,12,47,0,63,12,0,12,75
05/24/2014,GYY,IN,AGL,CE,Federal Contract Tower,2,1,8,0,11,0,0,26,0,26,2,1,34,0,37,8,4,12,49
05/25/2014,GYY,IN,AGL,CE,Federal Contract Tower,0,0,13,0,13,0,0,25,0,25,0,0,38,0,38,14,0,14,52
05/26/2014,GYY,IN,AGL,CE,Federal Contract Tower,0,1,22,0,23,0,0,23,0,23,0,1,45,0,46,0,0,0,46
05/27/2014,GYY,IN,AGL,CE,Federal Contract Tower,5,2,35,0,42,0,1,9,6,16,5,3,44,6,58,0,12,12,70
05/28/2014,GYY,IN,AGL,CE,Federal Contract Tower,4,2,22,0,28,0,0,5,0,5,4,2,27,0,33,16,0,16,49
05/29/2014,GYY,IN,AGL,CE,Federal Contract Tower,2,9,25,1,37,0,0,8,3,11,2,9,33,4,48,20,0,20,68
05/30/2014,GYY,IN,AGL,CE,Federal Contract Tower,2,2,26,0,30,0,0,35,0,35,2,2,61,0,65,46,0,46,111
05/31/2014,GYY,IN,AGL,CE,Federal Contract Tower,0,2,15,0,17,0,0,53,7,60,0,2,68,7,77,0,0,0,77
06/01/2014,GYY,IN,AGL,CE,Federal Contract Tower,0,0,15,0,15,0,0,14,15,29,0,0,29,15,44,20,0,20,64
06/02/2014,GYY,IN,AGL,CE,Federal Contract Tower,4,0,9,0,13,0,0,4,2,6,4,0,13,2,19,0,6,6,25
06/03/2014,GYY,IN,AGL,CE,Federal Contract Tower,0,7,20,0,27,0,0,16,6,22,0,7,36,6,49,14,4,18,67
06/04/2014,GYY,IN,AGL,CE,Federal Contract Tower,3,0,16,1,20,0,2,3,1,6,3,2,19,2,26,0,0,0,26
06/05/2014,GYY,IN,AGL,CE,Federal Contract Tower,1,0,21,2,24,0,0,32,5,37,1,0,53,7,61,16,24,40,101
06/06/2014,GYY,IN,AGL,CE,Federal Contract Tower,2,4,21,3,30,0,1,24,4,29,2,5,45,7,59,6,4,10,69
06/07/2014,GYY,IN,AGL,CE,Federal Contract Tower,0,3,8,0,11,0,0,16,6,22,0,3,24,6,33,12,0,12,45
06/08/2014,GYY,IN,AGL,CE,Federal Contract Tower,2,1,15,0,18,0,0,3,0,3,2,1,18,0,21,0,0,0,21
06/09/2014,GYY,IN,AGL,CE,Federal Contract Tower,1,3,26,1,31,0,0,25,5,30,1,3,51,6,61,46,2,48,109
06/10/2014,GYY,IN,AGL,CE,Federal Contract Tower,4,3,22,1,30,0,0,7,0,7,4,3,29,1,37,6,0,6,43
06/11/2014,GYY,IN,AGL,CE,Federal Contract Tower,0,7,27,0,34,0,0,2,0,2,0,7,29,0,36,6,0,6,42
06/12/2014,GYY,IN,AGL,CE,Federal Contract Tower,1,3,37,2,43,0,0,17,0,17,1,3,54,2,60,0,0,0,60
06/13/2014,GYY,IN,AGL,CE,Federal Contract Tower,4,5,15,0,24,0,0,35,2,37,4,5,50,2,61,8,4,12,73
06/14/2014,GYY,IN,AGL,CE,Federal Contract Tower,1,2,15,0,18,0,0,25,0,25,1,2,40,0,43,44,0,44,87
06/15/2014,GYY,IN,AGL,CE,Federal Contract Tower,2,0,15,0,17,0,1,14,2,17,2,1,29,2,34,0,0,0,34
06/16/2014,GYY,IN,AGL,CE,Federal Contract Tower,4,7,21,0,32,0,0,22,1,23,4,7,43,1,55,2,0,2,57
06/17/2014,GYY,IN,AGL,CE,Federal Contract Tower,4,6,8,0,18,0,0,18,1,19,4,6,26,1,37,18,0,18,55
06/18/2014,GYY,IN,AGL,CE,Federal Contract Tower,3,6,24,0,33,0,0,7,0,7,3,6,31,0,40,0,0,0,40
06/19/2014,GYY,IN,AGL,CE,Federal Contract Tower,5,7,23,1,36,0,0,25,6,31,5,7,48,7,67,0,0,0,67
06/20/2014,GYY,IN,AGL,CE,Federal Contract Tower,10,8,33,0,51,0,0,27,1,28,10,8,60,1,79,0,16,16,95
06/21/2014,GYY,IN,AGL,CE,Federal Contract Tower,6,1,24,0,31,0,0,6,0,6,6,1,30,0,37,0,0,0,37
06/22/2014,GYY,IN,AGL,CE,Federal Contract Tower,0,0,21,0,21,0,0,5,0,5,0,0,26,0,26,0,0,0,26
06/23/2014,GYY,IN,AGL,CE,Federal Contract Tower,0,5,20,0,25,0,0,15,0,15,0,5,35,0,40,0,0,0,40
06/24/2014,GYY,IN,AGL,CE,Federal Contract Tower,3,5,20,0,28,0,0,7,2,9,3,5,27,2,37,6,24,30,67
06/25/2014,GYY,IN,AGL,CE,Federal Contract Tower,0,1,22,3,26,0,0,0,0,0,0,1,22,3,26,0,0,0,26
06/26/2014,GYY,IN,AGL,CE,Federal Contract Tower,1,2,17,0,20,0,0,9,0,9,1,2,26,0,29,0,0,0,29
06/27/2014,GYY,IN,AGL,CE,Federal Contract Tower,2,1,17,0,20,0,3,14,3,20,2,4,31,3,40,6,0,6,46
06/28/2014,GYY,IN,AGL,CE,Federal Contract Tower,0,0,12,0,12,0,0,13,0,13,0,0,25,0,25,6,0,6,31
06/29/2014,GYY,IN,AGL,CE,Federal Contract Tower,0,0,12,0,12,0,0,20,0,20,0,0,32,0,32,0,0,0,32
06/30/2014,GYY,IN,AGL,CE,Federal Contract Tower,0,2,16,0,18,0,0,6,2,8,0,2,22,2,26,4,0,4,30
07/01/2014,GYY,IN,AGL,CE,Federal Contract Tower,3,1,15,0,19,0,0,12,4,16,3,1,27,4,35,0,0,0,35
07/02/2014,GYY,IN,AGL,CE,Federal Contract Tower,1,1,18,0,20,0,0,18,6,24,1,1,36,6,44,4,0,4,48
07/03/2014,GYY,IN,AGL,CE,Federal Contract Tower,0,1,16,0,17,0,0,41,2,43,0,1,57,2,60,32,0,32,92
07/04/2014,GYY,IN,AGL,CE,Federal Contract Tower,2,0,5,0,7,0,0,30,0,30,2,0,35,0,37,8,0,8,45
07/05/2014,GYY,IN,AGL,CE,Federal Contract Tower,1,0,5,0,6,0,0,24,0,24,1,0,29,0,30,0,0,0,30
07/06/2014,GYY,IN,AGL,CE,Federal Contract Tower,2,0,24,0,26,0,0,16,0,16,2,0,40,0,42,18,0,18,60
07/07/2014,GYY,IN,AGL,CE,Federal Contract Tower,2,0,26,0,28,0,3,19,6,28,2,3,45,6,56,8,0,8,64
07/08/2014,GYY,IN,AGL,CE,Federal Contract Tower,3,4,17,0,24,0,0,5,3,8,3,4,22,3,32,0,0,0,32
07/09/2014,GYY,IN,AGL,CE,Federal Contract Tower,3,3,30,0,36,0,1,26,6,33,3,4,56,6,69,0,0,0,69
07/10/2014,GYY,IN,AGL,CE,Federal Contract Tower,4,0,21,0,25,0,0,41,3,44,4,0,62,3,69,0,8,8,77
07/11/2014,GYY,IN,AGL,CE,Federal Contract Tower,2,2,26,6,36,0,0,30,5,35,2,2,56,11,71,0,0,0,71
07/12/2014,GYY,IN,AGL,CE,Federal Contract Tower,0,0,9,0,9,0,0,3,0,3,0,0,12,0,12,0,0,0,12
07/13/2014,GYY,IN,AGL,CE,Federal Contract Tower,2,0,14,2,18,0,0,16,0,16,2,0,30,2,34,0,0,0,34
07/14/2014,GYY,IN,AGL,CE,Federal Contract Tower,2,6,23,0,31,0,0,32,0,32,2,6,55,0,63,6,0,6,69
07/15/2014,GYY,IN,AGL,CE,Federal Contract Tower,2,2,28,0,32,0,0,29,3,32,2,2,57,3,64,6,0,6,70
07/16/2014,GYY,IN,AGL,CE,Federal Contract Tower,2,6,38,2,48,0,0,31,0,31,2,6,69,2,79,6,0,6,85
07/17/2014,GYY,IN,AGL,CE,Federal Contract Tower,0,5,27,0,32,0,0,44,0,44,0,5,71,0,76,16,0,16,92
07/18/2014,GYY,IN,AGL,CE,Federal Contract Tower,2,3,34,4,43,0,0,37,2,39,2,3,71,6,82,6,0,6,88
07/19/2014,GYY,IN,AGL,CE,Federal Contract Tower,0,4,18,4,26,0,0,34,0,34,0,4,52,4,60,12,0,12,72
07/20/2014,GYY,IN,AGL,CE,Federal Contract Tower,1,2,28,2,33,0,0,36,0,36,1,2,64,2,69,26,0,26,95
07/21/2014,GYY,IN,AGL,CE,Federal Contract Tower,3,0,16,2,21,0,0,30,0,30,3,0,46,2,51,12,0,12,63
07/22/2014,GYY,IN,AGL,CE,Federal Contract Tower,2,0,14,0,16,0,0,23,4,27,2,0,37,4,43,40,0,40,83
07/23/2014,GYY,IN,AGL,CE,Federal Contract Tower,1,1,17,0,19,0,0,21,0,21,1,1,38,0,40,38,0,38,78
07/24/2014,GYY,IN,AGL,CE,Federal Contract Tower,1,2,33,0,36,0,0,31,0,31,1,2,64,0,67,16,0,16,83
07/25/2014,GYY,IN,AGL,CE,Federal Contract Tower,2,2,28,4,36,0,0,34,0,34,2,2,62,4,70,22,4,26,96
07/26/2014,GYY,IN,AGL,CE,Federal Contract Tower,0,4,18,0,22,0,0,43,0,43,0,4,61,0,65,4,0,4,69
07/27/2014,GYY,IN,AGL,CE,Federal Contract Tower,0,3,24,2,29,0,0,24,0,24,0,3,48,2,53,0,0,0,53
07/28/2014,GYY,IN,AGL,CE,Federal Contract Tower,0,1,25,2,28,0,0,30,0,30,0,1,55,2,58,12,0,12,70
07/29/2014,GYY,IN,AGL,CE,Federal Contract Tower,2,4,31,0,37,0,0,34,4,38,2,4,65,4,75,20,0,20,95
07/30/2014,GYY,IN,AGL,CE,Federal Contract Tower,1,8,16,0,25,0,0,48,4,52,1,8,64,4,77,32,0,32,109
07/31/2014,GYY,IN,AGL,CE,Federal Contract Tower,0,2,31,0,33,0,0,55,2,57,0,2,86,2,90,32,0,32,122
08/01/2014,GYY,IN,AGL,CE,Federal Contract Tower,2,4,28,1,35,0,0,33,1,34,2,4,61,2,69,10,0,10,79
08/02/2014,GYY,IN,AGL,CE,Federal Contract Tower,0,4,15,5,24,0,0,82,0,82,0,4,97,5,106,0,0,0,106
08/03/2014,GYY,IN,AGL,CE,Federal Contract Tower,2,2,24,1,29,0,0,53,0,53,2,2,77,1,82,0,0,0,82
08/04/2014,GYY,IN,AGL,CE,Federal Contract Tower,1,6,17,5,29,0,2,25,0,27,1,8,42,5,56,2,0,2,58
08/05/2014,GYY,IN,AGL,CE,Federal Contract Tower,4,1,22,1,28,0,2,36,3,41,4,3,58,4,69,86,0,86,155
08/06/2014,GYY,IN,AGL,CE,Federal Contract Tower,0,5,13,0,18,0,0,34,2,36,0,5,47,2,54,74,0,74,128
08/07/2014,GYY,IN,AGL,CE,Federal Contract Tower,0,9,23,0,32,0,2,23,8,33,0,11,46,8,65,22,20,42,107
08/08/2014,GYY,IN,AGL,CE,Federal Contract Tower,2,6,27,5,40,0,0,21,7,28,2,6,48,12,68,18,20,38,106
08/09/2014,GYY,IN,AGL,CE,Federal Contract Tower,0,1,12,0,13,0,0,20,0,20,0,1,32,0,33,0,0,0,33
08/10/2014,GYY,IN,AGL,CE,Federal Contract Tower,1,3,25,3,32,0,2,23,2,27,1,5,48,5,59,0,0,0,59
08/11/2014,GYY,IN,AGL,CE,Federal Contract Tower,1,4,23,0,28,0,0,19,0,19,1,4,42,0,47,76,0,76,123
08/12/2014,GYY,IN,AGL,CE,Federal Contract Tower,0,4,30,1,35,0,0,19,0,19,0,4,49,1,54,8,2,10,64
08/13/2014,GYY,IN,AGL,CE,Federal Contract Tower,0,3,25,9,37,0,0,88,9,97,0,3,113,18,134,46,10,56,190
08/14/2014,GYY,IN,AGL,CE,Federal Contract Tower,1,4,20,6,31,0,4,207,42,253,1,8,227,48,284,81,24,105,389
08/15/2014,GYY,IN,AGL,CE,Federal Contract Tower,2,1,22,0,25,0,0,132,17,149,2,1,154,17,174,92,6,98,272
08/16/2014,GYY,IN,AGL,CE,Federal Contract Tower,0,2,9,0,11,0,0,232,45,277,0,2,241,45,288,187,58,245,533
08/17/2014,GYY,IN,AGL,CE,Federal Contract Tower,0,1,34,15,50,0,0,10,0,10,0,1,44,15,60,0,0,0,60
08/18/2014,GYY,IN,AGL,CE,Federal Contract Tower,1,5,26,5,37,0,0,22,0,22,1,5,48,5,59,68,0,68,127
08/19/2014,GYY,IN,AGL,CE,Federal Contract Tower,3,6,39,0,48,0,0,25,0,25,3,6,64,0,73,12,6,18,91
08/20/2014,GYY,IN,AGL,CE,Federal Contract Tower,1,9,25,4,39,0,4,40,3,47,1,13,65,7,86,42,0,42,128
08/21/2014,GYY,IN,AGL,CE,Federal Contract Tower,0,5,26,0,31,0,0,17,3,20,0,5,43,3,51,40,30,70,121
08/22/2014,GYY,IN,AGL,CE,Federal Contract Tower,5,3,27,0,35,0,0,14,1,15,5,3,41,1,50,0,0,0,50
08/24/2014,GYY,IN,AGL,CE,Federal Contract Tower,2,2,22,4,30,0,0,27,0,27,2,2,49,4,57,6,2,8,65
08/25/2014,GYY,IN,AGL,CE,Federal Contract Tower,4,5,28,0,37,0,0,24,0,24,4,5,52,0,61,46,0,46,107
08/26/2014,GYY,IN,AGL,CE,Federal Contract Tower,1,3,12,0,16,0,0,25,0,25,1,3,37,0,41,28,0,28,69
08/27/2014,GYY,IN,AGL,CE,Federal Contract Tower,1,3,24,0,28,0,0,27,5,32,1,3,51,5,60,24,0,24,84
08/28/2014,GYY,IN,AGL,CE,Federal Contract Tower,0,6,25,0,31,0,0,12,0,12,0,6,37,0,43,10,0,10,53
08/29/2014,GYY,IN,AGL,CE,Federal Contract Tower,4,2,19,0,25,0,0,12,0,12,4,2,31,0,37,0,0,0,37
08/30/2014,GYY,IN,AGL,CE,Federal Contract Tower,0,0,6,0,6,0,0,4,0,4,0,0,10,0,10,0,0,0,10
08/31/2014,GYY,IN,AGL,CE,Federal Contract Tower,0,2,15,0,17,0,0,14,0,14,0,2,29,0,31,0,0,0,31
09/01/2014,GYY,IN,AGL,CE,Federal Contract Tower,0,0,22,0,22,0,0,5,0,5,0,0,27,0,27,0,0,0,27
09/02/2014,GYY,IN,AGL,CE,Federal Contract Tower,0,4,20,0,24,0,0,29,1,30,0,4,49,1,54,38,12,50,104
09/03/2014,GYY,IN,AGL,CE,Federal Contract Tower,0,3,34,0,37,0,0,45,0,45,0,3,79,0,82,76,0,76,158
09/04/2014,GYY,IN,AGL,CE,Federal Contract Tower,2,1,18,0,21,0,0,8,0,8,2,1,26,0,29,0,0,0,29
09/05/2014,GYY,IN,AGL,CE,Federal Contract Tower,2,1,17,1,21,0,4,39,0,43,2,5,56,1,64,34,0,34,98
09/06/2014,GYY,IN,AGL,CE,Federal Contract Tower,0,1,17,0,18,0,0,27,4,31,0,1,44,4,49,0,0,0,49
09/07/2014,GYY,IN,AGL,CE,Federal Contract Tower,0,1,18,1,20,0,4,43,0,47,0,5,61,1,67,34,0,34,101
09/08/2014,GYY,IN,AGL,CE,Federal Contract Tower,2,4,28,0,34,0,0,48,0,48,2,4,76,0,82,48,0,48,130
09/09/2014,GYY,IN,AGL,CE,Federal Contract Tower,5,3,25,0,33,0,0,34,0,34,5,3,59,0,67,88,0,88,155
09/10/2014,GYY,IN,AGL,CE,Federal Contract Tower,2,5,27,0,34,0,0,3,0,3,2,5,30,0,37,0,0,0,37
09/11/2014,GYY,IN,AGL,CE,Federal Contract Tower,0,7,31,0,38,0,0,15,0,15,0,7,46,0,53,8,0,8,61
09/12/2014,GYY,IN,AGL,CE,Federal Contract Tower,2,5,31,0,38,0,0,2,0,2,2,5,33,0,40,0,0,0,40
09/13/2014,GYY,IN,AGL,CE,Federal Contract Tower,0,0,24,0,24,0,0,43,0,43,0,0,67,0,67,66,0,66,133
09/14/2014,GYY,IN,AGL,CE,Federal Contract Tower,2,2,22,0,26,0,0,32,0,32,2,2,54,0,58,6,0,6,64
09/15/2014,GYY,IN,AGL,CE,Federal Contract Tower,1,4,21,0,26,0,0,20,0,20,1,4,41,0,46,20,0,20,66
09/16/2014,GYY,IN,AGL,CE,Federal Contract Tower,2,2,17,0,21,0,0,39,1,40,2,2,56,1,61,106,0,106,167
09/17/2014,GYY,IN,AGL,CE,Federal Contract Tower,2,3,22,1,28,0,0,46,0,46,2,3,68,1,74,28,0,28,102
09/18/2014,GYY,IN,AGL,CE,Federal Contract Tower,0,3,18,0,21,0,0,18,1,19,0,3,36,1,40,0,0,0,40
09/19/2014,GYY,IN,AGL,CE,Federal Contract Tower,2,2,31,2,37,0,0,28,1,29,2,2,59,3,66,8,0,8,74
09/20/2014,GYY,IN,AGL,CE,Federal Contract Tower,0,1,9,1,11,0,2,15,0,17,0,3,24,1,28,14,0,14,42
09/21/2014,GYY,IN,AGL,CE,Federal Contract Tower,1,1,28,3,33,0,2,22,0,24,1,3,50,3,57,0,0,0,57
09/22/2014,GYY,IN,AGL,CE,Federal Contract Tower,0,0,25,0,25,0,0,27,0,27,0,0,52,0,52,16,0,16,68
09/23/2014,GYY,IN,AGL,CE,Federal Contract Tower,0,1,15,0,16,0,0,39,2,41,0,1,54,2,57,66,0,66,123
09/24/2014,GYY,IN,AGL,CE,Federal Contract Tower,0,2,36,0,38,0,1,55,0,56,0,3,91,0,94,76,0,76,170
09/25/2014,GYY,IN,AGL,CE,Federal Contract Tower,0,0,17,0,17,0,0,26,0,26,0,0,43,0,43,8,0,8,51
09/26/2014,GYY,IN,AGL,CE,Federal Contract Tower,2,2,25,0,29,0,4,43,3,50,2,6,68,3,79,2,2,4,83
09/27/2014,GYY,IN,AGL,CE,Federal Contract Tower,0,2,30,0,32,0,0,25,2,27,0,2,55,2,59,0,0,0,59
09/28/2014,GYY,IN,AGL,CE,Federal Contract Tower,0,8,35,0,43,0,0,32,0,32,0,8,67,0,75,0,0,0,75
09/29/2014,GYY,IN,AGL,CE,Federal Contract Tower,3,3,29,0,35,0,0,30,2,32,3,3,59,2,67,46,0,46,113
09/30/2014,GYY,IN,AGL,CE,Federal Contract Tower,3,11,32,7,53,0,0,9,10,19,3,11,41,17,72,0,0,0,72
10/01/2014,GYY,IN,AGL,CE,Federal Contract Tower,2,19,47,0,68,0,0,35,10,45,2,19,82,10,113,44,0,44,157
10/02/2014,GYY,IN,AGL,CE,Federal Contract Tower,5,9,25,6,45,0,0,3,9,12,5,9,28,15,57,0,0,0,57
10/03/2014,GYY,IN,AGL,CE,Federal Contract Tower,4,10,31,0,45,0,0,5,0,5,4,10,36,0,50,0,0,0,50
10/04/2014,GYY,IN,AGL,CE,Federal Contract Tower,0,0,15,0,15,0,0,8,0,8,0,0,23,0,23,0,0,0,23
10/05/2014,GYY,IN,AGL,CE,Federal Contract Tower,1,1,24,0,26,0,0,25,0,25,1,1,49,0,51,12,0,12,63
10/06/2014,GYY,IN,AGL,CE,Federal Contract Tower,1,4,23,0,28,0,0,23,0,23,1,4,46,0,51,8,0,8,59
10/07/2014,GYY,IN,AGL,CE,Federal Contract Tower,6,2,24,0,32,0,0,23,0,23,6,2,47,0,55,22,0,22,77
10/08/2014,GYY,IN,AGL,CE,Federal Contract Tower,0,7,18,0,25,0,0,10,0,10,0,7,28,0,35,0,0,0,35
10/09/2014,GYY,IN,AGL,CE,Federal Contract Tower,1,6,19,0,26,0,0,15,0,15,1,6,34,0,41,14,0,14,55
10/10/2014,GYY,IN,AGL,CE,Federal Contract Tower,2,5,44,0,51,0,0,26,0,26,2,5,70,0,77,4,0,4,81
10/11/2014,GYY,IN,AGL,CE,Federal Contract Tower,0,0,5,0,5,0,0,57,0,57,0,0,62,0,62,6,0,6,68
10/12/2014,GYY,IN,AGL,CE,Federal Contract Tower,1,0,24,0,25,0,0,24,0,24,1,0,48,0,49,12,0,12,61
10/13/2014,GYY,IN,AGL,CE,Federal Contract Tower,0,0,26,0,26,0,2,0,0,2,0,2,26,0,28,0,0,0,28
10/14/2014,GYY,IN,AGL,CE,Federal Contract Tower,2,2,37,0,41,0,1,6,0,7,2,3,43,0,48,0,0,0,48
10/15/2014,GYY,IN,AGL,CE,Federal Contract Tower,1,1,24,0,26,0,0,0,0,0,1,1,24,0,26,0,0,0,26
10/16/2014,GYY,IN,AGL,CE,Federal Contract Tower,2,1,28,0,31,0,0,8,1,9,2,1,36,1,40,0,32,32,72
10/17/2014,GYY,IN,AGL,CE,Federal Contract Tower,2,4,25,0,31,0,0,34,4,38,2,4,59,4,69,26,0,26,95
10/18/2014,GYY,IN,AGL,CE,Federal Contract Tower,0,2,12,0,14,0,0,6,0,6,0,2,18,0,20,0,0,0,20
10/19/2014,GYY,IN,AGL,CE,Federal Contract Tower,2,0,34,0,36,0,0,29,0,29,2,0,63,0,65,14,0,14,79
10/20/2014,GYY,IN,AGL,CE,Federal Contract Tower,1,0,33,0,34,0,0,2,0,2,1,0,35,0,36,0,0,0,36
10/21/2014,GYY,IN,AGL,CE,Federal Contract Tower,1,2,29,0,32,0,0,12,5,17,1,2,41,5,49,2,14,16,65
10/22/2014,GYY,IN,AGL,CE,Federal Contract Tower,0,7,28,0,35,0,0,33,1,34,0,7,61,1,69,70,0,70,139
10/23/2014,GYY,IN,AGL,CE,Federal Contract Tower,0,2,25,0,27,0,0,22,3,25,0,2,47,3,52,0,4,4,56
10/24/2014,GYY,IN,AGL,CE,Federal Contract Tower,2,3,26,0,31,0,0,15,2,17,2,3,41,2,48,12,0,12,60
10/25/2014,GYY,IN,AGL,CE,Federal Contract Tower,0,2,17,1,20,0,0,25,3,28,0,2,42,4,48,32,0,32,80
10/26/2014,GYY,IN,AGL,CE,Federal Contract Tower,0,3,20,0,23,0,0,38,1,39,0,3,58,1,62,22,0,22,84
10/27/2014,GYY,IN,AGL,CE,Federal Contract Tower,0,0,29,0,29,0,0,15,0,15,0,0,44,0,44,0,0,0,44
10/28/2014,GYY,IN,AGL,CE,Federal Contract Tower,2,6,23,0,31,0,0,9,0,9,2,6,32,0,40,0,0,0,40
10/29/2014,GYY,IN,AGL,CE,Federal Contract Tower,0,6,34,0,40,0,0,19,4,23,0,6,53,4,63,42,0,42,105
10/30/2014,GYY,IN,AGL,CE,Federal Contract Tower,0,5,18,0,23,0,0,26,4,30,0,5,44,4,53,56,24,80,133
10/31/2014,GYY,IN,AGL,CE,Federal Contract Tower,3,0,14,0,17,0,0,0,0,0,3,0,14,0,17,0,0,0,17
11/01/2014,GYY,IN,AGL,CE,Federal Contract Tower,1,0,7,0,8,0,0,9,0,9,1,0,16,0,17,0,0,0,17
11/02/2014,GYY,IN,AGL,CE,Federal Contract Tower,0,0,21,0,21,0,0,31,0,31,0,0,52,0,52,34,0,34,86
11/03/2014,GYY,IN,AGL,CE,Federal Contract Tower,0,2,27,0,29,0,0,28,0,28,0,2,55,0,57,30,0,30,87
11/04/2014,GYY,IN,AGL,CE,Federal Contract Tower,1,3,23,0,27,0,0,11,0,11,1,3,34,0,38,14,0,14,52
11/05/2014,GYY,IN,AGL,CE,Federal Contract Tower,0,7,27,0,34,0,0,28,2,30,0,7,55,2,64,80,0,80,144
11/06/2014,GYY,IN,AGL,CE,Federal Contract Tower,0,3,25,0,28,0,0,5,1,6,0,3,30,1,34,8,28,36,70
11/07/2014,GYY,IN,AGL,CE,Federal Contract Tower,2,6,17,0,25,0,0,39,3,42,2,6,56,3,67,24,0,24,91
11/08/2014,GYY,IN,AGL,CE,Federal Contract Tower,0,2,19,0,21,0,0,41,0,41,0,2,60,0,62,40,0,40,102
11/09/2014,GYY,IN,AGL,CE,Federal Contract Tower,0,0,21,0,21,0,0,19,1,20,0,0,40,1,41,14,0,14,55
11/10/2014,GYY,IN,AGL,CE,Federal Contract Tower,3,5,25,0,33,0,0,13,0,13,3,5,38,0,46,10,0,10,56
11/11/2014,GYY,IN,AGL,CE,Federal Contract Tower,2,8,17,0,27,0,0,2,0,2,2,8,19,0,29,0,0,0,29
11/12/2014,GYY,IN,AGL,CE,Federal Contract Tower,3,0,19,0,22,0,2,26,3,31,3,2,45,3,53,34,0,34,87
11/13/2014,GYY,IN,AGL,CE,Federal Contract Tower,0,6,29,0,35,0,0,15,2,17,0,6,44,2,52,0,0,0,52
11/14/2014,GYY,IN,AGL,CE,Federal Contract Tower,2,1,19,2,24,0,0,25,5,30,2,1,44,7,54,52,12,64,118
11/15/2014,GYY,IN,AGL,CE,Federal Contract Tower,0,0,10,0,10,0,0,27,0,27,0,0,37,0,37,14,0,14,51
11/16/2014,GYY,IN,AGL,CE,Federal Contract Tower,0,0,17,0,17,0,0,10,0,10,0,0,27,0,27,22,0,22,49
11/17/2014,GYY,IN,AGL,CE,Federal Contract Tower,1,1,29,0,31,0,0,3,0,3,1,1,32,0,34,0,0,0,34
11/18/2014,GYY,IN,AGL,CE,Federal Contract Tower,2,3,30,0,35,0,0,13,4,17,2,3,43,4,52,0,8,8,60
11/19/2014,GYY,IN,AGL,CE,Federal Contract Tower,2,3,22,3,30,0,0,15,5,20,2,3,37,8,50,16,4,20,70
11/20/2014,GYY,IN,AGL,CE,Federal Contract Tower,0,2,33,1,36,0,0,16,6,22,0,2,49,7,58,36,16,52,110
11/21/2014,GYY,IN,AGL,CE,Federal Contract Tower,2,5,27,0,34,0,0,33,4,37,2,5,60,4,71,34,28,62,133
11/22/2014,GYY,IN,AGL,CE,Federal Contract Tower,0,2,8,0,10,0,0,4,0,4,0,2,12,0,14,4,0,4,18
11/23/2014,GYY,IN,AGL,CE,Federal Contract Tower,0,2,17,0,19,0,0,2,0,2,0,2,19,0,21,0,0,0,21
11/24/2014,GYY,IN,AGL,CE,Federal Contract Tower,1,1,15,0,17,0,0,0,0,0,1,1,15,0,17,0,0,0,17
11/25/2014,GYY,IN,AGL,CE,Federal Contract Tower,2,8,16,0,26,0,1,6,6,13,2,9,22,6,39,0,0,0,39
11/26/2014,GYY,IN,AGL,CE,Federal Contract Tower,0,2,29,0,31,0,0,26,0,26,0,2,55,0,57,10,0,10,67
11/27/2014,GYY,IN,AGL,CE,Federal Contract Tower,0,0,6,0,6,0,0,0,0,0,0,0,6,0,6,0,0,0,6
11/28/2014,GYY,IN,AGL,CE,Federal Contract Tower,2,0,11,0,13,0,0,11,0,11,2,0,22,0,24,2,0,2,26
11/29/2014,GYY,IN,AGL,CE,Federal Contract Tower,1,0,21,0,22,0,0,16,0,16,1,0,37,0,38,0,0,0,38
11/30/2014,GYY,IN,AGL,CE,Federal Contract Tower,0,3,32,0,35,0,0,2,0,2,0,3,34,0,37,0,0,0,37
12/01/2014,GYY,IN,AGL,CE,Federal Contract Tower,4,9,21,0,34,0,0,4,0,4,4,9,25,0,38,0,0,0,38
12/02/2014,GYY,IN,AGL,CE,Federal Contract Tower,0,4,21,0,25,0,0,14,4,18,0,4,35,4,43,0,28,28,71
12/03/2014,GYY,IN,AGL,CE,Federal Contract Tower,2,4,16,0,22,0,0,22,0,22,2,4,38,0,44,6,0,6,50
12/04/2014,GYY,IN,AGL,CE,Federal Contract Tower,0,5,39,0,44,0,0,18,8,26,0,5,57,8,70,10,0,10,80
12/05/2014,GYY,IN,AGL,CE,Federal Contract Tower,2,4,35,0,41,0,0,0,0,0,2,4,35,0,41,0,0,0,41
12/06/2014,GYY,IN,AGL,CE,Federal Contract Tower,0,0,20,0,20,0,0,19,0,19,0,0,39,0,39,66,0,66,105
12/07/2014,GYY,IN,AGL,CE,Federal Contract Tower,1,0,19,0,20,0,2,11,0,13,1,2,30,0,33,0,0,0,33
12/08/2014,GYY,IN,AGL,CE,Federal Contract Tower,1,2,18,0,21,0,0,1,0,1,1,2,19,0,22,0,0,0,22
12/09/2014,GYY,IN,AGL,CE,Federal Contract Tower,2,0,25,0,27,0,0,0,0,0,2,0,25,0,27,0,0,0,27
12/10/2014,GYY,IN,AGL,CE,Federal Contract Tower,0,2,17,0,19,0,2,8,6,16,0,4,25,6,35,12,0,12,47
12/11/2014,GYY,IN,AGL,CE,Federal Contract Tower,0,2,30,0,32,0,2,16,2,20,0,4,46,2,52,16,0,16,68
12/12/2014,GYY,IN,AGL,CE,Federal Contract Tower,2,4,17,0,23,0,0,0,0,0,2,4,17,0,23,0,0,0,23
12/13/2014,GYY,IN,AGL,CE,Federal Contract Tower,0,0,25,0,25,0,0,2,0,2,0,0,27,0,27,8,0,8,35
12/14/2014,GYY,IN,AGL,CE,Federal Contract Tower,2,3,18,0,23,0,0,0,0,0,2,3,18,0,23,0,0,0,23
12/15/2014,GYY,IN,AGL,CE,Federal Contract Tower,3,8,27,0,38,0,0,0,0,0,3,8,27,0,38,0,0,0,38
12/16/2014,GYY,IN,AGL,CE,Federal Contract Tower,6,7,24,0,37,0,0,0,0,0,6,7,24,0,37,0,6,6,43
12/17/2014,GYY,IN,AGL,CE,Federal Contract Tower,1,9,23,0,33,0,0,13,7,20,1,9,36,7,53,18,12,30,83
12/18/2014,GYY,IN,AGL,CE,Federal Contract Tower,4,4,21,0,29,0,0,17,6,23,4,4,38,6,52,28,8,36,88
12/19/2014,GYY,IN,AGL,CE,Federal Contract Tower,3,5,20,0,28,0,0,22,4,26,3,5,42,4,54,12,6,18,72
12/20/2014,GYY,IN,AGL,CE,Federal Contract Tower,0,2,16,0,18,0,0,10,0,10,0,2,26,0,28,0,0,0,28
12/21/2014,GYY,IN,AGL,CE,Federal Contract Tower,2,0,12,0,14,0,0,9,0,9,2,0,21,0,23,0,0,0,23
12/22/2014,GYY,IN,AGL,CE,Federal Contract Tower,1,2,10,0,13,0,0,7,12,19,1,2,17,12,32,30,20,50,82
12/23/2014,GYY,IN,AGL,CE,Federal Contract Tower,4,4,6,0,14,0,0,6,0,6,4,4,12,0,20,2,0,2,22
12/24/2014,GYY,IN,AGL,CE,Federal Contract Tower,0,1,0,0,1,0,0,1,0,1,0,1,1,0,2,0,0,0,2
12/25/2014,GYY,IN,AGL,CE,Federal Contract Tower,0,0,4,0,4,0,0,5,0,5,0,0,9,0,9,0,0,0,9
12/26/2014,GYY,IN,AGL,CE,Federal Contract Tower,0,0,16,0,16,0,0,22,0,22,0,0,38,0,38,10,0,10,48
12/27/2014,GYY,IN,AGL,CE,Federal Contract Tower,0,0,10,0,10,0,0,0,0,0,0,0,10,0,10,0,0,0,10
12/28/2014,GYY,IN,AGL,CE,Federal Contract Tower,0,0,11,0,11,0,0,9,0,9,0,0,20,0,20,8,0,8,28
12/29/2014,GYY,IN,AGL,CE,Federal Contract Tower,0,0,12,0,12,0,0,9,0,9,0,0,21,0,21,0,0,0,21
12/30/2014,GYY,IN,AGL,CE,Federal Contract Tower,2,0,10,0,12,0,0,14,4,18,2,0,24,4,30,22,16,38,68
12/31/2014,GYY,IN,AGL,CE,Federal Contract Tower,0,2,3,0,5,0,0,17,0,17,0,2,20,0,22,16,0,16,38
01/01/2015,GYY,IN,AGL,CE,Federal Contract Tower,0,0,1,0,1,0,0,7,0,7,0,0,8,0,8,0,0,0,8
01/02/2015,GYY,IN,AGL,CE,Federal Contract Tower,2,1,15,0,18,0,0,29,0,29,2,1,44,0,47,18,0,18,65
01/03/2015,GYY,IN,AGL,CE,Federal Contract Tower,1,0,8,0,9,0,0,0,0,0,1,0,8,0,9,0,0,0,9
01/04/2015,GYY,IN,AGL,CE,Federal Contract Tower,1,0,18,0,19,0,0,2,0,2,1,0,20,0,21,0,0,0,21
01/05/2015,GYY,IN,AGL,CE,Federal Contract Tower,2,3,22,0,27,0,0,7,0,7,2,3,29,0,34,48,0,48,82
01/06/2015,GYY,IN,AGL,CE,Federal Contract Tower,4,0,14,0,18,0,0,11,3,14,4,0,25,3,32,42,0,42,74
01/07/2015,GYY,IN,AGL,CE,Federal Contract Tower,3,0,18,0,21,0,0,6,0,6,3,0,24,0,27,38,0,38,65
01/08/2015,GYY,IN,AGL,CE,Federal Contract Tower,0,4,23,0,27,0,1,8,0,9,0,5,31,0,36,0,6,6,42
01/09/2015,GYY,IN,AGL,CE,Federal Contract Tower,3,10,20,0,33,0,0,12,3,15,3,10,32,3,48,0,27,27,75
01/10/2015,GYY,IN,AGL,CE,Federal Contract Tower,4,4,9,0,17,0,0,9,0,9,4,4,18,0,26,0,0,0,26
01/11/2015,GYY,IN,AGL,CE,Federal Contract Tower,1,0,13,0,14,0,0,12,0,12,1,0,25,0,26,6,0,6,32
01/12/2015,GYY,IN,AGL,CE,Federal Contract Tower,1,7,11,0,19,0,1,2,0,3,1,8,13,0,22,0,0,0,22
01/13/2015,GYY,IN,AGL,CE,Federal Contract Tower,3,5,27,0,35,0,2,30,4,36,3,7,57,4,71,6,6,12,83
01/14/2015,GYY,IN,AGL,CE,Federal Contract Tower,3,1,11,0,15,0,1,14,3,18,3,2,25,3,33,0,0,0,33
01/15/2015,GYY,IN,AGL,CE,Federal Contract Tower,4,10,18,0,32,0,0,20,3,23,4,10,38,3,55,20,24,44,99
01/16/2015,GYY,IN,AGL,CE,Federal Contract Tower,3,4,14,0,21,0,0,12,0,12,3,4,26,0,33,0,0,0,33
01/17/2015,GYY,IN,AGL,CE,Federal Contract Tower,0,1,8,0,9,0,0,10,0,10,0,1,18,0,19,4,0,4,23
01/18/2015,GYY,IN,AGL,CE,Federal Contract Tower,0,0,11,0,11,0,2,11,0,13,0,2,22,0,24,6,0,6,30
01/19/2015,GYY,IN,AGL,CE,Federal Contract Tower,1,2,20,0,23,0,0,23,0,23,1,2,43,0,46,38,0,38,84
01/20/2015,GYY,IN,AGL,CE,Federal Contract Tower,0,4,21,0,25,0,0,6,0,6,0,4,27,0,31,22,0,22,53
01/21/2015,GYY,IN,AGL,CE,Federal Contract Tower,2,1,11,0,14,0,2,12,0,14,2,3,23,0,28,42,0,42,70
01/22/2015,GYY,IN,AGL,CE,Federal Contract Tower,1,3,16,0,20,0,0,15,0,15,1,3,31,0,35,34,0,34,69
01/23/2015,GYY,IN,AGL,CE,Federal Contract Tower,7,4,13,0,24,0,0,8,1,9,7,4,21,1,33,36,0,36,69
01/24/2015,GYY,IN,AGL,CE,Federal Contract Tower,1,0,7,0,8,0,0,17,2,19,1,0,24,2,27,22,0,22,49
01/25/2015,GYY,IN,AGL,CE,Federal Contract Tower,0,0,10,0,10,0,0,0,0,0,0,0,10,0,10,0,0,0,10
01/26/2015,GYY,IN,AGL,CE,Federal Contract Tower,1,2,14,0,17,0,0,7,0,7,1,2,21,0,24,2,0,2,26
01/27/2015,GYY,IN,AGL,CE,Federal Contract Tower,4,3,28,1,36,0,0,13,2,15,4,3,41,3,51,12,16,28,79
01/28/2015,GYY,IN,AGL,CE,Federal Contract Tower,1,4,27,0,32,0,1,29,0,30,1,5,56,0,62,110,0,110,172
01/29/2015,GYY,IN,AGL,CE,Federal Contract Tower,2,3,19,0,24,0,0,4,0,4,2,3,23,0,28,18,0,18,46
01/30/2015,GYY,IN,AGL,CE,Federal Contract Tower,6,5,19,0,30,0,0,35,0,35,6,5,54,0,65,108,0,108,173
01/31/2015,GYY,IN,AGL,CE,Federal Contract Tower,0,3,11,0,14,0,0,22,0,22,0,3,33,0,36,30,0,30,66
02/01/2015,GYY,IN,AGL,CE,Federal Contract Tower,0,1,2,0,3,0,0,0,0,0,0,1,2,0,3,0,0,0,3
02/02/2015,GYY,IN,AGL,CE,Federal Contract Tower,0,2,18,0,20,0,0,7,0,7,0,2,25,0,27,0,0,0,27
02/03/2015,GYY,IN,AGL,CE,Federal Contract Tower,6,2,28,0,36,0,0,10,0,10,6,2,38,0,46,0,0,0,46
02/04/2015,GYY,IN,AGL,CE,Federal Contract Tower,4,0,17,0,21,0,0,3,0,3,4,0,20,0,24,0,0,0,24
02/05/2015,GYY,IN,AGL,CE,Federal Contract Tower,2,11,19,0,32,0,2,4,0,6,2,13,23,0,38,6,0,6,44
02/06/2015,GYY,IN,AGL,CE,Federal Contract Tower,1,6,13,0,20,0,0,24,1,25,1,6,37,1,45,42,0,42,87
02/07/2015,GYY,IN,AGL,CE,Federal Contract Tower,1,3,14,0,18,0,0,16,0,16,1,3,30,0,34,0,0,0,34
02/08/2015,GYY,IN,AGL,CE,Federal Contract Tower,0,0,17,0,17,0,1,0,0,1,0,1,17,0,18,0,0,0,18
02/09/2015,GYY,IN,AGL,CE,Federal Contract Tower,0,5,25,0,30,0,0,6,1,7,0,5,31,1,37,6,0,6,43
02/10/2015,GYY,IN,AGL,CE,Federal Contract Tower,4,2,16,0,22,0,0,22,7,29,4,2,38,7,51,6,0,6,57
02/11/2015,GYY,IN,AGL,CE,Federal Contract Tower,0,6,23,0,29,0,0,12,4,16,0,6,35,4,45,0,0,0,45
02/12/2015,GYY,IN,AGL,CE,Federal Contract Tower,3,13,26,0,42,0,0,22,6,28,3,13,48,6,70,42,0,42,112
02/13/2015,GYY,IN,AGL,CE,Federal Contract Tower,3,0,18,0,21,0,4,22,0,26,3,4,40,0,47,4,0,4,51
02/14/2015,GYY,IN,AGL,CE,Federal Contract Tower,0,2,9,0,11,0,0,2,0,2,0,2,11,0,13,0,0,0,13
02/15/2015,GYY,IN,AGL,CE,Federal Contract Tower,0,2,14,0,16,0,0,0,0,0,0,2,14,0,16,0,0,0,16
02/16/2015,GYY,IN,AGL,CE,Federal Contract Tower,0,5,29,0,34,0,0,25,0,25,0,5,54,0,59,30,0,30,89
02/17/2015,GYY,IN,AGL,CE,Federal Contract Tower,5,1,20,0,26,0,0,13,0,13,5,1,33,0,39,6,0,6,45
02/18/2015,GYY,IN,AGL,CE,Federal Contract Tower,0,1,26,0,27,0,0,11,0,11,0,1,37,0,38,22,0,22,60
02/19/2015,GYY,IN,AGL,CE,Federal Contract Tower,2,2,38,0,42,0,0,6,0,6,2,2,44,0,48,8,0,8,56
02/20/2015,GYY,IN,AGL,CE,Federal Contract Tower,3,5,24,0,32,0,0,12,2,14,3,5,36,2,46,0,0,0,46
02/21/2015,GYY,IN,AGL,CE,Federal Contract Tower,2,4,24,0,30,0,0,9,0,9,2,4,33,0,39,4,0,4,43
02/22/2015,GYY,IN,AGL,CE,Federal Contract Tower,1,2,11,0,14,0,2,20,0,22,1,4,31,0,36,32,0,32,68
02/23/2015,GYY,IN,AGL,CE,Federal Contract Tower,3,5,22,0,30,0,1,21,0,22,3,6,43,0,52,46,0,46,98
02/24/2015,GYY,IN,AGL,CE,Federal Contract Tower,2,1,18,0,21,0,0,11,6,17,2,1,29,6,38,0,6,6,44
02/25/2015,GYY,IN,AGL,CE,Federal Contract Tower,1,4,20,0,25,0,0,25,0,25,1,4,45,0,50,56,0,56,106
02/26/2015,GYY,IN,AGL,CE,Federal Contract Tower,4,6,20,0,30,0,0,2,1,3,4,6,22,1,33,0,8,8,41
02/27/2015,GYY,IN,AGL,CE,Federal Contract Tower,5,6,22,0,33,0,0,20,2,22,5,6,42,2,55,12,4,16,71
02/28/2015,GYY,IN,AGL,CE,Federal Contract Tower,0,1,9,0,10,0,2,18,5,25,0,3,27,5,35,4,0,4,39
03/01/2015,GYY,IN,AGL,CE,Federal Contract Tower,1,2,17,0,20,0,0,1,0,1,1,2,18,0,21,0,0,0,21
03/02/2015,GYY,IN,AGL,CE,Federal Contract Tower,4,4,18,0,26,0,0,27,0,27,4,4,45,0,53,18,0,18,71
03/03/2015,GYY,IN,AGL,CE,Federal Contract Tower,1,2,11,0,14,0,0,1,0,1,1,2,12,0,15,0,0,0,15
03/04/2015,GYY,IN,AGL,CE,Federal Contract Tower,0,7,28,0,35,0,0,26,6,32,0,7,54,6,67,36,10,46,113
03/05/2015,GYY,IN,AGL,CE,Federal Contract Tower,1,9,25,2,37,0,0,12,3,15,1,9,37,5,52,6,0,6,58
03/06/2015,GYY,IN,AGL,CE,Federal Contract Tower,5,4,17,1,27,0,0,28,5,33,5,4,45,6,60,30,0,30,90
03/07/2015,GYY,IN,AGL,CE,Federal Contract Tower,0,0,9,1,10,0,0,26,0,26,0,0,35,1,36,6,0,6,42
03/08/2015,GYY,IN,AGL,CE,Federal Contract Tower,0,1,20,0,21,0,0,24,4,28,0,1,44,4,49,20,0,20,69
03/09/2015,GYY,IN,AGL,CE,Federal Contract Tower,2,7,18,2,29,0,0,22,0,22,2,7,40,2,51,24,0,24,75
03/10/2015,GYY,IN,AGL,CE,Federal Contract Tower,1,4,19,0,24,0,0,7,4,11,1,4,26,4,35,0,16,16,51
03/11/2015,GYY,IN,AGL,CE,Federal Contract Tower,4,6,19,0,29,0,2,45,0,47,4,8,64,0,76,74,0,74,150
03/12/2015,GYY,IN,AGL,CE,Federal Contract Tower,1,3,23,1,28,0,0,17,1,18,1,3,40,2,46,44,0,44,90
03/13/2015,GYY,IN,AGL,CE,Federal Contract Tower,4,3,10,0,17,0,0,26,12,38,4,3,36,12,55,20,12,32,87
03/14/2015,GYY,IN,AGL,CE,Federal Contract Tower,0,3,8,0,11,0,0,28,0,28,0,3,36,0,39,22,0,22,61
03/15/2015,GYY,IN,AGL,CE,Federal Contract Tower,1,6,19,0,26,0,0,26,0,26,1,6,45,0,52,12,0,12,64
03/16/2015,GYY,IN,AGL,CE,Federal Contract Tower,0,1,18,0,19,0,0,19,0,19,0,1,37,0,38,0,0,0,38
03/17/2015,GYY,IN,AGL,CE,Federal Contract Tower,2,5,16,0,23,0,1,18,8,27,2,6,34,8,50,0,18,18,68
03/18/2015,GYY,IN,AGL,CE,Federal Contract Tower,1,2,26,0,29,0,2,34,4,40,1,4,60,4,69,30,20,50,119
03/19/2015,GYY,IN,AGL,CE,Federal Contract Tower,0,7,35,0,42,0,1,32,2,35,0,8,67,2,77,56,0,56,133
03/20/2015,GYY,IN,AGL,CE,Federal Contract Tower,5,5,21,0,31,0,1,6,4,11,5,6,27,4,42,16,24,40,82
03/21/2015,GYY,IN,AGL,CE,Federal Contract Tower,0,2,13,0,15,0,0,19,0,19,0,2,32,0,34,4,0,4,38
03/22/2015,GYY,IN,AGL,CE,Federal Contract Tower,0,0,17,0,17,0,0,31,0,31,0,0,48,0,48,14,0,14,62
03/23/2015,GYY,IN,AGL,CE,Federal Contract Tower,0,0,30,0,30,0,0,0,0,0,0,0,30,0,30,0,0,0,30
03/24/2015,GYY,IN,AGL,CE,Federal Contract Tower,0,4,25,0,29,0,0,14,0,14,0,4,39,0,43,34,0,34,77
03/25/2015,GYY,IN,AGL,CE,Federal Contract Tower,4,0,30,0,34,0,0,6,0,6,4,0,36,0,40,10,0,10,50
03/26/2015,GYY,IN,AGL,CE,Federal Contract Tower,2,0,22,0,24,0,0,19,2,21,2,0,41,2,45,18,12,30,75
03/27/2015,GYY,IN,AGL,CE,Federal Contract Tower,4,10,19,0,33,0,1,20,3,24,4,11,39,3,57,8,0,8,65
03/28/2015,GYY,IN,AGL,CE,Federal Contract Tower,2,3,11,0,16,0,0,38,0,38,2,3,49,0,54,39,0,39,93
03/29/2015,GYY,IN,AGL,CE,Federal Contract Tower,0,2,10,0,12,0,2,5,0,7,0,4,15,0,19,4,0,4,23
03/30/2015,GYY,IN,AGL,CE,Federal Contract Tower,0,3,27,0,30,0,1,17,2,20,0,4,44,2,50,20,0,20,70
03/31/2015,GYY,IN,AGL,CE,Federal Contract Tower,0,1,17,2,20,0,0,19,0,19,0,1,36,2,39,6,0,6,45
04/01/2015,GYY,IN,AGL,CE,Federal Contract Tower,0,2,29,0,31,0,1,29,4,34,0,3,58,4,65,20,8,28,93
04/02/2015,GYY,IN,AGL,CE,Federal Contract Tower,0,1,21,0,22,0,0,3,0,3,0,1,24,0,25,0,0,0,25
04/03/2015,GYY,IN,AGL,CE,Federal Contract Tower,3,2,20,0,25,0,0,17,0,17,3,2,37,0,42,12,0,12,54
04/04/2015,GYY,IN,AGL,CE,Federal Contract Tower,0,4,13,0,17,0,0,25,2,27,0,4,38,2,44,56,0,56,100
04/05/2015,GYY,IN,AGL,CE,Federal Contract Tower,0,0,18,0,18,0,2,21,0,23,0,2,39,0,41,0,0,0,41
04/06/2015,GYY,IN,AGL,CE,Federal Contract Tower,1,1,18,0,20,0,0,22,0,22,1,1,40,0,42,50,0,50,92
04/07/2015,GYY,IN,AGL,CE,Federal Contract Tower,1,2,10,0,13,0,0,0,0,0,1,2,10,0,13,0,0,0,13
04/08/2015,GYY,IN,AGL,CE,Federal Contract Tower,2,2,18,0,22,0,0,0,0,0,2,2,18,0,22,0,0,0,22
04/09/2015,GYY,IN,AGL,CE,Federal Contract Tower,0,3,13,0,16,0,0,17,0,17,0,3,30,0,33,0,0,0,33
04/10/2015,GYY,IN,AGL,CE,Federal Contract Tower,3,4,16,10,33,0,1,12,0,13,3,5,28,10,46,4,8,12,58
04/11/2015,GYY,IN,AGL,CE,Federal Contract Tower,2,3,16,0,21,0,0,61,4,65,2,3,77,4,86,90,10,100,186
04/12/2015,GYY,IN,AGL,CE,Federal Contract Tower,0,1,15,10,26,0,0,28,0,28,0,1,43,10,54,48,0,48,102
04/13/2015,GYY,IN,AGL,CE,Federal Contract Tower,0,6,19,0,25,0,0,9,0,9,0,6,28,0,34,28,0,28,62
04/14/2015,GYY,IN,AGL,CE,Federal Contract Tower,1,5,23,0,29,0,0,35,0,35,1,5,58,0,64,12,0,12,76
04/15/2015,GYY,IN,AGL,CE,Federal Contract Tower,0,6,25,0,31,0,0,24,0,24,0,6,49,0,55,42,0,42,97
04/16/2015,GYY,IN,AGL,CE,Federal Contract Tower,2,2,30,0,34,0,0,20,2,22,2,2,50,2,56,4,14,18,74
04/17/2015,GYY,IN,AGL,CE,Federal Contract Tower,2,2,20,0,24,0,2,26,2,30,2,4,46,2,54,28,0,28,82
04/18/2015,GYY,IN,AGL,CE,Federal Contract Tower,4,0,16,0,20,0,0,63,0,63,4,0,79,0,83,4,0,4,87
04/19/2015,GYY,IN,AGL,CE,Federal Contract Tower,0,1,24,0,25,0,0,15,0,15,0,1,39,0,40,32,0,32,72
04/20/2015,GYY,IN,AGL,CE,Federal Contract Tower,0,0,29,0,29,0,0,0,0,0,0,0,29,0,29,0,0,0,29
04/21/2015,GYY,IN,AGL,CE,Federal Contract Tower,0,2,26,0,28,0,2,8,2,12,0,4,34,2,40,0,46,46,86
04/22/2015,GYY,IN,AGL,CE,Federal Contract Tower,0,9,22,1,32,0,0,7,0,7,0,9,29,1,39,10,0,10,49
04/23/2015,GYY,IN,AGL,CE,Federal Contract Tower,0,2,32,2,36,0,3,29,5,37,0,5,61,7,73,38,18,56,129
04/24/2015,GYY,IN,AGL,CE,Federal Contract Tower,3,2,24,0,29,0,0,33,4,37,3,2,57,4,66,8,0,8,74
04/25/2015,GYY,IN,AGL,CE,Federal Contract Tower,1,2,19,2,24,0,0,0,0,0,1,2,19,2,24,0,0,0,24
04/26/2015,GYY,IN,AGL,CE,Federal Contract Tower,0,2,21,1,24,0,0,72,9,81,0,2,93,10,105,4,0,4,109
04/27/2015,GYY,IN,AGL,CE,Federal Contract Tower,0,4,32,0,36,0,0,15,0,15,0,4,47,0,51,14,0,14,65
04/28/2015,GYY,IN,AGL,CE,Federal Contract Tower,1,1,39,0,41,0,0,48,0,48,1,1,87,0,89,12,0,12,101
04/29/2015,GYY,IN,AGL,CE,Federal Contract Tower,1,4,24,0,29,0,3,57,7,67,1,7,81,7,96,90,0,90,186
04/30/2015,GYY,IN,AGL,CE,Federal Contract Tower,2,8,29,0,39,0,4,25,6,35,2,12,54,6,74,26,6,32,106
05/01/2015,GYY,IN,AGL,CE,Federal Contract Tower,2,8,27,4,41,0,0,34,8,42,2,8,61,12,83,60,18,78,161
05/02/2015,GYY,IN,AGL,CE,Federal Contract Tower,1,2,18,0,21,0,0,47,1,48,1,2,65,1,69,20,4,24,93
05/03/2015,GYY,IN,AGL,CE,Federal Contract Tower,0,3,21,4,28,0,0,21,0,21,0,3,42,4,49,0,0,0,49
05/04/2015,GYY,IN,AGL,CE,Federal Contract Tower,2,9,22,0,33,0,0,4,0,4,2,9,26,0,37,0,0,0,37
05/05/2015,GYY,IN,AGL,CE,Federal Contract Tower,1,2,36,0,39,0,0,0,0,0,1,2,36,0,39,0,0,0,39
05/06/2015,GYY,IN,AGL,CE,Federal Contract Tower,2,11,31,0,44,0,0,25,7,32,2,11,56,7,76,36,4,40,116
05/07/2015,GYY,IN,AGL,CE,Federal Contract Tower,1,2,28,1,32,0,0,39,3,42,1,2,67,4,74,54,8,62,136
05/08/2015,GYY,IN,AGL,CE,Federal Contract Tower,3,0,24,1,28,0,0,17,0,17,3,0,41,1,45,0,0,0,45
05/09/2015,GYY,IN,AGL,CE,Federal Contract Tower,0,2,14,0,16,0,0,0,0,0,0,2,14,0,16,0,0,0,16
05/10/2015,GYY,IN,AGL,CE,Federal Contract Tower,0,4,14,0,18,0,0,0,0,0,0,4,14,0,18,0,0,0,18
05/11/2015,GYY,IN,AGL,CE,Federal Contract Tower,0,0,20,0,20,0,0,5,0,5,0,0,25,0,25,0,0,0,25
05/12/2015,GYY,IN,AGL,CE,Federal Contract Tower,1,3,27,1,32,0,0,17,3,20,1,3,44,4,52,0,0,0,52
05/13/2015,GYY,IN,AGL,CE,Federal Contract Tower,3,3,23,0,29,0,0,37,0,37,3,3,60,0,66,72,0,72,138
05/14/2015,GYY,IN,AGL,CE,Federal Contract Tower,0,3,32,0,35,0,0,38,7,45,0,3,70,7,80,52,30,82,162
05/15/2015,GYY,IN,AGL,CE,Federal Contract Tower,0,0,29,5,34,0,0,27,1,28,0,0,56,6,62,60,10,70,132
05/16/2015,GYY,IN,AGL,CE,Federal Contract Tower,0,4,11,0,15,0,0,4,0,4,0,4,15,0,19,20,0,20,39
05/17/2015,GYY,IN,AGL,CE,Federal Contract Tower,2,1,23,1,27,0,0,4,0,4,2,1,27,1,31,0,0,0,31
05/18/2015,GYY,IN,AGL,CE,Federal Contract Tower,0,1,21,0,22,0,0,19,1,20,0,1,40,1,42,0,2,2,44
05/19/2015,GYY,IN,AGL,CE,Federal Contract Tower,1,4,41,0,46,0,2,25,9,36,1,6,66,9,82,44,2,46,128
05/20/2015,GYY,IN,AGL,CE,Federal Contract Tower,2,1,30,0,33,0,0,28,0,28,2,1,58,0,61,8,0,8,69
05/21/2015,GYY,IN,AGL,CE,Federal Contract Tower,2,6,30,0,38,0,0,23,12,35,2,6,53,12,73,12,12,24,97
05/22/2015,GYY,IN,AGL,CE,Federal Contract Tower,0,0,21,0,21,0,0,52,0,52,0,0,73,0,73,54,0,54,127
05/23/2015,GYY,IN,AGL,CE,Federal Contract Tower,2,5,10,0,17,0,0,19,0,19,2,5,29,0,36,0,0,0,36
05/24/2015,GYY,IN,AGL,CE,Federal Contract Tower,0,4,12,0,16,0,0,12,0,12,0,4,24,0,28,0,0,0,28
05/25/2015,GYY,IN,AGL,CE,Federal Contract Tower,0,0,10,0,10,0,0,9,0,9,0,0,19,0,19,0,0,0,19
05/26/2015,GYY,IN,AGL,CE,Federal Contract Tower,0,2,29,0,31,0,0,7,0,7,0,2,36,0,38,28,0,28,66
05/27/2015,GYY,IN,AGL,CE,Federal Contract Tower,0,6,20,0,26,0,0,19,0,19,0,6,39,0,45,12,0,12,57
05/28/2015,GYY,IN,AGL,CE,Federal Contract Tower,0,1,27,0,28,0,0,40,9,49,0,1,67,9,77,30,0,30,107
05/29/2015,GYY,IN,AGL,CE,Federal Contract Tower,3,3,19,0,25,0,0,25,5,30,3,3,44,5,55,0,0,0,55
05/30/2015,GYY,IN,AGL,CE,Federal Contract Tower,0,2,13,0,15,0,0,0,0,0,0,2,13,0,15,0,0,0,15
05/31/2015,GYY,IN,AGL,CE,Federal Contract Tower,0,0,22,0,22,0,0,8,0,8,0,0,30,0,30,0,0,0,30
06/01/2015,GYY,IN,AGL,CE,Federal Contract Tower,2,5,14,0,21,0,0,14,0,14,2,5,28,0,35,46,0,46,81
06/02/2015,GYY,IN,AGL,CE,Federal Contract Tower,0,0,22,0,22,0,0,27,0,27,0,0,49,0,49,28,0,28,77
06/03/2015,GYY,IN,AGL,CE,Federal Contract Tower,0,11,39,2,52,0,0,31,2,33,0,11,70,4,85,32,0,32,117
06/04/2015,GYY,IN,AGL,CE,Federal Contract Tower,1,6,30,2,39,0,0,23,8,31,1,6,53,10,70,48,0,48,118
06/05/2015,GYY,IN,AGL,CE,Federal Contract Tower,0,5,15,0,20,0,0,0,0,0,0,5,15,0,20,0,0,0,20
06/06/2015,GYY,IN,AGL,CE,Federal Contract Tower,1,2,9,0,12,0,0,42,0,42,1,2,51,0,54,38,0,38,92
06/07/2015,GYY,IN,AGL,CE,Federal Contract Tower,0,4,13,0,17,0,0,8,3,11,0,4,21,3,28,0,0,0,28
06/08/2015,GYY,IN,AGL,CE,Federal Contract Tower,0,1,18,0,19,0,0,4,0,4,0,1,22,0,23,0,0,0,23
06/09/2015,GYY,IN,AGL,CE,Federal Contract Tower,5,4,35,0,44,0,0,21,4,25,5,4,56,4,69,8,0,8,77
06/10/2015,GYY,IN,AGL,CE,Federal Contract Tower,2,3,25,0,30,0,0,27,1,28,2,3,52,1,58,0,0,0,58
06/11/2015,GYY,IN,AGL,CE,Federal Contract Tower,1,6,36,0,43,0,0,20,3,23,1,6,56,3,66,0,0,0,66
06/12/2015,GYY,IN,AGL,CE,Federal Contract Tower,1,6,22,0,29,0,0,0,0,0,1,6,22,0,29,0,0,0,29
06/13/2015,GYY,IN,AGL,CE,Federal Contract Tower,0,1,8,0,9,0,0,12,1,13,0,1,20,1,22,12,2,14,36
06/14/2015,GYY,IN,AGL,CE,Federal Contract Tower,0,0,15,0,15,0,0,11,0,11,0,0,26,0,26,0,0,0,26
06/15/2015,GYY,IN,AGL,CE,Federal Contract Tower,0,4,20,1,25,0,0,8,0,8,0,4,28,1,33,4,0,4,37
06/16/2015,GYY,IN,AGL,CE,Federal Contract Tower,1,2,24,1,28,0,0,36,1,37,1,2,60,2,65,24,0,24,89
06/17/2015,GYY,IN,AGL,CE,Federal Contract Tower,1,7,34,2,44,0,0,3,0,3,1,7,37,2,47,0,0,0,47
06/18/2015,GYY,IN,AGL,CE,Federal Contract Tower,2,6,22,0,30,0,2,17,3,22,2,8,39,3,52,16,0,16,68
06/19/2015,GYY,IN,AGL,CE,Federal Contract Tower,1,3,26,2,32,0,0,42,0,42,1,3,68,2,74,4,0,4,78
06/20/2015,GYY,IN,AGL,CE,Federal Contract Tower,1,2,18,1,22,0,0,13,0,13,1,2,31,1,35,12,0,12,47
06/21/2015,GYY,IN,AGL,CE,Federal Contract Tower,0,2,25,0,27,0,0,21,0,21,0,2,46,0,48,4,0,4,52
06/22/2015,GYY,IN,AGL,CE,Federal Contract Tower,0,0,22,0,22,0,0,6,0,6,0,0,28,0,28,0,0,0,28
06/23/2015,GYY,IN,AGL,CE,Federal Contract Tower,2,2,10,0,14,0,0,29,2,31,2,2,39,2,45,32,0,32,77
06/24/2015,GYY,IN,AGL,CE,Federal Contract Tower,0,0,8,0,8,0,0,31,0,31,0,0,39,0,39,16,0,16,55
06/25/2015,GYY,IN,AGL,CE,Federal Contract Tower,3,2,27,2,34,0,0,6,5,11,3,2,33,7,45,0,24,24,69
06/26/2015,GYY,IN,AGL,CE,Federal Contract Tower,3,3,28,6,40,0,0,0,2,2,3,3,28,8,42,0,6,6,48
06/27/2015,GYY,IN,AGL,CE,Federal Contract Tower,1,4,14,0,19,0,3,31,2,36,1,7,45,2,55,50,6,56,111
06/28/2015,GYY,IN,AGL,CE,Federal Contract Tower,0,0,27,4,31,0,0,27,0,27,0,0,54,4,58,34,0,34,92
06/29/2015,GYY,IN,AGL,CE,Federal Contract Tower,0,2,27,0,29,0,2,11,0,13,0,4,38,0,42,0,0,0,42
06/30/2015,GYY,IN,AGL,CE,Federal Contract Tower,0,4,18,0,22,0,0,32,0,32,0,4,50,0,54,26,0,26,80
07/01/2015,GYY,IN,AGL,CE,Federal Contract Tower,0,0,27,0,27,0,0,39,0,39,0,0,66,0,66,28,0,28,94
07/02/2015,GYY,IN,AGL,CE,Federal Contract Tower,1,2,26,1,30,0,0,24,6,30,1,2,50,7,60,0,2,2,62
07/03/2015,GYY,IN,AGL,CE,Federal Contract Tower,0,0,25,0,25,0,0,23,0,23,0,0,48,0,48,8,0,8,56
07/04/2015,GYY,IN,AGL,CE,Federal Contract Tower,0,0,9,0,9,0,0,30,0,30,0,0,39,0,39,22,0,22,61
07/05/2015,GYY,IN,AGL,CE,Federal Contract Tower,0,0,23,4,27,0,0,37,0,37,0,0,60,4,64,20,0,20,84
07/06/2015,GYY,IN,AGL,CE,Federal Contract Tower,0,0,28,0,28,0,0,25,0,25,0,0,53,0,53,12,0,12,65
07/07/2015,GYY,IN,AGL,CE,Federal Contract Tower,2,3,28,0,33,0,0,14,4,18,2,3,42,4,51,6,0,6,57
07/08/2015,GYY,IN,AGL,CE,Federal Contract Tower,0,1,22,1,24,0,4,30,4,38,0,5,52,5,62,0,0,0,62
07/09/2015,GYY,IN,AGL,CE,Federal Contract Tower,0,2,39,6,47,0,0,23,11,34,0,2,62,17,81,10,0,10,91
07/10/2015,GYY,IN,AGL,CE,Federal Contract Tower,4,2,31,2,39,0,0,89,38,127,4,2,120,40,166,88,48,136,302
07/11/2015,GYY,IN,AGL,CE,Federal Contract Tower,0,0,13,0,13,0,0,47,21,68,0,0,60,21,81,0,18,18,99
07/12/2015,GYY,IN,AGL,CE,Federal Contract Tower,0,2,22,2,26,0,2,59,17,78,0,4,81,19,104,32,12,44,148
07/13/2015,GYY,IN,AGL,CE,Federal Contract Tower,2,4,20,11,37,0,0,23,0,23,2,4,43,11,60,38,0,38,98
07/14/2015,GYY,IN,AGL,CE,Federal Contract Tower,0,2,24,0,26,0,0,20,0,20,0,2,44,0,46,24,0,24,70
07/15/2015,GYY,IN,AGL,CE,Federal Contract Tower,2,1,20,0,23,0,2,34,7,43,2,3,54,7,66,34,4,38,104
07/16/2015,GYY,IN,AGL,CE,Federal Contract Tower,0,0,29,2,31,0,0,17,0,17,0,0,46,2,48,26,0,26,74
07/17/2015,GYY,IN,AGL,CE,Federal Contract Tower,3,2,30,0,35,0,0,31,8,39,3,2,61,8,74,12,8,20,94
07/18/2015,GYY,IN,AGL,CE,Federal Contract Tower,1,0,14,0,15,0,0,24,0,24,1,0,38,0,39,18,0,18,57
07/19/2015,GYY,IN,AGL,CE,Federal Contract Tower,3,0,22,0,25,0,2,58,0,60,3,2,80,0,85,24,0,24,109
07/20/2015,GYY,IN,AGL,CE,Federal Contract Tower,2,2,23,0,27,0,0,33,0,33,2,2,56,0,60,12,0,12,72
07/21/2015,GYY,IN,AGL,CE,Federal Contract Tower,2,0,22,0,24,0,0,33,2,35,2,0,55,2,59,148,10,158,217
07/22/2015,GYY,IN,AGL,CE,Federal Contract Tower,4,0,21,1,26,0,1,31,4,36,4,1,52,5,62,16,0,16,78
07/23/2015,GYY,IN,AGL,CE,Federal Contract Tower,2,9,27,0,38,0,2,62,7,71,2,11,89,7,109,20,0,20,129
07/24/2015,GYY,IN,AGL,CE,Federal Contract Tower,3,6,20,0,29,0,5,56,5,66,3,11,76,5,95,34,0,34,129
07/25/2015,GYY,IN,AGL,CE,Federal Contract Tower,2,4,10,0,16,0,2,25,1,28,2,6,35,1,44,4,0,4,48
07/26/2015,GYY,IN,AGL,CE,Federal Contract Tower,1,4,30,0,35,0,0,37,0,37,1,4,67,0,72,0,0,0,72
07/27/2015,GYY,IN,AGL,CE,Federal Contract Tower,0,4,28,0,32,0,0,29,0,29,0,4,57,0,61,20,0,20,81
07/28/2015,GYY,IN,AGL,CE,Federal Contract Tower,1,0,31,0,32,0,0,18,2,20,1,0,49,2,52,6,0,6,58
07/29/2015,GYY,IN,AGL,CE,Federal Contract Tower,0,9,46,0,55,0,0,23,4,27,0,9,69,4,82,0,22,22,104
07/30/2015,GYY,IN,AGL,CE,Federal Contract Tower,2,3,27,0,32,0,1,23,8,32,2,4,50,8,64,4,0,4,68
07/31/2015,GYY,IN,AGL,CE,Federal Contract Tower,2,2,40,5,49,0,4,48,6,58,2,6,88,11,107,22,8,30,137
08/01/2015,GYY,IN,AGL,CE,Federal Contract Tower,0,5,14,0,19,0,0,74,6,80,0,5,88,6,99,12,18,30,129
08/02/2015,GYY,IN,AGL,CE,Federal Contract Tower,3,0,22,0,25,0,2,17,0,19,3,2,39,0,44,2,0,2,46
08/03/2015,GYY,IN,AGL,CE,Federal Contract Tower,1,4,31,0,36,0,7,20,0,27,1,11,51,0,63,52,0,52,115
08/04/2015,GYY,IN,AGL,CE,Federal Contract Tower,0,1,30,0,31,0,1,22,7,30,0,2,52,7,61,14,0,14,75
08/05/2015,GYY,IN,AGL,CE,Federal Contract Tower,0,4,24,0,28,0,0,21,6,27,0,4,45,6,55,8,0,8,63
08/06/2015,GYY,IN,AGL,CE,Federal Contract Tower,0,8,43,0,51,0,0,36,2,38,0,8,79,2,89,12,0,12,101
08/07/2015,GYY,IN,AGL,CE,Federal Contract Tower,1,7,38,3,49,0,2,36,7,45,1,9,74,10,94,22,0,22,116
08/08/2015,GYY,IN,AGL,CE,Federal Contract Tower,1,4,13,1,19,0,0,21,0,21,1,4,34,1,40,28,0,28,68
08/09/2015,GYY,IN,AGL,CE,Federal Contract Tower,0,1,22,2,25,0,0,21,0,21,0,1,43,2,46,20,0,20,66
08/10/2015,GYY,IN,AGL,CE,Federal Contract Tower,3,2,23,0,28,0,0,21,0,21,3,2,44,0,49,0,0,0,49
08/11/2015,GYY,IN,AGL,CE,Federal Contract Tower,1,4,35,8,48,0,0,45,13,58,1,4,80,21,106,8,4,12,118
08/12/2015,GYY,IN,AGL,CE,Federal Contract Tower,0,3,33,6,42,0,0,95,6,101,0,3,128,12,143,20,0,20,163
08/13/2015,GYY,IN,AGL,CE,Federal Contract Tower,0,2,30,3,35,0,0,121,36,157,0,2,151,39,192,56,20,76,268
08/14/2015,GYY,IN,AGL,CE,Federal Contract Tower,1,2,21,0,24,0,2,115,26,143,1,4,136,26,167,34,14,48,215
08/15/2015,GYY,IN,AGL,CE,Federal Contract Tower,2,2,18,0,22,0,2,185,16,203,2,4,203,16,225,92,4,96,321
08/16/2015,GYY,IN,AGL,CE,Federal Contract Tower,2,0,29,12,43,0,0,111,15,126,2,0,140,27,169,79,0,79,248
08/17/2015,GYY,IN,AGL,CE,Federal Contract Tower,1,0,21,1,23,0,0,24,0,24,1,0,45,1,47,0,0,0,47
08/18/2015,GYY,IN,AGL,CE,Federal Contract Tower,0,0,24,1,25,0,0,9,0,9,0,0,33,1,34,8,0,8,42
08/19/2015,GYY,IN,AGL,CE,Federal Contract Tower,0,0,15,0,15,0,0,12,0,12,0,0,27,0,27,0,0,0,27
08/20/2015,GYY,IN,AGL,CE,Federal Contract Tower,0,4,26,0,30,0,0,37,0,37,0,4,63,0,67,50,0,50,117
08/21/2015,GYY,IN,AGL,CE,Federal Contract Tower,1,4,29,1,35,0,0,50,3,53,1,4,79,4,88,30,0,30,118
08/22/2015,GYY,IN,AGL,CE,Federal Contract Tower,1,2,31,0,34,0,0,45,4,49,1,2,76,4,83,4,0,4,87
08/23/2015,GYY,IN,AGL,CE,Federal Contract Tower,4,8,22,0,34,0,0,12,0,12,4,8,34,0,46,12,0,12,58
08/24/2015,GYY,IN,AGL,CE,Federal Contract Tower,5,15,16,0,36,0,1,33,0,34,5,16,49,0,70,26,0,26,96
08/25/2015,GYY,IN,AGL,CE,Federal Contract Tower,3,4,20,0,27,0,2,21,0,23,3,6,41,0,50,14,0,14,64
08/26/2015,GYY,IN,AGL,CE,Federal Contract Tower,0,6,20,0,26,0,0,14,2,16,0,6,34,2,42,0,0,0,42
08/27/2015,GYY,IN,AGL,CE,Federal Contract Tower,0,0,38,0,38,0,2,34,0,36,0,2,72,0,74,8,0,8,82
08/28/2015,GYY,IN,AGL,CE,Federal Contract Tower,5,5,17,1,28,0,1,24,7,32,5,6,41,8,60,18,0,18,78
08/29/2015,GYY,IN,AGL,CE,Federal Contract Tower,5,10,0,0,15,0,0,10,2,12,5,10,10,2,27,10,0,10,37
08/30/2015,GYY,IN,AGL,CE,Federal Contract Tower,1,2,16,1,20,0,0,8,1,9,1,2,24,2,29,18,4,22,51
08/31/2015,GYY,IN,AGL,CE,Federal Contract Tower,3,0,22,0,25,0,0,22,0,22,3,0,44,0,47,6,0,6,53
09/01/2015,GYY,IN,AGL,CE,Federal Contract Tower,2,2,18,0,22,0,0,23,0,23,2,2,41,0,45,6,0,6,51
09/02/2015,GYY,IN,AGL,CE,Federal Contract Tower,0,4,25,1,30,0,0,38,1,39,0,4,63,2,69,40,0,40,109
09/03/2015,GYY,IN,AGL,CE,Federal Contract Tower,0,0,19,0,19,0,0,19,2,21,0,0,38,2,40,22,0,22,62
09/04/2015,GYY,IN,AGL,CE,Federal Contract Tower,6,3,22,0,31,0,1,31,0,32,6,4,53,0,63,22,0,22,85
09/05/2015,GYY,IN,AGL,CE,Federal Contract Tower,5,1,10,0,16,0,0,9,0,9,5,1,19,0,25,0,0,0,25
09/06/2015,GYY,IN,AGL,CE,Federal Contract Tower,2,4,13,0,19,0,0,15,0,15,2,4,28,0,34,0,0,0,34
09/07/2015,GYY,IN,AGL,CE,Federal Contract Tower,0,3,24,0,27,0,0,17,0,17,0,3,41,0,44,2,0,2,46
09/08/2015,GYY,IN,AGL,CE,Federal Contract Tower,1,10,18,0,29,0,0,2,0,2,1,10,20,0,31,2,0,2,33
09/09/2015,GYY,IN,AGL,CE,Federal Contract Tower,0,2,23,0,25,0,0,36,4,40,0,2,59,4,65,44,2,46,111
09/10/2015,GYY,IN,AGL,CE,Federal Contract Tower,0,0,18,0,18,0,0,20,9,29,0,0,38,9,47,36,24,60,107
09/11/2015,GYY,IN,AGL,CE,Federal Contract Tower,2,1,18,1,22,0,1,6,0,7,2,2,24,1,29,0,0,0,29
09/12/2015,GYY,IN,AGL,CE,Federal Contract Tower,1,0,18,3,22,0,2,2,3,7,1,2,20,6,29,0,0,0,29
09/13/2015,GYY,IN,AGL,CE,Federal Contract Tower,3,0,33,1,37,0,0,29,0,29,3,0,62,1,66,10,0,10,76
09/14/2015,GYY,IN,AGL,CE,Federal Contract Tower,3,4,24,0,31,0,0,27,0,27,3,4,51,0,58,22,0,22,80
09/15/2015,GYY,IN,AGL,CE,Federal Contract Tower,0,3,41,0,44,0,0,35,2,37,0,3,76,2,81,0,0,0,81
09/16/2015,GYY,IN,AGL,CE,Federal Contract Tower,7,8,33,1,49,0,0,28,1,29,7,8,61,2,78,8,0,8,86
09/17/2015,GYY,IN,AGL,CE,Federal Contract Tower,5,11,26,1,43,0,7,13,11,31,5,18,39,12,74,26,36,62,136
09/18/2015,GYY,IN,AGL,CE,Federal Contract Tower,5,6,21,0,32,0,1,11,4,16,5,7,32,4,48,22,22,44,92
09/19/2015,GYY,IN,AGL,CE,Federal Contract Tower,6,6,14,2,28,0,0,19,0,19,6,6,33,2,47,22,0,22,69
09/20/2015,GYY,IN,AGL,CE,Federal Contract Tower,3,2,20,2,27,0,0,24,0,24,3,2,44,2,51,18,0,18,69
09/21/2015,GYY,IN,AGL,CE,Federal Contract Tower,4,6,22,0,32,0,0,24,3,27,4,6,46,3,59,14,0,14,73
09/22/2015,GYY,IN,AGL,CE,Federal Contract Tower,0,6,23,0,29,0,0,45,2,47,0,6,68,2,76,2,10,12,88
09/23/2015,GYY,IN,AGL,CE,Federal Contract Tower,3,2,19,0,24,0,0,30,0,30,3,2,49,0,54,56,0,56,110
09/24/2015,GYY,IN,AGL,CE,Federal Contract Tower,0,2,21,0,23,0,0,31,1,32,0,2,52,1,55,36,0,36,91
09/25/2015,GYY,IN,AGL,CE,Federal Contract Tower,9,5,25,8,47,0,2,28,0,30,9,7,53,8,77,18,4,22,99
09/26/2015,GYY,IN,AGL,CE,Federal Contract Tower,5,4,18,0,27,0,5,15,0,20,5,9,33,0,47,6,0,6,53
09/27/2015,GYY,IN,AGL,CE,Federal Contract Tower,0,2,21,7,30,0,1,17,0,18,0,3,38,7,48,10,0,10,58
09/28/2015,GYY,IN,AGL,CE,Federal Contract Tower,1,3,24,0,28,0,3,17,0,20,1,6,41,0,48,12,0,12,60
09/29/2015,GYY,IN,AGL,CE,Federal Contract Tower,0,6,21,0,27,0,0,2,0,2,0,6,23,0,29,0,0,0,29
09/30/2015,GYY,IN,AGL,CE,Federal Contract Tower,0,3,39,0,42,0,0,15,0,15,0,3,54,0,57,22,0,22,79
10/01/2015,GYY,IN,AGL,CE,Federal Contract Tower,0,10,35,0,45,0,0,20,1,21,0,10,55,1,66,0,0,0,66
10/02/2015,GYY,IN,AGL,CE,Federal Contract Tower,0,8,23,3,34,0,0,15,0,15,0,8,38,3,49,10,0,10,59
10/03/2015,GYY,IN,AGL,CE,Federal Contract Tower,0,0,13,0,13,0,0,9,0,9,0,0,22,0,22,2,0,2,24
10/04/2015,GYY,IN,AGL,CE,Federal Contract Tower,0,0,26,3,29,0,0,0,0,0,0,0,26,3,29,0,0,0,29
10/05/2015,GYY,IN,AGL,CE,Federal Contract Tower,2,6,35,0,43,0,0,0,0,0,2,6,35,0,43,0,0,0,43
10/06/2015,GYY,IN,AGL,CE,Federal Contract Tower,1,2,39,0,42,0,0,7,0,7,1,2,46,0,49,6,0,6,55
10/07/2015,GYY,IN,AGL,CE,Federal Contract Tower,0,3,32,0,35,0,0,29,4,33,0,3,61,4,68,56,10,66,134
10/08/2015,GYY,IN,AGL,CE,Federal Contract Tower,1,2,27,0,30,0,0,20,0,20,1,2,47,0,50,4,0,4,54
10/09/2015,GYY,IN,AGL,CE,Federal Contract Tower,2,0,31,0,33,0,0,14,0,14,2,0,45,0,47,0,0,0,47
10/10/2015,GYY,IN,AGL,CE,Federal Contract Tower,1,1,19,0,21,0,0,52,0,52,1,1,71,0,73,74,0,74,147
10/11/2015,GYY,IN,AGL,CE,Federal Contract Tower,0,0,15,0,15,0,1,26,0,27,0,1,41,0,42,0,0,0,42
10/12/2015,GYY,IN,AGL,CE,Federal Contract Tower,3,3,17,0,23,0,2,20,0,22,3,5,37,0,45,4,0,4,49
10/13/2015,GYY,IN,AGL,CE,Federal Contract Tower,1,0,32,1,34,0,2,32,0,34,1,2,64,1,68,52,0,52,120
10/14/2015,GYY,IN,AGL,CE,Federal Contract Tower,0,4,26,0,30,0,0,21,3,24,0,4,47,3,54,2,0,2,56
10/15/2015,GYY,IN,AGL,CE,Federal Contract Tower,0,1,18,0,19,0,0,15,6,21,0,1,33,6,40,14,0,14,54
10/16/2015,GYY,IN,AGL,CE,Federal Contract Tower,0,2,19,0,21,0,2,33,0,35,0,4,52,0,56,0,0,0,56
10/17/2015,GYY,IN,AGL,CE,Federal Contract Tower,0,0,16,1,17,0,2,9,4,15,0,2,25,5,32,0,8,8,40
10/18/2015,GYY,IN,AGL,CE,Federal Contract Tower,0,1,30,0,31,0,4,32,0,36,0,5,62,0,67,10,0,10,77
10/19/2015,GYY,IN,AGL,CE,Federal Contract Tower,1,0,14,1,16,0,0,14,0,14,1,0,28,1,30,8,0,8,38
10/20/2015,GYY,IN,AGL,CE,Federal Contract Tower,3,2,26,0,31,0,0,31,6,37,3,2,57,6,68,42,0,42,110
10/21/2015,GYY,IN,AGL,CE,Federal Contract Tower,2,5,24,0,31,0,0,18,2,20,2,5,42,2,51,0,0,0,51
10/22/2015,GYY,IN,AGL,CE,Federal Contract Tower,1,0,33,0,34,0,3,19,6,28,1,3,52,6,62,2,14,16,78
10/23/2015,GYY,IN,AGL,CE,Federal Contract Tower,4,6,19,0,29,0,0,11,1,12,4,6,30,1,41,2,6,8,49
10/24/2015,GYY,IN,AGL,CE,Federal Contract Tower,2,5,10,0,17,0,0,1,0,1,2,5,11,0,18,0,0,0,18
10/25/2015,GYY,IN,AGL,CE,Federal Contract Tower,3,0,35,0,38,0,0,38,0,38,3,0,73,0,76,28,0,28,104
10/26/2015,GYY,IN,AGL,CE,Federal Contract Tower,0,2,20,0,22,0,4,33,0,37,0,6,53,0,59,22,0,22,81
10/27/2015,GYY,IN,AGL,CE,Federal Contract Tower,0,14,40,0,54,0,0,11,2,13,0,14,51,2,67,0,8,8,75
10/28/2015,GYY,IN,AGL,CE,Federal Contract Tower,1,6,36,0,43,0,0,0,0,0,1,6,36,0,43,0,0,0,43
10/29/2015,GYY,IN,AGL,CE,Federal Contract Tower,0,8,19,0,27,0,0,1,7,8,0,8,20,7,35,0,26,26,61
10/30/2015,GYY,IN,AGL,CE,Federal Contract Tower,2,2,24,0,28,0,0,31,0,31,2,2,55,0,59,40,0,40,99
10/31/2015,GYY,IN,AGL,CE,Federal Contract Tower,0,0,15,0,15,0,0,0,0,0,0,0,15,0,15,0,0,0,15
11/01/2015,GYY,IN,AGL,CE,Federal Contract Tower,0,0,16,0,16,0,0,37,0,37,0,0,53,0,53,16,0,16,69
11/02/2015,GYY,IN,AGL,CE,Federal Contract Tower,1,1,28,0,30,0,2,15,0,17,1,3,43,0,47,0,0,0,47
11/03/2015,GYY,IN,AGL,CE,Federal Contract Tower,0,2,24,0,26,0,0,31,0,31,0,2,55,0,57,17,0,17,74
11/04/2015,GYY,IN,AGL,CE,Federal Contract Tower,8,17,32,0,57,0,0,29,2,31,8,17,61,2,88,26,0,26,114
11/05/2015,GYY,IN,AGL,CE,Federal Contract Tower,0,0,20,0,20,0,0,13,4,17,0,0,33,4,37,4,0,4,41
11/06/2015,GYY,IN,AGL,CE,Federal Contract Tower,2,0,23,0,25,0,0,10,2,12,2,0,33,2,37,0,0,0,37
11/07/2015,GYY,IN,AGL,CE,Federal Contract Tower,0,0,9,0,9,0,0,24,1,25,0,0,33,1,34,16,0,16,50
11/08/2015,GYY,IN,AGL,CE,Federal Contract Tower,1,0,32,0,33,0,0,37,2,39,1,0,69,2,72,10,0,10,82
11/09/2015,GYY,IN,AGL,CE,Federal Contract Tower,1,4,25,0,30,0,2,27,0,29,1,6,52,0,59,0,0,0,59
11/10/2015,GYY,IN,AGL,CE,Federal Contract Tower,0,13,36,0,49,0,0,35,2,37,0,13,71,2,86,62,12,74,160
11/11/2015,GYY,IN,AGL,CE,Federal Contract Tower,2,9,30,0,41,0,1,12,0,13,2,10,42,0,54,12,0,12,66
11/12/2015,GYY,IN,AGL,CE,Federal Contract Tower,0,2,32,0,34,0,0,1,2,3,0,2,33,2,37,0,8,8,45
11/13/2015,GYY,IN,AGL,CE,Federal Contract Tower,0,4,13,0,17,0,0,8,2,10,0,4,21,2,27,0,0,0,27
11/14/2015,GYY,IN,AGL,CE,Federal Contract Tower,0,0,12,0,12,0,0,74,0,74,0,0,86,0,86,32,0,32,118
11/15/2015,GYY,IN,AGL,CE,Federal Contract Tower,1,0,28,0,29,0,0,33,0,33,1,0,61,0,62,14,0,14,76
11/16/2015,GYY,IN,AGL,CE,Federal Contract Tower,1,0,21,0,22,0,0,17,0,17,1,0,38,0,39,14,0,14,53
11/17/2015,GYY,IN,AGL,CE,Federal Contract Tower,2,2,28,0,32,0,0,4,0,4,2,2,32,0,36,0,0,0,36
11/18/2015,GYY,IN,AGL,CE,Federal Contract Tower,4,5,21,0,30,0,0,6,0,6,4,5,27,0,36,0,50,50,86
11/19/2015,GYY,IN,AGL,CE,Federal Contract Tower,1,2,24,0,27,0,0,10,0,10,1,2,34,0,37,0,0,0,37
11/20/2015,GYY,IN,AGL,CE,Federal Contract Tower,2,8,21,1,32,0,0,31,4,35,2,8,52,5,67,44,0,44,111
11/21/2015,GYY,IN,AGL,CE,Federal Contract Tower,0,4,16,0,20,0,0,0,0,0,0,4,16,0,20,0,0,0,20
11/22/2015,GYY,IN,AGL,CE,Federal Contract Tower,0,0,12,0,12,0,0,16,2,18,0,0,28,2,30,10,0,10,40
11/23/2015,GYY,IN,AGL,CE,Federal Contract Tower,2,3,23,0,28,0,0,16,0,16,2,3,39,0,44,14,0,14,58
11/24/2015,GYY,IN,AGL,CE,Federal Contract Tower,0,7,38,0,45,0,9,36,1,46,0,16,74,1,91,22,0,22,113
11/25/2015,GYY,IN,AGL,CE,Federal Contract Tower,4,6,14,1,25,0,0,11,3,14,4,6,25,4,39,2,0,2,41
11/26/2015,GYY,IN,AGL,CE,Federal Contract Tower,0,5,5,0,10,0,0,0,0,0,0,5,5,0,10,0,0,0,10
11/27/2015,GYY,IN,AGL,CE,Federal Contract Tower,0,1,11,0,12,0,0,0,0,0,0,1,11,0,12,0,0,0,12
11/28/2015,GYY,IN,AGL,CE,Federal Contract Tower,1,0,19,0,20,0,0,18,0,18,1,0,37,0,38,6,0,6,44
11/29/2015,GYY,IN,AGL,CE,Federal Contract Tower,0,2,22,0,24,0,0,26,0,26,0,2,48,0,50,10,0,10,60
11/30/2015,GYY,IN,AGL,CE,Federal Contract Tower,1,0,28,0,29,0,0,1,0,1,1,0,29,0,30,0,0,0,30
12/01/2015,GYY,IN,AGL,CE,Federal Contract Tower,2,0,22,0,24,0,0,8,2,10,2,0,30,2,34,0,0,0,34
12/02/2015,GYY,IN,AGL,CE,Federal Contract Tower,0,0,16,0,16,0,0,3,0,3,0,0,19,0,19,0,0,0,19
12/03/2015,GYY,IN,AGL,CE,Federal Contract Tower,2,0,20,0,22,0,0,8,6,14,2,0,28,6,36,22,60,82,118
12/04/2015,GYY,IN,AGL,CE,Federal Contract Tower,5,1,17,2,25,0,0,14,2,16,5,1,31,4,41,0,0,0,41
12/05/2015,GYY,IN,AGL,CE,Federal Contract Tower,0,0,17,1,18,0,0,4,0,4,0,0,21,1,22,0,0,0,22
12/06/2015,GYY,IN,AGL,CE,Federal Contract Tower,3,2,20,2,27,0,1,25,2,28,3,3,45,4,55,38,0,38,93
12/07/2015,GYY,IN,AGL,CE,Federal Contract Tower,0,7,34,4,45,0,0,0,0,0,0,7,34,4,45,0,0,0,45
12/08/2015,GYY,IN,AGL,CE,Federal Contract Tower,1,4,26,0,31,0,1,9,0,10,1,5,35,0,41,22,0,22,63
12/09/2015,GYY,IN,AGL,CE,Federal Contract Tower,4,1,25,0,30,0,0,21,0,21,4,1,46,0,51,0,0,0,51
12/10/2015,GYY,IN,AGL,CE,Federal Contract Tower,1,3,30,0,34,0,0,11,4,15,1,3,41,4,49,0,8,8,57
12/11/2015,GYY,IN,AGL,CE,Federal Contract Tower,0,2,29,0,31,0,0,28,0,28,0,2,57,0,59,18,0,18,77
12/12/2015,GYY,IN,AGL,CE,Federal Contract Tower,1,0,15,0,16,0,0,0,0,0,1,0,15,0,16,0,0,0,16
12/13/2015,GYY,IN,AGL,CE,Federal Contract Tower,5,2,16,0,23,0,0,2,0,2,5,2,18,0,25,6,0,6,31
12/14/2015,GYY,IN,AGL,CE,Federal Contract Tower,5,2,16,0,23,0,2,0,0,2,5,4,16,0,25,0,0,0,25
12/15/2015,GYY,IN,AGL,CE,Federal Contract Tower,2,8,23,0,33,0,0,16,0,16,2,8,39,0,49,48,0,48,97
12/16/2015,GYY,IN,AGL,CE,Federal Contract Tower,0,5,19,0,24,0,0,2,4,6,0,5,21,4,30,0,64,64,94
12/17/2015,GYY,IN,AGL,CE,Federal Contract Tower,0,3,28,0,31,0,0,14,3,17,0,3,42,3,48,58,16,74,122
12/18/2015,GYY,IN,AGL,CE,Federal Contract Tower,2,2,19,0,23,0,0,12,2,14,2,2,31,2,37,28,0,28,65
12/19/2015,GYY,IN,AGL,CE,Federal Contract Tower,0,0,11,0,11,0,2,24,0,26,0,2,35,0,37,38,0,38,75
12/20/2015,GYY,IN,AGL,CE,Federal Contract Tower,0,2,12,0,14,0,0,5,0,5,0,2,17,0,19,6,0,6,25
12/21/2015,GYY,IN,AGL,CE,Federal Contract Tower,0,2,6,0,8,0,0,0,0,0,0,2,6,0,8,0,0,0,8
12/22/2015,GYY,IN,AGL,CE,Federal Contract Tower,1,2,13,0,16,0,1,6,0,7,1,3,19,0,23,0,16,16,39
12/23/2015,GYY,IN,AGL,CE,Federal Contract Tower,0,0,15,0,15,0,0,0,0,0,0,0,15,0,15,0,0,0,15
12/24/2015,GYY,IN,AGL,CE,Federal Contract Tower,0,0,6,0,6,0,0,16,0,16,0,0,22,0,22,18,0,18,40
12/25/2015,GYY,IN,AGL,CE,Federal Contract Tower,0,0,6,0,6,0,0,2,0,2,0,0,8,0,8,0,0,0,8
12/26/2015,GYY,IN,AGL,CE,Federal Contract Tower,0,5,18,0,23,0,0,5,0,5,0,5,23,0,28,8,0,8,36
12/27/2015,GYY,IN,AGL,CE,Federal Contract Tower,0,2,17,0,19,0,0,8,0,8,0,2,25,0,27,0,0,0,27
12/28/2015,GYY,IN,AGL,CE,Federal Contract Tower,0,0,1,0,1,0,0,0,0,0,0,0,1,0,1,0,0,0,1
12/29/2015,GYY,IN,AGL,CE,Federal Contract Tower,2,0,14,0,16,0,0,13,0,13,2,0,27,0,29,6,0,6,35
12/30/2015,GYY,IN,AGL,CE,Federal Contract Tower,0,0,19,0,19,0,1,6,4,11,0,1,25,4,30,0,8,8,38
12/31/2015,GYY,IN,AGL,CE,Federal Contract Tower,0,0,12,0,12,0,0,12,0,12,0,0,24,0,24,6,0,6,30
01/01/2016,GYY,IN,AGL,CE,Federal Contract Tower,0,0,3,0,3,0,0,3,0,3,0,0,6,0,6,4,0,4,10
01/02/2016,GYY,IN,AGL,CE,Federal Contract Tower,0,2,15,0,17,0,0,37,0,37,0,2,52,0,54,24,0,24,78
01/03/2016,GYY,IN,AGL,CE,Federal Contract Tower,3,2,30,0,35,0,0,11,0,11,3,2,41,0,46,40,0,40,86
01/04/2016,GYY,IN,AGL,CE,Federal Contract Tower,0,2,18,0,20,0,0,3,0,3,0,2,21,0,23,0,0,0,23
01/05/2016,GYY,IN,AGL,CE,Federal Contract Tower,0,3,19,0,22,0,0,29,2,31,0,3,48,2,53,24,2,26,79
01/06/2016,GYY,IN,AGL,CE,Federal Contract Tower,0,2,11,0,13,0,0,22,1,23,0,2,33,1,36,52,0,52,88
01/07/2016,GYY,IN,AGL,CE,Federal Contract Tower,1,4,17,0,22,0,0,9,4,13,1,4,26,4,35,0,6,6,41
01/08/2016,GYY,IN,AGL,CE,Federal Contract Tower,3,1,16,0,20,0,0,0,0,0,3,1,16,0,20,0,0,0,20
01/09/2016,GYY,IN,AGL,CE,Federal Contract Tower,0,0,11,0,11,0,0,0,0,0,0,0,11,0,11,0,0,0,11
01/10/2016,GYY,IN,AGL,CE,Federal Contract Tower,0,4,23,0,27,0,0,8,0,8,0,4,31,0,35,4,0,4,39
01/11/2016,GYY,IN,AGL,CE,Federal Contract Tower,0,2,26,0,28,0,0,13,0,13,0,2,39,0,41,18,0,18,59
01/12/2016,GYY,IN,AGL,CE,Federal Contract Tower,1,0,18,0,19,0,0,15,2,17,1,0,33,2,36,6,14,20,56
01/13/2016,GYY,IN,AGL,CE,Federal Contract Tower,0,0,14,0,14,0,0,7,0,7,0,0,21,0,21,0,0,0,21
01/14/2016,GYY,IN,AGL,CE,Federal Contract Tower,0,3,14,1,18,0,0,20,0,20,0,3,34,1,38,76,0,76,114
01/15/2016,GYY,IN,AGL,CE,Federal Contract Tower,4,0,11,0,15,0,0,7,0,7,4,0,18,0,22,0,0,0,22
01/16/2016,GYY,IN,AGL,CE,Federal Contract Tower,0,0,12,0,12,0,0,18,0,18,0,0,30,0,30,4,0,4,34
01/17/2016,GYY,IN,AGL,CE,Federal Contract Tower,0,2,9,0,11,0,1,15,0,16,0,3,24,0,27,14,0,14,41
01/18/2016,GYY,IN,AGL,CE,Federal Contract Tower,0,2,23,0,25,0,0,8,0,8,0,2,31,0,33,0,0,0,33
01/19/2016,GYY,IN,AGL,CE,Federal Contract Tower,0,6,23,0,29,0,0,11,0,11,0,6,34,0,40,6,0,6,46
01/20/2016,GYY,IN,AGL,CE,Federal Contract Tower,1,3,16,0,20,0,0,12,2,14,1,3,28,2,34,8,34,42,76
01/21/2016,GYY,IN,AGL,CE,Federal Contract Tower,2,9,22,0,33,0,0,20,5,25,2,9,42,5,58,26,22,48,106
01/22/2016,GYY,IN,AGL,CE,Federal Contract Tower,4,2,11,0,17,0,0,7,0,7,4,2,18,0,24,6,0,6,30
01/23/2016,GYY,IN,AGL,CE,Federal Contract Tower,0,0,13,0,13,0,0,34,0,34,0,0,47,0,47,32,0,32,79
01/24/2016,GYY,IN,AGL,CE,Federal Contract Tower,1,0,15,0,16,0,0,22,0,22,1,0,37,0,38,22,0,22,60
01/25/2016,GYY,IN,AGL,CE,Federal Contract Tower,3,0,23,0,26,0,0,2,0,2,3,0,25,0,28,0,0,0,28
01/26/2016,GYY,IN,AGL,CE,Federal Contract Tower,2,2,25,0,29,0,0,6,1,7,2,2,31,1,36,10,0,10,46
01/27/2016,GYY,IN,AGL,CE,Federal Contract Tower,2,5,29,0,36,0,2,25,4,31,2,7,54,4,67,34,0,34,101
01/28/2016,GYY,IN,AGL,CE,Federal Contract Tower,0,0,21,0,21,0,3,32,4,39,0,3,53,4,60,26,16,42,102
01/29/2016,GYY,IN,AGL,CE,Federal Contract Tower,6,2,26,0,34,0,2,51,0,53,6,4,77,0,87,172,0,172,259
01/30/2016,GYY,IN,AGL,CE,Federal Contract Tower,0,0,21,0,21,0,0,26,0,26,0,0,47,0,47,30,0,30,77
01/31/2016,GYY,IN,AGL,CE,Federal Contract Tower,1,0,21,0,22,0,0,1,0,1,1,0,22,0,23,0,0,0,23
02/01/2016,GYY,IN,AGL,CE,Federal Contract Tower,1,4,18,0,23,0,0,33,0,33,1,4,51,0,56,44,0,44,100
02/02/2016,GYY,IN,AGL,CE,Federal Contract Tower,0,4,17,0,21,0,0,3,0,3,0,4,20,0,24,0,0,0,24
02/03/2016,GYY,IN,AGL,CE,Federal Contract Tower,0,1,26,0,27,0,0,3,6,9,0,1,29,6,36,0,42,42,78
02/04/2016,GYY,IN,AGL,CE,Federal Contract Tower,0,3,20,0,23,0,0,34,4,38,0,3,54,4,61,66,0,66,127
02/05/2016,GYY,IN,AGL,CE,Federal Contract Tower,4,5,26,0,35,0,2,14,0,16,4,7,40,0,51,18,0,18,69
02/06/2016,GYY,IN,AGL,CE,Federal Contract Tower,0,2,7,0,9,0,0,28,0,28,0,2,35,0,37,36,0,36,73
02/07/2016,GYY,IN,AGL,CE,Federal Contract Tower,0,1,17,0,18,0,0,7,2,9,0,1,24,2,27,6,0,6,33
02/08/2016,GYY,IN,AGL,CE,Federal Contract Tower,2,9,20,0,31,0,0,3,0,3,2,9,23,0,34,6,0,6,40
02/09/2016,GYY,IN,AGL,CE,Federal Contract Tower,1,1,16,0,18,0,0,1,0,1,1,1,17,0,19,0,0,0,19
02/10/2016,GYY,IN,AGL,CE,Federal Contract Tower,0,3,25,0,28,0,0,18,2,20,0,3,43,2,48,0,0,0,48
02/11/2016,GYY,IN,AGL,CE,Federal Contract Tower,2,3,25,2,32,0,0,19,5,24,2,3,44,7,56,24,0,24,80
02/12/2016,GYY,IN,AGL,CE,Federal Contract Tower,2,1,11,0,14,0,0,7,0,7,2,1,18,0,21,0,0,0,21
02/13/2016,GYY,IN,AGL,CE,Federal Contract Tower,0,0,8,0,8,0,0,16,0,16,0,0,24,0,24,26,0,26,50
02/14/2016,GYY,IN,AGL,CE,Federal Contract Tower,0,3,11,0,14,0,0,8,0,8,0,3,19,0,22,0,0,0,22
02/15/2016,GYY,IN,AGL,CE,Federal Contract Tower,0,1,24,0,25,0,0,0,0,0,0,1,24,0,25,0,0,0,25
02/16/2016,GYY,IN,AGL,CE,Federal Contract Tower,1,2,21,0,24,0,0,3,0,3,1,2,24,0,27,0,0,0,27
02/17/2016,GYY,IN,AGL,CE,Federal Contract Tower,1,4,17,1,23,0,0,24,4,28,1,4,41,5,51,50,0,50,101
02/18/2016,GYY,IN,AGL,CE,Federal Contract Tower,1,2,26,0,29,0,0,13,6,19,1,2,39,6,48,18,24,42,90
02/19/2016,GYY,IN,AGL,CE,Federal Contract Tower,3,0,8,0,11,0,0,1,0,1,3,0,9,0,12,0,0,0,12
02/20/2016,GYY,IN,AGL,CE,Federal Contract Tower,0,0,17,0,17,0,0,16,0,16,0,0,33,0,33,26,0,26,59
02/21/2016,GYY,IN,AGL,CE,Federal Contract Tower,0,0,13,0,13,0,0,10,0,10,0,0,23,0,23,94,0,94,117
02/22/2016,GYY,IN,AGL,CE,Federal Contract Tower,2,0,21,0,23,0,0,13,2,15,2,0,34,2,38,52,0,52,90
02/23/2016,GYY,IN,AGL,CE,Federal Contract Tower,2,0,27,0,29,0,2,32,2,36,2,2,59,2,65,10,12,22,87
02/24/2016,GYY,IN,AGL,CE,Federal Contract Tower,0,0,5,0,5,0,0,0,0,0,0,0,5,0,5,0,0,0,5
02/25/2016,GYY,IN,AGL,CE,Federal Contract Tower,2,8,15,0,25,0,0,12,1,13,2,8,27,1,38,22,0,22,60
02/26/2016,GYY,IN,AGL,CE,Federal Contract Tower,3,0,22,0,25,0,1,17,0,18,3,1,39,0,43,30,0,30,73
02/27/2016,GYY,IN,AGL,CE,Federal Contract Tower,0,1,6,0,7,0,0,21,0,21,0,1,27,0,28,22,0,22,50
02/28/2016,GYY,IN,AGL,CE,Federal Contract Tower,0,0,20,0,20,0,0,5,0,5,0,0,25,0,25,0,0,0,25
02/29/2016,GYY,IN,AGL,CE,Federal Contract Tower,1,5,29,0,35,0,1,13,0,14,1,6,42,0,49,26,0,26,75
03/01/2016,GYY,IN,AGL,CE,Federal Contract Tower,2,2,9,0,13,0,0,0,0,0,2,2,9,0,13,0,0,0,13
03/02/2016,GYY,IN,AGL,CE,Federal Contract Tower,4,2,14,1,21,0,0,18,1,19,4,2,32,2,40,24,0,24,64
03/03/2016,GYY,IN,AGL,CE,Federal Contract Tower,0,3,17,0,20,0,0,0,0,0,0,3,17,0,20,0,20,20,40
03/04/2016,GYY,IN,AGL,CE,Federal Contract Tower,3,2,17,0,22,0,0,31,1,32,3,2,48,1,54,62,0,62,116
03/05/2016,GYY,IN,AGL,CE,Federal Contract Tower,0,7,11,0,18,0,0,3,1,4,0,7,14,1,22,20,0,20,42
03/06/2016,GYY,IN,AGL,CE,Federal Contract Tower,0,0,10,0,10,0,0,7,2,9,0,0,17,2,19,0,0,0,19
03/07/2016,GYY,IN,AGL,CE,Federal Contract Tower,0,0,25,0,25,0,0,16,2,18,0,0,41,2,43,14,0,14,57
03/08/2016,GYY,IN,AGL,CE,Federal Contract Tower,1,4,22,0,27,0,0,16,4,20,1,4,38,4,47,6,0,6,53
03/09/2016,GYY,IN,AGL,CE,Federal Contract Tower,1,0,21,0,22,0,0,8,2,10,1,0,29,2,32,18,4,22,54
03/10/2016,GYY,IN,AGL,CE,Federal Contract Tower,0,1,19,0,20,0,0,14,6,20,0,1,33,6,40,44,4,48,88
03/11/2016,GYY,IN,AGL,CE,Federal Contract Tower,3,3,23,0,29,0,0,26,6,32,3,3,49,6,61,50,16,66,127
03/12/2016,GYY,IN,AGL,CE,Federal Contract Tower,0,3,12,0,15,0,0,14,0,14,0,3,26,0,29,36,0,36,65
03/13/2016,GYY,IN,AGL,CE,Federal Contract Tower,0,1,11,0,12,0,0,0,0,0,0,1,11,0,12,0,0,0,12
03/14/2016,GYY,IN,AGL,CE,Federal Contract Tower,2,1,18,0,21,0,0,0,0,0,2,1,18,0,21,0,0,0,21
03/15/2016,GYY,IN,AGL,CE,Federal Contract Tower,3,0,20,0,23,0,0,10,0,10,3,0,30,0,33,0,0,0,33
03/16/2016,GYY,IN,AGL,CE,Federal Contract Tower,1,2,18,0,21,0,0,3,0,3,1,2,21,0,24,0,0,0,24
03/17/2016,GYY,IN,AGL,CE,Federal Contract Tower,1,4,21,1,27,0,0,15,7,22,1,4,36,8,49,28,6,34,83
03/18/2016,GYY,IN,AGL,CE,Federal Contract Tower,2,1,24,14,41,0,0,24,0,24,2,1,48,14,65,40,8,48,113
03/19/2016,GYY,IN,AGL,CE,Federal Contract Tower,0,2,12,0,14,0,0,11,0,11,0,2,23,0,25,6,0,6,31
03/20/2016,GYY,IN,AGL,CE,Federal Contract Tower,1,0,18,1,20,0,0,26,0,26,1,0,44,1,46,32,0,32,78
03/21/2016,GYY,IN,AGL,CE,Federal Contract Tower,0,2,18,4,24,0,1,26,0,27,0,3,44,4,51,80,0,80,131
03/22/2016,GYY,IN,AGL,CE,Federal Contract Tower,1,4,20,0,25,0,0,22,0,22,1,4,42,0,47,68,0,68,115
03/23/2016,GYY,IN,AGL,CE,Federal Contract Tower,1,1,28,0,30,0,0,5,6,11,1,1,33,6,41,18,22,40,81
03/24/2016,GYY,IN,AGL,CE,Federal Contract Tower,4,2,11,0,17,0,0,0,0,0,4,2,11,0,17,0,58,58,75
03/25/2016,GYY,IN,AGL,CE,Federal Contract Tower,2,1,27,0,30,0,0,21,0,21,2,1,48,0,51,12,0,12,63
03/26/2016,GYY,IN,AGL,CE,Federal Contract Tower,2,2,17,0,21,0,0,23,0,23,2,2,40,0,44,26,0,26,70
03/27/2016,GYY,IN,AGL,CE,Federal Contract Tower,0,0,15,0,15,0,0,11,0,11,0,0,26,0,26,40,0,40,66
03/28/2016,GYY,IN,AGL,CE,Federal Contract Tower,0,0,14,0,14,0,0,24,0,24,0,0,38,0,38,70,0,70,108
03/29/2016,GYY,IN,AGL,CE,Federal Contract Tower,3,0,21,0,24,0,2,45,9,56,3,2,66,9,80,84,18,102,182
03/30/2016,GYY,IN,AGL,CE,Federal Contract Tower,2,3,29,0,34,0,0,14,2,16,2,3,43,2,50,2,0,2,52
03/31/2016,GYY,IN,AGL,CE,Federal Contract Tower,2,2,12,0,16,0,0,3,0,3,2,2,15,0,19,0,0,0,19
04/01/2016,GYY,IN,AGL,CE,Federal Contract Tower,3,3,16,0,22,0,2,8,6,16,3,5,24,6,38,0,12,12,50
04/02/2016,GYY,IN,AGL,CE,Federal Contract Tower,0,0,10,0,10,0,0,2,0,2,0,0,12,0,12,0,0,0,12
04/03/2016,GYY,IN,AGL,CE,Federal Contract Tower,0,0,25,0,25,0,2,9,0,11,0,2,34,0,36,6,0,6,42
04/04/2016,GYY,IN,AGL,CE,Federal Contract Tower,1,2,22,0,25,0,0,9,2,11,1,2,31,2,36,48,0,48,84
04/05/2016,GYY,IN,AGL,CE,Federal Contract Tower,2,0,32,0,34,0,1,30,0,31,2,1,62,0,65,70,4,74,139
04/06/2016,GYY,IN,AGL,CE,Federal Contract Tower,2,5,28,0,35,0,0,4,0,4,2,5,32,0,39,0,0,0,39
04/08/2016,GYY,IN,AGL,CE,Federal Contract Tower,2,4,19,0,25,0,0,6,8,14,2,4,25,8,39,0,14,14,53
04/09/2016,GYY,IN,AGL,CE,Federal Contract Tower,0,0,20,0,20,0,0,30,2,32,0,0,50,2,52,78,0,78,130
04/10/2016,GYY,IN,AGL,CE,Federal Contract Tower,0,2,11,4,17,0,0,1,0,1,0,2,12,4,18,0,0,0,18
04/11/2016,GYY,IN,AGL,CE,Federal Contract Tower,0,0,35,0,35,0,0,15,0,15,0,0,50,0,50,34,0,34,84
04/12/2016,GYY,IN,AGL,CE,Federal Contract Tower,0,2,30,0,32,0,0,49,6,55,0,2,79,6,87,88,38,126,213
04/13/2016,GYY,IN,AGL,CE,Federal Contract Tower,1,0,27,0,28,0,0,25,2,27,1,0,52,2,55,78,0,78,133
04/14/2016,GYY,IN,AGL,CE,Federal Contract Tower,2,0,32,0,34,0,0,28,4,32,2,0,60,4,66,22,30,52,118
04/15/2016,GYY,IN,AGL,CE,Federal Contract Tower,1,2,18,0,21,0,4,36,7,47,1,6,54,7,68,98,4,102,170
04/16/2016,GYY,IN,AGL,CE,Federal Contract Tower,2,0,20,0,22,0,2,28,0,30,2,2,48,0,52,16,0,16,68
04/17/2016,GYY,IN,AGL,CE,Federal Contract Tower,0,0,23,0,23,0,1,17,2,20,0,1,40,2,43,26,0,26,69
04/18/2016,GYY,IN,AGL,CE,Federal Contract Tower,2,5,21,0,28,0,1,28,0,29,2,6,49,0,57,12,0,12,69
04/19/2016,GYY,IN,AGL,CE,Federal Contract Tower,0,2,19,0,21,0,0,18,3,21,0,2,37,3,42,14,2,16,58
04/20/2016,GYY,IN,AGL,CE,Federal Contract Tower,1,3,43,0,47,0,0,26,5,31,1,3,69,5,78,42,8,50,128
04/21/2016,GYY,IN,AGL,CE,Federal Contract Tower,0,2,31,0,33,0,0,9,9,18,0,2,40,9,51,0,52,52,103
04/22/2016,GYY,IN,AGL,CE,Federal Contract Tower,2,5,31,3,41,0,0,0,0,0,2,5,31,3,41,0,0,0,41
04/23/2016,GYY,IN,AGL,CE,Federal Contract Tower,0,0,18,1,19,0,0,36,0,36,0,0,54,1,55,22,0,22,77
04/24/2016,GYY,IN,AGL,CE,Federal Contract Tower,0,0,15,4,19,0,0,26,0,26,0,0,41,4,45,8,0,8,53
04/25/2016,GYY,IN,AGL,CE,Federal Contract Tower,0,0,16,0,16,0,0,21,0,21,0,0,37,0,37,32,0,32,69
04/26/2016,GYY,IN,AGL,CE,Federal Contract Tower,1,2,30,0,33,0,0,0,0,0,1,2,30,0,33,0,0,0,33
04/27/2016,GYY,IN,AGL,CE,Federal Contract Tower,2,2,36,0,40,0,0,8,5,13,2,2,44,5,53,18,16,34,87
04/28/2016,GYY,IN,AGL,CE,Federal Contract Tower,2,0,33,0,35,0,0,7,0,7,2,0,40,0,42,12,0,12,54
04/29/2016,GYY,IN,AGL,CE,Federal Contract Tower,2,2,32,7,43,0,0,6,0,6,2,2,38,7,49,6,0,6,55
04/30/2016,GYY,IN,AGL,CE,Federal Contract Tower,1,4,13,0,18,0,0,1,0,1,1,4,14,0,19,0,0,0,19
05/01/2016,GYY,IN,AGL,CE,Federal Contract Tower,3,2,26,3,34,0,0,0,0,0,3,2,26,3,34,0,0,0,34
05/02/2016,GYY,IN,AGL,CE,Federal Contract Tower,2,1,31,1,35,0,0,28,1,29,2,1,59,2,64,56,0,56,120
05/03/2016,GYY,IN,AGL,CE,Federal Contract Tower,2,1,31,0,34,0,0,40,2,42,2,1,71,2,76,40,0,40,116
05/04/2016,GYY,IN,AGL,CE,Federal Contract Tower,0,12,27,0,39,0,0,8,4,12,0,12,35,4,51,0,0,0,51
05/05/2016,GYY,IN,AGL,CE,Federal Contract Tower,2,1,35,2,40,0,2,11,5,18,2,3,46,7,58,26,0,26,84
05/06/2016,GYY,IN,AGL,CE,Federal Contract Tower,4,0,33,8,45,0,0,37,7,44,4,0,70,15,89,62,14,76,165
05/07/2016,GYY,IN,AGL,CE,Federal Contract Tower,0,0,25,0,25,0,0,10,2,12,0,0,35,2,37,6,0,6,43
05/08/2016,GYY,IN,AGL,CE,Federal Contract Tower,1,4,18,0,23,0,0,19,1,20,1,4,37,1,43,20,0,20,63
05/09/2016,GYY,IN,AGL,CE,Federal Contract Tower,1,3,25,0,29,0,0,10,0,10,1,3,35,0,39,38,0,38,77
05/10/2016,GYY,IN,AGL,CE,Federal Contract Tower,0,4,23,0,27,0,0,0,0,0,0,4,23,0,27,10,10,20,47
05/11/2016,GYY,IN,AGL,CE,Federal Contract Tower,0,7,37,0,44,0,0,5,0,5,0,7,42,0,49,0,0,0,49
05/12/2016,GYY,IN,AGL,CE,Federal Contract Tower,4,4,28,4,40,0,0,9,7,16,4,4,37,11,56,0,42,42,98
05/13/2016,GYY,IN,AGL,CE,Federal Contract Tower,3,5,38,0,46,0,0,48,0,48,3,5,86,0,94,92,0,92,186
05/14/2016,GYY,IN,AGL,CE,Federal Contract Tower,0,1,19,1,21,0,0,49,2,51,0,1,68,3,72,46,0,46,118
05/15/2016,GYY,IN,AGL,CE,Federal Contract Tower,0,2,23,0,25,0,0,28,0,28,0,2,51,0,53,12,0,12,65
05/16/2016,GYY,IN,AGL,CE,Federal Contract Tower,1,0,26,0,27,0,0,24,0,24,1,0,50,0,51,6,0,6,57
05/17/2016,GYY,IN,AGL,CE,Federal Contract Tower,0,3,32,0,35,0,0,31,4,35,0,3,63,4,70,40,0,40,110
05/18/2016,GYY,IN,AGL,CE,Federal Contract Tower,3,4,32,0,39,0,2,19,5,26,3,6,51,5,65,14,4,18,83
05/19/2016,GYY,IN,AGL,CE,Federal Contract Tower,3,0,29,0,32,0,2,30,9,41,3,2,59,9,73,40,34,74,147
05/20/2016,GYY,IN,AGL,CE,Federal Contract Tower,3,2,22,0,27,0,0,44,1,45,3,2,66,1,72,42,0,42,114
05/21/2016,GYY,IN,AGL,CE,Federal Contract Tower,0,3,12,0,15,0,0,12,1,13,0,3,24,1,28,20,0,20,48
05/22/2016,GYY,IN,AGL,CE,Federal Contract Tower,0,0,22,0,22,0,0,33,0,33,0,0,55,0,55,10,0,10,65
05/23/2016,GYY,IN,AGL,CE,Federal Contract Tower,0,0,35,0,35,0,0,31,0,31,0,0,66,0,66,44,0,44,110
05/24/2016,GYY,IN,AGL,CE,Federal Contract Tower,0,3,35,0,38,0,1,27,5,33,0,4,62,5,71,10,0,10,81
05/25/2016,GYY,IN,AGL,CE,Federal Contract Tower,0,0,31,0,31,0,0,32,4,36,0,0,63,4,67,4,0,4,71
05/26/2016,GYY,IN,AGL,CE,Federal Contract Tower,0,0,37,0,37,0,2,25,8,35,0,2,62,8,72,10,24,34,106
05/27/2016,GYY,IN,AGL,CE,Federal Contract Tower,3,2,18,0,23,0,0,14,0,14,3,2,32,0,37,18,0,18,55
05/28/2016,GYY,IN,AGL,CE,Federal Contract Tower,2,4,14,0,20,0,0,10,0,10,2,4,24,0,30,8,0,8,38
05/29/2016,GYY,IN,AGL,CE,Federal Contract Tower,0,5,5,0,10,0,0,24,0,24,0,5,29,0,34,22,2,24,58
05/30/2016,GYY,IN,AGL,CE,Federal Contract Tower,0,0,22,0,22,0,0,24,0,24,0,0,46,0,46,0,0,0,46
05/31/2016,GYY,IN,AGL,CE,Federal Contract Tower,2,3,31,0,36,0,0,15,0,15,2,3,46,0,51,24,0,24,75
06/01/2016,GYY,IN,AGL,CE,Federal Contract Tower,1,7,41,0,49,0,3,16,2,21,1,10,57,2,70,2,0,2,72
06/02/2016,GYY,IN,AGL,CE,Federal Contract Tower,0,7,25,0,32,0,0,38,8,46,0,7,63,8,78,106,0,106,184
06/03/2016,GYY,IN,AGL,CE,Federal Contract Tower,3,4,33,0,40,0,0,28,0,28,3,4,61,0,68,6,0,6,74
06/04/2016,GYY,IN,AGL,CE,Federal Contract Tower,0,4,12,0,16,0,3,6,0,9,0,7,18,0,25,22,0,22,47
06/05/2016,GYY,IN,AGL,CE,Federal Contract Tower,0,0,23,0,23,0,2,21,0,23,0,2,44,0,46,18,0,18,64
06/06/2016,GYY,IN,AGL,CE,Federal Contract Tower,0,1,19,0,20,0,0,11,0,11,0,1,30,0,31,2,0,2,33
06/07/2016,GYY,IN,AGL,CE,Federal Contract Tower,1,10,23,0,34,0,0,47,4,51,1,10,70,4,85,130,0,130,215
06/08/2016,GYY,IN,AGL,CE,Federal Contract Tower,1,4,23,0,28,0,1,63,4,68,1,5,86,4,96,14,0,14,110
06/09/2016,GYY,IN,AGL,CE,Federal Contract Tower,1,2,30,0,33,0,0,34,11,45,1,2,64,11,78,14,20,34,112
06/10/2016,GYY,IN,AGL,CE,Federal Contract Tower,1,1,35,1,38,0,0,45,4,49,1,1,80,5,87,12,2,14,101
06/11/2016,GYY,IN,AGL,CE,Federal Contract Tower,0,2,17,0,19,0,0,29,6,35,0,2,46,6,54,64,2,66,120
06/12/2016,GYY,IN,AGL,CE,Federal Contract Tower,1,0,22,1,24,0,1,24,4,29,1,1,46,5,53,4,0,4,57
06/13/2016,GYY,IN,AGL,CE,Federal Contract Tower,1,2,19,4,26,0,3,38,0,41,1,5,57,4,67,58,0,58,125
06/14/2016,GYY,IN,AGL,CE,Federal Contract Tower,0,2,23,0,25,0,0,20,3,23,0,2,43,3,48,32,6,38,86
06/15/2016,GYY,IN,AGL,CE,Federal Contract Tower,1,1,30,0,32,0,0,16,6,22,1,1,46,6,54,14,0,14,68
06/16/2016,GYY,IN,AGL,CE,Federal Contract Tower,0,7,26,1,34,0,0,17,4,21,0,7,43,5,55,0,0,0,55
06/17/2016,GYY,IN,AGL,CE,Federal Contract Tower,2,0,32,0,34,0,1,30,2,33,2,1,62,2,67,16,0,16,83
06/18/2016,GYY,IN,AGL,CE,Federal Contract Tower,1,4,10,0,15,0,1,55,0,56,1,5,65,0,71,12,0,12,83
06/19/2016,GYY,IN,AGL,CE,Federal Contract Tower,1,1,22,0,24,0,0,17,2,19,1,1,39,2,43,8,0,8,51
06/20/2016,GYY,IN,AGL,CE,Federal Contract Tower,3,2,20,0,25,0,0,13,0,13,3,2,33,0,38,0,0,0,38
06/21/2016,GYY,IN,AGL,CE,Federal Contract Tower,0,3,39,0,42,0,0,36,6,42,0,3,75,6,84,34,0,34,118
06/22/2016,GYY,IN,AGL,CE,Federal Contract Tower,1,5,18,0,24,0,0,21,0,21,1,5,39,0,45,0,0,0,45
06/23/2016,GYY,IN,AGL,CE,Federal Contract Tower,1,6,37,1,45,0,0,12,0,12,1,6,49,1,57,2,0,2,59
06/24/2016,GYY,IN,AGL,CE,Federal Contract Tower,3,4,27,2,36,0,0,31,3,34,3,4,58,5,70,14,0,14,84
06/25/2016,GYY,IN,AGL,CE,Federal Contract Tower,0,5,13,2,20,0,0,39,0,39,0,5,52,2,59,0,0,0,59
06/26/2016,GYY,IN,AGL,CE,Federal Contract Tower,2,2,19,1,24,0,0,10,0,10,2,2,29,1,34,12,0,12,46
06/27/2016,GYY,IN,AGL,CE,Federal Contract Tower,0,0,34,0,34,0,0,27,0,27,0,0,61,0,61,10,0,10,71
06/28/2016,GYY,IN,AGL,CE,Federal Contract Tower,5,0,31,0,36,0,0,31,0,31,5,0,62,0,67,10,0,10,77
06/29/2016,GYY,IN,AGL,CE,Federal Contract Tower,1,5,29,0,35,0,0,40,5,45,1,5,69,5,80,32,16,48,128
06/30/2016,GYY,IN,AGL,CE,Federal Contract Tower,1,2,34,1,38,0,1,26,6,33,1,3,60,7,71,4,28,32,103
07/01/2016,GYY,IN,AGL,CE,Federal Contract Tower,2,3,32,0,37,0,0,25,0,25,2,3,57,0,62,46,0,46,108
07/02/2016,GYY,IN,AGL,CE,Federal Contract Tower,0,0,14,0,14,0,0,22,0,22,0,0,36,0,36,28,0,28,64
07/03/2016,GYY,IN,AGL,CE,Federal Contract Tower,0,0,9,0,9,0,0,10,0,10,0,0,19,0,19,12,0,12,31
07/04/2016,GYY,IN,AGL,CE,Federal Contract Tower,1,4,6,0,11,0,0,10,0,10,1,4,16,0,21,26,0,26,47
07/05/2016,GYY,IN,AGL,CE,Federal Contract Tower,1,0,21,3,25,0,0,28,0,28,1,0,49,3,53,26,0,26,79
07/06/2016,GYY,IN,AGL,CE,Federal Contract Tower,1,1,21,7,30,0,0,18,6,24,1,1,39,13,54,10,24,34,88
07/07/2016,GYY,IN,AGL,CE,Federal Contract Tower,1,1,17,1,20,0,0,48,33,81,1,1,65,34,101,14,30,44,145
07/08/2016,GYY,IN,AGL,CE,Federal Contract Tower,4,2,16,1,23,0,0,80,22,102,4,2,96,23,125,33,18,51,176
07/09/2016,GYY,IN,AGL,CE,Federal Contract Tower,0,0,20,0,20,0,0,95,32,127,0,0,115,32,147,68,6,74,221
07/10/2016,GYY,IN,AGL,CE,Federal Contract Tower,0,1,25,10,36,0,0,87,14,101,0,1,112,24,137,40,14,54,191
07/11/2016,GYY,IN,AGL,CE,Federal Contract Tower,1,0,24,3,28,0,0,19,0,19,1,0,43,3,47,6,0,6,53
07/12/2016,GYY,IN,AGL,CE,Federal Contract Tower,0,1,19,0,20,0,1,34,8,43,0,2,53,8,63,18,28,46,109
07/13/2016,GYY,IN,AGL,CE,Federal Contract Tower,2,2,28,0,32,0,0,13,9,22,2,2,41,9,54,0,4,4,58
07/14/2016,GYY,IN,AGL,CE,Federal Contract Tower,0,3,22,0,25,0,2,23,4,29,0,5,45,4,54,20,14,34,88
07/15/2016,GYY,IN,AGL,CE,Federal Contract Tower,3,0,25,0,28,0,0,25,5,30,3,0,50,5,58,20,0,20,78
07/16/2016,GYY,IN,AGL,CE,Federal Contract Tower,2,2,17,0,21,0,0,20,0,20,2,2,37,0,41,0,0,0,41
07/17/2016,GYY,IN,AGL,CE,Federal Contract Tower,0,0,23,0,23,0,0,15,0,15,0,0,38,0,38,26,0,26,64
07/18/2016,GYY,IN,AGL,CE,Federal Contract Tower,3,0,25,1,29,0,0,33,1,34,3,0,58,2,63,34,0,34,97
07/19/2016,GYY,IN,AGL,CE,Federal Contract Tower,2,2,29,0,33,0,0,35,0,35,2,2,64,0,68,56,0,56,124
07/20/2016,GYY,IN,AGL,CE,Federal Contract Tower,2,2,31,0,35,0,0,30,0,30,2,2,61,0,65,4,0,4,69
07/21/2016,GYY,IN,AGL,CE,Federal Contract Tower,2,6,32,0,40,0,0,20,14,34,2,6,52,14,74,54,32,86,160
07/22/2016,GYY,IN,AGL,CE,Federal Contract Tower,4,1,29,2,36,0,0,56,7,63,4,1,85,9,99,32,2,34,133
07/23/2016,GYY,IN,AGL,CE,Federal Contract Tower,0,0,23,0,23,0,0,32,2,34,0,0,55,2,57,10,0,10,67
07/24/2016,GYY,IN,AGL,CE,Federal Contract Tower,0,2,27,0,29,0,0,19,0,19,0,2,46,0,48,0,0,0,48
07/25/2016,GYY,IN,AGL,CE,Federal Contract Tower,1,4,17,0,22,0,0,42,0,42,1,4,59,0,64,6,0,6,70
07/26/2016,GYY,IN,AGL,CE,Federal Contract Tower,0,0,35,0,35,0,0,43,5,48,0,0,78,5,83,6,6,12,95
07/27/2016,GYY,IN,AGL,CE,Federal Contract Tower,2,3,38,0,43,0,0,25,3,28,2,3,63,3,71,16,0,16,87
07/28/2016,GYY,IN,AGL,CE,Federal Contract Tower,0,0,37,1,38,0,0,25,0,25,0,0,62,1,63,0,0,0,63
07/29/2016,GYY,IN,AGL,CE,Federal Contract Tower,0,7,37,0,44,0,0,20,0,20,0,7,57,0,64,0,0,0,64
07/30/2016,GYY,IN,AGL,CE,Federal Contract Tower,0,0,0,0,0,0,0,2,0,2,0,0,2,0,2,0,0,0,2
07/31/2016,GYY,IN,AGL,CE,Federal Contract Tower,0,0,9,0,9,0,0,26,0,26,0,0,35,0,35,0,0,0,35
08/01/2016,GYY,IN,AGL,CE,Federal Contract Tower,0,0,32,0,32,0,0,29,0,29,0,0,61,0,61,8,0,8,69
08/02/2016,GYY,IN,AGL,CE,Federal Contract Tower,0,0,19,0,19,0,0,17,0,17,0,0,36,0,36,12,0,12,48
08/03/2016,GYY,IN,AGL,CE,Federal Contract Tower,0,0,30,0,30,0,0,22,0,22,0,0,52,0,52,82,0,82,134
08/04/2016,GYY,IN,AGL,CE,Federal Contract Tower,0,0,20,1,21,0,0,15,2,17,0,0,35,3,38,4,4,8,46
08/05/2016,GYY,IN,AGL,CE,Federal Contract Tower,3,4,19,0,26,0,0,31,0,31,3,4,50,0,57,28,0,28,85
08/06/2016,GYY,IN,AGL,CE,Federal Contract Tower,0,0,13,1,14,0,0,35,1,36,0,0,48,2,50,2,0,2,52
08/07/2016,GYY,IN,AGL,CE,Federal Contract Tower,0,6,24,1,31,0,0,21,0,21,0,6,45,1,52,6,0,6,58
08/08/2016,GYY,IN,AGL,CE,Federal Contract Tower,0,3,19,0,22,0,0,26,0,26,0,3,45,0,48,32,0,32,80
08/09/2016,GYY,IN,AGL,CE,Federal Contract Tower,0,0,26,0,26,0,0,22,1,23,0,0,48,1,49,12,0,12,61
08/10/2016,GYY,IN,AGL,CE,Federal Contract Tower,1,2,29,1,33,0,0,38,4,42,1,2,67,5,75,54,0,54,129
08/11/2016,GYY,IN,AGL,CE,Federal Contract Tower,1,2,26,1,30,0,0,7,0,7,1,2,33,1,37,2,0,2,39
08/12/2016,GYY,IN,AGL,CE,Federal Contract Tower,3,1,25,6,35,0,0,11,1,12,3,1,36,7,47,0,0,0,47
08/13/2016,GYY,IN,AGL,CE,Federal Contract Tower,0,5,18,2,25,0,2,11,0,13,0,7,29,2,38,0,0,0,38
08/14/2016,GYY,IN,AGL,CE,Federal Contract Tower,0,2,22,5,29,0,0,24,0,24,0,2,46,5,53,6,0,6,59
08/15/2016,GYY,IN,AGL,CE,Federal Contract Tower,1,1,24,0,26,0,0,13,0,13,1,1,37,0,39,0,0,0,39
08/16/2016,GYY,IN,AGL,CE,Federal Contract Tower,0,3,21,0,24,0,2,34,3,39,0,5,55,3,63,4,4,8,71
08/17/2016,GYY,IN,AGL,CE,Federal Contract Tower,0,4,21,5,30,0,1,36,1,38,0,5,57,6,68,24,6,30,98
08/18/2016,GYY,IN,AGL,CE,Federal Contract Tower,0,0,15,6,21,0,0,111,19,130,0,0,126,25,151,16,16,32,183
08/19/2016,GYY,IN,AGL,CE,Federal Contract Tower,3,2,31,9,45,0,1,68,57,126,3,3,99,66,171,24,70,94,265
08/20/2016,GYY,IN,AGL,CE,Federal Contract Tower,1,0,11,9,21,0,0,38,47,85,1,0,49,56,106,14,46,60,166
08/21/2016,GYY,IN,AGL,CE,Federal Contract Tower,2,3,28,4,37,0,0,154,49,203,2,3,182,53,240,116,36,152,392
08/22/2016,GYY,IN,AGL,CE,Federal Contract Tower,1,2,39,13,55,0,0,51,0,51,1,2,90,13,106,12,0,12,118
08/23/2016,GYY,IN,AGL,CE,Federal Contract Tower,4,7,33,0,44,0,0,26,0,26,4,7,59,0,70,14,0,14,84
08/24/2016,GYY,IN,AGL,CE,Federal Contract Tower,2,1,26,0,29,0,0,19,0,19,2,1,45,0,48,14,0,14,62
08/25/2016,GYY,IN,AGL,CE,Federal Contract Tower,0,0,22,0,22,0,0,11,4,15,0,0,33,4,37,8,0,8,45
08/26/2016,GYY,IN,AGL,CE,Federal Contract Tower,2,3,17,0,22,0,0,56,0,56,2,3,73,0,78,54,0,54,132
08/27/2016,GYY,IN,AGL,CE,Federal Contract Tower,0,5,15,0,20,0,0,8,3,11,0,5,23,3,31,6,8,14,45
08/28/2016,GYY,IN,AGL,CE,Federal Contract Tower,1,0,18,0,19,0,0,15,0,15,1,0,33,0,34,22,0,22,56
08/29/2016,GYY,IN,AGL,CE,Federal Contract Tower,0,1,16,0,17,0,0,23,3,26,0,1,39,3,43,4,0,4,47
08/30/2016,GYY,IN,AGL,CE,Federal Contract Tower,4,1,33,0,38,0,0,6,2,8,4,1,39,2,46,0,0,0,46
08/31/2016,GYY,IN,AGL,CE,Federal Contract Tower,2,1,24,0,27,0,0,17,4,21,2,1,41,4,48,22,16,38,86
09/01/2016,GYY,IN,AGL,CE,Federal Contract Tower,2,14,12,0,28,0,1,24,4,29,2,15,36,4,57,24,12,36,93
09/02/2016,GYY,IN,AGL,CE,Federal Contract Tower,2,14,25,0,41,0,0,32,0,32,2,14,57,0,73,38,0,38,111
09/03/2016,GYY,IN,AGL,CE,Federal Contract Tower,0,0,13,0,13,0,0,42,0,42,0,0,55,0,55,22,0,22,77
09/04/2016,GYY,IN,AGL,CE,Federal Contract Tower,0,0,8,0,8,0,0,20,0,20,0,0,28,0,28,14,0,14,42
09/05/2016,GYY,IN,AGL,CE,Federal Contract Tower,1,0,22,0,23,0,0,38,0,38,1,0,60,0,61,10,0,10,71
09/07/2016,GYY,IN,AGL,CE,Federal Contract Tower,0,2,17,0,19,0,0,16,6,22,0,2,33,6,41,0,0,0,41
09/08/2016,GYY,IN,AGL,CE,Federal Contract Tower,0,2,29,0,31,0,1,25,11,37,0,3,54,11,68,0,0,0,68
09/09/2016,GYY,IN,AGL,CE,Federal Contract Tower,0,2,29,0,31,0,1,25,11,37,0,3,54,11,68,0,0,0,68
09/10/2016,GYY,IN,AGL,CE,Federal Contract Tower,0,6,14,0,20,0,2,8,0,10,0,8,22,0,30,12,0,12,42
09/11/2016,GYY,IN,AGL,CE,Federal Contract Tower,0,0,21,0,21,0,0,29,0,29,0,0,50,0,50,12,0,12,62
09/12/2016,GYY,IN,AGL,CE,Federal Contract Tower,0,0,26,0,26,0,0,18,0,18,0,0,44,0,44,26,0,26,70
09/13/2016,GYY,IN,AGL,CE,Federal Contract Tower,4,5,37,0,46,0,0,22,3,25,4,5,59,3,71,43,0,43,114
09/14/2016,GYY,IN,AGL,CE,Federal Contract Tower,3,1,31,2,37,0,0,29,2,31,3,1,60,4,68,38,2,40,108
09/15/2016,GYY,IN,AGL,CE,Federal Contract Tower,6,4,37,2,49,0,0,30,0,30,6,4,67,2,79,62,0,62,141
09/16/2016,GYY,IN,AGL,CE,Federal Contract Tower,4,6,38,2,50,0,0,19,0,19,4,6,57,2,69,6,0,6,75
09/17/2016,GYY,IN,AGL,CE,Federal Contract Tower,5,0,25,0,30,0,4,13,0,17,5,4,38,0,47,16,0,16,63
09/18/2016,GYY,IN,AGL,CE,Federal Contract Tower,9,0,20,2,31,0,0,27,0,27,9,0,47,2,58,18,2,20,78
09/19/2016,GYY,IN,AGL,CE,Federal Contract Tower,0,8,27,0,35,0,0,22,0,22,0,8,49,0,57,22,0,22,79
09/20/2016,GYY,IN,AGL,CE,Federal Contract Tower,0,1,25,0,26,0,0,23,1,24,0,1,48,1,50,32,0,32,82
09/21/2016,GYY,IN,AGL,CE,Federal Contract Tower,0,6,39,1,46,0,0,8,0,8,0,6,47,1,54,2,0,2,56
09/22/2016,GYY,IN,AGL,CE,Federal Contract Tower,3,4,25,1,33,0,1,18,1,20,3,5,43,2,53,18,0,18,71
09/23/2016,GYY,IN,AGL,CE,Federal Contract Tower,3,4,36,0,43,0,0,6,1,7,3,4,42,1,50,0,0,0,50
09/24/2016,GYY,IN,AGL,CE,Federal Contract Tower,2,2,21,0,25,0,0,21,0,21,2,2,42,0,46,44,0,44,90
09/25/2016,GYY,IN,AGL,CE,Federal Contract Tower,1,1,29,0,31,0,2,15,2,19,1,3,44,2,50,2,0,2,52
09/26/2016,GYY,IN,AGL,CE,Federal Contract Tower,1,5,21,0,27,0,0,9,2,11,1,5,30,2,38,10,0,10,48
09/27/2016,GYY,IN,AGL,CE,Federal Contract Tower,2,3,19,0,24,0,0,7,0,7,2,3,26,0,31,6,0,6,37
09/28/2016,GYY,IN,AGL,CE,Federal Contract Tower,0,6,28,0,34,0,0,6,0,6,0,6,34,0,40,2,0,2,42
09/29/2016,GYY,IN,AGL,CE,Federal Contract Tower,1,3,26,0,30,0,0,7,0,7,1,3,33,0,37,0,0,0,37
09/30/2016,GYY,IN,AGL,CE,Federal Contract Tower,3,2,18,0,23,0,1,8,0,9,3,3,26,0,32,2,0,2,34
10/01/2016,GYY,IN,AGL,CE,Federal Contract Tower,0,0,14,0,14,0,0,1,0,1,0,0,15,0,15,0,0,0,15
10/02/2016,GYY,IN,AGL,CE,Federal Contract Tower,1,0,24,0,25,0,0,11,0,11,1,0,35,0,36,0,0,0,36
10/03/2016,GYY,IN,AGL,CE,Federal Contract Tower,1,2,20,0,23,0,0,12,0,12,1,2,32,0,35,6,0,6,41
10/04/2016,GYY,IN,AGL,CE,Federal Contract Tower,1,3,25,0,29,0,2,10,4,16,1,5,35,4,45,0,4,4,49
10/05/2016,GYY,IN,AGL,CE,Federal Contract Tower,2,5,17,0,24,0,0,12,0,12,2,5,29,0,36,4,0,4,40
10/06/2016,GYY,IN,AGL,CE,Federal Contract Tower,2,4,24,0,30,0,1,4,3,8,2,5,28,3,38,8,14,22,60
10/07/2016,GYY,IN,AGL,CE,Federal Contract Tower,6,9,51,0,66,0,2,8,0,10,6,11,59,0,76,0,0,0,76
10/08/2016,GYY,IN,AGL,CE,Federal Contract Tower,3,14,29,0,46,0,1,5,2,8,3,15,34,2,54,0,0,0,54
10/09/2016,GYY,IN,AGL,CE,Federal Contract Tower,3,6,37,0,46,0,0,11,0,11,3,6,48,0,57,0,0,0,57
10/10/2016,GYY,IN,AGL,CE,Federal Contract Tower,2,3,34,0,39,0,0,28,0,28,2,3,62,0,67,46,0,46,113
10/11/2016,GYY,IN,AGL,CE,Federal Contract Tower,1,4,23,0,28,0,2,31,0,33,1,6,54,0,61,32,0,32,93
10/12/2016,GYY,IN,AGL,CE,Federal Contract Tower,3,0,28,0,31,0,0,6,0,6,3,0,34,0,37,4,0,4,41
10/13/2016,GYY,IN,AGL,CE,Federal Contract Tower,2,3,34,0,39,0,0,37,7,44,2,3,71,7,83,14,0,14,97
10/14/2016,GYY,IN,AGL,CE,Federal Contract Tower,3,0,31,0,34,0,1,58,0,59,3,1,89,0,93,18,0,18,111
10/15/2016,GYY,IN,AGL,CE,Federal Contract Tower,0,2,20,0,22,0,3,2,0,5,0,5,22,0,27,0,0,0,27
10/16/2016,GYY,IN,AGL,CE,Federal Contract Tower,0,1,20,2,23,0,0,4,0,4,0,1,24,2,27,0,0,0,27
10/17/2016,GYY,IN,AGL,CE,Federal Contract Tower,1,5,29,2,37,0,1,14,2,17,1,6,43,4,54,6,0,6,60
10/18/2016,GYY,IN,AGL,CE,Federal Contract Tower,1,1,26,0,28,0,0,11,0,11,1,1,37,0,39,14,0,14,53
10/19/2016,GYY,IN,AGL,CE,Federal Contract Tower,1,2,21,0,24,0,0,15,5,20,1,2,36,5,44,0,6,6,50
10/20/2016,GYY,IN,AGL,CE,Federal Contract Tower,0,4,32,0,36,0,2,11,4,17,0,6,43,4,53,4,0,4,57
10/21/2016,GYY,IN,AGL,CE,Federal Contract Tower,4,2,26,0,32,0,0,11,0,11,4,2,37,0,43,0,0,0,43
10/22/2016,GYY,IN,AGL,CE,Federal Contract Tower,0,0,16,0,16,0,0,47,0,47,0,0,63,0,63,18,0,18,81
10/23/2016,GYY,IN,AGL,CE,Federal Contract Tower,2,0,20,0,22,0,0,27,1,28,2,0,47,1,50,26,0,26,76
10/24/2016,GYY,IN,AGL,CE,Federal Contract Tower,1,2,23,0,26,0,4,12,0,16,1,6,35,0,42,6,0,6,48
10/25/2016,GYY,IN,AGL,CE,Federal Contract Tower,1,0,41,0,42,0,0,26,5,31,1,0,67,5,73,24,0,24,97
10/26/2016,GYY,IN,AGL,CE,Federal Contract Tower,0,2,37,0,39,0,0,3,0,3,0,2,40,0,42,0,0,0,42
10/27/2016,GYY,IN,AGL,CE,Federal Contract Tower,1,3,34,0,38,0,0,7,10,17,1,3,41,10,55,0,6,6,61
10/28/2016,GYY,IN,AGL,CE,Federal Contract Tower,2,3,40,0,45,0,0,17,2,19,2,3,57,2,64,4,0,4,68
10/29/2016,GYY,IN,AGL,CE,Federal Contract Tower,0,2,17,0,19,0,0,24,0,24,0,2,41,0,43,28,0,28,71
10/30/2016,GYY,IN,AGL,CE,Federal Contract Tower,4,0,22,1,27,0,0,5,0,5,4,0,27,1,32,0,0,0,32
10/31/2016,GYY,IN,AGL,CE,Federal Contract Tower,1,0,14,0,15,0,0,18,0,18,1,0,32,0,33,22,0,22,55
11/01/2016,GYY,IN,AGL,CE,Federal Contract Tower,1,0,34,0,35,0,0,10,2,12,1,0,44,2,47,20,0,20,67
11/02/2016,GYY,IN,AGL,CE,Federal Contract Tower,4,7,43,0,54,0,0,9,3,12,4,7,52,3,66,0,0,0,66
11/03/2016,GYY,IN,AGL,CE,Federal Contract Tower,4,9,41,0,54,0,0,25,7,32,4,9,66,7,86,4,14,18,104
11/04/2016,GYY,IN,AGL,CE,Federal Contract Tower,3,10,28,1,42,0,0,31,8,39,3,10,59,9,81,10,14,24,105
11/05/2016,GYY,IN,AGL,CE,Federal Contract Tower,0,3,23,0,26,0,2,34,0,36,0,5,57,0,62,32,0,32,94
11/06/2016,GYY,IN,AGL,CE,Federal Contract Tower,2,3,26,0,31,0,0,39,3,42,2,3,65,3,73,38,0,38,111
11/07/2016,GYY,IN,AGL,CE,Federal Contract Tower,0,1,29,0,30,0,4,16,2,22,0,5,45,2,52,10,18,28,80
11/08/2016,GYY,IN,AGL,CE,Federal Contract Tower,0,2,25,0,27,0,3,12,1,16,0,5,37,1,43,0,0,0,43
11/09/2016,GYY,IN,AGL,CE,Federal Contract Tower,1,4,36,0,41,0,0,11,3,14,1,4,47,3,55,0,0,0,55
11/10/2016,GYY,IN,AGL,CE,Federal Contract Tower,3,5,26,1,35,0,0,18,12,30,3,5,44,13,65,0,2,2,67
11/11/2016,GYY,IN,AGL,CE,Federal Contract Tower,3,6,23,0,32,0,0,13,0,13,3,6,36,0,45,16,0,16,61
11/12/2016,GYY,IN,AGL,CE,Federal Contract Tower,0,1,10,1,12,0,0,47,0,47,0,1,57,1,59,8,0,8,67
11/13/2016,GYY,IN,AGL,CE,Federal Contract Tower,0,4,22,0,26,0,0,23,0,23,0,4,45,0,49,6,0,6,55
11/14/2016,GYY,IN,AGL,CE,Federal Contract Tower,0,0,26,0,26,0,0,9,0,9,0,0,35,0,35,8,0,8,43
11/15/2016,GYY,IN,AGL,CE,Federal Contract Tower,3,13,34,0,50,0,0,7,1,8,3,13,41,1,58,2,10,12,70
11/16/2016,GYY,IN,AGL,CE,Federal Contract Tower,2,8,25,4,39,0,0,16,6,22,2,8,41,10,61,0,4,4,65
11/17/2016,GYY,IN,AGL,CE,Federal Contract Tower,0,4,16,0,20,0,0,17,10,27,0,4,33,10,47,0,28,28,75
11/18/2016,GYY,IN,AGL,CE,Federal Contract Tower,3,4,26,0,33,0,0,9,0,9,3,4,35,0,42,0,0,0,42
11/19/2016,GYY,IN,AGL,CE,Federal Contract Tower,0,2,14,0,16,0,0,6,0,6,0,2,20,0,22,0,0,0,22
11/20/2016,GYY,IN,AGL,CE,Federal Contract Tower,5,7,0,0,12,0,0,21,0,21,5,7,21,0,33,10,0,10,43
11/21/2016,GYY,IN,AGL,CE,Federal Contract Tower,1,1,14,2,18,0,0,32,0,32,1,1,46,2,50,42,0,42,92
11/22/2016,GYY,IN,AGL,CE,Federal Contract Tower,2,2,27,1,32,11,0,9,7,27,13,2,36,8,59,36,46,82,141
11/23/2016,GYY,IN,AGL,CE,Federal Contract Tower,0,4,21,0,25,0,0,0,0,0,0,4,21,0,25,0,0,0,25
11/24/2016,GYY,IN,AGL,CE,Federal Contract Tower,0,2,8,0,10,0,0,0,0,0,0,2,8,0,10,0,0,0,10
11/25/2016,GYY,IN,AGL,CE,Federal Contract Tower,1,1,6,0,8,0,0,3,0,3,1,1,9,0,11,0,0,0,11
11/26/2016,GYY,IN,AGL,CE,Federal Contract Tower,0,2,16,0,18,0,3,22,0,25,0,5,38,0,43,22,0,22,65
11/27/2016,GYY,IN,AGL,CE,Federal Contract Tower,3,1,28,0,32,0,0,0,0,0,3,1,28,0,32,0,0,0,32
11/28/2016,GYY,IN,AGL,CE,Federal Contract Tower,3,2,20,0,25,0,0,0,0,0,3,2,20,0,25,0,0,0,25
11/29/2016,GYY,IN,AGL,CE,Federal Contract Tower,0,6,33,0,39,0,3,13,6,22,0,9,46,6,61,20,14,34,95
11/30/2016,GYY,IN,AGL,CE,Federal Contract Tower,1,4,20,0,25,0,2,5,13,20,1,6,25,13,45,0,78,78,123
12/01/2016,GYY,IN,AGL,CE,Federal Contract Tower,1,4,20,0,25,0,0,3,4,7,1,4,23,4,32,0,0,0,32
12/02/2016,GYY,IN,AGL,CE,Federal Contract Tower,5,0,38,0,43,0,0,13,0,13,5,0,51,0,56,0,0,0,56
12/04/2016,GYY,IN,AGL,CE,Federal Contract Tower,0,0,9,0,9,0,0,0,0,0,0,0,9,0,9,0,0,0,9
12/05/2016,GYY,IN,AGL,CE,Federal Contract Tower,0,1,18,0,19,0,0,1,0,1,0,1,19,0,20,0,0,0,20
12/06/2016,GYY,IN,AGL,CE,Federal Contract Tower,1,4,27,0,32,0,0,2,1,3,1,4,29,1,35,0,46,46,81
12/07/2016,GYY,IN,AGL,CE,Federal Contract Tower,1,6,21,0,28,0,0,23,7,30,1,6,44,7,58,38,4,42,100
12/08/2016,GYY,IN,AGL,CE,Federal Contract Tower,0,7,31,0,38,0,0,8,0,8,0,7,39,0,46,0,0,0,46
12/09/2016,GYY,IN,AGL,CE,Federal Contract Tower,2,2,22,0,26,0,0,12,0,12,2,2,34,0,38,18,44,62,100
12/10/2016,GYY,IN,AGL,CE,Federal Contract Tower,1,0,19,0,20,0,0,12,0,12,1,0,31,0,32,6,0,6,38
12/11/2016,GYY,IN,AGL,CE,Federal Contract Tower,0,2,10,0,12,0,0,0,0,0,0,2,10,0,12,0,0,0,12
12/12/2016,GYY,IN,AGL,CE,Federal Contract Tower,4,1,32,0,37,0,0,3,0,3,4,1,35,0,40,0,0,0,40
12/13/2016,GYY,IN,AGL,CE,Federal Contract Tower,2,2,35,1,40,0,0,15,1,16,2,2,50,2,56,2,6,8,64
12/14/2016,GYY,IN,AGL,CE,Federal Contract Tower,3,0,21,1,25,0,0,21,6,27,3,0,42,7,52,4,0,4,56
12/15/2016,GYY,IN,AGL,CE,Federal Contract Tower,3,3,23,0,29,0,0,17,2,19,3,3,40,2,48,6,0,6,54
12/16/2016,GYY,IN,AGL,CE,Federal Contract Tower,5,3,27,0,35,0,0,8,0,8,5,3,35,0,43,4,0,4,47
12/17/2016,GYY,IN,AGL,CE,Federal Contract Tower,0,2,2,0,4,0,0,0,0,0,0,2,2,0,4,0,0,0,4
12/18/2016,GYY,IN,AGL,CE,Federal Contract Tower,1,0,7,2,10,0,0,11,0,11,1,0,18,2,21,2,0,2,23
12/19/2016,GYY,IN,AGL,CE,Federal Contract Tower,1,2,23,1,27,0,2,18,0,20,1,4,41,1,47,14,0,14,61
12/20/2016,GYY,IN,AGL,CE,Federal Contract Tower,3,0,11,0,14,0,0,6,6,12,3,0,17,6,26,0,0,0,26
12/21/2016,GYY,IN,AGL,CE,Federal Contract Tower,1,4,28,0,33,0,0,40,6,46,1,4,68,6,79,58,14,72,151
12/22/2016,GYY,IN,AGL,CE,Federal Contract Tower,3,2,24,0,29,0,0,17,5,22,3,2,41,5,51,14,34,48,99
12/23/2016,GYY,IN,AGL,CE,Federal Contract Tower,0,2,8,0,10,0,0,4,2,6,0,2,12,2,16,14,0,14,30
12/24/2016,GYY,IN,AGL,CE,Federal Contract Tower,0,0,4,0,4,0,0,0,0,0,0,0,4,0,4,0,0,0,4
12/25/2016,GYY,IN,AGL,CE,Federal Contract Tower,0,2,4,0,6,0,0,0,0,0,0,2,4,0,6,0,0,0,6
12/26/2016,GYY,IN,AGL,CE,Federal Contract Tower,0,0,20,0,20,0,0,9,0,9,0,0,29,0,29,0,0,0,29
12/27/2016,GYY,IN,AGL,CE,Federal Contract Tower,0,0,18,1,19,0,0,13,0,13,0,0,31,1,32,6,0,6,38
12/28/2016,GYY,IN,AGL,CE,Federal Contract Tower,0,0,8,0,8,0,0,8,2,10,0,0,16,2,18,18,0,18,36
12/29/2016,GYY,IN,AGL,CE,Federal Contract Tower,0,0,4,0,4,0,0,4,1,5,0,0,8,1,9,0,0,0,9
12/30/2016,GYY,IN,AGL,CE,Federal Contract Tower,0,0,11,1,12,0,0,13,1,14,0,0,24,2,26,2,0,2,28
12/31/2016,GYY,IN,AGL,CE,Federal Contract Tower,0,0,3,0,3,0,0,17,0,17,0,0,20,0,20,24,0,24,44
01/01/2017,GYY,IN,AGL,CE,Federal Contract Tower,0,0,11,0,11,0,0,9,0,9,0,0,20,0,20,0,0,0,20
01/02/2017,GYY,IN,AGL,CE,Federal Contract Tower,2,3,19,0,24,0,0,0,0,0,2,3,19,0,24,0,0,0,24
01/03/2017,GYY,IN,AGL,CE,Federal Contract Tower,0,3,13,0,16,0,0,0,0,0,0,3,13,0,16,0,0,0,16
01/04/2017,GYY,IN,AGL,CE,Federal Contract Tower,0,0,20,3,23,0,0,9,4,13,0,0,29,7,36,4,6,10,46
01/05/2017,GYY,IN,AGL,CE,Federal Contract Tower,0,2,17,1,20,0,1,12,13,26,0,3,29,14,46,12,38,50,96
01/06/2017,GYY,IN,AGL,CE,Federal Contract Tower,2,0,16,0,18,0,0,7,2,9,2,0,23,2,27,8,0,8,35
01/07/2017,GYY,IN,AGL,CE,Federal Contract Tower,1,0,15,0,16,0,0,16,5,21,1,0,31,5,37,22,0,22,59
01/08/2017,GYY,IN,AGL,CE,Federal Contract Tower,0,1,15,0,16,0,11,4,0,15,0,12,19,0,31,8,0,8,39
01/09/2017,GYY,IN,AGL,CE,Federal Contract Tower,1,0,16,0,17,0,0,11,0,11,1,0,27,0,28,0,0,0,28
01/10/2017,GYY,IN,AGL,CE,Federal Contract Tower,1,0,22,0,23,0,0,0,0,0,1,0,22,0,23,0,0,0,23
01/11/2017,GYY,IN,AGL,CE,Federal Contract Tower,1,2,15,0,18,0,0,0,0,0,1,2,15,0,18,0,0,0,18
01/12/2017,GYY,IN,AGL,CE,Federal Contract Tower,0,5,15,0,20,0,0,0,4,4,0,5,15,4,24,0,30,30,54
01/13/2017,GYY,IN,AGL,CE,Federal Contract Tower,2,4,17,0,23,0,0,11,0,11,2,4,28,0,34,0,0,0,34
01/14/2017,GYY,IN,AGL,CE,Federal Contract Tower,0,0,6,0,6,0,0,29,0,29,0,0,35,0,35,0,0,0,35
01/15/2017,GYY,IN,AGL,CE,Federal Contract Tower,0,0,13,0,13,0,2,25,0,27,0,2,38,0,40,58,0,58,98
01/16/2017,GYY,IN,AGL,CE,Federal Contract Tower,0,0,10,0,10,0,0,0,0,0,0,0,10,0,10,0,0,0,10
01/17/2017,GYY,IN,AGL,CE,Federal Contract Tower,0,0,16,0,16,0,0,0,0,0,0,0,16,0,16,0,0,0,16
01/18/2017,GYY,IN,AGL,CE,Federal Contract Tower,1,4,20,4,29,0,0,0,0,0,1,4,20,4,29,0,48,48,77
01/19/2017,GYY,IN,AGL,CE,Federal Contract Tower,5,4,32,0,41,0,0,7,0,7,5,4,39,0,48,38,0,38,86
01/20/2017,GYY,IN,AGL,CE,Federal Contract Tower,3,2,12,0,17,0,0,0,0,0,3,2,12,0,17,0,0,0,17
01/21/2017,GYY,IN,AGL,CE,Federal Contract Tower,0,3,11,0,14,0,0,25,0,25,0,3,36,0,39,16,0,16,55
01/22/2017,GYY,IN,AGL,CE,Federal Contract Tower,1,0,9,0,10,0,0,0,0,0,1,0,9,0,10,0,0,0,10
01/23/2017,GYY,IN,AGL,CE,Federal Contract Tower,0,1,27,0,28,0,0,7,0,7,0,1,34,0,35,0,0,0,35
01/24/2017,GYY,IN,AGL,CE,Federal Contract Tower,0,1,28,1,30,0,0,10,1,11,0,1,38,2,41,0,12,12,53
01/25/2017,GYY,IN,AGL,CE,Federal Contract Tower,0,0,17,0,17,0,0,11,1,12,0,0,28,1,29,4,0,4,33
01/26/2017,GYY,IN,AGL,CE,Federal Contract Tower,3,1,15,0,19,0,0,3,2,5,3,1,18,2,24,20,50,70,94
01/27/2017,GYY,IN,AGL,CE,Federal Contract Tower,3,1,22,0,26,0,0,9,2,11,3,1,31,2,37,4,0,4,41
01/28/2017,GYY,IN,AGL,CE,Federal Contract Tower,0,1,15,0,16,0,0,5,0,5,0,1,20,0,21,12,0,12,33
01/29/2017,GYY,IN,AGL,CE,Federal Contract Tower,1,1,13,0,15,0,0,6,0,6,1,1,19,0,21,8,0,8,29
01/30/2017,GYY,IN,AGL,CE,Federal Contract Tower,2,4,14,0,20,0,0,11,0,11,2,4,25,0,31,0,0,0,31
01/31/2017,GYY,IN,AGL,CE,Federal Contract Tower,0,6,12,2,20,0,0,1,3,4,0,6,13,5,24,0,0,0,24
02/01/2017,GYY,IN,AGL,CE,Federal Contract Tower,0,2,17,0,19,0,0,15,7,22,0,2,32,7,41,54,6,60,101
02/02/2017,GYY,IN,AGL,CE,Federal Contract Tower,0,3,15,0,18,0,0,13,9,22,0,3,28,9,40,10,18,28,68
02/03/2017,GYY,IN,AGL,CE,Federal Contract Tower,5,0,20,0,25,0,0,16,4,20,5,0,36,4,45,26,0,26,71
02/04/2017,GYY,IN,AGL,CE,Federal Contract Tower,1,0,7,0,8,0,0,11,0,11,1,0,18,0,19,8,0,8,27
02/05/2017,GYY,IN,AGL,CE,Federal Contract Tower,0,2,14,0,16,0,0,27,0,27,0,2,41,0,43,14,0,14,57
02/06/2017,GYY,IN,AGL,CE,Federal Contract Tower,1,1,22,0,24,0,0,11,0,11,1,1,33,0,35,16,0,16,51
02/07/2017,GYY,IN,AGL,CE,Federal Contract Tower,0,1,17,0,18,0,0,0,0,0,0,1,17,0,18,0,0,0,18
02/08/2017,GYY,IN,AGL,CE,Federal Contract Tower,0,2,18,0,20,0,0,2,8,10,0,2,20,8,30,0,22,22,52
02/09/2017,GYY,IN,AGL,CE,Federal Contract Tower,3,4,10,1,18,0,0,26,4,30,3,4,36,5,48,12,4,16,64
02/10/2017,GYY,IN,AGL,CE,Federal Contract Tower,1,0,22,0,23,0,0,9,0,9,1,0,31,0,32,2,0,2,34
02/11/2017,GYY,IN,AGL,CE,Federal Contract Tower,2,0,14,0,16,0,0,37,3,40,2,0,51,3,56,16,0,16,72
02/12/2017,GYY,IN,AGL,CE,Federal Contract Tower,0,1,16,0,17,0,0,9,0,9,0,1,25,0,26,0,0,0,26
02/13/2017,GYY,IN,AGL,CE,Federal Contract Tower,1,0,27,0,28,0,0,15,0,15,1,0,42,0,43,44,0,44,87
02/14/2017,GYY,IN,AGL,CE,Federal Contract Tower,1,0,10,0,11,0,0,11,0,11,1,0,21,0,22,18,0,18,40
02/15/2017,GYY,IN,AGL,CE,Federal Contract Tower,1,4,27,1,33,0,2,23,4,29,1,6,50,5,62,84,6,90,152
02/16/2017,GYY,IN,AGL,CE,Federal Contract Tower,4,2,28,0,34,0,0,13,1,14,4,2,41,1,48,26,2,28,76
02/17/2017,GYY,IN,AGL,CE,Federal Contract Tower,4,1,30,0,35,1,2,28,2,33,5,3,58,2,68,64,0,64,132
02/18/2017,GYY,IN,AGL,CE,Federal Contract Tower,0,2,15,0,17,0,0,19,0,19,0,2,34,0,36,52,0,52,88
02/19/2017,GYY,IN,AGL,CE,Federal Contract Tower,0,0,15,0,15,0,1,32,0,33,0,1,47,0,48,10,0,10,58
02/20/2017,GYY,IN,AGL,CE,Federal Contract Tower,1,1,29,0,31,0,0,0,0,0,1,1,29,0,31,0,0,0,31
02/21/2017,GYY,IN,AGL,CE,Federal Contract Tower,1,1,25,0,27,0,2,14,0,16,1,3,39,0,43,42,0,42,85
02/22/2017,GYY,IN,AGL,CE,Federal Contract Tower,1,3,26,0,30,0,0,11,4,15,1,3,37,4,45,12,18,30,75
02/23/2017,GYY,IN,AGL,CE,Federal Contract Tower,1,1,29,0,31,0,2,9,1,12,1,3,38,1,43,6,20,26,69
02/24/2017,GYY,IN,AGL,CE,Federal Contract Tower,2,0,21,0,23,0,0,0,0,0,2,0,21,0,23,0,0,0,23
02/25/2017,GYY,IN,AGL,CE,Federal Contract Tower,0,0,16,0,16,0,0,6,0,6,0,0,22,0,22,0,0,0,22
02/26/2017,GYY,IN,AGL,CE,Federal Contract Tower,0,2,15,0,17,0,0,20,0,20,0,2,35,0,37,10,0,10,47
02/27/2017,GYY,IN,AGL,CE,Federal Contract Tower,0,2,24,0,26,0,0,18,2,20,0,2,42,2,46,24,0,24,70
02/28/2017,GYY,IN,AGL,CE,Federal Contract Tower,2,1,17,0,20,0,0,0,4,4,2,1,17,4,24,0,26,26,50
03/01/2017,GYY,IN,AGL,CE,Federal Contract Tower,0,1,15,0,16,0,0,0,4,4,0,1,15,4,20,0,38,38,58
03/02/2017,GYY,IN,AGL,CE,Federal Contract Tower,0,1,24,0,25,0,0,9,10,19,0,1,33,10,44,3,0,3,47
03/03/2017,GYY,IN,AGL,CE,Federal Contract Tower,5,0,30,0,35,0,0,26,4,30,5,0,56,4,65,38,0,38,103
03/04/2017,GYY,IN,AGL,CE,Federal Contract Tower,3,0,13,0,16,0,0,17,5,22,3,0,30,5,38,20,0,20,58
03/05/2017,GYY,IN,AGL,CE,Federal Contract Tower,0,0,14,0,14,0,0,16,3,19,0,0,30,3,33,0,0,0,33
03/06/2017,GYY,IN,AGL,CE,Federal Contract Tower,1,1,16,0,18,0,1,0,0,1,1,2,16,0,19,0,0,0,19
03/07/2017,GYY,IN,AGL,CE,Federal Contract Tower,1,2,11,0,14,0,0,3,2,5,1,2,14,2,19,0,16,16,35
03/08/2017,GYY,IN,AGL,CE,Federal Contract Tower,1,4,18,0,23,0,0,2,0,2,1,4,20,0,25,0,0,0,25
03/09/2017,GYY,IN,AGL,CE,Federal Contract Tower,1,7,20,1,29,0,0,50,8,58,1,7,70,9,87,78,36,114,201
03/10/2017,GYY,IN,AGL,CE,Federal Contract Tower,2,3,29,1,35,0,0,27,1,28,2,3,56,2,63,4,0,4,67
03/11/2017,GYY,IN,AGL,CE,Federal Contract Tower,0,0,11,0,11,0,0,20,0,20,0,0,31,0,31,12,0,12,43
03/12/2017,GYY,IN,AGL,CE,Federal Contract Tower,1,2,26,0,29,0,0,17,0,17,1,2,43,0,46,2,0,2,48
03/13/2017,GYY,IN,AGL,CE,Federal Contract Tower,0,2,20,0,22,0,0,0,0,0,0,2,20,0,22,0,0,0,22
03/14/2017,GYY,IN,AGL,CE,Federal Contract Tower,1,0,12,0,13,0,0,4,0,4,1,0,16,0,17,2,0,2,19
03/15/2017,GYY,IN,AGL,CE,Federal Contract Tower,0,3,28,0,31,0,0,14,6,20,0,3,42,6,51,2,6,8,59
03/16/2017,GYY,IN,AGL,CE,Federal Contract Tower,1,0,12,2,15,0,0,22,4,26,1,0,34,6,41,38,0,38,79
03/17/2017,GYY,IN,AGL,CE,Federal Contract Tower,2,1,27,0,30,0,0,1,0,1,2,1,28,0,31,0,0,0,31
03/18/2017,GYY,IN,AGL,CE,Federal Contract Tower,3,0,21,0,24,0,0,9,0,9,3,0,30,0,33,18,0,18,51
03/19/2017,GYY,IN,AGL,CE,Federal Contract Tower,3,0,21,0,24,0,0,33,0,33,3,0,54,0,57,0,0,0,57
03/20/2017,GYY,IN,AGL,CE,Federal Contract Tower,1,1,18,0,20,0,0,5,0,5,1,1,23,0,25,0,0,0,25
03/21/2017,GYY,IN,AGL,CE,Federal Contract Tower,2,3,23,0,28,0,2,18,0,20,2,5,41,0,48,42,0,42,90
03/22/2017,GYY,IN,AGL,CE,Federal Contract Tower,2,3,27,0,32,0,0,30,13,43,2,3,57,13,75,20,52,72,147
03/23/2017,GYY,IN,AGL,CE,Federal Contract Tower,0,1,14,1,16,0,0,13,5,18,0,1,27,6,34,22,6,28,62
03/24/2017,GYY,IN,AGL,CE,Federal Contract Tower,3,1,26,3,33,0,0,18,3,21,3,1,44,6,54,18,0,18,72
03/25/2017,GYY,IN,AGL,CE,Federal Contract Tower,1,1,13,0,15,0,0,0,0,0,1,1,13,0,15,0,0,0,15
03/26/2017,GYY,IN,AGL,CE,Federal Contract Tower,0,0,11,1,12,0,0,2,0,2,0,0,13,1,14,0,0,0,14
03/27/2017,GYY,IN,AGL,CE,Federal Contract Tower,0,0,24,0,24,0,0,0,0,0,0,0,24,0,24,0,0,0,24
03/28/2017,GYY,IN,AGL,CE,Federal Contract Tower,0,3,23,0,26,0,0,0,0,0,0,3,23,0,26,0,0,0,26
03/29/2017,GYY,IN,AGL,CE,Federal Contract Tower,1,0,21,2,24,0,4,23,6,33,1,4,44,8,57,38,26,64,121
03/30/2017,GYY,IN,AGL,CE,Federal Contract Tower,4,2,16,0,22,0,0,0,0,0,4,2,16,0,22,0,0,0,22
03/31/2017,GYY,IN,AGL,CE,Federal Contract Tower,2,0,27,0,29,0,0,2,0,2,2,0,29,0,31,0,0,0,31
04/01/2017,GYY,IN,AGL,CE,Federal Contract Tower,1,0,16,0,17,0,0,33,0,33,1,0,49,0,50,14,0,14,64
04/02/2017,GYY,IN,AGL,CE,Federal Contract Tower,2,2,23,0,27,0,0,26,0,26,2,2,49,0,53,20,0,20,73
04/03/2017,GYY,IN,AGL,CE,Federal Contract Tower,0,4,19,1,24,0,0,4,0,4,0,4,23,1,28,10,0,10,38
04/04/2017,GYY,IN,AGL,CE,Federal Contract Tower,0,4,39,1,44,0,0,10,0,10,0,4,49,1,54,0,0,0,54
04/05/2017,GYY,IN,AGL,CE,Federal Contract Tower,0,0,24,0,24,0,0,1,0,1,0,0,25,0,25,4,0,4,29
04/06/2017,GYY,IN,AGL,CE,Federal Contract Tower,2,6,17,0,25,0,0,3,2,5,2,6,20,2,30,2,0,2,32
04/07/2017,GYY,IN,AGL,CE,Federal Contract Tower,2,0,26,0,28,0,1,33,0,34,2,1,59,0,62,30,0,30,92
04/08/2017,GYY,IN,AGL,CE,Federal Contract Tower,3,0,20,1,24,2,2,30,0,34,5,2,50,1,58,6,0,6,64
04/09/2017,GYY,IN,AGL,CE,Federal Contract Tower,0,0,25,1,26,0,1,18,0,19,0,1,43,1,45,4,0,4,49
04/10/2017,GYY,IN,AGL,CE,Federal Contract Tower,2,2,24,0,28,0,0,8,1,9,2,2,32,1,37,12,0,12,49
04/11/2017,GYY,IN,AGL,CE,Federal Contract Tower,2,2,22,0,26,0,0,20,3,23,2,2,42,3,49,16,0,16,65
04/12/2017,GYY,IN,AGL,CE,Federal Contract Tower,1,2,30,0,33,0,0,24,0,24,1,2,54,0,57,14,0,14,71
04/13/2017,GYY,IN,AGL,CE,Federal Contract Tower,2,0,24,0,26,0,0,11,10,21,2,0,35,10,47,16,12,28,75
04/14/2017,GYY,IN,AGL,CE,Federal Contract Tower,2,0,23,0,25,0,0,24,0,24,2,0,47,0,49,0,0,0,49
04/15/2017,GYY,IN,AGL,CE,Federal Contract Tower,0,0,12,0,12,0,0,10,0,10,0,0,22,0,22,0,0,0,22
04/16/2017,GYY,IN,AGL,CE,Federal Contract Tower,0,0,15,0,15,0,0,14,0,14,0,0,29,0,29,0,0,0,29
04/17/2017,GYY,IN,AGL,CE,Federal Contract Tower,2,2,24,1,29,0,0,24,1,25,2,2,48,2,54,4,0,4,58
04/18/2017,GYY,IN,AGL,CE,Federal Contract Tower,1,0,22,0,23,0,3,17,7,27,1,3,39,7,50,12,32,44,94
04/19/2017,GYY,IN,AGL,CE,Federal Contract Tower,0,2,20,0,22,0,2,2,8,12,0,4,22,8,34,0,0,0,34
04/20/2017,GYY,IN,AGL,CE,Federal Contract Tower,1,2,23,0,26,0,0,13,7,20,1,2,36,7,46,0,0,0,46
04/21/2017,GYY,IN,AGL,CE,Federal Contract Tower,3,1,37,0,41,0,0,22,2,24,3,1,59,2,65,28,0,28,93
04/22/2017,GYY,IN,AGL,CE,Federal Contract Tower,3,2,24,0,29,0,0,21,0,21,3,2,45,0,50,14,0,14,64
04/23/2017,GYY,IN,AGL,CE,Federal Contract Tower,3,2,25,0,30,0,0,41,0,41,3,2,66,0,71,12,0,12,83
04/24/2017,GYY,IN,AGL,CE,Federal Contract Tower,2,2,20,4,28,0,0,18,0,18,2,2,38,4,46,0,0,0,46
04/25/2017,GYY,IN,AGL,CE,Federal Contract Tower,2,2,29,0,33,0,0,13,6,19,2,2,42,6,52,18,0,18,70
04/26/2017,GYY,IN,AGL,CE,Federal Contract Tower,0,0,30,0,30,0,0,17,4,21,0,0,47,4,51,12,0,12,63
04/27/2017,GYY,IN,AGL,CE,Federal Contract Tower,0,0,30,0,30,0,0,5,8,13,0,0,35,8,43,12,0,12,55
04/28/2017,GYY,IN,AGL,CE,Federal Contract Tower,2,0,25,1,28,0,2,17,4,23,2,2,42,5,51,10,0,10,61
04/29/2017,GYY,IN,AGL,CE,Federal Contract Tower,1,0,24,1,26,0,0,2,0,2,1,0,26,1,28,0,0,0,28
04/30/2017,GYY,IN,AGL,CE,Federal Contract Tower,2,0,14,1,17,0,0,0,0,0,2,0,14,1,17,0,0,0,17
05/01/2017,GYY,IN,AGL,CE,Federal Contract Tower,3,0,22,0,25,0,1,8,0,9,3,1,30,0,34,0,0,0,34
05/02/2017,GYY,IN,AGL,CE,Federal Contract Tower,1,1,22,0,24,0,0,5,1,6,1,1,27,1,30,10,0,10,40
05/03/2017,GYY,IN,AGL,CE,Federal Contract Tower,1,2,33,0,36,0,4,30,0,34,1,6,63,0,70,20,0,20,90
05/04/2017,GYY,IN,AGL,CE,Federal Contract Tower,0,1,26,2,29,0,0,4,5,9,0,1,30,7,38,0,8,8,46
05/05/2017,GYY,IN,AGL,CE,Federal Contract Tower,2,1,26,0,29,0,0,3,0,3,2,1,29,0,32,0,0,0,32
05/06/2017,GYY,IN,AGL,CE,Federal Contract Tower,0,0,26,0,26,0,2,11,0,13,0,2,37,0,39,0,0,0,39
05/07/2017,GYY,IN,AGL,CE,Federal Contract Tower,1,0,32,1,34,0,2,24,0,26,1,2,56,1,60,2,0,2,62
05/08/2017,GYY,IN,AGL,CE,Federal Contract Tower,0,0,17,0,17,0,0,28,0,28,0,0,45,0,45,18,0,18,63
05/09/2017,GYY,IN,AGL,CE,Federal Contract Tower,0,2,20,0,22,0,0,11,0,11,0,2,31,0,33,4,0,4,37
05/10/2017,GYY,IN,AGL,CE,Federal Contract Tower,0,2,30,0,32,0,0,11,1,12,0,2,41,1,44,10,0,10,54
05/11/2017,GYY,IN,AGL,CE,Federal Contract Tower,0,9,25,0,34,0,0,14,8,22,0,9,39,8,56,4,6,10,66
05/12/2017,GYY,IN,AGL,CE,Federal Contract Tower,3,0,28,0,31,0,0,35,6,41,3,0,63,6,72,34,0,34,106
05/13/2017,GYY,IN,AGL,CE,Federal Contract Tower,0,3,16,0,19,0,0,40,0,40,0,3,56,0,59,17,0,17,76
05/14/2017,GYY,IN,AGL,CE,Federal Contract Tower,2,0,27,0,29,0,0,29,0,29,2,0,56,0,58,14,0,14,72
05/15/2017,GYY,IN,AGL,CE,Federal Contract Tower,0,4,27,0,31,0,0,30,0,30,0,4,57,0,61,28,0,28,89
05/16/2017,GYY,IN,AGL,CE,Federal Contract Tower,1,2,28,1,32,0,0,28,8,36,1,2,56,9,68,2,0,2,70
05/17/2017,GYY,IN,AGL,CE,Federal Contract Tower,0,3,25,0,28,0,1,21,4,26,0,4,46,4,54,2,0,2,56
05/18/2017,GYY,IN,AGL,CE,Federal Contract Tower,0,0,29,1,30,0,2,5,4,11,0,2,34,5,41,0,0,0,41
05/19/2017,GYY,IN,AGL,CE,Federal Contract Tower,3,2,48,0,53,0,0,6,0,6,3,2,54,0,59,16,0,16,75
05/20/2017,GYY,IN,AGL,CE,Federal Contract Tower,1,0,18,0,19,0,0,0,0,0,1,0,18,0,19,0,0,0,19
05/21/2017,GYY,IN,AGL,CE,Federal Contract Tower,1,5,35,0,41,0,0,12,0,12,1,5,47,0,53,32,0,32,85
05/22/2017,GYY,IN,AGL,CE,Federal Contract Tower,1,5,27,0,33,0,0,19,0,19,1,5,46,0,52,14,0,14,66
05/23/2017,GYY,IN,AGL,CE,Federal Contract Tower,0,0,22,0,22,0,0,3,0,3,0,0,25,0,25,0,0,0,25
05/24/2017,GYY,IN,AGL,CE,Federal Contract Tower,0,0,25,0,25,0,0,5,2,7,0,0,30,2,32,0,0,0,32
05/25/2017,GYY,IN,AGL,CE,Federal Contract Tower,2,1,35,0,38,0,0,8,2,10,2,1,43,2,48,10,0,10,58
05/26/2017,GYY,IN,AGL,CE,Federal Contract Tower,4,0,18,6,28,0,0,23,0,23,4,0,41,6,51,24,0,24,75
05/27/2017,GYY,IN,AGL,CE,Federal Contract Tower,0,0,15,0,15,0,0,15,0,15,0,0,30,0,30,4,0,4,34
05/28/2017,GYY,IN,AGL,CE,Federal Contract Tower,1,0,6,6,13,0,0,7,0,7,1,0,13,6,20,2,0,2,22
05/29/2017,GYY,IN,AGL,CE,Federal Contract Tower,0,0,24,0,24,0,0,18,0,18,0,0,42,0,42,0,0,0,42
05/30/2017,GYY,IN,AGL,CE,Federal Contract Tower,1,0,27,0,28,0,0,20,0,20,1,0,47,0,48,0,0,0,48
05/31/2017,GYY,IN,AGL,CE,Federal Contract Tower,1,4,28,0,33,0,0,21,8,29,1,4,49,8,62,24,0,24,86
06/01/2017,GYY,IN,AGL,CE,Federal Contract Tower,0,0,10,0,10,0,2,35,0,37,0,2,45,0,47,12,0,12,59
06/02/2017,GYY,IN,AGL,CE,Federal Contract Tower,2,2,19,0,23,0,2,22,4,28,2,4,41,4,51,28,0,28,79
06/03/2017,GYY,IN,AGL,CE,Federal Contract Tower,2,2,20,0,24,0,0,17,7,24,2,2,37,7,48,18,0,18,66
06/04/2017,GYY,IN,AGL,CE,Federal Contract Tower,0,0,21,0,21,0,0,15,1,16,0,0,36,1,37,14,0,14,51
06/05/2017,GYY,IN,AGL,CE,Federal Contract Tower,2,4,29,0,35,2,2,17,0,21,4,6,46,0,56,30,0,30,86
06/06/2017,GYY,IN,AGL,CE,Federal Contract Tower,0,3,21,0,24,0,3,17,0,20,0,6,38,0,44,0,0,0,44
06/07/2017,GYY,IN,AGL,CE,Federal Contract Tower,2,2,42,0,46,0,0,18,5,23,2,2,60,5,69,0,0,0,69
06/08/2017,GYY,IN,AGL,CE,Federal Contract Tower,0,1,40,0,41,0,0,22,3,25,0,1,62,3,66,44,10,54,120
06/09/2017,GYY,IN,AGL,CE,Federal Contract Tower,4,1,25,2,32,0,0,16,0,16,4,1,41,2,48,0,0,0,48
06/10/2017,GYY,IN,AGL,CE,Federal Contract Tower,0,0,15,0,15,0,0,21,0,21,0,0,36,0,36,42,0,42,78
06/11/2017,GYY,IN,AGL,CE,Federal Contract Tower,0,0,14,2,16,0,0,20,0,20,0,0,34,2,36,0,0,0,36
06/12/2017,GYY,IN,AGL,CE,Federal Contract Tower,2,1,32,0,35,0,0,8,0,8,2,1,40,0,43,0,0,0,43
06/13/2017,GYY,IN,AGL,CE,Federal Contract Tower,1,2,23,0,26,0,0,19,0,19,1,2,42,0,45,36,0,36,81
06/14/2017,GYY,IN,AGL,CE,Federal Contract Tower,2,0,29,0,31,0,0,19,4,23,2,0,48,4,54,2,0,2,56
06/15/2017,GYY,IN,AGL,CE,Federal Contract Tower,0,2,27,0,29,0,3,18,0,21,0,5,45,0,50,16,0,16,66
06/16/2017,GYY,IN,AGL,CE,Federal Contract Tower,2,2,29,2,35,0,0,26,8,34,2,2,55,10,69,38,0,38,107
06/17/2017,GYY,IN,AGL,CE,Federal Contract Tower,0,0,13,0,13,0,5,17,0,22,0,5,30,0,35,0,0,0,35
06/18/2017,GYY,IN,AGL,CE,Federal Contract Tower,0,1,20,0,21,0,0,17,0,17,0,1,37,0,38,0,0,0,38
06/19/2017,GYY,IN,AGL,CE,Federal Contract Tower,0,0,20,0,20,0,0,10,0,10,0,0,30,0,30,0,0,0,30
06/20/2017,GYY,IN,AGL,CE,Federal Contract Tower,1,8,25,0,34,0,0,16,4,20,1,8,41,4,54,12,0,12,66
06/21/2017,GYY,IN,AGL,CE,Federal Contract Tower,2,2,24,0,28,0,1,28,3,32,2,3,52,3,60,0,12,12,72
06/22/2017,GYY,IN,AGL,CE,Federal Contract Tower,0,5,32,0,37,0,0,24,7,31,0,5,56,7,68,64,26,90,158
06/23/2017,GYY,IN,AGL,CE,Federal Contract Tower,2,3,26,0,31,0,0,11,0,11,2,3,37,0,42,14,0,14,56
06/24/2017,GYY,IN,AGL,CE,Federal Contract Tower,2,1,21,0,24,0,0,18,0,18,2,1,39,0,42,6,0,6,48
06/25/2017,GYY,IN,AGL,CE,Federal Contract Tower,1,2,19,0,22,0,0,22,0,22,1,2,41,0,44,8,0,8,52
06/26/2017,GYY,IN,AGL,CE,Federal Contract Tower,0,0,21,0,21,0,0,9,0,9,0,0,30,0,30,4,0,4,34
06/27/2017,GYY,IN,AGL,CE,Federal Contract Tower,2,1,25,0,28,0,0,24,4,28,2,1,49,4,56,26,0,26,82
06/28/2017,GYY,IN,AGL,CE,Federal Contract Tower,0,1,39,0,40,0,0,13,2,15,0,1,52,2,55,14,0,14,69
06/29/2017,GYY,IN,AGL,CE,Federal Contract Tower,1,2,23,0,26,0,0,19,0,19,1,2,42,0,45,10,46,56,101
06/30/2017,GYY,IN,AGL,CE,Federal Contract Tower,6,2,26,4,38,6,2,20,2,30,12,4,46,6,68,6,4,10,78
07/01/2017,GYY,IN,AGL,CE,Federal Contract Tower,0,3,15,0,18,0,2,19,14,35,0,5,34,14,53,16,0,16,69
07/02/2017,GYY,IN,AGL,CE,Federal Contract Tower,0,0,10,0,10,0,0,12,2,14,0,0,22,2,24,0,0,0,24
07/03/2017,GYY,IN,AGL,CE,Federal Contract Tower,0,1,14,1,16,0,0,18,0,18,0,1,32,1,34,0,0,0,34
07/04/2017,GYY,IN,AGL,CE,Federal Contract Tower,0,0,8,0,8,0,0,14,0,14,0,0,22,0,22,4,0,4,26
07/05/2017,GYY,IN,AGL,CE,Federal Contract Tower,0,2,30,3,35,0,0,15,3,18,0,2,45,6,53,28,2,30,83
07/06/2017,GYY,IN,AGL,CE,Federal Contract Tower,0,2,13,0,15,0,0,24,1,25,0,2,37,1,40,4,0,4,44
07/07/2017,GYY,IN,AGL,CE,Federal Contract Tower,1,1,19,0,21,0,0,16,0,16,1,1,35,0,37,6,0,6,43
07/08/2017,GYY,IN,AGL,CE,Federal Contract Tower,0,0,24,0,24,0,0,28,2,30,0,0,52,2,54,32,0,32,86
07/09/2017,GYY,IN,AGL,CE,Federal Contract Tower,0,0,28,0,28,0,0,24,2,26,0,0,52,2,54,18,0,18,72
07/10/2017,GYY,IN,AGL,CE,Federal Contract Tower,3,8,20,0,31,0,0,6,0,6,3,8,26,0,37,12,0,12,49
07/11/2017,GYY,IN,AGL,CE,Federal Contract Tower,2,2,25,0,29,0,2,5,2,9,2,4,30,2,38,36,0,36,74
07/12/2017,GYY,IN,AGL,CE,Federal Contract Tower,0,3,24,2,29,0,0,8,8,16,0,3,32,10,45,2,16,18,63
07/13/2017,GYY,IN,AGL,CE,Federal Contract Tower,0,1,23,1,25,0,0,19,1,20,0,1,42,2,45,12,0,12,57
07/14/2017,GYY,IN,AGL,CE,Federal Contract Tower,2,2,35,0,39,0,0,33,2,35,2,2,68,2,74,42,0,42,116
07/15/2017,GYY,IN,AGL,CE,Federal Contract Tower,0,1,12,0,13,0,2,27,0,29,0,3,39,0,42,42,0,42,84
07/16/2017,GYY,IN,AGL,CE,Federal Contract Tower,3,3,20,0,26,0,0,9,0,9,3,3,29,0,35,2,0,2,37
07/17/2017,GYY,IN,AGL,CE,Federal Contract Tower,1,2,15,0,18,0,0,18,0,18,1,2,33,0,36,14,0,14,50
07/18/2017,GYY,IN,AGL,CE,Federal Contract Tower,0,1,18,1,20,0,0,25,1,26,0,1,43,2,46,2,0,2,48
07/19/2017,GYY,IN,AGL,CE,Federal Contract Tower,1,3,30,0,34,0,0,24,4,28,1,3,54,4,62,32,0,32,94
07/20/2017,GYY,IN,AGL,CE,Federal Contract Tower,1,3,31,0,35,0,1,23,11,35,1,4,54,11,70,8,8,16,86
07/21/2017,GYY,IN,AGL,CE,Federal Contract Tower,2,2,28,1,33,0,0,31,3,34,2,2,59,4,67,8,0,8,75
07/22/2017,GYY,IN,AGL,CE,Federal Contract Tower,0,4,22,0,26,0,0,34,2,36,0,4,56,2,62,32,0,32,94
07/23/2017,GYY,IN,AGL,CE,Federal Contract Tower,1,1,28,0,30,0,2,42,2,46,1,3,70,2,76,104,4,108,184
07/24/2017,GYY,IN,AGL,CE,Federal Contract Tower,1,4,37,0,42,0,0,39,0,39,1,4,76,0,81,6,0,6,87
07/25/2017,GYY,IN,AGL,CE,Federal Contract Tower,1,6,23,1,31,0,0,31,1,32,1,6,54,2,63,24,0,24,87
07/26/2017,GYY,IN,AGL,CE,Federal Contract Tower,1,1,37,0,39,0,0,33,4,37,1,1,70,4,76,0,0,0,76
07/27/2017,GYY,IN,AGL,CE,Federal Contract Tower,2,0,33,4,39,0,0,6,5,11,2,0,39,9,50,0,5,5,55
07/28/2017,GYY,IN,AGL,CE,Federal Contract Tower,3,1,19,1,24,0,0,40,2,42,3,1,59,3,66,16,0,16,82
07/29/2017,GYY,IN,AGL,CE,Federal Contract Tower,2,1,25,0,28,0,0,22,0,22,2,1,47,0,50,4,0,4,54
07/30/2017,GYY,IN,AGL,CE,Federal Contract Tower,1,0,18,1,20,0,2,41,0,43,1,2,59,1,63,0,46,46,109
07/31/2017,GYY,IN,AGL,CE,Federal Contract Tower,0,2,18,0,20,0,0,23,3,26,0,2,41,3,46,14,12,26,72
08/01/2017,GYY,IN,AGL,CE,Federal Contract Tower,0,2,16,0,18,0,2,26,1,29,0,4,42,1,47,20,0,20,67
08/02/2017,GYY,IN,AGL,CE,Federal Contract Tower,1,6,31,0,38,0,0,37,4,41,1,6,68,4,79,68,0,68,147
08/03/2017,GYY,IN,AGL,CE,Federal Contract Tower,0,5,29,0,34,0,0,21,2,23,0,5,50,2,57,0,0,0,57
08/04/2017,GYY,IN,AGL,CE,Federal Contract Tower,2,3,25,0,30,0,0,18,0,18,2,3,43,0,48,16,0,16,64
08/05/2017,GYY,IN,AGL,CE,Federal Contract Tower,2,4,31,0,37,0,1,44,0,45,2,5,75,0,82,34,0,34,116
08/06/2017,GYY,IN,AGL,CE,Federal Contract Tower,2,2,22,0,26,0,0,12,0,12,2,2,34,0,38,22,0,22,60
08/07/2017,GYY,IN,AGL,CE,Federal Contract Tower,1,4,29,0,34,0,0,8,0,8,1,4,37,0,42,6,0,6,48
08/08/2017,GYY,IN,AGL,CE,Federal Contract Tower,0,0,22,0,22,0,0,32,0,32,0,0,54,0,54,46,0,46,100
08/09/2017,GYY,IN,AGL,CE,Federal Contract Tower,0,8,18,0,26,0,1,41,9,51,0,9,59,9,77,22,6,28,105
08/10/2017,GYY,IN,AGL,CE,Federal Contract Tower,2,3,18,0,23,0,0,21,8,29,2,3,39,8,52,10,0,10,62
08/11/2017,GYY,IN,AGL,CE,Federal Contract Tower,0,13,30,2,45,0,0,28,5,33,0,13,58,7,78,16,0,16,94
08/12/2017,GYY,IN,AGL,CE,Federal Contract Tower,0,2,7,0,9,0,0,27,0,27,0,2,34,0,36,12,0,12,48
08/13/2017,GYY,IN,AGL,CE,Federal Contract Tower,0,3,22,1,26,0,0,47,1,48,0,3,69,2,74,124,0,124,198
08/14/2017,GYY,IN,AGL,CE,Federal Contract Tower,0,1,21,0,22,0,0,23,3,26,0,1,44,3,48,14,0,14,62
08/15/2017,GYY,IN,AGL,CE,Federal Contract Tower,0,3,19,0,22,0,0,28,2,30,0,3,47,2,52,42,2,44,96
08/16/2017,GYY,IN,AGL,CE,Federal Contract Tower,0,0,33,12,45,0,0,45,4,49,0,0,78,16,94,26,4,30,124
08/17/2017,GYY,IN,AGL,CE,Federal Contract Tower,1,3,29,8,41,0,2,54,43,99,1,5,83,51,140,20,32,52,192
08/18/2017,GYY,IN,AGL,CE,Federal Contract Tower,1,2,25,2,30,0,0,89,40,129,1,2,114,42,159,20,20,40,199
08/19/2017,GYY,IN,AGL,CE,Federal Contract Tower,0,0,10,1,11,0,0,76,27,103,0,0,86,28,114,30,28,58,172
08/20/2017,GYY,IN,AGL,CE,Federal Contract Tower,0,0,22,8,30,0,0,74,31,105,0,0,96,39,135,22,30,52,187
08/21/2017,GYY,IN,AGL,CE,Federal Contract Tower,4,9,36,6,55,0,0,35,2,37,4,9,71,8,92,6,0,6,98
08/22/2017,GYY,IN,AGL,CE,Federal Contract Tower,0,10,24,2,36,0,0,19,0,19,0,10,43,2,55,28,0,28,83
08/23/2017,GYY,IN,AGL,CE,Federal Contract Tower,2,9,38,1,50,0,0,42,0,42,2,9,80,1,92,40,0,40,132
08/24/2017,GYY,IN,AGL,CE,Federal Contract Tower,0,2,42,0,44,0,0,47,7,54,0,2,89,7,98,38,10,48,146
08/25/2017,GYY,IN,AGL,CE,Federal Contract Tower,0,2,21,0,23,0,2,37,0,39,0,4,58,0,62,52,0,52,114
08/26/2017,GYY,IN,AGL,CE,Federal Contract Tower,1,0,25,0,26,0,0,40,0,40,1,0,65,0,66,18,0,18,84
08/27/2017,GYY,IN,AGL,CE,Federal Contract Tower,3,3,25,0,31,0,2,15,0,17,3,5,40,0,48,0,0,0,48
08/28/2017,GYY,IN,AGL,CE,Federal Contract Tower,7,7,28,0,42,0,0,22,0,22,7,7,50,0,64,6,0,6,70
08/29/2017,GYY,IN,AGL,CE,Federal Contract Tower,1,6,32,1,40,0,1,32,5,38,1,7,64,6,78,32,0,32,110
08/30/2017,GYY,IN,AGL,CE,Federal Contract Tower,1,5,34,0,40,0,0,26,11,37,1,5,60,11,77,28,58,86,163
08/31/2017,GYY,IN,AGL,CE,Federal Contract Tower,0,4,27,0,31,0,1,14,13,28,0,5,41,13,59,24,8,32,91
09/01/2017,GYY,IN,AGL,CE,Federal Contract Tower,3,6,29,5,43,0,0,18,11,29,3,6,47,16,72,10,10,20,92
09/02/2017,GYY,IN,AGL,CE,Federal Contract Tower,0,0,9,0,9,0,0,15,0,15,0,0,24,0,24,6,0,6,30
09/03/2017,GYY,IN,AGL,CE,Federal Contract Tower,2,2,12,0,16,0,0,18,0,18,2,2,30,0,34,0,0,0,34
09/04/2017,GYY,IN,AGL,CE,Federal Contract Tower,1,4,19,0,24,0,0,8,0,8,1,4,27,0,32,0,0,0,32
09/05/2017,GYY,IN,AGL,CE,Federal Contract Tower,1,1,17,0,19,0,0,9,0,9,1,1,26,0,28,0,0,0,28
09/06/2017,GYY,IN,AGL,CE,Federal Contract Tower,1,0,33,0,34,0,0,18,7,25,1,0,51,7,59,20,0,20,79
09/07/2017,GYY,IN,AGL,CE,Federal Contract Tower,1,3,41,0,45,0,2,31,9,42,1,5,72,9,87,16,18,34,121
09/08/2017,GYY,IN,AGL,CE,Federal Contract Tower,2,7,35,1,45,0,1,15,2,18,2,8,50,3,63,22,0,22,85
09/09/2017,GYY,IN,AGL,CE,Federal Contract Tower,0,2,15,0,17,0,6,59,0,65,0,8,74,0,82,10,0,10,92
09/10/2017,GYY,IN,AGL,CE,Federal Contract Tower,0,0,29,3,32,0,5,28,3,36,0,5,57,6,68,0,0,0,68
09/11/2017,GYY,IN,AGL,CE,Federal Contract Tower,3,3,35,0,41,0,2,36,0,38,3,5,71,0,79,18,0,18,97
09/12/2017,GYY,IN,AGL,CE,Federal Contract Tower,1,2,37,0,40,0,0,17,3,20,1,2,54,3,60,10,14,24,84
09/13/2017,GYY,IN,AGL,CE,Federal Contract Tower,2,2,26,0,30,0,0,5,0,5,2,2,31,0,35,0,0,0,35
09/14/2017,GYY,IN,AGL,CE,Federal Contract Tower,0,19,23,0,42,0,2,9,8,19,0,21,32,8,61,6,0,6,67
09/15/2017,GYY,IN,AGL,CE,Federal Contract Tower,7,6,28,0,41,0,0,35,3,38,7,6,63,3,79,6,12,18,97
09/16/2017,GYY,IN,AGL,CE,Federal Contract Tower,1,6,13,1,21,0,0,29,4,33,1,6,42,5,54,16,0,16,70
09/17/2017,GYY,IN,AGL,CE,Federal Contract Tower,3,4,28,2,37,0,0,15,3,18,3,4,43,5,55,16,0,16,71
09/18/2017,GYY,IN,AGL,CE,Federal Contract Tower,2,2,32,1,37,0,0,16,4,20,2,2,48,5,57,30,0,30,87
09/19/2017,GYY,IN,AGL,CE,Federal Contract Tower,0,6,36,1,43,0,0,6,9,15,0,6,42,10,58,4,2,6,64
09/20/2017,GYY,IN,AGL,CE,Federal Contract Tower,0,8,21,0,29,0,0,24,16,40,0,8,45,16,69,12,2,14,83
09/21/2017,GYY,IN,AGL,CE,Federal Contract Tower,1,8,34,1,44,0,0,17,20,37,1,8,51,21,81,14,16,30,111
09/22/2017,GYY,IN,AGL,CE,Federal Contract Tower,6,5,29,6,46,0,0,33,0,33,6,5,62,6,79,28,0,28,107
09/23/2017,GYY,IN,AGL,CE,Federal Contract Tower,0,3,12,0,15,0,0,29,2,31,0,3,41,2,46,14,18,32,78
09/24/2017,GYY,IN,AGL,CE,Federal Contract Tower,0,2,16,4,22,0,0,25,0,25,0,2,41,4,47,16,0,16,63
09/25/2017,GYY,IN,AGL,CE,Federal Contract Tower,0,1,36,0,37,0,0,10,0,10,0,1,46,0,47,16,0,16,63
09/26/2017,GYY,IN,AGL,CE,Federal Contract Tower,0,3,27,0,30,0,2,19,4,25,0,5,46,4,55,0,0,0,55
09/27/2017,GYY,IN,AGL,CE,Federal Contract Tower,0,8,29,1,38,0,0,28,2,30,0,8,57,3,68,30,0,30,98
09/28/2017,GYY,IN,AGL,CE,Federal Contract Tower,1,5,29,0,35,0,0,24,3,27,1,5,53,3,62,34,0,34,96
09/29/2017,GYY,IN,AGL,CE,Federal Contract Tower,1,5,29,1,36,0,0,21,0,21,1,5,50,1,57,18,0,18,75
09/30/2017,GYY,IN,AGL,CE,Federal Contract Tower,0,2,8,0,10,0,0,20,0,20,0,2,28,0,30,20,0,20,50
10/01/2017,GYY,IN,AGL,CE,Federal Contract Tower,0,6,24,0,30,0,0,20,0,20,0,6,44,0,50,0,0,0,50
10/02/2017,GYY,IN,AGL,CE,Federal Contract Tower,1,0,20,0,21,0,0,12,0,12,1,0,32,0,33,6,0,6,39
10/03/2017,GYY,IN,AGL,CE,Federal Contract Tower,1,10,19,0,30,0,0,15,4,19,1,10,34,4,49,18,0,18,67
10/04/2017,GYY,IN,AGL,CE,Federal Contract Tower,0,11,27,0,38,0,0,4,0,4,0,11,31,0,42,4,4,8,50
10/05/2017,GYY,IN,AGL,CE,Federal Contract Tower,0,10,20,0,30,0,2,21,4,27,0,12,41,4,57,10,12,22,79
10/06/2017,GYY,IN,AGL,CE,Federal Contract Tower,2,2,27,0,31,0,1,3,0,4,2,3,30,0,35,6,0,6,41
10/07/2017,GYY,IN,AGL,CE,Federal Contract Tower,0,2,12,0,14,0,0,18,0,18,0,2,30,0,32,0,0,0,32
10/08/2017,GYY,IN,AGL,CE,Federal Contract Tower,1,2,22,0,25,0,0,35,0,35,1,2,57,0,60,10,0,10,70
10/09/2017,GYY,IN,AGL,CE,Federal Contract Tower,1,5,22,0,28,0,0,14,0,14,1,5,36,0,42,18,0,18,60
10/10/2017,GYY,IN,AGL,CE,Federal Contract Tower,2,3,18,2,25,0,0,7,0,7,2,3,25,2,32,2,0,2,34
10/11/2017,GYY,IN,AGL,CE,Federal Contract Tower,0,9,31,0,40,0,0,0,0,0,0,9,31,0,40,0,0,0,40
10/12/2017,GYY,IN,AGL,CE,Federal Contract Tower,0,5,31,1,37,0,0,2,3,5,0,5,33,4,42,6,26,32,74
10/13/2017,GYY,IN,AGL,CE,Federal Contract Tower,2,4,39,0,45,0,0,30,2,32,2,4,69,2,77,26,0,26,103
10/14/2017,GYY,IN,AGL,CE,Federal Contract Tower,0,1,15,0,16,0,0,4,0,4,0,1,19,0,20,0,0,0,20
10/15/2017,GYY,IN,AGL,CE,Federal Contract Tower,0,6,23,0,29,0,4,14,0,18,0,10,37,0,47,0,0,0,47
10/16/2017,GYY,IN,AGL,CE,Federal Contract Tower,0,0,26,0,26,0,4,20,0,24,0,4,46,0,50,20,0,20,70
10/17/2017,GYY,IN,AGL,CE,Federal Contract Tower,0,5,24,1,30,0,0,20,0,20,0,5,44,1,50,10,0,10,60
10/18/2017,GYY,IN,AGL,CE,Federal Contract Tower,1,3,34,0,38,0,0,17,4,21,1,3,51,4,59,24,0,24,83
10/19/2017,GYY,IN,AGL,CE,Federal Contract Tower,1,1,24,0,26,0,0,28,4,32,1,1,52,4,58,26,0,26,84
10/20/2017,GYY,IN,AGL,CE,Federal Contract Tower,4,4,24,1,33,0,0,24,2,26,4,4,48,3,59,0,8,8,67
10/21/2017,GYY,IN,AGL,CE,Federal Contract Tower,0,2,24,0,26,0,0,14,0,14,0,2,38,0,40,0,0,0,40
10/22/2017,GYY,IN,AGL,CE,Federal Contract Tower,0,7,22,2,31,0,0,6,2,8,0,7,28,4,39,0,0,0,39
10/23/2017,GYY,IN,AGL,CE,Federal Contract Tower,2,5,14,0,21,0,0,1,0,1,2,5,15,0,22,0,0,0,22
10/24/2017,GYY,IN,AGL,CE,Federal Contract Tower,0,6,19,1,26,0,0,0,1,1,0,6,19,2,27,0,0,0,27
10/25/2017,GYY,IN,AGL,CE,Federal Contract Tower,0,5,27,0,32,0,0,29,2,31,0,5,56,2,63,30,0,30,93
10/26/2017,GYY,IN,AGL,CE,Federal Contract Tower,4,9,27,1,41,0,0,24,6,30,4,9,51,7,71,34,8,42,113
10/27/2017,GYY,IN,AGL,CE,Federal Contract Tower,3,11,23,0,37,0,0,12,0,12,3,11,35,0,49,22,0,22,71
10/28/2017,GYY,IN,AGL,CE,Federal Contract Tower,1,2,9,0,12,0,2,4,0,6,1,4,13,0,18,4,0,4,22
10/29/2017,GYY,IN,AGL,CE,Federal Contract Tower,0,3,20,0,23,0,0,37,0,37,0,3,57,0,60,30,0,30,90
10/30/2017,GYY,IN,AGL,CE,Federal Contract Tower,1,6,12,0,19,0,0,5,0,5,1,6,17,0,24,0,0,0,24
10/31/2017,GYY,IN,AGL,CE,Federal Contract Tower,1,4,25,0,30,0,0,19,2,21,1,4,44,2,51,14,12,26,77
11/01/2017,GYY,IN,AGL,CE,Federal Contract Tower,2,10,31,1,44,0,0,31,6,37,2,10,62,7,81,48,10,58,139
11/02/2017,GYY,IN,AGL,CE,Federal Contract Tower,1,7,17,0,25,0,0,0,0,0,1,7,17,0,25,0,0,0,25
11/03/2017,GYY,IN,AGL,CE,Federal Contract Tower,2,5,35,2,44,0,0,61,2,63,2,5,96,4,107,262,1,263,370
11/04/2017,GYY,IN,AGL,CE,Federal Contract Tower,1,4,17,3,25,0,0,0,0,0,1,4,17,3,25,0,0,0,25
11/05/2017,GYY,IN,AGL,CE,Federal Contract Tower,0,1,14,0,15,0,0,1,0,1,0,1,15,0,16,0,0,0,16
11/06/2017,GYY,IN,AGL,CE,Federal Contract Tower,1,0,22,2,25,0,0,16,0,16,1,0,38,2,41,8,0,8,49
11/07/2017,GYY,IN,AGL,CE,Federal Contract Tower,2,2,18,0,22,0,0,22,4,26,2,2,40,4,48,138,0,138,186
11/08/2017,GYY,IN,AGL,CE,Federal Contract Tower,0,5,22,0,27,0,0,43,8,51,0,5,65,8,78,26,4,30,108
11/09/2017,GYY,IN,AGL,CE,Federal Contract Tower,2,4,20,0,26,0,1,12,13,26,2,5,32,13,52,14,14,28,80
11/10/2017,GYY,IN,AGL,CE,Federal Contract Tower,1,6,21,0,28,0,0,12,0,12,1,6,33,0,40,0,0,0,40
11/11/2017,GYY,IN,AGL,CE,Federal Contract Tower,0,0,19,0,19,0,0,24,0,24,0,0,43,0,43,26,0,26,69
11/12/2017,GYY,IN,AGL,CE,Federal Contract Tower,2,3,10,0,15,0,0,2,0,2,2,3,12,0,17,0,0,0,17
11/13/2017,GYY,IN,AGL,CE,Federal Contract Tower,3,10,39,0,52,0,2,12,0,14,3,12,51,0,66,28,0,28,94
11/14/2017,GYY,IN,AGL,CE,Federal Contract Tower,2,2,31,2,37,0,0,19,6,25,2,2,50,8,62,26,8,34,96
11/15/2017,GYY,IN,AGL,CE,Federal Contract Tower,1,0,23,0,24,0,0,1,0,1,1,0,24,0,25,16,0,16,41
11/16/2017,GYY,IN,AGL,CE,Federal Contract Tower,2,6,17,0,25,0,0,9,6,15,2,6,26,6,40,34,18,52,92
11/17/2017,GYY,IN,AGL,CE,Federal Contract Tower,2,1,26,0,29,0,3,17,2,22,2,4,43,2,51,8,0,8,59
11/18/2017,GYY,IN,AGL,CE,Federal Contract Tower,2,0,13,0,15,0,0,0,0,0,2,0,13,0,15,0,0,0,15
11/19/2017,GYY,IN,AGL,CE,Federal Contract Tower,1,4,11,0,16,0,0,16,0,16,1,4,27,0,32,0,0,0,32
11/20/2017,GYY,IN,AGL,CE,Federal Contract Tower,3,4,19,0,26,0,0,23,0,23,3,4,42,0,49,10,0,10,59
11/21/2017,GYY,IN,AGL,CE,Federal Contract Tower,2,5,27,0,34,0,2,12,6,20,2,7,39,6,54,20,8,28,82
11/22/2017,GYY,IN,AGL,CE,Federal Contract Tower,0,3,25,0,28,0,0,13,4,17,0,3,38,4,45,10,0,10,55
11/23/2017,GYY,IN,AGL,CE,Federal Contract Tower,0,5,5,0,10,0,0,4,0,4,0,5,9,0,14,0,0,0,14
11/24/2017,GYY,IN,AGL,CE,Federal Contract Tower,2,1,4,0,7,0,2,7,0,9,2,3,11,0,16,2,0,2,18
11/25/2017,GYY,IN,AGL,CE,Federal Contract Tower,1,1,10,0,12,0,0,21,0,21,1,1,31,0,33,2,0,2,35
11/26/2017,GYY,IN,AGL,CE,Federal Contract Tower,0,7,26,0,33,0,0,38,0,38,0,7,64,0,71,82,0,82,153
11/27/2017,GYY,IN,AGL,CE,Federal Contract Tower,4,5,15,0,24,0,0,36,0,36,4,5,51,0,60,36,0,36,96
11/28/2017,GYY,IN,AGL,CE,Federal Contract Tower,1,11,22,0,34,0,0,7,6,13,1,11,29,6,47,2,20,22,69
11/29/2017,GYY,IN,AGL,CE,Federal Contract Tower,0,5,29,0,34,0,0,29,9,38,0,5,58,9,72,28,6,34,106
11/30/2017,GYY,IN,AGL,CE,Federal Contract Tower,3,6,24,0,33,0,0,18,13,31,3,6,42,13,64,6,48,54,118
12/01/2017,GYY,IN,AGL,CE,Federal Contract Tower,4,8,28,0,40,0,0,31,4,35,4,8,59,4,75,14,0,14,89
12/02/2017,GYY,IN,AGL,CE,Federal Contract Tower,0,6,11,0,17,0,0,14,0,14,0,6,25,0,31,10,0,10,41
12/03/2017,GYY,IN,AGL,CE,Federal Contract Tower,0,10,13,0,23,0,1,9,0,10,0,11,22,0,33,0,0,0,33
12/04/2017,GYY,IN,AGL,CE,Federal Contract Tower,0,1,18,0,19,0,0,7,0,7,0,1,25,0,26,0,0,0,26
12/05/2017,GYY,IN,AGL,CE,Federal Contract Tower,2,4,19,0,25,0,0,0,2,2,2,4,19,2,27,0,0,0,27
12/06/2017,GYY,IN,AGL,CE,Federal Contract Tower,0,7,25,0,32,0,2,18,8,28,0,9,43,8,60,0,0,0,60
12/07/2017,GYY,IN,AGL,CE,Federal Contract Tower,0,7,24,0,31,0,0,19,17,36,0,7,43,17,67,18,12,30,97
12/08/2017,GYY,IN,AGL,CE,Federal Contract Tower,1,2,20,0,23,0,0,19,2,21,1,2,39,2,44,12,0,12,56
12/09/2017,GYY,IN,AGL,CE,Federal Contract Tower,4,5,12,0,21,0,0,3,0,3,4,5,15,0,24,0,0,0,24
12/10/2017,GYY,IN,AGL,CE,Federal Contract Tower,3,5,22,0,30,0,0,7,0,7,3,5,29,0,37,0,0,0,37
12/11/2017,GYY,IN,AGL,CE,Federal Contract Tower,3,12,26,0,41,0,0,9,0,9,3,12,35,0,50,14,0,14,64
12/12/2017,GYY,IN,AGL,CE,Federal Contract Tower,2,4,14,0,20,0,0,20,3,23,2,4,34,3,43,16,4,20,63
12/13/2017,GYY,IN,AGL,CE,Federal Contract Tower,1,7,22,0,30,0,0,10,4,14,1,7,32,4,44,0,8,8,52
12/14/2017,GYY,IN,AGL,CE,Federal Contract Tower,3,5,20,0,28,0,0,20,8,28,3,5,40,8,56,26,0,26,82
12/15/2017,GYY,IN,AGL,CE,Federal Contract Tower,6,5,22,0,33,0,0,17,2,19,6,5,39,2,52,0,0,0,52
12/16/2017,GYY,IN,AGL,CE,Federal Contract Tower,0,0,11,0,11,0,0,26,0,26,0,0,37,0,37,6,0,6,43
12/17/2017,GYY,IN,AGL,CE,Federal Contract Tower,4,1,12,0,17,0,0,17,0,17,4,1,29,0,34,10,0,10,44
12/18/2017,GYY,IN,AGL,CE,Federal Contract Tower,0,3,27,2,32,0,0,0,0,0,0,3,27,2,32,0,0,0,32
12/19/2017,GYY,IN,AGL,CE,Federal Contract Tower,1,4,24,0,29,0,0,26,7,33,1,4,50,7,62,40,0,40,102
12/20/2017,GYY,IN,AGL,CE,Federal Contract Tower,0,6,21,0,27,0,1,16,6,23,0,7,37,6,50,0,0,0,50
12/21/2017,GYY,IN,AGL,CE,Federal Contract Tower,2,9,12,0,23,0,0,14,2,16,2,9,26,2,39,40,0,40,79
12/22/2017,GYY,IN,AGL,CE,Federal Contract Tower,2,3,23,0,28,0,0,1,0,1,2,3,24,0,29,4,0,4,33
12/23/2017,GYY,IN,AGL,CE,Federal Contract Tower,0,2,11,0,13,0,0,18,0,18,0,2,29,0,31,0,0,0,31
12/24/2017,GYY,IN,AGL,CE,Federal Contract Tower,0,1,2,0,3,0,0,0,0,0,0,1,2,0,3,0,0,0,3
12/25/2017,GYY,IN,AGL,CE,Federal Contract Tower,0,2,4,0,6,0,0,2,0,2,0,2,6,0,8,0,0,0,8
12/26/2017,GYY,IN,AGL,CE,Federal Contract Tower,0,1,21,0,22,0,0,14,0,14,0,1,35,0,36,6,0,6,42
12/27/2017,GYY,IN,AGL,CE,Federal Contract Tower,0,2,16,0,18,0,0,23,2,25,0,2,39,2,43,18,0,18,61
12/28/2017,GYY,IN,AGL,CE,Federal Contract Tower,0,2,21,0,23,0,0,12,2,14,0,2,33,2,37,2,0,2,39
12/29/2017,GYY,IN,AGL,CE,Federal Contract Tower,1,2,9,0,12,0,0,10,0,10,1,2,19,0,22,6,24,30,52
12/30/2017,GYY,IN,AGL,CE,Federal Contract Tower,0,1,21,0,22,0,0,10,0,10,0,1,31,0,32,8,0,8,40
12/31/2017,GYY,IN,AGL,CE,Federal Contract Tower,0,0,4,0,4,0,0,7,0,7,0,0,11,0,11,10,0,10,21
01/01/2018,GYY,IN,AGL,CE,Federal Contract Tower,0,2,11,0,13,0,2,8,0,10,0,4,19,0,23,0,0,0,23
01/02/2018,GYY,IN,AGL,CE,Federal Contract Tower,0,0,24,0,24,0,2,13,0,15,0,2,37,0,39,2,0,2,41
01/03/2018,GYY,IN,AGL,CE,Federal Contract Tower,2,6,21,0,29,0,0,8,3,11,2,6,29,3,40,0,0,0,40
01/04/2018,GYY,IN,AGL,CE,Federal Contract Tower,0,5,11,3,19,0,0,12,10,22,0,5,23,13,41,4,0,4,45
01/05/2018,GYY,IN,AGL,CE,Federal Contract Tower,4,3,17,0,24,0,0,21,0,21,4,3,38,0,45,0,0,0,45
01/06/2018,GYY,IN,AGL,CE,Federal Contract Tower,0,3,4,0,7,0,0,19,0,19,0,3,23,0,26,8,0,8,34
01/07/2018,GYY,IN,AGL,CE,Federal Contract Tower,1,3,5,0,9,0,0,1,0,1,1,3,6,0,10,0,0,0,10
01/08/2018,GYY,IN,AGL,CE,Federal Contract Tower,0,2,18,0,20,0,0,5,0,5,0,2,23,0,25,6,0,6,31
01/09/2018,GYY,IN,AGL,CE,Federal Contract Tower,0,0,12,0,12,0,0,0,0,0,0,0,12,0,12,0,0,0,12
01/10/2018,GYY,IN,AGL,CE,Federal Contract Tower,0,0,17,0,17,0,0,0,0,0,0,0,17,0,17,0,0,0,17
01/11/2018,GYY,IN,AGL,CE,Federal Contract Tower,2,5,16,0,23,0,0,0,0,0,2,5,16,0,23,0,0,0,23
01/12/2018,GYY,IN,AGL,CE,Federal Contract Tower,3,1,18,0,22,0,0,0,0,0,3,1,18,0,22,0,0,0,22
01/13/2018,GYY,IN,AGL,CE,Federal Contract Tower,1,3,13,0,17,0,0,13,0,13,1,3,26,0,30,0,0,0,30
01/14/2018,GYY,IN,AGL,CE,Federal Contract Tower,0,1,13,0,14,0,0,21,0,21,0,1,34,0,35,2,0,2,37
01/15/2018,GYY,IN,AGL,CE,Federal Contract Tower,2,3,24,0,29,0,0,0,0,0,2,3,24,0,29,0,0,0,29
01/16/2018,GYY,IN,AGL,CE,Federal Contract Tower,1,6,13,0,20,0,0,4,0,4,1,6,17,0,24,0,0,0,24
01/17/2018,GYY,IN,AGL,CE,Federal Contract Tower,8,3,20,0,31,0,0,18,13,31,8,3,38,13,62,2,0,2,64
01/18/2018,GYY,IN,AGL,CE,Federal Contract Tower,1,4,12,0,17,0,0,12,15,27,1,4,24,15,44,18,0,18,62
01/19/2018,GYY,IN,AGL,CE,Federal Contract Tower,3,7,25,0,35,0,0,24,9,33,3,7,49,9,68,2,2,4,72
01/20/2018,GYY,IN,AGL,CE,Federal Contract Tower,0,0,13,0,13,0,1,10,0,11,0,1,23,0,24,12,0,12,36
01/21/2018,GYY,IN,AGL,CE,Federal Contract Tower,1,3,12,0,16,0,0,0,0,0,1,3,12,0,16,0,0,0,16
01/22/2018,GYY,IN,AGL,CE,Federal Contract Tower,0,5,11,0,16,0,2,0,0,2,0,7,11,0,18,0,0,0,18
01/23/2018,GYY,IN,AGL,CE,Federal Contract Tower,2,4,15,0,21,0,0,3,0,3,2,4,18,0,24,0,0,0,24
01/24/2018,GYY,IN,AGL,CE,Federal Contract Tower,1,6,29,0,36,0,0,0,0,0,1,6,29,0,36,0,0,0,36
01/25/2018,GYY,IN,AGL,CE,Federal Contract Tower,3,14,19,0,36,0,0,21,12,33,3,14,40,12,69,22,14,36,105
01/26/2018,GYY,IN,AGL,CE,Federal Contract Tower,3,5,26,1,35,0,0,26,0,26,3,5,52,1,61,28,0,28,89
01/27/2018,GYY,IN,AGL,CE,Federal Contract Tower,0,3,9,1,13,0,0,18,5,23,0,3,27,6,36,8,0,8,44
01/28/2018,GYY,IN,AGL,CE,Federal Contract Tower,0,3,14,0,17,0,0,21,0,21,0,3,35,0,38,0,0,0,38
01/29/2018,GYY,IN,AGL,CE,Federal Contract Tower,1,4,14,0,19,0,4,4,0,8,1,8,18,0,27,0,0,0,27
01/30/2018,GYY,IN,AGL,CE,Federal Contract Tower,0,6,18,0,24,0,0,17,2,19,0,6,35,2,43,20,0,20,63
01/31/2018,GYY,IN,AGL,CE,Federal Contract Tower,0,2,18,0,20,0,0,7,2,9,0,2,25,2,29,0,0,0,29
02/01/2018,GYY,IN,AGL,CE,Federal Contract Tower,1,5,21,0,27,0,0,10,7,17,1,5,31,7,44,4,2,6,50
02/02/2018,GYY,IN,AGL,CE,Federal Contract Tower,4,4,20,2,30,0,0,16,5,21,4,4,36,7,51,8,30,38,89
02/03/2018,GYY,IN,AGL,CE,Federal Contract Tower,2,1,6,0,9,0,0,12,0,12,2,1,18,0,21,10,0,10,31
02/04/2018,GYY,IN,AGL,CE,Federal Contract Tower,0,1,9,0,10,0,0,1,0,1,0,1,10,0,11,0,0,0,11
02/05/2018,GYY,IN,AGL,CE,Federal Contract Tower,1,11,25,0,37,0,0,11,0,11,1,11,36,0,48,4,0,4,52
02/06/2018,GYY,IN,AGL,CE,Federal Contract Tower,0,1,21,0,22,0,0,8,2,10,0,1,29,2,32,0,0,0,32
02/07/2018,GYY,IN,AGL,CE,Federal Contract Tower,0,2,21,0,23,0,0,6,13,19,0,2,27,13,42,0,6,6,48
02/08/2018,GYY,IN,AGL,CE,Federal Contract Tower,1,3,20,0,24,0,0,15,10,25,1,3,35,10,49,2,22,24,73
02/09/2018,GYY,IN,AGL,CE,Federal Contract Tower,0,0,11,0,11,0,0,0,0,0,0,0,11,0,11,0,0,0,11
02/10/2018,GYY,IN,AGL,CE,Federal Contract Tower,0,3,7,0,10,0,0,0,0,0,0,3,7,0,10,0,0,0,10
02/11/2018,GYY,IN,AGL,CE,Federal Contract Tower,0,1,10,0,11,0,0,6,0,6,0,1,16,0,17,0,0,0,17
02/12/2018,GYY,IN,AGL,CE,Federal Contract Tower,2,9,23,0,34,0,0,31,5,36,2,9,54,5,70,0,10,10,80
02/13/2018,GYY,IN,AGL,CE,Federal Contract Tower,6,9,12,1,28,0,0,25,16,41,6,9,37,17,69,20,22,42,111
02/14/2018,GYY,IN,AGL,CE,Federal Contract Tower,0,7,28,0,35,0,0,9,8,17,0,7,37,8,52,12,18,30,82
02/15/2018,GYY,IN,AGL,CE,Federal Contract Tower,1,3,13,1,18,0,0,0,0,0,1,3,13,1,18,0,0,0,18
02/16/2018,GYY,IN,AGL,CE,Federal Contract Tower,1,6,13,0,20,0,0,13,13,26,1,6,26,13,46,16,46,62,108
02/17/2018,GYY,IN,AGL,CE,Federal Contract Tower,0,2,9,0,11,0,0,6,2,8,0,2,15,2,19,0,0,0,19
02/18/2018,GYY,IN,AGL,CE,Federal Contract Tower,0,2,11,0,13,0,0,14,1,15,0,2,25,1,28,8,0,8,36
02/19/2018,GYY,IN,AGL,CE,Federal Contract Tower,1,3,22,0,26,0,0,0,0,0,1,3,22,0,26,0,0,0,26
02/20/2018,GYY,IN,AGL,CE,Federal Contract Tower,1,4,12,0,17,0,0,0,0,0,1,4,12,0,17,0,0,0,17
02/21/2018,GYY,IN,AGL,CE,Federal Contract Tower,1,6,21,0,28,0,0,13,4,17,1,6,34,4,45,0,10,10,55
02/22/2018,GYY,IN,AGL,CE,Federal Contract Tower,1,10,12,0,23,0,0,35,3,38,1,10,47,3,61,54,24,78,139
02/23/2018,GYY,IN,AGL,CE,Federal Contract Tower,3,4,19,0,26,0,0,4,1,5,3,4,23,1,31,19,40,59,90
02/24/2018,GYY,IN,AGL,CE,Federal Contract Tower,1,2,14,0,17,0,0,8,0,8,1,2,22,0,25,8,0,8,33
02/25/2018,GYY,IN,AGL,CE,Federal Contract Tower,1,1,18,0,20,0,0,14,0,14,1,1,32,0,34,0,0,0,34
02/26/2018,GYY,IN,AGL,CE,Federal Contract Tower,1,2,21,0,24,0,0,20,0,20,1,2,41,0,44,8,0,8,52
02/27/2018,GYY,IN,AGL,CE,Federal Contract Tower,2,3,22,0,27,0,0,0,0,0,2,3,22,0,27,24,0,24,51
02/28/2018,GYY,IN,AGL,CE,Federal Contract Tower,0,0,27,0,27,0,0,9,6,15,0,0,36,6,42,4,18,22,64
03/01/2018,GYY,IN,AGL,CE,Federal Contract Tower,1,6,15,0,22,0,0,0,15,15,1,6,15,15,37,0,36,36,73
03/02/2018,GYY,IN,AGL,CE,Federal Contract Tower,3,3,20,0,26,0,0,37,18,55,3,3,57,18,81,14,4,18,99
03/03/2018,GYY,IN,AGL,CE,Federal Contract Tower,0,3,12,0,15,0,0,33,2,35,0,3,45,2,50,38,0,38,88
03/04/2018,GYY,IN,AGL,CE,Federal Contract Tower,1,0,13,0,14,0,0,36,2,38,1,0,49,2,52,32,0,32,84
03/05/2018,GYY,IN,AGL,CE,Federal Contract Tower,0,4,18,0,22,0,0,13,0,13,0,4,31,0,35,18,0,18,53
03/06/2018,GYY,IN,AGL,CE,Federal Contract Tower,3,1,15,1,20,0,0,4,1,5,3,1,19,2,25,0,0,0,25
03/07/2018,GYY,IN,AGL,CE,Federal Contract Tower,4,4,23,1,32,0,4,14,8,26,4,8,37,9,58,10,8,18,76
03/08/2018,GYY,IN,AGL,CE,Federal Contract Tower,3,3,17,0,23,0,0,21,5,26,3,3,38,5,49,12,12,24,73
03/09/2018,GYY,IN,AGL,CE,Federal Contract Tower,5,2,25,0,32,0,0,23,2,25,5,2,48,2,57,24,0,24,81
03/10/2018,GYY,IN,AGL,CE,Federal Contract Tower,0,0,11,0,11,0,0,31,0,31,0,0,42,0,42,20,0,20,62
03/11/2018,GYY,IN,AGL,CE,Federal Contract Tower,0,1,22,0,23,0,2,23,0,25,0,3,45,0,48,10,0,10,58
03/12/2018,GYY,IN,AGL,CE,Federal Contract Tower,2,4,15,0,21,0,0,12,0,12,2,4,27,0,33,10,0,10,43
03/13/2018,GYY,IN,AGL,CE,Federal Contract Tower,1,0,16,0,17,0,0,13,10,23,1,0,29,10,40,6,4,10,50
03/14/2018,GYY,IN,AGL,CE,Federal Contract Tower,1,2,21,8,32,0,0,28,2,30,1,2,49,10,62,0,0,0,62
03/15/2018,GYY,IN,AGL,CE,Federal Contract Tower,0,7,27,0,34,0,0,25,13,38,0,7,52,13,72,16,8,24,96
03/16/2018,GYY,IN,AGL,CE,Federal Contract Tower,4,3,22,0,29,2,0,20,6,28,6,3,42,6,57,2,0,2,59
03/17/2018,GYY,IN,AGL,CE,Federal Contract Tower,1,1,14,0,16,0,0,16,0,16,1,1,30,0,32,4,0,4,36
03/18/2018,GYY,IN,AGL,CE,Federal Contract Tower,0,3,17,0,20,0,0,33,0,33,0,3,50,0,53,6,0,6,59
03/19/2018,GYY,IN,AGL,CE,Federal Contract Tower,0,3,14,2,19,0,0,17,3,20,0,3,31,5,39,4,2,6,45
03/20/2018,GYY,IN,AGL,CE,Federal Contract Tower,0,3,19,0,22,0,2,11,8,21,0,5,30,8,43,0,0,0,43
03/21/2018,GYY,IN,AGL,CE,Federal Contract Tower,0,9,21,0,30,0,0,6,7,13,0,9,27,7,43,2,0,2,45
03/22/2018,GYY,IN,AGL,CE,Federal Contract Tower,1,7,32,2,42,0,0,22,6,28,1,7,54,8,70,28,0,28,98
03/23/2018,GYY,IN,AGL,CE,Federal Contract Tower,3,4,28,0,35,0,0,14,2,16,3,4,42,2,51,6,0,6,57
03/24/2018,GYY,IN,AGL,CE,Federal Contract Tower,1,3,18,0,22,0,0,0,0,0,1,3,18,0,22,0,0,0,22
03/25/2018,GYY,IN,AGL,CE,Federal Contract Tower,1,5,13,0,19,0,0,20,0,20,1,5,33,0,39,6,0,6,45
03/26/2018,GYY,IN,AGL,CE,Federal Contract Tower,0,3,9,0,12,0,0,11,0,11,0,3,20,0,23,0,0,0,23
03/27/2018,GYY,IN,AGL,CE,Federal Contract Tower,1,4,18,0,23,0,0,0,0,0,1,4,18,0,23,0,0,0,23
03/28/2018,GYY,IN,AGL,CE,Federal Contract Tower,0,1,20,0,21,0,0,13,14,27,0,1,33,14,48,30,14,44,92
03/29/2018,GYY,IN,AGL,CE,Federal Contract Tower,3,3,26,1,33,0,0,7,9,16,3,3,33,10,49,0,16,16,65
03/30/2018,GYY,IN,AGL,CE,Federal Contract Tower,3,5,15,0,23,0,0,19,2,21,3,5,34,2,44,18,0,18,62
03/31/2018,GYY,IN,AGL,CE,Federal Contract Tower,0,2,6,0,8,0,0,6,0,6,0,2,12,0,14,0,0,0,14
04/01/2018,GYY,IN,AGL,CE,Federal Contract Tower,0,0,18,0,18,0,0,18,0,18,0,0,36,0,36,10,0,10,46
04/02/2018,GYY,IN,AGL,CE,Federal Contract Tower,1,4,19,0,24,0,0,16,0,16,1,4,35,0,40,12,0,12,52
04/03/2018,GYY,IN,AGL,CE,Federal Contract Tower,3,3,9,0,15,0,0,0,0,0,3,3,9,0,15,0,0,0,15
04/04/2018,GYY,IN,AGL,CE,Federal Contract Tower,2,6,25,0,33,0,0,8,12,20,2,6,33,12,53,0,4,4,57
04/05/2018,GYY,IN,AGL,CE,Federal Contract Tower,0,6,36,0,42,0,0,11,6,17,0,6,47,6,59,0,14,14,73
04/06/2018,GYY,IN,AGL,CE,Federal Contract Tower,3,2,26,0,31,0,0,2,4,6,3,2,28,4,37,0,2,2,39
04/07/2018,GYY,IN,AGL,CE,Federal Contract Tower,1,2,19,0,22,0,1,21,0,22,1,3,40,0,44,20,0,20,64
04/08/2018,GYY,IN,AGL,CE,Federal Contract Tower,2,3,17,12,34,0,0,16,0,16,2,3,33,12,50,16,0,16,66
04/09/2018,GYY,IN,AGL,CE,Federal Contract Tower,1,3,21,0,25,0,0,4,0,4,1,3,25,0,29,4,0,4,33
04/10/2018,GYY,IN,AGL,CE,Federal Contract Tower,0,2,17,0,19,0,2,14,13,29,0,4,31,13,48,16,16,32,80
04/11/2018,GYY,IN,AGL,CE,Federal Contract Tower,0,6,25,3,34,0,0,30,9,39,0,6,55,12,73,50,10,60,133
04/12/2018,GYY,IN,AGL,CE,Federal Contract Tower,0,6,18,0,24,0,1,18,14,33,0,7,36,14,57,34,42,76,133
04/13/2018,GYY,IN,AGL,CE,Federal Contract Tower,3,3,14,0,20,0,3,10,9,22,3,6,24,9,42,4,14,18,60
04/14/2018,GYY,IN,AGL,CE,Federal Contract Tower,0,0,6,0,6,0,0,0,0,0,0,0,6,0,6,0,0,0,6
04/15/2018,GYY,IN,AGL,CE,Federal Contract Tower,1,1,6,1,9,0,0,0,0,0,1,1,6,1,9,0,0,0,9
04/16/2018,GYY,IN,AGL,CE,Federal Contract Tower,0,6,11,0,17,0,0,2,0,2,0,6,13,0,19,0,0,0,19
04/17/2018,GYY,IN,AGL,CE,Federal Contract Tower,0,5,26,0,31,0,12,25,12,49,0,17,51,12,80,30,0,30,110
04/18/2018,GYY,IN,AGL,CE,Federal Contract Tower,1,2,32,0,35,0,0,7,3,10,1,2,39,3,45,0,0,0,45
04/19/2018,GYY,IN,AGL,CE,Federal Contract Tower,0,3,23,1,27,0,0,22,13,35,0,3,45,14,62,0,10,10,72
04/20/2018,GYY,IN,AGL,CE,Federal Contract Tower,0,2,23,0,25,0,0,22,4,26,0,2,45,4,51,6,26,32,83
04/21/2018,GYY,IN,AGL,CE,Federal Contract Tower,0,0,8,0,8,0,0,12,0,12,0,0,20,0,20,0,0,0,20
04/22/2018,GYY,IN,AGL,CE,Federal Contract Tower,0,0,12,0,12,0,0,23,0,23,0,0,35,0,35,24,0,24,59
04/23/2018,GYY,IN,AGL,CE,Federal Contract Tower,0,2,13,0,15,0,0,13,0,13,0,2,26,0,28,6,0,6,34
04/24/2018,GYY,IN,AGL,CE,Federal Contract Tower,0,0,7,0,7,0,0,12,5,17,0,0,19,5,24,0,0,0,24
04/25/2018,GYY,IN,AGL,CE,Federal Contract Tower,0,0,9,0,9,0,0,12,3,15,0,0,21,3,24,32,0,32,56
04/26/2018,GYY,IN,AGL,CE,Federal Contract Tower,0,2,11,0,13,0,0,17,13,30,0,2,28,13,43,0,6,6,49
04/27/2018,GYY,IN,AGL,CE,Federal Contract Tower,0,2,14,1,17,0,0,11,3,14,0,2,25,4,31,0,0,0,31
04/28/2018,GYY,IN,AGL,CE,Federal Contract Tower,0,1,4,0,5,0,0,27,0,27,0,1,31,0,32,26,0,26,58
04/29/2018,GYY,IN,AGL,CE,Federal Contract Tower,0,3,9,0,12,0,0,29,0,29,0,3,38,0,41,20,0,20,61
04/30/2018,GYY,IN,AGL,CE,Federal Contract Tower,0,1,9,0,10,0,0,6,0,6,0,1,15,0,16,10,0,10,26
05/01/2018,GYY,IN,AGL,CE,Federal Contract Tower,0,2,5,0,7,0,0,23,9,32,0,2,28,9,39,46,6,52,91
05/02/2018,GYY,IN,AGL,CE,Federal Contract Tower,0,2,9,0,11,0,0,11,7,18,0,2,20,7,29,8,0,8,37
05/03/2018,GYY,IN,AGL,CE,Federal Contract Tower,0,0,6,0,6,0,0,0,0,0,0,0,6,0,6,0,0,0,6
05/04/2018,GYY,IN,AGL,CE,Federal Contract Tower,0,0,5,0,5,0,0,3,1,4,0,0,8,1,9,2,0,2,11
05/05/2018,GYY,IN,AGL,CE,Federal Contract Tower,0,0,5,0,5,0,0,25,0,25,0,0,30,0,30,8,0,8,38
05/06/2018,GYY,IN,AGL,CE,Federal Contract Tower,0,0,6,0,6,0,0,7,0,7,0,0,13,0,13,14,0,14,27
05/07/2018,GYY,IN,AGL,CE,Federal Contract Tower,0,0,11,0,11,0,0,25,0,25,0,0,36,0,36,28,0,28,64
05/08/2018,GYY,IN,AGL,CE,Federal Contract Tower,0,2,8,0,10,0,0,24,8,32,0,2,32,8,42,16,4,20,62
05/09/2018,GYY,IN,AGL,CE,Federal Contract Tower,0,2,12,0,14,0,0,7,9,16,0,2,19,9,30,0,20,20,50
05/10/2018,GYY,IN,AGL,CE,Federal Contract Tower,0,0,8,1,9,0,0,11,8,19,0,0,19,9,28,12,14,26,54
05/11/2018,GYY,IN,AGL,CE,Federal Contract Tower,0,1,10,0,11,0,0,6,4,10,0,1,16,4,21,20,0,20,41
05/12/2018,GYY,IN,AGL,CE,Federal Contract Tower,0,0,6,0,6,0,0,0,0,0,0,0,6,0,6,0,0,0,6
05/13/2018,GYY,IN,AGL,CE,Federal Contract Tower,0,0,7,0,7,0,0,7,0,7,0,0,14,0,14,12,0,12,26
05/14/2018,GYY,IN,AGL,CE,Federal Contract Tower,0,2,17,0,19,0,0,4,0,4,0,2,21,0,23,0,0,0,23
05/15/2018,GYY,IN,AGL,CE,Federal Contract Tower,0,0,9,4,13,0,1,9,1,11,0,1,18,5,24,2,0,2,26
05/16/2018,GYY,IN,AGL,CE,Federal Contract Tower,0,0,17,0,17,0,0,29,13,42,0,0,46,13,59,58,26,84,143
05/17/2018,GYY,IN,AGL,CE,Federal Contract Tower,0,1,12,0,13,0,0,24,9,33,0,1,36,9,46,14,34,48,94
05/18/2018,GYY,IN,AGL,CE,Federal Contract Tower,0,1,19,0,20,0,1,15,4,20,0,2,34,4,40,4,12,16,56
05/19/2018,GYY,IN,AGL,CE,Federal Contract Tower,0,0,5,0,5,0,0,5,8,13,0,0,10,8,18,0,62,62,80
05/20/2018,GYY,IN,AGL,CE,Federal Contract Tower,0,2,15,0,17,0,0,1,0,1,0,2,16,0,18,0,0,0,18
05/21/2018,GYY,IN,AGL,CE,Federal Contract Tower,2,3,8,0,13,0,0,3,0,3,2,3,11,0,16,0,0,0,16
05/22/2018,GYY,IN,AGL,CE,Federal Contract Tower,0,2,14,0,16,0,0,17,4,21,0,2,31,4,37,0,6,6,43
05/23/2018,GYY,IN,AGL,CE,Federal Contract Tower,1,17,17,0,35,0,0,28,19,47,1,17,45,19,82,16,56,72,154
05/24/2018,GYY,IN,AGL,CE,Federal Contract Tower,1,11,29,0,41,0,0,25,2,27,1,11,54,2,68,38,10,48,116
05/25/2018,GYY,IN,AGL,CE,Federal Contract Tower,2,2,20,0,24,0,0,28,0,28,2,2,48,0,52,12,0,12,64
05/26/2018,GYY,IN,AGL,CE,Federal Contract Tower,0,2,4,0,6,0,0,14,0,14,0,2,18,0,20,4,0,4,24
05/27/2018,GYY,IN,AGL,CE,Federal Contract Tower,0,0,18,0,18,0,0,11,0,11,0,0,29,0,29,0,0,0,29
05/28/2018,GYY,IN,AGL,CE,Federal Contract Tower,0,3,10,0,13,0,0,17,0,17,0,3,27,0,30,4,0,4,34
05/29/2018,GYY,IN,AGL,CE,Federal Contract Tower,2,0,12,0,14,0,0,23,0,23,2,0,35,0,37,10,0,10,47
05/30/2018,GYY,IN,AGL,CE,Federal Contract Tower,0,5,21,0,26,0,0,15,0,15,0,5,36,0,41,0,0,0,41
05/31/2018,GYY,IN,AGL,CE,Federal Contract Tower,0,3,35,2,40,0,0,14,9,23,0,3,49,11,63,6,0,6,69
06/01/2018,GYY,IN,AGL,CE,Federal Contract Tower,2,3,19,0,24,0,0,2,0,2,2,3,21,0,26,0,0,0,26
06/02/2018,GYY,IN,AGL,CE,Federal Contract Tower,0,2,17,4,23,0,0,8,0,8,0,2,25,4,31,0,0,0,31
06/03/2018,GYY,IN,AGL,CE,Federal Contract Tower,1,4,25,0,30,0,0,11,2,13,1,4,36,2,43,216,0,216,259
06/04/2018,GYY,IN,AGL,CE,Federal Contract Tower,2,11,18,0,31,0,0,14,0,14,2,11,32,0,45,0,0,0,45
06/05/2018,GYY,IN,AGL,CE,Federal Contract Tower,3,3,13,0,19,0,0,17,0,17,3,3,30,0,36,16,0,16,52
06/06/2018,GYY,IN,AGL,CE,Federal Contract Tower,5,7,18,0,30,0,0,15,1,16,5,7,33,1,46,8,0,8,54
06/07/2018,GYY,IN,AGL,CE,Federal Contract Tower,2,5,23,0,30,0,0,31,0,31,2,5,54,0,61,50,0,50,111
06/08/2018,GYY,IN,AGL,CE,Federal Contract Tower,2,2,16,2,22,0,0,7,0,7,2,2,23,2,29,0,0,0,29
06/09/2018,GYY,IN,AGL,CE,Federal Contract Tower,3,3,16,2,24,0,0,3,2,5,3,3,19,4,29,0,0,0,29
06/10/2018,GYY,IN,AGL,CE,Federal Contract Tower,0,8,12,2,22,0,0,1,0,1,0,8,13,2,23,0,0,0,23
06/11/2018,GYY,IN,AGL,CE,Federal Contract Tower,2,5,22,0,29,0,2,4,2,8,2,7,26,2,37,0,0,0,37
06/13/2018,GYY,IN,AGL,CE,Federal Contract Tower,0,7,20,0,27,0,0,29,0,29,0,7,49,0,56,18,0,18,74
06/14/2018,GYY,IN,AGL,CE,Federal Contract Tower,0,7,21,0,28,0,0,16,10,26,0,7,37,10,54,28,0,28,82
06/15/2018,GYY,IN,AGL,CE,Federal Contract Tower,2,5,25,0,32,0,0,0,0,0,2,5,25,0,32,40,0,40,72
06/16/2018,GYY,IN,AGL,CE,Federal Contract Tower,1,2,14,0,17,0,0,17,0,17,1,2,31,0,34,30,0,30,64
06/17/2018,GYY,IN,AGL,CE,Federal Contract Tower,1,3,21,0,25,0,1,13,0,14,1,4,34,0,39,6,0,6,45
06/18/2018,GYY,IN,AGL,CE,Federal Contract Tower,0,0,14,0,14,0,0,19,0,19,0,0,33,0,33,6,0,6,39
06/19/2018,GYY,IN,AGL,CE,Federal Contract Tower,2,7,20,0,29,0,0,9,0,9,2,7,29,0,38,32,0,32,70
06/20/2018,GYY,IN,AGL,CE,Federal Contract Tower,1,4,36,0,41,0,0,5,0,5,1,4,41,0,46,28,0,28,74
06/21/2018,GYY,IN,AGL,CE,Federal Contract Tower,0,6,25,0,31,0,0,0,0,0,0,6,25,0,31,0,0,0,31
06/22/2018,GYY,IN,AGL,CE,Federal Contract Tower,2,4,30,0,36,0,0,0,0,0,2,4,30,0,36,0,0,0,36
06/23/2018,GYY,IN,AGL,CE,Federal Contract Tower,0,5,12,0,17,0,0,16,0,16,0,5,28,0,33,16,0,16,49
06/24/2018,GYY,IN,AGL,CE,Federal Contract Tower,1,2,29,0,32,0,0,18,0,18,1,2,47,0,50,66,2,68,118
06/25/2018,GYY,IN,AGL,CE,Federal Contract Tower,1,5,20,0,26,0,0,15,6,21,1,5,35,6,47,12,0,12,59
06/26/2018,GYY,IN,AGL,CE,Federal Contract Tower,0,12,25,0,37,0,0,13,8,21,0,12,38,8,58,0,0,0,58
06/27/2018,GYY,IN,AGL,CE,Federal Contract Tower,4,7,22,0,33,0,2,10,8,20,4,9,32,8,53,8,8,16,69
06/28/2018,GYY,IN,AGL,CE,Federal Contract Tower,4,5,26,0,35,0,0,39,10,49,4,5,65,10,84,14,0,14,98
06/29/2018,GYY,IN,AGL,CE,Federal Contract Tower,4,7,32,0,43,0,0,20,2,22,4,7,52,2,65,12,0,12,77
06/30/2018,GYY,IN,AGL,CE,Federal Contract Tower,0,2,10,0,12,0,0,21,0,21,0,2,31,0,33,28,0,28,61
07/01/2018,GYY,IN,AGL,CE,Federal Contract Tower,0,2,16,0,18,0,0,5,0,5,0,2,21,0,23,0,0,0,23
07/02/2018,GYY,IN,AGL,CE,Federal Contract Tower,0,2,14,0,16,0,0,24,0,24,0,2,38,0,40,24,0,24,64
07/03/2018,GYY,IN,AGL,CE,Federal Contract Tower,0,6,11,0,17,0,4,26,0,30,0,10,37,0,47,20,0,20,67
07/04/2018,GYY,IN,AGL,CE,Federal Contract Tower,0,0,1,0,1,0,2,5,0,7,0,2,6,0,8,14,0,14,22
07/05/2018,GYY,IN,AGL,CE,Federal Contract Tower,0,0,16,4,20,0,0,6,1,7,0,0,22,5,27,0,0,0,27
07/06/2018,GYY,IN,AGL,CE,Federal Contract Tower,0,2,9,1,12,0,4,23,2,29,0,6,32,3,41,16,0,16,57
07/07/2018,GYY,IN,AGL,CE,Federal Contract Tower,0,0,10,2,12,0,0,20,3,23,0,0,30,5,35,10,28,38,73
07/08/2018,GYY,IN,AGL,CE,Federal Contract Tower,0,8,8,3,19,0,1,28,0,29,0,9,36,3,48,10,0,10,58
07/09/2018,GYY,IN,AGL,CE,Federal Contract Tower,0,4,14,0,18,0,0,22,0,22,0,4,36,0,40,16,0,16,56
07/10/2018,GYY,IN,AGL,CE,Federal Contract Tower,1,1,12,0,14,0,0,19,5,24,1,1,31,5,38,20,0,20,58
07/11/2018,GYY,IN,AGL,CE,Federal Contract Tower,0,3,10,0,13,0,0,19,2,21,0,3,29,2,34,12,0,12,46
07/12/2018,GYY,IN,AGL,CE,Federal Contract Tower,2,5,27,2,36,0,0,12,4,16,2,5,39,6,52,6,16,22,74
07/13/2018,GYY,IN,AGL,CE,Federal Contract Tower,2,3,23,0,28,0,0,20,3,23,2,3,43,3,51,4,10,14,65
07/14/2018,GYY,IN,AGL,CE,Federal Contract Tower,0,0,5,0,5,0,0,6,0,6,0,0,11,0,11,0,0,0,11
07/15/2018,GYY,IN,AGL,CE,Federal Contract Tower,0,3,18,0,21,0,0,18,0,18,0,3,36,0,39,4,0,4,43
07/16/2018,GYY,IN,AGL,CE,Federal Contract Tower,0,4,14,0,18,0,0,9,0,9,0,4,23,0,27,8,0,8,35
07/17/2018,GYY,IN,AGL,CE,Federal Contract Tower,0,2,14,2,18,0,0,35,8,43,0,2,49,10,61,10,0,10,71
07/18/2018,GYY,IN,AGL,CE,Federal Contract Tower,0,4,23,0,27,0,0,24,2,26,0,4,47,2,53,28,0,28,81
07/19/2018,GYY,IN,AGL,CE,Federal Contract Tower,0,4,36,0,40,0,0,34,8,42,0,4,70,8,82,26,16,42,124
07/20/2018,GYY,IN,AGL,CE,Federal Contract Tower,1,5,22,0,28,0,0,9,3,12,1,5,31,3,40,0,0,0,40
07/21/2018,GYY,IN,AGL,CE,Federal Contract Tower,0,2,22,0,24,0,0,2,0,2,0,2,24,0,26,0,0,0,26
07/22/2018,GYY,IN,AGL,CE,Federal Contract Tower,0,3,22,0,25,0,0,20,0,20,0,3,42,0,45,0,0,0,45
07/23/2018,GYY,IN,AGL,CE,Federal Contract Tower,2,6,24,0,32,0,0,25,0,25,2,6,49,0,57,28,0,28,85
07/24/2018,GYY,IN,AGL,CE,Federal Contract Tower,2,6,22,2,32,0,0,27,11,38,2,6,49,13,70,22,26,48,118
07/25/2018,GYY,IN,AGL,CE,Federal Contract Tower,0,5,16,0,21,0,0,27,2,29,0,5,43,2,50,28,0,28,78
07/26/2018,GYY,IN,AGL,CE,Federal Contract Tower,1,6,30,0,37,0,0,32,14,46,1,6,62,14,83,18,28,46,129
07/27/2018,GYY,IN,AGL,CE,Federal Contract Tower,2,6,24,0,32,0,0,16,6,22,2,6,40,6,54,6,10,16,70
07/28/2018,GYY,IN,AGL,CE,Federal Contract Tower,0,4,13,0,17,0,0,0,0,0,0,4,13,0,17,44,0,44,61
07/29/2018,GYY,IN,AGL,CE,Federal Contract Tower,0,7,21,0,28,0,1,21,0,22,0,8,42,0,50,0,0,0,50
07/30/2018,GYY,IN,AGL,CE,Federal Contract Tower,1,1,23,0,25,0,0,24,0,24,1,1,47,0,49,60,0,60,109
07/31/2018,GYY,IN,AGL,CE,Federal Contract Tower,1,2,28,4,35,0,0,19,10,29,1,2,47,14,64,20,14,34,98
08/01/2018,GYY,IN,AGL,CE,Federal Contract Tower,1,4,23,1,29,0,0,27,7,34,1,4,50,8,63,2,0,2,65
08/02/2018,GYY,IN,AGL,CE,Federal Contract Tower,0,4,16,1,21,0,0,13,14,27,0,4,29,15,48,6,10,16,64
08/03/2018,GYY,IN,AGL,CE,Federal Contract Tower,4,6,21,0,31,0,0,23,9,32,4,6,44,9,63,32,0,32,95
08/04/2018,GYY,IN,AGL,CE,Federal Contract Tower,2,1,12,0,15,0,0,51,0,51,2,1,63,0,66,8,0,8,74
08/05/2018,GYY,IN,AGL,CE,Federal Contract Tower,3,0,20,0,23,0,0,19,0,19,3,0,39,0,42,0,0,0,42
08/06/2018,GYY,IN,AGL,CE,Federal Contract Tower,1,3,16,0,20,0,0,20,0,20,1,3,36,0,40,2,0,2,42
08/07/2018,GYY,IN,AGL,CE,Federal Contract Tower,1,4,20,0,25,0,0,9,2,11,1,4,29,2,36,8,54,62,98
08/08/2018,GYY,IN,AGL,CE,Federal Contract Tower,0,6,31,1,38,0,0,4,6,10,0,6,35,7,48,14,0,14,62
08/09/2018,GYY,IN,AGL,CE,Federal Contract Tower,1,5,20,0,26,0,0,20,8,28,1,5,40,8,54,0,0,0,54
08/10/2018,GYY,IN,AGL,CE,Federal Contract Tower,2,1,25,6,34,0,0,25,0,25,2,1,50,6,59,18,0,18,77
08/11/2018,GYY,IN,AGL,CE,Federal Contract Tower,0,1,14,1,16,0,2,26,0,28,0,3,40,1,44,26,0,26,70
08/12/2018,GYY,IN,AGL,CE,Federal Contract Tower,0,5,28,3,36,0,0,24,0,24,0,5,52,3,60,2,0,2,62
08/13/2018,GYY,IN,AGL,CE,Federal Contract Tower,1,4,24,0,29,0,0,25,0,25,1,4,49,0,54,24,0,24,78
08/14/2018,GYY,IN,AGL,CE,Federal Contract Tower,0,7,31,0,38,0,0,44,11,55,0,7,75,11,93,12,0,12,105
08/15/2018,GYY,IN,AGL,CE,Federal Contract Tower,1,6,27,3,37,0,0,35,10,45,1,6,62,13,82,32,10,42,124
08/16/2018,GYY,IN,AGL,CE,Federal Contract Tower,1,1,34,8,44,0,0,50,22,72,1,1,84,30,116,10,22,32,148
08/17/2018,GYY,IN,AGL,CE,Federal Contract Tower,4,1,17,0,22,0,0,47,30,77,4,1,64,30,99,22,14,36,135
08/18/2018,GYY,IN,AGL,CE,Federal Contract Tower,0,3,17,0,20,0,0,71,20,91,0,3,88,20,111,32,13,45,156
08/19/2018,GYY,IN,AGL,CE,Federal Contract Tower,0,3,24,1,28,0,1,40,14,55,0,4,64,15,83,4,0,4,87
08/20/2018,GYY,IN,AGL,CE,Federal Contract Tower,0,6,16,9,31,0,0,11,0,11,0,6,27,9,42,14,0,14,56
08/21/2018,GYY,IN,AGL,CE,Federal Contract Tower,1,2,15,0,18,0,0,5,0,5,1,2,20,0,23,0,0,0,23
08/22/2018,GYY,IN,AGL,CE,Federal Contract Tower,0,5,21,0,26,0,0,43,9,52,0,5,64,9,78,100,17,117,195
08/23/2018,GYY,IN,AGL,CE,Federal Contract Tower,1,7,20,1,29,0,3,23,7,33,1,10,43,8,62,42,0,42,104
08/24/2018,GYY,IN,AGL,CE,Federal Contract Tower,2,6,20,0,28,0,0,5,2,7,2,6,25,2,35,0,0,0,35
08/25/2018,GYY,IN,AGL,CE,Federal Contract Tower,0,3,15,0,18,0,0,6,0,6,0,3,21,0,24,32,0,32,56
08/26/2018,GYY,IN,AGL,CE,Federal Contract Tower,0,13,18,0,31,0,0,20,0,20,0,13,38,0,51,46,0,46,97
08/27/2018,GYY,IN,AGL,CE,Federal Contract Tower,1,17,22,0,40,0,0,18,0,18,1,17,40,0,58,0,0,0,58
08/28/2018,GYY,IN,AGL,CE,Federal Contract Tower,1,1,22,0,24,0,0,7,6,13,1,1,29,6,37,0,0,0,37
08/29/2018,GYY,IN,AGL,CE,Federal Contract Tower,0,8,34,3,45,0,0,12,1,13,0,8,46,4,58,4,4,8,66
08/30/2018,GYY,IN,AGL,CE,Federal Contract Tower,1,7,35,1,44,0,0,39,10,49,1,7,74,11,93,42,10,52,145
08/31/2018,GYY,IN,AGL,CE,Federal Contract Tower,3,3,20,0,26,0,1,33,3,37,3,4,53,3,63,72,0,72,135
09/01/2018,GYY,IN,AGL,CE,Federal Contract Tower,0,4,13,0,17,0,0,2,0,2,0,4,15,0,19,0,0,0,19
09/02/2018,GYY,IN,AGL,CE,Federal Contract Tower,0,3,15,0,18,0,0,7,0,7,0,3,22,0,25,2,0,2,27
09/03/2018,GYY,IN,AGL,CE,Federal Contract Tower,0,6,18,0,24,0,0,11,0,11,0,6,29,0,35,18,0,18,53
09/04/2018,GYY,IN,AGL,CE,Federal Contract Tower,2,3,17,0,22,0,0,19,0,19,2,3,36,0,41,14,0,14,55
09/05/2018,GYY,IN,AGL,CE,Federal Contract Tower,0,2,23,0,25,0,0,10,4,14,0,2,33,4,39,4,0,4,43
09/06/2018,GYY,IN,AGL,CE,Federal Contract Tower,0,4,22,0,26,0,0,4,8,12,0,4,26,8,38,0,0,0,38
09/07/2018,GYY,IN,AGL,CE,Federal Contract Tower,3,5,19,0,27,0,0,5,2,7,3,5,24,2,34,0,0,0,34
09/08/2018,GYY,IN,AGL,CE,Federal Contract Tower,0,1,17,0,18,0,0,25,0,25,0,1,42,0,43,18,0,18,61
09/09/2018,GYY,IN,AGL,CE,Federal Contract Tower,1,5,16,0,22,0,0,3,0,3,1,5,19,0,25,0,0,0,25
09/10/2018,GYY,IN,AGL,CE,Federal Contract Tower,1,7,29,0,37,0,0,7,2,9,1,7,36,2,46,2,0,2,48
09/11/2018,GYY,IN,AGL,CE,Federal Contract Tower,0,8,32,0,40,0,0,10,2,12,0,8,42,2,52,6,0,6,58
09/12/2018,GYY,IN,AGL,CE,Federal Contract Tower,0,4,53,0,57,0,0,38,0,38,0,4,91,0,95,26,6,32,127
09/13/2018,GYY,IN,AGL,CE,Federal Contract Tower,0,6,44,0,50,0,2,86,1,89,0,8,130,1,139,14,0,14,153
09/14/2018,GYY,IN,AGL,CE,Federal Contract Tower,5,6,36,2,49,12,0,30,10,52,17,6,66,12,101,16,4,20,121
09/15/2018,GYY,IN,AGL,CE,Federal Contract Tower,2,8,16,0,26,0,0,31,0,31,2,8,47,0,57,26,0,26,83
09/16/2018,GYY,IN,AGL,CE,Federal Contract Tower,3,6,21,2,32,0,0,24,0,24,3,6,45,2,56,16,0,16,72
09/17/2018,GYY,IN,AGL,CE,Federal Contract Tower,1,8,26,0,35,0,2,21,0,23,1,10,47,0,58,4,0,4,62
09/18/2018,GYY,IN,AGL,CE,Federal Contract Tower,0,9,24,0,33,0,0,11,0,11,0,9,35,0,44,22,0,22,66
09/19/2018,GYY,IN,AGL,CE,Federal Contract Tower,1,10,20,1,32,0,0,12,1,13,1,10,32,2,45,18,0,18,63
09/20/2018,GYY,IN,AGL,CE,Federal Contract Tower,1,5,19,2,27,0,0,19,7,26,1,5,38,9,53,0,10,10,63
09/21/2018,GYY,IN,AGL,CE,Federal Contract Tower,5,7,22,4,38,0,2,20,14,36,5,9,42,18,74,2,28,30,104
09/22/2018,GYY,IN,AGL,CE,Federal Contract Tower,0,3,18,2,23,0,0,18,15,33,0,3,36,17,56,8,4,12,68
09/23/2018,GYY,IN,AGL,CE,Federal Contract Tower,0,3,22,0,25,0,0,22,1,23,0,3,44,1,48,20,0,20,68
09/24/2018,GYY,IN,AGL,CE,Federal Contract Tower,3,1,27,0,31,0,0,2,0,2,3,1,29,0,33,0,0,0,33
09/25/2018,GYY,IN,AGL,CE,Federal Contract Tower,2,6,26,2,36,0,0,6,0,6,2,6,32,2,42,0,0,0,42
09/26/2018,GYY,IN,AGL,CE,Federal Contract Tower,4,10,38,0,52,0,0,21,3,24,4,10,59,3,76,22,2,24,100
09/27/2018,GYY,IN,AGL,CE,Federal Contract Tower,2,6,27,1,36,0,0,8,6,14,2,6,35,7,50,12,12,24,74
09/28/2018,GYY,IN,AGL,CE,Federal Contract Tower,3,4,20,1,28,0,2,25,3,30,3,6,45,4,58,76,0,76,134
09/29/2018,GYY,IN,AGL,CE,Federal Contract Tower,0,1,26,2,29,0,0,26,0,26,0,1,52,2,55,6,0,6,61
09/30/2018,GYY,IN,AGL,CE,Federal Contract Tower,1,4,23,0,28,0,2,4,0,6,1,6,27,0,34,2,0,2,36
10/01/2018,GYY,IN,AGL,CE,Federal Contract Tower,3,2,21,0,26,0,0,11,0,11,3,2,32,0,37,6,0,6,43
10/02/2018,GYY,IN,AGL,CE,Federal Contract Tower,1,4,12,1,18,0,0,14,3,17,1,4,26,4,35,18,0,18,53
10/03/2018,GYY,IN,AGL,CE,Federal Contract Tower,0,7,26,0,33,0,0,10,3,13,0,7,36,3,46,0,0,0,46
10/04/2018,GYY,IN,AGL,CE,Federal Contract Tower,2,2,27,1,32,0,0,12,12,24,2,2,39,13,56,2,24,26,82
10/05/2018,GYY,IN,AGL,CE,Federal Contract Tower,2,5,22,1,30,0,0,0,0,0,2,5,22,1,30,0,0,0,30
10/06/2018,GYY,IN,AGL,CE,Federal Contract Tower,0,3,12,1,16,0,0,2,0,2,0,3,14,1,18,0,0,0,18
10/07/2018,GYY,IN,AGL,CE,Federal Contract Tower,2,8,31,0,41,0,0,0,0,0,2,8,31,0,41,0,0,0,41
10/08/2018,GYY,IN,AGL,CE,Federal Contract Tower,0,8,29,0,37,0,0,12,0,12,0,8,41,0,49,10,0,10,59
10/10/2018,GYY,IN,AGL,CE,Federal Contract Tower,0,3,33,0,36,0,0,1,0,1,0,3,34,0,37,0,0,0,37
10/11/2018,GYY,IN,AGL,CE,Federal Contract Tower,1,7,19,0,27,0,0,5,5,10,1,7,24,5,37,2,12,14,51
10/12/2018,GYY,IN,AGL,CE,Federal Contract Tower,3,10,22,0,35,0,0,12,4,16,3,10,34,4,51,8,16,24,75
10/13/2018,GYY,IN,AGL,CE,Federal Contract Tower,0,2,26,0,28,0,6,45,14,65,0,8,71,14,93,28,10,38,131
10/14/2018,GYY,IN,AGL,CE,Federal Contract Tower,0,1,31,0,32,0,0,9,3,12,0,1,40,3,44,112,0,112,156
10/15/2018,GYY,IN,AGL,CE,Federal Contract Tower,0,3,26,0,29,0,0,12,0,12,0,3,38,0,41,12,0,12,53
10/16/2018,GYY,IN,AGL,CE,Federal Contract Tower,2,6,19,1,28,0,0,13,2,15,2,6,32,3,43,8,4,12,55
10/17/2018,GYY,IN,AGL,CE,Federal Contract Tower,2,6,34,0,42,0,0,15,2,17,2,6,49,2,59,50,0,50,109
10/18/2018,GYY,IN,AGL,CE,Federal Contract Tower,3,3,23,2,31,0,0,12,6,18,3,3,35,8,49,2,8,10,59
10/19/2018,GYY,IN,AGL,CE,Federal Contract Tower,3,3,46,8,60,0,0,4,1,5,3,3,50,9,65,0,0,0,65
10/20/2018,GYY,IN,AGL,CE,Federal Contract Tower,1,9,20,0,30,0,0,1,0,1,1,9,21,0,31,0,0,0,31
10/21/2018,GYY,IN,AGL,CE,Federal Contract Tower,4,4,30,3,41,0,0,34,3,37,4,4,64,6,78,20,0,20,98
10/22/2018,GYY,IN,AGL,CE,Federal Contract Tower,1,1,24,0,26,0,0,37,0,37,1,1,61,0,63,12,0,12,75
10/23/2018,GYY,IN,AGL,CE,Federal Contract Tower,2,9,26,1,38,0,0,18,4,22,2,9,44,5,60,20,0,20,80
10/24/2018,GYY,IN,AGL,CE,Federal Contract Tower,1,3,32,1,37,0,0,18,0,18,1,3,50,1,55,12,8,20,75
10/25/2018,GYY,IN,AGL,CE,Federal Contract Tower,1,12,37,0,50,0,0,19,7,26,1,12,56,7,76,10,0,10,86
10/26/2018,GYY,IN,AGL,CE,Federal Contract Tower,3,8,28,0,39,0,0,9,2,11,3,8,37,2,50,12,0,12,62
10/27/2018,GYY,IN,AGL,CE,Federal Contract Tower,0,0,14,0,14,0,0,7,0,7,0,0,21,0,21,0,0,0,21
10/28/2018,GYY,IN,AGL,CE,Federal Contract Tower,1,4,30,0,35,0,0,2,0,2,1,4,32,0,37,0,0,0,37
10/29/2018,GYY,IN,AGL,CE,Federal Contract Tower,0,5,28,0,33,0,2,28,0,30,0,7,56,0,63,20,0,20,83
10/30/2018,GYY,IN,AGL,CE,Federal Contract Tower,2,7,19,0,28,0,0,14,7,21,2,7,33,7,49,20,0,20,69
10/31/2018,GYY,IN,AGL,CE,Federal Contract Tower,2,9,29,0,40,0,0,6,3,9,2,9,35,3,49,0,0,0,49
11/01/2018,GYY,IN,AGL,CE,Federal Contract Tower,2,8,17,0,27,0,0,4,7,11,2,8,21,7,38,6,14,20,58
11/02/2018,GYY,IN,AGL,CE,Federal Contract Tower,3,4,17,1,25,0,0,19,7,26,3,4,36,8,51,10,6,16,67
11/03/2018,GYY,IN,AGL,CE,Federal Contract Tower,0,0,11,0,11,0,0,26,12,38,0,0,37,12,49,10,4,14,63
11/04/2018,GYY,IN,AGL,CE,Federal Contract Tower,2,4,11,1,18,0,0,0,0,0,2,4,11,1,18,0,0,0,18
11/05/2018,GYY,IN,AGL,CE,Federal Contract Tower,3,6,21,0,30,0,2,6,0,8,3,8,27,0,38,0,0,0,38
11/06/2018,GYY,IN,AGL,CE,Federal Contract Tower,2,5,16,0,23,0,0,1,4,5,2,5,17,4,28,0,8,8,36
11/07/2018,GYY,IN,AGL,CE,Federal Contract Tower,1,1,28,1,31,0,0,18,5,23,1,1,46,6,54,0,0,0,54
11/08/2018,GYY,IN,AGL,CE,Federal Contract Tower,1,5,25,1,32,0,0,20,9,29,1,5,45,10,61,24,1,25,86
11/09/2018,GYY,IN,AGL,CE,Federal Contract Tower,4,4,23,0,31,0,0,1,0,1,4,4,24,0,32,0,0,0,32
11/10/2018,GYY,IN,AGL,CE,Federal Contract Tower,1,1,12,0,14,0,0,23,0,23,1,1,35,0,37,18,0,18,55
11/11/2018,GYY,IN,AGL,CE,Federal Contract Tower,1,4,23,0,28,0,2,14,0,16,1,6,37,0,44,0,0,0,44
11/12/2018,GYY,IN,AGL,CE,Federal Contract Tower,2,4,28,0,34,0,2,3,0,5,2,6,31,0,39,0,0,0,39
11/13/2018,GYY,IN,AGL,CE,Federal Contract Tower,0,10,23,0,33,0,0,16,0,16,0,10,39,0,49,8,0,8,57
11/14/2018,GYY,IN,AGL,CE,Federal Contract Tower,1,7,29,3,40,0,0,23,9,32,1,7,52,12,72,40,0,40,112
11/15/2018,GYY,IN,AGL,CE,Federal Contract Tower,2,7,26,1,36,0,0,0,13,13,2,7,26,14,49,0,84,84,133
11/16/2018,GYY,IN,AGL,CE,Federal Contract Tower,3,2,31,0,36,0,0,6,2,8,3,2,37,2,44,18,44,62,106
11/17/2018,GYY,IN,AGL,CE,Federal Contract Tower,0,2,23,0,25,0,0,0,0,0,0,2,23,0,25,0,0,0,25
11/18/2018,GYY,IN,AGL,CE,Federal Contract Tower,0,7,15,0,22,0,0,3,0,3,0,7,18,0,25,0,0,0,25
11/19/2018,GYY,IN,AGL,CE,Federal Contract Tower,2,9,32,0,43,0,0,11,0,11,2,9,43,0,54,0,0,0,54
11/20/2018,GYY,IN,AGL,CE,Federal Contract Tower,1,5,23,1,30,0,0,13,10,23,1,5,36,11,53,6,34,40,93
11/21/2018,GYY,IN,AGL,CE,Federal Contract Tower,0,3,29,0,32,0,0,11,11,22,0,3,40,11,54,0,20,20,74
11/22/2018,GYY,IN,AGL,CE,Federal Contract Tower,0,0,3,0,3,0,0,4,0,4,0,0,7,0,7,6,0,6,13
11/23/2018,GYY,IN,AGL,CE,Federal Contract Tower,2,1,6,0,9,0,0,7,0,7,2,1,13,0,16,2,0,2,18
11/24/2018,GYY,IN,AGL,CE,Federal Contract Tower,0,1,16,0,17,0,0,2,0,2,0,1,18,0,19,0,0,0,19
11/25/2018,GYY,IN,AGL,CE,Federal Contract Tower,0,6,32,0,38,0,0,0,0,0,0,6,32,0,38,0,0,0,38
11/26/2018,GYY,IN,AGL,CE,Federal Contract Tower,2,6,13,0,21,0,0,2,0,2,2,6,15,0,23,0,0,0,23
11/27/2018,GYY,IN,AGL,CE,Federal Contract Tower,0,4,15,0,19,0,0,2,10,12,0,4,17,10,31,0,14,14,45
11/28/2018,GYY,IN,AGL,CE,Federal Contract Tower,1,4,20,0,25,0,2,20,7,29,1,6,40,7,54,30,20,50,104
11/29/2018,GYY,IN,AGL,CE,Federal Contract Tower,1,2,13,0,16,0,0,3,10,13,1,2,16,10,29,0,16,16,45
11/30/2018,GYY,IN,AGL,CE,Federal Contract Tower,3,1,26,0,30,0,0,4,3,7,3,1,30,3,37,0,0,0,37
12/02/2018,GYY,IN,AGL,CE,Federal Contract Tower,1,2,20,0,23,0,0,2,0,2,1,2,22,0,25,0,0,0,25
12/03/2018,GYY,IN,AGL,CE,Federal Contract Tower,1,7,20,0,28,0,0,0,0,0,1,7,20,0,28,0,0,0,28
12/04/2018,GYY,IN,AGL,CE,Federal Contract Tower,4,3,21,0,28,0,0,5,6,11,4,3,26,6,39,30,4,34,73
12/05/2018,GYY,IN,AGL,CE,Federal Contract Tower,2,6,21,0,29,0,0,4,0,4,2,6,25,0,33,2,0,2,35
12/06/2018,GYY,IN,AGL,CE,Federal Contract Tower,3,9,18,0,30,0,1,17,4,22,3,10,35,4,52,14,0,14,66
12/07/2018,GYY,IN,AGL,CE,Federal Contract Tower,3,4,25,0,32,0,0,14,2,16,3,4,39,2,48,10,10,20,68
12/08/2018,GYY,IN,AGL,CE,Federal Contract Tower,1,0,11,0,12,0,0,32,0,32,1,0,43,0,44,2,0,2,46
12/09/2018,GYY,IN,AGL,CE,Federal Contract Tower,1,0,16,0,17,0,0,20,0,20,1,0,36,0,37,0,0,0,37
12/10/2018,GYY,IN,AGL,CE,Federal Contract Tower,2,7,25,0,34,0,0,2,0,2,2,7,27,0,36,0,0,0,36
12/11/2018,GYY,IN,AGL,CE,Federal Contract Tower,1,5,29,0,35,0,0,21,9,30,1,5,50,9,65,50,6,56,121
12/12/2018,GYY,IN,AGL,CE,Federal Contract Tower,0,5,24,0,29,0,0,9,1,10,0,5,33,1,39,6,6,12,51
12/13/2018,GYY,IN,AGL,CE,Federal Contract Tower,0,7,28,0,35,0,0,17,12,29,0,7,45,12,64,24,58,82,146
12/14/2018,GYY,IN,AGL,CE,Federal Contract Tower,2,3,18,0,23,0,0,0,0,0,2,3,18,0,23,0,0,0,23
12/15/2018,GYY,IN,AGL,CE,Federal Contract Tower,0,9,21,8,38,0,0,35,2,37,0,9,56,10,75,44,3,47,122
12/16/2018,GYY,IN,AGL,CE,Federal Contract Tower,3,5,16,0,24,0,0,10,5,15,3,5,26,5,39,6,0,6,45
12/17/2018,GYY,IN,AGL,CE,Federal Contract Tower,2,7,21,2,32,0,2,38,0,40,2,9,59,2,72,56,0,56,128
12/18/2018,GYY,IN,AGL,CE,Federal Contract Tower,0,5,10,0,15,0,2,16,13,31,0,7,26,13,46,22,14,36,82
12/19/2018,GYY,IN,AGL,CE,Federal Contract Tower,5,8,20,1,34,0,0,18,7,25,5,8,38,8,59,26,14,40,99
12/20/2018,GYY,IN,AGL,CE,Federal Contract Tower,0,9,25,0,34,0,0,0,0,0,0,9,25,0,34,0,0,0,34
12/21/2018,GYY,IN,AGL,CE,Federal Contract Tower,2,19,14,0,35,0,0,2,2,4,2,19,16,2,39,0,0,0,39
12/22/2018,GYY,IN,AGL,CE,Federal Contract Tower,0,4,23,0,27,0,0,6,0,6,0,4,29,0,33,0,0,0,33
12/23/2018,GYY,IN,AGL,CE,Federal Contract Tower,0,3,10,0,13,0,0,5,0,5,0,3,15,0,18,2,0,2,20
12/24/2018,GYY,IN,AGL,CE,Federal Contract Tower,0,1,7,0,8,0,0,9,0,9,0,1,16,0,17,8,0,8,25
12/25/2018,GYY,IN,AGL,CE,Federal Contract Tower,0,3,3,0,6,0,0,1,0,1,0,3,4,0,7,2,0,2,9
12/26/2018,GYY,IN,AGL,CE,Federal Contract Tower,0,2,20,0,22,0,0,11,0,11,0,2,31,0,33,28,0,28,61
12/27/2018,GYY,IN,AGL,CE,Federal Contract Tower,0,1,5,0,6,0,0,0,0,0,0,1,5,0,6,0,0,0,6
12/28/2018,GYY,IN,AGL,CE,Federal Contract Tower,2,4,9,0,15,0,0,2,0,2,2,4,11,0,17,0,0,0,17
12/29/2018,GYY,IN,AGL,CE,Federal Contract Tower,0,4,17,0,21,0,0,0,0,0,0,4,17,0,21,0,0,0,21
12/30/2018,GYY,IN,AGL,CE,Federal Contract Tower,0,4,11,0,15,0,0,11,0,11,0,4,22,0,26,0,0,0,26
12/31/2018,GYY,IN,AGL,CE,Federal Contract Tower,0,4,5,0,9,0,0,0,0,0,0,4,5,0,9,0,0,0,9
01/01/2019,GYY,IN,AGL,CE,Federal Contract Tower,0,0,10,0,10,0,0,0,0,0,0,0,10,0,10,0,0,0,10
01/02/2019,GYY,IN,AGL,CE,Federal Contract Tower,1,10,15,0,26,0,0,0,2,2,1,10,15,2,28,0,0,0,28
01/03/2019,GYY,IN,AGL,CE,Federal Contract Tower,2,4,18,0,24,0,0,32,11,43,2,4,50,11,67,0,10,10,77
01/04/2019,GYY,IN,AGL,CE,Federal Contract Tower,2,4,19,3,28,0,0,28,8,36,2,4,47,11,64,0,8,8,72
01/05/2019,GYY,IN,AGL,CE,Federal Contract Tower,0,7,14,0,21,0,0,31,0,31,0,7,45,0,52,104,0,104,156
01/06/2019,GYY,IN,AGL,CE,Federal Contract Tower,1,2,17,1,21,0,0,0,0,0,1,2,17,1,21,2,0,2,23
01/07/2019,GYY,IN,AGL,CE,Federal Contract Tower,1,0,22,0,23,0,0,0,0,0,1,0,22,0,23,0,0,0,23
01/08/2019,GYY,IN,AGL,CE,Federal Contract Tower,0,1,13,1,15,0,0,2,5,7,0,1,15,6,22,0,0,0,22
01/09/2019,GYY,IN,AGL,CE,Federal Contract Tower,1,1,21,0,23,0,5,12,4,21,1,6,33,4,44,0,0,0,44
01/10/2019,GYY,IN,AGL,CE,Federal Contract Tower,1,4,17,1,23,0,0,11,5,16,1,4,28,6,39,0,12,12,51
01/11/2019,GYY,IN,AGL,CE,Federal Contract Tower,3,2,22,0,27,0,0,15,6,21,3,2,37,6,48,16,0,16,64
01/12/2019,GYY,IN,AGL,CE,Federal Contract Tower,1,3,2,0,6,0,0,0,0,0,1,3,2,0,6,0,0,0,6
01/13/2019,GYY,IN,AGL,CE,Federal Contract Tower,1,7,18,0,26,0,0,6,0,6,1,7,24,0,32,0,0,0,32
01/14/2019,GYY,IN,AGL,CE,Federal Contract Tower,0,6,20,2,28,0,0,3,0,3,0,6,23,2,31,0,0,0,31
01/15/2019,GYY,IN,AGL,CE,Federal Contract Tower,0,6,24,0,30,0,0,2,2,4,0,6,26,2,34,0,14,14,48
01/16/2019,GYY,IN,AGL,CE,Federal Contract Tower,0,6,31,0,37,0,2,15,6,23,0,8,46,6,60,10,10,20,80
01/17/2019,GYY,IN,AGL,CE,Federal Contract Tower,2,6,25,0,33,0,0,1,1,2,2,6,26,1,35,6,8,14,49
01/18/2019,GYY,IN,AGL,CE,Federal Contract Tower,3,10,25,0,38,0,0,4,2,6,3,10,29,2,44,0,2,2,46
01/19/2019,GYY,IN,AGL,CE,Federal Contract Tower,1,2,3,0,6,0,0,0,0,0,1,2,3,0,6,0,0,0,6
01/20/2019,GYY,IN,AGL,CE,Federal Contract Tower,2,1,4,0,7,0,0,0,0,0,2,1,4,0,7,0,0,0,7
01/21/2019,GYY,IN,AGL,CE,Federal Contract Tower,0,2,19,0,21,0,0,5,0,5,0,2,24,0,26,6,0,6,32
01/22/2019,GYY,IN,AGL,CE,Federal Contract Tower,0,5,22,0,27,0,0,2,0,2,0,5,24,0,29,0,0,0,29
01/23/2019,GYY,IN,AGL,CE,Federal Contract Tower,0,10,22,0,32,0,0,0,0,0,0,10,22,0,32,0,0,0,32
01/24/2019,GYY,IN,AGL,CE,Federal Contract Tower,2,3,21,0,26,0,0,7,7,14,2,3,28,7,40,16,16,32,72
01/25/2019,GYY,IN,AGL,CE,Federal Contract Tower,3,5,20,0,28,0,2,11,1,14,3,7,31,1,42,12,0,12,54
01/26/2019,GYY,IN,AGL,CE,Federal Contract Tower,0,2,11,0,13,0,0,4,0,4,0,2,15,0,17,0,0,0,17
01/27/2019,GYY,IN,AGL,CE,Federal Contract Tower,1,6,7,0,14,0,0,19,0,19,1,6,26,0,33,26,0,26,59
01/28/2019,GYY,IN,AGL,CE,Federal Contract Tower,3,4,4,0,11,0,0,0,0,0,3,4,4,0,11,0,0,0,11
01/29/2019,GYY,IN,AGL,CE,Federal Contract Tower,1,5,22,1,29,0,0,3,0,3,1,5,25,1,32,0,0,0,32
01/30/2019,GYY,IN,AGL,CE,Federal Contract Tower,2,7,18,0,27,0,0,0,0,0,2,7,18,0,27,6,0,6,33
01/31/2019,GYY,IN,AGL,CE,Federal Contract Tower,0,6,19,0,25,0,0,2,0,2,0,6,21,0,27,0,0,0,27
02/01/2019,GYY,IN,AGL,CE,Federal Contract Tower,7,11,19,0,37,0,0,21,12,33,7,11,40,12,70,6,6,12,82
02/02/2019,GYY,IN,AGL,CE,Federal Contract Tower,0,3,9,0,12,0,0,5,2,7,0,3,14,2,19,6,0,6,25
02/03/2019,GYY,IN,AGL,CE,Federal Contract Tower,2,8,11,0,21,0,0,2,0,2,2,8,13,0,23,0,0,0,23
02/04/2019,GYY,IN,AGL,CE,Federal Contract Tower,1,2,20,0,23,0,0,3,0,3,1,2,23,0,26,0,0,0,26
02/05/2019,GYY,IN,AGL,CE,Federal Contract Tower,0,9,14,0,23,0,0,8,2,10,0,9,22,2,33,0,0,0,33
02/06/2019,GYY,IN,AGL,CE,Federal Contract Tower,3,12,11,0,26,0,0,0,0,0,3,12,11,0,26,0,0,0,26
02/07/2019,GYY,IN,AGL,CE,Federal Contract Tower,4,5,18,0,27,0,0,0,1,1,4,5,18,1,28,0,4,4,32
02/08/2019,GYY,IN,AGL,CE,Federal Contract Tower,10,9,24,0,43,0,1,16,0,17,10,10,40,0,60,0,0,0,60
02/09/2019,GYY,IN,AGL,CE,Federal Contract Tower,2,8,18,0,28,0,0,14,0,14,2,8,32,0,42,0,0,0,42
02/10/2019,GYY,IN,AGL,CE,Federal Contract Tower,2,4,12,1,19,0,0,3,0,3,2,4,15,1,22,4,0,4,26
02/12/2019,GYY,IN,AGL,CE,Federal Contract Tower,1,6,13,0,20,0,0,0,0,0,1,6,13,0,20,0,0,0,20
02/13/2019,GYY,IN,AGL,CE,Federal Contract Tower,1,12,28,1,42,0,4,23,5,32,1,16,51,6,74,22,0,22,96
02/14/2019,GYY,IN,AGL,CE,Federal Contract Tower,4,4,26,0,34,0,0,18,9,27,4,4,44,9,61,4,18,22,83
02/15/2019,GYY,IN,AGL,CE,Federal Contract Tower,8,4,19,4,35,0,0,18,3,21,8,4,37,7,56,12,2,14,70
02/16/2019,GYY,IN,AGL,CE,Federal Contract Tower,4,3,14,0,21,0,0,13,0,13,4,3,27,0,34,4,0,4,38
02/17/2019,GYY,IN,AGL,CE,Federal Contract Tower,0,2,10,0,12,0,0,0,0,0,0,2,10,0,12,0,0,0,12
02/18/2019,GYY,IN,AGL,CE,Federal Contract Tower,0,6,24,0,30,0,0,12,0,12,0,6,36,0,42,0,0,0,42
02/19/2019,GYY,IN,AGL,CE,Federal Contract Tower,2,7,18,0,27,0,2,17,0,19,2,9,35,0,46,12,0,12,58
02/20/2019,GYY,IN,AGL,CE,Federal Contract Tower,2,8,9,0,19,0,0,0,0,0,2,8,9,0,19,0,0,0,19
02/21/2019,GYY,IN,AGL,CE,Federal Contract Tower,1,10,22,1,34,0,0,31,5,36,1,10,53,6,70,44,0,44,114
02/22/2019,GYY,IN,AGL,CE,Federal Contract Tower,4,7,22,1,34,0,0,34,8,42,4,7,56,9,76,22,0,22,98
02/23/2019,GYY,IN,AGL,CE,Federal Contract Tower,0,2,10,3,15,0,0,0,0,0,0,2,10,3,15,0,0,0,15
02/24/2019,GYY,IN,AGL,CE,Federal Contract Tower,0,6,9,0,15,0,0,0,0,0,0,6,9,0,15,0,0,0,15
02/25/2019,GYY,IN,AGL,CE,Federal Contract Tower,0,6,23,0,29,0,0,23,0,23,0,6,46,0,52,30,0,30,82
02/26/2019,GYY,IN,AGL,CE,Federal Contract Tower,0,8,29,0,37,0,0,9,4,13,0,8,38,4,50,0,12,12,62
02/27/2019,GYY,IN,AGL,CE,Federal Contract Tower,0,7,19,0,26,0,0,8,3,11,0,7,27,3,37,6,6,12,49
02/28/2019,GYY,IN,AGL,CE,Federal Contract Tower,2,4,20,0,26,0,0,10,4,14,2,4,30,4,40,0,0,0,40
03/01/2019,GYY,IN,AGL,CE,Federal Contract Tower,2,13,22,0,37,0,2,21,4,27,2,15,43,4,64,14,0,14,78
03/02/2019,GYY,IN,AGL,CE,Federal Contract Tower,0,20,10,2,32,0,0,8,4,12,0,20,18,6,44,36,0,36,80
03/03/2019,GYY,IN,AGL,CE,Federal Contract Tower,0,14,15,0,29,0,0,10,0,10,0,14,25,0,39,0,0,0,39
03/04/2019,GYY,IN,AGL,CE,Federal Contract Tower,0,15,18,0,33,0,0,12,0,12,0,15,30,0,45,0,0,0,45
03/05/2019,GYY,IN,AGL,CE,Federal Contract Tower,2,9,13,0,24,0,2,13,5,20,2,11,26,5,44,6,16,22,66
03/06/2019,GYY,IN,AGL,CE,Federal Contract Tower,1,8,36,0,45,0,2,22,5,29,1,10,58,5,74,12,14,26,100
03/07/2019,GYY,IN,AGL,CE,Federal Contract Tower,2,8,25,1,36,0,0,26,9,35,2,8,51,10,71,14,0,14,85
03/08/2019,GYY,IN,AGL,CE,Federal Contract Tower,2,4,27,0,33,0,0,27,6,33,2,4,54,6,66,28,0,28,94
03/09/2019,GYY,IN,AGL,CE,Federal Contract Tower,0,5,2,0,7,0,0,7,0,7,0,5,9,0,14,0,0,0,14
03/10/2019,GYY,IN,AGL,CE,Federal Contract Tower,0,3,14,0,17,0,0,0,0,0,0,3,14,0,17,0,0,0,17
03/11/2019,GYY,IN,AGL,CE,Federal Contract Tower,1,2,19,0,22,0,0,22,0,22,1,2,41,0,44,0,0,0,44
03/12/2019,GYY,IN,AGL,CE,Federal Contract Tower,1,7,18,0,26,0,2,23,9,34,1,9,41,9,60,18,0,18,78
03/13/2019,GYY,IN,AGL,CE,Federal Contract Tower,1,5,24,3,33,0,0,9,4,13,1,5,33,7,46,6,16,22,68
03/14/2019,GYY,IN,AGL,CE,Federal Contract Tower,0,5,20,0,25,0,0,0,5,5,0,5,20,5,30,0,4,4,34
03/15/2019,GYY,IN,AGL,CE,Federal Contract Tower,4,1,11,2,18,0,0,0,4,4,4,1,11,6,22,0,26,26,48
03/16/2019,GYY,IN,AGL,CE,Federal Contract Tower,2,1,19,0,22,0,0,44,0,44,2,1,63,0,66,12,0,12,78
03/17/2019,GYY,IN,AGL,CE,Federal Contract Tower,0,2,15,0,17,0,0,14,0,14,0,2,29,0,31,18,0,18,49
03/18/2019,GYY,IN,AGL,CE,Federal Contract Tower,1,1,24,0,26,0,0,27,0,27,1,1,51,0,53,14,0,14,67
03/19/2019,GYY,IN,AGL,CE,Federal Contract Tower,2,2,20,0,24,0,1,13,2,16,2,3,33,2,40,0,0,0,40
03/20/2019,GYY,IN,AGL,CE,Federal Contract Tower,0,5,32,0,37,0,0,5,5,10,0,5,37,5,47,0,0,0,47
03/21/2019,GYY,IN,AGL,CE,Federal Contract Tower,2,5,16,3,26,0,0,2,6,8,2,5,18,9,34,4,30,34,68
03/22/2019,GYY,IN,AGL,CE,Federal Contract Tower,3,4,18,0,25,0,0,21,7,28,3,4,39,7,53,0,0,0,53
03/23/2019,GYY,IN,AGL,CE,Federal Contract Tower,1,1,20,0,22,0,0,42,0,42,1,1,62,0,64,14,0,14,78
03/24/2019,GYY,IN,AGL,CE,Federal Contract Tower,0,3,16,0,19,0,0,0,0,0,0,3,16,0,19,0,0,0,19
03/25/2019,GYY,IN,AGL,CE,Federal Contract Tower,1,1,14,0,16,0,1,19,0,20,1,2,33,0,36,0,0,0,36
03/26/2019,GYY,IN,AGL,CE,Federal Contract Tower,0,2,15,0,17,0,0,22,12,34,0,2,37,12,51,6,6,12,63
03/27/2019,GYY,IN,AGL,CE,Federal Contract Tower,0,5,20,0,25,0,17,4,0,21,0,22,24,0,46,18,2,20,66
03/28/2019,GYY,IN,AGL,CE,Federal Contract Tower,0,4,11,1,16,0,0,11,6,17,0,4,22,7,33,28,0,28,61
03/29/2019,GYY,IN,AGL,CE,Federal Contract Tower,4,6,26,0,36,0,0,25,4,29,4,6,51,4,65,52,0,52,117
03/30/2019,GYY,IN,AGL,CE,Federal Contract Tower,0,1,18,0,19,0,0,2,0,2,0,1,20,0,21,0,0,0,21
03/31/2019,GYY,IN,AGL,CE,Federal Contract Tower,0,7,19,0,26,0,0,38,0,38,0,7,57,0,64,60,0,60,124
04/01/2019,GYY,IN,AGL,CE,Federal Contract Tower,4,10,21,0,35,0,0,24,1,25,4,10,45,1,60,43,10,53,113
04/02/2019,GYY,IN,AGL,CE,Federal Contract Tower,2,4,30,4,40,0,2,14,0,16,2,6,44,4,56,0,0,0,56
04/03/2019,GYY,IN,AGL,CE,Federal Contract Tower,1,9,23,0,33,0,0,20,0,20,1,9,43,0,53,30,0,30,83
04/04/2019,GYY,IN,AGL,CE,Federal Contract Tower,1,4,21,6,32,0,1,2,1,4,1,5,23,7,36,10,0,10,46
04/05/2019,GYY,IN,AGL,CE,Federal Contract Tower,2,5,21,2,30,0,0,6,4,10,2,5,27,6,40,0,0,0,40
04/06/2019,GYY,IN,AGL,CE,Federal Contract Tower,1,1,11,3,16,0,0,8,9,17,1,1,19,12,33,24,0,24,57
04/07/2019,GYY,IN,AGL,CE,Federal Contract Tower,1,3,32,2,38,0,0,3,1,4,1,3,35,3,42,0,0,0,42
04/08/2019,GYY,IN,AGL,CE,Federal Contract Tower,1,5,32,0,38,0,0,28,8,36,1,5,60,8,74,56,0,56,130
04/09/2019,GYY,IN,AGL,CE,Federal Contract Tower,0,8,23,5,36,0,0,22,0,22,0,8,45,5,58,38,0,38,96
04/10/2019,GYY,IN,AGL,CE,Federal Contract Tower,2,5,26,4,37,0,2,1,0,3,2,7,27,4,40,0,0,0,40
04/11/2019,GYY,IN,AGL,CE,Federal Contract Tower,0,4,22,1,27,0,0,11,10,21,0,4,33,11,48,8,10,18,66
04/12/2019,GYY,IN,AGL,CE,Federal Contract Tower,2,6,22,0,30,0,0,6,1,7,2,6,28,1,37,1,0,1,38
04/13/2019,GYY,IN,AGL,CE,Federal Contract Tower,0,4,20,0,24,0,2,46,0,48,0,6,66,0,72,40,0,40,112
04/14/2019,GYY,IN,AGL,CE,Federal Contract Tower,0,4,15,0,19,0,0,0,0,0,0,4,15,0,19,0,0,0,19
04/15/2019,GYY,IN,AGL,CE,Federal Contract Tower,2,7,19,0,28,0,0,16,0,16,2,7,35,0,44,16,0,16,60
04/16/2019,GYY,IN,AGL,CE,Federal Contract Tower,0,3,18,0,21,0,0,26,5,31,0,3,44,5,52,8,0,8,60
04/18/2019,GYY,IN,AGL,CE,Federal Contract Tower,1,4,31,0,36,0,0,0,0,0,1,4,31,0,36,0,0,0,36
04/19/2019,GYY,IN,AGL,CE,Federal Contract Tower,3,0,11,1,15,0,0,0,1,1,3,0,11,2,16,0,0,0,16
04/20/2019,GYY,IN,AGL,CE,Federal Contract Tower,0,0,13,0,13,0,0,9,2,11,0,0,22,2,24,0,0,0,24
04/21/2019,GYY,IN,AGL,CE,Federal Contract Tower,0,4,14,0,18,0,0,14,0,14,0,4,28,0,32,6,0,6,38
04/22/2019,GYY,IN,AGL,CE,Federal Contract Tower,1,4,20,0,25,0,0,8,0,8,1,4,28,0,33,0,0,0,33
04/23/2019,GYY,IN,AGL,CE,Federal Contract Tower,2,9,17,0,28,0,0,6,4,10,2,9,23,4,38,26,4,30,68
04/24/2019,GYY,IN,AGL,CE,Federal Contract Tower,1,5,28,0,34,0,6,18,7,31,1,11,46,7,65,36,24,60,125
04/25/2019,GYY,IN,AGL,CE,Federal Contract Tower,0,6,20,0,26,0,0,14,6,20,0,6,34,6,46,20,28,48,94
04/26/2019,GYY,IN,AGL,CE,Federal Contract Tower,0,10,23,1,34,0,0,20,7,27,0,10,43,8,61,22,0,22,83
04/27/2019,GYY,IN,AGL,CE,Federal Contract Tower,0,7,11,0,18,0,0,2,0,2,0,7,13,0,20,0,0,0,20
04/28/2019,GYY,IN,AGL,CE,Federal Contract Tower,2,10,10,0,22,0,0,27,0,27,2,10,37,0,49,71,0,71,120
04/29/2019,GYY,IN,AGL,CE,Federal Contract Tower,3,10,28,0,41,0,0,7,0,7,3,10,35,0,48,18,0,18,66
05/01/2019,GYY,IN,AGL,CE,Federal Contract Tower,0,2,25,1,28,0,0,12,2,14,0,2,37,3,42,32,0,32,74
05/02/2019,GYY,IN,AGL,CE,Federal Contract Tower,0,0,0,0,0,0,0,0,0,0,0,0,0,0,0,0,0,0,0
05/03/2019,GYY,IN,AGL,CE,Federal Contract Tower,0,0,0,0,0,0,0,3,0,3,0,0,3,0,3,0,0,0,3
05/04/2019,GYY,IN,AGL,CE,Federal Contract Tower,0,0,0,0,0,0,0,7,0,7,0,0,7,0,7,0,0,0,7
05/05/2019,GYY,IN,AGL,CE,Federal Contract Tower,0,0,0,0,0,0,0,0,0,0,0,0,0,0,0,0,0,0,0
05/06/2019,GYY,IN,AGL,CE,Federal Contract Tower,0,0,0,0,0,0,0,4,0,4,0,0,4,0,4,0,0,0,4
05/07/2019,GYY,IN,AGL,CE,Federal Contract Tower,0,0,0,0,0,0,0,2,4,6,0,0,2,4,6,0,0,0,6
05/09/2019,GYY,IN,AGL,CE,Federal Contract Tower,0,0,1,0,1,0,3,3,10,16,0,3,4,10,17,0,0,0,17
05/10/2019,GYY,IN,AGL,CE,Federal Contract Tower,0,0,1,0,1,0,4,1,2,7,0,4,2,2,8,0,0,0,8
05/11/2019,GYY,IN,AGL,CE,Federal Contract Tower,0,0,0,0,0,0,0,0,0,0,0,0,0,0,0,0,0,0,0
05/12/2019,GYY,IN,AGL,CE,Federal Contract Tower,0,0,0,0,0,0,0,0,0,0,0,0,0,0,0,0,0,0,0
05/13/2019,GYY,IN,AGL,CE,Federal Contract Tower,0,0,0,0,0,0,2,2,2,6,0,2,2,2,6,0,0,0,6
05/14/2019,GYY,IN,AGL,CE,Federal Contract Tower,0,0,0,0,0,0,0,5,4,9,0,0,5,4,9,0,0,0,9
05/15/2019,GYY,IN,AGL,CE,Federal Contract Tower,0,0,0,0,0,0,0,4,4,8,0,0,4,4,8,0,0,0,8
05/16/2019,GYY,IN,AGL,CE,Federal Contract Tower,0,0,0,0,0,0,0,4,7,11,0,0,4,7,11,0,0,0,11
05/17/2019,GYY,IN,AGL,CE,Federal Contract Tower,0,0,0,0,0,0,0,3,8,11,0,0,3,8,11,0,0,0,11
05/18/2019,GYY,IN,AGL,CE,Federal Contract Tower,0,0,0,0,0,0,0,0,6,6,0,0,0,6,6,0,0,0,6
05/19/2019,GYY,IN,AGL,CE,Federal Contract Tower,0,0,0,0,0,0,0,0,0,0,0,0,0,0,0,0,0,0,0
05/20/2019,GYY,IN,AGL,CE,Federal Contract Tower,0,0,0,0,0,0,0,8,8,16,0,0,8,8,16,0,0,0,16
05/21/2019,GYY,IN,AGL,CE,Federal Contract Tower,0,0,17,1,18,0,1,11,9,21,0,1,28,10,39,0,20,20,59
05/22/2019,GYY,IN,AGL,CE,Federal Contract Tower,0,6,10,0,16,0,0,16,9,25,0,6,26,9,41,8,20,28,69
05/23/2019,GYY,IN,AGL,CE,Federal Contract Tower,0,1,13,0,14,0,1,22,3,26,0,2,35,3,40,34,10,44,84
05/24/2019,GYY,IN,AGL,CE,Federal Contract Tower,0,7,14,0,21,0,1,13,0,14,0,8,27,0,35,20,0,20,55
05/25/2019,GYY,IN,AGL,CE,Federal Contract Tower,0,5,3,0,8,0,2,2,3,7,0,7,5,3,15,2,0,2,17
05/26/2019,GYY,IN,AGL,CE,Federal Contract Tower,0,3,3,0,6,0,0,8,2,10,0,3,11,2,16,0,0,0,16
05/27/2019,GYY,IN,AGL,CE,Federal Contract Tower,0,8,3,0,11,0,0,11,0,11,0,8,14,0,22,12,0,12,34
05/28/2019,GYY,IN,AGL,CE,Federal Contract Tower,4,3,10,0,17,0,0,10,0,10,4,3,20,0,27,2,0,2,29
05/29/2019,GYY,IN,AGL,CE,Federal Contract Tower,1,5,15,0,21,0,3,13,7,23,1,8,28,7,44,4,0,4,48
05/30/2019,GYY,IN,AGL,CE,Federal Contract Tower,0,9,15,0,24,0,0,20,1,21,0,9,35,1,45,26,0,26,71
05/31/2019,GYY,IN,AGL,CE,Federal Contract Tower,2,8,24,0,34,0,0,23,8,31,2,8,47,8,65,44,0,44,109
06/01/2019,GYY,IN,AGL,CE,Federal Contract Tower,0,0,8,0,8,0,0,10,1,11,0,0,18,1,19,20,0,20,39
06/02/2019,GYY,IN,AGL,CE,Federal Contract Tower,0,5,21,0,26,0,0,27,0,27,0,5,48,0,53,26,0,26,79
06/03/2019,GYY,IN,AGL,CE,Federal Contract Tower,2,3,26,0,31,0,2,16,0,18,2,5,42,0,49,0,0,0,49
06/04/2019,GYY,IN,AGL,CE,Federal Contract Tower,2,12,29,1,44,0,3,10,1,14,2,15,39,2,58,0,0,0,58
06/05/2019,GYY,IN,AGL,CE,Federal Contract Tower,4,7,24,0,35,0,0,28,3,31,4,7,52,3,66,16,0,16,82
06/06/2019,GYY,IN,AGL,CE,Federal Contract Tower,2,9,23,0,34,0,0,2,0,2,2,9,25,0,36,0,0,0,36
06/07/2019,GYY,IN,AGL,CE,Federal Contract Tower,1,8,28,0,37,0,0,23,3,26,1,8,51,3,63,20,0,20,83
06/08/2019,GYY,IN,AGL,CE,Federal Contract Tower,0,2,8,0,10,0,0,37,5,42,0,2,45,5,52,44,2,46,98
06/09/2019,GYY,IN,AGL,CE,Federal Contract Tower,0,3,21,0,24,0,0,0,0,0,0,3,21,0,24,0,0,0,24
06/10/2019,GYY,IN,AGL,CE,Federal Contract Tower,0,2,26,0,28,0,1,18,0,19,0,3,44,0,47,12,0,12,59
06/11/2019,GYY,IN,AGL,CE,Federal Contract Tower,6,2,33,0,41,0,0,19,1,20,6,2,52,1,61,4,4,8,69
06/12/2019,GYY,IN,AGL,CE,Federal Contract Tower,3,11,20,2,36,0,2,17,5,24,3,13,37,7,60,10,4,14,74
06/13/2019,GYY,IN,AGL,CE,Federal Contract Tower,0,5,22,0,27,0,0,9,4,13,0,5,31,4,40,10,0,10,50
06/14/2019,GYY,IN,AGL,CE,Federal Contract Tower,2,2,32,0,36,0,0,21,3,24,2,2,53,3,60,0,1,1,61
06/15/2019,GYY,IN,AGL,CE,Federal Contract Tower,0,2,20,0,22,0,0,0,0,0,0,2,20,0,22,0,0,0,22
06/16/2019,GYY,IN,AGL,CE,Federal Contract Tower,0,3,12,0,15,0,0,1,0,1,0,3,13,0,16,0,0,0,16
06/17/2019,GYY,IN,AGL,CE,Federal Contract Tower,0,1,24,0,25,0,0,0,0,0,0,1,24,0,25,0,0,0,25
06/18/2019,GYY,IN,AGL,CE,Federal Contract Tower,0,1,23,0,24,0,0,25,3,28,0,1,48,3,52,14,14,28,80
06/19/2019,GYY,IN,AGL,CE,Federal Contract Tower,1,7,19,2,29,0,0,13,3,16,1,7,32,5,45,20,0,20,65
06/20/2019,GYY,IN,AGL,CE,Federal Contract Tower,1,6,38,0,45,0,0,1,1,2,1,6,39,1,47,16,0,16,63
06/21/2019,GYY,IN,AGL,CE,Federal Contract Tower,3,6,22,0,31,0,2,35,4,41,3,8,57,4,72,2,6,8,80
06/22/2019,GYY,IN,AGL,CE,Federal Contract Tower,1,6,12,0,19,0,2,11,0,13,1,8,23,0,32,42,0,42,74
06/23/2019,GYY,IN,AGL,CE,Federal Contract Tower,0,6,19,0,25,0,1,20,0,21,0,7,39,0,46,4,0,4,50
06/24/2019,GYY,IN,AGL,CE,Federal Contract Tower,1,5,22,0,28,0,0,4,1,5,1,5,26,1,33,0,0,0,33
06/25/2019,GYY,IN,AGL,CE,Federal Contract Tower,3,2,26,0,31,0,0,32,7,39,3,2,58,7,70,36,0,36,106
06/27/2019,GYY,IN,AGL,CE,Federal Contract Tower,1,7,28,0,36,0,0,26,5,31,1,7,54,5,67,11,10,21,88
06/28/2019,GYY,IN,AGL,CE,Federal Contract Tower,2,3,17,2,24,0,0,15,3,18,2,3,32,5,42,0,0,0,42
06/29/2019,GYY,IN,AGL,CE,Federal Contract Tower,0,3,13,0,16,0,0,26,0,26,0,3,39,0,42,45,0,45,87
06/30/2019,GYY,IN,AGL,CE,Federal Contract Tower,0,3,26,0,29,0,0,27,0,27,0,3,53,0,56,36,0,36,92
07/01/2019,GYY,IN,AGL,CE,Federal Contract Tower,3,6,17,0,26,0,0,17,2,19,3,6,34,2,45,38,0,38,83
07/02/2019,GYY,IN,AGL,CE,Federal Contract Tower,0,2,15,0,17,0,0,16,7,23,0,2,31,7,40,8,12,20,60
07/03/2019,GYY,IN,AGL,CE,Federal Contract Tower,1,0,13,0,14,0,0,24,1,25,1,0,37,1,39,32,0,32,71
07/04/2019,GYY,IN,AGL,CE,Federal Contract Tower,1,0,6,0,7,0,0,5,0,5,1,0,11,0,12,4,0,4,16
07/05/2019,GYY,IN,AGL,CE,Federal Contract Tower,2,1,9,0,12,0,2,12,0,14,2,3,21,0,26,6,0,6,32
07/06/2019,GYY,IN,AGL,CE,Federal Contract Tower,0,3,12,1,16,0,0,10,1,11,0,3,22,2,27,2,0,2,29
07/07/2019,GYY,IN,AGL,CE,Federal Contract Tower,1,9,25,0,35,0,0,14,0,14,1,9,39,0,49,4,0,4,53
07/08/2019,GYY,IN,AGL,CE,Federal Contract Tower,2,7,24,0,33,0,0,36,0,36,2,7,60,0,69,16,0,16,85
07/09/2019,GYY,IN,AGL,CE,Federal Contract Tower,0,4,29,0,33,0,0,33,0,33,0,4,62,0,66,6,0,6,72
07/10/2019,GYY,IN,AGL,CE,Federal Contract Tower,1,6,30,0,37,0,0,26,0,26,1,6,56,0,63,0,0,0,63
07/11/2019,GYY,IN,AGL,CE,Federal Contract Tower,0,2,33,0,35,0,2,8,6,16,0,4,41,6,51,0,6,6,57
07/12/2019,GYY,IN,AGL,CE,Federal Contract Tower,2,5,30,0,37,0,0,52,5,57,2,5,82,5,94,12,0,12,106
07/13/2019,GYY,IN,AGL,CE,Federal Contract Tower,0,0,13,0,13,0,0,50,4,54,0,0,63,4,67,48,0,48,115
07/14/2019,GYY,IN,AGL,CE,Federal Contract Tower,0,6,17,0,23,0,0,28,15,43,0,6,45,15,66,14,0,14,80
07/15/2019,GYY,IN,AGL,CE,Federal Contract Tower,3,4,23,0,30,0,0,36,2,38,3,4,59,2,68,30,0,30,98
07/16/2019,GYY,IN,AGL,CE,Federal Contract Tower,1,3,28,1,33,0,0,6,3,9,1,3,34,4,42,0,0,0,42
07/17/2019,GYY,IN,AGL,CE,Federal Contract Tower,0,12,38,1,51,0,0,18,30,48,0,12,56,31,99,32,1,33,132
07/18/2019,GYY,IN,AGL,CE,Federal Contract Tower,4,10,44,0,58,0,0,24,5,29,4,10,68,5,87,16,10,26,113
07/19/2019,GYY,IN,AGL,CE,Federal Contract Tower,2,2,47,0,51,0,5,44,0,49,2,7,91,0,100,14,0,14,114
07/20/2019,GYY,IN,AGL,CE,Federal Contract Tower,1,0,14,0,15,0,0,38,6,44,1,0,52,6,59,2,0,2,61
07/21/2019,GYY,IN,AGL,CE,Federal Contract Tower,2,4,26,2,34,0,0,18,0,18,2,4,44,2,52,0,0,0,52
07/22/2019,GYY,IN,AGL,CE,Federal Contract Tower,0,12,34,0,46,0,0,19,0,19,0,12,53,0,65,6,0,6,71
07/23/2019,GYY,IN,AGL,CE,Federal Contract Tower,1,6,31,2,40,2,0,24,6,32,3,6,55,8,72,18,0,18,90
07/24/2019,GYY,IN,AGL,CE,Federal Contract Tower,0,1,29,1,31,0,1,41,7,49,0,2,70,8,80,18,0,18,98
07/25/2019,GYY,IN,AGL,CE,Federal Contract Tower,0,3,38,0,41,0,1,32,7,40,0,4,70,7,81,22,0,22,103
07/26/2019,GYY,IN,AGL,CE,Federal Contract Tower,3,0,32,0,35,0,0,36,0,36,3,0,68,0,71,0,0,0,71
07/27/2019,GYY,IN,AGL,CE,Federal Contract Tower,0,4,23,0,27,0,0,26,0,26,0,4,49,0,53,12,0,12,65
07/28/2019,GYY,IN,AGL,CE,Federal Contract Tower,0,4,33,0,37,2,0,35,3,40,2,4,68,3,77,16,0,16,93
07/29/2019,GYY,IN,AGL,CE,Federal Contract Tower,1,5,20,0,26,0,0,5,4,9,1,5,25,4,35,0,0,0,35
07/30/2019,GYY,IN,AGL,CE,Federal Contract Tower,1,6,35,1,43,0,0,40,8,48,1,6,75,9,91,22,0,22,113
07/31/2019,GYY,IN,AGL,CE,Federal Contract Tower,1,3,19,0,23,0,0,29,4,33,1,3,48,4,56,58,0,58,114
08/01/2019,GYY,IN,AGL,CE,Federal Contract Tower,1,3,27,0,31,0,0,24,29,53,1,3,51,29,84,52,0,52,136
08/02/2019,GYY,IN,AGL,CE,Federal Contract Tower,1,4,31,0,36,0,4,46,12,62,1,8,77,12,98,54,0,54,152
08/03/2019,GYY,IN,AGL,CE,Federal Contract Tower,0,4,19,0,23,0,0,52,0,52,0,4,71,0,75,22,0,22,97
08/04/2019,GYY,IN,AGL,CE,Federal Contract Tower,2,5,26,0,33,0,0,20,0,20,2,5,46,0,53,8,0,8,61
08/05/2019,GYY,IN,AGL,CE,Federal Contract Tower,0,10,16,0,26,0,0,16,0,16,0,10,32,0,42,18,0,18,60
08/06/2019,GYY,IN,AGL,CE,Federal Contract Tower,1,4,27,0,32,0,2,10,3,15,1,6,37,3,47,8,14,22,69
08/07/2019,GYY,IN,AGL,CE,Federal Contract Tower,3,2,18,0,23,0,0,29,2,31,3,2,47,2,54,22,0,22,76
08/08/2019,GYY,IN,AGL,CE,Federal Contract Tower,3,7,35,0,45,0,0,36,1,37,3,7,71,1,82,20,0,20,102
08/09/2019,GYY,IN,AGL,CE,Federal Contract Tower,0,4,29,1,34,0,0,34,2,36,0,4,63,3,70,20,0,20,90
08/10/2019,GYY,IN,AGL,CE,Federal Contract Tower,0,3,14,1,18,0,0,24,1,25,0,3,38,2,43,8,0,8,51
08/11/2019,GYY,IN,AGL,CE,Federal Contract Tower,0,11,15,0,26,0,0,14,4,18,0,11,29,4,44,0,0,0,44
08/12/2019,GYY,IN,AGL,CE,Federal Contract Tower,0,14,15,0,29,0,0,8,0,8,0,14,23,0,37,0,0,0,37
08/13/2019,GYY,IN,AGL,CE,Federal Contract Tower,2,3,30,6,41,0,0,31,0,31,2,3,61,6,72,22,1,23,95
08/14/2019,GYY,IN,AGL,CE,Federal Contract Tower,0,5,38,12,55,0,0,30,6,36,0,5,68,18,91,18,0,18,109
08/15/2019,GYY,IN,AGL,CE,Federal Contract Tower,0,8,34,9,51,0,0,59,48,107,0,8,93,57,158,2,8,10,168
08/16/2019,GYY,IN,AGL,CE,Federal Contract Tower,2,4,25,0,31,0,2,49,44,95,2,6,74,44,126,22,60,82,208
08/17/2019,GYY,IN,AGL,CE,Federal Contract Tower,0,2,20,2,24,0,0,54,64,118,0,2,74,66,142,18,38,56,198
08/18/2019,GYY,IN,AGL,CE,Federal Contract Tower,0,3,11,23,37,0,0,28,44,72,0,3,39,67,109,2,9,11,120
08/19/2019,GYY,IN,AGL,CE,Federal Contract Tower,0,8,31,11,50,0,0,19,12,31,0,8,50,23,81,26,32,58,139
08/20/2019,GYY,IN,AGL,CE,Federal Contract Tower,0,4,14,0,18,0,0,2,10,12,0,4,16,10,30,12,24,36,66
08/21/2019,GYY,IN,AGL,CE,Federal Contract Tower,0,4,20,2,26,0,1,27,15,43,0,5,47,17,69,64,12,76,145
08/22/2019,GYY,IN,AGL,CE,Federal Contract Tower,4,7,35,1,47,0,0,30,24,54,4,7,65,25,101,48,16,64,165
08/23/2019,GYY,IN,AGL,CE,Federal Contract Tower,2,8,21,1,32,0,0,34,0,34,2,8,55,1,66,26,0,26,92
08/24/2019,GYY,IN,AGL,CE,Federal Contract Tower,1,3,15,0,19,0,0,23,0,23,1,3,38,0,42,10,0,10,52
08/25/2019,GYY,IN,AGL,CE,Federal Contract Tower,0,3,16,0,19,0,2,35,0,37,0,5,51,0,56,4,0,4,60
08/26/2019,GYY,IN,AGL,CE,Federal Contract Tower,1,5,20,0,26,0,0,0,0,0,1,5,20,0,26,0,0,0,26
08/27/2019,GYY,IN,AGL,CE,Federal Contract Tower,3,4,18,0,25,0,0,15,0,15,3,4,33,0,40,14,0,14,54
08/28/2019,GYY,IN,AGL,CE,Federal Contract Tower,1,5,35,0,41,0,2,27,2,31,1,7,62,2,72,10,0,10,82
08/29/2019,GYY,IN,AGL,CE,Federal Contract Tower,1,8,23,1,33,0,0,27,1,28,1,8,50,2,61,18,0,18,79
08/30/2019,GYY,IN,AGL,CE,Federal Contract Tower,1,10,38,1,50,0,0,64,1,65,1,10,102,2,115,24,2,26,141
08/31/2019,GYY,IN,AGL,CE,Federal Contract Tower,1,0,19,2,22,0,0,28,0,28,1,0,47,2,50,26,2,28,78
09/01/2019,GYY,IN,AGL,CE,Federal Contract Tower,0,4,6,0,10,0,0,10,0,10,0,4,16,0,20,10,0,10,30
09/02/2019,GYY,IN,AGL,CE,Federal Contract Tower,0,8,31,0,39,0,0,14,0,14,0,8,45,0,53,0,0,0,53
09/03/2019,GYY,IN,AGL,CE,Federal Contract Tower,1,12,21,0,34,0,0,4,0,4,1,12,25,0,38,0,0,0,38
09/04/2019,GYY,IN,AGL,CE,Federal Contract Tower,1,6,21,0,28,0,0,35,3,38,1,6,56,3,66,28,0,28,94
09/05/2019,GYY,IN,AGL,CE,Federal Contract Tower,2,10,20,0,32,0,0,73,0,73,2,10,93,0,105,22,0,22,127
09/06/2019,GYY,IN,AGL,CE,Federal Contract Tower,2,9,27,0,38,0,0,17,0,17,2,9,44,0,55,0,0,0,55
09/07/2019,GYY,IN,AGL,CE,Federal Contract Tower,0,6,20,0,26,2,0,17,2,21,2,6,37,2,47,0,0,0,47
09/08/2019,GYY,IN,AGL,CE,Federal Contract Tower,3,5,26,0,34,0,0,4,0,4,3,5,30,0,38,0,0,0,38
09/09/2019,GYY,IN,AGL,CE,Federal Contract Tower,0,7,20,0,27,0,0,13,0,13,0,7,33,0,40,46,0,46,86
09/10/2019,GYY,IN,AGL,CE,Federal Contract Tower,0,4,25,0,29,1,0,14,0,15,1,4,39,0,44,30,0,30,74
09/11/2019,GYY,IN,AGL,CE,Federal Contract Tower,1,4,26,0,31,0,0,18,4,22,1,4,44,4,53,4,0,4,57
09/12/2019,GYY,IN,AGL,CE,Federal Contract Tower,0,9,27,0,36,0,0,16,7,23,0,9,43,7,59,20,0,20,79
09/13/2019,GYY,IN,AGL,CE,Federal Contract Tower,5,10,35,0,50,0,0,16,2,18,5,10,51,2,68,26,8,34,102
09/14/2019,GYY,IN,AGL,CE,Federal Contract Tower,2,9,18,0,29,0,0,53,0,53,2,9,71,0,82,40,0,40,122
09/15/2019,GYY,IN,AGL,CE,Federal Contract Tower,0,5,17,0,22,0,2,10,0,12,0,7,27,0,34,0,0,0,34
09/16/2019,GYY,IN,AGL,CE,Federal Contract Tower,0,5,36,2,43,0,0,0,0,0,0,5,36,2,43,0,0,0,43
09/17/2019,GYY,IN,AGL,CE,Federal Contract Tower,1,2,20,2,25,0,0,7,3,10,1,2,27,5,35,0,8,8,43
09/18/2019,GYY,IN,AGL,CE,Federal Contract Tower,1,4,30,0,35,0,0,30,3,33,1,4,60,3,68,18,0,18,86
09/19/2019,GYY,IN,AGL,CE,Federal Contract Tower,1,7,28,2,38,0,0,29,6,35,1,7,57,8,73,16,0,16,89
09/20/2019,GYY,IN,AGL,CE,Federal Contract Tower,2,12,29,0,43,0,1,29,5,35,2,13,58,5,78,10,12,22,100
09/21/2019,GYY,IN,AGL,CE,Federal Contract Tower,1,4,18,0,23,0,0,8,3,11,1,4,26,3,34,6,6,12,46
09/22/2019,GYY,IN,AGL,CE,Federal Contract Tower,1,7,31,0,39,0,0,5,0,5,1,7,36,0,44,6,0,6,50
09/23/2019,GYY,IN,AGL,CE,Federal Contract Tower,4,7,27,0,38,0,0,14,1,15,4,7,41,1,53,12,0,12,65
09/24/2019,GYY,IN,AGL,CE,Federal Contract Tower,0,7,22,0,29,0,0,20,0,20,0,7,42,0,49,32,0,32,81
09/25/2019,GYY,IN,AGL,CE,Federal Contract Tower,2,3,26,0,31,0,0,33,5,38,2,3,59,5,69,20,8,28,97
09/26/2019,GYY,IN,AGL,CE,Federal Contract Tower,0,6,33,0,39,0,0,47,4,51,0,6,80,4,90,10,0,10,100
09/27/2019,GYY,IN,AGL,CE,Federal Contract Tower,2,13,21,1,37,0,0,6,0,6,2,13,27,1,43,0,0,0,43
09/28/2019,GYY,IN,AGL,CE,Federal Contract Tower,0,8,26,3,37,0,0,1,0,1,0,8,27,3,38,0,0,0,38
09/29/2019,GYY,IN,AGL,CE,Federal Contract Tower,2,5,21,0,28,0,0,0,0,0,2,5,21,0,28,0,0,0,28
09/30/2019,GYY,IN,AGL,CE,Federal Contract Tower,2,11,32,1,46,0,0,19,3,22,2,11,51,4,68,4,0,4,72
10/01/2019,GYY,IN,AGL,CE,Federal Contract Tower,3,7,30,0,40,0,0,12,5,17,3,7,42,5,57,4,0,4,61
10/02/2019,GYY,IN,AGL,CE,Federal Contract Tower,2,1,29,1,33,0,0,0,0,0,2,1,29,1,33,0,0,0,33
10/03/2019,GYY,IN,AGL,CE,Federal Contract Tower,0,6,29,0,35,0,0,11,12,23,0,6,40,12,58,0,0,0,58
10/04/2019,GYY,IN,AGL,CE,Federal Contract Tower,1,16,35,0,52,0,1,34,1,36,1,17,69,1,88,14,0,14,102
10/06/2019,GYY,IN,AGL,CE,Federal Contract Tower,2,4,25,2,33,0,0,19,10,29,2,4,44,12,62,6,18,24,86
10/07/2019,GYY,IN,AGL,CE,Federal Contract Tower,2,4,20,0,26,0,0,14,0,14,2,4,34,0,40,16,0,16,56
10/08/2019,GYY,IN,AGL,CE,Federal Contract Tower,3,9,18,0,30,0,2,48,2,52,3,11,66,2,82,14,0,14,96
10/09/2019,GYY,IN,AGL,CE,Federal Contract Tower,0,3,19,0,22,0,0,21,2,23,0,3,40,2,45,26,0,26,71
10/10/2019,GYY,IN,AGL,CE,Federal Contract Tower,3,5,27,1,36,0,0,18,8,26,3,5,45,9,62,6,10,16,78
10/11/2019,GYY,IN,AGL,CE,Federal Contract Tower,6,6,21,0,33,0,0,0,0,0,6,6,21,0,33,0,0,0,33
10/12/2019,GYY,IN,AGL,CE,Federal Contract Tower,0,1,18,0,19,0,0,10,0,10,0,1,28,0,29,6,0,6,35
10/13/2019,GYY,IN,AGL,CE,Federal Contract Tower,1,6,10,0,17,0,1,9,0,10,1,7,19,0,27,0,0,0,27
10/14/2019,GYY,IN,AGL,CE,Federal Contract Tower,2,6,27,0,35,0,2,29,0,31,2,8,56,0,66,26,0,26,92
10/15/2019,GYY,IN,AGL,CE,Federal Contract Tower,1,6,21,0,28,0,0,6,0,6,1,6,27,0,34,0,0,0,34
10/16/2019,GYY,IN,AGL,CE,Federal Contract Tower,0,8,27,2,37,0,0,7,2,9,0,8,34,4,46,2,0,2,48
10/17/2019,GYY,IN,AGL,CE,Federal Contract Tower,1,4,23,0,28,0,0,18,0,18,1,4,41,0,46,14,0,14,60
10/18/2019,GYY,IN,AGL,CE,Federal Contract Tower,5,4,9,0,18,0,0,14,4,18,5,4,23,4,36,2,0,2,38
10/19/2019,GYY,IN,AGL,CE,Federal Contract Tower,2,2,21,1,26,0,0,14,5,19,2,2,35,6,45,0,0,0,45
10/20/2019,GYY,IN,AGL,CE,Federal Contract Tower,1,6,31,4,42,0,0,5,0,5,1,6,36,4,47,14,0,14,61
10/21/2019,GYY,IN,AGL,CE,Federal Contract Tower,1,7,23,3,34,0,0,2,0,2,1,7,25,3,36,0,0,0,36
10/22/2019,GYY,IN,AGL,CE,Federal Contract Tower,0,6,11,0,17,0,0,5,0,5,0,6,16,0,22,0,0,0,22
10/23/2019,GYY,IN,AGL,CE,Federal Contract Tower,2,10,22,0,34,0,0,20,3,23,2,10,42,3,57,22,0,22,79
10/24/2019,GYY,IN,AGL,CE,Federal Contract Tower,7,7,27,0,41,0,1,16,3,20,7,8,43,3,61,46,0,46,107
10/25/2019,GYY,IN,AGL,CE,Federal Contract Tower,3,11,30,2,46,0,2,13,0,15,3,13,43,2,61,4,0,4,65
10/26/2019,GYY,IN,AGL,CE,Federal Contract Tower,2,7,14,6,29,0,0,2,0,2,2,7,16,6,31,0,0,0,31
10/27/2019,GYY,IN,AGL,CE,Federal Contract Tower,1,13,27,0,41,0,4,16,8,28,1,17,43,8,69,2,0,2,71
10/28/2019,GYY,IN,AGL,CE,Federal Contract Tower,0,15,35,4,54,0,0,5,0,5,0,15,40,4,59,0,0,0,59
10/29/2019,GYY,IN,AGL,CE,Federal Contract Tower,0,6,24,3,33,0,0,13,2,15,0,6,37,5,48,14,0,14,62
10/30/2019,GYY,IN,AGL,CE,Federal Contract Tower,1,9,13,0,23,0,0,0,0,0,1,9,13,0,23,0,0,0,23
10/31/2019,GYY,IN,AGL,CE,Federal Contract Tower,2,7,11,0,20,0,0,0,0,0,2,7,11,0,20,0,0,0,20
11/01/2019,GYY,IN,AGL,CE,Federal Contract Tower,2,6,36,0,44,0,0,20,4,24,2,6,56,4,68,10,0,10,78
11/02/2019,GYY,IN,AGL,CE,Federal Contract Tower,0,8,7,0,15,0,0,8,0,8,0,8,15,0,23,10,0,10,33
11/03/2019,GYY,IN,AGL,CE,Federal Contract Tower,0,7,18,1,26,0,0,13,2,15,0,7,31,3,41,40,0,40,81
11/04/2019,GYY,IN,AGL,CE,Federal Contract Tower,1,8,24,0,33,0,2,13,0,15,1,10,37,0,48,0,0,0,48
11/05/2019,GYY,IN,AGL,CE,Federal Contract Tower,1,9,15,0,25,0,2,14,2,18,1,11,29,2,43,20,0,20,63
11/06/2019,GYY,IN,AGL,CE,Federal Contract Tower,3,13,29,0,45,0,0,15,3,18,3,13,44,3,63,10,0,10,73
11/07/2019,GYY,IN,AGL,CE,Federal Contract Tower,3,8,29,1,41,0,0,13,4,17,3,8,42,5,58,4,0,4,62
11/08/2019,GYY,IN,AGL,CE,Federal Contract Tower,5,6,28,0,39,0,0,18,0,18,5,6,46,0,57,20,0,20,77
11/09/2019,GYY,IN,AGL,CE,Federal Contract Tower,1,4,15,0,20,0,2,11,0,13,1,6,26,0,33,0,0,0,33
11/10/2019,GYY,IN,AGL,CE,Federal Contract Tower,2,5,30,0,37,0,0,2,0,2,2,5,32,0,39,0,0,0,39
11/11/2019,GYY,IN,AGL,CE,Federal Contract Tower,2,5,20,0,27,0,0,0,0,0,2,5,20,0,27,0,0,0,27
11/12/2019,GYY,IN,AGL,CE,Federal Contract Tower,1,7,30,0,38,0,0,16,1,17,1,7,46,1,55,14,0,14,69
11/13/2019,GYY,IN,AGL,CE,Federal Contract Tower,1,4,27,0,32,0,0,5,0,5,1,4,32,0,37,2,0,2,39
11/14/2019,GYY,IN,AGL,CE,Federal Contract Tower,0,3,27,0,30,0,0,28,1,29,0,3,55,1,59,36,0,36,95
11/15/2019,GYY,IN,AGL,CE,Federal Contract Tower,4,5,32,3,44,0,0,13,0,13,4,5,45,3,57,0,0,0,57
11/16/2019,GYY,IN,AGL,CE,Federal Contract Tower,0,3,16,0,19,0,0,26,0,26,0,3,42,0,45,18,0,18,63
11/17/2019,GYY,IN,AGL,CE,Federal Contract Tower,1,3,18,0,22,0,0,11,0,11,1,3,29,0,33,6,0,6,39
11/18/2019,GYY,IN,AGL,CE,Federal Contract Tower,0,12,23,0,35,0,0,18,0,18,0,12,41,0,53,0,0,0,53
11/19/2019,GYY,IN,AGL,CE,Federal Contract Tower,0,6,16,0,22,0,0,2,0,2,0,6,18,0,24,0,0,0,24
11/20/2019,GYY,IN,AGL,CE,Federal Contract Tower,0,8,28,1,37,0,0,19,7,26,0,8,47,8,63,6,4,10,73
11/21/2019,GYY,IN,AGL,CE,Federal Contract Tower,3,7,27,0,37,0,0,0,0,0,3,7,27,0,37,0,0,0,37
11/22/2019,GYY,IN,AGL,CE,Federal Contract Tower,6,6,17,0,29,0,0,21,4,25,6,6,38,4,54,2,10,12,66
11/23/2019,GYY,IN,AGL,CE,Federal Contract Tower,1,3,13,0,17,0,0,14,0,14,1,3,27,0,31,18,0,18,49
11/24/2019,GYY,IN,AGL,CE,Federal Contract Tower,3,7,10,0,20,0,2,28,0,30,3,9,38,0,50,14,0,14,64
11/25/2019,GYY,IN,AGL,CE,Federal Contract Tower,1,4,20,0,25,0,0,23,0,23,1,4,43,0,48,64,0,64,112
11/26/2019,GYY,IN,AGL,CE,Federal Contract Tower,3,12,13,0,28,0,0,5,2,7,3,12,18,2,35,6,0,6,41
11/27/2019,GYY,IN,AGL,CE,Federal Contract Tower,0,4,12,0,16,0,0,0,0,0,0,4,12,0,16,0,0,0,16
11/28/2019,GYY,IN,AGL,CE,Federal Contract Tower,0,0,2,0,2,0,0,11,0,11,0,0,13,0,13,0,0,0,13
11/29/2019,GYY,IN,AGL,CE,Federal Contract Tower,2,1,9,0,12,0,0,2,0,2,2,1,11,0,14,0,0,0,14
11/30/2019,GYY,IN,AGL,CE,Federal Contract Tower,0,5,15,0,20,0,0,0,0,0,0,5,15,0,20,0,0,0,20
12/01/2019,GYY,IN,AGL,CE,Federal Contract Tower,3,12,22,0,37,0,0,5,0,5,3,12,27,0,42,0,0,0,42
12/02/2019,GYY,IN,AGL,CE,Federal Contract Tower,1,7,24,0,32,0,0,6,0,6,1,7,30,0,38,0,0,0,38
12/03/2019,GYY,IN,AGL,CE,Federal Contract Tower,3,13,30,1,47,0,0,28,7,35,3,13,58,8,82,8,0,8,90
12/04/2019,GYY,IN,AGL,CE,Federal Contract Tower,1,4,25,0,30,0,0,38,6,44,1,4,63,6,74,26,4,30,104
12/05/2019,GYY,IN,AGL,CE,Federal Contract Tower,1,14,34,0,49,0,0,19,5,24,1,14,53,5,73,10,4,14,87
12/06/2019,GYY,IN,AGL,CE,Federal Contract Tower,3,4,24,0,31,0,0,0,0,0,3,4,24,0,31,6,0,6,37
12/08/2019,GYY,IN,AGL,CE,Federal Contract Tower,0,8,15,0,23,0,0,14,0,14,0,8,29,0,37,0,0,0,37
12/09/2019,GYY,IN,AGL,CE,Federal Contract Tower,1,7,20,0,28,0,0,0,0,0,1,7,20,0,28,0,0,0,28
12/10/2019,GYY,IN,AGL,CE,Federal Contract Tower,1,12,18,0,31,0,0,12,5,17,1,12,30,5,48,2,4,6,54
12/11/2019,GYY,IN,AGL,CE,Federal Contract Tower,3,10,32,0,45,0,0,25,0,25,3,10,57,0,70,4,0,4,74
12/12/2019,GYY,IN,AGL,CE,Federal Contract Tower,1,6,27,0,34,0,0,13,2,15,1,6,40,2,49,4,4,8,57
12/13/2019,GYY,IN,AGL,CE,Federal Contract Tower,4,10,23,0,37,0,0,15,1,16,4,10,38,1,53,10,0,10,63
12/14/2019,GYY,IN,AGL,CE,Federal Contract Tower,2,6,12,0,20,0,0,4,0,4,2,6,16,0,24,0,0,0,24
12/15/2019,GYY,IN,AGL,CE,Federal Contract Tower,4,5,20,0,29,0,0,5,0,5,4,5,25,0,34,0,0,0,34
12/16/2019,GYY,IN,AGL,CE,Federal Contract Tower,4,8,10,0,22,0,0,4,1,5,4,8,14,1,27,4,0,4,31
12/17/2019,GYY,IN,AGL,CE,Federal Contract Tower,2,4,21,0,27,0,2,22,0,24,2,6,43,0,51,6,0,6,57
12/18/2019,GYY,IN,AGL,CE,Federal Contract Tower,3,8,26,0,37,0,0,23,2,25,3,8,49,2,62,10,10,20,82
12/19/2019,GYY,IN,AGL,CE,Federal Contract Tower,1,11,27,0,39,0,0,22,1,23,1,11,49,1,62,2,0,2,64
12/20/2019,GYY,IN,AGL,CE,Federal Contract Tower,4,5,25,0,34,0,0,21,3,24,4,5,46,3,58,12,8,20,78
12/21/2019,GYY,IN,AGL,CE,Federal Contract Tower,1,5,23,0,29,0,0,24,0,24,1,5,47,0,53,6,0,6,59
12/22/2019,GYY,IN,AGL,CE,Federal Contract Tower,1,3,12,0,16,0,0,20,0,20,1,3,32,0,36,0,0,0,36
12/23/2019,GYY,IN,AGL,CE,Federal Contract Tower,1,5,8,0,14,0,0,12,0,12,1,5,20,0,26,2,0,2,28
12/24/2019,GYY,IN,AGL,CE,Federal Contract Tower,0,3,6,0,9,0,0,4,0,4,0,3,10,0,13,2,0,2,15
12/25/2019,GYY,IN,AGL,CE,Federal Contract Tower,0,3,2,0,5,0,0,4,0,4,0,3,6,0,9,0,0,0,9
12/26/2019,GYY,IN,AGL,CE,Federal Contract Tower,2,7,14,0,23,0,0,16,0,16,2,7,30,0,39,8,2,10,49
12/27/2019,GYY,IN,AGL,CE,Federal Contract Tower,0,1,11,0,12,0,0,6,0,6,0,1,17,0,18,0,0,0,18
12/28/2019,GYY,IN,AGL,CE,Federal Contract Tower,0,1,13,0,14,0,0,0,0,0,0,1,13,0,14,0,0,0,14
12/29/2019,GYY,IN,AGL,CE,Federal Contract Tower,0,1,11,0,12,0,0,8,0,8,0,1,19,0,20,0,0,0,20
12/30/2019,GYY,IN,AGL,CE,Federal Contract Tower,0,3,6,0,9,0,0,4,0,4,0,3,10,0,13,0,0,0,13
12/31/2019,GYY,IN,AGL,CE,Federal Contract Tower,1,1,3,0,5,0,0,7,0,7,1,1,10,0,12,0,0,0,12
01/01/2020,GYY,IN,AGL,CE,Federal Contract Tower,0,5,10,0,15,0,0,8,0,8,0,5,18,0,23,0,0,0,23
01/02/2020,GYY,IN,AGL,CE,Federal Contract Tower,0,9,5,0,14,0,0,20,6,26,0,9,25,6,40,10,8,18,58
01/03/2020,GYY,IN,AGL,CE,Federal Contract Tower,3,11,13,0,27,0,0,11,0,11,3,11,24,0,38,8,0,8,46
01/04/2020,GYY,IN,AGL,CE,Federal Contract Tower,0,2,9,0,11,0,0,9,0,9,0,2,18,0,20,0,0,0,20
01/05/2020,GYY,IN,AGL,CE,Federal Contract Tower,0,8,22,0,30,0,0,5,0,5,0,8,27,0,35,0,0,0,35
01/06/2020,GYY,IN,AGL,CE,Federal Contract Tower,0,4,13,0,17,0,0,20,0,20,0,4,33,0,37,26,0,26,63
01/07/2020,GYY,IN,AGL,CE,Federal Contract Tower,3,4,11,0,18,0,0,10,2,12,3,4,21,2,30,4,0,4,34
01/08/2020,GYY,IN,AGL,CE,Federal Contract Tower,2,2,17,0,21,0,0,15,4,19,2,2,32,4,40,34,6,40,80
01/09/2020,GYY,IN,AGL,CE,Federal Contract Tower,0,5,18,0,23,0,0,5,1,6,0,5,23,1,29,0,0,0,29
01/10/2020,GYY,IN,AGL,CE,Federal Contract Tower,2,4,13,0,19,0,0,0,0,0,2,4,13,0,19,0,0,0,19
01/11/2020,GYY,IN,AGL,CE,Federal Contract Tower,0,0,4,0,4,0,0,0,0,0,0,0,4,0,4,0,0,0,4
01/12/2020,GYY,IN,AGL,CE,Federal Contract Tower,0,8,20,1,29,0,0,5,0,5,0,8,25,1,34,6,0,6,40
01/13/2020,GYY,IN,AGL,CE,Federal Contract Tower,0,10,15,1,26,0,0,11,0,11,0,10,26,1,37,0,0,0,37
01/14/2020,GYY,IN,AGL,CE,Federal Contract Tower,1,15,24,0,40,0,0,3,4,7,1,15,27,4,47,26,0,26,73
01/15/2020,GYY,IN,AGL,CE,Federal Contract Tower,0,9,23,0,32,0,0,0,0,0,0,9,23,0,32,0,0,0,32
01/17/2020,GYY,IN,AGL,CE,Federal Contract Tower,3,10,20,0,33,0,0,8,2,10,3,10,28,2,43,12,0,12,55
01/18/2020,GYY,IN,AGL,CE,Federal Contract Tower,0,1,8,0,9,0,0,0,0,0,0,1,8,0,9,0,0,0,9
01/19/2020,GYY,IN,AGL,CE,Federal Contract Tower,1,10,11,0,22,0,0,3,0,3,1,10,14,0,25,0,0,0,25
01/20/2020,GYY,IN,AGL,CE,Federal Contract Tower,1,7,20,0,28,0,1,5,0,6,1,8,25,0,34,0,0,0,34
01/21/2020,GYY,IN,AGL,CE,Federal Contract Tower,0,4,15,0,19,0,0,17,0,17,0,4,32,0,36,0,0,0,36
01/22/2020,GYY,IN,AGL,CE,Federal Contract Tower,0,11,23,0,34,0,1,14,5,20,0,12,37,5,54,14,4,18,72
01/23/2020,GYY,IN,AGL,CE,Federal Contract Tower,1,2,19,0,22,0,0,0,0,0,1,2,19,0,22,0,0,0,22
01/24/2020,GYY,IN,AGL,CE,Federal Contract Tower,2,17,16,0,35,0,0,0,0,0,2,17,16,0,35,0,0,0,35
01/25/2020,GYY,IN,AGL,CE,Federal Contract Tower,1,3,6,0,10,0,0,0,0,0,1,3,6,0,10,0,0,0,10
01/26/2020,GYY,IN,AGL,CE,Federal Contract Tower,1,7,10,0,18,0,0,0,0,0,1,7,10,0,18,0,0,0,18
01/27/2020,GYY,IN,AGL,CE,Federal Contract Tower,0,6,20,0,26,0,0,0,0,0,0,6,20,0,26,0,0,0,26
01/28/2020,GYY,IN,AGL,CE,Federal Contract Tower,0,8,14,2,24,0,0,0,0,0,0,8,14,2,24,0,0,0,24
01/29/2020,GYY,IN,AGL,CE,Federal Contract Tower,0,8,26,0,34,0,0,7,5,12,0,8,33,5,46,10,0,10,56
01/30/2020,GYY,IN,AGL,CE,Federal Contract Tower,0,12,19,1,32,0,0,16,2,18,0,12,35,3,50,14,0,14,64
01/31/2020,GYY,IN,AGL,CE,Federal Contract Tower,8,11,21,0,40,0,0,0,0,0,8,11,21,0,40,0,0,0,40
02/01/2020,GYY,IN,AGL,CE,Federal Contract Tower,0,3,9,0,12,0,0,0,0,0,0,3,9,0,12,0,0,0,12
02/02/2020,GYY,IN,AGL,CE,Federal Contract Tower,1,4,12,0,17,0,0,18,3,21,1,4,30,3,38,2,0,2,40
02/03/2020,GYY,IN,AGL,CE,Federal Contract Tower,2,6,21,0,29,0,7,17,0,24,2,13,38,0,53,4,0,4,57
02/04/2020,GYY,IN,AGL,CE,Federal Contract Tower,0,11,14,0,25,0,0,3,0,3,0,11,17,0,28,0,0,0,28
02/05/2020,GYY,IN,AGL,CE,Federal Contract Tower,0,7,12,0,19,0,0,12,4,16,0,7,24,4,35,12,4,16,51
02/06/2020,GYY,IN,AGL,CE,Federal Contract Tower,2,6,22,0,30,0,0,0,0,0,2,6,22,0,30,0,0,0,30
02/07/2020,GYY,IN,AGL,CE,Federal Contract Tower,2,3,18,0,23,0,0,10,2,12,2,3,28,2,35,0,0,0,35
02/08/2020,GYY,IN,AGL,CE,Federal Contract Tower,1,5,11,0,17,0,0,16,0,16,1,5,27,0,33,2,0,2,35
02/09/2020,GYY,IN,AGL,CE,Federal Contract Tower,0,5,6,0,11,0,0,0,0,0,0,5,6,0,11,0,0,0,11
02/10/2020,GYY,IN,AGL,CE,Federal Contract Tower,0,8,19,0,27,0,0,5,0,5,0,8,24,0,32,8,0,8,40
02/11/2020,GYY,IN,AGL,CE,Federal Contract Tower,0,9,26,0,35,0,0,19,0,19,0,9,45,0,54,10,0,10,64
02/12/2020,GYY,IN,AGL,CE,Federal Contract Tower,0,7,17,0,24,0,0,17,0,17,0,7,34,0,41,20,0,20,61
02/13/2020,GYY,IN,AGL,CE,Federal Contract Tower,0,10,10,0,20,0,0,2,0,2,0,10,12,0,22,0,0,0,22
02/14/2020,GYY,IN,AGL,CE,Federal Contract Tower,2,12,25,0,39,0,0,12,0,12,2,12,37,0,51,4,0,4,55
02/15/2020,GYY,IN,AGL,CE,Federal Contract Tower,1,5,9,0,15,0,0,4,0,4,1,5,13,0,19,14,0,14,33
02/16/2020,GYY,IN,AGL,CE,Federal Contract Tower,4,11,18,0,33,0,0,29,0,29,4,11,47,0,62,8,0,8,70
02/17/2020,GYY,IN,AGL,CE,Federal Contract Tower,0,7,18,0,25,0,0,7,0,7,0,7,25,0,32,0,0,0,32
02/18/2020,GYY,IN,AGL,CE,Federal Contract Tower,0,9,12,0,21,0,0,5,0,5,0,9,17,0,26,0,0,0,26
02/19/2020,GYY,IN,AGL,CE,Federal Contract Tower,2,3,20,0,25,0,0,24,3,27,2,3,44,3,52,26,0,26,78
02/20/2020,GYY,IN,AGL,CE,Federal Contract Tower,2,5,21,0,28,0,0,24,7,31,2,5,45,7,59,14,8,22,81
02/21/2020,GYY,IN,AGL,CE,Federal Contract Tower,3,11,17,0,31,0,0,17,2,19,3,11,34,2,50,10,0,10,60
02/22/2020,GYY,IN,AGL,CE,Federal Contract Tower,1,4,15,0,20,0,0,33,0,33,1,4,48,0,53,12,0,12,65
02/23/2020,GYY,IN,AGL,CE,Federal Contract Tower,1,1,23,0,25,0,2,27,0,29,1,3,50,0,54,10,0,10,64
02/24/2020,GYY,IN,AGL,CE,Federal Contract Tower,0,4,15,0,19,0,0,1,0,1,0,4,16,0,20,0,0,0,20
02/25/2020,GYY,IN,AGL,CE,Federal Contract Tower,1,6,16,0,23,0,0,0,0,0,1,6,16,0,23,0,0,0,23
02/26/2020,GYY,IN,AGL,CE,Federal Contract Tower,0,3,12,0,15,0,0,0,0,0,0,3,12,0,15,0,0,0,15
02/27/2020,GYY,IN,AGL,CE,Federal Contract Tower,0,4,15,0,19,0,0,32,0,32,0,4,47,0,51,24,0,24,75
02/28/2020,GYY,IN,AGL,CE,Federal Contract Tower,4,7,25,0,36,0,0,20,0,20,4,7,45,0,56,18,0,18,74
02/29/2020,GYY,IN,AGL,CE,Federal Contract Tower,1,4,13,0,18,0,0,30,2,32,1,4,43,2,50,50,0,50,100
03/01/2020,GYY,IN,AGL,CE,Federal Contract Tower,0,4,13,0,17,0,0,15,0,15,0,4,28,0,32,0,0,0,32
03/02/2020,GYY,IN,AGL,CE,Federal Contract Tower,1,7,13,0,21,0,0,12,0,12,1,7,25,0,33,6,0,6,39
03/03/2020,GYY,IN,AGL,CE,Federal Contract Tower,2,11,9,0,22,0,0,11,2,13,2,11,20,2,35,32,0,32,67
03/04/2020,GYY,IN,AGL,CE,Federal Contract Tower,3,6,21,0,30,0,0,35,0,35,3,6,56,0,65,24,0,24,89
03/05/2020,GYY,IN,AGL,CE,Federal Contract Tower,0,4,31,1,36,0,0,10,0,10,0,4,41,1,46,0,0,0,46
03/06/2020,GYY,IN,AGL,CE,Federal Contract Tower,2,5,17,0,24,0,0,5,0,5,2,5,22,0,29,0,0,0,29
03/07/2020,GYY,IN,AGL,CE,Federal Contract Tower,0,4,9,0,13,0,0,18,3,21,0,4,27,3,34,30,0,30,64
03/08/2020,GYY,IN,AGL,CE,Federal Contract Tower,0,3,25,0,28,0,0,14,0,14,0,3,39,0,42,10,0,10,52
03/10/2020,GYY,IN,AGL,CE,Federal Contract Tower,1,5,17,0,23,0,0,7,0,7,1,5,24,0,30,4,0,4,34
03/11/2020,GYY,IN,AGL,CE,Federal Contract Tower,0,2,12,0,14,0,0,0,0,0,0,2,12,0,14,0,0,0,14
03/12/2020,GYY,IN,AGL,CE,Federal Contract Tower,1,3,21,0,25,0,0,13,0,13,1,3,34,0,38,0,0,0,38
03/13/2020,GYY,IN,AGL,CE,Federal Contract Tower,4,5,24,0,33,0,0,24,2,26,4,5,48,2,59,2,0,2,61
03/14/2020,GYY,IN,AGL,CE,Federal Contract Tower,0,4,4,0,8,0,0,7,0,7,0,4,11,0,15,6,0,6,21
03/15/2020,GYY,IN,AGL,CE,Federal Contract Tower,1,4,22,0,27,0,0,9,0,9,1,4,31,0,36,0,0,0,36
03/16/2020,GYY,IN,AGL,CE,Federal Contract Tower,0,7,20,0,27,0,0,4,0,4,0,7,24,0,31,2,0,2,33
03/17/2020,GYY,IN,AGL,CE,Federal Contract Tower,0,2,11,0,13,0,0,42,0,42,0,2,53,0,55,26,0,26,81
03/18/2020,GYY,IN,AGL,CE,Federal Contract Tower,0,14,15,0,29,0,0,3,0,3,0,14,18,0,32,0,0,0,32
03/19/2020,GYY,IN,AGL,CE,Federal Contract Tower,0,0,5,0,5,0,0,0,0,0,0,0,5,0,5,0,0,0,5
03/20/2020,GYY,IN,AGL,CE,Federal Contract Tower,0,1,18,2,21,0,0,5,1,6,0,1,23,3,27,0,0,0,27
03/21/2020,GYY,IN,AGL,CE,Federal Contract Tower,0,1,8,0,9,0,0,10,0,10,0,1,18,0,19,12,0,12,31
03/22/2020,GYY,IN,AGL,CE,Federal Contract Tower,0,0,8,0,8,0,0,0,0,0,0,0,8,0,8,0,0,0,8
03/23/2020,GYY,IN,AGL,CE,Federal Contract Tower,0,4,7,0,11,0,0,8,0,8,0,4,15,0,19,0,0,0,19
03/24/2020,GYY,IN,AGL,CE,Federal Contract Tower,0,2,4,0,6,0,0,7,0,7,0,2,11,0,13,4,0,4,17
03/25/2020,GYY,IN,AGL,CE,Federal Contract Tower,0,1,5,1,7,0,0,13,4,17,0,1,18,5,24,44,0,44,68
03/26/2020,GYY,IN,AGL,CE,Federal Contract Tower,0,0,2,0,2,0,0,8,4,12,0,0,10,4,14,6,44,50,64
03/27/2020,GYY,IN,AGL,CE,Federal Contract Tower,0,0,2,0,2,0,0,1,0,1,0,0,3,0,3,0,0,0,3
03/28/2020,GYY,IN,AGL,CE,Federal Contract Tower,0,0,3,0,3,0,0,0,0,0,0,0,3,0,3,0,0,0,3
03/29/2020,GYY,IN,AGL,CE,Federal Contract Tower,0,0,4,0,4,0,0,0,0,0,0,0,4,0,4,0,0,0,4
03/30/2020,GYY,IN,AGL,CE,Federal Contract Tower,0,2,8,0,10,0,0,19,0,19,0,2,27,0,29,70,0,70,99
03/31/2020,GYY,IN,AGL,CE,Federal Contract Tower,0,0,3,0,3,0,0,4,3,7,0,0,7,3,10,0,6,6,16
04/01/2020,GYY,IN,AGL,CE,Federal Contract Tower,0,1,13,0,14,0,0,3,0,3,0,1,16,0,17,0,0,0,17
04/02/2020,GYY,IN,AGL,CE,Federal Contract Tower,0,0,9,0,9,2,0,20,0,22,2,0,29,0,31,88,0,88,119
04/03/2020,GYY,IN,AGL,CE,Federal Contract Tower,2,0,7,0,9,0,0,8,0,8,2,0,15,0,17,40,0,40,57
04/04/2020,GYY,IN,AGL,CE,Federal Contract Tower,0,2,2,0,4,0,0,2,0,2,0,2,4,0,6,0,0,0,6
04/05/2020,GYY,IN,AGL,CE,Federal Contract Tower,0,6,4,0,10,0,0,9,0,9,0,6,13,0,19,6,0,6,25
04/06/2020,GYY,IN,AGL,CE,Federal Contract Tower,0,4,3,0,7,0,0,9,0,9,0,4,12,0,16,0,0,0,16
04/07/2020,GYY,IN,AGL,CE,Federal Contract Tower,0,0,2,0,2,2,0,10,0,12,2,0,12,0,14,18,0,18,32
04/08/2020,GYY,IN,AGL,CE,Federal Contract Tower,0,1,4,0,5,0,0,3,0,3,0,1,7,0,8,0,0,0,8
04/09/2020,GYY,IN,AGL,CE,Federal Contract Tower,0,2,4,0,6,0,0,2,0,2,0,2,6,0,8,10,0,10,18
04/10/2020,GYY,IN,AGL,CE,Federal Contract Tower,2,1,2,0,5,0,0,17,0,17,2,1,19,0,22,40,0,40,62
04/11/2020,GYY,IN,AGL,CE,Federal Contract Tower,0,0,4,0,4,0,0,4,0,4,0,0,8,0,8,0,0,0,8
04/12/2020,GYY,IN,AGL,CE,Federal Contract Tower,0,0,4,0,4,0,0,2,0,2,0,0,6,0,6,0,0,0,6
04/13/2020,GYY,IN,AGL,CE,Federal Contract Tower,0,3,1,0,4,12,0,1,0,13,12,3,2,0,17,12,0,12,29
04/14/2020,GYY,IN,AGL,CE,Federal Contract Tower,0,1,5,0,6,0,2,10,0,12,0,3,15,0,18,18,0,18,36
04/15/2020,GYY,IN,AGL,CE,Federal Contract Tower,1,0,1,0,2,0,2,11,0,13,1,2,12,0,15,26,0,26,41
04/16/2020,GYY,IN,AGL,CE,Federal Contract Tower,0,1,4,4,9,0,2,7,2,11,0,3,11,6,20,28,0,28,48
04/17/2020,GYY,IN,AGL,CE,Federal Contract Tower,2,1,4,0,7,0,0,0,0,0,2,1,4,0,7,18,0,18,25
04/18/2020,GYY,IN,AGL,CE,Federal Contract Tower,0,0,3,0,3,0,0,7,0,7,0,0,10,0,10,8,0,8,18
04/19/2020,GYY,IN,AGL,CE,Federal Contract Tower,1,0,4,0,5,0,2,14,0,16,1,2,18,0,21,24,0,24,45
04/20/2020,GYY,IN,AGL,CE,Federal Contract Tower,0,2,6,0,8,0,0,26,0,26,0,2,32,0,34,12,0,12,46
04/21/2020,GYY,IN,AGL,CE,Federal Contract Tower,1,3,8,0,12,0,12,12,0,24,1,15,20,0,36,0,0,0,36
04/22/2020,GYY,IN,AGL,CE,Federal Contract Tower,0,0,8,0,8,0,0,15,5,20,0,0,23,5,28,6,8,14,42
04/23/2020,GYY,IN,AGL,CE,Federal Contract Tower,0,1,1,1,3,0,0,4,1,5,0,1,5,2,8,0,0,0,8
04/24/2020,GYY,IN,AGL,CE,Federal Contract Tower,2,1,10,0,13,0,0,0,0,0,2,1,10,0,13,12,0,12,25
04/25/2020,GYY,IN,AGL,CE,Federal Contract Tower,0,1,12,0,13,0,0,0,0,0,0,1,12,0,13,0,0,0,13
04/26/2020,GYY,IN,AGL,CE,Federal Contract Tower,0,0,1,0,1,0,0,19,0,19,0,0,20,0,20,12,0,12,32
04/27/2020,GYY,IN,AGL,CE,Federal Contract Tower,0,4,4,0,8,0,0,7,0,7,0,4,11,0,15,2,0,2,17
04/28/2020,GYY,IN,AGL,CE,Federal Contract Tower,0,0,9,0,9,0,0,11,2,13,0,0,20,2,22,0,0,0,22
04/29/2020,GYY,IN,AGL,CE,Federal Contract Tower,0,5,17,0,22,0,0,0,0,0,0,5,17,0,22,0,0,0,22
04/30/2020,GYY,IN,AGL,CE,Federal Contract Tower,0,1,1,0,2,0,0,3,2,5,0,1,4,2,7,0,0,0,7
05/01/2020,GYY,IN,AGL,CE,Federal Contract Tower,2,2,8,0,12,0,0,27,0,27,2,2,35,0,39,36,0,36,75
05/02/2020,GYY,IN,AGL,CE,Federal Contract Tower,0,1,7,0,8,0,0,23,0,23,0,1,30,0,31,14,0,14,45
05/03/2020,GYY,IN,AGL,CE,Federal Contract Tower,0,1,9,0,10,0,0,16,0,16,0,1,25,0,26,18,0,18,44
05/04/2020,GYY,IN,AGL,CE,Federal Contract Tower,0,0,17,0,17,0,1,5,0,6,0,1,22,0,23,2,0,2,25
05/05/2020,GYY,IN,AGL,CE,Federal Contract Tower,1,6,4,0,11,0,0,2,2,4,1,6,6,2,15,18,0,18,33
05/06/2020,GYY,IN,AGL,CE,Federal Contract Tower,2,7,13,3,25,0,0,30,0,30,2,7,43,3,55,34,0,34,89
05/07/2020,GYY,IN,AGL,CE,Federal Contract Tower,0,0,13,1,14,0,0,21,1,22,0,0,34,2,36,4,0,4,40
05/08/2020,GYY,IN,AGL,CE,Federal Contract Tower,3,0,7,2,12,0,2,5,1,8,3,2,12,3,20,2,0,2,22
05/09/2020,GYY,IN,AGL,CE,Federal Contract Tower,1,1,15,0,17,0,0,24,0,24,1,1,39,0,41,22,0,22,63
05/10/2020,GYY,IN,AGL,CE,Federal Contract Tower,1,1,1,0,3,0,0,1,0,1,1,1,2,0,4,0,0,0,4
05/11/2020,GYY,IN,AGL,CE,Federal Contract Tower,1,4,7,0,12,0,0,15,0,15,1,4,22,0,27,12,0,12,39
05/12/2020,GYY,IN,AGL,CE,Federal Contract Tower,0,0,13,0,13,0,0,30,0,30,0,0,43,0,43,38,0,38,81
05/13/2020,GYY,IN,AGL,CE,Federal Contract Tower,0,2,9,0,11,0,0,13,2,15,0,2,22,2,26,20,18,38,64
05/14/2020,GYY,IN,AGL,CE,Federal Contract Tower,0,3,9,0,12,0,0,0,0,0,0,3,9,0,12,0,0,0,12
05/15/2020,GYY,IN,AGL,CE,Federal Contract Tower,2,4,7,0,13,0,0,4,0,4,2,4,11,0,17,10,0,10,27
05/16/2020,GYY,IN,AGL,CE,Federal Contract Tower,0,2,3,0,5,0,0,6,0,6,0,2,9,0,11,6,0,6,17
05/17/2020,GYY,IN,AGL,CE,Federal Contract Tower,0,0,3,0,3,0,0,0,0,0,0,0,3,0,3,0,0,0,3
05/18/2020,GYY,IN,AGL,CE,Federal Contract Tower,2,0,13,0,15,0,0,2,0,2,2,0,15,0,17,0,0,0,17
05/19/2020,GYY,IN,AGL,CE,Federal Contract Tower,0,4,11,0,15,0,0,0,0,0,0,4,11,0,15,0,0,0,15
05/20/2020,GYY,IN,AGL,CE,Federal Contract Tower,0,4,20,0,24,0,0,21,11,32,0,4,41,11,56,32,4,36,92
05/21/2020,GYY,IN,AGL,CE,Federal Contract Tower,0,2,15,0,17,0,0,36,7,43,0,2,51,7,60,18,10,28,88
05/22/2020,GYY,IN,AGL,CE,Federal Contract Tower,0,3,8,18,29,0,0,15,0,15,0,3,23,18,44,36,0,36,80
05/23/2020,GYY,IN,AGL,CE,Federal Contract Tower,0,8,5,0,13,0,0,16,0,16,0,8,21,0,29,16,0,16,45
05/24/2020,GYY,IN,AGL,CE,Federal Contract Tower,0,2,10,0,12,0,0,9,0,9,0,2,19,0,21,4,0,4,25
05/25/2020,GYY,IN,AGL,CE,Federal Contract Tower,0,4,10,0,14,0,0,8,0,8,0,4,18,0,22,0,0,0,22
05/26/2020,GYY,IN,AGL,CE,Federal Contract Tower,1,6,17,0,24,0,0,19,0,19,1,6,36,0,43,0,0,0,43
05/27/2020,GYY,IN,AGL,CE,Federal Contract Tower,0,6,15,0,21,0,0,22,8,30,0,6,37,8,51,10,40,50,101
05/28/2020,GYY,IN,AGL,CE,Federal Contract Tower,1,0,11,0,12,0,2,3,1,6,1,2,14,1,18,8,12,20,38
05/29/2020,GYY,IN,AGL,CE,Federal Contract Tower,2,1,23,0,26,0,0,31,4,35,2,1,54,4,61,50,0,50,111
05/30/2020,GYY,IN,AGL,CE,Federal Contract Tower,0,3,7,0,10,0,0,7,0,7,0,3,14,0,17,30,0,30,47
05/31/2020,GYY,IN,AGL,CE,Federal Contract Tower,0,4,16,0,20,0,0,20,0,20,0,4,36,0,40,6,0,6,46
06/01/2020,GYY,IN,AGL,CE,Federal Contract Tower,0,7,10,0,17,0,0,19,0,19,0,7,29,0,36,30,0,30,66
06/02/2020,GYY,IN,AGL,CE,Federal Contract Tower,0,5,17,0,22,0,0,21,0,21,0,5,38,0,43,10,0,10,53
06/03/2020,GYY,IN,AGL,CE,Federal Contract Tower,0,2,22,0,24,0,0,9,0,9,0,2,31,0,33,0,0,0,33
06/04/2020,GYY,IN,AGL,CE,Federal Contract Tower,2,5,16,0,23,0,0,31,2,33,2,5,47,2,56,36,32,68,124
06/05/2020,GYY,IN,AGL,CE,Federal Contract Tower,2,1,13,0,16,0,0,11,0,11,2,1,24,0,27,10,0,10,37
06/06/2020,GYY,IN,AGL,CE,Federal Contract Tower,0,1,13,0,14,0,0,16,0,16,0,1,29,0,30,24,0,24,54
06/07/2020,GYY,IN,AGL,CE,Federal Contract Tower,0,6,8,0,14,0,15,2,0,17,0,21,10,0,31,20,0,20,51
06/08/2020,GYY,IN,AGL,CE,Federal Contract Tower,0,4,19,0,23,0,0,20,0,20,0,4,39,0,43,0,0,0,43
06/09/2020,GYY,IN,AGL,CE,Federal Contract Tower,0,1,6,0,7,0,0,3,0,3,0,1,9,0,10,12,0,12,22
06/10/2020,GYY,IN,AGL,CE,Federal Contract Tower,0,6,13,0,19,0,0,9,2,11,0,6,22,2,30,4,0,4,34
06/11/2020,GYY,IN,AGL,CE,Federal Contract Tower,0,5,16,1,22,0,0,15,3,18,0,5,31,4,40,6,20,26,66
06/12/2020,GYY,IN,AGL,CE,Federal Contract Tower,2,3,17,0,22,0,0,23,0,23,2,3,40,0,45,4,0,4,49
06/13/2020,GYY,IN,AGL,CE,Federal Contract Tower,0,3,11,0,14,0,0,9,0,9,0,3,20,0,23,38,0,38,61
06/14/2020,GYY,IN,AGL,CE,Federal Contract Tower,0,2,12,0,14,0,0,25,0,25,0,2,37,0,39,84,0,84,123
06/15/2020,GYY,IN,AGL,CE,Federal Contract Tower,2,9,12,0,23,0,0,18,0,18,2,9,30,0,41,20,0,20,61
06/16/2020,GYY,IN,AGL,CE,Federal Contract Tower,0,6,12,0,18,0,0,24,2,26,0,6,36,2,44,18,0,18,62
06/17/2020,GYY,IN,AGL,CE,Federal Contract Tower,0,4,29,0,33,0,0,20,8,28,0,4,49,8,61,28,46,74,135
06/18/2020,GYY,IN,AGL,CE,Federal Contract Tower,2,7,21,0,30,0,2,24,3,29,2,9,45,3,59,38,0,38,97
06/19/2020,GYY,IN,AGL,CE,Federal Contract Tower,3,7,11,0,21,0,0,16,1,17,3,7,27,1,38,20,0,20,58
06/20/2020,GYY,IN,AGL,CE,Federal Contract Tower,0,2,14,0,16,0,0,10,0,10,0,2,24,0,26,36,0,36,62
06/21/2020,GYY,IN,AGL,CE,Federal Contract Tower,0,5,12,0,17,0,0,1,0,1,0,5,13,0,18,26,0,26,44
06/22/2020,GYY,IN,AGL,CE,Federal Contract Tower,0,3,21,0,24,0,0,2,0,2,0,3,23,0,26,2,0,2,28
06/23/2020,GYY,IN,AGL,CE,Federal Contract Tower,1,1,18,0,20,12,0,20,2,34,13,1,38,2,54,38,4,42,96
06/24/2020,GYY,IN,AGL,CE,Federal Contract Tower,0,5,16,0,21,0,0,19,1,20,0,5,35,1,41,22,0,22,63
06/25/2020,GYY,IN,AGL,CE,Federal Contract Tower,0,7,17,0,24,0,0,23,0,23,0,7,40,0,47,70,0,70,117
06/26/2020,GYY,IN,AGL,CE,Federal Contract Tower,2,6,14,0,22,0,0,10,0,10,2,6,24,0,32,12,0,12,44
06/27/2020,GYY,IN,AGL,CE,Federal Contract Tower,0,3,8,0,11,0,0,12,0,12,0,3,20,0,23,32,0,32,55
06/28/2020,GYY,IN,AGL,CE,Federal Contract Tower,0,4,11,0,15,0,0,14,0,14,0,4,25,0,29,44,0,44,73
06/30/2020,GYY,IN,AGL,CE,Federal Contract Tower,3,0,23,0,26,0,0,11,0,11,3,0,34,0,37,14,0,14,51
07/01/2020,GYY,IN,AGL,CE,Federal Contract Tower,0,10,9,1,20,0,4,25,5,34,0,14,34,6,54,26,34,60,114
07/02/2020,GYY,IN,AGL,CE,Federal Contract Tower,0,5,24,0,29,0,0,39,2,41,0,5,63,2,70,10,0,10,80
07/03/2020,GYY,IN,AGL,CE,Federal Contract Tower,3,3,14,0,20,0,0,17,0,17,3,3,31,0,37,60,0,60,97
07/04/2020,GYY,IN,AGL,CE,Federal Contract Tower,0,0,5,0,5,0,0,5,4,9,0,0,10,4,14,0,0,0,14
07/05/2020,GYY,IN,AGL,CE,Federal Contract Tower,0,4,14,0,18,0,0,11,0,11,0,4,25,0,29,6,0,6,35
07/06/2020,GYY,IN,AGL,CE,Federal Contract Tower,1,4,9,0,14,0,0,15,0,15,1,4,24,0,29,30,0,30,59
07/07/2020,GYY,IN,AGL,CE,Federal Contract Tower,0,8,14,0,22,0,0,30,0,30,0,8,44,0,52,42,0,42,94
07/08/2020,GYY,IN,AGL,CE,Federal Contract Tower,0,4,12,0,16,0,0,25,0,25,0,4,37,0,41,20,0,20,61
07/09/2020,GYY,IN,AGL,CE,Federal Contract Tower,0,5,10,0,15,0,0,25,0,25,0,5,35,0,40,82,0,82,122
07/10/2020,GYY,IN,AGL,CE,Federal Contract Tower,2,6,17,0,25,0,0,7,0,7,2,6,24,0,32,0,0,0,32
07/11/2020,GYY,IN,AGL,CE,Federal Contract Tower,0,2,16,0,18,0,0,16,4,20,0,2,32,4,38,16,10,26,64
07/12/2020,GYY,IN,AGL,CE,Federal Contract Tower,0,10,17,0,27,0,0,11,0,11,0,10,28,0,38,14,0,14,52
07/13/2020,GYY,IN,AGL,CE,Federal Contract Tower,0,6,20,0,26,0,0,39,0,39,0,6,59,0,65,50,0,50,115
07/14/2020,GYY,IN,AGL,CE,Federal Contract Tower,0,1,16,0,17,0,0,22,2,24,0,1,38,2,41,56,24,80,121
07/15/2020,GYY,IN,AGL,CE,Federal Contract Tower,0,6,29,0,35,0,0,7,4,11,0,6,36,4,46,46,42,88,134
07/16/2020,GYY,IN,AGL,CE,Federal Contract Tower,0,5,19,0,24,0,12,9,2,23,0,17,28,2,47,0,0,0,47
07/17/2020,GYY,IN,AGL,CE,Federal Contract Tower,2,2,20,14,38,0,2,38,0,40,2,4,58,14,78,26,0,26,104
07/18/2020,GYY,IN,AGL,CE,Federal Contract Tower,0,4,11,0,15,0,0,14,0,14,0,4,25,0,29,10,0,10,39
07/19/2020,GYY,IN,AGL,CE,Federal Contract Tower,0,2,14,0,16,0,0,3,0,3,0,2,17,0,19,0,0,0,19
07/20/2020,GYY,IN,AGL,CE,Federal Contract Tower,0,8,17,0,25,0,1,16,0,17,0,9,33,0,42,28,0,28,70
07/21/2020,GYY,IN,AGL,CE,Federal Contract Tower,0,8,16,0,24,0,0,8,1,9,0,8,24,1,33,24,0,24,57
07/22/2020,GYY,IN,AGL,CE,Federal Contract Tower,0,2,14,2,18,0,0,12,1,13,0,2,26,3,31,46,0,46,77
07/23/2020,GYY,IN,AGL,CE,Federal Contract Tower,0,2,20,0,22,0,0,26,4,30,0,2,46,4,52,28,0,28,80
07/24/2020,GYY,IN,AGL,CE,Federal Contract Tower,2,4,19,0,25,0,0,47,0,47,2,4,66,0,72,34,0,34,106
07/25/2020,GYY,IN,AGL,CE,Federal Contract Tower,0,1,10,0,11,0,0,19,0,19,0,1,29,0,30,6,0,6,36
07/26/2020,GYY,IN,AGL,CE,Federal Contract Tower,0,7,18,0,25,0,0,14,0,14,0,7,32,0,39,2,0,2,41
07/27/2020,GYY,IN,AGL,CE,Federal Contract Tower,0,10,22,0,32,0,0,7,0,7,0,10,29,0,39,16,0,16,55
07/28/2020,GYY,IN,AGL,CE,Federal Contract Tower,0,2,25,0,27,0,4,20,0,24,0,6,45,0,51,42,0,42,93
07/29/2020,GYY,IN,AGL,CE,Federal Contract Tower,0,7,21,0,28,0,0,27,3,30,0,7,48,3,58,44,0,44,102
07/31/2020,GYY,IN,AGL,CE,Federal Contract Tower,2,5,10,0,17,0,2,35,3,40,2,7,45,3,57,22,0,22,79
08/01/2020,GYY,IN,AGL,CE,Federal Contract Tower,0,2,5,0,7,0,0,10,0,10,0,2,15,0,17,0,0,0,17
08/02/2020,GYY,IN,AGL,CE,Federal Contract Tower,1,2,15,1,19,0,0,11,1,12,1,2,26,2,31,14,0,14,45
08/03/2020,GYY,IN,AGL,CE,Federal Contract Tower,0,2,14,0,16,0,0,3,1,4,0,2,17,1,20,0,0,0,20
08/04/2020,GYY,IN,AGL,CE,Federal Contract Tower,0,1,21,0,22,0,0,22,2,24,0,1,43,2,46,34,0,34,80
08/05/2020,GYY,IN,AGL,CE,Federal Contract Tower,0,6,23,0,29,0,0,24,2,26,0,6,47,2,55,64,0,64,119
08/06/2020,GYY,IN,AGL,CE,Federal Contract Tower,2,3,17,0,22,0,10,28,10,48,2,13,45,10,70,62,10,72,142
08/07/2020,GYY,IN,AGL,CE,Federal Contract Tower,2,1,20,0,23,0,0,18,1,19,2,1,38,1,42,16,0,16,58
08/08/2020,GYY,IN,AGL,CE,Federal Contract Tower,3,3,18,0,24,0,2,17,0,19,3,5,35,0,43,22,0,22,65
08/09/2020,GYY,IN,AGL,CE,Federal Contract Tower,0,5,13,0,18,0,0,21,0,21,0,5,34,0,39,122,0,122,161
08/10/2020,GYY,IN,AGL,CE,Federal Contract Tower,0,6,23,0,29,0,0,12,0,12,0,6,35,0,41,10,0,10,51
08/11/2020,GYY,IN,AGL,CE,Federal Contract Tower,0,6,21,0,27,0,0,18,0,18,0,6,39,0,45,16,0,16,61
08/12/2020,GYY,IN,AGL,CE,Federal Contract Tower,0,2,20,1,23,0,0,25,1,26,0,2,45,2,49,82,0,82,131
08/13/2020,GYY,IN,AGL,CE,Federal Contract Tower,0,3,15,0,18,0,0,24,4,28,0,3,39,4,46,28,0,28,74
08/14/2020,GYY,IN,AGL,CE,Federal Contract Tower,2,2,14,0,18,0,0,43,0,43,2,2,57,0,61,50,0,50,111
08/15/2020,GYY,IN,AGL,CE,Federal Contract Tower,0,4,6,0,10,0,0,20,0,20,0,4,26,0,30,66,0,66,96
08/16/2020,GYY,IN,AGL,CE,Federal Contract Tower,0,4,16,0,20,0,0,19,4,23,0,4,35,4,43,8,0,8,51
08/17/2020,GYY,IN,AGL,CE,Federal Contract Tower,0,5,8,0,13,0,0,12,0,12,0,5,20,0,25,44,0,44,69
08/18/2020,GYY,IN,AGL,CE,Federal Contract Tower,0,4,7,0,11,0,2,15,0,17,0,6,22,0,28,4,0,4,32
08/19/2020,GYY,IN,AGL,CE,Federal Contract Tower,0,5,15,0,20,0,0,20,0,20,0,5,35,0,40,20,0,20,60
08/20/2020,GYY,IN,AGL,CE,Federal Contract Tower,1,8,18,0,27,0,0,37,4,41,1,8,55,4,68,18,0,18,86
08/21/2020,GYY,IN,AGL,CE,Federal Contract Tower,2,9,8,0,19,0,0,25,6,31,2,9,33,6,50,12,0,12,62
08/22/2020,GYY,IN,AGL,CE,Federal Contract Tower,0,3,18,0,21,0,8,40,0,48,0,11,58,0,69,114,0,114,183
08/23/2020,GYY,IN,AGL,CE,Federal Contract Tower,0,6,21,0,27,0,0,16,0,16,0,6,37,0,43,40,0,40,83
08/24/2020,GYY,IN,AGL,CE,Federal Contract Tower,0,3,18,0,21,0,0,20,0,20,0,3,38,0,41,20,0,20,61
08/25/2020,GYY,IN,AGL,CE,Federal Contract Tower,1,3,17,0,21,0,0,22,2,24,1,3,39,2,45,12,0,12,57
08/26/2020,GYY,IN,AGL,CE,Federal Contract Tower,0,15,24,0,39,0,0,14,0,14,0,15,38,0,53,14,0,14,67
08/27/2020,GYY,IN,AGL,CE,Federal Contract Tower,1,4,13,0,18,0,0,22,7,29,1,4,35,7,47,8,18,26,73
08/28/2020,GYY,IN,AGL,CE,Federal Contract Tower,0,3,19,0,22,0,0,27,4,31,0,3,46,4,53,0,0,0,53
08/29/2020,GYY,IN,AGL,CE,Federal Contract Tower,0,3,14,0,17,0,0,17,0,17,0,3,31,0,34,24,0,24,58
08/30/2020,GYY,IN,AGL,CE,Federal Contract Tower,0,3,20,0,23,0,0,15,0,15,0,3,35,0,38,18,0,18,56
08/31/2020,GYY,IN,AGL,CE,Federal Contract Tower,2,6,18,0,26,0,0,20,0,20,2,6,38,0,46,36,0,36,82
09/01/2020,GYY,IN,AGL,CE,Federal Contract Tower,0,4,12,0,16,0,0,8,0,8,0,4,20,0,24,0,0,0,24
09/02/2020,GYY,IN,AGL,CE,Federal Contract Tower,0,4,16,0,20,0,0,16,4,20,0,4,32,4,40,62,0,62,102
09/03/2020,GYY,IN,AGL,CE,Federal Contract Tower,0,4,25,0,29,0,0,20,5,25,0,4,45,5,54,10,14,24,78
09/04/2020,GYY,IN,AGL,CE,Federal Contract Tower,2,4,17,0,23,0,0,30,1,31,2,4,47,1,54,12,0,12,66
09/05/2020,GYY,IN,AGL,CE,Federal Contract Tower,0,4,7,0,11,0,0,14,0,14,0,4,21,0,25,0,0,0,25
09/06/2020,GYY,IN,AGL,CE,Federal Contract Tower,0,0,8,0,8,0,0,6,0,6,0,0,14,0,14,8,0,8,22
09/07/2020,GYY,IN,AGL,CE,Federal Contract Tower,0,6,20,0,26,0,0,13,0,13,0,6,33,0,39,6,0,6,45
09/08/2020,GYY,IN,AGL,CE,Federal Contract Tower,0,4,16,0,20,0,0,0,0,0,0,4,16,0,20,0,0,0,20
09/09/2020,GYY,IN,AGL,CE,Federal Contract Tower,12,4,13,33,62,0,0,1,0,1,12,4,14,33,63,0,18,18,81
09/10/2020,GYY,IN,AGL,CE,Federal Contract Tower,0,9,6,2,17,0,0,5,6,11,0,9,11,8,28,0,0,0,28
09/11/2020,GYY,IN,AGL,CE,Federal Contract Tower,2,3,24,0,29,0,0,10,0,10,2,3,34,0,39,14,0,14,53
09/12/2020,GYY,IN,AGL,CE,Federal Contract Tower,0,6,12,0,18,0,0,0,0,0,0,6,12,0,18,0,0,0,18
09/13/2020,GYY,IN,AGL,CE,Federal Contract Tower,0,0,13,0,13,0,0,17,0,17,0,0,30,0,30,28,0,28,58
09/14/2020,GYY,IN,AGL,CE,Federal Contract Tower,0,6,16,2,24,0,0,14,1,15,0,6,30,3,39,0,0,0,39
09/15/2020,GYY,IN,AGL,CE,Federal Contract Tower,1,6,20,0,27,0,0,28,0,28,1,6,48,0,55,0,6,6,61
09/16/2020,GYY,IN,AGL,CE,Federal Contract Tower,2,9,21,0,32,0,0,21,2,23,2,9,42,2,55,10,0,10,65
09/17/2020,GYY,IN,AGL,CE,Federal Contract Tower,1,4,24,2,31,0,1,14,2,17,1,5,38,4,48,12,22,34,82
09/18/2020,GYY,IN,AGL,CE,Federal Contract Tower,2,3,16,0,21,0,0,17,2,19,2,3,33,2,40,8,0,8,48
09/19/2020,GYY,IN,AGL,CE,Federal Contract Tower,0,4,10,0,14,0,0,29,0,29,0,4,39,0,43,56,0,56,99
09/20/2020,GYY,IN,AGL,CE,Federal Contract Tower,0,8,22,0,30,0,0,23,0,23,0,8,45,0,53,14,0,14,67
09/21/2020,GYY,IN,AGL,CE,Federal Contract Tower,0,7,17,0,24,0,0,21,0,21,0,7,38,0,45,42,0,42,87
09/22/2020,GYY,IN,AGL,CE,Federal Contract Tower,0,5,10,6,21,0,1,12,1,14,0,6,22,7,35,22,0,22,57
09/23/2020,GYY,IN,AGL,CE,Federal Contract Tower,2,5,29,0,36,0,0,28,2,30,2,5,57,2,66,36,0,36,102
09/24/2020,GYY,IN,AGL,CE,Federal Contract Tower,0,10,16,4,30,0,0,22,1,23,0,10,38,5,53,22,0,22,75
09/26/2020,GYY,IN,AGL,CE,Federal Contract Tower,0,11,15,0,26,0,0,2,0,2,0,11,17,0,28,2,0,2,30
09/27/2020,GYY,IN,AGL,CE,Federal Contract Tower,0,4,15,0,19,0,0,15,0,15,0,4,30,0,34,16,0,16,50
09/28/2020,GYY,IN,AGL,CE,Federal Contract Tower,0,11,23,1,35,0,0,2,1,3,0,11,25,2,38,0,0,0,38
09/29/2020,GYY,IN,AGL,CE,Federal Contract Tower,0,11,10,0,21,0,0,17,6,23,0,11,27,6,44,26,0,26,70
09/30/2020,GYY,IN,AGL,CE,Federal Contract Tower,0,6,27,0,33,0,2,2,0,4,0,8,29,0,37,0,0,0,37
10/01/2020,GYY,IN,AGL,CE,Federal Contract Tower,0,14,18,0,32,0,0,11,3,14,0,14,29,3,46,58,0,58,104
10/02/2020,GYY,IN,AGL,CE,Federal Contract Tower,3,15,16,0,34,0,0,30,1,31,3,15,46,1,65,8,0,8,73
10/03/2020,GYY,IN,AGL,CE,Federal Contract Tower,0,9,5,0,14,0,0,23,0,23,0,9,28,0,37,26,0,26,63
10/04/2020,GYY,IN,AGL,CE,Federal Contract Tower,2,11,14,0,27,0,0,10,1,11,2,11,24,1,38,2,0,2,40
10/05/2020,GYY,IN,AGL,CE,Federal Contract Tower,0,13,24,0,37,0,0,17,0,17,0,13,41,0,54,14,0,14,68
10/06/2020,GYY,IN,AGL,CE,Federal Contract Tower,0,9,23,0,32,0,0,13,1,14,0,9,36,1,46,26,0,26,72
10/07/2020,GYY,IN,AGL,CE,Federal Contract Tower,0,15,11,0,26,0,0,21,2,23,0,15,32,2,49,44,0,44,93
10/08/2020,GYY,IN,AGL,CE,Federal Contract Tower,1,2,22,0,25,0,0,22,2,24,1,2,44,2,49,30,0,30,79
10/09/2020,GYY,IN,AGL,CE,Federal Contract Tower,2,5,14,0,21,0,0,14,0,14,2,5,28,0,35,6,0,6,41
10/10/2020,GYY,IN,AGL,CE,Federal Contract Tower,2,5,9,0,16,0,0,19,0,19,2,5,28,0,35,26,0,26,61
10/11/2020,GYY,IN,AGL,CE,Federal Contract Tower,0,6,18,0,24,0,0,7,0,7,0,6,25,0,31,12,0,12,43
10/12/2020,GYY,IN,AGL,CE,Federal Contract Tower,0,5,21,0,26,0,0,1,0,1,0,5,22,0,27,0,0,0,27
10/13/2020,GYY,IN,AGL,CE,Federal Contract Tower,0,11,19,0,30,0,1,11,0,12,0,12,30,0,42,12,0,12,54
10/14/2020,GYY,IN,AGL,CE,Federal Contract Tower,0,6,25,0,31,0,4,17,5,26,0,10,42,5,57,22,0,22,79
10/15/2020,GYY,IN,AGL,CE,Federal Contract Tower,0,7,19,4,30,0,1,24,0,25,0,8,43,4,55,36,0,36,91
10/16/2020,GYY,IN,AGL,CE,Federal Contract Tower,2,16,16,0,34,0,0,19,0,19,2,16,35,0,53,12,0,12,65
10/18/2020,GYY,IN,AGL,CE,Federal Contract Tower,0,4,18,0,22,0,0,3,0,3,0,4,21,0,25,0,0,0,25
10/19/2020,GYY,IN,AGL,CE,Federal Contract Tower,0,8,14,2,24,0,2,10,0,12,0,10,24,2,36,24,0,24,60
10/20/2020,GYY,IN,AGL,CE,Federal Contract Tower,0,3,16,1,20,0,0,11,1,12,0,3,27,2,32,18,14,32,64
10/21/2020,GYY,IN,AGL,CE,Federal Contract Tower,2,6,25,1,34,0,0,10,4,14,2,6,35,5,48,30,0,30,78
10/22/2020,GYY,IN,AGL,CE,Federal Contract Tower,0,11,27,0,38,0,0,8,2,10,0,11,35,2,48,14,6,20,68
10/23/2020,GYY,IN,AGL,CE,Federal Contract Tower,2,3,20,0,25,0,0,0,0,0,2,3,20,0,25,0,0,0,25
10/24/2020,GYY,IN,AGL,CE,Federal Contract Tower,0,4,6,0,10,0,1,18,0,19,0,5,24,0,29,8,0,8,37
10/25/2020,GYY,IN,AGL,CE,Federal Contract Tower,0,9,20,0,29,0,0,13,0,13,0,9,33,0,42,14,0,14,56
10/26/2020,GYY,IN,AGL,CE,Federal Contract Tower,0,13,10,0,23,0,0,0,0,0,0,13,10,0,23,22,0,22,45
10/27/2020,GYY,IN,AGL,CE,Federal Contract Tower,2,3,17,1,23,0,0,0,0,0,2,3,17,1,23,0,0,0,23
10/28/2020,GYY,IN,AGL,CE,Federal Contract Tower,1,5,22,0,28,0,23,4,0,27,1,28,26,0,55,22,0,22,77
10/29/2020,GYY,IN,AGL,CE,Federal Contract Tower,0,7,26,0,33,0,0,9,0,9,0,7,35,0,42,0,36,36,78
10/30/2020,GYY,IN,AGL,CE,Federal Contract Tower,4,6,15,0,25,0,0,32,2,34,4,6,47,2,59,28,2,30,89
10/31/2020,GYY,IN,AGL,CE,Federal Contract Tower,0,1,1,0,2,0,0,14,0,14,0,1,15,0,16,0,0,0,16
11/01/2020,GYY,IN,AGL,CE,Federal Contract Tower,0,1,15,0,16,0,0,3,0,3,0,1,18,0,19,0,0,0,19
11/02/2020,GYY,IN,AGL,CE,Federal Contract Tower,3,4,12,0,19,0,0,1,0,1,3,4,13,0,20,6,0,6,26
11/03/2020,GYY,IN,AGL,CE,Federal Contract Tower,5,3,3,0,11,0,0,10,0,10,5,3,13,0,21,12,0,12,33
11/04/2020,GYY,IN,AGL,CE,Federal Contract Tower,4,7,12,0,23,0,0,16,4,20,4,7,28,4,43,86,0,86,129
11/05/2020,GYY,IN,AGL,CE,Federal Contract Tower,5,2,17,0,24,0,2,22,2,26,5,4,39,2,50,24,78,102,152
11/06/2020,GYY,IN,AGL,CE,Federal Contract Tower,2,5,15,0,22,0,4,27,0,31,2,9,42,0,53,0,0,0,53
11/08/2020,GYY,IN,AGL,CE,Federal Contract Tower,0,0,13,0,13,0,0,27,0,27,0,0,40,0,40,12,0,12,52
11/09/2020,GYY,IN,AGL,CE,Federal Contract Tower,4,7,12,0,23,0,0,9,0,9,4,7,21,0,32,4,0,4,36
11/10/2020,GYY,IN,AGL,CE,Federal Contract Tower,0,3,19,0,22,0,0,2,4,6,0,3,21,4,28,0,0,0,28
11/11/2020,GYY,IN,AGL,CE,Federal Contract Tower,4,6,17,0,27,0,0,18,0,18,4,6,35,0,45,24,0,24,69
11/12/2020,GYY,IN,AGL,CE,Federal Contract Tower,3,5,16,0,24,0,0,17,1,18,3,5,33,1,42,32,0,32,74
11/13/2020,GYY,IN,AGL,CE,Federal Contract Tower,2,6,18,0,26,0,0,21,3,24,2,6,39,3,50,24,0,24,74
11/14/2020,GYY,IN,AGL,CE,Federal Contract Tower,0,2,10,0,12,0,0,3,0,3,0,2,13,0,15,0,0,0,15
11/15/2020,GYY,IN,AGL,CE,Federal Contract Tower,0,7,13,0,20,0,0,1,0,1,0,7,14,0,21,0,0,0,21
11/16/2020,GYY,IN,AGL,CE,Federal Contract Tower,4,11,9,0,24,0,0,7,0,7,4,11,16,0,31,4,0,4,35
11/17/2020,GYY,IN,AGL,CE,Federal Contract Tower,4,2,7,0,13,0,0,9,2,11,4,2,16,2,24,56,0,56,80
11/18/2020,GYY,IN,AGL,CE,Federal Contract Tower,4,4,12,0,20,0,0,5,5,10,4,4,17,5,30,8,10,18,48
11/19/2020,GYY,IN,AGL,CE,Federal Contract Tower,5,4,13,0,22,0,0,0,0,0,5,4,13,0,22,0,0,0,22
11/20/2020,GYY,IN,AGL,CE,Federal Contract Tower,2,9,13,0,24,0,1,20,0,21,2,10,33,0,45,28,0,28,73
11/21/2020,GYY,IN,AGL,CE,Federal Contract Tower,0,2,18,0,20,0,1,19,0,20,0,3,37,0,40,14,0,14,54
11/22/2020,GYY,IN,AGL,CE,Federal Contract Tower,0,9,12,2,23,0,0,0,0,0,0,9,12,2,23,12,0,12,35
11/23/2020,GYY,IN,AGL,CE,Federal Contract Tower,5,5,16,0,26,0,0,18,0,18,5,5,34,0,44,14,0,14,58
11/24/2020,GYY,IN,AGL,CE,Federal Contract Tower,3,1,11,0,15,0,0,0,0,0,3,1,11,0,15,0,0,0,15
11/25/2020,GYY,IN,AGL,CE,Federal Contract Tower,1,5,15,0,21,0,0,0,0,0,1,5,15,0,21,0,0,0,21
11/26/2020,GYY,IN,AGL,CE,Federal Contract Tower,0,0,4,0,4,0,0,0,0,0,0,0,4,0,4,0,0,0,4
11/27/2020,GYY,IN,AGL,CE,Federal Contract Tower,0,4,3,0,7,0,0,9,0,9,0,4,12,0,16,0,0,0,16
11/29/2020,GYY,IN,AGL,CE,Federal Contract Tower,0,9,20,0,29,0,0,18,0,18,0,9,38,0,47,0,0,0,47
11/30/2020,GYY,IN,AGL,CE,Federal Contract Tower,7,4,15,0,26,0,0,0,0,0,7,4,15,0,26,0,0,0,26
12/01/2020,GYY,IN,AGL,CE,Federal Contract Tower,3,5,20,0,28,0,0,18,0,18,3,5,38,0,46,28,0,28,74
12/02/2020,GYY,IN,AGL,CE,Federal Contract Tower,4,6,10,0,20,0,0,16,0,16,4,6,26,0,36,40,0,40,76
12/03/2020,GYY,IN,AGL,CE,Federal Contract Tower,7,3,11,0,21,0,0,12,3,15,7,3,23,3,36,82,0,82,118
12/04/2020,GYY,IN,AGL,CE,Federal Contract Tower,2,1,7,0,10,0,0,18,0,18,2,1,25,0,28,42,0,42,70
12/05/2020,GYY,IN,AGL,CE,Federal Contract Tower,1,2,13,0,16,0,0,10,0,10,1,2,23,0,26,4,0,4,30
12/06/2020,GYY,IN,AGL,CE,Federal Contract Tower,0,7,17,0,24,0,0,5,0,5,0,7,22,0,29,20,0,20,49
12/07/2020,GYY,IN,AGL,CE,Federal Contract Tower,4,10,11,0,25,0,0,11,0,11,4,10,22,0,36,2,0,2,38
12/08/2020,GYY,IN,AGL,CE,Federal Contract Tower,4,6,12,0,22,0,0,2,0,2,4,6,14,0,24,8,0,8,32
12/09/2020,GYY,IN,AGL,CE,Federal Contract Tower,4,8,22,2,36,0,12,5,0,17,4,20,27,2,53,18,10,28,81
12/10/2020,GYY,IN,AGL,CE,Federal Contract Tower,4,12,20,2,38,0,0,30,6,36,4,12,50,8,74,54,0,54,128
12/11/2020,GYY,IN,AGL,CE,Federal Contract Tower,2,3,14,0,19,0,0,0,0,0,2,3,14,0,19,0,0,0,19
12/12/2020,GYY,IN,AGL,CE,Federal Contract Tower,0,1,10,0,11,0,0,0,0,0,0,1,10,0,11,0,0,0,11
12/13/2020,GYY,IN,AGL,CE,Federal Contract Tower,0,8,15,0,23,0,0,10,0,10,0,8,25,0,33,6,0,6,39
12/14/2020,GYY,IN,AGL,CE,Federal Contract Tower,4,5,17,0,26,0,0,7,0,7,4,5,24,0,33,14,0,14,47
12/15/2020,GYY,IN,AGL,CE,Federal Contract Tower,5,10,15,0,30,0,4,20,3,27,5,14,35,3,57,26,0,26,83
12/16/2020,GYY,IN,AGL,CE,Federal Contract Tower,5,8,9,0,22,0,0,1,0,1,5,8,10,0,23,0,0,0,23
12/17/2020,GYY,IN,AGL,CE,Federal Contract Tower,3,7,15,0,25,0,0,4,2,6,3,7,19,2,31,0,10,10,41
12/18/2020,GYY,IN,AGL,CE,Federal Contract Tower,6,5,29,1,41,0,0,19,4,23,6,5,48,5,64,20,0,20,84
12/20/2020,GYY,IN,AGL,CE,Federal Contract Tower,0,7,16,0,23,0,0,9,0,9,0,7,25,0,32,10,0,10,42
12/21/2020,GYY,IN,AGL,CE,Federal Contract Tower,4,7,18,0,29,0,0,9,0,9,4,7,27,0,38,0,0,0,38
12/22/2020,GYY,IN,AGL,CE,Federal Contract Tower,4,9,22,0,35,0,2,18,0,20,4,11,40,0,55,22,0,22,77
12/23/2020,GYY,IN,AGL,CE,Federal Contract Tower,6,6,14,0,26,0,0,8,0,8,6,6,22,0,34,0,0,0,34
12/24/2020,GYY,IN,AGL,CE,Federal Contract Tower,0,0,7,0,7,0,0,2,0,2,0,0,9,0,9,10,0,10,19
12/25/2020,GYY,IN,AGL,CE,Federal Contract Tower,0,0,6,0,6,0,0,4,0,4,0,0,10,0,10,2,0,2,12
12/26/2020,GYY,IN,AGL,CE,Federal Contract Tower,0,8,22,0,30,0,0,13,0,13,0,8,35,0,43,0,0,0,43
12/27/2020,GYY,IN,AGL,CE,Federal Contract Tower,0,3,20,0,23,0,0,4,0,4,0,3,24,0,27,0,0,0,27
12/28/2020,GYY,IN,AGL,CE,Federal Contract Tower,6,7,15,0,28,0,0,15,0,15,6,7,30,0,43,54,0,54,97
12/29/2020,GYY,IN,AGL,CE,Federal Contract Tower,5,4,9,0,18,0,0,14,0,14,5,4,23,0,32,4,0,4,36
12/30/2020,GYY,IN,AGL,CE,Federal Contract Tower,6,2,17,0,25,0,0,2,0,2,6,2,19,0,27,0,0,0,27
12/31/2020,GYY,IN,AGL,CE,Federal Contract Tower,0,1,6,0,7,0,0,13,0,13,0,1,19,0,20,12,0,12,32
01/01/2021,GYY,IN,AGL,CE,Federal Contract Tower,0,1,6,0,7,0,0,0,0,0,0,1,6,0,7,0,0,0,7
01/02/2021,GYY,IN,AGL,CE,Federal Contract Tower,0,3,16,0,19,0,0,0,0,0,0,3,16,0,19,0,0,0,19
01/03/2021,GYY,IN,AGL,CE,Federal Contract Tower,1,2,22,0,25,0,0,0,0,0,1,2,22,0,25,0,0,0,25
01/04/2021,GYY,IN,AGL,CE,Federal Contract Tower,5,6,23,0,34,0,0,0,0,0,5,6,23,0,34,0,0,0,34
01/05/2021,GYY,IN,AGL,CE,Federal Contract Tower,3,1,12,0,16,0,0,1,0,1,3,1,13,0,17,0,0,0,17
01/06/2021,GYY,IN,AGL,CE,Federal Contract Tower,3,6,22,2,33,0,0,3,0,3,3,6,25,2,36,8,8,16,52
01/07/2021,GYY,IN,AGL,CE,Federal Contract Tower,3,3,7,1,14,0,2,15,12,29,3,5,22,13,43,12,16,28,71
01/08/2021,GYY,IN,AGL,CE,Federal Contract Tower,3,6,8,0,17,0,0,24,0,24,3,6,32,0,41,26,0,26,67
01/09/2021,GYY,IN,AGL,CE,Federal Contract Tower,0,1,15,0,16,0,0,25,0,25,0,1,40,0,41,30,0,30,71
01/10/2021,GYY,IN,AGL,CE,Federal Contract Tower,0,2,13,0,15,0,0,1,0,1,0,2,14,0,16,0,0,0,16
01/11/2021,GYY,IN,AGL,CE,Federal Contract Tower,0,4,6,0,10,0,0,0,0,0,0,4,6,0,10,0,0,0,10
01/12/2021,GYY,IN,AGL,CE,Federal Contract Tower,4,4,7,1,16,0,0,15,1,16,4,4,22,2,32,2,2,4,36
01/13/2021,GYY,IN,AGL,CE,Federal Contract Tower,4,0,12,0,16,0,0,23,0,23,4,0,35,0,39,8,0,8,47
01/14/2021,GYY,IN,AGL,CE,Federal Contract Tower,5,3,14,0,22,0,0,11,11,22,5,3,25,11,44,28,18,46,90
01/15/2021,GYY,IN,AGL,CE,Federal Contract Tower,3,2,16,0,21,0,0,5,0,5,3,2,21,0,26,12,0,12,38
01/16/2021,GYY,IN,AGL,CE,Federal Contract Tower,0,1,4,0,5,0,0,0,0,0,0,1,4,0,5,0,0,0,5
01/17/2021,GYY,IN,AGL,CE,Federal Contract Tower,0,1,7,0,8,0,0,0,0,0,0,1,7,0,8,0,0,0,8
01/18/2021,GYY,IN,AGL,CE,Federal Contract Tower,1,9,23,0,33,0,0,18,0,18,1,9,41,0,51,10,0,10,61
01/19/2021,GYY,IN,AGL,CE,Federal Contract Tower,5,14,18,0,37,0,0,9,0,9,5,14,27,0,46,0,0,0,46
01/20/2021,GYY,IN,AGL,CE,Federal Contract Tower,5,7,9,1,22,0,0,19,5,24,5,7,28,6,46,10,0,10,56
01/21/2021,GYY,IN,AGL,CE,Federal Contract Tower,4,2,17,2,25,0,1,15,8,24,4,3,32,10,49,38,20,58,107
01/22/2021,GYY,IN,AGL,CE,Federal Contract Tower,1,2,14,0,17,0,0,14,1,15,1,2,28,1,32,54,12,66,98
01/23/2021,GYY,IN,AGL,CE,Federal Contract Tower,0,3,7,0,10,0,0,21,2,23,0,3,28,2,33,36,0,36,69
01/24/2021,GYY,IN,AGL,CE,Federal Contract Tower,1,0,8,2,11,0,0,0,0,0,1,0,8,2,11,0,0,0,11
01/25/2021,GYY,IN,AGL,CE,Federal Contract Tower,0,4,9,0,13,0,0,0,0,0,0,4,9,0,13,0,0,0,13
01/26/2021,GYY,IN,AGL,CE,Federal Contract Tower,4,6,13,0,23,0,0,0,0,0,4,6,13,0,23,0,8,8,31
01/27/2021,GYY,IN,AGL,CE,Federal Contract Tower,5,1,17,0,23,0,0,2,4,6,5,1,19,4,29,8,12,20,49
01/28/2021,GYY,IN,AGL,CE,Federal Contract Tower,4,7,11,0,22,0,0,24,10,34,4,7,35,10,56,16,6,22,78
01/29/2021,GYY,IN,AGL,CE,Federal Contract Tower,4,8,19,2,33,0,0,25,0,25,4,8,44,2,58,44,0,44,102
01/30/2021,GYY,IN,AGL,CE,Federal Contract Tower,0,0,11,0,11,0,0,12,0,12,0,0,23,0,23,8,0,8,31
01/31/2021,GYY,IN,AGL,CE,Federal Contract Tower,0,5,6,0,11,0,0,0,0,0,0,5,6,0,11,0,0,0,11
02/01/2021,GYY,IN,AGL,CE,Federal Contract Tower,3,3,7,0,13,0,0,3,2,5,3,3,10,2,18,0,0,0,18
02/02/2021,GYY,IN,AGL,CE,Federal Contract Tower,4,4,12,0,20,0,0,8,5,13,4,4,20,5,33,12,6,18,51
02/03/2021,GYY,IN,AGL,CE,Federal Contract Tower,4,6,17,1,28,0,0,6,5,11,4,6,23,6,39,52,8,60,99
02/04/2021,GYY,IN,AGL,CE,Federal Contract Tower,1,7,8,0,16,0,3,8,0,11,1,10,16,0,27,4,0,4,31
02/05/2021,GYY,IN,AGL,CE,Federal Contract Tower,3,5,11,0,19,0,0,0,6,6,3,5,11,6,25,0,18,18,43
02/06/2021,GYY,IN,AGL,CE,Federal Contract Tower,0,1,6,0,7,0,0,5,0,5,0,1,11,0,12,6,0,6,18
02/07/2021,GYY,IN,AGL,CE,Federal Contract Tower,0,1,6,0,7,0,0,3,0,3,0,1,9,0,10,0,0,0,10
02/08/2021,GYY,IN,AGL,CE,Federal Contract Tower,2,9,10,0,21,0,0,0,0,0,2,9,10,0,21,0,0,0,21
02/09/2021,GYY,IN,AGL,CE,Federal Contract Tower,4,9,11,4,28,0,0,5,4,9,4,9,16,8,37,48,18,66,103
02/10/2021,GYY,IN,AGL,CE,Federal Contract Tower,4,1,15,0,20,0,0,3,2,5,4,1,18,2,25,0,0,0,25
02/11/2021,GYY,IN,AGL,CE,Federal Contract Tower,2,14,16,4,36,0,0,0,6,6,2,14,16,10,42,4,10,14,56
02/12/2021,GYY,IN,AGL,CE,Federal Contract Tower,5,6,23,4,38,0,0,13,2,15,5,6,36,6,53,46,0,46,99
02/13/2021,GYY,IN,AGL,CE,Federal Contract Tower,0,2,9,0,11,0,0,0,0,0,0,2,9,0,11,0,0,0,11
02/14/2021,GYY,IN,AGL,CE,Federal Contract Tower,1,5,8,0,14,0,0,2,0,2,1,5,10,0,16,0,0,0,16
02/15/2021,GYY,IN,AGL,CE,Federal Contract Tower,0,5,12,0,17,0,0,0,0,0,0,5,12,0,17,0,0,0,17
02/16/2021,GYY,IN,AGL,CE,Federal Contract Tower,2,4,22,0,28,0,0,0,10,10,2,4,22,10,38,0,0,0,38
02/17/2021,GYY,IN,AGL,CE,Federal Contract Tower,0,4,23,0,27,0,0,10,4,14,0,4,33,4,41,10,26,36,77
02/18/2021,GYY,IN,AGL,CE,Federal Contract Tower,1,4,6,2,13,0,0,1,7,8,1,4,7,9,21,0,20,20,41
02/19/2021,GYY,IN,AGL,CE,Federal Contract Tower,1,4,11,3,19,0,0,19,1,20,1,4,30,4,39,10,0,10,49
02/20/2021,GYY,IN,AGL,CE,Federal Contract Tower,0,4,10,0,14,0,0,25,0,25,0,4,35,0,39,16,0,16,55
02/21/2021,GYY,IN,AGL,CE,Federal Contract Tower,0,7,4,0,11,0,0,0,0,0,0,7,4,0,11,0,0,0,11
02/22/2021,GYY,IN,AGL,CE,Federal Contract Tower,0,7,16,0,23,0,4,5,6,15,0,11,21,6,38,26,8,34,72
02/23/2021,GYY,IN,AGL,CE,Federal Contract Tower,4,3,12,0,19,0,0,10,7,17,4,3,22,7,36,0,14,14,50
02/24/2021,GYY,IN,AGL,CE,Federal Contract Tower,4,9,22,0,35,0,0,7,10,17,4,9,29,10,52,2,12,14,66
02/25/2021,GYY,IN,AGL,CE,Federal Contract Tower,3,12,18,0,33,0,0,23,10,33,3,12,41,10,66,32,18,50,116
02/26/2021,GYY,IN,AGL,CE,Federal Contract Tower,5,5,19,1,30,0,0,11,5,16,5,5,30,6,46,14,0,14,60
02/27/2021,GYY,IN,AGL,CE,Federal Contract Tower,0,0,11,1,12,0,0,10,1,11,0,0,21,2,23,2,0,2,25
02/28/2021,GYY,IN,AGL,CE,Federal Contract Tower,0,3,15,0,18,0,0,0,0,0,0,3,15,0,18,0,0,0,18
03/01/2021,GYY,IN,AGL,CE,Federal Contract Tower,0,9,12,0,21,0,0,24,0,24,0,9,36,0,45,28,0,28,73
03/02/2021,GYY,IN,AGL,CE,Federal Contract Tower,5,2,19,0,26,0,1,31,6,38,5,3,50,6,64,30,10,40,104
03/03/2021,GYY,IN,AGL,CE,Federal Contract Tower,5,5,13,1,24,0,2,23,0,25,5,7,36,1,49,28,0,28,77
03/04/2021,GYY,IN,AGL,CE,Federal Contract Tower,3,3,20,3,29,0,0,11,7,18,3,3,31,10,47,14,4,18,65
03/05/2021,GYY,IN,AGL,CE,Federal Contract Tower,6,2,10,1,19,0,0,33,1,34,6,2,43,2,53,72,0,72,125
03/06/2021,GYY,IN,AGL,CE,Federal Contract Tower,2,3,17,0,22,0,0,23,0,23,2,3,40,0,45,28,0,28,73
03/07/2021,GYY,IN,AGL,CE,Federal Contract Tower,2,5,25,0,32,0,0,30,0,30,2,5,55,0,62,40,0,40,102
03/08/2021,GYY,IN,AGL,CE,Federal Contract Tower,5,11,10,0,26,0,0,19,0,19,5,11,29,0,45,38,0,38,83
03/09/2021,GYY,IN,AGL,CE,Federal Contract Tower,4,11,24,2,41,0,0,21,2,23,4,11,45,4,64,28,8,36,100
03/10/2021,GYY,IN,AGL,CE,Federal Contract Tower,4,6,16,1,27,0,0,4,1,5,4,6,20,2,32,0,0,0,32
03/11/2021,GYY,IN,AGL,CE,Federal Contract Tower,5,10,16,0,31,0,0,15,3,18,5,10,31,3,49,32,10,42,91
03/12/2021,GYY,IN,AGL,CE,Federal Contract Tower,3,5,14,2,24,0,0,12,13,25,3,5,26,15,49,38,10,48,97
03/13/2021,GYY,IN,AGL,CE,Federal Contract Tower,0,2,17,0,19,0,0,23,2,25,0,2,40,2,44,30,0,30,74
03/14/2021,GYY,IN,AGL,CE,Federal Contract Tower,1,4,9,0,14,0,0,11,5,16,1,4,20,5,30,4,0,4,34
03/15/2021,GYY,IN,AGL,CE,Federal Contract Tower,0,8,13,0,21,0,0,1,0,1,0,8,14,0,22,0,0,0,22
03/16/2021,GYY,IN,AGL,CE,Federal Contract Tower,4,5,12,2,23,0,0,0,0,0,4,5,12,2,23,3,0,3,26
03/17/2021,GYY,IN,AGL,CE,Federal Contract Tower,4,7,22,2,35,0,0,0,0,0,4,7,22,2,35,0,0,0,35
03/18/2021,GYY,IN,AGL,CE,Federal Contract Tower,4,2,14,0,20,0,0,1,6,7,4,2,15,6,27,0,16,16,43
03/19/2021,GYY,IN,AGL,CE,Federal Contract Tower,4,13,13,2,32,0,0,18,2,20,4,13,31,4,52,32,0,32,84
03/20/2021,GYY,IN,AGL,CE,Federal Contract Tower,0,4,21,0,25,0,0,24,0,24,0,4,45,0,49,6,0,6,55
03/21/2021,GYY,IN,AGL,CE,Federal Contract Tower,0,2,13,0,15,0,0,19,0,19,0,2,32,0,34,6,0,6,40
03/22/2021,GYY,IN,AGL,CE,Federal Contract Tower,1,10,15,0,26,0,7,27,0,34,1,17,42,0,60,48,0,48,108
03/23/2021,GYY,IN,AGL,CE,Federal Contract Tower,5,5,17,0,27,0,0,4,0,4,5,5,21,0,31,0,0,0,31
03/24/2021,GYY,IN,AGL,CE,Federal Contract Tower,4,5,20,1,30,0,0,8,1,9,4,5,28,2,39,4,0,4,43
03/25/2021,GYY,IN,AGL,CE,Federal Contract Tower,3,15,20,0,38,0,0,5,5,10,3,15,25,5,48,4,6,10,58
03/26/2021,GYY,IN,AGL,CE,Federal Contract Tower,3,13,20,0,36,0,0,1,0,1,3,13,21,0,37,0,0,0,37
03/27/2021,GYY,IN,AGL,CE,Federal Contract Tower,0,6,18,0,24,0,0,7,0,7,0,6,25,0,31,8,0,8,39
03/28/2021,GYY,IN,AGL,CE,Federal Contract Tower,0,5,20,0,25,0,0,7,0,7,0,5,27,0,32,10,0,10,42
03/29/2021,GYY,IN,AGL,CE,Federal Contract Tower,2,7,14,0,23,0,0,13,2,15,2,7,27,2,38,4,0,4,42
03/30/2021,GYY,IN,AGL,CE,Federal Contract Tower,4,4,18,0,26,0,0,5,2,7,4,4,23,2,33,0,0,0,33
03/31/2021,GYY,IN,AGL,CE,Federal Contract Tower,4,7,14,0,25,0,0,11,4,15,4,7,25,4,40,0,0,0,40
04/01/2021,GYY,IN,AGL,CE,Federal Contract Tower,3,12,30,0,45,0,0,8,7,15,3,12,38,7,60,6,0,6,66
04/02/2021,GYY,IN,AGL,CE,Federal Contract Tower,4,2,16,0,22,0,11,23,2,36,4,13,39,2,58,34,4,38,96
04/03/2021,GYY,IN,AGL,CE,Federal Contract Tower,0,3,25,0,28,0,0,17,0,17,0,3,42,0,45,6,0,6,51
04/04/2021,GYY,IN,AGL,CE,Federal Contract Tower,0,8,21,0,29,0,0,17,0,17,0,8,38,0,46,6,0,6,52
04/05/2021,GYY,IN,AGL,CE,Federal Contract Tower,3,4,23,0,30,0,0,19,0,19,3,4,42,0,49,10,0,10,59
04/06/2021,GYY,IN,AGL,CE,Federal Contract Tower,6,7,15,9,37,0,0,22,4,26,6,7,37,13,63,18,26,44,107
04/07/2021,GYY,IN,AGL,CE,Federal Contract Tower,2,7,12,2,23,0,0,37,1,38,2,7,49,3,61,12,0,12,73
04/08/2021,GYY,IN,AGL,CE,Federal Contract Tower,2,8,15,3,28,0,0,4,6,10,2,8,19,9,38,2,2,4,42
04/09/2021,GYY,IN,AGL,CE,Federal Contract Tower,4,2,19,3,28,0,0,9,0,9,4,2,28,3,37,26,0,26,63
04/10/2021,GYY,IN,AGL,CE,Federal Contract Tower,0,4,10,0,14,0,1,1,0,2,0,5,11,0,16,2,0,2,18
04/11/2021,GYY,IN,AGL,CE,Federal Contract Tower,2,3,21,4,30,0,0,8,0,8,2,3,29,4,38,0,0,0,38
04/12/2021,GYY,IN,AGL,CE,Federal Contract Tower,3,9,20,0,32,0,0,15,0,15,3,9,35,0,47,12,0,12,59
04/13/2021,GYY,IN,AGL,CE,Federal Contract Tower,1,6,13,0,20,0,0,23,2,25,1,6,36,2,45,6,0,6,51
04/14/2021,GYY,IN,AGL,CE,Federal Contract Tower,3,8,23,0,34,0,0,18,5,23,3,8,41,5,57,36,12,48,105
04/15/2021,GYY,IN,AGL,CE,Federal Contract Tower,6,5,20,0,31,0,0,10,5,15,6,5,30,5,46,44,0,44,90
04/16/2021,GYY,IN,AGL,CE,Federal Contract Tower,3,4,19,0,26,0,0,15,2,17,3,4,34,2,43,6,0,6,49
04/17/2021,GYY,IN,AGL,CE,Federal Contract Tower,2,0,15,0,17,0,0,6,0,6,2,0,21,0,23,4,0,4,27
04/18/2021,GYY,IN,AGL,CE,Federal Contract Tower,3,3,13,0,19,0,0,19,0,19,3,3,32,0,38,14,0,14,52
04/19/2021,GYY,IN,AGL,CE,Federal Contract Tower,3,1,12,0,16,0,0,5,0,5,3,1,17,0,21,12,0,12,33
04/20/2021,GYY,IN,AGL,CE,Federal Contract Tower,0,7,13,0,20,0,0,3,0,3,0,7,16,0,23,0,0,0,23
04/21/2021,GYY,IN,AGL,CE,Federal Contract Tower,1,5,15,0,21,0,0,6,2,8,1,5,21,2,29,16,0,16,45
04/22/2021,GYY,IN,AGL,CE,Federal Contract Tower,4,4,20,0,28,0,2,22,9,33,4,6,42,9,61,32,0,32,93
04/23/2021,GYY,IN,AGL,CE,Federal Contract Tower,3,4,20,20,47,0,0,15,3,18,3,4,35,23,65,12,0,12,77
04/24/2021,GYY,IN,AGL,CE,Federal Contract Tower,0,2,14,1,17,0,0,3,2,5,0,2,17,3,22,2,0,2,24
04/25/2021,GYY,IN,AGL,CE,Federal Contract Tower,0,3,16,2,21,0,0,19,0,19,0,3,35,2,40,12,0,12,52
04/26/2021,GYY,IN,AGL,CE,Federal Contract Tower,3,1,11,0,15,0,0,4,0,4,3,1,15,0,19,0,0,0,19
04/27/2021,GYY,IN,AGL,CE,Federal Contract Tower,4,4,16,1,25,0,2,13,7,22,4,6,29,8,47,10,24,34,81
04/28/2021,GYY,IN,AGL,CE,Federal Contract Tower,5,9,31,2,47,0,0,0,0,0,5,9,31,2,47,0,0,0,47
04/29/2021,GYY,IN,AGL,CE,Federal Contract Tower,4,5,18,0,27,0,0,3,6,9,4,5,21,6,36,4,0,4,40
04/30/2021,GYY,IN,AGL,CE,Federal Contract Tower,5,6,26,0,37,0,2,20,4,26,5,8,46,4,63,2,0,2,65
05/01/2021,GYY,IN,AGL,CE,Federal Contract Tower,0,2,14,0,16,0,0,10,2,12,0,2,24,2,28,0,0,0,28
05/02/2021,GYY,IN,AGL,CE,Federal Contract Tower,0,8,12,7,27,0,0,16,0,16,0,8,28,7,43,0,0,0,43
05/03/2021,GYY,IN,AGL,CE,Federal Contract Tower,2,7,12,0,21,0,0,2,3,5,2,7,14,3,26,0,0,0,26
05/04/2021,GYY,IN,AGL,CE,Federal Contract Tower,2,9,11,2,24,0,0,1,0,1,2,9,12,2,25,0,0,0,25
05/05/2021,GYY,IN,AGL,CE,Federal Contract Tower,1,9,26,2,38,0,0,28,0,28,1,9,54,2,66,6,0,6,72
05/06/2021,GYY,IN,AGL,CE,Federal Contract Tower,4,3,17,3,27,0,0,2,10,12,4,3,19,13,39,2,2,4,43
05/07/2021,GYY,IN,AGL,CE,Federal Contract Tower,3,1,23,0,27,0,0,22,6,28,3,1,45,6,55,16,0,16,71
05/08/2021,GYY,IN,AGL,CE,Federal Contract Tower,0,2,20,0,22,0,0,25,0,25,0,2,45,0,47,20,0,20,67
05/09/2021,GYY,IN,AGL,CE,Federal Contract Tower,0,4,13,0,17,0,0,1,0,1,0,4,14,0,18,0,0,0,18
05/10/2021,GYY,IN,AGL,CE,Federal Contract Tower,3,5,22,0,30,0,0,12,0,12,3,5,34,0,42,30,0,30,72
05/11/2021,GYY,IN,AGL,CE,Federal Contract Tower,1,6,26,0,33,0,0,20,2,22,1,6,46,2,55,10,0,10,65
05/12/2021,GYY,IN,AGL,CE,Federal Contract Tower,4,9,21,1,35,0,0,22,3,25,4,9,43,4,60,30,0,30,90
05/13/2021,GYY,IN,AGL,CE,Federal Contract Tower,4,10,26,0,40,0,0,11,8,19,4,10,37,8,59,40,0,40,99
05/14/2021,GYY,IN,AGL,CE,Federal Contract Tower,1,1,22,1,25,0,0,24,3,27,1,1,46,4,52,44,0,44,96
05/15/2021,GYY,IN,AGL,CE,Federal Contract Tower,0,4,14,1,19,0,0,13,5,18,0,4,27,6,37,42,2,44,81
05/16/2021,GYY,IN,AGL,CE,Federal Contract Tower,0,4,23,0,27,0,2,16,2,20,0,6,39,2,47,10,34,44,91
05/17/2021,GYY,IN,AGL,CE,Federal Contract Tower,4,7,25,0,36,0,0,11,0,11,4,7,36,0,47,34,0,34,81
05/18/2021,GYY,IN,AGL,CE,Federal Contract Tower,1,9,17,0,27,0,0,15,5,20,1,9,32,5,47,16,0,16,63
05/19/2021,GYY,IN,AGL,CE,Federal Contract Tower,1,4,27,1,33,0,0,13,4,17,1,4,40,5,50,16,0,16,66
05/20/2021,GYY,IN,AGL,CE,Federal Contract Tower,6,5,18,1,30,0,0,17,5,22,6,5,35,6,52,0,0,0,52
05/21/2021,GYY,IN,AGL,CE,Federal Contract Tower,3,3,20,0,26,0,0,15,2,17,3,3,35,2,43,8,0,8,51
05/22/2021,GYY,IN,AGL,CE,Federal Contract Tower,0,2,11,0,13,0,0,22,0,22,0,2,33,0,35,42,0,42,77
05/23/2021,GYY,IN,AGL,CE,Federal Contract Tower,1,5,19,0,25,0,0,10,0,10,1,5,29,0,35,18,0,18,53
05/24/2021,GYY,IN,AGL,CE,Federal Contract Tower,3,1,19,0,23,0,0,8,0,8,3,1,27,0,31,18,0,18,49
05/25/2021,GYY,IN,AGL,CE,Federal Contract Tower,1,10,13,1,25,0,0,5,3,8,1,10,18,4,33,10,0,10,43
05/26/2021,GYY,IN,AGL,CE,Federal Contract Tower,2,9,21,0,32,0,0,16,4,20,2,9,37,4,52,8,0,8,60
05/27/2021,GYY,IN,AGL,CE,Federal Contract Tower,4,4,31,2,41,0,0,8,2,10,4,4,39,4,51,0,0,0,51
05/28/2021,GYY,IN,AGL,CE,Federal Contract Tower,3,1,15,0,19,0,0,0,0,0,3,1,15,0,19,0,0,0,19
05/29/2021,GYY,IN,AGL,CE,Federal Contract Tower,0,0,17,0,17,0,0,28,0,28,0,0,45,0,45,20,0,20,65
05/30/2021,GYY,IN,AGL,CE,Federal Contract Tower,0,4,19,0,23,0,0,11,0,11,0,4,30,0,34,12,0,12,46
05/31/2021,GYY,IN,AGL,CE,Federal Contract Tower,0,4,24,0,28,0,0,10,0,10,0,4,34,0,38,8,0,8,46
06/01/2021,GYY,IN,AGL,CE,Federal Contract Tower,0,9,18,0,27,0,2,21,0,23,0,11,39,0,50,8,0,8,58
06/02/2021,GYY,IN,AGL,CE,Federal Contract Tower,1,10,23,0,34,0,0,12,1,13,1,10,35,1,47,6,0,6,53
06/03/2021,GYY,IN,AGL,CE,Federal Contract Tower,4,8,15,0,27,0,0,19,3,22,4,8,34,3,49,36,0,36,85
06/04/2021,GYY,IN,AGL,CE,Federal Contract Tower,2,8,18,0,28,0,0,15,0,15,2,8,33,0,43,2,0,2,45
06/05/2021,GYY,IN,AGL,CE,Federal Contract Tower,0,1,17,0,18,0,0,10,0,10,0,1,27,0,28,2,0,2,30
06/06/2021,GYY,IN,AGL,CE,Federal Contract Tower,0,5,15,0,20,0,0,18,0,18,0,5,33,0,38,8,0,8,46
06/07/2021,GYY,IN,AGL,CE,Federal Contract Tower,3,5,25,0,33,0,0,6,0,6,3,5,31,0,39,12,0,12,51
06/08/2021,GYY,IN,AGL,CE,Federal Contract Tower,0,10,12,0,22,0,0,8,2,10,0,10,20,2,32,12,0,12,44
06/09/2021,GYY,IN,AGL,CE,Federal Contract Tower,0,8,21,0,29,0,0,20,2,22,0,8,41,2,51,18,0,18,69
06/10/2021,GYY,IN,AGL,CE,Federal Contract Tower,3,8,24,2,37,0,0,17,5,22,3,8,41,7,59,4,0,4,63
06/11/2021,GYY,IN,AGL,CE,Federal Contract Tower,2,9,30,4,45,0,0,22,7,29,2,9,52,11,74,2,0,2,76
06/12/2021,GYY,IN,AGL,CE,Federal Contract Tower,2,2,4,0,8,0,0,19,4,23,2,2,23,4,31,28,2,30,61
06/13/2021,GYY,IN,AGL,CE,Federal Contract Tower,0,5,16,1,22,0,0,29,2,31,0,5,45,3,53,4,0,4,57
06/14/2021,GYY,IN,AGL,CE,Federal Contract Tower,4,7,17,0,28,0,0,13,0,13,4,7,30,0,41,0,0,0,41
06/15/2021,GYY,IN,AGL,CE,Federal Contract Tower,1,13,20,2,36,0,0,19,3,22,1,13,39,5,58,0,0,0,58
06/16/2021,GYY,IN,AGL,CE,Federal Contract Tower,0,6,13,0,19,0,0,32,0,32,0,6,45,0,51,32,0,32,83
06/17/2021,GYY,IN,AGL,CE,Federal Contract Tower,3,13,20,2,38,0,1,12,2,15,3,14,32,4,53,6,0,6,59
06/18/2021,GYY,IN,AGL,CE,Federal Contract Tower,1,8,17,0,26,0,0,9,0,9,1,8,26,0,35,8,0,8,43
06/19/2021,GYY,IN,AGL,CE,Federal Contract Tower,0,2,12,2,16,0,0,20,0,20,0,2,32,2,36,12,0,12,48
06/20/2021,GYY,IN,AGL,CE,Federal Contract Tower,0,4,19,0,23,0,0,6,0,6,0,4,25,0,29,8,0,8,37
06/21/2021,GYY,IN,AGL,CE,Federal Contract Tower,2,4,31,0,37,0,0,12,0,12,2,4,43,0,49,4,0,4,53
06/22/2021,GYY,IN,AGL,CE,Federal Contract Tower,0,6,14,0,20,0,0,8,0,8,0,6,22,0,28,0,0,0,28
06/23/2021,GYY,IN,AGL,CE,Federal Contract Tower,0,18,33,0,51,0,0,11,0,11,0,18,44,0,62,20,0,20,82
06/24/2021,GYY,IN,AGL,CE,Federal Contract Tower,4,9,20,0,33,0,0,6,5,11,4,9,26,5,44,0,10,10,54
06/25/2021,GYY,IN,AGL,CE,Federal Contract Tower,2,6,14,0,22,0,0,2,0,2,2,6,16,0,24,6,0,6,30
06/26/2021,GYY,IN,AGL,CE,Federal Contract Tower,2,6,11,0,19,0,0,0,0,0,2,6,11,0,19,0,0,0,19
06/27/2021,GYY,IN,AGL,CE,Federal Contract Tower,1,5,27,0,33,0,0,6,0,6,1,5,33,0,39,24,0,24,63
06/28/2021,GYY,IN,AGL,CE,Federal Contract Tower,3,5,22,0,30,0,0,4,0,4,3,5,26,0,34,0,0,0,34
06/29/2021,GYY,IN,AGL,CE,Federal Contract Tower,2,9,19,0,30,0,0,6,0,6,2,9,25,0,36,4,0,4,40
06/30/2021,GYY,IN,AGL,CE,Federal Contract Tower,0,12,17,0,29,0,0,8,2,10,0,12,25,2,39,0,14,14,53
07/01/2021,GYY,IN,AGL,CE,Federal Contract Tower,3,5,20,1,29,0,0,30,9,39,3,5,50,10,68,28,12,40,108
07/02/2021,GYY,IN,AGL,CE,Federal Contract Tower,3,6,30,0,39,0,0,31,0,31,3,6,61,0,70,22,0,22,92
07/03/2021,GYY,IN,AGL,CE,Federal Contract Tower,0,3,8,2,13,0,0,23,2,25,0,3,31,4,38,0,0,0,38
07/04/2021,GYY,IN,AGL,CE,Federal Contract Tower,0,3,4,0,7,0,0,12,2,14,0,3,16,2,21,2,4,6,27
07/05/2021,GYY,IN,AGL,CE,Federal Contract Tower,0,7,25,0,32,0,0,13,0,13,0,7,38,0,45,12,0,12,57
07/06/2021,GYY,IN,AGL,CE,Federal Contract Tower,3,3,12,0,18,0,2,7,0,9,3,5,19,0,27,0,0,0,27
07/07/2021,GYY,IN,AGL,CE,Federal Contract Tower,1,6,21,0,28,0,0,4,0,4,1,6,25,0,32,6,0,6,38
07/08/2021,GYY,IN,AGL,CE,Federal Contract Tower,3,5,20,0,28,0,0,2,3,5,3,5,22,3,33,0,12,12,45
07/09/2021,GYY,IN,AGL,CE,Federal Contract Tower,2,5,28,0,35,0,0,30,3,33,2,5,58,3,68,46,16,62,130
07/10/2021,GYY,IN,AGL,CE,Federal Contract Tower,0,3,22,0,25,0,0,8,0,8,0,3,30,0,33,6,0,6,39
07/11/2021,GYY,IN,AGL,CE,Federal Contract Tower,1,9,22,2,34,0,0,0,0,0,1,9,22,2,34,0,0,0,34
07/12/2021,GYY,IN,AGL,CE,Federal Contract Tower,3,4,28,0,35,0,0,0,0,0,3,4,28,0,35,0,0,0,35
07/13/2021,GYY,IN,AGL,CE,Federal Contract Tower,3,6,23,0,32,0,2,1,0,3,3,8,24,0,35,0,0,0,35
07/14/2021,GYY,IN,AGL,CE,Federal Contract Tower,4,10,15,2,31,0,0,17,0,17,4,10,32,2,48,8,0,8,56
07/15/2021,GYY,IN,AGL,CE,Federal Contract Tower,0,4,29,0,33,0,0,17,9,26,0,4,46,9,59,4,0,4,63
07/16/2021,GYY,IN,AGL,CE,Federal Contract Tower,2,6,22,0,30,0,0,0,0,0,2,6,22,0,30,0,0,0,30
07/17/2021,GYY,IN,AGL,CE,Federal Contract Tower,0,1,22,1,24,0,0,6,1,7,0,1,28,2,31,4,0,4,35
07/18/2021,GYY,IN,AGL,CE,Federal Contract Tower,0,2,27,0,29,0,0,31,1,32,0,2,58,1,61,30,0,30,91
07/19/2021,GYY,IN,AGL,CE,Federal Contract Tower,4,2,26,1,33,0,0,32,0,32,4,2,58,1,65,12,0,12,77
07/20/2021,GYY,IN,AGL,CE,Federal Contract Tower,3,5,20,4,32,0,0,15,4,19,3,5,35,8,51,16,0,16,67
07/21/2021,GYY,IN,AGL,CE,Federal Contract Tower,5,4,34,0,43,0,1,21,6,28,5,5,55,6,71,30,0,30,101
07/22/2021,GYY,IN,AGL,CE,Federal Contract Tower,0,8,25,1,34,0,0,17,17,34,0,8,42,18,68,0,8,8,76
07/23/2021,GYY,IN,AGL,CE,Federal Contract Tower,2,9,29,4,44,0,0,25,1,26,2,9,54,5,70,6,0,6,76
07/24/2021,GYY,IN,AGL,CE,Federal Contract Tower,0,2,21,0,23,0,0,21,0,21,0,2,42,0,44,16,0,16,60
07/25/2021,GYY,IN,AGL,CE,Federal Contract Tower,0,4,28,0,32,0,0,24,0,24,0,4,52,0,56,2,0,2,58
07/26/2021,GYY,IN,AGL,CE,Federal Contract Tower,3,6,14,0,23,0,0,15,0,15,3,6,29,0,38,32,0,32,70
07/27/2021,GYY,IN,AGL,CE,Federal Contract Tower,2,7,19,4,32,0,2,13,0,15,2,9,32,4,47,20,0,20,67
07/28/2021,GYY,IN,AGL,CE,Federal Contract Tower,5,11,27,2,45,0,0,28,0,28,5,11,55,2,73,30,0,30,103
07/29/2021,GYY,IN,AGL,CE,Federal Contract Tower,5,8,17,2,32,2,0,18,5,25,7,8,35,7,57,12,10,22,79
07/30/2021,GYY,IN,AGL,CE,Federal Contract Tower,4,7,19,1,31,0,2,29,1,32,4,9,48,2,63,2,0,2,65
07/31/2021,GYY,IN,AGL,CE,Federal Contract Tower,0,1,21,0,22,0,0,29,11,40,0,1,50,11,62,0,0,0,62
08/01/2021,GYY,IN,AGL,CE,Federal Contract Tower,4,3,24,0,31,0,0,24,0,24,4,3,48,0,55,24,0,24,79
08/02/2021,GYY,IN,AGL,CE,Federal Contract Tower,7,7,17,0,31,0,0,10,4,14,7,7,27,4,45,16,0,16,61
08/03/2021,GYY,IN,AGL,CE,Federal Contract Tower,2,8,16,0,26,0,1,12,1,14,2,9,28,1,40,0,0,0,40
08/04/2021,GYY,IN,AGL,CE,Federal Contract Tower,3,8,21,0,32,0,0,21,1,22,3,8,42,1,54,24,0,24,78
08/05/2021,GYY,IN,AGL,CE,Federal Contract Tower,3,2,25,2,32,0,0,23,0,23,3,2,48,2,55,28,0,28,83
08/06/2021,GYY,IN,AGL,CE,Federal Contract Tower,4,3,18,5,30,0,1,13,4,18,4,4,31,9,48,22,4,26,74
08/07/2021,GYY,IN,AGL,CE,Federal Contract Tower,0,4,14,0,18,0,3,15,0,18,0,7,29,0,36,42,0,42,78
08/08/2021,GYY,IN,AGL,CE,Federal Contract Tower,1,8,21,4,34,0,1,14,3,18,1,9,35,7,52,12,0,12,64
08/09/2021,GYY,IN,AGL,CE,Federal Contract Tower,9,4,18,2,33,0,0,6,4,10,9,4,24,6,43,18,12,30,73
08/10/2021,GYY,IN,AGL,CE,Federal Contract Tower,4,5,18,0,27,0,0,3,6,9,4,5,21,6,36,0,0,0,36
08/11/2021,GYY,IN,AGL,CE,Federal Contract Tower,5,4,23,2,34,0,0,4,2,6,5,4,27,4,40,0,0,0,40
08/12/2021,GYY,IN,AGL,CE,Federal Contract Tower,0,12,18,0,30,0,0,7,12,19,0,12,25,12,49,10,0,10,59
08/13/2021,GYY,IN,AGL,CE,Federal Contract Tower,2,5,20,2,29,0,0,25,3,28,2,5,45,5,57,12,0,12,69
08/14/2021,GYY,IN,AGL,CE,Federal Contract Tower,0,4,14,0,18,0,0,18,0,18,0,4,32,0,36,18,0,18,54
08/15/2021,GYY,IN,AGL,CE,Federal Contract Tower,2,3,18,0,23,0,0,15,0,15,2,3,33,0,38,0,0,0,38
08/16/2021,GYY,IN,AGL,CE,Federal Contract Tower,3,6,29,4,42,0,0,6,0,6,3,6,35,4,48,0,0,0,48
08/17/2021,GYY,IN,AGL,CE,Federal Contract Tower,3,8,21,3,35,0,0,17,3,20,3,8,38,6,55,8,8,16,71
08/18/2021,GYY,IN,AGL,CE,Federal Contract Tower,5,6,20,4,35,0,0,14,0,14,5,6,34,4,49,42,0,42,91
08/19/2021,GYY,IN,AGL,CE,Federal Contract Tower,0,15,26,8,49,0,0,16,0,16,0,15,42,8,65,4,0,4,69
08/20/2021,GYY,IN,AGL,CE,Federal Contract Tower,2,4,25,2,33,0,0,29,25,54,2,4,54,27,87,50,26,76,163
08/21/2021,GYY,IN,AGL,CE,Federal Contract Tower,0,4,22,2,28,0,0,16,18,34,0,4,38,20,62,4,16,20,82
08/22/2021,GYY,IN,AGL,CE,Federal Contract Tower,1,3,16,5,25,0,0,15,7,22,1,3,31,12,47,8,0,8,55
08/23/2021,GYY,IN,AGL,CE,Federal Contract Tower,1,5,19,0,25,0,0,10,0,10,1,5,29,0,35,0,0,0,35
08/24/2021,GYY,IN,AGL,CE,Federal Contract Tower,4,7,14,0,25,0,0,6,1,7,4,7,20,1,32,6,0,6,38
08/25/2021,GYY,IN,AGL,CE,Federal Contract Tower,1,11,27,1,40,0,12,0,0,12,1,23,27,1,52,2,0,2,54
08/28/2021,GYY,IN,AGL,CE,Federal Contract Tower,0,5,20,0,25,0,0,20,2,22,0,5,40,2,47,0,0,0,47
08/29/2021,GYY,IN,AGL,CE,Federal Contract Tower,0,7,25,0,32,0,1,13,0,14,0,8,38,0,46,8,0,8,54
08/30/2021,GYY,IN,AGL,CE,Federal Contract Tower,3,8,26,2,39,0,0,21,0,21,3,8,47,2,60,44,0,44,104
08/31/2021,GYY,IN,AGL,CE,Federal Contract Tower,2,5,20,0,27,0,0,7,2,9,2,5,27,2,36,52,0,52,88
09/01/2021,GYY,IN,AGL,CE,Federal Contract Tower,4,6,16,0,26,0,0,23,1,24,4,6,39,1,50,16,8,24,74
09/03/2021,GYY,IN,AGL,CE,Federal Contract Tower,2,5,30,0,37,0,0,20,0,20,2,5,50,0,57,6,0,6,63
09/05/2021,GYY,IN,AGL,CE,Federal Contract Tower,0,4,17,0,21,0,0,18,0,18,0,4,35,0,39,34,0,34,73
09/06/2021,GYY,IN,AGL,CE,Federal Contract Tower,0,7,27,0,34,0,0,32,0,32,0,7,59,0,66,8,0,8,74
09/07/2021,GYY,IN,AGL,CE,Federal Contract Tower,2,8,20,0,30,0,0,4,0,4,2,8,24,0,34,0,0,0,34
09/08/2021,GYY,IN,AGL,CE,Federal Contract Tower,3,7,15,1,26,0,0,12,3,15,3,7,27,4,41,8,6,14,55
09/09/2021,GYY,IN,AGL,CE,Federal Contract Tower,1,15,13,0,29,0,0,35,2,37,1,15,48,2,66,42,0,42,108
09/10/2021,GYY,IN,AGL,CE,Federal Contract Tower,1,8,14,0,23,0,0,25,3,28,1,8,39,3,51,23,0,23,74
09/11/2021,GYY,IN,AGL,CE,Federal Contract Tower,2,3,22,0,27,0,0,21,10,31,2,3,43,10,58,10,0,10,68
09/12/2021,GYY,IN,AGL,CE,Federal Contract Tower,1,4,33,0,38,0,0,25,0,25,1,4,58,0,63,10,0,10,73
09/13/2021,GYY,IN,AGL,CE,Federal Contract Tower,2,5,26,2,35,0,0,17,0,17,2,5,43,2,52,18,0,18,70
09/14/2021,GYY,IN,AGL,CE,Federal Contract Tower,1,3,23,0,27,0,0,7,0,7,1,3,30,0,34,2,8,10,44
09/15/2021,GYY,IN,AGL,CE,Federal Contract Tower,4,18,26,0,48,0,1,9,2,12,4,19,35,2,60,12,0,12,72
09/16/2021,GYY,IN,AGL,CE,Federal Contract Tower,0,16,31,0,47,0,1,15,0,16,0,17,46,0,63,22,0,22,85
09/17/2021,GYY,IN,AGL,CE,Federal Contract Tower,2,3,14,8,27,0,0,10,5,15,2,3,24,13,42,8,8,16,58
09/18/2021,GYY,IN,AGL,CE,Federal Contract Tower,1,2,17,0,20,0,0,23,0,23,1,2,40,0,43,32,0,32,75
09/19/2021,GYY,IN,AGL,CE,Federal Contract Tower,0,7,27,4,38,0,1,12,5,18,0,8,39,9,56,12,0,12,68
09/20/2021,GYY,IN,AGL,CE,Federal Contract Tower,0,10,17,1,28,0,0,0,0,0,0,10,17,1,28,0,0,0,28
09/21/2021,GYY,IN,AGL,CE,Federal Contract Tower,3,9,20,0,32,0,0,2,5,7,3,9,22,5,39,0,8,8,47
09/22/2021,GYY,IN,AGL,CE,Federal Contract Tower,3,4,19,0,26,0,0,1,3,4,3,4,20,3,30,0,10,10,40
09/23/2021,GYY,IN,AGL,CE,Federal Contract Tower,3,5,34,0,42,0,0,19,6,25,3,5,53,6,67,62,0,62,129
09/24/2021,GYY,IN,AGL,CE,Federal Contract Tower,2,5,36,0,43,0,0,18,4,22,2,5,54,4,65,4,0,4,69
09/25/2021,GYY,IN,AGL,CE,Federal Contract Tower,0,3,12,0,15,0,0,31,0,31,0,3,43,0,46,34,0,34,80
09/26/2021,GYY,IN,AGL,CE,Federal Contract Tower,0,3,27,0,30,0,0,16,0,16,0,3,43,0,46,2,0,2,48
09/27/2021,GYY,IN,AGL,CE,Federal Contract Tower,1,13,33,0,47,0,0,6,0,6,1,13,39,0,53,4,0,4,57
09/28/2021,GYY,IN,AGL,CE,Federal Contract Tower,4,9,20,0,33,0,0,26,3,29,4,9,46,3,62,30,0,30,92
09/29/2021,GYY,IN,AGL,CE,Federal Contract Tower,3,11,21,2,37,0,2,24,1,27,3,13,45,3,64,40,0,40,104
09/30/2021,GYY,IN,AGL,CE,Federal Contract Tower,2,15,18,3,38,0,2,27,7,36,2,17,45,10,74,38,0,38,112
10/01/2021,GYY,IN,AGL,CE,Federal Contract Tower,3,14,24,0,41,0,0,20,2,22,3,14,44,2,63,4,0,4,67
10/02/2021,GYY,IN,AGL,CE,Federal Contract Tower,0,4,14,0,18,0,0,9,4,13,0,4,23,4,31,4,0,4,35
10/03/2021,GYY,IN,AGL,CE,Federal Contract Tower,0,2,16,0,18,0,0,1,0,1,0,2,17,0,19,0,0,0,19
10/04/2021,GYY,IN,AGL,CE,Federal Contract Tower,3,5,27,0,35,0,0,0,0,0,3,5,27,0,35,0,0,0,35
10/05/2021,GYY,IN,AGL,CE,Federal Contract Tower,1,7,24,0,32,0,0,2,0,2,1,7,26,0,34,0,0,0,34
10/06/2021,GYY,IN,AGL,CE,Federal Contract Tower,0,24,26,3,53,0,0,5,0,5,0,24,31,3,58,0,0,0,58
10/07/2021,GYY,IN,AGL,CE,Federal Contract Tower,4,8,26,1,39,0,0,5,7,12,4,8,31,8,51,2,0,2,53
10/08/2021,GYY,IN,AGL,CE,Federal Contract Tower,3,7,28,0,38,0,0,3,0,3,3,7,31,0,41,8,0,8,49
10/09/2021,GYY,IN,AGL,CE,Federal Contract Tower,0,3,17,0,20,0,3,23,0,26,0,6,40,0,46,40,0,40,86
10/10/2021,GYY,IN,AGL,CE,Federal Contract Tower,0,3,11,0,14,0,0,13,0,13,0,3,24,0,27,0,0,0,27
10/11/2021,GYY,IN,AGL,CE,Federal Contract Tower,5,3,22,0,30,0,0,8,0,8,5,3,30,0,38,2,0,2,40
10/12/2021,GYY,IN,AGL,CE,Federal Contract Tower,2,17,27,0,46,0,0,8,0,8,2,17,35,0,54,6,0,6,60
10/13/2021,GYY,IN,AGL,CE,Federal Contract Tower,0,14,0,0,14,0,0,12,0,12,0,14,12,0,26,18,0,18,44
10/14/2021,GYY,IN,AGL,CE,Federal Contract Tower,3,1,29,0,33,0,0,7,7,14,3,1,36,7,47,16,0,16,63
10/15/2021,GYY,IN,AGL,CE,Federal Contract Tower,1,9,25,0,35,0,0,10,0,10,1,9,35,0,45,2,0,2,47
10/16/2021,GYY,IN,AGL,CE,Federal Contract Tower,0,5,15,0,20,0,0,24,0,24,0,5,39,0,44,48,0,48,92
10/17/2021,GYY,IN,AGL,CE,Federal Contract Tower,0,2,35,0,37,0,2,19,10,31,0,4,54,10,68,8,6,14,82
10/18/2021,GYY,IN,AGL,CE,Federal Contract Tower,3,10,35,4,52,0,1,32,0,33,3,11,67,4,85,20,0,20,105
10/19/2021,GYY,IN,AGL,CE,Federal Contract Tower,2,13,19,0,34,0,5,31,0,36,2,18,50,0,70,22,0,22,92
10/20/2021,GYY,IN,AGL,CE,Federal Contract Tower,0,12,27,3,42,0,0,25,1,26,0,12,52,4,68,30,0,30,98
10/21/2021,GYY,IN,AGL,CE,Federal Contract Tower,0,22,18,3,43,0,0,9,6,15,0,22,27,9,58,2,10,12,70
10/22/2021,GYY,IN,AGL,CE,Federal Contract Tower,0,11,22,0,33,0,0,18,0,18,0,11,40,0,51,4,0,4,55
10/23/2021,GYY,IN,AGL,CE,Federal Contract Tower,0,10,18,0,28,0,2,22,0,24,0,12,40,0,52,48,0,48,100
10/24/2021,GYY,IN,AGL,CE,Federal Contract Tower,0,11,20,0,31,0,0,0,0,0,0,11,20,0,31,0,0,0,31
10/25/2021,GYY,IN,AGL,CE,Federal Contract Tower,2,5,9,0,16,0,0,3,0,3,2,5,12,0,19,0,0,0,19
10/26/2021,GYY,IN,AGL,CE,Federal Contract Tower,0,11,18,2,31,0,1,24,2,27,0,12,42,4,58,40,0,40,98
10/27/2021,GYY,IN,AGL,CE,Federal Contract Tower,0,17,18,2,37,0,2,17,3,22,0,19,35,5,59,40,4,44,103
10/28/2021,GYY,IN,AGL,CE,Federal Contract Tower,4,9,11,2,26,0,0,2,0,2,4,9,13,2,28,4,0,4,32
10/29/2021,GYY,IN,AGL,CE,Federal Contract Tower,1,6,18,0,25,0,0,0,0,0,1,6,18,0,25,0,0,0,25
10/30/2021,GYY,IN,AGL,CE,Federal Contract Tower,0,7,15,4,26,0,0,14,0,14,0,7,29,4,40,20,0,20,60
10/31/2021,GYY,IN,AGL,CE,Federal Contract Tower,1,7,17,0,25,0,0,12,2,14,1,7,29,2,39,24,0,24,63
11/01/2021,GYY,IN,AGL,CE,Federal Contract Tower,0,8,39,5,52,0,1,29,0,30,0,9,68,5,82,14,0,14,96
11/02/2021,GYY,IN,AGL,CE,Federal Contract Tower,2,7,25,0,34,0,2,22,9,33,2,9,47,9,67,32,0,32,99
11/03/2021,GYY,IN,AGL,CE,Federal Contract Tower,2,14,20,1,37,0,19,19,5,43,2,33,39,6,80,28,0,28,108
11/04/2021,GYY,IN,AGL,CE,Federal Contract Tower,3,5,13,0,21,0,0,16,12,28,3,5,29,12,49,34,20,54,103
11/05/2021,GYY,IN,AGL,CE,Federal Contract Tower,5,6,16,4,31,0,1,24,12,37,5,7,40,16,68,58,6,64,132
11/06/2021,GYY,IN,AGL,CE,Federal Contract Tower,2,2,16,1,21,0,0,28,1,29,2,2,44,2,50,64,0,64,114
11/07/2021,GYY,IN,AGL,CE,Federal Contract Tower,1,12,27,5,45,0,4,24,3,31,1,16,51,8,76,22,0,22,98
11/08/2021,GYY,IN,AGL,CE,Federal Contract Tower,3,11,22,0,36,0,0,15,0,15,3,11,37,0,51,86,0,86,137
11/09/2021,GYY,IN,AGL,CE,Federal Contract Tower,3,7,21,2,33,0,0,30,0,30,3,7,51,2,63,54,0,54,117
11/10/2021,GYY,IN,AGL,CE,Federal Contract Tower,0,11,23,0,34,0,0,7,6,13,0,11,30,6,47,48,6,54,101
11/11/2021,GYY,IN,AGL,CE,Federal Contract Tower,0,6,27,0,33,0,1,6,0,7,0,7,33,0,40,28,0,28,68
11/12/2021,GYY,IN,AGL,CE,Federal Contract Tower,2,5,18,0,25,0,0,6,0,6,2,5,24,0,31,4,0,4,35
11/13/2021,GYY,IN,AGL,CE,Federal Contract Tower,0,2,19,0,21,0,0,1,0,1,0,2,20,0,22,14,0,14,36
11/14/2021,GYY,IN,AGL,CE,Federal Contract Tower,0,9,21,0,30,0,0,0,0,0,0,9,21,0,30,0,0,0,30
11/15/2021,GYY,IN,AGL,CE,Federal Contract Tower,0,6,26,0,32,0,3,8,0,11,0,9,34,0,43,22,0,22,65
11/16/2021,GYY,IN,AGL,CE,Federal Contract Tower,0,11,25,1,37,0,6,24,9,39,0,17,49,10,76,32,28,60,136
11/17/2021,GYY,IN,AGL,CE,Federal Contract Tower,0,13,21,2,36,0,0,6,5,11,0,13,27,7,47,2,22,24,71
11/18/2021,GYY,IN,AGL,CE,Federal Contract Tower,5,8,26,0,39,0,1,10,8,19,5,9,36,8,58,4,22,26,84
11/19/2021,GYY,IN,AGL,CE,Federal Contract Tower,0,5,22,2,29,0,3,33,4,40,0,8,55,6,69,22,0,22,91
11/20/2021,GYY,IN,AGL,CE,Federal Contract Tower,0,4,20,0,24,0,0,11,4,15,0,4,31,4,39,36,0,36,75
11/21/2021,GYY,IN,AGL,CE,Federal Contract Tower,0,9,24,1,34,0,0,12,0,12,0,9,36,1,46,2,0,2,48
11/22/2021,GYY,IN,AGL,CE,Federal Contract Tower,2,12,18,0,32,0,9,38,10,57,2,21,56,10,89,66,10,76,165
11/23/2021,GYY,IN,AGL,CE,Federal Contract Tower,0,6,23,0,29,0,0,35,6,41,0,6,58,6,70,44,0,44,114
11/24/2021,GYY,IN,AGL,CE,Federal Contract Tower,0,11,19,0,30,0,0,3,2,5,0,11,22,2,35,2,0,2,37
11/25/2021,GYY,IN,AGL,CE,Federal Contract Tower,0,2,5,0,7,0,0,0,0,0,0,2,5,0,7,2,0,2,9
11/26/2021,GYY,IN,AGL,CE,Federal Contract Tower,1,1,7,0,9,0,0,6,0,6,1,1,13,0,15,24,0,24,39
11/27/2021,GYY,IN,AGL,CE,Federal Contract Tower,1,3,24,0,28,0,0,4,0,4,1,3,28,0,32,4,0,4,36
11/28/2021,GYY,IN,AGL,CE,Federal Contract Tower,0,11,37,0,48,0,2,11,0,13,0,13,48,0,61,0,0,0,61
11/29/2021,GYY,IN,AGL,CE,Federal Contract Tower,1,11,13,0,25,0,0,20,0,20,1,11,33,0,45,22,0,22,67
11/30/2021,GYY,IN,AGL,CE,Federal Contract Tower,0,13,13,0,26,0,2,22,10,34,0,15,35,10,60,36,0,36,96
12/01/2021,GYY,IN,AGL,CE,Federal Contract Tower,0,13,20,0,33,0,1,9,6,16,0,14,29,6,49,26,18,44,93
12/02/2021,GYY,IN,AGL,CE,Federal Contract Tower,5,5,20,0,30,0,0,24,9,33,5,5,44,9,63,12,0,12,75
12/03/2021,GYY,IN,AGL,CE,Federal Contract Tower,0,6,23,0,29,0,0,18,0,18,0,6,41,0,47,6,0,6,53
12/04/2021,GYY,IN,AGL,CE,Federal Contract Tower,0,4,15,0,19,0,1,15,7,23,0,5,30,7,42,58,6,64,106
12/05/2021,GYY,IN,AGL,CE,Federal Contract Tower,0,3,27,0,30,0,0,1,0,1,0,3,28,0,31,0,0,0,31
12/06/2021,GYY,IN,AGL,CE,Federal Contract Tower,6,9,20,4,39,0,0,17,0,17,6,9,37,4,56,2,0,2,58
12/07/2021,GYY,IN,AGL,CE,Federal Contract Tower,5,11,21,0,37,0,0,8,0,8,5,11,29,0,45,24,0,24,69
12/08/2021,GYY,IN,AGL,CE,Federal Contract Tower,1,12,29,0,42,0,1,17,2,20,1,13,46,2,62,2,0,2,64
12/09/2021,GYY,IN,AGL,CE,Federal Contract Tower,4,8,11,0,23,0,2,9,6,17,4,10,20,6,40,4,0,4,44
12/10/2021,GYY,IN,AGL,CE,Federal Contract Tower,2,12,11,1,26,0,0,2,0,2,2,12,13,1,28,2,0,2,30
12/11/2021,GYY,IN,AGL,CE,Federal Contract Tower,1,3,16,0,20,0,0,4,0,4,1,3,20,0,24,0,0,0,24
12/12/2021,GYY,IN,AGL,CE,Federal Contract Tower,0,7,20,0,27,0,0,30,0,30,0,7,50,0,57,10,0,10,67
12/13/2021,GYY,IN,AGL,CE,Federal Contract Tower,3,10,29,4,46,0,0,24,0,24,3,10,53,4,70,46,0,46,116
12/14/2021,GYY,IN,AGL,CE,Federal Contract Tower,0,11,20,2,33,0,4,22,4,30,0,15,42,6,63,64,0,64,127
12/15/2021,GYY,IN,AGL,CE,Federal Contract Tower,1,8,19,0,28,0,0,0,0,0,1,8,19,0,28,0,0,0,28
12/16/2021,GYY,IN,AGL,CE,Federal Contract Tower,3,21,5,1,30,0,0,4,7,11,3,21,9,8,41,0,4,4,45
12/17/2021,GYY,IN,AGL,CE,Federal Contract Tower,5,10,32,0,47,0,0,16,0,16,5,10,48,0,63,12,8,20,83
12/18/2021,GYY,IN,AGL,CE,Federal Contract Tower,1,8,20,0,29,0,0,3,0,3,1,8,23,0,32,0,0,0,32
12/19/2021,GYY,IN,AGL,CE,Federal Contract Tower,2,3,17,0,22,0,0,17,0,17,2,3,34,0,39,30,0,30,69
12/20/2021,GYY,IN,AGL,CE,Federal Contract Tower,2,14,25,0,41,0,1,5,2,8,2,15,30,2,49,4,0,4,53
12/21/2021,GYY,IN,AGL,CE,Federal Contract Tower,0,6,24,0,30,0,0,16,8,24,0,6,40,8,54,32,6,38,92
12/22/2021,GYY,IN,AGL,CE,Federal Contract Tower,4,3,23,1,31,0,0,18,3,21,4,3,41,4,52,22,0,22,74
12/23/2021,GYY,IN,AGL,CE,Federal Contract Tower,6,7,10,0,23,0,6,16,1,23,6,13,26,1,46,24,0,24,70
12/24/2021,GYY,IN,AGL,CE,Federal Contract Tower,0,1,5,0,6,0,0,1,0,1,0,1,6,0,7,0,0,0,7
12/25/2021,GYY,IN,AGL,CE,Federal Contract Tower,0,5,7,0,12,0,0,1,0,1,0,5,8,0,13,0,0,0,13
12/26/2021,GYY,IN,AGL,CE,Federal Contract Tower,0,3,20,0,23,0,0,5,0,5,0,3,25,0,28,12,0,12,40
12/27/2021,GYY,IN,AGL,CE,Federal Contract Tower,0,7,11,0,18,0,0,2,0,2,0,7,13,0,20,0,0,0,20
12/28/2021,GYY,IN,AGL,CE,Federal Contract Tower,0,4,14,0,18,0,0,0,0,0,0,4,14,0,18,0,0,0,18
12/29/2021,GYY,IN,AGL,CE,Federal Contract Tower,2,9,15,0,26,0,0,8,0,8,2,9,23,0,34,0,0,0,34
12/30/2021,GYY,IN,AGL,CE,Federal Contract Tower,0,5,15,0,20,0,0,9,0,9,0,5,24,0,29,4,0,4,33
12/31/2021,GYY,IN,AGL,CE,Federal Contract Tower,0,1,10,0,11,0,0,1,0,1,0,1,11,0,12,8,0,8,20
01/01/2022,GYY,IN,AGL,CE,Federal Contract Tower,0,3,5,0,8,0,0,1,0,1,0,3,6,0,9,0,0,0,9
01/02/2022,GYY,IN,AGL,CE,Federal Contract Tower,0,14,20,0,34,0,0,6,0,6,0,14,26,0,40,8,0,8,48
01/03/2022,GYY,IN,AGL,CE,Federal Contract Tower,0,6,25,0,31,0,1,12,1,14,0,7,37,1,45,4,0,4,49
01/04/2022,GYY,IN,AGL,CE,Federal Contract Tower,3,6,10,0,19,0,2,10,2,14,3,8,20,2,33,6,0,6,39
01/05/2022,GYY,IN,AGL,CE,Federal Contract Tower,3,1,11,2,17,0,0,0,0,0,3,1,11,2,17,0,0,0,17
01/06/2022,GYY,IN,AGL,CE,Federal Contract Tower,0,10,12,0,22,0,0,14,6,20,0,10,26,6,42,6,22,28,70
01/07/2022,GYY,IN,AGL,CE,Federal Contract Tower,0,7,16,0,23,0,3,18,0,21,0,10,34,0,44,42,0,42,86
01/08/2022,GYY,IN,AGL,CE,Federal Contract Tower,0,9,7,0,16,0,0,6,0,6,0,9,13,0,22,0,0,0,22
01/09/2022,GYY,IN,AGL,CE,Federal Contract Tower,0,5,14,0,19,0,2,8,0,10,0,7,22,0,29,0,0,0,29
01/10/2022,GYY,IN,AGL,CE,Federal Contract Tower,0,6,21,0,27,0,1,13,0,14,0,7,34,0,41,14,0,14,55
01/11/2022,GYY,IN,AGL,CE,Federal Contract Tower,1,10,9,0,20,0,2,11,0,13,1,12,20,0,33,12,0,12,45
01/12/2022,GYY,IN,AGL,CE,Federal Contract Tower,3,7,23,0,33,0,0,45,0,45,3,7,68,0,78,36,0,36,114
01/13/2022,GYY,IN,AGL,CE,Federal Contract Tower,0,7,16,0,23,0,0,4,6,10,0,7,20,6,33,0,0,0,33
01/14/2022,GYY,IN,AGL,CE,Federal Contract Tower,3,10,22,0,35,0,0,1,0,1,3,10,23,0,36,0,0,0,36
01/15/2022,GYY,IN,AGL,CE,Federal Contract Tower,0,2,12,0,14,0,0,9,0,9,0,2,21,0,23,16,0,16,39
01/16/2022,GYY,IN,AGL,CE,Federal Contract Tower,0,2,13,0,15,0,0,4,0,4,0,2,17,0,19,24,0,24,43
01/17/2022,GYY,IN,AGL,CE,Federal Contract Tower,0,9,27,0,36,0,1,6,0,7,0,10,33,0,43,0,0,0,43
01/18/2022,GYY,IN,AGL,CE,Federal Contract Tower,4,2,22,0,28,0,0,23,0,23,4,2,45,0,51,38,0,38,89
01/19/2022,GYY,IN,AGL,CE,Federal Contract Tower,1,11,12,0,24,0,0,15,0,15,1,11,27,0,39,10,0,10,49
01/20/2022,GYY,IN,AGL,CE,Federal Contract Tower,0,12,24,0,36,0,0,9,6,15,0,12,33,6,51,20,0,20,71
01/21/2022,GYY,IN,AGL,CE,Federal Contract Tower,0,11,9,0,20,0,4,17,0,21,0,15,26,0,41,34,0,34,75
01/22/2022,GYY,IN,AGL,CE,Federal Contract Tower,0,4,3,0,7,0,0,4,0,4,0,4,7,0,11,12,0,12,23
01/23/2022,GYY,IN,AGL,CE,Federal Contract Tower,0,6,7,0,13,0,0,5,0,5,0,6,12,0,18,0,0,0,18
01/24/2022,GYY,IN,AGL,CE,Federal Contract Tower,1,9,7,0,17,0,0,1,0,1,1,9,8,0,18,0,0,0,18
01/25/2022,GYY,IN,AGL,CE,Federal Contract Tower,3,3,21,0,27,0,0,27,0,27,3,3,48,0,54,10,0,10,64
01/26/2022,GYY,IN,AGL,CE,Federal Contract Tower,4,11,14,0,29,0,0,14,0,14,4,11,28,0,43,0,0,0,43
01/27/2022,GYY,IN,AGL,CE,Federal Contract Tower,3,2,16,0,21,0,0,8,0,8,3,2,24,0,29,6,0,6,35
01/28/2022,GYY,IN,AGL,CE,Federal Contract Tower,2,9,1,0,12,0,0,0,0,0,2,9,1,0,12,0,0,0,12
01/29/2022,GYY,IN,AGL,CE,Federal Contract Tower,0,7,16,0,23,0,0,9,0,9,0,7,25,0,32,28,0,28,60
01/30/2022,GYY,IN,AGL,CE,Federal Contract Tower,1,8,26,0,35,0,0,3,0,3,1,8,29,0,38,0,0,0,38
01/31/2022,GYY,IN,AGL,CE,Federal Contract Tower,0,10,17,0,27,0,0,8,0,8,0,10,25,0,35,24,0,24,59
02/01/2022,GYY,IN,AGL,CE,Federal Contract Tower,3,11,19,0,33,0,0,9,0,9,3,11,28,0,42,22,0,22,64
02/02/2022,GYY,IN,AGL,CE,Federal Contract Tower,1,2,13,0,16,0,0,0,0,0,1,2,13,0,16,0,0,0,16
02/03/2022,GYY,IN,AGL,CE,Federal Contract Tower,0,6,15,0,21,0,0,1,0,1,0,6,16,0,22,1,0,1,23
02/04/2022,GYY,IN,AGL,CE,Federal Contract Tower,1,19,21,0,41,0,0,2,0,2,1,19,23,0,43,0,0,0,43
02/05/2022,GYY,IN,AGL,CE,Federal Contract Tower,0,4,6,0,10,0,2,14,0,16,0,6,20,0,26,22,0,22,48
02/06/2022,GYY,IN,AGL,CE,Federal Contract Tower,0,3,18,0,21,0,0,13,0,13,0,3,31,0,34,18,0,18,52
02/07/2022,GYY,IN,AGL,CE,Federal Contract Tower,0,14,8,7,29,0,0,15,0,15,0,14,23,7,44,18,0,18,62
02/08/2022,GYY,IN,AGL,CE,Federal Contract Tower,3,4,25,0,32,0,2,10,4,16,3,6,35,4,48,0,0,0,48
02/09/2022,GYY,IN,AGL,CE,Federal Contract Tower,3,4,23,0,30,0,0,4,0,4,3,4,27,0,34,2,0,2,36
02/10/2022,GYY,IN,AGL,CE,Federal Contract Tower,0,5,22,0,27,0,3,5,0,8,0,8,27,0,35,10,0,10,45
02/11/2022,GYY,IN,AGL,CE,Federal Contract Tower,0,3,15,0,18,0,0,4,0,4,0,3,19,0,22,0,0,0,22
02/12/2022,GYY,IN,AGL,CE,Federal Contract Tower,0,1,6,0,7,0,0,13,0,13,0,1,19,0,20,8,0,8,28
02/13/2022,GYY,IN,AGL,CE,Federal Contract Tower,0,1,17,0,18,0,0,10,0,10,0,1,27,0,28,10,0,10,38
02/14/2022,GYY,IN,AGL,CE,Federal Contract Tower,0,8,22,0,30,0,2,12,9,23,0,10,34,9,53,24,0,24,77
02/15/2022,GYY,IN,AGL,CE,Federal Contract Tower,3,4,15,0,22,0,0,16,0,16,3,4,31,0,38,10,0,10,48
02/16/2022,GYY,IN,AGL,CE,Federal Contract Tower,3,1,20,0,24,0,0,0,0,0,3,1,20,0,24,0,0,0,24
02/17/2022,GYY,IN,AGL,CE,Federal Contract Tower,0,5,8,0,13,0,0,0,0,0,0,5,8,0,13,0,0,0,13
02/18/2022,GYY,IN,AGL,CE,Federal Contract Tower,2,10,23,0,35,0,0,19,0,19,2,10,42,0,54,0,0,0,54
02/19/2022,GYY,IN,AGL,CE,Federal Contract Tower,0,5,19,0,24,0,3,11,0,14,0,8,30,0,38,20,0,20,58
02/20/2022,GYY,IN,AGL,CE,Federal Contract Tower,0,5,12,0,17,0,0,4,0,4,0,5,16,0,21,10,0,10,31
02/21/2022,GYY,IN,AGL,CE,Federal Contract Tower,3,10,16,0,29,0,0,9,0,9,3,10,25,0,38,6,0,6,44
02/22/2022,GYY,IN,AGL,CE,Federal Contract Tower,1,8,15,0,24,0,0,0,0,0,1,8,15,0,24,0,0,0,24
02/23/2022,GYY,IN,AGL,CE,Federal Contract Tower,3,5,21,0,29,0,0,25,0,25,3,5,46,0,54,36,0,36,90
02/24/2022,GYY,IN,AGL,CE,Federal Contract Tower,1,6,9,0,16,0,0,1,0,1,1,6,10,0,17,0,0,0,17
02/25/2022,GYY,IN,AGL,CE,Federal Contract Tower,2,5,24,0,31,0,0,7,0,7,2,5,31,0,38,0,0,0,38
02/26/2022,GYY,IN,AGL,CE,Federal Contract Tower,0,4,20,0,24,0,0,18,0,18,0,4,38,0,42,36,0,36,78
02/27/2022,GYY,IN,AGL,CE,Federal Contract Tower,0,1,22,0,23,0,0,14,0,14,0,1,36,0,37,24,0,24,61
02/28/2022,GYY,IN,AGL,CE,Federal Contract Tower,1,7,11,0,19,0,0,11,0,11,1,7,22,0,30,0,0,0,30
03/01/2022,GYY,IN,AGL,CE,Federal Contract Tower,1,0,18,0,19,0,0,18,0,18,1,0,36,0,37,52,0,52,89
03/02/2022,GYY,IN,AGL,CE,Federal Contract Tower,3,8,17,0,28,0,2,21,2,25,3,10,38,2,53,0,0,0,53
03/03/2022,GYY,IN,AGL,CE,Federal Contract Tower,0,6,21,0,27,0,0,18,4,22,0,6,39,4,49,38,28,66,115
03/04/2022,GYY,IN,AGL,CE,Federal Contract Tower,0,9,23,0,32,0,4,13,1,18,0,13,36,1,50,46,6,52,102
03/05/2022,GYY,IN,AGL,CE,Federal Contract Tower,1,7,18,0,26,0,0,13,0,13,1,7,31,0,39,34,0,34,73
03/06/2022,GYY,IN,AGL,CE,Federal Contract Tower,0,7,21,0,28,0,0,10,0,10,0,7,31,0,38,0,0,0,38
03/07/2022,GYY,IN,AGL,CE,Federal Contract Tower,0,10,7,0,17,0,0,1,0,1,0,10,8,0,18,0,0,0,18
03/08/2022,GYY,IN,AGL,CE,Federal Contract Tower,3,10,7,0,20,0,0,12,0,12,3,10,19,0,32,44,0,44,76
03/09/2022,GYY,IN,AGL,CE,Federal Contract Tower,4,9,19,2,34,0,0,13,0,13,4,9,32,2,47,10,0,10,57
03/10/2022,GYY,IN,AGL,CE,Federal Contract Tower,0,11,17,0,28,0,0,6,0,6,0,11,23,0,34,10,0,10,44
03/11/2022,GYY,IN,AGL,CE,Federal Contract Tower,2,10,20,0,32,0,0,4,0,4,2,10,24,0,36,0,4,4,40
03/12/2022,GYY,IN,AGL,CE,Federal Contract Tower,2,6,11,0,19,0,1,18,8,27,2,7,29,8,46,18,0,18,64
03/13/2022,GYY,IN,AGL,CE,Federal Contract Tower,0,5,31,0,36,0,0,13,0,13,0,5,44,0,49,12,0,12,61
03/14/2022,GYY,IN,AGL,CE,Federal Contract Tower,0,8,19,0,27,0,1,14,0,15,0,9,33,0,42,8,0,8,50
03/15/2022,GYY,IN,AGL,CE,Federal Contract Tower,3,6,29,0,38,0,0,5,5,10,3,6,34,5,48,32,0,32,80
03/16/2022,GYY,IN,AGL,CE,Federal Contract Tower,3,6,17,0,26,0,1,17,0,18,3,7,34,0,44,50,0,50,94
03/17/2022,GYY,IN,AGL,CE,Federal Contract Tower,0,10,13,1,24,0,0,19,1,20,0,10,32,2,44,26,0,26,70
03/18/2022,GYY,IN,AGL,CE,Federal Contract Tower,0,9,12,2,23,0,0,8,0,8,0,9,20,2,31,2,0,2,33
03/19/2022,GYY,IN,AGL,CE,Federal Contract Tower,0,1,17,0,18,0,0,1,0,1,0,1,18,0,19,0,0,0,19
03/20/2022,GYY,IN,AGL,CE,Federal Contract Tower,2,7,27,0,36,0,0,23,0,23,2,7,50,0,59,8,0,8,67
03/21/2022,GYY,IN,AGL,CE,Federal Contract Tower,4,2,20,0,26,0,0,20,0,20,4,2,40,0,46,50,0,50,96
03/22/2022,GYY,IN,AGL,CE,Federal Contract Tower,0,7,15,0,22,0,0,3,0,3,0,7,18,0,25,0,0,0,25
03/23/2022,GYY,IN,AGL,CE,Federal Contract Tower,2,7,25,2,36,0,0,1,0,1,2,7,26,2,37,0,10,10,47
03/24/2022,GYY,IN,AGL,CE,Federal Contract Tower,0,12,18,0,30,0,0,0,4,4,0,12,18,4,34,2,10,12,46
03/25/2022,GYY,IN,AGL,CE,Federal Contract Tower,0,4,23,0,27,0,0,2,0,2,0,4,25,0,29,0,2,2,31
03/26/2022,GYY,IN,AGL,CE,Federal Contract Tower,0,2,22,0,24,0,0,7,0,7,0,2,29,0,31,10,0,10,41
03/27/2022,GYY,IN,AGL,CE,Federal Contract Tower,0,2,22,4,28,0,0,17,0,17,0,2,39,4,45,24,0,24,69
03/28/2022,GYY,IN,AGL,CE,Federal Contract Tower,3,4,19,0,26,0,0,22,0,22,3,4,41,0,48,76,0,76,124
03/29/2022,GYY,IN,AGL,CE,Federal Contract Tower,3,7,25,1,36,0,0,8,3,11,3,7,33,4,47,18,0,18,65
03/30/2022,GYY,IN,AGL,CE,Federal Contract Tower,3,5,19,1,28,0,0,1,0,1,3,5,20,1,29,0,0,0,29
03/31/2022,GYY,IN,AGL,CE,Federal Contract Tower,1,12,16,0,29,0,0,2,4,6,1,12,18,4,35,0,2,2,37
04/01/2022,GYY,IN,AGL,CE,Federal Contract Tower,0,2,18,0,20,0,0,29,0,29,0,2,47,0,49,54,16,70,119
04/02/2022,GYY,IN,AGL,CE,Federal Contract Tower,0,2,12,0,14,0,0,6,0,6,0,2,18,0,20,2,0,2,22
04/03/2022,GYY,IN,AGL,CE,Federal Contract Tower,1,8,20,1,30,0,0,7,1,8,1,8,27,2,38,10,0,10,48
04/04/2022,GYY,IN,AGL,CE,Federal Contract Tower,4,4,11,0,19,0,2,3,0,5,4,6,14,0,24,6,0,6,30
04/05/2022,GYY,IN,AGL,CE,Federal Contract Tower,0,8,30,1,39,0,0,4,0,4,0,8,34,1,43,0,10,10,53
04/06/2022,GYY,IN,AGL,CE,Federal Contract Tower,0,17,21,0,38,0,0,2,1,3,0,17,23,1,41,0,0,0,41
04/07/2022,GYY,IN,AGL,CE,Federal Contract Tower,4,7,30,1,42,0,0,7,1,8,4,7,37,2,50,10,1,11,61
04/08/2022,GYY,IN,AGL,CE,Federal Contract Tower,2,12,23,0,37,0,0,3,2,5,2,12,26,2,42,0,0,0,42
04/09/2022,GYY,IN,AGL,CE,Federal Contract Tower,0,4,17,0,21,0,0,14,0,14,0,4,31,0,35,28,22,50,85
04/10/2022,GYY,IN,AGL,CE,Federal Contract Tower,0,9,23,0,32,0,0,10,0,10,0,9,33,0,42,2,20,22,64
04/11/2022,GYY,IN,AGL,CE,Federal Contract Tower,3,6,22,0,31,0,0,16,0,16,3,6,38,0,47,22,0,22,69
04/12/2022,GYY,IN,AGL,CE,Federal Contract Tower,0,12,17,0,29,0,0,25,5,30,0,12,42,5,59,18,12,30,89
04/13/2022,GYY,IN,AGL,CE,Federal Contract Tower,2,8,28,0,38,0,0,0,0,0,2,8,28,0,38,0,0,0,38
04/14/2022,GYY,IN,AGL,CE,Federal Contract Tower,3,6,20,0,29,0,0,1,3,4,3,6,21,3,33,0,0,0,33
04/15/2022,GYY,IN,AGL,CE,Federal Contract Tower,2,2,23,0,27,0,2,50,0,52,2,4,73,0,79,16,0,16,95
04/16/2022,GYY,IN,AGL,CE,Federal Contract Tower,1,0,7,0,8,0,0,38,0,38,1,0,45,0,46,6,0,6,52
04/17/2022,GYY,IN,AGL,CE,Federal Contract Tower,0,4,14,0,18,0,0,4,0,4,0,4,18,0,22,10,0,10,32
04/18/2022,GYY,IN,AGL,CE,Federal Contract Tower,3,1,21,0,25,0,0,1,0,1,3,1,22,0,26,0,0,0,26
04/19/2022,GYY,IN,AGL,CE,Federal Contract Tower,0,15,27,0,42,0,0,22,4,26,0,15,49,4,68,54,0,54,122
04/20/2022,GYY,IN,AGL,CE,Federal Contract Tower,0,9,27,0,36,0,0,12,5,17,0,9,39,5,53,6,0,6,59
04/21/2022,GYY,IN,AGL,CE,Federal Contract Tower,4,5,21,0,30,0,2,31,14,47,4,7,52,14,77,60,32,92,169
04/22/2022,GYY,IN,AGL,CE,Federal Contract Tower,0,5,22,1,28,0,0,7,2,9,0,5,29,3,37,0,0,0,37
04/23/2022,GYY,IN,AGL,CE,Federal Contract Tower,1,4,14,0,19,0,0,10,0,10,1,4,24,0,29,2,0,2,31
04/24/2022,GYY,IN,AGL,CE,Federal Contract Tower,0,9,18,0,27,0,0,5,0,5,0,9,23,0,32,2,0,2,34
04/25/2022,GYY,IN,AGL,CE,Federal Contract Tower,3,3,15,0,21,0,0,12,2,14,3,3,27,2,35,24,0,24,59
04/26/2022,GYY,IN,AGL,CE,Federal Contract Tower,0,9,18,1,28,0,0,19,3,22,0,9,37,4,50,42,6,48,98
04/27/2022,GYY,IN,AGL,CE,Federal Contract Tower,0,7,19,0,26,0,0,26,3,29,0,7,45,3,55,32,0,32,87
04/28/2022,GYY,IN,AGL,CE,Federal Contract Tower,3,8,20,1,32,0,0,9,4,13,3,8,29,5,45,54,0,54,99
04/29/2022,GYY,IN,AGL,CE,Federal Contract Tower,2,4,14,1,21,0,0,12,0,12,2,4,26,1,33,36,0,36,69
04/30/2022,GYY,IN,AGL,CE,Federal Contract Tower,0,4,8,0,12,0,0,3,0,3,0,4,11,0,15,0,0,0,15
05/01/2022,GYY,IN,AGL,CE,Federal Contract Tower,0,3,29,0,32,0,0,1,0,1,0,3,30,0,33,0,0,0,33
05/02/2022,GYY,IN,AGL,CE,Federal Contract Tower,3,9,22,0,34,0,0,24,0,24,3,9,46,0,58,38,0,38,96
05/03/2022,GYY,IN,AGL,CE,Federal Contract Tower,0,9,18,0,27,0,0,0,0,0,0,9,18,0,27,0,0,0,27
05/04/2022,GYY,IN,AGL,CE,Federal Contract Tower,0,18,25,2,45,0,0,18,0,18,0,18,43,2,63,22,0,22,85
05/05/2022,GYY,IN,AGL,CE,Federal Contract Tower,3,13,23,0,39,0,0,7,2,9,3,13,30,2,48,0,0,0,48
05/06/2022,GYY,IN,AGL,CE,Federal Contract Tower,2,4,17,0,23,0,0,0,0,0,2,4,17,0,23,0,0,0,23
05/07/2022,GYY,IN,AGL,CE,Federal Contract Tower,0,4,18,0,22,0,0,32,0,32,0,4,50,0,54,44,0,44,98
05/08/2022,GYY,IN,AGL,CE,Federal Contract Tower,0,8,15,0,23,0,3,11,0,14,0,11,26,0,37,14,0,14,51
05/09/2022,GYY,IN,AGL,CE,Federal Contract Tower,3,1,21,0,25,0,0,13,0,13,3,1,34,0,38,2,0,2,40
05/10/2022,GYY,IN,AGL,CE,Federal Contract Tower,0,5,14,1,20,0,0,16,1,17,0,5,30,2,37,8,0,8,45
05/11/2022,GYY,IN,AGL,CE,Federal Contract Tower,0,18,36,2,56,0,0,1,1,2,0,18,37,3,58,0,0,0,58
05/12/2022,GYY,IN,AGL,CE,Federal Contract Tower,3,11,25,0,39,0,0,16,6,22,3,11,41,6,61,16,0,16,77
05/13/2022,GYY,IN,AGL,CE,Federal Contract Tower,1,4,18,0,23,0,0,20,0,20,1,4,38,0,43,8,0,8,51
05/14/2022,GYY,IN,AGL,CE,Federal Contract Tower,0,4,14,0,18,0,0,18,3,21,0,4,32,3,39,40,0,40,79
05/15/2022,GYY,IN,AGL,CE,Federal Contract Tower,0,1,24,0,25,0,0,13,2,15,0,1,37,2,40,2,0,2,42
05/16/2022,GYY,IN,AGL,CE,Federal Contract Tower,3,4,22,3,32,0,0,12,0,12,3,4,34,3,44,24,18,42,86
05/17/2022,GYY,IN,AGL,CE,Federal Contract Tower,0,11,15,1,27,0,0,20,1,21,0,11,35,2,48,0,2,2,50
05/18/2022,GYY,IN,AGL,CE,Federal Contract Tower,0,12,28,2,42,0,0,2,0,2,0,12,30,2,44,2,0,2,46
05/19/2022,GYY,IN,AGL,CE,Federal Contract Tower,3,6,25,1,35,0,0,11,6,17,3,6,36,7,52,10,2,12,64
05/20/2022,GYY,IN,AGL,CE,Federal Contract Tower,2,3,21,0,26,0,0,3,0,3,2,3,24,0,29,0,0,0,29
05/21/2022,GYY,IN,AGL,CE,Federal Contract Tower,0,9,21,0,30,0,0,4,0,4,0,9,25,0,34,0,2,2,36
05/22/2022,GYY,IN,AGL,CE,Federal Contract Tower,0,7,27,1,35,0,0,11,0,11,0,7,38,1,46,2,0,2,48
05/23/2022,GYY,IN,AGL,CE,Federal Contract Tower,1,6,20,0,27,0,0,23,0,23,1,6,43,0,50,56,0,56,106
05/24/2022,GYY,IN,AGL,CE,Federal Contract Tower,0,11,22,1,34,0,0,16,2,18,0,11,38,3,52,18,10,28,80
05/25/2022,GYY,IN,AGL,CE,Federal Contract Tower,0,13,34,0,47,0,0,0,6,6,0,13,34,6,53,0,40,40,93
05/26/2022,GYY,IN,AGL,CE,Federal Contract Tower,3,10,23,0,36,0,0,6,7,13,3,10,29,7,49,0,18,18,67
05/27/2022,GYY,IN,AGL,CE,Federal Contract Tower,2,7,15,0,24,0,0,2,1,3,2,7,17,1,27,6,0,6,33
05/28/2022,GYY,IN,AGL,CE,Federal Contract Tower,0,3,15,0,18,0,2,19,0,21,0,5,34,0,39,20,0,20,59
05/29/2022,GYY,IN,AGL,CE,Federal Contract Tower,0,0,7,0,7,0,0,6,0,6,0,0,13,0,13,2,0,2,15
05/30/2022,GYY,IN,AGL,CE,Federal Contract Tower,0,6,26,0,32,0,0,7,0,7,0,6,33,0,39,2,0,2,41
05/31/2022,GYY,IN,AGL,CE,Federal Contract Tower,2,7,17,0,26,0,0,10,0,10,2,7,27,0,36,20,0,20,56
06/01/2022,GYY,IN,AGL,CE,Federal Contract Tower,0,8,26,7,41,0,2,10,0,12,0,10,36,7,53,20,0,20,73
06/02/2022,GYY,IN,AGL,CE,Federal Contract Tower,3,7,27,0,37,0,0,19,4,23,3,7,46,4,60,16,0,16,76
06/03/2022,GYY,IN,AGL,CE,Federal Contract Tower,2,7,15,0,24,0,0,14,0,14,2,7,29,0,38,10,0,10,48
06/04/2022,GYY,IN,AGL,CE,Federal Contract Tower,0,4,9,0,13,0,0,13,0,13,0,4,22,0,26,0,0,0,26
06/05/2022,GYY,IN,AGL,CE,Federal Contract Tower,2,8,27,0,37,0,0,20,0,20,2,8,47,0,57,16,0,16,73
06/06/2022,GYY,IN,AGL,CE,Federal Contract Tower,2,4,16,0,22,0,0,2,0,2,2,4,18,0,24,6,0,6,30
06/07/2022,GYY,IN,AGL,CE,Federal Contract Tower,1,12,45,0,58,0,0,18,4,22,1,12,63,4,80,12,0,12,92
06/08/2022,GYY,IN,AGL,CE,Federal Contract Tower,0,17,34,0,51,0,0,10,0,10,0,17,44,0,61,10,0,10,71
06/09/2022,GYY,IN,AGL,CE,Federal Contract Tower,8,6,20,0,34,0,0,25,2,27,8,6,45,2,61,32,0,32,93
06/10/2022,GYY,IN,AGL,CE,Federal Contract Tower,0,3,13,0,16,0,0,16,0,16,0,3,29,0,32,8,0,8,40
06/11/2022,GYY,IN,AGL,CE,Federal Contract Tower,0,3,21,0,24,0,0,6,0,6,0,3,27,0,30,4,0,4,34
06/12/2022,GYY,IN,AGL,CE,Federal Contract Tower,0,7,17,0,24,0,0,4,0,4,0,7,21,0,28,0,0,0,28
06/13/2022,GYY,IN,AGL,CE,Federal Contract Tower,4,10,22,0,36,0,0,14,2,16,4,10,36,2,52,28,0,28,80
06/14/2022,GYY,IN,AGL,CE,Federal Contract Tower,1,10,24,0,35,3,0,18,5,26,4,10,42,5,61,10,10,20,81
06/15/2022,GYY,IN,AGL,CE,Federal Contract Tower,0,13,28,1,42,0,0,9,1,10,0,13,37,2,52,22,0,22,74
06/16/2022,GYY,IN,AGL,CE,Federal Contract Tower,3,6,27,1,37,0,0,16,0,16,3,6,43,1,53,2,0,2,55
06/17/2022,GYY,IN,AGL,CE,Federal Contract Tower,0,4,22,0,26,0,0,28,3,31,0,4,50,3,57,62,0,62,119
06/18/2022,GYY,IN,AGL,CE,Federal Contract Tower,0,3,22,0,25,0,0,18,0,18,0,3,40,0,43,24,0,24,67
06/19/2022,GYY,IN,AGL,CE,Federal Contract Tower,0,6,16,0,22,0,0,11,2,13,0,6,27,2,35,30,0,30,65
06/20/2022,GYY,IN,AGL,CE,Federal Contract Tower,3,10,28,1,42,0,0,17,0,17,3,10,45,1,59,0,0,0,59
06/21/2022,GYY,IN,AGL,CE,Federal Contract Tower,0,3,16,3,22,0,0,17,0,17,0,3,33,3,39,0,0,0,39
06/22/2022,GYY,IN,AGL,CE,Federal Contract Tower,0,8,19,2,29,0,0,18,4,22,0,8,37,6,51,28,22,50,101
06/23/2022,GYY,IN,AGL,CE,Federal Contract Tower,4,5,22,0,31,0,0,20,3,23,4,5,42,3,54,26,4,30,84
06/24/2022,GYY,IN,AGL,CE,Federal Contract Tower,2,8,28,6,44,0,0,25,4,29,2,8,53,10,73,22,0,22,95
06/25/2022,GYY,IN,AGL,CE,Federal Contract Tower,0,4,12,0,16,0,0,13,0,13,0,4,25,0,29,2,0,2,31
06/26/2022,GYY,IN,AGL,CE,Federal Contract Tower,0,8,22,0,30,0,0,32,4,36,0,8,54,4,66,30,0,30,96
06/27/2022,GYY,IN,AGL,CE,Federal Contract Tower,4,4,26,0,34,0,0,10,0,10,4,4,36,0,44,18,0,18,62
06/28/2022,GYY,IN,AGL,CE,Federal Contract Tower,3,7,17,0,27,0,0,16,3,19,3,7,33,3,46,30,0,30,76
06/29/2022,GYY,IN,AGL,CE,Federal Contract Tower,2,13,23,1,39,0,0,22,4,26,2,13,45,5,65,46,0,46,111
06/30/2022,GYY,IN,AGL,CE,Federal Contract Tower,3,4,18,1,26,0,0,24,7,31,3,4,42,8,57,6,14,20,77
07/01/2022,GYY,IN,AGL,CE,Federal Contract Tower,2,2,20,1,25,0,0,16,2,18,2,2,36,3,43,6,0,6,49
07/02/2022,GYY,IN,AGL,CE,Federal Contract Tower,0,4,31,0,35,0,0,29,0,29,0,4,60,0,64,8,0,8,72
07/03/2022,GYY,IN,AGL,CE,Federal Contract Tower,0,0,21,0,21,0,0,19,0,19,0,0,40,0,40,6,0,6,46
07/04/2022,GYY,IN,AGL,CE,Federal Contract Tower,0,2,6,0,8,0,0,4,0,4,0,2,10,0,12,0,0,0,12
07/05/2022,GYY,IN,AGL,CE,Federal Contract Tower,4,3,20,0,27,0,0,10,0,10,4,3,30,0,37,16,0,16,53
07/06/2022,GYY,IN,AGL,CE,Federal Contract Tower,3,1,19,5,28,0,0,2,5,7,3,1,21,10,35,0,6,6,41
07/07/2022,GYY,IN,AGL,CE,Federal Contract Tower,0,9,24,0,33,0,1,13,0,14,0,10,37,0,47,8,0,8,55
07/08/2022,GYY,IN,AGL,CE,Federal Contract Tower,2,10,11,0,23,0,0,6,0,6,2,10,17,0,29,26,0,26,55
07/09/2022,GYY,IN,AGL,CE,Federal Contract Tower,0,0,19,0,19,0,0,26,1,27,0,0,45,1,46,4,10,14,60
07/10/2022,GYY,IN,AGL,CE,Federal Contract Tower,0,9,15,0,24,0,1,33,0,34,0,10,48,0,58,12,0,12,70
07/11/2022,GYY,IN,AGL,CE,Federal Contract Tower,0,5,15,1,21,0,1,21,1,23,0,6,36,2,44,0,0,0,44
07/12/2022,GYY,IN,AGL,CE,Federal Contract Tower,4,4,25,2,35,0,0,23,3,26,4,4,48,5,61,10,0,10,71
07/13/2022,GYY,IN,AGL,CE,Federal Contract Tower,3,5,24,1,33,0,0,13,4,17,3,5,37,5,50,14,2,16,66
07/14/2022,GYY,IN,AGL,CE,Federal Contract Tower,2,10,21,2,35,0,0,23,7,30,2,10,44,9,65,58,4,62,127
07/15/2022,GYY,IN,AGL,CE,Federal Contract Tower,2,8,17,0,27,0,0,8,0,8,2,8,25,0,35,0,0,0,35
07/16/2022,GYY,IN,AGL,CE,Federal Contract Tower,0,2,27,0,29,0,0,6,0,6,0,2,33,0,35,8,0,8,43
07/17/2022,GYY,IN,AGL,CE,Federal Contract Tower,0,6,21,0,27,0,0,4,0,4,0,6,25,0,31,0,0,0,31
07/18/2022,GYY,IN,AGL,CE,Federal Contract Tower,0,13,17,0,30,0,0,20,0,20,0,13,37,0,50,14,0,14,64
07/19/2022,GYY,IN,AGL,CE,Federal Contract Tower,4,11,21,2,38,0,0,24,7,31,4,11,45,9,69,10,0,10,79
07/20/2022,GYY,IN,AGL,CE,Federal Contract Tower,3,14,17,2,36,0,0,12,3,15,3,14,29,5,51,24,0,24,75
07/21/2022,GYY,IN,AGL,CE,Federal Contract Tower,0,21,18,0,39,0,2,19,4,25,0,23,37,4,64,16,4,20,84
07/22/2022,GYY,IN,AGL,CE,Federal Contract Tower,2,6,28,2,38,0,0,29,3,32,2,6,57,5,70,44,0,44,114
07/23/2022,GYY,IN,AGL,CE,Federal Contract Tower,0,4,21,0,25,0,0,12,0,12,0,4,33,0,37,0,0,0,37
07/24/2022,GYY,IN,AGL,CE,Federal Contract Tower,0,6,28,0,34,0,0,14,0,14,0,6,42,0,48,0,0,0,48
07/25/2022,GYY,IN,AGL,CE,Federal Contract Tower,0,15,20,0,35,0,0,24,0,24,0,15,44,0,59,26,0,26,85
07/26/2022,GYY,IN,AGL,CE,Federal Contract Tower,4,11,13,0,28,0,0,31,0,31,4,11,44,0,59,32,0,32,91
07/27/2022,GYY,IN,AGL,CE,Federal Contract Tower,3,9,36,0,48,0,0,18,0,18,3,9,54,0,66,0,0,0,66
07/28/2022,GYY,IN,AGL,CE,Federal Contract Tower,1,13,20,0,34,0,4,36,8,48,1,17,56,8,82,30,4,34,116
07/29/2022,GYY,IN,AGL,CE,Federal Contract Tower,2,6,29,5,42,0,0,31,2,33,2,6,60,7,75,16,0,16,91
07/30/2022,GYY,IN,AGL,CE,Federal Contract Tower,1,5,17,0,23,0,0,14,2,16,1,5,31,2,39,20,0,20,59
07/31/2022,GYY,IN,AGL,CE,Federal Contract Tower,0,4,21,1,26,0,0,39,5,44,0,4,60,6,70,20,0,20,90
08/01/2022,GYY,IN,AGL,CE,Federal Contract Tower,0,7,18,0,25,0,0,13,0,13,0,7,31,0,38,2,10,12,50
08/02/2022,GYY,IN,AGL,CE,Federal Contract Tower,3,11,13,2,29,0,0,12,2,14,3,11,25,4,43,34,0,34,77
08/03/2022,GYY,IN,AGL,CE,Federal Contract Tower,3,8,12,0,23,0,0,14,0,14,3,8,26,0,37,6,0,6,43
08/04/2022,GYY,IN,AGL,CE,Federal Contract Tower,0,18,27,0,45,0,0,11,2,13,0,18,38,2,58,0,0,0,58
08/05/2022,GYY,IN,AGL,CE,Federal Contract Tower,2,7,30,3,42,0,0,19,4,23,2,7,49,7,65,16,0,16,81
08/06/2022,GYY,IN,AGL,CE,Federal Contract Tower,0,0,14,0,14,0,0,27,4,31,0,0,41,4,45,40,0,40,85
08/07/2022,GYY,IN,AGL,CE,Federal Contract Tower,2,11,28,0,41,0,0,12,0,12,2,11,40,0,53,4,0,4,57
08/08/2022,GYY,IN,AGL,CE,Federal Contract Tower,0,7,16,0,23,0,0,3,0,3,0,7,19,0,26,4,0,4,30
08/09/2022,GYY,IN,AGL,CE,Federal Contract Tower,3,12,17,1,33,0,0,9,1,10,3,12,26,2,43,62,0,62,105
08/10/2022,GYY,IN,AGL,CE,Federal Contract Tower,4,7,28,0,39,0,0,18,0,18,4,7,46,0,57,46,0,46,103
08/11/2022,GYY,IN,AGL,CE,Federal Contract Tower,1,13,22,0,36,0,0,25,0,25,1,13,47,0,61,54,0,54,115
08/12/2022,GYY,IN,AGL,CE,Federal Contract Tower,2,12,26,2,42,0,0,24,2,26,2,12,50,4,68,36,0,36,104
08/13/2022,GYY,IN,AGL,CE,Federal Contract Tower,0,5,9,0,14,0,0,6,0,6,0,5,15,0,20,6,0,6,26
08/14/2022,GYY,IN,AGL,CE,Federal Contract Tower,0,9,30,3,42,0,0,8,5,13,0,9,38,8,55,0,0,0,55
08/15/2022,GYY,IN,AGL,CE,Federal Contract Tower,1,8,14,0,23,0,0,19,0,19,1,8,33,0,42,18,0,18,60
08/16/2022,GYY,IN,AGL,CE,Federal Contract Tower,4,5,18,10,37,0,0,34,0,34,4,5,52,10,71,22,0,22,93
08/17/2022,GYY,IN,AGL,CE,Federal Contract Tower,3,4,24,2,33,0,0,34,4,38,3,4,58,6,71,18,8,26,97
08/18/2022,GYY,IN,AGL,CE,Federal Contract Tower,0,12,29,5,46,0,2,27,27,56,0,14,56,32,102,12,6,18,120
08/19/2022,GYY,IN,AGL,CE,Federal Contract Tower,3,5,25,14,47,0,0,42,22,64,3,5,67,36,111,20,12,32,143
08/20/2022,GYY,IN,AGL,CE,Federal Contract Tower,0,1,16,0,17,0,0,8,27,35,0,1,24,27,52,0,16,16,68
08/21/2022,GYY,IN,AGL,CE,Federal Contract Tower,1,9,29,18,57,0,0,8,65,73,1,9,37,83,130,16,12,28,158
08/22/2022,GYY,IN,AGL,CE,Federal Contract Tower,3,5,22,4,34,0,0,0,0,0,3,5,22,4,34,10,0,10,44
08/23/2022,GYY,IN,AGL,CE,Federal Contract Tower,3,2,20,6,31,0,2,20,0,22,3,4,40,6,53,26,0,26,79
08/24/2022,GYY,IN,AGL,CE,Federal Contract Tower,3,6,26,0,35,0,1,14,2,17,3,7,40,2,52,32,0,32,84
08/25/2022,GYY,IN,AGL,CE,Federal Contract Tower,3,5,16,0,24,0,0,8,10,18,3,5,24,10,42,18,34,52,94
08/26/2022,GYY,IN,AGL,CE,Federal Contract Tower,3,4,31,0,38,0,0,14,5,19,3,4,45,5,57,28,2,30,87
08/27/2022,GYY,IN,AGL,CE,Federal Contract Tower,0,2,13,0,15,0,0,22,0,22,0,2,35,0,37,24,0,24,61
08/28/2022,GYY,IN,AGL,CE,Federal Contract Tower,0,4,13,0,17,0,0,20,0,20,0,4,33,0,37,26,0,26,63
08/29/2022,GYY,IN,AGL,CE,Federal Contract Tower,4,10,19,0,33,0,0,13,0,13,4,10,32,0,46,6,0,6,52
08/30/2022,GYY,IN,AGL,CE,Federal Contract Tower,3,7,19,0,29,0,0,19,2,21,3,7,38,2,50,10,0,10,60
08/31/2022,GYY,IN,AGL,CE,Federal Contract Tower,4,8,29,0,41,0,0,19,0,19,4,8,48,0,60,8,0,8,68
09/01/2022,GYY,IN,AGL,CE,Federal Contract Tower,0,17,29,7,53,0,4,23,5,32,0,21,52,12,85,36,10,46,131
09/02/2022,GYY,IN,AGL,CE,Federal Contract Tower,1,8,22,0,31,0,0,12,2,14,1,8,34,2,45,22,6,28,73
09/03/2022,GYY,IN,AGL,CE,Federal Contract Tower,0,2,12,1,15,0,0,8,0,8,0,2,20,1,23,14,0,14,37
09/04/2022,GYY,IN,AGL,CE,Federal Contract Tower,0,5,12,0,17,0,0,0,0,0,0,5,12,0,17,0,0,0,17
09/05/2022,GYY,IN,AGL,CE,Federal Contract Tower,1,2,32,0,35,0,0,1,0,1,1,2,33,0,36,0,0,0,36
09/06/2022,GYY,IN,AGL,CE,Federal Contract Tower,4,8,21,0,33,0,0,9,0,9,4,8,30,0,42,10,0,10,52
09/07/2022,GYY,IN,AGL,CE,Federal Contract Tower,3,8,34,0,45,0,0,10,1,11,3,8,44,1,56,2,2,4,60
09/08/2022,GYY,IN,AGL,CE,Federal Contract Tower,1,5,18,1,25,0,0,23,5,28,1,5,41,6,53,10,0,10,63
09/09/2022,GYY,IN,AGL,CE,Federal Contract Tower,4,7,20,0,31,0,0,22,13,35,4,7,42,13,66,22,10,32,98
09/10/2022,GYY,IN,AGL,CE,Federal Contract Tower,1,4,17,0,22,0,0,16,12,28,1,4,33,12,50,8,0,8,58
09/11/2022,GYY,IN,AGL,CE,Federal Contract Tower,1,5,20,3,29,0,0,0,0,0,1,5,20,3,29,0,0,0,29
09/12/2022,GYY,IN,AGL,CE,Federal Contract Tower,1,11,37,0,49,0,0,1,0,1,1,11,38,0,50,0,0,0,50
09/13/2022,GYY,IN,AGL,CE,Federal Contract Tower,3,3,39,0,45,0,0,12,0,12,3,3,51,0,57,30,0,30,87
09/14/2022,GYY,IN,AGL,CE,Federal Contract Tower,4,9,37,0,50,0,0,28,2,30,4,9,65,2,80,44,0,44,124
09/15/2022,GYY,IN,AGL,CE,Federal Contract Tower,0,15,43,0,58,0,0,34,6,40,0,15,77,6,98,28,0,28,126
09/16/2022,GYY,IN,AGL,CE,Federal Contract Tower,1,6,30,2,39,0,0,20,0,20,1,6,50,2,59,30,0,30,89
09/17/2022,GYY,IN,AGL,CE,Federal Contract Tower,0,0,15,0,15,0,0,17,0,17,0,0,32,0,32,18,0,18,50
09/18/2022,GYY,IN,AGL,CE,Federal Contract Tower,2,3,27,0,32,0,0,21,0,21,2,3,48,0,53,6,2,8,61
09/19/2022,GYY,IN,AGL,CE,Federal Contract Tower,1,10,30,0,41,0,0,7,0,7,1,10,37,0,48,8,0,8,56
09/20/2022,GYY,IN,AGL,CE,Federal Contract Tower,3,5,13,0,21,0,0,14,0,14,3,5,27,0,35,30,0,30,65
09/21/2022,GYY,IN,AGL,CE,Federal Contract Tower,3,9,33,0,45,0,0,18,1,19,3,9,51,1,64,14,0,14,78
09/22/2022,GYY,IN,AGL,CE,Federal Contract Tower,0,11,20,1,32,0,0,16,5,21,0,11,36,6,53,20,0,20,73
09/23/2022,GYY,IN,AGL,CE,Federal Contract Tower,1,5,26,17,49,0,0,21,8,29,1,5,47,25,78,28,8,36,114
09/24/2022,GYY,IN,AGL,CE,Federal Contract Tower,0,1,19,1,21,0,0,16,5,21,0,1,35,6,42,6,0,6,48
09/25/2022,GYY,IN,AGL,CE,Federal Contract Tower,0,13,13,8,34,0,0,6,0,6,0,13,19,8,40,14,0,14,54
09/26/2022,GYY,IN,AGL,CE,Federal Contract Tower,0,7,18,0,25,0,1,15,4,20,0,8,33,4,45,44,0,44,89
09/27/2022,GYY,IN,AGL,CE,Federal Contract Tower,3,6,25,0,34,0,0,18,2,20,3,6,43,2,54,4,0,4,58
09/28/2022,GYY,IN,AGL,CE,Federal Contract Tower,3,7,12,2,24,0,0,21,4,25,3,7,33,6,49,4,0,4,53
09/29/2022,GYY,IN,AGL,CE,Federal Contract Tower,1,18,19,0,38,0,0,26,8,34,1,18,45,8,72,50,0,50,122
09/30/2022,GYY,IN,AGL,CE,Federal Contract Tower,2,3,23,0,28,0,0,31,2,33,2,3,54,2,61,30,0,30,91
10/01/2022,GYY,IN,AGL,CE,Federal Contract Tower,0,7,16,0,23,0,0,24,0,24,0,7,40,0,47,22,0,22,69
10/02/2022,GYY,IN,AGL,CE,Federal Contract Tower,0,5,27,0,32,0,0,7,0,7,0,5,34,0,39,6,0,6,45
10/03/2022,GYY,IN,AGL,CE,Federal Contract Tower,4,0,26,0,30,0,1,13,0,14,4,1,39,0,44,12,2,14,58
10/04/2022,GYY,IN,AGL,CE,Federal Contract Tower,1,11,18,0,30,0,0,17,1,18,1,11,35,1,48,20,0,20,68
10/05/2022,GYY,IN,AGL,CE,Federal Contract Tower,0,17,22,0,39,0,1,32,8,41,0,18,54,8,80,80,0,80,160
10/06/2022,GYY,IN,AGL,CE,Federal Contract Tower,3,12,22,1,38,0,0,13,1,14,3,12,35,2,52,34,10,44,96
10/07/2022,GYY,IN,AGL,CE,Federal Contract Tower,1,9,13,2,25,0,0,4,0,4,1,9,17,2,29,10,0,10,39
10/08/2022,GYY,IN,AGL,CE,Federal Contract Tower,1,7,11,1,20,0,0,20,1,21,1,7,31,2,41,10,0,10,51
10/09/2022,GYY,IN,AGL,CE,Federal Contract Tower,1,7,17,0,25,0,0,9,0,9,1,7,26,0,34,28,0,28,62
10/10/2022,GYY,IN,AGL,CE,Federal Contract Tower,4,10,22,1,37,0,0,10,0,10,4,10,32,1,47,20,2,22,69
10/11/2022,GYY,IN,AGL,CE,Federal Contract Tower,0,15,19,0,34,0,0,9,0,9,0,15,28,0,43,0,0,0,43
10/12/2022,GYY,IN,AGL,CE,Federal Contract Tower,0,11,25,0,36,0,0,9,2,11,0,11,34,2,47,0,18,18,65
10/13/2022,GYY,IN,AGL,CE,Federal Contract Tower,3,9,22,2,36,0,0,15,6,21,3,9,37,8,57,6,0,6,63
10/14/2022,GYY,IN,AGL,CE,Federal Contract Tower,0,5,30,1,36,0,0,22,5,27,0,5,52,6,63,30,0,30,93
10/15/2022,GYY,IN,AGL,CE,Federal Contract Tower,0,6,17,0,23,0,0,26,5,31,0,6,43,5,54,22,0,22,76
10/16/2022,GYY,IN,AGL,CE,Federal Contract Tower,1,11,14,1,27,0,0,13,1,14,1,11,27,2,41,4,0,4,45
10/17/2022,GYY,IN,AGL,CE,Federal Contract Tower,3,4,15,0,22,0,0,7,0,7,3,4,22,0,29,0,0,0,29
10/18/2022,GYY,IN,AGL,CE,Federal Contract Tower,0,5,19,1,25,0,0,5,6,11,0,5,24,7,36,0,14,14,50
10/19/2022,GYY,IN,AGL,CE,Federal Contract Tower,0,10,27,1,38,0,0,19,2,21,0,10,46,3,59,18,20,38,97
10/20/2022,GYY,IN,AGL,CE,Federal Contract Tower,4,9,15,1,29,0,0,13,9,22,4,9,28,10,51,32,6,38,89
10/21/2022,GYY,IN,AGL,CE,Federal Contract Tower,1,10,29,0,40,0,0,18,2,20,1,10,47,2,60,19,0,19,79
10/22/2022,GYY,IN,AGL,CE,Federal Contract Tower,0,4,13,0,17,0,0,4,0,4,0,4,17,0,21,0,0,0,21
10/23/2022,GYY,IN,AGL,CE,Federal Contract Tower,0,10,36,0,46,0,0,11,0,11,0,10,47,0,57,0,0,0,57
10/24/2022,GYY,IN,AGL,CE,Federal Contract Tower,3,6,23,0,32,0,0,6,0,6,3,6,29,0,38,8,0,8,46
10/25/2022,GYY,IN,AGL,CE,Federal Contract Tower,0,1,27,0,28,0,0,0,0,0,0,1,27,0,28,0,2,2,30
10/26/2022,GYY,IN,AGL,CE,Federal Contract Tower,0,8,31,2,41,0,0,11,2,13,0,8,42,4,54,22,0,22,76
10/27/2022,GYY,IN,AGL,CE,Federal Contract Tower,3,5,20,1,29,0,0,25,3,28,3,5,45,4,57,26,6,32,89
10/28/2022,GYY,IN,AGL,CE,Federal Contract Tower,2,3,20,0,25,0,0,28,2,30,2,3,48,2,55,68,0,68,123
10/29/2022,GYY,IN,AGL,CE,Federal Contract Tower,0,3,25,0,28,0,0,19,0,19,0,3,44,0,47,34,0,34,81
10/30/2022,GYY,IN,AGL,CE,Federal Contract Tower,0,7,14,0,21,0,0,21,0,21,0,7,35,0,42,6,0,6,48
10/31/2022,GYY,IN,AGL,CE,Federal Contract Tower,4,4,16,0,24,0,0,0,0,0,4,4,16,0,24,0,0,0,24
11/01/2022,GYY,IN,AGL,CE,Federal Contract Tower,0,14,25,3,42,0,0,10,3,13,0,14,35,6,55,36,24,60,115
11/02/2022,GYY,IN,AGL,CE,Federal Contract Tower,0,8,20,0,28,0,0,25,1,26,0,8,45,1,54,14,20,34,88
11/03/2022,GYY,IN,AGL,CE,Federal Contract Tower,3,5,20,2,30,0,0,8,12,20,3,5,28,14,50,46,0,46,96
11/04/2022,GYY,IN,AGL,CE,Federal Contract Tower,0,11,26,0,37,0,0,13,3,16,0,11,39,3,53,4,0,4,57
11/05/2022,GYY,IN,AGL,CE,Federal Contract Tower,0,4,7,3,14,0,1,2,1,4,0,5,9,4,18,0,0,0,18
11/06/2022,GYY,IN,AGL,CE,Federal Contract Tower,1,6,15,1,23,0,0,11,12,23,1,6,26,13,46,4,0,4,50
11/07/2022,GYY,IN,AGL,CE,Federal Contract Tower,3,6,20,4,33,0,2,22,2,26,3,8,42,6,59,72,0,72,131
11/08/2022,GYY,IN,AGL,CE,Federal Contract Tower,0,14,15,3,32,0,0,31,3,34,0,14,46,6,66,30,2,32,98
11/09/2022,GYY,IN,AGL,CE,Federal Contract Tower,0,6,26,0,32,0,0,20,4,24,0,6,46,4,56,78,0,78,134
11/10/2022,GYY,IN,AGL,CE,Federal Contract Tower,5,10,31,1,47,0,0,16,4,20,5,10,47,5,67,32,0,32,99
11/11/2022,GYY,IN,AGL,CE,Federal Contract Tower,0,6,15,0,21,0,0,10,0,10,0,6,25,0,31,24,0,24,55
11/12/2022,GYY,IN,AGL,CE,Federal Contract Tower,0,5,9,0,14,0,0,7,0,7,0,5,16,0,21,30,0,30,51
11/13/2022,GYY,IN,AGL,CE,Federal Contract Tower,0,1,15,0,16,0,0,14,0,14,0,1,29,0,30,34,0,34,64
11/14/2022,GYY,IN,AGL,CE,Federal Contract Tower,4,5,20,0,29,0,0,14,0,14,4,5,34,0,43,38,0,38,81
11/15/2022,GYY,IN,AGL,CE,Federal Contract Tower,3,11,14,0,28,0,0,0,0,0,3,11,14,0,28,0,2,2,30
11/16/2022,GYY,IN,AGL,CE,Federal Contract Tower,3,10,19,3,35,0,0,0,0,0,3,10,19,3,35,0,0,0,35
11/17/2022,GYY,IN,AGL,CE,Federal Contract Tower,3,3,25,0,31,0,0,1,8,9,3,3,26,8,40,0,6,6,46
11/18/2022,GYY,IN,AGL,CE,Federal Contract Tower,0,5,13,1,19,0,0,9,0,9,0,5,22,1,28,0,0,0,28
11/19/2022,GYY,IN,AGL,CE,Federal Contract Tower,1,7,20,0,28,0,0,0,0,0,1,7,20,0,28,0,0,0,28
11/20/2022,GYY,IN,AGL,CE,Federal Contract Tower,0,7,17,1,25,0,0,8,0,8,0,7,25,1,33,4,0,4,37
11/21/2022,GYY,IN,AGL,CE,Federal Contract Tower,3,2,18,0,23,0,0,15,0,15,3,2,33,0,38,8,6,14,52
11/22/2022,GYY,IN,AGL,CE,Federal Contract Tower,0,5,33,0,38,0,0,25,6,31,0,5,58,6,69,26,0,26,95
11/23/2022,GYY,IN,AGL,CE,Federal Contract Tower,0,8,13,0,21,0,0,20,1,21,0,8,33,1,42,22,2,24,66
11/24/2022,GYY,IN,AGL,CE,Federal Contract Tower,0,2,6,0,8,0,0,5,0,5,0,2,11,0,13,6,0,6,19
11/25/2022,GYY,IN,AGL,CE,Federal Contract Tower,0,0,6,0,6,0,0,4,0,4,0,0,10,0,10,20,0,20,30
11/26/2022,GYY,IN,AGL,CE,Federal Contract Tower,0,1,31,0,32,0,0,9,0,9,0,1,40,0,41,0,0,0,41
11/27/2022,GYY,IN,AGL,CE,Federal Contract Tower,0,8,29,0,37,0,0,0,0,0,0,8,29,0,37,0,0,0,37
11/28/2022,GYY,IN,AGL,CE,Federal Contract Tower,4,7,14,0,25,0,0,11,0,11,4,7,25,0,36,14,0,14,50
11/29/2022,GYY,IN,AGL,CE,Federal Contract Tower,0,7,23,0,30,0,0,2,9,11,0,7,25,9,41,2,0,2,43
11/30/2022,GYY,IN,AGL,CE,Federal Contract Tower,0,9,18,0,27,0,0,10,4,14,0,9,28,4,41,0,0,0,41
12/01/2022,GYY,IN,AGL,CE,Federal Contract Tower,4,4,16,0,24,0,0,9,6,15,4,4,25,6,39,78,0,78,117
12/02/2022,GYY,IN,AGL,CE,Federal Contract Tower,4,5,12,1,22,0,0,10,16,26,4,5,22,17,48,0,0,0,48
12/03/2022,GYY,IN,AGL,CE,Federal Contract Tower,0,5,12,0,17,0,0,17,1,18,0,5,29,1,35,24,0,24,59
12/04/2022,GYY,IN,AGL,CE,Federal Contract Tower,0,2,15,0,17,0,1,11,0,12,0,3,26,0,29,20,2,22,51
12/05/2022,GYY,IN,AGL,CE,Federal Contract Tower,4,5,20,1,30,0,0,15,1,16,4,5,35,2,46,24,0,24,70
12/06/2022,GYY,IN,AGL,CE,Federal Contract Tower,0,15,20,0,35,0,0,9,2,11,0,15,29,2,46,8,8,16,62
12/07/2022,GYY,IN,AGL,CE,Federal Contract Tower,0,19,19,0,38,0,0,0,1,1,0,19,19,1,39,2,16,18,57
12/08/2022,GYY,IN,AGL,CE,Federal Contract Tower,0,9,18,0,27,0,0,21,3,24,0,9,39,3,51,44,0,44,95
12/09/2022,GYY,IN,AGL,CE,Federal Contract Tower,2,15,18,0,35,0,0,0,0,0,2,15,18,0,35,0,0,0,35
12/10/2022,GYY,IN,AGL,CE,Federal Contract Tower,0,6,11,0,17,0,0,0,0,0,0,6,11,0,17,0,0,0,17
12/11/2022,GYY,IN,AGL,CE,Federal Contract Tower,0,5,19,0,24,0,0,7,0,7,0,5,26,0,31,8,0,8,39
12/12/2022,GYY,IN,AGL,CE,Federal Contract Tower,4,10,19,0,33,0,0,11,0,11,4,10,30,0,44,4,0,4,48
12/13/2022,GYY,IN,AGL,CE,Federal Contract Tower,0,13,21,0,34,0,0,6,4,10,0,13,27,4,44,12,0,12,56
12/14/2022,GYY,IN,AGL,CE,Federal Contract Tower,0,10,21,0,31,0,0,0,0,0,0,10,21,0,31,0,0,0,31
12/15/2022,GYY,IN,AGL,CE,Federal Contract Tower,0,14,11,0,25,0,0,4,0,4,0,14,15,0,29,14,0,14,43
12/16/2022,GYY,IN,AGL,CE,Federal Contract Tower,5,11,15,0,31,0,0,0,0,0,5,11,15,0,31,0,0,0,31
12/17/2022,GYY,IN,AGL,CE,Federal Contract Tower,0,4,24,0,28,0,0,0,0,0,0,4,24,0,28,0,0,0,28
12/18/2022,GYY,IN,AGL,CE,Federal Contract Tower,0,5,22,0,27,0,0,10,4,14,0,5,32,4,41,16,0,16,57
12/19/2022,GYY,IN,AGL,CE,Federal Contract Tower,4,9,17,1,31,0,0,18,0,18,4,9,35,1,49,4,0,4,53
12/20/2022,GYY,IN,AGL,CE,Federal Contract Tower,0,15,13,0,28,0,0,12,2,14,0,15,25,2,42,28,0,28,70
12/21/2022,GYY,IN,AGL,CE,Federal Contract Tower,0,17,27,0,44,0,0,6,4,10,0,17,33,4,54,20,4,24,78
12/22/2022,GYY,IN,AGL,CE,Federal Contract Tower,2,13,19,0,34,0,0,0,0,0,2,13,19,0,34,0,0,0,34
12/23/2022,GYY,IN,AGL,CE,Federal Contract Tower,0,0,5,0,5,0,0,0,0,0,0,0,5,0,5,0,0,0,5
12/24/2022,GYY,IN,AGL,CE,Federal Contract Tower,0,5,1,0,6,0,0,1,0,1,0,5,2,0,7,0,0,0,7
12/25/2022,GYY,IN,AGL,CE,Federal Contract Tower,0,0,3,0,3,0,0,2,0,2,0,0,5,0,5,0,0,0,5
12/26/2022,GYY,IN,AGL,CE,Federal Contract Tower,0,3,19,0,22,0,0,2,0,2,0,3,21,0,24,0,0,0,24
12/27/2022,GYY,IN,AGL,CE,Federal Contract Tower,0,8,20,0,28,0,0,12,0,12,0,8,32,0,40,14,0,14,54
12/28/2022,GYY,IN,AGL,CE,Federal Contract Tower,0,8,17,0,25,0,0,8,2,10,0,8,25,2,35,10,0,10,45
12/29/2022,GYY,IN,AGL,CE,Federal Contract Tower,4,8,11,1,24,0,0,3,6,9,4,8,14,7,33,0,0,0,33
12/30/2022,GYY,IN,AGL,CE,Federal Contract Tower,0,1,12,0,13,0,0,4,0,4,0,1,16,0,17,18,0,18,35
12/31/2022,GYY,IN,AGL,CE,Federal Contract Tower,0,2,5,0,7,0,0,7,0,7,0,2,12,0,14,14,0,14,28
01/01/2023,GYY,IN,AGL,CE,Federal Contract Tower,0,4,11,0,15,0,0,7,0,7,0,4,18,0,22,14,0,14,36
01/02/2023,GYY,IN,AGL,CE,Federal Contract Tower,0,3,11,0,14,0,0,0,0,0,0,3,11,0,14,0,0,0,14
01/03/2023,GYY,IN,AGL,CE,Federal Contract Tower,3,6,12,0,21,0,0,0,0,0,3,6,12,0,21,0,0,0,21
01/04/2023,GYY,IN,AGL,CE,Federal Contract Tower,3,4,14,0,21,0,0,2,4,6,3,4,16,4,27,0,0,0,27
01/05/2023,GYY,IN,AGL,CE,Federal Contract Tower,3,3,4,0,10,0,0,2,2,4,3,3,6,2,14,0,16,16,30
01/06/2023,GYY,IN,AGL,CE,Federal Contract Tower,2,1,20,0,23,0,0,0,0,0,2,1,20,0,23,0,18,18,41
01/07/2023,GYY,IN,AGL,CE,Federal Contract Tower,1,4,10,0,15,0,0,3,0,3,1,4,13,0,18,2,0,2,20
01/08/2023,GYY,IN,AGL,CE,Federal Contract Tower,0,8,19,0,27,0,1,1,0,2,0,9,20,0,29,6,0,6,35
01/09/2023,GYY,IN,AGL,CE,Federal Contract Tower,3,4,19,0,26,0,0,14,0,14,3,4,33,0,40,12,0,12,52
01/10/2023,GYY,IN,AGL,CE,Federal Contract Tower,4,7,20,1,32,0,0,10,5,15,4,7,30,6,47,28,10,38,85
01/11/2023,GYY,IN,AGL,CE,Federal Contract Tower,2,4,10,1,17,0,0,8,6,14,2,4,18,7,31,10,0,10,41
01/12/2023,GYY,IN,AGL,CE,Federal Contract Tower,3,12,20,0,35,0,0,4,5,9,3,12,24,5,44,0,20,20,64
01/13/2023,GYY,IN,AGL,CE,Federal Contract Tower,2,11,10,0,23,0,0,4,0,4,2,11,14,0,27,0,38,38,65
01/14/2023,GYY,IN,AGL,CE,Federal Contract Tower,0,2,10,0,12,0,0,10,0,10,0,2,20,0,22,46,8,54,76
01/15/2023,GYY,IN,AGL,CE,Federal Contract Tower,0,2,15,0,17,0,0,16,0,16,0,2,31,0,33,16,0,16,49
01/16/2023,GYY,IN,AGL,CE,Federal Contract Tower,3,8,14,0,25,0,0,3,0,3,3,8,17,0,28,4,0,4,32
01/17/2023,GYY,IN,AGL,CE,Federal Contract Tower,3,3,12,0,18,0,0,6,0,6,3,3,18,0,24,0,0,0,24
01/18/2023,GYY,IN,AGL,CE,Federal Contract Tower,3,4,12,1,20,0,0,5,5,10,3,4,17,6,30,4,0,4,34
01/19/2023,GYY,IN,AGL,CE,Federal Contract Tower,6,9,0,0,15,0,0,0,0,0,6,9,0,0,15,0,6,6,21
01/20/2023,GYY,IN,AGL,CE,Federal Contract Tower,2,9,8,0,19,0,0,7,3,10,2,9,15,3,29,16,12,28,57
01/21/2023,GYY,IN,AGL,CE,Federal Contract Tower,0,6,8,0,14,0,0,6,0,6,0,6,14,0,20,4,0,4,24
01/22/2023,GYY,IN,AGL,CE,Federal Contract Tower,0,11,10,0,21,0,0,0,0,0,0,11,10,0,21,0,0,0,21
01/23/2023,GYY,IN,AGL,CE,Federal Contract Tower,3,8,7,0,18,0,0,11,0,11,3,8,18,0,29,2,0,2,31
01/24/2023,GYY,IN,AGL,CE,Federal Contract Tower,4,10,6,0,20,0,0,1,4,5,4,10,7,4,25,0,12,12,37
01/25/2023,GYY,IN,AGL,CE,Federal Contract Tower,4,6,12,0,22,0,0,0,0,0,4,6,12,0,22,0,0,0,22
01/26/2023,GYY,IN,AGL,CE,Federal Contract Tower,0,11,18,0,29,0,0,5,8,13,0,11,23,8,42,18,0,18,60
01/27/2023,GYY,IN,AGL,CE,Federal Contract Tower,0,8,10,0,18,0,0,6,1,7,0,8,16,1,25,0,0,0,25
01/28/2023,GYY,IN,AGL,CE,Federal Contract Tower,1,6,10,0,17,0,0,6,0,6,1,6,16,0,23,0,0,0,23
01/29/2023,GYY,IN,AGL,CE,Federal Contract Tower,0,8,13,0,21,0,0,0,0,0,0,8,13,0,21,0,0,0,21
01/30/2023,GYY,IN,AGL,CE,Federal Contract Tower,5,8,9,0,22,0,0,6,0,6,5,8,15,0,28,0,0,0,28
01/31/2023,GYY,IN,AGL,CE,Federal Contract Tower,3,3,15,0,21,0,0,7,1,8,3,3,22,1,29,20,6,26,55
02/01/2023,GYY,IN,AGL,CE,Federal Contract Tower,4,1,15,0,20,0,0,22,4,26,4,1,37,4,46,16,0,16,62
02/02/2023,GYY,IN,AGL,CE,Federal Contract Tower,0,12,16,0,28,0,0,13,8,21,0,12,29,8,49,5,6,11,60
02/03/2023,GYY,IN,AGL,CE,Federal Contract Tower,2,2,6,0,10,0,1,16,12,29,2,3,22,12,39,30,0,30,69
02/04/2023,GYY,IN,AGL,CE,Federal Contract Tower,1,3,8,0,12,0,0,17,9,26,1,3,25,9,38,14,0,14,52
02/05/2023,GYY,IN,AGL,CE,Federal Contract Tower,0,9,10,0,19,0,0,12,9,21,0,9,22,9,40,0,0,0,40
02/06/2023,GYY,IN,AGL,CE,Federal Contract Tower,3,4,19,1,27,0,1,20,0,21,3,5,39,1,48,6,0,6,54
02/07/2023,GYY,IN,AGL,CE,Federal Contract Tower,3,4,15,2,24,0,0,8,1,9,3,4,23,3,33,20,0,20,53
02/08/2023,GYY,IN,AGL,CE,Federal Contract Tower,3,7,14,0,24,0,0,9,1,10,3,7,23,1,34,10,0,10,44
02/09/2023,GYY,IN,AGL,CE,Federal Contract Tower,4,16,24,2,46,0,0,0,0,0,4,16,24,2,46,0,0,0,46
02/10/2023,GYY,IN,AGL,CE,Federal Contract Tower,1,9,14,1,25,0,0,13,1,14,1,9,27,2,39,28,0,28,67
02/11/2023,GYY,IN,AGL,CE,Federal Contract Tower,1,5,8,0,14,0,0,21,0,21,1,5,29,0,35,24,0,24,59
02/12/2023,GYY,IN,AGL,CE,Federal Contract Tower,1,3,14,0,18,0,0,14,0,14,1,3,28,0,32,14,0,14,46
02/13/2023,GYY,IN,AGL,CE,Federal Contract Tower,3,5,14,0,22,0,0,19,0,19,3,5,33,0,41,30,0,30,71
02/14/2023,GYY,IN,AGL,CE,Federal Contract Tower,3,7,18,0,28,0,1,11,4,16,3,8,29,4,44,10,0,10,54
02/15/2023,GYY,IN,AGL,CE,Federal Contract Tower,0,8,11,0,19,0,0,11,2,13,0,8,22,2,32,0,0,0,32
02/16/2023,GYY,IN,AGL,CE,Federal Contract Tower,0,15,12,0,27,0,0,0,0,0,0,15,12,0,27,0,0,0,27
02/17/2023,GYY,IN,AGL,CE,Federal Contract Tower,1,6,23,0,30,0,0,15,2,17,1,6,38,2,47,38,0,38,85
02/18/2023,GYY,IN,AGL,CE,Federal Contract Tower,1,3,7,0,11,0,0,17,0,17,1,3,24,0,28,8,0,8,36
02/19/2023,GYY,IN,AGL,CE,Federal Contract Tower,0,4,11,0,15,0,0,20,0,20,0,4,31,0,35,2,0,2,37
02/20/2023,GYY,IN,AGL,CE,Federal Contract Tower,2,9,19,0,30,0,0,32,0,32,2,9,51,0,62,56,0,56,118
02/21/2023,GYY,IN,AGL,CE,Federal Contract Tower,8,11,12,0,31,0,0,17,0,17,8,11,29,0,48,24,0,24,72
02/22/2023,GYY,IN,AGL,CE,Federal Contract Tower,3,3,10,0,16,0,0,0,0,0,3,3,10,0,16,0,0,0,16
02/23/2023,GYY,IN,AGL,CE,Federal Contract Tower,4,8,14,0,26,0,0,1,7,8,4,8,15,7,34,2,0,2,36
02/24/2023,GYY,IN,AGL,CE,Federal Contract Tower,3,9,10,0,22,0,0,16,3,19,3,9,26,3,41,32,0,32,73
02/25/2023,GYY,IN,AGL,CE,Federal Contract Tower,0,7,23,0,30,0,0,9,0,9,0,7,32,0,39,42,0,42,81
02/26/2023,GYY,IN,AGL,CE,Federal Contract Tower,0,5,15,0,20,0,0,21,0,21,0,5,36,0,41,36,0,36,77
02/27/2023,GYY,IN,AGL,CE,Federal Contract Tower,3,6,9,0,18,0,0,0,0,0,3,6,9,0,18,0,0,0,18
02/28/2023,GYY,IN,AGL,CE,Federal Contract Tower,4,11,19,2,36,0,0,17,1,18,4,11,36,3,54,38,4,42,96
03/01/2023,GYY,IN,AGL,CE,Federal Contract Tower,0,7,18,0,25,0,0,0,0,0,0,7,18,0,25,41,0,41,66
03/02/2023,GYY,IN,AGL,CE,Federal Contract Tower,0,11,21,1,33,0,0,0,0,0,0,11,21,1,33,2,0,2,35
03/03/2023,GYY,IN,AGL,CE,Federal Contract Tower,4,4,6,0,14,0,0,0,0,0,4,4,6,0,14,0,0,0,14
03/04/2023,GYY,IN,AGL,CE,Federal Contract Tower,0,6,12,0,18,0,0,11,12,23,0,6,23,12,41,2,23,25,66
03/05/2023,GYY,IN,AGL,CE,Federal Contract Tower,0,5,23,0,28,0,0,15,2,17,0,5,38,2,45,8,12,20,65
03/06/2023,GYY,IN,AGL,CE,Federal Contract Tower,5,5,31,0,41,0,0,2,0,2,5,5,33,0,43,8,0,8,51
03/07/2023,GYY,IN,AGL,CE,Federal Contract Tower,3,4,8,2,17,0,1,21,2,24,3,5,29,4,41,22,0,22,63
03/08/2023,GYY,IN,AGL,CE,Federal Contract Tower,4,11,29,0,44,0,2,21,5,28,4,13,50,5,72,28,8,36,108
03/09/2023,GYY,IN,AGL,CE,Federal Contract Tower,4,14,18,0,36,0,0,10,4,14,4,14,28,4,50,6,4,10,60
03/10/2023,GYY,IN,AGL,CE,Federal Contract Tower,3,7,18,0,28,0,0,0,0,0,3,7,18,0,28,0,8,8,36
03/11/2023,GYY,IN,AGL,CE,Federal Contract Tower,3,5,12,0,20,0,0,7,0,7,3,5,19,0,27,48,0,48,75
03/12/2023,GYY,IN,AGL,CE,Federal Contract Tower,0,5,14,0,19,0,0,0,0,0,0,5,14,0,19,0,0,0,19
03/13/2023,GYY,IN,AGL,CE,Federal Contract Tower,3,3,18,0,24,0,0,0,0,0,3,3,18,0,24,0,0,0,24
03/14/2023,GYY,IN,AGL,CE,Federal Contract Tower,4,3,21,0,28,0,2,29,13,44,4,5,50,13,72,56,0,56,128
03/15/2023,GYY,IN,AGL,CE,Federal Contract Tower,3,11,21,1,36,0,3,25,1,29,3,14,46,2,65,44,0,44,109
03/16/2023,GYY,IN,AGL,CE,Federal Contract Tower,3,3,12,0,18,0,0,5,2,7,3,3,17,2,25,8,24,32,57
03/17/2023,GYY,IN,AGL,CE,Federal Contract Tower,0,3,21,0,24,0,0,5,1,6,0,3,26,1,30,0,0,0,30
03/18/2023,GYY,IN,AGL,CE,Federal Contract Tower,0,8,13,0,21,0,0,7,0,7,0,8,20,0,28,0,0,0,28
03/19/2023,GYY,IN,AGL,CE,Federal Contract Tower,0,3,34,0,37,0,0,33,0,33,0,3,67,0,70,12,0,12,82
03/20/2023,GYY,IN,AGL,CE,Federal Contract Tower,5,6,20,0,31,0,0,15,0,15,5,6,35,0,46,20,0,20,66
03/21/2023,GYY,IN,AGL,CE,Federal Contract Tower,4,2,27,1,34,0,0,25,6,31,4,2,52,7,65,36,0,36,101
03/22/2023,GYY,IN,AGL,CE,Federal Contract Tower,3,8,16,2,29,0,0,0,0,0,3,8,16,2,29,0,0,0,29
03/23/2023,GYY,IN,AGL,CE,Federal Contract Tower,3,6,15,1,25,0,0,5,4,9,3,6,20,5,34,4,0,4,38
03/24/2023,GYY,IN,AGL,CE,Federal Contract Tower,2,10,19,2,33,0,0,4,4,8,2,10,23,6,41,4,0,4,45
03/25/2023,GYY,IN,AGL,CE,Federal Contract Tower,0,5,12,0,17,0,0,2,0,2,0,5,14,0,19,4,0,4,23
03/26/2023,GYY,IN,AGL,CE,Federal Contract Tower,0,5,28,2,35,0,0,13,0,13,0,5,41,2,48,30,0,30,78
03/27/2023,GYY,IN,AGL,CE,Federal Contract Tower,3,5,17,0,25,0,0,26,0,26,3,5,43,0,51,60,0,60,111
03/28/2023,GYY,IN,AGL,CE,Federal Contract Tower,4,8,21,1,34,0,0,34,2,36,4,8,55,3,70,72,0,72,142
03/29/2023,GYY,IN,AGL,CE,Federal Contract Tower,3,10,27,0,40,0,0,9,3,12,3,10,36,3,52,10,0,10,62
03/30/2023,GYY,IN,AGL,CE,Federal Contract Tower,3,8,28,0,39,0,0,16,5,21,3,8,44,5,60,50,14,64,124
03/31/2023,GYY,IN,AGL,CE,Federal Contract Tower,1,3,10,0,14,0,0,2,2,4,1,3,12,2,18,0,0,0,18
04/01/2023,GYY,IN,AGL,CE,Federal Contract Tower,1,11,18,0,30,0,0,4,0,4,1,11,22,0,34,0,0,0,34
04/02/2023,GYY,IN,AGL,CE,Federal Contract Tower,0,8,20,0,28,0,0,26,0,26,0,8,46,0,54,22,0,22,76
04/03/2023,GYY,IN,AGL,CE,Federal Contract Tower,3,7,10,0,20,0,0,19,3,22,3,7,29,3,42,2,18,20,62
04/04/2023,GYY,IN,AGL,CE,Federal Contract Tower,3,14,11,1,29,0,0,0,4,4,3,14,11,5,33,0,0,0,33
04/05/2023,GYY,IN,AGL,CE,Federal Contract Tower,3,7,17,0,27,0,0,2,3,5,3,7,19,3,32,4,40,44,76
04/06/2023,GYY,IN,AGL,CE,Federal Contract Tower,4,6,22,11,43,0,0,13,7,20,4,6,35,18,63,68,6,74,137
04/07/2023,GYY,IN,AGL,CE,Federal Contract Tower,0,10,12,1,23,0,0,27,0,27,0,10,39,1,50,92,14,106,156
04/08/2023,GYY,IN,AGL,CE,Federal Contract Tower,1,3,18,0,22,0,0,8,0,8,1,3,26,0,30,10,0,10,40
04/09/2023,GYY,IN,AGL,CE,Federal Contract Tower,0,5,19,1,25,0,0,8,0,8,0,5,27,1,33,8,0,8,41
04/10/2023,GYY,IN,AGL,CE,Federal Contract Tower,3,5,26,0,34,0,0,17,1,18,3,5,43,1,52,76,0,76,128
04/11/2023,GYY,IN,AGL,CE,Federal Contract Tower,4,8,13,0,25,0,0,19,6,25,4,8,32,6,50,42,6,48,98
04/12/2023,GYY,IN,AGL,CE,Federal Contract Tower,3,13,25,0,41,0,0,19,9,28,3,13,44,9,69,0,2,2,71
04/13/2023,GYY,IN,AGL,CE,Federal Contract Tower,3,9,20,0,32,0,0,11,1,12,3,9,31,1,44,48,8,56,100
04/14/2023,GYY,IN,AGL,CE,Federal Contract Tower,0,5,23,1,29,0,0,26,3,29,0,5,49,4,58,56,0,56,114
04/15/2023,GYY,IN,AGL,CE,Federal Contract Tower,0,3,21,0,24,0,0,29,4,33,0,3,50,4,57,24,0,24,81
04/16/2023,GYY,IN,AGL,CE,Federal Contract Tower,1,5,7,0,13,0,0,0,0,0,1,5,7,0,13,0,0,0,13
04/17/2023,GYY,IN,AGL,CE,Federal Contract Tower,5,10,10,0,25,0,1,2,0,3,5,11,12,0,28,0,0,0,28
04/18/2023,GYY,IN,AGL,CE,Federal Contract Tower,4,10,8,1,23,0,0,31,1,32,4,10,39,2,55,50,6,56,111
04/19/2023,GYY,IN,AGL,CE,Federal Contract Tower,3,14,18,0,35,0,3,9,7,19,3,17,27,7,54,0,0,0,54
04/20/2023,GYY,IN,AGL,CE,Federal Contract Tower,3,5,12,0,20,0,0,3,6,9,3,5,15,6,29,0,16,16,45
04/21/2023,GYY,IN,AGL,CE,Federal Contract Tower,1,14,10,6,31,0,1,6,5,12,1,15,16,11,43,12,14,26,69
04/22/2023,GYY,IN,AGL,CE,Federal Contract Tower,0,7,18,0,25,0,0,7,0,7,0,7,25,0,32,0,0,0,32
04/23/2023,GYY,IN,AGL,CE,Federal Contract Tower,0,7,15,2,24,0,0,8,0,8,0,7,23,2,32,6,0,6,38
04/24/2023,GYY,IN,AGL,CE,Federal Contract Tower,3,1,20,2,26,0,0,13,0,13,3,1,33,2,39,36,0,36,75
04/25/2023,GYY,IN,AGL,CE,Federal Contract Tower,3,4,17,4,28,0,0,11,2,13,3,4,28,6,41,8,0,8,49
04/26/2023,GYY,IN,AGL,CE,Federal Contract Tower,4,6,24,2,36,0,0,21,4,25,4,6,45,6,61,54,0,54,115
04/27/2023,GYY,IN,AGL,CE,Federal Contract Tower,3,3,26,1,33,0,0,12,3,15,3,3,38,4,48,24,0,24,72
04/28/2023,GYY,IN,AGL,CE,Federal Contract Tower,3,4,18,4,29,0,0,13,0,13,3,4,31,4,42,48,0,48,90
04/29/2023,GYY,IN,AGL,CE,Federal Contract Tower,0,0,18,0,18,0,0,5,0,5,0,0,23,0,23,26,0,26,49
04/30/2023,GYY,IN,AGL,CE,Federal Contract Tower,1,4,24,0,29,0,0,5,0,5,1,4,29,0,34,8,0,8,42
05/01/2023,GYY,IN,AGL,CE,Federal Contract Tower,2,2,19,0,23,0,0,1,0,1,2,2,20,0,24,0,0,0,24
05/02/2023,GYY,IN,AGL,CE,Federal Contract Tower,3,8,22,0,33,0,0,7,0,7,3,8,29,0,40,0,0,0,40
05/03/2023,GYY,IN,AGL,CE,Federal Contract Tower,3,5,38,0,46,0,0,16,0,16,3,5,54,0,62,28,0,28,90
05/04/2023,GYY,IN,AGL,CE,Federal Contract Tower,0,4,14,30,48,0,1,12,2,15,0,5,26,32,63,74,0,74,137
05/05/2023,GYY,IN,AGL,CE,Federal Contract Tower,2,6,25,0,33,0,0,35,0,35,2,6,60,0,68,28,0,28,96
05/06/2023,GYY,IN,AGL,CE,Federal Contract Tower,0,2,15,0,17,7,0,0,0,7,7,2,15,0,24,18,0,18,42
05/07/2023,GYY,IN,AGL,CE,Federal Contract Tower,0,6,23,0,29,0,0,15,0,15,0,6,38,0,44,20,0,20,64
05/08/2023,GYY,IN,AGL,CE,Federal Contract Tower,2,3,15,0,20,0,0,2,0,2,2,3,17,0,22,0,0,0,22
05/09/2023,GYY,IN,AGL,CE,Federal Contract Tower,4,3,15,0,22,0,0,17,6,23,4,3,32,6,45,42,0,42,87
05/10/2023,GYY,IN,AGL,CE,Federal Contract Tower,3,8,20,0,31,0,0,22,8,30,3,8,42,8,61,50,4,54,115
05/12/2023,GYY,IN,AGL,CE,Federal Contract Tower,0,10,30,0,40,0,0,6,0,6,0,10,36,0,46,24,0,24,70
05/13/2023,GYY,IN,AGL,CE,Federal Contract Tower,1,4,16,0,21,0,0,1,0,1,1,4,17,0,22,2,0,2,24
05/14/2023,GYY,IN,AGL,CE,Federal Contract Tower,0,7,16,0,23,0,0,6,0,6,0,7,22,0,29,28,0,28,57
05/15/2023,GYY,IN,AGL,CE,Federal Contract Tower,3,6,22,0,31,0,1,24,0,25,3,7,46,0,56,58,0,58,114
05/16/2023,GYY,IN,AGL,CE,Federal Contract Tower,3,10,22,0,35,0,0,13,8,21,3,10,35,8,56,44,0,44,100
05/17/2023,GYY,IN,AGL,CE,Federal Contract Tower,3,7,19,0,29,0,0,30,5,35,3,7,49,5,64,22,4,26,90
05/18/2023,GYY,IN,AGL,CE,Federal Contract Tower,4,13,28,0,45,0,0,9,2,11,4,13,37,2,56,28,0,28,84
05/19/2023,GYY,IN,AGL,CE,Federal Contract Tower,2,7,24,0,33,0,0,2,1,3,2,7,26,1,36,14,0,14,50
05/20/2023,GYY,IN,AGL,CE,Federal Contract Tower,0,4,18,0,22,0,0,13,3,16,0,4,31,3,38,6,8,14,52
05/21/2023,GYY,IN,AGL,CE,Federal Contract Tower,0,5,26,0,31,0,0,12,6,18,0,5,38,6,49,22,30,52,101
05/22/2023,GYY,IN,AGL,CE,Federal Contract Tower,3,9,20,0,32,0,0,28,1,29,3,9,48,1,61,40,0,40,101
05/23/2023,GYY,IN,AGL,CE,Federal Contract Tower,3,8,22,0,33,0,0,14,4,18,3,8,36,4,51,22,4,26,77
05/24/2023,GYY,IN,AGL,CE,Federal Contract Tower,3,15,27,0,45,0,0,18,4,22,3,15,45,4,67,32,0,32,99
05/25/2023,GYY,IN,AGL,CE,Federal Contract Tower,6,3,38,1,48,0,2,9,10,21,6,5,47,11,69,48,0,48,117
05/26/2023,GYY,IN,AGL,CE,Federal Contract Tower,5,9,27,0,41,0,0,26,0,26,5,9,53,0,67,34,0,34,101
05/27/2023,GYY,IN,AGL,CE,Federal Contract Tower,0,3,16,0,19,0,0,25,0,25,0,3,41,0,44,70,0,70,114
05/28/2023,GYY,IN,AGL,CE,Federal Contract Tower,0,5,18,0,23,0,0,9,0,9,0,5,27,0,32,28,0,28,60
05/29/2023,GYY,IN,AGL,CE,Federal Contract Tower,1,7,18,4,30,0,0,14,0,14,1,7,32,4,44,28,0,28,72
05/30/2023,GYY,IN,AGL,CE,Federal Contract Tower,3,9,12,0,24,0,0,21,0,21,3,9,33,0,45,42,0,42,87
05/31/2023,GYY,IN,AGL,CE,Federal Contract Tower,3,5,36,0,44,0,0,17,2,19,3,5,53,2,63,10,0,10,73
06/01/2023,GYY,IN,AGL,CE,Federal Contract Tower,3,9,18,0,30,0,0,7,2,9,3,9,25,2,39,16,0,16,55
06/02/2023,GYY,IN,AGL,CE,Federal Contract Tower,5,16,29,0,50,0,0,15,2,17,5,16,44,2,67,38,0,38,105
06/03/2023,GYY,IN,AGL,CE,Federal Contract Tower,0,3,23,2,28,0,2,16,3,21,0,5,39,5,49,8,0,8,57
06/04/2023,GYY,IN,AGL,CE,Federal Contract Tower,0,9,26,0,35,0,0,16,8,24,0,9,42,8,59,36,0,36,95
06/05/2023,GYY,IN,AGL,CE,Federal Contract Tower,3,9,23,0,35,0,0,6,1,7,3,9,29,1,42,26,0,26,68
06/06/2023,GYY,IN,AGL,CE,Federal Contract Tower,3,13,20,0,36,0,0,11,0,11,3,13,31,0,47,10,0,10,57
06/07/2023,GYY,IN,AGL,CE,Federal Contract Tower,3,8,21,0,32,0,1,17,4,22,3,9,38,4,54,46,0,46,100
06/08/2023,GYY,IN,AGL,CE,Federal Contract Tower,4,13,28,0,45,0,8,17,0,25,4,21,45,0,70,52,0,52,122
06/09/2023,GYY,IN,AGL,CE,Federal Contract Tower,2,8,19,1,30,0,0,19,1,20,2,8,38,2,50,28,0,28,78
06/10/2023,GYY,IN,AGL,CE,Federal Contract Tower,1,5,20,0,26,0,0,20,0,20,1,5,40,0,46,0,0,0,46
06/11/2023,GYY,IN,AGL,CE,Federal Contract Tower,0,6,29,0,35,0,0,0,0,0,0,6,29,0,35,0,0,0,35
06/12/2023,GYY,IN,AGL,CE,Federal Contract Tower,4,9,19,0,32,0,0,15,0,15,4,9,34,0,47,22,0,22,69
06/13/2023,GYY,IN,AGL,CE,Federal Contract Tower,3,4,25,0,32,0,0,8,0,8,3,4,33,0,40,10,0,10,50
06/14/2023,GYY,IN,AGL,CE,Federal Contract Tower,3,11,34,4,52,0,0,8,1,9,3,11,42,5,61,6,0,6,67
06/15/2023,GYY,IN,AGL,CE,Federal Contract Tower,5,7,30,0,42,0,0,17,0,17,5,7,47,0,59,26,0,26,85
06/16/2023,GYY,IN,AGL,CE,Federal Contract Tower,0,3,22,6,31,0,0,4,0,4,0,3,26,6,35,30,0,30,65
06/17/2023,GYY,IN,AGL,CE,Federal Contract Tower,0,6,17,0,23,0,0,11,0,11,0,6,28,0,34,12,0,12,46
06/18/2023,GYY,IN,AGL,CE,Federal Contract Tower,1,9,17,1,28,0,0,10,0,10,1,9,27,1,38,0,0,0,38
06/19/2023,GYY,IN,AGL,CE,Federal Contract Tower,3,6,14,1,24,0,0,16,0,16,3,6,30,1,40,32,0,32,72
06/20/2023,GYY,IN,AGL,CE,Federal Contract Tower,3,6,21,0,30,0,0,15,0,15,3,6,36,0,45,22,0,22,67
06/21/2023,GYY,IN,AGL,CE,Federal Contract Tower,4,10,28,0,42,0,0,30,0,30,4,10,58,0,72,62,0,62,134
06/22/2023,GYY,IN,AGL,CE,Federal Contract Tower,3,6,26,0,35,0,0,19,3,22,3,6,45,3,57,24,0,24,81
06/23/2023,GYY,IN,AGL,CE,Federal Contract Tower,2,3,26,0,31,0,0,20,0,20,2,3,46,0,51,44,0,44,95
06/24/2023,GYY,IN,AGL,CE,Federal Contract Tower,0,0,15,0,15,0,0,19,0,19,0,0,34,0,34,24,0,24,58
06/25/2023,GYY,IN,AGL,CE,Federal Contract Tower,1,6,12,0,19,0,0,8,0,8,1,6,20,0,27,10,0,10,37
06/26/2023,GYY,IN,AGL,CE,Federal Contract Tower,1,6,18,0,25,0,0,4,0,4,1,6,22,0,29,0,0,0,29
06/27/2023,GYY,IN,AGL,CE,Federal Contract Tower,2,9,39,2,52,0,0,4,0,4,2,9,43,2,56,26,0,26,82
06/28/2023,GYY,IN,AGL,CE,Federal Contract Tower,1,34,39,2,76,0,0,8,0,8,1,34,47,2,84,10,0,10,94
06/29/2023,GYY,IN,AGL,CE,Federal Contract Tower,1,10,22,2,35,0,0,8,3,11,1,10,30,5,46,52,0,52,98
06/30/2023,GYY,IN,AGL,CE,Federal Contract Tower,3,25,58,2,88,0,0,13,2,15,3,25,71,4,103,10,4,14,117
07/01/2023,GYY,IN,AGL,CE,Federal Contract Tower,1,13,19,0,33,0,0,13,2,15,1,13,32,2,48,12,30,42,90
07/02/2023,GYY,IN,AGL,CE,Federal Contract Tower,5,14,19,1,39,0,0,0,0,0,5,14,19,1,39,0,0,0,39
07/03/2023,GYY,IN,AGL,CE,Federal Contract Tower,1,2,17,3,23,0,1,11,0,12,1,3,28,3,35,36,0,36,71
07/04/2023,GYY,IN,AGL,CE,Federal Contract Tower,0,4,10,0,14,0,0,17,0,17,0,4,27,0,31,10,0,10,41
07/05/2023,GYY,IN,AGL,CE,Federal Contract Tower,1,7,14,0,22,0,0,16,4,20,1,7,30,4,42,16,0,16,58
07/06/2023,GYY,IN,AGL,CE,Federal Contract Tower,1,11,35,1,48,0,1,18,3,22,1,12,53,4,70,26,0,26,96
07/07/2023,GYY,IN,AGL,CE,Federal Contract Tower,2,11,29,0,42,0,0,36,3,39,2,11,65,3,81,28,2,30,111
07/08/2023,GYY,IN,AGL,CE,Federal Contract Tower,0,15,19,1,35,0,0,8,0,8,0,15,27,1,43,26,0,26,69
07/09/2023,GYY,IN,AGL,CE,Federal Contract Tower,0,9,28,0,37,0,0,31,0,31,0,9,59,0,68,14,0,14,82
07/10/2023,GYY,IN,AGL,CE,Federal Contract Tower,4,6,31,0,41,0,0,29,0,29,4,6,60,0,70,30,0,30,100
07/11/2023,GYY,IN,AGL,CE,Federal Contract Tower,1,6,12,0,19,0,0,16,3,19,1,6,28,3,38,20,0,20,58
07/12/2023,GYY,IN,AGL,CE,Federal Contract Tower,1,7,15,0,23,0,0,2,3,5,1,7,17,3,28,0,34,34,62
07/13/2023,GYY,IN,AGL,CE,Federal Contract Tower,1,7,30,0,38,0,0,15,6,21,1,7,45,6,59,58,2,60,119
07/14/2023,GYY,IN,AGL,CE,Federal Contract Tower,2,6,24,2,34,0,0,20,4,24,2,6,44,6,58,42,0,42,100
07/15/2023,GYY,IN,AGL,CE,Federal Contract Tower,0,1,23,0,24,0,0,7,5,12,0,1,30,5,36,28,4,32,68
07/16/2023,GYY,IN,AGL,CE,Federal Contract Tower,2,11,26,4,43,0,0,5,0,5,2,11,31,4,48,12,6,18,66
07/17/2023,GYY,IN,AGL,CE,Federal Contract Tower,1,5,19,0,25,0,0,19,0,19,1,5,38,0,44,28,0,28,72
07/18/2023,GYY,IN,AGL,CE,Federal Contract Tower,1,4,17,0,22,0,0,28,7,35,1,4,45,7,57,72,0,72,129
07/19/2023,GYY,IN,AGL,CE,Federal Contract Tower,0,10,23,2,35,0,0,10,8,18,0,10,33,10,53,6,0,6,59
07/20/2023,GYY,IN,AGL,CE,Federal Contract Tower,1,12,16,0,29,0,0,23,10,33,1,12,39,10,62,10,0,10,72
07/21/2023,GYY,IN,AGL,CE,Federal Contract Tower,2,2,28,2,34,0,0,21,0,21,2,2,49,2,55,38,0,38,93
07/22/2023,GYY,IN,AGL,CE,Federal Contract Tower,0,4,24,0,28,0,0,26,4,30,0,4,50,4,58,26,0,26,84
07/23/2023,GYY,IN,AGL,CE,Federal Contract Tower,0,1,13,2,16,0,0,32,0,32,0,1,45,2,48,4,2,6,54
07/24/2023,GYY,IN,AGL,CE,Federal Contract Tower,3,6,18,2,29,0,0,23,2,25,3,6,41,4,54,16,0,16,70
07/25/2023,GYY,IN,AGL,CE,Federal Contract Tower,1,1,19,1,22,0,0,26,3,29,1,1,45,4,51,20,0,20,71
07/27/2023,GYY,IN,AGL,CE,Federal Contract Tower,1,9,25,3,38,0,0,24,12,36,1,9,49,15,74,18,0,18,92
07/28/2023,GYY,IN,AGL,CE,Federal Contract Tower,1,9,27,2,39,0,0,19,7,26,1,9,46,9,65,2,0,2,67
07/29/2023,GYY,IN,AGL,CE,Federal Contract Tower,0,1,28,1,30,0,0,19,0,19,0,1,47,1,49,0,0,0,49
07/30/2023,GYY,IN,AGL,CE,Federal Contract Tower,1,7,16,0,24,0,0,32,4,36,1,7,48,4,60,8,0,8,68
07/31/2023,GYY,IN,AGL,CE,Federal Contract Tower,1,4,16,0,21,0,0,24,2,26,1,4,40,2,47,30,0,30,77
08/01/2023,GYY,IN,AGL,CE,Federal Contract Tower,1,10,23,0,34,0,0,20,3,23,1,10,43,3,57,26,0,26,83
08/02/2023,GYY,IN,AGL,CE,Federal Contract Tower,1,5,25,1,32,0,0,40,7,47,1,5,65,8,79,20,18,38,117
08/03/2023,GYY,IN,AGL,CE,Federal Contract Tower,4,7,27,3,41,0,1,31,3,35,4,8,58,6,76,10,4,14,90
08/04/2023,GYY,IN,AGL,CE,Federal Contract Tower,2,4,18,0,24,0,0,31,6,37,2,4,49,6,61,8,0,8,69
08/05/2023,GYY,IN,AGL,CE,Federal Contract Tower,0,7,16,0,23,0,0,19,3,22,0,7,35,3,45,0,0,0,45
08/06/2023,GYY,IN,AGL,CE,Federal Contract Tower,0,13,35,0,48,0,0,5,0,5,0,13,40,0,53,0,0,0,53
08/07/2023,GYY,IN,AGL,CE,Federal Contract Tower,1,4,15,0,20,0,0,18,0,18,1,4,33,0,38,4,0,4,42
08/08/2023,GYY,IN,AGL,CE,Federal Contract Tower,1,5,20,2,28,0,0,22,6,28,1,5,42,8,56,62,6,68,124
08/09/2023,GYY,IN,AGL,CE,Federal Contract Tower,1,11,16,0,28,0,0,9,2,11,1,11,25,2,39,54,0,54,93
08/10/2023,GYY,IN,AGL,CE,Federal Contract Tower,1,10,21,0,32,0,0,21,1,22,1,10,42,1,54,44,0,44,98
08/11/2023,GYY,IN,AGL,CE,Federal Contract Tower,1,4,24,1,30,0,0,22,2,24,1,4,46,3,54,26,0,26,80
08/12/2023,GYY,IN,AGL,CE,Federal Contract Tower,0,1,16,0,17,0,0,24,11,35,0,1,40,11,52,40,0,40,92
08/13/2023,GYY,IN,AGL,CE,Federal Contract Tower,0,9,27,3,39,0,0,13,0,13,0,9,40,3,52,16,0,16,68
08/14/2023,GYY,IN,AGL,CE,Federal Contract Tower,1,7,19,0,27,0,0,6,0,6,1,7,25,0,33,0,0,0,33
08/15/2023,GYY,IN,AGL,CE,Federal Contract Tower,1,10,12,0,23,0,0,6,4,10,1,10,18,4,33,18,0,18,51
08/16/2023,GYY,IN,AGL,CE,Federal Contract Tower,1,6,26,2,35,0,0,16,9,25,1,6,42,11,60,18,0,18,78
08/17/2023,GYY,IN,AGL,CE,Federal Contract Tower,2,1,29,19,51,0,0,13,7,20,2,1,42,26,71,20,24,44,115
08/18/2023,GYY,IN,AGL,CE,Federal Contract Tower,3,4,36,10,53,0,2,41,65,108,3,6,77,75,161,8,16,24,185
08/19/2023,GYY,IN,AGL,CE,Federal Contract Tower,0,3,10,0,13,0,0,22,59,81,0,3,32,59,94,16,24,40,134
08/20/2023,GYY,IN,AGL,CE,Federal Contract Tower,0,10,16,1,27,0,0,30,35,65,0,10,46,36,92,0,20,20,112
08/21/2023,GYY,IN,AGL,CE,Federal Contract Tower,3,11,22,12,48,0,0,15,0,15,3,11,37,12,63,14,0,14,77
08/22/2023,GYY,IN,AGL,CE,Federal Contract Tower,1,5,35,5,46,0,1,24,2,27,1,6,59,7,73,48,0,48,121
08/23/2023,GYY,IN,AGL,CE,Federal Contract Tower,1,7,18,2,28,0,0,12,10,22,1,7,30,12,50,2,0,2,52
08/24/2023,GYY,IN,AGL,CE,Federal Contract Tower,1,5,19,1,26,0,0,12,6,18,1,5,31,7,44,10,14,24,68
08/25/2023,GYY,IN,AGL,CE,Federal Contract Tower,2,1,27,2,32,0,0,6,3,9,2,1,33,5,41,4,0,4,45
08/26/2023,GYY,IN,AGL,CE,Federal Contract Tower,0,0,15,3,18,0,0,7,1,8,0,0,22,4,26,2,0,2,28
08/27/2023,GYY,IN,AGL,CE,Federal Contract Tower,1,3,15,0,19,0,0,18,0,18,1,3,33,0,37,22,0,22,59
08/28/2023,GYY,IN,AGL,CE,Federal Contract Tower,1,8,23,5,37,0,0,17,0,17,1,8,40,5,54,20,0,20,74
08/29/2023,GYY,IN,AGL,CE,Federal Contract Tower,1,13,14,0,28,0,0,31,5,36,1,13,45,5,64,44,0,44,108
08/30/2023,GYY,IN,AGL,CE,Federal Contract Tower,1,7,24,3,35,0,2,23,1,26,1,9,47,4,61,4,2,6,67
08/31/2023,GYY,IN,AGL,CE,Federal Contract Tower,2,14,23,0,39,0,4,28,7,39,2,18,51,7,78,62,0,62,140
