10/01/2020,HDC,LA,ASW,CE,Federal Contract Tower,0,7,34,1,42,0,1,45,5,51,0,8,79,6,93,200,6,206,299
10/02/2020,HDC,LA,ASW,CE,Federal Contract Tower,0,2,34,1,37,0,0,45,5,50,0,2,79,6,87,200,7,207,294
10/03/2020,HDC,LA,ASW,CE,Federal Contract Tower,0,3,22,2,27,0,1,29,6,36,0,4,51,8,63,130,8,138,201
10/04/2020,HDC,LA,ASW,CE,Federal Contract Tower,0,2,32,3,37,0,0,43,13,56,0,2,75,16,93,190,17,207,300
10/05/2020,HDC,LA,ASW,CE,Federal Contract Tower,0,3,30,0,33,0,1,40,0,41,0,4,70,0,74,178,0,178,252
10/06/2020,HDC,LA,ASW,CE,Federal Contract Tower,0,2,36,1,39,0,0,48,4,52,0,2,84,5,91,215,5,220,311
10/07/2020,HDC,LA,ASW,CE,Federal Contract Tower,0,5,44,1,50,0,1,59,3,63,0,6,103,4,113,261,5,266,379
10/08/2020,HDC,LA,ASW,CE,Federal Contract Tower,0,3,14,2,19,0,0,19,9,28,0,3,33,11,47,85,12,97,144
10/09/2020,HDC,LA,ASW,CE,Federal Contract Tower,0,1,1,0,2,0,0,1,0,1,0,1,2,0,3,4,0,4,7
10/10/2020,HDC,LA,ASW,CE,Federal Contract Tower,0,8,4,2,14,0,1,5,8,14,0,9,9,10,28,24,11,35,63
10/11/2020,HDC,LA,ASW,CE,Federal Contract Tower,0,11,14,0,25,0,2,18,2,22,0,13,32,2,47,82,2,84,131
10/12/2020,HDC,LA,ASW,CE,Federal Contract Tower,0,0,11,1,12,0,0,15,3,18,0,0,26,4,30,66,4,70,100
10/13/2020,HDC,LA,ASW,CE,Federal Contract Tower,0,6,33,0,39,0,1,44,1,46,0,7,77,1,85,194,2,196,281
10/14/2020,HDC,LA,ASW,CE,Federal Contract Tower,0,6,32,2,40,0,1,42,9,52,0,7,74,11,92,187,12,199,291
10/15/2020,HDC,LA,ASW,CE,Federal Contract Tower,0,11,21,1,33,0,2,28,4,34,0,13,49,5,67,125,5,130,197
10/16/2020,HDC,LA,ASW,CE,Federal Contract Tower,0,3,30,0,33,0,1,41,1,43,0,4,71,1,76,180,1,181,257
10/17/2020,HDC,LA,ASW,CE,Federal Contract Tower,0,8,18,0,26,0,1,24,0,25,0,9,42,0,51,109,0,109,160
10/18/2020,HDC,LA,ASW,CE,Federal Contract Tower,0,7,20,0,27,0,1,26,0,27,0,8,46,0,54,117,0,117,171
10/19/2020,HDC,LA,ASW,CE,Federal Contract Tower,0,2,25,1,28,0,0,34,2,36,0,2,59,3,64,149,3,152,216
10/20/2020,HDC,LA,ASW,CE,Federal Contract Tower,0,2,30,1,33,0,0,40,4,44,0,2,70,5,77,175,6,181,258
10/21/2020,HDC,LA,ASW,CE,Federal Contract Tower,0,9,52,3,64,0,2,70,13,85,0,11,122,16,149,310,17,327,476
10/22/2020,HDC,LA,ASW,CE,Federal Contract Tower,0,8,22,4,34,0,2,29,14,45,0,10,51,18,79,128,19,147,226
10/23/2020,HDC,LA,ASW,CE,Federal Contract Tower,0,2,24,3,29,0,0,32,12,44,0,2,56,15,73,140,16,156,229
10/24/2020,HDC,LA,ASW,CE,Federal Contract Tower,0,3,19,0,22,0,1,26,0,27,0,4,45,0,49,114,1,115,164
10/25/2020,HDC,LA,ASW,CE,Federal Contract Tower,0,5,17,0,22,0,1,23,1,25,0,6,40,1,47,101,1,102,149
10/26/2020,HDC,LA,ASW,CE,Federal Contract Tower,0,3,23,0,26,0,0,30,1,31,0,3,53,1,57,133,2,135,192
10/27/2020,HDC,LA,ASW,CE,Federal Contract Tower,0,8,17,1,26,0,1,22,2,25,0,9,39,3,51,98,3,101,152
10/28/2020,HDC,LA,ASW,CE,Federal Contract Tower,0,0,0,0,0,0,0,1,1,2,0,0,1,1,2,3,1,4,6
10/29/2020,HDC,LA,ASW,CE,Federal Contract Tower,0,8,22,2,32,0,1,29,6,36,0,9,51,8,68,131,8,139,207
10/30/2020,HDC,LA,ASW,CE,Federal Contract Tower,0,10,23,2,35,0,2,30,6,38,0,12,53,8,73,135,8,143,216
10/31/2020,HDC,LA,ASW,CE,Federal Contract Tower,0,3,31,0,34,0,1,41,0,42,0,4,72,0,76,181,0,181,257
11/01/2020,HDC,LA,ASW,CE,Federal Contract Tower,0,7,34,1,42,0,1,45,5,51,0,8,79,6,93,200,6,206,299
11/02/2020,HDC,LA,ASW,CE,Federal Contract Tower,0,2,34,1,37,0,0,45,5,50,0,2,79,6,87,200,7,207,294
11/03/2020,HDC,LA,ASW,CE,Federal Contract Tower,0,3,22,2,27,0,1,29,6,36,0,4,51,8,63,130,8,138,201
11/04/2020,HDC,LA,ASW,CE,Federal Contract Tower,0,2,32,3,37,0,0,43,13,56,0,2,75,16,93,190,17,207,300
11/05/2020,HDC,LA,ASW,CE,Federal Contract Tower,0,3,30,0,33,0,1,40,0,41,0,4,70,0,74,178,0,178,252
11/06/2020,HDC,LA,ASW,CE,Federal Contract Tower,0,2,36,1,39,0,0,48,4,52,0,2,84,5,91,215,5,220,311
11/07/2020,HDC,LA,ASW,CE,Federal Contract Tower,0,5,44,1,50,0,1,59,3,63,0,6,103,4,113,261,5,266,379
11/08/2020,HDC,LA,ASW,CE,Federal Contract Tower,0,3,14,2,19,0,0,19,9,28,0,3,33,11,47,85,12,97,144
11/09/2020,HDC,LA,ASW,CE,Federal Contract Tower,0,1,1,0,2,0,0,1,0,1,0,1,2,0,3,4,0,4,7
11/10/2020,HDC,LA,ASW,CE,Federal Contract Tower,0,8,4,2,14,0,1,5,8,14,0,9,9,10,28,24,11,35,63
11/11/2020,HDC,LA,ASW,CE,Federal Contract Tower,0,11,14,0,25,0,2,18,2,22,0,13,32,2,47,82,2,84,131
11/12/2020,HDC,LA,ASW,CE,Federal Contract Tower,0,0,11,1,12,0,0,15,3,18,0,0,26,4,30,66,4,70,100
11/13/2020,HDC,LA,ASW,CE,Federal Contract Tower,0,6,33,0,39,0,1,44,1,46,0,7,77,1,85,194,2,196,281
11/14/2020,HDC,LA,ASW,CE,Federal Contract Tower,0,6,32,2,40,0,1,42,9,52,0,7,74,11,92,187,12,199,291
11/15/2020,HDC,LA,ASW,CE,Federal Contract Tower,0,11,21,1,33,0,2,28,4,34,0,13,49,5,67,125,5,130,197
11/16/2020,HDC,LA,ASW,CE,Federal Contract Tower,0,3,30,0,33,0,1,41,1,43,0,4,71,1,76,180,1,181,257
11/17/2020,HDC,LA,ASW,CE,Federal Contract Tower,0,8,18,0,26,0,1,24,0,25,0,9,42,0,51,109,0,109,160
11/18/2020,HDC,LA,ASW,CE,Federal Contract Tower,0,7,20,0,27,0,1,26,0,27,0,8,46,0,54,117,0,117,171
11/19/2020,HDC,LA,ASW,CE,Federal Contract Tower,0,2,25,1,28,0,0,34,2,36,0,2,59,3,64,149,3,152,216
11/20/2020,HDC,LA,ASW,CE,Federal Contract Tower,0,2,30,1,33,0,0,40,4,44,0,2,70,5,77,175,6,181,258
11/21/2020,HDC,LA,ASW,CE,Federal Contract Tower,0,9,52,3,64,0,2,70,13,85,0,11,122,16,149,310,17,327,476
11/22/2020,HDC,LA,ASW,CE,Federal Contract Tower,0,8,22,4,34,0,2,29,14,45,0,10,51,18,79,128,19,147,226
11/23/2020,HDC,LA,ASW,CE,Federal Contract Tower,0,2,24,3,29,0,0,32,12,44,0,2,56,15,73,140,16,156,229
11/24/2020,HDC,LA,ASW,CE,Federal Contract Tower,0,3,19,0,22,0,1,26,0,27,0,4,45,0,49,114,1,115,164
11/25/2020,HDC,LA,ASW,CE,Federal Contract Tower,0,5,17,0,22,0,1,23,1,25,0,6,40,1,47,101,1,102,149
11/26/2020,HDC,LA,ASW,CE,Federal Contract Tower,0,3,23,0,26,0,0,30,1,31,0,3,53,1,57,133,2,135,192
11/27/2020,HDC,LA,ASW,CE,Federal Contract Tower,0,8,17,1,26,0,1,22,2,25,0,9,39,3,51,98,3,101,152
11/28/2020,HDC,LA,ASW,CE,Federal Contract Tower,0,0,0,0,0,0,0,1,1,2,0,0,1,1,2,3,1,4,6
11/29/2020,HDC,LA,ASW,CE,Federal Contract Tower,0,8,22,2,32,0,1,29,6,36,0,9,51,8,68,131,8,139,207
11/30/2020,HDC,LA,ASW,CE,Federal Contract Tower,0,10,23,2,35,0,2,30,6,38,0,12,53,8,73,135,8,143,216
12/01/2020,HDC,LA,ASW,CE,Federal Contract Tower,0,5,29,2,36,0,1,38,6,45,0,6,67,8,81,170,8,178,259
12/02/2020,HDC,LA,ASW,CE,Federal Contract Tower,0,8,29,2,39,0,1,38,6,45,0,9,67,8,84,170,9,179,263
12/03/2020,HDC,LA,ASW,CE,Federal Contract Tower,0,3,21,0,24,0,0,29,2,31,0,3,50,2,55,127,2,129,184
12/04/2020,HDC,LA,ASW,CE,Federal Contract Tower,0,0,30,1,31,0,0,40,2,42,0,0,70,3,73,178,3,181,254
12/05/2020,HDC,LA,ASW,CE,Federal Contract Tower,0,0,0,0,0,0,0,0,0,0,0,0,0,0,0,0,0,0,0
12/06/2020,HDC,LA,ASW,CE,Federal Contract Tower,0,0,0,0,0,0,0,0,0,0,0,0,0,0,0,0,0,0,0
12/07/2020,HDC,LA,ASW,CE,Federal Contract Tower,0,0,0,0,0,0,0,0,0,0,0,0,0,0,0,0,0,0,0
12/08/2020,HDC,LA,ASW,CE,Federal Contract Tower,0,0,0,0,0,0,0,0,0,0,0,0,0,0,0,0,0,0,0
12/09/2020,HDC,LA,ASW,CE,Federal Contract Tower,0,0,0,0,0,0,0,0,0,0,0,0,0,0,0,0,0,0,0
12/10/2020,HDC,LA,ASW,CE,Federal Contract Tower,0,0,0,0,0,0,0,0,0,0,0,0,0,0,0,0,0,0,0
12/11/2020,HDC,LA,ASW,CE,Federal Contract Tower,0,0,0,0,0,0,0,0,0,0,0,0,0,0,0,0,0,0,0
12/12/2020,HDC,LA,ASW,CE,Federal Contract Tower,0,0,0,0,0,0,0,0,0,0,0,0,0,0,0,0,0,0,0
12/13/2020,HDC,LA,ASW,CE,Federal Contract Tower,0,0,0,0,0,0,0,0,0,0,0,0,0,0,0,0,0,0,0
12/14/2020,HDC,LA,ASW,CE,Federal Contract Tower,0,7,14,3,24,0,1,18,10,29,0,8,32,13,53,82,13,95,148
12/15/2020,HDC,LA,ASW,CE,Federal Contract Tower,0,5,28,1,34,0,1,37,5,43,0,6,65,6,77,163,6,169,246
12/16/2020,HDC,LA,ASW,CE,Federal Contract Tower,0,0,11,5,16,0,0,15,18,33,0,0,26,23,49,65,24,89,138
12/17/2020,HDC,LA,ASW,CE,Federal Contract Tower,0,4,37,1,42,0,1,49,5,55,0,5,86,6,97,219,7,226,323
12/18/2020,HDC,LA,ASW,CE,Federal Contract Tower,0,8,33,3,44,0,1,45,10,56,0,9,78,13,100,198,14,212,312
12/19/2020,HDC,LA,ASW,CE,Federal Contract Tower,0,3,16,0,19,0,1,22,0,23,0,4,38,0,42,96,1,97,139
12/20/2020,HDC,LA,ASW,CE,Federal Contract Tower,0,4,3,0,7,0,1,4,0,5,0,5,7,0,12,18,0,18,30
12/21/2020,HDC,LA,ASW,CE,Federal Contract Tower,0,3,30,0,33,0,1,40,2,43,0,4,70,2,76,177,2,179,255
12/22/2020,HDC,LA,ASW,CE,Federal Contract Tower,0,12,33,2,47,0,2,44,6,52,0,14,77,8,99,195,8,203,302
12/23/2020,HDC,LA,ASW,CE,Federal Contract Tower,0,3,14,1,18,0,0,18,3,21,0,3,32,4,39,80,4,84,123
12/24/2020,HDC,LA,ASW,CE,Federal Contract Tower,0,10,2,0,12,0,2,3,0,5,0,12,5,0,17,13,0,13,30
12/25/2020,HDC,LA,ASW,CE,Federal Contract Tower,0,3,0,0,3,0,0,0,0,0,0,3,0,0,3,2,0,2,5
12/26/2020,HDC,LA,ASW,CE,Federal Contract Tower,0,0,17,0,17,0,0,23,0,23,0,0,40,0,40,102,0,102,142
12/27/2020,HDC,LA,ASW,CE,Federal Contract Tower,0,10,15,0,25,0,2,20,0,22,0,12,35,0,47,90,0,90,137
12/28/2020,HDC,LA,ASW,CE,Federal Contract Tower,0,3,25,1,29,0,0,33,2,35,0,3,58,3,64,147,3,150,214
12/29/2020,HDC,LA,ASW,CE,Federal Contract Tower,0,6,45,2,53,0,1,60,7,68,0,7,105,9,121,268,9,277,398
12/30/2020,HDC,LA,ASW,CE,Federal Contract Tower,0,3,11,1,15,0,1,14,3,18,0,4,25,4,33,62,5,67,100
12/31/2020,HDC,LA,ASW,CE,Federal Contract Tower,0,3,5,0,8,0,1,6,1,8,0,4,11,1,16,28,2,30,46
01/01/2021,HDC,LA,ASW,CE,Federal Contract Tower,0,3,7,0,10,0,1,9,0,10,0,4,16,0,20,42,0,42,62
01/02/2021,HDC,LA,ASW,CE,Federal Contract Tower,0,1,9,0,10,0,1,11,0,12,0,2,20,0,22,50,0,50,72
01/03/2021,HDC,LA,ASW,CE,Federal Contract Tower,0,9,16,0,25,0,1,22,0,23,0,10,38,0,48,96,0,96,144
01/04/2021,HDC,LA,ASW,CE,Federal Contract Tower,0,3,18,2,23,0,1,24,8,33,0,4,42,10,56,108,10,118,174
01/05/2021,HDC,LA,ASW,CE,Federal Contract Tower,0,2,24,1,27,0,0,32,3,35,0,2,56,4,62,141,5,146,208
01/06/2021,HDC,LA,ASW,CE,Federal Contract Tower,0,6,27,2,35,0,0,36,7,43,0,6,63,9,78,160,9,169,247
01/07/2021,HDC,LA,ASW,CE,Federal Contract Tower,0,8,19,4,31,0,1,26,14,41,0,9,45,18,72,114,18,132,204
01/08/2021,HDC,LA,ASW,CE,Federal Contract Tower,0,6,16,2,24,0,2,21,8,31,0,8,37,10,55,94,11,105,160
01/09/2021,HDC,LA,ASW,CE,Federal Contract Tower,0,3,13,1,17,0,2,18,3,23,0,5,31,4,40,78,4,82,122
01/10/2021,HDC,LA,ASW,CE,Federal Contract Tower,0,3,7,0,10,0,0,9,0,9,0,3,16,0,19,40,0,40,59
01/11/2021,HDC,LA,ASW,CE,Federal Contract Tower,0,0,1,0,1,0,0,1,1,2,0,0,2,1,3,5,1,6,9
01/12/2021,HDC,LA,ASW,CE,Federal Contract Tower,0,3,20,2,25,0,0,26,7,33,0,3,46,9,58,116,10,126,184
01/13/2021,HDC,LA,ASW,CE,Federal Contract Tower,0,12,40,3,55,0,0,54,12,66,0,12,94,15,121,239,16,255,376
01/14/2021,HDC,LA,ASW,CE,Federal Contract Tower,0,13,23,3,39,0,0,30,10,40,0,13,53,13,79,133,14,147,226
01/15/2021,HDC,LA,ASW,CE,Federal Contract Tower,0,10,18,2,30,0,0,25,6,31,0,10,43,8,61,109,8,117,178
01/16/2021,HDC,LA,ASW,CE,Federal Contract Tower,0,4,28,0,32,0,1,38,0,39,0,5,66,0,71,168,0,168,239
01/17/2021,HDC,LA,ASW,CE,Federal Contract Tower,0,2,20,0,22,0,0,27,0,27,0,2,47,0,49,119,0,119,168
01/18/2021,HDC,LA,ASW,CE,Federal Contract Tower,0,9,26,0,35,0,0,34,2,36,0,9,60,2,71,152,2,154,225
01/19/2021,HDC,LA,ASW,CE,Federal Contract Tower,0,8,17,3,28,0,3,22,13,38,0,11,39,16,66,98,17,115,181
01/20/2021,HDC,LA,ASW,CE,Federal Contract Tower,0,6,26,5,37,0,0,35,17,52,0,6,61,22,89,155,23,178,267
01/21/2021,HDC,LA,ASW,CE,Federal Contract Tower,0,3,13,3,19,0,1,18,13,32,0,4,31,16,51,78,17,95,146
01/22/2021,HDC,LA,ASW,CE,Federal Contract Tower,0,2,6,0,8,0,0,7,0,7,0,2,13,0,15,33,0,33,48
01/23/2021,HDC,LA,ASW,CE,Federal Contract Tower,0,1,2,0,3,0,2,3,0,5,0,3,5,0,8,11,0,11,19
01/24/2021,HDC,LA,ASW,CE,Federal Contract Tower,0,2,7,0,9,0,3,9,0,12,0,5,16,0,21,42,0,42,63
01/25/2021,HDC,LA,ASW,CE,Federal Contract Tower,0,4,3,0,7,0,1,4,0,5,0,5,7,0,12,20,1,21,33
01/26/2021,HDC,LA,ASW,CE,Federal Contract Tower,0,5,14,0,19,0,2,19,1,22,0,7,33,1,41,84,1,85,126
01/27/2021,HDC,LA,ASW,CE,Federal Contract Tower,0,5,17,3,25,0,2,23,12,37,0,7,40,15,62,100,16,116,178
01/28/2021,HDC,LA,ASW,CE,Federal Contract Tower,0,3,26,5,34,0,1,35,18,54,0,4,61,23,88,153,24,177,265
01/29/2021,HDC,LA,ASW,CE,Federal Contract Tower,0,3,36,2,41,0,0,49,9,58,0,3,85,11,99,216,12,228,327
01/30/2021,HDC,LA,ASW,CE,Federal Contract Tower,0,3,21,0,24,0,0,28,0,28,0,3,49,0,52,126,0,126,178
01/31/2021,HDC,LA,ASW,CE,Federal Contract Tower,0,4,12,1,17,0,0,15,3,18,0,4,27,4,35,68,5,73,108
02/01/2021,HDC,LA,ASW,CE,Federal Contract Tower,0,3,7,0,10,0,1,9,0,10,0,4,16,0,20,42,0,42,62
02/02/2021,HDC,LA,ASW,CE,Federal Contract Tower,0,1,9,0,10,0,1,11,0,12,0,2,20,0,22,50,0,50,72
02/03/2021,HDC,LA,ASW,CE,Federal Contract Tower,0,9,16,0,25,0,1,22,0,23,0,10,38,0,48,96,0,96,144
02/04/2021,HDC,LA,ASW,CE,Federal Contract Tower,0,3,18,2,23,0,1,24,8,33,0,4,42,10,56,108,10,118,174
02/05/2021,HDC,LA,ASW,CE,Federal Contract Tower,0,2,24,1,27,0,0,32,3,35,0,2,56,4,62,141,5,146,208
02/06/2021,HDC,LA,ASW,CE,Federal Contract Tower,0,6,27,2,35,0,0,36,7,43,0,6,63,9,78,160,9,169,247
02/07/2021,HDC,LA,ASW,CE,Federal Contract Tower,0,8,19,4,31,0,1,26,14,41,0,9,45,18,72,114,18,132,204
02/08/2021,HDC,LA,ASW,CE,Federal Contract Tower,0,6,16,2,24,0,2,21,8,31,0,8,37,10,55,94,11,105,160
02/09/2021,HDC,LA,ASW,CE,Federal Contract Tower,0,3,13,1,17,0,2,18,3,23,0,5,31,4,40,78,4,82,122
02/10/2021,HDC,LA,ASW,CE,Federal Contract Tower,0,3,7,0,10,0,0,9,0,9,0,3,16,0,19,40,0,40,59
02/11/2021,HDC,LA,ASW,CE,Federal Contract Tower,0,0,1,0,1,0,0,1,1,2,0,0,2,1,3,5,1,6,9
02/12/2021,HDC,LA,ASW,CE,Federal Contract Tower,0,3,20,2,25,0,0,26,7,33,0,3,46,9,58,116,10,126,184
02/13/2021,HDC,LA,ASW,CE,Federal Contract Tower,0,12,40,3,55,0,0,54,12,66,0,12,94,15,121,239,16,255,376
02/14/2021,HDC,LA,ASW,CE,Federal Contract Tower,0,13,23,3,39,0,0,30,10,40,0,13,53,13,79,133,14,147,226
02/15/2021,HDC,LA,ASW,CE,Federal Contract Tower,0,10,18,2,30,0,0,25,6,31,0,10,43,8,61,109,8,117,178
02/16/2021,HDC,LA,ASW,CE,Federal Contract Tower,0,4,28,0,32,0,1,38,0,39,0,5,66,0,71,168,0,168,239
02/17/2021,HDC,LA,ASW,CE,Federal Contract Tower,0,2,20,0,22,0,0,27,0,27,0,2,47,0,49,119,0,119,168
02/18/2021,HDC,LA,ASW,CE,Federal Contract Tower,0,9,26,0,35,0,0,34,2,36,0,9,60,2,71,152,2,154,225
02/19/2021,HDC,LA,ASW,CE,Federal Contract Tower,0,8,17,3,28,0,3,22,13,38,0,11,39,16,66,98,17,115,181
02/20/2021,HDC,LA,ASW,CE,Federal Contract Tower,0,6,26,5,37,0,0,35,17,52,0,6,61,22,89,155,23,178,267
02/21/2021,HDC,LA,ASW,CE,Federal Contract Tower,0,3,13,3,19,0,1,18,13,32,0,4,31,16,51,78,17,95,146
02/22/2021,HDC,LA,ASW,CE,Federal Contract Tower,0,2,6,0,8,0,0,7,0,7,0,2,13,0,15,33,0,33,48
02/23/2021,HDC,LA,ASW,CE,Federal Contract Tower,0,1,2,0,3,0,2,3,0,5,0,3,5,0,8,11,0,11,19
02/24/2021,HDC,LA,ASW,CE,Federal Contract Tower,0,2,7,0,9,0,3,9,0,12,0,5,16,0,21,42,0,42,63
02/25/2021,HDC,LA,ASW,CE,Federal Contract Tower,0,4,3,0,7,0,1,4,0,5,0,5,7,0,12,20,1,21,33
02/26/2021,HDC,LA,ASW,CE,Federal Contract Tower,0,5,14,0,19,0,2,19,1,22,0,7,33,1,41,84,1,85,126
02/27/2021,HDC,LA,ASW,CE,Federal Contract Tower,0,5,17,3,25,0,2,23,12,37,0,7,40,15,62,100,16,116,178
02/28/2021,HDC,LA,ASW,CE,Federal Contract Tower,0,3,26,5,34,0,1,35,18,54,0,4,61,23,88,153,24,177,265
03/01/2021,HDC,LA,ASW,CE,Federal Contract Tower,0,3,9,0,12,0,1,12,0,13,0,4,21,0,25,52,0,52,77
03/02/2021,HDC,LA,ASW,CE,Federal Contract Tower,0,2,1,0,3,0,0,1,0,1,0,2,2,0,4,6,0,6,10
03/03/2021,HDC,LA,ASW,CE,Federal Contract Tower,0,7,17,3,27,0,1,23,10,34,0,8,40,13,61,102,14,116,177
03/04/2021,HDC,LA,ASW,CE,Federal Contract Tower,0,8,23,3,34,0,1,31,13,45,0,9,54,16,79,136,17,153,232
03/05/2021,HDC,LA,ASW,CE,Federal Contract Tower,0,6,19,1,26,0,1,26,5,32,0,7,45,6,58,115,7,122,180
03/06/2021,HDC,LA,ASW,CE,Federal Contract Tower,0,8,28,1,37,0,2,37,4,43,0,10,65,5,80,165,6,171,251
03/07/2021,HDC,LA,ASW,CE,Federal Contract Tower,0,0,27,0,27,0,0,36,0,36,0,0,63,0,63,160,1,161,224
03/08/2021,HDC,LA,ASW,CE,Federal Contract Tower,0,7,14,0,21,0,1,19,0,20,0,8,33,0,41,83,0,83,124
03/09/2021,HDC,LA,ASW,CE,Federal Contract Tower,0,5,21,2,28,0,1,28,6,35,0,6,49,8,63,122,9,131,194
03/10/2021,HDC,LA,ASW,CE,Federal Contract Tower,0,2,11,3,16,0,0,15,10,25,0,2,26,13,41,66,13,79,120
03/11/2021,HDC,LA,ASW,CE,Federal Contract Tower,0,8,23,3,34,0,2,31,12,45,0,10,54,15,79,136,16,152,231
03/12/2021,HDC,LA,ASW,CE,Federal Contract Tower,0,10,21,2,33,0,2,28,8,38,0,12,49,10,71,122,11,133,204
03/13/2021,HDC,LA,ASW,CE,Federal Contract Tower,0,0,9,0,9,0,0,12,0,12,0,0,21,0,21,55,0,55,76
03/14/2021,HDC,LA,ASW,CE,Federal Contract Tower,0,1,6,0,7,0,0,8,0,8,0,1,14,0,15,38,0,38,53
03/15/2021,HDC,LA,ASW,CE,Federal Contract Tower,0,1,9,0,10,0,0,12,0,12,0,1,21,0,22,51,0,51,73
03/16/2021,HDC,LA,ASW,CE,Federal Contract Tower,0,5,15,4,24,0,1,20,13,34,0,6,35,17,58,91,18,109,167
03/17/2021,HDC,LA,ASW,CE,Federal Contract Tower,0,1,1,0,2,0,0,1,1,2,0,1,2,1,4,4,1,5,9
03/18/2021,HDC,LA,ASW,CE,Federal Contract Tower,0,8,19,2,29,0,2,25,8,35,0,10,44,10,64,112,11,123,187
03/19/2021,HDC,LA,ASW,CE,Federal Contract Tower,0,8,16,1,25,0,1,22,5,28,0,9,38,6,53,96,7,103,156
03/20/2021,HDC,LA,ASW,CE,Federal Contract Tower,0,2,12,0,14,0,0,17,2,19,0,2,29,2,33,74,2,76,109
03/21/2021,HDC,LA,ASW,CE,Federal Contract Tower,0,5,37,0,42,0,1,50,1,52,0,6,87,1,94,220,1,221,315
03/22/2021,HDC,LA,ASW,CE,Federal Contract Tower,0,0,8,0,8,0,0,11,0,11,0,0,19,0,19,47,0,47,66
03/23/2021,HDC,LA,ASW,CE,Federal Contract Tower,0,2,0,0,2,0,0,1,0,1,0,2,1,0,3,3,0,3,6
03/24/2021,HDC,LA,ASW,CE,Federal Contract Tower,0,3,11,2,16,0,1,15,9,25,0,4,26,11,41,65,12,77,118
03/25/2021,HDC,LA,ASW,CE,Federal Contract Tower,0,3,2,2,7,0,0,2,6,8,0,3,4,8,15,9,9,18,33
03/26/2021,HDC,LA,ASW,CE,Federal Contract Tower,0,5,38,1,44,0,1,51,3,55,0,6,89,4,99,224,4,228,327
03/27/2021,HDC,LA,ASW,CE,Federal Contract Tower,0,4,12,1,17,0,1,17,3,21,0,5,29,4,38,74,4,78,116
03/28/2021,HDC,LA,ASW,CE,Federal Contract Tower,0,5,8,0,13,0,1,10,0,11,0,6,18,0,24,45,0,45,69
03/29/2021,HDC,LA,ASW,CE,Federal Contract Tower,0,3,21,1,25,0,1,28,4,33,0,4,49,5,58,124,6,130,188
03/30/2021,HDC,LA,ASW,CE,Federal Contract Tower,0,8,9,1,18,0,1,12,5,18,0,9,21,6,36,53,6,59,95
03/31/2021,HDC,LA,ASW,CE,Federal Contract Tower,0,3,3,1,7,0,0,4,3,7,0,3,7,4,14,19,4,23,37
04/01/2021,HDC,LA,ASW,CE,Federal Contract Tower,0,2,9,2,13,0,0,13,6,19,0,2,22,8,32,56,8,64,96
04/02/2021,HDC,LA,ASW,CE,Federal Contract Tower,0,10,40,1,51,0,2,53,5,60,0,12,93,6,111,236,6,242,353
04/03/2021,HDC,LA,ASW,CE,Federal Contract Tower,0,5,23,0,28,0,1,31,0,32,0,6,54,0,60,138,0,138,198
04/04/2021,HDC,LA,ASW,CE,Federal Contract Tower,0,3,15,0,18,0,1,19,0,20,0,4,34,0,38,86,1,87,125
04/05/2021,HDC,LA,ASW,CE,Federal Contract Tower,0,14,20,1,35,0,3,26,4,33,0,17,46,5,68,116,5,121,189
04/06/2021,HDC,LA,ASW,CE,Federal Contract Tower,0,2,22,2,26,0,0,30,7,37,0,2,52,9,63,133,9,142,205
04/07/2021,HDC,LA,ASW,CE,Federal Contract Tower,0,5,22,1,28,0,1,30,3,34,0,6,52,4,62,133,4,137,199
04/08/2021,HDC,LA,ASW,CE,Federal Contract Tower,0,7,22,3,32,0,1,29,11,41,0,8,51,14,73,130,15,145,218
04/09/2021,HDC,LA,ASW,CE,Federal Contract Tower,0,0,15,1,16,0,0,21,5,26,0,0,36,6,42,92,7,99,141
04/10/2021,HDC,LA,ASW,CE,Federal Contract Tower,0,8,18,1,27,0,1,24,3,28,0,9,42,4,55,108,4,112,167
04/11/2021,HDC,LA,ASW,CE,Federal Contract Tower,0,6,28,1,35,0,1,37,5,43,0,7,65,6,78,164,7,171,249
04/12/2021,HDC,LA,ASW,CE,Federal Contract Tower,0,4,15,1,20,0,1,20,4,25,0,5,35,5,45,87,5,92,137
04/13/2021,HDC,LA,ASW,CE,Federal Contract Tower,0,0,4,0,4,0,0,6,0,6,0,0,10,0,10,25,1,26,36
04/14/2021,HDC,LA,ASW,CE,Federal Contract Tower,0,0,1,0,1,0,0,1,0,1,0,0,2,0,2,5,0,5,7
04/15/2021,HDC,LA,ASW,CE,Federal Contract Tower,0,2,4,2,8,0,0,5,7,12,0,2,9,9,20,22,9,31,51
04/16/2021,HDC,LA,ASW,CE,Federal Contract Tower,0,3,6,1,10,0,0,9,2,11,0,3,15,3,21,38,3,41,62
04/17/2021,HDC,LA,ASW,CE,Federal Contract Tower,0,2,3,0,5,0,0,4,0,4,0,2,7,0,9,18,0,18,27
04/18/2021,HDC,LA,ASW,CE,Federal Contract Tower,0,12,21,0,33,0,2,28,0,30,0,14,49,0,63,126,0,126,189
04/19/2021,HDC,LA,ASW,CE,Federal Contract Tower,0,22,16,1,39,0,4,21,2,27,0,26,37,3,66,94,3,97,163
04/20/2021,HDC,LA,ASW,CE,Federal Contract Tower,0,3,32,1,36,0,1,42,5,48,0,4,74,6,84,187,7,194,278
04/21/2021,HDC,LA,ASW,CE,Federal Contract Tower,0,2,16,1,19,0,0,21,4,25,0,2,37,5,44,94,5,99,143
04/22/2021,HDC,LA,ASW,CE,Federal Contract Tower,0,4,27,3,34,0,1,37,13,51,0,5,64,16,85,163,17,180,265
04/23/2021,HDC,LA,ASW,CE,Federal Contract Tower,0,2,17,1,20,0,0,23,3,26,0,2,40,4,46,102,4,106,152
04/24/2021,HDC,LA,ASW,CE,Federal Contract Tower,0,6,6,0,12,0,1,9,0,10,0,7,15,0,22,38,1,39,61
04/25/2021,HDC,LA,ASW,CE,Federal Contract Tower,0,5,32,0,37,0,1,42,0,43,0,6,74,0,80,188,0,188,268
04/26/2021,HDC,LA,ASW,CE,Federal Contract Tower,0,10,24,1,35,0,2,32,2,36,0,12,56,3,71,140,3,143,214
04/27/2021,HDC,LA,ASW,CE,Federal Contract Tower,0,2,20,1,23,0,0,27,3,30,0,2,47,4,53,119,4,123,176
04/28/2021,HDC,LA,ASW,CE,Federal Contract Tower,0,7,20,1,28,0,1,26,4,31,0,8,46,5,59,117,5,122,181
04/29/2021,HDC,LA,ASW,CE,Federal Contract Tower,0,4,17,2,23,0,1,23,9,33,0,5,40,11,56,103,12,115,171
04/30/2021,HDC,LA,ASW,CE,Federal Contract Tower,0,3,13,0,16,0,1,18,1,20,0,4,31,1,36,80,1,81,117
05/01/2021,HDC,LA,ASW,CE,Federal Contract Tower,0,2,17,0,19,0,0,23,0,23,0,2,40,0,42,102,0,102,144
05/02/2021,HDC,LA,ASW,CE,Federal Contract Tower,0,0,2,0,2,0,0,3,0,3,0,0,5,0,5,14,0,14,19
05/03/2021,HDC,LA,ASW,CE,Federal Contract Tower,0,1,6,0,7,0,0,8,1,9,0,1,14,1,16,36,1,37,53
05/04/2021,HDC,LA,ASW,CE,Federal Contract Tower,0,2,6,0,8,0,0,8,1,9,0,2,14,1,17,36,1,37,54
05/05/2021,HDC,LA,ASW,CE,Federal Contract Tower,0,3,6,3,12,0,1,8,10,19,0,4,14,13,31,38,13,51,82
05/06/2021,HDC,LA,ASW,CE,Federal Contract Tower,0,8,17,2,27,0,2,22,6,30,0,10,39,8,57,99,8,107,164
05/07/2021,HDC,LA,ASW,CE,Federal Contract Tower,0,3,28,2,33,0,1,37,6,44,0,4,65,8,77,165,8,173,250
05/08/2021,HDC,LA,ASW,CE,Federal Contract Tower,0,22,31,0,53,0,4,42,0,46,0,26,73,0,99,185,0,185,284
05/09/2021,HDC,LA,ASW,CE,Federal Contract Tower,0,3,6,0,9,0,0,8,0,8,0,3,14,0,17,36,0,36,53
05/10/2021,HDC,LA,ASW,CE,Federal Contract Tower,0,0,4,0,4,0,0,6,0,6,0,0,10,0,10,25,0,25,35
05/11/2021,HDC,LA,ASW,CE,Federal Contract Tower,0,0,6,0,6,0,0,8,0,8,0,0,14,0,14,34,0,34,48
05/12/2021,HDC,LA,ASW,CE,Federal Contract Tower,0,3,17,0,20,0,1,23,1,25,0,4,40,1,45,101,2,103,148
05/13/2021,HDC,LA,ASW,CE,Federal Contract Tower,0,4,24,3,31,0,1,32,10,43,0,5,56,13,74,141,13,154,228
05/14/2021,HDC,LA,ASW,CE,Federal Contract Tower,0,5,27,1,33,0,1,36,2,39,0,6,63,3,72,160,3,163,235
05/15/2021,HDC,LA,ASW,CE,Federal Contract Tower,0,8,33,2,43,0,1,44,6,51,0,9,77,8,94,194,8,202,296
05/16/2021,HDC,LA,ASW,CE,Federal Contract Tower,0,0,20,1,21,0,0,26,4,30,0,0,46,5,51,117,5,122,173
05/17/2021,HDC,LA,ASW,CE,Federal Contract Tower,0,1,2,0,3,0,0,3,0,3,0,1,5,0,6,13,1,14,20
05/18/2021,HDC,LA,ASW,CE,Federal Contract Tower,0,0,5,1,6,0,0,6,2,8,0,0,11,3,14,28,3,31,45
05/19/2021,HDC,LA,ASW,CE,Federal Contract Tower,0,0,6,0,6,0,0,8,1,9,0,0,14,1,15,36,2,38,53
05/20/2021,HDC,LA,ASW,CE,Federal Contract Tower,0,1,2,1,4,0,0,2,2,4,0,1,4,3,8,9,3,12,20
05/21/2021,HDC,LA,ASW,CE,Federal Contract Tower,0,3,20,3,26,0,0,26,11,37,0,3,46,14,63,117,15,132,195
05/22/2021,HDC,LA,ASW,CE,Federal Contract Tower,0,0,8,0,8,0,0,10,0,10,0,0,18,0,18,46,0,46,64
05/23/2021,HDC,LA,ASW,CE,Federal Contract Tower,0,5,26,0,31,0,1,35,0,36,0,6,61,0,67,155,0,155,222
05/24/2021,HDC,LA,ASW,CE,Federal Contract Tower,0,2,18,0,20,0,0,24,1,25,0,2,42,1,45,109,1,110,155
05/25/2021,HDC,LA,ASW,CE,Federal Contract Tower,0,7,27,2,36,0,1,37,8,46,0,8,64,10,82,163,11,174,256
05/26/2021,HDC,LA,ASW,CE,Federal Contract Tower,0,4,24,2,30,0,1,32,7,40,0,5,56,9,70,141,10,151,221
05/27/2021,HDC,LA,ASW,CE,Federal Contract Tower,0,5,23,1,29,0,1,31,5,37,0,6,54,6,66,137,6,143,209
05/28/2021,HDC,LA,ASW,CE,Federal Contract Tower,0,3,28,1,32,0,0,37,3,40,0,3,65,4,72,164,4,168,240
05/29/2021,HDC,LA,ASW,CE,Federal Contract Tower,0,3,14,0,17,0,1,19,0,20,0,4,33,0,37,83,0,83,120
05/30/2021,HDC,LA,ASW,CE,Federal Contract Tower,0,3,19,0,22,0,1,25,0,26,0,4,44,0,48,112,0,112,160
05/31/2021,HDC,LA,ASW,CE,Federal Contract Tower,0,0,8,0,8,0,0,11,0,11,0,0,19,0,19,48,0,48,67
06/01/2021,HDC,LA,ASW,CE,Federal Contract Tower,0,1,15,4,20,0,0,21,14,35,0,1,36,18,55,92,19,111,166
06/02/2021,HDC,LA,ASW,CE,Federal Contract Tower,0,4,23,2,29,0,1,30,7,38,0,5,53,9,67,134,9,143,210
06/03/2021,HDC,LA,ASW,CE,Federal Contract Tower,0,2,16,0,18,0,0,21,1,22,0,2,37,1,40,92,2,94,134
06/04/2021,HDC,LA,ASW,CE,Federal Contract Tower,0,1,6,0,7,0,0,8,0,8,0,1,14,0,15,36,0,36,51
06/05/2021,HDC,LA,ASW,CE,Federal Contract Tower,0,0,4,0,4,0,0,5,0,5,0,0,9,0,9,23,0,23,32
06/06/2021,HDC,LA,ASW,CE,Federal Contract Tower,0,0,2,0,2,0,0,2,0,2,0,0,4,0,4,10,0,10,14
06/07/2021,HDC,LA,ASW,CE,Federal Contract Tower,0,3,13,2,18,0,1,18,9,28,0,4,31,11,46,80,12,92,138
06/08/2021,HDC,LA,ASW,CE,Federal Contract Tower,0,0,15,3,18,0,0,20,12,32,0,0,35,15,50,89,16,105,155
06/09/2021,HDC,LA,ASW,CE,Federal Contract Tower,0,8,21,5,34,0,2,28,19,49,0,10,49,24,83,125,25,150,233
06/10/2021,HDC,LA,ASW,CE,Federal Contract Tower,0,3,27,2,32,0,0,36,8,44,0,3,63,10,76,158,11,169,245
06/11/2021,HDC,LA,ASW,CE,Federal Contract Tower,0,6,19,2,27,0,1,25,6,32,0,7,44,8,59,111,8,119,178
06/12/2021,HDC,LA,ASW,CE,Federal Contract Tower,0,7,20,0,27,0,1,27,1,29,0,8,47,1,56,118,1,119,175
06/13/2021,HDC,LA,ASW,CE,Federal Contract Tower,0,4,14,1,19,0,1,18,3,22,0,5,32,4,41,82,4,86,127
06/14/2021,HDC,LA,ASW,CE,Federal Contract Tower,0,8,23,3,34,0,2,31,11,44,0,10,54,14,78,136,15,151,229
06/15/2021,HDC,LA,ASW,CE,Federal Contract Tower,0,3,23,1,27,0,1,30,4,35,0,4,53,5,62,135,6,141,203
06/16/2021,HDC,LA,ASW,CE,Federal Contract Tower,0,5,19,3,27,0,1,25,10,36,0,6,44,13,63,111,13,124,187
06/17/2021,HDC,LA,ASW,CE,Federal Contract Tower,0,2,22,2,26,0,0,30,8,38,0,2,52,10,64,131,11,142,206
06/18/2021,HDC,LA,ASW,CE,Federal Contract Tower,0,1,5,0,6,0,0,6,1,7,0,1,11,1,13,28,1,29,42
06/19/2021,HDC,LA,ASW,CE,Federal Contract Tower,0,2,5,0,7,0,0,7,0,7,0,2,12,0,14,31,0,31,45
06/20/2021,HDC,LA,ASW,CE,Federal Contract Tower,0,0,4,0,4,0,0,5,0,5,0,0,9,0,9,21,0,21,30
06/21/2021,HDC,LA,ASW,CE,Federal Contract Tower,0,0,5,4,9,0,0,6,14,20,0,0,11,18,29,27,19,46,75
06/22/2021,HDC,LA,ASW,CE,Federal Contract Tower,0,2,9,2,13,0,0,12,9,21,0,2,21,11,34,55,12,67,101
06/23/2021,HDC,LA,ASW,CE,Federal Contract Tower,0,7,16,3,26,0,1,22,12,35,0,8,38,15,61,96,16,112,173
06/24/2021,HDC,LA,ASW,CE,Federal Contract Tower,0,1,18,1,20,0,0,25,2,27,0,1,43,3,47,109,3,112,159
06/25/2021,HDC,LA,ASW,CE,Federal Contract Tower,0,0,8,0,8,0,0,11,0,11,0,0,19,0,19,50,1,51,70
06/26/2021,HDC,LA,ASW,CE,Federal Contract Tower,0,8,18,0,26,0,2,24,1,27,0,10,42,1,53,104,1,105,158
06/27/2021,HDC,LA,ASW,CE,Federal Contract Tower,0,3,8,0,11,0,0,11,0,11,0,3,19,0,22,48,0,48,70
06/28/2021,HDC,LA,ASW,CE,Federal Contract Tower,0,0,5,0,5,0,0,7,1,8,0,0,12,1,13,29,1,30,43
06/29/2021,HDC,LA,ASW,CE,Federal Contract Tower,0,3,16,1,20,0,0,21,2,23,0,3,37,3,43,94,3,97,140
06/30/2021,HDC,LA,ASW,CE,Federal Contract Tower,0,1,10,1,12,0,0,14,4,18,0,1,24,5,30,60,5,65,95
07/01/2021,HDC,LA,ASW,CE,Federal Contract Tower,0,5,25,2,32,0,1,33,8,42,0,6,58,10,74,148,11,159,233
07/02/2021,HDC,LA,ASW,CE,Federal Contract Tower,0,1,22,0,23,0,0,29,2,31,0,1,51,2,54,130,2,132,186
07/03/2021,HDC,LA,ASW,CE,Federal Contract Tower,0,2,4,0,6,0,0,6,0,6,0,2,10,0,12,25,0,25,37
07/04/2021,HDC,LA,ASW,CE,Federal Contract Tower,0,0,3,0,3,0,0,4,0,4,0,0,7,0,7,19,0,19,26
07/05/2021,HDC,LA,ASW,CE,Federal Contract Tower,0,3,14,0,17,0,1,18,0,19,0,4,32,0,36,81,0,81,117
07/06/2021,HDC,LA,ASW,CE,Federal Contract Tower,0,4,14,3,21,0,1,19,10,30,0,5,33,13,51,84,13,97,148
07/07/2021,HDC,LA,ASW,CE,Federal Contract Tower,0,3,26,3,32,0,1,35,12,48,0,4,61,15,80,155,16,171,251
07/08/2021,HDC,LA,ASW,CE,Federal Contract Tower,0,2,22,2,26,0,0,29,6,35,0,2,51,8,61,129,8,137,198
07/09/2021,HDC,LA,ASW,CE,Federal Contract Tower,0,0,7,1,8,0,0,10,4,14,0,0,17,5,22,43,6,49,71
07/10/2021,HDC,LA,ASW,CE,Federal Contract Tower,0,2,8,0,10,0,0,11,0,11,0,2,19,0,21,50,0,50,71
07/11/2021,HDC,LA,ASW,CE,Federal Contract Tower,0,3,4,1,8,0,1,5,4,10,0,4,9,5,18,21,5,26,44
07/12/2021,HDC,LA,ASW,CE,Federal Contract Tower,0,0,7,1,8,0,0,9,3,12,0,0,16,4,20,42,4,46,66
07/13/2021,HDC,LA,ASW,CE,Federal Contract Tower,0,2,15,1,18,0,0,20,3,23,0,2,35,4,41,90,4,94,135
07/14/2021,HDC,LA,ASW,CE,Federal Contract Tower,0,2,18,1,21,0,0,24,2,26,0,2,42,3,47,104,3,107,154
07/15/2021,HDC,LA,ASW,CE,Federal Contract Tower,0,12,19,3,34,0,2,26,11,39,0,14,45,14,73,114,15,129,202
07/16/2021,HDC,LA,ASW,CE,Federal Contract Tower,0,3,18,2,23,0,0,24,8,32,0,3,42,10,55,106,11,117,172
07/18/2021,HDC,LA,ASW,CE,Federal Contract Tower,0,3,9,0,12,0,1,12,1,14,0,4,21,1,26,55,1,56,82
07/19/2021,HDC,LA,ASW,CE,Federal Contract Tower,0,2,12,1,15,0,0,16,2,18,0,2,28,3,33,70,3,73,106
07/20/2021,HDC,LA,ASW,CE,Federal Contract Tower,0,4,4,0,8,0,1,5,1,7,0,5,9,1,15,23,1,24,39
07/21/2021,HDC,LA,ASW,CE,Federal Contract Tower,0,4,29,2,35,0,1,38,6,45,0,5,67,8,80,169,8,177,257
07/22/2021,HDC,LA,ASW,CE,Federal Contract Tower,0,2,29,1,32,0,0,38,2,40,0,2,67,3,72,170,3,173,245
07/23/2021,HDC,LA,ASW,CE,Federal Contract Tower,0,6,19,1,26,0,1,26,4,31,0,7,45,5,57,115,6,121,178
07/24/2021,HDC,LA,ASW,CE,Federal Contract Tower,0,3,24,0,27,0,0,32,0,32,0,3,56,0,59,141,0,141,200
07/25/2021,HDC,LA,ASW,CE,Federal Contract Tower,0,3,17,0,20,0,0,23,0,23,0,3,40,0,43,103,0,103,146
07/26/2021,HDC,LA,ASW,CE,Federal Contract Tower,0,8,36,0,44,0,1,48,1,50,0,9,84,1,94,211,2,213,307
07/27/2021,HDC,LA,ASW,CE,Federal Contract Tower,0,13,26,3,42,0,2,34,11,47,0,15,60,14,89,151,14,165,254
07/28/2021,HDC,LA,ASW,CE,Federal Contract Tower,0,0,24,1,25,0,0,32,5,37,0,0,56,6,62,141,7,148,210
07/29/2021,HDC,LA,ASW,CE,Federal Contract Tower,0,13,26,1,40,0,2,35,3,40,0,15,61,4,80,156,4,160,240
07/30/2021,HDC,LA,ASW,CE,Federal Contract Tower,0,10,18,2,30,0,2,25,8,35,0,12,43,10,65,109,11,120,185
07/31/2021,HDC,LA,ASW,CE,Federal Contract Tower,0,3,12,1,16,0,1,15,2,18,0,4,27,3,34,68,3,71,105
08/01/2021,HDC,LA,ASW,CE,Federal Contract Tower,0,0,18,0,18,0,0,23,0,23,0,0,41,0,41,104,1,105,146
08/02/2021,HDC,LA,ASW,CE,Federal Contract Tower,0,3,15,0,18,0,0,20,0,20,0,3,35,0,38,89,0,89,127
08/03/2021,HDC,LA,ASW,CE,Federal Contract Tower,0,6,10,0,16,0,1,13,1,15,0,7,23,1,31,59,1,60,91
08/04/2021,HDC,LA,ASW,CE,Federal Contract Tower,0,8,41,1,50,0,1,55,3,59,0,9,96,4,109,244,4,248,357
08/05/2021,HDC,LA,ASW,CE,Federal Contract Tower,0,3,17,2,22,0,0,23,7,30,0,3,40,9,52,101,10,111,163
08/06/2021,HDC,LA,ASW,CE,Federal Contract Tower,0,4,26,1,31,0,1,34,3,38,0,5,60,4,69,152,4,156,225
08/07/2021,HDC,LA,ASW,CE,Federal Contract Tower,0,3,19,3,25,0,1,25,11,37,0,4,44,14,62,111,14,125,187
08/08/2021,HDC,LA,ASW,CE,Federal Contract Tower,0,3,15,1,19,0,1,21,4,26,0,4,36,5,45,92,5,97,142
08/09/2021,HDC,LA,ASW,CE,Federal Contract Tower,0,3,13,1,17,0,1,17,3,21,0,4,30,4,38,75,4,79,117
08/10/2021,HDC,LA,ASW,CE,Federal Contract Tower,0,3,21,1,25,0,1,28,4,33,0,4,49,5,58,126,5,131,189
08/11/2021,HDC,LA,ASW,CE,Federal Contract Tower,0,6,25,0,31,0,1,33,0,34,0,7,58,0,65,148,1,149,214
08/12/2021,HDC,LA,ASW,CE,Federal Contract Tower,0,3,12,1,16,0,1,16,3,20,0,4,28,4,36,70,4,74,110
08/13/2021,HDC,LA,ASW,CE,Federal Contract Tower,0,3,21,2,26,0,0,28,7,35,0,3,49,9,61,124,9,133,194
08/14/2021,HDC,LA,ASW,CE,Federal Contract Tower,0,5,26,0,31,0,1,35,1,37,0,6,61,1,68,155,1,156,224
08/15/2021,HDC,LA,ASW,CE,Federal Contract Tower,0,4,5,0,9,0,1,6,0,7,0,5,11,0,16,28,1,29,45
08/16/2021,HDC,LA,ASW,CE,Federal Contract Tower,0,9,15,1,25,0,2,19,2,23,0,11,34,3,48,86,3,89,137
08/17/2021,HDC,LA,ASW,CE,Federal Contract Tower,0,4,35,4,43,0,1,46,15,62,0,5,81,19,105,206,20,226,331
08/18/2021,HDC,LA,ASW,CE,Federal Contract Tower,0,3,19,3,25,0,1,26,11,38,0,4,45,14,63,114,15,129,192
08/19/2021,HDC,LA,ASW,CE,Federal Contract Tower,0,3,29,2,34,0,0,39,6,45,0,3,68,8,79,171,8,179,258
08/20/2021,HDC,LA,ASW,CE,Federal Contract Tower,0,6,41,1,48,0,1,54,3,58,0,7,95,4,106,241,4,245,351
08/21/2021,HDC,LA,ASW,CE,Federal Contract Tower,0,7,20,0,27,0,1,27,0,28,0,8,47,0,55,121,0,121,176
08/22/2021,HDC,LA,ASW,CE,Federal Contract Tower,0,4,18,0,22,0,1,24,1,26,0,5,42,1,48,107,2,109,157
08/23/2021,HDC,LA,ASW,CE,Federal Contract Tower,0,4,18,0,22,0,1,24,2,27,0,5,42,2,49,106,2,108,157
08/24/2021,HDC,LA,ASW,CE,Federal Contract Tower,0,0,23,4,27,0,0,31,16,47,0,0,54,20,74,136,21,157,231
08/25/2021,HDC,LA,ASW,CE,Federal Contract Tower,0,8,21,2,31,0,1,28,6,35,0,9,49,8,66,126,8,134,200
08/26/2021,HDC,LA,ASW,CE,Federal Contract Tower,0,0,12,1,13,0,0,16,3,19,0,0,28,4,32,72,4,76,108
08/27/2021,HDC,LA,ASW,CE,Federal Contract Tower,0,8,12,1,21,0,1,16,3,20,0,9,28,4,41,72,4,76,117
08/28/2021,HDC,LA,ASW,CE,Federal Contract Tower,0,6,13,0,19,0,1,17,0,18,0,7,30,0,37,76,1,77,114
08/29/2021,HDC,LA,ASW,CE,Federal Contract Tower,0,0,0,0,0,0,0,0,0,0,0,0,0,0,0,0,0,0,0
08/30/2021,HDC,LA,ASW,CE,Federal Contract Tower,0,0,0,0,0,0,0,0,0,0,0,0,0,0,0,0,0,0,0
08/31/2021,HDC,LA,ASW,CE,Federal Contract Tower,0,0,0,0,0,0,0,0,0,0,0,0,0,0,0,0,0,0,0
09/01/2021,HDC,LA,ASW,CE,Federal Contract Tower,0,12,24,4,40,0,2,32,15,49,0,14,56,19,89,141,20,161,250
09/02/2021,HDC,LA,ASW,CE,Federal Contract Tower,0,17,32,6,55,0,3,42,21,66,0,20,74,27,121,188,28,216,337
09/03/2021,HDC,LA,ASW,CE,Federal Contract Tower,0,10,7,1,18,0,2,9,5,16,0,12,16,6,34,41,6,47,81
09/04/2021,HDC,LA,ASW,CE,Federal Contract Tower,0,9,24,3,36,0,2,32,11,45,0,11,56,14,81,143,15,158,239
09/05/2021,HDC,LA,ASW,CE,Federal Contract Tower,0,9,15,1,25,0,2,19,5,26,0,11,34,6,51,86,7,93,144
09/06/2021,HDC,LA,ASW,CE,Federal Contract Tower,0,3,7,1,11,0,0,10,2,12,0,3,17,3,23,44,3,47,70
09/07/2021,HDC,LA,ASW,CE,Federal Contract Tower,0,3,13,2,18,0,1,17,9,27,0,4,30,11,45,77,12,89,134
09/08/2021,HDC,LA,ASW,CE,Federal Contract Tower,0,5,8,3,16,0,1,11,10,22,0,6,19,13,38,49,13,62,100
09/09/2021,HDC,LA,ASW,CE,Federal Contract Tower,0,9,23,3,35,0,2,30,10,42,0,11,53,13,77,133,13,146,223
09/10/2021,HDC,LA,ASW,CE,Federal Contract Tower,0,8,21,2,31,0,2,28,8,38,0,10,49,10,69,123,10,133,202
09/11/2021,HDC,LA,ASW,CE,Federal Contract Tower,0,3,43,1,47,0,1,58,4,63,0,4,101,5,110,257,5,262,372
09/12/2021,HDC,LA,ASW,CE,Federal Contract Tower,0,4,9,0,13,0,1,12,0,13,0,5,21,0,26,52,0,52,78
09/13/2021,HDC,LA,ASW,CE,Federal Contract Tower,0,2,11,1,14,0,0,15,4,19,0,2,26,5,33,66,5,71,104
09/14/2021,HDC,LA,ASW,CE,Federal Contract Tower,0,0,2,0,2,0,0,2,0,2,0,0,4,0,4,11,0,11,15
09/15/2021,HDC,LA,ASW,CE,Federal Contract Tower,0,1,2,0,3,0,0,3,2,5,0,1,5,2,8,13,2,15,23
09/16/2021,HDC,LA,ASW,CE,Federal Contract Tower,0,2,6,2,10,0,0,8,8,16,0,2,14,10,26,33,11,44,70
09/17/2021,HDC,LA,ASW,CE,Federal Contract Tower,0,8,19,1,28,0,1,25,3,29,0,9,44,4,57,112,5,117,174
09/18/2021,HDC,LA,ASW,CE,Federal Contract Tower,0,0,3,0,3,0,0,5,0,5,0,0,8,0,8,21,0,21,29
09/19/2021,HDC,LA,ASW,CE,Federal Contract Tower,0,0,9,0,9,0,0,12,0,12,0,0,21,0,21,52,0,52,73
09/20/2021,HDC,LA,ASW,CE,Federal Contract Tower,0,2,19,1,22,0,0,26,2,28,0,2,45,3,50,115,3,118,168
09/21/2021,HDC,LA,ASW,CE,Federal Contract Tower,0,3,16,2,21,0,0,22,6,28,0,3,38,8,49,97,8,105,154
09/22/2021,HDC,LA,ASW,CE,Federal Contract Tower,0,7,25,2,34,0,1,33,9,43,0,8,58,11,77,148,12,160,237
09/23/2021,HDC,LA,ASW,CE,Federal Contract Tower,0,4,32,3,39,0,1,43,12,56,0,5,75,15,95,192,16,208,303
09/24/2021,HDC,LA,ASW,CE,Federal Contract Tower,0,13,27,1,41,0,2,37,4,43,0,15,64,5,84,163,5,168,252
09/25/2021,HDC,LA,ASW,CE,Federal Contract Tower,0,8,22,0,30,0,1,29,0,30,0,9,51,0,60,129,0,129,189
09/26/2021,HDC,LA,ASW,CE,Federal Contract Tower,0,12,22,0,34,0,2,30,0,32,0,14,52,0,66,132,0,132,198
09/27/2021,HDC,LA,ASW,CE,Federal Contract Tower,0,8,22,0,30,0,2,30,1,33,0,10,52,1,63,131,2,133,196
09/28/2021,HDC,LA,ASW,CE,Federal Contract Tower,0,2,7,0,9,0,0,9,0,9,0,2,16,0,18,39,1,40,58
09/29/2021,HDC,LA,ASW,CE,Federal Contract Tower,0,0,4,0,4,0,0,6,0,6,0,0,10,0,10,26,0,26,36
09/30/2021,HDC,LA,ASW,CE,Federal Contract Tower,0,7,10,1,18,0,1,13,2,16,0,8,23,3,34,60,3,63,97
10/01/2021,HDC,LA,ASW,CE,Federal Contract Tower,0,8,34,1,43,0,1,46,5,52,0,9,80,6,95,204,7,211,306
10/02/2021,HDC,LA,ASW,CE,Federal Contract Tower,0,8,17,0,25,0,2,22,0,24,0,10,39,0,49,99,1,100,149
10/03/2021,HDC,LA,ASW,CE,Federal Contract Tower,0,0,9,0,9,0,0,12,1,13,0,0,21,1,22,55,1,56,78
10/04/2021,HDC,LA,ASW,CE,Federal Contract Tower,0,6,12,1,19,0,1,16,2,19,0,7,28,3,38,72,3,75,113
10/05/2021,HDC,LA,ASW,CE,Federal Contract Tower,0,7,28,4,39,0,1,37,13,51,0,8,65,17,90,165,18,183,273
10/06/2021,HDC,LA,ASW,CE,Federal Contract Tower,0,3,23,1,27,0,1,31,5,37,0,4,54,6,64,136,6,142,206
10/07/2021,HDC,LA,ASW,CE,Federal Contract Tower,0,9,40,2,51,0,2,54,8,64,0,11,94,10,115,238,10,248,363
10/08/2021,HDC,LA,ASW,CE,Federal Contract Tower,0,3,26,2,31,0,1,34,6,41,0,4,60,8,72,152,9,161,233
10/09/2021,HDC,LA,ASW,CE,Federal Contract Tower,0,6,25,0,31,0,1,33,1,35,0,7,58,1,66,146,1,147,213
10/10/2021,HDC,LA,ASW,CE,Federal Contract Tower,0,3,15,0,18,0,1,21,0,22,0,4,36,0,40,92,0,92,132
10/11/2021,HDC,LA,ASW,CE,Federal Contract Tower,0,2,19,0,21,0,0,26,0,26,0,2,45,0,47,114,0,114,161
10/12/2021,HDC,LA,ASW,CE,Federal Contract Tower,0,7,29,1,37,0,1,39,4,44,0,8,68,5,81,174,5,179,260
10/13/2021,HDC,LA,ASW,CE,Federal Contract Tower,0,3,39,2,44,0,1,52,8,61,0,4,91,10,105,232,10,242,347
10/14/2021,HDC,LA,ASW,CE,Federal Contract Tower,0,2,30,2,34,0,0,40,8,48,0,2,70,10,82,180,10,190,272
10/15/2021,HDC,LA,ASW,CE,Federal Contract Tower,0,1,5,0,6,0,0,6,0,6,0,1,11,0,12,27,0,27,39
10/16/2021,HDC,LA,ASW,CE,Federal Contract Tower,0,4,3,0,7,0,1,5,1,7,0,5,8,1,14,21,2,23,37
10/17/2021,HDC,LA,ASW,CE,Federal Contract Tower,0,1,9,0,10,0,0,11,0,11,0,1,20,0,21,50,0,50,71
10/18/2021,HDC,LA,ASW,CE,Federal Contract Tower,0,5,29,2,36,0,1,38,9,48,0,6,67,11,84,170,12,182,266
10/19/2021,HDC,LA,ASW,CE,Federal Contract Tower,0,5,43,4,52,0,1,57,14,72,0,6,100,18,124,253,19,272,396
10/20/2021,HDC,LA,ASW,CE,Federal Contract Tower,0,0,15,1,16,0,0,20,5,25,0,0,35,6,41,88,6,94,135
10/21/2021,HDC,LA,ASW,CE,Federal Contract Tower,0,9,21,1,31,0,2,28,4,34,0,11,49,5,65,124,6,130,195
10/22/2021,HDC,LA,ASW,CE,Federal Contract Tower,0,1,36,3,40,0,0,47,10,57,0,1,83,13,97,210,14,224,321
10/23/2021,HDC,LA,ASW,CE,Federal Contract Tower,0,2,27,2,31,0,0,36,7,43,0,2,63,9,74,160,9,169,243
10/24/2021,HDC,LA,ASW,CE,Federal Contract Tower,0,6,10,0,16,0,1,14,1,16,0,7,24,1,32,60,1,61,93
10/25/2021,HDC,LA,ASW,CE,Federal Contract Tower,0,2,17,1,20,0,0,22,2,24,0,2,39,3,44,99,3,102,146
10/26/2021,HDC,LA,ASW,CE,Federal Contract Tower,0,4,21,3,28,0,1,28,10,39,0,5,49,13,67,124,13,137,204
10/27/2021,HDC,LA,ASW,CE,Federal Contract Tower,0,3,11,2,16,0,0,15,8,23,0,3,26,10,39,65,10,75,114
10/28/2021,HDC,LA,ASW,CE,Federal Contract Tower,0,3,19,9,31,0,0,25,35,60,0,3,44,44,91,111,47,158,249
10/29/2021,HDC,LA,ASW,CE,Federal Contract Tower,0,6,25,1,32,0,1,34,3,38,0,7,59,4,70,149,5,154,224
10/30/2021,HDC,LA,ASW,CE,Federal Contract Tower,0,5,30,0,35,0,1,40,1,42,0,6,70,1,77,178,1,179,256
10/31/2021,HDC,LA,ASW,CE,Federal Contract Tower,0,1,31,0,32,0,0,41,0,41,0,1,72,0,73,182,0,182,255
11/01/2021,HDC,LA,ASW,CE,Federal Contract Tower,0,0,18,1,19,0,0,24,4,28,0,0,42,5,47,108,5,113,160
11/02/2021,HDC,LA,ASW,CE,Federal Contract Tower,0,3,28,4,35,0,1,38,15,54,0,4,66,19,89,168,20,188,277
11/03/2021,HDC,LA,ASW,CE,Federal Contract Tower,0,2,33,4,39,0,0,44,17,61,0,2,77,21,100,196,22,218,318
11/04/2021,HDC,LA,ASW,CE,Federal Contract Tower,0,8,21,3,32,0,2,28,10,40,0,10,49,13,72,124,13,137,209
11/05/2021,HDC,LA,ASW,CE,Federal Contract Tower,0,3,4,5,12,0,0,6,17,23,0,3,10,22,35,25,23,48,83
11/06/2021,HDC,LA,ASW,CE,Federal Contract Tower,0,3,15,2,20,0,0,20,7,27,0,3,35,9,47,88,10,98,145
11/07/2021,HDC,LA,ASW,CE,Federal Contract Tower,0,18,30,1,49,0,4,40,2,46,0,22,70,3,95,180,3,183,278
11/08/2021,HDC,LA,ASW,CE,Federal Contract Tower,0,2,29,1,32,0,0,39,2,41,0,2,68,3,73,172,3,175,248
11/09/2021,HDC,LA,ASW,CE,Federal Contract Tower,0,3,32,2,37,0,0,42,6,48,0,3,74,8,85,187,9,196,281
11/10/2021,HDC,LA,ASW,CE,Federal Contract Tower,0,3,22,3,28,0,0,29,10,39,0,3,51,13,67,131,13,144,211
11/11/2021,HDC,LA,ASW,CE,Federal Contract Tower,0,8,16,0,24,0,2,22,0,24,0,10,38,0,48,97,1,98,146
11/12/2021,HDC,LA,ASW,CE,Federal Contract Tower,0,4,21,1,26,0,1,29,4,34,0,5,50,5,60,127,5,132,192
11/13/2021,HDC,LA,ASW,CE,Federal Contract Tower,0,3,20,0,23,0,1,26,0,27,0,4,46,0,50,116,0,116,166
11/14/2021,HDC,LA,ASW,CE,Federal Contract Tower,0,4,27,0,31,0,1,36,0,37,0,5,63,0,68,158,1,159,227
11/15/2021,HDC,LA,ASW,CE,Federal Contract Tower,0,13,33,1,47,0,2,44,3,49,0,15,77,4,96,195,4,199,295
11/16/2021,HDC,LA,ASW,CE,Federal Contract Tower,0,7,40,4,51,0,1,53,14,68,0,8,93,18,119,234,19,253,372
11/17/2021,HDC,LA,ASW,CE,Federal Contract Tower,0,3,20,3,26,0,0,27,10,37,0,3,47,13,63,118,13,131,194
11/18/2021,HDC,LA,ASW,CE,Federal Contract Tower,0,3,18,3,24,0,0,23,12,35,0,3,41,15,59,104,16,120,179
11/19/2021,HDC,LA,ASW,CE,Federal Contract Tower,0,3,21,1,25,0,0,28,4,32,0,3,49,5,57,122,5,127,184
11/20/2021,HDC,LA,ASW,CE,Federal Contract Tower,0,6,26,0,32,0,1,34,0,35,0,7,60,0,67,153,1,154,221
11/21/2021,HDC,LA,ASW,CE,Federal Contract Tower,0,2,24,0,26,0,0,32,2,34,0,2,56,2,60,143,2,145,205
11/22/2021,HDC,LA,ASW,CE,Federal Contract Tower,0,0,15,0,15,0,0,20,0,20,0,0,35,0,35,90,0,90,125
11/23/2021,HDC,LA,ASW,CE,Federal Contract Tower,0,5,31,2,38,0,1,42,6,49,0,6,73,8,87,185,9,194,281
11/24/2021,HDC,LA,ASW,CE,Federal Contract Tower,0,4,18,1,23,0,1,24,3,28,0,5,42,4,51,105,4,109,160
11/25/2021,HDC,LA,ASW,CE,Federal Contract Tower,0,1,6,0,7,0,0,9,0,9,0,1,15,0,16,38,0,38,54
11/26/2021,HDC,LA,ASW,CE,Federal Contract Tower,0,3,22,0,25,0,1,29,2,32,0,4,51,2,57,128,2,130,187
11/27/2021,HDC,LA,ASW,CE,Federal Contract Tower,0,3,24,0,27,0,1,32,0,33,0,4,56,0,60,141,0,141,201
11/28/2021,HDC,LA,ASW,CE,Federal Contract Tower,0,8,18,0,26,0,1,24,0,25,0,9,42,0,51,107,0,107,158
11/29/2021,HDC,LA,ASW,CE,Federal Contract Tower,0,4,33,0,37,0,1,44,1,46,0,5,77,1,83,197,2,199,282
11/30/2021,HDC,LA,ASW,CE,Federal Contract Tower,0,3,17,1,21,0,1,22,5,28,0,4,39,6,49,98,7,105,154
12/01/2021,HDC,LA,ASW,CE,Federal Contract Tower,0,4,19,2,25,0,1,26,6,33,0,5,45,8,58,114,8,122,180
12/02/2021,HDC,LA,ASW,CE,Federal Contract Tower,0,8,26,3,37,0,2,35,10,47,0,10,61,13,84,156,13,169,253
12/03/2021,HDC,LA,ASW,CE,Federal Contract Tower,0,12,31,1,44,0,2,41,5,48,0,14,72,6,92,183,6,189,281
12/04/2021,HDC,LA,ASW,CE,Federal Contract Tower,0,3,17,0,20,0,1,22,0,23,0,4,39,0,43,98,0,98,141
12/05/2021,HDC,LA,ASW,CE,Federal Contract Tower,0,7,15,0,22,0,1,19,0,20,0,8,34,0,42,86,0,86,128
12/06/2021,HDC,LA,ASW,CE,Federal Contract Tower,0,4,3,0,7,0,1,4,1,6,0,5,7,1,13,16,1,17,30
12/07/2021,HDC,LA,ASW,CE,Federal Contract Tower,0,8,2,0,10,0,2,3,2,7,0,10,5,2,17,12,2,14,31
12/08/2021,HDC,LA,ASW,CE,Federal Contract Tower,0,8,12,2,22,0,2,16,8,26,0,10,28,10,48,71,11,82,130
12/09/2021,HDC,LA,ASW,CE,Federal Contract Tower,0,2,6,4,12,0,0,8,17,25,0,2,14,21,37,36,22,58,95
12/11/2021,HDC,LA,ASW,CE,Federal Contract Tower,0,3,7,0,10,0,1,9,1,11,0,4,16,1,21,39,1,40,61
12/12/2021,HDC,LA,ASW,CE,Federal Contract Tower,0,3,23,1,27,0,1,30,4,35,0,4,53,5,62,135,5,140,202
12/13/2021,HDC,LA,ASW,CE,Federal Contract Tower,0,5,13,0,18,0,1,17,0,18,0,6,30,0,36,77,1,78,114
12/14/2021,HDC,LA,ASW,CE,Federal Contract Tower,0,2,14,2,18,0,0,18,6,24,0,2,32,8,42,81,9,90,132
12/15/2021,HDC,LA,ASW,CE,Federal Contract Tower,0,3,27,3,33,0,0,36,11,47,0,3,63,14,80,160,14,174,254
12/16/2021,HDC,LA,ASW,CE,Federal Contract Tower,0,8,23,4,35,0,2,31,17,50,0,10,54,21,85,137,22,159,244
12/17/2021,HDC,LA,ASW,CE,Federal Contract Tower,0,8,8,1,17,0,2,11,3,16,0,10,19,4,33,48,4,52,85
12/18/2021,HDC,LA,ASW,CE,Federal Contract Tower,0,0,3,0,3,0,0,4,0,4,0,0,7,0,7,18,1,19,26
12/19/2021,HDC,LA,ASW,CE,Federal Contract Tower,0,1,11,0,12,0,0,15,0,15,0,1,26,0,27,65,0,65,92
12/20/2021,HDC,LA,ASW,CE,Federal Contract Tower,0,4,9,1,14,0,1,12,3,16,0,5,21,4,30,52,5,57,87
12/21/2021,HDC,LA,ASW,CE,Federal Contract Tower,0,4,23,1,28,0,1,31,4,36,0,5,54,5,64,138,6,144,208
12/22/2021,HDC,LA,ASW,CE,Federal Contract Tower,0,8,38,2,48,0,1,50,6,57,0,9,88,8,105,223,8,231,336
12/23/2021,HDC,LA,ASW,CE,Federal Contract Tower,0,6,41,1,48,0,1,55,5,61,0,7,96,6,109,243,7,250,359
12/24/2021,HDC,LA,ASW,CE,Federal Contract Tower,0,5,7,0,12,0,1,9,0,10,0,6,16,0,22,40,0,40,62
12/25/2021,HDC,LA,ASW,CE,Federal Contract Tower,0,0,2,0,2,0,0,2,0,2,0,0,4,0,4,9,0,9,13
12/26/2021,HDC,LA,ASW,CE,Federal Contract Tower,0,6,13,0,19,0,1,18,0,19,0,7,31,0,38,78,0,78,116
12/27/2021,HDC,LA,ASW,CE,Federal Contract Tower,0,8,12,1,21,0,1,16,2,19,0,9,28,3,40,72,3,75,115
12/28/2021,HDC,LA,ASW,CE,Federal Contract Tower,0,5,23,1,29,0,1,30,2,33,0,6,53,3,62,135,3,138,200
12/29/2021,HDC,LA,ASW,CE,Federal Contract Tower,0,3,12,0,15,0,1,16,1,18,0,4,28,1,33,71,1,72,105
12/30/2021,HDC,LA,ASW,CE,Federal Contract Tower,0,3,26,1,30,0,1,34,3,38,0,4,60,4,68,153,4,157,225
12/31/2021,HDC,LA,ASW,CE,Federal Contract Tower,0,5,14,0,19,0,1,19,0,20,0,6,33,0,39,83,0,83,122
01/01/2022,HDC,LA,ASW,CE,Federal Contract Tower,0,2,2,0,4,0,0,2,0,2,0,2,4,0,6,10,0,10,16
01/02/2022,HDC,LA,ASW,CE,Federal Contract Tower,0,3,4,0,7,0,0,5,0,5,0,3,9,0,12,24,0,24,36
01/03/2022,HDC,LA,ASW,CE,Federal Contract Tower,0,6,29,1,36,0,1,38,5,44,0,7,67,6,80,170,6,176,256
01/04/2022,HDC,LA,ASW,CE,Federal Contract Tower,0,8,29,4,41,0,2,39,14,55,0,10,68,18,96,174,19,193,289
01/05/2022,HDC,LA,ASW,CE,Federal Contract Tower,0,5,29,3,37,0,1,38,13,52,0,6,67,16,89,170,17,187,276
01/06/2022,HDC,LA,ASW,CE,Federal Contract Tower,0,3,18,3,24,0,1,24,11,36,0,4,42,14,60,108,15,123,183
01/07/2022,HDC,LA,ASW,CE,Federal Contract Tower,0,3,29,3,35,0,0,39,11,50,0,3,68,14,85,173,15,188,273
01/08/2022,HDC,LA,ASW,CE,Federal Contract Tower,0,3,11,6,20,0,0,15,23,38,0,3,26,29,58,67,30,97,155
01/09/2022,HDC,LA,ASW,CE,Federal Contract Tower,0,0,3,0,3,0,0,4,1,5,0,0,7,1,8,16,2,18,26
01/10/2022,HDC,LA,ASW,CE,Federal Contract Tower,0,3,15,1,19,0,1,21,2,24,0,4,36,3,43,92,3,95,138
01/11/2022,HDC,LA,ASW,CE,Federal Contract Tower,0,2,31,1,34,0,0,41,5,46,0,2,72,6,80,183,7,190,270
01/12/2022,HDC,LA,ASW,CE,Federal Contract Tower,0,3,20,2,25,0,1,26,6,33,0,4,46,8,58,116,8,124,182
01/13/2022,HDC,LA,ASW,CE,Federal Contract Tower,0,3,25,4,32,0,0,33,14,47,0,3,58,18,79,146,18,164,243
01/14/2022,HDC,LA,ASW,CE,Federal Contract Tower,0,8,31,1,40,0,2,42,3,47,0,10,73,4,87,185,5,190,277
01/15/2022,HDC,LA,ASW,CE,Federal Contract Tower,0,0,2,0,2,0,0,3,0,3,0,0,5,0,5,13,0,13,18
01/16/2022,HDC,LA,ASW,CE,Federal Contract Tower,0,3,16,0,19,0,1,21,0,22,0,4,37,0,41,95,0,95,136
01/17/2022,HDC,LA,ASW,CE,Federal Contract Tower,0,2,20,0,22,0,0,26,1,27,0,2,46,1,49,116,1,117,166
01/18/2022,HDC,LA,ASW,CE,Federal Contract Tower,0,7,24,2,33,0,1,33,7,41,0,8,57,9,74,145,10,155,229
01/19/2022,HDC,LA,ASW,CE,Federal Contract Tower,0,0,31,4,35,0,0,42,15,57,0,0,73,19,92,185,20,205,297
01/20/2022,HDC,LA,ASW,CE,Federal Contract Tower,0,0,1,1,2,0,0,1,5,6,0,0,2,6,8,6,6,12,20
01/21/2022,HDC,LA,ASW,CE,Federal Contract Tower,0,2,11,2,15,0,0,14,6,20,0,2,25,8,35,64,8,72,107
01/22/2022,HDC,LA,ASW,CE,Federal Contract Tower,0,5,31,0,36,0,1,41,0,42,0,6,72,0,78,181,0,181,259
01/23/2022,HDC,LA,ASW,CE,Federal Contract Tower,0,9,31,1,41,0,2,42,2,46,0,11,73,3,87,186,3,189,276
01/24/2022,HDC,LA,ASW,CE,Federal Contract Tower,0,0,13,1,14,0,0,17,3,20,0,0,30,4,34,76,4,80,114
01/25/2022,HDC,LA,ASW,CE,Federal Contract Tower,0,3,3,2,8,0,1,4,7,12,0,4,7,9,20,18,9,27,47
01/26/2022,HDC,LA,ASW,CE,Federal Contract Tower,0,2,30,3,35,0,0,40,10,50,0,2,70,13,85,178,13,191,276
01/27/2022,HDC,LA,ASW,CE,Federal Contract Tower,0,2,37,6,45,0,0,50,22,72,0,2,87,28,117,220,29,249,366
01/28/2022,HDC,LA,ASW,CE,Federal Contract Tower,0,2,27,2,31,0,0,36,6,42,0,2,63,8,73,160,8,168,241
01/29/2022,HDC,LA,ASW,CE,Federal Contract Tower,0,12,36,1,49,0,2,47,5,54,0,14,83,6,103,210,7,217,320
01/30/2022,HDC,LA,ASW,CE,Federal Contract Tower,0,8,24,0,32,0,1,32,1,34,0,9,56,1,66,144,2,146,212
01/31/2022,HDC,LA,ASW,CE,Federal Contract Tower,0,5,23,1,29,0,1,31,2,34,0,6,54,3,63,138,3,141,204
02/01/2022,HDC,LA,ASW,CE,Federal Contract Tower,0,5,5,2,12,0,1,6,7,14,0,6,11,9,26,28,10,38,64
02/02/2022,HDC,LA,ASW,CE,Federal Contract Tower,0,1,3,1,5,0,0,4,5,9,0,1,7,6,14,19,7,26,40
02/03/2022,HDC,LA,ASW,CE,Federal Contract Tower,0,0,0,0,0,0,0,0,0,0,0,0,0,0,0,2,0,2,2
02/04/2022,HDC,LA,ASW,CE,Federal Contract Tower,0,1,5,1,7,0,0,7,3,10,0,1,12,4,17,31,4,35,52
02/05/2022,HDC,LA,ASW,CE,Federal Contract Tower,0,8,34,2,44,0,1,46,7,54,0,9,80,9,98,204,10,214,312
02/06/2022,HDC,LA,ASW,CE,Federal Contract Tower,0,13,34,1,48,0,3,45,3,51,0,16,79,4,99,202,5,207,306
02/07/2022,HDC,LA,ASW,CE,Federal Contract Tower,0,3,27,1,31,0,1,36,4,41,0,4,63,5,72,158,5,163,235
02/08/2022,HDC,LA,ASW,CE,Federal Contract Tower,0,8,36,4,48,0,2,48,14,64,0,10,84,18,112,212,19,231,343
02/09/2022,HDC,LA,ASW,CE,Federal Contract Tower,0,8,34,5,47,0,1,46,18,65,0,9,80,23,112,202,24,226,338
02/10/2022,HDC,LA,ASW,CE,Federal Contract Tower,0,9,25,2,36,0,2,33,9,44,0,11,58,11,80,146,12,158,238
02/11/2022,HDC,LA,ASW,CE,Federal Contract Tower,0,0,35,2,37,0,0,47,7,54,0,0,82,9,91,208,9,217,308
02/12/2022,HDC,LA,ASW,CE,Federal Contract Tower,0,5,22,0,27,0,1,29,0,30,0,6,51,0,57,128,0,128,185
02/13/2022,HDC,LA,ASW,CE,Federal Contract Tower,0,3,16,0,19,0,0,21,0,21,0,3,37,0,40,95,0,95,135
02/14/2022,HDC,LA,ASW,CE,Federal Contract Tower,0,3,20,1,24,0,0,27,3,30,0,3,47,4,54,119,5,124,178
02/15/2022,HDC,LA,ASW,CE,Federal Contract Tower,0,9,33,4,46,0,2,44,14,60,0,11,77,18,106,196,18,214,320
02/16/2022,HDC,LA,ASW,CE,Federal Contract Tower,0,4,17,2,23,0,1,22,8,31,0,5,39,10,54,99,10,109,163
02/17/2022,HDC,LA,ASW,CE,Federal Contract Tower,0,0,1,0,1,0,0,1,0,1,0,0,2,0,2,6,1,7,9
02/18/2022,HDC,LA,ASW,CE,Federal Contract Tower,0,3,15,1,19,0,1,20,2,23,0,4,35,3,42,87,3,90,132
02/19/2022,HDC,LA,ASW,CE,Federal Contract Tower,0,2,19,0,21,0,0,25,0,25,0,2,44,0,46,112,1,113,159
02/20/2022,HDC,LA,ASW,CE,Federal Contract Tower,0,4,30,0,34,0,1,40,0,41,0,5,70,0,75,175,0,175,250
02/21/2022,HDC,LA,ASW,CE,Federal Contract Tower,0,3,20,0,23,0,1,26,0,27,0,4,46,0,50,116,0,116,166
02/22/2022,HDC,LA,ASW,CE,Federal Contract Tower,0,3,9,1,13,0,1,12,5,18,0,4,21,6,31,55,6,61,92
02/23/2022,HDC,LA,ASW,CE,Federal Contract Tower,0,5,17,2,24,0,1,22,8,31,0,6,39,10,55,99,11,110,165
02/24/2022,HDC,LA,ASW,CE,Federal Contract Tower,0,6,9,1,16,0,1,13,2,16,0,7,22,3,32,56,3,59,91
02/25/2022,HDC,LA,ASW,CE,Federal Contract Tower,0,8,12,2,22,0,1,15,9,25,0,9,27,11,47,68,12,80,127
02/26/2022,HDC,LA,ASW,CE,Federal Contract Tower,0,8,19,0,27,0,1,26,0,27,0,9,45,0,54,114,1,115,169
02/27/2022,HDC,LA,ASW,CE,Federal Contract Tower,0,7,7,0,14,0,1,10,1,12,0,8,17,1,26,43,1,44,70
02/28/2022,HDC,LA,ASW,CE,Federal Contract Tower,0,10,33,1,44,0,2,44,2,48,0,12,77,3,92,194,3,197,289
03/01/2022,HDC,LA,ASW,CE,Federal Contract Tower,0,5,36,1,42,0,1,48,2,51,0,6,84,3,93,214,3,217,310
03/02/2022,HDC,LA,ASW,CE,Federal Contract Tower,0,10,54,3,67,0,2,72,10,84,0,12,126,13,151,318,14,332,483
03/03/2022,HDC,LA,ASW,CE,Federal Contract Tower,0,2,21,2,25,0,0,29,8,37,0,2,50,10,62,127,10,137,199
03/04/2022,HDC,LA,ASW,CE,Federal Contract Tower,0,8,17,3,28,0,1,22,11,34,0,9,39,14,62,99,15,114,176
03/05/2022,HDC,LA,ASW,CE,Federal Contract Tower,0,10,23,0,33,0,2,30,0,32,0,12,53,0,65,135,0,135,200
03/06/2022,HDC,LA,ASW,CE,Federal Contract Tower,0,6,19,0,25,0,1,25,1,27,0,7,44,1,52,113,1,114,166
03/07/2022,HDC,LA,ASW,CE,Federal Contract Tower,0,5,28,1,34,0,1,38,5,44,0,6,66,6,78,168,7,175,253
03/08/2022,HDC,LA,ASW,CE,Federal Contract Tower,0,6,11,1,18,0,1,15,3,19,0,7,26,4,37,67,4,71,108
03/09/2022,HDC,LA,ASW,CE,Federal Contract Tower,0,4,16,1,21,0,1,21,4,26,0,5,37,5,47,92,5,97,144
03/10/2022,HDC,LA,ASW,CE,Federal Contract Tower,0,9,24,3,36,0,2,32,10,44,0,11,56,13,80,143,14,157,237
03/11/2022,HDC,LA,ASW,CE,Federal Contract Tower,0,3,3,1,7,0,0,4,2,6,0,3,7,3,13,19,3,22,35
03/12/2022,HDC,LA,ASW,CE,Federal Contract Tower,0,3,9,4,16,0,0,12,14,26,0,3,21,18,42,54,19,73,115
03/13/2022,HDC,LA,ASW,CE,Federal Contract Tower,0,0,37,1,38,0,0,49,3,52,0,0,86,4,90,219,4,223,313
03/14/2022,HDC,LA,ASW,CE,Federal Contract Tower,0,6,36,3,45,0,1,48,10,59,0,7,84,13,104,214,13,227,331
03/15/2022,HDC,LA,ASW,CE,Federal Contract Tower,0,10,19,2,31,0,2,25,6,33,0,12,44,8,64,110,9,119,183
03/16/2022,HDC,LA,ASW,CE,Federal Contract Tower,0,2,23,4,29,0,0,30,13,43,0,2,53,17,72,133,18,151,223
03/17/2022,HDC,LA,ASW,CE,Federal Contract Tower,0,0,19,1,20,0,0,25,5,30,0,0,44,6,50,112,7,119,169
03/18/2022,HDC,LA,ASW,CE,Federal Contract Tower,0,1,5,0,6,0,0,6,2,8,0,1,11,2,14,28,2,30,44
03/19/2022,HDC,LA,ASW,CE,Federal Contract Tower,0,13,31,1,45,0,2,41,3,46,0,15,72,4,91,182,5,187,278
03/20/2022,HDC,LA,ASW,CE,Federal Contract Tower,0,0,41,1,42,0,0,54,4,58,0,0,95,5,100,240,5,245,345
03/21/2022,HDC,LA,ASW,CE,Federal Contract Tower,0,8,20,1,29,0,2,26,5,33,0,10,46,6,62,116,7,123,185
03/22/2022,HDC,LA,ASW,CE,Federal Contract Tower,0,2,1,0,3,0,0,2,0,2,0,2,3,0,5,9,1,10,15
03/23/2022,HDC,LA,ASW,CE,Federal Contract Tower,0,8,31,2,41,0,1,42,7,50,0,9,73,9,91,185,10,195,286
03/24/2022,HDC,LA,ASW,CE,Federal Contract Tower,0,4,29,2,35,0,1,38,9,48,0,5,67,11,83,169,12,181,264
03/25/2022,HDC,LA,ASW,CE,Federal Contract Tower,0,3,28,2,33,0,1,37,6,44,0,4,65,8,77,164,9,173,250
03/26/2022,HDC,LA,ASW,CE,Federal Contract Tower,0,3,30,1,34,0,0,40,3,43,0,3,70,4,77,178,5,183,260
03/27/2022,HDC,LA,ASW,CE,Federal Contract Tower,0,4,52,0,56,0,1,70,1,72,0,5,122,1,128,310,1,311,439
03/28/2022,HDC,LA,ASW,CE,Federal Contract Tower,0,4,15,1,20,0,1,20,3,24,0,5,35,4,44,87,4,91,135
03/29/2022,HDC,LA,ASW,CE,Federal Contract Tower,0,5,17,2,24,0,1,23,8,32,0,6,40,10,56,102,11,113,169
03/30/2022,HDC,LA,ASW,CE,Federal Contract Tower,0,2,1,0,3,0,0,1,0,1,0,2,2,0,4,5,0,5,9
03/31/2022,HDC,LA,ASW,CE,Federal Contract Tower,0,5,29,4,38,0,1,39,14,54,0,6,68,18,92,172,19,191,283
04/01/2022,HDC,LA,ASW,CE,Federal Contract Tower,0,3,26,0,29,0,1,35,1,37,0,4,61,1,66,154,2,156,222
04/02/2022,HDC,LA,ASW,CE,Federal Contract Tower,0,3,29,0,32,0,1,39,2,42,0,4,68,2,74,173,0,173,247
04/03/2022,HDC,LA,ASW,CE,Federal Contract Tower,0,3,28,0,31,0,0,37,1,38,0,3,65,1,69,165,1,166,235
04/04/2022,HDC,LA,ASW,CE,Federal Contract Tower,0,3,31,1,35,0,1,41,3,45,0,4,72,4,80,183,5,188,268
04/05/2022,HDC,LA,ASW,CE,Federal Contract Tower,0,2,7,1,10,0,0,10,3,13,0,2,17,4,23,43,4,47,70
04/06/2022,HDC,LA,ASW,CE,Federal Contract Tower,0,0,27,3,30,0,0,36,12,48,0,0,63,15,78,159,16,175,253
04/07/2022,HDC,LA,ASW,CE,Federal Contract Tower,0,8,39,2,49,0,2,53,7,62,0,10,92,9,111,234,9,243,354
04/08/2022,HDC,LA,ASW,CE,Federal Contract Tower,0,5,30,5,40,0,1,39,21,61,0,6,69,26,101,175,27,202,303
04/09/2022,HDC,LA,ASW,CE,Federal Contract Tower,0,13,40,5,58,0,3,53,18,74,0,16,93,23,132,236,24,260,392
04/10/2022,HDC,LA,ASW,CE,Federal Contract Tower,0,3,24,4,31,0,1,32,14,47,0,4,56,18,78,143,19,162,240
04/11/2022,HDC,LA,ASW,CE,Federal Contract Tower,0,7,22,1,30,0,1,29,3,33,0,8,51,4,63,128,4,132,195
04/12/2022,HDC,LA,ASW,CE,Federal Contract Tower,0,6,22,1,29,0,1,30,3,34,0,7,52,4,63,132,4,136,199
04/13/2022,HDC,LA,ASW,CE,Federal Contract Tower,0,0,17,2,19,0,0,23,6,29,0,0,40,8,48,102,8,110,158
04/14/2022,HDC,LA,ASW,CE,Federal Contract Tower,0,8,31,2,41,0,1,41,8,50,0,9,72,10,91,182,11,193,284
04/15/2022,HDC,LA,ASW,CE,Federal Contract Tower,0,3,11,0,14,0,0,15,1,16,0,3,26,1,30,65,1,66,96
04/16/2022,HDC,LA,ASW,CE,Federal Contract Tower,0,2,18,0,20,0,0,24,2,26,0,2,42,2,46,106,2,108,154
04/17/2022,HDC,LA,ASW,CE,Federal Contract Tower,0,5,5,0,10,0,1,6,0,7,0,6,11,0,17,28,0,28,45
04/18/2022,HDC,LA,ASW,CE,Federal Contract Tower,0,16,25,1,42,0,3,33,2,38,0,19,58,3,80,146,3,149,229
04/19/2022,HDC,LA,ASW,CE,Federal Contract Tower,0,5,41,2,48,0,1,55,6,62,0,6,96,8,110,245,8,253,363
04/20/2022,HDC,LA,ASW,CE,Federal Contract Tower,0,5,36,4,45,0,1,48,14,63,0,6,84,18,108,214,19,233,341
04/21/2022,HDC,LA,ASW,CE,Federal Contract Tower,0,1,28,2,31,0,0,37,6,43,0,1,65,8,74,163,8,171,245
04/22/2022,HDC,LA,ASW,CE,Federal Contract Tower,0,2,40,1,43,0,0,54,5,59,0,2,94,6,102,239,7,246,348
04/23/2022,HDC,LA,ASW,CE,Federal Contract Tower,0,5,16,1,22,0,1,22,3,26,0,6,38,4,48,96,4,100,148
04/24/2022,HDC,LA,ASW,CE,Federal Contract Tower,0,0,18,0,18,0,0,24,0,24,0,0,42,0,42,107,1,108,150
04/25/2022,HDC,LA,ASW,CE,Federal Contract Tower,0,3,19,0,22,0,1,25,1,27,0,4,44,1,49,111,1,112,161
04/26/2022,HDC,LA,ASW,CE,Federal Contract Tower,0,3,23,2,28,0,0,30,7,37,0,3,53,9,65,133,10,143,208
04/27/2022,HDC,LA,ASW,CE,Federal Contract Tower,0,0,37,2,39,0,0,49,6,55,0,0,86,8,94,217,8,225,319
04/28/2022,HDC,LA,ASW,CE,Federal Contract Tower,0,4,31,3,38,0,1,41,11,53,0,5,72,14,91,181,15,196,287
04/29/2022,HDC,LA,ASW,CE,Federal Contract Tower,0,3,30,1,34,0,0,40,2,42,0,3,70,3,76,178,3,181,257
04/30/2022,HDC,LA,ASW,CE,Federal Contract Tower,0,2,17,0,19,0,0,22,0,22,0,2,39,0,41,98,0,98,139
05/01/2022,HDC,LA,ASW,CE,Federal Contract Tower,0,6,19,0,25,0,1,26,0,27,0,7,45,0,52,114,0,114,166
05/02/2022,HDC,LA,ASW,CE,Federal Contract Tower,0,3,16,1,20,0,0,22,2,24,0,3,38,3,44,97,3,100,144
05/03/2022,HDC,LA,ASW,CE,Federal Contract Tower,0,2,20,1,23,0,0,27,5,32,0,2,47,6,55,119,6,125,180
05/04/2022,HDC,LA,ASW,CE,Federal Contract Tower,0,8,24,1,33,0,1,32,5,38,0,9,56,6,71,143,7,150,221
05/05/2022,HDC,LA,ASW,CE,Federal Contract Tower,0,6,15,2,23,0,1,20,8,29,0,7,35,10,52,88,10,98,150
05/06/2022,HDC,LA,ASW,CE,Federal Contract Tower,0,6,16,1,23,0,1,21,5,27,0,7,37,6,50,94,6,100,150
05/07/2022,HDC,LA,ASW,CE,Federal Contract Tower,0,2,24,0,26,0,0,32,0,32,0,2,56,0,58,143,0,143,201
05/08/2022,HDC,LA,ASW,CE,Federal Contract Tower,0,0,15,0,15,0,0,20,0,20,0,0,35,0,35,87,0,87,122
05/09/2022,HDC,LA,ASW,CE,Federal Contract Tower,0,3,27,1,31,0,1,36,3,40,0,4,63,4,71,160,4,164,235
05/10/2022,HDC,LA,ASW,CE,Federal Contract Tower,0,4,19,3,26,0,1,25,11,37,0,5,44,14,63,111,15,126,189
05/11/2022,HDC,LA,ASW,CE,Federal Contract Tower,0,3,17,2,22,0,0,22,7,29,0,3,39,9,51,99,10,109,160
05/12/2022,HDC,LA,ASW,CE,Federal Contract Tower,0,6,11,1,18,0,1,15,2,18,0,7,26,3,36,66,3,69,105
05/13/2022,HDC,LA,ASW,CE,Federal Contract Tower,0,3,9,1,13,0,0,12,2,14,0,3,21,3,27,52,3,55,82
05/14/2022,HDC,LA,ASW,CE,Federal Contract Tower,0,4,25,2,31,0,1,34,7,42,0,5,59,9,73,149,9,158,231
05/15/2022,HDC,LA,ASW,CE,Federal Contract Tower,0,9,27,0,36,0,2,36,2,40,0,11,63,2,76,160,2,162,238
05/16/2022,HDC,LA,ASW,CE,Federal Contract Tower,0,3,24,1,28,0,0,32,3,35,0,3,56,4,63,143,5,148,211
05/17/2022,HDC,LA,ASW,CE,Federal Contract Tower,0,5,33,0,38,0,1,44,0,45,0,6,77,0,83,194,1,195,278
05/18/2022,HDC,LA,ASW,CE,Federal Contract Tower,0,3,30,1,34,0,1,40,3,44,0,4,70,4,78,180,4,184,262
05/19/2022,HDC,LA,ASW,CE,Federal Contract Tower,0,8,28,1,37,0,1,37,5,43,0,9,65,6,80,164,6,170,250
05/20/2022,HDC,LA,ASW,CE,Federal Contract Tower,0,5,27,1,33,0,1,36,5,42,0,6,63,6,75,160,7,167,242
05/21/2022,HDC,LA,ASW,CE,Federal Contract Tower,0,6,15,0,21,0,1,20,0,21,0,7,35,0,42,87,0,87,129
05/22/2022,HDC,LA,ASW,CE,Federal Contract Tower,0,3,9,0,12,0,0,11,1,12,0,3,20,1,24,50,1,51,75
05/23/2022,HDC,LA,ASW,CE,Federal Contract Tower,0,3,11,2,16,0,1,15,8,24,0,4,26,10,40,66,11,77,117
05/24/2022,HDC,LA,ASW,CE,Federal Contract Tower,0,17,21,2,40,0,3,28,9,40,0,20,49,11,80,125,12,137,217
05/25/2022,HDC,LA,ASW,CE,Federal Contract Tower,0,5,6,0,11,0,1,8,0,9,0,6,14,0,20,38,1,39,59
05/26/2022,HDC,LA,ASW,CE,Federal Contract Tower,0,8,29,2,39,0,2,39,8,49,0,10,68,10,88,173,10,183,271
05/27/2022,HDC,LA,ASW,CE,Federal Contract Tower,0,5,23,1,29,0,1,31,5,37,0,6,54,6,66,138,7,145,211
05/28/2022,HDC,LA,ASW,CE,Federal Contract Tower,0,9,34,0,43,0,2,45,0,47,0,11,79,0,90,202,0,202,292
05/29/2022,HDC,LA,ASW,CE,Federal Contract Tower,0,4,26,0,30,0,1,35,2,38,0,5,61,2,68,154,2,156,224
05/30/2022,HDC,LA,ASW,CE,Federal Contract Tower,0,3,18,0,21,0,1,25,0,26,0,4,43,0,47,109,0,109,156
05/31/2022,HDC,LA,ASW,CE,Federal Contract Tower,0,4,34,2,40,0,1,45,7,53,0,5,79,9,93,202,9,211,304
06/01/2022,HDC,LA,ASW,CE,Federal Contract Tower,0,3,33,1,37,0,1,44,5,50,0,4,77,6,87,195,7,202,289
06/02/2022,HDC,LA,ASW,CE,Federal Contract Tower,0,2,29,2,33,0,0,39,7,46,0,2,68,9,79,172,9,181,260
06/03/2022,HDC,LA,ASW,CE,Federal Contract Tower,0,3,19,1,23,0,1,25,4,30,0,4,44,5,53,110,5,115,168
06/04/2022,HDC,LA,ASW,CE,Federal Contract Tower,0,18,30,1,49,0,4,40,5,49,0,22,70,6,98,175,7,182,280
06/05/2022,HDC,LA,ASW,CE,Federal Contract Tower,0,8,19,0,27,0,1,25,1,27,0,9,44,1,54,111,1,112,166
06/06/2022,HDC,LA,ASW,CE,Federal Contract Tower,0,2,30,1,33,0,0,40,2,42,0,2,70,3,75,178,3,181,256
06/07/2022,HDC,LA,ASW,CE,Federal Contract Tower,0,4,27,1,32,0,1,35,3,39,0,5,62,4,71,157,4,161,232
06/08/2022,HDC,LA,ASW,CE,Federal Contract Tower,0,3,29,2,34,0,0,38,7,45,0,3,67,9,79,170,10,180,259
06/09/2022,HDC,LA,ASW,CE,Federal Contract Tower,0,6,33,3,42,0,1,44,10,55,0,7,77,13,97,197,13,210,307
06/10/2022,HDC,LA,ASW,CE,Federal Contract Tower,0,5,9,1,15,0,1,11,3,15,0,6,20,4,30,50,4,54,84
06/11/2022,HDC,LA,ASW,CE,Federal Contract Tower,0,3,15,0,18,0,0,20,0,20,0,3,35,0,38,89,1,90,128
06/12/2022,HDC,LA,ASW,CE,Federal Contract Tower,0,1,21,0,22,0,0,29,2,31,0,1,50,2,53,127,2,129,182
06/13/2022,HDC,LA,ASW,CE,Federal Contract Tower,0,6,24,1,31,0,1,32,2,35,0,7,56,3,66,143,3,146,212
06/14/2022,HDC,LA,ASW,CE,Federal Contract Tower,0,3,24,4,31,0,1,32,14,47,0,4,56,18,78,143,19,162,240
06/15/2022,HDC,LA,ASW,CE,Federal Contract Tower,0,3,38,1,42,0,1,51,4,56,0,4,89,5,98,225,6,231,329
06/16/2022,HDC,LA,ASW,CE,Federal Contract Tower,0,6,23,3,32,0,1,30,13,44,0,7,53,16,76,134,17,151,227
06/17/2022,HDC,LA,ASW,CE,Federal Contract Tower,0,3,35,1,39,0,1,47,3,51,0,4,82,4,90,209,5,214,304
06/18/2022,HDC,LA,ASW,CE,Federal Contract Tower,0,0,24,0,24,0,0,33,0,33,0,0,57,0,57,145,1,146,203
06/19/2022,HDC,LA,ASW,CE,Federal Contract Tower,0,0,21,0,21,0,0,28,0,28,0,0,49,0,49,124,0,124,173
06/20/2022,HDC,LA,ASW,CE,Federal Contract Tower,0,3,27,0,30,0,1,36,0,37,0,4,63,0,67,159,0,159,226
06/21/2022,HDC,LA,ASW,CE,Federal Contract Tower,0,5,26,3,34,0,1,35,11,47,0,6,61,14,81,156,15,171,252
06/22/2022,HDC,LA,ASW,CE,Federal Contract Tower,0,13,33,3,49,0,2,43,10,55,0,15,76,13,104,192,14,206,310
06/23/2022,HDC,LA,ASW,CE,Federal Contract Tower,0,7,24,2,33,0,1,32,8,41,0,8,56,10,74,143,11,154,228
06/24/2022,HDC,LA,ASW,CE,Federal Contract Tower,0,3,35,1,39,0,0,47,2,49,0,3,82,3,88,207,3,210,298
06/25/2022,HDC,LA,ASW,CE,Federal Contract Tower,0,3,15,1,19,0,1,21,3,25,0,4,36,4,44,92,4,96,140
06/26/2022,HDC,LA,ASW,CE,Federal Contract Tower,0,0,21,0,21,0,0,28,0,28,0,0,49,0,49,126,0,126,175
06/27/2022,HDC,LA,ASW,CE,Federal Contract Tower,0,6,13,0,19,0,1,17,0,18,0,7,30,0,37,76,1,77,114
06/28/2022,HDC,LA,ASW,CE,Federal Contract Tower,0,9,27,2,38,0,2,36,8,46,0,11,63,10,84,159,10,169,253
06/29/2022,HDC,LA,ASW,CE,Federal Contract Tower,0,4,42,8,54,0,1,56,29,86,0,5,98,37,140,249,39,288,428
06/30/2022,HDC,LA,ASW,CE,Federal Contract Tower,0,1,15,1,17,0,0,19,3,22,0,1,34,4,39,86,5,91,130
07/01/2022,HDC,LA,ASW,CE,Federal Contract Tower,0,3,17,1,21,0,1,22,3,26,0,4,39,4,47,99,4,103,150
07/02/2022,HDC,LA,ASW,CE,Federal Contract Tower,0,3,29,1,33,0,1,38,4,43,0,4,67,5,76,170,6,176,252
07/03/2022,HDC,LA,ASW,CE,Federal Contract Tower,0,3,18,0,21,0,1,24,1,26,0,4,42,1,47,104,1,105,152
07/04/2022,HDC,LA,ASW,CE,Federal Contract Tower,0,2,7,0,9,0,0,9,0,9,0,2,16,0,18,42,0,42,60
07/05/2022,HDC,LA,ASW,CE,Federal Contract Tower,0,3,13,1,17,0,0,18,5,23,0,3,31,6,40,80,6,86,126
07/06/2022,HDC,LA,ASW,CE,Federal Contract Tower,0,5,31,4,40,0,1,42,14,57,0,6,73,18,97,185,19,204,301
07/07/2022,HDC,LA,ASW,CE,Federal Contract Tower,0,1,33,1,35,0,0,44,4,48,0,1,77,5,83,195,5,200,283
07/08/2022,HDC,LA,ASW,CE,Federal Contract Tower,0,3,25,1,29,0,0,33,2,35,0,3,58,3,64,146,3,149,213
07/09/2022,HDC,LA,ASW,CE,Federal Contract Tower,0,6,22,2,30,0,1,29,6,36,0,7,51,8,66,130,8,138,204
07/10/2022,HDC,LA,ASW,CE,Federal Contract Tower,0,8,11,1,20,0,1,15,3,19,0,9,26,4,39,65,4,69,108
07/11/2022,HDC,LA,ASW,CE,Federal Contract Tower,0,9,27,0,36,0,2,36,0,38,0,11,63,0,74,162,0,162,236
07/12/2022,HDC,LA,ASW,CE,Federal Contract Tower,0,2,24,1,27,0,0,33,2,35,0,2,57,3,62,145,3,148,210
07/13/2022,HDC,LA,ASW,CE,Federal Contract Tower,0,3,30,1,34,0,1,40,5,46,0,4,70,6,80,176,7,183,263
07/14/2022,HDC,LA,ASW,CE,Federal Contract Tower,0,2,29,3,34,0,0,38,13,51,0,2,67,16,85,170,17,187,272
07/15/2022,HDC,LA,ASW,CE,Federal Contract Tower,0,0,35,3,38,0,0,47,10,57,0,0,82,13,95,209,14,223,318
07/16/2022,HDC,LA,ASW,CE,Federal Contract Tower,0,3,27,0,30,0,0,36,0,36,0,3,63,0,66,161,0,161,227
07/17/2022,HDC,LA,ASW,CE,Federal Contract Tower,0,4,14,0,18,0,1,18,2,21,0,5,32,2,39,80,2,82,121
07/18/2022,HDC,LA,ASW,CE,Federal Contract Tower,0,13,22,2,37,0,3,29,6,38,0,16,51,8,75,129,8,137,212
07/19/2022,HDC,LA,ASW,CE,Federal Contract Tower,0,6,31,3,40,0,1,42,13,56,0,7,73,16,96,186,17,203,299
07/20/2022,HDC,LA,ASW,CE,Federal Contract Tower,0,0,33,4,37,0,0,45,15,60,0,0,78,19,97,198,20,218,315
07/21/2022,HDC,LA,ASW,CE,Federal Contract Tower,0,2,26,5,33,0,0,35,18,53,0,2,61,23,86,156,24,180,266
07/22/2022,HDC,LA,ASW,CE,Federal Contract Tower,0,1,7,0,8,0,0,10,1,11,0,1,17,1,19,43,1,44,63
07/23/2022,HDC,LA,ASW,CE,Federal Contract Tower,0,2,20,0,22,0,0,26,0,26,0,2,46,0,48,116,0,116,164
07/24/2022,HDC,LA,ASW,CE,Federal Contract Tower,0,3,21,1,25,0,0,29,3,32,0,3,50,4,57,127,4,131,188
07/25/2022,HDC,LA,ASW,CE,Federal Contract Tower,0,0,19,0,19,0,0,26,0,26,0,0,45,0,45,115,0,115,160
07/26/2022,HDC,LA,ASW,CE,Federal Contract Tower,0,3,32,2,37,0,1,43,6,50,0,4,75,8,87,192,9,201,288
07/27/2022,HDC,LA,ASW,CE,Federal Contract Tower,0,4,24,2,30,0,1,33,8,42,0,5,57,10,72,145,11,156,228
07/28/2022,HDC,LA,ASW,CE,Federal Contract Tower,0,2,25,1,28,0,0,34,5,39,0,2,59,6,67,149,6,155,222
07/29/2022,HDC,LA,ASW,CE,Federal Contract Tower,0,0,15,1,16,0,0,21,4,25,0,0,36,5,41,92,6,98,139
07/30/2022,HDC,LA,ASW,CE,Federal Contract Tower,0,4,27,0,31,0,1,35,1,37,0,5,62,1,68,157,2,159,227
07/31/2022,HDC,LA,ASW,CE,Federal Contract Tower,0,5,22,1,28,0,1,30,2,33,0,6,52,3,61,133,3,136,197
08/01/2022,HDC,LA,ASW,CE,Federal Contract Tower,0,2,12,0,14,0,0,20,8,28,0,2,32,8,42,132,0,132,174
08/02/2022,HDC,LA,ASW,CE,Federal Contract Tower,0,5,11,0,16,0,4,4,0,8,0,9,15,0,24,40,0,40,64
08/03/2022,HDC,LA,ASW,CE,Federal Contract Tower,0,2,16,3,21,0,0,16,6,22,0,2,32,9,43,96,0,96,139
08/04/2022,HDC,LA,ASW,CE,Federal Contract Tower,0,11,15,0,26,0,0,10,5,15,0,11,25,5,41,232,10,242,283
08/05/2022,HDC,LA,ASW,CE,Federal Contract Tower,0,3,16,0,19,0,0,32,1,33,0,3,48,1,52,168,0,168,220
08/06/2022,HDC,LA,ASW,CE,Federal Contract Tower,0,0,12,12,24,0,1,14,0,15,0,1,26,12,39,118,10,128,167
08/07/2022,HDC,LA,ASW,CE,Federal Contract Tower,0,2,20,0,22,0,0,15,3,18,0,2,35,3,40,170,0,170,210
08/08/2022,HDC,LA,ASW,CE,Federal Contract Tower,0,6,17,0,23,0,0,9,5,14,0,6,26,5,37,145,0,145,182
08/09/2022,HDC,LA,ASW,CE,Federal Contract Tower,0,0,18,0,18,0,0,54,7,61,0,0,72,7,79,113,0,113,192
08/10/2022,HDC,LA,ASW,CE,Federal Contract Tower,0,2,33,1,36,0,4,20,6,30,0,6,53,7,66,202,0,202,268
08/11/2022,HDC,LA,ASW,CE,Federal Contract Tower,0,3,12,1,16,0,0,10,6,16,0,3,22,7,32,107,0,107,139
08/12/2022,HDC,LA,ASW,CE,Federal Contract Tower,0,2,28,0,30,0,2,15,3,20,0,4,43,3,50,148,0,148,198
08/13/2022,HDC,LA,ASW,CE,Federal Contract Tower,0,4,21,0,25,0,2,10,9,21,0,6,31,9,46,112,0,112,158
08/14/2022,HDC,LA,ASW,CE,Federal Contract Tower,0,0,12,0,12,0,2,18,3,23,0,2,30,3,35,122,0,122,157
08/15/2022,HDC,LA,ASW,CE,Federal Contract Tower,0,5,34,2,41,0,0,37,5,42,0,5,71,7,83,141,0,141,224
08/16/2022,HDC,LA,ASW,CE,Federal Contract Tower,0,4,14,7,25,0,0,42,22,64,0,4,56,29,89,103,0,103,192
08/17/2022,HDC,LA,ASW,CE,Federal Contract Tower,0,1,25,4,30,0,0,32,20,52,0,1,57,24,82,238,0,238,320
08/18/2022,HDC,LA,ASW,CE,Federal Contract Tower,0,4,20,2,26,0,0,12,3,15,0,4,32,5,41,76,0,76,117
08/19/2022,HDC,LA,ASW,CE,Federal Contract Tower,0,8,15,0,23,0,0,48,0,48,0,8,63,0,71,110,53,163,234
08/20/2022,HDC,LA,ASW,CE,Federal Contract Tower,0,2,5,0,7,0,0,41,2,43,0,2,46,2,50,64,7,71,121
08/21/2022,HDC,LA,ASW,CE,Federal Contract Tower,0,4,24,1,29,0,0,28,11,39,0,4,52,12,68,59,27,86,154
08/22/2022,HDC,LA,ASW,CE,Federal Contract Tower,0,8,41,1,50,0,0,34,4,38,0,8,75,5,88,90,0,90,178
08/23/2022,HDC,LA,ASW,CE,Federal Contract Tower,0,4,11,1,16,0,0,3,0,3,0,4,14,1,19,4,0,4,23
08/24/2022,HDC,LA,ASW,CE,Federal Contract Tower,0,2,11,0,13,0,0,20,0,20,0,2,31,0,33,48,4,52,85
08/25/2022,HDC,LA,ASW,CE,Federal Contract Tower,0,5,18,2,25,0,0,24,2,26,0,5,42,4,51,48,41,89,140
08/26/2022,HDC,LA,ASW,CE,Federal Contract Tower,0,3,22,2,27,0,0,24,5,29,0,3,46,7,56,40,36,76,132
08/27/2022,HDC,LA,ASW,CE,Federal Contract Tower,0,1,25,0,26,0,0,12,3,15,0,1,37,3,41,67,0,67,108
08/28/2022,HDC,LA,ASW,CE,Federal Contract Tower,0,9,11,0,20,0,0,42,0,42,0,9,53,0,62,60,0,60,122
08/29/2022,HDC,LA,ASW,CE,Federal Contract Tower,0,0,20,0,20,0,0,22,24,46,0,0,42,24,66,165,2,167,233
08/30/2022,HDC,LA,ASW,CE,Federal Contract Tower,0,6,8,3,17,0,1,10,14,25,0,7,18,17,42,139,40,179,221
08/31/2022,HDC,LA,ASW,CE,Federal Contract Tower,0,13,21,5,39,0,3,94,16,113,0,16,115,21,152,142,30,172,324
09/01/2022,HDC,LA,ASW,CE,Federal Contract Tower,0,3,16,3,22,0,0,26,14,40,0,3,42,17,62,220,0,220,282
09/02/2022,HDC,LA,ASW,CE,Federal Contract Tower,0,12,37,0,49,0,4,49,4,57,0,16,86,4,106,75,3,78,184
09/03/2022,HDC,LA,ASW,CE,Federal Contract Tower,0,5,11,1,17,0,0,4,0,4,0,5,15,1,21,29,0,29,50
09/04/2022,HDC,LA,ASW,CE,Federal Contract Tower,0,2,8,0,10,0,0,2,0,2,0,2,10,0,12,8,0,8,20
09/05/2022,HDC,LA,ASW,CE,Federal Contract Tower,0,4,17,0,21,0,0,10,0,10,0,4,27,0,31,50,0,50,81
09/06/2022,HDC,LA,ASW,CE,Federal Contract Tower,0,4,28,5,37,0,1,24,16,41,0,5,52,21,78,111,0,111,189
09/07/2022,HDC,LA,ASW,CE,Federal Contract Tower,0,6,25,1,32,0,4,28,17,49,0,10,53,18,81,157,0,157,238
09/08/2022,HDC,LA,ASW,CE,Federal Contract Tower,0,6,25,1,32,0,4,28,17,49,0,10,53,18,81,157,10,167,248
09/09/2022,HDC,LA,ASW,CE,Federal Contract Tower,0,3,21,4,28,0,0,17,13,30,0,3,38,17,58,85,6,91,149
09/10/2022,HDC,LA,ASW,CE,Federal Contract Tower,0,5,23,1,29,0,2,32,17,51,0,7,55,18,80,104,20,124,204
09/11/2022,HDC,LA,ASW,CE,Federal Contract Tower,0,10,12,7,29,0,0,59,14,73,0,10,71,21,102,93,0,93,195
09/12/2022,HDC,LA,ASW,CE,Federal Contract Tower,0,8,15,0,23,0,0,48,0,48,0,8,63,0,71,59,10,69,140
09/13/2022,HDC,LA,ASW,CE,Federal Contract Tower,0,3,12,11,26,0,1,41,13,55,0,4,53,24,81,201,5,206,287
09/14/2022,HDC,LA,ASW,CE,Federal Contract Tower,0,7,17,2,26,0,4,60,9,73,0,11,77,11,99,81,0,81,180
09/15/2022,HDC,LA,ASW,CE,Federal Contract Tower,0,5,13,4,22,0,2,32,12,46,0,7,45,16,68,154,0,154,222
09/16/2022,HDC,LA,ASW,CE,Federal Contract Tower,0,5,34,1,40,0,4,35,8,47,0,9,69,9,87,144,4,148,235
09/17/2022,HDC,LA,ASW,CE,Federal Contract Tower,0,4,11,2,17,0,0,54,4,58,0,4,65,6,75,142,0,142,217
09/18/2022,HDC,LA,ASW,CE,Federal Contract Tower,0,6,16,0,22,0,0,63,10,73,0,6,79,10,95,109,0,109,204
09/19/2022,HDC,LA,ASW,CE,Federal Contract Tower,0,6,35,0,41,0,0,54,9,63,0,6,89,9,104,250,0,250,354
09/20/2022,HDC,LA,ASW,CE,Federal Contract Tower,0,3,13,4,20,0,5,30,12,47,0,8,43,16,67,168,2,170,237
09/21/2022,HDC,LA,ASW,CE,Federal Contract Tower,0,4,20,4,28,0,6,49,16,71,0,10,69,20,99,138,0,138,237
09/22/2022,HDC,LA,ASW,CE,Federal Contract Tower,0,2,26,11,39,0,1,27,10,38,0,3,53,21,77,152,4,156,233
09/23/2022,HDC,LA,ASW,CE,Federal Contract Tower,0,6,30,8,44,0,0,41,9,50,0,6,71,17,94,115,4,119,213
09/24/2022,HDC,LA,ASW,CE,Federal Contract Tower,0,0,24,0,24,0,0,66,2,68,0,0,90,2,92,129,0,129,221
09/25/2022,HDC,LA,ASW,CE,Federal Contract Tower,0,0,21,0,21,0,0,58,0,58,0,0,79,0,79,103,0,103,182
09/26/2022,HDC,LA,ASW,CE,Federal Contract Tower,0,3,11,1,15,0,2,35,5,42,0,5,46,6,57,179,0,179,236
09/27/2022,HDC,LA,ASW,CE,Federal Contract Tower,0,13,20,4,37,0,2,31,10,43,0,15,51,14,80,106,3,109,189
09/28/2022,HDC,LA,ASW,CE,Federal Contract Tower,0,4,15,1,20,0,0,29,18,47,0,4,44,19,67,125,0,125,192
09/29/2022,HDC,LA,ASW,CE,Federal Contract Tower,0,1,6,5,12,0,0,33,12,45,0,1,39,17,57,114,0,114,171
09/30/2022,HDC,LA,ASW,CE,Federal Contract Tower,0,3,33,5,41,0,0,115,10,125,0,3,148,15,166,115,0,115,281
10/01/2022,HDC,LA,ASW,CE,Federal Contract Tower,0,1,10,0,11,0,0,47,1,48,0,1,57,1,59,128,0,128,187
10/02/2022,HDC,LA,ASW,CE,Federal Contract Tower,0,4,41,0,45,0,3,56,1,60,0,7,97,1,105,133,0,133,238
10/03/2022,HDC,LA,ASW,CE,Federal Contract Tower,0,4,17,1,22,0,4,35,8,47,0,8,52,9,69,178,0,178,247
10/04/2022,HDC,LA,ASW,CE,Federal Contract Tower,0,6,23,2,31,0,5,40,10,55,0,11,63,12,86,153,0,153,239
10/05/2022,HDC,LA,ASW,CE,Federal Contract Tower,0,0,29,6,35,0,7,92,10,109,0,7,121,16,144,141,0,141,285
10/06/2022,HDC,LA,ASW,CE,Federal Contract Tower,0,1,37,7,45,0,2,65,15,82,0,3,102,22,127,188,0,188,315
10/07/2022,HDC,LA,ASW,CE,Federal Contract Tower,0,15,37,2,54,0,0,86,4,90,0,15,123,6,144,283,0,283,427
10/08/2022,HDC,LA,ASW,CE,Federal Contract Tower,0,1,18,1,20,0,6,48,2,56,0,7,66,3,76,83,0,83,159
10/09/2022,HDC,LA,ASW,CE,Federal Contract Tower,0,0,52,0,52,0,4,34,2,40,0,4,86,2,92,193,0,193,285
10/10/2022,HDC,LA,ASW,CE,Federal Contract Tower,0,1,36,0,37,0,3,31,0,34,0,4,67,0,71,243,0,243,314
10/11/2022,HDC,LA,ASW,CE,Federal Contract Tower,0,5,45,7,57,0,2,45,25,72,0,7,90,32,129,198,17,215,344
10/12/2022,HDC,LA,ASW,CE,Federal Contract Tower,0,1,21,2,24,0,2,15,8,25,0,3,36,10,49,30,10,40,89
10/13/2022,HDC,LA,ASW,CE,Federal Contract Tower,0,11,40,7,58,0,5,81,55,141,0,16,121,62,199,222,10,232,431
10/14/2022,HDC,LA,ASW,CE,Federal Contract Tower,0,4,21,2,27,0,0,88,25,113,0,4,109,27,140,205,12,217,357
10/15/2022,HDC,LA,ASW,CE,Federal Contract Tower,0,3,17,4,24,0,2,52,12,66,0,5,69,16,90,102,0,102,192
10/16/2022,HDC,LA,ASW,CE,Federal Contract Tower,0,3,15,0,18,0,4,29,0,33,0,7,44,0,51,136,0,136,187
10/17/2022,HDC,LA,ASW,CE,Federal Contract Tower,0,12,55,2,69,0,2,53,4,59,0,14,108,6,128,160,0,160,288
10/18/2022,HDC,LA,ASW,CE,Federal Contract Tower,0,0,32,0,32,0,4,47,3,54,0,4,79,3,86,288,20,308,394
10/19/2022,HDC,LA,ASW,CE,Federal Contract Tower,0,7,14,3,24,0,3,84,25,112,0,10,98,28,136,205,10,215,351
10/20/2022,HDC,LA,ASW,CE,Federal Contract Tower,0,12,39,4,55,0,4,65,17,86,0,16,104,21,141,119,10,129,270
10/21/2022,HDC,LA,ASW,CE,Federal Contract Tower,0,4,33,4,41,0,5,52,6,63,0,9,85,10,104,147,10,157,261
10/22/2022,HDC,LA,ASW,CE,Federal Contract Tower,0,4,13,0,17,0,10,36,0,46,0,14,49,0,63,56,0,56,119
10/23/2022,HDC,LA,ASW,CE,Federal Contract Tower,0,5,23,0,28,0,2,28,3,33,0,7,51,3,61,100,0,100,161
10/24/2022,HDC,LA,ASW,CE,Federal Contract Tower,0,5,31,0,36,0,9,48,0,57,0,14,79,0,93,109,0,109,202
10/25/2022,HDC,LA,ASW,CE,Federal Contract Tower,0,8,28,4,40,0,2,38,12,52,0,10,66,16,92,94,10,104,196
10/26/2022,HDC,LA,ASW,CE,Federal Contract Tower,0,1,55,6,62,0,2,54,23,79,0,3,109,29,141,229,6,235,376
10/27/2022,HDC,LA,ASW,CE,Federal Contract Tower,0,3,46,6,55,0,4,69,8,81,0,7,115,14,136,232,16,248,384
10/28/2022,HDC,LA,ASW,CE,Federal Contract Tower,0,0,44,6,50,0,2,55,5,62,0,2,99,11,112,143,5,148,260
10/29/2022,HDC,LA,ASW,CE,Federal Contract Tower,0,2,16,0,18,0,3,2,0,5,0,5,18,0,23,27,0,27,50
10/30/2022,HDC,LA,ASW,CE,Federal Contract Tower,0,0,19,0,19,0,0,12,0,12,0,0,31,0,31,107,0,107,138
10/31/2022,HDC,LA,ASW,CE,Federal Contract Tower,0,8,21,3,32,0,0,40,7,47,0,8,61,10,79,175,0,175,254
11/01/2022,HDC,LA,ASW,CE,Federal Contract Tower,0,3,25,5,33,0,1,47,17,65,0,4,72,22,98,153,12,165,263
11/02/2022,HDC,LA,ASW,CE,Federal Contract Tower,0,1,34,6,41,0,1,54,29,84,0,2,88,35,125,191,14,205,330
11/03/2022,HDC,LA,ASW,CE,Federal Contract Tower,0,3,28,2,33,0,2,34,8,44,0,5,62,10,77,241,20,261,338
11/04/2022,HDC,LA,ASW,CE,Federal Contract Tower,0,5,25,20,50,0,0,11,9,20,0,5,36,29,70,51,21,72,142
11/05/2022,HDC,LA,ASW,CE,Federal Contract Tower,0,0,4,0,4,0,0,0,0,0,0,0,4,0,4,0,0,0,4
11/06/2022,HDC,LA,ASW,CE,Federal Contract Tower,0,6,16,0,22,0,0,22,20,42,0,6,38,20,64,80,0,80,144
11/07/2022,HDC,LA,ASW,CE,Federal Contract Tower,0,0,60,2,62,0,2,80,10,92,0,2,140,12,154,130,0,130,284
11/08/2022,HDC,LA,ASW,CE,Federal Contract Tower,0,7,23,6,36,0,0,38,28,66,0,7,61,34,102,92,48,140,242
11/09/2022,HDC,LA,ASW,CE,Federal Contract Tower,0,5,40,10,55,0,9,19,16,44,0,14,59,26,99,124,0,124,223
11/10/2022,HDC,LA,ASW,CE,Federal Contract Tower,0,3,17,0,20,0,6,19,6,31,0,9,36,6,51,146,0,146,197
11/11/2022,HDC,LA,ASW,CE,Federal Contract Tower,0,5,34,0,39,0,5,28,3,36,0,10,62,3,75,49,1,50,125
11/12/2022,HDC,LA,ASW,CE,Federal Contract Tower,0,0,20,0,20,0,0,10,0,10,0,0,30,0,30,0,0,0,30
11/13/2022,HDC,LA,ASW,CE,Federal Contract Tower,0,5,24,0,29,0,3,80,0,83,0,8,104,0,112,99,0,99,211
11/14/2022,HDC,LA,ASW,CE,Federal Contract Tower,0,5,13,0,18,0,4,35,0,39,0,9,48,0,57,119,0,119,176
11/15/2022,HDC,LA,ASW,CE,Federal Contract Tower,0,2,26,19,47,0,2,3,8,13,0,4,29,27,60,22,32,54,114
11/16/2022,HDC,LA,ASW,CE,Federal Contract Tower,0,4,29,4,37,0,2,21,16,39,0,6,50,20,76,130,27,157,233
11/17/2022,HDC,LA,ASW,CE,Federal Contract Tower,0,1,25,7,33,0,3,18,11,32,0,4,43,18,65,130,3,133,198
11/18/2022,HDC,LA,ASW,CE,Federal Contract Tower,0,10,36,3,49,0,3,33,6,42,0,13,69,9,91,52,12,64,155
11/19/2022,HDC,LA,ASW,CE,Federal Contract Tower,0,1,21,1,23,0,0,27,4,31,0,1,48,5,54,86,0,86,140
11/20/2022,HDC,LA,ASW,CE,Federal Contract Tower,0,10,26,0,36,0,11,42,0,53,0,21,68,0,89,97,0,97,186
11/21/2022,HDC,LA,ASW,CE,Federal Contract Tower,0,6,30,0,36,0,4,34,6,44,0,10,64,6,80,162,1,163,243
11/22/2022,HDC,LA,ASW,CE,Federal Contract Tower,0,3,21,1,25,0,1,16,7,24,0,4,37,8,49,191,0,191,240
11/23/2022,HDC,LA,ASW,CE,Federal Contract Tower,0,0,46,2,48,0,5,22,3,30,0,5,68,5,78,70,2,72,150
11/24/2022,HDC,LA,ASW,CE,Federal Contract Tower,0,0,1,0,1,0,2,2,0,4,0,2,3,0,5,26,0,26,31
11/25/2022,HDC,LA,ASW,CE,Federal Contract Tower,0,1,18,0,19,0,1,1,0,2,0,2,19,0,21,1,0,1,22
11/26/2022,HDC,LA,ASW,CE,Federal Contract Tower,0,7,4,0,11,0,0,0,0,0,0,7,4,0,11,0,0,0,11
11/27/2022,HDC,LA,ASW,CE,Federal Contract Tower,0,0,33,0,33,0,7,52,0,59,0,7,85,0,92,201,0,201,293
11/28/2022,HDC,LA,ASW,CE,Federal Contract Tower,0,3,64,0,67,0,0,32,9,41,0,3,96,9,108,247,0,247,355
11/29/2022,HDC,LA,ASW,CE,Federal Contract Tower,0,1,22,6,29,0,0,1,10,11,0,1,23,16,40,6,11,17,57
11/30/2022,HDC,LA,ASW,CE,Federal Contract Tower,0,5,18,3,26,0,4,60,35,99,0,9,78,38,125,116,21,137,262
12/01/2022,HDC,LA,ASW,CE,Federal Contract Tower,0,14,36,6,56,0,8,69,23,100,0,22,105,29,156,130,14,144,300
12/02/2022,HDC,LA,ASW,CE,Federal Contract Tower,0,1,29,2,32,0,3,79,28,110,0,4,108,30,142,134,8,142,284
12/03/2022,HDC,LA,ASW,CE,Federal Contract Tower,0,0,24,0,24,0,0,1,1,2,0,0,25,1,26,17,0,17,43
12/04/2022,HDC,LA,ASW,CE,Federal Contract Tower,0,6,37,6,49,0,0,0,0,0,0,6,37,6,49,0,0,0,49
12/05/2022,HDC,LA,ASW,CE,Federal Contract Tower,0,0,26,3,29,0,0,6,3,9,0,0,32,6,38,49,0,49,87
12/06/2022,HDC,LA,ASW,CE,Federal Contract Tower,0,5,22,3,30,0,13,58,21,92,0,18,80,24,122,125,14,139,261
12/07/2022,HDC,LA,ASW,CE,Federal Contract Tower,0,4,19,4,27,0,0,37,27,64,0,4,56,31,91,121,19,140,231
12/08/2022,HDC,LA,ASW,CE,Federal Contract Tower,0,1,48,2,51,0,0,45,31,76,0,1,93,33,127,206,6,212,339
12/09/2022,HDC,LA,ASW,CE,Federal Contract Tower,0,4,30,1,35,0,0,20,11,31,0,4,50,12,66,110,10,120,186
12/10/2022,HDC,LA,ASW,CE,Federal Contract Tower,0,2,15,1,18,0,0,5,0,5,0,2,20,1,23,164,0,164,187
12/11/2022,HDC,LA,ASW,CE,Federal Contract Tower,0,1,10,0,11,0,0,0,0,0,0,1,10,0,11,0,0,0,11
12/12/2022,HDC,LA,ASW,CE,Federal Contract Tower,0,4,23,0,27,0,4,14,7,25,0,8,37,7,52,91,1,92,144
12/13/2022,HDC,LA,ASW,CE,Federal Contract Tower,0,2,28,4,34,0,0,42,6,48,0,2,70,10,82,45,11,56,138
12/14/2022,HDC,LA,ASW,CE,Federal Contract Tower,0,2,4,2,8,0,0,4,1,5,0,2,8,3,13,15,18,33,46
12/15/2022,HDC,LA,ASW,CE,Federal Contract Tower,0,6,30,1,37,0,0,50,25,75,0,6,80,26,112,160,0,160,272
12/16/2022,HDC,LA,ASW,CE,Federal Contract Tower,0,9,46,2,57,0,6,57,13,76,0,15,103,15,133,141,61,202,335
12/17/2022,HDC,LA,ASW,CE,Federal Contract Tower,0,8,20,2,30,0,2,12,1,15,0,10,32,3,45,114,0,114,159
12/18/2022,HDC,LA,ASW,CE,Federal Contract Tower,0,5,31,0,36,0,51,13,0,64,0,56,44,0,100,51,0,51,151
12/19/2022,HDC,LA,ASW,CE,Federal Contract Tower,0,1,42,0,43,0,1,17,1,19,0,2,59,1,62,107,0,107,169
12/20/2022,HDC,LA,ASW,CE,Federal Contract Tower,0,3,12,2,17,0,0,0,0,0,0,3,12,2,17,0,0,0,17
12/21/2022,HDC,LA,ASW,CE,Federal Contract Tower,0,0,13,0,13,0,0,0,0,0,0,0,13,0,13,0,0,0,13
12/22/2022,HDC,LA,ASW,CE,Federal Contract Tower,0,6,28,5,39,0,2,12,6,20,0,8,40,11,59,1,0,1,60
12/23/2022,HDC,LA,ASW,CE,Federal Contract Tower,0,1,11,1,13,0,2,9,4,15,0,3,20,5,28,35,0,35,63
12/24/2022,HDC,LA,ASW,CE,Federal Contract Tower,0,1,4,0,5,0,5,10,0,15,0,6,14,0,20,30,0,30,50
12/25/2022,HDC,LA,ASW,CE,Federal Contract Tower,0,0,4,0,4,0,0,4,0,4,0,0,8,0,8,2,0,2,10
12/26/2022,HDC,LA,ASW,CE,Federal Contract Tower,0,4,31,0,35,0,1,48,0,49,0,5,79,0,84,42,0,42,126
12/27/2022,HDC,LA,ASW,CE,Federal Contract Tower,0,2,37,0,39,0,1,43,6,50,0,3,80,6,89,100,0,100,189
12/28/2022,HDC,LA,ASW,CE,Federal Contract Tower,0,4,42,0,46,0,1,48,3,52,0,5,90,3,98,237,0,237,335
12/29/2022,HDC,LA,ASW,CE,Federal Contract Tower,0,4,17,0,21,0,5,38,11,54,0,9,55,11,75,102,2,104,179
12/30/2022,HDC,LA,ASW,CE,Federal Contract Tower,0,2,12,0,14,0,0,0,0,0,0,2,12,0,14,0,0,0,14
12/31/2022,HDC,LA,ASW,CE,Federal Contract Tower,0,1,10,0,11,0,0,3,0,3,0,1,13,0,14,32,0,32,46
01/01/2023,HDC,LA,ASW,CE,Federal Contract Tower,0,1,3,0,4,0,0,0,0,0,0,1,3,0,4,0,0,0,4
01/02/2023,HDC,LA,ASW,CE,Federal Contract Tower,0,3,14,6,23,0,2,7,0,9,0,5,21,6,32,18,0,18,50
01/03/2023,HDC,LA,ASW,CE,Federal Contract Tower,0,4,10,0,14,0,0,0,0,0,0,4,10,0,14,0,0,0,14
01/04/2023,HDC,LA,ASW,CE,Federal Contract Tower,0,6,27,2,35,0,4,40,37,81,0,10,67,39,116,144,11,155,271
01/05/2023,HDC,LA,ASW,CE,Federal Contract Tower,0,2,36,4,42,0,1,40,31,72,0,3,76,35,114,180,10,190,304
01/06/2023,HDC,LA,ASW,CE,Federal Contract Tower,0,5,35,2,42,0,1,60,20,81,0,6,95,22,123,200,2,202,325
01/07/2023,HDC,LA,ASW,CE,Federal Contract Tower,0,7,27,2,36,0,0,84,27,111,0,7,111,29,147,343,10,353,500
01/08/2023,HDC,LA,ASW,CE,Federal Contract Tower,0,6,20,3,29,0,0,3,2,5,0,6,23,5,34,2,0,2,36
01/09/2023,HDC,LA,ASW,CE,Federal Contract Tower,0,0,35,2,37,0,26,0,1,27,0,26,35,3,64,76,0,76,140
01/10/2023,HDC,LA,ASW,CE,Federal Contract Tower,0,2,33,18,53,0,0,42,18,60,0,2,75,36,113,121,10,131,244
01/11/2023,HDC,LA,ASW,CE,Federal Contract Tower,0,3,44,11,58,0,0,25,22,47,0,3,69,33,105,66,1,67,172
01/12/2023,HDC,LA,ASW,CE,Federal Contract Tower,0,3,26,2,31,0,6,35,19,60,0,9,61,21,91,68,8,76,167
01/13/2023,HDC,LA,ASW,CE,Federal Contract Tower,0,5,15,1,21,0,2,29,6,37,0,7,44,7,58,146,4,150,208
01/14/2023,HDC,LA,ASW,CE,Federal Contract Tower,0,0,17,0,17,0,5,25,0,30,0,5,42,0,47,207,0,207,254
01/15/2023,HDC,LA,ASW,CE,Federal Contract Tower,0,1,18,0,19,0,8,26,0,34,0,9,44,0,53,104,0,104,157
01/16/2023,HDC,LA,ASW,CE,Federal Contract Tower,0,1,27,1,29,0,5,18,0,23,0,6,45,1,52,139,0,139,191
01/17/2023,HDC,LA,ASW,CE,Federal Contract Tower,0,11,33,4,48,0,3,5,20,28,0,14,38,24,76,12,8,20,96
01/18/2023,HDC,LA,ASW,CE,Federal Contract Tower,0,5,21,6,32,0,1,13,13,27,0,6,34,19,59,10,15,25,84
01/19/2023,HDC,LA,ASW,CE,Federal Contract Tower,0,1,21,10,32,0,0,70,25,95,0,1,91,35,127,130,0,130,257
01/20/2023,HDC,LA,ASW,CE,Federal Contract Tower,0,3,20,3,26,0,2,74,22,98,0,5,94,25,124,142,24,166,290
01/21/2023,HDC,LA,ASW,CE,Federal Contract Tower,0,2,10,0,12,0,0,0,1,1,0,2,10,1,13,4,0,4,17
01/22/2023,HDC,LA,ASW,CE,Federal Contract Tower,0,3,9,0,12,0,4,0,2,6,0,7,9,2,18,8,0,8,26
01/23/2023,HDC,LA,ASW,CE,Federal Contract Tower,0,5,21,4,30,0,1,23,7,31,0,6,44,11,61,96,1,97,158
01/24/2023,HDC,LA,ASW,CE,Federal Contract Tower,0,1,18,0,19,0,0,10,8,18,0,1,28,8,37,42,4,46,83
01/25/2023,HDC,LA,ASW,CE,Federal Contract Tower,0,1,29,3,33,0,3,27,14,44,0,4,56,17,77,72,2,74,151
01/26/2023,HDC,LA,ASW,CE,Federal Contract Tower,0,5,32,10,47,0,0,100,20,120,0,5,132,30,167,160,15,175,342
01/27/2023,HDC,LA,ASW,CE,Federal Contract Tower,0,4,21,4,29,0,6,39,18,63,0,10,60,22,92,146,1,147,239
01/28/2023,HDC,LA,ASW,CE,Federal Contract Tower,0,1,44,0,45,0,9,73,0,82,0,10,117,0,127,208,0,208,335
01/29/2023,HDC,LA,ASW,CE,Federal Contract Tower,0,4,11,0,15,0,0,0,0,0,0,4,11,0,15,0,0,0,15
01/30/2023,HDC,LA,ASW,CE,Federal Contract Tower,0,3,30,0,33,0,4,0,0,4,0,7,30,0,37,0,0,0,37
01/31/2023,HDC,LA,ASW,CE,Federal Contract Tower,0,2,19,0,21,0,0,0,0,0,0,2,19,0,21,0,0,0,21
02/01/2023,HDC,LA,ASW,CE,Federal Contract Tower,0,2,29,3,34,0,0,0,0,0,0,2,29,3,34,0,0,0,34
02/02/2023,HDC,LA,ASW,CE,Federal Contract Tower,0,3,7,0,10,0,0,0,0,0,0,3,7,0,10,0,0,0,10
02/03/2023,HDC,LA,ASW,CE,Federal Contract Tower,0,4,43,4,51,0,2,131,24,157,0,6,174,28,208,228,16,244,452
02/04/2023,HDC,LA,ASW,CE,Federal Contract Tower,0,5,21,4,30,0,0,95,35,130,0,5,116,39,160,298,0,298,458
02/05/2023,HDC,LA,ASW,CE,Federal Contract Tower,0,0,11,0,11,0,3,58,11,72,0,3,69,11,83,146,0,146,229
02/06/2023,HDC,LA,ASW,CE,Federal Contract Tower,0,2,30,0,32,0,7,66,5,78,0,9,96,5,110,120,0,120,230
02/07/2023,HDC,LA,ASW,CE,Federal Contract Tower,0,5,21,5,31,0,1,38,4,43,0,6,59,9,74,18,15,33,107
02/08/2023,HDC,LA,ASW,CE,Federal Contract Tower,0,5,25,1,31,0,3,4,0,7,0,8,29,1,38,20,12,32,70
02/09/2023,HDC,LA,ASW,CE,Federal Contract Tower,0,2,23,9,34,0,7,67,26,100,0,9,90,35,134,239,11,250,384
02/10/2023,HDC,LA,ASW,CE,Federal Contract Tower,0,7,33,5,45,0,0,19,16,35,0,7,52,21,80,80,0,80,160
02/11/2023,HDC,LA,ASW,CE,Federal Contract Tower,0,1,16,0,17,0,0,1,0,1,0,1,17,0,18,10,0,10,28
02/12/2023,HDC,LA,ASW,CE,Federal Contract Tower,0,2,20,0,22,0,0,62,0,62,0,2,82,0,84,130,0,130,214
02/13/2023,HDC,LA,ASW,CE,Federal Contract Tower,0,0,20,0,20,0,0,83,4,87,0,0,103,4,107,105,0,105,212
02/14/2023,HDC,LA,ASW,CE,Federal Contract Tower,0,0,19,1,20,0,0,22,20,42,0,0,41,21,62,23,44,67,129
02/15/2023,HDC,LA,ASW,CE,Federal Contract Tower,0,0,67,3,70,0,1,16,16,33,0,1,83,19,103,80,36,116,219
02/16/2023,HDC,LA,ASW,CE,Federal Contract Tower,0,4,16,1,21,0,0,2,0,2,0,4,18,1,23,0,0,0,23
02/17/2023,HDC,LA,ASW,CE,Federal Contract Tower,0,6,61,0,67,0,1,76,5,82,0,7,137,5,149,118,0,118,267
02/18/2023,HDC,LA,ASW,CE,Federal Contract Tower,0,8,24,0,32,0,2,68,0,70,0,10,92,0,102,110,0,110,212
02/19/2023,HDC,LA,ASW,CE,Federal Contract Tower,0,0,23,0,23,0,0,91,1,92,0,0,114,1,115,153,0,153,268
02/20/2023,HDC,LA,ASW,CE,Federal Contract Tower,0,0,37,0,37,0,0,54,1,55,0,0,91,1,92,56,0,56,148
02/21/2023,HDC,LA,ASW,CE,Federal Contract Tower,0,4,39,1,44,0,4,27,1,32,0,8,66,2,76,53,0,53,129
02/22/2023,HDC,LA,ASW,CE,Federal Contract Tower,0,6,72,16,94,0,2,17,8,27,0,8,89,24,121,182,6,188,309
02/23/2023,HDC,LA,ASW,CE,Federal Contract Tower,0,7,30,4,41,0,3,29,4,36,0,10,59,8,77,108,11,119,196
02/24/2023,HDC,LA,ASW,CE,Federal Contract Tower,0,0,27,4,31,0,2,21,6,29,0,2,48,10,60,117,7,124,184
02/25/2023,HDC,LA,ASW,CE,Federal Contract Tower,0,9,30,2,41,0,7,29,0,36,0,16,59,2,77,195,0,195,272
02/26/2023,HDC,LA,ASW,CE,Federal Contract Tower,0,7,42,1,50,0,4,43,1,48,0,11,85,2,98,82,0,82,180
02/27/2023,HDC,LA,ASW,CE,Federal Contract Tower,0,4,24,2,30,0,2,64,5,71,0,6,88,7,101,61,0,61,162
02/28/2023,HDC,LA,ASW,CE,Federal Contract Tower,0,3,22,2,27,0,1,43,6,50,0,4,65,8,77,136,0,136,213
03/01/2023,HDC,LA,ASW,CE,Federal Contract Tower,0,2,25,7,34,0,6,44,10,60,0,8,69,17,94,145,2,147,241
03/02/2023,HDC,LA,ASW,CE,Federal Contract Tower,0,0,29,5,34,0,0,25,17,42,0,0,54,22,76,134,18,152,228
03/03/2023,HDC,LA,ASW,CE,Federal Contract Tower,0,7,40,4,51,0,5,49,15,69,0,12,89,19,120,84,0,84,204
03/04/2023,HDC,LA,ASW,CE,Federal Contract Tower,0,0,20,0,20,0,11,147,4,162,0,11,167,4,182,245,0,245,427
03/05/2023,HDC,LA,ASW,CE,Federal Contract Tower,0,0,28,0,28,0,3,66,5,74,0,3,94,5,102,119,0,119,221
03/06/2023,HDC,LA,ASW,CE,Federal Contract Tower,0,1,22,1,24,0,0,5,0,5,0,1,27,1,29,85,0,85,114
03/07/2023,HDC,LA,ASW,CE,Federal Contract Tower,0,0,28,0,28,0,0,42,9,51,0,0,70,9,79,120,0,120,199
03/08/2023,HDC,LA,ASW,CE,Federal Contract Tower,0,4,36,3,43,0,7,35,14,56,0,11,71,17,99,153,0,153,252
03/09/2023,HDC,LA,ASW,CE,Federal Contract Tower,0,6,48,2,56,0,4,75,30,109,0,10,123,32,165,303,12,315,480
03/10/2023,HDC,LA,ASW,CE,Federal Contract Tower,0,4,35,0,39,0,0,23,5,28,0,4,58,5,67,156,0,156,223
03/11/2023,HDC,LA,ASW,CE,Federal Contract Tower,0,1,25,0,26,0,3,4,12,19,0,4,29,12,45,284,1,285,330
03/12/2023,HDC,LA,ASW,CE,Federal Contract Tower,0,5,52,2,59,0,2,26,12,40,0,7,78,14,99,63,0,63,162
03/13/2023,HDC,LA,ASW,CE,Federal Contract Tower,0,2,24,4,30,0,4,74,4,82,0,6,98,8,112,246,0,246,358
03/14/2023,HDC,LA,ASW,CE,Federal Contract Tower,0,2,40,8,50,0,3,64,12,79,0,5,104,20,129,91,1,92,221
03/15/2023,HDC,LA,ASW,CE,Federal Contract Tower,0,3,20,2,25,0,0,50,10,60,0,3,70,12,85,155,0,155,240
03/16/2023,HDC,LA,ASW,CE,Federal Contract Tower,0,2,16,1,19,0,0,38,8,46,0,2,54,9,65,114,0,114,179
03/17/2023,HDC,LA,ASW,CE,Federal Contract Tower,0,2,4,0,6,0,0,2,1,3,0,2,6,1,9,0,0,0,9
03/18/2023,HDC,LA,ASW,CE,Federal Contract Tower,0,6,39,0,45,0,2,32,0,34,0,8,71,0,79,137,0,137,216
03/19/2023,HDC,LA,ASW,CE,Federal Contract Tower,0,4,44,0,48,0,4,101,0,105,0,8,145,0,153,181,0,181,334
03/20/2023,HDC,LA,ASW,CE,Federal Contract Tower,0,7,25,0,32,0,1,88,23,112,0,8,113,23,144,226,0,226,370
03/21/2023,HDC,LA,ASW,CE,Federal Contract Tower,0,2,35,13,50,0,4,49,9,62,0,6,84,22,112,181,15,196,308
03/22/2023,HDC,LA,ASW,CE,Federal Contract Tower,0,0,25,6,31,0,0,55,16,71,0,0,80,22,102,155,15,170,272
03/23/2023,HDC,LA,ASW,CE,Federal Contract Tower,0,4,43,7,54,0,0,45,18,63,0,4,88,25,117,98,26,124,241
03/24/2023,HDC,LA,ASW,CE,Federal Contract Tower,0,3,24,4,31,0,0,17,5,22,0,3,41,9,53,51,0,51,104
03/25/2023,HDC,LA,ASW,CE,Federal Contract Tower,0,1,46,0,47,0,0,23,21,44,0,1,69,21,91,150,11,161,252
03/26/2023,HDC,LA,ASW,CE,Federal Contract Tower,0,0,30,0,30,0,3,20,0,23,0,3,50,0,53,73,0,73,126
03/27/2023,HDC,LA,ASW,CE,Federal Contract Tower,0,1,19,0,20,0,0,15,1,16,0,1,34,1,36,46,0,46,82
03/28/2023,HDC,LA,ASW,CE,Federal Contract Tower,0,5,18,3,26,0,6,10,12,28,0,11,28,15,54,20,0,20,74
03/29/2023,HDC,LA,ASW,CE,Federal Contract Tower,0,3,41,12,56,0,4,43,9,56,0,7,84,21,112,221,6,227,339
03/30/2023,HDC,LA,ASW,CE,Federal Contract Tower,0,2,34,8,44,0,2,27,12,41,0,4,61,20,85,188,0,188,273
03/31/2023,HDC,LA,ASW,CE,Federal Contract Tower,0,7,40,0,47,0,6,8,4,18,0,13,48,4,65,26,2,28,93
04/01/2023,HDC,LA,ASW,CE,Federal Contract Tower,0,1,25,0,26,0,14,35,0,49,0,15,60,0,75,169,0,169,244
04/02/2023,HDC,LA,ASW,CE,Federal Contract Tower,0,2,29,0,31,0,0,48,0,48,0,2,77,0,79,133,0,133,212
04/03/2023,HDC,LA,ASW,CE,Federal Contract Tower,0,0,19,0,19,0,2,29,4,35,0,2,48,4,54,37,0,37,91
04/04/2023,HDC,LA,ASW,CE,Federal Contract Tower,0,0,23,0,23,0,2,13,5,20,0,2,36,5,43,37,0,37,80
04/05/2023,HDC,LA,ASW,CE,Federal Contract Tower,0,2,26,2,30,0,6,13,7,26,0,8,39,9,56,3,50,53,109
04/06/2023,HDC,LA,ASW,CE,Federal Contract Tower,0,3,17,4,24,0,2,5,6,13,0,5,22,10,37,37,0,37,74
04/07/2023,HDC,LA,ASW,CE,Federal Contract Tower,0,0,34,0,34,0,0,0,1,1,0,0,34,1,35,1,0,1,36
04/08/2023,HDC,LA,ASW,CE,Federal Contract Tower,0,4,30,0,34,0,0,5,0,5,0,4,35,0,39,4,0,4,43
04/09/2023,HDC,LA,ASW,CE,Federal Contract Tower,0,1,20,0,21,0,1,7,0,8,0,2,27,0,29,15,0,15,44
04/10/2023,HDC,LA,ASW,CE,Federal Contract Tower,0,0,0,0,0,0,0,52,2,54,0,0,52,2,54,172,0,172,226
04/11/2023,HDC,LA,ASW,CE,Federal Contract Tower,0,2,38,0,40,0,3,46,9,58,0,5,84,9,98,93,1,94,192
04/12/2023,HDC,LA,ASW,CE,Federal Contract Tower,0,12,32,0,44,0,10,92,8,110,0,22,124,8,154,158,12,170,324
04/13/2023,HDC,LA,ASW,CE,Federal Contract Tower,0,2,18,5,25,0,2,19,25,46,0,4,37,30,71,137,5,142,213
04/14/2023,HDC,LA,ASW,CE,Federal Contract Tower,0,6,24,4,34,0,10,31,8,49,0,16,55,12,83,186,0,186,269
04/15/2023,HDC,LA,ASW,CE,Federal Contract Tower,0,0,8,0,8,0,0,0,0,0,0,0,8,0,8,0,0,0,8
04/16/2023,HDC,LA,ASW,CE,Federal Contract Tower,0,2,15,0,17,0,2,48,0,50,0,4,63,0,67,80,0,80,147
04/17/2023,HDC,LA,ASW,CE,Federal Contract Tower,0,8,17,0,25,0,3,58,8,69,0,11,75,8,94,236,0,236,330
04/18/2023,HDC,LA,ASW,CE,Federal Contract Tower,0,3,41,6,50,0,8,97,23,128,0,11,138,29,178,244,4,248,426
04/19/2023,HDC,LA,ASW,CE,Federal Contract Tower,0,2,35,4,41,0,0,96,11,107,0,2,131,15,148,210,25,235,383
04/20/2023,HDC,LA,ASW,CE,Federal Contract Tower,0,1,46,4,51,0,2,29,20,51,0,3,75,24,102,305,2,307,409
04/21/2023,HDC,LA,ASW,CE,Federal Contract Tower,0,5,27,4,36,0,0,9,0,9,0,5,36,4,45,29,0,29,74
04/22/2023,HDC,LA,ASW,CE,Federal Contract Tower,0,2,19,3,24,0,0,74,29,103,0,2,93,32,127,201,110,311,438
04/23/2023,HDC,LA,ASW,CE,Federal Contract Tower,0,2,30,0,32,0,0,35,0,35,0,2,65,0,67,87,0,87,154
04/24/2023,HDC,LA,ASW,CE,Federal Contract Tower,0,9,17,0,26,0,9,73,4,86,0,18,90,4,112,264,0,264,376
04/25/2023,HDC,LA,ASW,CE,Federal Contract Tower,0,0,25,4,29,0,0,44,7,51,0,0,69,11,80,109,12,121,201
04/26/2023,HDC,LA,ASW,CE,Federal Contract Tower,0,8,27,4,39,0,0,25,35,60,0,8,52,39,99,165,4,169,268
04/27/2023,HDC,LA,ASW,CE,Federal Contract Tower,0,1,22,2,25,0,0,14,5,19,0,1,36,7,44,52,0,52,96
04/28/2023,HDC,LA,ASW,CE,Federal Contract Tower,0,17,53,0,70,0,5,62,7,74,0,22,115,7,144,254,0,254,398
04/29/2023,HDC,LA,ASW,CE,Federal Contract Tower,0,2,7,0,9,0,0,22,0,22,0,2,29,0,31,22,0,22,53
04/30/2023,HDC,LA,ASW,CE,Federal Contract Tower,0,10,20,0,30,0,0,37,2,39,0,10,57,2,69,96,0,96,165
05/01/2023,HDC,LA,ASW,CE,Federal Contract Tower,0,6,21,0,27,0,1,42,7,50,0,7,63,7,77,206,0,206,283
05/02/2023,HDC,LA,ASW,CE,Federal Contract Tower,0,4,49,8,61,0,0,48,0,48,0,4,97,8,109,151,0,151,260
05/03/2023,HDC,LA,ASW,CE,Federal Contract Tower,0,0,29,3,32,0,3,130,3,136,0,3,159,6,168,193,22,215,383
05/04/2023,HDC,LA,ASW,CE,Federal Contract Tower,0,6,5,0,11,0,0,68,20,88,0,6,73,20,99,187,10,197,296
05/05/2023,HDC,LA,ASW,CE,Federal Contract Tower,0,0,20,0,20,0,0,10,0,10,0,0,30,0,30,20,0,20,50
05/06/2023,HDC,LA,ASW,CE,Federal Contract Tower,0,7,47,4,58,0,7,52,6,65,0,14,99,10,123,148,1,149,272
05/07/2023,HDC,LA,ASW,CE,Federal Contract Tower,0,7,47,4,58,0,7,52,6,65,0,14,99,10,123,148,1,149,272
05/08/2023,HDC,LA,ASW,CE,Federal Contract Tower,0,4,18,3,25,0,0,7,6,13,0,4,25,9,38,115,0,115,153
05/09/2023,HDC,LA,ASW,CE,Federal Contract Tower,0,0,9,5,14,0,2,33,12,47,0,2,42,17,61,77,30,107,168
05/10/2023,HDC,LA,ASW,CE,Federal Contract Tower,0,12,34,7,53,0,2,30,9,41,0,14,64,16,94,185,4,189,283
05/11/2023,HDC,LA,ASW,CE,Federal Contract Tower,0,4,19,6,29,0,0,21,9,30,0,4,40,15,59,165,6,171,230
05/12/2023,HDC,LA,ASW,CE,Federal Contract Tower,0,12,31,5,48,0,14,20,43,77,0,26,51,48,125,91,22,113,238
05/13/2023,HDC,LA,ASW,CE,Federal Contract Tower,0,6,13,0,19,0,8,20,9,37,0,14,33,9,56,155,0,155,211
05/14/2023,HDC,LA,ASW,CE,Federal Contract Tower,0,13,26,0,39,0,0,23,0,23,0,13,49,0,62,29,0,29,91
05/15/2023,HDC,LA,ASW,CE,Federal Contract Tower,0,4,21,0,25,0,0,11,35,46,0,4,32,35,71,57,0,57,128
05/16/2023,HDC,LA,ASW,CE,Federal Contract Tower,0,3,21,2,26,0,0,24,11,35,0,3,45,13,61,23,6,29,90
05/17/2023,HDC,LA,ASW,CE,Federal Contract Tower,0,7,14,12,33,0,2,21,13,36,0,9,35,25,69,53,10,63,132
05/18/2023,HDC,LA,ASW,CE,Federal Contract Tower,0,3,32,1,36,0,24,22,3,49,0,27,54,4,85,142,19,161,246
05/19/2023,HDC,LA,ASW,CE,Federal Contract Tower,0,5,41,2,48,0,0,61,17,78,0,5,102,19,126,180,0,180,306
05/20/2023,HDC,LA,ASW,CE,Federal Contract Tower,0,5,27,0,32,0,0,29,40,69,0,5,56,40,101,160,12,172,273
05/21/2023,HDC,LA,ASW,CE,Federal Contract Tower,0,7,36,0,43,0,1,18,27,46,0,8,54,27,89,161,0,161,250
05/22/2023,HDC,LA,ASW,CE,Federal Contract Tower,0,7,20,5,32,0,4,32,18,54,0,11,52,23,86,313,5,318,404
05/23/2023,HDC,LA,ASW,CE,Federal Contract Tower,0,7,30,14,51,0,4,19,47,70,0,11,49,61,121,205,37,242,363
05/24/2023,HDC,LA,ASW,CE,Federal Contract Tower,0,5,30,6,41,0,0,50,62,112,0,5,80,68,153,160,51,211,364
05/25/2023,HDC,LA,ASW,CE,Federal Contract Tower,0,18,24,5,47,0,0,58,14,72,0,18,82,19,119,202,6,208,327
05/26/2023,HDC,LA,ASW,CE,Federal Contract Tower,0,3,21,4,28,0,15,58,8,81,0,18,79,12,109,248,1,249,358
05/27/2023,HDC,LA,ASW,CE,Federal Contract Tower,0,5,12,0,17,0,4,32,0,36,0,9,44,0,53,180,0,180,233
05/28/2023,HDC,LA,ASW,CE,Federal Contract Tower,0,7,22,0,29,0,3,21,0,24,0,10,43,0,53,164,0,164,217
05/29/2023,HDC,LA,ASW,CE,Federal Contract Tower,0,2,23,0,25,0,7,25,0,32,0,9,48,0,57,203,0,203,260
05/30/2023,HDC,LA,ASW,CE,Federal Contract Tower,0,1,28,3,32,0,3,36,15,54,0,4,64,18,86,266,7,273,359
05/31/2023,HDC,LA,ASW,CE,Federal Contract Tower,0,10,22,10,42,0,0,80,5,85,0,10,102,15,127,118,0,118,245
06/01/2023,HDC,LA,ASW,CE,Federal Contract Tower,0,7,26,4,37,0,1,20,19,40,0,8,46,23,77,329,0,329,406
06/02/2023,HDC,LA,ASW,CE,Federal Contract Tower,0,5,15,0,20,0,3,34,20,57,0,8,49,20,77,166,8,174,251
06/03/2023,HDC,LA,ASW,CE,Federal Contract Tower,0,3,10,0,13,0,0,50,0,50,0,3,60,0,63,140,0,140,203
06/04/2023,HDC,LA,ASW,CE,Federal Contract Tower,0,7,12,0,19,0,0,28,0,28,0,7,40,0,47,119,0,119,166
06/05/2023,HDC,LA,ASW,CE,Federal Contract Tower,0,1,21,2,24,0,1,13,5,19,0,2,34,7,43,93,0,93,136
06/06/2023,HDC,LA,ASW,CE,Federal Contract Tower,0,2,21,2,25,0,0,18,8,26,0,2,39,10,51,61,0,61,112
06/07/2023,HDC,LA,ASW,CE,Federal Contract Tower,0,13,33,0,46,0,1,99,10,110,0,14,132,10,156,55,0,55,211
06/08/2023,HDC,LA,ASW,CE,Federal Contract Tower,0,0,10,0,10,0,3,32,16,51,0,3,42,16,61,165,3,168,229
06/09/2023,HDC,LA,ASW,CE,Federal Contract Tower,0,0,24,2,26,0,0,62,0,62,0,0,86,2,88,242,9,251,339
06/10/2023,HDC,LA,ASW,CE,Federal Contract Tower,0,1,38,0,39,0,1,38,0,39,0,2,76,0,78,192,0,192,270
06/11/2023,HDC,LA,ASW,CE,Federal Contract Tower,0,4,18,0,22,0,2,24,2,28,0,6,42,2,50,97,0,97,147
06/12/2023,HDC,LA,ASW,CE,Federal Contract Tower,0,2,13,0,15,0,0,41,12,53,0,2,54,12,68,226,6,232,300
06/13/2023,HDC,LA,ASW,CE,Federal Contract Tower,0,3,23,3,29,0,1,34,29,64,0,4,57,32,93,156,4,160,253
06/14/2023,HDC,LA,ASW,CE,Federal Contract Tower,0,7,38,2,47,0,4,15,29,48,0,11,53,31,95,72,18,90,185
06/15/2023,HDC,LA,ASW,CE,Federal Contract Tower,0,0,34,7,41,0,0,27,12,39,0,0,61,19,80,194,0,194,274
06/16/2023,HDC,LA,ASW,CE,Federal Contract Tower,0,0,22,0,22,0,1,32,1,34,0,1,54,1,56,137,0,137,193
06/17/2023,HDC,LA,ASW,CE,Federal Contract Tower,0,4,12,4,20,0,3,17,2,22,0,7,29,6,42,128,0,128,170
06/18/2023,HDC,LA,ASW,CE,Federal Contract Tower,0,5,20,0,25,0,0,15,0,15,0,5,35,0,40,60,0,60,100
06/19/2023,HDC,LA,ASW,CE,Federal Contract Tower,0,2,20,0,22,0,2,27,0,29,0,4,47,0,51,75,0,75,126
06/20/2023,HDC,LA,ASW,CE,Federal Contract Tower,0,1,10,2,13,0,3,8,1,12,0,4,18,3,25,68,0,68,93
06/21/2023,HDC,LA,ASW,CE,Federal Contract Tower,0,10,26,4,40,0,4,110,10,124,0,14,136,14,164,195,11,206,370
06/22/2023,HDC,LA,ASW,CE,Federal Contract Tower,0,1,33,4,38,0,3,24,9,36,0,4,57,13,74,135,5,140,214
06/23/2023,HDC,LA,ASW,CE,Federal Contract Tower,0,2,16,3,21,0,7,11,5,23,0,9,27,8,44,138,0,138,182
06/24/2023,HDC,LA,ASW,CE,Federal Contract Tower,0,2,20,0,22,0,0,11,2,13,0,2,31,2,35,125,0,125,160
06/25/2023,HDC,LA,ASW,CE,Federal Contract Tower,0,4,28,0,32,0,4,17,1,22,0,8,45,1,54,245,0,245,299
06/26/2023,HDC,LA,ASW,CE,Federal Contract Tower,0,5,25,2,32,0,2,33,1,36,0,7,58,3,68,93,1,94,162
06/27/2023,HDC,LA,ASW,CE,Federal Contract Tower,0,3,31,3,37,0,5,13,10,28,0,8,44,13,65,59,19,78,143
06/28/2023,HDC,LA,ASW,CE,Federal Contract Tower,0,2,47,3,52,0,2,62,2,66,0,4,109,5,118,209,0,209,327
06/29/2023,HDC,LA,ASW,CE,Federal Contract Tower,0,0,17,5,22,0,0,23,10,33,0,0,40,15,55,350,47,397,452
06/30/2023,HDC,LA,ASW,CE,Federal Contract Tower,0,9,17,5,31,0,7,29,7,43,0,16,46,12,74,184,0,184,258
07/01/2023,HDC,LA,ASW,CE,Federal Contract Tower,0,0,22,0,22,0,4,48,1,53,0,4,70,1,75,58,0,58,133
07/02/2023,HDC,LA,ASW,CE,Federal Contract Tower,0,4,13,0,17,0,6,12,0,18,0,10,25,0,35,31,0,31,66
07/03/2023,HDC,LA,ASW,CE,Federal Contract Tower,0,3,28,0,31,0,5,64,11,80,0,8,92,11,111,124,0,124,235
07/04/2023,HDC,LA,ASW,CE,Federal Contract Tower,0,0,12,0,12,0,0,18,0,18,0,0,30,0,30,20,1,21,51
07/05/2023,HDC,LA,ASW,CE,Federal Contract Tower,0,0,12,2,14,0,5,21,19,45,0,5,33,21,59,75,10,85,144
07/06/2023,HDC,LA,ASW,CE,Federal Contract Tower,0,3,42,1,46,0,3,43,11,57,0,6,85,12,103,180,0,180,283
07/07/2023,HDC,LA,ASW,CE,Federal Contract Tower,0,10,35,2,47,0,0,35,5,40,0,10,70,7,87,145,0,145,232
07/08/2023,HDC,LA,ASW,CE,Federal Contract Tower,0,1,25,2,28,0,5,30,9,44,0,6,55,11,72,66,26,92,164
07/09/2023,HDC,LA,ASW,CE,Federal Contract Tower,0,8,23,1,32,0,0,11,4,15,0,8,34,5,47,14,28,42,89
07/10/2023,HDC,LA,ASW,CE,Federal Contract Tower,0,14,43,1,58,0,9,86,4,99,0,23,129,5,157,75,34,109,266
07/11/2023,HDC,LA,ASW,CE,Federal Contract Tower,0,1,11,0,12,0,0,33,6,39,0,1,44,6,51,25,14,39,90
07/12/2023,HDC,LA,ASW,CE,Federal Contract Tower,0,2,34,2,38,0,7,37,14,58,0,9,71,16,96,120,10,130,226
07/13/2023,HDC,LA,ASW,CE,Federal Contract Tower,0,0,12,4,16,0,2,24,3,29,0,2,36,7,45,124,0,124,169
07/14/2023,HDC,LA,ASW,CE,Federal Contract Tower,0,0,22,0,22,0,4,50,4,58,0,4,72,4,80,32,0,32,112
07/15/2023,HDC,LA,ASW,CE,Federal Contract Tower,0,9,57,1,67,0,5,118,1,124,0,14,175,2,191,93,0,93,284
07/16/2023,HDC,LA,ASW,CE,Federal Contract Tower,0,1,19,0,20,0,0,7,0,7,0,1,26,0,27,107,0,107,134
07/17/2023,HDC,LA,ASW,CE,Federal Contract Tower,0,4,32,5,41,0,1,21,2,24,0,5,53,7,65,90,2,92,157
07/18/2023,HDC,LA,ASW,CE,Federal Contract Tower,0,6,22,0,28,0,6,39,8,53,0,12,61,8,81,78,0,78,159
07/19/2023,HDC,LA,ASW,CE,Federal Contract Tower,0,5,39,11,55,0,5,37,10,52,0,10,76,21,107,238,28,266,373
07/20/2023,HDC,LA,ASW,CE,Federal Contract Tower,0,2,21,5,28,0,6,48,9,63,0,8,69,14,91,137,8,145,236
07/21/2023,HDC,LA,ASW,CE,Federal Contract Tower,0,3,54,0,57,0,4,73,6,83,0,7,127,6,140,279,0,279,419
07/22/2023,HDC,LA,ASW,CE,Federal Contract Tower,0,2,19,0,21,0,1,30,4,35,0,3,49,4,56,118,0,118,174
07/23/2023,HDC,LA,ASW,CE,Federal Contract Tower,0,0,20,0,20,0,0,14,0,14,0,0,34,0,34,104,0,104,138
07/24/2023,HDC,LA,ASW,CE,Federal Contract Tower,0,0,16,0,16,0,2,30,2,34,0,2,46,2,50,109,0,109,159
07/25/2023,HDC,LA,ASW,CE,Federal Contract Tower,0,0,21,3,24,0,2,61,11,74,0,2,82,14,98,76,10,86,184
07/26/2023,HDC,LA,ASW,CE,Federal Contract Tower,0,6,20,5,31,0,0,58,12,70,0,6,78,17,101,135,0,135,236
07/27/2023,HDC,LA,ASW,CE,Federal Contract Tower,0,0,34,2,36,0,4,68,12,84,0,4,102,14,120,200,2,202,322
07/28/2023,HDC,LA,ASW,CE,Federal Contract Tower,0,4,10,0,14,0,0,20,0,20,0,4,30,0,34,145,0,145,179
07/29/2023,HDC,LA,ASW,CE,Federal Contract Tower,0,2,13,0,15,0,0,20,0,20,0,2,33,0,35,58,0,58,93
07/30/2023,HDC,LA,ASW,CE,Federal Contract Tower,0,5,20,0,25,0,4,35,0,39,0,9,55,0,64,42,0,42,106
07/31/2023,HDC,LA,ASW,CE,Federal Contract Tower,0,3,25,0,28,0,2,63,6,71,0,5,88,6,99,63,0,63,162
08/01/2023,HDC,LA,ASW,CE,Federal Contract Tower,0,2,20,0,22,0,4,30,15,49,0,6,50,15,71,80,15,95,166
08/02/2023,HDC,LA,ASW,CE,Federal Contract Tower,0,5,31,5,41,0,0,35,10,45,0,5,66,15,86,90,10,100,186
08/03/2023,HDC,LA,ASW,CE,Federal Contract Tower,0,1,20,9,30,0,0,37,8,45,0,1,57,17,75,171,4,175,250
08/04/2023,HDC,LA,ASW,CE,Federal Contract Tower,0,5,20,0,25,0,0,70,7,77,0,5,90,7,102,140,4,144,246
08/05/2023,HDC,LA,ASW,CE,Federal Contract Tower,0,3,11,0,14,0,6,61,17,84,0,9,72,17,98,216,0,216,314
08/06/2023,HDC,LA,ASW,CE,Federal Contract Tower,0,2,11,0,13,0,2,37,2,41,0,4,48,2,54,86,0,86,140
08/07/2023,HDC,LA,ASW,CE,Federal Contract Tower,0,5,37,1,43,0,2,35,15,52,0,7,72,16,95,128,0,128,223
08/08/2023,HDC,LA,ASW,CE,Federal Contract Tower,0,1,54,5,60,0,0,43,13,56,0,1,97,18,116,45,5,50,166
08/09/2023,HDC,LA,ASW,CE,Federal Contract Tower,0,3,40,3,46,0,0,28,15,43,0,3,68,18,89,115,0,115,204
08/10/2023,HDC,LA,ASW,CE,Federal Contract Tower,0,4,29,0,33,0,8,16,7,31,0,12,45,7,64,176,12,188,252
08/11/2023,HDC,LA,ASW,CE,Federal Contract Tower,0,2,23,2,27,0,5,39,3,47,0,7,62,5,74,119,0,119,193
08/12/2023,HDC,LA,ASW,CE,Federal Contract Tower,0,1,28,1,30,0,2,29,2,33,0,3,57,3,63,104,0,104,167
08/13/2023,HDC,LA,ASW,CE,Federal Contract Tower,0,5,40,0,45,0,0,50,0,50,0,5,90,0,95,120,0,120,215
08/14/2023,HDC,LA,ASW,CE,Federal Contract Tower,0,3,45,7,55,0,8,57,5,70,0,11,102,12,125,155,2,157,282
08/15/2023,HDC,LA,ASW,CE,Federal Contract Tower,0,3,13,2,18,0,1,31,4,36,0,4,44,6,54,70,3,73,127
08/16/2023,HDC,LA,ASW,CE,Federal Contract Tower,0,2,35,0,37,0,3,20,5,28,0,5,55,5,65,76,1,77,142
08/17/2023,HDC,LA,ASW,CE,Federal Contract Tower,0,2,25,5,32,0,2,33,10,45,0,4,58,15,77,95,0,95,172
08/18/2023,HDC,LA,ASW,CE,Federal Contract Tower,0,3,26,2,31,0,2,28,2,32,0,5,54,4,63,221,0,221,284
08/19/2023,HDC,LA,ASW,CE,Federal Contract Tower,0,0,14,0,14,0,3,40,0,43,0,3,54,0,57,61,0,61,118
08/20/2023,HDC,LA,ASW,CE,Federal Contract Tower,0,2,11,0,13,0,4,18,0,22,0,6,29,0,35,60,0,60,95
08/21/2023,HDC,LA,ASW,CE,Federal Contract Tower,0,9,19,0,28,0,2,44,1,47,0,11,63,1,75,79,0,79,154
08/22/2023,HDC,LA,ASW,CE,Federal Contract Tower,0,4,20,0,24,0,11,49,10,70,0,15,69,10,94,72,0,72,166
08/23/2023,HDC,LA,ASW,CE,Federal Contract Tower,0,2,18,3,23,0,7,35,22,64,0,9,53,25,87,185,2,187,274
08/24/2023,HDC,LA,ASW,CE,Federal Contract Tower,0,0,11,0,11,0,7,6,6,19,0,7,17,6,30,146,2,148,178
08/25/2023,HDC,LA,ASW,CE,Federal Contract Tower,0,5,24,6,35,0,4,19,13,36,0,9,43,19,71,152,0,152,223
08/26/2023,HDC,LA,ASW,CE,Federal Contract Tower,0,2,20,0,22,0,5,65,5,75,0,7,85,5,97,80,10,90,187
08/27/2023,HDC,LA,ASW,CE,Federal Contract Tower,0,0,29,0,29,0,4,33,2,39,0,4,62,2,68,117,0,117,185
08/28/2023,HDC,LA,ASW,CE,Federal Contract Tower,0,0,14,2,16,0,0,41,9,50,0,0,55,11,66,88,0,88,154
08/29/2023,HDC,LA,ASW,CE,Federal Contract Tower,0,0,50,1,51,0,2,3,8,13,0,2,53,9,64,28,0,28,92
08/30/2023,HDC,LA,ASW,CE,Federal Contract Tower,0,0,29,0,29,0,9,53,19,81,0,9,82,19,110,127,0,127,237
08/31/2023,HDC,LA,ASW,CE,Federal Contract Tower,0,7,39,1,47,0,7,66,41,114,0,14,105,42,161,204,20,224,385
