01/01/2000,HEF,VA,AEA,EN,Towers with Display (VFR),0,2,10,0,12,0,4,152,0,156,0,6,162,0,168,64,0,64,232
01/02/2000,HEF,VA,AEA,EN,Towers with Display (VFR),0,3,20,0,23,0,0,249,0,249,0,3,269,0,272,28,0,28,300
01/03/2000,HEF,VA,AEA,EN,Towers with Display (VFR),0,5,23,0,28,0,0,196,0,196,0,5,219,0,224,120,0,120,344
01/04/2000,HEF,VA,AEA,EN,Towers with Display (VFR),0,2,13,0,15,0,0,11,0,11,0,2,24,0,26,4,0,4,30
01/05/2000,HEF,VA,AEA,EN,Towers with Display (VFR),0,5,25,1,31,0,0,92,7,99,0,5,117,8,130,48,0,48,178
01/06/2000,HEF,VA,AEA,EN,Towers with Display (VFR),0,4,28,1,33,0,0,311,3,314,0,4,339,4,347,66,0,66,413
01/07/2000,HEF,VA,AEA,EN,Towers with Display (VFR),0,6,24,0,30,0,1,217,0,218,0,7,241,0,248,66,0,66,314
01/08/2000,HEF,VA,AEA,EN,Towers with Display (VFR),0,3,18,0,21,0,0,384,0,384,0,3,402,0,405,130,0,130,535
01/09/2000,HEF,VA,AEA,EN,Towers with Display (VFR),0,6,25,1,32,0,0,240,3,243,0,6,265,4,275,56,2,58,333
01/10/2000,HEF,VA,AEA,EN,Towers with Display (VFR),0,5,18,1,24,0,4,3,1,8,0,9,21,2,32,0,0,0,32
01/11/2000,HEF,VA,AEA,EN,Towers with Display (VFR),0,4,15,0,19,0,1,31,0,32,0,5,46,0,51,0,0,0,51
01/12/2000,HEF,VA,AEA,EN,Towers with Display (VFR),0,5,27,0,32,0,0,341,2,343,0,5,368,2,375,48,0,48,423
01/13/2000,HEF,VA,AEA,EN,Towers with Display (VFR),0,4,15,0,19,0,2,47,3,52,0,6,62,3,71,24,0,24,95
01/14/2000,HEF,VA,AEA,EN,Towers with Display (VFR),0,4,19,0,23,0,2,32,1,35,0,6,51,1,58,0,0,0,58
01/15/2000,HEF,VA,AEA,EN,Towers with Display (VFR),0,5,21,0,26,0,0,354,0,354,0,5,375,0,380,66,0,66,446
01/16/2000,HEF,VA,AEA,EN,Towers with Display (VFR),0,3,14,0,17,0,2,204,0,206,0,5,218,0,223,70,0,70,293
01/17/2000,HEF,VA,AEA,EN,Towers with Display (VFR),0,3,14,0,17,0,5,51,0,56,0,8,65,0,73,0,0,0,73
01/18/2000,HEF,VA,AEA,EN,Towers with Display (VFR),0,3,15,0,18,0,2,128,0,130,0,5,143,0,148,32,0,32,180
01/19/2000,HEF,VA,AEA,EN,Towers with Display (VFR),0,8,31,0,39,0,1,179,1,181,0,9,210,1,220,52,0,52,272
01/20/2000,HEF,VA,AEA,EN,Towers with Display (VFR),0,2,8,0,10,0,5,0,0,5,0,7,8,0,15,0,0,0,15
01/21/2000,HEF,VA,AEA,EN,Towers with Display (VFR),0,5,23,0,28,0,1,73,0,74,0,6,96,0,102,28,0,28,130
01/22/2000,HEF,VA,AEA,EN,Towers with Display (VFR),0,4,16,0,20,0,5,311,0,316,0,9,327,0,336,82,0,82,418
01/23/2000,HEF,VA,AEA,EN,Towers with Display (VFR),0,2,9,0,11,0,3,167,0,170,0,5,176,0,181,68,0,68,249
01/24/2000,HEF,VA,AEA,EN,Towers with Display (VFR),0,4,15,0,19,0,0,143,2,145,0,4,158,2,164,82,0,82,246
01/25/2000,HEF,VA,AEA,EN,Towers with Display (VFR),0,0,0,0,0,0,0,0,0,0,0,0,0,0,0,0,0,0,0
01/26/2000,HEF,VA,AEA,EN,Towers with Display (VFR),0,3,13,0,16,0,0,25,0,25,0,3,38,0,41,28,0,28,69
01/27/2000,HEF,VA,AEA,EN,Towers with Display (VFR),0,4,17,0,21,0,1,16,4,21,0,5,33,4,42,2,0,2,44
01/28/2000,HEF,VA,AEA,EN,Towers with Display (VFR),0,3,21,0,24,0,0,111,0,111,0,3,132,0,135,60,0,60,195
01/29/2000,HEF,VA,AEA,EN,Towers with Display (VFR),0,4,17,0,21,0,3,439,0,442,0,7,456,0,463,72,0,72,535
01/30/2000,HEF,VA,AEA,EN,Towers with Display (VFR),0,0,0,0,0,0,1,0,0,1,0,1,0,0,1,0,0,0,1
01/31/2000,HEF,VA,AEA,EN,Towers with Display (VFR),0,4,19,0,23,0,5,18,3,26,0,9,37,3,49,0,0,0,49
02/01/2000,HEF,VA,AEA,EN,Towers with Display (VFR),0,7,21,0,28,0,6,125,0,131,0,13,146,0,159,54,0,54,213
02/02/2000,HEF,VA,AEA,EN,Towers with Display (VFR),0,6,18,0,24,0,3,87,2,92,0,9,105,2,116,30,0,30,146
02/03/2000,HEF,VA,AEA,EN,Towers with Display (VFR),0,9,29,0,38,0,6,177,5,188,0,15,206,5,226,116,0,116,342
02/04/2000,HEF,VA,AEA,EN,Towers with Display (VFR),0,5,17,0,22,0,0,76,0,76,0,5,93,0,98,34,0,34,132
02/05/2000,HEF,VA,AEA,EN,Towers with Display (VFR),0,5,16,0,21,0,3,301,0,304,0,8,317,0,325,126,0,126,451
02/06/2000,HEF,VA,AEA,EN,Towers with Display (VFR),0,10,31,0,41,0,1,336,0,337,0,11,367,0,378,86,0,86,464
02/07/2000,HEF,VA,AEA,EN,Towers with Display (VFR),0,7,22,0,29,0,0,213,0,213,0,7,235,0,242,40,0,40,282
02/08/2000,HEF,VA,AEA,EN,Towers with Display (VFR),0,9,29,0,38,0,0,224,1,225,0,9,253,1,263,108,0,108,371
02/09/2000,HEF,VA,AEA,EN,Towers with Display (VFR),0,7,27,0,34,0,0,281,0,281,0,7,308,0,315,78,0,78,393
02/10/2000,HEF,VA,AEA,EN,Towers with Display (VFR),0,8,23,0,31,0,0,336,6,342,0,8,359,6,373,106,0,106,479
02/11/2000,HEF,VA,AEA,EN,Towers with Display (VFR),0,6,21,1,28,0,5,145,3,153,0,11,166,4,181,40,0,40,221
02/12/2000,HEF,VA,AEA,EN,Towers with Display (VFR),0,3,12,0,15,0,0,116,0,116,0,3,128,0,131,118,0,118,249
02/13/2000,HEF,VA,AEA,EN,Towers with Display (VFR),0,7,24,0,31,0,4,35,0,39,0,11,59,0,70,4,0,4,74
02/14/2000,HEF,VA,AEA,EN,Towers with Display (VFR),0,7,26,0,33,0,7,96,0,103,0,14,122,0,136,18,0,18,154
02/15/2000,HEF,VA,AEA,EN,Towers with Display (VFR),0,7,32,1,40,0,0,214,1,215,0,7,246,2,255,34,0,34,289
02/16/2000,HEF,VA,AEA,EN,Towers with Display (VFR),0,6,23,0,29,0,3,199,0,202,0,9,222,0,231,28,0,28,259
02/17/2000,HEF,VA,AEA,EN,Towers with Display (VFR),0,5,17,0,22,0,7,271,16,294,0,12,288,16,316,92,0,92,408
02/18/2000,HEF,VA,AEA,EN,Towers with Display (VFR),0,1,4,0,5,0,2,0,0,2,0,3,4,0,7,0,0,0,7
02/19/2000,HEF,VA,AEA,EN,Towers with Display (VFR),0,6,21,0,27,0,2,165,0,167,0,8,186,0,194,44,0,44,238
02/20/2000,HEF,VA,AEA,EN,Towers with Display (VFR),0,5,22,0,27,0,0,323,0,323,0,5,345,0,350,84,0,84,434
02/21/2000,HEF,VA,AEA,EN,Towers with Display (VFR),0,3,22,0,25,0,0,451,0,451,0,3,473,0,476,58,0,58,534
02/22/2000,HEF,VA,AEA,EN,Towers with Display (VFR),0,6,20,0,26,0,0,268,0,268,0,6,288,0,294,58,0,58,352
02/23/2000,HEF,VA,AEA,EN,Towers with Display (VFR),0,7,26,0,33,0,3,267,2,272,0,10,293,2,305,130,0,130,435
02/24/2000,HEF,VA,AEA,EN,Towers with Display (VFR),0,7,26,0,33,0,1,248,0,249,0,8,274,0,282,20,2,22,304
02/25/2000,HEF,VA,AEA,EN,Towers with Display (VFR),0,5,19,0,24,0,1,273,6,280,0,6,292,6,304,144,0,144,448
02/26/2000,HEF,VA,AEA,EN,Towers with Display (VFR),0,5,22,0,27,0,0,1,0,1,0,5,23,0,28,0,0,0,28
02/27/2000,HEF,VA,AEA,EN,Towers with Display (VFR),0,3,15,0,18,0,0,90,0,90,0,3,105,0,108,26,0,26,134
02/28/2000,HEF,VA,AEA,EN,Towers with Display (VFR),0,4,15,0,19,0,0,121,2,123,0,4,136,2,142,18,0,18,160
02/29/2000,HEF,VA,AEA,EN,Towers with Display (VFR),0,6,22,0,28,0,2,292,6,300,0,8,314,6,328,72,0,72,400
03/01/2000,HEF,VA,AEA,EN,Towers with Display (VFR),0,7,22,0,29,0,9,219,0,228,0,16,241,0,257,74,0,74,331
03/02/2000,HEF,VA,AEA,EN,Towers with Display (VFR),0,7,22,0,29,0,7,62,0,69,0,14,84,0,98,12,0,12,110
03/03/2000,HEF,VA,AEA,EN,Towers with Display (VFR),0,7,25,0,32,0,2,162,0,164,0,9,187,0,196,74,0,74,270
03/04/2000,HEF,VA,AEA,EN,Towers with Display (VFR),0,5,18,0,23,0,6,384,0,390,0,11,402,0,413,86,0,86,499
03/05/2000,HEF,VA,AEA,EN,Towers with Display (VFR),0,8,26,0,34,0,1,288,3,292,0,9,314,3,326,96,0,96,422
03/06/2000,HEF,VA,AEA,EN,Towers with Display (VFR),0,6,19,0,25,0,2,254,4,260,0,8,273,4,285,62,8,70,355
03/07/2000,HEF,VA,AEA,EN,Towers with Display (VFR),0,6,19,0,25,0,3,257,0,260,0,9,276,0,285,76,0,76,361
03/08/2000,HEF,VA,AEA,EN,Towers with Display (VFR),0,4,19,0,23,0,0,384,0,384,0,4,403,0,407,92,0,92,499
03/09/2000,HEF,VA,AEA,EN,Towers with Display (VFR),0,5,22,0,27,0,3,220,0,223,0,8,242,0,250,80,0,80,330
03/10/2000,HEF,VA,AEA,EN,Towers with Display (VFR),0,5,22,0,27,0,2,299,0,301,0,7,321,0,328,86,0,86,414
03/11/2000,HEF,VA,AEA,EN,Towers with Display (VFR),0,6,23,0,29,0,3,0,0,3,0,9,23,0,32,0,0,0,32
03/12/2000,HEF,VA,AEA,EN,Towers with Display (VFR),0,5,19,0,24,0,4,46,0,50,0,9,65,0,74,6,0,6,80
03/13/2000,HEF,VA,AEA,EN,Towers with Display (VFR),0,5,22,0,27,0,5,317,0,322,0,10,339,0,349,74,0,74,423
03/14/2000,HEF,VA,AEA,EN,Towers with Display (VFR),0,5,21,1,27,0,6,377,1,384,0,11,398,2,411,110,0,110,521
03/15/2000,HEF,VA,AEA,EN,Towers with Display (VFR),0,9,33,0,42,0,2,220,0,222,0,11,253,0,264,82,0,82,346
03/16/2000,HEF,VA,AEA,EN,Towers with Display (VFR),0,7,30,0,37,0,0,190,0,190,0,7,220,0,227,70,34,104,331
03/17/2000,HEF,VA,AEA,EN,Towers with Display (VFR),0,4,19,0,23,0,0,54,0,54,0,4,73,0,77,6,0,6,83
03/18/2000,HEF,VA,AEA,EN,Towers with Display (VFR),0,7,29,0,36,0,3,403,0,406,0,10,432,0,442,200,0,200,642
03/19/2000,HEF,VA,AEA,EN,Towers with Display (VFR),0,5,19,0,24,0,5,415,0,420,0,10,434,0,444,116,0,116,560
03/20/2000,HEF,VA,AEA,EN,Towers with Display (VFR),0,8,31,0,39,0,2,78,6,86,0,10,109,6,125,14,0,14,139
03/21/2000,HEF,VA,AEA,EN,Towers with Display (VFR),0,7,26,0,33,0,2,0,0,2,0,9,26,0,35,0,0,0,35
03/22/2000,HEF,VA,AEA,EN,Towers with Display (VFR),0,10,40,0,50,0,0,8,0,8,0,10,48,0,58,10,0,10,68
03/23/2000,HEF,VA,AEA,EN,Towers with Display (VFR),0,6,27,0,33,0,2,308,4,314,0,8,335,4,347,92,0,92,439
03/24/2000,HEF,VA,AEA,EN,Towers with Display (VFR),0,4,23,0,27,0,0,374,0,374,0,4,397,0,401,100,0,100,501
03/25/2000,HEF,VA,AEA,EN,Towers with Display (VFR),0,5,23,0,28,0,0,421,0,421,0,5,444,0,449,46,0,46,495
03/26/2000,HEF,VA,AEA,EN,Towers with Display (VFR),0,3,15,0,18,0,7,201,0,208,0,10,216,0,226,90,0,90,316
03/27/2000,HEF,VA,AEA,EN,Towers with Display (VFR),0,1,25,0,26,0,0,161,0,161,0,1,186,0,187,96,0,96,283
03/28/2000,HEF,VA,AEA,EN,Towers with Display (VFR),0,5,22,0,27,0,2,55,6,63,0,7,77,6,90,24,0,24,114
03/29/2000,HEF,VA,AEA,EN,Towers with Display (VFR),0,6,31,0,37,0,0,173,0,173,0,6,204,0,210,30,0,30,240
03/30/2000,HEF,VA,AEA,EN,Towers with Display (VFR),0,6,30,0,36,0,0,324,0,324,0,6,354,0,360,144,0,144,504
03/31/2000,HEF,VA,AEA,EN,Towers with Display (VFR),0,5,25,0,30,0,0,460,1,461,0,5,485,1,491,138,0,138,629
04/01/2000,HEF,VA,AEA,EN,Towers with Display (VFR),0,4,29,0,33,0,0,482,0,482,0,4,511,0,515,106,0,106,621
04/02/2000,HEF,VA,AEA,EN,Towers with Display (VFR),0,5,32,0,37,0,2,206,0,208,0,7,238,0,245,28,0,28,273
04/03/2000,HEF,VA,AEA,EN,Towers with Display (VFR),0,4,24,0,28,0,13,144,2,159,0,17,168,2,187,70,0,70,257
04/04/2000,HEF,VA,AEA,EN,Towers with Display (VFR),0,4,21,0,25,0,6,62,0,68,0,10,83,0,93,12,0,12,105
04/05/2000,HEF,VA,AEA,EN,Towers with Display (VFR),0,4,22,0,26,0,0,102,12,114,0,4,124,12,140,0,0,0,140
04/06/2000,HEF,VA,AEA,EN,Towers with Display (VFR),0,4,23,0,27,0,2,153,0,155,0,6,176,0,182,48,0,48,230
04/07/2000,HEF,VA,AEA,EN,Towers with Display (VFR),0,6,39,0,45,0,2,361,6,369,0,8,400,6,414,64,0,64,478
04/08/2000,HEF,VA,AEA,EN,Towers with Display (VFR),0,2,10,0,12,0,4,41,0,45,0,6,51,0,57,40,0,40,97
04/09/2000,HEF,VA,AEA,EN,Towers with Display (VFR),0,3,14,0,17,0,3,14,0,17,0,6,28,0,34,0,0,0,34
04/10/2000,HEF,VA,AEA,EN,Towers with Display (VFR),0,6,38,0,44,0,5,262,0,267,0,11,300,0,311,124,0,124,435
04/11/2000,HEF,VA,AEA,EN,Towers with Display (VFR),0,4,42,0,46,0,0,247,4,251,0,4,289,4,297,80,0,80,377
04/12/2000,HEF,VA,AEA,EN,Towers with Display (VFR),0,3,24,0,27,0,0,135,0,135,0,3,159,0,162,4,0,4,166
04/13/2000,HEF,VA,AEA,EN,Towers with Display (VFR),0,4,27,1,32,0,0,373,1,374,0,4,400,2,406,144,0,144,550
04/14/2000,HEF,VA,AEA,EN,Towers with Display (VFR),0,2,27,0,29,0,0,331,0,331,0,2,358,0,360,126,0,126,486
04/15/2000,HEF,VA,AEA,EN,Towers with Display (VFR),0,3,22,0,25,0,4,20,0,24,0,7,42,0,49,46,0,46,95
04/16/2000,HEF,VA,AEA,EN,Towers with Display (VFR),0,5,39,0,44,0,8,402,0,410,0,13,441,0,454,196,0,196,650
04/17/2000,HEF,VA,AEA,EN,Towers with Display (VFR),0,3,27,0,30,0,0,0,0,0,0,3,27,0,30,0,0,0,30
04/18/2000,HEF,VA,AEA,EN,Towers with Display (VFR),0,4,36,0,40,0,0,3,0,3,0,4,39,0,43,0,0,0,43
04/19/2000,HEF,VA,AEA,EN,Towers with Display (VFR),0,4,33,0,37,0,7,219,0,226,0,11,252,0,263,156,0,156,419
04/20/2000,HEF,VA,AEA,EN,Towers with Display (VFR),0,7,50,0,57,0,8,431,22,461,0,15,481,22,518,94,0,94,612
04/21/2000,HEF,VA,AEA,EN,Towers with Display (VFR),0,2,20,0,22,0,1,116,1,118,0,3,136,1,140,18,0,18,158
04/22/2000,HEF,VA,AEA,EN,Towers with Display (VFR),0,5,38,0,43,0,1,299,0,300,0,6,337,0,343,70,0,70,413
04/23/2000,HEF,VA,AEA,EN,Towers with Display (VFR),0,5,37,0,42,0,3,236,0,239,0,8,273,0,281,80,0,80,361
04/24/2000,HEF,VA,AEA,EN,Towers with Display (VFR),0,6,40,0,46,0,2,361,2,365,0,8,401,2,411,106,0,106,517
04/25/2000,HEF,VA,AEA,EN,Towers with Display (VFR),0,3,25,0,28,0,1,26,0,27,0,4,51,0,55,6,0,6,61
04/26/2000,HEF,VA,AEA,EN,Towers with Display (VFR),0,6,40,0,46,0,2,215,0,217,0,8,255,0,263,70,0,70,333
04/27/2000,HEF,VA,AEA,EN,Towers with Display (VFR),0,4,54,0,58,0,0,44,0,44,0,4,98,0,102,72,0,72,174
04/28/2000,HEF,VA,AEA,EN,Towers with Display (VFR),0,2,47,0,49,0,0,191,0,191,0,2,238,0,240,68,0,68,308
04/29/2000,HEF,VA,AEA,EN,Towers with Display (VFR),0,4,30,0,34,0,2,483,2,487,0,6,513,2,521,120,0,120,641
04/30/2000,HEF,VA,AEA,EN,Towers with Display (VFR),0,8,53,0,61,0,1,442,0,443,0,9,495,0,504,130,0,130,634
05/01/2000,HEF,VA,AEA,EN,Towers with Display (VFR),0,5,27,0,32,0,0,295,0,295,0,5,322,0,327,60,0,60,387
05/02/2000,HEF,VA,AEA,EN,Towers with Display (VFR),0,8,51,0,59,0,9,165,0,174,0,17,216,0,233,128,0,128,361
05/03/2000,HEF,VA,AEA,EN,Towers with Display (VFR),0,5,29,0,34,0,4,310,13,327,0,9,339,13,361,112,0,112,473
05/04/2000,HEF,VA,AEA,EN,Towers with Display (VFR),0,5,26,0,31,0,1,263,2,266,0,6,289,2,297,138,0,138,435
05/05/2000,HEF,VA,AEA,EN,Towers with Display (VFR),0,8,48,0,56,0,0,365,0,365,0,8,413,0,421,74,0,74,495
05/06/2000,HEF,VA,AEA,EN,Towers with Display (VFR),0,4,33,0,37,0,0,465,0,465,0,4,498,0,502,118,0,118,620
05/07/2000,HEF,VA,AEA,EN,Towers with Display (VFR),0,5,30,0,35,0,4,511,0,515,0,9,541,0,550,132,0,132,682
05/08/2000,HEF,VA,AEA,EN,Towers with Display (VFR),0,0,26,0,26,0,0,228,0,228,0,0,254,0,254,86,0,86,340
05/09/2000,HEF,VA,AEA,EN,Towers with Display (VFR),0,6,35,0,41,0,0,320,0,320,0,6,355,0,361,36,0,36,397
05/10/2000,HEF,VA,AEA,EN,Towers with Display (VFR),0,5,28,0,33,0,0,77,0,77,0,5,105,0,110,70,0,70,180
05/11/2000,HEF,VA,AEA,EN,Towers with Display (VFR),0,6,37,0,43,0,6,394,2,402,0,12,431,2,445,110,0,110,555
05/12/2000,HEF,VA,AEA,EN,Towers with Display (VFR),0,4,32,0,36,0,0,326,2,328,0,4,358,2,364,120,0,120,484
05/13/2000,HEF,VA,AEA,EN,Towers with Display (VFR),0,5,31,0,36,0,15,330,0,345,0,20,361,0,381,30,0,30,411
05/14/2000,HEF,VA,AEA,EN,Towers with Display (VFR),0,7,47,0,54,0,1,342,0,343,0,8,389,0,397,120,0,120,517
05/15/2000,HEF,VA,AEA,EN,Towers with Display (VFR),0,5,33,0,38,0,0,344,0,344,0,5,377,0,382,174,0,174,556
05/16/2000,HEF,VA,AEA,EN,Towers with Display (VFR),0,5,36,0,41,0,8,368,2,378,0,13,404,2,419,174,2,176,595
05/17/2000,HEF,VA,AEA,EN,Towers with Display (VFR),0,3,20,0,23,0,6,514,0,520,0,9,534,0,543,134,0,134,677
05/18/2000,HEF,VA,AEA,EN,Towers with Display (VFR),0,6,41,0,47,0,0,171,0,171,0,6,212,0,218,18,0,18,236
05/19/2000,HEF,VA,AEA,EN,Towers with Display (VFR),0,4,28,0,32,0,0,78,0,78,0,4,106,0,110,50,0,50,160
05/20/2000,HEF,VA,AEA,EN,Towers with Display (VFR),0,6,46,0,52,0,1,2,0,3,0,7,48,0,55,0,0,0,55
05/21/2000,HEF,VA,AEA,EN,Towers with Display (VFR),0,8,56,0,64,0,1,217,0,218,0,9,273,0,282,74,0,74,356
05/22/2000,HEF,VA,AEA,EN,Towers with Display (VFR),0,5,35,0,40,0,3,41,0,44,0,8,76,0,84,54,0,54,138
05/23/2000,HEF,VA,AEA,EN,Towers with Display (VFR),0,5,37,0,42,0,5,181,0,186,0,10,218,0,228,64,0,64,292
05/24/2000,HEF,VA,AEA,EN,Towers with Display (VFR),0,3,27,0,30,0,3,334,0,337,0,6,361,0,367,80,0,80,447
05/25/2000,HEF,VA,AEA,EN,Towers with Display (VFR),0,3,29,0,32,0,0,310,0,310,0,3,339,0,342,168,0,168,510
05/26/2000,HEF,VA,AEA,EN,Towers with Display (VFR),0,5,39,0,44,0,0,558,0,558,0,5,597,0,602,98,0,98,700
05/27/2000,HEF,VA,AEA,EN,Towers with Display (VFR),0,7,66,0,73,0,0,288,0,288,0,7,354,0,361,158,0,158,519
05/28/2000,HEF,VA,AEA,EN,Towers with Display (VFR),0,5,37,0,42,0,3,129,0,132,0,8,166,0,174,80,0,80,254
05/29/2000,HEF,VA,AEA,EN,Towers with Display (VFR),0,7,48,0,55,0,1,228,0,229,0,8,276,0,284,84,0,84,368
05/30/2000,HEF,VA,AEA,EN,Towers with Display (VFR),0,4,52,0,56,0,0,329,3,332,0,4,381,3,388,140,0,140,528
05/31/2000,HEF,VA,AEA,EN,Towers with Display (VFR),0,5,39,0,44,0,2,362,0,364,0,7,401,0,408,198,0,198,606
06/01/2000,HEF,VA,AEA,EN,Towers with Display (VFR),0,5,35,0,40,0,4,252,0,256,0,9,287,0,296,129,0,129,425
06/02/2000,HEF,VA,AEA,EN,Towers with Display (VFR),0,4,32,0,36,0,2,149,0,151,0,6,181,0,187,70,0,70,257
06/03/2000,HEF,VA,AEA,EN,Towers with Display (VFR),0,3,30,0,33,0,0,481,0,481,0,3,511,0,514,102,0,102,616
06/04/2000,HEF,VA,AEA,EN,Towers with Display (VFR),0,5,38,0,43,0,9,435,0,444,0,14,473,0,487,170,0,170,657
06/05/2000,HEF,VA,AEA,EN,Towers with Display (VFR),0,4,29,0,33,0,5,230,0,235,0,9,259,0,268,140,0,140,408
06/06/2000,HEF,VA,AEA,EN,Towers with Display (VFR),0,3,45,0,48,0,0,38,0,38,0,3,83,0,86,26,0,26,112
06/07/2000,HEF,VA,AEA,EN,Towers with Display (VFR),0,4,38,0,42,0,0,384,0,384,0,4,422,0,426,284,0,284,710
06/08/2000,HEF,VA,AEA,EN,Towers with Display (VFR),0,5,35,0,40,0,3,259,2,264,0,8,294,2,304,70,0,70,374
06/09/2000,HEF,VA,AEA,EN,Towers with Display (VFR),0,3,35,0,38,0,0,303,0,303,0,3,338,0,341,109,0,109,450
06/10/2000,HEF,VA,AEA,EN,Towers with Display (VFR),0,4,35,0,39,0,0,481,0,481,0,4,516,0,520,150,0,150,670
06/11/2000,HEF,VA,AEA,EN,Towers with Display (VFR),0,5,36,0,41,0,1,503,2,506,0,6,539,2,547,174,4,178,725
06/12/2000,HEF,VA,AEA,EN,Towers with Display (VFR),0,6,40,0,46,0,2,183,0,185,0,8,223,0,231,70,0,70,301
06/13/2000,HEF,VA,AEA,EN,Towers with Display (VFR),0,6,38,0,44,0,2,0,0,2,0,8,38,0,46,6,0,6,52
06/14/2000,HEF,VA,AEA,EN,Towers with Display (VFR),0,4,35,0,39,0,0,1,0,1,0,4,36,0,40,0,0,0,40
06/15/2000,HEF,VA,AEA,EN,Towers with Display (VFR),0,5,46,1,52,0,1,58,0,59,0,6,104,1,111,14,0,14,125
06/16/2000,HEF,VA,AEA,EN,Towers with Display (VFR),0,5,56,0,61,0,0,198,0,198,0,5,254,0,259,38,0,38,297
06/17/2000,HEF,VA,AEA,EN,Towers with Display (VFR),0,3,32,0,35,0,3,268,0,271,0,6,300,0,306,78,0,78,384
06/18/2000,HEF,VA,AEA,EN,Towers with Display (VFR),0,4,40,0,44,0,0,223,0,223,0,4,263,0,267,182,0,182,449
06/19/2000,HEF,VA,AEA,EN,Towers with Display (VFR),0,6,57,0,63,0,4,185,0,189,0,10,242,0,252,40,0,40,292
06/20/2000,HEF,VA,AEA,EN,Towers with Display (VFR),0,4,49,0,53,0,0,540,2,542,0,4,589,2,595,108,0,108,703
06/21/2000,HEF,VA,AEA,EN,Towers with Display (VFR),0,6,55,0,61,0,2,70,0,72,0,8,125,0,133,28,0,28,161
06/22/2000,HEF,VA,AEA,EN,Towers with Display (VFR),0,4,41,0,45,0,3,365,0,368,0,7,406,0,413,88,0,88,501
06/23/2000,HEF,VA,AEA,EN,Towers with Display (VFR),0,5,47,0,52,0,4,484,0,488,0,9,531,0,540,134,0,134,674
06/24/2000,HEF,VA,AEA,EN,Towers with Display (VFR),0,4,42,0,46,0,0,473,0,473,0,4,515,0,519,148,0,148,667
06/25/2000,HEF,VA,AEA,EN,Towers with Display (VFR),0,5,43,0,48,0,1,427,0,428,0,6,470,0,476,137,0,137,613
06/26/2000,HEF,VA,AEA,EN,Towers with Display (VFR),0,4,35,0,39,0,2,244,0,246,0,6,279,0,285,64,0,64,349
06/27/2000,HEF,VA,AEA,EN,Towers with Display (VFR),0,3,29,0,32,0,4,239,0,243,0,7,268,0,275,42,0,42,317
06/28/2000,HEF,VA,AEA,EN,Towers with Display (VFR),0,5,44,0,49,0,2,96,0,98,0,7,140,0,147,32,0,32,179
06/29/2000,HEF,VA,AEA,EN,Towers with Display (VFR),0,4,38,0,42,0,0,293,0,293,0,4,331,0,335,96,0,96,431
06/30/2000,HEF,VA,AEA,EN,Towers with Display (VFR),0,3,33,0,36,0,0,467,0,467,0,3,500,0,503,186,0,186,689
07/01/2000,HEF,VA,AEA,EN,Towers with Display (VFR),0,6,42,0,48,0,1,514,0,515,0,7,556,0,563,64,0,64,627
07/02/2000,HEF,VA,AEA,EN,Towers with Display (VFR),0,5,56,0,61,0,0,378,0,378,0,5,434,0,439,146,0,146,585
07/03/2000,HEF,VA,AEA,EN,Towers with Display (VFR),0,3,23,0,26,0,1,353,0,354,0,4,376,0,380,190,0,190,570
07/04/2000,HEF,VA,AEA,EN,Towers with Display (VFR),0,5,39,0,44,0,0,326,0,326,0,5,365,0,370,86,0,86,456
07/05/2000,HEF,VA,AEA,EN,Towers with Display (VFR),0,6,48,0,54,0,0,370,1,371,0,6,418,1,425,120,0,120,545
07/06/2000,HEF,VA,AEA,EN,Towers with Display (VFR),0,5,39,0,44,0,3,490,1,494,0,8,529,1,538,74,0,74,612
07/07/2000,HEF,VA,AEA,EN,Towers with Display (VFR),0,6,53,0,59,0,0,343,0,343,0,6,396,0,402,140,0,140,542
07/08/2000,HEF,VA,AEA,EN,Towers with Display (VFR),0,6,46,0,52,0,6,472,0,478,0,12,518,0,530,134,0,134,664
07/09/2000,HEF,VA,AEA,EN,Towers with Display (VFR),0,6,44,0,50,0,0,413,0,413,0,6,457,0,463,178,0,178,641
07/10/2000,HEF,VA,AEA,EN,Towers with Display (VFR),0,4,30,0,34,0,0,207,0,207,0,4,237,0,241,66,0,66,307
07/11/2000,HEF,VA,AEA,EN,Towers with Display (VFR),0,5,40,0,45,0,1,231,0,232,0,6,271,0,277,44,0,44,321
07/12/2000,HEF,VA,AEA,EN,Towers with Display (VFR),0,4,32,0,36,0,3,310,0,313,0,7,342,0,349,32,0,32,381
07/13/2000,HEF,VA,AEA,EN,Towers with Display (VFR),0,5,35,0,40,0,0,384,0,384,0,5,419,0,424,48,0,48,472
07/14/2000,HEF,VA,AEA,EN,Towers with Display (VFR),0,4,46,0,50,0,0,203,0,203,0,4,249,0,253,54,0,54,307
07/15/2000,HEF,VA,AEA,EN,Towers with Display (VFR),0,5,32,0,37,0,4,360,0,364,0,9,392,0,401,154,0,154,555
07/16/2000,HEF,VA,AEA,EN,Towers with Display (VFR),0,4,34,0,38,0,3,308,0,311,0,7,342,0,349,162,0,162,511
07/17/2000,HEF,VA,AEA,EN,Towers with Display (VFR),0,4,33,1,38,0,0,414,1,415,0,4,447,2,453,92,0,92,545
07/18/2000,HEF,VA,AEA,EN,Towers with Display (VFR),0,3,27,0,30,0,5,341,1,347,0,8,368,1,377,80,0,80,457
07/19/2000,HEF,VA,AEA,EN,Towers with Display (VFR),0,5,53,0,58,0,0,197,0,197,0,5,250,0,255,102,0,102,357
07/20/2000,HEF,VA,AEA,EN,Towers with Display (VFR),0,6,50,0,56,0,1,443,0,444,0,7,493,0,500,94,0,94,594
07/21/2000,HEF,VA,AEA,EN,Towers with Display (VFR),0,4,57,0,61,0,0,411,0,411,0,4,468,0,472,120,0,120,592
07/22/2000,HEF,VA,AEA,EN,Towers with Display (VFR),0,4,36,0,40,0,2,466,0,468,0,6,502,0,508,128,0,128,636
07/23/2000,HEF,VA,AEA,EN,Towers with Display (VFR),0,6,51,0,57,0,0,391,0,391,0,6,442,0,448,150,0,150,598
07/24/2000,HEF,VA,AEA,EN,Towers with Display (VFR),0,7,70,0,77,0,0,44,0,44,0,7,114,0,121,24,0,24,145
07/25/2000,HEF,VA,AEA,EN,Towers with Display (VFR),0,6,49,0,55,0,2,239,2,243,0,8,288,2,298,136,0,136,434
07/26/2000,HEF,VA,AEA,EN,Towers with Display (VFR),0,5,45,0,50,0,1,2,0,3,0,6,47,0,53,0,0,0,53
07/27/2000,HEF,VA,AEA,EN,Towers with Display (VFR),0,6,50,0,56,0,5,442,0,447,0,11,492,0,503,84,0,84,587
07/28/2000,HEF,VA,AEA,EN,Towers with Display (VFR),0,1,45,0,46,0,0,322,0,322,0,1,367,0,368,42,0,42,410
07/29/2000,HEF,VA,AEA,EN,Towers with Display (VFR),0,3,47,0,50,0,0,288,0,288,0,3,335,0,338,140,0,140,478
07/30/2000,HEF,VA,AEA,EN,Towers with Display (VFR),0,3,33,0,36,0,8,228,0,236,0,11,261,0,272,162,0,162,434
07/31/2000,HEF,VA,AEA,EN,Towers with Display (VFR),0,3,29,0,32,0,1,73,0,74,0,4,102,0,106,54,0,54,160
08/01/2000,HEF,VA,AEA,EN,Towers with Display (VFR),0,0,27,0,27,0,0,104,2,106,0,0,131,2,133,100,0,100,233
08/02/2000,HEF,VA,AEA,EN,Towers with Display (VFR),0,5,49,0,54,0,1,373,0,374,0,6,422,0,428,40,0,40,468
08/03/2000,HEF,VA,AEA,EN,Towers with Display (VFR),0,5,33,0,38,0,1,227,0,228,0,6,260,0,266,92,0,92,358
08/04/2000,HEF,VA,AEA,EN,Towers with Display (VFR),0,1,43,0,44,0,0,381,0,381,0,1,424,0,425,116,0,116,541
08/05/2000,HEF,VA,AEA,EN,Towers with Display (VFR),0,4,53,0,57,0,7,548,0,555,0,11,601,0,612,0,0,0,612
08/06/2000,HEF,VA,AEA,EN,Towers with Display (VFR),0,5,39,0,44,0,0,162,0,162,0,5,201,0,206,94,0,94,300
08/07/2000,HEF,VA,AEA,EN,Towers with Display (VFR),0,1,23,0,24,0,0,265,4,269,0,1,288,4,293,78,0,78,371
08/08/2000,HEF,VA,AEA,EN,Towers with Display (VFR),0,2,40,0,42,0,0,426,1,427,0,2,466,1,469,54,0,54,523
08/09/2000,HEF,VA,AEA,EN,Towers with Display (VFR),0,3,21,0,24,0,1,170,1,172,0,4,191,1,196,20,0,20,216
08/10/2000,HEF,VA,AEA,EN,Towers with Display (VFR),0,3,41,0,44,0,0,395,0,395,0,3,436,0,439,72,0,72,511
08/11/2000,HEF,VA,AEA,EN,Towers with Display (VFR),0,2,34,0,36,0,0,493,0,493,0,2,527,0,529,100,0,100,629
08/12/2000,HEF,VA,AEA,EN,Towers with Display (VFR),0,2,34,0,36,0,0,589,0,589,0,2,623,0,625,116,0,116,741
08/13/2000,HEF,VA,AEA,EN,Towers with Display (VFR),0,3,33,0,36,0,0,227,0,227,0,3,260,0,263,107,0,107,370
08/14/2000,HEF,VA,AEA,EN,Towers with Display (VFR),0,2,27,0,29,0,3,286,0,289,0,5,313,0,318,114,0,114,432
08/15/2000,HEF,VA,AEA,EN,Towers with Display (VFR),0,2,36,0,38,0,1,366,0,367,0,3,402,0,405,110,0,110,515
08/16/2000,HEF,VA,AEA,EN,Towers with Display (VFR),0,4,34,0,38,0,2,271,0,273,0,6,305,0,311,68,0,68,379
08/17/2000,HEF,VA,AEA,EN,Towers with Display (VFR),0,7,27,0,34,0,2,411,0,413,0,9,438,0,447,154,0,154,601
08/18/2000,HEF,VA,AEA,EN,Towers with Display (VFR),0,4,45,0,49,0,0,23,0,23,0,4,68,0,72,0,0,0,72
08/19/2000,HEF,VA,AEA,EN,Towers with Display (VFR),0,4,38,0,42,0,1,489,0,490,0,5,527,0,532,85,0,85,617
08/20/2000,HEF,VA,AEA,EN,Towers with Display (VFR),0,2,29,0,31,0,3,386,0,389,0,5,415,0,420,120,0,120,540
08/21/2000,HEF,VA,AEA,EN,Towers with Display (VFR),0,0,25,0,25,0,4,299,0,303,0,4,324,0,328,78,0,78,406
08/22/2000,HEF,VA,AEA,EN,Towers with Display (VFR),0,3,41,0,44,0,0,377,0,377,0,3,418,0,421,88,0,88,509
08/23/2000,HEF,VA,AEA,EN,Towers with Display (VFR),0,8,24,0,32,0,0,204,0,204,0,8,228,0,236,44,0,44,280
08/24/2000,HEF,VA,AEA,EN,Towers with Display (VFR),0,5,59,0,64,0,0,353,0,353,0,5,412,0,417,78,0,78,495
08/25/2000,HEF,VA,AEA,EN,Towers with Display (VFR),0,4,54,0,58,0,0,416,0,416,0,4,470,0,474,96,0,96,570
08/26/2000,HEF,VA,AEA,EN,Towers with Display (VFR),0,3,40,0,43,0,2,616,0,618,0,5,656,0,661,146,0,146,807
08/27/2000,HEF,VA,AEA,EN,Towers with Display (VFR),0,3,34,0,37,0,2,160,0,162,0,5,194,0,199,292,0,292,491
08/28/2000,HEF,VA,AEA,EN,Towers with Display (VFR),0,4,46,0,50,0,2,181,0,183,0,6,227,0,233,144,0,144,377
08/29/2000,HEF,VA,AEA,EN,Towers with Display (VFR),0,3,47,0,50,0,5,126,0,131,0,8,173,0,181,24,0,24,205
08/30/2000,HEF,VA,AEA,EN,Towers with Display (VFR),0,3,41,0,44,0,1,149,0,150,0,4,190,0,194,60,0,60,254
08/31/2000,HEF,VA,AEA,EN,Towers with Display (VFR),0,3,43,0,46,0,10,152,0,162,0,13,195,0,208,0,0,0,208
09/01/2000,HEF,VA,AEA,EN,Towers with Display (VFR),0,5,45,0,50,0,0,251,0,251,0,5,296,0,301,76,0,76,377
09/02/2000,HEF,VA,AEA,EN,Towers with Display (VFR),0,4,46,0,50,0,0,117,0,117,0,4,163,0,167,120,0,120,287
09/03/2000,HEF,VA,AEA,EN,Towers with Display (VFR),0,4,25,0,29,0,0,184,0,184,0,4,209,0,213,36,0,36,249
09/04/2000,HEF,VA,AEA,EN,Towers with Display (VFR),0,4,50,0,54,0,0,270,0,270,0,4,320,0,324,76,0,76,400
09/05/2000,HEF,VA,AEA,EN,Towers with Display (VFR),0,3,22,0,25,0,0,340,0,340,0,3,362,0,365,0,0,0,365
09/06/2000,HEF,VA,AEA,EN,Towers with Display (VFR),0,11,36,0,47,0,0,311,0,311,0,11,347,0,358,96,0,96,454
09/07/2000,HEF,VA,AEA,EN,Towers with Display (VFR),0,7,56,0,63,0,3,424,0,427,0,10,480,0,490,96,0,96,586
09/08/2000,HEF,VA,AEA,EN,Towers with Display (VFR),0,3,40,0,43,0,0,348,0,348,0,3,388,0,391,86,0,86,477
09/09/2000,HEF,VA,AEA,EN,Towers with Display (VFR),0,2,26,0,28,0,0,517,0,517,0,2,543,0,545,146,0,146,691
09/10/2000,HEF,VA,AEA,EN,Towers with Display (VFR),0,0,46,0,46,0,0,555,0,555,0,0,601,0,601,90,0,90,691
09/11/2000,HEF,VA,AEA,EN,Towers with Display (VFR),0,5,35,0,40,0,1,269,0,270,0,6,304,0,310,30,0,30,340
09/12/2000,HEF,VA,AEA,EN,Towers with Display (VFR),0,3,23,0,26,0,1,227,0,228,0,4,250,0,254,144,0,144,398
09/13/2000,HEF,VA,AEA,EN,Towers with Display (VFR),0,6,53,0,59,0,2,259,0,261,0,8,312,0,320,168,0,168,488
09/14/2000,HEF,VA,AEA,EN,Towers with Display (VFR),0,5,48,0,53,0,0,315,0,315,0,5,363,0,368,160,0,160,528
09/15/2000,HEF,VA,AEA,EN,Towers with Display (VFR),0,4,40,0,44,0,0,182,0,182,0,4,222,0,226,76,0,76,302
09/16/2000,HEF,VA,AEA,EN,Towers with Display (VFR),0,4,40,0,44,0,8,360,0,368,0,12,400,0,412,78,0,78,490
09/17/2000,HEF,VA,AEA,EN,Towers with Display (VFR),0,4,41,0,45,0,2,477,0,479,0,6,518,0,524,168,0,168,692
09/18/2000,HEF,VA,AEA,EN,Towers with Display (VFR),0,2,39,0,41,0,0,327,4,331,0,2,366,4,372,126,0,126,498
09/19/2000,HEF,VA,AEA,EN,Towers with Display (VFR),0,3,33,0,36,0,3,31,0,34,0,6,64,0,70,0,0,0,70
09/20/2000,HEF,VA,AEA,EN,Towers with Display (VFR),0,4,41,0,45,0,18,312,0,330,0,22,353,0,375,174,0,174,549
09/21/2000,HEF,VA,AEA,EN,Towers with Display (VFR),0,4,40,0,44,0,2,267,0,269,0,6,307,0,313,144,0,144,457
09/22/2000,HEF,VA,AEA,EN,Towers with Display (VFR),0,1,31,0,32,0,0,419,0,419,0,1,450,0,451,108,0,108,559
09/23/2000,HEF,VA,AEA,EN,Towers with Display (VFR),0,4,37,0,41,0,4,30,1,35,0,8,67,1,76,6,0,6,82
09/24/2000,HEF,VA,AEA,EN,Towers with Display (VFR),0,4,36,0,40,0,3,352,0,355,0,7,388,0,395,156,0,156,551
09/25/2000,HEF,VA,AEA,EN,Towers with Display (VFR),0,3,28,0,31,0,5,0,0,5,0,8,28,0,36,0,0,0,36
09/26/2000,HEF,VA,AEA,EN,Towers with Display (VFR),0,4,36,0,40,0,0,46,0,46,0,4,82,0,86,10,0,10,96
09/27/2000,HEF,VA,AEA,EN,Towers with Display (VFR),0,6,51,0,57,0,3,448,0,451,0,9,499,0,508,106,6,112,620
09/28/2000,HEF,VA,AEA,EN,Towers with Display (VFR),0,5,43,0,48,0,11,383,0,394,0,16,426,0,442,138,0,138,580
09/29/2000,HEF,VA,AEA,EN,Towers with Display (VFR),0,4,36,0,40,0,1,382,0,383,0,5,418,0,423,80,0,80,503
09/30/2000,HEF,VA,AEA,EN,Towers with Display (VFR),0,2,19,0,21,0,6,498,0,504,0,8,517,0,525,168,0,168,693
10/01/2000,HEF,VA,AEA,EN,Towers with Display (VFR),0,7,58,0,65,0,0,423,0,423,0,7,481,0,488,0,0,0,488
10/02/2000,HEF,VA,AEA,EN,Towers with Display (VFR),0,4,32,0,36,0,0,376,0,376,0,4,408,0,412,96,0,96,508
10/03/2000,HEF,VA,AEA,EN,Towers with Display (VFR),0,3,23,0,26,0,0,266,0,266,0,3,289,0,292,162,0,162,454
10/04/2000,HEF,VA,AEA,EN,Towers with Display (VFR),0,3,16,0,19,0,0,379,0,379,0,3,395,0,398,82,0,82,480
10/05/2000,HEF,VA,AEA,EN,Towers with Display (VFR),0,5,81,0,86,0,0,15,0,15,0,5,96,0,101,0,0,0,101
10/06/2000,HEF,VA,AEA,EN,Towers with Display (VFR),0,2,45,0,47,0,0,208,0,208,0,2,253,0,255,62,0,62,317
10/07/2000,HEF,VA,AEA,EN,Towers with Display (VFR),0,3,38,0,41,0,0,512,0,512,0,3,550,0,553,30,0,30,583
10/08/2000,HEF,VA,AEA,EN,Towers with Display (VFR),0,4,26,0,30,0,0,309,0,309,0,4,335,0,339,86,0,86,425
10/09/2000,HEF,VA,AEA,EN,Towers with Display (VFR),0,1,19,0,20,0,0,201,0,201,0,1,220,0,221,22,0,22,243
10/10/2000,HEF,VA,AEA,EN,Towers with Display (VFR),0,4,25,0,29,0,5,247,1,253,0,9,272,1,282,130,0,130,412
10/11/2000,HEF,VA,AEA,EN,Towers with Display (VFR),0,5,31,0,36,0,2,305,0,307,0,7,336,0,343,72,0,72,415
10/12/2000,HEF,VA,AEA,EN,Towers with Display (VFR),0,4,36,0,40,0,0,357,0,357,0,4,393,0,397,132,0,132,529
10/13/2000,HEF,VA,AEA,EN,Towers with Display (VFR),0,1,30,0,31,0,0,412,0,412,0,1,442,0,443,138,0,138,581
10/14/2000,HEF,VA,AEA,EN,Towers with Display (VFR),0,4,34,0,38,0,3,650,0,653,0,7,684,0,691,52,0,52,743
10/15/2000,HEF,VA,AEA,EN,Towers with Display (VFR),0,4,34,0,38,0,7,492,0,499,0,11,526,0,537,110,0,110,647
10/16/2000,HEF,VA,AEA,EN,Towers with Display (VFR),0,2,53,0,55,0,0,259,0,259,0,2,312,0,314,130,8,138,452
10/17/2000,HEF,VA,AEA,EN,Towers with Display (VFR),0,5,42,0,47,0,1,121,0,122,0,6,163,0,169,120,0,120,289
10/18/2000,HEF,VA,AEA,EN,Towers with Display (VFR),0,4,33,0,37,0,1,90,2,93,0,5,123,2,130,66,0,66,196
10/19/2000,HEF,VA,AEA,EN,Towers with Display (VFR),0,5,42,0,47,0,0,427,0,427,0,5,469,0,474,102,0,102,576
10/20/2000,HEF,VA,AEA,EN,Towers with Display (VFR),0,5,45,0,50,0,0,401,7,408,0,5,446,7,458,112,8,120,578
10/21/2000,HEF,VA,AEA,EN,Towers with Display (VFR),0,3,36,0,39,0,0,469,7,476,0,3,505,7,515,138,2,140,655
10/22/2000,HEF,VA,AEA,EN,Towers with Display (VFR),0,8,62,0,70,0,19,433,0,452,0,27,495,0,522,222,0,222,744
10/23/2000,HEF,VA,AEA,EN,Towers with Display (VFR),0,5,37,0,42,0,4,270,4,278,0,9,307,4,320,124,0,124,444
10/24/2000,HEF,VA,AEA,EN,Towers with Display (VFR),0,4,36,0,40,0,2,347,8,357,0,6,383,8,397,114,0,114,511
10/25/2000,HEF,VA,AEA,EN,Towers with Display (VFR),0,5,55,0,60,0,0,221,0,221,0,5,276,0,281,98,0,98,379
10/26/2000,HEF,VA,AEA,EN,Towers with Display (VFR),0,5,40,0,45,0,0,187,0,187,0,5,227,0,232,130,0,130,362
10/27/2000,HEF,VA,AEA,EN,Towers with Display (VFR),0,7,51,0,58,0,1,266,0,267,0,8,317,0,325,80,0,80,405
10/28/2000,HEF,VA,AEA,EN,Towers with Display (VFR),0,3,23,0,26,0,3,163,0,166,0,6,186,0,192,20,0,20,212
10/29/2000,HEF,VA,AEA,EN,Towers with Display (VFR),0,5,42,0,47,0,10,245,0,255,0,15,287,0,302,50,0,50,352
10/30/2000,HEF,VA,AEA,EN,Towers with Display (VFR),0,4,33,0,37,0,1,159,0,160,0,5,192,0,197,52,0,52,249
10/31/2000,HEF,VA,AEA,EN,Towers with Display (VFR),0,4,29,0,33,0,0,238,4,242,0,4,267,4,275,104,0,104,379
11/01/2000,HEF,VA,AEA,EN,Towers with Display (VFR),0,4,38,0,42,0,0,247,0,247,0,4,285,0,289,60,0,60,349
11/02/2000,HEF,VA,AEA,EN,Towers with Display (VFR),0,5,28,0,33,0,2,373,0,375,0,7,401,0,408,260,0,260,668
11/03/2000,HEF,VA,AEA,EN,Towers with Display (VFR),0,3,42,0,45,0,0,311,0,311,0,3,353,0,356,96,0,96,452
11/04/2000,HEF,VA,AEA,EN,Towers with Display (VFR),0,5,32,0,37,0,2,448,0,450,0,7,480,0,487,148,0,148,635
11/05/2000,HEF,VA,AEA,EN,Towers with Display (VFR),0,5,31,0,36,0,9,340,0,349,0,14,371,0,385,0,0,0,385
11/06/2000,HEF,VA,AEA,EN,Towers with Display (VFR),0,4,24,0,28,0,6,243,0,249,0,10,267,0,277,116,0,116,393
11/07/2000,HEF,VA,AEA,EN,Towers with Display (VFR),0,4,25,0,29,0,7,222,0,229,0,11,247,0,258,148,0,148,406
11/08/2000,HEF,VA,AEA,EN,Towers with Display (VFR),0,5,29,0,34,0,1,407,0,408,0,6,436,0,442,158,0,158,600
11/09/2000,HEF,VA,AEA,EN,Towers with Display (VFR),0,3,50,0,53,0,0,19,0,19,0,3,69,0,72,0,0,0,72
11/10/2000,HEF,VA,AEA,EN,Towers with Display (VFR),0,2,24,0,26,0,0,129,0,129,0,2,153,0,155,14,0,14,169
11/11/2000,HEF,VA,AEA,EN,Towers with Display (VFR),0,3,18,0,21,0,2,143,0,145,0,5,161,0,166,24,0,24,190
11/12/2000,HEF,VA,AEA,EN,Towers with Display (VFR),0,4,32,0,36,0,0,586,0,586,0,4,618,0,622,112,0,112,734
11/13/2000,HEF,VA,AEA,EN,Towers with Display (VFR),0,5,31,0,36,0,69,183,2,254,0,74,214,2,290,104,0,104,394
11/14/2000,HEF,VA,AEA,EN,Towers with Display (VFR),0,4,22,0,26,0,20,108,2,130,0,24,130,2,156,52,0,52,208
11/15/2000,HEF,VA,AEA,EN,Towers with Display (VFR),0,4,28,1,33,0,26,285,3,314,0,30,313,4,347,42,0,42,389
11/16/2000,HEF,VA,AEA,EN,Towers with Display (VFR),0,4,29,0,33,0,16,397,0,413,0,20,426,0,446,142,0,142,588
11/17/2000,HEF,VA,AEA,EN,Towers with Display (VFR),0,2,42,0,44,0,0,276,0,276,0,2,318,0,320,16,0,16,336
11/18/2000,HEF,VA,AEA,EN,Towers with Display (VFR),0,3,23,0,26,0,2,498,0,500,0,5,521,0,526,156,0,156,682
11/19/2000,HEF,VA,AEA,EN,Towers with Display (VFR),0,4,27,0,31,0,5,366,0,371,0,9,393,0,402,190,0,190,592
11/20/2000,HEF,VA,AEA,EN,Towers with Display (VFR),0,3,21,0,24,0,1,121,0,122,0,4,142,0,146,68,0,68,214
11/21/2000,HEF,VA,AEA,EN,Towers with Display (VFR),0,4,28,0,32,0,0,113,0,113,0,4,141,0,145,26,0,26,171
11/22/2000,HEF,VA,AEA,EN,Towers with Display (VFR),0,5,43,0,48,0,0,242,0,242,0,5,285,0,290,42,0,42,332
11/23/2000,HEF,VA,AEA,EN,Towers with Display (VFR),0,2,19,0,21,0,8,173,0,181,0,10,192,0,202,18,0,18,220
11/24/2000,HEF,VA,AEA,EN,Towers with Display (VFR),0,4,26,0,30,0,0,380,0,380,0,4,406,0,410,186,0,186,596
11/25/2000,HEF,VA,AEA,EN,Towers with Display (VFR),0,2,19,0,21,0,5,199,0,204,0,7,218,0,225,42,0,42,267
11/26/2000,HEF,VA,AEA,EN,Towers with Display (VFR),0,8,53,0,61,0,0,237,0,237,0,8,290,0,298,116,0,116,414
11/27/2000,HEF,VA,AEA,EN,Towers with Display (VFR),0,4,29,0,33,0,2,185,4,191,0,6,214,4,224,52,0,52,276
11/28/2000,HEF,VA,AEA,EN,Towers with Display (VFR),0,2,33,0,35,0,0,270,2,272,0,2,303,2,307,226,0,226,533
11/29/2000,HEF,VA,AEA,EN,Towers with Display (VFR),0,5,37,0,42,0,6,172,0,178,0,11,209,0,220,88,0,88,308
11/30/2000,HEF,VA,AEA,EN,Towers with Display (VFR),0,2,19,0,21,0,0,93,0,93,0,2,112,0,114,32,0,32,146
12/01/2000,HEF,VA,AEA,EN,Towers with Display (VFR),0,2,19,0,21,0,0,360,3,363,0,2,379,3,384,66,0,66,450
12/02/2000,HEF,VA,AEA,EN,Towers with Display (VFR),0,5,26,0,31,0,0,293,0,293,0,5,319,0,324,128,0,128,452
12/03/2000,HEF,VA,AEA,EN,Towers with Display (VFR),0,6,22,0,28,0,6,300,0,306,0,12,322,0,334,120,0,120,454
12/04/2000,HEF,VA,AEA,EN,Towers with Display (VFR),0,4,20,0,24,0,0,175,0,175,0,4,195,0,199,152,0,152,351
12/05/2000,HEF,VA,AEA,EN,Towers with Display (VFR),0,6,20,0,26,0,0,158,0,158,0,6,178,0,184,0,0,0,184
12/06/2000,HEF,VA,AEA,EN,Towers with Display (VFR),0,5,19,0,24,0,0,200,0,200,0,5,219,0,224,80,0,80,304
12/07/2000,HEF,VA,AEA,EN,Towers with Display (VFR),0,3,18,0,21,0,0,186,2,188,0,3,204,2,209,63,0,63,272
12/08/2000,HEF,VA,AEA,EN,Towers with Display (VFR),0,2,33,0,35,0,0,194,0,194,0,2,227,0,229,42,0,42,271
12/09/2000,HEF,VA,AEA,EN,Towers with Display (VFR),0,7,25,0,32,0,0,419,0,419,0,7,444,0,451,88,0,88,539
12/10/2000,HEF,VA,AEA,EN,Towers with Display (VFR),0,4,20,0,24,0,0,90,0,90,0,4,110,0,114,36,0,36,150
12/11/2000,HEF,VA,AEA,EN,Towers with Display (VFR),0,4,37,0,41,0,0,100,0,100,0,4,137,0,141,106,0,106,247
12/12/2000,HEF,VA,AEA,EN,Towers with Display (VFR),0,5,19,0,24,0,8,30,0,38,0,13,49,0,62,0,0,0,62
12/13/2000,HEF,VA,AEA,EN,Towers with Display (VFR),0,2,16,0,18,0,0,202,2,204,0,2,218,2,222,52,0,52,274
12/14/2000,HEF,VA,AEA,EN,Towers with Display (VFR),0,7,23,0,30,0,0,0,0,0,0,7,23,0,30,0,0,0,30
12/15/2000,HEF,VA,AEA,EN,Towers with Display (VFR),0,7,30,0,37,0,0,284,0,284,0,7,314,0,321,106,0,106,427
12/16/2000,HEF,VA,AEA,EN,Towers with Display (VFR),0,3,4,0,7,0,6,0,0,6,0,9,4,0,13,0,0,0,13
12/17/2000,HEF,VA,AEA,EN,Towers with Display (VFR),0,3,14,0,17,0,6,6,0,12,0,9,20,0,29,0,0,0,29
12/18/2000,HEF,VA,AEA,EN,Towers with Display (VFR),0,4,21,0,25,0,0,257,0,257,0,4,278,0,282,118,0,118,400
12/19/2000,HEF,VA,AEA,EN,Towers with Display (VFR),0,2,11,0,13,0,2,71,0,73,0,4,82,0,86,0,0,0,86
12/20/2000,HEF,VA,AEA,EN,Towers with Display (VFR),0,4,21,0,25,0,1,96,1,98,0,5,117,1,123,18,0,18,141
12/21/2000,HEF,VA,AEA,EN,Towers with Display (VFR),0,5,32,0,37,0,0,236,0,236,0,5,268,0,273,68,0,68,341
12/22/2000,HEF,VA,AEA,EN,Towers with Display (VFR),0,4,18,0,22,0,1,71,0,72,0,5,89,0,94,14,0,14,108
12/23/2000,HEF,VA,AEA,EN,Towers with Display (VFR),0,5,23,0,28,0,6,392,0,398,0,11,415,0,426,36,0,36,462
12/24/2000,HEF,VA,AEA,EN,Towers with Display (VFR),0,4,18,0,22,0,5,262,0,267,0,9,280,0,289,180,0,180,469
12/25/2000,HEF,VA,AEA,EN,Towers with Display (VFR),0,2,13,0,15,0,7,10,0,17,0,9,23,0,32,8,0,8,40
12/26/2000,HEF,VA,AEA,EN,Towers with Display (VFR),0,8,33,0,41,0,7,239,0,246,0,15,272,0,287,76,0,76,363
12/27/2000,HEF,VA,AEA,EN,Towers with Display (VFR),0,5,24,0,29,0,0,218,26,244,0,5,242,26,273,88,0,88,361
12/28/2000,HEF,VA,AEA,EN,Towers with Display (VFR),0,3,17,0,20,0,0,127,0,127,0,3,144,0,147,16,0,16,163
12/29/2000,HEF,VA,AEA,EN,Towers with Display (VFR),0,5,24,0,29,0,0,333,2,335,0,5,357,2,364,58,0,58,422
12/30/2000,HEF,VA,AEA,EN,Towers with Display (VFR),0,2,11,0,13,0,3,255,0,258,0,5,266,0,271,16,0,16,287
12/31/2000,HEF,VA,AEA,EN,Towers with Display (VFR),0,2,12,0,14,0,4,112,0,116,0,6,124,0,130,34,0,34,164
01/01/2001,HEF,VA,AEA,EN,Towers with Display (VFR),0,5,20,0,25,0,4,223,0,227,0,9,243,0,252,6,0,6,258
01/02/2001,HEF,VA,AEA,EN,Towers with Display (VFR),0,3,17,0,20,0,0,116,0,116,0,3,133,0,136,42,0,42,178
01/03/2001,HEF,VA,AEA,EN,Towers with Display (VFR),0,4,16,0,20,0,3,319,0,322,0,7,335,0,342,58,2,60,402
01/04/2001,HEF,VA,AEA,EN,Towers with Display (VFR),0,4,14,0,18,0,4,242,0,246,0,8,256,0,264,100,2,102,366
01/05/2001,HEF,VA,AEA,EN,Towers with Display (VFR),0,4,17,0,21,0,0,7,0,7,0,4,24,0,28,0,0,0,28
01/06/2001,HEF,VA,AEA,EN,Towers with Display (VFR),0,4,16,0,20,0,4,301,0,305,0,8,317,0,325,46,0,46,371
01/07/2001,HEF,VA,AEA,EN,Towers with Display (VFR),0,5,20,0,25,0,3,387,0,390,0,8,407,0,415,64,0,64,479
01/08/2001,HEF,VA,AEA,EN,Towers with Display (VFR),0,3,11,0,14,0,2,5,0,7,0,5,16,0,21,0,0,0,21
01/09/2001,HEF,VA,AEA,EN,Towers with Display (VFR),0,5,19,0,24,0,5,97,0,102,0,10,116,0,126,0,0,0,126
01/10/2001,HEF,VA,AEA,EN,Towers with Display (VFR),0,3,17,0,20,0,0,386,0,386,0,3,403,0,406,88,0,88,494
01/11/2001,HEF,VA,AEA,EN,Towers with Display (VFR),0,4,25,1,30,0,0,319,3,322,0,4,344,4,352,107,0,107,459
01/12/2001,HEF,VA,AEA,EN,Towers with Display (VFR),0,4,24,0,28,0,0,268,0,268,0,4,292,0,296,148,0,148,444
01/13/2001,HEF,VA,AEA,EN,Towers with Display (VFR),0,6,31,0,37,0,0,528,0,528,0,6,559,0,565,88,0,88,653
01/14/2001,HEF,VA,AEA,EN,Towers with Display (VFR),0,4,22,1,27,0,4,443,12,459,0,8,465,13,486,80,4,84,570
01/15/2001,HEF,VA,AEA,EN,Towers with Display (VFR),0,5,23,0,28,0,3,0,0,3,0,8,23,0,31,0,0,0,31
01/16/2001,HEF,VA,AEA,EN,Towers with Display (VFR),0,4,28,0,32,0,0,254,6,260,0,4,282,6,292,54,0,54,346
01/17/2001,HEF,VA,AEA,EN,Towers with Display (VFR),0,9,45,0,54,0,0,264,0,264,0,9,309,0,318,126,0,126,444
01/18/2001,HEF,VA,AEA,EN,Towers with Display (VFR),0,6,31,0,37,0,5,117,0,122,0,11,148,0,159,42,0,42,201
01/19/2001,HEF,VA,AEA,EN,Towers with Display (VFR),0,6,25,0,31,0,4,0,0,4,0,10,25,0,35,4,0,4,39
01/20/2001,HEF,VA,AEA,EN,Towers with Display (VFR),0,4,16,0,20,0,4,0,0,4,0,8,16,0,24,14,0,14,38
01/21/2001,HEF,VA,AEA,EN,Towers with Display (VFR),0,10,45,0,55,0,5,127,0,132,0,15,172,0,187,46,0,46,233
01/22/2001,HEF,VA,AEA,EN,Towers with Display (VFR),0,9,40,0,49,0,1,279,0,280,0,10,319,0,329,132,0,132,461
01/23/2001,HEF,VA,AEA,EN,Towers with Display (VFR),0,8,39,0,47,0,3,310,5,318,0,11,349,5,365,94,0,94,459
01/24/2001,HEF,VA,AEA,EN,Towers with Display (VFR),0,5,33,0,38,0,0,376,1,377,0,5,409,1,415,72,0,72,487
01/25/2001,HEF,VA,AEA,EN,Towers with Display (VFR),0,5,31,0,36,0,0,88,0,88,0,5,119,0,124,4,0,4,128
01/26/2001,HEF,VA,AEA,EN,Towers with Display (VFR),0,5,24,0,29,0,0,271,2,273,0,5,295,2,302,94,0,94,396
01/27/2001,HEF,VA,AEA,EN,Towers with Display (VFR),0,4,20,0,24,0,3,114,0,117,0,7,134,0,141,54,0,54,195
01/28/2001,HEF,VA,AEA,EN,Towers with Display (VFR),0,5,25,0,30,0,1,485,0,486,0,6,510,0,516,158,0,158,674
01/29/2001,HEF,VA,AEA,EN,Towers with Display (VFR),0,4,20,0,24,0,5,255,0,260,0,9,275,0,284,84,0,84,368
01/30/2001,HEF,VA,AEA,EN,Towers with Display (VFR),0,2,32,0,34,0,0,58,0,58,0,2,90,0,92,24,0,24,116
01/31/2001,HEF,VA,AEA,EN,Towers with Display (VFR),0,4,23,0,27,0,2,205,0,207,0,6,228,0,234,66,0,66,300
02/01/2001,HEF,VA,AEA,EN,Towers with Display (VFR),0,6,30,0,36,0,0,291,0,291,0,6,321,0,327,28,0,28,355
02/02/2001,HEF,VA,AEA,EN,Towers with Display (VFR),0,5,20,0,25,0,0,119,0,119,0,5,139,0,144,68,0,68,212
02/03/2001,HEF,VA,AEA,EN,Towers with Display (VFR),0,6,25,0,31,0,0,387,2,389,0,6,412,2,420,92,0,92,512
02/04/2001,HEF,VA,AEA,EN,Towers with Display (VFR),0,5,17,0,22,0,3,440,2,445,0,8,457,2,467,115,0,115,582
02/05/2001,HEF,VA,AEA,EN,Towers with Display (VFR),0,3,10,0,13,0,1,120,2,123,0,4,130,2,136,0,0,0,136
02/06/2001,HEF,VA,AEA,EN,Towers with Display (VFR),0,5,21,0,26,0,2,257,0,259,0,7,278,0,285,82,0,82,367
02/07/2001,HEF,VA,AEA,EN,Towers with Display (VFR),0,7,27,0,34,0,3,374,0,377,0,10,401,0,411,118,0,118,529
02/08/2001,HEF,VA,AEA,EN,Towers with Display (VFR),0,5,28,0,33,0,0,301,4,305,0,5,329,4,338,148,0,148,486
02/09/2001,HEF,VA,AEA,EN,Towers with Display (VFR),0,4,16,0,20,0,3,179,0,182,0,7,195,0,202,18,0,18,220
02/10/2001,HEF,VA,AEA,EN,Towers with Display (VFR),0,5,17,0,22,0,2,26,0,28,0,7,43,0,50,0,0,0,50
02/11/2001,HEF,VA,AEA,EN,Towers with Display (VFR),0,6,21,0,27,0,1,448,0,449,0,7,469,0,476,94,0,94,570
02/12/2001,HEF,VA,AEA,EN,Towers with Display (VFR),0,0,4,0,4,0,8,175,0,183,0,8,179,0,187,90,0,90,277
02/13/2001,HEF,VA,AEA,EN,Towers with Display (VFR),0,7,31,0,38,0,3,224,0,227,0,10,255,0,265,36,0,36,301
02/14/2001,HEF,VA,AEA,EN,Towers with Display (VFR),0,7,33,1,41,0,0,0,1,1,0,7,33,2,42,0,0,0,42
02/15/2001,HEF,VA,AEA,EN,Towers with Display (VFR),0,10,50,0,60,0,0,42,0,42,0,10,92,0,102,2,0,2,104
02/16/2001,HEF,VA,AEA,EN,Towers with Display (VFR),0,8,38,0,46,0,0,6,0,6,0,8,44,0,52,0,0,0,52
02/17/2001,HEF,VA,AEA,EN,Towers with Display (VFR),0,4,20,0,24,0,3,102,2,107,0,7,122,2,131,0,0,0,131
02/18/2001,HEF,VA,AEA,EN,Towers with Display (VFR),0,6,26,0,32,0,5,479,0,484,0,11,505,0,516,163,0,163,679
02/19/2001,HEF,VA,AEA,EN,Towers with Display (VFR),0,6,29,0,35,0,6,366,0,372,0,12,395,0,407,50,0,50,457
02/20/2001,HEF,VA,AEA,EN,Towers with Display (VFR),0,4,34,0,38,0,0,357,0,357,0,4,391,0,395,126,0,126,521
02/21/2001,HEF,VA,AEA,EN,Towers with Display (VFR),0,4,17,0,21,0,4,165,0,169,0,8,182,0,190,54,0,54,244
02/22/2001,HEF,VA,AEA,EN,Towers with Display (VFR),0,1,8,0,9,0,0,28,0,28,0,1,36,0,37,0,0,0,37
02/23/2001,HEF,VA,AEA,EN,Towers with Display (VFR),0,4,22,0,26,0,16,225,0,241,0,20,247,0,267,88,0,88,355
02/24/2001,HEF,VA,AEA,EN,Towers with Display (VFR),0,6,28,0,34,0,3,481,0,484,0,9,509,0,518,128,0,128,646
02/25/2001,HEF,VA,AEA,EN,Towers with Display (VFR),0,6,26,0,32,0,3,4,0,7,0,9,30,0,39,6,0,6,45
02/26/2001,HEF,VA,AEA,EN,Towers with Display (VFR),0,4,21,0,25,0,1,204,0,205,0,5,225,0,230,71,0,71,301
02/27/2001,HEF,VA,AEA,EN,Towers with Display (VFR),0,7,34,0,41,0,0,498,0,498,0,7,532,0,539,94,0,94,633
02/28/2001,HEF,VA,AEA,EN,Towers with Display (VFR),0,5,25,0,30,0,5,231,0,236,0,10,256,0,266,90,0,90,356
03/01/2001,HEF,VA,AEA,EN,Towers with Display (VFR),0,6,22,0,28,0,0,292,0,292,0,6,314,0,320,0,0,0,320
03/02/2001,HEF,VA,AEA,EN,Towers with Display (VFR),0,7,25,0,32,0,0,313,2,315,0,7,338,2,347,70,0,70,417
03/03/2001,HEF,VA,AEA,EN,Towers with Display (VFR),0,4,16,0,20,0,0,500,0,500,0,4,516,0,520,154,0,154,674
03/04/2001,HEF,VA,AEA,EN,Towers with Display (VFR),0,5,14,0,19,0,1,0,0,1,0,6,14,0,20,0,0,0,20
03/05/2001,HEF,VA,AEA,EN,Towers with Display (VFR),0,3,8,0,11,0,0,4,2,6,0,3,12,2,17,0,2,2,19
03/06/2001,HEF,VA,AEA,EN,Towers with Display (VFR),0,3,10,0,13,0,0,4,4,8,0,3,14,4,21,0,0,0,21
03/07/2001,HEF,VA,AEA,EN,Towers with Display (VFR),0,8,28,0,36,0,14,195,6,215,0,22,223,6,251,10,0,10,261
03/08/2001,HEF,VA,AEA,EN,Towers with Display (VFR),0,9,31,0,40,0,1,284,4,289,0,10,315,4,329,134,0,134,463
03/09/2001,HEF,VA,AEA,EN,Towers with Display (VFR),0,6,18,0,24,0,2,163,0,165,0,8,181,0,189,24,0,24,213
03/10/2001,HEF,VA,AEA,EN,Towers with Display (VFR),0,8,25,0,33,0,1,433,2,436,0,9,458,2,469,148,0,148,617
03/11/2001,HEF,VA,AEA,EN,Towers with Display (VFR),0,7,22,0,29,0,6,449,2,457,0,13,471,2,486,202,0,202,688
03/12/2001,HEF,VA,AEA,EN,Towers with Display (VFR),0,4,17,1,22,0,1,231,3,235,0,5,248,4,257,90,0,90,347
03/13/2001,HEF,VA,AEA,EN,Towers with Display (VFR),0,5,20,0,25,0,8,48,0,56,0,13,68,0,81,14,0,14,95
03/14/2001,HEF,VA,AEA,EN,Towers with Display (VFR),0,7,26,0,33,0,5,221,0,226,0,12,247,0,259,22,0,22,281
03/15/2001,HEF,VA,AEA,EN,Towers with Display (VFR),0,4,20,0,24,0,0,167,0,167,0,4,187,0,191,78,0,78,269
03/16/2001,HEF,VA,AEA,EN,Towers with Display (VFR),0,4,31,0,35,0,0,242,0,242,0,4,273,0,277,42,0,42,319
03/17/2001,HEF,VA,AEA,EN,Towers with Display (VFR),0,4,22,0,26,0,0,170,0,170,0,4,192,0,196,100,0,100,296
03/18/2001,HEF,VA,AEA,EN,Towers with Display (VFR),0,6,26,0,32,0,4,126,0,130,0,10,152,0,162,36,0,36,198
03/19/2001,HEF,VA,AEA,EN,Towers with Display (VFR),0,5,20,0,25,0,1,392,0,393,0,6,412,0,418,100,0,100,518
03/20/2001,HEF,VA,AEA,EN,Towers with Display (VFR),0,5,20,0,25,0,4,418,0,422,0,9,438,0,447,60,0,60,507
03/21/2001,HEF,VA,AEA,EN,Towers with Display (VFR),0,4,18,0,22,0,1,0,0,1,0,5,18,0,23,0,0,0,23
03/22/2001,HEF,VA,AEA,EN,Towers with Display (VFR),0,5,20,0,25,0,10,29,0,39,0,15,49,0,64,0,0,0,64
03/23/2001,HEF,VA,AEA,EN,Towers with Display (VFR),0,6,24,0,30,0,3,133,2,138,0,9,157,2,168,36,0,36,204
03/24/2001,HEF,VA,AEA,EN,Towers with Display (VFR),0,5,20,0,25,0,4,161,0,165,0,9,181,0,190,52,0,52,242
03/25/2001,HEF,VA,AEA,EN,Towers with Display (VFR),0,9,36,0,45,0,2,532,1,535,0,11,568,1,580,150,0,150,730
03/26/2001,HEF,VA,AEA,EN,Towers with Display (VFR),0,4,15,0,19,0,3,133,8,144,0,7,148,8,163,28,0,28,191
03/27/2001,HEF,VA,AEA,EN,Towers with Display (VFR),0,5,21,0,26,0,4,337,0,341,0,9,358,0,367,174,0,174,541
03/28/2001,HEF,VA,AEA,EN,Towers with Display (VFR),0,6,24,0,30,0,5,423,0,428,0,11,447,0,458,108,0,108,566
03/29/2001,HEF,VA,AEA,EN,Towers with Display (VFR),0,3,14,0,17,0,2,8,0,10,0,5,22,0,27,10,0,10,37
03/30/2001,HEF,VA,AEA,EN,Towers with Display (VFR),0,5,32,0,37,0,0,149,0,149,0,5,181,0,186,76,0,76,262
03/31/2001,HEF,VA,AEA,EN,Towers with Display (VFR),0,10,39,0,49,0,2,79,0,81,0,12,118,0,130,70,0,70,200
04/01/2001,HEF,VA,AEA,EN,Towers with Display (VFR),0,12,35,0,47,0,1,118,0,119,0,13,153,0,166,82,0,82,248
04/02/2001,HEF,VA,AEA,EN,Towers with Display (VFR),0,7,33,1,41,0,7,219,0,226,0,14,252,1,267,38,0,38,305
04/03/2001,HEF,VA,AEA,EN,Towers with Display (VFR),0,5,30,0,35,0,4,265,2,271,0,9,295,2,306,142,4,146,452
04/04/2001,HEF,VA,AEA,EN,Towers with Display (VFR),0,2,39,0,41,0,2,246,0,248,0,4,285,0,289,82,0,82,371
04/05/2001,HEF,VA,AEA,EN,Towers with Display (VFR),0,9,47,0,56,0,16,393,0,409,0,25,440,0,465,0,0,0,465
04/06/2001,HEF,VA,AEA,EN,Towers with Display (VFR),0,9,42,1,52,0,2,167,0,169,0,11,209,1,221,81,0,81,302
04/07/2001,HEF,VA,AEA,EN,Towers with Display (VFR),0,5,34,0,39,0,7,361,0,368,0,12,395,0,407,84,0,84,491
04/08/2001,HEF,VA,AEA,EN,Towers with Display (VFR),0,7,34,1,42,0,0,220,0,220,0,7,254,1,262,94,0,94,356
04/09/2001,HEF,VA,AEA,EN,Towers with Display (VFR),0,3,21,0,24,0,5,266,2,273,0,8,287,2,297,168,0,168,465
04/10/2001,HEF,VA,AEA,EN,Towers with Display (VFR),0,3,19,0,22,0,0,291,0,291,0,3,310,0,313,94,4,98,411
04/11/2001,HEF,VA,AEA,EN,Towers with Display (VFR),0,5,25,0,30,0,0,2,0,2,0,5,27,0,32,0,0,0,32
04/12/2001,HEF,VA,AEA,EN,Towers with Display (VFR),0,7,60,4,71,0,0,141,2,143,0,7,201,6,214,34,0,34,248
04/13/2001,HEF,VA,AEA,EN,Towers with Display (VFR),0,5,34,1,40,0,6,265,0,271,0,11,299,1,311,42,0,42,353
04/14/2001,HEF,VA,AEA,EN,Towers with Display (VFR),0,5,20,0,25,0,5,614,0,619,0,10,634,0,644,172,0,172,816
04/15/2001,HEF,VA,AEA,EN,Towers with Display (VFR),0,9,29,0,38,0,1,260,0,261,0,10,289,0,299,116,0,116,415
04/16/2001,HEF,VA,AEA,EN,Towers with Display (VFR),0,7,37,0,44,0,1,124,8,133,0,8,161,8,177,16,0,16,193
04/17/2001,HEF,VA,AEA,EN,Towers with Display (VFR),0,10,25,0,35,0,3,158,0,161,0,13,183,0,196,50,0,50,246
04/18/2001,HEF,VA,AEA,EN,Towers with Display (VFR),0,8,26,0,34,0,5,50,6,61,0,13,76,6,95,16,0,16,111
04/19/2001,HEF,VA,AEA,EN,Towers with Display (VFR),0,7,20,0,27,0,6,450,8,464,0,13,470,8,491,144,0,144,635
04/20/2001,HEF,VA,AEA,EN,Towers with Display (VFR),0,2,52,0,54,0,0,350,0,350,0,2,402,0,404,146,0,146,550
04/21/2001,HEF,VA,AEA,EN,Towers with Display (VFR),0,3,39,0,42,0,4,446,0,450,0,7,485,0,492,220,0,220,712
04/22/2001,HEF,VA,AEA,EN,Towers with Display (VFR),0,7,39,0,46,0,0,427,0,427,0,7,466,0,473,226,0,226,699
04/23/2001,HEF,VA,AEA,EN,Towers with Display (VFR),0,4,16,0,20,0,3,265,0,268,0,7,281,0,288,78,0,78,366
04/24/2001,HEF,VA,AEA,EN,Towers with Display (VFR),0,3,20,0,23,0,1,158,2,161,0,4,178,2,184,108,0,108,292
04/25/2001,HEF,VA,AEA,EN,Towers with Display (VFR),0,4,33,0,37,0,6,210,5,221,0,10,243,5,258,98,0,98,356
04/26/2001,HEF,VA,AEA,EN,Towers with Display (VFR),0,5,50,0,55,0,1,322,0,323,0,6,372,0,378,98,0,98,476
04/27/2001,HEF,VA,AEA,EN,Towers with Display (VFR),0,8,42,0,50,0,0,275,0,275,0,8,317,0,325,98,0,98,423
04/28/2001,HEF,VA,AEA,EN,Towers with Display (VFR),0,8,27,0,35,0,13,423,0,436,0,21,450,0,471,86,0,86,557
04/29/2001,HEF,VA,AEA,EN,Towers with Display (VFR),0,6,29,0,35,0,0,461,0,461,0,6,490,0,496,254,0,254,750
04/30/2001,HEF,VA,AEA,EN,Towers with Display (VFR),0,4,27,0,31,0,5,301,0,306,0,9,328,0,337,100,0,100,437
05/01/2001,HEF,VA,AEA,EN,Towers with Display (VFR),0,2,33,1,36,0,3,376,3,382,0,5,409,4,418,92,0,92,510
05/02/2001,HEF,VA,AEA,EN,Towers with Display (VFR),0,4,26,0,30,0,2,382,0,384,0,6,408,0,414,108,0,108,522
05/03/2001,HEF,VA,AEA,EN,Towers with Display (VFR),0,3,45,0,48,0,4,346,0,350,0,7,391,0,398,176,0,176,574
05/04/2001,HEF,VA,AEA,EN,Towers with Display (VFR),0,6,29,1,36,0,1,343,1,345,0,7,372,2,381,132,0,132,513
05/05/2001,HEF,VA,AEA,EN,Towers with Display (VFR),0,2,25,0,27,0,6,323,0,329,0,8,348,0,356,0,0,0,356
05/06/2001,HEF,VA,AEA,EN,Towers with Display (VFR),0,10,48,0,58,0,1,338,0,339,0,11,386,0,397,132,0,132,529
05/07/2001,HEF,VA,AEA,EN,Towers with Display (VFR),0,2,19,1,22,0,1,262,1,264,0,3,281,2,286,78,0,78,364
05/08/2001,HEF,VA,AEA,EN,Towers with Display (VFR),0,5,38,1,44,0,5,301,5,311,0,10,339,6,355,118,0,118,473
05/09/2001,HEF,VA,AEA,EN,Towers with Display (VFR),0,2,26,1,29,0,0,257,0,257,0,2,283,1,286,72,0,72,358
05/10/2001,HEF,VA,AEA,EN,Towers with Display (VFR),0,9,33,2,44,0,1,400,0,401,0,10,433,2,445,152,0,152,597
05/11/2001,HEF,VA,AEA,EN,Towers with Display (VFR),0,4,42,1,47,0,2,333,0,335,0,6,375,1,382,58,0,58,440
05/12/2001,HEF,VA,AEA,EN,Towers with Display (VFR),0,9,29,0,38,0,1,287,0,288,0,10,316,0,326,110,0,110,436
05/13/2001,HEF,VA,AEA,EN,Towers with Display (VFR),0,9,30,0,39,0,5,285,0,290,0,14,315,0,329,54,0,54,383
05/14/2001,HEF,VA,AEA,EN,Towers with Display (VFR),0,6,33,0,39,0,0,304,0,304,0,6,337,0,343,194,0,194,537
05/15/2001,HEF,VA,AEA,EN,Towers with Display (VFR),0,3,37,1,41,0,4,246,1,251,0,7,283,2,292,98,4,102,394
05/16/2001,HEF,VA,AEA,EN,Towers with Display (VFR),0,6,28,0,34,0,0,342,0,342,0,6,370,0,376,66,0,66,442
05/17/2001,HEF,VA,AEA,EN,Towers with Display (VFR),0,6,49,0,55,0,8,159,0,167,0,14,208,0,222,36,0,36,258
05/18/2001,HEF,VA,AEA,EN,Towers with Display (VFR),0,1,40,1,42,0,0,6,1,7,0,1,46,2,49,20,0,20,69
05/19/2001,HEF,VA,AEA,EN,Towers with Display (VFR),0,6,47,0,53,0,0,90,0,90,0,6,137,0,143,61,0,61,204
05/20/2001,HEF,VA,AEA,EN,Towers with Display (VFR),0,4,58,0,62,0,0,8,0,8,0,4,66,0,70,22,0,22,92
05/21/2001,HEF,VA,AEA,EN,Towers with Display (VFR),0,4,16,0,20,0,0,1,0,1,0,4,17,0,21,0,0,0,21
05/22/2001,HEF,VA,AEA,EN,Towers with Display (VFR),0,6,20,0,26,0,0,27,0,27,0,6,47,0,53,28,0,28,81
05/23/2001,HEF,VA,AEA,EN,Towers with Display (VFR),0,4,36,1,41,0,1,441,5,447,0,5,477,6,488,114,0,114,602
05/24/2001,HEF,VA,AEA,EN,Towers with Display (VFR),0,12,16,2,30,0,2,407,4,413,0,14,423,6,443,108,0,108,551
05/25/2001,HEF,VA,AEA,EN,Towers with Display (VFR),0,4,50,1,55,0,4,60,0,64,0,8,110,1,119,62,0,62,181
05/26/2001,HEF,VA,AEA,EN,Towers with Display (VFR),0,6,23,0,29,0,1,40,0,41,0,7,63,0,70,26,0,26,96
05/27/2001,HEF,VA,AEA,EN,Towers with Display (VFR),0,6,19,0,25,0,3,154,0,157,0,9,173,0,182,82,0,82,264
05/28/2001,HEF,VA,AEA,EN,Towers with Display (VFR),0,7,50,1,58,0,0,464,0,464,0,7,514,1,522,150,0,150,672
05/29/2001,HEF,VA,AEA,EN,Towers with Display (VFR),0,8,31,0,39,0,1,439,0,440,0,9,470,0,479,58,0,58,537
05/30/2001,HEF,VA,AEA,EN,Towers with Display (VFR),0,6,32,1,39,1,12,322,1,336,1,18,354,2,375,128,0,128,503
05/31/2001,HEF,VA,AEA,EN,Towers with Display (VFR),0,4,43,0,47,0,5,381,0,386,0,9,424,0,433,148,0,148,581
06/01/2001,HEF,VA,AEA,EN,Towers with Display (VFR),0,11,35,0,46,0,0,112,0,112,0,11,147,0,158,156,0,156,314
06/02/2001,HEF,VA,AEA,EN,Towers with Display (VFR),0,6,23,0,29,0,2,381,0,383,0,8,404,0,412,104,0,104,516
06/03/2001,HEF,VA,AEA,EN,Towers with Display (VFR),0,7,27,0,34,0,0,405,0,405,0,7,432,0,439,172,0,172,611
06/04/2001,HEF,VA,AEA,EN,Towers with Display (VFR),0,7,27,0,34,0,0,406,0,406,0,7,433,0,440,98,0,98,538
06/05/2001,HEF,VA,AEA,EN,Towers with Display (VFR),0,5,24,0,29,0,0,355,0,355,0,5,379,0,384,0,0,0,384
06/06/2001,HEF,VA,AEA,EN,Towers with Display (VFR),0,9,34,0,43,0,2,271,0,273,0,11,305,0,316,24,0,24,340
06/07/2001,HEF,VA,AEA,EN,Towers with Display (VFR),0,9,39,0,48,0,3,177,2,182,0,12,216,2,230,36,0,36,266
06/08/2001,HEF,VA,AEA,EN,Towers with Display (VFR),0,5,45,0,50,0,2,379,4,385,0,7,424,4,435,128,0,128,563
06/09/2001,HEF,VA,AEA,EN,Towers with Display (VFR),0,6,26,0,32,0,0,406,0,406,0,6,432,0,438,64,0,64,502
06/10/2001,HEF,VA,AEA,EN,Towers with Display (VFR),0,7,34,0,41,0,4,470,0,474,0,11,504,0,515,142,0,142,657
06/11/2001,HEF,VA,AEA,EN,Towers with Display (VFR),0,6,24,0,30,0,0,359,2,361,0,6,383,2,391,48,0,48,439
06/12/2001,HEF,VA,AEA,EN,Towers with Display (VFR),0,6,35,0,41,0,0,361,2,363,0,6,396,2,404,98,4,102,506
06/13/2001,HEF,VA,AEA,EN,Towers with Display (VFR),0,4,36,0,40,0,1,251,4,256,0,5,287,4,296,64,0,64,360
06/14/2001,HEF,VA,AEA,EN,Towers with Display (VFR),0,6,45,0,51,0,2,197,4,203,0,8,242,4,254,74,0,74,328
06/15/2001,HEF,VA,AEA,EN,Towers with Display (VFR),0,3,50,0,53,0,0,137,0,137,0,3,187,0,190,46,0,46,236
06/16/2001,HEF,VA,AEA,EN,Towers with Display (VFR),0,6,31,0,37,0,0,12,0,12,0,6,43,0,49,8,0,8,57
06/17/2001,HEF,VA,AEA,EN,Towers with Display (VFR),0,5,32,0,37,0,2,410,0,412,0,7,442,0,449,56,0,56,505
06/18/2001,HEF,VA,AEA,EN,Towers with Display (VFR),0,1,32,0,33,0,2,445,2,449,0,3,477,2,482,92,0,92,574
06/19/2001,HEF,VA,AEA,EN,Towers with Display (VFR),0,8,34,0,42,0,7,420,0,427,0,15,454,0,469,64,0,64,533
06/20/2001,HEF,VA,AEA,EN,Towers with Display (VFR),0,3,34,0,37,0,0,443,0,443,0,3,477,0,480,30,0,30,510
06/21/2001,HEF,VA,AEA,EN,Towers with Display (VFR),0,4,47,0,51,0,1,345,0,346,0,5,392,0,397,126,0,126,523
06/22/2001,HEF,VA,AEA,EN,Towers with Display (VFR),0,0,45,0,45,0,0,47,0,47,0,0,92,0,92,32,0,32,124
06/23/2001,HEF,VA,AEA,EN,Towers with Display (VFR),0,2,45,0,47,0,1,92,0,93,0,3,137,0,140,44,0,44,184
06/24/2001,HEF,VA,AEA,EN,Towers with Display (VFR),0,6,53,0,59,0,2,438,0,440,0,8,491,0,499,168,0,168,667
06/25/2001,HEF,VA,AEA,EN,Towers with Display (VFR),0,5,24,0,29,0,4,365,1,370,0,9,389,1,399,66,0,66,465
06/26/2001,HEF,VA,AEA,EN,Towers with Display (VFR),0,3,24,0,27,0,2,306,0,308,0,5,330,0,335,102,0,102,437
06/27/2001,HEF,VA,AEA,EN,Towers with Display (VFR),0,4,28,0,32,0,2,280,4,286,0,6,308,4,318,46,0,46,364
06/28/2001,HEF,VA,AEA,EN,Towers with Display (VFR),0,1,25,0,26,0,0,243,0,243,0,1,268,0,269,46,0,46,315
06/29/2001,HEF,VA,AEA,EN,Towers with Display (VFR),0,3,51,0,54,0,4,283,4,291,0,7,334,4,345,142,0,142,487
06/30/2001,HEF,VA,AEA,EN,Towers with Display (VFR),0,8,27,0,35,0,0,267,0,267,0,8,294,0,302,100,0,100,402
07/01/2001,HEF,VA,AEA,EN,Towers with Display (VFR),0,8,29,0,37,0,0,272,0,272,0,8,301,0,309,64,0,64,373
07/02/2001,HEF,VA,AEA,EN,Towers with Display (VFR),0,5,22,0,27,0,2,233,0,235,0,7,255,0,262,76,0,76,338
07/03/2001,HEF,VA,AEA,EN,Towers with Display (VFR),0,8,33,0,41,0,1,313,0,314,0,9,346,0,355,64,0,64,419
07/04/2001,HEF,VA,AEA,EN,Towers with Display (VFR),0,3,19,0,22,0,0,161,0,161,0,3,180,0,183,46,0,46,229
07/05/2001,HEF,VA,AEA,EN,Towers with Display (VFR),0,2,19,0,21,0,1,254,0,255,0,3,273,0,276,0,0,0,276
07/06/2001,HEF,VA,AEA,EN,Towers with Display (VFR),0,5,30,0,35,0,1,359,0,360,0,6,389,0,395,68,0,68,463
07/07/2001,HEF,VA,AEA,EN,Towers with Display (VFR),0,4,24,0,28,0,1,389,6,396,0,5,413,6,424,86,0,86,510
07/08/2001,HEF,VA,AEA,EN,Towers with Display (VFR),0,6,47,0,53,0,1,153,0,154,0,7,200,0,207,82,0,82,289
07/09/2001,HEF,VA,AEA,EN,Towers with Display (VFR),0,5,31,0,36,0,1,292,0,293,0,6,323,0,329,116,0,116,445
07/10/2001,HEF,VA,AEA,EN,Towers with Display (VFR),0,6,23,0,29,0,0,170,0,170,0,6,193,0,199,72,0,72,271
07/11/2001,HEF,VA,AEA,EN,Towers with Display (VFR),0,5,40,0,45,0,4,235,1,240,0,9,275,1,285,84,0,84,369
07/12/2001,HEF,VA,AEA,EN,Towers with Display (VFR),0,4,31,0,35,0,1,388,2,391,0,5,419,2,426,86,0,86,512
07/13/2001,HEF,VA,AEA,EN,Towers with Display (VFR),0,5,34,0,39,0,5,377,0,382,0,10,411,0,421,58,0,58,479
07/14/2001,HEF,VA,AEA,EN,Towers with Display (VFR),0,3,28,0,31,0,0,447,0,447,0,3,475,0,478,112,0,112,590
07/15/2001,HEF,VA,AEA,EN,Towers with Display (VFR),0,7,16,0,23,0,0,382,0,382,0,7,398,0,405,126,0,126,531
07/16/2001,HEF,VA,AEA,EN,Towers with Display (VFR),0,5,14,0,19,0,2,383,7,392,0,7,397,7,411,100,0,100,511
07/17/2001,HEF,VA,AEA,EN,Towers with Display (VFR),0,6,28,0,34,0,0,276,0,276,0,6,304,0,310,104,0,104,414
07/18/2001,HEF,VA,AEA,EN,Towers with Display (VFR),0,8,30,0,38,0,0,14,0,14,0,8,44,0,52,4,0,4,56
07/19/2001,HEF,VA,AEA,EN,Towers with Display (VFR),0,4,43,0,47,0,1,311,0,312,0,5,354,0,359,56,0,56,415
07/20/2001,HEF,VA,AEA,EN,Towers with Display (VFR),0,8,40,0,48,0,1,374,0,375,0,9,414,0,423,88,0,88,511
07/21/2001,HEF,VA,AEA,EN,Towers with Display (VFR),0,2,37,0,39,0,1,458,0,459,0,3,495,0,498,54,0,54,552
07/22/2001,HEF,VA,AEA,EN,Towers with Display (VFR),0,4,47,0,51,0,4,352,0,356,0,8,399,0,407,114,0,114,521
07/23/2001,HEF,VA,AEA,EN,Towers with Display (VFR),0,6,32,0,38,0,0,373,4,377,0,6,405,4,415,74,0,74,489
07/24/2001,HEF,VA,AEA,EN,Towers with Display (VFR),0,3,37,0,40,0,1,198,0,199,0,4,235,0,239,96,0,96,335
07/25/2001,HEF,VA,AEA,EN,Towers with Display (VFR),0,4,36,0,40,0,1,178,0,179,0,5,214,0,219,22,0,22,241
07/26/2001,HEF,VA,AEA,EN,Towers with Display (VFR),0,3,45,0,48,0,0,146,0,146,0,3,191,0,194,56,0,56,250
07/27/2001,HEF,VA,AEA,EN,Towers with Display (VFR),0,3,42,0,45,0,0,256,0,256,0,3,298,0,301,120,0,120,421
07/28/2001,HEF,VA,AEA,EN,Towers with Display (VFR),0,4,24,0,28,0,1,407,0,408,0,5,431,0,436,120,0,120,556
07/29/2001,HEF,VA,AEA,EN,Towers with Display (VFR),0,8,28,0,36,0,0,9,0,9,0,8,37,0,45,0,0,0,45
07/30/2001,HEF,VA,AEA,EN,Towers with Display (VFR),0,8,51,1,60,0,1,191,1,193,0,9,242,2,253,60,0,60,313
07/31/2001,HEF,VA,AEA,EN,Towers with Display (VFR),0,3,52,0,55,0,3,256,0,259,0,6,308,0,314,158,0,158,472
08/01/2001,HEF,VA,AEA,EN,Towers with Display (VFR),0,4,39,0,43,0,2,353,0,355,0,6,392,0,398,188,0,188,586
08/02/2001,HEF,VA,AEA,EN,Towers with Display (VFR),0,9,30,1,40,0,13,456,1,470,0,22,486,2,510,130,2,132,642
08/03/2001,HEF,VA,AEA,EN,Towers with Display (VFR),0,5,50,0,55,0,2,329,0,331,0,7,379,0,386,130,0,130,516
08/04/2001,HEF,VA,AEA,EN,Towers with Display (VFR),0,6,47,0,53,0,3,453,0,456,0,9,500,0,509,208,0,208,717
08/05/2001,HEF,VA,AEA,EN,Towers with Display (VFR),0,6,69,0,75,0,1,286,0,287,0,7,355,0,362,0,0,0,362
08/06/2001,HEF,VA,AEA,EN,Towers with Display (VFR),0,5,34,0,39,0,2,284,4,290,0,7,318,4,329,128,0,128,457
08/07/2001,HEF,VA,AEA,EN,Towers with Display (VFR),0,5,36,0,41,0,2,198,4,204,0,7,234,4,245,62,0,62,307
08/08/2001,HEF,VA,AEA,EN,Towers with Display (VFR),0,7,52,0,59,0,0,314,11,325,0,7,366,11,384,48,8,56,440
08/09/2001,HEF,VA,AEA,EN,Towers with Display (VFR),0,4,52,2,58,0,0,281,20,301,0,4,333,22,359,38,0,38,397
08/10/2001,HEF,VA,AEA,EN,Towers with Display (VFR),0,3,30,0,33,0,0,207,2,209,0,3,237,2,242,30,0,30,272
08/11/2001,HEF,VA,AEA,EN,Towers with Display (VFR),0,11,37,0,48,0,0,283,0,283,0,11,320,0,331,128,0,128,459
08/12/2001,HEF,VA,AEA,EN,Towers with Display (VFR),0,12,32,1,45,0,0,75,0,75,0,12,107,1,120,62,0,62,182
08/13/2001,HEF,VA,AEA,EN,Towers with Display (VFR),0,6,41,1,48,0,0,60,0,60,0,6,101,1,108,24,0,24,132
08/14/2001,HEF,VA,AEA,EN,Towers with Display (VFR),0,5,36,0,41,0,0,364,20,384,0,5,400,20,425,86,0,86,511
08/15/2001,HEF,VA,AEA,EN,Towers with Display (VFR),0,5,46,1,52,0,0,372,0,372,0,5,418,1,424,50,0,50,474
08/16/2001,HEF,VA,AEA,EN,Towers with Display (VFR),0,7,45,0,52,0,1,234,0,235,0,8,279,0,287,98,0,98,385
08/17/2001,HEF,VA,AEA,EN,Towers with Display (VFR),0,4,102,0,106,0,3,110,0,113,0,7,212,0,219,70,0,70,289
08/18/2001,HEF,VA,AEA,EN,Towers with Display (VFR),0,6,27,0,33,0,8,349,0,357,0,14,376,0,390,70,0,70,460
08/19/2001,HEF,VA,AEA,EN,Towers with Display (VFR),0,6,30,0,36,0,0,141,0,141,0,6,171,0,177,90,0,90,267
08/20/2001,HEF,VA,AEA,EN,Towers with Display (VFR),0,6,23,0,29,0,1,320,0,321,0,7,343,0,350,114,0,114,464
08/21/2001,HEF,VA,AEA,EN,Towers with Display (VFR),0,3,20,2,25,0,3,334,4,341,0,6,354,6,366,36,0,36,402
08/22/2001,HEF,VA,AEA,EN,Towers with Display (VFR),0,10,39,5,54,0,2,327,0,329,0,12,366,5,383,32,0,32,415
08/23/2001,HEF,VA,AEA,EN,Towers with Display (VFR),0,6,33,0,39,0,0,231,2,233,0,6,264,2,272,72,0,72,344
08/24/2001,HEF,VA,AEA,EN,Towers with Display (VFR),0,3,45,0,48,0,0,252,1,253,0,3,297,1,301,31,0,31,332
08/25/2001,HEF,VA,AEA,EN,Towers with Display (VFR),0,4,46,0,50,0,2,316,0,318,0,6,362,0,368,92,0,92,460
08/26/2001,HEF,VA,AEA,EN,Towers with Display (VFR),0,10,40,2,52,0,0,418,0,418,0,10,458,2,470,122,0,122,592
08/27/2001,HEF,VA,AEA,EN,Towers with Display (VFR),0,7,24,0,31,0,3,182,0,185,0,10,206,0,216,38,0,38,254
08/28/2001,HEF,VA,AEA,EN,Towers with Display (VFR),0,3,26,0,29,0,0,217,0,217,0,3,243,0,246,100,0,100,346
08/29/2001,HEF,VA,AEA,EN,Towers with Display (VFR),0,7,44,0,51,0,5,338,6,349,0,12,382,6,400,82,16,98,498
08/30/2001,HEF,VA,AEA,EN,Towers with Display (VFR),0,7,54,0,61,0,3,60,0,63,0,10,114,0,124,32,0,32,156
08/31/2001,HEF,VA,AEA,EN,Towers with Display (VFR),0,6,45,0,51,0,0,94,0,94,0,6,139,0,145,28,0,28,173
09/01/2001,HEF,VA,AEA,EN,Towers with Display (VFR),0,4,32,0,36,0,3,344,2,349,0,7,376,2,385,24,0,24,409
09/02/2001,HEF,VA,AEA,EN,Towers with Display (VFR),0,3,23,0,26,0,3,441,0,444,0,6,464,0,470,136,0,136,606
09/03/2001,HEF,VA,AEA,EN,Towers with Display (VFR),0,3,37,0,40,0,1,373,2,376,0,4,410,2,416,46,0,46,462
09/04/2001,HEF,VA,AEA,EN,Towers with Display (VFR),0,3,27,1,31,0,3,218,3,224,0,6,245,4,255,158,0,158,413
09/05/2001,HEF,VA,AEA,EN,Towers with Display (VFR),0,4,38,0,42,0,11,307,2,320,0,15,345,2,362,0,2,2,364
09/06/2001,HEF,VA,AEA,EN,Towers with Display (VFR),0,3,30,0,33,0,6,398,2,406,0,9,428,2,439,156,0,156,595
09/07/2001,HEF,VA,AEA,EN,Towers with Display (VFR),0,5,32,0,37,0,2,333,0,335,0,7,365,0,372,80,0,80,452
09/08/2001,HEF,VA,AEA,EN,Towers with Display (VFR),0,2,27,0,29,0,0,340,0,340,0,2,367,0,369,100,0,100,469
09/09/2001,HEF,VA,AEA,EN,Towers with Display (VFR),0,5,38,0,43,0,1,286,0,287,0,6,324,0,330,116,0,116,446
09/10/2001,HEF,VA,AEA,EN,Towers with Display (VFR),0,3,38,0,41,0,1,163,2,166,0,4,201,2,207,88,0,88,295
09/11/2001,HEF,VA,AEA,EN,Towers with Display (VFR),0,4,14,0,18,0,0,25,0,25,0,4,39,0,43,2,0,2,45
09/12/2001,HEF,VA,AEA,EN,Towers with Display (VFR),0,5,9,4,18,0,0,0,0,0,0,5,9,4,18,0,0,0,18
09/13/2001,HEF,VA,AEA,EN,Towers with Display (VFR),0,32,4,0,36,0,3,1,0,4,0,35,5,0,40,0,0,0,40
09/14/2001,HEF,VA,AEA,EN,Towers with Display (VFR),0,39,7,0,46,0,0,1,0,1,0,39,8,0,47,0,0,0,47
09/15/2001,HEF,VA,AEA,EN,Towers with Display (VFR),0,9,73,0,82,0,0,5,0,5,0,9,78,0,87,0,0,0,87
09/16/2001,HEF,VA,AEA,EN,Towers with Display (VFR),0,15,67,0,82,0,0,3,3,6,0,15,70,3,88,0,0,0,88
09/17/2001,HEF,VA,AEA,EN,Towers with Display (VFR),0,29,76,0,105,0,0,0,0,0,0,29,76,0,105,0,0,0,105
09/18/2001,HEF,VA,AEA,EN,Towers with Display (VFR),0,38,124,0,162,0,0,0,0,0,0,38,124,0,162,0,0,0,162
09/19/2001,HEF,VA,AEA,EN,Towers with Display (VFR),0,39,134,0,173,0,0,5,0,5,0,39,139,0,178,0,0,0,178
09/20/2001,HEF,VA,AEA,EN,Towers with Display (VFR),0,42,100,0,142,0,0,0,0,0,0,42,100,0,142,0,0,0,142
09/21/2001,HEF,VA,AEA,EN,Towers with Display (VFR),0,44,118,0,162,0,0,0,0,0,0,44,118,0,162,0,0,0,162
09/22/2001,HEF,VA,AEA,EN,Towers with Display (VFR),0,19,117,0,136,0,0,11,2,13,0,19,128,2,149,4,0,4,153
09/23/2001,HEF,VA,AEA,EN,Towers with Display (VFR),0,34,160,0,194,0,0,0,0,0,0,34,160,0,194,0,0,0,194
09/24/2001,HEF,VA,AEA,EN,Towers with Display (VFR),0,24,102,0,126,0,10,0,0,10,0,34,102,0,136,0,0,0,136
09/25/2001,HEF,VA,AEA,EN,Towers with Display (VFR),0,32,199,0,231,0,0,0,0,0,0,32,199,0,231,0,0,0,231
09/26/2001,HEF,VA,AEA,EN,Towers with Display (VFR),0,53,217,0,270,0,0,0,0,0,0,53,217,0,270,0,0,0,270
09/27/2001,HEF,VA,AEA,EN,Towers with Display (VFR),0,26,179,0,205,0,0,15,0,15,0,26,194,0,220,0,0,0,220
09/28/2001,HEF,VA,AEA,EN,Towers with Display (VFR),0,28,122,0,150,0,16,107,0,123,0,44,229,0,273,2,4,6,279
09/29/2001,HEF,VA,AEA,EN,Towers with Display (VFR),0,16,60,0,76,0,11,193,0,204,0,27,253,0,280,56,0,56,336
09/30/2001,HEF,VA,AEA,EN,Towers with Display (VFR),0,31,104,0,135,0,0,100,0,100,0,31,204,0,235,42,0,42,277
10/01/2001,HEF,VA,AEA,EN,Towers with Display (VFR),0,36,94,0,130,0,0,234,0,234,0,36,328,0,364,2,0,2,366
10/02/2001,HEF,VA,AEA,EN,Towers with Display (VFR),0,18,140,0,158,0,12,187,0,199,0,30,327,0,357,14,0,14,371
10/03/2001,HEF,VA,AEA,EN,Towers with Display (VFR),0,30,137,1,168,0,14,253,1,268,0,44,390,2,436,30,0,30,466
10/04/2001,HEF,VA,AEA,EN,Towers with Display (VFR),0,47,127,0,174,0,14,222,0,236,0,61,349,0,410,34,0,34,444
10/05/2001,HEF,VA,AEA,EN,Towers with Display (VFR),0,35,154,0,189,0,2,181,4,187,0,37,335,4,376,0,0,0,376
10/06/2001,HEF,VA,AEA,EN,Towers with Display (VFR),0,17,46,0,63,0,0,68,0,68,0,17,114,0,131,0,0,0,131
10/07/2001,HEF,VA,AEA,EN,Towers with Display (VFR),0,28,117,0,145,0,0,141,0,141,0,28,258,0,286,14,0,14,300
10/08/2001,HEF,VA,AEA,EN,Towers with Display (VFR),0,15,95,0,110,0,1,185,0,186,0,16,280,0,296,20,0,20,316
10/09/2001,HEF,VA,AEA,EN,Towers with Display (VFR),0,13,107,0,120,0,2,176,0,178,0,15,283,0,298,30,0,30,328
10/10/2001,HEF,VA,AEA,EN,Towers with Display (VFR),0,12,92,0,104,0,7,173,0,180,0,19,265,0,284,48,0,48,332
10/11/2001,HEF,VA,AEA,EN,Towers with Display (VFR),0,19,76,0,95,0,1,179,0,180,0,20,255,0,275,60,0,60,335
10/12/2001,HEF,VA,AEA,EN,Towers with Display (VFR),0,19,82,0,101,0,2,189,0,191,0,21,271,0,292,12,0,12,304
10/13/2001,HEF,VA,AEA,EN,Towers with Display (VFR),0,12,77,0,89,0,1,204,0,205,0,13,281,0,294,48,0,48,342
10/14/2001,HEF,VA,AEA,EN,Towers with Display (VFR),0,20,54,0,74,0,1,82,0,83,0,21,136,0,157,38,0,38,195
10/15/2001,HEF,VA,AEA,EN,Towers with Display (VFR),0,13,70,0,83,0,18,178,0,196,0,31,248,0,279,22,0,22,301
10/16/2001,HEF,VA,AEA,EN,Towers with Display (VFR),0,22,63,0,85,0,0,91,0,91,0,22,154,0,176,33,0,33,209
10/17/2001,HEF,VA,AEA,EN,Towers with Display (VFR),0,21,47,0,68,0,4,101,0,105,0,25,148,0,173,10,0,10,183
10/18/2001,HEF,VA,AEA,EN,Towers with Display (VFR),0,13,70,0,83,0,6,232,0,238,0,19,302,0,321,50,0,50,371
10/19/2001,HEF,VA,AEA,EN,Towers with Display (VFR),0,22,92,0,114,0,0,210,2,212,0,22,302,2,326,8,0,8,334
10/20/2001,HEF,VA,AEA,EN,Towers with Display (VFR),0,23,87,0,110,0,0,264,0,264,0,23,351,0,374,88,0,88,462
10/21/2001,HEF,VA,AEA,EN,Towers with Display (VFR),0,22,114,0,136,0,0,293,0,293,0,22,407,0,429,140,0,140,569
10/22/2001,HEF,VA,AEA,EN,Towers with Display (VFR),0,6,71,0,77,0,0,192,0,192,0,6,263,0,269,106,0,106,375
10/23/2001,HEF,VA,AEA,EN,Towers with Display (VFR),0,5,68,0,73,0,2,202,2,206,0,7,270,2,279,134,0,134,413
10/24/2001,HEF,VA,AEA,EN,Towers with Display (VFR),0,14,75,0,89,0,1,270,0,271,0,15,345,0,360,84,0,84,444
10/25/2001,HEF,VA,AEA,EN,Towers with Display (VFR),0,13,57,0,70,0,4,59,0,63,0,17,116,0,133,40,0,40,173
10/26/2001,HEF,VA,AEA,EN,Towers with Display (VFR),0,11,50,0,61,0,2,42,2,46,0,13,92,2,107,26,0,26,133
10/27/2001,HEF,VA,AEA,EN,Towers with Display (VFR),0,20,32,0,52,0,2,78,0,80,0,22,110,0,132,62,0,62,194
10/28/2001,HEF,VA,AEA,EN,Towers with Display (VFR),0,17,85,0,102,0,1,188,2,191,0,18,273,2,293,18,0,18,311
10/29/2001,HEF,VA,AEA,EN,Towers with Display (VFR),0,5,53,1,59,0,0,277,0,277,0,5,330,1,336,114,0,114,450
10/30/2001,HEF,VA,AEA,EN,Towers with Display (VFR),0,13,79,0,92,0,0,193,0,193,0,13,272,0,285,78,0,78,363
10/31/2001,HEF,VA,AEA,EN,Towers with Display (VFR),0,7,59,0,66,0,0,225,0,225,0,7,284,0,291,74,0,74,365
11/01/2001,HEF,VA,AEA,EN,Towers with Display (VFR),0,12,66,0,78,0,2,223,3,228,0,14,289,3,306,80,2,82,388
11/02/2001,HEF,VA,AEA,EN,Towers with Display (VFR),0,10,83,0,93,0,0,132,0,132,0,10,215,0,225,28,0,28,253
11/03/2001,HEF,VA,AEA,EN,Towers with Display (VFR),0,17,66,0,83,0,1,269,0,270,0,18,335,0,353,126,0,126,479
11/04/2001,HEF,VA,AEA,EN,Towers with Display (VFR),0,19,78,0,97,0,0,226,3,229,0,19,304,3,326,68,0,68,394
11/05/2001,HEF,VA,AEA,EN,Towers with Display (VFR),0,7,33,0,40,0,0,103,0,103,0,7,136,0,143,12,0,12,155
11/06/2001,HEF,VA,AEA,EN,Towers with Display (VFR),0,6,55,0,61,0,0,94,0,94,0,6,149,0,155,42,0,42,197
11/07/2001,HEF,VA,AEA,EN,Towers with Display (VFR),0,8,73,0,81,0,0,187,0,187,0,8,260,0,268,88,0,88,356
11/08/2001,HEF,VA,AEA,EN,Towers with Display (VFR),0,20,80,0,100,0,0,180,0,180,0,20,260,0,280,74,0,74,354
11/09/2001,HEF,VA,AEA,EN,Towers with Display (VFR),0,21,71,0,92,0,3,128,0,131,0,24,199,0,223,50,0,50,273
11/10/2001,HEF,VA,AEA,EN,Towers with Display (VFR),0,11,72,0,83,0,0,272,0,272,0,11,344,0,355,142,0,142,497
11/11/2001,HEF,VA,AEA,EN,Towers with Display (VFR),0,13,83,0,96,0,0,213,0,213,0,13,296,0,309,66,0,66,375
11/12/2001,HEF,VA,AEA,EN,Towers with Display (VFR),0,15,83,0,98,0,3,297,0,300,0,18,380,0,398,90,0,90,488
11/13/2001,HEF,VA,AEA,EN,Towers with Display (VFR),0,4,74,0,78,0,1,201,0,202,0,5,275,0,280,36,0,36,316
11/14/2001,HEF,VA,AEA,EN,Towers with Display (VFR),0,3,66,0,69,0,0,251,0,251,0,3,317,0,320,90,0,90,410
11/15/2001,HEF,VA,AEA,EN,Towers with Display (VFR),0,18,62,0,80,0,1,237,0,238,0,19,299,0,318,106,0,106,424
11/16/2001,HEF,VA,AEA,EN,Towers with Display (VFR),0,8,80,0,88,0,3,216,0,219,0,11,296,0,307,94,0,94,401
11/17/2001,HEF,VA,AEA,EN,Towers with Display (VFR),0,14,85,1,100,0,7,250,4,261,0,21,335,5,361,24,0,24,385
11/18/2001,HEF,VA,AEA,EN,Towers with Display (VFR),0,12,68,0,80,0,1,269,0,270,0,13,337,0,350,112,0,112,462
11/19/2001,HEF,VA,AEA,EN,Towers with Display (VFR),0,14,52,1,67,0,7,227,1,235,0,21,279,2,302,24,0,24,326
11/20/2001,HEF,VA,AEA,EN,Towers with Display (VFR),0,9,67,0,76,0,0,36,1,37,0,9,103,1,113,48,0,48,161
11/21/2001,HEF,VA,AEA,EN,Towers with Display (VFR),0,7,108,0,115,0,0,148,0,148,0,7,256,0,263,20,0,20,283
11/22/2001,HEF,VA,AEA,EN,Towers with Display (VFR),0,6,42,0,48,0,0,93,0,93,0,6,135,0,141,6,0,6,147
11/23/2001,HEF,VA,AEA,EN,Towers with Display (VFR),0,8,70,0,78,0,2,176,0,178,0,10,246,0,256,24,0,24,280
11/24/2001,HEF,VA,AEA,EN,Towers with Display (VFR),0,2,43,0,45,0,0,1,0,1,0,2,44,0,46,0,0,0,46
11/25/2001,HEF,VA,AEA,EN,Towers with Display (VFR),0,7,73,0,80,0,1,6,0,7,0,8,79,0,87,0,0,0,87
11/26/2001,HEF,VA,AEA,EN,Towers with Display (VFR),0,11,91,0,102,0,6,217,0,223,0,17,308,0,325,36,0,36,361
11/27/2001,HEF,VA,AEA,EN,Towers with Display (VFR),0,7,60,2,69,0,0,15,0,15,0,7,75,2,84,0,0,0,84
11/28/2001,HEF,VA,AEA,EN,Towers with Display (VFR),0,8,62,0,70,0,1,146,0,147,0,9,208,0,217,42,0,42,259
11/29/2001,HEF,VA,AEA,EN,Towers with Display (VFR),0,7,44,0,51,0,2,46,0,48,0,9,90,0,99,104,0,104,203
11/30/2001,HEF,VA,AEA,EN,Towers with Display (VFR),0,11,33,0,44,0,3,67,0,70,0,14,100,0,114,12,0,12,126
12/01/2001,HEF,VA,AEA,EN,Towers with Display (VFR),0,8,83,0,91,0,1,289,0,290,0,9,372,0,381,54,0,54,435
12/02/2001,HEF,VA,AEA,EN,Towers with Display (VFR),0,7,42,0,49,0,1,327,0,328,0,8,369,0,377,154,0,154,531
12/03/2001,HEF,VA,AEA,EN,Towers with Display (VFR),0,7,35,0,42,0,9,314,0,323,0,16,349,0,365,20,0,20,385
12/04/2001,HEF,VA,AEA,EN,Towers with Display (VFR),0,12,61,0,73,0,1,289,0,290,0,13,350,0,363,70,0,70,433
12/05/2001,HEF,VA,AEA,EN,Towers with Display (VFR),0,4,75,0,79,0,0,285,1,286,0,4,360,1,365,0,0,0,365
12/06/2001,HEF,VA,AEA,EN,Towers with Display (VFR),0,7,60,0,67,0,0,309,0,309,0,7,369,0,376,162,0,162,538
12/07/2001,HEF,VA,AEA,EN,Towers with Display (VFR),0,9,64,0,73,0,1,207,0,208,0,10,271,0,281,72,0,72,353
12/08/2001,HEF,VA,AEA,EN,Towers with Display (VFR),0,12,36,0,48,0,0,12,0,12,0,12,48,0,60,10,0,10,70
12/09/2001,HEF,VA,AEA,EN,Towers with Display (VFR),0,11,40,0,51,0,5,284,0,289,0,16,324,0,340,84,0,84,424
12/10/2001,HEF,VA,AEA,EN,Towers with Display (VFR),0,11,40,0,51,0,12,275,2,289,0,23,315,2,340,118,0,118,458
12/11/2001,HEF,VA,AEA,EN,Towers with Display (VFR),0,8,41,0,49,0,4,81,3,88,0,12,122,3,137,16,0,16,153
12/12/2001,HEF,VA,AEA,EN,Towers with Display (VFR),0,9,44,0,53,0,23,255,0,278,0,32,299,0,331,118,0,118,449
12/13/2001,HEF,VA,AEA,EN,Towers with Display (VFR),0,17,74,0,91,0,6,0,0,6,0,23,74,0,97,54,0,54,151
12/14/2001,HEF,VA,AEA,EN,Towers with Display (VFR),0,11,39,0,50,0,1,29,0,30,0,12,68,0,80,22,0,22,102
12/15/2001,HEF,VA,AEA,EN,Towers with Display (VFR),0,6,44,0,50,0,2,326,0,328,0,8,370,0,378,88,0,88,466
12/16/2001,HEF,VA,AEA,EN,Towers with Display (VFR),0,12,40,0,52,0,2,348,0,350,0,14,388,0,402,126,0,126,528
12/17/2001,HEF,VA,AEA,EN,Towers with Display (VFR),0,17,34,0,51,0,3,143,0,146,0,20,177,0,197,20,0,20,217
12/18/2001,HEF,VA,AEA,EN,Towers with Display (VFR),0,5,36,0,41,0,2,16,0,18,0,7,52,0,59,12,0,12,71
12/19/2001,HEF,VA,AEA,EN,Towers with Display (VFR),0,7,76,0,83,0,6,279,0,285,0,13,355,0,368,158,0,158,526
12/20/2001,HEF,VA,AEA,EN,Towers with Display (VFR),0,14,60,2,76,0,0,229,0,229,0,14,289,2,305,80,2,82,387
12/21/2001,HEF,VA,AEA,EN,Towers with Display (VFR),0,8,47,0,55,0,7,175,0,182,0,15,222,0,237,56,0,56,293
12/22/2001,HEF,VA,AEA,EN,Towers with Display (VFR),0,7,55,0,62,0,3,377,0,380,0,10,432,0,442,68,0,68,510
12/23/2001,HEF,VA,AEA,EN,Towers with Display (VFR),0,12,29,0,41,0,4,121,0,125,0,16,150,0,166,44,0,44,210
12/24/2001,HEF,VA,AEA,EN,Towers with Display (VFR),0,8,14,0,22,0,1,158,0,159,0,9,172,0,181,84,0,84,265
12/25/2001,HEF,VA,AEA,EN,Towers with Display (VFR),0,5,9,0,14,0,0,64,0,64,0,5,73,0,78,0,0,0,78
12/26/2001,HEF,VA,AEA,EN,Towers with Display (VFR),0,9,37,0,46,0,14,181,0,195,0,23,218,0,241,38,0,38,279
12/27/2001,HEF,VA,AEA,EN,Towers with Display (VFR),0,7,38,0,45,0,0,209,0,209,0,7,247,0,254,58,0,58,312
12/28/2001,HEF,VA,AEA,EN,Towers with Display (VFR),0,5,23,0,28,0,0,195,2,197,0,5,218,2,225,36,0,36,261
12/29/2001,HEF,VA,AEA,EN,Towers with Display (VFR),0,8,30,0,38,0,0,292,0,292,0,8,322,0,330,130,0,130,460
12/30/2001,HEF,VA,AEA,EN,Towers with Display (VFR),0,12,19,0,31,0,0,245,0,245,0,12,264,0,276,64,0,64,340
12/31/2001,HEF,VA,AEA,EN,Towers with Display (VFR),0,11,14,0,25,0,3,218,0,221,0,14,232,0,246,42,0,42,288
01/01/2002,HEF,VA,AEA,EN,Towers with Display (VFR),0,8,19,0,27,0,1,193,0,194,0,9,212,0,221,114,0,114,335
01/02/2002,HEF,VA,AEA,EN,Towers with Display (VFR),0,12,23,4,39,0,5,240,0,245,0,17,263,4,284,26,0,26,310
01/03/2002,HEF,VA,AEA,EN,Towers with Display (VFR),0,7,19,0,26,0,0,134,0,134,0,7,153,0,160,104,0,104,264
01/04/2002,HEF,VA,AEA,EN,Towers with Display (VFR),0,5,33,0,38,0,3,210,2,215,0,8,243,2,253,86,0,86,339
01/05/2002,HEF,VA,AEA,EN,Towers with Display (VFR),0,9,39,0,48,0,0,426,0,426,0,9,465,0,474,0,0,0,474
01/06/2002,HEF,VA,AEA,EN,Towers with Display (VFR),0,8,16,0,24,0,0,126,0,126,0,8,142,0,150,56,0,56,206
01/07/2002,HEF,VA,AEA,EN,Towers with Display (VFR),0,8,11,0,19,0,0,8,0,8,0,8,19,0,27,2,0,2,29
01/08/2002,HEF,VA,AEA,EN,Towers with Display (VFR),0,10,33,0,43,0,5,219,0,224,0,15,252,0,267,90,0,90,357
01/09/2002,HEF,VA,AEA,EN,Towers with Display (VFR),0,5,36,3,44,0,3,256,1,260,0,8,292,4,304,58,0,58,362
01/10/2002,HEF,VA,AEA,EN,Towers with Display (VFR),0,7,34,0,41,0,2,216,0,218,0,9,250,0,259,84,0,84,343
01/11/2002,HEF,VA,AEA,EN,Towers with Display (VFR),0,6,28,0,34,0,0,37,0,37,0,6,65,0,71,50,0,50,121
01/12/2002,HEF,VA,AEA,EN,Towers with Display (VFR),0,8,34,0,42,0,0,419,10,429,0,8,453,10,471,144,0,144,615
01/13/2002,HEF,VA,AEA,EN,Towers with Display (VFR),0,9,22,0,31,0,0,68,0,68,0,9,90,0,99,12,0,12,111
01/14/2002,HEF,VA,AEA,EN,Towers with Display (VFR),0,10,24,0,34,0,2,250,0,252,0,12,274,0,286,30,0,30,316
01/15/2002,HEF,VA,AEA,EN,Towers with Display (VFR),0,9,33,0,42,0,6,226,0,232,0,15,259,0,274,56,0,56,330
01/16/2002,HEF,VA,AEA,EN,Towers with Display (VFR),0,16,36,3,55,0,9,256,0,265,0,25,292,3,320,122,0,122,442
01/17/2002,HEF,VA,AEA,EN,Towers with Display (VFR),0,6,30,0,36,0,0,292,4,296,0,6,322,4,332,116,0,116,448
01/18/2002,HEF,VA,AEA,EN,Towers with Display (VFR),0,11,39,2,52,0,3,300,0,303,0,14,339,2,355,116,0,116,471
01/19/2002,HEF,VA,AEA,EN,Towers with Display (VFR),0,3,2,0,5,0,0,8,0,8,0,3,10,0,13,8,0,8,21
01/20/2002,HEF,VA,AEA,EN,Towers with Display (VFR),0,10,25,1,36,0,2,291,0,293,0,12,316,1,329,188,0,188,517
01/21/2002,HEF,VA,AEA,EN,Towers with Display (VFR),0,11,30,0,41,0,2,166,0,168,0,13,196,0,209,96,0,96,305
01/22/2002,HEF,VA,AEA,EN,Towers with Display (VFR),0,11,47,0,58,0,3,350,0,353,0,14,397,0,411,90,0,90,501
01/23/2002,HEF,VA,AEA,EN,Towers with Display (VFR),0,8,44,0,52,0,2,67,5,74,0,10,111,5,126,22,0,22,148
01/24/2002,HEF,VA,AEA,EN,Towers with Display (VFR),0,9,29,0,38,0,6,80,2,88,0,15,109,2,126,12,0,12,138
01/25/2002,HEF,VA,AEA,EN,Towers with Display (VFR),0,5,43,0,48,0,0,184,0,184,0,5,227,0,232,42,0,42,274
01/26/2002,HEF,VA,AEA,EN,Towers with Display (VFR),0,14,35,0,49,0,7,495,0,502,0,21,530,0,551,68,0,68,619
01/27/2002,HEF,VA,AEA,EN,Towers with Display (VFR),0,12,51,0,63,0,2,474,0,476,0,14,525,0,539,142,0,142,681
01/28/2002,HEF,VA,AEA,EN,Towers with Display (VFR),0,9,17,0,26,0,1,282,0,283,0,10,299,0,309,88,0,88,397
01/29/2002,HEF,VA,AEA,EN,Towers with Display (VFR),0,9,44,0,53,0,10,282,2,294,0,19,326,2,347,68,0,68,415
01/30/2002,HEF,VA,AEA,EN,Towers with Display (VFR),0,5,33,1,39,0,3,251,1,255,0,8,284,2,294,34,0,34,328
01/31/2002,HEF,VA,AEA,EN,Towers with Display (VFR),0,16,52,0,68,0,0,0,0,0,0,16,52,0,68,0,0,0,68
02/01/2002,HEF,VA,AEA,EN,Towers with Display (VFR),0,8,15,0,23,0,1,20,0,21,0,9,35,0,44,76,0,76,120
02/02/2002,HEF,VA,AEA,EN,Towers with Display (VFR),0,5,35,2,42,0,0,303,1,304,0,5,338,3,346,26,0,26,372
02/03/2002,HEF,VA,AEA,EN,Towers with Display (VFR),0,6,30,0,36,0,3,351,0,354,0,9,381,0,390,42,0,42,432
02/04/2002,HEF,VA,AEA,EN,Towers with Display (VFR),0,5,41,0,46,0,0,31,0,31,0,5,72,0,77,30,0,30,107
02/05/2002,HEF,VA,AEA,EN,Towers with Display (VFR),0,8,24,0,32,0,1,223,0,224,0,9,247,0,256,0,0,0,256
02/06/2002,HEF,VA,AEA,EN,Towers with Display (VFR),0,7,25,2,34,0,3,205,0,208,0,10,230,2,242,89,0,89,331
02/07/2002,HEF,VA,AEA,EN,Towers with Display (VFR),0,6,24,0,30,0,4,62,0,66,0,10,86,0,96,2,0,2,98
02/08/2002,HEF,VA,AEA,EN,Towers with Display (VFR),0,5,35,0,40,0,1,387,0,388,0,6,422,0,428,54,0,54,482
02/09/2002,HEF,VA,AEA,EN,Towers with Display (VFR),0,2,37,0,39,0,21,417,0,438,0,23,454,0,477,90,0,90,567
02/10/2002,HEF,VA,AEA,EN,Towers with Display (VFR),0,7,29,0,36,0,0,1,0,1,0,7,30,0,37,0,0,0,37
02/11/2002,HEF,VA,AEA,EN,Towers with Display (VFR),0,12,26,0,38,0,0,26,0,26,0,12,52,0,64,4,0,4,68
02/12/2002,HEF,VA,AEA,EN,Towers with Display (VFR),0,13,33,0,46,0,0,247,2,249,0,13,280,2,295,46,0,46,341
02/13/2002,HEF,VA,AEA,EN,Towers with Display (VFR),0,12,38,2,52,0,2,176,2,180,0,14,214,4,232,24,0,24,256
02/14/2002,HEF,VA,AEA,EN,Towers with Display (VFR),0,18,30,0,48,0,5,284,0,289,0,23,314,0,337,28,0,28,365
02/15/2002,HEF,VA,AEA,EN,Towers with Display (VFR),0,13,39,0,52,0,0,218,2,220,0,13,257,2,272,40,0,40,312
02/16/2002,HEF,VA,AEA,EN,Towers with Display (VFR),0,5,18,0,23,0,4,322,0,326,0,9,340,0,349,132,0,132,481
02/17/2002,HEF,VA,AEA,EN,Towers with Display (VFR),0,12,14,0,26,0,0,83,0,83,0,12,97,0,109,6,0,6,115
02/18/2002,HEF,VA,AEA,EN,Towers with Display (VFR),0,24,56,0,80,0,0,378,0,378,0,24,434,0,458,38,0,38,496
02/19/2002,HEF,VA,AEA,EN,Towers with Display (VFR),0,9,42,0,51,0,0,241,2,243,0,9,283,2,294,42,0,42,336
02/20/2002,HEF,VA,AEA,EN,Towers with Display (VFR),0,3,30,0,33,0,0,93,1,94,0,3,123,1,127,26,0,26,153
02/21/2002,HEF,VA,AEA,EN,Towers with Display (VFR),0,7,41,0,48,0,2,260,2,264,0,9,301,2,312,48,6,54,366
02/22/2002,HEF,VA,AEA,EN,Towers with Display (VFR),0,14,34,0,48,0,0,175,0,175,0,14,209,0,223,70,0,70,293
02/23/2002,HEF,VA,AEA,EN,Towers with Display (VFR),0,11,24,0,35,0,0,469,0,469,0,11,493,0,504,38,0,38,542
02/24/2002,HEF,VA,AEA,EN,Towers with Display (VFR),0,12,45,0,57,0,5,413,0,418,0,17,458,0,475,162,0,162,637
02/25/2002,HEF,VA,AEA,EN,Towers with Display (VFR),0,14,32,0,46,0,3,180,0,183,0,17,212,0,229,38,0,38,267
02/26/2002,HEF,VA,AEA,EN,Towers with Display (VFR),0,3,37,0,40,0,0,129,0,129,0,3,166,0,169,8,0,8,177
02/27/2002,HEF,VA,AEA,EN,Towers with Display (VFR),0,10,28,0,38,0,0,75,0,75,0,10,103,0,113,10,0,10,123
02/28/2002,HEF,VA,AEA,EN,Towers with Display (VFR),0,20,32,1,53,0,6,303,0,309,0,26,335,1,362,56,0,56,418
03/01/2002,HEF,VA,AEA,EN,Towers with Display (VFR),0,14,31,0,45,0,24,200,24,248,0,38,231,24,293,32,0,32,325
03/02/2002,HEF,VA,AEA,EN,Towers with Display (VFR),0,8,14,0,22,0,3,175,0,178,0,11,189,0,200,62,0,62,262
03/03/2002,HEF,VA,AEA,EN,Towers with Display (VFR),0,10,15,0,25,0,0,171,0,171,0,10,186,0,196,38,0,38,234
03/04/2002,HEF,VA,AEA,EN,Towers with Display (VFR),0,4,23,0,27,0,0,135,0,135,0,4,158,0,162,26,0,26,188
03/05/2002,HEF,VA,AEA,EN,Towers with Display (VFR),0,8,35,0,43,0,6,282,0,288,0,14,317,0,331,0,0,0,331
03/06/2002,HEF,VA,AEA,EN,Towers with Display (VFR),0,7,50,0,57,0,4,215,0,219,0,11,265,0,276,76,0,76,352
03/07/2002,HEF,VA,AEA,EN,Towers with Display (VFR),0,17,43,0,60,0,1,346,6,353,0,18,389,6,413,136,0,136,549
03/08/2002,HEF,VA,AEA,EN,Towers with Display (VFR),0,12,31,0,43,0,12,291,0,303,0,24,322,0,346,76,0,76,422
03/09/2002,HEF,VA,AEA,EN,Towers with Display (VFR),0,10,41,0,51,0,0,81,0,81,0,10,122,0,132,82,0,82,214
03/10/2002,HEF,VA,AEA,EN,Towers with Display (VFR),0,9,32,0,41,0,0,38,0,38,0,9,70,0,79,10,0,10,89
03/11/2002,HEF,VA,AEA,EN,Towers with Display (VFR),0,8,63,0,71,0,7,311,0,318,0,15,374,0,389,44,12,56,445
03/12/2002,HEF,VA,AEA,EN,Towers with Display (VFR),0,8,31,0,39,0,4,94,0,98,0,12,125,0,137,22,0,22,159
03/13/2002,HEF,VA,AEA,EN,Towers with Display (VFR),0,4,31,0,35,0,0,0,0,0,0,4,31,0,35,0,0,0,35
03/14/2002,HEF,VA,AEA,EN,Towers with Display (VFR),0,11,44,0,55,0,5,413,0,418,0,16,457,0,473,112,0,112,585
03/15/2002,HEF,VA,AEA,EN,Towers with Display (VFR),0,14,38,0,52,0,6,195,3,204,0,20,233,3,256,70,4,74,330
03/16/2002,HEF,VA,AEA,EN,Towers with Display (VFR),0,9,46,0,55,0,4,235,0,239,0,13,281,0,294,86,0,86,380
03/17/2002,HEF,VA,AEA,EN,Towers with Display (VFR),0,8,24,0,32,0,1,174,0,175,0,9,198,0,207,34,0,34,241
03/18/2002,HEF,VA,AEA,EN,Towers with Display (VFR),0,4,33,0,37,0,0,0,0,0,0,4,33,0,37,0,0,0,37
03/19/2002,HEF,VA,AEA,EN,Towers with Display (VFR),0,4,49,0,53,0,0,199,0,199,0,4,248,0,252,72,0,72,324
03/20/2002,HEF,VA,AEA,EN,Towers with Display (VFR),0,10,40,0,50,0,0,20,0,20,0,10,60,0,70,12,0,12,82
03/21/2002,HEF,VA,AEA,EN,Towers with Display (VFR),0,8,43,0,51,0,1,275,2,278,0,9,318,2,329,66,0,66,395
03/22/2002,HEF,VA,AEA,EN,Towers with Display (VFR),0,18,41,0,59,0,0,84,0,84,0,18,125,0,143,22,0,22,165
03/23/2002,HEF,VA,AEA,EN,Towers with Display (VFR),0,8,28,0,36,0,6,344,0,350,0,14,372,0,386,90,0,90,476
03/24/2002,HEF,VA,AEA,EN,Towers with Display (VFR),0,11,42,0,53,0,5,539,0,544,0,16,581,0,597,108,0,108,705
03/25/2002,HEF,VA,AEA,EN,Towers with Display (VFR),0,11,45,0,56,0,0,160,0,160,0,11,205,0,216,66,0,66,282
03/26/2002,HEF,VA,AEA,EN,Towers with Display (VFR),0,7,18,0,25,0,0,0,0,0,0,7,18,0,25,0,0,0,25
03/27/2002,HEF,VA,AEA,EN,Towers with Display (VFR),0,15,45,2,62,0,2,141,0,143,0,17,186,2,205,54,0,54,259
03/28/2002,HEF,VA,AEA,EN,Towers with Display (VFR),0,14,37,0,51,0,3,401,1,405,0,17,438,1,456,80,0,80,536
03/29/2002,HEF,VA,AEA,EN,Towers with Display (VFR),0,5,43,0,48,0,3,237,0,240,0,8,280,0,288,22,0,22,310
03/30/2002,HEF,VA,AEA,EN,Towers with Display (VFR),0,12,33,0,45,0,1,387,0,388,0,13,420,0,433,52,0,52,485
03/31/2002,HEF,VA,AEA,EN,Towers with Display (VFR),0,11,38,0,49,0,0,107,0,107,0,11,145,0,156,98,0,98,254
04/01/2002,HEF,VA,AEA,EN,Towers with Display (VFR),0,5,38,3,46,0,0,152,0,152,0,5,190,3,198,194,0,194,392
04/02/2002,HEF,VA,AEA,EN,Towers with Display (VFR),0,3,22,1,26,0,0,284,0,284,0,3,306,1,310,148,0,148,458
04/03/2002,HEF,VA,AEA,EN,Towers with Display (VFR),0,8,21,0,29,0,2,122,3,127,0,10,143,3,156,40,8,48,204
04/04/2002,HEF,VA,AEA,EN,Towers with Display (VFR),0,13,38,0,51,0,2,334,4,340,0,15,372,4,391,146,4,150,541
04/05/2002,HEF,VA,AEA,EN,Towers with Display (VFR),0,7,53,0,60,0,5,341,6,352,0,12,394,6,412,0,16,16,428
04/06/2002,HEF,VA,AEA,EN,Towers with Display (VFR),0,5,28,0,33,0,2,320,0,322,0,7,348,0,355,66,0,66,421
04/07/2002,HEF,VA,AEA,EN,Towers with Display (VFR),0,8,33,0,41,0,2,416,0,418,0,10,449,0,459,186,0,186,645
04/08/2002,HEF,VA,AEA,EN,Towers with Display (VFR),0,11,35,0,46,0,2,200,2,204,0,13,235,2,250,66,0,66,316
04/09/2002,HEF,VA,AEA,EN,Towers with Display (VFR),0,9,22,0,31,0,1,39,0,40,0,10,61,0,71,14,0,14,85
04/10/2002,HEF,VA,AEA,EN,Towers with Display (VFR),0,5,43,0,48,0,5,259,2,266,0,10,302,2,314,40,0,40,354
04/11/2002,HEF,VA,AEA,EN,Towers with Display (VFR),0,7,43,1,51,0,1,256,2,259,0,8,299,3,310,92,0,92,402
04/12/2002,HEF,VA,AEA,EN,Towers with Display (VFR),0,18,62,0,80,0,1,298,2,301,0,19,360,2,381,116,0,116,497
04/13/2002,HEF,VA,AEA,EN,Towers with Display (VFR),0,10,35,0,45,0,9,232,0,241,0,19,267,0,286,80,0,80,366
04/14/2002,HEF,VA,AEA,EN,Towers with Display (VFR),0,11,41,0,52,0,2,317,0,319,0,13,358,0,371,176,0,176,547
04/15/2002,HEF,VA,AEA,EN,Towers with Display (VFR),0,12,29,0,41,0,1,225,0,226,0,13,254,0,267,62,0,62,329
04/16/2002,HEF,VA,AEA,EN,Towers with Display (VFR),0,21,45,0,66,0,5,292,0,297,0,26,337,0,363,192,0,192,555
04/17/2002,HEF,VA,AEA,EN,Towers with Display (VFR),0,9,38,0,47,0,3,267,0,270,0,12,305,0,317,102,0,102,419
04/18/2002,HEF,VA,AEA,EN,Towers with Display (VFR),0,10,44,0,54,0,1,210,0,211,0,11,254,0,265,58,0,58,323
04/19/2002,HEF,VA,AEA,EN,Towers with Display (VFR),0,7,23,1,31,0,1,259,1,261,0,8,282,2,292,136,0,136,428
04/20/2002,HEF,VA,AEA,EN,Towers with Display (VFR),0,12,32,0,44,0,2,458,0,460,0,14,490,0,504,168,0,168,672
04/21/2002,HEF,VA,AEA,EN,Towers with Display (VFR),0,7,63,0,70,0,0,76,0,76,0,7,139,0,146,35,0,35,181
04/22/2002,HEF,VA,AEA,EN,Towers with Display (VFR),0,9,30,0,39,0,1,62,2,65,0,10,92,2,104,34,0,34,138
04/23/2002,HEF,VA,AEA,EN,Towers with Display (VFR),0,11,41,0,52,0,2,248,0,250,0,13,289,0,302,62,0,62,364
04/24/2002,HEF,VA,AEA,EN,Towers with Display (VFR),0,10,38,0,48,0,8,346,5,359,0,18,384,5,407,180,4,184,591
04/25/2002,HEF,VA,AEA,EN,Towers with Display (VFR),0,5,40,0,45,0,0,33,0,33,0,5,73,0,78,0,0,0,78
04/26/2002,HEF,VA,AEA,EN,Towers with Display (VFR),0,6,50,3,59,0,1,345,2,348,0,7,395,5,407,110,2,112,519
04/27/2002,HEF,VA,AEA,EN,Towers with Display (VFR),0,6,43,0,49,0,2,393,0,395,0,8,436,0,444,218,2,220,664
04/28/2002,HEF,VA,AEA,EN,Towers with Display (VFR),0,7,36,0,43,0,0,16,0,16,0,7,52,0,59,10,0,10,69
04/29/2002,HEF,VA,AEA,EN,Towers with Display (VFR),0,6,50,1,57,0,14,102,2,118,0,20,152,3,175,34,8,42,217
04/30/2002,HEF,VA,AEA,EN,Towers with Display (VFR),0,11,33,0,44,0,2,292,6,300,0,13,325,6,344,90,0,90,434
05/01/2002,HEF,VA,AEA,EN,Towers with Display (VFR),0,9,51,0,60,0,17,373,2,392,0,26,424,2,452,78,0,78,530
05/02/2002,HEF,VA,AEA,EN,Towers with Display (VFR),0,2,22,0,24,0,1,38,0,39,0,3,60,0,63,0,0,0,63
05/03/2002,HEF,VA,AEA,EN,Towers with Display (VFR),0,7,39,0,46,0,0,293,2,295,0,7,332,2,341,14,0,14,355
05/04/2002,HEF,VA,AEA,EN,Towers with Display (VFR),0,8,37,0,45,0,3,523,0,526,0,11,560,0,571,68,0,68,639
05/05/2002,HEF,VA,AEA,EN,Towers with Display (VFR),0,3,52,0,55,0,3,612,0,615,0,6,664,0,670,0,0,0,670
05/06/2002,HEF,VA,AEA,EN,Towers with Display (VFR),0,9,44,0,53,0,4,277,1,282,0,13,321,1,335,102,0,102,437
05/07/2002,HEF,VA,AEA,EN,Towers with Display (VFR),0,4,43,0,47,0,1,271,2,274,0,5,314,2,321,128,0,128,449
05/08/2002,HEF,VA,AEA,EN,Towers with Display (VFR),0,7,61,1,69,0,13,410,2,425,0,20,471,3,494,112,0,112,606
05/09/2002,HEF,VA,AEA,EN,Towers with Display (VFR),0,10,52,0,62,0,0,9,0,9,0,10,61,0,71,6,0,6,77
05/10/2002,HEF,VA,AEA,EN,Towers with Display (VFR),0,9,43,1,53,0,9,396,3,408,0,18,439,4,461,54,0,54,515
05/11/2002,HEF,VA,AEA,EN,Towers with Display (VFR),0,6,42,1,49,0,3,498,2,503,0,9,540,3,552,160,0,160,712
05/12/2002,HEF,VA,AEA,EN,Towers with Display (VFR),0,8,28,0,36,0,0,242,0,242,0,8,270,0,278,60,0,60,338
05/13/2002,HEF,VA,AEA,EN,Towers with Display (VFR),0,6,10,4,20,0,3,38,0,41,0,9,48,4,61,4,0,4,65
05/14/2002,HEF,VA,AEA,EN,Towers with Display (VFR),0,8,37,0,45,0,8,61,8,77,0,16,98,8,122,0,0,0,122
05/15/2002,HEF,VA,AEA,EN,Towers with Display (VFR),0,18,46,1,65,0,7,331,0,338,0,25,377,1,403,98,0,98,501
05/16/2002,HEF,VA,AEA,EN,Towers with Display (VFR),0,9,57,1,67,0,5,385,0,390,0,14,442,1,457,136,0,136,593
05/17/2002,HEF,VA,AEA,EN,Towers with Display (VFR),0,5,36,0,41,0,1,249,4,254,0,6,285,4,295,110,2,112,407
05/18/2002,HEF,VA,AEA,EN,Towers with Display (VFR),0,5,29,0,34,0,0,104,0,104,0,5,133,0,138,0,0,0,138
05/19/2002,HEF,VA,AEA,EN,Towers with Display (VFR),0,7,41,0,48,0,1,517,0,518,0,8,558,0,566,106,0,106,672
05/20/2002,HEF,VA,AEA,EN,Towers with Display (VFR),0,11,35,0,46,0,5,272,2,279,0,16,307,2,325,84,0,84,409
05/21/2002,HEF,VA,AEA,EN,Towers with Display (VFR),0,7,39,0,46,0,5,239,4,248,0,12,278,4,294,140,0,140,434
05/22/2002,HEF,VA,AEA,EN,Towers with Display (VFR),0,15,49,0,64,0,20,504,0,524,0,35,553,0,588,100,0,100,688
05/23/2002,HEF,VA,AEA,EN,Towers with Display (VFR),0,23,36,0,59,0,4,352,0,356,0,27,388,0,415,140,0,140,555
05/24/2002,HEF,VA,AEA,EN,Towers with Display (VFR),0,11,54,0,65,0,3,414,0,417,0,14,468,0,482,80,0,80,562
05/25/2002,HEF,VA,AEA,EN,Towers with Display (VFR),0,5,36,0,41,0,4,368,0,372,0,9,404,0,413,124,0,124,537
05/26/2002,HEF,VA,AEA,EN,Towers with Display (VFR),0,8,28,0,36,0,0,219,0,219,0,8,247,0,255,26,0,26,281
05/27/2002,HEF,VA,AEA,EN,Towers with Display (VFR),0,10,45,0,55,0,2,235,0,237,0,12,280,0,292,114,0,114,406
05/28/2002,HEF,VA,AEA,EN,Towers with Display (VFR),0,10,37,0,47,0,14,212,0,226,0,24,249,0,273,82,0,82,355
05/29/2002,HEF,VA,AEA,EN,Towers with Display (VFR),0,11,55,0,66,0,6,322,0,328,0,17,377,0,394,86,0,86,480
05/30/2002,HEF,VA,AEA,EN,Towers with Display (VFR),0,7,37,0,44,0,8,433,3,444,0,15,470,3,488,46,0,46,534
05/31/2002,HEF,VA,AEA,EN,Towers with Display (VFR),0,6,46,0,52,0,12,282,4,298,0,18,328,4,350,50,0,50,400
06/01/2002,HEF,VA,AEA,EN,Towers with Display (VFR),0,7,29,0,36,0,2,366,0,368,0,9,395,0,404,108,0,108,512
06/02/2002,HEF,VA,AEA,EN,Towers with Display (VFR),0,7,34,0,41,0,0,268,0,268,0,7,302,0,309,60,0,60,369
06/03/2002,HEF,VA,AEA,EN,Towers with Display (VFR),0,7,46,1,54,0,3,312,0,315,0,10,358,1,369,90,0,90,459
06/04/2002,HEF,VA,AEA,EN,Towers with Display (VFR),0,3,15,0,18,0,0,215,0,215,0,3,230,0,233,86,0,86,319
06/05/2002,HEF,VA,AEA,EN,Towers with Display (VFR),0,31,43,0,74,0,6,229,0,235,0,37,272,0,309,0,0,0,309
06/06/2002,HEF,VA,AEA,EN,Towers with Display (VFR),0,11,39,0,50,0,0,173,1,174,0,11,212,1,224,34,0,34,258
06/07/2002,HEF,VA,AEA,EN,Towers with Display (VFR),0,20,61,0,81,0,11,333,5,349,0,31,394,5,430,142,0,142,572
06/08/2002,HEF,VA,AEA,EN,Towers with Display (VFR),0,6,52,0,58,0,4,563,0,567,0,10,615,0,625,188,0,188,813
06/09/2002,HEF,VA,AEA,EN,Towers with Display (VFR),0,10,42,0,52,0,1,452,0,453,0,11,494,0,505,148,0,148,653
06/10/2002,HEF,VA,AEA,EN,Towers with Display (VFR),0,4,44,0,48,0,0,314,0,314,0,4,358,0,362,78,0,78,440
06/11/2002,HEF,VA,AEA,EN,Towers with Display (VFR),0,16,54,0,70,0,11,336,4,351,0,27,390,4,421,86,4,90,511
06/12/2002,HEF,VA,AEA,EN,Towers with Display (VFR),0,12,44,0,56,0,13,261,10,284,0,25,305,10,340,106,2,108,448
06/13/2002,HEF,VA,AEA,EN,Towers with Display (VFR),0,14,40,0,54,0,0,89,3,92,0,14,129,3,146,30,6,36,182
06/14/2002,HEF,VA,AEA,EN,Towers with Display (VFR),0,4,48,0,52,0,4,6,0,10,0,8,54,0,62,10,0,10,72
06/15/2002,HEF,VA,AEA,EN,Towers with Display (VFR),0,11,43,0,54,0,3,395,0,398,0,14,438,0,452,114,0,114,566
06/16/2002,HEF,VA,AEA,EN,Towers with Display (VFR),0,5,35,0,40,0,6,287,0,293,0,11,322,0,333,78,0,78,411
06/17/2002,HEF,VA,AEA,EN,Towers with Display (VFR),0,8,34,0,42,0,1,346,0,347,0,9,380,0,389,56,0,56,445
06/18/2002,HEF,VA,AEA,EN,Towers with Display (VFR),0,10,30,0,40,0,11,366,2,379,0,21,396,2,419,100,2,102,521
06/19/2002,HEF,VA,AEA,EN,Towers with Display (VFR),0,9,46,0,55,0,6,170,6,182,0,15,216,6,237,112,0,112,349
06/20/2002,HEF,VA,AEA,EN,Towers with Display (VFR),0,10,74,0,84,0,6,419,5,430,0,16,493,5,514,186,0,186,700
06/21/2002,HEF,VA,AEA,EN,Towers with Display (VFR),0,8,44,0,52,0,2,421,2,425,0,10,465,2,477,72,0,72,549
06/22/2002,HEF,VA,AEA,EN,Towers with Display (VFR),0,9,32,0,41,0,5,531,2,538,0,14,563,2,579,206,0,206,785
06/23/2002,HEF,VA,AEA,EN,Towers with Display (VFR),0,13,52,0,65,0,2,333,0,335,0,15,385,0,400,80,0,80,480
06/24/2002,HEF,VA,AEA,EN,Towers with Display (VFR),0,3,45,0,48,0,5,233,0,238,0,8,278,0,286,62,0,62,348
06/25/2002,HEF,VA,AEA,EN,Towers with Display (VFR),0,11,38,4,53,0,1,341,0,342,0,12,379,4,395,58,0,58,453
06/26/2002,HEF,VA,AEA,EN,Towers with Display (VFR),0,8,40,0,48,0,0,228,0,228,0,8,268,0,276,88,0,88,364
06/27/2002,HEF,VA,AEA,EN,Towers with Display (VFR),0,6,50,0,56,0,0,260,2,262,0,6,310,2,318,62,0,62,380
06/28/2002,HEF,VA,AEA,EN,Towers with Display (VFR),0,8,59,0,67,0,6,283,0,289,0,14,342,0,356,130,0,130,486
06/29/2002,HEF,VA,AEA,EN,Towers with Display (VFR),0,15,58,0,73,0,21,408,2,431,0,36,466,2,504,116,4,120,624
06/30/2002,HEF,VA,AEA,EN,Towers with Display (VFR),0,9,43,0,52,0,14,448,0,462,0,23,491,0,514,58,0,58,572
07/01/2002,HEF,VA,AEA,EN,Towers with Display (VFR),0,8,37,0,45,0,7,293,0,300,0,15,330,0,345,66,0,66,411
07/02/2002,HEF,VA,AEA,EN,Towers with Display (VFR),0,8,42,0,50,0,5,303,0,308,0,13,345,0,358,88,0,88,446
07/03/2002,HEF,VA,AEA,EN,Towers with Display (VFR),0,5,42,0,47,0,7,212,0,219,0,12,254,0,266,94,0,94,360
07/04/2002,HEF,VA,AEA,EN,Towers with Display (VFR),0,7,26,0,33,0,2,145,0,147,0,9,171,0,180,82,0,82,262
07/05/2002,HEF,VA,AEA,EN,Towers with Display (VFR),0,7,30,0,37,0,4,237,0,241,0,11,267,0,278,0,0,0,278
07/06/2002,HEF,VA,AEA,EN,Towers with Display (VFR),0,5,30,0,35,0,9,273,0,282,0,14,303,0,317,162,0,162,479
07/07/2002,HEF,VA,AEA,EN,Towers with Display (VFR),0,5,64,0,69,0,9,327,0,336,0,14,391,0,405,156,0,156,561
07/08/2002,HEF,VA,AEA,EN,Towers with Display (VFR),0,5,34,0,39,0,10,330,0,340,0,15,364,0,379,26,0,26,405
07/09/2002,HEF,VA,AEA,EN,Towers with Display (VFR),0,8,34,0,42,0,3,292,0,295,0,11,326,0,337,24,0,24,361
07/10/2002,HEF,VA,AEA,EN,Towers with Display (VFR),0,7,44,0,51,0,5,285,0,290,0,12,329,0,341,70,0,70,411
07/11/2002,HEF,VA,AEA,EN,Towers with Display (VFR),0,9,43,0,52,0,3,312,0,315,0,12,355,0,367,98,0,98,465
07/12/2002,HEF,VA,AEA,EN,Towers with Display (VFR),0,9,33,0,42,0,16,401,0,417,0,25,434,0,459,120,0,120,579
07/13/2002,HEF,VA,AEA,EN,Towers with Display (VFR),0,11,35,0,46,0,5,342,0,347,0,16,377,0,393,100,0,100,493
07/14/2002,HEF,VA,AEA,EN,Towers with Display (VFR),0,5,55,0,60,0,0,110,0,110,0,5,165,0,170,100,0,100,270
07/15/2002,HEF,VA,AEA,EN,Towers with Display (VFR),0,14,62,0,76,0,8,271,1,280,0,22,333,1,356,110,0,110,466
07/16/2002,HEF,VA,AEA,EN,Towers with Display (VFR),0,5,37,0,42,0,6,294,0,300,0,11,331,0,342,156,0,156,498
07/17/2002,HEF,VA,AEA,EN,Towers with Display (VFR),0,6,51,0,57,0,0,323,0,323,0,6,374,0,380,114,0,114,494
07/18/2002,HEF,VA,AEA,EN,Towers with Display (VFR),0,7,51,0,58,0,4,249,0,253,0,11,300,0,311,110,0,110,421
07/19/2002,HEF,VA,AEA,EN,Towers with Display (VFR),0,4,56,0,60,0,4,229,4,237,0,8,285,4,297,146,0,146,443
07/20/2002,HEF,VA,AEA,EN,Towers with Display (VFR),0,6,50,0,56,0,3,365,0,368,0,9,415,0,424,130,0,130,554
07/21/2002,HEF,VA,AEA,EN,Towers with Display (VFR),0,10,58,0,68,0,6,294,0,300,0,16,352,0,368,70,0,70,438
07/22/2002,HEF,VA,AEA,EN,Towers with Display (VFR),0,8,44,0,52,0,3,281,0,284,0,11,325,0,336,142,0,142,478
07/23/2002,HEF,VA,AEA,EN,Towers with Display (VFR),0,3,33,0,36,0,6,158,0,164,0,9,191,0,200,28,0,28,228
07/24/2002,HEF,VA,AEA,EN,Towers with Display (VFR),0,7,50,0,57,0,13,339,2,354,0,20,389,2,411,120,0,120,531
07/25/2002,HEF,VA,AEA,EN,Towers with Display (VFR),0,5,64,0,69,0,4,212,1,217,0,9,276,1,286,86,0,86,372
07/26/2002,HEF,VA,AEA,EN,Towers with Display (VFR),0,11,43,0,54,0,2,12,0,14,0,13,55,0,68,10,0,10,78
07/27/2002,HEF,VA,AEA,EN,Towers with Display (VFR),0,13,58,0,71,0,6,103,0,109,0,19,161,0,180,50,0,50,230
07/28/2002,HEF,VA,AEA,EN,Towers with Display (VFR),0,9,61,2,72,0,7,454,0,461,0,16,515,2,533,100,0,100,633
07/29/2002,HEF,VA,AEA,EN,Towers with Display (VFR),0,8,20,0,28,0,11,293,0,304,0,19,313,0,332,112,0,112,444
07/30/2002,HEF,VA,AEA,EN,Towers with Display (VFR),0,13,29,0,42,0,9,254,2,265,0,22,283,2,307,106,0,106,413
07/31/2002,HEF,VA,AEA,EN,Towers with Display (VFR),0,9,35,0,44,0,12,391,0,403,0,21,426,0,447,152,0,152,599
08/01/2002,HEF,VA,AEA,EN,Towers with Display (VFR),0,13,46,0,59,0,4,364,0,368,0,17,410,0,427,92,0,92,519
08/02/2002,HEF,VA,AEA,EN,Towers with Display (VFR),0,4,40,0,44,0,3,430,0,433,0,7,470,0,477,52,0,52,529
08/03/2002,HEF,VA,AEA,EN,Towers with Display (VFR),0,9,38,0,47,0,3,263,1,267,0,12,301,1,314,150,0,150,464
08/04/2002,HEF,VA,AEA,EN,Towers with Display (VFR),0,11,56,1,68,0,4,417,0,421,0,15,473,1,489,74,0,74,563
08/05/2002,HEF,VA,AEA,EN,Towers with Display (VFR),0,9,23,0,32,0,9,198,3,210,0,18,221,3,242,0,16,16,258
08/06/2002,HEF,VA,AEA,EN,Towers with Display (VFR),0,9,40,1,50,0,13,191,0,204,0,22,231,1,254,28,0,28,282
08/07/2002,HEF,VA,AEA,EN,Towers with Display (VFR),0,9,43,0,52,0,2,320,0,322,0,11,363,0,374,88,0,88,462
08/08/2002,HEF,VA,AEA,EN,Towers with Display (VFR),0,12,38,0,50,0,8,328,2,338,0,20,366,2,388,70,0,70,458
08/09/2002,HEF,VA,AEA,EN,Towers with Display (VFR),0,7,49,0,56,0,7,331,1,339,0,14,380,1,395,80,0,80,475
08/10/2002,HEF,VA,AEA,EN,Towers with Display (VFR),0,21,52,0,73,0,11,447,0,458,0,32,499,0,531,128,2,130,661
08/11/2002,HEF,VA,AEA,EN,Towers with Display (VFR),0,12,66,0,78,0,5,259,2,266,0,17,325,2,344,154,0,154,498
08/12/2002,HEF,VA,AEA,EN,Towers with Display (VFR),0,8,31,0,39,0,10,244,0,254,0,18,275,0,293,58,0,58,351
08/13/2002,HEF,VA,AEA,EN,Towers with Display (VFR),0,7,45,0,52,0,12,348,0,360,0,19,393,0,412,146,0,146,558
08/14/2002,HEF,VA,AEA,EN,Towers with Display (VFR),0,11,51,0,62,0,9,273,0,282,0,20,324,0,344,170,0,170,514
08/15/2002,HEF,VA,AEA,EN,Towers with Display (VFR),0,8,36,0,44,0,5,246,0,251,0,13,282,0,295,110,0,110,405
08/16/2002,HEF,VA,AEA,EN,Towers with Display (VFR),0,3,39,0,42,0,2,315,1,318,0,5,354,1,360,106,0,106,466
08/17/2002,HEF,VA,AEA,EN,Towers with Display (VFR),0,12,41,0,53,0,0,339,0,339,0,12,380,0,392,140,0,140,532
08/18/2002,HEF,VA,AEA,EN,Towers with Display (VFR),0,13,52,0,65,0,7,213,0,220,0,20,265,0,285,62,0,62,347
08/19/2002,HEF,VA,AEA,EN,Towers with Display (VFR),0,7,40,2,49,0,19,165,0,184,0,26,205,2,233,100,6,106,339
08/20/2002,HEF,VA,AEA,EN,Towers with Display (VFR),0,17,46,1,64,0,13,366,2,381,0,30,412,3,445,72,0,72,517
08/21/2002,HEF,VA,AEA,EN,Towers with Display (VFR),0,14,34,2,50,0,14,344,0,358,0,28,378,2,408,110,0,110,518
08/22/2002,HEF,VA,AEA,EN,Towers with Display (VFR),0,17,37,0,54,0,6,254,7,267,0,23,291,7,321,92,0,92,413
08/23/2002,HEF,VA,AEA,EN,Towers with Display (VFR),0,8,43,0,51,0,0,300,2,302,0,8,343,2,353,80,0,80,433
08/24/2002,HEF,VA,AEA,EN,Towers with Display (VFR),0,8,34,0,42,0,0,123,0,123,0,8,157,0,165,64,2,66,231
08/25/2002,HEF,VA,AEA,EN,Towers with Display (VFR),0,14,50,0,64,0,0,374,0,374,0,14,424,0,438,64,0,64,502
08/26/2002,HEF,VA,AEA,EN,Towers with Display (VFR),0,9,37,0,46,0,8,253,0,261,0,17,290,0,307,74,0,74,381
08/27/2002,HEF,VA,AEA,EN,Towers with Display (VFR),0,10,40,0,50,0,1,380,0,381,0,11,420,0,431,50,0,50,481
08/28/2002,HEF,VA,AEA,EN,Towers with Display (VFR),0,12,49,0,61,0,0,3,0,3,0,12,52,0,64,0,0,0,64
08/29/2002,HEF,VA,AEA,EN,Towers with Display (VFR),0,19,63,0,82,0,2,106,0,108,0,21,169,0,190,62,0,62,252
08/30/2002,HEF,VA,AEA,EN,Towers with Display (VFR),0,18,61,0,79,0,1,218,0,219,0,19,279,0,298,132,0,132,430
08/31/2002,HEF,VA,AEA,EN,Towers with Display (VFR),0,6,45,0,51,0,2,306,2,310,0,8,351,2,361,114,0,114,475
09/01/2002,HEF,VA,AEA,EN,Towers with Display (VFR),0,12,42,0,54,0,0,2,0,2,0,12,44,0,56,148,0,148,204
09/02/2002,HEF,VA,AEA,EN,Towers with Display (VFR),0,8,63,0,71,0,6,275,2,283,0,14,338,2,354,126,0,126,480
09/03/2002,HEF,VA,AEA,EN,Towers with Display (VFR),0,9,35,0,44,0,12,288,2,302,0,21,323,2,346,66,0,66,412
09/04/2002,HEF,VA,AEA,EN,Towers with Display (VFR),0,11,29,0,40,0,4,289,2,295,0,15,318,2,335,100,2,102,437
09/05/2002,HEF,VA,AEA,EN,Towers with Display (VFR),0,13,27,0,40,0,9,325,0,334,0,22,352,0,374,0,0,0,374
09/06/2002,HEF,VA,AEA,EN,Towers with Display (VFR),0,13,57,0,70,0,2,325,0,327,0,15,382,0,397,50,0,50,447
09/07/2002,HEF,VA,AEA,EN,Towers with Display (VFR),0,9,33,0,42,0,5,443,0,448,0,14,476,0,490,108,0,108,598
09/08/2002,HEF,VA,AEA,EN,Towers with Display (VFR),0,4,43,0,47,0,0,281,0,281,0,4,324,0,328,26,0,26,354
09/09/2002,HEF,VA,AEA,EN,Towers with Display (VFR),0,7,51,0,58,0,4,286,0,290,0,11,337,0,348,119,0,119,467
09/10/2002,HEF,VA,AEA,EN,Towers with Display (VFR),0,4,51,0,55,0,3,266,0,269,0,7,317,0,324,100,0,100,424
09/11/2002,HEF,VA,AEA,EN,Towers with Display (VFR),0,12,39,0,51,0,0,43,2,45,0,12,82,2,96,4,2,6,102
09/12/2002,HEF,VA,AEA,EN,Towers with Display (VFR),0,9,32,0,41,0,12,302,0,314,0,21,334,0,355,78,0,78,433
09/13/2002,HEF,VA,AEA,EN,Towers with Display (VFR),0,9,45,0,54,0,2,273,1,276,0,11,318,1,330,70,0,70,400
09/14/2002,HEF,VA,AEA,EN,Towers with Display (VFR),0,7,37,0,44,0,3,346,0,349,0,10,383,0,393,202,0,202,595
09/15/2002,HEF,VA,AEA,EN,Towers with Display (VFR),0,7,43,0,50,0,0,58,0,58,0,7,101,0,108,22,0,22,130
09/16/2002,HEF,VA,AEA,EN,Towers with Display (VFR),0,14,40,1,55,0,1,210,1,212,0,15,250,2,267,94,6,100,367
09/17/2002,HEF,VA,AEA,EN,Towers with Display (VFR),0,10,49,0,59,0,8,344,0,352,0,18,393,0,411,130,0,130,541
09/18/2002,HEF,VA,AEA,EN,Towers with Display (VFR),0,11,47,0,58,0,4,371,0,375,0,15,418,0,433,204,0,204,637
09/19/2002,HEF,VA,AEA,EN,Towers with Display (VFR),0,17,72,0,89,0,15,235,0,250,0,32,307,0,339,102,0,102,441
09/20/2002,HEF,VA,AEA,EN,Towers with Display (VFR),0,9,63,0,72,0,3,272,2,277,0,12,335,2,349,94,0,94,443
09/21/2002,HEF,VA,AEA,EN,Towers with Display (VFR),0,9,48,0,57,0,4,396,0,400,0,13,444,0,457,146,0,146,603
09/22/2002,HEF,VA,AEA,EN,Towers with Display (VFR),0,6,52,0,58,0,1,295,0,296,0,7,347,0,354,122,0,122,476
09/23/2002,HEF,VA,AEA,EN,Towers with Display (VFR),0,9,34,0,43,0,0,217,0,217,0,9,251,0,260,34,0,34,294
09/24/2002,HEF,VA,AEA,EN,Towers with Display (VFR),0,9,57,2,68,0,9,370,0,379,0,18,427,2,447,94,0,94,541
09/25/2002,HEF,VA,AEA,EN,Towers with Display (VFR),0,10,60,0,70,0,6,321,0,327,0,16,381,0,397,158,0,158,555
09/26/2002,HEF,VA,AEA,EN,Towers with Display (VFR),0,12,69,0,81,0,4,8,0,12,0,16,77,0,93,10,0,10,103
09/27/2002,HEF,VA,AEA,EN,Towers with Display (VFR),0,14,47,0,61,0,2,17,0,19,0,16,64,0,80,4,0,4,84
09/28/2002,HEF,VA,AEA,EN,Towers with Display (VFR),0,11,38,0,49,0,1,302,0,303,0,12,340,0,352,62,0,62,414
09/29/2002,HEF,VA,AEA,EN,Towers with Display (VFR),0,10,48,0,58,0,2,405,0,407,0,12,453,0,465,116,0,116,581
09/30/2002,HEF,VA,AEA,EN,Towers with Display (VFR),0,9,45,0,54,0,0,278,0,278,0,9,323,0,332,78,0,78,410
10/01/2002,HEF,VA,AEA,EN,Towers with Display (VFR),0,14,36,1,51,0,3,283,0,286,0,17,319,1,337,46,0,46,383
10/02/2002,HEF,VA,AEA,EN,Towers with Display (VFR),0,10,51,0,61,0,1,330,0,331,0,11,381,0,392,142,0,142,534
10/03/2002,HEF,VA,AEA,EN,Towers with Display (VFR),0,13,48,0,61,0,5,299,2,306,0,18,347,2,367,112,0,112,479
10/04/2002,HEF,VA,AEA,EN,Towers with Display (VFR),0,13,50,0,63,0,3,178,0,181,0,16,228,0,244,60,0,60,304
10/05/2002,HEF,VA,AEA,EN,Towers with Display (VFR),0,11,33,0,44,0,3,395,0,398,0,14,428,0,442,138,0,138,580
10/06/2002,HEF,VA,AEA,EN,Towers with Display (VFR),0,10,43,0,53,0,8,406,0,414,0,18,449,0,467,152,0,152,619
10/07/2002,HEF,VA,AEA,EN,Towers with Display (VFR),0,12,44,0,56,0,0,179,1,180,0,12,223,1,236,102,0,102,338
10/08/2002,HEF,VA,AEA,EN,Towers with Display (VFR),0,11,46,0,57,0,2,288,0,290,0,13,334,0,347,54,0,54,401
10/09/2002,HEF,VA,AEA,EN,Towers with Display (VFR),0,12,48,0,60,0,14,261,2,277,0,26,309,2,337,92,0,92,429
10/10/2002,HEF,VA,AEA,EN,Towers with Display (VFR),0,20,56,0,76,0,0,10,0,10,0,20,66,0,86,0,0,0,86
10/11/2002,HEF,VA,AEA,EN,Towers with Display (VFR),0,8,35,1,44,0,1,0,0,1,0,9,35,1,45,0,0,0,45
10/12/2002,HEF,VA,AEA,EN,Towers with Display (VFR),0,13,59,4,76,0,2,120,0,122,0,15,179,4,198,48,0,48,246
10/13/2002,HEF,VA,AEA,EN,Towers with Display (VFR),0,7,67,0,74,0,1,36,0,37,0,8,103,0,111,8,0,8,119
10/14/2002,HEF,VA,AEA,EN,Towers with Display (VFR),0,12,49,0,61,0,6,362,1,369,0,18,411,1,430,116,0,116,546
10/15/2002,HEF,VA,AEA,EN,Towers with Display (VFR),0,11,62,1,74,0,0,208,0,208,0,11,270,1,282,86,0,86,368
10/16/2002,HEF,VA,AEA,EN,Towers with Display (VFR),0,13,37,2,52,0,0,43,0,43,0,13,80,2,95,42,0,42,137
10/17/2002,HEF,VA,AEA,EN,Towers with Display (VFR),0,13,51,0,64,0,6,235,0,241,0,19,286,0,305,54,0,54,359
10/18/2002,HEF,VA,AEA,EN,Towers with Display (VFR),0,15,55,0,70,0,15,346,4,365,0,30,401,4,435,119,0,119,554
10/19/2002,HEF,VA,AEA,EN,Towers with Display (VFR),0,13,47,0,60,0,12,328,7,347,0,25,375,7,407,128,0,128,535
10/20/2002,HEF,VA,AEA,EN,Towers with Display (VFR),0,13,62,0,75,0,20,309,1,330,0,33,371,1,405,72,0,72,477
10/21/2002,HEF,VA,AEA,EN,Towers with Display (VFR),0,11,46,0,57,0,12,359,5,376,0,23,405,5,433,12,0,12,445
10/22/2002,HEF,VA,AEA,EN,Towers with Display (VFR),0,9,40,0,49,0,0,265,1,266,0,9,305,1,315,64,0,64,379
10/23/2002,HEF,VA,AEA,EN,Towers with Display (VFR),0,9,39,0,48,0,5,304,0,309,0,14,343,0,357,110,0,110,467
10/24/2002,HEF,VA,AEA,EN,Towers with Display (VFR),0,12,54,2,68,0,0,231,8,239,0,12,285,10,307,52,0,52,359
10/25/2002,HEF,VA,AEA,EN,Towers with Display (VFR),0,10,67,1,78,0,0,89,0,89,0,10,156,1,167,58,0,58,225
10/26/2002,HEF,VA,AEA,EN,Towers with Display (VFR),0,12,54,0,66,0,7,216,0,223,0,19,270,0,289,100,0,100,389
10/27/2002,HEF,VA,AEA,EN,Towers with Display (VFR),0,11,54,0,65,0,3,515,0,518,0,14,569,0,583,50,0,50,633
10/28/2002,HEF,VA,AEA,EN,Towers with Display (VFR),0,13,38,1,52,0,5,77,0,82,0,18,115,1,134,22,0,22,156
10/29/2002,HEF,VA,AEA,EN,Towers with Display (VFR),0,10,27,0,37,0,5,40,0,45,0,15,67,0,82,0,0,0,82
10/30/2002,HEF,VA,AEA,EN,Towers with Display (VFR),0,2,24,0,26,0,0,0,0,0,0,2,24,0,26,0,0,0,26
10/31/2002,HEF,VA,AEA,EN,Towers with Display (VFR),0,5,40,0,45,0,1,299,1,301,0,6,339,1,346,72,0,72,418
11/01/2002,HEF,VA,AEA,EN,Towers with Display (VFR),0,10,29,0,39,0,11,277,0,288,0,21,306,0,327,92,0,92,419
11/02/2002,HEF,VA,AEA,EN,Towers with Display (VFR),0,7,40,0,47,0,3,420,2,425,0,10,460,2,472,84,2,86,558
11/03/2002,HEF,VA,AEA,EN,Towers with Display (VFR),0,5,39,0,44,0,6,355,0,361,0,11,394,0,405,130,0,130,535
11/04/2002,HEF,VA,AEA,EN,Towers with Display (VFR),0,11,30,0,41,0,6,203,2,211,0,17,233,2,252,116,0,116,368
11/05/2002,HEF,VA,AEA,EN,Towers with Display (VFR),0,9,31,0,40,0,6,176,0,182,0,15,207,0,222,0,0,0,222
11/06/2002,HEF,VA,AEA,EN,Towers with Display (VFR),0,7,38,0,45,0,4,57,0,61,0,11,95,0,106,72,0,72,178
11/07/2002,HEF,VA,AEA,EN,Towers with Display (VFR),0,14,50,0,64,0,5,268,10,283,0,19,318,10,347,60,0,60,407
11/08/2002,HEF,VA,AEA,EN,Towers with Display (VFR),0,8,49,2,59,0,4,324,0,328,0,12,373,2,387,188,0,188,575
11/09/2002,HEF,VA,AEA,EN,Towers with Display (VFR),0,8,40,0,48,0,4,512,0,516,0,12,552,0,564,190,0,190,754
11/10/2002,HEF,VA,AEA,EN,Towers with Display (VFR),0,8,38,0,46,0,3,211,0,214,0,11,249,0,260,99,0,99,359
11/11/2002,HEF,VA,AEA,EN,Towers with Display (VFR),0,9,30,1,40,0,7,37,0,44,0,16,67,1,84,114,0,114,198
11/12/2002,HEF,VA,AEA,EN,Towers with Display (VFR),0,13,32,1,46,0,0,0,1,1,0,13,32,2,47,2,0,2,49
11/13/2002,HEF,VA,AEA,EN,Towers with Display (VFR),0,12,37,3,52,0,2,210,1,213,0,14,247,4,265,106,0,106,371
11/14/2002,HEF,VA,AEA,EN,Towers with Display (VFR),0,9,41,0,50,0,5,428,0,433,0,14,469,0,483,96,0,96,579
11/15/2002,HEF,VA,AEA,EN,Towers with Display (VFR),0,9,52,0,61,0,3,368,1,372,0,12,420,1,433,108,0,108,541
11/16/2002,HEF,VA,AEA,EN,Towers with Display (VFR),0,10,24,0,34,0,0,2,0,2,0,10,26,0,36,0,0,0,36
11/17/2002,HEF,VA,AEA,EN,Towers with Display (VFR),0,6,28,0,34,0,0,43,0,43,0,6,71,0,77,0,0,0,77
11/18/2002,HEF,VA,AEA,EN,Towers with Display (VFR),0,8,33,0,41,0,6,168,2,176,0,14,201,2,217,66,0,66,283
11/19/2002,HEF,VA,AEA,EN,Towers with Display (VFR),0,10,53,4,67,0,13,221,7,241,0,23,274,11,308,144,0,144,452
11/20/2002,HEF,VA,AEA,EN,Towers with Display (VFR),0,11,47,1,59,0,7,343,1,351,0,18,390,2,410,132,0,132,542
11/21/2002,HEF,VA,AEA,EN,Towers with Display (VFR),0,8,40,0,48,0,2,4,0,6,0,10,44,0,54,10,0,10,64
11/22/2002,HEF,VA,AEA,EN,Towers with Display (VFR),0,7,40,4,51,0,2,78,0,80,0,9,118,4,131,58,0,58,189
11/23/2002,HEF,VA,AEA,EN,Towers with Display (VFR),0,12,31,2,45,0,8,187,0,195,0,20,218,2,240,66,0,66,306
11/24/2002,HEF,VA,AEA,EN,Towers with Display (VFR),0,11,29,1,41,0,13,409,0,422,0,24,438,1,463,122,0,122,585
11/25/2002,HEF,VA,AEA,EN,Towers with Display (VFR),0,14,41,1,56,0,7,356,2,365,0,21,397,3,421,52,4,56,477
11/26/2002,HEF,VA,AEA,EN,Towers with Display (VFR),0,8,54,2,64,0,5,266,5,276,0,13,320,7,340,156,0,156,496
11/27/2002,HEF,VA,AEA,EN,Towers with Display (VFR),0,16,45,1,62,0,9,184,9,202,0,25,229,10,264,64,0,64,328
11/28/2002,HEF,VA,AEA,EN,Towers with Display (VFR),0,12,27,0,39,0,1,104,0,105,0,13,131,0,144,30,0,30,174
11/29/2002,HEF,VA,AEA,EN,Towers with Display (VFR),0,12,37,0,49,0,11,203,0,214,0,23,240,0,263,52,0,52,315
11/30/2002,HEF,VA,AEA,EN,Towers with Display (VFR),0,12,25,0,37,0,2,150,0,152,0,14,175,0,189,112,0,112,301
12/01/2002,HEF,VA,AEA,EN,Towers with Display (VFR),0,6,70,0,76,0,7,160,0,167,0,13,230,0,243,0,0,0,243
12/02/2002,HEF,VA,AEA,EN,Towers with Display (VFR),0,11,46,2,59,0,15,232,2,249,0,26,278,4,308,102,0,102,410
12/03/2002,HEF,VA,AEA,EN,Towers with Display (VFR),0,8,35,0,43,0,20,127,8,155,0,28,162,8,198,94,0,94,292
12/04/2002,HEF,VA,AEA,EN,Towers with Display (VFR),0,9,45,0,54,0,9,157,4,170,0,18,202,4,224,44,0,44,268
12/05/2002,HEF,VA,AEA,EN,Towers with Display (VFR),0,5,3,0,8,0,0,0,0,0,0,5,3,0,8,0,0,0,8
12/06/2002,HEF,VA,AEA,EN,Towers with Display (VFR),0,8,25,0,33,0,1,65,0,66,0,9,90,0,99,28,0,28,127
12/07/2002,HEF,VA,AEA,EN,Towers with Display (VFR),0,9,36,0,45,0,6,284,0,290,0,15,320,0,335,116,0,116,451
12/08/2002,HEF,VA,AEA,EN,Towers with Display (VFR),0,12,36,0,48,0,1,325,0,326,0,13,361,0,374,115,0,115,489
12/09/2002,HEF,VA,AEA,EN,Towers with Display (VFR),0,12,42,0,54,0,6,178,3,187,0,18,220,3,241,74,0,74,315
12/10/2002,HEF,VA,AEA,EN,Towers with Display (VFR),0,16,40,3,59,0,13,219,3,235,0,29,259,6,294,24,0,24,318
12/11/2002,HEF,VA,AEA,EN,Towers with Display (VFR),0,5,13,0,18,0,0,0,0,0,0,5,13,0,18,0,0,0,18
12/12/2002,HEF,VA,AEA,EN,Towers with Display (VFR),0,7,45,0,52,0,4,226,0,230,0,11,271,0,282,40,0,40,322
12/13/2002,HEF,VA,AEA,EN,Towers with Display (VFR),0,7,34,0,41,0,5,27,0,32,0,12,61,0,73,26,0,26,99
12/14/2002,HEF,VA,AEA,EN,Towers with Display (VFR),0,13,15,0,28,0,0,38,0,38,0,13,53,0,66,16,0,16,82
12/15/2002,HEF,VA,AEA,EN,Towers with Display (VFR),0,11,41,0,52,0,0,388,0,388,0,11,429,0,440,140,0,140,580
12/16/2002,HEF,VA,AEA,EN,Towers with Display (VFR),0,5,25,0,30,0,7,65,0,72,0,12,90,0,102,18,2,20,122
12/17/2002,HEF,VA,AEA,EN,Towers with Display (VFR),0,10,31,0,41,0,6,277,2,285,0,16,308,2,326,96,0,96,422
12/18/2002,HEF,VA,AEA,EN,Towers with Display (VFR),0,11,44,0,55,0,6,264,6,276,0,17,308,6,331,94,0,94,425
12/19/2002,HEF,VA,AEA,EN,Towers with Display (VFR),0,10,60,0,70,0,2,178,0,180,0,12,238,0,250,96,0,96,346
12/20/2002,HEF,VA,AEA,EN,Towers with Display (VFR),0,5,36,0,41,0,4,97,0,101,0,9,133,0,142,0,0,0,142
12/21/2002,HEF,VA,AEA,EN,Towers with Display (VFR),0,8,44,0,52,0,10,301,0,311,0,18,345,0,363,106,0,106,469
12/22/2002,HEF,VA,AEA,EN,Towers with Display (VFR),0,9,29,2,40,0,4,300,0,304,0,13,329,2,344,104,0,104,448
12/23/2002,HEF,VA,AEA,EN,Towers with Display (VFR),0,9,36,0,45,0,17,195,0,212,0,26,231,0,257,68,0,68,325
12/24/2002,HEF,VA,AEA,EN,Towers with Display (VFR),0,9,9,0,18,0,0,154,0,154,0,9,163,0,172,60,0,60,232
12/25/2002,HEF,VA,AEA,EN,Towers with Display (VFR),0,1,1,0,2,0,6,0,0,6,0,7,1,0,8,0,0,0,8
12/26/2002,HEF,VA,AEA,EN,Towers with Display (VFR),0,11,29,0,40,0,6,34,0,40,0,17,63,0,80,4,0,4,84
12/27/2002,HEF,VA,AEA,EN,Towers with Display (VFR),0,3,41,0,44,0,3,255,0,258,0,6,296,0,302,38,0,38,340
12/28/2002,HEF,VA,AEA,EN,Towers with Display (VFR),0,14,29,0,43,0,1,300,0,301,0,15,329,0,344,42,0,42,386
12/29/2002,HEF,VA,AEA,EN,Towers with Display (VFR),0,13,36,0,49,0,3,271,0,274,0,16,307,0,323,100,0,100,423
12/30/2002,HEF,VA,AEA,EN,Towers with Display (VFR),0,6,28,0,34,0,1,440,4,445,0,7,468,4,479,42,0,42,521
12/31/2002,HEF,VA,AEA,EN,Towers with Display (VFR),0,6,19,2,27,0,15,310,9,334,0,21,329,11,361,109,0,109,470
01/01/2003,HEF,VA,AEA,EN,Towers with Display (VFR),0,8,14,0,22,0,0,0,0,0,0,8,14,0,22,12,0,12,34
01/02/2003,HEF,VA,AEA,EN,Towers with Display (VFR),0,12,29,3,44,0,10,167,2,179,0,22,196,5,223,38,6,44,267
01/03/2003,HEF,VA,AEA,EN,Towers with Display (VFR),0,12,12,0,24,0,0,9,0,9,0,12,21,0,33,0,0,0,33
01/04/2003,HEF,VA,AEA,EN,Towers with Display (VFR),0,10,29,0,39,0,2,203,0,205,0,12,232,0,244,84,0,84,328
01/05/2003,HEF,VA,AEA,EN,Towers with Display (VFR),0,7,17,0,24,0,0,68,0,68,0,7,85,0,92,0,0,0,92
01/06/2003,HEF,VA,AEA,EN,Towers with Display (VFR),0,5,23,0,28,0,1,14,0,15,0,6,37,0,43,14,0,14,57
01/07/2003,HEF,VA,AEA,EN,Towers with Display (VFR),0,8,21,2,31,0,3,181,2,186,0,11,202,4,217,48,0,48,265
01/08/2003,HEF,VA,AEA,EN,Towers with Display (VFR),0,7,41,1,49,0,12,237,2,251,0,19,278,3,300,100,2,102,402
01/09/2003,HEF,VA,AEA,EN,Towers with Display (VFR),0,8,35,2,45,0,13,269,5,287,0,21,304,7,332,88,0,88,420
01/10/2003,HEF,VA,AEA,EN,Towers with Display (VFR),0,6,54,0,60,0,5,206,0,211,0,11,260,0,271,88,0,88,359
01/11/2003,HEF,VA,AEA,EN,Towers with Display (VFR),0,3,26,0,29,0,5,299,2,306,0,8,325,2,335,88,0,88,423
01/12/2003,HEF,VA,AEA,EN,Towers with Display (VFR),0,15,33,0,48,0,3,332,0,335,0,18,365,0,383,40,0,40,423
01/13/2003,HEF,VA,AEA,EN,Towers with Display (VFR),0,12,23,0,35,0,0,289,0,289,0,12,312,0,324,48,0,48,372
01/14/2003,HEF,VA,AEA,EN,Towers with Display (VFR),0,10,32,0,42,0,7,294,0,301,0,17,326,0,343,86,0,86,429
01/15/2003,HEF,VA,AEA,EN,Towers with Display (VFR),0,10,34,0,44,0,5,285,0,290,0,15,319,0,334,64,0,64,398
01/16/2003,HEF,VA,AEA,EN,Towers with Display (VFR),0,8,27,0,35,0,5,287,0,292,0,13,314,0,327,102,0,102,429
01/17/2003,HEF,VA,AEA,EN,Towers with Display (VFR),0,24,18,0,42,0,3,139,2,144,0,27,157,2,186,62,2,64,250
01/18/2003,HEF,VA,AEA,EN,Towers with Display (VFR),0,10,21,0,31,0,3,430,0,433,0,13,451,0,464,124,0,124,588
01/19/2003,HEF,VA,AEA,EN,Towers with Display (VFR),0,10,15,0,25,0,3,285,0,288,0,13,300,0,313,38,0,38,351
01/20/2003,HEF,VA,AEA,EN,Towers with Display (VFR),0,1,34,0,35,0,6,248,0,254,0,7,282,0,289,100,0,100,389
01/21/2003,HEF,VA,AEA,EN,Towers with Display (VFR),0,9,30,0,39,0,9,178,1,188,0,18,208,1,227,36,0,36,263
01/22/2003,HEF,VA,AEA,EN,Towers with Display (VFR),0,12,28,0,40,0,9,297,2,308,0,21,325,2,348,54,0,54,402
01/23/2003,HEF,VA,AEA,EN,Towers with Display (VFR),0,5,17,0,22,0,4,13,0,17,0,9,30,0,39,30,0,30,69
01/24/2003,HEF,VA,AEA,EN,Towers with Display (VFR),0,11,29,0,40,0,17,125,0,142,0,28,154,0,182,24,0,24,206
01/25/2003,HEF,VA,AEA,EN,Towers with Display (VFR),0,7,25,0,32,0,6,665,0,671,0,13,690,0,703,148,0,148,851
01/26/2003,HEF,VA,AEA,EN,Towers with Display (VFR),0,5,24,0,29,0,0,398,0,398,0,5,422,0,427,122,0,122,549
01/27/2003,HEF,VA,AEA,EN,Towers with Display (VFR),0,7,27,0,34,0,12,204,0,216,0,19,231,0,250,68,0,68,318
01/28/2003,HEF,VA,AEA,EN,Towers with Display (VFR),0,9,33,0,42,0,21,363,0,384,0,30,396,0,426,130,0,130,556
01/29/2003,HEF,VA,AEA,EN,Towers with Display (VFR),0,7,20,0,27,0,6,194,0,200,0,13,214,0,227,34,0,34,261
01/30/2003,HEF,VA,AEA,EN,Towers with Display (VFR),0,15,30,0,45,0,3,192,0,195,0,18,222,0,240,52,0,52,292
01/31/2003,HEF,VA,AEA,EN,Towers with Display (VFR),0,5,22,0,27,0,0,0,0,0,0,5,22,0,27,0,0,0,27
02/01/2003,HEF,VA,AEA,EN,Towers with Display (VFR),0,20,24,0,44,0,4,169,0,173,0,24,193,0,217,56,0,56,273
02/02/2003,HEF,VA,AEA,EN,Towers with Display (VFR),0,12,47,0,59,0,0,460,0,460,0,12,507,0,519,90,0,90,609
02/03/2003,HEF,VA,AEA,EN,Towers with Display (VFR),0,12,16,0,28,0,18,376,1,395,0,30,392,1,423,108,0,108,531
02/04/2003,HEF,VA,AEA,EN,Towers with Display (VFR),0,6,25,0,31,0,2,37,0,39,0,8,62,0,70,0,0,0,70
02/05/2003,HEF,VA,AEA,EN,Towers with Display (VFR),0,13,31,0,44,0,3,266,2,271,0,16,297,2,315,0,0,0,315
02/06/2003,HEF,VA,AEA,EN,Towers with Display (VFR),0,14,45,0,59,0,5,269,2,276,0,19,314,2,335,86,0,86,421
02/07/2003,HEF,VA,AEA,EN,Towers with Display (VFR),0,11,21,0,32,0,4,34,0,38,0,15,55,0,70,10,0,10,80
02/08/2003,HEF,VA,AEA,EN,Towers with Display (VFR),0,11,33,0,44,0,3,363,0,366,0,14,396,0,410,168,0,168,578
02/09/2003,HEF,VA,AEA,EN,Towers with Display (VFR),0,10,33,0,43,0,5,439,2,446,0,15,472,2,489,144,0,144,633
02/10/2003,HEF,VA,AEA,EN,Towers with Display (VFR),0,2,9,0,11,0,0,8,0,8,0,2,17,0,19,0,0,0,19
02/11/2003,HEF,VA,AEA,EN,Towers with Display (VFR),0,16,43,0,59,0,0,217,0,217,0,16,260,0,276,82,0,82,358
02/12/2003,HEF,VA,AEA,EN,Towers with Display (VFR),0,11,44,0,55,0,3,19,0,22,0,14,63,0,77,10,0,10,87
02/13/2003,HEF,VA,AEA,EN,Towers with Display (VFR),0,15,57,0,72,0,4,26,2,32,0,19,83,2,104,6,0,6,110
02/14/2003,HEF,VA,AEA,EN,Towers with Display (VFR),0,9,84,0,93,0,5,154,1,160,0,14,238,1,253,48,0,48,301
02/15/2003,HEF,VA,AEA,EN,Towers with Display (VFR),0,6,5,0,11,0,0,0,0,0,0,6,5,0,11,0,0,0,11
02/16/2003,HEF,VA,AEA,EN,Towers with Display (VFR),0,0,0,0,0,0,0,0,0,0,0,0,0,0,0,0,0,0,0
02/17/2003,HEF,VA,AEA,EN,Towers with Display (VFR),0,0,0,0,0,0,0,0,0,0,0,0,0,0,0,0,0,0,0
02/18/2003,HEF,VA,AEA,EN,Towers with Display (VFR),0,5,24,0,29,0,0,19,0,19,0,5,43,0,48,14,0,14,62
02/19/2003,HEF,VA,AEA,EN,Towers with Display (VFR),0,5,40,0,45,0,0,173,2,175,0,5,213,2,220,26,8,34,254
02/20/2003,HEF,VA,AEA,EN,Towers with Display (VFR),0,12,52,0,64,0,25,275,1,301,0,37,327,1,365,104,4,108,473
02/21/2003,HEF,VA,AEA,EN,Towers with Display (VFR),0,6,35,0,41,0,2,118,0,120,0,8,153,0,161,70,0,70,231
02/22/2003,HEF,VA,AEA,EN,Towers with Display (VFR),0,4,4,0,8,0,0,0,0,0,0,4,4,0,8,0,0,0,8
02/23/2003,HEF,VA,AEA,EN,Towers with Display (VFR),0,7,23,0,30,0,2,5,0,7,0,9,28,0,37,0,0,0,37
02/24/2003,HEF,VA,AEA,EN,Towers with Display (VFR),0,13,34,1,48,0,10,267,2,279,0,23,301,3,327,84,0,84,411
02/25/2003,HEF,VA,AEA,EN,Towers with Display (VFR),0,15,26,3,44,0,3,269,3,275,0,18,295,6,319,104,0,104,423
02/26/2003,HEF,VA,AEA,EN,Towers with Display (VFR),0,5,22,0,27,0,2,0,0,2,0,7,22,0,29,0,0,0,29
02/27/2003,HEF,VA,AEA,EN,Towers with Display (VFR),0,8,16,0,24,0,0,0,0,0,0,8,16,0,24,0,0,0,24
02/28/2003,HEF,VA,AEA,EN,Towers with Display (VFR),0,5,12,0,17,0,2,12,0,14,0,7,24,0,31,12,2,14,45
03/01/2003,HEF,VA,AEA,EN,Towers with Display (VFR),0,6,9,0,15,0,0,1,0,1,0,6,10,0,16,146,0,146,162
03/02/2003,HEF,VA,AEA,EN,Towers with Display (VFR),0,12,21,0,33,0,4,207,0,211,0,16,228,0,244,158,0,158,402
03/03/2003,HEF,VA,AEA,EN,Towers with Display (VFR),0,12,24,0,36,0,19,259,0,278,0,31,283,0,314,186,0,186,500
03/04/2003,HEF,VA,AEA,EN,Towers with Display (VFR),0,15,41,0,56,0,9,392,0,401,0,24,433,0,457,100,0,100,557
03/05/2003,HEF,VA,AEA,EN,Towers with Display (VFR),0,17,32,0,49,0,5,278,1,284,0,22,310,1,333,0,0,0,333
03/06/2003,HEF,VA,AEA,EN,Towers with Display (VFR),0,7,31,0,38,0,3,21,0,24,0,10,52,0,62,60,0,60,122
03/07/2003,HEF,VA,AEA,EN,Towers with Display (VFR),0,18,38,0,56,0,14,360,0,374,0,32,398,0,430,120,0,120,550
03/08/2003,HEF,VA,AEA,EN,Towers with Display (VFR),0,9,39,1,49,0,14,498,2,514,0,23,537,3,563,160,0,160,723
03/09/2003,HEF,VA,AEA,EN,Towers with Display (VFR),0,13,26,0,39,0,5,285,0,290,0,18,311,0,329,98,0,98,427
03/10/2003,HEF,VA,AEA,EN,Towers with Display (VFR),0,8,33,0,41,0,4,303,0,307,0,12,336,0,348,110,0,110,458
03/11/2003,HEF,VA,AEA,EN,Towers with Display (VFR),0,10,31,0,41,0,1,192,2,195,0,11,223,2,236,92,0,92,328
03/12/2003,HEF,VA,AEA,EN,Towers with Display (VFR),0,10,43,0,53,0,2,475,2,479,0,12,518,2,532,228,0,228,760
03/13/2003,HEF,VA,AEA,EN,Towers with Display (VFR),0,13,16,0,29,0,0,260,0,260,0,13,276,0,289,92,0,92,381
03/14/2003,HEF,VA,AEA,EN,Towers with Display (VFR),0,8,51,0,59,0,5,282,0,287,0,13,333,0,346,134,0,134,480
03/15/2003,HEF,VA,AEA,EN,Towers with Display (VFR),0,15,45,0,60,0,4,503,0,507,0,19,548,0,567,122,0,122,689
03/16/2003,HEF,VA,AEA,EN,Towers with Display (VFR),0,11,57,0,68,0,6,445,0,451,0,17,502,0,519,220,0,220,739
03/17/2003,HEF,VA,AEA,EN,Towers with Display (VFR),0,8,35,0,43,0,4,164,4,172,0,12,199,4,215,132,4,136,351
03/18/2003,HEF,VA,AEA,EN,Towers with Display (VFR),0,8,30,0,38,0,4,185,1,190,0,12,215,1,228,122,0,122,350
03/19/2003,HEF,VA,AEA,EN,Towers with Display (VFR),0,4,67,0,71,0,4,145,0,149,0,8,212,0,220,0,0,0,220
03/20/2003,HEF,VA,AEA,EN,Towers with Display (VFR),0,10,25,0,35,0,0,0,0,0,0,10,25,0,35,0,0,0,35
03/21/2003,HEF,VA,AEA,EN,Towers with Display (VFR),0,16,65,0,81,0,0,0,0,0,0,16,65,0,81,0,0,0,81
03/22/2003,HEF,VA,AEA,EN,Towers with Display (VFR),0,12,34,0,46,0,0,420,0,420,0,12,454,0,466,92,0,92,558
03/23/2003,HEF,VA,AEA,EN,Towers with Display (VFR),0,12,51,0,63,0,6,337,0,343,0,18,388,0,406,72,0,72,478
03/24/2003,HEF,VA,AEA,EN,Towers with Display (VFR),0,8,47,0,55,0,11,211,5,227,0,19,258,5,282,92,0,92,374
03/25/2003,HEF,VA,AEA,EN,Towers with Display (VFR),0,11,40,0,51,0,3,321,2,326,0,14,361,2,377,107,0,107,484
03/26/2003,HEF,VA,AEA,EN,Towers with Display (VFR),0,16,48,2,66,0,5,106,2,113,0,21,154,4,179,18,4,22,201
03/27/2003,HEF,VA,AEA,EN,Towers with Display (VFR),0,14,58,0,72,0,12,221,0,233,0,26,279,0,305,78,0,78,383
03/28/2003,HEF,VA,AEA,EN,Towers with Display (VFR),0,11,66,0,77,0,10,184,0,194,0,21,250,0,271,84,0,84,355
03/29/2003,HEF,VA,AEA,EN,Towers with Display (VFR),0,11,19,0,30,0,0,55,0,55,0,11,74,0,85,48,0,48,133
03/30/2003,HEF,VA,AEA,EN,Towers with Display (VFR),0,6,13,0,19,0,2,0,0,2,0,8,13,0,21,0,0,0,21
03/31/2003,HEF,VA,AEA,EN,Towers with Display (VFR),0,11,42,1,54,0,7,70,0,77,0,18,112,1,131,14,6,20,151
04/01/2003,HEF,VA,AEA,EN,Towers with Display (VFR),0,14,23,5,42,0,31,117,0,148,0,45,140,5,190,46,0,46,236
04/02/2003,HEF,VA,AEA,EN,Towers with Display (VFR),0,19,56,0,75,0,2,220,0,222,0,21,276,0,297,112,10,122,419
04/03/2003,HEF,VA,AEA,EN,Towers with Display (VFR),0,8,40,0,48,0,8,287,0,295,0,16,327,0,343,88,0,88,431
04/04/2003,HEF,VA,AEA,EN,Towers with Display (VFR),0,6,58,0,64,0,20,87,0,107,0,26,145,0,171,112,0,112,283
04/05/2003,HEF,VA,AEA,EN,Towers with Display (VFR),0,6,33,0,39,0,0,71,0,71,0,6,104,0,110,0,0,0,110
04/06/2003,HEF,VA,AEA,EN,Towers with Display (VFR),0,8,54,0,62,0,2,301,0,303,0,10,355,0,365,132,0,132,497
04/07/2003,HEF,VA,AEA,EN,Towers with Display (VFR),0,12,11,0,23,0,0,0,0,0,0,12,11,0,23,0,0,0,23
04/08/2003,HEF,VA,AEA,EN,Towers with Display (VFR),0,41,29,0,70,0,0,1,0,1,0,41,30,0,71,18,0,18,89
04/09/2003,HEF,VA,AEA,EN,Towers with Display (VFR),0,17,37,0,54,0,4,2,0,6,0,21,39,0,60,0,0,0,60
04/10/2003,HEF,VA,AEA,EN,Towers with Display (VFR),0,9,34,0,43,0,5,16,0,21,0,14,50,0,64,22,0,22,86
04/11/2003,HEF,VA,AEA,EN,Towers with Display (VFR),0,12,67,0,79,0,1,5,0,6,0,13,72,0,85,0,0,0,85
04/12/2003,HEF,VA,AEA,EN,Towers with Display (VFR),0,8,35,0,43,0,3,299,0,302,0,11,334,0,345,66,0,66,411
04/13/2003,HEF,VA,AEA,EN,Towers with Display (VFR),0,10,59,0,69,0,5,363,0,368,0,15,422,0,437,102,0,102,539
04/14/2003,HEF,VA,AEA,EN,Towers with Display (VFR),0,7,47,0,54,0,17,312,0,329,0,24,359,0,383,112,4,116,499
04/15/2003,HEF,VA,AEA,EN,Towers with Display (VFR),0,14,57,0,71,0,19,353,4,376,0,33,410,4,447,146,0,146,593
04/16/2003,HEF,VA,AEA,EN,Towers with Display (VFR),0,9,52,0,61,0,8,360,6,374,0,17,412,6,435,62,4,66,501
04/17/2003,HEF,VA,AEA,EN,Towers with Display (VFR),0,6,45,0,51,0,3,98,0,101,0,9,143,0,152,24,0,24,176
04/18/2003,HEF,VA,AEA,EN,Towers with Display (VFR),0,6,36,0,42,0,0,2,0,2,0,6,38,0,44,6,0,6,50
04/19/2003,HEF,VA,AEA,EN,Towers with Display (VFR),0,13,49,0,62,0,0,143,0,143,0,13,192,0,205,64,0,64,269
04/20/2003,HEF,VA,AEA,EN,Towers with Display (VFR),0,5,64,0,69,0,1,231,0,232,0,6,295,0,301,85,0,85,386
04/21/2003,HEF,VA,AEA,EN,Towers with Display (VFR),0,15,30,0,45,0,11,275,0,286,0,26,305,0,331,85,16,101,432
04/22/2003,HEF,VA,AEA,EN,Towers with Display (VFR),0,19,48,0,67,0,5,221,3,229,0,24,269,3,296,68,0,68,364
04/23/2003,HEF,VA,AEA,EN,Towers with Display (VFR),0,14,42,0,56,0,11,94,0,105,0,25,136,0,161,42,0,42,203
04/24/2003,HEF,VA,AEA,EN,Towers with Display (VFR),0,11,52,0,63,0,11,325,2,338,0,22,377,2,401,50,6,56,457
04/25/2003,HEF,VA,AEA,EN,Towers with Display (VFR),0,6,59,0,65,0,3,206,0,209,0,9,265,0,274,68,0,68,342
04/26/2003,HEF,VA,AEA,EN,Towers with Display (VFR),0,13,46,0,59,0,1,11,0,12,0,14,57,0,71,0,0,0,71
04/27/2003,HEF,VA,AEA,EN,Towers with Display (VFR),0,18,71,0,89,0,0,279,0,279,0,18,350,0,368,244,0,244,612
04/28/2003,HEF,VA,AEA,EN,Towers with Display (VFR),0,9,40,0,49,0,7,310,0,317,0,16,350,0,366,145,0,145,511
04/29/2003,HEF,VA,AEA,EN,Towers with Display (VFR),0,22,50,1,73,0,18,255,0,273,0,40,305,1,346,46,2,48,394
04/30/2003,HEF,VA,AEA,EN,Towers with Display (VFR),0,21,54,0,75,0,3,272,0,275,0,24,326,0,350,72,0,72,422
05/01/2003,HEF,VA,AEA,EN,Towers with Display (VFR),0,11,44,0,55,0,1,196,2,199,0,12,240,2,254,26,0,26,280
05/02/2003,HEF,VA,AEA,EN,Towers with Display (VFR),0,11,42,2,55,0,4,233,0,237,0,15,275,2,292,34,2,36,328
05/03/2003,HEF,VA,AEA,EN,Towers with Display (VFR),0,8,34,0,42,0,0,167,0,167,0,8,201,0,209,54,0,54,263
05/04/2003,HEF,VA,AEA,EN,Towers with Display (VFR),0,9,52,0,61,0,9,282,0,291,0,18,334,0,352,106,0,106,458
05/05/2003,HEF,VA,AEA,EN,Towers with Display (VFR),0,11,45,0,56,0,0,159,0,159,0,11,204,0,215,0,0,0,215
05/06/2003,HEF,VA,AEA,EN,Towers with Display (VFR),0,12,46,0,58,0,6,78,0,84,0,18,124,0,142,34,0,34,176
05/07/2003,HEF,VA,AEA,EN,Towers with Display (VFR),0,10,40,0,50,0,5,134,0,139,0,15,174,0,189,20,0,20,209
05/08/2003,HEF,VA,AEA,EN,Towers with Display (VFR),0,18,50,0,68,0,11,114,0,125,0,29,164,0,193,60,0,60,253
05/09/2003,HEF,VA,AEA,EN,Towers with Display (VFR),0,12,62,0,74,0,0,0,0,0,0,12,62,0,74,0,0,0,74
05/10/2003,HEF,VA,AEA,EN,Towers with Display (VFR),0,13,27,0,40,0,3,29,0,32,0,16,56,0,72,4,0,4,76
05/11/2003,HEF,VA,AEA,EN,Towers with Display (VFR),0,7,27,0,34,0,1,80,0,81,0,8,107,0,115,50,0,50,165
05/12/2003,HEF,VA,AEA,EN,Towers with Display (VFR),0,1,51,1,53,0,7,98,0,105,0,8,149,1,158,50,0,50,208
05/13/2003,HEF,VA,AEA,EN,Towers with Display (VFR),0,5,33,0,38,0,2,80,2,84,0,7,113,2,122,68,0,68,190
05/14/2003,HEF,VA,AEA,EN,Towers with Display (VFR),0,13,73,0,86,0,1,368,1,370,0,14,441,1,456,210,0,210,666
05/15/2003,HEF,VA,AEA,EN,Towers with Display (VFR),0,9,56,0,65,0,5,178,4,187,0,14,234,4,252,44,0,44,296
05/16/2003,HEF,VA,AEA,EN,Towers with Display (VFR),0,4,50,0,54,0,5,6,0,11,0,9,56,0,65,0,0,0,65
05/17/2003,HEF,VA,AEA,EN,Towers with Display (VFR),0,5,66,0,71,0,3,0,0,3,0,8,66,0,74,0,0,0,74
05/18/2003,HEF,VA,AEA,EN,Towers with Display (VFR),0,8,86,0,94,0,2,31,0,33,0,10,117,0,127,38,0,38,165
05/19/2003,HEF,VA,AEA,EN,Towers with Display (VFR),0,8,41,0,49,0,28,359,0,387,0,36,400,0,436,120,0,120,556
05/20/2003,HEF,VA,AEA,EN,Towers with Display (VFR),0,7,43,0,50,0,20,403,0,423,0,27,446,0,473,68,2,70,543
05/21/2003,HEF,VA,AEA,EN,Towers with Display (VFR),0,14,27,0,41,0,0,2,10,12,0,14,29,10,53,0,0,0,53
05/22/2003,HEF,VA,AEA,EN,Towers with Display (VFR),0,15,50,0,65,0,7,16,0,23,0,22,66,0,88,18,0,18,106
05/23/2003,HEF,VA,AEA,EN,Towers with Display (VFR),0,8,40,0,48,0,0,0,0,0,0,8,40,0,48,0,0,0,48
05/24/2003,HEF,VA,AEA,EN,Towers with Display (VFR),0,5,53,0,58,0,0,181,0,181,0,5,234,0,239,28,0,28,267
05/25/2003,HEF,VA,AEA,EN,Towers with Display (VFR),0,6,34,0,40,0,0,8,0,8,0,6,42,0,48,10,0,10,58
05/26/2003,HEF,VA,AEA,EN,Towers with Display (VFR),0,7,48,0,55,0,5,210,0,215,0,12,258,0,270,160,0,160,430
05/27/2003,HEF,VA,AEA,EN,Towers with Display (VFR),0,7,43,0,50,0,2,17,0,19,0,9,60,0,69,0,0,0,69
05/28/2003,HEF,VA,AEA,EN,Towers with Display (VFR),0,13,47,1,61,0,31,207,0,238,0,44,254,1,299,162,0,162,461
05/29/2003,HEF,VA,AEA,EN,Towers with Display (VFR),0,18,83,0,101,0,21,115,1,137,0,39,198,1,238,51,0,51,289
05/30/2003,HEF,VA,AEA,EN,Towers with Display (VFR),0,12,68,0,80,0,13,398,5,416,0,25,466,5,496,170,0,170,666
05/31/2003,HEF,VA,AEA,EN,Towers with Display (VFR),0,5,26,0,31,0,0,155,0,155,0,5,181,0,186,74,0,74,260
06/01/2003,HEF,VA,AEA,EN,Towers with Display (VFR),0,7,32,0,39,0,4,39,0,43,0,11,71,0,82,74,0,74,156
06/02/2003,HEF,VA,AEA,EN,Towers with Display (VFR),0,12,58,0,70,0,15,413,0,428,0,27,471,0,498,214,0,214,712
06/03/2003,HEF,VA,AEA,EN,Towers with Display (VFR),0,7,43,0,50,0,8,155,0,163,0,15,198,0,213,104,0,104,317
06/04/2003,HEF,VA,AEA,EN,Towers with Display (VFR),0,8,54,1,63,0,0,0,0,0,0,8,54,1,63,0,0,0,63
06/05/2003,HEF,VA,AEA,EN,Towers with Display (VFR),0,11,61,0,72,0,12,342,0,354,0,23,403,0,426,0,0,0,426
06/06/2003,HEF,VA,AEA,EN,Towers with Display (VFR),0,10,48,0,58,0,18,481,0,499,0,28,529,0,557,98,0,98,655
06/07/2003,HEF,VA,AEA,EN,Towers with Display (VFR),0,13,20,2,35,0,4,0,0,4,0,17,20,2,39,0,0,0,39
06/08/2003,HEF,VA,AEA,EN,Towers with Display (VFR),0,14,77,0,91,0,4,378,0,382,0,18,455,0,473,278,0,278,751
06/09/2003,HEF,VA,AEA,EN,Towers with Display (VFR),0,5,41,0,46,0,3,398,0,401,0,8,439,0,447,160,0,160,607
06/10/2003,HEF,VA,AEA,EN,Towers with Display (VFR),0,12,60,0,72,0,10,546,0,556,0,22,606,0,628,144,0,144,772
06/11/2003,HEF,VA,AEA,EN,Towers with Display (VFR),0,10,46,0,56,0,8,270,0,278,0,18,316,0,334,46,0,46,380
06/12/2003,HEF,VA,AEA,EN,Towers with Display (VFR),0,4,62,0,66,0,12,170,0,182,0,16,232,0,248,64,0,64,312
06/13/2003,HEF,VA,AEA,EN,Towers with Display (VFR),0,11,36,0,47,0,8,61,0,69,0,19,97,0,116,74,0,74,190
06/14/2003,HEF,VA,AEA,EN,Towers with Display (VFR),0,8,50,0,58,0,8,252,0,260,0,16,302,0,318,106,0,106,424
06/15/2003,HEF,VA,AEA,EN,Towers with Display (VFR),0,7,47,0,54,0,2,284,0,286,0,9,331,0,340,142,0,142,482
06/16/2003,HEF,VA,AEA,EN,Towers with Display (VFR),0,8,57,0,65,0,9,180,0,189,0,17,237,0,254,247,0,247,501
06/17/2003,HEF,VA,AEA,EN,Towers with Display (VFR),0,15,36,0,51,0,2,94,0,96,0,17,130,0,147,48,4,52,199
06/18/2003,HEF,VA,AEA,EN,Towers with Display (VFR),0,8,65,0,73,0,6,350,0,356,0,14,415,0,429,123,0,123,552
06/19/2003,HEF,VA,AEA,EN,Towers with Display (VFR),0,15,52,0,67,0,5,173,1,179,0,20,225,1,246,96,0,96,342
06/20/2003,HEF,VA,AEA,EN,Towers with Display (VFR),0,11,56,0,67,0,4,64,0,68,0,15,120,0,135,54,0,54,189
06/21/2003,HEF,VA,AEA,EN,Towers with Display (VFR),0,11,59,0,70,0,8,316,0,324,0,19,375,0,394,294,0,294,688
06/22/2003,HEF,VA,AEA,EN,Towers with Display (VFR),0,9,76,0,85,0,8,203,1,212,0,17,279,1,297,142,0,142,439
06/23/2003,HEF,VA,AEA,EN,Towers with Display (VFR),0,7,39,0,46,0,7,279,0,286,0,14,318,0,332,80,0,80,412
06/24/2003,HEF,VA,AEA,EN,Towers with Display (VFR),0,5,46,0,51,0,4,310,0,314,0,9,356,0,365,78,0,78,443
06/25/2003,HEF,VA,AEA,EN,Towers with Display (VFR),0,15,63,0,78,0,7,312,1,320,0,22,375,1,398,88,0,88,486
06/26/2003,HEF,VA,AEA,EN,Towers with Display (VFR),0,7,51,2,60,0,3,319,0,322,0,10,370,2,382,82,2,84,466
06/27/2003,HEF,VA,AEA,EN,Towers with Display (VFR),0,9,70,0,79,0,0,176,0,176,0,9,246,0,255,64,0,64,319
06/28/2003,HEF,VA,AEA,EN,Towers with Display (VFR),0,17,37,0,54,0,5,309,1,315,0,22,346,1,369,112,0,112,481
06/29/2003,HEF,VA,AEA,EN,Towers with Display (VFR),0,14,67,0,81,0,14,310,0,324,0,28,377,0,405,206,0,206,611
06/30/2003,HEF,VA,AEA,EN,Towers with Display (VFR),0,6,41,0,47,0,6,265,4,275,0,12,306,4,322,120,6,126,448
07/01/2003,HEF,VA,AEA,EN,Towers with Display (VFR),0,7,50,0,57,0,7,336,2,345,0,14,386,2,402,90,0,90,492
07/02/2003,HEF,VA,AEA,EN,Towers with Display (VFR),0,20,30,2,52,0,2,12,0,14,0,22,42,2,66,8,0,8,74
07/03/2003,HEF,VA,AEA,EN,Towers with Display (VFR),0,10,58,0,68,0,0,21,0,21,0,10,79,0,89,6,0,6,95
07/04/2003,HEF,VA,AEA,EN,Towers with Display (VFR),0,9,36,0,45,0,4,193,0,197,0,13,229,0,242,76,0,76,318
07/05/2003,HEF,VA,AEA,EN,Towers with Display (VFR),0,10,41,0,51,0,5,304,0,309,0,15,345,0,360,0,0,0,360
07/06/2003,HEF,VA,AEA,EN,Towers with Display (VFR),0,11,64,0,75,0,4,238,0,242,0,15,302,0,317,94,0,94,411
07/07/2003,HEF,VA,AEA,EN,Towers with Display (VFR),0,17,35,0,52,0,7,249,0,256,0,24,284,0,308,84,0,84,392
07/08/2003,HEF,VA,AEA,EN,Towers with Display (VFR),0,13,33,0,46,0,19,313,0,332,0,32,346,0,378,162,0,162,540
07/09/2003,HEF,VA,AEA,EN,Towers with Display (VFR),0,15,50,0,65,0,2,176,0,178,0,17,226,0,243,54,0,54,297
07/10/2003,HEF,VA,AEA,EN,Towers with Display (VFR),0,9,38,0,47,0,3,126,0,129,0,12,164,0,176,131,0,131,307
07/11/2003,HEF,VA,AEA,EN,Towers with Display (VFR),0,18,54,0,72,0,9,309,0,318,0,27,363,0,390,110,0,110,500
07/12/2003,HEF,VA,AEA,EN,Towers with Display (VFR),0,12,48,0,60,0,0,527,4,531,0,12,575,4,591,114,0,114,705
07/13/2003,HEF,VA,AEA,EN,Towers with Display (VFR),0,9,69,0,78,0,8,439,4,451,0,17,508,4,529,106,0,106,635
07/14/2003,HEF,VA,AEA,EN,Towers with Display (VFR),0,19,40,0,59,0,11,362,0,373,0,30,402,0,432,214,0,214,646
07/15/2003,HEF,VA,AEA,EN,Towers with Display (VFR),0,13,88,0,101,0,5,372,0,377,0,18,460,0,478,198,0,198,676
07/16/2003,HEF,VA,AEA,EN,Towers with Display (VFR),0,12,59,0,71,0,7,411,0,418,0,19,470,0,489,76,0,76,565
07/17/2003,HEF,VA,AEA,EN,Towers with Display (VFR),0,18,59,0,77,0,0,435,1,436,0,18,494,1,513,146,0,146,659
07/18/2003,HEF,VA,AEA,EN,Towers with Display (VFR),0,16,31,1,48,0,7,379,1,387,0,23,410,2,435,98,0,98,533
07/19/2003,HEF,VA,AEA,EN,Towers with Display (VFR),0,11,58,0,69,0,0,377,0,377,0,11,435,0,446,188,0,188,634
07/20/2003,HEF,VA,AEA,EN,Towers with Display (VFR),0,16,36,0,52,0,0,481,0,481,0,16,517,0,533,210,0,210,743
07/21/2003,HEF,VA,AEA,EN,Towers with Display (VFR),0,11,39,0,50,0,7,240,0,247,0,18,279,0,297,58,2,60,357
07/22/2003,HEF,VA,AEA,EN,Towers with Display (VFR),0,8,27,2,37,0,5,367,0,372,0,13,394,2,409,90,2,92,501
07/23/2003,HEF,VA,AEA,EN,Towers with Display (VFR),0,17,34,0,51,0,5,288,0,293,0,22,322,0,344,28,0,28,372
07/24/2003,HEF,VA,AEA,EN,Towers with Display (VFR),0,14,84,0,98,0,18,347,0,365,0,32,431,0,463,60,0,60,523
07/25/2003,HEF,VA,AEA,EN,Towers with Display (VFR),0,5,67,0,72,0,4,303,0,307,0,9,370,0,379,140,0,140,519
07/26/2003,HEF,VA,AEA,EN,Towers with Display (VFR),0,7,53,0,60,0,5,293,0,298,0,12,346,0,358,163,0,163,521
07/27/2003,HEF,VA,AEA,EN,Towers with Display (VFR),0,8,60,0,68,0,0,338,0,338,0,8,398,0,406,234,0,234,640
07/28/2003,HEF,VA,AEA,EN,Towers with Display (VFR),0,15,40,0,55,0,10,165,0,175,0,25,205,0,230,26,2,28,258
07/29/2003,HEF,VA,AEA,EN,Towers with Display (VFR),0,11,42,0,53,0,20,458,6,484,0,31,500,6,537,88,0,88,625
07/30/2003,HEF,VA,AEA,EN,Towers with Display (VFR),0,12,61,0,73,0,19,355,0,374,0,31,416,0,447,72,0,72,519
07/31/2003,HEF,VA,AEA,EN,Towers with Display (VFR),0,17,56,0,73,0,9,346,0,355,0,26,402,0,428,144,2,146,574
08/01/2003,HEF,VA,AEA,EN,Towers with Display (VFR),0,12,47,0,59,0,5,63,0,68,0,17,110,0,127,94,0,94,221
08/02/2003,HEF,VA,AEA,EN,Towers with Display (VFR),0,5,50,0,55,0,3,234,0,237,0,8,284,0,292,182,0,182,474
08/03/2003,HEF,VA,AEA,EN,Towers with Display (VFR),0,12,32,0,44,0,5,157,0,162,0,17,189,0,206,46,0,46,252
08/04/2003,HEF,VA,AEA,EN,Towers with Display (VFR),0,8,32,0,40,0,8,155,0,163,0,16,187,0,203,74,2,76,279
08/05/2003,HEF,VA,AEA,EN,Towers with Display (VFR),0,6,30,0,36,0,6,276,0,282,0,12,306,0,318,0,0,0,318
08/06/2003,HEF,VA,AEA,EN,Towers with Display (VFR),0,13,55,0,68,0,11,422,0,433,0,24,477,0,501,94,0,94,595
08/07/2003,HEF,VA,AEA,EN,Towers with Display (VFR),0,7,49,0,56,0,1,110,0,111,0,8,159,0,167,102,0,102,269
08/08/2003,HEF,VA,AEA,EN,Towers with Display (VFR),0,11,43,0,54,0,8,300,0,308,0,19,343,0,362,131,0,131,493
08/09/2003,HEF,VA,AEA,EN,Towers with Display (VFR),0,13,52,0,65,0,3,233,1,237,0,16,285,1,302,134,0,134,436
08/10/2003,HEF,VA,AEA,EN,Towers with Display (VFR),0,8,50,0,58,0,2,366,0,368,0,10,416,0,426,118,0,118,544
08/11/2003,HEF,VA,AEA,EN,Towers with Display (VFR),0,2,35,0,37,0,10,101,1,112,0,12,136,1,149,294,0,294,443
08/12/2003,HEF,VA,AEA,EN,Towers with Display (VFR),0,6,36,0,42,0,18,413,6,437,0,24,449,6,479,94,2,96,575
08/13/2003,HEF,VA,AEA,EN,Towers with Display (VFR),0,12,47,0,59,0,15,398,4,417,0,27,445,4,476,88,0,88,564
08/14/2003,HEF,VA,AEA,EN,Towers with Display (VFR),0,10,51,0,61,0,6,339,5,350,0,16,390,5,411,88,0,88,499
08/15/2003,HEF,VA,AEA,EN,Towers with Display (VFR),0,12,56,0,68,0,5,410,0,415,0,17,466,0,483,20,0,20,503
08/16/2003,HEF,VA,AEA,EN,Towers with Display (VFR),0,6,32,0,38,0,4,282,0,286,0,10,314,0,324,34,0,34,358
08/17/2003,HEF,VA,AEA,EN,Towers with Display (VFR),0,8,49,1,58,0,6,339,0,345,0,14,388,1,403,148,0,148,551
08/18/2003,HEF,VA,AEA,EN,Towers with Display (VFR),0,8,41,0,49,0,5,387,0,392,0,13,428,0,441,58,2,60,501
08/19/2003,HEF,VA,AEA,EN,Towers with Display (VFR),0,15,56,0,71,0,14,372,1,387,0,29,428,1,458,100,6,106,564
08/20/2003,HEF,VA,AEA,EN,Towers with Display (VFR),0,8,47,0,55,0,17,329,2,348,0,25,376,2,403,48,0,48,451
08/21/2003,HEF,VA,AEA,EN,Towers with Display (VFR),0,8,46,1,55,0,8,346,2,356,0,16,392,3,411,34,0,34,445
08/22/2003,HEF,VA,AEA,EN,Towers with Display (VFR),0,7,36,0,43,0,8,321,2,331,0,15,357,2,374,30,0,30,404
08/23/2003,HEF,VA,AEA,EN,Towers with Display (VFR),0,9,44,0,53,0,18,352,0,370,0,27,396,0,423,138,0,138,561
08/24/2003,HEF,VA,AEA,EN,Towers with Display (VFR),0,5,66,0,71,0,6,444,0,450,0,11,510,0,521,68,0,68,589
08/25/2003,HEF,VA,AEA,EN,Towers with Display (VFR),0,7,35,0,42,0,10,359,0,369,0,17,394,0,411,104,4,108,519
08/26/2003,HEF,VA,AEA,EN,Towers with Display (VFR),0,9,37,0,46,0,17,272,0,289,0,26,309,0,335,90,0,90,425
08/27/2003,HEF,VA,AEA,EN,Towers with Display (VFR),0,15,32,0,47,0,15,233,3,251,0,30,265,3,298,28,0,28,326
08/28/2003,HEF,VA,AEA,EN,Towers with Display (VFR),0,10,45,0,55,0,30,363,4,397,0,40,408,4,452,54,0,54,506
08/29/2003,HEF,VA,AEA,EN,Towers with Display (VFR),0,4,50,0,54,0,10,154,0,164,0,14,204,0,218,18,4,22,240
08/30/2003,HEF,VA,AEA,EN,Towers with Display (VFR),0,6,39,0,45,0,10,183,0,193,0,16,222,0,238,50,0,50,288
08/31/2003,HEF,VA,AEA,EN,Towers with Display (VFR),0,6,52,0,58,0,0,266,0,266,0,6,318,0,324,96,0,96,420
09/01/2003,HEF,VA,AEA,EN,Towers with Display (VFR),0,11,50,0,61,0,2,186,0,188,0,13,236,0,249,22,0,22,271
09/02/2003,HEF,VA,AEA,EN,Towers with Display (VFR),0,5,49,0,54,0,7,115,0,122,0,12,164,0,176,18,0,18,194
09/03/2003,HEF,VA,AEA,EN,Towers with Display (VFR),0,10,44,0,54,0,4,65,0,69,0,14,109,0,123,24,0,24,147
09/04/2003,HEF,VA,AEA,EN,Towers with Display (VFR),0,7,32,0,39,0,6,32,0,38,0,13,64,0,77,40,0,40,117
09/05/2003,HEF,VA,AEA,EN,Towers with Display (VFR),0,7,54,0,61,0,12,322,1,335,0,19,376,1,396,0,2,2,398
09/06/2003,HEF,VA,AEA,EN,Towers with Display (VFR),0,4,81,0,85,0,7,460,0,467,0,11,541,0,552,48,0,48,600
09/07/2003,HEF,VA,AEA,EN,Towers with Display (VFR),0,4,39,0,43,0,1,308,0,309,0,5,347,0,352,164,0,164,516
09/08/2003,HEF,VA,AEA,EN,Towers with Display (VFR),0,9,35,0,44,0,12,258,1,271,0,21,293,1,315,48,0,48,363
09/09/2003,HEF,VA,AEA,EN,Towers with Display (VFR),0,9,41,0,50,0,3,186,0,189,0,12,227,0,239,34,0,34,273
09/10/2003,HEF,VA,AEA,EN,Towers with Display (VFR),0,9,54,0,63,0,15,186,0,201,0,24,240,0,264,26,0,26,290
09/11/2003,HEF,VA,AEA,EN,Towers with Display (VFR),0,10,31,0,41,0,15,288,2,305,0,25,319,2,346,8,0,8,354
09/12/2003,HEF,VA,AEA,EN,Towers with Display (VFR),0,7,64,1,72,0,2,67,2,71,0,9,131,3,143,10,2,12,155
09/13/2003,HEF,VA,AEA,EN,Towers with Display (VFR),0,6,32,0,38,0,0,196,0,196,0,6,228,0,234,16,0,16,250
09/14/2003,HEF,VA,AEA,EN,Towers with Display (VFR),0,7,51,0,58,0,0,166,0,166,0,7,217,0,224,74,0,74,298
09/15/2003,HEF,VA,AEA,EN,Towers with Display (VFR),0,9,36,0,45,0,3,104,0,107,0,12,140,0,152,28,0,28,180
09/16/2003,HEF,VA,AEA,EN,Towers with Display (VFR),0,8,42,0,50,0,7,385,0,392,0,15,427,0,442,66,0,66,508
09/17/2003,HEF,VA,AEA,EN,Towers with Display (VFR),0,5,51,0,56,0,5,220,0,225,0,10,271,0,281,18,0,18,299
09/18/2003,HEF,VA,AEA,EN,Towers with Display (VFR),0,3,11,0,14,0,0,5,0,5,0,3,16,0,19,0,0,0,19
09/19/2003,HEF,VA,AEA,EN,Towers with Display (VFR),0,3,26,0,29,0,6,32,0,38,0,9,58,0,67,4,0,4,71
09/20/2003,HEF,VA,AEA,EN,Towers with Display (VFR),0,5,43,0,48,0,4,228,0,232,0,9,271,0,280,43,0,43,323
09/21/2003,HEF,VA,AEA,EN,Towers with Display (VFR),0,11,46,0,57,0,9,320,0,329,0,20,366,0,386,90,0,90,476
09/22/2003,HEF,VA,AEA,EN,Towers with Display (VFR),0,7,29,0,36,0,0,42,0,42,0,7,71,0,78,80,0,80,158
09/23/2003,HEF,VA,AEA,EN,Towers with Display (VFR),0,8,47,0,55,0,2,158,0,160,0,10,205,0,215,18,0,18,233
09/24/2003,HEF,VA,AEA,EN,Towers with Display (VFR),0,5,52,0,57,0,8,377,0,385,0,13,429,0,442,98,0,98,540
09/25/2003,HEF,VA,AEA,EN,Towers with Display (VFR),0,5,61,0,66,0,7,171,0,178,0,12,232,0,244,82,0,82,326
09/26/2003,HEF,VA,AEA,EN,Towers with Display (VFR),0,6,54,0,60,0,17,212,4,233,0,23,266,4,293,20,0,20,313
09/27/2003,HEF,VA,AEA,EN,Towers with Display (VFR),0,7,38,0,45,0,7,274,0,281,0,14,312,0,326,56,0,56,382
09/28/2003,HEF,VA,AEA,EN,Towers with Display (VFR),0,7,69,0,76,0,3,198,0,201,0,10,267,0,277,32,0,32,309
09/29/2003,HEF,VA,AEA,EN,Towers with Display (VFR),0,7,51,0,58,0,6,209,0,215,0,13,260,0,273,40,0,40,313
09/30/2003,HEF,VA,AEA,EN,Towers with Display (VFR),0,3,37,0,40,0,11,227,0,238,0,14,264,0,278,58,0,58,336
10/01/2003,HEF,VA,AEA,EN,Towers with Display (VFR),0,6,55,0,61,0,11,219,1,231,0,17,274,1,292,166,0,166,458
10/02/2003,HEF,VA,AEA,EN,Towers with Display (VFR),0,10,53,0,63,0,4,186,1,191,0,14,239,1,254,34,0,34,288
10/03/2003,HEF,VA,AEA,EN,Towers with Display (VFR),0,8,65,0,73,0,23,241,4,268,0,31,306,4,341,42,2,44,385
10/04/2003,HEF,VA,AEA,EN,Towers with Display (VFR),0,4,25,0,29,0,2,234,0,236,0,6,259,0,265,158,2,160,425
10/05/2003,HEF,VA,AEA,EN,Towers with Display (VFR),0,4,76,0,80,0,7,284,0,291,0,11,360,0,371,0,0,0,371
10/06/2003,HEF,VA,AEA,EN,Towers with Display (VFR),0,8,40,0,48,0,14,143,0,157,0,22,183,0,205,32,0,32,237
10/07/2003,HEF,VA,AEA,EN,Towers with Display (VFR),0,4,54,0,58,0,29,216,0,245,0,33,270,0,303,64,0,64,367
10/08/2003,HEF,VA,AEA,EN,Towers with Display (VFR),0,18,23,0,41,0,0,211,0,211,0,18,234,0,252,66,0,66,318
10/09/2003,HEF,VA,AEA,EN,Towers with Display (VFR),0,6,56,0,62,0,12,363,0,375,0,18,419,0,437,20,0,20,457
10/10/2003,HEF,VA,AEA,EN,Towers with Display (VFR),0,8,68,0,76,0,19,172,0,191,0,27,240,0,267,16,0,16,283
10/11/2003,HEF,VA,AEA,EN,Towers with Display (VFR),0,6,41,0,47,0,1,238,0,239,0,7,279,0,286,36,0,36,322
10/12/2003,HEF,VA,AEA,EN,Towers with Display (VFR),0,9,43,1,53,0,0,325,0,325,0,9,368,1,378,48,0,48,426
10/13/2003,HEF,VA,AEA,EN,Towers with Display (VFR),0,7,48,1,56,0,7,326,0,333,0,14,374,1,389,6,0,6,395
10/14/2003,HEF,VA,AEA,EN,Towers with Display (VFR),0,3,22,2,27,0,15,132,1,148,0,18,154,3,175,30,2,32,207
10/15/2003,HEF,VA,AEA,EN,Towers with Display (VFR),0,6,37,0,43,0,7,49,0,56,0,13,86,0,99,2,0,2,101
10/16/2003,HEF,VA,AEA,EN,Towers with Display (VFR),0,5,59,0,64,0,15,216,0,231,0,20,275,0,295,84,0,84,379
10/17/2003,HEF,VA,AEA,EN,Towers with Display (VFR),0,10,52,0,62,0,7,241,0,248,0,17,293,0,310,82,2,84,394
10/18/2003,HEF,VA,AEA,EN,Towers with Display (VFR),0,4,43,1,48,0,16,320,3,339,0,20,363,4,387,131,2,133,520
10/19/2003,HEF,VA,AEA,EN,Towers with Display (VFR),0,4,72,0,76,0,3,328,0,331,0,7,400,0,407,32,0,32,439
10/20/2003,HEF,VA,AEA,EN,Towers with Display (VFR),0,7,42,0,49,0,10,214,0,224,0,17,256,0,273,64,0,64,337
10/21/2003,HEF,VA,AEA,EN,Towers with Display (VFR),0,4,59,0,63,0,12,293,0,305,0,16,352,0,368,38,0,38,406
10/22/2003,HEF,VA,AEA,EN,Towers with Display (VFR),0,9,42,0,51,0,6,104,0,110,0,15,146,0,161,72,0,72,233
10/23/2003,HEF,VA,AEA,EN,Towers with Display (VFR),0,8,59,0,67,0,19,189,1,209,0,27,248,1,276,66,0,66,342
10/24/2003,HEF,VA,AEA,EN,Towers with Display (VFR),0,6,68,0,74,0,20,239,0,259,0,26,307,0,333,118,0,118,451
10/25/2003,HEF,VA,AEA,EN,Towers with Display (VFR),0,7,43,0,50,0,10,391,0,401,0,17,434,0,451,116,0,116,567
10/26/2003,HEF,VA,AEA,EN,Towers with Display (VFR),0,3,56,2,61,0,6,107,0,113,0,9,163,2,174,42,0,42,216
10/27/2003,HEF,VA,AEA,EN,Towers with Display (VFR),0,4,20,0,24,0,0,10,2,12,0,4,30,2,36,0,0,0,36
10/28/2003,HEF,VA,AEA,EN,Towers with Display (VFR),0,10,43,0,53,0,9,410,0,419,0,19,453,0,472,144,0,144,616
10/29/2003,HEF,VA,AEA,EN,Towers with Display (VFR),0,4,29,0,33,0,2,212,0,214,0,6,241,0,247,22,0,22,269
10/30/2003,HEF,VA,AEA,EN,Towers with Display (VFR),0,3,59,0,62,0,11,366,1,378,0,14,425,1,440,58,0,58,498
10/31/2003,HEF,VA,AEA,EN,Towers with Display (VFR),0,1,60,0,61,0,13,301,1,315,0,14,361,1,376,66,0,66,442
11/01/2003,HEF,VA,AEA,EN,Towers with Display (VFR),0,7,60,0,67,0,4,375,0,379,0,11,435,0,446,148,0,148,594
11/02/2003,HEF,VA,AEA,EN,Towers with Display (VFR),0,8,60,0,68,0,2,277,0,279,0,10,337,0,347,140,0,140,487
11/03/2003,HEF,VA,AEA,EN,Towers with Display (VFR),0,9,30,0,39,0,11,202,0,213,0,20,232,0,252,192,0,192,444
11/04/2003,HEF,VA,AEA,EN,Towers with Display (VFR),0,4,46,0,50,0,11,274,0,285,0,15,320,0,335,220,0,220,555
11/05/2003,HEF,VA,AEA,EN,Towers with Display (VFR),0,9,30,0,39,0,5,107,2,114,0,14,137,2,153,0,0,0,153
11/06/2003,HEF,VA,AEA,EN,Towers with Display (VFR),0,5,17,0,22,0,0,0,0,0,0,5,17,0,22,0,0,0,22
11/07/2003,HEF,VA,AEA,EN,Towers with Display (VFR),0,6,45,1,52,0,12,166,0,178,0,18,211,1,230,74,0,74,304
11/08/2003,HEF,VA,AEA,EN,Towers with Display (VFR),0,7,35,0,42,0,11,289,0,300,0,18,324,0,342,181,0,181,523
11/09/2003,HEF,VA,AEA,EN,Towers with Display (VFR),0,7,62,0,69,0,10,347,0,357,0,17,409,0,426,100,0,100,526
11/10/2003,HEF,VA,AEA,EN,Towers with Display (VFR),0,9,32,0,41,0,15,235,0,250,0,24,267,0,291,246,0,246,537
11/11/2003,HEF,VA,AEA,EN,Towers with Display (VFR),0,8,39,0,47,0,5,303,0,308,0,13,342,0,355,152,0,152,507
11/12/2003,HEF,VA,AEA,EN,Towers with Display (VFR),0,7,38,0,45,0,0,12,0,12,0,7,50,0,57,6,0,6,63
11/13/2003,HEF,VA,AEA,EN,Towers with Display (VFR),0,3,7,0,10,0,4,3,2,9,0,7,10,2,19,0,0,0,19
11/14/2003,HEF,VA,AEA,EN,Towers with Display (VFR),0,3,36,0,39,0,2,35,2,39,0,5,71,2,78,8,0,8,86
11/15/2003,HEF,VA,AEA,EN,Towers with Display (VFR),0,4,68,0,72,0,15,390,0,405,0,19,458,0,477,90,0,90,567
11/16/2003,HEF,VA,AEA,EN,Towers with Display (VFR),0,5,71,0,76,0,4,336,0,340,0,9,407,0,416,50,0,50,466
11/17/2003,HEF,VA,AEA,EN,Towers with Display (VFR),0,3,35,0,38,0,7,261,0,268,0,10,296,0,306,66,0,66,372
11/18/2003,HEF,VA,AEA,EN,Towers with Display (VFR),0,4,23,1,28,0,0,4,0,4,0,4,27,1,32,10,0,10,42
11/19/2003,HEF,VA,AEA,EN,Towers with Display (VFR),0,4,11,0,15,0,2,1,1,4,0,6,12,1,19,0,0,0,19
11/20/2003,HEF,VA,AEA,EN,Towers with Display (VFR),0,7,39,0,46,0,12,168,6,186,0,19,207,6,232,54,0,54,286
11/21/2003,HEF,VA,AEA,EN,Towers with Display (VFR),0,12,50,0,62,0,7,390,2,399,0,19,440,2,461,143,0,143,604
11/22/2003,HEF,VA,AEA,EN,Towers with Display (VFR),0,5,47,0,52,0,9,455,0,464,0,14,502,0,516,58,0,58,574
11/23/2003,HEF,VA,AEA,EN,Towers with Display (VFR),0,6,47,0,53,0,8,296,0,304,0,14,343,0,357,34,0,34,391
11/24/2003,HEF,VA,AEA,EN,Towers with Display (VFR),0,10,36,0,46,0,21,141,0,162,0,31,177,0,208,142,0,142,350
11/25/2003,HEF,VA,AEA,EN,Towers with Display (VFR),0,3,53,0,56,0,6,270,0,276,0,9,323,0,332,42,0,42,374
11/26/2003,HEF,VA,AEA,EN,Towers with Display (VFR),0,3,75,0,78,0,5,278,2,285,0,8,353,2,363,140,0,140,503
11/27/2003,HEF,VA,AEA,EN,Towers with Display (VFR),0,5,24,0,29,0,20,145,0,165,0,25,169,0,194,0,0,0,194
11/28/2003,HEF,VA,AEA,EN,Towers with Display (VFR),0,3,14,0,17,0,0,0,0,0,0,3,14,0,17,0,0,0,17
11/29/2003,HEF,VA,AEA,EN,Towers with Display (VFR),0,9,30,0,39,0,3,30,0,33,0,12,60,0,72,8,0,8,80
11/30/2003,HEF,VA,AEA,EN,Towers with Display (VFR),0,4,79,0,83,0,6,351,0,357,0,10,430,0,440,46,0,46,486
12/01/2003,HEF,VA,AEA,EN,Towers with Display (VFR),0,3,25,0,28,0,7,48,2,57,0,10,73,2,85,0,2,2,87
12/02/2003,HEF,VA,AEA,EN,Towers with Display (VFR),0,4,33,0,37,0,11,81,0,92,0,15,114,0,129,18,0,18,147
12/03/2003,HEF,VA,AEA,EN,Towers with Display (VFR),0,11,62,0,73,0,22,246,0,268,0,33,308,0,341,100,0,100,441
12/04/2003,HEF,VA,AEA,EN,Towers with Display (VFR),0,6,38,0,44,0,8,165,0,173,0,14,203,0,217,98,0,98,315
12/05/2003,HEF,VA,AEA,EN,Towers with Display (VFR),0,5,9,0,14,0,0,0,0,0,0,5,9,0,14,0,0,0,14
12/06/2003,HEF,VA,AEA,EN,Towers with Display (VFR),0,5,7,0,12,0,1,22,0,23,0,6,29,0,35,2,0,2,37
12/07/2003,HEF,VA,AEA,EN,Towers with Display (VFR),0,5,35,0,40,0,5,118,0,123,0,10,153,0,163,52,0,52,215
12/08/2003,HEF,VA,AEA,EN,Towers with Display (VFR),0,3,51,0,54,0,6,211,0,217,0,9,262,0,271,109,0,109,380
12/09/2003,HEF,VA,AEA,EN,Towers with Display (VFR),0,5,60,0,65,0,16,178,0,194,0,21,238,0,259,97,0,97,356
12/10/2003,HEF,VA,AEA,EN,Towers with Display (VFR),0,3,21,0,24,0,1,106,0,107,0,4,127,0,131,16,0,16,147
12/11/2003,HEF,VA,AEA,EN,Towers with Display (VFR),0,10,34,0,44,0,7,50,0,57,0,17,84,0,101,14,0,14,115
12/12/2003,HEF,VA,AEA,EN,Towers with Display (VFR),0,10,59,0,69,0,8,235,2,245,0,18,294,2,314,98,0,98,412
12/13/2003,HEF,VA,AEA,EN,Towers with Display (VFR),0,6,44,0,50,0,6,299,0,305,0,12,343,0,355,178,0,178,533
12/14/2003,HEF,VA,AEA,EN,Towers with Display (VFR),0,5,3,0,8,0,0,0,0,0,0,5,3,0,8,0,0,0,8
12/15/2003,HEF,VA,AEA,EN,Towers with Display (VFR),0,4,27,0,31,0,6,46,0,52,0,10,73,0,83,16,0,16,99
12/16/2003,HEF,VA,AEA,EN,Towers with Display (VFR),0,7,50,0,57,0,6,218,1,225,0,13,268,1,282,206,0,206,488
12/17/2003,HEF,VA,AEA,EN,Towers with Display (VFR),0,8,24,0,32,0,2,0,0,2,0,10,24,0,34,0,0,0,34
12/18/2003,HEF,VA,AEA,EN,Towers with Display (VFR),0,14,28,0,42,0,16,211,0,227,0,30,239,0,269,117,0,117,386
12/19/2003,HEF,VA,AEA,EN,Towers with Display (VFR),0,9,38,0,47,0,8,121,2,131,0,17,159,2,178,113,0,113,291
12/20/2003,HEF,VA,AEA,EN,Towers with Display (VFR),0,9,28,0,37,0,0,199,0,199,0,9,227,0,236,54,0,54,290
12/21/2003,HEF,VA,AEA,EN,Towers with Display (VFR),0,8,44,0,52,0,4,254,0,258,0,12,298,0,310,182,0,182,492
12/22/2003,HEF,VA,AEA,EN,Towers with Display (VFR),0,8,47,0,55,0,3,208,0,211,0,11,255,0,266,142,0,142,408
12/23/2003,HEF,VA,AEA,EN,Towers with Display (VFR),0,15,59,0,74,0,11,141,0,152,0,26,200,0,226,112,0,112,338
12/24/2003,HEF,VA,AEA,EN,Towers with Display (VFR),0,6,17,0,23,0,2,12,0,14,0,8,29,0,37,54,0,54,91
12/25/2003,HEF,VA,AEA,EN,Towers with Display (VFR),0,4,10,0,14,0,2,16,0,18,0,6,26,0,32,0,0,0,32
12/26/2003,HEF,VA,AEA,EN,Towers with Display (VFR),0,14,42,0,56,0,5,164,0,169,0,19,206,0,225,138,0,138,363
12/27/2003,HEF,VA,AEA,EN,Towers with Display (VFR),0,7,37,0,44,0,3,245,0,248,0,10,282,0,292,74,0,74,366
12/28/2003,HEF,VA,AEA,EN,Towers with Display (VFR),0,8,48,0,56,0,0,225,0,225,0,8,273,0,281,207,0,207,488
12/29/2003,HEF,VA,AEA,EN,Towers with Display (VFR),0,7,37,0,44,0,3,339,4,346,0,10,376,4,390,130,0,130,520
12/30/2003,HEF,VA,AEA,EN,Towers with Display (VFR),0,3,25,0,28,0,0,95,0,95,0,3,120,0,123,13,0,13,136
12/31/2003,HEF,VA,AEA,EN,Towers with Display (VFR),0,8,22,0,30,0,4,189,0,193,0,12,211,0,223,104,0,104,327
01/01/2004,HEF,VA,AEA,EN,Towers with Display (VFR),0,6,13,0,19,0,13,142,0,155,0,19,155,0,174,0,0,0,174
01/02/2004,HEF,VA,AEA,EN,Towers with Display (VFR),0,19,30,0,49,0,8,194,0,202,0,27,224,0,251,229,0,229,480
01/03/2004,HEF,VA,AEA,EN,Towers with Display (VFR),0,6,49,0,55,0,5,311,0,316,0,11,360,0,371,144,0,144,515
01/04/2004,HEF,VA,AEA,EN,Towers with Display (VFR),0,8,44,0,52,0,1,164,0,165,0,9,208,0,217,166,0,166,383
01/05/2004,HEF,VA,AEA,EN,Towers with Display (VFR),0,5,12,0,17,0,0,0,0,0,0,5,12,0,17,0,0,0,17
01/06/2004,HEF,VA,AEA,EN,Towers with Display (VFR),0,17,19,0,36,0,5,109,0,114,0,22,128,0,150,55,0,55,205
01/07/2004,HEF,VA,AEA,EN,Towers with Display (VFR),0,13,26,0,39,0,2,173,0,175,0,15,199,0,214,33,0,33,247
01/08/2004,HEF,VA,AEA,EN,Towers with Display (VFR),0,8,31,0,39,0,4,170,2,176,0,12,201,2,215,94,0,94,309
01/09/2004,HEF,VA,AEA,EN,Towers with Display (VFR),0,5,22,0,27,0,3,28,0,31,0,8,50,0,58,24,0,24,82
01/10/2004,HEF,VA,AEA,EN,Towers with Display (VFR),0,7,29,0,36,0,1,110,0,111,0,8,139,0,147,108,0,108,255
01/11/2004,HEF,VA,AEA,EN,Towers with Display (VFR),0,9,37,0,46,0,3,229,0,232,0,12,266,0,278,120,0,120,398
01/12/2004,HEF,VA,AEA,EN,Towers with Display (VFR),0,13,48,0,61,0,8,202,3,213,0,21,250,3,274,227,0,227,501
01/13/2004,HEF,VA,AEA,EN,Towers with Display (VFR),0,13,27,0,40,0,5,142,0,147,0,18,169,0,187,26,0,26,213
01/14/2004,HEF,VA,AEA,EN,Towers with Display (VFR),0,12,58,1,71,0,0,261,0,261,0,12,319,1,332,140,0,140,472
01/15/2004,HEF,VA,AEA,EN,Towers with Display (VFR),0,8,17,0,25,0,2,21,0,23,0,10,38,0,48,0,0,0,48
01/16/2004,HEF,VA,AEA,EN,Towers with Display (VFR),0,8,39,0,47,0,7,68,0,75,0,15,107,0,122,22,0,22,144
01/17/2004,HEF,VA,AEA,EN,Towers with Display (VFR),0,7,28,0,35,0,6,327,0,333,0,13,355,0,368,192,0,192,560
01/18/2004,HEF,VA,AEA,EN,Towers with Display (VFR),0,5,8,0,13,0,0,2,0,2,0,5,10,0,15,0,0,0,15
01/19/2004,HEF,VA,AEA,EN,Towers with Display (VFR),0,9,32,0,41,0,6,131,0,137,0,15,163,0,178,30,0,30,208
01/20/2004,HEF,VA,AEA,EN,Towers with Display (VFR),0,12,44,0,56,0,25,76,0,101,0,37,120,0,157,42,0,42,199
01/21/2004,HEF,VA,AEA,EN,Towers with Display (VFR),0,9,60,4,73,0,5,286,1,292,0,14,346,5,365,74,0,74,439
01/22/2004,HEF,VA,AEA,EN,Towers with Display (VFR),0,5,34,0,39,0,6,131,0,137,0,11,165,0,176,70,0,70,246
01/23/2004,HEF,VA,AEA,EN,Towers with Display (VFR),0,10,44,1,55,0,18,128,0,146,0,28,172,1,201,86,0,86,287
01/24/2004,HEF,VA,AEA,EN,Towers with Display (VFR),0,5,28,1,34,0,0,206,0,206,0,5,234,1,240,60,0,60,300
01/25/2004,HEF,VA,AEA,EN,Towers with Display (VFR),0,2,24,0,26,0,2,179,0,181,0,4,203,0,207,128,0,128,335
01/26/2004,HEF,VA,AEA,EN,Towers with Display (VFR),0,3,4,0,7,0,0,0,0,0,0,3,4,0,7,0,0,0,7
01/27/2004,HEF,VA,AEA,EN,Towers with Display (VFR),0,2,6,0,8,0,0,0,0,0,0,2,6,0,8,0,0,0,8
01/28/2004,HEF,VA,AEA,EN,Towers with Display (VFR),0,8,25,0,33,0,12,12,0,24,0,20,37,0,57,26,0,26,83
01/29/2004,HEF,VA,AEA,EN,Towers with Display (VFR),0,13,45,0,58,0,6,113,0,119,0,19,158,0,177,111,0,111,288
01/30/2004,HEF,VA,AEA,EN,Towers with Display (VFR),0,9,37,0,46,0,5,96,0,101,0,14,133,0,147,71,0,71,218
01/31/2004,HEF,VA,AEA,EN,Towers with Display (VFR),0,11,29,0,40,0,6,233,0,239,0,17,262,0,279,182,0,182,461
02/01/2004,HEF,VA,AEA,EN,Towers with Display (VFR),0,4,29,0,33,0,4,305,0,309,0,8,334,0,342,80,0,80,422
02/02/2004,HEF,VA,AEA,EN,Towers with Display (VFR),0,8,42,0,50,0,7,169,0,176,0,15,211,0,226,52,0,52,278
02/03/2004,HEF,VA,AEA,EN,Towers with Display (VFR),0,10,15,0,25,0,5,5,0,10,0,15,20,0,35,18,0,18,53
02/04/2004,HEF,VA,AEA,EN,Towers with Display (VFR),0,16,46,0,62,0,11,190,0,201,0,27,236,0,263,158,0,158,421
02/05/2004,HEF,VA,AEA,EN,Towers with Display (VFR),0,8,31,0,39,0,1,148,0,149,0,9,179,0,188,0,0,0,188
02/06/2004,HEF,VA,AEA,EN,Towers with Display (VFR),0,7,14,0,21,0,0,0,0,0,0,7,14,0,21,0,0,0,21
02/07/2004,HEF,VA,AEA,EN,Towers with Display (VFR),0,3,29,0,32,0,5,250,0,255,0,8,279,0,287,104,0,104,391
02/08/2004,HEF,VA,AEA,EN,Towers with Display (VFR),0,8,53,0,61,0,1,258,2,261,0,9,311,2,322,121,0,121,443
02/09/2004,HEF,VA,AEA,EN,Towers with Display (VFR),0,11,39,0,50,0,2,189,0,191,0,13,228,0,241,48,0,48,289
02/10/2004,HEF,VA,AEA,EN,Towers with Display (VFR),0,10,55,0,65,0,15,176,0,191,0,25,231,0,256,106,0,106,362
02/11/2004,HEF,VA,AEA,EN,Towers with Display (VFR),0,7,47,0,54,0,7,201,0,208,0,14,248,0,262,32,0,32,294
02/12/2004,HEF,VA,AEA,EN,Towers with Display (VFR),0,11,28,1,40,0,5,171,0,176,0,16,199,1,216,94,0,94,310
02/13/2004,HEF,VA,AEA,EN,Towers with Display (VFR),0,7,63,0,70,0,6,204,2,212,0,13,267,2,282,196,0,196,478
02/14/2004,HEF,VA,AEA,EN,Towers with Display (VFR),0,8,53,0,61,0,6,299,0,305,0,14,352,0,366,188,0,188,554
02/15/2004,HEF,VA,AEA,EN,Towers with Display (VFR),0,2,24,0,26,0,0,166,0,166,0,2,190,0,192,119,0,119,311
02/16/2004,HEF,VA,AEA,EN,Towers with Display (VFR),0,7,37,0,44,0,7,272,0,279,0,14,309,0,323,114,0,114,437
02/17/2004,HEF,VA,AEA,EN,Towers with Display (VFR),0,12,28,1,41,0,13,239,3,255,0,25,267,4,296,64,0,64,360
02/18/2004,HEF,VA,AEA,EN,Towers with Display (VFR),0,10,40,0,50,0,1,203,0,204,0,11,243,0,254,54,0,54,308
02/19/2004,HEF,VA,AEA,EN,Towers with Display (VFR),0,12,41,0,53,0,2,270,0,272,0,14,311,0,325,147,0,147,472
02/20/2004,HEF,VA,AEA,EN,Towers with Display (VFR),0,17,61,0,78,0,6,201,0,207,0,23,262,0,285,186,0,186,471
02/21/2004,HEF,VA,AEA,EN,Towers with Display (VFR),0,5,37,0,42,0,6,119,0,125,0,11,156,0,167,91,2,93,260
02/22/2004,HEF,VA,AEA,EN,Towers with Display (VFR),0,7,60,0,67,0,3,244,0,247,0,10,304,0,314,64,0,64,378
02/23/2004,HEF,VA,AEA,EN,Towers with Display (VFR),0,9,39,0,48,0,9,262,0,271,0,18,301,0,319,64,0,64,383
02/24/2004,HEF,VA,AEA,EN,Towers with Display (VFR),0,12,49,0,61,0,14,141,0,155,0,26,190,0,216,24,0,24,240
02/25/2004,HEF,VA,AEA,EN,Towers with Display (VFR),0,9,51,0,60,0,2,226,5,233,0,11,277,5,293,169,0,169,462
02/26/2004,HEF,VA,AEA,EN,Towers with Display (VFR),0,9,36,0,45,0,3,321,2,326,0,12,357,2,371,108,0,108,479
02/27/2004,HEF,VA,AEA,EN,Towers with Display (VFR),0,12,56,0,68,0,8,297,0,305,0,20,353,0,373,149,0,149,522
02/28/2004,HEF,VA,AEA,EN,Towers with Display (VFR),0,9,37,0,46,0,20,281,0,301,0,29,318,0,347,102,0,102,449
02/29/2004,HEF,VA,AEA,EN,Towers with Display (VFR),0,10,64,0,74,0,11,368,0,379,0,21,432,0,453,152,0,152,605
03/01/2004,HEF,VA,AEA,EN,Towers with Display (VFR),0,8,44,0,52,0,8,275,0,283,0,16,319,0,335,122,0,122,457
03/02/2004,HEF,VA,AEA,EN,Towers with Display (VFR),0,12,42,2,56,0,3,164,0,167,0,15,206,2,223,26,18,44,267
03/03/2004,HEF,VA,AEA,EN,Towers with Display (VFR),0,10,50,0,60,0,11,352,0,363,0,21,402,0,423,140,0,140,563
03/04/2004,HEF,VA,AEA,EN,Towers with Display (VFR),0,16,60,0,76,0,12,272,0,284,0,28,332,0,360,145,0,145,505
03/05/2004,HEF,VA,AEA,EN,Towers with Display (VFR),0,11,63,0,74,0,6,133,0,139,0,17,196,0,213,0,0,0,213
03/06/2004,HEF,VA,AEA,EN,Towers with Display (VFR),0,3,26,2,31,0,8,81,0,89,0,11,107,2,120,34,0,34,154
03/07/2004,HEF,VA,AEA,EN,Towers with Display (VFR),0,7,52,0,59,0,13,282,2,297,0,20,334,2,356,126,0,126,482
03/08/2004,HEF,VA,AEA,EN,Towers with Display (VFR),0,10,29,2,41,0,12,87,0,99,0,22,116,2,140,76,0,76,216
03/09/2004,HEF,VA,AEA,EN,Towers with Display (VFR),0,12,47,0,59,0,13,412,0,425,0,25,459,0,484,184,0,184,668
03/10/2004,HEF,VA,AEA,EN,Towers with Display (VFR),0,14,51,0,65,0,11,111,4,126,0,25,162,4,191,68,0,68,259
03/11/2004,HEF,VA,AEA,EN,Towers with Display (VFR),0,12,49,0,61,0,15,344,2,361,0,27,393,2,422,174,2,176,598
03/12/2004,HEF,VA,AEA,EN,Towers with Display (VFR),0,10,41,0,51,0,7,114,0,121,0,17,155,0,172,14,0,14,186
03/13/2004,HEF,VA,AEA,EN,Towers with Display (VFR),0,9,47,0,56,0,3,303,0,306,0,12,350,0,362,205,0,205,567
03/14/2004,HEF,VA,AEA,EN,Towers with Display (VFR),0,10,59,0,69,0,4,267,0,271,0,14,326,0,340,108,0,108,448
03/15/2004,HEF,VA,AEA,EN,Towers with Display (VFR),0,22,34,0,56,0,13,275,2,290,0,35,309,2,346,178,0,178,524
03/16/2004,HEF,VA,AEA,EN,Towers with Display (VFR),0,11,23,0,34,0,0,0,0,0,0,11,23,0,34,0,0,0,34
03/17/2004,HEF,VA,AEA,EN,Towers with Display (VFR),0,2,40,0,42,0,0,103,0,103,0,2,143,0,145,131,0,131,276
03/18/2004,HEF,VA,AEA,EN,Towers with Display (VFR),0,16,49,0,65,0,7,52,0,59,0,23,101,0,124,10,0,10,134
03/19/2004,HEF,VA,AEA,EN,Towers with Display (VFR),0,15,48,0,63,0,8,201,0,209,0,23,249,0,272,84,2,86,358
03/20/2004,HEF,VA,AEA,EN,Towers with Display (VFR),0,9,29,2,40,0,14,202,0,216,0,23,231,2,256,50,0,50,306
03/21/2004,HEF,VA,AEA,EN,Towers with Display (VFR),0,9,34,0,43,0,0,14,0,14,0,9,48,0,57,6,0,6,63
03/22/2004,HEF,VA,AEA,EN,Towers with Display (VFR),0,9,36,0,45,0,11,105,0,116,0,20,141,0,161,20,0,20,181
03/23/2004,HEF,VA,AEA,EN,Towers with Display (VFR),0,15,53,0,68,0,9,321,0,330,0,24,374,0,398,56,0,56,454
03/24/2004,HEF,VA,AEA,EN,Towers with Display (VFR),0,17,59,0,76,0,14,277,0,291,0,31,336,0,367,118,0,118,485
03/25/2004,HEF,VA,AEA,EN,Towers with Display (VFR),0,15,47,0,62,0,1,281,0,282,0,16,328,0,344,94,0,94,438
03/26/2004,HEF,VA,AEA,EN,Towers with Display (VFR),0,9,57,2,68,0,4,299,3,306,0,13,356,5,374,148,0,148,522
03/27/2004,HEF,VA,AEA,EN,Towers with Display (VFR),0,4,46,0,50,0,8,128,0,136,0,12,174,0,186,154,0,154,340
03/28/2004,HEF,VA,AEA,EN,Towers with Display (VFR),0,8,72,2,82,0,2,334,0,336,0,10,406,2,418,229,0,229,647
03/29/2004,HEF,VA,AEA,EN,Towers with Display (VFR),0,16,48,0,64,0,9,320,0,329,0,25,368,0,393,142,0,142,535
03/30/2004,HEF,VA,AEA,EN,Towers with Display (VFR),0,17,31,2,50,0,3,244,0,247,0,20,275,2,297,151,2,153,450
03/31/2004,HEF,VA,AEA,EN,Towers with Display (VFR),0,17,39,0,56,0,4,99,0,103,0,21,138,0,159,50,0,50,209
04/01/2004,HEF,VA,AEA,EN,Towers with Display (VFR),0,10,44,0,54,0,0,18,0,18,0,10,62,0,72,0,0,0,72
04/02/2004,HEF,VA,AEA,EN,Towers with Display (VFR),0,11,51,0,62,0,7,11,0,18,0,18,62,0,80,0,0,0,80
04/03/2004,HEF,VA,AEA,EN,Towers with Display (VFR),0,8,67,0,75,0,0,256,1,257,0,8,323,1,332,246,0,246,578
04/04/2004,HEF,VA,AEA,EN,Towers with Display (VFR),0,8,28,0,36,0,1,13,1,15,0,9,41,1,51,12,0,12,63
04/05/2004,HEF,VA,AEA,EN,Towers with Display (VFR),0,8,30,0,38,0,2,13,0,15,0,10,43,0,53,0,0,0,53
04/06/2004,HEF,VA,AEA,EN,Towers with Display (VFR),0,16,44,0,60,0,12,309,0,321,0,28,353,0,381,54,0,54,435
04/07/2004,HEF,VA,AEA,EN,Towers with Display (VFR),0,13,61,0,74,0,6,280,0,286,0,19,341,0,360,106,0,106,466
04/08/2004,HEF,VA,AEA,EN,Towers with Display (VFR),0,7,48,2,57,0,13,390,0,403,0,20,438,2,460,174,0,174,634
04/09/2004,HEF,VA,AEA,EN,Towers with Display (VFR),0,17,64,0,81,0,11,253,0,264,0,28,317,0,345,60,0,60,405
04/10/2004,HEF,VA,AEA,EN,Towers with Display (VFR),0,10,49,0,59,0,3,383,0,386,0,13,432,0,445,174,0,174,619
04/11/2004,HEF,VA,AEA,EN,Towers with Display (VFR),0,8,38,0,46,0,1,29,0,30,0,9,67,0,76,24,0,24,100
04/12/2004,HEF,VA,AEA,EN,Towers with Display (VFR),0,11,29,0,40,0,0,0,0,0,0,11,29,0,40,0,0,0,40
04/13/2004,HEF,VA,AEA,EN,Towers with Display (VFR),0,9,23,0,32,0,1,0,0,1,0,10,23,0,33,0,0,0,33
04/14/2004,HEF,VA,AEA,EN,Towers with Display (VFR),0,10,36,0,46,0,2,98,0,100,0,12,134,0,146,12,0,12,158
04/15/2004,HEF,VA,AEA,EN,Towers with Display (VFR),0,8,59,0,67,0,2,180,0,182,0,10,239,0,249,48,0,48,297
04/16/2004,HEF,VA,AEA,EN,Towers with Display (VFR),0,8,55,0,63,0,12,491,0,503,0,20,546,0,566,154,0,154,720
04/17/2004,HEF,VA,AEA,EN,Towers with Display (VFR),0,8,61,0,69,0,5,340,5,350,0,13,401,5,419,223,2,225,644
04/18/2004,HEF,VA,AEA,EN,Towers with Display (VFR),0,5,62,0,67,0,6,286,0,292,0,11,348,0,359,123,0,123,482
04/19/2004,HEF,VA,AEA,EN,Towers with Display (VFR),0,15,38,0,53,0,22,303,0,325,0,37,341,0,378,128,0,128,506
04/20/2004,HEF,VA,AEA,EN,Towers with Display (VFR),0,16,48,0,64,0,14,432,0,446,0,30,480,0,510,186,0,186,696
04/21/2004,HEF,VA,AEA,EN,Towers with Display (VFR),0,17,71,0,88,0,22,366,2,390,0,39,437,2,478,52,6,58,536
04/22/2004,HEF,VA,AEA,EN,Towers with Display (VFR),0,16,71,0,87,0,16,411,0,427,0,32,482,0,514,108,0,108,622
04/23/2004,HEF,VA,AEA,EN,Towers with Display (VFR),0,11,65,0,76,0,18,275,0,293,0,29,340,0,369,92,0,92,461
04/24/2004,HEF,VA,AEA,EN,Towers with Display (VFR),0,11,43,0,54,0,14,317,0,331,0,25,360,0,385,166,0,166,551
04/25/2004,HEF,VA,AEA,EN,Towers with Display (VFR),0,14,72,0,86,0,5,304,0,309,0,19,376,0,395,118,0,118,513
04/26/2004,HEF,VA,AEA,EN,Towers with Display (VFR),0,7,39,0,46,0,3,47,0,50,0,10,86,0,96,6,0,6,102
04/27/2004,HEF,VA,AEA,EN,Towers with Display (VFR),0,23,73,0,96,0,2,205,2,209,0,25,278,2,305,42,2,44,349
04/28/2004,HEF,VA,AEA,EN,Towers with Display (VFR),0,8,58,0,66,0,0,283,4,287,0,8,341,4,353,145,2,147,500
04/29/2004,HEF,VA,AEA,EN,Towers with Display (VFR),0,11,62,0,73,0,5,388,2,395,0,16,450,2,468,95,4,99,567
04/30/2004,HEF,VA,AEA,EN,Towers with Display (VFR),0,13,76,0,89,0,18,329,1,348,0,31,405,1,437,64,0,64,501
05/01/2004,HEF,VA,AEA,EN,Towers with Display (VFR),0,3,27,0,30,0,9,287,0,296,0,12,314,0,326,138,0,138,464
05/02/2004,HEF,VA,AEA,EN,Towers with Display (VFR),0,11,46,0,57,0,3,30,0,33,0,14,76,0,90,34,0,34,124
05/03/2004,HEF,VA,AEA,EN,Towers with Display (VFR),0,9,49,0,58,0,2,165,0,167,0,11,214,0,225,75,4,79,304
05/04/2004,HEF,VA,AEA,EN,Towers with Display (VFR),0,15,56,0,71,0,6,231,1,238,0,21,287,1,309,262,0,262,571
05/05/2004,HEF,VA,AEA,EN,Towers with Display (VFR),0,23,59,2,84,0,1,334,1,336,0,24,393,3,420,0,2,2,422
05/06/2004,HEF,VA,AEA,EN,Towers with Display (VFR),0,21,100,0,121,0,21,345,0,366,0,42,445,0,487,149,0,149,636
05/07/2004,HEF,VA,AEA,EN,Towers with Display (VFR),0,8,61,0,69,0,7,218,0,225,0,15,279,0,294,32,0,32,326
05/08/2004,HEF,VA,AEA,EN,Towers with Display (VFR),0,16,47,0,63,0,9,363,0,372,0,25,410,0,435,238,0,238,673
05/09/2004,HEF,VA,AEA,EN,Towers with Display (VFR),0,7,39,0,46,0,3,270,0,273,0,10,309,0,319,139,0,139,458
05/10/2004,HEF,VA,AEA,EN,Towers with Display (VFR),0,12,67,0,79,0,0,372,0,372,0,12,439,0,451,96,0,96,547
05/11/2004,HEF,VA,AEA,EN,Towers with Display (VFR),0,12,59,0,71,0,4,370,0,374,0,16,429,0,445,85,0,85,530
05/12/2004,HEF,VA,AEA,EN,Towers with Display (VFR),0,12,83,0,95,0,5,342,1,348,0,17,425,1,443,114,0,114,557
05/13/2004,HEF,VA,AEA,EN,Towers with Display (VFR),0,16,90,0,106,0,17,237,0,254,0,33,327,0,360,100,0,100,460
05/14/2004,HEF,VA,AEA,EN,Towers with Display (VFR),0,8,53,0,61,0,9,164,1,174,0,17,217,1,235,51,4,55,290
05/15/2004,HEF,VA,AEA,EN,Towers with Display (VFR),0,15,50,0,65,0,13,303,0,316,0,28,353,0,381,120,0,120,501
05/16/2004,HEF,VA,AEA,EN,Towers with Display (VFR),0,9,54,0,63,0,6,293,2,301,0,15,347,2,364,248,0,248,612
05/17/2004,HEF,VA,AEA,EN,Towers with Display (VFR),0,12,39,0,51,0,3,204,3,210,0,15,243,3,261,102,0,102,363
05/18/2004,HEF,VA,AEA,EN,Towers with Display (VFR),0,13,48,0,61,0,1,210,4,215,0,14,258,4,276,132,0,132,408
05/19/2004,HEF,VA,AEA,EN,Towers with Display (VFR),0,11,47,0,58,0,5,134,1,140,0,16,181,1,198,166,0,166,364
05/20/2004,HEF,VA,AEA,EN,Towers with Display (VFR),0,11,73,0,84,0,0,143,0,143,0,11,216,0,227,112,0,112,339
05/21/2004,HEF,VA,AEA,EN,Towers with Display (VFR),0,14,63,0,77,0,5,183,0,188,0,19,246,0,265,188,0,188,453
05/22/2004,HEF,VA,AEA,EN,Towers with Display (VFR),0,7,50,0,57,0,10,371,3,384,0,17,421,3,441,208,0,208,649
05/23/2004,HEF,VA,AEA,EN,Towers with Display (VFR),0,4,49,0,53,0,0,340,0,340,0,4,389,0,393,78,0,78,471
05/24/2004,HEF,VA,AEA,EN,Towers with Display (VFR),0,3,43,0,46,0,6,227,0,233,0,9,270,0,279,54,0,54,333
05/25/2004,HEF,VA,AEA,EN,Towers with Display (VFR),0,16,57,0,73,0,8,260,1,269,0,24,317,1,342,36,0,36,378
05/26/2004,HEF,VA,AEA,EN,Towers with Display (VFR),0,15,43,3,61,0,19,218,5,242,0,34,261,8,303,16,0,16,319
05/27/2004,HEF,VA,AEA,EN,Towers with Display (VFR),0,21,56,3,80,0,15,279,0,294,0,36,335,3,374,130,0,130,504
05/28/2004,HEF,VA,AEA,EN,Towers with Display (VFR),0,15,77,0,92,0,20,209,1,230,0,35,286,1,322,160,0,160,482
05/29/2004,HEF,VA,AEA,EN,Towers with Display (VFR),0,8,53,2,63,0,13,279,0,292,0,21,332,2,355,178,0,178,533
05/30/2004,HEF,VA,AEA,EN,Towers with Display (VFR),0,10,60,0,70,0,4,332,0,336,0,14,392,0,406,176,0,176,582
05/31/2004,HEF,VA,AEA,EN,Towers with Display (VFR),0,9,50,0,59,0,6,44,0,50,0,15,94,0,109,56,0,56,165
06/01/2004,HEF,VA,AEA,EN,Towers with Display (VFR),0,7,69,0,76,0,5,150,2,157,0,12,219,2,233,0,0,0,233
06/02/2004,HEF,VA,AEA,EN,Towers with Display (VFR),0,9,39,0,48,0,0,202,0,202,0,9,241,0,250,96,0,96,346
06/03/2004,HEF,VA,AEA,EN,Towers with Display (VFR),0,18,66,0,84,0,10,232,0,242,0,28,298,0,326,148,0,148,474
06/04/2004,HEF,VA,AEA,EN,Towers with Display (VFR),0,13,58,0,71,0,5,187,2,194,0,18,245,2,265,115,0,115,380
06/05/2004,HEF,VA,AEA,EN,Towers with Display (VFR),0,14,48,0,62,0,0,0,0,0,0,14,48,0,62,0,0,0,62
06/06/2004,HEF,VA,AEA,EN,Towers with Display (VFR),0,12,68,0,80,0,15,354,3,372,0,27,422,3,452,114,4,118,570
06/07/2004,HEF,VA,AEA,EN,Towers with Display (VFR),0,12,60,1,73,0,9,197,0,206,0,21,257,1,279,108,0,108,387
06/08/2004,HEF,VA,AEA,EN,Towers with Display (VFR),0,16,82,0,98,0,9,135,4,148,0,25,217,4,246,94,0,94,340
06/09/2004,HEF,VA,AEA,EN,Towers with Display (VFR),0,11,78,0,89,0,2,141,0,143,0,13,219,0,232,185,0,185,417
06/10/2004,HEF,VA,AEA,EN,Towers with Display (VFR),0,14,65,0,79,0,24,189,0,213,0,38,254,0,292,174,0,174,466
06/11/2004,HEF,VA,AEA,EN,Towers with Display (VFR),0,21,73,0,94,0,0,53,0,53,0,21,126,0,147,44,0,44,191
06/12/2004,HEF,VA,AEA,EN,Towers with Display (VFR),0,8,67,0,75,0,2,410,32,444,0,10,477,32,519,114,0,114,633
06/13/2004,HEF,VA,AEA,EN,Towers with Display (VFR),0,4,62,0,66,0,4,211,0,215,0,8,273,0,281,139,0,139,420
06/14/2004,HEF,VA,AEA,EN,Towers with Display (VFR),0,7,57,0,64,0,4,186,0,190,0,11,243,0,254,64,0,64,318
06/15/2004,HEF,VA,AEA,EN,Towers with Display (VFR),0,18,66,0,84,0,7,121,0,128,0,25,187,0,212,100,0,100,312
06/16/2004,HEF,VA,AEA,EN,Towers with Display (VFR),0,12,86,0,98,0,0,138,0,138,0,12,224,0,236,162,0,162,398
06/17/2004,HEF,VA,AEA,EN,Towers with Display (VFR),0,7,69,0,76,0,2,148,0,150,0,9,217,0,226,110,0,110,336
06/18/2004,HEF,VA,AEA,EN,Towers with Display (VFR),0,7,58,0,65,0,3,156,0,159,0,10,214,0,224,124,0,124,348
06/19/2004,HEF,VA,AEA,EN,Towers with Display (VFR),0,13,66,0,79,0,11,245,0,256,0,24,311,0,335,240,0,240,575
06/20/2004,HEF,VA,AEA,EN,Towers with Display (VFR),0,13,73,0,86,0,6,361,0,367,0,19,434,0,453,140,0,140,593
06/21/2004,HEF,VA,AEA,EN,Towers with Display (VFR),0,8,43,0,51,0,7,299,0,306,0,15,342,0,357,106,0,106,463
06/22/2004,HEF,VA,AEA,EN,Towers with Display (VFR),0,15,52,0,67,0,0,177,2,179,0,15,229,2,246,52,0,52,298
06/23/2004,HEF,VA,AEA,EN,Towers with Display (VFR),0,12,88,0,100,0,5,153,0,158,0,17,241,0,258,145,0,145,403
06/24/2004,HEF,VA,AEA,EN,Towers with Display (VFR),0,18,63,0,81,0,2,178,2,182,0,20,241,2,263,284,0,284,547
06/25/2004,HEF,VA,AEA,EN,Towers with Display (VFR),0,13,54,0,67,0,0,43,0,43,0,13,97,0,110,329,0,329,439
06/26/2004,HEF,VA,AEA,EN,Towers with Display (VFR),0,11,62,0,73,0,9,208,0,217,0,20,270,0,290,261,0,261,551
06/27/2004,HEF,VA,AEA,EN,Towers with Display (VFR),0,6,74,0,80,0,3,306,0,309,0,9,380,0,389,132,0,132,521
06/28/2004,HEF,VA,AEA,EN,Towers with Display (VFR),0,11,47,0,58,0,3,249,2,254,0,14,296,2,312,132,0,132,444
06/29/2004,HEF,VA,AEA,EN,Towers with Display (VFR),0,12,52,0,64,0,12,243,2,257,0,24,295,2,321,198,0,198,519
06/30/2004,HEF,VA,AEA,EN,Towers with Display (VFR),0,17,58,0,75,0,5,315,0,320,0,22,373,0,395,124,4,128,523
07/01/2004,HEF,VA,AEA,EN,Towers with Display (VFR),0,10,59,0,69,0,5,122,1,128,0,15,181,1,197,96,0,96,293
07/02/2004,HEF,VA,AEA,EN,Towers with Display (VFR),0,9,72,0,81,0,3,323,0,326,0,12,395,0,407,194,0,194,601
07/03/2004,HEF,VA,AEA,EN,Towers with Display (VFR),0,13,57,0,70,0,0,152,0,152,0,13,209,0,222,130,0,130,352
07/04/2004,HEF,VA,AEA,EN,Towers with Display (VFR),0,10,18,0,28,0,8,1,0,9,0,18,19,0,37,8,4,12,49
07/05/2004,HEF,VA,AEA,EN,Towers with Display (VFR),0,6,58,0,64,0,1,204,0,205,0,7,262,0,269,0,0,0,269
07/06/2004,HEF,VA,AEA,EN,Towers with Display (VFR),0,10,55,0,65,0,4,220,0,224,0,14,275,0,289,128,2,130,419
07/07/2004,HEF,VA,AEA,EN,Towers with Display (VFR),0,14,50,2,66,0,2,101,0,103,0,16,151,2,169,54,0,54,223
07/08/2004,HEF,VA,AEA,EN,Towers with Display (VFR),0,11,64,0,75,0,16,259,0,275,0,27,323,0,350,60,2,62,412
07/09/2004,HEF,VA,AEA,EN,Towers with Display (VFR),0,9,65,0,74,0,2,186,2,190,0,11,251,2,264,151,0,151,415
07/10/2004,HEF,VA,AEA,EN,Towers with Display (VFR),0,8,65,4,77,0,0,245,0,245,0,8,310,4,322,216,0,216,538
07/11/2004,HEF,VA,AEA,EN,Towers with Display (VFR),0,6,78,0,84,0,0,301,0,301,0,6,379,0,385,70,0,70,455
07/12/2004,HEF,VA,AEA,EN,Towers with Display (VFR),0,8,30,0,38,0,4,41,0,45,0,12,71,0,83,52,4,56,139
07/13/2004,HEF,VA,AEA,EN,Towers with Display (VFR),0,8,54,0,62,0,13,185,4,202,0,21,239,4,264,108,0,108,372
07/14/2004,HEF,VA,AEA,EN,Towers with Display (VFR),0,8,59,0,67,0,8,101,0,109,0,16,160,0,176,56,0,56,232
07/15/2004,HEF,VA,AEA,EN,Towers with Display (VFR),0,12,64,0,76,0,4,244,1,249,0,16,308,1,325,159,0,159,484
07/16/2004,HEF,VA,AEA,EN,Towers with Display (VFR),0,12,83,0,95,0,3,274,3,280,0,15,357,3,375,108,0,108,483
07/17/2004,HEF,VA,AEA,EN,Towers with Display (VFR),0,10,46,0,56,0,3,300,0,303,0,13,346,0,359,212,0,212,571
07/18/2004,HEF,VA,AEA,EN,Towers with Display (VFR),0,3,50,0,53,0,4,222,0,226,0,7,272,0,279,68,0,68,347
07/19/2004,HEF,VA,AEA,EN,Towers with Display (VFR),0,12,54,0,66,0,8,328,0,336,0,20,382,0,402,168,2,170,572
07/20/2004,HEF,VA,AEA,EN,Towers with Display (VFR),0,15,47,0,62,0,17,317,3,337,0,32,364,3,399,74,0,74,473
07/21/2004,HEF,VA,AEA,EN,Towers with Display (VFR),0,12,98,0,110,0,4,275,2,281,0,16,373,2,391,62,0,62,453
07/22/2004,HEF,VA,AEA,EN,Towers with Display (VFR),0,18,68,4,90,0,15,243,0,258,0,33,311,4,348,140,0,140,488
07/23/2004,HEF,VA,AEA,EN,Towers with Display (VFR),0,12,57,0,69,0,0,77,0,77,0,12,134,0,146,236,0,236,382
07/24/2004,HEF,VA,AEA,EN,Towers with Display (VFR),0,13,57,0,70,0,4,260,0,264,0,17,317,0,334,178,0,178,512
07/25/2004,HEF,VA,AEA,EN,Towers with Display (VFR),0,9,57,0,66,0,0,11,0,11,0,9,68,0,77,10,0,10,87
07/26/2004,HEF,VA,AEA,EN,Towers with Display (VFR),0,12,48,0,60,0,6,84,2,92,0,18,132,2,152,176,0,176,328
07/27/2004,HEF,VA,AEA,EN,Towers with Display (VFR),0,24,58,0,82,0,11,272,0,283,0,35,330,0,365,68,0,68,433
07/28/2004,HEF,VA,AEA,EN,Towers with Display (VFR),0,20,54,0,74,0,24,275,4,303,0,44,329,4,377,188,0,188,565
07/29/2004,HEF,VA,AEA,EN,Towers with Display (VFR),0,13,66,0,79,0,15,403,0,418,0,28,469,0,497,122,0,122,619
07/30/2004,HEF,VA,AEA,EN,Towers with Display (VFR),0,10,56,0,66,0,10,136,4,150,0,20,192,4,216,70,0,70,286
07/31/2004,HEF,VA,AEA,EN,Towers with Display (VFR),0,6,65,0,71,0,0,272,0,272,0,6,337,0,343,234,0,234,577
08/01/2004,HEF,VA,AEA,EN,Towers with Display (VFR),0,9,46,0,55,0,2,131,0,133,0,11,177,0,188,92,0,92,280
08/02/2004,HEF,VA,AEA,EN,Towers with Display (VFR),0,10,50,0,60,0,1,126,0,127,0,11,176,0,187,26,0,26,213
08/03/2004,HEF,VA,AEA,EN,Towers with Display (VFR),0,14,76,0,90,0,16,346,1,363,0,30,422,1,453,62,16,78,531
08/04/2004,HEF,VA,AEA,EN,Towers with Display (VFR),0,14,68,0,82,0,11,265,2,278,0,25,333,2,360,72,0,72,432
08/05/2004,HEF,VA,AEA,EN,Towers with Display (VFR),0,10,63,0,73,0,7,198,0,205,0,17,261,0,278,0,0,0,278
08/06/2004,HEF,VA,AEA,EN,Towers with Display (VFR),0,10,88,0,98,0,13,185,0,198,0,23,273,0,296,107,0,107,403
08/07/2004,HEF,VA,AEA,EN,Towers with Display (VFR),0,8,58,3,69,0,2,331,1,334,0,10,389,4,403,142,0,142,545
08/08/2004,HEF,VA,AEA,EN,Towers with Display (VFR),0,10,73,0,83,0,3,262,0,265,0,13,335,0,348,127,0,127,475
08/09/2004,HEF,VA,AEA,EN,Towers with Display (VFR),0,2,52,0,54,0,0,393,0,393,0,2,445,0,447,48,0,48,495
08/10/2004,HEF,VA,AEA,EN,Towers with Display (VFR),0,14,50,0,64,0,2,260,0,262,0,16,310,0,326,92,4,96,422
08/11/2004,HEF,VA,AEA,EN,Towers with Display (VFR),0,19,59,0,78,0,12,252,0,264,0,31,311,0,342,36,4,40,382
08/12/2004,HEF,VA,AEA,EN,Towers with Display (VFR),0,16,16,4,36,0,17,174,2,193,0,33,190,6,229,70,0,70,299
08/13/2004,HEF,VA,AEA,EN,Towers with Display (VFR),0,8,53,0,61,0,0,241,7,248,0,8,294,7,309,116,2,118,427
08/14/2004,HEF,VA,AEA,EN,Towers with Display (VFR),0,6,17,0,23,0,3,128,0,131,0,9,145,0,154,142,0,142,296
08/15/2004,HEF,VA,AEA,EN,Towers with Display (VFR),0,8,50,0,58,0,1,212,0,213,0,9,262,0,271,178,0,178,449
08/16/2004,HEF,VA,AEA,EN,Towers with Display (VFR),0,12,52,0,64,0,0,268,0,268,0,12,320,0,332,186,0,186,518
08/17/2004,HEF,VA,AEA,EN,Towers with Display (VFR),0,12,63,0,75,0,12,303,2,317,0,24,366,2,392,64,0,64,456
08/18/2004,HEF,VA,AEA,EN,Towers with Display (VFR),0,16,54,0,70,0,4,254,0,258,0,20,308,0,328,82,0,82,410
08/19/2004,HEF,VA,AEA,EN,Towers with Display (VFR),0,14,53,0,67,0,3,171,0,174,0,17,224,0,241,124,4,128,369
08/20/2004,HEF,VA,AEA,EN,Towers with Display (VFR),0,10,44,0,54,0,6,250,0,256,0,16,294,0,310,72,0,72,382
08/21/2004,HEF,VA,AEA,EN,Towers with Display (VFR),0,13,39,0,52,0,12,60,0,72,0,25,99,0,124,124,0,124,248
08/22/2004,HEF,VA,AEA,EN,Towers with Display (VFR),0,14,62,0,76,0,0,354,0,354,0,14,416,0,430,124,0,124,554
08/23/2004,HEF,VA,AEA,EN,Towers with Display (VFR),0,19,49,0,68,0,1,256,0,257,0,20,305,0,325,110,0,110,435
08/24/2004,HEF,VA,AEA,EN,Towers with Display (VFR),0,15,32,0,47,0,8,334,0,342,0,23,366,0,389,52,0,52,441
08/25/2004,HEF,VA,AEA,EN,Towers with Display (VFR),0,16,68,0,84,0,3,358,4,365,0,19,426,4,449,40,2,42,491
08/26/2004,HEF,VA,AEA,EN,Towers with Display (VFR),0,13,50,0,63,0,13,274,0,287,0,26,324,0,350,100,0,100,450
08/27/2004,HEF,VA,AEA,EN,Towers with Display (VFR),0,9,70,0,79,0,4,263,0,267,0,13,333,0,346,78,4,82,428
08/28/2004,HEF,VA,AEA,EN,Towers with Display (VFR),0,11,56,0,67,0,18,299,0,317,0,29,355,0,384,154,0,154,538
08/29/2004,HEF,VA,AEA,EN,Towers with Display (VFR),0,16,53,0,69,0,4,277,0,281,0,20,330,0,350,130,2,132,482
08/30/2004,HEF,VA,AEA,EN,Towers with Display (VFR),0,18,23,1,42,0,6,181,0,187,0,24,204,1,229,126,0,126,355
08/31/2004,HEF,VA,AEA,EN,Towers with Display (VFR),0,14,27,0,41,0,13,270,0,283,0,27,297,0,324,160,0,160,484
09/01/2004,HEF,VA,AEA,EN,Towers with Display (VFR),0,16,52,0,68,0,13,334,0,347,0,29,386,0,415,16,0,16,431
09/02/2004,HEF,VA,AEA,EN,Towers with Display (VFR),0,19,57,0,76,0,25,355,0,380,0,44,412,0,456,20,0,20,476
09/03/2004,HEF,VA,AEA,EN,Towers with Display (VFR),0,12,59,0,71,0,5,287,0,292,0,17,346,0,363,100,0,100,463
09/04/2004,HEF,VA,AEA,EN,Towers with Display (VFR),0,13,38,0,51,0,4,212,0,216,0,17,250,0,267,274,0,274,541
09/05/2004,HEF,VA,AEA,EN,Towers with Display (VFR),0,9,39,0,48,0,8,153,0,161,0,17,192,0,209,0,0,0,209
09/06/2004,HEF,VA,AEA,EN,Towers with Display (VFR),0,3,67,0,70,0,3,12,0,15,0,6,79,0,85,8,0,8,93
09/07/2004,HEF,VA,AEA,EN,Towers with Display (VFR),0,11,49,0,60,0,4,25,0,29,0,15,74,0,89,26,0,26,115
09/08/2004,HEF,VA,AEA,EN,Towers with Display (VFR),0,15,19,0,34,0,0,0,0,0,0,15,19,0,34,0,0,0,34
09/09/2004,HEF,VA,AEA,EN,Towers with Display (VFR),0,11,28,0,39,0,18,154,0,172,0,29,182,0,211,38,2,40,251
09/10/2004,HEF,VA,AEA,EN,Towers with Display (VFR),0,12,76,0,88,0,5,258,2,265,0,17,334,2,353,86,0,86,439
09/11/2004,HEF,VA,AEA,EN,Towers with Display (VFR),0,15,54,0,69,0,14,318,0,332,0,29,372,0,401,188,0,188,589
09/12/2004,HEF,VA,AEA,EN,Towers with Display (VFR),0,12,72,0,84,0,4,173,0,177,0,16,245,0,261,199,0,199,460
09/13/2004,HEF,VA,AEA,EN,Towers with Display (VFR),0,14,56,0,70,0,1,187,5,193,0,15,243,5,263,24,0,24,287
09/14/2004,HEF,VA,AEA,EN,Towers with Display (VFR),0,18,74,0,92,0,1,29,0,30,0,19,103,0,122,0,0,0,122
09/15/2004,HEF,VA,AEA,EN,Towers with Display (VFR),0,18,54,0,72,0,0,6,0,6,0,18,60,0,78,12,0,12,90
09/16/2004,HEF,VA,AEA,EN,Towers with Display (VFR),0,18,62,0,80,0,17,163,0,180,0,35,225,0,260,172,2,174,434
09/17/2004,HEF,VA,AEA,EN,Towers with Display (VFR),0,28,32,0,60,0,7,13,0,20,0,35,45,0,80,6,0,6,86
09/18/2004,HEF,VA,AEA,EN,Towers with Display (VFR),0,6,18,0,24,0,3,18,0,21,0,9,36,0,45,0,0,0,45
09/19/2004,HEF,VA,AEA,EN,Towers with Display (VFR),0,10,44,0,54,0,8,198,1,207,0,18,242,1,261,68,0,68,329
09/20/2004,HEF,VA,AEA,EN,Towers with Display (VFR),0,13,55,0,68,0,8,294,0,302,0,21,349,0,370,150,0,150,520
09/21/2004,HEF,VA,AEA,EN,Towers with Display (VFR),0,17,65,2,84,0,9,349,0,358,0,26,414,2,442,194,2,196,638
09/22/2004,HEF,VA,AEA,EN,Towers with Display (VFR),0,12,72,0,84,0,25,318,0,343,0,37,390,0,427,162,0,162,589
09/23/2004,HEF,VA,AEA,EN,Towers with Display (VFR),0,11,64,0,75,0,18,270,1,289,0,29,334,1,364,118,0,118,482
09/24/2004,HEF,VA,AEA,EN,Towers with Display (VFR),0,9,57,0,66,0,21,283,0,304,0,30,340,0,370,200,0,200,570
09/25/2004,HEF,VA,AEA,EN,Towers with Display (VFR),0,9,42,0,51,0,11,326,0,337,0,20,368,0,388,148,0,148,536
09/26/2004,HEF,VA,AEA,EN,Towers with Display (VFR),0,10,76,0,86,0,3,305,0,308,0,13,381,0,394,184,0,184,578
09/27/2004,HEF,VA,AEA,EN,Towers with Display (VFR),0,5,55,0,60,0,3,78,2,83,0,8,133,2,143,210,0,210,353
09/28/2004,HEF,VA,AEA,EN,Towers with Display (VFR),0,10,28,0,38,0,0,1,0,1,0,10,29,0,39,0,0,0,39
09/29/2004,HEF,VA,AEA,EN,Towers with Display (VFR),0,11,86,0,97,0,15,351,0,366,0,26,437,0,463,87,0,87,550
09/30/2004,HEF,VA,AEA,EN,Towers with Display (VFR),0,14,69,0,83,0,25,302,1,328,0,39,371,1,411,80,6,86,497
10/01/2004,HEF,VA,AEA,EN,Towers with Display (VFR),0,10,87,0,97,0,9,342,0,351,0,19,429,0,448,94,0,94,542
10/02/2004,HEF,VA,AEA,EN,Towers with Display (VFR),0,13,50,0,63,0,2,62,4,68,0,15,112,4,131,42,0,42,173
10/03/2004,HEF,VA,AEA,EN,Towers with Display (VFR),0,12,70,0,82,0,5,389,0,394,0,17,459,0,476,126,0,126,602
10/04/2004,HEF,VA,AEA,EN,Towers with Display (VFR),0,10,50,0,60,0,9,266,0,275,0,19,316,0,335,114,2,116,451
10/05/2004,HEF,VA,AEA,EN,Towers with Display (VFR),0,12,67,0,79,0,10,196,0,206,0,22,263,0,285,40,0,40,325
10/06/2004,HEF,VA,AEA,EN,Towers with Display (VFR),0,17,49,0,66,0,6,288,2,296,0,23,337,2,362,124,0,124,486
10/07/2004,HEF,VA,AEA,EN,Towers with Display (VFR),0,15,64,0,79,0,9,210,4,223,0,24,274,4,302,157,0,157,459
10/08/2004,HEF,VA,AEA,EN,Towers with Display (VFR),0,16,67,0,83,0,4,216,0,220,0,20,283,0,303,94,0,94,397
10/09/2004,HEF,VA,AEA,EN,Towers with Display (VFR),0,15,45,1,61,0,0,219,1,220,0,15,264,2,281,246,2,248,529
10/10/2004,HEF,VA,AEA,EN,Towers with Display (VFR),0,14,59,0,73,0,2,230,0,232,0,16,289,0,305,108,0,108,413
10/11/2004,HEF,VA,AEA,EN,Towers with Display (VFR),0,7,60,0,67,0,4,312,0,316,0,11,372,0,383,114,0,114,497
10/12/2004,HEF,VA,AEA,EN,Towers with Display (VFR),0,9,60,0,69,0,9,233,0,242,0,18,293,0,311,72,0,72,383
10/13/2004,HEF,VA,AEA,EN,Towers with Display (VFR),0,14,29,0,43,0,14,151,3,168,0,28,180,3,211,144,0,144,355
10/14/2004,HEF,VA,AEA,EN,Towers with Display (VFR),0,12,54,0,66,0,10,203,6,219,0,22,257,6,285,183,0,183,468
10/15/2004,HEF,VA,AEA,EN,Towers with Display (VFR),0,14,62,1,77,0,6,131,0,137,0,20,193,1,214,106,0,106,320
10/16/2004,HEF,VA,AEA,EN,Towers with Display (VFR),0,13,42,0,55,0,6,148,0,154,0,19,190,0,209,108,0,108,317
10/17/2004,HEF,VA,AEA,EN,Towers with Display (VFR),0,14,63,0,77,0,0,345,0,345,0,14,408,0,422,164,0,164,586
10/18/2004,HEF,VA,AEA,EN,Towers with Display (VFR),0,9,44,0,53,0,4,308,2,314,0,13,352,2,367,166,2,168,535
10/19/2004,HEF,VA,AEA,EN,Towers with Display (VFR),0,15,37,3,55,0,1,13,0,14,0,16,50,3,69,6,0,6,75
10/20/2004,HEF,VA,AEA,EN,Towers with Display (VFR),0,10,43,0,53,0,0,0,0,0,0,10,43,0,53,0,0,0,53
10/21/2004,HEF,VA,AEA,EN,Towers with Display (VFR),0,10,68,0,78,0,0,0,0,0,0,10,68,0,78,0,0,0,78
10/22/2004,HEF,VA,AEA,EN,Towers with Display (VFR),0,16,80,0,96,0,2,120,0,122,0,18,200,0,218,108,0,108,326
10/23/2004,HEF,VA,AEA,EN,Towers with Display (VFR),0,18,64,0,82,0,5,332,2,339,0,23,396,2,421,178,0,178,599
10/24/2004,HEF,VA,AEA,EN,Towers with Display (VFR),0,15,52,1,68,0,3,30,0,33,0,18,82,1,101,110,0,110,211
10/25/2004,HEF,VA,AEA,EN,Towers with Display (VFR),0,9,79,0,88,0,4,128,0,132,0,13,207,0,220,22,2,24,244
10/26/2004,HEF,VA,AEA,EN,Towers with Display (VFR),0,13,71,0,84,0,15,303,4,322,0,28,374,4,406,106,0,106,512
10/27/2004,HEF,VA,AEA,EN,Towers with Display (VFR),0,18,57,0,75,0,6,299,0,305,0,24,356,0,380,78,0,78,458
10/28/2004,HEF,VA,AEA,EN,Towers with Display (VFR),0,14,56,0,70,0,8,295,0,303,0,22,351,0,373,156,0,156,529
10/29/2004,HEF,VA,AEA,EN,Towers with Display (VFR),0,9,71,0,80,0,4,83,0,87,0,13,154,0,167,58,0,58,225
10/30/2004,HEF,VA,AEA,EN,Towers with Display (VFR),0,11,50,0,61,0,5,83,0,88,0,16,133,0,149,98,0,98,247
10/31/2004,HEF,VA,AEA,EN,Towers with Display (VFR),0,18,47,0,65,0,2,251,1,254,0,20,298,1,319,148,0,148,467
11/01/2004,HEF,VA,AEA,EN,Towers with Radar,0,8,42,0,50,0,13,284,0,297,0,21,326,0,347,108,2,110,457
11/02/2004,HEF,VA,AEA,EN,Towers with Radar,0,8,34,0,42,0,3,304,2,309,0,11,338,2,351,98,2,100,451
11/03/2004,HEF,VA,AEA,EN,Towers with Radar,0,10,33,0,43,0,6,265,2,273,0,16,298,2,316,68,0,68,384
11/04/2004,HEF,VA,AEA,EN,Towers with Radar,0,16,38,0,54,0,1,6,0,7,0,17,44,0,61,0,0,0,61
11/05/2004,HEF,VA,AEA,EN,Towers with Radar,0,13,37,0,50,0,1,55,0,56,0,14,92,0,106,32,0,32,138
11/06/2004,HEF,VA,AEA,EN,Towers with Radar,0,8,42,0,50,0,4,299,0,303,0,12,341,0,353,169,0,169,522
11/07/2004,HEF,VA,AEA,EN,Towers with Radar,0,17,58,0,75,0,2,339,0,341,0,19,397,0,416,130,0,130,546
11/08/2004,HEF,VA,AEA,EN,Towers with Radar,0,13,36,0,49,0,0,168,0,168,0,13,204,0,217,146,0,146,363
11/09/2004,HEF,VA,AEA,EN,Towers with Radar,0,6,63,0,69,0,1,167,0,168,0,7,230,0,237,46,0,46,283
11/10/2004,HEF,VA,AEA,EN,Towers with Radar,0,8,54,0,62,0,11,311,0,322,0,19,365,0,384,76,4,80,464
11/11/2004,HEF,VA,AEA,EN,Towers with Radar,0,15,47,0,62,0,0,410,0,410,0,15,457,0,472,104,0,104,576
11/12/2004,HEF,VA,AEA,EN,Towers with Radar,0,11,30,0,41,0,0,0,0,0,0,11,30,0,41,0,0,0,41
11/13/2004,HEF,VA,AEA,EN,Towers with Radar,0,7,36,0,43,0,8,111,0,119,0,15,147,0,162,68,0,68,230
11/14/2004,HEF,VA,AEA,EN,Towers with Radar,0,8,70,0,78,0,3,348,0,351,0,11,418,0,429,124,0,124,553
11/15/2004,HEF,VA,AEA,EN,Towers with Radar,0,5,55,0,60,0,7,319,0,326,0,12,374,0,386,130,0,130,516
11/16/2004,HEF,VA,AEA,EN,Towers with Radar,0,7,57,0,64,0,3,380,0,383,0,10,437,0,447,144,0,144,591
11/17/2004,HEF,VA,AEA,EN,Towers with Radar,0,11,44,0,55,0,6,301,1,308,0,17,345,1,363,128,0,128,491
11/18/2004,HEF,VA,AEA,EN,Towers with Radar,0,10,47,0,57,0,12,298,0,310,0,22,345,0,367,138,0,138,505
11/19/2004,HEF,VA,AEA,EN,Towers with Radar,0,4,88,0,92,0,1,137,0,138,0,5,225,0,230,46,0,46,276
11/20/2004,HEF,VA,AEA,EN,Towers with Radar,0,6,43,4,53,0,1,10,0,11,0,7,53,4,64,30,0,30,94
11/21/2004,HEF,VA,AEA,EN,Towers with Radar,0,9,63,0,72,0,3,161,0,164,0,12,224,0,236,202,0,202,438
11/22/2004,HEF,VA,AEA,EN,Towers with Radar,0,12,46,0,58,0,0,269,0,269,0,12,315,0,327,144,0,144,471
11/23/2004,HEF,VA,AEA,EN,Towers with Radar,0,9,52,0,61,0,0,0,0,0,0,9,52,0,61,0,0,0,61
11/24/2004,HEF,VA,AEA,EN,Towers with Radar,0,14,43,0,57,0,0,0,0,0,0,14,43,0,57,0,0,0,57
11/25/2004,HEF,VA,AEA,EN,Towers with Radar,0,13,24,0,37,0,2,18,0,20,0,15,42,0,57,4,0,4,61
11/26/2004,HEF,VA,AEA,EN,Towers with Radar,0,8,44,0,52,0,4,325,0,329,0,12,369,0,381,146,0,146,527
11/27/2004,HEF,VA,AEA,EN,Towers with Radar,0,8,37,0,45,0,0,258,0,258,0,8,295,0,303,90,0,90,393
11/28/2004,HEF,VA,AEA,EN,Towers with Radar,0,13,87,0,100,0,0,98,0,98,0,13,185,0,198,4,0,4,202
11/29/2004,HEF,VA,AEA,EN,Towers with Radar,0,8,57,0,65,0,1,299,0,300,0,9,356,0,365,82,0,82,447
11/30/2004,HEF,VA,AEA,EN,Towers with Radar,0,7,38,0,45,0,5,292,2,299,0,12,330,2,344,200,2,202,546
12/01/2004,HEF,VA,AEA,EN,Towers with Radar,0,12,62,0,74,0,1,15,0,16,0,13,77,0,90,0,0,0,90
12/02/2004,HEF,VA,AEA,EN,Towers with Radar,0,9,66,4,79,0,17,254,6,277,0,26,320,10,356,38,0,38,394
12/03/2004,HEF,VA,AEA,EN,Towers with Radar,0,15,53,0,68,0,17,170,0,187,0,32,223,0,255,96,0,96,351
12/04/2004,HEF,VA,AEA,EN,Towers with Radar,0,10,37,0,47,0,0,294,0,294,0,10,331,0,341,156,0,156,497
12/05/2004,HEF,VA,AEA,EN,Towers with Radar,0,15,35,0,50,0,4,320,0,324,0,19,355,0,374,134,0,134,508
12/06/2004,HEF,VA,AEA,EN,Towers with Radar,0,5,36,0,41,0,1,106,0,107,0,6,142,0,148,38,0,38,186
12/07/2004,HEF,VA,AEA,EN,Towers with Radar,0,5,47,0,52,0,1,0,0,1,0,6,47,0,53,0,0,0,53
12/08/2004,HEF,VA,AEA,EN,Towers with Radar,0,10,73,0,83,0,3,245,2,250,0,13,318,2,333,54,0,54,387
12/09/2004,HEF,VA,AEA,EN,Towers with Radar,0,3,47,0,50,0,2,99,1,102,0,5,146,1,152,40,0,40,192
12/10/2004,HEF,VA,AEA,EN,Towers with Radar,0,5,12,0,17,0,0,0,0,0,0,5,12,0,17,0,0,0,17
12/11/2004,HEF,VA,AEA,EN,Towers with Radar,0,7,37,0,44,0,0,156,0,156,0,7,193,0,200,114,0,114,314
12/12/2004,HEF,VA,AEA,EN,Towers with Radar,0,10,37,0,47,0,1,308,0,309,0,11,345,0,356,165,0,165,521
12/13/2004,HEF,VA,AEA,EN,Towers with Radar,0,2,37,0,39,0,1,50,6,57,0,3,87,6,96,4,0,4,100
12/14/2004,HEF,VA,AEA,EN,Towers with Radar,0,10,35,0,45,0,13,95,0,108,0,23,130,0,153,56,2,58,211
12/15/2004,HEF,VA,AEA,EN,Towers with Radar,0,9,53,0,62,0,0,198,2,200,0,9,251,2,262,136,2,138,400
12/16/2004,HEF,VA,AEA,EN,Towers with Radar,0,16,40,0,56,0,3,246,0,249,0,19,286,0,305,126,0,126,431
12/17/2004,HEF,VA,AEA,EN,Towers with Radar,0,10,40,1,51,0,6,288,0,294,0,16,328,1,345,88,0,88,433
12/18/2004,HEF,VA,AEA,EN,Towers with Radar,0,8,71,0,79,0,9,325,0,334,0,17,396,0,413,234,0,234,647
12/19/2004,HEF,VA,AEA,EN,Towers with Radar,0,9,22,0,31,0,3,58,0,61,0,12,80,0,92,145,0,145,237
12/20/2004,HEF,VA,AEA,EN,Towers with Radar,0,4,24,0,28,0,1,48,2,51,0,5,72,2,79,2,0,2,81
12/21/2004,HEF,VA,AEA,EN,Towers with Radar,0,14,57,0,71,0,5,189,2,196,0,19,246,2,267,110,2,112,379
12/22/2004,HEF,VA,AEA,EN,Towers with Radar,0,7,50,0,57,0,12,246,1,259,0,19,296,1,316,76,2,78,394
12/23/2004,HEF,VA,AEA,EN,Towers with Radar,0,3,22,0,25,0,2,0,0,2,0,5,22,0,27,0,0,0,27
12/24/2004,HEF,VA,AEA,EN,Towers with Radar,0,8,34,0,42,0,6,57,0,63,0,14,91,0,105,30,0,30,135
12/25/2004,HEF,VA,AEA,EN,Towers with Radar,0,7,9,0,16,0,4,47,0,51,0,11,56,0,67,6,0,6,73
12/26/2004,HEF,VA,AEA,EN,Towers with Radar,0,6,41,0,47,0,3,167,0,170,0,9,208,0,217,136,0,136,353
12/28/2004,HEF,VA,AEA,EN,Towers with Radar,0,10,33,0,43,0,4,140,0,144,0,14,173,0,187,153,0,153,340
12/29/2004,HEF,VA,AEA,EN,Towers with Radar,0,6,59,1,66,0,0,127,0,127,0,6,186,1,193,201,0,201,394
12/30/2004,HEF,VA,AEA,EN,Towers with Radar,0,7,36,0,43,0,1,260,0,261,0,8,296,0,304,130,0,130,434
12/31/2004,HEF,VA,AEA,EN,Towers with Radar,0,10,26,0,36,0,6,146,0,152,0,16,172,0,188,108,0,108,296
01/01/2005,HEF,VA,AEA,EN,Towers with Radar,0,21,24,0,45,0,0,174,0,174,0,21,198,0,219,28,0,28,247
01/02/2005,HEF,VA,AEA,EN,Towers with Radar,0,10,60,0,70,0,0,259,0,259,0,10,319,0,329,166,0,166,495
01/03/2005,HEF,VA,AEA,EN,Towers with Radar,0,6,38,0,44,0,1,234,2,237,0,7,272,2,281,36,14,50,331
01/04/2005,HEF,VA,AEA,EN,Towers with Radar,0,12,43,2,57,0,3,199,2,204,0,15,242,4,261,120,0,120,381
01/05/2005,HEF,VA,AEA,EN,Towers with Radar,0,10,34,0,44,0,0,0,0,0,0,10,34,0,44,0,0,0,44
01/06/2005,HEF,VA,AEA,EN,Towers with Radar,0,5,20,0,25,0,0,0,0,0,0,5,20,0,25,0,0,0,25
01/07/2005,HEF,VA,AEA,EN,Towers with Radar,0,7,47,0,54,0,1,240,0,241,0,8,287,0,295,118,0,118,413
01/08/2005,HEF,VA,AEA,EN,Towers with Radar,0,8,33,0,41,0,0,27,0,27,0,8,60,0,68,22,0,22,90
01/09/2005,HEF,VA,AEA,EN,Towers with Radar,0,12,26,0,38,0,0,391,0,391,0,12,417,0,429,104,0,104,533
01/10/2005,HEF,VA,AEA,EN,Towers with Radar,0,10,33,0,43,0,3,244,4,251,0,13,277,4,294,58,0,58,352
01/11/2005,HEF,VA,AEA,EN,Towers with Radar,0,14,52,0,66,0,1,218,0,219,0,15,270,0,285,264,0,264,549
01/12/2005,HEF,VA,AEA,EN,Towers with Radar,0,9,37,0,46,0,3,12,0,15,0,12,49,0,61,50,0,50,111
01/13/2005,HEF,VA,AEA,EN,Towers with Radar,0,11,46,0,57,0,6,102,2,110,0,17,148,2,167,52,4,56,223
01/14/2005,HEF,VA,AEA,EN,Towers with Radar,0,12,39,0,51,0,0,34,0,34,0,12,73,0,85,0,0,0,85
01/15/2005,HEF,VA,AEA,EN,Towers with Radar,0,11,41,0,52,0,1,283,0,284,0,12,324,0,336,130,0,130,466
01/16/2005,HEF,VA,AEA,EN,Towers with Radar,0,6,28,0,34,0,2,310,0,312,0,8,338,0,346,194,0,194,540
01/17/2005,HEF,VA,AEA,EN,Towers with Radar,0,7,47,0,54,0,0,73,0,73,0,7,120,0,127,16,0,16,143
01/18/2005,HEF,VA,AEA,EN,Towers with Radar,0,16,107,0,123,0,11,99,0,110,0,27,206,0,233,58,0,58,291
01/19/2005,HEF,VA,AEA,EN,Towers with Radar,0,19,72,0,91,0,7,33,0,40,0,26,105,0,131,10,0,10,141
01/20/2005,HEF,VA,AEA,EN,Towers with Radar,0,15,23,0,38,0,1,16,0,17,0,16,39,0,55,0,0,0,55
01/21/2005,HEF,VA,AEA,EN,Towers with Radar,0,19,117,0,136,0,1,144,0,145,0,20,261,0,281,40,0,40,321
01/22/2005,HEF,VA,AEA,EN,Towers with Radar,0,6,7,0,13,0,0,2,0,2,0,6,9,0,15,10,0,10,25
01/23/2005,HEF,VA,AEA,EN,Towers with Radar,0,10,15,0,25,0,0,1,0,1,0,10,16,0,26,0,0,0,26
01/24/2005,HEF,VA,AEA,EN,Towers with Radar,0,11,27,0,38,0,3,161,3,167,0,14,188,3,205,54,0,54,259
01/25/2005,HEF,VA,AEA,EN,Towers with Radar,0,9,32,0,41,0,5,235,3,243,0,14,267,3,284,86,2,88,372
01/26/2005,HEF,VA,AEA,EN,Towers with Radar,0,8,45,0,53,0,2,228,2,232,0,10,273,2,285,156,0,156,441
01/27/2005,HEF,VA,AEA,EN,Towers with Radar,0,9,37,0,46,0,0,187,0,187,0,9,224,0,233,34,0,34,267
01/28/2005,HEF,VA,AEA,EN,Towers with Radar,0,8,35,0,43,0,0,210,0,210,0,8,245,0,253,190,0,190,443
01/29/2005,HEF,VA,AEA,EN,Towers with Radar,0,8,32,0,40,0,5,326,0,331,0,13,358,0,371,148,0,148,519
01/30/2005,HEF,VA,AEA,EN,Towers with Radar,0,9,22,0,31,0,2,2,0,4,0,11,24,0,35,0,0,0,35
01/31/2005,HEF,VA,AEA,EN,Towers with Radar,0,12,43,4,59,0,3,214,1,218,0,15,257,5,277,44,0,44,321
02/01/2005,HEF,VA,AEA,EN,Towers with Radar,0,9,31,0,40,0,5,313,0,318,0,14,344,0,358,62,0,62,420
02/02/2005,HEF,VA,AEA,EN,Towers with Radar,0,16,38,0,54,0,16,314,4,334,0,32,352,4,388,174,4,178,566
02/03/2005,HEF,VA,AEA,EN,Towers with Radar,0,16,32,0,48,0,5,51,0,56,0,21,83,0,104,50,0,50,154
02/04/2005,HEF,VA,AEA,EN,Towers with Radar,0,22,42,1,65,0,0,148,0,148,0,22,190,1,213,162,0,162,375
02/05/2005,HEF,VA,AEA,EN,Towers with Radar,0,12,60,0,72,0,0,324,0,324,0,12,384,0,396,68,0,68,464
02/06/2005,HEF,VA,AEA,EN,Towers with Radar,0,11,49,0,60,0,4,297,0,301,0,15,346,0,361,218,0,218,579
02/07/2005,HEF,VA,AEA,EN,Towers with Radar,0,14,60,0,74,0,15,269,0,284,0,29,329,0,358,90,0,90,448
02/08/2005,HEF,VA,AEA,EN,Towers with Radar,0,47,30,0,77,0,12,268,0,280,0,59,298,0,357,84,0,84,441
02/09/2005,HEF,VA,AEA,EN,Towers with Radar,0,19,36,0,55,0,6,240,0,246,0,25,276,0,301,78,0,78,379
02/10/2005,HEF,VA,AEA,EN,Towers with Radar,0,16,19,0,35,0,0,17,0,17,0,16,36,0,52,30,0,30,82
02/11/2005,HEF,VA,AEA,EN,Towers with Radar,0,16,45,0,61,0,0,70,0,70,0,16,115,0,131,54,0,54,185
02/12/2005,HEF,VA,AEA,EN,Towers with Radar,0,6,27,0,33,0,0,177,0,177,0,6,204,0,210,92,0,92,302
02/13/2005,HEF,VA,AEA,EN,Towers with Radar,0,14,40,0,54,0,0,351,0,351,0,14,391,0,405,170,0,170,575
02/14/2005,HEF,VA,AEA,EN,Towers with Radar,0,5,21,0,26,0,0,1,0,1,0,5,22,0,27,0,0,0,27
02/15/2005,HEF,VA,AEA,EN,Towers with Radar,0,19,52,0,71,0,22,279,0,301,0,41,331,0,372,28,2,30,402
02/16/2005,HEF,VA,AEA,EN,Towers with Radar,0,12,44,2,58,0,0,101,4,105,0,12,145,6,163,41,0,41,204
02/17/2005,HEF,VA,AEA,EN,Towers with Radar,0,12,53,0,65,0,5,111,0,116,0,17,164,0,181,160,0,160,341
02/18/2005,HEF,VA,AEA,EN,Towers with Radar,0,11,51,0,62,0,0,48,4,52,0,11,99,4,114,6,0,6,120
02/19/2005,HEF,VA,AEA,EN,Towers with Radar,0,7,38,0,45,0,0,283,0,283,0,7,321,0,328,204,0,204,532
02/20/2005,HEF,VA,AEA,EN,Towers with Radar,0,11,21,0,32,0,0,175,0,175,0,11,196,0,207,192,0,192,399
02/21/2005,HEF,VA,AEA,EN,Towers with Radar,0,7,38,0,45,0,5,136,0,141,0,12,174,0,186,108,0,108,294
02/22/2005,HEF,VA,AEA,EN,Towers with Radar,0,14,46,0,60,0,21,189,0,210,0,35,235,0,270,102,0,102,372
02/23/2005,HEF,VA,AEA,EN,Towers with Radar,0,14,40,0,54,0,15,211,0,226,0,29,251,0,280,74,0,74,354
02/24/2005,HEF,VA,AEA,EN,Towers with Radar,0,7,13,0,20,0,0,0,0,0,0,7,13,0,20,0,0,0,20
02/25/2005,HEF,VA,AEA,EN,Towers with Radar,0,23,36,2,61,0,1,99,0,100,0,24,135,2,161,96,0,96,257
02/26/2005,HEF,VA,AEA,EN,Towers with Radar,0,12,52,0,64,0,2,195,3,200,0,14,247,3,264,324,0,324,588
02/27/2005,HEF,VA,AEA,EN,Towers with Radar,0,17,67,0,84,0,5,254,0,259,0,22,321,0,343,162,0,162,505
02/28/2005,HEF,VA,AEA,EN,Towers with Radar,0,4,7,0,11,0,0,0,0,0,0,4,7,0,11,0,0,0,11
03/01/2005,HEF,VA,AEA,EN,Towers with Radar,0,17,35,0,52,0,7,35,2,44,0,24,70,2,96,14,0,14,110
03/02/2005,HEF,VA,AEA,EN,Towers with Radar,0,12,43,0,55,0,3,23,2,28,0,15,66,2,83,0,0,0,83
03/03/2005,HEF,VA,AEA,EN,Towers with Radar,0,11,40,0,51,0,7,52,0,59,0,18,92,0,110,52,0,52,162
03/04/2005,HEF,VA,AEA,EN,Towers with Radar,0,14,50,0,64,0,11,256,0,267,0,25,306,0,331,240,0,240,571
03/05/2005,HEF,VA,AEA,EN,Towers with Radar,0,14,30,0,44,0,2,179,1,182,0,16,209,1,226,220,0,220,446
03/06/2005,HEF,VA,AEA,EN,Towers with Radar,0,17,47,1,65,0,1,103,0,104,0,18,150,1,169,52,0,52,221
03/07/2005,HEF,VA,AEA,EN,Towers with Radar,0,12,37,0,49,0,2,131,0,133,0,14,168,0,182,76,0,76,258
03/08/2005,HEF,VA,AEA,EN,Towers with Radar,0,5,20,0,25,0,5,5,0,10,0,10,25,0,35,0,0,0,35
03/09/2005,HEF,VA,AEA,EN,Towers with Radar,0,9,42,0,51,0,18,145,1,164,0,27,187,1,215,44,0,44,259
03/10/2005,HEF,VA,AEA,EN,Towers with Radar,0,14,69,0,83,0,9,240,0,249,0,23,309,0,332,176,0,176,508
03/11/2005,HEF,VA,AEA,EN,Towers with Radar,0,14,30,0,44,0,0,74,0,74,0,14,104,0,118,34,0,34,152
03/12/2005,HEF,VA,AEA,EN,Towers with Radar,0,10,18,0,28,0,4,75,0,79,0,14,93,0,107,102,0,102,209
03/13/2005,HEF,VA,AEA,EN,Towers with Radar,0,16,62,0,78,0,0,260,0,260,0,16,322,0,338,292,0,292,630
03/14/2005,HEF,VA,AEA,EN,Towers with Radar,0,4,31,0,35,0,2,112,0,114,0,6,143,0,149,88,0,88,237
03/15/2005,HEF,VA,AEA,EN,Towers with Radar,0,18,58,0,76,0,10,182,1,193,0,28,240,1,269,58,2,60,329
03/16/2005,HEF,VA,AEA,EN,Towers with Radar,0,19,35,0,54,0,8,209,0,217,0,27,244,0,271,150,0,150,421
03/17/2005,HEF,VA,AEA,EN,Towers with Radar,0,13,43,0,56,0,1,139,2,142,0,14,182,2,198,152,0,152,350
03/18/2005,HEF,VA,AEA,EN,Towers with Radar,0,16,66,0,82,0,11,143,0,154,0,27,209,0,236,166,0,166,402
03/19/2005,HEF,VA,AEA,EN,Towers with Radar,0,13,55,0,68,0,2,248,0,250,0,15,303,0,318,122,0,122,440
03/20/2005,HEF,VA,AEA,EN,Towers with Radar,0,12,51,0,63,0,0,60,0,60,0,12,111,0,123,66,0,66,189
03/21/2005,HEF,VA,AEA,EN,Towers with Radar,0,16,44,0,60,0,4,84,1,89,0,20,128,1,149,108,0,108,257
03/22/2005,HEF,VA,AEA,EN,Towers with Radar,0,10,35,0,45,0,14,195,1,210,0,24,230,1,255,86,6,92,347
03/23/2005,HEF,VA,AEA,EN,Towers with Radar,0,19,29,0,48,0,3,11,0,14,0,22,40,0,62,4,0,4,66
03/24/2005,HEF,VA,AEA,EN,Towers with Radar,0,14,36,0,50,0,15,52,4,71,0,29,88,4,121,66,2,68,189
03/25/2005,HEF,VA,AEA,EN,Towers with Radar,0,16,55,0,71,0,1,72,0,73,0,17,127,0,144,36,0,36,180
03/26/2005,HEF,VA,AEA,EN,Towers with Radar,0,10,48,0,58,0,2,127,0,129,0,12,175,0,187,188,0,188,375
03/27/2005,HEF,VA,AEA,EN,Towers with Radar,0,6,30,0,36,0,3,35,0,38,0,9,65,0,74,0,0,0,74
03/28/2005,HEF,VA,AEA,EN,Towers with Radar,0,11,21,0,32,0,0,1,0,1,0,11,22,0,33,0,0,0,33
03/29/2005,HEF,VA,AEA,EN,Towers with Radar,0,14,54,0,68,0,4,78,2,84,0,18,132,2,152,162,0,162,314
03/30/2005,HEF,VA,AEA,EN,Towers with Radar,0,14,67,0,81,0,0,317,0,317,0,14,384,0,398,70,0,70,468
03/31/2005,HEF,VA,AEA,EN,Towers with Radar,0,10,47,0,57,0,0,50,2,52,0,10,97,2,109,42,0,42,151
04/01/2005,HEF,VA,AEA,EN,Towers with Radar,0,16,44,4,64,0,0,148,1,149,0,16,192,5,213,82,10,92,305
04/02/2005,HEF,VA,AEA,EN,Towers with Radar,0,12,13,1,26,0,0,1,0,1,0,12,14,1,27,13,0,13,40
04/03/2005,HEF,VA,AEA,EN,Towers with Radar,0,19,28,0,47,0,2,15,0,17,0,21,43,0,64,0,0,0,64
04/04/2005,HEF,VA,AEA,EN,Towers with Radar,0,10,42,0,52,0,4,95,1,100,0,14,137,1,152,36,0,36,188
04/05/2005,HEF,VA,AEA,EN,Towers with Radar,0,16,61,0,77,0,0,295,0,295,0,16,356,0,372,146,0,146,518
04/06/2005,HEF,VA,AEA,EN,Towers with Radar,0,15,76,0,91,0,13,325,2,340,0,28,401,2,431,81,0,81,512
04/07/2005,HEF,VA,AEA,EN,Towers with Radar,0,12,58,0,70,0,4,72,0,76,0,16,130,0,146,14,0,14,160
04/08/2005,HEF,VA,AEA,EN,Towers with Radar,0,10,47,0,57,0,3,66,0,69,0,13,113,0,126,96,0,96,222
04/09/2005,HEF,VA,AEA,EN,Towers with Radar,0,8,39,0,47,0,7,279,0,286,0,15,318,0,333,32,0,32,365
04/10/2005,HEF,VA,AEA,EN,Towers with Radar,0,8,58,0,66,0,1,409,0,410,0,9,467,0,476,48,0,48,524
04/11/2005,HEF,VA,AEA,EN,Towers with Radar,0,12,43,1,56,0,3,239,1,243,0,15,282,2,299,96,0,96,395
04/12/2005,HEF,VA,AEA,EN,Towers with Radar,0,9,49,0,58,0,0,228,0,228,0,9,277,0,286,102,0,102,388
04/13/2005,HEF,VA,AEA,EN,Towers with Radar,0,22,65,0,87,0,4,150,0,154,0,26,215,0,241,34,0,34,275
04/14/2005,HEF,VA,AEA,EN,Towers with Radar,0,14,61,0,75,0,3,146,0,149,0,17,207,0,224,94,2,96,320
04/15/2005,HEF,VA,AEA,EN,Towers with Radar,0,14,54,0,68,0,10,83,4,97,0,24,137,4,165,22,0,22,187
04/16/2005,HEF,VA,AEA,EN,Towers with Radar,0,14,44,0,58,0,1,173,0,174,0,15,217,0,232,78,0,78,310
04/17/2005,HEF,VA,AEA,EN,Towers with Radar,0,14,56,0,70,0,3,404,0,407,0,17,460,0,477,116,0,116,593
04/18/2005,HEF,VA,AEA,EN,Towers with Radar,0,11,51,0,62,0,10,191,0,201,0,21,242,0,263,134,0,134,397
04/19/2005,HEF,VA,AEA,EN,Towers with Radar,0,22,53,0,75,0,0,185,0,185,0,22,238,0,260,145,4,149,409
04/20/2005,HEF,VA,AEA,EN,Towers with Radar,0,16,63,0,79,0,11,167,6,184,0,27,230,6,263,142,0,142,405
04/21/2005,HEF,VA,AEA,EN,Towers with Radar,0,9,63,0,72,0,3,77,0,80,0,12,140,0,152,66,2,68,220
04/22/2005,HEF,VA,AEA,EN,Towers with Radar,0,11,69,0,80,0,0,5,0,5,0,11,74,0,85,0,0,0,85
04/23/2005,HEF,VA,AEA,EN,Towers with Radar,0,15,22,0,37,0,0,30,0,30,0,15,52,0,67,18,0,18,85
04/24/2005,HEF,VA,AEA,EN,Towers with Radar,0,18,43,0,61,0,0,130,0,130,0,18,173,0,191,108,0,108,299
04/25/2005,HEF,VA,AEA,EN,Towers with Radar,0,11,40,0,51,0,2,100,1,103,0,13,140,1,154,36,0,36,190
04/26/2005,HEF,VA,AEA,EN,Towers with Radar,0,14,47,0,61,0,3,204,0,207,0,17,251,0,268,68,2,70,338
04/27/2005,HEF,VA,AEA,EN,Towers with Radar,0,14,58,0,72,0,14,212,0,226,0,28,270,0,298,122,0,122,420
04/28/2005,HEF,VA,AEA,EN,Towers with Radar,0,17,76,2,95,0,13,177,3,193,0,30,253,5,288,82,10,92,380
04/29/2005,HEF,VA,AEA,EN,Towers with Radar,0,18,67,0,85,0,0,116,0,116,0,18,183,0,201,124,0,124,325
04/30/2005,HEF,VA,AEA,EN,Towers with Radar,0,15,38,0,53,0,1,4,0,5,0,16,42,0,58,0,0,0,58
05/01/2005,HEF,VA,AEA,EN,Towers with Radar,0,18,89,0,107,0,3,114,0,117,0,21,203,0,224,76,0,76,300
05/02/2005,HEF,VA,AEA,EN,Towers with Radar,0,10,39,0,49,0,9,155,2,166,0,19,194,2,215,20,0,20,235
05/03/2005,HEF,VA,AEA,EN,Towers with Radar,0,14,72,0,86,0,7,327,0,334,0,21,399,0,420,124,0,124,544
05/04/2005,HEF,VA,AEA,EN,Towers with Radar,0,13,54,6,73,0,4,291,0,295,0,17,345,6,368,118,0,118,486
05/05/2005,HEF,VA,AEA,EN,Towers with Radar,0,19,51,0,70,0,5,275,0,280,0,24,326,0,350,134,0,134,484
05/06/2005,HEF,VA,AEA,EN,Towers with Radar,0,12,72,0,84,0,0,127,0,127,0,12,199,0,211,104,0,104,315
05/07/2005,HEF,VA,AEA,EN,Towers with Radar,0,14,42,0,56,0,3,221,0,224,0,17,263,0,280,184,0,184,464
05/08/2005,HEF,VA,AEA,EN,Towers with Radar,0,6,55,0,61,0,0,68,0,68,0,6,123,0,129,22,0,22,151
05/09/2005,HEF,VA,AEA,EN,Towers with Radar,0,11,55,0,66,0,5,335,1,341,0,16,390,1,407,78,0,78,485
05/10/2005,HEF,VA,AEA,EN,Towers with Radar,0,13,52,0,65,0,8,297,0,305,0,21,349,0,370,200,0,200,570
05/11/2005,HEF,VA,AEA,EN,Towers with Radar,0,13,64,0,77,0,8,274,0,282,0,21,338,0,359,88,4,92,451
05/12/2005,HEF,VA,AEA,EN,Towers with Radar,0,16,58,2,76,0,1,193,1,195,0,17,251,3,271,188,0,188,459
05/13/2005,HEF,VA,AEA,EN,Towers with Radar,0,10,62,0,72,0,0,141,2,143,0,10,203,2,215,156,0,156,371
05/14/2005,HEF,VA,AEA,EN,Towers with Radar,0,6,49,0,55,0,4,230,0,234,0,10,279,0,289,138,0,138,427
05/15/2005,HEF,VA,AEA,EN,Towers with Radar,0,16,56,0,72,0,3,279,0,282,0,19,335,0,354,114,0,114,468
05/16/2005,HEF,VA,AEA,EN,Towers with Radar,0,15,47,2,64,0,11,212,1,224,0,26,259,3,288,56,10,66,354
05/17/2005,HEF,VA,AEA,EN,Towers with Radar,0,11,60,0,71,0,2,279,0,281,0,13,339,0,352,188,0,188,540
05/18/2005,HEF,VA,AEA,EN,Towers with Radar,0,24,58,0,82,0,0,245,2,247,0,24,303,2,329,188,0,188,517
05/19/2005,HEF,VA,AEA,EN,Towers with Radar,0,15,69,0,84,0,4,85,5,94,0,19,154,5,178,216,0,216,394
05/20/2005,HEF,VA,AEA,EN,Towers with Radar,0,22,57,1,80,0,3,2,0,5,0,25,59,1,85,0,0,0,85
05/21/2005,HEF,VA,AEA,EN,Towers with Radar,0,8,46,0,54,0,3,195,6,204,0,11,241,6,258,172,0,172,430
05/22/2005,HEF,VA,AEA,EN,Towers with Radar,0,13,77,1,91,0,5,328,0,333,0,18,405,1,424,118,0,118,542
05/23/2005,HEF,VA,AEA,EN,Towers with Radar,0,17,43,0,60,0,7,209,0,216,0,24,252,0,276,26,0,26,302
05/24/2005,HEF,VA,AEA,EN,Towers with Radar,0,19,45,0,64,0,1,0,0,1,0,20,45,0,65,0,0,0,65
05/25/2005,HEF,VA,AEA,EN,Towers with Radar,0,15,47,0,62,0,8,67,0,75,0,23,114,0,137,182,0,182,319
05/26/2005,HEF,VA,AEA,EN,Towers with Radar,0,22,63,0,85,0,0,245,0,245,0,22,308,0,330,184,0,184,514
05/27/2005,HEF,VA,AEA,EN,Towers with Radar,0,12,58,4,74,0,14,208,0,222,0,26,266,4,296,208,0,208,504
05/28/2005,HEF,VA,AEA,EN,Towers with Radar,0,19,31,0,50,0,3,110,0,113,0,22,141,0,163,90,0,90,253
05/29/2005,HEF,VA,AEA,EN,Towers with Radar,0,14,35,0,49,0,2,235,0,237,0,16,270,0,286,168,0,168,454
05/30/2005,HEF,VA,AEA,EN,Towers with Radar,0,10,57,0,67,0,2,327,0,329,0,12,384,0,396,70,0,70,466
05/31/2005,HEF,VA,AEA,EN,Towers with Radar,0,7,55,0,62,0,8,331,4,343,0,15,386,4,405,94,0,94,499
06/01/2005,HEF,VA,AEA,EN,Towers with Radar,0,18,58,0,76,0,7,211,0,218,0,25,269,0,294,156,0,156,450
06/02/2005,HEF,VA,AEA,EN,Towers with Radar,0,20,55,0,75,0,3,14,0,17,0,23,69,0,92,38,0,38,130
06/03/2005,HEF,VA,AEA,EN,Towers with Radar,0,15,60,0,75,0,0,0,0,0,0,15,60,0,75,0,0,0,75
06/04/2005,HEF,VA,AEA,EN,Towers with Radar,0,10,60,0,70,0,3,101,0,104,0,13,161,0,174,220,0,220,394
06/05/2005,HEF,VA,AEA,EN,Towers with Radar,0,13,68,0,81,0,2,251,0,253,0,15,319,0,334,178,0,178,512
06/06/2005,HEF,VA,AEA,EN,Towers with Radar,0,16,42,0,58,0,9,121,0,130,0,25,163,0,188,64,0,64,252
06/07/2005,HEF,VA,AEA,EN,Towers with Radar,0,24,59,0,83,0,2,221,15,238,0,26,280,15,321,110,0,110,431
06/08/2005,HEF,VA,AEA,EN,Towers with Radar,0,18,64,0,82,0,4,256,0,260,0,22,320,0,342,112,0,112,454
06/09/2005,HEF,VA,AEA,EN,Towers with Radar,0,18,81,0,99,0,0,64,0,64,0,18,145,0,163,182,2,184,347
06/10/2005,HEF,VA,AEA,EN,Towers with Radar,0,21,74,0,95,0,2,38,0,40,0,23,112,0,135,222,0,222,357
06/11/2005,HEF,VA,AEA,EN,Towers with Radar,0,14,67,0,81,0,3,210,0,213,0,17,277,0,294,162,0,162,456
06/12/2005,HEF,VA,AEA,EN,Towers with Radar,0,19,69,0,88,0,6,238,0,244,0,25,307,0,332,212,0,212,544
06/13/2005,HEF,VA,AEA,EN,Towers with Radar,0,19,75,0,94,0,3,137,0,140,0,22,212,0,234,30,0,30,264
06/14/2005,HEF,VA,AEA,EN,Towers with Radar,0,34,72,0,106,0,6,233,0,239,0,40,305,0,345,158,0,158,503
06/15/2005,HEF,VA,AEA,EN,Towers with Radar,0,16,83,0,99,0,23,294,2,319,0,39,377,2,418,64,0,64,482
06/16/2005,HEF,VA,AEA,EN,Towers with Radar,0,15,62,0,77,0,0,160,2,162,0,15,222,2,239,128,0,128,367
06/17/2005,HEF,VA,AEA,EN,Towers with Radar,0,29,75,0,104,0,2,141,0,143,0,31,216,0,247,166,10,176,423
06/18/2005,HEF,VA,AEA,EN,Towers with Radar,0,18,38,0,56,0,6,275,1,282,0,24,313,1,338,196,0,196,534
06/19/2005,HEF,VA,AEA,EN,Towers with Radar,0,17,71,0,88,0,4,239,0,243,0,21,310,0,331,188,0,188,519
06/20/2005,HEF,VA,AEA,EN,Towers with Radar,0,11,52,0,63,0,1,248,0,249,0,12,300,0,312,170,0,170,482
06/21/2005,HEF,VA,AEA,EN,Towers with Radar,0,18,38,0,56,0,0,269,3,272,0,18,307,3,328,146,0,146,474
06/22/2005,HEF,VA,AEA,EN,Towers with Radar,0,9,53,0,62,0,0,208,0,208,0,9,261,0,270,86,2,88,358
06/23/2005,HEF,VA,AEA,EN,Towers with Radar,0,19,75,0,94,0,29,273,0,302,0,48,348,0,396,86,0,86,482
06/24/2005,HEF,VA,AEA,EN,Towers with Radar,0,19,59,0,78,0,0,137,2,139,0,19,196,2,217,234,0,234,451
06/25/2005,HEF,VA,AEA,EN,Towers with Radar,0,13,53,0,66,0,0,160,2,162,0,13,213,2,228,144,0,144,372
06/26/2005,HEF,VA,AEA,EN,Towers with Radar,0,28,71,0,99,0,0,182,0,182,0,28,253,0,281,148,0,148,429
06/27/2005,HEF,VA,AEA,EN,Towers with Radar,0,26,54,0,80,0,7,162,0,169,0,33,216,0,249,166,0,166,415
06/28/2005,HEF,VA,AEA,EN,Towers with Radar,0,18,63,4,85,0,3,235,0,238,0,21,298,4,323,50,0,50,373
06/29/2005,HEF,VA,AEA,EN,Towers with Radar,0,27,56,0,83,0,3,135,0,138,0,30,191,0,221,36,0,36,257
06/30/2005,HEF,VA,AEA,EN,Towers with Radar,0,23,80,0,103,0,3,141,0,144,0,26,221,0,247,246,0,246,493
07/01/2005,HEF,VA,AEA,EN,Towers with Radar,0,16,46,0,62,0,0,229,0,229,0,16,275,0,291,164,0,164,455
07/02/2005,HEF,VA,AEA,EN,Towers with Radar,0,13,66,0,79,0,0,133,0,133,0,13,199,0,212,126,0,126,338
07/03/2005,HEF,VA,AEA,EN,Towers with Radar,0,11,60,0,71,0,2,201,0,203,0,13,261,0,274,40,0,40,314
07/04/2005,HEF,VA,AEA,EN,Towers with Radar,0,12,40,0,52,0,1,89,0,90,0,13,129,0,142,132,8,140,282
07/05/2005,HEF,VA,AEA,EN,Towers with Radar,0,17,71,0,88,0,5,132,0,137,0,22,203,0,225,136,0,136,361
07/06/2005,HEF,VA,AEA,EN,Towers with Radar,0,15,48,2,65,0,4,268,0,272,0,19,316,2,337,84,0,84,421
07/07/2005,HEF,VA,AEA,EN,Towers with Radar,0,18,45,0,63,0,4,198,0,202,0,22,243,0,265,68,0,68,333
07/08/2005,HEF,VA,AEA,EN,Towers with Radar,0,11,33,1,45,0,0,87,0,87,0,11,120,1,132,162,0,162,294
07/09/2005,HEF,VA,AEA,EN,Towers with Radar,0,26,79,0,105,0,0,202,0,202,0,26,281,0,307,164,0,164,471
07/10/2005,HEF,VA,AEA,EN,Towers with Radar,0,21,44,1,66,0,0,228,0,228,0,21,272,1,294,150,0,150,444
07/11/2005,HEF,VA,AEA,EN,Towers with Radar,0,14,46,2,62,0,5,130,0,135,0,19,176,2,197,134,0,134,331
07/12/2005,HEF,VA,AEA,EN,Towers with Radar,0,16,56,2,74,0,4,248,1,253,0,20,304,3,327,212,0,212,539
07/13/2005,HEF,VA,AEA,EN,Towers with Radar,0,19,80,0,99,0,4,61,0,65,0,23,141,0,164,48,2,50,214
07/14/2005,HEF,VA,AEA,EN,Towers with Radar,0,23,85,0,108,0,6,72,2,80,0,29,157,2,188,156,0,156,344
07/15/2005,HEF,VA,AEA,EN,Towers with Radar,0,19,74,0,93,0,0,18,0,18,0,19,92,0,111,194,0,194,305
07/16/2005,HEF,VA,AEA,EN,Towers with Radar,0,15,46,0,61,0,0,58,0,58,0,15,104,0,119,260,0,260,379
07/17/2005,HEF,VA,AEA,EN,Towers with Radar,0,18,68,0,86,0,1,57,0,58,0,19,125,0,144,118,0,118,262
07/18/2005,HEF,VA,AEA,EN,Towers with Radar,0,19,64,0,83,0,4,193,4,201,0,23,257,4,284,140,0,140,424
07/19/2005,HEF,VA,AEA,EN,Towers with Radar,0,15,50,0,65,0,2,215,1,218,0,17,265,1,283,154,0,154,437
07/20/2005,HEF,VA,AEA,EN,Towers with Radar,0,18,71,0,89,0,2,255,0,257,0,20,326,0,346,66,2,68,414
07/21/2005,HEF,VA,AEA,EN,Towers with Radar,0,22,70,0,92,0,6,155,0,161,0,28,225,0,253,110,0,110,363
07/22/2005,HEF,VA,AEA,EN,Towers with Radar,0,19,75,0,94,0,2,157,0,159,0,21,232,0,253,124,0,124,377
07/23/2005,HEF,VA,AEA,EN,Towers with Radar,0,17,63,0,80,0,6,250,0,256,0,23,313,0,336,156,0,156,492
07/24/2005,HEF,VA,AEA,EN,Towers with Radar,0,21,56,0,77,0,6,234,0,240,0,27,290,0,317,164,0,164,481
07/25/2005,HEF,VA,AEA,EN,Towers with Radar,0,15,51,2,68,0,5,130,1,136,0,20,181,3,204,166,0,166,370
07/26/2005,HEF,VA,AEA,EN,Towers with Radar,0,8,40,0,48,0,8,219,0,227,0,16,259,0,275,185,0,185,460
07/27/2005,HEF,VA,AEA,EN,Towers with Radar,0,22,65,0,87,0,8,117,0,125,0,30,182,0,212,178,0,178,390
07/28/2005,HEF,VA,AEA,EN,Towers with Radar,0,14,66,0,80,0,6,154,2,162,0,20,220,2,242,260,0,260,502
07/29/2005,HEF,VA,AEA,EN,Towers with Radar,0,14,58,3,75,0,1,131,0,132,0,15,189,3,207,254,0,254,461
07/30/2005,HEF,VA,AEA,EN,Towers with Radar,0,17,53,0,70,0,3,133,0,136,0,20,186,0,206,194,0,194,400
07/31/2005,HEF,VA,AEA,EN,Towers with Radar,0,25,67,0,92,0,1,205,0,206,0,26,272,0,298,170,0,170,468
08/01/2005,HEF,VA,AEA,EN,Towers with Radar,0,12,53,0,65,0,6,135,2,143,0,18,188,2,208,130,0,130,338
08/02/2005,HEF,VA,AEA,EN,Towers with Radar,0,17,52,0,69,0,2,184,0,186,0,19,236,0,255,192,0,192,447
08/03/2005,HEF,VA,AEA,EN,Towers with Radar,0,23,38,2,63,0,2,191,2,195,0,25,229,4,258,130,0,130,388
08/04/2005,HEF,VA,AEA,EN,Towers with Radar,0,14,49,0,63,0,0,264,4,268,0,14,313,4,331,170,2,172,503
08/05/2005,HEF,VA,AEA,EN,Towers with Radar,0,23,45,2,70,0,2,114,0,116,0,25,159,2,186,186,0,186,372
08/06/2005,HEF,VA,AEA,EN,Towers with Radar,0,15,39,0,54,0,0,160,1,161,0,15,199,1,215,186,0,186,401
08/07/2005,HEF,VA,AEA,EN,Towers with Radar,0,20,60,1,81,0,1,171,0,172,0,21,231,1,253,158,0,158,411
08/08/2005,HEF,VA,AEA,EN,Towers with Radar,0,11,30,0,41,0,0,99,0,99,0,11,129,0,140,170,2,172,312
08/09/2005,HEF,VA,AEA,EN,Towers with Radar,0,13,34,1,48,0,1,8,1,10,0,14,42,2,58,10,0,10,68
08/10/2005,HEF,VA,AEA,EN,Towers with Radar,0,12,47,2,61,0,4,141,2,147,0,16,188,4,208,302,0,302,510
08/11/2005,HEF,VA,AEA,EN,Towers with Radar,0,20,60,1,81,0,2,124,0,126,0,22,184,1,207,272,0,272,479
08/12/2005,HEF,VA,AEA,EN,Towers with Radar,0,14,63,1,78,0,0,167,2,169,0,14,230,3,247,190,0,190,437
08/13/2005,HEF,VA,AEA,EN,Towers with Radar,0,12,46,0,58,0,2,160,0,162,0,14,206,0,220,246,0,246,466
08/14/2005,HEF,VA,AEA,EN,Towers with Radar,0,22,52,0,74,0,0,126,0,126,0,22,178,0,200,103,0,103,303
08/15/2005,HEF,VA,AEA,EN,Towers with Radar,0,24,49,2,75,0,3,138,4,145,0,27,187,6,220,178,0,178,398
08/16/2005,HEF,VA,AEA,EN,Towers with Radar,0,13,42,0,55,0,0,5,0,5,0,13,47,0,60,32,0,32,92
08/17/2005,HEF,VA,AEA,EN,Towers with Radar,0,19,64,0,83,0,2,216,0,218,0,21,280,0,301,236,0,236,537
08/18/2005,HEF,VA,AEA,EN,Towers with Radar,0,10,46,0,56,0,3,202,0,205,0,13,248,0,261,158,0,158,419
08/19/2005,HEF,VA,AEA,EN,Towers with Radar,0,23,72,0,95,0,1,29,0,30,0,24,101,0,125,14,0,14,139
08/20/2005,HEF,VA,AEA,EN,Towers with Radar,0,10,55,0,65,0,1,169,0,170,0,11,224,0,235,84,0,84,319
08/21/2005,HEF,VA,AEA,EN,Towers with Radar,0,16,61,0,77,0,5,204,0,209,0,21,265,0,286,94,0,94,380
08/22/2005,HEF,VA,AEA,EN,Towers with Radar,0,11,50,0,61,0,3,192,0,195,0,14,242,0,256,145,0,145,401
08/23/2005,HEF,VA,AEA,EN,Towers with Radar,0,10,80,0,90,0,6,306,0,312,0,16,386,0,402,273,0,273,675
08/24/2005,HEF,VA,AEA,EN,Towers with Radar,0,14,56,0,70,0,3,182,0,185,0,17,238,0,255,214,4,218,473
08/25/2005,HEF,VA,AEA,EN,Towers with Radar,0,23,75,0,98,0,3,186,0,189,0,26,261,0,287,224,2,226,513
08/26/2005,HEF,VA,AEA,EN,Towers with Radar,0,17,64,0,81,0,3,146,0,149,0,20,210,0,230,168,0,168,398
08/27/2005,HEF,VA,AEA,EN,Towers with Radar,0,18,51,0,69,0,5,42,0,47,0,23,93,0,116,124,0,124,240
08/28/2005,HEF,VA,AEA,EN,Towers with Radar,0,11,65,0,76,0,1,108,0,109,0,12,173,0,185,120,0,120,305
08/29/2005,HEF,VA,AEA,EN,Towers with Radar,0,12,50,0,62,0,0,60,0,60,0,12,110,0,122,148,0,148,270
08/30/2005,HEF,VA,AEA,EN,Towers with Radar,0,14,27,0,41,0,1,13,0,14,0,15,40,0,55,6,0,6,61
08/31/2005,HEF,VA,AEA,EN,Towers with Radar,0,13,35,0,48,0,1,38,0,39,0,14,73,0,87,18,0,18,105
09/01/2005,HEF,VA,AEA,EN,Towers with Radar,0,15,45,0,60,0,5,159,0,164,0,20,204,0,224,256,0,256,480
09/02/2005,HEF,VA,AEA,EN,Towers with Radar,0,20,62,0,82,0,0,191,0,191,0,20,253,0,273,132,0,132,405
09/03/2005,HEF,VA,AEA,EN,Towers with Radar,0,17,48,0,65,0,3,223,0,226,0,20,271,0,291,156,0,156,447
09/04/2005,HEF,VA,AEA,EN,Towers with Radar,0,14,32,0,46,0,4,241,0,245,0,18,273,0,291,92,0,92,383
09/05/2005,HEF,VA,AEA,EN,Towers with Radar,0,14,54,0,68,0,5,222,1,228,0,19,276,1,296,70,0,70,366
09/06/2005,HEF,VA,AEA,EN,Towers with Radar,0,15,51,0,66,0,3,130,0,133,0,18,181,0,199,50,0,50,249
09/07/2005,HEF,VA,AEA,EN,Towers with Radar,0,14,57,1,72,0,0,114,2,116,0,14,171,3,188,186,0,186,374
09/08/2005,HEF,VA,AEA,EN,Towers with Radar,0,19,72,0,91,0,0,119,2,121,0,19,191,2,212,206,0,206,418
09/09/2005,HEF,VA,AEA,EN,Towers with Radar,0,16,69,0,85,0,2,147,0,149,0,18,216,0,234,138,0,138,372
09/10/2005,HEF,VA,AEA,EN,Towers with Radar,0,13,88,0,101,0,2,217,0,219,0,15,305,0,320,188,0,188,508
09/11/2005,HEF,VA,AEA,EN,Towers with Radar,0,11,49,0,60,0,1,202,0,203,0,12,251,0,263,126,0,126,389
09/12/2005,HEF,VA,AEA,EN,Towers with Radar,0,15,37,0,52,0,4,199,5,208,0,19,236,5,260,42,0,42,302
09/13/2005,HEF,VA,AEA,EN,Towers with Radar,0,13,57,0,70,0,3,147,0,150,0,16,204,0,220,150,0,150,370
09/14/2005,HEF,VA,AEA,EN,Towers with Radar,0,15,45,0,60,0,3,78,0,81,0,18,123,0,141,258,0,258,399
09/15/2005,HEF,VA,AEA,EN,Towers with Radar,0,22,46,1,69,0,4,59,0,63,0,26,105,1,132,110,0,110,242
09/16/2005,HEF,VA,AEA,EN,Towers with Radar,0,12,47,0,59,0,4,84,0,88,0,16,131,0,147,76,0,76,223
09/17/2005,HEF,VA,AEA,EN,Towers with Radar,0,15,39,0,54,0,1,191,0,192,0,16,230,0,246,112,0,112,358
09/18/2005,HEF,VA,AEA,EN,Towers with Radar,0,24,55,0,79,0,3,240,0,243,0,27,295,0,322,186,0,186,508
09/19/2005,HEF,VA,AEA,EN,Towers with Radar,0,31,50,1,82,0,13,172,0,185,0,44,222,1,267,78,0,78,345
09/20/2005,HEF,VA,AEA,EN,Towers with Radar,0,20,64,0,84,0,6,82,0,88,0,26,146,0,172,174,0,174,346
09/21/2005,HEF,VA,AEA,EN,Towers with Radar,0,23,71,0,94,0,16,185,2,203,0,39,256,2,297,188,0,188,485
09/22/2005,HEF,VA,AEA,EN,Towers with Radar,0,18,68,1,87,0,2,134,2,138,0,20,202,3,225,152,4,156,381
09/23/2005,HEF,VA,AEA,EN,Towers with Radar,0,26,64,0,90,0,8,124,0,132,0,34,188,0,222,186,0,186,408
09/24/2005,HEF,VA,AEA,EN,Towers with Radar,0,13,56,0,69,0,1,191,0,192,0,14,247,0,261,226,0,226,487
09/25/2005,HEF,VA,AEA,EN,Towers with Radar,0,27,68,0,95,0,3,192,0,195,0,30,260,0,290,164,0,164,454
09/26/2005,HEF,VA,AEA,EN,Towers with Radar,0,33,36,0,69,0,0,54,0,54,0,33,90,0,123,58,0,58,181
09/27/2005,HEF,VA,AEA,EN,Towers with Radar,0,15,55,0,70,0,3,226,0,229,0,18,281,0,299,200,0,200,499
09/28/2005,HEF,VA,AEA,EN,Towers with Radar,0,15,83,0,98,0,1,234,0,235,0,16,317,0,333,158,0,158,491
09/29/2005,HEF,VA,AEA,EN,Towers with Radar,0,15,45,0,60,0,0,63,0,63,0,15,108,0,123,70,0,70,193
09/30/2005,HEF,VA,AEA,EN,Towers with Radar,0,23,58,1,82,0,7,302,0,309,0,30,360,1,391,88,0,88,479
10/01/2005,HEF,VA,AEA,EN,Towers with Radar,0,14,90,0,104,0,0,220,0,220,0,14,310,0,324,170,0,170,494
10/02/2005,HEF,VA,AEA,EN,Towers with Radar,0,19,79,0,98,0,5,242,0,247,0,24,321,0,345,194,0,194,539
10/03/2005,HEF,VA,AEA,EN,Towers with Radar,0,13,40,0,53,0,9,159,0,168,0,22,199,0,221,84,2,86,307
10/04/2005,HEF,VA,AEA,EN,Towers with Radar,0,14,48,0,62,0,3,158,0,161,0,17,206,0,223,226,2,228,451
10/05/2005,HEF,VA,AEA,EN,Towers with Radar,0,24,52,0,76,0,1,84,0,85,0,25,136,0,161,168,0,168,329
10/06/2005,HEF,VA,AEA,EN,Towers with Radar,0,15,70,4,89,0,0,18,0,18,0,15,88,4,107,112,0,112,219
10/07/2005,HEF,VA,AEA,EN,Towers with Radar,0,15,43,0,58,0,0,0,0,0,0,15,43,0,58,0,0,0,58
10/08/2005,HEF,VA,AEA,EN,Towers with Radar,0,24,21,0,45,0,1,0,0,1,0,25,21,0,46,0,0,0,46
10/09/2005,HEF,VA,AEA,EN,Towers with Radar,0,11,53,0,64,0,5,125,0,130,0,16,178,0,194,248,0,248,442
10/10/2005,HEF,VA,AEA,EN,Towers with Radar,0,15,59,0,74,0,2,188,0,190,0,17,247,0,264,180,0,180,444
10/11/2005,HEF,VA,AEA,EN,Towers with Radar,0,10,64,1,75,0,1,36,0,37,0,11,100,1,112,0,0,0,112
10/12/2005,HEF,VA,AEA,EN,Towers with Radar,0,18,57,1,76,0,2,63,0,65,0,20,120,1,141,102,0,102,243
10/13/2005,HEF,VA,AEA,EN,Towers with Radar,0,18,67,0,85,0,0,2,0,2,0,18,69,0,87,6,0,6,93
10/14/2005,HEF,VA,AEA,EN,Towers with Radar,0,24,67,0,91,0,0,15,0,15,0,24,82,0,106,134,0,134,240
10/15/2005,HEF,VA,AEA,EN,Towers with Radar,0,14,70,0,84,0,0,188,0,188,0,14,258,0,272,158,0,158,430
10/16/2005,HEF,VA,AEA,EN,Towers with Radar,0,22,54,0,76,0,5,133,0,138,0,27,187,0,214,66,0,66,280
10/17/2005,HEF,VA,AEA,EN,Towers with Radar,0,17,30,0,47,0,1,171,2,174,0,18,201,2,221,50,0,50,271
10/18/2005,HEF,VA,AEA,EN,Towers with Radar,0,30,53,0,83,0,2,208,0,210,0,32,261,0,293,130,10,140,433
10/19/2005,HEF,VA,AEA,EN,Towers with Radar,0,24,49,0,73,0,6,261,0,267,0,30,310,0,340,123,2,125,465
10/20/2005,HEF,VA,AEA,EN,Towers with Radar,0,12,70,0,82,0,0,211,0,211,0,12,281,0,293,168,0,168,461
10/21/2005,HEF,VA,AEA,EN,Towers with Radar,0,14,56,0,70,0,0,13,0,13,0,14,69,0,83,0,0,0,83
10/22/2005,HEF,VA,AEA,EN,Towers with Radar,0,17,30,0,47,0,0,0,0,0,0,17,30,0,47,0,0,0,47
10/23/2005,HEF,VA,AEA,EN,Towers with Radar,0,19,52,0,71,0,6,340,0,346,0,25,392,0,417,124,0,124,541
10/24/2005,HEF,VA,AEA,EN,Towers with Radar,0,24,34,0,58,0,4,109,0,113,0,28,143,0,171,106,0,106,277
10/25/2005,HEF,VA,AEA,EN,Towers with Radar,0,16,39,0,55,0,0,4,0,4,0,16,43,0,59,10,0,10,69
10/26/2005,HEF,VA,AEA,EN,Towers with Radar,0,15,45,0,60,0,9,98,0,107,0,24,143,0,167,180,0,180,347
10/27/2005,HEF,VA,AEA,EN,Towers with Radar,0,19,66,0,85,0,2,199,0,201,0,21,265,0,286,282,0,282,568
10/28/2005,HEF,VA,AEA,EN,Towers with Radar,0,25,62,0,87,0,0,100,0,100,0,25,162,0,187,324,0,324,511
10/29/2005,HEF,VA,AEA,EN,Towers with Radar,0,19,29,0,48,0,2,158,0,160,0,21,187,0,208,194,0,194,402
10/30/2005,HEF,VA,AEA,EN,Towers with Radar,0,20,58,0,78,0,3,247,0,250,0,23,305,0,328,208,0,208,536
10/31/2005,HEF,VA,AEA,EN,Towers with Radar,0,12,47,0,59,0,6,237,0,243,0,18,284,0,302,172,0,172,474
11/01/2005,HEF,VA,AEA,EN,Towers with Radar,0,9,48,0,57,0,6,212,0,218,0,15,260,0,275,144,0,144,419
11/02/2005,HEF,VA,AEA,EN,Towers with Radar,0,11,55,0,66,0,9,184,0,193,0,20,239,0,259,114,0,114,373
11/03/2005,HEF,VA,AEA,EN,Towers with Radar,0,11,65,0,76,0,1,313,4,318,0,12,378,4,394,120,2,122,516
11/04/2005,HEF,VA,AEA,EN,Towers with Radar,0,21,66,0,87,0,0,129,0,129,0,21,195,0,216,380,0,380,596
11/05/2005,HEF,VA,AEA,EN,Towers with Radar,0,18,50,0,68,0,0,230,0,230,0,18,280,0,298,266,0,266,564
11/06/2005,HEF,VA,AEA,EN,Towers with Radar,0,15,41,0,56,0,2,102,0,104,0,17,143,0,160,116,0,116,276
11/07/2005,HEF,VA,AEA,EN,Towers with Radar,0,15,68,0,83,0,9,147,0,156,0,24,215,0,239,96,0,96,335
11/08/2005,HEF,VA,AEA,EN,Towers with Radar,0,13,49,0,62,0,2,188,0,190,0,15,237,0,252,172,2,174,426
11/09/2005,HEF,VA,AEA,EN,Towers with Radar,0,14,51,0,65,0,0,75,0,75,0,14,126,0,140,54,0,54,194
11/10/2005,HEF,VA,AEA,EN,Towers with Radar,0,14,36,0,50,0,0,22,0,22,0,14,58,0,72,4,0,4,76
11/11/2005,HEF,VA,AEA,EN,Towers with Radar,0,15,42,0,57,0,1,151,0,152,0,16,193,0,209,206,0,206,415
11/12/2005,HEF,VA,AEA,EN,Towers with Radar,0,14,46,0,60,0,1,361,0,362,0,15,407,0,422,162,0,162,584
11/13/2005,HEF,VA,AEA,EN,Towers with Radar,0,19,68,0,87,0,0,155,0,155,0,19,223,0,242,276,0,276,518
11/14/2005,HEF,VA,AEA,EN,Towers with Radar,0,16,35,0,51,0,2,120,0,122,0,18,155,0,173,104,0,104,277
11/15/2005,HEF,VA,AEA,EN,Towers with Radar,0,24,60,0,84,0,0,69,0,69,0,24,129,0,153,162,2,164,317
11/16/2005,HEF,VA,AEA,EN,Towers with Radar,0,12,30,0,42,0,1,10,0,11,0,13,40,0,53,6,0,6,59
11/17/2005,HEF,VA,AEA,EN,Towers with Radar,0,17,55,0,72,0,9,150,0,159,0,26,205,0,231,104,0,104,335
11/18/2005,HEF,VA,AEA,EN,Towers with Radar,0,16,50,0,66,0,0,178,0,178,0,16,228,0,244,280,0,280,524
11/19/2005,HEF,VA,AEA,EN,Towers with Radar,0,22,38,0,60,0,0,204,0,204,0,22,242,0,264,282,0,282,546
11/20/2005,HEF,VA,AEA,EN,Towers with Radar,0,14,57,0,71,0,2,183,0,185,0,16,240,0,256,282,0,282,538
11/21/2005,HEF,VA,AEA,EN,Towers with Radar,0,8,38,0,46,0,2,84,0,86,0,10,122,0,132,90,0,90,222
11/22/2005,HEF,VA,AEA,EN,Towers with Radar,0,15,37,0,52,0,4,19,0,23,0,19,56,0,75,0,0,0,75
11/23/2005,HEF,VA,AEA,EN,Towers with Radar,0,28,64,0,92,0,5,225,0,230,0,33,289,0,322,84,0,84,406
11/24/2005,HEF,VA,AEA,EN,Towers with Radar,0,18,7,0,25,0,3,60,0,63,0,21,67,0,88,2,0,2,90
11/25/2005,HEF,VA,AEA,EN,Towers with Radar,0,15,37,0,52,0,6,163,0,169,0,21,200,0,221,134,0,134,355
11/26/2005,HEF,VA,AEA,EN,Towers with Radar,0,17,36,0,53,0,2,140,0,142,0,19,176,0,195,215,0,215,410
11/27/2005,HEF,VA,AEA,EN,Towers with Radar,0,24,63,0,87,0,1,128,0,129,0,25,191,0,216,223,0,223,439
11/28/2005,HEF,VA,AEA,EN,Towers with Radar,0,16,55,0,71,0,6,79,0,85,0,22,134,0,156,157,0,157,313
11/29/2005,HEF,VA,AEA,EN,Towers with Radar,0,14,33,0,47,0,0,2,0,2,0,14,35,0,49,6,0,6,55
11/30/2005,HEF,VA,AEA,EN,Towers with Radar,0,20,63,0,83,0,4,152,0,156,0,24,215,0,239,222,0,222,461
12/01/2005,HEF,VA,AEA,EN,Towers with Radar,0,16,46,0,62,0,1,197,0,198,0,17,243,0,260,227,0,227,487
12/02/2005,HEF,VA,AEA,EN,Towers with Radar,0,10,35,0,45,0,3,65,0,68,0,13,100,0,113,40,0,40,153
12/03/2005,HEF,VA,AEA,EN,Towers with Radar,0,13,32,0,45,0,0,157,0,157,0,13,189,0,202,239,0,239,441
12/04/2005,HEF,VA,AEA,EN,Towers with Radar,0,13,28,0,41,0,3,92,0,95,0,16,120,0,136,261,0,261,397
12/05/2005,HEF,VA,AEA,EN,Towers with Radar,0,12,12,0,24,0,1,60,0,61,0,13,72,0,85,146,0,146,231
12/06/2005,HEF,VA,AEA,EN,Towers with Radar,0,11,56,0,67,0,6,164,0,170,0,17,220,0,237,178,0,178,415
12/07/2005,HEF,VA,AEA,EN,Towers with Radar,0,19,39,0,58,0,7,178,2,187,0,26,217,2,245,130,0,130,375
12/08/2005,HEF,VA,AEA,EN,Towers with Radar,0,23,42,0,65,0,11,225,2,238,0,34,267,2,303,98,14,112,415
12/09/2005,HEF,VA,AEA,EN,Towers with Radar,0,14,16,0,30,0,3,35,0,38,0,17,51,0,68,4,0,4,72
12/10/2005,HEF,VA,AEA,EN,Towers with Radar,0,13,37,0,50,0,0,141,0,141,0,13,178,0,191,219,0,219,410
12/11/2005,HEF,VA,AEA,EN,Towers with Radar,0,10,32,0,42,0,1,116,0,117,0,11,148,0,159,358,0,358,517
12/12/2005,HEF,VA,AEA,EN,Towers with Radar,0,21,26,0,47,0,4,72,0,76,0,25,98,0,123,304,0,304,427
12/13/2005,HEF,VA,AEA,EN,Towers with Radar,0,12,38,0,50,0,4,125,0,129,0,16,163,0,179,114,0,114,293
12/14/2005,HEF,VA,AEA,EN,Towers with Radar,0,19,53,0,72,0,1,94,0,95,0,20,147,0,167,166,0,166,333
12/15/2005,HEF,VA,AEA,EN,Towers with Radar,0,15,20,0,35,0,0,3,0,3,0,15,23,0,38,8,0,8,46
12/16/2005,HEF,VA,AEA,EN,Towers with Radar,0,21,42,2,65,0,1,106,0,107,0,22,148,2,172,194,0,194,366
12/17/2005,HEF,VA,AEA,EN,Towers with Radar,0,23,51,1,75,0,1,226,0,227,0,24,277,1,302,280,0,280,582
12/18/2005,HEF,VA,AEA,EN,Towers with Radar,0,22,25,0,47,0,0,142,0,142,0,22,167,0,189,180,0,180,369
12/19/2005,HEF,VA,AEA,EN,Towers with Radar,0,8,44,0,52,0,8,130,0,138,0,16,174,0,190,198,0,198,388
12/20/2005,HEF,VA,AEA,EN,Towers with Radar,0,9,41,0,50,0,0,117,2,119,0,9,158,2,169,216,0,216,385
12/21/2005,HEF,VA,AEA,EN,Towers with Radar,0,18,42,0,60,0,1,172,0,173,0,19,214,0,233,166,0,166,399
12/22/2005,HEF,VA,AEA,EN,Towers with Radar,0,20,38,0,58,0,1,146,0,147,0,21,184,0,205,201,0,201,406
12/23/2005,HEF,VA,AEA,EN,Towers with Radar,0,21,60,0,81,0,0,119,0,119,0,21,179,0,200,216,0,216,416
12/24/2005,HEF,VA,AEA,EN,Towers with Radar,0,20,16,0,36,0,0,119,0,119,0,20,135,0,155,34,0,34,189
12/25/2005,HEF,VA,AEA,EN,Towers with Radar,0,8,6,0,14,0,0,0,0,0,0,8,6,0,14,0,0,0,14
12/26/2005,HEF,VA,AEA,EN,Towers with Radar,0,22,39,0,61,0,1,19,0,20,0,23,58,0,81,0,0,0,81
12/27/2005,HEF,VA,AEA,EN,Towers with Radar,0,16,34,0,50,0,2,100,0,102,0,18,134,0,152,68,0,68,220
12/28/2005,HEF,VA,AEA,EN,Towers with Radar,0,14,33,0,47,0,3,122,0,125,0,17,155,0,172,216,0,216,388
12/29/2005,HEF,VA,AEA,EN,Towers with Radar,0,18,14,0,32,0,0,21,0,21,0,18,35,0,53,56,0,56,109
12/30/2005,HEF,VA,AEA,EN,Towers with Radar,0,9,26,0,35,0,3,156,0,159,0,12,182,0,194,111,0,111,305
12/31/2005,HEF,VA,AEA,EN,Towers with Radar,0,17,17,0,34,0,1,78,0,79,0,18,95,0,113,186,0,186,299
01/01/2006,HEF,VA,AEA,EN,Towers with Radar,0,21,31,0,52,0,5,128,0,133,0,26,159,0,185,38,0,38,223
01/02/2006,HEF,VA,AEA,EN,Towers with Radar,0,16,21,0,37,0,0,0,0,0,0,16,21,0,37,16,0,16,53
01/03/2006,HEF,VA,AEA,EN,Towers with Radar,0,12,14,0,26,0,2,4,0,6,0,14,18,0,32,2,0,2,34
01/04/2006,HEF,VA,AEA,EN,Towers with Radar,0,11,56,0,67,0,3,32,0,35,0,14,88,0,102,88,0,88,190
01/05/2006,HEF,VA,AEA,EN,Towers with Radar,0,21,48,0,69,0,3,129,2,134,0,24,177,2,203,110,0,110,313
01/06/2006,HEF,VA,AEA,EN,Towers with Radar,0,8,38,0,46,0,8,107,1,116,0,16,145,1,162,78,0,78,240
01/07/2006,HEF,VA,AEA,EN,Towers with Radar,0,24,34,0,58,0,2,223,0,225,0,26,257,0,283,278,0,278,561
01/08/2006,HEF,VA,AEA,EN,Towers with Radar,0,15,31,0,46,0,1,144,0,145,0,16,175,0,191,300,0,300,491
01/09/2006,HEF,VA,AEA,EN,Towers with Radar,0,25,36,0,61,0,4,89,2,95,0,29,125,2,156,170,0,170,326
01/10/2006,HEF,VA,AEA,EN,Towers with Radar,0,11,32,0,43,0,2,112,2,116,0,13,144,2,159,150,0,150,309
01/11/2006,HEF,VA,AEA,EN,Towers with Radar,0,17,25,1,43,0,0,0,0,0,0,17,25,1,43,0,0,0,43
01/12/2006,HEF,VA,AEA,EN,Towers with Radar,0,17,48,2,67,0,6,157,4,167,0,23,205,6,234,112,0,112,346
01/13/2006,HEF,VA,AEA,EN,Towers with Radar,0,12,42,0,54,0,1,71,0,72,0,13,113,0,126,106,0,106,232
01/14/2006,HEF,VA,AEA,EN,Towers with Radar,0,21,5,0,26,0,1,17,0,18,0,22,22,0,44,22,0,22,66
01/15/2006,HEF,VA,AEA,EN,Towers with Radar,0,12,21,0,33,0,2,5,0,7,0,14,26,0,40,0,0,0,40
01/16/2006,HEF,VA,AEA,EN,Towers with Radar,0,11,48,0,59,0,6,157,0,163,0,17,205,0,222,265,0,265,487
01/17/2006,HEF,VA,AEA,EN,Towers with Radar,0,10,37,0,47,0,2,22,0,24,0,12,59,0,71,274,0,274,345
01/18/2006,HEF,VA,AEA,EN,Towers with Radar,0,16,22,2,40,0,1,15,0,16,0,17,37,2,56,2,0,2,58
01/19/2006,HEF,VA,AEA,EN,Towers with Radar,0,20,72,0,92,0,2,153,1,156,0,22,225,1,248,130,2,132,380
01/20/2006,HEF,VA,AEA,EN,Towers with Radar,0,16,57,0,73,0,2,188,0,190,0,18,245,0,263,106,0,106,369
01/21/2006,HEF,VA,AEA,EN,Towers with Radar,0,14,22,0,36,0,2,104,0,106,0,16,126,0,142,160,0,160,302
01/22/2006,HEF,VA,AEA,EN,Towers with Radar,0,12,44,0,56,0,1,216,0,217,0,13,260,0,273,252,0,252,525
01/23/2006,HEF,VA,AEA,EN,Towers with Radar,0,11,37,0,48,0,2,5,0,7,0,13,42,0,55,0,0,0,55
01/24/2006,HEF,VA,AEA,EN,Towers with Radar,0,27,57,0,84,0,5,103,4,112,0,32,160,4,196,398,0,398,594
01/25/2006,HEF,VA,AEA,EN,Towers with Radar,0,18,29,0,47,0,2,5,0,7,0,20,34,0,54,0,0,0,54
01/26/2006,HEF,VA,AEA,EN,Towers with Radar,0,15,26,0,41,0,2,47,0,49,0,17,73,0,90,28,0,28,118
01/27/2006,HEF,VA,AEA,EN,Towers with Radar,0,11,39,3,53,0,4,189,0,193,0,15,228,3,246,94,0,94,340
01/28/2006,HEF,VA,AEA,EN,Towers with Radar,0,13,45,0,58,0,3,286,0,289,0,16,331,0,347,230,0,230,577
01/29/2006,HEF,VA,AEA,EN,Towers with Radar,0,21,22,0,43,0,2,29,0,31,0,23,51,0,74,76,0,76,150
01/30/2006,HEF,VA,AEA,EN,Towers with Radar,0,17,34,1,52,0,13,148,2,163,0,30,182,3,215,164,0,164,379
01/31/2006,HEF,VA,AEA,EN,Towers with Radar,0,8,26,0,34,0,2,10,0,12,0,10,36,0,46,0,0,0,46
02/01/2006,HEF,VA,AEA,EN,Towers with Radar,0,15,39,0,54,0,1,140,0,141,0,16,179,0,195,186,0,186,381
02/02/2006,HEF,VA,AEA,EN,Towers with Radar,0,22,42,5,69,0,1,161,2,164,0,23,203,7,233,198,0,198,431
02/03/2006,HEF,VA,AEA,EN,Towers with Radar,0,18,38,0,56,0,4,169,0,173,0,22,207,0,229,112,0,112,341
02/04/2006,HEF,VA,AEA,EN,Towers with Radar,0,13,14,0,27,0,0,7,0,7,0,13,21,0,34,14,0,14,48
02/05/2006,HEF,VA,AEA,EN,Towers with Radar,0,17,29,0,46,0,0,90,0,90,0,17,119,0,136,94,0,94,230
02/06/2006,HEF,VA,AEA,EN,Towers with Radar,0,12,31,0,43,0,7,45,2,54,0,19,76,2,97,78,0,78,175
02/07/2006,HEF,VA,AEA,EN,Towers with Radar,0,21,42,0,63,0,1,95,0,96,0,22,137,0,159,92,0,92,251
02/08/2006,HEF,VA,AEA,EN,Towers with Radar,0,21,46,0,67,0,12,110,0,122,0,33,156,0,189,140,0,140,329
02/09/2006,HEF,VA,AEA,EN,Towers with Radar,0,12,43,1,56,0,6,104,2,112,0,18,147,3,168,132,8,140,308
02/10/2006,HEF,VA,AEA,EN,Towers with Radar,0,23,40,0,63,0,0,194,2,196,0,23,234,2,259,164,0,164,423
02/11/2006,HEF,VA,AEA,EN,Towers with Radar,0,13,10,0,23,0,0,0,0,0,0,13,10,0,23,0,0,0,23
02/12/2006,HEF,VA,AEA,EN,Towers with Radar,0,6,10,0,16,0,3,16,0,19,0,9,26,0,35,4,0,4,39
02/13/2006,HEF,VA,AEA,EN,Towers with Radar,0,14,52,0,66,0,15,141,0,156,0,29,193,0,222,212,0,212,434
02/14/2006,HEF,VA,AEA,EN,Towers with Radar,0,19,34,0,53,0,6,134,0,140,0,25,168,0,193,172,0,172,365
02/15/2006,HEF,VA,AEA,EN,Towers with Radar,0,21,56,6,83,0,4,135,4,143,0,25,191,10,226,257,2,259,485
02/16/2006,HEF,VA,AEA,EN,Towers with Radar,0,22,62,0,84,0,0,119,0,119,0,22,181,0,203,162,0,162,365
02/17/2006,HEF,VA,AEA,EN,Towers with Radar,0,21,25,0,46,0,2,15,0,17,0,23,40,0,63,0,0,0,63
02/18/2006,HEF,VA,AEA,EN,Towers with Radar,0,18,25,0,43,0,0,66,0,66,0,18,91,0,109,233,0,233,342
02/19/2006,HEF,VA,AEA,EN,Towers with Radar,0,13,36,0,49,0,2,219,0,221,0,15,255,0,270,138,0,138,408
02/20/2006,HEF,VA,AEA,EN,Towers with Radar,0,27,51,0,78,0,11,221,0,232,0,38,272,0,310,164,0,164,474
02/21/2006,HEF,VA,AEA,EN,Towers with Radar,0,18,43,0,61,0,12,123,0,135,0,30,166,0,196,186,0,186,382
02/22/2006,HEF,VA,AEA,EN,Towers with Radar,0,17,15,0,32,0,0,1,0,1,0,17,16,0,33,0,0,0,33
02/23/2006,HEF,VA,AEA,EN,Towers with Radar,0,17,55,0,72,0,0,66,0,66,0,17,121,0,138,98,0,98,236
02/24/2006,HEF,VA,AEA,EN,Towers with Radar,0,11,48,0,59,0,0,48,0,48,0,11,96,0,107,52,0,52,159
02/25/2006,HEF,VA,AEA,EN,Towers with Radar,0,22,48,0,70,0,1,94,0,95,0,23,142,0,165,236,0,236,401
02/26/2006,HEF,VA,AEA,EN,Towers with Radar,0,15,40,0,55,0,2,50,0,52,0,17,90,0,107,0,0,0,107
02/27/2006,HEF,VA,AEA,EN,Towers with Radar,0,11,45,0,56,0,7,84,0,91,0,18,129,0,147,92,0,92,239
02/28/2006,HEF,VA,AEA,EN,Towers with Radar,0,11,35,0,46,0,0,152,0,152,0,11,187,0,198,382,0,382,580
03/01/2006,HEF,VA,AEA,EN,Towers with Radar,0,24,59,0,83,0,5,147,0,152,0,29,206,0,235,244,2,246,481
03/02/2006,HEF,VA,AEA,EN,Towers with Radar,0,10,34,0,44,0,0,51,0,51,0,10,85,0,95,70,0,70,165
03/03/2006,HEF,VA,AEA,EN,Towers with Radar,0,15,30,2,47,0,0,77,0,77,0,15,107,2,124,0,0,0,124
03/04/2006,HEF,VA,AEA,EN,Towers with Radar,0,26,18,0,44,0,0,77,0,77,0,26,95,0,121,61,0,61,182
03/05/2006,HEF,VA,AEA,EN,Towers with Radar,0,17,52,0,69,0,6,146,0,152,0,23,198,0,221,223,0,223,444
03/06/2006,HEF,VA,AEA,EN,Towers with Radar,0,16,28,0,44,0,4,50,0,54,0,20,78,0,98,80,2,82,180
03/07/2006,HEF,VA,AEA,EN,Towers with Radar,0,19,37,4,60,0,3,117,0,120,0,22,154,4,180,120,0,120,300
03/08/2006,HEF,VA,AEA,EN,Towers with Radar,0,17,64,0,81,0,0,124,0,124,0,17,188,0,205,295,0,295,500
03/09/2006,HEF,VA,AEA,EN,Towers with Radar,0,22,52,0,74,0,0,86,0,86,0,22,138,0,160,136,0,136,296
03/10/2006,HEF,VA,AEA,EN,Towers with Radar,0,19,37,0,56,0,3,22,0,25,0,22,59,0,81,16,0,16,97
03/11/2006,HEF,VA,AEA,EN,Towers with Radar,0,16,43,0,59,0,3,354,0,357,0,19,397,0,416,228,0,228,644
03/12/2006,HEF,VA,AEA,EN,Towers with Radar,0,19,42,0,61,0,1,151,1,153,0,20,193,1,214,355,0,355,569
03/13/2006,HEF,VA,AEA,EN,Towers with Radar,0,18,29,2,49,0,6,50,0,56,0,24,79,2,105,98,0,98,203
03/14/2006,HEF,VA,AEA,EN,Towers with Radar,0,14,47,0,61,0,4,20,0,24,0,18,67,0,85,22,2,24,109
03/15/2006,HEF,VA,AEA,EN,Towers with Radar,0,21,47,0,68,0,3,25,0,28,0,24,72,0,96,22,0,22,118
03/16/2006,HEF,VA,AEA,EN,Towers with Radar,0,22,54,2,78,0,0,120,0,120,0,22,174,2,198,82,0,82,280
03/17/2006,HEF,VA,AEA,EN,Towers with Radar,0,18,49,0,67,0,2,184,1,187,0,20,233,1,254,44,0,44,298
03/18/2006,HEF,VA,AEA,EN,Towers with Radar,0,20,40,0,60,0,2,175,0,177,0,22,215,0,237,108,0,108,345
03/19/2006,HEF,VA,AEA,EN,Towers with Radar,0,17,52,0,69,0,0,160,1,161,0,17,212,1,230,133,0,133,363
03/20/2006,HEF,VA,AEA,EN,Towers with Radar,0,18,47,0,65,0,2,137,0,139,0,20,184,0,204,100,0,100,304
03/21/2006,HEF,VA,AEA,EN,Towers with Radar,0,19,21,0,40,0,6,80,0,86,0,25,101,0,126,97,0,97,223
03/22/2006,HEF,VA,AEA,EN,Towers with Radar,0,23,40,0,63,0,1,44,0,45,0,24,84,0,108,62,0,62,170
03/23/2006,HEF,VA,AEA,EN,Towers with Radar,0,16,35,0,51,0,0,102,0,102,0,16,137,0,153,92,0,92,245
03/24/2006,HEF,VA,AEA,EN,Towers with Radar,0,23,54,3,80,0,1,142,0,143,0,24,196,3,223,156,0,156,379
03/25/2006,HEF,VA,AEA,EN,Towers with Radar,0,14,18,0,32,0,4,194,0,198,0,18,212,0,230,126,0,126,356
03/26/2006,HEF,VA,AEA,EN,Towers with Radar,0,18,51,0,69,0,2,147,0,149,0,20,198,0,218,386,0,386,604
03/27/2006,HEF,VA,AEA,EN,Towers with Radar,0,20,45,0,65,0,2,131,0,133,0,22,176,0,198,126,0,126,324
03/28/2006,HEF,VA,AEA,EN,Towers with Radar,0,16,39,2,57,0,2,90,0,92,0,18,129,2,149,138,0,138,287
03/29/2006,HEF,VA,AEA,EN,Towers with Radar,0,18,40,0,58,0,7,86,0,93,0,25,126,0,151,368,0,368,519
03/30/2006,HEF,VA,AEA,EN,Towers with Radar,0,28,51,0,79,0,13,136,0,149,0,41,187,0,228,140,0,140,368
03/31/2006,HEF,VA,AEA,EN,Towers with Radar,0,19,51,0,70,0,2,166,0,168,0,21,217,0,238,203,0,203,441
04/01/2006,HEF,VA,AEA,EN,Towers with Radar,0,13,35,0,48,0,0,134,0,134,0,13,169,0,182,92,0,92,274
04/02/2006,HEF,VA,AEA,EN,Towers with Radar,0,21,74,0,95,0,0,154,0,154,0,21,228,0,249,255,0,255,504
04/03/2006,HEF,VA,AEA,EN,Towers with Radar,0,10,20,0,30,0,2,46,0,48,0,12,66,0,78,122,0,122,200
04/04/2006,HEF,VA,AEA,EN,Towers with Radar,0,17,43,1,61,0,2,41,5,48,0,19,84,6,109,12,0,12,121
04/05/2006,HEF,VA,AEA,EN,Towers with Radar,0,15,49,0,64,0,1,31,0,32,0,16,80,0,96,28,0,28,124
04/06/2006,HEF,VA,AEA,EN,Towers with Radar,0,14,72,0,86,0,10,152,2,164,0,24,224,2,250,200,0,200,450
04/07/2006,HEF,VA,AEA,EN,Towers with Radar,0,20,58,0,78,0,15,97,1,113,0,35,155,1,191,124,0,124,315
04/08/2006,HEF,VA,AEA,EN,Towers with Radar,0,19,40,0,59,0,0,3,0,3,0,19,43,0,62,16,0,16,78
04/09/2006,HEF,VA,AEA,EN,Towers with Radar,0,13,62,0,75,0,0,200,0,200,0,13,262,0,275,237,0,237,512
04/10/2006,HEF,VA,AEA,EN,Towers with Radar,0,14,41,0,55,0,4,181,0,185,0,18,222,0,240,230,0,230,470
04/11/2006,HEF,VA,AEA,EN,Towers with Radar,0,23,44,0,67,0,0,184,1,185,0,23,228,1,252,242,0,242,494
04/12/2006,HEF,VA,AEA,EN,Towers with Radar,0,15,69,1,85,0,3,142,0,145,0,18,211,1,230,142,0,142,372
04/13/2006,HEF,VA,AEA,EN,Towers with Radar,0,20,50,0,70,0,3,118,1,122,0,23,168,1,192,255,0,255,447
04/14/2006,HEF,VA,AEA,EN,Towers with Radar,0,18,33,0,51,0,0,88,0,88,0,18,121,0,139,146,0,146,285
04/15/2006,HEF,VA,AEA,EN,Towers with Radar,0,12,32,0,44,0,1,122,0,123,0,13,154,0,167,270,0,270,437
04/16/2006,HEF,VA,AEA,EN,Towers with Radar,0,21,35,0,56,0,0,81,0,81,0,21,116,0,137,294,0,294,431
04/17/2006,HEF,VA,AEA,EN,Towers with Radar,0,19,80,0,99,0,1,33,0,34,0,20,113,0,133,144,0,144,277
04/18/2006,HEF,VA,AEA,EN,Towers with Radar,0,19,60,0,79,0,6,133,0,139,0,25,193,0,218,142,0,142,360
04/19/2006,HEF,VA,AEA,EN,Towers with Radar,0,10,52,0,62,0,0,148,0,148,0,10,200,0,210,196,0,196,406
04/20/2006,HEF,VA,AEA,EN,Towers with Radar,0,20,54,0,74,0,2,228,0,230,0,22,282,0,304,290,0,290,594
04/21/2006,HEF,VA,AEA,EN,Towers with Radar,0,27,50,0,77,0,13,77,0,90,0,40,127,0,167,106,0,106,273
04/22/2006,HEF,VA,AEA,EN,Towers with Radar,0,11,22,0,33,0,3,0,0,3,0,14,22,0,36,84,0,84,120
04/23/2006,HEF,VA,AEA,EN,Towers with Radar,0,26,62,0,88,0,1,32,0,33,0,27,94,0,121,138,0,138,259
04/24/2006,HEF,VA,AEA,EN,Towers with Radar,0,23,49,3,75,0,0,128,0,128,0,23,177,3,203,146,0,146,349
04/25/2006,HEF,VA,AEA,EN,Towers with Radar,0,17,39,1,57,0,11,115,0,126,0,28,154,1,183,260,0,260,443
04/26/2006,HEF,VA,AEA,EN,Towers with Radar,0,18,45,4,67,0,7,113,0,120,0,25,158,4,187,156,0,156,343
04/27/2006,HEF,VA,AEA,EN,Towers with Radar,0,22,45,0,67,0,0,125,2,127,0,22,170,2,194,160,0,160,354
04/28/2006,HEF,VA,AEA,EN,Towers with Radar,0,21,75,0,96,0,0,100,2,102,0,21,175,2,198,159,0,159,357
04/29/2006,HEF,VA,AEA,EN,Towers with Radar,0,12,45,0,57,0,4,168,0,172,0,16,213,0,229,276,0,276,505
04/30/2006,HEF,VA,AEA,EN,Towers with Radar,0,16,64,0,80,0,1,173,0,174,0,17,237,0,254,244,0,244,498
05/01/2006,HEF,VA,AEA,EN,Towers with Radar,0,27,41,0,68,0,9,104,0,113,0,36,145,0,181,115,0,115,296
05/02/2006,HEF,VA,AEA,EN,Towers with Radar,0,23,63,0,86,0,0,115,0,115,0,23,178,0,201,146,0,146,347
05/03/2006,HEF,VA,AEA,EN,Towers with Radar,0,12,50,0,62,0,0,97,0,97,0,12,147,0,159,182,0,182,341
05/04/2006,HEF,VA,AEA,EN,Towers with Radar,0,36,60,1,97,0,2,110,4,116,0,38,170,5,213,216,0,216,429
05/05/2006,HEF,VA,AEA,EN,Towers with Radar,0,20,58,0,78,0,0,69,3,72,0,20,127,3,150,223,0,223,373
05/06/2006,HEF,VA,AEA,EN,Towers with Radar,0,20,40,0,60,0,2,134,0,136,0,22,174,0,196,131,0,131,327
05/07/2006,HEF,VA,AEA,EN,Towers with Radar,0,18,64,0,82,0,1,175,0,176,0,19,239,0,258,140,0,140,398
05/08/2006,HEF,VA,AEA,EN,Towers with Radar,0,32,42,0,74,0,2,27,0,29,0,34,69,0,103,10,0,10,113
05/09/2006,HEF,VA,AEA,EN,Towers with Radar,0,25,61,0,86,0,4,142,0,146,0,29,203,0,232,247,0,247,479
05/10/2006,HEF,VA,AEA,EN,Towers with Radar,0,19,47,0,66,0,6,147,0,153,0,25,194,0,219,227,0,227,446
05/11/2006,HEF,VA,AEA,EN,Towers with Radar,0,19,51,4,74,0,0,5,0,5,0,19,56,4,79,28,0,28,107
05/12/2006,HEF,VA,AEA,EN,Towers with Radar,0,20,74,0,94,0,0,111,0,111,0,20,185,0,205,174,0,174,379
05/13/2006,HEF,VA,AEA,EN,Towers with Radar,0,15,36,0,51,0,17,183,0,200,0,32,219,0,251,226,0,226,477
05/14/2006,HEF,VA,AEA,EN,Towers with Radar,0,21,24,0,45,0,5,4,0,9,0,26,28,0,54,24,0,24,78
05/15/2006,HEF,VA,AEA,EN,Towers with Radar,0,43,49,0,92,0,2,76,0,78,0,45,125,0,170,250,0,250,420
05/16/2006,HEF,VA,AEA,EN,Towers with Radar,0,25,50,0,75,0,0,116,0,116,0,25,166,0,191,193,0,193,384
05/17/2006,HEF,VA,AEA,EN,Towers with Radar,0,26,63,0,89,0,1,109,2,112,0,27,172,2,201,172,0,172,373
05/18/2006,HEF,VA,AEA,EN,Towers with Radar,0,16,85,0,101,0,0,88,2,90,0,16,173,2,191,190,0,190,381
05/19/2006,HEF,VA,AEA,EN,Towers with Radar,0,19,52,0,71,0,9,83,0,92,0,28,135,0,163,272,0,272,435
05/20/2006,HEF,VA,AEA,EN,Towers with Radar,0,22,41,0,63,0,14,176,0,190,0,36,217,0,253,149,0,149,402
05/21/2006,HEF,VA,AEA,EN,Towers with Radar,0,27,39,0,66,0,0,89,0,89,0,27,128,0,155,126,0,126,281
05/22/2006,HEF,VA,AEA,EN,Towers with Radar,0,22,42,0,64,0,0,97,0,97,0,22,139,0,161,80,0,80,241
05/23/2006,HEF,VA,AEA,EN,Towers with Radar,0,20,65,2,87,0,5,138,0,143,0,25,203,2,230,171,0,171,401
05/24/2006,HEF,VA,AEA,EN,Towers with Radar,0,10,65,0,75,0,1,145,1,147,0,11,210,1,222,301,0,301,523
05/25/2006,HEF,VA,AEA,EN,Towers with Radar,0,25,53,1,79,0,0,94,2,96,0,25,147,3,175,224,0,224,399
05/26/2006,HEF,VA,AEA,EN,Towers with Radar,0,30,70,0,100,0,0,46,0,46,0,30,116,0,146,26,0,26,172
05/27/2006,HEF,VA,AEA,EN,Towers with Radar,0,13,46,0,59,0,1,127,0,128,0,14,173,0,187,174,0,174,361
05/28/2006,HEF,VA,AEA,EN,Towers with Radar,0,6,35,0,41,0,0,158,0,158,0,6,193,0,199,286,0,286,485
05/29/2006,HEF,VA,AEA,EN,Towers with Radar,0,19,52,0,71,0,0,211,0,211,0,19,263,0,282,289,0,289,571
05/30/2006,HEF,VA,AEA,EN,Towers with Radar,0,23,58,0,81,0,2,111,0,113,0,25,169,0,194,194,0,194,388
05/31/2006,HEF,VA,AEA,EN,Towers with Radar,0,22,51,0,73,0,0,130,0,130,0,22,181,0,203,211,0,211,414
06/01/2006,HEF,VA,AEA,EN,Towers with Radar,0,20,55,1,76,0,4,47,0,51,0,24,102,1,127,194,0,194,321
06/02/2006,HEF,VA,AEA,EN,Towers with Radar,0,15,52,0,67,0,0,43,0,43,0,15,95,0,110,131,0,131,241
06/03/2006,HEF,VA,AEA,EN,Towers with Radar,0,14,40,0,54,0,0,51,0,51,0,14,91,0,105,46,0,46,151
06/04/2006,HEF,VA,AEA,EN,Towers with Radar,0,20,47,0,67,0,0,181,0,181,0,20,228,0,248,169,0,169,417
06/05/2006,HEF,VA,AEA,EN,Towers with Radar,0,20,37,0,57,0,1,98,0,99,0,21,135,0,156,128,0,128,284
06/06/2006,HEF,VA,AEA,EN,Towers with Radar,0,25,62,0,87,0,2,97,0,99,0,27,159,0,186,146,0,146,332
06/07/2006,HEF,VA,AEA,EN,Towers with Radar,0,26,46,0,72,0,3,115,0,118,0,29,161,0,190,167,0,167,357
06/08/2006,HEF,VA,AEA,EN,Towers with Radar,0,21,52,0,73,0,3,95,1,99,0,24,147,1,172,172,0,172,344
06/09/2006,HEF,VA,AEA,EN,Towers with Radar,0,19,58,0,77,0,0,134,0,134,0,19,192,0,211,128,0,128,339
06/10/2006,HEF,VA,AEA,EN,Towers with Radar,0,25,43,0,68,0,7,90,0,97,0,32,133,0,165,109,0,109,274
06/11/2006,HEF,VA,AEA,EN,Towers with Radar,0,20,65,0,85,0,0,146,0,146,0,20,211,0,231,152,0,152,383
06/12/2006,HEF,VA,AEA,EN,Towers with Radar,0,20,48,0,68,0,6,71,0,77,0,26,119,0,145,199,0,199,344
06/13/2006,HEF,VA,AEA,EN,Towers with Radar,0,34,53,0,87,0,3,148,0,151,0,37,201,0,238,166,0,166,404
06/14/2006,HEF,VA,AEA,EN,Towers with Radar,0,34,55,0,89,0,5,49,3,57,0,39,104,3,146,218,0,218,364
06/15/2006,HEF,VA,AEA,EN,Towers with Radar,0,18,55,0,73,0,0,122,0,122,0,18,177,0,195,223,0,223,418
06/16/2006,HEF,VA,AEA,EN,Towers with Radar,0,26,63,0,89,0,8,141,0,149,0,34,204,0,238,132,0,132,370
06/17/2006,HEF,VA,AEA,EN,Towers with Radar,0,17,17,0,34,0,2,203,0,205,0,19,220,0,239,232,0,232,471
06/18/2006,HEF,VA,AEA,EN,Towers with Radar,0,17,58,0,75,0,0,133,0,133,0,17,191,0,208,211,0,211,419
06/19/2006,HEF,VA,AEA,EN,Towers with Radar,0,15,66,0,81,0,3,73,0,76,0,18,139,0,157,92,0,92,249
06/20/2006,HEF,VA,AEA,EN,Towers with Radar,0,28,66,0,94,0,5,107,0,112,0,33,173,0,206,194,0,194,400
06/21/2006,HEF,VA,AEA,EN,Towers with Radar,0,22,65,2,89,0,8,159,4,171,0,30,224,6,260,214,0,214,474
06/22/2006,HEF,VA,AEA,EN,Towers with Radar,0,25,51,0,76,0,7,148,0,155,0,32,199,0,231,182,0,182,413
06/23/2006,HEF,VA,AEA,EN,Towers with Radar,0,22,66,1,89,0,0,83,0,83,0,22,149,1,172,254,0,254,426
06/24/2006,HEF,VA,AEA,EN,Towers with Radar,0,18,43,0,61,0,1,27,0,28,0,19,70,0,89,214,0,214,303
06/25/2006,HEF,VA,AEA,EN,Towers with Radar,0,18,39,0,57,0,0,0,0,0,0,18,39,0,57,34,0,34,91
06/26/2006,HEF,VA,AEA,EN,Towers with Radar,0,15,21,1,37,0,1,4,0,5,0,16,25,1,42,24,0,24,66
06/27/2006,HEF,VA,AEA,EN,Towers with Radar,0,27,37,0,64,0,2,7,0,9,0,29,44,0,73,22,0,22,95
06/28/2006,HEF,VA,AEA,EN,Towers with Radar,0,22,59,0,81,0,0,104,0,104,0,22,163,0,185,218,0,218,403
06/29/2006,HEF,VA,AEA,EN,Towers with Radar,0,18,75,0,93,0,0,115,0,115,0,18,190,0,208,192,0,192,400
06/30/2006,HEF,VA,AEA,EN,Towers with Radar,0,23,78,0,101,0,0,185,0,185,0,23,263,0,286,235,0,235,521
07/01/2006,HEF,VA,AEA,EN,Towers with Radar,0,17,58,0,75,0,0,165,0,165,0,17,223,0,240,173,0,173,413
07/02/2006,HEF,VA,AEA,EN,Towers with Radar,0,15,36,0,51,0,2,92,0,94,0,17,128,0,145,177,0,177,322
07/03/2006,HEF,VA,AEA,EN,Towers with Radar,0,24,31,0,55,0,3,93,0,96,0,27,124,0,151,258,0,258,409
07/04/2006,HEF,VA,AEA,EN,Towers with Radar,0,14,35,0,49,0,2,63,0,65,0,16,98,0,114,111,0,111,225
07/05/2006,HEF,VA,AEA,EN,Towers with Radar,0,23,37,0,60,0,0,42,0,42,0,23,79,0,102,88,0,88,190
07/06/2006,HEF,VA,AEA,EN,Towers with Radar,0,23,52,0,75,0,0,96,2,98,0,23,148,2,173,108,0,108,281
07/07/2006,HEF,VA,AEA,EN,Towers with Radar,0,21,40,1,62,0,1,153,0,154,0,22,193,1,216,218,0,218,434
07/08/2006,HEF,VA,AEA,EN,Towers with Radar,0,19,42,0,61,0,2,150,0,152,0,21,192,0,213,380,0,380,593
07/09/2006,HEF,VA,AEA,EN,Towers with Radar,0,16,44,0,60,0,0,152,0,152,0,16,196,0,212,200,0,200,412
07/10/2006,HEF,VA,AEA,EN,Towers with Radar,0,14,41,0,55,0,3,72,0,75,0,17,113,0,130,278,0,278,408
07/11/2006,HEF,VA,AEA,EN,Towers with Radar,0,21,38,0,59,0,11,101,2,114,0,32,139,2,173,299,0,299,472
07/12/2006,HEF,VA,AEA,EN,Towers with Radar,0,23,55,0,78,0,3,62,2,67,0,26,117,2,145,236,0,236,381
07/13/2006,HEF,VA,AEA,EN,Towers with Radar,0,20,59,0,79,0,0,34,4,38,0,20,93,4,117,164,0,164,281
07/14/2006,HEF,VA,AEA,EN,Towers with Radar,0,23,75,0,98,0,0,44,0,44,0,23,119,0,142,90,0,90,232
07/15/2006,HEF,VA,AEA,EN,Towers with Radar,0,19,52,0,71,0,0,36,2,38,0,19,88,2,109,154,0,154,263
07/16/2006,HEF,VA,AEA,EN,Towers with Radar,0,21,50,0,71,0,0,189,0,189,0,21,239,0,260,233,0,233,493
07/17/2006,HEF,VA,AEA,EN,Towers with Radar,0,17,44,1,62,0,0,125,0,125,0,17,169,1,187,322,0,322,509
07/18/2006,HEF,VA,AEA,EN,Towers with Radar,0,18,46,0,64,0,1,110,2,113,0,19,156,2,177,216,0,216,393
07/19/2006,HEF,VA,AEA,EN,Towers with Radar,0,18,41,0,59,0,3,122,0,125,0,21,163,0,184,311,0,311,495
07/20/2006,HEF,VA,AEA,EN,Towers with Radar,0,19,53,0,72,0,0,90,0,90,0,19,143,0,162,194,0,194,356
07/21/2006,HEF,VA,AEA,EN,Towers with Radar,0,14,62,0,76,0,1,65,0,66,0,15,127,0,142,226,0,226,368
07/22/2006,HEF,VA,AEA,EN,Towers with Radar,0,25,47,0,72,0,0,62,0,62,0,25,109,0,134,202,0,202,336
07/23/2006,HEF,VA,AEA,EN,Towers with Radar,0,23,69,0,92,0,0,112,0,112,0,23,181,0,204,274,0,274,478
07/24/2006,HEF,VA,AEA,EN,Towers with Radar,0,31,51,1,83,0,4,131,0,135,0,35,182,1,218,140,0,140,358
07/25/2006,HEF,VA,AEA,EN,Towers with Radar,0,30,55,0,85,0,8,64,0,72,0,38,119,0,157,300,0,300,457
07/26/2006,HEF,VA,AEA,EN,Towers with Radar,0,17,48,0,65,0,1,134,1,136,0,18,182,1,201,237,0,237,438
07/27/2006,HEF,VA,AEA,EN,Towers with Radar,0,13,79,5,97,0,0,103,3,106,0,13,182,8,203,272,0,272,475
07/28/2006,HEF,VA,AEA,EN,Towers with Radar,0,20,60,0,80,0,0,78,2,80,0,20,138,2,160,114,0,114,274
07/29/2006,HEF,VA,AEA,EN,Towers with Radar,0,12,40,0,52,0,1,141,0,142,0,13,181,0,194,162,0,162,356
07/30/2006,HEF,VA,AEA,EN,Towers with Radar,0,21,49,0,70,0,2,142,0,144,0,23,191,0,214,192,0,192,406
07/31/2006,HEF,VA,AEA,EN,Towers with Radar,0,17,50,0,67,0,1,120,0,121,0,18,170,0,188,238,0,238,426
08/01/2006,HEF,VA,AEA,EN,Towers with Radar,0,19,50,0,69,0,5,104,2,111,0,24,154,2,180,195,0,195,375
08/02/2006,HEF,VA,AEA,EN,Towers with Radar,0,25,65,0,90,0,0,75,0,75,0,25,140,0,165,132,0,132,297
08/03/2006,HEF,VA,AEA,EN,Towers with Radar,0,16,47,0,63,0,1,98,2,101,0,17,145,2,164,172,0,172,336
08/04/2006,HEF,VA,AEA,EN,Towers with Radar,0,21,46,0,67,0,1,79,0,80,0,22,125,0,147,166,0,166,313
08/05/2006,HEF,VA,AEA,EN,Towers with Radar,0,9,60,0,69,0,1,212,0,213,0,10,272,0,282,258,0,258,540
08/06/2006,HEF,VA,AEA,EN,Towers with Radar,0,16,63,0,79,0,0,161,0,161,0,16,224,0,240,180,0,180,420
08/07/2006,HEF,VA,AEA,EN,Towers with Radar,0,19,34,0,53,0,9,53,4,66,0,28,87,4,119,286,0,286,405
08/08/2006,HEF,VA,AEA,EN,Towers with Radar,0,18,49,3,70,0,3,122,3,128,0,21,171,6,198,216,4,220,418
08/09/2006,HEF,VA,AEA,EN,Towers with Radar,0,20,58,0,78,0,7,185,2,194,0,27,243,2,272,216,2,218,490
08/10/2006,HEF,VA,AEA,EN,Towers with Radar,0,21,49,0,70,0,1,5,0,6,0,22,54,0,76,12,0,12,88
08/11/2006,HEF,VA,AEA,EN,Towers with Radar,0,22,67,0,89,0,0,160,0,160,0,22,227,0,249,234,0,234,483
08/12/2006,HEF,VA,AEA,EN,Towers with Radar,0,19,58,0,77,0,2,176,0,178,0,21,234,0,255,280,0,280,535
08/13/2006,HEF,VA,AEA,EN,Towers with Radar,0,31,57,0,88,0,0,164,0,164,0,31,221,0,252,315,0,315,567
08/14/2006,HEF,VA,AEA,EN,Towers with Radar,0,16,45,1,62,0,0,144,0,144,0,16,189,1,206,187,0,187,393
08/15/2006,HEF,VA,AEA,EN,Towers with Radar,0,18,43,1,62,0,0,125,0,125,0,18,168,1,187,298,0,298,485
08/16/2006,HEF,VA,AEA,EN,Towers with Radar,0,21,63,0,84,0,2,179,5,186,0,23,242,5,270,232,0,232,502
08/17/2006,HEF,VA,AEA,EN,Towers with Radar,0,20,54,0,74,0,3,171,0,174,0,23,225,0,248,116,0,116,364
08/18/2006,HEF,VA,AEA,EN,Towers with Radar,0,17,65,0,82,0,0,133,0,133,0,17,198,0,215,146,0,146,361
08/19/2006,HEF,VA,AEA,EN,Towers with Radar,0,18,65,0,83,0,0,102,0,102,0,18,167,0,185,226,0,226,411
08/20/2006,HEF,VA,AEA,EN,Towers with Radar,0,9,44,2,55,0,0,99,0,99,0,9,143,2,154,155,0,155,309
08/21/2006,HEF,VA,AEA,EN,Towers with Radar,0,18,43,0,61,0,2,129,0,131,0,20,172,0,192,234,0,234,426
08/22/2006,HEF,VA,AEA,EN,Towers with Radar,0,21,38,0,59,0,0,129,0,129,0,21,167,0,188,258,0,258,446
08/23/2006,HEF,VA,AEA,EN,Towers with Radar,0,20,51,0,71,0,1,124,4,129,0,21,175,4,200,164,0,164,364
08/24/2006,HEF,VA,AEA,EN,Towers with Radar,0,16,48,0,64,0,0,116,0,116,0,16,164,0,180,262,0,262,442
08/25/2006,HEF,VA,AEA,EN,Towers with Radar,0,20,47,0,67,0,1,120,0,121,0,21,167,0,188,164,0,164,352
08/26/2006,HEF,VA,AEA,EN,Towers with Radar,0,14,45,0,59,0,0,93,0,93,0,14,138,0,152,212,0,212,364
08/27/2006,HEF,VA,AEA,EN,Towers with Radar,0,23,59,0,82,0,2,83,0,85,0,25,142,0,167,334,0,334,501
08/28/2006,HEF,VA,AEA,EN,Towers with Radar,0,14,33,2,49,0,0,216,0,216,0,14,249,2,265,129,0,129,394
08/29/2006,HEF,VA,AEA,EN,Towers with Radar,0,21,37,2,60,0,0,82,0,82,0,21,119,2,142,339,0,339,481
08/30/2006,HEF,VA,AEA,EN,Towers with Radar,0,35,49,0,84,0,2,67,1,70,0,37,116,1,154,86,0,86,240
08/31/2006,HEF,VA,AEA,EN,Towers with Radar,0,18,46,0,64,0,0,52,2,54,0,18,98,2,118,128,0,128,246
09/01/2006,HEF,VA,AEA,EN,Towers with Radar,0,15,3,0,18,0,0,0,0,0,0,15,3,0,18,0,0,0,18
09/02/2006,HEF,VA,AEA,EN,Towers with Radar,0,18,30,0,48,0,0,14,0,14,0,18,44,0,62,88,0,88,150
09/03/2006,HEF,VA,AEA,EN,Towers with Radar,0,13,33,0,46,0,0,127,4,131,0,13,160,4,177,172,0,172,349
09/04/2006,HEF,VA,AEA,EN,Towers with Radar,0,11,53,0,64,0,3,127,0,130,0,14,180,0,194,219,0,219,413
09/05/2006,HEF,VA,AEA,EN,Towers with Radar,0,21,31,0,52,0,0,2,0,2,0,21,33,0,54,52,0,52,106
09/06/2006,HEF,VA,AEA,EN,Towers with Radar,0,12,59,1,72,0,0,104,0,104,0,12,163,1,176,250,10,260,436
09/07/2006,HEF,VA,AEA,EN,Towers with Radar,0,14,74,0,88,0,0,137,0,137,0,14,211,0,225,208,0,208,433
09/08/2006,HEF,VA,AEA,EN,Towers with Radar,0,25,63,0,88,0,1,71,2,74,0,26,134,2,162,175,0,175,337
09/09/2006,HEF,VA,AEA,EN,Towers with Radar,0,13,47,0,60,0,0,149,0,149,0,13,196,0,209,146,0,146,355
09/10/2006,HEF,VA,AEA,EN,Towers with Radar,0,18,81,0,99,0,2,175,0,177,0,20,256,0,276,275,0,275,551
09/11/2006,HEF,VA,AEA,EN,Towers with Radar,0,18,49,0,67,0,0,39,2,41,0,18,88,2,108,264,0,264,372
09/12/2006,HEF,VA,AEA,EN,Towers with Radar,0,17,60,0,77,0,2,86,2,90,0,19,146,2,167,164,0,164,331
09/13/2006,HEF,VA,AEA,EN,Towers with Radar,0,19,57,0,76,0,3,52,2,57,0,22,109,2,133,132,0,132,265
09/14/2006,HEF,VA,AEA,EN,Towers with Radar,0,25,64,0,89,0,0,16,0,16,0,25,80,0,105,16,0,16,121
09/15/2006,HEF,VA,AEA,EN,Towers with Radar,0,15,58,0,73,0,0,77,0,77,0,15,135,0,150,263,0,263,413
09/16/2006,HEF,VA,AEA,EN,Towers with Radar,0,12,36,0,48,0,0,52,0,52,0,12,88,0,100,274,0,274,374
09/17/2006,HEF,VA,AEA,EN,Towers with Radar,0,21,67,0,88,0,0,178,0,178,0,21,245,0,266,272,0,272,538
09/18/2006,HEF,VA,AEA,EN,Towers with Radar,0,23,48,0,71,0,0,106,2,108,0,23,154,2,179,212,0,212,391
09/19/2006,HEF,VA,AEA,EN,Towers with Radar,0,16,46,0,62,0,2,44,0,46,0,18,90,0,108,212,0,212,320
09/20/2006,HEF,VA,AEA,EN,Towers with Radar,0,9,46,2,57,0,0,88,4,92,0,9,134,6,149,179,0,179,328
09/21/2006,HEF,VA,AEA,EN,Towers with Radar,0,14,55,0,69,0,1,137,0,138,0,15,192,0,207,84,0,84,291
09/22/2006,HEF,VA,AEA,EN,Towers with Radar,0,17,55,0,72,0,0,91,0,91,0,17,146,0,163,128,0,128,291
09/23/2006,HEF,VA,AEA,EN,Towers with Radar,0,17,40,0,57,0,4,33,0,37,0,21,73,0,94,110,0,110,204
09/24/2006,HEF,VA,AEA,EN,Towers with Radar,0,14,39,0,53,0,2,39,0,41,0,16,78,0,94,146,0,146,240
09/25/2006,HEF,VA,AEA,EN,Towers with Radar,0,18,62,0,80,0,13,102,1,116,0,31,164,1,196,215,0,215,411
09/26/2006,HEF,VA,AEA,EN,Towers with Radar,0,22,61,0,83,0,3,133,0,136,0,25,194,0,219,258,0,258,477
09/27/2006,HEF,VA,AEA,EN,Towers with Radar,0,23,55,0,78,0,4,138,0,142,0,27,193,0,220,181,0,181,401
09/28/2006,HEF,VA,AEA,EN,Towers with Radar,0,15,42,2,59,0,0,59,5,64,0,15,101,7,123,72,0,72,195
09/29/2006,HEF,VA,AEA,EN,Towers with Radar,0,18,52,0,70,0,3,87,4,94,0,21,139,4,164,136,0,136,300
09/30/2006,HEF,VA,AEA,EN,Towers with Radar,0,13,59,0,72,0,2,142,0,144,0,15,201,0,216,202,0,202,418
10/01/2006,HEF,VA,AEA,EN,Towers with Radar,0,12,57,0,69,0,0,105,0,105,0,12,162,0,174,198,0,198,372
10/02/2006,HEF,VA,AEA,EN,Towers with Radar,0,16,39,0,55,0,7,160,0,167,0,23,199,0,222,112,0,112,334
10/03/2006,HEF,VA,AEA,EN,Towers with Radar,0,14,37,0,51,0,1,131,1,133,0,15,168,1,184,262,0,262,446
10/04/2006,HEF,VA,AEA,EN,Towers with Radar,0,14,61,0,75,0,0,123,0,123,0,14,184,0,198,189,0,189,387
10/05/2006,HEF,VA,AEA,EN,Towers with Radar,0,11,67,0,78,0,0,73,0,73,0,11,140,0,151,134,0,134,285
10/06/2006,HEF,VA,AEA,EN,Towers with Radar,0,13,50,0,63,0,2,0,0,2,0,15,50,0,65,0,0,0,65
10/07/2006,HEF,VA,AEA,EN,Towers with Radar,0,16,27,0,43,0,0,0,0,0,0,16,27,0,43,0,0,0,43
10/08/2006,HEF,VA,AEA,EN,Towers with Radar,0,13,67,0,80,0,0,153,0,153,0,13,220,0,233,278,0,278,511
10/09/2006,HEF,VA,AEA,EN,Towers with Radar,0,13,58,0,71,0,1,175,0,176,0,14,233,0,247,132,0,132,379
10/10/2006,HEF,VA,AEA,EN,Towers with Radar,0,11,29,0,40,0,1,184,0,185,0,12,213,0,225,232,0,232,457
10/11/2006,HEF,VA,AEA,EN,Towers with Radar,0,5,61,0,66,0,2,28,4,34,0,7,89,4,100,296,0,296,396
10/12/2006,HEF,VA,AEA,EN,Towers with Radar,0,13,51,2,66,0,1,82,0,83,0,14,133,2,149,106,0,106,255
10/13/2006,HEF,VA,AEA,EN,Towers with Radar,0,18,58,0,76,0,2,135,0,137,0,20,193,0,213,104,0,104,317
10/14/2006,HEF,VA,AEA,EN,Towers with Radar,0,11,40,0,51,0,11,203,2,216,0,22,243,2,267,198,0,198,465
10/15/2006,HEF,VA,AEA,EN,Towers with Radar,0,15,64,0,79,0,2,178,0,180,0,17,242,0,259,136,0,136,395
10/16/2006,HEF,VA,AEA,EN,Towers with Radar,0,19,48,0,67,0,5,111,2,118,0,24,159,2,185,338,0,338,523
10/17/2006,HEF,VA,AEA,EN,Towers with Radar,0,14,42,0,56,0,0,3,0,3,0,14,45,0,59,8,0,8,67
10/18/2006,HEF,VA,AEA,EN,Towers with Radar,0,16,57,2,75,0,0,72,0,72,0,16,129,2,147,106,0,106,253
10/19/2006,HEF,VA,AEA,EN,Towers with Radar,0,20,55,0,75,0,0,2,0,2,0,20,57,0,77,0,0,0,77
10/20/2006,HEF,VA,AEA,EN,Towers with Radar,0,26,56,0,82,0,1,15,0,16,0,27,71,0,98,6,0,6,104
10/21/2006,HEF,VA,AEA,EN,Towers with Radar,0,19,63,0,82,0,0,234,0,234,0,19,297,0,316,244,0,244,560
10/22/2006,HEF,VA,AEA,EN,Towers with Radar,0,10,55,2,67,0,1,108,0,109,0,11,163,2,176,152,0,152,328
10/23/2006,HEF,VA,AEA,EN,Towers with Radar,0,19,37,0,56,0,3,109,0,112,0,22,146,0,168,186,0,186,354
10/24/2006,HEF,VA,AEA,EN,Towers with Radar,0,15,62,0,77,0,1,64,0,65,0,16,126,0,142,122,0,122,264
10/25/2006,HEF,VA,AEA,EN,Towers with Radar,0,19,39,0,58,0,1,113,3,117,0,20,152,3,175,82,0,82,257
10/26/2006,HEF,VA,AEA,EN,Towers with Radar,0,16,50,0,66,0,0,143,2,145,0,16,193,2,211,312,0,312,523
10/27/2006,HEF,VA,AEA,EN,Towers with Radar,0,16,59,0,75,0,0,26,0,26,0,16,85,0,101,220,0,220,321
10/28/2006,HEF,VA,AEA,EN,Towers with Radar,0,15,18,0,33,0,0,24,0,24,0,15,42,0,57,58,0,58,115
10/29/2006,HEF,VA,AEA,EN,Towers with Radar,0,20,47,0,67,0,0,68,0,68,0,20,115,0,135,142,0,142,277
10/30/2006,HEF,VA,AEA,EN,Towers with Radar,0,17,55,0,72,0,10,213,2,225,0,27,268,2,297,352,0,352,649
10/31/2006,HEF,VA,AEA,EN,Towers with Radar,0,10,38,0,48,0,6,127,0,133,0,16,165,0,181,345,0,345,526
11/01/2006,HEF,VA,AEA,EN,Towers with Radar,0,19,53,2,74,0,1,121,0,122,0,20,174,2,196,280,0,280,476
11/02/2006,HEF,VA,AEA,EN,Towers with Radar,0,9,50,0,59,0,0,68,0,68,0,9,118,0,127,172,0,172,299
11/03/2006,HEF,VA,AEA,EN,Towers with Radar,0,16,70,0,86,0,0,115,0,115,0,16,185,0,201,234,0,234,435
11/04/2006,HEF,VA,AEA,EN,Towers with Radar,0,14,32,0,46,0,0,178,0,178,0,14,210,0,224,334,0,334,558
11/05/2006,HEF,VA,AEA,EN,Towers with Radar,0,9,54,0,63,0,0,181,0,181,0,9,235,0,244,232,0,232,476
11/06/2006,HEF,VA,AEA,EN,Towers with Radar,0,10,48,0,58,0,1,114,0,115,0,11,162,0,173,180,0,180,353
11/07/2006,HEF,VA,AEA,EN,Towers with Radar,0,13,50,4,67,0,0,2,0,2,0,13,52,4,69,6,0,6,75
11/08/2006,HEF,VA,AEA,EN,Towers with Radar,0,20,34,0,54,0,0,0,0,0,0,20,34,0,54,4,0,4,58
11/09/2006,HEF,VA,AEA,EN,Towers with Radar,0,20,66,0,86,0,1,108,0,109,0,21,174,0,195,216,0,216,411
11/10/2006,HEF,VA,AEA,EN,Towers with Radar,0,11,59,0,70,0,4,134,0,138,0,15,193,0,208,216,0,216,424
11/11/2006,HEF,VA,AEA,EN,Towers with Radar,0,15,58,0,73,0,4,189,0,193,0,19,247,0,266,236,0,236,502
11/12/2006,HEF,VA,AEA,EN,Towers with Radar,0,17,32,0,49,0,0,0,0,0,0,17,32,0,49,0,0,0,49
11/13/2006,HEF,VA,AEA,EN,Towers with Radar,0,14,62,0,76,0,0,5,0,5,0,14,67,0,81,22,0,22,103
11/14/2006,HEF,VA,AEA,EN,Towers with Radar,0,15,54,0,69,0,2,162,0,164,0,17,216,0,233,221,0,221,454
11/15/2006,HEF,VA,AEA,EN,Towers with Radar,0,22,45,2,69,0,0,28,0,28,0,22,73,2,97,224,0,224,321
11/16/2006,HEF,VA,AEA,EN,Towers with Radar,0,17,25,2,44,0,0,0,0,0,0,17,25,2,44,10,0,10,54
11/17/2006,HEF,VA,AEA,EN,Towers with Radar,0,16,69,0,85,0,6,157,0,163,0,22,226,0,248,142,0,142,390
11/18/2006,HEF,VA,AEA,EN,Towers with Radar,0,16,33,0,49,0,0,176,0,176,0,16,209,0,225,342,0,342,567
11/19/2006,HEF,VA,AEA,EN,Towers with Radar,0,22,37,0,59,0,0,130,0,130,0,22,167,0,189,313,0,313,502
11/20/2006,HEF,VA,AEA,EN,Towers with Radar,0,13,32,0,45,0,2,88,0,90,0,15,120,0,135,228,0,228,363
11/21/2006,HEF,VA,AEA,EN,Towers with Radar,0,18,59,4,81,0,3,106,0,109,0,21,165,4,190,180,0,180,370
11/22/2006,HEF,VA,AEA,EN,Towers with Radar,0,17,45,0,62,0,0,6,0,6,0,17,51,0,68,44,0,44,112
11/23/2006,HEF,VA,AEA,EN,Towers with Radar,0,8,9,0,17,0,0,4,0,4,0,8,13,0,21,0,0,0,21
11/24/2006,HEF,VA,AEA,EN,Towers with Radar,0,18,25,0,43,0,3,125,0,128,0,21,150,0,171,246,0,246,417
11/25/2006,HEF,VA,AEA,EN,Towers with Radar,0,19,52,0,71,0,0,158,0,158,0,19,210,0,229,251,0,251,480
11/26/2006,HEF,VA,AEA,EN,Towers with Radar,0,23,63,0,86,0,0,161,0,161,0,23,224,0,247,292,0,292,539
11/27/2006,HEF,VA,AEA,EN,Towers with Radar,0,14,36,0,50,0,6,112,3,121,0,20,148,3,171,235,0,235,406
11/28/2006,HEF,VA,AEA,EN,Towers with Radar,0,13,28,0,41,0,0,114,0,114,0,13,142,0,155,284,4,288,443
11/29/2006,HEF,VA,AEA,EN,Towers with Radar,0,14,59,0,73,0,8,86,1,95,0,22,145,1,168,143,0,143,311
11/30/2006,HEF,VA,AEA,EN,Towers with Radar,0,21,50,0,71,0,1,62,2,65,0,22,112,2,136,108,0,108,244
12/01/2006,HEF,VA,AEA,EN,Towers with Radar,0,13,23,2,38,0,0,5,0,5,0,13,28,2,43,10,0,10,53
12/02/2006,HEF,VA,AEA,EN,Towers with Radar,0,5,23,0,28,0,0,129,0,129,0,5,152,0,157,200,0,200,357
12/03/2006,HEF,VA,AEA,EN,Towers with Radar,0,11,43,0,54,0,0,158,0,158,0,11,201,0,212,298,0,298,510
12/04/2006,HEF,VA,AEA,EN,Towers with Radar,0,18,32,2,52,0,0,67,0,67,0,18,99,2,119,72,0,72,191
12/05/2006,HEF,VA,AEA,EN,Towers with Radar,0,15,41,0,56,0,3,81,5,89,0,18,122,5,145,215,0,215,360
12/06/2006,HEF,VA,AEA,EN,Towers with Radar,0,11,66,0,77,0,0,84,1,85,0,11,150,1,162,228,0,228,390
12/07/2006,HEF,VA,AEA,EN,Towers with Radar,0,25,48,0,73,0,1,63,0,64,0,26,111,0,137,96,0,96,233
12/08/2006,HEF,VA,AEA,EN,Towers with Radar,0,27,43,0,70,0,0,28,0,28,0,27,71,0,98,26,0,26,124
12/09/2006,HEF,VA,AEA,EN,Towers with Radar,0,16,37,0,53,0,0,146,0,146,0,16,183,0,199,260,0,260,459
12/10/2006,HEF,VA,AEA,EN,Towers with Radar,0,11,45,0,56,0,0,131,0,131,0,11,176,0,187,197,0,197,384
12/11/2006,HEF,VA,AEA,EN,Towers with Radar,0,21,44,0,65,0,2,102,0,104,0,23,146,0,169,282,0,282,451
12/12/2006,HEF,VA,AEA,EN,Towers with Radar,0,12,54,0,66,0,2,104,2,108,0,14,158,2,174,162,0,162,336
12/13/2006,HEF,VA,AEA,EN,Towers with Radar,0,24,42,0,66,0,0,40,0,40,0,24,82,0,106,108,0,108,214
12/14/2006,HEF,VA,AEA,EN,Towers with Radar,0,18,49,0,67,0,0,83,2,85,0,18,132,2,152,132,0,132,284
12/15/2006,HEF,VA,AEA,EN,Towers with Radar,0,13,47,0,60,0,0,139,0,139,0,13,186,0,199,52,0,52,251
12/16/2006,HEF,VA,AEA,EN,Towers with Radar,0,11,45,0,56,0,2,149,0,151,0,13,194,0,207,200,0,200,407
12/17/2006,HEF,VA,AEA,EN,Towers with Radar,0,10,56,0,66,0,0,160,0,160,0,10,216,0,226,234,0,234,460
12/18/2006,HEF,VA,AEA,EN,Towers with Radar,0,6,33,0,39,0,0,96,0,96,0,6,129,0,135,140,0,140,275
12/19/2006,HEF,VA,AEA,EN,Towers with Radar,0,12,41,1,54,0,0,71,3,74,0,12,112,4,128,144,14,158,286
12/20/2006,HEF,VA,AEA,EN,Towers with Radar,0,21,42,0,63,0,2,97,0,99,0,23,139,0,162,201,0,201,363
12/21/2006,HEF,VA,AEA,EN,Towers with Radar,0,23,36,0,59,0,1,52,0,53,0,24,88,0,112,178,0,178,290
12/22/2006,HEF,VA,AEA,EN,Towers with Radar,0,12,23,0,35,0,0,0,0,0,0,12,23,0,35,0,0,0,35
12/23/2006,HEF,VA,AEA,EN,Towers with Radar,0,16,34,0,50,0,0,42,0,42,0,16,76,0,92,98,0,98,190
12/24/2006,HEF,VA,AEA,EN,Towers with Radar,0,14,21,0,35,0,4,68,0,72,0,18,89,0,107,40,0,40,147
12/25/2006,HEF,VA,AEA,EN,Towers with Radar,0,9,12,0,21,0,2,0,0,2,0,11,12,0,23,8,0,8,31
12/26/2006,HEF,VA,AEA,EN,Towers with Radar,0,14,30,0,44,0,0,11,0,11,0,14,41,0,55,95,0,95,150
12/27/2006,HEF,VA,AEA,EN,Towers with Radar,0,15,39,0,54,0,1,69,2,72,0,16,108,2,126,148,0,148,274
12/28/2006,HEF,VA,AEA,EN,Towers with Radar,0,15,48,0,63,0,0,126,0,126,0,15,174,0,189,166,0,166,355
12/29/2006,HEF,VA,AEA,EN,Towers with Radar,0,13,40,0,53,0,0,129,0,129,0,13,169,0,182,198,0,198,380
12/30/2006,HEF,VA,AEA,EN,Towers with Radar,0,16,17,0,33,0,2,67,0,69,0,18,84,0,102,115,0,115,217
12/31/2006,HEF,VA,AEA,EN,Towers with Radar,0,13,22,0,35,0,0,59,0,59,0,13,81,0,94,119,0,119,213
01/01/2007,HEF,VA,AEA,EN,Towers with Radar,0,14,19,0,33,0,0,0,0,0,0,14,19,0,33,0,0,0,33
01/02/2007,HEF,VA,AEA,EN,Towers with Radar,0,13,37,0,50,0,0,41,0,41,0,13,78,0,91,116,0,116,207
01/03/2007,HEF,VA,AEA,EN,Towers with Radar,0,18,41,0,59,0,1,96,0,97,0,19,137,0,156,146,0,146,302
01/04/2007,HEF,VA,AEA,EN,Towers with Radar,0,16,42,0,58,0,0,112,0,112,0,16,154,0,170,234,0,234,404
01/05/2007,HEF,VA,AEA,EN,Towers with Radar,0,11,30,0,41,0,1,2,0,3,0,12,32,0,44,2,0,2,46
01/06/2007,HEF,VA,AEA,EN,Towers with Radar,0,13,47,0,60,0,1,128,0,129,0,14,175,0,189,306,0,306,495
01/07/2007,HEF,VA,AEA,EN,Towers with Radar,0,13,36,0,49,0,0,119,0,119,0,13,155,0,168,189,0,189,357
01/08/2007,HEF,VA,AEA,EN,Towers with Radar,0,6,27,0,33,0,0,10,2,12,0,6,37,2,45,6,0,6,51
01/09/2007,HEF,VA,AEA,EN,Towers with Radar,0,14,27,0,41,0,2,52,2,56,0,16,79,2,97,104,0,104,201
01/10/2007,HEF,VA,AEA,EN,Towers with Radar,0,20,33,0,53,0,1,63,2,66,0,21,96,2,119,62,0,62,181
01/11/2007,HEF,VA,AEA,EN,Towers with Radar,0,23,30,0,53,0,2,119,5,126,0,25,149,5,179,110,0,110,289
01/12/2007,HEF,VA,AEA,EN,Towers with Radar,0,14,23,0,37,0,0,50,0,50,0,14,73,0,87,92,0,92,179
01/13/2007,HEF,VA,AEA,EN,Towers with Radar,0,17,22,0,39,0,0,116,0,116,0,17,138,0,155,227,0,227,382
01/14/2007,HEF,VA,AEA,EN,Towers with Radar,0,7,26,0,33,0,0,55,0,55,0,7,81,0,88,224,0,224,312
01/15/2007,HEF,VA,AEA,EN,Towers with Radar,0,14,40,0,54,0,1,67,0,68,0,15,107,0,122,134,0,134,256
01/16/2007,HEF,VA,AEA,EN,Towers with Radar,0,19,27,0,46,0,4,26,2,32,0,23,53,2,78,22,4,26,104
01/17/2007,HEF,VA,AEA,EN,Towers with Radar,0,16,43,0,59,0,7,83,9,99,0,23,126,9,158,160,0,160,318
01/18/2007,HEF,VA,AEA,EN,Towers with Radar,0,27,40,0,67,0,5,64,0,69,0,32,104,0,136,226,0,226,362
01/19/2007,HEF,VA,AEA,EN,Towers with Radar,0,20,40,0,60,0,0,32,0,32,0,20,72,0,92,86,0,86,178
01/20/2007,HEF,VA,AEA,EN,Towers with Radar,0,15,22,0,37,0,0,14,0,14,0,15,36,0,51,58,0,58,109
01/21/2007,HEF,VA,AEA,EN,Towers with Radar,0,9,9,0,18,0,0,35,0,35,0,9,44,0,53,93,0,93,146
01/22/2007,HEF,VA,AEA,EN,Towers with Radar,0,16,25,0,41,0,0,0,0,0,0,16,25,0,41,2,0,2,43
01/23/2007,HEF,VA,AEA,EN,Towers with Radar,0,11,44,0,55,0,5,89,1,95,0,16,133,1,150,132,0,132,282
01/24/2007,HEF,VA,AEA,EN,Towers with Radar,0,17,40,0,57,0,5,23,1,29,0,22,63,1,86,140,0,140,226
01/25/2007,HEF,VA,AEA,EN,Towers with Radar,0,17,29,0,46,0,0,48,1,49,0,17,77,1,95,64,0,64,159
01/26/2007,HEF,VA,AEA,EN,Towers with Radar,0,12,36,0,48,0,0,100,0,100,0,12,136,0,148,145,0,145,293
01/27/2007,HEF,VA,AEA,EN,Towers with Radar,0,19,42,0,61,0,0,196,0,196,0,19,238,0,257,190,0,190,447
01/28/2007,HEF,VA,AEA,EN,Towers with Radar,0,14,21,0,35,0,0,24,0,24,0,14,45,0,59,219,0,219,278
01/29/2007,HEF,VA,AEA,EN,Towers with Radar,0,16,20,2,38,0,0,53,2,55,0,16,73,4,93,83,6,89,182
01/30/2007,HEF,VA,AEA,EN,Towers with Radar,0,6,50,0,56,0,3,54,0,57,0,9,104,0,113,108,0,108,221
01/31/2007,HEF,VA,AEA,EN,Towers with Radar,0,13,42,0,55,0,4,96,1,101,0,17,138,1,156,168,0,168,324
02/01/2007,HEF,VA,AEA,EN,Towers with Radar,0,11,25,0,36,0,2,42,5,49,0,13,67,5,85,175,2,177,262
02/02/2007,HEF,VA,AEA,EN,Towers with Radar,0,13,44,0,57,0,0,2,0,2,0,13,46,0,59,4,0,4,63
02/03/2007,HEF,VA,AEA,EN,Towers with Radar,0,15,29,0,44,0,0,108,0,108,0,15,137,0,152,180,0,180,332
02/04/2007,HEF,VA,AEA,EN,Towers with Radar,0,9,34,0,43,0,0,75,0,75,0,9,109,0,118,186,0,186,304
02/05/2007,HEF,VA,AEA,EN,Towers with Radar,0,18,27,0,45,0,3,26,13,42,0,21,53,13,87,30,0,30,117
02/06/2007,HEF,VA,AEA,EN,Towers with Radar,0,11,36,0,47,0,1,46,5,52,0,12,82,5,99,148,0,148,247
02/07/2007,HEF,VA,AEA,EN,Towers with Radar,0,15,40,0,55,0,4,41,0,45,0,19,81,0,100,171,0,171,271
02/08/2007,HEF,VA,AEA,EN,Towers with Radar,0,18,58,0,76,0,0,61,0,61,0,18,119,0,137,78,0,78,215
02/09/2007,HEF,VA,AEA,EN,Towers with Radar,0,17,55,0,72,0,0,79,1,80,0,17,134,1,152,179,0,179,331
02/10/2007,HEF,VA,AEA,EN,Towers with Radar,0,21,26,0,47,0,0,112,0,112,0,21,138,0,159,244,0,244,403
02/11/2007,HEF,VA,AEA,EN,Towers with Radar,0,14,54,0,68,0,0,155,0,155,0,14,209,0,223,174,0,174,397
02/12/2007,HEF,VA,AEA,EN,Towers with Radar,0,16,40,0,56,0,2,134,0,136,0,18,174,0,192,210,0,210,402
02/13/2007,HEF,VA,AEA,EN,Towers with Radar,0,5,12,0,17,0,0,0,0,0,0,5,12,0,17,0,0,0,17
02/14/2007,HEF,VA,AEA,EN,Towers with Radar,0,10,28,0,38,0,2,1,0,3,0,12,29,0,41,0,0,0,41
02/15/2007,HEF,VA,AEA,EN,Towers with Radar,0,16,48,0,64,0,2,11,0,13,0,18,59,0,77,48,0,48,125
02/16/2007,HEF,VA,AEA,EN,Towers with Radar,0,14,46,0,60,0,2,85,0,87,0,16,131,0,147,64,0,64,211
02/17/2007,HEF,VA,AEA,EN,Towers with Radar,0,15,31,0,46,0,0,105,0,105,0,15,136,0,151,164,0,164,315
02/18/2007,HEF,VA,AEA,EN,Towers with Radar,0,3,27,0,30,0,0,29,0,29,0,3,56,0,59,32,0,32,91
02/19/2007,HEF,VA,AEA,EN,Towers with Radar,0,18,42,0,60,0,4,93,0,97,0,22,135,0,157,102,0,102,259
02/20/2007,HEF,VA,AEA,EN,Towers with Radar,0,15,56,0,71,0,4,72,2,78,0,19,128,2,149,118,0,118,267
02/21/2007,HEF,VA,AEA,EN,Towers with Radar,0,17,45,0,62,0,2,102,3,107,0,19,147,3,169,211,0,211,380
02/22/2007,HEF,VA,AEA,EN,Towers with Radar,0,7,30,0,37,0,5,22,0,27,0,12,52,0,64,51,0,51,115
02/23/2007,HEF,VA,AEA,EN,Towers with Radar,0,19,19,0,38,0,0,11,0,11,0,19,30,0,49,8,0,8,57
02/24/2007,HEF,VA,AEA,EN,Towers with Radar,0,17,42,0,59,0,1,220,0,221,0,18,262,0,280,273,0,273,553
02/25/2007,HEF,VA,AEA,EN,Towers with Radar,0,3,2,0,5,0,0,0,0,0,0,3,2,0,5,0,0,0,5
02/26/2007,HEF,VA,AEA,EN,Towers with Radar,0,14,30,0,44,0,2,17,0,19,0,16,47,0,63,140,0,140,203
02/27/2007,HEF,VA,AEA,EN,Towers with Radar,0,9,39,0,48,0,2,84,0,86,0,11,123,0,134,210,0,210,344
02/28/2007,HEF,VA,AEA,EN,Towers with Radar,0,19,48,0,67,0,0,129,0,129,0,19,177,0,196,142,0,142,338
03/01/2007,HEF,VA,AEA,EN,Towers with Radar,0,18,39,0,57,0,0,52,2,54,0,18,91,2,111,148,0,148,259
03/02/2007,HEF,VA,AEA,EN,Towers with Radar,0,9,43,0,52,0,0,32,0,32,0,9,75,0,84,34,0,34,118
03/03/2007,HEF,VA,AEA,EN,Towers with Radar,0,21,19,0,40,0,0,106,0,106,0,21,125,0,146,108,0,108,254
03/04/2007,HEF,VA,AEA,EN,Towers with Radar,0,11,19,0,30,0,0,45,0,45,0,11,64,0,75,24,0,24,99
03/05/2007,HEF,VA,AEA,EN,Towers with Radar,0,14,31,0,45,0,0,34,1,35,0,14,65,1,80,30,0,30,110
03/06/2007,HEF,VA,AEA,EN,Towers with Radar,0,10,43,0,53,0,2,18,2,22,0,12,61,2,75,56,0,56,131
03/07/2007,HEF,VA,AEA,EN,Towers with Radar,0,11,32,0,43,0,0,6,0,6,0,11,38,0,49,60,0,60,109
03/08/2007,HEF,VA,AEA,EN,Towers with Radar,0,11,66,0,77,0,0,84,0,84,0,11,150,0,161,98,0,98,259
03/09/2007,HEF,VA,AEA,EN,Towers with Radar,0,17,45,0,62,0,1,112,0,113,0,18,157,0,175,110,0,110,285
03/10/2007,HEF,VA,AEA,EN,Towers with Radar,0,11,49,0,60,0,0,148,0,148,0,11,197,0,208,144,0,144,352
03/11/2007,HEF,VA,AEA,EN,Towers with Radar,0,14,37,0,51,0,0,124,0,124,0,14,161,0,175,94,0,94,269
03/12/2007,HEF,VA,AEA,EN,Towers with Radar,0,4,55,0,59,0,5,98,0,103,0,9,153,0,162,232,0,232,394
03/13/2007,HEF,VA,AEA,EN,Towers with Radar,0,12,53,0,65,0,3,129,0,132,0,15,182,0,197,142,0,142,339
03/14/2007,HEF,VA,AEA,EN,Towers with Radar,0,13,45,0,58,0,2,93,0,95,0,15,138,0,153,148,0,148,301
03/15/2007,HEF,VA,AEA,EN,Towers with Radar,0,21,40,0,61,0,0,38,0,38,0,21,78,0,99,56,0,56,155
03/16/2007,HEF,VA,AEA,EN,Towers with Radar,0,11,20,0,31,0,0,0,0,0,0,11,20,0,31,0,0,0,31
03/17/2007,HEF,VA,AEA,EN,Towers with Radar,0,18,34,0,52,0,0,23,0,23,0,18,57,0,75,24,0,24,99
03/18/2007,HEF,VA,AEA,EN,Towers with Radar,0,12,40,0,52,0,0,62,0,62,0,12,102,0,114,92,0,92,206
03/19/2007,HEF,VA,AEA,EN,Towers with Radar,0,9,49,0,58,0,4,51,0,55,0,13,100,0,113,98,0,98,211
03/20/2007,HEF,VA,AEA,EN,Towers with Radar,0,10,43,0,53,0,1,67,0,68,0,11,110,0,121,206,0,206,327
03/21/2007,HEF,VA,AEA,EN,Towers with Radar,0,15,60,0,75,0,0,9,0,9,0,15,69,0,84,132,0,132,216
03/22/2007,HEF,VA,AEA,EN,Towers with Radar,0,14,42,0,56,0,0,71,2,73,0,14,113,2,129,116,0,116,245
03/23/2007,HEF,VA,AEA,EN,Towers with Radar,0,19,60,0,79,0,2,81,0,83,0,21,141,0,162,260,0,260,422
03/24/2007,HEF,VA,AEA,EN,Towers with Radar,0,14,37,0,51,0,0,2,0,2,0,14,39,0,53,48,0,48,101
03/25/2007,HEF,VA,AEA,EN,Towers with Radar,0,11,41,0,52,0,0,219,0,219,0,11,260,0,271,312,0,312,583
03/26/2007,HEF,VA,AEA,EN,Towers with Radar,0,7,36,0,43,0,0,80,2,82,0,7,116,2,125,169,0,169,294
03/27/2007,HEF,VA,AEA,EN,Towers with Radar,0,10,46,0,56,0,1,78,0,79,0,11,124,0,135,270,0,270,405
03/28/2007,HEF,VA,AEA,EN,Towers with Radar,0,9,47,0,56,0,4,83,2,89,0,13,130,2,145,250,0,250,395
03/29/2007,HEF,VA,AEA,EN,Towers with Radar,0,7,36,0,43,0,0,93,0,93,0,7,129,0,136,130,0,130,266
03/30/2007,HEF,VA,AEA,EN,Towers with Radar,0,13,46,0,59,0,1,127,1,129,0,14,173,1,188,232,0,232,420
03/31/2007,HEF,VA,AEA,EN,Towers with Radar,0,14,55,0,69,0,0,134,0,134,0,14,189,0,203,264,0,264,467
04/01/2007,HEF,VA,AEA,EN,Towers with Radar,0,16,25,0,41,0,2,21,0,23,0,18,46,0,64,198,0,198,262
04/02/2007,HEF,VA,AEA,EN,Towers with Radar,0,8,31,0,39,0,0,84,0,84,0,8,115,0,123,188,0,188,311
04/03/2007,HEF,VA,AEA,EN,Towers with Radar,0,13,55,0,68,0,0,131,2,133,0,13,186,2,201,174,0,174,375
04/04/2007,HEF,VA,AEA,EN,Towers with Radar,0,20,50,2,72,0,0,6,0,6,0,20,56,2,78,6,0,6,84
04/05/2007,HEF,VA,AEA,EN,Towers with Radar,0,17,45,0,62,0,3,38,0,41,0,20,83,0,103,54,0,54,157
04/06/2007,HEF,VA,AEA,EN,Towers with Radar,0,15,53,0,68,0,0,120,0,120,0,15,173,0,188,248,0,248,436
04/07/2007,HEF,VA,AEA,EN,Towers with Radar,0,15,27,0,42,0,0,40,0,40,0,15,67,0,82,88,0,88,170
04/08/2007,HEF,VA,AEA,EN,Towers with Radar,0,19,45,0,64,0,6,69,0,75,0,25,114,0,139,154,0,154,293
04/09/2007,HEF,VA,AEA,EN,Towers with Radar,0,22,38,0,60,0,2,107,0,109,0,24,145,0,169,164,0,164,333
04/10/2007,HEF,VA,AEA,EN,Towers with Radar,0,7,39,0,46,0,0,119,0,119,0,7,158,0,165,278,0,278,443
04/11/2007,HEF,VA,AEA,EN,Towers with Radar,0,20,57,0,77,0,0,49,0,49,0,20,106,0,126,159,0,159,285
04/12/2007,HEF,VA,AEA,EN,Towers with Radar,0,23,38,0,61,0,2,20,0,22,0,25,58,0,83,64,0,64,147
04/13/2007,HEF,VA,AEA,EN,Towers with Radar,0,22,61,0,83,0,0,74,0,74,0,22,135,0,157,142,0,142,299
04/14/2007,HEF,VA,AEA,EN,Towers with Radar,0,10,34,0,44,0,0,83,0,83,0,10,117,0,127,270,0,270,397
04/15/2007,HEF,VA,AEA,EN,Towers with Radar,0,10,26,0,36,0,1,0,0,1,0,11,26,0,37,0,0,0,37
04/16/2007,HEF,VA,AEA,EN,Towers with Radar,0,12,33,0,45,0,0,3,0,3,0,12,36,0,48,0,0,0,48
04/17/2007,HEF,VA,AEA,EN,Towers with Radar,0,17,39,0,56,0,2,14,4,20,0,19,53,4,76,4,0,4,80
04/18/2007,HEF,VA,AEA,EN,Towers with Radar,0,8,55,0,63,0,4,111,3,118,0,12,166,3,181,222,6,228,409
04/19/2007,HEF,VA,AEA,EN,Towers with Radar,0,16,55,0,71,0,3,100,0,103,0,19,155,0,174,190,0,190,364
04/20/2007,HEF,VA,AEA,EN,Towers with Radar,0,10,47,0,57,0,0,153,0,153,0,10,200,0,210,310,0,310,520
04/21/2007,HEF,VA,AEA,EN,Towers with Radar,0,12,40,0,52,0,0,245,0,245,0,12,285,0,297,200,0,200,497
04/22/2007,HEF,VA,AEA,EN,Towers with Radar,0,11,71,0,82,0,0,213,0,213,0,11,284,0,295,120,0,120,415
04/23/2007,HEF,VA,AEA,EN,Towers with Radar,0,8,46,0,54,0,2,103,0,105,0,10,149,0,159,270,0,270,429
04/24/2007,HEF,VA,AEA,EN,Towers with Radar,0,6,51,2,59,0,0,99,3,102,0,6,150,5,161,418,0,418,579
04/25/2007,HEF,VA,AEA,EN,Towers with Radar,0,19,46,0,65,0,1,4,1,6,0,20,50,1,71,260,0,260,331
04/26/2007,HEF,VA,AEA,EN,Towers with Radar,0,13,51,2,66,0,1,39,2,42,0,14,90,4,108,108,0,108,216
04/27/2007,HEF,VA,AEA,EN,Towers with Radar,0,13,48,0,61,0,0,26,0,26,0,13,74,0,87,52,0,52,139
04/28/2007,HEF,VA,AEA,EN,Towers with Radar,0,11,50,0,61,0,0,145,0,145,0,11,195,0,206,174,0,174,380
04/29/2007,HEF,VA,AEA,EN,Towers with Radar,0,18,60,1,79,0,0,140,0,140,0,18,200,1,219,232,0,232,451
04/30/2007,HEF,VA,AEA,EN,Towers with Radar,0,12,45,2,59,0,1,89,7,97,0,13,134,9,156,112,0,112,268
05/01/2007,HEF,VA,AEA,EN,Towers with Radar,0,17,57,0,74,0,1,124,0,125,0,18,181,0,199,302,0,302,501
05/02/2007,HEF,VA,AEA,EN,Towers with Radar,0,17,68,0,85,0,0,58,0,58,0,17,126,0,143,244,0,244,387
05/03/2007,HEF,VA,AEA,EN,Towers with Radar,0,15,53,0,68,0,0,93,0,93,0,15,146,0,161,186,0,186,347
05/04/2007,HEF,VA,AEA,EN,Towers with Radar,0,15,77,1,93,0,1,145,1,147,0,16,222,2,240,168,6,174,414
05/05/2007,HEF,VA,AEA,EN,Towers with Radar,0,10,41,1,52,0,2,74,1,77,0,12,115,2,129,94,0,94,223
05/06/2007,HEF,VA,AEA,EN,Towers with Radar,0,13,47,0,60,0,2,69,0,71,0,15,116,0,131,60,0,60,191
05/07/2007,HEF,VA,AEA,EN,Towers with Radar,0,6,54,1,61,0,1,89,0,90,0,7,143,1,151,242,0,242,393
05/08/2007,HEF,VA,AEA,EN,Towers with Radar,0,22,60,0,82,0,0,111,0,111,0,22,171,0,193,305,0,305,498
05/09/2007,HEF,VA,AEA,EN,Towers with Radar,0,17,63,0,80,0,1,79,0,80,0,18,142,0,160,212,0,212,372
05/10/2007,HEF,VA,AEA,EN,Towers with Radar,0,22,68,0,90,0,0,65,2,67,0,22,133,2,157,281,0,281,438
05/11/2007,HEF,VA,AEA,EN,Towers with Radar,0,8,58,0,66,0,0,84,0,84,0,8,142,0,150,217,0,217,367
05/12/2007,HEF,VA,AEA,EN,Towers with Radar,0,14,58,0,72,0,0,59,0,59,0,14,117,0,131,256,0,256,387
05/13/2007,HEF,VA,AEA,EN,Towers with Radar,0,14,49,0,63,0,0,71,0,71,0,14,120,0,134,128,0,128,262
05/14/2007,HEF,VA,AEA,EN,Towers with Radar,0,8,60,0,68,0,4,122,0,126,0,12,182,0,194,104,0,104,298
05/15/2007,HEF,VA,AEA,EN,Towers with Radar,0,13,54,0,67,0,0,118,0,118,0,13,172,0,185,129,0,129,314
05/16/2007,HEF,VA,AEA,EN,Towers with Radar,0,15,42,0,57,0,0,64,1,65,0,15,106,1,122,62,0,62,184
05/17/2007,HEF,VA,AEA,EN,Towers with Radar,0,14,60,0,74,0,0,133,0,133,0,14,193,0,207,264,0,264,471
05/18/2007,HEF,VA,AEA,EN,Towers with Radar,0,11,68,0,79,0,0,19,0,19,0,11,87,0,98,34,0,34,132
05/19/2007,HEF,VA,AEA,EN,Towers with Radar,0,17,38,0,55,0,1,106,4,111,0,18,144,4,166,204,0,204,370
05/20/2007,HEF,VA,AEA,EN,Towers with Radar,0,11,49,0,60,0,3,109,0,112,0,14,158,0,172,158,0,158,330
05/21/2007,HEF,VA,AEA,EN,Towers with Radar,0,21,51,0,72,0,2,93,0,95,0,23,144,0,167,224,0,224,391
05/22/2007,HEF,VA,AEA,EN,Towers with Radar,0,23,42,0,65,0,0,135,4,139,0,23,177,4,204,184,2,186,390
05/23/2007,HEF,VA,AEA,EN,Towers with Radar,0,11,54,0,65,0,0,97,2,99,0,11,151,2,164,274,0,274,438
05/24/2007,HEF,VA,AEA,EN,Towers with Radar,0,11,57,0,68,0,1,104,0,105,0,12,161,0,173,170,0,170,343
05/25/2007,HEF,VA,AEA,EN,Towers with Radar,0,17,75,0,92,0,0,132,0,132,0,17,207,0,224,206,0,206,430
05/26/2007,HEF,VA,AEA,EN,Towers with Radar,0,6,47,0,53,0,2,115,0,117,0,8,162,0,170,206,0,206,376
05/27/2007,HEF,VA,AEA,EN,Towers with Radar,0,7,38,0,45,0,0,85,2,87,0,7,123,2,132,216,0,216,348
05/28/2007,HEF,VA,AEA,EN,Towers with Radar,0,10,47,0,57,0,3,82,0,85,0,13,129,0,142,106,0,106,248
05/29/2007,HEF,VA,AEA,EN,Towers with Radar,0,16,71,0,87,0,3,95,1,99,0,19,166,1,186,120,0,120,306
05/30/2007,HEF,VA,AEA,EN,Towers with Radar,0,13,37,1,51,0,0,101,0,101,0,13,138,1,152,194,0,194,346
05/31/2007,HEF,VA,AEA,EN,Towers with Radar,0,9,53,0,62,0,0,95,0,95,0,9,148,0,157,138,0,138,295
06/01/2007,HEF,VA,AEA,EN,Towers with Radar,0,10,48,0,58,0,5,62,0,67,0,15,110,0,125,186,0,186,311
06/02/2007,HEF,VA,AEA,EN,Towers with Radar,0,8,35,0,43,0,0,122,0,122,0,8,157,0,165,226,0,226,391
06/03/2007,HEF,VA,AEA,EN,Towers with Radar,0,9,25,0,34,0,0,3,0,3,0,9,28,0,37,12,0,12,49
06/04/2007,HEF,VA,AEA,EN,Towers with Radar,0,16,46,0,62,0,0,50,0,50,0,16,96,0,112,108,0,108,220
06/05/2007,HEF,VA,AEA,EN,Towers with Radar,0,15,37,0,52,0,0,62,0,62,0,15,99,0,114,46,0,46,160
06/06/2007,HEF,VA,AEA,EN,Towers with Radar,0,21,64,3,88,0,0,81,0,81,0,21,145,3,169,68,0,68,237
06/07/2007,HEF,VA,AEA,EN,Towers with Radar,0,10,65,0,75,0,0,100,0,100,0,10,165,0,175,126,0,126,301
06/08/2007,HEF,VA,AEA,EN,Towers with Radar,0,10,61,0,71,0,0,78,0,78,0,10,139,0,149,170,0,170,319
06/09/2007,HEF,VA,AEA,EN,Towers with Radar,0,11,43,0,54,0,4,124,0,128,0,15,167,0,182,124,0,124,306
06/10/2007,HEF,VA,AEA,EN,Towers with Radar,0,16,51,0,67,0,0,103,0,103,0,16,154,0,170,170,0,170,340
06/11/2007,HEF,VA,AEA,EN,Towers with Radar,0,14,53,1,68,0,0,66,1,67,0,14,119,2,135,98,0,98,233
06/12/2007,HEF,VA,AEA,EN,Towers with Radar,0,9,52,0,61,0,2,45,2,49,0,11,97,2,110,96,4,100,210
06/13/2007,HEF,VA,AEA,EN,Towers with Radar,0,16,77,0,93,0,1,41,2,44,0,17,118,2,137,78,0,78,215
06/14/2007,HEF,VA,AEA,EN,Towers with Radar,0,8,84,0,92,0,5,27,0,32,0,13,111,0,124,112,0,112,236
06/15/2007,HEF,VA,AEA,EN,Towers with Radar,0,15,49,3,67,0,3,84,2,89,0,18,133,5,156,120,0,120,276
06/16/2007,HEF,VA,AEA,EN,Towers with Radar,0,7,66,0,73,0,1,151,0,152,0,8,217,0,225,278,0,278,503
06/17/2007,HEF,VA,AEA,EN,Towers with Radar,0,14,54,0,68,0,5,152,0,157,0,19,206,0,225,82,0,82,307
06/18/2007,HEF,VA,AEA,EN,Towers with Radar,0,8,62,0,70,0,1,53,0,54,0,9,115,0,124,22,0,22,146
06/19/2007,HEF,VA,AEA,EN,Towers with Radar,0,20,52,0,72,0,2,44,0,46,0,22,96,0,118,120,0,120,238
06/20/2007,HEF,VA,AEA,EN,Towers with Radar,0,9,46,0,55,0,0,75,2,77,0,9,121,2,132,136,0,136,268
06/21/2007,HEF,VA,AEA,EN,Towers with Radar,0,10,62,0,72,0,0,106,0,106,0,10,168,0,178,94,0,94,272
06/22/2007,HEF,VA,AEA,EN,Towers with Radar,0,7,74,0,81,0,0,115,0,115,0,7,189,0,196,142,0,142,338
06/23/2007,HEF,VA,AEA,EN,Towers with Radar,0,9,54,0,63,0,0,119,0,119,0,9,173,0,182,204,0,204,386
06/24/2007,HEF,VA,AEA,EN,Towers with Radar,0,13,68,0,81,0,2,133,0,135,0,15,201,0,216,222,0,222,438
06/25/2007,HEF,VA,AEA,EN,Towers with Radar,0,11,52,0,63,0,0,73,0,73,0,11,125,0,136,127,0,127,263
06/26/2007,HEF,VA,AEA,EN,Towers with Radar,0,16,59,0,75,0,0,89,1,90,0,16,148,1,165,142,0,142,307
06/27/2007,HEF,VA,AEA,EN,Towers with Radar,0,12,54,0,66,0,1,67,0,68,0,13,121,0,134,134,0,134,268
06/28/2007,HEF,VA,AEA,EN,Towers with Radar,0,13,48,0,61,0,0,56,0,56,0,13,104,0,117,92,0,92,209
06/29/2007,HEF,VA,AEA,EN,Towers with Radar,0,18,60,0,78,0,1,63,0,64,0,19,123,0,142,160,0,160,302
06/30/2007,HEF,VA,AEA,EN,Towers with Radar,0,12,46,0,58,0,2,123,0,125,0,14,169,0,183,138,0,138,321
07/01/2007,HEF,VA,AEA,EN,Towers with Radar,0,9,45,0,54,0,0,109,0,109,0,9,154,0,163,160,0,160,323
07/02/2007,HEF,VA,AEA,EN,Towers with Radar,0,10,33,0,43,0,1,99,0,100,0,11,132,0,143,30,0,30,173
07/03/2007,HEF,VA,AEA,EN,Towers with Radar,0,9,41,0,50,0,0,99,0,99,0,9,140,0,149,100,0,100,249
07/04/2007,HEF,VA,AEA,EN,Towers with Radar,0,5,22,0,27,0,0,68,0,68,0,5,90,0,95,106,0,106,201
07/05/2007,HEF,VA,AEA,EN,Towers with Radar,0,7,40,0,47,0,2,40,0,42,0,9,80,0,89,112,0,112,201
07/06/2007,HEF,VA,AEA,EN,Towers with Radar,0,10,38,0,48,0,3,134,0,137,0,13,172,0,185,240,0,240,425
07/07/2007,HEF,VA,AEA,EN,Towers with Radar,0,10,38,0,48,0,0,146,0,146,0,10,184,0,194,124,0,124,318
07/08/2007,HEF,VA,AEA,EN,Towers with Radar,0,14,75,0,89,0,0,134,0,134,0,14,209,0,223,114,0,114,337
07/09/2007,HEF,VA,AEA,EN,Towers with Radar,0,18,41,0,59,0,0,86,1,87,0,18,127,1,146,166,0,166,312
07/10/2007,HEF,VA,AEA,EN,Towers with Radar,0,19,44,0,63,0,0,79,0,79,0,19,123,0,142,186,0,186,328
07/11/2007,HEF,VA,AEA,EN,Towers with Radar,0,6,38,0,44,0,0,47,0,47,0,6,85,0,91,130,0,130,221
07/12/2007,HEF,VA,AEA,EN,Towers with Radar,0,7,61,0,68,0,3,144,0,147,0,10,205,0,215,135,0,135,350
07/13/2007,HEF,VA,AEA,EN,Towers with Radar,0,13,56,0,69,0,2,119,0,121,0,15,175,0,190,112,0,112,302
07/14/2007,HEF,VA,AEA,EN,Towers with Radar,0,10,40,0,50,0,0,144,0,144,0,10,184,0,194,144,0,144,338
07/15/2007,HEF,VA,AEA,EN,Towers with Radar,0,6,48,0,54,0,1,132,0,133,0,7,180,0,187,134,0,134,321
07/16/2007,HEF,VA,AEA,EN,Towers with Radar,0,13,68,0,81,0,3,62,0,65,0,16,130,0,146,246,0,246,392
07/17/2007,HEF,VA,AEA,EN,Towers with Radar,0,11,82,0,93,0,1,66,0,67,0,12,148,0,160,306,0,306,466
07/18/2007,HEF,VA,AEA,EN,Towers with Radar,0,7,67,0,74,0,2,79,0,81,0,9,146,0,155,136,0,136,291
07/19/2007,HEF,VA,AEA,EN,Towers with Radar,0,7,40,0,47,0,2,43,0,45,0,9,83,0,92,92,0,92,184
07/20/2007,HEF,VA,AEA,EN,Towers with Radar,0,8,56,0,64,0,4,90,0,94,0,12,146,0,158,194,0,194,352
07/21/2007,HEF,VA,AEA,EN,Towers with Radar,0,6,59,0,65,0,1,147,0,148,0,7,206,0,213,198,0,198,411
07/22/2007,HEF,VA,AEA,EN,Towers with Radar,0,5,59,0,64,0,2,138,0,140,0,7,197,0,204,126,0,126,330
07/23/2007,HEF,VA,AEA,EN,Towers with Radar,0,6,42,0,48,0,0,95,0,95,0,6,137,0,143,155,0,155,298
07/24/2007,HEF,VA,AEA,EN,Towers with Radar,0,21,39,0,60,0,0,99,0,99,0,21,138,0,159,168,0,168,327
07/25/2007,HEF,VA,AEA,EN,Towers with Radar,0,12,57,0,69,0,0,53,0,53,0,12,110,0,122,288,0,288,410
07/26/2007,HEF,VA,AEA,EN,Towers with Radar,0,14,45,0,59,0,0,88,4,92,0,14,133,4,151,110,0,110,261
07/27/2007,HEF,VA,AEA,EN,Towers with Radar,0,15,63,0,78,0,0,68,1,69,0,15,131,1,147,112,0,112,259
07/28/2007,HEF,VA,AEA,EN,Towers with Radar,0,10,36,0,46,0,1,108,0,109,0,11,144,0,155,230,0,230,385
07/29/2007,HEF,VA,AEA,EN,Towers with Radar,0,12,51,0,63,0,0,35,0,35,0,12,86,0,98,164,0,164,262
07/30/2007,HEF,VA,AEA,EN,Towers with Radar,0,10,54,0,64,0,0,26,2,28,0,10,80,2,92,146,0,146,238
07/31/2007,HEF,VA,AEA,EN,Towers with Radar,0,14,31,0,45,0,0,109,0,109,0,14,140,0,154,247,0,247,401
08/01/2007,HEF,VA,AEA,EN,Towers with Radar,0,9,51,0,60,0,0,133,0,133,0,9,184,0,193,129,2,131,324
08/02/2007,HEF,VA,AEA,EN,Towers with Radar,0,8,51,0,59,0,5,109,2,116,0,13,160,2,175,222,0,222,397
08/03/2007,HEF,VA,AEA,EN,Towers with Radar,0,8,49,0,57,0,1,58,0,59,0,9,107,0,116,230,0,230,346
08/04/2007,HEF,VA,AEA,EN,Towers with Radar,0,12,47,0,59,0,2,123,0,125,0,14,170,0,184,268,0,268,452
08/05/2007,HEF,VA,AEA,EN,Towers with Radar,0,9,72,0,81,0,1,42,0,43,0,10,114,0,124,284,0,284,408
08/06/2007,HEF,VA,AEA,EN,Towers with Radar,0,13,50,0,63,0,0,53,0,53,0,13,103,0,116,230,0,230,346
08/07/2007,HEF,VA,AEA,EN,Towers with Radar,0,12,68,0,80,0,1,98,0,99,0,13,166,0,179,202,0,202,381
08/08/2007,HEF,VA,AEA,EN,Towers with Radar,0,10,60,0,70,0,0,72,0,72,0,10,132,0,142,158,0,158,300
08/09/2007,HEF,VA,AEA,EN,Towers with Radar,0,6,41,0,47,0,0,54,0,54,0,6,95,0,101,106,0,106,207
08/10/2007,HEF,VA,AEA,EN,Towers with Radar,0,13,58,1,72,0,0,78,0,78,0,13,136,1,150,260,0,260,410
08/11/2007,HEF,VA,AEA,EN,Towers with Radar,0,13,62,0,75,0,0,131,0,131,0,13,193,0,206,224,0,224,430
08/12/2007,HEF,VA,AEA,EN,Towers with Radar,0,9,56,0,65,0,0,160,0,160,0,9,216,0,225,198,0,198,423
08/13/2007,HEF,VA,AEA,EN,Towers with Radar,0,7,51,0,58,0,0,123,0,123,0,7,174,0,181,116,0,116,297
08/14/2007,HEF,VA,AEA,EN,Towers with Radar,0,12,60,0,72,0,0,126,0,126,0,12,186,0,198,212,0,212,410
08/15/2007,HEF,VA,AEA,EN,Towers with Radar,0,10,60,0,70,0,1,132,0,133,0,11,192,0,203,192,0,192,395
08/16/2007,HEF,VA,AEA,EN,Towers with Radar,0,13,48,0,61,0,0,60,1,61,0,13,108,1,122,56,0,56,178
08/17/2007,HEF,VA,AEA,EN,Towers with Radar,0,2,72,0,74,0,3,86,2,91,0,5,158,2,165,168,0,168,333
08/18/2007,HEF,VA,AEA,EN,Towers with Radar,0,6,48,0,54,0,0,138,0,138,0,6,186,0,192,98,0,98,290
08/19/2007,HEF,VA,AEA,EN,Towers with Radar,0,6,56,0,62,0,0,71,0,71,0,6,127,0,133,216,0,216,349
08/20/2007,HEF,VA,AEA,EN,Towers with Radar,0,5,41,0,46,0,0,3,0,3,0,5,44,0,49,142,0,142,191
08/21/2007,HEF,VA,AEA,EN,Towers with Radar,0,11,31,0,42,0,0,3,0,3,0,11,34,0,45,4,0,4,49
08/22/2007,HEF,VA,AEA,EN,Towers with Radar,0,10,37,0,47,0,0,7,0,7,0,10,44,0,54,76,0,76,130
08/23/2007,HEF,VA,AEA,EN,Towers with Radar,0,12,67,0,79,0,0,12,0,12,0,12,79,0,91,110,0,110,201
08/24/2007,HEF,VA,AEA,EN,Towers with Radar,0,8,51,0,59,0,1,53,0,54,0,9,104,0,113,210,0,210,323
08/25/2007,HEF,VA,AEA,EN,Towers with Radar,0,6,42,0,48,0,0,116,0,116,0,6,158,0,164,156,0,156,320
08/26/2007,HEF,VA,AEA,EN,Towers with Radar,0,6,47,1,54,0,0,98,0,98,0,6,145,1,152,202,0,202,354
08/27/2007,HEF,VA,AEA,EN,Towers with Radar,0,10,44,0,54,0,0,146,0,146,0,10,190,0,200,154,0,154,354
08/28/2007,HEF,VA,AEA,EN,Towers with Radar,0,9,28,0,37,0,0,88,0,88,0,9,116,0,125,212,0,212,337
08/29/2007,HEF,VA,AEA,EN,Towers with Radar,0,15,42,0,57,0,3,110,0,113,0,18,152,0,170,147,0,147,317
08/30/2007,HEF,VA,AEA,EN,Towers with Radar,0,8,51,0,59,0,2,106,0,108,0,10,157,0,167,82,0,82,249
08/31/2007,HEF,VA,AEA,EN,Towers with Radar,0,20,64,0,84,0,1,82,0,83,0,21,146,0,167,194,0,194,361
09/01/2007,HEF,VA,AEA,EN,Towers with Radar,0,8,31,0,39,0,2,117,0,119,0,10,148,0,158,208,0,208,366
09/02/2007,HEF,VA,AEA,EN,Towers with Radar,0,13,36,0,49,0,2,141,0,143,0,15,177,0,192,110,0,110,302
09/03/2007,HEF,VA,AEA,EN,Towers with Radar,0,11,62,0,73,0,0,104,0,104,0,11,166,0,177,140,0,140,317
09/04/2007,HEF,VA,AEA,EN,Towers with Radar,0,12,49,0,61,0,0,93,0,93,0,12,142,0,154,98,0,98,252
09/05/2007,HEF,VA,AEA,EN,Towers with Radar,0,10,45,0,55,0,1,106,6,113,0,11,151,6,168,182,0,182,350
09/06/2007,HEF,VA,AEA,EN,Towers with Radar,0,9,55,0,64,0,3,91,5,99,0,12,146,5,163,216,0,216,379
09/07/2007,HEF,VA,AEA,EN,Towers with Radar,0,14,60,0,74,0,1,95,0,96,0,15,155,0,170,174,0,174,344
09/08/2007,HEF,VA,AEA,EN,Towers with Radar,0,15,27,0,42,0,0,123,0,123,0,15,150,0,165,238,0,238,403
09/09/2007,HEF,VA,AEA,EN,Towers with Radar,0,13,41,0,54,0,0,111,0,111,0,13,152,0,165,182,0,182,347
09/10/2007,HEF,VA,AEA,EN,Towers with Radar,0,15,62,0,77,0,0,60,0,60,0,15,122,0,137,200,0,200,337
09/11/2007,HEF,VA,AEA,EN,Towers with Radar,0,10,47,0,57,0,0,25,0,25,0,10,72,0,82,148,0,148,230
09/12/2007,HEF,VA,AEA,EN,Towers with Radar,0,11,62,0,73,0,0,133,0,133,0,11,195,0,206,194,0,194,400
09/13/2007,HEF,VA,AEA,EN,Towers with Radar,0,15,53,0,68,0,1,122,0,123,0,16,175,0,191,240,0,240,431
09/14/2007,HEF,VA,AEA,EN,Towers with Radar,0,13,55,0,68,0,0,63,0,63,0,13,118,0,131,146,0,146,277
09/15/2007,HEF,VA,AEA,EN,Towers with Radar,0,7,32,0,39,0,0,72,0,72,0,7,104,0,111,140,0,140,251
09/16/2007,HEF,VA,AEA,EN,Towers with Radar,0,9,63,0,72,0,0,169,0,169,0,9,232,0,241,169,0,169,410
09/17/2007,HEF,VA,AEA,EN,Towers with Radar,0,10,45,0,55,0,0,86,0,86,0,10,131,0,141,332,0,332,473
09/18/2007,HEF,VA,AEA,EN,Towers with Radar,0,12,51,1,64,0,1,136,3,140,0,13,187,4,204,90,0,90,294
09/19/2007,HEF,VA,AEA,EN,Towers with Radar,0,12,52,0,64,0,1,130,2,133,0,13,182,2,197,266,0,266,463
09/20/2007,HEF,VA,AEA,EN,Towers with Radar,0,9,70,2,81,0,1,120,0,121,0,10,190,2,202,186,0,186,388
09/21/2007,HEF,VA,AEA,EN,Towers with Radar,0,8,64,0,72,0,0,149,0,149,0,8,213,0,221,226,0,226,447
09/22/2007,HEF,VA,AEA,EN,Towers with Radar,0,10,61,0,71,0,0,109,0,109,0,10,170,0,180,266,0,266,446
09/23/2007,HEF,VA,AEA,EN,Towers with Radar,0,7,64,0,71,0,0,128,0,128,0,7,192,0,199,208,0,208,407
09/24/2007,HEF,VA,AEA,EN,Towers with Radar,0,11,46,0,57,0,0,104,0,104,0,11,150,0,161,260,0,260,421
09/25/2007,HEF,VA,AEA,EN,Towers with Radar,0,13,38,2,53,0,2,111,0,113,0,15,149,2,166,284,0,284,450
09/26/2007,HEF,VA,AEA,EN,Towers with Radar,0,15,64,0,79,0,4,66,0,70,0,19,130,0,149,398,0,398,547
09/27/2007,HEF,VA,AEA,EN,Towers with Radar,0,9,50,0,59,0,2,80,0,82,0,11,130,0,141,198,0,198,339
09/28/2007,HEF,VA,AEA,EN,Towers with Radar,0,15,61,0,76,0,2,81,0,83,0,17,142,0,159,56,0,56,215
09/29/2007,HEF,VA,AEA,EN,Towers with Radar,0,10,51,0,61,0,0,124,0,124,0,10,175,0,185,142,0,142,327
09/30/2007,HEF,VA,AEA,EN,Towers with Radar,0,12,56,0,68,0,0,132,0,132,0,12,188,0,200,134,0,134,334
10/01/2007,HEF,VA,AEA,EN,Towers with Radar,0,5,50,0,55,0,0,90,0,90,0,5,140,0,145,136,0,136,281
10/02/2007,HEF,VA,AEA,EN,Towers with Radar,0,13,51,0,64,0,0,101,0,101,0,13,152,0,165,198,0,198,363
10/03/2007,HEF,VA,AEA,EN,Towers with Radar,0,17,70,0,87,0,0,88,0,88,0,17,158,0,175,136,0,136,311
10/04/2007,HEF,VA,AEA,EN,Towers with Radar,0,10,64,0,74,0,0,92,0,92,0,10,156,0,166,134,0,134,300
10/05/2007,HEF,VA,AEA,EN,Towers with Radar,0,9,75,0,84,0,0,42,0,42,0,9,117,0,126,272,0,272,398
10/06/2007,HEF,VA,AEA,EN,Towers with Radar,0,8,47,0,55,0,1,28,0,29,0,9,75,0,84,234,0,234,318
10/07/2007,HEF,VA,AEA,EN,Towers with Radar,0,10,84,0,94,0,0,126,0,126,0,10,210,0,220,116,0,116,336
10/08/2007,HEF,VA,AEA,EN,Towers with Radar,0,11,47,0,58,0,0,94,0,94,0,11,141,0,152,128,0,128,280
10/09/2007,HEF,VA,AEA,EN,Towers with Radar,0,16,54,0,70,0,3,88,0,91,0,19,142,0,161,168,0,168,329
10/10/2007,HEF,VA,AEA,EN,Towers with Radar,0,10,50,0,60,0,6,112,0,118,0,16,162,0,178,158,0,158,336
10/11/2007,HEF,VA,AEA,EN,Towers with Radar,0,5,64,0,69,0,2,44,0,46,0,7,108,0,115,52,0,52,167
10/12/2007,HEF,VA,AEA,EN,Towers with Radar,0,7,55,0,62,0,0,57,0,57,0,7,112,0,119,46,0,46,165
10/13/2007,HEF,VA,AEA,EN,Towers with Radar,0,9,36,0,45,0,0,151,0,151,0,9,187,0,196,240,0,240,436
10/14/2007,HEF,VA,AEA,EN,Towers with Radar,0,12,77,0,89,0,0,135,0,135,0,12,212,0,224,98,0,98,322
10/15/2007,HEF,VA,AEA,EN,Towers with Radar,0,10,49,0,59,0,6,113,2,121,0,16,162,2,180,180,0,180,360
10/16/2007,HEF,VA,AEA,EN,Towers with Radar,0,11,49,0,60,0,4,89,0,93,0,15,138,0,153,182,0,182,335
10/17/2007,HEF,VA,AEA,EN,Towers with Radar,0,14,42,0,56,0,7,104,4,115,0,21,146,4,171,160,0,160,331
10/18/2007,HEF,VA,AEA,EN,Towers with Radar,0,16,40,0,56,0,1,71,1,73,0,17,111,1,129,150,0,150,279
10/19/2007,HEF,VA,AEA,EN,Towers with Radar,0,11,47,0,58,0,4,0,3,7,0,15,47,3,65,22,0,22,87
10/20/2007,HEF,VA,AEA,EN,Towers with Radar,0,9,108,2,119,0,1,50,4,55,0,10,158,6,174,156,0,156,330
10/21/2007,HEF,VA,AEA,EN,Towers with Radar,0,5,68,0,73,0,0,136,0,136,0,5,204,0,209,166,0,166,375
10/22/2007,HEF,VA,AEA,EN,Towers with Radar,0,9,49,0,58,0,1,78,0,79,0,10,127,0,137,180,0,180,317
10/23/2007,HEF,VA,AEA,EN,Towers with Radar,0,15,44,0,59,0,1,34,0,35,0,16,78,0,94,116,0,116,210
10/24/2007,HEF,VA,AEA,EN,Towers with Radar,0,9,35,1,45,0,0,4,0,4,0,9,39,1,49,162,0,162,211
10/25/2007,HEF,VA,AEA,EN,Towers with Radar,0,21,39,0,60,0,0,0,0,0,0,21,39,0,60,0,0,0,60
10/26/2007,HEF,VA,AEA,EN,Towers with Radar,0,10,41,0,51,0,0,0,0,0,0,10,41,0,51,0,0,0,51
10/27/2007,HEF,VA,AEA,EN,Towers with Radar,0,8,39,0,47,0,0,96,0,96,0,8,135,0,143,198,0,198,341
10/28/2007,HEF,VA,AEA,EN,Towers with Radar,0,14,66,0,80,0,0,106,0,106,0,14,172,0,186,112,0,112,298
10/29/2007,HEF,VA,AEA,EN,Towers with Radar,0,12,36,0,48,0,0,146,0,146,0,12,182,0,194,164,0,164,358
10/30/2007,HEF,VA,AEA,EN,Towers with Radar,0,12,50,0,62,0,3,123,0,126,0,15,173,0,188,258,0,258,446
10/31/2007,HEF,VA,AEA,EN,Towers with Radar,0,11,46,0,57,0,0,96,0,96,0,11,142,0,153,248,0,248,401
11/01/2007,HEF,VA,AEA,EN,Towers with Radar,0,12,67,0,79,0,0,95,0,95,0,12,162,0,174,182,0,182,356
11/02/2007,HEF,VA,AEA,EN,Towers with Radar,0,6,82,0,88,0,0,110,0,110,0,6,192,0,198,152,0,152,350
11/03/2007,HEF,VA,AEA,EN,Towers with Radar,0,12,27,0,39,0,0,111,0,111,0,12,138,0,150,266,0,266,416
11/04/2007,HEF,VA,AEA,EN,Towers with Radar,0,9,57,0,66,0,0,188,0,188,0,9,245,0,254,158,0,158,412
11/05/2007,HEF,VA,AEA,EN,Towers with Radar,0,8,35,0,43,0,0,131,0,131,0,8,166,0,174,164,0,164,338
11/06/2007,HEF,VA,AEA,EN,Towers with Radar,0,12,40,0,52,0,0,32,0,32,0,12,72,0,84,52,0,52,136
11/07/2007,HEF,VA,AEA,EN,Towers with Radar,0,14,51,0,65,0,1,96,0,97,0,15,147,0,162,162,0,162,324
11/08/2007,HEF,VA,AEA,EN,Towers with Radar,0,11,66,0,77,0,2,136,2,140,0,13,202,2,217,142,0,142,359
11/09/2007,HEF,VA,AEA,EN,Towers with Radar,0,7,51,0,58,0,4,18,0,22,0,11,69,0,80,128,0,128,208
11/10/2007,HEF,VA,AEA,EN,Towers with Radar,0,9,27,0,36,0,0,41,0,41,0,9,68,0,77,242,0,242,319
11/11/2007,HEF,VA,AEA,EN,Towers with Radar,0,3,67,0,70,0,0,153,2,155,0,3,220,2,225,130,0,130,355
11/12/2007,HEF,VA,AEA,EN,Towers with Radar,0,12,56,0,68,0,0,111,0,111,0,12,167,0,179,200,0,200,379
11/13/2007,HEF,VA,AEA,EN,Towers with Radar,0,5,49,0,54,0,0,94,0,94,0,5,143,0,148,144,0,144,292
11/14/2007,HEF,VA,AEA,EN,Towers with Radar,0,14,66,0,80,0,1,77,0,78,0,15,143,0,158,152,0,152,310
11/15/2007,HEF,VA,AEA,EN,Towers with Radar,0,7,36,0,43,0,0,13,0,13,0,7,49,0,56,62,0,62,118
11/16/2007,HEF,VA,AEA,EN,Towers with Radar,0,14,41,0,55,0,0,18,0,18,0,14,59,0,73,102,0,102,175
11/17/2007,HEF,VA,AEA,EN,Towers with Radar,0,5,36,0,41,0,0,140,0,140,0,5,176,0,181,338,0,338,519
11/18/2007,HEF,VA,AEA,EN,Towers with Radar,0,5,39,0,44,0,0,153,0,153,0,5,192,0,197,222,0,222,419
11/19/2007,HEF,VA,AEA,EN,Towers with Radar,0,9,49,0,58,0,6,15,0,21,0,15,64,0,79,242,0,242,321
11/20/2007,HEF,VA,AEA,EN,Towers with Radar,0,8,59,0,67,0,2,70,0,72,0,10,129,0,139,242,0,242,381
11/21/2007,HEF,VA,AEA,EN,Towers with Radar,0,21,61,0,82,0,5,115,2,122,0,26,176,2,204,298,0,298,502
11/22/2007,HEF,VA,AEA,EN,Towers with Radar,0,10,12,0,22,0,3,20,2,25,0,13,32,2,47,2,0,2,49
11/23/2007,HEF,VA,AEA,EN,Towers with Radar,0,7,12,0,19,0,0,52,0,52,0,7,64,0,71,56,0,56,127
11/24/2007,HEF,VA,AEA,EN,Towers with Radar,0,9,47,0,56,0,0,159,0,159,0,9,206,0,215,278,0,278,493
11/25/2007,HEF,VA,AEA,EN,Towers with Radar,0,15,67,0,82,0,0,157,0,157,0,15,224,0,239,182,0,182,421
11/26/2007,HEF,VA,AEA,EN,Towers with Radar,0,11,32,0,43,0,0,0,0,0,0,11,32,0,43,6,0,6,49
11/27/2007,HEF,VA,AEA,EN,Towers with Radar,0,11,46,0,57,0,2,45,2,49,0,13,91,2,106,66,0,66,172
11/28/2007,HEF,VA,AEA,EN,Towers with Radar,0,14,65,0,79,0,1,128,0,129,0,15,193,0,208,363,0,363,571
11/29/2007,HEF,VA,AEA,EN,Towers with Radar,0,11,62,0,73,0,3,94,0,97,0,14,156,0,170,120,0,120,290
11/30/2007,HEF,VA,AEA,EN,Towers with Radar,0,10,58,0,68,0,0,144,2,146,0,10,202,2,214,156,6,162,376
12/01/2007,HEF,VA,AEA,EN,Towers with Radar,0,8,46,0,54,0,0,135,0,135,0,8,181,0,189,244,0,244,433
12/02/2007,HEF,VA,AEA,EN,Towers with Radar,0,9,35,0,44,0,1,30,0,31,0,10,65,0,75,90,0,90,165
12/03/2007,HEF,VA,AEA,EN,Towers with Radar,0,24,36,0,60,0,0,9,0,9,0,24,45,0,69,8,0,8,77
12/04/2007,HEF,VA,AEA,EN,Towers with Radar,0,13,43,0,56,0,0,26,0,26,0,13,69,0,82,10,0,10,92
12/05/2007,HEF,VA,AEA,EN,Towers with Radar,1,7,26,0,34,0,0,0,0,0,1,7,26,0,34,0,0,0,34
12/06/2007,HEF,VA,AEA,EN,Towers with Radar,0,21,44,0,65,0,0,79,0,79,0,21,123,0,144,96,0,96,240
12/07/2007,HEF,VA,AEA,EN,Towers with Radar,0,20,35,0,55,0,0,21,0,21,0,20,56,0,76,62,0,62,138
12/08/2007,HEF,VA,AEA,EN,Towers with Radar,0,16,41,0,57,0,0,100,0,100,0,16,141,0,157,222,0,222,379
12/09/2007,HEF,VA,AEA,EN,Towers with Radar,0,10,47,0,57,0,0,0,0,0,0,10,47,0,57,0,0,0,57
12/10/2007,HEF,VA,AEA,EN,Towers with Radar,0,13,47,0,60,0,0,6,0,6,0,13,53,0,66,34,0,34,100
12/11/2007,HEF,VA,AEA,EN,Towers with Radar,0,20,44,0,64,0,0,0,0,0,0,20,44,0,64,0,0,0,64
12/12/2007,HEF,VA,AEA,EN,Towers with Radar,0,16,54,0,70,0,0,100,0,100,0,16,154,0,170,106,0,106,276
12/13/2007,HEF,VA,AEA,EN,Towers with Radar,0,15,27,0,42,0,0,11,0,11,0,15,38,0,53,168,0,168,221
12/14/2007,HEF,VA,AEA,EN,Towers with Radar,3,14,60,0,77,0,0,136,1,137,3,14,196,1,214,204,0,204,418
12/15/2007,HEF,VA,AEA,EN,Towers with Radar,0,12,23,0,35,0,0,85,0,85,0,12,108,0,120,344,0,344,464
12/16/2007,HEF,VA,AEA,EN,Towers with Radar,1,4,19,0,24,0,0,0,0,0,1,4,19,0,24,0,0,0,24
12/17/2007,HEF,VA,AEA,EN,Towers with Radar,0,11,42,0,53,0,0,44,0,44,0,11,86,0,97,24,0,24,121
12/18/2007,HEF,VA,AEA,EN,Towers with Radar,0,12,52,1,65,0,0,131,2,133,0,12,183,3,198,200,2,202,400
12/19/2007,HEF,VA,AEA,EN,Towers with Radar,0,17,57,0,74,0,0,69,2,71,0,17,126,2,145,292,0,292,437
12/20/2007,HEF,VA,AEA,EN,Towers with Radar,0,14,67,0,81,0,0,114,0,114,0,14,181,0,195,160,0,160,355
12/21/2007,HEF,VA,AEA,EN,Towers with Radar,0,13,49,0,62,0,0,106,2,108,0,13,155,2,170,158,0,158,328
12/22/2007,HEF,VA,AEA,EN,Towers with Radar,1,13,60,0,74,0,0,25,0,25,1,13,85,0,99,340,0,340,439
12/23/2007,HEF,VA,AEA,EN,Towers with Radar,0,10,21,0,31,0,0,1,0,1,0,10,22,0,32,0,0,0,32
12/24/2007,HEF,VA,AEA,EN,Towers with Radar,0,12,25,0,37,0,0,94,0,94,0,12,119,0,131,70,0,70,201
12/25/2007,HEF,VA,AEA,EN,Towers with Radar,0,9,19,0,28,0,1,34,0,35,0,10,53,0,63,80,0,80,143
12/26/2007,HEF,VA,AEA,EN,Towers with Radar,0,23,30,0,53,0,0,21,0,21,0,23,51,0,74,74,0,74,148
12/27/2007,HEF,VA,AEA,EN,Towers with Radar,0,17,45,0,62,0,0,134,0,134,0,17,179,0,196,164,0,164,360
12/28/2007,HEF,VA,AEA,EN,Towers with Radar,0,13,32,0,45,0,0,48,0,48,0,13,80,0,93,102,0,102,195
12/29/2007,HEF,VA,AEA,EN,Towers with Radar,0,11,33,0,44,0,0,80,0,80,0,11,113,0,124,198,0,198,322
12/30/2007,HEF,VA,AEA,EN,Towers with Radar,0,6,18,0,24,0,0,54,0,54,0,6,72,0,78,130,0,130,208
12/31/2007,HEF,VA,AEA,EN,Towers with Radar,2,7,25,0,34,0,0,97,0,97,2,7,122,0,131,64,0,64,195
01/01/2008,HEF,VA,AEA,EN,Towers with Radar,0,15,15,0,30,0,0,25,0,25,0,15,40,0,55,40,0,40,95
01/02/2008,HEF,VA,AEA,EN,Towers with Radar,0,12,15,0,27,0,0,6,0,6,0,12,21,0,33,0,0,0,33
01/03/2008,HEF,VA,AEA,EN,Towers with Radar,0,15,37,0,52,0,0,80,0,80,0,15,117,0,132,58,0,58,190
01/04/2008,HEF,VA,AEA,EN,Towers with Radar,0,13,38,2,53,0,0,107,0,107,0,13,145,2,160,208,0,208,368
01/05/2008,HEF,VA,AEA,EN,Towers with Radar,0,10,42,0,52,0,0,131,0,131,0,10,173,0,183,216,0,216,399
01/06/2008,HEF,VA,AEA,EN,Towers with Radar,0,11,27,0,38,0,0,99,0,99,0,11,126,0,137,236,0,236,373
01/07/2008,HEF,VA,AEA,EN,Towers with Radar,0,11,16,3,30,0,0,101,0,101,0,11,117,3,131,148,0,148,279
01/08/2008,HEF,VA,AEA,EN,Towers with Radar,1,10,36,1,48,0,0,52,0,52,1,10,88,1,100,59,2,61,161
01/09/2008,HEF,VA,AEA,EN,Towers with Radar,0,9,16,0,25,0,0,28,0,28,0,9,44,0,53,74,0,74,127
01/10/2008,HEF,VA,AEA,EN,Towers with Radar,0,13,39,1,53,0,0,65,0,65,0,13,104,1,118,150,0,150,268
01/11/2008,HEF,VA,AEA,EN,Towers with Radar,0,7,39,0,46,0,0,27,2,29,0,7,66,2,75,56,0,56,131
01/12/2008,HEF,VA,AEA,EN,Towers with Radar,2,7,45,0,54,0,0,202,1,203,2,7,247,1,257,270,0,270,527
01/13/2008,HEF,VA,AEA,EN,Towers with Radar,2,13,33,0,48,0,0,80,0,80,2,13,113,0,128,240,0,240,368
01/14/2008,HEF,VA,AEA,EN,Towers with Radar,2,10,30,0,42,0,0,77,1,78,2,10,107,1,120,202,0,202,322
01/15/2008,HEF,VA,AEA,EN,Towers with Radar,2,10,37,0,49,0,0,51,2,53,2,10,88,2,102,102,0,102,204
01/16/2008,HEF,VA,AEA,EN,Towers with Radar,2,14,51,3,70,0,0,122,5,127,2,14,173,8,197,268,0,268,465
01/17/2008,HEF,VA,AEA,EN,Towers with Radar,0,11,18,0,29,0,0,1,0,1,0,11,19,0,30,30,0,30,60
01/18/2008,HEF,VA,AEA,EN,Towers with Radar,4,11,51,1,67,0,0,29,0,29,4,11,80,1,96,38,0,38,134
01/19/2008,HEF,VA,AEA,EN,Towers with Radar,2,7,14,0,23,0,0,116,0,116,2,7,130,0,139,276,0,276,415
01/20/2008,HEF,VA,AEA,EN,Towers with Radar,2,8,11,0,21,0,0,46,0,46,2,8,57,0,67,56,0,56,123
01/21/2008,HEF,VA,AEA,EN,Towers with Radar,0,13,39,0,52,0,0,115,0,115,0,13,154,0,167,174,0,174,341
01/22/2008,HEF,VA,AEA,EN,Towers with Radar,0,7,20,0,27,0,0,16,2,18,0,7,36,2,45,154,0,154,199
01/23/2008,HEF,VA,AEA,EN,Towers with Radar,4,12,48,0,64,0,0,141,0,141,4,12,189,0,205,142,0,142,347
01/24/2008,HEF,VA,AEA,EN,Towers with Radar,1,17,31,0,49,0,0,75,0,75,1,17,106,0,124,256,0,256,380
01/25/2008,HEF,VA,AEA,EN,Towers with Radar,2,11,56,0,69,0,0,107,0,107,2,11,163,0,176,142,0,142,318
01/26/2008,HEF,VA,AEA,EN,Towers with Radar,3,7,39,0,49,0,0,176,0,176,3,7,215,0,225,198,0,198,423
01/27/2008,HEF,VA,AEA,EN,Towers with Radar,0,11,45,0,56,0,0,120,0,120,0,11,165,0,176,182,0,182,358
01/28/2008,HEF,VA,AEA,EN,Towers with Radar,0,13,31,2,46,0,0,96,0,96,0,13,127,2,142,148,0,148,290
01/29/2008,HEF,VA,AEA,EN,Towers with Radar,2,10,27,0,39,0,0,37,0,37,2,10,64,0,76,284,0,284,360
01/30/2008,HEF,VA,AEA,EN,Towers with Radar,3,13,36,0,52,0,0,36,2,38,3,13,72,2,90,12,0,12,102
01/31/2008,HEF,VA,AEA,EN,Towers with Radar,3,14,45,0,62,0,0,132,0,132,3,14,177,0,194,252,0,252,446
02/01/2008,HEF,VA,AEA,EN,Towers with Radar,5,9,32,0,46,0,0,0,0,0,5,9,32,0,46,4,0,4,50
02/02/2008,HEF,VA,AEA,EN,Towers with Radar,5,6,46,0,57,0,0,149,0,149,5,6,195,0,206,342,0,342,548
02/03/2008,HEF,VA,AEA,EN,Towers with Radar,1,9,34,0,44,0,0,159,0,159,1,9,193,0,203,348,0,348,551
02/04/2008,HEF,VA,AEA,EN,Towers with Radar,2,19,35,0,56,0,0,67,0,67,2,19,102,0,123,348,0,348,471
02/05/2008,HEF,VA,AEA,EN,Towers with Radar,2,19,50,0,71,0,0,62,0,62,2,19,112,0,133,112,0,112,245
02/06/2008,HEF,VA,AEA,EN,Towers with Radar,2,20,41,0,63,0,0,29,0,29,2,20,70,0,92,30,0,30,122
02/07/2008,HEF,VA,AEA,EN,Towers with Radar,0,16,53,0,69,0,1,95,0,96,0,17,148,0,165,106,0,106,271
02/08/2008,HEF,VA,AEA,EN,Towers with Radar,3,17,59,0,79,0,0,137,0,137,3,17,196,0,216,196,0,196,412
02/09/2008,HEF,VA,AEA,EN,Towers with Radar,0,9,23,1,33,0,0,112,0,112,0,9,135,1,145,312,0,312,457
02/10/2008,HEF,VA,AEA,EN,Towers with Radar,0,16,23,0,39,0,1,9,0,10,0,17,32,0,49,24,0,24,73
02/11/2008,HEF,VA,AEA,EN,Towers with Radar,0,10,30,0,40,0,0,98,0,98,0,10,128,0,138,160,0,160,298
02/12/2008,HEF,VA,AEA,EN,Towers with Radar,0,11,26,0,37,0,0,26,0,26,0,11,52,0,63,144,0,144,207
02/13/2008,HEF,VA,AEA,EN,Towers with Radar,2,19,27,0,48,0,0,1,0,1,2,19,28,0,49,0,0,0,49
02/14/2008,HEF,VA,AEA,EN,Towers with Radar,0,18,53,0,71,0,0,90,2,92,0,18,143,2,163,66,0,66,229
02/15/2008,HEF,VA,AEA,EN,Towers with Radar,0,18,67,0,85,0,0,110,0,110,0,18,177,0,195,242,0,242,437
02/16/2008,HEF,VA,AEA,EN,Towers with Radar,0,15,50,2,67,0,0,190,0,190,0,15,240,2,257,211,0,211,468
02/17/2008,HEF,VA,AEA,EN,Towers with Radar,0,10,41,2,53,0,0,53,0,53,0,10,94,2,106,332,0,332,438
02/18/2008,HEF,VA,AEA,EN,Towers with Radar,1,11,43,0,55,0,0,32,0,32,1,11,75,0,87,112,0,112,199
02/19/2008,HEF,VA,AEA,EN,Towers with Radar,1,24,46,0,71,0,0,39,0,39,1,24,85,0,110,34,0,34,144
02/20/2008,HEF,VA,AEA,EN,Towers with Radar,0,16,31,0,47,0,0,26,0,26,0,16,57,0,73,158,0,158,231
02/21/2008,HEF,VA,AEA,EN,Towers with Radar,1,14,55,0,70,0,0,118,1,119,1,14,173,1,189,196,0,196,385
02/22/2008,HEF,VA,AEA,EN,Towers with Radar,1,10,19,0,30,0,0,0,0,0,1,10,19,0,30,0,0,0,30
02/23/2008,HEF,VA,AEA,EN,Towers with Radar,0,10,16,0,26,0,0,11,0,11,0,10,27,0,37,114,0,114,151
02/24/2008,HEF,VA,AEA,EN,Towers with Radar,0,9,62,0,71,0,0,175,0,175,0,9,237,0,246,260,0,260,506
02/25/2008,HEF,VA,AEA,EN,Towers with Radar,1,13,42,0,56,0,0,105,0,105,1,13,147,0,161,328,0,328,489
02/26/2008,HEF,VA,AEA,EN,Towers with Radar,0,16,28,0,44,0,0,4,0,4,0,16,32,0,48,0,0,0,48
02/27/2008,HEF,VA,AEA,EN,Towers with Radar,0,9,43,0,52,0,0,46,0,46,0,9,89,0,98,36,0,36,134
02/28/2008,HEF,VA,AEA,EN,Towers with Radar,0,9,56,3,68,0,0,125,0,125,0,9,181,3,193,256,0,256,449
02/29/2008,HEF,VA,AEA,EN,Towers with Radar,0,14,63,0,77,0,0,91,0,91,0,14,154,0,168,140,0,140,308
03/01/2008,HEF,VA,AEA,EN,Towers with Radar,1,15,24,0,40,0,0,36,0,36,1,15,60,0,76,60,0,60,136
03/02/2008,HEF,VA,AEA,EN,Towers with Radar,0,7,69,0,76,0,0,207,2,209,0,7,276,2,285,390,0,390,675
03/03/2008,HEF,VA,AEA,EN,Towers with Radar,1,8,50,0,59,0,0,57,0,57,1,8,107,0,116,56,0,56,172
03/04/2008,HEF,VA,AEA,EN,Towers with Radar,1,17,33,0,51,0,0,17,0,17,1,17,50,0,68,34,0,34,102
03/05/2008,HEF,VA,AEA,EN,Towers with Radar,0,14,49,0,63,0,0,75,0,75,0,14,124,0,138,116,0,116,254
03/06/2008,HEF,VA,AEA,EN,Towers with Radar,0,21,65,1,87,0,0,145,2,147,0,21,210,3,234,266,0,266,500
03/07/2008,HEF,VA,AEA,EN,Towers with Radar,0,14,39,0,53,0,0,28,0,28,0,14,67,0,81,114,0,114,195
03/08/2008,HEF,VA,AEA,EN,Towers with Radar,0,10,20,0,30,0,0,1,0,1,0,10,21,0,31,12,0,12,43
03/09/2008,HEF,VA,AEA,EN,Towers with Radar,0,13,52,0,65,0,0,109,0,109,0,13,161,0,174,220,0,220,394
03/10/2008,HEF,VA,AEA,EN,Towers with Radar,0,11,48,1,60,0,0,119,0,119,0,11,167,1,179,256,0,256,435
03/11/2008,HEF,VA,AEA,EN,Towers with Radar,1,16,37,1,55,0,0,118,0,118,1,16,155,1,173,230,0,230,403
03/12/2008,HEF,VA,AEA,EN,Towers with Radar,0,16,58,0,74,0,0,71,0,71,0,16,129,0,145,188,0,188,333
03/13/2008,HEF,VA,AEA,EN,Towers with Radar,5,18,68,0,91,0,0,136,0,136,5,18,204,0,227,260,0,260,487
03/14/2008,HEF,VA,AEA,EN,Towers with Radar,1,19,58,0,78,0,0,108,0,108,1,19,166,0,186,298,0,298,484
03/15/2008,HEF,VA,AEA,EN,Towers with Radar,1,14,43,0,58,0,0,136,1,137,1,14,179,1,195,256,0,256,451
03/16/2008,HEF,VA,AEA,EN,Towers with Radar,0,11,25,0,36,0,0,40,0,40,0,11,65,0,76,66,0,66,142
03/17/2008,HEF,VA,AEA,EN,Towers with Radar,0,13,52,0,65,0,0,144,1,145,0,13,196,1,210,210,0,210,420
03/18/2008,HEF,VA,AEA,EN,Towers with Radar,0,14,42,0,56,0,0,88,0,88,0,14,130,0,144,128,0,128,272
03/19/2008,HEF,VA,AEA,EN,Towers with Radar,0,9,28,0,37,0,0,8,0,8,0,9,36,0,45,12,0,12,57
03/20/2008,HEF,VA,AEA,EN,Towers with Radar,0,38,55,0,93,0,0,19,0,19,0,38,74,0,112,22,0,22,134
03/21/2008,HEF,VA,AEA,EN,Towers with Radar,0,12,61,0,73,0,0,142,0,142,0,12,203,0,215,234,0,234,449
03/22/2008,HEF,VA,AEA,EN,Towers with Radar,0,11,48,0,59,0,0,140,1,141,0,11,188,1,200,258,0,258,458
03/23/2008,HEF,VA,AEA,EN,Towers with Radar,0,12,48,0,60,0,0,139,0,139,0,12,187,0,199,232,0,232,431
03/24/2008,HEF,VA,AEA,EN,Towers with Radar,0,14,43,0,57,0,0,104,1,105,0,14,147,1,162,292,0,292,454
03/25/2008,HEF,VA,AEA,EN,Towers with Radar,0,11,52,1,64,0,0,128,2,130,0,11,180,3,194,196,0,196,390
03/26/2008,HEF,VA,AEA,EN,Towers with Radar,0,24,67,3,94,0,0,101,3,104,0,24,168,6,198,80,0,80,278
03/27/2008,HEF,VA,AEA,EN,Towers with Radar,0,14,25,0,39,0,0,84,2,86,0,14,109,2,125,282,0,282,407
03/28/2008,HEF,VA,AEA,EN,Towers with Radar,0,12,38,0,50,0,0,59,0,59,0,12,97,0,109,204,0,204,313
03/29/2008,HEF,VA,AEA,EN,Towers with Radar,0,12,46,0,58,0,0,142,0,142,0,12,188,0,200,270,0,270,470
03/30/2008,HEF,VA,AEA,EN,Towers with Radar,0,7,41,0,48,0,0,119,0,119,0,7,160,0,167,252,0,252,419
03/31/2008,HEF,VA,AEA,EN,Towers with Radar,0,11,37,4,52,0,0,0,0,0,0,11,37,4,52,0,0,0,52
04/01/2008,HEF,VA,AEA,EN,Towers with Radar,0,15,39,0,54,0,0,24,0,24,0,15,63,0,78,26,0,26,104
04/02/2008,HEF,VA,AEA,EN,Towers with Radar,0,14,52,0,66,0,0,119,1,120,0,14,171,1,186,126,0,126,312
04/03/2008,HEF,VA,AEA,EN,Towers with Radar,0,14,68,0,82,0,0,78,0,78,0,14,146,0,160,292,0,292,452
04/04/2008,HEF,VA,AEA,EN,Towers with Radar,0,11,52,0,63,0,0,9,0,9,0,11,61,0,72,60,0,60,132
04/05/2008,HEF,VA,AEA,EN,Towers with Radar,0,7,26,0,33,0,1,137,0,138,0,8,163,0,171,228,0,228,399
04/06/2008,HEF,VA,AEA,EN,Towers with Radar,0,13,67,0,80,0,0,5,0,5,0,13,72,0,85,30,0,30,115
04/07/2008,HEF,VA,AEA,EN,Towers with Radar,0,9,57,0,66,0,0,5,0,5,0,9,62,0,71,76,0,76,147
04/08/2008,HEF,VA,AEA,EN,Towers with Radar,0,18,66,0,84,0,0,26,0,26,0,18,92,0,110,300,0,300,410
04/09/2008,HEF,VA,AEA,EN,Towers with Radar,0,20,77,0,97,0,0,71,0,71,0,20,148,0,168,252,0,252,420
04/10/2008,HEF,VA,AEA,EN,Towers with Radar,1,26,89,2,118,0,0,137,0,137,1,26,226,2,255,246,0,246,501
04/11/2008,HEF,VA,AEA,EN,Towers with Radar,0,6,71,0,77,0,0,73,5,78,0,6,144,5,155,96,0,96,251
04/12/2008,HEF,VA,AEA,EN,Towers with Radar,0,7,38,0,45,0,0,83,0,83,0,7,121,0,128,192,0,192,320
04/13/2008,HEF,VA,AEA,EN,Towers with Radar,0,8,70,0,78,0,0,109,1,110,0,8,179,1,188,228,0,228,416
04/14/2008,HEF,VA,AEA,EN,Towers with Radar,0,16,45,0,61,0,0,74,0,74,0,16,119,0,135,132,0,132,267
04/15/2008,HEF,VA,AEA,EN,Towers with Radar,0,15,52,0,67,0,0,86,2,88,0,15,138,2,155,212,0,212,367
04/16/2008,HEF,VA,AEA,EN,Towers with Radar,1,18,68,0,87,0,0,130,2,132,1,18,198,2,219,282,0,282,501
04/17/2008,HEF,VA,AEA,EN,Towers with Radar,1,12,95,0,108,0,0,166,0,166,1,12,261,0,274,218,0,218,492
04/18/2008,HEF,VA,AEA,EN,Towers with Radar,0,15,91,0,106,0,0,164,0,164,0,15,255,0,270,232,0,232,502
04/19/2008,HEF,VA,AEA,EN,Towers with Radar,0,12,59,0,71,0,0,169,0,169,0,12,228,0,240,380,0,380,620
04/20/2008,HEF,VA,AEA,EN,Towers with Radar,0,10,46,0,56,0,0,0,0,0,0,10,46,0,56,6,0,6,62
04/21/2008,HEF,VA,AEA,EN,Towers with Radar,2,14,54,0,70,0,0,2,0,2,2,14,56,0,72,0,0,0,72
04/22/2008,HEF,VA,AEA,EN,Towers with Radar,0,12,53,0,65,0,0,40,0,40,0,12,93,0,105,274,0,274,379
04/23/2008,HEF,VA,AEA,EN,Towers with Radar,1,9,54,0,64,0,0,88,0,88,1,9,142,0,152,254,0,254,406
04/24/2008,HEF,VA,AEA,EN,Towers with Radar,5,13,57,0,75,0,0,130,0,130,5,13,187,0,205,224,0,224,429
04/25/2008,HEF,VA,AEA,EN,Towers with Radar,0,10,53,0,63,0,0,115,0,115,0,10,168,0,178,212,0,212,390
04/26/2008,HEF,VA,AEA,EN,Towers with Radar,0,10,46,1,57,0,0,91,0,91,0,10,137,1,148,136,0,136,284
04/27/2008,HEF,VA,AEA,EN,Towers with Radar,0,8,65,1,74,0,0,0,0,0,0,8,65,1,74,44,0,44,118
04/28/2008,HEF,VA,AEA,EN,Towers with Radar,0,20,22,0,42,0,0,4,0,4,0,20,26,0,46,26,0,26,72
04/29/2008,HEF,VA,AEA,EN,Towers with Radar,0,15,65,0,80,0,1,61,0,62,0,16,126,0,142,42,0,42,184
04/30/2008,HEF,VA,AEA,EN,Towers with Radar,0,10,70,0,80,0,0,156,0,156,0,10,226,0,236,262,0,262,498
05/01/2008,HEF,VA,AEA,EN,Towers with Radar,0,16,59,0,75,0,0,124,2,126,0,16,183,2,201,178,0,178,379
05/02/2008,HEF,VA,AEA,EN,Towers with Radar,0,22,63,3,88,0,0,122,1,123,0,22,185,4,211,191,0,191,402
05/03/2008,HEF,VA,AEA,EN,Towers with Radar,0,10,51,1,62,0,0,141,0,141,0,10,192,1,203,176,0,176,379
05/04/2008,HEF,VA,AEA,EN,Towers with Radar,4,8,65,0,77,0,0,115,0,115,4,8,180,0,192,130,0,130,322
05/05/2008,HEF,VA,AEA,EN,Towers with Radar,0,13,66,0,79,0,0,128,0,128,0,13,194,0,207,176,0,176,383
05/06/2008,HEF,VA,AEA,EN,Towers with Radar,3,25,47,0,75,0,0,114,0,114,3,25,161,0,189,312,0,312,501
05/07/2008,HEF,VA,AEA,EN,Towers with Radar,0,14,59,0,73,0,0,115,4,119,0,14,174,4,192,138,0,138,330
05/08/2008,HEF,VA,AEA,EN,Towers with Radar,0,19,64,0,83,0,0,41,0,41,0,19,105,0,124,320,0,320,444
05/09/2008,HEF,VA,AEA,EN,Towers with Radar,0,8,77,1,86,0,0,6,0,6,0,8,83,1,92,16,0,16,108
05/10/2008,HEF,VA,AEA,EN,Towers with Radar,2,8,65,0,75,0,0,48,0,48,2,8,113,0,123,136,0,136,259
05/11/2008,HEF,VA,AEA,EN,Towers with Radar,0,14,42,0,56,0,0,42,0,42,0,14,84,0,98,94,0,94,192
05/12/2008,HEF,VA,AEA,EN,Towers with Radar,2,11,38,1,52,0,0,0,0,0,2,11,38,1,52,6,0,6,58
05/13/2008,HEF,VA,AEA,EN,Towers with Radar,0,17,76,0,93,0,0,129,2,131,0,17,205,2,224,308,0,308,532
05/14/2008,HEF,VA,AEA,EN,Towers with Radar,0,14,85,1,100,0,0,129,0,129,0,14,214,1,229,308,0,308,537
05/15/2008,HEF,VA,AEA,EN,Towers with Radar,0,12,61,0,73,0,0,104,0,104,0,12,165,0,177,462,0,462,639
05/16/2008,HEF,VA,AEA,EN,Towers with Radar,0,15,71,2,88,0,0,18,0,18,0,15,89,2,106,68,0,68,174
05/17/2008,HEF,VA,AEA,EN,Towers with Radar,0,5,45,0,50,0,0,146,0,146,0,5,191,0,196,218,0,218,414
05/18/2008,HEF,VA,AEA,EN,Towers with Radar,0,13,86,0,99,0,0,45,0,45,0,13,131,0,144,182,0,182,326
05/19/2008,HEF,VA,AEA,EN,Towers with Radar,0,21,82,0,103,0,0,87,2,89,0,21,169,2,192,80,0,80,272
05/20/2008,HEF,VA,AEA,EN,Towers with Radar,0,7,56,0,63,0,0,4,0,4,0,7,60,0,67,74,0,74,141
05/21/2008,HEF,VA,AEA,EN,Towers with Radar,0,6,48,0,54,0,0,97,4,101,0,6,145,4,155,182,0,182,337
05/22/2008,HEF,VA,AEA,EN,Towers with Radar,0,0,0,0,0,0,0,0,0,0,0,0,0,0,0,0,0,0,0
05/23/2008,HEF,VA,AEA,EN,Towers with Radar,0,5,70,0,75,0,0,158,0,158,0,5,228,0,233,240,0,240,473
05/24/2008,HEF,VA,AEA,EN,Towers with Radar,0,2,63,0,65,0,0,150,0,150,0,2,213,0,215,278,0,278,493
05/25/2008,HEF,VA,AEA,EN,Towers with Radar,0,4,46,0,50,0,0,165,0,165,0,4,211,0,215,214,0,214,429
05/26/2008,HEF,VA,AEA,EN,Towers with Radar,0,11,69,0,80,0,0,109,0,109,0,11,178,0,189,118,0,118,307
05/27/2008,HEF,VA,AEA,EN,Towers with Radar,0,12,49,0,61,0,0,80,0,80,0,12,129,0,141,144,0,144,285
05/28/2008,HEF,VA,AEA,EN,Towers with Radar,2,9,58,1,70,0,0,66,0,66,2,9,124,1,136,161,0,161,297
05/29/2008,HEF,VA,AEA,EN,Towers with Radar,0,14,49,0,63,0,0,102,2,104,0,14,151,2,167,184,0,184,351
05/30/2008,HEF,VA,AEA,EN,Towers with Radar,0,5,52,0,57,0,0,94,1,95,0,5,146,1,152,210,0,210,362
05/31/2008,HEF,VA,AEA,EN,Towers with Radar,0,7,34,0,41,0,0,37,0,37,0,7,71,0,78,108,0,108,186
06/01/2008,HEF,VA,AEA,EN,Towers with Radar,0,5,59,0,64,0,0,103,0,103,0,5,162,0,167,150,0,150,317
06/02/2008,HEF,VA,AEA,EN,Towers with Radar,0,12,55,0,67,0,0,92,1,93,0,12,147,1,160,194,0,194,354
06/03/2008,HEF,VA,AEA,EN,Towers with Radar,1,13,52,0,66,0,0,83,0,83,1,13,135,0,149,146,0,146,295
06/04/2008,HEF,VA,AEA,EN,Towers with Radar,0,15,59,0,74,0,1,23,0,24,0,16,82,0,98,106,0,106,204
06/05/2008,HEF,VA,AEA,EN,Towers with Radar,0,18,68,0,86,0,0,106,0,106,0,18,174,0,192,174,0,174,366
06/06/2008,HEF,VA,AEA,EN,Towers with Radar,0,11,54,0,65,0,0,29,0,29,0,11,83,0,94,154,0,154,248
06/07/2008,HEF,VA,AEA,EN,Towers with Radar,0,6,51,0,57,0,0,74,0,74,0,6,125,0,131,236,0,236,367
06/08/2008,HEF,VA,AEA,EN,Towers with Radar,0,7,70,0,77,0,0,146,0,146,0,7,216,0,223,126,0,126,349
06/09/2008,HEF,VA,AEA,EN,Towers with Radar,1,13,59,0,73,0,0,110,0,110,1,13,169,0,183,130,0,130,313
06/10/2008,HEF,VA,AEA,EN,Towers with Radar,0,12,48,1,61,0,0,72,0,72,0,12,120,1,133,170,0,170,303
06/11/2008,HEF,VA,AEA,EN,Towers with Radar,0,13,66,0,79,0,0,126,0,126,0,13,192,0,205,210,0,210,415
06/12/2008,HEF,VA,AEA,EN,Towers with Radar,0,9,70,0,79,0,0,117,0,117,0,9,187,0,196,250,0,250,446
06/13/2008,HEF,VA,AEA,EN,Towers with Radar,0,8,53,0,61,0,0,69,0,69,0,8,122,0,130,206,0,206,336
06/14/2008,HEF,VA,AEA,EN,Towers with Radar,0,4,55,1,60,0,0,47,0,47,0,4,102,1,107,204,0,204,311
06/15/2008,HEF,VA,AEA,EN,Towers with Radar,0,12,42,0,54,0,0,141,0,141,0,12,183,0,195,196,0,196,391
06/16/2008,HEF,VA,AEA,EN,Towers with Radar,0,7,43,0,50,0,0,56,1,57,0,7,99,1,107,136,0,136,243
06/17/2008,HEF,VA,AEA,EN,Towers with Radar,0,12,69,1,82,0,0,86,0,86,0,12,155,1,168,138,0,138,306
06/18/2008,HEF,VA,AEA,EN,Towers with Radar,0,7,70,3,80,0,0,111,0,111,0,7,181,3,191,216,0,216,407
06/19/2008,HEF,VA,AEA,EN,Towers with Radar,0,7,52,0,59,0,0,79,0,79,0,7,131,0,138,128,0,128,266
06/20/2008,HEF,VA,AEA,EN,Towers with Radar,0,0,0,0,0,0,7,199,1,207,0,7,199,1,207,204,0,204,411
06/21/2008,HEF,VA,AEA,EN,Towers with Radar,0,0,0,0,0,0,9,123,0,132,0,9,123,0,132,176,0,176,308
06/22/2008,HEF,VA,AEA,EN,Towers with Radar,0,0,0,0,0,0,12,100,0,112,0,12,100,0,112,228,0,228,340
06/23/2008,HEF,VA,AEA,EN,Towers with Radar,0,0,0,0,0,0,12,93,2,107,0,12,93,2,107,109,0,109,216
06/24/2008,HEF,VA,AEA,EN,Towers with Radar,0,0,0,0,0,0,7,187,3,197,0,7,187,3,197,166,2,168,365
06/25/2008,HEF,VA,AEA,EN,Towers with Radar,0,0,0,0,0,0,7,193,1,201,0,7,193,1,201,516,0,516,717
06/26/2008,HEF,VA,AEA,EN,Towers with Radar,0,0,0,0,0,0,20,139,2,161,0,20,139,2,161,270,0,270,431
06/27/2008,HEF,VA,AEA,EN,Towers with Radar,0,0,0,0,0,0,17,135,1,153,0,17,135,1,153,430,0,430,583
06/28/2008,HEF,VA,AEA,EN,Towers with Radar,0,0,0,0,0,2,7,172,0,181,2,7,172,0,181,258,0,258,439
06/29/2008,HEF,VA,AEA,EN,Towers with Radar,0,0,0,0,0,0,6,124,0,130,0,6,124,0,130,134,0,134,264
06/30/2008,HEF,VA,AEA,EN,Towers with Radar,0,0,0,0,0,0,7,94,0,101,0,7,94,0,101,340,0,340,441
07/01/2008,HEF,VA,AEA,EN,Towers with Radar,0,13,36,0,49,0,0,84,0,84,0,13,120,0,133,228,0,228,361
07/02/2008,HEF,VA,AEA,EN,Towers with Radar,0,19,51,0,70,0,0,114,0,114,0,19,165,0,184,408,0,408,592
07/03/2008,HEF,VA,AEA,EN,Towers with Radar,0,10,62,0,72,0,0,104,2,106,0,10,166,2,178,260,0,260,438
07/04/2008,HEF,VA,AEA,EN,Towers with Radar,0,0,26,0,26,0,0,72,0,72,0,0,98,0,98,138,0,138,236
07/05/2008,HEF,VA,AEA,EN,Towers with Radar,1,2,35,0,38,0,0,14,0,14,1,2,49,0,52,54,0,54,106
07/06/2008,HEF,VA,AEA,EN,Towers with Radar,0,8,81,0,89,0,0,20,0,20,0,8,101,0,109,80,0,80,189
07/07/2008,HEF,VA,AEA,EN,Towers with Radar,0,8,45,0,53,0,0,47,0,47,0,8,92,0,100,232,0,232,332
07/08/2008,HEF,VA,AEA,EN,Towers with Radar,0,9,48,3,60,0,0,85,0,85,0,9,133,3,145,210,0,210,355
07/09/2008,HEF,VA,AEA,EN,Towers with Radar,0,3,55,0,58,0,0,73,0,73,0,3,128,0,131,270,0,270,401
07/10/2008,HEF,VA,AEA,EN,Towers with Radar,0,16,64,0,80,0,0,149,0,149,0,16,213,0,229,274,0,274,503
07/11/2008,HEF,VA,AEA,EN,Towers with Radar,0,15,61,0,76,0,1,111,0,112,0,16,172,0,188,264,0,264,452
07/12/2008,HEF,VA,AEA,EN,Towers with Radar,0,7,54,0,61,0,0,152,0,152,0,7,206,0,213,270,0,270,483
07/13/2008,HEF,VA,AEA,EN,Towers with Radar,0,5,52,0,57,0,1,109,0,110,0,6,161,0,167,104,0,104,271
07/14/2008,HEF,VA,AEA,EN,Towers with Radar,0,12,57,0,69,0,0,94,5,99,0,12,151,5,168,248,0,248,416
07/15/2008,HEF,VA,AEA,EN,Towers with Radar,0,8,47,0,55,0,0,130,2,132,0,8,177,2,187,222,0,222,409
07/16/2008,HEF,VA,AEA,EN,Towers with Radar,0,10,53,1,64,0,0,115,0,115,0,10,168,1,179,100,0,100,279
07/17/2008,HEF,VA,AEA,EN,Towers with Radar,0,7,58,0,65,0,0,112,0,112,0,7,170,0,177,166,0,166,343
07/18/2008,HEF,VA,AEA,EN,Towers with Radar,0,5,41,0,46,0,0,109,0,109,0,5,150,0,155,122,0,122,277
07/19/2008,HEF,VA,AEA,EN,Towers with Radar,0,7,43,0,50,0,1,140,0,141,0,8,183,0,191,294,0,294,485
07/20/2008,HEF,VA,AEA,EN,Towers with Radar,0,6,58,0,64,0,0,114,0,114,0,6,172,0,178,190,0,190,368
07/21/2008,HEF,VA,AEA,EN,Towers with Radar,0,11,47,2,60,0,0,106,2,108,0,11,153,4,168,78,0,78,246
07/22/2008,HEF,VA,AEA,EN,Towers with Radar,0,13,41,1,55,0,0,75,1,76,0,13,116,2,131,84,0,84,215
07/23/2008,HEF,VA,AEA,EN,Towers with Radar,0,11,47,0,58,0,1,22,0,23,0,12,69,0,81,202,0,202,283
07/24/2008,HEF,VA,AEA,EN,Towers with Radar,0,9,50,0,59,0,0,116,0,116,0,9,166,0,175,98,0,98,273
07/25/2008,HEF,VA,AEA,EN,Towers with Radar,0,8,67,0,75,0,0,120,0,120,0,8,187,0,195,200,0,200,395
07/26/2008,HEF,VA,AEA,EN,Towers with Radar,0,6,44,0,50,0,0,130,0,130,0,6,174,0,180,340,0,340,520
07/27/2008,HEF,VA,AEA,EN,Towers with Radar,0,7,46,0,53,0,1,71,0,72,0,8,117,0,125,130,0,130,255
07/28/2008,HEF,VA,AEA,EN,Towers with Radar,0,5,33,0,38,0,0,106,0,106,0,5,139,0,144,194,0,194,338
07/29/2008,HEF,VA,AEA,EN,Towers with Radar,0,8,59,0,67,0,0,94,0,94,0,8,153,0,161,282,0,282,443
07/30/2008,HEF,VA,AEA,EN,Towers with Radar,0,13,41,0,54,0,0,56,0,56,0,13,97,0,110,306,0,306,416
07/31/2008,HEF,VA,AEA,EN,Towers with Radar,2,5,38,0,45,0,0,81,0,81,2,5,119,0,126,260,0,260,386
08/01/2008,HEF,VA,AEA,EN,Towers with Radar,2,4,64,0,70,0,0,121,1,122,2,4,185,1,192,254,0,254,446
08/02/2008,HEF,VA,AEA,EN,Towers with Radar,0,7,23,2,32,0,0,66,0,66,0,7,89,2,98,254,0,254,352
08/03/2008,HEF,VA,AEA,EN,Towers with Radar,0,10,62,0,72,0,1,179,0,180,0,11,241,0,252,146,0,146,398
08/04/2008,HEF,VA,AEA,EN,Towers with Radar,0,13,46,0,59,0,0,108,0,108,0,13,154,0,167,232,0,232,399
08/05/2008,HEF,VA,AEA,EN,Towers with Radar,0,7,41,2,50,0,1,100,0,101,0,8,141,2,151,260,0,260,411
08/06/2008,HEF,VA,AEA,EN,Towers with Radar,0,16,65,0,81,0,0,110,4,114,0,16,175,4,195,142,0,142,337
08/07/2008,HEF,VA,AEA,EN,Towers with Radar,0,8,40,0,48,0,0,102,0,102,0,8,142,0,150,258,0,258,408
08/08/2008,HEF,VA,AEA,EN,Towers with Radar,0,4,67,0,71,0,0,86,0,86,0,4,153,0,157,150,0,150,307
08/09/2008,HEF,VA,AEA,EN,Towers with Radar,1,2,66,0,69,0,1,156,0,157,1,3,222,0,226,264,0,264,490
08/10/2008,HEF,VA,AEA,EN,Towers with Radar,0,4,53,0,57,0,1,90,0,91,0,5,143,0,148,182,0,182,330
08/11/2008,HEF,VA,AEA,EN,Towers with Radar,0,5,52,0,57,0,0,90,0,90,0,5,142,0,147,176,0,176,323
08/12/2008,HEF,VA,AEA,EN,Towers with Radar,0,12,56,0,68,0,0,124,0,124,0,12,180,0,192,284,0,284,476
08/13/2008,HEF,VA,AEA,EN,Towers with Radar,0,6,45,0,51,0,0,94,0,94,0,6,139,0,145,328,0,328,473
08/14/2008,HEF,VA,AEA,EN,Towers with Radar,0,14,63,0,77,0,1,98,0,99,0,15,161,0,176,116,0,116,292
08/15/2008,HEF,VA,AEA,EN,Towers with Radar,1,3,40,0,44,0,0,79,0,79,1,3,119,0,123,128,0,128,251
08/16/2008,HEF,VA,AEA,EN,Towers with Radar,1,7,44,0,52,0,0,176,0,176,1,7,220,0,228,210,0,210,438
08/17/2008,HEF,VA,AEA,EN,Towers with Radar,2,7,56,0,65,0,0,160,0,160,2,7,216,0,225,196,0,196,421
08/18/2008,HEF,VA,AEA,EN,Towers with Radar,0,9,44,0,53,0,0,119,0,119,0,9,163,0,172,100,0,100,272
08/19/2008,HEF,VA,AEA,EN,Towers with Radar,0,9,33,0,42,0,0,103,0,103,0,9,136,0,145,124,0,124,269
08/20/2008,HEF,VA,AEA,EN,Towers with Radar,0,9,39,1,49,0,0,126,0,126,0,9,165,1,175,360,0,360,535
08/21/2008,HEF,VA,AEA,EN,Towers with Radar,0,10,44,0,54,0,0,120,0,120,0,10,164,0,174,284,0,284,458
08/22/2008,HEF,VA,AEA,EN,Towers with Radar,0,5,38,0,43,0,0,114,0,114,0,5,152,0,157,204,0,204,361
08/23/2008,HEF,VA,AEA,EN,Towers with Radar,0,1,38,0,39,0,0,103,0,103,0,1,141,0,142,283,0,283,425
08/24/2008,HEF,VA,AEA,EN,Towers with Radar,0,7,51,0,58,0,0,117,0,117,0,7,168,0,175,123,0,123,298
08/25/2008,HEF,VA,AEA,EN,Towers with Radar,0,8,34,0,42,0,0,63,0,63,0,8,97,0,105,166,0,166,271
08/26/2008,HEF,VA,AEA,EN,Towers with Radar,0,8,50,0,58,0,0,109,0,109,0,8,159,0,167,200,0,200,367
08/27/2008,HEF,VA,AEA,EN,Towers with Radar,0,2,45,0,47,0,0,19,0,19,0,2,64,0,66,300,0,300,366
08/28/2008,HEF,VA,AEA,EN,Towers with Radar,0,6,50,0,56,0,0,2,0,2,0,6,52,0,58,20,0,20,78
08/29/2008,HEF,VA,AEA,EN,Towers with Radar,0,13,62,0,75,0,0,3,0,3,0,13,65,0,78,4,0,4,82
08/30/2008,HEF,VA,AEA,EN,Towers with Radar,2,8,42,0,52,0,0,85,0,85,2,8,127,0,137,194,0,194,331
08/31/2008,HEF,VA,AEA,EN,Towers with Radar,0,5,50,0,55,0,0,110,0,110,0,5,160,0,165,152,0,152,317
09/01/2008,HEF,VA,AEA,EN,Towers with Radar,0,3,70,0,73,0,0,124,0,124,0,3,194,0,197,131,0,131,328
09/02/2008,HEF,VA,AEA,EN,Towers with Radar,0,9,57,0,66,0,0,107,0,107,0,9,164,0,173,174,0,174,347
09/03/2008,HEF,VA,AEA,EN,Towers with Radar,0,14,60,0,74,0,0,105,0,105,0,14,165,0,179,216,0,216,395
09/04/2008,HEF,VA,AEA,EN,Towers with Radar,0,15,52,0,67,0,0,101,0,101,0,15,153,0,168,234,0,234,402
09/05/2008,HEF,VA,AEA,EN,Towers with Radar,0,9,45,0,54,0,0,70,0,70,0,9,115,0,124,128,0,128,252
09/06/2008,HEF,VA,AEA,EN,Towers with Radar,0,2,8,0,10,0,0,1,0,1,0,2,9,0,11,0,0,0,11
09/07/2008,HEF,VA,AEA,EN,Towers with Radar,0,6,60,0,66,0,0,139,0,139,0,6,199,0,205,184,0,184,389
09/08/2008,HEF,VA,AEA,EN,Towers with Radar,0,9,55,0,64,0,1,84,2,87,0,10,139,2,151,233,0,233,384
09/09/2008,HEF,VA,AEA,EN,Towers with Radar,0,5,21,0,26,0,0,19,0,19,0,5,40,0,45,96,0,96,141
09/10/2008,HEF,VA,AEA,EN,Towers with Radar,0,11,47,0,58,0,0,103,0,103,0,11,150,0,161,198,0,198,359
09/11/2008,HEF,VA,AEA,EN,Towers with Radar,0,12,48,2,62,0,1,72,0,73,0,13,120,2,135,198,0,198,333
09/12/2008,HEF,VA,AEA,EN,Towers with Radar,0,8,69,0,77,0,0,19,0,19,0,8,88,0,96,64,0,64,160
09/13/2008,HEF,VA,AEA,EN,Towers with Radar,0,6,35,0,41,0,0,102,0,102,0,6,137,0,143,188,0,188,331
09/14/2008,HEF,VA,AEA,EN,Towers with Radar,0,2,67,0,69,0,0,100,0,100,0,2,167,0,169,130,0,130,299
09/15/2008,HEF,VA,AEA,EN,Towers with Radar,0,7,35,0,42,0,0,69,0,69,0,7,104,0,111,50,0,50,161
09/16/2008,HEF,VA,AEA,EN,Towers with Radar,0,13,59,0,72,0,0,109,0,109,0,13,168,0,181,96,0,96,277
09/17/2008,HEF,VA,AEA,EN,Towers with Radar,0,8,62,4,74,0,0,103,1,104,0,8,165,5,178,114,0,114,292
09/18/2008,HEF,VA,AEA,EN,Towers with Radar,0,11,60,0,71,0,0,102,1,103,0,11,162,1,174,146,6,152,326
09/19/2008,HEF,VA,AEA,EN,Towers with Radar,1,12,59,0,72,0,0,97,0,97,1,12,156,0,169,208,0,208,377
09/20/2008,HEF,VA,AEA,EN,Towers with Radar,0,13,45,0,58,0,0,169,0,169,0,13,214,0,227,339,0,339,566
09/21/2008,HEF,VA,AEA,EN,Towers with Radar,0,5,68,0,73,0,0,156,0,156,0,5,224,0,229,102,0,102,331
09/22/2008,HEF,VA,AEA,EN,Towers with Radar,0,8,54,0,62,0,0,103,0,103,0,8,157,0,165,160,0,160,325
09/23/2008,HEF,VA,AEA,EN,Towers with Radar,0,17,44,0,61,0,1,92,0,93,0,18,136,0,154,194,0,194,348
09/24/2008,HEF,VA,AEA,EN,Towers with Radar,2,14,64,2,82,0,0,72,0,72,2,14,136,2,154,112,0,112,266
09/25/2008,HEF,VA,AEA,EN,Towers with Radar,0,12,32,2,46,0,0,5,0,5,0,12,37,2,51,74,0,74,125
09/26/2008,HEF,VA,AEA,EN,Towers with Radar,0,15,49,0,64,0,0,0,0,0,0,15,49,0,64,0,0,0,64
09/27/2008,HEF,VA,AEA,EN,Towers with Radar,0,9,31,0,40,0,0,19,0,19,0,9,50,0,59,204,0,204,263
09/28/2008,HEF,VA,AEA,EN,Towers with Radar,2,3,44,0,49,0,0,21,0,21,2,3,65,0,70,288,0,288,358
09/29/2008,HEF,VA,AEA,EN,Towers with Radar,0,7,59,0,66,0,0,107,1,108,0,7,166,1,174,227,0,227,401
09/30/2008,HEF,VA,AEA,EN,Towers with Radar,0,14,50,0,64,0,0,40,0,40,0,14,90,0,104,360,0,360,464
10/01/2008,HEF,VA,AEA,EN,Towers with Radar,0,5,47,0,52,0,0,88,0,88,0,5,135,0,140,176,0,176,316
10/02/2008,HEF,VA,AEA,EN,Towers with Radar,0,3,59,0,62,0,0,126,0,126,0,3,185,0,188,146,0,146,334
10/03/2008,HEF,VA,AEA,EN,Towers with Radar,0,7,64,1,72,0,0,148,0,148,0,7,212,1,220,144,0,144,364
10/04/2008,HEF,VA,AEA,EN,Towers with Radar,0,8,55,1,64,0,0,148,0,148,0,8,203,1,212,186,0,186,398
10/05/2008,HEF,VA,AEA,EN,Towers with Radar,0,1,67,0,68,0,1,129,0,130,0,2,196,0,198,178,0,178,376
10/06/2008,HEF,VA,AEA,EN,Towers with Radar,0,13,45,1,59,0,0,76,0,76,0,13,121,1,135,120,0,120,255
10/07/2008,HEF,VA,AEA,EN,Towers with Radar,0,15,61,0,76,0,0,101,0,101,0,15,162,0,177,190,0,190,367
10/08/2008,HEF,VA,AEA,EN,Towers with Radar,0,5,68,0,73,0,0,67,0,67,0,5,135,0,140,208,0,208,348
10/09/2008,HEF,VA,AEA,EN,Towers with Radar,0,18,38,0,56,0,0,78,0,78,0,18,116,0,134,292,0,292,426
10/10/2008,HEF,VA,AEA,EN,Towers with Radar,0,12,81,4,97,0,2,110,1,113,0,14,191,5,210,364,0,364,574
10/11/2008,HEF,VA,AEA,EN,Towers with Radar,0,3,51,0,54,0,0,147,0,147,0,3,198,0,201,406,0,406,607
10/12/2008,HEF,VA,AEA,EN,Towers with Radar,0,6,57,0,63,0,1,132,0,133,0,7,189,0,196,286,0,286,482
10/13/2008,HEF,VA,AEA,EN,Towers with Radar,0,11,84,0,95,0,0,134,0,134,0,11,218,0,229,258,0,258,487
10/14/2008,HEF,VA,AEA,EN,Towers with Radar,1,5,63,0,69,0,0,95,0,95,1,5,158,0,164,186,0,186,350
10/15/2008,HEF,VA,AEA,EN,Towers with Radar,0,13,49,0,62,0,0,136,1,137,0,13,185,1,199,94,0,94,293
10/16/2008,HEF,VA,AEA,EN,Towers with Radar,0,10,76,0,86,0,2,83,0,85,0,12,159,0,171,100,0,100,271
10/17/2008,HEF,VA,AEA,EN,Towers with Radar,0,3,71,0,74,0,0,128,0,128,0,3,199,0,202,130,0,130,332
10/18/2008,HEF,VA,AEA,EN,Towers with Radar,0,3,51,0,54,0,0,134,0,134,0,3,185,0,188,144,0,144,332
10/19/2008,HEF,VA,AEA,EN,Towers with Radar,0,3,46,0,49,0,0,132,0,132,0,3,178,0,181,152,0,152,333
10/20/2008,HEF,VA,AEA,EN,Towers with Radar,0,9,56,0,65,0,0,144,0,144,0,9,200,0,209,102,0,102,311
10/21/2008,HEF,VA,AEA,EN,Towers with Radar,0,13,49,0,62,0,0,53,0,53,0,13,102,0,115,82,0,82,197
10/22/2008,HEF,VA,AEA,EN,Towers with Radar,0,8,42,0,50,0,0,82,0,82,0,8,124,0,132,76,0,76,208
10/23/2008,HEF,VA,AEA,EN,Towers with Radar,0,7,51,0,58,0,1,124,0,125,0,8,175,0,183,80,0,80,263
10/24/2008,HEF,VA,AEA,EN,Towers with Radar,0,8,55,0,63,0,0,74,0,74,0,8,129,0,137,206,0,206,343
10/25/2008,HEF,VA,AEA,EN,Towers with Radar,2,6,15,0,23,0,0,3,0,3,2,6,18,0,26,0,0,0,26
10/26/2008,HEF,VA,AEA,EN,Towers with Radar,0,8,66,0,74,0,0,188,0,188,0,8,254,0,262,258,0,258,520
10/27/2008,HEF,VA,AEA,EN,Towers with Radar,0,11,45,0,56,0,0,44,0,44,0,11,89,0,100,90,0,90,190
10/28/2008,HEF,VA,AEA,EN,Towers with Radar,0,11,29,0,40,0,0,7,0,7,0,11,36,0,47,24,0,24,71
10/29/2008,HEF,VA,AEA,EN,Towers with Radar,0,6,58,0,64,0,0,57,0,57,0,6,115,0,121,72,0,72,193
10/30/2008,HEF,VA,AEA,EN,Towers with Radar,0,9,50,0,59,0,0,76,0,76,0,9,126,0,135,122,0,122,257
10/31/2008,HEF,VA,AEA,EN,Towers with Radar,0,9,56,0,65,0,0,136,0,136,0,9,192,0,201,168,0,168,369
11/01/2008,HEF,VA,AEA,EN,Towers with Radar,0,2,49,0,51,0,0,204,0,204,0,2,253,0,255,166,0,166,421
11/02/2008,HEF,VA,AEA,EN,Towers with Radar,0,3,51,0,54,0,0,131,0,131,0,3,182,0,185,178,0,178,363
11/03/2008,HEF,VA,AEA,EN,Towers with Radar,0,10,29,2,41,0,0,31,0,31,0,10,60,2,72,68,0,68,140
11/04/2008,HEF,VA,AEA,EN,Towers with Radar,0,6,31,0,37,0,0,8,0,8,0,6,39,0,45,48,0,48,93
11/05/2008,HEF,VA,AEA,EN,Towers with Radar,2,9,54,0,65,0,0,25,0,25,2,9,79,0,90,132,0,132,222
11/06/2008,HEF,VA,AEA,EN,Towers with Radar,0,12,52,0,64,0,0,27,0,27,0,12,79,0,91,302,0,302,393
11/07/2008,HEF,VA,AEA,EN,Towers with Radar,0,13,55,0,68,0,0,113,0,113,0,13,168,0,181,260,0,260,441
11/08/2008,HEF,VA,AEA,EN,Towers with Radar,0,4,35,0,39,0,0,111,0,111,0,4,146,0,150,268,0,268,418
11/09/2008,HEF,VA,AEA,EN,Towers with Radar,0,5,57,0,62,0,1,173,0,174,0,6,230,0,236,40,0,40,276
11/10/2008,HEF,VA,AEA,EN,Towers with Radar,0,17,41,1,59,0,0,92,0,92,0,17,133,1,151,122,0,122,273
11/11/2008,HEF,VA,AEA,EN,Towers with Radar,1,11,52,0,64,0,0,169,0,169,1,11,221,0,233,212,0,212,445
11/12/2008,HEF,VA,AEA,EN,Towers with Radar,0,7,50,0,57,0,2,94,0,96,0,9,144,0,153,136,0,136,289
11/13/2008,HEF,VA,AEA,EN,Towers with Radar,0,16,43,0,59,0,0,0,0,0,0,16,43,0,59,0,0,0,59
11/14/2008,HEF,VA,AEA,EN,Towers with Radar,0,6,50,0,56,0,0,0,0,0,0,6,50,0,56,0,0,0,56
11/15/2008,HEF,VA,AEA,EN,Towers with Radar,0,0,13,0,13,0,0,9,0,9,0,0,22,0,22,24,0,24,46
11/16/2008,HEF,VA,AEA,EN,Towers with Radar,0,12,44,0,56,0,0,51,0,51,0,12,95,0,107,76,0,76,183
11/17/2008,HEF,VA,AEA,EN,Towers with Radar,0,16,33,0,49,0,0,79,3,82,0,16,112,3,131,120,0,120,251
11/18/2008,HEF,VA,AEA,EN,Towers with Radar,0,11,61,2,74,0,0,49,0,49,0,11,110,2,123,44,0,44,167
11/19/2008,HEF,VA,AEA,EN,Towers with Radar,0,11,66,0,77,0,0,93,0,93,0,11,159,0,170,206,0,206,376
11/20/2008,HEF,VA,AEA,EN,Towers with Radar,0,9,43,0,52,0,0,98,0,98,0,9,141,0,150,162,0,162,312
11/21/2008,HEF,VA,AEA,EN,Towers with Radar,0,17,46,0,63,0,0,49,0,49,0,17,95,0,112,34,0,34,146
11/22/2008,HEF,VA,AEA,EN,Towers with Radar,0,11,38,0,49,0,0,142,0,142,0,11,180,0,191,268,0,268,459
11/23/2008,HEF,VA,AEA,EN,Towers with Radar,0,7,63,0,70,0,0,201,0,201,0,7,264,0,271,130,0,130,401
11/24/2008,HEF,VA,AEA,EN,Towers with Radar,0,9,37,1,47,0,0,66,0,66,0,9,103,1,113,162,0,162,275
11/25/2008,HEF,VA,AEA,EN,Towers with Radar,0,9,24,1,34,0,0,70,0,70,0,9,94,1,104,50,0,50,154
11/26/2008,HEF,VA,AEA,EN,Towers with Radar,2,11,57,1,71,0,0,108,0,108,2,11,165,1,179,206,0,206,385
11/27/2008,HEF,VA,AEA,EN,Towers with Radar,0,2,27,0,29,0,1,55,0,56,0,3,82,0,85,46,0,46,131
11/28/2008,HEF,VA,AEA,EN,Towers with Radar,1,5,28,0,34,0,0,85,1,86,1,5,113,1,120,46,0,46,166
11/29/2008,HEF,VA,AEA,EN,Towers with Radar,0,5,57,0,62,0,0,134,0,134,0,5,191,0,196,242,0,242,438
11/30/2008,HEF,VA,AEA,EN,Towers with Radar,0,9,37,0,46,0,0,0,0,0,0,9,37,0,46,0,0,0,46
12/01/2008,HEF,VA,AEA,EN,Towers with Radar,0,6,29,0,35,0,0,25,0,25,0,6,54,0,60,38,0,38,98
12/02/2008,HEF,VA,AEA,EN,Towers with Radar,0,8,39,1,48,0,0,97,2,99,0,8,136,3,147,208,0,208,355
12/03/2008,HEF,VA,AEA,EN,Towers with Radar,0,7,35,0,42,0,0,116,0,116,0,7,151,0,158,246,0,246,404
12/04/2008,HEF,VA,AEA,EN,Towers with Radar,0,7,40,0,47,0,0,74,0,74,0,7,114,0,121,244,0,244,365
12/05/2008,HEF,VA,AEA,EN,Towers with Radar,0,9,52,0,61,0,0,115,0,115,0,9,167,0,176,102,0,102,278
12/06/2008,HEF,VA,AEA,EN,Towers with Radar,0,6,24,0,30,0,0,107,0,107,0,6,131,0,137,364,0,364,501
12/07/2008,HEF,VA,AEA,EN,Towers with Radar,0,10,22,0,32,0,0,12,0,12,0,10,34,0,44,22,0,22,66
12/08/2008,HEF,VA,AEA,EN,Towers with Radar,2,13,45,0,60,0,0,79,0,79,2,13,124,0,139,116,0,116,255
12/09/2008,HEF,VA,AEA,EN,Towers with Radar,0,6,38,0,44,0,0,50,0,50,0,6,88,0,94,148,0,148,242
12/10/2008,HEF,VA,AEA,EN,Towers with Radar,0,7,35,0,42,0,0,0,0,0,0,7,35,0,42,0,0,0,42
12/11/2008,HEF,VA,AEA,EN,Towers with Radar,2,11,27,0,40,0,0,0,0,0,2,11,27,0,40,0,0,0,40
12/12/2008,HEF,VA,AEA,EN,Towers with Radar,0,5,38,0,43,0,0,59,2,61,0,5,97,2,104,12,0,12,116
12/13/2008,HEF,VA,AEA,EN,Towers with Radar,2,2,43,0,47,0,0,198,0,198,2,2,241,0,245,226,0,226,471
12/14/2008,HEF,VA,AEA,EN,Towers with Radar,2,6,39,0,47,0,0,130,0,130,2,6,169,0,177,258,0,258,435
12/15/2008,HEF,VA,AEA,EN,Towers with Radar,0,9,43,0,52,0,0,23,0,23,0,9,66,0,75,90,0,90,165
12/16/2008,HEF,VA,AEA,EN,Towers with Radar,0,13,24,0,37,0,0,10,0,10,0,13,34,0,47,160,0,160,207
12/17/2008,HEF,VA,AEA,EN,Towers with Radar,0,10,32,0,42,0,0,2,0,2,0,10,34,0,44,0,0,0,44
12/18/2008,HEF,VA,AEA,EN,Towers with Radar,0,4,47,0,51,0,0,18,2,20,0,4,65,2,71,290,0,290,361
12/19/2008,HEF,VA,AEA,EN,Towers with Radar,0,6,28,0,34,0,0,0,0,0,0,6,28,0,34,4,0,4,38
12/20/2008,HEF,VA,AEA,EN,Towers with Radar,2,9,29,0,40,0,0,41,0,41,2,9,70,0,81,370,0,370,451
12/21/2008,HEF,VA,AEA,EN,Towers with Radar,0,5,12,0,17,0,0,9,0,9,0,5,21,0,26,14,0,14,40
12/22/2008,HEF,VA,AEA,EN,Towers with Radar,0,7,33,0,40,0,0,63,0,63,0,7,96,0,103,86,0,86,189
12/23/2008,HEF,VA,AEA,EN,Towers with Radar,0,10,49,0,59,0,0,131,2,133,0,10,180,2,192,256,0,256,448
12/24/2008,HEF,VA,AEA,EN,Towers with Radar,0,4,15,0,19,0,0,5,0,5,0,4,20,0,24,40,0,40,64
12/25/2008,HEF,VA,AEA,EN,Towers with Radar,0,4,15,0,19,0,0,24,0,24,0,4,39,0,43,10,0,10,53
12/26/2008,HEF,VA,AEA,EN,Towers with Radar,0,7,36,0,43,0,0,34,0,34,0,7,70,0,77,86,0,86,163
12/27/2008,HEF,VA,AEA,EN,Towers with Radar,0,2,25,0,27,0,0,49,0,49,0,2,74,0,76,118,0,118,194
12/28/2008,HEF,VA,AEA,EN,Towers with Radar,0,5,18,0,23,0,0,10,0,10,0,5,28,0,33,36,0,36,69
12/29/2008,HEF,VA,AEA,EN,Towers with Radar,0,3,38,4,45,0,0,140,0,140,0,3,178,4,185,0,0,0,185
12/30/2008,HEF,VA,AEA,EN,Towers with Radar,0,4,42,0,46,0,0,122,0,122,0,4,164,0,168,74,0,74,242
12/31/2008,HEF,VA,AEA,EN,Towers with Radar,0,5,11,0,16,0,0,5,0,5,0,5,16,0,21,0,0,0,21
01/01/2009,HEF,VA,AEA,EN,Towers with Radar,0,1,28,0,29,0,0,91,0,91,0,1,119,0,120,118,0,118,238
01/02/2009,HEF,VA,AEA,EN,Towers with Radar,0,5,17,0,22,0,0,82,0,82,0,5,99,0,104,224,0,224,328
01/03/2009,HEF,VA,AEA,EN,Towers with Radar,2,7,50,0,59,0,0,203,1,204,2,7,253,1,263,230,0,230,493
01/04/2009,HEF,VA,AEA,EN,Towers with Radar,0,7,29,0,36,0,0,78,0,78,0,7,107,0,114,134,0,134,248
01/05/2009,HEF,VA,AEA,EN,Towers with Radar,0,9,33,0,42,0,0,57,0,57,0,9,90,0,99,124,0,124,223
01/06/2009,HEF,VA,AEA,EN,Towers with Radar,0,7,13,0,20,0,0,0,0,0,0,7,13,0,20,0,0,0,20
01/07/2009,HEF,VA,AEA,EN,Towers with Radar,0,3,13,0,16,0,0,2,0,2,0,3,15,0,18,0,0,0,18
01/08/2009,HEF,VA,AEA,EN,Towers with Radar,0,7,22,0,29,0,0,54,0,54,0,7,76,0,83,102,0,102,185
01/09/2009,HEF,VA,AEA,EN,Towers with Radar,0,9,55,0,64,0,0,125,0,125,0,9,180,0,189,192,0,192,381
01/10/2009,HEF,VA,AEA,EN,Towers with Radar,0,0,18,0,18,0,0,68,0,68,0,0,86,0,86,172,0,172,258
01/11/2009,HEF,VA,AEA,EN,Towers with Radar,2,6,39,0,47,0,0,107,0,107,2,6,146,0,154,198,0,198,352
01/12/2009,HEF,VA,AEA,EN,Towers with Radar,0,9,26,0,35,0,1,79,2,82,0,10,105,2,117,146,0,146,263
01/13/2009,HEF,VA,AEA,EN,Towers with Radar,0,6,21,1,28,0,0,98,0,98,0,6,119,1,126,170,0,170,296
01/14/2009,HEF,VA,AEA,EN,Towers with Radar,2,9,42,0,53,0,1,102,0,103,2,10,144,0,156,174,0,174,330
01/15/2009,HEF,VA,AEA,EN,Towers with Radar,0,12,26,0,38,0,0,40,2,42,0,12,66,2,80,86,0,86,166
01/16/2009,HEF,VA,AEA,EN,Towers with Radar,0,13,35,0,48,0,0,76,0,76,0,13,111,0,124,112,0,112,236
01/17/2009,HEF,VA,AEA,EN,Towers with Radar,0,12,58,0,70,0,0,97,0,97,0,12,155,0,167,132,0,132,299
01/18/2009,HEF,VA,AEA,EN,Towers with Radar,0,7,31,0,38,0,0,33,0,33,0,7,64,0,71,54,0,54,125
01/19/2009,HEF,VA,AEA,EN,Towers with Radar,0,6,42,0,48,0,0,40,0,40,0,6,82,0,88,130,0,130,218
01/20/2009,HEF,VA,AEA,EN,Towers with Radar,0,24,28,0,52,0,0,12,0,12,0,24,40,0,64,14,0,14,78
01/21/2009,HEF,VA,AEA,EN,Towers with Radar,2,25,101,0,128,0,0,59,0,59,2,25,160,0,187,162,0,162,349
01/22/2009,HEF,VA,AEA,EN,Towers with Radar,0,12,42,0,54,0,0,103,1,104,0,12,145,1,158,318,0,318,476
01/23/2009,HEF,VA,AEA,EN,Towers with Radar,0,5,45,1,51,0,0,150,0,150,0,5,195,1,201,176,0,176,377
01/24/2009,HEF,VA,AEA,EN,Towers with Radar,0,3,11,1,15,0,0,74,0,74,0,3,85,1,89,200,0,200,289
01/25/2009,HEF,VA,AEA,EN,Towers with Radar,0,11,43,0,54,0,0,132,0,132,0,11,175,0,186,278,0,278,464
01/26/2009,HEF,VA,AEA,EN,Towers with Radar,2,10,41,0,53,0,0,57,0,57,2,10,98,0,110,238,0,238,348
01/27/2009,HEF,VA,AEA,EN,Towers with Radar,0,7,16,0,23,0,0,0,0,0,0,7,16,0,23,0,0,0,23
01/28/2009,HEF,VA,AEA,EN,Towers with Radar,0,5,15,0,20,0,0,0,0,0,0,5,15,0,20,0,0,0,20
01/29/2009,HEF,VA,AEA,EN,Towers with Radar,0,9,37,0,46,0,0,115,0,115,0,9,152,0,161,148,0,148,309
01/30/2009,HEF,VA,AEA,EN,Towers with Radar,2,4,24,0,30,0,0,99,0,99,2,4,123,0,129,180,0,180,309
01/31/2009,HEF,VA,AEA,EN,Towers with Radar,0,5,29,0,34,0,0,148,0,148,0,5,177,0,182,172,0,172,354
02/01/2009,HEF,VA,AEA,EN,Towers with Radar,0,2,44,0,46,0,0,123,0,123,0,2,167,0,169,246,0,246,415
02/02/2009,HEF,VA,AEA,EN,Towers with Radar,0,4,25,0,29,0,0,80,0,80,0,4,105,0,109,86,0,86,195
02/03/2009,HEF,VA,AEA,EN,Towers with Radar,2,6,30,0,38,0,0,61,0,61,2,6,91,0,99,76,0,76,175
02/04/2009,HEF,VA,AEA,EN,Towers with Radar,0,7,35,0,42,0,0,50,0,50,0,7,85,0,92,24,6,30,122
02/05/2009,HEF,VA,AEA,EN,Towers with Radar,0,9,42,0,51,0,0,67,0,67,0,9,109,0,118,100,0,100,218
02/06/2009,HEF,VA,AEA,EN,Towers with Radar,0,8,60,0,68,0,0,156,0,156,0,8,216,0,224,150,0,150,374
02/07/2009,HEF,VA,AEA,EN,Towers with Radar,0,4,39,0,43,0,0,189,0,189,0,4,228,0,232,224,0,224,456
02/08/2009,HEF,VA,AEA,EN,Towers with Radar,0,10,40,0,50,0,0,89,0,89,0,10,129,0,139,192,0,192,331
02/09/2009,HEF,VA,AEA,EN,Towers with Radar,0,5,43,0,48,0,0,72,2,74,0,5,115,2,122,176,0,176,298
02/10/2009,HEF,VA,AEA,EN,Towers with Radar,0,5,32,0,37,0,1,51,2,54,0,6,83,2,91,258,0,258,349
02/11/2009,HEF,VA,AEA,EN,Towers with Radar,0,7,32,0,39,0,0,45,0,45,0,7,77,0,84,98,0,98,182
02/12/2009,HEF,VA,AEA,EN,Towers with Radar,0,11,28,0,39,0,1,4,0,5,0,12,32,0,44,2,0,2,46
02/13/2009,HEF,VA,AEA,EN,Towers with Radar,0,10,96,0,106,0,0,5,0,5,0,10,101,0,111,84,0,84,195
02/14/2009,HEF,VA,AEA,EN,Towers with Radar,0,4,147,0,151,0,0,3,0,3,0,4,150,0,154,296,0,296,450
02/15/2009,HEF,VA,AEA,EN,Towers with Radar,2,2,150,0,154,0,0,10,0,10,2,2,160,0,164,250,0,250,414
02/16/2009,HEF,VA,AEA,EN,Towers with Radar,0,8,148,0,156,0,0,6,0,6,0,8,154,0,162,196,0,196,358
02/17/2009,HEF,VA,AEA,EN,Towers with Radar,0,11,193,0,204,0,0,12,0,12,0,11,205,0,216,290,0,290,506
02/18/2009,HEF,VA,AEA,EN,Towers with Radar,0,12,27,0,39,0,0,0,0,0,0,12,27,0,39,0,0,0,39
02/19/2009,HEF,VA,AEA,EN,Towers with Radar,0,12,71,0,83,0,0,2,0,2,0,12,73,0,85,42,0,42,127
02/20/2009,HEF,VA,AEA,EN,Towers with Radar,0,16,107,0,123,0,0,4,0,4,0,16,111,0,127,30,0,30,157
02/21/2009,HEF,VA,AEA,EN,Towers with Radar,0,4,225,0,229,0,0,20,0,20,0,4,245,0,249,244,0,244,493
02/22/2009,HEF,VA,AEA,EN,Towers with Radar,2,3,41,2,48,0,0,3,0,3,2,3,44,2,51,72,0,72,123
02/23/2009,HEF,VA,AEA,EN,Towers with Radar,0,6,71,0,77,0,0,3,0,3,0,6,74,0,80,0,0,0,80
02/24/2009,HEF,VA,AEA,EN,Towers with Radar,0,6,172,1,179,0,0,7,0,7,0,6,179,1,186,138,0,138,324
02/25/2009,HEF,VA,AEA,EN,Towers with Radar,0,7,179,2,188,0,0,15,0,15,0,7,194,2,203,258,0,258,461
02/26/2009,HEF,VA,AEA,EN,Towers with Radar,0,8,162,0,170,0,0,10,2,12,0,8,172,2,182,250,0,250,432
02/27/2009,HEF,VA,AEA,EN,Towers with Radar,0,11,47,0,58,0,0,0,2,2,0,11,47,2,60,28,0,28,88
02/28/2009,HEF,VA,AEA,EN,Towers with Radar,0,4,133,0,137,0,0,5,0,5,0,4,138,0,142,214,0,214,356
03/01/2009,HEF,VA,AEA,EN,Towers with Radar,0,9,20,0,29,0,0,0,0,0,0,9,20,0,29,8,0,8,37
03/02/2009,HEF,VA,AEA,EN,Towers with Radar,0,4,22,0,26,0,0,0,0,0,0,4,22,0,26,0,0,0,26
03/03/2009,HEF,VA,AEA,EN,Towers with Radar,0,9,120,1,130,0,0,4,2,6,0,9,124,3,136,302,0,302,438
03/04/2009,HEF,VA,AEA,EN,Towers with Radar,0,11,135,0,146,0,0,7,0,7,0,11,142,0,153,194,0,194,347
03/05/2009,HEF,VA,AEA,EN,Towers with Radar,0,6,159,0,165,0,0,13,0,13,0,6,172,0,178,370,0,370,548
03/06/2009,HEF,VA,AEA,EN,Towers with Radar,2,12,164,0,178,0,0,10,0,10,2,12,174,0,188,126,0,126,314
03/07/2009,HEF,VA,AEA,EN,Towers with Radar,0,3,243,0,246,0,0,24,0,24,0,3,267,0,270,324,0,324,594
03/08/2009,HEF,VA,AEA,EN,Towers with Radar,0,5,203,2,210,0,0,16,0,16,0,5,219,2,226,208,0,208,434
03/09/2009,HEF,VA,AEA,EN,Towers with Radar,0,11,69,0,80,0,0,3,0,3,0,11,72,0,83,54,0,54,137
03/10/2009,HEF,VA,AEA,EN,Towers with Radar,0,8,136,0,144,0,0,8,0,8,0,8,144,0,152,174,0,174,326
03/11/2009,HEF,VA,AEA,EN,Towers with Radar,0,3,69,0,72,0,0,4,2,6,0,3,73,2,78,42,0,42,120
03/12/2009,HEF,VA,AEA,EN,Towers with Radar,0,12,214,1,227,0,0,15,0,15,0,12,229,1,242,282,0,282,524
03/13/2009,HEF,VA,AEA,EN,Towers with Radar,0,9,45,0,54,0,0,0,0,0,0,9,45,0,54,314,0,314,368
03/14/2009,HEF,VA,AEA,EN,Towers with Radar,0,5,50,0,55,0,0,4,0,4,0,5,54,0,59,166,0,166,225
03/15/2009,HEF,VA,AEA,EN,Towers with Radar,0,1,26,0,27,0,0,0,0,0,0,1,26,0,27,0,0,0,27
03/16/2009,HEF,VA,AEA,EN,Towers with Radar,0,5,48,0,53,0,0,0,0,0,0,5,48,0,53,26,0,26,79
03/17/2009,HEF,VA,AEA,EN,Towers with Radar,0,11,133,0,144,0,0,12,0,12,0,11,145,0,156,286,0,286,442
03/18/2009,HEF,VA,AEA,EN,Towers with Radar,0,11,175,2,188,0,0,17,4,21,0,11,192,6,209,130,0,130,339
03/19/2009,HEF,VA,AEA,EN,Towers with Radar,0,14,75,0,89,0,0,6,0,6,0,14,81,0,95,110,4,114,209
03/20/2009,HEF,VA,AEA,EN,Towers with Radar,0,10,169,2,181,0,0,12,0,12,0,10,181,2,193,140,0,140,333
03/21/2009,HEF,VA,AEA,EN,Towers with Radar,2,6,251,0,259,0,0,30,0,30,2,6,281,0,289,324,0,324,613
03/22/2009,HEF,VA,AEA,EN,Towers with Radar,2,15,237,0,254,0,0,9,0,9,2,15,246,0,263,182,0,182,445
03/23/2009,HEF,VA,AEA,EN,Towers with Radar,0,8,115,0,123,0,0,7,0,7,0,8,122,0,130,222,0,222,352
03/24/2009,HEF,VA,AEA,EN,Towers with Radar,2,14,146,2,164,0,0,16,0,16,2,14,162,2,180,402,0,402,582
03/25/2009,HEF,VA,AEA,EN,Towers with Radar,0,19,133,1,153,0,0,2,0,2,0,19,135,1,155,270,0,270,425
03/26/2009,HEF,VA,AEA,EN,Towers with Radar,0,18,42,1,61,0,0,0,0,0,0,18,42,1,61,12,0,12,73
03/27/2009,HEF,VA,AEA,EN,Towers with Radar,0,8,143,0,151,0,0,6,0,6,0,8,149,0,157,262,0,262,419
03/28/2009,HEF,VA,AEA,EN,Towers with Radar,1,3,40,0,44,0,0,0,0,0,1,3,40,0,44,0,0,0,44
03/29/2009,HEF,VA,AEA,EN,Towers with Radar,0,6,53,0,59,0,0,0,0,0,0,6,53,0,59,56,0,56,115
03/30/2009,HEF,VA,AEA,EN,Towers with Radar,0,10,85,0,95,0,0,4,1,5,0,10,89,1,100,68,0,68,168
03/31/2009,HEF,VA,AEA,EN,Towers with Radar,0,9,248,0,257,0,0,22,1,23,0,9,270,1,280,146,0,146,426
04/01/2009,HEF,VA,AEA,EN,Towers with Radar,0,7,42,0,49,0,0,0,0,0,0,7,42,0,49,12,0,12,61
04/02/2009,HEF,VA,AEA,EN,Towers with Radar,0,10,46,0,56,0,0,0,0,0,0,10,46,0,56,4,0,4,60
04/03/2009,HEF,VA,AEA,EN,Towers with Radar,0,9,50,0,59,0,0,0,0,0,0,9,50,0,59,26,0,26,85
04/04/2009,HEF,VA,AEA,EN,Towers with Radar,0,6,40,0,46,0,0,2,0,2,0,6,42,0,48,4,0,4,52
04/05/2009,HEF,VA,AEA,EN,Towers with Radar,0,11,279,1,291,0,0,26,0,26,0,11,305,1,317,204,0,204,521
04/06/2009,HEF,VA,AEA,EN,Towers with Radar,0,6,42,0,48,0,0,1,0,1,0,6,43,0,49,62,0,62,111
04/07/2009,HEF,VA,AEA,EN,Towers with Radar,0,10,87,4,101,0,0,7,2,9,0,10,94,6,110,78,0,78,188
04/08/2009,HEF,VA,AEA,EN,Towers with Radar,0,11,102,0,113,0,0,1,0,1,0,11,103,0,114,38,0,38,152
04/09/2009,HEF,VA,AEA,EN,Towers with Radar,0,10,212,0,222,0,0,26,0,26,0,10,238,0,248,287,0,287,535
04/10/2009,HEF,VA,AEA,EN,Towers with Radar,0,10,106,0,116,0,0,5,0,5,0,10,111,0,121,274,0,274,395
04/11/2009,HEF,VA,AEA,EN,Towers with Radar,2,3,36,0,41,0,0,2,0,2,2,3,38,0,43,2,0,2,45
04/12/2009,HEF,VA,AEA,EN,Towers with Radar,2,3,153,0,158,0,0,4,0,4,2,3,157,0,162,216,0,216,378
04/13/2009,HEF,VA,AEA,EN,Towers with Radar,0,12,177,1,190,0,0,5,0,5,0,12,182,1,195,150,0,150,345
04/14/2009,HEF,VA,AEA,EN,Towers with Radar,0,11,32,0,43,0,0,0,0,0,0,11,32,0,43,0,0,0,43
04/15/2009,HEF,VA,AEA,EN,Towers with Radar,0,9,35,0,44,0,0,0,0,0,0,9,35,0,44,12,0,12,56
04/16/2009,HEF,VA,AEA,EN,Towers with Radar,2,16,219,0,237,0,0,6,0,6,2,16,225,0,243,350,0,350,593
04/17/2009,HEF,VA,AEA,EN,Towers with Radar,2,12,197,0,211,0,0,23,0,23,2,12,220,0,234,522,0,522,756
04/18/2009,HEF,VA,AEA,EN,Towers with Radar,0,3,56,0,59,0,3,211,0,214,0,6,267,0,273,282,0,282,555
04/19/2009,HEF,VA,AEA,EN,Towers with Radar,0,4,52,0,56,0,0,120,0,120,0,4,172,0,176,248,0,248,424
04/20/2009,HEF,VA,AEA,EN,Towers with Radar,0,10,26,0,36,0,0,0,0,0,0,10,26,0,36,0,0,0,36
04/21/2009,HEF,VA,AEA,EN,Towers with Radar,0,19,50,0,69,0,0,16,1,17,0,19,66,1,86,132,0,132,218
04/22/2009,HEF,VA,AEA,EN,Towers with Radar,0,5,52,0,57,0,0,80,0,80,0,5,132,0,137,210,0,210,347
04/23/2009,HEF,VA,AEA,EN,Towers with Radar,0,10,75,0,85,0,1,86,0,87,0,11,161,0,172,80,0,80,252
04/24/2009,HEF,VA,AEA,EN,Towers with Radar,0,2,70,0,72,0,1,160,0,161,0,3,230,0,233,198,0,198,431
04/25/2009,HEF,VA,AEA,EN,Towers with Radar,0,2,40,0,42,0,0,178,0,178,0,2,218,0,220,228,0,228,448
04/26/2009,HEF,VA,AEA,EN,Towers with Radar,0,8,62,0,70,0,0,165,0,165,0,8,227,0,235,210,0,210,445
04/27/2009,HEF,VA,AEA,EN,Towers with Radar,0,10,58,0,68,0,0,87,0,87,0,10,145,0,155,104,0,104,259
04/28/2009,HEF,VA,AEA,EN,Towers with Radar,0,6,58,0,64,0,1,92,2,95,0,7,150,2,159,160,0,160,319
04/29/2009,HEF,VA,AEA,EN,Towers with Radar,0,13,38,2,53,0,0,2,0,2,0,13,40,2,55,0,0,0,55
04/30/2009,HEF,VA,AEA,EN,Towers with Radar,0,9,73,0,82,0,0,13,0,13,0,9,86,0,95,222,0,222,317
05/01/2009,HEF,VA,AEA,EN,Towers with Radar,0,10,46,0,56,0,0,14,0,14,0,10,60,0,70,20,0,20,90
05/02/2009,HEF,VA,AEA,EN,Towers with Radar,10,12,22,0,44,0,0,71,0,71,10,12,93,0,115,263,0,263,378
05/03/2009,HEF,VA,AEA,EN,Towers with Radar,0,10,60,0,70,0,0,0,0,0,0,10,60,0,70,0,0,0,70
05/04/2009,HEF,VA,AEA,EN,Towers with Radar,0,13,37,2,52,0,0,0,0,0,0,13,37,2,52,0,0,0,52
05/05/2009,HEF,VA,AEA,EN,Towers with Radar,2,10,61,0,73,0,0,7,0,7,2,10,68,0,80,90,0,90,170
05/06/2009,HEF,VA,AEA,EN,Towers with Radar,0,15,63,3,81,0,0,7,0,7,0,15,70,3,88,200,0,200,288
05/07/2009,HEF,VA,AEA,EN,Towers with Radar,0,5,38,11,54,0,0,17,0,17,0,5,55,11,71,24,0,24,95
05/08/2009,HEF,VA,AEA,EN,Towers with Radar,0,17,55,10,82,0,0,100,0,100,0,17,155,10,182,124,0,124,306
05/09/2009,HEF,VA,AEA,EN,Towers with Radar,0,6,51,1,58,0,0,64,0,64,0,6,115,1,122,198,0,198,320
05/10/2009,HEF,VA,AEA,EN,Towers with Radar,0,3,76,0,79,0,0,80,0,80,0,3,156,0,159,140,0,140,299
05/11/2009,HEF,VA,AEA,EN,Towers with Radar,1,12,59,0,72,0,3,36,0,39,1,15,95,0,111,198,0,198,309
05/12/2009,HEF,VA,AEA,EN,Towers with Radar,0,11,79,0,90,0,0,125,0,125,0,11,204,0,215,172,0,172,387
05/13/2009,HEF,VA,AEA,EN,Towers with Radar,0,10,65,4,79,0,1,90,2,93,0,11,155,6,172,214,0,214,386
05/14/2009,HEF,VA,AEA,EN,Towers with Radar,0,10,75,8,93,0,0,20,0,20,0,10,95,8,113,8,0,8,121
05/15/2009,HEF,VA,AEA,EN,Towers with Radar,0,4,51,0,55,0,1,55,0,56,0,5,106,0,111,132,0,132,243
05/16/2009,HEF,VA,AEA,EN,Towers with Radar,0,1,58,0,59,0,0,18,0,18,0,1,76,0,77,126,0,126,203
05/17/2009,HEF,VA,AEA,EN,Towers with Radar,0,8,47,0,55,0,0,28,0,28,0,8,75,0,83,90,0,90,173
05/18/2009,HEF,VA,AEA,EN,Towers with Radar,0,11,50,0,61,0,0,79,2,81,0,11,129,2,142,148,0,148,290
05/19/2009,HEF,VA,AEA,EN,Towers with Radar,0,6,63,0,69,0,0,137,0,137,0,6,200,0,206,220,0,220,426
05/20/2009,HEF,VA,AEA,EN,Towers with Radar,0,8,59,4,71,0,1,130,5,136,0,9,189,9,207,230,0,230,437
05/21/2009,HEF,VA,AEA,EN,Towers with Radar,0,7,92,1,100,0,1,120,2,123,0,8,212,3,223,206,0,206,429
05/22/2009,HEF,VA,AEA,EN,Towers with Radar,0,20,58,0,78,0,0,152,0,152,0,20,210,0,230,290,0,290,520
05/23/2009,HEF,VA,AEA,EN,Towers with Radar,0,4,43,0,47,0,0,180,0,180,0,4,223,0,227,220,0,220,447
05/24/2009,HEF,VA,AEA,EN,Towers with Radar,0,5,30,0,35,0,0,95,0,95,0,5,125,0,130,150,0,150,280
05/25/2009,HEF,VA,AEA,EN,Towers with Radar,0,10,52,0,62,0,0,75,0,75,0,10,127,0,137,90,0,90,227
05/26/2009,HEF,VA,AEA,EN,Towers with Radar,0,5,22,0,27,0,0,0,0,0,0,5,22,0,27,0,0,0,27
05/27/2009,HEF,VA,AEA,EN,Towers with Radar,2,9,28,0,39,0,0,0,0,0,2,9,28,0,39,30,0,30,69
05/28/2009,HEF,VA,AEA,EN,Towers with Radar,0,8,32,0,40,0,0,22,0,22,0,8,54,0,62,464,0,464,526
05/29/2009,HEF,VA,AEA,EN,Towers with Radar,0,6,52,3,61,0,1,31,0,32,0,7,83,3,93,190,0,190,283
05/30/2009,HEF,VA,AEA,EN,Towers with Radar,0,5,50,0,55,0,0,208,0,208,0,5,258,0,263,262,0,262,525
05/31/2009,HEF,VA,AEA,EN,Towers with Radar,0,11,56,2,69,0,11,170,3,184,0,22,226,5,253,190,0,190,443
06/01/2009,HEF,VA,AEA,EN,Towers with Radar,0,11,58,0,69,0,6,121,0,127,0,17,179,0,196,76,0,76,272
06/02/2009,HEF,VA,AEA,EN,Towers with Radar,0,15,47,0,62,0,9,59,0,68,0,24,106,0,130,432,0,432,562
06/03/2009,HEF,VA,AEA,EN,Towers with Radar,0,9,51,0,60,0,0,64,0,64,0,9,115,0,124,188,0,188,312
06/04/2009,HEF,VA,AEA,EN,Towers with Radar,0,6,45,2,53,0,0,0,0,0,0,6,45,2,53,0,0,0,53
06/05/2009,HEF,VA,AEA,EN,Towers with Radar,0,9,33,1,43,0,0,0,0,0,0,9,33,1,43,0,0,0,43
06/06/2009,HEF,VA,AEA,EN,Towers with Radar,0,9,81,0,90,0,37,108,0,145,0,46,189,0,235,536,0,536,771
06/07/2009,HEF,VA,AEA,EN,Towers with Radar,0,5,69,0,74,0,12,142,1,155,0,17,211,1,229,220,0,220,449
06/08/2009,HEF,VA,AEA,EN,Towers with Radar,0,11,35,0,46,0,13,88,0,101,0,24,123,0,147,362,0,362,509
06/09/2009,HEF,VA,AEA,EN,Towers with Radar,0,6,43,0,49,0,7,51,0,58,0,13,94,0,107,198,0,198,305
06/10/2009,HEF,VA,AEA,EN,Towers with Radar,0,15,52,0,67,0,6,71,0,77,0,21,123,0,144,284,0,284,428
06/11/2009,HEF,VA,AEA,EN,Towers with Radar,0,12,48,0,60,0,0,8,0,8,0,12,56,0,68,184,0,184,252
06/12/2009,HEF,VA,AEA,EN,Towers with Radar,0,19,62,0,81,0,10,83,0,93,0,29,145,0,174,550,0,550,724
06/13/2009,HEF,VA,AEA,EN,Towers with Radar,0,9,37,0,46,0,19,138,0,157,0,28,175,0,203,522,0,522,725
06/14/2009,HEF,VA,AEA,EN,Towers with Radar,0,8,66,0,74,0,28,145,0,173,0,36,211,0,247,212,0,212,459
06/15/2009,HEF,VA,AEA,EN,Towers with Radar,0,14,56,0,70,0,9,111,2,122,0,23,167,2,192,354,0,354,546
06/16/2009,HEF,VA,AEA,EN,Towers with Radar,0,9,54,0,63,0,13,102,0,115,0,22,156,0,178,390,0,390,568
06/17/2009,HEF,VA,AEA,EN,Towers with Radar,0,4,40,0,44,0,0,4,0,4,0,4,44,0,48,0,0,0,48
06/18/2009,HEF,VA,AEA,EN,Towers with Radar,2,15,57,0,74,0,7,32,0,39,2,22,89,0,113,402,0,402,515
06/19/2009,HEF,VA,AEA,EN,Towers with Radar,2,11,53,0,66,0,16,98,0,114,2,27,151,0,180,434,0,434,614
06/20/2009,HEF,VA,AEA,EN,Towers with Radar,0,2,42,0,44,0,2,18,0,20,0,4,60,0,64,441,0,441,505
06/21/2009,HEF,VA,AEA,EN,Towers with Radar,0,8,46,0,54,0,12,53,0,65,0,20,99,0,119,513,0,513,632
06/22/2009,HEF,VA,AEA,EN,Towers with Radar,0,10,36,1,47,0,6,115,2,123,0,16,151,3,170,574,0,574,744
06/23/2009,HEF,VA,AEA,EN,Towers with Radar,0,5,52,0,57,0,14,126,0,140,0,19,178,0,197,324,0,324,521
06/24/2009,HEF,VA,AEA,EN,Towers with Radar,0,9,58,2,69,0,6,131,0,137,0,15,189,2,206,204,0,204,410
06/25/2009,HEF,VA,AEA,EN,Towers with Radar,0,17,63,0,80,0,16,118,0,134,0,33,181,0,214,294,0,294,508
06/26/2009,HEF,VA,AEA,EN,Towers with Radar,1,7,53,1,62,0,19,83,0,102,1,26,136,1,164,456,0,456,620
06/27/2009,HEF,VA,AEA,EN,Towers with Radar,0,5,51,0,56,0,24,128,0,152,0,29,179,0,208,600,0,600,808
06/28/2009,HEF,VA,AEA,EN,Towers with Radar,0,11,56,0,67,0,9,87,0,96,0,20,143,0,163,491,0,491,654
06/29/2009,HEF,VA,AEA,EN,Towers with Radar,1,14,48,0,63,0,9,88,0,97,1,23,136,0,160,404,0,404,564
06/30/2009,HEF,VA,AEA,EN,Towers with Radar,0,6,43,0,49,0,3,90,0,93,0,9,133,0,142,288,0,288,430
07/01/2009,HEF,VA,AEA,EN,Towers with Radar,0,7,52,0,59,0,2,78,0,80,0,9,130,0,139,186,0,186,325
07/02/2009,HEF,VA,AEA,EN,Towers with Radar,0,13,77,0,90,0,4,100,0,104,0,17,177,0,194,212,0,212,406
07/03/2009,HEF,VA,AEA,EN,Towers with Radar,0,7,53,0,60,0,23,110,0,133,0,30,163,0,193,192,0,192,385
07/04/2009,HEF,VA,AEA,EN,Towers with Radar,0,3,28,0,31,0,6,81,0,87,0,9,109,0,118,60,0,60,178
07/05/2009,HEF,VA,AEA,EN,Towers with Radar,0,12,76,0,88,0,6,57,0,63,0,18,133,0,151,184,0,184,335
07/06/2009,HEF,VA,AEA,EN,Towers with Radar,0,4,66,0,70,0,11,90,0,101,0,15,156,0,171,190,0,190,361
07/07/2009,HEF,VA,AEA,EN,Towers with Radar,0,13,38,0,51,0,6,87,0,93,0,19,125,0,144,272,0,272,416
07/08/2009,HEF,VA,AEA,EN,Towers with Radar,0,13,59,0,72,0,17,99,0,116,0,30,158,0,188,256,0,256,444
07/09/2009,HEF,VA,AEA,EN,Towers with Radar,0,9,54,0,63,0,5,96,0,101,0,14,150,0,164,390,0,390,554
07/10/2009,HEF,VA,AEA,EN,Towers with Radar,0,10,73,0,83,0,14,100,0,114,0,24,173,0,197,172,0,172,369
07/11/2009,HEF,VA,AEA,EN,Towers with Radar,0,5,38,0,43,0,18,120,0,138,0,23,158,0,181,206,0,206,387
07/12/2009,HEF,VA,AEA,EN,Towers with Radar,0,12,63,0,75,0,16,128,0,144,0,28,191,0,219,254,0,254,473
07/13/2009,HEF,VA,AEA,EN,Towers with Radar,1,10,24,0,35,0,15,97,1,113,1,25,121,1,148,310,0,310,458
07/14/2009,HEF,VA,AEA,EN,Towers with Radar,0,13,38,0,51,0,14,108,0,122,0,27,146,0,173,510,0,510,683
07/15/2009,HEF,VA,AEA,EN,Towers with Radar,0,9,57,0,66,0,11,78,2,91,0,20,135,2,157,550,0,550,707
07/16/2009,HEF,VA,AEA,EN,Towers with Radar,0,9,55,0,64,0,12,86,0,98,0,21,141,0,162,486,0,486,648
07/17/2009,HEF,VA,AEA,EN,Towers with Radar,0,9,47,0,56,0,5,43,0,48,0,14,90,0,104,540,0,540,644
07/18/2009,HEF,VA,AEA,EN,Towers with Radar,0,13,50,0,63,0,23,160,0,183,0,36,210,0,246,608,0,608,854
07/19/2009,HEF,VA,AEA,EN,Towers with Radar,2,4,47,0,53,0,28,198,0,226,2,32,245,0,279,221,0,221,500
07/20/2009,HEF,VA,AEA,EN,Towers with Radar,0,14,54,0,68,0,3,46,0,49,0,17,100,0,117,158,0,158,275
07/21/2009,HEF,VA,AEA,EN,Towers with Radar,0,9,51,0,60,0,12,76,1,89,0,21,127,1,149,190,0,190,339
07/22/2009,HEF,VA,AEA,EN,Towers with Radar,0,9,69,0,78,0,7,87,0,94,0,16,156,0,172,242,0,242,414
07/23/2009,HEF,VA,AEA,EN,Towers with Radar,0,8,48,0,56,0,0,27,0,27,0,8,75,0,83,108,0,108,191
07/24/2009,HEF,VA,AEA,EN,Towers with Radar,0,10,80,0,90,0,17,89,0,106,0,27,169,0,196,294,0,294,490
07/25/2009,HEF,VA,AEA,EN,Towers with Radar,0,7,45,0,52,0,29,121,0,150,0,36,166,0,202,242,0,242,444
07/26/2009,HEF,VA,AEA,EN,Towers with Radar,0,4,38,0,42,0,10,74,0,84,0,14,112,0,126,232,0,232,358
07/27/2009,HEF,VA,AEA,EN,Towers with Radar,0,9,62,1,72,0,13,54,0,67,0,22,116,1,139,332,0,332,471
07/28/2009,HEF,VA,AEA,EN,Towers with Radar,0,17,54,1,72,0,13,66,0,79,0,30,120,1,151,366,0,366,517
07/29/2009,HEF,VA,AEA,EN,Towers with Radar,0,9,38,0,47,0,2,23,0,25,0,11,61,0,72,58,0,58,130
07/30/2009,HEF,VA,AEA,EN,Towers with Radar,0,7,59,0,66,0,17,99,0,116,0,24,158,0,182,249,0,249,431
07/31/2009,HEF,VA,AEA,EN,Towers with Radar,0,13,48,0,61,0,2,23,2,27,0,15,71,2,88,52,0,52,140
08/01/2009,HEF,VA,AEA,EN,Towers with Radar,0,5,64,0,69,0,21,119,0,140,0,26,183,0,209,204,0,204,413
08/02/2009,HEF,VA,AEA,EN,Towers with Radar,0,8,41,0,49,0,0,28,0,28,0,8,69,0,77,108,0,108,185
08/03/2009,HEF,VA,AEA,EN,Towers with Radar,2,8,49,3,62,0,20,117,1,138,2,28,166,4,200,196,0,196,396
08/04/2009,HEF,VA,AEA,EN,Towers with Radar,0,9,46,0,55,0,15,104,0,119,0,24,150,0,174,140,0,140,314
08/05/2009,HEF,VA,AEA,EN,Towers with Radar,0,11,35,2,48,0,11,125,0,136,0,22,160,2,184,356,0,356,540
08/06/2009,HEF,VA,AEA,EN,Towers with Radar,0,7,60,0,67,0,5,51,0,56,0,12,111,0,123,376,0,376,499
08/07/2009,HEF,VA,AEA,EN,Towers with Radar,0,8,60,2,70,0,22,161,0,183,0,30,221,2,253,84,0,84,337
08/08/2009,HEF,VA,AEA,EN,Towers with Radar,0,8,52,0,60,0,26,137,0,163,0,34,189,0,223,164,0,164,387
08/09/2009,HEF,VA,AEA,EN,Towers with Radar,2,7,63,0,72,0,14,106,0,120,2,21,169,0,192,246,0,246,438
08/10/2009,HEF,VA,AEA,EN,Towers with Radar,1,6,24,0,31,0,6,82,0,88,1,12,106,0,119,98,0,98,217
08/11/2009,HEF,VA,AEA,EN,Towers with Radar,0,6,48,0,54,0,12,84,0,96,0,18,132,0,150,123,0,123,273
08/12/2009,HEF,VA,AEA,EN,Towers with Radar,0,17,52,0,69,0,5,55,0,60,0,22,107,0,129,186,0,186,315
08/13/2009,HEF,VA,AEA,EN,Towers with Radar,0,12,68,0,80,0,6,62,2,70,0,18,130,2,150,356,0,356,506
08/14/2009,HEF,VA,AEA,EN,Towers with Radar,0,11,62,0,73,0,8,61,0,69,0,19,123,0,142,490,0,490,632
08/15/2009,HEF,VA,AEA,EN,Towers with Radar,0,11,54,0,65,0,8,141,0,149,0,19,195,0,214,350,0,350,564
08/16/2009,HEF,VA,AEA,EN,Towers with Radar,0,13,56,0,69,0,6,131,0,137,0,19,187,0,206,188,0,188,394
08/17/2009,HEF,VA,AEA,EN,Towers with Radar,0,4,47,0,51,0,3,84,1,88,0,7,131,1,139,462,0,462,601
08/18/2009,HEF,VA,AEA,EN,Towers with Radar,0,11,31,0,42,0,7,67,0,74,0,18,98,0,116,374,0,374,490
08/19/2009,HEF,VA,AEA,EN,Towers with Radar,0,5,53,1,59,0,10,62,1,73,0,15,115,2,132,220,0,220,352
08/20/2009,HEF,VA,AEA,EN,Towers with Radar,0,5,45,0,50,0,8,87,0,95,0,13,132,0,145,166,0,166,311
08/21/2009,HEF,VA,AEA,EN,Towers with Radar,0,3,36,0,39,0,9,91,0,100,0,12,127,0,139,138,0,138,277
08/22/2009,HEF,VA,AEA,EN,Towers with Radar,0,4,20,2,26,0,2,5,0,7,0,6,25,2,33,140,0,140,173
08/23/2009,HEF,VA,AEA,EN,Towers with Radar,1,5,48,0,54,0,18,148,0,166,1,23,196,0,220,196,0,196,416
08/24/2009,HEF,VA,AEA,EN,Towers with Radar,0,8,38,0,46,0,10,127,0,137,0,18,165,0,183,128,0,128,311
08/25/2009,HEF,VA,AEA,EN,Towers with Radar,0,7,55,2,64,0,16,116,2,134,0,23,171,4,198,120,0,120,318
08/26/2009,HEF,VA,AEA,EN,Towers with Radar,0,9,58,0,67,0,15,127,1,143,0,24,185,1,210,138,0,138,348
08/27/2009,HEF,VA,AEA,EN,Towers with Radar,0,17,57,0,74,0,14,121,0,135,0,31,178,0,209,404,0,404,613
08/28/2009,HEF,VA,AEA,EN,Towers with Radar,0,10,60,4,74,0,3,5,0,8,0,13,65,4,82,340,0,340,422
08/29/2009,HEF,VA,AEA,EN,Towers with Radar,0,6,24,0,30,0,7,30,0,37,0,13,54,0,67,312,0,312,379
08/30/2009,HEF,VA,AEA,EN,Towers with Radar,0,9,49,0,58,0,7,174,0,181,0,16,223,0,239,136,0,136,375
08/31/2009,HEF,VA,AEA,EN,Towers with Radar,2,10,50,0,62,0,10,88,0,98,2,20,138,0,160,238,0,238,398
09/01/2009,HEF,VA,AEA,EN,Towers with Radar,0,3,36,2,41,0,14,119,0,133,0,17,155,2,174,378,0,378,552
09/02/2009,HEF,VA,AEA,EN,Towers with Radar,0,10,37,0,47,0,16,97,0,113,0,26,134,0,160,310,0,310,470
09/03/2009,HEF,VA,AEA,EN,Towers with Radar,0,12,67,0,79,0,5,98,2,105,0,17,165,2,184,328,0,328,512
09/04/2009,HEF,VA,AEA,EN,Towers with Radar,0,5,73,0,78,0,18,128,4,150,0,23,201,4,228,390,0,390,618
09/05/2009,HEF,VA,AEA,EN,Towers with Radar,0,2,52,0,54,0,26,146,0,172,0,28,198,0,226,426,0,426,652
09/06/2009,HEF,VA,AEA,EN,Towers with Radar,0,2,30,0,32,0,17,115,0,132,0,19,145,0,164,376,0,376,540
09/07/2009,HEF,VA,AEA,EN,Towers with Radar,1,4,80,0,85,0,4,16,0,20,1,8,96,0,105,294,0,294,399
09/08/2009,HEF,VA,AEA,EN,Towers with Radar,4,12,46,0,62,0,0,24,0,24,4,12,70,0,86,152,0,152,238
09/09/2009,HEF,VA,AEA,EN,Towers with Radar,0,6,52,0,58,0,6,79,0,85,0,12,131,0,143,208,0,208,351
09/10/2009,HEF,VA,AEA,EN,Towers with Radar,4,8,57,4,73,0,7,45,0,52,4,15,102,4,125,52,0,52,177
09/11/2009,HEF,VA,AEA,EN,Towers with Radar,2,13,72,1,88,0,5,5,0,10,2,18,77,1,98,32,0,32,130
09/12/2009,HEF,VA,AEA,EN,Towers with Radar,0,8,59,0,67,0,11,87,0,98,0,19,146,0,165,429,0,429,594
09/13/2009,HEF,VA,AEA,EN,Towers with Radar,0,6,64,1,71,0,14,141,0,155,0,20,205,1,226,194,0,194,420
09/14/2009,HEF,VA,AEA,EN,Towers with Radar,0,5,45,0,50,0,11,106,0,117,0,16,151,0,167,170,0,170,337
09/15/2009,HEF,VA,AEA,EN,Towers with Radar,0,19,65,2,86,0,9,89,2,100,0,28,154,4,186,54,0,54,240
09/16/2009,HEF,VA,AEA,EN,Towers with Radar,0,13,58,0,71,0,5,24,2,31,0,18,82,2,102,188,6,194,296
09/17/2009,HEF,VA,AEA,EN,Towers with Radar,1,15,60,1,77,0,0,8,0,8,1,15,68,1,85,20,0,20,105
09/18/2009,HEF,VA,AEA,EN,Towers with Radar,0,11,54,2,67,0,2,39,0,41,0,13,93,2,108,294,0,294,402
09/19/2009,HEF,VA,AEA,EN,Towers with Radar,0,13,42,0,55,0,23,147,0,170,0,36,189,0,225,303,0,303,528
09/20/2009,HEF,VA,AEA,EN,Towers with Radar,0,8,72,0,80,0,1,144,0,145,0,9,216,0,225,196,0,196,421
09/21/2009,HEF,VA,AEA,EN,Towers with Radar,0,7,50,0,57,0,5,62,0,67,0,12,112,0,124,152,0,152,276
09/22/2009,HEF,VA,AEA,EN,Towers with Radar,0,10,52,0,62,0,4,15,0,19,0,14,67,0,81,174,0,174,255
09/23/2009,HEF,VA,AEA,EN,Towers with Radar,0,5,58,0,63,0,17,54,0,71,0,22,112,0,134,168,0,168,302
09/24/2009,HEF,VA,AEA,EN,Towers with Radar,0,7,56,0,63,0,4,76,0,80,0,11,132,0,143,114,0,114,257
09/25/2009,HEF,VA,AEA,EN,Towers with Radar,0,10,57,4,71,0,4,62,2,68,0,14,119,6,139,227,0,227,366
09/26/2009,HEF,VA,AEA,EN,Towers with Radar,0,12,43,0,55,0,0,28,0,28,0,12,71,0,83,166,0,166,249
09/27/2009,HEF,VA,AEA,EN,Towers with Radar,0,8,56,0,64,0,0,60,0,60,0,8,116,0,124,108,0,108,232
09/28/2009,HEF,VA,AEA,EN,Towers with Radar,0,8,35,0,43,0,4,32,0,36,0,12,67,0,79,20,0,20,99
09/29/2009,HEF,VA,AEA,EN,Towers with Radar,1,15,49,0,65,0,4,56,0,60,1,19,105,0,125,124,0,124,249
09/30/2009,HEF,VA,AEA,EN,Towers with Radar,0,15,71,4,90,0,6,71,0,77,0,21,142,4,167,160,0,160,327
10/01/2009,HEF,VA,AEA,EN,Towers with Radar,0,12,79,1,92,0,13,100,0,113,0,25,179,1,205,280,0,280,485
10/02/2009,HEF,VA,AEA,EN,Towers with Radar,0,12,48,0,60,0,7,57,0,64,0,19,105,0,124,371,0,371,495
10/03/2009,HEF,VA,AEA,EN,Towers with Radar,0,9,49,0,58,0,15,127,1,143,0,24,176,1,201,238,0,238,439
10/04/2009,HEF,VA,AEA,EN,Towers with Radar,0,13,70,0,83,0,15,122,0,137,0,28,192,0,220,208,0,208,428
10/05/2009,HEF,VA,AEA,EN,Towers with Radar,0,14,47,0,61,0,4,80,0,84,0,18,127,0,145,284,0,284,429
10/06/2009,HEF,VA,AEA,EN,Towers with Radar,0,14,61,0,75,0,9,67,0,76,0,23,128,0,151,104,0,104,255
10/07/2009,HEF,VA,AEA,EN,Towers with Radar,2,22,40,0,64,0,4,17,0,21,2,26,57,0,85,5,0,5,90
10/08/2009,HEF,VA,AEA,EN,Towers with Radar,0,19,75,0,94,0,16,103,0,119,0,35,178,0,213,172,0,172,385
10/09/2009,HEF,VA,AEA,EN,Towers with Radar,0,18,56,0,74,0,11,63,0,74,0,29,119,0,148,110,0,110,258
10/10/2009,HEF,VA,AEA,EN,Towers with Radar,0,3,32,0,35,0,4,51,1,56,0,7,83,1,91,108,0,108,199
10/11/2009,HEF,VA,AEA,EN,Towers with Radar,0,2,66,0,68,0,25,154,0,179,0,27,220,0,247,156,0,156,403
10/12/2009,HEF,VA,AEA,EN,Towers with Radar,0,13,42,0,55,0,23,126,0,149,0,36,168,0,204,195,0,195,399
10/13/2009,HEF,VA,AEA,EN,Towers with Radar,0,11,45,0,56,0,6,81,0,87,0,17,126,0,143,74,0,74,217
10/14/2009,HEF,VA,AEA,EN,Towers with Radar,0,11,50,0,61,0,6,72,0,78,0,17,122,0,139,172,0,172,311
10/15/2009,HEF,VA,AEA,EN,Towers with Radar,2,19,48,0,69,0,0,2,0,2,2,19,50,0,71,0,0,0,71
10/16/2009,HEF,VA,AEA,EN,Towers with Radar,3,20,49,0,72,0,0,0,0,0,3,20,49,0,72,0,0,0,72
10/17/2009,HEF,VA,AEA,EN,Towers with Radar,0,11,23,0,34,0,0,1,0,1,0,11,24,0,35,0,0,0,35
10/18/2009,HEF,VA,AEA,EN,Towers with Radar,0,7,34,0,41,0,0,18,0,18,0,7,52,0,59,126,0,126,185
10/19/2009,HEF,VA,AEA,EN,Towers with Radar,0,14,47,0,61,0,6,74,3,83,0,20,121,3,144,246,0,246,390
10/20/2009,HEF,VA,AEA,EN,Towers with Radar,0,15,54,3,72,0,9,116,3,128,0,24,170,6,200,102,0,102,302
10/21/2009,HEF,VA,AEA,EN,Towers with Radar,0,9,65,3,77,0,10,109,2,121,0,19,174,5,198,230,0,230,428
10/22/2009,HEF,VA,AEA,EN,Towers with Radar,0,12,69,0,81,0,13,97,1,111,0,25,166,1,192,164,0,164,356
10/23/2009,HEF,VA,AEA,EN,Towers with Radar,0,3,50,0,53,0,6,47,0,53,0,9,97,0,106,146,0,146,252
10/24/2009,HEF,VA,AEA,EN,Towers with Radar,0,6,19,0,25,0,1,3,0,4,0,7,22,0,29,22,0,22,51
10/25/2009,HEF,VA,AEA,EN,Towers with Radar,0,13,58,0,71,0,35,178,2,215,0,48,236,2,286,204,0,204,490
10/26/2009,HEF,VA,AEA,EN,Towers with Radar,0,18,32,0,50,0,4,91,0,95,0,22,123,0,145,96,0,96,241
10/27/2009,HEF,VA,AEA,EN,Towers with Radar,2,10,68,0,80,0,0,1,0,1,2,10,69,0,81,0,0,0,81
10/28/2009,HEF,VA,AEA,EN,Towers with Radar,0,11,42,0,53,0,4,40,0,44,0,15,82,0,97,96,0,96,193
10/29/2009,HEF,VA,AEA,EN,Towers with Radar,0,18,46,1,65,0,5,48,0,53,0,23,94,1,118,345,0,345,463
10/30/2009,HEF,VA,AEA,EN,Towers with Radar,2,23,36,0,61,0,2,17,0,19,2,25,53,0,80,312,0,312,392
10/31/2009,HEF,VA,AEA,EN,Towers with Radar,0,6,34,0,40,0,0,8,0,8,0,6,42,0,48,112,0,112,160
11/01/2009,HEF,VA,AEA,EN,Towers with Radar,0,5,40,0,45,0,7,35,0,42,0,12,75,0,87,114,0,114,201
11/02/2009,HEF,VA,AEA,EN,Towers with Radar,0,16,44,0,60,0,15,106,1,122,0,31,150,1,182,320,0,320,502
11/03/2009,HEF,VA,AEA,EN,Towers with Radar,1,13,52,0,66,0,12,105,0,117,1,25,157,0,183,268,0,268,451
11/04/2009,HEF,VA,AEA,EN,Towers with Radar,0,10,63,0,73,0,8,101,1,110,0,18,164,1,183,226,0,226,409
11/05/2009,HEF,VA,AEA,EN,Towers with Radar,0,8,50,0,58,0,7,99,3,109,0,15,149,3,167,430,0,430,597
11/06/2009,HEF,VA,AEA,EN,Towers with Radar,0,10,53,0,63,0,12,74,5,91,0,22,127,5,154,0,0,0,154
11/07/2009,HEF,VA,AEA,EN,Towers with Radar,0,8,49,0,57,0,39,176,1,216,0,47,225,1,273,164,0,164,437
11/08/2009,HEF,VA,AEA,EN,Towers with Radar,0,14,72,0,86,0,23,188,1,212,0,37,260,1,298,134,0,134,432
11/09/2009,HEF,VA,AEA,EN,Towers with Radar,0,9,60,0,69,0,4,76,0,80,0,13,136,0,149,144,0,144,293
11/10/2009,HEF,VA,AEA,EN,Towers with Radar,0,7,42,0,49,0,6,73,6,85,0,13,115,6,134,192,0,192,326
11/11/2009,HEF,VA,AEA,EN,Towers with Radar,0,5,28,0,33,0,2,2,0,4,0,7,30,0,37,0,0,0,37
11/12/2009,HEF,VA,AEA,EN,Towers with Radar,5,12,36,0,53,0,0,1,0,1,5,12,37,0,54,12,0,12,66
11/13/2009,HEF,VA,AEA,EN,Towers with Radar,4,5,26,0,35,0,0,3,0,3,4,5,29,0,38,0,0,0,38
11/14/2009,HEF,VA,AEA,EN,Towers with Radar,1,4,42,0,47,0,0,11,0,11,1,4,53,0,58,110,0,110,168
11/15/2009,HEF,VA,AEA,EN,Towers with Radar,2,16,70,0,88,0,7,146,0,153,2,23,216,0,241,182,0,182,423
11/16/2009,HEF,VA,AEA,EN,Towers with Radar,1,12,40,0,53,0,5,64,1,70,1,17,104,1,123,196,0,196,319
11/17/2009,HEF,VA,AEA,EN,Towers with Radar,0,6,65,0,71,0,10,79,1,90,0,16,144,1,161,180,0,180,341
11/18/2009,HEF,VA,AEA,EN,Towers with Radar,0,17,49,0,66,0,2,31,6,39,0,19,80,6,105,196,0,196,301
11/19/2009,HEF,VA,AEA,EN,Towers with Radar,0,10,44,0,54,0,0,2,0,2,0,10,46,0,56,0,0,0,56
11/20/2009,HEF,VA,AEA,EN,Towers with Radar,0,9,57,0,66,0,9,100,0,109,0,18,157,0,175,152,0,152,327
11/21/2009,HEF,VA,AEA,EN,Towers with Radar,2,7,48,0,57,0,31,119,0,150,2,38,167,0,207,0,0,0,207
11/22/2009,HEF,VA,AEA,EN,Towers with Radar,0,9,43,0,52,0,17,93,0,110,0,26,136,0,162,94,0,94,256
11/23/2009,HEF,VA,AEA,EN,Towers with Radar,1,9,38,0,48,0,0,0,0,0,1,9,38,0,48,0,0,0,48
11/24/2009,HEF,VA,AEA,EN,Towers with Radar,0,11,49,0,60,0,0,0,0,0,0,11,49,0,60,0,0,0,60
11/25/2009,HEF,VA,AEA,EN,Towers with Radar,0,8,56,0,64,0,2,4,0,6,0,10,60,0,70,0,0,0,70
11/26/2009,HEF,VA,AEA,EN,Towers with Radar,2,5,22,0,29,0,0,0,0,0,2,5,22,0,29,0,0,0,29
11/27/2009,HEF,VA,AEA,EN,Towers with Radar,1,6,23,1,31,0,0,12,1,13,1,6,35,2,44,2,0,2,46
11/28/2009,HEF,VA,AEA,EN,Towers with Radar,0,8,36,1,45,0,17,73,0,90,0,25,109,1,135,178,0,178,313
11/29/2009,HEF,VA,AEA,EN,Towers with Radar,0,11,95,0,106,0,32,180,1,213,0,43,275,1,319,184,0,184,503
11/30/2009,HEF,VA,AEA,EN,Towers with Radar,0,12,28,0,40,0,1,13,0,14,0,13,41,0,54,26,0,26,80
12/01/2009,HEF,VA,AEA,EN,Towers with Radar,0,5,51,3,59,0,4,89,0,93,0,9,140,3,152,124,0,124,276
12/02/2009,HEF,VA,AEA,EN,Towers with Radar,0,6,42,2,50,0,0,17,3,20,0,6,59,5,70,30,0,30,100
12/03/2009,HEF,VA,AEA,EN,Towers with Radar,0,9,39,0,48,0,2,22,1,25,0,11,61,1,73,64,0,64,137
12/04/2009,HEF,VA,AEA,EN,Towers with Radar,0,2,35,0,37,0,11,97,3,111,0,13,132,3,148,116,0,116,264
12/05/2009,HEF,VA,AEA,EN,Towers with Radar,3,0,5,0,8,0,0,1,0,1,3,0,6,0,9,0,0,0,9
12/06/2009,HEF,VA,AEA,EN,Towers with Radar,0,6,56,0,62,0,16,77,0,93,0,22,133,0,155,198,0,198,353
12/07/2009,HEF,VA,AEA,EN,Towers with Radar,0,15,47,0,62,0,4,34,2,40,0,19,81,2,102,56,0,56,158
12/08/2009,HEF,VA,AEA,EN,Towers with Radar,2,10,37,0,49,0,9,47,1,57,2,19,84,1,106,106,0,106,212
12/09/2009,HEF,VA,AEA,EN,Towers with Radar,0,9,26,0,35,0,0,2,2,4,0,9,28,2,39,0,0,0,39
12/10/2009,HEF,VA,AEA,EN,Towers with Radar,0,8,51,0,59,0,6,34,0,40,0,14,85,0,99,47,0,47,146
12/11/2009,HEF,VA,AEA,EN,Towers with Radar,0,5,47,0,52,0,2,40,0,42,0,7,87,0,94,56,0,56,150
12/12/2009,HEF,VA,AEA,EN,Towers with Radar,1,5,35,0,41,0,35,132,0,167,1,40,167,0,208,256,0,256,464
12/13/2009,HEF,VA,AEA,EN,Towers with Radar,2,3,15,0,20,0,0,0,0,0,2,3,15,0,20,0,0,0,20
12/14/2009,HEF,VA,AEA,EN,Towers with Radar,0,10,37,0,47,0,0,19,0,19,0,10,56,0,66,64,0,64,130
12/15/2009,HEF,VA,AEA,EN,Towers with Radar,0,12,38,0,50,0,2,14,0,16,0,14,52,0,66,0,0,0,66
12/16/2009,HEF,VA,AEA,EN,Towers with Radar,2,7,57,1,67,0,4,46,1,51,2,11,103,2,118,28,0,28,146
12/17/2009,HEF,VA,AEA,EN,Towers with Radar,0,9,60,0,69,0,8,82,1,91,0,17,142,1,160,194,0,194,354
12/18/2009,HEF,VA,AEA,EN,Towers with Radar,0,5,48,0,53,0,9,85,0,94,0,14,133,0,147,158,0,158,305
12/19/2009,HEF,VA,AEA,EN,Towers with Radar,0,0,0,0,0,0,0,0,0,0,0,0,0,0,0,0,0,0,0
12/20/2009,HEF,VA,AEA,EN,Towers with Radar,1,2,14,0,17,0,0,4,0,4,1,2,18,0,21,0,0,0,21
12/21/2009,HEF,VA,AEA,EN,Towers with Radar,0,13,37,0,50,0,0,32,0,32,0,13,69,0,82,12,0,12,94
12/22/2009,HEF,VA,AEA,EN,Towers with Radar,0,4,48,0,52,0,11,46,10,67,0,15,94,10,119,201,0,201,320
12/23/2009,HEF,VA,AEA,EN,Towers with Radar,2,12,44,1,59,0,4,86,0,90,2,16,130,1,149,200,0,200,349
12/24/2009,HEF,VA,AEA,EN,Towers with Radar,0,6,32,0,38,0,8,60,0,68,0,14,92,0,106,120,0,120,226
12/25/2009,HEF,VA,AEA,EN,Towers with Radar,0,3,0,0,3,0,0,1,0,1,0,3,1,0,4,0,0,0,4
12/26/2009,HEF,VA,AEA,EN,Towers with Radar,2,12,38,0,52,0,0,0,0,0,2,12,38,0,52,0,0,0,52
12/27/2009,HEF,VA,AEA,EN,Towers with Radar,0,18,49,0,67,0,6,106,0,112,0,24,155,0,179,184,0,184,363
12/28/2009,HEF,VA,AEA,EN,Towers with Radar,2,6,9,5,22,0,2,35,0,37,2,8,44,5,59,34,0,34,93
12/29/2009,HEF,VA,AEA,EN,Towers with Radar,0,6,21,0,27,0,1,6,0,7,0,7,27,0,34,12,0,12,46
12/30/2009,HEF,VA,AEA,EN,Towers with Radar,0,13,50,0,63,0,14,133,6,153,0,27,183,6,216,168,0,168,384
12/31/2009,HEF,VA,AEA,EN,Towers with Radar,0,7,7,0,14,0,0,0,0,0,0,7,7,0,14,0,0,0,14
01/01/2010,HEF,VA,AEA,EN,Towers with Radar,1,4,11,0,16,0,8,32,0,40,1,12,43,0,56,22,0,22,78
01/02/2010,HEF,VA,AEA,EN,Towers with Radar,0,9,15,0,24,0,0,7,0,7,0,9,22,0,31,32,0,32,63
01/03/2010,HEF,VA,AEA,EN,Towers with Radar,0,9,28,0,37,0,0,7,0,7,0,9,35,0,44,4,0,4,48
01/04/2010,HEF,VA,AEA,EN,Towers with Radar,0,11,27,0,38,0,5,26,10,41,0,16,53,10,79,16,0,16,95
01/05/2010,HEF,VA,AEA,EN,Towers with Radar,0,6,20,0,26,0,4,35,4,43,0,10,55,4,69,50,0,50,119
01/06/2010,HEF,VA,AEA,EN,Towers with Radar,0,6,27,0,33,0,2,22,2,26,0,8,49,2,59,18,0,18,77
01/07/2010,HEF,VA,AEA,EN,Towers with Radar,0,12,20,0,32,0,2,63,3,68,0,14,83,3,100,190,0,190,290
01/08/2010,HEF,VA,AEA,EN,Towers with Radar,0,4,18,0,22,0,0,11,4,15,0,4,29,4,37,34,0,34,71
01/09/2010,HEF,VA,AEA,EN,Towers with Radar,0,5,17,0,22,0,13,77,0,90,0,18,94,0,112,124,0,124,236
01/10/2010,HEF,VA,AEA,EN,Towers with Radar,0,10,31,0,41,0,12,120,0,132,0,22,151,0,173,162,0,162,335
01/11/2010,HEF,VA,AEA,EN,Towers with Radar,0,8,36,0,44,0,0,71,4,75,0,8,107,4,119,206,0,206,325
01/12/2010,HEF,VA,AEA,EN,Towers with Radar,0,5,40,0,45,0,10,62,0,72,0,15,102,0,117,208,0,208,325
01/13/2010,HEF,VA,AEA,EN,Towers with Radar,0,8,34,2,44,0,4,89,3,96,0,12,123,5,140,328,0,328,468
01/14/2010,HEF,VA,AEA,EN,Towers with Radar,2,10,44,2,58,0,3,135,5,143,2,13,179,7,201,273,0,273,474
01/15/2010,HEF,VA,AEA,EN,Towers with Radar,0,12,37,2,51,0,10,103,1,114,0,22,140,3,165,190,0,190,355
01/16/2010,HEF,VA,AEA,EN,Towers with Radar,0,5,34,0,39,0,28,209,0,237,0,33,243,0,276,266,0,266,542
01/17/2010,HEF,VA,AEA,EN,Towers with Radar,2,6,13,2,23,0,0,1,0,1,2,6,14,2,24,0,0,0,24
01/18/2010,HEF,VA,AEA,EN,Towers with Radar,2,6,36,3,47,0,18,130,0,148,2,24,166,3,195,0,0,0,195
01/19/2010,HEF,VA,AEA,EN,Towers with Radar,0,10,29,0,39,0,5,134,0,139,0,15,163,0,178,116,0,116,294
01/20/2010,HEF,VA,AEA,EN,Towers with Radar,0,4,31,0,35,0,3,72,2,77,0,7,103,2,112,78,0,78,190
01/21/2010,HEF,VA,AEA,EN,Towers with Radar,0,4,40,0,44,0,2,75,4,81,0,6,115,4,125,152,0,152,277
01/22/2010,HEF,VA,AEA,EN,Towers with Radar,0,4,20,0,24,0,5,7,0,12,0,9,27,0,36,48,0,48,84
01/23/2010,HEF,VA,AEA,EN,Towers with Radar,1,6,46,0,53,1,32,214,4,251,2,38,260,4,304,229,0,229,533
01/24/2010,HEF,VA,AEA,EN,Towers with Radar,0,10,24,0,34,0,0,6,0,6,0,10,30,0,40,16,0,16,56
01/25/2010,HEF,VA,AEA,EN,Towers with Radar,0,7,30,0,37,0,3,14,3,20,0,10,44,3,57,28,0,28,85
01/26/2010,HEF,VA,AEA,EN,Towers with Radar,0,5,41,0,46,0,4,79,0,83,0,9,120,0,129,132,0,132,261
01/27/2010,HEF,VA,AEA,EN,Towers with Radar,0,11,56,0,67,0,2,118,0,120,0,13,174,0,187,250,0,250,437
01/28/2010,HEF,VA,AEA,EN,Towers with Radar,0,11,61,0,72,0,0,64,2,66,0,11,125,2,138,56,0,56,194
01/29/2010,HEF,VA,AEA,EN,Towers with Radar,0,7,39,0,46,0,3,77,0,80,0,10,116,0,126,254,0,254,380
01/30/2010,HEF,VA,AEA,EN,Towers with Radar,0,3,4,0,7,0,0,0,0,0,0,3,4,0,7,24,0,24,31
01/31/2010,HEF,VA,AEA,EN,Towers with Radar,0,8,36,0,44,0,17,38,3,58,0,25,74,3,102,0,0,0,102
02/01/2010,HEF,VA,AEA,EN,Towers with Radar,2,4,41,0,47,0,4,49,0,53,2,8,90,0,100,242,0,242,342
02/02/2010,HEF,VA,AEA,EN,Towers with Radar,0,12,32,0,44,0,3,44,0,47,0,15,76,0,91,266,0,266,357
02/03/2010,HEF,VA,AEA,EN,Towers with Radar,0,8,29,0,37,0,0,23,0,23,0,8,52,0,60,74,0,74,134
02/04/2010,HEF,VA,AEA,EN,Towers with Radar,1,18,58,2,79,0,6,131,0,137,1,24,189,2,216,148,0,148,364
02/05/2010,HEF,VA,AEA,EN,Towers with Radar,0,6,14,0,20,0,1,10,0,11,0,7,24,0,31,76,0,76,107
02/06/2010,HEF,VA,AEA,EN,Towers with Radar,0,0,0,0,0,0,0,0,0,0,0,0,0,0,0,0,0,0,0
02/07/2010,HEF,VA,AEA,EN,Towers with Radar,0,1,4,0,5,0,0,2,0,2,0,1,6,0,7,0,0,0,7
02/08/2010,HEF,VA,AEA,EN,Towers with Radar,0,6,23,0,29,0,0,14,0,14,0,6,37,0,43,0,0,0,43
02/09/2010,HEF,VA,AEA,EN,Towers with Radar,0,5,17,0,22,0,0,4,0,4,0,5,21,0,26,0,0,0,26
02/10/2010,HEF,VA,AEA,EN,Towers with Radar,0,0,2,0,2,0,0,0,0,0,0,0,2,0,2,0,0,0,2
02/11/2010,HEF,VA,AEA,EN,Towers with Radar,0,5,23,0,28,0,0,5,0,5,0,5,28,0,33,0,0,0,33
02/12/2010,HEF,VA,AEA,EN,Towers with Radar,0,8,31,2,41,0,0,64,0,64,0,8,95,2,105,62,0,62,167
02/13/2010,HEF,VA,AEA,EN,Towers with Radar,0,4,19,0,23,0,10,53,0,63,0,14,72,0,86,120,0,120,206
02/14/2010,HEF,VA,AEA,EN,Towers with Radar,0,8,32,0,40,0,18,46,0,64,0,26,78,0,104,122,0,122,226
02/15/2010,HEF,VA,AEA,EN,Towers with Radar,0,5,22,0,27,0,2,45,3,50,0,7,67,3,77,52,0,52,129
02/16/2010,HEF,VA,AEA,EN,Towers with Radar,0,5,20,0,25,0,3,30,1,34,0,8,50,1,59,0,0,0,59
02/17/2010,HEF,VA,AEA,EN,Towers with Radar,0,8,39,2,49,0,2,34,0,36,0,10,73,2,85,0,0,0,85
02/18/2010,HEF,VA,AEA,EN,Towers with Radar,0,5,48,2,55,0,3,40,0,43,0,8,88,2,98,0,0,0,98
02/19/2010,HEF,VA,AEA,EN,Towers with Radar,0,3,31,0,34,0,4,69,2,75,0,7,100,2,109,90,0,90,199
02/20/2010,HEF,VA,AEA,EN,Towers with Radar,0,10,47,0,57,0,32,127,1,160,0,42,174,1,217,342,0,342,559
02/21/2010,HEF,VA,AEA,EN,Towers with Radar,0,8,50,0,58,0,10,143,0,153,0,18,193,0,211,274,0,274,485
02/22/2010,HEF,VA,AEA,EN,Towers with Radar,0,5,23,0,28,0,3,29,0,32,0,8,52,0,60,96,0,96,156
02/23/2010,HEF,VA,AEA,EN,Towers with Radar,0,8,37,0,45,0,2,25,1,28,0,10,62,1,73,86,0,86,159
02/24/2010,HEF,VA,AEA,EN,Towers with Radar,0,7,38,0,45,0,7,99,1,107,0,14,137,1,152,216,0,216,368
02/25/2010,HEF,VA,AEA,EN,Towers with Radar,0,5,23,0,28,0,2,3,1,6,0,7,26,1,34,2,0,2,36
02/26/2010,HEF,VA,AEA,EN,Towers with Radar,0,4,18,0,22,0,0,2,0,2,0,4,20,0,24,0,0,0,24
02/27/2010,HEF,VA,AEA,EN,Towers with Radar,0,4,25,0,29,0,15,84,0,99,0,19,109,0,128,102,0,102,230
02/28/2010,HEF,VA,AEA,EN,Towers with Radar,0,4,26,0,30,0,14,62,0,76,0,18,88,0,106,200,0,200,306
03/01/2010,HEF,VA,AEA,EN,Towers with Radar,0,6,38,0,44,0,2,18,0,20,0,8,56,0,64,18,0,18,82
03/02/2010,HEF,VA,AEA,EN,Towers with Radar,0,8,35,0,43,0,2,54,0,56,0,10,89,0,99,132,0,132,231
03/03/2010,HEF,VA,AEA,EN,Towers with Radar,0,7,33,0,40,0,0,10,0,10,0,7,43,0,50,0,0,0,50
03/04/2010,HEF,VA,AEA,EN,Towers with Radar,0,7,44,0,51,0,3,44,6,53,0,10,88,6,104,84,0,84,188
03/05/2010,HEF,VA,AEA,EN,Towers with Radar,0,6,52,2,60,0,4,63,0,67,0,10,115,2,127,104,0,104,231
03/06/2010,HEF,VA,AEA,EN,Towers with Radar,1,4,50,0,55,0,18,172,0,190,1,22,222,0,245,148,0,148,393
03/07/2010,HEF,VA,AEA,EN,Towers with Radar,2,9,46,0,57,0,27,149,0,176,2,36,195,0,233,268,0,268,501
03/08/2010,HEF,VA,AEA,EN,Towers with Radar,0,9,33,1,43,0,2,99,1,102,0,11,132,2,145,132,0,132,277
03/09/2010,HEF,VA,AEA,EN,Towers with Radar,0,10,51,0,61,0,6,116,3,125,0,16,167,3,186,188,0,188,374
03/10/2010,HEF,VA,AEA,EN,Towers with Radar,1,6,46,0,53,0,12,81,0,93,1,18,127,0,146,0,0,0,146
03/11/2010,HEF,VA,AEA,EN,Towers with Radar,0,12,41,0,53,0,1,54,0,55,0,13,95,0,108,0,0,0,108
03/12/2010,HEF,VA,AEA,EN,Towers with Radar,0,8,42,0,50,0,0,0,0,0,0,8,42,0,50,0,0,0,50
03/13/2010,HEF,VA,AEA,EN,Towers with Radar,0,4,18,0,22,0,0,0,0,0,0,4,18,0,22,0,0,0,22
03/14/2010,HEF,VA,AEA,EN,Towers with Radar,0,8,28,0,36,0,0,0,0,0,0,8,28,0,36,0,0,0,36
03/15/2010,HEF,VA,AEA,EN,Towers with Radar,0,5,42,0,47,0,0,14,0,14,0,5,56,0,61,114,0,114,175
03/16/2010,HEF,VA,AEA,EN,Towers with Radar,0,8,38,1,47,0,5,103,8,116,0,13,141,9,163,320,0,320,483
03/17/2010,HEF,VA,AEA,EN,Towers with Radar,0,8,58,1,67,0,12,123,6,141,0,20,181,7,208,158,0,158,366
03/18/2010,HEF,VA,AEA,EN,Towers with Radar,0,11,73,0,84,0,14,140,4,158,0,25,213,4,242,230,0,230,472
03/19/2010,HEF,VA,AEA,EN,Towers with Radar,0,14,58,3,75,0,12,151,0,163,0,26,209,3,238,226,0,226,464
03/20/2010,HEF,VA,AEA,EN,Towers with Radar,0,13,71,0,84,0,14,191,3,208,0,27,262,3,292,274,0,274,566
03/21/2010,HEF,VA,AEA,EN,Towers with Radar,0,3,63,0,66,0,17,151,1,169,0,20,214,1,235,154,0,154,389
03/22/2010,HEF,VA,AEA,EN,Towers with Radar,0,6,19,0,25,0,0,4,0,4,0,6,23,0,29,0,0,0,29
03/23/2010,HEF,VA,AEA,EN,Towers with Radar,0,7,57,0,64,0,4,51,0,55,0,11,108,0,119,160,0,160,279
03/24/2010,HEF,VA,AEA,EN,Towers with Radar,0,9,70,0,79,0,10,85,5,100,0,19,155,5,179,162,0,162,341
03/25/2010,HEF,VA,AEA,EN,Towers with Radar,0,12,69,0,81,0,3,74,1,78,0,15,143,1,159,132,0,132,291
03/26/2010,HEF,VA,AEA,EN,Towers with Radar,0,12,49,0,61,0,0,19,0,19,0,12,68,0,80,14,0,14,94
03/27/2010,HEF,VA,AEA,EN,Towers with Radar,0,15,47,0,62,0,24,170,0,194,0,39,217,0,256,270,0,270,526
03/28/2010,HEF,VA,AEA,EN,Towers with Radar,0,11,41,0,52,0,0,10,0,10,0,11,51,0,62,84,0,84,146
03/29/2010,HEF,VA,AEA,EN,Towers with Radar,0,9,26,0,35,0,0,12,0,12,0,9,38,0,47,88,0,88,135
03/30/2010,HEF,VA,AEA,EN,Towers with Radar,0,5,34,0,39,0,0,25,0,25,0,5,59,0,64,34,0,34,98
03/31/2010,HEF,VA,AEA,EN,Towers with Radar,0,9,46,0,55,0,4,79,1,84,0,13,125,1,139,100,0,100,239
04/01/2010,HEF,VA,AEA,EN,Towers with Radar,2,7,48,0,57,0,4,138,1,143,2,11,186,1,200,460,0,460,660
04/02/2010,HEF,VA,AEA,EN,Towers with Radar,1,3,75,0,79,0,14,130,6,150,1,17,205,6,229,312,0,312,541
04/03/2010,HEF,VA,AEA,EN,Towers with Radar,0,14,46,0,60,0,20,111,3,134,0,34,157,3,194,308,0,308,502
04/04/2010,HEF,VA,AEA,EN,Towers with Radar,0,7,51,1,59,0,22,107,9,138,0,29,158,10,197,0,0,0,197
04/05/2010,HEF,VA,AEA,EN,Towers with Radar,0,6,36,0,42,0,4,56,4,64,0,10,92,4,106,100,0,100,206
04/06/2010,HEF,VA,AEA,EN,Towers with Radar,0,10,37,0,47,0,15,57,1,73,0,25,94,1,120,124,26,150,270
04/07/2010,HEF,VA,AEA,EN,Towers with Radar,0,9,54,0,63,0,12,65,1,78,0,21,119,1,141,76,0,76,217
04/08/2010,HEF,VA,AEA,EN,Towers with Radar,2,11,35,0,48,0,0,37,0,37,2,11,72,0,85,62,0,62,147
04/09/2010,HEF,VA,AEA,EN,Towers with Radar,0,7,49,0,56,0,4,53,1,58,0,11,102,1,114,36,0,36,150
04/10/2010,HEF,VA,AEA,EN,Towers with Radar,3,9,44,0,56,0,33,138,0,171,3,42,182,0,227,234,0,234,461
04/11/2010,HEF,VA,AEA,EN,Towers with Radar,0,16,77,0,93,0,25,175,0,200,0,41,252,0,293,196,0,196,489
04/12/2010,HEF,VA,AEA,EN,Towers with Radar,0,11,63,0,74,0,0,9,0,9,0,11,72,0,83,0,0,0,83
04/13/2010,HEF,VA,AEA,EN,Towers with Radar,0,11,43,0,54,0,0,8,2,10,0,11,51,2,64,0,0,0,64
04/14/2010,HEF,VA,AEA,EN,Towers with Radar,0,9,59,0,68,0,7,85,7,99,0,16,144,7,167,174,0,174,341
04/15/2010,HEF,VA,AEA,EN,Towers with Radar,0,13,79,0,92,0,9,118,0,127,0,22,197,0,219,186,0,186,405
04/16/2010,HEF,VA,AEA,EN,Towers with Radar,0,14,44,0,58,0,11,71,1,83,0,25,115,1,141,64,0,64,205
04/17/2010,HEF,VA,AEA,EN,Towers with Radar,0,4,27,0,31,0,9,47,0,56,0,13,74,0,87,60,0,60,147
04/18/2010,HEF,VA,AEA,EN,Towers with Radar,2,8,52,0,62,0,16,114,0,130,2,24,166,0,192,0,0,0,192
04/19/2010,HEF,VA,AEA,EN,Towers with Radar,0,15,40,0,55,0,7,84,3,94,0,22,124,3,149,186,0,186,335
04/20/2010,HEF,VA,AEA,EN,Towers with Radar,0,12,76,1,89,0,5,142,1,148,0,17,218,2,237,238,0,238,475
04/21/2010,HEF,VA,AEA,EN,Towers with Radar,4,10,55,0,69,0,2,13,0,15,4,12,68,0,84,130,0,130,214
04/22/2010,HEF,VA,AEA,EN,Towers with Radar,0,14,67,2,83,0,9,98,1,108,0,23,165,3,191,170,0,170,361
04/23/2010,HEF,VA,AEA,EN,Towers with Radar,0,5,64,1,70,0,17,131,0,148,0,22,195,1,218,333,0,333,551
04/24/2010,HEF,VA,AEA,EN,Towers with Radar,0,12,43,0,55,0,14,56,3,73,0,26,99,3,128,78,0,78,206
04/25/2010,HEF,VA,AEA,EN,Towers with Radar,0,13,39,0,52,0,0,7,0,7,0,13,46,0,59,34,0,34,93
04/26/2010,HEF,VA,AEA,EN,Towers with Radar,0,11,38,0,49,0,0,2,0,2,0,11,40,0,51,0,0,0,51
04/27/2010,HEF,VA,AEA,EN,Towers with Radar,2,12,61,4,79,0,18,58,2,78,2,30,119,6,157,110,0,110,267
04/28/2010,HEF,VA,AEA,EN,Towers with Radar,0,11,45,1,57,0,4,33,2,39,0,15,78,3,96,42,0,42,138
04/29/2010,HEF,VA,AEA,EN,Towers with Radar,0,6,66,2,74,0,7,96,2,105,0,13,162,4,179,122,0,122,301
04/30/2010,HEF,VA,AEA,EN,Towers with Radar,1,12,74,0,87,0,23,117,0,140,1,35,191,0,227,284,0,284,511
05/01/2010,HEF,VA,AEA,EN,Towers with Radar,0,3,58,0,61,0,30,140,2,172,0,33,198,2,233,244,0,244,477
05/02/2010,HEF,VA,AEA,EN,Towers with Radar,2,8,44,0,54,0,18,42,0,60,2,26,86,0,114,126,0,126,240
05/03/2010,HEF,VA,AEA,EN,Towers with Radar,0,6,36,0,42,0,7,11,0,18,0,13,47,0,60,40,0,40,100
05/04/2010,HEF,VA,AEA,EN,Towers with Radar,2,8,48,0,58,0,8,77,0,85,2,16,125,0,143,146,0,146,289
05/05/2010,HEF,VA,AEA,EN,Towers with Radar,0,9,78,0,87,0,10,107,0,117,0,19,185,0,204,118,0,118,322
05/06/2010,HEF,VA,AEA,EN,Towers with Radar,2,9,54,0,65,0,7,83,0,90,2,16,137,0,155,164,0,164,319
05/07/2010,HEF,VA,AEA,EN,Towers with Radar,0,11,65,0,76,0,6,113,0,119,0,17,178,0,195,132,0,132,327
05/08/2010,HEF,VA,AEA,EN,Towers with Radar,0,12,21,0,33,0,0,9,4,13,0,12,30,4,46,54,0,54,100
05/09/2010,HEF,VA,AEA,EN,Towers with Radar,0,4,35,0,39,0,12,43,0,55,0,16,78,0,94,42,0,42,136
05/10/2010,HEF,VA,AEA,EN,Towers with Radar,0,7,55,0,62,0,12,80,1,93,0,19,135,1,155,108,0,108,263
05/11/2010,HEF,VA,AEA,EN,Towers with Radar,0,6,56,1,63,0,0,25,0,25,0,6,81,1,88,82,0,82,170
05/12/2010,HEF,VA,AEA,EN,Towers with Radar,0,7,46,0,53,0,4,41,0,45,0,11,87,0,98,148,0,148,246
05/13/2010,HEF,VA,AEA,EN,Towers with Radar,0,7,79,1,87,0,0,33,0,33,0,7,112,1,120,206,0,206,326
05/14/2010,HEF,VA,AEA,EN,Towers with Radar,0,6,42,8,56,0,0,36,0,36,0,6,78,8,92,36,0,36,128
05/15/2010,HEF,VA,AEA,EN,Towers with Radar,0,5,63,0,68,0,27,190,0,217,0,32,253,0,285,230,0,230,515
05/16/2010,HEF,VA,AEA,EN,Towers with Radar,0,4,71,2,77,0,31,150,0,181,0,35,221,2,258,242,0,242,500
05/17/2010,HEF,VA,AEA,EN,Towers with Radar,0,15,30,6,51,0,0,8,0,8,0,15,38,6,59,0,0,0,59
05/18/2010,HEF,VA,AEA,EN,Towers with Radar,0,8,55,4,67,0,0,13,0,13,0,8,68,4,80,66,0,66,146
05/19/2010,HEF,VA,AEA,EN,Towers with Radar,0,5,76,6,87,0,4,45,0,49,0,9,121,6,136,124,0,124,260
05/20/2010,HEF,VA,AEA,EN,Towers with Radar,3,14,57,5,79,0,14,121,0,135,3,28,178,5,214,132,0,132,346
05/21/2010,HEF,VA,AEA,EN,Towers with Radar,2,8,62,8,80,0,17,133,2,152,2,25,195,10,232,92,0,92,324
05/22/2010,HEF,VA,AEA,EN,Towers with Radar,0,5,51,0,56,0,12,63,0,75,0,17,114,0,131,188,0,188,319
05/23/2010,HEF,VA,AEA,EN,Towers with Radar,0,4,55,0,59,0,0,4,0,4,0,4,59,0,63,26,0,26,89
05/24/2010,HEF,VA,AEA,EN,Towers with Radar,0,5,54,3,62,0,0,20,2,22,0,5,74,5,84,106,0,106,190
05/25/2010,HEF,VA,AEA,EN,Towers with Radar,0,11,40,9,60,0,4,40,1,45,0,15,80,10,105,212,0,212,317
05/26/2010,HEF,VA,AEA,EN,Towers with Radar,0,11,82,10,103,0,14,101,1,116,0,25,183,11,219,136,0,136,355
05/27/2010,HEF,VA,AEA,EN,Towers with Radar,0,9,56,9,74,0,6,79,3,88,0,15,135,12,162,152,0,152,314
05/28/2010,HEF,VA,AEA,EN,Towers with Radar,0,10,61,1,72,0,5,30,2,37,0,15,91,3,109,140,0,140,249
05/29/2010,HEF,VA,AEA,EN,Towers with Radar,0,8,50,0,58,0,13,59,0,72,0,21,109,0,130,278,0,278,408
05/30/2010,HEF,VA,AEA,EN,Towers with Radar,2,5,37,0,44,0,36,147,0,183,2,41,184,0,227,178,0,178,405
05/31/2010,HEF,VA,AEA,EN,Towers with Radar,0,10,50,0,60,0,13,99,0,112,0,23,149,0,172,160,0,160,332
06/01/2010,HEF,VA,AEA,EN,Towers with Radar,0,9,40,4,53,0,2,43,0,45,0,11,83,4,98,144,0,144,242
06/02/2010,HEF,VA,AEA,EN,Towers with Radar,0,8,53,10,71,0,24,100,0,124,0,32,153,10,195,210,0,210,405
06/03/2010,HEF,VA,AEA,EN,Towers with Radar,0,5,40,7,52,0,7,52,0,59,0,12,92,7,111,98,0,98,209
06/04/2010,HEF,VA,AEA,EN,Towers with Radar,0,9,52,14,75,0,19,60,5,84,0,28,112,19,159,172,0,172,331
06/05/2010,HEF,VA,AEA,EN,Towers with Radar,0,3,38,2,43,0,21,81,0,102,0,24,119,2,145,204,8,212,357
06/06/2010,HEF,VA,AEA,EN,Towers with Radar,0,6,29,2,37,0,7,55,1,63,0,13,84,3,100,102,0,102,202
06/07/2010,HEF,VA,AEA,EN,Towers with Radar,0,12,51,4,67,0,17,73,0,90,0,29,124,4,157,184,0,184,341
06/08/2010,HEF,VA,AEA,EN,Towers with Radar,1,14,59,4,78,0,16,102,4,122,1,30,161,8,200,226,0,226,426
06/09/2010,HEF,VA,AEA,EN,Towers with Radar,0,10,49,10,69,0,2,18,0,20,0,12,67,10,89,30,0,30,119
06/10/2010,HEF,VA,AEA,EN,Towers with Radar,0,11,85,12,108,0,17,93,0,110,0,28,178,12,218,118,0,118,336
06/11/2010,HEF,VA,AEA,EN,Towers with Radar,0,14,66,10,90,0,14,108,0,122,0,28,174,10,212,150,0,150,362
06/12/2010,HEF,VA,AEA,EN,Towers with Radar,0,6,35,4,45,0,18,118,0,136,0,24,153,4,181,216,0,216,397
06/13/2010,HEF,VA,AEA,EN,Towers with Radar,0,11,38,1,50,0,20,69,0,89,0,31,107,1,139,182,0,182,321
06/14/2010,HEF,VA,AEA,EN,Towers with Radar,0,10,54,9,73,0,17,47,0,64,0,27,101,9,137,124,6,130,267
06/15/2010,HEF,VA,AEA,EN,Towers with Radar,0,8,49,9,66,0,8,40,0,48,0,16,89,9,114,184,0,184,298
06/16/2010,HEF,VA,AEA,EN,Towers with Radar,0,11,48,5,64,0,0,3,0,3,0,11,51,5,67,22,0,22,89
06/17/2010,HEF,VA,AEA,EN,Towers with Radar,0,5,66,6,77,0,17,81,0,98,0,22,147,6,175,170,0,170,345
06/18/2010,HEF,VA,AEA,EN,Towers with Radar,0,17,62,1,80,0,22,138,0,160,0,39,200,1,240,172,0,172,412
06/19/2010,HEF,VA,AEA,EN,Towers with Radar,0,3,59,2,64,0,25,146,1,172,0,28,205,3,236,0,0,0,236
06/20/2010,HEF,VA,AEA,EN,Towers with Radar,0,4,72,0,76,0,36,97,0,133,0,40,169,0,209,168,0,168,377
06/21/2010,HEF,VA,AEA,EN,Towers with Radar,0,17,58,12,87,0,13,69,0,82,0,30,127,12,169,110,0,110,279
06/22/2010,HEF,VA,AEA,EN,Towers with Radar,0,11,45,8,64,0,3,58,1,62,0,14,103,9,126,86,18,104,230
06/23/2010,HEF,VA,AEA,EN,Towers with Radar,0,8,52,8,68,0,6,58,0,64,0,14,110,8,132,118,0,118,250
06/24/2010,HEF,VA,AEA,EN,Towers with Radar,0,13,61,6,80,0,6,50,0,56,0,19,111,6,136,64,0,64,200
06/25/2010,HEF,VA,AEA,EN,Towers with Radar,0,20,71,2,93,0,19,101,0,120,0,39,172,2,213,138,0,138,351
06/26/2010,HEF,VA,AEA,EN,Towers with Radar,0,13,40,2,55,0,13,115,0,128,0,26,155,2,183,228,0,228,411
06/27/2010,HEF,VA,AEA,EN,Towers with Radar,0,11,53,0,64,0,20,68,0,88,0,31,121,0,152,150,0,150,302
06/28/2010,HEF,VA,AEA,EN,Towers with Radar,0,12,39,7,58,0,10,31,0,41,0,22,70,7,99,104,0,104,203
06/29/2010,HEF,VA,AEA,EN,Towers with Radar,0,11,62,3,76,0,8,64,2,74,0,19,126,5,150,128,0,128,278
06/30/2010,HEF,VA,AEA,EN,Towers with Radar,0,14,48,6,68,0,20,80,4,104,0,34,128,10,172,204,0,204,376
07/01/2010,HEF,VA,AEA,EN,Towers with Radar,0,12,71,8,91,0,16,111,0,127,0,28,182,8,218,132,0,132,350
07/02/2010,HEF,VA,AEA,EN,Towers with Radar,0,9,52,2,63,0,12,106,0,118,0,21,158,2,181,302,0,302,483
07/03/2010,HEF,VA,AEA,EN,Towers with Radar,0,4,43,2,49,0,16,120,2,138,0,20,163,4,187,200,0,200,387
07/04/2010,HEF,VA,AEA,EN,Towers with Radar,0,5,20,2,27,0,21,78,0,99,0,26,98,2,126,28,0,28,154
07/05/2010,HEF,VA,AEA,EN,Towers with Radar,0,6,57,0,63,0,16,96,0,112,0,22,153,0,175,136,0,136,311
07/06/2010,HEF,VA,AEA,EN,Towers with Radar,0,18,47,0,65,0,14,60,1,75,0,32,107,1,140,72,6,78,218
07/07/2010,HEF,VA,AEA,EN,Towers with Radar,0,6,48,0,54,0,9,55,0,64,0,15,103,0,118,166,0,166,284
07/08/2010,HEF,VA,AEA,EN,Towers with Radar,0,12,50,4,66,0,6,57,4,67,0,18,107,8,133,130,22,152,285
07/09/2010,HEF,VA,AEA,EN,Towers with Radar,0,11,26,4,41,0,12,61,1,74,0,23,87,5,115,106,0,106,221
07/10/2010,HEF,VA,AEA,EN,Towers with Radar,0,15,37,0,52,0,4,23,0,27,0,19,60,0,79,44,0,44,123
07/11/2010,HEF,VA,AEA,EN,Towers with Radar,2,8,56,0,66,0,24,133,0,157,2,32,189,0,223,214,0,214,437
07/12/2010,HEF,VA,AEA,EN,Towers with Radar,1,6,41,1,49,0,2,27,0,29,1,8,68,1,78,110,0,110,188
07/13/2010,HEF,VA,AEA,EN,Towers with Radar,0,5,53,2,60,0,0,22,0,22,0,5,75,2,82,88,0,88,170
07/14/2010,HEF,VA,AEA,EN,Towers with Radar,0,6,44,1,51,0,6,33,0,39,0,12,77,1,90,122,0,122,212
07/15/2010,HEF,VA,AEA,EN,Towers with Radar,0,10,53,0,63,0,18,97,0,115,0,28,150,0,178,194,0,194,372
07/16/2010,HEF,VA,AEA,EN,Towers with Radar,0,11,59,0,70,0,12,73,0,85,0,23,132,0,155,88,0,88,243
07/17/2010,HEF,VA,AEA,EN,Towers with Radar,0,4,37,2,43,0,22,102,0,124,0,26,139,2,167,298,0,298,465
07/18/2010,HEF,VA,AEA,EN,Towers with Radar,2,5,40,0,47,0,26,140,0,166,2,31,180,0,213,242,0,242,455
07/19/2010,HEF,VA,AEA,EN,Towers with Radar,0,10,46,2,58,0,10,34,0,44,0,20,80,2,102,82,0,82,184
07/20/2010,HEF,VA,AEA,EN,Towers with Radar,0,10,53,0,63,0,14,61,0,75,0,24,114,0,138,204,0,204,342
07/21/2010,HEF,VA,AEA,EN,Towers with Radar,0,14,41,0,55,0,4,41,0,45,0,18,82,0,100,176,0,176,276
07/22/2010,HEF,VA,AEA,EN,Towers with Radar,1,20,57,0,78,0,16,86,0,102,1,36,143,0,180,194,0,194,374
07/23/2010,HEF,VA,AEA,EN,Towers with Radar,0,9,41,0,50,0,10,91,0,101,0,19,132,0,151,142,0,142,293
07/24/2010,HEF,VA,AEA,EN,Towers with Radar,0,9,47,1,57,0,26,114,1,141,0,35,161,2,198,250,2,252,450
07/25/2010,HEF,VA,AEA,EN,Towers with Radar,0,17,34,0,51,0,20,54,0,74,0,37,88,0,125,146,0,146,271
07/26/2010,HEF,VA,AEA,EN,Towers with Radar,2,11,61,0,74,0,8,67,2,77,2,19,128,2,151,136,0,136,287
07/27/2010,HEF,VA,AEA,EN,Towers with Radar,0,17,50,0,67,0,10,69,0,79,0,27,119,0,146,80,0,80,226
07/28/2010,HEF,VA,AEA,EN,Towers with Radar,0,14,57,0,71,0,4,46,0,50,0,18,103,0,121,102,0,102,223
07/29/2010,HEF,VA,AEA,EN,Towers with Radar,0,7,45,0,52,0,1,30,1,32,0,8,75,1,84,66,0,66,150
07/30/2010,HEF,VA,AEA,EN,Towers with Radar,0,12,45,0,57,0,18,86,0,104,0,30,131,0,161,76,0,76,237
07/31/2010,HEF,VA,AEA,EN,Towers with Radar,0,10,55,0,65,0,12,136,0,148,0,22,191,0,213,232,0,232,445
08/01/2010,HEF,VA,AEA,EN,Towers with Radar,0,11,39,0,50,0,12,52,1,65,0,23,91,1,115,220,0,220,335
08/02/2010,HEF,VA,AEA,EN,Towers with Radar,0,3,37,0,40,0,6,15,0,21,0,9,52,0,61,120,0,120,181
08/03/2010,HEF,VA,AEA,EN,Towers with Radar,0,5,31,0,36,0,0,40,0,40,0,5,71,0,76,94,0,94,170
08/04/2010,HEF,VA,AEA,EN,Towers with Radar,0,5,38,0,43,0,4,15,0,19,0,9,53,0,62,68,0,68,130
08/05/2010,HEF,VA,AEA,EN,Towers with Radar,0,9,45,0,54,0,9,43,0,52,0,18,88,0,106,90,0,90,196
08/06/2010,HEF,VA,AEA,EN,Towers with Radar,0,10,67,0,77,0,12,85,0,97,0,22,152,0,174,112,0,112,286
08/07/2010,HEF,VA,AEA,EN,Towers with Radar,1,8,48,0,57,0,28,127,0,155,1,36,175,0,212,276,0,276,488
08/08/2010,HEF,VA,AEA,EN,Towers with Radar,2,7,50,0,59,0,23,110,0,133,2,30,160,0,192,290,0,290,482
08/09/2010,HEF,VA,AEA,EN,Towers with Radar,0,8,41,0,49,0,20,50,1,71,0,28,91,1,120,146,0,146,266
08/10/2010,HEF,VA,AEA,EN,Towers with Radar,0,7,52,0,59,0,15,50,1,66,0,22,102,1,125,170,0,170,295
08/11/2010,HEF,VA,AEA,EN,Towers with Radar,0,10,50,1,61,0,12,54,0,66,0,22,104,1,127,144,0,144,271
08/12/2010,HEF,VA,AEA,EN,Towers with Radar,0,9,47,1,57,0,2,26,0,28,0,11,73,1,85,98,0,98,183
08/13/2010,HEF,VA,AEA,EN,Towers with Radar,0,7,55,2,64,0,0,9,0,9,0,7,64,2,73,84,0,84,157
08/14/2010,HEF,VA,AEA,EN,Towers with Radar,0,9,51,0,60,0,22,121,0,143,0,31,172,0,203,202,0,202,405
08/15/2010,HEF,VA,AEA,EN,Towers with Radar,0,10,41,0,51,0,2,7,0,9,0,12,48,0,60,38,0,38,98
08/16/2010,HEF,VA,AEA,EN,Towers with Radar,0,10,21,0,31,0,6,33,0,39,0,16,54,0,70,56,0,56,126
08/17/2010,HEF,VA,AEA,EN,Towers with Radar,0,6,40,0,46,0,18,62,0,80,0,24,102,0,126,140,0,140,266
08/18/2010,HEF,VA,AEA,EN,Towers with Radar,0,9,30,0,39,0,0,0,0,0,0,9,30,0,39,0,0,0,39
08/19/2010,HEF,VA,AEA,EN,Towers with Radar,0,15,53,0,68,0,9,61,2,72,0,24,114,2,140,256,0,256,396
08/20/2010,HEF,VA,AEA,EN,Towers with Radar,0,8,50,0,58,0,8,87,10,105,0,16,137,10,163,174,0,174,337
08/21/2010,HEF,VA,AEA,EN,Towers with Radar,0,7,45,0,52,0,32,115,0,147,0,39,160,0,199,208,0,208,407
08/22/2010,HEF,VA,AEA,EN,Towers with Radar,0,9,48,0,57,0,6,32,1,39,0,15,80,1,96,281,0,281,377
08/23/2010,HEF,VA,AEA,EN,Towers with Radar,0,5,39,0,44,0,14,44,0,58,0,19,83,0,102,102,0,102,204
08/24/2010,HEF,VA,AEA,EN,Towers with Radar,0,12,50,0,62,0,0,9,0,9,0,12,59,0,71,170,0,170,241
08/25/2010,HEF,VA,AEA,EN,Towers with Radar,0,8,43,0,51,0,7,54,0,61,0,15,97,0,112,248,0,248,360
08/26/2010,HEF,VA,AEA,EN,Towers with Radar,0,12,55,0,67,0,9,73,0,82,0,21,128,0,149,158,0,158,307
08/27/2010,HEF,VA,AEA,EN,Towers with Radar,0,7,82,0,89,0,17,115,1,133,0,24,197,1,222,114,0,114,336
08/28/2010,HEF,VA,AEA,EN,Towers with Radar,0,9,41,0,50,0,22,138,0,160,0,31,179,0,210,172,0,172,382
08/29/2010,HEF,VA,AEA,EN,Towers with Radar,0,14,78,0,92,0,16,124,0,140,0,30,202,0,232,78,0,78,310
08/30/2010,HEF,VA,AEA,EN,Towers with Radar,0,12,35,0,47,0,4,56,1,61,0,16,91,1,108,110,0,110,218
08/31/2010,HEF,VA,AEA,EN,Towers with Radar,0,9,42,0,51,0,23,75,0,98,0,32,117,0,149,118,0,118,267
09/01/2010,HEF,VA,AEA,EN,Towers with Radar,0,9,44,0,53,0,4,53,0,57,0,13,97,0,110,240,0,240,350
09/02/2010,HEF,VA,AEA,EN,Towers with Radar,2,9,62,0,73,0,8,70,2,80,2,17,132,2,153,149,0,149,302
09/03/2010,HEF,VA,AEA,EN,Towers with Radar,0,13,44,0,57,0,21,69,0,90,0,34,113,0,147,174,0,174,321
09/04/2010,HEF,VA,AEA,EN,Towers with Radar,0,10,21,0,31,0,13,71,1,85,0,23,92,1,116,74,0,74,190
09/05/2010,HEF,VA,AEA,EN,Towers with Radar,0,4,29,0,33,0,20,111,0,131,0,24,140,0,164,238,0,238,402
09/06/2010,HEF,VA,AEA,EN,Towers with Radar,0,2,52,0,54,0,14,124,0,138,0,16,176,0,192,132,0,132,324
09/07/2010,HEF,VA,AEA,EN,Towers with Radar,0,4,68,0,72,0,8,50,0,58,0,12,118,0,130,110,0,110,240
09/08/2010,HEF,VA,AEA,EN,Towers with Radar,0,6,42,2,50,0,7,45,0,52,0,13,87,2,102,49,0,49,151
09/09/2010,HEF,VA,AEA,EN,Towers with Radar,0,7,32,0,39,0,4,39,0,43,0,11,71,0,82,82,0,82,164
09/10/2010,HEF,VA,AEA,EN,Towers with Radar,0,12,49,0,61,0,17,59,0,76,0,29,108,0,137,98,0,98,235
09/11/2010,HEF,VA,AEA,EN,Towers with Radar,0,13,45,0,58,0,16,162,2,180,0,29,207,2,238,282,0,282,520
09/12/2010,HEF,VA,AEA,EN,Towers with Radar,0,12,39,0,51,0,0,13,1,14,0,12,52,1,65,54,0,54,119
09/13/2010,HEF,VA,AEA,EN,Towers with Radar,0,11,58,0,69,0,8,51,0,59,0,19,109,0,128,128,0,128,256
09/14/2010,HEF,VA,AEA,EN,Towers with Radar,0,8,57,0,65,0,11,45,0,56,0,19,102,0,121,58,0,58,179
09/15/2010,HEF,VA,AEA,EN,Towers with Radar,0,7,70,1,78,0,14,82,1,97,0,21,152,2,175,154,0,154,329
09/16/2010,HEF,VA,AEA,EN,Towers with Radar,0,6,72,0,78,0,8,49,2,59,0,14,121,2,137,80,0,80,217
09/17/2010,HEF,VA,AEA,EN,Towers with Radar,0,7,59,0,66,0,5,68,0,73,0,12,127,0,139,62,0,62,201
09/18/2010,HEF,VA,AEA,EN,Towers with Radar,0,8,28,0,36,0,44,147,0,191,0,52,175,0,227,162,0,162,389
09/19/2010,HEF,VA,AEA,EN,Towers with Radar,0,14,45,0,59,0,34,155,0,189,0,48,200,0,248,204,0,204,452
09/20/2010,HEF,VA,AEA,EN,Towers with Radar,0,9,54,0,63,0,8,31,0,39,0,17,85,0,102,124,0,124,226
09/21/2010,HEF,VA,AEA,EN,Towers with Radar,0,6,46,0,52,0,4,64,0,68,0,10,110,0,120,196,0,196,316
09/22/2010,HEF,VA,AEA,EN,Towers with Radar,0,12,54,0,66,0,5,37,1,43,0,17,91,1,109,238,0,238,347
09/23/2010,HEF,VA,AEA,EN,Towers with Radar,0,8,69,4,81,0,24,82,0,106,0,32,151,4,187,174,0,174,361
09/24/2010,HEF,VA,AEA,EN,Towers with Radar,0,9,51,0,60,0,10,89,0,99,0,19,140,0,159,144,0,144,303
09/25/2010,HEF,VA,AEA,EN,Towers with Radar,0,6,42,0,48,0,26,112,1,139,0,32,154,1,187,154,0,154,341
09/26/2010,HEF,VA,AEA,EN,Towers with Radar,0,10,46,0,56,0,10,33,0,43,0,20,79,0,99,50,0,50,149
09/27/2010,HEF,VA,AEA,EN,Towers with Radar,0,3,38,0,41,0,0,1,0,1,0,3,39,0,42,12,0,12,54
09/28/2010,HEF,VA,AEA,EN,Towers with Radar,0,5,48,0,53,0,10,35,1,46,0,15,83,1,99,72,0,72,171
09/29/2010,HEF,VA,AEA,EN,Towers with Radar,0,5,59,0,64,0,4,44,0,48,0,9,103,0,112,74,0,74,186
09/30/2010,HEF,VA,AEA,EN,Towers with Radar,0,5,36,0,41,0,0,0,0,0,0,5,36,0,41,2,0,2,43
10/01/2010,HEF,VA,AEA,EN,Towers with Radar,0,10,50,0,60,0,5,39,0,44,0,15,89,0,104,24,0,24,128
10/02/2010,HEF,VA,AEA,EN,Towers with Radar,0,6,37,0,43,0,31,194,0,225,0,37,231,0,268,244,0,244,512
10/03/2010,HEF,VA,AEA,EN,Towers with Radar,0,12,62,0,74,0,18,76,0,94,0,30,138,0,168,100,0,100,268
10/04/2010,HEF,VA,AEA,EN,Towers with Radar,0,5,42,0,47,0,1,11,0,12,0,6,53,0,59,12,0,12,71
10/05/2010,HEF,VA,AEA,EN,Towers with Radar,0,14,53,0,67,0,4,32,0,36,0,18,85,0,103,102,0,102,205
10/06/2010,HEF,VA,AEA,EN,Towers with Radar,0,11,83,0,94,0,13,72,0,85,0,24,155,0,179,128,0,128,307
10/07/2010,HEF,VA,AEA,EN,Towers with Radar,0,10,70,2,82,0,5,72,0,77,0,15,142,2,159,132,0,132,291
10/08/2010,HEF,VA,AEA,EN,Towers with Radar,0,8,60,0,68,0,9,101,1,111,0,17,161,1,179,172,0,172,351
10/09/2010,HEF,VA,AEA,EN,Towers with Radar,2,8,38,0,48,0,22,123,0,145,2,30,161,0,193,182,0,182,375
10/10/2010,HEF,VA,AEA,EN,Towers with Radar,0,10,47,0,57,0,17,152,1,170,0,27,199,1,227,180,0,180,407
10/11/2010,HEF,VA,AEA,EN,Towers with Radar,0,13,61,0,74,0,19,92,0,111,0,32,153,0,185,168,0,168,353
10/12/2010,HEF,VA,AEA,EN,Towers with Radar,0,8,54,0,62,0,13,56,0,69,0,21,110,0,131,126,0,126,257
10/13/2010,HEF,VA,AEA,EN,Towers with Radar,0,2,35,0,37,0,12,64,0,76,0,14,99,0,113,128,0,128,241
10/14/2010,HEF,VA,AEA,EN,Towers with Radar,0,9,58,0,67,0,0,7,0,7,0,9,65,0,74,36,0,36,110
10/15/2010,HEF,VA,AEA,EN,Towers with Radar,0,7,52,0,59,0,8,36,0,44,0,15,88,0,103,20,0,20,123
10/16/2010,HEF,VA,AEA,EN,Towers with Radar,0,10,26,1,37,0,2,40,1,43,0,12,66,2,80,50,0,50,130
10/17/2010,HEF,VA,AEA,EN,Towers with Radar,0,9,46,0,55,0,26,170,0,196,0,35,216,0,251,42,0,42,293
10/18/2010,HEF,VA,AEA,EN,Towers with Radar,0,9,39,0,48,0,10,81,0,91,0,19,120,0,139,178,0,178,317
10/19/2010,HEF,VA,AEA,EN,Towers with Radar,0,7,42,0,49,0,12,16,0,28,0,19,58,0,77,184,0,184,261
10/20/2010,HEF,VA,AEA,EN,Towers with Radar,0,3,49,0,52,0,2,19,0,21,0,5,68,0,73,46,0,46,119
10/21/2010,HEF,VA,AEA,EN,Towers with Radar,0,7,44,0,51,0,6,46,0,52,0,13,90,0,103,74,0,74,177
10/22/2010,HEF,VA,AEA,EN,Towers with Radar,0,7,55,0,62,0,21,76,1,98,0,28,131,1,160,76,0,76,236
10/23/2010,HEF,VA,AEA,EN,Towers with Radar,2,4,51,0,57,0,28,167,0,195,2,32,218,0,252,162,0,162,414
10/24/2010,HEF,VA,AEA,EN,Towers with Radar,2,14,84,0,100,0,20,154,0,174,2,34,238,0,274,190,0,190,464
10/25/2010,HEF,VA,AEA,EN,Towers with Radar,0,2,40,0,42,0,0,16,0,16,0,2,56,0,58,108,0,108,166
10/26/2010,HEF,VA,AEA,EN,Towers with Radar,0,3,53,2,58,0,2,15,0,17,0,5,68,2,75,18,0,18,93
10/27/2010,HEF,VA,AEA,EN,Towers with Radar,0,7,34,0,41,0,0,6,0,6,0,7,40,0,47,18,0,18,65
10/28/2010,HEF,VA,AEA,EN,Towers with Radar,0,8,72,0,80,0,5,72,0,77,0,13,144,0,157,110,0,110,267
10/29/2010,HEF,VA,AEA,EN,Towers with Radar,0,9,51,0,60,0,9,48,0,57,0,18,99,0,117,58,0,58,175
10/30/2010,HEF,VA,AEA,EN,Towers with Radar,0,7,43,0,50,0,22,153,0,175,0,29,196,0,225,180,0,180,405
10/31/2010,HEF,VA,AEA,EN,Towers with Radar,0,7,46,0,53,0,11,104,0,115,0,18,150,0,168,134,0,134,302
11/01/2010,HEF,VA,AEA,EN,Towers with Radar,0,6,31,0,37,0,5,68,0,73,0,11,99,0,110,228,0,228,338
11/02/2010,HEF,VA,AEA,EN,Towers with Radar,0,9,50,0,59,0,14,67,0,81,0,23,117,0,140,74,0,74,214
11/03/2010,HEF,VA,AEA,EN,Towers with Radar,0,4,52,1,57,0,6,49,0,55,0,10,101,1,112,108,0,108,220
11/04/2010,HEF,VA,AEA,EN,Towers with Radar,0,12,37,0,49,0,0,2,0,2,0,12,39,0,51,0,0,0,51
11/05/2010,HEF,VA,AEA,EN,Towers with Radar,2,4,58,1,65,0,5,54,0,59,2,9,112,1,124,198,0,198,322
11/06/2010,HEF,VA,AEA,EN,Towers with Radar,0,10,36,0,46,0,17,108,0,125,0,27,144,0,171,170,0,170,341
11/07/2010,HEF,VA,AEA,EN,Towers with Radar,0,13,45,0,58,0,24,111,0,135,0,37,156,0,193,162,0,162,355
11/08/2010,HEF,VA,AEA,EN,Towers with Radar,0,3,51,0,54,0,8,39,0,47,0,11,90,0,101,58,0,58,159
11/09/2010,HEF,VA,AEA,EN,Towers with Radar,2,5,48,0,55,0,14,49,0,63,2,19,97,0,118,148,0,148,266
11/10/2010,HEF,VA,AEA,EN,Towers with Radar,0,7,53,0,60,0,10,60,0,70,0,17,113,0,130,178,0,178,308
11/11/2010,HEF,VA,AEA,EN,Towers with Radar,1,17,58,0,76,0,15,116,0,131,1,32,174,0,207,160,0,160,367
11/12/2010,HEF,VA,AEA,EN,Towers with Radar,0,8,52,0,60,0,10,108,0,118,0,18,160,0,178,182,0,182,360
11/13/2010,HEF,VA,AEA,EN,Towers with Radar,0,3,49,0,52,0,28,155,2,185,0,31,204,2,237,236,0,236,473
11/14/2010,HEF,VA,AEA,EN,Towers with Radar,0,4,54,0,58,0,32,138,0,170,0,36,192,0,228,150,0,150,378
11/15/2010,HEF,VA,AEA,EN,Towers with Radar,0,10,53,0,63,0,5,35,0,40,0,15,88,0,103,150,0,150,253
11/16/2010,HEF,VA,AEA,EN,Towers with Radar,2,14,66,0,82,0,0,2,0,2,2,14,68,0,84,0,0,0,84
11/17/2010,HEF,VA,AEA,EN,Towers with Radar,0,8,35,0,43,0,5,21,0,26,0,13,56,0,69,26,0,26,95
11/18/2010,HEF,VA,AEA,EN,Towers with Radar,0,10,61,0,71,0,5,69,0,74,0,15,130,0,145,118,6,124,269
11/19/2010,HEF,VA,AEA,EN,Towers with Radar,0,13,48,0,61,0,11,90,0,101,0,24,138,0,162,160,0,160,322
11/20/2010,HEF,VA,AEA,EN,Towers with Radar,0,3,38,0,41,0,24,137,0,161,0,27,175,0,202,292,0,292,494
11/21/2010,HEF,VA,AEA,EN,Towers with Radar,0,4,48,0,52,0,14,114,0,128,0,18,162,0,180,0,0,0,180
11/22/2010,HEF,VA,AEA,EN,Towers with Radar,0,7,30,0,37,0,6,38,0,44,0,13,68,0,81,116,0,116,197
11/23/2010,HEF,VA,AEA,EN,Towers with Radar,0,20,55,0,75,0,3,33,1,37,0,23,88,1,112,148,0,148,260
11/24/2010,HEF,VA,AEA,EN,Towers with Radar,0,17,53,0,70,0,13,56,0,69,0,30,109,0,139,138,0,138,277
11/25/2010,HEF,VA,AEA,EN,Towers with Radar,0,5,7,0,12,0,0,7,0,7,0,5,14,0,19,10,0,10,29
11/26/2010,HEF,VA,AEA,EN,Towers with Radar,0,7,18,0,25,0,4,7,3,14,0,11,25,3,39,18,0,18,57
11/27/2010,HEF,VA,AEA,EN,Towers with Radar,0,7,35,0,42,0,14,53,0,67,0,21,88,0,109,54,0,54,163
11/28/2010,HEF,VA,AEA,EN,Towers with Radar,0,21,86,0,107,0,19,127,0,146,0,40,213,0,253,278,0,278,531
11/29/2010,HEF,VA,AEA,EN,Towers with Radar,0,16,43,0,59,0,12,69,0,81,0,28,112,0,140,168,0,168,308
11/30/2010,HEF,VA,AEA,EN,Towers with Radar,0,9,33,0,42,0,0,2,0,2,0,9,35,0,44,2,0,2,46
12/01/2010,HEF,VA,AEA,EN,Towers with Radar,0,3,48,0,51,0,0,10,0,10,0,3,58,0,61,10,0,10,71
12/02/2010,HEF,VA,AEA,EN,Towers with Radar,0,11,63,0,74,0,4,74,0,78,0,15,137,0,152,154,0,154,306
12/03/2010,HEF,VA,AEA,EN,Towers with Radar,0,8,53,0,61,0,4,64,0,68,0,12,117,0,129,92,0,92,221
12/04/2010,HEF,VA,AEA,EN,Towers with Radar,0,4,25,0,29,0,16,104,0,120,0,20,129,0,149,148,0,148,297
12/05/2010,HEF,VA,AEA,EN,Towers with Radar,0,12,36,0,48,0,3,14,0,17,0,15,50,0,65,8,0,8,73
12/06/2010,HEF,VA,AEA,EN,Towers with Radar,0,5,38,2,45,0,2,11,0,13,0,7,49,2,58,2,0,2,60
12/07/2010,HEF,VA,AEA,EN,Towers with Radar,0,5,35,0,40,0,2,11,0,13,0,7,46,0,53,16,10,26,79
12/08/2010,HEF,VA,AEA,EN,Towers with Radar,0,5,56,0,61,0,3,38,0,41,0,8,94,0,102,104,4,108,210
12/09/2010,HEF,VA,AEA,EN,Towers with Radar,0,4,53,0,57,0,6,66,0,72,0,10,119,0,129,238,0,238,367
12/10/2010,HEF,VA,AEA,EN,Towers with Radar,0,17,45,0,62,0,2,66,0,68,0,19,111,0,130,100,0,100,230
12/11/2010,HEF,VA,AEA,EN,Towers with Radar,0,2,29,0,31,0,23,125,0,148,0,25,154,0,179,250,0,250,429
12/12/2010,HEF,VA,AEA,EN,Towers with Radar,0,3,17,0,20,0,0,0,0,0,0,3,17,0,20,10,0,10,30
12/13/2010,HEF,VA,AEA,EN,Towers with Radar,0,11,32,0,43,0,0,16,0,16,0,11,48,0,59,0,0,0,59
12/14/2010,HEF,VA,AEA,EN,Towers with Radar,0,14,34,0,48,0,0,4,0,4,0,14,38,0,52,0,8,8,60
12/15/2010,HEF,VA,AEA,EN,Towers with Radar,0,12,45,0,57,0,4,30,0,34,0,16,75,0,91,46,0,46,137
12/16/2010,HEF,VA,AEA,EN,Towers with Radar,0,6,28,2,36,0,2,10,0,12,0,8,38,2,48,42,0,42,90
12/17/2010,HEF,VA,AEA,EN,Towers with Radar,0,13,46,4,63,0,8,51,2,61,0,21,97,6,124,66,0,66,190
12/18/2010,HEF,VA,AEA,EN,Towers with Radar,0,9,22,4,35,0,18,91,0,109,0,27,113,4,144,146,0,146,290
12/19/2010,HEF,VA,AEA,EN,Towers with Radar,0,6,36,0,42,0,14,78,0,92,0,20,114,0,134,162,0,162,296
12/20/2010,HEF,VA,AEA,EN,Towers with Radar,0,8,38,0,46,0,8,17,0,25,0,16,55,0,71,6,0,6,77
12/21/2010,HEF,VA,AEA,EN,Towers with Radar,0,5,29,0,34,0,4,62,0,66,0,9,91,0,100,104,0,104,204
12/22/2010,HEF,VA,AEA,EN,Towers with Radar,0,9,45,0,54,0,4,69,0,73,0,13,114,0,127,152,0,152,279
12/23/2010,HEF,VA,AEA,EN,Towers with Radar,0,6,31,0,37,0,0,11,0,11,0,6,42,0,48,22,0,22,70
12/24/2010,HEF,VA,AEA,EN,Towers with Radar,0,5,26,0,31,0,0,29,0,29,0,5,55,0,60,46,0,46,106
12/25/2010,HEF,VA,AEA,EN,Towers with Radar,0,3,10,0,13,0,0,2,0,2,0,3,12,0,15,18,0,18,33
12/26/2010,HEF,VA,AEA,EN,Towers with Radar,0,9,15,0,24,0,0,3,0,3,0,9,18,0,27,0,0,0,27
12/27/2010,HEF,VA,AEA,EN,Towers with Radar,0,8,17,0,25,0,0,4,0,4,0,8,21,0,29,0,0,0,29
12/28/2010,HEF,VA,AEA,EN,Towers with Radar,0,5,39,0,44,0,11,26,0,37,0,16,65,0,81,62,0,62,143
12/29/2010,HEF,VA,AEA,EN,Towers with Radar,0,15,36,2,53,0,10,95,0,105,0,25,131,2,158,98,0,98,256
12/30/2010,HEF,VA,AEA,EN,Towers with Radar,0,3,32,0,35,0,10,63,0,73,0,13,95,0,108,108,0,108,216
12/31/2010,HEF,VA,AEA,EN,Towers with Radar,0,8,17,0,25,0,15,131,0,146,0,23,148,0,171,182,0,182,353
01/01/2011,HEF,VA,AEA,EN,Towers with Radar,0,7,23,0,30,0,5,18,0,23,0,12,41,0,53,44,0,44,97
01/02/2011,HEF,VA,AEA,EN,Towers with Radar,0,18,31,0,49,0,9,40,0,49,0,27,71,0,98,80,0,80,178
01/03/2011,HEF,VA,AEA,EN,Towers with Radar,0,9,33,0,42,0,13,29,0,42,0,22,62,0,84,46,0,46,130
01/04/2011,HEF,VA,AEA,EN,Towers with Radar,0,5,46,0,51,0,3,61,0,64,0,8,107,0,115,68,0,68,183
01/05/2011,HEF,VA,AEA,EN,Towers with Radar,0,4,50,0,54,0,7,83,0,90,0,11,133,0,144,84,0,84,228
01/06/2011,HEF,VA,AEA,EN,Towers with Radar,0,13,37,0,50,0,10,70,1,81,0,23,107,1,131,128,0,128,259
01/07/2011,HEF,VA,AEA,EN,Towers with Radar,0,2,25,0,27,0,7,43,0,50,0,9,68,0,77,95,0,95,172
01/08/2011,HEF,VA,AEA,EN,Towers with Radar,0,8,18,0,26,0,4,34,0,38,0,12,52,0,64,44,0,44,108
01/09/2011,HEF,VA,AEA,EN,Towers with Radar,2,9,30,0,41,0,6,18,0,24,2,15,48,0,65,20,0,20,85
01/10/2011,HEF,VA,AEA,EN,Towers with Radar,0,8,35,0,43,0,11,45,0,56,0,19,80,0,99,62,0,62,161
01/11/2011,HEF,VA,AEA,EN,Towers with Radar,0,8,10,0,18,0,0,8,0,8,0,8,18,0,26,42,0,42,68
01/12/2011,HEF,VA,AEA,EN,Towers with Radar,0,7,24,0,31,0,2,14,0,16,0,9,38,0,47,10,0,10,57
01/13/2011,HEF,VA,AEA,EN,Towers with Radar,0,18,49,2,69,0,4,28,0,32,0,22,77,2,101,2,0,2,103
01/14/2011,HEF,VA,AEA,EN,Towers with Radar,0,15,64,0,79,0,6,91,0,97,0,21,155,0,176,152,0,152,328
01/15/2011,HEF,VA,AEA,EN,Towers with Radar,2,0,31,0,33,0,28,132,0,160,2,28,163,0,193,224,0,224,417
01/16/2011,HEF,VA,AEA,EN,Towers with Radar,0,1,25,0,26,0,19,121,0,140,0,20,146,0,166,180,0,180,346
01/17/2011,HEF,VA,AEA,EN,Towers with Radar,0,7,36,0,43,0,10,51,0,61,0,17,87,0,104,86,0,86,190
01/18/2011,HEF,VA,AEA,EN,Towers with Radar,0,4,16,0,20,0,0,2,0,2,0,4,18,0,22,0,0,0,22
01/19/2011,HEF,VA,AEA,EN,Towers with Radar,0,8,34,0,42,0,2,51,0,53,0,10,85,0,95,142,0,142,237
01/20/2011,HEF,VA,AEA,EN,Towers with Radar,0,5,44,0,49,0,9,60,0,69,0,14,104,0,118,100,0,100,218
01/21/2011,HEF,VA,AEA,EN,Towers with Radar,0,6,28,0,34,0,5,15,0,20,0,11,43,0,54,18,0,18,72
01/22/2011,HEF,VA,AEA,EN,Towers with Radar,0,8,44,0,52,0,18,109,0,127,0,26,153,0,179,260,0,260,439
01/23/2011,HEF,VA,AEA,EN,Towers with Radar,2,9,25,0,36,0,19,66,0,85,2,28,91,0,121,44,0,44,165
01/24/2011,HEF,VA,AEA,EN,Towers with Radar,0,6,45,0,51,0,10,40,0,50,0,16,85,0,101,64,0,64,165
01/25/2011,HEF,VA,AEA,EN,Towers with Radar,0,10,44,0,54,0,2,78,0,80,0,12,122,0,134,152,0,152,286
01/26/2011,HEF,VA,AEA,EN,Towers with Radar,0,2,14,0,16,0,0,0,0,0,0,2,14,0,16,0,0,0,16
01/27/2011,HEF,VA,AEA,EN,Towers with Radar,2,21,79,0,102,0,0,33,0,33,2,21,112,0,135,32,0,32,167
01/28/2011,HEF,VA,AEA,EN,Towers with Radar,0,9,39,0,48,0,0,4,0,4,0,9,43,0,52,0,0,0,52
01/29/2011,HEF,VA,AEA,EN,Towers with Radar,0,6,24,0,30,0,9,71,0,80,0,15,95,0,110,217,0,217,327
01/30/2011,HEF,VA,AEA,EN,Towers with Radar,0,11,44,0,55,0,18,118,0,136,0,29,162,0,191,246,0,246,437
01/31/2011,HEF,VA,AEA,EN,Towers with Radar,2,8,37,0,47,0,2,21,0,23,2,10,58,0,70,32,0,32,102
02/01/2011,HEF,VA,AEA,EN,Towers with Radar,0,4,16,0,20,0,0,0,0,0,0,4,16,0,20,0,0,0,20
02/02/2011,HEF,VA,AEA,EN,Towers with Radar,0,4,27,0,31,0,2,14,2,18,0,6,41,2,49,72,0,72,121
02/03/2011,HEF,VA,AEA,EN,Towers with Radar,0,7,45,0,52,0,8,65,0,73,0,15,110,0,125,104,0,104,229
02/04/2011,HEF,VA,AEA,EN,Towers with Radar,0,6,41,0,47,0,8,76,0,84,0,14,117,0,131,130,0,130,261
02/05/2011,HEF,VA,AEA,EN,Towers with Radar,0,9,16,0,25,0,0,0,0,0,0,9,16,0,25,0,0,0,25
02/06/2011,HEF,VA,AEA,EN,Towers with Radar,0,3,58,0,61,0,18,150,0,168,0,21,208,0,229,242,0,242,471
02/07/2011,HEF,VA,AEA,EN,Towers with Radar,0,9,34,0,43,0,10,53,0,63,0,19,87,0,106,64,0,64,170
02/08/2011,HEF,VA,AEA,EN,Towers with Radar,0,4,38,0,42,0,0,18,0,18,0,4,56,0,60,0,0,0,60
02/09/2011,HEF,VA,AEA,EN,Towers with Radar,0,4,48,0,52,0,6,55,0,61,0,10,103,0,113,97,0,97,210
02/10/2011,HEF,VA,AEA,EN,Towers with Radar,0,5,48,0,53,0,0,55,0,55,0,5,103,0,108,42,0,42,150
02/11/2011,HEF,VA,AEA,EN,Towers with Radar,0,3,51,0,54,0,10,91,0,101,0,13,142,0,155,144,0,144,299
02/12/2011,HEF,VA,AEA,EN,Towers with Radar,2,2,25,0,29,0,10,39,0,49,2,12,64,0,78,66,2,68,146
02/13/2011,HEF,VA,AEA,EN,Towers with Radar,0,2,54,0,56,0,15,68,0,83,0,17,122,0,139,162,0,162,301
02/14/2011,HEF,VA,AEA,EN,Towers with Radar,0,4,22,0,26,0,0,11,0,11,0,4,33,0,37,0,0,0,37
02/15/2011,HEF,VA,AEA,EN,Towers with Radar,0,6,47,0,53,0,3,67,0,70,0,9,114,0,123,130,0,130,253
02/16/2011,HEF,VA,AEA,EN,Towers with Radar,0,6,42,0,48,0,2,63,0,65,0,8,105,0,113,74,0,74,187
02/17/2011,HEF,VA,AEA,EN,Towers with Radar,0,17,54,0,71,0,7,92,0,99,0,24,146,0,170,196,0,196,366
02/18/2011,HEF,VA,AEA,EN,Towers with Radar,0,9,59,0,68,0,6,61,0,67,0,15,120,0,135,102,0,102,237
02/19/2011,HEF,VA,AEA,EN,Towers with Radar,0,4,25,0,29,0,0,3,0,3,0,4,28,0,32,0,0,0,32
02/20/2011,HEF,VA,AEA,EN,Towers with Radar,0,4,48,0,52,0,8,107,0,115,0,12,155,0,167,314,0,314,481
02/21/2011,HEF,VA,AEA,EN,Towers with Radar,0,12,31,0,43,0,2,14,0,16,0,14,45,0,59,56,0,56,115
02/22/2011,HEF,VA,AEA,EN,Towers with Radar,0,6,29,0,35,0,4,23,0,27,0,10,52,0,62,70,0,70,132
02/23/2011,HEF,VA,AEA,EN,Towers with Radar,0,6,75,0,81,0,15,92,0,107,0,21,167,0,188,54,0,54,242
02/24/2011,HEF,VA,AEA,EN,Towers with Radar,2,9,65,0,76,0,1,49,1,51,2,10,114,1,127,58,0,58,185
02/25/2011,HEF,VA,AEA,EN,Towers with Radar,0,5,37,0,42,0,1,3,0,4,0,6,40,0,46,0,0,0,46
02/26/2011,HEF,VA,AEA,EN,Towers with Radar,0,7,45,0,52,0,45,126,0,171,0,52,171,0,223,298,0,298,521
02/27/2011,HEF,VA,AEA,EN,Towers with Radar,0,9,56,0,65,0,22,110,0,132,0,31,166,0,197,298,0,298,495
02/28/2011,HEF,VA,AEA,EN,Towers with Radar,0,8,22,0,30,0,0,4,0,4,0,8,26,0,34,0,0,0,34
03/01/2011,HEF,VA,AEA,EN,Towers with Radar,2,7,63,0,72,0,14,69,0,83,2,21,132,0,155,150,0,150,305
03/02/2011,HEF,VA,AEA,EN,Towers with Radar,1,9,57,0,67,0,6,63,0,69,1,15,120,0,136,120,0,120,256
03/03/2011,HEF,VA,AEA,EN,Towers with Radar,2,10,70,0,82,0,12,84,0,96,2,22,154,0,178,212,0,212,390
03/04/2011,HEF,VA,AEA,EN,Towers with Radar,0,5,52,0,57,0,17,85,0,102,0,22,137,0,159,169,0,169,328
03/05/2011,HEF,VA,AEA,EN,Towers with Radar,0,5,30,0,35,0,4,30,0,34,0,9,60,0,69,150,0,150,219
03/06/2011,HEF,VA,AEA,EN,Towers with Radar,2,15,20,0,37,0,0,0,0,0,2,15,20,0,37,0,0,0,37
03/07/2011,HEF,VA,AEA,EN,Towers with Radar,1,2,35,0,38,0,3,30,0,33,1,5,65,0,71,22,0,22,93
03/08/2011,HEF,VA,AEA,EN,Towers with Radar,0,10,49,0,59,0,10,82,1,93,0,20,131,1,152,238,0,238,390
03/09/2011,HEF,VA,AEA,EN,Towers with Radar,0,9,49,2,60,0,0,3,0,3,0,9,52,2,63,112,0,112,175
03/10/2011,HEF,VA,AEA,EN,Towers with Radar,2,7,44,0,53,0,0,0,0,0,2,7,44,0,53,0,0,0,53
03/11/2011,HEF,VA,AEA,EN,Towers with Radar,0,8,61,0,69,0,6,69,0,75,0,14,130,0,144,148,0,148,292
03/12/2011,HEF,VA,AEA,EN,Towers with Radar,0,5,57,0,62,0,27,128,0,155,0,32,185,0,217,148,0,148,365
03/13/2011,HEF,VA,AEA,EN,Towers with Radar,2,6,41,0,49,0,13,131,0,144,2,19,172,0,193,174,0,174,367
03/14/2011,HEF,VA,AEA,EN,Towers with Radar,1,4,38,0,43,0,8,60,0,68,1,12,98,0,111,152,0,152,263
03/15/2011,HEF,VA,AEA,EN,Towers with Radar,0,4,44,0,48,0,6,62,0,68,0,10,106,0,116,98,0,98,214
03/16/2011,HEF,VA,AEA,EN,Towers with Radar,0,13,80,2,95,0,1,49,0,50,0,14,129,2,145,78,0,78,223
03/17/2011,HEF,VA,AEA,EN,Towers with Radar,2,8,54,0,64,0,11,108,1,120,2,19,162,1,184,126,0,126,310
03/18/2011,HEF,VA,AEA,EN,Towers with Radar,0,13,79,2,94,0,21,101,5,127,0,34,180,7,221,122,0,122,343
03/19/2011,HEF,VA,AEA,EN,Towers with Radar,0,2,40,0,42,0,22,85,0,107,0,24,125,0,149,84,0,84,233
03/20/2011,HEF,VA,AEA,EN,Towers with Radar,2,6,54,0,62,0,16,154,0,170,2,22,208,0,232,172,0,172,404
03/21/2011,HEF,VA,AEA,EN,Towers with Radar,0,6,35,0,41,0,7,31,0,38,0,13,66,0,79,106,0,106,185
03/22/2011,HEF,VA,AEA,EN,Towers with Radar,0,11,33,0,44,0,8,57,0,65,0,19,90,0,109,116,0,116,225
03/23/2011,HEF,VA,AEA,EN,Towers with Radar,0,4,41,0,45,0,0,8,0,8,0,4,49,0,53,24,0,24,77
03/24/2011,HEF,VA,AEA,EN,Towers with Radar,0,3,37,0,40,0,5,24,0,29,0,8,61,0,69,10,0,10,79
03/25/2011,HEF,VA,AEA,EN,Towers with Radar,0,8,55,0,63,0,15,91,0,106,0,23,146,0,169,137,0,137,306
03/26/2011,HEF,VA,AEA,EN,Towers with Radar,0,12,30,0,42,0,27,111,0,138,0,39,141,0,180,312,0,312,492
03/27/2011,HEF,VA,AEA,EN,Towers with Radar,0,6,25,0,31,0,5,25,0,30,0,11,50,0,61,66,0,66,127
03/28/2011,HEF,VA,AEA,EN,Towers with Radar,0,6,37,0,43,0,8,49,0,57,0,14,86,0,100,100,0,100,200
03/29/2011,HEF,VA,AEA,EN,Towers with Radar,0,11,58,0,69,0,17,86,0,103,0,28,144,0,172,170,0,170,342
03/30/2011,HEF,VA,AEA,EN,Towers with Radar,0,6,37,0,43,0,0,13,2,15,0,6,50,2,58,34,0,34,92
03/31/2011,HEF,VA,AEA,EN,Towers with Radar,0,16,47,0,63,0,0,0,0,0,0,16,47,0,63,0,0,0,63
04/01/2011,HEF,VA,AEA,EN,Towers with Radar,0,4,50,0,54,0,2,34,0,36,0,6,84,0,90,48,0,48,138
04/02/2011,HEF,VA,AEA,EN,Towers with Radar,0,3,29,0,32,0,4,32,0,36,0,7,61,0,68,66,0,66,134
04/03/2011,HEF,VA,AEA,EN,Towers with Radar,0,5,72,0,77,0,23,134,0,157,0,28,206,0,234,170,0,170,404
04/04/2011,HEF,VA,AEA,EN,Towers with Radar,0,7,38,0,45,0,2,53,0,55,0,9,91,0,100,0,0,0,100
04/05/2011,HEF,VA,AEA,EN,Towers with Radar,0,15,37,0,52,0,0,8,0,8,0,15,45,0,60,2,0,2,62
04/06/2011,HEF,VA,AEA,EN,Towers with Radar,0,11,53,0,64,0,17,60,2,79,0,28,113,2,143,132,0,132,275
04/07/2011,HEF,VA,AEA,EN,Towers with Radar,2,4,68,0,74,0,9,88,0,97,2,13,156,0,171,164,0,164,335
04/08/2011,HEF,VA,AEA,EN,Towers with Radar,0,12,48,0,60,0,4,11,0,15,0,16,59,0,75,26,0,26,101
04/09/2011,HEF,VA,AEA,EN,Towers with Radar,0,22,42,0,64,0,0,10,0,10,0,22,52,0,74,142,0,142,216
04/10/2011,HEF,VA,AEA,EN,Towers with Radar,0,15,71,0,86,0,4,31,0,35,0,19,102,0,121,178,0,178,299
04/11/2011,HEF,VA,AEA,EN,Towers with Radar,0,6,47,0,53,0,8,32,0,40,0,14,79,0,93,128,0,128,221
04/12/2011,HEF,VA,AEA,EN,Towers with Radar,0,10,32,0,42,0,0,9,0,9,0,10,41,0,51,0,0,0,51
04/13/2011,HEF,VA,AEA,EN,Towers with Radar,0,10,65,0,75,0,2,23,0,25,0,12,88,0,100,26,0,26,126
04/14/2011,HEF,VA,AEA,EN,Towers with Radar,0,12,60,0,72,0,14,110,0,124,0,26,170,0,196,184,0,184,380
04/15/2011,HEF,VA,AEA,EN,Towers with Radar,0,12,63,0,75,0,16,75,0,91,0,28,138,0,166,164,0,164,330
04/16/2011,HEF,VA,AEA,EN,Towers with Radar,0,9,21,1,31,0,0,0,0,0,0,9,21,1,31,0,0,0,31
04/17/2011,HEF,VA,AEA,EN,Towers with Radar,0,6,44,0,50,0,11,43,0,54,0,17,87,0,104,80,0,80,184
04/18/2011,HEF,VA,AEA,EN,Towers with Radar,0,5,32,0,37,0,13,57,0,70,0,18,89,0,107,140,0,140,247
04/19/2011,HEF,VA,AEA,EN,Towers with Radar,0,13,31,3,47,0,10,220,0,230,0,23,251,3,277,0,0,0,277
04/20/2011,HEF,VA,AEA,EN,Towers with Radar,0,8,51,0,59,0,4,35,0,39,0,12,86,0,98,90,0,90,188
04/21/2011,HEF,VA,AEA,EN,Towers with Radar,0,8,47,0,55,0,25,50,0,75,0,33,97,0,130,134,0,134,264
04/22/2011,HEF,VA,AEA,EN,Towers with Radar,0,5,35,0,40,0,8,24,0,32,0,13,59,0,72,38,0,38,110
04/23/2011,HEF,VA,AEA,EN,Towers with Radar,0,2,30,0,32,0,2,15,0,17,0,4,45,0,49,40,0,40,89
04/24/2011,HEF,VA,AEA,EN,Towers with Radar,0,5,32,0,37,0,14,49,0,63,0,19,81,0,100,72,0,72,172
04/25/2011,HEF,VA,AEA,EN,Towers with Radar,0,8,56,0,64,0,18,77,0,95,0,26,133,0,159,240,0,240,399
04/26/2011,HEF,VA,AEA,EN,Towers with Radar,0,7,31,2,40,0,7,36,0,43,0,14,67,2,83,52,0,52,135
04/27/2011,HEF,VA,AEA,EN,Towers with Radar,0,3,38,1,42,0,0,19,0,19,0,3,57,1,61,36,0,36,97
04/28/2011,HEF,VA,AEA,EN,Towers with Radar,0,10,39,0,49,0,2,28,0,30,0,12,67,0,79,64,0,64,143
04/29/2011,HEF,VA,AEA,EN,Towers with Radar,0,9,58,0,67,0,13,116,0,129,0,22,174,0,196,76,0,76,272
04/30/2011,HEF,VA,AEA,EN,Towers with Radar,0,8,41,0,49,0,25,341,5,371,0,33,382,5,420,0,0,0,420
05/01/2011,HEF,VA,AEA,EN,Towers with Radar,0,8,56,1,65,0,17,97,0,114,0,25,153,1,179,296,0,296,475
05/02/2011,HEF,VA,AEA,EN,Towers with Radar,0,6,41,0,47,0,8,51,0,59,0,14,92,0,106,194,0,194,300
05/03/2011,HEF,VA,AEA,EN,Towers with Radar,0,8,47,1,56,0,1,39,0,40,0,9,86,1,96,68,0,68,164
05/04/2011,HEF,VA,AEA,EN,Towers with Radar,0,7,44,0,51,0,9,18,0,27,0,16,62,0,78,10,0,10,88
05/05/2011,HEF,VA,AEA,EN,Towers with Radar,0,11,54,0,65,0,11,67,0,78,0,22,121,0,143,60,0,60,203
05/06/2011,HEF,VA,AEA,EN,Towers with Radar,0,6,70,0,76,0,17,81,2,100,0,23,151,2,176,122,0,122,298
05/07/2011,HEF,VA,AEA,EN,Towers with Radar,0,4,43,0,47,0,14,117,2,133,0,18,160,2,180,320,0,320,500
05/08/2011,HEF,VA,AEA,EN,Towers with Radar,0,10,51,0,61,0,24,64,1,89,0,34,115,1,150,104,0,104,254
05/09/2011,HEF,VA,AEA,EN,Towers with Radar,0,14,63,0,77,0,8,72,2,82,0,22,135,2,159,152,4,156,315
05/10/2011,HEF,VA,AEA,EN,Towers with Radar,0,5,43,0,48,0,17,67,0,84,0,22,110,0,132,208,0,208,340
05/11/2011,HEF,VA,AEA,EN,Towers with Radar,0,10,49,0,59,0,13,101,0,114,0,23,150,0,173,162,0,162,335
05/12/2011,HEF,VA,AEA,EN,Towers with Radar,0,11,50,0,61,0,15,68,1,84,0,26,118,1,145,98,4,102,247
05/13/2011,HEF,VA,AEA,EN,Towers with Radar,0,8,52,0,60,0,0,0,0,0,0,8,52,0,60,0,0,0,60
05/14/2011,HEF,VA,AEA,EN,Towers with Radar,0,6,50,0,56,0,0,0,0,0,0,6,50,0,56,0,0,0,56
05/15/2011,HEF,VA,AEA,EN,Towers with Radar,0,9,56,0,65,0,0,13,0,13,0,9,69,0,78,52,0,52,130
05/16/2011,HEF,VA,AEA,EN,Towers with Radar,0,7,50,0,57,0,11,62,0,73,0,18,112,0,130,110,0,110,240
05/17/2011,HEF,VA,AEA,EN,Towers with Radar,0,5,44,0,49,0,0,8,0,8,0,5,52,0,57,0,0,0,57
05/18/2011,HEF,VA,AEA,EN,Towers with Radar,2,7,48,0,57,0,0,30,0,30,2,7,78,0,87,40,0,40,127
05/19/2011,HEF,VA,AEA,EN,Towers with Radar,0,15,60,0,75,0,8,53,1,62,0,23,113,1,137,96,0,96,233
05/20/2011,HEF,VA,AEA,EN,Towers with Radar,0,9,65,0,74,0,13,78,0,91,0,22,143,0,165,140,0,140,305
05/21/2011,HEF,VA,AEA,EN,Towers with Radar,0,7,52,0,59,0,25,174,0,199,0,32,226,0,258,166,0,166,424
05/22/2011,HEF,VA,AEA,EN,Towers with Radar,0,8,62,0,70,0,24,86,0,110,0,32,148,0,180,252,0,252,432
05/23/2011,HEF,VA,AEA,EN,Towers with Radar,0,16,48,4,68,0,10,49,0,59,0,26,97,4,127,80,0,80,207
05/24/2011,HEF,VA,AEA,EN,Towers with Radar,2,12,36,1,51,0,14,53,0,67,2,26,89,1,118,0,0,0,118
05/25/2011,HEF,VA,AEA,EN,Towers with Radar,0,10,54,1,65,0,14,107,1,122,0,24,161,2,187,160,0,160,347
05/26/2011,HEF,VA,AEA,EN,Towers with Radar,0,14,57,1,72,0,17,60,0,77,0,31,117,1,149,84,0,84,233
05/27/2011,HEF,VA,AEA,EN,Towers with Radar,0,6,63,0,69,0,17,55,2,74,0,23,118,2,143,154,0,154,297
05/28/2011,HEF,VA,AEA,EN,Towers with Radar,0,3,38,0,41,0,13,71,1,85,0,16,109,1,126,0,0,0,126
05/29/2011,HEF,VA,AEA,EN,Towers with Radar,0,13,46,0,59,0,11,61,0,72,0,24,107,0,131,268,0,268,399
05/30/2011,HEF,VA,AEA,EN,Towers with Radar,2,7,60,0,69,0,21,125,2,148,2,28,185,2,217,130,0,130,347
05/31/2011,HEF,VA,AEA,EN,Towers with Radar,0,4,61,0,65,0,22,69,0,91,0,26,130,0,156,146,0,146,302
06/01/2011,HEF,VA,AEA,EN,Towers with Radar,0,3,36,0,39,0,15,32,0,47,0,18,68,0,86,126,0,126,212
06/02/2011,HEF,VA,AEA,EN,Towers with Radar,0,2,55,2,59,0,15,71,2,88,0,17,126,4,147,76,0,76,223
06/03/2011,HEF,VA,AEA,EN,Towers with Radar,0,5,46,0,51,0,12,101,1,114,0,17,147,1,165,288,0,288,453
06/04/2011,HEF,VA,AEA,EN,Towers with Radar,0,1,47,0,48,0,30,121,0,151,0,31,168,0,199,172,0,172,371
06/05/2011,HEF,VA,AEA,EN,Towers with Radar,0,5,49,0,54,0,18,78,0,96,0,23,127,0,150,144,0,144,294
06/06/2011,HEF,VA,AEA,EN,Towers with Radar,0,9,55,2,66,0,18,87,1,106,0,27,142,3,172,112,0,112,284
06/07/2011,HEF,VA,AEA,EN,Towers with Radar,2,11,55,0,68,0,19,89,0,108,2,30,144,0,176,174,0,174,350
06/08/2011,HEF,VA,AEA,EN,Towers with Radar,0,3,68,0,71,0,24,92,0,116,0,27,160,0,187,226,0,226,413
06/09/2011,HEF,VA,AEA,EN,Towers with Radar,0,7,50,0,57,0,6,44,0,50,0,13,94,0,107,46,0,46,153
06/10/2011,HEF,VA,AEA,EN,Towers with Radar,0,13,53,0,66,0,12,75,2,89,0,25,128,2,155,80,0,80,235
06/11/2011,HEF,VA,AEA,EN,Towers with Radar,0,2,37,0,39,0,23,85,0,108,0,25,122,0,147,156,0,156,303
06/12/2011,HEF,VA,AEA,EN,Towers with Radar,0,15,55,0,70,0,17,60,2,79,0,32,115,2,149,92,0,92,241
06/13/2011,HEF,VA,AEA,EN,Towers with Radar,0,11,64,0,75,0,26,76,0,102,0,37,140,0,177,58,0,58,235
06/14/2011,HEF,VA,AEA,EN,Towers with Radar,0,4,46,0,50,0,28,62,0,90,0,32,108,0,140,130,0,130,270
06/15/2011,HEF,VA,AEA,EN,Towers with Radar,0,21,66,2,89,0,18,96,0,114,0,39,162,2,203,166,0,166,369
06/16/2011,HEF,VA,AEA,EN,Towers with Radar,0,12,65,0,77,0,4,55,2,61,0,16,120,2,138,78,0,78,216
06/17/2011,HEF,VA,AEA,EN,Towers with Radar,0,17,51,1,69,0,11,39,0,50,0,28,90,1,119,104,0,104,223
06/18/2011,HEF,VA,AEA,EN,Towers with Radar,0,20,48,1,69,0,26,137,8,171,0,46,185,9,240,182,0,182,422
06/19/2011,HEF,VA,AEA,EN,Towers with Radar,0,9,52,2,63,0,20,50,1,71,0,29,102,3,134,178,0,178,312
06/20/2011,HEF,VA,AEA,EN,Towers with Radar,0,10,49,0,59,0,8,43,0,51,0,18,92,0,110,164,0,164,274
06/21/2011,HEF,VA,AEA,EN,Towers with Radar,4,12,40,1,57,0,12,68,0,80,4,24,108,1,137,134,0,134,271
06/22/2011,HEF,VA,AEA,EN,Towers with Radar,0,9,44,1,54,0,14,66,1,81,0,23,110,2,135,153,0,153,288
06/23/2011,HEF,VA,AEA,EN,Towers with Radar,0,14,52,0,66,0,10,58,0,68,0,24,110,0,134,68,0,68,202
06/24/2011,HEF,VA,AEA,EN,Towers with Radar,0,14,73,0,87,0,10,73,0,83,0,24,146,0,170,40,0,40,210
06/25/2011,HEF,VA,AEA,EN,Towers with Radar,0,6,45,0,51,0,42,150,3,195,0,48,195,3,246,146,0,146,392
06/26/2011,HEF,VA,AEA,EN,Towers with Radar,0,12,39,0,51,0,29,155,1,185,0,41,194,1,236,202,0,202,438
06/27/2011,HEF,VA,AEA,EN,Towers with Radar,0,8,68,0,76,0,2,56,0,58,0,10,124,0,134,220,0,220,354
06/28/2011,HEF,VA,AEA,EN,Towers with Radar,0,5,39,0,44,0,16,57,1,74,0,21,96,1,118,62,0,62,180
06/29/2011,HEF,VA,AEA,EN,Towers with Radar,0,11,59,0,70,0,12,134,1,147,0,23,193,1,217,92,18,110,327
06/30/2011,HEF,VA,AEA,EN,Towers with Radar,0,19,53,0,72,0,17,92,4,113,0,36,145,4,185,142,0,142,327
07/01/2011,HEF,VA,AEA,EN,Towers with Radar,0,7,72,0,79,0,17,128,3,148,0,24,200,3,227,126,0,126,353
07/02/2011,HEF,VA,AEA,EN,Towers with Radar,0,4,39,0,43,0,29,120,0,149,0,33,159,0,192,160,0,160,352
07/03/2011,HEF,VA,AEA,EN,Towers with Radar,0,1,14,0,15,0,9,49,0,58,0,10,63,0,73,28,0,28,101
07/04/2011,HEF,VA,AEA,EN,Towers with Radar,0,3,29,0,32,0,6,68,0,74,0,9,97,0,106,116,0,116,222
07/05/2011,HEF,VA,AEA,EN,Towers with Radar,0,10,55,0,65,0,19,72,0,91,0,29,127,0,156,128,0,128,284
07/06/2011,HEF,VA,AEA,EN,Towers with Radar,0,10,34,0,44,0,3,37,0,40,0,13,71,0,84,96,4,100,184
07/07/2011,HEF,VA,AEA,EN,Towers with Radar,0,8,48,0,56,0,18,59,0,77,0,26,107,0,133,91,7,98,231
07/08/2011,HEF,VA,AEA,EN,Towers with Radar,0,5,36,0,41,0,8,36,0,44,0,13,72,0,85,92,0,92,177
07/09/2011,HEF,VA,AEA,EN,Towers with Radar,0,9,31,0,40,0,16,108,0,124,0,25,139,0,164,98,0,98,262
07/10/2011,HEF,VA,AEA,EN,Towers with Radar,0,7,64,1,72,0,22,125,1,148,0,29,189,2,220,158,0,158,378
07/11/2011,HEF,VA,AEA,EN,Towers with Radar,0,9,63,1,73,0,24,79,1,104,0,33,142,2,177,50,0,50,227
07/12/2011,HEF,VA,AEA,EN,Towers with Radar,0,6,45,0,51,0,13,62,0,75,0,19,107,0,126,60,0,60,186
07/13/2011,HEF,VA,AEA,EN,Towers with Radar,0,11,42,0,53,0,14,53,0,67,0,25,95,0,120,56,0,56,176
07/14/2011,HEF,VA,AEA,EN,Towers with Radar,0,9,53,0,62,0,16,98,0,114,0,25,151,0,176,68,0,68,244
07/15/2011,HEF,VA,AEA,EN,Towers with Radar,0,16,77,1,94,0,12,117,0,129,0,28,194,1,223,138,0,138,361
07/16/2011,HEF,VA,AEA,EN,Towers with Radar,2,7,43,0,52,0,23,103,3,129,2,30,146,3,181,240,0,240,421
07/17/2011,HEF,VA,AEA,EN,Towers with Radar,0,7,63,0,70,0,28,137,3,168,0,35,200,3,238,164,0,164,402
07/18/2011,HEF,VA,AEA,EN,Towers with Radar,0,9,36,0,45,0,20,64,0,84,0,29,100,0,129,148,0,148,277
07/19/2011,HEF,VA,AEA,EN,Towers with Radar,2,9,45,0,56,0,13,60,0,73,2,22,105,0,129,140,0,140,269
07/20/2011,HEF,VA,AEA,EN,Towers with Radar,0,27,38,0,65,0,9,37,2,48,0,36,75,2,113,122,0,122,235
07/21/2011,HEF,VA,AEA,EN,Towers with Radar,0,14,44,0,58,0,15,62,1,78,0,29,106,1,136,64,0,64,200
07/22/2011,HEF,VA,AEA,EN,Towers with Radar,0,8,68,0,76,0,14,43,0,57,0,22,111,0,133,70,0,70,203
07/23/2011,HEF,VA,AEA,EN,Towers with Radar,0,9,35,0,44,0,23,64,0,87,0,32,99,0,131,138,0,138,269
07/24/2011,HEF,VA,AEA,EN,Towers with Radar,2,19,56,0,77,0,25,58,2,85,2,44,114,2,162,144,0,144,306
07/25/2011,HEF,VA,AEA,EN,Towers with Radar,0,4,39,0,43,0,4,40,0,44,0,8,79,0,87,64,0,64,151
07/26/2011,HEF,VA,AEA,EN,Towers with Radar,0,6,61,0,67,0,10,82,0,92,0,16,143,0,159,64,0,64,223
07/27/2011,HEF,VA,AEA,EN,Towers with Radar,0,13,58,0,71,0,8,89,2,99,0,21,147,2,170,108,0,108,278
07/28/2011,HEF,VA,AEA,EN,Towers with Radar,0,10,66,0,76,0,17,69,0,86,0,27,135,0,162,106,0,106,268
07/29/2011,HEF,VA,AEA,EN,Towers with Radar,2,5,66,0,73,0,21,52,0,73,2,26,118,0,146,32,0,32,178
07/30/2011,HEF,VA,AEA,EN,Towers with Radar,0,10,45,0,55,0,29,93,3,125,0,39,138,3,180,0,0,0,180
07/31/2011,HEF,VA,AEA,EN,Towers with Radar,0,4,54,0,58,0,32,99,1,132,0,36,153,1,190,140,0,140,330
08/01/2011,HEF,VA,AEA,EN,Towers with Radar,0,11,38,0,49,0,7,44,0,51,0,18,82,0,100,74,0,74,174
08/02/2011,HEF,VA,AEA,EN,Towers with Radar,2,13,57,0,72,0,25,65,1,91,2,38,122,1,163,130,0,130,293
08/03/2011,HEF,VA,AEA,EN,Towers with Radar,0,10,47,0,57,0,14,26,0,40,0,24,73,0,97,92,0,92,189
08/04/2011,HEF,VA,AEA,EN,Towers with Radar,0,12,52,0,64,0,7,59,0,66,0,19,111,0,130,82,0,82,212
08/05/2011,HEF,VA,AEA,EN,Towers with Radar,0,7,60,0,67,0,11,48,0,59,0,18,108,0,126,168,0,168,294
08/06/2011,HEF,VA,AEA,EN,Towers with Radar,0,13,43,0,56,0,5,22,2,29,0,18,65,2,85,0,0,0,85
08/07/2011,HEF,VA,AEA,EN,Towers with Radar,0,8,58,0,66,0,8,42,0,50,0,16,100,0,116,156,0,156,272
08/08/2011,HEF,VA,AEA,EN,Towers with Radar,0,8,52,0,60,0,20,55,0,75,0,28,107,0,135,30,0,30,165
08/09/2011,HEF,VA,AEA,EN,Towers with Radar,0,9,16,0,25,0,7,51,0,58,0,16,67,0,83,109,0,109,192
08/10/2011,HEF,VA,AEA,EN,Towers with Radar,0,10,43,0,53,0,22,67,0,89,0,32,110,0,142,170,14,184,326
08/11/2011,HEF,VA,AEA,EN,Towers with Radar,0,9,41,0,50,0,12,99,0,111,0,21,140,0,161,118,0,118,279
08/12/2011,HEF,VA,AEA,EN,Towers with Radar,2,5,48,0,55,0,13,123,2,138,2,18,171,2,193,172,0,172,365
08/13/2011,HEF,VA,AEA,EN,Towers with Radar,0,6,33,0,39,0,5,57,2,64,0,11,90,2,103,162,0,162,265
08/14/2011,HEF,VA,AEA,EN,Towers with Radar,0,7,46,1,54,0,1,12,0,13,0,8,58,1,67,64,0,64,131
08/15/2011,HEF,VA,AEA,EN,Towers with Radar,0,9,47,0,56,0,9,22,4,35,0,18,69,4,91,66,0,66,157
08/16/2011,HEF,VA,AEA,EN,Towers with Radar,2,8,45,0,55,0,21,52,1,74,2,29,97,1,129,0,0,0,129
08/17/2011,HEF,VA,AEA,EN,Towers with Radar,0,6,67,0,73,0,19,105,3,127,0,25,172,3,200,131,4,135,335
08/18/2011,HEF,VA,AEA,EN,Towers with Radar,0,2,27,0,29,0,10,44,6,60,0,12,71,6,89,144,0,144,233
08/19/2011,HEF,VA,AEA,EN,Towers with Radar,0,12,43,1,56,0,13,71,0,84,0,25,114,1,140,130,0,130,270
08/20/2011,HEF,VA,AEA,EN,Towers with Radar,0,9,60,0,69,0,24,134,2,160,0,33,194,2,229,186,0,186,415
08/21/2011,HEF,VA,AEA,EN,Towers with Radar,0,9,35,0,44,0,19,50,0,69,0,28,85,0,113,124,0,124,237
08/22/2011,HEF,VA,AEA,EN,Towers with Radar,2,9,45,0,56,0,13,63,0,76,2,22,108,0,132,66,0,66,198
08/23/2011,HEF,VA,AEA,EN,Towers with Radar,0,7,33,0,40,0,11,89,2,102,0,18,122,2,142,156,0,156,298
08/24/2011,HEF,VA,AEA,EN,Towers with Radar,0,6,50,0,56,0,16,62,2,80,0,22,112,2,136,56,0,56,192
08/25/2011,HEF,VA,AEA,EN,Towers with Radar,0,7,38,0,45,0,5,32,0,37,0,12,70,0,82,18,0,18,100
08/26/2011,HEF,VA,AEA,EN,Towers with Radar,0,4,62,0,66,0,18,99,0,117,0,22,161,0,183,210,0,210,393
08/27/2011,HEF,VA,AEA,EN,Towers with Radar,0,0,15,0,15,0,0,2,0,2,0,0,17,0,17,2,0,2,19
08/28/2011,HEF,VA,AEA,EN,Towers with Radar,0,2,13,0,15,0,7,19,0,26,0,9,32,0,41,8,0,8,49
08/29/2011,HEF,VA,AEA,EN,Towers with Radar,0,16,45,1,62,0,18,54,0,72,0,34,99,1,134,114,0,114,248
08/30/2011,HEF,VA,AEA,EN,Towers with Radar,0,9,42,0,51,0,12,90,4,106,0,21,132,4,157,136,0,136,293
08/31/2011,HEF,VA,AEA,EN,Towers with Radar,2,8,55,2,67,0,16,91,2,109,2,24,146,4,176,126,0,126,302
09/01/2011,HEF,VA,AEA,EN,Towers with Radar,0,6,55,0,61,0,15,64,2,81,0,21,119,2,142,100,0,100,242
09/02/2011,HEF,VA,AEA,EN,Towers with Radar,1,5,70,0,76,0,24,65,0,89,1,29,135,0,165,160,0,160,325
09/03/2011,HEF,VA,AEA,EN,Towers with Radar,0,5,35,0,40,0,6,31,0,37,0,11,66,0,77,0,0,0,77
09/04/2011,HEF,VA,AEA,EN,Towers with Radar,0,2,34,0,36,0,27,59,0,86,0,29,93,0,122,256,0,256,378
09/05/2011,HEF,VA,AEA,EN,Towers with Radar,0,13,41,0,54,0,12,22,0,34,0,25,63,0,88,86,0,86,174
09/06/2011,HEF,VA,AEA,EN,Towers with Radar,1,12,39,0,52,0,0,0,0,0,1,12,39,0,52,0,0,0,52
09/07/2011,HEF,VA,AEA,EN,Towers with Radar,0,7,35,0,42,0,0,0,0,0,0,7,35,0,42,0,0,0,42
09/08/2011,HEF,VA,AEA,EN,Towers with Radar,0,3,56,0,59,0,0,2,0,2,0,3,58,0,61,0,0,0,61
09/09/2011,HEF,VA,AEA,EN,Towers with Radar,0,10,49,0,59,0,5,22,0,27,0,15,71,0,86,50,0,50,136
09/10/2011,HEF,VA,AEA,EN,Towers with Radar,2,12,37,0,51,0,36,82,0,118,2,48,119,0,169,140,0,140,309
09/11/2011,HEF,VA,AEA,EN,Towers with Radar,2,8,46,0,56,0,38,79,0,117,2,46,125,0,173,142,0,142,315
09/12/2011,HEF,VA,AEA,EN,Towers with Radar,1,11,53,0,65,0,11,56,0,67,1,22,109,0,132,84,0,84,216
09/13/2011,HEF,VA,AEA,EN,Towers with Radar,0,14,61,0,75,0,17,95,0,112,0,31,156,0,187,140,0,140,327
09/14/2011,HEF,VA,AEA,EN,Towers with Radar,0,12,58,0,70,0,8,67,0,75,0,20,125,0,145,72,0,72,217
09/15/2011,HEF,VA,AEA,EN,Towers with Radar,2,15,65,0,82,0,13,20,0,33,2,28,85,0,115,98,0,98,213
09/16/2011,HEF,VA,AEA,EN,Towers with Radar,0,4,69,0,73,0,27,89,3,119,0,31,158,3,192,97,0,97,289
09/17/2011,HEF,VA,AEA,EN,Towers with Radar,2,9,49,0,60,0,27,78,0,105,2,36,127,0,165,154,0,154,319
09/18/2011,HEF,VA,AEA,EN,Towers with Radar,0,7,71,0,78,0,25,92,0,117,0,32,163,0,195,74,0,74,269
09/19/2011,HEF,VA,AEA,EN,Towers with Radar,0,6,44,0,50,0,14,45,1,60,0,20,89,1,110,132,0,132,242
09/20/2011,HEF,VA,AEA,EN,Towers with Radar,0,8,67,0,75,0,1,4,0,5,0,9,71,0,80,14,0,14,94
09/21/2011,HEF,VA,AEA,EN,Towers with Radar,0,22,64,0,86,0,0,7,0,7,0,22,71,0,93,30,0,30,123
09/22/2011,HEF,VA,AEA,EN,Towers with Radar,0,6,77,1,84,0,4,10,1,15,0,10,87,2,99,164,0,164,263
09/23/2011,HEF,VA,AEA,EN,Towers with Radar,0,13,47,0,60,0,0,0,0,0,0,13,47,0,60,0,0,0,60
09/24/2011,HEF,VA,AEA,EN,Towers with Radar,0,5,30,0,35,0,16,42,0,58,0,21,72,0,93,134,0,134,227
09/25/2011,HEF,VA,AEA,EN,Towers with Radar,0,12,60,0,72,0,3,16,0,19,0,15,76,0,91,90,0,90,181
09/26/2011,HEF,VA,AEA,EN,Towers with Radar,2,7,53,1,63,0,0,29,0,29,2,7,82,1,92,146,0,146,238
09/27/2011,HEF,VA,AEA,EN,Towers with Radar,0,0,48,0,48,0,0,8,0,8,0,0,56,0,56,38,0,38,94
09/28/2011,HEF,VA,AEA,EN,Towers with Radar,0,5,47,0,52,0,2,26,0,28,0,7,73,0,80,102,0,102,182
09/29/2011,HEF,VA,AEA,EN,Towers with Radar,0,11,43,0,54,0,13,55,0,68,0,24,98,0,122,138,0,138,260
09/30/2011,HEF,VA,AEA,EN,Towers with Radar,0,9,50,0,59,0,15,105,2,122,0,24,155,2,181,104,0,104,285
10/01/2011,HEF,VA,AEA,EN,Towers with Radar,0,5,24,1,30,0,13,22,3,38,0,18,46,4,68,26,0,26,94
10/02/2011,HEF,VA,AEA,EN,Towers with Radar,0,13,44,0,57,0,12,32,0,44,0,25,76,0,101,10,0,10,111
10/03/2011,HEF,VA,AEA,EN,Towers with Radar,0,9,60,0,69,0,0,20,0,20,0,9,80,0,89,58,0,58,147
10/04/2011,HEF,VA,AEA,EN,Towers with Radar,0,5,56,0,61,0,12,61,1,74,0,17,117,1,135,84,12,96,231
10/05/2011,HEF,VA,AEA,EN,Towers with Radar,0,4,75,0,79,0,17,84,1,102,0,21,159,1,181,180,0,180,361
10/06/2011,HEF,VA,AEA,EN,Towers with Radar,0,12,76,0,88,0,29,82,2,113,0,41,158,2,201,172,0,172,373
10/07/2011,HEF,VA,AEA,EN,Towers with Radar,0,13,70,0,83,0,28,132,2,162,0,41,202,2,245,130,0,130,375
10/08/2011,HEF,VA,AEA,EN,Towers with Radar,0,3,49,0,52,0,24,129,1,154,0,27,178,1,206,146,0,146,352
10/09/2011,HEF,VA,AEA,EN,Towers with Radar,0,6,56,0,62,0,30,117,2,149,0,36,173,2,211,168,0,168,379
10/10/2011,HEF,VA,AEA,EN,Towers with Radar,0,10,72,0,82,0,29,110,0,139,0,39,182,0,221,164,0,164,385
10/11/2011,HEF,VA,AEA,EN,Towers with Radar,0,10,50,0,60,0,20,53,0,73,0,30,103,0,133,86,0,86,219
10/12/2011,HEF,VA,AEA,EN,Towers with Radar,0,13,50,4,67,0,0,2,0,2,0,13,52,4,69,8,0,8,77
10/13/2011,HEF,VA,AEA,EN,Towers with Radar,0,16,53,0,69,0,0,2,0,2,0,16,55,0,71,4,0,4,75
10/14/2011,HEF,VA,AEA,EN,Towers with Radar,0,11,75,0,86,0,2,19,2,23,0,13,94,2,109,100,0,100,209
10/15/2011,HEF,VA,AEA,EN,Towers with Radar,0,9,36,0,45,0,14,47,0,61,0,23,83,0,106,48,0,48,154
10/16/2011,HEF,VA,AEA,EN,Towers with Radar,0,14,57,0,71,0,29,97,2,128,0,43,154,2,199,142,0,142,341
10/17/2011,HEF,VA,AEA,EN,Towers with Radar,0,4,52,0,56,0,18,84,0,102,0,22,136,0,158,190,0,190,348
10/18/2011,HEF,VA,AEA,EN,Towers with Radar,0,6,47,0,53,0,20,104,0,124,0,26,151,0,177,198,0,198,375
10/19/2011,HEF,VA,AEA,EN,Towers with Radar,0,8,46,0,54,0,3,2,0,5,0,11,48,0,59,8,0,8,67
10/20/2011,HEF,VA,AEA,EN,Towers with Radar,0,7,37,0,44,0,8,31,0,39,0,15,68,0,83,28,0,28,111
10/21/2011,HEF,VA,AEA,EN,Towers with Radar,0,15,70,0,85,0,14,86,2,102,0,29,156,2,187,128,0,128,315
10/22/2011,HEF,VA,AEA,EN,Towers with Radar,0,12,35,0,47,0,33,136,0,169,0,45,171,0,216,172,0,172,388
10/23/2011,HEF,VA,AEA,EN,Towers with Radar,0,13,59,0,72,0,26,172,0,198,0,39,231,0,270,118,0,118,388
10/24/2011,HEF,VA,AEA,EN,Towers with Radar,0,6,47,0,53,0,18,69,4,91,0,24,116,4,144,136,0,136,280
10/25/2011,HEF,VA,AEA,EN,Towers with Radar,0,4,35,0,39,0,22,77,0,99,0,26,112,0,138,182,0,182,320
10/26/2011,HEF,VA,AEA,EN,Towers with Radar,0,14,53,0,67,0,10,49,0,59,0,24,102,0,126,138,0,138,264
10/27/2011,HEF,VA,AEA,EN,Towers with Radar,0,4,49,0,53,0,1,29,0,30,0,5,78,0,83,40,0,40,123
10/28/2011,HEF,VA,AEA,EN,Towers with Radar,0,9,58,0,67,0,16,71,0,87,0,25,129,0,154,114,0,114,268
10/29/2011,HEF,VA,AEA,EN,Towers with Radar,0,2,10,0,12,0,0,0,0,0,0,2,10,0,12,0,0,0,12
10/30/2011,HEF,VA,AEA,EN,Towers with Radar,0,7,50,0,57,0,14,134,0,148,0,21,184,0,205,118,0,118,323
10/31/2011,HEF,VA,AEA,EN,Towers with Radar,0,0,35,1,36,0,12,68,1,81,0,12,103,2,117,174,0,174,291
11/01/2011,HEF,VA,AEA,EN,Towers with Radar,0,4,40,1,45,0,17,87,0,104,0,21,127,1,149,178,0,178,327
11/02/2011,HEF,VA,AEA,EN,Towers with Radar,0,8,65,0,73,0,13,107,1,121,0,21,172,1,194,116,0,116,310
11/03/2011,HEF,VA,AEA,EN,Towers with Radar,0,11,66,0,77,0,13,93,0,106,0,24,159,0,183,144,0,144,327
11/04/2011,HEF,VA,AEA,EN,Towers with Radar,0,11,60,0,71,0,8,41,1,50,0,19,101,1,121,32,0,32,153
11/05/2011,HEF,VA,AEA,EN,Towers with Radar,0,12,49,0,61,0,24,119,2,145,0,36,168,2,206,114,0,114,320
11/06/2011,HEF,VA,AEA,EN,Towers with Radar,0,9,62,0,71,0,28,125,2,155,0,37,187,2,226,160,0,160,386
11/07/2011,HEF,VA,AEA,EN,Towers with Radar,0,7,36,0,43,0,9,45,2,56,0,16,81,2,99,186,0,186,285
11/08/2011,HEF,VA,AEA,EN,Towers with Radar,0,6,41,0,47,0,18,92,0,110,0,24,133,0,157,162,0,162,319
11/09/2011,HEF,VA,AEA,EN,Towers with Radar,0,7,57,0,64,0,13,61,0,74,0,20,118,0,138,108,10,118,256
11/10/2011,HEF,VA,AEA,EN,Towers with Radar,0,6,56,0,62,0,9,15,0,24,0,15,71,0,86,8,0,8,94
11/11/2011,HEF,VA,AEA,EN,Towers with Radar,0,6,52,0,58,0,6,35,0,41,0,12,87,0,99,33,0,33,132
11/12/2011,HEF,VA,AEA,EN,Towers with Radar,0,5,35,0,40,0,26,99,0,125,0,31,134,0,165,166,0,166,331
11/13/2011,HEF,VA,AEA,EN,Towers with Radar,0,14,57,0,71,0,9,81,0,90,0,23,138,0,161,130,0,130,291
11/14/2011,HEF,VA,AEA,EN,Towers with Radar,0,13,41,0,54,0,17,40,0,57,0,30,81,0,111,106,0,106,217
11/15/2011,HEF,VA,AEA,EN,Towers with Radar,0,4,50,1,55,0,5,30,0,35,0,9,80,1,90,174,0,174,264
11/16/2011,HEF,VA,AEA,EN,Towers with Radar,0,5,54,0,59,0,0,0,0,0,0,5,54,0,59,0,0,0,59
11/17/2011,HEF,VA,AEA,EN,Towers with Radar,0,9,49,0,58,0,10,17,0,27,0,19,66,0,85,32,0,32,117
11/18/2011,HEF,VA,AEA,EN,Towers with Radar,0,6,79,0,85,0,20,128,2,150,0,26,207,2,235,102,0,102,337
11/19/2011,HEF,VA,AEA,EN,Towers with Radar,0,2,53,0,55,0,24,140,1,165,0,26,193,1,220,164,0,164,384
11/20/2011,HEF,VA,AEA,EN,Towers with Radar,2,2,49,0,53,0,28,131,1,160,2,30,180,1,213,151,0,151,364
11/21/2011,HEF,VA,AEA,EN,Towers with Radar,2,5,42,0,49,0,2,7,0,9,2,7,49,0,58,56,0,56,114
11/22/2011,HEF,VA,AEA,EN,Towers with Radar,0,4,23,0,27,0,0,0,0,0,0,4,23,0,27,0,0,0,27
11/23/2011,HEF,VA,AEA,EN,Towers with Radar,0,8,61,2,71,0,2,10,0,12,0,10,71,2,83,2,0,2,85
11/24/2011,HEF,VA,AEA,EN,Towers with Radar,0,1,26,0,27,0,2,34,0,36,0,3,60,0,63,26,0,26,89
11/25/2011,HEF,VA,AEA,EN,Towers with Radar,0,5,33,0,38,0,21,100,0,121,0,26,133,0,159,78,0,78,237
11/26/2011,HEF,VA,AEA,EN,Towers with Radar,0,6,51,0,57,0,32,141,1,174,0,38,192,1,231,180,0,180,411
11/27/2011,HEF,VA,AEA,EN,Towers with Radar,0,14,60,0,74,0,18,66,1,85,0,32,126,1,159,118,0,118,277
11/28/2011,HEF,VA,AEA,EN,Towers with Radar,0,8,28,0,36,0,19,31,0,50,0,27,59,0,86,0,0,0,86
11/29/2011,HEF,VA,AEA,EN,Towers with Radar,0,8,40,0,48,0,0,4,0,4,0,8,44,0,52,10,0,10,62
11/30/2011,HEF,VA,AEA,EN,Towers with Radar,0,2,40,0,42,0,7,59,0,66,0,9,99,0,108,88,0,88,196
12/01/2011,HEF,VA,AEA,EN,Towers with Radar,0,10,42,0,52,0,8,71,0,79,0,18,113,0,131,188,0,188,319
12/02/2011,HEF,VA,AEA,EN,Towers with Radar,0,6,42,0,48,0,22,107,0,129,0,28,149,0,177,150,0,150,327
12/03/2011,HEF,VA,AEA,EN,Towers with Radar,2,7,33,0,42,0,36,110,2,148,2,43,143,2,190,146,0,146,336
12/04/2011,HEF,VA,AEA,EN,Towers with Radar,0,2,54,0,56,0,26,136,0,162,0,28,190,0,218,240,0,240,458
12/05/2011,HEF,VA,AEA,EN,Towers with Radar,0,16,40,0,56,0,9,64,0,73,0,25,104,0,129,78,0,78,207
12/06/2011,HEF,VA,AEA,EN,Towers with Radar,0,5,44,0,49,0,0,1,0,1,0,5,45,0,50,0,0,0,50
12/07/2011,HEF,VA,AEA,EN,Towers with Radar,0,7,35,0,42,0,0,1,0,1,0,7,36,0,43,6,0,6,49
12/08/2011,HEF,VA,AEA,EN,Towers with Radar,0,9,48,0,57,0,8,54,4,66,0,17,102,4,123,134,0,134,257
12/09/2011,HEF,VA,AEA,EN,Towers with Radar,0,15,41,0,56,0,20,91,0,111,0,35,132,0,167,84,0,84,251
12/10/2011,HEF,VA,AEA,EN,Towers with Radar,0,7,31,0,38,0,10,69,0,79,0,17,100,0,117,202,0,202,319
12/11/2011,HEF,VA,AEA,EN,Towers with Radar,0,16,52,0,68,0,23,153,1,177,0,39,205,1,245,108,0,108,353
12/12/2011,HEF,VA,AEA,EN,Towers with Radar,0,13,39,0,52,0,10,63,0,73,0,23,102,0,125,100,0,100,225
12/13/2011,HEF,VA,AEA,EN,Towers with Radar,0,5,53,0,58,0,16,94,2,112,0,21,147,2,170,31,0,31,201
12/14/2011,HEF,VA,AEA,EN,Towers with Radar,0,13,52,1,66,0,13,51,0,64,0,26,103,1,130,86,0,86,216
12/15/2011,HEF,VA,AEA,EN,Towers with Radar,0,10,49,0,59,0,12,21,2,35,0,22,70,2,94,2,0,2,96
12/16/2011,HEF,VA,AEA,EN,Towers with Radar,2,15,41,0,58,0,20,54,0,74,2,35,95,0,132,48,0,48,180
12/17/2011,HEF,VA,AEA,EN,Towers with Radar,0,6,32,1,39,0,18,74,0,92,0,24,106,1,131,262,0,262,393
12/18/2011,HEF,VA,AEA,EN,Towers with Radar,0,2,33,0,35,0,19,79,0,98,0,21,112,0,133,236,0,236,369
12/19/2011,HEF,VA,AEA,EN,Towers with Radar,2,4,52,0,58,0,9,80,0,89,2,13,132,0,147,134,0,134,281
12/20/2011,HEF,VA,AEA,EN,Towers with Radar,0,5,25,0,30,1,12,58,2,73,1,17,83,2,103,166,0,166,269
12/21/2011,HEF,VA,AEA,EN,Towers with Radar,0,15,24,0,39,0,0,2,0,2,0,15,26,0,41,0,0,0,41
12/22/2011,HEF,VA,AEA,EN,Towers with Radar,0,9,47,0,56,0,15,79,0,94,0,24,126,0,150,100,0,100,250
12/23/2011,HEF,VA,AEA,EN,Towers with Radar,2,17,54,0,73,0,8,34,0,42,2,25,88,0,115,48,0,48,163
12/24/2011,HEF,VA,AEA,EN,Towers with Radar,0,4,22,0,26,0,10,50,0,60,0,14,72,0,86,38,0,38,124
12/25/2011,HEF,VA,AEA,EN,Towers with Radar,0,2,14,0,16,0,0,21,0,21,0,2,35,0,37,24,0,24,61
12/26/2011,HEF,VA,AEA,EN,Towers with Radar,0,15,62,2,79,0,17,66,0,83,0,32,128,2,162,56,0,56,218
12/27/2011,HEF,VA,AEA,EN,Towers with Radar,0,5,37,0,42,0,2,0,1,3,0,7,37,1,45,0,0,0,45
12/28/2011,HEF,VA,AEA,EN,Towers with Radar,0,7,39,0,46,0,10,13,0,23,0,17,52,0,69,20,0,20,89
12/29/2011,HEF,VA,AEA,EN,Towers with Radar,0,8,36,2,46,0,24,71,0,95,0,32,107,2,141,156,0,156,297
12/30/2011,HEF,VA,AEA,EN,Towers with Radar,0,9,29,0,38,0,28,111,0,139,0,37,140,0,177,120,0,120,297
12/31/2011,HEF,VA,AEA,EN,Towers with Radar,2,3,24,0,29,0,16,76,2,94,2,19,100,2,123,82,0,82,205
01/01/2012,HEF,VA,AEA,EN,Towers with Radar,0,4,38,0,42,0,0,49,2,51,0,4,87,2,93,48,0,48,141
01/02/2012,HEF,VA,AEA,EN,Towers with Radar,0,9,53,0,62,0,16,26,0,42,0,25,79,0,104,58,0,58,162
01/03/2012,HEF,VA,AEA,EN,Towers with Radar,0,4,20,0,24,0,4,15,0,19,0,8,35,0,43,12,0,12,55
01/04/2012,HEF,VA,AEA,EN,Towers with Radar,0,14,25,0,39,0,9,55,0,64,0,23,80,0,103,72,0,72,175
01/05/2012,HEF,VA,AEA,EN,Towers with Radar,0,11,34,0,45,0,11,67,0,78,0,22,101,0,123,136,0,136,259
01/06/2012,HEF,VA,AEA,EN,Towers with Radar,0,6,45,0,51,0,33,91,4,128,0,39,136,4,179,152,0,152,331
01/07/2012,HEF,VA,AEA,EN,Towers with Radar,0,9,32,0,41,0,31,134,2,167,0,40,166,2,208,206,0,206,414
01/08/2012,HEF,VA,AEA,EN,Towers with Radar,0,11,30,0,41,0,21,128,3,152,0,32,158,3,193,140,0,140,333
01/09/2012,HEF,VA,AEA,EN,Towers with Radar,0,12,20,0,32,0,2,17,1,20,0,14,37,1,52,74,0,74,126
01/10/2012,HEF,VA,AEA,EN,Towers with Radar,0,8,28,0,36,0,9,41,0,50,0,17,69,0,86,148,0,148,234
01/11/2012,HEF,VA,AEA,EN,Towers with Radar,0,7,18,0,25,0,4,12,0,16,0,11,30,0,41,48,0,48,89
01/12/2012,HEF,VA,AEA,EN,Towers with Radar,0,20,25,0,45,0,4,31,0,35,0,24,56,0,80,136,0,136,216
01/13/2012,HEF,VA,AEA,EN,Towers with Radar,0,3,27,0,30,0,2,18,1,21,0,5,45,1,51,2,0,2,53
01/14/2012,HEF,VA,AEA,EN,Towers with Radar,0,4,15,0,19,0,19,62,0,81,0,23,77,0,100,72,0,72,172
01/15/2012,HEF,VA,AEA,EN,Towers with Radar,0,7,29,0,36,0,12,77,0,89,0,19,106,0,125,156,0,156,281
01/16/2012,HEF,VA,AEA,EN,Towers with Radar,0,7,36,0,43,0,23,82,0,105,0,30,118,0,148,112,0,112,260
01/17/2012,HEF,VA,AEA,EN,Towers with Radar,0,5,37,0,42,0,4,11,0,15,0,9,48,0,57,6,0,6,63
01/18/2012,HEF,VA,AEA,EN,Towers with Radar,0,7,41,0,48,0,5,23,0,28,0,12,64,0,76,68,0,68,144
01/19/2012,HEF,VA,AEA,EN,Towers with Radar,0,5,51,0,56,0,8,61,0,69,0,13,112,0,125,70,0,70,195
01/20/2012,HEF,VA,AEA,EN,Towers with Radar,0,6,44,0,50,0,27,65,0,92,0,33,109,0,142,124,0,124,266
01/21/2012,HEF,VA,AEA,EN,Towers with Radar,0,4,6,0,10,0,0,1,0,1,0,4,7,0,11,0,0,0,11
01/22/2012,HEF,VA,AEA,EN,Towers with Radar,0,13,33,0,46,0,0,1,0,1,0,13,34,0,47,48,0,48,95
01/23/2012,HEF,VA,AEA,EN,Towers with Radar,0,3,23,0,26,0,0,2,0,2,0,3,25,0,28,0,0,0,28
01/24/2012,HEF,VA,AEA,EN,Towers with Radar,0,6,40,0,46,0,5,66,0,71,0,11,106,0,117,98,0,98,215
01/25/2012,HEF,VA,AEA,EN,Towers with Radar,0,3,48,0,51,0,14,87,0,101,0,17,135,0,152,210,0,210,362
01/26/2012,HEF,VA,AEA,EN,Towers with Radar,0,8,52,0,60,0,0,27,0,27,0,8,79,0,87,52,0,52,139
01/27/2012,HEF,VA,AEA,EN,Towers with Radar,0,11,35,0,46,0,6,13,0,19,0,17,48,0,65,80,0,80,145
01/28/2012,HEF,VA,AEA,EN,Towers with Radar,2,4,28,0,34,0,30,119,0,149,2,34,147,0,183,218,0,218,401
01/29/2012,HEF,VA,AEA,EN,Towers with Radar,2,4,43,1,50,0,26,72,0,98,2,30,115,1,148,150,0,150,298
01/30/2012,HEF,VA,AEA,EN,Towers with Radar,0,2,32,0,34,0,10,52,0,62,0,12,84,0,96,74,0,74,170
01/31/2012,HEF,VA,AEA,EN,Towers with Radar,0,9,49,0,58,0,16,72,0,88,0,25,121,0,146,244,0,244,390
02/01/2012,HEF,VA,AEA,EN,Towers with Radar,0,13,41,0,54,0,13,56,0,69,0,26,97,0,123,110,0,110,233
02/02/2012,HEF,VA,AEA,EN,Towers with Radar,0,3,46,0,49,0,6,20,1,27,0,9,66,1,76,52,0,52,128
02/03/2012,HEF,VA,AEA,EN,Towers with Radar,0,5,50,0,55,0,17,78,2,97,0,22,128,2,152,142,0,142,294
02/04/2012,HEF,VA,AEA,EN,Towers with Radar,0,2,24,0,26,0,18,104,0,122,0,20,128,0,148,212,0,212,360
02/05/2012,HEF,VA,AEA,EN,Towers with Radar,0,8,20,0,28,0,12,28,0,40,0,20,48,0,68,136,0,136,204
02/06/2012,HEF,VA,AEA,EN,Towers with Radar,0,14,29,0,43,0,7,43,0,50,0,21,72,0,93,135,0,135,228
02/07/2012,HEF,VA,AEA,EN,Towers with Radar,2,6,41,0,49,0,19,66,2,87,2,25,107,2,136,244,0,244,380
02/08/2012,HEF,VA,AEA,EN,Towers with Radar,0,4,40,0,44,0,5,11,0,16,0,9,51,0,60,48,0,48,108
02/09/2012,HEF,VA,AEA,EN,Towers with Radar,0,4,50,0,54,0,12,61,2,75,0,16,111,2,129,158,0,158,287
02/10/2012,HEF,VA,AEA,EN,Towers with Radar,2,9,51,0,62,0,18,100,3,121,2,27,151,3,183,132,0,132,315
02/11/2012,HEF,VA,AEA,EN,Towers with Radar,0,12,16,0,28,0,2,0,0,2,0,14,16,0,30,0,0,0,30
02/12/2012,HEF,VA,AEA,EN,Towers with Radar,0,9,33,0,42,0,2,22,0,24,0,11,55,0,66,0,0,0,66
02/13/2012,HEF,VA,AEA,EN,Towers with Radar,0,13,37,0,50,0,20,56,0,76,0,33,93,0,126,160,0,160,286
02/14/2012,HEF,VA,AEA,EN,Towers with Radar,0,4,28,0,32,0,3,47,0,50,0,7,75,0,82,138,0,138,220
02/15/2012,HEF,VA,AEA,EN,Towers with Radar,4,8,45,0,57,0,12,46,0,58,4,20,91,0,115,72,0,72,187
02/16/2012,HEF,VA,AEA,EN,Towers with Radar,0,18,54,0,72,0,4,23,0,27,0,22,77,0,99,6,0,6,105
02/17/2012,HEF,VA,AEA,EN,Towers with Radar,0,10,57,0,67,0,17,56,0,73,0,27,113,0,140,130,0,130,270
02/18/2012,HEF,VA,AEA,EN,Towers with Radar,2,4,35,1,42,0,14,132,0,146,2,18,167,1,188,254,0,254,442
02/19/2012,HEF,VA,AEA,EN,Towers with Radar,0,5,20,0,25,0,0,24,2,26,0,5,44,2,51,70,0,70,121
02/20/2012,HEF,VA,AEA,EN,Towers with Radar,0,10,41,0,51,0,31,98,0,129,0,41,139,0,180,88,0,88,268
02/21/2012,HEF,VA,AEA,EN,Towers with Radar,0,6,35,1,42,0,7,38,0,45,0,13,73,1,87,78,0,78,165
02/22/2012,HEF,VA,AEA,EN,Towers with Radar,0,6,36,0,42,0,12,69,0,81,0,18,105,0,123,0,0,0,123
02/23/2012,HEF,VA,AEA,EN,Towers with Radar,0,14,64,0,78,0,17,89,0,106,0,31,153,0,184,0,0,0,184
02/24/2012,HEF,VA,AEA,EN,Towers with Radar,2,5,41,0,48,0,6,11,1,18,2,11,52,1,66,0,0,0,66
02/25/2012,HEF,VA,AEA,EN,Towers with Radar,0,5,22,0,27,0,5,4,0,9,0,10,26,0,36,0,0,0,36
02/26/2012,HEF,VA,AEA,EN,Towers with Radar,0,11,57,0,68,0,27,168,1,196,0,38,225,1,264,0,0,0,264
02/27/2012,HEF,VA,AEA,EN,Towers with Radar,0,13,32,0,45,0,13,50,0,63,0,26,82,0,108,0,0,0,108
02/28/2012,HEF,VA,AEA,EN,Towers with Radar,0,6,45,1,52,0,9,73,0,82,0,15,118,1,134,0,0,0,134
02/29/2012,HEF,VA,AEA,EN,Towers with Radar,0,6,28,1,35,0,0,2,0,2,0,6,30,1,37,8,0,8,45
03/01/2012,HEF,VA,AEA,EN,Towers with Radar,0,17,51,0,68,0,10,58,2,70,0,27,109,2,138,102,0,102,240
03/02/2012,HEF,VA,AEA,EN,Towers with Radar,0,10,47,0,57,0,16,62,0,78,0,26,109,0,135,70,0,70,205
03/03/2012,HEF,VA,AEA,EN,Towers with Radar,0,14,12,0,26,0,15,31,0,46,0,29,43,0,72,60,0,60,132
03/04/2012,HEF,VA,AEA,EN,Towers with Radar,0,6,46,0,52,0,32,59,0,91,0,38,105,0,143,178,0,178,321
03/05/2012,HEF,VA,AEA,EN,Towers with Radar,0,5,32,0,37,0,7,15,0,22,0,12,47,0,59,10,0,10,69
03/06/2012,HEF,VA,AEA,EN,Towers with Radar,0,9,53,0,62,0,16,77,0,93,0,25,130,0,155,112,0,112,267
03/07/2012,HEF,VA,AEA,EN,Towers with Radar,0,8,66,0,74,0,18,68,0,86,0,26,134,0,160,72,0,72,232
03/08/2012,HEF,VA,AEA,EN,Towers with Radar,0,16,53,0,69,0,8,14,0,22,0,24,67,0,91,16,0,16,107
03/09/2012,HEF,VA,AEA,EN,Towers with Radar,0,13,46,0,59,0,18,18,0,36,0,31,64,0,95,16,2,18,113
03/10/2012,HEF,VA,AEA,EN,Towers with Radar,0,5,47,0,52,0,25,118,0,143,0,30,165,0,195,204,0,204,399
03/11/2012,HEF,VA,AEA,EN,Towers with Radar,0,16,50,0,66,0,31,121,0,152,0,47,171,0,218,168,0,168,386
03/12/2012,HEF,VA,AEA,EN,Towers with Radar,0,5,40,0,45,0,13,47,2,62,0,18,87,2,107,191,0,191,298
03/13/2012,HEF,VA,AEA,EN,Towers with Radar,0,4,37,0,41,0,8,54,1,63,0,12,91,1,104,92,0,92,196
03/14/2012,HEF,VA,AEA,EN,Towers with Radar,0,6,44,0,50,0,14,78,4,96,0,20,122,4,146,162,0,162,308
03/15/2012,HEF,VA,AEA,EN,Towers with Radar,0,7,51,0,58,0,6,68,0,74,0,13,119,0,132,122,0,122,254
03/16/2012,HEF,VA,AEA,EN,Towers with Radar,0,18,44,0,62,0,2,13,0,15,0,20,57,0,77,52,4,56,133
03/17/2012,HEF,VA,AEA,EN,Towers with Radar,0,4,40,0,44,0,24,117,0,141,0,28,157,0,185,222,0,222,407
03/18/2012,HEF,VA,AEA,EN,Towers with Radar,0,10,72,1,83,0,1,33,1,35,0,11,105,2,118,164,0,164,282
03/19/2012,HEF,VA,AEA,EN,Towers with Radar,0,14,34,2,50,0,20,49,1,70,0,34,83,3,120,214,0,214,334
03/20/2012,HEF,VA,AEA,EN,Towers with Radar,0,9,52,0,61,0,2,25,0,27,0,11,77,0,88,120,0,120,208
03/21/2012,HEF,VA,AEA,EN,Towers with Radar,0,9,69,0,78,0,6,6,0,12,0,15,75,0,90,0,0,0,90
03/22/2012,HEF,VA,AEA,EN,Towers with Radar,0,19,61,1,81,0,9,24,0,33,0,28,85,1,114,110,0,110,224
03/23/2012,HEF,VA,AEA,EN,Towers with Radar,0,6,52,0,58,0,13,97,2,112,0,19,149,2,170,174,0,174,344
03/24/2012,HEF,VA,AEA,EN,Towers with Radar,0,1,27,0,28,0,0,1,0,1,0,1,28,0,29,0,0,0,29
03/25/2012,HEF,VA,AEA,EN,Towers with Radar,0,9,62,1,72,0,0,2,0,2,0,9,64,1,74,16,0,16,90
03/26/2012,HEF,VA,AEA,EN,Towers with Radar,0,2,41,0,43,0,10,22,0,32,0,12,63,0,75,28,0,28,103
03/27/2012,HEF,VA,AEA,EN,Towers with Radar,0,7,45,1,53,0,14,96,0,110,0,21,141,1,163,190,0,190,353
03/28/2012,HEF,VA,AEA,EN,Towers with Radar,0,10,47,0,57,0,6,27,2,35,0,16,74,2,92,74,0,74,166
03/29/2012,HEF,VA,AEA,EN,Towers with Radar,1,8,55,0,64,0,16,42,0,58,1,24,97,0,122,48,0,48,170
03/30/2012,HEF,VA,AEA,EN,Towers with Radar,0,14,50,0,64,0,11,86,0,97,0,25,136,0,161,96,0,96,257
03/31/2012,HEF,VA,AEA,EN,Towers with Radar,0,15,39,0,54,0,17,62,0,79,0,32,101,0,133,222,0,222,355
04/01/2012,HEF,VA,AEA,EN,Towers with Radar,0,19,60,0,79,0,8,63,0,71,0,27,123,0,150,350,0,350,500
04/02/2012,HEF,VA,AEA,EN,Towers with Radar,0,5,39,0,44,0,14,27,2,43,0,19,66,2,87,50,0,50,137
04/03/2012,HEF,VA,AEA,EN,Towers with Radar,0,4,51,0,55,0,19,83,0,102,0,23,134,0,157,224,0,224,381
04/04/2012,HEF,VA,AEA,EN,Towers with Radar,0,7,38,0,45,0,5,47,0,52,0,12,85,0,97,120,0,120,217
04/05/2012,HEF,VA,AEA,EN,Towers with Radar,1,9,53,0,63,0,14,74,0,88,1,23,127,0,151,82,0,82,233
04/06/2012,HEF,VA,AEA,EN,Towers with Radar,0,9,51,0,60,0,16,62,3,81,0,25,113,3,141,128,0,128,269
04/07/2012,HEF,VA,AEA,EN,Towers with Radar,0,7,49,0,56,0,13,115,3,131,0,20,164,3,187,214,0,214,401
04/08/2012,HEF,VA,AEA,EN,Towers with Radar,0,10,35,0,45,0,12,61,1,74,0,22,96,1,119,108,0,108,227
04/09/2012,HEF,VA,AEA,EN,Towers with Radar,0,9,36,0,45,0,9,25,0,34,0,18,61,0,79,22,0,22,101
04/10/2012,HEF,VA,AEA,EN,Towers with Radar,0,16,34,0,50,0,2,28,0,30,0,18,62,0,80,74,0,74,154
04/11/2012,HEF,VA,AEA,EN,Towers with Radar,0,8,48,0,56,0,7,30,0,37,0,15,78,0,93,76,0,76,169
04/12/2012,HEF,VA,AEA,EN,Towers with Radar,0,7,43,0,50,0,3,51,0,54,0,10,94,0,104,148,0,148,252
04/13/2012,HEF,VA,AEA,EN,Towers with Radar,0,9,66,0,75,0,18,104,0,122,0,27,170,0,197,168,0,168,365
04/14/2012,HEF,VA,AEA,EN,Towers with Radar,0,7,37,1,45,0,35,126,2,163,0,42,163,3,208,214,0,214,422
04/15/2012,HEF,VA,AEA,EN,Towers with Radar,0,11,55,1,67,0,32,102,2,136,0,43,157,3,203,152,0,152,355
04/16/2012,HEF,VA,AEA,EN,Towers with Radar,0,4,56,0,60,0,18,56,0,74,0,22,112,0,134,36,0,36,170
04/17/2012,HEF,VA,AEA,EN,Towers with Radar,0,8,48,0,56,0,2,41,2,45,0,10,89,2,101,60,0,60,161
04/18/2012,HEF,VA,AEA,EN,Towers with Radar,0,8,42,0,50,0,4,8,0,12,0,12,50,0,62,42,0,42,104
04/19/2012,HEF,VA,AEA,EN,Towers with Radar,0,22,57,0,79,0,14,68,0,82,0,36,125,0,161,164,0,164,325
04/20/2012,HEF,VA,AEA,EN,Towers with Radar,0,15,49,0,64,0,8,78,0,86,0,23,127,0,150,150,6,156,306
04/21/2012,HEF,VA,AEA,EN,Towers with Radar,0,5,27,0,32,0,18,71,0,89,0,23,98,0,121,128,0,128,249
04/22/2012,HEF,VA,AEA,EN,Towers with Radar,0,12,31,0,43,0,0,2,0,2,0,12,33,0,45,0,0,0,45
04/23/2012,HEF,VA,AEA,EN,Towers with Radar,0,3,30,0,33,0,0,13,0,13,0,3,43,0,46,24,0,24,70
04/24/2012,HEF,VA,AEA,EN,Towers with Radar,0,11,55,0,66,0,9,27,0,36,0,20,82,0,102,10,0,10,112
04/25/2012,HEF,VA,AEA,EN,Towers with Radar,0,8,35,0,43,0,14,76,0,90,0,22,111,0,133,70,0,70,203
04/26/2012,HEF,VA,AEA,EN,Towers with Radar,0,10,52,0,62,0,0,10,0,10,0,10,62,0,72,114,0,114,186
04/27/2012,HEF,VA,AEA,EN,Towers with Radar,0,20,56,0,76,0,21,56,6,83,0,41,112,6,159,58,0,58,217
04/28/2012,HEF,VA,AEA,EN,Towers with Radar,1,12,30,0,43,0,28,85,4,117,1,40,115,4,160,204,0,204,364
04/29/2012,HEF,VA,AEA,EN,Towers with Radar,0,23,53,1,77,0,37,102,4,143,0,60,155,5,220,170,0,170,390
04/30/2012,HEF,VA,AEA,EN,Towers with Radar,0,7,36,0,43,0,5,28,4,37,0,12,64,4,80,322,0,322,402
05/01/2012,HEF,VA,AEA,EN,Towers with Radar,0,14,50,0,64,0,16,38,5,59,0,30,88,5,123,98,0,98,221
05/02/2012,HEF,VA,AEA,EN,Towers with Radar,0,8,41,0,49,0,16,27,4,47,0,24,68,4,96,106,0,106,202
05/03/2012,HEF,VA,AEA,EN,Towers with Radar,0,5,51,0,56,0,5,38,5,48,0,10,89,5,104,122,0,122,226
05/04/2012,HEF,VA,AEA,EN,Towers with Radar,0,14,47,1,62,0,7,58,6,71,0,21,105,7,133,124,0,124,257
05/05/2012,HEF,VA,AEA,EN,Towers with Radar,0,6,35,0,41,0,27,63,4,94,0,33,98,4,135,232,0,232,367
05/06/2012,HEF,VA,AEA,EN,Towers with Radar,0,10,80,0,90,0,5,25,2,32,0,15,105,2,122,238,0,238,360
05/07/2012,HEF,VA,AEA,EN,Towers with Radar,0,8,55,1,64,0,11,43,8,62,0,19,98,9,126,92,0,92,218
05/08/2012,HEF,VA,AEA,EN,Towers with Radar,0,12,66,0,78,0,10,28,11,49,0,22,94,11,127,107,0,107,234
05/09/2012,HEF,VA,AEA,EN,Towers with Radar,0,11,54,0,65,0,10,27,6,43,0,21,81,6,108,120,0,120,228
05/10/2012,HEF,VA,AEA,EN,Towers with Radar,0,5,64,0,69,0,6,51,0,57,0,11,115,0,126,58,0,58,184
05/11/2012,HEF,VA,AEA,EN,Towers with Radar,0,10,67,0,77,0,12,113,9,134,0,22,180,9,211,134,0,134,345
05/12/2012,HEF,VA,AEA,EN,Towers with Radar,0,1,42,0,43,0,0,94,2,96,0,1,136,2,139,82,0,82,221
05/13/2012,HEF,VA,AEA,EN,Towers with Radar,0,8,52,0,60,0,23,94,1,118,0,31,146,1,178,196,0,196,374
05/14/2012,HEF,VA,AEA,EN,Towers with Radar,0,4,40,0,44,0,0,1,0,1,0,4,41,0,45,0,0,0,45
05/15/2012,HEF,VA,AEA,EN,Towers with Radar,0,10,48,0,58,0,10,27,0,37,0,20,75,0,95,114,0,114,209
05/16/2012,HEF,VA,AEA,EN,Towers with Radar,0,11,81,3,95,0,13,70,3,86,0,24,151,6,181,96,0,96,277
05/17/2012,HEF,VA,AEA,EN,Towers with Radar,0,6,76,0,82,0,17,79,2,98,0,23,155,2,180,206,0,206,386
05/18/2012,HEF,VA,AEA,EN,Towers with Radar,0,4,56,0,60,0,29,95,3,127,0,33,151,3,187,138,0,138,325
05/19/2012,HEF,VA,AEA,EN,Towers with Radar,0,2,54,0,56,0,31,118,3,152,0,33,172,3,208,142,0,142,350
05/20/2012,HEF,VA,AEA,EN,Towers with Radar,0,7,55,0,62,0,25,105,1,131,0,32,160,1,193,142,0,142,335
05/21/2012,HEF,VA,AEA,EN,Towers with Radar,0,8,54,3,65,0,0,1,0,1,0,8,55,3,66,0,0,0,66
05/22/2012,HEF,VA,AEA,EN,Towers with Radar,0,12,38,1,51,0,11,14,0,25,0,23,52,1,76,74,0,74,150
05/23/2012,HEF,VA,AEA,EN,Towers with Radar,0,10,51,0,61,0,8,37,0,45,0,18,88,0,106,130,0,130,236
05/24/2012,HEF,VA,AEA,EN,Towers with Radar,0,13,54,0,67,0,10,39,0,49,0,23,93,0,116,120,0,120,236
05/25/2012,HEF,VA,AEA,EN,Towers with Radar,0,22,91,0,113,0,7,62,0,69,0,29,153,0,182,124,0,124,306
05/26/2012,HEF,VA,AEA,EN,Towers with Radar,0,13,55,0,68,0,23,68,0,91,0,36,123,0,159,216,0,216,375
05/27/2012,HEF,VA,AEA,EN,Towers with Radar,0,1,29,0,30,0,25,85,0,110,0,26,114,0,140,110,0,110,250
05/28/2012,HEF,VA,AEA,EN,Towers with Radar,0,6,45,0,51,0,24,84,2,110,0,30,129,2,161,108,0,108,269
05/29/2012,HEF,VA,AEA,EN,Towers with Radar,0,5,28,0,33,0,15,41,1,57,0,20,69,1,90,82,0,82,172
05/30/2012,HEF,VA,AEA,EN,Towers with Radar,0,9,51,0,60,0,6,59,1,66,0,15,110,1,126,112,0,112,238
05/31/2012,HEF,VA,AEA,EN,Towers with Radar,0,6,67,0,73,0,13,98,2,113,0,19,165,2,186,198,0,198,384
06/01/2012,HEF,VA,AEA,EN,Towers with Radar,0,12,50,2,64,0,9,32,0,41,0,21,82,2,105,66,0,66,171
06/02/2012,HEF,VA,AEA,EN,Towers with Radar,0,2,50,0,52,0,14,87,0,101,0,16,137,0,153,116,0,116,269
06/03/2012,HEF,VA,AEA,EN,Towers with Radar,0,9,44,1,54,0,21,86,0,107,0,30,130,1,161,98,0,98,259
06/04/2012,HEF,VA,AEA,EN,Towers with Radar,0,7,47,0,54,0,18,55,0,73,0,25,102,0,127,118,0,118,245
06/05/2012,HEF,VA,AEA,EN,Towers with Radar,0,7,60,1,68,0,20,33,0,53,0,27,93,1,121,295,0,295,416
06/06/2012,HEF,VA,AEA,EN,Towers with Radar,0,12,68,1,81,0,8,62,2,72,0,20,130,3,153,218,0,218,371
06/07/2012,HEF,VA,AEA,EN,Towers with Radar,0,12,55,0,67,0,15,64,2,81,0,27,119,2,148,156,0,156,304
06/08/2012,HEF,VA,AEA,EN,Towers with Radar,0,13,50,0,63,0,20,110,0,130,0,33,160,0,193,148,0,148,341
06/09/2012,HEF,VA,AEA,EN,Towers with Radar,0,5,38,2,45,0,36,148,0,184,0,41,186,2,229,286,0,286,515
06/10/2012,HEF,VA,AEA,EN,Towers with Radar,0,11,50,0,61,0,25,91,2,118,0,36,141,2,179,112,0,112,291
06/11/2012,HEF,VA,AEA,EN,Towers with Radar,0,14,47,0,61,0,18,62,0,80,0,32,109,0,141,82,0,82,223
06/12/2012,HEF,VA,AEA,EN,Towers with Radar,0,7,28,0,35,0,0,2,0,2,0,7,30,0,37,0,0,0,37
06/13/2012,HEF,VA,AEA,EN,Towers with Radar,0,10,58,4,72,0,7,38,0,45,0,17,96,4,117,94,0,94,211
06/14/2012,HEF,VA,AEA,EN,Towers with Radar,0,12,50,0,62,0,8,72,0,80,0,20,122,0,142,140,0,140,282
06/15/2012,HEF,VA,AEA,EN,Towers with Radar,0,8,71,2,81,0,24,91,0,115,0,32,162,2,196,148,0,148,344
06/16/2012,HEF,VA,AEA,EN,Towers with Radar,0,12,40,0,52,0,28,111,0,139,0,40,151,0,191,154,0,154,345
06/17/2012,HEF,VA,AEA,EN,Towers with Radar,0,8,57,0,65,0,20,110,0,130,0,28,167,0,195,222,0,222,417
06/18/2012,HEF,VA,AEA,EN,Towers with Radar,0,6,50,2,58,0,1,3,2,6,0,7,53,4,64,64,0,64,128
06/19/2012,HEF,VA,AEA,EN,Towers with Radar,0,7,45,0,52,0,9,61,0,70,0,16,106,0,122,146,0,146,268
06/20/2012,HEF,VA,AEA,EN,Towers with Radar,0,4,58,0,62,0,11,89,0,100,0,15,147,0,162,134,0,134,296
06/21/2012,HEF,VA,AEA,EN,Towers with Radar,0,13,47,0,60,0,10,68,0,78,0,23,115,0,138,202,6,208,346
06/22/2012,HEF,VA,AEA,EN,Towers with Radar,0,8,57,0,65,0,14,53,0,67,0,22,110,0,132,68,0,68,200
06/23/2012,HEF,VA,AEA,EN,Towers with Radar,0,4,43,0,47,0,22,104,0,126,0,26,147,0,173,284,0,284,457
06/24/2012,HEF,VA,AEA,EN,Towers with Radar,0,6,48,0,54,0,21,85,2,108,0,27,133,2,162,230,0,230,392
06/25/2012,HEF,VA,AEA,EN,Towers with Radar,0,13,44,0,57,0,8,47,0,55,0,21,91,0,112,108,0,108,220
06/26/2012,HEF,VA,AEA,EN,Towers with Radar,0,2,47,0,49,0,11,57,0,68,0,13,104,0,117,178,0,178,295
06/27/2012,HEF,VA,AEA,EN,Towers with Radar,0,15,59,1,75,0,14,83,1,98,0,29,142,2,173,158,0,158,331
06/28/2012,HEF,VA,AEA,EN,Towers with Radar,0,9,51,0,60,0,10,88,1,99,0,19,139,1,159,212,0,212,371
06/29/2012,HEF,VA,AEA,EN,Towers with Radar,0,5,53,0,58,0,11,72,2,85,0,16,125,2,143,144,0,144,287
06/30/2012,HEF,VA,AEA,EN,Towers with Radar,0,3,39,0,42,0,23,71,1,95,0,26,110,1,137,276,0,276,413
07/01/2012,HEF,VA,AEA,EN,Towers with Radar,0,5,29,0,34,0,18,60,3,81,0,23,89,3,115,118,0,118,233
07/02/2012,HEF,VA,AEA,EN,Towers with Radar,0,3,30,0,33,0,16,58,0,74,0,19,88,0,107,72,0,72,179
07/03/2012,HEF,VA,AEA,EN,Towers with Radar,0,6,32,0,38,0,18,61,1,80,0,24,93,1,118,252,0,252,370
07/04/2012,HEF,VA,AEA,EN,Towers with Radar,0,7,23,0,30,0,2,64,3,69,0,9,87,3,99,88,0,88,187
07/05/2012,HEF,VA,AEA,EN,Towers with Radar,0,3,22,0,25,0,14,63,0,77,0,17,85,0,102,114,0,114,216
07/06/2012,HEF,VA,AEA,EN,Towers with Radar,0,7,26,0,33,0,17,51,1,69,0,24,77,1,102,94,0,94,196
07/07/2012,HEF,VA,AEA,EN,Towers with Radar,0,6,35,0,41,0,28,57,0,85,0,34,92,0,126,166,0,166,292
07/08/2012,HEF,VA,AEA,EN,Towers with Radar,0,13,54,0,67,0,5,67,0,72,0,18,121,0,139,145,0,145,284
07/09/2012,HEF,VA,AEA,EN,Towers with Radar,0,6,42,0,48,0,8,32,0,40,0,14,74,0,88,84,0,84,172
07/10/2012,HEF,VA,AEA,EN,Towers with Radar,0,6,40,0,46,0,13,62,0,75,0,19,102,0,121,172,0,172,293
07/11/2012,HEF,VA,AEA,EN,Towers with Radar,0,5,49,2,56,0,12,68,0,80,0,17,117,2,136,106,0,106,242
07/12/2012,HEF,VA,AEA,EN,Towers with Radar,0,4,39,0,43,0,4,83,2,89,0,8,122,2,132,114,0,114,246
07/13/2012,HEF,VA,AEA,EN,Towers with Radar,0,5,58,0,63,0,7,69,1,77,0,12,127,1,140,134,0,134,274
07/14/2012,HEF,VA,AEA,EN,Towers with Radar,0,3,32,0,35,0,9,42,0,51,0,12,74,0,86,92,0,92,178
07/15/2012,HEF,VA,AEA,EN,Towers with Radar,0,9,66,0,75,0,14,44,0,58,0,23,110,0,133,114,0,114,247
07/16/2012,HEF,VA,AEA,EN,Towers with Radar,0,9,52,0,61,0,28,52,0,80,0,37,104,0,141,88,0,88,229
07/17/2012,HEF,VA,AEA,EN,Towers with Radar,0,9,39,0,48,0,19,64,0,83,0,28,103,0,131,156,0,156,287
07/18/2012,HEF,VA,AEA,EN,Towers with Radar,0,13,45,0,58,0,17,60,3,80,0,30,105,3,138,82,10,92,230
07/19/2012,HEF,VA,AEA,EN,Towers with Radar,0,8,43,0,51,0,16,69,0,85,0,24,112,0,136,150,0,150,286
07/20/2012,HEF,VA,AEA,EN,Towers with Radar,0,15,38,0,53,0,4,10,0,14,0,19,48,0,67,28,0,28,95
07/21/2012,HEF,VA,AEA,EN,Towers with Radar,0,14,58,0,72,0,0,0,0,0,0,14,58,0,72,0,0,0,72
07/22/2012,HEF,VA,AEA,EN,Towers with Radar,0,11,55,0,66,0,0,27,0,27,0,11,82,0,93,156,0,156,249
07/23/2012,HEF,VA,AEA,EN,Towers with Radar,0,10,36,0,46,0,14,47,2,63,0,24,83,2,109,120,0,120,229
07/24/2012,HEF,VA,AEA,EN,Towers with Radar,0,7,41,0,48,0,5,55,0,60,0,12,96,0,108,62,0,62,170
07/25/2012,HEF,VA,AEA,EN,Towers with Radar,0,9,55,0,64,0,10,90,2,102,0,19,145,2,166,112,0,112,278
07/26/2012,HEF,VA,AEA,EN,Towers with Radar,0,6,50,0,56,0,11,61,1,73,0,17,111,1,129,136,0,136,265
07/27/2012,HEF,VA,AEA,EN,Towers with Radar,0,9,46,0,55,0,13,56,0,69,0,22,102,0,124,124,0,124,248
07/28/2012,HEF,VA,AEA,EN,Towers with Radar,0,5,25,0,30,0,10,89,0,99,0,15,114,0,129,122,22,144,273
07/29/2012,HEF,VA,AEA,EN,Towers with Radar,0,12,60,0,72,0,16,103,0,119,0,28,163,0,191,127,0,127,318
07/30/2012,HEF,VA,AEA,EN,Towers with Radar,0,4,35,0,39,0,19,39,0,58,0,23,74,0,97,96,0,96,193
07/31/2012,HEF,VA,AEA,EN,Towers with Radar,0,11,40,0,51,0,0,32,0,32,0,11,72,0,83,198,0,198,281
08/01/2012,HEF,VA,AEA,EN,Towers with Radar,0,11,50,0,61,0,10,33,2,45,0,21,83,2,106,70,0,70,176
08/02/2012,HEF,VA,AEA,EN,Towers with Radar,0,8,44,0,52,0,25,53,0,78,0,33,97,0,130,110,0,110,240
08/03/2012,HEF,VA,AEA,EN,Towers with Radar,0,9,49,0,58,0,15,48,2,65,0,24,97,2,123,172,0,172,295
08/04/2012,HEF,VA,AEA,EN,Towers with Radar,0,4,50,0,54,0,16,84,1,101,0,20,134,1,155,138,0,138,293
08/05/2012,HEF,VA,AEA,EN,Towers with Radar,0,10,43,0,53,0,13,40,0,53,0,23,83,0,106,24,0,24,130
08/06/2012,HEF,VA,AEA,EN,Towers with Radar,0,6,42,0,48,0,3,45,1,49,0,9,87,1,97,194,0,194,291
08/07/2012,HEF,VA,AEA,EN,Towers with Radar,0,8,38,0,46,0,22,79,0,101,0,30,117,0,147,152,0,152,299
08/08/2012,HEF,VA,AEA,EN,Towers with Radar,0,10,41,0,51,0,5,50,0,55,0,15,91,0,106,128,4,132,238
08/09/2012,HEF,VA,AEA,EN,Towers with Radar,0,5,37,0,42,0,23,55,0,78,0,28,92,0,120,166,0,166,286
08/10/2012,HEF,VA,AEA,EN,Towers with Radar,0,8,35,0,43,0,2,17,0,19,0,10,52,0,62,24,0,24,86
08/11/2012,HEF,VA,AEA,EN,Towers with Radar,0,3,42,0,45,0,17,72,1,90,0,20,114,1,135,156,0,156,291
08/12/2012,HEF,VA,AEA,EN,Towers with Radar,0,9,50,0,59,0,16,124,1,141,0,25,174,1,200,148,2,150,350
08/13/2012,HEF,VA,AEA,EN,Towers with Radar,0,8,27,0,35,0,22,75,0,97,0,30,102,0,132,168,0,168,300
08/14/2012,HEF,VA,AEA,EN,Towers with Radar,0,11,47,0,58,0,10,32,1,43,0,21,79,1,101,192,0,192,293
08/15/2012,HEF,VA,AEA,EN,Towers with Radar,0,9,38,0,47,0,12,58,2,72,0,21,96,2,119,158,0,158,277
08/16/2012,HEF,VA,AEA,EN,Towers with Radar,0,7,53,1,61,0,19,102,1,122,0,26,155,2,183,188,0,188,371
08/17/2012,HEF,VA,AEA,EN,Towers with Radar,0,13,28,0,41,0,1,49,0,50,0,14,77,0,91,150,0,150,241
08/18/2012,HEF,VA,AEA,EN,Towers with Radar,0,6,42,0,48,0,31,101,0,132,0,37,143,0,180,236,0,236,416
08/19/2012,HEF,VA,AEA,EN,Towers with Radar,0,11,51,0,62,0,9,34,0,43,0,20,85,0,105,162,0,162,267
08/20/2012,HEF,VA,AEA,EN,Towers with Radar,0,15,35,0,50,0,15,16,0,31,0,30,51,0,81,92,0,92,173
08/21/2012,HEF,VA,AEA,EN,Towers with Radar,0,6,49,0,55,0,22,54,0,76,0,28,103,0,131,182,0,182,313
08/22/2012,HEF,VA,AEA,EN,Towers with Radar,0,15,50,0,65,0,22,72,0,94,0,37,122,0,159,74,0,74,233
08/23/2012,HEF,VA,AEA,EN,Towers with Radar,0,7,51,0,58,0,17,99,3,119,0,24,150,3,177,144,0,144,321
08/24/2012,HEF,VA,AEA,EN,Towers with Radar,0,8,45,2,55,0,18,79,0,97,0,26,124,2,152,200,0,200,352
08/25/2012,HEF,VA,AEA,EN,Towers with Radar,0,6,17,0,23,0,17,44,0,61,0,23,61,0,84,68,0,68,152
08/26/2012,HEF,VA,AEA,EN,Towers with Radar,0,5,34,0,39,0,0,5,0,5,0,5,39,0,44,36,0,36,80
08/27/2012,HEF,VA,AEA,EN,Towers with Radar,0,3,22,0,25,0,9,55,0,64,0,12,77,0,89,96,0,96,185
08/28/2012,HEF,VA,AEA,EN,Towers with Radar,0,3,29,0,32,0,19,58,0,77,0,22,87,0,109,132,0,132,241
08/29/2012,HEF,VA,AEA,EN,Towers with Radar,0,6,34,0,40,0,24,88,0,112,0,30,122,0,152,170,0,170,322
08/30/2012,HEF,VA,AEA,EN,Towers with Radar,0,7,43,0,50,0,19,63,2,84,0,26,106,2,134,98,0,98,232
08/31/2012,HEF,VA,AEA,EN,Towers with Radar,0,10,52,0,62,0,12,75,1,88,0,22,127,1,150,206,0,206,356
09/01/2012,HEF,VA,AEA,EN,Towers with Radar,0,15,34,1,50,0,24,59,2,85,0,39,93,3,135,286,0,286,421
09/02/2012,HEF,VA,AEA,EN,Towers with Radar,0,6,32,0,38,0,4,26,0,30,0,10,58,0,68,90,0,90,158
09/03/2012,HEF,VA,AEA,EN,Towers with Radar,0,11,41,0,52,0,3,22,0,25,0,14,63,0,77,70,0,70,147
09/04/2012,HEF,VA,AEA,EN,Towers with Radar,0,5,45,0,50,0,4,15,0,19,0,9,60,0,69,84,0,84,153
09/05/2012,HEF,VA,AEA,EN,Towers with Radar,0,10,33,0,43,0,10,32,0,42,0,20,65,0,85,160,0,160,245
09/06/2012,HEF,VA,AEA,EN,Towers with Radar,0,17,65,2,84,0,8,37,0,45,0,25,102,2,129,70,0,70,199
09/07/2012,HEF,VA,AEA,EN,Towers with Radar,0,0,12,0,12,0,0,6,0,6,0,0,18,0,18,222,0,222,240
09/08/2012,HEF,VA,AEA,EN,Towers with Radar,0,7,21,0,28,0,7,36,1,44,0,14,57,1,72,100,0,100,172
09/09/2012,HEF,VA,AEA,EN,Towers with Radar,0,12,57,0,69,0,23,135,4,162,0,35,192,4,231,218,0,218,449
09/10/2012,HEF,VA,AEA,EN,Towers with Radar,0,10,48,0,58,0,21,37,0,58,0,31,85,0,116,138,0,138,254
09/11/2012,HEF,VA,AEA,EN,Towers with Radar,0,5,51,0,56,0,18,92,0,110,0,23,143,0,166,154,0,154,320
09/12/2012,HEF,VA,AEA,EN,Towers with Radar,0,8,61,0,69,0,7,79,4,90,0,15,140,4,159,78,0,78,237
09/13/2012,HEF,VA,AEA,EN,Towers with Radar,0,9,56,0,65,0,2,58,1,61,0,11,114,1,126,166,2,168,294
09/14/2012,HEF,VA,AEA,EN,Towers with Radar,0,8,54,0,62,0,11,70,1,82,0,19,124,1,144,82,0,82,226
09/15/2012,HEF,VA,AEA,EN,Towers with Radar,0,7,36,0,43,0,25,85,0,110,0,32,121,0,153,164,0,164,317
09/16/2012,HEF,VA,AEA,EN,Towers with Radar,0,8,48,0,56,0,21,96,1,118,0,29,144,1,174,228,0,228,402
09/17/2012,HEF,VA,AEA,EN,Towers with Radar,0,9,42,0,51,0,8,25,1,34,0,17,67,1,85,188,0,188,273
09/18/2012,HEF,VA,AEA,EN,Towers with Radar,0,1,30,0,31,0,0,0,0,0,0,1,30,0,31,0,0,0,31
09/19/2012,HEF,VA,AEA,EN,Towers with Radar,0,3,62,0,65,0,15,57,0,72,0,18,119,0,137,108,0,108,245
09/20/2012,HEF,VA,AEA,EN,Towers with Radar,0,10,61,0,71,0,16,80,2,98,0,26,141,2,169,0,0,0,169
09/21/2012,HEF,VA,AEA,EN,Towers with Radar,0,6,47,0,53,0,7,48,0,55,0,13,95,0,108,0,0,0,108
09/22/2012,HEF,VA,AEA,EN,Towers with Radar,0,8,38,0,46,0,19,81,1,101,0,27,119,1,147,156,0,156,303
09/23/2012,HEF,VA,AEA,EN,Towers with Radar,0,6,45,0,51,0,32,67,0,99,0,38,112,0,150,0,0,0,150
09/24/2012,HEF,VA,AEA,EN,Towers with Radar,0,7,59,0,66,0,13,41,0,54,0,20,100,0,120,108,0,108,228
09/25/2012,HEF,VA,AEA,EN,Towers with Radar,0,4,47,1,52,0,11,62,0,73,0,15,109,1,125,170,0,170,295
09/26/2012,HEF,VA,AEA,EN,Towers with Radar,0,11,39,1,51,0,16,38,2,56,0,27,77,3,107,122,0,122,229
09/27/2012,HEF,VA,AEA,EN,Towers with Radar,0,17,37,0,54,0,11,41,0,52,0,28,78,0,106,88,0,88,194
09/28/2012,HEF,VA,AEA,EN,Towers with Radar,0,11,57,0,68,0,7,30,3,40,0,18,87,3,108,82,0,82,190
09/29/2012,HEF,VA,AEA,EN,Towers with Radar,0,8,41,0,49,0,11,103,1,115,0,19,144,1,164,204,0,204,368
09/30/2012,HEF,VA,AEA,EN,Towers with Radar,0,13,68,0,81,0,24,101,3,128,0,37,169,3,209,178,0,178,387
10/01/2012,HEF,VA,AEA,EN,Towers with Radar,0,11,28,0,39,0,14,37,0,51,0,25,65,0,90,116,0,116,206
10/02/2012,HEF,VA,AEA,EN,Towers with Radar,0,6,28,0,34,0,0,0,0,0,0,6,28,0,34,0,0,0,34
10/03/2012,HEF,VA,AEA,EN,Towers with Radar,0,10,40,0,50,0,4,42,2,48,0,14,82,2,98,10,0,10,108
10/04/2012,HEF,VA,AEA,EN,Towers with Radar,0,7,44,0,51,0,14,56,0,70,0,21,100,0,121,54,4,58,179
10/05/2012,HEF,VA,AEA,EN,Towers with Radar,0,13,66,0,79,0,10,89,3,102,0,23,155,3,181,132,0,132,313
10/06/2012,HEF,VA,AEA,EN,Towers with Radar,0,2,25,0,27,0,11,89,3,103,0,13,114,3,130,154,0,154,284
10/07/2012,HEF,VA,AEA,EN,Towers with Radar,0,4,29,0,33,0,4,15,0,19,0,8,44,0,52,54,0,54,106
10/08/2012,HEF,VA,AEA,EN,Towers with Radar,0,13,49,0,62,0,24,52,0,76,0,37,101,0,138,160,0,160,298
10/09/2012,HEF,VA,AEA,EN,Towers with Radar,0,3,29,0,32,0,16,47,0,63,0,19,76,0,95,36,0,36,131
10/10/2012,HEF,VA,AEA,EN,Towers with Radar,0,5,34,0,39,0,12,42,3,57,0,17,76,3,96,124,0,124,220
10/11/2012,HEF,VA,AEA,EN,Towers with Radar,0,6,62,0,68,0,20,81,1,102,0,26,143,1,170,164,0,164,334
10/12/2012,HEF,VA,AEA,EN,Towers with Radar,0,4,45,2,51,0,4,51,0,55,0,8,96,2,106,126,0,126,232
10/13/2012,HEF,VA,AEA,EN,Towers with Radar,0,4,37,0,41,0,30,122,0,152,0,34,159,0,193,178,0,178,371
10/14/2012,HEF,VA,AEA,EN,Towers with Radar,0,12,45,0,57,0,8,46,1,55,0,20,91,1,112,68,0,68,180
10/15/2012,HEF,VA,AEA,EN,Towers with Radar,0,13,37,0,50,0,3,4,0,7,0,16,41,0,57,42,0,42,99
10/16/2012,HEF,VA,AEA,EN,Towers with Radar,0,7,46,0,53,0,8,53,0,61,0,15,99,0,114,128,0,128,242
10/17/2012,HEF,VA,AEA,EN,Towers with Radar,0,8,53,0,61,0,14,60,2,76,0,22,113,2,137,188,0,188,325
10/18/2012,HEF,VA,AEA,EN,Towers with Radar,0,11,46,2,59,0,9,42,0,51,0,20,88,2,110,144,0,144,254
10/19/2012,HEF,VA,AEA,EN,Towers with Radar,0,15,41,1,57,0,7,16,0,23,0,22,57,1,80,72,0,72,152
10/20/2012,HEF,VA,AEA,EN,Towers with Radar,0,3,40,0,43,0,30,116,2,148,0,33,156,2,191,228,0,228,419
10/21/2012,HEF,VA,AEA,EN,Towers with Radar,0,5,42,1,48,0,14,132,2,148,0,19,174,3,196,172,0,172,368
10/22/2012,HEF,VA,AEA,EN,Towers with Radar,0,9,57,0,66,0,7,70,0,77,0,16,127,0,143,108,0,108,251
10/23/2012,HEF,VA,AEA,EN,Towers with Radar,0,12,50,0,62,0,18,79,0,97,0,30,129,0,159,64,0,64,223
10/24/2012,HEF,VA,AEA,EN,Towers with Radar,0,6,60,0,66,0,13,66,2,81,0,19,126,2,147,130,0,130,277
10/25/2012,HEF,VA,AEA,EN,Towers with Radar,0,10,50,1,61,0,0,19,0,19,0,10,69,1,80,42,0,42,122
10/26/2012,HEF,VA,AEA,EN,Towers with Radar,0,9,63,2,74,0,0,17,2,19,0,9,80,4,93,190,0,190,283
10/27/2012,HEF,VA,AEA,EN,Towers with Radar,0,8,34,0,42,0,15,94,0,109,0,23,128,0,151,224,0,224,375
10/28/2012,HEF,VA,AEA,EN,Towers with Radar,0,5,31,0,36,0,0,11,0,11,0,5,42,0,47,22,0,22,69
10/29/2012,HEF,VA,AEA,EN,Towers with Radar,0,0,0,0,0,0,0,0,0,0,0,0,0,0,0,0,0,0,0
10/30/2012,HEF,VA,AEA,EN,Towers with Radar,0,5,8,0,13,0,0,4,0,4,0,5,12,0,17,0,0,0,17
10/31/2012,HEF,VA,AEA,EN,Towers with Radar,0,10,20,0,30,0,12,31,1,44,0,22,51,1,74,124,0,124,198
11/01/2012,HEF,VA,AEA,EN,Towers with Radar,0,4,38,0,42,0,6,44,0,50,0,10,82,0,92,224,0,224,316
11/02/2012,HEF,VA,AEA,EN,Towers with Radar,0,10,50,2,62,0,6,51,0,57,0,16,101,2,119,132,0,132,251
11/03/2012,HEF,VA,AEA,EN,Towers with Radar,0,6,23,0,29,0,10,50,1,61,0,16,73,1,90,168,0,168,258
11/04/2012,HEF,VA,AEA,EN,Towers with Radar,0,4,49,2,55,0,31,130,0,161,0,35,179,2,216,200,0,200,416
11/05/2012,HEF,VA,AEA,EN,Towers with Radar,0,5,35,0,40,0,14,40,0,54,0,19,75,0,94,42,0,42,136
11/06/2012,HEF,VA,AEA,EN,Towers with Radar,0,18,44,0,62,0,22,63,1,86,0,40,107,1,148,160,0,160,308
11/07/2012,HEF,VA,AEA,EN,Towers with Radar,0,9,29,2,40,0,12,18,0,30,0,21,47,2,70,24,0,24,94
11/08/2012,HEF,VA,AEA,EN,Towers with Radar,0,7,32,2,41,0,7,32,0,39,0,14,64,2,80,70,0,70,150
11/09/2012,HEF,VA,AEA,EN,Towers with Radar,0,7,51,0,58,0,10,87,1,98,0,17,138,1,156,124,6,130,286
11/10/2012,HEF,VA,AEA,EN,Towers with Radar,0,6,43,0,49,0,20,101,0,121,0,26,144,0,170,320,0,320,490
11/11/2012,HEF,VA,AEA,EN,Towers with Radar,0,4,40,0,44,0,21,111,1,133,0,25,151,1,177,298,0,298,475
11/12/2012,HEF,VA,AEA,EN,Towers with Radar,0,8,39,0,47,0,24,70,0,94,0,32,109,0,141,156,0,156,297
11/13/2012,HEF,VA,AEA,EN,Towers with Radar,0,5,34,2,41,0,2,27,0,29,0,7,61,2,70,44,0,44,114
11/14/2012,HEF,VA,AEA,EN,Towers with Radar,0,16,63,0,79,0,5,48,0,53,0,21,111,0,132,140,0,140,272
11/15/2012,HEF,VA,AEA,EN,Towers with Radar,0,11,55,0,66,0,7,48,0,55,0,18,103,0,121,124,0,124,245
11/16/2012,HEF,VA,AEA,EN,Towers with Radar,0,9,46,0,55,0,12,78,0,90,0,21,124,0,145,104,0,104,249
11/17/2012,HEF,VA,AEA,EN,Towers with Radar,0,5,36,0,41,0,16,117,3,136,0,21,153,3,177,163,0,163,340
11/18/2012,HEF,VA,AEA,EN,Towers with Radar,0,16,51,0,67,0,23,68,0,91,0,39,119,0,158,138,0,138,296
11/19/2012,HEF,VA,AEA,EN,Towers with Radar,0,12,37,0,49,0,7,24,1,32,0,19,61,1,81,160,0,160,241
11/20/2012,HEF,VA,AEA,EN,Towers with Radar,0,8,55,0,63,0,11,41,0,52,0,19,96,0,115,118,0,118,233
11/21/2012,HEF,VA,AEA,EN,Towers with Radar,0,15,58,0,73,0,12,65,2,79,0,27,123,2,152,48,0,48,200
11/22/2012,HEF,VA,AEA,EN,Towers with Radar,0,5,9,0,14,0,5,37,0,42,0,10,46,0,56,12,0,12,68
11/23/2012,HEF,VA,AEA,EN,Towers with Radar,0,7,16,0,23,0,8,67,0,75,0,15,83,0,98,104,0,104,202
11/24/2012,HEF,VA,AEA,EN,Towers with Radar,0,5,28,0,33,0,2,9,0,11,0,7,37,0,44,0,0,0,44
11/25/2012,HEF,VA,AEA,EN,Towers with Radar,0,24,59,0,83,0,12,92,3,107,0,36,151,3,190,174,0,174,364
11/26/2012,HEF,VA,AEA,EN,Towers with Radar,0,7,44,0,51,0,11,41,1,53,0,18,85,1,104,176,0,176,280
11/27/2012,HEF,VA,AEA,EN,Towers with Radar,0,9,33,0,42,0,0,3,0,3,0,9,36,0,45,0,0,0,45
11/28/2012,HEF,VA,AEA,EN,Towers with Radar,0,9,35,0,44,0,9,48,0,57,0,18,83,0,101,166,0,166,267
11/29/2012,HEF,VA,AEA,EN,Towers with Radar,0,15,36,0,51,0,12,71,0,83,0,27,107,0,134,144,0,144,278
11/30/2012,HEF,VA,AEA,EN,Towers with Radar,0,11,42,0,53,0,22,68,0,90,0,33,110,0,143,90,0,90,233
12/01/2012,HEF,VA,AEA,EN,Towers with Radar,0,5,50,0,55,0,5,41,0,46,0,10,91,0,101,144,0,144,245
12/02/2012,HEF,VA,AEA,EN,Towers with Radar,0,8,40,0,48,0,9,39,0,48,0,17,79,0,96,154,0,154,250
12/03/2012,HEF,VA,AEA,EN,Towers with Radar,0,15,31,2,48,0,17,44,0,61,0,32,75,2,109,182,0,182,291
12/04/2012,HEF,VA,AEA,EN,Towers with Radar,0,12,34,0,46,0,9,54,0,63,0,21,88,0,109,200,0,200,309
12/05/2012,HEF,VA,AEA,EN,Towers with Radar,0,7,66,0,73,0,8,35,0,43,0,15,101,0,116,40,0,40,156
12/06/2012,HEF,VA,AEA,EN,Towers with Radar,0,10,63,0,73,0,13,56,3,72,0,23,119,3,145,112,0,112,257
12/07/2012,HEF,VA,AEA,EN,Towers with Radar,0,14,53,0,67,0,12,50,0,62,0,26,103,0,129,170,0,170,299
12/08/2012,HEF,VA,AEA,EN,Towers with Radar,0,8,41,0,49,0,2,82,0,84,0,10,123,0,133,218,0,218,351
12/09/2012,HEF,VA,AEA,EN,Towers with Radar,0,9,31,0,40,0,0,0,0,0,0,9,31,0,40,36,0,36,76
12/10/2012,HEF,VA,AEA,EN,Towers with Radar,0,7,29,0,36,0,1,4,0,5,0,8,33,0,41,36,0,36,77
12/11/2012,HEF,VA,AEA,EN,Towers with Radar,0,14,45,0,59,0,6,41,1,48,0,20,86,1,107,136,0,136,243
12/12/2012,HEF,VA,AEA,EN,Towers with Radar,0,11,35,0,46,0,11,49,0,60,0,22,84,0,106,210,0,210,316
12/13/2012,HEF,VA,AEA,EN,Towers with Radar,0,10,47,1,58,0,19,81,0,100,0,29,128,1,158,138,0,138,296
12/14/2012,HEF,VA,AEA,EN,Towers with Radar,0,20,53,0,73,0,23,95,0,118,0,43,148,0,191,102,0,102,293
12/15/2012,HEF,VA,AEA,EN,Towers with Radar,0,14,35,0,49,0,18,108,3,129,0,32,143,3,178,304,0,304,482
12/16/2012,HEF,VA,AEA,EN,Towers with Radar,0,13,22,0,35,0,2,9,0,11,0,15,31,0,46,44,0,44,90
12/17/2012,HEF,VA,AEA,EN,Towers with Radar,0,7,28,0,35,0,0,0,0,0,0,7,28,0,35,0,0,0,35
12/18/2012,HEF,VA,AEA,EN,Towers with Radar,0,7,29,0,36,0,17,35,0,52,0,24,64,0,88,166,0,166,254
12/19/2012,HEF,VA,AEA,EN,Towers with Radar,0,11,50,0,61,0,15,77,2,94,0,26,127,2,155,198,0,198,353
12/20/2012,HEF,VA,AEA,EN,Towers with Radar,0,5,29,0,34,0,16,34,0,50,0,21,63,0,84,90,0,90,174
12/21/2012,HEF,VA,AEA,EN,Towers with Radar,0,10,30,0,40,0,0,6,0,6,0,10,36,0,46,0,0,0,46
12/22/2012,HEF,VA,AEA,EN,Towers with Radar,0,6,20,0,26,0,0,4,0,4,0,6,24,0,30,0,0,0,30
12/23/2012,HEF,VA,AEA,EN,Towers with Radar,0,8,39,0,47,0,23,90,2,115,0,31,129,2,162,164,0,164,326
12/24/2012,HEF,VA,AEA,EN,Towers with Radar,0,3,6,0,9,0,2,11,0,13,0,5,17,0,22,0,0,0,22
12/25/2012,HEF,VA,AEA,EN,Towers with Radar,0,3,15,0,18,0,0,22,0,22,0,3,37,0,40,6,0,6,46
12/26/2012,HEF,VA,AEA,EN,Towers with Radar,0,14,17,0,31,0,0,0,0,0,0,14,17,0,31,0,0,0,31
12/27/2012,HEF,VA,AEA,EN,Towers with Radar,0,8,36,0,44,0,5,18,0,23,0,13,54,0,67,6,0,6,73
12/28/2012,HEF,VA,AEA,EN,Towers with Radar,0,12,40,0,52,0,18,78,0,96,0,30,118,0,148,128,0,128,276
12/29/2012,HEF,VA,AEA,EN,Towers with Radar,0,6,8,0,14,0,0,2,0,2,0,6,10,0,16,8,0,8,24
12/30/2012,HEF,VA,AEA,EN,Towers with Radar,0,5,21,0,26,0,0,25,0,25,0,5,46,0,51,0,0,0,51
12/31/2012,HEF,VA,AEA,EN,Towers with Radar,0,9,18,0,27,0,6,48,0,54,0,15,66,0,81,154,0,154,235
01/01/2013,HEF,VA,AEA,EN,Towers with Radar,0,7,18,0,25,0,2,9,0,11,0,9,27,0,36,8,0,8,44
01/02/2013,HEF,VA,AEA,EN,Towers with Radar,0,8,32,0,40,0,6,57,1,64,0,14,89,1,104,56,0,56,160
01/03/2013,HEF,VA,AEA,EN,Towers with Radar,0,6,32,0,38,0,6,69,2,77,0,12,101,2,115,80,18,98,213
01/04/2013,HEF,VA,AEA,EN,Towers with Radar,0,9,27,2,38,0,10,60,1,71,0,19,87,3,109,40,0,40,149
01/05/2013,HEF,VA,AEA,EN,Towers with Radar,0,5,31,0,36,0,32,100,0,132,0,37,131,0,168,282,0,282,450
01/06/2013,HEF,VA,AEA,EN,Towers with Radar,0,7,30,0,37,0,22,76,2,100,0,29,106,2,137,166,0,166,303
01/07/2013,HEF,VA,AEA,EN,Towers with Radar,0,8,28,2,38,0,8,33,0,41,0,16,61,2,79,94,0,94,173
01/08/2013,HEF,VA,AEA,EN,Towers with Radar,0,12,34,0,46,0,2,47,0,49,0,14,81,0,95,114,0,114,209
01/09/2013,HEF,VA,AEA,EN,Towers with Radar,0,6,34,0,40,0,15,37,0,52,0,21,71,0,92,198,0,198,290
01/10/2013,HEF,VA,AEA,EN,Towers with Radar,0,6,36,0,42,0,20,58,1,79,0,26,94,1,121,166,0,166,287
01/11/2013,HEF,VA,AEA,EN,Towers with Radar,0,17,35,0,52,0,6,25,0,31,0,23,60,0,83,98,0,98,181
01/12/2013,HEF,VA,AEA,EN,Towers with Radar,0,5,28,0,33,0,0,0,0,0,0,5,28,0,33,0,0,0,33
01/13/2013,HEF,VA,AEA,EN,Towers with Radar,0,5,29,0,34,0,0,0,0,0,0,5,29,0,34,0,0,0,34
01/14/2013,HEF,VA,AEA,EN,Towers with Radar,0,11,29,0,40,0,4,17,0,21,0,15,46,0,61,166,0,166,227
01/15/2013,HEF,VA,AEA,EN,Towers with Radar,0,7,36,0,43,0,0,2,0,2,0,7,38,0,45,2,0,2,47
01/16/2013,HEF,VA,AEA,EN,Towers with Radar,0,6,29,0,35,0,0,4,0,4,0,6,33,0,39,0,0,0,39
01/17/2013,HEF,VA,AEA,EN,Towers with Radar,0,5,26,0,31,0,4,37,0,41,0,9,63,0,72,78,0,78,150
01/18/2013,HEF,VA,AEA,EN,Towers with Radar,0,8,40,0,48,0,15,63,1,79,0,23,103,1,127,46,0,46,173
01/19/2013,HEF,VA,AEA,EN,Towers with Radar,0,8,44,0,52,0,20,107,0,127,0,28,151,0,179,248,0,248,427
01/20/2013,HEF,VA,AEA,EN,Towers with Radar,0,7,35,0,42,0,14,73,0,87,0,21,108,0,129,210,0,210,339
01/21/2013,HEF,VA,AEA,EN,Towers with Radar,0,7,31,0,38,0,0,24,0,24,0,7,55,0,62,10,0,10,72
01/22/2013,HEF,VA,AEA,EN,Towers with Radar,0,8,46,0,54,0,11,26,1,38,0,19,72,1,92,20,0,20,112
01/23/2013,HEF,VA,AEA,EN,Towers with Radar,0,12,38,0,50,0,8,40,0,48,0,20,78,0,98,76,0,76,174
01/24/2013,HEF,VA,AEA,EN,Towers with Radar,0,6,45,0,51,0,1,11,0,12,0,7,56,0,63,20,0,20,83
01/25/2013,HEF,VA,AEA,EN,Towers with Radar,0,7,20,0,27,0,4,9,0,13,0,11,29,0,40,70,0,70,110
01/26/2013,HEF,VA,AEA,EN,Towers with Radar,0,0,15,0,15,0,11,29,0,40,0,11,44,0,55,310,0,310,365
01/27/2013,HEF,VA,AEA,EN,Towers with Radar,0,7,45,0,52,0,19,102,0,121,0,26,147,0,173,162,0,162,335
01/28/2013,HEF,VA,AEA,EN,Towers with Radar,0,8,29,0,37,0,0,0,0,0,0,8,29,0,37,0,0,0,37
01/29/2013,HEF,VA,AEA,EN,Towers with Radar,0,13,54,0,67,0,17,68,0,85,0,30,122,0,152,222,0,222,374
01/30/2013,HEF,VA,AEA,EN,Towers with Radar,0,8,23,0,31,0,0,3,0,3,0,8,26,0,34,0,0,0,34
01/31/2013,HEF,VA,AEA,EN,Towers with Radar,0,15,29,0,44,0,2,15,0,17,0,17,44,0,61,0,0,0,61
02/01/2013,HEF,VA,AEA,EN,Towers with Radar,0,16,43,0,59,0,0,19,0,19,0,16,62,0,78,6,0,6,84
02/02/2013,HEF,VA,AEA,EN,Towers with Radar,0,4,30,0,34,0,10,27,0,37,0,14,57,0,71,214,0,214,285
02/03/2013,HEF,VA,AEA,EN,Towers with Radar,0,7,22,0,29,0,0,1,2,3,0,7,23,2,32,18,0,18,50
02/04/2013,HEF,VA,AEA,EN,Towers with Radar,0,13,30,0,43,0,11,51,0,62,0,24,81,0,105,230,0,230,335
02/05/2013,HEF,VA,AEA,EN,Towers with Radar,0,8,44,0,52,0,13,40,0,53,0,21,84,0,105,252,0,252,357
02/06/2013,HEF,VA,AEA,EN,Towers with Radar,0,13,57,0,70,0,6,52,0,58,0,19,109,0,128,136,0,136,264
02/07/2013,HEF,VA,AEA,EN,Towers with Radar,0,10,46,0,56,0,16,41,1,58,0,26,87,1,114,254,0,254,368
02/08/2013,HEF,VA,AEA,EN,Towers with Radar,0,9,39,0,48,0,0,3,0,3,0,9,42,0,51,22,0,22,73
02/09/2013,HEF,VA,AEA,EN,Towers with Radar,0,3,20,0,23,0,0,27,1,28,0,3,47,1,51,6,0,6,57
02/10/2013,HEF,VA,AEA,EN,Towers with Radar,0,6,53,0,59,0,11,135,1,147,0,17,188,1,206,318,0,318,524
02/11/2013,HEF,VA,AEA,EN,Towers with Radar,0,12,19,0,31,0,2,10,0,12,0,14,29,0,43,50,0,50,93
02/12/2013,HEF,VA,AEA,EN,Towers with Radar,0,14,34,0,48,0,15,57,2,74,0,29,91,2,122,142,0,142,264
02/13/2013,HEF,VA,AEA,EN,Towers with Radar,0,13,36,0,49,0,2,28,1,31,0,15,64,1,80,28,0,28,108
02/14/2013,HEF,VA,AEA,EN,Towers with Radar,0,11,35,0,46,0,9,61,1,71,0,20,96,1,117,92,0,92,209
02/15/2013,HEF,VA,AEA,EN,Towers with Radar,0,17,54,0,71,0,19,67,0,86,0,36,121,0,157,150,0,150,307
02/16/2013,HEF,VA,AEA,EN,Towers with Radar,0,10,12,0,22,0,18,20,0,38,0,28,32,0,60,74,0,74,134
02/17/2013,HEF,VA,AEA,EN,Towers with Radar,0,4,15,0,19,0,0,8,0,8,0,4,23,0,27,0,0,0,27
02/18/2013,HEF,VA,AEA,EN,Towers with Radar,0,16,50,0,66,0,15,90,0,105,0,31,140,0,171,174,0,174,345
02/19/2013,HEF,VA,AEA,EN,Towers with Radar,0,8,33,0,41,0,0,14,0,14,0,8,47,0,55,32,0,32,87
02/20/2013,HEF,VA,AEA,EN,Towers with Radar,0,9,36,0,45,0,2,33,0,35,0,11,69,0,80,52,0,52,132
02/21/2013,HEF,VA,AEA,EN,Towers with Radar,0,5,30,0,35,0,9,59,2,70,0,14,89,2,105,96,0,96,201
02/22/2013,HEF,VA,AEA,EN,Towers with Radar,0,5,23,0,28,0,1,18,0,19,0,6,41,0,47,80,0,80,127
02/23/2013,HEF,VA,AEA,EN,Towers with Radar,0,4,19,0,23,0,0,0,0,0,0,4,19,0,23,0,0,0,23
02/24/2013,HEF,VA,AEA,EN,Towers with Radar,0,11,51,0,62,0,14,97,0,111,0,25,148,0,173,294,0,294,467
02/25/2013,HEF,VA,AEA,EN,Towers with Radar,0,7,24,0,31,0,11,86,0,97,0,18,110,0,128,132,0,132,260
02/26/2013,HEF,VA,AEA,EN,Towers with Radar,0,8,19,0,27,0,0,12,0,12,0,8,31,0,39,64,0,64,103
02/27/2013,HEF,VA,AEA,EN,Towers with Radar,0,15,44,0,59,0,13,68,0,81,0,28,112,0,140,72,0,72,212
02/28/2013,HEF,VA,AEA,EN,Towers with Radar,0,11,47,0,58,0,13,42,0,55,0,24,89,0,113,148,0,148,261
03/01/2013,HEF,VA,AEA,EN,Towers with Radar,0,17,41,0,58,0,8,43,0,51,0,25,84,0,109,42,0,42,151
03/02/2013,HEF,VA,AEA,EN,Towers with Radar,0,2,28,0,30,0,23,43,0,66,0,25,71,0,96,110,0,110,206
03/03/2013,HEF,VA,AEA,EN,Towers with Radar,0,14,29,0,43,0,2,27,0,29,0,16,56,0,72,18,0,18,90
03/04/2013,HEF,VA,AEA,EN,Towers with Radar,0,6,40,0,46,0,4,37,0,41,0,10,77,0,87,40,0,40,127
03/05/2013,HEF,VA,AEA,EN,Towers with Radar,0,15,27,0,42,0,15,63,0,78,0,30,90,0,120,134,0,134,254
03/06/2013,HEF,VA,AEA,EN,Towers with Radar,0,3,5,0,8,0,0,1,0,1,0,3,6,0,9,0,0,0,9
03/07/2013,HEF,VA,AEA,EN,Towers with Radar,0,12,50,0,62,0,2,19,0,21,0,14,69,0,83,52,0,52,135
03/08/2013,HEF,VA,AEA,EN,Towers with Radar,0,19,40,0,59,0,6,17,0,23,0,25,57,0,82,0,0,0,82
03/09/2013,HEF,VA,AEA,EN,Towers with Radar,0,7,37,0,44,0,22,166,0,188,0,29,203,0,232,278,0,278,510
03/10/2013,HEF,VA,AEA,EN,Towers with Radar,0,15,48,0,63,0,16,132,0,148,0,31,180,0,211,242,0,242,453
03/11/2013,HEF,VA,AEA,EN,Towers with Radar,0,9,34,1,44,0,5,23,0,28,0,14,57,1,72,72,0,72,144
03/12/2013,HEF,VA,AEA,EN,Towers with Radar,0,9,41,0,50,0,0,8,1,9,0,9,49,1,59,48,0,48,107
03/13/2013,HEF,VA,AEA,EN,Towers with Radar,0,5,62,0,67,0,19,61,0,80,0,24,123,0,147,88,0,88,235
03/14/2013,HEF,VA,AEA,EN,Towers with Radar,0,4,36,0,40,0,2,29,0,31,0,6,65,0,71,2,0,2,73
03/15/2013,HEF,VA,AEA,EN,Towers with Radar,0,15,49,0,64,0,13,71,1,85,0,28,120,1,149,238,0,238,387
03/16/2013,HEF,VA,AEA,EN,Towers with Radar,0,8,20,0,28,0,13,27,0,40,0,21,47,0,68,156,0,156,224
03/17/2013,HEF,VA,AEA,EN,Towers with Radar,0,9,42,0,51,0,1,10,0,11,0,10,52,0,62,118,0,118,180
03/18/2013,HEF,VA,AEA,EN,Towers with Radar,0,10,30,0,40,0,0,0,0,0,0,10,30,0,40,0,0,0,40
03/19/2013,HEF,VA,AEA,EN,Towers with Radar,0,11,60,0,71,0,4,19,0,23,0,15,79,0,94,48,0,48,142
03/20/2013,HEF,VA,AEA,EN,Towers with Radar,0,17,64,1,82,0,5,54,0,59,0,22,118,1,141,88,0,88,229
03/21/2013,HEF,VA,AEA,EN,Towers with Radar,0,16,60,1,77,0,5,22,0,27,0,21,82,1,104,18,0,18,122
03/22/2013,HEF,VA,AEA,EN,Towers with Radar,0,17,47,0,64,0,22,80,0,102,0,39,127,0,166,82,0,82,248
03/23/2013,HEF,VA,AEA,EN,Towers with Radar,0,10,40,0,50,0,20,156,3,179,0,30,196,3,229,272,0,272,501
03/24/2013,HEF,VA,AEA,EN,Towers with Radar,0,13,23,0,36,0,14,45,0,59,0,27,68,0,95,146,0,146,241
03/25/2013,HEF,VA,AEA,EN,Towers with Radar,0,3,19,0,22,0,0,0,0,0,0,3,19,0,22,4,0,4,26
03/26/2013,HEF,VA,AEA,EN,Towers with Radar,0,4,48,0,52,0,15,44,1,60,0,19,92,1,112,122,0,122,234
03/27/2013,HEF,VA,AEA,EN,Towers with Radar,0,12,40,0,52,0,9,33,0,42,0,21,73,0,94,62,0,62,156
03/28/2013,HEF,VA,AEA,EN,Towers with Radar,0,7,43,0,50,0,12,35,0,47,0,19,78,0,97,156,0,156,253
03/29/2013,HEF,VA,AEA,EN,Towers with Radar,0,15,45,0,60,0,24,85,0,109,0,39,130,0,169,242,0,242,411
03/30/2013,HEF,VA,AEA,EN,Towers with Radar,0,4,34,0,38,0,15,137,1,153,0,19,171,1,191,330,0,330,521
03/31/2013,HEF,VA,AEA,EN,Towers with Radar,0,9,24,0,33,0,0,7,0,7,0,9,31,0,40,34,0,34,74
04/01/2013,HEF,VA,AEA,EN,Towers with Radar,0,6,46,0,52,0,12,34,1,47,0,18,80,1,99,28,0,28,127
04/02/2013,HEF,VA,AEA,EN,Towers with Radar,0,9,42,0,51,0,8,46,0,54,0,17,88,0,105,58,0,58,163
04/03/2013,HEF,VA,AEA,EN,Towers with Radar,0,11,46,0,57,0,13,41,0,54,0,24,87,0,111,14,0,14,125
04/04/2013,HEF,VA,AEA,EN,Towers with Radar,0,10,36,0,46,0,16,86,0,102,0,26,122,0,148,166,0,166,314
04/05/2013,HEF,VA,AEA,EN,Towers with Radar,0,10,48,0,58,0,19,43,0,62,0,29,91,0,120,26,0,26,146
04/06/2013,HEF,VA,AEA,EN,Towers with Radar,0,4,37,0,41,0,21,123,1,145,0,25,160,1,186,220,0,220,406
04/07/2013,HEF,VA,AEA,EN,Towers with Radar,0,10,43,0,53,0,4,70,1,75,0,14,113,1,128,92,0,92,220
04/08/2013,HEF,VA,AEA,EN,Towers with Radar,0,7,37,0,44,0,12,57,1,70,0,19,94,1,114,128,0,128,242
04/09/2013,HEF,VA,AEA,EN,Towers with Radar,0,7,48,0,55,0,10,42,1,53,0,17,90,1,108,164,0,164,272
04/10/2013,HEF,VA,AEA,EN,Towers with Radar,0,13,38,0,51,0,18,30,0,48,0,31,68,0,99,116,0,116,215
04/11/2013,HEF,VA,AEA,EN,Towers with Radar,0,3,50,0,53,0,12,44,0,56,0,15,94,0,109,192,0,192,301
04/12/2013,HEF,VA,AEA,EN,Towers with Radar,0,16,40,0,56,0,7,15,0,22,0,23,55,0,78,44,0,44,122
04/13/2013,HEF,VA,AEA,EN,Towers with Radar,0,7,36,0,43,0,17,91,0,108,0,24,127,0,151,360,0,360,511
04/14/2013,HEF,VA,AEA,EN,Towers with Radar,0,13,45,0,58,0,16,90,2,108,0,29,135,2,166,182,0,182,348
04/15/2013,HEF,VA,AEA,EN,Towers with Radar,0,9,44,0,53,0,17,41,1,59,0,26,85,1,112,104,0,104,216
04/16/2013,HEF,VA,AEA,EN,Towers with Radar,0,12,72,0,84,0,3,36,3,42,0,15,108,3,126,162,0,162,288
04/17/2013,HEF,VA,AEA,EN,Towers with Radar,0,9,66,0,75,0,19,47,1,67,0,28,113,1,142,240,0,240,382
04/18/2013,HEF,VA,AEA,EN,Towers with Radar,0,15,67,0,82,0,16,13,1,30,0,31,80,1,112,86,0,86,198
04/19/2013,HEF,VA,AEA,EN,Towers with Radar,0,9,32,0,41,0,2,5,0,7,0,11,37,0,48,84,0,84,132
04/20/2013,HEF,VA,AEA,EN,Towers with Radar,0,11,47,0,58,0,11,54,1,66,0,22,101,1,124,92,0,92,216
04/21/2013,HEF,VA,AEA,EN,Towers with Radar,0,11,41,0,52,0,21,124,2,147,0,32,165,2,199,152,0,152,351
04/22/2013,HEF,VA,AEA,EN,Towers with Radar,0,11,51,0,62,0,17,36,0,53,0,28,87,0,115,154,0,154,269
04/23/2013,HEF,VA,AEA,EN,Towers with Radar,0,7,62,0,69,0,23,34,0,57,0,30,96,0,126,76,0,76,202
04/24/2013,HEF,VA,AEA,EN,Towers with Radar,0,6,40,1,47,0,10,32,2,44,0,16,72,3,91,148,0,148,239
04/25/2013,HEF,VA,AEA,EN,Towers with Radar,0,10,64,0,74,0,8,63,0,71,0,18,127,0,145,112,0,112,257
04/26/2013,HEF,VA,AEA,EN,Towers with Radar,0,18,64,1,83,0,23,67,2,92,0,41,131,3,175,204,2,206,381
04/27/2013,HEF,VA,AEA,EN,Towers with Radar,1,7,27,0,35,0,23,111,2,136,1,30,138,2,171,230,0,230,401
04/28/2013,HEF,VA,AEA,EN,Towers with Radar,0,16,42,0,58,0,8,54,2,64,0,24,96,2,122,134,0,134,256
04/29/2013,HEF,VA,AEA,EN,Towers with Radar,0,18,43,0,61,0,0,2,0,2,0,18,45,0,63,0,0,0,63
04/30/2013,HEF,VA,AEA,EN,Towers with Radar,0,15,47,0,62,0,0,2,1,3,0,15,49,1,65,0,0,0,65
05/01/2013,HEF,VA,AEA,EN,Towers with Radar,0,9,44,0,53,0,21,54,0,75,0,30,98,0,128,102,0,102,230
05/02/2013,HEF,VA,AEA,EN,Towers with Radar,0,9,38,0,47,0,23,77,5,105,0,32,115,5,152,198,0,198,350
05/03/2013,HEF,VA,AEA,EN,Towers with Radar,0,11,53,0,64,0,13,56,2,71,0,24,109,2,135,144,0,144,279
05/04/2013,HEF,VA,AEA,EN,Towers with Radar,0,1,30,0,31,0,15,75,2,92,0,16,105,2,123,245,0,245,368
05/05/2013,HEF,VA,AEA,EN,Towers with Radar,0,12,60,0,72,0,16,80,1,97,0,28,140,1,169,138,0,138,307
05/06/2013,HEF,VA,AEA,EN,Towers with Radar,0,10,33,0,43,0,0,3,0,3,0,10,36,0,46,0,0,0,46
05/07/2013,HEF,VA,AEA,EN,Towers with Radar,0,8,33,0,41,0,0,0,0,0,0,8,33,0,41,0,0,0,41
05/08/2013,HEF,VA,AEA,EN,Towers with Radar,0,5,63,1,69,0,0,4,1,5,0,5,67,2,74,12,0,12,86
05/09/2013,HEF,VA,AEA,EN,Towers with Radar,0,8,47,0,55,0,9,17,0,26,0,17,64,0,81,80,0,80,161
05/10/2013,HEF,VA,AEA,EN,Towers with Radar,0,10,51,2,63,0,20,60,0,80,0,30,111,2,143,259,0,259,402
05/11/2013,HEF,VA,AEA,EN,Towers with Radar,0,3,26,1,30,0,7,19,0,26,0,10,45,1,56,56,0,56,112
05/12/2013,HEF,VA,AEA,EN,Towers with Radar,0,5,45,0,50,0,6,41,0,47,0,11,86,0,97,54,0,54,151
05/13/2013,HEF,VA,AEA,EN,Towers with Radar,0,7,44,0,51,0,18,35,0,53,0,25,79,0,104,50,0,50,154
05/14/2013,HEF,VA,AEA,EN,Towers with Radar,0,7,54,0,61,0,18,54,0,72,0,25,108,0,133,128,0,128,261
05/15/2013,HEF,VA,AEA,EN,Towers with Radar,0,10,50,0,60,0,40,69,0,109,0,50,119,0,169,262,0,262,431
05/16/2013,HEF,VA,AEA,EN,Towers with Radar,0,12,50,0,62,0,29,46,0,75,0,41,96,0,137,126,0,126,263
05/17/2013,HEF,VA,AEA,EN,Towers with Radar,0,13,47,1,61,0,33,86,1,120,0,46,133,2,181,0,0,0,181
05/18/2013,HEF,VA,AEA,EN,Towers with Radar,0,8,42,0,50,0,2,6,1,9,0,10,48,1,59,0,0,0,59
05/19/2013,HEF,VA,AEA,EN,Towers with Radar,0,8,64,1,73,0,0,2,0,2,0,8,66,1,75,56,0,56,131
05/20/2013,HEF,VA,AEA,EN,Towers with Radar,2,14,46,0,62,0,8,18,0,26,2,22,64,0,88,56,0,56,144
05/21/2013,HEF,VA,AEA,EN,Towers with Radar,0,12,46,2,60,0,25,36,2,63,0,37,82,4,123,144,4,148,271
05/22/2013,HEF,VA,AEA,EN,Towers with Radar,0,8,51,0,59,0,11,48,0,59,0,19,99,0,118,118,0,118,236
05/23/2013,HEF,VA,AEA,EN,Towers with Radar,0,11,51,0,62,0,8,22,0,30,0,19,73,0,92,114,0,114,206
05/24/2013,HEF,VA,AEA,EN,Towers with Radar,0,16,48,0,64,0,7,15,0,22,0,23,63,0,86,12,0,12,98
05/25/2013,HEF,VA,AEA,EN,Towers with Radar,0,1,23,0,24,0,21,31,0,52,0,22,54,0,76,78,0,78,154
05/26/2013,HEF,VA,AEA,EN,Towers with Radar,0,6,27,0,33,0,19,104,1,124,0,25,131,1,157,146,0,146,303
05/27/2013,HEF,VA,AEA,EN,Towers with Radar,0,3,51,0,54,0,25,129,0,154,0,28,180,0,208,170,0,170,378
05/28/2013,HEF,VA,AEA,EN,Towers with Radar,0,18,34,0,52,0,20,41,1,62,0,38,75,1,114,254,0,254,368
05/29/2013,HEF,VA,AEA,EN,Towers with Radar,0,5,33,0,38,0,27,80,6,113,0,32,113,6,151,278,0,278,429
05/30/2013,HEF,VA,AEA,EN,Towers with Radar,0,10,35,1,46,0,27,75,2,104,0,37,110,3,150,128,0,128,278
05/31/2013,HEF,VA,AEA,EN,Towers with Radar,0,12,45,0,57,0,29,96,2,127,0,41,141,2,184,134,0,134,318
06/01/2013,HEF,VA,AEA,EN,Towers with Radar,0,12,70,0,82,0,40,253,1,294,0,52,323,1,376,378,0,378,754
06/02/2013,HEF,VA,AEA,EN,Towers with Radar,0,18,41,0,59,0,9,59,2,70,0,27,100,2,129,108,0,108,237
06/03/2013,HEF,VA,AEA,EN,Towers with Radar,0,12,32,0,44,0,16,31,0,47,0,28,63,0,91,52,0,52,143
06/04/2013,HEF,VA,AEA,EN,Towers with Radar,0,9,38,0,47,0,20,71,0,91,0,29,109,0,138,210,0,210,348
06/05/2013,HEF,VA,AEA,EN,Towers with Radar,0,13,45,1,59,0,19,81,0,100,0,32,126,1,159,370,0,370,529
06/06/2013,HEF,VA,AEA,EN,Towers with Radar,0,4,50,0,54,0,3,15,1,19,0,7,65,1,73,164,0,164,237
06/07/2013,HEF,VA,AEA,EN,Towers with Radar,0,12,32,1,45,0,0,0,0,0,0,12,32,1,45,0,0,0,45
06/08/2013,HEF,VA,AEA,EN,Towers with Radar,0,7,39,0,46,0,17,89,0,106,0,24,128,0,152,228,0,228,380
06/09/2013,HEF,VA,AEA,EN,Towers with Radar,0,11,36,1,48,0,22,32,2,56,0,33,68,3,104,210,0,210,314
06/10/2013,HEF,VA,AEA,EN,Towers with Radar,0,7,29,2,38,0,2,0,0,2,0,9,29,2,40,0,0,0,40
06/11/2013,HEF,VA,AEA,EN,Towers with Radar,0,14,36,4,54,0,21,31,0,52,0,35,67,4,106,74,20,94,200
06/12/2013,HEF,VA,AEA,EN,Towers with Radar,0,3,56,0,59,0,22,33,0,55,0,25,89,0,114,150,0,150,264
06/13/2013,HEF,VA,AEA,EN,Towers with Radar,0,10,24,0,34,0,3,3,0,6,0,13,27,0,40,0,0,0,40
06/14/2013,HEF,VA,AEA,EN,Towers with Radar,0,15,53,0,68,0,20,60,0,80,0,35,113,0,148,0,0,0,148
06/15/2013,HEF,VA,AEA,EN,Towers with Radar,0,6,40,0,46,0,32,147,0,179,0,38,187,0,225,0,0,0,225
06/16/2013,HEF,VA,AEA,EN,Towers with Radar,0,9,38,0,47,0,22,66,0,88,0,31,104,0,135,0,0,0,135
06/17/2013,HEF,VA,AEA,EN,Towers with Radar,0,13,47,3,63,0,17,37,1,55,0,30,84,4,118,146,0,146,264
06/18/2013,HEF,VA,AEA,EN,Towers with Radar,0,11,31,0,42,0,9,12,0,21,0,20,43,0,63,84,0,84,147
06/19/2013,HEF,VA,AEA,EN,Towers with Radar,0,16,41,1,58,0,16,24,0,40,0,32,65,1,98,274,0,274,372
06/20/2013,HEF,VA,AEA,EN,Towers with Radar,0,10,67,0,77,0,24,78,0,102,0,34,145,0,179,0,0,0,179
06/21/2013,HEF,VA,AEA,EN,Towers with Radar,0,16,42,0,58,0,27,98,0,125,0,43,140,0,183,286,0,286,469
06/22/2013,HEF,VA,AEA,EN,Towers with Radar,0,13,48,0,61,0,27,120,2,149,0,40,168,2,210,344,0,344,554
06/23/2013,HEF,VA,AEA,EN,Towers with Radar,0,9,44,0,53,0,12,20,0,32,0,21,64,0,85,128,0,128,213
06/24/2013,HEF,VA,AEA,EN,Towers with Radar,0,5,44,1,50,0,12,38,1,51,0,17,82,2,101,92,0,92,193
06/25/2013,HEF,VA,AEA,EN,Towers with Radar,0,9,37,1,47,0,22,57,0,79,0,31,94,1,126,128,0,128,254
06/26/2013,HEF,VA,AEA,EN,Towers with Radar,0,15,49,3,67,0,15,54,4,73,0,30,103,7,140,244,0,244,384
06/27/2013,HEF,VA,AEA,EN,Towers with Radar,0,9,45,0,54,0,4,2,1,7,0,13,47,1,61,44,0,44,105
06/28/2013,HEF,VA,AEA,EN,Towers with Radar,0,13,62,0,75,0,14,32,0,46,0,27,94,0,121,0,0,0,121
06/29/2013,HEF,VA,AEA,EN,Towers with Radar,0,12,50,0,62,0,21,107,2,130,0,33,157,2,192,0,0,0,192
06/30/2013,HEF,VA,AEA,EN,Towers with Radar,0,10,42,1,53,0,1,6,0,7,0,11,48,1,60,62,0,62,122
07/01/2013,HEF,VA,AEA,EN,Towers with Radar,0,6,25,0,31,0,3,12,1,16,0,9,37,1,47,20,0,20,67
07/02/2013,HEF,VA,AEA,EN,Towers with Radar,0,9,32,0,41,0,3,8,0,11,0,12,40,0,52,22,0,22,74
07/03/2013,HEF,VA,AEA,EN,Towers with Radar,0,16,33,0,49,0,5,11,0,16,0,21,44,0,65,28,0,28,93
07/04/2013,HEF,VA,AEA,EN,Towers with Radar,0,5,32,0,37,0,10,30,2,42,0,15,62,2,79,122,0,122,201
07/05/2013,HEF,VA,AEA,EN,Towers with Radar,0,6,25,0,31,0,18,53,1,72,0,24,78,1,103,0,0,0,103
07/06/2013,HEF,VA,AEA,EN,Towers with Radar,0,2,44,0,46,0,29,93,3,125,0,31,137,3,171,230,0,230,401
07/07/2013,HEF,VA,AEA,EN,Towers with Radar,0,8,45,0,53,0,17,72,4,93,0,25,117,4,146,152,0,152,298
07/08/2013,HEF,VA,AEA,EN,Towers with Radar,0,12,30,0,42,0,24,44,0,68,0,36,74,0,110,268,0,268,378
07/09/2013,HEF,VA,AEA,EN,Towers with Radar,0,7,39,0,46,0,27,34,0,61,0,34,73,0,107,100,0,100,207
07/10/2013,HEF,VA,AEA,EN,Towers with Radar,0,9,44,0,53,0,13,14,0,27,0,22,58,0,80,0,0,0,80
07/11/2013,HEF,VA,AEA,EN,Towers with Radar,0,9,41,0,50,0,17,33,0,50,0,26,74,0,100,210,0,210,310
07/12/2013,HEF,VA,AEA,EN,Towers with Radar,0,18,45,0,63,0,1,15,1,17,0,19,60,1,80,108,0,108,188
07/13/2013,HEF,VA,AEA,EN,Towers with Radar,0,12,27,0,39,0,17,33,2,52,0,29,60,2,91,336,0,336,427
07/14/2013,HEF,VA,AEA,EN,Towers with Radar,0,10,73,0,83,0,16,92,1,109,0,26,165,1,192,162,0,162,354
07/15/2013,HEF,VA,AEA,EN,Towers with Radar,0,8,33,0,41,0,22,65,0,87,0,30,98,0,128,48,0,48,176
07/16/2013,HEF,VA,AEA,EN,Towers with Radar,0,21,58,0,79,0,21,46,1,68,0,42,104,1,147,98,0,98,245
07/17/2013,HEF,VA,AEA,EN,Towers with Radar,0,16,47,0,63,0,24,65,0,89,0,40,112,0,152,114,0,114,266
07/18/2013,HEF,VA,AEA,EN,Towers with Radar,0,6,54,0,60,0,12,51,0,63,0,18,105,0,123,140,0,140,263
07/19/2013,HEF,VA,AEA,EN,Towers with Radar,0,15,65,0,80,0,18,60,0,78,0,33,125,0,158,296,0,296,454
07/20/2013,HEF,VA,AEA,EN,Towers with Radar,0,4,20,0,24,0,21,49,2,72,0,25,69,2,96,334,0,334,430
07/21/2013,HEF,VA,AEA,EN,Towers with Radar,0,9,53,1,63,0,11,57,1,69,0,20,110,2,132,197,0,197,329
07/22/2013,HEF,VA,AEA,EN,Towers with Radar,0,13,40,2,55,0,14,14,0,28,0,27,54,2,83,84,0,84,167
07/23/2013,HEF,VA,AEA,EN,Towers with Radar,0,14,24,0,38,0,28,52,0,80,0,42,76,0,118,108,0,108,226
07/24/2013,HEF,VA,AEA,EN,Towers with Radar,0,10,54,2,66,0,23,57,4,84,0,33,111,6,150,162,4,166,316
07/25/2013,HEF,VA,AEA,EN,Towers with Radar,0,10,46,0,56,0,22,94,0,116,0,32,140,0,172,89,0,89,261
07/26/2013,HEF,VA,AEA,EN,Towers with Radar,0,18,68,2,88,0,28,109,1,138,0,46,177,3,226,208,0,208,434
07/27/2013,HEF,VA,AEA,EN,Towers with Radar,0,8,42,0,50,0,15,62,1,78,0,23,104,1,128,0,0,0,128
07/28/2013,HEF,VA,AEA,EN,Towers with Radar,0,12,54,0,66,0,9,16,0,25,0,21,70,0,91,86,0,86,177
07/29/2013,HEF,VA,AEA,EN,Towers with Radar,0,6,44,0,50,0,8,71,0,79,0,14,115,0,129,102,0,102,231
07/30/2013,HEF,VA,AEA,EN,Towers with Radar,0,8,38,0,46,0,13,76,0,89,0,21,114,0,135,152,0,152,287
07/31/2013,HEF,VA,AEA,EN,Towers with Radar,0,10,44,0,54,0,9,42,0,51,0,19,86,0,105,170,0,170,275
08/01/2013,HEF,VA,AEA,EN,Towers with Radar,0,14,31,0,45,0,3,11,0,14,0,17,42,0,59,76,0,76,135
08/02/2013,HEF,VA,AEA,EN,Towers with Radar,0,13,48,0,61,0,20,72,1,93,0,33,120,1,154,306,0,306,460
08/03/2013,HEF,VA,AEA,EN,Towers with Radar,0,3,34,2,39,0,9,35,0,44,0,12,69,2,83,256,0,256,339
08/04/2013,HEF,VA,AEA,EN,Towers with Radar,0,10,47,0,57,0,15,75,2,92,0,25,122,2,149,152,0,152,301
08/05/2013,HEF,VA,AEA,EN,Towers with Radar,0,8,46,0,54,0,20,65,1,86,0,28,111,1,140,164,0,164,304
08/06/2013,HEF,VA,AEA,EN,Towers with Radar,0,22,40,1,63,0,2,5,0,7,0,24,45,1,70,42,2,44,114
08/07/2013,HEF,VA,AEA,EN,Towers with Radar,0,12,45,0,57,0,9,7,0,16,0,21,52,0,73,140,0,140,213
08/08/2013,HEF,VA,AEA,EN,Towers with Radar,0,9,49,1,59,0,19,30,0,49,0,28,79,1,108,0,0,0,108
08/09/2013,HEF,VA,AEA,EN,Towers with Radar,0,11,31,1,43,0,20,56,0,76,0,31,87,1,119,156,0,156,275
08/10/2013,HEF,VA,AEA,EN,Towers with Radar,0,6,35,0,41,0,24,66,1,91,0,30,101,1,132,302,0,302,434
08/11/2013,HEF,VA,AEA,EN,Towers with Radar,0,10,62,0,72,0,21,76,0,97,0,31,138,0,169,154,0,154,323
08/12/2013,HEF,VA,AEA,EN,Towers with Radar,0,10,22,1,33,0,10,26,1,37,0,20,48,2,70,78,0,78,148
08/13/2013,HEF,VA,AEA,EN,Towers with Radar,0,12,32,0,44,0,6,21,2,29,0,18,53,2,73,104,0,104,177
08/14/2013,HEF,VA,AEA,EN,Towers with Radar,0,13,52,0,65,0,13,57,1,71,0,26,109,1,136,62,1,63,199
08/15/2013,HEF,VA,AEA,EN,Towers with Radar,0,13,46,0,59,0,21,89,0,110,0,34,135,0,169,159,0,159,328
08/16/2013,HEF,VA,AEA,EN,Towers with Radar,0,7,50,0,57,0,26,81,0,107,0,33,131,0,164,234,0,234,398
08/17/2013,HEF,VA,AEA,EN,Towers with Radar,0,12,43,0,55,0,24,108,0,132,0,36,151,0,187,230,0,230,417
08/18/2013,HEF,VA,AEA,EN,Towers with Radar,0,5,37,0,42,0,3,10,0,13,0,8,47,0,55,0,0,0,55
08/19/2013,HEF,VA,AEA,EN,Towers with Radar,0,10,31,0,41,0,5,9,0,14,0,15,40,0,55,14,0,14,69
08/20/2013,HEF,VA,AEA,EN,Towers with Radar,0,10,43,0,53,0,17,46,0,63,0,27,89,0,116,314,0,314,430
08/21/2013,HEF,VA,AEA,EN,Towers with Radar,0,9,47,1,57,0,29,35,1,65,0,38,82,2,122,0,0,0,122
08/22/2013,HEF,VA,AEA,EN,Towers with Radar,0,15,51,1,67,0,17,36,0,53,0,32,87,1,120,192,0,192,312
08/23/2013,HEF,VA,AEA,EN,Towers with Radar,0,6,39,0,45,0,10,22,0,32,0,16,61,0,77,94,0,94,171
08/24/2013,HEF,VA,AEA,EN,Towers with Radar,0,9,51,0,60,0,37,97,0,134,0,46,148,0,194,226,0,226,420
08/25/2013,HEF,VA,AEA,EN,Towers with Radar,0,8,49,0,57,0,33,89,1,123,0,41,138,1,180,232,0,232,412
08/26/2013,HEF,VA,AEA,EN,Towers with Radar,0,15,33,0,48,0,17,61,1,79,0,32,94,1,127,126,0,126,253
08/27/2013,HEF,VA,AEA,EN,Towers with Radar,0,8,33,0,41,0,11,65,0,76,0,19,98,0,117,166,12,178,295
08/28/2013,HEF,VA,AEA,EN,Towers with Radar,0,11,33,0,44,0,4,10,0,14,0,15,43,0,58,66,0,66,124
08/29/2013,HEF,VA,AEA,EN,Towers with Radar,0,10,55,0,65,0,7,34,0,41,0,17,89,0,106,134,0,134,240
08/30/2013,HEF,VA,AEA,EN,Towers with Radar,0,11,52,0,63,0,14,46,0,60,0,25,98,0,123,190,0,190,313
08/31/2013,HEF,VA,AEA,EN,Towers with Radar,0,4,25,0,29,0,25,74,0,99,0,29,99,0,128,0,0,0,128
09/01/2013,HEF,VA,AEA,EN,Towers with Radar,0,8,26,0,34,0,19,41,0,60,0,27,67,0,94,278,0,278,372
09/02/2013,HEF,VA,AEA,EN,Towers with Radar,0,11,40,0,51,0,12,37,1,50,0,23,77,1,101,96,0,96,197
09/03/2013,HEF,VA,AEA,EN,Towers with Radar,0,7,32,2,41,0,8,50,1,59,0,15,82,3,100,34,6,40,140
09/04/2013,HEF,VA,AEA,EN,Towers with Radar,0,8,48,4,60,0,20,64,0,84,0,28,112,4,144,116,0,116,260
09/05/2013,HEF,VA,AEA,EN,Towers with Radar,0,3,32,2,37,0,23,74,2,99,0,26,106,4,136,0,0,0,136
09/06/2013,HEF,VA,AEA,EN,Towers with Radar,0,4,47,1,52,0,16,55,2,73,0,20,102,3,125,110,0,110,235
09/07/2013,HEF,VA,AEA,EN,Towers with Radar,0,11,30,5,46,0,22,75,1,98,0,33,105,6,144,0,0,0,144
09/08/2013,HEF,VA,AEA,EN,Towers with Radar,0,11,48,2,61,0,19,73,0,92,0,30,121,2,153,98,0,98,251
09/09/2013,HEF,VA,AEA,EN,Towers with Radar,0,6,38,0,44,0,19,40,0,59,0,25,78,0,103,158,0,158,261
09/10/2013,HEF,VA,AEA,EN,Towers with Radar,0,10,46,1,57,0,10,46,2,58,0,20,92,3,115,96,0,96,211
09/11/2013,HEF,VA,AEA,EN,Towers with Radar,0,13,47,1,61,0,24,49,4,77,0,37,96,5,138,0,0,0,138
09/12/2013,HEF,VA,AEA,EN,Towers with Radar,0,16,46,0,62,0,9,38,2,49,0,25,84,2,111,166,0,166,277
09/13/2013,HEF,VA,AEA,EN,Towers with Radar,0,13,51,3,67,0,16,55,6,77,0,29,106,9,144,66,0,66,210
09/14/2013,HEF,VA,AEA,EN,Towers with Radar,0,11,36,0,47,0,47,114,3,164,0,58,150,3,211,0,0,0,211
09/15/2013,HEF,VA,AEA,EN,Towers with Radar,0,13,48,3,64,0,26,99,2,127,0,39,147,5,191,196,0,196,387
09/16/2013,HEF,VA,AEA,EN,Towers with Radar,0,5,42,0,47,0,9,24,0,33,0,14,66,0,80,82,0,82,162
09/17/2013,HEF,VA,AEA,EN,Towers with Radar,0,11,47,0,58,0,17,44,1,62,0,28,91,1,120,102,0,102,222
09/18/2013,HEF,VA,AEA,EN,Towers with Radar,0,11,69,0,80,0,22,52,0,74,0,33,121,0,154,66,0,66,220
09/19/2013,HEF,VA,AEA,EN,Towers with Radar,2,13,50,3,68,0,22,57,3,82,2,35,107,6,150,158,0,158,308
09/20/2013,HEF,VA,AEA,EN,Towers with Radar,0,13,54,0,67,0,18,61,2,81,0,31,115,2,148,130,0,130,278
09/21/2013,HEF,VA,AEA,EN,Towers with Radar,0,6,50,0,56,0,11,17,0,28,0,17,67,0,84,0,0,0,84
09/22/2013,HEF,VA,AEA,EN,Towers with Radar,0,10,50,0,60,0,25,87,0,112,0,35,137,0,172,148,0,148,320
09/23/2013,HEF,VA,AEA,EN,Towers with Radar,0,6,29,1,36,0,26,54,12,92,0,32,83,13,128,22,0,22,150
09/24/2013,HEF,VA,AEA,EN,Towers with Radar,0,14,38,0,52,0,29,70,1,100,0,43,108,1,152,12,20,32,184
09/25/2013,HEF,VA,AEA,EN,Towers with Radar,0,10,35,2,47,0,26,51,3,80,0,36,86,5,127,0,0,0,127
09/26/2013,HEF,VA,AEA,EN,Towers with Radar,0,15,49,0,64,0,18,67,1,86,0,33,116,1,150,40,0,40,190
09/27/2013,HEF,VA,AEA,EN,Towers with Radar,0,14,59,1,74,0,16,36,1,53,0,30,95,2,127,204,0,204,331
09/28/2013,HEF,VA,AEA,EN,Towers with Radar,0,5,31,0,36,0,34,97,4,135,0,39,128,4,171,246,0,246,417
09/29/2013,HEF,VA,AEA,EN,Towers with Radar,0,6,48,0,54,0,20,73,0,93,0,26,121,0,147,182,0,182,329
09/30/2013,HEF,VA,AEA,EN,Towers with Radar,0,10,35,0,45,0,22,47,0,69,0,32,82,0,114,84,0,84,198
10/01/2013,HEF,VA,AEA,EN,Towers with Radar,0,10,43,0,53,0,16,62,1,79,0,26,105,1,132,176,0,176,308
10/02/2013,HEF,VA,AEA,EN,Towers with Radar,0,11,56,1,68,0,34,60,0,94,0,45,116,1,162,0,0,0,162
10/03/2013,HEF,VA,AEA,EN,Towers with Radar,0,8,53,1,62,0,23,72,0,95,0,31,125,1,157,148,0,148,305
10/04/2013,HEF,VA,AEA,EN,Towers with Radar,0,7,57,0,64,0,14,61,0,75,0,21,118,0,139,130,0,130,269
10/05/2013,HEF,VA,AEA,EN,Towers with Radar,0,9,41,0,50,0,34,91,2,127,0,43,132,2,177,0,0,0,177
10/06/2013,HEF,VA,AEA,EN,Towers with Radar,0,10,43,0,53,0,24,72,2,98,0,34,115,2,151,108,0,108,259
10/07/2013,HEF,VA,AEA,EN,Towers with Radar,0,7,25,0,32,0,0,4,0,4,0,7,29,0,36,6,0,6,42
10/08/2013,HEF,VA,AEA,EN,Towers with Radar,0,12,47,0,59,0,17,62,2,81,0,29,109,2,140,132,0,132,272
10/09/2013,HEF,VA,AEA,EN,Towers with Radar,0,11,48,0,59,0,11,45,2,58,0,22,93,2,117,0,0,0,117
10/10/2013,HEF,VA,AEA,EN,Towers with Radar,0,16,30,0,46,0,0,0,0,0,0,16,30,0,46,0,0,0,46
10/11/2013,HEF,VA,AEA,EN,Towers with Radar,0,11,65,0,76,0,0,0,0,0,0,11,65,0,76,0,0,0,76
10/12/2013,HEF,VA,AEA,EN,Towers with Radar,0,11,30,0,41,0,0,1,0,1,0,11,31,0,42,0,0,0,42
10/13/2013,HEF,VA,AEA,EN,Towers with Radar,0,11,37,0,48,0,1,1,0,2,0,12,38,0,50,0,0,0,50
10/14/2013,HEF,VA,AEA,EN,Towers with Radar,0,11,60,0,71,0,11,43,0,54,0,22,103,0,125,170,0,170,295
10/15/2013,HEF,VA,AEA,EN,Towers with Radar,0,12,34,0,46,0,12,62,0,74,0,24,96,0,120,148,0,148,268
10/16/2013,HEF,VA,AEA,EN,Towers with Radar,0,21,45,0,66,0,12,36,0,48,0,33,81,0,114,168,0,168,282
10/17/2013,HEF,VA,AEA,EN,Towers with Radar,0,17,41,0,58,0,12,36,2,50,0,29,77,2,108,174,0,174,282
10/18/2013,HEF,VA,AEA,EN,Towers with Radar,0,21,40,0,61,0,32,82,3,117,0,53,122,3,178,104,0,104,282
10/19/2013,HEF,VA,AEA,EN,Towers with Radar,0,12,38,0,50,0,17,45,1,63,0,29,83,1,113,0,0,0,113
10/20/2013,HEF,VA,AEA,EN,Towers with Radar,0,12,67,1,80,0,33,98,2,133,0,45,165,3,213,140,0,140,353
10/21/2013,HEF,VA,AEA,EN,Towers with Radar,0,5,42,0,47,0,19,67,1,87,0,24,109,1,134,0,0,0,134
10/22/2013,HEF,VA,AEA,EN,Towers with Radar,0,14,37,1,52,0,10,32,1,43,0,24,69,2,95,66,0,66,161
10/23/2013,HEF,VA,AEA,EN,Towers with Radar,0,15,41,1,57,0,15,27,1,43,0,30,68,2,100,122,0,122,222
10/24/2013,HEF,VA,AEA,EN,Towers with Radar,0,13,47,0,60,0,19,42,0,61,0,32,89,0,121,54,0,54,175
10/25/2013,HEF,VA,AEA,EN,Towers with Radar,0,21,45,2,68,0,20,55,5,80,0,41,100,7,148,0,0,0,148
10/26/2013,HEF,VA,AEA,EN,Towers with Radar,0,10,30,1,41,0,19,67,4,90,0,29,97,5,131,49,0,49,180
10/27/2013,HEF,VA,AEA,EN,Towers with Radar,0,10,51,1,62,0,30,101,0,131,0,40,152,1,193,191,0,191,384
10/28/2013,HEF,VA,AEA,EN,Towers with Radar,0,8,30,0,38,0,24,74,0,98,0,32,104,0,136,0,0,0,136
10/29/2013,HEF,VA,AEA,EN,Towers with Radar,0,20,56,0,76,0,13,69,1,83,0,33,125,1,159,82,0,82,241
10/30/2013,HEF,VA,AEA,EN,Towers with Radar,0,9,48,1,58,0,11,42,2,55,0,20,90,3,113,116,0,116,229
10/31/2013,HEF,VA,AEA,EN,Towers with Radar,0,10,38,3,51,0,14,18,0,32,0,24,56,3,83,24,0,24,107
11/01/2013,HEF,VA,AEA,EN,Towers with Radar,0,10,28,0,38,0,12,22,0,34,0,22,50,0,72,16,0,16,88
11/02/2013,HEF,VA,AEA,EN,Towers with Radar,0,8,36,0,44,0,24,92,11,127,0,32,128,11,171,236,14,250,421
11/03/2013,HEF,VA,AEA,EN,Towers with Radar,0,11,34,0,45,0,9,59,0,68,0,20,93,0,113,84,0,84,197
11/04/2013,HEF,VA,AEA,EN,Towers with Radar,0,12,32,0,44,0,22,49,0,71,0,34,81,0,115,0,0,0,115
11/05/2013,HEF,VA,AEA,EN,Towers with Radar,0,13,30,0,43,0,12,57,0,69,0,25,87,0,112,118,0,118,230
11/06/2013,HEF,VA,AEA,EN,Towers with Radar,0,16,42,0,58,0,20,70,0,90,0,36,112,0,148,60,0,60,208
11/07/2013,HEF,VA,AEA,EN,Towers with Radar,0,12,36,0,48,0,4,13,0,17,0,16,49,0,65,26,0,26,91
11/08/2013,HEF,VA,AEA,EN,Towers with Radar,0,25,51,2,78,0,14,40,1,55,0,39,91,3,133,80,0,80,213
11/09/2013,HEF,VA,AEA,EN,Towers with Radar,0,9,33,0,42,0,27,92,1,120,0,36,125,1,162,150,0,150,312
11/10/2013,HEF,VA,AEA,EN,Towers with Radar,0,12,27,0,39,0,14,44,0,58,0,26,71,0,97,118,0,118,215
11/11/2013,HEF,VA,AEA,EN,Towers with Radar,0,12,46,1,59,0,29,97,0,126,0,41,143,1,185,122,0,122,307
11/12/2013,HEF,VA,AEA,EN,Towers with Radar,0,11,29,1,41,0,6,6,0,12,0,17,35,1,53,10,0,10,63
11/13/2013,HEF,VA,AEA,EN,Towers with Radar,0,15,47,1,63,0,13,42,0,55,0,28,89,1,118,42,0,42,160
11/14/2013,HEF,VA,AEA,EN,Towers with Radar,0,16,41,0,57,0,24,72,0,96,0,40,113,0,153,148,0,148,301
11/15/2013,HEF,VA,AEA,EN,Towers with Radar,0,17,49,1,67,0,20,101,1,122,0,37,150,2,189,200,0,200,389
11/16/2013,HEF,VA,AEA,EN,Towers with Radar,0,13,44,0,57,0,1,0,0,1,0,14,44,0,58,0,0,0,58
11/17/2013,HEF,VA,AEA,EN,Towers with Radar,0,8,43,3,54,0,2,3,0,5,0,10,46,3,59,0,0,0,59
11/18/2013,HEF,VA,AEA,EN,Towers with Radar,0,10,34,0,44,0,7,23,1,31,0,17,57,1,75,0,0,0,75
11/19/2013,HEF,VA,AEA,EN,Towers with Radar,0,19,42,0,61,0,9,24,0,33,0,28,66,0,94,136,0,136,230
11/20/2013,HEF,VA,AEA,EN,Towers with Radar,0,12,50,1,63,0,24,62,1,87,0,36,112,2,150,154,0,154,304
11/21/2013,HEF,VA,AEA,EN,Towers with Radar,0,9,41,0,50,0,20,50,0,70,0,29,91,0,120,188,0,188,308
11/22/2013,HEF,VA,AEA,EN,Towers with Radar,0,23,56,0,79,0,10,48,1,59,0,33,104,1,138,174,0,174,312
11/23/2013,HEF,VA,AEA,EN,Towers with Radar,0,6,28,0,34,0,16,64,0,80,0,22,92,0,114,74,0,74,188
11/24/2013,HEF,VA,AEA,EN,Towers with Radar,0,2,29,0,31,0,2,10,0,12,0,4,39,0,43,12,0,12,55
11/25/2013,HEF,VA,AEA,EN,Towers with Radar,0,9,39,0,48,0,21,64,1,86,0,30,103,1,134,124,0,124,258
11/26/2013,HEF,VA,AEA,EN,Towers with Radar,0,15,22,0,37,0,0,0,0,0,0,15,22,0,37,0,0,0,37
11/27/2013,HEF,VA,AEA,EN,Towers with Radar,0,20,26,0,46,0,0,0,0,0,0,20,26,0,46,18,0,18,64
11/28/2013,HEF,VA,AEA,EN,Towers with Radar,0,9,33,0,42,0,1,14,0,15,0,10,47,0,57,0,0,0,57
11/29/2013,HEF,VA,AEA,EN,Towers with Radar,0,7,29,0,36,0,28,66,0,94,0,35,95,0,130,142,0,142,272
11/30/2013,HEF,VA,AEA,EN,Towers with Radar,0,13,44,0,57,0,20,98,0,118,0,33,142,0,175,142,0,142,317
12/01/2013,HEF,VA,AEA,EN,Towers with Radar,0,13,64,0,77,0,27,117,2,146,0,40,181,2,223,220,0,220,443
12/02/2013,HEF,VA,AEA,EN,Towers with Radar,0,9,39,0,48,0,23,38,1,62,0,32,77,1,110,130,0,130,240
12/03/2013,HEF,VA,AEA,EN,Towers with Radar,0,16,55,0,71,0,15,63,0,78,0,31,118,0,149,136,0,136,285
12/04/2013,HEF,VA,AEA,EN,Towers with Radar,0,11,37,2,50,0,6,21,0,27,0,17,58,2,77,0,0,0,77
12/05/2013,HEF,VA,AEA,EN,Towers with Radar,0,16,55,0,71,0,6,9,0,15,0,22,64,0,86,104,0,104,190
12/06/2013,HEF,VA,AEA,EN,Towers with Radar,0,12,34,0,46,0,0,0,0,0,0,12,34,0,46,0,0,0,46
12/07/2013,HEF,VA,AEA,EN,Towers with Radar,0,10,25,0,35,0,13,51,0,64,0,23,76,0,99,224,0,224,323
12/08/2013,HEF,VA,AEA,EN,Towers with Radar,0,1,7,2,10,0,0,0,0,0,0,1,7,2,10,0,0,0,10
12/09/2013,HEF,VA,AEA,EN,Towers with Radar,0,5,25,0,30,0,0,0,0,0,0,5,25,0,30,0,0,0,30
12/10/2013,HEF,VA,AEA,EN,Towers with Radar,0,7,26,0,33,0,1,6,0,7,0,8,32,0,40,18,0,18,58
12/11/2013,HEF,VA,AEA,EN,Towers with Radar,0,22,47,0,69,0,18,67,0,85,0,40,114,0,154,102,0,102,256
12/12/2013,HEF,VA,AEA,EN,Towers with Radar,0,15,44,0,59,0,17,41,0,58,0,32,85,0,117,0,0,0,117
12/13/2013,HEF,VA,AEA,EN,Towers with Radar,0,26,61,1,88,0,25,78,0,103,0,51,139,1,191,182,0,182,373
12/14/2013,HEF,VA,AEA,EN,Towers with Radar,0,16,6,0,22,0,2,0,0,2,0,18,6,0,24,0,0,0,24
12/15/2013,HEF,VA,AEA,EN,Towers with Radar,0,8,25,0,33,0,10,35,0,45,0,18,60,0,78,150,0,150,228
12/16/2013,HEF,VA,AEA,EN,Towers with Radar,0,9,35,0,44,0,12,43,0,55,0,21,78,0,99,108,0,108,207
12/17/2013,HEF,VA,AEA,EN,Towers with Radar,0,7,41,0,48,0,6,27,0,33,0,13,68,0,81,110,0,110,191
12/18/2013,HEF,VA,AEA,EN,Towers with Radar,0,11,51,1,63,0,18,45,3,66,0,29,96,4,129,154,0,154,283
12/19/2013,HEF,VA,AEA,EN,Towers with Radar,0,17,43,0,60,0,24,93,2,119,0,41,136,2,179,102,0,102,281
12/20/2013,HEF,VA,AEA,EN,Towers with Radar,0,17,38,0,55,0,34,60,0,94,0,51,98,0,149,124,0,124,273
12/21/2013,HEF,VA,AEA,EN,Towers with Radar,0,19,24,0,43,0,21,67,0,88,0,40,91,0,131,150,0,150,281
12/22/2013,HEF,VA,AEA,EN,Towers with Radar,0,1,24,0,25,0,2,3,0,5,0,3,27,0,30,12,0,12,42
12/23/2013,HEF,VA,AEA,EN,Towers with Radar,0,9,39,0,48,0,2,2,0,4,0,11,41,0,52,2,0,2,54
12/24/2013,HEF,VA,AEA,EN,Towers with Radar,0,10,21,0,31,0,7,22,0,29,0,17,43,0,60,44,0,44,104
12/25/2013,HEF,VA,AEA,EN,Towers with Radar,0,6,16,0,22,0,2,35,0,37,0,8,51,0,59,0,0,0,59
12/26/2013,HEF,VA,AEA,EN,Towers with Radar,0,8,36,0,44,0,20,46,0,66,0,28,82,0,110,28,0,28,138
12/27/2013,HEF,VA,AEA,EN,Towers with Radar,0,14,55,0,69,0,17,83,0,100,0,31,138,0,169,46,0,46,215
12/28/2013,HEF,VA,AEA,EN,Towers with Radar,0,15,37,0,52,0,31,106,0,137,0,46,143,0,189,0,0,0,189
12/29/2013,HEF,VA,AEA,EN,Towers with Radar,0,4,21,0,25,0,0,1,0,1,0,4,22,0,26,4,0,4,30
12/30/2013,HEF,VA,AEA,EN,Towers with Radar,1,6,31,0,38,0,20,28,0,48,1,26,59,0,86,84,0,84,170
12/31/2013,HEF,VA,AEA,EN,Towers with Radar,0,8,11,0,19,0,14,38,0,52,0,22,49,0,71,60,0,60,131
01/01/2014,HEF,VA,AEA,EN,Towers with Radar,0,6,15,0,21,0,14,56,0,70,0,20,71,0,91,0,0,0,91
01/02/2014,HEF,VA,AEA,EN,Towers with Radar,0,4,24,0,28,0,9,16,0,25,0,13,40,0,53,44,0,44,97
01/03/2014,HEF,VA,AEA,EN,Towers with Radar,0,13,18,0,31,0,2,8,0,10,0,15,26,0,41,6,0,6,47
01/04/2014,HEF,VA,AEA,EN,Towers with Radar,0,13,36,0,49,0,27,71,0,98,0,40,107,0,147,280,0,280,427
01/05/2014,HEF,VA,AEA,EN,Towers with Radar,0,11,25,0,36,0,0,0,0,0,0,11,25,0,36,0,0,0,36
01/06/2014,HEF,VA,AEA,EN,Towers with Radar,0,7,25,0,32,0,4,9,0,13,0,11,34,0,45,8,0,8,53
01/07/2014,HEF,VA,AEA,EN,Towers with Radar,0,11,25,0,36,0,9,12,0,21,0,20,37,0,57,10,0,10,67
01/08/2014,HEF,VA,AEA,EN,Towers with Radar,0,7,30,0,37,0,23,40,1,64,0,30,70,1,101,122,0,122,223
01/09/2014,HEF,VA,AEA,EN,Towers with Radar,0,12,38,0,50,0,28,50,0,78,0,40,88,0,128,98,0,98,226
01/10/2014,HEF,VA,AEA,EN,Towers with Radar,0,9,18,0,27,0,0,0,0,0,0,9,18,0,27,0,0,0,27
01/11/2014,HEF,VA,AEA,EN,Towers with Radar,0,11,10,0,21,0,0,0,0,0,0,11,10,0,21,0,0,0,21
01/12/2014,HEF,VA,AEA,EN,Towers with Radar,0,9,28,0,37,0,34,92,0,126,0,43,120,0,163,142,0,142,305
01/13/2014,HEF,VA,AEA,EN,Towers with Radar,0,4,25,0,29,0,26,55,0,81,0,30,80,0,110,72,0,72,182
01/14/2014,HEF,VA,AEA,EN,Towers with Radar,0,9,17,0,26,0,0,10,0,10,0,9,27,0,36,26,0,26,62
01/15/2014,HEF,VA,AEA,EN,Towers with Radar,0,4,28,0,32,0,10,20,0,30,0,14,48,0,62,124,0,124,186
01/16/2014,HEF,VA,AEA,EN,Towers with Radar,0,11,44,0,55,0,32,62,0,94,0,43,106,0,149,0,0,0,149
01/17/2014,HEF,VA,AEA,EN,Towers with Radar,0,15,19,0,34,0,25,60,0,85,0,40,79,0,119,223,0,223,342
01/18/2014,HEF,VA,AEA,EN,Towers with Radar,0,7,26,0,33,0,26,34,0,60,0,33,60,0,93,48,0,48,141
01/19/2014,HEF,VA,AEA,EN,Towers with Radar,0,4,20,0,24,0,22,41,0,63,0,26,61,0,87,100,0,100,187
01/20/2014,HEF,VA,AEA,EN,Towers with Radar,0,4,39,0,43,0,25,78,2,105,0,29,117,2,148,110,0,110,258
01/21/2014,HEF,VA,AEA,EN,Towers with Radar,0,5,8,0,13,0,0,2,0,2,0,5,10,0,15,0,0,0,15
01/22/2014,HEF,VA,AEA,EN,Towers with Radar,0,12,33,0,45,0,4,14,0,18,0,16,47,0,63,0,0,0,63
01/23/2014,HEF,VA,AEA,EN,Towers with Radar,0,9,25,0,34,0,17,38,0,55,0,26,63,0,89,0,0,0,89
01/24/2014,HEF,VA,AEA,EN,Towers with Radar,0,14,28,1,43,0,27,50,0,77,0,41,78,1,120,61,0,61,181
01/25/2014,HEF,VA,AEA,EN,Towers with Radar,0,9,10,0,19,0,3,12,0,15,0,12,22,0,34,33,0,33,67
01/26/2014,HEF,VA,AEA,EN,Towers with Radar,0,7,26,0,33,0,32,47,0,79,0,39,73,0,112,108,0,108,220
01/27/2014,HEF,VA,AEA,EN,Towers with Radar,0,10,25,2,37,0,6,27,0,33,0,16,52,2,70,28,8,36,106
01/28/2014,HEF,VA,AEA,EN,Towers with Radar,0,13,35,0,48,0,19,26,0,45,0,32,61,0,93,32,0,32,125
01/29/2014,HEF,VA,AEA,EN,Towers with Radar,0,20,23,0,43,0,24,32,0,56,0,44,55,0,99,0,0,0,99
01/30/2014,HEF,VA,AEA,EN,Towers with Radar,0,17,43,0,60,0,29,69,0,98,0,46,112,0,158,158,0,158,316
01/31/2014,HEF,VA,AEA,EN,Towers with Radar,0,17,31,0,48,0,18,88,2,108,0,35,119,2,156,112,0,112,268
02/01/2014,HEF,VA,AEA,EN,Towers with Radar,0,9,28,0,37,0,21,119,2,142,0,30,147,2,179,226,12,238,417
02/02/2014,HEF,VA,AEA,EN,Towers with Radar,0,5,24,0,29,0,18,52,0,70,0,23,76,0,99,166,0,166,265
02/03/2014,HEF,VA,AEA,EN,Towers with Radar,0,10,23,0,33,0,2,1,0,3,0,12,24,0,36,0,0,0,36
02/04/2014,HEF,VA,AEA,EN,Towers with Radar,0,11,28,0,39,0,16,32,1,49,0,27,60,1,88,160,0,160,248
02/05/2014,HEF,VA,AEA,EN,Towers with Radar,0,14,42,0,56,0,0,2,0,2,0,14,44,0,58,0,0,0,58
02/06/2014,HEF,VA,AEA,EN,Towers with Radar,0,11,21,0,32,0,19,49,0,68,0,30,70,0,100,0,0,0,100
02/07/2014,HEF,VA,AEA,EN,Towers with Radar,0,14,51,0,65,0,21,75,4,100,0,35,126,4,165,232,0,232,397
02/08/2014,HEF,VA,AEA,EN,Towers with Radar,0,8,19,0,27,0,8,20,0,28,0,16,39,0,55,200,0,200,255
02/09/2014,HEF,VA,AEA,EN,Towers with Radar,0,6,22,0,28,0,20,24,0,44,0,26,46,0,72,72,0,72,144
02/10/2014,HEF,VA,AEA,EN,Towers with Radar,0,6,17,0,23,0,15,41,0,56,0,21,58,0,79,100,0,100,179
02/11/2014,HEF,VA,AEA,EN,Towers with Radar,0,10,24,0,34,0,24,49,0,73,0,34,73,0,107,52,0,52,159
02/12/2014,HEF,VA,AEA,EN,Towers with Radar,0,15,41,0,56,0,12,49,0,61,0,27,90,0,117,0,0,0,117
02/13/2014,HEF,VA,AEA,EN,Towers with Radar,0,3,2,0,5,0,0,0,0,0,0,3,2,0,5,0,0,0,5
02/14/2014,HEF,VA,AEA,EN,Towers with Radar,0,11,41,0,52,0,4,22,0,26,0,15,63,0,78,0,0,0,78
02/15/2014,HEF,VA,AEA,EN,Towers with Radar,0,7,9,0,16,0,2,4,0,6,0,9,13,0,22,0,0,0,22
02/16/2014,HEF,VA,AEA,EN,Towers with Radar,0,7,20,0,27,0,15,75,0,90,0,22,95,0,117,206,0,206,323
02/17/2014,HEF,VA,AEA,EN,Towers with Radar,0,13,47,2,62,0,34,62,1,97,0,47,109,3,159,258,0,258,417
02/18/2014,HEF,VA,AEA,EN,Towers with Radar,0,15,36,0,51,0,22,31,3,56,0,37,67,3,107,152,0,152,259
02/19/2014,HEF,VA,AEA,EN,Towers with Radar,0,16,52,0,68,0,6,24,1,31,0,22,76,1,99,0,0,0,99
02/20/2014,HEF,VA,AEA,EN,Towers with Radar,0,19,33,2,54,0,16,59,2,77,0,35,92,4,131,0,0,0,131
02/21/2014,HEF,VA,AEA,EN,Towers with Radar,0,14,29,0,43,0,1,8,0,9,0,15,37,0,52,0,0,0,52
02/22/2014,HEF,VA,AEA,EN,Towers with Radar,0,18,35,0,53,0,16,109,0,125,0,34,144,0,178,352,0,352,530
02/23/2014,HEF,VA,AEA,EN,Towers with Radar,0,14,41,0,55,0,24,116,1,141,0,38,157,1,196,210,0,210,406
02/24/2014,HEF,VA,AEA,EN,Towers with Radar,0,7,49,0,56,0,8,47,0,55,0,15,96,0,111,66,0,66,177
02/25/2014,HEF,VA,AEA,EN,Towers with Radar,0,11,26,0,37,0,6,8,0,14,0,17,34,0,51,20,0,20,71
02/26/2014,HEF,VA,AEA,EN,Towers with Radar,0,12,27,0,39,0,6,8,0,14,0,18,35,0,53,0,0,0,53
02/27/2014,HEF,VA,AEA,EN,Towers with Radar,0,18,35,0,53,0,11,35,0,46,0,29,70,0,99,66,0,66,165
02/28/2014,HEF,VA,AEA,EN,Towers with Radar,0,18,38,0,56,0,21,69,0,90,0,39,107,0,146,0,0,0,146
03/01/2014,HEF,VA,AEA,EN,Towers with Radar,0,9,21,0,30,0,27,91,0,118,0,36,112,0,148,142,0,142,290
03/02/2014,HEF,VA,AEA,EN,Towers with Radar,0,12,27,0,39,0,19,46,0,65,0,31,73,0,104,238,0,238,342
03/03/2014,HEF,VA,AEA,EN,Towers with Radar,0,2,1,0,3,0,0,1,0,1,0,2,2,0,4,0,0,0,4
03/04/2014,HEF,VA,AEA,EN,Towers with Radar,0,14,35,0,49,0,5,16,0,21,0,19,51,0,70,34,0,34,104
03/05/2014,HEF,VA,AEA,EN,Towers with Radar,0,15,51,1,67,0,18,53,1,72,0,33,104,2,139,0,0,0,139
03/06/2014,HEF,VA,AEA,EN,Towers with Radar,0,16,43,0,59,0,16,39,1,56,0,32,82,1,115,0,0,0,115
03/07/2014,HEF,VA,AEA,EN,Towers with Radar,0,11,25,0,36,0,12,20,2,34,0,23,45,2,70,66,0,66,136
03/08/2014,HEF,VA,AEA,EN,Towers with Radar,0,16,37,0,53,0,32,125,2,159,0,48,162,2,212,402,0,402,614
03/09/2014,HEF,VA,AEA,EN,Towers with Radar,0,11,37,0,48,0,44,70,0,114,0,55,107,0,162,132,0,132,294
03/10/2014,HEF,VA,AEA,EN,Towers with Radar,0,5,39,2,46,0,18,49,0,67,0,23,88,2,113,122,0,122,235
03/11/2014,HEF,VA,AEA,EN,Towers with Radar,0,15,45,0,60,0,21,79,2,102,0,36,124,2,162,108,0,108,270
03/12/2014,HEF,VA,AEA,EN,Towers with Radar,0,15,38,2,55,0,1,33,2,36,0,16,71,4,91,64,0,64,155
03/13/2014,HEF,VA,AEA,EN,Towers with Radar,0,14,32,0,46,0,4,9,0,13,0,18,41,0,59,4,0,4,63
03/14/2014,HEF,VA,AEA,EN,Towers with Radar,0,18,43,2,63,0,32,67,0,99,0,50,110,2,162,150,0,150,312
03/15/2014,HEF,VA,AEA,EN,Towers with Radar,0,12,28,0,40,0,31,65,0,96,0,43,93,0,136,236,0,236,372
03/16/2014,HEF,VA,AEA,EN,Towers with Radar,0,12,28,1,41,0,26,78,1,105,0,38,106,2,146,196,0,196,342
03/17/2014,HEF,VA,AEA,EN,Towers with Radar,0,0,12,0,12,0,0,0,0,0,0,0,12,0,12,0,0,0,12
03/18/2014,HEF,VA,AEA,EN,Towers with Radar,0,11,40,0,51,0,9,22,0,31,0,20,62,0,82,160,0,160,242
03/19/2014,HEF,VA,AEA,EN,Towers with Radar,0,13,34,0,47,0,0,2,0,2,0,13,36,0,49,0,0,0,49
03/20/2014,HEF,VA,AEA,EN,Towers with Radar,0,16,53,0,69,0,22,41,0,63,0,38,94,0,132,76,0,76,208
03/21/2014,HEF,VA,AEA,EN,Towers with Radar,0,17,53,0,70,0,33,97,0,130,0,50,150,0,200,352,0,352,552
03/22/2014,HEF,VA,AEA,EN,Towers with Radar,0,9,21,0,30,0,42,90,3,135,0,51,111,3,165,347,0,347,512
03/23/2014,HEF,VA,AEA,EN,Towers with Radar,0,9,37,0,46,0,31,73,0,104,0,40,110,0,150,242,0,242,392
03/24/2014,HEF,VA,AEA,EN,Towers with Radar,0,8,50,0,58,0,14,60,4,78,0,22,110,4,136,210,0,210,346
03/25/2014,HEF,VA,AEA,EN,Towers with Radar,0,6,20,0,26,0,1,2,0,3,0,7,22,0,29,0,0,0,29
03/26/2014,HEF,VA,AEA,EN,Towers with Radar,0,9,28,0,37,0,7,11,0,18,0,16,39,0,55,2,0,2,57
03/27/2014,HEF,VA,AEA,EN,Towers with Radar,0,12,54,0,66,0,22,68,2,92,0,34,122,2,158,0,0,0,158
03/28/2014,HEF,VA,AEA,EN,Towers with Radar,0,13,27,0,40,0,2,11,0,13,0,15,38,0,53,56,0,56,109
03/29/2014,HEF,VA,AEA,EN,Towers with Radar,0,6,29,0,35,0,0,0,0,0,0,6,29,0,35,0,0,0,35
03/30/2014,HEF,VA,AEA,EN,Towers with Radar,0,9,31,0,40,0,2,0,0,2,0,11,31,0,42,0,0,0,42
03/31/2014,HEF,VA,AEA,EN,Towers with Radar,0,3,32,0,35,0,16,39,1,56,0,19,71,1,91,28,0,28,119
04/01/2014,HEF,VA,AEA,EN,Towers with Radar,0,21,29,0,50,0,29,65,0,94,0,50,94,0,144,196,0,196,340
04/02/2014,HEF,VA,AEA,EN,Towers with Radar,0,12,60,0,72,0,21,74,0,95,0,33,134,0,167,0,0,0,167
04/03/2014,HEF,VA,AEA,EN,Towers with Radar,0,15,43,0,58,0,20,40,2,62,0,35,83,2,120,0,0,0,120
04/04/2014,HEF,VA,AEA,EN,Towers with Radar,0,24,53,0,77,0,3,13,0,16,0,27,66,0,93,226,0,226,319
04/05/2014,HEF,VA,AEA,EN,Towers with Radar,0,12,46,0,58,0,32,53,0,85,0,44,99,0,143,102,0,102,245
04/06/2014,HEF,VA,AEA,EN,Towers with Radar,0,15,63,0,78,0,29,121,0,150,0,44,184,0,228,388,0,388,616
04/07/2014,HEF,VA,AEA,EN,Towers with Radar,0,10,40,0,50,0,0,2,0,2,0,10,42,0,52,6,0,6,58
04/08/2014,HEF,VA,AEA,EN,Towers with Radar,0,10,37,2,49,0,8,27,0,35,0,18,64,2,84,78,0,78,162
04/09/2014,HEF,VA,AEA,EN,Towers with Radar,0,20,67,2,89,0,6,74,1,81,0,26,141,3,170,0,0,0,170
04/10/2014,HEF,VA,AEA,EN,Towers with Radar,0,25,56,0,81,0,14,71,2,87,0,39,127,2,168,0,0,0,168
04/11/2014,HEF,VA,AEA,EN,Towers with Radar,0,15,54,0,69,0,29,52,1,82,0,44,106,1,151,122,0,122,273
04/12/2014,HEF,VA,AEA,EN,Towers with Radar,0,11,30,0,41,0,37,106,0,143,0,48,136,0,184,344,0,344,528
04/13/2014,HEF,VA,AEA,EN,Towers with Radar,0,8,44,1,53,0,17,85,0,102,0,25,129,1,155,136,0,136,291
04/14/2014,HEF,VA,AEA,EN,Towers with Radar,0,11,32,0,43,0,9,27,0,36,0,20,59,0,79,0,0,0,79
04/15/2014,HEF,VA,AEA,EN,Towers with Radar,0,9,15,0,24,0,1,1,0,2,0,10,16,0,26,0,0,0,26
04/16/2014,HEF,VA,AEA,EN,Towers with Radar,0,16,39,0,55,0,20,53,0,73,0,36,92,0,128,200,0,200,328
04/17/2014,HEF,VA,AEA,EN,Towers with Radar,0,21,43,3,67,0,24,47,4,75,0,45,90,7,142,0,0,0,142
04/18/2014,HEF,VA,AEA,EN,Towers with Radar,0,16,58,0,74,0,20,81,0,101,0,36,139,0,175,158,0,158,333
04/19/2014,HEF,VA,AEA,EN,Towers with Radar,0,10,20,0,30,0,37,112,1,150,0,47,132,1,180,194,0,194,374
04/20/2014,HEF,VA,AEA,EN,Towers with Radar,0,12,39,0,51,0,29,76,0,105,0,41,115,0,156,56,0,56,212
04/21/2014,HEF,VA,AEA,EN,Towers with Radar,0,11,54,1,66,0,20,64,3,87,0,31,118,4,153,158,0,158,311
04/22/2014,HEF,VA,AEA,EN,Towers with Radar,0,20,32,1,53,0,13,30,4,47,0,33,62,5,100,42,0,42,142
04/23/2014,HEF,VA,AEA,EN,Towers with Radar,0,13,38,2,53,0,5,23,0,28,0,18,61,2,81,0,0,0,81
04/24/2014,HEF,VA,AEA,EN,Towers with Radar,0,15,40,0,55,0,24,76,3,103,0,39,116,3,158,0,0,0,158
04/25/2014,HEF,VA,AEA,EN,Towers with Radar,0,27,42,0,69,0,12,41,1,54,0,39,83,1,123,38,0,38,161
04/26/2014,HEF,VA,AEA,EN,Towers with Radar,0,15,44,2,61,0,25,54,2,81,0,40,98,4,142,158,0,158,300
04/27/2014,HEF,VA,AEA,EN,Towers with Radar,0,14,63,0,77,0,29,99,1,129,0,43,162,1,206,142,0,142,348
04/28/2014,HEF,VA,AEA,EN,Towers with Radar,0,17,39,0,56,0,12,38,0,50,0,29,77,0,106,70,0,70,176
04/29/2014,HEF,VA,AEA,EN,Towers with Radar,0,13,25,0,38,0,0,0,0,0,0,13,25,0,38,0,0,0,38
04/30/2014,HEF,VA,AEA,EN,Towers with Radar,0,12,16,0,28,0,0,0,0,0,0,12,16,0,28,0,0,0,28
05/01/2014,HEF,VA,AEA,EN,Towers with Radar,0,8,62,0,70,0,23,42,1,66,0,31,104,1,136,0,0,0,136
05/02/2014,HEF,VA,AEA,EN,Towers with Radar,0,11,56,0,67,0,21,79,3,103,0,32,135,3,170,104,0,104,274
05/03/2014,HEF,VA,AEA,EN,Towers with Radar,0,10,23,0,33,0,12,59,0,71,0,22,82,0,104,162,0,162,266
05/04/2014,HEF,VA,AEA,EN,Towers with Radar,0,11,50,0,61,0,18,57,0,75,0,29,107,0,136,54,0,54,190
05/05/2014,HEF,VA,AEA,EN,Towers with Radar,0,10,50,0,60,0,22,54,1,77,0,32,104,1,137,188,0,188,325
05/06/2014,HEF,VA,AEA,EN,Towers with Radar,0,18,65,0,83,0,22,70,0,92,0,40,135,0,175,222,0,222,397
05/07/2014,HEF,VA,AEA,EN,Towers with Radar,0,12,55,2,69,0,8,41,1,50,0,20,96,3,119,174,0,174,293
05/08/2014,HEF,VA,AEA,EN,Towers with Radar,0,15,56,2,73,0,18,64,4,86,0,33,120,6,159,184,0,184,343
05/09/2014,HEF,VA,AEA,EN,Towers with Radar,0,11,44,0,55,0,6,46,1,53,0,17,90,1,108,0,0,0,108
05/10/2014,HEF,VA,AEA,EN,Towers with Radar,0,12,35,0,47,0,6,44,0,50,0,18,79,0,97,175,0,175,272
05/11/2014,HEF,VA,AEA,EN,Towers with Radar,0,13,51,0,64,0,26,105,0,131,0,39,156,0,195,148,0,148,343
05/12/2014,HEF,VA,AEA,EN,Towers with Radar,0,12,40,1,53,0,8,52,1,61,0,20,92,2,114,132,0,132,246
05/13/2014,HEF,VA,AEA,EN,Towers with Radar,0,18,48,1,67,0,19,63,1,83,0,37,111,2,150,94,0,94,244
05/14/2014,HEF,VA,AEA,EN,Towers with Radar,0,11,39,0,50,0,0,9,0,9,0,11,48,0,59,0,0,0,59
05/15/2014,HEF,VA,AEA,EN,Towers with Radar,0,11,47,0,58,0,8,22,0,30,0,19,69,0,88,60,0,60,148
05/16/2014,HEF,VA,AEA,EN,Towers with Radar,0,14,37,2,53,0,24,36,0,60,0,38,73,2,113,72,0,72,185
05/17/2014,HEF,VA,AEA,EN,Towers with Radar,0,14,41,0,55,0,30,115,5,150,0,44,156,5,205,220,0,220,425
05/18/2014,HEF,VA,AEA,EN,Towers with Radar,0,7,56,0,63,0,28,110,0,138,0,35,166,0,201,92,0,92,293
05/19/2014,HEF,VA,AEA,EN,Towers with Radar,0,12,71,0,83,0,22,77,1,100,0,34,148,1,183,126,0,126,309
05/20/2014,HEF,VA,AEA,EN,Towers with Radar,0,19,62,0,81,0,31,74,2,107,0,50,136,2,188,158,0,158,346
05/21/2014,HEF,VA,AEA,EN,Towers with Radar,0,16,53,0,69,0,16,52,0,68,0,32,105,0,137,0,0,0,137
05/22/2014,HEF,VA,AEA,EN,Towers with Radar,0,29,71,2,102,0,14,55,0,69,0,43,126,2,171,164,0,164,335
05/23/2014,HEF,VA,AEA,EN,Towers with Radar,0,21,62,4,87,0,12,80,0,92,0,33,142,4,179,76,0,76,255
05/24/2014,HEF,VA,AEA,EN,Towers with Radar,0,10,33,0,43,0,34,90,0,124,0,44,123,0,167,184,0,184,351
05/25/2014,HEF,VA,AEA,EN,Towers with Radar,0,10,26,0,36,0,19,93,1,113,0,29,119,1,149,188,0,188,337
05/26/2014,HEF,VA,AEA,EN,Towers with Radar,0,10,46,0,56,0,33,97,0,130,0,43,143,0,186,162,0,162,348
05/27/2014,HEF,VA,AEA,EN,Towers with Radar,0,9,39,0,48,0,16,44,0,60,0,25,83,0,108,118,0,118,226
05/28/2014,HEF,VA,AEA,EN,Towers with Radar,0,21,35,4,60,0,7,29,1,37,0,28,64,5,97,0,0,0,97
05/29/2014,HEF,VA,AEA,EN,Towers with Radar,0,20,34,0,54,0,0,3,0,3,0,20,37,0,57,0,0,0,57
05/30/2014,HEF,VA,AEA,EN,Towers with Radar,0,29,73,2,104,0,13,49,2,64,0,42,122,4,168,98,0,98,266
05/31/2014,HEF,VA,AEA,EN,Towers with Radar,0,21,40,0,61,0,36,146,3,185,0,57,186,3,246,180,0,180,426
06/01/2014,HEF,VA,AEA,EN,Towers with Radar,0,17,59,1,77,0,40,100,1,141,0,57,159,2,218,208,0,208,426
06/02/2014,HEF,VA,AEA,EN,Towers with Radar,0,6,39,0,45,0,14,76,0,90,0,20,115,0,135,172,0,172,307
06/03/2014,HEF,VA,AEA,EN,Towers with Radar,0,11,44,0,55,0,12,58,0,70,0,23,102,0,125,132,0,132,257
06/04/2014,HEF,VA,AEA,EN,Towers with Radar,0,17,45,1,63,0,33,84,2,119,0,50,129,3,182,0,0,0,182
06/05/2014,HEF,VA,AEA,EN,Towers with Radar,1,16,46,0,63,0,16,55,0,71,1,32,101,0,134,70,0,70,204
06/06/2014,HEF,VA,AEA,EN,Towers with Radar,0,13,49,0,62,0,32,94,1,127,0,45,143,1,189,73,0,73,262
06/07/2014,HEF,VA,AEA,EN,Towers with Radar,0,9,32,2,43,0,35,105,2,142,0,44,137,4,185,248,0,248,433
06/08/2014,HEF,VA,AEA,EN,Towers with Radar,0,14,47,0,61,0,18,90,1,109,0,32,137,1,170,174,0,174,344
06/09/2014,HEF,VA,AEA,EN,Towers with Radar,0,11,61,0,72,0,22,31,0,53,0,33,92,0,125,94,0,94,219
06/10/2014,HEF,VA,AEA,EN,Towers with Radar,0,13,44,2,59,0,14,18,0,32,0,27,62,2,91,184,0,184,275
06/11/2014,HEF,VA,AEA,EN,Towers with Radar,0,10,38,2,50,0,22,16,0,38,0,32,54,2,88,0,0,0,88
06/12/2014,HEF,VA,AEA,EN,Towers with Radar,0,14,44,1,59,0,1,1,0,2,0,15,45,1,61,0,0,0,61
06/13/2014,HEF,VA,AEA,EN,Towers with Radar,0,18,43,1,62,0,17,24,3,44,0,35,67,4,106,82,0,82,188
06/14/2014,HEF,VA,AEA,EN,Towers with Radar,0,16,59,0,75,0,37,97,0,134,0,53,156,0,209,86,0,86,295
06/15/2014,HEF,VA,AEA,EN,Towers with Radar,0,14,46,1,61,0,27,88,1,116,0,41,134,2,177,156,0,156,333
06/16/2014,HEF,VA,AEA,EN,Towers with Radar,0,9,28,0,37,0,23,82,2,107,0,32,110,2,144,84,0,84,228
06/17/2014,HEF,VA,AEA,EN,Towers with Radar,0,13,44,0,57,0,32,74,1,107,0,45,118,1,164,144,6,150,314
06/18/2014,HEF,VA,AEA,EN,Towers with Radar,0,16,57,0,73,0,22,94,1,117,0,38,151,1,190,50,0,50,240
06/19/2014,HEF,VA,AEA,EN,Towers with Radar,1,12,37,0,50,0,19,34,0,53,1,31,71,0,103,194,0,194,297
06/20/2014,HEF,VA,AEA,EN,Towers with Radar,0,21,67,0,88,0,32,63,0,95,0,53,130,0,183,112,0,112,295
06/21/2014,HEF,VA,AEA,EN,Towers with Radar,0,10,45,0,55,0,5,17,4,26,0,15,62,4,81,254,0,254,335
06/22/2014,HEF,VA,AEA,EN,Towers with Radar,0,22,71,0,93,0,17,64,4,85,0,39,135,4,178,0,0,0,178
06/23/2014,HEF,VA,AEA,EN,Towers with Radar,0,8,41,0,49,0,15,76,0,91,0,23,117,0,140,102,0,102,242
06/24/2014,HEF,VA,AEA,EN,Towers with Radar,0,16,62,0,78,0,29,64,2,95,0,45,126,2,173,90,0,90,263
06/25/2014,HEF,VA,AEA,EN,Towers with Radar,0,13,45,1,59,0,17,51,0,68,0,30,96,1,127,154,0,154,281
06/26/2014,HEF,VA,AEA,EN,Towers with Radar,0,12,52,1,65,0,24,66,0,90,0,36,118,1,155,132,0,132,287
06/27/2014,HEF,VA,AEA,EN,Towers with Radar,0,19,47,0,66,0,31,77,2,110,0,50,124,2,176,156,0,156,332
06/28/2014,HEF,VA,AEA,EN,Towers with Radar,1,9,36,5,51,0,30,112,7,149,1,39,148,12,200,172,0,172,372
06/29/2014,HEF,VA,AEA,EN,Towers with Radar,0,4,58,0,62,0,40,109,0,149,0,44,167,0,211,78,0,78,289
06/30/2014,HEF,VA,AEA,EN,Towers with Radar,0,10,34,0,44,0,15,61,0,76,0,25,95,0,120,122,0,122,242
07/01/2014,HEF,VA,AEA,EN,Towers with Radar,0,8,43,1,52,0,16,58,0,74,0,24,101,1,126,90,0,90,216
07/02/2014,HEF,VA,AEA,EN,Towers with Radar,0,5,29,1,35,0,22,45,3,70,0,27,74,4,105,20,0,20,125
07/03/2014,HEF,VA,AEA,EN,Towers with Radar,0,12,46,0,58,0,10,20,1,31,0,22,66,1,89,124,0,124,213
07/04/2014,HEF,VA,AEA,EN,Towers with Radar,0,7,18,0,25,0,8,35,0,43,0,15,53,0,68,20,0,20,88
07/05/2014,HEF,VA,AEA,EN,Towers with Radar,0,9,28,0,37,0,22,77,5,104,0,31,105,5,141,122,0,122,263
07/06/2014,HEF,VA,AEA,EN,Towers with Radar,0,8,46,1,55,0,27,98,1,126,0,35,144,2,181,112,0,112,293
07/07/2014,HEF,VA,AEA,EN,Towers with Radar,0,14,52,0,66,0,17,55,0,72,0,31,107,0,138,134,0,134,272
07/08/2014,HEF,VA,AEA,EN,Towers with Radar,0,8,31,0,39,0,16,42,3,61,0,24,73,3,100,40,0,40,140
07/09/2014,HEF,VA,AEA,EN,Towers with Radar,0,13,32,1,46,0,14,31,0,45,0,27,63,1,91,0,0,0,91
07/10/2014,HEF,VA,AEA,EN,Towers with Radar,0,17,51,0,68,0,14,43,0,57,0,31,94,0,125,280,0,280,405
07/11/2014,HEF,VA,AEA,EN,Towers with Radar,0,13,55,0,68,0,30,87,0,117,0,43,142,0,185,54,0,54,239
07/12/2014,HEF,VA,AEA,EN,Towers with Radar,0,8,36,0,44,0,23,92,0,115,0,31,128,0,159,280,0,280,439
07/13/2014,HEF,VA,AEA,EN,Towers with Radar,0,14,45,0,59,0,35,86,0,121,0,49,131,0,180,66,0,66,246
07/14/2014,HEF,VA,AEA,EN,Towers with Radar,0,9,37,0,46,0,10,35,0,45,0,19,72,0,91,160,0,160,251
07/15/2014,HEF,VA,AEA,EN,Towers with Radar,0,8,31,2,41,0,9,21,0,30,0,17,52,2,71,80,0,80,151
07/16/2014,HEF,VA,AEA,EN,Towers with Radar,0,21,43,0,64,0,26,79,2,107,0,47,122,2,171,92,0,92,263
07/17/2014,HEF,VA,AEA,EN,Towers with Radar,0,17,45,0,62,0,26,102,0,128,0,43,147,0,190,200,0,200,390
07/18/2014,HEF,VA,AEA,EN,Towers with Radar,0,17,54,0,71,0,26,76,1,103,0,43,130,1,174,198,0,198,372
07/19/2014,HEF,VA,AEA,EN,Towers with Radar,0,12,27,0,39,0,35,118,0,153,0,47,145,0,192,96,0,96,288
07/20/2014,HEF,VA,AEA,EN,Towers with Radar,0,10,50,4,64,0,36,84,2,122,0,46,134,6,186,146,0,146,332
07/21/2014,HEF,VA,AEA,EN,Towers with Radar,0,20,44,0,64,0,9,41,0,50,0,29,85,0,114,104,0,104,218
07/22/2014,HEF,VA,AEA,EN,Towers with Radar,0,14,59,0,73,0,24,39,0,63,0,38,98,0,136,96,0,96,232
07/23/2014,HEF,VA,AEA,EN,Towers with Radar,0,17,43,0,60,0,25,45,3,73,0,42,88,3,133,158,0,158,291
07/24/2014,HEF,VA,AEA,EN,Towers with Radar,0,14,50,0,64,0,12,35,0,47,0,26,85,0,111,242,0,242,353
07/25/2014,HEF,VA,AEA,EN,Towers with Radar,0,15,54,0,69,0,45,127,2,174,0,60,181,2,243,162,0,162,405
07/26/2014,HEF,VA,AEA,EN,Towers with Radar,0,15,44,0,59,0,37,130,0,167,0,52,174,0,226,162,0,162,388
07/27/2014,HEF,VA,AEA,EN,Towers with Radar,0,9,50,0,59,0,7,31,0,38,0,16,81,0,97,164,0,164,261
07/28/2014,HEF,VA,AEA,EN,Towers with Radar,0,3,25,0,28,0,17,51,0,68,0,20,76,0,96,38,0,38,134
07/29/2014,HEF,VA,AEA,EN,Towers with Radar,0,14,38,0,52,0,4,81,2,87,0,18,119,2,139,90,0,90,229
07/30/2014,HEF,VA,AEA,EN,Towers with Radar,0,11,45,3,59,0,23,93,0,116,0,34,138,3,175,0,0,0,175
07/31/2014,HEF,VA,AEA,EN,Towers with Radar,0,22,42,2,66,0,19,78,0,97,0,41,120,2,163,132,0,132,295
08/01/2014,HEF,VA,AEA,EN,Towers with Radar,0,19,58,0,77,0,19,42,0,61,0,38,100,0,138,80,0,80,218
08/02/2014,HEF,VA,AEA,EN,Towers with Radar,0,11,29,0,40,0,25,77,0,102,0,36,106,0,142,202,0,202,344
08/03/2014,HEF,VA,AEA,EN,Towers with Radar,0,4,50,0,54,0,15,43,0,58,0,19,93,0,112,66,0,66,178
08/04/2014,HEF,VA,AEA,EN,Towers with Radar,0,6,38,0,44,0,9,71,2,82,0,15,109,2,126,0,0,0,126
08/05/2014,HEF,VA,AEA,EN,Towers with Radar,0,10,40,0,50,0,27,75,0,102,0,37,115,0,152,0,0,0,152
08/06/2014,HEF,VA,AEA,EN,Towers with Radar,0,8,46,2,56,0,18,62,0,80,0,26,108,2,136,0,0,0,136
08/07/2014,HEF,VA,AEA,EN,Towers with Radar,0,12,51,0,63,0,28,77,0,105,0,40,128,0,168,124,0,124,292
08/08/2014,HEF,VA,AEA,EN,Towers with Radar,0,9,55,1,65,0,27,85,0,112,0,36,140,1,177,134,0,134,311
08/09/2014,HEF,VA,AEA,EN,Towers with Radar,0,9,28,0,37,0,46,97,0,143,0,55,125,0,180,272,0,272,452
08/10/2014,HEF,VA,AEA,EN,Towers with Radar,0,12,54,3,69,0,37,79,0,116,0,49,133,3,185,164,4,168,353
08/11/2014,HEF,VA,AEA,EN,Towers with Radar,0,3,33,1,37,0,22,30,0,52,0,25,63,1,89,96,0,96,185
08/12/2014,HEF,VA,AEA,EN,Towers with Radar,0,7,29,0,36,0,1,0,0,1,0,8,29,0,37,52,0,52,89
08/13/2014,HEF,VA,AEA,EN,Towers with Radar,0,16,35,1,52,0,20,41,1,62,0,36,76,2,114,0,0,0,114
08/14/2014,HEF,VA,AEA,EN,Towers with Radar,0,13,32,2,47,0,25,73,1,99,0,38,105,3,146,162,0,162,308
08/15/2014,HEF,VA,AEA,EN,Towers with Radar,0,12,64,2,78,0,32,91,1,124,0,44,155,3,202,150,0,150,352
08/16/2014,HEF,VA,AEA,EN,Towers with Radar,0,10,55,0,65,0,41,165,0,206,0,51,220,0,271,167,0,167,438
08/17/2014,HEF,VA,AEA,EN,Towers with Radar,0,6,41,0,47,0,19,90,0,109,0,25,131,0,156,204,0,204,360
08/18/2014,HEF,VA,AEA,EN,Towers with Radar,0,6,32,0,38,0,26,50,0,76,0,32,82,0,114,0,0,0,114
08/19/2014,HEF,VA,AEA,EN,Towers with Radar,0,12,35,1,48,0,11,35,0,46,0,23,70,1,94,146,0,146,240
08/20/2014,HEF,VA,AEA,EN,Towers with Radar,0,16,27,2,45,0,18,36,0,54,0,34,63,2,99,158,0,158,257
08/21/2014,HEF,VA,AEA,EN,Towers with Radar,0,9,49,0,58,0,20,28,0,48,0,29,77,0,106,96,0,96,202
08/22/2014,HEF,VA,AEA,EN,Towers with Radar,0,20,34,1,55,0,18,50,2,70,0,38,84,3,125,130,0,130,255
08/23/2014,HEF,VA,AEA,EN,Towers with Radar,0,16,29,1,46,0,0,4,0,4,0,16,33,1,50,8,0,8,58
08/24/2014,HEF,VA,AEA,EN,Towers with Radar,0,20,43,0,63,0,20,82,0,102,0,40,125,0,165,202,0,202,367
08/25/2014,HEF,VA,AEA,EN,Towers with Radar,0,9,30,5,44,0,20,86,0,106,0,29,116,5,150,84,0,84,234
08/26/2014,HEF,VA,AEA,EN,Towers with Radar,0,16,39,5,60,0,33,80,3,116,0,49,119,8,176,66,0,66,242
08/27/2014,HEF,VA,AEA,EN,Towers with Radar,0,12,38,4,54,0,25,92,0,117,0,37,130,4,171,0,0,0,171
08/28/2014,HEF,VA,AEA,EN,Towers with Radar,0,22,32,1,55,0,21,70,1,92,0,43,102,2,147,106,0,106,253
08/29/2014,HEF,VA,AEA,EN,Towers with Radar,0,24,41,0,65,0,25,106,4,135,0,49,147,4,200,144,0,144,344
08/30/2014,HEF,VA,AEA,EN,Towers with Radar,0,13,41,1,55,0,24,52,3,79,0,37,93,4,134,204,0,204,338
08/31/2014,HEF,VA,AEA,EN,Towers with Radar,0,4,23,0,27,0,8,41,1,50,0,12,64,1,77,158,0,158,235
09/01/2014,HEF,VA,AEA,EN,Towers with Radar,0,8,47,0,55,0,30,43,0,73,0,38,90,0,128,194,0,194,322
09/02/2014,HEF,VA,AEA,EN,Towers with Radar,0,5,26,4,35,0,22,44,0,66,0,27,70,4,101,80,0,80,181
09/03/2014,HEF,VA,AEA,EN,Towers with Radar,0,15,32,5,52,0,17,67,1,85,0,32,99,6,137,84,0,84,221
09/04/2014,HEF,VA,AEA,EN,Towers with Radar,0,17,25,6,48,0,24,47,0,71,0,41,72,6,119,178,0,178,297
09/05/2014,HEF,VA,AEA,EN,Towers with Radar,0,9,40,4,53,0,22,44,2,68,0,31,84,6,121,24,0,24,145
09/06/2014,HEF,VA,AEA,EN,Towers with Radar,0,12,22,0,34,0,29,62,3,94,0,41,84,3,128,94,0,94,222
09/07/2014,HEF,VA,AEA,EN,Towers with Radar,0,16,43,0,59,0,34,75,1,110,0,50,118,1,169,192,0,192,361
09/08/2014,HEF,VA,AEA,EN,Towers with Radar,0,7,57,4,68,0,12,31,2,45,0,19,88,6,113,38,40,78,191
09/09/2014,HEF,VA,AEA,EN,Towers with Radar,1,17,44,8,70,0,11,19,2,32,1,28,63,10,102,156,42,198,300
09/10/2014,HEF,VA,AEA,EN,Towers with Radar,0,15,40,7,62,0,14,37,7,58,0,29,77,14,120,0,0,0,120
09/11/2014,HEF,VA,AEA,EN,Towers with Radar,0,13,49,4,66,0,26,42,9,77,0,39,91,13,143,26,68,94,237
09/12/2014,HEF,VA,AEA,EN,Towers with Radar,0,15,47,2,64,0,30,82,2,114,0,45,129,4,178,126,20,146,324
09/13/2014,HEF,VA,AEA,EN,Towers with Radar,0,17,26,0,43,0,7,14,0,21,0,24,40,0,64,80,0,80,144
09/14/2014,HEF,VA,AEA,EN,Towers with Radar,0,10,54,0,64,0,37,130,0,167,0,47,184,0,231,216,0,216,447
09/15/2014,HEF,VA,AEA,EN,Towers with Radar,0,15,71,4,90,0,28,59,3,90,0,43,130,7,180,108,10,118,298
09/16/2014,HEF,VA,AEA,EN,Towers with Radar,0,13,40,5,58,0,15,44,1,60,0,28,84,6,118,144,0,144,262
09/17/2014,HEF,VA,AEA,EN,Towers with Radar,0,15,47,6,68,0,23,60,3,86,0,38,107,9,154,194,0,194,348
09/18/2014,HEF,VA,AEA,EN,Towers with Radar,0,16,64,7,87,0,22,62,0,84,0,38,126,7,171,128,2,130,301
09/19/2014,HEF,VA,AEA,EN,Towers with Radar,0,13,59,1,73,0,32,71,2,105,0,45,130,3,178,92,0,92,270
09/20/2014,HEF,VA,AEA,EN,Towers with Radar,0,11,49,0,60,0,20,71,1,92,0,31,120,1,152,50,0,50,202
09/21/2014,HEF,VA,AEA,EN,Towers with Radar,0,4,45,2,51,0,22,98,4,124,0,26,143,6,175,212,0,212,387
09/22/2014,HEF,VA,AEA,EN,Towers with Radar,0,13,34,8,55,0,14,42,2,58,0,27,76,10,113,66,0,66,179
09/23/2014,HEF,VA,AEA,EN,Towers with Radar,0,25,34,9,68,0,14,60,3,77,0,39,94,12,145,192,0,192,337
09/24/2014,HEF,VA,AEA,EN,Towers with Radar,0,16,50,3,69,0,12,49,2,63,0,28,99,5,132,0,0,0,132
09/25/2014,HEF,VA,AEA,EN,Towers with Radar,0,22,40,8,70,0,0,0,0,0,0,22,40,8,70,4,0,4,74
09/26/2014,HEF,VA,AEA,EN,Towers with Radar,0,17,45,6,68,0,19,85,1,105,0,36,130,7,173,126,0,126,299
09/27/2014,HEF,VA,AEA,EN,Towers with Radar,0,13,36,3,52,0,27,129,2,158,0,40,165,5,210,180,0,180,390
09/28/2014,HEF,VA,AEA,EN,Towers with Radar,0,9,65,2,76,0,27,131,2,160,0,36,196,4,236,166,0,166,402
09/29/2014,HEF,VA,AEA,EN,Towers with Radar,0,10,40,0,50,0,11,57,0,68,0,21,97,0,118,120,0,120,238
09/30/2014,HEF,VA,AEA,EN,Towers with Radar,0,11,54,8,73,0,5,25,0,30,0,16,79,8,103,70,8,78,181
10/01/2014,HEF,VA,AEA,EN,Towers with Radar,0,22,52,8,82,0,12,20,3,35,0,34,72,11,117,132,8,140,257
10/02/2014,HEF,VA,AEA,EN,Towers with Radar,0,16,48,8,72,0,9,36,6,51,0,25,84,14,123,108,38,146,269
10/03/2014,HEF,VA,AEA,EN,Towers with Radar,0,23,64,8,95,0,4,7,1,12,0,27,71,9,107,108,0,108,215
10/04/2014,HEF,VA,AEA,EN,Towers with Radar,0,19,30,0,49,0,12,58,1,71,0,31,88,1,120,134,0,134,254
10/05/2014,HEF,VA,AEA,EN,Towers with Radar,0,16,72,0,88,0,38,100,0,138,0,54,172,0,226,234,0,234,460
10/06/2014,HEF,VA,AEA,EN,Towers with Radar,0,9,21,6,36,0,17,49,0,66,0,26,70,6,102,42,0,42,144
10/07/2014,HEF,VA,AEA,EN,Towers with Radar,0,19,45,7,71,0,18,18,8,44,0,37,63,15,115,136,20,156,271
10/08/2014,HEF,VA,AEA,EN,Towers with Radar,0,16,48,8,72,0,23,65,2,90,0,39,113,10,162,0,0,0,162
10/09/2014,HEF,VA,AEA,EN,Towers with Radar,0,21,62,13,96,0,15,80,5,100,0,36,142,18,196,228,10,238,434
10/10/2014,HEF,VA,AEA,EN,Towers with Radar,0,26,39,6,71,0,5,13,2,20,0,31,52,8,91,204,0,204,295
10/11/2014,HEF,VA,AEA,EN,Towers with Radar,0,14,23,0,37,0,4,8,0,12,0,18,31,0,49,14,0,14,63
10/12/2014,HEF,VA,AEA,EN,Towers with Radar,0,6,47,2,55,0,17,109,3,129,0,23,156,5,184,116,0,116,300
10/13/2014,HEF,VA,AEA,EN,Towers with Radar,0,6,40,1,47,0,0,0,0,0,0,6,40,1,47,0,0,0,47
10/14/2014,HEF,VA,AEA,EN,Towers with Radar,0,11,40,7,58,0,0,21,2,23,0,11,61,9,81,86,18,104,185
10/15/2014,HEF,VA,AEA,EN,Towers with Radar,0,10,26,5,41,0,0,3,0,3,0,10,29,5,44,0,0,0,44
10/16/2014,HEF,VA,AEA,EN,Towers with Radar,0,21,43,15,79,0,8,9,1,18,0,29,52,16,97,178,0,178,275
10/17/2014,HEF,VA,AEA,EN,Towers with Radar,0,13,48,11,72,0,31,109,2,142,0,44,157,13,214,230,0,230,444
10/18/2014,HEF,VA,AEA,EN,Towers with Radar,0,11,28,0,39,0,30,83,5,118,0,41,111,5,157,122,0,122,279
10/19/2014,HEF,VA,AEA,EN,Towers with Radar,0,15,42,2,59,0,16,44,0,60,0,31,86,2,119,8,0,8,127
10/20/2014,HEF,VA,AEA,EN,Towers with Radar,0,5,36,5,46,0,17,61,0,78,0,22,97,5,124,0,0,0,124
10/21/2014,HEF,VA,AEA,EN,Towers with Radar,0,10,30,7,47,0,16,35,1,52,0,26,65,8,99,163,0,163,262
10/22/2014,HEF,VA,AEA,EN,Towers with Radar,0,15,23,2,40,0,2,7,0,9,0,17,30,2,49,10,0,10,59
10/23/2014,HEF,VA,AEA,EN,Towers with Radar,0,15,50,0,65,0,8,39,3,50,0,23,89,3,115,36,0,36,151
10/24/2014,HEF,VA,AEA,EN,Towers with Radar,0,22,54,4,80,0,24,83,3,110,0,46,137,7,190,146,0,146,336
10/25/2014,HEF,VA,AEA,EN,Towers with Radar,0,8,35,0,43,0,53,130,2,185,0,61,165,2,228,170,0,170,398
10/26/2014,HEF,VA,AEA,EN,Towers with Radar,0,10,35,2,47,0,18,66,1,85,0,28,101,3,132,128,0,128,260
10/27/2014,HEF,VA,AEA,EN,Towers with Radar,0,7,55,0,62,0,20,106,2,128,0,27,161,2,190,99,0,99,289
10/28/2014,HEF,VA,AEA,EN,Towers with Radar,0,11,32,0,43,0,17,56,4,77,0,28,88,4,120,75,0,75,195
10/29/2014,HEF,VA,AEA,EN,Towers with Radar,0,14,39,1,54,0,7,42,1,50,0,21,81,2,104,0,0,0,104
10/30/2014,HEF,VA,AEA,EN,Towers with Radar,0,9,48,4,61,0,21,79,1,101,0,30,127,5,162,130,0,130,292
10/31/2014,HEF,VA,AEA,EN,Towers with Radar,0,16,45,0,61,0,37,81,1,119,0,53,126,1,180,154,0,154,334
11/01/2014,HEF,VA,AEA,EN,Towers with Radar,0,8,16,0,24,0,10,9,0,19,0,18,25,0,43,190,0,190,233
11/02/2014,HEF,VA,AEA,EN,Towers with Radar,0,17,25,0,42,0,1,8,0,9,0,18,33,0,51,8,0,8,59
11/03/2014,HEF,VA,AEA,EN,Towers with Radar,0,8,34,2,44,0,13,62,1,76,0,21,96,3,120,118,0,118,238
11/04/2014,HEF,VA,AEA,EN,Towers with Radar,0,7,29,1,37,0,20,68,3,91,0,27,97,4,128,146,0,146,274
11/05/2014,HEF,VA,AEA,EN,Towers with Radar,0,10,50,1,61,0,25,60,2,87,0,35,110,3,148,116,0,116,264
11/06/2014,HEF,VA,AEA,EN,Towers with Radar,0,14,52,2,68,0,11,3,1,15,0,25,55,3,83,52,2,54,137
11/07/2014,HEF,VA,AEA,EN,Towers with Radar,0,15,53,0,68,0,8,30,0,38,0,23,83,0,106,24,0,24,130
11/08/2014,HEF,VA,AEA,EN,Towers with Radar,0,11,20,0,31,0,35,121,2,158,0,46,141,2,189,220,0,220,409
11/09/2014,HEF,VA,AEA,EN,Towers with Radar,0,9,46,0,55,0,34,96,0,130,0,43,142,0,185,54,0,54,239
11/10/2014,HEF,VA,AEA,EN,Towers with Radar,0,4,29,1,34,0,21,57,2,80,0,25,86,3,114,126,0,126,240
11/11/2014,HEF,VA,AEA,EN,Towers with Radar,0,13,59,0,72,0,25,124,0,149,0,38,183,0,221,146,0,146,367
11/12/2014,HEF,VA,AEA,EN,Towers with Radar,0,15,60,0,75,0,13,40,2,55,0,28,100,2,130,0,0,0,130
11/13/2014,HEF,VA,AEA,EN,Towers with Radar,0,12,41,0,53,0,10,50,0,60,0,22,91,0,113,176,0,176,289
11/14/2014,HEF,VA,AEA,EN,Towers with Radar,0,11,58,2,71,0,10,66,3,79,0,21,124,5,150,86,0,86,236
11/15/2014,HEF,VA,AEA,EN,Towers with Radar,0,10,38,0,48,0,29,107,0,136,0,39,145,0,184,220,0,220,404
11/16/2014,HEF,VA,AEA,EN,Towers with Radar,0,7,56,1,64,0,15,66,0,81,0,22,122,1,145,96,0,96,241
11/17/2014,HEF,VA,AEA,EN,Towers with Radar,0,10,33,0,43,0,0,3,0,3,0,10,36,0,46,0,0,0,46
11/18/2014,HEF,VA,AEA,EN,Towers with Radar,0,17,28,1,46,0,7,29,7,43,0,24,57,8,89,4,28,32,121
11/19/2014,HEF,VA,AEA,EN,Towers with Radar,0,12,41,2,55,0,19,52,5,76,0,31,93,7,131,136,0,136,267
11/20/2014,HEF,VA,AEA,EN,Towers with Radar,0,20,50,0,70,0,21,44,0,65,0,41,94,0,135,60,0,60,195
11/21/2014,HEF,VA,AEA,EN,Towers with Radar,0,29,50,3,82,0,29,51,1,81,0,58,101,4,163,122,0,122,285
11/22/2014,HEF,VA,AEA,EN,Towers with Radar,0,13,29,0,42,0,34,113,0,147,0,47,142,0,189,184,0,184,373
11/23/2014,HEF,VA,AEA,EN,Towers with Radar,0,7,29,2,38,0,24,73,0,97,0,31,102,2,135,172,0,172,307
11/24/2014,HEF,VA,AEA,EN,Towers with Radar,0,10,30,0,40,0,8,26,0,34,0,18,56,0,74,10,0,10,84
11/25/2014,HEF,VA,AEA,EN,Towers with Radar,0,16,70,0,86,0,22,60,0,82,0,38,130,0,168,178,0,178,346
11/26/2014,HEF,VA,AEA,EN,Towers with Radar,0,13,19,0,32,0,0,0,0,0,0,13,19,0,32,0,0,0,32
11/27/2014,HEF,VA,AEA,EN,Towers with Radar,0,11,10,0,21,0,1,5,0,6,0,12,15,0,27,10,0,10,37
11/28/2014,HEF,VA,AEA,EN,Towers with Radar,0,3,29,0,32,0,11,37,0,48,0,14,66,0,80,36,0,36,116
11/29/2014,HEF,VA,AEA,EN,Towers with Radar,0,15,44,0,59,0,32,55,0,87,0,47,99,0,146,210,0,210,356
11/30/2014,HEF,VA,AEA,EN,Towers with Radar,0,19,54,1,74,0,21,90,2,113,0,40,144,3,187,46,0,46,233
12/01/2014,HEF,VA,AEA,EN,Towers with Radar,0,6,43,1,50,0,17,23,0,40,0,23,66,1,90,70,0,70,160
12/02/2014,HEF,VA,AEA,EN,Towers with Radar,0,13,21,0,34,0,0,0,0,0,0,13,21,0,34,0,0,0,34
12/03/2014,HEF,VA,AEA,EN,Towers with Radar,0,13,46,8,67,0,4,10,0,14,0,17,56,8,81,0,0,0,81
12/04/2014,HEF,VA,AEA,EN,Towers with Radar,0,19,41,0,60,0,12,69,2,83,0,31,110,2,143,290,2,292,435
12/05/2014,HEF,VA,AEA,EN,Towers with Radar,0,21,44,0,65,0,2,13,0,15,0,23,57,0,80,30,0,30,110
12/06/2014,HEF,VA,AEA,EN,Towers with Radar,0,9,14,4,27,0,0,4,0,4,0,9,18,4,31,14,0,14,45
12/07/2014,HEF,VA,AEA,EN,Towers with Radar,0,8,40,2,50,0,3,52,0,55,0,11,92,2,105,74,0,74,179
12/08/2014,HEF,VA,AEA,EN,Towers with Radar,0,6,43,0,49,0,18,39,0,57,0,24,82,0,106,84,0,84,190
12/09/2014,HEF,VA,AEA,EN,Towers with Radar,0,14,29,0,43,0,0,13,0,13,0,14,42,0,56,2,0,2,58
12/10/2014,HEF,VA,AEA,EN,Towers with Radar,0,16,41,0,57,0,4,29,0,33,0,20,70,0,90,0,0,0,90
12/11/2014,HEF,VA,AEA,EN,Towers with Radar,0,9,39,1,49,0,4,49,1,54,0,13,88,2,103,62,0,62,165
12/12/2014,HEF,VA,AEA,EN,Towers with Radar,0,13,45,2,60,0,20,53,0,73,0,33,98,2,133,90,0,90,223
12/13/2014,HEF,VA,AEA,EN,Towers with Radar,0,10,29,0,39,0,19,93,2,114,0,29,122,2,153,202,0,202,355
12/14/2014,HEF,VA,AEA,EN,Towers with Radar,0,5,28,3,36,0,17,65,2,84,0,22,93,5,120,48,0,48,168
12/15/2014,HEF,VA,AEA,EN,Towers with Radar,0,5,34,3,42,0,18,70,4,92,0,23,104,7,134,72,0,72,206
12/16/2014,HEF,VA,AEA,EN,Towers with Radar,0,11,47,0,58,0,0,7,0,7,0,11,54,0,65,20,0,20,85
12/17/2014,HEF,VA,AEA,EN,Towers with Radar,0,7,43,2,52,0,8,60,2,70,0,15,103,4,122,0,0,0,122
12/18/2014,HEF,VA,AEA,EN,Towers with Radar,0,13,39,4,56,0,9,62,1,72,0,22,101,5,128,78,0,78,206
12/19/2014,HEF,VA,AEA,EN,Towers with Radar,0,19,42,4,65,0,19,54,0,73,0,38,96,4,138,89,0,89,227
12/20/2014,HEF,VA,AEA,EN,Towers with Radar,0,14,25,1,40,0,25,93,0,118,0,39,118,1,158,198,0,198,356
12/21/2014,HEF,VA,AEA,EN,Towers with Radar,0,2,26,0,28,0,21,102,0,123,0,23,128,0,151,178,0,178,329
12/22/2014,HEF,VA,AEA,EN,Towers with Radar,0,3,8,0,11,0,1,1,0,2,0,4,9,0,13,0,0,0,13
12/23/2014,HEF,VA,AEA,EN,Towers with Radar,0,10,23,0,33,0,0,0,0,0,0,10,23,0,33,0,0,0,33
12/24/2014,HEF,VA,AEA,EN,Towers with Radar,0,3,5,0,8,0,0,1,0,1,0,3,6,0,9,0,0,0,9
12/25/2014,HEF,VA,AEA,EN,Towers with Radar,0,6,15,0,21,0,3,9,0,12,0,9,24,0,33,0,0,0,33
12/26/2014,HEF,VA,AEA,EN,Towers with Radar,0,21,31,2,54,0,24,67,0,91,0,45,98,2,145,70,0,70,215
12/27/2014,HEF,VA,AEA,EN,Towers with Radar,0,13,39,0,52,0,30,117,4,151,0,43,156,4,203,178,0,178,381
12/28/2014,HEF,VA,AEA,EN,Towers with Radar,1,4,21,0,26,0,3,18,0,21,1,7,39,0,47,46,0,46,93
12/29/2014,HEF,VA,AEA,EN,Towers with Radar,0,6,17,2,25,0,13,33,0,46,0,19,50,2,71,52,0,52,123
12/30/2014,HEF,VA,AEA,EN,Towers with Radar,0,11,19,0,30,0,12,61,0,73,0,23,80,0,103,162,0,162,265
12/31/2014,HEF,VA,AEA,EN,Towers with Radar,0,12,15,0,27,0,8,67,0,75,0,20,82,0,102,0,0,0,102
01/01/2015,HEF,VA,AEA,EN,Towers with Radar,0,4,17,0,21,0,4,37,0,41,0,8,54,0,62,82,0,82,144
01/02/2015,HEF,VA,AEA,EN,Towers with Radar,0,8,31,0,39,0,13,82,0,95,0,21,113,0,134,170,0,170,304
01/03/2015,HEF,VA,AEA,EN,Towers with Radar,0,6,19,0,25,0,0,0,0,0,0,6,19,0,25,0,0,0,25
01/04/2015,HEF,VA,AEA,EN,Towers with Radar,0,2,31,0,33,0,0,2,0,2,0,2,33,0,35,26,0,26,61
01/05/2015,HEF,VA,AEA,EN,Towers with Radar,0,11,27,2,40,0,3,33,2,38,0,14,60,4,78,38,0,38,116
01/06/2015,HEF,VA,AEA,EN,Towers with Radar,0,8,16,1,25,0,4,10,3,17,0,12,26,4,42,0,38,38,80
01/07/2015,HEF,VA,AEA,EN,Towers with Radar,0,12,35,3,50,0,3,13,0,16,0,15,48,3,66,0,0,0,66
01/08/2015,HEF,VA,AEA,EN,Towers with Radar,0,10,32,2,44,0,4,39,3,46,0,14,71,5,90,100,0,100,190
01/09/2015,HEF,VA,AEA,EN,Towers with Radar,0,11,31,6,48,0,11,53,0,64,0,22,84,6,112,47,0,47,159
01/10/2015,HEF,VA,AEA,EN,Towers with Radar,0,11,30,0,41,0,23,78,1,102,0,34,108,1,143,0,0,0,143
01/11/2015,HEF,VA,AEA,EN,Towers with Radar,0,9,44,2,55,0,21,70,0,91,0,30,114,2,146,114,0,114,260
01/12/2015,HEF,VA,AEA,EN,Towers with Radar,0,7,7,0,14,0,0,0,0,0,0,7,7,0,14,0,0,0,14
01/13/2015,HEF,VA,AEA,EN,Towers with Radar,0,11,29,2,42,0,4,30,3,37,0,15,59,5,79,38,0,38,117
01/14/2015,HEF,VA,AEA,EN,Towers with Radar,0,7,18,0,25,0,6,16,0,22,0,13,34,0,47,0,0,0,47
01/15/2015,HEF,VA,AEA,EN,Towers with Radar,0,12,27,1,40,0,7,43,0,50,0,19,70,1,90,101,0,101,191
01/16/2015,HEF,VA,AEA,EN,Towers with Radar,0,17,39,0,56,0,17,75,2,94,0,34,114,2,150,0,0,0,150
01/17/2015,HEF,VA,AEA,EN,Towers with Radar,1,16,30,7,54,0,28,126,0,154,1,44,156,7,208,210,0,210,418
01/18/2015,HEF,VA,AEA,EN,Towers with Radar,1,6,12,0,19,0,2,2,0,4,1,8,14,0,23,0,0,0,23
01/19/2015,HEF,VA,AEA,EN,Towers with Radar,0,8,39,0,47,0,24,87,0,111,0,32,126,0,158,152,0,152,310
01/20/2015,HEF,VA,AEA,EN,Towers with Radar,0,13,31,2,46,0,11,41,2,54,0,24,72,4,100,120,0,120,220
01/21/2015,HEF,VA,AEA,EN,Towers with Radar,0,11,18,3,32,0,0,7,0,7,0,11,25,3,39,0,0,0,39
01/22/2015,HEF,VA,AEA,EN,Towers with Radar,0,9,35,0,44,0,7,42,0,49,0,16,77,0,93,44,0,44,137
01/23/2015,HEF,VA,AEA,EN,Towers with Radar,0,9,37,3,49,0,12,58,1,71,0,21,95,4,120,74,0,74,194
01/24/2015,HEF,VA,AEA,EN,Towers with Radar,0,6,12,0,18,0,2,8,0,10,0,8,20,0,28,0,0,0,28
01/25/2015,HEF,VA,AEA,EN,Towers with Radar,0,9,39,0,48,0,16,106,0,122,0,25,145,0,170,252,0,252,422
01/26/2015,HEF,VA,AEA,EN,Towers with Radar,0,5,22,2,29,0,0,0,0,0,0,5,22,2,29,0,0,0,29
01/27/2015,HEF,VA,AEA,EN,Towers with Radar,0,12,20,3,35,0,2,16,0,18,0,14,36,3,53,6,4,10,63
01/28/2015,HEF,VA,AEA,EN,Towers with Radar,0,16,45,1,62,0,4,46,0,50,0,20,91,1,112,0,0,0,112
01/29/2015,HEF,VA,AEA,EN,Towers with Radar,0,13,30,0,43,0,9,31,1,41,0,22,61,1,84,110,0,110,194
01/30/2015,HEF,VA,AEA,EN,Towers with Radar,0,20,28,0,48,0,0,15,0,15,0,20,43,0,63,0,0,0,63
01/31/2015,HEF,VA,AEA,EN,Towers with Radar,0,8,30,0,38,0,24,118,0,142,0,32,148,0,180,236,0,236,416
02/01/2015,HEF,VA,AEA,EN,Towers with Radar,0,7,18,0,25,0,2,37,0,39,0,9,55,0,64,170,0,170,234
02/02/2015,HEF,VA,AEA,EN,Towers with Radar,0,8,23,0,31,0,1,5,0,6,0,9,28,0,37,0,0,0,37
02/03/2015,HEF,VA,AEA,EN,Towers with Radar,2,11,41,0,54,0,9,40,0,49,2,20,81,0,103,94,0,94,197
02/04/2015,HEF,VA,AEA,EN,Towers with Radar,0,9,29,4,42,0,16,76,1,93,0,25,105,5,135,156,6,162,297
02/05/2015,HEF,VA,AEA,EN,Towers with Radar,0,10,22,0,32,0,3,20,2,25,0,13,42,2,57,16,0,16,73
02/06/2015,HEF,VA,AEA,EN,Towers with Radar,0,14,42,0,56,0,21,56,2,79,0,35,98,2,135,54,0,54,189
02/07/2015,HEF,VA,AEA,EN,Towers with Radar,0,12,30,0,42,0,18,122,2,142,0,30,152,2,184,184,0,184,368
02/08/2015,HEF,VA,AEA,EN,Towers with Radar,0,9,21,0,30,0,25,101,0,126,0,34,122,0,156,174,0,174,330
02/09/2015,HEF,VA,AEA,EN,Towers with Radar,0,7,29,0,36,0,0,2,0,2,0,7,31,0,38,0,0,0,38
02/10/2015,HEF,VA,AEA,EN,Towers with Radar,0,13,28,0,41,0,2,17,0,19,0,15,45,0,60,58,0,58,118
02/11/2015,HEF,VA,AEA,EN,Towers with Radar,0,15,55,1,71,0,21,77,0,98,0,36,132,1,169,92,0,92,261
02/12/2015,HEF,VA,AEA,EN,Towers with Radar,0,13,44,0,57,0,6,11,2,19,0,19,55,2,76,16,0,16,92
02/13/2015,HEF,VA,AEA,EN,Towers with Radar,0,16,47,0,63,0,9,42,1,52,0,25,89,1,115,58,0,58,173
02/14/2015,HEF,VA,AEA,EN,Towers with Radar,0,9,8,0,17,0,8,32,0,40,0,17,40,0,57,0,0,0,57
02/15/2015,HEF,VA,AEA,EN,Towers with Radar,0,6,7,0,13,0,3,3,0,6,0,9,10,0,19,0,0,0,19
02/16/2015,HEF,VA,AEA,EN,Towers with Radar,0,4,24,0,28,0,10,28,0,38,0,14,52,0,66,42,0,42,108
02/17/2015,HEF,VA,AEA,EN,Towers with Radar,0,12,16,2,30,0,3,2,0,5,0,15,18,2,35,0,0,0,35
02/18/2015,HEF,VA,AEA,EN,Towers with Radar,0,13,25,0,38,0,10,24,1,35,0,23,49,1,73,82,0,82,155
02/19/2015,HEF,VA,AEA,EN,Towers with Radar,0,14,35,0,49,0,2,17,0,19,0,16,52,0,68,10,0,10,78
02/20/2015,HEF,VA,AEA,EN,Towers with Radar,0,14,33,2,49,0,12,30,1,43,0,26,63,3,92,0,0,0,92
02/21/2015,HEF,VA,AEA,EN,Towers with Radar,0,8,10,0,18,0,0,0,0,0,0,8,10,0,18,30,0,30,48
02/22/2015,HEF,VA,AEA,EN,Towers with Radar,0,11,25,0,36,0,16,25,0,41,0,27,50,0,77,26,0,26,103
02/23/2015,HEF,VA,AEA,EN,Towers with Radar,0,7,42,2,51,0,8,23,3,34,0,15,65,5,85,30,20,50,135
02/24/2015,HEF,VA,AEA,EN,Towers with Radar,0,20,41,0,61,0,19,33,0,52,0,39,74,0,113,76,0,76,189
02/25/2015,HEF,VA,AEA,EN,Towers with Radar,0,10,49,1,60,0,17,49,3,69,0,27,98,4,129,0,0,0,129
02/26/2015,HEF,VA,AEA,EN,Towers with Radar,0,12,20,2,34,0,7,10,0,17,0,19,30,2,51,22,0,22,73
02/27/2015,HEF,VA,AEA,EN,Towers with Radar,0,19,31,1,51,0,21,50,1,72,0,40,81,2,123,76,0,76,199
02/28/2015,HEF,VA,AEA,EN,Towers with Radar,0,20,24,0,44,0,30,90,1,121,0,50,114,1,165,0,0,0,165
03/01/2015,HEF,VA,AEA,EN,Towers with Radar,0,8,16,0,24,0,1,1,0,2,0,9,17,0,26,0,0,0,26
03/02/2015,HEF,VA,AEA,EN,Towers with Radar,0,12,24,0,36,0,12,22,1,35,0,24,46,1,71,54,0,54,125
03/03/2015,HEF,VA,AEA,EN,Towers with Radar,0,12,33,0,45,0,5,15,0,20,0,17,48,0,65,54,12,66,131
03/04/2015,HEF,VA,AEA,EN,Towers with Radar,0,16,34,0,50,0,1,9,0,10,0,17,43,0,60,4,0,4,64
03/05/2015,HEF,VA,AEA,EN,Towers with Radar,0,3,10,0,13,0,1,1,0,2,0,4,11,0,15,0,0,0,15
03/06/2015,HEF,VA,AEA,EN,Towers with Radar,0,10,30,0,40,0,17,36,1,54,0,27,66,1,94,0,0,0,94
03/07/2015,HEF,VA,AEA,EN,Towers with Radar,0,14,23,0,37,0,32,82,2,116,0,46,105,2,153,202,0,202,355
03/08/2015,HEF,VA,AEA,EN,Towers with Radar,0,9,35,0,44,0,34,92,4,130,0,43,127,4,174,240,0,240,414
03/09/2015,HEF,VA,AEA,EN,Towers with Radar,0,10,43,1,54,0,16,65,2,83,0,26,108,3,137,100,0,100,237
03/10/2015,HEF,VA,AEA,EN,Towers with Radar,0,13,29,0,42,0,2,15,0,17,0,15,44,0,59,118,0,118,177
03/11/2015,HEF,VA,AEA,EN,Towers with Radar,0,11,33,2,46,0,10,32,6,48,0,21,65,8,94,0,0,0,94
03/12/2015,HEF,VA,AEA,EN,Towers with Radar,0,9,31,2,42,0,9,69,4,82,0,18,100,6,124,48,6,54,178
03/13/2015,HEF,VA,AEA,EN,Towers with Radar,0,13,40,0,53,0,22,70,0,92,0,35,110,0,145,78,0,78,223
03/14/2015,HEF,VA,AEA,EN,Towers with Radar,0,11,18,0,29,0,2,1,0,3,0,13,19,0,32,24,0,24,56
03/15/2015,HEF,VA,AEA,EN,Towers with Radar,0,11,38,0,49,0,5,24,0,29,0,16,62,0,78,28,0,28,106
03/16/2015,HEF,VA,AEA,EN,Towers with Radar,0,7,38,1,46,0,16,76,0,92,0,23,114,1,138,96,0,96,234
03/17/2015,HEF,VA,AEA,EN,Towers with Radar,0,9,27,0,36,0,11,26,1,38,0,20,53,1,74,38,0,38,112
03/18/2015,HEF,VA,AEA,EN,Towers with Radar,0,9,46,1,56,0,14,56,2,72,0,23,102,3,128,52,0,52,180
03/19/2015,HEF,VA,AEA,EN,Towers with Radar,0,15,41,2,58,0,23,79,2,104,0,38,120,4,162,86,0,86,248
03/20/2015,HEF,VA,AEA,EN,Towers with Radar,0,13,36,1,50,0,0,0,0,0,0,13,36,1,50,0,0,0,50
03/21/2015,HEF,VA,AEA,EN,Towers with Radar,0,14,36,0,50,0,32,96,3,131,0,46,132,3,181,182,0,182,363
03/22/2015,HEF,VA,AEA,EN,Towers with Radar,0,6,56,1,63,0,33,95,1,129,0,39,151,2,192,112,0,112,304
03/23/2015,HEF,VA,AEA,EN,Towers with Radar,0,8,33,0,41,0,12,64,0,76,0,20,97,0,117,66,0,66,183
03/24/2015,HEF,VA,AEA,EN,Towers with Radar,0,16,33,2,51,0,16,51,2,69,0,32,84,4,120,124,0,124,244
03/25/2015,HEF,VA,AEA,EN,Towers with Radar,0,10,44,0,54,0,16,42,3,61,0,26,86,3,115,0,0,0,115
03/26/2015,HEF,VA,AEA,EN,Towers with Radar,0,12,37,0,49,0,2,11,0,13,0,14,48,0,62,15,6,21,83
03/27/2015,HEF,VA,AEA,EN,Towers with Radar,0,14,43,4,61,0,9,32,0,41,0,23,75,4,102,0,0,0,102
03/28/2015,HEF,VA,AEA,EN,Towers with Radar,0,10,33,0,43,0,14,33,0,47,0,24,66,0,90,12,0,12,102
03/29/2015,HEF,VA,AEA,EN,Towers with Radar,0,13,58,3,74,0,43,131,5,179,0,56,189,8,253,215,0,215,468
03/30/2015,HEF,VA,AEA,EN,Towers with Radar,0,9,31,0,40,0,10,34,2,46,0,19,65,2,86,138,0,138,224
03/31/2015,HEF,VA,AEA,EN,Towers with Radar,0,7,35,2,44,0,4,39,3,46,0,11,74,5,90,30,0,30,120
04/01/2015,HEF,VA,AEA,EN,Towers with Radar,0,14,40,0,54,0,24,79,3,106,0,38,119,3,160,174,0,174,334
04/02/2015,HEF,VA,AEA,EN,Towers with Radar,0,13,36,0,49,0,6,29,3,38,0,19,65,3,87,30,0,30,117
04/03/2015,HEF,VA,AEA,EN,Towers with Radar,0,13,31,0,44,0,2,10,0,12,0,15,41,0,56,32,0,32,88
04/04/2015,HEF,VA,AEA,EN,Towers with Radar,0,9,19,0,28,0,5,21,0,26,0,14,40,0,54,34,0,34,88
04/05/2015,HEF,VA,AEA,EN,Towers with Radar,0,10,54,0,64,0,1,80,0,81,0,11,134,0,145,118,0,118,263
04/06/2015,HEF,VA,AEA,EN,Towers with Radar,0,14,44,0,58,0,18,84,1,103,0,32,128,1,161,182,0,182,343
04/07/2015,HEF,VA,AEA,EN,Towers with Radar,0,9,35,0,44,0,10,32,0,42,0,19,67,0,86,52,0,52,138
04/08/2015,HEF,VA,AEA,EN,Towers with Radar,0,12,34,0,46,0,0,0,0,0,0,12,34,0,46,0,0,0,46
04/09/2015,HEF,VA,AEA,EN,Towers with Radar,0,17,33,0,50,0,0,0,0,0,0,17,33,0,50,0,0,0,50
04/10/2015,HEF,VA,AEA,EN,Towers with Radar,0,12,54,0,66,0,2,4,0,6,0,14,58,0,72,2,0,2,74
04/11/2015,HEF,VA,AEA,EN,Towers with Radar,0,12,40,2,54,0,26,69,2,97,0,38,109,4,151,148,0,148,299
04/12/2015,HEF,VA,AEA,EN,Towers with Radar,0,8,73,0,81,0,43,151,0,194,0,51,224,0,275,236,0,236,511
04/13/2015,HEF,VA,AEA,EN,Towers with Radar,0,8,55,0,63,0,22,72,2,96,0,30,127,2,159,58,12,70,229
04/14/2015,HEF,VA,AEA,EN,Towers with Radar,0,10,33,0,43,0,0,2,0,2,0,10,35,0,45,0,0,0,45
04/15/2015,HEF,VA,AEA,EN,Towers with Radar,0,15,58,0,73,0,25,69,1,95,0,40,127,1,168,240,0,240,408
04/16/2015,HEF,VA,AEA,EN,Towers with Radar,0,10,71,1,82,0,24,65,0,89,0,34,136,1,171,204,0,204,375
04/17/2015,HEF,VA,AEA,EN,Towers with Radar,0,17,40,2,59,0,30,63,0,93,0,47,103,2,152,168,0,168,320
04/18/2015,HEF,VA,AEA,EN,Towers with Radar,0,20,30,1,51,0,29,101,0,130,0,49,131,1,181,340,0,340,521
04/19/2015,HEF,VA,AEA,EN,Towers with Radar,0,5,51,0,56,0,10,59,0,69,0,15,110,0,125,40,0,40,165
04/20/2015,HEF,VA,AEA,EN,Towers with Radar,0,6,44,0,50,0,6,26,4,36,0,12,70,4,86,72,0,72,158
04/21/2015,HEF,VA,AEA,EN,Towers with Radar,0,14,48,0,62,0,20,36,4,60,0,34,84,4,122,64,6,70,192
04/22/2015,HEF,VA,AEA,EN,Towers with Radar,0,18,34,0,52,0,7,22,1,30,0,25,56,1,82,0,0,0,82
04/23/2015,HEF,VA,AEA,EN,Towers with Radar,0,16,42,2,60,0,10,25,4,39,0,26,67,6,99,110,14,124,223
04/24/2015,HEF,VA,AEA,EN,Towers with Radar,0,15,47,2,64,0,15,58,4,77,0,30,105,6,141,28,0,28,169
04/25/2015,HEF,VA,AEA,EN,Towers with Radar,0,8,23,0,31,0,31,69,1,101,0,39,92,1,132,242,0,242,374
04/26/2015,HEF,VA,AEA,EN,Towers with Radar,0,13,44,2,59,0,40,96,0,136,0,53,140,2,195,226,0,226,421
04/27/2015,HEF,VA,AEA,EN,Towers with Radar,0,6,49,0,55,0,30,71,0,101,0,36,120,0,156,130,0,130,286
04/28/2015,HEF,VA,AEA,EN,Towers with Radar,0,15,34,0,49,0,25,65,1,91,0,40,99,1,140,74,0,74,214
04/29/2015,HEF,VA,AEA,EN,Towers with Radar,0,18,57,1,76,0,18,74,3,95,0,36,131,4,171,210,0,210,381
04/30/2015,HEF,VA,AEA,EN,Towers with Radar,0,14,53,3,70,0,11,37,2,50,0,25,90,5,120,90,0,90,210
05/01/2015,HEF,VA,AEA,EN,Towers with Radar,0,22,39,2,63,0,12,29,1,42,0,34,68,3,105,0,0,0,105
05/02/2015,HEF,VA,AEA,EN,Towers with Radar,0,10,27,2,39,0,8,64,3,75,0,18,91,5,114,118,0,118,232
05/03/2015,HEF,VA,AEA,EN,Towers with Radar,0,12,52,0,64,0,26,93,5,124,0,38,145,5,188,194,6,200,388
05/04/2015,HEF,VA,AEA,EN,Towers with Radar,0,7,47,2,56,0,23,87,7,117,0,30,134,9,173,112,0,112,285
05/05/2015,HEF,VA,AEA,EN,Towers with Radar,0,12,46,1,59,0,20,65,5,90,0,32,111,6,149,62,0,62,211
05/06/2015,HEF,VA,AEA,EN,Towers with Radar,0,12,50,5,67,0,10,61,4,75,0,22,111,9,142,0,0,0,142
05/07/2015,HEF,VA,AEA,EN,Towers with Radar,0,14,52,0,66,0,18,80,7,105,0,32,132,7,171,136,0,136,307
05/08/2015,HEF,VA,AEA,EN,Towers with Radar,0,17,71,3,91,0,8,78,8,94,0,25,149,11,185,88,0,88,273
05/09/2015,HEF,VA,AEA,EN,Towers with Radar,0,12,36,3,51,0,21,67,9,97,0,33,103,12,148,130,0,130,278
05/10/2015,HEF,VA,AEA,EN,Towers with Radar,0,12,56,1,69,0,12,69,8,89,0,24,125,9,158,190,0,190,348
05/11/2015,HEF,VA,AEA,EN,Towers with Radar,0,13,39,1,53,0,8,24,2,34,0,21,63,3,87,152,0,152,239
05/12/2015,HEF,VA,AEA,EN,Towers with Radar,0,14,49,1,64,0,17,51,4,72,0,31,100,5,136,66,4,70,206
05/13/2015,HEF,VA,AEA,EN,Towers with Radar,0,15,50,0,65,0,14,47,6,67,0,29,97,6,132,76,0,76,208
05/14/2015,HEF,VA,AEA,EN,Towers with Radar,0,12,57,4,73,0,18,110,1,129,0,30,167,5,202,108,0,108,310
05/15/2015,HEF,VA,AEA,EN,Towers with Radar,0,17,58,0,75,0,18,71,1,90,0,35,129,1,165,90,0,90,255
05/16/2015,HEF,VA,AEA,EN,Towers with Radar,0,11,40,1,52,0,25,75,3,103,0,36,115,4,155,184,0,184,339
05/17/2015,HEF,VA,AEA,EN,Towers with Radar,0,13,40,2,55,0,15,32,0,47,0,28,72,2,102,114,0,114,216
05/18/2015,HEF,VA,AEA,EN,Towers with Radar,1,10,38,2,51,0,22,35,1,58,1,32,73,3,109,68,0,68,177
05/19/2015,HEF,VA,AEA,EN,Towers with Radar,0,9,46,0,55,0,23,57,5,85,0,32,103,5,140,54,0,54,194
05/20/2015,HEF,VA,AEA,EN,Towers with Radar,0,21,50,0,71,0,24,53,4,81,0,45,103,4,152,0,0,0,152
05/21/2015,HEF,VA,AEA,EN,Towers with Radar,0,15,56,2,73,0,0,7,2,9,0,15,63,4,82,0,0,0,82
05/22/2015,HEF,VA,AEA,EN,Towers with Radar,0,20,55,0,75,0,26,89,1,116,0,46,144,1,191,188,0,188,379
05/23/2015,HEF,VA,AEA,EN,Towers with Radar,0,8,31,0,39,0,29,110,0,139,0,37,141,0,178,126,0,126,304
05/24/2015,HEF,VA,AEA,EN,Towers with Radar,0,5,42,0,47,0,22,84,3,109,0,27,126,3,156,144,0,144,300
05/25/2015,HEF,VA,AEA,EN,Towers with Radar,1,13,43,0,57,0,19,45,0,64,1,32,88,0,121,70,0,70,191
05/26/2015,HEF,VA,AEA,EN,Towers with Radar,0,8,34,0,42,0,19,64,2,85,0,27,98,2,127,154,0,154,281
05/27/2015,HEF,VA,AEA,EN,Towers with Radar,0,13,46,0,59,0,13,34,2,49,0,26,80,2,108,106,0,106,214
05/28/2015,HEF,VA,AEA,EN,Towers with Radar,0,16,41,0,57,0,15,44,3,62,0,31,85,3,119,152,30,182,301
05/29/2015,HEF,VA,AEA,EN,Towers with Radar,0,14,36,0,50,0,7,25,0,32,0,21,61,0,82,102,0,102,184
05/30/2015,HEF,VA,AEA,EN,Towers with Radar,0,14,27,0,41,0,26,106,0,132,0,40,133,0,173,209,0,209,382
05/31/2015,HEF,VA,AEA,EN,Towers with Radar,0,14,53,0,67,0,40,74,1,115,0,54,127,1,182,193,0,193,375
06/01/2015,HEF,VA,AEA,EN,Towers with Radar,0,4,42,0,46,0,14,26,1,41,0,18,68,1,87,66,0,66,153
06/02/2015,HEF,VA,AEA,EN,Towers with Radar,0,12,43,3,58,0,0,0,0,0,0,12,43,3,58,6,0,6,64
06/03/2015,HEF,VA,AEA,EN,Towers with Radar,0,12,53,0,65,0,0,4,1,5,0,12,57,1,70,0,0,0,70
06/04/2015,HEF,VA,AEA,EN,Towers with Radar,0,17,26,1,44,0,0,0,0,0,0,17,26,1,44,0,0,0,44
06/05/2015,HEF,VA,AEA,EN,Towers with Radar,0,19,51,2,72,0,5,18,0,23,0,24,69,2,95,108,0,108,203
06/06/2015,HEF,VA,AEA,EN,Towers with Radar,0,14,37,0,51,0,32,57,0,89,0,46,94,0,140,210,0,210,350
06/07/2015,HEF,VA,AEA,EN,Towers with Radar,0,8,51,0,59,0,30,89,0,119,0,38,140,0,178,178,0,178,356
06/08/2015,HEF,VA,AEA,EN,Towers with Radar,0,10,31,0,41,0,18,42,0,60,0,28,73,0,101,137,0,137,238
06/09/2015,HEF,VA,AEA,EN,Towers with Radar,0,12,44,2,58,0,22,61,1,84,0,34,105,3,142,86,0,86,228
06/10/2015,HEF,VA,AEA,EN,Towers with Radar,0,15,43,0,58,0,44,93,2,139,0,59,136,2,197,232,12,244,441
06/11/2015,HEF,VA,AEA,EN,Towers with Radar,0,15,53,0,68,0,25,78,0,103,0,40,131,0,171,103,0,103,274
06/12/2015,HEF,VA,AEA,EN,Towers with Radar,0,16,66,0,82,0,31,70,0,101,0,47,136,0,183,74,0,74,257
06/13/2015,HEF,VA,AEA,EN,Towers with Radar,0,9,37,0,46,0,36,81,0,117,0,45,118,0,163,226,0,226,389
06/14/2015,HEF,VA,AEA,EN,Towers with Radar,0,6,68,0,74,0,21,73,0,94,0,27,141,0,168,128,0,128,296
06/15/2015,HEF,VA,AEA,EN,Towers with Radar,0,9,54,0,63,0,9,47,2,58,0,18,101,2,121,161,0,161,282
06/16/2015,HEF,VA,AEA,EN,Towers with Radar,0,9,47,0,56,0,8,46,0,54,0,17,93,0,110,98,0,98,208
06/17/2015,HEF,VA,AEA,EN,Towers with Radar,0,13,49,0,62,0,31,58,0,89,0,44,107,0,151,0,0,0,151
06/18/2015,HEF,VA,AEA,EN,Towers with Radar,0,13,37,1,51,0,18,37,1,56,0,31,74,2,107,100,0,100,207
06/19/2015,HEF,VA,AEA,EN,Towers with Radar,0,22,44,1,67,0,24,66,0,90,0,46,110,1,157,224,0,224,381
06/20/2015,HEF,VA,AEA,EN,Towers with Radar,0,14,35,0,49,0,23,76,4,103,0,37,111,4,152,316,0,316,468
06/21/2015,HEF,VA,AEA,EN,Towers with Radar,0,11,46,2,59,0,32,80,0,112,0,43,126,2,171,0,0,0,171
06/22/2015,HEF,VA,AEA,EN,Towers with Radar,2,5,46,4,57,0,22,65,1,88,2,27,111,5,145,138,0,138,283
06/23/2015,HEF,VA,AEA,EN,Towers with Radar,0,9,46,0,55,0,17,22,2,41,0,26,68,2,96,78,0,78,174
06/24/2015,HEF,VA,AEA,EN,Towers with Radar,0,10,46,0,56,0,45,96,2,143,0,55,142,2,199,152,0,152,351
06/25/2015,HEF,VA,AEA,EN,Towers with Radar,0,19,53,0,72,0,26,48,0,74,0,45,101,0,146,122,0,122,268
06/26/2015,HEF,VA,AEA,EN,Towers with Radar,0,17,53,0,70,0,10,37,2,49,0,27,90,2,119,296,0,296,415
06/27/2015,HEF,VA,AEA,EN,Towers with Radar,0,8,11,0,19,0,0,0,0,0,0,8,11,0,19,0,0,0,19
06/28/2015,HEF,VA,AEA,EN,Towers with Radar,0,7,74,0,81,0,19,55,2,76,0,26,129,2,157,112,0,112,269
06/29/2015,HEF,VA,AEA,EN,Towers with Radar,0,14,55,0,69,0,34,92,4,130,0,48,147,4,199,146,6,152,351
06/30/2015,HEF,VA,AEA,EN,Towers with Radar,0,15,38,0,53,0,27,49,4,80,0,42,87,4,133,224,0,224,357
07/01/2015,HEF,VA,AEA,EN,Towers with Radar,0,20,38,0,58,0,23,56,0,79,0,43,94,0,137,0,0,0,137
07/02/2015,HEF,VA,AEA,EN,Towers with Radar,0,19,39,3,61,0,26,31,0,57,0,45,70,3,118,116,6,122,240
07/03/2015,HEF,VA,AEA,EN,Towers with Radar,0,7,32,0,39,0,26,47,3,76,0,33,79,3,115,148,0,148,263
07/04/2015,HEF,VA,AEA,EN,Towers with Radar,0,8,23,0,31,0,3,16,4,23,0,11,39,4,54,0,0,0,54
07/05/2015,HEF,VA,AEA,EN,Towers with Radar,0,6,52,1,59,0,4,24,0,28,0,10,76,1,87,124,0,124,211
07/06/2015,HEF,VA,AEA,EN,Towers with Radar,0,6,44,0,50,0,7,15,0,22,0,13,59,0,72,140,0,140,212
07/07/2015,HEF,VA,AEA,EN,Towers with Radar,0,18,47,0,65,0,21,63,5,89,0,39,110,5,154,211,0,211,365
07/08/2015,HEF,VA,AEA,EN,Towers with Radar,0,12,35,1,48,0,15,38,3,56,0,27,73,4,104,210,0,210,314
07/09/2015,HEF,VA,AEA,EN,Towers with Radar,0,15,45,2,62,0,34,51,2,87,0,49,96,4,149,54,0,54,203
07/10/2015,HEF,VA,AEA,EN,Towers with Radar,0,10,44,1,55,0,35,87,6,128,0,45,131,7,183,202,0,202,385
07/11/2015,HEF,VA,AEA,EN,Towers with Radar,0,13,20,0,33,0,18,58,0,76,0,31,78,0,109,262,0,262,371
07/12/2015,HEF,VA,AEA,EN,Towers with Radar,0,5,51,1,57,0,38,112,0,150,0,43,163,1,207,154,0,154,361
07/13/2015,HEF,VA,AEA,EN,Towers with Radar,0,12,29,0,41,0,10,13,2,25,0,22,42,2,66,70,0,70,136
07/14/2015,HEF,VA,AEA,EN,Towers with Radar,0,16,47,0,63,0,10,26,5,41,0,26,73,5,104,116,0,116,220
07/15/2015,HEF,VA,AEA,EN,Towers with Radar,0,14,51,0,65,0,25,34,4,63,0,39,85,4,128,0,0,0,128
07/16/2015,HEF,VA,AEA,EN,Towers with Radar,0,20,62,1,83,0,29,95,8,132,0,49,157,9,215,128,0,128,343
07/17/2015,HEF,VA,AEA,EN,Towers with Radar,0,25,63,3,91,0,19,62,7,88,0,44,125,10,179,250,0,250,429
07/18/2015,HEF,VA,AEA,EN,Towers with Radar,0,6,33,3,42,0,20,36,0,56,0,26,69,3,98,224,0,224,322
07/19/2015,HEF,VA,AEA,EN,Towers with Radar,0,5,59,1,65,0,19,82,3,104,0,24,141,4,169,240,0,240,409
07/20/2015,HEF,VA,AEA,EN,Towers with Radar,0,7,39,1,47,0,25,48,0,73,0,32,87,1,120,136,0,136,256
07/21/2015,HEF,VA,AEA,EN,Towers with Radar,0,17,45,0,62,0,13,36,0,49,0,30,81,0,111,0,0,0,111
07/22/2015,HEF,VA,AEA,EN,Towers with Radar,0,16,53,0,69,0,28,82,0,110,0,44,135,0,179,0,0,0,179
07/23/2015,HEF,VA,AEA,EN,Towers with Radar,0,11,55,0,66,0,30,68,1,99,0,41,123,1,165,128,0,128,293
07/24/2015,HEF,VA,AEA,EN,Towers with Radar,0,11,51,0,62,0,9,87,0,96,0,20,138,0,158,162,0,162,320
07/25/2015,HEF,VA,AEA,EN,Towers with Radar,0,7,29,0,36,0,27,83,0,110,0,34,112,0,146,180,0,180,326
07/26/2015,HEF,VA,AEA,EN,Towers with Radar,0,7,58,0,65,0,28,84,0,112,0,35,142,0,177,182,0,182,359
07/27/2015,HEF,VA,AEA,EN,Towers with Radar,0,13,40,1,54,0,6,45,1,52,0,19,85,2,106,94,0,94,200
07/28/2015,HEF,VA,AEA,EN,Towers with Radar,0,21,51,0,72,0,12,35,0,47,0,33,86,0,119,202,0,202,321
07/29/2015,HEF,VA,AEA,EN,Towers with Radar,0,20,43,0,63,0,19,23,4,46,0,39,66,4,109,0,0,0,109
07/30/2015,HEF,VA,AEA,EN,Towers with Radar,0,12,47,2,61,0,9,43,3,55,0,21,90,5,116,56,0,56,172
07/31/2015,HEF,VA,AEA,EN,Towers with Radar,0,11,58,1,70,0,11,93,3,107,0,22,151,4,177,136,0,136,313
08/01/2015,HEF,VA,AEA,EN,Towers with Radar,0,8,23,1,32,0,26,116,2,144,0,34,139,3,176,258,0,258,434
08/02/2015,HEF,VA,AEA,EN,Towers with Radar,0,20,45,0,65,0,33,80,4,117,0,53,125,4,182,286,0,286,468
08/03/2015,HEF,VA,AEA,EN,Towers with Radar,0,10,40,0,50,0,10,71,4,85,0,20,111,4,135,0,0,0,135
08/04/2015,HEF,VA,AEA,EN,Towers with Radar,0,10,28,0,38,0,19,51,0,70,0,29,79,0,108,66,0,66,174
08/05/2015,HEF,VA,AEA,EN,Towers with Radar,0,11,48,0,59,0,10,59,0,69,0,21,107,0,128,158,0,158,286
08/06/2015,HEF,VA,AEA,EN,Towers with Radar,0,15,34,0,49,0,9,41,0,50,0,24,75,0,99,64,0,64,163
08/07/2015,HEF,VA,AEA,EN,Towers with Radar,0,18,53,0,71,0,10,19,0,29,0,28,72,0,100,48,0,48,148
08/08/2015,HEF,VA,AEA,EN,Towers with Radar,0,12,39,0,51,0,20,127,2,149,0,32,166,2,200,166,0,166,366
08/09/2015,HEF,VA,AEA,EN,Towers with Radar,0,3,41,0,44,0,19,101,0,120,0,22,142,0,164,0,0,0,164
08/10/2015,HEF,VA,AEA,EN,Towers with Radar,0,8,36,0,44,0,8,10,0,18,0,16,46,0,62,32,0,32,94
08/11/2015,HEF,VA,AEA,EN,Towers with Radar,0,11,36,1,48,0,11,28,0,39,0,22,64,1,87,46,0,46,133
08/12/2015,HEF,VA,AEA,EN,Towers with Radar,0,11,45,0,56,0,31,65,0,96,0,42,110,0,152,0,0,0,152
08/13/2015,HEF,VA,AEA,EN,Towers with Radar,0,10,32,0,42,0,29,70,0,99,0,39,102,0,141,0,0,0,141
08/14/2015,HEF,VA,AEA,EN,Towers with Radar,0,15,48,0,63,0,24,77,0,101,0,39,125,0,164,190,0,190,354
08/15/2015,HEF,VA,AEA,EN,Towers with Radar,0,13,32,0,45,0,27,91,1,119,0,40,123,1,164,209,0,209,373
08/16/2015,HEF,VA,AEA,EN,Towers with Radar,0,9,48,1,58,0,13,89,1,103,0,22,137,2,161,180,0,180,341
08/17/2015,HEF,VA,AEA,EN,Towers with Radar,0,6,42,0,48,0,18,77,1,96,0,24,119,1,144,86,0,86,230
08/18/2015,HEF,VA,AEA,EN,Towers with Radar,0,10,26,0,36,0,24,45,0,69,0,34,71,0,105,78,0,78,183
08/19/2015,HEF,VA,AEA,EN,Towers with Radar,0,13,38,1,52,0,2,18,4,24,0,15,56,5,76,90,6,96,172
08/20/2015,HEF,VA,AEA,EN,Towers with Radar,0,9,37,0,46,0,2,3,1,6,0,11,40,1,52,12,0,12,64
08/21/2015,HEF,VA,AEA,EN,Towers with Radar,0,11,70,0,81,0,17,78,2,97,0,28,148,2,178,144,0,144,322
08/22/2015,HEF,VA,AEA,EN,Towers with Radar,0,14,40,2,56,0,28,98,4,130,0,42,138,6,186,194,0,194,380
08/23/2015,HEF,VA,AEA,EN,Towers with Radar,0,5,54,0,59,0,22,89,3,114,0,27,143,3,173,108,0,108,281
08/24/2015,HEF,VA,AEA,EN,Towers with Radar,0,8,36,0,44,0,15,34,4,53,0,23,70,4,97,81,0,81,178
08/25/2015,HEF,VA,AEA,EN,Towers with Radar,0,16,37,0,53,0,24,50,0,74,0,40,87,0,127,126,0,126,253
08/26/2015,HEF,VA,AEA,EN,Towers with Radar,0,20,54,0,74,0,26,70,0,96,0,46,124,0,170,0,0,0,170
08/27/2015,HEF,VA,AEA,EN,Towers with Radar,1,16,43,0,60,1,26,51,2,80,2,42,94,2,140,188,0,188,328
08/28/2015,HEF,VA,AEA,EN,Towers with Radar,0,7,48,0,55,0,28,64,0,92,0,35,112,0,147,218,0,218,365
08/29/2015,HEF,VA,AEA,EN,Towers with Radar,0,14,29,0,43,0,36,107,0,143,0,50,136,0,186,224,0,224,410
08/30/2015,HEF,VA,AEA,EN,Towers with Radar,0,7,38,0,45,0,26,65,0,91,0,33,103,0,136,184,0,184,320
08/31/2015,HEF,VA,AEA,EN,Towers with Radar,0,5,43,0,48,0,13,37,0,50,0,18,80,0,98,138,0,138,236
09/01/2015,HEF,VA,AEA,EN,Towers with Radar,0,5,31,0,36,0,16,41,0,57,0,21,72,0,93,186,0,186,279
09/02/2015,HEF,VA,AEA,EN,Towers with Radar,0,13,51,0,64,0,6,47,0,53,0,19,98,0,117,38,0,38,155
09/03/2015,HEF,VA,AEA,EN,Towers with Radar,0,8,50,0,58,0,12,37,0,49,0,20,87,0,107,104,0,104,211
09/04/2015,HEF,VA,AEA,EN,Towers with Radar,0,7,54,0,61,0,19,56,0,75,0,26,110,0,136,88,0,88,224
09/05/2015,HEF,VA,AEA,EN,Towers with Radar,0,10,35,0,45,0,8,44,2,54,0,18,79,2,99,144,0,144,243
09/06/2015,HEF,VA,AEA,EN,Towers with Radar,0,3,31,0,34,0,25,72,2,99,0,28,103,2,133,180,0,180,313
09/07/2015,HEF,VA,AEA,EN,Towers with Radar,0,2,49,0,51,0,27,79,0,106,0,29,128,0,157,100,0,100,257
09/08/2015,HEF,VA,AEA,EN,Towers with Radar,0,4,48,4,56,0,16,32,0,48,0,20,80,4,104,92,8,100,204
09/09/2015,HEF,VA,AEA,EN,Towers with Radar,0,12,45,0,57,0,15,32,0,47,0,27,77,0,104,0,0,0,104
09/10/2015,HEF,VA,AEA,EN,Towers with Radar,0,16,42,0,58,0,4,4,0,8,0,20,46,0,66,34,0,34,100
09/11/2015,HEF,VA,AEA,EN,Towers with Radar,0,17,50,1,68,0,24,81,1,106,0,41,131,2,174,142,0,142,316
09/12/2015,HEF,VA,AEA,EN,Towers with Radar,0,14,24,0,38,0,1,3,0,4,0,15,27,0,42,0,0,0,42
09/13/2015,HEF,VA,AEA,EN,Towers with Radar,0,10,48,1,59,0,19,52,0,71,0,29,100,1,130,88,0,88,218
09/14/2015,HEF,VA,AEA,EN,Towers with Radar,0,7,56,0,63,0,24,35,4,63,0,31,91,4,126,58,0,58,184
09/15/2015,HEF,VA,AEA,EN,Towers with Radar,0,15,62,0,77,0,27,55,0,82,0,42,117,0,159,116,0,116,275
09/16/2015,HEF,VA,AEA,EN,Towers with Radar,0,13,52,0,65,0,32,71,0,103,0,45,123,0,168,136,0,136,304
09/17/2015,HEF,VA,AEA,EN,Towers with Radar,0,12,35,1,48,0,30,58,6,94,0,42,93,7,142,120,14,134,276
09/18/2015,HEF,VA,AEA,EN,Towers with Radar,0,16,59,1,76,0,16,69,1,86,0,32,128,2,162,179,0,179,341
09/19/2015,HEF,VA,AEA,EN,Towers with Radar,0,8,26,0,34,0,22,53,2,77,0,30,79,2,111,116,0,116,227
09/20/2015,HEF,VA,AEA,EN,Towers with Radar,0,16,46,2,64,0,15,88,0,103,0,31,134,2,167,132,0,132,299
09/21/2015,HEF,VA,AEA,EN,Towers with Radar,0,5,47,0,52,0,8,19,0,27,0,13,66,0,79,78,0,78,157
09/22/2015,HEF,VA,AEA,EN,Towers with Radar,0,15,40,2,57,0,21,46,0,67,0,36,86,2,124,90,0,90,214
09/23/2015,HEF,VA,AEA,EN,Towers with Radar,0,11,37,0,48,0,24,85,0,109,0,35,122,0,157,0,0,0,157
09/24/2015,HEF,VA,AEA,EN,Towers with Radar,0,7,49,0,56,0,16,73,2,91,0,23,122,2,147,20,0,20,167
09/25/2015,HEF,VA,AEA,EN,Towers with Radar,0,26,52,0,78,0,4,34,7,45,0,30,86,7,123,183,0,183,306
09/26/2015,HEF,VA,AEA,EN,Towers with Radar,0,7,23,0,30,0,19,39,4,62,0,26,62,4,92,146,0,146,238
09/27/2015,HEF,VA,AEA,EN,Towers with Radar,0,9,50,0,59,0,13,28,0,41,0,22,78,0,100,332,0,332,432
09/28/2015,HEF,VA,AEA,EN,Towers with Radar,0,9,41,0,50,0,4,14,0,18,0,13,55,0,68,198,0,198,266
09/29/2015,HEF,VA,AEA,EN,Towers with Radar,0,12,52,0,64,0,0,0,0,0,0,12,52,0,64,0,0,0,64
09/30/2015,HEF,VA,AEA,EN,Towers with Radar,0,12,59,1,72,0,3,3,0,6,0,15,62,1,78,22,0,22,100
10/01/2015,HEF,VA,AEA,EN,Towers with Radar,0,17,51,1,69,0,0,0,0,0,0,17,51,1,69,0,0,0,69
10/02/2015,HEF,VA,AEA,EN,Towers with Radar,0,10,42,1,53,0,0,0,0,0,0,10,42,1,53,0,0,0,53
10/03/2015,HEF,VA,AEA,EN,Towers with Radar,0,9,8,0,17,0,0,0,0,0,0,9,8,0,17,0,0,0,17
10/04/2015,HEF,VA,AEA,EN,Towers with Radar,0,6,30,1,37,0,0,0,0,0,0,6,30,1,37,18,0,18,55
10/05/2015,HEF,VA,AEA,EN,Towers with Radar,0,11,36,0,47,0,11,50,5,66,0,22,86,5,113,202,0,202,315
10/06/2015,HEF,VA,AEA,EN,Towers with Radar,0,10,43,0,53,0,30,73,5,108,0,40,116,5,161,190,0,190,351
10/07/2015,HEF,VA,AEA,EN,Towers with Radar,0,15,60,1,76,0,20,75,0,95,0,35,135,1,171,0,0,0,171
10/08/2015,HEF,VA,AEA,EN,Towers with Radar,0,15,42,0,57,0,25,78,0,103,0,40,120,0,160,244,0,244,404
10/09/2015,HEF,VA,AEA,EN,Towers with Radar,0,26,51,0,77,0,22,48,0,70,0,48,99,0,147,162,0,162,309
10/10/2015,HEF,VA,AEA,EN,Towers with Radar,0,11,33,0,44,0,16,57,0,73,0,27,90,0,117,241,0,241,358
10/11/2015,HEF,VA,AEA,EN,Towers with Radar,0,9,50,0,59,0,10,109,9,128,0,19,159,9,187,0,0,0,187
10/12/2015,HEF,VA,AEA,EN,Towers with Radar,0,17,42,2,61,0,24,91,0,115,0,41,133,2,176,184,0,184,360
10/13/2015,HEF,VA,AEA,EN,Towers with Radar,0,18,44,0,62,0,8,35,4,47,0,26,79,4,109,94,10,104,213
10/14/2015,HEF,VA,AEA,EN,Towers with Radar,0,12,65,4,81,0,23,56,0,79,0,35,121,4,160,0,0,0,160
10/15/2015,HEF,VA,AEA,EN,Towers with Radar,0,24,70,0,94,0,20,82,2,104,0,44,152,2,198,0,0,0,198
10/16/2015,HEF,VA,AEA,EN,Towers with Radar,0,12,62,1,75,0,20,58,3,81,0,32,120,4,156,160,0,160,316
10/17/2015,HEF,VA,AEA,EN,Towers with Radar,0,12,46,0,58,0,16,126,4,146,0,28,172,4,204,104,0,104,308
10/18/2015,HEF,VA,AEA,EN,Towers with Radar,0,12,59,1,72,0,18,88,2,108,0,30,147,3,180,118,2,120,300
10/19/2015,HEF,VA,AEA,EN,Towers with Radar,0,8,31,0,39,0,25,46,0,71,0,33,77,0,110,156,0,156,266
10/20/2015,HEF,VA,AEA,EN,Towers with Radar,0,12,47,0,59,0,24,79,2,105,0,36,126,2,164,120,0,120,284
10/21/2015,HEF,VA,AEA,EN,Towers with Radar,0,14,68,5,87,0,20,89,2,111,0,34,157,7,198,0,0,0,198
10/22/2015,HEF,VA,AEA,EN,Towers with Radar,0,13,64,0,77,0,28,76,4,108,0,41,140,4,185,194,0,194,379
10/23/2015,HEF,VA,AEA,EN,Towers with Radar,0,11,73,0,84,0,27,93,2,122,0,38,166,2,206,214,0,214,420
10/24/2015,HEF,VA,AEA,EN,Towers with Radar,0,11,39,0,50,0,29,92,2,123,0,40,131,2,173,272,0,272,445
10/25/2015,HEF,VA,AEA,EN,Towers with Radar,0,8,53,0,61,0,8,66,0,74,0,16,119,0,135,96,0,96,231
10/26/2015,HEF,VA,AEA,EN,Towers with Radar,0,7,42,0,49,0,18,72,0,90,0,25,114,0,139,188,0,188,327
10/27/2015,HEF,VA,AEA,EN,Towers with Radar,0,13,41,0,54,0,9,14,0,23,0,22,55,0,77,140,0,140,217
10/28/2015,HEF,VA,AEA,EN,Towers with Radar,0,10,39,0,49,0,0,0,0,0,0,10,39,0,49,0,0,0,49
10/29/2015,HEF,VA,AEA,EN,Towers with Radar,0,14,53,1,68,0,25,45,0,70,0,39,98,1,138,206,0,206,344
10/30/2015,HEF,VA,AEA,EN,Towers with Radar,0,6,46,3,55,0,37,89,1,127,0,43,135,4,182,196,0,196,378
10/31/2015,HEF,VA,AEA,EN,Towers with Radar,0,13,29,0,42,0,23,126,4,153,0,36,155,4,195,134,0,134,329
11/01/2015,HEF,VA,AEA,EN,Towers with Radar,0,11,44,0,55,0,10,67,0,77,0,21,111,0,132,160,0,160,292
11/02/2015,HEF,VA,AEA,EN,Towers with Radar,0,4,30,0,34,0,19,37,0,56,0,23,67,0,90,216,0,216,306
11/03/2015,HEF,VA,AEA,EN,Towers with Radar,0,15,58,2,75,0,6,78,3,87,0,21,136,5,162,194,0,194,356
11/04/2015,HEF,VA,AEA,EN,Towers with Radar,0,16,47,0,63,0,11,96,0,107,0,27,143,0,170,0,0,0,170
11/05/2015,HEF,VA,AEA,EN,Towers with Radar,0,22,53,0,75,0,19,38,0,57,0,41,91,0,132,0,0,0,132
11/06/2015,HEF,VA,AEA,EN,Towers with Radar,0,13,58,1,72,0,4,48,0,52,0,17,106,1,124,88,0,88,212
11/07/2015,HEF,VA,AEA,EN,Towers with Radar,0,18,22,0,40,0,4,43,0,47,0,22,65,0,87,31,0,31,118
11/08/2015,HEF,VA,AEA,EN,Towers with Radar,0,17,55,1,73,0,28,115,1,144,0,45,170,2,217,182,0,182,399
11/09/2015,HEF,VA,AEA,EN,Towers with Radar,0,13,51,0,64,0,6,47,0,53,0,19,98,0,117,110,0,110,227
11/10/2015,HEF,VA,AEA,EN,Towers with Radar,0,7,33,0,40,0,0,0,0,0,0,7,33,0,40,2,0,2,42
11/11/2015,HEF,VA,AEA,EN,Towers with Radar,0,9,53,2,64,0,23,97,3,123,0,32,150,5,187,0,0,0,187
11/12/2015,HEF,VA,AEA,EN,Towers with Radar,0,11,41,4,56,0,19,36,2,57,0,30,77,6,113,74,0,74,187
11/13/2015,HEF,VA,AEA,EN,Towers with Radar,0,9,50,0,59,0,4,37,0,41,0,13,87,0,100,62,0,62,162
11/14/2015,HEF,VA,AEA,EN,Towers with Radar,0,15,25,0,40,0,12,55,2,69,0,27,80,2,109,114,0,114,223
11/15/2015,HEF,VA,AEA,EN,Towers with Radar,0,10,53,0,63,0,15,137,1,153,0,25,190,1,216,172,0,172,388
11/16/2015,HEF,VA,AEA,EN,Towers with Radar,0,14,51,0,65,0,16,72,0,88,0,30,123,0,153,48,0,48,201
11/17/2015,HEF,VA,AEA,EN,Towers with Radar,0,17,46,0,63,0,15,64,1,80,0,32,110,1,143,52,0,52,195
11/18/2015,HEF,VA,AEA,EN,Towers with Radar,0,23,52,0,75,0,4,15,0,19,0,27,67,0,94,0,0,0,94
11/19/2015,HEF,VA,AEA,EN,Towers with Radar,0,9,63,2,74,0,0,1,0,1,0,9,64,2,75,0,0,0,75
11/20/2015,HEF,VA,AEA,EN,Towers with Radar,0,16,45,0,61,0,20,64,0,84,0,36,109,0,145,149,0,149,294
11/21/2015,HEF,VA,AEA,EN,Towers with Radar,0,12,32,0,44,0,12,113,0,125,0,24,145,0,169,192,0,192,361
11/22/2015,HEF,VA,AEA,EN,Towers with Radar,0,9,31,0,40,0,13,62,0,75,0,22,93,0,115,134,0,134,249
11/23/2015,HEF,VA,AEA,EN,Towers with Radar,0,4,32,0,36,0,20,53,0,73,0,24,85,0,109,70,0,70,179
11/24/2015,HEF,VA,AEA,EN,Towers with Radar,0,19,57,0,76,0,14,53,0,67,0,33,110,0,143,96,0,96,239
11/25/2015,HEF,VA,AEA,EN,Towers with Radar,0,9,51,0,60,0,13,75,0,88,0,22,126,0,148,60,0,60,208
11/26/2015,HEF,VA,AEA,EN,Towers with Radar,0,6,10,0,16,0,4,21,0,25,0,10,31,0,41,12,0,12,53
11/27/2015,HEF,VA,AEA,EN,Towers with Radar,0,6,30,0,36,0,8,49,0,57,0,14,79,0,93,108,0,108,201
11/28/2015,HEF,VA,AEA,EN,Towers with Radar,0,13,24,0,37,0,12,53,0,65,0,25,77,0,102,224,0,224,326
11/29/2015,HEF,VA,AEA,EN,Towers with Radar,0,17,52,0,69,0,1,0,0,1,0,18,52,0,70,0,0,0,70
11/30/2015,HEF,VA,AEA,EN,Towers with Radar,0,14,39,0,53,0,0,7,0,7,0,14,46,0,60,0,0,0,60
12/01/2015,HEF,VA,AEA,EN,Towers with Radar,0,12,23,1,36,0,0,0,0,0,0,12,23,1,36,0,0,0,36
12/02/2015,HEF,VA,AEA,EN,Towers with Radar,0,11,25,0,36,0,0,0,0,0,0,11,25,0,36,0,0,0,36
12/03/2015,HEF,VA,AEA,EN,Towers with Radar,0,8,58,1,67,0,9,43,0,52,0,17,101,1,119,0,0,0,119
12/04/2015,HEF,VA,AEA,EN,Towers with Radar,0,13,35,2,50,0,25,94,0,119,0,38,129,2,169,156,0,156,325
12/05/2015,HEF,VA,AEA,EN,Towers with Radar,0,12,33,0,45,0,14,128,0,142,0,26,161,0,187,189,0,189,376
12/06/2015,HEF,VA,AEA,EN,Towers with Radar,0,6,43,1,50,0,22,92,0,114,0,28,135,1,164,202,0,202,366
12/07/2015,HEF,VA,AEA,EN,Towers with Radar,0,10,38,6,54,0,21,45,0,66,0,31,83,6,120,100,10,110,230
12/08/2015,HEF,VA,AEA,EN,Towers with Radar,0,11,43,0,54,0,6,68,2,76,0,17,111,2,130,82,0,82,212
12/09/2015,HEF,VA,AEA,EN,Towers with Radar,0,12,30,0,42,0,0,3,0,3,0,12,33,0,45,0,0,0,45
12/10/2015,HEF,VA,AEA,EN,Towers with Radar,0,8,28,0,36,0,15,63,0,78,0,23,91,0,114,120,0,120,234
12/11/2015,HEF,VA,AEA,EN,Towers with Radar,0,15,46,0,61,0,27,103,0,130,0,42,149,0,191,146,0,146,337
12/12/2015,HEF,VA,AEA,EN,Towers with Radar,0,11,22,0,33,0,22,125,0,147,0,33,147,0,180,102,12,114,294
12/13/2015,HEF,VA,AEA,EN,Towers with Radar,0,3,41,0,44,0,10,78,0,88,0,13,119,0,132,192,0,192,324
12/14/2015,HEF,VA,AEA,EN,Towers with Radar,0,5,40,2,47,0,0,10,0,10,0,5,50,2,57,0,0,0,57
12/15/2015,HEF,VA,AEA,EN,Towers with Radar,0,12,34,0,46,0,23,32,0,55,0,35,66,0,101,60,0,60,161
12/16/2015,HEF,VA,AEA,EN,Towers with Radar,0,9,46,0,55,0,13,79,0,92,0,22,125,0,147,111,0,111,258
12/17/2015,HEF,VA,AEA,EN,Towers with Radar,0,14,37,0,51,0,0,0,0,0,0,14,37,0,51,0,0,0,51
12/18/2015,HEF,VA,AEA,EN,Towers with Radar,0,7,33,4,44,0,19,33,0,52,0,26,66,4,96,49,0,49,145
12/19/2015,HEF,VA,AEA,EN,Towers with Radar,0,17,24,0,41,0,11,69,0,80,0,28,93,0,121,144,0,144,265
12/20/2015,HEF,VA,AEA,EN,Towers with Radar,0,8,31,0,39,0,15,82,0,97,0,23,113,0,136,274,0,274,410
12/21/2015,HEF,VA,AEA,EN,Towers with Radar,0,8,20,0,28,0,13,53,2,68,0,21,73,2,96,18,0,18,114
12/22/2015,HEF,VA,AEA,EN,Towers with Radar,0,9,28,0,37,0,0,7,0,7,0,9,35,0,44,8,0,8,52
12/23/2015,HEF,VA,AEA,EN,Towers with Radar,0,10,21,0,31,0,0,1,0,1,0,10,22,0,32,0,0,0,32
12/24/2015,HEF,VA,AEA,EN,Towers with Radar,0,8,17,0,25,0,1,0,0,1,0,9,17,0,26,16,0,16,42
12/25/2015,HEF,VA,AEA,EN,Towers with Radar,0,4,10,0,14,0,0,0,0,0,0,4,10,0,14,0,0,0,14
12/26/2015,HEF,VA,AEA,EN,Towers with Radar,0,12,31,0,43,0,0,0,0,0,0,12,31,0,43,14,0,14,57
12/27/2015,HEF,VA,AEA,EN,Towers with Radar,0,10,41,0,51,0,4,27,0,31,0,14,68,0,82,54,0,54,136
12/28/2015,HEF,VA,AEA,EN,Towers with Radar,0,8,27,0,35,0,9,33,0,42,0,17,60,0,77,109,0,109,186
12/29/2015,HEF,VA,AEA,EN,Towers with Radar,0,8,23,0,31,0,1,2,0,3,0,9,25,0,34,30,0,30,64
12/30/2015,HEF,VA,AEA,EN,Towers with Radar,0,15,20,0,35,0,0,0,0,0,0,15,20,0,35,0,0,0,35
12/31/2015,HEF,VA,AEA,EN,Towers with Radar,0,6,31,0,37,0,9,60,2,71,0,15,91,2,108,0,0,0,108
01/01/2016,HEF,VA,AEA,EN,Towers with Radar,0,4,13,0,17,0,15,51,0,66,0,19,64,0,83,38,0,38,121
01/02/2016,HEF,VA,AEA,EN,Towers with Radar,0,9,33,0,42,0,17,109,0,126,0,26,142,0,168,221,0,221,389
01/03/2016,HEF,VA,AEA,EN,Towers with Radar,0,9,50,0,59,0,16,101,0,117,0,25,151,0,176,180,0,180,356
01/04/2016,HEF,VA,AEA,EN,Towers with Radar,0,7,28,0,35,0,4,22,0,26,0,11,50,0,61,48,0,48,109
01/05/2016,HEF,VA,AEA,EN,Towers with Radar,0,9,17,0,26,0,11,57,0,68,0,20,74,0,94,90,0,90,184
01/06/2016,HEF,VA,AEA,EN,Towers with Radar,0,8,22,0,30,0,10,62,0,72,0,18,84,0,102,0,0,0,102
01/07/2016,HEF,VA,AEA,EN,Towers with Radar,0,15,28,0,43,0,1,1,0,2,0,16,29,0,45,6,0,6,51
01/08/2016,HEF,VA,AEA,EN,Towers with Radar,0,18,31,0,49,0,0,0,0,0,0,18,31,0,49,0,0,0,49
01/09/2016,HEF,VA,AEA,EN,Towers with Radar,0,7,12,0,19,0,0,0,0,0,0,7,12,0,19,0,0,0,19
01/10/2016,HEF,VA,AEA,EN,Towers with Radar,0,17,30,0,47,0,2,25,0,27,0,19,55,0,74,68,0,68,142
01/11/2016,HEF,VA,AEA,EN,Towers with Radar,0,12,34,4,50,0,4,84,1,89,0,16,118,5,139,82,0,82,221
01/12/2016,HEF,VA,AEA,EN,Towers with Radar,0,11,21,0,32,0,6,49,0,55,0,17,70,0,87,46,0,46,133
01/13/2016,HEF,VA,AEA,EN,Towers with Radar,0,11,52,4,67,0,17,51,1,69,0,28,103,5,136,0,0,0,136
01/14/2016,HEF,VA,AEA,EN,Towers with Radar,0,10,42,0,52,0,12,62,0,74,0,22,104,0,126,0,0,0,126
01/15/2016,HEF,VA,AEA,EN,Towers with Radar,0,16,31,0,47,0,18,87,0,105,0,34,118,0,152,104,0,104,256
01/16/2016,HEF,VA,AEA,EN,Towers with Radar,0,5,25,0,30,0,4,52,0,56,0,9,77,0,86,136,0,136,222
01/17/2016,HEF,VA,AEA,EN,Towers with Radar,0,5,18,0,23,0,2,7,0,9,0,7,25,0,32,134,0,134,166
01/18/2016,HEF,VA,AEA,EN,Towers with Radar,0,5,40,0,45,0,6,35,0,41,0,11,75,0,86,20,0,20,106
01/19/2016,HEF,VA,AEA,EN,Towers with Radar,0,10,27,0,37,0,10,31,0,41,0,20,58,0,78,32,0,32,110
01/20/2016,HEF,VA,AEA,EN,Towers with Radar,0,19,37,6,62,0,3,37,0,40,0,22,74,6,102,192,14,206,308
01/21/2016,HEF,VA,AEA,EN,Towers with Radar,0,14,37,0,51,0,8,57,0,65,0,22,94,0,116,0,0,0,116
01/22/2016,HEF,VA,AEA,EN,Towers with Radar,0,4,14,0,18,0,3,5,0,8,0,7,19,0,26,14,0,14,40
01/23/2016,HEF,VA,AEA,EN,Towers with Radar,0,0,0,0,0,0,0,0,0,0,0,0,0,0,0,0,0,0,0
01/24/2016,HEF,VA,AEA,EN,Towers with Radar,0,0,1,0,1,0,2,6,0,8,0,2,7,0,9,0,0,0,9
01/25/2016,HEF,VA,AEA,EN,Towers with Radar,0,21,42,2,65,0,3,11,0,14,0,24,53,2,79,0,0,0,79
01/26/2016,HEF,VA,AEA,EN,Towers with Radar,0,7,28,1,36,0,6,12,0,18,0,13,40,1,54,75,0,75,129
01/27/2016,HEF,VA,AEA,EN,Towers with Radar,0,12,26,3,41,0,3,38,1,42,0,15,64,4,83,70,0,70,153
01/28/2016,HEF,VA,AEA,EN,Towers with Radar,0,12,22,3,37,0,0,40,0,40,0,12,62,3,77,0,0,0,77
01/29/2016,HEF,VA,AEA,EN,Towers with Radar,0,12,35,0,47,0,6,16,0,22,0,18,51,0,69,38,0,38,107
01/30/2016,HEF,VA,AEA,EN,Towers with Radar,0,10,20,0,30,0,8,83,0,91,0,18,103,0,121,198,0,198,319
01/31/2016,HEF,VA,AEA,EN,Towers with Radar,0,4,30,1,35,0,18,104,0,122,0,22,134,1,157,284,0,284,441
02/01/2016,HEF,VA,AEA,EN,Towers with Radar,0,6,31,1,38,0,8,31,2,41,0,14,62,3,79,144,0,144,223
02/02/2016,HEF,VA,AEA,EN,Towers with Radar,0,13,29,2,44,0,15,59,0,74,0,28,88,2,118,122,0,122,240
02/03/2016,HEF,VA,AEA,EN,Towers with Radar,0,14,20,0,34,0,0,0,0,0,0,14,20,0,34,6,0,6,40
02/04/2016,HEF,VA,AEA,EN,Towers with Radar,0,13,28,6,47,0,15,39,0,54,0,28,67,6,101,126,0,126,227
02/05/2016,HEF,VA,AEA,EN,Towers with Radar,0,9,29,0,38,0,7,48,0,55,0,16,77,0,93,32,8,40,133
02/06/2016,HEF,VA,AEA,EN,Towers with Radar,0,9,30,0,39,0,11,123,0,134,0,20,153,0,173,226,0,226,399
02/07/2016,HEF,VA,AEA,EN,Towers with Radar,0,1,33,0,34,0,6,99,0,105,0,7,132,0,139,207,0,207,346
02/08/2016,HEF,VA,AEA,EN,Towers with Radar,0,4,28,1,33,0,8,27,2,37,0,12,55,3,70,54,0,54,124
02/09/2016,HEF,VA,AEA,EN,Towers with Radar,0,7,13,0,20,0,0,2,0,2,0,7,15,0,22,6,0,6,28
02/10/2016,HEF,VA,AEA,EN,Towers with Radar,0,10,31,2,43,0,4,35,2,41,0,14,66,4,84,182,0,182,266
02/11/2016,HEF,VA,AEA,EN,Towers with Radar,0,14,39,0,53,0,3,19,1,23,0,17,58,1,76,92,0,92,168
02/12/2016,HEF,VA,AEA,EN,Towers with Radar,0,15,47,0,62,0,16,57,0,73,0,31,104,0,135,170,0,170,305
02/13/2016,HEF,VA,AEA,EN,Towers with Radar,0,9,10,0,19,0,0,12,0,12,0,9,22,0,31,0,0,0,31
02/14/2016,HEF,VA,AEA,EN,Towers with Radar,0,2,20,0,22,0,19,50,0,69,0,21,70,0,91,172,0,172,263
02/15/2016,HEF,VA,AEA,EN,Towers with Radar,0,4,7,0,11,0,0,0,0,0,0,4,7,0,11,0,0,0,11
02/16/2016,HEF,VA,AEA,EN,Towers with Radar,0,6,28,0,34,0,1,4,0,5,0,7,32,0,39,46,0,46,85
02/17/2016,HEF,VA,AEA,EN,Towers with Radar,0,15,38,0,53,0,13,78,3,94,0,28,116,3,147,218,0,218,365
02/18/2016,HEF,VA,AEA,EN,Towers with Radar,0,11,24,0,35,0,8,59,0,67,0,19,83,0,102,108,0,108,210
02/19/2016,HEF,VA,AEA,EN,Towers with Radar,0,5,25,0,30,0,17,65,0,82,0,22,90,0,112,98,0,98,210
02/20/2016,HEF,VA,AEA,EN,Towers with Radar,0,12,33,0,45,0,18,124,0,142,0,30,157,0,187,245,0,245,432
02/21/2016,HEF,VA,AEA,EN,Towers with Radar,0,6,24,1,31,0,0,17,0,17,0,6,41,1,48,76,0,76,124
02/22/2016,HEF,VA,AEA,EN,Towers with Radar,0,3,33,1,37,0,11,53,2,66,0,14,86,3,103,165,0,165,268
02/23/2016,HEF,VA,AEA,EN,Towers with Radar,0,11,32,0,43,0,0,0,0,0,0,11,32,0,43,0,0,0,43
02/24/2016,HEF,VA,AEA,EN,Towers with Radar,0,13,18,0,31,0,0,0,0,0,0,13,18,0,31,0,0,0,31
02/25/2016,HEF,VA,AEA,EN,Towers with Radar,0,10,38,1,49,0,2,15,0,17,0,12,53,1,66,30,0,30,96
02/26/2016,HEF,VA,AEA,EN,Towers with Radar,0,12,40,3,55,0,7,29,0,36,0,19,69,3,91,2,0,2,93
02/27/2016,HEF,VA,AEA,EN,Towers with Radar,0,6,33,0,39,0,25,112,2,139,0,31,145,2,178,182,0,182,360
02/28/2016,HEF,VA,AEA,EN,Towers with Radar,3,7,17,1,28,1,11,67,0,79,4,18,84,1,107,192,0,192,299
02/29/2016,HEF,VA,AEA,EN,Towers with Radar,0,4,32,0,36,0,2,21,0,23,0,6,53,0,59,40,0,40,99
03/01/2016,HEF,VA,AEA,EN,Towers with Radar,0,11,44,0,55,0,13,84,0,97,0,24,128,0,152,118,0,118,270
03/02/2016,HEF,VA,AEA,EN,Towers with Radar,0,8,37,2,47,0,0,11,0,11,0,8,48,2,58,0,0,0,58
03/03/2016,HEF,VA,AEA,EN,Towers with Radar,0,8,45,0,53,0,10,47,0,57,0,18,92,0,110,140,0,140,250
03/04/2016,HEF,VA,AEA,EN,Towers with Radar,0,21,31,2,54,0,10,8,0,18,0,31,39,2,72,114,2,116,188
03/05/2016,HEF,VA,AEA,EN,Towers with Radar,0,18,33,0,51,0,20,91,0,111,0,38,124,0,162,162,0,162,324
03/06/2016,HEF,VA,AEA,EN,Towers with Radar,0,7,36,2,45,0,16,80,0,96,0,23,116,2,141,184,0,184,325
03/07/2016,HEF,VA,AEA,EN,Towers with Radar,0,12,40,0,52,0,14,70,1,85,0,26,110,1,137,72,0,72,209
03/08/2016,HEF,VA,AEA,EN,Towers with Radar,0,12,49,2,63,0,17,98,3,118,0,29,147,5,181,182,12,194,375
03/09/2016,HEF,VA,AEA,EN,Towers with Radar,0,15,52,2,69,0,16,84,1,101,0,31,136,3,170,0,0,0,170
03/10/2016,HEF,VA,AEA,EN,Towers with Radar,0,18,60,0,78,0,20,72,0,92,0,38,132,0,170,182,0,182,352
03/11/2016,HEF,VA,AEA,EN,Towers with Radar,1,13,40,3,57,0,13,57,0,70,1,26,97,3,127,152,0,152,279
03/12/2016,HEF,VA,AEA,EN,Towers with Radar,0,11,33,1,45,0,14,133,2,149,0,25,166,3,194,164,0,164,358
03/13/2016,HEF,VA,AEA,EN,Towers with Radar,1,9,43,2,55,0,2,11,0,13,1,11,54,2,68,54,0,54,122
03/14/2016,HEF,VA,AEA,EN,Towers with Radar,0,11,29,0,40,0,2,0,0,2,0,13,29,0,42,0,0,0,42
03/15/2016,HEF,VA,AEA,EN,Towers with Radar,0,11,49,0,60,0,3,23,0,26,0,14,72,0,86,136,0,136,222
03/16/2016,HEF,VA,AEA,EN,Towers with Radar,0,12,45,3,60,0,3,64,1,68,0,15,109,4,128,233,0,233,361
03/17/2016,HEF,VA,AEA,EN,Towers with Radar,0,15,43,0,58,0,8,45,2,55,0,23,88,2,113,174,0,174,287
03/18/2016,HEF,VA,AEA,EN,Towers with Radar,0,22,50,3,75,0,10,58,0,68,0,32,108,3,143,108,0,108,251
03/19/2016,HEF,VA,AEA,EN,Towers with Radar,0,13,20,0,33,0,6,14,0,20,0,19,34,0,53,80,0,80,133
03/20/2016,HEF,VA,AEA,EN,Towers with Radar,0,7,20,1,28,0,9,29,0,38,0,16,49,1,66,236,0,236,302
03/21/2016,HEF,VA,AEA,EN,Towers with Radar,0,3,42,1,46,0,6,30,0,36,0,9,72,1,82,22,0,22,104
03/22/2016,HEF,VA,AEA,EN,Towers with Radar,0,13,43,3,59,0,19,71,1,91,0,32,114,4,150,202,0,202,352
03/23/2016,HEF,VA,AEA,EN,Towers with Radar,0,20,41,15,76,0,19,71,5,95,0,39,112,20,171,174,24,198,369
03/24/2016,HEF,VA,AEA,EN,Towers with Radar,0,18,34,0,52,0,8,40,0,48,0,26,74,0,100,104,0,104,204
03/25/2016,HEF,VA,AEA,EN,Towers with Radar,0,12,51,0,63,0,2,35,0,37,0,14,86,0,100,162,0,162,262
03/26/2016,HEF,VA,AEA,EN,Towers with Radar,0,15,49,0,64,0,24,122,3,149,0,39,171,3,213,308,0,308,521
03/27/2016,HEF,VA,AEA,EN,Towers with Radar,0,10,31,0,41,0,0,12,1,13,0,10,43,1,54,146,0,146,200
03/28/2016,HEF,VA,AEA,EN,Towers with Radar,0,8,35,0,43,0,7,4,0,11,0,15,39,0,54,40,0,40,94
03/29/2016,HEF,VA,AEA,EN,Towers with Radar,0,7,51,2,60,0,16,58,1,75,0,23,109,3,135,56,0,56,191
03/30/2016,HEF,VA,AEA,EN,Towers with Radar,0,17,52,0,69,0,15,80,0,95,0,32,132,0,164,255,0,255,419
03/31/2016,HEF,VA,AEA,EN,Towers with Radar,0,9,43,2,54,0,0,12,1,13,0,9,55,3,67,0,0,0,67
04/01/2016,HEF,VA,AEA,EN,Towers with Radar,0,15,35,1,51,0,8,19,0,27,0,23,54,1,78,0,0,0,78
04/02/2016,HEF,VA,AEA,EN,Towers with Radar,0,16,38,0,54,0,6,39,0,45,0,22,77,0,99,212,0,212,311
04/03/2016,HEF,VA,AEA,EN,Towers with Radar,0,11,32,0,43,0,3,24,1,28,0,14,56,1,71,90,0,90,161
04/04/2016,HEF,VA,AEA,EN,Towers with Radar,0,5,38,1,44,0,7,23,0,30,0,12,61,1,74,36,0,36,110
04/05/2016,HEF,VA,AEA,EN,Towers with Radar,0,17,60,0,77,0,18,29,2,49,0,35,89,2,126,132,0,132,258
04/06/2016,HEF,VA,AEA,EN,Towers with Radar,0,14,66,1,81,0,22,60,2,84,0,36,126,3,165,0,0,0,165
04/07/2016,HEF,VA,AEA,EN,Towers with Radar,0,17,44,0,61,0,0,4,2,6,0,17,48,2,67,68,2,70,137
04/08/2016,HEF,VA,AEA,EN,Towers with Radar,0,12,79,4,95,0,9,52,1,62,0,21,131,5,157,102,0,102,259
04/09/2016,HEF,VA,AEA,EN,Towers with Radar,0,7,17,0,24,0,2,5,0,7,0,9,22,0,31,4,0,4,35
04/10/2016,HEF,VA,AEA,EN,Towers with Radar,0,4,62,4,70,0,19,139,3,161,0,23,201,7,231,304,0,304,535
04/11/2016,HEF,VA,AEA,EN,Towers with Radar,0,15,33,0,48,0,10,20,0,30,0,25,53,0,78,76,0,76,154
04/12/2016,HEF,VA,AEA,EN,Towers with Radar,0,12,35,0,47,0,3,43,0,46,0,15,78,0,93,72,0,72,165
04/13/2016,HEF,VA,AEA,EN,Towers with Radar,0,15,58,3,76,0,23,92,0,115,0,38,150,3,191,0,0,0,191
04/14/2016,HEF,VA,AEA,EN,Towers with Radar,0,20,42,2,64,0,9,71,0,80,0,29,113,2,144,292,0,292,436
04/15/2016,HEF,VA,AEA,EN,Towers with Radar,0,19,46,1,66,0,17,104,0,121,0,36,150,1,187,338,0,338,525
04/16/2016,HEF,VA,AEA,EN,Towers with Radar,0,10,36,0,46,0,24,113,1,138,0,34,149,1,184,313,0,313,497
04/17/2016,HEF,VA,AEA,EN,Towers with Radar,0,4,57,1,62,0,21,133,1,155,0,25,190,2,217,338,0,338,555
04/18/2016,HEF,VA,AEA,EN,Towers with Radar,0,11,63,1,75,0,10,47,1,58,0,21,110,2,133,144,0,144,277
04/19/2016,HEF,VA,AEA,EN,Towers with Radar,0,14,52,0,66,0,18,40,0,58,0,32,92,0,124,142,0,142,266
04/20/2016,HEF,VA,AEA,EN,Towers with Radar,0,9,72,0,81,0,12,92,2,106,0,21,164,2,187,204,0,204,391
04/21/2016,HEF,VA,AEA,EN,Towers with Radar,0,9,53,0,62,0,10,40,0,50,0,19,93,0,112,0,0,0,112
04/22/2016,HEF,VA,AEA,EN,Towers with Radar,0,23,41,3,67,0,6,18,0,24,0,29,59,3,91,30,0,30,121
04/23/2016,HEF,VA,AEA,EN,Towers with Radar,0,19,28,1,48,0,7,22,0,29,0,26,50,1,77,178,0,178,255
04/24/2016,HEF,VA,AEA,EN,Towers with Radar,0,12,50,1,63,0,18,150,1,169,0,30,200,2,232,330,0,330,562
04/25/2016,HEF,VA,AEA,EN,Towers with Radar,0,3,40,1,44,0,8,70,0,78,0,11,110,1,122,162,0,162,284
04/26/2016,HEF,VA,AEA,EN,Towers with Radar,0,10,37,0,47,0,8,26,1,35,0,18,63,1,82,86,0,86,168
04/27/2016,HEF,VA,AEA,EN,Towers with Radar,0,11,55,1,67,0,0,2,0,2,0,11,57,1,69,8,0,8,77
04/28/2016,HEF,VA,AEA,EN,Towers with Radar,0,13,44,0,57,0,0,0,0,0,0,13,44,0,57,0,0,0,57
04/29/2016,HEF,VA,AEA,EN,Towers with Radar,0,20,59,2,81,0,1,0,0,1,0,21,59,2,82,34,0,34,116
04/30/2016,HEF,VA,AEA,EN,Towers with Radar,0,13,57,0,70,0,0,11,0,11,0,13,68,0,81,284,0,284,365
05/01/2016,HEF,VA,AEA,EN,Towers with Radar,0,17,49,2,68,0,1,1,0,2,0,18,50,2,70,1,0,1,71
05/02/2016,HEF,VA,AEA,EN,Towers with Radar,0,8,41,1,50,0,4,16,0,20,0,12,57,1,70,146,0,146,216
05/03/2016,HEF,VA,AEA,EN,Towers with Radar,0,10,45,0,55,0,2,5,0,7,0,12,50,0,62,62,0,62,124
05/04/2016,HEF,VA,AEA,EN,Towers with Radar,0,10,52,0,62,0,6,2,0,8,0,16,54,0,70,98,0,98,168
05/05/2016,HEF,VA,AEA,EN,Towers with Radar,0,11,47,0,58,0,4,4,5,13,0,15,51,5,71,84,0,84,155
05/06/2016,HEF,VA,AEA,EN,Towers with Radar,0,17,34,2,53,0,4,2,6,12,0,21,36,8,65,18,0,18,83
05/07/2016,HEF,VA,AEA,EN,Towers with Radar,0,6,37,2,45,0,7,45,6,58,0,13,82,8,103,92,0,92,195
05/08/2016,HEF,VA,AEA,EN,Towers with Radar,0,6,48,0,54,0,10,75,2,87,0,16,123,2,141,154,0,154,295
05/09/2016,HEF,VA,AEA,EN,Towers with Radar,0,7,48,0,55,0,9,44,0,53,0,16,92,0,108,220,0,220,328
05/10/2016,HEF,VA,AEA,EN,Towers with Radar,0,15,35,0,50,0,4,15,0,19,0,19,50,0,69,160,0,160,229
05/11/2016,HEF,VA,AEA,EN,Towers with Radar,0,19,61,0,80,0,0,0,0,0,0,19,61,0,80,0,0,0,80
05/12/2016,HEF,VA,AEA,EN,Towers with Radar,0,10,53,0,63,0,0,5,0,5,0,10,58,0,68,26,0,26,94
05/13/2016,HEF,VA,AEA,EN,Towers with Radar,0,17,50,2,69,0,9,34,0,43,0,26,84,2,112,150,0,150,262
05/14/2016,HEF,VA,AEA,EN,Towers with Radar,0,16,27,0,43,0,9,74,0,83,0,25,101,0,126,108,0,108,234
05/15/2016,HEF,VA,AEA,EN,Towers with Radar,0,9,50,0,59,0,3,33,0,36,0,12,83,0,95,28,0,28,123
05/16/2016,HEF,VA,AEA,EN,Towers with Radar,0,3,56,0,59,0,49,99,5,153,0,52,155,5,212,168,0,168,380
05/17/2016,HEF,VA,AEA,EN,Towers with Radar,0,7,50,0,57,0,9,6,0,15,0,16,56,0,72,6,0,6,78
05/18/2016,HEF,VA,AEA,EN,Towers with Radar,0,10,58,0,68,0,22,42,21,85,0,32,100,21,153,208,20,228,381
05/19/2016,HEF,VA,AEA,EN,Towers with Radar,0,10,45,0,55,0,25,77,2,104,0,35,122,2,159,272,0,272,431
05/20/2016,HEF,VA,AEA,EN,Towers with Radar,0,11,59,0,70,0,22,149,3,174,0,33,208,3,244,180,0,180,424
05/21/2016,HEF,VA,AEA,EN,Towers with Radar,0,10,29,0,39,0,0,1,0,1,0,10,30,0,40,0,0,0,40
05/22/2016,HEF,VA,AEA,EN,Towers with Radar,0,15,48,0,63,0,0,0,0,0,0,15,48,0,63,0,0,0,63
05/23/2016,HEF,VA,AEA,EN,Towers with Radar,0,7,50,2,59,0,6,34,1,41,0,13,84,3,100,94,0,94,194
05/24/2016,HEF,VA,AEA,EN,Towers with Radar,0,12,45,3,60,0,30,97,0,127,0,42,142,3,187,182,0,182,369
05/25/2016,HEF,VA,AEA,EN,Towers with Radar,0,8,42,0,50,0,32,100,3,135,0,40,142,3,185,0,0,0,185
05/26/2016,HEF,VA,AEA,EN,Towers with Radar,0,10,40,0,50,0,16,60,5,81,0,26,100,5,131,168,0,168,299
05/27/2016,HEF,VA,AEA,EN,Towers with Radar,0,17,46,1,64,0,20,93,0,113,0,37,139,1,177,148,0,148,325
05/28/2016,HEF,VA,AEA,EN,Towers with Radar,0,14,36,2,52,0,19,121,2,142,0,33,157,4,194,274,0,274,468
05/29/2016,HEF,VA,AEA,EN,Towers with Radar,0,5,24,0,29,0,17,42,3,62,0,22,66,3,91,308,0,308,399
05/30/2016,HEF,VA,AEA,EN,Towers with Radar,0,8,45,1,54,0,19,41,0,60,0,27,86,1,114,74,0,74,188
05/31/2016,HEF,VA,AEA,EN,Towers with Radar,0,12,42,0,54,0,18,65,2,85,0,30,107,2,139,340,0,340,479
06/01/2016,HEF,VA,AEA,EN,Towers with Radar,0,13,55,0,68,0,24,79,2,105,0,37,134,2,173,170,0,170,343
06/02/2016,HEF,VA,AEA,EN,Towers with Radar,0,13,50,0,63,0,20,46,1,67,0,33,96,1,130,253,0,253,383
06/03/2016,HEF,VA,AEA,EN,Towers with Radar,0,20,44,0,64,0,4,19,0,23,0,24,63,0,87,94,0,94,181
06/04/2016,HEF,VA,AEA,EN,Towers with Radar,0,7,27,0,34,0,3,19,2,24,0,10,46,2,58,184,0,184,242
06/05/2016,HEF,VA,AEA,EN,Towers with Radar,0,15,25,0,40,0,2,15,0,17,0,17,40,0,57,8,0,8,65
06/06/2016,HEF,VA,AEA,EN,Towers with Radar,0,6,44,0,50,0,16,78,0,94,0,22,122,0,144,188,0,188,332
06/07/2016,HEF,VA,AEA,EN,Towers with Radar,0,14,47,2,63,0,21,66,6,93,0,35,113,8,156,140,0,140,296
06/08/2016,HEF,VA,AEA,EN,Towers with Radar,0,11,60,1,72,0,6,49,5,60,0,17,109,6,132,0,0,0,132
06/09/2016,HEF,VA,AEA,EN,Towers with Radar,0,12,39,0,51,0,13,72,0,85,0,25,111,0,136,0,0,0,136
06/10/2016,HEF,VA,AEA,EN,Towers with Radar,0,21,50,8,79,0,6,128,1,135,0,27,178,9,214,158,0,158,372
06/11/2016,HEF,VA,AEA,EN,Towers with Radar,0,10,31,0,41,0,26,105,0,131,0,36,136,0,172,176,0,176,348
06/12/2016,HEF,VA,AEA,EN,Towers with Radar,0,7,45,3,55,0,6,49,1,56,0,13,94,4,111,64,0,64,175
06/13/2016,HEF,VA,AEA,EN,Towers with Radar,0,7,52,0,59,0,6,66,0,72,0,13,118,0,131,136,0,136,267
06/14/2016,HEF,VA,AEA,EN,Towers with Radar,0,13,44,0,57,0,16,91,0,107,0,29,135,0,164,272,0,272,436
06/15/2016,HEF,VA,AEA,EN,Towers with Radar,0,12,62,0,74,0,15,64,0,79,0,27,126,0,153,254,0,254,407
06/16/2016,HEF,VA,AEA,EN,Towers with Radar,0,15,57,3,75,0,5,19,0,24,0,20,76,3,99,96,0,96,195
06/17/2016,HEF,VA,AEA,EN,Towers with Radar,0,13,59,6,78,0,12,49,11,72,0,25,108,17,150,186,0,186,336
06/18/2016,HEF,VA,AEA,EN,Towers with Radar,0,12,38,0,50,0,13,152,1,166,0,25,190,1,216,212,0,212,428
06/19/2016,HEF,VA,AEA,EN,Towers with Radar,0,9,49,0,58,0,14,119,0,133,0,23,168,0,191,266,0,266,457
06/20/2016,HEF,VA,AEA,EN,Towers with Radar,0,4,57,0,61,0,29,102,0,131,0,33,159,0,192,160,0,160,352
06/21/2016,HEF,VA,AEA,EN,Towers with Radar,0,8,38,0,46,0,10,20,2,32,0,18,58,2,78,146,4,150,228
06/22/2016,HEF,VA,AEA,EN,Towers with Radar,0,13,57,0,70,0,26,95,1,122,0,39,152,1,192,96,0,96,288
06/23/2016,HEF,VA,AEA,EN,Towers with Radar,0,13,32,0,45,0,2,25,1,28,0,15,57,1,73,56,0,56,129
06/24/2016,HEF,VA,AEA,EN,Towers with Radar,0,10,42,0,52,0,23,59,0,82,0,33,101,0,134,252,0,252,386
06/25/2016,HEF,VA,AEA,EN,Towers with Radar,0,16,40,1,57,0,13,86,2,101,0,29,126,3,158,334,0,334,492
06/26/2016,HEF,VA,AEA,EN,Towers with Radar,0,12,44,1,57,0,7,140,0,147,0,19,184,1,204,196,0,196,400
06/27/2016,HEF,VA,AEA,EN,Towers with Radar,0,8,31,0,39,0,10,60,4,74,0,18,91,4,113,114,6,120,233
06/28/2016,HEF,VA,AEA,EN,Towers with Radar,0,10,37,0,47,0,17,51,0,68,0,27,88,0,115,108,0,108,223
06/29/2016,HEF,VA,AEA,EN,Towers with Radar,0,14,43,0,57,0,19,98,0,117,0,33,141,0,174,212,12,224,398
06/30/2016,HEF,VA,AEA,EN,Towers with Radar,0,13,45,0,58,0,15,61,2,78,0,28,106,2,136,189,0,189,325
07/01/2016,HEF,VA,AEA,EN,Towers with Radar,0,12,56,0,68,0,12,50,0,62,0,24,106,0,130,148,0,148,278
07/02/2016,HEF,VA,AEA,EN,Towers with Radar,0,13,26,0,39,0,31,98,2,131,0,44,124,2,170,198,0,198,368
07/03/2016,HEF,VA,AEA,EN,Towers with Radar,0,4,33,0,37,0,12,44,0,56,0,16,77,0,93,138,0,138,231
07/04/2016,HEF,VA,AEA,EN,Towers with Radar,0,2,22,0,24,0,0,1,0,1,0,2,23,0,25,0,0,0,25
07/05/2016,HEF,VA,AEA,EN,Towers with Radar,0,6,41,0,47,0,18,48,0,66,0,24,89,0,113,168,0,168,281
07/06/2016,HEF,VA,AEA,EN,Towers with Radar,0,9,39,0,48,0,21,64,0,85,0,30,103,0,133,222,0,222,355
07/07/2016,HEF,VA,AEA,EN,Towers with Radar,0,7,32,0,39,0,22,84,0,106,0,29,116,0,145,221,0,221,366
07/08/2016,HEF,VA,AEA,EN,Towers with Radar,0,10,49,3,62,0,21,50,2,73,0,31,99,5,135,236,0,236,371
07/09/2016,HEF,VA,AEA,EN,Towers with Radar,0,10,49,0,59,0,22,147,0,169,0,32,196,0,228,104,0,104,332
07/10/2016,HEF,VA,AEA,EN,Towers with Radar,0,14,32,1,47,0,11,90,0,101,0,25,122,1,148,262,0,262,410
07/11/2016,HEF,VA,AEA,EN,Towers with Radar,0,8,44,0,52,0,18,96,1,115,0,26,140,1,167,82,0,82,249
07/12/2016,HEF,VA,AEA,EN,Towers with Radar,0,11,58,0,69,0,8,71,0,79,0,19,129,0,148,280,0,280,428
07/13/2016,HEF,VA,AEA,EN,Towers with Radar,0,9,46,0,55,0,5,27,0,32,0,14,73,0,87,198,10,208,295
07/14/2016,HEF,VA,AEA,EN,Towers with Radar,0,14,57,2,73,0,17,53,0,70,0,31,110,2,143,224,0,224,367
07/15/2016,HEF,VA,AEA,EN,Towers with Radar,0,8,58,1,67,0,24,101,0,125,0,32,159,1,192,277,0,277,469
07/16/2016,HEF,VA,AEA,EN,Towers with Radar,0,10,33,0,43,0,18,99,0,117,0,28,132,0,160,160,0,160,320
07/17/2016,HEF,VA,AEA,EN,Towers with Radar,0,5,74,1,80,0,11,139,0,150,0,16,213,1,230,268,0,268,498
07/18/2016,HEF,VA,AEA,EN,Towers with Radar,0,4,35,0,39,0,10,50,0,60,0,14,85,0,99,48,0,48,147
07/19/2016,HEF,VA,AEA,EN,Towers with Radar,0,8,53,0,61,0,16,56,0,72,0,24,109,0,133,372,0,372,505
07/20/2016,HEF,VA,AEA,EN,Towers with Radar,0,12,44,0,56,0,19,104,1,124,0,31,148,1,180,156,0,156,336
07/21/2016,HEF,VA,AEA,EN,Towers with Radar,0,13,50,0,63,0,26,91,0,117,0,39,141,0,180,226,0,226,406
07/22/2016,HEF,VA,AEA,EN,Towers with Radar,0,10,50,3,63,0,32,78,0,110,0,42,128,3,173,158,0,158,331
07/23/2016,HEF,VA,AEA,EN,Towers with Radar,0,9,38,0,47,0,25,82,0,107,0,34,120,0,154,220,0,220,374
07/24/2016,HEF,VA,AEA,EN,Towers with Radar,0,7,52,5,64,0,14,70,0,84,0,21,122,5,148,138,0,138,286
07/25/2016,HEF,VA,AEA,EN,Towers with Radar,0,6,33,0,39,0,22,49,0,71,0,28,82,0,110,82,0,82,192
07/26/2016,HEF,VA,AEA,EN,Towers with Radar,0,11,36,0,47,0,9,42,1,52,0,20,78,1,99,164,0,164,263
07/27/2016,HEF,VA,AEA,EN,Towers with Radar,0,10,34,0,44,0,17,51,2,70,0,27,85,2,114,0,0,0,114
07/28/2016,HEF,VA,AEA,EN,Towers with Radar,0,12,56,0,68,0,9,31,0,40,0,21,87,0,108,74,0,74,182
07/29/2016,HEF,VA,AEA,EN,Towers with Radar,0,13,42,3,58,0,9,44,0,53,0,22,86,3,111,192,0,192,303
07/30/2016,HEF,VA,AEA,EN,Towers with Radar,0,12,27,0,39,0,9,19,0,28,0,21,46,0,67,112,0,112,179
07/31/2016,HEF,VA,AEA,EN,Towers with Radar,0,4,40,3,47,0,6,36,0,42,0,10,76,3,89,90,0,90,179
08/01/2016,HEF,VA,AEA,EN,Towers with Radar,0,3,41,0,44,0,9,64,0,73,0,12,105,0,117,118,6,124,241
08/02/2016,HEF,VA,AEA,EN,Towers with Radar,0,9,29,0,38,0,10,48,2,60,0,19,77,2,98,206,0,206,304
08/03/2016,HEF,VA,AEA,EN,Towers with Radar,0,13,44,0,57,0,11,68,0,79,0,24,112,0,136,136,0,136,272
08/04/2016,HEF,VA,AEA,EN,Towers with Radar,0,21,61,0,82,0,15,51,1,67,0,36,112,1,149,146,0,146,295
08/05/2016,HEF,VA,AEA,EN,Towers with Radar,0,13,47,1,61,0,11,23,0,34,0,24,70,1,95,120,0,120,215
08/06/2016,HEF,VA,AEA,EN,Towers with Radar,0,11,31,0,42,0,16,52,0,68,0,27,83,0,110,178,0,178,288
08/07/2016,HEF,VA,AEA,EN,Towers with Radar,0,10,58,1,69,0,18,145,1,164,0,28,203,2,233,186,0,186,419
08/08/2016,HEF,VA,AEA,EN,Towers with Radar,0,3,36,0,39,0,45,55,1,101,0,48,91,1,140,126,0,126,266
08/09/2016,HEF,VA,AEA,EN,Towers with Radar,0,14,51,0,65,0,3,23,1,27,0,17,74,1,92,110,0,110,202
08/10/2016,HEF,VA,AEA,EN,Towers with Radar,0,11,40,0,51,0,14,53,0,67,0,25,93,0,118,0,0,0,118
08/11/2016,HEF,VA,AEA,EN,Towers with Radar,0,13,35,0,48,0,20,60,1,81,0,33,95,1,129,104,0,104,233
08/12/2016,HEF,VA,AEA,EN,Towers with Radar,0,9,47,0,56,0,28,71,0,99,0,37,118,0,155,152,0,152,307
08/13/2016,HEF,VA,AEA,EN,Towers with Radar,0,10,36,0,46,0,16,65,0,81,0,26,101,0,127,184,0,184,311
08/14/2016,HEF,VA,AEA,EN,Towers with Radar,0,5,56,0,61,0,4,70,0,74,0,9,126,0,135,172,0,172,307
08/15/2016,HEF,VA,AEA,EN,Towers with Radar,0,5,44,0,49,0,11,42,0,53,0,16,86,0,102,104,0,104,206
08/16/2016,HEF,VA,AEA,EN,Towers with Radar,0,11,37,2,50,0,22,35,0,57,0,33,72,2,107,250,0,250,357
08/17/2016,HEF,VA,AEA,EN,Towers with Radar,0,9,37,0,46,0,23,52,0,75,0,32,89,0,121,0,0,0,121
08/18/2016,HEF,VA,AEA,EN,Towers with Radar,0,12,50,0,62,0,18,66,0,84,0,30,116,0,146,0,0,0,146
08/19/2016,HEF,VA,AEA,EN,Towers with Radar,0,20,37,2,59,0,15,96,1,112,0,35,133,3,171,298,0,298,469
08/20/2016,HEF,VA,AEA,EN,Towers with Radar,0,11,39,0,50,0,12,156,0,168,0,23,195,0,218,114,0,114,332
08/21/2016,HEF,VA,AEA,EN,Towers with Radar,0,5,36,0,41,0,2,34,1,37,0,7,70,1,78,196,0,196,274
08/22/2016,HEF,VA,AEA,EN,Towers with Radar,0,6,45,1,52,0,23,69,3,95,0,29,114,4,147,60,0,60,207
08/23/2016,HEF,VA,AEA,EN,Towers with Radar,0,6,36,1,43,0,17,101,4,122,0,23,137,5,165,244,4,248,413
08/24/2016,HEF,VA,AEA,EN,Towers with Radar,0,9,33,1,43,0,24,94,2,120,0,33,127,3,163,166,0,166,329
08/25/2016,HEF,VA,AEA,EN,Towers with Radar,0,15,52,0,67,0,13,67,0,80,0,28,119,0,147,124,0,124,271
08/26/2016,HEF,VA,AEA,EN,Towers with Radar,0,10,40,1,51,0,17,75,2,94,0,27,115,3,145,157,0,157,302
08/27/2016,HEF,VA,AEA,EN,Towers with Radar,0,9,42,0,51,0,24,123,2,149,0,33,165,2,200,122,0,122,322
08/28/2016,HEF,VA,AEA,EN,Towers with Radar,0,5,34,1,40,0,10,100,0,110,0,15,134,1,150,132,0,132,282
08/29/2016,HEF,VA,AEA,EN,Towers with Radar,0,11,28,0,39,0,17,76,0,93,0,28,104,0,132,112,0,112,244
08/30/2016,HEF,VA,AEA,EN,Towers with Radar,0,9,30,1,40,0,15,75,0,90,0,24,105,1,130,116,0,116,246
08/31/2016,HEF,VA,AEA,EN,Towers with Radar,0,10,20,0,30,0,9,84,0,93,0,19,104,0,123,170,0,170,293
09/01/2016,HEF,VA,AEA,EN,Towers with Radar,0,9,48,0,57,0,6,23,1,30,0,15,71,1,87,114,0,114,201
09/02/2016,HEF,VA,AEA,EN,Towers with Radar,0,9,31,0,40,0,22,80,0,102,0,31,111,0,142,66,0,66,208
09/03/2016,HEF,VA,AEA,EN,Towers with Radar,0,10,18,0,28,0,4,24,0,28,0,14,42,0,56,62,0,62,118
09/04/2016,HEF,VA,AEA,EN,Towers with Radar,0,4,24,0,28,0,5,76,1,82,0,9,100,1,110,136,0,136,246
09/05/2016,HEF,VA,AEA,EN,Towers with Radar,0,5,49,0,54,0,16,112,0,128,0,21,161,0,182,112,0,112,294
09/06/2016,HEF,VA,AEA,EN,Towers with Radar,0,6,36,0,42,0,19,53,0,72,0,25,89,0,114,116,0,116,230
09/07/2016,HEF,VA,AEA,EN,Towers with Radar,0,10,35,0,45,0,16,61,8,85,0,26,96,8,130,160,0,160,290
09/08/2016,HEF,VA,AEA,EN,Towers with Radar,0,18,48,2,68,0,16,96,0,112,0,34,144,2,180,212,0,212,392
09/09/2016,HEF,VA,AEA,EN,Towers with Radar,0,12,55,0,67,0,25,63,1,89,0,37,118,1,156,182,0,182,338
09/10/2016,HEF,VA,AEA,EN,Towers with Radar,0,12,39,0,51,0,10,103,2,115,0,22,142,2,166,74,0,74,240
09/11/2016,HEF,VA,AEA,EN,Towers with Radar,0,8,67,0,75,0,7,97,0,104,0,15,164,0,179,182,0,182,361
09/12/2016,HEF,VA,AEA,EN,Towers with Radar,0,11,43,2,56,0,10,72,0,82,0,21,115,2,138,140,0,140,278
09/13/2016,HEF,VA,AEA,EN,Towers with Radar,0,8,45,1,54,0,8,51,1,60,0,16,96,2,114,232,0,232,346
09/14/2016,HEF,VA,AEA,EN,Towers with Radar,0,11,60,0,71,0,26,71,0,97,0,37,131,0,168,164,0,164,332
09/15/2016,HEF,VA,AEA,EN,Towers with Radar,0,8,73,2,83,0,11,56,0,67,0,19,129,2,150,160,0,160,310
09/16/2016,HEF,VA,AEA,EN,Towers with Radar,0,12,47,3,62,0,27,72,1,100,0,39,119,4,162,202,0,202,364
09/17/2016,HEF,VA,AEA,EN,Towers with Radar,0,12,41,0,53,0,5,71,1,77,0,17,112,1,130,268,0,268,398
09/18/2016,HEF,VA,AEA,EN,Towers with Radar,0,15,63,1,79,0,2,46,0,48,0,17,109,1,127,134,0,134,261
09/19/2016,HEF,VA,AEA,EN,Towers with Radar,0,12,33,3,48,0,1,1,0,2,0,13,34,3,50,0,0,0,50
09/20/2016,HEF,VA,AEA,EN,Towers with Radar,0,8,38,0,46,0,6,27,0,33,0,14,65,0,79,160,0,160,239
09/21/2016,HEF,VA,AEA,EN,Towers with Radar,0,18,49,0,67,0,12,57,0,69,0,30,106,0,136,169,12,181,317
09/22/2016,HEF,VA,AEA,EN,Towers with Radar,0,9,43,0,52,0,0,93,0,93,0,9,136,0,145,102,0,102,247
09/23/2016,HEF,VA,AEA,EN,Towers with Radar,0,13,67,0,80,0,15,106,1,122,0,28,173,1,202,195,0,195,397
09/24/2016,HEF,VA,AEA,EN,Towers with Radar,0,14,45,0,59,0,9,125,1,135,0,23,170,1,194,168,0,168,362
09/25/2016,HEF,VA,AEA,EN,Towers with Radar,0,9,72,0,81,0,12,127,1,140,0,21,199,1,221,202,0,202,423
09/26/2016,HEF,VA,AEA,EN,Towers with Radar,0,10,52,0,62,0,4,22,0,26,0,14,74,0,88,198,0,198,286
09/27/2016,HEF,VA,AEA,EN,Towers with Radar,0,6,56,0,62,0,17,51,0,68,0,23,107,0,130,170,0,170,300
09/28/2016,HEF,VA,AEA,EN,Towers with Radar,0,18,55,0,73,0,0,0,0,0,0,18,55,0,73,0,0,0,73
09/29/2016,HEF,VA,AEA,EN,Towers with Radar,0,17,37,0,54,0,0,0,0,0,0,17,37,0,54,0,0,0,54
09/30/2016,HEF,VA,AEA,EN,Towers with Radar,0,14,49,0,63,0,0,0,0,0,0,14,49,0,63,0,0,0,63
10/01/2016,HEF,VA,AEA,EN,Towers with Radar,0,13,40,0,53,0,0,0,0,0,0,13,40,0,53,0,0,0,53
10/02/2016,HEF,VA,AEA,EN,Towers with Radar,0,5,44,0,49,0,6,29,0,35,0,11,73,0,84,172,0,172,256
10/03/2016,HEF,VA,AEA,EN,Towers with Radar,0,6,40,0,46,0,16,97,4,117,0,22,137,4,163,110,0,110,273
10/04/2016,HEF,VA,AEA,EN,Towers with Radar,0,8,41,0,49,0,8,81,2,91,0,16,122,2,140,257,0,257,397
10/05/2016,HEF,VA,AEA,EN,Towers with Radar,0,14,54,0,68,0,13,66,2,81,0,27,120,2,149,209,0,209,358
10/06/2016,HEF,VA,AEA,EN,Towers with Radar,0,10,73,0,83,0,1,20,2,23,0,11,93,2,106,151,0,151,257
10/07/2016,HEF,VA,AEA,EN,Towers with Radar,0,13,57,1,71,0,0,4,0,4,0,13,61,1,75,46,0,46,121
10/08/2016,HEF,VA,AEA,EN,Towers with Radar,0,12,34,0,46,0,0,4,0,4,0,12,38,0,50,0,0,0,50
10/09/2016,HEF,VA,AEA,EN,Towers with Radar,0,2,29,0,31,0,7,11,0,18,0,9,40,0,49,4,0,4,53
10/10/2016,HEF,VA,AEA,EN,Towers with Radar,0,8,44,2,54,0,24,90,0,114,0,32,134,2,168,162,0,162,330
10/11/2016,HEF,VA,AEA,EN,Towers with Radar,0,18,51,3,72,0,8,82,1,91,0,26,133,4,163,266,0,266,429
10/12/2016,HEF,VA,AEA,EN,Towers with Radar,0,14,36,2,52,0,26,72,7,105,0,40,108,9,157,262,0,262,419
10/13/2016,HEF,VA,AEA,EN,Towers with Radar,0,18,49,0,67,0,11,79,2,92,0,29,128,2,159,108,0,108,267
10/14/2016,HEF,VA,AEA,EN,Towers with Radar,0,8,49,1,58,0,28,97,3,128,0,36,146,4,186,98,0,98,284
10/15/2016,HEF,VA,AEA,EN,Towers with Radar,0,19,62,0,81,0,26,198,0,224,0,45,260,0,305,170,0,170,475
10/16/2016,HEF,VA,AEA,EN,Towers with Radar,0,13,64,0,77,0,15,107,0,122,0,28,171,0,199,226,0,226,425
10/17/2016,HEF,VA,AEA,EN,Towers with Radar,0,10,42,1,53,0,16,51,4,71,0,26,93,5,124,114,0,114,238
10/18/2016,HEF,VA,AEA,EN,Towers with Radar,0,13,54,0,67,0,18,64,2,84,0,31,118,2,151,308,0,308,459
10/19/2016,HEF,VA,AEA,EN,Towers with Radar,0,10,54,1,65,0,16,72,0,88,0,26,126,1,153,290,0,290,443
10/20/2016,HEF,VA,AEA,EN,Towers with Radar,0,15,32,1,48,0,13,59,0,72,0,28,91,1,120,210,0,210,330
10/21/2016,HEF,VA,AEA,EN,Towers with Radar,0,10,52,0,62,0,0,18,0,18,0,10,70,0,80,94,0,94,174
10/22/2016,HEF,VA,AEA,EN,Towers with Radar,0,15,25,0,40,0,3,9,0,12,0,18,34,0,52,0,0,0,52
10/23/2016,HEF,VA,AEA,EN,Towers with Radar,0,6,44,0,50,0,17,94,0,111,0,23,138,0,161,142,0,142,303
10/24/2016,HEF,VA,AEA,EN,Towers with Radar,0,7,52,0,59,0,13,62,1,76,0,20,114,1,135,98,0,98,233
10/25/2016,HEF,VA,AEA,EN,Towers with Radar,0,10,46,2,58,0,11,63,0,74,0,21,109,2,132,124,0,124,256
10/26/2016,HEF,VA,AEA,EN,Towers with Radar,0,11,62,0,73,0,16,89,0,105,0,27,151,0,178,278,0,278,456
10/27/2016,HEF,VA,AEA,EN,Towers with Radar,0,19,47,0,66,0,7,21,2,30,0,26,68,2,96,38,0,38,134
10/28/2016,HEF,VA,AEA,EN,Towers with Radar,0,9,42,4,55,0,11,61,1,73,0,20,103,5,128,72,0,72,200
10/29/2016,HEF,VA,AEA,EN,Towers with Radar,0,13,48,0,61,0,31,130,0,161,0,44,178,0,222,124,0,124,346
10/30/2016,HEF,VA,AEA,EN,Towers with Radar,0,9,58,0,67,0,20,132,0,152,0,29,190,0,219,130,0,130,349
10/31/2016,HEF,VA,AEA,EN,Towers with Radar,0,3,28,0,31,0,18,58,1,77,0,21,86,1,108,116,0,116,224
11/01/2016,HEF,VA,AEA,EN,Towers with Radar,0,8,38,0,46,0,13,38,0,51,0,21,76,0,97,134,0,134,231
11/02/2016,HEF,VA,AEA,EN,Towers with Radar,0,12,62,0,74,0,15,58,1,74,0,27,120,1,148,166,0,166,314
11/03/2016,HEF,VA,AEA,EN,Towers with Radar,0,12,49,1,62,0,13,35,1,49,0,25,84,2,111,114,2,116,227
11/04/2016,HEF,VA,AEA,EN,Towers with Radar,0,21,41,0,62,0,17,61,0,78,0,38,102,0,140,68,0,68,208
11/05/2016,HEF,VA,AEA,EN,Towers with Radar,0,9,30,0,39,0,12,123,0,135,0,21,153,0,174,166,0,166,340
11/06/2016,HEF,VA,AEA,EN,Towers with Radar,0,12,48,0,60,0,11,73,0,84,0,23,121,0,144,130,0,130,274
11/07/2016,HEF,VA,AEA,EN,Towers with Radar,0,10,31,0,41,0,10,54,0,64,0,20,85,0,105,148,0,148,253
11/08/2016,HEF,VA,AEA,EN,Towers with Radar,0,7,34,0,41,0,13,92,2,107,0,20,126,2,148,100,0,100,248
11/09/2016,HEF,VA,AEA,EN,Towers with Radar,0,15,50,0,65,0,3,16,0,19,0,18,66,0,84,52,0,52,136
11/10/2016,HEF,VA,AEA,EN,Towers with Radar,0,12,45,0,57,0,14,78,2,94,0,26,123,2,151,58,0,58,209
11/11/2016,HEF,VA,AEA,EN,Towers with Radar,0,11,49,1,61,0,14,54,0,68,0,25,103,1,129,62,0,62,191
11/12/2016,HEF,VA,AEA,EN,Towers with Radar,0,14,40,0,54,0,19,125,1,145,0,33,165,1,199,170,0,170,369
11/13/2016,HEF,VA,AEA,EN,Towers with Radar,0,18,50,1,69,0,10,120,0,130,0,28,170,1,199,160,0,160,359
11/14/2016,HEF,VA,AEA,EN,Towers with Radar,0,12,48,0,60,0,7,46,1,54,0,19,94,1,114,48,0,48,162
11/15/2016,HEF,VA,AEA,EN,Towers with Radar,0,8,39,0,47,0,14,50,1,65,0,22,89,1,112,278,2,280,392
11/16/2016,HEF,VA,AEA,EN,Towers with Radar,0,15,65,2,82,0,9,59,2,70,0,24,124,4,152,172,0,172,324
11/17/2016,HEF,VA,AEA,EN,Towers with Radar,0,13,60,0,73,0,12,70,1,83,0,25,130,1,156,108,10,118,274
11/18/2016,HEF,VA,AEA,EN,Towers with Radar,0,14,68,0,82,0,17,103,0,120,0,31,171,0,202,184,0,184,386
11/19/2016,HEF,VA,AEA,EN,Towers with Radar,0,11,34,1,46,0,9,70,0,79,0,20,104,1,125,172,0,172,297
11/20/2016,HEF,VA,AEA,EN,Towers with Radar,0,4,19,1,24,0,0,2,0,2,0,4,21,1,26,0,0,0,26
11/21/2016,HEF,VA,AEA,EN,Towers with Radar,0,4,42,0,46,0,3,15,0,18,0,7,57,0,64,0,2,2,66
11/22/2016,HEF,VA,AEA,EN,Towers with Radar,0,20,56,0,76,0,14,40,8,62,0,34,96,8,138,136,0,136,274
11/23/2016,HEF,VA,AEA,EN,Towers with Radar,0,10,77,0,87,0,12,68,0,80,0,22,145,0,167,152,0,152,319
11/24/2016,HEF,VA,AEA,EN,Towers with Radar,0,7,5,0,12,0,3,6,0,9,0,10,11,0,21,20,0,20,41
11/25/2016,HEF,VA,AEA,EN,Towers with Radar,0,6,27,0,33,0,13,57,0,70,0,19,84,0,103,52,0,52,155
11/26/2016,HEF,VA,AEA,EN,Towers with Radar,0,13,35,0,48,0,10,50,0,60,0,23,85,0,108,66,0,66,174
11/27/2016,HEF,VA,AEA,EN,Towers with Radar,0,17,64,0,81,0,10,104,4,118,0,27,168,4,199,252,0,252,451
11/28/2016,HEF,VA,AEA,EN,Towers with Radar,0,7,49,0,56,0,7,66,0,73,0,14,115,0,129,68,0,68,197
11/29/2016,HEF,VA,AEA,EN,Towers with Radar,0,5,22,3,30,0,0,2,0,2,0,5,24,3,32,0,0,0,32
11/30/2016,HEF,VA,AEA,EN,Towers with Radar,0,5,33,0,38,0,0,1,0,1,0,5,34,0,39,0,0,0,39
12/01/2016,HEF,VA,AEA,EN,Towers with Radar,0,11,59,5,75,0,9,45,2,56,0,20,104,7,131,38,0,38,169
12/02/2016,HEF,VA,AEA,EN,Towers with Radar,0,8,45,5,58,0,19,61,0,80,0,27,106,5,138,128,0,128,266
12/03/2016,HEF,VA,AEA,EN,Towers with Radar,0,10,30,0,40,0,12,59,0,71,0,22,89,0,111,124,0,124,235
12/04/2016,HEF,VA,AEA,EN,Towers with Radar,0,5,36,0,41,0,9,65,1,75,0,14,101,1,116,320,0,320,436
12/05/2016,HEF,VA,AEA,EN,Towers with Radar,0,0,30,3,33,0,0,34,0,34,0,0,64,3,67,156,0,156,223
12/06/2016,HEF,VA,AEA,EN,Towers with Radar,0,8,26,1,35,0,0,2,0,2,0,8,28,1,37,24,0,24,61
12/07/2016,HEF,VA,AEA,EN,Towers with Radar,0,10,35,2,47,0,15,67,0,82,0,25,102,2,129,250,0,250,379
12/08/2016,HEF,VA,AEA,EN,Towers with Radar,0,12,28,0,40,0,11,43,0,54,0,23,71,0,94,142,0,142,236
12/09/2016,HEF,VA,AEA,EN,Towers with Radar,0,10,35,0,45,0,9,48,0,57,0,19,83,0,102,26,0,26,128
12/10/2016,HEF,VA,AEA,EN,Towers with Radar,0,6,38,0,44,0,4,111,0,115,0,10,149,0,159,156,0,156,315
12/11/2016,HEF,VA,AEA,EN,Towers with Radar,0,4,26,1,31,0,11,80,0,91,0,15,106,1,122,188,0,188,310
12/12/2016,HEF,VA,AEA,EN,Towers with Radar,0,8,27,0,35,0,3,16,0,19,0,11,43,0,54,26,0,26,80
12/13/2016,HEF,VA,AEA,EN,Towers with Radar,0,7,40,0,47,0,11,68,1,80,0,18,108,1,127,192,0,192,319
12/14/2016,HEF,VA,AEA,EN,Towers with Radar,0,10,45,0,55,0,14,77,1,92,0,24,122,1,147,132,0,132,279
12/15/2016,HEF,VA,AEA,EN,Towers with Radar,0,10,31,0,41,0,1,4,0,5,0,11,35,0,46,20,0,20,66
12/16/2016,HEF,VA,AEA,EN,Towers with Radar,0,16,47,0,63,0,14,68,1,83,0,30,115,1,146,140,0,140,286
12/17/2016,HEF,VA,AEA,EN,Towers with Radar,0,11,9,0,20,0,1,9,0,10,0,12,18,0,30,36,0,36,66
12/18/2016,HEF,VA,AEA,EN,Towers with Radar,0,4,16,0,20,0,2,0,0,2,0,6,16,0,22,0,0,0,22
12/19/2016,HEF,VA,AEA,EN,Towers with Radar,0,17,32,0,49,0,7,61,0,68,0,24,93,0,117,70,0,70,187
12/20/2016,HEF,VA,AEA,EN,Towers with Radar,0,17,37,1,55,0,9,76,0,85,0,26,113,1,140,202,0,202,342
12/21/2016,HEF,VA,AEA,EN,Towers with Radar,0,10,31,3,44,0,23,102,0,125,0,33,133,3,169,201,0,201,370
12/22/2016,HEF,VA,AEA,EN,Towers with Radar,0,14,41,0,55,0,7,64,0,71,0,21,105,0,126,134,0,134,260
12/23/2016,HEF,VA,AEA,EN,Towers with Radar,0,8,25,0,33,0,25,84,0,109,0,33,109,0,142,187,0,187,329
12/24/2016,HEF,VA,AEA,EN,Towers with Radar,0,10,8,0,18,0,1,0,0,1,0,11,8,0,19,0,0,0,19
12/25/2016,HEF,VA,AEA,EN,Towers with Radar,0,1,11,0,12,0,2,18,0,20,0,3,29,0,32,6,0,6,38
12/26/2016,HEF,VA,AEA,EN,Towers with Radar,0,18,33,0,51,0,9,14,0,23,0,27,47,0,74,84,0,84,158
12/27/2016,HEF,VA,AEA,EN,Towers with Radar,0,7,27,0,34,0,7,36,0,43,0,14,63,0,77,154,0,154,231
12/28/2016,HEF,VA,AEA,EN,Towers with Radar,0,15,37,2,54,0,13,114,0,127,0,28,151,2,181,287,0,287,468
12/29/2016,HEF,VA,AEA,EN,Towers with Radar,0,6,10,0,16,0,1,4,0,5,0,7,14,0,21,6,0,6,27
12/30/2016,HEF,VA,AEA,EN,Towers with Radar,0,5,18,0,23,0,4,21,0,25,0,9,39,0,48,10,0,10,58
12/31/2016,HEF,VA,AEA,EN,Towers with Radar,0,11,15,0,26,0,15,75,0,90,0,26,90,0,116,98,0,98,214
01/01/2017,HEF,VA,AEA,EN,Towers with Radar,0,4,35,0,39,0,4,58,0,62,0,8,93,0,101,96,0,96,197
01/02/2017,HEF,VA,AEA,EN,Towers with Radar,0,8,18,0,26,0,0,0,0,0,0,8,18,0,26,0,0,0,26
01/03/2017,HEF,VA,AEA,EN,Towers with Radar,0,5,25,0,30,0,0,0,0,0,0,5,25,0,30,0,0,0,30
01/04/2017,HEF,VA,AEA,EN,Towers with Radar,0,10,25,0,35,0,7,31,0,38,0,17,56,0,73,30,0,30,103
01/05/2017,HEF,VA,AEA,EN,Towers with Radar,0,13,25,0,38,0,7,45,0,52,0,20,70,0,90,136,0,136,226
01/06/2017,HEF,VA,AEA,EN,Towers with Radar,0,5,27,0,32,0,16,62,0,78,0,21,89,0,110,182,0,182,292
01/07/2017,HEF,VA,AEA,EN,Towers with Radar,0,9,7,0,16,0,5,2,0,7,0,14,9,0,23,2,0,2,25
01/08/2017,HEF,VA,AEA,EN,Towers with Radar,0,9,26,1,36,0,3,12,0,15,0,12,38,1,51,26,0,26,77
01/09/2017,HEF,VA,AEA,EN,Towers with Radar,0,2,23,1,26,0,9,46,0,55,0,11,69,1,81,112,0,112,193
01/10/2017,HEF,VA,AEA,EN,Towers with Radar,0,11,20,0,31,0,21,49,1,71,0,32,69,1,102,70,0,70,172
01/11/2017,HEF,VA,AEA,EN,Towers with Radar,0,9,26,0,35,0,13,50,0,63,0,22,76,0,98,140,0,140,238
01/12/2017,HEF,VA,AEA,EN,Towers with Radar,0,13,29,0,42,0,9,23,0,32,0,22,52,0,74,8,0,8,82
01/13/2017,HEF,VA,AEA,EN,Towers with Radar,0,13,53,1,67,0,10,76,0,86,0,23,129,1,153,52,0,52,205
01/14/2017,HEF,VA,AEA,EN,Towers with Radar,0,9,8,0,17,0,0,0,0,0,0,9,8,0,17,0,0,0,17
01/15/2017,HEF,VA,AEA,EN,Towers with Radar,0,5,23,6,34,0,22,105,6,133,0,27,128,12,167,198,2,200,367
01/16/2017,HEF,VA,AEA,EN,Towers with Radar,0,5,39,0,44,0,4,23,1,28,0,9,62,1,72,132,0,132,204
01/17/2017,HEF,VA,AEA,EN,Towers with Radar,0,10,52,0,62,0,0,2,0,2,0,10,54,0,64,0,0,0,64
01/18/2017,HEF,VA,AEA,EN,Towers with Radar,0,15,98,0,113,0,17,72,0,89,0,32,170,0,202,96,0,96,298
01/19/2017,HEF,VA,AEA,EN,Towers with Radar,0,18,97,0,115,0,12,66,0,78,0,30,163,0,193,22,0,22,215
01/20/2017,HEF,VA,AEA,EN,Towers with Radar,0,18,61,0,79,0,0,25,0,25,0,18,86,0,104,10,0,10,114
01/21/2017,HEF,VA,AEA,EN,Towers with Radar,0,30,137,0,167,0,0,0,0,0,0,30,137,0,167,0,0,0,167
01/22/2017,HEF,VA,AEA,EN,Towers with Radar,0,5,72,0,77,0,0,0,0,0,0,5,72,0,77,0,0,0,77
01/23/2017,HEF,VA,AEA,EN,Towers with Radar,0,3,5,1,9,0,0,0,0,0,0,3,5,1,9,0,0,0,9
01/24/2017,HEF,VA,AEA,EN,Towers with Radar,0,9,44,2,55,0,5,28,0,33,0,14,72,2,88,76,0,76,164
01/25/2017,HEF,VA,AEA,EN,Towers with Radar,0,10,49,0,59,0,18,146,0,164,0,28,195,0,223,245,0,245,468
01/26/2017,HEF,VA,AEA,EN,Towers with Radar,0,15,37,1,53,0,3,26,6,35,0,18,63,7,88,72,0,72,160
01/27/2017,HEF,VA,AEA,EN,Towers with Radar,0,9,39,2,50,0,11,42,1,54,0,20,81,3,104,66,0,66,170
01/28/2017,HEF,VA,AEA,EN,Towers with Radar,0,11,28,0,39,0,22,90,0,112,0,33,118,0,151,157,0,157,308
01/29/2017,HEF,VA,AEA,EN,Towers with Radar,0,9,33,0,42,0,12,86,0,98,0,21,119,0,140,0,0,0,140
01/30/2017,HEF,VA,AEA,EN,Towers with Radar,0,11,30,1,42,0,8,20,1,29,0,19,50,2,71,56,0,56,127
01/31/2017,HEF,VA,AEA,EN,Towers with Radar,0,6,38,0,44,0,21,53,2,76,0,27,91,2,120,78,0,78,198
02/01/2017,HEF,VA,AEA,EN,Towers with Radar,0,7,42,2,51,0,17,71,0,88,0,24,113,2,139,100,0,100,239
02/02/2017,HEF,VA,AEA,EN,Towers with Radar,0,9,32,0,41,0,11,72,2,85,0,20,104,2,126,88,0,88,214
02/03/2017,HEF,VA,AEA,EN,Towers with Radar,0,14,36,1,51,0,16,105,1,122,0,30,141,2,173,132,0,132,305
02/04/2017,HEF,VA,AEA,EN,Towers with Radar,0,9,19,0,28,0,19,121,0,140,0,28,140,0,168,196,0,196,364
02/05/2017,HEF,VA,AEA,EN,Towers with Radar,0,10,26,0,36,0,17,80,0,97,0,27,106,0,133,94,0,94,227
02/06/2017,HEF,VA,AEA,EN,Towers with Radar,0,7,42,0,49,0,18,94,2,114,0,25,136,2,163,126,0,126,289
02/07/2017,HEF,VA,AEA,EN,Towers with Radar,0,15,16,4,35,0,12,19,0,31,0,27,35,4,66,12,0,12,78
02/08/2017,HEF,VA,AEA,EN,Towers with Radar,0,9,32,0,41,0,16,59,2,77,0,25,91,2,118,148,0,148,266
02/09/2017,HEF,VA,AEA,EN,Towers with Radar,0,10,30,0,40,0,0,5,0,5,0,10,35,0,45,36,0,36,81
02/10/2017,HEF,VA,AEA,EN,Towers with Radar,0,13,27,3,43,0,18,76,0,94,0,31,103,3,137,160,0,160,297
02/11/2017,HEF,VA,AEA,EN,Towers with Radar,0,12,28,1,41,0,24,172,1,197,0,36,200,2,238,198,0,198,436
02/12/2017,HEF,VA,AEA,EN,Towers with Radar,0,5,32,2,39,0,1,31,2,34,0,6,63,4,73,50,6,56,129
02/13/2017,HEF,VA,AEA,EN,Towers with Radar,0,3,24,1,28,0,0,9,0,9,0,3,33,1,37,18,0,18,55
02/14/2017,HEF,VA,AEA,EN,Towers with Radar,0,11,29,0,40,0,10,63,2,75,0,21,92,2,115,98,0,98,213
02/15/2017,HEF,VA,AEA,EN,Towers with Radar,0,10,27,0,37,0,7,41,4,52,0,17,68,4,89,48,0,48,137
02/16/2017,HEF,VA,AEA,EN,Towers with Radar,0,11,36,0,47,0,4,18,2,24,0,15,54,2,71,26,0,26,97
02/17/2017,HEF,VA,AEA,EN,Towers with Radar,0,11,39,0,50,0,20,106,0,126,0,31,145,0,176,200,0,200,376
02/18/2017,HEF,VA,AEA,EN,Towers with Radar,0,7,49,0,56,0,24,126,0,150,0,31,175,0,206,158,0,158,364
02/19/2017,HEF,VA,AEA,EN,Towers with Radar,0,6,25,0,31,0,7,98,0,105,0,13,123,0,136,194,0,194,330
02/20/2017,HEF,VA,AEA,EN,Towers with Radar,0,14,39,0,53,0,17,106,0,123,0,31,145,0,176,146,0,146,322
02/21/2017,HEF,VA,AEA,EN,Towers with Radar,0,8,40,0,48,0,16,70,0,86,0,24,110,0,134,92,0,92,226
02/22/2017,HEF,VA,AEA,EN,Towers with Radar,0,7,29,0,36,0,9,70,0,79,0,16,99,0,115,139,0,139,254
02/23/2017,HEF,VA,AEA,EN,Towers with Radar,0,7,27,0,34,0,8,59,0,67,0,15,86,0,101,82,0,82,183
02/24/2017,HEF,VA,AEA,EN,Towers with Radar,0,9,41,0,50,0,16,88,1,105,0,25,129,1,155,50,0,50,205
02/25/2017,HEF,VA,AEA,EN,Towers with Radar,0,14,17,0,31,0,2,29,0,31,0,16,46,0,62,60,0,60,122
02/26/2017,HEF,VA,AEA,EN,Towers with Radar,0,3,49,2,54,0,24,74,0,98,0,27,123,2,152,126,0,126,278
02/27/2017,HEF,VA,AEA,EN,Towers with Radar,0,8,28,0,36,0,7,45,0,52,0,15,73,0,88,78,0,78,166
02/28/2017,HEF,VA,AEA,EN,Towers with Radar,0,12,39,0,51,0,18,38,0,56,0,30,77,0,107,152,0,152,259
03/01/2017,HEF,VA,AEA,EN,Towers with Radar,0,12,29,0,41,0,0,5,2,7,0,12,34,2,48,0,0,0,48
03/02/2017,HEF,VA,AEA,EN,Towers with Radar,0,16,48,3,67,0,0,18,1,19,0,16,66,4,86,16,0,16,102
03/03/2017,HEF,VA,AEA,EN,Towers with Radar,0,11,37,0,48,0,2,28,0,30,0,13,65,0,78,16,0,16,94
03/04/2017,HEF,VA,AEA,EN,Towers with Radar,0,14,30,0,44,0,13,82,0,95,0,27,112,0,139,124,0,124,263
03/05/2017,HEF,VA,AEA,EN,Towers with Radar,0,13,46,0,59,0,19,127,0,146,0,32,173,0,205,146,0,146,351
03/06/2017,HEF,VA,AEA,EN,Towers with Radar,0,13,43,0,56,0,11,59,0,70,0,24,102,0,126,78,0,78,204
03/07/2017,HEF,VA,AEA,EN,Towers with Radar,0,8,32,0,40,0,5,18,0,23,0,13,50,0,63,24,0,24,87
03/08/2017,HEF,VA,AEA,EN,Towers with Radar,0,6,42,0,48,0,5,57,1,63,0,11,99,1,111,74,0,74,185
03/09/2017,HEF,VA,AEA,EN,Towers with Radar,0,17,48,0,65,0,14,69,0,83,0,31,117,0,148,83,0,83,231
03/10/2017,HEF,VA,AEA,EN,Towers with Radar,0,12,28,0,40,0,0,7,0,7,0,12,35,0,47,2,0,2,49
03/11/2017,HEF,VA,AEA,EN,Towers with Radar,0,11,30,0,41,0,15,70,0,85,0,26,100,0,126,76,0,76,202
03/12/2017,HEF,VA,AEA,EN,Towers with Radar,0,7,28,0,35,0,9,73,0,82,0,16,101,0,117,306,0,306,423
03/13/2017,HEF,VA,AEA,EN,Towers with Radar,0,9,36,2,47,0,6,53,1,60,0,15,89,3,107,156,0,156,263
03/14/2017,HEF,VA,AEA,EN,Towers with Radar,0,4,10,3,17,0,0,1,0,1,0,4,11,3,18,4,0,4,22
03/15/2017,HEF,VA,AEA,EN,Towers with Radar,0,6,30,1,37,0,3,2,0,5,0,9,32,1,42,0,0,0,42
03/16/2017,HEF,VA,AEA,EN,Towers with Radar,0,17,39,0,56,0,20,30,0,50,0,37,69,0,106,48,0,48,154
03/17/2017,HEF,VA,AEA,EN,Towers with Radar,0,10,44,2,56,0,9,89,0,98,0,19,133,2,154,92,0,92,246
03/18/2017,HEF,VA,AEA,EN,Towers with Radar,0,9,21,0,30,0,9,77,0,86,0,18,98,0,116,200,0,200,316
03/19/2017,HEF,VA,AEA,EN,Towers with Radar,0,7,34,0,41,0,8,38,0,46,0,15,72,0,87,82,0,82,169
03/20/2017,HEF,VA,AEA,EN,Towers with Radar,0,12,48,0,60,0,17,104,0,121,0,29,152,0,181,118,0,118,299
03/21/2017,HEF,VA,AEA,EN,Towers with Radar,0,12,48,2,62,0,19,56,1,76,0,31,104,3,138,118,0,118,256
03/22/2017,HEF,VA,AEA,EN,Towers with Radar,0,12,45,1,58,0,7,19,8,34,0,19,64,9,92,10,0,10,102
03/23/2017,HEF,VA,AEA,EN,Towers with Radar,0,13,41,0,54,0,11,109,2,122,0,24,150,2,176,178,0,178,354
03/24/2017,HEF,VA,AEA,EN,Towers with Radar,0,14,57,1,72,0,5,62,1,68,0,19,119,2,140,52,0,52,192
03/25/2017,HEF,VA,AEA,EN,Towers with Radar,0,13,40,0,53,0,15,140,2,157,0,28,180,2,210,264,0,264,474
03/26/2017,HEF,VA,AEA,EN,Towers with Radar,0,14,44,0,58,0,0,1,0,1,0,14,45,0,59,2,0,2,61
03/27/2017,HEF,VA,AEA,EN,Towers with Radar,0,6,42,0,48,0,8,25,0,33,0,14,67,0,81,64,0,64,145
03/28/2017,HEF,VA,AEA,EN,Towers with Radar,0,15,47,0,62,0,7,5,1,13,0,22,52,1,75,106,0,106,181
03/29/2017,HEF,VA,AEA,EN,Towers with Radar,0,10,77,1,88,0,20,71,2,93,0,30,148,3,181,218,0,218,399
03/30/2017,HEF,VA,AEA,EN,Towers with Radar,0,14,58,4,76,0,33,101,3,137,0,47,159,7,213,136,0,136,349
03/31/2017,HEF,VA,AEA,EN,Towers with Radar,0,15,30,0,45,0,0,0,0,0,0,15,30,0,45,0,0,0,45
04/01/2017,HEF,VA,AEA,EN,Towers with Radar,0,17,32,0,49,0,15,48,0,63,0,32,80,0,112,90,0,90,202
04/02/2017,HEF,VA,AEA,EN,Towers with Radar,0,20,48,0,68,0,27,160,1,188,0,47,208,1,256,354,0,354,610
04/03/2017,HEF,VA,AEA,EN,Towers with Radar,0,10,35,0,45,0,10,33,1,44,0,20,68,1,89,66,0,66,155
04/04/2017,HEF,VA,AEA,EN,Towers with Radar,0,7,44,0,51,0,10,14,1,25,0,17,58,1,76,74,0,74,150
04/05/2017,HEF,VA,AEA,EN,Towers with Radar,0,12,52,0,64,0,27,119,3,149,0,39,171,3,213,154,26,180,393
04/06/2017,HEF,VA,AEA,EN,Towers with Radar,0,19,44,0,63,0,0,2,0,2,0,19,46,0,65,6,0,6,71
04/07/2017,HEF,VA,AEA,EN,Towers with Radar,0,20,38,0,58,0,4,16,1,21,0,24,54,1,79,4,0,4,83
04/08/2017,HEF,VA,AEA,EN,Towers with Radar,0,16,51,0,67,0,22,80,0,102,0,38,131,0,169,172,0,172,341
04/09/2017,HEF,VA,AEA,EN,Towers with Radar,0,14,51,2,67,0,24,147,2,173,0,38,198,4,240,214,0,214,454
04/10/2017,HEF,VA,AEA,EN,Towers with Radar,0,10,41,0,51,0,13,65,3,81,0,23,106,3,132,168,0,168,300
04/11/2017,HEF,VA,AEA,EN,Towers with Radar,0,10,28,2,40,0,18,88,2,108,0,28,116,4,148,136,0,136,284
04/12/2017,HEF,VA,AEA,EN,Towers with Radar,0,15,51,0,66,0,15,67,5,87,0,30,118,5,153,174,0,174,327
04/13/2017,HEF,VA,AEA,EN,Towers with Radar,0,11,51,0,62,0,27,80,0,107,0,38,131,0,169,176,0,176,345
04/14/2017,HEF,VA,AEA,EN,Towers with Radar,0,9,34,0,43,0,24,97,3,124,0,33,131,3,167,172,0,172,339
04/15/2017,HEF,VA,AEA,EN,Towers with Radar,0,15,24,0,39,0,20,84,0,104,0,35,108,0,143,230,0,230,373
04/16/2017,HEF,VA,AEA,EN,Towers with Radar,0,6,24,0,30,0,15,45,0,60,0,21,69,0,90,78,0,78,168
04/17/2017,HEF,VA,AEA,EN,Towers with Radar,0,8,40,0,48,0,7,27,0,34,0,15,67,0,82,44,0,44,126
04/18/2017,HEF,VA,AEA,EN,Towers with Radar,0,15,39,2,56,0,19,83,0,102,0,34,122,2,158,142,0,142,300
04/19/2017,HEF,VA,AEA,EN,Towers with Radar,0,18,50,3,71,0,2,23,0,25,0,20,73,3,96,144,0,144,240
04/20/2017,HEF,VA,AEA,EN,Towers with Radar,0,12,43,0,55,0,11,63,2,76,0,23,106,2,131,82,0,82,213
04/21/2017,HEF,VA,AEA,EN,Towers with Radar,0,19,48,4,71,0,18,46,0,64,0,37,94,4,135,180,0,180,315
04/22/2017,HEF,VA,AEA,EN,Towers with Radar,0,17,32,4,53,0,0,1,0,1,0,17,33,4,54,16,0,16,70
04/23/2017,HEF,VA,AEA,EN,Towers with Radar,0,12,56,0,68,0,15,71,0,86,0,27,127,0,154,206,0,206,360
04/24/2017,HEF,VA,AEA,EN,Towers with Radar,0,12,36,0,48,0,2,0,0,2,0,14,36,0,50,22,0,22,72
04/25/2017,HEF,VA,AEA,EN,Towers with Radar,0,8,20,2,30,0,0,0,0,0,0,8,20,2,30,0,0,0,30
04/26/2017,HEF,VA,AEA,EN,Towers with Radar,0,12,54,0,66,0,13,48,1,62,0,25,102,1,128,98,10,108,236
04/27/2017,HEF,VA,AEA,EN,Towers with Radar,0,19,55,0,74,0,20,71,0,91,0,39,126,0,165,114,0,114,279
04/28/2017,HEF,VA,AEA,EN,Towers with Radar,0,20,55,2,77,0,13,130,2,145,0,33,185,4,222,212,0,212,434
04/29/2017,HEF,VA,AEA,EN,Towers with Radar,0,19,35,0,54,0,29,85,0,114,0,48,120,0,168,214,0,214,382
04/30/2017,HEF,VA,AEA,EN,Towers with Radar,0,17,58,2,77,0,13,57,0,70,0,30,115,2,147,274,0,274,421
05/01/2017,HEF,VA,AEA,EN,Towers with Radar,0,5,39,1,45,0,1,14,0,15,0,6,53,1,60,48,0,48,108
05/02/2017,HEF,VA,AEA,EN,Towers with Radar,0,16,54,1,71,0,9,22,2,33,0,25,76,3,104,64,0,64,168
05/03/2017,HEF,VA,AEA,EN,Towers with Radar,0,10,63,2,75,0,12,58,0,70,0,22,121,2,145,88,0,88,233
05/04/2017,HEF,VA,AEA,EN,Towers with Radar,0,10,53,0,63,0,8,56,11,75,0,18,109,11,138,164,0,164,302
05/05/2017,HEF,VA,AEA,EN,Towers with Radar,0,9,32,6,47,0,2,7,1,10,0,11,39,7,57,16,0,16,73
05/06/2017,HEF,VA,AEA,EN,Towers with Radar,0,10,19,0,29,0,2,26,1,29,0,12,45,1,58,18,0,18,76
05/07/2017,HEF,VA,AEA,EN,Towers with Radar,0,11,54,2,67,0,19,77,1,97,0,30,131,3,164,154,0,154,318
05/08/2017,HEF,VA,AEA,EN,Towers with Radar,0,13,46,1,60,0,14,70,3,87,0,27,116,4,147,100,0,100,247
05/09/2017,HEF,VA,AEA,EN,Towers with Radar,0,7,46,2,55,0,19,88,0,107,0,26,134,2,162,170,0,170,332
05/10/2017,HEF,VA,AEA,EN,Towers with Radar,0,15,39,1,55,0,18,134,0,152,0,33,173,1,207,198,0,198,405
05/11/2017,HEF,VA,AEA,EN,Towers with Radar,0,13,28,1,42,0,0,0,0,0,0,13,28,1,42,0,0,0,42
05/12/2017,HEF,VA,AEA,EN,Towers with Radar,0,21,55,0,76,0,2,17,0,19,0,23,72,0,95,146,0,146,241
05/13/2017,HEF,VA,AEA,EN,Towers with Radar,0,10,39,0,49,0,5,6,0,11,0,15,45,0,60,30,0,30,90
05/14/2017,HEF,VA,AEA,EN,Towers with Radar,0,11,37,1,49,0,3,79,0,82,0,14,116,1,131,151,0,151,282
05/15/2017,HEF,VA,AEA,EN,Towers with Radar,0,15,51,2,68,0,17,57,0,74,0,32,108,2,142,100,0,100,242
05/16/2017,HEF,VA,AEA,EN,Towers with Radar,0,18,64,0,82,0,24,103,2,129,0,42,167,2,211,90,0,90,301
05/17/2017,HEF,VA,AEA,EN,Towers with Radar,0,17,66,1,84,0,10,87,3,100,0,27,153,4,184,186,0,186,370
05/18/2017,HEF,VA,AEA,EN,Towers with Radar,0,18,63,0,81,0,15,66,2,83,0,33,129,2,164,112,0,112,276
05/19/2017,HEF,VA,AEA,EN,Towers with Radar,0,14,42,0,56,0,12,68,2,82,0,26,110,2,138,0,0,0,138
05/20/2017,HEF,VA,AEA,EN,Towers with Radar,0,11,42,2,55,0,11,70,3,84,0,22,112,5,139,250,0,250,389
05/21/2017,HEF,VA,AEA,EN,Towers with Radar,0,10,45,0,55,0,20,92,0,112,0,30,137,0,167,147,0,147,314
05/22/2017,HEF,VA,AEA,EN,Towers with Radar,0,7,34,2,43,0,0,9,0,9,0,7,43,2,52,55,0,55,107
05/23/2017,HEF,VA,AEA,EN,Towers with Radar,0,19,51,1,71,0,7,24,10,41,0,26,75,11,112,100,0,100,212
05/24/2017,HEF,VA,AEA,EN,Towers with Radar,0,17,58,0,75,0,0,11,0,11,0,17,69,0,86,26,0,26,112
05/25/2017,HEF,VA,AEA,EN,Towers with Radar,0,11,46,3,60,0,3,7,5,15,0,14,53,8,75,18,0,18,93
05/26/2017,HEF,VA,AEA,EN,Towers with Radar,0,18,54,0,72,0,15,63,3,81,0,33,117,3,153,96,0,96,249
05/27/2017,HEF,VA,AEA,EN,Towers with Radar,0,18,34,0,52,0,29,69,1,99,0,47,103,1,151,172,0,172,323
05/28/2017,HEF,VA,AEA,EN,Towers with Radar,0,7,28,0,35,0,8,13,0,21,0,15,41,0,56,210,0,210,266
05/29/2017,HEF,VA,AEA,EN,Towers with Radar,0,10,39,0,49,0,24,54,0,78,0,34,93,0,127,198,0,198,325
05/30/2017,HEF,VA,AEA,EN,Towers with Radar,0,16,40,0,56,0,1,3,0,4,0,17,43,0,60,0,0,0,60
05/31/2017,HEF,VA,AEA,EN,Towers with Radar,0,15,42,0,57,0,12,60,3,75,0,27,102,3,132,150,0,150,282
06/01/2017,HEF,VA,AEA,EN,Towers with Radar,0,11,59,0,70,0,21,90,2,113,0,32,149,2,183,122,0,122,305
06/02/2017,HEF,VA,AEA,EN,Towers with Radar,0,12,43,0,55,0,29,65,0,94,0,41,108,0,149,0,0,0,149
06/03/2017,HEF,VA,AEA,EN,Towers with Radar,0,13,36,0,49,0,36,126,0,162,0,49,162,0,211,234,0,234,445
06/04/2017,HEF,VA,AEA,EN,Towers with Radar,0,7,49,1,57,0,28,93,0,121,0,35,142,1,178,216,0,216,394
06/05/2017,HEF,VA,AEA,EN,Towers with Radar,0,11,31,2,44,0,5,30,1,36,0,16,61,3,80,100,0,100,180
06/06/2017,HEF,VA,AEA,EN,Towers with Radar,0,14,51,2,67,0,25,55,0,80,0,39,106,2,147,78,0,78,225
06/07/2017,HEF,VA,AEA,EN,Towers with Radar,0,18,46,2,66,0,3,28,0,31,0,21,74,2,97,46,0,46,143
06/08/2017,HEF,VA,AEA,EN,Towers with Radar,0,14,54,0,68,0,13,89,2,104,0,27,143,2,172,188,0,188,360
06/09/2017,HEF,VA,AEA,EN,Towers with Radar,0,15,50,0,65,0,30,117,1,148,0,45,167,1,213,110,0,110,323
06/10/2017,HEF,VA,AEA,EN,Towers with Radar,0,13,25,0,38,0,26,144,0,170,0,39,169,0,208,260,0,260,468
06/11/2017,HEF,VA,AEA,EN,Towers with Radar,0,17,40,0,57,0,21,107,0,128,0,38,147,0,185,234,0,234,419
06/12/2017,HEF,VA,AEA,EN,Towers with Radar,0,3,52,0,55,0,19,76,0,95,0,22,128,0,150,118,0,118,268
06/13/2017,HEF,VA,AEA,EN,Towers with Radar,0,7,24,1,32,0,18,61,0,79,0,25,85,1,111,98,0,98,209
06/14/2017,HEF,VA,AEA,EN,Towers with Radar,0,14,46,2,62,0,8,37,0,45,0,22,83,2,107,208,0,208,315
06/15/2017,HEF,VA,AEA,EN,Towers with Radar,0,17,58,0,75,0,5,49,2,56,0,22,107,2,131,84,0,84,215
06/16/2017,HEF,VA,AEA,EN,Towers with Radar,0,20,34,0,54,0,0,11,0,11,0,20,45,0,65,4,0,4,69
06/17/2017,HEF,VA,AEA,EN,Towers with Radar,0,14,36,1,51,0,6,20,0,26,0,20,56,1,77,84,0,84,161
06/18/2017,HEF,VA,AEA,EN,Towers with Radar,0,5,54,0,59,0,18,58,1,77,0,23,112,1,136,106,0,106,242
06/19/2017,HEF,VA,AEA,EN,Towers with Radar,0,15,40,0,55,0,6,17,0,23,0,21,57,0,78,46,0,46,124
06/20/2017,HEF,VA,AEA,EN,Towers with Radar,0,9,55,1,65,0,17,99,2,118,0,26,154,3,183,132,0,132,315
06/21/2017,HEF,VA,AEA,EN,Towers with Radar,0,16,64,0,80,0,6,96,3,105,0,22,160,3,185,220,0,220,405
06/22/2017,HEF,VA,AEA,EN,Towers with Radar,0,17,69,2,88,0,21,78,1,100,0,38,147,3,188,58,12,70,258
06/23/2017,HEF,VA,AEA,EN,Towers with Radar,0,14,37,0,51,0,10,28,0,38,0,24,65,0,89,32,0,32,121
06/24/2017,HEF,VA,AEA,EN,Towers with Radar,0,16,32,2,50,0,27,83,2,112,0,43,115,4,162,142,0,142,304
06/25/2017,HEF,VA,AEA,EN,Towers with Radar,1,15,59,0,75,0,26,139,0,165,1,41,198,0,240,150,0,150,390
06/26/2017,HEF,VA,AEA,EN,Towers with Radar,0,7,39,0,46,0,29,81,7,117,0,36,120,7,163,154,0,154,317
06/27/2017,HEF,VA,AEA,EN,Towers with Radar,0,14,50,1,65,0,22,77,4,103,0,36,127,5,168,82,0,82,250
06/28/2017,HEF,VA,AEA,EN,Towers with Radar,0,16,63,1,80,0,28,103,3,134,0,44,166,4,214,222,0,222,436
06/29/2017,HEF,VA,AEA,EN,Towers with Radar,0,13,60,2,75,0,20,68,2,90,0,33,128,4,165,146,0,146,311
06/30/2017,HEF,VA,AEA,EN,Towers with Radar,0,16,52,0,68,0,22,67,3,92,0,38,119,3,160,132,0,132,292
07/01/2017,HEF,VA,AEA,EN,Towers with Radar,0,13,19,0,32,0,7,36,0,43,0,20,55,0,75,74,0,74,149
07/02/2017,HEF,VA,AEA,EN,Towers with Radar,0,4,23,0,27,0,14,103,0,117,0,18,126,0,144,200,0,200,344
07/03/2017,HEF,VA,AEA,EN,Towers with Radar,0,6,24,0,30,0,9,65,0,74,0,15,89,0,104,82,0,82,186
07/04/2017,HEF,VA,AEA,EN,Towers with Radar,0,6,27,0,33,0,7,34,3,44,0,13,61,3,77,88,0,88,165
07/05/2017,HEF,VA,AEA,EN,Towers with Radar,0,7,27,0,34,0,0,9,2,11,0,7,36,2,45,18,0,18,63
07/06/2017,HEF,VA,AEA,EN,Towers with Radar,0,11,28,0,39,0,2,1,0,3,0,13,29,0,42,42,0,42,84
07/07/2017,HEF,VA,AEA,EN,Towers with Radar,0,6,49,0,55,0,23,63,0,86,0,29,112,0,141,178,0,178,319
07/08/2017,HEF,VA,AEA,EN,Towers with Radar,0,18,29,0,47,0,18,140,0,158,0,36,169,0,205,251,0,251,456
07/09/2017,HEF,VA,AEA,EN,Towers with Radar,0,11,63,0,74,0,18,125,0,143,0,29,188,0,217,268,0,268,485
07/10/2017,HEF,VA,AEA,EN,Towers with Radar,0,11,46,0,57,0,15,61,0,76,0,26,107,0,133,130,0,130,263
07/11/2017,HEF,VA,AEA,EN,Towers with Radar,0,11,44,0,55,0,7,69,0,76,0,18,113,0,131,100,0,100,231
07/12/2017,HEF,VA,AEA,EN,Towers with Radar,0,10,31,0,41,0,23,63,0,86,0,33,94,0,127,140,0,140,267
07/13/2017,HEF,VA,AEA,EN,Towers with Radar,0,14,34,2,50,0,10,56,0,66,0,24,90,2,116,142,0,142,258
07/14/2017,HEF,VA,AEA,EN,Towers with Radar,0,17,38,2,57,0,18,52,0,70,0,35,90,2,127,107,0,107,234
07/15/2017,HEF,VA,AEA,EN,Towers with Radar,0,13,37,0,50,0,24,105,2,131,0,37,142,2,181,162,0,162,343
07/16/2017,HEF,VA,AEA,EN,Towers with Radar,0,9,57,0,66,0,25,101,0,126,0,34,158,0,192,112,0,112,304
07/17/2017,HEF,VA,AEA,EN,Towers with Radar,0,8,38,0,46,0,8,43,0,51,0,16,81,0,97,240,0,240,337
07/18/2017,HEF,VA,AEA,EN,Towers with Radar,1,15,35,0,51,0,25,51,2,78,1,40,86,2,129,104,0,104,233
07/19/2017,HEF,VA,AEA,EN,Towers with Radar,0,17,42,2,61,0,7,78,2,87,0,24,120,4,148,216,0,216,364
07/20/2017,HEF,VA,AEA,EN,Towers with Radar,0,13,42,0,55,0,24,70,2,96,0,37,112,2,151,22,0,22,173
07/21/2017,HEF,VA,AEA,EN,Towers with Radar,0,22,37,0,59,0,14,63,3,80,0,36,100,3,139,166,0,166,305
07/22/2017,HEF,VA,AEA,EN,Towers with Radar,0,13,19,0,32,0,16,67,0,83,0,29,86,0,115,70,0,70,185
07/23/2017,HEF,VA,AEA,EN,Towers with Radar,0,8,32,0,40,0,6,39,0,45,0,14,71,0,85,234,0,234,319
07/24/2017,HEF,VA,AEA,EN,Towers with Radar,0,6,41,0,47,0,23,47,3,73,0,29,88,3,120,166,0,166,286
07/25/2017,HEF,VA,AEA,EN,Towers with Radar,0,16,36,0,52,0,25,77,2,104,0,41,113,2,156,58,0,58,214
07/26/2017,HEF,VA,AEA,EN,Towers with Radar,0,11,40,0,51,0,22,64,2,88,0,33,104,2,139,222,0,222,361
07/27/2017,HEF,VA,AEA,EN,Towers with Radar,0,11,59,0,70,0,10,23,6,39,0,21,82,6,109,124,0,124,233
07/28/2017,HEF,VA,AEA,EN,Towers with Radar,0,20,41,3,64,0,2,10,0,12,0,22,51,3,76,94,0,94,170
07/29/2017,HEF,VA,AEA,EN,Towers with Radar,0,11,28,0,39,0,3,6,0,9,0,14,34,0,48,74,0,74,122
07/30/2017,HEF,VA,AEA,EN,Towers with Radar,0,14,46,3,63,0,33,107,0,140,0,47,153,3,203,218,0,218,421
07/31/2017,HEF,VA,AEA,EN,Towers with Radar,0,10,51,0,61,0,19,81,0,100,0,29,132,0,161,240,0,240,401
08/01/2017,HEF,VA,AEA,EN,Towers with Radar,0,16,39,1,56,0,24,66,2,92,0,40,105,3,148,118,0,118,266
08/02/2017,HEF,VA,AEA,EN,Towers with Radar,0,21,33,0,54,0,20,74,0,94,0,41,107,0,148,158,10,168,316
08/03/2017,HEF,VA,AEA,EN,Towers with Radar,0,18,45,1,64,0,19,68,2,89,0,37,113,3,153,130,0,130,283
08/04/2017,HEF,VA,AEA,EN,Towers with Radar,0,7,44,0,51,0,24,77,0,101,0,31,121,0,152,0,0,0,152
08/05/2017,HEF,VA,AEA,EN,Towers with Radar,0,17,29,0,46,0,22,70,0,92,0,39,99,0,138,100,0,100,238
08/06/2017,HEF,VA,AEA,EN,Towers with Radar,0,13,54,0,67,0,17,75,0,92,0,30,129,0,159,174,0,174,333
08/07/2017,HEF,VA,AEA,EN,Towers with Radar,0,3,22,1,26,0,0,0,0,0,0,3,22,1,26,28,0,28,54
08/08/2017,HEF,VA,AEA,EN,Towers with Radar,0,15,37,1,53,0,24,45,6,75,0,39,82,7,128,194,6,200,328
08/09/2017,HEF,VA,AEA,EN,Towers with Radar,0,17,46,0,63,0,27,88,2,117,0,44,134,2,180,186,0,186,366
08/10/2017,HEF,VA,AEA,EN,Towers with Radar,0,14,45,0,59,0,29,50,0,79,0,43,95,0,138,150,0,150,288
08/11/2017,HEF,VA,AEA,EN,Towers with Radar,0,22,32,4,58,0,4,18,0,22,0,26,50,4,80,110,0,110,190
08/12/2017,HEF,VA,AEA,EN,Towers with Radar,0,13,28,0,41,0,6,24,0,30,0,19,52,0,71,70,0,70,141
08/13/2017,HEF,VA,AEA,EN,Towers with Radar,0,13,38,2,53,0,22,123,0,145,0,35,161,2,198,232,0,232,430
08/14/2017,HEF,VA,AEA,EN,Towers with Radar,0,5,22,0,27,0,20,41,2,63,0,25,63,2,90,100,0,100,190
08/15/2017,HEF,VA,AEA,EN,Towers with Radar,0,18,34,0,52,0,3,4,0,7,0,21,38,0,59,78,0,78,137
08/16/2017,HEF,VA,AEA,EN,Towers with Radar,0,14,36,6,56,0,25,71,2,98,0,39,107,8,154,186,0,186,340
08/17/2017,HEF,VA,AEA,EN,Towers with Radar,0,19,44,2,65,0,21,45,3,69,0,40,89,5,134,76,0,76,210
08/18/2017,HEF,VA,AEA,EN,Towers with Radar,0,13,51,4,68,0,12,28,0,40,0,25,79,4,108,83,0,83,191
08/19/2017,HEF,VA,AEA,EN,Towers with Radar,0,7,38,0,45,0,34,129,0,163,0,41,167,0,208,168,0,168,376
08/20/2017,HEF,VA,AEA,EN,Towers with Radar,0,13,57,1,71,0,31,82,1,114,0,44,139,2,185,188,0,188,373
08/21/2017,HEF,VA,AEA,EN,Towers with Radar,0,24,79,2,105,0,13,68,1,82,0,37,147,3,187,120,0,120,307
08/22/2017,HEF,VA,AEA,EN,Towers with Radar,0,22,51,0,73,0,21,43,0,64,0,43,94,0,137,144,0,144,281
08/23/2017,HEF,VA,AEA,EN,Towers with Radar,0,10,42,1,53,0,24,82,0,106,0,34,124,1,159,104,0,104,263
08/24/2017,HEF,VA,AEA,EN,Towers with Radar,0,11,32,1,44,0,22,73,0,95,0,33,105,1,139,52,0,52,191
08/25/2017,HEF,VA,AEA,EN,Towers with Radar,0,10,39,1,50,0,29,113,0,142,0,39,152,1,192,235,0,235,427
08/26/2017,HEF,VA,AEA,EN,Towers with Radar,0,16,18,0,34,0,26,134,0,160,0,42,152,0,194,188,0,188,382
08/27/2017,HEF,VA,AEA,EN,Towers with Radar,0,13,41,0,54,0,16,126,1,143,0,29,167,1,197,162,0,162,359
08/28/2017,HEF,VA,AEA,EN,Towers with Radar,0,12,29,0,41,0,9,47,0,56,0,21,76,0,97,78,0,78,175
08/29/2017,HEF,VA,AEA,EN,Towers with Radar,0,12,27,2,41,0,0,0,0,0,0,12,27,2,41,0,0,0,41
08/30/2017,HEF,VA,AEA,EN,Towers with Radar,0,16,40,0,56,0,12,76,1,89,0,28,116,1,145,114,0,114,259
08/31/2017,HEF,VA,AEA,EN,Towers with Radar,0,17,47,0,64,0,27,87,0,114,0,44,134,0,178,98,0,98,276
09/01/2017,HEF,VA,AEA,EN,Towers with Radar,0,14,51,0,65,0,15,41,3,59,0,29,92,3,124,0,0,0,124
09/02/2017,HEF,VA,AEA,EN,Towers with Radar,0,15,26,0,41,0,0,1,0,1,0,15,27,0,42,0,0,0,42
09/03/2017,HEF,VA,AEA,EN,Towers with Radar,0,9,29,0,38,0,5,59,0,64,0,14,88,0,102,150,0,150,252
09/04/2017,HEF,VA,AEA,EN,Towers with Radar,0,5,56,0,61,0,26,125,0,151,0,31,181,0,212,116,0,116,328
09/05/2017,HEF,VA,AEA,EN,Towers with Radar,0,10,35,2,47,0,12,41,0,53,0,22,76,2,100,76,0,76,176
09/06/2017,HEF,VA,AEA,EN,Towers with Radar,0,8,30,0,38,0,2,2,0,4,0,10,32,0,42,0,0,0,42
09/07/2017,HEF,VA,AEA,EN,Towers with Radar,0,19,85,4,108,0,16,89,4,109,0,35,174,8,217,140,0,140,357
09/08/2017,HEF,VA,AEA,EN,Towers with Radar,0,26,55,2,83,0,17,87,0,104,0,43,142,2,187,164,0,164,351
09/09/2017,HEF,VA,AEA,EN,Towers with Radar,0,14,37,0,51,0,34,143,0,177,0,48,180,0,228,208,0,208,436
09/10/2017,HEF,VA,AEA,EN,Towers with Radar,0,4,35,1,40,0,15,100,0,115,0,19,135,1,155,186,0,186,341
09/11/2017,HEF,VA,AEA,EN,Towers with Radar,0,11,29,1,41,0,21,74,0,95,0,32,103,1,136,134,0,134,270
09/12/2017,HEF,VA,AEA,EN,Towers with Radar,0,12,43,0,55,0,24,51,0,75,0,36,94,0,130,130,0,130,260
09/13/2017,HEF,VA,AEA,EN,Towers with Radar,0,22,62,0,84,0,6,24,1,31,0,28,86,1,115,44,0,44,159
09/14/2017,HEF,VA,AEA,EN,Towers with Radar,0,18,49,0,67,0,15,46,2,63,0,33,95,2,130,136,0,136,266
09/15/2017,HEF,VA,AEA,EN,Towers with Radar,0,15,50,5,70,0,21,82,0,103,0,36,132,5,173,208,0,208,381
09/16/2017,HEF,VA,AEA,EN,Towers with Radar,0,9,41,0,50,0,34,102,1,137,0,43,143,1,187,78,0,78,265
09/17/2017,HEF,VA,AEA,EN,Towers with Radar,0,8,45,1,54,0,15,46,0,61,0,23,91,1,115,92,0,92,207
09/18/2017,HEF,VA,AEA,EN,Towers with Radar,0,13,44,0,57,0,14,37,0,51,0,27,81,0,108,64,0,64,172
09/19/2017,HEF,VA,AEA,EN,Towers with Radar,0,14,37,0,51,0,16,20,0,36,0,30,57,0,87,44,0,44,131
09/20/2017,HEF,VA,AEA,EN,Towers with Radar,0,14,34,4,52,0,25,65,0,90,0,39,99,4,142,102,0,102,244
09/21/2017,HEF,VA,AEA,EN,Towers with Radar,0,19,36,1,56,0,26,54,1,81,0,45,90,2,137,84,0,84,221
09/22/2017,HEF,VA,AEA,EN,Towers with Radar,0,19,41,1,61,0,27,87,0,114,0,46,128,1,175,120,0,120,295
09/23/2017,HEF,VA,AEA,EN,Towers with Radar,0,22,28,2,52,0,25,51,0,76,0,47,79,2,128,34,0,34,162
09/24/2017,HEF,VA,AEA,EN,Towers with Radar,0,9,55,1,65,0,16,121,0,137,0,25,176,1,202,170,0,170,372
09/25/2017,HEF,VA,AEA,EN,Towers with Radar,0,10,39,0,49,0,8,48,0,56,0,18,87,0,105,68,0,68,173
09/26/2017,HEF,VA,AEA,EN,Towers with Radar,0,15,33,0,48,0,20,47,2,69,0,35,80,2,117,50,0,50,167
09/27/2017,HEF,VA,AEA,EN,Towers with Radar,0,12,47,1,60,0,19,70,0,89,0,31,117,1,149,206,0,206,355
09/28/2017,HEF,VA,AEA,EN,Towers with Radar,0,18,52,2,72,0,9,43,1,53,0,27,95,3,125,86,0,86,211
09/29/2017,HEF,VA,AEA,EN,Towers with Radar,0,19,52,0,71,0,26,98,1,125,0,45,150,1,196,0,0,0,196
09/30/2017,HEF,VA,AEA,EN,Towers with Radar,0,13,28,0,41,0,22,74,0,96,0,35,102,0,137,54,0,54,191
10/01/2017,HEF,VA,AEA,EN,Towers with Radar,0,17,46,1,64,0,17,121,0,138,0,34,167,1,202,146,0,146,348
10/02/2017,HEF,VA,AEA,EN,Towers with Radar,0,7,38,0,45,0,22,65,1,88,0,29,103,1,133,136,0,136,269
10/03/2017,HEF,VA,AEA,EN,Towers with Radar,0,12,43,2,57,0,16,62,2,80,0,28,105,4,137,78,0,78,215
10/04/2017,HEF,VA,AEA,EN,Towers with Radar,0,13,39,0,52,0,17,74,1,92,0,30,113,1,144,96,0,96,240
10/05/2017,HEF,VA,AEA,EN,Towers with Radar,0,18,48,7,73,0,15,56,2,73,0,33,104,9,146,96,0,96,242
10/06/2017,HEF,VA,AEA,EN,Towers with Radar,0,21,66,4,91,0,38,91,0,129,0,59,157,4,220,174,0,174,394
10/07/2017,HEF,VA,AEA,EN,Towers with Radar,0,8,58,0,66,0,25,103,0,128,0,33,161,0,194,138,0,138,332
10/08/2017,HEF,VA,AEA,EN,Towers with Radar,0,11,28,0,39,0,6,14,0,20,0,17,42,0,59,0,0,0,59
10/09/2017,HEF,VA,AEA,EN,Towers with Radar,0,7,48,12,67,0,9,8,0,17,0,16,56,12,84,10,0,10,94
10/10/2017,HEF,VA,AEA,EN,Towers with Radar,0,14,37,6,57,0,20,61,2,83,0,34,98,8,140,90,0,90,230
10/11/2017,HEF,VA,AEA,EN,Towers with Radar,0,28,43,9,80,0,0,0,1,1,0,28,43,10,81,12,0,12,93
10/12/2017,HEF,VA,AEA,EN,Towers with Radar,0,18,55,7,80,0,1,7,0,8,0,19,62,7,88,82,0,82,170
10/13/2017,HEF,VA,AEA,EN,Towers with Radar,0,19,43,1,63,0,3,14,0,17,0,22,57,1,80,107,0,107,187
10/14/2017,HEF,VA,AEA,EN,Towers with Radar,0,15,39,0,54,0,8,24,0,32,0,23,63,0,86,204,0,204,290
10/15/2017,HEF,VA,AEA,EN,Towers with Radar,0,22,44,0,66,0,18,28,0,46,0,40,72,0,112,140,0,140,252
10/16/2017,HEF,VA,AEA,EN,Towers with Radar,0,9,33,0,42,0,13,49,2,64,0,22,82,2,106,74,0,74,180
10/17/2017,HEF,VA,AEA,EN,Towers with Radar,0,17,41,0,58,0,25,101,2,128,0,42,142,2,186,68,0,68,254
10/18/2017,HEF,VA,AEA,EN,Towers with Radar,0,10,50,0,60,0,23,95,0,118,0,33,145,0,178,140,0,140,318
10/19/2017,HEF,VA,AEA,EN,Towers with Radar,0,13,54,0,67,0,29,74,2,105,0,42,128,2,172,126,0,126,298
10/20/2017,HEF,VA,AEA,EN,Towers with Radar,0,9,51,0,60,0,24,94,4,122,0,33,145,4,182,168,0,168,350
10/21/2017,HEF,VA,AEA,EN,Towers with Radar,0,9,30,0,39,0,40,153,2,195,0,49,183,2,234,178,0,178,412
10/22/2017,HEF,VA,AEA,EN,Towers with Radar,0,9,54,0,63,0,32,98,0,130,0,41,152,0,193,206,0,206,399
10/23/2017,HEF,VA,AEA,EN,Towers with Radar,0,7,55,0,62,0,2,20,2,24,0,9,75,2,86,36,0,36,122
10/24/2017,HEF,VA,AEA,EN,Towers with Radar,0,7,37,0,44,0,4,38,3,45,0,11,75,3,89,38,0,38,127
10/25/2017,HEF,VA,AEA,EN,Towers with Radar,0,11,31,0,42,0,24,58,4,86,0,35,89,4,128,108,0,108,236
10/26/2017,HEF,VA,AEA,EN,Towers with Radar,0,15,65,1,81,0,21,57,5,83,0,36,122,6,164,50,0,50,214
10/27/2017,HEF,VA,AEA,EN,Towers with Radar,0,17,44,4,65,0,33,99,0,132,0,50,143,4,197,0,0,0,197
10/28/2017,HEF,VA,AEA,EN,Towers with Radar,0,11,55,1,67,0,36,131,0,167,0,47,186,1,234,150,0,150,384
10/29/2017,HEF,VA,AEA,EN,Towers with Radar,0,9,47,1,57,0,0,1,0,1,0,9,48,1,58,0,0,0,58
10/30/2017,HEF,VA,AEA,EN,Towers with Radar,0,9,28,0,37,0,12,21,1,34,0,21,49,1,71,100,0,100,171
10/31/2017,HEF,VA,AEA,EN,Towers with Radar,0,6,32,0,38,0,14,55,1,70,0,20,87,1,108,0,0,0,108
11/01/2017,HEF,VA,AEA,EN,Towers with Radar,0,15,54,0,69,0,11,33,0,44,0,26,87,0,113,236,0,236,349
11/02/2017,HEF,VA,AEA,EN,Towers with Radar,0,15,46,2,63,0,21,74,0,95,0,36,120,2,158,112,0,112,270
11/03/2017,HEF,VA,AEA,EN,Towers with Radar,0,15,46,2,63,0,29,71,2,102,0,44,117,4,165,130,0,130,295
11/04/2017,HEF,VA,AEA,EN,Towers with Radar,0,11,33,2,46,0,26,75,1,102,0,37,108,3,148,212,0,212,360
11/05/2017,HEF,VA,AEA,EN,Towers with Radar,0,8,36,1,45,0,0,0,0,0,0,8,36,1,45,0,0,0,45
11/06/2017,HEF,VA,AEA,EN,Towers with Radar,0,10,38,0,48,0,9,31,5,45,0,19,69,5,93,108,0,108,201
11/07/2017,HEF,VA,AEA,EN,Towers with Radar,0,10,40,0,50,0,6,12,2,20,0,16,52,2,70,54,0,54,124
11/08/2017,HEF,VA,AEA,EN,Towers with Radar,0,13,54,2,69,0,18,30,0,48,0,31,84,2,117,174,0,174,291
11/09/2017,HEF,VA,AEA,EN,Towers with Radar,0,15,53,0,68,0,0,0,0,0,0,15,53,0,68,0,0,0,68
11/10/2017,HEF,VA,AEA,EN,Towers with Radar,0,15,48,0,63,0,27,29,1,57,0,42,77,1,120,27,0,27,147
11/11/2017,HEF,VA,AEA,EN,Towers with Radar,0,13,30,0,43,0,27,135,0,162,0,40,165,0,205,198,0,198,403
11/12/2017,HEF,VA,AEA,EN,Towers with Radar,0,11,57,0,68,0,26,92,1,119,0,37,149,1,187,144,0,144,331
11/13/2017,HEF,VA,AEA,EN,Towers with Radar,0,8,47,0,55,0,3,30,0,33,0,11,77,0,88,156,0,156,244
11/14/2017,HEF,VA,AEA,EN,Towers with Radar,0,10,39,0,49,0,13,57,0,70,0,23,96,0,119,70,0,70,189
11/15/2017,HEF,VA,AEA,EN,Towers with Radar,0,11,62,0,73,0,21,89,0,110,0,32,151,0,183,0,0,0,183
11/16/2017,HEF,VA,AEA,EN,Towers with Radar,0,17,45,2,64,0,15,64,2,81,0,32,109,4,145,46,0,46,191
11/17/2017,HEF,VA,AEA,EN,Towers with Radar,0,19,61,0,80,0,41,73,1,115,0,60,134,1,195,0,0,0,195
11/18/2017,HEF,VA,AEA,EN,Towers with Radar,0,9,34,0,43,0,20,46,2,68,0,29,80,2,111,118,0,118,229
11/19/2017,HEF,VA,AEA,EN,Towers with Radar,0,5,19,0,24,0,0,5,0,5,0,5,24,0,29,2,0,2,31
11/20/2017,HEF,VA,AEA,EN,Towers with Radar,0,11,37,0,48,0,19,81,0,100,0,30,118,0,148,58,0,58,206
11/21/2017,HEF,VA,AEA,EN,Towers with Radar,0,18,51,0,69,0,15,48,2,65,0,33,99,2,134,0,0,0,134
11/22/2017,HEF,VA,AEA,EN,Towers with Radar,0,14,50,0,64,0,14,50,0,64,0,28,100,0,128,42,0,42,170
11/23/2017,HEF,VA,AEA,EN,Towers with Radar,0,7,18,0,25,0,5,29,0,34,0,12,47,0,59,18,0,18,77
11/24/2017,HEF,VA,AEA,EN,Towers with Radar,0,8,28,0,36,0,20,109,0,129,0,28,137,0,165,0,0,0,165
11/25/2017,HEF,VA,AEA,EN,Towers with Radar,0,10,41,0,51,0,26,111,0,137,0,36,152,0,188,126,0,126,314
11/26/2017,HEF,VA,AEA,EN,Towers with Radar,0,9,73,0,82,0,13,75,0,88,0,22,148,0,170,0,0,0,170
11/27/2017,HEF,VA,AEA,EN,Towers with Radar,0,14,44,0,58,0,20,58,0,78,0,34,102,0,136,100,0,100,236
11/28/2017,HEF,VA,AEA,EN,Towers with Radar,0,6,36,0,42,0,22,67,7,96,0,28,103,7,138,0,0,0,138
11/29/2017,HEF,VA,AEA,EN,Towers with Radar,0,16,23,0,39,0,27,90,5,122,0,43,113,5,161,96,0,96,257
11/30/2017,HEF,VA,AEA,EN,Towers with Radar,0,13,32,0,45,0,25,66,4,95,0,38,98,4,140,90,0,90,230
12/01/2017,HEF,VA,AEA,EN,Towers with Radar,0,21,46,0,67,0,20,72,7,99,0,41,118,7,166,74,0,74,240
12/02/2017,HEF,VA,AEA,EN,Towers with Radar,0,9,28,0,37,0,28,94,0,122,0,37,122,0,159,0,0,0,159
12/03/2017,HEF,VA,AEA,EN,Towers with Radar,0,13,48,0,61,0,30,92,0,122,0,43,140,0,183,150,0,150,333
12/04/2017,HEF,VA,AEA,EN,Towers with Radar,0,7,33,2,42,0,13,63,2,78,0,20,96,4,120,0,0,0,120
12/05/2017,HEF,VA,AEA,EN,Towers with Radar,0,12,29,3,44,0,5,21,0,26,0,17,50,3,70,122,0,122,192
12/06/2017,HEF,VA,AEA,EN,Towers with Radar,0,12,42,0,54,0,15,38,2,55,0,27,80,2,109,0,0,0,109
12/07/2017,HEF,VA,AEA,EN,Towers with Radar,0,12,32,4,48,0,15,66,5,86,0,27,98,9,134,92,0,92,226
12/08/2017,HEF,VA,AEA,EN,Towers with Radar,0,12,28,4,44,0,27,52,3,82,0,39,80,7,126,124,0,124,250
12/09/2017,HEF,VA,AEA,EN,Towers with Radar,0,10,5,0,15,0,0,0,0,0,0,10,5,0,15,0,0,0,15
12/10/2017,HEF,VA,AEA,EN,Towers with Radar,0,4,29,0,33,0,17,39,0,56,0,21,68,0,89,126,0,126,215
12/11/2017,HEF,VA,AEA,EN,Towers with Radar,0,13,51,0,64,0,24,59,4,87,0,37,110,4,151,72,0,72,223
12/12/2017,HEF,VA,AEA,EN,Towers with Radar,0,8,43,1,52,0,10,35,5,50,0,18,78,6,102,34,0,34,136
12/13/2017,HEF,VA,AEA,EN,Towers with Radar,0,9,45,0,54,0,11,35,3,49,0,20,80,3,103,50,0,50,153
12/14/2017,HEF,VA,AEA,EN,Towers with Radar,0,8,48,1,57,0,13,27,0,40,0,21,75,1,97,40,0,40,137
12/15/2017,HEF,VA,AEA,EN,Towers with Radar,0,14,40,0,54,0,8,12,0,20,0,22,52,0,74,6,0,6,80
12/16/2017,HEF,VA,AEA,EN,Towers with Radar,0,17,35,0,52,0,28,123,0,151,0,45,158,0,203,200,0,200,403
12/17/2017,HEF,VA,AEA,EN,Towers with Radar,0,6,31,2,39,0,23,86,0,109,0,29,117,2,148,84,6,90,238
12/18/2017,HEF,VA,AEA,EN,Towers with Radar,0,6,20,1,27,0,14,60,3,77,0,20,80,4,104,94,0,94,198
12/19/2017,HEF,VA,AEA,EN,Towers with Radar,0,15,40,0,55,0,15,62,2,79,0,30,102,2,134,82,0,82,216
12/20/2017,HEF,VA,AEA,EN,Towers with Radar,0,9,41,0,50,0,20,53,4,77,0,29,94,4,127,120,0,120,247
12/21/2017,HEF,VA,AEA,EN,Towers with Radar,0,11,55,0,66,0,17,107,0,124,0,28,162,0,190,133,0,133,323
12/22/2017,HEF,VA,AEA,EN,Towers with Radar,0,9,28,0,37,0,27,88,0,115,0,36,116,0,152,0,0,0,152
12/23/2017,HEF,VA,AEA,EN,Towers with Radar,0,12,14,0,26,0,4,5,0,9,0,16,19,0,35,20,0,20,55
12/24/2017,HEF,VA,AEA,EN,Towers with Radar,0,6,20,0,26,0,4,45,0,49,0,10,65,0,75,18,0,18,93
12/25/2017,HEF,VA,AEA,EN,Towers with Radar,0,2,7,0,9,0,1,0,0,1,0,3,7,0,10,0,0,0,10
12/26/2017,HEF,VA,AEA,EN,Towers with Radar,0,12,29,0,41,0,10,69,0,79,0,22,98,0,120,0,0,0,120
12/27/2017,HEF,VA,AEA,EN,Towers with Radar,0,10,19,0,29,0,14,61,0,75,0,24,80,0,104,0,0,0,104
12/28/2017,HEF,VA,AEA,EN,Towers with Radar,0,15,27,4,46,0,22,78,0,100,0,37,105,4,146,112,0,112,258
12/29/2017,HEF,VA,AEA,EN,Towers with Radar,0,11,23,0,34,0,11,57,0,68,0,22,80,0,102,174,0,174,276
12/30/2017,HEF,VA,AEA,EN,Towers with Radar,0,12,15,0,27,0,3,9,0,12,0,15,24,0,39,22,0,22,61
12/31/2017,HEF,VA,AEA,EN,Towers with Radar,0,7,12,0,19,0,6,24,0,30,0,13,36,0,49,34,0,34,83
01/01/2018,HEF,VA,AEA,EN,Towers with Radar,0,9,15,0,24,0,4,25,0,29,0,13,40,0,53,0,0,0,53
01/02/2018,HEF,VA,AEA,EN,Towers with Radar,0,9,32,0,41,0,7,56,0,63,0,16,88,0,104,0,0,0,104
01/03/2018,HEF,VA,AEA,EN,Towers with Radar,0,9,27,6,42,0,7,58,0,65,0,16,85,6,107,72,0,72,179
01/04/2018,HEF,VA,AEA,EN,Towers with Radar,0,11,12,1,24,0,0,0,0,0,0,11,12,1,24,6,0,6,30
01/05/2018,HEF,VA,AEA,EN,Towers with Radar,0,9,13,0,22,0,6,11,0,17,0,15,24,0,39,0,0,0,39
01/06/2018,HEF,VA,AEA,EN,Towers with Radar,0,13,20,0,33,0,14,21,0,35,0,27,41,0,68,12,0,12,80
01/07/2018,HEF,VA,AEA,EN,Towers with Radar,0,6,24,0,30,0,19,74,0,93,0,25,98,0,123,110,0,110,233
01/08/2018,HEF,VA,AEA,EN,Towers with Radar,0,3,17,0,20,0,1,16,0,17,0,4,33,0,37,46,0,46,83
01/09/2018,HEF,VA,AEA,EN,Towers with Radar,0,10,20,1,31,0,12,51,2,65,0,22,71,3,96,94,0,94,190
01/10/2018,HEF,VA,AEA,EN,Towers with Radar,0,17,24,1,42,0,14,69,3,86,0,31,93,4,128,0,0,0,128
01/11/2018,HEF,VA,AEA,EN,Towers with Radar,0,22,23,0,45,0,5,25,2,32,0,27,48,2,77,86,0,86,163
01/12/2018,HEF,VA,AEA,EN,Towers with Radar,0,19,17,1,37,0,0,0,0,0,0,19,17,1,37,14,0,14,51
01/13/2018,HEF,VA,AEA,EN,Towers with Radar,0,12,20,1,33,0,2,18,1,21,0,14,38,2,54,4,0,4,58
01/14/2018,HEF,VA,AEA,EN,Towers with Radar,0,5,26,0,31,0,20,82,0,102,0,25,108,0,133,138,0,138,271
01/15/2018,HEF,VA,AEA,EN,Towers with Radar,0,6,23,2,31,0,22,54,3,79,0,28,77,5,110,114,0,114,224
01/16/2018,HEF,VA,AEA,EN,Towers with Radar,0,13,22,0,35,0,9,14,2,25,0,22,36,2,60,56,8,64,124
01/17/2018,HEF,VA,AEA,EN,Towers with Radar,0,10,24,5,39,0,7,14,1,22,0,17,38,6,61,0,0,0,61
01/18/2018,HEF,VA,AEA,EN,Towers with Radar,0,13,37,2,52,0,11,49,0,60,0,24,86,2,112,0,0,0,112
01/19/2018,HEF,VA,AEA,EN,Towers with Radar,0,13,43,0,56,0,15,107,0,122,0,28,150,0,178,168,0,168,346
01/20/2018,HEF,VA,AEA,EN,Towers with Radar,0,8,24,0,32,0,15,199,0,214,0,23,223,0,246,182,0,182,428
01/21/2018,HEF,VA,AEA,EN,Towers with Radar,0,11,17,0,28,0,20,72,0,92,0,31,89,0,120,352,0,352,472
01/22/2018,HEF,VA,AEA,EN,Towers with Radar,0,8,26,0,34,0,13,62,3,78,0,21,88,3,112,116,0,116,228
01/23/2018,HEF,VA,AEA,EN,Towers with Radar,0,7,38,1,46,0,5,9,3,17,0,12,47,4,63,18,0,18,81
01/24/2018,HEF,VA,AEA,EN,Towers with Radar,0,14,37,0,51,0,4,50,4,58,0,18,87,4,109,48,18,66,175
01/25/2018,HEF,VA,AEA,EN,Towers with Radar,0,14,62,0,76,0,19,60,0,79,0,33,122,0,155,0,0,0,155
01/26/2018,HEF,VA,AEA,EN,Towers with Radar,0,14,46,9,69,0,13,118,0,131,0,27,164,9,200,168,0,168,368
01/27/2018,HEF,VA,AEA,EN,Towers with Radar,0,10,26,0,36,0,17,94,0,111,0,27,120,0,147,95,0,95,242
01/28/2018,HEF,VA,AEA,EN,Towers with Radar,0,13,45,3,61,0,0,0,0,0,0,13,45,3,61,0,0,0,61
01/29/2018,HEF,VA,AEA,EN,Towers with Radar,0,9,40,0,49,0,9,30,0,39,0,18,70,0,88,108,0,108,196
01/30/2018,HEF,VA,AEA,EN,Towers with Radar,0,12,23,2,37,0,2,14,0,16,0,14,37,2,53,0,0,0,53
01/31/2018,HEF,VA,AEA,EN,Towers with Radar,0,17,57,0,74,0,24,68,0,92,0,41,125,0,166,90,0,90,256
02/01/2018,HEF,VA,AEA,EN,Towers with Radar,0,14,33,4,51,0,18,54,0,72,0,32,87,4,123,0,0,0,123
02/02/2018,HEF,VA,AEA,EN,Towers with Radar,0,14,33,3,50,0,11,16,0,27,0,25,49,3,77,0,0,0,77
02/03/2018,HEF,VA,AEA,EN,Towers with Radar,0,15,38,0,53,0,26,112,0,138,0,41,150,0,191,288,0,288,479
02/04/2018,HEF,VA,AEA,EN,Towers with Radar,0,0,5,0,5,0,1,3,0,4,0,1,8,0,9,0,0,0,9
02/05/2018,HEF,VA,AEA,EN,Towers with Radar,0,6,37,0,43,0,16,43,0,59,0,22,80,0,102,56,0,56,158
02/06/2018,HEF,VA,AEA,EN,Towers with Radar,0,17,35,1,53,0,23,42,0,65,0,40,77,1,118,112,14,126,244
02/07/2018,HEF,VA,AEA,EN,Towers with Radar,0,9,17,0,26,0,1,0,0,1,0,10,17,0,27,0,0,0,27
02/08/2018,HEF,VA,AEA,EN,Towers with Radar,0,12,38,0,50,0,14,67,2,83,0,26,105,2,133,118,0,118,251
02/09/2018,HEF,VA,AEA,EN,Towers with Radar,0,16,35,0,51,0,25,93,0,118,0,41,128,0,169,248,0,248,417
02/10/2018,HEF,VA,AEA,EN,Towers with Radar,0,11,30,0,41,0,12,13,0,25,0,23,43,0,66,70,0,70,136
02/11/2018,HEF,VA,AEA,EN,Towers with Radar,0,2,10,0,12,0,1,4,0,5,0,3,14,0,17,10,0,10,27
02/12/2018,HEF,VA,AEA,EN,Towers with Radar,0,8,30,0,38,0,12,58,0,70,0,20,88,0,108,24,0,24,132
02/13/2018,HEF,VA,AEA,EN,Towers with Radar,0,9,32,0,41,0,18,55,0,73,0,27,87,0,114,130,0,130,244
02/14/2018,HEF,VA,AEA,EN,Towers with Radar,0,12,42,1,55,0,17,62,2,81,0,29,104,3,136,270,4,274,410
02/15/2018,HEF,VA,AEA,EN,Towers with Radar,0,11,43,1,55,0,12,49,0,61,0,23,92,1,116,123,0,123,239
02/16/2018,HEF,VA,AEA,EN,Towers with Radar,0,15,49,0,64,0,9,14,0,23,0,24,63,0,87,106,0,106,193
02/17/2018,HEF,VA,AEA,EN,Towers with Radar,0,9,16,0,25,0,18,36,0,54,0,27,52,0,79,0,0,0,79
02/18/2018,HEF,VA,AEA,EN,Towers with Radar,0,8,29,0,37,0,15,80,0,95,0,23,109,0,132,114,0,114,246
02/19/2018,HEF,VA,AEA,EN,Towers with Radar,0,14,40,0,54,0,1,5,0,6,0,15,45,0,60,30,0,30,90
02/20/2018,HEF,VA,AEA,EN,Towers with Radar,0,16,48,2,66,0,6,56,0,62,0,22,104,2,128,36,10,46,174
02/21/2018,HEF,VA,AEA,EN,Towers with Radar,0,17,45,1,63,0,13,41,0,54,0,30,86,1,117,0,0,0,117
02/22/2018,HEF,VA,AEA,EN,Towers with Radar,0,14,44,1,59,0,1,8,0,9,0,15,52,1,68,68,0,68,136
02/23/2018,HEF,VA,AEA,EN,Towers with Radar,0,21,29,1,51,0,0,0,0,0,0,21,29,1,51,0,0,0,51
02/24/2018,HEF,VA,AEA,EN,Towers with Radar,0,19,17,0,36,0,0,0,0,0,0,19,17,0,36,0,0,0,36
02/25/2018,HEF,VA,AEA,EN,Towers with Radar,0,17,25,1,43,0,0,2,0,2,0,17,27,1,45,10,0,10,55
02/26/2018,HEF,VA,AEA,EN,Towers with Radar,0,7,30,0,37,0,20,63,0,83,0,27,93,0,120,82,0,82,202
02/27/2018,HEF,VA,AEA,EN,Towers with Radar,0,17,44,0,61,0,25,117,0,142,0,42,161,0,203,118,0,118,321
02/28/2018,HEF,VA,AEA,EN,Towers with Radar,0,12,40,0,52,0,19,88,1,108,0,31,128,1,160,204,0,204,364
03/01/2018,HEF,VA,AEA,EN,Towers with Radar,0,16,31,1,48,0,15,17,0,32,0,31,48,1,80,0,0,0,80
03/02/2018,HEF,VA,AEA,EN,Towers with Radar,0,4,10,0,14,0,3,5,0,8,0,7,15,0,22,0,0,0,22
03/03/2018,HEF,VA,AEA,EN,Towers with Radar,0,13,30,0,43,0,7,6,0,13,0,20,36,0,56,4,0,4,60
03/04/2018,HEF,VA,AEA,EN,Towers with Radar,0,5,47,1,53,0,24,70,0,94,0,29,117,1,147,0,0,0,147
03/05/2018,HEF,VA,AEA,EN,Towers with Radar,0,9,31,3,43,0,20,67,0,87,0,29,98,3,130,120,0,120,250
03/06/2018,HEF,VA,AEA,EN,Towers with Radar,0,9,35,1,45,0,21,40,0,61,0,30,75,1,106,52,0,52,158
03/07/2018,HEF,VA,AEA,EN,Towers with Radar,0,8,30,0,38,0,6,3,0,9,0,14,33,0,47,14,0,14,61
03/08/2018,HEF,VA,AEA,EN,Towers with Radar,0,10,49,3,62,0,25,55,1,81,0,35,104,4,143,76,0,76,219
03/09/2018,HEF,VA,AEA,EN,Towers with Radar,0,20,41,3,64,0,13,33,0,46,0,33,74,3,110,53,0,53,163
03/10/2018,HEF,VA,AEA,EN,Towers with Radar,0,13,53,0,66,0,44,183,0,227,0,57,236,0,293,212,0,212,505
03/11/2018,HEF,VA,AEA,EN,Towers with Radar,0,6,32,1,39,0,35,100,0,135,0,41,132,1,174,222,0,222,396
03/12/2018,HEF,VA,AEA,EN,Towers with Radar,0,5,24,1,30,0,2,19,0,21,0,7,43,1,51,32,0,32,83
03/13/2018,HEF,VA,AEA,EN,Towers with Radar,0,10,42,1,53,0,3,19,0,22,0,13,61,1,75,52,0,52,127
03/14/2018,HEF,VA,AEA,EN,Towers with Radar,0,11,40,3,54,0,8,24,0,32,0,19,64,3,86,50,0,50,136
03/15/2018,HEF,VA,AEA,EN,Towers with Radar,0,12,44,1,57,0,5,46,0,51,0,17,90,1,108,92,0,92,200
03/16/2018,HEF,VA,AEA,EN,Towers with Radar,0,14,44,5,63,0,16,27,0,43,0,30,71,5,106,13,0,13,119
03/17/2018,HEF,VA,AEA,EN,Towers with Radar,0,15,22,0,37,0,23,54,0,77,0,38,76,0,114,275,0,275,389
03/18/2018,HEF,VA,AEA,EN,Towers with Radar,0,8,72,0,80,0,28,166,0,194,0,36,238,0,274,201,0,201,475
03/19/2018,HEF,VA,AEA,EN,Towers with Radar,0,10,51,0,61,0,29,58,0,87,0,39,109,0,148,230,0,230,378
03/20/2018,HEF,VA,AEA,EN,Towers with Radar,0,12,23,0,35,0,0,0,0,0,0,12,23,0,35,0,0,0,35
03/21/2018,HEF,VA,AEA,EN,Towers with Radar,0,4,9,0,13,0,0,0,0,0,0,4,9,0,13,0,0,0,13
03/22/2018,HEF,VA,AEA,EN,Towers with Radar,0,10,46,2,58,0,19,21,0,40,0,29,67,2,98,0,0,0,98
03/23/2018,HEF,VA,AEA,EN,Towers with Radar,1,14,48,2,65,0,36,58,0,94,1,50,106,2,159,96,0,96,255
03/24/2018,HEF,VA,AEA,EN,Towers with Radar,0,12,26,0,38,0,42,124,0,166,0,54,150,0,204,0,0,0,204
03/25/2018,HEF,VA,AEA,EN,Towers with Radar,0,5,28,1,34,0,23,72,1,96,0,28,100,2,130,174,0,174,304
03/26/2018,HEF,VA,AEA,EN,Towers with Radar,0,5,43,0,48,0,18,86,0,104,0,23,129,0,152,58,0,58,210
03/27/2018,HEF,VA,AEA,EN,Towers with Radar,0,17,29,0,46,0,13,33,2,48,0,30,62,2,94,90,0,90,184
03/28/2018,HEF,VA,AEA,EN,Towers with Radar,0,20,42,3,65,0,10,27,0,37,0,30,69,3,102,0,0,0,102
03/29/2018,HEF,VA,AEA,EN,Towers with Radar,0,13,41,1,55,0,12,49,0,61,0,25,90,1,116,142,0,142,258
03/30/2018,HEF,VA,AEA,EN,Towers with Radar,0,13,31,2,46,0,11,26,1,38,0,24,57,3,84,26,0,26,110
03/31/2018,HEF,VA,AEA,EN,Towers with Radar,0,13,30,2,45,0,40,150,0,190,0,53,180,2,235,119,0,119,354
04/01/2018,HEF,VA,AEA,EN,Towers with Radar,0,10,35,0,45,0,22,66,0,88,0,32,101,0,133,145,0,145,278
04/02/2018,HEF,VA,AEA,EN,Towers with Radar,0,8,26,1,35,0,7,18,0,25,0,15,44,1,60,46,0,46,106
04/03/2018,HEF,VA,AEA,EN,Towers with Radar,0,16,31,0,47,0,5,23,2,30,0,21,54,2,77,88,0,88,165
04/04/2018,HEF,VA,AEA,EN,Towers with Radar,0,10,28,2,40,0,5,11,0,16,0,15,39,2,56,18,0,18,74
04/05/2018,HEF,VA,AEA,EN,Towers with Radar,0,11,61,2,74,0,20,85,4,109,0,31,146,6,183,94,0,94,277
04/06/2018,HEF,VA,AEA,EN,Towers with Radar,0,14,23,0,37,0,28,54,0,82,0,42,77,0,119,120,0,120,239
04/07/2018,HEF,VA,AEA,EN,Towers with Radar,0,15,21,2,38,0,14,40,0,54,0,29,61,2,92,72,0,72,164
04/08/2018,HEF,VA,AEA,EN,Towers with Radar,0,9,44,1,54,0,33,101,1,135,0,42,145,2,189,231,0,231,420
04/09/2018,HEF,VA,AEA,EN,Towers with Radar,0,8,42,0,50,0,14,32,0,46,0,22,74,0,96,230,0,230,326
04/10/2018,HEF,VA,AEA,EN,Towers with Radar,0,19,43,1,63,0,18,86,1,105,0,37,129,2,168,168,0,168,336
04/11/2018,HEF,VA,AEA,EN,Towers with Radar,0,19,53,0,72,0,21,93,1,115,0,40,146,1,187,0,0,0,187
04/12/2018,HEF,VA,AEA,EN,Towers with Radar,0,20,57,0,77,0,11,52,0,63,0,31,109,0,140,30,0,30,170
04/13/2018,HEF,VA,AEA,EN,Towers with Radar,0,27,51,3,81,0,24,95,2,121,0,51,146,5,202,115,0,115,317
04/14/2018,HEF,VA,AEA,EN,Towers with Radar,0,11,33,1,45,0,19,137,8,164,0,30,170,9,209,221,0,221,430
04/15/2018,HEF,VA,AEA,EN,Towers with Radar,0,7,28,3,38,0,3,1,1,5,0,10,29,4,43,0,0,0,43
04/16/2018,HEF,VA,AEA,EN,Towers with Radar,0,22,82,1,105,0,1,29,1,31,0,23,111,2,136,68,0,68,204
04/17/2018,HEF,VA,AEA,EN,Towers with Radar,0,16,38,0,54,0,29,44,0,73,0,45,82,0,127,174,0,174,301
04/18/2018,HEF,VA,AEA,EN,Towers with Radar,0,8,55,0,63,0,27,97,2,126,0,35,152,2,189,314,0,314,503
04/19/2018,HEF,VA,AEA,EN,Towers with Radar,0,10,53,3,66,0,3,12,0,15,0,13,65,3,81,0,0,0,81
04/20/2018,HEF,VA,AEA,EN,Towers with Radar,0,19,65,9,93,0,18,62,7,87,0,37,127,16,180,115,0,115,295
04/21/2018,HEF,VA,AEA,EN,Towers with Radar,0,17,52,0,69,0,43,143,2,188,0,60,195,2,257,254,0,254,511
04/22/2018,HEF,VA,AEA,EN,Towers with Radar,0,11,51,5,67,0,28,100,0,128,0,39,151,5,195,240,0,240,435
04/23/2018,HEF,VA,AEA,EN,Towers with Radar,0,9,57,1,67,0,19,59,2,80,0,28,116,3,147,221,0,221,368
04/24/2018,HEF,VA,AEA,EN,Towers with Radar,0,12,38,0,50,0,5,13,0,18,0,17,51,0,68,24,0,24,92
04/25/2018,HEF,VA,AEA,EN,Towers with Radar,0,15,53,0,68,0,5,6,0,11,0,20,59,0,79,16,8,24,103
04/26/2018,HEF,VA,AEA,EN,Towers with Radar,0,13,71,1,85,0,33,86,4,123,0,46,157,5,208,152,0,152,360
04/27/2018,HEF,VA,AEA,EN,Towers with Radar,0,22,56,0,78,0,10,14,1,25,0,32,70,1,103,147,0,147,250
04/28/2018,HEF,VA,AEA,EN,Towers with Radar,0,12,22,1,35,0,19,73,0,92,0,31,95,1,127,109,0,109,236
04/29/2018,HEF,VA,AEA,EN,Towers with Radar,0,15,54,1,70,0,28,26,0,54,0,43,80,1,124,16,0,16,140
04/30/2018,HEF,VA,AEA,EN,Towers with Radar,0,8,49,0,57,0,17,42,1,60,0,25,91,1,117,0,0,0,117
05/01/2018,HEF,VA,AEA,EN,Towers with Radar,0,16,41,0,57,0,33,88,1,122,0,49,129,1,179,204,0,204,383
05/02/2018,HEF,VA,AEA,EN,Towers with Radar,0,10,55,0,65,0,28,94,1,123,0,38,149,1,188,0,0,0,188
05/03/2018,HEF,VA,AEA,EN,Towers with Radar,0,19,60,0,79,0,28,77,3,108,0,47,137,3,187,150,0,150,337
05/04/2018,HEF,VA,AEA,EN,Towers with Radar,0,6,42,2,50,0,19,58,0,77,0,25,100,2,127,102,0,102,229
05/05/2018,HEF,VA,AEA,EN,Towers with Radar,0,9,26,0,35,0,7,47,4,58,0,16,73,4,93,0,0,0,93
05/06/2018,HEF,VA,AEA,EN,Towers with Radar,0,12,52,1,65,0,4,11,0,15,0,16,63,1,80,82,0,82,162
05/07/2018,HEF,VA,AEA,EN,Towers with Radar,0,12,48,1,61,0,19,69,5,93,0,31,117,6,154,230,0,230,384
05/08/2018,HEF,VA,AEA,EN,Towers with Radar,0,15,47,0,62,0,20,94,0,114,0,35,141,0,176,151,0,151,327
05/09/2018,HEF,VA,AEA,EN,Towers with Radar,0,18,65,0,83,0,21,79,2,102,0,39,144,2,185,110,0,110,295
05/10/2018,HEF,VA,AEA,EN,Towers with Radar,0,16,46,2,64,0,8,33,0,41,0,24,79,2,105,122,0,122,227
05/11/2018,HEF,VA,AEA,EN,Towers with Radar,0,19,63,2,84,0,26,111,0,137,0,45,174,2,221,226,0,226,447
05/12/2018,HEF,VA,AEA,EN,Towers with Radar,0,13,35,0,48,0,28,185,1,214,0,41,220,1,262,169,0,169,431
05/13/2018,HEF,VA,AEA,EN,Towers with Radar,0,19,37,0,56,0,1,0,0,1,0,20,37,0,57,14,0,14,71
05/14/2018,HEF,VA,AEA,EN,Towers with Radar,0,5,58,0,63,0,0,5,0,5,0,5,63,0,68,0,0,0,68
05/15/2018,HEF,VA,AEA,EN,Towers with Radar,0,17,58,0,75,0,26,42,0,68,0,43,100,0,143,94,0,94,237
05/16/2018,HEF,VA,AEA,EN,Towers with Radar,0,14,49,0,63,0,0,0,0,0,0,14,49,0,63,0,0,0,63
05/17/2018,HEF,VA,AEA,EN,Towers with Radar,0,18,56,0,74,0,0,0,0,0,0,18,56,0,74,4,0,4,78
05/18/2018,HEF,VA,AEA,EN,Towers with Radar,0,20,39,0,59,0,0,0,0,0,0,20,39,0,59,0,0,0,59
05/19/2018,HEF,VA,AEA,EN,Towers with Radar,0,17,24,2,43,0,0,0,0,0,0,17,24,2,43,0,0,0,43
05/20/2018,HEF,VA,AEA,EN,Towers with Radar,0,26,103,0,129,0,14,118,0,132,0,40,221,0,261,260,0,260,521
05/21/2018,HEF,VA,AEA,EN,Towers with Radar,0,7,78,0,85,0,23,171,0,194,0,30,249,0,279,56,0,56,335
05/22/2018,HEF,VA,AEA,EN,Towers with Radar,0,9,35,4,48,0,1,13,0,14,0,10,48,4,62,64,0,64,126
05/23/2018,HEF,VA,AEA,EN,Towers with Radar,0,11,59,0,70,0,34,82,3,119,0,45,141,3,189,240,0,240,429
05/24/2018,HEF,VA,AEA,EN,Towers with Radar,0,11,61,3,75,0,29,101,0,130,0,40,162,3,205,0,0,0,205
05/25/2018,HEF,VA,AEA,EN,Towers with Radar,0,16,50,0,66,0,34,118,0,152,0,50,168,0,218,201,0,201,419
05/26/2018,HEF,VA,AEA,EN,Towers with Radar,0,14,31,0,45,0,28,97,0,125,0,42,128,0,170,122,0,122,292
05/27/2018,HEF,VA,AEA,EN,Towers with Radar,0,5,19,2,26,0,2,10,0,12,0,7,29,2,38,104,0,104,142
05/28/2018,HEF,VA,AEA,EN,Towers with Radar,0,12,57,0,69,0,0,1,0,1,0,12,58,0,70,2,0,2,72
05/29/2018,HEF,VA,AEA,EN,Towers with Radar,0,7,21,0,28,0,3,19,0,22,0,10,40,0,50,94,0,94,144
05/30/2018,HEF,VA,AEA,EN,Towers with Radar,0,12,19,0,31,0,2,0,0,2,0,14,19,0,33,62,0,62,95
05/31/2018,HEF,VA,AEA,EN,Towers with Radar,0,12,22,2,36,0,5,2,0,7,0,17,24,2,43,12,0,12,55
06/01/2018,HEF,VA,AEA,EN,Towers with Radar,0,21,44,0,65,0,28,44,0,72,0,49,88,0,137,208,0,208,345
06/02/2018,HEF,VA,AEA,EN,Towers with Radar,0,12,23,0,35,0,11,21,0,32,0,23,44,0,67,0,0,0,67
06/03/2018,HEF,VA,AEA,EN,Towers with Radar,0,9,41,0,50,0,0,0,0,0,0,9,41,0,50,0,0,0,50
06/04/2018,HEF,VA,AEA,EN,Towers with Radar,0,11,53,1,65,0,12,56,0,68,0,23,109,1,133,92,4,96,229
06/05/2018,HEF,VA,AEA,EN,Towers with Radar,0,16,60,2,78,0,22,70,4,96,0,38,130,6,174,58,4,62,236
06/06/2018,HEF,VA,AEA,EN,Towers with Radar,2,15,61,0,78,0,28,100,2,130,2,43,161,2,208,114,0,114,322
06/07/2018,HEF,VA,AEA,EN,Towers with Radar,0,10,59,0,69,0,39,76,0,115,0,49,135,0,184,116,0,116,300
06/08/2018,HEF,VA,AEA,EN,Towers with Radar,0,18,55,1,74,0,40,99,2,141,0,58,154,3,215,255,0,255,470
06/09/2018,HEF,VA,AEA,EN,Towers with Radar,0,17,29,0,46,0,24,77,1,102,0,41,106,1,148,0,0,0,148
06/10/2018,HEF,VA,AEA,EN,Towers with Radar,0,5,60,0,65,0,3,10,0,13,0,8,70,0,78,0,0,0,78
06/11/2018,HEF,VA,AEA,EN,Towers with Radar,0,11,42,0,53,0,1,0,0,1,0,12,42,0,54,0,0,0,54
06/12/2018,HEF,VA,AEA,EN,Towers with Radar,0,10,44,0,54,0,27,84,0,111,0,37,128,0,165,125,0,125,290
06/13/2018,HEF,VA,AEA,EN,Towers with Radar,0,15,51,0,66,0,19,47,0,66,0,34,98,0,132,100,8,108,240
06/14/2018,HEF,VA,AEA,EN,Towers with Radar,0,14,57,0,71,0,38,79,0,117,0,52,136,0,188,100,0,100,288
06/15/2018,HEF,VA,AEA,EN,Towers with Radar,0,12,64,1,77,0,42,131,0,173,0,54,195,1,250,136,0,136,386
06/16/2018,HEF,VA,AEA,EN,Towers with Radar,0,12,53,0,65,0,24,147,2,173,0,36,200,2,238,264,0,264,502
06/17/2018,HEF,VA,AEA,EN,Towers with Radar,0,5,56,0,61,0,23,82,0,105,0,28,138,0,166,175,0,175,341
06/18/2018,HEF,VA,AEA,EN,Towers with Radar,0,14,46,7,67,0,20,61,0,81,0,34,107,7,148,114,0,114,262
06/19/2018,HEF,VA,AEA,EN,Towers with Radar,0,8,37,0,45,0,22,42,0,64,0,30,79,0,109,74,0,74,183
06/20/2018,HEF,VA,AEA,EN,Towers with Radar,0,14,43,1,58,0,7,55,0,62,0,21,98,1,120,121,0,121,241
06/21/2018,HEF,VA,AEA,EN,Towers with Radar,0,11,36,1,48,0,20,57,0,77,0,31,93,1,125,0,0,0,125
06/22/2018,HEF,VA,AEA,EN,Towers with Radar,0,22,59,0,81,0,0,2,0,2,0,22,61,0,83,17,0,17,100
06/23/2018,HEF,VA,AEA,EN,Towers with Radar,0,13,25,0,38,0,1,6,0,7,0,14,31,0,45,3,0,3,48
06/24/2018,HEF,VA,AEA,EN,Towers with Radar,0,10,41,0,51,0,29,90,3,122,0,39,131,3,173,0,0,0,173
06/25/2018,HEF,VA,AEA,EN,Towers with Radar,0,7,57,0,64,0,28,101,0,129,0,35,158,0,193,101,0,101,294
06/26/2018,HEF,VA,AEA,EN,Towers with Radar,0,10,63,2,75,0,30,106,3,139,0,40,169,5,214,133,2,135,349
06/27/2018,HEF,VA,AEA,EN,Towers with Radar,0,14,53,0,67,0,10,23,0,33,0,24,76,0,100,0,0,0,100
06/28/2018,HEF,VA,AEA,EN,Towers with Radar,0,8,62,0,70,0,30,95,0,125,0,38,157,0,195,208,0,208,403
06/29/2018,HEF,VA,AEA,EN,Towers with Radar,0,10,54,2,66,0,40,130,1,171,0,50,184,3,237,149,0,149,386
06/30/2018,HEF,VA,AEA,EN,Towers with Radar,0,13,44,0,57,0,35,129,2,166,0,48,173,2,223,124,0,124,347
07/01/2018,HEF,VA,AEA,EN,Towers with Radar,0,2,41,2,45,0,32,113,0,145,0,34,154,2,190,124,0,124,314
07/02/2018,HEF,VA,AEA,EN,Towers with Radar,0,8,28,0,36,0,23,46,0,69,0,31,74,0,105,160,0,160,265
07/03/2018,HEF,VA,AEA,EN,Towers with Radar,0,12,41,0,53,0,32,52,0,84,0,44,93,0,137,134,2,136,273
07/04/2018,HEF,VA,AEA,EN,Towers with Radar,0,11,14,0,25,0,22,34,0,56,0,33,48,0,81,52,0,52,133
07/05/2018,HEF,VA,AEA,EN,Towers with Radar,0,6,22,1,29,0,35,53,0,88,0,41,75,1,117,92,0,92,209
07/06/2018,HEF,VA,AEA,EN,Towers with Radar,0,7,34,4,45,0,24,29,0,53,0,31,63,4,98,179,0,179,277
07/07/2018,HEF,VA,AEA,EN,Towers with Radar,0,16,34,1,51,0,46,109,3,158,0,62,143,4,209,159,0,159,368
07/08/2018,HEF,VA,AEA,EN,Towers with Radar,0,10,62,4,76,0,33,116,4,153,0,43,178,8,229,119,0,119,348
07/09/2018,HEF,VA,AEA,EN,Towers with Radar,0,6,33,0,39,0,21,69,2,92,0,27,102,2,131,129,0,129,260
07/10/2018,HEF,VA,AEA,EN,Towers with Radar,0,12,49,0,61,0,21,70,1,92,0,33,119,1,153,145,0,145,298
07/11/2018,HEF,VA,AEA,EN,Towers with Radar,0,15,42,0,57,0,28,82,0,110,0,43,124,0,167,116,0,116,283
07/12/2018,HEF,VA,AEA,EN,Towers with Radar,0,18,32,2,52,0,23,72,0,95,0,41,104,2,147,203,6,209,356
07/13/2018,HEF,VA,AEA,EN,Towers with Radar,0,22,52,0,74,0,44,80,0,124,0,66,132,0,198,198,0,198,396
07/14/2018,HEF,VA,AEA,EN,Towers with Radar,0,10,29,2,41,0,29,147,0,176,0,39,176,2,217,160,0,160,377
07/15/2018,HEF,VA,AEA,EN,Towers with Radar,0,16,54,0,70,0,12,79,0,91,0,28,133,0,161,168,0,168,329
07/16/2018,HEF,VA,AEA,EN,Towers with Radar,0,4,38,0,42,0,20,57,1,78,0,24,95,1,120,103,0,103,223
07/17/2018,HEF,VA,AEA,EN,Towers with Radar,0,15,23,0,38,0,22,35,0,57,0,37,58,0,95,80,0,80,175
07/18/2018,HEF,VA,AEA,EN,Towers with Radar,0,13,39,0,52,0,35,89,1,125,0,48,128,1,177,198,12,210,387
07/19/2018,HEF,VA,AEA,EN,Towers with Radar,0,13,52,1,66,0,46,97,1,144,0,59,149,2,210,147,0,147,357
07/20/2018,HEF,VA,AEA,EN,Towers with Radar,0,15,53,3,71,0,22,124,0,146,0,37,177,3,217,0,0,0,217
07/21/2018,HEF,VA,AEA,EN,Towers with Radar,0,14,32,0,46,0,2,10,0,12,0,16,42,0,58,24,0,24,82
07/22/2018,HEF,VA,AEA,EN,Towers with Radar,0,11,33,2,46,0,3,13,1,17,0,14,46,3,63,75,0,75,138
07/23/2018,HEF,VA,AEA,EN,Towers with Radar,0,5,29,0,34,0,1,2,0,3,0,6,31,0,37,0,0,0,37
07/24/2018,HEF,VA,AEA,EN,Towers with Radar,0,10,32,1,43,0,0,2,0,2,0,10,34,1,45,22,0,22,67
07/25/2018,HEF,VA,AEA,EN,Towers with Radar,0,10,36,3,49,0,0,3,0,3,0,10,39,3,52,22,0,22,74
07/26/2018,HEF,VA,AEA,EN,Towers with Radar,0,8,60,2,70,0,23,75,1,99,0,31,135,3,169,178,0,178,347
07/27/2018,HEF,VA,AEA,EN,Towers with Radar,0,12,39,2,53,0,20,58,2,80,0,32,97,4,133,10,0,10,143
07/28/2018,HEF,VA,AEA,EN,Towers with Radar,0,10,40,0,50,0,32,123,2,157,0,42,163,2,207,295,0,295,502
07/29/2018,HEF,VA,AEA,EN,Towers with Radar,0,7,31,0,38,0,28,114,0,142,0,35,145,0,180,148,0,148,328
07/30/2018,HEF,VA,AEA,EN,Towers with Radar,0,6,35,2,43,0,2,10,0,12,0,8,45,2,55,22,0,22,77
07/31/2018,HEF,VA,AEA,EN,Towers with Radar,0,10,32,3,45,0,7,13,1,21,0,17,45,4,66,129,0,129,195
08/01/2018,HEF,VA,AEA,EN,Towers with Radar,0,14,52,0,66,0,5,31,0,36,0,19,83,0,102,76,0,76,178
08/02/2018,HEF,VA,AEA,EN,Towers with Radar,0,23,31,1,55,0,4,9,0,13,0,27,40,1,68,53,0,53,121
08/03/2018,HEF,VA,AEA,EN,Towers with Radar,0,11,41,0,52,0,0,2,0,2,0,11,43,0,54,30,0,30,84
08/04/2018,HEF,VA,AEA,EN,Towers with Radar,0,17,43,0,60,0,31,71,2,104,0,48,114,2,164,107,0,107,271
08/05/2018,HEF,VA,AEA,EN,Towers with Radar,0,16,46,0,62,0,31,106,2,139,0,47,152,2,201,0,0,0,201
08/06/2018,HEF,VA,AEA,EN,Towers with Radar,0,3,50,0,53,0,19,87,1,107,0,22,137,1,160,172,0,172,332
08/07/2018,HEF,VA,AEA,EN,Towers with Radar,0,12,42,0,54,0,26,56,0,82,0,38,98,0,136,120,0,120,256
08/08/2018,HEF,VA,AEA,EN,Towers with Radar,0,24,47,0,71,0,42,60,1,103,0,66,107,1,174,133,26,159,333
08/09/2018,HEF,VA,AEA,EN,Towers with Radar,0,16,33,2,51,0,39,72,1,112,0,55,105,3,163,111,0,111,274
08/10/2018,HEF,VA,AEA,EN,Towers with Radar,0,19,41,0,60,0,34,103,2,139,0,53,144,2,199,186,0,186,385
08/11/2018,HEF,VA,AEA,EN,Towers with Radar,0,17,26,0,43,0,20,95,2,117,0,37,121,2,160,136,0,136,296
08/12/2018,HEF,VA,AEA,EN,Towers with Radar,0,9,49,0,58,0,10,17,0,27,0,19,66,0,85,125,0,125,210
08/13/2018,HEF,VA,AEA,EN,Towers with Radar,0,10,39,0,49,0,8,28,0,36,0,18,67,0,85,63,0,63,148
08/14/2018,HEF,VA,AEA,EN,Towers with Radar,0,17,32,0,49,0,23,81,1,105,0,40,113,1,154,122,0,122,276
08/15/2018,HEF,VA,AEA,EN,Towers with Radar,0,23,65,0,88,0,24,126,0,150,0,47,191,0,238,0,0,0,238
08/16/2018,HEF,VA,AEA,EN,Towers with Radar,0,11,45,0,56,0,35,97,4,136,0,46,142,4,192,90,0,90,282
08/17/2018,HEF,VA,AEA,EN,Towers with Radar,0,7,51,2,60,0,28,62,0,90,0,35,113,2,150,103,0,103,253
08/18/2018,HEF,VA,AEA,EN,Towers with Radar,0,9,33,0,42,0,33,66,0,99,0,42,99,0,141,96,0,96,237
08/19/2018,HEF,VA,AEA,EN,Towers with Radar,0,10,51,2,63,0,23,81,2,106,0,33,132,4,169,113,0,113,282
08/20/2018,HEF,VA,AEA,EN,Towers with Radar,0,9,37,0,46,0,1,20,0,21,0,10,57,0,67,112,0,112,179
08/21/2018,HEF,VA,AEA,EN,Towers with Radar,0,14,19,0,33,0,0,6,0,6,0,14,25,0,39,28,0,28,67
08/22/2018,HEF,VA,AEA,EN,Towers with Radar,0,13,47,0,60,0,26,60,0,86,0,39,107,0,146,110,0,110,256
08/23/2018,HEF,VA,AEA,EN,Towers with Radar,0,14,44,2,60,0,43,97,0,140,0,57,141,2,200,129,0,129,329
08/24/2018,HEF,VA,AEA,EN,Towers with Radar,0,11,57,2,70,0,37,118,0,155,0,48,175,2,225,140,0,140,365
08/25/2018,HEF,VA,AEA,EN,Towers with Radar,0,15,48,0,63,0,35,143,0,178,0,50,191,0,241,156,0,156,397
08/26/2018,HEF,VA,AEA,EN,Towers with Radar,0,5,48,0,53,0,28,135,1,164,0,33,183,1,217,225,0,225,442
08/27/2018,HEF,VA,AEA,EN,Towers with Radar,0,15,45,0,60,0,14,84,1,99,0,29,129,1,159,155,0,155,314
08/28/2018,HEF,VA,AEA,EN,Towers with Radar,0,15,39,0,54,0,30,50,0,80,0,45,89,0,134,69,0,69,203
08/29/2018,HEF,VA,AEA,EN,Towers with Radar,0,13,49,0,62,0,23,91,0,114,0,36,140,0,176,131,6,137,313
08/30/2018,HEF,VA,AEA,EN,Towers with Radar,0,12,40,0,52,0,22,40,0,62,0,34,80,0,114,172,0,172,286
08/31/2018,HEF,VA,AEA,EN,Towers with Radar,0,16,59,0,75,0,25,54,0,79,0,41,113,0,154,99,0,99,253
09/01/2018,HEF,VA,AEA,EN,Towers with Radar,0,19,28,0,47,0,1,8,0,9,0,20,36,0,56,73,0,73,129
09/02/2018,HEF,VA,AEA,EN,Towers with Radar,0,10,27,0,37,0,22,72,0,94,0,32,99,0,131,114,0,114,245
09/03/2018,HEF,VA,AEA,EN,Towers with Radar,0,6,54,0,60,0,29,100,0,129,0,35,154,0,189,136,0,136,325
09/04/2018,HEF,VA,AEA,EN,Towers with Radar,0,9,41,0,50,0,20,40,2,62,0,29,81,2,112,120,0,120,232
09/05/2018,HEF,VA,AEA,EN,Towers with Radar,0,14,35,0,49,0,29,78,0,107,0,43,113,0,156,144,0,144,300
09/06/2018,HEF,VA,AEA,EN,Towers with Radar,0,14,45,2,61,0,24,71,0,95,0,38,116,2,156,88,0,88,244
09/07/2018,HEF,VA,AEA,EN,Towers with Radar,0,12,40,0,52,0,21,52,0,73,0,33,92,0,125,142,0,142,267
09/08/2018,HEF,VA,AEA,EN,Towers with Radar,0,18,18,2,38,0,0,1,0,1,0,18,19,2,39,0,0,0,39
09/09/2018,HEF,VA,AEA,EN,Towers with Radar,0,11,30,0,41,0,0,0,0,0,0,11,30,0,41,0,0,0,41
09/10/2018,HEF,VA,AEA,EN,Towers with Radar,0,11,35,0,46,0,0,0,0,0,0,11,35,0,46,0,0,0,46
09/11/2018,HEF,VA,AEA,EN,Towers with Radar,0,8,48,0,56,0,0,0,0,0,0,8,48,0,56,0,0,0,56
09/12/2018,HEF,VA,AEA,EN,Towers with Radar,0,17,53,1,71,0,3,4,1,8,0,20,57,2,79,73,0,73,152
09/13/2018,HEF,VA,AEA,EN,Towers with Radar,0,12,41,3,56,0,3,2,0,5,0,15,43,3,61,63,0,63,124
09/14/2018,HEF,VA,AEA,EN,Towers with Radar,0,15,21,2,38,0,2,0,0,2,0,17,21,2,40,52,0,52,92
09/15/2018,HEF,VA,AEA,EN,Towers with Radar,0,11,34,0,45,0,0,5,1,6,0,11,39,1,51,141,0,141,192
09/16/2018,HEF,VA,AEA,EN,Towers with Radar,0,9,27,0,36,0,1,5,0,6,0,10,32,0,42,103,0,103,145
09/17/2018,HEF,VA,AEA,EN,Towers with Radar,0,5,26,0,31,0,0,0,0,0,0,5,26,0,31,0,0,0,31
09/18/2018,HEF,VA,AEA,EN,Towers with Radar,0,8,35,0,43,0,7,15,2,24,0,15,50,2,67,59,0,59,126
09/19/2018,HEF,VA,AEA,EN,Towers with Radar,0,20,55,1,76,0,27,95,0,122,0,47,150,1,198,156,0,156,354
09/20/2018,HEF,VA,AEA,EN,Towers with Radar,0,19,55,1,75,0,21,39,0,60,0,40,94,1,135,90,0,90,225
09/21/2018,HEF,VA,AEA,EN,Towers with Radar,0,18,68,5,91,0,7,22,2,31,0,25,90,7,122,91,2,93,215
09/22/2018,HEF,VA,AEA,EN,Towers with Radar,0,17,49,1,67,0,24,105,2,131,0,41,154,3,198,174,0,174,372
09/23/2018,HEF,VA,AEA,EN,Towers with Radar,0,21,48,1,70,0,0,0,0,0,0,21,48,1,70,0,0,0,70
09/24/2018,HEF,VA,AEA,EN,Towers with Radar,0,13,36,0,49,0,0,0,0,0,0,13,36,0,49,0,0,0,49
09/25/2018,HEF,VA,AEA,EN,Towers with Radar,0,13,30,0,43,0,6,3,0,9,0,19,33,0,52,70,0,70,122
09/26/2018,HEF,VA,AEA,EN,Towers with Radar,0,16,45,0,61,0,12,51,0,63,0,28,96,0,124,80,0,80,204
09/27/2018,HEF,VA,AEA,EN,Towers with Radar,0,19,58,0,77,0,11,10,2,23,0,30,68,2,100,145,0,145,245
09/28/2018,HEF,VA,AEA,EN,Towers with Radar,0,15,66,0,81,0,37,99,0,136,0,52,165,0,217,0,0,0,217
09/29/2018,HEF,VA,AEA,EN,Towers with Radar,0,12,52,0,64,0,32,123,1,156,0,44,175,1,220,185,0,185,405
09/30/2018,HEF,VA,AEA,EN,Towers with Radar,0,7,77,0,84,0,35,141,0,176,0,42,218,0,260,171,0,171,431
10/01/2018,HEF,VA,AEA,EN,Towers with Radar,0,7,33,4,44,0,19,100,4,123,0,26,133,8,167,167,0,167,334
10/02/2018,HEF,VA,AEA,EN,Towers with Radar,0,7,29,6,42,0,17,58,2,77,0,24,87,8,119,0,0,0,119
10/03/2018,HEF,VA,AEA,EN,Towers with Radar,0,12,59,7,78,0,33,92,1,126,0,45,151,8,204,95,0,95,299
10/04/2018,HEF,VA,AEA,EN,Towers with Radar,0,21,53,6,80,0,21,60,0,81,0,42,113,6,161,136,3,139,300
10/05/2018,HEF,VA,AEA,EN,Towers with Radar,0,20,58,1,79,0,22,50,0,72,0,42,108,1,151,143,0,143,294
10/06/2018,HEF,VA,AEA,EN,Towers with Radar,0,25,32,1,58,0,1,2,0,3,0,26,34,1,61,22,0,22,83
10/07/2018,HEF,VA,AEA,EN,Towers with Radar,0,17,49,0,66,0,9,79,0,88,0,26,128,0,154,93,0,93,247
10/08/2018,HEF,VA,AEA,EN,Towers with Radar,0,13,50,0,63,0,15,54,0,69,0,28,104,0,132,0,0,0,132
10/09/2018,HEF,VA,AEA,EN,Towers with Radar,0,11,52,5,68,0,14,27,0,41,0,25,79,5,109,94,0,94,203
10/10/2018,HEF,VA,AEA,EN,Towers with Radar,0,18,45,1,64,0,12,41,3,56,0,30,86,4,120,152,0,152,272
10/11/2018,HEF,VA,AEA,EN,Towers with Radar,0,10,25,4,39,0,0,5,1,6,0,10,30,5,45,72,0,72,117
10/12/2018,HEF,VA,AEA,EN,Towers with Radar,0,26,47,7,80,0,19,56,0,75,0,45,103,7,155,149,4,153,308
10/13/2018,HEF,VA,AEA,EN,Towers with Radar,0,14,37,2,53,0,25,106,0,131,0,39,143,2,184,192,0,192,376
10/14/2018,HEF,VA,AEA,EN,Towers with Radar,0,12,50,3,65,0,21,102,1,124,0,33,152,4,189,143,0,143,332
10/15/2018,HEF,VA,AEA,EN,Towers with Radar,0,3,42,2,47,0,13,16,6,35,0,16,58,8,82,71,0,71,153
10/16/2018,HEF,VA,AEA,EN,Towers with Radar,0,16,53,4,73,0,25,92,0,117,0,41,145,4,190,148,0,148,338
10/17/2018,HEF,VA,AEA,EN,Towers with Radar,0,15,55,0,70,0,21,63,0,84,0,36,118,0,154,74,0,74,228
10/18/2018,HEF,VA,AEA,EN,Towers with Radar,0,12,60,6,78,0,21,108,0,129,0,33,168,6,207,0,0,0,207
10/19/2018,HEF,VA,AEA,EN,Towers with Radar,0,15,47,4,66,0,31,115,0,146,0,46,162,4,212,87,2,89,301
10/20/2018,HEF,VA,AEA,EN,Towers with Radar,0,13,22,0,35,0,29,115,0,144,0,42,137,0,179,228,0,228,407
10/21/2018,HEF,VA,AEA,EN,Towers with Radar,0,9,54,5,68,0,3,12,0,15,0,12,66,5,83,0,0,0,83
10/22/2018,HEF,VA,AEA,EN,Towers with Radar,0,11,44,0,55,0,21,109,1,131,0,32,153,1,186,128,0,128,314
10/23/2018,HEF,VA,AEA,EN,Towers with Radar,0,11,42,0,53,0,37,89,1,127,0,48,131,1,180,135,0,135,315
10/24/2018,HEF,VA,AEA,EN,Towers with Radar,0,8,55,0,63,0,32,71,0,103,0,40,126,0,166,84,2,86,252
10/25/2018,HEF,VA,AEA,EN,Towers with Radar,0,13,41,0,54,0,25,115,1,141,0,38,156,1,195,97,0,97,292
10/26/2018,HEF,VA,AEA,EN,Towers with Radar,0,14,36,1,51,0,9,32,1,42,0,23,68,2,93,57,0,57,150
10/27/2018,HEF,VA,AEA,EN,Towers with Radar,0,9,34,0,43,0,1,11,0,12,0,10,45,0,55,59,0,59,114
10/28/2018,HEF,VA,AEA,EN,Towers with Radar,0,4,40,0,44,0,35,130,0,165,0,39,170,0,209,139,0,139,348
10/29/2018,HEF,VA,AEA,EN,Towers with Radar,0,9,56,0,65,0,20,43,0,63,0,29,99,0,128,79,0,79,207
10/30/2018,HEF,VA,AEA,EN,Towers with Radar,0,21,34,0,55,0,29,105,2,136,0,50,139,2,191,49,0,49,240
10/31/2018,HEF,VA,AEA,EN,Towers with Radar,0,13,36,1,50,0,33,93,2,128,0,46,129,3,178,161,0,161,339
11/01/2018,HEF,VA,AEA,EN,Towers with Radar,0,10,44,3,57,0,21,68,0,89,0,31,112,3,146,117,0,117,263
11/02/2018,HEF,VA,AEA,EN,Towers with Radar,0,15,23,0,38,0,14,30,0,44,0,29,53,0,82,115,0,115,197
11/03/2018,HEF,VA,AEA,EN,Towers with Radar,0,17,20,0,37,0,11,44,0,55,0,28,64,0,92,102,0,102,194
11/04/2018,HEF,VA,AEA,EN,Towers with Radar,0,12,57,0,69,0,46,169,0,215,0,58,226,0,284,204,0,204,488
11/05/2018,HEF,VA,AEA,EN,Towers with Radar,0,9,21,0,30,0,0,0,0,0,0,9,21,0,30,0,0,0,30
11/06/2018,HEF,VA,AEA,EN,Towers with Radar,0,12,32,0,44,0,5,0,0,5,0,17,32,0,49,32,0,32,81
11/07/2018,HEF,VA,AEA,EN,Towers with Radar,0,17,50,2,69,0,33,76,0,109,0,50,126,2,178,142,0,142,320
11/08/2018,HEF,VA,AEA,EN,Towers with Radar,1,11,42,0,54,0,26,105,0,131,1,37,147,0,185,101,0,101,286
11/09/2018,HEF,VA,AEA,EN,Towers with Radar,1,16,35,1,53,0,0,8,0,8,1,16,43,1,61,45,0,45,106
11/10/2018,HEF,VA,AEA,EN,Towers with Radar,0,14,31,0,45,0,13,21,0,34,0,27,52,0,79,12,0,12,91
11/11/2018,HEF,VA,AEA,EN,Towers with Radar,0,8,42,0,50,0,37,181,0,218,0,45,223,0,268,0,0,0,268
11/12/2018,HEF,VA,AEA,EN,Towers with Radar,0,6,48,1,55,0,25,95,1,121,0,31,143,2,176,113,0,113,289
11/13/2018,HEF,VA,AEA,EN,Towers with Radar,0,15,36,0,51,0,15,26,0,41,0,30,62,0,92,28,12,40,132
11/14/2018,HEF,VA,AEA,EN,Towers with Radar,0,9,60,0,69,0,14,84,0,98,0,23,144,0,167,138,0,138,305
11/15/2018,HEF,VA,AEA,EN,Towers with Radar,0,7,26,0,33,0,0,0,0,0,0,7,26,0,33,0,0,0,33
11/16/2018,HEF,VA,AEA,EN,Towers with Radar,0,17,53,6,76,0,23,73,0,96,0,40,126,6,172,103,0,103,275
11/17/2018,HEF,VA,AEA,EN,Towers with Radar,0,11,40,0,51,0,37,131,1,169,0,48,171,1,220,247,0,247,467
11/18/2018,HEF,VA,AEA,EN,Towers with Radar,0,17,37,4,58,0,21,102,0,123,0,38,139,4,181,255,0,255,436
11/19/2018,HEF,VA,AEA,EN,Towers with Radar,0,7,34,0,41,0,18,78,1,97,0,25,112,1,138,184,0,184,322
11/20/2018,HEF,VA,AEA,EN,Towers with Radar,0,18,36,0,54,0,34,58,0,92,0,52,94,0,146,0,0,0,146
11/21/2018,HEF,VA,AEA,EN,Towers with Radar,0,17,57,0,74,0,21,82,0,103,0,38,139,0,177,102,0,102,279
11/22/2018,HEF,VA,AEA,EN,Towers with Radar,0,4,15,0,19,0,3,11,0,14,0,7,26,0,33,0,0,0,33
11/23/2018,HEF,VA,AEA,EN,Towers with Radar,0,6,20,1,27,0,24,41,2,67,0,30,61,3,94,52,0,52,146
11/24/2018,HEF,VA,AEA,EN,Towers with Radar,0,10,8,0,18,0,0,2,0,2,0,10,10,0,20,0,0,0,20
11/25/2018,HEF,VA,AEA,EN,Towers with Radar,0,14,76,0,90,0,28,151,0,179,0,42,227,0,269,226,0,226,495
11/26/2018,HEF,VA,AEA,EN,Towers with Radar,0,2,32,0,34,0,2,1,0,3,0,4,33,0,37,6,0,6,43
11/27/2018,HEF,VA,AEA,EN,Towers with Radar,0,5,30,0,35,0,17,26,3,46,0,22,56,3,81,14,6,20,101
11/28/2018,HEF,VA,AEA,EN,Towers with Radar,0,8,38,0,46,0,4,1,0,5,0,12,39,0,51,0,0,0,51
11/29/2018,HEF,VA,AEA,EN,Towers with Radar,0,10,55,0,65,0,34,80,0,114,0,44,135,0,179,57,0,57,236
11/30/2018,HEF,VA,AEA,EN,Towers with Radar,0,17,36,8,61,0,18,62,2,82,0,35,98,10,143,112,2,114,257
12/01/2018,HEF,VA,AEA,EN,Towers with Radar,0,10,16,7,33,0,0,1,0,1,0,10,17,7,34,10,0,10,44
12/02/2018,HEF,VA,AEA,EN,Towers with Radar,0,13,34,3,50,0,1,4,0,5,0,14,38,3,55,0,0,0,55
12/03/2018,HEF,VA,AEA,EN,Towers with Radar,0,6,47,0,53,0,17,50,0,67,0,23,97,0,120,80,0,80,200
12/04/2018,HEF,VA,AEA,EN,Towers with Radar,0,10,37,0,47,0,20,60,0,80,0,30,97,0,127,103,0,103,230
12/05/2018,HEF,VA,AEA,EN,Towers with Radar,0,19,42,0,61,0,11,20,0,31,0,30,62,0,92,104,0,104,196
12/06/2018,HEF,VA,AEA,EN,Towers with Radar,0,16,35,0,51,0,33,72,0,105,0,49,107,0,156,110,0,110,266
12/07/2018,HEF,VA,AEA,EN,Towers with Radar,0,14,44,0,58,0,17,66,0,83,0,31,110,0,141,132,0,132,273
12/08/2018,HEF,VA,AEA,EN,Towers with Radar,0,11,40,0,51,0,36,159,0,195,0,47,199,0,246,189,0,189,435
12/09/2018,HEF,VA,AEA,EN,Towers with Radar,0,5,34,1,40,0,11,60,0,71,0,16,94,1,111,145,0,145,256
12/10/2018,HEF,VA,AEA,EN,Towers with Radar,0,11,33,2,46,0,23,70,0,93,0,34,103,2,139,87,0,87,226
12/11/2018,HEF,VA,AEA,EN,Towers with Radar,0,17,44,3,64,0,14,75,1,90,0,31,119,4,154,120,0,120,274
12/12/2018,HEF,VA,AEA,EN,Towers with Radar,1,15,52,0,68,0,24,74,0,98,1,39,126,0,166,168,0,168,334
12/13/2018,HEF,VA,AEA,EN,Towers with Radar,0,17,51,0,68,0,22,84,1,107,0,39,135,1,175,192,0,192,367
12/14/2018,HEF,VA,AEA,EN,Towers with Radar,0,20,42,0,62,0,21,36,0,57,0,41,78,0,119,86,0,86,205
12/15/2018,HEF,VA,AEA,EN,Towers with Radar,0,13,27,1,41,0,0,0,0,0,0,13,27,1,41,0,0,0,41
12/16/2018,HEF,VA,AEA,EN,Towers with Radar,0,5,26,0,31,0,2,0,0,2,0,7,26,0,33,0,0,0,33
12/17/2018,HEF,VA,AEA,EN,Towers with Radar,0,11,42,3,56,0,25,62,0,87,0,36,104,3,143,89,0,89,232
12/18/2018,HEF,VA,AEA,EN,Towers with Radar,0,13,35,0,48,0,25,78,0,103,0,38,113,0,151,73,0,73,224
12/19/2018,HEF,VA,AEA,EN,Towers with Radar,0,10,39,1,50,0,30,115,1,146,0,40,154,2,196,159,0,159,355
12/20/2018,HEF,VA,AEA,EN,Towers with Radar,0,11,40,0,51,0,5,12,0,17,0,16,52,0,68,38,0,38,106
12/21/2018,HEF,VA,AEA,EN,Towers with Radar,0,12,18,0,30,0,4,2,0,6,0,16,20,0,36,10,0,10,46
12/22/2018,HEF,VA,AEA,EN,Towers with Radar,0,18,21,0,39,0,15,19,0,34,0,33,40,0,73,8,0,8,81
12/23/2018,HEF,VA,AEA,EN,Towers with Radar,0,6,28,0,34,0,30,88,1,119,0,36,116,1,153,152,0,152,305
12/24/2018,HEF,VA,AEA,EN,Towers with Radar,0,3,13,0,16,0,10,28,0,38,0,13,41,0,54,39,0,39,93
12/25/2018,HEF,VA,AEA,EN,Towers with Radar,0,6,8,0,14,0,6,23,0,29,0,12,31,0,43,6,0,6,49
12/26/2018,HEF,VA,AEA,EN,Towers with Radar,0,5,35,0,40,0,17,70,1,88,0,22,105,1,128,80,0,80,208
12/27/2018,HEF,VA,AEA,EN,Towers with Radar,0,10,18,0,28,0,30,78,0,108,0,40,96,0,136,113,0,113,249
12/28/2018,HEF,VA,AEA,EN,Towers with Radar,0,15,11,0,26,0,0,0,0,0,0,15,11,0,26,0,0,0,26
12/29/2018,HEF,VA,AEA,EN,Towers with Radar,0,20,34,0,54,0,28,84,0,112,0,48,118,0,166,107,0,107,273
12/30/2018,HEF,VA,AEA,EN,Towers with Radar,0,10,27,0,37,0,32,91,0,123,0,42,118,0,160,182,0,182,342
12/31/2018,HEF,VA,AEA,EN,Towers with Radar,0,2,1,0,3,0,0,0,0,0,0,2,1,0,3,0,0,0,3
01/01/2019,HEF,VA,AEA,EN,Towers with Radar,0,9,14,0,23,0,7,28,0,35,0,16,42,0,58,43,0,43,101
01/02/2019,HEF,VA,AEA,EN,Towers with Radar,0,6,17,0,23,0,17,25,0,42,0,23,42,0,65,142,0,142,207
01/03/2019,HEF,VA,AEA,EN,Towers with Radar,0,17,11,0,28,0,19,63,0,82,0,36,74,0,110,101,0,101,211
01/04/2019,HEF,VA,AEA,EN,Towers with Radar,0,9,30,0,39,0,3,11,0,14,0,12,41,0,53,126,0,126,179
01/05/2019,HEF,VA,AEA,EN,Towers with Radar,0,17,21,0,38,0,6,4,2,12,0,23,25,2,50,21,0,21,71
01/06/2019,HEF,VA,AEA,EN,Towers with Radar,0,10,32,0,42,0,30,99,1,130,0,40,131,1,172,188,2,190,362
01/07/2019,HEF,VA,AEA,EN,Towers with Radar,0,11,27,0,38,0,18,71,2,91,0,29,98,2,129,69,0,69,198
01/08/2019,HEF,VA,AEA,EN,Towers with Radar,0,5,34,0,39,0,33,50,1,84,0,38,84,1,123,99,0,99,222
01/09/2019,HEF,VA,AEA,EN,Towers with Radar,0,11,26,0,37,0,9,24,0,33,0,20,50,0,70,33,0,33,103
01/10/2019,HEF,VA,AEA,EN,Towers with Radar,0,9,27,0,36,0,4,12,0,16,0,13,39,0,52,4,0,4,56
01/11/2019,HEF,VA,AEA,EN,Towers with Radar,0,17,23,1,41,0,25,82,3,110,0,42,105,4,151,74,0,74,225
01/12/2019,HEF,VA,AEA,EN,Towers with Radar,0,7,9,2,18,0,7,60,0,67,0,14,69,2,85,176,0,176,261
01/13/2019,HEF,VA,AEA,EN,Towers with Radar,0,1,12,0,13,0,0,0,0,0,0,1,12,0,13,0,0,0,13
01/14/2019,HEF,VA,AEA,EN,Towers with Radar,0,8,28,2,38,0,2,16,0,18,0,10,44,2,56,0,0,0,56
01/15/2019,HEF,VA,AEA,EN,Towers with Radar,0,10,26,1,37,0,15,37,2,54,0,25,63,3,91,110,0,110,201
01/16/2019,HEF,VA,AEA,EN,Towers with Radar,0,7,29,2,38,0,15,61,3,79,0,22,90,5,117,130,0,130,247
01/17/2019,HEF,VA,AEA,EN,Towers with Radar,0,11,26,3,40,0,8,38,0,46,0,19,64,3,86,154,0,154,240
01/18/2019,HEF,VA,AEA,EN,Towers with Radar,0,8,20,1,29,0,0,1,0,1,0,8,21,1,30,0,0,0,30
01/19/2019,HEF,VA,AEA,EN,Towers with Radar,0,3,5,0,8,0,1,0,0,1,0,4,5,0,9,2,0,2,11
01/20/2019,HEF,VA,AEA,EN,Towers with Radar,0,3,10,0,13,0,0,0,0,0,0,3,10,0,13,0,0,0,13
01/21/2019,HEF,VA,AEA,EN,Towers with Radar,0,12,22,0,34,0,4,7,0,11,0,16,29,0,45,2,0,2,47
01/22/2019,HEF,VA,AEA,EN,Towers with Radar,0,11,41,2,54,0,25,94,0,119,0,36,135,2,173,150,0,150,323
01/23/2019,HEF,VA,AEA,EN,Towers with Radar,0,8,20,0,28,0,5,21,1,27,0,13,41,1,55,64,0,64,119
01/24/2019,HEF,VA,AEA,EN,Towers with Radar,0,6,23,0,29,0,1,2,0,3,0,7,25,0,32,6,0,6,38
01/25/2019,HEF,VA,AEA,EN,Towers with Radar,0,24,44,1,69,0,25,91,2,118,0,49,135,3,187,158,0,158,345
01/26/2019,HEF,VA,AEA,EN,Towers with Radar,0,13,28,0,41,0,32,123,0,155,0,45,151,0,196,232,0,232,428
01/27/2019,HEF,VA,AEA,EN,Towers with Radar,0,5,27,0,32,0,36,102,1,139,0,41,129,1,171,236,0,236,407
01/28/2019,HEF,VA,AEA,EN,Towers with Radar,0,12,36,2,50,0,19,84,3,106,0,31,120,5,156,0,0,0,156
01/29/2019,HEF,VA,AEA,EN,Towers with Radar,0,5,27,0,32,0,2,10,0,12,0,7,37,0,44,2,0,2,46
01/30/2019,HEF,VA,AEA,EN,Towers with Radar,0,7,25,0,32,0,1,5,2,8,0,8,30,2,40,2,2,4,44
01/31/2019,HEF,VA,AEA,EN,Towers with Radar,0,7,34,1,42,0,27,56,2,85,0,34,90,3,127,92,2,94,221
02/01/2019,HEF,VA,AEA,EN,Towers with Radar,0,7,13,0,20,0,3,4,0,7,0,10,17,0,27,22,0,22,49
02/02/2019,HEF,VA,AEA,EN,Towers with Radar,0,10,28,1,39,0,37,114,1,152,0,47,142,2,191,146,0,146,337
02/03/2019,HEF,VA,AEA,EN,Towers with Radar,0,7,29,0,36,0,32,129,0,161,0,39,158,0,197,0,0,0,197
02/04/2019,HEF,VA,AEA,EN,Towers with Radar,0,10,37,0,47,0,16,64,0,80,0,26,101,0,127,191,0,191,318
02/05/2019,HEF,VA,AEA,EN,Towers with Radar,0,17,48,0,65,0,26,82,1,109,0,43,130,1,174,89,0,89,263
02/06/2019,HEF,VA,AEA,EN,Towers with Radar,0,20,58,2,80,0,13,27,1,41,0,33,85,3,121,185,0,185,306
02/07/2019,HEF,VA,AEA,EN,Towers with Radar,0,18,45,0,63,0,0,5,0,5,0,18,50,0,68,28,0,28,96
02/08/2019,HEF,VA,AEA,EN,Towers with Radar,0,11,31,0,42,0,4,16,0,20,0,15,47,0,62,18,0,18,80
02/09/2019,HEF,VA,AEA,EN,Towers with Radar,0,7,32,0,39,0,26,89,0,115,0,33,121,0,154,179,0,179,333
02/10/2019,HEF,VA,AEA,EN,Towers with Radar,0,15,29,0,44,0,35,125,0,160,0,50,154,0,204,186,0,186,390
02/11/2019,HEF,VA,AEA,EN,Towers with Radar,0,4,10,0,14,0,0,0,0,0,0,4,10,0,14,0,0,0,14
02/12/2019,HEF,VA,AEA,EN,Towers with Radar,0,7,7,0,14,0,0,0,0,0,0,7,7,0,14,0,0,0,14
02/13/2019,HEF,VA,AEA,EN,Towers with Radar,0,14,36,0,50,0,7,38,5,50,0,21,74,5,100,0,0,0,100
02/14/2019,HEF,VA,AEA,EN,Towers with Radar,0,21,37,0,58,0,33,110,2,145,0,54,147,2,203,0,0,0,203
02/15/2019,HEF,VA,AEA,EN,Towers with Radar,0,21,44,2,67,0,21,54,0,75,0,42,98,2,142,97,0,97,239
02/16/2019,HEF,VA,AEA,EN,Towers with Radar,0,11,19,0,30,0,30,96,1,127,0,41,115,1,157,164,0,164,321
02/17/2019,HEF,VA,AEA,EN,Towers with Radar,0,12,21,0,33,0,5,73,0,78,0,17,94,0,111,124,0,124,235
02/18/2019,HEF,VA,AEA,EN,Towers with Radar,0,12,33,0,45,0,6,24,0,30,0,18,57,0,75,94,0,94,169
02/19/2019,HEF,VA,AEA,EN,Towers with Radar,0,17,44,0,61,0,28,85,5,118,0,45,129,5,179,213,0,213,392
02/20/2019,HEF,VA,AEA,EN,Towers with Radar,0,6,6,0,12,0,0,0,0,0,0,6,6,0,12,0,0,0,12
02/21/2019,HEF,VA,AEA,EN,Towers with Radar,0,14,39,0,53,0,14,33,1,48,0,28,72,1,101,103,2,105,206
02/22/2019,HEF,VA,AEA,EN,Towers with Radar,0,11,33,2,46,0,38,91,1,130,0,49,124,3,176,190,0,190,366
02/23/2019,HEF,VA,AEA,EN,Towers with Radar,0,10,15,0,25,0,9,7,0,16,0,19,22,0,41,58,0,58,99
02/24/2019,HEF,VA,AEA,EN,Towers with Radar,0,9,21,1,31,0,2,2,0,4,0,11,23,1,35,32,0,32,67
02/25/2019,HEF,VA,AEA,EN,Towers with Radar,0,2,26,1,29,0,2,7,1,10,0,4,33,2,39,0,0,0,39
02/26/2019,HEF,VA,AEA,EN,Towers with Radar,0,17,46,2,65,0,29,101,1,131,0,46,147,3,196,230,0,230,426
02/27/2019,HEF,VA,AEA,EN,Towers with Radar,0,14,41,2,57,0,25,66,0,91,0,39,107,2,148,293,0,293,441
02/28/2019,HEF,VA,AEA,EN,Towers with Radar,0,16,47,0,63,0,28,76,0,104,0,44,123,0,167,182,0,182,349
03/01/2019,HEF,VA,AEA,EN,Towers with Radar,0,12,16,0,28,0,1,3,0,4,0,13,19,0,32,6,0,6,38
03/02/2019,HEF,VA,AEA,EN,Towers with Radar,0,10,21,0,31,0,12,44,0,56,0,22,65,0,87,326,0,326,413
03/03/2019,HEF,VA,AEA,EN,Towers with Radar,0,19,12,0,31,0,0,0,0,0,0,19,12,0,31,24,0,24,55
03/04/2019,HEF,VA,AEA,EN,Towers with Radar,0,2,34,2,38,0,18,66,2,86,0,20,100,4,124,136,0,136,260
03/05/2019,HEF,VA,AEA,EN,Towers with Radar,0,15,39,5,59,0,19,82,1,102,0,34,121,6,161,107,0,107,268
03/06/2019,HEF,VA,AEA,EN,Towers with Radar,0,14,31,2,47,0,19,58,4,81,0,33,89,6,128,103,0,103,231
03/07/2019,HEF,VA,AEA,EN,Towers with Radar,0,14,37,2,53,0,30,85,0,115,0,44,122,2,168,136,0,136,304
03/08/2019,HEF,VA,AEA,EN,Towers with Radar,0,17,32,2,51,0,7,7,0,14,0,24,39,2,65,26,0,26,91
03/09/2019,HEF,VA,AEA,EN,Towers with Radar,0,8,22,0,30,0,2,8,0,10,0,10,30,0,40,256,0,256,296
03/10/2019,HEF,VA,AEA,EN,Towers with Radar,0,19,35,2,56,0,10,34,0,44,0,29,69,2,100,59,0,59,159
03/11/2019,HEF,VA,AEA,EN,Towers with Radar,0,7,31,1,39,0,31,71,0,102,0,38,102,1,141,183,0,183,324
03/12/2019,HEF,VA,AEA,EN,Towers with Radar,0,16,39,3,58,0,30,79,2,111,0,46,118,5,169,115,4,119,288
03/13/2019,HEF,VA,AEA,EN,Towers with Radar,0,20,45,2,67,0,31,98,0,129,0,51,143,2,196,92,0,92,288
03/14/2019,HEF,VA,AEA,EN,Towers with Radar,0,10,31,0,41,0,29,49,1,79,0,39,80,1,120,94,0,94,214
03/15/2019,HEF,VA,AEA,EN,Towers with Radar,0,15,18,4,37,0,12,12,1,25,0,27,30,5,62,6,0,6,68
03/16/2019,HEF,VA,AEA,EN,Towers with Radar,0,19,29,0,48,0,17,51,0,68,0,36,80,0,116,28,0,28,144
03/17/2019,HEF,VA,AEA,EN,Towers with Radar,0,9,40,2,51,0,48,189,0,237,0,57,229,2,288,239,0,239,527
03/18/2019,HEF,VA,AEA,EN,Towers with Radar,0,9,22,2,33,0,24,71,2,97,0,33,93,4,130,189,0,189,319
03/19/2019,HEF,VA,AEA,EN,Towers with Radar,0,19,23,0,42,0,27,111,1,139,0,46,134,1,181,155,0,155,336
03/20/2019,HEF,VA,AEA,EN,Towers with Radar,0,14,28,1,43,0,22,116,0,138,0,36,144,1,181,202,0,202,383
03/21/2019,HEF,VA,AEA,EN,Towers with Radar,0,12,27,0,39,0,0,0,0,0,0,12,27,0,39,0,0,0,39
03/22/2019,HEF,VA,AEA,EN,Towers with Radar,0,12,39,4,55,0,3,11,1,15,0,15,50,5,70,2,0,2,72
03/23/2019,HEF,VA,AEA,EN,Towers with Radar,0,13,23,0,36,0,23,37,0,60,0,36,60,0,96,15,0,15,111
03/24/2019,HEF,VA,AEA,EN,Towers with Radar,0,10,51,2,63,0,62,182,0,244,0,72,233,2,307,170,0,170,477
03/25/2019,HEF,VA,AEA,EN,Towers with Radar,0,9,34,1,44,0,10,55,1,66,0,19,89,2,110,48,0,48,158
03/26/2019,HEF,VA,AEA,EN,Towers with Radar,0,11,36,0,47,0,35,60,5,100,0,46,96,5,147,154,7,161,308
03/27/2019,HEF,VA,AEA,EN,Towers with Radar,0,10,46,1,57,0,32,111,1,144,0,42,157,2,201,118,0,118,319
03/28/2019,HEF,VA,AEA,EN,Towers with Radar,0,14,60,0,74,0,37,104,2,143,0,51,164,2,217,0,0,0,217
03/29/2019,HEF,VA,AEA,EN,Towers with Radar,0,18,51,1,70,0,44,122,0,166,0,62,173,1,236,226,0,226,462
03/30/2019,HEF,VA,AEA,EN,Towers with Radar,0,9,35,0,44,0,39,106,0,145,0,48,141,0,189,112,0,112,301
03/31/2019,HEF,VA,AEA,EN,Towers with Radar,0,6,27,2,35,0,6,17,1,24,0,12,44,3,59,0,0,0,59
04/01/2019,HEF,VA,AEA,EN,Towers with Radar,0,5,34,2,41,0,13,65,2,80,0,18,99,4,121,100,0,100,221
04/02/2019,HEF,VA,AEA,EN,Towers with Radar,0,17,35,0,52,0,16,65,1,82,0,33,100,1,134,179,0,179,313
04/03/2019,HEF,VA,AEA,EN,Towers with Radar,0,13,45,2,60,0,15,67,1,83,0,28,112,3,143,110,0,110,253
04/04/2019,HEF,VA,AEA,EN,Towers with Radar,0,13,40,1,54,0,28,86,3,117,0,41,126,4,171,230,0,230,401
04/05/2019,HEF,VA,AEA,EN,Towers with Radar,0,19,34,5,58,0,4,2,1,7,0,23,36,6,65,46,0,46,111
04/06/2019,HEF,VA,AEA,EN,Towers with Radar,0,17,36,0,53,0,18,94,2,114,0,35,130,2,167,185,0,185,352
04/07/2019,HEF,VA,AEA,EN,Towers with Radar,0,12,52,0,64,0,41,102,1,144,0,53,154,1,208,0,0,0,208
04/08/2019,HEF,VA,AEA,EN,Towers with Radar,0,4,33,0,37,0,16,51,2,69,0,20,84,2,106,92,0,92,198
04/09/2019,HEF,VA,AEA,EN,Towers with Radar,0,14,28,2,44,0,32,102,0,134,0,46,130,2,178,212,0,212,390
04/10/2019,HEF,VA,AEA,EN,Towers with Radar,0,15,55,0,70,0,19,84,1,104,0,34,139,1,174,198,0,198,372
04/11/2019,HEF,VA,AEA,EN,Towers with Radar,0,25,36,1,62,0,27,83,3,113,0,52,119,4,175,115,0,115,290
04/12/2019,HEF,VA,AEA,EN,Towers with Radar,0,20,37,0,57,0,1,10,0,11,0,21,47,0,68,58,0,58,126
04/13/2019,HEF,VA,AEA,EN,Towers with Radar,0,10,29,0,39,0,30,100,0,130,0,40,129,0,169,187,0,187,356
04/14/2019,HEF,VA,AEA,EN,Towers with Radar,0,12,32,0,44,0,3,2,0,5,0,15,34,0,49,0,0,0,49
04/15/2019,HEF,VA,AEA,EN,Towers with Radar,0,9,29,0,38,0,0,8,3,11,0,9,37,3,49,0,0,0,49
04/16/2019,HEF,VA,AEA,EN,Towers with Radar,0,21,42,0,63,0,34,103,4,141,0,55,145,4,204,72,0,72,276
04/17/2019,HEF,VA,AEA,EN,Towers with Radar,0,15,44,0,59,0,19,74,0,93,0,34,118,0,152,146,0,146,298
04/18/2019,HEF,VA,AEA,EN,Towers with Radar,0,21,48,0,69,0,22,55,1,78,0,43,103,1,147,239,0,239,386
04/19/2019,HEF,VA,AEA,EN,Towers with Radar,0,8,10,0,18,0,1,6,0,7,0,9,16,0,25,44,0,44,69
04/20/2019,HEF,VA,AEA,EN,Towers with Radar,0,16,29,0,45,0,20,32,0,52,0,36,61,0,97,88,0,88,185
04/21/2019,HEF,VA,AEA,EN,Towers with Radar,0,12,51,1,64,0,24,100,0,124,0,36,151,1,188,0,0,0,188
04/22/2019,HEF,VA,AEA,EN,Towers with Radar,0,9,45,1,55,0,21,96,0,117,0,30,141,1,172,74,0,74,246
04/23/2019,HEF,VA,AEA,EN,Towers with Radar,0,13,48,1,62,0,37,132,3,172,0,50,180,4,234,200,0,200,434
04/24/2019,HEF,VA,AEA,EN,Towers with Radar,0,12,37,0,49,0,24,76,3,103,0,36,113,3,152,88,0,88,240
04/25/2019,HEF,VA,AEA,EN,Towers with Radar,0,13,37,1,51,0,39,62,3,104,0,52,99,4,155,121,5,126,281
04/26/2019,HEF,VA,AEA,EN,Towers with Radar,0,16,29,0,45,0,7,9,0,16,0,23,38,0,61,8,0,8,69
04/27/2019,HEF,VA,AEA,EN,Towers with Radar,0,24,42,0,66,0,14,17,0,31,0,38,59,0,97,16,2,18,115
04/28/2019,HEF,VA,AEA,EN,Towers with Radar,0,3,43,0,46,0,21,76,1,98,0,24,119,1,144,95,0,95,239
04/29/2019,HEF,VA,AEA,EN,Towers with Radar,0,9,50,0,59,0,15,88,0,103,0,24,138,0,162,166,0,166,328
04/30/2019,HEF,VA,AEA,EN,Towers with Radar,0,12,47,0,59,0,26,62,1,89,0,38,109,1,148,162,0,162,310
05/01/2019,HEF,VA,AEA,EN,Towers with Radar,0,12,62,1,75,0,0,2,1,3,0,12,64,2,78,2,0,2,80
05/02/2019,HEF,VA,AEA,EN,Towers with Radar,0,8,42,0,50,0,25,75,1,101,0,33,117,1,151,112,0,112,263
05/03/2019,HEF,VA,AEA,EN,Towers with Radar,0,15,25,0,40,0,21,15,1,37,0,36,40,1,77,117,0,117,194
05/04/2019,HEF,VA,AEA,EN,Towers with Radar,0,7,26,0,33,0,3,14,2,19,0,10,40,2,52,48,0,48,100
05/05/2019,HEF,VA,AEA,EN,Towers with Radar,0,16,27,2,45,0,0,0,0,0,0,16,27,2,45,0,0,0,45
05/06/2019,HEF,VA,AEA,EN,Towers with Radar,0,9,40,0,49,0,27,78,2,107,0,36,118,2,156,155,0,155,311
05/07/2019,HEF,VA,AEA,EN,Towers with Radar,0,20,55,2,77,0,32,91,0,123,0,52,146,2,200,186,0,186,386
05/08/2019,HEF,VA,AEA,EN,Towers with Radar,0,20,51,0,71,0,11,12,3,26,0,31,63,3,97,64,0,64,161
05/09/2019,HEF,VA,AEA,EN,Towers with Radar,0,15,51,3,69,0,18,37,1,56,0,33,88,4,125,136,0,136,261
05/10/2019,HEF,VA,AEA,EN,Towers with Radar,0,15,41,5,61,0,22,35,0,57,0,37,76,5,118,63,3,66,184
05/11/2019,HEF,VA,AEA,EN,Towers with Radar,1,14,31,0,46,0,39,61,0,100,1,53,92,0,146,185,0,185,331
05/12/2019,HEF,VA,AEA,EN,Towers with Radar,0,11,20,3,34,0,0,0,0,0,0,11,20,3,34,0,0,0,34
05/13/2019,HEF,VA,AEA,EN,Towers with Radar,0,8,44,1,53,0,3,5,0,8,0,11,49,1,61,20,12,32,93
05/14/2019,HEF,VA,AEA,EN,Towers with Radar,0,13,41,1,55,0,24,61,0,85,0,37,102,1,140,85,0,85,225
05/15/2019,HEF,VA,AEA,EN,Towers with Radar,0,15,52,3,70,0,29,115,1,145,0,44,167,4,215,220,0,220,435
05/16/2019,HEF,VA,AEA,EN,Towers with Radar,0,20,51,1,72,0,36,66,1,103,0,56,117,2,175,150,0,150,325
05/17/2019,HEF,VA,AEA,EN,Towers with Radar,0,15,39,2,56,0,21,55,0,76,0,36,94,2,132,136,0,136,268
05/18/2019,HEF,VA,AEA,EN,Towers with Radar,0,22,33,2,57,0,22,107,0,129,0,44,140,2,186,84,0,84,270
05/19/2019,HEF,VA,AEA,EN,Towers with Radar,0,12,47,0,59,0,12,94,0,106,0,24,141,0,165,132,0,132,297
05/20/2019,HEF,VA,AEA,EN,Towers with Radar,0,5,52,0,57,0,6,60,3,69,0,11,112,3,126,84,0,84,210
05/21/2019,HEF,VA,AEA,EN,Towers with Radar,0,12,50,3,65,0,29,96,3,128,0,41,146,6,193,76,0,76,269
05/22/2019,HEF,VA,AEA,EN,Towers with Radar,0,16,53,8,77,0,23,91,1,115,0,39,144,9,192,134,0,134,326
05/23/2019,HEF,VA,AEA,EN,Towers with Radar,0,17,46,0,63,0,16,48,4,68,0,33,94,4,131,154,0,154,285
05/24/2019,HEF,VA,AEA,EN,Towers with Radar,0,14,44,0,58,0,21,90,0,111,0,35,134,0,169,159,0,159,328
05/25/2019,HEF,VA,AEA,EN,Towers with Radar,0,9,26,0,35,0,22,91,0,113,0,31,117,0,148,178,0,178,326
05/26/2019,HEF,VA,AEA,EN,Towers with Radar,0,7,26,0,33,0,17,58,0,75,0,24,84,0,108,0,0,0,108
05/27/2019,HEF,VA,AEA,EN,Towers with Radar,0,10,46,0,56,0,26,90,4,120,0,36,136,4,176,118,0,118,294
05/28/2019,HEF,VA,AEA,EN,Towers with Radar,0,7,38,0,45,0,20,49,2,71,0,27,87,2,116,79,0,79,195
05/29/2019,HEF,VA,AEA,EN,Towers with Radar,0,10,32,0,42,0,18,60,1,79,0,28,92,1,121,200,0,200,321
05/30/2019,HEF,VA,AEA,EN,Towers with Radar,0,10,35,1,46,0,13,55,0,68,0,23,90,1,114,84,0,84,198
05/31/2019,HEF,VA,AEA,EN,Towers with Radar,0,7,26,3,36,0,17,90,1,108,0,24,116,4,144,193,0,193,337
06/01/2019,HEF,VA,AEA,EN,Towers with Radar,0,14,26,0,40,0,19,114,0,133,0,33,140,0,173,164,0,164,337
06/02/2019,HEF,VA,AEA,EN,Towers with Radar,0,6,29,3,38,0,25,54,0,79,0,31,83,3,117,135,0,135,252
06/03/2019,HEF,VA,AEA,EN,Towers with Radar,0,11,40,4,55,0,20,57,3,80,0,31,97,7,135,53,0,53,188
06/04/2019,HEF,VA,AEA,EN,Towers with Radar,0,12,41,0,53,0,27,93,3,123,0,39,134,3,176,138,0,138,314
06/05/2019,HEF,VA,AEA,EN,Towers with Radar,0,11,43,2,56,0,14,32,0,46,0,25,75,2,102,114,0,114,216
06/06/2019,HEF,VA,AEA,EN,Towers with Radar,0,11,40,2,53,0,33,47,1,81,0,44,87,3,134,93,0,93,227
06/07/2019,HEF,VA,AEA,EN,Towers with Radar,0,15,25,3,43,0,26,42,0,68,0,41,67,3,111,219,0,219,330
06/08/2019,HEF,VA,AEA,EN,Towers with Radar,0,18,28,0,46,0,42,91,0,133,0,60,119,0,179,133,0,133,312
06/09/2019,HEF,VA,AEA,EN,Towers with Radar,0,12,37,3,52,0,1,0,0,1,0,13,37,3,53,40,0,40,93
06/10/2019,HEF,VA,AEA,EN,Towers with Radar,0,6,29,0,35,0,0,0,0,0,0,6,29,0,35,0,0,0,35
06/11/2019,HEF,VA,AEA,EN,Towers with Radar,0,10,40,1,51,0,20,47,0,67,0,30,87,1,118,79,0,79,197
06/12/2019,HEF,VA,AEA,EN,Towers with Radar,0,15,48,2,65,0,27,88,0,115,0,42,136,2,180,187,0,187,367
06/13/2019,HEF,VA,AEA,EN,Towers with Radar,0,17,54,2,73,0,2,14,0,16,0,19,68,2,89,34,0,34,123
06/14/2019,HEF,VA,AEA,EN,Towers with Radar,0,12,45,5,62,0,15,57,0,72,0,27,102,5,134,66,0,66,200
06/15/2019,HEF,VA,AEA,EN,Towers with Radar,0,15,30,0,45,0,40,114,1,155,0,55,144,1,200,147,0,147,347
06/16/2019,HEF,VA,AEA,EN,Towers with Radar,0,8,38,2,48,0,19,77,2,98,0,27,115,4,146,150,6,156,302
06/17/2019,HEF,VA,AEA,EN,Towers with Radar,0,8,32,0,40,0,18,36,0,54,0,26,68,0,94,0,0,0,94
06/18/2019,HEF,VA,AEA,EN,Towers with Radar,0,12,47,0,59,0,20,32,2,54,0,32,79,2,113,157,0,157,270
06/19/2019,HEF,VA,AEA,EN,Towers with Radar,0,6,55,0,61,0,12,16,1,29,0,18,71,1,90,220,0,220,310
06/20/2019,HEF,VA,AEA,EN,Towers with Radar,0,10,31,0,41,0,16,44,0,60,0,26,75,0,101,112,0,112,213
06/21/2019,HEF,VA,AEA,EN,Towers with Radar,0,8,42,0,50,0,2,32,0,34,0,10,74,0,84,42,0,42,126
06/22/2019,HEF,VA,AEA,EN,Towers with Radar,0,10,45,0,55,0,49,127,0,176,0,59,172,0,231,195,0,195,426
06/23/2019,HEF,VA,AEA,EN,Towers with Radar,0,6,51,0,57,0,33,131,1,165,0,39,182,1,222,140,0,140,362
06/24/2019,HEF,VA,AEA,EN,Towers with Radar,0,13,24,2,39,0,26,64,3,93,0,39,88,5,132,13,0,13,145
06/25/2019,HEF,VA,AEA,EN,Towers with Radar,0,13,49,2,64,0,69,89,3,161,0,82,138,5,225,166,0,166,391
06/26/2019,HEF,VA,AEA,EN,Towers with Radar,0,25,47,0,72,0,27,90,3,120,0,52,137,3,192,120,0,120,312
06/27/2019,HEF,VA,AEA,EN,Towers with Radar,0,23,53,0,76,0,37,93,3,133,0,60,146,3,209,76,0,76,285
06/28/2019,HEF,VA,AEA,EN,Towers with Radar,0,17,41,0,58,0,34,85,1,120,0,51,126,1,178,212,0,212,390
06/29/2019,HEF,VA,AEA,EN,Towers with Radar,0,14,39,0,53,0,29,103,0,132,0,43,142,0,185,197,0,197,382
06/30/2019,HEF,VA,AEA,EN,Towers with Radar,0,5,34,2,41,0,21,69,0,90,0,26,103,2,131,157,0,157,288
07/01/2019,HEF,VA,AEA,EN,Towers with Radar,0,8,30,0,38,0,41,86,3,130,0,49,116,3,168,282,5,287,455
07/02/2019,HEF,VA,AEA,EN,Towers with Radar,0,11,28,0,39,0,43,44,0,87,0,54,72,0,126,135,0,135,261
07/03/2019,HEF,VA,AEA,EN,Towers with Radar,0,15,47,0,62,0,22,63,0,85,0,37,110,0,147,38,0,38,185
07/04/2019,HEF,VA,AEA,EN,Towers with Radar,0,4,10,0,14,0,11,22,4,37,0,15,32,4,51,54,0,54,105
07/05/2019,HEF,VA,AEA,EN,Towers with Radar,0,10,29,0,39,0,13,33,1,47,0,23,62,1,86,213,0,213,299
07/06/2019,HEF,VA,AEA,EN,Towers with Radar,0,17,30,0,47,0,36,44,0,80,0,53,74,0,127,181,0,181,308
07/07/2019,HEF,VA,AEA,EN,Towers with Radar,0,16,54,0,70,0,17,61,0,78,0,33,115,0,148,236,0,236,384
07/08/2019,HEF,VA,AEA,EN,Towers with Radar,0,5,35,1,41,0,0,2,0,2,0,5,37,1,43,0,0,0,43
07/09/2019,HEF,VA,AEA,EN,Towers with Radar,0,14,36,1,51,0,30,114,1,145,0,44,150,2,196,180,0,180,376
07/10/2019,HEF,VA,AEA,EN,Towers with Radar,0,17,45,1,63,0,13,77,2,92,0,30,122,3,155,170,0,170,325
07/11/2019,HEF,VA,AEA,EN,Towers with Radar,0,17,21,1,39,0,8,30,1,39,0,25,51,2,78,189,8,197,275
07/12/2019,HEF,VA,AEA,EN,Towers with Radar,0,18,38,0,56,0,26,77,1,104,0,44,115,1,160,208,0,208,368
07/13/2019,HEF,VA,AEA,EN,Towers with Radar,0,13,39,0,52,0,32,135,2,169,0,45,174,2,221,140,0,140,361
07/14/2019,HEF,VA,AEA,EN,Towers with Radar,0,9,41,0,50,0,31,88,0,119,0,40,129,0,169,166,0,166,335
07/15/2019,HEF,VA,AEA,EN,Towers with Radar,0,9,52,0,61,0,18,82,1,101,0,27,134,1,162,158,0,158,320
07/16/2019,HEF,VA,AEA,EN,Towers with Radar,0,17,43,0,60,0,26,78,2,106,0,43,121,2,166,139,11,150,316
07/17/2019,HEF,VA,AEA,EN,Towers with Radar,0,16,35,0,51,0,14,34,1,49,0,30,69,1,100,124,0,124,224
07/18/2019,HEF,VA,AEA,EN,Towers with Radar,0,20,58,0,78,0,34,62,1,97,0,54,120,1,175,212,0,212,387
07/19/2019,HEF,VA,AEA,EN,Towers with Radar,0,17,42,0,59,0,28,59,2,89,0,45,101,2,148,154,0,154,302
07/20/2019,HEF,VA,AEA,EN,Towers with Radar,0,14,19,0,33,0,35,69,0,104,0,49,88,0,137,93,0,93,230
07/21/2019,HEF,VA,AEA,EN,Towers with Radar,0,12,43,0,55,0,22,56,2,80,0,34,99,2,135,91,0,91,226
07/22/2019,HEF,VA,AEA,EN,Towers with Radar,0,6,34,0,40,0,15,40,0,55,0,21,74,0,95,59,0,59,154
07/23/2019,HEF,VA,AEA,EN,Towers with Radar,0,11,35,0,46,0,2,18,0,20,0,13,53,0,66,116,0,116,182
07/24/2019,HEF,VA,AEA,EN,Towers with Radar,0,9,40,0,49,0,17,69,3,89,0,26,109,3,138,220,0,220,358
07/25/2019,HEF,VA,AEA,EN,Towers with Radar,0,10,48,0,58,0,31,85,1,117,0,41,133,1,175,194,0,194,369
07/26/2019,HEF,VA,AEA,EN,Towers with Radar,0,17,37,0,54,0,31,61,0,92,0,48,98,0,146,198,0,198,344
07/27/2019,HEF,VA,AEA,EN,Towers with Radar,0,8,34,0,42,0,42,103,2,147,0,50,137,2,189,186,0,186,375
07/28/2019,HEF,VA,AEA,EN,Towers with Radar,0,7,41,0,48,0,29,90,0,119,0,36,131,0,167,146,0,146,313
07/29/2019,HEF,VA,AEA,EN,Towers with Radar,0,10,47,0,57,0,33,61,1,95,0,43,108,1,152,93,0,93,245
07/30/2019,HEF,VA,AEA,EN,Towers with Radar,0,9,25,2,36,0,34,59,0,93,0,43,84,2,129,119,0,119,248
07/31/2019,HEF,VA,AEA,EN,Towers with Radar,0,12,37,0,49,0,21,55,4,80,0,33,92,4,129,116,0,116,245
08/01/2019,HEF,VA,AEA,EN,Towers with Radar,0,10,38,0,48,0,23,52,0,75,0,33,90,0,123,60,0,60,183
08/02/2019,HEF,VA,AEA,EN,Towers with Radar,0,16,42,7,65,0,36,41,0,77,0,52,83,7,142,157,0,157,299
08/03/2019,HEF,VA,AEA,EN,Towers with Radar,0,12,29,0,41,0,34,63,0,97,0,46,92,0,138,189,0,189,327
08/04/2019,HEF,VA,AEA,EN,Towers with Radar,0,11,45,1,57,0,31,101,0,132,0,42,146,1,189,211,0,211,400
08/05/2019,HEF,VA,AEA,EN,Towers with Radar,0,4,35,0,39,0,28,46,1,75,0,32,81,1,114,119,0,119,233
08/06/2019,HEF,VA,AEA,EN,Towers with Radar,0,15,38,0,53,0,26,70,0,96,0,41,108,0,149,238,0,238,387
08/07/2019,HEF,VA,AEA,EN,Towers with Radar,0,17,29,0,46,0,20,53,1,74,0,37,82,1,120,131,0,131,251
08/08/2019,HEF,VA,AEA,EN,Towers with Radar,0,21,46,2,69,0,23,100,0,123,0,44,146,2,192,141,2,143,335
08/09/2019,HEF,VA,AEA,EN,Towers with Radar,0,13,41,0,54,0,20,64,0,84,0,33,105,0,138,54,0,54,192
08/10/2019,HEF,VA,AEA,EN,Towers with Radar,0,8,37,0,45,0,28,125,0,153,0,36,162,0,198,110,0,110,308
08/11/2019,HEF,VA,AEA,EN,Towers with Radar,0,5,37,0,42,0,19,92,0,111,0,24,129,0,153,137,32,169,322
08/12/2019,HEF,VA,AEA,EN,Towers with Radar,0,10,39,1,50,0,15,74,2,91,0,25,113,3,141,190,0,190,331
08/13/2019,HEF,VA,AEA,EN,Towers with Radar,0,10,18,0,28,0,10,24,0,34,0,20,42,0,62,168,0,168,230
08/14/2019,HEF,VA,AEA,EN,Towers with Radar,0,11,32,2,45,0,19,42,2,63,0,30,74,4,108,126,0,126,234
08/15/2019,HEF,VA,AEA,EN,Towers with Radar,0,17,45,2,64,0,3,20,2,25,0,20,65,4,89,110,0,110,199
08/16/2019,HEF,VA,AEA,EN,Towers with Radar,0,22,54,1,77,0,8,23,0,31,0,30,77,1,108,38,0,38,146
08/17/2019,HEF,VA,AEA,EN,Towers with Radar,0,17,47,1,65,0,49,112,0,161,0,66,159,1,226,82,0,82,308
08/18/2019,HEF,VA,AEA,EN,Towers with Radar,1,9,47,1,58,0,18,77,0,95,1,27,124,1,153,186,0,186,339
08/19/2019,HEF,VA,AEA,EN,Towers with Radar,0,4,50,0,54,0,16,74,4,94,0,20,124,4,148,179,0,179,327
08/20/2019,HEF,VA,AEA,EN,Towers with Radar,0,10,29,1,40,0,19,55,1,75,0,29,84,2,115,126,0,126,241
08/21/2019,HEF,VA,AEA,EN,Towers with Radar,0,13,30,1,44,0,15,62,4,81,0,28,92,5,125,63,10,73,198
08/22/2019,HEF,VA,AEA,EN,Towers with Radar,0,19,45,0,64,0,11,61,2,74,0,30,106,2,138,90,8,98,236
08/23/2019,HEF,VA,AEA,EN,Towers with Radar,0,15,58,1,74,0,4,4,0,8,0,19,62,1,82,26,0,26,108
08/24/2019,HEF,VA,AEA,EN,Towers with Radar,0,8,40,1,49,0,27,125,0,152,0,35,165,1,201,133,0,133,334
08/25/2019,HEF,VA,AEA,EN,Towers with Radar,0,9,52,1,62,0,26,91,0,117,0,35,143,1,179,0,0,0,179
08/26/2019,HEF,VA,AEA,EN,Towers with Radar,0,9,33,0,42,0,17,23,3,43,0,26,56,3,85,180,0,180,265
08/27/2019,HEF,VA,AEA,EN,Towers with Radar,0,17,38,3,58,0,5,26,4,35,0,22,64,7,93,205,2,207,300
08/28/2019,HEF,VA,AEA,EN,Towers with Radar,0,19,26,0,45,0,8,15,1,24,0,27,41,1,69,0,0,0,69
08/29/2019,HEF,VA,AEA,EN,Towers with Radar,0,12,35,4,51,0,28,127,3,158,0,40,162,7,209,76,8,84,293
08/30/2019,HEF,VA,AEA,EN,Towers with Radar,0,10,46,2,58,0,22,92,1,115,0,32,138,3,173,146,0,146,319
08/31/2019,HEF,VA,AEA,EN,Towers with Radar,0,8,41,0,49,0,26,128,0,154,0,34,169,0,203,123,0,123,326
09/01/2019,HEF,VA,AEA,EN,Towers with Radar,0,9,31,0,40,0,4,25,0,29,0,13,56,0,69,105,0,105,174
09/02/2019,HEF,VA,AEA,EN,Towers with Radar,0,4,48,0,52,0,8,39,0,47,0,12,87,0,99,139,0,139,238
09/03/2019,HEF,VA,AEA,EN,Towers with Radar,0,9,21,0,30,0,19,64,2,85,0,28,85,2,115,135,0,135,250
09/04/2019,HEF,VA,AEA,EN,Towers with Radar,0,12,54,0,66,0,12,52,3,67,0,24,106,3,133,127,29,156,289
09/05/2019,HEF,VA,AEA,EN,Towers with Radar,0,11,30,2,43,0,10,48,0,58,0,21,78,2,101,87,0,87,188
09/06/2019,HEF,VA,AEA,EN,Towers with Radar,0,13,26,0,39,0,11,31,0,42,0,24,57,0,81,28,0,28,109
09/07/2019,HEF,VA,AEA,EN,Towers with Radar,0,10,20,0,30,0,20,105,0,125,0,30,125,0,155,54,0,54,209
09/08/2019,HEF,VA,AEA,EN,Towers with Radar,0,4,38,0,42,0,12,107,0,119,0,16,145,0,161,160,0,160,321
09/09/2019,HEF,VA,AEA,EN,Towers with Radar,0,8,33,0,41,0,14,47,4,65,0,22,80,4,106,133,12,145,251
09/10/2019,HEF,VA,AEA,EN,Towers with Radar,0,10,40,0,50,0,19,84,0,103,0,29,124,0,153,127,0,127,280
09/11/2019,HEF,VA,AEA,EN,Towers with Radar,0,13,50,0,63,0,13,53,0,66,0,26,103,0,129,50,0,50,179
09/12/2019,HEF,VA,AEA,EN,Towers with Radar,0,18,48,3,69,0,10,61,3,74,0,28,109,6,143,169,0,169,312
09/13/2019,HEF,VA,AEA,EN,Towers with Radar,0,18,47,8,73,0,2,9,0,11,0,20,56,8,84,119,0,119,203
09/14/2019,HEF,VA,AEA,EN,Towers with Radar,0,12,32,1,45,0,14,31,0,45,0,26,63,1,90,225,0,225,315
09/15/2019,HEF,VA,AEA,EN,Towers with Radar,0,11,47,3,61,0,22,100,0,122,0,33,147,3,183,144,0,144,327
09/16/2019,HEF,VA,AEA,EN,Towers with Radar,0,7,57,5,69,0,22,57,2,81,0,29,114,7,150,114,0,114,264
09/17/2019,HEF,VA,AEA,EN,Towers with Radar,0,9,49,2,60,0,13,16,3,32,0,22,65,5,92,172,0,172,264
09/18/2019,HEF,VA,AEA,EN,Towers with Radar,0,15,42,4,61,0,23,69,4,96,0,38,111,8,157,174,2,176,333
09/19/2019,HEF,VA,AEA,EN,Towers with Radar,0,15,52,5,72,0,25,64,5,94,0,40,116,10,166,160,0,160,326
09/20/2019,HEF,VA,AEA,EN,Towers with Radar,0,20,61,6,87,0,23,79,3,105,0,43,140,9,192,116,0,116,308
09/21/2019,HEF,VA,AEA,EN,Towers with Radar,0,14,39,1,54,0,27,83,0,110,0,41,122,1,164,190,0,190,354
09/22/2019,HEF,VA,AEA,EN,Towers with Radar,0,14,54,2,70,0,29,80,0,109,0,43,134,2,179,198,0,198,377
09/23/2019,HEF,VA,AEA,EN,Towers with Radar,0,11,40,1,52,0,23,68,3,94,0,34,108,4,146,45,0,45,191
09/24/2019,HEF,VA,AEA,EN,Towers with Radar,0,14,32,0,46,0,19,76,4,99,0,33,108,4,145,130,0,130,275
09/25/2019,HEF,VA,AEA,EN,Towers with Radar,0,13,48,1,62,0,26,68,2,96,0,39,116,3,158,183,0,183,341
09/26/2019,HEF,VA,AEA,EN,Towers with Radar,0,10,37,4,51,0,15,65,5,85,0,25,102,9,136,104,0,104,240
09/27/2019,HEF,VA,AEA,EN,Towers with Radar,0,15,59,5,79,0,23,76,0,99,0,38,135,5,178,118,0,118,296
09/28/2019,HEF,VA,AEA,EN,Towers with Radar,0,15,32,0,47,0,3,29,0,32,0,18,61,0,79,62,0,62,141
09/29/2019,HEF,VA,AEA,EN,Towers with Radar,0,11,58,2,71,0,32,95,0,127,0,43,153,2,198,84,0,84,282
09/30/2019,HEF,VA,AEA,EN,Towers with Radar,0,6,31,3,40,0,0,1,2,3,0,6,32,5,43,10,6,16,59
10/01/2019,HEF,VA,AEA,EN,Towers with Radar,0,6,41,0,47,0,27,52,1,80,0,33,93,1,127,137,0,137,264
10/02/2019,HEF,VA,AEA,EN,Towers with Radar,0,21,43,0,64,0,16,61,2,79,0,37,104,2,143,100,0,100,243
10/03/2019,HEF,VA,AEA,EN,Towers with Radar,0,19,40,3,62,0,10,55,4,69,0,29,95,7,131,108,0,108,239
10/04/2019,HEF,VA,AEA,EN,Towers with Radar,0,9,47,1,57,0,12,56,2,70,0,21,103,3,127,37,0,37,164
10/05/2019,HEF,VA,AEA,EN,Towers with Radar,0,12,34,0,46,0,39,100,0,139,0,51,134,0,185,122,0,122,307
10/06/2019,HEF,VA,AEA,EN,Towers with Radar,0,9,48,2,59,0,16,46,0,62,0,25,94,2,121,0,0,0,121
10/07/2019,HEF,VA,AEA,EN,Towers with Radar,0,4,31,0,35,0,16,41,3,60,0,20,72,3,95,58,0,58,153
10/08/2019,HEF,VA,AEA,EN,Towers with Radar,0,7,24,2,33,0,8,29,1,38,0,15,53,3,71,87,0,87,158
10/09/2019,HEF,VA,AEA,EN,Towers with Radar,0,15,38,0,53,0,14,56,3,73,0,29,94,3,126,150,0,150,276
10/10/2019,HEF,VA,AEA,EN,Towers with Radar,0,18,42,3,63,0,18,84,6,108,0,36,126,9,171,241,22,263,434
10/11/2019,HEF,VA,AEA,EN,Towers with Radar,0,21,57,3,81,0,41,87,7,135,0,62,144,10,216,79,0,79,295
10/12/2019,HEF,VA,AEA,EN,Towers with Radar,0,18,32,2,52,0,23,118,0,141,0,41,150,2,193,139,0,139,332
10/13/2019,HEF,VA,AEA,EN,Towers with Radar,0,8,36,1,45,0,16,64,2,82,0,24,100,3,127,92,0,92,219
10/14/2019,HEF,VA,AEA,EN,Towers with Radar,0,12,42,1,55,0,13,91,2,106,0,25,133,3,161,117,0,117,278
10/15/2019,HEF,VA,AEA,EN,Towers with Radar,0,5,49,2,56,0,24,84,6,114,0,29,133,8,170,181,0,181,351
10/16/2019,HEF,VA,AEA,EN,Towers with Radar,0,10,34,0,44,0,0,5,0,5,0,10,39,0,49,6,0,6,55
10/17/2019,HEF,VA,AEA,EN,Towers with Radar,0,19,56,0,75,0,3,11,2,16,0,22,67,2,91,9,0,9,100
10/18/2019,HEF,VA,AEA,EN,Towers with Radar,0,16,59,7,82,0,30,74,0,104,0,46,133,7,186,52,0,52,238
10/19/2019,HEF,VA,AEA,EN,Towers with Radar,0,15,42,0,57,0,16,136,0,152,0,31,178,0,209,181,0,181,390
10/20/2019,HEF,VA,AEA,EN,Towers with Radar,0,17,39,2,58,0,0,0,0,0,0,17,39,2,58,0,0,0,58
10/21/2019,HEF,VA,AEA,EN,Towers with Radar,0,6,54,1,61,0,11,55,0,66,0,17,109,1,127,131,0,131,258
10/22/2019,HEF,VA,AEA,EN,Towers with Radar,0,5,24,2,31,0,0,0,3,3,0,5,24,5,34,4,0,4,38
10/23/2019,HEF,VA,AEA,EN,Towers with Radar,0,7,56,1,64,0,21,86,2,109,0,28,142,3,173,126,0,126,299
10/24/2019,HEF,VA,AEA,EN,Towers with Radar,0,19,52,7,78,0,20,82,3,105,0,39,134,10,183,210,0,210,393
10/25/2019,HEF,VA,AEA,EN,Towers with Radar,0,11,59,4,74,0,21,99,0,120,0,32,158,4,194,118,0,118,312
10/26/2019,HEF,VA,AEA,EN,Towers with Radar,0,19,56,0,75,0,22,81,2,105,0,41,137,2,180,128,0,128,308
10/27/2019,HEF,VA,AEA,EN,Towers with Radar,0,6,47,1,54,0,5,18,0,23,0,11,65,1,77,69,0,69,146
10/28/2019,HEF,VA,AEA,EN,Towers with Radar,0,11,43,0,54,0,17,70,2,89,0,28,113,2,143,144,2,146,289
10/29/2019,HEF,VA,AEA,EN,Towers with Radar,0,18,64,2,84,0,14,43,3,60,0,32,107,5,144,176,0,176,320
10/30/2019,HEF,VA,AEA,EN,Towers with Radar,0,22,41,1,64,0,1,13,2,16,0,23,54,3,80,90,0,90,170
10/31/2019,HEF,VA,AEA,EN,Towers with Radar,0,11,32,2,45,0,0,1,0,1,0,11,33,2,46,0,0,0,46
11/01/2019,HEF,VA,AEA,EN,Towers with Radar,0,7,34,2,43,0,17,44,4,65,0,24,78,6,108,88,0,88,196
11/02/2019,HEF,VA,AEA,EN,Towers with Radar,0,6,32,1,39,0,33,113,0,146,0,39,145,1,185,216,0,216,401
11/03/2019,HEF,VA,AEA,EN,Towers with Radar,0,9,48,0,57,0,21,95,0,116,0,30,143,0,173,138,0,138,311
11/04/2019,HEF,VA,AEA,EN,Towers with Radar,0,20,27,2,49,0,18,40,5,63,0,38,67,7,112,76,2,78,190
11/05/2019,HEF,VA,AEA,EN,Towers with Radar,0,14,39,4,57,0,23,77,3,103,0,37,116,7,160,0,0,0,160
11/06/2019,HEF,VA,AEA,EN,Towers with Radar,0,13,42,3,58,0,22,64,2,88,0,35,106,5,146,110,0,110,256
11/07/2019,HEF,VA,AEA,EN,Towers with Radar,0,21,28,1,50,0,14,38,2,54,0,35,66,3,104,82,0,82,186
11/08/2019,HEF,VA,AEA,EN,Towers with Radar,0,12,39,0,51,0,22,44,0,66,0,34,83,0,117,140,0,140,257
11/09/2019,HEF,VA,AEA,EN,Towers with Radar,0,16,39,0,55,0,29,121,0,150,0,45,160,0,205,245,0,245,450
11/10/2019,HEF,VA,AEA,EN,Towers with Radar,0,14,38,0,52,0,35,96,0,131,0,49,134,0,183,110,0,110,293
11/11/2019,HEF,VA,AEA,EN,Towers with Radar,0,2,36,0,38,0,31,84,0,115,0,33,120,0,153,157,0,157,310
11/12/2019,HEF,VA,AEA,EN,Towers with Radar,0,12,23,0,35,0,6,8,1,15,0,18,31,1,50,6,0,6,56
11/13/2019,HEF,VA,AEA,EN,Towers with Radar,0,9,45,0,54,0,23,49,2,74,0,32,94,2,128,46,10,56,184
11/14/2019,HEF,VA,AEA,EN,Towers with Radar,0,9,43,0,52,0,26,45,2,73,0,35,88,2,125,106,4,110,235
11/15/2019,HEF,VA,AEA,EN,Towers with Radar,0,19,54,1,74,0,25,91,0,116,0,44,145,1,190,184,0,184,374
11/16/2019,HEF,VA,AEA,EN,Towers with Radar,0,28,22,1,51,0,18,58,0,76,0,46,80,1,127,75,0,75,202
11/17/2019,HEF,VA,AEA,EN,Towers with Radar,0,8,38,0,46,0,13,32,1,46,0,21,70,1,92,173,0,173,265
11/18/2019,HEF,VA,AEA,EN,Towers with Radar,0,10,37,0,47,0,1,3,0,4,0,11,40,0,51,54,0,54,105
11/19/2019,HEF,VA,AEA,EN,Towers with Radar,0,23,53,2,78,0,7,33,3,43,0,30,86,5,121,74,8,82,203
11/20/2019,HEF,VA,AEA,EN,Towers with Radar,0,10,42,0,52,0,24,52,2,78,0,34,94,2,130,66,6,72,202
11/21/2019,HEF,VA,AEA,EN,Towers with Radar,0,7,50,0,57,0,26,78,0,104,0,33,128,0,161,135,0,135,296
11/22/2019,HEF,VA,AEA,EN,Towers with Radar,0,20,40,1,61,0,11,24,0,35,0,31,64,1,96,118,0,118,214
11/23/2019,HEF,VA,AEA,EN,Towers with Radar,0,10,29,0,39,0,27,61,0,88,0,37,90,0,127,130,0,130,257
11/24/2019,HEF,VA,AEA,EN,Towers with Radar,0,8,16,0,24,0,8,18,2,28,0,16,34,2,52,26,10,36,88
11/25/2019,HEF,VA,AEA,EN,Towers with Radar,0,8,33,0,41,0,27,79,3,109,0,35,112,3,150,154,0,154,304
11/26/2019,HEF,VA,AEA,EN,Towers with Radar,0,16,43,5,64,0,20,96,1,117,0,36,139,6,181,95,0,95,276
11/27/2019,HEF,VA,AEA,EN,Towers with Radar,0,11,38,1,50,0,0,13,0,13,0,11,51,1,63,28,0,28,91
11/28/2019,HEF,VA,AEA,EN,Towers with Radar,0,9,11,0,20,0,2,4,0,6,0,11,15,0,26,0,0,0,26
11/29/2019,HEF,VA,AEA,EN,Towers with Radar,0,8,24,0,32,0,26,52,0,78,0,34,76,0,110,24,0,24,134
11/30/2019,HEF,VA,AEA,EN,Towers with Radar,0,15,39,0,54,0,20,93,0,113,0,35,132,0,167,145,0,145,312
12/01/2019,HEF,VA,AEA,EN,Towers with Radar,0,12,32,0,44,0,0,0,0,0,0,12,32,0,44,0,0,0,44
12/02/2019,HEF,VA,AEA,EN,Towers with Radar,0,8,25,0,33,0,2,13,0,15,0,10,38,0,48,24,0,24,72
12/03/2019,HEF,VA,AEA,EN,Towers with Radar,0,10,34,0,44,0,13,41,2,56,0,23,75,2,100,21,0,21,121
12/04/2019,HEF,VA,AEA,EN,Towers with Radar,0,11,35,2,48,0,24,60,2,86,0,35,95,4,134,90,2,92,226
12/05/2019,HEF,VA,AEA,EN,Towers with Radar,0,16,35,6,57,0,10,26,0,36,0,26,61,6,93,12,0,12,105
12/06/2019,HEF,VA,AEA,EN,Towers with Radar,0,14,47,0,61,0,24,63,2,89,0,38,110,2,150,155,0,155,305
12/07/2019,HEF,VA,AEA,EN,Towers with Radar,0,19,38,2,59,0,29,99,0,128,0,48,137,2,187,235,0,235,422
12/08/2019,HEF,VA,AEA,EN,Towers with Radar,0,8,34,0,42,0,28,91,0,119,0,36,125,0,161,65,0,65,226
12/09/2019,HEF,VA,AEA,EN,Towers with Radar,0,2,36,0,38,0,1,1,0,2,0,3,37,0,40,10,0,10,50
12/10/2019,HEF,VA,AEA,EN,Towers with Radar,0,14,23,0,37,0,0,7,1,8,0,14,30,1,45,0,0,0,45
12/11/2019,HEF,VA,AEA,EN,Towers with Radar,0,11,34,2,47,0,19,41,1,61,0,30,75,3,108,104,8,112,220
12/12/2019,HEF,VA,AEA,EN,Towers with Radar,0,14,39,0,53,1,29,91,0,121,1,43,130,0,174,90,0,90,264
12/13/2019,HEF,VA,AEA,EN,Towers with Radar,0,14,34,0,48,0,0,0,0,0,0,14,34,0,48,0,0,0,48
12/14/2019,HEF,VA,AEA,EN,Towers with Radar,0,11,23,1,35,0,2,5,0,7,0,13,28,1,42,4,0,4,46
12/15/2019,HEF,VA,AEA,EN,Towers with Radar,0,13,45,1,59,0,24,100,1,125,0,37,145,2,184,89,0,89,273
12/16/2019,HEF,VA,AEA,EN,Towers with Radar,0,3,12,1,16,0,0,0,0,0,0,3,12,1,16,0,0,0,16
12/17/2019,HEF,VA,AEA,EN,Towers with Radar,0,9,16,0,25,0,0,4,0,4,0,9,20,0,29,8,0,8,37
12/18/2019,HEF,VA,AEA,EN,Towers with Radar,0,11,46,2,59,0,19,50,0,69,0,30,96,2,128,0,0,0,128
12/19/2019,HEF,VA,AEA,EN,Towers with Radar,0,17,43,3,63,0,23,83,2,108,0,40,126,5,171,87,0,87,258
12/20/2019,HEF,VA,AEA,EN,Towers with Radar,0,18,49,2,69,0,20,92,0,112,0,38,141,2,181,167,0,167,348
12/21/2019,HEF,VA,AEA,EN,Towers with Radar,0,24,26,2,52,0,21,84,0,105,0,45,110,2,157,174,0,174,331
12/22/2019,HEF,VA,AEA,EN,Towers with Radar,0,9,20,0,29,0,23,69,0,92,0,32,89,0,121,77,0,77,198
12/23/2019,HEF,VA,AEA,EN,Towers with Radar,0,6,25,2,33,0,25,95,3,123,0,31,120,5,156,126,0,126,282
12/24/2019,HEF,VA,AEA,EN,Towers with Radar,0,3,17,0,20,0,12,64,1,77,0,15,81,1,97,49,0,49,146
12/25/2019,HEF,VA,AEA,EN,Towers with Radar,0,7,4,0,11,0,7,23,0,30,0,14,27,0,41,0,0,0,41
12/26/2019,HEF,VA,AEA,EN,Towers with Radar,0,7,31,0,38,0,15,61,0,76,0,22,92,0,114,20,0,20,134
12/27/2019,HEF,VA,AEA,EN,Towers with Radar,0,16,31,0,47,0,15,46,0,61,0,31,77,0,108,77,0,77,185
12/28/2019,HEF,VA,AEA,EN,Towers with Radar,0,17,40,0,57,0,27,95,0,122,0,44,135,0,179,271,0,271,450
12/29/2019,HEF,VA,AEA,EN,Towers with Radar,0,4,15,0,19,0,0,0,0,0,0,4,15,0,19,0,0,0,19
12/30/2019,HEF,VA,AEA,EN,Towers with Radar,0,8,29,0,37,0,7,20,1,28,0,15,49,1,65,96,0,96,161
12/31/2019,HEF,VA,AEA,EN,Towers with Radar,0,6,24,0,30,0,2,42,0,44,0,8,66,0,74,87,0,87,161
01/01/2020,HEF,VA,AEA,EN,Towers with Radar,0,10,20,0,30,0,11,37,0,48,0,21,57,0,78,30,0,30,108
01/02/2020,HEF,VA,AEA,EN,Towers with Radar,0,2,15,3,20,0,12,69,1,82,0,14,84,4,102,237,0,237,339
01/03/2020,HEF,VA,AEA,EN,Towers with Radar,0,14,13,2,29,0,2,0,0,2,0,16,13,2,31,58,0,58,89
01/04/2020,HEF,VA,AEA,EN,Towers with Radar,0,11,15,2,28,0,12,26,0,38,0,23,41,2,66,116,0,116,182
01/05/2020,HEF,VA,AEA,EN,Towers with Radar,0,9,31,0,40,0,11,48,0,59,0,20,79,0,99,56,0,56,155
01/06/2020,HEF,VA,AEA,EN,Towers with Radar,0,1,28,2,31,0,17,54,0,71,0,18,82,2,102,48,0,48,150
01/07/2020,HEF,VA,AEA,EN,Towers with Radar,0,5,17,0,22,0,1,13,0,14,0,6,30,0,36,28,0,28,64
01/08/2020,HEF,VA,AEA,EN,Towers with Radar,0,11,12,0,23,0,5,19,5,29,0,16,31,5,52,0,3,3,55
01/09/2020,HEF,VA,AEA,EN,Towers with Radar,0,14,34,1,49,0,26,95,2,123,0,40,129,3,172,78,5,83,255
01/10/2020,HEF,VA,AEA,EN,Towers with Radar,0,17,27,0,44,0,15,65,0,80,0,32,92,0,124,92,0,92,216
01/11/2020,HEF,VA,AEA,EN,Towers with Radar,0,9,25,0,34,0,5,26,0,31,0,14,51,0,65,53,0,53,118
01/12/2020,HEF,VA,AEA,EN,Towers with Radar,0,7,34,0,41,0,28,112,0,140,0,35,146,0,181,172,0,172,353
01/13/2020,HEF,VA,AEA,EN,Towers with Radar,0,10,23,4,37,0,27,48,2,77,0,37,71,6,114,0,0,0,114
01/14/2020,HEF,VA,AEA,EN,Towers with Radar,0,10,17,2,29,0,0,0,0,0,0,10,17,2,29,4,0,4,33
01/15/2020,HEF,VA,AEA,EN,Towers with Radar,0,20,33,5,58,0,24,66,1,91,0,44,99,6,149,86,6,92,241
01/16/2020,HEF,VA,AEA,EN,Towers with Radar,0,4,21,2,27,0,2,27,0,29,0,6,48,2,56,32,6,38,94
01/17/2020,HEF,VA,AEA,EN,Towers with Radar,0,19,41,3,63,0,9,67,0,76,0,28,108,3,139,35,9,44,183
01/18/2020,HEF,VA,AEA,EN,Towers with Radar,0,8,6,0,14,0,0,0,0,0,0,8,6,0,14,0,0,0,14
01/19/2020,HEF,VA,AEA,EN,Towers with Radar,0,8,15,0,23,0,9,47,0,56,0,17,62,0,79,116,0,116,195
01/20/2020,HEF,VA,AEA,EN,Towers with Radar,0,5,48,0,53,0,25,69,0,94,0,30,117,0,147,0,0,0,147
01/21/2020,HEF,VA,AEA,EN,Towers with Radar,0,7,47,7,61,0,27,67,2,96,0,34,114,9,157,81,0,81,238
01/22/2020,HEF,VA,AEA,EN,Towers with Radar,0,9,41,3,53,0,26,90,1,117,0,35,131,4,170,82,0,82,252
01/23/2020,HEF,VA,AEA,EN,Towers with Radar,0,8,30,3,41,0,22,75,2,99,0,30,105,5,140,237,0,237,377
01/24/2020,HEF,VA,AEA,EN,Towers with Radar,0,13,30,3,46,0,2,14,0,16,0,15,44,3,62,74,0,74,136
01/25/2020,HEF,VA,AEA,EN,Towers with Radar,0,11,14,1,26,0,2,7,0,9,0,13,21,1,35,44,0,44,79
01/26/2020,HEF,VA,AEA,EN,Towers with Radar,0,7,39,2,48,0,34,117,3,154,0,41,156,5,202,206,0,206,408
01/27/2020,HEF,VA,AEA,EN,Towers with Radar,0,12,19,2,33,0,22,48,1,71,0,34,67,3,104,38,0,38,142
01/28/2020,HEF,VA,AEA,EN,Towers with Radar,0,14,36,2,52,0,22,60,4,86,0,36,96,6,138,88,12,100,238
01/29/2020,HEF,VA,AEA,EN,Towers with Radar,0,15,46,0,61,0,26,62,1,89,0,41,108,1,150,163,8,171,321
01/30/2020,HEF,VA,AEA,EN,Towers with Radar,0,18,39,4,61,0,20,84,2,106,0,38,123,6,167,110,0,110,277
01/31/2020,HEF,VA,AEA,EN,Towers with Radar,0,20,36,0,56,0,31,67,0,98,0,51,103,0,154,155,0,155,309
02/01/2020,HEF,VA,AEA,EN,Towers with Radar,0,11,18,0,29,0,18,52,0,70,0,29,70,0,99,267,0,267,366
02/02/2020,HEF,VA,AEA,EN,Towers with Radar,0,9,25,0,34,0,23,103,2,128,0,32,128,2,162,131,0,131,293
02/03/2020,HEF,VA,AEA,EN,Towers with Radar,0,8,43,2,53,0,13,90,1,104,0,21,133,3,157,0,0,0,157
02/04/2020,HEF,VA,AEA,EN,Towers with Radar,0,13,40,7,60,0,25,41,7,73,0,38,81,14,133,113,0,113,246
02/05/2020,HEF,VA,AEA,EN,Towers with Radar,0,22,33,0,55,0,2,5,0,7,0,24,38,0,62,12,0,12,74
02/06/2020,HEF,VA,AEA,EN,Towers with Radar,0,12,25,0,37,0,0,1,0,1,0,12,26,0,38,0,0,0,38
02/07/2020,HEF,VA,AEA,EN,Towers with Radar,0,6,26,0,32,0,2,8,0,10,0,8,34,0,42,4,0,4,46
02/08/2020,HEF,VA,AEA,EN,Towers with Radar,0,6,34,0,40,0,36,163,0,199,0,42,197,0,239,181,0,181,420
02/09/2020,HEF,VA,AEA,EN,Towers with Radar,0,9,31,0,40,0,24,143,0,167,0,33,174,0,207,195,0,195,402
02/10/2020,HEF,VA,AEA,EN,Towers with Radar,0,1,25,4,30,0,4,15,0,19,0,5,40,4,49,0,0,0,49
02/11/2020,HEF,VA,AEA,EN,Towers with Radar,0,10,28,0,38,0,0,2,0,2,0,10,30,0,40,8,0,8,48
02/12/2020,HEF,VA,AEA,EN,Towers with Radar,0,7,31,5,43,0,26,61,1,88,0,33,92,6,131,85,0,85,216
02/13/2020,HEF,VA,AEA,EN,Towers with Radar,0,14,34,0,48,0,5,8,1,14,0,19,42,1,62,42,0,42,104
02/14/2020,HEF,VA,AEA,EN,Towers with Radar,0,17,54,0,71,0,19,74,0,93,0,36,128,0,164,47,0,47,211
02/15/2020,HEF,VA,AEA,EN,Towers with Radar,0,13,19,3,35,0,38,146,0,184,0,51,165,3,219,130,0,130,349
02/16/2020,HEF,VA,AEA,EN,Towers with Radar,0,3,25,0,28,0,7,101,0,108,0,10,126,0,136,156,0,156,292
02/17/2020,HEF,VA,AEA,EN,Towers with Radar,0,12,38,1,51,0,22,134,3,159,0,34,172,4,210,86,0,86,296
02/18/2020,HEF,VA,AEA,EN,Towers with Radar,0,6,34,2,42,0,15,31,5,51,0,21,65,7,93,67,0,67,160
02/19/2020,HEF,VA,AEA,EN,Towers with Radar,0,13,44,0,57,0,21,59,3,83,0,34,103,3,140,85,0,85,225
02/20/2020,HEF,VA,AEA,EN,Towers with Radar,0,10,31,6,47,0,22,65,1,88,0,32,96,7,135,190,6,196,331
02/21/2020,HEF,VA,AEA,EN,Towers with Radar,0,15,37,2,54,0,36,80,0,116,0,51,117,2,170,149,0,149,319
02/22/2020,HEF,VA,AEA,EN,Towers with Radar,0,14,29,0,43,0,35,160,0,195,0,49,189,0,238,177,0,177,415
02/23/2020,HEF,VA,AEA,EN,Towers with Radar,0,9,46,0,55,0,23,115,0,138,0,32,161,0,193,144,0,144,337
02/24/2020,HEF,VA,AEA,EN,Towers with Radar,0,12,25,4,41,0,12,42,8,62,0,24,67,12,103,100,0,100,203
02/25/2020,HEF,VA,AEA,EN,Towers with Radar,0,9,18,0,27,0,0,1,0,1,0,9,19,0,28,0,0,0,28
02/26/2020,HEF,VA,AEA,EN,Towers with Radar,0,14,39,0,53,0,0,0,0,0,0,14,39,0,53,0,0,0,53
02/27/2020,HEF,VA,AEA,EN,Towers with Radar,0,9,29,4,42,0,6,9,3,18,0,15,38,7,60,11,0,11,71
02/28/2020,HEF,VA,AEA,EN,Towers with Radar,0,6,30,0,36,0,17,38,1,56,0,23,68,1,92,77,0,77,169
02/29/2020,HEF,VA,AEA,EN,Towers with Radar,0,8,30,0,38,0,16,41,0,57,0,24,71,0,95,85,0,85,180
03/01/2020,HEF,VA,AEA,EN,Towers with Radar,0,14,37,0,51,0,41,144,0,185,0,55,181,0,236,214,0,214,450
03/02/2020,HEF,VA,AEA,EN,Towers with Radar,0,4,32,0,36,0,13,53,2,68,0,17,85,2,104,63,0,63,167
03/03/2020,HEF,VA,AEA,EN,Towers with Radar,0,8,37,3,48,0,9,8,1,18,0,17,45,4,66,79,2,81,147
03/04/2020,HEF,VA,AEA,EN,Towers with Radar,0,14,41,2,57,0,24,58,2,84,0,38,99,4,141,145,0,145,286
03/05/2020,HEF,VA,AEA,EN,Towers with Radar,0,12,34,6,52,0,27,91,5,123,0,39,125,11,175,218,0,218,393
03/06/2020,HEF,VA,AEA,EN,Towers with Radar,0,15,15,1,31,0,18,31,2,51,0,33,46,3,82,46,0,46,128
03/07/2020,HEF,VA,AEA,EN,Towers with Radar,0,12,22,1,35,0,12,35,1,48,0,24,57,2,83,18,0,18,101
03/08/2020,HEF,VA,AEA,EN,Towers with Radar,0,6,54,0,60,0,19,127,0,146,0,25,181,0,206,206,0,206,412
03/09/2020,HEF,VA,AEA,EN,Towers with Radar,0,7,25,2,34,0,20,92,2,114,0,27,117,4,148,0,0,0,148
03/10/2020,HEF,VA,AEA,EN,Towers with Radar,0,9,24,3,36,0,4,25,3,32,0,13,49,6,68,20,6,26,94
03/11/2020,HEF,VA,AEA,EN,Towers with Radar,0,16,31,0,47,0,27,71,1,99,0,43,102,1,146,212,0,212,358
03/12/2020,HEF,VA,AEA,EN,Towers with Radar,0,17,46,4,67,0,8,21,3,32,0,25,67,7,99,262,0,262,361
03/13/2020,HEF,VA,AEA,EN,Towers with Radar,0,19,32,4,55,0,11,32,0,43,0,30,64,4,98,35,0,35,133
03/14/2020,HEF,VA,AEA,EN,Towers with Radar,0,14,27,2,43,0,33,130,0,163,0,47,157,2,206,175,0,175,381
03/15/2020,HEF,VA,AEA,EN,Towers with Radar,0,11,35,0,46,0,7,19,1,27,0,18,54,1,73,58,0,58,131
03/16/2020,HEF,VA,AEA,EN,Towers with Radar,0,5,21,2,28,0,22,59,2,83,0,27,80,4,111,142,0,142,253
03/17/2020,HEF,VA,AEA,EN,Towers with Radar,0,7,16,0,23,0,12,38,2,52,0,19,54,2,75,141,0,141,216
03/18/2020,HEF,VA,AEA,EN,Towers with Radar,0,6,14,2,22,0,12,74,2,88,0,18,88,4,110,198,0,198,308
03/19/2020,HEF,VA,AEA,EN,Towers with Radar,0,10,17,6,33,0,18,30,2,50,0,28,47,8,83,155,0,155,238
03/20/2020,HEF,VA,AEA,EN,Towers with Radar,0,10,7,1,18,0,7,21,0,28,0,17,28,1,46,63,0,63,109
03/21/2020,HEF,VA,AEA,EN,Towers with Radar,0,9,26,0,35,0,26,70,0,96,0,35,96,0,131,67,0,67,198
03/22/2020,HEF,VA,AEA,EN,Towers with Radar,0,0,25,0,25,0,23,133,2,158,0,23,158,2,183,128,0,128,311
03/23/2020,HEF,VA,AEA,EN,Towers with Radar,0,1,4,0,5,0,0,0,0,0,0,1,4,0,5,0,0,0,5
03/24/2020,HEF,VA,AEA,EN,Towers with Radar,0,6,17,0,23,0,1,64,2,67,0,7,81,2,90,121,0,121,211
03/25/2020,HEF,VA,AEA,EN,Towers with Radar,0,9,9,0,18,0,0,0,0,0,0,9,9,0,18,0,0,0,18
03/26/2020,HEF,VA,AEA,EN,Towers with Radar,0,4,21,0,25,0,6,63,2,71,0,10,84,2,96,139,0,139,235
03/27/2020,HEF,VA,AEA,EN,Towers with Radar,0,4,19,0,23,0,2,59,1,62,0,6,78,1,85,93,0,93,178
03/28/2020,HEF,VA,AEA,EN,Towers with Radar,0,6,24,0,30,0,0,0,0,0,0,6,24,0,30,0,0,0,30
03/29/2020,HEF,VA,AEA,EN,Towers with Radar,0,2,16,0,18,0,1,13,0,14,0,3,29,0,32,50,0,50,82
03/30/2020,HEF,VA,AEA,EN,Towers with Radar,0,0,18,2,20,0,3,41,0,44,0,3,59,2,64,10,0,10,74
03/31/2020,HEF,VA,AEA,EN,Towers with Radar,0,6,13,0,19,0,2,52,0,54,0,8,65,0,73,94,0,94,167
04/01/2020,HEF,VA,AEA,EN,Towers with Radar,0,6,8,0,14,0,1,35,4,40,0,7,43,4,54,56,0,56,110
04/02/2020,HEF,VA,AEA,EN,Towers with Radar,0,9,13,1,23,0,0,18,6,24,0,9,31,7,47,6,0,6,53
04/03/2020,HEF,VA,AEA,EN,Towers with Radar,0,4,18,2,24,0,3,17,7,27,0,7,35,9,51,8,0,8,59
04/04/2020,HEF,VA,AEA,EN,Towers with Radar,0,6,18,0,24,0,1,25,0,26,0,7,43,0,50,54,0,54,104
04/05/2020,HEF,VA,AEA,EN,Towers with Radar,0,0,28,0,28,0,2,63,0,65,0,2,91,0,93,38,0,38,131
04/06/2020,HEF,VA,AEA,EN,Towers with Radar,0,0,11,6,17,0,2,59,2,63,0,2,70,8,80,41,0,41,121
04/07/2020,HEF,VA,AEA,EN,Towers with Radar,0,7,11,0,18,0,3,30,0,33,0,10,41,0,51,18,0,18,69
04/08/2020,HEF,VA,AEA,EN,Towers with Radar,0,5,15,2,22,0,2,18,3,23,0,7,33,5,45,42,32,74,119
04/09/2020,HEF,VA,AEA,EN,Towers with Radar,0,5,5,0,10,0,0,5,1,6,0,5,10,1,16,0,6,6,22
04/10/2020,HEF,VA,AEA,EN,Towers with Radar,0,5,13,0,18,0,0,3,0,3,0,5,16,0,21,0,0,0,21
04/11/2020,HEF,VA,AEA,EN,Towers with Radar,0,9,29,3,41,0,0,51,0,51,0,9,80,3,92,40,0,40,132
04/12/2020,HEF,VA,AEA,EN,Towers with Radar,0,3,14,0,17,0,8,24,0,32,0,11,38,0,49,64,0,64,113
04/13/2020,HEF,VA,AEA,EN,Towers with Radar,0,1,2,2,5,0,0,6,2,8,0,1,8,4,13,11,0,11,24
04/14/2020,HEF,VA,AEA,EN,Towers with Radar,0,3,30,6,39,0,3,47,0,50,0,6,77,6,89,42,3,45,134
04/15/2020,HEF,VA,AEA,EN,Towers with Radar,0,3,9,1,13,0,2,46,1,49,0,5,55,2,62,26,9,35,97
04/16/2020,HEF,VA,AEA,EN,Towers with Radar,0,9,12,2,23,0,2,30,1,33,0,11,42,3,56,38,0,38,94
04/17/2020,HEF,VA,AEA,EN,Towers with Radar,0,4,13,4,21,0,0,40,0,40,0,4,53,4,61,51,0,51,112
04/18/2020,HEF,VA,AEA,EN,Towers with Radar,0,6,7,2,15,0,2,9,0,11,0,8,16,2,26,12,0,12,38
04/19/2020,HEF,VA,AEA,EN,Towers with Radar,0,0,22,0,22,0,4,64,0,68,0,4,86,0,90,37,0,37,127
04/20/2020,HEF,VA,AEA,EN,Towers with Radar,0,0,19,2,21,0,3,19,2,24,0,3,38,4,45,104,6,110,155
04/21/2020,HEF,VA,AEA,EN,Towers with Radar,0,4,11,1,16,0,0,14,1,15,0,4,25,2,31,5,0,5,36
04/22/2020,HEF,VA,AEA,EN,Towers with Radar,0,8,24,4,36,0,7,34,2,43,0,15,58,6,79,2,0,2,81
04/23/2020,HEF,VA,AEA,EN,Towers with Radar,0,4,18,0,22,0,0,28,0,28,0,4,46,0,50,10,0,10,60
04/24/2020,HEF,VA,AEA,EN,Towers with Radar,0,4,11,0,15,0,2,1,0,3,0,6,12,0,18,24,0,24,42
04/25/2020,HEF,VA,AEA,EN,Towers with Radar,0,9,43,0,52,0,3,21,0,24,0,12,64,0,76,170,0,170,246
04/26/2020,HEF,VA,AEA,EN,Towers with Radar,0,1,28,0,29,0,0,0,0,0,0,1,28,0,29,0,0,0,29
04/27/2020,HEF,VA,AEA,EN,Towers with Radar,0,2,13,3,18,0,4,19,0,23,0,6,32,3,41,10,0,10,51
04/28/2020,HEF,VA,AEA,EN,Towers with Radar,0,6,21,1,28,0,4,45,3,52,0,10,66,4,80,52,0,52,132
04/29/2020,HEF,VA,AEA,EN,Towers with Radar,0,13,10,6,29,0,7,57,8,72,0,20,67,14,101,44,28,72,173
04/30/2020,HEF,VA,AEA,EN,Towers with Radar,0,6,3,0,9,0,0,0,0,0,0,6,3,0,9,0,0,0,9
05/01/2020,HEF,VA,AEA,EN,Towers with Radar,0,5,19,0,24,0,6,25,1,32,0,11,44,1,56,32,0,32,88
05/02/2020,HEF,VA,AEA,EN,Towers with Radar,0,9,45,4,58,0,2,116,0,118,0,11,161,4,176,62,0,62,238
05/03/2020,HEF,VA,AEA,EN,Towers with Radar,0,3,18,0,21,0,2,14,0,16,0,5,32,0,37,31,0,31,68
05/04/2020,HEF,VA,AEA,EN,Towers with Radar,0,1,19,5,25,0,6,31,7,44,0,7,50,12,69,2,0,2,71
05/05/2020,HEF,VA,AEA,EN,Towers with Radar,0,3,10,5,18,0,3,34,2,39,0,6,44,7,57,24,6,30,87
05/06/2020,HEF,VA,AEA,EN,Towers with Radar,0,6,14,7,27,0,2,6,7,15,0,8,20,14,42,10,0,10,52
05/07/2020,HEF,VA,AEA,EN,Towers with Radar,0,9,26,11,46,0,7,58,3,68,0,16,84,14,114,10,0,10,124
05/08/2020,HEF,VA,AEA,EN,Towers with Radar,0,6,14,1,21,0,1,34,4,39,0,7,48,5,60,2,0,2,62
05/09/2020,HEF,VA,AEA,EN,Towers with Radar,0,7,11,0,18,0,6,13,0,19,0,13,24,0,37,6,0,6,43
05/10/2020,HEF,VA,AEA,EN,Towers with Radar,0,5,30,1,36,0,9,51,0,60,0,14,81,1,96,8,0,8,104
05/11/2020,HEF,VA,AEA,EN,Towers with Radar,0,4,16,1,21,0,3,23,8,34,0,7,39,9,55,0,0,0,55
05/12/2020,HEF,VA,AEA,EN,Towers with Radar,0,3,24,2,29,0,2,38,5,45,0,5,62,7,74,2,0,2,76
05/13/2020,HEF,VA,AEA,EN,Towers with Radar,0,5,23,3,31,0,2,99,1,102,0,7,122,4,133,22,0,22,155
05/14/2020,HEF,VA,AEA,EN,Towers with Radar,0,9,17,1,27,0,1,30,4,35,0,10,47,5,62,60,6,66,128
05/15/2020,HEF,VA,AEA,EN,Towers with Radar,0,7,29,3,39,0,3,60,3,66,0,10,89,6,105,10,0,10,115
05/16/2020,HEF,VA,AEA,EN,Towers with Radar,0,6,13,0,19,0,7,76,0,83,0,13,89,0,102,38,0,38,140
05/17/2020,HEF,VA,AEA,EN,Towers with Radar,0,3,29,0,32,0,4,11,0,15,0,7,40,0,47,46,0,46,93
05/18/2020,HEF,VA,AEA,EN,Towers with Radar,0,4,22,1,27,0,0,1,4,5,0,4,23,5,32,0,0,0,32
05/19/2020,HEF,VA,AEA,EN,Towers with Radar,0,6,13,1,20,0,3,18,3,24,0,9,31,4,44,3,0,3,47
05/20/2020,HEF,VA,AEA,EN,Towers with Radar,0,7,14,2,23,0,6,26,3,35,0,13,40,5,58,0,0,0,58
05/21/2020,HEF,VA,AEA,EN,Towers with Radar,0,10,24,1,35,0,1,18,6,25,0,11,42,7,60,46,0,46,106
05/22/2020,HEF,VA,AEA,EN,Towers with Radar,0,5,26,2,33,0,1,3,5,9,0,6,29,7,42,0,0,0,42
05/23/2020,HEF,VA,AEA,EN,Towers with Radar,0,7,29,0,36,0,5,78,0,83,0,12,107,0,119,33,0,33,152
05/24/2020,HEF,VA,AEA,EN,Towers with Radar,0,0,25,0,25,0,1,2,0,3,0,1,27,0,28,27,0,27,55
05/25/2020,HEF,VA,AEA,EN,Towers with Radar,0,3,40,0,43,0,8,34,0,42,0,11,74,0,85,52,0,52,137
05/26/2020,HEF,VA,AEA,EN,Towers with Radar,0,3,26,7,36,0,4,52,1,57,0,7,78,8,93,40,10,50,143
05/27/2020,HEF,VA,AEA,EN,Towers with Radar,0,9,24,0,33,0,3,49,5,57,0,12,73,5,90,30,0,30,120
05/28/2020,HEF,VA,AEA,EN,Towers with Radar,0,7,19,1,27,0,1,13,0,14,0,8,32,1,41,0,0,0,41
05/29/2020,HEF,VA,AEA,EN,Towers with Radar,0,15,23,4,42,0,6,23,0,29,0,21,46,4,71,38,0,38,109
05/30/2020,HEF,VA,AEA,EN,Towers with Radar,0,11,39,0,50,0,23,105,0,128,0,34,144,0,178,96,0,96,274
05/31/2020,HEF,VA,AEA,EN,Towers with Radar,0,6,32,0,38,0,6,108,0,114,0,12,140,0,152,26,0,26,178
06/01/2020,HEF,VA,AEA,EN,Towers with Radar,0,7,23,2,32,0,8,112,3,123,0,15,135,5,155,46,0,46,201
06/02/2020,HEF,VA,AEA,EN,Towers with Radar,0,16,28,1,45,0,8,89,3,100,0,24,117,4,145,101,0,101,246
06/03/2020,HEF,VA,AEA,EN,Towers with Radar,0,9,23,0,32,0,14,87,3,104,0,23,110,3,136,76,0,76,212
06/04/2020,HEF,VA,AEA,EN,Towers with Radar,0,17,34,2,53,0,8,78,1,87,0,25,112,3,140,64,0,64,204
06/05/2020,HEF,VA,AEA,EN,Towers with Radar,0,10,17,1,28,0,10,45,1,56,0,20,62,2,84,145,0,145,229
06/06/2020,HEF,VA,AEA,EN,Towers with Radar,0,9,30,3,42,0,15,123,2,140,0,24,153,5,182,94,0,94,276
06/07/2020,HEF,VA,AEA,EN,Towers with Radar,0,10,25,0,35,0,8,133,0,141,0,18,158,0,176,104,0,104,280
06/08/2020,HEF,VA,AEA,EN,Towers with Radar,0,8,37,5,50,0,20,88,4,112,0,28,125,9,162,56,0,56,218
06/09/2020,HEF,VA,AEA,EN,Towers with Radar,0,13,23,5,41,0,18,93,3,114,0,31,116,8,155,144,6,150,305
06/10/2020,HEF,VA,AEA,EN,Towers with Radar,0,12,38,4,54,0,5,36,3,44,0,17,74,7,98,94,0,94,192
06/11/2020,HEF,VA,AEA,EN,Towers with Radar,0,14,21,3,38,0,6,42,3,51,0,20,63,6,89,38,0,38,127
06/12/2020,HEF,VA,AEA,EN,Towers with Radar,0,13,37,1,51,0,12,112,1,125,0,25,149,2,176,138,0,138,314
06/13/2020,HEF,VA,AEA,EN,Towers with Radar,0,14,28,6,48,0,12,128,0,140,0,26,156,6,188,84,0,84,272
06/14/2020,HEF,VA,AEA,EN,Towers with Radar,0,6,34,0,40,0,8,90,0,98,0,14,124,0,138,110,0,110,248
06/15/2020,HEF,VA,AEA,EN,Towers with Radar,0,10,24,4,38,0,11,61,3,75,0,21,85,7,113,38,0,38,151
06/16/2020,HEF,VA,AEA,EN,Towers with Radar,0,16,34,2,52,0,18,55,6,79,0,34,89,8,131,80,0,80,211
06/17/2020,HEF,VA,AEA,EN,Towers with Radar,0,14,30,2,46,0,1,10,1,12,0,15,40,3,58,4,0,4,62
06/18/2020,HEF,VA,AEA,EN,Towers with Radar,0,17,20,5,42,0,12,21,11,44,0,29,41,16,86,102,0,102,188
06/19/2020,HEF,VA,AEA,EN,Towers with Radar,0,18,25,2,45,0,8,8,1,17,0,26,33,3,62,106,0,106,168
06/20/2020,HEF,VA,AEA,EN,Towers with Radar,0,12,16,0,28,0,2,17,0,19,0,14,33,0,47,102,0,102,149
06/21/2020,HEF,VA,AEA,EN,Towers with Radar,0,9,32,0,41,0,11,85,0,96,0,20,117,0,137,88,0,88,225
06/22/2020,HEF,VA,AEA,EN,Towers with Radar,0,10,31,4,45,0,11,82,6,99,0,21,113,10,144,84,0,84,228
06/23/2020,HEF,VA,AEA,EN,Towers with Radar,0,13,23,4,40,0,12,31,5,48,0,25,54,9,88,33,16,49,137
06/24/2020,HEF,VA,AEA,EN,Towers with Radar,0,10,30,3,43,0,28,136,6,170,0,38,166,9,213,152,0,152,365
06/25/2020,HEF,VA,AEA,EN,Towers with Radar,0,16,26,3,45,0,22,92,4,118,0,38,118,7,163,82,0,82,245
06/26/2020,HEF,VA,AEA,EN,Towers with Radar,0,11,36,1,48,0,28,137,3,168,0,39,173,4,216,126,0,126,342
06/27/2020,HEF,VA,AEA,EN,Towers with Radar,0,12,26,0,38,0,37,97,0,134,0,49,123,0,172,116,0,116,288
06/28/2020,HEF,VA,AEA,EN,Towers with Radar,0,7,27,0,34,0,6,56,0,62,0,13,83,0,96,154,0,154,250
06/29/2020,HEF,VA,AEA,EN,Towers with Radar,0,15,21,3,39,0,16,100,7,123,0,31,121,10,162,132,0,132,294
06/30/2020,HEF,VA,AEA,EN,Towers with Radar,0,8,31,4,43,0,17,75,3,95,0,25,106,7,138,78,0,78,216
07/01/2020,HEF,VA,AEA,EN,Towers with Radar,0,9,39,2,50,0,21,89,6,116,0,30,128,8,166,128,0,128,294
07/02/2020,HEF,VA,AEA,EN,Towers with Radar,0,10,42,3,55,0,27,103,10,140,0,37,145,13,195,129,0,129,324
07/03/2020,HEF,VA,AEA,EN,Towers with Radar,0,12,36,0,48,0,27,143,2,172,0,39,179,2,220,87,0,87,307
07/04/2020,HEF,VA,AEA,EN,Towers with Radar,0,9,10,0,19,0,21,35,14,70,0,30,45,14,89,0,0,0,89
07/05/2020,HEF,VA,AEA,EN,Towers with Radar,0,9,41,1,51,0,8,60,0,68,0,17,101,1,119,104,0,104,223
07/06/2020,HEF,VA,AEA,EN,Towers with Radar,0,6,24,0,30,0,21,74,4,99,0,27,98,4,129,111,0,111,240
07/07/2020,HEF,VA,AEA,EN,Towers with Radar,0,14,27,5,46,0,9,31,3,43,0,23,58,8,89,234,0,234,323
07/08/2020,HEF,VA,AEA,EN,Towers with Radar,0,13,28,2,43,0,28,90,3,121,0,41,118,5,164,180,0,180,344
07/09/2020,HEF,VA,AEA,EN,Towers with Radar,0,14,50,9,73,0,24,79,3,106,0,38,129,12,179,141,0,141,320
07/10/2020,HEF,VA,AEA,EN,Towers with Radar,0,12,31,2,45,0,20,68,3,91,0,32,99,5,136,125,0,125,261
07/11/2020,HEF,VA,AEA,EN,Towers with Radar,0,9,30,0,39,0,23,86,0,109,0,32,116,0,148,55,0,55,203
07/12/2020,HEF,VA,AEA,EN,Towers with Radar,0,10,22,0,32,0,12,83,0,95,0,22,105,0,127,150,0,150,277
07/13/2020,HEF,VA,AEA,EN,Towers with Radar,0,10,23,3,36,0,31,72,8,111,0,41,95,11,147,114,0,114,261
07/14/2020,HEF,VA,AEA,EN,Towers with Radar,0,9,32,7,48,0,29,105,10,144,0,38,137,17,192,82,0,82,274
07/15/2020,HEF,VA,AEA,EN,Towers with Radar,0,11,30,8,49,0,38,82,7,127,0,49,112,15,176,116,12,128,304
07/16/2020,HEF,VA,AEA,EN,Towers with Radar,0,10,39,2,51,0,23,75,6,104,0,33,114,8,155,112,0,112,267
07/17/2020,HEF,VA,AEA,EN,Towers with Radar,0,14,25,3,42,0,27,86,1,114,0,41,111,4,156,116,0,116,272
07/18/2020,HEF,VA,AEA,EN,Towers with Radar,0,18,23,3,44,0,28,100,1,129,0,46,123,4,173,127,0,127,300
07/19/2020,HEF,VA,AEA,EN,Towers with Radar,0,9,19,2,30,0,26,80,1,107,0,35,99,3,137,102,0,102,239
07/20/2020,HEF,VA,AEA,EN,Towers with Radar,0,5,28,4,37,0,20,51,2,73,0,25,79,6,110,117,0,117,227
07/21/2020,HEF,VA,AEA,EN,Towers with Radar,0,11,14,4,29,0,17,68,5,90,0,28,82,9,119,123,0,123,242
07/22/2020,HEF,VA,AEA,EN,Towers with Radar,0,11,14,5,30,0,10,33,2,45,0,21,47,7,75,184,0,184,259
07/23/2020,HEF,VA,AEA,EN,Towers with Radar,0,12,20,4,36,0,21,72,4,97,0,33,92,8,133,225,0,225,358
07/24/2020,HEF,VA,AEA,EN,Towers with Radar,0,10,40,1,51,0,4,15,1,20,0,14,55,2,71,58,0,58,129
07/25/2020,HEF,VA,AEA,EN,Towers with Radar,0,12,43,0,55,0,29,57,0,86,0,41,100,0,141,141,0,141,282
07/26/2020,HEF,VA,AEA,EN,Towers with Radar,0,11,41,0,52,0,27,144,0,171,0,38,185,0,223,111,0,111,334
07/27/2020,HEF,VA,AEA,EN,Towers with Radar,0,11,27,4,42,0,34,85,4,123,0,45,112,8,165,84,0,84,249
07/28/2020,HEF,VA,AEA,EN,Towers with Radar,0,6,20,3,29,0,23,58,7,88,0,29,78,10,117,58,0,58,175
07/29/2020,HEF,VA,AEA,EN,Towers with Radar,0,18,49,4,71,0,30,79,5,114,0,48,128,9,185,120,10,130,315
07/30/2020,HEF,VA,AEA,EN,Towers with Radar,0,19,36,2,57,0,29,88,3,120,0,48,124,5,177,90,0,90,267
07/31/2020,HEF,VA,AEA,EN,Towers with Radar,0,11,26,5,42,0,0,6,0,6,0,11,32,5,48,0,0,0,48
08/01/2020,HEF,VA,AEA,EN,Towers with Radar,0,16,35,0,51,0,13,43,2,58,0,29,78,2,109,167,0,167,276
08/02/2020,HEF,VA,AEA,EN,Towers with Radar,0,11,23,0,34,0,9,43,0,52,0,20,66,0,86,156,0,156,242
08/03/2020,HEF,VA,AEA,EN,Towers with Radar,0,8,16,4,28,0,14,41,4,59,0,22,57,8,87,85,0,85,172
08/04/2020,HEF,VA,AEA,EN,Towers with Radar,0,6,14,3,23,0,4,30,1,35,0,10,44,4,58,8,0,8,66
08/05/2020,HEF,VA,AEA,EN,Towers with Radar,0,13,27,3,43,0,32,100,13,145,0,45,127,16,188,93,0,93,281
08/06/2020,HEF,VA,AEA,EN,Towers with Radar,0,11,20,6,37,0,5,31,10,46,0,16,51,16,83,137,0,137,220
08/07/2020,HEF,VA,AEA,EN,Towers with Radar,0,9,30,5,44,0,14,32,1,47,0,23,62,6,91,55,8,63,154
08/08/2020,HEF,VA,AEA,EN,Towers with Radar,0,19,40,1,60,0,13,46,0,59,0,32,86,1,119,85,0,85,204
08/09/2020,HEF,VA,AEA,EN,Towers with Radar,0,3,48,2,53,0,19,132,1,152,0,22,180,3,205,94,0,94,299
08/10/2020,HEF,VA,AEA,EN,Towers with Radar,0,14,20,0,34,0,27,86,8,121,0,41,106,8,155,96,0,96,251
08/11/2020,HEF,VA,AEA,EN,Towers with Radar,0,9,34,4,47,0,13,85,5,103,0,22,119,9,150,80,4,84,234
08/12/2020,HEF,VA,AEA,EN,Towers with Radar,0,8,33,2,43,0,20,76,5,101,0,28,109,7,144,72,0,72,216
08/13/2020,HEF,VA,AEA,EN,Towers with Radar,0,11,17,3,31,0,2,11,2,15,0,13,28,5,46,12,0,12,58
08/14/2020,HEF,VA,AEA,EN,Towers with Radar,0,15,30,1,46,0,10,20,3,33,0,25,50,4,79,90,6,96,175
08/15/2020,HEF,VA,AEA,EN,Towers with Radar,0,7,21,2,30,0,25,40,0,65,0,32,61,2,95,88,0,88,183
08/16/2020,HEF,VA,AEA,EN,Towers with Radar,0,10,41,1,52,0,12,13,2,27,0,22,54,3,79,4,0,4,83
08/17/2020,HEF,VA,AEA,EN,Towers with Radar,0,8,32,5,45,0,25,40,7,72,0,33,72,12,117,99,0,99,216
08/18/2020,HEF,VA,AEA,EN,Towers with Radar,0,10,31,2,43,0,25,105,9,139,0,35,136,11,182,90,0,90,272
08/19/2020,HEF,VA,AEA,EN,Towers with Radar,0,14,31,2,47,0,23,67,10,100,0,37,98,12,147,80,0,80,227
08/20/2020,HEF,VA,AEA,EN,Towers with Radar,0,10,28,3,41,0,27,116,8,151,0,37,144,11,192,134,0,134,326
08/21/2020,HEF,VA,AEA,EN,Towers with Radar,0,12,39,3,54,0,27,72,5,104,0,39,111,8,158,197,0,197,355
08/22/2020,HEF,VA,AEA,EN,Towers with Radar,0,11,23,1,35,0,6,18,1,25,0,17,41,2,60,101,0,101,161
08/23/2020,HEF,VA,AEA,EN,Towers with Radar,0,6,43,0,49,0,16,96,0,112,0,22,139,0,161,146,0,146,307
08/24/2020,HEF,VA,AEA,EN,Towers with Radar,0,11,21,4,36,0,23,56,2,81,0,34,77,6,117,31,0,31,148
08/25/2020,HEF,VA,AEA,EN,Towers with Radar,0,6,34,7,47,0,26,60,9,95,0,32,94,16,142,170,15,185,327
08/26/2020,HEF,VA,AEA,EN,Towers with Radar,0,9,36,6,51,0,26,130,8,164,0,35,166,14,215,154,0,154,369
08/27/2020,HEF,VA,AEA,EN,Towers with Radar,0,13,46,1,60,0,22,86,7,115,0,35,132,8,175,74,6,80,255
08/28/2020,HEF,VA,AEA,EN,Towers with Radar,0,12,41,0,53,0,20,109,2,131,0,32,150,2,184,104,0,104,288
08/29/2020,HEF,VA,AEA,EN,Towers with Radar,0,8,24,0,32,0,7,4,0,11,0,15,28,0,43,0,0,0,43
08/30/2020,HEF,VA,AEA,EN,Towers with Radar,0,15,44,0,59,0,28,164,0,192,0,43,208,0,251,24,0,24,275
08/31/2020,HEF,VA,AEA,EN,Towers with Radar,0,4,24,5,33,0,3,26,6,35,0,7,50,11,68,65,0,65,133
09/01/2020,HEF,VA,AEA,EN,Towers with Radar,0,16,21,4,41,0,1,3,2,6,0,17,24,6,47,2,0,2,49
09/02/2020,HEF,VA,AEA,EN,Towers with Radar,0,16,32,2,50,0,13,46,7,66,0,29,78,9,116,46,0,46,162
09/03/2020,HEF,VA,AEA,EN,Towers with Radar,0,12,37,1,50,0,27,55,1,83,0,39,92,2,133,71,0,71,204
09/04/2020,HEF,VA,AEA,EN,Towers with Radar,0,10,48,3,61,0,32,122,3,157,0,42,170,6,218,34,0,34,252
09/05/2020,HEF,VA,AEA,EN,Towers with Radar,0,5,26,0,31,0,35,125,0,160,0,40,151,0,191,91,0,91,282
09/06/2020,HEF,VA,AEA,EN,Towers with Radar,0,13,30,0,43,0,14,131,0,145,0,27,161,0,188,72,0,72,260
09/07/2020,HEF,VA,AEA,EN,Towers with Radar,0,9,47,1,57,0,31,126,1,158,0,40,173,2,215,86,0,86,301
09/08/2020,HEF,VA,AEA,EN,Towers with Radar,0,10,32,3,45,0,34,82,7,123,0,44,114,10,168,99,0,99,267
09/09/2020,HEF,VA,AEA,EN,Towers with Radar,0,17,39,9,65,0,7,5,1,13,0,24,44,10,78,18,0,18,96
09/10/2020,HEF,VA,AEA,EN,Towers with Radar,0,12,35,2,49,0,6,7,2,15,0,18,42,4,64,0,0,0,64
09/11/2020,HEF,VA,AEA,EN,Towers with Radar,0,14,46,0,60,0,16,59,0,75,0,30,105,0,135,142,0,142,277
09/12/2020,HEF,VA,AEA,EN,Towers with Radar,0,8,37,2,47,0,17,56,0,73,0,25,93,2,120,162,0,162,282
09/13/2020,HEF,VA,AEA,EN,Towers with Radar,0,11,31,0,42,0,27,116,0,143,0,38,147,0,185,110,0,110,295
09/14/2020,HEF,VA,AEA,EN,Towers with Radar,0,7,30,0,37,0,26,101,3,130,0,33,131,3,167,40,0,40,207
09/15/2020,HEF,VA,AEA,EN,Towers with Radar,0,10,29,1,40,0,33,131,10,174,0,43,160,11,214,75,0,75,289
09/16/2020,HEF,VA,AEA,EN,Towers with Radar,0,14,32,1,47,0,28,91,4,123,0,42,123,5,170,130,0,130,300
09/17/2020,HEF,VA,AEA,EN,Towers with Radar,0,6,24,1,31,0,11,29,2,42,0,17,53,3,73,133,6,139,212
09/18/2020,HEF,VA,AEA,EN,Towers with Radar,0,21,25,0,46,0,16,44,4,64,0,37,69,4,110,98,0,98,208
09/19/2020,HEF,VA,AEA,EN,Towers with Radar,0,8,30,0,38,0,26,128,0,154,0,34,158,0,192,88,0,88,280
09/20/2020,HEF,VA,AEA,EN,Towers with Radar,0,11,52,0,63,0,19,152,1,172,0,30,204,1,235,87,0,87,322
09/21/2020,HEF,VA,AEA,EN,Towers with Radar,0,11,34,1,46,0,32,87,7,126,0,43,121,8,172,41,0,41,213
09/22/2020,HEF,VA,AEA,EN,Towers with Radar,0,13,36,1,50,0,29,79,9,117,0,42,115,10,167,122,2,124,291
09/23/2020,HEF,VA,AEA,EN,Towers with Radar,0,11,48,12,71,0,27,143,2,172,0,38,191,14,243,184,14,198,441
09/24/2020,HEF,VA,AEA,EN,Towers with Radar,0,8,34,4,46,0,23,100,15,138,0,31,134,19,184,224,14,238,422
09/25/2020,HEF,VA,AEA,EN,Towers with Radar,0,15,48,0,63,0,17,32,4,53,0,32,80,4,116,114,0,114,230
09/26/2020,HEF,VA,AEA,EN,Towers with Radar,0,14,49,1,64,0,3,3,1,7,0,17,52,2,71,26,0,26,97
09/27/2020,HEF,VA,AEA,EN,Towers with Radar,0,3,62,0,65,0,14,88,0,102,0,17,150,0,167,190,0,190,357
09/28/2020,HEF,VA,AEA,EN,Towers with Radar,0,5,43,6,54,0,13,65,5,83,0,18,108,11,137,71,10,81,218
09/29/2020,HEF,VA,AEA,EN,Towers with Radar,0,21,25,0,46,0,3,6,0,9,0,24,31,0,55,81,10,91,146
09/30/2020,HEF,VA,AEA,EN,Towers with Radar,0,20,45,6,71,0,37,107,7,151,0,57,152,13,222,175,20,195,417
10/01/2020,HEF,VA,AEA,EN,Towers with Radar,0,17,41,4,62,0,48,104,6,158,0,65,145,10,220,159,4,163,383
10/02/2020,HEF,VA,AEA,EN,Towers with Radar,0,17,45,2,64,0,22,86,5,113,0,39,131,7,177,164,0,164,341
10/03/2020,HEF,VA,AEA,EN,Towers with Radar,0,11,36,1,48,0,28,160,2,190,0,39,196,3,238,205,0,205,443
10/04/2020,HEF,VA,AEA,EN,Towers with Radar,0,15,39,0,54,0,18,104,2,124,0,33,143,2,178,174,0,174,352
10/05/2020,HEF,VA,AEA,EN,Towers with Radar,0,8,38,4,50,0,27,68,7,102,0,35,106,11,152,36,17,53,205
10/06/2020,HEF,VA,AEA,EN,Towers with Radar,0,15,39,4,58,0,26,80,6,112,0,41,119,10,170,107,0,107,277
10/07/2020,HEF,VA,AEA,EN,Towers with Radar,0,15,29,0,44,0,26,96,3,125,0,41,125,3,169,81,0,81,250
10/08/2020,HEF,VA,AEA,EN,Towers with Radar,0,8,39,3,50,0,22,79,1,102,0,30,118,4,152,116,0,116,268
10/09/2020,HEF,VA,AEA,EN,Towers with Radar,0,24,45,5,74,0,25,144,1,170,0,49,189,6,244,100,0,100,344
10/10/2020,HEF,VA,AEA,EN,Towers with Radar,0,9,40,2,51,0,23,97,0,120,0,32,137,2,171,148,0,148,319
10/11/2020,HEF,VA,AEA,EN,Towers with Radar,0,4,38,0,42,0,1,0,0,1,0,5,38,0,43,0,0,0,43
10/12/2020,HEF,VA,AEA,EN,Towers with Radar,0,9,34,0,43,0,0,0,0,0,0,9,34,0,43,0,0,0,43
10/13/2020,HEF,VA,AEA,EN,Towers with Radar,0,13,27,3,43,0,20,29,2,51,0,33,56,5,94,90,0,90,184
10/14/2020,HEF,VA,AEA,EN,Towers with Radar,0,19,48,8,75,0,41,126,7,174,0,60,174,15,249,68,0,68,317
10/15/2020,HEF,VA,AEA,EN,Towers with Radar,0,13,44,5,62,0,30,120,5,155,0,43,164,10,217,71,0,71,288
10/16/2020,HEF,VA,AEA,EN,Towers with Radar,0,21,23,5,49,0,24,38,4,66,0,45,61,9,115,66,0,66,181
10/17/2020,HEF,VA,AEA,EN,Towers with Radar,0,10,36,0,46,0,48,142,0,190,0,58,178,0,236,111,0,111,347
10/18/2020,HEF,VA,AEA,EN,Towers with Radar,0,11,37,2,50,0,27,157,1,185,0,38,194,3,235,124,0,124,359
10/19/2020,HEF,VA,AEA,EN,Towers with Radar,0,13,36,5,54,0,13,30,0,43,0,26,66,5,97,0,0,0,97
10/20/2020,HEF,VA,AEA,EN,Towers with Radar,0,11,41,1,53,0,38,87,8,133,0,49,128,9,186,0,0,0,186
10/21/2020,HEF,VA,AEA,EN,Towers with Radar,0,9,29,3,41,0,18,53,2,73,0,27,82,5,114,85,0,85,199
10/22/2020,HEF,VA,AEA,EN,Towers with Radar,0,13,30,0,43,0,28,65,0,93,0,41,95,0,136,88,0,88,224
10/23/2020,HEF,VA,AEA,EN,Towers with Radar,0,14,45,3,62,0,36,85,0,121,0,50,130,3,183,58,0,58,241
10/24/2020,HEF,VA,AEA,EN,Towers with Radar,0,12,32,0,44,0,44,113,0,157,0,56,145,0,201,186,0,186,387
10/25/2020,HEF,VA,AEA,EN,Towers with Radar,0,10,37,0,47,0,0,1,0,1,0,10,38,0,48,0,0,0,48
10/26/2020,HEF,VA,AEA,EN,Towers with Radar,0,13,32,0,45,0,5,17,1,23,0,18,49,1,68,0,0,0,68
10/27/2020,HEF,VA,AEA,EN,Towers with Radar,0,26,27,4,57,0,22,74,2,98,0,48,101,6,155,207,0,207,362
10/28/2020,HEF,VA,AEA,EN,Towers with Radar,0,20,41,6,67,0,18,44,4,66,0,38,85,10,133,115,0,115,248
10/29/2020,HEF,VA,AEA,EN,Towers with Radar,0,13,18,0,31,0,0,0,0,0,0,13,18,0,31,0,0,0,31
10/30/2020,HEF,VA,AEA,EN,Towers with Radar,0,20,37,4,61,0,16,29,2,47,0,36,66,6,108,77,0,77,185
10/31/2020,HEF,VA,AEA,EN,Towers with Radar,0,14,44,2,60,0,28,143,0,171,0,42,187,2,231,110,0,110,341
11/01/2020,HEF,VA,AEA,EN,Towers with Radar,0,4,20,0,24,0,5,6,0,11,0,9,26,0,35,34,0,34,69
11/02/2020,HEF,VA,AEA,EN,Towers with Radar,0,8,19,0,27,0,3,18,2,23,0,11,37,2,50,0,0,0,50
11/03/2020,HEF,VA,AEA,EN,Towers with Radar,0,11,28,3,42,0,25,64,8,97,0,36,92,11,139,76,0,76,215
11/04/2020,HEF,VA,AEA,EN,Towers with Radar,0,13,40,5,58,0,36,141,6,183,0,49,181,11,241,86,0,86,327
11/05/2020,HEF,VA,AEA,EN,Towers with Radar,0,8,41,4,53,0,31,87,6,124,0,39,128,10,177,158,0,158,335
11/06/2020,HEF,VA,AEA,EN,Towers with Radar,0,10,43,5,58,0,37,104,5,146,0,47,147,10,204,108,0,108,312
11/07/2020,HEF,VA,AEA,EN,Towers with Radar,0,11,46,0,57,0,35,159,0,194,0,46,205,0,251,160,0,160,411
11/08/2020,HEF,VA,AEA,EN,Towers with Radar,0,8,45,2,55,0,28,107,1,136,0,36,152,3,191,140,0,140,331
11/09/2020,HEF,VA,AEA,EN,Towers with Radar,0,9,25,1,35,0,29,85,6,120,0,38,110,7,155,152,0,152,307
11/10/2020,HEF,VA,AEA,EN,Towers with Radar,0,16,39,1,56,0,41,109,6,156,0,57,148,7,212,98,0,98,310
11/11/2020,HEF,VA,AEA,EN,Towers with Radar,0,14,7,3,24,0,0,0,0,0,0,14,7,3,24,0,0,0,24
11/12/2020,HEF,VA,AEA,EN,Towers with Radar,0,16,20,5,41,0,7,23,4,34,0,23,43,9,75,8,7,15,90
11/13/2020,HEF,VA,AEA,EN,Towers with Radar,0,14,38,2,54,0,33,97,4,134,0,47,135,6,188,131,0,131,319
11/14/2020,HEF,VA,AEA,EN,Towers with Radar,0,6,38,2,46,0,42,173,0,215,0,48,211,2,261,94,0,94,355
11/15/2020,HEF,VA,AEA,EN,Towers with Radar,0,1,20,0,21,0,1,14,0,15,0,2,34,0,36,26,0,26,62
11/16/2020,HEF,VA,AEA,EN,Towers with Radar,0,7,33,3,43,0,25,43,3,71,0,32,76,6,114,54,6,60,174
11/17/2020,HEF,VA,AEA,EN,Towers with Radar,0,4,21,2,27,0,5,20,0,25,0,9,41,2,52,44,0,44,96
11/18/2020,HEF,VA,AEA,EN,Towers with Radar,0,12,44,5,61,0,27,57,3,87,0,39,101,8,148,69,13,82,230
11/19/2020,HEF,VA,AEA,EN,Towers with Radar,0,18,36,6,60,0,22,87,8,117,0,40,123,14,177,106,5,111,288
11/20/2020,HEF,VA,AEA,EN,Towers with Radar,0,14,45,5,64,0,32,111,4,147,0,46,156,9,211,107,0,107,318
11/21/2020,HEF,VA,AEA,EN,Towers with Radar,0,16,44,2,62,0,36,141,3,180,0,52,185,5,242,91,0,91,333
11/22/2020,HEF,VA,AEA,EN,Towers with Radar,0,11,37,0,48,0,13,44,0,57,0,24,81,0,105,215,0,215,320
11/23/2020,HEF,VA,AEA,EN,Towers with Radar,0,8,26,4,38,0,2,11,3,16,0,10,37,7,54,6,5,11,65
11/24/2020,HEF,VA,AEA,EN,Towers with Radar,0,14,33,6,53,0,36,109,6,151,0,50,142,12,204,154,2,156,360
11/25/2020,HEF,VA,AEA,EN,Towers with Radar,0,12,36,3,51,0,16,58,0,74,0,28,94,3,125,51,0,51,176
11/26/2020,HEF,VA,AEA,EN,Towers with Radar,0,4,4,0,8,0,6,6,0,12,0,10,10,0,20,19,0,19,39
11/27/2020,HEF,VA,AEA,EN,Towers with Radar,0,7,22,0,29,0,27,47,1,75,0,34,69,1,104,55,0,55,159
11/28/2020,HEF,VA,AEA,EN,Towers with Radar,0,13,44,1,58,0,29,114,0,143,0,42,158,1,201,109,0,109,310
11/29/2020,HEF,VA,AEA,EN,Towers with Radar,0,16,49,3,68,0,17,95,0,112,0,33,144,3,180,186,0,186,366
11/30/2020,HEF,VA,AEA,EN,Towers with Radar,0,11,26,0,37,0,1,0,1,2,0,12,26,1,39,0,0,0,39
12/01/2020,HEF,VA,AEA,EN,Towers with Radar,0,9,27,3,39,0,14,26,6,46,0,23,53,9,85,0,0,0,85
12/02/2020,HEF,VA,AEA,EN,Towers with Radar,0,6,43,6,55,0,28,49,11,88,0,34,92,17,143,90,0,90,233
12/03/2020,HEF,VA,AEA,EN,Towers with Radar,0,16,36,1,53,0,26,107,12,145,0,42,143,13,198,153,2,155,353
12/04/2020,HEF,VA,AEA,EN,Towers with Radar,0,21,32,2,55,0,16,42,15,73,0,37,74,17,128,196,0,196,324
12/05/2020,HEF,VA,AEA,EN,Towers with Radar,0,7,5,2,14,0,9,24,0,33,0,16,29,2,47,26,0,26,73
12/06/2020,HEF,VA,AEA,EN,Towers with Radar,0,10,32,1,43,0,13,106,1,120,0,23,138,2,163,128,0,128,291
12/07/2020,HEF,VA,AEA,EN,Towers with Radar,0,14,16,1,31,0,22,62,9,93,0,36,78,10,124,172,0,172,296
12/08/2020,HEF,VA,AEA,EN,Towers with Radar,0,13,27,3,43,0,32,30,10,72,0,45,57,13,115,44,0,44,159
12/09/2020,HEF,VA,AEA,EN,Towers with Radar,0,19,30,2,51,0,34,66,16,116,0,53,96,18,167,170,0,170,337
12/10/2020,HEF,VA,AEA,EN,Towers with Radar,0,16,53,3,72,0,25,117,12,154,0,41,170,15,226,187,0,187,413
12/11/2020,HEF,VA,AEA,EN,Towers with Radar,0,16,42,4,62,0,28,116,10,154,0,44,158,14,216,144,0,144,360
12/12/2020,HEF,VA,AEA,EN,Towers with Radar,0,13,34,2,49,0,16,76,0,92,0,29,110,2,141,214,0,214,355
12/13/2020,HEF,VA,AEA,EN,Towers with Radar,0,11,36,0,47,0,30,96,0,126,0,41,132,0,173,184,0,184,357
12/14/2020,HEF,VA,AEA,EN,Towers with Radar,0,5,9,0,14,0,7,2,2,11,0,12,11,2,25,0,0,0,25
12/15/2020,HEF,VA,AEA,EN,Towers with Radar,0,20,41,0,61,0,28,99,11,138,0,48,140,11,199,155,0,155,354
12/16/2020,HEF,VA,AEA,EN,Towers with Radar,0,4,6,0,10,0,6,0,0,6,0,10,6,0,16,22,0,22,38
12/17/2020,HEF,VA,AEA,EN,Towers with Radar,0,13,31,4,48,0,19,26,10,55,0,32,57,14,103,118,0,118,221
12/18/2020,HEF,VA,AEA,EN,Towers with Radar,0,18,31,0,49,0,20,49,8,77,0,38,80,8,126,171,0,171,297
12/19/2020,HEF,VA,AEA,EN,Towers with Radar,0,11,30,0,41,0,31,113,0,144,0,42,143,0,185,214,0,214,399
12/20/2020,HEF,VA,AEA,EN,Towers with Radar,0,12,31,0,43,0,1,10,0,11,0,13,41,0,54,133,0,133,187
12/21/2020,HEF,VA,AEA,EN,Towers with Radar,0,7,34,0,41,0,15,18,1,34,0,22,52,1,75,139,0,139,214
12/22/2020,HEF,VA,AEA,EN,Towers with Radar,0,19,27,0,46,0,14,27,7,48,0,33,54,7,94,0,0,0,94
12/23/2020,HEF,VA,AEA,EN,Towers with Radar,0,15,38,0,53,0,36,105,1,142,0,51,143,1,195,126,0,126,321
12/24/2020,HEF,VA,AEA,EN,Towers with Radar,0,6,6,0,12,0,1,1,0,2,0,7,7,0,14,0,0,0,14
12/25/2020,HEF,VA,AEA,EN,Towers with Radar,0,4,8,1,13,0,2,4,0,6,0,6,12,1,19,0,0,0,19
12/26/2020,HEF,VA,AEA,EN,Towers with Radar,0,10,21,0,31,0,17,50,0,67,0,27,71,0,98,64,0,64,162
12/27/2020,HEF,VA,AEA,EN,Towers with Radar,0,19,45,2,66,0,29,105,0,134,0,48,150,2,200,148,0,148,348
12/28/2020,HEF,VA,AEA,EN,Towers with Radar,0,12,30,0,42,0,16,88,6,110,0,28,118,6,152,0,0,0,152
12/29/2020,HEF,VA,AEA,EN,Towers with Radar,0,12,26,0,38,0,12,62,7,81,0,24,88,7,119,130,0,130,249
12/30/2020,HEF,VA,AEA,EN,Towers with Radar,0,11,49,0,60,0,20,89,8,117,0,31,138,8,177,120,0,120,297
12/31/2020,HEF,VA,AEA,EN,Towers with Radar,0,5,17,0,22,0,3,36,6,45,0,8,53,6,67,23,0,23,90
01/01/2021,HEF,VA,AEA,EN,Towers with Radar,0,7,5,0,12,0,5,2,0,7,0,12,7,0,19,6,0,6,25
01/02/2021,HEF,VA,AEA,EN,Towers with Radar,0,13,50,0,63,0,18,79,0,97,0,31,129,0,160,110,0,110,270
01/03/2021,HEF,VA,AEA,EN,Towers with Radar,0,10,38,2,50,0,0,0,0,0,0,10,38,2,50,0,0,0,50
01/04/2021,HEF,VA,AEA,EN,Towers with Radar,0,9,33,0,42,0,21,61,10,92,0,30,94,10,134,222,0,222,356
01/05/2021,HEF,VA,AEA,EN,Towers with Radar,0,17,47,2,66,0,7,4,3,14,0,24,51,5,80,64,0,64,144
01/06/2021,HEF,VA,AEA,EN,Towers with Radar,0,16,53,2,71,0,25,56,9,90,0,41,109,11,161,76,0,76,237
01/07/2021,HEF,VA,AEA,EN,Towers with Radar,0,22,53,4,79,0,18,83,11,112,0,40,136,15,191,169,21,190,381
01/08/2021,HEF,VA,AEA,EN,Towers with Radar,0,17,19,4,40,0,20,52,7,79,0,37,71,11,119,122,0,122,241
01/09/2021,HEF,VA,AEA,EN,Towers with Radar,0,8,35,2,45,0,27,96,0,123,0,35,131,2,168,132,0,132,300
01/10/2021,HEF,VA,AEA,EN,Towers with Radar,0,7,34,0,41,0,23,127,2,152,0,30,161,2,193,161,0,161,354
01/11/2021,HEF,VA,AEA,EN,Towers with Radar,0,20,17,2,39,0,12,51,7,70,0,32,68,9,109,119,0,119,228
01/12/2021,HEF,VA,AEA,EN,Towers with Radar,0,10,20,3,33,0,24,60,5,89,0,34,80,8,122,107,0,107,229
01/13/2021,HEF,VA,AEA,EN,Towers with Radar,0,19,26,9,54,0,28,57,17,102,0,47,83,26,156,39,8,47,203
01/14/2021,HEF,VA,AEA,EN,Towers with Radar,0,14,28,7,49,0,20,82,11,113,0,34,110,18,162,67,0,67,229
01/15/2021,HEF,VA,AEA,EN,Towers with Radar,0,13,32,3,48,0,23,55,10,88,0,36,87,13,136,174,0,174,310
01/16/2021,HEF,VA,AEA,EN,Towers with Radar,0,12,22,0,34,0,27,65,11,103,0,39,87,11,137,168,0,168,305
01/17/2021,HEF,VA,AEA,EN,Towers with Radar,0,7,28,3,38,0,20,91,11,122,0,27,119,14,160,98,0,98,258
01/18/2021,HEF,VA,AEA,EN,Towers with Radar,0,8,26,1,35,0,24,73,15,112,0,32,99,16,147,62,0,62,209
01/19/2021,HEF,VA,AEA,EN,Towers with Radar,0,5,18,7,30,0,13,51,18,82,0,18,69,25,112,52,0,52,164
01/20/2021,HEF,VA,AEA,EN,Towers with Radar,0,15,17,1,33,0,6,12,19,37,0,21,29,20,70,0,0,0,70
01/21/2021,HEF,VA,AEA,EN,Towers with Radar,0,14,30,1,45,0,30,77,8,115,0,44,107,9,160,52,6,58,218
01/22/2021,HEF,VA,AEA,EN,Towers with Radar,0,14,23,1,38,0,21,82,4,107,0,35,105,5,145,74,0,74,219
01/23/2021,HEF,VA,AEA,EN,Towers with Radar,0,15,21,0,36,0,17,41,0,58,0,32,62,0,94,25,0,25,119
01/24/2021,HEF,VA,AEA,EN,Towers with Radar,0,8,32,0,40,0,34,124,0,158,0,42,156,0,198,254,0,254,452
01/25/2021,HEF,VA,AEA,EN,Towers with Radar,0,6,8,0,14,0,3,23,5,31,0,9,31,5,45,84,0,84,129
01/26/2021,HEF,VA,AEA,EN,Towers with Radar,0,6,7,0,13,0,0,0,0,0,0,6,7,0,13,0,0,0,13
01/27/2021,HEF,VA,AEA,EN,Towers with Radar,0,9,25,2,36,0,15,53,10,78,0,24,78,12,114,100,0,100,214
01/28/2021,HEF,VA,AEA,EN,Towers with Radar,0,4,18,2,24,0,5,11,7,23,0,9,29,9,47,0,0,0,47
01/29/2021,HEF,VA,AEA,EN,Towers with Radar,0,11,13,0,24,0,15,20,4,39,0,26,33,4,63,19,0,19,82
01/30/2021,HEF,VA,AEA,EN,Towers with Radar,0,14,29,0,43,0,39,143,0,182,0,53,172,0,225,167,0,167,392
01/31/2021,HEF,VA,AEA,EN,Towers with Radar,0,0,0,0,0,0,0,0,0,0,0,0,0,0,0,0,0,0,0
02/01/2021,HEF,VA,AEA,EN,Towers with Radar,0,1,0,0,1,0,0,0,0,0,0,1,0,0,1,0,0,0,1
02/02/2021,HEF,VA,AEA,EN,Towers with Radar,0,8,4,0,12,0,3,3,4,10,0,11,7,4,22,0,0,0,22
02/03/2021,HEF,VA,AEA,EN,Towers with Radar,0,14,15,3,32,0,6,1,7,14,0,20,16,10,46,10,0,10,56
02/04/2021,HEF,VA,AEA,EN,Towers with Radar,0,23,28,1,52,0,31,95,8,134,0,54,123,9,186,130,0,130,316
02/05/2021,HEF,VA,AEA,EN,Towers with Radar,0,18,24,2,44,0,12,66,8,86,0,30,90,10,130,131,0,131,261
02/06/2021,HEF,VA,AEA,EN,Towers with Radar,0,13,25,3,41,0,31,138,1,170,0,44,163,4,211,207,0,207,418
02/07/2021,HEF,VA,AEA,EN,Towers with Radar,0,3,13,0,16,0,2,4,0,6,0,5,17,0,22,12,0,12,34
02/08/2021,HEF,VA,AEA,EN,Towers with Radar,0,20,33,6,59,0,22,76,6,104,0,42,109,12,163,76,0,76,239
02/09/2021,HEF,VA,AEA,EN,Towers with Radar,0,10,15,4,29,0,28,74,9,111,0,38,89,13,140,205,0,205,345
02/10/2021,HEF,VA,AEA,EN,Towers with Radar,0,9,31,2,42,0,19,49,8,76,0,28,80,10,118,69,0,69,187
02/11/2021,HEF,VA,AEA,EN,Towers with Radar,0,10,6,0,16,0,0,0,0,0,0,10,6,0,16,0,0,0,16
02/12/2021,HEF,VA,AEA,EN,Towers with Radar,0,12,15,0,27,0,0,7,6,13,0,12,22,6,40,12,0,12,52
02/13/2021,HEF,VA,AEA,EN,Towers with Radar,0,10,2,0,12,0,0,0,0,0,0,10,2,0,12,0,0,0,12
02/14/2021,HEF,VA,AEA,EN,Towers with Radar,0,9,14,0,23,0,0,3,0,3,0,9,17,0,26,20,0,20,46
02/15/2021,HEF,VA,AEA,EN,Towers with Radar,0,6,17,0,23,0,2,2,0,4,0,8,19,0,27,58,0,58,85
02/16/2021,HEF,VA,AEA,EN,Towers with Radar,0,15,11,2,28,0,0,5,1,6,0,15,16,3,34,34,2,36,70
02/17/2021,HEF,VA,AEA,EN,Towers with Radar,0,32,37,6,75,0,40,119,6,165,0,72,156,12,240,156,0,156,396
02/18/2021,HEF,VA,AEA,EN,Towers with Radar,0,4,4,0,8,0,0,0,0,0,0,4,4,0,8,0,0,0,8
02/19/2021,HEF,VA,AEA,EN,Towers with Radar,0,13,12,0,25,0,3,4,0,7,0,16,16,0,32,34,0,34,66
02/20/2021,HEF,VA,AEA,EN,Towers with Radar,0,12,19,4,35,0,13,40,0,53,0,25,59,4,88,14,0,14,102
02/21/2021,HEF,VA,AEA,EN,Towers with Radar,0,10,35,0,45,0,22,165,2,189,0,32,200,2,234,124,0,124,358
02/22/2021,HEF,VA,AEA,EN,Towers with Radar,0,3,15,2,20,0,0,2,0,2,0,3,17,2,22,4,0,4,26
02/23/2021,HEF,VA,AEA,EN,Towers with Radar,0,7,23,2,32,0,5,22,8,35,0,12,45,10,67,101,0,101,168
02/24/2021,HEF,VA,AEA,EN,Towers with Radar,0,25,55,2,82,0,32,102,7,141,0,57,157,9,223,210,0,210,433
02/25/2021,HEF,VA,AEA,EN,Towers with Radar,0,30,31,4,65,0,31,108,9,148,0,61,139,13,213,166,0,166,379
02/26/2021,HEF,VA,AEA,EN,Towers with Radar,0,13,39,4,56,0,35,88,7,130,0,48,127,11,186,309,0,309,495
02/27/2021,HEF,VA,AEA,EN,Towers with Radar,0,13,24,3,40,0,20,27,0,47,0,33,51,3,87,172,0,172,259
02/28/2021,HEF,VA,AEA,EN,Towers with Radar,0,12,11,0,23,0,0,0,0,0,0,12,11,0,23,0,0,0,23
03/01/2021,HEF,VA,AEA,EN,Towers with Radar,0,6,19,3,28,0,3,6,8,17,0,9,25,11,45,0,14,14,59
03/02/2021,HEF,VA,AEA,EN,Towers with Radar,0,15,18,4,37,0,31,87,9,127,0,46,105,13,164,144,0,144,308
03/03/2021,HEF,VA,AEA,EN,Towers with Radar,0,16,36,4,56,0,33,94,10,137,0,49,130,14,193,184,0,184,377
03/04/2021,HEF,VA,AEA,EN,Towers with Radar,0,19,28,3,50,0,23,53,10,86,0,42,81,13,136,90,3,93,229
03/05/2021,HEF,VA,AEA,EN,Towers with Radar,0,16,42,6,64,0,26,57,6,89,0,42,99,12,153,77,0,77,230
03/06/2021,HEF,VA,AEA,EN,Towers with Radar,1,9,22,2,34,0,43,91,0,134,1,52,113,2,168,119,0,119,287
03/07/2021,HEF,VA,AEA,EN,Towers with Radar,0,8,45,1,54,0,23,142,0,165,0,31,187,1,219,186,0,186,405
03/08/2021,HEF,VA,AEA,EN,Towers with Radar,0,16,31,4,51,0,23,93,8,124,0,39,124,12,175,147,4,151,326
03/09/2021,HEF,VA,AEA,EN,Towers with Radar,0,13,22,1,36,0,32,86,7,125,0,45,108,8,161,270,0,270,431
03/10/2021,HEF,VA,AEA,EN,Towers with Radar,0,17,18,2,37,0,21,107,12,140,0,38,125,14,177,307,0,307,484
03/11/2021,HEF,VA,AEA,EN,Towers with Radar,0,18,30,0,48,0,22,78,6,106,0,40,108,6,154,158,0,158,312
03/12/2021,HEF,VA,AEA,EN,Towers with Radar,0,11,23,1,35,0,31,73,3,107,0,42,96,4,142,283,0,283,425
03/13/2021,HEF,VA,AEA,EN,Towers with Radar,0,18,30,3,51,0,42,135,2,179,0,60,165,5,230,238,0,238,468
03/14/2021,HEF,VA,AEA,EN,Towers with Radar,0,10,44,2,56,0,11,51,0,62,0,21,95,2,118,109,0,109,227
03/15/2021,HEF,VA,AEA,EN,Towers with Radar,0,13,36,1,50,0,10,71,8,89,0,23,107,9,139,160,0,160,299
03/16/2021,HEF,VA,AEA,EN,Towers with Radar,0,14,26,1,41,0,5,11,9,25,0,19,37,10,66,62,0,62,128
03/17/2021,HEF,VA,AEA,EN,Towers with Radar,0,9,41,4,54,0,4,9,3,16,0,13,50,7,70,224,0,224,294
03/18/2021,HEF,VA,AEA,EN,Towers with Radar,0,12,14,2,28,0,0,0,0,0,0,12,14,2,28,0,0,0,28
03/19/2021,HEF,VA,AEA,EN,Towers with Radar,0,17,39,3,59,0,8,28,11,47,0,25,67,14,106,3,0,3,109
03/20/2021,HEF,VA,AEA,EN,Towers with Radar,0,14,37,0,51,0,50,202,0,252,0,64,239,0,303,180,0,180,483
03/21/2021,HEF,VA,AEA,EN,Towers with Radar,0,10,30,1,41,0,31,182,0,213,0,41,212,1,254,150,0,150,404
03/22/2021,HEF,VA,AEA,EN,Towers with Radar,0,15,40,2,57,0,25,88,9,122,0,40,128,11,179,183,0,183,362
03/23/2021,HEF,VA,AEA,EN,Towers with Radar,0,16,41,2,59,0,24,65,11,100,0,40,106,13,159,270,0,270,429
03/24/2021,HEF,VA,AEA,EN,Towers with Radar,0,19,30,2,51,0,0,0,0,0,0,19,30,2,51,0,0,0,51
03/25/2021,HEF,VA,AEA,EN,Towers with Radar,0,18,39,2,59,0,0,5,3,8,0,18,44,5,67,56,0,56,123
03/26/2021,HEF,VA,AEA,EN,Towers with Radar,0,8,37,4,49,0,3,10,4,17,0,11,47,8,66,16,0,16,82
03/27/2021,HEF,VA,AEA,EN,Towers with Radar,0,21,46,5,72,0,51,176,0,227,0,72,222,5,299,249,0,249,548
03/28/2021,HEF,VA,AEA,EN,Towers with Radar,0,20,16,0,36,0,0,2,0,2,0,20,18,0,38,0,0,0,38
03/29/2021,HEF,VA,AEA,EN,Towers with Radar,0,10,41,4,55,0,24,84,8,116,0,34,125,12,171,95,0,95,266
03/30/2021,HEF,VA,AEA,EN,Towers with Radar,0,23,40,5,68,0,42,110,6,158,0,65,150,11,226,175,0,175,401
03/31/2021,HEF,VA,AEA,EN,Towers with Radar,0,13,19,4,36,0,0,2,2,4,0,13,21,6,40,24,0,24,64
04/01/2021,HEF,VA,AEA,EN,Towers with Radar,0,11,32,6,49,0,7,27,6,40,0,18,59,12,89,74,0,74,163
04/02/2021,HEF,VA,AEA,EN,Towers with Radar,0,14,30,3,47,0,8,31,5,44,0,22,61,8,91,35,0,35,126
04/03/2021,HEF,VA,AEA,EN,Towers with Radar,0,22,40,0,62,0,35,146,0,181,0,57,186,0,243,203,0,203,446
04/04/2021,HEF,VA,AEA,EN,Towers with Radar,0,16,17,0,33,0,14,87,0,101,0,30,104,0,134,135,0,135,269
04/05/2021,HEF,VA,AEA,EN,Towers with Radar,0,24,32,4,60,0,38,106,6,150,0,62,138,10,210,175,2,177,387
04/06/2021,HEF,VA,AEA,EN,Towers with Radar,0,21,40,3,64,0,25,96,8,129,0,46,136,11,193,216,0,216,409
04/07/2021,HEF,VA,AEA,EN,Towers with Radar,0,24,33,4,61,0,34,106,5,145,0,58,139,9,206,160,0,160,366
04/08/2021,HEF,VA,AEA,EN,Towers with Radar,0,19,30,0,49,0,24,58,6,88,0,43,88,6,137,212,0,212,349
04/09/2021,HEF,VA,AEA,EN,Towers with Radar,0,24,41,2,67,0,0,2,0,2,0,24,43,2,69,20,0,20,89
04/10/2021,HEF,VA,AEA,EN,Towers with Radar,0,18,36,0,54,0,3,25,1,29,0,21,61,1,83,140,0,140,223
04/11/2021,HEF,VA,AEA,EN,Towers with Radar,0,12,37,0,49,0,11,89,0,100,0,23,126,0,149,207,0,207,356
04/12/2021,HEF,VA,AEA,EN,Towers with Radar,0,18,51,2,71,0,34,42,3,79,0,52,93,5,150,166,0,166,316
04/13/2021,HEF,VA,AEA,EN,Towers with Radar,0,22,38,2,62,0,24,47,1,72,0,46,85,3,134,186,0,186,320
04/14/2021,HEF,VA,AEA,EN,Towers with Radar,0,14,34,6,54,0,10,21,5,36,0,24,55,11,90,110,1,111,201
04/15/2021,HEF,VA,AEA,EN,Towers with Radar,0,14,26,4,44,0,33,56,7,96,0,47,82,11,140,163,0,163,303
04/16/2021,HEF,VA,AEA,EN,Towers with Radar,0,26,44,5,75,0,18,65,10,93,0,44,109,15,168,195,1,196,364
04/17/2021,HEF,VA,AEA,EN,Towers with Radar,0,13,33,4,50,0,47,119,0,166,0,60,152,4,216,311,0,311,527
04/18/2021,HEF,VA,AEA,EN,Towers with Radar,0,13,32,4,49,0,21,121,2,144,0,34,153,6,193,305,0,305,498
04/19/2021,HEF,VA,AEA,EN,Towers with Radar,0,16,26,7,49,0,18,51,8,77,0,34,77,15,126,197,0,197,323
04/20/2021,HEF,VA,AEA,EN,Towers with Radar,0,15,17,7,39,0,27,90,5,122,0,42,107,12,161,180,0,180,341
04/21/2021,HEF,VA,AEA,EN,Towers with Radar,0,17,24,4,45,0,2,13,9,24,0,19,37,13,69,30,0,30,99
04/22/2021,HEF,VA,AEA,EN,Towers with Radar,0,9,22,4,35,0,7,28,13,48,0,16,50,17,83,36,0,36,119
04/23/2021,HEF,VA,AEA,EN,Towers with Radar,0,19,45,5,69,0,32,121,5,158,0,51,166,10,227,154,0,154,381
04/24/2021,HEF,VA,AEA,EN,Towers with Radar,0,9,29,0,38,0,29,115,2,146,0,38,144,2,184,230,0,230,414
04/25/2021,HEF,VA,AEA,EN,Towers with Radar,0,9,27,0,36,0,10,30,0,40,0,19,57,0,76,64,0,64,140
04/26/2021,HEF,VA,AEA,EN,Towers with Radar,0,11,32,2,45,0,35,86,11,132,0,46,118,13,177,184,0,184,361
04/27/2021,HEF,VA,AEA,EN,Towers with Radar,0,16,39,2,57,0,28,121,12,161,0,44,160,14,218,261,2,263,481
04/28/2021,HEF,VA,AEA,EN,Towers with Radar,0,18,37,4,59,0,30,102,14,146,0,48,139,18,205,237,0,237,442
04/29/2021,HEF,VA,AEA,EN,Towers with Radar,0,14,20,3,37,0,11,42,5,58,0,25,62,8,95,130,0,130,225
04/30/2021,HEF,VA,AEA,EN,Towers with Radar,0,14,29,1,44,0,1,6,4,11,0,15,35,5,55,6,0,6,61
05/01/2021,HEF,VA,AEA,EN,Towers with Radar,0,12,23,7,42,0,31,117,0,148,0,43,140,7,190,122,0,122,312
05/02/2021,HEF,VA,AEA,EN,Towers with Radar,0,11,26,0,37,0,14,88,0,102,0,25,114,0,139,170,0,170,309
05/03/2021,HEF,VA,AEA,EN,Towers with Radar,0,21,28,0,49,0,6,12,9,27,0,27,40,9,76,86,0,86,162
05/04/2021,HEF,VA,AEA,EN,Towers with Radar,0,17,29,0,46,0,36,77,10,123,0,53,106,10,169,179,0,179,348
05/05/2021,HEF,VA,AEA,EN,Towers with Radar,0,20,24,2,46,0,12,18,5,35,0,32,42,7,81,22,0,22,103
05/06/2021,HEF,VA,AEA,EN,Towers with Radar,0,8,55,6,69,0,45,111,9,165,0,53,166,15,234,226,0,226,460
05/07/2021,HEF,VA,AEA,EN,Towers with Radar,0,14,47,2,63,0,21,58,8,87,0,35,105,10,150,148,0,148,298
05/08/2021,HEF,VA,AEA,EN,Towers with Radar,0,16,48,0,64,0,21,79,0,100,0,37,127,0,164,136,0,136,300
05/09/2021,HEF,VA,AEA,EN,Towers with Radar,0,13,40,0,53,0,12,45,0,57,0,25,85,0,110,72,0,72,182
05/10/2021,HEF,VA,AEA,EN,Towers with Radar,0,5,24,1,30,0,27,70,7,104,0,32,94,8,134,126,0,126,260
05/11/2021,HEF,VA,AEA,EN,Towers with Radar,0,12,36,0,48,0,35,94,8,137,0,47,130,8,185,177,0,177,362
05/12/2021,HEF,VA,AEA,EN,Towers with Radar,0,17,41,0,58,0,31,86,6,123,0,48,127,6,181,221,0,221,402
05/13/2021,HEF,VA,AEA,EN,Towers with Radar,0,13,33,4,50,0,32,98,14,144,0,45,131,18,194,184,0,184,378
05/14/2021,HEF,VA,AEA,EN,Towers with Radar,0,18,33,0,51,0,37,109,11,157,0,55,142,11,208,164,0,164,372
05/15/2021,HEF,VA,AEA,EN,Towers with Radar,0,12,46,0,58,0,38,158,2,198,0,50,204,2,256,224,0,224,480
05/16/2021,HEF,VA,AEA,EN,Towers with Radar,0,16,38,0,54,0,20,83,0,103,0,36,121,0,157,126,0,126,283
05/17/2021,HEF,VA,AEA,EN,Towers with Radar,0,11,22,3,36,0,32,80,6,118,0,43,102,9,154,176,2,178,332
05/18/2021,HEF,VA,AEA,EN,Towers with Radar,0,16,28,4,48,0,25,80,8,113,0,41,108,12,161,354,0,354,515
05/19/2021,HEF,VA,AEA,EN,Towers with Radar,0,15,47,5,67,0,44,120,4,168,0,59,167,9,235,247,0,247,482
05/20/2021,HEF,VA,AEA,EN,Towers with Radar,0,14,50,6,70,0,40,109,12,161,0,54,159,18,231,182,0,182,413
05/21/2021,HEF,VA,AEA,EN,Towers with Radar,0,21,65,4,90,0,34,123,0,157,0,55,188,4,247,230,0,230,477
05/22/2021,HEF,VA,AEA,EN,Towers with Radar,0,13,27,0,40,0,28,126,3,157,0,41,153,3,197,131,0,131,328
05/23/2021,HEF,VA,AEA,EN,Towers with Radar,0,11,43,0,54,0,17,102,0,119,0,28,145,0,173,107,0,107,280
05/24/2021,HEF,VA,AEA,EN,Towers with Radar,0,10,35,1,46,0,3,5,2,10,0,13,40,3,56,26,0,26,82
05/25/2021,HEF,VA,AEA,EN,Towers with Radar,0,13,49,10,72,0,14,54,13,81,0,27,103,23,153,152,0,152,305
05/26/2021,HEF,VA,AEA,EN,Towers with Radar,0,22,36,2,60,0,23,75,6,104,0,45,111,8,164,74,0,74,238
05/27/2021,HEF,VA,AEA,EN,Towers with Radar,0,23,40,4,67,0,34,106,9,149,0,57,146,13,216,168,6,174,390
05/28/2021,HEF,VA,AEA,EN,Towers with Radar,0,17,40,1,58,0,13,19,6,38,0,30,59,7,96,192,0,192,288
05/29/2021,HEF,VA,AEA,EN,Towers with Radar,0,14,34,0,48,0,0,3,0,3,0,14,37,0,51,2,0,2,53
05/30/2021,HEF,VA,AEA,EN,Towers with Radar,0,6,28,0,34,0,11,11,0,22,0,17,39,0,56,60,0,60,116
05/31/2021,HEF,VA,AEA,EN,Towers with Radar,0,14,55,0,69,0,30,143,0,173,0,44,198,0,242,108,0,108,350
06/01/2021,HEF,VA,AEA,EN,Towers with Radar,0,22,36,0,58,0,38,97,12,147,0,60,133,12,205,197,0,197,402
06/02/2021,HEF,VA,AEA,EN,Towers with Radar,0,18,47,4,69,0,33,97,13,143,0,51,144,17,212,180,0,180,392
06/03/2021,HEF,VA,AEA,EN,Towers with Radar,0,12,24,2,38,0,6,8,5,19,0,18,32,7,57,80,0,80,137
06/04/2021,HEF,VA,AEA,EN,Towers with Radar,0,22,35,3,60,0,23,55,9,87,0,45,90,12,147,139,0,139,286
06/05/2021,HEF,VA,AEA,EN,Towers with Radar,0,10,37,2,49,0,36,128,0,164,0,46,165,2,213,227,0,227,440
06/06/2021,HEF,VA,AEA,EN,Towers with Radar,0,12,37,0,49,0,31,157,0,188,0,43,194,0,237,199,0,199,436
06/07/2021,HEF,VA,AEA,EN,Towers with Radar,0,7,37,2,46,0,29,67,12,108,0,36,104,14,154,118,0,118,272
06/08/2021,HEF,VA,AEA,EN,Towers with Radar,0,18,39,4,61,0,26,67,8,101,0,44,106,12,162,152,0,152,314
06/09/2021,HEF,VA,AEA,EN,Towers with Radar,0,23,41,1,65,0,26,76,8,110,0,49,117,9,175,125,2,127,302
06/10/2021,HEF,VA,AEA,EN,Towers with Radar,0,18,32,0,50,0,14,79,5,98,0,32,111,5,148,267,0,267,415
06/11/2021,HEF,VA,AEA,EN,Towers with Radar,0,12,37,1,50,0,0,0,0,0,0,12,37,1,50,0,0,0,50
06/12/2021,HEF,VA,AEA,EN,Towers with Radar,0,21,53,2,76,0,4,43,1,48,0,25,96,3,124,290,0,290,414
06/13/2021,HEF,VA,AEA,EN,Towers with Radar,0,19,44,0,63,0,17,65,1,83,0,36,109,1,146,195,0,195,341
06/14/2021,HEF,VA,AEA,EN,Towers with Radar,0,13,31,4,48,0,25,62,7,94,0,38,93,11,142,147,0,147,289
06/15/2021,HEF,VA,AEA,EN,Towers with Radar,0,14,57,4,75,0,34,90,8,132,0,48,147,12,207,167,0,167,374
06/16/2021,HEF,VA,AEA,EN,Towers with Radar,0,15,43,3,61,0,38,140,13,191,0,53,183,16,252,170,0,170,422
06/17/2021,HEF,VA,AEA,EN,Towers with Radar,0,16,45,3,64,0,37,122,11,170,0,53,167,14,234,332,10,342,576
06/18/2021,HEF,VA,AEA,EN,Towers with Radar,0,16,58,2,76,0,38,128,0,166,0,54,186,2,242,241,0,241,483
06/19/2021,HEF,VA,AEA,EN,Towers with Radar,0,12,29,0,41,0,32,90,0,122,0,44,119,0,163,141,0,141,304
06/20/2021,HEF,VA,AEA,EN,Towers with Radar,0,10,44,3,57,0,26,97,2,125,0,36,141,5,182,242,0,242,424
06/21/2021,HEF,VA,AEA,EN,Towers with Radar,0,4,33,2,39,0,14,58,7,79,0,18,91,9,118,83,0,83,201
06/22/2021,HEF,VA,AEA,EN,Towers with Radar,0,13,24,3,40,0,8,24,15,47,0,21,48,18,87,65,0,65,152
06/23/2021,HEF,VA,AEA,EN,Towers with Radar,0,14,49,10,73,0,36,139,19,194,0,50,188,29,267,201,0,201,468
06/24/2021,HEF,VA,AEA,EN,Towers with Radar,0,12,35,0,47,0,41,117,10,168,0,53,152,10,215,161,0,161,376
06/25/2021,HEF,VA,AEA,EN,Towers with Radar,0,13,35,8,56,0,32,121,4,157,0,45,156,12,213,211,0,211,424
06/26/2021,HEF,VA,AEA,EN,Towers with Radar,0,10,40,2,52,0,31,49,0,80,0,41,89,2,132,210,0,210,342
06/27/2021,HEF,VA,AEA,EN,Towers with Radar,0,13,48,2,63,0,28,75,0,103,0,41,123,2,166,134,0,134,300
06/28/2021,HEF,VA,AEA,EN,Towers with Radar,0,4,39,4,47,0,31,95,6,132,0,35,134,10,179,68,0,68,247
06/29/2021,HEF,VA,AEA,EN,Towers with Radar,0,20,28,4,52,0,32,65,7,104,0,52,93,11,156,177,0,177,333
06/30/2021,HEF,VA,AEA,EN,Towers with Radar,0,17,47,2,66,0,27,67,11,105,0,44,114,13,171,208,0,208,379
07/01/2021,HEF,VA,AEA,EN,Towers with Radar,0,7,49,4,60,0,6,29,8,43,0,13,78,12,103,98,0,98,201
07/02/2021,HEF,VA,AEA,EN,Towers with Radar,0,16,56,1,73,0,28,30,5,63,0,44,86,6,136,206,0,206,342
07/03/2021,HEF,VA,AEA,EN,Towers with Radar,0,16,34,0,50,0,30,78,0,108,0,46,112,0,158,102,0,102,260
07/04/2021,HEF,VA,AEA,EN,Towers with Radar,0,11,15,0,26,0,10,52,1,63,0,21,67,1,89,24,0,24,113
07/05/2021,HEF,VA,AEA,EN,Towers with Radar,0,11,42,1,54,0,42,109,0,151,0,53,151,1,205,49,0,49,254
07/06/2021,HEF,VA,AEA,EN,Towers with Radar,0,8,32,3,43,0,39,77,7,123,0,47,109,10,166,46,0,46,212
07/07/2021,HEF,VA,AEA,EN,Towers with Radar,0,16,29,2,47,0,26,70,6,102,0,42,99,8,149,186,0,186,335
07/08/2021,HEF,VA,AEA,EN,Towers with Radar,0,15,24,0,39,0,12,42,5,59,0,27,66,5,98,116,0,116,214
07/09/2021,HEF,VA,AEA,EN,Towers with Radar,0,20,20,10,50,0,33,70,6,109,0,53,90,16,159,78,0,78,237
07/10/2021,HEF,VA,AEA,EN,Towers with Radar,0,16,41,0,57,0,31,178,0,209,0,47,219,0,266,244,0,244,510
07/11/2021,HEF,VA,AEA,EN,Towers with Radar,0,13,50,0,63,0,17,22,0,39,0,30,72,0,102,221,0,221,323
07/12/2021,HEF,VA,AEA,EN,Towers with Radar,0,15,45,4,64,0,29,51,7,87,0,44,96,11,151,117,0,117,268
07/13/2021,HEF,VA,AEA,EN,Towers with Radar,0,17,45,4,66,0,37,75,4,116,0,54,120,8,182,94,0,94,276
07/14/2021,HEF,VA,AEA,EN,Towers with Radar,0,13,32,4,49,0,26,71,2,99,0,39,103,6,148,97,0,97,245
07/15/2021,HEF,VA,AEA,EN,Towers with Radar,0,21,40,7,68,0,37,102,11,150,0,58,142,18,218,214,0,214,432
07/16/2021,HEF,VA,AEA,EN,Towers with Radar,0,12,50,0,62,0,26,102,6,134,0,38,152,6,196,206,0,206,402
07/17/2021,HEF,VA,AEA,EN,Towers with Radar,0,11,36,0,47,0,27,69,0,96,0,38,105,0,143,197,0,197,340
07/18/2021,HEF,VA,AEA,EN,Towers with Radar,0,18,49,0,67,0,19,90,0,109,0,37,139,0,176,117,0,117,293
07/19/2021,HEF,VA,AEA,EN,Towers with Radar,0,18,41,6,65,0,36,96,7,139,0,54,137,13,204,186,0,186,390
07/20/2021,HEF,VA,AEA,EN,Towers with Radar,0,16,44,5,65,0,30,88,7,125,0,46,132,12,190,222,0,222,412
07/21/2021,HEF,VA,AEA,EN,Towers with Radar,0,19,50,0,69,0,24,54,11,89,0,43,104,11,158,232,0,232,390
07/22/2021,HEF,VA,AEA,EN,Towers with Radar,0,16,46,1,63,0,17,97,3,117,0,33,143,4,180,290,0,290,470
07/23/2021,HEF,VA,AEA,EN,Towers with Radar,0,15,57,4,76,0,41,117,4,162,0,56,174,8,238,184,0,184,422
07/24/2021,HEF,VA,AEA,EN,Towers with Radar,0,15,29,0,44,0,36,106,0,142,0,51,135,0,186,281,0,281,467
07/25/2021,HEF,VA,AEA,EN,Towers with Radar,0,17,42,0,59,0,26,82,0,108,0,43,124,0,167,141,0,141,308
07/26/2021,HEF,VA,AEA,EN,Towers with Radar,0,13,30,4,47,0,22,40,5,67,0,35,70,9,114,174,0,174,288
07/27/2021,HEF,VA,AEA,EN,Towers with Radar,0,16,37,2,55,0,26,64,8,98,0,42,101,10,153,181,0,181,334
07/28/2021,HEF,VA,AEA,EN,Towers with Radar,0,12,40,2,54,0,31,67,6,104,0,43,107,8,158,200,0,200,358
07/29/2021,HEF,VA,AEA,EN,Towers with Radar,0,15,30,1,46,0,10,43,8,61,0,25,73,9,107,146,0,146,253
07/30/2021,HEF,VA,AEA,EN,Towers with Radar,0,14,43,0,57,0,36,69,5,110,0,50,112,5,167,152,0,152,319
07/31/2021,HEF,VA,AEA,EN,Towers with Radar,0,14,34,0,48,0,15,118,0,133,0,29,152,0,181,214,0,214,395
08/01/2021,HEF,VA,AEA,EN,Towers with Radar,0,10,29,0,39,0,8,15,0,23,0,18,44,0,62,68,0,68,130
08/02/2021,HEF,VA,AEA,EN,Towers with Radar,0,6,47,2,55,0,40,74,5,119,0,46,121,7,174,128,0,128,302
08/03/2021,HEF,VA,AEA,EN,Towers with Radar,0,12,29,3,44,0,29,67,4,100,0,41,96,7,144,206,0,206,350
08/04/2021,HEF,VA,AEA,EN,Towers with Radar,0,17,44,4,65,0,36,59,2,97,0,53,103,6,162,136,0,136,298
08/05/2021,HEF,VA,AEA,EN,Towers with Radar,0,26,42,4,72,0,36,92,4,132,0,62,134,8,204,132,0,132,336
08/06/2021,HEF,VA,AEA,EN,Towers with Radar,0,15,42,2,59,0,42,82,7,131,0,57,124,9,190,111,0,111,301
08/07/2021,HEF,VA,AEA,EN,Towers with Radar,0,24,34,2,60,0,25,37,0,62,0,49,71,2,122,105,0,105,227
08/08/2021,HEF,VA,AEA,EN,Towers with Radar,0,25,23,0,48,0,21,121,0,142,0,46,144,0,190,159,0,159,349
08/09/2021,HEF,VA,AEA,EN,Towers with Radar,0,13,34,3,50,0,27,67,6,100,0,40,101,9,150,254,0,254,404
08/10/2021,HEF,VA,AEA,EN,Towers with Radar,0,8,24,2,34,0,19,34,4,57,0,27,58,6,91,150,0,150,241
08/11/2021,HEF,VA,AEA,EN,Towers with Radar,0,22,28,1,51,0,15,59,7,81,0,37,87,8,132,162,0,162,294
08/12/2021,HEF,VA,AEA,EN,Towers with Radar,0,21,38,1,60,0,28,72,3,103,0,49,110,4,163,148,0,148,311
08/13/2021,HEF,VA,AEA,EN,Towers with Radar,0,20,38,4,62,0,21,66,5,92,0,41,104,9,154,120,0,120,274
08/14/2021,HEF,VA,AEA,EN,Towers with Radar,0,9,36,2,47,0,23,85,0,108,0,32,121,2,155,337,0,337,492
08/15/2021,HEF,VA,AEA,EN,Towers with Radar,0,16,37,2,55,0,20,51,1,72,0,36,88,3,127,361,0,361,488
08/16/2021,HEF,VA,AEA,EN,Towers with Radar,0,4,28,3,35,0,3,4,5,12,0,7,32,8,47,60,0,60,107
08/17/2021,HEF,VA,AEA,EN,Towers with Radar,0,16,16,0,32,0,10,19,1,30,0,26,35,1,62,145,0,145,207
08/18/2021,HEF,VA,AEA,EN,Towers with Radar,0,19,36,2,57,0,6,8,5,19,0,25,44,7,76,56,0,56,132
08/19/2021,HEF,VA,AEA,EN,Towers with Radar,0,21,32,2,55,0,31,72,7,110,0,52,104,9,165,88,0,88,253
08/20/2021,HEF,VA,AEA,EN,Towers with Radar,0,18,40,2,60,0,13,24,4,41,0,31,64,6,101,170,0,170,271
08/21/2021,HEF,VA,AEA,EN,Towers with Radar,0,18,36,0,54,0,37,113,0,150,0,55,149,0,204,178,0,178,382
08/22/2021,HEF,VA,AEA,EN,Towers with Radar,0,19,31,0,50,0,24,95,0,119,0,43,126,0,169,214,0,214,383
08/23/2021,HEF,VA,AEA,EN,Towers with Radar,0,15,32,4,51,0,26,78,5,109,0,41,110,9,160,99,4,103,263
08/24/2021,HEF,VA,AEA,EN,Towers with Radar,0,16,46,8,70,0,29,103,4,136,0,45,149,12,206,156,0,156,362
08/25/2021,HEF,VA,AEA,EN,Towers with Radar,0,17,40,1,58,0,30,80,9,119,0,47,120,10,177,174,0,174,351
08/26/2021,HEF,VA,AEA,EN,Towers with Radar,0,11,52,0,63,0,24,74,3,101,0,35,126,3,164,128,0,128,292
08/27/2021,HEF,VA,AEA,EN,Towers with Radar,0,11,90,5,106,0,33,121,10,164,0,44,211,15,270,82,0,82,352
08/28/2021,HEF,VA,AEA,EN,Towers with Radar,0,13,58,0,71,0,28,111,0,139,0,41,169,0,210,167,0,167,377
08/29/2021,HEF,VA,AEA,EN,Towers with Radar,0,11,34,0,45,0,7,23,0,30,0,18,57,0,75,177,0,177,252
08/30/2021,HEF,VA,AEA,EN,Towers with Radar,0,7,30,0,37,0,11,48,11,70,0,18,78,11,107,130,0,130,237
08/31/2021,HEF,VA,AEA,EN,Towers with Radar,0,12,38,0,50,0,42,69,9,120,0,54,107,9,170,167,0,167,337
09/01/2021,HEF,VA,AEA,EN,Towers with Radar,0,14,9,0,23,0,0,0,0,0,0,14,9,0,23,4,0,4,27
09/02/2021,HEF,VA,AEA,EN,Towers with Radar,0,23,50,0,73,0,25,82,9,116,0,48,132,9,189,86,0,86,275
09/03/2021,HEF,VA,AEA,EN,Towers with Radar,0,11,41,8,60,0,44,132,10,186,0,55,173,18,246,266,0,266,512
09/04/2021,HEF,VA,AEA,EN,Towers with Radar,0,16,31,0,47,0,24,131,2,157,0,40,162,2,204,178,0,178,382
09/05/2021,HEF,VA,AEA,EN,Towers with Radar,0,10,25,1,36,0,10,69,0,79,0,20,94,1,115,118,0,118,233
09/06/2021,HEF,VA,AEA,EN,Towers with Radar,0,4,37,1,42,0,20,104,0,124,0,24,141,1,166,166,0,166,332
09/07/2021,HEF,VA,AEA,EN,Towers with Radar,0,7,26,2,35,0,23,73,13,109,0,30,99,15,144,104,0,104,248
09/08/2021,HEF,VA,AEA,EN,Towers with Radar,0,16,21,3,40,0,22,81,11,114,0,38,102,14,154,182,0,182,336
09/09/2021,HEF,VA,AEA,EN,Towers with Radar,0,12,43,2,57,0,26,56,3,85,0,38,99,5,142,199,0,199,341
09/10/2021,HEF,VA,AEA,EN,Towers with Radar,0,16,39,4,59,0,33,84,4,121,0,49,123,8,180,49,0,49,229
09/11/2021,HEF,VA,AEA,EN,Towers with Radar,0,13,32,2,47,0,36,157,0,193,0,49,189,2,240,134,0,134,374
09/12/2021,HEF,VA,AEA,EN,Towers with Radar,0,9,39,0,48,0,31,115,0,146,0,40,154,0,194,195,0,195,389
09/13/2021,HEF,VA,AEA,EN,Towers with Radar,0,7,42,2,51,0,26,57,5,88,0,33,99,7,139,168,14,182,321
09/14/2021,HEF,VA,AEA,EN,Towers with Radar,0,6,39,1,46,0,21,96,5,122,0,27,135,6,168,248,0,248,416
09/15/2021,HEF,VA,AEA,EN,Towers with Radar,0,15,41,4,60,0,27,74,6,107,0,42,115,10,167,138,0,138,305
09/16/2021,HEF,VA,AEA,EN,Towers with Radar,0,13,58,2,73,0,4,15,7,26,0,17,73,9,99,206,0,206,305
09/17/2021,HEF,VA,AEA,EN,Towers with Radar,0,24,74,1,99,0,2,14,0,16,0,26,88,1,115,48,0,48,163
09/18/2021,HEF,VA,AEA,EN,Towers with Radar,0,13,34,2,49,0,19,67,5,91,0,32,101,7,140,208,0,208,348
09/19/2021,HEF,VA,AEA,EN,Towers with Radar,0,10,76,0,86,0,32,102,0,134,0,42,178,0,220,209,0,209,429
09/20/2021,HEF,VA,AEA,EN,Towers with Radar,0,9,45,5,59,0,37,75,4,116,0,46,120,9,175,293,0,293,468
09/21/2021,HEF,VA,AEA,EN,Towers with Radar,0,10,43,2,55,0,13,30,3,46,0,23,73,5,101,340,0,340,441
09/22/2021,HEF,VA,AEA,EN,Towers with Radar,0,16,45,2,63,0,2,2,0,4,0,18,47,2,67,24,0,24,91
09/23/2021,HEF,VA,AEA,EN,Towers with Radar,0,20,34,5,59,0,22,49,4,75,0,42,83,9,134,123,8,131,265
09/24/2021,HEF,VA,AEA,EN,Towers with Radar,0,24,34,2,60,0,45,129,4,178,0,69,163,6,238,200,0,200,438
09/25/2021,HEF,VA,AEA,EN,Towers with Radar,0,14,36,1,51,0,30,110,2,142,0,44,146,3,193,190,0,190,383
09/26/2021,HEF,VA,AEA,EN,Towers with Radar,0,12,31,0,43,0,17,109,0,126,0,29,140,0,169,143,0,143,312
09/27/2021,HEF,VA,AEA,EN,Towers with Radar,0,5,26,2,33,0,30,86,0,116,0,35,112,2,149,152,0,152,301
09/28/2021,HEF,VA,AEA,EN,Towers with Radar,0,13,36,1,50,0,18,48,4,70,0,31,84,5,120,111,0,111,231
09/29/2021,HEF,VA,AEA,EN,Towers with Radar,0,16,49,3,68,0,36,105,4,145,0,52,154,7,213,222,0,222,435
09/30/2021,HEF,VA,AEA,EN,Towers with Radar,0,19,57,0,76,0,36,116,5,157,0,55,173,5,233,148,0,148,381
10/01/2021,HEF,VA,AEA,EN,Towers with Radar,0,18,44,5,67,0,44,129,8,181,0,62,173,13,248,129,0,129,377
10/02/2021,HEF,VA,AEA,EN,Towers with Radar,0,12,41,0,53,0,32,107,0,139,0,44,148,0,192,139,0,139,331
10/03/2021,HEF,VA,AEA,EN,Towers with Radar,0,15,53,1,69,0,22,112,0,134,0,37,165,1,203,221,0,221,424
10/04/2021,HEF,VA,AEA,EN,Towers with Radar,0,6,39,1,46,0,34,60,10,104,0,40,99,11,150,146,0,146,296
10/05/2021,HEF,VA,AEA,EN,Towers with Radar,0,16,43,2,61,0,14,51,10,75,0,30,94,12,136,163,0,163,299
10/06/2021,HEF,VA,AEA,EN,Towers with Radar,0,25,48,1,74,0,0,1,0,1,0,25,49,1,75,20,0,20,95
10/07/2021,HEF,VA,AEA,EN,Towers with Radar,0,20,55,2,77,0,7,39,5,51,0,27,94,7,128,236,0,236,364
10/08/2021,HEF,VA,AEA,EN,Towers with Radar,0,12,53,0,65,0,24,75,4,103,0,36,128,4,168,266,0,266,434
10/09/2021,HEF,VA,AEA,EN,Towers with Radar,0,15,57,0,72,0,15,69,0,84,0,30,126,0,156,308,0,308,464
10/10/2021,HEF,VA,AEA,EN,Towers with Radar,0,11,52,0,63,0,2,5,0,7,0,13,57,0,70,92,0,92,162
10/11/2021,HEF,VA,AEA,EN,Towers with Radar,0,7,60,0,67,0,3,16,2,21,0,10,76,2,88,207,0,207,295
10/12/2021,HEF,VA,AEA,EN,Towers with Radar,0,10,52,2,64,0,4,18,3,25,0,14,70,5,89,153,0,153,242
10/13/2021,HEF,VA,AEA,EN,Towers with Radar,0,23,67,3,93,0,18,41,9,68,0,41,108,12,161,230,2,232,393
10/14/2021,HEF,VA,AEA,EN,Towers with Radar,0,20,36,3,59,0,34,104,10,148,0,54,140,13,207,121,0,121,328
10/15/2021,HEF,VA,AEA,EN,Towers with Radar,0,24,50,0,74,0,48,126,5,179,0,72,176,5,253,178,0,178,431
10/16/2021,HEF,VA,AEA,EN,Towers with Radar,0,8,22,0,30,0,8,36,3,47,0,16,58,3,77,79,0,79,156
10/17/2021,HEF,VA,AEA,EN,Towers with Radar,0,16,64,2,82,0,22,66,0,88,0,38,130,2,170,81,0,81,251
10/18/2021,HEF,VA,AEA,EN,Towers with Radar,0,10,50,1,61,0,17,68,6,91,0,27,118,7,152,200,0,200,352
10/19/2021,HEF,VA,AEA,EN,Towers with Radar,0,14,68,0,82,0,35,133,14,182,0,49,201,14,264,170,0,170,434
10/20/2021,HEF,VA,AEA,EN,Towers with Radar,0,16,51,1,68,0,35,136,12,183,0,51,187,13,251,240,4,244,495
10/21/2021,HEF,VA,AEA,EN,Towers with Radar,0,14,57,2,73,0,30,127,13,170,0,44,184,15,243,197,0,197,440
10/22/2021,HEF,VA,AEA,EN,Towers with Radar,0,21,41,0,62,0,34,96,8,138,0,55,137,8,200,253,0,253,453
10/23/2021,HEF,VA,AEA,EN,Towers with Radar,0,15,41,0,56,0,31,116,0,147,0,46,157,0,203,92,0,92,295
10/24/2021,HEF,VA,AEA,EN,Towers with Radar,0,16,40,0,56,0,25,112,0,137,0,41,152,0,193,124,0,124,317
10/25/2021,HEF,VA,AEA,EN,Towers with Radar,0,6,28,2,36,0,14,53,6,73,0,20,81,8,109,60,0,60,169
10/26/2021,HEF,VA,AEA,EN,Towers with Radar,0,13,39,0,52,0,3,10,5,18,0,16,49,5,70,12,0,12,82
10/27/2021,HEF,VA,AEA,EN,Towers with Radar,0,19,44,3,66,0,14,48,1,63,0,33,92,4,129,134,0,134,263
10/28/2021,HEF,VA,AEA,EN,Towers with Radar,0,23,63,2,88,0,26,73,12,111,0,49,136,14,199,240,4,244,443
10/29/2021,HEF,VA,AEA,EN,Towers with Radar,0,13,25,2,40,0,0,0,0,0,0,13,25,2,40,0,0,0,40
10/30/2021,HEF,VA,AEA,EN,Towers with Radar,0,16,35,0,51,0,3,41,0,44,0,19,76,0,95,198,0,198,293
10/31/2021,HEF,VA,AEA,EN,Towers with Radar,0,4,53,0,57,0,30,73,0,103,0,34,126,0,160,108,0,108,268
11/01/2021,HEF,VA,AEA,EN,Towers with Radar,0,16,51,2,69,0,19,77,7,103,0,35,128,9,172,173,0,173,345
11/02/2021,HEF,VA,AEA,EN,Towers with Radar,0,11,35,1,47,0,5,13,4,22,0,16,48,5,69,41,0,41,110
11/03/2021,HEF,VA,AEA,EN,Towers with Radar,0,20,57,2,79,0,20,104,7,131,0,40,161,9,210,132,0,132,342
11/04/2021,HEF,VA,AEA,EN,Towers with Radar,0,13,49,2,64,0,34,102,5,141,0,47,151,7,205,96,0,96,301
11/05/2021,HEF,VA,AEA,EN,Towers with Radar,0,15,79,4,98,0,33,119,4,156,0,48,198,8,254,248,0,248,502
11/06/2021,HEF,VA,AEA,EN,Towers with Radar,0,15,59,4,78,0,28,129,2,159,0,43,188,6,237,162,0,162,399
11/07/2021,HEF,VA,AEA,EN,Towers with Radar,0,11,57,5,73,0,26,96,0,122,0,37,153,5,195,143,0,143,338
11/08/2021,HEF,VA,AEA,EN,Towers with Radar,0,6,44,6,56,0,32,73,7,112,0,38,117,13,168,108,0,108,276
11/09/2021,HEF,VA,AEA,EN,Towers with Radar,0,8,50,0,58,0,30,92,2,124,0,38,142,2,182,87,0,87,269
11/10/2021,HEF,VA,AEA,EN,Towers with Radar,0,11,63,2,76,0,34,84,5,123,0,45,147,7,199,126,0,126,325
11/11/2021,HEF,VA,AEA,EN,Towers with Radar,0,14,58,1,73,0,37,131,0,168,0,51,189,1,241,178,0,178,419
11/12/2021,HEF,VA,AEA,EN,Towers with Radar,0,19,51,2,72,0,24,70,6,100,0,43,121,8,172,197,0,197,369
11/13/2021,HEF,VA,AEA,EN,Towers with Radar,0,14,39,0,53,0,20,82,0,102,0,34,121,0,155,160,0,160,315
11/14/2021,HEF,VA,AEA,EN,Towers with Radar,0,16,56,0,72,0,18,122,0,140,0,34,178,0,212,148,0,148,360
11/15/2021,HEF,VA,AEA,EN,Towers with Radar,0,15,28,0,43,0,7,28,9,44,0,22,56,9,87,25,0,25,112
11/16/2021,HEF,VA,AEA,EN,Towers with Radar,0,14,56,6,76,0,28,87,9,124,0,42,143,15,200,255,0,255,455
11/17/2021,HEF,VA,AEA,EN,Towers with Radar,0,16,39,3,58,0,39,108,10,157,0,55,147,13,215,128,8,136,351
11/18/2021,HEF,VA,AEA,EN,Towers with Radar,0,14,45,5,64,0,22,53,8,83,0,36,98,13,147,61,0,61,208
11/19/2021,HEF,VA,AEA,EN,Towers with Radar,0,15,54,0,69,0,15,40,9,64,0,30,94,9,133,106,0,106,239
11/20/2021,HEF,VA,AEA,EN,Towers with Radar,0,11,48,1,60,0,42,167,0,209,0,53,215,1,269,214,0,214,483
11/21/2021,HEF,VA,AEA,EN,Towers with Radar,0,11,37,0,48,0,34,119,0,153,0,45,156,0,201,198,0,198,399
11/22/2021,HEF,VA,AEA,EN,Towers with Radar,0,14,31,1,46,0,22,62,9,93,0,36,93,10,139,122,0,122,261
11/23/2021,HEF,VA,AEA,EN,Towers with Radar,0,17,47,0,64,0,19,65,7,91,0,36,112,7,155,73,0,73,228
11/24/2021,HEF,VA,AEA,EN,Towers with Radar,0,19,51,3,73,0,18,77,3,98,0,37,128,6,171,165,0,165,336
11/25/2021,HEF,VA,AEA,EN,Towers with Radar,0,6,17,0,23,0,10,18,0,28,0,16,35,0,51,0,0,0,51
11/26/2021,HEF,VA,AEA,EN,Towers with Radar,0,3,24,0,27,0,0,10,2,12,0,3,34,2,39,0,0,0,39
11/27/2021,HEF,VA,AEA,EN,Towers with Radar,0,7,40,1,48,0,17,85,1,103,0,24,125,2,151,114,0,114,265
11/28/2021,HEF,VA,AEA,EN,Towers with Radar,0,21,61,0,82,0,26,113,0,139,0,47,174,0,221,285,0,285,506
11/29/2021,HEF,VA,AEA,EN,Towers with Radar,0,10,39,0,49,0,10,47,8,65,0,20,86,8,114,30,0,30,144
11/30/2021,HEF,VA,AEA,EN,Towers with Radar,0,10,47,0,57,0,20,88,10,118,0,30,135,10,175,87,0,87,262
12/01/2021,HEF,VA,AEA,EN,Towers with Radar,0,20,45,0,65,0,27,92,3,122,0,47,137,3,187,222,0,222,409
12/02/2021,HEF,VA,AEA,EN,Towers with Radar,0,9,41,4,54,0,19,59,10,88,0,28,100,14,142,99,0,99,241
12/03/2021,HEF,VA,AEA,EN,Towers with Radar,0,13,42,5,60,0,23,80,8,111,0,36,122,13,171,273,0,273,444
12/04/2021,HEF,VA,AEA,EN,Towers with Radar,0,13,26,0,39,0,30,114,0,144,0,43,140,0,183,219,0,219,402
12/05/2021,HEF,VA,AEA,EN,Towers with Radar,0,5,37,3,45,0,26,87,0,113,0,31,124,3,158,247,0,247,405
12/06/2021,HEF,VA,AEA,EN,Towers with Radar,0,8,22,0,30,0,5,22,5,32,0,13,44,5,62,8,0,8,70
12/07/2021,HEF,VA,AEA,EN,Towers with Radar,0,10,49,4,63,0,18,96,6,120,0,28,145,10,183,258,0,258,441
12/08/2021,HEF,VA,AEA,EN,Towers with Radar,0,22,29,2,53,0,9,57,2,68,0,31,86,4,121,222,0,222,343
12/09/2021,HEF,VA,AEA,EN,Towers with Radar,0,9,54,3,66,0,26,69,4,99,0,35,123,7,165,258,2,260,425
12/10/2021,HEF,VA,AEA,EN,Towers with Radar,0,14,46,1,61,0,23,80,4,107,0,37,126,5,168,217,0,217,385
12/11/2021,HEF,VA,AEA,EN,Towers with Radar,0,11,15,0,26,0,0,7,0,7,0,11,22,0,33,0,0,0,33
12/12/2021,HEF,VA,AEA,EN,Towers with Radar,0,15,56,0,71,0,29,116,0,145,0,44,172,0,216,244,0,244,460
12/13/2021,HEF,VA,AEA,EN,Towers with Radar,0,13,63,2,78,0,30,84,7,121,0,43,147,9,199,0,0,0,199
12/14/2021,HEF,VA,AEA,EN,Towers with Radar,0,13,45,4,62,0,20,98,8,126,0,33,143,12,188,136,0,136,324
12/15/2021,HEF,VA,AEA,EN,Towers with Radar,0,13,56,0,69,0,18,80,6,104,0,31,136,6,173,243,0,243,416
12/16/2021,HEF,VA,AEA,EN,Towers with Radar,0,17,79,0,96,0,32,85,8,125,0,49,164,8,221,125,0,125,346
12/17/2021,HEF,VA,AEA,EN,Towers with Radar,0,19,44,0,63,0,35,105,4,144,0,54,149,4,207,205,0,205,412
12/18/2021,HEF,VA,AEA,EN,Towers with Radar,0,10,28,0,38,0,9,40,0,49,0,19,68,0,87,258,0,258,345
12/19/2021,HEF,VA,AEA,EN,Towers with Radar,0,14,26,0,40,0,12,38,0,50,0,26,64,0,90,55,0,55,145
12/20/2021,HEF,VA,AEA,EN,Towers with Radar,0,6,51,0,57,0,22,115,10,147,0,28,166,10,204,145,4,149,353
12/21/2021,HEF,VA,AEA,EN,Towers with Radar,0,14,37,4,55,0,27,110,4,141,0,41,147,8,196,129,0,129,325
12/22/2021,HEF,VA,AEA,EN,Towers with Radar,0,15,27,0,42,0,11,46,6,63,0,26,73,6,105,56,0,56,161
12/23/2021,HEF,VA,AEA,EN,Towers with Radar,0,8,43,0,51,0,24,116,4,144,0,32,159,4,195,176,0,176,371
12/24/2021,HEF,VA,AEA,EN,Towers with Radar,0,5,14,0,19,0,16,66,0,82,0,21,80,0,101,131,0,131,232
12/25/2021,HEF,VA,AEA,EN,Towers with Radar,0,3,7,0,10,0,4,4,0,8,0,7,11,0,18,0,0,0,18
12/26/2021,HEF,VA,AEA,EN,Towers with Radar,0,7,37,0,44,0,7,55,0,62,0,14,92,0,106,36,0,36,142
12/27/2021,HEF,VA,AEA,EN,Towers with Radar,0,3,40,0,43,0,4,53,2,59,0,7,93,2,102,128,0,128,230
12/28/2021,HEF,VA,AEA,EN,Towers with Radar,0,12,36,0,48,0,10,104,4,118,0,22,140,4,166,102,0,102,268
12/29/2021,HEF,VA,AEA,EN,Towers with Radar,0,15,27,0,42,0,7,62,4,73,0,22,89,4,115,96,0,96,211
12/30/2021,HEF,VA,AEA,EN,Towers with Radar,0,18,24,0,42,0,0,0,0,0,0,18,24,0,42,0,0,0,42
12/31/2021,HEF,VA,AEA,EN,Towers with Radar,0,8,21,0,29,0,13,17,0,30,0,21,38,0,59,84,0,84,143
01/01/2022,HEF,VA,AEA,EN,Towers with Radar,0,8,18,0,26,0,0,0,0,0,0,8,18,0,26,0,0,0,26
01/02/2022,HEF,VA,AEA,EN,Towers with Radar,0,12,45,0,57,0,6,32,0,38,0,18,77,0,95,132,0,132,227
01/03/2022,HEF,VA,AEA,EN,Towers with Radar,0,2,1,0,3,0,0,6,0,6,0,2,7,0,9,0,0,0,9
01/04/2022,HEF,VA,AEA,EN,Towers with Radar,0,9,38,0,47,0,5,34,5,44,0,14,72,5,91,12,0,12,103
01/05/2022,HEF,VA,AEA,EN,Towers with Radar,0,11,24,0,35,0,8,28,5,41,0,19,52,5,76,69,0,69,145
01/06/2022,HEF,VA,AEA,EN,Towers with Radar,0,9,42,4,55,0,20,82,7,109,0,29,124,11,164,86,0,86,250
01/07/2022,HEF,VA,AEA,EN,Towers with Radar,0,6,14,0,20,0,7,17,0,24,0,13,31,0,44,28,0,28,72
01/08/2022,HEF,VA,AEA,EN,Towers with Radar,1,11,44,0,56,0,33,116,0,149,1,44,160,0,205,236,0,236,441
01/09/2022,HEF,VA,AEA,EN,Towers with Radar,0,6,18,0,24,0,4,1,0,5,0,10,19,0,29,0,0,0,29
01/10/2022,HEF,VA,AEA,EN,Towers with Radar,0,8,33,0,41,0,23,52,16,91,0,31,85,16,132,58,0,58,190
01/11/2022,HEF,VA,AEA,EN,Towers with Radar,0,10,33,2,45,0,16,100,11,127,0,26,133,13,172,154,0,154,326
01/12/2022,HEF,VA,AEA,EN,Towers with Radar,0,19,44,0,63,0,22,91,9,122,0,41,135,9,185,163,0,163,348
01/13/2022,HEF,VA,AEA,EN,Towers with Radar,0,14,49,2,65,0,33,127,8,168,0,47,176,10,233,295,0,295,528
01/14/2022,HEF,VA,AEA,EN,Towers with Radar,0,8,39,4,51,0,14,22,10,46,0,22,61,14,97,80,0,80,177
01/15/2022,HEF,VA,AEA,EN,Towers with Radar,0,14,42,1,57,0,25,99,0,124,0,39,141,1,181,188,0,188,369
01/16/2022,HEF,VA,AEA,EN,Towers with Radar,0,6,4,0,10,0,3,16,0,19,0,9,20,0,29,0,0,0,29
01/17/2022,HEF,VA,AEA,EN,Towers with Radar,0,5,15,0,20,0,0,5,0,5,0,5,20,0,25,0,0,0,25
01/18/2022,HEF,VA,AEA,EN,Towers with Radar,0,12,32,3,47,0,18,66,11,95,0,30,98,14,142,182,0,182,324
01/19/2022,HEF,VA,AEA,EN,Towers with Radar,0,7,35,3,45,0,19,86,5,110,0,26,121,8,155,64,0,64,219
01/20/2022,HEF,VA,AEA,EN,Towers with Radar,0,8,19,1,28,0,6,14,5,25,0,14,33,6,53,33,5,38,91
01/21/2022,HEF,VA,AEA,EN,Towers with Radar,0,11,34,4,49,0,30,87,10,127,0,41,121,14,176,120,0,120,296
01/22/2022,HEF,VA,AEA,EN,Towers with Radar,0,12,23,0,35,0,40,89,0,129,0,52,112,0,164,220,0,220,384
01/23/2022,HEF,VA,AEA,EN,Towers with Radar,0,10,31,0,41,0,45,114,2,161,0,55,145,2,202,206,0,206,408
01/24/2022,HEF,VA,AEA,EN,Towers with Radar,0,2,35,3,40,0,23,63,9,95,0,25,98,12,135,180,0,180,315
01/25/2022,HEF,VA,AEA,EN,Towers with Radar,0,6,34,0,40,0,29,66,7,102,0,35,100,7,142,165,0,165,307
01/26/2022,HEF,VA,AEA,EN,Towers with Radar,0,13,50,1,64,0,28,96,12,136,0,41,146,13,200,193,0,193,393
01/27/2022,HEF,VA,AEA,EN,Towers with Radar,0,19,51,1,71,0,44,99,13,156,0,63,150,14,227,134,26,160,387
01/28/2022,HEF,VA,AEA,EN,Towers with Radar,0,8,25,1,34,0,15,20,2,37,0,23,45,3,71,152,0,152,223
01/29/2022,HEF,VA,AEA,EN,Towers with Radar,0,9,17,0,26,0,2,5,0,7,0,11,22,0,33,0,0,0,33
01/30/2022,HEF,VA,AEA,EN,Towers with Radar,0,10,37,0,47,0,8,55,0,63,0,18,92,0,110,171,0,171,281
01/31/2022,HEF,VA,AEA,EN,Towers with Radar,0,4,24,0,28,0,25,78,8,111,0,29,102,8,139,128,0,128,267
02/01/2022,HEF,VA,AEA,EN,Towers with Radar,0,12,29,0,41,0,23,91,9,123,0,35,120,9,164,162,0,162,326
02/02/2022,HEF,VA,AEA,EN,Towers with Radar,0,22,26,2,50,0,25,70,4,99,0,47,96,6,149,138,6,144,293
02/03/2022,HEF,VA,AEA,EN,Towers with Radar,0,16,20,0,36,0,0,0,0,0,0,16,20,0,36,0,0,0,36
02/04/2022,HEF,VA,AEA,EN,Towers with Radar,0,12,11,0,23,0,4,0,0,4,0,16,11,0,27,6,0,6,33
02/05/2022,HEF,VA,AEA,EN,Towers with Radar,0,13,27,0,40,0,27,61,0,88,0,40,88,0,128,40,0,40,168
02/06/2022,HEF,VA,AEA,EN,Towers with Radar,0,8,37,1,46,0,31,159,0,190,0,39,196,1,236,119,0,119,355
02/07/2022,HEF,VA,AEA,EN,Towers with Radar,0,7,13,2,22,0,17,45,6,68,0,24,58,8,90,197,0,197,287
02/08/2022,HEF,VA,AEA,EN,Towers with Radar,0,8,44,5,57,0,24,97,7,128,0,32,141,12,185,163,12,175,360
02/09/2022,HEF,VA,AEA,EN,Towers with Radar,0,15,50,2,67,0,28,104,10,142,0,43,154,12,209,243,0,243,452
02/10/2022,HEF,VA,AEA,EN,Towers with Radar,0,23,41,2,66,0,13,42,9,64,0,36,83,11,130,95,0,95,225
02/11/2022,HEF,VA,AEA,EN,Towers with Radar,0,12,62,0,74,0,29,93,10,132,0,41,155,10,206,64,0,64,270
02/12/2022,HEF,VA,AEA,EN,Towers with Radar,0,16,36,0,52,0,34,176,0,210,0,50,212,0,262,202,0,202,464
02/13/2022,HEF,VA,AEA,EN,Towers with Radar,0,9,6,1,16,0,2,0,0,2,0,11,6,1,18,20,0,20,38
02/14/2022,HEF,VA,AEA,EN,Towers with Radar,0,9,36,7,52,0,11,45,8,64,0,20,81,15,116,104,0,104,220
02/15/2022,HEF,VA,AEA,EN,Towers with Radar,0,17,55,3,75,0,34,102,8,144,0,51,157,11,219,208,0,208,427
02/16/2022,HEF,VA,AEA,EN,Towers with Radar,0,9,66,5,80,0,19,76,5,100,0,28,142,10,180,243,2,245,425
02/17/2022,HEF,VA,AEA,EN,Towers with Radar,0,9,29,0,38,0,4,17,3,24,0,13,46,3,62,69,0,69,131
02/18/2022,HEF,VA,AEA,EN,Towers with Radar,0,18,48,0,66,0,7,18,0,25,0,25,66,0,91,42,0,42,133
02/19/2022,HEF,VA,AEA,EN,Towers with Radar,0,14,23,2,39,0,4,29,0,33,0,18,52,2,72,55,0,55,127
02/20/2022,HEF,VA,AEA,EN,Towers with Radar,0,8,35,1,44,0,10,138,0,148,0,18,173,1,192,220,0,220,412
02/21/2022,HEF,VA,AEA,EN,Towers with Radar,0,13,43,0,56,0,30,177,1,208,0,43,220,1,264,171,0,171,435
02/22/2022,HEF,VA,AEA,EN,Towers with Radar,0,12,44,0,56,0,5,6,0,11,0,17,50,0,67,12,0,12,79
02/23/2022,HEF,VA,AEA,EN,Towers with Radar,0,9,42,1,52,0,25,68,12,105,0,34,110,13,157,278,0,278,435
02/24/2022,HEF,VA,AEA,EN,Towers with Radar,0,4,25,0,29,0,0,3,2,5,0,4,28,2,34,28,0,28,62
02/25/2022,HEF,VA,AEA,EN,Towers with Radar,0,11,23,0,34,0,8,21,6,35,0,19,44,6,69,34,0,34,103
02/26/2022,HEF,VA,AEA,EN,Towers with Radar,0,8,43,0,51,0,63,143,0,206,0,71,186,0,257,140,0,140,397
02/27/2022,HEF,VA,AEA,EN,Towers with Radar,0,10,39,0,49,0,31,114,3,148,0,41,153,3,197,152,0,152,349
02/28/2022,HEF,VA,AEA,EN,Towers with Radar,0,8,42,4,54,0,30,78,13,121,0,38,120,17,175,230,0,230,405
03/01/2022,HEF,VA,AEA,EN,Towers with Radar,0,14,40,0,54,0,38,91,9,138,0,52,131,9,192,199,0,199,391
03/02/2022,HEF,VA,AEA,EN,Towers with Radar,0,13,46,0,59,0,43,112,12,167,0,56,158,12,226,248,0,248,474
03/03/2022,HEF,VA,AEA,EN,Towers with Radar,0,16,47,0,63,0,28,70,9,107,0,44,117,9,170,152,0,152,322
03/04/2022,HEF,VA,AEA,EN,Towers with Radar,0,12,35,0,47,0,40,132,7,179,0,52,167,7,226,184,0,184,410
03/05/2022,HEF,VA,AEA,EN,Towers with Radar,0,13,37,0,50,0,42,135,2,179,0,55,172,2,229,202,0,202,431
03/06/2022,HEF,VA,AEA,EN,Towers with Radar,0,8,39,0,47,0,8,24,2,34,0,16,63,2,81,0,0,0,81
03/07/2022,HEF,VA,AEA,EN,Towers with Radar,0,9,31,0,40,0,2,3,9,14,0,11,34,9,54,0,0,0,54
03/08/2022,HEF,VA,AEA,EN,Towers with Radar,0,13,52,0,65,0,36,100,6,142,0,49,152,6,207,157,0,157,364
03/09/2022,HEF,VA,AEA,EN,Towers with Radar,0,16,26,0,42,0,0,0,0,0,0,16,26,0,42,0,0,0,42
03/10/2022,HEF,VA,AEA,EN,Towers with Radar,0,18,45,2,65,0,42,125,11,178,0,60,170,13,243,292,0,292,535
03/11/2022,HEF,VA,AEA,EN,Towers with Radar,0,18,65,7,90,0,39,123,7,169,0,57,188,14,259,190,0,190,449
03/12/2022,HEF,VA,AEA,EN,Towers with Radar,0,10,6,0,16,0,0,0,0,0,0,10,6,0,16,0,0,0,16
03/13/2022,HEF,VA,AEA,EN,Towers with Radar,0,9,55,2,66,0,25,61,0,86,0,34,116,2,152,60,0,60,212
03/14/2022,HEF,VA,AEA,EN,Towers with Radar,0,13,58,2,73,0,27,91,8,126,0,40,149,10,199,171,0,171,370
03/15/2022,HEF,VA,AEA,EN,Towers with Radar,0,17,33,6,56,0,41,100,7,148,0,58,133,13,204,226,2,228,432
03/16/2022,HEF,VA,AEA,EN,Towers with Radar,0,14,33,4,51,0,30,113,8,151,0,44,146,12,202,361,0,361,563
03/17/2022,HEF,VA,AEA,EN,Towers with Radar,0,13,40,1,54,0,1,2,2,5,0,14,42,3,59,2,0,2,61
03/18/2022,HEF,VA,AEA,EN,Towers with Radar,0,15,55,1,71,0,37,116,9,162,0,52,171,10,233,232,0,232,465
03/19/2022,HEF,VA,AEA,EN,Towers with Radar,0,8,30,0,38,0,7,63,2,72,0,15,93,2,110,68,0,68,178
03/20/2022,HEF,VA,AEA,EN,Towers with Radar,0,10,39,0,49,0,7,66,0,73,0,17,105,0,122,0,0,0,122
03/21/2022,HEF,VA,AEA,EN,Towers with Radar,0,7,47,0,54,0,27,97,8,132,0,34,144,8,186,164,0,164,350
03/22/2022,HEF,VA,AEA,EN,Towers with Radar,0,15,39,1,55,0,37,138,16,191,0,52,177,17,246,183,0,183,429
03/23/2022,HEF,VA,AEA,EN,Towers with Radar,0,9,35,1,45,0,8,18,9,35,0,17,53,10,80,155,0,155,235
03/24/2022,HEF,VA,AEA,EN,Towers with Radar,0,16,55,4,75,0,0,6,0,6,0,16,61,4,81,28,0,28,109
03/25/2022,HEF,VA,AEA,EN,Towers with Radar,0,9,55,0,64,0,26,87,9,122,0,35,142,9,186,134,0,134,320
03/26/2022,HEF,VA,AEA,EN,Towers with Radar,0,14,31,1,46,0,11,50,0,61,0,25,81,1,107,107,0,107,214
03/27/2022,HEF,VA,AEA,EN,Towers with Radar,0,5,35,0,40,0,5,25,0,30,0,10,60,0,70,0,0,0,70
03/28/2022,HEF,VA,AEA,EN,Towers with Radar,0,5,34,2,41,0,7,31,7,45,0,12,65,9,86,42,0,42,128
03/29/2022,HEF,VA,AEA,EN,Towers with Radar,0,11,49,2,62,0,21,106,9,136,0,32,155,11,198,211,0,211,409
03/30/2022,HEF,VA,AEA,EN,Towers with Radar,0,10,54,2,66,0,44,87,12,143,0,54,141,14,209,247,3,250,459
03/31/2022,HEF,VA,AEA,EN,Towers with Radar,0,11,28,0,39,0,0,2,0,2,0,11,30,0,41,6,0,6,47
04/01/2022,HEF,VA,AEA,EN,Towers with Radar,0,4,59,1,64,0,24,36,6,66,0,28,95,7,130,42,0,42,172
04/02/2022,HEF,VA,AEA,EN,Towers with Radar,0,12,45,0,57,0,54,174,1,229,0,66,219,1,286,272,0,272,558
04/03/2022,HEF,VA,AEA,EN,Towers with Radar,0,11,45,1,57,0,23,40,1,64,0,34,85,2,121,0,0,0,121
04/04/2022,HEF,VA,AEA,EN,Towers with Radar,0,11,52,1,64,0,35,120,10,165,0,46,172,11,229,186,0,186,415
04/05/2022,HEF,VA,AEA,EN,Towers with Radar,0,17,41,0,58,0,0,15,0,15,0,17,56,0,73,11,0,11,84
04/06/2022,HEF,VA,AEA,EN,Towers with Radar,0,18,45,2,65,0,0,4,0,4,0,18,49,2,69,12,0,12,81
04/07/2022,HEF,VA,AEA,EN,Towers with Radar,0,12,36,0,48,0,1,0,2,3,0,13,36,2,51,0,0,0,51
04/08/2022,HEF,VA,AEA,EN,Towers with Radar,0,12,76,4,92,0,42,113,8,163,0,54,189,12,255,0,0,0,255
04/09/2022,HEF,VA,AEA,EN,Towers with Radar,0,9,41,0,50,0,49,111,0,160,0,58,152,0,210,258,0,258,468
04/10/2022,HEF,VA,AEA,EN,Towers with Radar,0,9,42,0,51,0,27,70,0,97,0,36,112,0,148,189,0,189,337
04/11/2022,HEF,VA,AEA,EN,Towers with Radar,0,8,37,2,47,0,28,104,9,141,0,36,141,11,188,163,0,163,351
04/12/2022,HEF,VA,AEA,EN,Towers with Radar,0,12,50,4,66,0,41,104,6,151,0,53,154,10,217,264,6,270,487
04/13/2022,HEF,VA,AEA,EN,Towers with Radar,0,10,54,3,67,0,29,83,7,119,0,39,137,10,186,185,0,185,371
04/14/2022,HEF,VA,AEA,EN,Towers with Radar,0,11,30,4,45,0,8,27,9,44,0,19,57,13,89,16,8,24,113
04/15/2022,HEF,VA,AEA,EN,Towers with Radar,0,11,67,8,86,0,34,136,8,178,0,45,203,16,264,180,0,180,444
04/16/2022,HEF,VA,AEA,EN,Towers with Radar,0,11,31,0,42,0,26,75,0,101,0,37,106,0,143,88,0,88,231
04/17/2022,HEF,VA,AEA,EN,Towers with Radar,0,7,33,1,41,0,22,67,0,89,0,29,100,1,130,37,0,37,167
04/18/2022,HEF,VA,AEA,EN,Towers with Radar,0,3,32,4,39,0,0,7,0,7,0,3,39,4,46,46,0,46,92
04/19/2022,HEF,VA,AEA,EN,Towers with Radar,0,10,33,4,47,0,24,22,5,51,0,34,55,9,98,72,0,72,170
04/20/2022,HEF,VA,AEA,EN,Towers with Radar,0,25,63,4,92,0,30,130,7,167,0,55,193,11,259,212,0,212,471
04/21/2022,HEF,VA,AEA,EN,Towers with Radar,0,16,54,0,70,0,18,84,5,107,0,34,138,5,177,135,0,135,312
04/22/2022,HEF,VA,AEA,EN,Towers with Radar,0,19,64,2,85,0,46,131,7,184,0,65,195,9,269,294,0,294,563
04/23/2022,HEF,VA,AEA,EN,Towers with Radar,0,11,44,2,57,0,56,139,2,197,0,67,183,4,254,202,0,202,456
04/24/2022,HEF,VA,AEA,EN,Towers with Radar,0,11,71,0,82,0,51,113,0,164,0,62,184,0,246,176,0,176,422
04/25/2022,HEF,VA,AEA,EN,Towers with Radar,0,9,45,2,56,0,18,32,6,56,0,27,77,8,112,126,0,126,238
04/26/2022,HEF,VA,AEA,EN,Towers with Radar,0,16,51,1,68,0,1,3,1,5,0,17,54,2,73,40,0,40,113
04/27/2022,HEF,VA,AEA,EN,Towers with Radar,0,11,37,0,48,0,13,35,8,56,0,24,72,8,104,35,0,35,139
04/28/2022,HEF,VA,AEA,EN,Towers with Radar,0,13,34,2,49,0,20,84,5,109,0,33,118,7,158,70,10,80,238
04/29/2022,HEF,VA,AEA,EN,Towers with Radar,0,23,58,0,81,0,46,141,9,196,0,69,199,9,277,251,0,251,528
04/30/2022,HEF,VA,AEA,EN,Towers with Radar,0,25,43,0,68,0,32,159,0,191,0,57,202,0,259,203,0,203,462
05/01/2022,HEF,VA,AEA,EN,Towers with Radar,0,7,46,0,53,0,1,29,2,32,0,8,75,2,85,0,0,0,85
05/02/2022,HEF,VA,AEA,EN,Towers with Radar,0,6,49,0,55,0,34,86,4,124,0,40,135,4,179,184,0,184,363
05/03/2022,HEF,VA,AEA,EN,Towers with Radar,0,16,48,0,64,0,6,7,0,13,0,22,55,0,77,65,0,65,142
05/04/2022,HEF,VA,AEA,EN,Towers with Radar,0,11,35,0,46,0,6,29,0,35,0,17,64,0,81,103,0,103,184
05/05/2022,HEF,VA,AEA,EN,Towers with Radar,0,21,57,0,78,0,41,78,8,127,0,62,135,8,205,324,6,330,535
05/06/2022,HEF,VA,AEA,EN,Towers with Radar,0,18,32,0,50,0,3,0,0,3,0,21,32,0,53,2,0,2,55
05/07/2022,HEF,VA,AEA,EN,Towers with Radar,0,13,21,0,34,0,0,0,0,0,0,13,21,0,34,0,0,0,34
05/08/2022,HEF,VA,AEA,EN,Towers with Radar,0,15,51,1,67,0,8,14,0,22,0,23,65,1,89,28,0,28,117
05/09/2022,HEF,VA,AEA,EN,Towers with Radar,0,5,56,2,63,0,36,77,8,121,0,41,133,10,184,167,0,167,351
05/10/2022,HEF,VA,AEA,EN,Towers with Radar,0,17,46,0,63,0,22,116,8,146,0,39,162,8,209,133,0,133,342
05/11/2022,HEF,VA,AEA,EN,Towers with Radar,0,12,58,1,71,0,26,128,9,163,0,38,186,10,234,205,0,205,439
05/12/2022,HEF,VA,AEA,EN,Towers with Radar,0,24,59,0,83,0,6,21,8,35,0,30,80,8,118,141,0,141,259
05/13/2022,HEF,VA,AEA,EN,Towers with Radar,0,27,53,2,82,0,1,4,0,5,0,28,57,2,87,54,0,54,141
05/14/2022,HEF,VA,AEA,EN,Towers with Radar,1,12,23,0,36,0,0,6,0,6,1,12,29,0,42,62,0,62,104
05/15/2022,HEF,VA,AEA,EN,Towers with Radar,0,11,49,2,62,0,24,71,0,95,0,35,120,2,157,105,0,105,262
05/16/2022,HEF,VA,AEA,EN,Towers with Radar,0,18,49,0,67,2,5,20,2,29,2,23,69,2,96,105,0,105,201
05/17/2022,HEF,VA,AEA,EN,Towers with Radar,0,17,48,0,65,2,48,99,8,157,2,65,147,8,222,203,0,203,425
05/18/2022,HEF,VA,AEA,EN,Towers with Radar,0,17,58,0,75,0,34,117,5,156,0,51,175,5,231,135,0,135,366
05/19/2022,HEF,VA,AEA,EN,Towers with Radar,0,17,46,0,63,2,30,94,9,135,2,47,140,9,198,125,0,125,323
05/20/2022,HEF,VA,AEA,EN,Towers with Radar,0,13,50,3,66,1,36,98,12,147,1,49,148,15,213,258,0,258,471
05/21/2022,HEF,VA,AEA,EN,Towers with Radar,0,13,61,0,74,0,33,136,0,169,0,46,197,0,243,220,0,220,463
05/22/2022,HEF,VA,AEA,EN,Towers with Radar,0,10,40,1,51,0,42,92,0,134,0,52,132,1,185,113,0,113,298
05/23/2022,HEF,VA,AEA,EN,Towers with Radar,0,8,36,0,44,0,40,73,11,124,0,48,109,11,168,93,0,93,261
05/24/2022,HEF,VA,AEA,EN,Towers with Radar,0,13,32,0,45,0,2,4,0,6,0,15,36,0,51,0,0,0,51
05/25/2022,HEF,VA,AEA,EN,Towers with Radar,0,11,40,2,53,0,19,24,2,45,0,30,64,4,98,495,0,495,593
05/26/2022,HEF,VA,AEA,EN,Towers with Radar,0,16,57,4,77,0,2,5,5,12,0,18,62,9,89,61,0,61,150
05/27/2022,HEF,VA,AEA,EN,Towers with Radar,0,5,32,0,37,0,2,5,0,7,0,7,37,0,44,20,0,20,64
05/28/2022,HEF,VA,AEA,EN,Towers with Radar,0,14,46,0,60,0,40,135,0,175,0,54,181,0,235,206,0,206,441
05/29/2022,HEF,VA,AEA,EN,Towers with Radar,0,6,33,0,39,0,42,132,0,174,0,48,165,0,213,0,0,0,213
05/30/2022,HEF,VA,AEA,EN,Towers with Radar,0,10,59,0,69,0,47,146,2,195,0,57,205,2,264,160,0,160,424
05/31/2022,HEF,VA,AEA,EN,Towers with Radar,0,10,50,2,62,0,32,92,9,133,0,42,142,11,195,235,0,235,430
06/01/2022,HEF,VA,AEA,EN,Towers with Radar,0,9,44,2,55,0,37,103,8,148,0,46,147,10,203,209,6,215,418
06/02/2022,HEF,VA,AEA,EN,Towers with Radar,0,14,21,3,38,0,19,56,10,85,0,33,77,13,123,23,0,23,146
06/03/2022,HEF,VA,AEA,EN,Towers with Radar,0,7,68,1,76,0,27,145,6,178,0,34,213,7,254,198,0,198,452
06/04/2022,HEF,VA,AEA,EN,Towers with Radar,0,7,39,2,48,0,31,176,0,207,0,38,215,2,255,187,0,187,442
06/05/2022,HEF,VA,AEA,EN,Towers with Radar,0,6,61,1,68,0,27,137,0,164,0,33,198,1,232,122,0,122,354
06/06/2022,HEF,VA,AEA,EN,Towers with Radar,0,9,57,1,67,0,35,101,2,138,0,44,158,3,205,157,0,157,362
06/07/2022,HEF,VA,AEA,EN,Towers with Radar,0,18,54,2,74,0,16,34,7,57,0,34,88,9,131,119,0,119,250
06/08/2022,HEF,VA,AEA,EN,Towers with Radar,0,12,37,0,49,0,18,84,7,109,0,30,121,7,158,161,0,161,319
06/09/2022,HEF,VA,AEA,EN,Towers with Radar,0,13,44,0,57,0,33,55,10,98,0,46,99,10,155,48,0,48,203
06/10/2022,HEF,VA,AEA,EN,Towers with Radar,0,19,50,3,72,0,47,152,7,206,0,66,202,10,278,204,0,204,482
06/11/2022,HEF,VA,AEA,EN,Towers with Radar,0,9,43,0,52,0,18,50,0,68,0,27,93,0,120,135,0,135,255
06/12/2022,HEF,VA,AEA,EN,Towers with Radar,0,14,55,2,71,0,3,20,0,23,0,17,75,2,94,147,0,147,241
06/13/2022,HEF,VA,AEA,EN,Towers with Radar,0,9,48,0,57,0,30,102,9,141,0,39,150,9,198,128,0,128,326
06/14/2022,HEF,VA,AEA,EN,Towers with Radar,0,7,53,6,66,0,23,47,12,82,0,30,100,18,148,148,0,148,296
06/15/2022,HEF,VA,AEA,EN,Towers with Radar,0,12,65,0,77,0,46,96,8,150,0,58,161,8,227,226,0,226,453
06/16/2022,HEF,VA,AEA,EN,Towers with Radar,0,21,56,1,78,0,20,36,16,72,0,41,92,17,150,130,0,130,280
06/17/2022,HEF,VA,AEA,EN,Towers with Radar,0,16,53,0,69,0,28,70,2,100,0,44,123,2,169,81,0,81,250
06/18/2022,HEF,VA,AEA,EN,Towers with Radar,0,12,30,2,44,0,16,87,0,103,0,28,117,2,147,56,0,56,203
06/19/2022,HEF,VA,AEA,EN,Towers with Radar,0,6,37,2,45,0,16,76,0,92,0,22,113,2,137,0,0,0,137
06/20/2022,HEF,VA,AEA,EN,Towers with Radar,0,9,74,0,83,0,34,168,0,202,0,43,242,0,285,234,0,234,519
06/21/2022,HEF,VA,AEA,EN,Towers with Radar,0,10,53,0,63,0,41,74,5,120,0,51,127,5,183,157,0,157,340
06/22/2022,HEF,VA,AEA,EN,Towers with Radar,0,12,39,0,51,0,23,51,3,77,0,35,90,3,128,66,0,66,194
06/23/2022,HEF,VA,AEA,EN,Towers with Radar,0,23,64,0,87,0,1,4,0,5,0,24,68,0,92,6,0,6,98
06/24/2022,HEF,VA,AEA,EN,Towers with Radar,0,20,76,0,96,0,32,78,2,112,0,52,154,2,208,288,0,288,496
06/25/2022,HEF,VA,AEA,EN,Towers with Radar,0,16,36,0,52,0,32,148,3,183,0,48,184,3,235,178,0,178,413
06/26/2022,HEF,VA,AEA,EN,Towers with Radar,0,7,65,0,72,0,20,90,0,110,0,27,155,0,182,178,0,178,360
06/27/2022,HEF,VA,AEA,EN,Towers with Radar,0,12,58,1,71,0,12,25,6,43,0,24,83,7,114,126,0,126,240
06/28/2022,HEF,VA,AEA,EN,Towers with Radar,0,14,28,2,44,0,30,117,10,157,0,44,145,12,201,237,5,242,443
06/29/2022,HEF,VA,AEA,EN,Towers with Radar,0,17,31,0,48,0,43,109,10,162,0,60,140,10,210,207,0,207,417
06/30/2022,HEF,VA,AEA,EN,Towers with Radar,0,16,60,0,76,0,32,114,6,152,0,48,174,6,228,180,0,180,408
07/01/2022,HEF,VA,AEA,EN,Towers with Radar,0,15,48,0,63,0,29,83,9,121,0,44,131,9,184,174,0,174,358
07/02/2022,HEF,VA,AEA,EN,Towers with Radar,0,15,25,0,40,0,14,75,0,89,0,29,100,0,129,157,0,157,286
07/03/2022,HEF,VA,AEA,EN,Towers with Radar,0,8,41,0,49,0,18,79,0,97,0,26,120,0,146,169,0,169,315
07/04/2022,HEF,VA,AEA,EN,Towers with Radar,0,2,24,0,26,0,14,74,0,88,0,16,98,0,114,63,0,63,177
07/05/2022,HEF,VA,AEA,EN,Towers with Radar,0,12,53,1,66,0,15,40,7,62,0,27,93,8,128,75,0,75,203
07/06/2022,HEF,VA,AEA,EN,Towers with Radar,0,10,36,0,46,0,21,64,8,93,0,31,100,8,139,192,0,192,331
07/07/2022,HEF,VA,AEA,EN,Towers with Radar,0,19,24,0,43,0,9,15,10,34,0,28,39,10,77,165,0,165,242
07/08/2022,HEF,VA,AEA,EN,Towers with Radar,0,26,53,0,79,0,20,33,7,60,0,46,86,7,139,214,0,214,353
07/09/2022,HEF,VA,AEA,EN,Towers with Radar,0,15,25,0,40,0,1,2,0,3,0,16,27,0,43,0,0,0,43
07/10/2022,HEF,VA,AEA,EN,Towers with Radar,0,4,47,0,51,0,27,140,0,167,0,31,187,0,218,144,0,144,362
07/11/2022,HEF,VA,AEA,EN,Towers with Radar,0,11,54,2,67,0,48,136,9,193,0,59,190,11,260,132,0,132,392
07/12/2022,HEF,VA,AEA,EN,Towers with Radar,0,13,28,0,41,0,27,68,6,101,0,40,96,6,142,163,0,163,305
07/13/2022,HEF,VA,AEA,EN,Towers with Radar,0,21,42,1,64,0,37,113,9,159,0,58,155,10,223,197,0,197,420
07/14/2022,HEF,VA,AEA,EN,Towers with Radar,0,21,37,0,58,0,22,75,10,107,0,43,112,10,165,220,0,220,385
07/15/2022,HEF,VA,AEA,EN,Towers with Radar,0,13,42,2,57,0,28,117,6,151,0,41,159,8,208,224,0,224,432
07/16/2022,HEF,VA,AEA,EN,Towers with Radar,0,11,24,0,35,0,13,70,2,85,0,24,94,2,120,130,0,130,250
07/17/2022,HEF,VA,AEA,EN,Towers with Radar,0,16,39,0,55,0,1,34,0,35,0,17,73,0,90,170,0,170,260
07/18/2022,HEF,VA,AEA,EN,Towers with Radar,0,9,33,2,44,0,6,37,6,49,0,15,70,8,93,96,0,96,189
07/19/2022,HEF,VA,AEA,EN,Towers with Radar,0,22,50,4,76,0,29,107,10,146,0,51,157,14,222,297,4,301,523
07/20/2022,HEF,VA,AEA,EN,Towers with Radar,0,21,49,2,72,0,37,137,9,183,0,58,186,11,255,224,0,224,479
07/21/2022,HEF,VA,AEA,EN,Towers with Radar,0,25,53,4,82,0,47,85,9,141,0,72,138,13,223,218,0,218,441
07/22/2022,HEF,VA,AEA,EN,Towers with Radar,0,22,41,5,68,0,38,136,8,182,0,60,177,13,250,248,0,248,498
07/23/2022,HEF,VA,AEA,EN,Towers with Radar,0,9,47,1,57,0,36,109,0,145,0,45,156,1,202,158,0,158,360
07/24/2022,HEF,VA,AEA,EN,Towers with Radar,0,11,43,3,57,0,32,112,0,144,0,43,155,3,201,0,0,0,201
07/25/2022,HEF,VA,AEA,EN,Towers with Radar,0,8,20,0,28,0,17,51,8,76,0,25,71,8,104,120,0,120,224
07/26/2022,HEF,VA,AEA,EN,Towers with Radar,0,14,38,0,52,0,19,39,2,60,0,33,77,2,112,364,0,364,476
07/27/2022,HEF,VA,AEA,EN,Towers with Radar,0,13,68,3,84,0,35,81,5,121,0,48,149,8,205,182,0,182,387
07/28/2022,HEF,VA,AEA,EN,Towers with Radar,0,12,61,4,77,0,42,86,10,138,0,54,147,14,215,130,0,130,345
07/29/2022,HEF,VA,AEA,EN,Towers with Radar,0,16,49,4,69,0,37,48,10,95,0,53,97,14,164,182,0,182,346
07/30/2022,HEF,VA,AEA,EN,Towers with Radar,0,5,30,6,41,0,27,164,0,191,0,32,194,6,232,154,0,154,386
07/31/2022,HEF,VA,AEA,EN,Towers with Radar,0,17,26,0,43,0,17,48,0,65,0,34,74,0,108,166,0,166,274
08/01/2022,HEF,VA,AEA,EN,Towers with Radar,0,9,25,0,34,0,20,55,4,79,0,29,80,4,113,288,0,288,401
08/02/2022,HEF,VA,AEA,EN,Towers with Radar,0,21,40,0,61,0,36,115,9,160,0,57,155,9,221,318,0,318,539
08/03/2022,HEF,VA,AEA,EN,Towers with Radar,0,21,43,0,64,0,31,116,9,156,0,52,159,9,220,248,0,248,468
08/04/2022,HEF,VA,AEA,EN,Towers with Radar,0,17,53,0,70,0,37,63,6,106,0,54,116,6,176,186,0,186,362
08/05/2022,HEF,VA,AEA,EN,Towers with Radar,0,15,28,2,45,0,25,69,4,98,0,40,97,6,143,112,0,112,255
08/06/2022,HEF,VA,AEA,EN,Towers with Radar,0,15,30,0,45,0,15,88,0,103,0,30,118,0,148,201,0,201,349
08/07/2022,HEF,VA,AEA,EN,Towers with Radar,0,17,35,3,55,0,33,103,0,136,0,50,138,3,191,68,0,68,259
08/08/2022,HEF,VA,AEA,EN,Towers with Radar,0,4,37,1,42,0,46,87,10,143,0,50,124,11,185,174,0,174,359
08/09/2022,HEF,VA,AEA,EN,Towers with Radar,0,10,27,3,40,0,37,87,10,134,0,47,114,13,174,188,0,188,362
08/10/2022,HEF,VA,AEA,EN,Towers with Radar,0,11,23,2,36,0,22,55,5,82,0,33,78,7,118,92,4,96,214
08/11/2022,HEF,VA,AEA,EN,Towers with Radar,0,16,53,0,69,0,36,84,15,135,0,52,137,15,204,204,0,204,408
08/12/2022,HEF,VA,AEA,EN,Towers with Radar,0,19,54,2,75,0,30,111,6,147,0,49,165,8,222,188,0,188,410
08/13/2022,HEF,VA,AEA,EN,Towers with Radar,0,12,36,0,48,0,45,175,0,220,0,57,211,0,268,175,0,175,443
08/14/2022,HEF,VA,AEA,EN,Towers with Radar,0,12,56,2,70,0,33,113,0,146,0,45,169,2,216,154,0,154,370
08/15/2022,HEF,VA,AEA,EN,Towers with Radar,0,20,34,0,54,0,0,7,0,7,0,20,41,0,61,14,0,14,75
08/16/2022,HEF,VA,AEA,EN,Towers with Radar,0,15,27,5,47,0,28,64,14,106,0,43,91,19,153,220,0,220,373
08/17/2022,HEF,VA,AEA,EN,Towers with Radar,0,14,43,1,58,0,44,87,8,139,0,58,130,9,197,216,0,216,413
08/18/2022,HEF,VA,AEA,EN,Towers with Radar,0,18,42,0,60,0,24,88,4,116,0,42,130,4,176,279,0,279,455
08/19/2022,HEF,VA,AEA,EN,Towers with Radar,0,14,48,0,62,0,29,96,6,131,0,43,144,6,193,0,0,0,193
08/20/2022,HEF,VA,AEA,EN,Towers with Radar,0,5,36,0,41,0,36,116,0,152,0,41,152,0,193,247,0,247,440
08/21/2022,HEF,VA,AEA,EN,Towers with Radar,0,6,34,0,40,0,5,7,0,12,0,11,41,0,52,110,0,110,162
08/22/2022,HEF,VA,AEA,EN,Towers with Radar,0,6,44,2,52,0,7,8,4,19,0,13,52,6,71,106,0,106,177
08/23/2022,HEF,VA,AEA,EN,Towers with Radar,0,9,43,0,52,0,28,95,4,127,0,37,138,4,179,165,0,165,344
08/24/2022,HEF,VA,AEA,EN,Towers with Radar,0,18,50,0,68,0,35,108,4,147,0,53,158,4,215,249,0,249,464
08/25/2022,HEF,VA,AEA,EN,Towers with Radar,0,14,40,0,54,0,30,101,9,140,0,44,141,9,194,231,0,231,425
08/26/2022,HEF,VA,AEA,EN,Towers with Radar,0,13,44,2,59,0,40,105,5,150,0,53,149,7,209,238,0,238,447
08/27/2022,HEF,VA,AEA,EN,Towers with Radar,0,7,33,0,40,0,28,133,0,161,0,35,166,0,201,186,0,186,387
08/28/2022,HEF,VA,AEA,EN,Towers with Radar,0,16,27,6,49,0,42,104,0,146,0,58,131,6,195,0,0,0,195
08/29/2022,HEF,VA,AEA,EN,Towers with Radar,0,11,34,1,46,0,23,71,10,104,0,34,105,11,150,402,0,402,552
08/30/2022,HEF,VA,AEA,EN,Towers with Radar,0,7,26,1,34,0,18,57,8,83,0,25,83,9,117,118,0,118,235
08/31/2022,HEF,VA,AEA,EN,Towers with Radar,0,13,34,0,47,0,29,112,9,150,0,42,146,9,197,284,0,284,481
09/01/2022,HEF,VA,AEA,EN,Towers with Radar,0,16,31,1,48,0,24,123,6,153,0,40,154,7,201,258,0,258,459
09/02/2022,HEF,VA,AEA,EN,Towers with Radar,0,12,35,0,47,0,34,131,6,171,0,46,166,6,218,242,0,242,460
09/03/2022,HEF,VA,AEA,EN,Towers with Radar,0,18,48,0,66,0,11,67,1,79,0,29,115,1,145,118,0,118,263
09/04/2022,HEF,VA,AEA,EN,Towers with Radar,0,6,33,0,39,0,20,82,0,102,0,26,115,0,141,180,0,180,321
09/05/2022,HEF,VA,AEA,EN,Towers with Radar,0,12,46,0,58,0,11,47,0,58,0,23,93,0,116,122,0,122,238
09/06/2022,HEF,VA,AEA,EN,Towers with Radar,0,16,33,0,49,0,4,31,5,40,0,20,64,5,89,171,0,171,260
09/07/2022,HEF,VA,AEA,EN,Towers with Radar,0,7,45,0,52,0,0,3,2,5,0,7,48,2,57,50,0,50,107
09/08/2022,HEF,VA,AEA,EN,Towers with Radar,0,20,50,1,71,0,22,86,5,113,0,42,136,6,184,349,0,349,533
09/09/2022,HEF,VA,AEA,EN,Towers with Radar,0,22,53,1,76,0,35,151,12,198,0,57,204,13,274,249,0,249,523
09/10/2022,HEF,VA,AEA,EN,Towers with Radar,0,15,48,0,63,0,11,115,0,126,0,26,163,0,189,491,0,491,680
09/11/2022,HEF,VA,AEA,EN,Towers with Radar,0,9,45,1,55,0,2,2,0,4,0,11,47,1,59,0,0,0,59
09/12/2022,HEF,VA,AEA,EN,Towers with Radar,0,3,36,4,43,0,0,4,0,4,0,3,40,4,47,54,0,54,101
09/13/2022,HEF,VA,AEA,EN,Towers with Radar,0,13,56,2,71,0,13,95,6,114,0,26,151,8,185,199,18,217,402
09/14/2022,HEF,VA,AEA,EN,Towers with Radar,0,13,47,0,60,0,30,116,5,151,0,43,163,5,211,228,0,228,439
09/15/2022,HEF,VA,AEA,EN,Towers with Radar,0,11,74,3,88,0,34,105,10,149,0,45,179,13,237,246,0,246,483
09/16/2022,HEF,VA,AEA,EN,Towers with Radar,0,19,67,2,88,0,35,122,6,163,0,54,189,8,251,260,0,260,511
09/17/2022,HEF,VA,AEA,EN,Towers with Radar,0,9,45,0,54,0,24,106,0,130,0,33,151,0,184,213,0,213,397
09/18/2022,HEF,VA,AEA,EN,Towers with Radar,0,12,67,1,80,0,26,108,0,134,0,38,175,1,214,140,0,140,354
09/19/2022,HEF,VA,AEA,EN,Towers with Radar,0,11,43,3,57,0,22,75,3,100,0,33,118,6,157,322,0,322,479
09/20/2022,HEF,VA,AEA,EN,Towers with Radar,0,6,54,0,60,0,30,103,2,135,0,36,157,2,195,210,0,210,405
09/21/2022,HEF,VA,AEA,EN,Towers with Radar,0,17,58,1,76,0,31,105,3,139,0,48,163,4,215,234,0,234,449
09/22/2022,HEF,VA,AEA,EN,Towers with Radar,0,17,60,6,83,0,11,19,1,31,0,28,79,7,114,30,0,30,144
09/23/2022,HEF,VA,AEA,EN,Towers with Radar,0,15,60,3,78,0,26,61,4,91,0,41,121,7,169,111,0,111,280
09/24/2022,HEF,VA,AEA,EN,Towers with Radar,0,9,39,2,50,0,26,151,3,180,0,35,190,5,230,288,0,288,518
09/25/2022,HEF,VA,AEA,EN,Towers with Radar,0,16,46,1,63,0,14,65,0,79,0,30,111,1,142,97,0,97,239
09/26/2022,HEF,VA,AEA,EN,Towers with Radar,0,11,35,5,51,0,21,64,9,94,0,32,99,14,145,191,0,191,336
09/27/2022,HEF,VA,AEA,EN,Towers with Radar,0,12,58,4,74,0,36,100,8,144,0,48,158,12,218,114,0,114,332
09/28/2022,HEF,VA,AEA,EN,Towers with Radar,0,11,51,4,66,0,24,93,10,127,0,35,144,14,193,198,0,198,391
09/29/2022,HEF,VA,AEA,EN,Towers with Radar,0,15,52,0,67,0,20,91,15,126,0,35,143,15,193,77,0,77,270
09/30/2022,HEF,VA,AEA,EN,Towers with Radar,0,13,32,3,48,0,11,27,6,44,0,24,59,9,92,224,0,224,316
10/01/2022,HEF,VA,AEA,EN,Towers with Radar,0,4,21,0,25,0,0,0,0,0,0,4,21,0,25,0,0,0,25
10/02/2022,HEF,VA,AEA,EN,Towers with Radar,0,4,18,0,22,0,0,0,0,0,0,4,18,0,22,0,0,0,22
10/03/2022,HEF,VA,AEA,EN,Towers with Radar,0,17,36,8,61,0,21,24,7,52,0,38,60,15,113,21,0,21,134
10/04/2022,HEF,VA,AEA,EN,Towers with Radar,0,17,42,4,63,0,3,8,2,13,0,20,50,6,76,101,0,101,177
10/05/2022,HEF,VA,AEA,EN,Towers with Radar,0,13,49,6,68,0,21,45,10,76,0,34,94,16,144,271,0,271,415
10/06/2022,HEF,VA,AEA,EN,Towers with Radar,0,16,56,4,76,0,44,139,10,193,0,60,195,14,269,256,0,256,525
10/07/2022,HEF,VA,AEA,EN,Towers with Radar,0,22,70,2,94,0,52,123,9,184,0,74,193,11,278,306,0,306,584
10/08/2022,HEF,VA,AEA,EN,Towers with Radar,0,12,24,0,36,0,22,101,0,123,0,34,125,0,159,226,0,226,385
10/09/2022,HEF,VA,AEA,EN,Towers with Radar,0,17,49,0,66,0,23,133,0,156,0,40,182,0,222,238,0,238,460
10/10/2022,HEF,VA,AEA,EN,Towers with Radar,0,5,54,0,59,0,40,134,0,174,0,45,188,0,233,224,0,224,457
10/11/2022,HEF,VA,AEA,EN,Towers with Radar,0,24,53,7,84,0,32,115,7,154,0,56,168,14,238,224,0,224,462
10/12/2022,HEF,VA,AEA,EN,Towers with Radar,0,16,60,3,79,0,35,137,6,178,0,51,197,9,257,322,0,322,579
10/13/2022,HEF,VA,AEA,EN,Towers with Radar,0,20,31,0,51,0,2,3,0,5,0,22,34,0,56,62,0,62,118
10/14/2022,HEF,VA,AEA,EN,Towers with Radar,0,9,62,3,74,0,23,113,17,153,0,32,175,20,227,182,0,182,409
10/15/2022,HEF,VA,AEA,EN,Towers with Radar,0,10,28,1,39,0,16,87,0,103,0,26,115,1,142,40,0,40,182
10/16/2022,HEF,VA,AEA,EN,Towers with Radar,0,14,50,2,66,0,17,103,0,120,0,31,153,2,186,0,0,0,186
10/17/2022,HEF,VA,AEA,EN,Towers with Radar,0,8,38,1,47,0,11,42,6,59,0,19,80,7,106,109,0,109,215
10/18/2022,HEF,VA,AEA,EN,Towers with Radar,0,25,33,1,59,0,34,110,14,158,0,59,143,15,217,233,10,243,460
10/19/2022,HEF,VA,AEA,EN,Towers with Radar,0,20,66,0,86,0,33,97,10,140,0,53,163,10,226,186,0,186,412
10/20/2022,HEF,VA,AEA,EN,Towers with Radar,0,23,51,0,74,0,28,108,12,148,0,51,159,12,222,162,0,162,384
10/21/2022,HEF,VA,AEA,EN,Towers with Radar,0,19,63,2,84,0,32,124,10,166,0,51,187,12,250,267,0,267,517
10/22/2022,HEF,VA,AEA,EN,Towers with Radar,0,14,25,2,41,0,23,184,0,207,0,37,209,2,248,168,0,168,416
10/23/2022,HEF,VA,AEA,EN,Towers with Radar,0,24,49,4,77,0,9,53,0,62,0,33,102,4,139,0,0,0,139
10/24/2022,HEF,VA,AEA,EN,Towers with Radar,0,20,40,0,60,0,11,22,6,39,0,31,62,6,99,190,0,190,289
10/25/2022,HEF,VA,AEA,EN,Towers with Radar,0,18,57,2,77,0,4,18,0,22,0,22,75,2,99,244,0,244,343
10/26/2022,HEF,VA,AEA,EN,Towers with Radar,0,23,44,2,69,0,9,26,12,47,0,32,70,14,116,240,0,240,356
10/27/2022,HEF,VA,AEA,EN,Towers with Radar,0,11,48,0,59,0,31,80,6,117,0,42,128,6,176,172,0,172,348
10/28/2022,HEF,VA,AEA,EN,Towers with Radar,0,21,55,1,77,0,29,98,10,137,0,50,153,11,214,218,0,218,432
10/29/2022,HEF,VA,AEA,EN,Towers with Radar,0,13,44,1,58,0,35,141,0,176,0,48,185,1,234,184,0,184,418
10/30/2022,HEF,VA,AEA,EN,Towers with Radar,0,11,44,2,57,0,21,117,4,142,0,32,161,6,199,206,0,206,405
10/31/2022,HEF,VA,AEA,EN,Towers with Radar,0,6,30,0,36,0,13,24,4,41,0,19,54,4,77,215,0,215,292
11/01/2022,HEF,VA,AEA,EN,Towers with Radar,0,16,22,0,38,0,17,64,10,91,0,33,86,10,129,184,0,184,313
11/02/2022,HEF,VA,AEA,EN,Towers with Radar,0,13,35,0,48,0,31,109,10,150,0,44,144,10,198,168,0,168,366
11/03/2022,HEF,VA,AEA,EN,Towers with Radar,0,17,57,2,76,0,26,110,10,146,0,43,167,12,222,238,0,238,460
11/04/2022,HEF,VA,AEA,EN,Towers with Radar,0,12,41,2,55,0,35,132,7,174,0,47,173,9,229,242,0,242,471
11/05/2022,HEF,VA,AEA,EN,Towers with Radar,0,8,25,0,33,0,21,78,0,99,0,29,103,0,132,163,0,163,295
11/06/2022,HEF,VA,AEA,EN,Towers with Radar,0,16,36,1,53,0,4,22,0,26,0,20,58,1,79,54,0,54,133
11/07/2022,HEF,VA,AEA,EN,Towers with Radar,0,11,38,2,51,0,24,80,6,110,0,35,118,8,161,182,0,182,343
11/08/2022,HEF,VA,AEA,EN,Towers with Radar,0,16,28,1,45,0,18,92,8,118,0,34,120,9,163,105,0,105,268
11/09/2022,HEF,VA,AEA,EN,Towers with Radar,0,18,47,5,70,0,27,111,9,147,0,45,158,14,217,243,0,243,460
11/10/2022,HEF,VA,AEA,EN,Towers with Radar,0,17,56,0,73,0,29,90,7,126,0,46,146,7,199,201,0,201,400
11/11/2022,HEF,VA,AEA,EN,Towers with Radar,0,10,18,0,28,0,0,0,0,0,0,10,18,0,28,0,0,0,28
11/12/2022,HEF,VA,AEA,EN,Towers with Radar,0,6,35,0,41,0,24,106,0,130,0,30,141,0,171,238,0,238,409
11/13/2022,HEF,VA,AEA,EN,Towers with Radar,0,11,47,0,58,0,7,39,0,46,0,18,86,0,104,14,0,14,118
11/14/2022,HEF,VA,AEA,EN,Towers with Radar,0,15,41,1,57,0,38,104,5,147,0,53,145,6,204,228,0,228,432
11/15/2022,HEF,VA,AEA,EN,Towers with Radar,0,15,30,2,47,0,7,19,5,31,0,22,49,7,78,169,0,169,247
11/16/2022,HEF,VA,AEA,EN,Towers with Radar,0,19,32,1,52,0,30,66,13,109,0,49,98,14,161,202,0,202,363
11/17/2022,HEF,VA,AEA,EN,Towers with Radar,0,17,45,0,62,0,33,51,7,91,0,50,96,7,153,0,0,0,153
11/18/2022,HEF,VA,AEA,EN,Towers with Radar,0,18,47,1,66,0,45,88,3,136,0,63,135,4,202,166,0,166,368
11/19/2022,HEF,VA,AEA,EN,Towers with Radar,0,10,34,0,44,0,33,129,0,162,0,43,163,0,206,224,0,224,430
11/20/2022,HEF,VA,AEA,EN,Towers with Radar,0,8,31,0,39,0,7,26,0,33,0,15,57,0,72,0,0,0,72
11/21/2022,HEF,VA,AEA,EN,Towers with Radar,0,8,37,0,45,0,30,84,9,123,0,38,121,9,168,286,0,286,454
11/22/2022,HEF,VA,AEA,EN,Towers with Radar,0,16,45,0,61,0,25,114,5,144,0,41,159,5,205,155,0,155,360
11/23/2022,HEF,VA,AEA,EN,Towers with Radar,0,11,48,0,59,0,28,88,7,123,0,39,136,7,182,264,0,264,446
11/24/2022,HEF,VA,AEA,EN,Towers with Radar,0,4,18,0,22,0,17,30,0,47,0,21,48,0,69,2,0,2,71
11/25/2022,HEF,VA,AEA,EN,Towers with Radar,0,3,18,0,21,0,6,8,4,18,0,9,26,4,39,28,0,28,67
11/26/2022,HEF,VA,AEA,EN,Towers with Radar,0,11,55,0,66,0,23,112,0,135,0,34,167,0,201,164,0,164,365
11/27/2022,HEF,VA,AEA,EN,Towers with Radar,0,11,37,0,48,0,0,0,0,0,0,11,37,0,48,20,0,20,68
11/28/2022,HEF,VA,AEA,EN,Towers with Radar,0,5,40,0,45,0,19,43,5,67,0,24,83,5,112,62,0,62,174
11/29/2022,HEF,VA,AEA,EN,Towers with Radar,0,16,34,0,50,0,23,65,10,98,0,39,99,10,148,97,0,97,245
11/30/2022,HEF,VA,AEA,EN,Towers with Radar,0,10,25,1,36,0,3,6,4,13,0,13,31,5,49,6,0,6,55
12/01/2022,HEF,VA,AEA,EN,Towers with Radar,0,12,48,1,61,0,30,33,8,71,0,42,81,9,132,113,0,113,245
12/02/2022,HEF,VA,AEA,EN,Towers with Radar,0,13,55,4,72,0,34,97,8,139,0,47,152,12,211,184,0,184,395
12/03/2022,HEF,VA,AEA,EN,Towers with Radar,0,7,20,2,29,0,7,7,0,14,0,14,27,2,43,16,0,16,59
12/04/2022,HEF,VA,AEA,EN,Towers with Radar,0,17,32,3,52,0,30,118,0,148,0,47,150,3,200,286,0,286,486
12/05/2022,HEF,VA,AEA,EN,Towers with Radar,0,10,44,1,55,0,24,82,6,112,0,34,126,7,167,216,0,216,383
12/06/2022,HEF,VA,AEA,EN,Towers with Radar,0,8,28,0,36,0,0,0,0,0,0,8,28,0,36,3,0,3,39
12/07/2022,HEF,VA,AEA,EN,Towers with Radar,0,11,35,2,48,0,0,0,0,0,0,11,35,2,48,0,0,0,48
12/08/2022,HEF,VA,AEA,EN,Towers with Radar,0,16,60,1,77,0,27,63,4,94,0,43,123,5,171,317,0,317,488
12/09/2022,HEF,VA,AEA,EN,Towers with Radar,0,15,27,1,43,0,40,83,2,125,0,55,110,3,168,204,0,204,372
12/10/2022,HEF,VA,AEA,EN,Towers with Radar,0,11,26,1,38,0,33,111,0,144,0,44,137,1,182,172,0,172,354
12/11/2022,HEF,VA,AEA,EN,Towers with Radar,0,13,31,2,46,0,6,16,1,23,0,19,47,3,69,0,0,0,69
12/12/2022,HEF,VA,AEA,EN,Towers with Radar,0,10,44,2,56,0,26,51,13,90,0,36,95,15,146,189,0,189,335
12/13/2022,HEF,VA,AEA,EN,Towers with Radar,0,7,51,1,59,0,32,108,14,154,0,39,159,15,213,0,0,0,213
12/14/2022,HEF,VA,AEA,EN,Towers with Radar,0,7,35,0,42,0,29,97,18,144,0,36,132,18,186,14,0,14,200
12/15/2022,HEF,VA,AEA,EN,Towers with Radar,0,8,18,0,26,0,0,0,0,0,0,8,18,0,26,0,0,0,26
12/16/2022,HEF,VA,AEA,EN,Towers with Radar,0,14,39,2,55,0,30,88,9,127,0,44,127,11,182,134,0,134,316
12/17/2022,HEF,VA,AEA,EN,Towers with Radar,0,8,37,4,49,0,37,108,0,145,0,45,145,4,194,170,0,170,364
12/18/2022,HEF,VA,AEA,EN,Towers with Radar,0,6,45,1,52,0,29,77,0,106,0,35,122,1,158,117,0,117,275
12/19/2022,HEF,VA,AEA,EN,Towers with Radar,0,4,24,4,32,0,24,84,6,114,0,28,108,10,146,167,0,167,313
12/20/2022,HEF,VA,AEA,EN,Towers with Radar,0,10,43,0,53,0,27,114,6,147,0,37,157,6,200,121,0,121,321
12/21/2022,HEF,VA,AEA,EN,Towers with Radar,0,15,48,0,63,0,38,93,9,140,0,53,141,9,203,96,0,96,299
12/22/2022,HEF,VA,AEA,EN,Towers with Radar,0,8,6,0,14,0,0,0,0,0,0,8,6,0,14,0,0,0,14
12/23/2022,HEF,VA,AEA,EN,Towers with Radar,0,7,13,0,20,0,0,2,0,2,0,7,15,0,22,0,0,0,22
12/24/2022,HEF,VA,AEA,EN,Towers with Radar,0,11,9,0,20,0,9,22,0,31,0,20,31,0,51,34,0,34,85
12/25/2022,HEF,VA,AEA,EN,Towers with Radar,0,2,6,0,8,0,4,19,0,23,0,6,25,0,31,8,0,8,39
12/26/2022,HEF,VA,AEA,EN,Towers with Radar,0,10,33,0,43,0,28,62,0,90,0,38,95,0,133,70,0,70,203
12/27/2022,HEF,VA,AEA,EN,Towers with Radar,0,17,29,0,46,0,36,99,4,139,0,53,128,4,185,71,0,71,256
12/28/2022,HEF,VA,AEA,EN,Towers with Radar,0,19,50,0,69,0,18,111,4,133,0,37,161,4,202,80,0,80,282
12/29/2022,HEF,VA,AEA,EN,Towers with Radar,0,17,45,0,62,0,30,113,4,147,0,47,158,4,209,149,0,149,358
12/30/2022,HEF,VA,AEA,EN,Towers with Radar,0,19,29,0,48,0,41,125,4,170,0,60,154,4,218,218,0,218,436
12/31/2022,HEF,VA,AEA,EN,Towers with Radar,0,12,9,0,21,0,0,0,0,0,0,12,9,0,21,10,0,10,31
01/01/2023,HEF,VA,AEA,EN,Towers with Radar,0,7,24,0,31,0,17,60,0,77,0,24,84,0,108,52,0,52,160
01/02/2023,HEF,VA,AEA,EN,Towers with Radar,0,5,43,0,48,0,42,108,0,150,0,47,151,0,198,259,0,259,457
01/03/2023,HEF,VA,AEA,EN,Towers with Radar,0,20,35,0,55,0,15,30,6,51,0,35,65,6,106,125,0,125,231
01/04/2023,HEF,VA,AEA,EN,Towers with Radar,0,16,27,2,45,0,10,16,7,33,0,26,43,9,78,126,0,126,204
01/05/2023,HEF,VA,AEA,EN,Towers with Radar,0,8,31,2,41,0,37,89,11,137,0,45,120,13,178,360,0,360,538
01/06/2023,HEF,VA,AEA,EN,Towers with Radar,0,16,37,0,53,0,30,99,10,139,0,46,136,10,192,230,0,230,422
01/07/2023,HEF,VA,AEA,EN,Towers with Radar,0,11,39,0,50,0,33,127,4,164,0,44,166,4,214,108,0,108,322
01/08/2023,HEF,VA,AEA,EN,Towers with Radar,0,13,32,0,45,0,24,79,0,103,0,37,111,0,148,128,0,128,276
01/09/2023,HEF,VA,AEA,EN,Towers with Radar,0,2,31,2,35,0,18,58,16,92,0,20,89,18,127,107,0,107,234
01/10/2023,HEF,VA,AEA,EN,Towers with Radar,0,9,27,2,38,0,26,90,14,130,0,35,117,16,168,277,0,277,445
01/11/2023,HEF,VA,AEA,EN,Towers with Radar,0,17,27,0,44,0,27,90,4,121,0,44,117,4,165,292,0,292,457
01/12/2023,HEF,VA,AEA,EN,Towers with Radar,0,22,23,1,46,0,2,11,12,25,0,24,34,13,71,59,0,59,130
01/13/2023,HEF,VA,AEA,EN,Towers with Radar,0,12,34,0,46,0,16,49,14,79,0,28,83,14,125,70,0,70,195
01/14/2023,HEF,VA,AEA,EN,Towers with Radar,0,4,19,0,23,0,6,41,0,47,0,10,60,0,70,94,0,94,164
01/15/2023,HEF,VA,AEA,EN,Towers with Radar,0,12,38,0,50,0,14,89,0,103,0,26,127,0,153,74,0,74,227
01/16/2023,HEF,VA,AEA,EN,Towers with Radar,0,6,42,0,48,0,39,176,0,215,0,45,218,0,263,134,0,134,397
01/17/2023,HEF,VA,AEA,EN,Towers with Radar,0,15,25,2,42,0,0,1,2,3,0,15,26,4,45,42,0,42,87
01/18/2023,HEF,VA,AEA,EN,Towers with Radar,0,8,37,0,45,0,48,123,16,187,0,56,160,16,232,144,0,144,376
01/19/2023,HEF,VA,AEA,EN,Towers with Radar,0,16,14,0,30,0,0,4,0,4,0,16,18,0,34,0,0,0,34
01/20/2023,HEF,VA,AEA,EN,Towers with Radar,0,13,29,2,44,0,29,50,7,86,0,42,79,9,130,174,0,174,304
01/21/2023,HEF,VA,AEA,EN,Towers with Radar,0,10,31,0,41,0,37,192,0,229,0,47,223,0,270,203,0,203,473
01/22/2023,HEF,VA,AEA,EN,Towers with Radar,0,9,17,0,26,0,2,30,0,32,0,11,47,0,58,0,0,0,58
01/23/2023,HEF,VA,AEA,EN,Towers with Radar,0,12,23,1,36,0,4,27,6,37,0,16,50,7,73,53,0,53,126
01/24/2023,HEF,VA,AEA,EN,Towers with Radar,0,25,41,0,66,0,30,126,8,164,0,55,167,8,230,174,0,174,404
01/25/2023,HEF,VA,AEA,EN,Towers with Radar,0,12,34,0,46,0,4,3,2,9,0,16,37,2,55,40,0,40,95
01/26/2023,HEF,VA,AEA,EN,Towers with Radar,0,14,48,0,62,0,26,57,12,95,0,40,105,12,157,135,0,135,292
01/27/2023,HEF,VA,AEA,EN,Towers with Radar,0,15,49,2,66,0,43,128,8,179,0,58,177,10,245,108,0,108,353
01/28/2023,HEF,VA,AEA,EN,Towers with Radar,0,11,37,0,48,0,34,185,0,219,0,45,222,0,267,248,0,248,515
01/29/2023,HEF,VA,AEA,EN,Towers with Radar,0,11,44,0,55,0,20,45,0,65,0,31,89,0,120,0,0,0,120
01/30/2023,HEF,VA,AEA,EN,Towers with Radar,0,10,36,0,46,0,22,98,9,129,0,32,134,9,175,186,0,186,361
01/31/2023,HEF,VA,AEA,EN,Towers with Radar,0,10,18,0,28,0,1,4,0,5,0,11,22,0,33,0,0,0,33
02/01/2023,HEF,VA,AEA,EN,Towers with Radar,0,9,26,0,35,0,18,83,8,109,0,27,109,8,144,151,0,151,295
02/02/2023,HEF,VA,AEA,EN,Towers with Radar,0,20,26,2,48,0,6,23,6,35,0,26,49,8,83,267,0,267,350
02/03/2023,HEF,VA,AEA,EN,Towers with Radar,0,10,23,0,33,0,6,15,14,35,0,16,38,14,68,2,0,2,70
02/04/2023,HEF,VA,AEA,EN,Towers with Radar,0,16,33,0,49,0,29,97,0,126,0,45,130,0,175,84,0,84,259
02/05/2023,HEF,VA,AEA,EN,Towers with Radar,0,13,36,0,49,0,42,71,0,113,0,55,107,0,162,0,0,0,162
02/06/2023,HEF,VA,AEA,EN,Towers with Radar,0,16,29,0,45,0,22,56,11,89,0,38,85,11,134,106,0,106,240
02/07/2023,HEF,VA,AEA,EN,Towers with Radar,0,15,54,0,69,0,27,90,6,123,0,42,144,6,192,123,0,123,315
02/08/2023,HEF,VA,AEA,EN,Towers with Radar,0,16,54,1,71,0,37,146,10,193,0,53,200,11,264,187,0,187,451
02/09/2023,HEF,VA,AEA,EN,Towers with Radar,0,21,42,0,63,0,23,63,10,96,0,44,105,10,159,101,3,104,263
02/10/2023,HEF,VA,AEA,EN,Towers with Radar,0,23,27,0,50,0,36,105,6,147,0,59,132,6,197,186,0,186,383
02/11/2023,HEF,VA,AEA,EN,Towers with Radar,0,10,36,0,46,0,28,186,0,214,0,38,222,0,260,184,0,184,444
02/12/2023,HEF,VA,AEA,EN,Towers with Radar,0,8,16,0,24,0,0,1,0,1,0,8,17,0,25,4,0,4,29
02/13/2023,HEF,VA,AEA,EN,Towers with Radar,0,11,30,2,43,0,26,80,4,110,0,37,110,6,153,180,0,180,333
02/14/2023,HEF,VA,AEA,EN,Towers with Radar,0,18,19,0,37,0,28,93,6,127,0,46,112,6,164,125,0,125,289
02/15/2023,HEF,VA,AEA,EN,Towers with Radar,0,15,31,0,46,0,23,49,7,79,0,38,80,7,125,64,0,64,189
02/16/2023,HEF,VA,AEA,EN,Towers with Radar,0,23,34,0,57,0,5,16,4,25,0,28,50,4,82,154,0,154,236
02/17/2023,HEF,VA,AEA,EN,Towers with Radar,0,14,23,0,37,0,0,2,0,2,0,14,25,0,39,4,0,4,43
02/18/2023,HEF,VA,AEA,EN,Towers with Radar,0,11,32,0,43,0,42,173,0,215,0,53,205,0,258,219,0,219,477
02/19/2023,HEF,VA,AEA,EN,Towers with Radar,0,11,40,0,51,0,7,81,0,88,0,18,121,0,139,0,0,0,139
02/20/2023,HEF,VA,AEA,EN,Towers with Radar,0,19,47,0,66,0,28,118,0,146,0,47,165,0,212,0,0,0,212
02/21/2023,HEF,VA,AEA,EN,Towers with Radar,0,13,37,0,50,0,19,33,6,58,0,32,70,6,108,27,0,27,135
02/22/2023,HEF,VA,AEA,EN,Towers with Radar,0,20,26,0,46,0,30,42,9,81,0,50,68,9,127,227,0,227,354
02/23/2023,HEF,VA,AEA,EN,Towers with Radar,0,19,51,0,70,0,48,131,9,188,0,67,182,9,258,148,0,148,406
02/24/2023,HEF,VA,AEA,EN,Towers with Radar,0,9,30,0,39,0,22,47,6,75,0,31,77,6,114,20,0,20,134
02/25/2023,HEF,VA,AEA,EN,Towers with Radar,0,11,18,0,29,0,4,7,0,11,0,15,25,0,40,40,0,40,80
02/26/2023,HEF,VA,AEA,EN,Towers with Radar,0,16,63,0,79,0,26,79,0,105,0,42,142,0,184,0,0,0,184
02/27/2023,HEF,VA,AEA,EN,Towers with Radar,0,11,24,0,35,0,25,57,6,88,0,36,81,6,123,0,0,0,123
02/28/2023,HEF,VA,AEA,EN,Towers with Radar,0,19,35,0,54,0,32,55,5,92,0,51,90,5,146,152,0,152,298
03/01/2023,HEF,VA,AEA,EN,Towers with Radar,0,14,43,0,57,0,35,126,14,175,0,49,169,14,232,131,2,133,365
03/02/2023,HEF,VA,AEA,EN,Towers with Radar,0,15,28,0,43,0,37,102,3,142,0,52,130,3,185,206,0,206,391
03/03/2023,HEF,VA,AEA,EN,Towers with Radar,0,14,20,0,34,0,6,14,3,23,0,20,34,3,57,22,0,22,79
03/04/2023,HEF,VA,AEA,EN,Towers with Radar,0,12,16,0,28,0,0,17,0,17,0,12,33,0,45,18,0,18,63
03/05/2023,HEF,VA,AEA,EN,Towers with Radar,0,16,30,2,48,0,41,151,1,193,0,57,181,3,241,59,0,59,300
03/06/2023,HEF,VA,AEA,EN,Towers with Radar,0,12,47,4,63,0,30,102,9,141,0,42,149,13,204,167,0,167,371
03/07/2023,HEF,VA,AEA,EN,Towers with Radar,0,11,39,2,52,0,6,26,9,41,0,17,65,11,93,50,0,50,143
03/08/2023,HEF,VA,AEA,EN,Towers with Radar,0,13,46,2,61,0,19,60,7,86,0,32,106,9,147,6,0,6,153
03/09/2023,HEF,VA,AEA,EN,Towers with Radar,0,23,55,3,81,0,37,106,9,152,0,60,161,12,233,225,0,225,458
03/10/2023,HEF,VA,AEA,EN,Towers with Radar,0,13,33,0,46,0,4,6,6,16,0,17,39,6,62,24,0,24,86
03/11/2023,HEF,VA,AEA,EN,Towers with Radar,0,12,19,0,31,0,10,21,0,31,0,22,40,0,62,58,0,58,120
03/12/2023,HEF,VA,AEA,EN,Towers with Radar,0,10,15,0,25,0,14,66,0,80,0,24,81,0,105,172,0,172,277
03/13/2023,HEF,VA,AEA,EN,Towers with Radar,0,2,27,0,29,0,14,11,3,28,0,16,38,3,57,0,0,0,57
03/14/2023,HEF,VA,AEA,EN,Towers with Radar,0,7,23,0,30,0,4,8,2,14,0,11,31,2,44,0,0,0,44
03/15/2023,HEF,VA,AEA,EN,Towers with Radar,0,11,35,1,47,0,4,10,3,17,0,15,45,4,64,8,2,10,74
03/16/2023,HEF,VA,AEA,EN,Towers with Radar,0,19,62,0,81,0,47,133,6,186,0,66,195,6,267,304,0,304,571
03/17/2023,HEF,VA,AEA,EN,Towers with Radar,0,15,33,0,48,0,36,47,8,91,0,51,80,8,139,216,0,216,355
03/18/2023,HEF,VA,AEA,EN,Towers with Radar,0,17,27,0,44,0,35,71,0,106,0,52,98,0,150,188,0,188,338
03/19/2023,HEF,VA,AEA,EN,Towers with Radar,0,9,34,0,43,0,21,59,0,80,0,30,93,0,123,8,0,8,131
03/20/2023,HEF,VA,AEA,EN,Towers with Radar,0,16,31,0,47,0,30,89,6,125,0,46,120,6,172,127,0,127,299
03/21/2023,HEF,VA,AEA,EN,Towers with Radar,0,22,28,0,50,0,31,89,4,124,0,53,117,4,174,168,0,168,342
03/22/2023,HEF,VA,AEA,EN,Towers with Radar,0,16,56,1,73,0,35,84,8,127,0,51,140,9,200,66,0,66,266
03/23/2023,HEF,VA,AEA,EN,Towers with Radar,0,22,41,0,63,0,27,53,7,87,0,49,94,7,150,132,0,132,282
03/24/2023,HEF,VA,AEA,EN,Towers with Radar,0,13,48,0,61,0,0,0,0,0,0,13,48,0,61,28,0,28,89
03/25/2023,HEF,VA,AEA,EN,Towers with Radar,0,15,41,0,56,0,0,2,0,2,0,15,43,0,58,0,0,0,58
03/26/2023,HEF,VA,AEA,EN,Towers with Radar,0,8,43,0,51,0,58,161,0,219,0,66,204,0,270,0,0,0,270
03/27/2023,HEF,VA,AEA,EN,Towers with Radar,0,17,48,7,72,0,7,11,2,20,0,24,59,9,92,0,0,0,92
03/28/2023,HEF,VA,AEA,EN,Towers with Radar,0,21,31,1,53,0,55,89,9,153,0,76,120,10,206,130,0,130,336
03/29/2023,HEF,VA,AEA,EN,Towers with Radar,0,12,45,2,59,0,56,105,9,170,0,68,150,11,229,194,0,194,423
03/30/2023,HEF,VA,AEA,EN,Towers with Radar,0,30,41,11,82,0,46,101,8,155,0,76,142,19,237,214,0,214,451
03/31/2023,HEF,VA,AEA,EN,Towers with Radar,0,17,37,2,56,0,32,42,4,78,0,49,79,6,134,154,0,154,288
04/01/2023,HEF,VA,AEA,EN,Towers with Radar,0,7,21,0,28,0,2,2,0,4,0,9,23,0,32,0,0,0,32
04/02/2023,HEF,VA,AEA,EN,Towers with Radar,0,15,34,10,59,0,55,54,2,111,0,70,88,12,170,60,0,60,230
04/03/2023,HEF,VA,AEA,EN,Towers with Radar,0,12,29,0,41,0,49,68,10,127,0,61,97,10,168,0,0,0,168
04/04/2023,HEF,VA,AEA,EN,Towers with Radar,0,28,26,0,54,0,51,98,8,157,0,79,124,8,211,185,2,187,398
04/05/2023,HEF,VA,AEA,EN,Towers with Radar,0,20,30,0,50,0,40,80,1,121,0,60,110,1,171,70,0,70,241
04/06/2023,HEF,VA,AEA,EN,Towers with Radar,0,15,23,0,38,0,28,56,4,88,0,43,79,4,126,136,0,136,262
04/07/2023,HEF,VA,AEA,EN,Towers with Radar,0,32,26,0,58,0,33,47,4,84,0,65,73,4,142,204,0,204,346
04/08/2023,HEF,VA,AEA,EN,Towers with Radar,0,16,22,0,38,0,45,144,0,189,0,61,166,0,227,197,0,197,424
04/09/2023,HEF,VA,AEA,EN,Towers with Radar,0,13,26,0,39,0,35,86,0,121,0,48,112,0,160,178,0,178,338
04/10/2023,HEF,VA,AEA,EN,Towers with Radar,0,19,35,2,56,0,55,89,4,148,0,74,124,6,204,0,0,0,204
04/11/2023,HEF,VA,AEA,EN,Towers with Radar,0,26,28,0,54,0,26,95,7,128,0,52,123,7,182,0,0,0,182
04/12/2023,HEF,VA,AEA,EN,Towers with Radar,0,23,23,0,46,0,33,67,10,110,0,56,90,10,156,150,0,150,306
04/13/2023,HEF,VA,AEA,EN,Towers with Radar,0,31,45,0,76,0,52,78,8,138,0,83,123,8,214,23,0,23,237
04/14/2023,HEF,VA,AEA,EN,Towers with Radar,0,26,51,1,78,0,42,93,6,141,0,68,144,7,219,150,0,150,369
04/15/2023,HEF,VA,AEA,EN,Towers with Radar,0,13,30,0,43,0,10,40,0,50,0,23,70,0,93,194,0,194,287
04/16/2023,HEF,VA,AEA,EN,Towers with Radar,0,19,48,2,69,0,41,83,0,124,0,60,131,2,193,0,0,0,193
04/17/2023,HEF,VA,AEA,EN,Towers with Radar,0,17,42,3,62,0,32,31,3,66,0,49,73,6,128,0,0,0,128
04/18/2023,HEF,VA,AEA,EN,Towers with Radar,0,20,29,2,51,0,7,31,11,49,0,27,60,13,100,56,0,56,156
04/19/2023,HEF,VA,AEA,EN,Towers with Radar,0,21,46,2,69,0,58,97,12,167,0,79,143,14,236,30,0,30,266
04/20/2023,HEF,VA,AEA,EN,Towers with Radar,0,19,40,0,59,0,48,70,5,123,0,67,110,5,182,174,0,174,356
04/21/2023,HEF,VA,AEA,EN,Towers with Radar,0,23,29,10,62,0,47,105,6,158,0,70,134,16,220,216,0,216,436
04/22/2023,HEF,VA,AEA,EN,Towers with Radar,0,8,15,0,23,0,6,11,0,17,0,14,26,0,40,46,0,46,86
04/23/2023,HEF,VA,AEA,EN,Towers with Radar,0,15,37,4,56,0,49,78,0,127,0,64,115,4,183,156,0,156,339
04/24/2023,HEF,VA,AEA,EN,Towers with Radar,0,13,39,0,52,0,43,72,7,122,0,56,111,7,174,0,0,0,174
04/25/2023,HEF,VA,AEA,EN,Towers with Radar,0,20,52,2,74,0,53,78,6,137,0,73,130,8,211,172,0,172,383
04/26/2023,HEF,VA,AEA,EN,Towers with Radar,0,19,51,0,70,0,60,53,10,123,0,79,104,10,193,165,0,165,358
04/27/2023,HEF,VA,AEA,EN,Towers with Radar,0,22,48,0,70,0,56,73,9,138,0,78,121,9,208,217,0,217,425
04/28/2023,HEF,VA,AEA,EN,Towers with Radar,0,20,29,0,49,0,0,0,0,0,0,20,29,0,49,0,0,0,49
04/29/2023,HEF,VA,AEA,EN,Towers with Radar,0,21,37,0,58,0,14,11,0,25,0,35,48,0,83,94,0,94,177
04/30/2023,HEF,VA,AEA,EN,Towers with Radar,0,11,18,0,29,0,0,1,0,1,0,11,19,0,30,10,0,10,40
05/01/2023,HEF,VA,AEA,EN,Towers with Radar,0,26,21,0,47,0,12,18,6,36,0,38,39,6,83,0,0,0,83
05/02/2023,HEF,VA,AEA,EN,Towers with Radar,0,20,38,2,60,0,47,36,7,90,0,67,74,9,150,230,0,230,380
05/03/2023,HEF,VA,AEA,EN,Towers with Radar,0,20,35,3,58,0,38,32,8,78,0,58,67,11,136,163,0,163,299
05/04/2023,HEF,VA,AEA,EN,Towers with Radar,0,20,41,0,61,0,47,46,6,99,0,67,87,6,160,87,0,87,247
05/05/2023,HEF,VA,AEA,EN,Towers with Radar,0,20,42,7,69,0,42,131,2,175,0,62,173,9,244,310,0,310,554
05/06/2023,HEF,VA,AEA,EN,Towers with Radar,0,12,33,0,45,0,42,133,2,177,0,54,166,2,222,188,8,196,418
05/07/2023,HEF,VA,AEA,EN,Towers with Radar,0,15,37,4,56,0,20,76,3,99,0,35,113,7,155,136,0,136,291
05/08/2023,HEF,VA,AEA,EN,Towers with Radar,0,23,41,0,64,0,26,57,2,85,0,49,98,2,149,40,0,40,189
05/09/2023,HEF,VA,AEA,EN,Towers with Radar,0,23,44,0,67,0,7,5,4,16,0,30,49,4,83,0,0,0,83
05/10/2023,HEF,VA,AEA,EN,Towers with Radar,0,19,52,2,73,0,45,77,7,129,0,64,129,9,202,189,0,189,391
05/11/2023,HEF,VA,AEA,EN,Towers with Radar,0,36,51,2,89,0,68,108,4,180,0,104,159,6,269,143,0,143,412
05/12/2023,HEF,VA,AEA,EN,Towers with Radar,0,24,44,6,74,0,41,93,2,136,0,65,137,8,210,228,0,228,438
05/13/2023,HEF,VA,AEA,EN,Towers with Radar,0,10,35,2,47,0,14,23,2,39,0,24,58,4,86,66,0,66,152
05/14/2023,HEF,VA,AEA,EN,Towers with Radar,0,22,46,4,72,0,44,84,0,128,0,66,130,4,200,84,0,84,284
05/15/2023,HEF,VA,AEA,EN,Towers with Radar,0,21,43,4,68,0,44,73,11,128,0,65,116,15,196,0,0,0,196
05/16/2023,HEF,VA,AEA,EN,Towers with Radar,0,29,33,3,65,0,35,55,9,99,0,64,88,12,164,97,0,97,261
05/17/2023,HEF,VA,AEA,EN,Towers with Radar,0,26,57,8,91,0,30,94,8,132,0,56,151,16,223,120,0,120,343
05/18/2023,HEF,VA,AEA,EN,Towers with Radar,0,29,51,7,87,0,38,132,6,176,0,67,183,13,263,180,0,180,443
05/19/2023,HEF,VA,AEA,EN,Towers with Radar,0,46,62,9,117,0,29,85,4,118,0,75,147,13,235,123,0,123,358
05/20/2023,HEF,VA,AEA,EN,Towers with Radar,0,14,32,2,48,0,24,66,0,90,0,38,98,2,138,119,0,119,257
05/21/2023,HEF,VA,AEA,EN,Towers with Radar,0,18,53,3,74,0,38,108,0,146,0,56,161,3,220,158,0,158,378
05/22/2023,HEF,VA,AEA,EN,Towers with Radar,0,27,31,2,60,0,50,89,5,144,0,77,120,7,204,0,0,0,204
05/23/2023,HEF,VA,AEA,EN,Towers with Radar,0,19,30,7,56,0,34,108,10,152,0,53,138,17,208,0,0,0,208
05/24/2023,HEF,VA,AEA,EN,Towers with Radar,0,24,32,2,58,0,53,91,1,145,0,77,123,3,203,91,0,91,294
05/25/2023,HEF,VA,AEA,EN,Towers with Radar,0,14,43,4,61,0,38,92,8,138,0,52,135,12,199,72,0,72,271
05/26/2023,HEF,VA,AEA,EN,Towers with Radar,0,27,41,0,68,0,49,105,5,159,0,76,146,5,227,194,0,194,421
05/27/2023,HEF,VA,AEA,EN,Towers with Radar,0,23,29,0,52,0,29,98,0,127,0,52,127,0,179,188,0,188,367
05/28/2023,HEF,VA,AEA,EN,Towers with Radar,0,30,25,0,55,0,36,45,0,81,0,66,70,0,136,127,0,127,263
05/29/2023,HEF,VA,AEA,EN,Towers with Radar,0,9,34,0,43,0,3,7,0,10,0,12,41,0,53,0,0,0,53
05/30/2023,HEF,VA,AEA,EN,Towers with Radar,0,25,37,0,62,0,25,31,2,58,0,50,68,2,120,274,0,274,394
05/31/2023,HEF,VA,AEA,EN,Towers with Radar,0,20,32,0,52,0,50,100,7,157,0,70,132,7,209,236,0,236,445
06/01/2023,HEF,VA,AEA,EN,Towers with Radar,0,20,34,0,54,0,45,108,5,158,0,65,142,5,212,195,0,195,407
06/02/2023,HEF,VA,AEA,EN,Towers with Radar,0,23,46,0,69,0,34,73,0,107,0,57,119,0,176,202,6,208,384
06/03/2023,HEF,VA,AEA,EN,Towers with Radar,0,13,25,0,38,0,35,102,0,137,0,48,127,0,175,96,0,96,271
06/04/2023,HEF,VA,AEA,EN,Towers with Radar,0,19,46,0,65,0,28,67,0,95,0,47,113,0,160,212,0,212,372
06/05/2023,HEF,VA,AEA,EN,Towers with Radar,0,14,28,0,42,0,55,81,4,140,0,69,109,4,182,100,0,100,282
06/06/2023,HEF,VA,AEA,EN,Towers with Radar,0,21,28,0,49,0,37,66,6,109,0,58,94,6,158,123,0,123,281
06/07/2023,HEF,VA,AEA,EN,Towers with Radar,0,21,57,0,78,0,12,5,2,19,0,33,62,2,97,38,0,38,135
06/08/2023,HEF,VA,AEA,EN,Towers with Radar,0,16,44,1,61,0,4,12,0,16,0,20,56,1,77,47,0,47,124
06/09/2023,HEF,VA,AEA,EN,Towers with Radar,0,13,45,2,60,0,38,60,4,102,0,51,105,6,162,269,0,269,431
06/10/2023,HEF,VA,AEA,EN,Towers with Radar,0,11,27,2,40,0,56,79,0,135,0,67,106,2,175,172,0,172,347
06/11/2023,HEF,VA,AEA,EN,Towers with Radar,0,12,45,0,57,0,47,71,0,118,0,59,116,0,175,157,0,157,332
06/12/2023,HEF,VA,AEA,EN,Towers with Radar,0,16,27,4,47,0,2,8,5,15,0,18,35,9,62,120,0,120,182
06/13/2023,HEF,VA,AEA,EN,Towers with Radar,0,20,54,2,76,0,58,70,4,132,0,78,124,6,208,167,0,167,375
06/14/2023,HEF,VA,AEA,EN,Towers with Radar,0,26,32,2,60,0,25,22,10,57,0,51,54,12,117,126,0,126,243
06/15/2023,HEF,VA,AEA,EN,Towers with Radar,0,20,36,1,57,0,66,79,5,150,0,86,115,6,207,208,0,208,415
06/16/2023,HEF,VA,AEA,EN,Towers with Radar,0,7,41,1,49,0,33,25,6,64,0,40,66,7,113,136,0,136,249
06/17/2023,HEF,VA,AEA,EN,Towers with Radar,0,23,31,0,54,0,41,79,0,120,0,64,110,0,174,226,0,226,400
06/18/2023,HEF,VA,AEA,EN,Towers with Radar,0,11,31,0,42,0,50,102,0,152,0,61,133,0,194,156,0,156,350
06/19/2023,HEF,VA,AEA,EN,Towers with Radar,0,11,45,2,58,0,39,69,1,109,0,50,114,3,167,106,0,106,273
06/20/2023,HEF,VA,AEA,EN,Towers with Radar,0,26,30,5,61,0,31,35,6,72,0,57,65,11,133,205,0,205,338
06/21/2023,HEF,VA,AEA,EN,Towers with Radar,0,10,44,4,58,0,2,1,3,6,0,12,45,7,64,0,0,0,64
06/22/2023,HEF,VA,AEA,EN,Towers with Radar,0,14,34,2,50,0,0,0,0,0,0,14,34,2,50,0,0,0,50
06/23/2023,HEF,VA,AEA,EN,Towers with Radar,0,17,29,2,48,0,0,1,0,1,0,17,30,2,49,6,0,6,55
06/24/2023,HEF,VA,AEA,EN,Towers with Radar,0,28,35,2,65,0,11,29,0,40,0,39,64,2,105,236,0,236,341
06/25/2023,HEF,VA,AEA,EN,Towers with Radar,0,18,45,2,65,0,51,105,1,157,0,69,150,3,222,153,0,153,375
06/26/2023,HEF,VA,AEA,EN,Towers with Radar,0,12,23,0,35,0,53,62,11,126,0,65,85,11,161,200,0,200,361
06/27/2023,HEF,VA,AEA,EN,Towers with Radar,0,13,32,1,46,0,46,51,9,106,0,59,83,10,152,174,0,174,326
06/28/2023,HEF,VA,AEA,EN,Towers with Radar,0,17,44,1,62,0,50,67,8,125,0,67,111,9,187,305,0,305,492
06/29/2023,HEF,VA,AEA,EN,Towers with Radar,0,16,76,0,92,0,0,6,0,6,0,16,82,0,98,2,0,2,100
06/30/2023,HEF,VA,AEA,EN,Towers with Radar,0,28,43,2,73,0,30,28,6,64,0,58,71,8,137,190,0,190,327
07/01/2023,HEF,VA,AEA,EN,Towers with Radar,0,20,36,2,58,0,4,16,0,20,0,24,52,2,78,258,0,258,336
07/02/2023,HEF,VA,AEA,EN,Towers with Radar,0,14,23,2,39,0,33,36,0,69,0,47,59,2,108,208,0,208,316
07/03/2023,HEF,VA,AEA,EN,Towers with Radar,0,12,21,4,37,0,33,69,4,106,0,45,90,8,143,229,0,229,372
07/04/2023,HEF,VA,AEA,EN,Towers with Radar,0,13,33,0,46,0,42,49,0,91,0,55,82,0,137,131,0,131,268
07/05/2023,HEF,VA,AEA,EN,Towers with Radar,0,15,47,2,64,0,61,65,10,136,0,76,112,12,200,214,0,214,414
07/06/2023,HEF,VA,AEA,EN,Towers with Radar,0,20,26,0,46,0,37,52,10,99,0,57,78,10,145,183,0,183,328
07/07/2023,HEF,VA,AEA,EN,Towers with Radar,0,21,25,0,46,0,46,73,6,125,0,67,98,6,171,184,0,184,355
07/08/2023,HEF,VA,AEA,EN,Towers with Radar,0,15,31,1,47,0,34,124,0,158,0,49,155,1,205,234,0,234,439
07/09/2023,HEF,VA,AEA,EN,Towers with Radar,0,18,42,3,63,0,9,6,0,15,0,27,48,3,78,90,0,90,168
07/10/2023,HEF,VA,AEA,EN,Towers with Radar,0,16,36,3,55,0,49,74,4,127,0,65,110,7,182,255,0,255,437
07/11/2023,HEF,VA,AEA,EN,Towers with Radar,0,13,48,2,63,0,45,91,7,143,0,58,139,9,206,147,0,147,353
07/12/2023,HEF,VA,AEA,EN,Towers with Radar,0,19,22,1,42,0,74,94,9,177,0,93,116,10,219,107,0,107,326
07/13/2023,HEF,VA,AEA,EN,Towers with Radar,0,19,37,1,57,0,45,76,5,126,0,64,113,6,183,153,0,153,336
07/14/2023,HEF,VA,AEA,EN,Towers with Radar,0,31,34,5,70,0,31,76,8,115,0,62,110,13,185,190,0,190,375
07/15/2023,HEF,VA,AEA,EN,Towers with Radar,0,18,42,0,60,0,36,65,0,101,0,54,107,0,161,224,0,224,385
07/16/2023,HEF,VA,AEA,EN,Towers with Radar,0,21,42,9,72,0,36,46,0,82,0,57,88,9,154,77,0,77,231
07/17/2023,HEF,VA,AEA,EN,Towers with Radar,0,20,35,2,57,0,45,87,8,140,0,65,122,10,197,159,0,159,356
07/18/2023,HEF,VA,AEA,EN,Towers with Radar,0,27,41,2,70,0,48,63,7,118,0,75,104,9,188,180,0,180,368
07/19/2023,HEF,VA,AEA,EN,Towers with Radar,0,12,41,4,57,0,42,67,5,114,0,54,108,9,171,230,0,230,401
07/20/2023,HEF,VA,AEA,EN,Towers with Radar,0,24,46,4,74,0,61,84,7,152,0,85,130,11,226,235,0,235,461
07/21/2023,HEF,VA,AEA,EN,Towers with Radar,0,21,35,7,63,0,60,84,8,152,0,81,119,15,215,230,0,230,445
07/22/2023,HEF,VA,AEA,EN,Towers with Radar,0,14,28,0,42,0,54,118,0,172,0,68,146,0,214,172,0,172,386
07/23/2023,HEF,VA,AEA,EN,Towers with Radar,0,21,36,7,64,0,40,92,0,132,0,61,128,7,196,166,0,166,362
07/24/2023,HEF,VA,AEA,EN,Towers with Radar,0,12,34,0,46,0,33,50,5,88,0,45,84,5,134,171,0,171,305
07/25/2023,HEF,VA,AEA,EN,Towers with Radar,0,26,39,2,67,0,23,40,6,69,0,49,79,8,136,161,0,161,297
07/26/2023,HEF,VA,AEA,EN,Towers with Radar,0,19,36,0,55,0,41,88,6,135,0,60,124,6,190,84,0,84,274
07/27/2023,HEF,VA,AEA,EN,Towers with Radar,0,19,39,0,58,0,34,72,3,109,0,53,111,3,167,176,0,176,343
07/28/2023,HEF,VA,AEA,EN,Towers with Radar,0,27,25,3,55,0,44,60,3,107,0,71,85,6,162,118,0,118,280
07/29/2023,HEF,VA,AEA,EN,Towers with Radar,0,19,20,4,43,0,42,71,0,113,0,61,91,4,156,75,0,75,231
07/30/2023,HEF,VA,AEA,EN,Towers with Radar,0,20,50,4,74,0,69,101,1,171,0,89,151,5,245,122,0,122,367
07/31/2023,HEF,VA,AEA,EN,Towers with Radar,0,21,20,1,42,0,41,83,2,126,0,62,103,3,168,123,0,123,291
08/01/2023,HEF,VA,AEA,EN,Towers with Radar,0,15,33,0,48,0,59,85,7,151,0,74,118,7,199,290,0,290,489
08/02/2023,HEF,VA,AEA,EN,Towers with Radar,0,29,29,0,58,0,44,101,4,149,0,73,130,4,207,92,0,92,299
08/03/2023,HEF,VA,AEA,EN,Towers with Radar,0,26,34,0,60,0,16,42,5,63,0,42,76,5,123,193,0,193,316
08/04/2023,HEF,VA,AEA,EN,Towers with Radar,0,21,29,7,57,0,12,13,4,29,0,33,42,11,86,232,0,232,318
08/05/2023,HEF,VA,AEA,EN,Towers with Radar,0,23,27,3,53,0,53,86,0,139,0,76,113,3,192,107,0,107,299
08/06/2023,HEF,VA,AEA,EN,Towers with Radar,0,25,42,4,71,0,43,57,0,100,0,68,99,4,171,204,0,204,375
08/07/2023,HEF,VA,AEA,EN,Towers with Radar,0,21,27,2,50,0,17,18,2,37,0,38,45,4,87,79,0,79,166
08/08/2023,HEF,VA,AEA,EN,Towers with Radar,0,15,25,1,41,0,43,39,2,84,0,58,64,3,125,120,0,120,245
08/09/2023,HEF,VA,AEA,EN,Towers with Radar,0,18,30,1,49,0,62,89,2,153,0,80,119,3,202,138,0,138,340
08/10/2023,HEF,VA,AEA,EN,Towers with Radar,0,26,23,1,50,0,34,22,2,58,0,60,45,3,108,89,0,89,197
08/11/2023,HEF,VA,AEA,EN,Towers with Radar,0,26,34,8,68,0,48,114,3,165,0,74,148,11,233,194,0,194,427
08/12/2023,HEF,VA,AEA,EN,Towers with Radar,0,22,25,0,47,0,48,152,0,200,0,70,177,0,247,196,0,196,443
08/13/2023,HEF,VA,AEA,EN,Towers with Radar,0,23,42,3,68,0,36,92,0,128,0,59,134,3,196,152,0,152,348
08/14/2023,HEF,VA,AEA,EN,Towers with Radar,0,25,27,0,52,0,38,46,2,86,0,63,73,2,138,91,0,91,229
08/15/2023,HEF,VA,AEA,EN,Towers with Radar,0,11,25,0,36,0,19,63,3,85,0,30,88,3,121,127,0,127,248
08/16/2023,HEF,VA,AEA,EN,Towers with Radar,0,26,42,0,68,0,31,92,9,132,0,57,134,9,200,139,0,139,339
08/17/2023,HEF,VA,AEA,EN,Towers with Radar,0,21,34,0,55,0,40,80,7,127,0,61,114,7,182,160,0,160,342
08/18/2023,HEF,VA,AEA,EN,Towers with Radar,0,19,41,1,61,0,46,66,2,114,0,65,107,3,175,70,0,70,245
08/19/2023,HEF,VA,AEA,EN,Towers with Radar,0,15,29,2,46,0,41,113,0,154,0,56,142,2,200,104,0,104,304
08/20/2023,HEF,VA,AEA,EN,Towers with Radar,0,20,34,2,56,0,34,62,0,96,0,54,96,2,152,84,0,84,236
08/21/2023,HEF,VA,AEA,EN,Towers with Radar,0,24,18,0,42,0,39,58,6,103,0,63,76,6,145,146,0,146,291
08/22/2023,HEF,VA,AEA,EN,Towers with Radar,0,17,30,2,49,0,39,46,8,93,0,56,76,10,142,245,0,245,387
08/23/2023,HEF,VA,AEA,EN,Towers with Radar,0,22,36,0,58,0,35,93,4,132,0,57,129,4,190,142,0,142,332
08/24/2023,HEF,VA,AEA,EN,Towers with Radar,0,17,40,4,61,0,48,46,4,98,0,65,86,8,159,167,0,167,326
08/25/2023,HEF,VA,AEA,EN,Towers with Radar,0,18,23,3,44,0,28,56,6,90,0,46,79,9,134,180,0,180,314
08/26/2023,HEF,VA,AEA,EN,Towers with Radar,0,16,25,0,41,0,45,84,1,130,0,61,109,1,171,104,0,104,275
08/27/2023,HEF,VA,AEA,EN,Towers with Radar,0,20,27,1,48,0,23,55,0,78,0,43,82,1,126,134,0,134,260
08/28/2023,HEF,VA,AEA,EN,Towers with Radar,0,24,27,0,51,0,10,10,8,28,0,34,37,8,79,152,0,152,231
08/29/2023,HEF,VA,AEA,EN,Towers with Radar,0,33,22,1,56,0,6,5,6,17,0,39,27,7,73,109,0,109,182
08/30/2023,HEF,VA,AEA,EN,Towers with Radar,0,22,32,3,57,0,47,57,10,114,0,69,89,13,171,178,0,178,349
08/31/2023,HEF,VA,AEA,EN,Towers with Radar,0,27,18,0,45,0,34,27,9,70,0,61,45,9,115,43,0,43,158
