01/01/2000,HFD,CT,ANE,EN,Federal Contract Tower,0,0,6,0,6,0,0,26,0,26,0,0,32,0,32,16,0,16,48
01/02/2000,HFD,CT,ANE,EN,Federal Contract Tower,0,0,9,0,9,0,0,70,0,70,0,0,79,0,79,74,0,74,153
01/03/2000,HFD,CT,ANE,EN,Federal Contract Tower,0,1,16,0,17,0,3,201,0,204,0,4,217,0,221,206,0,206,427
01/04/2000,HFD,CT,ANE,EN,Federal Contract Tower,0,1,8,0,9,0,5,4,0,9,0,6,12,0,18,0,0,0,18
01/05/2000,HFD,CT,ANE,EN,Federal Contract Tower,0,1,4,0,5,0,5,117,0,122,0,6,121,0,127,90,0,90,217
01/06/2000,HFD,CT,ANE,EN,Federal Contract Tower,0,0,9,1,10,0,7,253,1,261,0,7,262,2,271,230,2,232,503
01/07/2000,HFD,CT,ANE,EN,Federal Contract Tower,0,0,8,0,8,0,4,269,0,273,0,4,277,0,281,240,0,240,521
01/08/2000,HFD,CT,ANE,EN,Federal Contract Tower,0,0,17,0,17,0,0,300,0,300,0,0,317,0,317,262,0,262,579
01/09/2000,HFD,CT,ANE,EN,Federal Contract Tower,0,0,8,0,8,0,0,214,0,214,0,0,222,0,222,152,0,152,374
01/10/2000,HFD,CT,ANE,EN,Federal Contract Tower,0,0,13,0,13,0,4,90,0,94,0,4,103,0,107,94,0,94,201
01/11/2000,HFD,CT,ANE,EN,Federal Contract Tower,0,3,17,0,20,0,1,182,6,189,0,4,199,6,209,58,0,58,267
01/12/2000,HFD,CT,ANE,EN,Federal Contract Tower,0,3,19,0,22,0,3,151,0,154,0,6,170,0,176,158,0,158,334
01/13/2000,HFD,CT,ANE,EN,Federal Contract Tower,0,0,4,0,4,0,2,0,0,2,0,2,4,0,6,0,0,0,6
01/14/2000,HFD,CT,ANE,EN,Federal Contract Tower,0,0,7,0,7,0,5,46,0,51,0,5,53,0,58,0,0,0,58
01/15/2000,HFD,CT,ANE,EN,Federal Contract Tower,0,0,4,0,4,0,2,145,0,147,0,2,149,0,151,90,0,90,241
01/16/2000,HFD,CT,ANE,EN,Federal Contract Tower,0,0,4,0,4,0,0,94,0,94,0,0,98,0,98,68,0,68,166
01/17/2000,HFD,CT,ANE,EN,Federal Contract Tower,0,0,4,0,4,0,2,45,0,47,0,2,49,0,51,12,0,12,63
01/18/2000,HFD,CT,ANE,EN,Federal Contract Tower,0,0,7,0,7,0,4,169,0,173,0,4,176,0,180,140,0,140,320
01/19/2000,HFD,CT,ANE,EN,Federal Contract Tower,0,0,13,0,13,0,6,125,0,131,0,6,138,0,144,184,2,186,330
01/20/2000,HFD,CT,ANE,EN,Federal Contract Tower,0,2,18,0,20,0,4,20,0,24,0,6,38,0,44,0,0,0,44
01/21/2000,HFD,CT,ANE,EN,Federal Contract Tower,0,0,6,0,6,0,4,44,0,48,0,4,50,0,54,4,0,4,58
01/22/2000,HFD,CT,ANE,EN,Federal Contract Tower,0,0,5,0,5,0,2,26,0,28,0,2,31,0,33,54,0,54,87
01/23/2000,HFD,CT,ANE,EN,Federal Contract Tower,0,0,4,0,4,0,0,112,0,112,0,0,116,0,116,50,0,50,166
01/24/2000,HFD,CT,ANE,EN,Federal Contract Tower,0,0,9,0,9,0,4,272,0,276,0,4,281,0,285,138,0,138,423
01/25/2000,HFD,CT,ANE,EN,Federal Contract Tower,0,0,0,0,0,0,0,0,0,0,0,0,0,0,0,0,0,0,0
01/26/2000,HFD,CT,ANE,EN,Federal Contract Tower,0,0,10,0,10,0,4,77,0,81,0,4,87,0,91,30,2,32,123
01/27/2000,HFD,CT,ANE,EN,Federal Contract Tower,0,0,13,0,13,0,8,191,6,205,0,8,204,6,218,194,0,194,412
01/28/2000,HFD,CT,ANE,EN,Federal Contract Tower,0,0,6,0,6,0,4,192,0,196,0,4,198,0,202,172,2,174,376
01/29/2000,HFD,CT,ANE,EN,Federal Contract Tower,0,0,11,0,11,0,2,259,0,261,0,2,270,0,272,272,0,272,544
01/30/2000,HFD,CT,ANE,EN,Federal Contract Tower,0,0,3,0,3,0,0,192,0,192,0,0,195,0,195,170,0,170,365
01/31/2000,HFD,CT,ANE,EN,Federal Contract Tower,0,0,14,0,14,0,4,57,0,61,0,4,71,0,75,22,0,22,97
02/01/2000,HFD,CT,ANE,EN,Federal Contract Tower,0,3,20,0,23,0,3,196,0,199,0,6,216,0,222,90,0,90,312
02/02/2000,HFD,CT,ANE,EN,Federal Contract Tower,0,1,6,0,7,0,3,119,0,122,0,4,125,0,129,58,0,58,187
02/03/2000,HFD,CT,ANE,EN,Federal Contract Tower,0,5,43,0,48,0,3,71,4,78,0,8,114,4,126,170,2,172,298
02/04/2000,HFD,CT,ANE,EN,Federal Contract Tower,0,2,16,0,18,0,2,148,0,150,0,4,164,0,168,160,0,160,328
02/05/2000,HFD,CT,ANE,EN,Federal Contract Tower,0,2,16,0,18,0,0,248,2,250,0,2,264,2,268,186,0,186,454
02/06/2000,HFD,CT,ANE,EN,Federal Contract Tower,0,0,1,0,1,0,0,136,0,136,0,0,137,0,137,72,0,72,209
02/07/2000,HFD,CT,ANE,EN,Federal Contract Tower,0,2,14,0,16,0,2,179,0,181,0,4,193,0,197,136,0,136,333
02/08/2000,HFD,CT,ANE,EN,Federal Contract Tower,0,1,11,0,12,0,3,176,0,179,0,4,187,0,191,138,0,138,329
02/09/2000,HFD,CT,ANE,EN,Federal Contract Tower,0,0,8,0,8,0,6,176,0,182,0,6,184,0,190,152,0,152,342
02/10/2000,HFD,CT,ANE,EN,Federal Contract Tower,0,1,19,0,20,0,3,281,0,284,0,4,300,0,304,298,4,302,606
02/11/2000,HFD,CT,ANE,EN,Federal Contract Tower,0,2,24,0,26,0,4,18,0,22,0,6,42,0,48,0,0,0,48
02/12/2000,HFD,CT,ANE,EN,Federal Contract Tower,0,1,12,1,14,0,1,223,1,225,0,2,235,2,239,292,0,292,531
02/13/2000,HFD,CT,ANE,EN,Federal Contract Tower,0,0,13,1,14,0,0,240,5,245,0,0,253,6,259,214,0,214,473
02/14/2000,HFD,CT,ANE,EN,Federal Contract Tower,0,0,7,0,7,0,2,64,0,66,0,2,71,0,73,8,0,8,81
02/15/2000,HFD,CT,ANE,EN,Federal Contract Tower,0,1,13,1,15,0,5,199,1,205,0,6,212,2,220,88,0,88,308
02/16/2000,HFD,CT,ANE,EN,Federal Contract Tower,0,1,12,0,13,0,5,83,0,88,0,6,95,0,101,82,0,82,183
02/17/2000,HFD,CT,ANE,EN,Federal Contract Tower,0,0,13,0,13,0,6,230,0,236,0,6,243,0,249,194,0,194,443
02/18/2000,HFD,CT,ANE,EN,Federal Contract Tower,0,0,0,0,0,0,3,12,0,15,0,3,12,0,15,2,0,2,17
02/19/2000,HFD,CT,ANE,EN,Federal Contract Tower,0,0,11,0,11,0,2,2,8,12,0,2,13,8,23,0,0,0,23
02/20/2000,HFD,CT,ANE,EN,Federal Contract Tower,0,0,1,0,1,0,0,210,0,210,0,0,211,0,211,110,0,110,321
02/21/2000,HFD,CT,ANE,EN,Federal Contract Tower,0,0,4,0,4,0,2,281,1,284,0,2,285,1,288,198,0,198,486
02/22/2000,HFD,CT,ANE,EN,Federal Contract Tower,0,1,13,0,14,0,7,246,0,253,0,8,259,0,267,180,0,180,447
02/23/2000,HFD,CT,ANE,EN,Federal Contract Tower,0,2,20,0,22,0,2,203,0,205,0,4,223,0,227,162,0,162,389
02/24/2000,HFD,CT,ANE,EN,Federal Contract Tower,0,2,22,0,24,0,2,258,0,260,0,4,280,0,284,248,10,258,542
02/25/2000,HFD,CT,ANE,EN,Federal Contract Tower,0,1,17,0,18,0,1,18,0,19,0,2,35,0,37,2,0,2,39
02/26/2000,HFD,CT,ANE,EN,Federal Contract Tower,0,0,12,0,12,0,0,7,0,7,0,0,19,0,19,0,0,0,19
02/27/2000,HFD,CT,ANE,EN,Federal Contract Tower,0,0,21,0,21,0,0,6,0,6,0,0,27,0,27,0,0,0,27
02/28/2000,HFD,CT,ANE,EN,Federal Contract Tower,0,2,28,0,30,0,2,153,0,155,0,4,181,0,185,162,0,162,347
02/29/2000,HFD,CT,ANE,EN,Federal Contract Tower,0,1,15,0,16,0,5,191,0,196,0,6,206,0,212,224,0,224,436
03/01/2000,HFD,CT,ANE,EN,Federal Contract Tower,0,2,22,0,24,0,6,215,0,221,0,8,237,0,245,272,0,272,517
03/02/2000,HFD,CT,ANE,EN,Federal Contract Tower,0,2,15,0,17,0,4,190,0,194,0,6,205,0,211,210,0,210,421
03/03/2000,HFD,CT,ANE,EN,Federal Contract Tower,0,1,6,0,7,0,3,140,0,143,0,4,146,0,150,100,0,100,250
03/04/2000,HFD,CT,ANE,EN,Federal Contract Tower,0,2,12,0,14,0,0,261,0,261,0,2,273,0,275,126,0,126,401
03/05/2000,HFD,CT,ANE,EN,Federal Contract Tower,0,1,9,0,10,0,1,249,0,250,0,2,258,0,260,154,0,154,414
03/06/2000,HFD,CT,ANE,EN,Federal Contract Tower,0,0,11,0,11,0,0,223,0,223,0,0,234,0,234,136,0,136,370
03/07/2000,HFD,CT,ANE,EN,Federal Contract Tower,0,0,7,0,7,0,0,255,0,255,0,0,262,0,262,184,0,184,446
03/08/2000,HFD,CT,ANE,EN,Federal Contract Tower,0,1,10,0,11,0,5,255,0,260,0,6,265,0,271,138,0,138,409
03/09/2000,HFD,CT,ANE,EN,Federal Contract Tower,0,2,16,0,18,0,2,173,0,175,0,4,189,0,193,150,0,150,343
03/10/2000,HFD,CT,ANE,EN,Federal Contract Tower,0,1,3,0,4,0,3,283,0,286,0,4,286,0,290,232,0,232,522
03/11/2000,HFD,CT,ANE,EN,Federal Contract Tower,0,1,8,0,9,0,1,51,0,52,0,2,59,0,61,98,0,98,159
03/12/2000,HFD,CT,ANE,EN,Federal Contract Tower,0,0,10,0,10,0,0,13,0,13,0,0,23,0,23,10,0,10,33
03/13/2000,HFD,CT,ANE,EN,Federal Contract Tower,0,1,5,0,6,0,3,289,0,292,0,4,294,0,298,252,0,252,550
03/14/2000,HFD,CT,ANE,EN,Federal Contract Tower,0,2,16,0,18,0,4,207,0,211,0,6,223,0,229,190,0,190,419
03/15/2000,HFD,CT,ANE,EN,Federal Contract Tower,0,2,12,0,14,0,4,203,0,207,0,6,215,0,221,244,0,244,465
03/16/2000,HFD,CT,ANE,EN,Federal Contract Tower,0,2,16,0,18,0,4,179,0,183,0,6,195,0,201,169,0,169,370
03/17/2000,HFD,CT,ANE,EN,Federal Contract Tower,0,0,4,0,4,0,4,6,0,10,0,4,10,0,14,0,0,0,14
03/18/2000,HFD,CT,ANE,EN,Federal Contract Tower,0,0,12,0,12,0,2,222,0,224,0,2,234,0,236,170,0,170,406
03/19/2000,HFD,CT,ANE,EN,Federal Contract Tower,0,0,6,0,6,0,0,347,0,347,0,0,353,0,353,207,0,207,560
03/20/2000,HFD,CT,ANE,EN,Federal Contract Tower,0,1,15,0,16,0,3,253,0,256,0,4,268,0,272,162,0,162,434
03/21/2000,HFD,CT,ANE,EN,Federal Contract Tower,0,2,30,0,32,0,2,130,0,132,0,4,160,0,164,138,0,138,302
03/22/2000,HFD,CT,ANE,EN,Federal Contract Tower,0,3,34,0,37,0,3,179,0,182,0,6,213,0,219,122,0,122,341
03/23/2000,HFD,CT,ANE,EN,Federal Contract Tower,0,0,10,0,10,0,4,303,0,307,0,4,313,0,317,252,0,252,569
03/24/2000,HFD,CT,ANE,EN,Federal Contract Tower,0,1,13,0,14,0,3,311,0,314,0,4,324,0,328,310,0,310,638
03/25/2000,HFD,CT,ANE,EN,Federal Contract Tower,0,1,15,0,16,0,1,301,0,302,0,2,316,0,318,280,0,280,598
03/26/2000,HFD,CT,ANE,EN,Federal Contract Tower,0,0,9,0,9,0,0,179,0,179,0,0,188,0,188,120,0,120,308
03/27/2000,HFD,CT,ANE,EN,Federal Contract Tower,0,0,11,0,11,0,4,292,0,296,0,4,303,0,307,160,0,160,467
03/28/2000,HFD,CT,ANE,EN,Federal Contract Tower,0,2,23,0,25,0,4,54,0,58,0,6,77,0,83,58,0,58,141
03/29/2000,HFD,CT,ANE,EN,Federal Contract Tower,0,1,21,0,22,0,5,107,0,112,0,6,128,0,134,68,0,68,202
03/30/2000,HFD,CT,ANE,EN,Federal Contract Tower,0,1,15,0,16,0,7,320,0,327,0,8,335,0,343,224,0,224,567
03/31/2000,HFD,CT,ANE,EN,Federal Contract Tower,0,1,22,0,23,0,9,334,0,343,0,10,356,0,366,220,0,220,586
04/01/2000,HFD,CT,ANE,EN,Federal Contract Tower,0,0,7,0,7,0,0,29,0,29,0,0,36,0,36,84,0,84,120
04/02/2000,HFD,CT,ANE,EN,Federal Contract Tower,0,1,16,0,17,0,4,179,0,183,0,5,195,0,200,134,0,134,334
04/03/2000,HFD,CT,ANE,EN,Federal Contract Tower,0,1,12,0,13,0,1,164,0,165,0,2,176,0,178,96,0,96,274
04/04/2000,HFD,CT,ANE,EN,Federal Contract Tower,0,1,11,0,12,0,1,216,0,217,0,2,227,0,229,98,6,104,333
04/05/2000,HFD,CT,ANE,EN,Federal Contract Tower,0,1,14,0,15,0,3,257,0,260,0,4,271,0,275,122,0,122,397
04/06/2000,HFD,CT,ANE,EN,Federal Contract Tower,0,0,33,0,33,0,0,83,0,83,0,0,116,0,116,52,0,52,168
04/07/2000,HFD,CT,ANE,EN,Federal Contract Tower,0,0,20,0,20,0,0,114,0,114,0,0,134,0,134,108,0,108,242
04/08/2000,HFD,CT,ANE,EN,Federal Contract Tower,0,0,18,0,18,0,0,1,0,1,0,0,19,0,19,0,0,0,19
04/09/2000,HFD,CT,ANE,EN,Federal Contract Tower,0,0,17,0,17,0,0,167,0,167,0,0,184,0,184,146,0,146,330
04/10/2000,HFD,CT,ANE,EN,Federal Contract Tower,0,0,21,0,21,0,4,205,0,209,0,4,226,0,230,90,0,90,320
04/11/2000,HFD,CT,ANE,EN,Federal Contract Tower,0,2,24,0,26,0,0,158,0,158,0,2,182,0,184,98,0,98,282
04/12/2000,HFD,CT,ANE,EN,Federal Contract Tower,0,0,24,0,24,0,4,0,0,4,0,4,24,0,28,0,0,0,28
04/13/2000,HFD,CT,ANE,EN,Federal Contract Tower,0,0,23,0,23,0,0,129,0,129,0,0,152,0,152,61,0,61,213
04/14/2000,HFD,CT,ANE,EN,Federal Contract Tower,0,0,2,0,2,0,0,164,0,164,0,0,166,0,166,74,0,74,240
04/15/2000,HFD,CT,ANE,EN,Federal Contract Tower,0,0,5,0,5,0,2,88,0,90,0,2,93,0,95,50,0,50,145
04/16/2000,HFD,CT,ANE,EN,Federal Contract Tower,0,0,9,0,9,0,7,249,2,258,0,7,258,2,267,126,8,134,401
04/17/2000,HFD,CT,ANE,EN,Federal Contract Tower,0,0,14,0,14,0,5,157,0,162,0,5,171,0,176,120,0,120,296
04/18/2000,HFD,CT,ANE,EN,Federal Contract Tower,0,0,13,0,13,0,2,71,0,73,0,2,84,0,86,46,0,46,132
04/19/2000,HFD,CT,ANE,EN,Federal Contract Tower,0,0,13,0,13,0,6,253,0,259,0,6,266,0,272,158,0,158,430
04/20/2000,HFD,CT,ANE,EN,Federal Contract Tower,0,0,12,0,12,0,3,273,0,276,0,3,285,0,288,118,0,118,406
04/21/2000,HFD,CT,ANE,EN,Federal Contract Tower,0,1,23,0,24,0,0,156,0,156,0,1,179,0,180,102,0,102,282
04/22/2000,HFD,CT,ANE,EN,Federal Contract Tower,0,0,12,0,12,0,2,104,2,108,0,2,116,2,120,88,0,88,208
04/23/2000,HFD,CT,ANE,EN,Federal Contract Tower,0,0,11,0,11,0,6,215,0,221,0,6,226,0,232,144,0,144,376
04/24/2000,HFD,CT,ANE,EN,Federal Contract Tower,0,0,14,0,14,0,19,104,0,123,0,19,118,0,137,66,0,66,203
04/25/2000,HFD,CT,ANE,EN,Federal Contract Tower,0,0,12,0,12,0,2,137,2,141,0,2,149,2,153,52,0,52,205
04/26/2000,HFD,CT,ANE,EN,Federal Contract Tower,0,0,10,0,10,0,6,301,0,307,0,6,311,0,317,144,0,144,461
04/27/2000,HFD,CT,ANE,EN,Federal Contract Tower,0,2,28,0,30,0,0,246,0,246,0,2,274,0,276,162,0,162,438
04/28/2000,HFD,CT,ANE,EN,Federal Contract Tower,0,0,10,0,10,0,0,170,0,170,0,0,180,0,180,106,0,106,286
04/29/2000,HFD,CT,ANE,EN,Federal Contract Tower,0,0,4,0,4,0,0,174,0,174,0,0,178,0,178,130,0,130,308
04/30/2000,HFD,CT,ANE,EN,Federal Contract Tower,0,0,12,0,12,0,6,249,0,255,0,6,261,0,267,166,0,166,433
05/01/2000,HFD,CT,ANE,EN,Federal Contract Tower,0,2,17,0,19,0,3,183,0,186,0,5,200,0,205,172,0,172,377
05/02/2000,HFD,CT,ANE,EN,Federal Contract Tower,0,2,21,0,23,0,1,148,2,151,0,3,169,2,174,132,0,132,306
05/03/2000,HFD,CT,ANE,EN,Federal Contract Tower,0,1,9,0,10,0,5,174,0,179,0,6,183,0,189,92,0,92,281
05/04/2000,HFD,CT,ANE,EN,Federal Contract Tower,0,1,8,0,9,0,0,191,4,195,0,1,199,4,204,100,0,100,304
05/05/2000,HFD,CT,ANE,EN,Federal Contract Tower,0,0,2,0,2,0,0,185,0,185,0,0,187,0,187,138,0,138,325
05/06/2000,HFD,CT,ANE,EN,Federal Contract Tower,0,0,13,0,13,0,0,155,0,155,0,0,168,0,168,82,0,82,250
05/07/2000,HFD,CT,ANE,EN,Federal Contract Tower,0,1,9,0,10,0,6,299,0,305,0,7,308,0,315,208,0,208,523
05/08/2000,HFD,CT,ANE,EN,Federal Contract Tower,0,1,4,0,5,0,4,259,0,263,0,5,263,0,268,138,0,138,406
05/09/2000,HFD,CT,ANE,EN,Federal Contract Tower,0,1,14,0,15,0,1,317,0,318,0,2,331,0,333,174,0,174,507
05/10/2000,HFD,CT,ANE,EN,Federal Contract Tower,0,3,32,0,35,0,2,207,0,209,0,5,239,0,244,202,0,202,446
05/11/2000,HFD,CT,ANE,EN,Federal Contract Tower,0,3,32,0,35,0,1,233,0,234,0,4,265,0,269,98,0,98,367
05/12/2000,HFD,CT,ANE,EN,Federal Contract Tower,0,0,39,0,39,0,0,163,0,163,0,0,202,0,202,90,0,90,292
05/13/2000,HFD,CT,ANE,EN,Federal Contract Tower,0,0,16,0,16,0,0,80,0,80,0,0,96,0,96,72,0,72,168
05/14/2000,HFD,CT,ANE,EN,Federal Contract Tower,0,0,4,0,4,0,7,218,0,225,0,7,222,0,229,178,2,180,409
05/15/2000,HFD,CT,ANE,EN,Federal Contract Tower,0,0,13,1,14,0,4,141,0,145,0,4,154,1,159,72,0,72,231
05/16/2000,HFD,CT,ANE,EN,Federal Contract Tower,0,0,6,1,7,0,4,146,1,151,0,4,152,2,158,188,0,188,346
05/17/2000,HFD,CT,ANE,EN,Federal Contract Tower,0,1,22,0,23,0,8,179,3,190,0,9,201,3,213,113,0,113,326
05/18/2000,HFD,CT,ANE,EN,Federal Contract Tower,0,1,30,0,31,0,1,145,0,146,0,2,175,0,177,68,0,68,245
05/19/2000,HFD,CT,ANE,EN,Federal Contract Tower,0,2,45,0,47,0,1,160,0,161,0,3,205,0,208,110,0,110,318
05/20/2000,HFD,CT,ANE,EN,Federal Contract Tower,0,0,31,0,31,0,0,176,0,176,0,0,207,0,207,168,0,168,375
05/21/2000,HFD,CT,ANE,EN,Federal Contract Tower,0,2,41,0,43,0,5,186,2,193,0,7,227,2,236,212,0,212,448
05/22/2000,HFD,CT,ANE,EN,Federal Contract Tower,0,3,22,0,25,0,4,0,0,4,0,7,22,0,29,0,0,0,29
05/23/2000,HFD,CT,ANE,EN,Federal Contract Tower,0,3,49,0,52,0,4,12,0,16,0,7,61,0,68,12,0,12,80
05/24/2000,HFD,CT,ANE,EN,Federal Contract Tower,0,0,37,0,37,0,0,9,0,9,0,0,46,0,46,4,0,4,50
05/25/2000,HFD,CT,ANE,EN,Federal Contract Tower,0,1,23,0,24,0,3,54,0,57,0,4,77,0,81,30,0,30,111
05/26/2000,HFD,CT,ANE,EN,Federal Contract Tower,0,0,16,0,16,0,0,9,0,9,0,0,25,0,25,60,8,68,93
05/27/2000,HFD,CT,ANE,EN,Federal Contract Tower,0,0,4,0,4,0,3,12,0,15,0,3,16,0,19,4,0,4,23
05/28/2000,HFD,CT,ANE,EN,Federal Contract Tower,0,0,9,0,9,0,2,31,1,34,0,2,40,1,43,18,12,30,73
05/29/2000,HFD,CT,ANE,EN,Federal Contract Tower,0,0,15,0,15,0,11,182,2,195,0,11,197,2,210,176,0,176,386
05/30/2000,HFD,CT,ANE,EN,Federal Contract Tower,0,1,28,0,29,0,8,212,2,222,0,9,240,2,251,214,0,214,465
05/31/2000,HFD,CT,ANE,EN,Federal Contract Tower,0,0,28,0,28,0,0,180,0,180,0,0,208,0,208,146,0,146,354
06/01/2000,HFD,CT,ANE,EN,Federal Contract Tower,0,1,12,0,13,0,1,241,0,242,0,2,253,0,255,186,0,186,441
06/02/2000,HFD,CT,ANE,EN,Federal Contract Tower,0,0,9,0,9,0,0,11,0,11,0,0,20,0,20,2,0,2,22
06/03/2000,HFD,CT,ANE,EN,Federal Contract Tower,0,0,10,0,10,0,0,29,0,29,0,0,39,0,39,42,0,42,81
06/04/2000,HFD,CT,ANE,EN,Federal Contract Tower,0,0,11,0,11,0,6,281,0,287,0,6,292,0,298,244,0,244,542
06/05/2000,HFD,CT,ANE,EN,Federal Contract Tower,0,2,22,0,24,0,8,217,0,225,0,10,239,0,249,178,0,178,427
06/06/2000,HFD,CT,ANE,EN,Federal Contract Tower,0,4,41,0,45,0,2,193,0,195,0,6,234,0,240,136,0,136,376
06/07/2000,HFD,CT,ANE,EN,Federal Contract Tower,0,2,21,0,23,0,5,303,0,308,0,7,324,0,331,152,0,152,483
06/08/2000,HFD,CT,ANE,EN,Federal Contract Tower,0,0,8,0,8,0,4,261,0,265,0,4,269,0,273,158,0,158,431
06/09/2000,HFD,CT,ANE,EN,Federal Contract Tower,0,1,24,0,25,0,0,213,0,213,0,1,237,0,238,98,0,98,336
06/10/2000,HFD,CT,ANE,EN,Federal Contract Tower,0,0,8,0,8,0,0,187,0,187,0,0,195,0,195,108,0,108,303
06/11/2000,HFD,CT,ANE,EN,Federal Contract Tower,0,0,4,0,4,0,2,170,0,172,0,2,174,0,176,68,0,68,244
06/12/2000,HFD,CT,ANE,EN,Federal Contract Tower,0,4,49,0,53,0,0,168,0,168,0,4,217,0,221,158,0,158,379
06/13/2000,HFD,CT,ANE,EN,Federal Contract Tower,0,4,50,1,55,0,2,174,3,179,0,6,224,4,234,208,0,208,442
06/14/2000,HFD,CT,ANE,EN,Federal Contract Tower,0,0,48,0,48,0,0,68,0,68,0,0,116,0,116,112,0,112,228
06/15/2000,HFD,CT,ANE,EN,Federal Contract Tower,0,2,46,0,48,0,0,48,0,48,0,2,94,0,96,166,0,166,262
06/16/2000,HFD,CT,ANE,EN,Federal Contract Tower,0,0,31,0,31,0,0,173,0,173,0,0,204,0,204,126,0,126,330
06/17/2000,HFD,CT,ANE,EN,Federal Contract Tower,0,0,9,0,9,0,0,0,0,0,0,0,9,0,9,0,0,0,9
06/18/2000,HFD,CT,ANE,EN,Federal Contract Tower,0,1,24,0,25,0,4,240,1,245,0,5,264,1,270,164,0,164,434
06/19/2000,HFD,CT,ANE,EN,Federal Contract Tower,0,3,38,0,41,0,9,246,4,259,0,12,284,4,300,118,0,118,418
06/20/2000,HFD,CT,ANE,EN,Federal Contract Tower,0,1,17,0,18,0,7,186,2,195,0,8,203,2,213,114,0,114,327
06/21/2000,HFD,CT,ANE,EN,Federal Contract Tower,0,0,20,0,20,0,0,128,0,128,0,0,148,0,148,222,0,222,370
06/22/2000,HFD,CT,ANE,EN,Federal Contract Tower,0,2,35,0,37,0,0,80,0,80,0,2,115,0,117,78,0,78,195
06/23/2000,HFD,CT,ANE,EN,Federal Contract Tower,0,0,17,0,17,0,0,10,0,10,0,0,27,0,27,22,0,22,49
06/24/2000,HFD,CT,ANE,EN,Federal Contract Tower,0,0,10,0,10,0,2,51,0,53,0,2,61,0,63,74,0,74,137
06/25/2000,HFD,CT,ANE,EN,Federal Contract Tower,0,1,16,0,17,0,6,259,0,265,0,7,275,0,282,180,0,180,462
06/26/2000,HFD,CT,ANE,EN,Federal Contract Tower,0,1,18,0,19,0,9,196,0,205,0,10,214,0,224,162,0,162,386
06/27/2000,HFD,CT,ANE,EN,Federal Contract Tower,0,3,42,0,45,0,3,230,2,235,0,6,272,2,280,150,0,150,430
06/28/2000,HFD,CT,ANE,EN,Federal Contract Tower,0,2,29,0,31,0,9,214,4,227,0,11,243,4,258,202,0,202,460
06/29/2000,HFD,CT,ANE,EN,Federal Contract Tower,0,2,34,0,36,0,2,225,0,227,0,4,259,0,263,106,0,106,369
06/30/2000,HFD,CT,ANE,EN,Federal Contract Tower,0,0,16,0,16,0,0,68,0,68,0,0,84,0,84,158,0,158,242
07/01/2000,HFD,CT,ANE,EN,Federal Contract Tower,0,1,9,0,10,0,1,311,0,312,0,2,320,0,322,188,0,188,510
07/02/2000,HFD,CT,ANE,EN,Federal Contract Tower,0,1,11,0,12,0,4,228,0,232,0,5,239,0,244,118,0,118,362
07/03/2000,HFD,CT,ANE,EN,Federal Contract Tower,0,0,12,0,12,0,4,166,0,170,0,4,178,0,182,60,0,60,242
07/04/2000,HFD,CT,ANE,EN,Federal Contract Tower,0,0,22,0,22,0,0,115,0,115,0,0,137,0,137,80,0,80,217
07/05/2000,HFD,CT,ANE,EN,Federal Contract Tower,0,0,16,0,16,0,4,263,0,267,0,4,279,0,283,214,0,214,497
07/06/2000,HFD,CT,ANE,EN,Federal Contract Tower,0,0,17,0,17,0,6,302,0,308,0,6,319,0,325,282,0,282,607
07/07/2000,HFD,CT,ANE,EN,Federal Contract Tower,0,0,12,0,12,0,4,366,0,370,0,4,378,0,382,198,0,198,580
07/08/2000,HFD,CT,ANE,EN,Federal Contract Tower,0,0,4,0,4,0,2,314,0,316,0,2,318,0,320,170,0,170,490
07/09/2000,HFD,CT,ANE,EN,Federal Contract Tower,0,0,11,0,11,0,0,191,0,191,0,0,202,0,202,82,0,82,284
07/10/2000,HFD,CT,ANE,EN,Federal Contract Tower,0,3,33,0,36,0,1,280,0,281,0,4,313,0,317,200,0,200,517
07/11/2000,HFD,CT,ANE,EN,Federal Contract Tower,0,0,20,0,20,0,6,373,0,379,0,6,393,0,399,344,0,344,743
07/12/2000,HFD,CT,ANE,EN,Federal Contract Tower,0,0,20,0,20,0,6,309,0,315,0,6,329,0,335,290,2,292,627
07/13/2000,HFD,CT,ANE,EN,Federal Contract Tower,0,0,18,0,18,0,6,354,0,360,0,6,372,0,378,314,0,314,692
07/14/2000,HFD,CT,ANE,EN,Federal Contract Tower,0,0,11,0,11,0,4,356,0,360,0,4,367,0,371,262,0,262,633
07/15/2000,HFD,CT,ANE,EN,Federal Contract Tower,0,0,12,0,12,0,2,25,0,27,0,2,37,0,39,2,0,2,41
07/16/2000,HFD,CT,ANE,EN,Federal Contract Tower,0,0,24,0,24,0,0,114,0,114,0,0,138,0,138,108,0,108,246
07/17/2000,HFD,CT,ANE,EN,Federal Contract Tower,0,3,34,0,37,0,1,175,0,176,0,4,209,0,213,140,0,140,353
07/18/2000,HFD,CT,ANE,EN,Federal Contract Tower,0,3,49,0,52,0,3,239,2,244,0,6,288,2,296,154,6,160,456
07/19/2000,HFD,CT,ANE,EN,Federal Contract Tower,0,0,20,0,20,0,6,302,0,308,0,6,322,0,328,304,4,308,636
07/20/2000,HFD,CT,ANE,EN,Federal Contract Tower,0,0,11,0,11,0,6,436,0,442,0,6,447,0,453,316,0,316,769
07/21/2000,HFD,CT,ANE,EN,Federal Contract Tower,0,0,15,0,15,0,4,310,0,314,0,4,325,0,329,242,0,242,571
07/22/2000,HFD,CT,ANE,EN,Federal Contract Tower,0,0,19,0,19,0,2,256,0,258,0,2,275,0,277,234,0,234,511
07/23/2000,HFD,CT,ANE,EN,Federal Contract Tower,0,0,6,0,6,0,0,319,0,319,0,0,325,0,325,174,0,174,499
07/24/2000,HFD,CT,ANE,EN,Federal Contract Tower,0,0,15,0,15,0,2,329,0,331,0,2,344,0,346,176,0,176,522
07/25/2000,HFD,CT,ANE,EN,Federal Contract Tower,0,2,32,0,34,0,2,278,0,280,0,4,310,0,314,218,0,218,532
07/26/2000,HFD,CT,ANE,EN,Federal Contract Tower,0,4,52,0,56,0,2,1,2,5,0,6,53,2,61,16,4,20,81
07/27/2000,HFD,CT,ANE,EN,Federal Contract Tower,0,3,49,0,52,0,1,6,0,7,0,4,55,0,59,10,0,10,69
07/28/2000,HFD,CT,ANE,EN,Federal Contract Tower,0,2,41,0,43,0,0,143,0,143,0,2,184,0,186,86,0,86,272
07/29/2000,HFD,CT,ANE,EN,Federal Contract Tower,0,2,40,0,42,0,0,178,0,178,0,2,218,0,220,180,0,180,400
07/30/2000,HFD,CT,ANE,EN,Federal Contract Tower,0,0,23,0,23,0,0,6,0,6,0,0,29,0,29,0,0,0,29
07/31/2000,HFD,CT,ANE,EN,Federal Contract Tower,0,2,43,0,45,0,2,10,0,12,0,4,53,0,57,24,0,24,81
08/01/2000,HFD,CT,ANE,EN,Federal Contract Tower,0,3,35,0,38,0,3,4,0,7,0,6,39,0,45,10,0,10,55
08/02/2000,HFD,CT,ANE,EN,Federal Contract Tower,0,3,42,0,45,0,1,77,0,78,0,4,119,0,123,72,0,72,195
08/03/2000,HFD,CT,ANE,EN,Federal Contract Tower,0,4,45,0,49,0,0,151,0,151,0,4,196,0,200,136,0,136,336
08/04/2000,HFD,CT,ANE,EN,Federal Contract Tower,0,2,25,0,27,0,3,432,0,435,0,5,457,0,462,308,0,308,770
08/05/2000,HFD,CT,ANE,EN,Federal Contract Tower,0,1,11,0,12,0,1,282,0,283,0,2,293,0,295,126,0,126,421
08/06/2000,HFD,CT,ANE,EN,Federal Contract Tower,0,0,16,0,16,0,0,198,0,198,0,0,214,0,214,102,0,102,316
08/07/2000,HFD,CT,ANE,EN,Federal Contract Tower,0,2,18,0,20,0,2,122,0,124,0,4,140,0,144,46,0,46,190
08/08/2000,HFD,CT,ANE,EN,Federal Contract Tower,0,2,15,0,17,0,4,286,0,290,0,6,301,0,307,270,0,270,577
08/09/2000,HFD,CT,ANE,EN,Federal Contract Tower,0,2,17,0,19,0,4,157,0,161,0,6,174,0,180,172,0,172,352
08/10/2000,HFD,CT,ANE,EN,Federal Contract Tower,0,2,17,0,19,0,2,338,0,340,0,4,355,0,359,288,0,288,647
08/11/2000,HFD,CT,ANE,EN,Federal Contract Tower,0,2,15,0,17,0,4,246,0,250,0,6,261,0,267,186,0,186,453
08/12/2000,HFD,CT,ANE,EN,Federal Contract Tower,0,2,26,0,28,0,0,93,0,93,0,2,119,0,121,138,0,138,259
08/13/2000,HFD,CT,ANE,EN,Federal Contract Tower,0,0,30,0,30,0,0,67,0,67,0,0,97,0,97,60,0,60,157
08/14/2000,HFD,CT,ANE,EN,Federal Contract Tower,0,2,33,0,35,0,2,2,0,4,0,4,35,0,39,0,0,0,39
08/15/2000,HFD,CT,ANE,EN,Federal Contract Tower,0,3,44,0,47,0,3,212,0,215,0,6,256,0,262,156,0,156,418
08/16/2000,HFD,CT,ANE,EN,Federal Contract Tower,0,2,30,0,32,0,4,168,0,172,0,6,198,0,204,118,0,118,322
08/17/2000,HFD,CT,ANE,EN,Federal Contract Tower,0,0,8,0,8,0,6,318,2,326,0,6,326,2,334,310,0,310,644
08/18/2000,HFD,CT,ANE,EN,Federal Contract Tower,0,3,45,0,48,0,1,174,2,177,0,4,219,2,225,104,0,104,329
08/19/2000,HFD,CT,ANE,EN,Federal Contract Tower,0,0,15,0,15,0,3,246,0,249,0,3,261,0,264,114,0,114,378
08/20/2000,HFD,CT,ANE,EN,Federal Contract Tower,0,0,7,0,7,0,0,146,0,146,0,0,153,0,153,106,0,106,259
08/21/2000,HFD,CT,ANE,EN,Federal Contract Tower,0,0,15,0,15,0,6,265,0,271,0,6,280,0,286,202,0,202,488
08/22/2000,HFD,CT,ANE,EN,Federal Contract Tower,0,1,19,0,20,0,1,264,0,265,0,2,283,0,285,234,0,234,519
08/23/2000,HFD,CT,ANE,EN,Federal Contract Tower,0,2,31,0,33,0,4,165,0,169,0,6,196,0,202,174,0,174,376
08/24/2000,HFD,CT,ANE,EN,Federal Contract Tower,0,1,24,0,25,0,3,262,0,265,0,4,286,0,290,236,0,236,526
08/25/2000,HFD,CT,ANE,EN,Federal Contract Tower,0,0,8,0,8,0,4,273,0,277,0,4,281,0,285,192,0,192,477
08/26/2000,HFD,CT,ANE,EN,Federal Contract Tower,0,0,12,0,12,0,2,266,0,268,0,2,278,0,280,170,0,170,450
08/27/2000,HFD,CT,ANE,EN,Federal Contract Tower,0,0,9,0,9,0,0,177,0,177,0,0,186,0,186,184,0,184,370
08/28/2000,HFD,CT,ANE,EN,Federal Contract Tower,0,1,28,0,29,0,1,226,0,227,0,2,254,0,256,96,0,96,352
08/29/2000,HFD,CT,ANE,EN,Federal Contract Tower,0,0,15,0,15,0,6,275,0,281,0,6,290,0,296,236,0,236,532
08/30/2000,HFD,CT,ANE,EN,Federal Contract Tower,0,2,35,0,37,0,4,161,0,165,0,6,196,0,202,204,0,204,406
08/31/2000,HFD,CT,ANE,EN,Federal Contract Tower,0,2,35,0,37,0,4,154,1,159,0,6,189,1,196,124,0,124,320
09/01/2000,HFD,CT,ANE,EN,Federal Contract Tower,0,2,44,0,46,0,0,139,0,139,0,2,183,0,185,58,0,58,243
09/02/2000,HFD,CT,ANE,EN,Federal Contract Tower,0,2,18,0,20,0,0,29,0,29,0,2,47,0,49,20,0,20,69
09/03/2000,HFD,CT,ANE,EN,Federal Contract Tower,0,0,12,0,12,0,0,20,0,20,0,0,32,0,32,8,0,8,40
09/04/2000,HFD,CT,ANE,EN,Federal Contract Tower,0,0,25,0,25,0,0,66,0,66,0,0,91,0,91,38,0,38,129
09/05/2000,HFD,CT,ANE,EN,Federal Contract Tower,0,1,13,0,14,0,4,341,0,345,0,5,354,0,359,226,0,226,585
09/06/2000,HFD,CT,ANE,EN,Federal Contract Tower,0,1,7,0,8,0,3,341,0,344,0,4,348,0,352,262,0,262,614
09/07/2000,HFD,CT,ANE,EN,Federal Contract Tower,0,1,7,0,8,0,5,309,0,314,0,6,316,0,322,194,0,194,516
09/08/2000,HFD,CT,ANE,EN,Federal Contract Tower,0,2,16,0,18,0,2,352,0,354,0,4,368,0,372,244,0,244,616
09/09/2000,HFD,CT,ANE,EN,Federal Contract Tower,0,2,21,0,23,0,0,107,0,107,0,2,128,0,130,74,8,82,212
09/10/2000,HFD,CT,ANE,EN,Federal Contract Tower,0,0,15,0,15,0,0,234,0,234,0,0,249,0,249,120,0,120,369
09/11/2000,HFD,CT,ANE,EN,Federal Contract Tower,0,2,25,0,27,0,2,249,0,251,0,4,274,0,278,98,0,98,376
09/12/2000,HFD,CT,ANE,EN,Federal Contract Tower,0,2,22,0,24,0,4,190,0,194,0,6,212,0,218,162,0,162,380
09/13/2000,HFD,CT,ANE,EN,Federal Contract Tower,0,2,19,0,21,0,4,243,0,247,0,6,262,0,268,232,2,234,502
09/14/2000,HFD,CT,ANE,EN,Federal Contract Tower,0,1,16,0,17,0,5,314,1,320,0,6,330,1,337,300,2,302,639
09/15/2000,HFD,CT,ANE,EN,Federal Contract Tower,0,3,32,0,35,0,2,113,0,115,0,5,145,0,150,79,0,79,229
09/16/2000,HFD,CT,ANE,EN,Federal Contract Tower,0,0,8,0,8,0,2,199,0,201,0,2,207,0,209,100,0,100,309
09/17/2000,HFD,CT,ANE,EN,Federal Contract Tower,0,0,6,0,6,0,1,293,0,294,0,1,299,0,300,82,0,82,382
09/18/2000,HFD,CT,ANE,EN,Federal Contract Tower,0,0,3,0,3,0,6,284,0,290,0,6,287,0,293,118,0,118,411
09/19/2000,HFD,CT,ANE,EN,Federal Contract Tower,0,2,34,0,36,0,2,201,0,203,0,4,235,0,239,176,0,176,415
09/20/2000,HFD,CT,ANE,EN,Federal Contract Tower,0,0,11,0,11,0,6,262,0,268,0,6,273,0,279,218,2,220,499
09/21/2000,HFD,CT,ANE,EN,Federal Contract Tower,0,0,8,0,8,0,6,253,0,259,0,6,261,0,267,178,0,178,445
09/22/2000,HFD,CT,ANE,EN,Federal Contract Tower,0,0,16,0,16,0,4,352,0,356,0,4,368,0,372,208,0,208,580
09/23/2000,HFD,CT,ANE,EN,Federal Contract Tower,0,1,20,0,21,0,1,167,0,168,0,2,187,0,189,168,0,168,357
09/24/2000,HFD,CT,ANE,EN,Federal Contract Tower,0,0,28,0,28,0,0,78,0,78,0,0,106,0,106,38,0,38,144
09/25/2000,HFD,CT,ANE,EN,Federal Contract Tower,0,0,6,0,6,0,4,289,2,295,0,4,295,2,301,91,0,91,392
09/26/2000,HFD,CT,ANE,EN,Federal Contract Tower,0,2,34,0,36,0,4,78,0,82,0,6,112,0,118,18,0,18,136
09/27/2000,HFD,CT,ANE,EN,Federal Contract Tower,0,0,15,0,15,0,4,249,0,253,0,4,264,0,268,220,0,220,488
09/28/2000,HFD,CT,ANE,EN,Federal Contract Tower,0,0,17,0,17,0,6,297,0,303,0,6,314,0,320,270,0,270,590
09/29/2000,HFD,CT,ANE,EN,Federal Contract Tower,0,0,7,0,7,0,4,364,0,368,0,4,371,0,375,212,0,212,587
09/30/2000,HFD,CT,ANE,EN,Federal Contract Tower,0,0,8,0,8,0,2,287,0,289,0,2,295,0,297,0,0,0,297
10/01/2000,HFD,CT,ANE,EN,Federal Contract Tower,0,0,6,0,6,0,0,334,0,334,0,0,340,0,340,130,0,130,470
10/02/2000,HFD,CT,ANE,EN,Federal Contract Tower,0,1,9,0,10,0,3,225,0,228,0,4,234,0,238,58,0,58,296
10/03/2000,HFD,CT,ANE,EN,Federal Contract Tower,0,3,18,0,21,0,4,253,0,257,0,7,271,0,278,180,0,180,458
10/04/2000,HFD,CT,ANE,EN,Federal Contract Tower,0,3,17,0,20,0,3,268,0,271,0,6,285,0,291,212,0,212,503
10/05/2000,HFD,CT,ANE,EN,Federal Contract Tower,0,4,31,0,35,0,2,188,0,190,0,6,219,0,225,184,0,184,409
10/06/2000,HFD,CT,ANE,EN,Federal Contract Tower,0,3,16,0,19,0,0,1,0,1,0,3,17,0,20,0,0,0,20
10/07/2000,HFD,CT,ANE,EN,Federal Contract Tower,0,1,10,0,11,0,1,281,1,283,0,2,291,1,294,174,0,174,468
10/08/2000,HFD,CT,ANE,EN,Federal Contract Tower,0,0,6,0,6,0,0,297,0,297,0,0,303,0,303,172,0,172,475
10/09/2000,HFD,CT,ANE,EN,Federal Contract Tower,0,0,6,0,6,0,2,232,0,234,0,2,238,0,240,80,0,80,320
10/10/2000,HFD,CT,ANE,EN,Federal Contract Tower,0,0,14,0,14,0,4,201,0,205,0,4,215,0,219,112,0,112,331
10/11/2000,HFD,CT,ANE,EN,Federal Contract Tower,0,2,19,0,21,0,4,265,4,273,0,6,284,4,294,208,2,210,504
10/12/2000,HFD,CT,ANE,EN,Federal Contract Tower,0,0,14,0,14,0,6,306,2,314,0,6,320,2,328,258,0,258,586
10/13/2000,HFD,CT,ANE,EN,Federal Contract Tower,0,2,18,0,20,0,2,296,0,298,0,4,314,0,318,258,0,258,576
10/14/2000,HFD,CT,ANE,EN,Federal Contract Tower,0,2,18,0,20,0,3,316,2,321,0,5,334,2,341,196,0,196,537
10/15/2000,HFD,CT,ANE,EN,Federal Contract Tower,0,0,5,0,5,0,0,225,0,225,0,0,230,0,230,140,0,140,370
10/16/2000,HFD,CT,ANE,EN,Federal Contract Tower,0,2,31,0,33,0,0,78,0,78,0,2,109,0,111,26,0,26,137
10/17/2000,HFD,CT,ANE,EN,Federal Contract Tower,0,1,26,0,27,0,3,120,0,123,0,4,146,0,150,76,0,76,226
10/18/2000,HFD,CT,ANE,EN,Federal Contract Tower,0,2,29,0,31,0,4,0,0,4,0,6,29,0,35,6,0,6,41
10/19/2000,HFD,CT,ANE,EN,Federal Contract Tower,0,0,6,0,6,0,6,164,0,170,0,6,170,0,176,146,0,146,322
10/20/2000,HFD,CT,ANE,EN,Federal Contract Tower,0,0,10,0,10,0,5,259,0,264,0,5,269,0,274,108,0,108,382
10/21/2000,HFD,CT,ANE,EN,Federal Contract Tower,0,0,14,0,14,0,6,260,4,270,0,6,274,4,284,220,0,220,504
10/22/2000,HFD,CT,ANE,EN,Federal Contract Tower,0,0,5,0,5,0,0,144,0,144,0,0,149,0,149,84,0,84,233
10/23/2000,HFD,CT,ANE,EN,Federal Contract Tower,0,0,6,0,6,0,4,404,0,408,0,4,410,0,414,130,0,130,544
10/24/2000,HFD,CT,ANE,EN,Federal Contract Tower,0,0,12,0,12,0,6,187,0,193,0,6,199,0,205,120,0,120,325
10/25/2000,HFD,CT,ANE,EN,Federal Contract Tower,0,1,20,0,21,0,5,219,2,226,0,6,239,2,247,242,0,242,489
10/26/2000,HFD,CT,ANE,EN,Federal Contract Tower,0,1,14,0,15,0,3,210,0,213,0,4,224,0,228,198,0,198,426
10/27/2000,HFD,CT,ANE,EN,Federal Contract Tower,0,1,24,0,25,0,3,125,0,128,0,4,149,0,153,100,0,100,253
10/28/2000,HFD,CT,ANE,EN,Federal Contract Tower,0,0,0,0,0,0,2,28,0,30,0,2,28,0,30,24,0,24,54
10/29/2000,HFD,CT,ANE,EN,Federal Contract Tower,0,0,11,0,11,0,1,67,0,68,0,1,78,0,79,56,0,56,135
10/30/2000,HFD,CT,ANE,EN,Federal Contract Tower,0,1,23,0,24,0,3,126,0,129,0,4,149,0,153,60,0,60,213
10/31/2000,HFD,CT,ANE,EN,Federal Contract Tower,0,1,18,0,19,0,3,73,0,76,0,4,91,0,95,24,0,24,119
11/01/2000,HFD,CT,ANE,EN,Federal Contract Tower,0,2,8,0,10,0,6,147,2,155,0,8,155,2,165,80,0,80,245
11/02/2000,HFD,CT,ANE,EN,Federal Contract Tower,0,1,6,0,7,0,6,227,0,233,0,7,233,0,240,164,4,168,408
11/03/2000,HFD,CT,ANE,EN,Federal Contract Tower,0,1,8,0,9,0,3,338,4,345,0,4,346,4,354,217,0,217,571
11/04/2000,HFD,CT,ANE,EN,Federal Contract Tower,0,0,7,0,7,0,0,277,2,279,0,0,284,2,286,232,4,236,522
11/05/2000,HFD,CT,ANE,EN,Federal Contract Tower,0,0,5,0,5,0,0,110,0,110,0,0,115,0,115,54,0,54,169
11/06/2000,HFD,CT,ANE,EN,Federal Contract Tower,0,0,6,0,6,0,0,0,170,170,0,0,6,170,176,60,0,60,236
11/07/2000,HFD,CT,ANE,EN,Federal Contract Tower,0,0,3,0,3,0,0,1,263,264,0,0,4,263,267,191,0,191,458
11/08/2000,HFD,CT,ANE,EN,Federal Contract Tower,0,2,14,1,17,0,4,234,5,243,0,6,248,6,260,194,0,194,454
11/09/2000,HFD,CT,ANE,EN,Federal Contract Tower,0,4,26,0,30,0,0,170,0,170,0,4,196,0,200,143,0,143,343
11/10/2000,HFD,CT,ANE,EN,Federal Contract Tower,0,3,21,0,24,0,1,7,0,8,0,4,28,0,32,0,0,0,32
11/11/2000,HFD,CT,ANE,EN,Federal Contract Tower,0,0,34,0,34,0,0,50,0,50,0,0,84,0,84,4,6,10,94
11/12/2000,HFD,CT,ANE,EN,Federal Contract Tower,0,0,5,0,5,0,0,257,0,257,0,0,262,0,262,177,0,177,439
11/13/2000,HFD,CT,ANE,EN,Federal Contract Tower,0,4,28,0,32,0,4,49,0,53,0,8,77,0,85,34,0,34,119
11/14/2000,HFD,CT,ANE,EN,Federal Contract Tower,0,5,31,0,36,0,4,11,0,15,0,9,42,0,51,14,0,14,65
11/15/2000,HFD,CT,ANE,EN,Federal Contract Tower,0,2,14,0,16,0,4,116,0,120,0,6,130,0,136,90,0,90,226
11/16/2000,HFD,CT,ANE,EN,Federal Contract Tower,0,3,17,0,20,0,3,221,0,224,0,6,238,0,244,126,0,126,370
11/17/2000,HFD,CT,ANE,EN,Federal Contract Tower,0,0,9,0,9,0,6,252,0,258,0,6,261,0,267,164,0,164,431
11/18/2000,HFD,CT,ANE,EN,Federal Contract Tower,0,2,15,0,17,0,0,239,0,239,0,2,254,0,256,188,0,188,444
11/19/2000,HFD,CT,ANE,EN,Federal Contract Tower,0,0,7,0,7,0,0,248,0,248,0,0,255,0,255,116,0,116,371
11/20/2000,HFD,CT,ANE,EN,Federal Contract Tower,0,0,9,0,9,0,5,200,0,205,0,5,209,0,214,116,0,116,330
11/21/2000,HFD,CT,ANE,EN,Federal Contract Tower,0,2,14,0,16,0,4,176,0,180,0,6,190,0,196,92,0,92,288
11/22/2000,HFD,CT,ANE,EN,Federal Contract Tower,0,0,7,0,7,0,6,134,0,140,0,6,141,0,147,88,0,88,235
11/23/2000,HFD,CT,ANE,EN,Federal Contract Tower,0,0,6,0,6,0,2,83,0,85,0,2,89,0,91,14,0,14,105
11/24/2000,HFD,CT,ANE,EN,Federal Contract Tower,0,0,5,0,5,0,2,200,0,202,0,2,205,0,207,154,0,154,361
11/25/2000,HFD,CT,ANE,EN,Federal Contract Tower,0,0,7,0,7,0,0,230,0,230,0,0,237,0,237,166,0,166,403
11/26/2000,HFD,CT,ANE,EN,Federal Contract Tower,0,0,15,0,15,0,0,2,0,2,0,0,17,0,17,0,0,0,17
11/27/2000,HFD,CT,ANE,EN,Federal Contract Tower,0,3,24,0,27,0,1,163,0,164,0,4,187,0,191,98,0,98,289
11/28/2000,HFD,CT,ANE,EN,Federal Contract Tower,0,2,22,0,24,0,7,228,0,235,0,9,250,0,259,154,0,154,413
11/29/2000,HFD,CT,ANE,EN,Federal Contract Tower,0,2,16,0,18,0,4,256,0,260,0,6,272,0,278,148,0,148,426
11/30/2000,HFD,CT,ANE,EN,Federal Contract Tower,0,1,11,0,12,0,2,40,0,42,0,3,51,0,54,20,0,20,74
12/01/2000,HFD,CT,ANE,EN,Federal Contract Tower,0,2,12,0,14,0,2,163,0,165,0,4,175,0,179,118,0,118,297
12/02/2000,HFD,CT,ANE,EN,Federal Contract Tower,0,1,6,0,7,0,1,242,0,243,0,2,248,0,250,118,0,118,368
12/03/2000,HFD,CT,ANE,EN,Federal Contract Tower,0,0,2,0,2,0,0,211,0,211,0,0,213,0,213,232,0,232,445
12/04/2000,HFD,CT,ANE,EN,Federal Contract Tower,0,1,7,0,8,0,3,214,0,217,0,4,221,0,225,85,0,85,310
12/05/2000,HFD,CT,ANE,EN,Federal Contract Tower,0,3,18,0,21,0,6,204,0,210,0,9,222,0,231,138,0,138,369
12/06/2000,HFD,CT,ANE,EN,Federal Contract Tower,0,2,11,0,13,0,2,135,1,138,0,4,146,1,151,58,0,58,209
12/07/2000,HFD,CT,ANE,EN,Federal Contract Tower,0,2,8,0,10,0,6,225,0,231,0,8,233,0,241,152,0,152,393
12/08/2000,HFD,CT,ANE,EN,Federal Contract Tower,0,3,16,0,19,0,1,20,0,21,0,4,36,0,40,0,0,0,40
12/09/2000,HFD,CT,ANE,EN,Federal Contract Tower,0,2,7,0,9,0,0,262,0,262,0,2,269,0,271,100,0,100,371
12/10/2000,HFD,CT,ANE,EN,Federal Contract Tower,0,0,0,0,0,0,0,135,0,135,0,0,135,0,135,52,0,52,187
12/11/2000,HFD,CT,ANE,EN,Federal Contract Tower,0,0,9,0,9,0,0,2,0,2,0,0,11,0,11,0,0,0,11
12/12/2000,HFD,CT,ANE,EN,Federal Contract Tower,0,3,14,0,17,0,3,41,0,44,0,6,55,0,61,4,0,4,65
12/13/2000,HFD,CT,ANE,EN,Federal Contract Tower,0,2,10,0,12,0,2,196,0,198,0,4,206,0,210,74,0,74,284
12/14/2000,HFD,CT,ANE,EN,Federal Contract Tower,0,1,8,0,9,0,3,2,0,5,0,4,10,0,14,4,0,4,18
12/15/2000,HFD,CT,ANE,EN,Federal Contract Tower,0,1,9,0,10,0,5,260,2,267,0,6,269,2,277,134,4,138,415
12/16/2000,HFD,CT,ANE,EN,Federal Contract Tower,0,1,8,0,9,0,1,24,0,25,0,2,32,0,34,92,0,92,126
12/17/2000,HFD,CT,ANE,EN,Federal Contract Tower,0,0,4,0,4,0,0,0,0,0,0,0,4,0,4,0,0,0,4
12/18/2000,HFD,CT,ANE,EN,Federal Contract Tower,0,1,13,0,14,0,3,158,0,161,0,4,171,0,175,40,0,40,215
12/19/2000,HFD,CT,ANE,EN,Federal Contract Tower,0,1,15,0,16,0,5,164,0,169,0,6,179,0,185,104,0,104,289
12/20/2000,HFD,CT,ANE,EN,Federal Contract Tower,0,0,6,0,6,0,4,62,0,66,0,4,68,0,72,28,0,28,100
12/21/2000,HFD,CT,ANE,EN,Federal Contract Tower,0,2,18,0,20,0,4,236,0,240,0,6,254,0,260,119,0,119,379
12/22/2000,HFD,CT,ANE,EN,Federal Contract Tower,0,0,7,0,7,0,7,10,0,17,0,7,17,0,24,0,0,0,24
12/23/2000,HFD,CT,ANE,EN,Federal Contract Tower,0,0,4,0,4,0,2,165,0,167,0,2,169,0,171,86,0,86,257
12/24/2000,HFD,CT,ANE,EN,Federal Contract Tower,0,0,4,0,4,0,0,105,0,105,0,0,109,0,109,98,0,98,207
12/25/2000,HFD,CT,ANE,EN,Federal Contract Tower,0,0,3,0,3,0,0,3,0,3,0,0,6,0,6,8,0,8,14
12/26/2000,HFD,CT,ANE,EN,Federal Contract Tower,0,0,0,0,0,0,4,110,0,114,0,4,110,0,114,14,0,14,128
12/27/2000,HFD,CT,ANE,EN,Federal Contract Tower,0,0,8,0,8,0,4,150,0,154,0,4,158,0,162,86,0,86,248
12/28/2000,HFD,CT,ANE,EN,Federal Contract Tower,0,0,4,0,4,0,6,136,0,142,0,6,140,0,146,64,0,64,210
12/29/2000,HFD,CT,ANE,EN,Federal Contract Tower,0,0,7,0,7,0,4,316,0,320,0,4,323,0,327,170,0,170,497
12/30/2000,HFD,CT,ANE,EN,Federal Contract Tower,0,0,0,0,0,0,0,0,0,0,0,0,0,0,0,0,0,0,0
12/31/2000,HFD,CT,ANE,EN,Federal Contract Tower,0,0,0,0,0,0,0,0,0,0,0,0,0,0,0,0,0,0,0
01/01/2001,HFD,CT,ANE,EN,Federal Contract Tower,0,0,3,0,3,0,0,34,0,34,0,0,37,0,37,22,0,22,59
01/02/2001,HFD,CT,ANE,EN,Federal Contract Tower,0,0,0,0,0,0,4,138,0,142,0,4,138,0,142,130,0,130,272
01/03/2001,HFD,CT,ANE,EN,Federal Contract Tower,0,0,9,0,9,0,4,132,0,136,0,4,141,0,145,98,0,98,243
01/04/2001,HFD,CT,ANE,EN,Federal Contract Tower,0,3,16,0,19,0,3,173,0,176,0,6,189,0,195,100,0,100,295
01/05/2001,HFD,CT,ANE,EN,Federal Contract Tower,0,0,9,0,9,0,2,57,0,59,0,2,66,0,68,26,0,26,94
01/06/2001,HFD,CT,ANE,EN,Federal Contract Tower,0,0,6,1,7,0,3,205,1,209,0,3,211,2,216,166,0,166,382
01/07/2001,HFD,CT,ANE,EN,Federal Contract Tower,0,0,1,1,2,0,0,222,1,223,0,0,223,2,225,84,0,84,309
01/08/2001,HFD,CT,ANE,EN,Federal Contract Tower,0,2,15,0,17,0,0,60,0,60,0,2,75,0,77,40,0,40,117
01/09/2001,HFD,CT,ANE,EN,Federal Contract Tower,0,0,15,1,16,0,4,24,1,29,0,4,39,2,45,24,4,28,73
01/10/2001,HFD,CT,ANE,EN,Federal Contract Tower,0,0,3,0,3,0,2,136,0,138,0,2,139,0,141,80,0,80,221
01/11/2001,HFD,CT,ANE,EN,Federal Contract Tower,0,3,19,0,22,0,1,240,0,241,0,4,259,0,263,106,0,106,369
01/12/2001,HFD,CT,ANE,EN,Federal Contract Tower,0,0,10,0,10,0,0,202,0,202,0,0,212,0,212,100,0,100,312
01/13/2001,HFD,CT,ANE,EN,Federal Contract Tower,0,0,7,0,7,0,0,178,0,178,0,0,185,0,185,126,0,126,311
01/14/2001,HFD,CT,ANE,EN,Federal Contract Tower,0,0,7,0,7,0,0,117,0,117,0,0,124,0,124,168,0,168,292
01/15/2001,HFD,CT,ANE,EN,Federal Contract Tower,0,0,5,0,5,0,2,0,0,2,0,2,5,0,7,0,0,0,7
01/16/2001,HFD,CT,ANE,EN,Federal Contract Tower,0,0,14,0,14,0,2,81,0,83,0,2,95,0,97,30,0,30,127
01/17/2001,HFD,CT,ANE,EN,Federal Contract Tower,0,0,9,0,9,0,4,140,4,148,0,4,149,4,157,78,2,80,237
01/18/2001,HFD,CT,ANE,EN,Federal Contract Tower,0,3,20,0,23,0,1,129,0,130,0,4,149,0,153,50,0,50,203
01/19/2001,HFD,CT,ANE,EN,Federal Contract Tower,0,0,15,0,15,0,0,0,0,0,0,0,15,0,15,0,0,0,15
01/20/2001,HFD,CT,ANE,EN,Federal Contract Tower,0,0,2,0,2,0,0,0,0,0,0,0,2,0,2,0,0,0,2
01/21/2001,HFD,CT,ANE,EN,Federal Contract Tower,0,0,0,0,0,0,0,8,0,8,0,0,8,0,8,4,0,4,12
01/22/2001,HFD,CT,ANE,EN,Federal Contract Tower,0,0,7,0,7,0,4,212,2,218,0,4,219,2,225,90,0,90,315
01/23/2001,HFD,CT,ANE,EN,Federal Contract Tower,0,0,12,0,12,0,4,122,0,126,0,4,134,0,138,44,0,44,182
01/24/2001,HFD,CT,ANE,EN,Federal Contract Tower,0,3,28,0,31,0,3,158,8,169,0,6,186,8,200,40,0,40,240
01/25/2001,HFD,CT,ANE,EN,Federal Contract Tower,0,0,16,0,16,0,6,99,0,105,0,6,115,0,121,74,0,74,195
01/26/2001,HFD,CT,ANE,EN,Federal Contract Tower,0,0,6,0,6,0,0,159,0,159,0,0,165,0,165,64,0,64,229
01/27/2001,HFD,CT,ANE,EN,Federal Contract Tower,0,0,16,0,16,0,0,60,0,60,0,0,76,0,76,40,0,40,116
01/28/2001,HFD,CT,ANE,EN,Federal Contract Tower,0,0,8,0,8,0,0,122,0,122,0,0,130,0,130,100,0,100,230
01/29/2001,HFD,CT,ANE,EN,Federal Contract Tower,0,0,4,0,4,0,4,222,0,226,0,4,226,0,230,122,0,122,352
01/30/2001,HFD,CT,ANE,EN,Federal Contract Tower,0,0,12,0,12,0,4,11,0,15,0,4,23,0,27,8,0,8,35
01/31/2001,HFD,CT,ANE,EN,Federal Contract Tower,0,2,18,0,20,0,3,197,2,202,0,5,215,2,222,132,0,132,354
02/01/2001,HFD,CT,ANE,EN,Federal Contract Tower,0,1,4,0,5,0,3,174,0,177,0,4,178,0,182,130,2,132,314
02/02/2001,HFD,CT,ANE,EN,Federal Contract Tower,0,0,15,0,15,0,0,100,0,100,0,0,115,0,115,54,0,54,169
02/03/2001,HFD,CT,ANE,EN,Federal Contract Tower,0,0,3,0,3,0,0,119,0,119,0,0,122,0,122,62,0,62,184
02/04/2001,HFD,CT,ANE,EN,Federal Contract Tower,0,0,3,0,3,0,0,129,0,129,0,0,132,0,132,50,0,50,182
02/05/2001,HFD,CT,ANE,EN,Federal Contract Tower,0,0,0,0,0,0,2,49,0,51,0,2,49,0,51,22,0,22,73
02/06/2001,HFD,CT,ANE,EN,Federal Contract Tower,0,1,3,0,4,0,1,36,0,37,0,2,39,0,41,6,0,6,47
02/07/2001,HFD,CT,ANE,EN,Federal Contract Tower,0,2,15,0,17,0,2,177,0,179,0,4,192,0,196,110,0,110,306
02/08/2001,HFD,CT,ANE,EN,Federal Contract Tower,0,0,6,0,6,0,4,71,0,75,0,4,77,0,81,44,0,44,125
02/09/2001,HFD,CT,ANE,EN,Federal Contract Tower,0,2,14,0,16,0,0,8,0,8,0,2,22,0,24,6,0,6,30
02/10/2001,HFD,CT,ANE,EN,Federal Contract Tower,0,0,1,0,1,0,0,28,0,28,0,0,29,0,29,0,0,0,29
02/11/2001,HFD,CT,ANE,EN,Federal Contract Tower,0,0,8,0,8,0,2,52,0,54,0,2,60,0,62,33,0,33,95
02/12/2001,HFD,CT,ANE,EN,Federal Contract Tower,0,2,16,0,18,0,2,192,0,194,0,4,208,0,212,62,0,62,274
02/13/2001,HFD,CT,ANE,EN,Federal Contract Tower,0,0,8,0,8,0,4,271,0,275,0,4,279,0,283,72,0,72,355
02/14/2001,HFD,CT,ANE,EN,Federal Contract Tower,0,0,12,0,12,0,2,61,0,63,0,2,73,0,75,80,0,80,155
02/15/2001,HFD,CT,ANE,EN,Federal Contract Tower,0,2,20,0,22,0,0,141,0,141,0,2,161,0,163,140,8,148,311
02/16/2001,HFD,CT,ANE,EN,Federal Contract Tower,0,0,3,0,3,0,0,49,0,49,0,0,52,0,52,34,0,34,86
02/17/2001,HFD,CT,ANE,EN,Federal Contract Tower,0,0,4,0,4,0,0,59,0,59,0,0,63,0,63,14,0,14,77
02/18/2001,HFD,CT,ANE,EN,Federal Contract Tower,0,0,11,0,11,0,0,147,0,147,0,0,158,0,158,112,0,112,270
02/19/2001,HFD,CT,ANE,EN,Federal Contract Tower,0,0,5,0,5,0,0,132,0,132,0,0,137,0,137,88,0,88,225
02/20/2001,HFD,CT,ANE,EN,Federal Contract Tower,0,0,6,0,6,0,3,145,0,148,0,3,151,0,154,79,0,79,233
02/21/2001,HFD,CT,ANE,EN,Federal Contract Tower,0,0,13,0,13,0,4,134,0,138,0,4,147,0,151,64,0,64,215
02/22/2001,HFD,CT,ANE,EN,Federal Contract Tower,0,0,8,0,8,0,5,105,0,110,0,5,113,0,118,65,0,65,183
02/23/2001,HFD,CT,ANE,EN,Federal Contract Tower,0,0,7,0,7,0,0,68,0,68,0,0,75,0,75,64,0,64,139
02/24/2001,HFD,CT,ANE,EN,Federal Contract Tower,0,0,3,0,3,0,0,185,0,185,0,0,188,0,188,136,0,136,324
02/25/2001,HFD,CT,ANE,EN,Federal Contract Tower,0,0,1,0,1,0,0,0,0,0,0,0,1,0,1,2,0,2,3
02/26/2001,HFD,CT,ANE,EN,Federal Contract Tower,0,0,12,0,12,0,2,101,0,103,0,2,113,0,115,42,0,42,157
02/27/2001,HFD,CT,ANE,EN,Federal Contract Tower,0,0,11,0,11,0,4,151,0,155,0,4,162,0,166,114,0,114,280
02/28/2001,HFD,CT,ANE,EN,Federal Contract Tower,0,2,16,0,18,0,5,135,4,144,0,7,151,4,162,92,0,92,254
03/01/2001,HFD,CT,ANE,EN,Federal Contract Tower,0,2,18,0,20,0,0,217,0,217,0,2,235,0,237,120,0,120,357
03/02/2001,HFD,CT,ANE,EN,Federal Contract Tower,0,2,10,0,12,0,0,55,0,55,0,2,65,0,67,21,0,21,88
03/03/2001,HFD,CT,ANE,EN,Federal Contract Tower,0,0,10,0,10,0,0,112,0,112,0,0,122,0,122,88,0,88,210
03/04/2001,HFD,CT,ANE,EN,Federal Contract Tower,0,0,7,0,7,0,0,32,0,32,0,0,39,0,39,85,0,85,124
03/05/2001,HFD,CT,ANE,EN,Federal Contract Tower,0,0,0,0,0,0,0,0,0,0,0,0,0,0,0,0,0,0,0
03/06/2001,HFD,CT,ANE,EN,Federal Contract Tower,0,1,0,0,1,0,1,0,0,1,0,2,0,0,2,0,0,0,2
03/07/2001,HFD,CT,ANE,EN,Federal Contract Tower,0,2,9,0,11,0,2,94,0,96,0,4,103,0,107,56,0,56,163
03/08/2001,HFD,CT,ANE,EN,Federal Contract Tower,0,2,11,0,13,0,0,187,0,187,0,2,198,0,200,87,0,87,287
03/09/2001,HFD,CT,ANE,EN,Federal Contract Tower,0,1,8,0,9,0,4,19,0,23,0,5,27,0,32,14,0,14,46
03/10/2001,HFD,CT,ANE,EN,Federal Contract Tower,0,0,4,0,4,0,0,82,0,82,0,0,86,0,86,12,0,12,98
03/11/2001,HFD,CT,ANE,EN,Federal Contract Tower,0,0,5,0,5,0,0,104,0,104,0,0,109,0,109,104,0,104,213
03/12/2001,HFD,CT,ANE,EN,Federal Contract Tower,0,1,9,0,10,0,1,192,0,193,0,2,201,0,203,138,0,138,341
03/13/2001,HFD,CT,ANE,EN,Federal Contract Tower,0,3,18,0,21,0,3,0,0,3,0,6,18,0,24,0,0,0,24
03/14/2001,HFD,CT,ANE,EN,Federal Contract Tower,0,1,11,0,12,0,1,84,0,85,0,2,95,0,97,34,0,34,131
03/15/2001,HFD,CT,ANE,EN,Federal Contract Tower,0,0,10,0,10,0,0,54,0,54,0,0,64,0,64,42,0,42,106
03/16/2001,HFD,CT,ANE,EN,Federal Contract Tower,0,0,10,0,10,0,2,131,0,133,0,2,141,0,143,110,0,110,253
03/17/2001,HFD,CT,ANE,EN,Federal Contract Tower,0,1,17,0,18,0,7,229,0,236,0,8,246,0,254,89,0,89,343
03/18/2001,HFD,CT,ANE,EN,Federal Contract Tower,0,1,17,0,18,0,0,185,0,185,0,1,202,0,203,142,0,142,345
03/19/2001,HFD,CT,ANE,EN,Federal Contract Tower,0,0,10,0,10,0,0,178,0,178,0,0,188,0,188,120,0,120,308
03/20/2001,HFD,CT,ANE,EN,Federal Contract Tower,0,0,0,0,0,0,4,247,0,251,0,4,247,0,251,152,0,152,403
03/21/2001,HFD,CT,ANE,EN,Federal Contract Tower,0,1,15,0,16,0,3,55,0,58,0,4,70,0,74,42,0,42,116
03/22/2001,HFD,CT,ANE,EN,Federal Contract Tower,0,1,12,0,13,0,2,0,0,2,0,3,12,0,15,0,0,0,15
03/23/2001,HFD,CT,ANE,EN,Federal Contract Tower,0,0,10,0,10,0,0,82,0,82,0,0,92,0,92,20,0,20,112
03/24/2001,HFD,CT,ANE,EN,Federal Contract Tower,0,0,12,0,12,0,0,139,0,139,0,0,151,0,151,60,0,60,211
03/25/2001,HFD,CT,ANE,EN,Federal Contract Tower,0,0,23,0,23,0,0,100,0,100,0,0,123,0,123,132,0,132,255
03/26/2001,HFD,CT,ANE,EN,Federal Contract Tower,0,0,6,0,6,0,2,30,0,32,0,2,36,0,38,28,0,28,66
03/27/2001,HFD,CT,ANE,EN,Federal Contract Tower,0,1,12,0,13,0,3,175,0,178,0,4,187,0,191,76,0,76,267
03/28/2001,HFD,CT,ANE,EN,Federal Contract Tower,0,1,10,0,11,0,1,218,0,219,0,2,228,0,230,108,0,108,338
03/29/2001,HFD,CT,ANE,EN,Federal Contract Tower,0,1,15,0,16,0,3,199,0,202,0,4,214,0,218,113,2,115,333
03/30/2001,HFD,CT,ANE,EN,Federal Contract Tower,0,0,2,0,2,0,5,0,0,5,0,5,2,0,7,0,0,0,7
03/31/2001,HFD,CT,ANE,EN,Federal Contract Tower,0,0,15,0,15,0,0,202,0,202,0,0,217,0,217,116,0,116,333
04/01/2001,HFD,CT,ANE,EN,Federal Contract Tower,0,0,7,0,7,0,0,29,0,29,0,0,36,0,36,84,0,84,120
04/02/2001,HFD,CT,ANE,EN,Federal Contract Tower,0,1,16,0,17,0,4,179,0,183,0,5,195,0,200,134,0,134,334
04/03/2001,HFD,CT,ANE,EN,Federal Contract Tower,0,1,12,0,13,0,1,164,0,165,0,2,176,0,178,96,0,96,274
04/04/2001,HFD,CT,ANE,EN,Federal Contract Tower,0,1,11,0,12,0,1,216,0,217,0,2,227,0,229,98,6,104,333
04/05/2001,HFD,CT,ANE,EN,Federal Contract Tower,0,1,14,0,15,0,3,257,0,260,0,4,271,0,275,122,0,122,397
04/06/2001,HFD,CT,ANE,EN,Federal Contract Tower,0,0,33,0,33,0,0,83,0,83,0,0,116,0,116,52,0,52,168
04/07/2001,HFD,CT,ANE,EN,Federal Contract Tower,0,0,20,0,20,0,0,114,0,114,0,0,134,0,134,108,0,108,242
04/08/2001,HFD,CT,ANE,EN,Federal Contract Tower,0,0,18,0,18,0,0,1,0,1,0,0,19,0,19,0,0,0,19
04/09/2001,HFD,CT,ANE,EN,Federal Contract Tower,0,0,17,0,17,0,0,167,0,167,0,0,184,0,184,146,0,146,330
04/10/2001,HFD,CT,ANE,EN,Federal Contract Tower,0,0,21,0,21,0,4,205,0,209,0,4,226,0,230,90,0,90,320
04/11/2001,HFD,CT,ANE,EN,Federal Contract Tower,0,2,25,0,27,0,0,157,0,157,0,2,182,0,184,98,0,98,282
04/12/2001,HFD,CT,ANE,EN,Federal Contract Tower,0,0,24,0,24,0,4,0,0,4,0,4,24,0,28,0,0,0,28
04/13/2001,HFD,CT,ANE,EN,Federal Contract Tower,0,0,23,0,23,0,0,129,0,129,0,0,152,0,152,61,0,61,213
04/14/2001,HFD,CT,ANE,EN,Federal Contract Tower,0,0,2,0,2,0,0,164,0,164,0,0,166,0,166,74,0,74,240
04/15/2001,HFD,CT,ANE,EN,Federal Contract Tower,0,0,5,0,5,0,2,88,0,90,0,2,93,0,95,50,0,50,145
04/16/2001,HFD,CT,ANE,EN,Federal Contract Tower,0,0,9,0,9,0,7,249,2,258,0,7,258,2,267,126,8,134,401
04/17/2001,HFD,CT,ANE,EN,Federal Contract Tower,0,0,14,0,14,0,5,157,0,162,0,5,171,0,176,120,0,120,296
04/18/2001,HFD,CT,ANE,EN,Federal Contract Tower,0,0,13,0,13,0,2,71,0,73,0,2,84,0,86,46,0,46,132
04/19/2001,HFD,CT,ANE,EN,Federal Contract Tower,0,0,13,0,13,0,6,253,0,259,0,6,266,0,272,158,0,158,430
04/20/2001,HFD,CT,ANE,EN,Federal Contract Tower,0,0,12,0,12,0,3,273,0,276,0,3,285,0,288,118,0,118,406
04/21/2001,HFD,CT,ANE,EN,Federal Contract Tower,0,1,24,0,25,0,0,155,0,155,0,1,179,0,180,102,0,102,282
04/22/2001,HFD,CT,ANE,EN,Federal Contract Tower,0,0,12,0,12,0,2,104,2,108,0,2,116,2,120,88,0,88,208
04/23/2001,HFD,CT,ANE,EN,Federal Contract Tower,0,2,9,0,11,0,4,217,0,221,0,6,226,0,232,144,0,144,376
04/24/2001,HFD,CT,ANE,EN,Federal Contract Tower,0,0,14,0,14,0,19,104,0,123,0,19,118,0,137,66,0,66,203
04/25/2001,HFD,CT,ANE,EN,Federal Contract Tower,0,0,12,0,12,0,2,137,2,141,0,2,149,2,153,52,0,52,205
04/26/2001,HFD,CT,ANE,EN,Federal Contract Tower,0,0,10,0,10,0,6,301,0,307,0,6,311,0,317,144,0,144,461
04/27/2001,HFD,CT,ANE,EN,Federal Contract Tower,0,2,28,0,30,0,0,246,0,246,0,2,274,0,276,162,0,162,438
04/28/2001,HFD,CT,ANE,EN,Federal Contract Tower,0,0,10,0,10,0,0,170,0,170,0,0,180,0,180,106,0,106,286
04/29/2001,HFD,CT,ANE,EN,Federal Contract Tower,0,0,4,0,4,0,0,174,0,174,0,0,178,0,178,130,0,130,308
04/30/2001,HFD,CT,ANE,EN,Federal Contract Tower,0,0,12,0,12,0,6,249,0,255,0,6,261,0,267,166,0,166,433
05/01/2001,HFD,CT,ANE,EN,Federal Contract Tower,0,2,10,0,12,0,3,190,0,193,0,5,200,0,205,172,0,172,377
05/02/2001,HFD,CT,ANE,EN,Federal Contract Tower,0,1,11,0,12,0,2,158,2,162,0,3,169,2,174,132,0,132,306
05/03/2001,HFD,CT,ANE,EN,Federal Contract Tower,0,0,15,0,15,0,6,168,0,174,0,6,183,0,189,92,0,92,281
05/04/2001,HFD,CT,ANE,EN,Federal Contract Tower,0,0,18,0,18,0,1,181,4,186,0,1,199,4,204,100,0,100,304
05/05/2001,HFD,CT,ANE,EN,Federal Contract Tower,0,0,8,0,8,0,0,179,0,179,0,0,187,0,187,138,0,138,325
05/06/2001,HFD,CT,ANE,EN,Federal Contract Tower,0,0,9,0,9,0,0,159,0,159,0,0,168,0,168,82,0,82,250
05/07/2001,HFD,CT,ANE,EN,Federal Contract Tower,0,1,13,0,14,0,6,295,0,301,0,7,308,0,315,208,0,208,523
05/08/2001,HFD,CT,ANE,EN,Federal Contract Tower,0,0,14,0,14,0,5,249,0,254,0,5,263,0,268,138,0,138,406
05/09/2001,HFD,CT,ANE,EN,Federal Contract Tower,0,0,10,0,10,0,2,321,0,323,0,2,331,0,333,174,0,174,507
05/10/2001,HFD,CT,ANE,EN,Federal Contract Tower,0,0,18,0,18,0,5,221,0,226,0,5,239,0,244,202,0,202,446
05/11/2001,HFD,CT,ANE,EN,Federal Contract Tower,0,0,6,0,6,0,4,259,0,263,0,4,265,0,269,98,0,98,367
05/12/2001,HFD,CT,ANE,EN,Federal Contract Tower,0,0,27,0,27,0,0,175,0,175,0,0,202,0,202,90,0,90,292
05/13/2001,HFD,CT,ANE,EN,Federal Contract Tower,0,0,10,0,10,0,0,86,0,86,0,0,96,0,96,72,0,72,168
05/14/2001,HFD,CT,ANE,EN,Federal Contract Tower,0,1,5,0,6,0,6,217,0,223,0,7,222,0,229,178,2,180,409
05/15/2001,HFD,CT,ANE,EN,Federal Contract Tower,0,2,9,0,11,0,2,145,1,148,0,4,154,1,159,72,0,72,231
05/16/2001,HFD,CT,ANE,EN,Federal Contract Tower,0,3,30,0,33,0,1,122,2,125,0,4,152,2,158,188,0,188,346
05/17/2001,HFD,CT,ANE,EN,Federal Contract Tower,0,7,21,0,28,0,2,180,3,185,0,9,201,3,213,113,0,113,326
05/18/2001,HFD,CT,ANE,EN,Federal Contract Tower,0,2,43,0,45,0,0,132,0,132,0,2,175,0,177,68,0,68,245
05/19/2001,HFD,CT,ANE,EN,Federal Contract Tower,0,2,13,0,15,0,1,192,0,193,0,3,205,0,208,110,0,110,318
05/20/2001,HFD,CT,ANE,EN,Federal Contract Tower,0,0,16,0,16,0,0,191,0,191,0,0,207,0,207,168,0,168,375
05/21/2001,HFD,CT,ANE,EN,Federal Contract Tower,0,5,32,0,37,0,2,195,2,199,0,7,227,2,236,212,0,212,448
05/22/2001,HFD,CT,ANE,EN,Federal Contract Tower,0,4,22,0,26,0,3,0,0,3,0,7,22,0,29,0,0,0,29
05/23/2001,HFD,CT,ANE,EN,Federal Contract Tower,0,5,57,0,62,0,2,4,0,6,0,7,61,0,68,12,0,12,80
05/24/2001,HFD,CT,ANE,EN,Federal Contract Tower,0,0,40,0,40,0,0,6,0,6,0,0,46,0,46,4,0,4,50
05/25/2001,HFD,CT,ANE,EN,Federal Contract Tower,0,3,35,0,38,0,1,42,0,43,0,4,77,0,81,30,0,30,111
05/26/2001,HFD,CT,ANE,EN,Federal Contract Tower,0,0,7,0,7,0,0,18,0,18,0,0,25,0,25,60,8,68,93
05/27/2001,HFD,CT,ANE,EN,Federal Contract Tower,0,0,9,0,9,0,3,7,0,10,0,3,16,0,19,4,0,4,23
05/28/2001,HFD,CT,ANE,EN,Federal Contract Tower,0,2,8,0,10,0,0,32,1,33,0,2,40,1,43,18,12,30,73
05/29/2001,HFD,CT,ANE,EN,Federal Contract Tower,0,1,12,0,13,0,10,185,2,197,0,11,197,2,210,176,0,176,386
05/30/2001,HFD,CT,ANE,EN,Federal Contract Tower,0,0,32,0,32,0,9,208,2,219,0,9,240,2,251,214,0,214,465
05/31/2001,HFD,CT,ANE,EN,Federal Contract Tower,0,0,14,0,14,0,0,194,0,194,0,0,208,0,208,146,0,146,354
06/01/2001,HFD,CT,ANE,EN,Federal Contract Tower,0,1,13,0,14,0,1,240,0,241,0,2,253,0,255,186,0,186,441
06/02/2001,HFD,CT,ANE,EN,Federal Contract Tower,0,0,20,0,20,0,0,0,0,0,0,0,20,0,20,2,0,2,22
06/03/2001,HFD,CT,ANE,EN,Federal Contract Tower,0,0,9,0,9,0,0,30,0,30,0,0,39,0,39,42,0,42,81
06/04/2001,HFD,CT,ANE,EN,Federal Contract Tower,0,0,14,0,14,0,6,278,0,284,0,6,292,0,298,244,0,244,542
06/05/2001,HFD,CT,ANE,EN,Federal Contract Tower,0,0,16,0,16,0,10,223,0,233,0,10,239,0,249,178,0,178,427
06/06/2001,HFD,CT,ANE,EN,Federal Contract Tower,0,3,14,0,17,0,3,220,0,223,0,6,234,0,240,136,0,136,376
06/07/2001,HFD,CT,ANE,EN,Federal Contract Tower,0,3,15,0,18,0,4,309,0,313,0,7,324,0,331,152,0,152,483
06/08/2001,HFD,CT,ANE,EN,Federal Contract Tower,0,0,11,0,11,0,4,258,0,262,0,4,269,0,273,158,0,158,431
06/09/2001,HFD,CT,ANE,EN,Federal Contract Tower,0,1,5,0,6,0,0,232,0,232,0,1,237,0,238,98,0,98,336
06/10/2001,HFD,CT,ANE,EN,Federal Contract Tower,0,0,9,0,9,0,0,186,0,186,0,0,195,0,195,108,0,108,303
06/11/2001,HFD,CT,ANE,EN,Federal Contract Tower,0,1,15,0,16,0,1,159,0,160,0,2,174,0,176,68,0,68,244
06/12/2001,HFD,CT,ANE,EN,Federal Contract Tower,0,0,37,0,37,0,4,180,0,184,0,4,217,0,221,158,0,158,379
06/13/2001,HFD,CT,ANE,EN,Federal Contract Tower,0,6,37,0,43,0,0,187,4,191,0,6,224,4,234,208,0,208,442
06/14/2001,HFD,CT,ANE,EN,Federal Contract Tower,0,0,30,0,30,0,0,86,0,86,0,0,116,0,116,112,0,112,228
06/15/2001,HFD,CT,ANE,EN,Federal Contract Tower,0,0,23,0,23,0,2,71,0,73,0,2,94,0,96,166,0,166,262
06/16/2001,HFD,CT,ANE,EN,Federal Contract Tower,0,0,26,0,26,0,0,178,0,178,0,0,204,0,204,126,0,126,330
06/17/2001,HFD,CT,ANE,EN,Federal Contract Tower,0,0,1,0,1,0,0,8,0,8,0,0,9,0,9,0,0,0,9
06/18/2001,HFD,CT,ANE,EN,Federal Contract Tower,0,2,10,0,12,0,3,254,1,258,0,5,264,1,270,164,0,164,434
06/19/2001,HFD,CT,ANE,EN,Federal Contract Tower,0,1,9,0,10,0,11,275,4,290,0,12,284,4,300,118,0,118,418
06/20/2001,HFD,CT,ANE,EN,Federal Contract Tower,0,2,18,0,20,0,6,185,2,193,0,8,203,2,213,114,0,114,327
06/21/2001,HFD,CT,ANE,EN,Federal Contract Tower,0,0,31,0,31,0,0,117,0,117,0,0,148,0,148,222,0,222,370
06/22/2001,HFD,CT,ANE,EN,Federal Contract Tower,0,1,29,0,30,0,1,86,0,87,0,2,115,0,117,78,0,78,195
06/23/2001,HFD,CT,ANE,EN,Federal Contract Tower,0,0,12,0,12,0,0,15,0,15,0,0,27,0,27,22,0,22,49
06/24/2001,HFD,CT,ANE,EN,Federal Contract Tower,0,2,26,0,28,0,0,35,0,35,0,2,61,0,63,74,0,74,137
06/25/2001,HFD,CT,ANE,EN,Federal Contract Tower,0,3,13,0,16,0,4,262,0,266,0,7,275,0,282,180,0,180,462
06/26/2001,HFD,CT,ANE,EN,Federal Contract Tower,0,0,12,0,12,0,10,202,0,212,0,10,214,0,224,162,0,162,386
06/27/2001,HFD,CT,ANE,EN,Federal Contract Tower,0,2,23,0,25,0,4,249,2,255,0,6,272,2,280,150,0,150,430
06/28/2001,HFD,CT,ANE,EN,Federal Contract Tower,0,5,33,0,38,0,6,210,4,220,0,11,243,4,258,202,0,202,460
06/29/2001,HFD,CT,ANE,EN,Federal Contract Tower,0,2,28,0,30,0,2,231,0,233,0,4,259,0,263,106,0,106,369
06/30/2001,HFD,CT,ANE,EN,Federal Contract Tower,0,0,23,0,23,0,0,61,0,61,0,0,84,0,84,158,0,158,242
07/01/2001,HFD,CT,ANE,EN,Federal Contract Tower,0,0,17,0,17,0,0,34,0,34,0,0,51,0,51,30,0,30,81
07/02/2001,HFD,CT,ANE,EN,Federal Contract Tower,0,0,5,0,5,0,4,155,0,159,0,4,160,0,164,100,0,100,264
07/03/2001,HFD,CT,ANE,EN,Federal Contract Tower,0,0,12,0,12,0,10,233,0,243,0,10,245,0,255,162,0,162,417
07/04/2001,HFD,CT,ANE,EN,Federal Contract Tower,0,0,14,0,14,0,0,47,0,47,0,0,61,0,61,56,0,56,117
07/05/2001,HFD,CT,ANE,EN,Federal Contract Tower,0,3,31,0,34,0,3,135,2,140,0,6,166,2,174,92,0,92,266
07/06/2001,HFD,CT,ANE,EN,Federal Contract Tower,0,0,7,0,7,0,2,233,2,237,0,2,240,2,244,174,0,174,418
07/07/2001,HFD,CT,ANE,EN,Federal Contract Tower,0,0,5,0,5,0,0,227,0,227,0,0,232,0,232,276,0,276,508
07/08/2001,HFD,CT,ANE,EN,Federal Contract Tower,0,0,35,0,35,0,0,14,0,14,0,0,49,0,49,12,0,12,61
07/09/2001,HFD,CT,ANE,EN,Federal Contract Tower,0,0,21,0,21,0,4,178,0,182,0,4,199,0,203,180,0,180,383
07/10/2001,HFD,CT,ANE,EN,Federal Contract Tower,0,2,14,0,16,0,2,127,0,129,0,4,141,0,145,104,0,104,249
07/11/2001,HFD,CT,ANE,EN,Federal Contract Tower,0,3,12,0,15,0,5,229,0,234,0,8,241,0,249,200,0,200,449
07/12/2001,HFD,CT,ANE,EN,Federal Contract Tower,0,1,22,0,23,0,4,257,2,263,0,5,279,2,286,154,0,154,440
07/13/2001,HFD,CT,ANE,EN,Federal Contract Tower,0,0,16,0,16,0,0,230,0,230,0,0,246,0,246,144,0,144,390
07/14/2001,HFD,CT,ANE,EN,Federal Contract Tower,0,0,10,0,10,0,0,112,0,112,0,0,122,0,122,66,0,66,188
07/15/2001,HFD,CT,ANE,EN,Federal Contract Tower,0,0,2,0,2,0,0,177,0,177,0,0,179,0,179,101,0,101,280
07/16/2001,HFD,CT,ANE,EN,Federal Contract Tower,0,0,7,0,7,0,12,162,0,174,0,12,169,0,181,102,0,102,283
07/17/2001,HFD,CT,ANE,EN,Federal Contract Tower,0,3,30,0,33,0,4,66,0,70,0,7,96,0,103,70,0,70,173
07/18/2001,HFD,CT,ANE,EN,Federal Contract Tower,0,2,32,0,34,0,2,140,0,142,0,4,172,0,176,142,0,142,318
07/19/2001,HFD,CT,ANE,EN,Federal Contract Tower,0,1,24,0,25,0,6,189,0,195,0,7,213,0,220,122,0,122,342
07/20/2001,HFD,CT,ANE,EN,Federal Contract Tower,0,4,8,0,12,0,2,286,2,290,0,6,294,2,302,118,0,118,420
07/21/2001,HFD,CT,ANE,EN,Federal Contract Tower,0,0,6,0,6,0,2,146,0,148,0,2,152,0,154,100,0,100,254
07/22/2001,HFD,CT,ANE,EN,Federal Contract Tower,0,0,8,0,8,0,0,166,0,166,0,0,174,0,174,78,0,78,252
07/23/2001,HFD,CT,ANE,EN,Federal Contract Tower,0,0,18,0,18,0,0,158,0,158,0,0,176,0,176,178,0,178,354
07/24/2001,HFD,CT,ANE,EN,Federal Contract Tower,0,0,18,2,20,0,5,166,0,171,0,5,184,2,191,116,0,116,307
07/25/2001,HFD,CT,ANE,EN,Federal Contract Tower,0,1,18,0,19,0,2,190,2,194,0,3,208,2,213,124,0,124,337
07/26/2001,HFD,CT,ANE,EN,Federal Contract Tower,0,4,35,0,39,0,6,157,1,164,0,10,192,1,203,84,0,84,287
07/27/2001,HFD,CT,ANE,EN,Federal Contract Tower,0,2,4,0,6,0,6,249,1,256,0,8,253,1,262,72,28,100,362
07/28/2001,HFD,CT,ANE,EN,Federal Contract Tower,0,0,4,0,4,0,0,177,0,177,0,0,181,0,181,106,0,106,287
07/29/2001,HFD,CT,ANE,EN,Federal Contract Tower,0,0,10,0,10,0,0,129,0,129,0,0,139,0,139,116,0,116,255
07/30/2001,HFD,CT,ANE,EN,Federal Contract Tower,0,2,16,0,18,0,6,168,2,176,0,8,184,2,194,122,0,122,316
07/31/2001,HFD,CT,ANE,EN,Federal Contract Tower,0,1,9,0,10,0,5,244,0,249,0,6,253,0,259,118,0,118,377
08/01/2001,HFD,CT,ANE,EN,Federal Contract Tower,0,5,6,0,11,0,3,277,0,280,0,8,283,0,291,200,0,200,491
08/02/2001,HFD,CT,ANE,EN,Federal Contract Tower,0,0,14,0,14,0,4,263,0,267,0,4,277,0,281,102,0,102,383
08/03/2001,HFD,CT,ANE,EN,Federal Contract Tower,0,0,25,0,25,0,2,156,0,158,0,2,181,0,183,91,0,91,274
08/04/2001,HFD,CT,ANE,EN,Federal Contract Tower,0,0,17,0,17,0,0,16,0,16,0,0,33,0,33,68,0,68,101
08/05/2001,HFD,CT,ANE,EN,Federal Contract Tower,0,0,19,0,19,0,0,59,0,59,0,0,78,0,78,100,0,100,178
08/06/2001,HFD,CT,ANE,EN,Federal Contract Tower,0,0,15,0,15,0,5,152,0,157,0,5,167,0,172,152,0,152,324
08/07/2001,HFD,CT,ANE,EN,Federal Contract Tower,0,2,20,0,22,0,4,149,0,153,0,6,169,0,175,148,0,148,323
08/08/2001,HFD,CT,ANE,EN,Federal Contract Tower,0,2,23,0,25,0,8,249,0,257,0,10,272,0,282,160,0,160,442
08/09/2001,HFD,CT,ANE,EN,Federal Contract Tower,0,0,12,0,12,0,4,107,0,111,0,4,119,0,123,58,0,58,181
08/10/2001,HFD,CT,ANE,EN,Federal Contract Tower,0,0,10,0,10,0,1,146,0,147,0,1,156,0,157,128,0,128,285
08/11/2001,HFD,CT,ANE,EN,Federal Contract Tower,0,1,9,0,10,0,0,147,0,147,0,1,156,0,157,128,0,128,285
08/12/2001,HFD,CT,ANE,EN,Federal Contract Tower,0,0,19,0,19,0,0,2,0,2,0,0,21,0,21,0,0,0,21
08/13/2001,HFD,CT,ANE,EN,Federal Contract Tower,0,1,27,0,28,0,1,127,0,128,0,2,154,0,156,84,0,84,240
08/14/2001,HFD,CT,ANE,EN,Federal Contract Tower,0,2,31,0,33,0,0,137,2,139,0,2,168,2,172,58,0,58,230
08/15/2001,HFD,CT,ANE,EN,Federal Contract Tower,0,2,28,0,30,0,2,129,0,131,0,4,157,0,161,126,0,126,287
08/16/2001,HFD,CT,ANE,EN,Federal Contract Tower,0,1,18,0,19,0,8,212,0,220,0,9,230,0,239,26,0,26,265
08/17/2001,HFD,CT,ANE,EN,Federal Contract Tower,0,0,5,0,5,0,0,51,0,51,0,0,56,0,56,140,0,140,196
08/18/2001,HFD,CT,ANE,EN,Federal Contract Tower,0,0,8,0,8,0,0,243,0,243,0,0,251,0,251,44,0,44,295
08/19/2001,HFD,CT,ANE,EN,Federal Contract Tower,0,1,7,0,8,0,0,79,0,79,0,1,86,0,87,26,0,26,113
08/20/2001,HFD,CT,ANE,EN,Federal Contract Tower,0,2,18,0,20,0,2,25,0,27,0,4,43,0,47,0,0,0,47
08/21/2001,HFD,CT,ANE,EN,Federal Contract Tower,0,2,31,0,33,0,2,135,0,137,0,4,166,0,170,164,0,164,334
08/22/2001,HFD,CT,ANE,EN,Federal Contract Tower,0,1,16,0,17,0,3,242,0,245,0,4,258,0,262,21,0,21,283
08/23/2001,HFD,CT,ANE,EN,Federal Contract Tower,0,3,23,0,26,0,1,150,0,151,0,4,173,0,177,96,0,96,273
08/24/2001,HFD,CT,ANE,EN,Federal Contract Tower,0,1,20,0,21,0,0,183,0,183,0,1,203,0,204,120,0,120,324
08/25/2001,HFD,CT,ANE,EN,Federal Contract Tower,0,0,4,0,4,0,0,211,0,211,0,0,215,0,215,112,0,112,327
08/26/2001,HFD,CT,ANE,EN,Federal Contract Tower,0,0,14,0,14,0,0,158,0,158,0,0,172,0,172,114,0,114,286
08/27/2001,HFD,CT,ANE,EN,Federal Contract Tower,0,3,20,0,23,0,1,63,0,64,0,4,83,0,87,60,0,60,147
08/28/2001,HFD,CT,ANE,EN,Federal Contract Tower,0,3,9,0,12,0,3,160,0,163,0,6,169,0,175,60,0,60,235
08/29/2001,HFD,CT,ANE,EN,Federal Contract Tower,0,0,16,0,16,0,3,256,0,259,0,3,272,0,275,148,0,148,423
08/30/2001,HFD,CT,ANE,EN,Federal Contract Tower,0,2,28,0,30,0,2,238,0,240,0,4,266,0,270,136,0,136,406
08/31/2001,HFD,CT,ANE,EN,Federal Contract Tower,0,1,30,0,31,0,2,65,0,67,0,3,95,0,98,64,0,64,162
09/01/2001,HFD,CT,ANE,EN,Federal Contract Tower,0,0,9,0,9,0,0,132,0,132,0,0,141,0,141,84,0,84,225
09/02/2001,HFD,CT,ANE,EN,Federal Contract Tower,0,0,8,0,8,0,0,152,0,152,0,0,160,0,160,92,0,92,252
09/03/2001,HFD,CT,ANE,EN,Federal Contract Tower,0,4,0,0,4,0,2,188,0,190,0,6,188,0,194,132,0,132,326
09/04/2001,HFD,CT,ANE,EN,Federal Contract Tower,0,2,11,0,13,0,1,140,0,141,0,3,151,0,154,98,0,98,252
09/05/2001,HFD,CT,ANE,EN,Federal Contract Tower,0,1,2,0,3,0,6,272,2,280,0,7,274,2,283,120,6,126,409
09/06/2001,HFD,CT,ANE,EN,Federal Contract Tower,0,8,6,0,14,0,0,239,0,239,0,8,245,0,253,192,0,192,445
09/07/2001,HFD,CT,ANE,EN,Federal Contract Tower,0,4,3,0,7,0,1,198,0,199,0,5,201,0,206,74,0,74,280
09/08/2001,HFD,CT,ANE,EN,Federal Contract Tower,0,2,3,0,5,0,0,194,0,194,0,2,197,0,199,136,0,136,335
09/09/2001,HFD,CT,ANE,EN,Federal Contract Tower,0,3,5,0,8,0,0,175,0,175,0,3,180,0,183,136,0,136,319
09/10/2001,HFD,CT,ANE,EN,Federal Contract Tower,0,3,19,0,22,0,2,54,0,56,0,5,73,0,78,42,0,42,120
09/11/2001,HFD,CT,ANE,EN,Federal Contract Tower,0,0,1,0,1,0,0,29,0,29,0,0,30,0,30,0,0,0,30
09/12/2001,HFD,CT,ANE,EN,Federal Contract Tower,0,0,0,0,0,0,0,13,0,13,0,0,13,0,13,0,0,0,13
09/13/2001,HFD,CT,ANE,EN,Federal Contract Tower,0,1,2,0,3,0,1,25,0,26,0,2,27,0,29,0,0,0,29
09/14/2001,HFD,CT,ANE,EN,Federal Contract Tower,0,2,7,0,9,0,0,0,0,0,0,2,7,0,9,0,0,0,9
09/15/2001,HFD,CT,ANE,EN,Federal Contract Tower,0,0,17,0,17,0,0,7,0,7,0,0,24,0,24,0,0,0,24
09/16/2001,HFD,CT,ANE,EN,Federal Contract Tower,0,1,43,0,44,0,0,21,4,25,0,1,64,4,69,0,0,0,69
09/17/2001,HFD,CT,ANE,EN,Federal Contract Tower,0,9,44,2,55,0,1,19,0,20,0,10,63,2,75,22,10,32,107
09/18/2001,HFD,CT,ANE,EN,Federal Contract Tower,0,24,104,0,128,0,0,0,0,0,0,24,104,0,128,0,0,0,128
09/19/2001,HFD,CT,ANE,EN,Federal Contract Tower,0,8,83,2,93,0,1,28,0,29,0,9,111,2,122,22,4,26,148
09/20/2001,HFD,CT,ANE,EN,Federal Contract Tower,0,9,43,0,52,0,0,21,0,21,0,9,64,0,73,0,4,4,77
09/21/2001,HFD,CT,ANE,EN,Federal Contract Tower,0,5,20,0,25,0,0,17,0,17,0,5,37,0,42,0,0,0,42
09/22/2001,HFD,CT,ANE,EN,Federal Contract Tower,0,0,30,0,30,0,0,76,0,76,0,0,106,0,106,60,0,60,166
09/23/2001,HFD,CT,ANE,EN,Federal Contract Tower,0,1,24,0,25,0,0,157,0,157,0,1,181,0,182,58,0,58,240
09/24/2001,HFD,CT,ANE,EN,Federal Contract Tower,0,7,33,0,40,0,3,37,0,40,0,10,70,0,80,78,0,78,158
09/25/2001,HFD,CT,ANE,EN,Federal Contract Tower,0,6,33,0,39,0,1,19,0,20,0,7,52,0,59,12,0,12,71
09/26/2001,HFD,CT,ANE,EN,Federal Contract Tower,0,11,16,1,28,0,0,104,1,105,0,11,120,2,133,124,0,124,257
09/27/2001,HFD,CT,ANE,EN,Federal Contract Tower,0,6,19,0,25,0,2,199,0,201,0,8,218,0,226,164,0,164,390
09/28/2001,HFD,CT,ANE,EN,Federal Contract Tower,0,0,22,0,22,0,0,71,0,71,0,0,93,0,93,56,0,56,149
09/29/2001,HFD,CT,ANE,EN,Federal Contract Tower,0,0,26,0,26,0,0,104,0,104,0,0,130,0,130,86,0,86,216
09/30/2001,HFD,CT,ANE,EN,Federal Contract Tower,0,0,8,0,8,0,0,71,0,71,0,0,79,0,79,124,0,124,203
10/01/2001,HFD,CT,ANE,EN,Federal Contract Tower,0,7,19,0,26,0,0,124,0,124,0,7,143,0,150,102,0,102,252
10/02/2001,HFD,CT,ANE,EN,Federal Contract Tower,0,9,22,0,31,0,5,206,0,211,0,14,228,0,242,170,0,170,412
10/03/2001,HFD,CT,ANE,EN,Federal Contract Tower,0,7,20,1,28,0,0,162,7,169,0,7,182,8,197,158,4,162,359
10/04/2001,HFD,CT,ANE,EN,Federal Contract Tower,0,7,25,0,32,0,3,191,0,194,0,10,216,0,226,176,0,176,402
10/05/2001,HFD,CT,ANE,EN,Federal Contract Tower,0,4,20,0,24,0,0,189,4,193,0,4,209,4,217,144,0,144,361
10/06/2001,HFD,CT,ANE,EN,Federal Contract Tower,0,0,1,0,1,0,0,33,0,33,0,0,34,0,34,8,0,8,42
10/07/2001,HFD,CT,ANE,EN,Federal Contract Tower,0,0,15,0,15,0,0,88,0,88,0,0,103,0,103,64,0,64,167
10/08/2001,HFD,CT,ANE,EN,Federal Contract Tower,0,2,16,0,18,0,0,147,0,147,0,2,163,0,165,88,0,88,253
10/09/2001,HFD,CT,ANE,EN,Federal Contract Tower,0,4,25,0,29,0,7,168,0,175,0,11,193,0,204,122,0,122,326
10/10/2001,HFD,CT,ANE,EN,Federal Contract Tower,0,4,26,0,30,0,11,173,6,190,0,15,199,6,220,162,0,162,382
10/11/2001,HFD,CT,ANE,EN,Federal Contract Tower,0,7,21,0,28,0,1,223,0,224,0,8,244,0,252,180,0,180,432
10/12/2001,HFD,CT,ANE,EN,Federal Contract Tower,0,2,35,0,37,0,1,235,0,236,0,3,270,0,273,138,0,138,411
10/13/2001,HFD,CT,ANE,EN,Federal Contract Tower,0,0,20,0,20,0,0,190,0,190,0,0,210,0,210,118,0,118,328
10/14/2001,HFD,CT,ANE,EN,Federal Contract Tower,0,3,29,0,32,0,0,6,0,6,0,3,35,0,38,0,0,0,38
10/15/2001,HFD,CT,ANE,EN,Federal Contract Tower,0,0,14,0,14,0,0,120,0,120,0,0,134,0,134,84,0,84,218
10/16/2001,HFD,CT,ANE,EN,Federal Contract Tower,0,5,13,0,18,0,0,150,0,150,0,5,163,0,168,125,0,125,293
10/17/2001,HFD,CT,ANE,EN,Federal Contract Tower,0,8,19,0,27,0,2,98,0,100,0,10,117,0,127,24,0,24,151
10/18/2001,HFD,CT,ANE,EN,Federal Contract Tower,0,8,17,0,25,0,4,179,0,183,0,12,196,0,208,78,0,78,286
10/19/2001,HFD,CT,ANE,EN,Federal Contract Tower,0,7,32,0,39,0,1,199,0,200,0,8,231,0,239,120,0,120,359
10/20/2001,HFD,CT,ANE,EN,Federal Contract Tower,0,1,14,0,15,0,2,259,0,261,0,3,273,0,276,198,0,198,474
10/21/2001,HFD,CT,ANE,EN,Federal Contract Tower,0,0,22,0,22,0,0,131,0,131,0,0,153,0,153,118,0,118,271
10/22/2001,HFD,CT,ANE,EN,Federal Contract Tower,0,13,19,0,32,0,0,149,0,149,0,13,168,0,181,130,0,130,311
10/23/2001,HFD,CT,ANE,EN,Federal Contract Tower,0,15,33,0,48,0,4,127,0,131,0,19,160,0,179,102,0,102,281
10/24/2001,HFD,CT,ANE,EN,Federal Contract Tower,0,10,27,2,39,0,2,115,1,118,0,12,142,3,157,154,0,154,311
10/25/2001,HFD,CT,ANE,EN,Federal Contract Tower,0,5,23,0,28,0,1,107,0,108,0,6,130,0,136,14,0,14,150
10/26/2001,HFD,CT,ANE,EN,Federal Contract Tower,0,2,21,0,23,0,2,108,6,116,0,4,129,6,139,40,0,40,179
10/27/2001,HFD,CT,ANE,EN,Federal Contract Tower,0,1,4,0,5,0,0,116,0,116,0,1,120,0,121,58,0,58,179
10/28/2001,HFD,CT,ANE,EN,Federal Contract Tower,0,1,10,0,11,0,0,132,0,132,0,1,142,0,143,160,0,160,303
10/29/2001,HFD,CT,ANE,EN,Federal Contract Tower,0,8,16,0,24,0,2,296,0,298,0,10,312,0,322,242,0,242,564
10/30/2001,HFD,CT,ANE,EN,Federal Contract Tower,0,7,28,0,35,0,11,137,0,148,0,18,165,0,183,108,0,108,291
10/31/2001,HFD,CT,ANE,EN,Federal Contract Tower,0,9,35,0,44,0,0,104,2,106,0,9,139,2,150,118,2,120,270
11/01/2001,HFD,CT,ANE,EN,Federal Contract Tower,0,11,19,0,30,0,0,200,2,202,0,11,219,2,232,184,0,184,416
11/02/2001,HFD,CT,ANE,EN,Federal Contract Tower,0,11,35,0,46,0,3,139,0,142,0,14,174,0,188,72,0,72,260
11/03/2001,HFD,CT,ANE,EN,Federal Contract Tower,0,3,27,0,30,0,0,107,4,111,0,3,134,4,141,96,0,96,237
11/04/2001,HFD,CT,ANE,EN,Federal Contract Tower,0,4,19,0,23,0,3,254,0,257,0,7,273,0,280,198,0,198,478
11/05/2001,HFD,CT,ANE,EN,Federal Contract Tower,0,10,7,0,17,0,2,65,0,67,0,12,72,0,84,20,0,20,104
11/06/2001,HFD,CT,ANE,EN,Federal Contract Tower,0,13,8,0,21,0,0,140,4,144,0,13,148,4,165,76,0,76,241
11/07/2001,HFD,CT,ANE,EN,Federal Contract Tower,0,8,16,0,24,0,3,175,0,178,0,11,191,0,202,90,0,90,292
11/08/2001,HFD,CT,ANE,EN,Federal Contract Tower,0,4,39,0,43,0,3,237,0,240,0,7,276,0,283,166,0,166,449
11/09/2001,HFD,CT,ANE,EN,Federal Contract Tower,0,4,9,0,13,0,3,73,2,78,0,7,82,2,91,32,0,32,123
11/10/2001,HFD,CT,ANE,EN,Federal Contract Tower,0,3,16,0,19,0,0,159,2,161,0,3,175,2,180,82,4,86,266
11/11/2001,HFD,CT,ANE,EN,Federal Contract Tower,0,0,8,0,8,0,0,37,0,37,0,0,45,0,45,12,0,12,57
11/12/2001,HFD,CT,ANE,EN,Federal Contract Tower,0,2,7,0,9,0,2,117,0,119,0,4,124,0,128,82,0,82,210
11/13/2001,HFD,CT,ANE,EN,Federal Contract Tower,0,2,17,0,19,0,7,192,0,199,0,9,209,0,218,94,0,94,312
11/14/2001,HFD,CT,ANE,EN,Federal Contract Tower,0,4,17,0,21,0,5,192,0,197,0,9,209,0,218,94,0,94,312
11/15/2001,HFD,CT,ANE,EN,Federal Contract Tower,0,8,18,0,26,0,3,210,0,213,0,11,228,0,239,206,0,206,445
11/16/2001,HFD,CT,ANE,EN,Federal Contract Tower,0,3,19,0,22,0,2,157,0,159,0,5,176,0,181,26,0,26,207
11/17/2001,HFD,CT,ANE,EN,Federal Contract Tower,0,0,24,0,24,0,0,207,0,207,0,0,231,0,231,138,0,138,369
11/18/2001,HFD,CT,ANE,EN,Federal Contract Tower,0,0,16,0,16,0,0,136,0,136,0,0,152,0,152,204,0,204,356
11/19/2001,HFD,CT,ANE,EN,Federal Contract Tower,0,6,15,0,21,0,0,135,0,135,0,6,150,0,156,114,0,114,270
11/20/2001,HFD,CT,ANE,EN,Federal Contract Tower,0,7,9,0,16,0,0,119,0,119,0,7,128,0,135,106,0,106,241
11/21/2001,HFD,CT,ANE,EN,Federal Contract Tower,0,4,22,0,26,0,5,168,0,173,0,9,190,0,199,110,0,110,309
11/22/2001,HFD,CT,ANE,EN,Federal Contract Tower,0,0,10,0,10,0,2,73,0,75,0,2,83,0,85,44,0,44,129
11/23/2001,HFD,CT,ANE,EN,Federal Contract Tower,0,2,18,0,20,0,0,156,0,156,0,2,174,0,176,104,0,104,280
11/24/2001,HFD,CT,ANE,EN,Federal Contract Tower,0,2,29,0,31,0,0,4,0,4,0,2,33,0,35,0,0,0,35
11/25/2001,HFD,CT,ANE,EN,Federal Contract Tower,0,3,16,0,19,0,0,32,0,32,0,3,48,0,51,0,0,0,51
11/26/2001,HFD,CT,ANE,EN,Federal Contract Tower,0,4,23,0,27,0,4,134,0,138,0,8,157,0,165,92,0,92,257
11/27/2001,HFD,CT,ANE,EN,Federal Contract Tower,0,6,33,0,39,0,2,179,0,181,0,8,212,0,220,138,0,138,358
11/28/2001,HFD,CT,ANE,EN,Federal Contract Tower,0,6,22,0,28,0,2,170,2,174,0,8,192,2,202,106,0,106,308
11/29/2001,HFD,CT,ANE,EN,Federal Contract Tower,0,9,11,0,20,0,0,9,0,9,0,9,20,0,29,6,0,6,35
11/30/2001,HFD,CT,ANE,EN,Federal Contract Tower,0,0,10,0,10,0,0,4,0,4,0,0,14,0,14,4,0,4,18
12/01/2001,HFD,CT,ANE,EN,Federal Contract Tower,0,0,28,0,28,0,0,217,2,219,0,0,245,2,247,182,0,182,429
12/02/2001,HFD,CT,ANE,EN,Federal Contract Tower,0,0,25,0,25,0,0,154,0,154,0,0,179,0,179,164,0,164,343
12/03/2001,HFD,CT,ANE,EN,Federal Contract Tower,0,8,15,0,23,0,2,108,0,110,0,10,123,0,133,74,0,74,207
12/04/2001,HFD,CT,ANE,EN,Federal Contract Tower,0,5,29,0,34,0,2,154,0,156,0,7,183,0,190,160,0,160,350
12/05/2001,HFD,CT,ANE,EN,Federal Contract Tower,0,4,11,2,17,0,3,181,0,184,0,7,192,2,201,134,0,134,335
12/06/2001,HFD,CT,ANE,EN,Federal Contract Tower,0,1,27,0,28,0,1,164,0,165,0,2,191,0,193,155,0,155,348
12/07/2001,HFD,CT,ANE,EN,Federal Contract Tower,0,3,17,0,20,0,0,189,0,189,0,3,206,0,209,154,0,154,363
12/08/2001,HFD,CT,ANE,EN,Federal Contract Tower,0,1,5,0,6,0,0,127,0,127,0,1,132,0,133,106,0,106,239
12/09/2001,HFD,CT,ANE,EN,Federal Contract Tower,0,1,9,0,10,0,1,44,0,45,0,2,53,0,55,52,0,52,107
12/10/2001,HFD,CT,ANE,EN,Federal Contract Tower,0,2,12,0,14,0,0,123,2,125,0,2,135,2,139,108,0,108,247
12/11/2001,HFD,CT,ANE,EN,Federal Contract Tower,0,12,9,0,21,0,4,160,0,164,0,16,169,0,185,126,0,126,311
12/12/2001,HFD,CT,ANE,EN,Federal Contract Tower,0,14,36,0,50,0,1,172,0,173,0,15,208,0,223,112,0,112,335
12/13/2001,HFD,CT,ANE,EN,Federal Contract Tower,0,13,12,0,25,0,0,1,0,1,0,13,13,0,26,0,0,0,26
12/14/2001,HFD,CT,ANE,EN,Federal Contract Tower,0,3,17,0,20,0,1,67,0,68,0,4,84,0,88,52,0,52,140
12/15/2001,HFD,CT,ANE,EN,Federal Contract Tower,0,0,24,0,24,0,0,52,0,52,0,0,76,0,76,28,0,28,104
12/16/2001,HFD,CT,ANE,EN,Federal Contract Tower,0,0,7,0,7,0,0,156,0,156,0,0,163,0,163,110,0,110,273
12/17/2001,HFD,CT,ANE,EN,Federal Contract Tower,0,5,2,0,7,0,0,2,0,2,0,5,4,0,9,0,0,0,9
12/18/2001,HFD,CT,ANE,EN,Federal Contract Tower,0,9,4,0,13,0,0,60,2,62,0,9,64,2,75,18,4,22,97
12/19/2001,HFD,CT,ANE,EN,Federal Contract Tower,0,5,24,0,29,0,2,88,0,90,0,7,112,0,119,88,0,88,207
12/20/2001,HFD,CT,ANE,EN,Federal Contract Tower,0,3,13,0,16,0,1,155,0,156,0,4,168,0,172,118,0,118,290
12/21/2001,HFD,CT,ANE,EN,Federal Contract Tower,0,1,14,0,15,0,0,73,0,73,0,1,87,0,88,102,0,102,190
12/22/2001,HFD,CT,ANE,EN,Federal Contract Tower,0,0,5,0,5,0,0,147,0,147,0,0,152,0,152,98,0,98,250
12/23/2001,HFD,CT,ANE,EN,Federal Contract Tower,0,0,7,0,7,0,0,146,0,146,0,0,153,0,153,102,0,102,255
12/24/2001,HFD,CT,ANE,EN,Federal Contract Tower,0,0,9,0,9,0,0,29,0,29,0,0,38,0,38,26,0,26,64
12/25/2001,HFD,CT,ANE,EN,Federal Contract Tower,0,0,0,0,0,0,0,53,0,53,0,0,53,0,53,14,0,14,67
12/26/2001,HFD,CT,ANE,EN,Federal Contract Tower,0,2,10,0,12,0,0,168,0,168,0,2,178,0,180,108,0,108,288
12/27/2001,HFD,CT,ANE,EN,Federal Contract Tower,0,2,29,0,31,0,0,165,0,165,0,2,194,0,196,136,0,136,332
12/28/2001,HFD,CT,ANE,EN,Federal Contract Tower,0,0,6,0,6,0,0,153,0,153,0,0,159,0,159,70,0,70,229
12/29/2001,HFD,CT,ANE,EN,Federal Contract Tower,0,0,17,0,17,0,0,152,0,152,0,0,169,0,169,96,0,96,265
12/30/2001,HFD,CT,ANE,EN,Federal Contract Tower,0,0,4,0,4,0,0,76,0,76,0,0,80,0,80,62,0,62,142
12/31/2001,HFD,CT,ANE,EN,Federal Contract Tower,0,3,10,0,13,0,1,110,0,111,0,4,120,0,124,108,0,108,232
01/01/2002,HFD,CT,ANE,EN,Federal Contract Tower,0,2,5,0,7,0,0,72,0,72,0,2,77,0,79,24,0,24,103
01/02/2002,HFD,CT,ANE,EN,Federal Contract Tower,0,3,7,0,10,0,2,149,0,151,0,5,156,0,161,120,2,122,283
01/03/2002,HFD,CT,ANE,EN,Federal Contract Tower,0,4,20,2,26,0,2,126,6,134,0,6,146,8,160,74,0,74,234
01/04/2002,HFD,CT,ANE,EN,Federal Contract Tower,0,4,9,0,13,0,1,169,0,170,0,5,178,0,183,140,0,140,323
01/05/2002,HFD,CT,ANE,EN,Federal Contract Tower,0,1,12,0,13,0,0,159,0,159,0,1,171,0,172,122,0,122,294
01/06/2002,HFD,CT,ANE,EN,Federal Contract Tower,0,3,1,0,4,0,0,36,2,38,0,3,37,2,42,84,0,84,126
01/07/2002,HFD,CT,ANE,EN,Federal Contract Tower,0,1,6,0,7,0,5,169,0,174,0,6,175,0,181,94,0,94,275
01/08/2002,HFD,CT,ANE,EN,Federal Contract Tower,0,1,5,0,6,0,4,0,0,4,0,5,5,0,10,8,0,8,18
01/09/2002,HFD,CT,ANE,EN,Federal Contract Tower,0,6,11,4,21,0,0,43,2,45,0,6,54,6,66,24,0,24,90
01/10/2002,HFD,CT,ANE,EN,Federal Contract Tower,0,12,15,0,27,0,4,83,2,89,0,16,98,2,116,62,2,64,180
01/11/2002,HFD,CT,ANE,EN,Federal Contract Tower,0,2,10,0,12,0,2,69,0,71,0,4,79,0,83,0,0,0,83
01/12/2002,HFD,CT,ANE,EN,Federal Contract Tower,0,1,8,0,9,0,0,210,0,210,0,1,218,0,219,122,0,122,341
01/13/2002,HFD,CT,ANE,EN,Federal Contract Tower,0,3,2,0,5,0,0,7,0,7,0,3,9,0,12,0,0,0,12
01/14/2002,HFD,CT,ANE,EN,Federal Contract Tower,0,13,8,0,21,0,5,170,0,175,0,18,178,0,196,106,0,106,302
01/15/2002,HFD,CT,ANE,EN,Federal Contract Tower,0,5,4,0,9,0,4,71,0,75,0,9,75,0,84,34,0,34,118
01/16/2002,HFD,CT,ANE,EN,Federal Contract Tower,0,10,26,2,38,0,3,149,0,152,0,13,175,2,190,138,0,138,328
01/17/2002,HFD,CT,ANE,EN,Federal Contract Tower,0,2,25,0,27,0,4,52,0,56,0,6,77,0,83,57,0,57,140
01/18/2002,HFD,CT,ANE,EN,Federal Contract Tower,0,1,21,0,22,0,2,203,4,209,0,3,224,4,231,112,0,112,343
01/19/2002,HFD,CT,ANE,EN,Federal Contract Tower,0,0,0,0,0,0,126,0,0,126,0,126,0,0,126,62,0,62,188
01/20/2002,HFD,CT,ANE,EN,Federal Contract Tower,0,0,7,0,7,0,0,100,0,100,0,0,107,0,107,94,0,94,201
01/21/2002,HFD,CT,ANE,EN,Federal Contract Tower,0,3,13,0,16,0,3,0,0,3,0,6,13,0,19,24,0,24,43
01/22/2002,HFD,CT,ANE,EN,Federal Contract Tower,0,4,7,0,11,0,2,214,0,216,0,6,221,0,227,106,0,106,333
01/23/2002,HFD,CT,ANE,EN,Federal Contract Tower,0,12,18,0,30,0,5,140,0,145,0,17,158,0,175,48,0,48,223
01/24/2002,HFD,CT,ANE,EN,Federal Contract Tower,0,13,22,0,35,0,0,3,0,3,0,13,25,0,38,0,0,0,38
01/25/2002,HFD,CT,ANE,EN,Federal Contract Tower,0,4,7,0,11,0,3,176,20,199,0,7,183,20,210,132,0,132,342
01/26/2002,HFD,CT,ANE,EN,Federal Contract Tower,0,0,31,0,31,0,0,183,0,183,0,0,214,0,214,154,0,154,368
01/27/2002,HFD,CT,ANE,EN,Federal Contract Tower,0,0,11,0,11,0,0,185,0,185,0,0,196,0,196,134,0,134,330
01/28/2002,HFD,CT,ANE,EN,Federal Contract Tower,0,5,19,0,24,0,5,131,0,136,0,10,150,0,160,126,0,126,286
01/29/2002,HFD,CT,ANE,EN,Federal Contract Tower,0,11,16,0,27,0,1,200,4,205,0,12,216,4,232,82,0,82,314
01/30/2002,HFD,CT,ANE,EN,Federal Contract Tower,0,7,21,0,28,0,4,52,0,56,0,11,73,0,84,12,0,12,96
01/31/2002,HFD,CT,ANE,EN,Federal Contract Tower,0,7,6,0,13,0,2,13,0,15,0,9,19,0,28,18,0,18,46
02/01/2002,HFD,CT,ANE,EN,Federal Contract Tower,0,2,1,0,3,0,1,1,0,2,0,3,2,0,5,0,0,0,5
02/02/2002,HFD,CT,ANE,EN,Federal Contract Tower,0,3,3,0,6,0,0,125,0,125,0,3,128,0,131,56,0,56,187
02/03/2002,HFD,CT,ANE,EN,Federal Contract Tower,0,1,8,0,9,0,1,165,0,166,0,2,173,0,175,134,0,134,309
02/04/2002,HFD,CT,ANE,EN,Federal Contract Tower,0,6,5,0,11,0,0,107,0,107,0,6,112,0,118,54,0,54,172
02/05/2002,HFD,CT,ANE,EN,Federal Contract Tower,0,10,13,0,23,0,7,150,0,157,0,17,163,0,180,60,0,60,240
02/06/2002,HFD,CT,ANE,EN,Federal Contract Tower,0,10,13,2,25,0,4,269,0,273,0,14,282,2,298,128,0,128,426
02/07/2002,HFD,CT,ANE,EN,Federal Contract Tower,0,0,23,2,25,0,4,131,0,135,0,4,154,2,160,116,0,116,276
02/08/2002,HFD,CT,ANE,EN,Federal Contract Tower,0,3,8,0,11,0,1,174,2,177,0,4,182,2,188,70,0,70,258
02/09/2002,HFD,CT,ANE,EN,Federal Contract Tower,0,0,9,0,9,0,0,239,0,239,0,0,248,0,248,162,0,162,410
02/10/2002,HFD,CT,ANE,EN,Federal Contract Tower,0,1,7,0,8,0,0,20,0,20,0,1,27,0,28,54,0,54,82
02/11/2002,HFD,CT,ANE,EN,Federal Contract Tower,0,7,4,0,11,0,2,37,0,39,0,9,41,0,50,8,0,8,58
02/12/2002,HFD,CT,ANE,EN,Federal Contract Tower,0,5,10,0,15,0,7,159,2,168,0,12,169,2,183,70,0,70,253
02/13/2002,HFD,CT,ANE,EN,Federal Contract Tower,0,2,10,0,12,0,6,111,0,117,0,8,121,0,129,76,0,76,205
02/14/2002,HFD,CT,ANE,EN,Federal Contract Tower,0,3,7,0,10,0,6,161,0,167,0,9,168,0,177,122,0,122,299
02/15/2002,HFD,CT,ANE,EN,Federal Contract Tower,0,3,21,0,24,0,1,122,0,123,0,4,143,0,147,84,0,84,231
02/16/2002,HFD,CT,ANE,EN,Federal Contract Tower,0,1,11,0,12,0,1,189,0,190,0,2,200,0,202,134,0,134,336
02/17/2002,HFD,CT,ANE,EN,Federal Contract Tower,0,0,5,0,5,0,0,7,0,7,0,0,12,0,12,8,0,8,20
02/18/2002,HFD,CT,ANE,EN,Federal Contract Tower,0,1,14,0,15,0,1,135,0,136,0,2,149,0,151,92,0,92,243
02/19/2002,HFD,CT,ANE,EN,Federal Contract Tower,0,3,11,0,14,0,8,259,0,267,0,11,270,0,281,148,0,148,429
02/20/2002,HFD,CT,ANE,EN,Federal Contract Tower,0,11,13,2,26,0,6,177,0,183,0,17,190,2,209,92,0,92,301
02/21/2002,HFD,CT,ANE,EN,Federal Contract Tower,0,8,24,0,32,0,3,90,0,93,0,11,114,0,125,48,0,48,173
02/22/2002,HFD,CT,ANE,EN,Federal Contract Tower,0,1,13,0,14,0,1,131,0,132,0,2,144,0,146,114,0,114,260
02/23/2002,HFD,CT,ANE,EN,Federal Contract Tower,0,1,23,0,24,0,0,212,0,212,0,1,235,0,236,174,0,174,410
02/24/2002,HFD,CT,ANE,EN,Federal Contract Tower,0,0,22,0,22,0,0,159,0,159,0,0,181,0,181,140,0,140,321
02/25/2002,HFD,CT,ANE,EN,Federal Contract Tower,0,4,8,0,12,0,2,111,0,113,0,6,119,0,125,84,0,84,209
02/26/2002,HFD,CT,ANE,EN,Federal Contract Tower,0,10,21,0,31,0,0,113,2,115,0,10,134,2,146,60,0,60,206
02/27/2002,HFD,CT,ANE,EN,Federal Contract Tower,0,12,4,0,16,0,1,43,0,44,0,13,47,0,60,14,0,14,74
02/28/2002,HFD,CT,ANE,EN,Federal Contract Tower,0,0,8,0,8,0,0,165,0,165,0,0,173,0,173,16,0,16,189
03/01/2002,HFD,CT,ANE,EN,Federal Contract Tower,0,3,7,0,10,0,0,217,0,217,0,3,224,0,227,144,0,144,371
03/02/2002,HFD,CT,ANE,EN,Federal Contract Tower,0,0,27,0,27,0,1,145,0,146,0,1,172,0,173,146,0,146,319
03/03/2002,HFD,CT,ANE,EN,Federal Contract Tower,0,0,17,0,17,0,2,0,0,2,0,2,17,0,19,0,0,0,19
03/04/2002,HFD,CT,ANE,EN,Federal Contract Tower,0,8,9,0,17,0,4,108,0,112,0,12,117,0,129,122,0,122,251
03/05/2002,HFD,CT,ANE,EN,Federal Contract Tower,0,2,17,0,19,0,9,165,0,174,0,11,182,0,193,86,0,86,279
03/06/2002,HFD,CT,ANE,EN,Federal Contract Tower,0,8,8,2,18,0,5,214,0,219,0,13,222,2,237,176,6,182,419
03/07/2002,HFD,CT,ANE,EN,Federal Contract Tower,0,4,18,0,22,0,8,203,0,211,0,12,221,0,233,108,0,108,341
03/08/2002,HFD,CT,ANE,EN,Federal Contract Tower,0,8,46,0,54,0,1,182,0,183,0,9,228,0,237,144,0,144,381
03/09/2002,HFD,CT,ANE,EN,Federal Contract Tower,0,1,9,0,10,0,0,173,2,175,0,1,182,2,185,152,0,152,337
03/10/2002,HFD,CT,ANE,EN,Federal Contract Tower,0,0,5,0,5,0,0,3,0,3,0,0,8,0,8,0,0,0,8
03/11/2002,HFD,CT,ANE,EN,Federal Contract Tower,0,4,12,0,16,0,2,124,0,126,0,6,136,0,142,112,0,112,254
03/12/2002,HFD,CT,ANE,EN,Federal Contract Tower,0,10,10,0,20,0,7,110,0,117,0,17,120,0,137,94,0,94,231
03/13/2002,HFD,CT,ANE,EN,Federal Contract Tower,0,9,25,0,34,0,1,60,0,61,0,10,85,0,95,14,0,14,109
03/14/2002,HFD,CT,ANE,EN,Federal Contract Tower,0,5,23,0,28,0,2,237,0,239,0,7,260,0,267,216,0,216,483
03/15/2002,HFD,CT,ANE,EN,Federal Contract Tower,0,5,24,0,29,0,0,38,0,38,0,5,62,0,67,116,0,116,183
03/16/2002,HFD,CT,ANE,EN,Federal Contract Tower,0,0,17,0,17,0,0,52,0,52,0,0,69,0,69,56,0,56,125
03/17/2002,HFD,CT,ANE,EN,Federal Contract Tower,0,2,14,0,16,0,0,166,0,166,0,2,180,0,182,162,0,162,344
03/18/2002,HFD,CT,ANE,EN,Federal Contract Tower,0,10,2,0,12,0,0,2,0,2,0,10,4,0,14,0,0,0,14
03/19/2002,HFD,CT,ANE,EN,Federal Contract Tower,0,14,17,0,31,0,0,110,2,112,0,14,127,2,143,104,0,104,247
03/20/2002,HFD,CT,ANE,EN,Federal Contract Tower,0,9,7,0,16,0,2,5,0,7,0,11,12,0,23,0,0,0,23
03/21/2002,HFD,CT,ANE,EN,Federal Contract Tower,0,5,2,0,7,0,4,217,0,221,0,9,219,0,228,148,0,148,376
03/22/2002,HFD,CT,ANE,EN,Federal Contract Tower,0,5,2,0,7,0,4,49,2,55,0,9,51,2,62,62,0,62,124
03/23/2002,HFD,CT,ANE,EN,Federal Contract Tower,0,0,10,0,10,0,0,90,0,90,0,0,100,0,100,126,0,126,226
03/24/2002,HFD,CT,ANE,EN,Federal Contract Tower,0,5,13,0,18,0,0,154,0,154,0,5,167,0,172,88,0,88,260
03/25/2002,HFD,CT,ANE,EN,Federal Contract Tower,0,8,1,0,9,0,1,143,0,144,0,9,144,0,153,164,0,164,317
03/26/2002,HFD,CT,ANE,EN,Federal Contract Tower,0,7,8,0,15,0,2,12,0,14,0,9,20,0,29,0,0,0,29
03/27/2002,HFD,CT,ANE,EN,Federal Contract Tower,0,8,26,0,34,0,1,114,4,119,0,9,140,4,153,97,0,97,250
03/28/2002,HFD,CT,ANE,EN,Federal Contract Tower,0,6,15,0,21,0,8,268,0,276,0,14,283,0,297,182,0,182,479
03/29/2002,HFD,CT,ANE,EN,Federal Contract Tower,0,0,8,0,8,0,3,269,0,272,0,3,277,0,280,200,0,200,480
03/30/2002,HFD,CT,ANE,EN,Federal Contract Tower,0,0,32,0,32,0,0,200,0,200,0,0,232,0,232,234,0,234,466
03/31/2002,HFD,CT,ANE,EN,Federal Contract Tower,0,1,14,0,15,0,0,60,0,60,0,1,74,0,75,46,0,46,121
04/01/2002,HFD,CT,ANE,EN,Federal Contract Tower,0,11,10,0,21,0,0,57,0,57,0,11,67,0,78,34,0,34,112
04/02/2002,HFD,CT,ANE,EN,Federal Contract Tower,0,5,15,0,20,0,5,199,0,204,0,10,214,0,224,110,0,110,334
04/03/2002,HFD,CT,ANE,EN,Federal Contract Tower,0,13,25,0,38,0,1,95,0,96,0,14,120,0,134,40,0,40,174
04/04/2002,HFD,CT,ANE,EN,Federal Contract Tower,0,6,11,0,17,0,3,249,2,254,0,9,260,2,271,176,0,176,447
04/05/2002,HFD,CT,ANE,EN,Federal Contract Tower,0,0,13,0,13,0,4,208,0,212,0,4,221,0,225,144,0,144,369
04/06/2002,HFD,CT,ANE,EN,Federal Contract Tower,0,1,16,0,17,0,0,186,0,186,0,1,202,0,203,152,0,152,355
04/07/2002,HFD,CT,ANE,EN,Federal Contract Tower,0,0,14,0,14,0,0,230,0,230,0,0,244,0,244,142,0,142,386
04/08/2002,HFD,CT,ANE,EN,Federal Contract Tower,0,7,12,0,19,0,2,99,0,101,0,9,111,0,120,54,0,54,174
04/09/2002,HFD,CT,ANE,EN,Federal Contract Tower,0,9,9,0,18,0,3,97,0,100,0,12,106,0,118,42,0,42,160
04/10/2002,HFD,CT,ANE,EN,Federal Contract Tower,0,4,12,0,16,0,4,243,0,247,0,8,255,0,263,138,0,138,401
04/11/2002,HFD,CT,ANE,EN,Federal Contract Tower,0,2,18,0,20,0,7,176,0,183,0,9,194,0,203,102,0,102,305
04/12/2002,HFD,CT,ANE,EN,Federal Contract Tower,0,3,24,0,27,0,3,190,0,193,0,6,214,0,220,126,0,126,346
04/13/2002,HFD,CT,ANE,EN,Federal Contract Tower,0,5,19,0,24,0,0,105,0,105,0,5,124,0,129,158,0,158,287
04/14/2002,HFD,CT,ANE,EN,Federal Contract Tower,0,1,6,0,7,0,0,192,0,192,0,1,198,0,199,224,0,224,423
04/15/2002,HFD,CT,ANE,EN,Federal Contract Tower,0,6,24,0,30,0,2,112,0,114,0,8,136,0,144,100,0,100,244
04/16/2002,HFD,CT,ANE,EN,Federal Contract Tower,0,4,6,0,10,0,6,213,0,219,0,10,219,0,229,112,0,112,341
04/17/2002,HFD,CT,ANE,EN,Federal Contract Tower,0,6,8,0,14,0,5,266,0,271,0,11,274,0,285,114,0,114,399
04/18/2002,HFD,CT,ANE,EN,Federal Contract Tower,0,6,19,0,25,0,11,206,6,223,0,17,225,6,248,134,0,134,382
04/19/2002,HFD,CT,ANE,EN,Federal Contract Tower,0,10,8,0,18,0,1,129,0,130,0,11,137,0,148,120,0,120,268
04/20/2002,HFD,CT,ANE,EN,Federal Contract Tower,0,2,19,0,21,0,0,137,0,137,0,2,156,0,158,124,0,124,282
04/21/2002,HFD,CT,ANE,EN,Federal Contract Tower,0,0,9,0,9,0,0,160,0,160,0,0,169,0,169,78,0,78,247
04/22/2002,HFD,CT,ANE,EN,Federal Contract Tower,0,10,6,0,16,0,1,10,0,11,0,11,16,0,27,0,0,0,27
04/23/2002,HFD,CT,ANE,EN,Federal Contract Tower,0,5,10,0,15,0,4,140,2,146,0,9,150,2,161,114,0,114,275
04/24/2002,HFD,CT,ANE,EN,Federal Contract Tower,0,5,8,0,13,0,4,246,0,250,0,9,254,0,263,174,0,174,437
04/25/2002,HFD,CT,ANE,EN,Federal Contract Tower,0,5,23,0,28,0,7,71,0,78,0,12,94,0,106,18,0,18,124
04/26/2002,HFD,CT,ANE,EN,Federal Contract Tower,0,6,13,0,19,0,1,190,0,191,0,7,203,0,210,148,0,148,358
04/27/2002,HFD,CT,ANE,EN,Federal Contract Tower,0,1,12,0,13,0,0,339,7,346,0,1,351,7,359,244,0,244,603
04/28/2002,HFD,CT,ANE,EN,Federal Contract Tower,0,1,9,0,10,0,0,2,0,2,0,1,11,0,12,0,0,0,12
04/29/2002,HFD,CT,ANE,EN,Federal Contract Tower,0,10,9,1,20,0,1,49,0,50,0,11,58,1,70,68,0,68,138
04/30/2002,HFD,CT,ANE,EN,Federal Contract Tower,0,8,11,0,19,0,2,124,0,126,0,10,135,0,145,108,0,108,253
05/01/2002,HFD,CT,ANE,EN,Federal Contract Tower,0,4,16,0,20,0,3,232,0,235,0,7,248,0,255,110,0,110,365
05/02/2002,HFD,CT,ANE,EN,Federal Contract Tower,0,4,20,0,24,0,0,11,0,11,0,4,31,0,35,0,0,0,35
05/03/2002,HFD,CT,ANE,EN,Federal Contract Tower,0,3,11,0,14,0,5,40,0,45,0,8,51,0,59,22,0,22,81
05/04/2002,HFD,CT,ANE,EN,Federal Contract Tower,0,0,5,0,5,0,0,256,0,256,0,0,261,0,261,186,4,190,451
05/05/2002,HFD,CT,ANE,EN,Federal Contract Tower,0,0,13,0,13,0,0,206,0,206,0,0,219,0,219,156,0,156,375
05/06/2002,HFD,CT,ANE,EN,Federal Contract Tower,0,5,3,0,8,0,5,176,0,181,0,10,179,0,189,134,0,134,323
05/07/2002,HFD,CT,ANE,EN,Federal Contract Tower,0,4,16,0,20,0,9,200,2,211,0,13,216,2,231,162,0,162,393
05/08/2002,HFD,CT,ANE,EN,Federal Contract Tower,0,8,10,1,19,0,1,230,1,232,0,9,240,2,251,156,0,156,407
05/09/2002,HFD,CT,ANE,EN,Federal Contract Tower,0,8,28,0,36,0,4,117,0,121,0,12,145,0,157,76,0,76,233
05/10/2002,HFD,CT,ANE,EN,Federal Contract Tower,0,7,23,0,30,0,3,186,0,189,0,10,209,0,219,144,0,144,363
05/11/2002,HFD,CT,ANE,EN,Federal Contract Tower,0,0,12,0,12,0,2,188,0,190,0,2,200,0,202,92,0,92,294
05/12/2002,HFD,CT,ANE,EN,Federal Contract Tower,0,1,18,0,19,0,1,38,0,39,0,2,56,0,58,62,0,62,120
05/13/2002,HFD,CT,ANE,EN,Federal Contract Tower,0,16,8,0,24,0,0,0,0,0,0,16,8,0,24,4,0,4,28
05/14/2002,HFD,CT,ANE,EN,Federal Contract Tower,0,13,12,0,25,0,3,103,0,106,0,16,115,0,131,84,0,84,215
05/15/2002,HFD,CT,ANE,EN,Federal Contract Tower,0,9,3,0,12,0,5,89,0,94,0,14,92,0,106,54,0,54,160
05/16/2002,HFD,CT,ANE,EN,Federal Contract Tower,0,5,12,0,17,0,4,211,0,215,0,9,223,0,232,154,0,154,386
05/17/2002,HFD,CT,ANE,EN,Federal Contract Tower,0,3,15,0,18,0,2,146,1,149,0,5,161,1,167,100,0,100,267
05/18/2002,HFD,CT,ANE,EN,Federal Contract Tower,0,1,8,0,9,0,0,25,0,25,0,1,33,0,34,44,0,44,78
05/19/2002,HFD,CT,ANE,EN,Federal Contract Tower,0,2,20,0,22,0,2,193,1,196,0,4,213,1,218,184,0,184,402
05/20/2002,HFD,CT,ANE,EN,Federal Contract Tower,0,2,3,0,5,0,3,164,7,174,0,5,167,7,179,110,0,110,289
05/21/2002,HFD,CT,ANE,EN,Federal Contract Tower,0,6,4,0,10,0,8,263,0,271,0,14,267,0,281,166,0,166,447
05/22/2002,HFD,CT,ANE,EN,Federal Contract Tower,0,5,7,0,12,0,8,248,0,256,0,13,255,0,268,142,0,142,410
05/23/2002,HFD,CT,ANE,EN,Federal Contract Tower,0,4,25,0,29,0,5,214,0,219,0,9,239,0,248,212,0,212,460
05/24/2002,HFD,CT,ANE,EN,Federal Contract Tower,0,2,16,0,18,0,6,207,0,213,0,8,223,0,231,126,0,126,357
05/25/2002,HFD,CT,ANE,EN,Federal Contract Tower,0,0,14,0,14,0,0,241,6,247,0,0,255,6,261,156,0,156,417
05/26/2002,HFD,CT,ANE,EN,Federal Contract Tower,0,3,17,0,20,0,0,43,6,49,0,3,60,6,69,90,0,90,159
05/27/2002,HFD,CT,ANE,EN,Federal Contract Tower,0,0,14,0,14,0,0,82,0,82,0,0,96,0,96,68,5,73,169
05/28/2002,HFD,CT,ANE,EN,Federal Contract Tower,0,6,12,0,18,0,6,82,0,88,0,12,94,0,106,68,0,68,174
05/29/2002,HFD,CT,ANE,EN,Federal Contract Tower,0,8,19,0,27,0,2,75,0,77,0,10,94,0,104,56,0,56,160
05/30/2002,HFD,CT,ANE,EN,Federal Contract Tower,0,8,29,0,37,0,9,110,5,124,0,17,139,5,161,104,10,114,275
05/31/2002,HFD,CT,ANE,EN,Federal Contract Tower,0,0,13,0,13,0,0,243,2,245,0,0,256,2,258,138,0,138,396
06/01/2002,HFD,CT,ANE,EN,Federal Contract Tower,0,0,12,0,12,0,0,244,2,246,0,0,256,2,258,138,0,138,396
06/02/2002,HFD,CT,ANE,EN,Federal Contract Tower,0,1,7,0,8,0,0,155,0,155,0,1,162,0,163,128,0,128,291
06/03/2002,HFD,CT,ANE,EN,Federal Contract Tower,0,3,18,0,21,0,10,202,0,212,0,13,220,0,233,136,0,136,369
06/04/2002,HFD,CT,ANE,EN,Federal Contract Tower,0,7,7,0,14,0,6,228,4,238,0,13,235,4,252,190,4,194,446
06/05/2002,HFD,CT,ANE,EN,Federal Contract Tower,0,11,30,0,41,0,0,48,0,48,0,11,78,0,89,86,0,86,175
06/06/2002,HFD,CT,ANE,EN,Federal Contract Tower,0,11,22,0,33,0,0,24,0,24,0,11,46,0,57,42,0,42,99
06/07/2002,HFD,CT,ANE,EN,Federal Contract Tower,0,5,21,0,26,0,0,110,0,110,0,5,131,0,136,84,0,84,220
06/08/2002,HFD,CT,ANE,EN,Federal Contract Tower,0,3,2,0,5,0,0,322,0,322,0,3,324,0,327,266,0,266,593
06/09/2002,HFD,CT,ANE,EN,Federal Contract Tower,0,0,20,0,20,0,0,297,0,297,0,0,317,0,317,244,0,244,561
06/10/2002,HFD,CT,ANE,EN,Federal Contract Tower,0,6,9,0,15,0,3,254,4,261,0,9,263,4,276,206,0,206,482
06/11/2002,HFD,CT,ANE,EN,Federal Contract Tower,0,8,21,0,29,0,10,179,6,195,0,18,200,6,224,148,0,148,372
06/12/2002,HFD,CT,ANE,EN,Federal Contract Tower,0,12,26,0,38,0,0,41,0,41,0,12,67,0,79,60,0,60,139
06/13/2002,HFD,CT,ANE,EN,Federal Contract Tower,0,17,50,1,68,0,0,245,1,246,0,17,295,2,314,132,4,136,450
06/14/2002,HFD,CT,ANE,EN,Federal Contract Tower,0,5,17,5,27,0,0,13,0,13,0,5,30,5,40,2,2,4,44
06/15/2002,HFD,CT,ANE,EN,Federal Contract Tower,0,4,33,2,39,0,0,39,0,39,0,4,72,2,78,88,0,88,166
06/16/2002,HFD,CT,ANE,EN,Federal Contract Tower,0,6,26,0,32,0,0,56,0,56,0,6,82,0,88,44,0,44,132
06/17/2002,HFD,CT,ANE,EN,Federal Contract Tower,0,11,11,0,22,0,3,214,0,217,0,14,225,0,239,150,0,150,389
06/18/2002,HFD,CT,ANE,EN,Federal Contract Tower,0,13,16,0,29,0,5,228,0,233,0,18,244,0,262,188,0,188,450
06/19/2002,HFD,CT,ANE,EN,Federal Contract Tower,0,13,28,0,41,0,5,222,0,227,0,18,250,0,268,168,0,168,436
06/20/2002,HFD,CT,ANE,EN,Federal Contract Tower,0,5,15,0,20,0,2,239,0,241,0,7,254,0,261,154,0,154,415
06/21/2002,HFD,CT,ANE,EN,Federal Contract Tower,0,4,17,0,21,0,6,239,0,245,0,10,256,0,266,180,0,180,446
06/22/2002,HFD,CT,ANE,EN,Federal Contract Tower,0,2,26,0,28,0,0,240,0,240,0,2,266,0,268,224,0,224,492
06/23/2002,HFD,CT,ANE,EN,Federal Contract Tower,0,10,20,0,30,0,0,209,0,209,0,10,229,0,239,138,0,138,377
06/24/2002,HFD,CT,ANE,EN,Federal Contract Tower,0,6,12,0,18,0,5,225,0,230,0,11,237,0,248,244,0,244,492
06/25/2002,HFD,CT,ANE,EN,Federal Contract Tower,0,10,17,0,27,0,2,318,0,320,0,12,335,0,347,212,0,212,559
06/26/2002,HFD,CT,ANE,EN,Federal Contract Tower,0,13,22,0,35,0,1,94,2,97,0,14,116,2,132,64,0,64,196
06/27/2002,HFD,CT,ANE,EN,Federal Contract Tower,0,11,26,0,37,0,2,130,0,132,0,13,156,0,169,126,0,126,295
06/28/2002,HFD,CT,ANE,EN,Federal Contract Tower,0,17,24,0,41,0,3,190,0,193,0,20,214,0,234,148,0,148,382
06/29/2002,HFD,CT,ANE,EN,Federal Contract Tower,0,1,11,0,12,0,0,248,0,248,0,1,259,0,260,222,0,222,482
06/30/2002,HFD,CT,ANE,EN,Federal Contract Tower,0,0,11,0,11,0,1,234,0,235,0,1,245,0,246,236,0,236,482
07/01/2002,HFD,CT,ANE,EN,Federal Contract Tower,0,2,8,0,10,0,7,161,0,168,0,9,169,0,178,152,0,152,330
07/02/2002,HFD,CT,ANE,EN,Federal Contract Tower,0,10,25,0,35,0,1,154,0,155,0,11,179,0,190,166,0,166,356
07/03/2002,HFD,CT,ANE,EN,Federal Contract Tower,0,7,9,0,16,0,2,209,0,211,0,9,218,0,227,178,0,178,405
07/04/2002,HFD,CT,ANE,EN,Federal Contract Tower,0,0,5,0,5,0,2,65,0,67,0,2,70,0,72,34,2,36,108
07/05/2002,HFD,CT,ANE,EN,Federal Contract Tower,0,1,13,0,14,0,1,189,10,200,0,2,202,10,214,122,0,122,336
07/06/2002,HFD,CT,ANE,EN,Federal Contract Tower,0,1,11,0,12,0,0,189,0,189,0,1,200,0,201,114,0,114,315
07/07/2002,HFD,CT,ANE,EN,Federal Contract Tower,0,4,43,0,47,0,0,55,0,55,0,4,98,0,102,60,0,60,162
07/08/2002,HFD,CT,ANE,EN,Federal Contract Tower,0,11,19,0,30,0,5,194,2,201,0,16,213,2,231,168,0,168,399
07/09/2002,HFD,CT,ANE,EN,Federal Contract Tower,0,21,22,0,43,0,1,117,2,120,0,22,139,2,163,88,26,114,277
07/10/2002,HFD,CT,ANE,EN,Federal Contract Tower,0,13,13,0,26,0,2,211,0,213,0,15,224,0,239,186,0,186,425
07/11/2002,HFD,CT,ANE,EN,Federal Contract Tower,0,5,18,0,23,0,9,199,0,208,0,14,217,0,231,196,0,196,427
07/12/2002,HFD,CT,ANE,EN,Federal Contract Tower,0,1,19,0,20,0,8,261,0,269,0,9,280,0,289,200,0,200,489
07/13/2002,HFD,CT,ANE,EN,Federal Contract Tower,0,0,4,0,4,0,0,233,4,237,0,0,237,4,241,224,0,224,465
07/14/2002,HFD,CT,ANE,EN,Federal Contract Tower,0,2,3,0,5,0,0,199,0,199,0,2,202,0,204,140,0,140,344
07/15/2002,HFD,CT,ANE,EN,Federal Contract Tower,0,12,4,0,16,0,2,165,2,169,0,14,169,2,185,126,4,130,315
07/16/2002,HFD,CT,ANE,EN,Federal Contract Tower,0,9,12,0,21,0,7,239,0,246,0,16,251,0,267,218,0,218,485
07/17/2002,HFD,CT,ANE,EN,Federal Contract Tower,0,4,13,0,17,0,8,322,0,330,0,12,335,0,347,206,0,206,553
07/18/2002,HFD,CT,ANE,EN,Federal Contract Tower,0,4,10,0,14,0,4,169,0,173,0,8,179,0,187,120,0,120,307
07/19/2002,HFD,CT,ANE,EN,Federal Contract Tower,0,5,34,0,39,0,2,102,0,104,0,7,136,0,143,44,0,44,187
07/20/2002,HFD,CT,ANE,EN,Federal Contract Tower,0,0,41,0,41,0,0,147,0,147,0,0,188,0,188,120,0,120,308
07/21/2002,HFD,CT,ANE,EN,Federal Contract Tower,0,0,16,0,16,0,0,186,0,186,0,0,202,0,202,160,0,160,362
07/22/2002,HFD,CT,ANE,EN,Federal Contract Tower,0,3,11,0,14,0,6,221,0,227,0,9,232,0,241,140,0,140,381
07/23/2002,HFD,CT,ANE,EN,Federal Contract Tower,0,4,14,0,18,0,0,104,0,104,0,4,118,0,122,90,0,90,212
07/24/2002,HFD,CT,ANE,EN,Federal Contract Tower,0,17,18,0,35,0,6,297,4,307,0,23,315,4,342,216,0,216,558
07/25/2002,HFD,CT,ANE,EN,Federal Contract Tower,0,4,14,0,18,0,5,259,4,268,0,9,273,4,286,102,0,102,388
07/26/2002,HFD,CT,ANE,EN,Federal Contract Tower,0,1,16,0,17,0,3,165,0,168,0,4,181,0,185,126,0,126,311
07/27/2002,HFD,CT,ANE,EN,Federal Contract Tower,0,7,27,0,34,0,0,171,0,171,0,7,198,0,205,134,0,134,339
07/28/2002,HFD,CT,ANE,EN,Federal Contract Tower,0,2,19,0,21,0,0,27,0,27,0,2,46,0,48,54,0,54,102
07/29/2002,HFD,CT,ANE,EN,Federal Contract Tower,0,11,6,0,17,0,5,185,0,190,0,16,191,0,207,198,0,198,405
07/30/2002,HFD,CT,ANE,EN,Federal Contract Tower,0,6,24,0,30,0,5,137,0,142,0,11,161,0,172,158,0,158,330
07/31/2002,HFD,CT,ANE,EN,Federal Contract Tower,0,6,18,0,24,0,12,219,2,233,0,18,237,2,257,202,0,202,459
08/01/2002,HFD,CT,ANE,EN,Federal Contract Tower,0,5,10,0,15,0,4,191,0,195,0,9,201,0,210,158,0,158,368
08/02/2002,HFD,CT,ANE,EN,Federal Contract Tower,0,4,15,0,19,0,8,99,3,110,0,12,114,3,129,50,0,50,179
08/03/2002,HFD,CT,ANE,EN,Federal Contract Tower,0,2,13,0,15,0,1,255,0,256,0,3,268,0,271,190,0,190,461
08/04/2002,HFD,CT,ANE,EN,Federal Contract Tower,0,2,9,0,11,0,1,187,0,188,0,3,196,0,199,188,0,188,387
08/05/2002,HFD,CT,ANE,EN,Federal Contract Tower,0,11,13,0,24,0,1,115,0,116,0,12,128,0,140,94,0,94,234
08/06/2002,HFD,CT,ANE,EN,Federal Contract Tower,0,9,8,0,17,0,6,188,2,196,0,15,196,2,213,156,0,156,369
08/07/2002,HFD,CT,ANE,EN,Federal Contract Tower,0,4,10,0,14,0,12,258,2,272,0,16,268,2,286,208,0,208,494
08/08/2002,HFD,CT,ANE,EN,Federal Contract Tower,0,5,13,0,18,0,6,216,4,226,0,11,229,4,244,126,0,126,370
08/09/2002,HFD,CT,ANE,EN,Federal Contract Tower,0,5,6,1,12,0,5,237,1,243,0,10,243,2,255,126,8,134,389
08/10/2002,HFD,CT,ANE,EN,Federal Contract Tower,0,0,10,0,10,0,1,260,0,261,0,1,270,0,271,134,0,134,405
08/11/2002,HFD,CT,ANE,EN,Federal Contract Tower,0,3,11,0,14,0,1,183,0,184,0,4,194,0,198,104,0,104,302
08/12/2002,HFD,CT,ANE,EN,Federal Contract Tower,0,6,18,0,24,0,4,162,0,166,0,10,180,0,190,134,0,134,324
08/13/2002,HFD,CT,ANE,EN,Federal Contract Tower,0,10,26,0,36,0,0,137,0,137,0,10,163,0,173,96,0,96,269
08/14/2002,HFD,CT,ANE,EN,Federal Contract Tower,0,12,11,0,23,0,6,173,2,181,0,18,184,2,204,112,0,112,316
08/15/2002,HFD,CT,ANE,EN,Federal Contract Tower,0,2,34,0,36,0,10,151,0,161,0,12,185,0,197,130,2,132,329
08/16/2002,HFD,CT,ANE,EN,Federal Contract Tower,0,3,25,0,28,0,7,83,0,90,0,10,108,0,118,92,0,92,210
08/17/2002,HFD,CT,ANE,EN,Federal Contract Tower,0,1,15,0,16,0,0,182,0,182,0,1,197,0,198,148,0,148,346
08/18/2002,HFD,CT,ANE,EN,Federal Contract Tower,0,2,19,0,21,0,0,97,0,97,0,2,116,0,118,70,0,70,188
08/19/2002,HFD,CT,ANE,EN,Federal Contract Tower,0,6,14,0,20,0,4,266,4,274,0,10,280,4,294,182,2,184,478
08/20/2002,HFD,CT,ANE,EN,Federal Contract Tower,0,10,14,0,24,0,2,140,0,142,0,12,154,0,166,122,0,122,288
08/21/2002,HFD,CT,ANE,EN,Federal Contract Tower,0,3,11,0,14,0,9,233,0,242,0,12,244,0,256,174,0,174,430
08/22/2002,HFD,CT,ANE,EN,Federal Contract Tower,0,10,15,0,25,0,0,160,0,160,0,10,175,0,185,126,0,126,311
08/23/2002,HFD,CT,ANE,EN,Federal Contract Tower,0,2,31,0,33,0,2,98,0,100,0,4,129,0,133,98,0,98,231
08/24/2002,HFD,CT,ANE,EN,Federal Contract Tower,0,2,14,0,16,0,0,102,0,102,0,2,116,0,118,96,0,96,214
08/25/2002,HFD,CT,ANE,EN,Federal Contract Tower,0,0,17,0,17,0,0,159,0,159,0,0,176,0,176,146,0,146,322
08/26/2002,HFD,CT,ANE,EN,Federal Contract Tower,0,3,12,0,15,0,9,188,0,197,0,12,200,0,212,122,0,122,334
08/27/2002,HFD,CT,ANE,EN,Federal Contract Tower,0,12,12,0,24,0,7,211,0,218,0,19,223,0,242,122,0,122,364
08/28/2002,HFD,CT,ANE,EN,Federal Contract Tower,0,13,7,0,20,0,3,165,0,168,0,16,172,0,188,116,0,116,304
08/29/2002,HFD,CT,ANE,EN,Federal Contract Tower,0,5,18,0,23,0,7,2,0,9,0,12,20,0,32,0,0,0,32
08/30/2002,HFD,CT,ANE,EN,Federal Contract Tower,0,7,38,0,45,0,1,58,0,59,0,8,96,0,104,32,0,32,136
08/31/2002,HFD,CT,ANE,EN,Federal Contract Tower,0,0,12,0,12,0,0,98,0,98,0,0,110,0,110,160,0,160,270
09/01/2002,HFD,CT,ANE,EN,Federal Contract Tower,0,0,9,0,9,0,0,114,0,114,0,0,123,0,123,70,0,70,193
09/02/2002,HFD,CT,ANE,EN,Federal Contract Tower,0,0,29,0,29,0,0,12,0,12,0,0,41,0,41,4,0,4,45
09/03/2002,HFD,CT,ANE,EN,Federal Contract Tower,0,10,13,0,23,0,0,170,0,170,0,10,183,0,193,114,0,114,307
09/04/2002,HFD,CT,ANE,EN,Federal Contract Tower,0,10,15,0,25,0,3,96,0,99,0,13,111,0,124,80,0,80,204
09/05/2002,HFD,CT,ANE,EN,Federal Contract Tower,0,5,7,0,12,0,3,226,0,229,0,8,233,0,241,90,0,90,331
09/06/2002,HFD,CT,ANE,EN,Federal Contract Tower,0,1,7,0,8,0,7,221,0,228,0,8,228,0,236,102,0,102,338
09/07/2002,HFD,CT,ANE,EN,Federal Contract Tower,0,1,2,0,3,0,0,256,0,256,0,1,258,0,259,138,0,138,397
09/08/2002,HFD,CT,ANE,EN,Federal Contract Tower,0,1,3,0,4,0,1,190,0,191,0,2,193,0,195,168,0,168,363
09/09/2002,HFD,CT,ANE,EN,Federal Contract Tower,0,4,8,0,12,0,4,213,2,219,0,8,221,2,231,102,0,102,333
09/10/2002,HFD,CT,ANE,EN,Federal Contract Tower,0,2,10,0,12,0,5,221,0,226,0,7,231,0,238,146,0,146,384
09/11/2002,HFD,CT,ANE,EN,Federal Contract Tower,0,4,6,0,10,0,2,58,0,60,0,6,64,0,70,34,0,34,104
09/12/2002,HFD,CT,ANE,EN,Federal Contract Tower,0,2,20,0,22,0,4,175,0,179,0,6,195,0,201,118,0,118,319
09/13/2002,HFD,CT,ANE,EN,Federal Contract Tower,0,2,11,0,13,0,8,198,0,206,0,10,209,0,219,100,0,100,319
09/14/2002,HFD,CT,ANE,EN,Federal Contract Tower,0,0,12,0,12,0,0,220,0,220,0,0,232,0,232,168,0,168,400
09/15/2002,HFD,CT,ANE,EN,Federal Contract Tower,0,0,12,0,12,0,0,4,0,4,0,0,16,0,16,12,0,12,28
09/16/2002,HFD,CT,ANE,EN,Federal Contract Tower,0,9,24,0,33,0,2,42,0,44,0,11,66,0,77,90,0,90,167
09/17/2002,HFD,CT,ANE,EN,Federal Contract Tower,0,8,13,0,21,0,2,169,0,171,0,10,182,0,192,88,0,88,280
09/18/2002,HFD,CT,ANE,EN,Federal Contract Tower,0,2,8,1,11,0,5,202,1,208,0,7,210,2,219,160,0,160,379
09/19/2002,HFD,CT,ANE,EN,Federal Contract Tower,0,4,6,0,10,0,6,168,0,174,0,10,174,0,184,80,0,80,264
09/20/2002,HFD,CT,ANE,EN,Federal Contract Tower,0,6,21,0,27,0,2,180,0,182,0,8,201,0,209,100,0,100,309
09/21/2002,HFD,CT,ANE,EN,Federal Contract Tower,0,3,30,0,33,0,0,191,0,191,0,3,221,0,224,142,0,142,366
09/22/2002,HFD,CT,ANE,EN,Federal Contract Tower,0,3,9,0,12,0,0,189,0,189,0,3,198,0,201,80,0,80,281
09/23/2002,HFD,CT,ANE,EN,Federal Contract Tower,0,2,14,0,16,0,7,156,0,163,0,9,170,0,179,128,0,128,307
09/24/2002,HFD,CT,ANE,EN,Federal Contract Tower,0,4,15,0,19,0,10,179,0,189,0,14,194,0,208,138,0,138,346
09/25/2002,HFD,CT,ANE,EN,Federal Contract Tower,0,4,14,0,18,0,5,211,0,216,0,9,225,0,234,140,0,140,374
09/26/2002,HFD,CT,ANE,EN,Federal Contract Tower,0,11,29,0,40,0,2,50,0,52,0,13,79,0,92,20,0,20,112
09/27/2002,HFD,CT,ANE,EN,Federal Contract Tower,0,5,7,0,12,0,1,4,0,5,0,6,11,0,17,0,0,0,17
09/28/2002,HFD,CT,ANE,EN,Federal Contract Tower,0,2,9,0,11,0,0,161,0,161,0,2,170,0,172,104,0,104,276
09/29/2002,HFD,CT,ANE,EN,Federal Contract Tower,0,2,12,0,14,0,0,192,0,192,0,2,204,0,206,210,0,210,416
09/30/2002,HFD,CT,ANE,EN,Federal Contract Tower,0,2,12,0,14,0,5,123,0,128,0,7,135,0,142,78,0,78,220
10/01/2002,HFD,CT,ANE,EN,Federal Contract Tower,0,4,9,0,13,0,7,289,5,301,0,11,298,5,314,166,10,176,490
10/02/2002,HFD,CT,ANE,EN,Federal Contract Tower,0,6,16,0,22,0,3,182,0,185,0,9,198,0,207,118,0,118,325
10/03/2002,HFD,CT,ANE,EN,Federal Contract Tower,0,15,25,1,41,0,2,146,0,148,0,17,171,1,189,115,0,115,304
10/04/2002,HFD,CT,ANE,EN,Federal Contract Tower,0,6,44,0,50,0,5,45,0,50,0,11,89,0,100,34,0,34,134
10/05/2002,HFD,CT,ANE,EN,Federal Contract Tower,0,1,11,0,12,0,0,135,0,135,0,1,146,0,147,88,0,88,235
10/06/2002,HFD,CT,ANE,EN,Federal Contract Tower,0,0,11,0,11,0,2,194,0,196,0,2,205,0,207,122,0,122,329
10/07/2002,HFD,CT,ANE,EN,Federal Contract Tower,0,7,34,0,41,0,8,99,0,107,0,15,133,0,148,78,0,78,226
10/08/2002,HFD,CT,ANE,EN,Federal Contract Tower,0,1,12,2,15,0,12,240,0,252,0,13,252,2,267,178,2,180,447
10/09/2002,HFD,CT,ANE,EN,Federal Contract Tower,0,10,12,1,23,0,1,172,1,174,0,11,184,2,197,104,0,104,301
10/10/2002,HFD,CT,ANE,EN,Federal Contract Tower,0,15,27,0,42,0,0,155,0,155,0,15,182,0,197,62,0,62,259
10/11/2002,HFD,CT,ANE,EN,Federal Contract Tower,0,9,39,0,48,0,2,0,0,2,0,11,39,0,50,2,0,2,52
10/12/2002,HFD,CT,ANE,EN,Federal Contract Tower,0,2,10,0,12,0,0,4,0,4,0,2,14,0,16,4,0,4,20
10/13/2002,HFD,CT,ANE,EN,Federal Contract Tower,0,3,31,0,34,0,0,1,0,1,0,3,32,0,35,0,0,0,35
10/14/2002,HFD,CT,ANE,EN,Federal Contract Tower,0,2,6,0,8,0,8,163,0,171,0,10,169,0,179,116,0,116,295
10/15/2002,HFD,CT,ANE,EN,Federal Contract Tower,0,6,11,0,17,0,7,186,0,193,0,13,197,0,210,132,0,132,342
10/16/2002,HFD,CT,ANE,EN,Federal Contract Tower,0,13,15,0,28,0,0,1,0,1,0,13,16,0,29,6,0,6,35
10/17/2002,HFD,CT,ANE,EN,Federal Contract Tower,0,5,18,0,23,0,4,186,0,190,0,9,204,0,213,128,0,128,341
10/18/2002,HFD,CT,ANE,EN,Federal Contract Tower,0,3,11,0,14,0,1,140,0,141,0,4,151,0,155,58,0,58,213
10/19/2002,HFD,CT,ANE,EN,Federal Contract Tower,0,2,9,0,11,0,0,96,0,96,0,2,105,0,107,44,0,44,151
10/20/2002,HFD,CT,ANE,EN,Federal Contract Tower,0,0,14,0,14,0,0,156,0,156,0,0,170,0,170,90,0,90,260
10/21/2002,HFD,CT,ANE,EN,Federal Contract Tower,0,2,9,0,11,0,2,114,0,116,0,4,123,0,127,96,0,96,223
10/22/2002,HFD,CT,ANE,EN,Federal Contract Tower,0,3,15,0,18,0,10,211,0,221,0,13,226,0,239,170,0,170,409
10/23/2002,HFD,CT,ANE,EN,Federal Contract Tower,0,7,9,0,16,0,2,102,0,104,0,9,111,0,120,60,0,60,180
10/24/2002,HFD,CT,ANE,EN,Federal Contract Tower,0,10,5,0,15,0,4,255,0,259,0,14,260,0,274,146,0,146,420
10/25/2002,HFD,CT,ANE,EN,Federal Contract Tower,0,5,18,0,23,0,14,210,0,224,0,19,228,0,247,160,0,160,407
10/26/2002,HFD,CT,ANE,EN,Federal Contract Tower,0,1,4,0,5,0,0,4,0,4,0,1,8,0,9,0,0,0,9
10/27/2002,HFD,CT,ANE,EN,Federal Contract Tower,0,3,12,0,15,0,0,159,0,159,0,3,171,0,174,114,0,114,288
10/28/2002,HFD,CT,ANE,EN,Federal Contract Tower,0,6,6,0,12,0,13,132,0,145,0,19,138,0,157,66,0,66,223
10/29/2002,HFD,CT,ANE,EN,Federal Contract Tower,0,9,7,0,16,0,9,174,0,183,0,18,181,0,199,126,0,126,325
10/30/2002,HFD,CT,ANE,EN,Federal Contract Tower,0,4,4,1,9,0,4,117,0,121,0,8,121,1,130,110,0,110,240
10/31/2002,HFD,CT,ANE,EN,Federal Contract Tower,0,2,8,0,10,0,6,158,0,164,0,8,166,0,174,128,0,128,302
11/01/2002,HFD,CT,ANE,EN,Federal Contract Tower,0,5,12,0,17,0,6,172,0,178,0,11,184,0,195,98,0,98,293
11/02/2002,HFD,CT,ANE,EN,Federal Contract Tower,0,0,10,0,10,0,0,108,0,108,0,0,118,0,118,84,0,84,202
11/03/2002,HFD,CT,ANE,EN,Federal Contract Tower,0,2,6,0,8,0,0,115,0,115,0,2,121,0,123,98,0,98,221
11/04/2002,HFD,CT,ANE,EN,Federal Contract Tower,0,4,9,0,13,0,6,67,0,73,0,10,76,0,86,26,0,26,112
11/05/2002,HFD,CT,ANE,EN,Federal Contract Tower,0,7,12,0,19,0,7,218,2,227,0,14,230,2,246,156,6,162,408
11/06/2002,HFD,CT,ANE,EN,Federal Contract Tower,0,6,13,0,19,0,1,12,0,13,0,7,25,0,32,4,0,4,36
11/07/2002,HFD,CT,ANE,EN,Federal Contract Tower,0,7,10,0,17,0,7,100,2,109,0,14,110,2,126,38,0,38,164
11/08/2002,HFD,CT,ANE,EN,Federal Contract Tower,0,5,19,0,24,0,2,171,8,181,0,7,190,8,205,108,0,108,313
11/09/2002,HFD,CT,ANE,EN,Federal Contract Tower,0,0,6,0,6,0,0,191,14,205,0,0,197,14,211,152,0,152,363
11/10/2002,HFD,CT,ANE,EN,Federal Contract Tower,0,0,13,0,13,0,0,84,0,84,0,0,97,0,97,112,0,112,209
11/11/2002,HFD,CT,ANE,EN,Federal Contract Tower,0,4,15,0,19,0,2,9,0,11,0,6,24,0,30,20,0,20,50
11/12/2002,HFD,CT,ANE,EN,Federal Contract Tower,0,8,21,0,29,0,6,36,0,42,0,14,57,0,71,36,0,36,107
11/13/2002,HFD,CT,ANE,EN,Federal Contract Tower,0,8,32,0,40,0,5,75,0,80,0,13,107,0,120,38,0,38,158
11/14/2002,HFD,CT,ANE,EN,Federal Contract Tower,0,5,11,0,16,0,11,199,0,210,0,16,210,0,226,139,0,139,365
11/15/2002,HFD,CT,ANE,EN,Federal Contract Tower,0,1,16,0,17,0,8,161,0,169,0,9,177,0,186,128,0,128,314
11/16/2002,HFD,CT,ANE,EN,Federal Contract Tower,0,0,8,0,8,0,0,9,0,9,0,0,17,0,17,6,0,6,23
11/17/2002,HFD,CT,ANE,EN,Federal Contract Tower,0,1,0,0,1,0,0,0,0,0,0,1,0,0,1,0,0,0,1
11/18/2002,HFD,CT,ANE,EN,Federal Contract Tower,0,6,4,0,10,0,2,51,0,53,0,8,55,0,63,16,0,16,79
11/19/2002,HFD,CT,ANE,EN,Federal Contract Tower,0,8,22,0,30,0,8,137,0,145,0,16,159,0,175,116,0,116,291
11/20/2002,HFD,CT,ANE,EN,Federal Contract Tower,0,5,15,0,20,0,0,139,0,139,0,5,154,0,159,126,0,126,285
11/21/2002,HFD,CT,ANE,EN,Federal Contract Tower,0,8,20,0,28,0,0,2,0,2,0,8,22,0,30,0,0,0,30
11/22/2002,HFD,CT,ANE,EN,Federal Contract Tower,0,8,25,0,33,0,0,3,0,3,0,8,28,0,36,0,0,0,36
11/23/2002,HFD,CT,ANE,EN,Federal Contract Tower,0,1,1,0,2,0,0,30,0,30,0,1,31,0,32,8,0,8,40
11/24/2002,HFD,CT,ANE,EN,Federal Contract Tower,0,0,8,0,8,0,0,183,0,183,0,0,191,0,191,122,0,122,313
11/25/2002,HFD,CT,ANE,EN,Federal Contract Tower,0,3,19,1,23,0,4,143,2,149,0,7,162,3,172,100,4,104,276
11/26/2002,HFD,CT,ANE,EN,Federal Contract Tower,0,7,12,0,19,0,2,222,0,224,0,9,234,0,243,176,0,176,419
11/27/2002,HFD,CT,ANE,EN,Federal Contract Tower,0,2,10,0,12,0,3,53,0,56,0,5,63,0,68,30,0,30,98
11/28/2002,HFD,CT,ANE,EN,Federal Contract Tower,0,0,1,0,1,0,0,47,0,47,0,0,48,0,48,26,0,26,74
11/29/2002,HFD,CT,ANE,EN,Federal Contract Tower,0,1,10,0,11,0,9,54,0,63,0,10,64,0,74,10,0,10,84
11/30/2002,HFD,CT,ANE,EN,Federal Contract Tower,0,0,12,0,12,0,0,154,0,154,0,0,166,0,166,66,0,66,232
12/01/2002,HFD,CT,ANE,EN,Federal Contract Tower,0,1,6,0,7,0,0,18,0,18,0,1,24,0,25,2,0,2,27
12/02/2002,HFD,CT,ANE,EN,Federal Contract Tower,0,8,11,0,19,0,8,110,0,118,0,16,121,0,137,102,0,102,239
12/03/2002,HFD,CT,ANE,EN,Federal Contract Tower,0,5,18,0,23,0,6,124,0,130,0,11,142,0,153,76,0,76,229
12/04/2002,HFD,CT,ANE,EN,Federal Contract Tower,0,10,21,0,31,0,2,177,8,187,0,12,198,8,218,88,0,88,306
12/05/2002,HFD,CT,ANE,EN,Federal Contract Tower,0,1,4,0,5,0,3,5,0,8,0,4,9,0,13,2,0,2,15
12/06/2002,HFD,CT,ANE,EN,Federal Contract Tower,0,1,10,0,11,0,4,67,0,71,0,5,77,0,82,42,0,42,124
12/07/2002,HFD,CT,ANE,EN,Federal Contract Tower,0,2,13,0,15,0,0,229,0,229,0,2,242,0,244,92,0,92,336
12/08/2002,HFD,CT,ANE,EN,Federal Contract Tower,0,2,6,0,8,0,0,157,0,157,0,2,163,0,165,191,0,191,356
12/09/2002,HFD,CT,ANE,EN,Federal Contract Tower,0,12,15,0,27,0,5,129,0,134,0,17,144,0,161,94,0,94,255
12/10/2002,HFD,CT,ANE,EN,Federal Contract Tower,0,6,20,1,27,0,3,183,0,186,0,9,203,1,213,100,0,100,313
12/11/2002,HFD,CT,ANE,EN,Federal Contract Tower,0,6,11,0,17,0,0,78,0,78,0,6,89,0,95,62,0,62,157
12/12/2002,HFD,CT,ANE,EN,Federal Contract Tower,0,12,25,0,37,0,3,126,0,129,0,15,151,0,166,90,0,90,256
12/13/2002,HFD,CT,ANE,EN,Federal Contract Tower,0,1,32,1,34,0,5,108,0,113,0,6,140,1,147,116,0,116,263
12/14/2002,HFD,CT,ANE,EN,Federal Contract Tower,0,1,6,0,7,0,0,2,0,2,0,1,8,0,9,10,0,10,19
12/15/2002,HFD,CT,ANE,EN,Federal Contract Tower,0,0,6,0,6,0,0,74,0,74,0,0,80,0,80,60,0,60,140
12/16/2002,HFD,CT,ANE,EN,Federal Contract Tower,0,8,8,0,16,0,0,21,0,21,0,8,29,0,37,28,0,28,65
12/17/2002,HFD,CT,ANE,EN,Federal Contract Tower,0,10,13,0,23,0,9,145,0,154,0,19,158,0,177,96,0,96,273
12/18/2002,HFD,CT,ANE,EN,Federal Contract Tower,0,8,16,0,24,0,5,208,0,213,0,13,224,0,237,136,0,136,373
12/19/2002,HFD,CT,ANE,EN,Federal Contract Tower,0,10,10,0,20,0,3,193,0,196,0,13,203,0,216,98,0,98,314
12/20/2002,HFD,CT,ANE,EN,Federal Contract Tower,0,8,3,0,11,0,2,9,0,11,0,10,12,0,22,0,0,0,22
12/21/2002,HFD,CT,ANE,EN,Federal Contract Tower,0,2,8,0,10,0,0,120,0,120,0,2,128,0,130,84,0,84,214
12/22/2002,HFD,CT,ANE,EN,Federal Contract Tower,0,0,8,0,8,0,0,131,0,131,0,0,139,0,139,112,0,112,251
12/23/2002,HFD,CT,ANE,EN,Federal Contract Tower,0,4,4,0,8,0,2,114,0,116,0,6,118,0,124,102,0,102,226
12/24/2002,HFD,CT,ANE,EN,Federal Contract Tower,0,8,3,0,11,0,6,114,0,120,0,14,117,0,131,114,0,114,245
12/25/2002,HFD,CT,ANE,EN,Federal Contract Tower,0,0,1,0,1,0,0,2,0,2,0,0,3,0,3,0,0,0,3
12/26/2002,HFD,CT,ANE,EN,Federal Contract Tower,0,2,2,0,4,0,2,13,0,15,0,4,15,0,19,12,0,12,31
12/27/2002,HFD,CT,ANE,EN,Federal Contract Tower,0,0,11,0,11,0,8,134,0,142,0,8,145,0,153,86,0,86,239
12/28/2002,HFD,CT,ANE,EN,Federal Contract Tower,0,2,7,0,9,0,0,166,0,166,0,2,173,0,175,110,0,110,285
12/29/2002,HFD,CT,ANE,EN,Federal Contract Tower,0,0,12,0,12,0,0,112,0,112,0,0,124,0,124,98,0,98,222
12/30/2002,HFD,CT,ANE,EN,Federal Contract Tower,0,4,7,0,11,0,0,139,2,141,0,4,146,2,152,104,0,104,256
12/31/2002,HFD,CT,ANE,EN,Federal Contract Tower,0,4,0,0,4,0,0,0,0,0,0,4,0,0,4,0,0,0,4
01/01/2003,HFD,CT,ANE,EN,Federal Contract Tower,0,0,6,0,6,0,0,18,0,18,0,0,24,0,24,6,0,6,30
01/02/2003,HFD,CT,ANE,EN,Federal Contract Tower,0,2,3,0,5,0,0,28,0,28,0,2,31,0,33,2,0,2,35
01/03/2003,HFD,CT,ANE,EN,Federal Contract Tower,0,2,0,0,2,0,0,0,0,0,0,2,0,0,2,0,0,0,2
01/04/2003,HFD,CT,ANE,EN,Federal Contract Tower,0,0,2,0,2,0,2,7,0,9,0,2,9,0,11,0,0,0,11
01/05/2003,HFD,CT,ANE,EN,Federal Contract Tower,0,0,7,0,7,0,0,67,0,67,0,0,74,0,74,52,0,52,126
01/06/2003,HFD,CT,ANE,EN,Federal Contract Tower,0,7,9,0,16,0,0,0,0,0,0,7,9,0,16,0,0,0,16
01/07/2003,HFD,CT,ANE,EN,Federal Contract Tower,0,4,16,0,20,0,7,76,0,83,0,11,92,0,103,28,0,28,131
01/08/2003,HFD,CT,ANE,EN,Federal Contract Tower,0,10,14,0,24,0,3,64,0,67,0,13,78,0,91,30,0,30,121
01/09/2003,HFD,CT,ANE,EN,Federal Contract Tower,0,9,7,0,16,0,4,90,0,94,0,13,97,0,110,52,0,52,162
01/10/2003,HFD,CT,ANE,EN,Federal Contract Tower,0,2,8,3,13,0,4,136,0,140,0,6,144,3,153,70,0,70,223
01/11/2003,HFD,CT,ANE,EN,Federal Contract Tower,0,0,4,0,4,0,0,119,0,119,0,0,123,0,123,50,0,50,173
01/12/2003,HFD,CT,ANE,EN,Federal Contract Tower,0,0,7,0,7,0,0,86,0,86,0,0,93,0,93,68,0,68,161
01/13/2003,HFD,CT,ANE,EN,Federal Contract Tower,0,3,2,0,5,0,7,138,6,151,0,10,140,6,156,94,0,94,250
01/14/2003,HFD,CT,ANE,EN,Federal Contract Tower,0,3,12,0,15,0,4,129,0,133,0,7,141,0,148,76,0,76,224
01/15/2003,HFD,CT,ANE,EN,Federal Contract Tower,0,4,4,0,8,0,10,111,0,121,0,14,115,0,129,102,0,102,231
01/16/2003,HFD,CT,ANE,EN,Federal Contract Tower,0,5,10,0,15,0,6,145,0,151,0,11,155,0,166,154,0,154,320
01/17/2003,HFD,CT,ANE,EN,Federal Contract Tower,0,1,5,0,6,0,1,94,0,95,0,2,99,0,101,46,0,46,147
01/18/2003,HFD,CT,ANE,EN,Federal Contract Tower,0,0,9,0,9,0,0,278,0,278,0,0,287,0,287,130,0,130,417
01/19/2003,HFD,CT,ANE,EN,Federal Contract Tower,0,2,6,0,8,0,0,108,0,108,0,2,114,0,116,138,0,138,254
01/20/2003,HFD,CT,ANE,EN,Federal Contract Tower,0,2,5,0,7,0,4,50,0,54,0,6,55,0,61,22,0,22,83
01/21/2003,HFD,CT,ANE,EN,Federal Contract Tower,0,3,11,0,14,0,7,101,0,108,0,10,112,0,122,98,0,98,220
01/22/2003,HFD,CT,ANE,EN,Federal Contract Tower,0,5,5,0,10,0,6,64,0,70,0,11,69,0,80,58,0,58,138
01/23/2003,HFD,CT,ANE,EN,Federal Contract Tower,0,4,7,0,11,0,5,115,0,120,0,9,122,0,131,88,0,88,219
01/24/2003,HFD,CT,ANE,EN,Federal Contract Tower,0,0,6,0,6,0,8,81,0,89,0,8,87,0,95,76,0,76,171
01/25/2003,HFD,CT,ANE,EN,Federal Contract Tower,0,0,9,0,9,0,0,195,0,195,0,0,204,0,204,118,0,118,322
01/26/2003,HFD,CT,ANE,EN,Federal Contract Tower,0,0,1,0,1,0,0,80,0,80,0,0,81,0,81,114,0,114,195
01/27/2003,HFD,CT,ANE,EN,Federal Contract Tower,0,4,2,2,8,0,8,76,2,86,0,12,78,4,94,52,0,52,146
01/28/2003,HFD,CT,ANE,EN,Federal Contract Tower,0,6,4,0,10,0,6,152,0,158,0,12,156,0,168,106,0,106,274
01/29/2003,HFD,CT,ANE,EN,Federal Contract Tower,0,6,8,0,14,0,1,21,0,22,0,7,29,0,36,8,0,8,44
01/30/2003,HFD,CT,ANE,EN,Federal Contract Tower,0,9,17,0,26,0,6,179,0,185,0,15,196,0,211,102,0,102,313
01/31/2003,HFD,CT,ANE,EN,Federal Contract Tower,0,10,3,0,13,0,0,103,0,103,0,10,106,0,116,164,0,164,280
02/01/2003,HFD,CT,ANE,EN,Federal Contract Tower,0,0,0,0,0,2,4,0,0,6,2,4,0,0,6,0,0,0,6
02/02/2003,HFD,CT,ANE,EN,Federal Contract Tower,0,1,5,0,6,0,1,33,0,34,0,2,38,0,40,12,0,12,52
02/03/2003,HFD,CT,ANE,EN,Federal Contract Tower,0,5,8,0,13,0,5,158,0,163,0,10,166,0,176,122,0,122,298
02/04/2003,HFD,CT,ANE,EN,Federal Contract Tower,0,5,6,0,11,0,5,0,0,5,0,10,6,0,16,0,0,0,16
02/05/2003,HFD,CT,ANE,EN,Federal Contract Tower,0,7,5,0,12,0,5,107,2,114,0,12,112,2,126,66,0,66,192
02/06/2003,HFD,CT,ANE,EN,Federal Contract Tower,0,13,24,0,37,0,1,216,1,218,0,14,240,1,255,208,0,208,463
02/07/2003,HFD,CT,ANE,EN,Federal Contract Tower,0,1,0,0,1,0,1,6,0,7,0,2,6,0,8,0,0,0,8
02/08/2003,HFD,CT,ANE,EN,Federal Contract Tower,0,0,19,0,19,0,0,156,4,160,0,0,175,4,179,100,0,100,279
02/09/2003,HFD,CT,ANE,EN,Federal Contract Tower,0,0,4,0,4,0,2,183,2,187,0,2,187,2,191,94,0,94,285
02/10/2003,HFD,CT,ANE,EN,Federal Contract Tower,0,7,5,0,12,0,1,36,0,37,0,8,41,0,49,12,0,12,61
02/11/2003,HFD,CT,ANE,EN,Federal Contract Tower,0,5,12,0,17,0,5,96,0,101,0,10,108,0,118,82,0,82,200
02/12/2003,HFD,CT,ANE,EN,Federal Contract Tower,0,6,6,0,12,0,4,26,0,30,0,10,32,0,42,4,0,4,46
02/13/2003,HFD,CT,ANE,EN,Federal Contract Tower,0,2,1,0,3,0,2,109,0,111,0,4,110,0,114,52,0,52,166
02/14/2003,HFD,CT,ANE,EN,Federal Contract Tower,0,2,7,1,10,0,11,105,0,116,0,13,112,1,126,88,0,88,214
02/15/2003,HFD,CT,ANE,EN,Federal Contract Tower,0,0,7,0,7,0,2,135,0,137,0,2,142,0,144,104,0,104,248
02/16/2003,HFD,CT,ANE,EN,Federal Contract Tower,0,0,3,0,3,0,0,44,0,44,0,0,47,0,47,36,0,36,83
02/17/2003,HFD,CT,ANE,EN,Federal Contract Tower,0,0,1,0,1,0,0,0,0,0,0,0,1,0,1,0,0,0,1
02/18/2003,HFD,CT,ANE,EN,Federal Contract Tower,0,2,2,0,4,0,2,9,0,11,0,4,11,0,15,2,0,2,17
02/19/2003,HFD,CT,ANE,EN,Federal Contract Tower,0,10,3,0,13,0,1,129,0,130,0,11,132,0,143,44,0,44,187
02/20/2003,HFD,CT,ANE,EN,Federal Contract Tower,0,11,3,0,14,0,3,208,2,213,0,14,211,2,227,160,0,160,387
02/21/2003,HFD,CT,ANE,EN,Federal Contract Tower,0,0,9,0,9,0,4,264,2,270,0,4,273,2,279,172,2,174,453
02/22/2003,HFD,CT,ANE,EN,Federal Contract Tower,0,1,0,0,1,0,0,1,0,1,0,1,1,0,2,0,0,0,2
02/23/2003,HFD,CT,ANE,EN,Federal Contract Tower,0,0,2,0,2,0,0,1,0,1,0,0,3,0,3,0,0,0,3
02/24/2003,HFD,CT,ANE,EN,Federal Contract Tower,0,5,7,0,12,0,6,79,0,85,0,11,86,0,97,68,0,68,165
02/25/2003,HFD,CT,ANE,EN,Federal Contract Tower,0,11,7,0,18,0,8,96,0,104,0,19,103,0,122,84,0,84,206
02/26/2003,HFD,CT,ANE,EN,Federal Contract Tower,0,5,7,0,12,0,5,185,2,192,0,10,192,2,204,160,0,160,364
02/27/2003,HFD,CT,ANE,EN,Federal Contract Tower,0,6,6,0,12,0,7,177,18,202,0,13,183,18,214,118,0,118,332
02/28/2003,HFD,CT,ANE,EN,Federal Contract Tower,0,5,11,0,16,0,3,151,0,154,0,8,162,0,170,128,0,128,298
03/01/2003,HFD,CT,ANE,EN,Federal Contract Tower,0,0,4,0,4,0,0,193,0,193,0,0,197,0,197,160,0,160,357
03/02/2003,HFD,CT,ANE,EN,Federal Contract Tower,0,0,4,0,4,0,0,0,0,0,0,0,4,0,4,0,0,0,4
03/03/2003,HFD,CT,ANE,EN,Federal Contract Tower,0,3,6,0,9,0,4,50,0,54,0,7,56,0,63,118,0,118,181
03/04/2003,HFD,CT,ANE,EN,Federal Contract Tower,0,2,16,0,18,0,8,143,0,151,0,10,159,0,169,148,0,148,317
03/05/2003,HFD,CT,ANE,EN,Federal Contract Tower,0,9,4,0,13,0,2,0,0,2,0,11,4,0,15,0,0,0,15
03/06/2003,HFD,CT,ANE,EN,Federal Contract Tower,0,3,0,0,3,0,0,0,0,0,0,3,0,0,3,0,0,0,3
03/07/2003,HFD,CT,ANE,EN,Federal Contract Tower,0,0,7,0,7,0,8,158,0,166,0,8,165,0,173,124,0,124,297
03/08/2003,HFD,CT,ANE,EN,Federal Contract Tower,0,0,9,0,9,0,0,232,0,232,0,0,241,0,241,172,0,172,413
03/09/2003,HFD,CT,ANE,EN,Federal Contract Tower,0,0,6,0,6,0,0,46,0,46,0,0,52,0,52,42,0,42,94
03/10/2003,HFD,CT,ANE,EN,Federal Contract Tower,0,2,11,0,13,0,4,81,0,85,0,6,92,0,98,94,0,94,192
03/11/2003,HFD,CT,ANE,EN,Federal Contract Tower,0,7,13,0,20,0,11,125,0,136,0,18,138,0,156,72,0,72,228
03/12/2003,HFD,CT,ANE,EN,Federal Contract Tower,0,9,16,0,25,0,3,123,0,126,0,12,139,0,151,104,0,104,255
03/13/2003,HFD,CT,ANE,EN,Federal Contract Tower,0,9,3,0,12,0,0,12,0,12,0,9,15,0,24,0,0,0,24
03/14/2003,HFD,CT,ANE,EN,Federal Contract Tower,0,3,5,0,8,0,7,146,0,153,0,10,151,0,161,132,0,132,293
03/15/2003,HFD,CT,ANE,EN,Federal Contract Tower,0,0,3,0,3,0,0,160,0,160,0,0,163,0,163,166,0,166,329
03/16/2003,HFD,CT,ANE,EN,Federal Contract Tower,0,0,17,0,17,0,0,150,0,150,0,0,167,0,167,134,0,134,301
03/17/2003,HFD,CT,ANE,EN,Federal Contract Tower,0,2,15,0,17,0,6,128,0,134,0,8,143,0,151,112,0,112,263
03/18/2003,HFD,CT,ANE,EN,Federal Contract Tower,0,12,14,0,26,0,3,156,0,159,0,15,170,0,185,154,0,154,339
03/19/2003,HFD,CT,ANE,EN,Federal Contract Tower,0,17,16,0,33,0,5,188,0,193,0,22,204,0,226,152,0,152,378
03/20/2003,HFD,CT,ANE,EN,Federal Contract Tower,0,4,11,0,15,0,6,67,0,73,0,10,78,0,88,66,0,66,154
03/21/2003,HFD,CT,ANE,EN,Federal Contract Tower,0,2,24,1,27,0,0,26,0,26,0,2,50,1,53,10,0,10,63
03/22/2003,HFD,CT,ANE,EN,Federal Contract Tower,0,0,0,0,0,0,239,0,0,239,0,239,0,0,239,156,0,156,395
03/23/2003,HFD,CT,ANE,EN,Federal Contract Tower,0,4,14,0,18,0,0,110,0,110,0,4,124,0,128,132,0,132,260
03/24/2003,HFD,CT,ANE,EN,Federal Contract Tower,0,6,8,0,14,0,3,133,0,136,0,9,141,0,150,110,0,110,260
03/25/2003,HFD,CT,ANE,EN,Federal Contract Tower,0,8,26,0,34,0,5,139,0,144,0,13,165,0,178,146,0,146,324
03/26/2003,HFD,CT,ANE,EN,Federal Contract Tower,0,10,21,0,31,0,3,96,0,99,0,13,117,0,130,110,0,110,240
03/27/2003,HFD,CT,ANE,EN,Federal Contract Tower,0,2,30,0,32,0,7,192,0,199,0,9,222,0,231,126,0,126,357
03/28/2003,HFD,CT,ANE,EN,Federal Contract Tower,0,5,19,0,24,0,5,243,0,248,0,10,262,0,272,160,0,160,432
03/29/2003,HFD,CT,ANE,EN,Federal Contract Tower,0,1,16,0,17,0,0,63,4,67,0,1,79,4,84,54,0,54,138
03/30/2003,HFD,CT,ANE,EN,Federal Contract Tower,0,0,2,0,2,0,0,10,0,10,0,0,12,0,12,4,0,4,16
03/31/2003,HFD,CT,ANE,EN,Federal Contract Tower,0,9,15,0,24,0,0,73,0,73,0,9,88,0,97,20,0,20,117
04/01/2003,HFD,CT,ANE,EN,Federal Contract Tower,0,8,13,0,21,0,7,67,0,74,0,15,80,0,95,44,0,44,139
04/02/2003,HFD,CT,ANE,EN,Federal Contract Tower,0,10,31,0,41,0,4,136,2,142,0,14,167,2,183,146,0,146,329
04/03/2003,HFD,CT,ANE,EN,Federal Contract Tower,0,10,59,0,69,0,0,40,0,40,0,10,99,0,109,74,0,74,183
04/04/2003,HFD,CT,ANE,EN,Federal Contract Tower,0,6,5,0,11,0,0,5,0,5,0,6,10,0,16,6,0,6,22
04/05/2003,HFD,CT,ANE,EN,Federal Contract Tower,0,2,1,0,3,0,0,0,0,0,0,2,1,0,3,0,0,0,3
04/06/2003,HFD,CT,ANE,EN,Federal Contract Tower,0,3,10,0,13,0,0,83,8,91,0,3,93,8,104,72,2,74,178
04/07/2003,HFD,CT,ANE,EN,Federal Contract Tower,0,0,7,0,7,0,3,32,0,35,0,3,39,0,42,16,0,16,58
04/08/2003,HFD,CT,ANE,EN,Federal Contract Tower,0,7,7,0,14,0,0,25,0,25,0,7,32,0,39,56,0,56,95
04/09/2003,HFD,CT,ANE,EN,Federal Contract Tower,0,8,3,0,11,0,3,0,0,3,0,11,3,0,14,0,0,0,14
04/10/2003,HFD,CT,ANE,EN,Federal Contract Tower,0,3,22,0,25,0,10,173,0,183,0,13,195,0,208,144,0,144,352
04/11/2003,HFD,CT,ANE,EN,Federal Contract Tower,0,7,16,0,23,0,0,7,0,7,0,7,23,0,30,18,0,18,48
04/12/2003,HFD,CT,ANE,EN,Federal Contract Tower,0,2,18,0,20,0,0,84,0,84,0,2,102,0,104,66,0,66,170
04/13/2003,HFD,CT,ANE,EN,Federal Contract Tower,0,0,12,0,12,0,0,216,0,216,0,0,228,0,228,182,0,182,410
04/14/2003,HFD,CT,ANE,EN,Federal Contract Tower,0,6,9,1,16,0,8,150,3,161,0,14,159,4,177,138,0,138,315
04/15/2003,HFD,CT,ANE,EN,Federal Contract Tower,0,6,7,0,13,0,3,153,2,158,0,9,160,2,171,138,0,138,309
04/16/2003,HFD,CT,ANE,EN,Federal Contract Tower,0,8,5,0,13,0,4,141,0,145,0,12,146,0,158,132,0,132,290
04/17/2003,HFD,CT,ANE,EN,Federal Contract Tower,0,5,13,0,18,0,9,136,0,145,0,14,149,0,163,99,0,99,262
04/18/2003,HFD,CT,ANE,EN,Federal Contract Tower,0,9,13,0,22,0,6,197,0,203,0,15,210,0,225,170,0,170,395
04/19/2003,HFD,CT,ANE,EN,Federal Contract Tower,0,0,8,0,8,0,2,261,0,263,0,2,269,0,271,170,0,170,441
04/20/2003,HFD,CT,ANE,EN,Federal Contract Tower,0,0,3,0,3,0,0,141,0,141,0,0,144,0,144,90,0,90,234
04/21/2003,HFD,CT,ANE,EN,Federal Contract Tower,0,4,16,0,20,0,12,189,0,201,0,16,205,0,221,146,0,146,367
04/22/2003,HFD,CT,ANE,EN,Federal Contract Tower,0,9,20,0,29,0,2,2,0,4,0,11,22,0,33,2,0,2,35
04/23/2003,HFD,CT,ANE,EN,Federal Contract Tower,0,14,7,0,21,0,1,135,0,136,0,15,142,0,157,90,0,90,247
04/24/2003,HFD,CT,ANE,EN,Federal Contract Tower,0,11,15,0,26,0,1,129,0,130,0,12,144,0,156,70,0,70,226
04/25/2003,HFD,CT,ANE,EN,Federal Contract Tower,0,3,11,0,14,0,4,216,0,220,0,7,227,0,234,174,0,174,408
04/26/2003,HFD,CT,ANE,EN,Federal Contract Tower,0,2,9,0,11,0,0,0,0,0,0,2,9,0,11,0,0,0,11
04/27/2003,HFD,CT,ANE,EN,Federal Contract Tower,0,5,23,0,28,0,0,178,0,178,0,5,201,0,206,180,0,180,386
04/28/2003,HFD,CT,ANE,EN,Federal Contract Tower,0,3,5,0,8,0,5,183,2,190,0,8,188,2,198,126,4,130,328
04/29/2003,HFD,CT,ANE,EN,Federal Contract Tower,0,0,2,0,2,0,10,190,0,200,0,10,192,0,202,168,0,168,370
04/30/2003,HFD,CT,ANE,EN,Federal Contract Tower,0,4,15,0,19,0,7,210,0,217,0,11,225,0,236,170,0,170,406
05/01/2003,HFD,CT,ANE,EN,Federal Contract Tower,0,6,30,0,36,0,6,120,0,126,0,12,150,0,162,210,0,210,372
05/02/2003,HFD,CT,ANE,EN,Federal Contract Tower,0,8,19,0,27,0,11,111,0,122,0,19,130,0,149,134,0,134,283
05/03/2003,HFD,CT,ANE,EN,Federal Contract Tower,0,2,19,1,22,0,0,166,0,166,0,2,185,1,188,166,20,186,374
05/04/2003,HFD,CT,ANE,EN,Federal Contract Tower,0,1,18,0,19,0,0,193,0,193,0,1,211,0,212,146,0,146,358
05/05/2003,HFD,CT,ANE,EN,Federal Contract Tower,0,4,7,0,11,0,4,173,0,177,0,8,180,0,188,120,0,120,308
05/06/2003,HFD,CT,ANE,EN,Federal Contract Tower,0,5,27,0,32,0,8,24,0,32,0,13,51,0,64,14,0,14,78
05/07/2003,HFD,CT,ANE,EN,Federal Contract Tower,0,10,22,0,32,0,0,176,0,176,0,10,198,0,208,190,0,190,398
05/08/2003,HFD,CT,ANE,EN,Federal Contract Tower,0,12,38,0,50,0,2,13,0,15,0,14,51,0,65,8,0,8,73
05/09/2003,HFD,CT,ANE,EN,Federal Contract Tower,0,16,27,0,43,0,0,140,0,140,0,16,167,0,183,124,0,124,307
05/10/2003,HFD,CT,ANE,EN,Federal Contract Tower,0,0,0,0,0,0,246,0,0,246,0,246,0,0,246,170,0,170,416
05/11/2003,HFD,CT,ANE,EN,Federal Contract Tower,0,2,10,0,12,0,0,48,0,48,0,2,58,0,60,50,0,50,110
05/12/2003,HFD,CT,ANE,EN,Federal Contract Tower,0,4,40,0,44,0,2,44,0,46,0,6,84,0,90,12,0,12,102
05/13/2003,HFD,CT,ANE,EN,Federal Contract Tower,0,5,20,0,25,0,11,131,0,142,0,16,151,0,167,130,0,130,297
05/14/2003,HFD,CT,ANE,EN,Federal Contract Tower,0,3,22,0,25,0,6,202,0,208,0,9,224,0,233,138,0,138,371
05/15/2003,HFD,CT,ANE,EN,Federal Contract Tower,0,5,5,0,10,0,11,164,0,175,0,16,169,0,185,130,0,130,315
05/16/2003,HFD,CT,ANE,EN,Federal Contract Tower,0,10,12,0,22,0,0,129,0,129,0,10,141,0,151,84,0,84,235
05/17/2003,HFD,CT,ANE,EN,Federal Contract Tower,0,4,27,0,31,0,0,202,0,202,0,4,229,0,233,144,0,144,377
05/18/2003,HFD,CT,ANE,EN,Federal Contract Tower,0,8,10,0,18,0,0,215,0,215,0,8,225,0,233,152,0,152,385
05/19/2003,HFD,CT,ANE,EN,Federal Contract Tower,0,0,7,0,7,0,6,216,0,222,0,6,223,0,229,166,0,166,395
05/20/2003,HFD,CT,ANE,EN,Federal Contract Tower,0,1,15,0,16,0,7,225,0,232,0,8,240,0,248,176,0,176,424
05/21/2003,HFD,CT,ANE,EN,Federal Contract Tower,0,4,52,0,56,0,6,61,0,67,0,10,113,0,123,44,0,44,167
05/22/2003,HFD,CT,ANE,EN,Federal Contract Tower,0,9,56,0,65,0,0,0,0,0,0,9,56,0,65,0,0,0,65
05/23/2003,HFD,CT,ANE,EN,Federal Contract Tower,0,8,36,0,44,0,0,4,0,4,0,8,40,0,48,0,0,0,48
05/24/2003,HFD,CT,ANE,EN,Federal Contract Tower,0,2,3,0,5,0,0,6,0,6,0,2,9,0,11,12,0,12,23
05/25/2003,HFD,CT,ANE,EN,Federal Contract Tower,0,8,35,0,43,0,0,57,0,57,0,8,92,0,100,66,0,66,166
05/26/2003,HFD,CT,ANE,EN,Federal Contract Tower,0,0,10,0,10,0,0,0,0,0,0,0,10,0,10,0,0,0,10
05/27/2003,HFD,CT,ANE,EN,Federal Contract Tower,0,9,19,0,28,0,0,172,8,180,0,9,191,8,208,196,6,202,410
05/28/2003,HFD,CT,ANE,EN,Federal Contract Tower,0,15,24,0,39,0,0,52,0,52,0,15,76,0,91,34,0,34,125
05/29/2003,HFD,CT,ANE,EN,Federal Contract Tower,0,16,18,0,34,0,3,245,16,264,0,19,263,16,298,182,0,182,480
05/30/2003,HFD,CT,ANE,EN,Federal Contract Tower,0,10,13,0,23,0,5,212,0,217,0,15,225,0,240,172,2,174,414
05/31/2003,HFD,CT,ANE,EN,Federal Contract Tower,0,4,24,0,28,0,2,103,0,105,0,6,127,0,133,98,0,98,231
06/01/2003,HFD,CT,ANE,EN,Federal Contract Tower,0,0,10,0,10,0,0,3,0,3,0,0,13,0,13,0,0,0,13
06/02/2003,HFD,CT,ANE,EN,Federal Contract Tower,0,1,8,0,9,0,6,190,0,196,0,7,198,0,205,112,0,112,317
06/03/2003,HFD,CT,ANE,EN,Federal Contract Tower,0,12,15,0,27,0,1,238,3,242,0,13,253,3,269,202,0,202,471
06/04/2003,HFD,CT,ANE,EN,Federal Contract Tower,0,8,39,0,47,0,0,35,0,35,0,8,74,0,82,44,0,44,126
06/05/2003,HFD,CT,ANE,EN,Federal Contract Tower,0,16,48,1,65,0,0,15,0,15,0,16,63,1,80,4,0,4,84
06/06/2003,HFD,CT,ANE,EN,Federal Contract Tower,0,11,18,0,29,0,4,233,0,237,0,15,251,0,266,182,0,182,448
06/07/2003,HFD,CT,ANE,EN,Federal Contract Tower,0,2,34,0,36,0,0,20,0,20,0,2,54,0,56,0,0,0,56
06/08/2003,HFD,CT,ANE,EN,Federal Contract Tower,0,2,40,0,42,0,0,61,0,61,0,2,101,0,103,82,0,82,185
06/09/2003,HFD,CT,ANE,EN,Federal Contract Tower,0,9,27,0,36,0,6,108,4,118,0,15,135,4,154,84,4,88,242
06/10/2003,HFD,CT,ANE,EN,Federal Contract Tower,0,8,6,0,14,0,6,263,2,271,0,14,269,2,285,214,0,214,499
06/11/2003,HFD,CT,ANE,EN,Federal Contract Tower,0,9,23,0,32,0,3,64,0,67,0,12,87,0,99,44,0,44,143
06/12/2003,HFD,CT,ANE,EN,Federal Contract Tower,0,13,57,0,70,0,3,13,0,16,0,16,70,0,86,36,0,36,122
06/13/2003,HFD,CT,ANE,EN,Federal Contract Tower,0,7,43,0,50,0,0,3,0,3,0,7,46,0,53,0,0,0,53
06/14/2003,HFD,CT,ANE,EN,Federal Contract Tower,0,2,29,0,31,0,0,115,0,115,0,2,144,0,146,128,0,128,274
06/15/2003,HFD,CT,ANE,EN,Federal Contract Tower,0,0,7,0,7,0,0,218,0,218,0,0,225,0,225,140,0,140,365
06/16/2003,HFD,CT,ANE,EN,Federal Contract Tower,0,1,17,0,18,0,4,178,2,184,0,5,195,2,202,148,0,148,350
06/17/2003,HFD,CT,ANE,EN,Federal Contract Tower,0,10,9,0,19,0,3,224,2,229,0,13,233,2,248,212,0,212,460
06/18/2003,HFD,CT,ANE,EN,Federal Contract Tower,0,11,23,0,34,0,0,0,0,0,0,11,23,0,34,0,0,0,34
06/19/2003,HFD,CT,ANE,EN,Federal Contract Tower,0,13,34,0,47,0,0,88,1,89,0,13,122,1,136,98,0,98,234
06/20/2003,HFD,CT,ANE,EN,Federal Contract Tower,0,10,36,0,46,0,0,81,0,81,0,10,117,0,127,130,0,130,257
06/21/2003,HFD,CT,ANE,EN,Federal Contract Tower,0,5,26,0,31,0,2,73,0,75,0,7,99,0,106,88,0,88,194
06/22/2003,HFD,CT,ANE,EN,Federal Contract Tower,0,2,11,0,13,0,0,0,0,0,0,2,11,0,13,0,0,0,13
06/23/2003,HFD,CT,ANE,EN,Federal Contract Tower,0,1,15,0,16,0,5,154,0,159,0,6,169,0,175,160,0,160,335
06/24/2003,HFD,CT,ANE,EN,Federal Contract Tower,0,8,18,0,26,0,4,173,0,177,0,12,191,0,203,116,0,116,319
06/25/2003,HFD,CT,ANE,EN,Federal Contract Tower,0,3,10,0,13,0,5,211,0,216,0,8,221,0,229,180,0,180,409
06/26/2003,HFD,CT,ANE,EN,Federal Contract Tower,0,7,27,1,35,0,9,158,1,168,0,16,185,2,203,172,0,172,375
06/27/2003,HFD,CT,ANE,EN,Federal Contract Tower,0,5,28,0,33,0,3,107,2,112,0,8,135,2,145,74,0,74,219
06/28/2003,HFD,CT,ANE,EN,Federal Contract Tower,0,1,19,0,20,0,2,218,0,220,0,3,237,0,240,162,0,162,402
06/29/2003,HFD,CT,ANE,EN,Federal Contract Tower,0,1,10,0,11,0,0,165,0,165,0,1,175,0,176,136,0,136,312
06/30/2003,HFD,CT,ANE,EN,Federal Contract Tower,0,9,14,0,23,0,3,115,0,118,0,12,129,0,141,80,0,80,221
07/01/2003,HFD,CT,ANE,EN,Federal Contract Tower,0,3,7,0,10,0,6,175,4,185,0,9,182,4,195,112,0,112,307
07/02/2003,HFD,CT,ANE,EN,Federal Contract Tower,0,0,18,0,18,0,15,262,0,277,0,15,280,0,295,174,0,174,469
07/03/2003,HFD,CT,ANE,EN,Federal Contract Tower,0,3,29,0,32,0,5,184,0,189,0,8,213,0,221,162,0,162,383
07/04/2003,HFD,CT,ANE,EN,Federal Contract Tower,0,4,20,0,24,0,2,99,0,101,0,6,119,0,125,48,0,48,173
07/05/2003,HFD,CT,ANE,EN,Federal Contract Tower,0,4,10,0,14,0,0,129,0,129,0,4,139,0,143,80,0,80,223
07/06/2003,HFD,CT,ANE,EN,Federal Contract Tower,0,2,5,0,7,0,0,170,0,170,0,2,175,0,177,104,0,104,281
07/07/2003,HFD,CT,ANE,EN,Federal Contract Tower,0,3,6,0,9,0,2,137,2,141,0,5,143,2,150,82,0,82,232
07/08/2003,HFD,CT,ANE,EN,Federal Contract Tower,0,2,14,0,16,0,4,197,2,203,0,6,211,2,219,126,0,126,345
07/09/2003,HFD,CT,ANE,EN,Federal Contract Tower,0,12,6,0,18,0,2,139,4,145,0,14,145,4,163,88,0,88,251
07/10/2003,HFD,CT,ANE,EN,Federal Contract Tower,0,7,22,0,29,0,1,234,0,235,0,8,256,0,264,160,0,160,424
07/11/2003,HFD,CT,ANE,EN,Federal Contract Tower,0,14,38,0,52,0,0,0,0,0,0,14,38,0,52,0,0,0,52
07/12/2003,HFD,CT,ANE,EN,Federal Contract Tower,0,0,19,0,19,0,2,181,0,183,0,2,200,0,202,112,0,112,314
07/13/2003,HFD,CT,ANE,EN,Federal Contract Tower,0,2,15,0,17,0,1,207,0,208,0,3,222,0,225,122,0,122,347
07/14/2003,HFD,CT,ANE,EN,Federal Contract Tower,0,3,17,0,20,0,3,185,0,188,0,6,202,0,208,188,0,188,396
07/15/2003,HFD,CT,ANE,EN,Federal Contract Tower,0,10,41,0,51,0,0,193,0,193,0,10,234,0,244,160,0,160,404
07/16/2003,HFD,CT,ANE,EN,Federal Contract Tower,0,12,30,0,42,0,0,46,0,46,0,12,76,0,88,66,0,66,154
07/17/2003,HFD,CT,ANE,EN,Federal Contract Tower,0,1,22,0,23,0,9,293,0,302,0,10,315,0,325,201,0,201,526
07/18/2003,HFD,CT,ANE,EN,Federal Contract Tower,0,2,16,0,18,0,4,130,0,134,0,6,146,0,152,104,0,104,256
07/19/2003,HFD,CT,ANE,EN,Federal Contract Tower,0,2,13,0,15,0,1,270,0,271,0,3,283,0,286,144,0,144,430
07/20/2003,HFD,CT,ANE,EN,Federal Contract Tower,0,0,10,0,10,0,0,257,0,257,0,0,267,0,267,114,0,114,381
07/21/2003,HFD,CT,ANE,EN,Federal Contract Tower,0,12,37,0,49,0,1,18,0,19,0,13,55,0,68,10,0,10,78
07/22/2003,HFD,CT,ANE,EN,Federal Contract Tower,0,17,19,0,36,0,2,52,0,54,0,19,71,0,90,56,0,56,146
07/23/2003,HFD,CT,ANE,EN,Federal Contract Tower,0,9,21,0,30,0,1,35,0,36,0,10,56,0,66,82,0,82,148
07/24/2003,HFD,CT,ANE,EN,Federal Contract Tower,0,7,15,0,22,0,1,77,0,78,0,8,92,0,100,50,0,50,150
07/25/2003,HFD,CT,ANE,EN,Federal Contract Tower,0,5,18,0,23,0,3,278,0,281,0,8,296,0,304,126,0,126,430
07/26/2003,HFD,CT,ANE,EN,Federal Contract Tower,0,6,21,0,27,0,2,197,0,199,0,8,218,0,226,130,0,130,356
07/27/2003,HFD,CT,ANE,EN,Federal Contract Tower,0,6,14,0,20,0,1,100,0,101,0,7,114,0,121,74,0,74,195
07/28/2003,HFD,CT,ANE,EN,Federal Contract Tower,0,5,10,0,15,0,2,206,0,208,0,7,216,0,223,120,0,120,343
07/29/2003,HFD,CT,ANE,EN,Federal Contract Tower,0,5,20,0,25,0,1,201,0,202,0,6,221,0,227,188,0,188,415
07/30/2003,HFD,CT,ANE,EN,Federal Contract Tower,0,6,12,0,18,0,2,240,2,244,0,8,252,2,262,188,0,188,450
07/31/2003,HFD,CT,ANE,EN,Federal Contract Tower,0,7,18,0,25,0,3,196,0,199,0,10,214,0,224,152,0,152,376
08/01/2003,HFD,CT,ANE,EN,Federal Contract Tower,0,6,23,0,29,0,0,0,0,0,0,6,23,0,29,0,0,0,29
08/02/2003,HFD,CT,ANE,EN,Federal Contract Tower,0,1,29,0,30,0,0,27,0,27,0,1,56,0,57,4,0,4,61
08/03/2003,HFD,CT,ANE,EN,Federal Contract Tower,0,3,13,2,18,0,0,8,1,9,0,3,21,3,27,0,0,0,27
08/04/2003,HFD,CT,ANE,EN,Federal Contract Tower,0,5,36,0,41,0,0,11,2,13,0,5,47,2,54,56,0,56,110
08/05/2003,HFD,CT,ANE,EN,Federal Contract Tower,0,5,25,0,30,0,5,35,0,40,0,10,60,0,70,56,0,56,126
08/06/2003,HFD,CT,ANE,EN,Federal Contract Tower,0,7,24,0,31,0,3,75,0,78,0,10,99,0,109,138,0,138,247
08/07/2003,HFD,CT,ANE,EN,Federal Contract Tower,0,9,21,0,30,0,1,57,0,58,0,10,78,0,88,114,0,114,202
08/08/2003,HFD,CT,ANE,EN,Federal Contract Tower,0,6,48,0,54,0,0,0,0,0,0,6,48,0,54,0,0,0,54
08/09/2003,HFD,CT,ANE,EN,Federal Contract Tower,0,2,22,0,24,0,0,28,0,28,0,2,50,0,52,26,0,26,78
08/10/2003,HFD,CT,ANE,EN,Federal Contract Tower,0,0,28,0,28,0,0,60,0,60,0,0,88,0,88,78,0,78,166
08/11/2003,HFD,CT,ANE,EN,Federal Contract Tower,0,6,33,1,40,0,0,112,0,112,0,6,145,1,152,102,0,102,254
08/12/2003,HFD,CT,ANE,EN,Federal Contract Tower,0,13,43,0,56,0,0,109,2,111,0,13,152,2,167,162,8,170,337
08/13/2003,HFD,CT,ANE,EN,Federal Contract Tower,0,5,26,0,31,0,2,101,0,103,0,7,127,0,134,118,0,118,252
08/14/2003,HFD,CT,ANE,EN,Federal Contract Tower,0,4,24,0,28,0,2,212,0,214,0,6,236,0,242,152,0,152,394
08/15/2003,HFD,CT,ANE,EN,Federal Contract Tower,0,5,7,0,12,0,3,163,0,166,0,8,170,0,178,120,0,120,298
08/16/2003,HFD,CT,ANE,EN,Federal Contract Tower,0,2,7,0,9,0,0,87,0,87,0,2,94,0,96,52,0,52,148
08/17/2003,HFD,CT,ANE,EN,Federal Contract Tower,0,1,29,0,30,0,0,70,0,70,0,1,99,0,100,56,0,56,156
08/18/2003,HFD,CT,ANE,EN,Federal Contract Tower,0,12,35,0,47,0,1,189,0,190,0,13,224,0,237,140,0,140,377
08/19/2003,HFD,CT,ANE,EN,Federal Contract Tower,0,5,33,0,38,0,2,232,2,236,0,7,265,2,274,178,0,178,452
08/20/2003,HFD,CT,ANE,EN,Federal Contract Tower,0,4,16,0,20,0,2,260,0,262,0,6,276,0,282,208,0,208,490
08/21/2003,HFD,CT,ANE,EN,Federal Contract Tower,0,6,20,0,26,0,2,199,4,205,0,8,219,4,231,176,0,176,407
08/22/2003,HFD,CT,ANE,EN,Federal Contract Tower,0,8,35,0,43,0,1,49,0,50,0,9,84,0,93,32,0,32,125
08/23/2003,HFD,CT,ANE,EN,Federal Contract Tower,0,2,2,0,4,0,2,123,0,125,0,4,125,0,129,126,0,126,255
08/24/2003,HFD,CT,ANE,EN,Federal Contract Tower,0,1,8,0,9,0,0,255,0,255,0,1,263,0,264,132,0,132,396
08/25/2003,HFD,CT,ANE,EN,Federal Contract Tower,0,4,20,1,25,0,2,214,0,216,0,6,234,1,241,198,0,198,439
08/26/2003,HFD,CT,ANE,EN,Federal Contract Tower,0,4,14,0,18,0,5,193,0,198,0,9,207,0,216,166,0,166,382
08/27/2003,HFD,CT,ANE,EN,Federal Contract Tower,0,5,11,0,16,0,4,200,0,204,0,9,211,0,220,132,0,132,352
08/28/2003,HFD,CT,ANE,EN,Federal Contract Tower,0,3,5,0,8,0,6,218,2,226,0,9,223,2,234,184,0,184,418
08/29/2003,HFD,CT,ANE,EN,Federal Contract Tower,0,5,26,0,31,0,3,140,0,143,0,8,166,0,174,106,0,106,280
08/30/2003,HFD,CT,ANE,EN,Federal Contract Tower,0,2,13,0,15,0,0,128,0,128,0,2,141,0,143,114,0,114,257
08/31/2003,HFD,CT,ANE,EN,Federal Contract Tower,0,0,5,0,5,0,0,154,0,154,0,0,159,0,159,92,0,92,251
09/01/2003,HFD,CT,ANE,EN,Federal Contract Tower,0,4,37,0,41,0,0,35,0,35,0,4,72,0,76,18,0,18,94
09/02/2003,HFD,CT,ANE,EN,Federal Contract Tower,0,6,21,0,27,0,0,33,0,33,0,6,54,0,60,10,0,10,70
09/03/2003,HFD,CT,ANE,EN,Federal Contract Tower,0,12,59,0,71,0,0,106,3,109,0,12,165,3,180,94,2,96,276
09/04/2003,HFD,CT,ANE,EN,Federal Contract Tower,0,5,16,0,21,0,0,10,2,12,0,5,26,2,33,30,0,30,63
09/05/2003,HFD,CT,ANE,EN,Federal Contract Tower,0,4,12,0,16,0,3,162,0,165,0,7,174,0,181,162,0,162,343
09/06/2003,HFD,CT,ANE,EN,Federal Contract Tower,0,0,4,0,4,0,2,148,0,150,0,2,152,0,154,90,0,90,244
09/07/2003,HFD,CT,ANE,EN,Federal Contract Tower,0,6,7,0,13,0,0,159,0,159,0,6,166,0,172,108,0,108,280
09/08/2003,HFD,CT,ANE,EN,Federal Contract Tower,0,10,9,0,19,0,3,148,0,151,0,13,157,0,170,114,0,114,284
09/09/2003,HFD,CT,ANE,EN,Federal Contract Tower,0,7,24,0,31,0,2,176,0,178,0,9,200,0,209,124,0,124,333
09/10/2003,HFD,CT,ANE,EN,Federal Contract Tower,0,5,7,0,12,0,12,285,0,297,0,17,292,0,309,172,0,172,481
09/11/2003,HFD,CT,ANE,EN,Federal Contract Tower,0,4,10,0,14,0,3,131,1,135,0,7,141,1,149,110,0,110,259
09/12/2003,HFD,CT,ANE,EN,Federal Contract Tower,0,6,18,0,24,0,2,106,2,110,0,8,124,2,134,84,8,92,226
09/13/2003,HFD,CT,ANE,EN,Federal Contract Tower,0,4,58,0,62,0,0,29,0,29,0,4,87,0,91,8,0,8,99
09/14/2003,HFD,CT,ANE,EN,Federal Contract Tower,0,5,12,0,17,0,0,24,0,24,0,5,36,0,41,10,0,10,51
09/15/2003,HFD,CT,ANE,EN,Federal Contract Tower,0,6,36,0,42,0,0,56,0,56,0,6,92,0,98,38,0,38,136
09/16/2003,HFD,CT,ANE,EN,Federal Contract Tower,0,19,16,0,35,0,2,152,2,156,0,21,168,2,191,162,12,174,365
09/17/2003,HFD,CT,ANE,EN,Federal Contract Tower,0,4,12,0,16,0,5,245,0,250,0,9,257,0,266,202,0,202,468
09/18/2003,HFD,CT,ANE,EN,Federal Contract Tower,0,11,9,0,20,0,1,109,0,110,0,12,118,0,130,76,0,76,206
09/19/2003,HFD,CT,ANE,EN,Federal Contract Tower,0,6,13,0,19,0,0,3,2,5,0,6,16,2,24,0,0,0,24
09/20/2003,HFD,CT,ANE,EN,Federal Contract Tower,0,4,9,0,13,0,0,200,3,203,0,4,209,3,216,116,0,116,332
09/21/2003,HFD,CT,ANE,EN,Federal Contract Tower,0,0,3,0,3,0,8,213,4,225,0,8,216,4,228,98,0,98,326
09/22/2003,HFD,CT,ANE,EN,Federal Contract Tower,0,7,31,0,38,0,0,120,0,120,0,7,151,0,158,80,0,80,238
09/23/2003,HFD,CT,ANE,EN,Federal Contract Tower,0,14,16,0,30,0,0,21,0,21,0,14,37,0,51,20,0,20,71
09/24/2003,HFD,CT,ANE,EN,Federal Contract Tower,0,7,21,0,28,0,1,197,0,198,0,8,218,0,226,152,0,152,378
09/25/2003,HFD,CT,ANE,EN,Federal Contract Tower,0,10,21,0,31,0,8,239,2,249,0,18,260,2,280,148,0,148,428
09/26/2003,HFD,CT,ANE,EN,Federal Contract Tower,0,2,55,0,57,0,4,18,0,22,0,6,73,0,79,0,0,0,79
09/27/2003,HFD,CT,ANE,EN,Federal Contract Tower,0,4,24,0,28,0,0,72,0,72,0,4,96,0,100,44,0,44,144
09/28/2003,HFD,CT,ANE,EN,Federal Contract Tower,0,1,8,0,9,0,0,2,2,4,0,1,10,2,13,0,0,0,13
09/29/2003,HFD,CT,ANE,EN,Federal Contract Tower,0,11,12,0,23,0,2,159,0,161,0,13,171,0,184,132,0,132,316
09/30/2003,HFD,CT,ANE,EN,Federal Contract Tower,0,7,9,0,16,0,4,201,0,205,0,11,210,0,221,186,0,186,407
10/01/2003,HFD,CT,ANE,EN,Federal Contract Tower,0,5,12,0,17,0,8,127,2,137,0,13,139,2,154,88,0,88,242
10/02/2003,HFD,CT,ANE,EN,Federal Contract Tower,0,8,16,0,24,0,4,161,0,165,0,12,177,0,189,102,0,102,291
10/03/2003,HFD,CT,ANE,EN,Federal Contract Tower,0,5,9,0,14,0,5,261,0,266,0,10,270,0,280,238,0,238,518
10/04/2003,HFD,CT,ANE,EN,Federal Contract Tower,0,4,18,0,22,0,0,97,0,97,0,4,115,0,119,112,0,112,231
10/05/2003,HFD,CT,ANE,EN,Federal Contract Tower,0,5,8,0,13,0,0,143,0,143,0,5,151,0,156,112,0,112,268
10/06/2003,HFD,CT,ANE,EN,Federal Contract Tower,0,7,17,0,24,0,6,163,2,171,0,13,180,2,195,96,2,98,293
10/07/2003,HFD,CT,ANE,EN,Federal Contract Tower,0,12,31,0,43,0,5,150,0,155,0,17,181,0,198,162,0,162,360
10/08/2003,HFD,CT,ANE,EN,Federal Contract Tower,0,7,19,0,26,0,4,309,0,313,0,11,328,0,339,314,0,314,653
10/09/2003,HFD,CT,ANE,EN,Federal Contract Tower,0,8,21,0,29,0,2,194,0,196,0,10,215,0,225,128,0,128,353
10/10/2003,HFD,CT,ANE,EN,Federal Contract Tower,0,8,39,0,47,0,0,58,0,58,0,8,97,0,105,14,0,14,119
10/11/2003,HFD,CT,ANE,EN,Federal Contract Tower,0,2,14,0,16,0,0,190,0,190,0,2,204,0,206,126,0,126,332
10/12/2003,HFD,CT,ANE,EN,Federal Contract Tower,0,1,18,0,19,0,0,12,0,12,0,1,30,0,31,0,0,0,31
10/13/2003,HFD,CT,ANE,EN,Federal Contract Tower,0,2,8,0,10,0,4,137,0,141,0,6,145,0,151,132,0,132,283
10/14/2003,HFD,CT,ANE,EN,Federal Contract Tower,0,6,20,0,26,0,9,176,0,185,0,15,196,0,211,202,0,202,413
10/15/2003,HFD,CT,ANE,EN,Federal Contract Tower,0,4,12,0,16,0,11,17,0,28,0,15,29,0,44,0,0,0,44
10/16/2003,HFD,CT,ANE,EN,Federal Contract Tower,0,2,9,0,11,0,5,134,0,139,0,7,143,0,150,86,0,86,236
10/17/2003,HFD,CT,ANE,EN,Federal Contract Tower,0,7,22,0,29,0,5,210,0,215,0,12,232,0,244,248,0,248,492
10/18/2003,HFD,CT,ANE,EN,Federal Contract Tower,0,2,8,0,10,0,0,137,0,137,0,2,145,0,147,86,0,86,233
10/19/2003,HFD,CT,ANE,EN,Federal Contract Tower,0,0,12,0,12,0,0,27,0,27,0,0,39,0,39,42,0,42,81
10/20/2003,HFD,CT,ANE,EN,Federal Contract Tower,0,6,18,0,24,0,0,139,0,139,0,6,157,0,163,166,0,166,329
10/21/2003,HFD,CT,ANE,EN,Federal Contract Tower,0,3,10,0,13,0,7,44,0,51,0,10,54,0,64,94,0,94,158
10/22/2003,HFD,CT,ANE,EN,Federal Contract Tower,0,8,25,0,33,0,6,51,0,57,0,14,76,0,90,88,0,88,178
10/23/2003,HFD,CT,ANE,EN,Federal Contract Tower,0,3,10,0,13,0,5,91,0,96,0,8,101,0,109,96,0,96,205
10/24/2003,HFD,CT,ANE,EN,Federal Contract Tower,0,6,20,0,26,0,3,184,2,189,0,9,204,2,215,164,2,166,381
10/25/2003,HFD,CT,ANE,EN,Federal Contract Tower,0,0,12,0,12,0,0,200,0,200,0,0,212,0,212,142,0,142,354
10/26/2003,HFD,CT,ANE,EN,Federal Contract Tower,0,0,28,0,28,0,0,24,0,24,0,0,52,0,52,24,0,24,76
10/27/2003,HFD,CT,ANE,EN,Federal Contract Tower,0,3,12,0,15,0,1,2,0,3,0,4,14,0,18,22,0,22,40
10/28/2003,HFD,CT,ANE,EN,Federal Contract Tower,0,4,15,0,19,0,8,246,2,256,0,12,261,2,275,228,0,228,503
10/29/2003,HFD,CT,ANE,EN,Federal Contract Tower,0,7,21,0,28,0,5,70,0,75,0,12,91,0,103,70,0,70,173
10/30/2003,HFD,CT,ANE,EN,Federal Contract Tower,0,3,10,0,13,0,14,242,0,256,0,17,252,0,269,224,0,224,493
10/31/2003,HFD,CT,ANE,EN,Federal Contract Tower,0,3,10,0,13,0,2,170,1,173,0,5,180,1,186,136,0,136,322
11/01/2003,HFD,CT,ANE,EN,Federal Contract Tower,0,5,10,0,15,0,0,217,0,217,0,5,227,0,232,176,0,176,408
11/02/2003,HFD,CT,ANE,EN,Federal Contract Tower,0,2,12,0,14,0,0,178,0,178,0,2,190,0,192,114,0,114,306
11/03/2003,HFD,CT,ANE,EN,Federal Contract Tower,0,5,9,0,14,0,1,129,2,132,0,6,138,2,146,98,0,98,244
11/04/2003,HFD,CT,ANE,EN,Federal Contract Tower,0,13,30,0,43,0,0,0,0,0,0,13,30,0,43,0,0,0,43
11/05/2003,HFD,CT,ANE,EN,Federal Contract Tower,0,3,4,0,7,0,0,3,0,3,0,3,7,0,10,0,0,0,10
11/06/2003,HFD,CT,ANE,EN,Federal Contract Tower,0,12,28,0,40,0,0,93,0,93,0,12,121,0,133,44,0,44,177
11/07/2003,HFD,CT,ANE,EN,Federal Contract Tower,0,6,13,0,19,0,1,161,2,164,0,7,174,2,183,84,2,86,269
11/08/2003,HFD,CT,ANE,EN,Federal Contract Tower,0,2,7,0,9,0,0,144,0,144,0,2,151,0,153,90,0,90,243
11/09/2003,HFD,CT,ANE,EN,Federal Contract Tower,0,2,3,0,5,0,1,214,0,215,0,3,217,0,220,150,0,150,370
11/10/2003,HFD,CT,ANE,EN,Federal Contract Tower,0,4,7,0,11,0,3,190,0,193,0,7,197,0,204,144,0,144,348
11/11/2003,HFD,CT,ANE,EN,Federal Contract Tower,0,3,6,0,9,0,4,102,0,106,0,7,108,0,115,78,0,78,193
11/12/2003,HFD,CT,ANE,EN,Federal Contract Tower,0,6,26,0,32,0,0,8,0,8,0,6,34,0,40,0,0,0,40
11/13/2003,HFD,CT,ANE,EN,Federal Contract Tower,0,3,11,0,14,0,6,7,0,13,0,9,18,0,27,0,0,0,27
11/14/2003,HFD,CT,ANE,EN,Federal Contract Tower,0,2,6,0,8,0,6,21,0,27,0,8,27,0,35,0,0,0,35
11/15/2003,HFD,CT,ANE,EN,Federal Contract Tower,0,1,3,0,4,0,1,87,0,88,0,2,90,0,92,70,0,70,162
11/16/2003,HFD,CT,ANE,EN,Federal Contract Tower,0,0,9,0,9,0,0,229,0,229,0,0,238,0,238,156,0,156,394
11/17/2003,HFD,CT,ANE,EN,Federal Contract Tower,0,7,21,0,28,0,1,18,0,19,0,8,39,0,47,18,0,18,65
11/18/2003,HFD,CT,ANE,EN,Federal Contract Tower,0,7,22,0,29,0,5,182,0,187,0,12,204,0,216,192,0,192,408
11/19/2003,HFD,CT,ANE,EN,Federal Contract Tower,0,7,19,0,26,0,6,0,0,6,0,13,19,0,32,0,0,0,32
11/20/2003,HFD,CT,ANE,EN,Federal Contract Tower,0,2,8,0,10,0,8,22,0,30,0,10,30,0,40,8,0,8,48
11/21/2003,HFD,CT,ANE,EN,Federal Contract Tower,0,5,14,0,19,0,6,135,0,141,0,11,149,0,160,98,0,98,258
11/22/2003,HFD,CT,ANE,EN,Federal Contract Tower,0,1,4,0,5,0,1,286,6,293,0,2,290,6,298,178,0,178,476
11/23/2003,HFD,CT,ANE,EN,Federal Contract Tower,0,1,11,0,12,0,0,140,0,140,0,1,151,0,152,132,0,132,284
11/24/2003,HFD,CT,ANE,EN,Federal Contract Tower,0,5,16,0,21,0,3,112,0,115,0,8,128,0,136,116,0,116,252
11/25/2003,HFD,CT,ANE,EN,Federal Contract Tower,0,4,14,0,18,0,6,133,2,141,0,10,147,2,159,154,0,154,313
11/26/2003,HFD,CT,ANE,EN,Federal Contract Tower,0,6,18,0,24,0,5,229,0,234,0,11,247,0,258,140,0,140,398
11/27/2003,HFD,CT,ANE,EN,Federal Contract Tower,0,2,6,0,8,0,0,89,0,89,0,2,95,0,97,6,0,6,103
11/28/2003,HFD,CT,ANE,EN,Federal Contract Tower,0,2,8,0,10,0,0,1,0,1,0,2,9,0,11,0,0,0,11
11/29/2003,HFD,CT,ANE,EN,Federal Contract Tower,0,0,3,0,3,0,2,15,0,17,0,2,18,0,20,12,0,12,32
11/30/2003,HFD,CT,ANE,EN,Federal Contract Tower,0,2,14,0,16,0,0,133,0,133,0,2,147,0,149,140,0,140,289
12/01/2003,HFD,CT,ANE,EN,Federal Contract Tower,0,6,10,0,16,0,4,108,0,112,0,10,118,0,128,48,0,48,176
12/02/2003,HFD,CT,ANE,EN,Federal Contract Tower,0,7,10,0,17,0,5,101,8,114,0,12,111,8,131,53,0,53,184
12/03/2003,HFD,CT,ANE,EN,Federal Contract Tower,0,8,13,0,21,0,4,164,0,168,0,12,177,0,189,160,0,160,349
12/04/2003,HFD,CT,ANE,EN,Federal Contract Tower,0,5,10,0,15,0,7,162,0,169,0,12,172,0,184,132,0,132,316
12/05/2003,HFD,CT,ANE,EN,Federal Contract Tower,0,3,5,0,8,0,6,58,0,64,0,9,63,0,72,134,0,134,206
12/06/2003,HFD,CT,ANE,EN,Federal Contract Tower,0,0,0,0,0,0,0,0,0,0,0,0,0,0,0,0,0,0,0
12/07/2003,HFD,CT,ANE,EN,Federal Contract Tower,0,0,2,0,2,0,0,7,0,7,0,0,9,0,9,0,0,0,9
12/08/2003,HFD,CT,ANE,EN,Federal Contract Tower,0,5,9,0,14,0,2,112,0,114,0,7,121,0,128,86,0,86,214
12/09/2003,HFD,CT,ANE,EN,Federal Contract Tower,0,7,14,0,21,0,3,131,0,134,0,10,145,0,155,158,0,158,313
12/10/2003,HFD,CT,ANE,EN,Federal Contract Tower,0,11,26,1,38,0,0,137,3,140,0,11,163,4,178,196,0,196,374
12/11/2003,HFD,CT,ANE,EN,Federal Contract Tower,0,5,10,0,15,0,5,4,0,9,0,10,14,0,24,0,0,0,24
12/12/2003,HFD,CT,ANE,EN,Federal Contract Tower,0,2,6,0,8,0,4,103,0,107,0,6,109,0,115,80,0,80,195
12/13/2003,HFD,CT,ANE,EN,Federal Contract Tower,0,0,11,0,11,0,0,196,0,196,0,0,207,0,207,106,0,106,313
12/14/2003,HFD,CT,ANE,EN,Federal Contract Tower,0,0,0,0,0,0,0,15,0,15,0,0,15,0,15,18,0,18,33
12/15/2003,HFD,CT,ANE,EN,Federal Contract Tower,0,1,3,0,4,0,2,19,0,21,0,3,22,0,25,0,0,0,25
12/16/2003,HFD,CT,ANE,EN,Federal Contract Tower,0,9,21,0,30,0,6,187,0,193,0,15,208,0,223,180,0,180,403
12/17/2003,HFD,CT,ANE,EN,Federal Contract Tower,0,7,17,0,24,0,1,1,0,2,0,8,18,0,26,8,0,8,34
12/18/2003,HFD,CT,ANE,EN,Federal Contract Tower,0,5,12,0,17,0,10,85,0,95,0,15,97,0,112,30,0,30,142
12/19/2003,HFD,CT,ANE,EN,Federal Contract Tower,0,4,10,0,14,0,2,180,0,182,0,6,190,0,196,112,0,112,308
12/20/2003,HFD,CT,ANE,EN,Federal Contract Tower,0,2,9,0,11,0,0,175,0,175,0,2,184,0,186,128,0,128,314
12/21/2003,HFD,CT,ANE,EN,Federal Contract Tower,0,0,1,0,1,0,0,149,0,149,0,0,150,0,150,148,0,148,298
12/22/2003,HFD,CT,ANE,EN,Federal Contract Tower,0,5,11,0,16,0,6,135,4,145,0,11,146,4,161,140,0,140,301
12/23/2003,HFD,CT,ANE,EN,Federal Contract Tower,0,4,9,0,13,0,8,156,0,164,0,12,165,0,177,162,0,162,339
12/24/2003,HFD,CT,ANE,EN,Federal Contract Tower,0,1,1,0,2,0,3,0,0,3,0,4,1,0,5,0,0,0,5
12/25/2003,HFD,CT,ANE,EN,Federal Contract Tower,0,0,3,0,3,0,2,8,0,10,0,2,11,0,13,0,0,0,13
12/26/2003,HFD,CT,ANE,EN,Federal Contract Tower,0,1,7,0,8,0,0,102,0,102,0,1,109,0,110,90,0,90,200
12/27/2003,HFD,CT,ANE,EN,Federal Contract Tower,0,2,6,0,8,0,0,224,0,224,0,2,230,0,232,142,0,142,374
12/28/2003,HFD,CT,ANE,EN,Federal Contract Tower,0,0,3,0,3,0,0,240,2,242,0,0,243,2,245,158,0,158,403
12/29/2003,HFD,CT,ANE,EN,Federal Contract Tower,0,5,11,0,16,0,6,152,0,158,0,11,163,0,174,150,0,150,324
12/30/2003,HFD,CT,ANE,EN,Federal Contract Tower,0,5,12,0,17,0,6,55,0,61,0,11,67,0,78,38,0,38,116
12/31/2003,HFD,CT,ANE,EN,Federal Contract Tower,0,0,0,0,0,0,4,169,0,173,0,4,169,0,173,154,0,154,327
01/01/2004,HFD,CT,ANE,EN,Federal Contract Tower,0,0,4,0,4,0,0,114,0,114,0,0,118,0,118,38,0,38,156
01/02/2004,HFD,CT,ANE,EN,Federal Contract Tower,0,1,4,0,5,0,0,22,0,22,0,1,26,0,27,44,0,44,71
01/03/2004,HFD,CT,ANE,EN,Federal Contract Tower,0,1,9,0,10,0,0,6,2,8,0,1,15,2,18,4,0,4,22
01/04/2004,HFD,CT,ANE,EN,Federal Contract Tower,0,0,11,0,11,0,0,25,0,25,0,0,36,0,36,34,0,34,70
01/05/2004,HFD,CT,ANE,EN,Federal Contract Tower,0,3,1,0,4,0,4,0,0,4,0,7,1,0,8,0,0,0,8
01/06/2004,HFD,CT,ANE,EN,Federal Contract Tower,0,8,13,0,21,0,3,105,4,112,0,11,118,4,133,212,0,212,345
01/07/2004,HFD,CT,ANE,EN,Federal Contract Tower,0,5,7,0,12,0,6,80,0,86,0,11,87,0,98,58,0,58,156
01/08/2004,HFD,CT,ANE,EN,Federal Contract Tower,0,9,17,0,26,0,7,82,4,93,0,16,99,4,119,24,0,24,143
01/09/2004,HFD,CT,ANE,EN,Federal Contract Tower,0,0,3,0,3,0,6,82,0,88,0,6,85,0,91,74,0,74,165
01/10/2004,HFD,CT,ANE,EN,Federal Contract Tower,0,0,3,0,3,0,2,69,0,71,0,2,72,0,74,46,0,46,120
01/11/2004,HFD,CT,ANE,EN,Federal Contract Tower,0,0,2,0,2,0,0,118,0,118,0,0,120,0,120,70,0,70,190
01/12/2004,HFD,CT,ANE,EN,Federal Contract Tower,0,1,5,0,6,0,0,57,0,57,0,1,62,0,63,46,0,46,109
01/13/2004,HFD,CT,ANE,EN,Federal Contract Tower,0,5,8,0,13,0,6,99,0,105,0,11,107,0,118,102,0,102,220
01/14/2004,HFD,CT,ANE,EN,Federal Contract Tower,0,2,5,0,7,0,8,108,16,132,0,10,113,16,139,40,0,40,179
01/15/2004,HFD,CT,ANE,EN,Federal Contract Tower,0,1,3,0,4,0,0,36,0,36,0,1,39,0,40,8,0,8,48
01/16/2004,HFD,CT,ANE,EN,Federal Contract Tower,0,0,3,0,3,0,6,46,0,52,0,6,49,0,55,0,0,0,55
01/17/2004,HFD,CT,ANE,EN,Federal Contract Tower,0,1,4,0,5,0,1,136,0,137,0,2,140,0,142,70,0,70,212
01/18/2004,HFD,CT,ANE,EN,Federal Contract Tower,0,0,0,0,0,0,0,0,0,0,0,0,0,0,0,0,0,0,0
01/19/2004,HFD,CT,ANE,EN,Federal Contract Tower,0,4,8,0,12,0,1,48,0,49,0,5,56,0,61,16,0,16,77
01/20/2004,HFD,CT,ANE,EN,Federal Contract Tower,0,2,5,0,7,0,3,71,0,74,0,5,76,0,81,20,0,20,101
01/21/2004,HFD,CT,ANE,EN,Federal Contract Tower,0,6,14,0,20,0,5,193,2,200,0,11,207,2,220,118,0,118,338
01/22/2004,HFD,CT,ANE,EN,Federal Contract Tower,0,6,13,0,19,0,6,96,0,102,0,12,109,0,121,106,0,106,227
01/23/2004,HFD,CT,ANE,EN,Federal Contract Tower,0,4,8,0,12,0,2,87,1,90,0,6,95,1,102,76,0,76,178
01/24/2004,HFD,CT,ANE,EN,Federal Contract Tower,0,2,4,0,6,0,0,110,0,110,0,2,114,0,116,28,0,28,144
01/25/2004,HFD,CT,ANE,EN,Federal Contract Tower,0,0,3,0,3,0,0,72,0,72,0,0,75,0,75,74,0,74,149
01/26/2004,HFD,CT,ANE,EN,Federal Contract Tower,0,5,12,0,17,0,7,100,0,107,0,12,112,0,124,92,0,92,216
01/27/2004,HFD,CT,ANE,EN,Federal Contract Tower,0,4,9,0,13,0,10,55,2,67,0,14,64,2,80,134,0,134,214
01/28/2004,HFD,CT,ANE,EN,Federal Contract Tower,0,0,3,0,3,0,2,1,0,3,0,2,4,0,6,0,0,0,6
01/29/2004,HFD,CT,ANE,EN,Federal Contract Tower,0,5,12,0,17,0,7,51,2,60,0,12,63,2,77,48,2,50,127
01/30/2004,HFD,CT,ANE,EN,Federal Contract Tower,0,0,2,0,2,0,7,111,0,118,0,7,113,0,120,14,0,14,134
01/31/2004,HFD,CT,ANE,EN,Federal Contract Tower,0,1,4,0,5,0,1,134,2,137,0,2,138,2,142,124,0,124,266
02/01/2004,HFD,CT,ANE,EN,Federal Contract Tower,0,0,4,0,4,0,0,189,0,189,0,0,193,0,193,120,0,120,313
02/02/2004,HFD,CT,ANE,EN,Federal Contract Tower,0,2,9,0,11,0,0,143,2,145,0,2,152,2,156,102,2,104,260
02/03/2004,HFD,CT,ANE,EN,Federal Contract Tower,0,8,12,0,20,0,2,44,0,46,0,10,56,0,66,62,0,62,128
02/04/2004,HFD,CT,ANE,EN,Federal Contract Tower,0,5,7,0,12,0,8,108,0,116,0,13,115,0,128,18,0,18,146
02/05/2004,HFD,CT,ANE,EN,Federal Contract Tower,0,9,15,0,24,0,5,195,0,200,0,14,210,0,224,82,0,82,306
02/06/2004,HFD,CT,ANE,EN,Federal Contract Tower,0,2,1,0,3,0,2,0,0,2,0,4,1,0,5,0,0,0,5
02/07/2004,HFD,CT,ANE,EN,Federal Contract Tower,0,0,3,0,3,0,2,32,0,34,0,2,35,0,37,68,0,68,105
02/08/2004,HFD,CT,ANE,EN,Federal Contract Tower,0,1,2,0,3,0,0,69,0,69,0,1,71,0,72,62,0,62,134
02/09/2004,HFD,CT,ANE,EN,Federal Contract Tower,0,6,11,0,17,0,2,101,0,103,0,8,112,0,120,28,0,28,148
02/10/2004,HFD,CT,ANE,EN,Federal Contract Tower,0,7,14,0,21,0,2,153,4,159,0,9,167,4,180,158,0,158,338
02/11/2004,HFD,CT,ANE,EN,Federal Contract Tower,0,7,14,0,21,0,1,193,0,194,0,8,207,0,215,140,0,140,355
02/12/2004,HFD,CT,ANE,EN,Federal Contract Tower,0,6,11,0,17,0,0,160,0,160,0,6,171,0,177,114,0,114,291
02/13/2004,HFD,CT,ANE,EN,Federal Contract Tower,0,7,13,0,20,0,5,140,0,145,0,12,153,0,165,90,0,90,255
02/14/2004,HFD,CT,ANE,EN,Federal Contract Tower,0,4,7,0,11,0,1,183,0,184,0,5,190,0,195,124,0,124,319
02/15/2004,HFD,CT,ANE,EN,Federal Contract Tower,0,2,7,0,9,0,0,51,0,51,0,2,58,0,60,34,0,34,94
02/16/2004,HFD,CT,ANE,EN,Federal Contract Tower,0,0,4,0,4,0,0,138,0,138,0,0,142,0,142,66,0,66,208
02/17/2004,HFD,CT,ANE,EN,Federal Contract Tower,0,4,11,0,15,0,5,159,0,164,0,9,170,0,179,168,0,168,347
02/18/2004,HFD,CT,ANE,EN,Federal Contract Tower,0,6,14,0,20,0,8,166,0,174,0,14,180,0,194,140,0,140,334
02/19/2004,HFD,CT,ANE,EN,Federal Contract Tower,0,3,7,0,10,0,4,108,0,112,0,7,115,0,122,72,0,72,194
02/20/2004,HFD,CT,ANE,EN,Federal Contract Tower,0,2,7,0,9,0,2,144,0,146,0,4,151,0,155,186,0,186,341
02/21/2004,HFD,CT,ANE,EN,Federal Contract Tower,0,2,5,0,7,0,0,24,0,24,0,2,29,0,31,60,0,60,91
02/22/2004,HFD,CT,ANE,EN,Federal Contract Tower,0,1,9,0,10,0,0,90,3,93,0,1,99,3,103,76,0,76,179
02/23/2004,HFD,CT,ANE,EN,Federal Contract Tower,0,4,10,0,14,0,1,150,0,151,0,5,160,0,165,84,0,84,249
02/24/2004,HFD,CT,ANE,EN,Federal Contract Tower,0,9,19,0,28,0,6,155,2,163,0,15,174,2,191,154,0,154,345
02/25/2004,HFD,CT,ANE,EN,Federal Contract Tower,0,4,9,0,13,0,5,202,0,207,0,9,211,0,220,102,0,102,322
02/26/2004,HFD,CT,ANE,EN,Federal Contract Tower,0,9,20,0,29,0,9,219,0,228,0,18,239,0,257,172,0,172,429
02/27/2004,HFD,CT,ANE,EN,Federal Contract Tower,0,4,9,0,13,0,6,167,0,173,0,10,176,0,186,112,0,112,298
02/28/2004,HFD,CT,ANE,EN,Federal Contract Tower,0,2,7,0,9,0,0,203,0,203,0,2,210,0,212,134,0,134,346
02/29/2004,HFD,CT,ANE,EN,Federal Contract Tower,0,1,8,0,9,0,0,201,0,201,0,1,209,0,210,166,0,166,376
03/01/2004,HFD,CT,ANE,EN,Federal Contract Tower,0,6,14,0,20,0,4,163,2,169,0,10,177,2,189,112,6,118,307
03/02/2004,HFD,CT,ANE,EN,Federal Contract Tower,0,6,15,0,21,0,7,74,0,81,0,13,89,0,102,36,0,36,138
03/03/2004,HFD,CT,ANE,EN,Federal Contract Tower,0,5,14,0,19,0,8,117,0,125,0,13,131,0,144,62,0,62,206
03/04/2004,HFD,CT,ANE,EN,Federal Contract Tower,0,9,26,0,35,0,3,37,0,40,0,12,63,0,75,48,0,48,123
03/05/2004,HFD,CT,ANE,EN,Federal Contract Tower,0,3,17,0,20,0,0,6,0,6,0,3,23,0,26,14,0,14,40
03/06/2004,HFD,CT,ANE,EN,Federal Contract Tower,0,2,14,0,16,0,0,27,0,27,0,2,41,0,43,34,0,34,77
03/07/2004,HFD,CT,ANE,EN,Federal Contract Tower,0,1,9,0,10,0,0,169,2,171,0,1,178,2,181,88,0,88,269
03/08/2004,HFD,CT,ANE,EN,Federal Contract Tower,0,2,3,0,5,0,0,1,0,1,0,2,4,0,6,0,0,0,6
03/09/2004,HFD,CT,ANE,EN,Federal Contract Tower,0,4,12,0,16,0,6,8,0,14,0,10,20,0,30,0,0,0,30
03/10/2004,HFD,CT,ANE,EN,Federal Contract Tower,0,4,13,0,17,0,2,114,0,116,0,6,127,0,133,156,0,156,289
03/11/2004,HFD,CT,ANE,EN,Federal Contract Tower,0,3,9,0,12,0,6,157,0,163,0,9,166,0,175,100,0,100,275
03/12/2004,HFD,CT,ANE,EN,Federal Contract Tower,0,2,7,0,9,0,5,20,0,25,0,7,27,0,34,10,0,10,44
03/13/2004,HFD,CT,ANE,EN,Federal Contract Tower,0,2,6,0,8,0,0,75,0,75,0,2,81,0,83,66,0,66,149
03/14/2004,HFD,CT,ANE,EN,Federal Contract Tower,0,1,6,0,7,0,0,152,0,152,0,1,158,0,159,124,0,124,283
03/15/2004,HFD,CT,ANE,EN,Federal Contract Tower,0,2,9,0,11,0,1,73,0,74,0,3,82,0,85,30,0,30,115
03/16/2004,HFD,CT,ANE,EN,Federal Contract Tower,0,1,6,0,7,0,4,39,0,43,0,5,45,0,50,54,0,54,104
03/17/2004,HFD,CT,ANE,EN,Federal Contract Tower,0,2,6,0,8,0,0,12,0,12,0,2,18,0,20,0,0,0,20
03/18/2004,HFD,CT,ANE,EN,Federal Contract Tower,0,4,12,0,16,0,2,21,0,23,0,6,33,0,39,14,0,14,53
03/19/2004,HFD,CT,ANE,EN,Federal Contract Tower,0,3,11,0,14,0,0,30,0,30,0,3,41,0,44,34,0,34,78
03/20/2004,HFD,CT,ANE,EN,Federal Contract Tower,0,2,8,0,10,0,0,137,0,137,0,2,145,0,147,156,0,156,303
03/21/2004,HFD,CT,ANE,EN,Federal Contract Tower,0,0,6,0,6,0,0,51,2,53,0,0,57,2,59,38,0,38,97
03/22/2004,HFD,CT,ANE,EN,Federal Contract Tower,0,6,20,0,26,0,4,102,0,106,0,10,122,0,132,54,0,54,186
03/23/2004,HFD,CT,ANE,EN,Federal Contract Tower,0,5,15,0,20,0,3,195,0,198,0,8,210,0,218,154,0,154,372
03/24/2004,HFD,CT,ANE,EN,Federal Contract Tower,0,5,16,0,21,0,3,201,0,204,0,8,217,0,225,196,0,196,421
03/25/2004,HFD,CT,ANE,EN,Federal Contract Tower,0,6,20,0,26,0,3,112,0,115,0,9,132,0,141,124,0,124,265
03/26/2004,HFD,CT,ANE,EN,Federal Contract Tower,0,1,5,0,6,0,3,142,0,145,0,4,147,0,151,80,0,80,231
03/27/2004,HFD,CT,ANE,EN,Federal Contract Tower,0,4,26,0,30,0,0,90,0,90,0,4,116,0,120,96,0,96,216
03/28/2004,HFD,CT,ANE,EN,Federal Contract Tower,0,2,19,0,21,0,0,133,0,133,0,2,152,0,154,84,0,84,238
03/29/2004,HFD,CT,ANE,EN,Federal Contract Tower,0,0,0,0,0,0,7,159,0,166,0,7,159,0,166,136,0,136,302
03/30/2004,HFD,CT,ANE,EN,Federal Contract Tower,0,0,0,0,0,0,12,149,0,161,0,12,149,0,161,204,0,204,365
03/31/2004,HFD,CT,ANE,EN,Federal Contract Tower,0,0,0,0,0,0,6,37,0,43,0,6,37,0,43,0,0,0,43
04/01/2004,HFD,CT,ANE,EN,Federal Contract Tower,0,8,20,0,28,0,1,1,0,2,0,9,21,0,30,0,0,0,30
04/02/2004,HFD,CT,ANE,EN,Federal Contract Tower,0,7,15,0,22,0,3,40,0,43,0,10,55,0,65,44,0,44,109
04/03/2004,HFD,CT,ANE,EN,Federal Contract Tower,0,0,26,0,26,0,0,90,0,90,0,0,116,0,116,162,0,162,278
04/04/2004,HFD,CT,ANE,EN,Federal Contract Tower,0,1,20,0,21,0,0,35,0,35,0,1,55,0,56,40,0,40,96
04/05/2004,HFD,CT,ANE,EN,Federal Contract Tower,0,4,9,0,13,0,2,78,0,80,0,6,87,0,93,46,0,46,139
04/06/2004,HFD,CT,ANE,EN,Federal Contract Tower,0,5,10,0,15,0,3,114,0,117,0,8,124,0,132,58,4,62,194
04/07/2004,HFD,CT,ANE,EN,Federal Contract Tower,0,5,13,0,18,0,4,187,0,191,0,9,200,0,209,162,0,162,371
04/08/2004,HFD,CT,ANE,EN,Federal Contract Tower,0,9,21,0,30,0,1,194,2,197,0,10,215,2,227,232,0,232,459
04/09/2004,HFD,CT,ANE,EN,Federal Contract Tower,0,7,15,0,22,0,0,153,0,153,0,7,168,0,175,144,0,144,319
04/10/2004,HFD,CT,ANE,EN,Federal Contract Tower,0,2,10,0,12,0,0,196,0,196,0,2,206,0,208,186,0,186,394
04/11/2004,HFD,CT,ANE,EN,Federal Contract Tower,0,3,9,0,12,0,0,147,0,147,0,3,156,0,159,94,0,94,253
04/12/2004,HFD,CT,ANE,EN,Federal Contract Tower,0,4,12,0,16,0,2,145,0,147,0,6,157,0,163,138,8,146,309
04/13/2004,HFD,CT,ANE,EN,Federal Contract Tower,0,6,17,0,23,0,2,0,0,2,0,8,17,0,25,2,0,2,27
04/14/2004,HFD,CT,ANE,EN,Federal Contract Tower,0,10,32,0,42,0,0,12,0,12,0,10,44,0,54,20,0,20,74
04/15/2004,HFD,CT,ANE,EN,Federal Contract Tower,0,8,22,0,30,0,4,104,0,108,0,12,126,0,138,68,0,68,206
04/16/2004,HFD,CT,ANE,EN,Federal Contract Tower,0,3,9,0,12,0,3,200,0,203,0,6,209,0,215,138,0,138,353
04/17/2004,HFD,CT,ANE,EN,Federal Contract Tower,0,2,6,0,8,0,0,184,0,184,0,2,190,0,192,168,0,168,360
04/18/2004,HFD,CT,ANE,EN,Federal Contract Tower,0,0,5,0,5,0,0,276,0,276,0,0,281,0,281,216,0,216,497
04/19/2004,HFD,CT,ANE,EN,Federal Contract Tower,0,4,11,0,15,0,3,112,0,115,0,7,123,0,130,140,0,140,270
04/20/2004,HFD,CT,ANE,EN,Federal Contract Tower,0,7,21,0,28,0,7,208,0,215,0,14,229,0,243,224,0,224,467
04/21/2004,HFD,CT,ANE,EN,Federal Contract Tower,0,6,17,0,23,0,7,188,0,195,0,13,205,0,218,126,0,126,344
04/22/2004,HFD,CT,ANE,EN,Federal Contract Tower,0,8,22,0,30,0,4,142,0,146,0,12,164,0,176,120,0,120,296
04/23/2004,HFD,CT,ANE,EN,Federal Contract Tower,0,9,32,0,41,0,0,48,0,48,0,9,80,0,89,32,0,32,121
04/24/2004,HFD,CT,ANE,EN,Federal Contract Tower,0,3,11,0,14,0,1,163,0,164,0,4,174,0,178,46,0,46,224
04/25/2004,HFD,CT,ANE,EN,Federal Contract Tower,0,0,7,0,7,0,0,217,0,217,0,0,224,0,224,156,0,156,380
04/26/2004,HFD,CT,ANE,EN,Federal Contract Tower,0,5,19,0,24,0,0,2,0,2,0,5,21,0,26,0,0,0,26
04/27/2004,HFD,CT,ANE,EN,Federal Contract Tower,0,9,24,0,33,0,5,157,2,164,0,14,181,2,197,228,0,228,425
04/28/2004,HFD,CT,ANE,EN,Federal Contract Tower,0,3,10,0,13,0,5,142,4,151,0,8,152,4,164,86,2,88,252
04/29/2004,HFD,CT,ANE,EN,Federal Contract Tower,0,5,15,0,20,0,10,187,0,197,0,15,202,0,217,166,0,166,383
04/30/2004,HFD,CT,ANE,EN,Federal Contract Tower,0,6,16,0,22,0,9,271,0,280,0,15,287,0,302,206,0,206,508
05/01/2004,HFD,CT,ANE,EN,Federal Contract Tower,0,2,4,0,6,0,3,200,0,203,0,5,204,0,209,198,0,198,407
05/02/2004,HFD,CT,ANE,EN,Federal Contract Tower,0,2,9,0,11,0,0,4,0,4,0,2,13,0,15,0,0,0,15
05/03/2004,HFD,CT,ANE,EN,Federal Contract Tower,0,9,30,0,39,0,0,17,0,17,0,9,47,0,56,0,0,0,56
05/04/2004,HFD,CT,ANE,EN,Federal Contract Tower,0,6,15,0,21,0,4,171,0,175,0,10,186,0,196,176,0,176,372
05/05/2004,HFD,CT,ANE,EN,Federal Contract Tower,0,6,13,0,19,0,8,137,0,145,0,14,150,0,164,110,0,110,274
05/06/2004,HFD,CT,ANE,EN,Federal Contract Tower,0,7,22,0,29,0,10,225,0,235,0,17,247,0,264,248,0,248,512
05/07/2004,HFD,CT,ANE,EN,Federal Contract Tower,0,3,8,0,11,0,6,178,2,186,0,9,186,2,197,130,0,130,327
05/08/2004,HFD,CT,ANE,EN,Federal Contract Tower,0,2,8,0,10,0,0,230,0,230,0,2,238,0,240,210,0,210,450
05/09/2004,HFD,CT,ANE,EN,Federal Contract Tower,0,1,29,0,30,0,0,112,0,112,0,1,141,0,142,106,0,106,248
05/10/2004,HFD,CT,ANE,EN,Federal Contract Tower,0,8,24,0,32,0,4,140,0,144,0,12,164,0,176,132,0,132,308
05/11/2004,HFD,CT,ANE,EN,Federal Contract Tower,0,3,9,0,12,0,6,190,0,196,0,9,199,0,208,286,0,286,494
05/12/2004,HFD,CT,ANE,EN,Federal Contract Tower,0,5,13,0,18,0,10,181,0,191,0,15,194,0,209,110,0,110,319
05/13/2004,HFD,CT,ANE,EN,Federal Contract Tower,0,4,16,0,20,0,8,185,0,193,0,12,201,0,213,194,0,194,407
05/14/2004,HFD,CT,ANE,EN,Federal Contract Tower,0,8,33,0,41,0,0,120,0,120,0,8,153,0,161,296,0,296,457
05/15/2004,HFD,CT,ANE,EN,Federal Contract Tower,0,2,13,0,15,0,0,183,0,183,0,2,196,0,198,256,0,256,454
05/16/2004,HFD,CT,ANE,EN,Federal Contract Tower,0,1,20,0,21,0,0,166,0,166,0,1,186,0,187,154,0,154,341
05/17/2004,HFD,CT,ANE,EN,Federal Contract Tower,0,4,26,0,30,0,0,140,0,140,0,4,166,0,170,206,0,206,376
05/18/2004,HFD,CT,ANE,EN,Federal Contract Tower,0,8,26,0,34,0,5,24,0,29,0,13,50,0,63,16,0,16,79
05/19/2004,HFD,CT,ANE,EN,Federal Contract Tower,0,7,25,0,32,0,10,186,0,196,0,17,211,0,228,184,0,184,412
05/20/2004,HFD,CT,ANE,EN,Federal Contract Tower,0,11,38,0,49,0,5,211,0,216,0,16,249,0,265,198,0,198,463
05/21/2004,HFD,CT,ANE,EN,Federal Contract Tower,0,6,30,0,36,0,0,153,0,153,0,6,183,0,189,124,0,124,313
05/22/2004,HFD,CT,ANE,EN,Federal Contract Tower,0,3,22,0,25,0,0,24,0,24,0,3,46,0,49,58,0,58,107
05/23/2004,HFD,CT,ANE,EN,Federal Contract Tower,0,1,17,0,18,0,0,52,0,52,0,1,69,0,70,36,0,36,106
05/24/2004,HFD,CT,ANE,EN,Federal Contract Tower,0,3,12,0,15,0,1,20,0,21,0,4,32,0,36,32,0,32,68
05/25/2004,HFD,CT,ANE,EN,Federal Contract Tower,0,10,35,0,45,0,3,119,0,122,0,13,154,0,167,106,0,106,273
05/26/2004,HFD,CT,ANE,EN,Federal Contract Tower,0,10,36,0,46,0,1,12,0,13,0,11,48,0,59,0,0,0,59
05/27/2004,HFD,CT,ANE,EN,Federal Contract Tower,0,10,33,0,43,0,1,181,4,186,0,11,214,4,229,192,0,192,421
05/28/2004,HFD,CT,ANE,EN,Federal Contract Tower,0,6,20,0,26,0,2,12,0,14,0,8,32,0,40,26,0,26,66
05/29/2004,HFD,CT,ANE,EN,Federal Contract Tower,0,1,6,0,7,0,1,189,0,190,0,2,195,0,197,116,0,116,313
05/30/2004,HFD,CT,ANE,EN,Federal Contract Tower,0,1,9,0,10,0,0,161,4,165,0,1,170,4,175,122,0,122,297
05/31/2004,HFD,CT,ANE,EN,Federal Contract Tower,0,0,12,0,12,0,0,110,16,126,0,0,122,16,138,72,0,72,210
06/01/2004,HFD,CT,ANE,EN,Federal Contract Tower,0,8,20,0,28,0,0,109,0,109,0,8,129,0,137,178,0,178,315
06/02/2004,HFD,CT,ANE,EN,Federal Contract Tower,0,9,19,0,28,0,5,134,0,139,0,14,153,0,167,210,0,210,377
06/03/2004,HFD,CT,ANE,EN,Federal Contract Tower,0,9,18,0,27,0,9,197,0,206,0,18,215,0,233,188,0,188,421
06/04/2004,HFD,CT,ANE,EN,Federal Contract Tower,0,5,10,0,15,0,3,334,0,337,0,8,344,0,352,330,0,330,682
06/05/2004,HFD,CT,ANE,EN,Federal Contract Tower,0,2,8,0,10,0,0,187,0,187,0,2,195,0,197,166,0,166,363
06/06/2004,HFD,CT,ANE,EN,Federal Contract Tower,0,0,16,0,16,0,0,80,0,80,0,0,96,0,96,52,0,52,148
06/07/2004,HFD,CT,ANE,EN,Federal Contract Tower,0,8,16,0,24,0,4,159,0,163,0,12,175,0,187,178,0,178,365
06/08/2004,HFD,CT,ANE,EN,Federal Contract Tower,0,6,14,0,20,0,4,166,0,170,0,10,180,0,190,186,0,186,376
06/09/2004,HFD,CT,ANE,EN,Federal Contract Tower,0,8,17,0,25,0,8,187,4,199,0,16,204,4,224,148,0,148,372
06/10/2004,HFD,CT,ANE,EN,Federal Contract Tower,0,15,32,0,47,0,1,144,0,145,0,16,176,0,192,156,0,156,348
06/11/2004,HFD,CT,ANE,EN,Federal Contract Tower,0,4,9,0,13,0,4,237,0,241,0,8,246,0,254,220,0,220,474
06/12/2004,HFD,CT,ANE,EN,Federal Contract Tower,0,2,8,1,11,0,0,342,3,345,0,2,350,4,356,310,0,310,666
06/13/2004,HFD,CT,ANE,EN,Federal Contract Tower,0,3,8,0,11,0,0,185,0,185,0,3,193,0,196,104,0,104,300
06/14/2004,HFD,CT,ANE,EN,Federal Contract Tower,0,13,40,0,53,0,0,53,0,53,0,13,93,0,106,40,0,40,146
06/15/2004,HFD,CT,ANE,EN,Federal Contract Tower,0,10,25,0,35,0,6,151,0,157,0,16,176,0,192,136,0,136,328
06/16/2004,HFD,CT,ANE,EN,Federal Contract Tower,0,7,17,0,24,0,11,174,2,187,0,18,191,2,211,174,0,174,385
06/17/2004,HFD,CT,ANE,EN,Federal Contract Tower,0,6,15,0,21,0,6,162,0,168,0,12,177,0,189,160,0,160,349
06/18/2004,HFD,CT,ANE,EN,Federal Contract Tower,0,6,36,0,42,0,0,115,2,117,0,6,151,2,159,74,0,74,233
06/19/2004,HFD,CT,ANE,EN,Federal Contract Tower,0,5,23,0,28,0,0,155,0,155,0,5,178,0,183,156,0,156,339
06/20/2004,HFD,CT,ANE,EN,Federal Contract Tower,0,0,8,0,8,0,0,170,0,170,0,0,178,0,178,114,0,114,292
06/21/2004,HFD,CT,ANE,EN,Federal Contract Tower,0,5,12,0,17,0,7,201,3,211,0,12,213,3,228,148,0,148,376
06/22/2004,HFD,CT,ANE,EN,Federal Contract Tower,0,8,20,0,28,0,5,108,0,113,0,13,128,0,141,114,0,114,255
06/23/2004,HFD,CT,ANE,EN,Federal Contract Tower,0,8,19,0,27,0,9,204,0,213,0,17,223,0,240,178,0,178,418
06/24/2004,HFD,CT,ANE,EN,Federal Contract Tower,0,9,23,0,32,0,6,179,2,187,0,15,202,2,219,158,0,158,377
06/25/2004,HFD,CT,ANE,EN,Federal Contract Tower,0,10,28,0,38,0,0,83,0,83,0,10,111,0,121,72,0,72,193
06/26/2004,HFD,CT,ANE,EN,Federal Contract Tower,0,6,15,0,21,0,0,78,0,78,0,6,93,0,99,140,0,140,239
06/27/2004,HFD,CT,ANE,EN,Federal Contract Tower,0,0,8,0,8,0,0,176,0,176,0,0,184,0,184,122,0,122,306
06/28/2004,HFD,CT,ANE,EN,Federal Contract Tower,0,8,20,0,28,0,5,172,0,177,0,13,192,0,205,158,0,158,363
06/29/2004,HFD,CT,ANE,EN,Federal Contract Tower,0,8,21,0,29,0,2,244,6,252,0,10,265,6,281,214,6,220,501
06/30/2004,HFD,CT,ANE,EN,Federal Contract Tower,0,6,17,0,23,0,8,175,4,187,0,14,192,4,210,220,0,220,430
07/01/2004,HFD,CT,ANE,EN,Federal Contract Tower,0,7,20,0,27,0,6,170,0,176,0,13,190,0,203,136,0,136,339
07/02/2004,HFD,CT,ANE,EN,Federal Contract Tower,0,6,23,0,29,0,4,106,0,110,0,10,129,0,139,110,10,120,259
07/03/2004,HFD,CT,ANE,EN,Federal Contract Tower,0,2,6,0,8,0,2,214,0,216,0,4,220,0,224,162,0,162,386
07/04/2004,HFD,CT,ANE,EN,Federal Contract Tower,0,1,5,0,6,0,1,139,0,140,0,2,144,0,146,116,0,116,262
07/05/2004,HFD,CT,ANE,EN,Federal Contract Tower,0,1,23,0,24,0,0,10,0,10,0,1,33,0,34,0,0,0,34
07/06/2004,HFD,CT,ANE,EN,Federal Contract Tower,0,6,20,0,26,0,2,256,0,258,0,8,276,0,284,178,0,178,462
07/07/2004,HFD,CT,ANE,EN,Federal Contract Tower,0,4,16,0,20,0,6,235,0,241,0,10,251,0,261,202,2,204,465
07/08/2004,HFD,CT,ANE,EN,Federal Contract Tower,0,6,21,0,27,0,7,89,0,96,0,13,110,0,123,130,0,130,253
07/09/2004,HFD,CT,ANE,EN,Federal Contract Tower,0,5,16,1,22,0,6,189,3,198,0,11,205,4,220,156,2,158,378
07/10/2004,HFD,CT,ANE,EN,Federal Contract Tower,0,2,10,1,13,0,0,208,3,211,0,2,218,4,224,192,0,192,416
07/11/2004,HFD,CT,ANE,EN,Federal Contract Tower,0,2,12,0,14,0,0,145,0,145,0,2,157,0,159,168,0,168,327
07/12/2004,HFD,CT,ANE,EN,Federal Contract Tower,0,7,26,0,33,0,5,113,0,118,0,12,139,0,151,144,0,144,295
07/13/2004,HFD,CT,ANE,EN,Federal Contract Tower,0,8,30,0,38,0,2,24,0,26,0,10,54,0,64,0,0,0,64
07/14/2004,HFD,CT,ANE,EN,Federal Contract Tower,0,12,40,0,52,0,1,130,0,131,0,13,170,0,183,172,0,172,355
07/15/2004,HFD,CT,ANE,EN,Federal Contract Tower,0,8,28,0,36,0,4,107,0,111,0,12,135,0,147,76,0,76,223
07/16/2004,HFD,CT,ANE,EN,Federal Contract Tower,0,5,17,0,22,0,1,207,0,208,0,6,224,0,230,164,0,164,394
07/17/2004,HFD,CT,ANE,EN,Federal Contract Tower,0,2,9,0,11,0,2,230,4,236,0,4,239,4,247,196,0,196,443
07/18/2004,HFD,CT,ANE,EN,Federal Contract Tower,0,0,31,0,31,0,0,62,0,62,0,0,93,0,93,68,0,68,161
07/19/2004,HFD,CT,ANE,EN,Federal Contract Tower,0,6,24,0,30,0,0,98,0,98,0,6,122,0,128,104,0,104,232
07/20/2004,HFD,CT,ANE,EN,Federal Contract Tower,0,4,16,0,20,0,7,204,4,215,0,11,220,4,235,194,0,194,429
07/21/2004,HFD,CT,ANE,EN,Federal Contract Tower,0,6,24,0,30,0,5,223,12,240,0,11,247,12,270,206,0,206,476
07/22/2004,HFD,CT,ANE,EN,Federal Contract Tower,0,7,28,0,35,0,4,239,0,243,0,11,267,0,278,220,0,220,498
07/23/2004,HFD,CT,ANE,EN,Federal Contract Tower,0,8,28,0,36,0,0,71,0,71,0,8,99,0,107,128,0,128,235
07/24/2004,HFD,CT,ANE,EN,Federal Contract Tower,0,2,22,0,24,0,0,146,0,146,0,2,168,0,170,208,0,208,378
07/25/2004,HFD,CT,ANE,EN,Federal Contract Tower,0,0,16,0,16,0,0,182,0,182,0,0,198,0,198,178,0,178,376
07/26/2004,HFD,CT,ANE,EN,Federal Contract Tower,0,6,23,0,29,0,4,184,0,188,0,10,207,0,217,216,0,216,433
07/27/2004,HFD,CT,ANE,EN,Federal Contract Tower,0,8,29,0,37,0,6,122,0,128,0,14,151,0,165,108,0,108,273
07/28/2004,HFD,CT,ANE,EN,Federal Contract Tower,0,7,25,0,32,0,1,2,2,5,0,8,27,2,37,0,0,0,37
07/29/2004,HFD,CT,ANE,EN,Federal Contract Tower,0,6,21,0,27,0,4,233,2,239,0,10,254,2,266,224,0,224,490
07/30/2004,HFD,CT,ANE,EN,Federal Contract Tower,0,3,14,0,17,0,5,225,0,230,0,8,239,0,247,242,0,242,489
07/31/2004,HFD,CT,ANE,EN,Federal Contract Tower,0,2,16,0,18,0,0,132,0,132,0,2,148,0,150,186,0,186,336
08/01/2004,HFD,CT,ANE,EN,Federal Contract Tower,0,0,11,0,11,0,0,83,0,83,0,0,94,0,94,70,0,70,164
08/02/2004,HFD,CT,ANE,EN,Federal Contract Tower,0,7,12,0,19,0,0,190,0,190,0,7,202,0,209,214,0,214,423
08/03/2004,HFD,CT,ANE,EN,Federal Contract Tower,0,9,15,0,24,0,0,155,0,155,0,9,170,0,179,204,0,204,383
08/04/2004,HFD,CT,ANE,EN,Federal Contract Tower,0,15,22,0,37,0,2,235,2,239,0,17,257,2,276,270,0,270,546
08/05/2004,HFD,CT,ANE,EN,Federal Contract Tower,0,13,20,0,33,0,4,156,0,160,0,17,176,0,193,144,0,144,337
08/06/2004,HFD,CT,ANE,EN,Federal Contract Tower,0,9,11,0,20,0,6,166,4,176,0,15,177,4,196,198,0,198,394
08/07/2004,HFD,CT,ANE,EN,Federal Contract Tower,0,2,4,0,6,0,0,223,0,223,0,2,227,0,229,190,0,190,419
08/08/2004,HFD,CT,ANE,EN,Federal Contract Tower,0,4,8,0,12,0,0,201,0,201,0,4,209,0,213,144,0,144,357
08/09/2004,HFD,CT,ANE,EN,Federal Contract Tower,0,7,12,0,19,0,9,234,4,247,0,16,246,4,266,152,2,154,420
08/10/2004,HFD,CT,ANE,EN,Federal Contract Tower,0,7,14,1,22,0,12,214,3,229,0,19,228,4,251,156,12,168,419
08/11/2004,HFD,CT,ANE,EN,Federal Contract Tower,0,13,24,0,37,0,8,67,0,75,0,21,91,0,112,80,0,80,192
08/12/2004,HFD,CT,ANE,EN,Federal Contract Tower,0,15,26,0,41,0,3,131,0,134,0,18,157,0,175,182,0,182,357
08/13/2004,HFD,CT,ANE,EN,Federal Contract Tower,0,10,20,0,30,0,8,57,0,65,0,18,77,0,95,86,0,86,181
08/14/2004,HFD,CT,ANE,EN,Federal Contract Tower,0,4,14,0,18,0,0,217,0,217,0,4,231,0,235,136,0,136,371
08/15/2004,HFD,CT,ANE,EN,Federal Contract Tower,0,0,4,0,4,0,0,58,0,58,0,0,62,0,62,76,0,76,138
08/16/2004,HFD,CT,ANE,EN,Federal Contract Tower,0,14,27,0,41,0,3,30,0,33,0,17,57,0,74,78,0,78,152
08/17/2004,HFD,CT,ANE,EN,Federal Contract Tower,0,12,22,0,34,0,2,203,0,205,0,14,225,0,239,178,0,178,417
08/18/2004,HFD,CT,ANE,EN,Federal Contract Tower,0,18,33,0,51,0,2,175,0,177,0,20,208,0,228,206,0,206,434
08/19/2004,HFD,CT,ANE,EN,Federal Contract Tower,0,19,36,0,55,0,1,80,0,81,0,20,116,0,136,90,0,90,226
08/20/2004,HFD,CT,ANE,EN,Federal Contract Tower,0,17,33,0,50,0,2,68,0,70,0,19,101,0,120,116,0,116,236
08/21/2004,HFD,CT,ANE,EN,Federal Contract Tower,0,3,8,0,11,0,1,17,0,18,0,4,25,0,29,24,0,24,53
08/22/2004,HFD,CT,ANE,EN,Federal Contract Tower,0,2,11,0,13,0,0,262,0,262,0,2,273,0,275,180,0,180,455
08/23/2004,HFD,CT,ANE,EN,Federal Contract Tower,0,7,15,0,22,0,13,162,0,175,0,20,177,0,197,178,0,178,375
08/24/2004,HFD,CT,ANE,EN,Federal Contract Tower,0,14,25,0,39,0,11,185,2,198,0,25,210,2,237,142,2,144,381
08/25/2004,HFD,CT,ANE,EN,Federal Contract Tower,0,11,21,0,32,0,7,205,0,212,0,18,226,0,244,176,0,176,420
08/26/2004,HFD,CT,ANE,EN,Federal Contract Tower,0,11,21,0,32,0,11,248,0,259,0,22,269,0,291,196,0,196,487
08/27/2004,HFD,CT,ANE,EN,Federal Contract Tower,0,17,38,0,55,0,0,234,2,236,0,17,272,2,291,206,0,206,497
08/28/2004,HFD,CT,ANE,EN,Federal Contract Tower,0,5,15,0,20,0,0,155,2,157,0,5,170,2,177,214,0,214,391
08/29/2004,HFD,CT,ANE,EN,Federal Contract Tower,0,9,18,0,27,0,2,194,0,196,0,11,212,0,223,146,0,146,369
08/30/2004,HFD,CT,ANE,EN,Federal Contract Tower,0,15,27,0,42,0,0,143,0,143,0,15,170,0,185,122,0,122,307
08/31/2004,HFD,CT,ANE,EN,Federal Contract Tower,0,14,27,0,41,0,4,127,0,131,0,18,154,0,172,190,0,190,362
09/01/2004,HFD,CT,ANE,EN,Federal Contract Tower,0,14,16,0,30,0,4,242,0,246,0,18,258,0,276,162,0,162,438
09/02/2004,HFD,CT,ANE,EN,Federal Contract Tower,0,17,19,0,36,0,14,258,0,272,0,31,277,0,308,210,0,210,518
09/03/2004,HFD,CT,ANE,EN,Federal Contract Tower,0,11,11,0,22,0,10,261,1,272,0,21,272,1,294,208,0,208,502
09/04/2004,HFD,CT,ANE,EN,Federal Contract Tower,0,5,5,0,10,0,0,167,0,167,0,5,172,0,177,154,0,154,331
09/05/2004,HFD,CT,ANE,EN,Federal Contract Tower,0,1,10,0,11,0,0,164,0,164,0,1,174,0,175,144,0,144,319
09/06/2004,HFD,CT,ANE,EN,Federal Contract Tower,0,0,5,0,5,0,0,151,1,152,0,0,156,1,157,116,0,116,273
09/07/2004,HFD,CT,ANE,EN,Federal Contract Tower,0,14,16,0,30,0,7,153,0,160,0,21,169,0,190,188,0,188,378
09/08/2004,HFD,CT,ANE,EN,Federal Contract Tower,0,22,25,0,47,0,2,40,0,42,0,24,65,0,89,93,0,93,182
09/09/2004,HFD,CT,ANE,EN,Federal Contract Tower,0,16,16,0,32,0,9,0,0,9,0,25,16,0,41,22,0,22,63
09/10/2004,HFD,CT,ANE,EN,Federal Contract Tower,0,12,12,0,24,0,5,180,0,185,0,17,192,0,209,196,0,196,405
09/11/2004,HFD,CT,ANE,EN,Federal Contract Tower,0,2,12,0,14,0,0,205,0,205,0,2,217,0,219,192,0,192,411
09/12/2004,HFD,CT,ANE,EN,Federal Contract Tower,0,0,7,0,7,0,0,179,0,179,0,0,186,0,186,158,0,158,344
09/13/2004,HFD,CT,ANE,EN,Federal Contract Tower,0,10,12,0,22,0,8,144,0,152,0,18,156,0,174,134,0,134,308
09/14/2004,HFD,CT,ANE,EN,Federal Contract Tower,0,17,20,0,37,0,8,207,0,215,0,25,227,0,252,168,0,168,420
09/15/2004,HFD,CT,ANE,EN,Federal Contract Tower,0,17,20,0,37,0,8,210,10,228,0,25,230,10,265,194,0,194,459
09/16/2004,HFD,CT,ANE,EN,Federal Contract Tower,0,20,26,0,46,0,0,113,0,113,0,20,139,0,159,102,2,104,263
09/17/2004,HFD,CT,ANE,EN,Federal Contract Tower,0,16,23,0,39,0,0,43,0,43,0,16,66,0,82,60,0,60,142
09/18/2004,HFD,CT,ANE,EN,Federal Contract Tower,0,5,13,0,18,0,0,21,0,21,0,5,34,0,39,6,0,6,45
09/19/2004,HFD,CT,ANE,EN,Federal Contract Tower,0,0,6,0,6,0,0,156,0,156,0,0,162,0,162,140,0,140,302
09/20/2004,HFD,CT,ANE,EN,Federal Contract Tower,0,11,13,0,24,0,6,266,0,272,0,17,279,0,296,220,0,220,516
09/21/2004,HFD,CT,ANE,EN,Federal Contract Tower,0,11,14,0,25,0,14,184,0,198,0,25,198,0,223,168,0,168,391
09/22/2004,HFD,CT,ANE,EN,Federal Contract Tower,0,8,10,0,18,0,17,271,0,288,0,25,281,0,306,214,0,214,520
09/23/2004,HFD,CT,ANE,EN,Federal Contract Tower,0,17,21,0,38,0,4,203,0,207,0,21,224,0,245,226,0,226,471
09/24/2004,HFD,CT,ANE,EN,Federal Contract Tower,0,12,17,0,29,0,0,198,0,198,0,12,215,0,227,212,0,212,439
09/25/2004,HFD,CT,ANE,EN,Federal Contract Tower,0,5,7,0,12,0,1,237,1,239,0,6,244,1,251,122,0,122,373
09/26/2004,HFD,CT,ANE,EN,Federal Contract Tower,0,0,9,0,9,0,0,192,0,192,0,0,201,0,201,106,0,106,307
09/27/2004,HFD,CT,ANE,EN,Federal Contract Tower,0,9,11,0,20,0,4,236,0,240,0,13,247,0,260,184,0,184,444
09/28/2004,HFD,CT,ANE,EN,Federal Contract Tower,0,10,9,0,19,0,7,0,0,7,0,17,9,0,26,0,0,0,26
09/29/2004,HFD,CT,ANE,EN,Federal Contract Tower,0,11,14,0,25,0,12,120,4,136,0,23,134,4,161,0,0,0,161
09/30/2004,HFD,CT,ANE,EN,Federal Contract Tower,0,21,26,0,47,0,4,157,0,161,0,25,183,0,208,86,0,86,294
10/01/2004,HFD,CT,ANE,EN,Federal Contract Tower,0,8,16,0,24,0,6,199,0,205,0,14,215,0,229,242,0,242,471
10/02/2004,HFD,CT,ANE,EN,Federal Contract Tower,0,0,26,0,26,0,1,157,0,158,0,1,183,0,184,156,0,156,340
10/03/2004,HFD,CT,ANE,EN,Federal Contract Tower,0,4,12,0,16,0,0,231,0,231,0,4,243,0,247,202,0,202,449
10/04/2004,HFD,CT,ANE,EN,Federal Contract Tower,0,13,14,0,27,0,5,101,0,106,0,18,115,0,133,62,0,62,195
10/05/2004,HFD,CT,ANE,EN,Federal Contract Tower,0,6,5,0,11,0,11,169,1,181,0,17,174,1,192,124,0,124,316
10/06/2004,HFD,CT,ANE,EN,Federal Contract Tower,0,7,9,0,16,0,12,206,0,218,0,19,215,0,234,186,0,186,420
10/07/2004,HFD,CT,ANE,EN,Federal Contract Tower,0,5,6,0,11,0,18,206,0,224,0,23,212,0,235,174,0,174,409
10/08/2004,HFD,CT,ANE,EN,Federal Contract Tower,0,7,11,0,18,0,10,180,0,190,0,17,191,0,208,196,0,196,404
10/09/2004,HFD,CT,ANE,EN,Federal Contract Tower,0,2,23,0,25,0,0,188,0,188,0,2,211,0,213,148,0,148,361
10/10/2004,HFD,CT,ANE,EN,Federal Contract Tower,0,4,17,0,21,0,0,206,0,206,0,4,223,0,227,184,0,184,411
10/11/2004,HFD,CT,ANE,EN,Federal Contract Tower,0,6,16,0,22,0,0,136,0,136,0,6,152,0,158,68,0,68,226
10/12/2004,HFD,CT,ANE,EN,Federal Contract Tower,0,12,15,0,27,0,5,146,0,151,0,17,161,0,178,140,0,140,318
10/13/2004,HFD,CT,ANE,EN,Federal Contract Tower,0,10,12,1,23,0,3,189,0,192,0,13,201,1,215,146,0,146,361
10/14/2004,HFD,CT,ANE,EN,Federal Contract Tower,0,18,19,0,37,0,0,94,0,94,0,18,113,0,131,82,0,82,213
10/15/2004,HFD,CT,ANE,EN,Federal Contract Tower,0,18,13,0,31,0,0,0,0,0,0,18,13,0,31,0,0,0,31
10/16/2004,HFD,CT,ANE,EN,Federal Contract Tower,0,7,5,0,12,0,2,115,0,117,0,9,120,0,129,66,0,66,195
10/17/2004,HFD,CT,ANE,EN,Federal Contract Tower,0,3,15,0,18,0,1,180,0,181,0,4,195,0,199,140,0,140,339
10/18/2004,HFD,CT,ANE,EN,Federal Contract Tower,0,10,9,0,19,0,8,141,0,149,0,18,150,0,168,174,0,174,342
10/19/2004,HFD,CT,ANE,EN,Federal Contract Tower,0,24,20,0,44,0,0,0,0,0,0,24,20,0,44,0,0,0,44
10/20/2004,HFD,CT,ANE,EN,Federal Contract Tower,0,24,7,0,31,0,1,146,0,147,0,25,153,0,178,124,0,124,302
10/21/2004,HFD,CT,ANE,EN,Federal Contract Tower,0,17,27,2,46,0,6,163,0,169,0,23,190,2,215,148,0,148,363
10/22/2004,HFD,CT,ANE,EN,Federal Contract Tower,0,7,6,0,13,0,0,133,0,133,0,7,139,0,146,112,0,112,258
10/23/2004,HFD,CT,ANE,EN,Federal Contract Tower,0,1,16,0,17,0,1,154,0,155,0,2,170,0,172,106,0,106,278
10/24/2004,HFD,CT,ANE,EN,Federal Contract Tower,0,0,24,0,24,0,0,114,0,114,0,0,138,0,138,130,0,130,268
10/25/2004,HFD,CT,ANE,EN,Federal Contract Tower,0,17,19,0,36,0,0,174,0,174,0,17,193,0,210,114,0,114,324
10/26/2004,HFD,CT,ANE,EN,Federal Contract Tower,0,12,9,0,21,0,8,185,5,198,0,20,194,5,219,136,0,136,355
10/27/2004,HFD,CT,ANE,EN,Federal Contract Tower,0,11,13,0,24,0,14,174,2,190,0,25,187,2,214,146,0,146,360
10/28/2004,HFD,CT,ANE,EN,Federal Contract Tower,0,9,9,0,18,0,7,227,0,234,0,16,236,0,252,194,0,194,446
10/29/2004,HFD,CT,ANE,EN,Federal Contract Tower,0,12,17,0,29,0,3,137,4,144,0,15,154,4,173,104,0,104,277
10/30/2004,HFD,CT,ANE,EN,Federal Contract Tower,0,4,3,0,7,0,0,0,0,0,0,4,3,0,7,0,0,0,7
10/31/2004,HFD,CT,ANE,EN,Federal Contract Tower,0,2,15,0,17,0,0,165,0,165,0,2,180,0,182,120,0,120,302
11/01/2004,HFD,CT,ANE,EN,Federal Contract Tower,0,15,12,0,27,0,12,150,0,162,0,27,162,0,189,110,0,110,299
11/02/2004,HFD,CT,ANE,EN,Federal Contract Tower,0,18,10,0,28,0,2,165,2,169,0,20,175,2,197,148,0,148,345
11/03/2004,HFD,CT,ANE,EN,Federal Contract Tower,0,11,4,0,15,0,13,92,0,105,0,24,96,0,120,124,0,124,244
11/04/2004,HFD,CT,ANE,EN,Federal Contract Tower,0,17,15,0,32,0,5,96,2,103,0,22,111,2,135,106,0,106,241
11/05/2004,HFD,CT,ANE,EN,Federal Contract Tower,0,5,1,0,6,0,13,19,0,32,0,18,20,0,38,0,0,0,38
11/06/2004,HFD,CT,ANE,EN,Federal Contract Tower,0,1,7,0,8,0,1,148,0,149,0,2,155,0,157,170,0,170,327
11/07/2004,HFD,CT,ANE,EN,Federal Contract Tower,0,2,10,0,12,0,0,197,0,197,0,2,207,0,209,192,0,192,401
11/08/2004,HFD,CT,ANE,EN,Federal Contract Tower,0,9,2,0,11,0,12,129,0,141,0,21,131,0,152,92,0,92,244
11/09/2004,HFD,CT,ANE,EN,Federal Contract Tower,0,7,9,0,16,0,13,155,4,172,0,20,164,4,188,104,0,104,292
11/10/2004,HFD,CT,ANE,EN,Federal Contract Tower,0,6,6,0,12,0,14,164,0,178,0,20,170,0,190,180,0,180,370
11/11/2004,HFD,CT,ANE,EN,Federal Contract Tower,0,2,9,0,11,0,5,139,0,144,0,7,148,0,155,168,0,168,323
11/12/2004,HFD,CT,ANE,EN,Federal Contract Tower,0,13,10,0,23,0,0,4,0,4,0,13,14,0,27,0,0,0,27
11/13/2004,HFD,CT,ANE,EN,Federal Contract Tower,0,0,8,0,8,0,0,41,0,41,0,0,49,0,49,98,0,98,147
11/14/2004,HFD,CT,ANE,EN,Federal Contract Tower,0,1,8,0,9,0,0,191,0,191,0,1,199,0,200,240,0,240,440
11/15/2004,HFD,CT,ANE,EN,Federal Contract Tower,0,4,8,0,12,0,12,190,0,202,0,16,198,0,214,170,0,170,384
11/16/2004,HFD,CT,ANE,EN,Federal Contract Tower,0,7,11,0,18,0,17,157,2,176,0,24,168,2,194,144,2,146,340
11/17/2004,HFD,CT,ANE,EN,Federal Contract Tower,0,10,6,0,16,0,18,175,2,195,0,28,181,2,211,220,2,222,433
11/18/2004,HFD,CT,ANE,EN,Federal Contract Tower,0,19,15,0,34,0,4,181,2,187,0,23,196,2,221,90,0,90,311
11/19/2004,HFD,CT,ANE,EN,Federal Contract Tower,0,5,17,0,22,0,8,166,0,174,0,13,183,0,196,186,0,186,382
11/20/2004,HFD,CT,ANE,EN,Federal Contract Tower,0,1,14,0,15,0,1,159,0,160,0,2,173,0,175,120,0,120,295
11/21/2004,HFD,CT,ANE,EN,Federal Contract Tower,0,0,17,0,17,0,0,0,0,0,0,0,17,0,17,0,0,0,17
11/22/2004,HFD,CT,ANE,EN,Federal Contract Tower,0,5,12,2,19,0,11,145,2,158,0,16,157,4,177,138,4,142,319
11/23/2004,HFD,CT,ANE,EN,Federal Contract Tower,0,22,18,0,40,0,4,185,0,189,0,26,203,0,229,200,0,200,429
11/24/2004,HFD,CT,ANE,EN,Federal Contract Tower,0,12,32,0,44,0,0,31,0,31,0,12,63,0,75,70,0,70,145
11/25/2004,HFD,CT,ANE,EN,Federal Contract Tower,0,2,2,0,4,0,0,7,0,7,0,2,9,0,11,0,0,0,11
11/26/2004,HFD,CT,ANE,EN,Federal Contract Tower,0,1,5,0,6,0,11,179,0,190,0,12,184,0,196,198,0,198,394
11/27/2004,HFD,CT,ANE,EN,Federal Contract Tower,0,2,13,0,15,0,2,171,0,173,0,4,184,0,188,178,0,178,366
11/28/2004,HFD,CT,ANE,EN,Federal Contract Tower,0,1,9,0,10,0,1,1,0,2,0,2,10,0,12,10,0,10,22
11/29/2004,HFD,CT,ANE,EN,Federal Contract Tower,0,6,1,0,7,0,17,172,2,191,0,23,173,2,198,142,4,146,344
11/30/2004,HFD,CT,ANE,EN,Federal Contract Tower,0,9,10,0,19,0,14,206,2,222,0,23,216,2,241,150,0,150,391
12/01/2004,HFD,CT,ANE,EN,Federal Contract Tower,0,9,2,0,11,0,11,17,0,28,0,20,19,0,39,0,0,0,39
12/02/2004,HFD,CT,ANE,EN,Federal Contract Tower,0,3,6,0,9,0,17,153,0,170,0,20,159,0,179,186,0,186,365
12/03/2004,HFD,CT,ANE,EN,Federal Contract Tower,0,9,10,0,19,0,12,147,0,159,0,21,157,0,178,140,0,140,318
12/04/2004,HFD,CT,ANE,EN,Federal Contract Tower,0,0,5,0,5,0,2,261,2,265,0,2,266,2,270,174,0,174,444
12/05/2004,HFD,CT,ANE,EN,Federal Contract Tower,0,0,6,0,6,0,0,166,0,166,0,0,172,0,172,160,0,160,332
12/06/2004,HFD,CT,ANE,EN,Federal Contract Tower,0,9,9,0,18,0,0,40,0,40,0,9,49,0,58,16,0,16,74
12/07/2004,HFD,CT,ANE,EN,Federal Contract Tower,0,8,4,0,12,0,0,0,0,0,0,8,4,0,12,0,0,0,12
12/08/2004,HFD,CT,ANE,EN,Federal Contract Tower,0,14,5,0,19,0,7,92,0,99,0,21,97,0,118,76,0,76,194
12/09/2004,HFD,CT,ANE,EN,Federal Contract Tower,0,20,14,1,35,0,3,176,1,180,0,23,190,2,215,148,2,150,365
12/10/2004,HFD,CT,ANE,EN,Federal Contract Tower,0,14,5,0,19,0,0,0,0,0,0,14,5,0,19,2,0,2,21
12/11/2004,HFD,CT,ANE,EN,Federal Contract Tower,0,20,14,1,35,0,3,176,1,180,0,23,190,2,215,148,2,150,365
12/12/2004,HFD,CT,ANE,EN,Federal Contract Tower,0,0,17,0,17,0,0,159,0,159,0,0,176,0,176,192,0,192,368
12/13/2004,HFD,CT,ANE,EN,Federal Contract Tower,0,12,11,0,23,0,4,108,0,112,0,16,119,0,135,110,0,110,245
12/14/2004,HFD,CT,ANE,EN,Federal Contract Tower,0,20,15,0,35,0,4,160,0,164,0,24,175,0,199,90,0,90,289
12/15/2004,HFD,CT,ANE,EN,Federal Contract Tower,0,10,14,0,24,0,10,137,0,147,0,20,151,0,171,114,0,114,285
12/16/2004,HFD,CT,ANE,EN,Federal Contract Tower,0,12,5,0,17,0,10,163,0,173,0,22,168,0,190,156,0,156,346
12/17/2004,HFD,CT,ANE,EN,Federal Contract Tower,0,6,6,0,12,0,7,148,2,157,0,13,154,2,169,100,0,100,269
12/18/2004,HFD,CT,ANE,EN,Federal Contract Tower,0,2,3,0,5,0,2,151,0,153,0,4,154,0,158,96,0,96,254
12/19/2004,HFD,CT,ANE,EN,Federal Contract Tower,0,0,9,0,9,0,0,124,0,124,0,0,133,0,133,176,0,176,309
12/20/2004,HFD,CT,ANE,EN,Federal Contract Tower,0,10,0,0,10,0,8,10,0,18,0,18,10,0,28,0,0,0,28
12/21/2004,HFD,CT,ANE,EN,Federal Contract Tower,0,15,7,0,22,0,8,123,0,131,0,23,130,0,153,54,0,54,207
12/22/2004,HFD,CT,ANE,EN,Federal Contract Tower,0,13,10,4,27,0,7,158,0,165,0,20,168,4,192,132,2,134,326
12/23/2004,HFD,CT,ANE,EN,Federal Contract Tower,0,17,6,0,23,0,0,6,0,6,0,17,12,0,29,0,0,0,29
12/24/2004,HFD,CT,ANE,EN,Federal Contract Tower,0,2,3,0,5,0,4,77,0,81,0,6,80,0,86,44,0,44,130
12/25/2004,HFD,CT,ANE,EN,Federal Contract Tower,0,0,4,0,4,0,0,59,0,59,0,0,63,0,63,44,0,44,107
12/26/2004,HFD,CT,ANE,EN,Federal Contract Tower,0,1,9,0,10,0,0,32,0,32,0,1,41,0,42,64,0,64,106
12/27/2004,HFD,CT,ANE,EN,Federal Contract Tower,0,8,3,0,11,0,4,98,0,102,0,12,101,0,113,68,0,68,181
12/28/2004,HFD,CT,ANE,EN,Federal Contract Tower,0,7,5,0,12,0,11,164,4,179,0,18,169,4,191,184,8,192,383
12/29/2004,HFD,CT,ANE,EN,Federal Contract Tower,0,8,9,0,17,0,5,174,2,181,0,13,183,2,198,181,0,181,379
12/30/2004,HFD,CT,ANE,EN,Federal Contract Tower,0,12,8,0,20,0,8,311,0,319,0,20,319,0,339,212,0,212,551
12/31/2004,HFD,CT,ANE,EN,Federal Contract Tower,0,11,8,0,19,0,2,127,0,129,0,13,135,0,148,118,0,118,266
01/01/2005,HFD,CT,ANE,EN,Federal Contract Tower,0,0,0,0,0,0,160,0,0,160,0,160,0,0,160,158,0,158,318
01/02/2005,HFD,CT,ANE,EN,Federal Contract Tower,0,2,8,0,10,0,0,206,0,206,0,2,214,0,216,180,0,180,396
01/03/2005,HFD,CT,ANE,EN,Federal Contract Tower,0,16,12,0,28,0,0,122,0,122,0,16,134,0,150,146,0,146,296
01/04/2005,HFD,CT,ANE,EN,Federal Contract Tower,0,18,18,0,36,0,0,103,0,103,0,18,121,0,139,84,0,84,223
01/05/2005,HFD,CT,ANE,EN,Federal Contract Tower,0,17,2,0,19,0,0,2,0,2,0,17,4,0,21,12,0,12,33
01/06/2005,HFD,CT,ANE,EN,Federal Contract Tower,0,10,0,0,10,0,0,0,0,0,0,10,0,0,10,0,0,0,10
01/07/2005,HFD,CT,ANE,EN,Federal Contract Tower,0,11,8,0,19,0,1,154,0,155,0,12,162,0,174,64,0,64,238
01/08/2005,HFD,CT,ANE,EN,Federal Contract Tower,0,1,1,0,2,0,0,4,0,4,0,1,5,0,6,0,0,0,6
01/09/2005,HFD,CT,ANE,EN,Federal Contract Tower,0,0,10,0,10,0,0,124,6,130,0,0,134,6,140,142,0,142,282
01/10/2005,HFD,CT,ANE,EN,Federal Contract Tower,0,9,6,0,15,0,4,154,0,158,0,13,160,0,173,254,0,254,427
01/11/2005,HFD,CT,ANE,EN,Federal Contract Tower,0,6,6,0,12,0,5,69,0,74,0,11,75,0,86,34,0,34,120
01/12/2005,HFD,CT,ANE,EN,Federal Contract Tower,0,1,1,0,2,0,0,0,0,0,0,1,1,0,2,0,0,0,2
01/13/2005,HFD,CT,ANE,EN,Federal Contract Tower,0,6,3,0,9,0,0,0,0,0,0,6,3,0,9,0,0,0,9
01/14/2005,HFD,CT,ANE,EN,Federal Contract Tower,0,8,8,0,16,0,6,36,0,42,0,14,44,0,58,46,0,46,104
01/15/2005,HFD,CT,ANE,EN,Federal Contract Tower,0,0,12,0,12,0,2,227,2,231,0,2,239,2,243,156,0,156,399
01/16/2005,HFD,CT,ANE,EN,Federal Contract Tower,0,0,8,0,8,0,0,143,0,143,0,0,151,0,151,114,0,114,265
01/17/2005,HFD,CT,ANE,EN,Federal Contract Tower,0,8,10,0,18,0,3,83,0,86,0,11,93,0,104,48,0,48,152
01/18/2005,HFD,CT,ANE,EN,Federal Contract Tower,0,9,4,0,13,0,11,83,0,94,0,20,87,0,107,52,0,52,159
01/19/2005,HFD,CT,ANE,EN,Federal Contract Tower,0,17,6,0,23,0,5,33,2,40,0,22,39,2,63,34,0,34,97
01/20/2005,HFD,CT,ANE,EN,Federal Contract Tower,0,7,18,0,25,0,13,98,0,111,0,20,116,0,136,64,0,64,200
01/21/2005,HFD,CT,ANE,EN,Federal Contract Tower,0,3,5,0,8,0,14,89,0,103,0,17,94,0,111,60,0,60,171
01/22/2005,HFD,CT,ANE,EN,Federal Contract Tower,0,0,1,0,1,0,2,28,0,30,0,2,29,0,31,26,0,26,57
01/23/2005,HFD,CT,ANE,EN,Federal Contract Tower,0,0,3,0,3,0,0,2,0,2,0,0,5,0,5,0,0,0,5
01/24/2005,HFD,CT,ANE,EN,Federal Contract Tower,0,14,3,0,17,0,3,99,2,104,0,17,102,2,121,96,6,102,223
01/25/2005,HFD,CT,ANE,EN,Federal Contract Tower,0,12,9,0,21,0,8,116,0,124,0,20,125,0,145,114,8,122,267
01/26/2005,HFD,CT,ANE,EN,Federal Contract Tower,0,11,1,0,12,0,2,5,0,7,0,13,6,0,19,0,0,0,19
01/27/2005,HFD,CT,ANE,EN,Federal Contract Tower,0,12,7,0,19,0,15,109,14,138,0,27,116,14,157,80,0,80,237
01/28/2005,HFD,CT,ANE,EN,Federal Contract Tower,0,2,3,0,5,0,15,158,4,177,0,17,161,4,182,140,0,140,322
01/29/2005,HFD,CT,ANE,EN,Federal Contract Tower,0,0,5,0,5,0,2,237,0,239,0,2,242,0,244,184,0,184,428
01/30/2005,HFD,CT,ANE,EN,Federal Contract Tower,0,0,7,0,7,0,0,243,0,243,0,0,250,0,250,248,0,248,498
01/31/2005,HFD,CT,ANE,EN,Federal Contract Tower,0,6,2,0,8,0,7,195,0,202,0,13,197,0,210,154,0,154,364
02/01/2005,HFD,CT,ANE,EN,Federal Contract Tower,0,7,10,0,17,0,13,122,0,135,0,20,132,0,152,126,0,126,278
02/02/2005,HFD,CT,ANE,EN,Federal Contract Tower,0,6,2,0,8,0,16,166,2,184,0,22,168,2,192,132,0,132,324
02/03/2005,HFD,CT,ANE,EN,Federal Contract Tower,0,11,3,0,14,0,11,156,0,167,0,22,159,0,181,180,0,180,361
02/04/2005,HFD,CT,ANE,EN,Federal Contract Tower,0,4,4,0,8,0,9,38,0,47,0,13,42,0,55,20,0,20,75
02/05/2005,HFD,CT,ANE,EN,Federal Contract Tower,0,4,15,0,19,0,0,260,4,264,0,4,275,4,283,210,10,220,503
02/06/2005,HFD,CT,ANE,EN,Federal Contract Tower,0,1,12,0,13,0,0,289,4,293,0,1,301,4,306,252,6,258,564
02/07/2005,HFD,CT,ANE,EN,Federal Contract Tower,0,6,12,0,18,0,6,124,0,130,0,12,136,0,148,114,0,114,262
02/08/2005,HFD,CT,ANE,EN,Federal Contract Tower,0,8,5,0,13,0,10,130,1,141,0,18,135,1,154,222,0,222,376
02/09/2005,HFD,CT,ANE,EN,Federal Contract Tower,0,14,9,0,23,0,8,132,2,142,0,22,141,2,165,88,0,88,253
02/10/2005,HFD,CT,ANE,EN,Federal Contract Tower,0,11,5,0,16,0,4,9,0,13,0,15,14,0,29,2,0,2,31
02/11/2005,HFD,CT,ANE,EN,Federal Contract Tower,0,5,5,0,10,0,9,116,0,125,0,14,121,0,135,86,0,86,221
02/12/2005,HFD,CT,ANE,EN,Federal Contract Tower,0,0,6,0,6,0,2,206,0,208,0,2,212,0,214,196,0,196,410
02/13/2005,HFD,CT,ANE,EN,Federal Contract Tower,0,0,14,0,14,0,0,208,0,208,0,0,222,0,222,188,0,188,410
02/14/2005,HFD,CT,ANE,EN,Federal Contract Tower,0,5,9,0,14,0,1,82,0,83,0,6,91,0,97,56,0,56,153
02/15/2005,HFD,CT,ANE,EN,Federal Contract Tower,0,7,15,0,22,0,6,134,10,150,0,13,149,10,172,90,0,90,262
02/16/2005,HFD,CT,ANE,EN,Federal Contract Tower,0,14,6,0,20,0,10,86,2,98,0,24,92,2,118,46,0,46,164
02/17/2005,HFD,CT,ANE,EN,Federal Contract Tower,0,8,4,0,12,0,10,98,0,108,0,18,102,0,120,98,0,98,218
02/18/2005,HFD,CT,ANE,EN,Federal Contract Tower,0,2,9,0,11,0,8,153,2,163,0,10,162,2,174,118,12,130,304
02/19/2005,HFD,CT,ANE,EN,Federal Contract Tower,0,0,9,0,9,0,6,182,0,188,0,6,191,0,197,210,0,210,407
02/20/2005,HFD,CT,ANE,EN,Federal Contract Tower,0,0,13,0,13,0,0,222,0,222,0,0,235,0,235,178,0,178,413
02/21/2005,HFD,CT,ANE,EN,Federal Contract Tower,0,3,1,0,4,0,0,0,0,0,0,3,1,0,4,0,0,0,4
02/22/2005,HFD,CT,ANE,EN,Federal Contract Tower,0,15,9,0,24,0,7,127,0,134,0,22,136,0,158,114,0,114,272
02/23/2005,HFD,CT,ANE,EN,Federal Contract Tower,0,8,9,2,19,0,12,118,0,130,0,20,127,2,149,164,0,164,313
02/24/2005,HFD,CT,ANE,EN,Federal Contract Tower,0,16,7,0,23,0,6,85,0,91,0,22,92,0,114,104,0,104,218
02/25/2005,HFD,CT,ANE,EN,Federal Contract Tower,0,2,4,0,6,0,10,133,0,143,0,12,137,0,149,114,0,114,263
02/26/2005,HFD,CT,ANE,EN,Federal Contract Tower,0,0,13,0,13,0,2,126,0,128,0,2,139,0,141,118,0,118,259
02/27/2005,HFD,CT,ANE,EN,Federal Contract Tower,0,3,11,0,14,0,0,120,2,122,0,3,131,2,136,184,0,184,320
02/28/2005,HFD,CT,ANE,EN,Federal Contract Tower,0,16,0,0,16,0,1,79,0,80,0,17,79,0,96,82,0,82,178
03/01/2005,HFD,CT,ANE,EN,Federal Contract Tower,0,11,2,0,13,0,0,11,0,11,0,11,13,0,24,2,0,2,26
03/02/2005,HFD,CT,ANE,EN,Federal Contract Tower,0,9,10,0,19,0,9,78,0,87,0,18,88,0,106,44,0,44,150
03/03/2005,HFD,CT,ANE,EN,Federal Contract Tower,0,9,9,0,18,0,10,121,0,131,0,19,130,0,149,112,0,112,261
03/04/2005,HFD,CT,ANE,EN,Federal Contract Tower,0,5,16,0,21,0,12,199,0,211,0,17,215,0,232,118,0,118,350
03/05/2005,HFD,CT,ANE,EN,Federal Contract Tower,0,0,8,0,8,0,2,234,1,237,0,2,242,1,245,166,0,166,411
03/06/2005,HFD,CT,ANE,EN,Federal Contract Tower,0,3,2,0,5,0,0,96,0,96,0,3,98,0,101,108,0,108,209
03/07/2005,HFD,CT,ANE,EN,Federal Contract Tower,0,8,2,0,10,0,6,120,2,128,0,14,122,2,138,100,0,100,238
03/08/2005,HFD,CT,ANE,EN,Federal Contract Tower,0,4,0,0,4,0,2,1,0,3,0,6,1,0,7,0,0,0,7
03/09/2005,HFD,CT,ANE,EN,Federal Contract Tower,0,6,0,0,6,0,12,38,0,50,0,18,38,0,56,2,0,2,58
03/10/2005,HFD,CT,ANE,EN,Federal Contract Tower,0,8,5,0,13,0,9,110,0,119,0,17,115,0,132,74,0,74,206
03/11/2005,HFD,CT,ANE,EN,Federal Contract Tower,0,15,7,0,22,0,2,24,0,26,0,17,31,0,48,10,0,10,58
03/12/2005,HFD,CT,ANE,EN,Federal Contract Tower,0,3,3,0,6,0,0,29,0,29,0,3,32,0,35,68,0,68,103
03/13/2005,HFD,CT,ANE,EN,Federal Contract Tower,0,0,8,0,8,0,0,123,0,123,0,0,131,0,131,226,0,226,357
03/14/2005,HFD,CT,ANE,EN,Federal Contract Tower,0,10,6,0,16,0,0,135,0,135,0,10,141,0,151,150,0,150,301
03/15/2005,HFD,CT,ANE,EN,Federal Contract Tower,0,14,9,0,23,0,15,178,0,193,0,29,187,0,216,166,0,166,382
03/16/2005,HFD,CT,ANE,EN,Federal Contract Tower,0,15,7,0,22,0,11,172,0,183,0,26,179,0,205,132,0,132,337
03/17/2005,HFD,CT,ANE,EN,Federal Contract Tower,0,12,20,0,32,0,12,169,0,181,0,24,189,0,213,150,0,150,363
03/18/2005,HFD,CT,ANE,EN,Federal Contract Tower,0,4,2,0,6,0,3,203,0,206,0,7,205,0,212,138,0,138,350
03/19/2005,HFD,CT,ANE,EN,Federal Contract Tower,0,0,8,0,8,0,2,338,0,340,0,2,346,0,348,240,0,240,588
03/20/2005,HFD,CT,ANE,EN,Federal Contract Tower,0,2,1,0,3,0,0,41,0,41,0,2,42,0,44,70,0,70,114
03/21/2005,HFD,CT,ANE,EN,Federal Contract Tower,0,12,10,0,22,0,6,40,0,46,0,18,50,0,68,52,0,52,120
03/22/2005,HFD,CT,ANE,EN,Federal Contract Tower,0,6,6,0,12,0,15,295,0,310,0,21,301,0,322,204,0,204,526
03/23/2005,HFD,CT,ANE,EN,Federal Contract Tower,0,11,5,0,16,0,6,71,0,77,0,17,76,0,93,84,2,86,179
03/24/2005,HFD,CT,ANE,EN,Federal Contract Tower,0,1,0,0,1,0,8,112,0,120,0,9,112,0,121,92,0,92,213
03/25/2005,HFD,CT,ANE,EN,Federal Contract Tower,0,4,12,0,16,0,14,221,0,235,0,18,233,0,251,208,0,208,459
03/26/2005,HFD,CT,ANE,EN,Federal Contract Tower,0,0,2,0,2,0,2,375,0,377,0,2,377,0,379,244,0,244,623
03/27/2005,HFD,CT,ANE,EN,Federal Contract Tower,0,0,4,0,4,0,0,142,0,142,0,0,146,0,146,66,0,66,212
03/28/2005,HFD,CT,ANE,EN,Federal Contract Tower,0,11,9,0,20,0,0,0,0,0,0,11,9,0,20,0,0,0,20
03/29/2005,HFD,CT,ANE,EN,Federal Contract Tower,0,10,23,0,33,0,7,73,0,80,0,17,96,0,113,40,0,40,153
03/30/2005,HFD,CT,ANE,EN,Federal Contract Tower,0,8,11,0,19,0,10,240,0,250,0,18,251,0,269,316,0,316,585
03/31/2005,HFD,CT,ANE,EN,Federal Contract Tower,0,9,8,0,17,0,10,209,0,219,0,19,217,0,236,228,0,228,464
04/01/2005,HFD,CT,ANE,EN,Federal Contract Tower,0,8,17,0,25,0,9,172,0,181,0,17,189,0,206,196,0,196,402
04/02/2005,HFD,CT,ANE,EN,Federal Contract Tower,0,0,0,0,0,0,2,2,0,4,0,2,2,0,4,0,0,0,4
04/03/2005,HFD,CT,ANE,EN,Federal Contract Tower,0,3,4,0,7,0,2,62,0,64,0,5,66,0,71,88,0,88,159
04/04/2005,HFD,CT,ANE,EN,Federal Contract Tower,0,13,8,0,21,0,3,85,0,88,0,16,93,0,109,104,0,104,213
04/05/2005,HFD,CT,ANE,EN,Federal Contract Tower,0,13,13,0,26,0,8,155,0,163,0,21,168,0,189,176,0,176,365
04/06/2005,HFD,CT,ANE,EN,Federal Contract Tower,0,11,5,0,16,0,11,268,2,281,0,22,273,2,297,294,0,294,591
04/07/2005,HFD,CT,ANE,EN,Federal Contract Tower,0,13,12,0,25,0,10,186,0,196,0,23,198,0,221,156,0,156,377
04/08/2005,HFD,CT,ANE,EN,Federal Contract Tower,0,13,6,0,19,0,5,233,0,238,0,18,239,0,257,184,0,184,441
04/09/2005,HFD,CT,ANE,EN,Federal Contract Tower,0,0,4,0,4,0,2,314,0,316,0,2,318,0,320,194,0,194,514
04/10/2005,HFD,CT,ANE,EN,Federal Contract Tower,0,1,7,0,8,0,0,448,0,448,0,1,455,0,456,260,0,260,716
04/11/2005,HFD,CT,ANE,EN,Federal Contract Tower,0,14,2,0,16,0,4,126,0,130,0,18,128,0,146,72,6,78,224
04/12/2005,HFD,CT,ANE,EN,Federal Contract Tower,0,11,6,0,17,0,6,127,0,133,0,17,133,0,150,84,4,88,238
04/13/2005,HFD,CT,ANE,EN,Federal Contract Tower,0,10,6,0,16,0,11,148,0,159,0,21,154,0,175,132,0,132,307
04/14/2005,HFD,CT,ANE,EN,Federal Contract Tower,0,16,11,0,27,0,10,185,0,195,0,26,196,0,222,184,0,184,406
04/15/2005,HFD,CT,ANE,EN,Federal Contract Tower,0,6,3,0,9,0,12,168,8,188,0,18,171,8,197,116,0,116,313
04/16/2005,HFD,CT,ANE,EN,Federal Contract Tower,0,0,8,0,8,0,1,287,0,288,0,1,295,0,296,200,0,200,496
04/17/2005,HFD,CT,ANE,EN,Federal Contract Tower,0,2,6,0,8,0,0,290,0,290,0,2,296,0,298,228,0,228,526
04/18/2005,HFD,CT,ANE,EN,Federal Contract Tower,0,10,11,0,21,0,10,178,0,188,0,20,189,0,209,144,0,144,353
04/19/2005,HFD,CT,ANE,EN,Federal Contract Tower,0,12,7,0,19,0,10,148,2,160,0,22,155,2,179,172,0,172,351
04/20/2005,HFD,CT,ANE,EN,Federal Contract Tower,0,12,9,0,21,0,9,138,0,147,0,21,147,0,168,97,0,97,265
04/21/2005,HFD,CT,ANE,EN,Federal Contract Tower,0,12,19,0,31,0,11,212,0,223,0,23,231,0,254,198,0,198,452
04/22/2005,HFD,CT,ANE,EN,Federal Contract Tower,0,17,14,0,31,0,6,252,0,258,0,23,266,0,289,244,0,244,533
04/23/2005,HFD,CT,ANE,EN,Federal Contract Tower,0,0,3,0,3,0,0,0,0,0,0,0,3,0,3,0,0,0,3
04/24/2005,HFD,CT,ANE,EN,Federal Contract Tower,0,2,13,0,15,0,1,83,0,84,0,3,96,0,99,56,0,56,155
04/25/2005,HFD,CT,ANE,EN,Federal Contract Tower,0,8,8,0,16,0,7,115,0,122,0,15,123,0,138,106,2,108,246
04/26/2005,HFD,CT,ANE,EN,Federal Contract Tower,0,11,12,0,23,0,14,214,0,228,0,25,226,0,251,218,0,218,469
04/27/2005,HFD,CT,ANE,EN,Federal Contract Tower,0,16,16,0,32,0,0,5,0,5,0,16,21,0,37,22,0,22,59
04/28/2005,HFD,CT,ANE,EN,Federal Contract Tower,0,17,13,0,30,0,13,201,0,214,0,30,214,0,244,201,0,201,445
04/29/2005,HFD,CT,ANE,EN,Federal Contract Tower,0,9,13,0,22,0,14,295,10,319,0,23,308,10,341,282,0,282,623
04/30/2005,HFD,CT,ANE,EN,Federal Contract Tower,0,2,15,0,17,0,0,24,0,24,0,2,39,0,41,68,0,68,109
05/01/2005,HFD,CT,ANE,EN,Federal Contract Tower,0,0,14,1,15,0,0,116,1,117,0,0,130,2,132,126,0,126,258
05/02/2005,HFD,CT,ANE,EN,Federal Contract Tower,0,16,4,0,20,0,0,101,0,101,0,16,105,0,121,72,0,72,193
05/03/2005,HFD,CT,ANE,EN,Federal Contract Tower,0,2,8,0,10,0,0,246,0,246,0,2,254,0,256,224,0,224,480
05/04/2005,HFD,CT,ANE,EN,Federal Contract Tower,0,12,20,0,32,0,10,193,0,203,0,22,213,0,235,156,0,156,391
05/05/2005,HFD,CT,ANE,EN,Federal Contract Tower,0,9,16,0,25,0,8,309,0,317,0,17,325,0,342,274,2,276,618
05/06/2005,HFD,CT,ANE,EN,Federal Contract Tower,0,11,19,0,30,0,0,210,4,214,0,11,229,4,244,152,0,152,396
05/07/2005,HFD,CT,ANE,EN,Federal Contract Tower,0,0,10,0,10,0,1,8,0,9,0,1,18,0,19,36,0,36,55
05/08/2005,HFD,CT,ANE,EN,Federal Contract Tower,0,5,3,0,8,0,0,78,0,78,0,5,81,0,86,26,0,26,112
05/09/2005,HFD,CT,ANE,EN,Federal Contract Tower,0,5,15,0,20,0,9,153,0,162,0,14,168,0,182,120,0,120,302
05/10/2005,HFD,CT,ANE,EN,Federal Contract Tower,0,13,15,0,28,0,14,251,0,265,0,27,266,0,293,170,0,170,463
05/11/2005,HFD,CT,ANE,EN,Federal Contract Tower,0,13,16,0,29,0,6,164,2,172,0,19,180,2,201,178,0,178,379
05/12/2005,HFD,CT,ANE,EN,Federal Contract Tower,0,9,7,0,16,0,6,155,0,161,0,15,162,0,177,200,0,200,377
05/13/2005,HFD,CT,ANE,EN,Federal Contract Tower,0,7,8,0,15,0,11,269,0,280,0,18,277,0,295,174,0,174,469
05/14/2005,HFD,CT,ANE,EN,Federal Contract Tower,0,1,19,0,20,0,1,237,0,238,0,2,256,0,258,208,0,208,466
05/15/2005,HFD,CT,ANE,EN,Federal Contract Tower,0,2,13,0,15,0,0,75,0,75,0,2,88,0,90,72,0,72,162
05/16/2005,HFD,CT,ANE,EN,Federal Contract Tower,0,6,21,0,27,0,8,69,0,77,0,14,90,0,104,54,0,54,158
05/17/2005,HFD,CT,ANE,EN,Federal Contract Tower,0,12,25,0,37,0,13,206,0,219,0,25,231,0,256,204,0,204,460
05/18/2005,HFD,CT,ANE,EN,Federal Contract Tower,0,10,13,0,23,0,13,180,0,193,0,23,193,0,216,162,0,162,378
05/19/2005,HFD,CT,ANE,EN,Federal Contract Tower,0,16,13,0,29,0,11,179,0,190,0,27,192,0,219,152,0,152,371
05/20/2005,HFD,CT,ANE,EN,Federal Contract Tower,0,9,14,0,23,0,8,203,0,211,0,17,217,0,234,156,0,156,390
05/21/2005,HFD,CT,ANE,EN,Federal Contract Tower,0,0,14,0,14,0,2,195,0,197,0,2,209,0,211,146,0,146,357
05/22/2005,HFD,CT,ANE,EN,Federal Contract Tower,0,0,34,0,34,0,0,64,0,64,0,0,98,0,98,36,0,36,134
05/23/2005,HFD,CT,ANE,EN,Federal Contract Tower,0,11,36,0,47,0,6,86,0,92,0,17,122,0,139,54,0,54,193
05/24/2005,HFD,CT,ANE,EN,Federal Contract Tower,0,22,37,0,59,0,0,10,0,10,0,22,47,0,69,8,0,8,77
05/25/2005,HFD,CT,ANE,EN,Federal Contract Tower,0,21,11,0,32,0,0,35,0,35,0,21,46,0,67,18,0,18,85
05/26/2005,HFD,CT,ANE,EN,Federal Contract Tower,0,13,28,0,41,0,4,32,0,36,0,17,60,0,77,12,0,12,89
05/27/2005,HFD,CT,ANE,EN,Federal Contract Tower,0,8,14,0,22,0,6,140,0,146,0,14,154,0,168,142,0,142,310
05/28/2005,HFD,CT,ANE,EN,Federal Contract Tower,0,1,15,0,16,0,2,244,0,246,0,3,259,0,262,258,0,258,520
05/29/2005,HFD,CT,ANE,EN,Federal Contract Tower,0,0,13,0,13,0,0,110,0,110,0,0,123,0,123,92,0,92,215
05/30/2005,HFD,CT,ANE,EN,Federal Contract Tower,0,1,11,0,12,0,1,107,0,108,0,2,118,0,120,126,24,150,270
05/31/2005,HFD,CT,ANE,EN,Federal Contract Tower,0,15,8,0,23,0,8,107,0,115,0,23,115,0,138,86,0,86,224
06/01/2005,HFD,CT,ANE,EN,Federal Contract Tower,0,18,23,2,43,0,6,208,1,215,0,24,231,3,258,154,0,154,412
06/02/2005,HFD,CT,ANE,EN,Federal Contract Tower,0,20,44,0,64,0,2,190,0,192,0,22,234,0,256,212,0,212,468
06/03/2005,HFD,CT,ANE,EN,Federal Contract Tower,0,18,7,0,25,0,0,248,0,248,0,18,255,0,273,280,0,280,553
06/04/2005,HFD,CT,ANE,EN,Federal Contract Tower,0,2,14,0,16,0,0,230,0,230,0,2,244,0,246,212,0,212,458
06/05/2005,HFD,CT,ANE,EN,Federal Contract Tower,0,0,10,0,10,0,0,301,0,301,0,0,311,0,311,194,0,194,505
06/06/2005,HFD,CT,ANE,EN,Federal Contract Tower,0,17,7,0,24,0,11,93,0,104,0,28,100,0,128,0,0,0,128
06/07/2005,HFD,CT,ANE,EN,Federal Contract Tower,0,19,22,0,41,0,8,211,2,221,0,27,233,2,262,128,0,128,390
06/08/2005,HFD,CT,ANE,EN,Federal Contract Tower,0,11,9,0,20,0,13,235,2,250,0,24,244,2,270,124,0,124,394
06/09/2005,HFD,CT,ANE,EN,Federal Contract Tower,0,10,14,0,24,0,10,286,6,302,0,20,300,6,326,264,0,264,590
06/10/2005,HFD,CT,ANE,EN,Federal Contract Tower,0,8,34,0,42,0,5,76,0,81,0,13,110,0,123,42,2,44,167
06/11/2005,HFD,CT,ANE,EN,Federal Contract Tower,0,0,24,0,24,0,4,168,0,172,0,4,192,0,196,166,0,166,362
06/12/2005,HFD,CT,ANE,EN,Federal Contract Tower,0,0,19,0,19,0,0,81,0,81,0,0,100,0,100,126,0,126,226
06/13/2005,HFD,CT,ANE,EN,Federal Contract Tower,0,9,18,0,27,0,3,216,0,219,0,12,234,0,246,166,0,166,412
06/14/2005,HFD,CT,ANE,EN,Federal Contract Tower,0,11,15,0,26,0,9,235,0,244,0,20,250,0,270,174,0,174,444
06/15/2005,HFD,CT,ANE,EN,Federal Contract Tower,0,14,32,0,46,0,0,108,0,108,0,14,140,0,154,112,0,112,266
06/16/2005,HFD,CT,ANE,EN,Federal Contract Tower,0,19,24,0,43,0,0,11,0,11,0,19,35,0,54,0,0,0,54
06/17/2005,HFD,CT,ANE,EN,Federal Contract Tower,0,7,26,0,33,0,8,305,4,317,0,15,331,4,350,188,0,188,538
06/18/2005,HFD,CT,ANE,EN,Federal Contract Tower,0,4,23,0,27,0,2,201,0,203,0,6,224,0,230,180,0,180,410
06/19/2005,HFD,CT,ANE,EN,Federal Contract Tower,0,0,12,0,12,0,0,234,0,234,0,0,246,0,246,128,0,128,374
06/20/2005,HFD,CT,ANE,EN,Federal Contract Tower,0,5,10,0,15,0,14,327,0,341,0,19,337,0,356,174,0,174,530
06/21/2005,HFD,CT,ANE,EN,Federal Contract Tower,0,13,14,2,29,0,14,286,0,300,0,27,300,2,329,160,0,160,489
06/22/2005,HFD,CT,ANE,EN,Federal Contract Tower,0,15,2,0,17,0,8,181,0,189,0,23,183,0,206,120,0,120,326
06/23/2005,HFD,CT,ANE,EN,Federal Contract Tower,0,15,7,0,22,0,9,345,0,354,0,24,352,0,376,242,0,242,618
06/24/2005,HFD,CT,ANE,EN,Federal Contract Tower,0,10,18,1,29,0,12,280,3,295,0,22,298,4,324,156,2,158,482
06/25/2005,HFD,CT,ANE,EN,Federal Contract Tower,0,1,17,0,18,0,5,181,0,186,0,6,198,0,204,126,0,126,330
06/26/2005,HFD,CT,ANE,EN,Federal Contract Tower,0,0,24,0,24,0,3,119,0,122,0,3,143,0,146,26,0,26,172
06/27/2005,HFD,CT,ANE,EN,Federal Contract Tower,0,18,32,0,50,0,4,203,0,207,0,22,235,0,257,114,0,114,371
06/28/2005,HFD,CT,ANE,EN,Federal Contract Tower,0,28,30,0,58,0,1,6,0,7,0,29,36,0,65,0,0,0,65
06/29/2005,HFD,CT,ANE,EN,Federal Contract Tower,0,21,15,0,36,0,0,72,0,72,0,21,87,0,108,68,0,68,176
06/30/2005,HFD,CT,ANE,EN,Federal Contract Tower,0,19,21,0,40,0,0,109,0,109,0,19,130,0,149,138,0,138,287
07/01/2005,HFD,CT,ANE,EN,Federal Contract Tower,0,16,26,0,42,0,3,139,0,142,0,19,165,0,184,108,0,108,292
07/02/2005,HFD,CT,ANE,EN,Federal Contract Tower,0,2,12,0,14,0,2,294,0,296,0,4,306,0,310,204,0,204,514
07/03/2005,HFD,CT,ANE,EN,Federal Contract Tower,0,4,2,0,6,0,0,248,0,248,0,4,250,0,254,118,0,118,372
07/04/2005,HFD,CT,ANE,EN,Federal Contract Tower,0,1,7,0,8,0,2,191,0,193,0,3,198,0,201,156,0,156,357
07/05/2005,HFD,CT,ANE,EN,Federal Contract Tower,0,15,28,0,43,0,1,160,0,161,0,16,188,0,204,68,0,68,272
07/06/2005,HFD,CT,ANE,EN,Federal Contract Tower,0,18,15,0,33,0,0,21,0,21,0,18,36,0,54,16,0,16,70
07/07/2005,HFD,CT,ANE,EN,Federal Contract Tower,0,18,35,0,53,0,0,229,0,229,0,18,264,0,282,252,0,252,534
07/08/2005,HFD,CT,ANE,EN,Federal Contract Tower,0,16,24,0,40,0,0,11,0,11,0,16,35,0,51,16,0,16,67
07/09/2005,HFD,CT,ANE,EN,Federal Contract Tower,0,2,19,0,21,0,0,141,0,141,0,2,160,0,162,108,0,108,270
07/10/2005,HFD,CT,ANE,EN,Federal Contract Tower,0,0,3,0,3,0,1,240,0,241,0,1,243,0,244,204,0,204,448
07/11/2005,HFD,CT,ANE,EN,Federal Contract Tower,0,6,3,0,9,0,13,293,0,306,0,19,296,0,315,180,0,180,495
07/12/2005,HFD,CT,ANE,EN,Federal Contract Tower,0,9,12,0,21,0,7,208,0,215,0,16,220,0,236,110,2,112,348
07/13/2005,HFD,CT,ANE,EN,Federal Contract Tower,0,16,55,0,71,0,0,172,0,172,0,16,227,0,243,168,0,168,411
07/14/2005,HFD,CT,ANE,EN,Federal Contract Tower,0,7,22,0,29,0,8,115,0,123,0,15,137,0,152,72,0,72,224
07/15/2005,HFD,CT,ANE,EN,Federal Contract Tower,0,16,18,0,34,0,6,171,0,177,0,22,189,0,211,180,0,180,391
07/16/2005,HFD,CT,ANE,EN,Federal Contract Tower,0,2,32,0,34,0,0,179,0,179,0,2,211,0,213,158,0,158,371
07/17/2005,HFD,CT,ANE,EN,Federal Contract Tower,0,0,33,0,33,0,0,15,0,15,0,0,48,0,48,32,0,32,80
07/18/2005,HFD,CT,ANE,EN,Federal Contract Tower,0,14,25,0,39,0,0,21,0,21,0,14,46,0,60,26,0,26,86
07/19/2005,HFD,CT,ANE,EN,Federal Contract Tower,0,15,19,0,34,0,5,94,0,99,0,20,113,0,133,100,0,100,233
07/20/2005,HFD,CT,ANE,EN,Federal Contract Tower,0,11,10,0,21,0,7,286,0,293,0,18,296,0,314,200,0,200,514
07/21/2005,HFD,CT,ANE,EN,Federal Contract Tower,0,14,13,0,27,0,7,368,0,375,0,21,381,0,402,312,0,312,714
07/22/2005,HFD,CT,ANE,EN,Federal Contract Tower,0,6,18,0,24,0,9,178,0,187,0,15,196,0,211,188,0,188,399
07/23/2005,HFD,CT,ANE,EN,Federal Contract Tower,0,0,8,0,8,0,2,213,18,233,0,2,221,18,241,172,0,172,413
07/24/2005,HFD,CT,ANE,EN,Federal Contract Tower,0,0,14,0,14,0,0,171,0,171,0,0,185,0,185,174,0,174,359
07/25/2005,HFD,CT,ANE,EN,Federal Contract Tower,0,9,19,0,28,0,9,143,0,152,0,18,162,0,180,208,0,208,388
07/26/2005,HFD,CT,ANE,EN,Federal Contract Tower,0,10,6,0,16,0,7,180,0,187,0,17,186,0,203,152,0,152,355
07/27/2005,HFD,CT,ANE,EN,Federal Contract Tower,0,10,10,0,20,0,4,129,0,133,0,14,139,0,153,76,0,76,229
07/28/2005,HFD,CT,ANE,EN,Federal Contract Tower,0,13,17,0,30,0,7,303,0,310,0,20,320,0,340,278,0,278,618
07/29/2005,HFD,CT,ANE,EN,Federal Contract Tower,0,5,11,0,16,0,11,312,0,323,0,16,323,0,339,230,20,250,589
07/30/2005,HFD,CT,ANE,EN,Federal Contract Tower,0,0,6,0,6,0,2,193,0,195,0,2,199,0,201,200,0,200,401
07/31/2005,HFD,CT,ANE,EN,Federal Contract Tower,0,0,17,0,17,0,0,171,0,171,0,0,188,0,188,122,0,122,310
08/01/2005,HFD,CT,ANE,EN,Federal Contract Tower,0,15,22,0,37,0,4,170,0,174,0,19,192,0,211,154,0,154,365
08/02/2005,HFD,CT,ANE,EN,Federal Contract Tower,0,11,19,0,30,0,9,204,0,213,0,20,223,0,243,196,0,196,439
08/03/2005,HFD,CT,ANE,EN,Federal Contract Tower,0,14,11,0,25,0,12,222,0,234,0,26,233,0,259,230,0,230,489
08/04/2005,HFD,CT,ANE,EN,Federal Contract Tower,0,17,18,0,35,0,4,218,0,222,0,21,236,0,257,196,0,196,453
08/05/2005,HFD,CT,ANE,EN,Federal Contract Tower,0,8,14,0,22,0,8,117,0,125,0,16,131,0,147,110,0,110,257
08/06/2005,HFD,CT,ANE,EN,Federal Contract Tower,0,0,4,0,4,0,2,301,0,303,0,2,305,0,307,176,0,176,483
08/07/2005,HFD,CT,ANE,EN,Federal Contract Tower,0,4,14,0,18,0,5,229,0,234,0,9,243,0,252,152,0,152,404
08/08/2005,HFD,CT,ANE,EN,Federal Contract Tower,0,16,14,0,30,0,14,147,0,161,0,30,161,0,191,118,0,118,309
08/09/2005,HFD,CT,ANE,EN,Federal Contract Tower,0,16,19,0,35,0,13,135,0,148,0,29,154,0,183,84,0,84,267
08/10/2005,HFD,CT,ANE,EN,Federal Contract Tower,0,14,141,0,155,0,14,151,0,165,0,28,292,0,320,176,0,176,496
08/11/2005,HFD,CT,ANE,EN,Federal Contract Tower,0,15,9,0,24,0,10,239,0,249,0,25,248,0,273,190,0,190,463
08/12/2005,HFD,CT,ANE,EN,Federal Contract Tower,0,6,5,0,11,0,3,209,2,214,0,9,214,2,225,160,22,182,407
08/13/2005,HFD,CT,ANE,EN,Federal Contract Tower,0,3,18,0,21,0,0,92,4,96,0,3,110,4,117,122,10,132,249
08/14/2005,HFD,CT,ANE,EN,Federal Contract Tower,0,1,25,0,26,0,1,12,0,13,0,2,37,0,39,42,0,42,81
08/15/2005,HFD,CT,ANE,EN,Federal Contract Tower,0,18,26,0,44,0,5,126,0,131,0,23,152,0,175,120,0,120,295
08/16/2005,HFD,CT,ANE,EN,Federal Contract Tower,0,18,16,0,34,0,7,193,0,200,0,25,209,0,234,220,0,220,454
08/17/2005,HFD,CT,ANE,EN,Federal Contract Tower,0,15,11,0,26,0,14,339,0,353,0,29,350,0,379,210,0,210,589
08/18/2005,HFD,CT,ANE,EN,Federal Contract Tower,0,9,12,0,21,0,11,286,0,297,0,20,298,0,318,208,0,208,526
08/19/2005,HFD,CT,ANE,EN,Federal Contract Tower,0,9,13,0,22,0,5,201,0,206,0,14,214,0,228,174,0,174,402
08/20/2005,HFD,CT,ANE,EN,Federal Contract Tower,0,2,9,0,11,0,0,102,0,102,0,2,111,0,113,136,0,136,249
08/21/2005,HFD,CT,ANE,EN,Federal Contract Tower,0,0,21,0,21,0,0,47,0,47,0,0,68,0,68,36,0,36,104
08/22/2005,HFD,CT,ANE,EN,Federal Contract Tower,0,17,15,0,32,0,4,215,0,219,0,21,230,0,251,172,0,172,423
08/23/2005,HFD,CT,ANE,EN,Federal Contract Tower,0,14,22,0,36,0,13,222,0,235,0,27,244,0,271,208,0,208,479
08/24/2005,HFD,CT,ANE,EN,Federal Contract Tower,0,16,8,0,24,0,9,217,0,226,0,25,225,0,250,190,0,190,440
08/25/2005,HFD,CT,ANE,EN,Federal Contract Tower,0,12,10,0,22,0,9,267,0,276,0,21,277,0,298,212,0,212,510
08/26/2005,HFD,CT,ANE,EN,Federal Contract Tower,0,12,10,0,22,0,9,267,0,276,0,21,277,0,298,212,0,212,510
08/27/2005,HFD,CT,ANE,EN,Federal Contract Tower,0,2,13,0,15,0,2,268,0,270,0,4,281,0,285,162,0,162,447
08/28/2005,HFD,CT,ANE,EN,Federal Contract Tower,0,8,28,0,36,0,0,36,0,36,0,8,64,0,72,40,0,40,112
08/29/2005,HFD,CT,ANE,EN,Federal Contract Tower,0,16,13,0,29,0,7,106,0,113,0,23,119,0,142,108,0,108,250
08/30/2005,HFD,CT,ANE,EN,Federal Contract Tower,0,23,23,0,46,0,0,21,0,21,0,23,44,0,67,36,0,36,103
08/31/2005,HFD,CT,ANE,EN,Federal Contract Tower,0,21,5,0,26,0,1,6,0,7,0,22,11,0,33,16,0,16,49
09/01/2005,HFD,CT,ANE,EN,Federal Contract Tower,0,12,16,0,28,0,7,206,0,213,0,19,222,0,241,164,0,164,405
09/02/2005,HFD,CT,ANE,EN,Federal Contract Tower,0,7,7,0,14,0,12,185,0,197,0,19,192,0,211,152,0,152,363
09/03/2005,HFD,CT,ANE,EN,Federal Contract Tower,0,0,2,0,2,0,2,152,0,154,0,2,154,0,156,92,0,92,248
09/04/2005,HFD,CT,ANE,EN,Federal Contract Tower,0,0,3,0,3,0,0,138,0,138,0,0,141,0,141,104,0,104,245
09/05/2005,HFD,CT,ANE,EN,Federal Contract Tower,0,2,3,0,5,0,0,127,0,127,0,2,130,0,132,70,0,70,202
09/06/2005,HFD,CT,ANE,EN,Federal Contract Tower,0,7,7,0,14,0,12,217,4,233,0,19,224,4,247,194,0,194,441
09/07/2005,HFD,CT,ANE,EN,Federal Contract Tower,0,19,20,0,39,0,9,171,2,182,0,28,191,2,221,110,0,110,331
09/08/2005,HFD,CT,ANE,EN,Federal Contract Tower,0,17,14,0,31,0,5,219,0,224,0,22,233,0,255,146,0,146,401
09/09/2005,HFD,CT,ANE,EN,Federal Contract Tower,0,11,12,0,23,0,8,163,2,173,0,19,175,2,196,132,0,132,328
09/10/2005,HFD,CT,ANE,EN,Federal Contract Tower,0,0,7,0,7,0,3,198,2,203,0,3,205,2,210,74,0,74,284
09/11/2005,HFD,CT,ANE,EN,Federal Contract Tower,0,2,1,0,3,0,2,220,0,222,0,4,221,0,225,160,0,160,385
09/12/2005,HFD,CT,ANE,EN,Federal Contract Tower,0,15,13,0,28,0,6,188,0,194,0,21,201,0,222,98,6,104,326
09/13/2005,HFD,CT,ANE,EN,Federal Contract Tower,0,11,19,0,30,0,3,176,0,179,0,14,195,0,209,192,0,192,401
09/14/2005,HFD,CT,ANE,EN,Federal Contract Tower,0,17,22,0,39,0,0,151,0,151,0,17,173,0,190,110,0,110,300
09/15/2005,HFD,CT,ANE,EN,Federal Contract Tower,0,14,13,0,27,0,0,9,0,9,0,14,22,0,36,4,0,4,40
09/16/2005,HFD,CT,ANE,EN,Federal Contract Tower,0,2,7,0,9,0,17,32,0,49,0,19,39,0,58,12,0,12,70
09/17/2005,HFD,CT,ANE,EN,Federal Contract Tower,0,2,13,0,15,0,0,20,0,20,0,2,33,0,35,52,0,52,87
09/18/2005,HFD,CT,ANE,EN,Federal Contract Tower,0,0,0,0,0,0,175,0,0,175,0,175,0,0,175,194,0,194,369
09/19/2005,HFD,CT,ANE,EN,Federal Contract Tower,0,9,4,0,13,0,11,189,0,200,0,20,193,0,213,176,0,176,389
09/20/2005,HFD,CT,ANE,EN,Federal Contract Tower,0,18,20,0,38,0,6,68,0,74,0,24,88,0,112,124,0,124,236
09/21/2005,HFD,CT,ANE,EN,Federal Contract Tower,0,13,13,0,26,0,8,226,0,234,0,21,239,0,260,202,0,202,462
09/22/2005,HFD,CT,ANE,EN,Federal Contract Tower,0,10,6,0,16,0,10,233,2,245,0,20,239,2,261,166,0,166,427
09/23/2005,HFD,CT,ANE,EN,Federal Contract Tower,0,13,6,0,19,0,12,129,0,141,0,25,135,0,160,188,0,188,348
09/24/2005,HFD,CT,ANE,EN,Federal Contract Tower,0,1,3,0,4,0,2,291,0,293,0,3,294,0,297,226,0,226,523
09/25/2005,HFD,CT,ANE,EN,Federal Contract Tower,0,1,7,0,8,0,4,153,2,159,0,5,160,2,167,68,0,68,235
09/26/2005,HFD,CT,ANE,EN,Federal Contract Tower,0,16,13,0,29,0,10,54,0,64,0,26,67,0,93,44,0,44,137
09/27/2005,HFD,CT,ANE,EN,Federal Contract Tower,0,11,10,0,21,0,11,166,0,177,0,22,176,0,198,144,0,144,342
09/28/2005,HFD,CT,ANE,EN,Federal Contract Tower,0,10,5,0,15,0,8,250,0,258,0,18,255,0,273,140,4,144,417
09/29/2005,HFD,CT,ANE,EN,Federal Contract Tower,0,12,9,0,21,0,11,43,1,55,0,23,52,1,76,8,0,8,84
09/30/2005,HFD,CT,ANE,EN,Federal Contract Tower,0,8,13,0,21,0,18,191,0,209,0,26,204,0,230,114,0,114,344
10/01/2005,HFD,CT,ANE,EN,Federal Contract Tower,0,2,8,0,10,0,0,147,0,147,0,2,155,0,157,166,0,166,323
10/02/2005,HFD,CT,ANE,EN,Federal Contract Tower,0,1,4,0,5,0,0,156,0,156,0,1,160,0,161,100,0,100,261
10/03/2005,HFD,CT,ANE,EN,Federal Contract Tower,0,15,9,0,24,0,3,98,0,101,0,18,107,0,125,88,0,88,213
10/04/2005,HFD,CT,ANE,EN,Federal Contract Tower,0,14,17,0,31,0,3,137,4,144,0,17,154,4,175,156,0,156,331
10/05/2005,HFD,CT,ANE,EN,Federal Contract Tower,0,17,19,0,36,0,3,149,0,152,0,20,168,0,188,116,0,116,304
10/06/2005,HFD,CT,ANE,EN,Federal Contract Tower,0,20,24,0,44,0,4,92,0,96,0,24,116,0,140,124,0,124,264
10/07/2005,HFD,CT,ANE,EN,Federal Contract Tower,0,18,36,0,54,0,0,36,0,36,0,18,72,0,90,48,0,48,138
10/08/2005,HFD,CT,ANE,EN,Federal Contract Tower,0,2,13,0,15,0,0,2,0,2,0,2,15,0,17,0,0,0,17
10/09/2005,HFD,CT,ANE,EN,Federal Contract Tower,0,0,31,0,31,0,0,23,0,23,0,0,54,0,54,0,80,80,134
10/10/2005,HFD,CT,ANE,EN,Federal Contract Tower,0,6,17,0,23,0,0,2,0,2,0,6,19,0,25,0,0,0,25
10/11/2005,HFD,CT,ANE,EN,Federal Contract Tower,0,22,34,0,56,0,0,4,0,4,0,22,38,0,60,4,0,4,64
10/12/2005,HFD,CT,ANE,EN,Federal Contract Tower,0,22,17,0,39,0,0,2,0,2,0,22,19,0,41,0,0,0,41
10/13/2005,HFD,CT,ANE,EN,Federal Contract Tower,0,21,6,0,27,0,0,2,0,2,0,21,8,0,29,10,0,10,39
10/14/2005,HFD,CT,ANE,EN,Federal Contract Tower,0,20,17,0,37,0,0,2,0,2,0,20,19,0,39,0,0,0,39
10/15/2005,HFD,CT,ANE,EN,Federal Contract Tower,0,2,19,0,21,0,0,16,0,16,0,2,35,0,37,18,0,18,55
10/16/2005,HFD,CT,ANE,EN,Federal Contract Tower,0,0,1,0,1,0,0,32,0,32,0,0,33,0,33,88,0,88,121
10/17/2005,HFD,CT,ANE,EN,Federal Contract Tower,0,11,5,0,16,0,5,107,0,112,0,16,112,0,128,82,0,82,210
10/18/2005,HFD,CT,ANE,EN,Federal Contract Tower,0,17,9,0,26,0,14,116,0,130,0,31,125,0,156,82,0,82,238
10/19/2005,HFD,CT,ANE,EN,Federal Contract Tower,0,12,14,0,26,0,8,158,0,166,0,20,172,0,192,128,0,128,320
10/20/2005,HFD,CT,ANE,EN,Federal Contract Tower,0,12,7,0,19,0,4,167,0,171,0,16,174,0,190,142,0,142,332
10/21/2005,HFD,CT,ANE,EN,Federal Contract Tower,0,12,13,0,25,0,7,108,0,115,0,19,121,0,140,110,2,112,252
10/22/2005,HFD,CT,ANE,EN,Federal Contract Tower,0,0,18,0,18,0,2,27,0,29,0,2,45,0,47,26,0,26,73
10/23/2005,HFD,CT,ANE,EN,Federal Contract Tower,0,0,18,0,18,0,0,48,0,48,0,0,66,0,66,92,0,92,158
10/24/2005,HFD,CT,ANE,EN,Federal Contract Tower,0,15,21,0,36,0,2,60,0,62,0,17,81,0,98,63,0,63,161
10/25/2005,HFD,CT,ANE,EN,Federal Contract Tower,0,18,1,0,19,0,0,0,0,0,0,18,1,0,19,0,0,0,19
10/26/2005,HFD,CT,ANE,EN,Federal Contract Tower,0,12,7,0,19,0,10,70,0,80,0,22,77,0,99,74,0,74,173
10/27/2005,HFD,CT,ANE,EN,Federal Contract Tower,0,13,13,0,26,0,12,163,4,179,0,25,176,4,205,132,8,140,345
10/28/2005,HFD,CT,ANE,EN,Federal Contract Tower,0,9,8,0,17,0,17,170,0,187,0,26,178,0,204,147,0,147,351
10/29/2005,HFD,CT,ANE,EN,Federal Contract Tower,0,2,13,0,15,0,2,81,0,83,0,4,94,0,98,109,0,109,207
10/30/2005,HFD,CT,ANE,EN,Federal Contract Tower,0,0,7,0,7,0,0,170,0,170,0,0,177,0,177,74,0,74,251
10/31/2005,HFD,CT,ANE,EN,Federal Contract Tower,0,15,12,0,27,0,5,106,0,111,0,20,118,0,138,83,0,83,221
11/01/2005,HFD,CT,ANE,EN,Federal Contract Tower,0,17,10,0,27,0,7,110,0,117,0,24,120,0,144,144,0,144,288
11/02/2005,HFD,CT,ANE,EN,Federal Contract Tower,0,4,2,0,6,0,11,145,0,156,0,15,147,0,162,106,0,106,268
11/03/2005,HFD,CT,ANE,EN,Federal Contract Tower,0,12,4,0,16,0,12,81,0,93,0,24,85,0,109,34,0,34,143
11/04/2005,HFD,CT,ANE,EN,Federal Contract Tower,0,10,1,0,11,0,13,150,0,163,0,23,151,0,174,118,0,118,292
11/05/2005,HFD,CT,ANE,EN,Federal Contract Tower,0,0,17,0,17,0,0,158,0,158,0,0,175,0,175,146,0,146,321
11/06/2005,HFD,CT,ANE,EN,Federal Contract Tower,0,1,13,0,14,0,0,10,2,12,0,1,23,2,26,47,0,47,73
11/07/2005,HFD,CT,ANE,EN,Federal Contract Tower,0,16,8,0,24,0,4,76,0,80,0,20,84,0,104,92,0,92,196
11/08/2005,HFD,CT,ANE,EN,Federal Contract Tower,0,15,10,0,25,0,10,133,0,143,0,25,143,0,168,184,0,184,352
11/09/2005,HFD,CT,ANE,EN,Federal Contract Tower,0,17,4,0,21,0,3,62,0,65,0,20,66,0,86,64,0,64,150
11/10/2005,HFD,CT,ANE,EN,Federal Contract Tower,0,13,7,0,20,0,11,87,1,99,0,24,94,1,119,70,0,70,189
11/11/2005,HFD,CT,ANE,EN,Federal Contract Tower,0,7,8,0,15,0,3,115,0,118,0,10,123,0,133,70,0,70,203
11/12/2005,HFD,CT,ANE,EN,Federal Contract Tower,0,0,9,0,9,0,2,152,0,154,0,2,161,0,163,194,0,194,357
11/13/2005,HFD,CT,ANE,EN,Federal Contract Tower,0,0,9,0,9,0,0,107,0,107,0,0,116,0,116,136,0,136,252
11/14/2005,HFD,CT,ANE,EN,Federal Contract Tower,0,12,7,0,19,0,8,121,2,131,0,20,128,2,150,98,0,98,248
11/15/2005,HFD,CT,ANE,EN,Federal Contract Tower,0,12,12,0,24,0,3,26,0,29,0,15,38,0,53,22,0,22,75
11/16/2005,HFD,CT,ANE,EN,Federal Contract Tower,0,16,15,0,31,0,0,16,0,16,0,16,31,0,47,12,0,12,59
11/17/2005,HFD,CT,ANE,EN,Federal Contract Tower,0,7,1,0,8,0,12,113,2,127,0,19,114,2,135,58,2,60,195
11/18/2005,HFD,CT,ANE,EN,Federal Contract Tower,0,10,12,0,22,0,9,128,0,137,0,19,140,0,159,96,0,96,255
11/19/2005,HFD,CT,ANE,EN,Federal Contract Tower,0,0,9,0,9,0,2,171,0,173,0,2,180,0,182,116,0,116,298
11/20/2005,HFD,CT,ANE,EN,Federal Contract Tower,0,1,5,0,6,0,0,174,0,174,0,1,179,0,180,72,0,72,252
11/21/2005,HFD,CT,ANE,EN,Federal Contract Tower,0,14,9,0,23,0,2,124,0,126,0,16,133,0,149,120,0,120,269
11/22/2005,HFD,CT,ANE,EN,Federal Contract Tower,0,21,15,0,36,0,1,2,0,3,0,22,17,0,39,0,0,0,39
11/23/2005,HFD,CT,ANE,EN,Federal Contract Tower,0,9,16,1,26,0,14,103,1,118,0,23,119,2,144,104,0,104,248
11/24/2005,HFD,CT,ANE,EN,Federal Contract Tower,0,0,0,0,0,0,0,3,0,3,0,0,3,0,3,4,0,4,7
11/25/2005,HFD,CT,ANE,EN,Federal Contract Tower,0,5,5,0,10,0,9,102,0,111,0,14,107,0,121,68,0,68,189
11/26/2005,HFD,CT,ANE,EN,Federal Contract Tower,0,0,13,0,13,0,2,88,0,90,0,2,101,0,103,124,0,124,227
11/27/2005,HFD,CT,ANE,EN,Federal Contract Tower,0,0,13,0,13,0,0,134,0,134,0,0,147,0,147,98,0,98,245
11/28/2005,HFD,CT,ANE,EN,Federal Contract Tower,0,19,9,0,28,0,0,2,0,2,0,19,11,0,30,0,0,0,30
11/29/2005,HFD,CT,ANE,EN,Federal Contract Tower,0,18,14,0,32,0,7,49,0,56,0,25,63,0,88,10,0,10,98
11/30/2005,HFD,CT,ANE,EN,Federal Contract Tower,0,13,17,0,30,0,9,44,0,53,0,22,61,0,83,28,0,28,111
12/01/2005,HFD,CT,ANE,EN,Federal Contract Tower,0,16,14,0,30,0,8,177,2,187,0,24,191,2,217,140,0,140,357
12/02/2005,HFD,CT,ANE,EN,Federal Contract Tower,0,16,3,0,19,0,2,62,0,64,0,18,65,0,83,106,0,106,189
12/03/2005,HFD,CT,ANE,EN,Federal Contract Tower,0,2,3,0,5,0,2,105,0,107,0,4,108,0,112,72,0,72,184
12/04/2005,HFD,CT,ANE,EN,Federal Contract Tower,0,0,0,0,0,0,0,1,0,1,0,0,1,0,1,0,0,0,1
12/05/2005,HFD,CT,ANE,EN,Federal Contract Tower,0,12,7,0,19,0,6,68,0,74,0,18,75,0,93,60,0,60,153
12/06/2005,HFD,CT,ANE,EN,Federal Contract Tower,0,11,1,0,12,0,11,71,0,82,0,22,72,0,94,30,0,30,124
12/07/2005,HFD,CT,ANE,EN,Federal Contract Tower,0,12,5,0,17,0,9,115,0,124,0,21,120,0,141,60,0,60,201
12/08/2005,HFD,CT,ANE,EN,Federal Contract Tower,0,15,18,0,33,0,9,180,0,189,0,24,198,0,222,58,0,58,280
12/09/2005,HFD,CT,ANE,EN,Federal Contract Tower,0,0,1,0,1,0,0,4,0,4,0,0,5,0,5,0,0,0,5
12/10/2005,HFD,CT,ANE,EN,Federal Contract Tower,0,0,0,0,0,0,0,77,0,77,0,0,77,0,77,140,0,140,217
12/11/2005,HFD,CT,ANE,EN,Federal Contract Tower,0,0,9,0,9,0,0,87,0,87,0,0,96,0,96,118,0,118,214
12/12/2005,HFD,CT,ANE,EN,Federal Contract Tower,0,12,15,0,27,0,6,99,0,105,0,18,114,0,132,108,0,108,240
12/13/2005,HFD,CT,ANE,EN,Federal Contract Tower,0,15,8,0,23,0,8,99,0,107,0,23,107,0,130,142,0,142,272
12/14/2005,HFD,CT,ANE,EN,Federal Contract Tower,0,14,17,0,31,0,7,120,0,127,0,21,137,0,158,97,0,97,255
12/15/2005,HFD,CT,ANE,EN,Federal Contract Tower,0,12,6,0,18,0,6,108,0,114,0,18,114,0,132,68,0,68,200
12/16/2005,HFD,CT,ANE,EN,Federal Contract Tower,0,9,3,0,12,0,4,25,0,29,0,13,28,0,41,6,0,6,47
12/17/2005,HFD,CT,ANE,EN,Federal Contract Tower,0,0,1,0,1,0,2,119,0,121,0,2,120,0,122,180,0,180,302
12/18/2005,HFD,CT,ANE,EN,Federal Contract Tower,0,0,9,0,9,0,0,106,0,106,0,0,115,0,115,90,0,90,205
12/19/2005,HFD,CT,ANE,EN,Federal Contract Tower,0,10,9,0,19,0,8,96,0,104,0,18,105,0,123,98,0,98,221
12/20/2005,HFD,CT,ANE,EN,Federal Contract Tower,0,14,8,0,22,0,11,120,0,131,0,25,128,0,153,100,0,100,253
12/21/2005,HFD,CT,ANE,EN,Federal Contract Tower,0,12,6,0,18,0,7,127,0,134,0,19,133,0,152,74,0,74,226
12/22/2005,HFD,CT,ANE,EN,Federal Contract Tower,0,11,7,0,18,0,11,119,0,130,0,22,126,0,148,62,0,62,210
12/23/2005,HFD,CT,ANE,EN,Federal Contract Tower,0,8,5,0,13,0,12,88,0,100,0,20,93,0,113,58,0,58,171
12/24/2005,HFD,CT,ANE,EN,Federal Contract Tower,0,0,1,0,1,0,2,104,0,106,0,2,105,0,107,56,0,56,163
12/25/2005,HFD,CT,ANE,EN,Federal Contract Tower,0,0,0,0,0,7,0,0,0,7,7,0,0,0,7,0,0,0,7
12/26/2005,HFD,CT,ANE,EN,Federal Contract Tower,0,2,9,0,11,0,0,1,0,1,0,2,10,0,12,0,0,0,12
12/27/2005,HFD,CT,ANE,EN,Federal Contract Tower,0,4,5,0,9,0,8,52,0,60,0,12,57,0,69,44,0,44,113
12/28/2005,HFD,CT,ANE,EN,Federal Contract Tower,0,4,8,0,12,0,14,154,0,168,0,18,162,0,180,118,0,118,298
12/29/2005,HFD,CT,ANE,EN,Federal Contract Tower,0,4,1,0,5,0,0,0,0,0,0,4,1,0,5,0,0,0,5
12/30/2005,HFD,CT,ANE,EN,Federal Contract Tower,0,12,4,0,16,0,7,71,0,78,0,19,75,0,94,46,0,46,140
12/31/2005,HFD,CT,ANE,EN,Federal Contract Tower,0,0,2,0,2,0,2,50,0,52,0,2,52,0,54,54,0,54,108
01/01/2006,HFD,CT,ANE,EN,Federal Contract Tower,0,0,1,0,1,0,0,25,0,25,0,0,26,0,26,14,0,14,40
01/02/2006,HFD,CT,ANE,EN,Federal Contract Tower,0,2,14,0,16,0,0,41,0,41,0,2,55,0,57,76,0,76,133
01/03/2006,HFD,CT,ANE,EN,Federal Contract Tower,0,14,2,0,16,0,0,0,0,0,0,14,2,0,16,0,0,0,16
01/04/2006,HFD,CT,ANE,EN,Federal Contract Tower,0,29,11,0,40,0,1,77,0,78,0,30,88,0,118,78,4,82,200
01/05/2006,HFD,CT,ANE,EN,Federal Contract Tower,0,15,8,0,23,0,1,13,0,14,0,16,21,0,37,26,0,26,63
01/06/2006,HFD,CT,ANE,EN,Federal Contract Tower,0,11,16,0,27,0,6,68,0,74,0,17,84,0,101,52,0,52,153
01/07/2006,HFD,CT,ANE,EN,Federal Contract Tower,0,0,6,0,6,0,2,140,0,142,0,2,146,0,148,100,0,100,248
01/08/2006,HFD,CT,ANE,EN,Federal Contract Tower,0,0,4,0,4,0,0,82,0,82,0,0,86,0,86,88,0,88,174
01/09/2006,HFD,CT,ANE,EN,Federal Contract Tower,0,9,7,0,16,0,7,93,0,100,0,16,100,0,116,42,0,42,158
01/10/2006,HFD,CT,ANE,EN,Federal Contract Tower,0,12,9,0,21,0,12,108,0,120,0,24,117,0,141,124,0,124,265
01/11/2006,HFD,CT,ANE,EN,Federal Contract Tower,0,6,18,0,24,0,3,14,0,17,0,9,32,0,41,24,0,24,65
01/12/2006,HFD,CT,ANE,EN,Federal Contract Tower,0,10,5,0,15,0,9,163,0,172,0,19,168,0,187,84,0,84,271
01/13/2006,HFD,CT,ANE,EN,Federal Contract Tower,0,4,15,0,19,0,1,17,0,18,0,5,32,0,37,10,0,10,47
01/14/2006,HFD,CT,ANE,EN,Federal Contract Tower,0,2,6,0,8,0,0,6,0,6,0,2,12,0,14,10,0,10,24
01/15/2006,HFD,CT,ANE,EN,Federal Contract Tower,0,0,0,0,0,0,0,1,0,1,0,0,1,0,1,0,0,0,1
01/16/2006,HFD,CT,ANE,EN,Federal Contract Tower,0,7,2,0,9,0,0,45,0,45,0,7,47,0,54,12,0,12,66
01/17/2006,HFD,CT,ANE,EN,Federal Contract Tower,0,15,5,0,20,0,6,114,0,120,0,21,119,0,140,46,0,46,186
01/18/2006,HFD,CT,ANE,EN,Federal Contract Tower,0,12,0,0,12,0,4,3,0,7,0,16,3,0,19,0,0,0,19
01/19/2006,HFD,CT,ANE,EN,Federal Contract Tower,0,14,10,0,24,0,6,149,0,155,0,20,159,0,179,66,0,66,245
01/20/2006,HFD,CT,ANE,EN,Federal Contract Tower,0,9,5,0,14,0,10,147,0,157,0,19,152,0,171,76,2,78,249
01/21/2006,HFD,CT,ANE,EN,Federal Contract Tower,0,0,2,0,2,0,2,69,0,71,0,2,71,0,73,102,0,102,175
01/22/2006,HFD,CT,ANE,EN,Federal Contract Tower,0,0,6,0,6,0,0,229,0,229,0,0,235,0,235,80,0,80,315
01/23/2006,HFD,CT,ANE,EN,Federal Contract Tower,0,12,2,0,14,0,2,0,0,2,0,14,2,0,16,0,0,0,16
01/24/2006,HFD,CT,ANE,EN,Federal Contract Tower,0,13,4,0,17,0,9,134,0,143,0,22,138,0,160,124,0,124,284
01/25/2006,HFD,CT,ANE,EN,Federal Contract Tower,0,14,8,0,22,0,7,59,0,66,0,21,67,0,88,58,0,58,146
01/26/2006,HFD,CT,ANE,EN,Federal Contract Tower,0,9,8,0,17,0,12,114,22,148,0,21,122,22,165,22,2,24,189
01/27/2006,HFD,CT,ANE,EN,Federal Contract Tower,0,7,14,0,21,0,9,118,0,127,0,16,132,0,148,62,8,70,218
01/28/2006,HFD,CT,ANE,EN,Federal Contract Tower,0,0,5,0,5,0,2,207,0,209,0,2,212,0,214,136,0,136,350
01/29/2006,HFD,CT,ANE,EN,Federal Contract Tower,0,0,0,0,0,0,68,0,0,68,0,68,0,0,68,56,0,56,124
01/30/2006,HFD,CT,ANE,EN,Federal Contract Tower,0,14,4,0,18,0,0,0,0,0,0,14,4,0,18,0,0,0,18
01/31/2006,HFD,CT,ANE,EN,Federal Contract Tower,0,21,7,0,28,0,0,2,0,2,0,21,9,0,30,0,0,0,30
02/01/2006,HFD,CT,ANE,EN,Federal Contract Tower,0,23,10,0,33,0,7,120,0,127,0,30,130,0,160,28,0,28,188
02/02/2006,HFD,CT,ANE,EN,Federal Contract Tower,0,16,7,0,23,0,7,128,3,138,0,23,135,3,161,60,2,62,223
02/03/2006,HFD,CT,ANE,EN,Federal Contract Tower,0,12,24,0,36,0,5,12,0,17,0,17,36,0,53,28,0,28,81
02/04/2006,HFD,CT,ANE,EN,Federal Contract Tower,0,2,15,0,17,0,0,71,0,71,0,2,86,0,88,112,0,112,200
02/05/2006,HFD,CT,ANE,EN,Federal Contract Tower,0,0,5,0,5,0,0,59,0,59,0,0,64,0,64,54,0,54,118
02/06/2006,HFD,CT,ANE,EN,Federal Contract Tower,0,13,8,0,21,0,5,33,0,38,0,18,41,0,59,24,0,24,83
02/07/2006,HFD,CT,ANE,EN,Federal Contract Tower,0,17,9,0,26,0,7,164,0,171,0,24,173,0,197,48,0,48,245
02/08/2006,HFD,CT,ANE,EN,Federal Contract Tower,0,16,17,0,33,0,10,123,0,133,0,26,140,0,166,100,0,100,266
02/09/2006,HFD,CT,ANE,EN,Federal Contract Tower,0,17,20,0,37,0,9,146,2,157,0,26,166,2,194,120,6,126,320
02/10/2006,HFD,CT,ANE,EN,Federal Contract Tower,0,13,6,0,19,0,9,109,0,118,0,22,115,0,137,74,0,74,211
02/11/2006,HFD,CT,ANE,EN,Federal Contract Tower,0,0,10,0,10,0,2,98,0,100,0,2,108,0,110,86,0,86,196
02/12/2006,HFD,CT,ANE,EN,Federal Contract Tower,0,0,0,0,0,0,0,2,0,2,0,0,2,0,2,0,0,0,2
02/13/2006,HFD,CT,ANE,EN,Federal Contract Tower,0,14,4,0,18,0,4,58,0,62,0,18,62,0,80,22,0,22,102
02/14/2006,HFD,CT,ANE,EN,Federal Contract Tower,0,13,6,0,19,0,11,85,0,96,0,24,91,0,115,44,0,44,159
02/15/2006,HFD,CT,ANE,EN,Federal Contract Tower,0,15,10,0,25,0,9,117,2,128,0,24,127,2,153,70,0,70,223
02/16/2006,HFD,CT,ANE,EN,Federal Contract Tower,0,20,9,0,29,0,7,148,0,155,0,27,157,0,184,46,0,46,230
02/17/2006,HFD,CT,ANE,EN,Federal Contract Tower,0,10,4,0,14,0,6,12,0,18,0,16,16,0,32,8,0,8,40
02/18/2006,HFD,CT,ANE,EN,Federal Contract Tower,0,0,2,0,2,0,2,34,0,36,0,2,36,0,38,42,0,42,80
02/19/2006,HFD,CT,ANE,EN,Federal Contract Tower,0,0,12,0,12,0,0,85,1,86,0,0,97,1,98,50,0,50,148
02/20/2006,HFD,CT,ANE,EN,Federal Contract Tower,0,3,6,0,9,0,3,91,0,94,0,6,97,0,103,52,0,52,155
02/21/2006,HFD,CT,ANE,EN,Federal Contract Tower,0,14,1,0,15,0,9,92,0,101,0,23,93,0,116,46,0,46,162
02/22/2006,HFD,CT,ANE,EN,Federal Contract Tower,0,15,6,0,21,0,7,100,0,107,0,22,106,0,128,44,0,44,172
02/23/2006,HFD,CT,ANE,EN,Federal Contract Tower,0,6,4,0,10,0,7,16,0,23,0,13,20,0,33,4,0,4,37
02/24/2006,HFD,CT,ANE,EN,Federal Contract Tower,0,6,9,0,15,0,11,33,0,44,0,17,42,0,59,12,0,12,71
02/25/2006,HFD,CT,ANE,EN,Federal Contract Tower,0,0,0,0,0,0,2,40,0,42,0,2,40,0,42,111,0,111,153
02/26/2006,HFD,CT,ANE,EN,Federal Contract Tower,0,0,5,0,5,0,0,64,0,64,0,0,69,0,69,56,0,56,125
02/27/2006,HFD,CT,ANE,EN,Federal Contract Tower,0,15,2,0,17,0,4,57,0,61,0,19,59,0,78,16,0,16,94
02/28/2006,HFD,CT,ANE,EN,Federal Contract Tower,0,10,7,0,17,0,16,73,0,89,0,26,80,0,106,50,0,50,156
03/01/2006,HFD,CT,ANE,EN,Federal Contract Tower,0,12,3,0,15,0,6,130,0,136,0,18,133,0,151,174,0,174,325
03/02/2006,HFD,CT,ANE,EN,Federal Contract Tower,0,3,0,0,3,0,4,17,0,21,0,7,17,0,24,0,0,0,24
03/03/2006,HFD,CT,ANE,EN,Federal Contract Tower,0,7,5,0,12,0,9,44,2,55,0,16,49,2,67,20,0,20,87
03/04/2006,HFD,CT,ANE,EN,Federal Contract Tower,0,0,2,0,2,0,2,61,0,63,0,2,63,0,65,38,0,38,103
03/05/2006,HFD,CT,ANE,EN,Federal Contract Tower,0,0,5,0,5,0,0,114,0,114,0,0,119,0,119,28,0,28,147
03/06/2006,HFD,CT,ANE,EN,Federal Contract Tower,0,10,6,0,16,0,7,156,0,163,0,17,162,0,179,124,0,124,303
03/07/2006,HFD,CT,ANE,EN,Federal Contract Tower,0,9,9,0,18,0,13,145,0,158,0,22,154,0,176,200,0,200,376
03/08/2006,HFD,CT,ANE,EN,Federal Contract Tower,0,11,14,0,25,0,12,182,0,194,0,23,196,0,219,102,0,102,321
03/09/2006,HFD,CT,ANE,EN,Federal Contract Tower,0,12,12,0,24,0,5,55,0,60,0,17,67,0,84,16,0,16,100
03/10/2006,HFD,CT,ANE,EN,Federal Contract Tower,0,9,1,0,10,0,8,28,0,36,0,17,29,0,46,55,0,55,101
03/11/2006,HFD,CT,ANE,EN,Federal Contract Tower,0,0,4,0,4,0,2,102,0,104,0,2,106,0,108,94,0,94,202
03/12/2006,HFD,CT,ANE,EN,Federal Contract Tower,0,0,12,0,12,0,0,40,0,40,0,0,52,0,52,62,0,62,114
03/13/2006,HFD,CT,ANE,EN,Federal Contract Tower,0,11,12,0,23,0,3,18,0,21,0,14,30,0,44,12,0,12,56
03/14/2006,HFD,CT,ANE,EN,Federal Contract Tower,0,10,6,0,16,0,6,47,0,53,0,16,53,0,69,30,2,32,101
03/15/2006,HFD,CT,ANE,EN,Federal Contract Tower,0,13,6,0,19,0,10,33,0,43,0,23,39,0,62,2,0,2,64
03/16/2006,HFD,CT,ANE,EN,Federal Contract Tower,0,13,3,0,16,0,11,65,0,76,0,24,68,0,92,58,0,58,150
03/17/2006,HFD,CT,ANE,EN,Federal Contract Tower,0,7,14,0,21,0,9,179,2,190,0,16,193,2,211,58,2,60,271
03/18/2006,HFD,CT,ANE,EN,Federal Contract Tower,0,0,2,0,2,0,2,137,0,139,0,2,139,0,141,180,0,180,321
03/19/2006,HFD,CT,ANE,EN,Federal Contract Tower,0,0,11,0,11,0,0,110,0,110,0,0,121,0,121,154,0,154,275
03/20/2006,HFD,CT,ANE,EN,Federal Contract Tower,0,5,11,0,16,0,10,31,0,41,0,15,42,0,57,15,0,15,72
03/21/2006,HFD,CT,ANE,EN,Federal Contract Tower,0,8,11,0,19,0,12,128,0,140,0,20,139,0,159,62,0,62,221
03/22/2006,HFD,CT,ANE,EN,Federal Contract Tower,0,14,8,4,26,0,8,98,0,106,0,22,106,4,132,64,0,64,196
03/23/2006,HFD,CT,ANE,EN,Federal Contract Tower,0,12,3,1,16,0,10,191,3,204,0,22,194,4,220,92,2,94,314
03/24/2006,HFD,CT,ANE,EN,Federal Contract Tower,0,12,12,0,24,0,5,72,0,77,0,17,84,0,101,186,0,186,287
03/25/2006,HFD,CT,ANE,EN,Federal Contract Tower,0,1,13,0,14,0,1,114,0,115,0,2,127,0,129,230,0,230,359
03/26/2006,HFD,CT,ANE,EN,Federal Contract Tower,0,3,9,0,12,0,0,90,0,90,0,3,99,0,102,68,0,68,170
03/27/2006,HFD,CT,ANE,EN,Federal Contract Tower,0,8,16,0,24,0,7,117,0,124,0,15,133,0,148,44,0,44,192
03/28/2006,HFD,CT,ANE,EN,Federal Contract Tower,0,9,8,0,17,0,9,121,0,130,0,18,129,0,147,104,0,104,251
03/29/2006,HFD,CT,ANE,EN,Federal Contract Tower,0,9,6,0,15,0,11,204,0,215,0,20,210,0,230,92,0,92,322
03/30/2006,HFD,CT,ANE,EN,Federal Contract Tower,0,12,5,0,17,0,9,189,4,202,0,21,194,4,219,78,0,78,297
03/31/2006,HFD,CT,ANE,EN,Federal Contract Tower,0,5,8,0,13,0,10,152,0,162,0,15,160,0,175,72,0,72,247
04/01/2006,HFD,CT,ANE,EN,Federal Contract Tower,0,0,14,0,14,0,2,64,0,66,0,2,78,0,80,56,0,56,136
04/02/2006,HFD,CT,ANE,EN,Federal Contract Tower,0,0,8,0,8,0,0,165,0,165,0,0,173,0,173,92,0,92,265
04/03/2006,HFD,CT,ANE,EN,Federal Contract Tower,0,15,5,0,20,0,0,99,0,99,0,15,104,0,119,128,0,128,247
04/04/2006,HFD,CT,ANE,EN,Federal Contract Tower,0,12,11,0,23,0,4,23,0,27,0,16,34,0,50,8,0,8,58
04/05/2006,HFD,CT,ANE,EN,Federal Contract Tower,0,16,14,0,30,0,5,53,2,60,0,21,67,2,90,64,8,72,162
04/06/2006,HFD,CT,ANE,EN,Federal Contract Tower,0,10,17,0,27,0,10,149,0,159,0,20,166,0,186,76,2,78,264
04/07/2006,HFD,CT,ANE,EN,Federal Contract Tower,0,9,27,0,36,0,7,40,0,47,0,16,67,0,83,56,0,56,139
04/08/2006,HFD,CT,ANE,EN,Federal Contract Tower,0,2,15,0,17,0,0,33,0,33,0,2,48,0,50,38,0,38,88
04/09/2006,HFD,CT,ANE,EN,Federal Contract Tower,0,1,7,0,8,0,0,144,0,144,0,1,151,0,152,162,0,162,314
04/10/2006,HFD,CT,ANE,EN,Federal Contract Tower,0,8,8,0,16,0,8,135,0,143,0,16,143,0,159,116,0,116,275
04/11/2006,HFD,CT,ANE,EN,Federal Contract Tower,0,10,12,0,22,0,8,137,0,145,0,18,149,0,167,110,0,110,277
04/12/2006,HFD,CT,ANE,EN,Federal Contract Tower,0,14,5,0,19,0,10,139,6,155,0,24,144,6,174,84,10,94,268
04/13/2006,HFD,CT,ANE,EN,Federal Contract Tower,0,15,5,0,20,0,7,97,0,104,0,22,102,0,124,86,0,86,210
04/14/2006,HFD,CT,ANE,EN,Federal Contract Tower,0,11,19,0,30,0,5,97,0,102,0,16,116,0,132,122,0,122,254
04/15/2006,HFD,CT,ANE,EN,Federal Contract Tower,0,0,20,0,20,0,0,55,0,55,0,0,75,0,75,66,0,66,141
04/16/2006,HFD,CT,ANE,EN,Federal Contract Tower,0,1,6,0,7,0,0,67,0,67,0,1,73,0,74,34,0,34,108
04/17/2006,HFD,CT,ANE,EN,Federal Contract Tower,0,14,9,0,23,0,6,122,0,128,0,20,131,0,151,132,0,132,283
04/18/2006,HFD,CT,ANE,EN,Federal Contract Tower,0,18,9,0,27,0,8,79,2,89,0,26,88,2,116,36,16,52,168
04/19/2006,HFD,CT,ANE,EN,Federal Contract Tower,0,11,11,1,23,0,13,139,0,152,0,24,150,1,175,66,32,98,273
04/20/2006,HFD,CT,ANE,EN,Federal Contract Tower,0,9,8,0,17,0,10,180,1,191,0,19,188,1,208,236,0,236,444
04/21/2006,HFD,CT,ANE,EN,Federal Contract Tower,0,12,13,0,25,0,9,170,0,179,0,21,183,0,204,196,0,196,400
04/22/2006,HFD,CT,ANE,EN,Federal Contract Tower,0,0,17,0,17,0,2,60,0,62,0,2,77,0,79,62,0,62,141
04/23/2006,HFD,CT,ANE,EN,Federal Contract Tower,0,0,13,0,13,0,0,2,0,2,0,0,15,0,15,14,0,14,29
04/24/2006,HFD,CT,ANE,EN,Federal Contract Tower,0,14,22,0,36,0,0,31,0,31,0,14,53,0,67,48,0,48,115
04/25/2006,HFD,CT,ANE,EN,Federal Contract Tower,0,14,13,0,27,0,3,125,0,128,0,17,138,0,155,78,0,78,233
04/26/2006,HFD,CT,ANE,EN,Federal Contract Tower,0,8,7,0,15,0,11,167,0,178,0,19,174,0,193,94,0,94,287
04/27/2006,HFD,CT,ANE,EN,Federal Contract Tower,0,27,8,0,35,0,11,182,0,193,0,38,190,0,228,134,0,134,362
04/28/2006,HFD,CT,ANE,EN,Federal Contract Tower,0,11,15,0,26,0,10,132,0,142,0,21,147,0,168,94,0,94,262
04/29/2006,HFD,CT,ANE,EN,Federal Contract Tower,0,0,11,0,11,0,2,182,0,184,0,2,193,0,195,172,0,172,367
04/30/2006,HFD,CT,ANE,EN,Federal Contract Tower,0,0,15,0,15,0,0,183,0,183,0,0,198,0,198,150,0,150,348
05/01/2006,HFD,CT,ANE,EN,Federal Contract Tower,0,12,8,0,20,0,5,127,0,132,0,17,135,0,152,76,0,76,228
05/02/2006,HFD,CT,ANE,EN,Federal Contract Tower,0,20,21,0,41,0,2,27,0,29,0,22,48,0,70,4,0,4,74
05/03/2006,HFD,CT,ANE,EN,Federal Contract Tower,0,25,20,0,45,0,0,5,0,5,0,25,25,0,50,0,0,0,50
05/04/2006,HFD,CT,ANE,EN,Federal Contract Tower,0,13,2,2,17,0,5,150,0,155,0,18,152,2,172,166,0,166,338
05/05/2006,HFD,CT,ANE,EN,Federal Contract Tower,0,6,3,0,9,0,11,160,2,173,0,17,163,2,182,118,0,118,300
05/06/2006,HFD,CT,ANE,EN,Federal Contract Tower,0,1,4,0,5,0,2,128,4,134,0,3,132,4,139,262,0,262,401
05/07/2006,HFD,CT,ANE,EN,Federal Contract Tower,0,0,7,0,7,0,0,142,0,142,0,0,149,0,149,176,0,176,325
05/08/2006,HFD,CT,ANE,EN,Federal Contract Tower,0,7,10,0,17,0,8,154,0,162,0,15,164,0,179,126,0,126,305
05/09/2006,HFD,CT,ANE,EN,Federal Contract Tower,0,14,26,0,40,0,9,51,0,60,0,23,77,0,100,4,0,4,104
05/10/2006,HFD,CT,ANE,EN,Federal Contract Tower,0,18,28,0,46,0,0,38,0,38,0,18,66,0,84,46,0,46,130
05/11/2006,HFD,CT,ANE,EN,Federal Contract Tower,0,21,31,0,52,0,0,30,0,30,0,21,61,0,82,74,0,74,156
05/12/2006,HFD,CT,ANE,EN,Federal Contract Tower,0,12,8,0,20,0,0,0,0,0,0,12,8,0,20,0,0,0,20
05/13/2006,HFD,CT,ANE,EN,Federal Contract Tower,0,0,0,0,0,0,21,0,0,21,0,21,0,0,21,0,0,0,21
05/14/2006,HFD,CT,ANE,EN,Federal Contract Tower,0,0,15,0,15,0,0,0,0,0,0,0,15,0,15,0,0,0,15
05/15/2006,HFD,CT,ANE,EN,Federal Contract Tower,0,16,22,0,38,0,0,0,0,0,0,16,22,0,38,0,0,0,38
05/16/2006,HFD,CT,ANE,EN,Federal Contract Tower,0,15,32,0,47,0,2,49,0,51,0,17,81,0,98,60,0,60,158
05/17/2006,HFD,CT,ANE,EN,Federal Contract Tower,0,14,15,0,29,0,11,176,0,187,0,25,191,0,216,116,6,122,338
05/18/2006,HFD,CT,ANE,EN,Federal Contract Tower,0,15,13,0,28,0,4,154,0,158,0,19,167,0,186,172,0,172,358
05/19/2006,HFD,CT,ANE,EN,Federal Contract Tower,0,16,19,0,35,0,0,15,0,15,0,16,34,0,50,12,0,12,62
05/20/2006,HFD,CT,ANE,EN,Federal Contract Tower,0,0,14,0,14,0,2,122,0,124,0,2,136,0,138,220,0,220,358
05/21/2006,HFD,CT,ANE,EN,Federal Contract Tower,0,0,15,0,15,0,0,85,2,87,0,0,100,2,102,142,0,142,244
05/22/2006,HFD,CT,ANE,EN,Federal Contract Tower,0,0,10,0,10,0,16,89,0,105,0,16,99,0,115,52,0,52,167
05/23/2006,HFD,CT,ANE,EN,Federal Contract Tower,0,11,14,0,25,0,8,146,0,154,0,19,160,0,179,118,0,118,297
05/24/2006,HFD,CT,ANE,EN,Federal Contract Tower,0,11,10,0,21,0,7,180,0,187,0,18,190,0,208,262,0,262,470
05/25/2006,HFD,CT,ANE,EN,Federal Contract Tower,0,9,6,0,15,0,8,229,0,237,0,17,235,0,252,156,0,156,408
05/26/2006,HFD,CT,ANE,EN,Federal Contract Tower,0,13,13,0,26,0,3,54,0,57,0,16,67,0,83,68,0,68,151
05/27/2006,HFD,CT,ANE,EN,Federal Contract Tower,0,0,25,0,25,0,0,102,0,102,0,0,127,0,127,58,0,58,185
05/28/2006,HFD,CT,ANE,EN,Federal Contract Tower,0,2,6,0,8,0,0,141,0,141,0,2,147,0,149,116,0,116,265
05/29/2006,HFD,CT,ANE,EN,Federal Contract Tower,0,2,17,0,19,0,3,144,0,147,0,5,161,0,166,62,0,62,228
05/30/2006,HFD,CT,ANE,EN,Federal Contract Tower,0,16,16,0,32,0,0,142,6,148,0,16,158,6,180,124,0,124,304
05/31/2006,HFD,CT,ANE,EN,Federal Contract Tower,0,18,42,0,60,0,1,156,0,157,0,19,198,0,217,196,0,196,413
06/01/2006,HFD,CT,ANE,EN,Federal Contract Tower,0,17,16,0,33,0,1,82,0,83,0,18,98,0,116,98,0,98,214
06/02/2006,HFD,CT,ANE,EN,Federal Contract Tower,0,19,10,0,29,0,1,3,0,4,0,20,13,0,33,0,0,0,33
06/03/2006,HFD,CT,ANE,EN,Federal Contract Tower,0,5,8,0,13,0,0,1,0,1,0,5,9,0,14,0,0,0,14
06/04/2006,HFD,CT,ANE,EN,Federal Contract Tower,0,1,32,0,33,0,0,48,0,48,0,1,80,0,81,56,0,56,137
06/05/2006,HFD,CT,ANE,EN,Federal Contract Tower,0,16,17,0,33,0,2,115,0,117,0,18,132,0,150,130,0,130,280
06/06/2006,HFD,CT,ANE,EN,Federal Contract Tower,0,20,21,0,41,0,1,160,2,163,0,21,181,2,204,108,2,110,314
06/07/2006,HFD,CT,ANE,EN,Federal Contract Tower,0,19,18,0,37,0,0,1,0,1,0,19,19,0,38,0,0,0,38
06/08/2006,HFD,CT,ANE,EN,Federal Contract Tower,0,22,54,0,76,0,6,21,0,27,0,28,75,0,103,10,0,10,113
06/09/2006,HFD,CT,ANE,EN,Federal Contract Tower,0,16,29,1,46,0,0,29,1,30,0,16,58,2,76,52,4,56,132
06/10/2006,HFD,CT,ANE,EN,Federal Contract Tower,0,2,19,0,21,0,0,20,0,20,0,2,39,0,41,42,0,42,83
06/11/2006,HFD,CT,ANE,EN,Federal Contract Tower,0,1,4,0,5,0,0,121,0,121,0,1,125,0,126,80,2,82,208
06/12/2006,HFD,CT,ANE,EN,Federal Contract Tower,0,10,10,0,20,0,6,150,0,156,0,16,160,0,176,110,0,110,286
06/13/2006,HFD,CT,ANE,EN,Federal Contract Tower,0,13,4,0,17,0,8,233,0,241,0,21,237,0,258,194,0,194,452
06/14/2006,HFD,CT,ANE,EN,Federal Contract Tower,0,13,5,0,18,0,2,100,0,102,0,15,105,0,120,111,0,111,231
06/15/2006,HFD,CT,ANE,EN,Federal Contract Tower,0,20,20,0,40,0,4,168,0,172,0,24,188,0,212,84,0,84,296
06/16/2006,HFD,CT,ANE,EN,Federal Contract Tower,0,14,13,0,27,0,7,250,0,257,0,21,263,0,284,82,0,82,366
06/17/2006,HFD,CT,ANE,EN,Federal Contract Tower,0,0,7,0,7,0,2,160,0,162,0,2,167,0,169,148,0,148,317
06/18/2006,HFD,CT,ANE,EN,Federal Contract Tower,0,0,10,0,10,0,0,122,0,122,0,0,132,0,132,96,0,96,228
06/19/2006,HFD,CT,ANE,EN,Federal Contract Tower,0,14,14,0,28,0,6,98,0,104,0,20,112,0,132,52,0,52,184
06/20/2006,HFD,CT,ANE,EN,Federal Contract Tower,0,22,12,0,34,0,4,83,0,87,0,26,95,0,121,86,0,86,207
06/21/2006,HFD,CT,ANE,EN,Federal Contract Tower,0,19,12,0,31,0,4,254,0,258,0,23,266,0,289,242,0,242,531
06/22/2006,HFD,CT,ANE,EN,Federal Contract Tower,0,20,9,0,29,0,0,122,0,122,0,20,131,0,151,126,0,126,277
06/23/2006,HFD,CT,ANE,EN,Federal Contract Tower,0,17,14,0,31,0,3,81,0,84,0,20,95,0,115,122,0,122,237
06/24/2006,HFD,CT,ANE,EN,Federal Contract Tower,0,2,9,0,11,0,0,0,0,0,0,2,9,0,11,0,0,0,11
06/25/2006,HFD,CT,ANE,EN,Federal Contract Tower,0,2,16,0,18,0,0,0,0,0,0,2,16,0,18,0,0,0,18
06/26/2006,HFD,CT,ANE,EN,Federal Contract Tower,0,20,18,0,38,0,2,23,0,25,0,22,41,0,63,70,0,70,133
06/27/2006,HFD,CT,ANE,EN,Federal Contract Tower,0,19,19,0,38,0,6,90,0,96,0,25,109,0,134,130,0,130,264
06/28/2006,HFD,CT,ANE,EN,Federal Contract Tower,0,23,22,0,45,0,3,67,0,70,0,26,89,0,115,40,0,40,155
06/29/2006,HFD,CT,ANE,EN,Federal Contract Tower,0,22,20,0,42,0,0,55,0,55,0,22,75,0,97,90,0,90,187
06/30/2006,HFD,CT,ANE,EN,Federal Contract Tower,0,19,17,1,37,0,1,143,1,145,0,20,160,2,182,126,0,126,308
07/01/2006,HFD,CT,ANE,EN,Federal Contract Tower,0,0,6,0,6,0,2,204,0,206,0,2,210,0,212,146,0,146,358
07/02/2006,HFD,CT,ANE,EN,Federal Contract Tower,0,6,2,0,8,0,0,92,0,92,0,6,94,0,100,40,0,40,140
07/03/2006,HFD,CT,ANE,EN,Federal Contract Tower,0,7,11,0,18,0,2,85,0,87,0,9,96,0,105,120,0,120,225
07/04/2006,HFD,CT,ANE,EN,Federal Contract Tower,0,0,6,0,6,0,2,36,0,38,0,2,42,0,44,56,0,56,100
07/05/2006,HFD,CT,ANE,EN,Federal Contract Tower,0,19,13,0,32,0,2,94,0,96,0,21,107,0,128,190,0,190,318
07/06/2006,HFD,CT,ANE,EN,Federal Contract Tower,0,14,11,0,25,0,9,161,0,170,0,23,172,0,195,251,0,251,446
07/07/2006,HFD,CT,ANE,EN,Federal Contract Tower,0,6,3,0,9,0,11,173,0,184,0,17,176,0,193,194,0,194,387
07/08/2006,HFD,CT,ANE,EN,Federal Contract Tower,0,1,6,0,7,0,0,216,0,216,0,1,222,0,223,210,0,210,433
07/09/2006,HFD,CT,ANE,EN,Federal Contract Tower,0,0,7,0,7,0,0,140,0,140,0,0,147,0,147,96,0,96,243
07/10/2006,HFD,CT,ANE,EN,Federal Contract Tower,0,10,8,0,18,0,6,118,0,124,0,16,126,0,142,74,0,74,216
07/11/2006,HFD,CT,ANE,EN,Federal Contract Tower,0,24,19,0,43,0,3,57,0,60,0,27,76,0,103,78,0,78,181
07/12/2006,HFD,CT,ANE,EN,Federal Contract Tower,0,18,22,0,40,0,3,17,0,20,0,21,39,0,60,0,0,0,60
07/13/2006,HFD,CT,ANE,EN,Federal Contract Tower,0,18,35,0,53,0,4,69,0,73,0,22,104,0,126,136,0,136,262
07/14/2006,HFD,CT,ANE,EN,Federal Contract Tower,0,8,10,0,18,0,12,269,0,281,0,20,279,0,299,144,0,144,443
07/15/2006,HFD,CT,ANE,EN,Federal Contract Tower,0,0,12,0,12,0,2,134,0,136,0,2,146,0,148,156,0,156,304
07/16/2006,HFD,CT,ANE,EN,Federal Contract Tower,0,0,12,0,12,0,0,110,0,110,0,0,122,0,122,62,0,62,184
07/17/2006,HFD,CT,ANE,EN,Federal Contract Tower,0,11,7,0,18,0,6,142,4,152,0,17,149,4,170,95,0,95,265
07/18/2006,HFD,CT,ANE,EN,Federal Contract Tower,0,13,6,0,19,0,6,169,0,175,0,19,175,0,194,88,0,88,282
07/19/2006,HFD,CT,ANE,EN,Federal Contract Tower,0,16,13,0,29,0,7,123,0,130,0,23,136,0,159,138,0,138,297
07/20/2006,HFD,CT,ANE,EN,Federal Contract Tower,0,19,20,0,39,0,3,111,0,114,0,22,131,0,153,82,0,82,235
07/21/2006,HFD,CT,ANE,EN,Federal Contract Tower,0,11,7,0,18,0,3,77,0,80,0,14,84,0,98,74,0,74,172
07/22/2006,HFD,CT,ANE,EN,Federal Contract Tower,0,0,15,0,15,0,0,1,0,1,0,0,16,0,16,0,0,0,16
07/23/2006,HFD,CT,ANE,EN,Federal Contract Tower,0,0,41,0,41,0,0,57,0,57,0,0,98,0,98,120,0,120,218
07/24/2006,HFD,CT,ANE,EN,Federal Contract Tower,0,16,16,0,32,0,3,200,0,203,0,19,216,0,235,184,4,188,423
07/25/2006,HFD,CT,ANE,EN,Federal Contract Tower,0,1,5,0,6,0,1,33,0,34,0,2,38,0,40,122,0,122,162
07/26/2006,HFD,CT,ANE,EN,Federal Contract Tower,0,17,17,0,34,0,5,149,0,154,0,22,166,0,188,166,0,166,354
07/27/2006,HFD,CT,ANE,EN,Federal Contract Tower,0,19,25,0,44,0,3,103,0,106,0,22,128,0,150,84,0,84,234
07/28/2006,HFD,CT,ANE,EN,Federal Contract Tower,0,13,18,0,31,0,4,92,0,96,0,17,110,0,127,68,0,68,195
07/29/2006,HFD,CT,ANE,EN,Federal Contract Tower,0,0,8,0,8,0,2,117,0,119,0,2,125,0,127,160,0,160,287
07/30/2006,HFD,CT,ANE,EN,Federal Contract Tower,0,0,9,0,9,0,0,136,0,136,0,0,145,0,145,94,0,94,239
07/31/2006,HFD,CT,ANE,EN,Federal Contract Tower,0,13,5,0,18,0,11,167,0,178,0,24,172,0,196,106,0,106,302
08/01/2006,HFD,CT,ANE,EN,Federal Contract Tower,0,17,7,0,24,0,8,133,0,141,0,25,140,0,165,114,0,114,279
08/02/2006,HFD,CT,ANE,EN,Federal Contract Tower,0,15,15,0,30,0,7,112,0,119,0,22,127,0,149,50,0,50,199
08/03/2006,HFD,CT,ANE,EN,Federal Contract Tower,0,0,0,0,0,0,21,99,0,120,0,21,99,0,120,68,6,74,194
08/04/2006,HFD,CT,ANE,EN,Federal Contract Tower,0,20,21,1,42,0,1,108,0,109,0,21,129,1,151,84,0,84,235
08/05/2006,HFD,CT,ANE,EN,Federal Contract Tower,0,0,9,0,9,0,2,223,0,225,0,2,232,0,234,122,0,122,356
08/06/2006,HFD,CT,ANE,EN,Federal Contract Tower,0,0,10,0,10,0,0,135,0,135,0,0,145,0,145,110,0,110,255
08/07/2006,HFD,CT,ANE,EN,Federal Contract Tower,0,15,8,0,23,0,6,106,5,117,0,21,114,5,140,78,0,78,218
08/08/2006,HFD,CT,ANE,EN,Federal Contract Tower,0,14,8,0,22,0,9,132,0,141,0,23,140,0,163,100,0,100,263
08/09/2006,HFD,CT,ANE,EN,Federal Contract Tower,0,10,4,0,14,0,9,145,0,154,0,19,149,0,168,160,0,160,328
08/10/2006,HFD,CT,ANE,EN,Federal Contract Tower,0,18,22,0,40,0,5,117,0,122,0,23,139,0,162,106,0,106,268
08/11/2006,HFD,CT,ANE,EN,Federal Contract Tower,0,8,5,0,13,0,9,157,1,167,0,17,162,1,180,104,0,104,284
08/12/2006,HFD,CT,ANE,EN,Federal Contract Tower,0,0,5,0,5,0,2,163,0,165,0,2,168,0,170,93,0,93,263
08/13/2006,HFD,CT,ANE,EN,Federal Contract Tower,0,0,12,0,12,0,0,142,0,142,0,0,154,0,154,84,0,84,238
08/14/2006,HFD,CT,ANE,EN,Federal Contract Tower,0,20,11,0,31,0,0,167,2,169,0,20,178,2,200,164,8,172,372
08/15/2006,HFD,CT,ANE,EN,Federal Contract Tower,0,28,14,0,42,0,4,73,0,77,0,32,87,0,119,86,0,86,205
08/16/2006,HFD,CT,ANE,EN,Federal Contract Tower,0,16,8,0,24,0,5,156,0,161,0,21,164,0,185,76,0,76,261
08/17/2006,HFD,CT,ANE,EN,Federal Contract Tower,0,14,3,0,17,0,10,151,6,167,0,24,154,6,184,157,0,157,341
08/18/2006,HFD,CT,ANE,EN,Federal Contract Tower,0,16,17,0,33,0,4,111,0,115,0,20,128,0,148,120,0,120,268
08/19/2006,HFD,CT,ANE,EN,Federal Contract Tower,0,0,7,0,7,0,2,153,0,155,0,2,160,0,162,182,0,182,344
08/20/2006,HFD,CT,ANE,EN,Federal Contract Tower,0,0,7,0,7,0,0,59,0,59,0,0,66,0,66,62,0,62,128
08/21/2006,HFD,CT,ANE,EN,Federal Contract Tower,0,8,7,0,15,0,6,115,0,121,0,14,122,0,136,191,0,191,327
08/22/2006,HFD,CT,ANE,EN,Federal Contract Tower,0,12,4,0,16,0,10,202,0,212,0,22,206,0,228,114,0,114,342
08/23/2006,HFD,CT,ANE,EN,Federal Contract Tower,0,13,9,0,22,0,7,168,0,175,0,20,177,0,197,93,0,93,290
08/24/2006,HFD,CT,ANE,EN,Federal Contract Tower,0,16,17,0,33,0,5,140,0,145,0,21,157,0,178,123,0,123,301
08/25/2006,HFD,CT,ANE,EN,Federal Contract Tower,0,12,5,0,17,0,10,19,0,29,0,22,24,0,46,20,0,20,66
08/26/2006,HFD,CT,ANE,EN,Federal Contract Tower,0,2,17,0,19,0,0,49,0,49,0,2,66,0,68,101,0,101,169
08/27/2006,HFD,CT,ANE,EN,Federal Contract Tower,0,1,12,0,13,0,0,21,0,21,0,1,33,0,34,12,0,12,46
08/28/2006,HFD,CT,ANE,EN,Federal Contract Tower,0,20,7,0,27,0,1,20,0,21,0,21,27,0,48,54,0,54,102
08/29/2006,HFD,CT,ANE,EN,Federal Contract Tower,0,25,16,0,41,0,0,7,0,7,0,25,23,0,48,0,0,0,48
08/30/2006,HFD,CT,ANE,EN,Federal Contract Tower,0,21,16,1,38,0,0,132,1,133,0,21,148,2,171,90,0,90,261
08/31/2006,HFD,CT,ANE,EN,Federal Contract Tower,0,17,9,0,26,0,5,182,0,187,0,22,191,0,213,128,0,128,341
09/01/2006,HFD,CT,ANE,EN,Federal Contract Tower,0,15,9,0,24,0,8,99,0,107,0,23,108,0,131,68,0,68,199
09/02/2006,HFD,CT,ANE,EN,Federal Contract Tower,0,0,7,0,7,0,0,12,0,12,0,0,19,0,19,8,0,8,27
09/03/2006,HFD,CT,ANE,EN,Federal Contract Tower,0,0,17,0,17,0,0,29,0,29,0,0,46,0,46,64,0,64,110
09/04/2006,HFD,CT,ANE,EN,Federal Contract Tower,0,0,15,0,15,0,2,135,0,137,0,2,150,0,152,112,0,112,264
09/05/2006,HFD,CT,ANE,EN,Federal Contract Tower,0,19,14,0,33,0,0,90,0,90,0,19,104,0,123,120,0,120,243
09/06/2006,HFD,CT,ANE,EN,Federal Contract Tower,0,13,13,0,26,0,5,85,0,90,0,18,98,0,116,158,0,158,274
09/07/2006,HFD,CT,ANE,EN,Federal Contract Tower,0,14,12,0,26,0,9,153,0,162,0,23,165,0,188,148,0,148,336
09/08/2006,HFD,CT,ANE,EN,Federal Contract Tower,0,11,9,0,20,0,5,154,0,159,0,16,163,0,179,144,0,144,323
09/09/2006,HFD,CT,ANE,EN,Federal Contract Tower,0,2,8,0,10,0,2,106,0,108,0,4,114,0,118,96,0,96,214
09/10/2006,HFD,CT,ANE,EN,Federal Contract Tower,0,0,9,0,9,0,0,108,0,108,0,0,117,0,117,142,0,142,259
09/11/2006,HFD,CT,ANE,EN,Federal Contract Tower,0,12,6,0,18,0,5,167,0,172,0,17,173,0,190,110,0,110,300
09/12/2006,HFD,CT,ANE,EN,Federal Contract Tower,0,11,6,0,17,0,13,127,0,140,0,24,133,0,157,122,0,122,279
09/13/2006,HFD,CT,ANE,EN,Federal Contract Tower,0,18,12,0,30,0,5,138,0,143,0,23,150,0,173,156,2,158,331
09/14/2006,HFD,CT,ANE,EN,Federal Contract Tower,0,20,12,0,32,0,1,7,2,10,0,21,19,2,42,36,0,36,78
09/15/2006,HFD,CT,ANE,EN,Federal Contract Tower,0,17,17,0,34,0,0,29,0,29,0,17,46,0,63,40,0,40,103
09/16/2006,HFD,CT,ANE,EN,Federal Contract Tower,0,2,11,0,13,0,0,99,0,99,0,2,110,0,112,62,0,62,174
09/17/2006,HFD,CT,ANE,EN,Federal Contract Tower,0,4,8,0,12,0,0,144,0,144,0,4,152,0,156,94,0,94,250
09/18/2006,HFD,CT,ANE,EN,Federal Contract Tower,0,12,10,0,22,0,5,114,0,119,0,17,124,0,141,154,0,154,295
09/19/2006,HFD,CT,ANE,EN,Federal Contract Tower,0,26,23,0,49,0,0,90,0,90,0,26,113,0,139,138,0,138,277
09/20/2006,HFD,CT,ANE,EN,Federal Contract Tower,0,16,15,0,31,0,7,171,4,182,0,23,186,4,213,192,0,192,405
09/21/2006,HFD,CT,ANE,EN,Federal Contract Tower,0,13,12,0,25,0,11,138,0,149,0,24,150,0,174,136,0,136,310
09/22/2006,HFD,CT,ANE,EN,Federal Contract Tower,0,9,6,0,15,0,9,179,0,188,0,18,185,0,203,176,2,178,381
09/23/2006,HFD,CT,ANE,EN,Federal Contract Tower,0,0,18,0,18,0,2,15,2,19,0,2,33,2,37,42,2,44,81
09/24/2006,HFD,CT,ANE,EN,Federal Contract Tower,0,0,17,0,17,0,0,26,0,26,0,0,43,0,43,46,0,46,89
09/25/2006,HFD,CT,ANE,EN,Federal Contract Tower,0,17,13,0,30,0,6,128,0,134,0,23,141,0,164,170,0,170,334
09/26/2006,HFD,CT,ANE,EN,Federal Contract Tower,0,0,12,0,12,0,0,53,0,53,0,0,65,0,65,250,0,250,315
09/27/2006,HFD,CT,ANE,EN,Federal Contract Tower,0,21,24,0,45,0,4,185,0,189,0,25,209,0,234,162,0,162,396
09/28/2006,HFD,CT,ANE,EN,Federal Contract Tower,0,23,14,0,37,0,14,98,0,112,0,37,112,0,149,151,0,151,300
09/29/2006,HFD,CT,ANE,EN,Federal Contract Tower,0,20,13,0,33,0,0,65,0,65,0,20,78,0,98,106,0,106,204
09/30/2006,HFD,CT,ANE,EN,Federal Contract Tower,0,2,12,1,15,0,0,213,3,216,0,2,225,4,231,198,0,198,429
10/01/2006,HFD,CT,ANE,EN,Federal Contract Tower,0,2,12,0,14,0,0,15,0,15,0,2,27,0,29,22,0,22,51
10/02/2006,HFD,CT,ANE,EN,Federal Contract Tower,0,14,15,0,29,0,3,121,0,124,0,17,136,0,153,168,0,168,321
10/03/2006,HFD,CT,ANE,EN,Federal Contract Tower,0,8,14,0,22,0,12,163,0,175,0,20,177,0,197,133,0,133,330
10/04/2006,HFD,CT,ANE,EN,Federal Contract Tower,0,16,14,0,30,0,3,65,0,68,0,19,79,0,98,109,0,109,207
10/05/2006,HFD,CT,ANE,EN,Federal Contract Tower,0,17,8,0,25,0,5,76,0,81,0,22,84,0,106,70,0,70,176
10/06/2006,HFD,CT,ANE,EN,Federal Contract Tower,0,9,7,0,16,0,8,118,0,126,0,17,125,0,142,78,0,78,220
10/07/2006,HFD,CT,ANE,EN,Federal Contract Tower,0,3,9,0,12,0,0,148,0,148,0,3,157,0,160,141,0,141,301
10/08/2006,HFD,CT,ANE,EN,Federal Contract Tower,0,3,9,0,12,0,0,172,0,172,0,3,181,0,184,206,0,206,390
10/09/2006,HFD,CT,ANE,EN,Federal Contract Tower,0,6,3,0,9,0,2,161,0,163,0,8,164,0,172,109,0,109,281
10/10/2006,HFD,CT,ANE,EN,Federal Contract Tower,0,18,11,0,29,0,4,159,2,165,0,22,170,2,194,121,0,121,315
10/11/2006,HFD,CT,ANE,EN,Federal Contract Tower,0,18,35,0,53,0,1,45,0,46,0,19,80,0,99,148,0,148,247
10/12/2006,HFD,CT,ANE,EN,Federal Contract Tower,0,21,18,0,39,0,0,47,0,47,0,21,65,0,86,162,0,162,248
10/13/2006,HFD,CT,ANE,EN,Federal Contract Tower,0,15,6,2,23,0,8,180,0,188,0,23,186,2,211,236,0,236,447
10/14/2006,HFD,CT,ANE,EN,Federal Contract Tower,0,2,7,0,9,0,0,139,0,139,0,2,146,0,148,68,0,68,216
10/15/2006,HFD,CT,ANE,EN,Federal Contract Tower,0,2,10,0,12,0,0,188,0,188,0,2,198,0,200,150,0,150,350
10/16/2006,HFD,CT,ANE,EN,Federal Contract Tower,0,16,14,0,30,0,2,192,0,194,0,18,206,0,224,196,0,196,420
10/17/2006,HFD,CT,ANE,EN,Federal Contract Tower,0,22,22,0,44,0,2,94,0,96,0,24,116,0,140,117,0,117,257
10/18/2006,HFD,CT,ANE,EN,Federal Contract Tower,0,20,11,0,31,0,1,81,0,82,0,21,92,0,113,156,0,156,269
10/19/2006,HFD,CT,ANE,EN,Federal Contract Tower,0,22,25,0,47,0,29,109,0,138,0,51,134,0,185,232,0,232,417
10/20/2006,HFD,CT,ANE,EN,Federal Contract Tower,0,18,21,0,39,0,1,4,0,5,0,19,25,0,44,0,0,0,44
10/21/2006,HFD,CT,ANE,EN,Federal Contract Tower,0,1,11,0,12,0,2,73,0,75,0,3,84,0,87,94,0,94,181
10/22/2006,HFD,CT,ANE,EN,Federal Contract Tower,0,1,8,0,9,0,0,122,0,122,0,1,130,0,131,158,0,158,289
10/23/2006,HFD,CT,ANE,EN,Federal Contract Tower,0,18,15,0,33,0,1,52,0,53,0,19,67,0,86,76,0,76,162
10/24/2006,HFD,CT,ANE,EN,Federal Contract Tower,0,18,5,0,23,0,3,82,0,85,0,21,87,0,108,32,0,32,140
10/25/2006,HFD,CT,ANE,EN,Federal Contract Tower,0,15,7,0,22,0,7,86,2,95,0,22,93,2,117,34,0,34,151
10/26/2006,HFD,CT,ANE,EN,Federal Contract Tower,0,16,12,0,28,0,2,135,0,137,0,18,147,0,165,114,0,114,279
10/27/2006,HFD,CT,ANE,EN,Federal Contract Tower,0,14,9,0,23,0,7,187,0,194,0,21,196,0,217,94,0,94,311
10/28/2006,HFD,CT,ANE,EN,Federal Contract Tower,0,2,0,0,2,0,0,5,0,5,0,2,5,0,7,0,0,0,7
10/29/2006,HFD,CT,ANE,EN,Federal Contract Tower,0,0,1,0,1,0,0,3,0,3,0,0,4,0,4,2,0,2,6
10/30/2006,HFD,CT,ANE,EN,Federal Contract Tower,0,14,2,0,16,0,3,70,0,73,0,17,72,0,89,137,0,137,226
10/31/2006,HFD,CT,ANE,EN,Federal Contract Tower,0,19,13,0,32,0,3,156,2,161,0,22,169,2,193,232,0,232,425
11/01/2006,HFD,CT,ANE,EN,Federal Contract Tower,0,17,5,0,22,0,4,149,0,153,0,21,154,0,175,168,0,168,343
11/02/2006,HFD,CT,ANE,EN,Federal Contract Tower,0,19,28,0,47,0,1,101,0,102,0,20,129,0,149,88,0,88,237
11/03/2006,HFD,CT,ANE,EN,Federal Contract Tower,0,13,12,0,25,0,5,162,0,167,0,18,174,0,192,160,0,160,352
11/04/2006,HFD,CT,ANE,EN,Federal Contract Tower,0,2,5,0,7,0,2,146,0,148,0,4,151,0,155,122,0,122,277
11/05/2006,HFD,CT,ANE,EN,Federal Contract Tower,0,2,2,0,4,0,0,142,0,142,0,2,144,0,146,126,12,138,284
11/06/2006,HFD,CT,ANE,EN,Federal Contract Tower,0,15,6,0,21,0,1,145,2,148,0,16,151,2,169,138,0,138,307
11/07/2006,HFD,CT,ANE,EN,Federal Contract Tower,0,22,15,0,37,0,2,117,0,119,0,24,132,0,156,146,0,146,302
11/08/2006,HFD,CT,ANE,EN,Federal Contract Tower,0,14,11,0,25,0,1,0,0,1,0,15,11,0,26,0,0,0,26
11/09/2006,HFD,CT,ANE,EN,Federal Contract Tower,0,13,12,0,25,0,6,138,0,144,0,19,150,0,169,104,0,104,273
11/10/2006,HFD,CT,ANE,EN,Federal Contract Tower,0,6,8,0,14,0,12,169,0,181,0,18,177,0,195,158,0,158,353
11/11/2006,HFD,CT,ANE,EN,Federal Contract Tower,0,2,14,0,16,0,2,157,0,159,0,4,171,0,175,194,0,194,369
11/12/2006,HFD,CT,ANE,EN,Federal Contract Tower,0,1,11,0,12,0,0,0,0,0,0,1,11,0,12,0,0,0,12
11/13/2006,HFD,CT,ANE,EN,Federal Contract Tower,0,16,21,0,37,0,0,0,0,0,0,16,21,0,37,36,0,36,73
11/14/2006,HFD,CT,ANE,EN,Federal Contract Tower,0,22,24,0,46,0,0,46,0,46,0,22,70,0,92,102,4,106,198
11/15/2006,HFD,CT,ANE,EN,Federal Contract Tower,0,23,38,0,61,0,0,64,0,64,0,23,102,0,125,308,0,308,433
11/16/2006,HFD,CT,ANE,EN,Federal Contract Tower,0,14,17,2,33,0,0,9,0,9,0,14,26,2,42,12,0,12,54
11/17/2006,HFD,CT,ANE,EN,Federal Contract Tower,0,11,17,0,28,0,7,135,6,148,0,18,152,6,176,116,0,116,292
11/18/2006,HFD,CT,ANE,EN,Federal Contract Tower,0,1,7,0,8,0,0,187,1,188,0,1,194,1,196,160,0,160,356
11/19/2006,HFD,CT,ANE,EN,Federal Contract Tower,0,0,14,0,14,0,0,149,0,149,0,0,163,0,163,174,16,190,353
11/20/2006,HFD,CT,ANE,EN,Federal Contract Tower,0,16,8,0,24,0,1,107,0,108,0,17,115,0,132,150,0,150,282
11/21/2006,HFD,CT,ANE,EN,Federal Contract Tower,0,20,11,0,31,0,2,181,0,183,0,22,192,0,214,184,2,186,400
11/22/2006,HFD,CT,ANE,EN,Federal Contract Tower,0,21,8,0,29,0,2,160,0,162,0,23,168,0,191,210,0,210,401
11/23/2006,HFD,CT,ANE,EN,Federal Contract Tower,0,2,5,0,7,0,0,0,0,0,0,2,5,0,7,0,0,0,7
11/24/2006,HFD,CT,ANE,EN,Federal Contract Tower,0,9,10,0,19,0,3,161,0,164,0,12,171,0,183,128,0,128,311
11/25/2006,HFD,CT,ANE,EN,Federal Contract Tower,0,0,1,0,1,0,2,165,0,167,0,2,166,0,168,156,0,156,324
11/26/2006,HFD,CT,ANE,EN,Federal Contract Tower,0,3,9,0,12,0,0,162,0,162,0,3,171,0,174,180,0,180,354
11/27/2006,HFD,CT,ANE,EN,Federal Contract Tower,0,15,6,0,21,0,3,82,0,85,0,18,88,0,106,76,0,76,182
11/28/2006,HFD,CT,ANE,EN,Federal Contract Tower,0,21,28,0,49,0,1,8,0,9,0,22,36,0,58,2,0,2,60
11/29/2006,HFD,CT,ANE,EN,Federal Contract Tower,0,19,19,0,38,0,0,0,0,0,0,19,19,0,38,0,0,0,38
11/30/2006,HFD,CT,ANE,EN,Federal Contract Tower,0,17,23,0,40,0,1,20,0,21,0,18,43,0,61,104,0,104,165
12/01/2006,HFD,CT,ANE,EN,Federal Contract Tower,0,3,29,0,32,0,6,0,0,6,0,9,29,0,38,0,0,0,38
12/02/2006,HFD,CT,ANE,EN,Federal Contract Tower,0,0,10,0,10,0,2,93,0,95,0,2,103,0,105,38,0,38,143
12/03/2006,HFD,CT,ANE,EN,Federal Contract Tower,0,0,6,0,6,0,0,194,0,194,0,0,200,0,200,190,0,190,390
12/04/2006,HFD,CT,ANE,EN,Federal Contract Tower,0,14,9,0,23,0,2,73,0,75,0,16,82,0,98,36,0,36,134
12/05/2006,HFD,CT,ANE,EN,Federal Contract Tower,0,17,17,0,34,0,1,67,0,68,0,18,84,0,102,48,0,48,150
12/06/2006,HFD,CT,ANE,EN,Federal Contract Tower,0,17,12,0,29,0,11,85,0,96,0,28,97,0,125,118,0,118,243
12/07/2006,HFD,CT,ANE,EN,Federal Contract Tower,0,18,3,0,21,0,7,133,0,140,0,25,136,0,161,114,4,118,279
12/08/2006,HFD,CT,ANE,EN,Federal Contract Tower,0,12,6,0,18,0,6,73,0,79,0,18,79,0,97,100,0,100,197
12/09/2006,HFD,CT,ANE,EN,Federal Contract Tower,0,0,6,0,6,0,2,124,0,126,0,2,130,0,132,150,0,150,282
12/10/2006,HFD,CT,ANE,EN,Federal Contract Tower,0,0,4,0,4,0,0,180,0,180,0,0,184,0,184,208,0,208,392
12/11/2006,HFD,CT,ANE,EN,Federal Contract Tower,0,16,11,0,27,0,2,91,0,93,0,18,102,0,120,94,0,94,214
12/12/2006,HFD,CT,ANE,EN,Federal Contract Tower,0,20,14,0,34,0,1,100,0,101,0,21,114,0,135,102,0,102,237
12/13/2006,HFD,CT,ANE,EN,Federal Contract Tower,0,23,37,0,60,0,15,14,0,29,0,38,51,0,89,36,0,36,125
12/14/2006,HFD,CT,ANE,EN,Federal Contract Tower,0,14,14,0,28,0,0,61,0,61,0,14,75,0,89,26,0,26,115
12/15/2006,HFD,CT,ANE,EN,Federal Contract Tower,0,13,19,0,32,0,1,45,0,46,0,14,64,0,78,54,0,54,132
12/16/2006,HFD,CT,ANE,EN,Federal Contract Tower,0,3,2,0,5,0,1,112,2,115,0,4,114,2,120,106,0,106,226
12/17/2006,HFD,CT,ANE,EN,Federal Contract Tower,0,0,5,0,5,0,0,156,0,156,0,0,161,0,161,156,0,156,317
12/18/2006,HFD,CT,ANE,EN,Federal Contract Tower,0,19,8,0,27,0,1,113,0,114,0,20,121,0,141,104,0,104,245
12/19/2006,HFD,CT,ANE,EN,Federal Contract Tower,0,22,11,0,33,0,2,129,6,137,0,24,140,6,170,98,0,98,268
12/20/2006,HFD,CT,ANE,EN,Federal Contract Tower,0,20,8,0,28,0,4,146,0,150,0,24,154,0,178,176,0,176,354
12/21/2006,HFD,CT,ANE,EN,Federal Contract Tower,0,19,3,1,23,0,7,132,0,139,0,26,135,1,162,142,0,142,304
12/22/2006,HFD,CT,ANE,EN,Federal Contract Tower,0,17,3,0,20,0,2,109,0,111,0,19,112,0,131,186,0,186,317
12/23/2006,HFD,CT,ANE,EN,Federal Contract Tower,0,1,8,0,9,0,0,0,0,0,0,1,8,0,9,2,0,2,11
12/24/2006,HFD,CT,ANE,EN,Federal Contract Tower,0,0,0,0,0,0,65,0,0,65,0,65,0,0,65,44,0,44,109
12/25/2006,HFD,CT,ANE,EN,Federal Contract Tower,0,0,0,0,0,0,0,34,0,34,0,0,34,0,34,2,0,2,36
12/26/2006,HFD,CT,ANE,EN,Federal Contract Tower,0,19,7,0,26,0,1,6,0,7,0,20,13,0,33,22,0,22,55
12/27/2006,HFD,CT,ANE,EN,Federal Contract Tower,0,20,17,0,37,0,2,107,0,109,0,22,124,0,146,126,0,126,272
12/28/2006,HFD,CT,ANE,EN,Federal Contract Tower,0,16,4,1,21,0,46,110,1,157,0,62,114,2,178,146,0,146,324
12/29/2006,HFD,CT,ANE,EN,Federal Contract Tower,0,10,8,0,18,0,8,163,0,171,0,18,171,0,189,168,0,168,357
12/30/2006,HFD,CT,ANE,EN,Federal Contract Tower,0,0,3,0,3,0,2,85,0,87,0,2,88,0,90,146,0,146,236
12/31/2006,HFD,CT,ANE,EN,Federal Contract Tower,0,0,0,0,0,0,143,0,0,143,0,143,0,0,143,90,0,90,233
01/01/2007,HFD,CT,ANE,EN,Federal Contract Tower,0,0,0,0,0,0,0,0,0,0,0,0,0,0,0,0,0,0,0
01/02/2007,HFD,CT,ANE,EN,Federal Contract Tower,0,16,3,0,19,0,2,57,0,59,0,18,60,0,78,62,0,62,140
01/03/2007,HFD,CT,ANE,EN,Federal Contract Tower,0,17,6,0,23,0,5,140,0,145,0,22,146,0,168,202,0,202,370
01/04/2007,HFD,CT,ANE,EN,Federal Contract Tower,0,17,7,0,24,0,5,120,0,125,0,22,127,0,149,162,0,162,311
01/05/2007,HFD,CT,ANE,EN,Federal Contract Tower,0,11,12,0,23,0,3,24,0,27,0,14,36,0,50,30,0,30,80
01/06/2007,HFD,CT,ANE,EN,Federal Contract Tower,0,0,20,0,20,0,0,45,0,45,0,0,65,0,65,64,0,64,129
01/07/2007,HFD,CT,ANE,EN,Federal Contract Tower,0,0,9,0,9,0,0,164,0,164,0,0,173,0,173,136,0,136,309
01/08/2007,HFD,CT,ANE,EN,Federal Contract Tower,0,13,4,0,17,0,2,29,0,31,0,15,33,0,48,42,0,42,90
01/09/2007,HFD,CT,ANE,EN,Federal Contract Tower,0,18,3,0,21,0,4,160,0,164,0,22,163,0,185,150,2,152,337
01/10/2007,HFD,CT,ANE,EN,Federal Contract Tower,0,19,7,0,26,0,3,87,0,90,0,22,94,0,116,68,10,78,194
01/11/2007,HFD,CT,ANE,EN,Federal Contract Tower,0,16,15,0,31,0,5,131,0,136,0,21,146,0,167,154,0,154,321
01/12/2007,HFD,CT,ANE,EN,Federal Contract Tower,0,25,4,0,29,0,2,124,2,128,0,27,128,2,157,176,0,176,333
01/13/2007,HFD,CT,ANE,EN,Federal Contract Tower,0,1,17,0,18,0,2,13,0,15,0,3,30,0,33,16,0,16,49
01/14/2007,HFD,CT,ANE,EN,Federal Contract Tower,0,0,8,0,8,0,0,0,0,0,0,0,8,0,8,0,0,0,8
01/15/2007,HFD,CT,ANE,EN,Federal Contract Tower,0,0,8,0,8,0,0,0,0,0,0,0,8,0,8,0,0,0,8
01/16/2007,HFD,CT,ANE,EN,Federal Contract Tower,0,19,3,0,22,0,1,89,0,90,0,20,92,0,112,72,0,72,184
01/17/2007,HFD,CT,ANE,EN,Federal Contract Tower,0,18,16,2,36,0,4,115,2,121,0,22,131,4,157,122,2,124,281
01/18/2007,HFD,CT,ANE,EN,Federal Contract Tower,0,19,7,0,26,0,2,82,0,84,0,21,89,0,110,54,0,54,164
01/19/2007,HFD,CT,ANE,EN,Federal Contract Tower,0,18,9,0,27,0,6,43,0,49,0,24,52,0,76,62,0,62,138
01/20/2007,HFD,CT,ANE,EN,Federal Contract Tower,0,0,0,0,0,0,2,16,0,18,0,2,16,0,18,104,0,104,122
01/21/2007,HFD,CT,ANE,EN,Federal Contract Tower,0,0,4,0,4,0,0,145,0,145,0,0,149,0,149,152,0,152,301
01/22/2007,HFD,CT,ANE,EN,Federal Contract Tower,0,20,6,0,26,0,0,31,0,31,0,20,37,0,57,26,0,26,83
01/23/2007,HFD,CT,ANE,EN,Federal Contract Tower,0,22,3,0,25,0,4,94,0,98,0,26,97,0,123,76,0,76,199
01/24/2007,HFD,CT,ANE,EN,Federal Contract Tower,0,19,17,0,36,0,3,136,0,139,0,22,153,0,175,118,0,118,293
01/25/2007,HFD,CT,ANE,EN,Federal Contract Tower,0,19,6,0,25,0,5,59,0,64,0,24,65,0,89,72,0,72,161
01/26/2007,HFD,CT,ANE,EN,Federal Contract Tower,0,17,5,0,22,0,5,37,0,42,0,22,42,0,64,48,0,48,112
01/27/2007,HFD,CT,ANE,EN,Federal Contract Tower,0,0,7,0,7,0,2,121,0,123,0,2,128,0,130,250,0,250,380
01/28/2007,HFD,CT,ANE,EN,Federal Contract Tower,0,0,5,0,5,0,0,156,0,156,0,0,161,0,161,174,0,174,335
01/29/2007,HFD,CT,ANE,EN,Federal Contract Tower,0,17,5,0,22,0,1,83,0,84,0,18,88,0,106,29,0,29,135
01/30/2007,HFD,CT,ANE,EN,Federal Contract Tower,0,20,3,0,23,0,4,64,0,68,0,24,67,0,91,38,0,38,129
01/31/2007,HFD,CT,ANE,EN,Federal Contract Tower,0,17,13,0,30,0,7,88,0,95,0,24,101,0,125,82,0,82,207
02/01/2007,HFD,CT,ANE,EN,Federal Contract Tower,0,20,2,0,22,0,7,83,0,90,0,27,85,0,112,50,4,54,166
02/02/2007,HFD,CT,ANE,EN,Federal Contract Tower,0,10,3,0,13,0,5,49,0,54,0,15,52,0,67,78,0,78,145
02/03/2007,HFD,CT,ANE,EN,Federal Contract Tower,0,0,7,0,7,0,2,84,0,86,0,2,91,0,93,142,0,142,235
02/04/2007,HFD,CT,ANE,EN,Federal Contract Tower,0,0,7,0,7,0,0,64,0,64,0,0,71,0,71,130,0,130,201
02/05/2007,HFD,CT,ANE,EN,Federal Contract Tower,0,16,1,0,17,0,2,23,0,25,0,18,24,0,42,6,0,6,48
02/06/2007,HFD,CT,ANE,EN,Federal Contract Tower,0,22,9,0,31,0,3,65,0,68,0,25,74,0,99,8,0,8,107
02/07/2007,HFD,CT,ANE,EN,Federal Contract Tower,0,17,5,0,22,0,4,66,0,70,0,21,71,0,92,26,0,26,118
02/08/2007,HFD,CT,ANE,EN,Federal Contract Tower,0,11,10,1,22,0,13,70,1,84,0,24,80,2,106,74,0,74,180
02/09/2007,HFD,CT,ANE,EN,Federal Contract Tower,0,12,3,0,15,0,8,82,0,90,0,20,85,0,105,34,0,34,139
02/10/2007,HFD,CT,ANE,EN,Federal Contract Tower,0,2,4,0,6,0,2,203,0,205,0,4,207,0,211,192,0,192,403
02/11/2007,HFD,CT,ANE,EN,Federal Contract Tower,0,0,12,2,14,0,0,172,0,172,0,0,184,2,186,184,0,184,370
02/12/2007,HFD,CT,ANE,EN,Federal Contract Tower,0,16,1,0,17,0,5,73,0,78,0,21,74,0,95,20,0,20,115
02/13/2007,HFD,CT,ANE,EN,Federal Contract Tower,0,22,5,2,29,0,2,93,0,95,0,24,98,2,124,174,0,174,298
02/14/2007,HFD,CT,ANE,EN,Federal Contract Tower,0,0,0,0,0,0,0,0,0,0,0,0,0,0,0,0,0,0,0
02/15/2007,HFD,CT,ANE,EN,Federal Contract Tower,0,14,4,0,18,0,4,50,0,54,0,18,54,0,72,36,0,36,108
02/16/2007,HFD,CT,ANE,EN,Federal Contract Tower,0,16,12,0,28,0,4,63,0,67,0,20,75,0,95,118,0,118,213
02/17/2007,HFD,CT,ANE,EN,Federal Contract Tower,0,0,3,0,3,0,2,100,0,102,0,2,103,0,105,204,0,204,309
02/18/2007,HFD,CT,ANE,EN,Federal Contract Tower,0,0,0,0,0,0,83,0,0,83,0,83,0,0,83,114,0,114,197
02/19/2007,HFD,CT,ANE,EN,Federal Contract Tower,0,2,6,0,8,0,3,67,0,70,0,5,73,0,78,40,0,40,118
02/20/2007,HFD,CT,ANE,EN,Federal Contract Tower,0,20,6,2,28,0,2,111,0,113,0,22,117,2,141,136,0,136,277
02/21/2007,HFD,CT,ANE,EN,Federal Contract Tower,0,17,7,0,24,0,7,99,0,106,0,24,106,0,130,80,0,80,210
02/22/2007,HFD,CT,ANE,EN,Federal Contract Tower,0,17,5,0,22,0,4,39,0,43,0,21,44,0,65,31,0,31,96
02/23/2007,HFD,CT,ANE,EN,Federal Contract Tower,0,12,5,0,17,0,5,44,0,49,0,17,49,0,66,32,0,32,98
02/24/2007,HFD,CT,ANE,EN,Federal Contract Tower,0,0,3,0,3,0,4,90,0,94,0,4,93,0,97,96,2,98,195
02/25/2007,HFD,CT,ANE,EN,Federal Contract Tower,0,0,3,0,3,0,2,175,0,177,0,2,178,0,180,188,0,188,368
02/26/2007,HFD,CT,ANE,EN,Federal Contract Tower,0,14,4,0,18,0,0,22,0,22,0,14,26,0,40,44,0,44,84
02/27/2007,HFD,CT,ANE,EN,Federal Contract Tower,0,22,5,0,27,0,0,23,0,23,0,22,28,0,50,36,0,36,86
02/28/2007,HFD,CT,ANE,EN,Federal Contract Tower,0,18,5,0,23,0,4,110,0,114,0,22,115,0,137,102,0,102,239
03/01/2007,HFD,CT,ANE,EN,Federal Contract Tower,0,13,5,0,18,0,3,117,0,120,0,16,122,0,138,94,0,94,232
03/02/2007,HFD,CT,ANE,EN,Federal Contract Tower,0,6,7,0,13,0,0,0,0,0,0,6,7,0,13,0,0,0,13
03/03/2007,HFD,CT,ANE,EN,Federal Contract Tower,0,1,6,0,7,0,1,126,0,127,0,2,132,0,134,184,0,184,318
03/04/2007,HFD,CT,ANE,EN,Federal Contract Tower,0,2,4,0,6,0,0,139,0,139,0,2,143,0,145,222,0,222,367
03/05/2007,HFD,CT,ANE,EN,Federal Contract Tower,0,15,6,0,21,0,5,40,0,45,0,20,46,0,66,18,0,18,84
03/06/2007,HFD,CT,ANE,EN,Federal Contract Tower,0,17,1,0,18,0,3,13,0,16,0,20,14,0,34,2,0,2,36
03/07/2007,HFD,CT,ANE,EN,Federal Contract Tower,0,16,6,0,22,0,8,36,0,44,0,24,42,0,66,30,2,32,98
03/08/2007,HFD,CT,ANE,EN,Federal Contract Tower,0,17,3,0,20,0,7,54,0,61,0,24,57,0,81,68,0,68,149
03/09/2007,HFD,CT,ANE,EN,Federal Contract Tower,0,9,10,0,19,0,8,172,0,180,0,17,182,0,199,154,0,154,353
03/10/2007,HFD,CT,ANE,EN,Federal Contract Tower,0,0,17,0,17,0,2,50,0,52,0,2,67,0,69,96,0,96,165
03/11/2007,HFD,CT,ANE,EN,Federal Contract Tower,0,2,7,0,9,0,0,139,0,139,0,2,146,0,148,278,0,278,426
03/12/2007,HFD,CT,ANE,EN,Federal Contract Tower,0,12,7,0,19,0,1,181,0,182,0,13,188,0,201,170,0,170,371
03/13/2007,HFD,CT,ANE,EN,Federal Contract Tower,0,20,8,0,28,0,4,122,0,126,0,24,130,0,154,190,2,192,346
03/14/2007,HFD,CT,ANE,EN,Federal Contract Tower,0,20,11,1,32,0,4,131,1,136,0,24,142,2,168,116,0,116,284
03/15/2007,HFD,CT,ANE,EN,Federal Contract Tower,0,21,13,2,36,0,1,29,0,30,0,22,42,2,66,74,0,74,140
03/16/2007,HFD,CT,ANE,EN,Federal Contract Tower,0,4,2,0,6,0,0,0,0,0,0,4,2,0,6,0,0,0,6
03/17/2007,HFD,CT,ANE,EN,Federal Contract Tower,0,0,0,0,0,0,0,4,0,4,0,0,4,0,4,0,0,0,4
03/18/2007,HFD,CT,ANE,EN,Federal Contract Tower,0,0,3,0,3,0,1,45,0,46,0,1,48,0,49,22,0,22,71
03/19/2007,HFD,CT,ANE,EN,Federal Contract Tower,0,19,2,0,21,0,0,64,0,64,0,19,66,0,85,66,0,66,151
03/20/2007,HFD,CT,ANE,EN,Federal Contract Tower,0,14,3,0,17,0,14,55,0,69,0,28,58,0,86,72,0,72,158
03/21/2007,HFD,CT,ANE,EN,Federal Contract Tower,0,8,19,0,27,0,12,102,0,114,0,20,121,0,141,122,2,124,265
03/22/2007,HFD,CT,ANE,EN,Federal Contract Tower,0,22,25,6,53,0,0,49,0,49,0,22,74,6,102,54,0,54,156
03/23/2007,HFD,CT,ANE,EN,Federal Contract Tower,0,12,8,0,20,0,6,143,0,149,0,18,151,0,169,190,0,190,359
03/24/2007,HFD,CT,ANE,EN,Federal Contract Tower,0,2,6,0,8,0,0,185,0,185,0,2,191,0,193,237,0,237,430
03/25/2007,HFD,CT,ANE,EN,Federal Contract Tower,0,0,23,0,23,0,0,116,0,116,0,0,139,0,139,175,0,175,314
03/26/2007,HFD,CT,ANE,EN,Federal Contract Tower,0,20,7,0,27,0,2,100,0,102,0,22,107,0,129,44,0,44,173
03/27/2007,HFD,CT,ANE,EN,Federal Contract Tower,0,20,11,0,31,0,4,110,2,116,0,24,121,2,147,46,0,46,193
03/28/2007,HFD,CT,ANE,EN,Federal Contract Tower,0,17,6,0,23,0,6,75,0,81,0,23,81,0,104,42,0,42,146
03/29/2007,HFD,CT,ANE,EN,Federal Contract Tower,0,15,6,0,21,0,9,87,0,96,0,24,93,0,117,26,0,26,143
03/30/2007,HFD,CT,ANE,EN,Federal Contract Tower,0,17,8,0,25,0,6,170,0,176,0,23,178,0,201,161,2,163,364
03/31/2007,HFD,CT,ANE,EN,Federal Contract Tower,0,0,5,0,5,0,2,276,0,278,0,2,281,0,283,352,0,352,635
04/01/2007,HFD,CT,ANE,EN,Federal Contract Tower,0,0,18,0,18,0,0,129,0,129,0,0,147,0,147,215,0,215,362
04/02/2007,HFD,CT,ANE,EN,Federal Contract Tower,0,2,37,0,39,0,2,40,0,42,0,4,77,0,81,8,0,8,89
04/03/2007,HFD,CT,ANE,EN,Federal Contract Tower,0,24,29,0,53,0,0,77,0,77,0,24,106,0,130,98,0,98,228
04/04/2007,HFD,CT,ANE,EN,Federal Contract Tower,0,22,10,0,32,0,0,0,0,0,0,22,10,0,32,0,0,0,32
04/05/2007,HFD,CT,ANE,EN,Federal Contract Tower,0,11,9,0,20,0,10,47,2,59,0,21,56,2,79,23,4,27,106
04/06/2007,HFD,CT,ANE,EN,Federal Contract Tower,0,14,5,0,19,0,6,206,0,212,0,20,211,0,231,164,0,164,395
04/07/2007,HFD,CT,ANE,EN,Federal Contract Tower,0,0,5,0,5,0,2,165,0,167,0,2,170,0,172,213,0,213,385
04/08/2007,HFD,CT,ANE,EN,Federal Contract Tower,0,0,5,0,5,0,0,44,0,44,0,0,49,0,49,16,0,16,65
04/09/2007,HFD,CT,ANE,EN,Federal Contract Tower,0,19,8,0,27,0,2,149,0,151,0,21,157,0,178,74,0,74,252
04/10/2007,HFD,CT,ANE,EN,Federal Contract Tower,0,19,18,0,37,0,9,143,0,152,0,28,161,0,189,150,2,152,341
04/11/2007,HFD,CT,ANE,EN,Federal Contract Tower,0,20,11,1,32,0,6,165,1,172,0,26,176,2,204,138,2,140,344
04/12/2007,HFD,CT,ANE,EN,Federal Contract Tower,0,20,9,0,29,0,2,0,0,2,0,22,9,0,31,0,0,0,31
04/13/2007,HFD,CT,ANE,EN,Federal Contract Tower,0,16,5,0,21,0,4,100,2,106,0,20,105,2,127,102,0,102,229
04/14/2007,HFD,CT,ANE,EN,Federal Contract Tower,0,3,8,0,11,0,2,195,1,198,0,5,203,1,209,176,2,178,387
04/15/2007,HFD,CT,ANE,EN,Federal Contract Tower,0,0,0,0,0,0,0,0,0,0,0,0,0,0,0,0,0,0,0
04/16/2007,HFD,CT,ANE,EN,Federal Contract Tower,0,9,1,0,10,0,0,0,0,0,0,9,1,0,10,0,0,0,10
04/17/2007,HFD,CT,ANE,EN,Federal Contract Tower,0,8,10,0,18,0,0,12,2,14,0,8,22,2,32,8,0,8,40
04/18/2007,HFD,CT,ANE,EN,Federal Contract Tower,0,23,4,0,27,0,0,53,2,55,0,23,57,2,82,52,8,60,142
04/19/2007,HFD,CT,ANE,EN,Federal Contract Tower,0,21,7,0,28,0,4,84,0,88,0,25,91,0,116,107,0,107,223
04/20/2007,HFD,CT,ANE,EN,Federal Contract Tower,0,15,9,0,24,0,7,194,0,201,0,22,203,0,225,158,0,158,383
04/21/2007,HFD,CT,ANE,EN,Federal Contract Tower,0,4,5,0,9,0,0,172,0,172,0,4,177,0,181,158,0,158,339
04/22/2007,HFD,CT,ANE,EN,Federal Contract Tower,0,3,4,0,7,0,0,214,0,214,0,3,218,0,221,100,0,100,321
04/23/2007,HFD,CT,ANE,EN,Federal Contract Tower,0,17,15,0,32,0,1,142,0,143,0,18,157,0,175,88,0,88,263
04/24/2007,HFD,CT,ANE,EN,Federal Contract Tower,0,18,17,2,37,0,8,149,0,157,0,26,166,2,194,154,0,154,348
04/25/2007,HFD,CT,ANE,EN,Federal Contract Tower,0,23,15,1,39,0,3,65,1,69,0,26,80,2,108,88,2,90,198
04/26/2007,HFD,CT,ANE,EN,Federal Contract Tower,0,19,9,0,28,0,1,134,0,135,0,20,143,0,163,78,0,78,241
04/27/2007,HFD,CT,ANE,EN,Federal Contract Tower,0,17,17,0,34,0,1,1,0,2,0,18,18,0,36,0,0,0,36
04/28/2007,HFD,CT,ANE,EN,Federal Contract Tower,0,3,21,0,24,0,0,81,0,81,0,3,102,0,105,120,0,120,225
04/29/2007,HFD,CT,ANE,EN,Federal Contract Tower,0,0,22,0,22,0,0,143,0,143,0,0,165,0,165,152,0,152,317
04/30/2007,HFD,CT,ANE,EN,Federal Contract Tower,0,13,14,0,27,0,8,111,0,119,0,21,125,0,146,46,0,46,192
05/01/2007,HFD,CT,ANE,EN,Federal Contract Tower,0,17,8,0,25,0,4,151,0,155,0,21,159,0,180,128,0,128,308
05/02/2007,HFD,CT,ANE,EN,Federal Contract Tower,0,20,17,0,37,0,1,69,2,72,0,21,86,2,109,100,0,100,209
05/03/2007,HFD,CT,ANE,EN,Federal Contract Tower,0,18,9,0,27,0,5,150,0,155,0,23,159,0,182,60,2,62,244
05/04/2007,HFD,CT,ANE,EN,Federal Contract Tower,0,17,11,0,28,0,11,217,0,228,0,28,228,0,256,166,0,166,422
05/05/2007,HFD,CT,ANE,EN,Federal Contract Tower,0,2,0,0,2,0,0,218,0,218,0,2,218,0,220,152,0,152,372
05/06/2007,HFD,CT,ANE,EN,Federal Contract Tower,0,2,2,0,4,0,1,192,2,195,0,3,194,2,199,147,0,147,346
05/07/2007,HFD,CT,ANE,EN,Federal Contract Tower,0,21,14,0,35,0,2,181,0,183,0,23,195,0,218,100,0,100,318
05/08/2007,HFD,CT,ANE,EN,Federal Contract Tower,0,20,10,0,30,0,9,154,0,163,0,29,164,0,193,104,0,104,297
05/09/2007,HFD,CT,ANE,EN,Federal Contract Tower,0,16,6,0,22,0,9,162,4,175,0,25,168,4,197,112,0,112,309
05/10/2007,HFD,CT,ANE,EN,Federal Contract Tower,0,23,18,0,41,0,6,90,0,96,0,29,108,0,137,142,0,142,279
05/11/2007,HFD,CT,ANE,EN,Federal Contract Tower,0,15,18,0,33,0,3,48,0,51,0,18,66,0,84,48,0,48,132
05/12/2007,HFD,CT,ANE,EN,Federal Contract Tower,0,4,13,0,17,0,0,226,0,226,0,4,239,0,243,224,0,224,467
05/13/2007,HFD,CT,ANE,EN,Federal Contract Tower,0,1,5,0,6,0,0,134,0,134,0,1,139,0,140,78,0,78,218
05/14/2007,HFD,CT,ANE,EN,Federal Contract Tower,0,16,5,0,21,0,8,184,0,192,0,24,189,0,213,80,0,80,293
05/15/2007,HFD,CT,ANE,EN,Federal Contract Tower,0,16,11,0,27,0,7,104,0,111,0,23,115,0,138,90,2,92,230
05/16/2007,HFD,CT,ANE,EN,Federal Contract Tower,0,19,6,0,25,0,3,51,0,54,0,22,57,0,79,72,0,72,151
05/17/2007,HFD,CT,ANE,EN,Federal Contract Tower,0,23,17,0,40,0,0,124,4,128,0,23,141,4,168,122,2,124,292
05/18/2007,HFD,CT,ANE,EN,Federal Contract Tower,0,20,14,0,34,0,0,12,0,12,0,20,26,0,46,40,0,40,86
05/19/2007,HFD,CT,ANE,EN,Federal Contract Tower,0,1,36,0,37,0,1,15,0,16,0,2,51,0,53,96,0,96,149
05/20/2007,HFD,CT,ANE,EN,Federal Contract Tower,0,3,11,0,14,0,0,83,0,83,0,3,94,0,97,98,4,102,199
05/21/2007,HFD,CT,ANE,EN,Federal Contract Tower,0,19,8,0,27,0,2,150,0,152,0,21,158,0,179,90,0,90,269
05/22/2007,HFD,CT,ANE,EN,Federal Contract Tower,0,18,11,0,29,0,6,171,0,177,0,24,182,0,206,210,0,210,416
05/23/2007,HFD,CT,ANE,EN,Federal Contract Tower,0,6,15,0,21,0,18,119,0,137,0,24,134,0,158,108,0,108,266
05/24/2007,HFD,CT,ANE,EN,Federal Contract Tower,0,15,6,1,22,0,5,174,1,180,0,20,180,2,202,130,0,130,332
05/25/2007,HFD,CT,ANE,EN,Federal Contract Tower,0,16,9,0,25,0,11,157,0,168,0,27,166,0,193,152,0,152,345
05/26/2007,HFD,CT,ANE,EN,Federal Contract Tower,0,5,13,0,18,0,1,170,0,171,0,6,183,0,189,154,0,154,343
05/27/2007,HFD,CT,ANE,EN,Federal Contract Tower,0,0,8,0,8,0,0,115,0,115,0,0,123,0,123,120,4,124,247
05/28/2007,HFD,CT,ANE,EN,Federal Contract Tower,0,0,12,0,12,0,0,124,0,124,0,0,136,0,136,94,8,102,238
05/29/2007,HFD,CT,ANE,EN,Federal Contract Tower,0,15,18,0,33,0,6,126,0,132,0,21,144,0,165,84,2,86,251
05/30/2007,HFD,CT,ANE,EN,Federal Contract Tower,0,17,5,0,22,0,8,136,0,144,0,25,141,0,166,50,0,50,216
05/31/2007,HFD,CT,ANE,EN,Federal Contract Tower,0,15,13,0,28,0,7,120,0,127,0,22,133,0,155,108,0,108,263
06/01/2007,HFD,CT,ANE,EN,Federal Contract Tower,0,18,16,0,34,0,4,132,0,136,0,22,148,0,170,140,0,140,310
06/02/2007,HFD,CT,ANE,EN,Federal Contract Tower,0,0,4,0,4,0,2,98,0,100,0,2,102,0,104,160,0,160,264
06/03/2007,HFD,CT,ANE,EN,Federal Contract Tower,0,2,12,0,14,0,0,73,0,73,0,2,85,0,87,114,6,120,207
06/04/2007,HFD,CT,ANE,EN,Federal Contract Tower,0,20,17,0,37,0,0,0,0,0,0,20,17,0,37,6,0,6,43
06/05/2007,HFD,CT,ANE,EN,Federal Contract Tower,0,21,4,0,25,0,0,39,0,39,0,21,43,0,64,20,0,20,84
06/06/2007,HFD,CT,ANE,EN,Federal Contract Tower,0,18,7,0,25,0,28,113,0,141,0,46,120,0,166,116,0,116,282
06/07/2007,HFD,CT,ANE,EN,Federal Contract Tower,0,15,5,0,20,0,9,193,0,202,0,24,198,0,222,116,2,118,340
06/08/2007,HFD,CT,ANE,EN,Federal Contract Tower,0,18,14,0,32,0,9,199,0,208,0,27,213,0,240,220,10,230,470
06/09/2007,HFD,CT,ANE,EN,Federal Contract Tower,0,0,23,0,23,0,0,34,0,34,0,0,57,0,57,130,0,130,187
06/10/2007,HFD,CT,ANE,EN,Federal Contract Tower,0,4,21,0,25,0,1,111,0,112,0,5,132,0,137,166,0,166,303
06/11/2007,HFD,CT,ANE,EN,Federal Contract Tower,0,20,6,0,26,0,0,109,0,109,0,20,115,0,135,102,0,102,237
06/12/2007,HFD,CT,ANE,EN,Federal Contract Tower,0,24,10,0,34,0,6,119,0,125,0,30,129,0,159,74,0,74,233
06/13/2007,HFD,CT,ANE,EN,Federal Contract Tower,0,20,36,1,57,0,2,79,1,82,0,22,115,2,139,140,0,140,279
06/14/2007,HFD,CT,ANE,EN,Federal Contract Tower,0,19,31,0,50,0,4,113,0,117,0,23,144,0,167,183,0,183,350
06/15/2007,HFD,CT,ANE,EN,Federal Contract Tower,0,15,23,0,38,0,5,162,0,167,0,20,185,0,205,200,0,200,405
06/16/2007,HFD,CT,ANE,EN,Federal Contract Tower,0,1,3,0,4,0,2,197,0,199,0,3,200,0,203,188,0,188,391
06/17/2007,HFD,CT,ANE,EN,Federal Contract Tower,0,1,7,0,8,0,0,185,0,185,0,1,192,0,193,108,0,108,301
06/18/2007,HFD,CT,ANE,EN,Federal Contract Tower,0,21,9,0,30,0,3,189,0,192,0,24,198,0,222,188,0,188,410
06/19/2007,HFD,CT,ANE,EN,Federal Contract Tower,0,21,16,0,37,0,9,112,0,121,0,30,128,0,158,90,0,90,248
06/20/2007,HFD,CT,ANE,EN,Federal Contract Tower,0,22,23,0,45,0,4,66,0,70,0,26,89,0,115,66,0,66,181
06/21/2007,HFD,CT,ANE,EN,Federal Contract Tower,0,13,19,0,32,0,4,134,1,139,0,17,153,1,171,154,0,154,325
06/22/2007,HFD,CT,ANE,EN,Federal Contract Tower,0,16,10,0,26,0,6,116,0,122,0,22,126,0,148,84,0,84,232
06/23/2007,HFD,CT,ANE,EN,Federal Contract Tower,0,0,12,0,12,0,2,150,0,152,0,2,162,0,164,188,0,188,352
06/24/2007,HFD,CT,ANE,EN,Federal Contract Tower,0,13,10,0,23,0,0,193,0,193,0,13,203,0,216,96,0,96,312
06/25/2007,HFD,CT,ANE,EN,Federal Contract Tower,0,21,7,0,28,0,2,152,0,154,0,23,159,0,182,156,0,156,338
06/26/2007,HFD,CT,ANE,EN,Federal Contract Tower,0,22,9,0,31,0,2,103,0,105,0,24,112,0,136,70,0,70,206
06/27/2007,HFD,CT,ANE,EN,Federal Contract Tower,0,24,31,0,55,0,0,37,0,37,0,24,68,0,92,54,0,54,146
06/28/2007,HFD,CT,ANE,EN,Federal Contract Tower,0,20,18,0,38,0,2,80,0,82,0,22,98,0,120,66,0,66,186
06/29/2007,HFD,CT,ANE,EN,Federal Contract Tower,0,14,18,0,32,0,9,130,0,139,0,23,148,0,171,72,0,72,243
06/30/2007,HFD,CT,ANE,EN,Federal Contract Tower,0,0,11,0,11,0,2,156,0,158,0,2,167,0,169,128,0,128,297
07/01/2007,HFD,CT,ANE,EN,Federal Contract Tower,0,0,13,0,13,0,0,155,0,155,0,0,168,0,168,102,0,102,270
07/02/2007,HFD,CT,ANE,EN,Federal Contract Tower,0,18,2,0,20,0,5,125,0,130,0,23,127,0,150,108,0,108,258
07/03/2007,HFD,CT,ANE,EN,Federal Contract Tower,0,18,10,0,28,0,7,132,0,139,0,25,142,0,167,76,0,76,243
07/04/2007,HFD,CT,ANE,EN,Federal Contract Tower,0,1,10,0,11,0,3,41,0,44,0,4,51,0,55,14,0,14,69
07/05/2007,HFD,CT,ANE,EN,Federal Contract Tower,0,1,2,0,3,0,20,48,0,68,0,21,50,0,71,107,0,107,178
07/06/2007,HFD,CT,ANE,EN,Federal Contract Tower,0,14,9,0,23,0,8,123,0,131,0,22,132,0,154,164,0,164,318
07/07/2007,HFD,CT,ANE,EN,Federal Contract Tower,0,0,4,0,4,0,2,141,0,143,0,2,145,0,147,164,8,172,319
07/08/2007,HFD,CT,ANE,EN,Federal Contract Tower,0,1,10,0,11,0,0,168,0,168,0,1,178,0,179,132,0,132,311
07/09/2007,HFD,CT,ANE,EN,Federal Contract Tower,0,17,9,0,26,0,6,79,0,85,0,23,88,0,111,78,2,80,191
07/10/2007,HFD,CT,ANE,EN,Federal Contract Tower,0,28,11,0,39,0,0,98,0,98,0,28,109,0,137,26,0,26,163
07/11/2007,HFD,CT,ANE,EN,Federal Contract Tower,0,22,16,1,39,0,0,46,0,46,0,22,62,1,85,76,0,76,161
07/12/2007,HFD,CT,ANE,EN,Federal Contract Tower,0,17,14,0,31,0,9,167,0,176,0,26,181,0,207,198,4,202,409
07/13/2007,HFD,CT,ANE,EN,Federal Contract Tower,0,11,8,0,19,0,11,213,0,224,0,22,221,0,243,214,0,214,457
07/14/2007,HFD,CT,ANE,EN,Federal Contract Tower,0,2,5,0,7,0,0,170,0,170,0,2,175,0,177,198,0,198,375
07/15/2007,HFD,CT,ANE,EN,Federal Contract Tower,0,1,10,0,11,0,1,66,0,67,0,2,76,0,78,42,0,42,120
07/16/2007,HFD,CT,ANE,EN,Federal Contract Tower,0,12,14,0,26,0,6,119,0,125,0,18,133,0,151,120,0,120,271
07/17/2007,HFD,CT,ANE,EN,Federal Contract Tower,0,21,16,0,37,0,5,140,0,145,0,26,156,0,182,172,0,172,354
07/18/2007,HFD,CT,ANE,EN,Federal Contract Tower,0,23,21,0,44,0,0,23,0,23,0,23,44,0,67,154,0,154,221
07/19/2007,HFD,CT,ANE,EN,Federal Contract Tower,0,16,12,0,28,0,1,23,0,24,0,17,35,0,52,42,0,42,94
07/20/2007,HFD,CT,ANE,EN,Federal Contract Tower,0,16,7,0,23,0,4,90,0,94,0,20,97,0,117,104,0,104,221
07/21/2007,HFD,CT,ANE,EN,Federal Contract Tower,0,0,9,0,9,0,3,178,0,181,0,3,187,0,190,164,0,164,354
07/22/2007,HFD,CT,ANE,EN,Federal Contract Tower,0,0,9,0,9,0,2,180,2,184,0,2,189,2,193,132,0,132,325
07/23/2007,HFD,CT,ANE,EN,Federal Contract Tower,0,17,20,0,37,0,2,14,0,16,0,19,34,0,53,0,0,0,53
07/24/2007,HFD,CT,ANE,EN,Federal Contract Tower,0,19,22,0,41,0,23,169,0,192,0,42,191,0,233,168,0,168,401
07/25/2007,HFD,CT,ANE,EN,Federal Contract Tower,0,20,13,0,33,0,2,140,0,142,0,22,153,0,175,98,0,98,273
07/26/2007,HFD,CT,ANE,EN,Federal Contract Tower,0,16,11,0,27,0,11,128,0,139,0,27,139,0,166,170,2,172,338
07/27/2007,HFD,CT,ANE,EN,Federal Contract Tower,0,16,16,0,32,0,5,136,0,141,0,21,152,0,173,188,0,188,361
07/28/2007,HFD,CT,ANE,EN,Federal Contract Tower,0,0,18,0,18,0,0,21,0,21,0,0,39,0,39,80,0,80,119
07/29/2007,HFD,CT,ANE,EN,Federal Contract Tower,0,2,14,0,16,0,0,54,0,54,0,2,68,0,70,92,0,92,162
07/30/2007,HFD,CT,ANE,EN,Federal Contract Tower,0,24,14,0,38,0,0,132,0,132,0,24,146,0,170,94,0,94,264
07/31/2007,HFD,CT,ANE,EN,Federal Contract Tower,0,33,22,0,55,0,5,189,0,194,0,38,211,0,249,214,0,214,463
08/01/2007,HFD,CT,ANE,EN,Federal Contract Tower,0,17,12,0,29,0,12,132,0,144,0,29,144,0,173,268,0,268,441
08/02/2007,HFD,CT,ANE,EN,Federal Contract Tower,0,18,11,0,29,0,5,123,0,128,0,23,134,0,157,140,0,140,297
08/03/2007,HFD,CT,ANE,EN,Federal Contract Tower,0,10,6,0,16,0,7,93,0,100,0,17,99,0,116,108,0,108,224
08/04/2007,HFD,CT,ANE,EN,Federal Contract Tower,0,2,5,0,7,0,2,178,0,180,0,4,183,0,187,192,0,192,379
08/05/2007,HFD,CT,ANE,EN,Federal Contract Tower,0,1,8,1,10,0,1,196,0,197,0,2,204,1,207,192,0,192,399
08/06/2007,HFD,CT,ANE,EN,Federal Contract Tower,0,20,28,0,48,0,0,30,0,30,0,20,58,0,78,146,0,146,224
08/07/2007,HFD,CT,ANE,EN,Federal Contract Tower,0,16,21,0,37,0,2,116,4,122,0,18,137,4,159,242,10,252,411
08/08/2007,HFD,CT,ANE,EN,Federal Contract Tower,0,20,17,0,37,0,3,71,0,74,0,23,88,0,111,166,0,166,277
08/09/2007,HFD,CT,ANE,EN,Federal Contract Tower,0,20,5,0,25,0,9,218,0,227,0,29,223,0,252,248,0,248,500
08/10/2007,HFD,CT,ANE,EN,Federal Contract Tower,0,18,15,0,33,0,2,16,0,18,0,20,31,0,51,10,0,10,61
08/11/2007,HFD,CT,ANE,EN,Federal Contract Tower,0,2,12,0,14,0,0,199,0,199,0,2,211,0,213,176,0,176,389
08/12/2007,HFD,CT,ANE,EN,Federal Contract Tower,0,1,2,0,3,0,0,154,2,156,0,1,156,2,159,148,0,148,307
08/13/2007,HFD,CT,ANE,EN,Federal Contract Tower,0,21,10,0,31,0,1,148,13,162,0,22,158,13,193,207,14,221,414
08/14/2007,HFD,CT,ANE,EN,Federal Contract Tower,0,21,6,0,27,0,6,132,2,140,0,27,138,2,167,136,0,136,303
08/15/2007,HFD,CT,ANE,EN,Federal Contract Tower,0,20,7,0,27,0,6,146,4,156,0,26,153,4,183,192,0,192,375
08/16/2007,HFD,CT,ANE,EN,Federal Contract Tower,0,24,9,0,33,0,4,100,0,104,0,28,109,0,137,156,0,156,293
08/17/2007,HFD,CT,ANE,EN,Federal Contract Tower,0,21,11,2,34,0,6,111,5,122,0,27,122,7,156,82,0,82,238
08/18/2007,HFD,CT,ANE,EN,Federal Contract Tower,0,3,4,0,7,0,4,89,0,93,0,7,93,0,100,50,0,50,150
08/19/2007,HFD,CT,ANE,EN,Federal Contract Tower,0,1,16,0,17,0,0,172,0,172,0,1,188,0,189,172,0,172,361
08/20/2007,HFD,CT,ANE,EN,Federal Contract Tower,0,20,6,0,26,0,0,127,0,127,0,20,133,0,153,102,2,104,257
08/21/2007,HFD,CT,ANE,EN,Federal Contract Tower,0,23,32,0,55,0,1,41,0,42,0,24,73,0,97,42,0,42,139
08/22/2007,HFD,CT,ANE,EN,Federal Contract Tower,0,24,15,0,39,0,1,92,0,93,0,25,107,0,132,124,0,124,256
08/23/2007,HFD,CT,ANE,EN,Federal Contract Tower,0,26,30,0,56,0,0,71,0,71,0,26,101,0,127,108,0,108,235
08/24/2007,HFD,CT,ANE,EN,Federal Contract Tower,0,15,1,0,16,19,144,0,0,163,19,159,1,0,179,122,0,122,301
08/25/2007,HFD,CT,ANE,EN,Federal Contract Tower,0,3,13,0,16,0,0,37,0,37,0,3,50,0,53,42,0,42,95
08/26/2007,HFD,CT,ANE,EN,Federal Contract Tower,0,2,5,0,7,0,0,100,0,100,0,2,105,0,107,76,0,76,183
08/27/2007,HFD,CT,ANE,EN,Federal Contract Tower,0,15,13,0,28,0,5,133,0,138,0,20,146,0,166,104,0,104,270
08/28/2007,HFD,CT,ANE,EN,Federal Contract Tower,0,16,2,0,18,0,6,165,0,171,0,22,167,0,189,96,0,96,285
08/29/2007,HFD,CT,ANE,EN,Federal Contract Tower,0,17,14,0,31,0,6,136,1,143,0,23,150,1,174,46,0,46,220
08/30/2007,HFD,CT,ANE,EN,Federal Contract Tower,0,15,5,0,20,0,5,102,0,107,0,20,107,0,127,84,2,86,213
08/31/2007,HFD,CT,ANE,EN,Federal Contract Tower,0,18,18,0,36,0,4,93,0,97,0,22,111,0,133,92,2,94,227
09/01/2007,HFD,CT,ANE,EN,Federal Contract Tower,0,1,7,0,8,0,3,125,0,128,0,4,132,0,136,86,1,87,223
09/02/2007,HFD,CT,ANE,EN,Federal Contract Tower,0,0,4,0,4,0,0,160,0,160,0,0,164,0,164,108,0,108,272
09/03/2007,HFD,CT,ANE,EN,Federal Contract Tower,0,2,4,0,6,0,0,123,0,123,0,2,127,0,129,68,0,68,197
09/04/2007,HFD,CT,ANE,EN,Federal Contract Tower,0,15,7,0,22,0,3,118,0,121,0,18,125,0,143,92,0,92,235
09/05/2007,HFD,CT,ANE,EN,Federal Contract Tower,0,11,12,0,23,0,18,144,0,162,0,29,156,0,185,98,0,98,283
09/06/2007,HFD,CT,ANE,EN,Federal Contract Tower,0,17,11,0,28,0,1,136,0,137,0,18,147,0,165,92,0,92,257
09/07/2007,HFD,CT,ANE,EN,Federal Contract Tower,0,21,2,0,23,0,5,157,0,162,0,26,159,0,185,94,0,94,279
09/08/2007,HFD,CT,ANE,EN,Federal Contract Tower,0,0,12,0,12,0,2,87,0,89,0,2,99,0,101,132,0,132,233
09/09/2007,HFD,CT,ANE,EN,Federal Contract Tower,0,0,21,0,21,0,0,50,0,50,0,0,71,0,71,62,0,62,133
09/10/2007,HFD,CT,ANE,EN,Federal Contract Tower,0,17,28,0,45,0,0,8,0,8,0,17,36,0,53,88,0,88,141
09/11/2007,HFD,CT,ANE,EN,Federal Contract Tower,0,23,21,0,44,0,0,2,0,2,0,23,23,0,46,0,0,0,46
09/12/2007,HFD,CT,ANE,EN,Federal Contract Tower,0,14,15,0,29,0,7,127,0,134,0,21,142,0,163,154,0,154,317
09/13/2007,HFD,CT,ANE,EN,Federal Contract Tower,0,19,5,0,24,0,4,172,0,176,0,23,177,0,200,184,0,184,384
09/14/2007,HFD,CT,ANE,EN,Federal Contract Tower,0,17,10,0,27,0,3,126,0,129,0,20,136,0,156,128,2,130,286
09/15/2007,HFD,CT,ANE,EN,Federal Contract Tower,0,3,10,0,13,0,0,32,0,32,0,3,42,0,45,10,0,10,55
09/16/2007,HFD,CT,ANE,EN,Federal Contract Tower,0,0,7,0,7,0,0,142,0,142,0,0,149,0,149,120,0,120,269
09/17/2007,HFD,CT,ANE,EN,Federal Contract Tower,0,14,14,0,28,0,3,175,2,180,0,17,189,2,208,138,0,138,346
09/18/2007,HFD,CT,ANE,EN,Federal Contract Tower,0,19,7,0,26,0,8,123,2,133,0,27,130,2,159,100,4,104,263
09/19/2007,HFD,CT,ANE,EN,Federal Contract Tower,0,19,12,0,31,0,5,184,0,189,0,24,196,0,220,136,0,136,356
09/20/2007,HFD,CT,ANE,EN,Federal Contract Tower,0,17,7,0,24,0,3,122,0,125,0,20,129,0,149,88,2,90,239
09/21/2007,HFD,CT,ANE,EN,Federal Contract Tower,0,13,16,0,29,0,5,128,0,133,0,18,144,0,162,76,0,76,238
09/22/2007,HFD,CT,ANE,EN,Federal Contract Tower,0,2,22,0,24,0,0,53,0,53,0,2,75,0,77,64,0,64,141
09/23/2007,HFD,CT,ANE,EN,Federal Contract Tower,0,0,10,0,10,0,0,156,0,156,0,0,166,0,166,82,0,82,248
09/24/2007,HFD,CT,ANE,EN,Federal Contract Tower,0,15,11,0,26,0,4,166,0,170,0,19,177,0,196,38,0,38,234
09/25/2007,HFD,CT,ANE,EN,Federal Contract Tower,0,19,7,0,26,0,4,158,0,162,0,23,165,0,188,150,0,150,338
09/26/2007,HFD,CT,ANE,EN,Federal Contract Tower,0,21,13,0,34,0,5,145,4,154,0,26,158,4,188,98,0,98,286
09/27/2007,HFD,CT,ANE,EN,Federal Contract Tower,0,4,16,0,20,0,20,58,0,78,0,24,74,0,98,34,0,34,132
09/28/2007,HFD,CT,ANE,EN,Federal Contract Tower,0,15,14,0,29,0,8,110,0,118,0,23,124,0,147,87,0,87,234
09/29/2007,HFD,CT,ANE,EN,Federal Contract Tower,0,0,18,0,18,0,2,105,0,107,0,2,123,0,125,112,0,112,237
09/30/2007,HFD,CT,ANE,EN,Federal Contract Tower,0,1,13,0,14,0,0,219,0,219,0,1,232,0,233,206,0,206,439
10/01/2007,HFD,CT,ANE,EN,Federal Contract Tower,0,14,9,0,23,0,5,141,0,146,0,19,150,0,169,138,0,138,307
10/02/2007,HFD,CT,ANE,EN,Federal Contract Tower,0,24,65,0,89,0,1,251,0,252,0,25,316,0,341,74,0,74,415
10/03/2007,HFD,CT,ANE,EN,Federal Contract Tower,0,14,98,0,112,0,0,181,0,181,0,14,279,0,293,14,0,14,307
10/04/2007,HFD,CT,ANE,EN,Federal Contract Tower,0,22,107,0,129,0,2,439,0,441,0,24,546,0,570,26,0,26,596
10/05/2007,HFD,CT,ANE,EN,Federal Contract Tower,0,18,118,0,136,0,4,675,0,679,0,22,793,0,815,0,0,0,815
10/06/2007,HFD,CT,ANE,EN,Federal Contract Tower,0,2,134,0,136,0,0,444,0,444,0,2,578,0,580,0,0,0,580
10/07/2007,HFD,CT,ANE,EN,Federal Contract Tower,0,1,84,0,85,0,0,245,0,245,0,1,329,0,330,14,0,14,344
10/08/2007,HFD,CT,ANE,EN,Federal Contract Tower,0,6,14,0,20,0,2,144,0,146,0,8,158,0,166,136,0,136,302
10/09/2007,HFD,CT,ANE,EN,Federal Contract Tower,0,18,17,2,37,0,7,102,0,109,0,25,119,2,146,58,0,58,204
10/10/2007,HFD,CT,ANE,EN,Federal Contract Tower,0,26,33,0,59,0,1,2,0,3,0,27,35,0,62,8,0,8,70
10/11/2007,HFD,CT,ANE,EN,Federal Contract Tower,0,19,24,1,44,0,0,7,0,7,0,19,31,1,51,6,0,6,57
10/12/2007,HFD,CT,ANE,EN,Federal Contract Tower,0,16,14,0,30,0,7,65,0,72,0,23,79,0,102,88,0,88,190
10/13/2007,HFD,CT,ANE,EN,Federal Contract Tower,0,0,10,0,10,0,2,148,0,150,0,2,158,0,160,138,0,138,298
10/14/2007,HFD,CT,ANE,EN,Federal Contract Tower,0,0,8,0,8,0,0,125,0,125,0,0,133,0,133,126,0,126,259
10/15/2007,HFD,CT,ANE,EN,Federal Contract Tower,0,15,14,0,29,0,3,172,6,181,0,18,186,6,210,162,0,162,372
10/16/2007,HFD,CT,ANE,EN,Federal Contract Tower,0,14,11,0,25,0,7,176,0,183,0,21,187,0,208,152,0,152,360
10/17/2007,HFD,CT,ANE,EN,Federal Contract Tower,0,15,25,0,40,0,5,127,1,133,0,20,152,1,173,144,0,144,317
10/18/2007,HFD,CT,ANE,EN,Federal Contract Tower,0,20,13,0,33,0,0,79,0,79,0,20,92,0,112,102,0,102,214
10/19/2007,HFD,CT,ANE,EN,Federal Contract Tower,0,18,23,0,41,0,0,1,0,1,0,18,24,0,42,0,0,0,42
10/20/2007,HFD,CT,ANE,EN,Federal Contract Tower,0,0,16,0,16,0,2,120,0,122,0,2,136,0,138,138,0,138,276
10/21/2007,HFD,CT,ANE,EN,Federal Contract Tower,0,0,5,0,5,0,0,221,0,221,0,0,226,0,226,240,0,240,466
10/22/2007,HFD,CT,ANE,EN,Federal Contract Tower,0,18,5,0,23,0,2,189,0,191,0,20,194,0,214,184,0,184,398
10/23/2007,HFD,CT,ANE,EN,Federal Contract Tower,0,22,18,0,40,0,2,91,0,93,0,24,109,0,133,86,0,86,219
10/24/2007,HFD,CT,ANE,EN,Federal Contract Tower,0,24,28,0,52,0,2,36,0,38,0,26,64,0,90,66,0,66,156
10/25/2007,HFD,CT,ANE,EN,Federal Contract Tower,0,17,16,1,34,0,0,119,2,121,0,17,135,3,155,110,0,110,265
10/26/2007,HFD,CT,ANE,EN,Federal Contract Tower,0,18,22,0,40,0,3,131,0,134,0,21,153,0,174,140,0,140,314
10/27/2007,HFD,CT,ANE,EN,Federal Contract Tower,0,0,7,0,7,0,0,6,0,6,0,0,13,0,13,0,0,0,13
10/28/2007,HFD,CT,ANE,EN,Federal Contract Tower,0,3,10,0,13,0,0,151,0,151,0,3,161,0,164,114,0,114,278
10/29/2007,HFD,CT,ANE,EN,Federal Contract Tower,0,18,13,0,31,0,2,181,0,183,0,20,194,0,214,180,0,180,394
10/30/2007,HFD,CT,ANE,EN,Federal Contract Tower,0,23,13,0,36,0,7,142,0,149,0,30,155,0,185,188,0,188,373
10/31/2007,HFD,CT,ANE,EN,Federal Contract Tower,0,19,9,0,28,0,6,101,0,107,0,25,110,0,135,88,0,88,223
11/01/2007,HFD,CT,ANE,EN,Federal Contract Tower,0,14,8,1,23,0,3,118,1,122,0,17,126,2,145,158,0,158,303
11/02/2007,HFD,CT,ANE,EN,Federal Contract Tower,0,13,6,0,19,0,8,184,0,192,0,21,190,0,211,166,2,168,379
11/03/2007,HFD,CT,ANE,EN,Federal Contract Tower,0,1,5,0,6,0,1,7,0,8,0,2,12,0,14,14,0,14,28
11/04/2007,HFD,CT,ANE,EN,Federal Contract Tower,0,0,7,0,7,0,0,163,0,163,0,0,170,0,170,176,14,190,360
11/05/2007,HFD,CT,ANE,EN,Federal Contract Tower,0,18,14,0,32,0,1,147,0,148,0,19,161,0,180,92,0,92,272
11/06/2007,HFD,CT,ANE,EN,Federal Contract Tower,0,22,5,0,27,0,3,36,0,39,0,25,41,0,66,26,0,26,92
11/07/2007,HFD,CT,ANE,EN,Federal Contract Tower,0,20,8,0,28,0,7,107,0,114,0,27,115,0,142,102,2,104,246
11/08/2007,HFD,CT,ANE,EN,Federal Contract Tower,0,17,14,0,31,0,5,136,0,141,0,22,150,0,172,104,0,104,276
11/09/2007,HFD,CT,ANE,EN,Federal Contract Tower,0,15,10,0,25,0,6,107,2,115,0,21,117,2,140,92,0,92,232
11/10/2007,HFD,CT,ANE,EN,Federal Contract Tower,0,1,12,0,13,0,2,97,0,99,0,3,109,0,112,164,0,164,276
11/11/2007,HFD,CT,ANE,EN,Federal Contract Tower,0,0,11,0,11,0,0,253,0,253,0,0,264,0,264,234,0,234,498
11/12/2007,HFD,CT,ANE,EN,Federal Contract Tower,0,5,7,0,12,0,2,162,0,164,0,7,169,0,176,76,0,76,252
11/13/2007,HFD,CT,ANE,EN,Federal Contract Tower,0,21,14,0,35,0,3,106,0,109,0,24,120,0,144,110,0,110,254
11/14/2007,HFD,CT,ANE,EN,Federal Contract Tower,0,9,8,0,17,0,8,93,0,101,0,17,101,0,118,104,0,104,222
11/15/2007,HFD,CT,ANE,EN,Federal Contract Tower,0,19,15,0,34,0,1,8,0,9,0,20,23,0,43,0,0,0,43
11/16/2007,HFD,CT,ANE,EN,Federal Contract Tower,0,16,5,0,21,0,9,54,0,63,0,25,59,0,84,50,0,50,134
11/17/2007,HFD,CT,ANE,EN,Federal Contract Tower,0,1,13,0,14,0,1,157,0,158,0,2,170,0,172,178,0,178,350
11/18/2007,HFD,CT,ANE,EN,Federal Contract Tower,0,0,8,2,10,0,0,196,0,196,0,0,204,2,206,184,0,184,390
11/19/2007,HFD,CT,ANE,EN,Federal Contract Tower,0,19,8,0,27,0,2,150,0,152,0,21,158,0,179,122,0,122,301
11/20/2007,HFD,CT,ANE,EN,Federal Contract Tower,0,3,5,0,8,0,0,2,0,2,0,3,7,0,10,2,0,2,12
11/21/2007,HFD,CT,ANE,EN,Federal Contract Tower,0,6,22,0,28,0,0,0,0,0,0,6,22,0,28,0,0,0,28
11/22/2007,HFD,CT,ANE,EN,Federal Contract Tower,0,1,3,0,4,0,0,16,0,16,0,1,19,0,20,22,0,22,42
11/23/2007,HFD,CT,ANE,EN,Federal Contract Tower,0,18,5,0,23,0,2,110,0,112,0,20,115,0,135,144,0,144,279
11/24/2007,HFD,CT,ANE,EN,Federal Contract Tower,0,0,2,0,2,0,2,193,0,195,0,2,195,0,197,188,0,188,385
11/25/2007,HFD,CT,ANE,EN,Federal Contract Tower,0,1,8,0,9,0,0,233,0,233,0,1,241,0,242,218,0,218,460
11/26/2007,HFD,CT,ANE,EN,Federal Contract Tower,0,11,7,0,18,0,0,0,0,0,0,11,7,0,18,0,0,0,18
11/27/2007,HFD,CT,ANE,EN,Federal Contract Tower,0,17,13,0,30,0,7,93,0,100,0,24,106,0,130,136,0,136,266
11/28/2007,HFD,CT,ANE,EN,Federal Contract Tower,0,11,6,0,17,0,10,201,0,211,0,21,207,0,228,216,0,216,444
11/29/2007,HFD,CT,ANE,EN,Federal Contract Tower,0,19,10,0,29,0,0,92,0,92,0,19,102,0,121,82,0,82,203
11/30/2007,HFD,CT,ANE,EN,Federal Contract Tower,0,11,2,0,13,0,9,161,0,170,0,20,163,0,183,144,0,144,327
12/01/2007,HFD,CT,ANE,EN,Federal Contract Tower,0,0,3,0,3,0,2,58,0,60,0,2,61,0,63,2,0,2,65
12/02/2007,HFD,CT,ANE,EN,Federal Contract Tower,0,0,0,0,0,0,0,38,0,38,0,0,38,0,38,158,0,158,196
12/03/2007,HFD,CT,ANE,EN,Federal Contract Tower,0,13,4,0,17,0,0,6,0,6,0,13,10,0,23,0,0,0,23
12/04/2007,HFD,CT,ANE,EN,Federal Contract Tower,0,16,9,0,25,0,7,19,0,26,0,23,28,0,51,2,0,2,53
12/05/2007,HFD,CT,ANE,EN,Federal Contract Tower,0,13,8,0,21,0,8,60,0,68,0,21,68,0,89,92,0,92,181
12/06/2007,HFD,CT,ANE,EN,Federal Contract Tower,0,13,8,1,22,0,5,124,0,129,0,18,132,1,151,112,2,114,265
12/07/2007,HFD,CT,ANE,EN,Federal Contract Tower,0,14,12,0,26,0,6,93,0,99,0,20,105,0,125,116,0,116,241
12/08/2007,HFD,CT,ANE,EN,Federal Contract Tower,0,0,5,0,5,0,2,126,0,128,0,2,131,0,133,174,0,174,307
12/09/2007,HFD,CT,ANE,EN,Federal Contract Tower,0,0,3,0,3,0,0,88,0,88,0,0,91,0,91,78,0,78,169
12/10/2007,HFD,CT,ANE,EN,Federal Contract Tower,0,17,5,0,22,0,0,0,0,0,0,17,5,0,22,0,0,0,22
12/11/2007,HFD,CT,ANE,EN,Federal Contract Tower,0,14,10,0,24,0,0,65,0,65,0,14,75,0,89,94,0,94,183
12/12/2007,HFD,CT,ANE,EN,Federal Contract Tower,0,18,6,0,24,0,2,80,0,82,0,20,86,0,106,68,0,68,174
12/13/2007,HFD,CT,ANE,EN,Federal Contract Tower,0,2,2,0,4,0,4,10,0,14,0,6,12,0,18,0,0,0,18
12/14/2007,HFD,CT,ANE,EN,Federal Contract Tower,0,13,7,0,20,0,2,79,0,81,0,15,86,0,101,12,0,12,113
12/15/2007,HFD,CT,ANE,EN,Federal Contract Tower,0,0,9,0,9,0,2,105,0,107,0,2,114,0,116,104,0,104,220
12/16/2007,HFD,CT,ANE,EN,Federal Contract Tower,0,0,0,0,0,0,0,0,0,0,0,0,0,0,0,0,0,0,0
12/17/2007,HFD,CT,ANE,EN,Federal Contract Tower,0,15,0,0,15,0,6,14,0,20,0,21,14,0,35,8,0,8,43
12/18/2007,HFD,CT,ANE,EN,Federal Contract Tower,0,10,1,0,11,0,12,142,0,154,0,22,143,0,165,118,0,118,283
12/19/2007,HFD,CT,ANE,EN,Federal Contract Tower,0,18,12,0,30,0,4,63,0,67,0,22,75,0,97,80,0,80,177
12/20/2007,HFD,CT,ANE,EN,Federal Contract Tower,0,21,4,1,26,0,0,64,1,65,0,21,68,2,91,92,2,94,185
12/21/2007,HFD,CT,ANE,EN,Federal Contract Tower,0,17,12,0,29,0,2,39,0,41,0,19,51,0,70,64,0,64,134
12/22/2007,HFD,CT,ANE,EN,Federal Contract Tower,0,2,10,0,12,0,1,89,0,90,0,3,99,0,102,170,0,170,272
12/23/2007,HFD,CT,ANE,EN,Federal Contract Tower,0,0,2,0,2,0,0,7,0,7,0,0,9,0,9,16,0,16,25
12/24/2007,HFD,CT,ANE,EN,Federal Contract Tower,0,6,6,0,12,0,5,48,0,53,0,11,54,0,65,46,0,46,111
12/25/2007,HFD,CT,ANE,EN,Federal Contract Tower,0,0,0,0,0,0,2,31,0,33,0,2,31,0,33,0,0,0,33
12/26/2007,HFD,CT,ANE,EN,Federal Contract Tower,0,10,12,0,22,0,2,104,0,106,0,12,116,0,128,154,0,154,282
12/27/2007,HFD,CT,ANE,EN,Federal Contract Tower,0,18,1,0,19,0,0,4,0,4,0,18,5,0,23,20,0,20,43
12/28/2007,HFD,CT,ANE,EN,Federal Contract Tower,0,13,9,0,22,0,4,136,0,140,0,17,145,0,162,106,0,106,268
12/29/2007,HFD,CT,ANE,EN,Federal Contract Tower,0,2,2,0,4,0,0,46,0,46,0,2,48,0,50,22,0,22,72
12/30/2007,HFD,CT,ANE,EN,Federal Contract Tower,0,0,5,0,5,0,0,145,0,145,0,0,150,0,150,176,0,176,326
12/31/2007,HFD,CT,ANE,EN,Federal Contract Tower,0,13,5,0,18,0,3,52,0,55,0,16,57,0,73,58,0,58,131
01/01/2008,HFD,CT,ANE,EN,Federal Contract Tower,0,2,5,0,7,0,2,0,0,2,0,4,5,0,9,0,0,0,9
01/02/2008,HFD,CT,ANE,EN,Federal Contract Tower,0,15,3,0,18,0,2,46,0,48,0,17,49,0,66,24,0,24,90
01/03/2008,HFD,CT,ANE,EN,Federal Contract Tower,0,16,0,1,17,0,4,68,0,72,0,20,68,1,89,82,0,82,171
01/04/2008,HFD,CT,ANE,EN,Federal Contract Tower,0,11,4,0,15,0,9,112,0,121,0,20,116,0,136,130,0,130,266
01/05/2008,HFD,CT,ANE,EN,Federal Contract Tower,0,0,6,0,6,0,2,169,0,171,0,2,175,0,177,144,0,144,321
01/06/2008,HFD,CT,ANE,EN,Federal Contract Tower,0,0,9,0,9,0,0,88,0,88,0,0,97,0,97,134,0,134,231
01/07/2008,HFD,CT,ANE,EN,Federal Contract Tower,0,13,7,0,20,0,2,94,0,96,0,15,101,0,116,78,0,78,194
01/08/2008,HFD,CT,ANE,EN,Federal Contract Tower,0,20,10,0,30,0,6,159,0,165,0,26,169,0,195,178,0,178,373
01/09/2008,HFD,CT,ANE,EN,Federal Contract Tower,0,16,2,0,18,0,6,31,2,39,0,22,33,2,57,40,0,40,97
01/10/2008,HFD,CT,ANE,EN,Federal Contract Tower,0,14,8,0,22,0,8,121,0,129,0,22,129,0,151,162,0,162,313
01/11/2008,HFD,CT,ANE,EN,Federal Contract Tower,0,22,14,0,36,0,1,2,0,3,0,23,16,0,39,0,0,0,39
01/12/2008,HFD,CT,ANE,EN,Federal Contract Tower,0,0,8,0,8,0,0,159,0,159,0,0,167,0,167,140,0,140,307
01/13/2008,HFD,CT,ANE,EN,Federal Contract Tower,0,2,12,0,14,0,0,114,0,114,0,2,126,0,128,178,0,178,306
01/14/2008,HFD,CT,ANE,EN,Federal Contract Tower,0,15,0,0,15,0,2,4,0,6,0,17,4,0,21,12,0,12,33
01/15/2008,HFD,CT,ANE,EN,Federal Contract Tower,0,22,7,2,31,0,1,73,0,74,0,23,80,2,105,96,0,96,201
01/16/2008,HFD,CT,ANE,EN,Federal Contract Tower,0,10,10,0,20,0,13,113,0,126,0,23,123,0,146,60,0,60,206
01/17/2008,HFD,CT,ANE,EN,Federal Contract Tower,0,17,9,0,26,0,5,104,0,109,0,22,113,0,135,98,0,98,233
01/18/2008,HFD,CT,ANE,EN,Federal Contract Tower,0,10,3,0,13,0,6,71,0,77,0,16,74,0,90,70,0,70,160
01/19/2008,HFD,CT,ANE,EN,Federal Contract Tower,0,0,3,0,3,0,2,109,0,111,0,2,112,0,114,142,0,142,256
01/20/2008,HFD,CT,ANE,EN,Federal Contract Tower,0,0,2,0,2,0,0,47,0,47,0,0,49,0,49,0,52,52,101
01/21/2008,HFD,CT,ANE,EN,Federal Contract Tower,0,6,8,0,14,0,3,89,0,92,0,9,97,0,106,56,0,56,162
01/22/2008,HFD,CT,ANE,EN,Federal Contract Tower,0,20,0,0,20,0,1,45,0,46,0,21,45,0,66,54,0,54,120
01/23/2008,HFD,CT,ANE,EN,Federal Contract Tower,0,15,3,0,18,0,6,128,0,134,0,21,131,0,152,68,0,68,220
01/24/2008,HFD,CT,ANE,EN,Federal Contract Tower,0,15,3,0,18,0,4,86,0,90,0,19,89,0,108,94,0,94,202
01/25/2008,HFD,CT,ANE,EN,Federal Contract Tower,0,13,6,0,19,0,7,101,2,110,0,20,107,2,129,76,4,80,209
01/26/2008,HFD,CT,ANE,EN,Federal Contract Tower,0,1,6,0,7,0,2,165,0,167,0,3,171,0,174,176,0,176,350
01/27/2008,HFD,CT,ANE,EN,Federal Contract Tower,0,0,4,0,4,0,0,64,0,64,0,0,68,0,68,124,0,124,192
01/28/2008,HFD,CT,ANE,EN,Federal Contract Tower,0,17,3,0,20,0,2,124,2,128,0,19,127,2,148,114,0,114,262
01/29/2008,HFD,CT,ANE,EN,Federal Contract Tower,0,15,10,0,25,0,7,91,0,98,0,22,101,0,123,94,0,94,217
01/30/2008,HFD,CT,ANE,EN,Federal Contract Tower,0,13,4,0,17,0,8,17,0,25,0,21,21,0,42,40,0,40,82
01/31/2008,HFD,CT,ANE,EN,Federal Contract Tower,0,19,6,0,25,0,0,158,0,158,0,19,164,0,183,148,0,148,331
02/01/2008,HFD,CT,ANE,EN,Federal Contract Tower,0,11,1,0,12,0,3,4,0,7,0,14,5,0,19,12,0,12,31
02/02/2008,HFD,CT,ANE,EN,Federal Contract Tower,0,0,12,0,12,0,2,108,0,110,0,2,120,0,122,158,0,158,280
02/03/2008,HFD,CT,ANE,EN,Federal Contract Tower,0,0,13,0,13,0,0,113,0,113,0,0,126,0,126,144,0,144,270
02/04/2008,HFD,CT,ANE,EN,Federal Contract Tower,0,20,3,0,23,0,0,46,0,46,0,20,49,0,69,28,0,28,97
02/05/2008,HFD,CT,ANE,EN,Federal Contract Tower,0,10,3,0,13,0,0,0,0,0,0,10,3,0,13,0,0,0,13
02/06/2008,HFD,CT,ANE,EN,Federal Contract Tower,0,14,9,0,23,0,0,0,0,0,0,14,9,0,23,0,0,0,23
02/07/2008,HFD,CT,ANE,EN,Federal Contract Tower,0,21,10,1,32,0,0,39,0,39,0,21,49,1,71,76,0,76,147
02/08/2008,HFD,CT,ANE,EN,Federal Contract Tower,0,1,2,0,3,0,17,43,0,60,0,18,45,0,63,54,0,54,117
02/09/2008,HFD,CT,ANE,EN,Federal Contract Tower,0,0,6,0,6,0,2,40,0,42,0,2,46,0,48,44,2,46,94
02/10/2008,HFD,CT,ANE,EN,Federal Contract Tower,0,0,2,0,2,0,0,2,0,2,0,0,4,0,4,0,0,0,4
02/11/2008,HFD,CT,ANE,EN,Federal Contract Tower,0,14,0,0,14,0,6,79,0,85,0,20,79,0,99,52,0,52,151
02/12/2008,HFD,CT,ANE,EN,Federal Contract Tower,0,7,0,0,7,0,2,72,0,74,0,9,72,0,81,136,0,136,217
02/13/2008,HFD,CT,ANE,EN,Federal Contract Tower,0,13,1,0,14,0,0,0,0,0,0,13,1,0,14,0,0,0,14
02/14/2008,HFD,CT,ANE,EN,Federal Contract Tower,0,15,6,0,21,0,5,120,8,133,0,20,126,8,154,94,0,94,248
02/15/2008,HFD,CT,ANE,EN,Federal Contract Tower,0,15,4,0,19,0,4,104,0,108,0,19,108,0,127,92,0,92,219
02/16/2008,HFD,CT,ANE,EN,Federal Contract Tower,0,2,9,0,11,0,2,150,0,152,0,4,159,0,163,126,0,126,289
02/17/2008,HFD,CT,ANE,EN,Federal Contract Tower,0,2,3,0,5,0,0,17,0,17,0,2,20,0,22,34,0,34,56
02/18/2008,HFD,CT,ANE,EN,Federal Contract Tower,0,4,9,0,13,0,0,5,0,5,0,4,14,0,18,2,0,2,20
02/19/2008,HFD,CT,ANE,EN,Federal Contract Tower,0,20,9,0,29,0,4,80,0,84,0,24,89,0,113,50,0,50,163
02/20/2008,HFD,CT,ANE,EN,Federal Contract Tower,0,20,6,0,26,0,0,89,0,89,0,20,95,0,115,78,0,78,193
02/21/2008,HFD,CT,ANE,EN,Federal Contract Tower,0,16,10,0,26,0,9,151,0,160,0,25,161,0,186,146,0,146,332
02/22/2008,HFD,CT,ANE,EN,Federal Contract Tower,0,8,0,0,8,0,0,0,0,0,0,8,0,0,8,0,0,0,8
02/23/2008,HFD,CT,ANE,EN,Federal Contract Tower,0,0,0,0,0,0,0,47,0,47,0,0,47,0,47,36,0,36,83
02/24/2008,HFD,CT,ANE,EN,Federal Contract Tower,0,0,5,0,5,0,0,159,0,159,0,0,164,0,164,180,0,180,344
02/25/2008,HFD,CT,ANE,EN,Federal Contract Tower,0,16,4,0,20,0,4,119,0,123,0,20,123,0,143,138,0,138,281
02/26/2008,HFD,CT,ANE,EN,Federal Contract Tower,0,15,3,0,18,0,1,26,0,27,0,16,29,0,45,42,0,42,87
02/27/2008,HFD,CT,ANE,EN,Federal Contract Tower,0,22,10,0,32,0,1,43,0,44,0,23,53,0,76,88,0,88,164
02/28/2008,HFD,CT,ANE,EN,Federal Contract Tower,0,18,15,0,33,0,5,82,2,89,0,23,97,2,122,84,0,84,206
02/29/2008,HFD,CT,ANE,EN,Federal Contract Tower,0,18,5,0,23,0,3,77,0,80,0,21,82,0,103,104,0,104,207
03/01/2008,HFD,CT,ANE,EN,Federal Contract Tower,0,0,2,0,2,0,0,11,0,11,0,0,13,0,13,18,0,18,31
03/02/2008,HFD,CT,ANE,EN,Federal Contract Tower,0,1,6,0,7,0,0,111,0,111,0,1,117,0,118,98,0,98,216
03/03/2008,HFD,CT,ANE,EN,Federal Contract Tower,0,15,11,0,26,0,46,56,0,102,0,61,67,0,128,142,0,142,270
03/04/2008,HFD,CT,ANE,EN,Federal Contract Tower,0,24,5,2,31,0,0,17,2,19,0,24,22,4,50,26,0,26,76
03/05/2008,HFD,CT,ANE,EN,Federal Contract Tower,0,15,4,0,19,0,0,33,0,33,0,15,37,0,52,68,0,68,120
03/06/2008,HFD,CT,ANE,EN,Federal Contract Tower,0,14,8,0,22,0,3,146,0,149,0,17,154,0,171,148,0,148,319
03/07/2008,HFD,CT,ANE,EN,Federal Contract Tower,0,18,5,0,23,0,6,82,0,88,0,24,87,0,111,72,0,72,183
03/08/2008,HFD,CT,ANE,EN,Federal Contract Tower,0,2,1,0,3,0,0,0,0,0,0,2,1,0,3,0,0,0,3
03/09/2008,HFD,CT,ANE,EN,Federal Contract Tower,0,2,2,0,4,0,0,29,0,29,0,2,31,0,33,36,6,42,75
03/10/2008,HFD,CT,ANE,EN,Federal Contract Tower,0,18,9,0,27,0,4,108,0,112,0,22,117,0,139,110,0,110,249
03/11/2008,HFD,CT,ANE,EN,Federal Contract Tower,0,18,9,0,27,0,9,127,0,136,0,27,136,0,163,84,0,84,247
03/12/2008,HFD,CT,ANE,EN,Federal Contract Tower,0,19,18,0,37,0,4,42,0,46,0,23,60,0,83,20,0,20,103
03/13/2008,HFD,CT,ANE,EN,Federal Contract Tower,0,14,17,0,31,0,9,142,0,151,0,23,159,0,182,160,0,160,342
03/14/2008,HFD,CT,ANE,EN,Federal Contract Tower,0,17,6,0,23,0,0,53,0,53,0,17,59,0,76,90,0,90,166
03/15/2008,HFD,CT,ANE,EN,Federal Contract Tower,0,2,5,0,7,0,0,26,0,26,0,2,31,0,33,36,0,36,69
03/16/2008,HFD,CT,ANE,EN,Federal Contract Tower,0,2,1,0,3,0,0,42,0,42,0,2,43,0,45,110,0,110,155
03/17/2008,HFD,CT,ANE,EN,Federal Contract Tower,0,14,4,0,18,0,9,75,0,84,0,23,79,0,102,92,0,92,194
03/18/2008,HFD,CT,ANE,EN,Federal Contract Tower,0,24,12,0,36,0,3,123,0,126,0,27,135,0,162,130,0,130,292
03/19/2008,HFD,CT,ANE,EN,Federal Contract Tower,0,19,7,0,26,0,0,0,0,0,0,19,7,0,26,0,0,0,26
03/20/2008,HFD,CT,ANE,EN,Federal Contract Tower,0,16,8,0,24,0,1,24,0,25,0,17,32,0,49,22,0,22,71
03/21/2008,HFD,CT,ANE,EN,Federal Contract Tower,0,14,0,0,14,0,2,15,0,17,0,16,15,0,31,22,0,22,53
03/22/2008,HFD,CT,ANE,EN,Federal Contract Tower,0,1,6,0,7,0,1,142,0,143,0,2,148,0,150,142,0,142,292
03/23/2008,HFD,CT,ANE,EN,Federal Contract Tower,0,0,4,0,4,0,0,66,0,66,0,0,70,0,70,24,0,24,94
03/24/2008,HFD,CT,ANE,EN,Federal Contract Tower,0,10,2,0,12,0,8,137,0,145,0,18,139,0,157,98,0,98,255
03/25/2008,HFD,CT,ANE,EN,Federal Contract Tower,0,20,9,0,29,0,9,142,0,151,0,29,151,0,180,112,0,112,292
03/26/2008,HFD,CT,ANE,EN,Federal Contract Tower,0,19,13,0,32,0,3,53,0,56,0,22,66,0,88,40,0,40,128
03/27/2008,HFD,CT,ANE,EN,Federal Contract Tower,0,16,6,0,22,0,7,90,0,97,0,23,96,0,119,126,0,126,245
03/28/2008,HFD,CT,ANE,EN,Federal Contract Tower,0,17,8,0,25,0,0,1,0,1,0,17,9,0,26,0,0,0,26
03/29/2008,HFD,CT,ANE,EN,Federal Contract Tower,0,0,3,0,3,0,2,99,0,101,0,2,102,0,104,84,0,84,188
03/30/2008,HFD,CT,ANE,EN,Federal Contract Tower,0,0,5,0,5,0,1,207,0,208,0,1,212,0,213,188,0,188,401
03/31/2008,HFD,CT,ANE,EN,Federal Contract Tower,0,17,9,0,26,0,2,22,0,24,0,19,31,0,50,56,0,56,106
04/01/2008,HFD,CT,ANE,EN,Federal Contract Tower,0,20,15,0,35,0,1,2,0,3,0,21,17,0,38,0,0,0,38
04/02/2008,HFD,CT,ANE,EN,Federal Contract Tower,0,17,3,0,20,0,3,39,0,42,0,20,42,0,62,48,0,48,110
04/03/2008,HFD,CT,ANE,EN,Federal Contract Tower,0,14,15,0,29,0,9,163,0,172,0,23,178,0,201,194,0,194,395
04/04/2008,HFD,CT,ANE,EN,Federal Contract Tower,0,19,6,0,25,0,0,2,0,2,0,19,8,0,27,0,0,0,27
04/05/2008,HFD,CT,ANE,EN,Federal Contract Tower,0,3,11,0,14,0,0,45,0,45,0,3,56,0,59,82,0,82,141
04/06/2008,HFD,CT,ANE,EN,Federal Contract Tower,0,0,20,0,20,0,0,65,0,65,0,0,85,0,85,130,0,130,215
04/07/2008,HFD,CT,ANE,EN,Federal Contract Tower,0,19,2,0,21,0,0,80,0,80,0,19,82,0,101,122,0,122,223
04/08/2008,HFD,CT,ANE,EN,Federal Contract Tower,0,18,7,0,25,0,8,158,0,166,0,26,165,0,191,154,0,154,345
04/09/2008,HFD,CT,ANE,EN,Federal Contract Tower,0,15,18,0,33,0,7,143,0,150,0,22,161,0,183,106,0,106,289
04/10/2008,HFD,CT,ANE,EN,Federal Contract Tower,0,14,10,1,25,0,8,106,0,114,0,22,116,1,139,62,0,62,201
04/11/2008,HFD,CT,ANE,EN,Federal Contract Tower,0,16,10,0,26,0,2,68,0,70,0,18,78,0,96,66,0,66,162
04/12/2008,HFD,CT,ANE,EN,Federal Contract Tower,0,0,6,0,6,0,0,64,0,64,0,0,70,0,70,98,0,98,168
04/13/2008,HFD,CT,ANE,EN,Federal Contract Tower,0,0,9,0,9,0,0,67,0,67,0,0,76,0,76,56,0,56,132
04/14/2008,HFD,CT,ANE,EN,Federal Contract Tower,0,12,6,0,18,0,8,127,0,135,0,20,133,0,153,112,0,112,265
04/15/2008,HFD,CT,ANE,EN,Federal Contract Tower,0,12,10,1,23,0,7,160,1,168,0,19,170,2,191,158,0,158,349
04/16/2008,HFD,CT,ANE,EN,Federal Contract Tower,0,9,14,0,23,0,10,135,0,145,0,19,149,0,168,156,0,156,324
04/17/2008,HFD,CT,ANE,EN,Federal Contract Tower,0,16,12,0,28,0,5,209,0,214,0,21,221,0,242,174,0,174,416
04/18/2008,HFD,CT,ANE,EN,Federal Contract Tower,0,18,7,0,25,0,7,214,3,224,0,25,221,3,249,160,2,162,411
04/19/2008,HFD,CT,ANE,EN,Federal Contract Tower,0,2,6,0,8,0,2,168,0,170,0,4,174,0,178,170,0,170,348
04/20/2008,HFD,CT,ANE,EN,Federal Contract Tower,0,2,23,0,25,0,0,82,0,82,0,2,105,0,107,92,0,92,199
04/21/2008,HFD,CT,ANE,EN,Federal Contract Tower,0,19,4,0,23,0,2,115,0,117,0,21,119,0,140,158,0,158,298
04/22/2008,HFD,CT,ANE,EN,Federal Contract Tower,0,21,8,0,29,0,2,125,0,127,0,23,133,0,156,118,0,118,274
04/23/2008,HFD,CT,ANE,EN,Federal Contract Tower,0,11,6,0,17,0,9,127,0,136,0,20,133,0,153,168,0,168,321
04/24/2008,HFD,CT,ANE,EN,Federal Contract Tower,0,15,10,0,25,0,3,112,0,115,0,18,122,0,140,178,0,178,318
04/25/2008,HFD,CT,ANE,EN,Federal Contract Tower,0,15,5,0,20,0,3,81,0,84,0,18,86,0,104,90,0,90,194
04/26/2008,HFD,CT,ANE,EN,Federal Contract Tower,0,1,7,0,8,0,2,113,0,115,0,3,120,0,123,94,0,94,217
04/27/2008,HFD,CT,ANE,EN,Federal Contract Tower,0,5,21,0,26,0,0,92,0,92,0,5,113,0,118,78,0,78,196
04/28/2008,HFD,CT,ANE,EN,Federal Contract Tower,0,8,8,0,16,0,1,0,0,1,0,9,8,0,17,0,0,0,17
04/29/2008,HFD,CT,ANE,EN,Federal Contract Tower,0,15,24,0,39,0,4,12,0,16,0,19,36,0,55,16,0,16,71
04/30/2008,HFD,CT,ANE,EN,Federal Contract Tower,0,13,10,0,23,0,6,164,0,170,0,19,174,0,193,130,0,130,323
05/01/2008,HFD,CT,ANE,EN,Federal Contract Tower,0,19,12,0,31,0,9,147,0,156,0,28,159,0,187,138,0,138,325
05/02/2008,HFD,CT,ANE,EN,Federal Contract Tower,0,20,16,0,36,0,0,2,0,2,0,20,18,0,38,0,0,0,38
05/03/2008,HFD,CT,ANE,EN,Federal Contract Tower,0,2,20,0,22,0,0,12,0,12,0,2,32,0,34,70,0,70,104
05/04/2008,HFD,CT,ANE,EN,Federal Contract Tower,0,0,12,0,12,0,0,34,0,34,0,0,46,0,46,28,0,28,74
05/05/2008,HFD,CT,ANE,EN,Federal Contract Tower,0,15,6,0,21,0,5,165,0,170,0,20,171,0,191,188,0,188,379
05/06/2008,HFD,CT,ANE,EN,Federal Contract Tower,0,14,11,0,25,0,6,162,0,168,0,20,173,0,193,152,0,152,345
05/07/2008,HFD,CT,ANE,EN,Federal Contract Tower,0,16,13,0,29,0,12,160,0,172,0,28,173,0,201,102,0,102,303
05/08/2008,HFD,CT,ANE,EN,Federal Contract Tower,0,15,17,0,32,0,2,84,0,86,0,17,101,0,118,154,0,154,272
05/09/2008,HFD,CT,ANE,EN,Federal Contract Tower,0,17,17,0,34,0,3,6,0,9,0,20,23,0,43,0,0,0,43
05/10/2008,HFD,CT,ANE,EN,Federal Contract Tower,0,0,6,0,6,0,2,103,0,105,0,2,109,0,111,126,0,126,237
05/11/2008,HFD,CT,ANE,EN,Federal Contract Tower,0,0,12,0,12,0,0,137,0,137,0,0,149,0,149,200,0,200,349
05/12/2008,HFD,CT,ANE,EN,Federal Contract Tower,0,17,1,0,18,0,3,33,0,36,0,20,34,0,54,50,0,50,104
05/13/2008,HFD,CT,ANE,EN,Federal Contract Tower,0,12,10,0,22,0,7,88,0,95,0,19,98,0,117,116,0,116,233
05/14/2008,HFD,CT,ANE,EN,Federal Contract Tower,0,7,16,0,23,0,10,169,0,179,0,17,185,0,202,218,0,218,420
05/15/2008,HFD,CT,ANE,EN,Federal Contract Tower,0,11,7,0,18,0,10,123,0,133,0,21,130,0,151,170,0,170,321
05/16/2008,HFD,CT,ANE,EN,Federal Contract Tower,0,19,32,0,51,0,1,33,0,34,0,20,65,0,85,60,0,60,145
05/17/2008,HFD,CT,ANE,EN,Federal Contract Tower,0,3,7,0,10,0,2,156,0,158,0,5,163,0,168,142,0,142,310
05/18/2008,HFD,CT,ANE,EN,Federal Contract Tower,0,3,17,0,20,0,0,73,1,74,0,3,90,1,94,118,0,118,212
05/19/2008,HFD,CT,ANE,EN,Federal Contract Tower,0,16,1,0,17,0,5,47,1,53,0,21,48,1,70,86,0,86,156
05/20/2008,HFD,CT,ANE,EN,Federal Contract Tower,0,15,13,0,28,0,4,84,1,89,0,19,97,1,117,124,0,124,241
05/21/2008,HFD,CT,ANE,EN,Federal Contract Tower,0,14,7,0,21,0,7,103,1,111,0,21,110,1,132,92,0,92,224
05/22/2008,HFD,CT,ANE,EN,Federal Contract Tower,0,14,8,0,22,0,9,97,0,106,0,23,105,0,128,178,0,178,306
05/23/2008,HFD,CT,ANE,EN,Federal Contract Tower,0,10,10,0,20,0,10,107,0,117,0,20,117,0,137,192,0,192,329
05/24/2008,HFD,CT,ANE,EN,Federal Contract Tower,0,0,15,0,15,0,2,67,0,69,0,2,82,0,84,122,0,122,206
05/25/2008,HFD,CT,ANE,EN,Federal Contract Tower,0,2,4,0,6,0,0,163,0,163,0,2,167,0,169,152,0,152,321
05/26/2008,HFD,CT,ANE,EN,Federal Contract Tower,0,0,5,0,5,0,0,69,0,69,0,0,74,0,74,26,0,26,100
05/27/2008,HFD,CT,ANE,EN,Federal Contract Tower,0,18,5,0,23,0,1,47,0,48,0,19,52,0,71,104,0,104,175
05/28/2008,HFD,CT,ANE,EN,Federal Contract Tower,0,15,0,0,15,20,104,0,0,124,20,119,0,0,139,90,0,90,229
05/29/2008,HFD,CT,ANE,EN,Federal Contract Tower,0,17,6,0,23,0,0,179,0,179,0,17,185,0,202,204,0,204,406
05/30/2008,HFD,CT,ANE,EN,Federal Contract Tower,0,15,2,0,17,0,3,160,0,163,0,18,162,0,180,244,0,244,424
05/31/2008,HFD,CT,ANE,EN,Federal Contract Tower,0,0,4,0,4,0,2,26,0,28,0,2,30,0,32,32,0,32,64
06/01/2008,HFD,CT,ANE,EN,Federal Contract Tower,0,1,6,0,7,0,0,124,0,124,0,1,130,0,131,232,0,232,363
06/02/2008,HFD,CT,ANE,EN,Federal Contract Tower,0,19,4,0,23,0,0,127,0,127,0,19,131,0,150,240,0,240,390
06/03/2008,HFD,CT,ANE,EN,Federal Contract Tower,0,14,3,0,17,0,9,130,4,143,0,23,133,4,160,262,0,262,422
06/04/2008,HFD,CT,ANE,EN,Federal Contract Tower,0,25,16,0,41,0,0,2,0,2,0,25,18,0,43,0,0,0,43
06/05/2008,HFD,CT,ANE,EN,Federal Contract Tower,0,18,27,0,45,0,5,75,0,80,0,23,102,0,125,132,0,132,257
06/06/2008,HFD,CT,ANE,EN,Federal Contract Tower,0,19,21,0,40,0,0,0,0,0,0,19,21,0,40,0,0,0,40
06/07/2008,HFD,CT,ANE,EN,Federal Contract Tower,0,0,8,0,8,0,0,126,0,126,0,0,134,0,134,158,0,158,292
06/08/2008,HFD,CT,ANE,EN,Federal Contract Tower,0,0,8,0,8,0,0,68,0,68,0,0,76,0,76,94,0,94,170
06/09/2008,HFD,CT,ANE,EN,Federal Contract Tower,0,14,4,0,18,0,3,108,0,111,0,17,112,0,129,114,0,114,243
06/10/2008,HFD,CT,ANE,EN,Federal Contract Tower,0,15,6,1,22,0,8,113,0,121,0,23,119,1,143,148,0,148,291
06/11/2008,HFD,CT,ANE,EN,Federal Contract Tower,0,4,6,0,10,0,18,148,0,166,0,22,154,0,176,216,0,216,392
06/12/2008,HFD,CT,ANE,EN,Federal Contract Tower,0,17,3,0,20,0,5,157,0,162,0,22,160,0,182,162,0,162,344
06/13/2008,HFD,CT,ANE,EN,Federal Contract Tower,0,12,2,0,14,0,8,211,0,219,0,20,213,0,233,250,0,250,483
06/14/2008,HFD,CT,ANE,EN,Federal Contract Tower,0,3,10,0,13,0,2,121,0,123,0,5,131,0,136,144,0,144,280
06/15/2008,HFD,CT,ANE,EN,Federal Contract Tower,0,0,29,0,29,0,0,7,0,7,0,0,36,0,36,40,0,40,76
06/16/2008,HFD,CT,ANE,EN,Federal Contract Tower,0,16,17,0,33,0,1,22,0,23,0,17,39,0,56,52,0,52,108
06/17/2008,HFD,CT,ANE,EN,Federal Contract Tower,0,23,11,0,34,0,5,113,0,118,0,28,124,0,152,186,0,186,338
06/18/2008,HFD,CT,ANE,EN,Federal Contract Tower,0,15,19,2,36,0,6,108,0,114,0,21,127,2,150,202,0,202,352
06/19/2008,HFD,CT,ANE,EN,Federal Contract Tower,0,15,6,0,21,0,8,137,0,145,0,23,143,0,166,110,0,110,276
06/20/2008,HFD,CT,ANE,EN,Federal Contract Tower,0,19,10,0,29,0,7,101,0,108,0,26,111,0,137,106,0,106,243
06/21/2008,HFD,CT,ANE,EN,Federal Contract Tower,0,1,12,0,13,0,0,186,0,186,0,1,198,0,199,196,0,196,395
06/22/2008,HFD,CT,ANE,EN,Federal Contract Tower,0,8,18,0,26,0,0,22,0,22,0,8,40,0,48,38,0,38,86
06/23/2008,HFD,CT,ANE,EN,Federal Contract Tower,0,22,9,0,31,0,0,8,0,8,0,22,17,0,39,6,0,6,45
06/24/2008,HFD,CT,ANE,EN,Federal Contract Tower,0,21,8,0,29,0,5,119,0,124,0,26,127,0,153,196,2,198,351
06/25/2008,HFD,CT,ANE,EN,Federal Contract Tower,0,10,17,0,27,0,15,200,0,215,0,25,217,0,242,274,0,274,516
06/26/2008,HFD,CT,ANE,EN,Federal Contract Tower,0,17,17,0,34,0,3,115,1,119,0,20,132,1,153,120,0,120,273
06/27/2008,HFD,CT,ANE,EN,Federal Contract Tower,0,14,14,0,28,0,6,93,0,99,0,20,107,0,127,126,0,126,253
06/28/2008,HFD,CT,ANE,EN,Federal Contract Tower,0,1,16,0,17,0,1,125,0,126,0,2,141,0,143,202,0,202,345
06/29/2008,HFD,CT,ANE,EN,Federal Contract Tower,0,0,10,0,10,0,0,74,0,74,0,0,84,0,84,190,0,190,274
06/30/2008,HFD,CT,ANE,EN,Federal Contract Tower,0,16,17,0,33,0,7,113,0,120,0,23,130,0,153,122,0,122,275
07/01/2008,HFD,CT,ANE,EN,Federal Contract Tower,0,17,13,0,30,0,3,86,0,89,0,20,99,0,119,196,0,196,315
07/02/2008,HFD,CT,ANE,EN,Federal Contract Tower,0,16,17,0,33,0,4,111,0,115,0,20,128,0,148,206,0,206,354
07/03/2008,HFD,CT,ANE,EN,Federal Contract Tower,0,13,11,0,24,0,7,128,0,135,0,20,139,0,159,108,0,108,267
07/04/2008,HFD,CT,ANE,EN,Federal Contract Tower,0,2,27,0,29,0,0,16,0,16,0,2,43,0,45,16,0,16,61
07/05/2008,HFD,CT,ANE,EN,Federal Contract Tower,0,1,12,0,13,0,0,20,0,20,0,1,32,0,33,36,0,36,69
07/06/2008,HFD,CT,ANE,EN,Federal Contract Tower,0,2,27,0,29,0,0,83,0,83,0,2,110,0,112,152,0,152,264
07/07/2008,HFD,CT,ANE,EN,Federal Contract Tower,0,14,26,0,40,0,1,121,0,122,0,15,147,0,162,186,0,186,348
07/08/2008,HFD,CT,ANE,EN,Federal Contract Tower,0,18,21,0,39,0,4,116,0,120,0,22,137,0,159,152,0,152,311
07/09/2008,HFD,CT,ANE,EN,Federal Contract Tower,0,19,16,0,35,0,15,131,0,146,0,34,147,0,181,152,0,152,333
07/10/2008,HFD,CT,ANE,EN,Federal Contract Tower,0,14,5,0,19,0,8,190,0,198,0,22,195,0,217,146,0,146,363
07/11/2008,HFD,CT,ANE,EN,Federal Contract Tower,0,12,12,0,24,0,4,169,0,173,0,16,181,0,197,110,0,110,307
07/12/2008,HFD,CT,ANE,EN,Federal Contract Tower,0,0,3,0,3,0,2,145,0,147,0,2,148,0,150,84,0,84,234
07/13/2008,HFD,CT,ANE,EN,Federal Contract Tower,0,0,8,0,8,0,0,86,0,86,0,0,94,0,94,27,0,27,121
07/14/2008,HFD,CT,ANE,EN,Federal Contract Tower,0,19,15,0,34,0,3,106,0,109,0,22,121,0,143,124,0,124,267
07/15/2008,HFD,CT,ANE,EN,Federal Contract Tower,0,15,8,0,23,0,11,205,0,216,0,26,213,0,239,226,0,226,465
07/16/2008,HFD,CT,ANE,EN,Federal Contract Tower,0,12,10,0,22,0,12,183,0,195,0,24,193,0,217,248,0,248,465
07/17/2008,HFD,CT,ANE,EN,Federal Contract Tower,0,14,12,0,26,0,12,165,0,177,0,26,177,0,203,176,0,176,379
07/18/2008,HFD,CT,ANE,EN,Federal Contract Tower,0,13,8,0,21,0,6,110,0,116,0,19,118,0,137,150,0,150,287
07/19/2008,HFD,CT,ANE,EN,Federal Contract Tower,0,0,10,0,10,0,2,112,0,114,0,2,122,0,124,252,0,252,376
07/20/2008,HFD,CT,ANE,EN,Federal Contract Tower,0,2,15,0,17,0,0,45,0,45,0,2,60,0,62,76,0,76,138
07/21/2008,HFD,CT,ANE,EN,Federal Contract Tower,0,16,26,0,42,0,3,103,0,106,0,19,129,0,148,128,0,128,276
07/22/2008,HFD,CT,ANE,EN,Federal Contract Tower,0,18,28,0,46,0,5,74,0,79,0,23,102,0,125,192,0,192,317
07/23/2008,HFD,CT,ANE,EN,Federal Contract Tower,0,14,10,0,24,0,0,6,0,6,0,14,16,0,30,16,0,16,46
07/24/2008,HFD,CT,ANE,EN,Federal Contract Tower,0,19,11,0,30,0,4,12,0,16,0,23,23,0,46,0,0,0,46
07/25/2008,HFD,CT,ANE,EN,Federal Contract Tower,0,14,6,0,20,0,3,149,0,152,0,17,155,0,172,188,0,188,360
07/26/2008,HFD,CT,ANE,EN,Federal Contract Tower,0,0,3,0,3,0,2,159,0,161,0,2,162,0,164,190,0,190,354
07/27/2008,HFD,CT,ANE,EN,Federal Contract Tower,0,0,12,0,12,0,0,33,0,33,0,0,45,0,45,30,0,30,75
07/28/2008,HFD,CT,ANE,EN,Federal Contract Tower,0,16,33,0,49,0,5,116,4,125,0,21,149,4,174,126,0,126,300
07/29/2008,HFD,CT,ANE,EN,Federal Contract Tower,0,21,10,0,31,0,0,137,0,137,0,21,147,0,168,232,0,232,400
07/30/2008,HFD,CT,ANE,EN,Federal Contract Tower,0,15,16,0,31,0,3,138,0,141,0,18,154,0,172,190,0,190,362
07/31/2008,HFD,CT,ANE,EN,Federal Contract Tower,0,23,23,0,46,0,2,53,0,55,0,25,76,0,101,120,0,120,221
08/01/2008,HFD,CT,ANE,EN,Federal Contract Tower,0,9,2,0,11,0,6,132,0,138,0,15,134,0,149,228,0,228,377
08/02/2008,HFD,CT,ANE,EN,Federal Contract Tower,0,2,14,0,16,0,1,80,2,83,0,3,94,2,99,164,20,184,283
08/03/2008,HFD,CT,ANE,EN,Federal Contract Tower,0,0,16,0,16,0,0,128,0,128,0,0,144,0,144,176,0,176,320
08/04/2008,HFD,CT,ANE,EN,Federal Contract Tower,0,13,9,0,22,0,11,115,0,126,0,24,124,0,148,142,0,142,290
08/05/2008,HFD,CT,ANE,EN,Federal Contract Tower,0,24,14,0,38,0,1,148,0,149,0,25,162,0,187,234,0,234,421
08/06/2008,HFD,CT,ANE,EN,Federal Contract Tower,0,21,13,0,34,0,0,42,0,42,0,21,55,0,76,74,0,74,150
08/07/2008,HFD,CT,ANE,EN,Federal Contract Tower,0,13,17,0,30,0,1,32,0,33,0,14,49,0,63,14,0,14,77
08/08/2008,HFD,CT,ANE,EN,Federal Contract Tower,0,10,14,0,24,0,3,50,0,53,0,13,64,0,77,90,0,90,167
08/09/2008,HFD,CT,ANE,EN,Federal Contract Tower,0,0,12,0,12,0,2,176,0,178,0,2,188,0,190,190,0,190,380
08/10/2008,HFD,CT,ANE,EN,Federal Contract Tower,0,0,10,0,10,0,0,64,0,64,0,0,74,0,74,64,0,64,138
08/11/2008,HFD,CT,ANE,EN,Federal Contract Tower,0,15,17,0,32,0,0,22,0,22,0,15,39,0,54,14,0,14,68
08/12/2008,HFD,CT,ANE,EN,Federal Contract Tower,0,22,16,0,38,0,2,111,0,113,0,24,127,0,151,160,0,160,311
08/13/2008,HFD,CT,ANE,EN,Federal Contract Tower,0,18,11,0,29,0,2,209,0,211,0,20,220,0,240,266,0,266,506
08/14/2008,HFD,CT,ANE,EN,Federal Contract Tower,0,15,17,0,32,0,2,86,0,88,0,17,103,0,120,124,0,124,244
08/15/2008,HFD,CT,ANE,EN,Federal Contract Tower,0,9,15,0,24,0,3,44,0,47,0,12,59,0,71,62,0,62,133
08/16/2008,HFD,CT,ANE,EN,Federal Contract Tower,0,13,1,0,14,0,0,113,0,113,0,13,114,0,127,136,0,136,263
08/17/2008,HFD,CT,ANE,EN,Federal Contract Tower,0,5,16,0,21,0,0,167,0,167,0,5,183,0,188,108,0,108,296
08/18/2008,HFD,CT,ANE,EN,Federal Contract Tower,0,18,9,0,27,0,4,173,0,177,0,22,182,0,204,186,0,186,390
08/19/2008,HFD,CT,ANE,EN,Federal Contract Tower,0,10,9,0,19,0,6,102,2,110,0,16,111,2,129,180,0,180,309
08/20/2008,HFD,CT,ANE,EN,Federal Contract Tower,0,14,4,0,18,0,5,174,0,179,0,19,178,0,197,168,0,168,365
08/21/2008,HFD,CT,ANE,EN,Federal Contract Tower,0,13,11,0,24,0,5,206,0,211,0,18,217,0,235,176,0,176,411
08/22/2008,HFD,CT,ANE,EN,Federal Contract Tower,0,9,0,0,9,0,14,174,0,188,0,23,174,0,197,102,0,102,299
08/23/2008,HFD,CT,ANE,EN,Federal Contract Tower,0,0,8,0,8,0,2,201,0,203,0,2,209,0,211,218,0,218,429
08/24/2008,HFD,CT,ANE,EN,Federal Contract Tower,0,0,18,0,18,0,0,101,0,101,0,0,119,0,119,146,0,146,265
08/25/2008,HFD,CT,ANE,EN,Federal Contract Tower,0,14,3,0,17,0,6,78,0,84,0,20,81,0,101,92,0,92,193
08/26/2008,HFD,CT,ANE,EN,Federal Contract Tower,0,11,3,0,14,0,19,141,0,160,0,30,144,0,174,112,0,112,286
08/27/2008,HFD,CT,ANE,EN,Federal Contract Tower,0,13,5,0,18,0,7,121,0,128,0,20,126,0,146,118,2,120,266
08/28/2008,HFD,CT,ANE,EN,Federal Contract Tower,0,14,11,0,25,0,6,130,0,136,0,20,141,0,161,164,0,164,325
08/29/2008,HFD,CT,ANE,EN,Federal Contract Tower,0,18,3,0,21,0,6,108,0,114,0,24,111,0,135,114,0,114,249
08/30/2008,HFD,CT,ANE,EN,Federal Contract Tower,0,2,20,0,22,0,0,14,0,14,0,2,34,0,36,4,0,4,40
08/31/2008,HFD,CT,ANE,EN,Federal Contract Tower,0,0,9,0,9,0,0,132,0,132,0,0,141,0,141,34,0,34,175
09/01/2008,HFD,CT,ANE,EN,Federal Contract Tower,0,0,10,0,10,0,0,108,0,108,0,0,118,0,118,32,0,32,150
09/02/2008,HFD,CT,ANE,EN,Federal Contract Tower,0,14,10,0,24,0,5,136,0,141,0,19,146,0,165,86,0,86,251
09/03/2008,HFD,CT,ANE,EN,Federal Contract Tower,0,15,6,0,21,0,0,95,2,97,0,15,101,2,118,32,0,32,150
09/04/2008,HFD,CT,ANE,EN,Federal Contract Tower,0,15,37,2,54,0,4,119,0,123,0,19,156,2,177,138,0,138,315
09/05/2008,HFD,CT,ANE,EN,Federal Contract Tower,0,16,13,0,29,0,2,100,0,102,0,18,113,0,131,140,0,140,271
09/06/2008,HFD,CT,ANE,EN,Federal Contract Tower,0,3,3,0,6,0,0,2,0,2,0,3,5,0,8,0,0,0,8
09/07/2008,HFD,CT,ANE,EN,Federal Contract Tower,0,1,8,0,9,0,0,87,0,87,0,1,95,0,96,142,0,142,238
09/08/2008,HFD,CT,ANE,EN,Federal Contract Tower,0,13,8,0,21,0,4,148,0,152,0,17,156,0,173,104,0,104,277
09/09/2008,HFD,CT,ANE,EN,Federal Contract Tower,0,21,4,0,25,0,3,36,0,39,0,24,40,0,64,54,0,54,118
09/10/2008,HFD,CT,ANE,EN,Federal Contract Tower,0,13,11,0,24,0,7,168,0,175,0,20,179,0,199,298,0,298,497
09/11/2008,HFD,CT,ANE,EN,Federal Contract Tower,0,14,6,0,20,0,4,159,0,163,0,18,165,0,183,218,0,218,401
09/12/2008,HFD,CT,ANE,EN,Federal Contract Tower,0,15,19,1,35,0,3,63,0,66,0,18,82,1,101,86,0,86,187
09/13/2008,HFD,CT,ANE,EN,Federal Contract Tower,0,2,24,0,26,0,0,84,0,84,0,2,108,0,110,166,0,166,276
09/14/2008,HFD,CT,ANE,EN,Federal Contract Tower,0,0,20,0,20,0,0,12,0,12,0,0,32,0,32,6,0,6,38
09/15/2008,HFD,CT,ANE,EN,Federal Contract Tower,0,13,13,0,26,0,5,79,0,84,0,18,92,0,110,76,0,76,186
09/16/2008,HFD,CT,ANE,EN,Federal Contract Tower,0,20,22,0,42,0,8,124,0,132,0,28,146,0,174,162,0,162,336
09/17/2008,HFD,CT,ANE,EN,Federal Contract Tower,0,18,2,2,22,0,1,143,0,144,0,19,145,2,166,172,0,172,338
09/18/2008,HFD,CT,ANE,EN,Federal Contract Tower,0,12,6,2,20,0,7,104,0,111,0,19,110,2,131,148,0,148,279
09/19/2008,HFD,CT,ANE,EN,Federal Contract Tower,0,14,4,0,18,0,1,144,0,145,0,15,148,0,163,140,0,140,303
09/20/2008,HFD,CT,ANE,EN,Federal Contract Tower,0,0,15,0,15,0,0,136,0,136,0,0,151,0,151,126,0,126,277
09/21/2008,HFD,CT,ANE,EN,Federal Contract Tower,0,2,5,0,7,0,184,0,0,184,0,186,5,0,191,154,0,154,345
09/22/2008,HFD,CT,ANE,EN,Federal Contract Tower,0,20,24,0,44,0,2,79,0,81,0,22,103,0,125,90,0,90,215
09/23/2008,HFD,CT,ANE,EN,Federal Contract Tower,0,17,19,2,38,0,3,135,0,138,0,20,154,2,176,152,0,152,328
09/24/2008,HFD,CT,ANE,EN,Federal Contract Tower,0,12,18,0,30,0,1,102,0,103,0,13,120,0,133,166,0,166,299
09/25/2008,HFD,CT,ANE,EN,Federal Contract Tower,0,21,9,0,30,0,6,100,0,106,0,27,109,0,136,128,0,128,264
09/26/2008,HFD,CT,ANE,EN,Federal Contract Tower,0,17,17,0,34,0,0,0,0,0,0,17,17,0,34,0,0,0,34
09/27/2008,HFD,CT,ANE,EN,Federal Contract Tower,0,0,7,0,7,0,0,0,0,0,0,0,7,0,7,0,0,0,7
09/28/2008,HFD,CT,ANE,EN,Federal Contract Tower,0,0,13,0,13,0,0,14,0,14,0,0,27,0,27,30,0,30,57
09/29/2008,HFD,CT,ANE,EN,Federal Contract Tower,0,16,14,0,30,0,3,87,0,90,0,19,101,0,120,96,0,96,216
09/30/2008,HFD,CT,ANE,EN,Federal Contract Tower,0,18,10,0,28,0,2,81,0,83,0,20,91,0,111,60,0,60,171
10/01/2008,HFD,CT,ANE,EN,Federal Contract Tower,0,17,4,0,21,0,0,37,0,37,0,17,41,0,58,46,2,48,106
10/02/2008,HFD,CT,ANE,EN,Federal Contract Tower,0,16,13,0,29,0,3,85,0,88,0,19,98,0,117,142,0,142,259
10/03/2008,HFD,CT,ANE,EN,Federal Contract Tower,0,15,14,0,29,0,5,109,0,114,0,20,123,0,143,88,0,88,231
10/04/2008,HFD,CT,ANE,EN,Federal Contract Tower,0,0,9,0,9,0,0,151,2,153,0,0,160,2,162,160,0,160,322
10/05/2008,HFD,CT,ANE,EN,Federal Contract Tower,0,0,26,0,26,0,0,32,0,32,0,0,58,0,58,58,0,58,116
10/06/2008,HFD,CT,ANE,EN,Federal Contract Tower,0,24,12,4,40,0,3,117,3,123,0,27,129,7,163,166,0,166,329
10/07/2008,HFD,CT,ANE,EN,Federal Contract Tower,0,11,5,1,17,0,4,144,0,148,0,15,149,1,165,162,0,162,327
10/08/2008,HFD,CT,ANE,EN,Federal Contract Tower,0,13,8,0,21,0,4,133,0,137,0,17,141,0,158,142,0,142,300
10/09/2008,HFD,CT,ANE,EN,Federal Contract Tower,0,18,17,0,35,0,1,69,0,70,0,19,86,0,105,86,0,86,191
10/10/2008,HFD,CT,ANE,EN,Federal Contract Tower,0,7,10,0,17,0,9,115,0,124,0,16,125,0,141,114,0,114,255
10/11/2008,HFD,CT,ANE,EN,Federal Contract Tower,0,1,4,0,5,0,2,177,0,179,0,3,181,0,184,118,0,118,302
10/12/2008,HFD,CT,ANE,EN,Federal Contract Tower,0,2,7,0,9,0,2,167,0,169,0,4,174,0,178,168,0,168,346
10/13/2008,HFD,CT,ANE,EN,Federal Contract Tower,0,2,6,0,8,0,4,108,0,112,0,6,114,0,120,114,0,114,234
10/14/2008,HFD,CT,ANE,EN,Federal Contract Tower,0,25,28,0,53,0,0,103,0,103,0,25,131,0,156,194,0,194,350
10/15/2008,HFD,CT,ANE,EN,Federal Contract Tower,0,18,3,0,21,0,10,119,2,131,0,28,122,2,152,194,0,194,346
10/16/2008,HFD,CT,ANE,EN,Federal Contract Tower,0,24,6,0,30,0,3,35,0,38,0,27,41,0,68,76,0,76,144
10/17/2008,HFD,CT,ANE,EN,Federal Contract Tower,0,14,8,0,22,0,4,130,0,134,0,18,138,0,156,122,0,122,278
10/18/2008,HFD,CT,ANE,EN,Federal Contract Tower,0,0,10,0,10,0,0,98,2,100,0,0,108,2,110,150,0,150,260
10/19/2008,HFD,CT,ANE,EN,Federal Contract Tower,0,8,13,0,21,0,0,108,0,108,0,8,121,0,129,92,0,92,221
10/20/2008,HFD,CT,ANE,EN,Federal Contract Tower,0,20,18,0,38,0,0,5,118,123,0,20,23,118,161,116,0,116,277
10/21/2008,HFD,CT,ANE,EN,Federal Contract Tower,0,17,7,0,24,0,3,78,0,81,0,20,85,0,105,96,0,96,201
10/22/2008,HFD,CT,ANE,EN,Federal Contract Tower,0,17,2,0,19,0,3,51,0,54,0,20,53,0,73,68,0,68,141
10/23/2008,HFD,CT,ANE,EN,Federal Contract Tower,0,15,10,0,25,0,4,115,0,119,0,19,125,0,144,114,0,114,258
10/24/2008,HFD,CT,ANE,EN,Federal Contract Tower,0,9,8,0,17,0,4,136,0,140,0,13,144,0,157,112,0,112,269
10/25/2008,HFD,CT,ANE,EN,Federal Contract Tower,0,1,9,0,10,0,1,37,0,38,0,2,46,0,48,68,0,68,116
10/26/2008,HFD,CT,ANE,EN,Federal Contract Tower,0,0,13,0,13,0,0,140,0,140,0,0,153,0,153,100,0,100,253
10/27/2008,HFD,CT,ANE,EN,Federal Contract Tower,0,20,13,1,34,0,2,99,11,112,0,22,112,12,146,146,0,146,292
10/28/2008,HFD,CT,ANE,EN,Federal Contract Tower,0,18,16,0,34,0,1,0,0,1,0,19,16,0,35,0,0,0,35
10/29/2008,HFD,CT,ANE,EN,Federal Contract Tower,0,17,6,1,24,0,3,46,0,49,0,20,52,1,73,62,0,62,135
10/30/2008,HFD,CT,ANE,EN,Federal Contract Tower,0,15,6,0,21,0,6,114,0,120,0,21,120,0,141,46,0,46,187
10/31/2008,HFD,CT,ANE,EN,Federal Contract Tower,0,14,5,0,19,0,2,130,0,132,0,16,135,0,151,110,0,110,261
11/01/2008,HFD,CT,ANE,EN,Federal Contract Tower,0,0,18,1,19,0,0,122,1,123,0,0,140,2,142,58,0,58,200
11/02/2008,HFD,CT,ANE,EN,Federal Contract Tower,0,2,4,0,6,0,0,124,0,124,0,2,128,0,130,190,0,190,320
11/03/2008,HFD,CT,ANE,EN,Federal Contract Tower,0,20,12,0,32,0,2,72,0,74,0,22,84,0,106,110,0,110,216
11/04/2008,HFD,CT,ANE,EN,Federal Contract Tower,0,12,15,0,27,0,2,113,2,117,0,14,128,2,144,118,10,128,272
11/05/2008,HFD,CT,ANE,EN,Federal Contract Tower,0,18,4,0,22,0,0,81,0,81,0,18,85,0,103,98,0,98,201
11/06/2008,HFD,CT,ANE,EN,Federal Contract Tower,0,19,20,0,39,0,0,5,0,5,0,19,25,0,44,38,0,38,82
11/07/2008,HFD,CT,ANE,EN,Federal Contract Tower,0,20,30,0,50,0,0,5,0,5,0,20,35,0,55,2,0,2,57
11/08/2008,HFD,CT,ANE,EN,Federal Contract Tower,0,2,15,0,17,0,0,7,0,7,0,2,22,0,24,36,0,36,60
11/09/2008,HFD,CT,ANE,EN,Federal Contract Tower,0,0,12,0,12,0,0,120,0,120,0,0,132,0,132,104,0,104,236
11/10/2008,HFD,CT,ANE,EN,Federal Contract Tower,0,17,7,0,24,0,2,125,0,127,0,19,132,0,151,128,0,128,279
11/11/2008,HFD,CT,ANE,EN,Federal Contract Tower,0,4,7,0,11,0,2,117,0,119,0,6,124,0,130,156,0,156,286
11/12/2008,HFD,CT,ANE,EN,Federal Contract Tower,0,18,7,0,25,0,2,163,0,165,0,20,170,0,190,176,0,176,366
11/13/2008,HFD,CT,ANE,EN,Federal Contract Tower,0,23,12,0,35,0,3,35,0,38,0,26,47,0,73,14,0,14,87
11/14/2008,HFD,CT,ANE,EN,Federal Contract Tower,0,6,11,0,17,0,0,0,0,0,0,6,11,0,17,0,0,0,17
11/15/2008,HFD,CT,ANE,EN,Federal Contract Tower,0,0,5,0,5,0,0,0,0,0,0,0,5,0,5,0,0,0,5
11/16/2008,HFD,CT,ANE,EN,Federal Contract Tower,0,0,6,0,6,0,0,60,0,60,0,0,66,0,66,134,0,134,200
11/17/2008,HFD,CT,ANE,EN,Federal Contract Tower,0,16,7,0,23,0,3,107,0,110,0,19,114,0,133,160,0,160,293
11/18/2008,HFD,CT,ANE,EN,Federal Contract Tower,0,14,10,0,24,0,5,95,0,100,0,19,105,0,124,136,0,136,260
11/19/2008,HFD,CT,ANE,EN,Federal Contract Tower,0,12,10,0,22,0,3,82,0,85,0,15,92,0,107,112,0,112,219
11/20/2008,HFD,CT,ANE,EN,Federal Contract Tower,0,16,3,0,19,0,4,87,0,91,0,20,90,0,110,168,0,168,278
11/21/2008,HFD,CT,ANE,EN,Federal Contract Tower,0,9,6,0,15,0,2,139,0,141,0,11,145,0,156,160,0,160,316
11/22/2008,HFD,CT,ANE,EN,Federal Contract Tower,0,1,5,0,6,0,2,50,0,52,0,3,55,0,58,20,0,20,78
11/23/2008,HFD,CT,ANE,EN,Federal Contract Tower,0,0,9,0,9,0,0,128,0,128,0,0,137,0,137,128,0,128,265
11/24/2008,HFD,CT,ANE,EN,Federal Contract Tower,0,17,6,0,23,0,1,110,17,128,0,18,116,17,151,134,0,134,285
11/25/2008,HFD,CT,ANE,EN,Federal Contract Tower,0,18,11,0,29,0,1,18,0,19,0,19,29,0,48,24,0,24,72
11/26/2008,HFD,CT,ANE,EN,Federal Contract Tower,0,13,4,0,17,0,1,138,4,143,0,14,142,4,160,184,34,218,378
11/27/2008,HFD,CT,ANE,EN,Federal Contract Tower,0,2,5,0,7,0,2,65,0,67,0,4,70,0,74,22,0,22,96
11/28/2008,HFD,CT,ANE,EN,Federal Contract Tower,0,7,1,0,8,0,4,92,0,96,0,11,93,0,104,130,0,130,234
11/29/2008,HFD,CT,ANE,EN,Federal Contract Tower,0,0,9,0,9,0,2,146,0,148,0,2,155,0,157,258,0,258,415
11/30/2008,HFD,CT,ANE,EN,Federal Contract Tower,0,0,7,0,7,0,0,3,0,3,0,0,10,0,10,10,0,10,20
12/01/2008,HFD,CT,ANE,EN,Federal Contract Tower,0,15,4,0,19,0,1,16,0,17,0,16,20,0,36,20,0,20,56
12/02/2008,HFD,CT,ANE,EN,Federal Contract Tower,0,14,3,0,17,0,7,89,4,100,0,21,92,4,117,66,12,78,195
12/03/2008,HFD,CT,ANE,EN,Federal Contract Tower,0,15,7,0,22,0,2,160,0,162,0,17,167,0,184,166,0,166,350
12/04/2008,HFD,CT,ANE,EN,Federal Contract Tower,0,17,5,0,22,0,3,55,0,58,0,20,60,0,80,58,0,58,138
12/05/2008,HFD,CT,ANE,EN,Federal Contract Tower,0,13,3,0,16,0,6,82,0,88,0,19,85,0,104,88,0,88,192
12/06/2008,HFD,CT,ANE,EN,Federal Contract Tower,0,0,6,0,6,0,2,176,0,178,0,2,182,0,184,144,0,144,328
12/07/2008,HFD,CT,ANE,EN,Federal Contract Tower,0,0,2,0,2,0,0,3,0,3,0,0,5,0,5,0,0,0,5
12/08/2008,HFD,CT,ANE,EN,Federal Contract Tower,0,18,10,0,28,0,4,105,0,109,0,22,115,0,137,46,0,46,183
12/09/2008,HFD,CT,ANE,EN,Federal Contract Tower,0,17,2,0,19,0,3,63,0,66,0,20,65,0,85,70,0,70,155
12/10/2008,HFD,CT,ANE,EN,Federal Contract Tower,0,21,5,0,26,0,0,1,0,1,0,21,6,0,27,0,0,0,27
12/11/2008,HFD,CT,ANE,EN,Federal Contract Tower,0,16,8,0,24,0,0,0,0,0,0,16,8,0,24,0,0,0,24
12/12/2008,HFD,CT,ANE,EN,Federal Contract Tower,0,17,8,0,25,0,1,61,0,62,0,18,69,0,87,42,0,42,129
12/13/2008,HFD,CT,ANE,EN,Federal Contract Tower,0,1,3,0,4,0,1,152,0,153,0,2,155,0,157,168,0,168,325
12/14/2008,HFD,CT,ANE,EN,Federal Contract Tower,0,4,1,0,5,0,0,110,0,110,0,4,111,0,115,74,0,74,189
12/15/2008,HFD,CT,ANE,EN,Federal Contract Tower,0,18,3,0,21,0,1,52,0,53,0,19,55,0,74,26,8,34,108
12/16/2008,HFD,CT,ANE,EN,Federal Contract Tower,0,18,8,0,26,0,1,55,0,56,0,19,63,0,82,52,0,52,134
12/17/2008,HFD,CT,ANE,EN,Federal Contract Tower,0,12,4,0,16,0,0,0,0,0,0,12,4,0,16,0,0,0,16
12/18/2008,HFD,CT,ANE,EN,Federal Contract Tower,0,17,5,0,22,0,2,138,0,140,0,19,143,0,162,104,0,104,266
12/19/2008,HFD,CT,ANE,EN,Federal Contract Tower,0,5,1,0,6,0,0,5,0,5,0,5,6,0,11,28,0,28,39
12/20/2008,HFD,CT,ANE,EN,Federal Contract Tower,0,0,1,0,1,0,0,0,0,0,0,0,1,0,1,0,0,0,1
12/21/2008,HFD,CT,ANE,EN,Federal Contract Tower,0,0,0,0,0,0,0,0,0,0,0,0,0,0,0,0,0,0,0
12/22/2008,HFD,CT,ANE,EN,Federal Contract Tower,0,18,2,0,20,0,0,46,0,46,0,18,48,0,66,0,0,0,66
12/23/2008,HFD,CT,ANE,EN,Federal Contract Tower,0,15,2,1,18,0,4,85,0,89,0,19,87,1,107,122,0,122,229
12/24/2008,HFD,CT,ANE,EN,Federal Contract Tower,0,14,1,0,15,0,0,0,0,0,0,14,1,0,15,0,0,0,15
12/25/2008,HFD,CT,ANE,EN,Federal Contract Tower,0,0,0,0,0,0,2,11,0,13,0,2,11,0,13,6,0,6,19
12/26/2008,HFD,CT,ANE,EN,Federal Contract Tower,0,11,8,0,19,0,0,119,0,119,0,11,127,0,138,150,0,150,288
12/27/2008,HFD,CT,ANE,EN,Federal Contract Tower,0,2,4,0,6,0,0,0,0,0,0,2,4,0,6,0,0,0,6
12/28/2008,HFD,CT,ANE,EN,Federal Contract Tower,0,0,3,0,3,0,0,10,0,10,0,0,13,0,13,8,0,8,21
12/29/2008,HFD,CT,ANE,EN,Federal Contract Tower,0,11,7,0,18,0,2,110,0,112,0,13,117,0,130,90,0,90,220
12/30/2008,HFD,CT,ANE,EN,Federal Contract Tower,0,6,2,0,8,0,6,26,0,32,0,12,28,0,40,34,0,34,74
12/31/2008,HFD,CT,ANE,EN,Federal Contract Tower,0,11,0,0,11,0,2,0,0,2,0,13,0,0,13,0,0,0,13
01/01/2009,HFD,CT,ANE,EN,Federal Contract Tower,0,0,2,0,2,0,2,12,0,14,0,2,14,0,16,0,0,0,16
01/02/2009,HFD,CT,ANE,EN,Federal Contract Tower,0,10,0,0,10,0,2,45,0,47,0,12,45,0,57,84,0,84,141
01/03/2009,HFD,CT,ANE,EN,Federal Contract Tower,0,0,2,0,2,0,2,35,0,37,0,2,37,0,39,58,0,58,97
01/04/2009,HFD,CT,ANE,EN,Federal Contract Tower,0,0,5,0,5,0,0,99,0,99,0,0,104,0,104,146,0,146,250
01/05/2009,HFD,CT,ANE,EN,Federal Contract Tower,0,13,4,0,17,0,5,71,0,76,0,18,75,0,93,48,0,48,141
01/06/2009,HFD,CT,ANE,EN,Federal Contract Tower,0,15,3,0,18,0,3,82,0,85,0,18,85,0,103,130,0,130,233
01/07/2009,HFD,CT,ANE,EN,Federal Contract Tower,0,15,0,0,15,0,0,0,0,0,0,15,0,0,15,0,0,0,15
01/08/2009,HFD,CT,ANE,EN,Federal Contract Tower,0,17,1,0,18,0,3,19,0,22,0,20,20,0,40,54,0,54,94
01/09/2009,HFD,CT,ANE,EN,Federal Contract Tower,0,7,4,0,11,0,6,72,0,78,0,13,76,0,89,152,0,152,241
01/10/2009,HFD,CT,ANE,EN,Federal Contract Tower,0,0,2,0,2,0,2,64,0,66,0,2,66,0,68,130,0,130,198
01/11/2009,HFD,CT,ANE,EN,Federal Contract Tower,0,0,2,0,2,0,0,10,0,10,0,0,12,0,12,6,0,6,18
01/12/2009,HFD,CT,ANE,EN,Federal Contract Tower,0,13,6,0,19,0,5,71,0,76,0,18,77,0,95,84,0,84,179
01/13/2009,HFD,CT,ANE,EN,Federal Contract Tower,0,13,6,0,19,0,5,92,0,97,0,18,98,0,116,172,0,172,288
01/14/2009,HFD,CT,ANE,EN,Federal Contract Tower,0,16,3,1,20,0,4,54,0,58,0,20,57,1,78,72,0,72,150
01/15/2009,HFD,CT,ANE,EN,Federal Contract Tower,0,14,3,0,17,0,5,31,0,36,0,19,34,0,53,54,0,54,107
01/16/2009,HFD,CT,ANE,EN,Federal Contract Tower,0,9,2,0,11,0,8,83,0,91,0,17,85,0,102,140,0,140,242
01/17/2009,HFD,CT,ANE,EN,Federal Contract Tower,0,0,8,0,8,0,2,123,0,125,0,2,131,0,133,130,0,130,263
01/18/2009,HFD,CT,ANE,EN,Federal Contract Tower,0,0,0,0,0,0,0,2,0,2,0,0,2,0,2,0,0,0,2
01/19/2009,HFD,CT,ANE,EN,Federal Contract Tower,0,8,8,0,16,0,0,58,0,58,0,8,66,0,74,82,0,82,156
01/20/2009,HFD,CT,ANE,EN,Federal Contract Tower,0,16,2,0,18,0,3,86,0,89,0,19,88,0,107,98,0,98,205
01/21/2009,HFD,CT,ANE,EN,Federal Contract Tower,0,13,2,0,15,0,2,77,0,79,0,15,79,0,94,100,0,100,194
01/22/2009,HFD,CT,ANE,EN,Federal Contract Tower,0,15,15,0,30,0,8,87,0,95,0,23,102,0,125,90,0,90,215
01/23/2009,HFD,CT,ANE,EN,Federal Contract Tower,0,9,6,1,16,0,7,129,0,136,0,16,135,1,152,196,0,196,348
01/24/2009,HFD,CT,ANE,EN,Federal Contract Tower,0,0,1,0,1,0,2,65,0,67,0,2,66,0,68,102,0,102,170
01/25/2009,HFD,CT,ANE,EN,Federal Contract Tower,0,0,5,0,5,0,0,176,0,176,0,0,181,0,181,198,0,198,379
01/26/2009,HFD,CT,ANE,EN,Federal Contract Tower,0,13,6,0,19,0,2,105,0,107,0,15,111,0,126,88,0,88,214
01/27/2009,HFD,CT,ANE,EN,Federal Contract Tower,0,18,3,0,21,0,4,90,2,96,0,22,93,2,117,116,2,118,235
01/28/2009,HFD,CT,ANE,EN,Federal Contract Tower,0,2,0,0,2,0,0,0,0,0,0,2,0,0,2,0,0,0,2
01/29/2009,HFD,CT,ANE,EN,Federal Contract Tower,0,16,3,0,19,0,5,104,0,109,0,21,107,0,128,154,0,154,282
01/30/2009,HFD,CT,ANE,EN,Federal Contract Tower,0,11,4,0,15,0,3,82,0,85,0,14,86,0,100,182,0,182,282
01/31/2009,HFD,CT,ANE,EN,Federal Contract Tower,0,1,1,0,2,0,2,48,0,50,0,3,49,0,52,56,0,56,108
02/01/2009,HFD,CT,ANE,EN,Federal Contract Tower,0,0,7,0,7,0,0,157,0,157,0,0,164,0,164,172,0,172,336
02/02/2009,HFD,CT,ANE,EN,Federal Contract Tower,0,16,7,0,23,0,2,134,2,138,0,18,141,2,161,168,0,168,329
02/03/2009,HFD,CT,ANE,EN,Federal Contract Tower,0,3,2,0,5,0,1,1,0,2,0,4,3,0,7,12,0,12,19
02/04/2009,HFD,CT,ANE,EN,Federal Contract Tower,0,15,2,0,17,0,3,63,0,66,0,18,65,0,83,50,0,50,133
02/05/2009,HFD,CT,ANE,EN,Federal Contract Tower,0,12,4,0,16,0,7,66,0,73,0,19,70,0,89,86,0,86,175
02/06/2009,HFD,CT,ANE,EN,Federal Contract Tower,0,6,11,0,17,0,8,90,0,98,0,14,101,0,115,176,0,176,291
02/07/2009,HFD,CT,ANE,EN,Federal Contract Tower,0,0,5,0,5,0,2,130,0,132,0,2,135,0,137,182,0,182,319
02/08/2009,HFD,CT,ANE,EN,Federal Contract Tower,0,0,0,0,0,0,0,73,0,73,0,0,73,0,73,136,0,136,209
02/09/2009,HFD,CT,ANE,EN,Federal Contract Tower,0,12,4,0,16,0,5,105,0,110,0,17,109,0,126,128,0,128,254
02/10/2009,HFD,CT,ANE,EN,Federal Contract Tower,0,22,2,0,24,0,2,83,6,91,0,24,85,6,115,94,0,94,209
02/11/2009,HFD,CT,ANE,EN,Federal Contract Tower,0,11,11,0,22,0,4,132,0,136,0,15,143,0,158,134,0,134,292
02/12/2009,HFD,CT,ANE,EN,Federal Contract Tower,0,17,3,0,20,0,4,36,0,40,0,21,39,0,60,58,0,58,118
02/13/2009,HFD,CT,ANE,EN,Federal Contract Tower,0,8,12,0,20,0,3,78,0,81,0,11,90,0,101,160,0,160,261
02/14/2009,HFD,CT,ANE,EN,Federal Contract Tower,0,1,4,0,5,0,5,118,0,123,0,6,122,0,128,150,0,150,278
02/15/2009,HFD,CT,ANE,EN,Federal Contract Tower,0,0,6,0,6,0,0,187,0,187,0,0,193,0,193,254,0,254,447
02/16/2009,HFD,CT,ANE,EN,Federal Contract Tower,0,1,12,0,13,0,3,146,0,149,0,4,158,0,162,132,0,132,294
02/17/2009,HFD,CT,ANE,EN,Federal Contract Tower,0,15,9,0,24,0,5,148,0,153,0,20,157,0,177,182,0,182,359
02/18/2009,HFD,CT,ANE,EN,Federal Contract Tower,0,12,9,0,21,0,2,25,0,27,0,14,34,0,48,30,0,30,78
02/19/2009,HFD,CT,ANE,EN,Federal Contract Tower,0,13,4,0,17,0,3,36,0,39,0,16,40,0,56,106,0,106,162
02/20/2009,HFD,CT,ANE,EN,Federal Contract Tower,0,8,4,0,12,0,3,68,0,71,0,11,72,0,83,120,0,120,203
02/21/2009,HFD,CT,ANE,EN,Federal Contract Tower,0,1,3,0,4,0,2,148,0,150,0,3,151,0,154,176,0,176,330
02/22/2009,HFD,CT,ANE,EN,Federal Contract Tower,0,2,3,0,5,0,0,19,0,19,0,2,22,0,24,62,0,62,86
02/23/2009,HFD,CT,ANE,EN,Federal Contract Tower,0,12,1,0,13,0,4,23,0,27,0,16,24,0,40,52,0,52,92
02/24/2009,HFD,CT,ANE,EN,Federal Contract Tower,0,11,2,0,13,0,8,99,0,107,0,19,101,0,120,134,0,134,254
02/25/2009,HFD,CT,ANE,EN,Federal Contract Tower,0,13,3,0,16,0,3,186,0,189,0,16,189,0,205,244,0,244,449
02/26/2009,HFD,CT,ANE,EN,Federal Contract Tower,0,10,7,0,17,0,7,100,0,107,0,17,107,0,124,154,0,154,278
02/27/2009,HFD,CT,ANE,EN,Federal Contract Tower,0,10,4,0,14,0,0,43,0,43,0,10,47,0,57,94,0,94,151
02/28/2009,HFD,CT,ANE,EN,Federal Contract Tower,0,0,4,0,4,0,2,137,0,139,0,2,141,0,143,228,0,228,371
03/01/2009,HFD,CT,ANE,EN,Federal Contract Tower,0,0,8,0,8,0,0,10,0,10,0,0,18,0,18,12,0,12,30
03/02/2009,HFD,CT,ANE,EN,Federal Contract Tower,0,3,0,0,3,0,0,3,0,3,0,3,3,0,6,0,0,0,6
03/03/2009,HFD,CT,ANE,EN,Federal Contract Tower,0,14,3,0,17,0,5,66,0,71,0,19,69,0,88,98,0,98,186
03/04/2009,HFD,CT,ANE,EN,Federal Contract Tower,0,13,11,0,24,0,6,112,0,118,0,19,123,0,142,128,0,128,270
03/05/2009,HFD,CT,ANE,EN,Federal Contract Tower,0,11,13,1,25,0,6,138,0,144,0,17,151,1,169,110,0,110,279
03/06/2009,HFD,CT,ANE,EN,Federal Contract Tower,0,11,7,0,18,0,7,108,0,115,0,18,115,0,133,140,0,140,273
03/07/2009,HFD,CT,ANE,EN,Federal Contract Tower,0,1,11,0,12,0,2,204,0,206,0,3,215,0,218,162,2,164,382
03/08/2009,HFD,CT,ANE,EN,Federal Contract Tower,0,4,4,0,8,0,0,124,0,124,0,4,128,0,132,62,0,62,194
03/09/2009,HFD,CT,ANE,EN,Federal Contract Tower,0,16,3,0,19,0,1,0,0,1,0,17,3,0,20,0,0,0,20
03/10/2009,HFD,CT,ANE,EN,Federal Contract Tower,0,15,9,0,24,0,5,89,0,94,0,20,98,0,118,104,0,104,222
03/11/2009,HFD,CT,ANE,EN,Federal Contract Tower,0,19,9,0,28,0,1,0,0,1,0,20,9,0,29,0,0,0,29
03/12/2009,HFD,CT,ANE,EN,Federal Contract Tower,0,12,11,0,23,0,7,95,0,102,0,19,106,0,125,144,0,144,269
03/13/2009,HFD,CT,ANE,EN,Federal Contract Tower,0,7,4,0,11,0,4,150,0,154,0,11,154,0,165,192,0,192,357
03/14/2009,HFD,CT,ANE,EN,Federal Contract Tower,0,0,6,0,6,0,2,165,0,167,0,2,171,0,173,152,0,152,325
03/15/2009,HFD,CT,ANE,EN,Federal Contract Tower,0,2,6,0,8,0,0,153,0,153,0,2,159,0,161,182,0,182,343
03/16/2009,HFD,CT,ANE,EN,Federal Contract Tower,0,15,8,0,23,0,2,117,0,119,0,17,125,0,142,142,0,142,284
03/17/2009,HFD,CT,ANE,EN,Federal Contract Tower,0,16,1,0,17,0,2,151,0,153,0,18,152,0,170,138,0,138,308
03/18/2009,HFD,CT,ANE,EN,Federal Contract Tower,0,25,5,0,30,0,7,117,0,124,0,32,122,0,154,192,0,192,346
03/19/2009,HFD,CT,ANE,EN,Federal Contract Tower,0,14,7,0,21,0,4,45,0,49,0,18,52,0,70,102,4,106,176
03/20/2009,HFD,CT,ANE,EN,Federal Contract Tower,0,15,4,0,19,0,3,82,0,85,0,18,86,0,104,126,0,126,230
03/21/2009,HFD,CT,ANE,EN,Federal Contract Tower,0,1,7,0,8,0,1,229,0,230,0,2,236,0,238,208,0,208,446
03/22/2009,HFD,CT,ANE,EN,Federal Contract Tower,0,2,3,0,5,0,0,108,0,108,0,2,111,0,113,184,0,184,297
03/23/2009,HFD,CT,ANE,EN,Federal Contract Tower,0,14,1,0,15,0,4,49,0,53,0,18,50,0,68,74,0,74,142
03/24/2009,HFD,CT,ANE,EN,Federal Contract Tower,0,16,3,0,19,0,6,75,0,81,0,22,78,0,100,64,0,64,164
03/25/2009,HFD,CT,ANE,EN,Federal Contract Tower,0,18,4,0,22,0,7,161,0,168,0,25,165,0,190,298,0,298,488
03/26/2009,HFD,CT,ANE,EN,Federal Contract Tower,0,18,11,0,29,0,2,62,0,64,0,20,73,0,93,100,0,100,193
03/27/2009,HFD,CT,ANE,EN,Federal Contract Tower,0,10,5,0,15,0,6,121,0,127,0,16,126,0,142,146,0,146,288
03/28/2009,HFD,CT,ANE,EN,Federal Contract Tower,0,3,12,0,15,0,0,136,0,136,0,3,148,0,151,238,0,238,389
03/29/2009,HFD,CT,ANE,EN,Federal Contract Tower,0,0,12,0,12,0,0,0,0,0,0,0,12,0,12,0,0,0,12
03/30/2009,HFD,CT,ANE,EN,Federal Contract Tower,0,13,9,0,22,0,3,37,0,40,0,16,46,0,62,44,0,44,106
03/31/2009,HFD,CT,ANE,EN,Federal Contract Tower,0,17,8,0,25,0,7,150,0,157,0,24,158,0,182,160,0,160,342
04/01/2009,HFD,CT,ANE,EN,Federal Contract Tower,0,19,3,0,22,0,2,75,0,77,0,21,78,0,99,90,0,90,189
04/02/2009,HFD,CT,ANE,EN,Federal Contract Tower,0,25,13,0,38,0,0,69,0,69,0,25,82,0,107,170,0,170,277
04/03/2009,HFD,CT,ANE,EN,Federal Contract Tower,0,14,5,0,19,0,0,0,0,0,0,14,5,0,19,0,0,0,19
04/04/2009,HFD,CT,ANE,EN,Federal Contract Tower,0,0,8,0,8,0,0,0,0,0,0,0,8,0,8,0,0,0,8
04/05/2009,HFD,CT,ANE,EN,Federal Contract Tower,0,2,8,0,10,0,0,110,0,110,0,2,118,0,120,72,0,72,192
04/06/2009,HFD,CT,ANE,EN,Federal Contract Tower,0,21,3,0,24,0,0,10,0,10,0,21,13,0,34,0,0,0,34
04/07/2009,HFD,CT,ANE,EN,Federal Contract Tower,0,17,5,0,22,0,4,57,0,61,0,21,62,0,83,76,0,76,159
04/08/2009,HFD,CT,ANE,EN,Federal Contract Tower,0,16,3,0,19,0,3,102,2,107,0,19,105,2,126,80,4,84,210
04/09/2009,HFD,CT,ANE,EN,Federal Contract Tower,0,12,4,0,16,0,8,187,0,195,0,20,191,0,211,280,4,284,495
04/10/2009,HFD,CT,ANE,EN,Federal Contract Tower,0,12,10,0,22,0,3,146,0,149,0,15,156,0,171,224,0,224,395
04/11/2009,HFD,CT,ANE,EN,Federal Contract Tower,0,3,10,0,13,0,0,35,0,35,0,3,45,0,48,120,0,120,168
04/12/2009,HFD,CT,ANE,EN,Federal Contract Tower,0,2,4,0,6,0,0,44,0,44,0,2,48,0,50,0,0,0,50
04/13/2009,HFD,CT,ANE,EN,Federal Contract Tower,0,14,7,0,21,0,4,133,0,137,0,18,140,0,158,130,0,130,288
04/14/2009,HFD,CT,ANE,EN,Federal Contract Tower,0,13,13,0,26,0,9,114,0,123,0,22,127,0,149,124,0,124,273
04/15/2009,HFD,CT,ANE,EN,Federal Contract Tower,0,15,5,0,20,0,7,82,0,89,0,22,87,0,109,48,0,48,157
04/16/2009,HFD,CT,ANE,EN,Federal Contract Tower,0,18,13,0,31,0,5,161,0,166,0,23,174,0,197,214,2,216,413
04/17/2009,HFD,CT,ANE,EN,Federal Contract Tower,0,8,6,0,14,0,4,137,0,141,0,12,143,0,155,222,0,222,377
04/18/2009,HFD,CT,ANE,EN,Federal Contract Tower,0,1,13,0,14,0,1,151,0,152,0,2,164,0,166,150,0,150,316
04/19/2009,HFD,CT,ANE,EN,Federal Contract Tower,0,0,13,0,13,0,0,138,0,138,0,0,151,0,151,170,0,170,321
04/20/2009,HFD,CT,ANE,EN,Federal Contract Tower,0,16,6,0,22,0,0,26,0,26,0,16,32,0,48,12,0,12,60
04/21/2009,HFD,CT,ANE,EN,Federal Contract Tower,0,8,13,0,21,0,0,0,0,0,0,8,13,0,21,0,0,0,21
04/22/2009,HFD,CT,ANE,EN,Federal Contract Tower,0,15,4,0,19,0,3,39,0,42,0,18,43,0,61,60,0,60,121
04/23/2009,HFD,CT,ANE,EN,Federal Contract Tower,0,13,7,0,20,0,4,58,0,62,0,17,65,0,82,66,0,66,148
04/24/2009,HFD,CT,ANE,EN,Federal Contract Tower,0,10,15,0,25,0,5,155,0,160,0,15,170,0,185,122,0,122,307
04/25/2009,HFD,CT,ANE,EN,Federal Contract Tower,0,1,5,0,6,0,2,177,0,179,0,3,182,0,185,8,0,8,193
04/26/2009,HFD,CT,ANE,EN,Federal Contract Tower,0,0,8,0,8,0,0,149,0,149,0,0,157,0,157,116,0,116,273
04/27/2009,HFD,CT,ANE,EN,Federal Contract Tower,0,15,4,0,19,0,5,119,0,124,0,20,123,0,143,146,0,146,289
04/28/2009,HFD,CT,ANE,EN,Federal Contract Tower,0,14,5,1,20,0,6,115,0,121,0,20,120,1,141,68,0,68,209
04/29/2009,HFD,CT,ANE,EN,Federal Contract Tower,0,17,6,0,23,0,5,131,0,136,0,22,137,0,159,162,0,162,321
04/30/2009,HFD,CT,ANE,EN,Federal Contract Tower,0,19,16,0,35,0,2,114,1,117,0,21,130,1,152,112,6,118,270
05/01/2009,HFD,CT,ANE,EN,Federal Contract Tower,0,21,20,0,41,0,0,13,0,13,0,21,33,0,54,36,0,36,90
05/02/2009,HFD,CT,ANE,EN,Federal Contract Tower,0,1,13,0,14,0,1,117,0,118,0,2,130,0,132,132,0,132,264
05/03/2009,HFD,CT,ANE,EN,Federal Contract Tower,0,1,22,2,25,0,0,72,0,72,0,1,94,2,97,64,0,64,161
05/04/2009,HFD,CT,ANE,EN,Federal Contract Tower,0,15,16,0,31,0,1,59,0,60,0,16,75,0,91,104,0,104,195
05/05/2009,HFD,CT,ANE,EN,Federal Contract Tower,0,19,23,1,43,0,1,10,0,11,0,20,33,1,54,48,0,48,102
05/06/2009,HFD,CT,ANE,EN,Federal Contract Tower,0,19,21,0,40,0,3,115,0,118,0,22,136,0,158,222,0,222,380
05/07/2009,HFD,CT,ANE,EN,Federal Contract Tower,0,18,11,0,29,0,0,10,0,10,0,18,21,0,39,36,0,36,75
05/08/2009,HFD,CT,ANE,EN,Federal Contract Tower,0,15,7,0,22,0,4,116,0,120,0,19,123,0,142,168,0,168,310
05/09/2009,HFD,CT,ANE,EN,Federal Contract Tower,0,1,29,0,30,0,1,73,0,74,0,2,102,0,104,120,0,120,224
05/10/2009,HFD,CT,ANE,EN,Federal Contract Tower,0,0,9,0,9,0,0,33,0,33,0,0,42,0,42,12,0,12,54
05/11/2009,HFD,CT,ANE,EN,Federal Contract Tower,0,9,14,0,23,0,5,129,0,134,0,14,143,0,157,142,0,142,299
05/12/2009,HFD,CT,ANE,EN,Federal Contract Tower,0,12,8,0,20,0,6,107,0,113,0,18,115,0,133,112,0,112,245
05/13/2009,HFD,CT,ANE,EN,Federal Contract Tower,0,12,13,0,25,0,6,196,0,202,0,18,209,0,227,278,0,278,505
05/14/2009,HFD,CT,ANE,EN,Federal Contract Tower,0,19,3,0,22,0,2,27,0,29,0,21,30,0,51,56,0,56,107
05/15/2009,HFD,CT,ANE,EN,Federal Contract Tower,0,6,18,0,24,0,9,120,0,129,0,15,138,0,153,208,0,208,361
05/16/2009,HFD,CT,ANE,EN,Federal Contract Tower,0,1,10,0,11,0,1,76,0,77,0,2,86,0,88,156,0,156,244
05/17/2009,HFD,CT,ANE,EN,Federal Contract Tower,0,0,8,0,8,0,0,64,0,64,0,0,72,0,72,110,0,110,182
05/18/2009,HFD,CT,ANE,EN,Federal Contract Tower,0,16,5,0,21,0,5,109,0,114,0,21,114,0,135,68,0,68,203
05/19/2009,HFD,CT,ANE,EN,Federal Contract Tower,0,13,1,0,14,0,6,163,0,169,0,19,164,0,183,106,0,106,289
05/20/2009,HFD,CT,ANE,EN,Federal Contract Tower,0,22,8,0,30,0,9,161,0,170,0,31,169,0,200,152,0,152,352
05/21/2009,HFD,CT,ANE,EN,Federal Contract Tower,0,15,18,0,33,0,7,118,0,125,0,22,136,0,158,84,0,84,242
05/22/2009,HFD,CT,ANE,EN,Federal Contract Tower,0,4,3,0,7,0,11,195,0,206,0,15,198,0,213,218,0,218,431
05/23/2009,HFD,CT,ANE,EN,Federal Contract Tower,0,0,9,0,9,0,2,76,0,78,0,2,85,0,87,162,0,162,249
05/24/2009,HFD,CT,ANE,EN,Federal Contract Tower,0,0,12,0,12,0,0,63,0,63,0,0,75,0,75,88,0,88,163
05/25/2009,HFD,CT,ANE,EN,Federal Contract Tower,0,0,5,0,5,0,0,132,0,132,0,0,137,0,137,60,0,60,197
05/26/2009,HFD,CT,ANE,EN,Federal Contract Tower,0,13,13,0,26,0,5,93,0,98,0,18,106,0,124,68,0,68,192
05/27/2009,HFD,CT,ANE,EN,Federal Contract Tower,0,17,37,0,54,0,1,18,0,19,0,18,55,0,73,78,0,78,151
05/28/2009,HFD,CT,ANE,EN,Federal Contract Tower,0,17,16,0,33,0,0,6,0,6,0,17,22,0,39,38,0,38,77
05/29/2009,HFD,CT,ANE,EN,Federal Contract Tower,0,12,23,0,35,0,3,9,0,12,0,15,32,0,47,50,0,50,97
05/30/2009,HFD,CT,ANE,EN,Federal Contract Tower,0,1,13,0,14,0,1,167,0,168,0,2,180,0,182,138,0,138,320
05/31/2009,HFD,CT,ANE,EN,Federal Contract Tower,0,0,11,0,11,0,0,88,0,88,0,0,99,0,99,72,0,72,171
06/01/2009,HFD,CT,ANE,EN,Federal Contract Tower,0,11,8,0,19,0,9,151,0,160,0,20,159,0,179,152,0,152,331
06/02/2009,HFD,CT,ANE,EN,Federal Contract Tower,0,12,12,0,24,0,7,97,0,104,0,19,109,0,128,104,0,104,232
06/03/2009,HFD,CT,ANE,EN,Federal Contract Tower,0,15,5,0,20,0,6,101,0,107,0,21,106,0,127,96,0,96,223
06/04/2009,HFD,CT,ANE,EN,Federal Contract Tower,0,13,6,0,19,0,3,115,0,118,0,16,121,0,137,98,0,98,235
06/05/2009,HFD,CT,ANE,EN,Federal Contract Tower,0,19,32,0,51,0,0,3,0,3,0,19,35,0,54,22,0,22,76
06/06/2009,HFD,CT,ANE,EN,Federal Contract Tower,0,0,23,0,23,0,2,201,0,203,0,2,224,0,226,100,8,108,334
06/07/2009,HFD,CT,ANE,EN,Federal Contract Tower,0,1,9,0,10,0,2,121,0,123,0,3,130,0,133,98,0,98,231
06/08/2009,HFD,CT,ANE,EN,Federal Contract Tower,0,14,6,0,20,0,5,120,0,125,0,19,126,0,145,74,0,74,219
06/09/2009,HFD,CT,ANE,EN,Federal Contract Tower,0,20,23,0,43,0,1,3,0,4,0,21,26,0,47,10,0,10,57
06/10/2009,HFD,CT,ANE,EN,Federal Contract Tower,0,21,46,0,67,0,0,31,0,31,0,21,77,0,98,124,0,124,222
06/11/2009,HFD,CT,ANE,EN,Federal Contract Tower,0,21,23,0,44,0,0,2,0,2,0,21,25,0,46,4,0,4,50
06/12/2009,HFD,CT,ANE,EN,Federal Contract Tower,0,10,22,0,32,0,5,46,0,51,0,15,68,0,83,44,0,44,127
06/13/2009,HFD,CT,ANE,EN,Federal Contract Tower,0,2,10,0,12,0,0,185,0,185,0,2,195,0,197,318,0,318,515
06/14/2009,HFD,CT,ANE,EN,Federal Contract Tower,0,2,23,0,25,0,0,73,0,73,0,2,96,0,98,108,0,108,206
06/15/2009,HFD,CT,ANE,EN,Federal Contract Tower,0,15,28,0,43,0,3,62,0,65,0,18,90,0,108,108,0,108,216
06/16/2009,HFD,CT,ANE,EN,Federal Contract Tower,0,21,28,0,49,0,1,93,0,94,0,22,121,0,143,94,0,94,237
06/17/2009,HFD,CT,ANE,EN,Federal Contract Tower,0,13,13,0,26,0,6,131,0,137,0,19,144,0,163,164,0,164,327
06/18/2009,HFD,CT,ANE,EN,Federal Contract Tower,0,21,9,0,30,0,1,2,0,3,0,22,11,0,33,14,0,14,47
06/19/2009,HFD,CT,ANE,EN,Federal Contract Tower,0,11,17,0,28,0,3,54,0,57,0,14,71,0,85,88,0,88,173
06/20/2009,HFD,CT,ANE,EN,Federal Contract Tower,0,2,21,0,23,0,2,57,0,59,0,4,78,0,82,78,0,78,160
06/21/2009,HFD,CT,ANE,EN,Federal Contract Tower,0,2,19,0,21,0,0,11,0,11,0,2,30,0,32,38,0,38,70
06/22/2009,HFD,CT,ANE,EN,Federal Contract Tower,0,20,29,0,49,0,3,23,0,26,0,23,52,0,75,66,0,66,141
06/23/2009,HFD,CT,ANE,EN,Federal Contract Tower,0,20,17,0,37,0,4,93,0,97,0,24,110,0,134,126,0,126,260
06/24/2009,HFD,CT,ANE,EN,Federal Contract Tower,0,16,36,6,58,0,4,38,0,42,0,20,74,6,100,126,0,126,226
06/25/2009,HFD,CT,ANE,EN,Federal Contract Tower,0,22,31,0,53,0,6,117,0,123,0,28,148,0,176,192,0,192,368
06/26/2009,HFD,CT,ANE,EN,Federal Contract Tower,0,11,5,0,16,0,2,38,0,40,0,13,43,0,56,40,0,40,96
06/27/2009,HFD,CT,ANE,EN,Federal Contract Tower,0,2,15,0,17,0,0,135,0,135,0,2,150,0,152,224,0,224,376
06/28/2009,HFD,CT,ANE,EN,Federal Contract Tower,0,4,25,0,29,0,0,79,0,79,0,4,104,0,108,118,0,118,226
06/29/2009,HFD,CT,ANE,EN,Federal Contract Tower,0,23,13,0,36,0,4,84,0,88,0,27,97,0,124,84,0,84,208
06/30/2009,HFD,CT,ANE,EN,Federal Contract Tower,0,18,13,0,31,0,7,89,0,96,0,25,102,0,127,56,0,56,183
07/01/2009,HFD,CT,ANE,EN,Federal Contract Tower,0,17,22,0,39,0,3,39,0,42,0,20,61,0,81,128,0,128,209
07/02/2009,HFD,CT,ANE,EN,Federal Contract Tower,0,13,14,1,28,0,1,21,0,22,0,14,35,1,50,74,0,74,124
07/03/2009,HFD,CT,ANE,EN,Federal Contract Tower,0,4,14,0,18,0,6,58,0,64,0,10,72,0,82,60,0,60,142
07/04/2009,HFD,CT,ANE,EN,Federal Contract Tower,0,2,6,0,8,0,0,87,0,87,0,2,93,0,95,68,0,68,163
07/05/2009,HFD,CT,ANE,EN,Federal Contract Tower,0,0,10,0,10,0,0,105,0,105,0,0,115,0,115,34,0,34,149
07/06/2009,HFD,CT,ANE,EN,Federal Contract Tower,0,11,5,0,16,0,5,124,0,129,0,16,129,0,145,94,0,94,239
07/07/2009,HFD,CT,ANE,EN,Federal Contract Tower,0,13,12,0,25,0,5,53,0,58,0,18,65,0,83,48,0,48,131
07/08/2009,HFD,CT,ANE,EN,Federal Contract Tower,0,17,25,0,42,0,6,127,0,133,0,23,152,0,175,146,0,146,321
07/09/2009,HFD,CT,ANE,EN,Federal Contract Tower,0,15,32,1,48,0,0,39,0,39,0,15,71,1,87,160,0,160,247
07/10/2009,HFD,CT,ANE,EN,Federal Contract Tower,0,5,10,1,16,0,4,166,0,170,0,9,176,1,186,114,0,114,300
07/11/2009,HFD,CT,ANE,EN,Federal Contract Tower,0,1,3,0,4,0,2,127,0,129,0,3,130,0,133,202,0,202,335
07/12/2009,HFD,CT,ANE,EN,Federal Contract Tower,0,1,14,0,15,0,1,119,2,122,0,2,133,2,137,180,0,180,317
07/13/2009,HFD,CT,ANE,EN,Federal Contract Tower,0,16,4,0,20,0,3,124,0,127,0,19,128,0,147,134,0,134,281
07/14/2009,HFD,CT,ANE,EN,Federal Contract Tower,0,13,10,0,23,0,5,159,0,164,0,18,169,0,187,104,0,104,291
07/15/2009,HFD,CT,ANE,EN,Federal Contract Tower,0,16,9,0,25,0,6,159,0,165,0,22,168,0,190,122,0,122,312
07/16/2009,HFD,CT,ANE,EN,Federal Contract Tower,0,18,14,0,32,0,3,98,0,101,0,21,112,0,133,126,0,126,259
07/17/2009,HFD,CT,ANE,EN,Federal Contract Tower,0,10,9,0,19,0,3,145,0,148,0,13,154,0,167,222,0,222,389
07/18/2009,HFD,CT,ANE,EN,Federal Contract Tower,0,1,9,0,10,0,1,106,0,107,0,2,115,0,117,204,0,204,321
07/19/2009,HFD,CT,ANE,EN,Federal Contract Tower,0,0,8,0,8,0,0,185,0,185,0,0,193,0,193,130,0,130,323
07/20/2009,HFD,CT,ANE,EN,Federal Contract Tower,0,8,5,0,13,0,7,157,0,164,0,15,162,0,177,130,0,130,307
07/21/2009,HFD,CT,ANE,EN,Federal Contract Tower,0,16,3,0,19,0,2,10,0,12,0,18,13,0,31,4,0,4,35
07/22/2009,HFD,CT,ANE,EN,Federal Contract Tower,0,11,31,0,42,0,9,88,0,97,0,20,119,0,139,174,0,174,313
07/23/2009,HFD,CT,ANE,EN,Federal Contract Tower,0,16,28,0,44,0,0,24,2,26,0,16,52,2,70,50,0,50,120
07/24/2009,HFD,CT,ANE,EN,Federal Contract Tower,0,12,16,1,29,0,4,77,1,82,0,16,93,2,111,82,12,94,205
07/25/2009,HFD,CT,ANE,EN,Federal Contract Tower,0,0,17,0,17,0,0,130,0,130,0,0,147,0,147,126,0,126,273
07/26/2009,HFD,CT,ANE,EN,Federal Contract Tower,0,0,20,0,20,0,0,46,0,46,0,0,66,0,66,98,0,98,164
07/27/2009,HFD,CT,ANE,EN,Federal Contract Tower,0,10,9,0,19,0,5,97,0,102,0,15,106,0,121,190,0,190,311
07/28/2009,HFD,CT,ANE,EN,Federal Contract Tower,0,7,16,0,23,0,11,117,0,128,0,18,133,0,151,198,0,198,349
07/29/2009,HFD,CT,ANE,EN,Federal Contract Tower,0,6,20,0,26,0,0,17,0,17,0,6,37,0,43,64,0,64,107
07/30/2009,HFD,CT,ANE,EN,Federal Contract Tower,0,2,19,0,21,0,9,69,0,78,0,11,88,0,99,124,0,124,223
07/31/2009,HFD,CT,ANE,EN,Federal Contract Tower,0,2,15,0,17,0,2,1,0,3,0,4,16,0,20,0,0,0,20
08/01/2009,HFD,CT,ANE,EN,Federal Contract Tower,0,0,10,0,10,0,2,185,0,187,0,2,195,0,197,208,0,208,405
08/02/2009,HFD,CT,ANE,EN,Federal Contract Tower,0,1,20,0,21,0,0,9,0,9,0,1,29,0,30,44,0,44,74
08/03/2009,HFD,CT,ANE,EN,Federal Contract Tower,0,11,9,0,20,0,10,139,0,149,0,21,148,0,169,150,0,150,319
08/04/2009,HFD,CT,ANE,EN,Federal Contract Tower,0,17,15,0,32,0,5,142,0,147,0,22,157,0,179,190,6,196,375
08/05/2009,HFD,CT,ANE,EN,Federal Contract Tower,0,18,18,0,36,0,7,95,0,102,0,25,113,0,138,176,0,176,314
08/06/2009,HFD,CT,ANE,EN,Federal Contract Tower,0,8,8,0,16,0,10,180,0,190,0,18,188,0,206,286,0,286,492
08/07/2009,HFD,CT,ANE,EN,Federal Contract Tower,0,6,9,0,15,0,6,185,0,191,0,12,194,0,206,118,0,118,324
08/08/2009,HFD,CT,ANE,EN,Federal Contract Tower,0,0,6,0,6,0,2,185,0,187,0,2,191,0,193,184,0,184,377
08/09/2009,HFD,CT,ANE,EN,Federal Contract Tower,0,2,28,0,30,0,0,70,0,70,0,2,98,0,100,74,0,74,174
08/10/2009,HFD,CT,ANE,EN,Federal Contract Tower,0,13,18,3,34,0,7,105,0,112,0,20,123,3,146,98,2,100,246
08/11/2009,HFD,CT,ANE,EN,Federal Contract Tower,0,9,11,0,20,0,10,91,0,101,0,19,102,0,121,88,0,88,209
08/12/2009,HFD,CT,ANE,EN,Federal Contract Tower,0,17,34,0,51,0,0,79,0,79,0,17,113,0,130,128,0,128,258
08/13/2009,HFD,CT,ANE,EN,Federal Contract Tower,0,22,31,0,53,0,1,32,0,33,0,23,63,0,86,138,0,138,224
08/14/2009,HFD,CT,ANE,EN,Federal Contract Tower,0,5,15,0,20,0,4,140,0,144,0,9,155,0,164,82,0,82,246
08/15/2009,HFD,CT,ANE,EN,Federal Contract Tower,0,2,21,0,23,0,1,159,0,160,0,3,180,0,183,192,1,193,376
08/16/2009,HFD,CT,ANE,EN,Federal Contract Tower,0,2,7,0,9,0,0,131,0,131,0,2,138,0,140,86,0,86,226
08/17/2009,HFD,CT,ANE,EN,Federal Contract Tower,0,12,4,0,16,0,3,99,0,102,0,15,103,0,118,108,0,108,226
08/18/2009,HFD,CT,ANE,EN,Federal Contract Tower,0,13,8,0,21,0,8,105,0,113,0,21,113,0,134,54,0,54,188
08/19/2009,HFD,CT,ANE,EN,Federal Contract Tower,0,9,15,0,24,0,10,140,0,150,0,19,155,0,174,166,0,166,340
08/20/2009,HFD,CT,ANE,EN,Federal Contract Tower,0,12,9,0,21,0,6,106,0,112,0,18,115,0,133,118,0,118,251
08/21/2009,HFD,CT,ANE,EN,Federal Contract Tower,0,11,19,0,30,0,2,37,0,39,0,13,56,0,69,58,0,58,127
08/22/2009,HFD,CT,ANE,EN,Federal Contract Tower,0,2,5,0,7,0,0,52,0,52,0,2,57,0,59,54,0,54,113
08/23/2009,HFD,CT,ANE,EN,Federal Contract Tower,0,0,14,0,14,0,0,39,0,39,0,0,53,0,53,78,0,78,131
08/24/2009,HFD,CT,ANE,EN,Federal Contract Tower,0,10,12,0,22,0,4,117,0,121,0,14,129,0,143,140,0,140,283
08/25/2009,HFD,CT,ANE,EN,Federal Contract Tower,0,14,8,0,22,0,4,172,0,176,0,18,180,0,198,202,0,202,400
08/26/2009,HFD,CT,ANE,EN,Federal Contract Tower,0,9,21,0,30,0,5,127,0,132,0,14,148,0,162,86,0,86,248
08/27/2009,HFD,CT,ANE,EN,Federal Contract Tower,0,11,6,0,17,0,5,177,0,182,0,16,183,0,199,216,0,216,415
08/28/2009,HFD,CT,ANE,EN,Federal Contract Tower,0,12,11,0,23,0,2,75,0,77,0,14,86,0,100,100,0,100,200
08/29/2009,HFD,CT,ANE,EN,Federal Contract Tower,0,0,9,0,9,0,0,0,0,0,0,0,9,0,9,0,0,0,9
08/30/2009,HFD,CT,ANE,EN,Federal Contract Tower,0,3,11,0,14,0,1,73,0,74,0,4,84,0,88,108,0,108,196
08/31/2009,HFD,CT,ANE,EN,Federal Contract Tower,0,12,12,0,24,0,6,139,0,145,0,18,151,0,169,168,0,168,337
09/01/2009,HFD,CT,ANE,EN,Federal Contract Tower,0,11,3,0,14,0,8,153,0,161,0,19,156,0,175,150,0,150,325
09/02/2009,HFD,CT,ANE,EN,Federal Contract Tower,0,7,8,0,15,0,18,208,0,226,0,25,216,0,241,198,10,208,449
09/03/2009,HFD,CT,ANE,EN,Federal Contract Tower,0,8,7,2,17,0,8,180,1,189,0,16,187,3,206,240,2,242,448
09/04/2009,HFD,CT,ANE,EN,Federal Contract Tower,0,5,12,0,17,0,28,168,0,196,0,33,180,0,213,146,0,146,359
09/05/2009,HFD,CT,ANE,EN,Federal Contract Tower,0,3,9,0,12,0,2,178,0,180,0,5,187,0,192,242,0,242,434
09/06/2009,HFD,CT,ANE,EN,Federal Contract Tower,0,1,7,0,8,0,0,118,0,118,0,1,125,0,126,132,0,132,258
09/07/2009,HFD,CT,ANE,EN,Federal Contract Tower,0,3,13,0,16,0,0,133,0,133,0,3,146,0,149,128,0,128,277
09/08/2009,HFD,CT,ANE,EN,Federal Contract Tower,0,16,13,0,29,0,6,107,0,113,0,22,120,0,142,70,0,70,212
09/09/2009,HFD,CT,ANE,EN,Federal Contract Tower,0,14,4,0,18,0,7,101,0,108,0,21,105,0,126,112,0,112,238
09/10/2009,HFD,CT,ANE,EN,Federal Contract Tower,0,9,15,0,24,0,7,106,0,113,0,16,121,0,137,92,0,92,229
09/11/2009,HFD,CT,ANE,EN,Federal Contract Tower,0,14,19,0,33,0,1,1,0,2,0,15,20,0,35,0,0,0,35
09/12/2009,HFD,CT,ANE,EN,Federal Contract Tower,0,2,23,0,25,0,0,0,0,0,0,2,23,0,25,0,0,0,25
09/13/2009,HFD,CT,ANE,EN,Federal Contract Tower,0,0,25,0,25,0,0,150,0,150,0,0,175,0,175,172,0,172,347
09/14/2009,HFD,CT,ANE,EN,Federal Contract Tower,0,10,9,0,19,0,7,123,0,130,0,17,132,0,149,170,0,170,319
09/15/2009,HFD,CT,ANE,EN,Federal Contract Tower,0,15,8,0,23,0,9,148,0,157,0,24,156,0,180,90,0,90,270
09/16/2009,HFD,CT,ANE,EN,Federal Contract Tower,0,19,24,2,45,0,4,97,0,101,0,23,121,2,146,168,0,168,314
09/17/2009,HFD,CT,ANE,EN,Federal Contract Tower,0,13,20,0,33,0,13,134,0,147,0,26,154,0,180,170,0,170,350
09/18/2009,HFD,CT,ANE,EN,Federal Contract Tower,0,8,11,0,19,0,7,122,0,129,0,15,133,0,148,230,0,230,378
09/19/2009,HFD,CT,ANE,EN,Federal Contract Tower,0,0,1,0,1,0,2,118,0,120,0,2,119,0,121,138,0,138,259
09/20/2009,HFD,CT,ANE,EN,Federal Contract Tower,0,2,12,0,14,0,0,144,0,144,0,2,156,0,158,68,0,68,226
09/21/2009,HFD,CT,ANE,EN,Federal Contract Tower,0,15,9,0,24,0,4,142,0,146,0,19,151,0,170,154,0,154,324
09/22/2009,HFD,CT,ANE,EN,Federal Contract Tower,0,18,11,0,29,0,3,89,0,92,0,21,100,0,121,204,0,204,325
09/23/2009,HFD,CT,ANE,EN,Federal Contract Tower,0,20,14,0,34,0,8,106,0,114,0,28,120,0,148,188,0,188,336
09/24/2009,HFD,CT,ANE,EN,Federal Contract Tower,0,19,10,0,29,0,5,144,0,149,0,24,154,0,178,178,0,178,356
09/25/2009,HFD,CT,ANE,EN,Federal Contract Tower,0,5,7,0,12,0,9,128,0,137,0,14,135,0,149,124,0,124,273
09/26/2009,HFD,CT,ANE,EN,Federal Contract Tower,0,6,8,0,14,0,2,151,0,153,0,8,159,0,167,184,0,184,351
09/27/2009,HFD,CT,ANE,EN,Federal Contract Tower,0,1,4,0,5,0,0,0,0,0,0,1,4,0,5,0,0,0,5
09/28/2009,HFD,CT,ANE,EN,Federal Contract Tower,0,19,3,0,22,0,0,83,0,83,0,19,86,0,105,44,0,44,149
09/29/2009,HFD,CT,ANE,EN,Federal Contract Tower,0,16,9,0,25,0,3,96,0,99,0,19,105,0,124,126,0,126,250
09/30/2009,HFD,CT,ANE,EN,Federal Contract Tower,0,19,16,0,35,0,7,97,0,104,0,26,113,0,139,98,0,98,237
10/01/2009,HFD,CT,ANE,EN,Federal Contract Tower,0,15,10,0,25,0,7,120,0,127,0,22,130,0,152,168,0,168,320
10/02/2009,HFD,CT,ANE,EN,Federal Contract Tower,0,14,5,0,19,0,4,116,0,120,0,18,121,0,139,162,0,162,301
10/03/2009,HFD,CT,ANE,EN,Federal Contract Tower,0,0,18,0,18,0,0,0,0,0,0,0,18,0,18,0,0,0,18
10/04/2009,HFD,CT,ANE,EN,Federal Contract Tower,0,1,13,0,14,0,0,81,0,81,0,1,94,0,95,116,0,116,211
10/05/2009,HFD,CT,ANE,EN,Federal Contract Tower,0,17,5,0,22,0,6,99,0,105,0,23,104,0,127,120,0,120,247
10/06/2009,HFD,CT,ANE,EN,Federal Contract Tower,0,15,14,0,29,0,10,135,0,145,0,25,149,0,174,148,0,148,322
10/07/2009,HFD,CT,ANE,EN,Federal Contract Tower,0,13,2,1,16,0,8,7,0,15,0,21,9,1,31,30,0,30,61
10/08/2009,HFD,CT,ANE,EN,Federal Contract Tower,0,9,7,0,16,0,10,107,0,117,0,19,114,0,133,110,0,110,243
10/09/2009,HFD,CT,ANE,EN,Federal Contract Tower,0,19,26,0,45,0,2,46,0,48,0,21,72,0,93,122,0,122,215
10/10/2009,HFD,CT,ANE,EN,Federal Contract Tower,0,2,12,0,14,0,0,84,0,84,0,2,96,0,98,40,0,40,138
10/11/2009,HFD,CT,ANE,EN,Federal Contract Tower,0,0,7,0,7,0,0,158,0,158,0,0,165,0,165,110,0,110,275
10/12/2009,HFD,CT,ANE,EN,Federal Contract Tower,0,5,5,0,10,0,1,128,0,129,0,6,133,0,139,116,0,116,255
10/13/2009,HFD,CT,ANE,EN,Federal Contract Tower,0,13,11,0,24,0,7,31,0,38,0,20,42,0,62,48,0,48,110
10/14/2009,HFD,CT,ANE,EN,Federal Contract Tower,0,10,10,0,20,0,11,134,0,145,0,21,144,0,165,150,0,150,315
10/15/2009,HFD,CT,ANE,EN,Federal Contract Tower,0,19,10,0,29,0,2,36,0,38,0,21,46,0,67,48,0,48,115
10/16/2009,HFD,CT,ANE,EN,Federal Contract Tower,0,18,7,0,25,0,2,40,0,42,0,20,47,0,67,54,0,54,121
10/17/2009,HFD,CT,ANE,EN,Federal Contract Tower,0,0,3,0,3,0,2,105,0,107,0,2,108,0,110,92,0,92,202
10/18/2009,HFD,CT,ANE,EN,Federal Contract Tower,0,0,7,0,7,0,0,0,0,0,0,0,7,0,7,0,0,0,7
10/19/2009,HFD,CT,ANE,EN,Federal Contract Tower,0,22,11,0,33,0,9,121,0,130,0,31,132,0,163,0,123,123,286
10/20/2009,HFD,CT,ANE,EN,Federal Contract Tower,0,11,14,0,25,0,12,176,0,188,0,23,190,0,213,180,0,180,393
10/21/2009,HFD,CT,ANE,EN,Federal Contract Tower,0,16,10,1,27,0,7,203,0,210,0,23,213,1,237,234,0,234,471
10/22/2009,HFD,CT,ANE,EN,Federal Contract Tower,0,10,17,0,27,0,8,137,0,145,0,18,154,0,172,206,0,206,378
10/23/2009,HFD,CT,ANE,EN,Federal Contract Tower,0,13,7,0,20,0,2,95,0,97,0,15,102,0,117,138,0,138,255
10/24/2009,HFD,CT,ANE,EN,Federal Contract Tower,0,0,8,0,8,0,0,0,0,0,0,0,8,0,8,0,0,0,8
10/25/2009,HFD,CT,ANE,EN,Federal Contract Tower,0,0,13,0,13,0,0,122,0,122,0,0,135,0,135,68,0,68,203
10/26/2009,HFD,CT,ANE,EN,Federal Contract Tower,0,13,7,0,20,0,9,137,0,146,0,22,144,0,166,152,0,152,318
10/27/2009,HFD,CT,ANE,EN,Federal Contract Tower,0,19,14,1,34,0,1,46,0,47,0,20,60,1,81,108,0,108,189
10/28/2009,HFD,CT,ANE,EN,Federal Contract Tower,0,16,15,0,31,0,0,0,0,0,0,16,15,0,31,0,0,0,31
10/29/2009,HFD,CT,ANE,EN,Federal Contract Tower,0,15,17,1,33,0,6,166,0,172,0,21,183,1,205,168,0,168,373
10/30/2009,HFD,CT,ANE,EN,Federal Contract Tower,0,15,19,0,34,0,2,146,0,148,0,17,165,0,182,166,0,166,348
10/31/2009,HFD,CT,ANE,EN,Federal Contract Tower,0,2,4,0,6,0,0,0,0,0,0,2,4,0,6,0,0,0,6
11/01/2009,HFD,CT,ANE,EN,Federal Contract Tower,0,0,9,0,9,0,0,112,0,112,0,0,121,0,121,106,0,106,227
11/02/2009,HFD,CT,ANE,EN,Federal Contract Tower,0,17,7,1,25,0,7,97,0,104,0,24,104,1,129,80,0,80,209
11/03/2009,HFD,CT,ANE,EN,Federal Contract Tower,0,15,15,0,30,0,1,93,0,94,0,16,108,0,124,116,0,116,240
11/04/2009,HFD,CT,ANE,EN,Federal Contract Tower,0,16,5,0,21,0,8,152,0,160,0,24,157,0,181,162,0,162,343
11/05/2009,HFD,CT,ANE,EN,Federal Contract Tower,0,25,3,0,28,0,3,80,0,83,0,28,83,0,111,126,0,126,237
11/06/2009,HFD,CT,ANE,EN,Federal Contract Tower,0,8,10,0,18,0,9,107,0,116,0,17,117,0,134,202,0,202,336
11/07/2009,HFD,CT,ANE,EN,Federal Contract Tower,0,5,5,0,10,0,1,263,0,264,0,6,268,0,274,192,0,192,466
11/08/2009,HFD,CT,ANE,EN,Federal Contract Tower,0,3,12,0,15,0,0,183,0,183,0,3,195,0,198,180,0,180,378
11/09/2009,HFD,CT,ANE,EN,Federal Contract Tower,0,16,11,0,27,0,6,113,0,119,0,22,124,0,146,126,0,126,272
11/10/2009,HFD,CT,ANE,EN,Federal Contract Tower,0,16,18,1,35,0,6,126,0,132,0,22,144,1,167,206,0,206,373
11/11/2009,HFD,CT,ANE,EN,Federal Contract Tower,0,2,7,0,9,0,2,119,0,121,0,4,126,0,130,128,0,128,258
11/12/2009,HFD,CT,ANE,EN,Federal Contract Tower,0,20,6,0,26,0,9,87,0,96,0,29,93,0,122,100,0,100,222
11/13/2009,HFD,CT,ANE,EN,Federal Contract Tower,0,19,13,0,32,0,0,44,0,44,0,19,57,0,76,54,0,54,130
11/14/2009,HFD,CT,ANE,EN,Federal Contract Tower,0,3,11,0,14,0,0,0,0,0,0,3,11,0,14,0,0,0,14
11/15/2009,HFD,CT,ANE,EN,Federal Contract Tower,0,0,19,3,22,0,0,56,0,56,0,0,75,3,78,86,0,86,164
11/16/2009,HFD,CT,ANE,EN,Federal Contract Tower,0,7,3,0,10,0,9,145,0,154,0,16,148,0,164,94,0,94,258
11/17/2009,HFD,CT,ANE,EN,Federal Contract Tower,0,12,9,0,21,0,10,123,0,133,0,22,132,0,154,80,0,80,234
11/18/2009,HFD,CT,ANE,EN,Federal Contract Tower,0,13,8,0,21,0,9,147,0,156,0,22,155,0,177,176,0,176,353
11/19/2009,HFD,CT,ANE,EN,Federal Contract Tower,0,16,21,0,37,0,4,86,0,90,0,20,107,0,127,156,0,156,283
11/20/2009,HFD,CT,ANE,EN,Federal Contract Tower,0,6,5,0,11,0,10,57,0,67,0,16,62,0,78,72,0,72,150
11/21/2009,HFD,CT,ANE,EN,Federal Contract Tower,0,1,13,0,14,0,1,158,0,159,0,2,171,0,173,228,0,228,401
11/22/2009,HFD,CT,ANE,EN,Federal Contract Tower,0,1,13,0,14,0,1,150,0,151,0,2,163,0,165,158,0,158,323
11/23/2009,HFD,CT,ANE,EN,Federal Contract Tower,0,18,14,0,32,0,0,30,0,30,0,18,44,0,62,30,0,30,92
11/24/2009,HFD,CT,ANE,EN,Federal Contract Tower,0,22,15,2,39,0,2,5,0,7,0,24,20,2,46,18,0,18,64
11/25/2009,HFD,CT,ANE,EN,Federal Contract Tower,0,17,17,0,34,0,0,0,0,0,0,17,17,0,34,0,0,0,34
11/26/2009,HFD,CT,ANE,EN,Federal Contract Tower,0,0,6,0,6,0,0,1,0,1,0,0,7,0,7,0,0,0,7
11/27/2009,HFD,CT,ANE,EN,Federal Contract Tower,0,10,2,0,12,0,2,4,0,6,0,12,6,0,18,16,0,16,34
11/28/2009,HFD,CT,ANE,EN,Federal Contract Tower,0,2,3,0,5,0,0,1,0,1,0,2,4,0,6,0,0,0,6
11/29/2009,HFD,CT,ANE,EN,Federal Contract Tower,0,2,7,0,9,0,0,186,0,186,0,2,193,0,195,212,0,212,407
11/30/2009,HFD,CT,ANE,EN,Federal Contract Tower,0,15,8,0,23,0,5,34,0,39,0,20,42,0,62,6,0,6,68
12/01/2009,HFD,CT,ANE,EN,Federal Contract Tower,0,12,8,0,20,0,7,103,0,110,0,19,111,0,130,130,0,130,260
12/02/2009,HFD,CT,ANE,EN,Federal Contract Tower,0,14,10,0,24,0,8,133,0,141,0,22,143,0,165,194,2,196,361
12/03/2009,HFD,CT,ANE,EN,Federal Contract Tower,0,8,7,0,15,0,8,26,0,34,0,16,33,0,49,26,0,26,75
12/04/2009,HFD,CT,ANE,EN,Federal Contract Tower,0,6,9,0,15,0,10,139,0,149,0,16,148,0,164,168,0,168,332
12/05/2009,HFD,CT,ANE,EN,Federal Contract Tower,0,0,7,0,7,0,2,33,0,35,0,2,40,0,42,68,0,68,110
12/06/2009,HFD,CT,ANE,EN,Federal Contract Tower,0,0,4,0,4,0,0,95,0,95,0,0,99,0,99,36,0,36,135
12/07/2009,HFD,CT,ANE,EN,Federal Contract Tower,0,13,2,0,15,0,6,83,0,89,0,19,85,0,104,22,0,22,126
12/08/2009,HFD,CT,ANE,EN,Federal Contract Tower,0,13,3,0,16,0,11,111,0,122,0,24,114,0,138,178,0,178,316
12/09/2009,HFD,CT,ANE,EN,Federal Contract Tower,0,8,0,0,8,0,0,0,0,0,0,8,0,0,8,0,0,0,8
12/10/2009,HFD,CT,ANE,EN,Federal Contract Tower,0,9,4,1,14,0,11,36,0,47,0,20,40,1,61,66,0,66,127
12/11/2009,HFD,CT,ANE,EN,Federal Contract Tower,0,8,11,0,19,0,10,22,0,32,0,18,33,0,51,0,0,0,51
12/12/2009,HFD,CT,ANE,EN,Federal Contract Tower,0,2,9,0,11,0,1,114,0,115,0,3,123,0,126,172,0,172,298
12/13/2009,HFD,CT,ANE,EN,Federal Contract Tower,0,10,0,0,10,0,0,24,0,24,0,10,24,0,34,38,0,38,72
12/14/2009,HFD,CT,ANE,EN,Federal Contract Tower,0,18,6,0,24,0,1,91,0,92,0,19,97,0,116,100,0,100,216
12/15/2009,HFD,CT,ANE,EN,Federal Contract Tower,0,11,18,0,29,0,8,30,0,38,0,19,48,0,67,108,0,108,175
12/16/2009,HFD,CT,ANE,EN,Federal Contract Tower,0,10,3,0,13,0,11,53,0,64,0,21,56,0,77,98,0,98,175
12/17/2009,HFD,CT,ANE,EN,Federal Contract Tower,0,11,5,0,16,0,8,59,0,67,0,19,64,0,83,12,0,12,95
12/18/2009,HFD,CT,ANE,EN,Federal Contract Tower,0,1,7,0,8,0,11,117,0,128,0,12,124,0,136,124,0,124,260
12/19/2009,HFD,CT,ANE,EN,Federal Contract Tower,0,1,2,0,3,0,1,60,0,61,0,2,62,0,64,60,0,60,124
12/20/2009,HFD,CT,ANE,EN,Federal Contract Tower,0,0,0,0,0,0,0,1,0,1,0,0,1,0,1,0,0,0,1
12/21/2009,HFD,CT,ANE,EN,Federal Contract Tower,0,8,2,0,10,0,11,32,0,43,0,19,34,0,53,0,0,0,53
12/22/2009,HFD,CT,ANE,EN,Federal Contract Tower,0,9,3,1,13,0,10,63,0,73,0,19,66,1,86,50,0,50,136
12/23/2009,HFD,CT,ANE,EN,Federal Contract Tower,0,9,8,2,19,0,11,43,0,54,0,20,51,2,73,52,0,52,125
12/24/2009,HFD,CT,ANE,EN,Federal Contract Tower,0,2,8,0,10,0,13,53,0,66,0,15,61,0,76,62,0,62,138
12/25/2009,HFD,CT,ANE,EN,Federal Contract Tower,0,0,0,0,0,0,2,0,0,2,0,2,0,0,2,0,0,0,2
12/26/2009,HFD,CT,ANE,EN,Federal Contract Tower,0,0,0,0,0,0,0,7,0,7,0,0,7,0,7,40,0,40,47
12/27/2009,HFD,CT,ANE,EN,Federal Contract Tower,0,2,11,0,13,0,0,28,0,28,0,2,39,0,41,44,0,44,85
12/28/2009,HFD,CT,ANE,EN,Federal Contract Tower,0,13,1,0,14,0,8,37,0,45,0,21,38,0,59,42,0,42,101
12/29/2009,HFD,CT,ANE,EN,Federal Contract Tower,0,10,1,0,11,0,9,5,0,14,0,19,6,0,25,0,0,0,25
12/30/2009,HFD,CT,ANE,EN,Federal Contract Tower,0,10,13,0,23,0,17,133,0,150,0,27,146,0,173,218,0,218,391
12/31/2009,HFD,CT,ANE,EN,Federal Contract Tower,0,13,2,0,15,0,2,5,0,7,0,15,7,0,22,10,0,10,32
01/01/2010,HFD,CT,ANE,EN,Federal Contract Tower,0,1,1,0,2,0,0,9,0,9,0,1,10,0,11,12,0,12,23
01/02/2010,HFD,CT,ANE,EN,Federal Contract Tower,0,0,1,0,1,0,0,0,0,0,0,0,1,0,1,0,0,0,1
01/03/2010,HFD,CT,ANE,EN,Federal Contract Tower,0,0,3,0,3,0,0,0,0,0,0,0,3,0,3,0,0,0,3
01/04/2010,HFD,CT,ANE,EN,Federal Contract Tower,0,11,0,1,12,0,8,32,1,41,0,19,32,2,53,18,0,18,71
01/05/2010,HFD,CT,ANE,EN,Federal Contract Tower,0,12,4,0,16,0,6,69,0,75,0,18,73,0,91,86,0,86,177
01/06/2010,HFD,CT,ANE,EN,Federal Contract Tower,0,10,12,0,22,0,10,80,0,90,0,20,92,0,112,102,0,102,214
01/07/2010,HFD,CT,ANE,EN,Federal Contract Tower,0,9,8,0,17,0,5,95,0,100,0,14,103,0,117,60,0,60,177
01/08/2010,HFD,CT,ANE,EN,Federal Contract Tower,0,10,1,0,11,0,2,2,0,4,0,12,3,0,15,0,0,0,15
01/09/2010,HFD,CT,ANE,EN,Federal Contract Tower,0,0,14,0,14,0,2,134,0,136,0,2,148,0,150,182,0,182,332
01/10/2010,HFD,CT,ANE,EN,Federal Contract Tower,0,0,7,0,7,0,0,112,0,112,0,0,119,0,119,102,0,102,221
01/11/2010,HFD,CT,ANE,EN,Federal Contract Tower,0,11,9,0,20,0,8,65,0,73,0,19,74,0,93,60,0,60,153
01/12/2010,HFD,CT,ANE,EN,Federal Contract Tower,0,7,10,0,17,0,12,89,0,101,0,19,99,0,118,62,0,62,180
01/13/2010,HFD,CT,ANE,EN,Federal Contract Tower,0,15,6,0,21,0,13,110,0,123,0,28,116,0,144,106,0,106,250
01/14/2010,HFD,CT,ANE,EN,Federal Contract Tower,0,8,9,0,17,0,12,145,0,157,0,20,154,0,174,126,0,126,300
01/15/2010,HFD,CT,ANE,EN,Federal Contract Tower,0,9,12,0,21,0,5,126,0,131,0,14,138,0,152,182,0,182,334
01/16/2010,HFD,CT,ANE,EN,Federal Contract Tower,0,1,6,0,7,0,1,173,0,174,0,2,179,0,181,230,0,230,411
01/17/2010,HFD,CT,ANE,EN,Federal Contract Tower,0,0,4,0,4,0,0,33,0,33,0,0,37,0,37,90,0,90,127
01/18/2010,HFD,CT,ANE,EN,Federal Contract Tower,0,7,3,0,10,0,1,14,0,15,0,8,17,0,25,26,0,26,51
01/19/2010,HFD,CT,ANE,EN,Federal Contract Tower,0,22,7,0,29,0,0,2,0,2,0,22,9,0,31,0,0,0,31
01/20/2010,HFD,CT,ANE,EN,Federal Contract Tower,0,12,8,2,22,0,14,63,0,77,0,26,71,2,99,30,2,32,131
01/21/2010,HFD,CT,ANE,EN,Federal Contract Tower,0,9,8,0,17,0,14,109,0,123,0,23,117,0,140,112,0,112,252
01/22/2010,HFD,CT,ANE,EN,Federal Contract Tower,0,10,7,0,17,0,9,66,0,75,0,19,73,0,92,18,0,18,110
01/23/2010,HFD,CT,ANE,EN,Federal Contract Tower,0,0,6,0,6,0,2,196,0,198,0,2,202,0,204,258,0,258,462
01/24/2010,HFD,CT,ANE,EN,Federal Contract Tower,0,0,12,0,12,0,0,65,0,65,0,0,77,0,77,138,0,138,215
01/25/2010,HFD,CT,ANE,EN,Federal Contract Tower,0,17,4,0,21,0,1,3,0,4,0,18,7,0,25,0,0,0,25
01/26/2010,HFD,CT,ANE,EN,Federal Contract Tower,0,13,10,0,23,0,5,74,0,79,0,18,84,0,102,16,0,16,118
01/27/2010,HFD,CT,ANE,EN,Federal Contract Tower,0,8,11,0,19,0,2,103,0,105,0,10,114,0,124,164,0,164,288
01/28/2010,HFD,CT,ANE,EN,Federal Contract Tower,0,13,6,0,19,0,7,0,0,7,0,20,6,0,26,0,0,0,26
01/29/2010,HFD,CT,ANE,EN,Federal Contract Tower,0,4,4,0,8,0,9,16,0,25,0,13,20,0,33,14,0,14,47
01/30/2010,HFD,CT,ANE,EN,Federal Contract Tower,0,0,3,0,3,0,2,65,0,67,0,2,68,0,70,60,0,60,130
01/31/2010,HFD,CT,ANE,EN,Federal Contract Tower,0,0,7,0,7,0,0,118,0,118,0,0,125,0,125,236,0,236,361
02/01/2010,HFD,CT,ANE,EN,Federal Contract Tower,0,8,9,0,17,0,9,99,0,108,0,17,108,0,125,62,0,62,187
02/02/2010,HFD,CT,ANE,EN,Federal Contract Tower,0,17,5,0,22,0,3,61,0,64,0,20,66,0,86,118,0,118,204
02/03/2010,HFD,CT,ANE,EN,Federal Contract Tower,0,12,6,0,18,0,15,25,0,40,0,27,31,0,58,68,0,68,126
02/04/2010,HFD,CT,ANE,EN,Federal Contract Tower,0,8,15,0,23,0,13,72,0,85,0,21,87,0,108,118,0,118,226
02/05/2010,HFD,CT,ANE,EN,Federal Contract Tower,0,5,6,0,11,0,10,116,0,126,0,15,122,0,137,136,0,136,273
02/06/2010,HFD,CT,ANE,EN,Federal Contract Tower,0,2,1,0,3,0,0,57,0,57,0,2,58,0,60,40,0,40,100
02/07/2010,HFD,CT,ANE,EN,Federal Contract Tower,0,0,1,0,1,0,0,70,0,70,0,0,71,0,71,118,0,118,189
02/08/2010,HFD,CT,ANE,EN,Federal Contract Tower,0,11,3,0,14,0,10,50,0,60,0,21,53,0,74,28,0,28,102
02/09/2010,HFD,CT,ANE,EN,Federal Contract Tower,0,13,4,1,18,0,6,101,0,107,0,19,105,1,125,108,0,108,233
02/10/2010,HFD,CT,ANE,EN,Federal Contract Tower,0,1,0,0,1,0,1,0,0,1,0,2,0,0,2,0,0,0,2
02/11/2010,HFD,CT,ANE,EN,Federal Contract Tower,0,7,3,0,10,0,13,10,0,23,0,20,13,0,33,0,0,0,33
02/12/2010,HFD,CT,ANE,EN,Federal Contract Tower,0,5,2,0,7,0,10,64,0,74,0,15,66,0,81,52,0,52,133
02/13/2010,HFD,CT,ANE,EN,Federal Contract Tower,0,0,4,0,4,0,0,119,0,119,0,0,123,0,123,106,0,106,229
02/14/2010,HFD,CT,ANE,EN,Federal Contract Tower,0,0,3,0,3,0,0,51,0,51,0,0,54,0,54,38,0,38,92
02/15/2010,HFD,CT,ANE,EN,Federal Contract Tower,0,4,5,0,9,0,0,112,0,112,0,4,117,0,121,88,0,88,209
02/16/2010,HFD,CT,ANE,EN,Federal Contract Tower,0,6,0,0,6,0,0,0,0,0,0,6,0,0,6,0,0,0,6
02/17/2010,HFD,CT,ANE,EN,Federal Contract Tower,0,13,10,4,27,0,7,48,0,55,0,20,58,4,82,74,0,74,156
02/18/2010,HFD,CT,ANE,EN,Federal Contract Tower,0,14,8,0,22,0,6,46,0,52,0,20,54,0,74,10,0,10,84
02/19/2010,HFD,CT,ANE,EN,Federal Contract Tower,0,8,8,0,16,0,7,61,0,68,0,15,69,0,84,70,0,70,154
02/20/2010,HFD,CT,ANE,EN,Federal Contract Tower,0,3,10,0,13,0,0,130,0,130,0,3,140,0,143,134,0,134,277
02/21/2010,HFD,CT,ANE,EN,Federal Contract Tower,0,0,2,0,2,0,0,85,0,85,0,0,87,0,87,20,0,20,107
02/22/2010,HFD,CT,ANE,EN,Federal Contract Tower,0,16,10,0,26,0,2,140,0,142,0,18,150,0,168,106,0,106,274
02/23/2010,HFD,CT,ANE,EN,Federal Contract Tower,0,11,7,0,18,0,0,0,0,0,0,11,7,0,18,0,0,0,18
02/24/2010,HFD,CT,ANE,EN,Federal Contract Tower,0,8,5,0,13,0,0,0,0,0,0,8,5,0,13,0,0,0,13
02/25/2010,HFD,CT,ANE,EN,Federal Contract Tower,0,2,1,0,3,0,0,0,0,0,0,2,1,0,3,0,0,0,3
02/26/2010,HFD,CT,ANE,EN,Federal Contract Tower,0,6,0,0,6,0,0,0,0,0,0,6,0,0,6,0,0,0,6
02/27/2010,HFD,CT,ANE,EN,Federal Contract Tower,0,2,3,0,5,0,0,20,0,20,0,2,23,0,25,30,0,30,55
02/28/2010,HFD,CT,ANE,EN,Federal Contract Tower,0,0,5,0,5,0,0,44,0,44,0,0,49,0,49,98,0,98,147
03/01/2010,HFD,CT,ANE,EN,Federal Contract Tower,0,7,5,0,12,0,14,22,0,36,0,21,27,0,48,18,0,18,66
03/02/2010,HFD,CT,ANE,EN,Federal Contract Tower,0,14,4,0,18,0,7,124,0,131,0,21,128,0,149,174,0,174,323
03/03/2010,HFD,CT,ANE,EN,Federal Contract Tower,0,17,2,0,19,0,4,2,0,6,0,21,4,0,25,2,0,2,27
03/04/2010,HFD,CT,ANE,EN,Federal Contract Tower,0,14,8,0,22,0,4,52,0,56,0,18,60,0,78,86,0,86,164
03/05/2010,HFD,CT,ANE,EN,Federal Contract Tower,0,3,10,0,13,0,13,122,0,135,0,16,132,0,148,106,0,106,254
03/06/2010,HFD,CT,ANE,EN,Federal Contract Tower,0,4,2,0,6,0,2,172,0,174,0,6,174,0,180,138,0,138,318
03/07/2010,HFD,CT,ANE,EN,Federal Contract Tower,0,2,5,0,7,0,0,157,0,157,0,2,162,0,164,158,0,158,322
03/08/2010,HFD,CT,ANE,EN,Federal Contract Tower,0,13,6,0,19,0,4,117,0,121,0,17,123,0,140,38,0,38,178
03/09/2010,HFD,CT,ANE,EN,Federal Contract Tower,0,9,2,0,11,0,11,104,0,115,0,20,106,0,126,82,0,82,208
03/10/2010,HFD,CT,ANE,EN,Federal Contract Tower,0,15,7,0,22,0,12,148,0,160,0,27,155,0,182,132,0,132,314
03/11/2010,HFD,CT,ANE,EN,Federal Contract Tower,0,20,4,0,24,0,3,68,0,71,0,23,72,0,95,142,0,142,237
03/12/2010,HFD,CT,ANE,EN,Federal Contract Tower,0,12,10,0,22,0,4,41,0,45,0,16,51,0,67,24,0,24,91
03/13/2010,HFD,CT,ANE,EN,Federal Contract Tower,0,1,2,0,3,0,0,0,0,0,0,1,2,0,3,0,0,0,3
03/14/2010,HFD,CT,ANE,EN,Federal Contract Tower,0,0,1,0,1,0,0,0,0,0,0,0,1,0,1,0,0,0,1
03/15/2010,HFD,CT,ANE,EN,Federal Contract Tower,0,16,6,0,22,0,0,3,0,3,0,16,9,0,25,14,0,14,39
03/16/2010,HFD,CT,ANE,EN,Federal Contract Tower,0,8,7,0,15,0,11,107,0,118,0,19,114,0,133,62,0,62,195
03/17/2010,HFD,CT,ANE,EN,Federal Contract Tower,0,6,7,0,13,0,21,157,0,178,0,27,164,0,191,170,0,170,361
03/18/2010,HFD,CT,ANE,EN,Federal Contract Tower,0,8,4,0,12,0,13,145,0,158,0,21,149,0,170,88,0,88,258
03/19/2010,HFD,CT,ANE,EN,Federal Contract Tower,0,9,8,0,17,0,7,141,0,148,0,16,149,0,165,164,0,164,329
03/20/2010,HFD,CT,ANE,EN,Federal Contract Tower,0,0,8,0,8,0,6,212,0,218,0,6,220,0,226,272,0,272,498
03/21/2010,HFD,CT,ANE,EN,Federal Contract Tower,0,0,6,0,6,0,0,143,0,143,0,0,149,0,149,122,0,122,271
03/22/2010,HFD,CT,ANE,EN,Federal Contract Tower,0,16,10,1,27,0,0,1,0,1,0,16,11,1,28,0,0,0,28
03/23/2010,HFD,CT,ANE,EN,Federal Contract Tower,0,16,13,0,29,0,1,0,0,1,0,17,13,0,30,0,0,0,30
03/24/2010,HFD,CT,ANE,EN,Federal Contract Tower,0,6,10,0,16,0,18,44,0,62,0,24,54,0,78,12,0,12,90
03/25/2010,HFD,CT,ANE,EN,Federal Contract Tower,0,11,11,0,22,0,11,139,0,150,0,22,150,0,172,234,0,234,406
03/26/2010,HFD,CT,ANE,EN,Federal Contract Tower,0,11,1,0,12,0,5,44,0,49,0,16,45,0,61,68,0,68,129
03/27/2010,HFD,CT,ANE,EN,Federal Contract Tower,0,1,6,0,7,0,2,169,0,171,0,3,175,0,178,242,0,242,420
03/28/2010,HFD,CT,ANE,EN,Federal Contract Tower,0,0,12,0,12,0,0,73,0,73,0,0,85,0,85,258,0,258,343
03/29/2010,HFD,CT,ANE,EN,Federal Contract Tower,0,17,15,0,32,0,0,0,0,0,0,17,15,0,32,0,0,0,32
03/30/2010,HFD,CT,ANE,EN,Federal Contract Tower,0,21,7,0,28,0,0,0,0,0,0,21,7,0,28,0,0,0,28
03/31/2010,HFD,CT,ANE,EN,Federal Contract Tower,0,24,21,0,45,0,0,24,0,24,0,24,45,0,69,76,0,76,145
04/01/2010,HFD,CT,ANE,EN,Federal Contract Tower,0,10,11,0,21,0,12,139,0,151,0,22,150,0,172,280,0,280,452
04/02/2010,HFD,CT,ANE,EN,Federal Contract Tower,0,10,17,0,27,0,10,212,0,222,0,20,229,0,249,284,0,284,533
04/03/2010,HFD,CT,ANE,EN,Federal Contract Tower,0,3,10,0,13,0,2,185,0,187,0,5,195,0,200,282,0,282,482
04/04/2010,HFD,CT,ANE,EN,Federal Contract Tower,0,4,4,0,8,0,0,94,0,94,0,4,98,0,102,82,0,82,184
04/05/2010,HFD,CT,ANE,EN,Federal Contract Tower,0,9,6,0,15,0,11,134,0,145,0,20,140,0,160,128,0,128,288
04/06/2010,HFD,CT,ANE,EN,Federal Contract Tower,0,8,5,0,13,0,10,103,0,113,0,18,108,0,126,186,0,186,312
04/07/2010,HFD,CT,ANE,EN,Federal Contract Tower,0,8,4,0,12,0,18,153,0,171,0,26,157,0,183,74,0,74,257
04/08/2010,HFD,CT,ANE,EN,Federal Contract Tower,0,10,6,0,16,0,13,107,0,120,0,23,113,0,136,138,0,138,274
04/09/2010,HFD,CT,ANE,EN,Federal Contract Tower,0,10,17,0,27,0,3,20,0,23,0,13,37,0,50,40,0,40,90
04/10/2010,HFD,CT,ANE,EN,Federal Contract Tower,0,0,9,0,9,0,2,106,1,109,0,2,115,1,118,126,0,126,244
04/11/2010,HFD,CT,ANE,EN,Federal Contract Tower,0,2,6,0,8,0,0,123,0,123,0,2,129,0,131,184,0,184,315
04/12/2010,HFD,CT,ANE,EN,Federal Contract Tower,0,6,10,0,16,0,9,106,0,115,0,15,116,0,131,36,0,36,167
04/13/2010,HFD,CT,ANE,EN,Federal Contract Tower,0,10,2,0,12,0,5,123,0,128,0,15,125,0,140,156,0,156,296
04/14/2010,HFD,CT,ANE,EN,Federal Contract Tower,0,7,5,0,12,0,20,179,0,199,0,27,184,0,211,194,0,194,405
04/15/2010,HFD,CT,ANE,EN,Federal Contract Tower,0,7,6,0,13,0,11,159,0,170,0,18,165,0,183,200,0,200,383
04/16/2010,HFD,CT,ANE,EN,Federal Contract Tower,0,12,19,0,31,0,2,49,0,51,0,14,68,0,82,134,0,134,216
04/17/2010,HFD,CT,ANE,EN,Federal Contract Tower,0,4,18,0,22,0,0,28,0,28,0,4,46,0,50,82,0,82,132
04/18/2010,HFD,CT,ANE,EN,Federal Contract Tower,0,0,2,0,2,0,0,65,0,65,0,0,67,0,67,158,0,158,225
04/19/2010,HFD,CT,ANE,EN,Federal Contract Tower,0,6,2,0,8,0,6,93,0,99,0,12,95,0,107,108,0,108,215
04/20/2010,HFD,CT,ANE,EN,Federal Contract Tower,0,10,2,0,12,0,10,124,0,134,0,20,126,0,146,196,0,196,342
04/21/2010,HFD,CT,ANE,EN,Federal Contract Tower,0,12,9,0,21,0,7,119,0,126,0,19,128,0,147,188,0,188,335
04/22/2010,HFD,CT,ANE,EN,Federal Contract Tower,0,10,10,0,20,0,5,59,0,64,0,15,69,0,84,112,0,112,196
04/23/2010,HFD,CT,ANE,EN,Federal Contract Tower,0,5,7,0,12,0,10,123,0,133,0,15,130,0,145,50,0,50,195
04/24/2010,HFD,CT,ANE,EN,Federal Contract Tower,0,0,6,0,6,0,2,156,0,158,0,2,162,0,164,228,0,228,392
04/25/2010,HFD,CT,ANE,EN,Federal Contract Tower,0,1,18,0,19,0,0,0,0,0,0,1,18,0,19,0,0,0,19
04/26/2010,HFD,CT,ANE,EN,Federal Contract Tower,0,15,7,0,22,0,1,16,0,17,0,16,23,0,39,20,0,20,59
04/27/2010,HFD,CT,ANE,EN,Federal Contract Tower,0,10,14,0,24,0,7,15,1,23,0,17,29,1,47,26,0,26,73
04/28/2010,HFD,CT,ANE,EN,Federal Contract Tower,0,11,8,0,19,0,7,41,0,48,0,18,49,0,67,52,0,52,119
04/29/2010,HFD,CT,ANE,EN,Federal Contract Tower,0,6,7,0,13,0,13,25,0,38,0,19,32,0,51,18,0,18,69
04/30/2010,HFD,CT,ANE,EN,Federal Contract Tower,0,3,9,0,12,0,11,174,0,185,0,14,183,0,197,98,0,98,295
05/01/2010,HFD,CT,ANE,EN,Federal Contract Tower,0,3,6,0,9,0,2,192,0,194,0,5,198,0,203,144,0,144,347
05/02/2010,HFD,CT,ANE,EN,Federal Contract Tower,0,0,8,0,8,0,0,130,0,130,0,0,138,0,138,108,0,108,246
05/03/2010,HFD,CT,ANE,EN,Federal Contract Tower,0,8,12,0,20,0,11,20,0,31,0,19,32,0,51,0,0,0,51
05/04/2010,HFD,CT,ANE,EN,Federal Contract Tower,0,9,4,1,14,0,9,73,0,82,0,18,77,1,96,114,0,114,210
05/05/2010,HFD,CT,ANE,EN,Federal Contract Tower,0,11,4,0,15,0,9,206,0,215,0,20,210,0,230,270,0,270,500
05/06/2010,HFD,CT,ANE,EN,Federal Contract Tower,0,12,16,0,28,0,8,37,0,45,0,20,53,0,73,20,0,20,93
05/07/2010,HFD,CT,ANE,EN,Federal Contract Tower,0,8,2,0,10,0,10,162,0,172,0,18,164,0,182,158,0,158,340
05/08/2010,HFD,CT,ANE,EN,Federal Contract Tower,0,2,1,0,3,0,0,2,0,2,0,2,3,0,5,0,0,0,5
05/09/2010,HFD,CT,ANE,EN,Federal Contract Tower,0,0,5,0,5,0,0,9,0,9,0,0,14,0,14,0,0,0,14
05/10/2010,HFD,CT,ANE,EN,Federal Contract Tower,0,9,5,0,14,0,5,65,0,70,0,14,70,0,84,88,0,88,172
05/11/2010,HFD,CT,ANE,EN,Federal Contract Tower,0,13,8,0,21,0,3,149,0,152,0,16,157,0,173,164,0,164,337
05/12/2010,HFD,CT,ANE,EN,Federal Contract Tower,0,17,12,0,29,0,2,14,0,16,0,19,26,0,45,0,0,0,45
05/13/2010,HFD,CT,ANE,EN,Federal Contract Tower,0,7,7,0,14,0,4,158,0,162,0,11,165,0,176,196,0,196,372
05/14/2010,HFD,CT,ANE,EN,Federal Contract Tower,0,7,15,0,22,0,7,44,0,51,0,14,59,0,73,28,0,28,101
05/15/2010,HFD,CT,ANE,EN,Federal Contract Tower,0,3,1,0,4,0,2,71,0,73,0,5,72,0,77,18,0,18,95
05/16/2010,HFD,CT,ANE,EN,Federal Contract Tower,0,0,12,0,12,0,0,191,0,191,0,0,203,0,203,196,0,196,399
05/17/2010,HFD,CT,ANE,EN,Federal Contract Tower,0,8,1,0,9,0,8,144,0,152,0,16,145,0,161,112,0,112,273
05/18/2010,HFD,CT,ANE,EN,Federal Contract Tower,0,15,18,0,33,0,2,40,0,42,0,17,58,0,75,8,0,8,83
05/19/2010,HFD,CT,ANE,EN,Federal Contract Tower,0,18,23,0,41,0,0,12,0,12,0,18,35,0,53,20,0,20,73
05/20/2010,HFD,CT,ANE,EN,Federal Contract Tower,0,15,6,0,21,0,7,160,0,167,0,22,166,0,188,132,0,132,320
05/21/2010,HFD,CT,ANE,EN,Federal Contract Tower,0,9,8,0,17,0,9,143,2,154,0,18,151,2,171,122,0,122,293
05/22/2010,HFD,CT,ANE,EN,Federal Contract Tower,0,0,8,0,8,0,2,155,0,157,0,2,163,0,165,62,0,62,227
05/23/2010,HFD,CT,ANE,EN,Federal Contract Tower,0,1,26,0,27,0,0,61,0,61,0,1,87,0,88,148,0,148,236
05/24/2010,HFD,CT,ANE,EN,Federal Contract Tower,0,10,7,0,17,0,4,115,0,119,0,14,122,0,136,122,0,122,258
05/25/2010,HFD,CT,ANE,EN,Federal Contract Tower,0,11,0,0,11,0,8,119,0,127,0,19,119,0,138,184,0,184,322
05/26/2010,HFD,CT,ANE,EN,Federal Contract Tower,0,8,11,0,19,0,7,95,0,102,0,15,106,0,121,92,0,92,213
05/27/2010,HFD,CT,ANE,EN,Federal Contract Tower,0,6,8,0,14,0,8,89,0,97,0,14,97,0,111,114,0,114,225
05/28/2010,HFD,CT,ANE,EN,Federal Contract Tower,0,5,5,0,10,0,8,155,0,163,0,13,160,0,173,76,0,76,249
05/29/2010,HFD,CT,ANE,EN,Federal Contract Tower,0,0,15,0,15,0,2,122,0,124,0,2,137,0,139,132,0,132,271
05/30/2010,HFD,CT,ANE,EN,Federal Contract Tower,0,0,4,0,4,0,0,110,0,110,0,0,114,0,114,72,0,72,186
05/31/2010,HFD,CT,ANE,EN,Federal Contract Tower,0,0,11,0,11,0,0,154,0,154,0,0,165,0,165,106,0,106,271
06/01/2010,HFD,CT,ANE,EN,Federal Contract Tower,0,7,8,0,15,0,6,21,0,27,0,13,29,0,42,30,0,30,72
06/02/2010,HFD,CT,ANE,EN,Federal Contract Tower,0,7,9,0,16,0,7,120,0,127,0,14,129,0,143,84,0,84,227
06/03/2010,HFD,CT,ANE,EN,Federal Contract Tower,0,9,11,0,20,0,8,26,0,34,0,17,37,0,54,84,0,84,138
06/04/2010,HFD,CT,ANE,EN,Federal Contract Tower,0,8,5,0,13,0,7,116,0,123,0,15,121,0,136,98,0,98,234
06/05/2010,HFD,CT,ANE,EN,Federal Contract Tower,0,0,10,0,10,0,2,81,0,83,0,2,91,0,93,70,0,70,163
06/06/2010,HFD,CT,ANE,EN,Federal Contract Tower,0,0,4,0,4,0,0,29,0,29,0,0,33,0,33,48,0,48,81
06/07/2010,HFD,CT,ANE,EN,Federal Contract Tower,0,9,4,0,13,0,7,126,0,133,0,16,130,0,146,82,0,82,228
06/08/2010,HFD,CT,ANE,EN,Federal Contract Tower,0,12,5,0,17,0,8,114,0,122,0,20,119,0,139,114,0,114,253
06/09/2010,HFD,CT,ANE,EN,Federal Contract Tower,0,15,15,0,30,0,2,108,0,110,0,17,123,0,140,198,0,198,338
06/10/2010,HFD,CT,ANE,EN,Federal Contract Tower,0,14,11,0,25,0,7,22,0,29,0,21,33,0,54,34,0,34,88
06/11/2010,HFD,CT,ANE,EN,Federal Contract Tower,0,6,25,0,31,0,2,140,0,142,0,8,165,0,173,214,0,214,387
06/12/2010,HFD,CT,ANE,EN,Federal Contract Tower,0,2,24,0,26,0,0,28,0,28,0,2,52,0,54,90,0,90,144
06/13/2010,HFD,CT,ANE,EN,Federal Contract Tower,0,0,34,0,34,0,0,0,0,0,0,0,34,0,34,0,0,0,34
06/14/2010,HFD,CT,ANE,EN,Federal Contract Tower,0,12,17,0,29,0,6,86,0,92,0,18,103,0,121,110,0,110,231
06/15/2010,HFD,CT,ANE,EN,Federal Contract Tower,0,6,10,0,16,0,9,169,0,178,0,15,179,0,194,192,0,192,386
06/16/2010,HFD,CT,ANE,EN,Federal Contract Tower,0,14,7,0,21,0,2,67,0,69,0,16,74,0,90,126,0,126,216
06/17/2010,HFD,CT,ANE,EN,Federal Contract Tower,11,0,7,0,18,0,6,78,0,84,11,6,85,0,102,106,0,106,208
06/18/2010,HFD,CT,ANE,EN,Federal Contract Tower,0,4,8,0,12,0,4,176,0,180,0,8,184,0,192,70,0,70,262
06/19/2010,HFD,CT,ANE,EN,Federal Contract Tower,0,0,7,0,7,0,2,133,0,135,0,2,140,0,142,106,0,106,248
06/20/2010,HFD,CT,ANE,EN,Federal Contract Tower,0,0,10,0,10,0,0,65,4,69,0,0,75,4,79,78,0,78,157
06/21/2010,HFD,CT,ANE,EN,Federal Contract Tower,0,6,6,0,12,0,7,172,0,179,0,13,178,0,191,206,0,206,397
06/22/2010,HFD,CT,ANE,EN,Federal Contract Tower,0,11,2,0,13,0,8,105,0,113,0,19,107,0,126,150,0,150,276
06/23/2010,HFD,CT,ANE,EN,Federal Contract Tower,0,10,11,0,21,0,8,132,0,140,0,18,143,0,161,134,0,134,295
06/24/2010,HFD,CT,ANE,EN,Federal Contract Tower,0,6,4,0,10,0,12,52,0,64,0,18,56,0,74,42,0,42,116
06/25/2010,HFD,CT,ANE,EN,Federal Contract Tower,0,6,12,0,18,0,4,138,0,142,0,10,150,0,160,102,0,102,262
06/26/2010,HFD,CT,ANE,EN,Federal Contract Tower,0,3,11,0,14,0,1,150,0,151,0,4,161,0,165,60,0,60,225
06/27/2010,HFD,CT,ANE,EN,Federal Contract Tower,0,7,12,0,19,0,0,121,0,121,0,7,133,0,140,140,0,140,280
06/28/2010,HFD,CT,ANE,EN,Federal Contract Tower,0,12,9,0,21,0,5,86,0,91,0,17,95,0,112,152,0,152,264
06/29/2010,HFD,CT,ANE,EN,Federal Contract Tower,0,19,4,0,23,0,6,145,0,151,0,25,149,0,174,150,0,150,324
06/30/2010,HFD,CT,ANE,EN,Federal Contract Tower,0,9,8,0,17,0,8,194,0,202,0,17,202,0,219,118,0,118,337
07/01/2010,HFD,CT,ANE,EN,Federal Contract Tower,0,8,5,0,13,0,8,96,0,104,0,16,101,0,117,82,0,82,199
07/02/2010,HFD,CT,ANE,EN,Federal Contract Tower,0,5,11,0,16,0,2,156,0,158,0,7,167,0,174,164,0,164,338
07/03/2010,HFD,CT,ANE,EN,Federal Contract Tower,0,1,5,0,6,0,2,124,0,126,0,3,129,0,132,136,0,136,268
07/04/2010,HFD,CT,ANE,EN,Federal Contract Tower,0,0,5,0,5,0,0,103,0,103,0,0,108,0,108,58,0,58,166
07/05/2010,HFD,CT,ANE,EN,Federal Contract Tower,0,1,4,0,5,0,0,116,0,116,0,1,120,0,121,68,0,68,189
07/06/2010,HFD,CT,ANE,EN,Federal Contract Tower,0,6,4,0,10,0,8,97,0,105,0,14,101,0,115,100,0,100,215
07/07/2010,HFD,CT,ANE,EN,Federal Contract Tower,0,10,14,0,24,0,6,102,0,108,0,16,116,0,132,98,2,100,232
07/08/2010,HFD,CT,ANE,EN,Federal Contract Tower,0,10,11,0,21,0,8,75,0,83,0,18,86,0,104,150,0,150,254
07/09/2010,HFD,CT,ANE,EN,Federal Contract Tower,0,8,23,0,31,0,0,100,0,100,0,8,123,0,131,132,0,132,263
07/10/2010,HFD,CT,ANE,EN,Federal Contract Tower,0,1,13,0,14,0,1,32,0,33,0,2,45,0,47,56,2,58,105
07/11/2010,HFD,CT,ANE,EN,Federal Contract Tower,0,3,13,0,16,0,0,98,0,98,0,3,111,0,114,94,0,94,208
07/12/2010,HFD,CT,ANE,EN,Federal Contract Tower,0,6,10,0,16,0,4,139,2,145,0,10,149,2,161,182,0,182,343
07/13/2010,HFD,CT,ANE,EN,Federal Contract Tower,0,21,7,0,28,0,2,62,0,64,0,23,69,0,92,148,0,148,240
07/14/2010,HFD,CT,ANE,EN,Federal Contract Tower,0,18,6,0,24,0,2,8,0,10,0,20,14,0,34,28,0,28,62
07/15/2010,HFD,CT,ANE,EN,Federal Contract Tower,0,11,33,0,44,0,5,97,0,102,0,16,130,0,146,158,0,158,304
07/16/2010,HFD,CT,ANE,EN,Federal Contract Tower,0,10,14,0,24,0,1,47,0,48,0,11,61,0,72,88,0,88,160
07/17/2010,HFD,CT,ANE,EN,Federal Contract Tower,0,0,4,0,4,0,2,193,0,195,0,2,197,0,199,104,0,104,303
07/18/2010,HFD,CT,ANE,EN,Federal Contract Tower,0,0,15,0,15,0,0,134,0,134,0,0,149,0,149,94,0,94,243
07/19/2010,HFD,CT,ANE,EN,Federal Contract Tower,0,8,8,0,16,0,6,89,0,95,0,14,97,0,111,144,0,144,255
07/20/2010,HFD,CT,ANE,EN,Federal Contract Tower,0,5,15,0,20,0,3,145,0,148,0,8,160,0,168,88,0,88,256
07/21/2010,HFD,CT,ANE,EN,Federal Contract Tower,0,8,7,0,15,0,9,52,0,61,0,17,59,0,76,86,0,86,162
07/22/2010,HFD,CT,ANE,EN,Federal Contract Tower,0,5,14,0,19,0,15,91,0,106,0,20,105,0,125,38,0,38,163
07/23/2010,HFD,CT,ANE,EN,Federal Contract Tower,0,6,19,0,25,0,3,43,0,46,0,9,62,0,71,64,0,64,135
07/24/2010,HFD,CT,ANE,EN,Federal Contract Tower,0,3,16,0,19,0,1,72,0,73,0,4,88,0,92,126,0,126,218
07/25/2010,HFD,CT,ANE,EN,Federal Contract Tower,0,0,8,0,8,0,0,75,0,75,0,0,83,0,83,96,0,96,179
07/26/2010,HFD,CT,ANE,EN,Federal Contract Tower,0,8,3,0,11,0,8,121,0,129,0,16,124,0,140,40,0,40,180
07/27/2010,HFD,CT,ANE,EN,Federal Contract Tower,0,6,10,0,16,0,9,161,0,170,0,15,171,0,186,110,0,110,296
07/28/2010,HFD,CT,ANE,EN,Federal Contract Tower,0,17,8,0,25,0,7,115,0,122,0,24,123,0,147,132,0,132,279
07/29/2010,HFD,CT,ANE,EN,Federal Contract Tower,0,9,10,0,19,0,9,52,0,61,0,18,62,0,80,40,0,40,120
07/30/2010,HFD,CT,ANE,EN,Federal Contract Tower,0,4,14,0,18,0,2,173,0,175,0,6,187,0,193,120,0,120,313
07/31/2010,HFD,CT,ANE,EN,Federal Contract Tower,0,2,7,0,9,0,0,206,0,206,0,2,213,0,215,196,0,196,411
08/01/2010,HFD,CT,ANE,EN,Federal Contract Tower,0,0,16,0,16,0,0,93,0,93,0,0,109,0,109,100,0,100,209
08/02/2010,HFD,CT,ANE,EN,Federal Contract Tower,0,12,6,0,18,0,9,147,0,156,0,21,153,0,174,170,0,170,344
08/03/2010,HFD,CT,ANE,EN,Federal Contract Tower,0,14,12,0,26,0,0,80,0,80,0,14,92,0,106,62,0,62,168
08/04/2010,HFD,CT,ANE,EN,Federal Contract Tower,0,14,21,0,35,0,5,103,0,108,0,19,124,0,143,148,0,148,291
08/05/2010,HFD,CT,ANE,EN,Federal Contract Tower,0,13,9,0,22,0,8,21,0,29,0,21,30,0,51,4,0,4,55
08/06/2010,HFD,CT,ANE,EN,Federal Contract Tower,0,3,2,0,5,0,7,159,0,166,0,10,161,0,171,146,0,146,317
08/07/2010,HFD,CT,ANE,EN,Federal Contract Tower,0,10,0,0,10,0,2,147,0,149,0,12,147,0,159,134,0,134,293
08/08/2010,HFD,CT,ANE,EN,Federal Contract Tower,0,1,6,4,11,0,0,100,0,100,0,1,106,4,111,108,0,108,219
08/09/2010,HFD,CT,ANE,EN,Federal Contract Tower,0,10,15,0,25,0,5,130,2,137,0,15,145,2,162,124,0,124,286
08/10/2010,HFD,CT,ANE,EN,Federal Contract Tower,0,9,5,0,14,0,8,91,0,99,0,17,96,0,113,120,0,120,233
08/11/2010,HFD,CT,ANE,EN,Federal Contract Tower,0,6,8,0,14,0,9,138,0,147,0,15,146,0,161,86,0,86,247
08/12/2010,HFD,CT,ANE,EN,Federal Contract Tower,0,10,8,0,18,0,7,110,2,119,0,17,118,2,137,200,0,200,337
08/13/2010,HFD,CT,ANE,EN,Federal Contract Tower,0,3,10,0,13,0,4,112,0,116,0,7,122,0,129,146,0,146,275
08/14/2010,HFD,CT,ANE,EN,Federal Contract Tower,0,2,0,0,2,0,2,148,0,150,0,4,148,0,152,106,0,106,258
08/15/2010,HFD,CT,ANE,EN,Federal Contract Tower,0,2,8,0,10,0,0,111,0,111,0,2,119,0,121,114,0,114,235
08/16/2010,HFD,CT,ANE,EN,Federal Contract Tower,0,17,8,0,25,0,0,1,0,1,0,17,9,0,26,0,0,0,26
08/17/2010,HFD,CT,ANE,EN,Federal Contract Tower,0,13,10,0,23,0,7,106,0,113,0,20,116,0,136,102,0,102,238
08/18/2010,HFD,CT,ANE,EN,Federal Contract Tower,0,5,9,0,14,0,9,158,0,167,0,14,167,0,181,254,0,254,435
08/19/2010,HFD,CT,ANE,EN,Federal Contract Tower,0,6,11,1,18,0,14,118,1,133,0,20,129,2,151,112,0,112,263
08/20/2010,HFD,CT,ANE,EN,Federal Contract Tower,0,3,9,0,12,0,4,128,0,132,0,7,137,0,144,86,0,86,230
08/21/2010,HFD,CT,ANE,EN,Federal Contract Tower,0,1,9,0,10,0,1,150,0,151,0,2,159,0,161,66,6,72,233
08/22/2010,HFD,CT,ANE,EN,Federal Contract Tower,0,0,16,0,16,0,0,6,0,6,0,0,22,0,22,2,0,2,24
08/23/2010,HFD,CT,ANE,EN,Federal Contract Tower,0,15,19,0,34,0,0,3,0,3,0,15,22,0,37,0,0,0,37
08/24/2010,HFD,CT,ANE,EN,Federal Contract Tower,0,18,7,0,25,0,1,29,0,30,0,19,36,0,55,40,0,40,95
08/25/2010,HFD,CT,ANE,EN,Federal Contract Tower,0,17,40,0,57,0,2,31,0,33,0,19,71,0,90,72,0,72,162
08/26/2010,HFD,CT,ANE,EN,Federal Contract Tower,0,5,15,0,20,0,9,102,0,111,0,14,117,0,131,88,0,88,219
08/27/2010,HFD,CT,ANE,EN,Federal Contract Tower,0,0,9,0,9,0,6,151,0,157,0,6,160,0,166,68,0,68,234
08/28/2010,HFD,CT,ANE,EN,Federal Contract Tower,0,0,10,0,10,0,2,163,0,165,0,2,173,0,175,116,0,116,291
08/29/2010,HFD,CT,ANE,EN,Federal Contract Tower,0,1,7,0,8,0,0,110,0,110,0,1,117,0,118,116,0,116,234
08/30/2010,HFD,CT,ANE,EN,Federal Contract Tower,0,6,8,0,14,0,7,126,0,133,0,13,134,0,147,104,0,104,251
08/31/2010,HFD,CT,ANE,EN,Federal Contract Tower,0,8,7,0,15,0,8,101,0,109,0,16,108,0,124,90,0,90,214
09/01/2010,HFD,CT,ANE,EN,Federal Contract Tower,0,7,9,2,18,0,9,151,0,160,0,16,160,2,178,178,0,178,356
09/02/2010,HFD,CT,ANE,EN,Federal Contract Tower,0,7,11,0,18,0,11,84,0,95,0,18,95,0,113,40,0,40,153
09/03/2010,HFD,CT,ANE,EN,Federal Contract Tower,0,3,3,0,6,0,4,30,0,34,0,7,33,0,40,46,0,46,86
09/04/2010,HFD,CT,ANE,EN,Federal Contract Tower,0,1,9,0,10,0,1,56,0,57,0,2,65,0,67,58,0,58,125
09/05/2010,HFD,CT,ANE,EN,Federal Contract Tower,0,2,13,0,15,0,0,94,0,94,0,2,107,0,109,62,0,62,171
09/06/2010,HFD,CT,ANE,EN,Federal Contract Tower,0,0,12,0,12,0,0,117,2,119,0,0,129,2,131,68,0,68,199
09/07/2010,HFD,CT,ANE,EN,Federal Contract Tower,0,7,6,0,13,0,7,109,0,116,0,14,115,0,129,118,0,118,247
09/08/2010,HFD,CT,ANE,EN,Federal Contract Tower,0,6,3,0,9,0,4,58,0,62,0,10,61,0,71,82,0,82,153
09/09/2010,HFD,CT,ANE,EN,Federal Contract Tower,0,9,13,0,22,0,7,85,0,92,0,16,98,0,114,50,0,50,164
09/10/2010,HFD,CT,ANE,EN,Federal Contract Tower,0,3,4,0,7,0,10,82,0,92,0,13,86,0,99,34,0,34,133
09/11/2010,HFD,CT,ANE,EN,Federal Contract Tower,0,0,18,0,18,0,2,145,0,147,0,2,163,0,165,29,2,31,196
09/12/2010,HFD,CT,ANE,EN,Federal Contract Tower,0,1,25,0,26,0,0,118,0,118,0,1,143,0,144,110,0,110,254
09/13/2010,HFD,CT,ANE,EN,Federal Contract Tower,0,14,9,1,24,0,4,27,0,31,0,18,36,1,55,38,0,38,93
09/14/2010,HFD,CT,ANE,EN,Federal Contract Tower,0,11,10,0,21,0,10,97,0,107,0,21,107,0,128,84,0,84,212
09/15/2010,HFD,CT,ANE,EN,Federal Contract Tower,0,11,13,0,24,0,10,91,0,101,0,21,104,0,125,58,0,58,183
09/16/2010,HFD,CT,ANE,EN,Federal Contract Tower,0,14,16,0,30,0,2,80,0,82,0,16,96,0,112,78,0,78,190
09/17/2010,HFD,CT,ANE,EN,Federal Contract Tower,0,4,15,0,19,0,2,65,0,67,0,6,80,0,86,86,0,86,172
09/18/2010,HFD,CT,ANE,EN,Federal Contract Tower,0,1,15,0,16,0,2,110,0,112,0,3,125,0,128,66,0,66,194
09/19/2010,HFD,CT,ANE,EN,Federal Contract Tower,0,0,11,0,11,0,0,107,0,107,0,0,118,0,118,0,0,0,118
09/20/2010,HFD,CT,ANE,EN,Federal Contract Tower,0,8,9,0,17,0,7,92,0,99,0,15,101,0,116,22,0,22,138
09/21/2010,HFD,CT,ANE,EN,Federal Contract Tower,0,12,5,0,17,0,6,125,0,131,0,18,130,0,148,90,0,90,238
09/22/2010,HFD,CT,ANE,EN,Federal Contract Tower,0,9,10,0,19,0,5,101,0,106,0,14,111,0,125,34,10,44,169
09/23/2010,HFD,CT,ANE,EN,Federal Contract Tower,0,15,17,0,32,0,8,123,0,131,0,23,140,0,163,88,0,88,251
09/24/2010,HFD,CT,ANE,EN,Federal Contract Tower,0,17,21,0,38,0,0,28,0,28,0,17,49,0,66,72,0,72,138
09/25/2010,HFD,CT,ANE,EN,Federal Contract Tower,0,1,3,0,4,0,1,101,0,102,0,2,104,0,106,20,0,20,126
09/26/2010,HFD,CT,ANE,EN,Federal Contract Tower,0,4,13,0,17,0,0,95,0,95,0,4,108,0,112,68,0,68,180
09/27/2010,HFD,CT,ANE,EN,Federal Contract Tower,0,10,21,0,31,0,0,0,0,0,0,10,21,0,31,0,0,0,31
09/28/2010,HFD,CT,ANE,EN,Federal Contract Tower,0,10,15,0,25,0,0,0,0,0,0,10,15,0,25,0,0,0,25
09/29/2010,HFD,CT,ANE,EN,Federal Contract Tower,0,15,8,0,23,0,11,129,0,140,0,26,137,0,163,88,0,88,251
09/30/2010,HFD,CT,ANE,EN,Federal Contract Tower,0,14,8,0,22,0,0,1,0,1,0,14,9,0,23,0,0,0,23
10/01/2010,HFD,CT,ANE,EN,Federal Contract Tower,0,12,16,0,28,0,3,6,0,9,0,15,22,0,37,0,0,0,37
10/02/2010,HFD,CT,ANE,EN,Federal Contract Tower,0,0,8,0,8,0,2,131,0,133,0,2,139,0,141,76,0,76,217
10/03/2010,HFD,CT,ANE,EN,Federal Contract Tower,0,0,10,0,10,0,0,125,0,125,0,0,135,0,135,96,0,96,231
10/04/2010,HFD,CT,ANE,EN,Federal Contract Tower,0,17,15,0,32,0,0,14,0,14,0,17,29,0,46,34,0,34,80
10/05/2010,HFD,CT,ANE,EN,Federal Contract Tower,0,16,24,0,40,0,0,0,0,0,0,16,24,0,40,0,0,0,40
10/06/2010,HFD,CT,ANE,EN,Federal Contract Tower,0,10,34,0,44,0,2,4,0,6,0,12,38,0,50,0,0,0,50
10/07/2010,HFD,CT,ANE,EN,Federal Contract Tower,0,5,10,0,15,0,10,33,4,47,0,15,43,4,62,20,0,20,82
10/08/2010,HFD,CT,ANE,EN,Federal Contract Tower,0,1,11,0,12,0,12,183,0,195,0,13,194,0,207,132,0,132,339
10/09/2010,HFD,CT,ANE,EN,Federal Contract Tower,0,2,0,0,2,0,1,164,0,165,0,3,164,0,167,88,0,88,255
10/10/2010,HFD,CT,ANE,EN,Federal Contract Tower,0,0,4,0,4,0,0,119,0,119,0,0,123,0,123,58,0,58,181
10/11/2010,HFD,CT,ANE,EN,Federal Contract Tower,0,1,9,0,10,0,0,172,0,172,0,1,181,0,182,122,0,122,304
10/12/2010,HFD,CT,ANE,EN,Federal Contract Tower,0,10,11,0,21,0,6,105,0,111,0,16,116,0,132,32,0,32,164
10/13/2010,HFD,CT,ANE,EN,Federal Contract Tower,0,5,7,0,12,0,9,147,0,156,0,14,154,0,168,80,12,92,260
10/14/2010,HFD,CT,ANE,EN,Federal Contract Tower,0,9,12,0,21,0,1,71,0,72,0,10,83,0,93,36,0,36,129
10/15/2010,HFD,CT,ANE,EN,Federal Contract Tower,0,13,7,0,20,0,1,8,0,9,0,14,15,0,29,26,0,26,55
10/16/2010,HFD,CT,ANE,EN,Federal Contract Tower,0,2,2,0,4,0,2,9,1,12,0,4,11,1,16,20,0,20,36
10/17/2010,HFD,CT,ANE,EN,Federal Contract Tower,0,4,8,0,12,0,0,122,0,122,0,4,130,0,134,76,0,76,210
10/18/2010,HFD,CT,ANE,EN,Federal Contract Tower,0,10,9,0,19,0,5,141,0,146,0,15,150,0,165,138,0,138,303
10/19/2010,HFD,CT,ANE,EN,Federal Contract Tower,0,7,6,0,13,0,9,122,0,131,0,16,128,0,144,74,0,74,218
10/20/2010,HFD,CT,ANE,EN,Federal Contract Tower,0,9,13,0,22,0,9,124,0,133,0,18,137,0,155,92,2,94,249
10/21/2010,HFD,CT,ANE,EN,Federal Contract Tower,0,10,18,0,28,0,11,36,0,47,0,21,54,0,75,28,0,28,103
10/22/2010,HFD,CT,ANE,EN,Federal Contract Tower,0,2,7,0,9,0,9,73,0,82,0,11,80,0,91,120,0,120,211
10/23/2010,HFD,CT,ANE,EN,Federal Contract Tower,0,0,13,0,13,0,2,154,0,156,0,2,167,0,169,182,0,182,351
10/24/2010,HFD,CT,ANE,EN,Federal Contract Tower,0,4,9,0,13,0,0,92,0,92,0,4,101,0,105,138,0,138,243
10/25/2010,HFD,CT,ANE,EN,Federal Contract Tower,0,13,9,0,22,0,0,36,0,36,0,13,45,0,58,34,0,34,92
10/26/2010,HFD,CT,ANE,EN,Federal Contract Tower,0,12,18,0,30,0,2,59,0,61,0,14,77,0,91,72,0,72,163
10/27/2010,HFD,CT,ANE,EN,Federal Contract Tower,0,15,18,0,33,0,0,6,0,6,0,15,24,0,39,0,0,0,39
10/28/2010,HFD,CT,ANE,EN,Federal Contract Tower,0,10,11,0,21,0,7,106,0,113,0,17,117,0,134,78,0,78,212
10/29/2010,HFD,CT,ANE,EN,Federal Contract Tower,0,6,20,0,26,0,8,95,0,103,0,14,115,0,129,42,0,42,171
10/30/2010,HFD,CT,ANE,EN,Federal Contract Tower,0,9,17,0,26,0,1,125,0,126,0,10,142,0,152,108,0,108,260
10/31/2010,HFD,CT,ANE,EN,Federal Contract Tower,0,2,7,0,9,0,0,95,0,95,0,2,102,0,104,86,0,86,190
11/01/2010,HFD,CT,ANE,EN,Federal Contract Tower,0,7,9,0,16,0,6,96,0,102,0,13,105,0,118,54,0,54,172
11/02/2010,HFD,CT,ANE,EN,Federal Contract Tower,0,6,6,0,12,0,12,120,0,132,0,18,126,0,144,116,0,116,260
11/03/2010,HFD,CT,ANE,EN,Federal Contract Tower,0,6,6,0,12,0,8,125,0,133,0,14,131,0,145,130,0,130,275
11/04/2010,HFD,CT,ANE,EN,Federal Contract Tower,0,14,4,0,18,0,0,1,0,1,0,14,5,0,19,0,0,0,19
11/05/2010,HFD,CT,ANE,EN,Federal Contract Tower,0,6,5,0,11,0,6,14,0,20,0,12,19,0,31,34,0,34,65
11/06/2010,HFD,CT,ANE,EN,Federal Contract Tower,0,0,5,0,5,0,2,142,0,144,0,2,147,0,149,166,0,166,315
11/07/2010,HFD,CT,ANE,EN,Federal Contract Tower,0,2,3,0,5,0,0,89,0,89,0,2,92,0,94,50,0,50,144
11/08/2010,HFD,CT,ANE,EN,Federal Contract Tower,0,10,2,0,12,0,2,2,0,4,0,12,4,0,16,0,0,0,16
11/09/2010,HFD,CT,ANE,EN,Federal Contract Tower,0,7,12,0,19,0,6,73,0,79,0,13,85,0,98,134,0,134,232
11/10/2010,HFD,CT,ANE,EN,Federal Contract Tower,0,7,10,0,17,0,7,75,0,82,0,14,85,0,99,60,0,60,159
11/11/2010,HFD,CT,ANE,EN,Federal Contract Tower,0,0,9,0,9,0,6,128,0,134,0,6,137,0,143,48,0,48,191
11/12/2010,HFD,CT,ANE,EN,Federal Contract Tower,0,5,10,1,16,0,6,153,2,161,0,11,163,3,177,200,0,200,377
11/13/2010,HFD,CT,ANE,EN,Federal Contract Tower,0,1,7,0,8,0,2,167,0,169,0,3,174,0,177,206,0,206,383
11/14/2010,HFD,CT,ANE,EN,Federal Contract Tower,0,0,11,0,11,0,0,139,0,139,0,0,150,0,150,182,0,182,332
11/15/2010,HFD,CT,ANE,EN,Federal Contract Tower,0,15,26,0,41,0,3,58,0,61,0,18,84,0,102,84,0,84,186
11/16/2010,HFD,CT,ANE,EN,Federal Contract Tower,0,17,13,0,30,0,0,3,0,3,0,17,16,0,33,54,0,54,87
11/17/2010,HFD,CT,ANE,EN,Federal Contract Tower,0,9,5,0,14,0,7,10,0,17,0,16,15,0,31,5,0,5,36
11/18/2010,HFD,CT,ANE,EN,Federal Contract Tower,6,7,0,0,13,0,9,89,0,98,6,16,89,0,111,76,2,78,189
11/19/2010,HFD,CT,ANE,EN,Federal Contract Tower,0,4,12,0,16,0,10,115,0,125,0,14,127,0,141,36,0,36,177
11/20/2010,HFD,CT,ANE,EN,Federal Contract Tower,0,0,8,0,8,0,2,105,0,107,0,2,113,0,115,108,0,108,223
11/21/2010,HFD,CT,ANE,EN,Federal Contract Tower,0,2,8,0,10,0,0,144,0,144,0,2,152,0,154,198,0,198,352
11/22/2010,HFD,CT,ANE,EN,Federal Contract Tower,0,5,16,0,21,0,8,43,0,51,0,13,59,0,72,88,0,88,160
11/23/2010,HFD,CT,ANE,EN,Federal Contract Tower,0,7,19,0,26,0,6,93,2,101,0,13,112,2,127,176,8,184,311
11/24/2010,HFD,CT,ANE,EN,Federal Contract Tower,0,6,3,0,9,0,7,15,0,22,0,13,18,0,31,8,0,8,39
11/25/2010,HFD,CT,ANE,EN,Federal Contract Tower,0,0,0,0,0,0,2,18,0,20,0,2,18,0,20,0,0,0,20
11/26/2010,HFD,CT,ANE,EN,Federal Contract Tower,0,0,6,0,6,0,8,21,0,29,0,8,27,0,35,28,0,28,63
11/27/2010,HFD,CT,ANE,EN,Federal Contract Tower,0,3,10,0,13,0,2,57,0,59,0,5,67,0,72,20,0,20,92
11/28/2010,HFD,CT,ANE,EN,Federal Contract Tower,0,1,5,0,6,0,0,171,0,171,0,1,176,0,177,172,0,172,349
11/29/2010,HFD,CT,ANE,EN,Federal Contract Tower,0,7,4,0,11,0,9,133,0,142,0,16,137,0,153,168,2,170,323
11/30/2010,HFD,CT,ANE,EN,Federal Contract Tower,0,14,10,0,24,0,2,58,0,60,0,16,68,0,84,88,0,88,172
12/01/2010,HFD,CT,ANE,EN,Federal Contract Tower,0,11,4,0,15,0,3,4,0,7,0,14,8,0,22,0,0,0,22
12/02/2010,HFD,CT,ANE,EN,Federal Contract Tower,0,7,5,0,12,0,10,80,0,90,0,17,85,0,102,42,0,42,144
12/03/2010,HFD,CT,ANE,EN,Federal Contract Tower,0,1,5,0,6,0,9,108,0,117,0,10,113,0,123,96,0,96,219
12/04/2010,HFD,CT,ANE,EN,Federal Contract Tower,0,0,8,0,8,0,2,68,0,70,0,2,76,0,78,88,0,88,166
12/05/2010,HFD,CT,ANE,EN,Federal Contract Tower,0,1,4,0,5,0,1,78,0,79,0,2,82,0,84,88,0,88,172
12/06/2010,HFD,CT,ANE,EN,Federal Contract Tower,0,8,10,0,18,0,2,29,0,31,0,10,39,0,49,34,0,34,83
12/07/2010,HFD,CT,ANE,EN,Federal Contract Tower,0,10,2,0,12,0,9,43,0,52,0,19,45,0,64,60,0,60,124
12/08/2010,HFD,CT,ANE,EN,Federal Contract Tower,0,4,6,0,10,0,8,48,0,56,0,12,54,0,66,48,0,48,114
12/09/2010,HFD,CT,ANE,EN,Federal Contract Tower,0,6,4,0,10,0,10,89,0,99,0,16,93,0,109,64,0,64,173
12/10/2010,HFD,CT,ANE,EN,Federal Contract Tower,0,5,6,0,11,0,7,75,0,82,0,12,81,0,93,80,0,80,173
12/11/2010,HFD,CT,ANE,EN,Federal Contract Tower,0,2,8,0,10,0,2,155,0,157,0,4,163,0,167,166,0,166,333
12/12/2010,HFD,CT,ANE,EN,Federal Contract Tower,0,0,2,0,2,0,0,0,0,0,0,0,2,0,2,0,0,0,2
12/13/2010,HFD,CT,ANE,EN,Federal Contract Tower,0,11,11,2,24,0,0,5,0,5,0,11,16,2,29,10,0,10,39
12/14/2010,HFD,CT,ANE,EN,Federal Contract Tower,0,5,7,0,12,0,6,48,0,54,0,11,55,0,66,74,0,74,140
12/15/2010,HFD,CT,ANE,EN,Federal Contract Tower,0,5,2,0,7,0,10,59,0,69,0,15,61,0,76,8,0,8,84
12/16/2010,HFD,CT,ANE,EN,Federal Contract Tower,0,4,0,0,4,0,12,81,0,93,0,16,81,0,97,42,0,42,139
12/17/2010,HFD,CT,ANE,EN,Federal Contract Tower,0,0,12,0,12,0,8,96,0,104,0,8,108,0,116,102,0,102,218
12/18/2010,HFD,CT,ANE,EN,Federal Contract Tower,0,2,9,0,11,0,0,171,0,171,0,2,180,0,182,300,0,300,482
12/19/2010,HFD,CT,ANE,EN,Federal Contract Tower,0,0,3,0,3,0,0,76,0,76,0,0,79,0,79,218,0,218,297
12/20/2010,HFD,CT,ANE,EN,Federal Contract Tower,0,9,2,0,11,0,11,62,0,73,0,20,64,0,84,74,0,74,158
12/21/2010,HFD,CT,ANE,EN,Federal Contract Tower,0,11,3,0,14,0,7,47,3,57,0,18,50,3,71,80,0,80,151
12/22/2010,HFD,CT,ANE,EN,Federal Contract Tower,0,10,4,0,14,0,4,74,0,78,0,14,78,0,92,144,4,148,240
12/23/2010,HFD,CT,ANE,EN,Federal Contract Tower,0,5,3,0,8,0,8,9,0,17,0,13,12,0,25,42,0,42,67
12/24/2010,HFD,CT,ANE,EN,Federal Contract Tower,0,2,1,0,3,0,8,82,0,90,0,10,83,0,93,90,0,90,183
12/25/2010,HFD,CT,ANE,EN,Federal Contract Tower,0,0,4,0,4,0,0,22,0,22,0,0,26,0,26,0,0,0,26
12/26/2010,HFD,CT,ANE,EN,Federal Contract Tower,0,0,2,0,2,0,0,0,0,0,0,0,2,0,2,0,0,0,2
12/27/2010,HFD,CT,ANE,EN,Federal Contract Tower,0,0,1,0,1,0,2,0,0,2,0,2,1,0,3,0,0,0,3
12/28/2010,HFD,CT,ANE,EN,Federal Contract Tower,0,6,1,0,7,0,4,13,0,17,0,10,14,0,24,2,0,2,26
12/29/2010,HFD,CT,ANE,EN,Federal Contract Tower,0,6,3,0,9,0,5,84,0,89,0,11,87,0,98,106,0,106,204
12/30/2010,HFD,CT,ANE,EN,Federal Contract Tower,0,1,7,0,8,0,9,118,0,127,0,10,125,0,135,96,0,96,231
12/31/2010,HFD,CT,ANE,EN,Federal Contract Tower,0,4,0,0,4,0,9,109,0,118,0,13,109,0,122,74,0,74,196
01/01/2011,HFD,CT,ANE,EN,Federal Contract Tower,0,0,3,0,3,0,0,46,0,46,0,0,49,0,49,40,0,40,89
01/02/2011,HFD,CT,ANE,EN,Federal Contract Tower,0,2,14,0,16,0,0,36,0,36,0,2,50,0,52,124,0,124,176
01/03/2011,HFD,CT,ANE,EN,Federal Contract Tower,0,8,1,0,9,0,8,60,0,68,0,16,61,0,77,52,0,52,129
01/04/2011,HFD,CT,ANE,EN,Federal Contract Tower,0,8,6,0,14,0,12,101,0,113,0,20,107,0,127,68,0,68,195
01/05/2011,HFD,CT,ANE,EN,Federal Contract Tower,0,11,3,0,14,0,8,71,0,79,0,19,74,0,93,14,0,14,107
01/06/2011,HFD,CT,ANE,EN,Federal Contract Tower,0,7,2,0,9,0,10,68,0,78,0,17,70,0,87,90,0,90,177
01/07/2011,HFD,CT,ANE,EN,Federal Contract Tower,0,7,1,0,8,0,1,11,0,12,0,8,12,0,20,62,0,62,82
01/08/2011,HFD,CT,ANE,EN,Federal Contract Tower,0,2,0,0,2,0,0,1,0,1,0,2,1,0,3,4,0,4,7
01/09/2011,HFD,CT,ANE,EN,Federal Contract Tower,0,0,0,0,0,0,0,42,0,42,0,0,42,0,42,40,0,40,82
01/10/2011,HFD,CT,ANE,EN,Federal Contract Tower,0,11,1,0,12,0,2,74,0,76,0,13,75,0,88,14,0,14,102
01/11/2011,HFD,CT,ANE,EN,Federal Contract Tower,0,11,6,0,17,0,4,107,0,111,0,15,113,0,128,132,0,132,260
01/12/2011,HFD,CT,ANE,EN,Federal Contract Tower,0,0,0,0,0,0,0,0,0,0,0,0,0,0,0,0,0,0,0
01/13/2011,HFD,CT,ANE,EN,Federal Contract Tower,0,3,0,0,3,0,9,6,0,15,0,12,6,0,18,0,0,0,18
01/14/2011,HFD,CT,ANE,EN,Federal Contract Tower,0,2,8,0,10,0,11,51,0,62,0,13,59,0,72,112,0,112,184
01/15/2011,HFD,CT,ANE,EN,Federal Contract Tower,0,0,1,0,1,0,2,65,0,67,0,2,66,0,68,136,0,136,204
01/16/2011,HFD,CT,ANE,EN,Federal Contract Tower,0,0,6,0,6,0,0,79,0,79,0,0,85,0,85,150,0,150,235
01/17/2011,HFD,CT,ANE,EN,Federal Contract Tower,0,11,4,0,15,0,2,86,0,88,0,13,90,0,103,136,0,136,239
01/18/2011,HFD,CT,ANE,EN,Federal Contract Tower,0,2,0,0,2,0,0,0,0,0,0,2,0,0,2,0,0,0,2
01/19/2011,HFD,CT,ANE,EN,Federal Contract Tower,0,14,3,0,17,0,0,0,0,0,0,14,3,0,17,0,0,0,17
01/20/2011,HFD,CT,ANE,EN,Federal Contract Tower,0,7,1,0,8,0,9,53,0,62,0,16,54,0,70,70,0,70,140
01/21/2011,HFD,CT,ANE,EN,Federal Contract Tower,0,3,1,0,4,0,6,3,0,9,0,9,4,0,13,0,0,0,13
01/22/2011,HFD,CT,ANE,EN,Federal Contract Tower,0,2,0,0,2,0,2,82,0,84,0,4,82,0,86,146,0,146,232
01/23/2011,HFD,CT,ANE,EN,Federal Contract Tower,0,0,1,0,1,0,0,86,0,86,0,0,87,0,87,172,0,172,259
01/24/2011,HFD,CT,ANE,EN,Federal Contract Tower,0,5,9,0,14,0,6,69,0,75,0,11,78,0,89,56,0,56,145
01/25/2011,HFD,CT,ANE,EN,Federal Contract Tower,0,7,7,0,14,0,2,25,0,27,0,9,32,0,41,0,0,0,41
01/26/2011,HFD,CT,ANE,EN,Federal Contract Tower,0,2,0,0,2,0,0,0,0,0,0,2,0,0,2,0,0,0,2
01/27/2011,HFD,CT,ANE,EN,Federal Contract Tower,0,7,0,0,7,0,6,5,0,11,0,13,5,0,18,0,0,0,18
01/28/2011,HFD,CT,ANE,EN,Federal Contract Tower,0,9,6,0,15,0,2,18,1,21,0,11,24,1,36,0,0,0,36
01/29/2011,HFD,CT,ANE,EN,Federal Contract Tower,0,2,4,0,6,0,0,60,0,60,0,2,64,0,66,72,0,72,138
01/30/2011,HFD,CT,ANE,EN,Federal Contract Tower,0,5,7,0,12,0,0,118,0,118,0,5,125,0,130,184,0,184,314
01/31/2011,HFD,CT,ANE,EN,Federal Contract Tower,0,9,5,0,14,0,6,109,0,115,0,15,114,0,129,188,0,188,317
02/01/2011,HFD,CT,ANE,EN,Federal Contract Tower,0,4,0,0,4,0,0,0,0,0,0,4,0,0,4,0,0,0,4
02/02/2011,HFD,CT,ANE,EN,Federal Contract Tower,0,2,0,0,2,0,0,0,0,0,0,2,0,0,2,0,0,0,2
02/03/2011,HFD,CT,ANE,EN,Federal Contract Tower,0,4,0,0,4,0,12,9,2,23,0,16,9,2,27,16,0,16,43
02/04/2011,HFD,CT,ANE,EN,Federal Contract Tower,0,0,5,0,5,0,11,84,0,95,0,11,89,0,100,98,0,98,198
02/05/2011,HFD,CT,ANE,EN,Federal Contract Tower,0,1,0,0,1,0,0,0,0,0,0,1,0,0,1,0,0,0,1
02/06/2011,HFD,CT,ANE,EN,Federal Contract Tower,0,0,1,0,1,0,0,79,0,79,0,0,80,0,80,114,0,114,194
02/07/2011,HFD,CT,ANE,EN,Federal Contract Tower,0,9,1,0,10,0,6,93,0,99,0,15,94,0,109,102,0,102,211
02/08/2011,HFD,CT,ANE,EN,Federal Contract Tower,0,10,3,0,13,0,4,7,0,11,0,14,10,0,24,20,0,20,44
02/09/2011,HFD,CT,ANE,EN,Federal Contract Tower,0,6,9,0,15,0,11,95,0,106,0,17,104,0,121,78,0,78,199
02/10/2011,HFD,CT,ANE,EN,Federal Contract Tower,0,6,1,0,7,0,11,50,0,61,0,17,51,0,68,42,0,42,110
02/11/2011,HFD,CT,ANE,EN,Federal Contract Tower,0,2,3,2,7,0,10,108,0,118,0,12,111,2,125,74,0,74,199
02/12/2011,HFD,CT,ANE,EN,Federal Contract Tower,0,0,7,0,7,0,2,65,0,67,0,2,72,0,74,58,0,58,132
02/13/2011,HFD,CT,ANE,EN,Federal Contract Tower,0,0,8,0,8,0,0,59,0,59,0,0,67,0,67,118,0,118,185
02/14/2011,HFD,CT,ANE,EN,Federal Contract Tower,0,7,6,0,13,0,6,38,0,44,0,13,44,0,57,32,0,32,89
02/15/2011,HFD,CT,ANE,EN,Federal Contract Tower,0,5,7,0,12,0,9,21,0,30,0,14,28,0,42,14,0,14,56
02/16/2011,HFD,CT,ANE,EN,Federal Contract Tower,0,4,12,0,16,0,9,88,2,99,0,13,100,2,115,46,8,54,169
02/17/2011,HFD,CT,ANE,EN,Federal Contract Tower,0,7,7,0,14,0,12,119,0,131,0,19,126,0,145,82,0,82,227
02/18/2011,HFD,CT,ANE,EN,Federal Contract Tower,0,3,6,0,9,0,10,93,0,103,0,13,99,0,112,200,0,200,312
02/19/2011,HFD,CT,ANE,EN,Federal Contract Tower,0,1,2,0,3,0,2,2,0,4,0,3,4,0,7,0,0,0,7
02/20/2011,HFD,CT,ANE,EN,Federal Contract Tower,0,0,7,0,7,0,0,53,0,53,0,0,60,0,60,52,0,52,112
02/21/2011,HFD,CT,ANE,EN,Federal Contract Tower,0,1,0,0,1,0,3,5,0,8,0,4,5,0,9,10,0,10,19
02/22/2011,HFD,CT,ANE,EN,Federal Contract Tower,0,8,4,1,13,0,9,100,0,109,0,17,104,1,122,102,0,102,224
02/23/2011,HFD,CT,ANE,EN,Federal Contract Tower,0,5,6,0,11,0,8,135,0,143,0,13,141,0,154,120,0,120,274
02/24/2011,HFD,CT,ANE,EN,Federal Contract Tower,0,11,6,0,17,0,5,86,0,91,0,16,92,0,108,96,0,96,204
02/25/2011,HFD,CT,ANE,EN,Federal Contract Tower,0,7,2,0,9,0,3,2,0,5,0,10,4,0,14,0,0,0,14
02/26/2011,HFD,CT,ANE,EN,Federal Contract Tower,0,2,11,0,13,0,2,147,0,149,0,4,158,0,162,134,0,134,296
02/27/2011,HFD,CT,ANE,EN,Federal Contract Tower,0,2,3,0,5,0,0,34,0,34,0,2,37,0,39,68,0,68,107
02/28/2011,HFD,CT,ANE,EN,Federal Contract Tower,0,8,3,0,11,0,1,0,0,1,0,9,3,0,12,0,0,0,12
03/01/2011,HFD,CT,ANE,EN,Federal Contract Tower,0,4,5,1,10,0,11,104,2,117,0,15,109,3,127,68,18,86,213
03/02/2011,HFD,CT,ANE,EN,Federal Contract Tower,0,7,9,0,16,0,9,59,4,72,0,16,68,4,88,2,0,2,90
03/03/2011,HFD,CT,ANE,EN,Federal Contract Tower,0,4,7,0,11,0,12,107,0,119,0,16,114,0,130,110,0,110,240
03/04/2011,HFD,CT,ANE,EN,Federal Contract Tower,0,11,7,0,18,0,11,86,0,97,0,22,93,0,115,32,0,32,147
03/05/2011,HFD,CT,ANE,EN,Federal Contract Tower,0,4,8,0,12,0,0,85,0,85,0,4,93,0,97,156,0,156,253
03/06/2011,HFD,CT,ANE,EN,Federal Contract Tower,0,0,3,0,3,0,0,0,0,0,0,0,3,0,3,0,0,0,3
03/07/2011,HFD,CT,ANE,EN,Federal Contract Tower,0,9,4,0,13,0,9,26,0,35,0,18,30,0,48,0,0,0,48
03/08/2011,HFD,CT,ANE,EN,Federal Contract Tower,0,5,2,0,7,0,10,121,2,133,0,15,123,2,140,102,6,108,248
03/09/2011,HFD,CT,ANE,EN,Federal Contract Tower,0,9,12,0,21,0,6,103,2,111,0,15,115,2,132,150,0,150,282
03/10/2011,HFD,CT,ANE,EN,Federal Contract Tower,0,14,2,0,16,0,0,5,0,5,0,14,7,0,21,22,0,22,43
03/11/2011,HFD,CT,ANE,EN,Federal Contract Tower,0,2,6,0,8,0,9,7,0,16,0,11,13,0,24,34,0,34,58
03/12/2011,HFD,CT,ANE,EN,Federal Contract Tower,0,0,3,0,3,0,2,130,0,132,0,2,133,0,135,164,0,164,299
03/13/2011,HFD,CT,ANE,EN,Federal Contract Tower,0,0,6,0,6,0,0,69,0,69,0,0,75,0,75,114,0,114,189
03/14/2011,HFD,CT,ANE,EN,Federal Contract Tower,0,6,4,0,10,0,5,87,0,92,0,11,91,0,102,198,0,198,300
03/15/2011,HFD,CT,ANE,EN,Federal Contract Tower,0,9,15,0,24,0,2,102,0,104,0,11,117,0,128,208,0,208,336
03/16/2011,HFD,CT,ANE,EN,Federal Contract Tower,0,14,2,0,16,0,0,0,0,0,0,14,2,0,16,0,0,0,16
03/17/2011,HFD,CT,ANE,EN,Federal Contract Tower,0,8,14,0,22,0,8,102,0,110,0,16,116,0,132,56,0,56,188
03/18/2011,HFD,CT,ANE,EN,Federal Contract Tower,0,0,4,0,4,0,13,34,0,47,0,13,38,0,51,20,2,22,73
03/19/2011,HFD,CT,ANE,EN,Federal Contract Tower,0,3,0,0,3,0,2,96,0,98,0,5,96,0,101,184,0,184,285
03/20/2011,HFD,CT,ANE,EN,Federal Contract Tower,0,1,7,0,8,0,0,200,0,200,0,1,207,0,208,266,0,266,474
03/21/2011,HFD,CT,ANE,EN,Federal Contract Tower,0,14,2,0,16,0,0,5,0,5,0,14,7,0,21,4,0,4,25
03/22/2011,HFD,CT,ANE,EN,Federal Contract Tower,0,9,4,0,13,0,5,113,0,118,0,14,117,0,131,86,0,86,217
03/23/2011,HFD,CT,ANE,EN,Federal Contract Tower,0,14,0,0,14,0,2,22,0,24,0,16,22,0,38,4,0,4,42
03/24/2011,HFD,CT,ANE,EN,Federal Contract Tower,0,5,2,0,7,0,11,31,0,42,0,16,33,0,49,36,0,36,85
03/25/2011,HFD,CT,ANE,EN,Federal Contract Tower,0,1,4,0,5,0,13,84,0,97,0,14,88,0,102,58,0,58,160
03/26/2011,HFD,CT,ANE,EN,Federal Contract Tower,0,0,6,0,6,0,2,83,0,85,0,2,89,0,91,66,0,66,157
03/27/2011,HFD,CT,ANE,EN,Federal Contract Tower,0,2,3,0,5,0,0,132,0,132,0,2,135,0,137,144,0,144,281
03/28/2011,HFD,CT,ANE,EN,Federal Contract Tower,0,5,3,0,8,0,7,40,0,47,0,12,43,0,55,12,0,12,67
03/29/2011,HFD,CT,ANE,EN,Federal Contract Tower,0,5,5,0,10,0,8,71,0,79,0,13,76,0,89,92,0,92,181
03/30/2011,HFD,CT,ANE,EN,Federal Contract Tower,0,7,9,0,16,0,8,138,0,146,0,15,147,0,162,130,0,130,292
03/31/2011,HFD,CT,ANE,EN,Federal Contract Tower,0,12,5,0,17,0,2,27,0,29,0,14,32,0,46,28,0,28,74
04/01/2011,HFD,CT,ANE,EN,Federal Contract Tower,0,10,0,0,10,0,1,6,0,7,0,11,6,0,17,14,0,14,31
04/02/2011,HFD,CT,ANE,EN,Federal Contract Tower,0,0,13,0,13,0,2,75,0,77,0,2,88,0,90,106,0,106,196
04/03/2011,HFD,CT,ANE,EN,Federal Contract Tower,0,0,5,0,5,0,0,48,0,48,0,0,53,0,53,8,0,8,61
04/04/2011,HFD,CT,ANE,EN,Federal Contract Tower,0,11,3,0,14,0,5,39,0,44,0,16,42,0,58,50,0,50,108
04/05/2011,HFD,CT,ANE,EN,Federal Contract Tower,0,9,5,0,14,0,4,2,0,6,0,13,7,0,20,0,0,0,20
04/06/2011,HFD,CT,ANE,EN,Federal Contract Tower,0,11,14,0,25,0,4,92,0,96,0,15,106,0,121,98,0,98,219
04/07/2011,HFD,CT,ANE,EN,Federal Contract Tower,0,10,10,1,21,0,13,119,1,133,0,23,129,2,154,104,0,104,258
04/08/2011,HFD,CT,ANE,EN,Federal Contract Tower,0,6,10,0,16,0,8,123,0,131,0,14,133,0,147,74,0,74,221
04/09/2011,HFD,CT,ANE,EN,Federal Contract Tower,0,1,7,0,8,0,2,175,0,177,0,3,182,0,185,130,0,130,315
04/10/2011,HFD,CT,ANE,EN,Federal Contract Tower,0,1,5,0,6,0,0,119,0,119,0,1,124,0,125,112,0,112,237
04/11/2011,HFD,CT,ANE,EN,Federal Contract Tower,0,11,17,0,28,0,3,5,0,8,0,14,22,0,36,0,0,0,36
04/12/2011,HFD,CT,ANE,EN,Federal Contract Tower,0,11,5,0,16,0,3,35,0,38,0,14,40,0,54,0,0,0,54
04/13/2011,HFD,CT,ANE,EN,Federal Contract Tower,0,14,23,0,37,0,1,0,0,1,0,15,23,0,38,0,0,0,38
04/14/2011,HFD,CT,ANE,EN,Federal Contract Tower,0,8,13,0,21,0,12,108,0,120,0,20,121,0,141,130,0,130,271
04/15/2011,HFD,CT,ANE,EN,Federal Contract Tower,0,5,8,0,13,0,11,152,0,163,0,16,160,0,176,138,0,138,314
04/16/2011,HFD,CT,ANE,EN,Federal Contract Tower,0,1,10,0,11,0,1,21,0,22,0,2,31,0,33,32,0,32,65
04/17/2011,HFD,CT,ANE,EN,Federal Contract Tower,0,0,4,0,4,0,0,21,0,21,0,0,25,0,25,0,0,0,25
04/18/2011,HFD,CT,ANE,EN,Federal Contract Tower,0,6,7,0,13,0,5,72,0,77,0,11,79,0,90,56,0,56,146
04/19/2011,HFD,CT,ANE,EN,Federal Contract Tower,0,13,12,1,26,0,2,21,0,23,0,15,33,1,49,22,0,22,71
04/20/2011,HFD,CT,ANE,EN,Federal Contract Tower,0,14,9,0,23,0,1,6,0,7,0,15,15,0,30,12,0,12,42
04/21/2011,HFD,CT,ANE,EN,Federal Contract Tower,0,4,4,0,8,0,10,36,0,46,0,14,40,0,54,16,0,16,70
04/22/2011,HFD,CT,ANE,EN,Federal Contract Tower,0,3,11,0,14,0,10,174,0,184,0,13,185,0,198,172,0,172,370
04/23/2011,HFD,CT,ANE,EN,Federal Contract Tower,0,2,7,0,9,0,0,0,0,0,0,2,7,0,9,0,0,0,9
04/24/2011,HFD,CT,ANE,EN,Federal Contract Tower,0,2,12,0,14,0,0,35,0,35,0,2,47,0,49,28,0,28,77
04/25/2011,HFD,CT,ANE,EN,Federal Contract Tower,0,15,12,0,27,0,1,60,0,61,0,16,72,0,88,10,0,10,98
04/26/2011,HFD,CT,ANE,EN,Federal Contract Tower,0,9,13,0,22,0,2,35,0,37,0,11,48,0,59,4,0,4,63
04/27/2011,HFD,CT,ANE,EN,Federal Contract Tower,0,16,11,0,27,0,0,3,0,3,0,16,14,0,30,2,0,2,32
04/28/2011,HFD,CT,ANE,EN,Federal Contract Tower,0,12,3,0,15,0,0,0,0,0,0,12,3,0,15,0,0,0,15
04/29/2011,HFD,CT,ANE,EN,Federal Contract Tower,0,0,7,0,7,0,10,113,0,123,0,10,120,0,130,84,0,84,214
04/30/2011,HFD,CT,ANE,EN,Federal Contract Tower,0,0,8,0,8,0,2,159,0,161,0,2,167,0,169,108,0,108,277
05/01/2011,HFD,CT,ANE,EN,Federal Contract Tower,0,0,4,0,4,0,0,163,0,163,0,0,167,0,167,138,0,138,305
05/02/2011,HFD,CT,ANE,EN,Federal Contract Tower,0,11,5,0,16,0,4,72,0,76,0,15,77,0,92,58,0,58,150
05/03/2011,HFD,CT,ANE,EN,Federal Contract Tower,0,11,6,0,17,0,4,95,0,99,0,15,101,0,116,84,0,84,200
05/04/2011,HFD,CT,ANE,EN,Federal Contract Tower,0,13,11,0,24,0,0,3,0,3,0,13,14,0,27,0,0,0,27
05/05/2011,HFD,CT,ANE,EN,Federal Contract Tower,0,6,8,0,14,0,8,36,0,44,0,14,44,0,58,18,0,18,76
05/06/2011,HFD,CT,ANE,EN,Federal Contract Tower,0,2,12,0,14,0,8,126,0,134,0,10,138,0,148,60,0,60,208
05/07/2011,HFD,CT,ANE,EN,Federal Contract Tower,0,3,5,0,8,0,0,92,0,92,0,3,97,0,100,76,0,76,176
05/08/2011,HFD,CT,ANE,EN,Federal Contract Tower,0,2,14,0,16,0,0,113,0,113,0,2,127,0,129,92,0,92,221
05/09/2011,HFD,CT,ANE,EN,Federal Contract Tower,0,7,8,0,15,0,5,95,0,100,0,12,103,0,115,134,0,134,249
05/10/2011,HFD,CT,ANE,EN,Federal Contract Tower,0,8,8,0,16,0,4,96,0,100,0,12,104,0,116,88,0,88,204
05/11/2011,HFD,CT,ANE,EN,Federal Contract Tower,0,7,7,0,14,0,10,59,0,69,0,17,66,0,83,20,2,22,105
05/12/2011,HFD,CT,ANE,EN,Federal Contract Tower,0,7,10,0,17,0,8,140,0,148,0,15,150,0,165,118,0,118,283
05/13/2011,HFD,CT,ANE,EN,Federal Contract Tower,0,3,7,0,10,0,9,109,0,118,0,12,116,0,128,104,0,104,232
05/14/2011,HFD,CT,ANE,EN,Federal Contract Tower,0,0,11,0,11,0,0,82,0,82,0,0,93,0,93,166,0,166,259
05/15/2011,HFD,CT,ANE,EN,Federal Contract Tower,0,1,11,0,12,0,0,0,0,0,0,1,11,0,12,0,0,0,12
05/16/2011,HFD,CT,ANE,EN,Federal Contract Tower,0,14,21,0,35,0,0,10,0,10,0,14,31,0,45,0,0,0,45
05/17/2011,HFD,CT,ANE,EN,Federal Contract Tower,0,14,15,1,30,0,0,0,0,0,0,14,15,1,30,0,0,0,30
05/18/2011,HFD,CT,ANE,EN,Federal Contract Tower,0,11,16,0,27,0,0,0,0,0,0,11,16,0,27,0,0,0,27
05/19/2011,HFD,CT,ANE,EN,Federal Contract Tower,0,18,12,0,30,0,0,5,0,5,0,18,17,0,35,6,0,6,41
05/20/2011,HFD,CT,ANE,EN,Federal Contract Tower,0,9,14,0,23,0,2,29,0,31,0,11,43,0,54,26,0,26,80
05/21/2011,HFD,CT,ANE,EN,Federal Contract Tower,0,2,16,0,18,0,4,95,0,99,0,6,111,0,117,154,0,154,271
05/22/2011,HFD,CT,ANE,EN,Federal Contract Tower,0,7,36,1,44,0,0,81,0,81,0,7,117,1,125,172,0,172,297
05/23/2011,HFD,CT,ANE,EN,Federal Contract Tower,0,12,12,0,24,0,0,0,0,0,0,12,12,0,24,0,0,0,24
05/24/2011,HFD,CT,ANE,EN,Federal Contract Tower,0,10,8,0,18,0,5,79,0,84,0,15,87,0,102,138,0,138,240
05/25/2011,HFD,CT,ANE,EN,Federal Contract Tower,0,4,11,0,15,0,6,219,0,225,0,10,230,0,240,186,0,186,426
05/26/2011,HFD,CT,ANE,EN,Federal Contract Tower,0,12,25,0,37,0,0,67,0,67,0,12,92,0,104,118,0,118,222
05/27/2011,HFD,CT,ANE,EN,Federal Contract Tower,0,2,10,0,12,0,9,91,0,100,0,11,101,0,112,76,0,76,188
05/28/2011,HFD,CT,ANE,EN,Federal Contract Tower,0,0,11,0,11,0,0,60,0,60,0,0,71,0,71,150,0,150,221
05/29/2011,HFD,CT,ANE,EN,Federal Contract Tower,0,0,19,0,19,0,0,84,0,84,0,0,103,0,103,146,0,146,249
05/30/2011,HFD,CT,ANE,EN,Federal Contract Tower,0,0,6,0,6,0,0,63,0,63,0,0,69,0,69,42,0,42,111
05/31/2011,HFD,CT,ANE,EN,Federal Contract Tower,0,6,10,0,16,0,8,150,0,158,0,14,160,0,174,154,0,154,328
06/01/2011,HFD,CT,ANE,EN,Federal Contract Tower,0,6,10,0,16,0,5,26,0,31,0,11,36,0,47,36,0,36,83
06/02/2011,HFD,CT,ANE,EN,Federal Contract Tower,0,5,8,0,13,0,8,85,0,93,0,13,93,0,106,42,0,42,148
06/03/2011,HFD,CT,ANE,EN,Federal Contract Tower,0,3,5,0,8,0,10,106,0,116,0,13,111,0,124,40,0,40,164
06/04/2011,HFD,CT,ANE,EN,Federal Contract Tower,0,1,3,0,4,0,0,186,0,186,0,1,189,0,190,222,0,222,412
06/05/2011,HFD,CT,ANE,EN,Federal Contract Tower,0,2,8,0,10,0,0,156,0,156,0,2,164,0,166,206,0,206,372
06/06/2011,HFD,CT,ANE,EN,Federal Contract Tower,0,5,6,0,11,0,8,130,0,138,0,13,136,0,149,86,0,86,235
06/07/2011,HFD,CT,ANE,EN,Federal Contract Tower,0,7,4,0,11,0,8,106,0,114,0,15,110,0,125,94,6,100,225
06/08/2011,HFD,CT,ANE,EN,Federal Contract Tower,0,4,7,0,11,0,4,125,0,129,0,8,132,0,140,166,0,166,306
06/09/2011,HFD,CT,ANE,EN,Federal Contract Tower,0,8,7,0,15,0,6,45,0,51,0,14,52,0,66,58,0,58,124
06/10/2011,HFD,CT,ANE,EN,Federal Contract Tower,0,5,13,0,18,0,5,111,0,116,0,10,124,0,134,166,2,168,302
06/11/2011,HFD,CT,ANE,EN,Federal Contract Tower,0,0,11,0,11,0,0,22,2,24,0,0,33,2,35,40,0,40,75
06/12/2011,HFD,CT,ANE,EN,Federal Contract Tower,0,0,17,0,17,0,0,37,0,37,0,0,54,0,54,112,0,112,166
06/13/2011,HFD,CT,ANE,EN,Federal Contract Tower,0,8,17,0,25,0,2,126,0,128,0,10,143,0,153,120,0,120,273
06/14/2011,HFD,CT,ANE,EN,Federal Contract Tower,0,16,14,0,30,0,4,27,0,31,0,20,41,0,61,48,0,48,109
06/15/2011,HFD,CT,ANE,EN,Federal Contract Tower,0,4,8,0,12,0,7,146,0,153,0,11,154,0,165,156,0,156,321
06/16/2011,HFD,CT,ANE,EN,Federal Contract Tower,0,9,11,0,20,0,9,154,0,163,0,18,165,0,183,144,0,144,327
06/17/2011,HFD,CT,ANE,EN,Federal Contract Tower,0,7,18,0,25,0,0,13,0,13,0,7,31,0,38,20,0,20,58
06/18/2011,HFD,CT,ANE,EN,Federal Contract Tower,0,0,13,0,13,0,0,133,0,133,0,0,146,0,146,152,0,152,298
06/19/2011,HFD,CT,ANE,EN,Federal Contract Tower,0,2,4,0,6,0,0,126,0,126,0,2,130,0,132,108,0,108,240
06/20/2011,HFD,CT,ANE,EN,Federal Contract Tower,0,11,5,0,16,0,6,188,0,194,0,17,193,0,210,154,0,154,364
06/21/2011,HFD,CT,ANE,EN,Federal Contract Tower,0,8,8,0,16,0,6,180,0,186,0,14,188,0,202,234,0,234,436
06/22/2011,HFD,CT,ANE,EN,Federal Contract Tower,0,12,23,0,35,0,0,8,0,8,0,12,31,0,43,36,0,36,79
06/23/2011,HFD,CT,ANE,EN,Federal Contract Tower,0,15,18,0,33,0,0,2,0,2,0,15,20,0,35,0,0,0,35
06/24/2011,HFD,CT,ANE,EN,Federal Contract Tower,0,16,15,0,31,0,0,4,0,4,0,16,19,0,35,20,0,20,55
06/25/2011,HFD,CT,ANE,EN,Federal Contract Tower,0,0,21,0,21,0,0,57,0,57,0,0,78,0,78,200,0,200,278
06/26/2011,HFD,CT,ANE,EN,Federal Contract Tower,0,5,17,0,22,0,0,115,0,115,0,5,132,0,137,138,0,138,275
06/27/2011,HFD,CT,ANE,EN,Federal Contract Tower,0,5,9,0,14,0,8,170,0,178,0,13,179,0,192,134,0,134,326
06/28/2011,HFD,CT,ANE,EN,Federal Contract Tower,0,11,14,0,25,0,6,112,2,120,0,17,126,2,145,56,0,56,201
06/29/2011,HFD,CT,ANE,EN,Federal Contract Tower,0,8,10,0,18,0,8,94,0,102,0,16,104,0,120,112,0,112,232
06/30/2011,HFD,CT,ANE,EN,Federal Contract Tower,0,8,6,0,14,0,8,146,0,154,0,16,152,0,168,96,2,98,266
07/01/2011,HFD,CT,ANE,EN,Federal Contract Tower,0,2,6,0,8,0,10,148,0,158,0,12,154,0,166,120,0,120,286
07/02/2011,HFD,CT,ANE,EN,Federal Contract Tower,0,0,6,0,6,0,0,148,0,148,0,0,154,0,154,126,0,126,280
07/03/2011,HFD,CT,ANE,EN,Federal Contract Tower,0,0,5,0,5,0,0,14,0,14,0,0,19,0,19,94,0,94,113
07/04/2011,HFD,CT,ANE,EN,Federal Contract Tower,0,0,15,0,15,0,0,115,0,115,0,0,130,0,130,48,0,48,178
07/05/2011,HFD,CT,ANE,EN,Federal Contract Tower,0,6,7,0,13,0,8,139,0,147,0,14,146,0,160,116,0,116,276
07/06/2011,HFD,CT,ANE,EN,Federal Contract Tower,0,8,6,0,14,0,7,102,0,109,0,15,108,0,123,62,0,62,185
07/07/2011,HFD,CT,ANE,EN,Federal Contract Tower,0,8,7,0,15,0,8,131,0,139,0,16,138,0,154,104,0,104,258
07/08/2011,HFD,CT,ANE,EN,Federal Contract Tower,0,7,4,0,11,0,0,1,0,1,0,7,5,0,12,0,0,0,12
07/09/2011,HFD,CT,ANE,EN,Federal Contract Tower,0,0,11,0,11,0,0,140,0,140,0,0,151,0,151,150,0,150,301
07/10/2011,HFD,CT,ANE,EN,Federal Contract Tower,0,0,7,0,7,0,0,161,0,161,0,0,168,0,168,92,0,92,260
07/11/2011,HFD,CT,ANE,EN,Federal Contract Tower,0,8,3,0,11,0,9,87,0,96,0,17,90,0,107,124,0,124,231
07/12/2011,HFD,CT,ANE,EN,Federal Contract Tower,0,6,3,3,12,0,8,90,0,98,0,14,93,3,110,94,0,94,204
07/13/2011,HFD,CT,ANE,EN,Federal Contract Tower,0,7,16,0,23,0,8,120,0,128,0,15,136,0,151,112,0,112,263
07/14/2011,HFD,CT,ANE,EN,Federal Contract Tower,0,4,10,0,14,0,9,118,0,127,0,13,128,0,141,84,0,84,225
07/15/2011,HFD,CT,ANE,EN,Federal Contract Tower,0,2,6,0,8,0,7,143,0,150,0,9,149,0,158,170,0,170,328
07/16/2011,HFD,CT,ANE,EN,Federal Contract Tower,0,2,12,0,14,0,0,165,0,165,0,2,177,0,179,122,0,122,301
07/17/2011,HFD,CT,ANE,EN,Federal Contract Tower,0,2,10,0,12,0,0,106,0,106,0,2,116,0,118,76,0,76,194
07/18/2011,HFD,CT,ANE,EN,Federal Contract Tower,0,9,5,0,14,0,4,76,3,83,0,13,81,3,97,56,0,56,153
07/19/2011,HFD,CT,ANE,EN,Federal Contract Tower,0,12,14,0,26,0,4,185,0,189,0,16,199,0,215,162,0,162,377
07/20/2011,HFD,CT,ANE,EN,Federal Contract Tower,0,8,10,0,18,0,8,131,0,139,0,16,141,0,157,166,0,166,323
07/21/2011,HFD,CT,ANE,EN,Federal Contract Tower,0,7,23,0,30,0,3,61,0,64,0,10,84,0,94,116,0,116,210
07/22/2011,HFD,CT,ANE,EN,Federal Contract Tower,0,1,18,0,19,0,7,86,0,93,0,8,104,0,112,110,0,110,222
07/23/2011,HFD,CT,ANE,EN,Federal Contract Tower,0,3,2,0,5,0,0,98,0,98,0,3,100,0,103,88,0,88,191
07/24/2011,HFD,CT,ANE,EN,Federal Contract Tower,0,2,13,0,15,0,0,116,0,116,0,2,129,0,131,170,0,170,301
07/25/2011,HFD,CT,ANE,EN,Federal Contract Tower,0,11,13,0,24,0,5,48,0,53,0,16,61,0,77,62,0,62,139
07/26/2011,HFD,CT,ANE,EN,Federal Contract Tower,0,5,16,0,21,0,5,84,0,89,0,10,100,0,110,166,0,166,276
07/27/2011,HFD,CT,ANE,EN,Federal Contract Tower,0,4,14,0,18,0,9,141,0,150,0,13,155,0,168,236,0,236,404
07/28/2011,HFD,CT,ANE,EN,Federal Contract Tower,0,7,9,0,16,0,12,109,0,121,0,19,118,0,137,174,0,174,311
07/29/2011,HFD,CT,ANE,EN,Federal Contract Tower,0,16,36,0,52,0,0,12,0,12,0,16,48,0,64,56,0,56,120
07/30/2011,HFD,CT,ANE,EN,Federal Contract Tower,0,0,8,0,8,0,0,169,0,169,0,0,177,0,177,152,0,152,329
07/31/2011,HFD,CT,ANE,EN,Federal Contract Tower,0,0,4,0,4,0,0,157,0,157,0,0,161,0,161,222,0,222,383
08/01/2011,HFD,CT,ANE,EN,Federal Contract Tower,0,4,5,0,9,0,8,60,0,68,0,12,65,0,77,44,0,44,121
08/02/2011,HFD,CT,ANE,EN,Federal Contract Tower,0,6,10,0,16,0,7,123,0,130,0,13,133,0,146,184,0,184,330
08/03/2011,HFD,CT,ANE,EN,Federal Contract Tower,0,14,5,2,21,0,4,132,1,137,0,18,137,3,158,198,0,198,356
08/04/2011,HFD,CT,ANE,EN,Federal Contract Tower,0,8,17,0,25,0,9,119,0,128,0,17,136,0,153,114,0,114,267
08/05/2011,HFD,CT,ANE,EN,Federal Contract Tower,0,1,28,0,29,0,8,85,0,93,0,9,113,0,122,172,0,172,294
08/06/2011,HFD,CT,ANE,EN,Federal Contract Tower,0,0,18,0,18,0,2,92,0,94,0,2,110,0,112,176,0,176,288
08/07/2011,HFD,CT,ANE,EN,Federal Contract Tower,0,3,24,0,27,0,0,11,0,11,0,3,35,0,38,20,0,20,58
08/08/2011,HFD,CT,ANE,EN,Federal Contract Tower,0,5,15,0,20,0,9,96,0,105,0,14,111,0,125,134,0,134,259
08/09/2011,HFD,CT,ANE,EN,Federal Contract Tower,0,15,5,0,20,0,0,55,0,55,0,15,60,0,75,68,0,68,143
08/10/2011,HFD,CT,ANE,EN,Federal Contract Tower,0,15,19,0,34,0,2,101,0,103,0,17,120,0,137,110,0,110,247
08/11/2011,HFD,CT,ANE,EN,Federal Contract Tower,0,8,8,0,16,0,9,132,0,141,0,17,140,0,157,90,0,90,247
08/12/2011,HFD,CT,ANE,EN,Federal Contract Tower,0,5,10,0,15,0,10,153,0,163,0,15,163,0,178,98,0,98,276
08/13/2011,HFD,CT,ANE,EN,Federal Contract Tower,0,2,7,1,10,0,0,165,0,165,0,2,172,1,175,186,0,186,361
08/14/2011,HFD,CT,ANE,EN,Federal Contract Tower,0,0,19,0,19,0,0,0,0,0,0,0,19,0,19,0,0,0,19
08/15/2011,HFD,CT,ANE,EN,Federal Contract Tower,0,18,19,0,37,0,0,2,0,2,0,18,21,0,39,0,0,0,39
08/16/2011,HFD,CT,ANE,EN,Federal Contract Tower,0,4,14,0,18,0,8,53,0,61,0,12,67,0,79,184,0,184,263
08/17/2011,HFD,CT,ANE,EN,Federal Contract Tower,0,4,10,0,14,0,6,170,0,176,0,10,180,0,190,170,0,170,360
08/18/2011,HFD,CT,ANE,EN,Federal Contract Tower,0,6,8,0,14,0,12,95,0,107,0,18,103,0,121,78,2,80,201
08/19/2011,HFD,CT,ANE,EN,Federal Contract Tower,0,5,12,0,17,0,10,91,0,101,0,15,103,0,118,196,0,196,314
08/20/2011,HFD,CT,ANE,EN,Federal Contract Tower,0,0,7,0,7,0,0,138,0,138,0,0,145,0,145,162,0,162,307
08/21/2011,HFD,CT,ANE,EN,Federal Contract Tower,0,0,7,0,7,0,0,46,0,46,0,0,53,0,53,72,0,72,125
08/22/2011,HFD,CT,ANE,EN,Federal Contract Tower,0,6,6,0,12,0,7,97,0,104,0,13,103,0,116,80,0,80,196
08/23/2011,HFD,CT,ANE,EN,Federal Contract Tower,0,4,17,0,21,0,9,162,0,171,0,13,179,0,192,136,0,136,328
08/24/2011,HFD,CT,ANE,EN,Federal Contract Tower,0,4,14,0,18,0,11,107,0,118,0,15,121,0,136,70,0,70,206
08/25/2011,HFD,CT,ANE,EN,Federal Contract Tower,0,9,8,0,17,0,3,9,0,12,0,12,17,0,29,30,0,30,59
08/26/2011,HFD,CT,ANE,EN,Federal Contract Tower,0,0,7,0,7,0,8,130,0,138,0,8,137,0,145,120,0,120,265
08/27/2011,HFD,CT,ANE,EN,Federal Contract Tower,0,0,8,0,8,0,0,0,0,0,0,0,8,0,8,2,0,2,10
08/28/2011,HFD,CT,ANE,EN,Federal Contract Tower,0,0,0,0,0,0,0,1,0,1,0,0,1,0,1,0,0,0,1
08/29/2011,HFD,CT,ANE,EN,Federal Contract Tower,0,3,4,0,7,0,2,116,0,118,0,5,120,0,125,54,0,54,179
08/30/2011,HFD,CT,ANE,EN,Federal Contract Tower,0,9,14,0,23,0,7,105,6,118,0,16,119,6,141,66,0,66,207
08/31/2011,HFD,CT,ANE,EN,Federal Contract Tower,0,7,10,0,17,0,5,174,0,179,0,12,184,0,196,110,0,110,306
09/01/2011,HFD,CT,ANE,EN,Federal Contract Tower,0,13,6,0,19,0,6,109,0,115,0,19,115,0,134,70,0,70,204
09/02/2011,HFD,CT,ANE,EN,Federal Contract Tower,0,9,17,0,26,0,3,140,0,143,0,12,157,0,169,112,0,112,281
09/03/2011,HFD,CT,ANE,EN,Federal Contract Tower,0,2,9,0,11,0,0,83,0,83,0,2,92,0,94,36,0,36,130
09/04/2011,HFD,CT,ANE,EN,Federal Contract Tower,0,0,30,0,30,0,0,51,0,51,0,0,81,0,81,172,0,172,253
09/05/2011,HFD,CT,ANE,EN,Federal Contract Tower,0,2,14,0,16,0,0,54,0,54,0,2,68,0,70,38,0,38,108
09/06/2011,HFD,CT,ANE,EN,Federal Contract Tower,0,14,17,0,31,0,0,0,0,0,0,14,17,0,31,0,0,0,31
09/07/2011,HFD,CT,ANE,EN,Federal Contract Tower,0,17,25,1,43,0,0,1,0,1,0,17,26,1,44,0,0,0,44
09/08/2011,HFD,CT,ANE,EN,Federal Contract Tower,0,13,9,0,22,0,1,14,0,15,0,14,23,0,37,22,0,22,59
09/09/2011,HFD,CT,ANE,EN,Federal Contract Tower,0,7,5,1,13,0,10,122,0,132,0,17,127,1,145,90,0,90,235
09/10/2011,HFD,CT,ANE,EN,Federal Contract Tower,0,1,10,0,11,0,150,0,0,150,0,151,10,0,161,150,0,150,311
09/11/2011,HFD,CT,ANE,EN,Federal Contract Tower,0,0,9,0,9,0,1,142,0,143,0,1,151,0,152,174,0,174,326
09/12/2011,HFD,CT,ANE,EN,Federal Contract Tower,0,8,11,0,19,0,8,98,0,106,0,16,109,0,125,74,0,74,199
09/13/2011,HFD,CT,ANE,EN,Federal Contract Tower,0,5,6,0,11,0,8,103,0,111,0,13,109,0,122,44,0,44,166
09/14/2011,HFD,CT,ANE,EN,Federal Contract Tower,0,13,9,2,24,0,5,104,0,109,0,18,113,2,133,32,0,32,165
09/15/2011,HFD,CT,ANE,EN,Federal Contract Tower,0,10,14,0,24,0,7,17,0,24,0,17,31,0,48,42,0,42,90
09/16/2011,HFD,CT,ANE,EN,Federal Contract Tower,0,4,5,0,9,0,8,109,0,117,0,12,114,0,126,102,0,102,228
09/17/2011,HFD,CT,ANE,EN,Federal Contract Tower,0,0,7,0,7,0,127,0,0,127,0,127,7,0,134,104,0,104,238
09/18/2011,HFD,CT,ANE,EN,Federal Contract Tower,0,0,3,0,3,0,0,145,0,145,0,0,148,0,148,102,0,102,250
09/19/2011,HFD,CT,ANE,EN,Federal Contract Tower,0,5,12,0,17,0,7,155,0,162,0,12,167,0,179,76,0,76,255
09/20/2011,HFD,CT,ANE,EN,Federal Contract Tower,0,15,56,0,71,0,4,41,0,45,0,19,97,0,116,48,0,48,164
09/21/2011,HFD,CT,ANE,EN,Federal Contract Tower,0,12,77,0,89,0,11,107,0,118,0,23,184,0,207,16,0,16,223
09/22/2011,HFD,CT,ANE,EN,Federal Contract Tower,0,10,129,0,139,0,5,76,0,81,0,15,205,0,220,0,0,0,220
09/23/2011,HFD,CT,ANE,EN,Federal Contract Tower,0,17,79,0,96,0,0,4,0,4,0,17,83,0,100,0,0,0,100
09/24/2011,HFD,CT,ANE,EN,Federal Contract Tower,0,4,150,0,154,0,0,100,0,100,0,4,250,0,254,2,2,4,258
09/25/2011,HFD,CT,ANE,EN,Federal Contract Tower,0,1,51,0,52,0,0,164,0,164,0,1,215,0,216,16,0,16,232
09/26/2011,HFD,CT,ANE,EN,Federal Contract Tower,0,4,15,0,19,0,6,81,0,87,0,10,96,0,106,78,0,78,184
09/27/2011,HFD,CT,ANE,EN,Federal Contract Tower,0,17,19,0,36,0,0,38,0,38,0,17,57,0,74,44,0,44,118
09/28/2011,HFD,CT,ANE,EN,Federal Contract Tower,0,17,18,0,35,0,1,83,0,84,0,18,101,0,119,116,0,116,235
09/29/2011,HFD,CT,ANE,EN,Federal Contract Tower,0,6,6,0,12,0,6,3,0,9,0,12,9,0,21,0,0,0,21
09/30/2011,HFD,CT,ANE,EN,Federal Contract Tower,0,1,8,0,9,0,11,120,0,131,0,12,128,0,140,52,0,52,192
10/01/2011,HFD,CT,ANE,EN,Federal Contract Tower,0,2,16,0,18,0,0,7,0,7,0,2,23,0,25,8,6,14,39
10/02/2011,HFD,CT,ANE,EN,Federal Contract Tower,0,0,16,0,16,0,0,92,0,92,0,0,108,0,108,146,0,146,254
10/03/2011,HFD,CT,ANE,EN,Federal Contract Tower,0,8,12,0,20,0,6,85,0,91,0,14,97,0,111,92,0,92,203
10/04/2011,HFD,CT,ANE,EN,Federal Contract Tower,0,10,34,0,44,0,5,19,0,24,0,15,53,0,68,18,0,18,86
10/05/2011,HFD,CT,ANE,EN,Federal Contract Tower,0,4,6,0,10,0,8,90,0,98,0,12,96,0,108,122,0,122,230
10/06/2011,HFD,CT,ANE,EN,Federal Contract Tower,0,5,5,0,10,0,12,112,0,124,0,17,117,0,134,28,0,28,162
10/07/2011,HFD,CT,ANE,EN,Federal Contract Tower,0,2,10,0,12,0,10,167,0,177,0,12,177,0,189,110,0,110,299
10/08/2011,HFD,CT,ANE,EN,Federal Contract Tower,0,0,1,0,1,0,0,202,0,202,0,0,203,0,203,226,0,226,429
10/09/2011,HFD,CT,ANE,EN,Federal Contract Tower,0,0,7,0,7,0,0,132,0,132,0,0,139,0,139,94,0,94,233
10/10/2011,HFD,CT,ANE,EN,Federal Contract Tower,0,4,6,0,10,0,4,153,0,157,0,8,159,0,167,92,0,92,259
10/11/2011,HFD,CT,ANE,EN,Federal Contract Tower,0,7,3,0,10,0,13,124,0,137,0,20,127,0,147,120,0,120,267
10/12/2011,HFD,CT,ANE,EN,Federal Contract Tower,0,10,12,0,22,0,3,56,0,59,0,13,68,0,81,36,0,36,117
10/13/2011,HFD,CT,ANE,EN,Federal Contract Tower,0,17,31,0,48,0,0,0,0,0,0,17,31,0,48,0,0,0,48
10/14/2011,HFD,CT,ANE,EN,Federal Contract Tower,0,6,8,0,14,0,5,2,0,7,0,11,10,0,21,16,0,16,37
10/15/2011,HFD,CT,ANE,EN,Federal Contract Tower,0,0,6,0,6,0,0,58,0,58,0,0,64,0,64,48,0,48,112
10/16/2011,HFD,CT,ANE,EN,Federal Contract Tower,0,1,11,0,12,0,0,82,0,82,0,1,93,0,94,138,0,138,232
10/17/2011,HFD,CT,ANE,EN,Federal Contract Tower,0,7,6,0,13,0,8,98,0,106,0,15,104,0,119,23,0,23,142
10/18/2011,HFD,CT,ANE,EN,Federal Contract Tower,0,4,3,0,7,0,9,106,0,115,0,13,109,0,122,54,0,54,176
10/19/2011,HFD,CT,ANE,EN,Federal Contract Tower,0,14,10,0,24,0,0,3,0,3,0,14,13,0,27,0,0,0,27
10/20/2011,HFD,CT,ANE,EN,Federal Contract Tower,0,5,10,0,15,0,9,51,0,60,0,14,61,0,75,64,0,64,139
10/21/2011,HFD,CT,ANE,EN,Federal Contract Tower,0,3,10,0,13,0,8,122,0,130,0,11,132,0,143,88,0,88,231
10/22/2011,HFD,CT,ANE,EN,Federal Contract Tower,0,1,8,0,9,0,0,171,0,171,0,1,179,0,180,148,0,148,328
10/23/2011,HFD,CT,ANE,EN,Federal Contract Tower,0,1,6,0,7,0,0,155,0,155,0,1,161,0,162,174,0,174,336
10/24/2011,HFD,CT,ANE,EN,Federal Contract Tower,0,8,12,0,20,0,6,83,0,89,0,14,95,0,109,84,0,84,193
10/25/2011,HFD,CT,ANE,EN,Federal Contract Tower,0,7,2,0,9,0,8,67,0,75,0,15,69,0,84,18,0,18,102
10/26/2011,HFD,CT,ANE,EN,Federal Contract Tower,0,7,8,0,15,0,6,67,0,73,0,13,75,0,88,56,0,56,144
10/27/2011,HFD,CT,ANE,EN,Federal Contract Tower,0,16,11,0,27,0,0,0,0,0,0,16,11,0,27,0,0,0,27
10/28/2011,HFD,CT,ANE,EN,Federal Contract Tower,0,4,11,0,15,0,4,85,0,89,0,8,96,0,104,92,0,92,196
10/29/2011,HFD,CT,ANE,EN,Federal Contract Tower,0,0,0,0,0,0,0,21,0,21,0,0,21,0,21,20,0,20,41
10/30/2011,HFD,CT,ANE,EN,Federal Contract Tower,0,0,6,0,6,0,0,12,0,12,0,0,18,0,18,12,0,12,30
10/31/2011,HFD,CT,ANE,EN,Federal Contract Tower,0,4,5,0,9,0,9,59,0,68,0,13,64,0,77,50,0,50,127
11/01/2011,HFD,CT,ANE,EN,Federal Contract Tower,0,0,3,0,3,0,9,58,0,67,0,9,61,0,70,36,0,36,106
11/02/2011,HFD,CT,ANE,EN,Federal Contract Tower,0,3,3,0,6,0,5,87,0,92,0,8,90,0,98,34,0,34,132
11/03/2011,HFD,CT,ANE,EN,Federal Contract Tower,0,4,3,0,7,0,10,80,0,90,0,14,83,0,97,36,0,36,133
11/04/2011,HFD,CT,ANE,EN,Federal Contract Tower,0,0,9,0,9,0,7,54,0,61,0,7,63,0,70,90,0,90,160
11/05/2011,HFD,CT,ANE,EN,Federal Contract Tower,0,0,14,0,14,0,0,141,0,141,0,0,155,0,155,28,0,28,183
11/06/2011,HFD,CT,ANE,EN,Federal Contract Tower,0,0,14,0,14,0,0,139,0,139,0,0,153,0,153,82,0,82,235
11/07/2011,HFD,CT,ANE,EN,Federal Contract Tower,0,6,7,0,13,0,7,127,0,134,0,13,134,0,147,116,0,116,263
11/08/2011,HFD,CT,ANE,EN,Federal Contract Tower,0,7,11,0,18,0,9,116,0,125,0,16,127,0,143,96,0,96,239
11/09/2011,HFD,CT,ANE,EN,Federal Contract Tower,0,4,9,0,13,0,6,89,0,95,0,10,98,0,108,64,0,64,172
11/10/2011,HFD,CT,ANE,EN,Federal Contract Tower,0,14,21,0,35,0,1,9,0,10,0,15,30,0,45,24,0,24,69
11/11/2011,HFD,CT,ANE,EN,Federal Contract Tower,0,2,11,0,13,0,3,36,0,39,0,5,47,0,52,34,0,34,86
11/12/2011,HFD,CT,ANE,EN,Federal Contract Tower,0,0,3,0,3,0,0,102,0,102,0,0,105,0,105,64,0,64,169
11/13/2011,HFD,CT,ANE,EN,Federal Contract Tower,0,0,6,0,6,0,0,93,0,93,0,0,99,0,99,134,0,134,233
11/14/2011,HFD,CT,ANE,EN,Federal Contract Tower,0,3,13,0,16,0,8,61,0,69,0,11,74,0,85,48,0,48,133
11/15/2011,HFD,CT,ANE,EN,Federal Contract Tower,0,7,25,0,32,0,5,103,0,108,0,12,128,0,140,58,0,58,198
11/16/2011,HFD,CT,ANE,EN,Federal Contract Tower,0,13,24,0,37,0,0,34,0,34,0,13,58,0,71,24,0,24,95
11/17/2011,HFD,CT,ANE,EN,Federal Contract Tower,0,11,12,0,23,0,6,42,0,48,0,17,54,0,71,24,0,24,95
11/18/2011,HFD,CT,ANE,EN,Federal Contract Tower,0,6,13,0,19,0,8,106,0,114,0,14,119,0,133,46,0,46,179
11/19/2011,HFD,CT,ANE,EN,Federal Contract Tower,0,0,7,0,7,0,0,108,0,108,0,0,115,0,115,80,0,80,195
11/20/2011,HFD,CT,ANE,EN,Federal Contract Tower,0,2,6,0,8,0,0,117,0,117,0,2,123,0,125,122,0,122,247
11/21/2011,HFD,CT,ANE,EN,Federal Contract Tower,0,8,3,0,11,0,7,126,0,133,0,15,129,0,144,70,0,70,214
11/22/2011,HFD,CT,ANE,EN,Federal Contract Tower,0,15,12,0,27,0,3,27,0,30,0,18,39,0,57,10,0,10,67
11/23/2011,HFD,CT,ANE,EN,Federal Contract Tower,0,8,14,0,22,0,3,2,0,5,0,11,16,0,27,2,0,2,29
11/24/2011,HFD,CT,ANE,EN,Federal Contract Tower,0,0,5,0,5,0,0,16,0,16,0,0,21,0,21,6,0,6,27
11/25/2011,HFD,CT,ANE,EN,Federal Contract Tower,0,0,8,0,8,0,10,107,0,117,0,10,115,0,125,74,0,74,199
11/26/2011,HFD,CT,ANE,EN,Federal Contract Tower,0,1,9,0,10,0,0,192,0,192,0,1,201,0,202,30,0,30,232
11/27/2011,HFD,CT,ANE,EN,Federal Contract Tower,0,1,12,0,13,0,0,70,0,70,0,1,82,0,83,108,0,108,191
11/28/2011,HFD,CT,ANE,EN,Federal Contract Tower,0,8,3,0,11,0,6,94,0,100,0,14,97,0,111,60,0,60,171
11/29/2011,HFD,CT,ANE,EN,Federal Contract Tower,0,16,10,0,26,0,0,54,0,54,0,16,64,0,80,56,0,56,136
11/30/2011,HFD,CT,ANE,EN,Federal Contract Tower,0,11,9,0,20,0,1,80,0,81,0,12,89,0,101,28,0,28,129
12/01/2011,HFD,CT,ANE,EN,Federal Contract Tower,0,10,13,0,23,0,4,84,0,88,0,14,97,0,111,48,0,48,159
12/02/2011,HFD,CT,ANE,EN,Federal Contract Tower,0,1,6,0,7,0,7,108,0,115,0,8,114,0,122,114,0,114,236
12/03/2011,HFD,CT,ANE,EN,Federal Contract Tower,0,0,10,0,10,0,0,143,0,143,0,0,153,0,153,140,0,140,293
12/04/2011,HFD,CT,ANE,EN,Federal Contract Tower,0,0,9,0,9,0,0,111,0,111,0,0,120,0,120,120,0,120,240
12/05/2011,HFD,CT,ANE,EN,Federal Contract Tower,0,9,10,0,19,0,0,25,0,25,0,9,35,0,44,54,0,54,98
12/06/2011,HFD,CT,ANE,EN,Federal Contract Tower,0,7,12,0,19,0,0,0,0,0,0,7,12,0,19,0,0,0,19
12/07/2011,HFD,CT,ANE,EN,Federal Contract Tower,0,9,15,0,24,0,0,0,0,0,0,9,15,0,24,0,0,0,24
12/08/2011,HFD,CT,ANE,EN,Federal Contract Tower,0,10,0,0,10,0,6,54,0,60,0,16,54,0,70,60,0,60,130
12/09/2011,HFD,CT,ANE,EN,Federal Contract Tower,0,3,6,0,9,0,6,96,0,102,0,9,102,0,111,40,0,40,151
12/10/2011,HFD,CT,ANE,EN,Federal Contract Tower,0,0,8,0,8,0,0,96,0,96,0,0,104,0,104,64,0,64,168
12/11/2011,HFD,CT,ANE,EN,Federal Contract Tower,0,0,7,0,7,0,0,148,0,148,0,0,155,0,155,100,0,100,255
12/12/2011,HFD,CT,ANE,EN,Federal Contract Tower,0,9,3,0,12,0,6,98,0,104,0,15,101,0,116,74,0,74,190
12/13/2011,HFD,CT,ANE,EN,Federal Contract Tower,0,11,6,0,17,0,6,112,0,118,0,17,118,0,135,112,0,112,247
12/14/2011,HFD,CT,ANE,EN,Federal Contract Tower,0,10,9,0,19,0,4,114,0,118,0,14,123,0,137,60,0,60,197
12/15/2011,HFD,CT,ANE,EN,Federal Contract Tower,0,9,9,0,18,0,4,32,0,36,0,13,41,0,54,30,0,30,84
12/16/2011,HFD,CT,ANE,EN,Federal Contract Tower,0,1,4,0,5,0,8,34,0,42,0,9,38,0,47,6,0,6,53
12/17/2011,HFD,CT,ANE,EN,Federal Contract Tower,0,0,3,0,3,0,0,98,0,98,0,0,101,0,101,78,0,78,179
12/18/2011,HFD,CT,ANE,EN,Federal Contract Tower,0,0,4,0,4,0,0,114,0,114,0,0,118,0,118,138,0,138,256
12/19/2011,HFD,CT,ANE,EN,Federal Contract Tower,0,5,5,0,10,0,8,78,0,86,0,13,83,0,96,22,0,22,118
12/20/2011,HFD,CT,ANE,EN,Federal Contract Tower,0,7,7,0,14,0,6,100,0,106,0,13,107,0,120,134,0,134,254
12/21/2011,HFD,CT,ANE,EN,Federal Contract Tower,0,11,9,0,20,0,1,11,0,12,0,12,20,0,32,14,0,14,46
12/22/2011,HFD,CT,ANE,EN,Federal Contract Tower,0,11,2,0,13,0,4,53,0,57,0,15,55,0,70,116,0,116,186
12/23/2011,HFD,CT,ANE,EN,Federal Contract Tower,0,2,16,0,18,0,8,37,0,45,0,10,53,0,63,42,0,42,105
12/24/2011,HFD,CT,ANE,EN,Federal Contract Tower,0,0,5,0,5,0,0,52,0,52,0,0,57,0,57,42,0,42,99
12/25/2011,HFD,CT,ANE,EN,Federal Contract Tower,0,0,2,0,2,0,0,19,0,19,0,0,21,0,21,0,0,0,21
12/26/2011,HFD,CT,ANE,EN,Federal Contract Tower,0,0,6,0,6,0,0,58,0,58,0,0,64,0,64,10,0,10,74
12/27/2011,HFD,CT,ANE,EN,Federal Contract Tower,0,9,6,0,15,0,0,86,0,86,0,9,92,0,101,114,0,114,215
12/28/2011,HFD,CT,ANE,EN,Federal Contract Tower,0,5,7,0,12,0,7,18,0,25,0,12,25,0,37,12,0,12,49
12/29/2011,HFD,CT,ANE,EN,Federal Contract Tower,0,1,5,0,6,0,15,95,0,110,0,16,100,0,116,84,0,84,200
12/30/2011,HFD,CT,ANE,EN,Federal Contract Tower,0,0,6,0,6,0,10,112,0,122,0,10,118,0,128,106,0,106,234
12/31/2011,HFD,CT,ANE,EN,Federal Contract Tower,0,0,4,0,4,0,0,0,0,0,0,0,4,0,4,0,0,0,4
01/01/2012,HFD,CT,ANE,EN,Federal Contract Tower,0,0,5,0,5,0,0,82,0,82,0,0,87,0,87,20,0,20,107
01/02/2012,HFD,CT,ANE,EN,Federal Contract Tower,0,0,0,0,0,0,0,63,0,63,0,0,63,0,63,24,0,24,87
01/03/2012,HFD,CT,ANE,EN,Federal Contract Tower,0,8,2,0,10,0,3,44,0,47,0,11,46,0,57,70,0,70,127
01/04/2012,HFD,CT,ANE,EN,Federal Contract Tower,0,11,0,0,11,0,4,38,0,42,0,15,38,0,53,44,0,44,97
01/05/2012,HFD,CT,ANE,EN,Federal Contract Tower,0,10,3,0,13,0,6,68,0,74,0,16,71,0,87,92,0,92,179
01/06/2012,HFD,CT,ANE,EN,Federal Contract Tower,0,4,3,0,7,0,6,90,0,96,0,10,93,0,103,112,0,112,215
01/07/2012,HFD,CT,ANE,EN,Federal Contract Tower,0,0,15,0,15,0,0,150,0,150,0,0,165,0,165,138,0,138,303
01/08/2012,HFD,CT,ANE,EN,Federal Contract Tower,0,0,7,0,7,0,0,108,0,108,0,0,115,0,115,142,0,142,257
01/09/2012,HFD,CT,ANE,EN,Federal Contract Tower,0,9,7,0,16,0,4,97,0,101,0,13,104,0,117,102,0,102,219
01/10/2012,HFD,CT,ANE,EN,Federal Contract Tower,0,8,5,0,13,0,4,88,0,92,0,12,93,0,105,134,0,134,239
01/11/2012,HFD,CT,ANE,EN,Federal Contract Tower,0,10,9,0,19,0,3,138,0,141,0,13,147,0,160,108,0,108,268
01/12/2012,HFD,CT,ANE,EN,Federal Contract Tower,0,8,4,0,12,0,0,0,0,0,0,8,4,0,12,0,0,0,12
01/13/2012,HFD,CT,ANE,EN,Federal Contract Tower,0,5,1,0,6,0,5,5,0,10,0,10,6,0,16,0,0,0,16
01/14/2012,HFD,CT,ANE,EN,Federal Contract Tower,0,0,1,0,1,0,0,83,0,83,0,0,84,0,84,146,0,146,230
01/15/2012,HFD,CT,ANE,EN,Federal Contract Tower,0,0,7,0,7,0,0,83,0,83,0,0,90,0,90,70,0,70,160
01/16/2012,HFD,CT,ANE,EN,Federal Contract Tower,0,7,7,0,14,0,1,117,0,118,0,8,124,0,132,106,0,106,238
01/17/2012,HFD,CT,ANE,EN,Federal Contract Tower,0,11,2,0,13,0,0,2,0,2,0,11,4,0,15,0,0,0,15
01/18/2012,HFD,CT,ANE,EN,Federal Contract Tower,0,8,2,0,10,0,4,19,0,23,0,12,21,0,33,24,0,24,57
01/19/2012,HFD,CT,ANE,EN,Federal Contract Tower,0,14,4,0,18,0,0,73,0,73,0,14,77,0,91,48,0,48,139
01/20/2012,HFD,CT,ANE,EN,Federal Contract Tower,0,2,6,0,8,0,7,72,0,79,0,9,78,0,87,34,8,42,129
01/21/2012,HFD,CT,ANE,EN,Federal Contract Tower,0,0,1,0,1,0,0,1,0,1,0,0,2,0,2,0,0,0,2
01/22/2012,HFD,CT,ANE,EN,Federal Contract Tower,0,0,6,0,6,0,0,55,0,55,0,0,61,0,61,4,0,4,65
01/23/2012,HFD,CT,ANE,EN,Federal Contract Tower,0,10,2,0,12,0,0,3,0,3,0,10,5,0,15,22,0,22,37
01/24/2012,HFD,CT,ANE,EN,Federal Contract Tower,0,11,9,0,20,0,4,99,0,103,0,15,108,0,123,154,0,154,277
01/25/2012,HFD,CT,ANE,EN,Federal Contract Tower,0,9,9,0,18,0,4,87,0,91,0,13,96,0,109,150,0,150,259
01/26/2012,HFD,CT,ANE,EN,Federal Contract Tower,0,14,1,0,15,0,0,43,0,43,0,14,44,0,58,72,0,72,130
01/27/2012,HFD,CT,ANE,EN,Federal Contract Tower,0,5,6,0,11,0,2,0,0,2,0,7,6,0,13,0,0,0,13
01/28/2012,HFD,CT,ANE,EN,Federal Contract Tower,0,2,11,0,13,0,0,170,0,170,0,2,181,0,183,176,0,176,359
01/29/2012,HFD,CT,ANE,EN,Federal Contract Tower,0,0,4,0,4,0,0,98,0,98,0,0,102,0,102,196,0,196,298
01/30/2012,HFD,CT,ANE,EN,Federal Contract Tower,0,7,9,0,16,0,6,62,0,68,0,13,71,0,84,78,0,78,162
01/31/2012,HFD,CT,ANE,EN,Federal Contract Tower,0,7,2,0,9,0,3,111,0,114,0,10,113,0,123,128,0,128,251
02/01/2012,HFD,CT,ANE,EN,Federal Contract Tower,0,6,5,0,11,0,7,92,0,99,0,13,97,0,110,100,0,100,210
02/02/2012,HFD,CT,ANE,EN,Federal Contract Tower,0,13,10,0,23,0,2,78,0,80,0,15,88,0,103,60,10,70,173
02/03/2012,HFD,CT,ANE,EN,Federal Contract Tower,0,3,11,0,14,0,10,77,0,87,0,13,88,0,101,90,0,90,191
02/04/2012,HFD,CT,ANE,EN,Federal Contract Tower,0,0,6,0,6,0,0,110,0,110,0,0,116,0,116,204,0,204,320
02/05/2012,HFD,CT,ANE,EN,Federal Contract Tower,0,0,5,0,5,0,0,91,0,91,0,0,96,0,96,88,0,88,184
02/06/2012,HFD,CT,ANE,EN,Federal Contract Tower,0,4,3,0,7,0,8,97,0,105,0,12,100,0,112,82,0,82,194
02/07/2012,HFD,CT,ANE,EN,Federal Contract Tower,0,5,6,0,11,0,8,97,0,105,0,13,103,0,116,50,0,50,166
02/08/2012,HFD,CT,ANE,EN,Federal Contract Tower,0,8,10,0,18,0,3,94,0,97,0,11,104,0,115,104,0,104,219
02/09/2012,HFD,CT,ANE,EN,Federal Contract Tower,0,2,6,0,8,0,9,80,0,89,0,11,86,0,97,90,0,90,187
02/10/2012,HFD,CT,ANE,EN,Federal Contract Tower,0,1,7,0,8,0,8,97,0,105,0,9,104,0,113,142,0,142,255
02/11/2012,HFD,CT,ANE,EN,Federal Contract Tower,0,0,0,0,0,0,0,29,0,29,0,0,29,0,29,140,0,140,169
02/12/2012,HFD,CT,ANE,EN,Federal Contract Tower,0,0,1,0,1,0,0,48,0,48,0,0,49,0,49,146,0,146,195
02/13/2012,HFD,CT,ANE,EN,Federal Contract Tower,0,4,1,0,5,0,7,66,0,73,0,11,67,0,78,70,0,70,148
02/14/2012,HFD,CT,ANE,EN,Federal Contract Tower,0,5,5,1,11,0,6,89,0,95,0,11,94,1,106,96,0,96,202
02/15/2012,HFD,CT,ANE,EN,Federal Contract Tower,0,10,5,0,15,0,4,53,0,57,0,14,58,0,72,116,0,116,188
02/16/2012,HFD,CT,ANE,EN,Federal Contract Tower,0,16,9,0,25,0,0,33,0,33,0,16,42,0,58,78,0,78,136
02/17/2012,HFD,CT,ANE,EN,Federal Contract Tower,0,0,8,0,8,0,10,89,0,99,0,10,97,0,107,126,0,126,233
02/18/2012,HFD,CT,ANE,EN,Federal Contract Tower,0,0,4,0,4,0,0,139,0,139,0,0,143,0,143,222,0,222,365
02/19/2012,HFD,CT,ANE,EN,Federal Contract Tower,0,0,5,0,5,0,0,79,0,79,0,0,84,0,84,124,0,124,208
02/20/2012,HFD,CT,ANE,EN,Federal Contract Tower,0,0,11,0,11,0,4,66,0,70,0,4,77,0,81,166,0,166,247
02/21/2012,HFD,CT,ANE,EN,Federal Contract Tower,0,12,10,2,24,0,3,76,0,79,0,15,86,2,103,108,0,108,211
02/22/2012,HFD,CT,ANE,EN,Federal Contract Tower,0,9,6,0,15,0,6,105,0,111,0,15,111,0,126,158,2,160,286
02/23/2012,HFD,CT,ANE,EN,Federal Contract Tower,0,7,3,0,10,0,9,70,0,79,0,16,73,0,89,72,0,72,161
02/24/2012,HFD,CT,ANE,EN,Federal Contract Tower,0,9,4,0,13,0,1,0,0,1,0,10,4,0,14,0,0,0,14
02/25/2012,HFD,CT,ANE,EN,Federal Contract Tower,0,0,0,0,0,0,0,14,0,14,0,0,14,0,14,26,0,26,40
02/26/2012,HFD,CT,ANE,EN,Federal Contract Tower,0,1,7,0,8,0,0,90,0,90,0,1,97,0,98,116,0,116,214
02/27/2012,HFD,CT,ANE,EN,Federal Contract Tower,0,4,6,0,10,0,4,88,0,92,0,8,94,0,102,26,0,26,128
02/28/2012,HFD,CT,ANE,EN,Federal Contract Tower,0,5,19,0,24,0,9,70,0,79,0,14,89,0,103,58,0,58,161
02/29/2012,HFD,CT,ANE,EN,Federal Contract Tower,0,6,4,0,10,0,0,21,0,21,0,6,25,0,31,10,0,10,41
03/01/2012,HFD,CT,ANE,EN,Federal Contract Tower,0,10,3,0,13,0,0,0,0,0,0,10,3,0,13,0,0,0,13
03/02/2012,HFD,CT,ANE,EN,Federal Contract Tower,0,10,1,0,11,0,0,55,0,55,0,10,56,0,66,224,0,224,290
03/03/2012,HFD,CT,ANE,EN,Federal Contract Tower,0,0,9,0,9,0,0,13,0,13,0,0,22,0,22,62,0,62,84
03/04/2012,HFD,CT,ANE,EN,Federal Contract Tower,0,3,6,0,9,0,0,166,0,166,0,3,172,0,175,256,0,256,431
03/05/2012,HFD,CT,ANE,EN,Federal Contract Tower,0,11,4,0,15,0,6,79,0,85,0,17,83,0,100,68,0,68,168
03/06/2012,HFD,CT,ANE,EN,Federal Contract Tower,0,6,6,0,12,0,5,119,0,124,0,11,125,0,136,204,0,204,340
03/07/2012,HFD,CT,ANE,EN,Federal Contract Tower,0,9,3,0,12,0,5,101,0,106,0,14,104,0,118,96,0,96,214
03/08/2012,HFD,CT,ANE,EN,Federal Contract Tower,0,5,7,0,12,0,7,24,0,31,0,12,31,0,43,0,0,0,43
03/09/2012,HFD,CT,ANE,EN,Federal Contract Tower,0,3,6,0,9,0,5,66,0,71,0,8,72,0,80,84,0,84,164
03/10/2012,HFD,CT,ANE,EN,Federal Contract Tower,0,0,3,0,3,0,0,125,0,125,0,0,128,0,128,150,0,150,278
03/11/2012,HFD,CT,ANE,EN,Federal Contract Tower,0,2,4,0,6,0,0,139,0,139,0,2,143,0,145,166,0,166,311
03/12/2012,HFD,CT,ANE,EN,Federal Contract Tower,0,10,3,0,13,0,3,155,0,158,0,13,158,0,171,166,0,166,337
03/13/2012,HFD,CT,ANE,EN,Federal Contract Tower,0,11,9,0,20,0,3,82,0,85,0,14,91,0,105,108,0,108,213
03/14/2012,HFD,CT,ANE,EN,Federal Contract Tower,0,6,15,0,21,0,7,109,0,116,0,13,124,0,137,130,0,130,267
03/15/2012,HFD,CT,ANE,EN,Federal Contract Tower,0,17,18,0,35,0,0,68,0,68,0,17,86,0,103,174,0,174,277
03/16/2012,HFD,CT,ANE,EN,Federal Contract Tower,0,8,20,0,28,0,0,8,0,8,0,8,28,0,36,22,0,22,58
03/17/2012,HFD,CT,ANE,EN,Federal Contract Tower,0,0,14,0,14,0,0,146,0,146,0,0,160,0,160,166,0,166,326
03/18/2012,HFD,CT,ANE,EN,Federal Contract Tower,0,0,24,0,24,0,0,106,0,106,0,0,130,0,130,100,0,100,230
03/19/2012,HFD,CT,ANE,EN,Federal Contract Tower,0,4,12,0,16,0,6,129,0,135,0,10,141,0,151,146,0,146,297
03/20/2012,HFD,CT,ANE,EN,Federal Contract Tower,0,8,10,0,18,0,5,101,0,106,0,13,111,0,124,170,0,170,294
03/21/2012,HFD,CT,ANE,EN,Federal Contract Tower,0,10,17,0,27,0,7,45,0,52,0,17,62,0,79,74,0,74,153
03/22/2012,HFD,CT,ANE,EN,Federal Contract Tower,0,6,15,0,21,0,10,83,0,93,0,16,98,0,114,100,0,100,214
03/23/2012,HFD,CT,ANE,EN,Federal Contract Tower,0,0,5,0,5,0,10,126,0,136,0,10,131,0,141,88,0,88,229
03/24/2012,HFD,CT,ANE,EN,Federal Contract Tower,0,0,12,0,12,0,0,134,0,134,0,0,146,0,146,214,0,214,360
03/25/2012,HFD,CT,ANE,EN,Federal Contract Tower,0,0,17,0,17,0,0,25,0,25,0,0,42,0,42,49,0,49,91
03/26/2012,HFD,CT,ANE,EN,Federal Contract Tower,0,7,5,0,12,0,7,38,0,45,0,14,43,0,57,6,0,6,63
03/27/2012,HFD,CT,ANE,EN,Federal Contract Tower,0,7,7,0,14,0,7,79,0,86,0,14,86,0,100,44,0,44,144
03/28/2012,HFD,CT,ANE,EN,Federal Contract Tower,0,6,13,0,19,0,6,87,0,93,0,12,100,0,112,76,0,76,188
03/29/2012,HFD,CT,ANE,EN,Federal Contract Tower,0,8,8,1,17,0,6,54,0,60,0,14,62,1,77,82,2,84,161
03/30/2012,HFD,CT,ANE,EN,Federal Contract Tower,0,2,3,0,5,0,8,122,0,130,0,10,125,0,135,158,0,158,293
03/31/2012,HFD,CT,ANE,EN,Federal Contract Tower,0,0,3,0,3,0,0,30,0,30,0,0,33,0,33,90,0,90,123
04/01/2012,HFD,CT,ANE,EN,Federal Contract Tower,0,0,10,0,10,0,0,86,0,86,0,0,96,0,96,102,0,102,198
04/02/2012,HFD,CT,ANE,EN,Federal Contract Tower,0,11,20,0,31,0,4,38,0,42,0,15,58,0,73,32,0,32,105
04/03/2012,HFD,CT,ANE,EN,Federal Contract Tower,0,10,8,0,18,0,4,89,0,93,0,14,97,0,111,58,0,58,169
04/04/2012,HFD,CT,ANE,EN,Federal Contract Tower,0,9,6,0,15,0,4,75,0,79,0,13,81,0,94,12,0,12,106
04/05/2012,HFD,CT,ANE,EN,Federal Contract Tower,0,8,12,0,20,0,5,82,0,87,0,13,94,0,107,88,12,100,207
04/06/2012,HFD,CT,ANE,EN,Federal Contract Tower,0,6,13,0,19,0,5,131,0,136,0,11,144,0,155,198,0,198,353
04/07/2012,HFD,CT,ANE,EN,Federal Contract Tower,0,1,5,0,6,0,0,142,0,142,0,1,147,0,148,128,0,128,276
04/08/2012,HFD,CT,ANE,EN,Federal Contract Tower,0,0,6,0,6,0,0,79,0,79,0,0,85,0,85,48,0,48,133
04/09/2012,HFD,CT,ANE,EN,Federal Contract Tower,0,6,10,0,16,0,8,46,0,54,0,14,56,0,70,10,0,10,80
04/10/2012,HFD,CT,ANE,EN,Federal Contract Tower,0,8,6,0,14,0,7,105,0,112,0,15,111,0,126,100,0,100,226
04/11/2012,HFD,CT,ANE,EN,Federal Contract Tower,0,10,7,0,17,0,4,109,0,113,0,14,116,0,130,94,0,94,224
04/12/2012,HFD,CT,ANE,EN,Federal Contract Tower,0,9,8,0,17,0,5,76,0,81,0,14,84,0,98,60,4,64,162
04/13/2012,HFD,CT,ANE,EN,Federal Contract Tower,0,5,12,0,17,0,6,115,0,121,0,11,127,0,138,118,0,118,256
04/14/2012,HFD,CT,ANE,EN,Federal Contract Tower,0,0,5,0,5,0,2,156,0,158,0,2,161,0,163,128,0,128,291
04/15/2012,HFD,CT,ANE,EN,Federal Contract Tower,0,0,4,0,4,0,0,108,0,108,0,0,112,0,112,50,0,50,162
04/16/2012,HFD,CT,ANE,EN,Federal Contract Tower,0,5,9,0,14,0,7,91,0,98,0,12,100,0,112,0,68,68,180
04/17/2012,HFD,CT,ANE,EN,Federal Contract Tower,0,8,13,2,23,0,4,121,0,125,0,12,134,2,148,130,0,130,278
04/18/2012,HFD,CT,ANE,EN,Federal Contract Tower,0,7,16,0,23,0,3,151,0,154,0,10,167,0,177,88,2,90,267
04/19/2012,HFD,CT,ANE,EN,Federal Contract Tower,0,7,7,0,14,0,7,125,0,132,0,14,132,0,146,76,0,76,222
04/20/2012,HFD,CT,ANE,EN,Federal Contract Tower,0,2,13,0,15,0,9,87,0,96,0,11,100,0,111,94,0,94,205
04/21/2012,HFD,CT,ANE,EN,Federal Contract Tower,0,4,13,0,17,0,0,70,0,70,0,4,83,0,87,112,0,112,199
04/22/2012,HFD,CT,ANE,EN,Federal Contract Tower,0,3,26,0,29,0,0,4,0,4,0,3,30,0,33,30,0,30,63
04/23/2012,HFD,CT,ANE,EN,Federal Contract Tower,0,13,11,0,24,0,1,4,0,5,0,14,15,0,29,20,0,20,49
04/24/2012,HFD,CT,ANE,EN,Federal Contract Tower,0,8,10,0,18,0,5,44,0,49,0,13,54,0,67,28,0,28,95
04/25/2012,HFD,CT,ANE,EN,Federal Contract Tower,0,10,8,0,18,0,4,110,0,114,0,14,118,0,132,76,0,76,208
04/26/2012,HFD,CT,ANE,EN,Federal Contract Tower,0,14,10,0,24,0,2,60,0,62,0,16,70,0,86,90,0,90,176
04/27/2012,HFD,CT,ANE,EN,Federal Contract Tower,0,4,3,0,7,0,8,31,0,39,0,12,34,0,46,76,0,76,122
04/28/2012,HFD,CT,ANE,EN,Federal Contract Tower,0,2,8,0,10,0,0,119,0,119,0,2,127,0,129,152,0,152,281
04/29/2012,HFD,CT,ANE,EN,Federal Contract Tower,0,0,3,0,3,0,0,93,0,93,0,0,96,0,96,118,0,118,214
04/30/2012,HFD,CT,ANE,EN,Federal Contract Tower,0,6,2,0,8,0,9,136,0,145,0,15,138,0,153,72,0,72,225
05/01/2012,HFD,CT,ANE,EN,Federal Contract Tower,0,14,19,0,33,0,0,0,0,0,0,14,19,0,33,0,0,0,33
05/02/2012,HFD,CT,ANE,EN,Federal Contract Tower,0,14,12,0,26,0,0,49,2,51,0,14,61,2,77,80,12,92,169
05/03/2012,HFD,CT,ANE,EN,Federal Contract Tower,0,16,21,0,37,0,0,12,0,12,0,16,33,0,49,72,0,72,121
05/04/2012,HFD,CT,ANE,EN,Federal Contract Tower,0,7,12,0,19,0,1,52,0,53,0,8,64,0,72,92,0,92,164
05/05/2012,HFD,CT,ANE,EN,Federal Contract Tower,0,0,25,0,25,0,0,7,0,7,0,0,32,0,32,18,0,18,50
05/06/2012,HFD,CT,ANE,EN,Federal Contract Tower,0,3,15,0,18,0,0,133,0,133,0,3,148,0,151,208,0,208,359
05/07/2012,HFD,CT,ANE,EN,Federal Contract Tower,0,9,13,0,22,0,5,138,0,143,0,14,151,0,165,76,0,76,241
05/08/2012,HFD,CT,ANE,EN,Federal Contract Tower,0,13,12,0,25,0,1,35,0,36,0,14,47,0,61,66,0,66,127
05/09/2012,HFD,CT,ANE,EN,Federal Contract Tower,0,14,13,0,27,0,0,0,0,0,0,14,13,0,27,0,0,0,27
05/10/2012,HFD,CT,ANE,EN,Federal Contract Tower,0,9,19,0,28,0,8,68,0,76,0,17,87,0,104,80,6,86,190
05/11/2012,HFD,CT,ANE,EN,Federal Contract Tower,0,3,8,0,11,0,9,101,0,110,0,12,109,0,121,46,0,46,167
05/12/2012,HFD,CT,ANE,EN,Federal Contract Tower,0,0,10,0,10,0,0,241,0,241,0,0,251,0,251,148,0,148,399
05/13/2012,HFD,CT,ANE,EN,Federal Contract Tower,0,2,6,0,8,0,0,85,0,85,0,2,91,0,93,114,0,114,207
05/14/2012,HFD,CT,ANE,EN,Federal Contract Tower,0,12,12,0,24,0,1,75,0,76,0,13,87,0,100,60,0,60,160
05/15/2012,HFD,CT,ANE,EN,Federal Contract Tower,0,14,13,0,27,0,0,27,0,27,0,14,40,0,54,70,0,70,124
05/16/2012,HFD,CT,ANE,EN,Federal Contract Tower,0,12,18,0,30,0,0,20,0,20,0,12,38,0,50,14,0,14,64
05/17/2012,HFD,CT,ANE,EN,Federal Contract Tower,0,8,13,0,21,0,10,165,0,175,0,18,178,0,196,102,0,102,298
05/18/2012,HFD,CT,ANE,EN,Federal Contract Tower,0,3,13,0,16,0,8,156,0,164,0,11,169,0,180,122,0,122,302
05/19/2012,HFD,CT,ANE,EN,Federal Contract Tower,0,4,9,0,13,0,0,161,0,161,0,4,170,0,174,210,2,212,386
05/20/2012,HFD,CT,ANE,EN,Federal Contract Tower,0,5,12,0,17,0,162,0,0,162,0,167,12,0,179,144,0,144,323
05/21/2012,HFD,CT,ANE,EN,Federal Contract Tower,0,15,17,0,32,0,0,4,0,4,0,15,21,0,36,0,0,0,36
05/22/2012,HFD,CT,ANE,EN,Federal Contract Tower,0,15,27,0,42,0,1,5,0,6,0,16,32,0,48,0,0,0,48
05/23/2012,HFD,CT,ANE,EN,Federal Contract Tower,0,12,26,0,38,0,1,78,0,79,0,13,104,0,117,100,0,100,217
05/24/2012,HFD,CT,ANE,EN,Federal Contract Tower,0,12,14,0,26,0,2,82,4,88,0,14,96,4,114,172,0,172,286
05/25/2012,HFD,CT,ANE,EN,Federal Contract Tower,0,13,33,0,46,0,1,30,0,31,0,14,63,0,77,150,0,150,227
05/26/2012,HFD,CT,ANE,EN,Federal Contract Tower,0,1,14,0,15,0,0,55,0,55,0,1,69,0,70,162,0,162,232
05/27/2012,HFD,CT,ANE,EN,Federal Contract Tower,0,2,8,0,10,0,0,123,0,123,0,2,131,0,133,64,0,64,197
05/28/2012,HFD,CT,ANE,EN,Federal Contract Tower,0,0,14,0,14,0,0,64,0,64,0,0,78,0,78,60,0,60,138
05/29/2012,HFD,CT,ANE,EN,Federal Contract Tower,0,7,11,0,18,0,5,86,0,91,0,12,97,0,109,146,0,146,255
05/30/2012,HFD,CT,ANE,EN,Federal Contract Tower,0,10,13,1,24,0,5,91,0,96,0,15,104,1,120,182,6,188,308
05/31/2012,HFD,CT,ANE,EN,Federal Contract Tower,0,6,8,0,14,0,5,123,0,128,0,11,131,0,142,100,0,100,242
06/01/2012,HFD,CT,ANE,EN,Federal Contract Tower,0,6,10,0,16,0,3,117,0,120,0,9,127,0,136,98,0,98,234
06/02/2012,HFD,CT,ANE,EN,Federal Contract Tower,0,2,21,0,23,0,0,6,0,6,0,2,27,0,29,14,0,14,43
06/03/2012,HFD,CT,ANE,EN,Federal Contract Tower,0,0,10,0,10,0,0,95,0,95,0,0,105,0,105,92,0,92,197
06/04/2012,HFD,CT,ANE,EN,Federal Contract Tower,0,13,10,0,23,0,1,17,0,18,0,14,27,0,41,10,0,10,51
06/05/2012,HFD,CT,ANE,EN,Federal Contract Tower,0,9,13,0,22,0,3,76,0,79,0,12,89,0,101,64,0,64,165
06/06/2012,HFD,CT,ANE,EN,Federal Contract Tower,0,12,22,0,34,0,3,84,0,87,0,15,106,0,121,82,0,82,203
06/07/2012,HFD,CT,ANE,EN,Federal Contract Tower,0,5,11,0,16,0,4,81,0,85,0,9,92,0,101,134,0,134,235
06/08/2012,HFD,CT,ANE,EN,Federal Contract Tower,0,2,19,0,21,0,5,103,0,108,0,7,122,0,129,160,0,160,289
06/09/2012,HFD,CT,ANE,EN,Federal Contract Tower,0,0,16,0,16,0,0,121,0,121,0,0,137,0,137,138,0,138,275
06/10/2012,HFD,CT,ANE,EN,Federal Contract Tower,0,0,19,0,19,0,0,148,0,148,0,0,167,0,167,98,0,98,265
06/11/2012,HFD,CT,ANE,EN,Federal Contract Tower,0,7,11,0,18,0,5,159,0,164,0,12,170,0,182,76,0,76,258
06/12/2012,HFD,CT,ANE,EN,Federal Contract Tower,0,11,29,2,42,0,0,37,0,37,0,11,66,2,79,68,0,68,147
06/13/2012,HFD,CT,ANE,EN,Federal Contract Tower,0,8,22,0,30,0,3,19,0,22,0,11,41,0,52,14,0,14,66
06/14/2012,HFD,CT,ANE,EN,Federal Contract Tower,0,9,23,0,32,0,3,111,0,114,0,12,134,0,146,142,0,142,288
06/15/2012,HFD,CT,ANE,EN,Federal Contract Tower,0,3,18,1,22,0,8,147,0,155,0,11,165,1,177,108,2,110,287
06/16/2012,HFD,CT,ANE,EN,Federal Contract Tower,0,0,7,0,7,0,0,185,0,185,0,0,192,0,192,146,0,146,338
06/17/2012,HFD,CT,ANE,EN,Federal Contract Tower,0,1,15,0,16,0,0,128,0,128,0,1,143,0,144,152,0,152,296
06/18/2012,HFD,CT,ANE,EN,Federal Contract Tower,0,11,12,0,23,0,2,121,0,123,0,13,133,0,146,176,0,176,322
06/19/2012,HFD,CT,ANE,EN,Federal Contract Tower,0,20,45,0,65,0,2,57,0,59,0,22,102,0,124,118,0,118,242
06/20/2012,HFD,CT,ANE,EN,Federal Contract Tower,0,10,11,0,21,0,5,109,0,114,0,15,120,0,135,78,0,78,213
06/21/2012,HFD,CT,ANE,EN,Federal Contract Tower,0,8,17,0,25,0,9,90,0,99,0,17,107,0,124,134,0,134,258
06/22/2012,HFD,CT,ANE,EN,Federal Contract Tower,0,6,4,0,10,0,1,40,0,41,0,7,44,0,51,20,0,20,71
06/23/2012,HFD,CT,ANE,EN,Federal Contract Tower,0,2,12,0,14,0,0,130,0,130,0,2,142,0,144,66,0,66,210
06/24/2012,HFD,CT,ANE,EN,Federal Contract Tower,0,8,5,0,13,0,0,152,0,152,0,8,157,0,165,128,0,128,293
06/25/2012,HFD,CT,ANE,EN,Federal Contract Tower,0,10,7,0,17,0,2,32,0,34,0,12,39,0,51,11,0,11,62
06/26/2012,HFD,CT,ANE,EN,Federal Contract Tower,0,9,17,0,26,0,3,79,0,82,0,12,96,0,108,104,0,104,212
06/27/2012,HFD,CT,ANE,EN,Federal Contract Tower,0,6,5,0,11,0,4,65,0,69,0,10,70,0,80,76,0,76,156
06/28/2012,HFD,CT,ANE,EN,Federal Contract Tower,0,4,6,1,11,0,6,123,0,129,0,10,129,1,140,122,0,122,262
06/29/2012,HFD,CT,ANE,EN,Federal Contract Tower,0,2,9,0,11,0,7,111,0,118,0,9,120,0,129,86,0,86,215
06/30/2012,HFD,CT,ANE,EN,Federal Contract Tower,0,2,7,0,9,0,0,96,0,96,0,2,103,0,105,58,0,58,163
07/01/2012,HFD,CT,ANE,EN,Federal Contract Tower,0,0,13,0,13,0,0,61,0,61,0,0,74,0,74,74,0,74,148
07/02/2012,HFD,CT,ANE,EN,Federal Contract Tower,0,4,2,0,6,0,8,102,0,110,0,12,104,0,116,144,0,144,260
07/03/2012,HFD,CT,ANE,EN,Federal Contract Tower,0,3,3,0,6,0,6,111,0,117,0,9,114,0,123,110,0,110,233
07/04/2012,HFD,CT,ANE,EN,Federal Contract Tower,0,0,3,0,3,0,0,51,0,51,0,0,54,0,54,58,0,58,112
07/05/2012,HFD,CT,ANE,EN,Federal Contract Tower,0,0,1,0,1,0,7,86,0,93,0,7,87,0,94,96,0,96,190
07/06/2012,HFD,CT,ANE,EN,Federal Contract Tower,0,0,4,0,4,0,8,109,0,117,0,8,113,0,121,104,0,104,225
07/07/2012,HFD,CT,ANE,EN,Federal Contract Tower,0,0,10,0,10,0,0,85,0,85,0,0,95,0,95,166,0,166,261
07/08/2012,HFD,CT,ANE,EN,Federal Contract Tower,0,0,11,0,11,0,0,125,0,125,0,0,136,0,136,92,0,92,228
07/09/2012,HFD,CT,ANE,EN,Federal Contract Tower,0,8,7,0,15,0,2,132,2,136,0,10,139,2,151,60,0,60,211
07/10/2012,HFD,CT,ANE,EN,Federal Contract Tower,0,5,5,0,10,0,2,95,0,97,0,7,100,0,107,76,6,82,189
07/11/2012,HFD,CT,ANE,EN,Federal Contract Tower,0,4,10,0,14,0,4,145,2,151,0,8,155,2,165,204,6,210,375
07/12/2012,HFD,CT,ANE,EN,Federal Contract Tower,0,1,9,0,10,0,4,139,0,143,0,5,148,0,153,122,2,124,277
07/13/2012,HFD,CT,ANE,EN,Federal Contract Tower,0,0,7,1,8,0,4,96,0,100,0,4,103,1,108,126,0,126,234
07/14/2012,HFD,CT,ANE,EN,Federal Contract Tower,0,0,7,0,7,0,0,125,0,125,0,0,132,0,132,154,0,154,286
07/15/2012,HFD,CT,ANE,EN,Federal Contract Tower,0,0,4,0,4,0,0,59,0,59,0,0,63,0,63,62,0,62,125
07/16/2012,HFD,CT,ANE,EN,Federal Contract Tower,0,6,5,0,11,0,2,92,0,94,0,8,97,0,105,30,0,30,135
07/17/2012,HFD,CT,ANE,EN,Federal Contract Tower,0,5,6,0,11,0,3,132,0,135,0,8,138,0,146,136,0,136,282
07/18/2012,HFD,CT,ANE,EN,Federal Contract Tower,0,6,1,0,7,0,3,83,0,86,0,9,84,0,93,86,0,86,179
07/19/2012,HFD,CT,ANE,EN,Federal Contract Tower,0,8,14,0,22,0,4,98,0,102,0,12,112,0,124,112,0,112,236
07/20/2012,HFD,CT,ANE,EN,Federal Contract Tower,0,4,19,0,23,0,3,8,0,11,0,7,27,0,34,0,0,0,34
07/21/2012,HFD,CT,ANE,EN,Federal Contract Tower,0,0,20,0,20,0,0,163,0,163,0,0,183,0,183,120,0,120,303
07/22/2012,HFD,CT,ANE,EN,Federal Contract Tower,0,5,13,0,18,0,0,126,0,126,0,5,139,0,144,94,0,94,238
07/23/2012,HFD,CT,ANE,EN,Federal Contract Tower,0,4,7,0,11,0,2,36,0,38,0,6,43,0,49,10,0,10,59
07/24/2012,HFD,CT,ANE,EN,Federal Contract Tower,0,10,9,1,20,0,4,100,0,104,0,14,109,1,124,60,0,60,184
07/25/2012,HFD,CT,ANE,EN,Federal Contract Tower,0,6,10,0,16,0,6,127,0,133,0,12,137,0,149,76,0,76,225
07/26/2012,HFD,CT,ANE,EN,Federal Contract Tower,0,6,7,0,13,0,4,59,0,63,0,10,66,0,76,70,0,70,146
07/27/2012,HFD,CT,ANE,EN,Federal Contract Tower,0,2,14,0,16,0,2,72,0,74,0,4,86,0,90,83,0,83,173
07/28/2012,HFD,CT,ANE,EN,Federal Contract Tower,0,0,11,0,11,0,0,39,0,39,0,0,50,0,50,82,0,82,132
07/29/2012,HFD,CT,ANE,EN,Federal Contract Tower,0,1,17,0,18,0,0,25,0,25,0,1,42,0,43,72,0,72,115
07/30/2012,HFD,CT,ANE,EN,Federal Contract Tower,0,6,8,0,14,0,2,127,0,129,0,8,135,0,143,134,0,134,277
07/31/2012,HFD,CT,ANE,EN,Federal Contract Tower,0,6,19,0,25,0,2,126,0,128,0,8,145,0,153,184,0,184,337
08/01/2012,HFD,CT,ANE,EN,Federal Contract Tower,0,5,21,0,26,0,4,50,0,54,0,9,71,0,80,76,0,76,156
08/02/2012,HFD,CT,ANE,EN,Federal Contract Tower,0,3,19,0,22,0,6,61,0,67,0,9,80,0,89,84,0,84,173
08/03/2012,HFD,CT,ANE,EN,Federal Contract Tower,0,2,10,0,12,0,4,91,0,95,0,6,101,0,107,112,0,112,219
08/04/2012,HFD,CT,ANE,EN,Federal Contract Tower,0,0,12,0,12,0,0,115,0,115,0,0,127,0,127,172,0,172,299
08/05/2012,HFD,CT,ANE,EN,Federal Contract Tower,0,1,12,0,13,0,0,62,0,62,0,1,74,0,75,88,0,88,163
08/06/2012,HFD,CT,ANE,EN,Federal Contract Tower,0,8,5,0,13,0,4,80,3,87,0,12,85,3,100,108,0,108,208
08/07/2012,HFD,CT,ANE,EN,Federal Contract Tower,0,7,2,0,9,0,4,145,0,149,0,11,147,0,158,108,0,108,266
08/08/2012,HFD,CT,ANE,EN,Federal Contract Tower,0,4,7,0,11,0,5,158,0,163,0,9,165,0,174,204,0,204,378
08/09/2012,HFD,CT,ANE,EN,Federal Contract Tower,0,5,11,0,16,0,3,73,0,76,0,8,84,0,92,150,0,150,242
08/10/2012,HFD,CT,ANE,EN,Federal Contract Tower,0,4,12,0,16,0,0,6,0,6,0,4,18,0,22,28,0,28,50
08/11/2012,HFD,CT,ANE,EN,Federal Contract Tower,0,1,7,0,8,0,0,16,0,16,0,1,23,0,24,38,0,38,62
08/12/2012,HFD,CT,ANE,EN,Federal Contract Tower,0,1,17,0,18,0,0,82,0,82,0,1,99,0,100,120,0,120,220
08/13/2012,HFD,CT,ANE,EN,Federal Contract Tower,0,6,13,0,19,0,2,150,0,152,0,8,163,0,171,202,0,202,373
08/14/2012,HFD,CT,ANE,EN,Federal Contract Tower,0,6,16,0,22,0,1,116,0,117,0,7,132,0,139,158,0,158,297
08/15/2012,HFD,CT,ANE,EN,Federal Contract Tower,0,7,8,0,15,0,2,41,0,43,0,9,49,0,58,100,0,100,158
08/16/2012,HFD,CT,ANE,EN,Federal Contract Tower,0,9,9,1,19,0,3,119,0,122,0,12,128,1,141,144,0,144,285
08/17/2012,HFD,CT,ANE,EN,Federal Contract Tower,0,5,7,0,12,0,1,102,0,103,0,6,109,0,115,96,0,96,211
08/18/2012,HFD,CT,ANE,EN,Federal Contract Tower,0,0,13,0,13,0,0,64,0,64,0,0,77,0,77,108,0,108,185
08/19/2012,HFD,CT,ANE,EN,Federal Contract Tower,0,4,13,0,17,0,2,141,0,143,0,6,154,0,160,84,0,84,244
08/20/2012,HFD,CT,ANE,EN,Federal Contract Tower,0,8,11,0,19,0,2,112,0,114,0,10,123,0,133,78,0,78,211
08/21/2012,HFD,CT,ANE,EN,Federal Contract Tower,0,4,8,0,12,0,4,137,0,141,0,8,145,0,153,132,0,132,285
08/22/2012,HFD,CT,ANE,EN,Federal Contract Tower,0,5,9,0,14,0,3,125,0,128,0,8,134,0,142,128,4,132,274
08/23/2012,HFD,CT,ANE,EN,Federal Contract Tower,0,5,11,0,16,0,0,124,0,124,0,5,135,0,140,234,0,234,374
08/24/2012,HFD,CT,ANE,EN,Federal Contract Tower,0,0,9,0,9,0,2,125,0,127,0,2,134,0,136,58,0,58,194
08/25/2012,HFD,CT,ANE,EN,Federal Contract Tower,0,0,12,0,12,0,0,130,0,130,0,0,142,0,142,172,0,172,314
08/26/2012,HFD,CT,ANE,EN,Federal Contract Tower,0,0,7,0,7,0,0,110,0,110,0,0,117,0,117,114,0,114,231
08/27/2012,HFD,CT,ANE,EN,Federal Contract Tower,0,4,20,0,24,0,2,84,0,86,0,6,104,0,110,72,0,72,182
08/28/2012,HFD,CT,ANE,EN,Federal Contract Tower,0,2,11,0,13,0,4,65,0,69,0,6,76,0,82,88,0,88,170
08/29/2012,HFD,CT,ANE,EN,Federal Contract Tower,0,4,9,0,13,0,2,107,0,109,0,6,116,0,122,66,0,66,188
08/30/2012,HFD,CT,ANE,EN,Federal Contract Tower,0,5,4,2,11,0,5,96,0,101,0,10,100,2,112,78,0,78,190
08/31/2012,HFD,CT,ANE,EN,Federal Contract Tower,0,1,9,0,10,0,3,145,0,148,0,4,154,0,158,148,0,148,306
09/01/2012,HFD,CT,ANE,EN,Federal Contract Tower,0,0,14,0,14,0,0,128,0,128,0,0,142,0,142,134,0,134,276
09/02/2012,HFD,CT,ANE,EN,Federal Contract Tower,0,1,8,0,9,0,0,106,0,106,0,1,114,0,115,84,0,84,199
09/03/2012,HFD,CT,ANE,EN,Federal Contract Tower,0,2,25,0,27,0,0,82,0,82,0,2,107,0,109,112,0,112,221
09/04/2012,HFD,CT,ANE,EN,Federal Contract Tower,0,7,17,0,24,0,0,34,0,34,0,7,51,0,58,44,0,44,102
09/05/2012,HFD,CT,ANE,EN,Federal Contract Tower,0,4,10,0,14,0,4,48,0,52,0,8,58,0,66,102,0,102,168
09/06/2012,HFD,CT,ANE,EN,Federal Contract Tower,0,5,22,0,27,0,2,59,0,61,0,7,81,0,88,88,0,88,176
09/07/2012,HFD,CT,ANE,EN,Federal Contract Tower,0,3,8,0,11,0,2,84,0,86,0,5,92,0,97,184,0,184,281
09/08/2012,HFD,CT,ANE,EN,Federal Contract Tower,0,0,10,0,10,0,0,25,0,25,0,0,35,0,35,34,0,34,69
09/09/2012,HFD,CT,ANE,EN,Federal Contract Tower,0,1,6,0,7,0,0,153,0,153,0,1,159,0,160,12,0,12,172
09/10/2012,HFD,CT,ANE,EN,Federal Contract Tower,0,2,2,0,4,0,3,67,0,70,0,5,69,0,74,30,0,30,104
09/11/2012,HFD,CT,ANE,EN,Federal Contract Tower,0,5,6,0,11,0,4,155,0,159,0,9,161,0,170,108,0,108,278
09/12/2012,HFD,CT,ANE,EN,Federal Contract Tower,0,4,15,0,19,0,4,146,0,150,0,8,161,0,169,142,0,142,311
09/13/2012,HFD,CT,ANE,EN,Federal Contract Tower,0,4,6,0,10,0,4,96,2,102,0,8,102,2,112,100,0,100,212
09/14/2012,HFD,CT,ANE,EN,Federal Contract Tower,0,2,12,0,14,0,4,97,0,101,0,6,109,0,115,134,0,134,249
09/15/2012,HFD,CT,ANE,EN,Federal Contract Tower,0,0,2,0,2,0,0,138,0,138,0,0,140,0,140,94,0,94,234
09/16/2012,HFD,CT,ANE,EN,Federal Contract Tower,0,0,9,0,9,0,2,144,0,146,0,2,153,0,155,146,0,146,301
09/17/2012,HFD,CT,ANE,EN,Federal Contract Tower,0,4,10,0,14,0,2,89,0,91,0,6,99,0,105,16,0,16,121
09/18/2012,HFD,CT,ANE,EN,Federal Contract Tower,0,5,15,1,21,0,0,11,0,11,0,5,26,1,32,68,0,68,100
09/19/2012,HFD,CT,ANE,EN,Federal Contract Tower,0,4,9,0,13,0,4,96,0,100,0,8,105,0,113,44,10,54,167
09/20/2012,HFD,CT,ANE,EN,Federal Contract Tower,0,6,6,0,12,0,4,93,0,97,0,10,99,0,109,42,0,42,151
09/21/2012,HFD,CT,ANE,EN,Federal Contract Tower,0,0,15,0,15,0,5,132,0,137,0,5,147,0,152,110,0,110,262
09/22/2012,HFD,CT,ANE,EN,Federal Contract Tower,0,1,19,0,20,0,0,114,0,114,0,1,133,0,134,142,0,142,276
09/23/2012,HFD,CT,ANE,EN,Federal Contract Tower,0,1,9,0,10,0,0,118,0,118,0,1,127,0,128,88,0,88,216
09/24/2012,HFD,CT,ANE,EN,Federal Contract Tower,0,6,9,0,15,0,4,80,0,84,0,10,89,0,99,70,0,70,169
09/25/2012,HFD,CT,ANE,EN,Federal Contract Tower,0,5,10,0,15,0,4,87,0,91,0,9,97,0,106,82,0,82,188
09/26/2012,HFD,CT,ANE,EN,Federal Contract Tower,0,8,16,0,24,0,2,82,0,84,0,10,98,0,108,172,0,172,280
09/27/2012,HFD,CT,ANE,EN,Federal Contract Tower,0,6,19,0,25,0,2,104,0,106,0,8,123,0,131,154,0,154,285
09/28/2012,HFD,CT,ANE,EN,Federal Contract Tower,0,6,32,0,38,0,0,5,0,5,0,6,37,0,43,20,0,20,63
09/29/2012,HFD,CT,ANE,EN,Federal Contract Tower,0,0,19,0,19,0,0,3,0,3,0,0,22,0,22,12,0,12,34
09/30/2012,HFD,CT,ANE,EN,Federal Contract Tower,0,0,12,1,13,0,0,61,0,61,0,0,73,1,74,124,0,124,198
10/01/2012,HFD,CT,ANE,EN,Federal Contract Tower,0,4,12,0,16,0,4,91,0,95,0,8,103,0,111,108,0,108,219
10/02/2012,HFD,CT,ANE,EN,Federal Contract Tower,0,10,17,0,27,0,0,49,0,49,0,10,66,0,76,50,0,50,126
10/03/2012,HFD,CT,ANE,EN,Federal Contract Tower,0,5,6,1,12,0,0,0,0,0,0,5,6,1,12,0,0,0,12
10/04/2012,HFD,CT,ANE,EN,Federal Contract Tower,0,2,12,0,14,0,0,0,0,0,0,2,12,0,14,0,0,0,14
10/05/2012,HFD,CT,ANE,EN,Federal Contract Tower,0,0,14,0,14,0,4,158,0,162,0,4,172,0,176,134,0,134,310
10/06/2012,HFD,CT,ANE,EN,Federal Contract Tower,0,0,9,0,9,0,0,94,0,94,0,0,103,0,103,72,0,72,175
10/07/2012,HFD,CT,ANE,EN,Federal Contract Tower,0,0,8,0,8,0,4,110,0,114,0,4,118,0,122,118,0,118,240
10/08/2012,HFD,CT,ANE,EN,Federal Contract Tower,0,1,13,0,14,0,2,111,0,113,0,3,124,0,127,84,0,84,211
10/09/2012,HFD,CT,ANE,EN,Federal Contract Tower,0,7,16,1,24,0,1,71,0,72,0,8,87,1,96,194,0,194,290
10/10/2012,HFD,CT,ANE,EN,Federal Contract Tower,0,2,19,0,21,0,4,19,0,23,0,6,38,0,44,8,0,8,52
10/11/2012,HFD,CT,ANE,EN,Federal Contract Tower,0,4,14,0,18,0,4,116,0,120,0,8,130,0,138,112,2,114,252
10/12/2012,HFD,CT,ANE,EN,Federal Contract Tower,0,1,20,0,21,0,4,61,0,65,0,5,81,0,86,92,0,92,178
10/13/2012,HFD,CT,ANE,EN,Federal Contract Tower,0,0,10,0,10,0,0,157,0,157,0,0,167,0,167,48,0,48,215
10/14/2012,HFD,CT,ANE,EN,Federal Contract Tower,0,0,3,0,3,0,0,64,0,64,0,0,67,0,67,64,0,64,131
10/15/2012,HFD,CT,ANE,EN,Federal Contract Tower,0,1,12,0,13,0,0,34,0,34,0,1,46,0,47,40,0,40,87
10/16/2012,HFD,CT,ANE,EN,Federal Contract Tower,0,6,4,0,10,0,4,68,0,72,0,10,72,0,82,12,0,12,94
10/17/2012,HFD,CT,ANE,EN,Federal Contract Tower,0,4,19,0,23,0,4,129,2,135,0,8,148,2,158,124,0,124,282
10/18/2012,HFD,CT,ANE,EN,Federal Contract Tower,0,6,19,0,25,0,2,133,0,135,0,8,152,0,160,86,2,88,248
10/19/2012,HFD,CT,ANE,EN,Federal Contract Tower,0,1,13,0,14,0,0,0,0,0,0,1,13,0,14,0,0,0,14
10/20/2012,HFD,CT,ANE,EN,Federal Contract Tower,0,2,16,0,18,0,0,130,0,130,0,2,146,0,148,102,0,102,250
10/21/2012,HFD,CT,ANE,EN,Federal Contract Tower,0,0,15,0,15,0,0,110,0,110,0,0,125,0,125,108,0,108,233
10/22/2012,HFD,CT,ANE,EN,Federal Contract Tower,0,2,9,0,11,0,3,107,0,110,0,5,116,0,121,73,0,73,194
10/23/2012,HFD,CT,ANE,EN,Federal Contract Tower,0,6,9,0,15,0,2,95,0,97,0,8,104,0,112,42,0,42,154
10/24/2012,HFD,CT,ANE,EN,Federal Contract Tower,0,6,26,0,32,0,1,89,0,90,0,7,115,0,122,88,0,88,210
10/25/2012,HFD,CT,ANE,EN,Federal Contract Tower,0,10,14,0,24,0,2,91,0,93,0,12,105,0,117,46,0,46,163
10/26/2012,HFD,CT,ANE,EN,Federal Contract Tower,0,4,16,0,20,0,2,132,0,134,0,6,148,0,154,120,0,120,274
10/27/2012,HFD,CT,ANE,EN,Federal Contract Tower,0,0,32,0,32,0,0,99,0,99,0,0,131,0,131,176,0,176,307
10/28/2012,HFD,CT,ANE,EN,Federal Contract Tower,0,0,18,0,18,0,0,14,0,14,0,0,32,0,32,40,0,40,72
10/29/2012,HFD,CT,ANE,EN,Federal Contract Tower,0,0,0,0,0,0,0,0,0,0,0,0,0,0,0,0,0,0,0
10/30/2012,HFD,CT,ANE,EN,Federal Contract Tower,0,1,0,0,1,0,1,8,0,9,0,2,8,0,10,0,0,0,10
10/31/2012,HFD,CT,ANE,EN,Federal Contract Tower,0,5,8,0,13,0,0,46,0,46,0,5,54,0,59,24,0,24,83
11/01/2012,HFD,CT,ANE,EN,Federal Contract Tower,0,5,9,0,14,0,0,71,0,71,0,5,80,0,85,80,0,80,165
11/02/2012,HFD,CT,ANE,EN,Federal Contract Tower,0,4,4,0,8,0,0,74,0,74,0,4,78,0,82,116,0,116,198
11/03/2012,HFD,CT,ANE,EN,Federal Contract Tower,0,5,11,0,16,0,0,107,0,107,0,5,118,0,123,120,0,120,243
11/04/2012,HFD,CT,ANE,EN,Federal Contract Tower,0,0,5,0,5,0,0,135,0,135,0,0,140,0,140,122,0,122,262
11/05/2012,HFD,CT,ANE,EN,Federal Contract Tower,0,3,8,0,11,0,0,93,0,93,0,3,101,0,104,48,0,48,152
11/06/2012,HFD,CT,ANE,EN,Federal Contract Tower,0,8,6,1,15,0,0,140,0,140,0,8,146,1,155,206,0,206,361
11/07/2012,HFD,CT,ANE,EN,Federal Contract Tower,0,1,0,0,1,0,0,7,0,7,0,1,7,0,8,20,0,20,28
11/08/2012,HFD,CT,ANE,EN,Federal Contract Tower,0,6,6,0,12,0,0,7,8,15,0,6,13,8,27,44,0,44,71
11/09/2012,HFD,CT,ANE,EN,Federal Contract Tower,0,1,5,0,6,0,1,99,0,100,0,2,104,0,106,74,0,74,180
11/10/2012,HFD,CT,ANE,EN,Federal Contract Tower,0,0,8,0,8,0,0,173,0,173,0,0,181,0,181,104,0,104,285
11/11/2012,HFD,CT,ANE,EN,Federal Contract Tower,0,0,5,0,5,0,0,143,0,143,0,0,148,0,148,62,0,62,210
11/12/2012,HFD,CT,ANE,EN,Federal Contract Tower,0,7,15,0,22,0,0,87,0,87,0,7,102,0,109,118,0,118,227
11/13/2012,HFD,CT,ANE,EN,Federal Contract Tower,0,4,8,0,12,0,0,24,0,24,0,4,32,0,36,56,0,56,92
11/14/2012,HFD,CT,ANE,EN,Federal Contract Tower,0,4,15,0,19,0,2,99,0,101,0,6,114,0,120,74,0,74,194
11/15/2012,HFD,CT,ANE,EN,Federal Contract Tower,0,3,10,0,13,0,0,88,0,88,0,3,98,0,101,48,0,48,149
11/16/2012,HFD,CT,ANE,EN,Federal Contract Tower,0,4,6,0,10,0,2,118,0,120,0,6,124,0,130,96,0,96,226
11/17/2012,HFD,CT,ANE,EN,Federal Contract Tower,0,3,8,0,11,0,0,120,0,120,0,3,128,0,131,128,0,128,259
11/18/2012,HFD,CT,ANE,EN,Federal Contract Tower,0,3,12,0,15,0,0,158,0,158,0,3,170,0,173,132,0,132,305
11/19/2012,HFD,CT,ANE,EN,Federal Contract Tower,0,6,8,0,14,0,2,118,0,120,0,8,126,0,134,98,0,98,232
11/20/2012,HFD,CT,ANE,EN,Federal Contract Tower,0,4,13,0,17,0,6,118,0,124,0,10,131,0,141,104,0,104,245
11/21/2012,HFD,CT,ANE,EN,Federal Contract Tower,0,8,9,0,17,0,2,120,0,122,0,10,129,0,139,64,0,64,203
11/22/2012,HFD,CT,ANE,EN,Federal Contract Tower,0,0,2,0,2,0,0,27,0,27,0,0,29,0,29,6,0,6,35
11/23/2012,HFD,CT,ANE,EN,Federal Contract Tower,0,0,6,0,6,0,0,81,0,81,0,0,87,0,87,148,0,148,235
11/24/2012,HFD,CT,ANE,EN,Federal Contract Tower,0,0,3,0,3,0,2,50,0,52,0,2,53,0,55,58,0,58,113
11/25/2012,HFD,CT,ANE,EN,Federal Contract Tower,0,1,7,0,8,0,1,54,0,55,0,2,61,0,63,90,0,90,153
11/26/2012,HFD,CT,ANE,EN,Federal Contract Tower,0,5,7,0,12,0,2,76,0,78,0,7,83,0,90,104,0,104,194
11/27/2012,HFD,CT,ANE,EN,Federal Contract Tower,0,4,0,0,4,0,0,2,0,2,0,4,2,0,6,0,0,0,6
11/28/2012,HFD,CT,ANE,EN,Federal Contract Tower,0,6,7,0,13,0,2,66,0,68,0,8,73,0,81,18,8,26,107
11/29/2012,HFD,CT,ANE,EN,Federal Contract Tower,0,6,10,0,16,0,0,85,0,85,0,6,95,0,101,82,0,82,183
11/30/2012,HFD,CT,ANE,EN,Federal Contract Tower,0,4,9,0,13,0,0,64,0,64,0,4,73,0,77,78,0,78,155
12/01/2012,HFD,CT,ANE,EN,Federal Contract Tower,0,0,3,0,3,0,0,4,0,4,0,0,7,0,7,20,0,20,27
12/02/2012,HFD,CT,ANE,EN,Federal Contract Tower,0,0,10,0,10,0,0,12,0,12,0,0,22,0,22,40,0,40,62
12/03/2012,HFD,CT,ANE,EN,Federal Contract Tower,0,4,11,0,15,0,0,111,0,111,0,4,122,0,126,112,0,112,238
12/04/2012,HFD,CT,ANE,EN,Federal Contract Tower,0,7,20,3,30,0,0,7,0,7,0,7,27,3,37,2,0,2,39
12/05/2012,HFD,CT,ANE,EN,Federal Contract Tower,0,4,7,0,11,0,4,97,0,101,0,8,104,0,112,58,0,58,170
12/06/2012,HFD,CT,ANE,EN,Federal Contract Tower,0,6,9,0,15,0,0,108,0,108,0,6,117,0,123,92,0,92,215
12/07/2012,HFD,CT,ANE,EN,Federal Contract Tower,0,5,6,0,11,0,0,23,2,25,0,5,29,2,36,58,0,58,94
12/08/2012,HFD,CT,ANE,EN,Federal Contract Tower,0,0,13,0,13,0,0,0,0,0,0,0,13,0,13,0,0,0,13
12/09/2012,HFD,CT,ANE,EN,Federal Contract Tower,0,0,12,0,12,0,0,139,0,139,0,0,151,0,151,100,0,100,251
12/10/2012,HFD,CT,ANE,EN,Federal Contract Tower,0,2,0,0,2,0,0,0,0,0,0,2,0,0,2,0,0,0,2
12/11/2012,HFD,CT,ANE,EN,Federal Contract Tower,0,4,8,0,12,0,2,102,0,104,0,6,110,0,116,70,0,70,186
12/12/2012,HFD,CT,ANE,EN,Federal Contract Tower,0,6,3,0,9,0,2,116,0,118,0,8,119,0,127,30,0,30,157
12/13/2012,HFD,CT,ANE,EN,Federal Contract Tower,0,7,9,0,16,0,1,98,0,99,0,8,107,0,115,80,0,80,195
12/14/2012,HFD,CT,ANE,EN,Federal Contract Tower,0,0,9,0,9,0,2,100,0,102,0,2,109,0,111,82,0,82,193
12/15/2012,HFD,CT,ANE,EN,Federal Contract Tower,0,0,8,0,8,0,0,162,0,162,0,0,170,0,170,152,0,152,322
12/16/2012,HFD,CT,ANE,EN,Federal Contract Tower,0,0,8,0,8,0,0,9,0,9,0,0,17,0,17,38,0,38,55
12/17/2012,HFD,CT,ANE,EN,Federal Contract Tower,0,2,12,0,14,0,0,0,0,0,0,2,12,0,14,0,0,0,14
12/18/2012,HFD,CT,ANE,EN,Federal Contract Tower,0,8,15,0,23,0,0,2,0,2,0,8,17,0,25,0,0,0,25
12/19/2012,HFD,CT,ANE,EN,Federal Contract Tower,0,6,7,0,13,0,2,26,0,28,0,8,33,0,41,30,0,30,71
12/20/2012,HFD,CT,ANE,EN,Federal Contract Tower,0,6,14,0,20,0,0,73,0,73,0,6,87,0,93,108,0,108,201
12/21/2012,HFD,CT,ANE,EN,Federal Contract Tower,0,2,0,0,2,0,0,0,0,0,0,2,0,0,2,0,0,0,2
12/22/2012,HFD,CT,ANE,EN,Federal Contract Tower,0,0,0,0,0,0,0,17,2,19,0,0,17,2,19,10,0,10,29
12/23/2012,HFD,CT,ANE,EN,Federal Contract Tower,0,0,3,0,3,0,0,70,0,70,0,0,73,0,73,138,0,138,211
12/24/2012,HFD,CT,ANE,EN,Federal Contract Tower,0,2,5,0,7,0,0,87,0,87,0,2,92,0,94,52,0,52,146
12/25/2012,HFD,CT,ANE,EN,Federal Contract Tower,0,0,2,0,2,0,0,2,0,2,0,0,4,0,4,0,0,0,4
12/26/2012,HFD,CT,ANE,EN,Federal Contract Tower,0,0,3,0,3,0,0,32,0,32,0,0,35,0,35,12,0,12,47
12/27/2012,HFD,CT,ANE,EN,Federal Contract Tower,0,2,0,0,2,0,0,0,0,0,0,2,0,0,2,0,0,0,2
12/28/2012,HFD,CT,ANE,EN,Federal Contract Tower,0,0,7,0,7,0,2,81,0,83,0,2,88,0,90,74,0,74,164
12/29/2012,HFD,CT,ANE,EN,Federal Contract Tower,0,0,1,0,1,0,0,37,0,37,0,0,38,0,38,116,0,116,154
12/30/2012,HFD,CT,ANE,EN,Federal Contract Tower,0,0,0,0,0,0,0,2,0,2,0,0,2,0,2,0,0,0,2
12/31/2012,HFD,CT,ANE,EN,Federal Contract Tower,0,2,3,0,5,0,0,63,0,63,0,2,66,0,68,20,0,20,88
01/01/2013,HFD,CT,ANE,EN,Federal Contract Tower,0,0,3,0,3,0,0,57,0,57,0,0,60,0,60,80,0,80,140
01/02/2013,HFD,CT,ANE,EN,Federal Contract Tower,0,3,1,0,4,0,2,63,0,65,0,5,64,0,69,88,0,88,157
01/03/2013,HFD,CT,ANE,EN,Federal Contract Tower,0,6,5,0,11,0,56,0,0,56,0,62,5,0,67,110,0,110,177
01/04/2013,HFD,CT,ANE,EN,Federal Contract Tower,0,2,4,0,6,0,2,52,0,54,0,4,56,0,60,26,0,26,86
01/05/2013,HFD,CT,ANE,EN,Federal Contract Tower,0,0,4,0,4,0,0,127,0,127,0,0,131,0,131,150,0,150,281
01/06/2013,HFD,CT,ANE,EN,Federal Contract Tower,0,0,7,0,7,0,0,135,0,135,0,0,142,0,142,96,0,96,238
01/07/2013,HFD,CT,ANE,EN,Federal Contract Tower,0,2,4,0,6,0,2,95,0,97,0,4,99,0,103,62,0,62,165
01/08/2013,HFD,CT,ANE,EN,Federal Contract Tower,0,5,3,0,8,0,0,92,0,92,0,5,95,0,100,104,0,104,204
01/09/2013,HFD,CT,ANE,EN,Federal Contract Tower,0,5,7,0,12,0,2,67,0,69,0,7,74,0,81,40,2,42,123
01/10/2013,HFD,CT,ANE,EN,Federal Contract Tower,0,3,4,0,7,0,2,76,0,78,0,5,80,0,85,46,0,46,131
01/11/2013,HFD,CT,ANE,EN,Federal Contract Tower,0,2,3,0,5,0,0,33,0,33,0,2,36,0,38,64,0,64,102
01/12/2013,HFD,CT,ANE,EN,Federal Contract Tower,0,0,4,0,4,0,0,0,0,0,0,0,4,0,4,0,0,0,4
01/13/2013,HFD,CT,ANE,EN,Federal Contract Tower,0,0,4,0,4,0,0,8,0,8,0,0,12,0,12,26,0,26,38
01/14/2013,HFD,CT,ANE,EN,Federal Contract Tower,0,9,9,0,18,0,0,48,0,48,0,9,57,0,66,62,0,62,128
01/15/2013,HFD,CT,ANE,EN,Federal Contract Tower,0,10,2,0,12,0,1,78,4,83,0,11,80,4,95,90,0,90,185
01/16/2013,HFD,CT,ANE,EN,Federal Contract Tower,0,1,0,0,1,0,0,0,0,0,0,1,0,0,1,0,0,0,1
01/17/2013,HFD,CT,ANE,EN,Federal Contract Tower,0,11,12,0,23,0,2,73,0,75,0,13,85,0,98,62,0,62,160
01/18/2013,HFD,CT,ANE,EN,Federal Contract Tower,0,1,3,0,4,0,2,94,1,97,0,3,97,1,101,74,0,74,175
01/19/2013,HFD,CT,ANE,EN,Federal Contract Tower,0,0,5,0,5,0,0,116,0,116,0,0,121,0,121,86,0,86,207
01/20/2013,HFD,CT,ANE,EN,Federal Contract Tower,0,0,0,0,0,0,0,19,0,19,0,0,19,0,19,6,0,6,25
01/21/2013,HFD,CT,ANE,EN,Federal Contract Tower,0,6,10,0,16,0,0,75,0,75,0,6,85,0,91,70,0,70,161
01/22/2013,HFD,CT,ANE,EN,Federal Contract Tower,0,4,5,0,9,0,2,26,0,28,0,6,31,0,37,22,0,22,59
01/23/2013,HFD,CT,ANE,EN,Federal Contract Tower,0,4,4,0,8,0,2,44,0,46,0,6,48,0,54,18,2,20,74
01/24/2013,HFD,CT,ANE,EN,Federal Contract Tower,0,7,10,0,17,0,2,21,0,23,0,9,31,0,40,10,0,10,50
01/25/2013,HFD,CT,ANE,EN,Federal Contract Tower,0,2,1,0,3,0,0,52,0,52,0,2,53,0,55,46,0,46,101
01/26/2013,HFD,CT,ANE,EN,Federal Contract Tower,0,0,4,0,4,0,0,92,0,92,0,0,96,0,96,70,0,70,166
01/27/2013,HFD,CT,ANE,EN,Federal Contract Tower,0,0,11,2,13,0,0,82,0,82,0,0,93,2,95,72,0,72,167
01/28/2013,HFD,CT,ANE,EN,Federal Contract Tower,0,2,2,0,4,0,0,13,0,13,0,2,15,0,17,8,0,8,25
01/29/2013,HFD,CT,ANE,EN,Federal Contract Tower,0,4,16,0,20,0,0,3,0,3,0,4,19,0,23,0,0,0,23
01/30/2013,HFD,CT,ANE,EN,Federal Contract Tower,0,0,0,0,0,0,0,0,0,0,0,0,0,0,0,0,0,0,0
01/31/2013,HFD,CT,ANE,EN,Federal Contract Tower,0,6,4,0,10,0,0,11,0,11,0,6,15,0,21,0,0,0,21
02/01/2013,HFD,CT,ANE,EN,Federal Contract Tower,0,0,8,0,8,0,2,56,0,58,0,2,64,0,66,32,0,32,98
02/02/2013,HFD,CT,ANE,EN,Federal Contract Tower,0,2,5,0,7,0,0,136,0,136,0,2,141,0,143,180,0,180,323
02/03/2013,HFD,CT,ANE,EN,Federal Contract Tower,0,0,5,0,5,0,0,63,0,63,0,0,68,0,68,122,0,122,190
02/04/2013,HFD,CT,ANE,EN,Federal Contract Tower,0,8,3,0,11,0,0,44,0,44,0,8,47,0,55,16,0,16,71
02/05/2013,HFD,CT,ANE,EN,Federal Contract Tower,0,4,5,0,9,0,0,44,0,44,0,4,49,0,53,84,0,84,137
02/06/2013,HFD,CT,ANE,EN,Federal Contract Tower,0,4,8,0,12,0,2,65,0,67,0,6,73,0,79,48,0,48,127
02/07/2013,HFD,CT,ANE,EN,Federal Contract Tower,0,7,15,0,22,0,0,90,0,90,0,7,105,0,112,54,0,54,166
02/08/2013,HFD,CT,ANE,EN,Federal Contract Tower,0,0,0,0,0,0,0,0,0,0,0,0,0,0,0,0,0,0,0
02/09/2013,HFD,CT,ANE,EN,Federal Contract Tower,0,0,1,0,1,0,0,4,0,4,0,0,5,0,5,0,0,0,5
02/10/2013,HFD,CT,ANE,EN,Federal Contract Tower,0,0,1,0,1,0,0,4,0,4,0,0,5,0,5,10,0,10,15
02/11/2013,HFD,CT,ANE,EN,Federal Contract Tower,0,2,2,0,4,0,0,0,0,0,0,2,2,0,4,0,0,0,4
02/12/2013,HFD,CT,ANE,EN,Federal Contract Tower,0,2,5,2,9,0,1,21,0,22,0,3,26,2,31,2,0,2,33
02/13/2013,HFD,CT,ANE,EN,Federal Contract Tower,0,6,6,0,12,0,91,0,0,91,0,97,6,0,103,22,0,22,125
02/14/2013,HFD,CT,ANE,EN,Federal Contract Tower,0,0,2,0,2,0,2,60,0,62,0,2,62,0,64,4,0,4,68
02/15/2013,HFD,CT,ANE,EN,Federal Contract Tower,0,2,8,0,10,0,0,68,0,68,0,2,76,0,78,44,0,44,122
02/16/2013,HFD,CT,ANE,EN,Federal Contract Tower,0,0,7,0,7,0,0,54,0,54,0,0,61,0,61,108,0,108,169
02/17/2013,HFD,CT,ANE,EN,Federal Contract Tower,0,0,1,0,1,0,0,4,0,4,0,0,5,0,5,10,0,10,15
02/18/2013,HFD,CT,ANE,EN,Federal Contract Tower,0,4,2,0,6,0,2,48,0,50,0,6,50,0,56,0,0,0,56
02/19/2013,HFD,CT,ANE,EN,Federal Contract Tower,0,6,4,0,10,0,0,40,0,40,0,6,44,0,50,16,0,16,66
02/20/2013,HFD,CT,ANE,EN,Federal Contract Tower,0,6,4,0,10,0,0,35,2,37,0,6,39,2,47,6,0,6,53
02/21/2013,HFD,CT,ANE,EN,Federal Contract Tower,0,8,5,0,13,0,2,38,0,40,0,10,43,0,53,2,0,2,55
02/22/2013,HFD,CT,ANE,EN,Federal Contract Tower,0,2,10,0,12,0,0,122,0,122,0,2,132,0,134,118,0,118,252
02/23/2013,HFD,CT,ANE,EN,Federal Contract Tower,0,0,2,0,2,0,0,7,0,7,0,0,9,0,9,40,0,40,49
02/24/2013,HFD,CT,ANE,EN,Federal Contract Tower,0,0,6,0,6,0,0,0,0,0,0,0,6,0,6,0,0,0,6
02/25/2013,HFD,CT,ANE,EN,Federal Contract Tower,0,5,7,0,12,0,0,135,0,135,0,5,142,0,147,146,0,146,293
02/26/2013,HFD,CT,ANE,EN,Federal Contract Tower,0,5,3,2,10,0,0,71,0,71,0,5,74,2,81,82,0,82,163
02/27/2013,HFD,CT,ANE,EN,Federal Contract Tower,0,3,4,0,7,0,0,0,0,0,0,3,4,0,7,0,0,0,7
02/28/2013,HFD,CT,ANE,EN,Federal Contract Tower,0,6,6,0,12,0,0,33,0,33,0,6,39,0,45,32,0,32,77
03/01/2013,HFD,CT,ANE,EN,Federal Contract Tower,0,2,9,0,11,0,0,60,0,60,0,2,69,0,71,34,0,34,105
03/02/2013,HFD,CT,ANE,EN,Federal Contract Tower,0,0,5,0,5,0,0,98,0,98,0,0,103,0,103,124,0,124,227
03/03/2013,HFD,CT,ANE,EN,Federal Contract Tower,0,0,3,0,3,0,0,74,0,74,0,0,77,0,77,122,0,122,199
03/04/2013,HFD,CT,ANE,EN,Federal Contract Tower,0,6,3,0,9,0,2,59,0,61,0,8,62,0,70,28,0,28,98
03/05/2013,HFD,CT,ANE,EN,Federal Contract Tower,0,7,6,0,13,0,2,115,0,117,0,9,121,0,130,106,0,106,236
03/06/2013,HFD,CT,ANE,EN,Federal Contract Tower,0,8,4,0,12,0,0,24,0,24,0,8,28,0,36,0,0,0,36
03/07/2013,HFD,CT,ANE,EN,Federal Contract Tower,0,4,2,0,6,0,0,0,0,0,0,4,2,0,6,0,0,0,6
03/08/2013,HFD,CT,ANE,EN,Federal Contract Tower,0,0,2,0,2,0,2,6,0,8,0,2,8,0,10,18,0,18,28
03/09/2013,HFD,CT,ANE,EN,Federal Contract Tower,0,0,9,0,9,0,0,115,0,115,0,0,124,0,124,70,0,70,194
03/10/2013,HFD,CT,ANE,EN,Federal Contract Tower,0,0,7,0,7,0,0,117,0,117,0,0,124,0,124,128,0,128,252
03/11/2013,HFD,CT,ANE,EN,Federal Contract Tower,0,7,23,0,30,0,0,58,0,58,0,7,81,0,88,34,0,34,122
03/12/2013,HFD,CT,ANE,EN,Federal Contract Tower,0,5,4,0,9,0,0,3,0,3,0,5,7,0,12,10,0,10,22
03/13/2013,HFD,CT,ANE,EN,Federal Contract Tower,0,4,9,0,13,0,3,145,0,148,0,7,154,0,161,66,0,66,227
03/14/2013,HFD,CT,ANE,EN,Federal Contract Tower,0,6,1,0,7,0,2,35,0,37,0,8,36,0,44,18,0,18,62
03/15/2013,HFD,CT,ANE,EN,Federal Contract Tower,0,2,7,0,9,0,1,82,0,83,0,3,89,0,92,76,0,76,168
03/16/2013,HFD,CT,ANE,EN,Federal Contract Tower,0,0,3,0,3,0,0,114,0,114,0,0,117,0,117,102,2,104,221
03/17/2013,HFD,CT,ANE,EN,Federal Contract Tower,0,1,6,0,7,0,0,81,0,81,0,1,87,0,88,42,0,42,130
03/18/2013,HFD,CT,ANE,EN,Federal Contract Tower,0,2,1,0,3,0,2,64,0,66,0,4,65,0,69,32,0,32,101
03/19/2013,HFD,CT,ANE,EN,Federal Contract Tower,0,2,2,0,4,0,0,0,0,0,0,2,2,0,4,0,0,0,4
03/20/2013,HFD,CT,ANE,EN,Federal Contract Tower,0,5,6,0,11,0,0,62,0,62,0,5,68,0,73,38,0,38,111
03/21/2013,HFD,CT,ANE,EN,Federal Contract Tower,0,6,1,0,7,0,0,54,0,54,0,6,55,0,61,66,2,68,129
03/22/2013,HFD,CT,ANE,EN,Federal Contract Tower,0,3,3,1,7,0,2,60,0,62,0,5,63,1,69,24,0,24,93
03/23/2013,HFD,CT,ANE,EN,Federal Contract Tower,0,2,9,0,11,0,0,58,0,58,0,2,67,0,69,82,0,82,151
03/24/2013,HFD,CT,ANE,EN,Federal Contract Tower,0,2,5,0,7,0,0,98,0,98,0,2,103,0,105,66,0,66,171
03/25/2013,HFD,CT,ANE,EN,Federal Contract Tower,0,8,3,0,11,0,0,41,0,41,0,8,44,0,52,26,0,26,78
03/26/2013,HFD,CT,ANE,EN,Federal Contract Tower,0,6,4,0,10,0,2,75,0,77,0,8,79,0,87,74,0,74,161
03/27/2013,HFD,CT,ANE,EN,Federal Contract Tower,0,4,8,0,12,0,1,96,0,97,0,5,104,0,109,84,0,84,193
03/28/2013,HFD,CT,ANE,EN,Federal Contract Tower,0,4,1,0,5,0,4,50,0,54,0,8,51,0,59,42,0,42,101
03/29/2013,HFD,CT,ANE,EN,Federal Contract Tower,0,0,10,0,10,0,4,103,0,107,0,4,113,0,117,128,0,128,245
03/30/2013,HFD,CT,ANE,EN,Federal Contract Tower,0,0,2,0,2,0,0,189,0,189,0,0,191,0,191,24,0,24,215
03/31/2013,HFD,CT,ANE,EN,Federal Contract Tower,0,0,1,0,1,0,3,74,0,77,0,3,75,0,78,62,0,62,140
04/01/2013,HFD,CT,ANE,EN,Federal Contract Tower,0,5,5,0,10,0,1,59,0,60,0,6,64,0,70,60,0,60,130
04/02/2013,HFD,CT,ANE,EN,Federal Contract Tower,0,4,6,0,10,0,2,50,0,52,0,6,56,0,62,46,0,46,108
04/03/2013,HFD,CT,ANE,EN,Federal Contract Tower,0,4,2,0,6,0,2,30,0,32,0,6,32,0,38,12,0,12,50
04/04/2013,HFD,CT,ANE,EN,Federal Contract Tower,0,6,7,0,13,0,0,111,0,111,0,6,118,0,124,158,0,158,282
04/05/2013,HFD,CT,ANE,EN,Federal Contract Tower,0,3,14,0,17,0,1,95,0,96,0,4,109,0,113,92,0,92,205
04/06/2013,HFD,CT,ANE,EN,Federal Contract Tower,0,0,10,0,10,0,0,133,0,133,0,0,143,0,143,110,0,110,253
04/07/2013,HFD,CT,ANE,EN,Federal Contract Tower,0,2,7,0,9,0,0,41,0,41,0,2,48,0,50,28,0,28,78
04/08/2013,HFD,CT,ANE,EN,Federal Contract Tower,0,7,5,0,12,0,2,74,0,76,0,9,79,0,88,82,0,82,170
04/09/2013,HFD,CT,ANE,EN,Federal Contract Tower,0,6,2,0,8,0,0,66,0,66,0,6,68,0,74,118,0,118,192
04/10/2013,HFD,CT,ANE,EN,Federal Contract Tower,0,5,11,0,16,0,0,52,0,52,0,5,63,0,68,100,0,100,168
04/11/2013,HFD,CT,ANE,EN,Federal Contract Tower,0,11,14,0,25,0,0,47,0,47,0,11,61,0,72,36,0,36,108
04/12/2013,HFD,CT,ANE,EN,Federal Contract Tower,0,3,3,0,6,0,0,2,0,2,0,3,5,0,8,6,0,6,14
04/13/2013,HFD,CT,ANE,EN,Federal Contract Tower,0,0,7,0,7,0,89,0,0,89,0,89,7,0,96,124,0,124,220
04/14/2013,HFD,CT,ANE,EN,Federal Contract Tower,0,0,9,0,9,0,0,95,0,95,0,0,104,0,104,96,0,96,200
04/15/2013,HFD,CT,ANE,EN,Federal Contract Tower,0,6,7,0,13,0,0,104,0,104,0,6,111,0,117,82,0,82,199
04/16/2013,HFD,CT,ANE,EN,Federal Contract Tower,0,6,11,0,17,0,0,88,0,88,0,6,99,0,105,64,0,64,169
04/17/2013,HFD,CT,ANE,EN,Federal Contract Tower,0,5,10,0,15,0,1,86,0,87,0,6,96,0,102,34,0,34,136
04/18/2013,HFD,CT,ANE,EN,Federal Contract Tower,0,10,9,0,19,0,0,80,0,80,0,10,89,0,99,82,0,82,181
04/19/2013,HFD,CT,ANE,EN,Federal Contract Tower,0,1,14,0,15,0,0,2,0,2,0,1,16,0,17,0,0,0,17
04/20/2013,HFD,CT,ANE,EN,Federal Contract Tower,0,0,2,0,2,0,0,74,0,74,0,0,76,0,76,62,0,62,138
04/21/2013,HFD,CT,ANE,EN,Federal Contract Tower,0,0,7,0,7,0,0,116,0,116,0,0,123,0,123,132,0,132,255
04/22/2013,HFD,CT,ANE,EN,Federal Contract Tower,0,6,6,0,12,0,0,104,0,104,0,6,110,0,116,100,0,100,216
04/23/2013,HFD,CT,ANE,EN,Federal Contract Tower,0,5,21,0,26,0,0,31,0,31,0,5,52,0,57,148,0,148,205
04/24/2013,HFD,CT,ANE,EN,Federal Contract Tower,0,7,6,0,13,0,0,101,0,101,0,7,107,0,114,94,0,94,208
04/25/2013,HFD,CT,ANE,EN,Federal Contract Tower,0,6,6,0,12,0,0,93,0,93,0,6,99,0,105,96,0,96,201
04/26/2013,HFD,CT,ANE,EN,Federal Contract Tower,0,3,12,0,15,0,1,108,0,109,0,4,120,0,124,108,0,108,232
04/27/2013,HFD,CT,ANE,EN,Federal Contract Tower,0,0,11,0,11,0,0,126,0,126,0,0,137,0,137,138,0,138,275
04/28/2013,HFD,CT,ANE,EN,Federal Contract Tower,0,0,15,0,15,0,0,101,0,101,0,0,116,0,116,57,0,57,173
04/29/2013,HFD,CT,ANE,EN,Federal Contract Tower,0,7,11,0,18,0,0,89,0,89,0,7,100,0,107,58,0,58,165
04/30/2013,HFD,CT,ANE,EN,Federal Contract Tower,0,4,6,0,10,0,2,112,0,114,0,6,118,0,124,68,0,68,192
05/01/2013,HFD,CT,ANE,EN,Federal Contract Tower,0,8,4,0,12,0,2,147,0,149,0,10,151,0,161,146,0,146,307
05/02/2013,HFD,CT,ANE,EN,Federal Contract Tower,0,6,7,0,13,0,2,120,0,122,0,8,127,0,135,144,0,144,279
05/03/2013,HFD,CT,ANE,EN,Federal Contract Tower,0,2,6,0,8,0,2,103,0,105,0,4,109,0,113,98,0,98,211
05/04/2013,HFD,CT,ANE,EN,Federal Contract Tower,0,0,6,0,6,0,0,212,0,212,0,0,218,0,218,82,0,82,300
05/05/2013,HFD,CT,ANE,EN,Federal Contract Tower,0,0,9,0,9,0,0,142,0,142,0,0,151,0,151,92,0,92,243
05/06/2013,HFD,CT,ANE,EN,Federal Contract Tower,0,4,9,0,13,0,2,77,0,79,0,6,86,0,92,44,0,44,136
05/07/2013,HFD,CT,ANE,EN,Federal Contract Tower,0,8,7,0,15,0,2,85,2,89,0,10,92,2,104,46,0,46,150
05/08/2013,HFD,CT,ANE,EN,Federal Contract Tower,0,11,13,0,24,0,0,20,0,20,0,11,33,0,44,68,0,68,112
05/09/2013,HFD,CT,ANE,EN,Federal Contract Tower,0,10,7,0,17,0,0,7,2,9,0,10,14,2,26,20,0,20,46
05/10/2013,HFD,CT,ANE,EN,Federal Contract Tower,0,2,5,0,7,0,1,137,0,138,0,3,142,0,145,96,0,96,241
05/11/2013,HFD,CT,ANE,EN,Federal Contract Tower,0,1,15,0,16,0,0,4,0,4,0,1,19,0,20,18,0,18,38
05/12/2013,HFD,CT,ANE,EN,Federal Contract Tower,0,0,13,0,13,0,0,70,0,70,0,0,83,0,83,64,0,64,147
05/13/2013,HFD,CT,ANE,EN,Federal Contract Tower,0,2,6,0,8,0,2,99,0,101,0,4,105,0,109,66,0,66,175
05/14/2013,HFD,CT,ANE,EN,Federal Contract Tower,0,8,9,0,17,0,2,90,0,92,0,10,99,0,109,36,0,36,145
05/15/2013,HFD,CT,ANE,EN,Federal Contract Tower,0,5,8,0,13,0,2,66,0,68,0,7,74,0,81,70,0,70,151
05/16/2013,HFD,CT,ANE,EN,Federal Contract Tower,0,7,10,0,17,0,2,52,4,58,0,9,62,4,75,48,8,56,131
05/17/2013,HFD,CT,ANE,EN,Federal Contract Tower,0,3,10,0,13,0,2,110,0,112,0,5,120,0,125,80,0,80,205
05/18/2013,HFD,CT,ANE,EN,Federal Contract Tower,0,0,11,0,11,0,0,130,0,130,0,0,141,0,141,164,0,164,305
05/19/2013,HFD,CT,ANE,EN,Federal Contract Tower,0,0,14,0,14,0,0,31,0,31,0,0,45,0,45,106,0,106,151
05/20/2013,HFD,CT,ANE,EN,Federal Contract Tower,0,6,19,0,25,0,0,71,0,71,0,6,90,0,96,106,0,106,202
05/21/2013,HFD,CT,ANE,EN,Federal Contract Tower,0,6,17,1,24,0,0,83,0,83,0,6,100,1,107,116,0,116,223
05/22/2013,HFD,CT,ANE,EN,Federal Contract Tower,0,9,19,0,28,0,0,20,0,20,0,9,39,0,48,42,0,42,90
05/23/2013,HFD,CT,ANE,EN,Federal Contract Tower,0,6,18,0,24,0,0,2,0,2,0,6,20,0,26,0,0,0,26
05/24/2013,HFD,CT,ANE,EN,Federal Contract Tower,0,2,21,0,23,0,0,16,0,16,0,2,37,0,39,18,0,18,57
05/25/2013,HFD,CT,ANE,EN,Federal Contract Tower,0,0,5,0,5,0,0,4,0,4,0,0,9,0,9,6,0,6,15
05/26/2013,HFD,CT,ANE,EN,Federal Contract Tower,0,0,6,0,6,0,0,20,0,20,0,0,26,0,26,66,0,66,92
05/27/2013,HFD,CT,ANE,EN,Federal Contract Tower,0,0,6,0,6,0,0,123,0,123,0,0,129,0,129,108,0,108,237
05/28/2013,HFD,CT,ANE,EN,Federal Contract Tower,0,7,8,0,15,0,0,154,0,154,0,7,162,0,169,172,0,172,341
05/29/2013,HFD,CT,ANE,EN,Federal Contract Tower,0,7,5,0,12,0,0,29,0,29,0,7,34,0,41,70,0,70,111
05/30/2013,HFD,CT,ANE,EN,Federal Contract Tower,0,6,9,0,15,0,2,109,0,111,0,8,118,0,126,56,0,56,182
05/31/2013,HFD,CT,ANE,EN,Federal Contract Tower,0,0,8,0,8,0,2,129,0,131,0,2,137,0,139,110,0,110,249
06/01/2013,HFD,CT,ANE,EN,Federal Contract Tower,0,0,1,0,1,0,0,110,0,110,0,0,111,0,111,74,0,74,185
06/02/2013,HFD,CT,ANE,EN,Federal Contract Tower,0,0,11,0,11,0,0,88,0,88,0,0,99,0,99,48,0,48,147
06/03/2013,HFD,CT,ANE,EN,Federal Contract Tower,0,2,14,0,16,0,2,44,0,46,0,4,58,0,62,96,0,96,158
06/04/2013,HFD,CT,ANE,EN,Federal Contract Tower,0,7,7,1,15,0,2,118,0,120,0,9,125,1,135,94,0,94,229
06/05/2013,HFD,CT,ANE,EN,Federal Contract Tower,0,5,10,0,15,0,2,154,0,156,0,7,164,0,171,140,0,140,311
06/06/2013,HFD,CT,ANE,EN,Federal Contract Tower,0,6,23,0,29,0,0,61,0,61,0,6,84,0,90,54,0,54,144
06/07/2013,HFD,CT,ANE,EN,Federal Contract Tower,0,5,11,0,16,0,0,0,0,0,0,5,11,0,16,0,0,0,16
06/08/2013,HFD,CT,ANE,EN,Federal Contract Tower,0,1,7,0,8,0,0,62,0,62,0,1,69,0,70,96,0,96,166
06/09/2013,HFD,CT,ANE,EN,Federal Contract Tower,0,0,7,0,7,0,0,146,0,146,0,0,153,0,153,106,0,106,259
06/10/2013,HFD,CT,ANE,EN,Federal Contract Tower,0,6,9,0,15,0,0,37,0,37,0,6,46,0,52,40,0,40,92
06/11/2013,HFD,CT,ANE,EN,Federal Contract Tower,0,9,16,0,25,0,0,5,0,5,0,9,21,0,30,0,0,0,30
06/12/2013,HFD,CT,ANE,EN,Federal Contract Tower,0,8,3,0,11,0,2,70,0,72,0,10,73,0,83,36,0,36,119
06/13/2013,HFD,CT,ANE,EN,Federal Contract Tower,0,4,10,0,14,0,0,2,0,2,0,4,12,0,16,0,0,0,16
06/14/2013,HFD,CT,ANE,EN,Federal Contract Tower,0,3,15,0,18,0,1,71,0,72,0,4,86,0,90,58,0,58,148
06/15/2013,HFD,CT,ANE,EN,Federal Contract Tower,0,0,8,0,8,0,0,140,0,140,0,0,148,0,148,124,0,124,272
06/16/2013,HFD,CT,ANE,EN,Federal Contract Tower,0,0,1,0,1,0,0,69,0,69,0,0,70,0,70,72,0,72,142
06/17/2013,HFD,CT,ANE,EN,Federal Contract Tower,0,5,6,0,11,0,2,108,0,110,0,7,114,0,121,54,0,54,175
06/18/2013,HFD,CT,ANE,EN,Federal Contract Tower,0,11,8,0,19,0,0,41,0,41,0,11,49,0,60,40,0,40,100
06/19/2013,HFD,CT,ANE,EN,Federal Contract Tower,0,7,3,0,10,0,2,146,0,148,0,9,149,0,158,122,0,122,280
06/20/2013,HFD,CT,ANE,EN,Federal Contract Tower,0,7,6,0,13,0,2,144,0,146,0,9,150,0,159,52,0,52,211
06/21/2013,HFD,CT,ANE,EN,Federal Contract Tower,0,1,8,0,9,0,2,130,0,132,0,3,138,0,141,88,0,88,229
06/22/2013,HFD,CT,ANE,EN,Federal Contract Tower,0,1,7,0,8,0,0,102,0,102,0,1,109,0,110,90,0,90,200
06/23/2013,HFD,CT,ANE,EN,Federal Contract Tower,0,8,2,0,10,0,0,104,0,104,0,8,106,0,114,126,0,126,240
06/24/2013,HFD,CT,ANE,EN,Federal Contract Tower,0,6,1,0,7,0,2,90,0,92,0,8,91,0,99,60,0,60,159
06/25/2013,HFD,CT,ANE,EN,Federal Contract Tower,0,7,10,0,17,0,0,86,0,86,0,7,96,0,103,36,0,36,139
06/26/2013,HFD,CT,ANE,EN,Federal Contract Tower,0,2,9,0,11,0,0,67,0,67,0,2,76,0,78,108,4,112,190
06/27/2013,HFD,CT,ANE,EN,Federal Contract Tower,0,4,14,0,18,0,0,4,0,4,0,4,18,0,22,20,0,20,42
06/28/2013,HFD,CT,ANE,EN,Federal Contract Tower,0,5,6,0,11,0,0,26,0,26,0,5,32,0,37,44,0,44,81
06/29/2013,HFD,CT,ANE,EN,Federal Contract Tower,0,1,17,0,18,0,0,69,0,69,0,1,86,0,87,128,0,128,215
06/30/2013,HFD,CT,ANE,EN,Federal Contract Tower,0,0,20,0,20,0,0,32,0,32,0,0,52,0,52,58,0,58,110
07/01/2013,HFD,CT,ANE,EN,Federal Contract Tower,0,10,6,0,16,0,0,0,0,0,0,10,6,0,16,0,0,0,16
07/02/2013,HFD,CT,ANE,EN,Federal Contract Tower,0,6,18,0,24,0,0,20,0,20,0,6,38,0,44,8,0,8,52
07/03/2013,HFD,CT,ANE,EN,Federal Contract Tower,0,5,11,0,16,0,1,75,0,76,0,6,86,0,92,36,0,36,128
07/04/2013,HFD,CT,ANE,EN,Federal Contract Tower,0,0,4,0,4,0,0,59,0,59,0,0,63,0,63,74,0,74,137
07/05/2013,HFD,CT,ANE,EN,Federal Contract Tower,0,0,4,0,4,0,2,79,0,81,0,2,83,0,85,34,0,34,119
07/06/2013,HFD,CT,ANE,EN,Federal Contract Tower,0,0,4,0,4,0,0,93,0,93,0,0,97,0,97,110,0,110,207
07/07/2013,HFD,CT,ANE,EN,Federal Contract Tower,0,0,8,0,8,0,0,99,0,99,0,0,107,0,107,84,0,84,191
07/08/2013,HFD,CT,ANE,EN,Federal Contract Tower,0,6,9,0,15,0,1,111,0,112,0,7,120,0,127,64,0,64,191
07/09/2013,HFD,CT,ANE,EN,Federal Contract Tower,0,9,18,0,27,0,0,60,0,60,0,9,78,0,87,108,12,120,207
07/10/2013,HFD,CT,ANE,EN,Federal Contract Tower,0,8,12,0,20,0,2,19,0,21,0,10,31,0,41,20,0,20,61
07/11/2013,HFD,CT,ANE,EN,Federal Contract Tower,0,4,10,0,14,0,2,58,0,60,0,6,68,0,74,68,0,68,142
07/12/2013,HFD,CT,ANE,EN,Federal Contract Tower,0,2,22,0,24,0,0,63,0,63,0,2,85,0,87,64,0,64,151
07/13/2013,HFD,CT,ANE,EN,Federal Contract Tower,0,0,17,0,17,0,0,0,0,0,0,0,17,0,17,4,0,4,21
07/14/2013,HFD,CT,ANE,EN,Federal Contract Tower,0,0,14,0,14,0,0,129,0,129,0,0,143,0,143,142,0,142,285
07/15/2013,HFD,CT,ANE,EN,Federal Contract Tower,0,7,12,0,19,0,2,103,0,105,0,9,115,0,124,68,0,68,192
07/16/2013,HFD,CT,ANE,EN,Federal Contract Tower,0,7,9,0,16,0,0,130,0,130,0,7,139,0,146,72,0,72,218
07/17/2013,HFD,CT,ANE,EN,Federal Contract Tower,0,4,3,0,7,0,1,103,0,104,0,5,106,0,111,114,2,116,227
07/18/2013,HFD,CT,ANE,EN,Federal Contract Tower,0,4,7,0,11,0,4,105,0,109,0,8,112,0,120,48,0,48,168
07/19/2013,HFD,CT,ANE,EN,Federal Contract Tower,0,0,8,0,8,0,2,66,0,68,0,2,74,0,76,24,0,24,100
07/20/2013,HFD,CT,ANE,EN,Federal Contract Tower,0,2,8,0,10,0,0,50,0,50,0,2,58,0,60,72,0,72,132
07/21/2013,HFD,CT,ANE,EN,Federal Contract Tower,0,0,6,0,6,0,0,158,0,158,0,0,164,0,164,150,0,150,314
07/22/2013,HFD,CT,ANE,EN,Federal Contract Tower,0,6,13,0,19,0,0,87,0,87,0,6,100,0,106,96,0,96,202
07/23/2013,HFD,CT,ANE,EN,Federal Contract Tower,0,5,19,0,24,0,1,24,0,25,0,6,43,0,49,6,0,6,55
07/24/2013,HFD,CT,ANE,EN,Federal Contract Tower,0,5,16,0,21,0,1,169,0,170,0,6,185,0,191,98,0,98,289
07/25/2013,HFD,CT,ANE,EN,Federal Contract Tower,0,8,12,0,20,0,0,67,0,67,0,8,79,0,87,54,8,62,149
07/26/2013,HFD,CT,ANE,EN,Federal Contract Tower,0,1,16,0,17,0,1,52,0,53,0,2,68,0,70,78,0,78,148
07/27/2013,HFD,CT,ANE,EN,Federal Contract Tower,0,2,11,0,13,0,0,176,0,176,0,2,187,0,189,110,0,110,299
07/28/2013,HFD,CT,ANE,EN,Federal Contract Tower,0,2,19,0,21,0,0,100,0,100,0,2,119,0,121,60,0,60,181
07/29/2013,HFD,CT,ANE,EN,Federal Contract Tower,0,7,30,0,37,0,2,85,0,87,0,9,115,0,124,60,0,60,184
07/30/2013,HFD,CT,ANE,EN,Federal Contract Tower,0,7,11,0,18,0,0,151,0,151,0,7,162,0,169,120,0,120,289
07/31/2013,HFD,CT,ANE,EN,Federal Contract Tower,0,9,12,0,21,0,2,147,0,149,0,11,159,0,170,68,0,68,238
08/01/2013,HFD,CT,ANE,EN,Federal Contract Tower,0,6,27,0,33,0,0,33,0,33,0,6,60,0,66,36,0,36,102
08/02/2013,HFD,CT,ANE,EN,Federal Contract Tower,0,0,13,0,13,0,2,93,0,95,0,2,106,0,108,44,8,52,160
08/03/2013,HFD,CT,ANE,EN,Federal Contract Tower,0,2,6,0,8,0,0,118,0,118,0,2,124,0,126,130,0,130,256
08/04/2013,HFD,CT,ANE,EN,Federal Contract Tower,0,0,11,0,11,0,0,117,0,117,0,0,128,0,128,82,0,82,210
08/05/2013,HFD,CT,ANE,EN,Federal Contract Tower,0,6,11,0,17,0,2,174,0,176,0,8,185,0,193,126,0,126,319
08/06/2013,HFD,CT,ANE,EN,Federal Contract Tower,0,7,6,0,13,0,0,149,0,149,0,7,155,0,162,116,0,116,278
08/07/2013,HFD,CT,ANE,EN,Federal Contract Tower,0,7,14,0,21,0,0,137,0,137,0,7,151,0,158,108,0,108,266
08/08/2013,HFD,CT,ANE,EN,Federal Contract Tower,0,27,1,0,28,0,0,21,1,22,0,27,22,1,50,16,0,16,66
08/09/2013,HFD,CT,ANE,EN,Federal Contract Tower,0,2,12,0,14,0,0,1,0,1,0,2,13,0,15,0,0,0,15
08/10/2013,HFD,CT,ANE,EN,Federal Contract Tower,0,0,6,0,6,0,0,143,0,143,0,0,149,0,149,70,0,70,219
08/11/2013,HFD,CT,ANE,EN,Federal Contract Tower,0,0,7,0,7,0,0,183,0,183,0,0,190,0,190,182,0,182,372
08/12/2013,HFD,CT,ANE,EN,Federal Contract Tower,0,4,15,0,19,0,2,138,0,140,0,6,153,0,159,52,0,52,211
08/13/2013,HFD,CT,ANE,EN,Federal Contract Tower,0,8,8,0,16,0,0,7,0,7,0,8,15,0,23,14,0,14,37
08/14/2013,HFD,CT,ANE,EN,Federal Contract Tower,0,3,11,0,14,0,2,145,0,147,0,5,156,0,161,64,0,64,225
08/15/2013,HFD,CT,ANE,EN,Federal Contract Tower,0,5,6,0,11,0,1,135,0,136,0,6,141,0,147,90,0,90,237
08/16/2013,HFD,CT,ANE,EN,Federal Contract Tower,0,0,12,0,12,0,2,105,0,107,0,2,117,0,119,82,0,82,201
08/17/2013,HFD,CT,ANE,EN,Federal Contract Tower,0,0,6,0,6,0,0,151,0,151,0,0,157,0,157,100,0,100,257
08/18/2013,HFD,CT,ANE,EN,Federal Contract Tower,0,0,8,0,8,0,0,92,0,92,0,0,100,0,100,38,0,38,138
08/19/2013,HFD,CT,ANE,EN,Federal Contract Tower,0,8,7,0,15,0,2,103,0,105,0,10,110,0,120,84,0,84,204
08/20/2013,HFD,CT,ANE,EN,Federal Contract Tower,0,4,7,0,11,0,2,130,0,132,0,6,137,0,143,40,0,40,183
08/21/2013,HFD,CT,ANE,EN,Federal Contract Tower,0,5,2,2,9,0,1,111,0,112,0,6,113,2,121,34,0,34,155
08/22/2013,HFD,CT,ANE,EN,Federal Contract Tower,0,6,6,0,12,0,0,46,0,46,0,6,52,0,58,68,0,68,126
08/23/2013,HFD,CT,ANE,EN,Federal Contract Tower,0,3,10,0,13,0,2,110,0,112,0,5,120,0,125,34,0,34,159
08/24/2013,HFD,CT,ANE,EN,Federal Contract Tower,0,1,13,0,14,0,0,161,0,161,0,1,174,0,175,116,0,116,291
08/25/2013,HFD,CT,ANE,EN,Federal Contract Tower,0,1,0,0,1,0,4,145,0,149,0,5,145,0,150,120,0,120,270
08/26/2013,HFD,CT,ANE,EN,Federal Contract Tower,0,5,5,0,10,0,0,76,0,76,0,5,81,0,86,40,0,40,126
08/27/2013,HFD,CT,ANE,EN,Federal Contract Tower,0,8,17,1,26,0,0,41,0,41,0,8,58,1,67,86,0,86,153
08/28/2013,HFD,CT,ANE,EN,Federal Contract Tower,0,7,11,1,19,0,0,67,0,67,0,7,78,1,86,86,0,86,172
08/29/2013,HFD,CT,ANE,EN,Federal Contract Tower,0,6,19,0,25,0,2,31,0,33,0,8,50,0,58,62,0,62,120
08/30/2013,HFD,CT,ANE,EN,Federal Contract Tower,0,1,30,0,31,0,1,75,0,76,0,2,105,0,107,106,0,106,213
08/31/2013,HFD,CT,ANE,EN,Federal Contract Tower,0,0,14,0,14,0,0,60,0,60,0,0,74,0,74,124,0,124,198
09/01/2013,HFD,CT,ANE,EN,Federal Contract Tower,0,2,9,0,11,0,0,7,0,7,0,2,16,0,18,82,0,82,100
09/02/2013,HFD,CT,ANE,EN,Federal Contract Tower,0,0,14,0,14,0,0,12,0,12,0,0,26,0,26,36,0,36,62
09/03/2013,HFD,CT,ANE,EN,Federal Contract Tower,0,6,18,0,24,0,2,70,0,72,0,8,88,0,96,110,0,110,206
09/04/2013,HFD,CT,ANE,EN,Federal Contract Tower,0,6,5,0,11,0,2,138,0,140,0,8,143,0,151,138,0,138,289
09/05/2013,HFD,CT,ANE,EN,Federal Contract Tower,0,5,9,0,14,0,2,90,0,92,0,7,99,0,106,76,0,76,182
09/06/2013,HFD,CT,ANE,EN,Federal Contract Tower,0,0,6,0,6,0,2,143,0,145,0,2,149,0,151,84,0,84,235
09/07/2013,HFD,CT,ANE,EN,Federal Contract Tower,0,0,4,0,4,0,0,154,0,154,0,0,158,0,158,148,0,148,306
09/08/2013,HFD,CT,ANE,EN,Federal Contract Tower,0,0,3,0,3,0,0,75,0,75,0,0,78,0,78,66,0,66,144
09/09/2013,HFD,CT,ANE,EN,Federal Contract Tower,0,3,7,2,12,0,2,110,0,112,0,5,117,2,124,96,0,96,220
09/10/2013,HFD,CT,ANE,EN,Federal Contract Tower,0,7,13,0,20,0,2,20,0,22,0,9,33,0,42,26,0,26,68
09/11/2013,HFD,CT,ANE,EN,Federal Contract Tower,0,6,10,0,16,0,1,103,2,106,0,7,113,2,122,136,0,136,258
09/12/2013,HFD,CT,ANE,EN,Federal Contract Tower,0,6,3,0,9,0,0,34,0,34,0,6,37,0,43,66,0,66,109
09/13/2013,HFD,CT,ANE,EN,Federal Contract Tower,0,1,14,0,15,0,1,119,0,120,0,2,133,0,135,72,0,72,207
09/14/2013,HFD,CT,ANE,EN,Federal Contract Tower,0,0,19,0,19,0,0,147,0,147,0,0,166,0,166,90,0,90,256
09/15/2013,HFD,CT,ANE,EN,Federal Contract Tower,0,0,6,0,6,0,0,227,0,227,0,0,233,0,233,134,0,134,367
09/16/2013,HFD,CT,ANE,EN,Federal Contract Tower,0,4,4,0,8,0,2,97,0,99,0,6,101,0,107,130,0,130,237
09/17/2013,HFD,CT,ANE,EN,Federal Contract Tower,0,0,15,0,15,0,2,142,0,144,0,2,157,0,159,90,0,90,249
09/18/2013,HFD,CT,ANE,EN,Federal Contract Tower,0,7,17,0,24,0,2,127,0,129,0,9,144,0,153,68,0,68,221
09/19/2013,HFD,CT,ANE,EN,Federal Contract Tower,0,9,11,0,20,0,2,102,0,104,0,11,113,0,124,48,0,48,172
09/20/2013,HFD,CT,ANE,EN,Federal Contract Tower,0,10,18,0,28,0,2,141,0,143,0,12,159,0,171,126,0,126,297
09/21/2013,HFD,CT,ANE,EN,Federal Contract Tower,0,0,18,0,18,0,0,72,0,72,0,0,90,0,90,82,0,82,172
09/22/2013,HFD,CT,ANE,EN,Federal Contract Tower,0,2,13,0,15,0,0,60,0,60,0,2,73,0,75,48,0,48,123
09/23/2013,HFD,CT,ANE,EN,Federal Contract Tower,0,4,9,0,13,0,1,101,0,102,0,5,110,0,115,14,0,14,129
09/24/2013,HFD,CT,ANE,EN,Federal Contract Tower,0,7,9,0,16,0,2,152,0,154,0,9,161,0,170,142,0,142,312
09/25/2013,HFD,CT,ANE,EN,Federal Contract Tower,0,7,8,0,15,0,2,151,0,153,0,9,159,0,168,152,0,152,320
09/26/2013,HFD,CT,ANE,EN,Federal Contract Tower,0,5,11,0,16,0,2,126,2,130,0,7,137,2,146,120,0,120,266
09/27/2013,HFD,CT,ANE,EN,Federal Contract Tower,0,1,16,0,17,0,2,124,0,126,0,3,140,0,143,106,0,106,249
09/28/2013,HFD,CT,ANE,EN,Federal Contract Tower,0,1,8,0,9,0,0,176,0,176,0,1,184,0,185,98,0,98,283
09/29/2013,HFD,CT,ANE,EN,Federal Contract Tower,0,0,8,0,8,0,0,120,0,120,0,0,128,0,128,124,0,124,252
09/30/2013,HFD,CT,ANE,EN,Federal Contract Tower,0,6,3,0,9,0,1,115,0,116,0,7,118,0,125,84,0,84,209
10/01/2013,HFD,CT,ANE,EN,Federal Contract Tower,0,2,3,0,5,0,2,88,0,90,0,4,91,0,95,94,0,94,189
10/02/2013,HFD,CT,ANE,EN,Federal Contract Tower,0,6,4,0,10,0,1,106,0,107,0,7,110,0,117,94,0,94,211
10/03/2013,HFD,CT,ANE,EN,Federal Contract Tower,0,4,5,0,9,0,2,108,0,110,0,6,113,0,119,86,0,86,205
10/04/2013,HFD,CT,ANE,EN,Federal Contract Tower,0,4,7,0,11,0,0,89,0,89,0,4,96,0,100,118,0,118,218
10/05/2013,HFD,CT,ANE,EN,Federal Contract Tower,0,7,27,0,34,0,0,55,0,55,0,7,82,0,89,72,0,72,161
10/06/2013,HFD,CT,ANE,EN,Federal Contract Tower,0,0,16,0,16,0,0,0,0,0,0,0,16,0,16,0,0,0,16
10/07/2013,HFD,CT,ANE,EN,Federal Contract Tower,0,6,1,0,7,0,0,15,0,15,0,6,16,0,22,0,0,0,22
10/08/2013,HFD,CT,ANE,EN,Federal Contract Tower,0,6,2,0,8,0,0,107,0,107,0,6,109,0,115,50,0,50,165
10/09/2013,HFD,CT,ANE,EN,Federal Contract Tower,0,4,8,0,12,0,2,119,0,121,0,6,127,0,133,66,0,66,199
10/10/2013,HFD,CT,ANE,EN,Federal Contract Tower,0,6,14,0,20,0,0,85,0,85,0,6,99,0,105,40,0,40,145
10/11/2013,HFD,CT,ANE,EN,Federal Contract Tower,0,9,20,0,29,0,1,68,0,69,0,10,88,0,98,56,0,56,154
10/12/2013,HFD,CT,ANE,EN,Federal Contract Tower,0,2,12,0,14,0,0,104,0,104,0,2,116,0,118,10,0,10,128
10/13/2013,HFD,CT,ANE,EN,Federal Contract Tower,0,3,24,0,27,0,0,116,0,116,0,3,140,0,143,106,0,106,249
10/14/2013,HFD,CT,ANE,EN,Federal Contract Tower,0,2,3,0,5,0,0,114,0,114,0,2,117,0,119,108,0,108,227
10/15/2013,HFD,CT,ANE,EN,Federal Contract Tower,0,6,9,0,15,0,2,109,0,111,0,8,118,0,126,108,0,108,234
10/16/2013,HFD,CT,ANE,EN,Federal Contract Tower,0,5,16,0,21,0,0,96,0,96,0,5,112,0,117,68,0,68,185
10/17/2013,HFD,CT,ANE,EN,Federal Contract Tower,0,6,21,0,27,0,0,57,0,57,0,6,78,0,84,56,0,56,140
10/18/2013,HFD,CT,ANE,EN,Federal Contract Tower,0,3,13,0,16,0,1,119,0,120,0,4,132,0,136,20,0,20,156
10/19/2013,HFD,CT,ANE,EN,Federal Contract Tower,0,1,7,0,8,0,0,145,0,145,0,1,152,0,153,148,0,148,301
10/20/2013,HFD,CT,ANE,EN,Federal Contract Tower,0,0,7,0,7,0,0,107,0,107,0,0,114,0,114,52,0,52,166
10/21/2013,HFD,CT,ANE,EN,Federal Contract Tower,0,0,6,0,6,0,2,105,0,107,0,2,111,0,113,106,0,106,219
10/22/2013,HFD,CT,ANE,EN,Federal Contract Tower,0,4,9,0,13,0,2,56,0,58,0,6,65,0,71,24,0,24,95
10/23/2013,HFD,CT,ANE,EN,Federal Contract Tower,0,5,3,0,8,0,0,80,0,80,0,5,83,0,88,74,0,74,162
10/24/2013,HFD,CT,ANE,EN,Federal Contract Tower,0,8,4,0,12,0,0,71,0,71,0,8,75,0,83,54,0,54,137
10/25/2013,HFD,CT,ANE,EN,Federal Contract Tower,0,3,8,0,11,0,0,92,0,92,0,3,100,0,103,62,0,62,165
10/26/2013,HFD,CT,ANE,EN,Federal Contract Tower,0,0,6,0,6,0,0,109,0,109,0,0,115,0,115,78,0,78,193
10/27/2013,HFD,CT,ANE,EN,Federal Contract Tower,0,0,7,0,7,0,0,80,0,80,0,0,87,0,87,50,0,50,137
10/28/2013,HFD,CT,ANE,EN,Federal Contract Tower,0,4,8,0,12,0,2,103,0,105,0,6,111,0,117,24,0,24,141
10/29/2013,HFD,CT,ANE,EN,Federal Contract Tower,0,4,19,0,23,0,2,147,0,149,0,6,166,0,172,114,0,114,286
10/30/2013,HFD,CT,ANE,EN,Federal Contract Tower,0,10,8,0,18,0,0,93,0,93,0,10,101,0,111,102,2,104,215
10/31/2013,HFD,CT,ANE,EN,Federal Contract Tower,0,4,5,0,9,0,0,7,0,7,0,4,12,0,16,40,0,40,56
11/01/2013,HFD,CT,ANE,EN,Federal Contract Tower,0,2,4,0,6,0,0,8,0,8,0,2,12,0,14,8,0,8,22
11/02/2013,HFD,CT,ANE,EN,Federal Contract Tower,0,0,12,0,12,0,0,168,0,168,0,0,180,0,180,186,0,186,366
11/03/2013,HFD,CT,ANE,EN,Federal Contract Tower,0,0,5,0,5,0,0,92,0,92,0,0,97,0,97,34,0,34,131
11/04/2013,HFD,CT,ANE,EN,Federal Contract Tower,0,6,1,0,7,0,0,129,0,129,0,6,130,0,136,70,0,70,206
11/05/2013,HFD,CT,ANE,EN,Federal Contract Tower,0,4,8,0,12,0,2,100,0,102,0,6,108,0,114,68,0,68,182
11/06/2013,HFD,CT,ANE,EN,Federal Contract Tower,0,5,11,0,16,0,1,102,0,103,0,6,113,0,119,42,0,42,161
11/07/2013,HFD,CT,ANE,EN,Federal Contract Tower,0,6,6,0,12,0,0,8,0,8,0,6,14,0,20,0,0,0,20
11/08/2013,HFD,CT,ANE,EN,Federal Contract Tower,0,0,4,0,4,0,2,58,0,60,0,2,62,0,64,30,0,30,94
11/09/2013,HFD,CT,ANE,EN,Federal Contract Tower,0,0,4,0,4,0,0,165,0,165,0,0,169,0,169,88,0,88,257
11/10/2013,HFD,CT,ANE,EN,Federal Contract Tower,0,0,1,0,1,0,0,55,0,55,0,0,56,0,56,86,0,86,142
11/11/2013,HFD,CT,ANE,EN,Federal Contract Tower,0,2,4,0,6,0,0,98,0,98,0,2,102,0,104,60,0,60,164
11/12/2013,HFD,CT,ANE,EN,Federal Contract Tower,0,4,0,0,4,0,2,16,0,18,0,6,16,0,22,16,0,16,38
11/13/2013,HFD,CT,ANE,EN,Federal Contract Tower,0,6,1,1,8,0,2,103,0,105,0,8,104,1,113,72,12,84,197
11/14/2013,HFD,CT,ANE,EN,Federal Contract Tower,0,4,5,1,10,0,2,105,0,107,0,6,110,1,117,50,0,50,167
11/15/2013,HFD,CT,ANE,EN,Federal Contract Tower,0,0,3,0,3,0,2,100,0,102,0,2,103,0,105,102,0,102,207
11/16/2013,HFD,CT,ANE,EN,Federal Contract Tower,0,0,7,0,7,0,0,187,0,187,0,0,194,0,194,182,0,182,376
11/17/2013,HFD,CT,ANE,EN,Federal Contract Tower,0,0,26,0,26,0,0,25,0,25,0,0,51,0,51,38,0,38,89
11/18/2013,HFD,CT,ANE,EN,Federal Contract Tower,0,4,3,0,7,0,2,46,0,48,0,6,49,0,55,22,0,22,77
11/19/2013,HFD,CT,ANE,EN,Federal Contract Tower,0,4,3,1,8,0,2,27,0,29,0,6,30,1,37,20,0,20,57
11/20/2013,HFD,CT,ANE,EN,Federal Contract Tower,0,7,10,0,17,0,2,101,0,103,0,9,111,0,120,82,0,82,202
11/21/2013,HFD,CT,ANE,EN,Federal Contract Tower,0,9,10,0,19,0,0,83,0,83,0,9,93,0,102,102,12,114,216
11/22/2013,HFD,CT,ANE,EN,Federal Contract Tower,0,2,14,0,16,0,0,4,0,4,0,2,18,0,20,0,0,0,20
11/23/2013,HFD,CT,ANE,EN,Federal Contract Tower,0,0,9,0,9,0,0,70,0,70,0,0,79,0,79,32,0,32,111
11/24/2013,HFD,CT,ANE,EN,Federal Contract Tower,0,0,0,0,0,0,0,10,0,10,0,0,10,0,10,0,0,0,10
11/25/2013,HFD,CT,ANE,EN,Federal Contract Tower,0,8,2,1,11,0,0,105,0,105,0,8,107,1,116,56,0,56,172
11/26/2013,HFD,CT,ANE,EN,Federal Contract Tower,0,5,6,0,11,0,0,77,0,77,0,5,83,0,88,110,0,110,198
11/27/2013,HFD,CT,ANE,EN,Federal Contract Tower,0,2,2,0,4,0,0,0,0,0,0,2,2,0,4,0,0,0,4
11/28/2013,HFD,CT,ANE,EN,Federal Contract Tower,0,0,4,0,4,0,0,14,0,14,0,0,18,0,18,0,0,0,18
11/29/2013,HFD,CT,ANE,EN,Federal Contract Tower,0,0,7,0,7,0,1,117,0,118,0,1,124,0,125,28,0,28,153
11/30/2013,HFD,CT,ANE,EN,Federal Contract Tower,0,0,10,0,10,0,0,148,0,148,0,0,158,0,158,4,0,4,162
12/01/2013,HFD,CT,ANE,EN,Federal Contract Tower,0,0,9,0,9,0,0,0,0,0,0,0,9,0,9,0,0,0,9
12/02/2013,HFD,CT,ANE,EN,Federal Contract Tower,0,4,7,0,11,0,0,24,0,24,0,4,31,0,35,0,0,0,35
12/03/2013,HFD,CT,ANE,EN,Federal Contract Tower,0,2,7,0,9,0,2,59,0,61,0,4,66,0,70,32,2,34,104
12/04/2013,HFD,CT,ANE,EN,Federal Contract Tower,0,10,7,0,17,0,0,124,0,124,0,10,131,0,141,154,0,154,295
12/05/2013,HFD,CT,ANE,EN,Federal Contract Tower,0,4,5,0,9,0,0,0,0,0,0,4,5,0,9,0,0,0,9
12/06/2013,HFD,CT,ANE,EN,Federal Contract Tower,0,2,11,0,13,0,0,19,0,19,0,2,30,0,32,20,0,20,52
12/07/2013,HFD,CT,ANE,EN,Federal Contract Tower,0,0,6,0,6,0,0,91,0,91,0,0,97,0,97,18,0,18,115
12/08/2013,HFD,CT,ANE,EN,Federal Contract Tower,0,0,7,0,7,0,0,91,0,91,0,0,98,0,98,30,0,30,128
12/09/2013,HFD,CT,ANE,EN,Federal Contract Tower,0,1,0,0,1,0,0,0,0,0,0,1,0,0,1,0,0,0,1
12/10/2013,HFD,CT,ANE,EN,Federal Contract Tower,0,4,4,0,8,0,2,4,0,6,0,6,8,0,14,0,0,0,14
12/11/2013,HFD,CT,ANE,EN,Federal Contract Tower,0,2,9,0,11,0,2,74,2,78,0,4,83,2,89,12,0,12,101
12/12/2013,HFD,CT,ANE,EN,Federal Contract Tower,0,4,7,0,11,0,2,92,0,94,0,6,99,0,105,56,2,58,163
12/13/2013,HFD,CT,ANE,EN,Federal Contract Tower,0,0,4,0,4,0,2,50,0,52,0,2,54,0,56,48,0,48,104
12/14/2013,HFD,CT,ANE,EN,Federal Contract Tower,0,0,0,0,0,0,0,0,0,0,0,0,0,0,0,0,0,0,0
12/15/2013,HFD,CT,ANE,EN,Federal Contract Tower,0,0,5,0,5,0,0,2,0,2,0,0,7,0,7,0,0,0,7
12/16/2013,HFD,CT,ANE,EN,Federal Contract Tower,0,6,4,0,10,0,0,41,0,41,0,6,45,0,51,10,0,10,61
12/17/2013,HFD,CT,ANE,EN,Federal Contract Tower,0,4,0,0,4,0,0,1,0,1,0,4,1,0,5,0,0,0,5
12/18/2013,HFD,CT,ANE,EN,Federal Contract Tower,0,5,5,0,10,0,0,73,0,73,0,5,78,0,83,32,0,32,115
12/19/2013,HFD,CT,ANE,EN,Federal Contract Tower,0,5,7,0,12,0,2,110,0,112,0,7,117,0,124,66,0,66,190
12/20/2013,HFD,CT,ANE,EN,Federal Contract Tower,0,0,16,0,16,0,2,85,0,87,0,2,101,0,103,110,0,110,213
12/21/2013,HFD,CT,ANE,EN,Federal Contract Tower,0,0,11,0,11,0,0,86,0,86,0,0,97,0,97,106,0,106,203
12/22/2013,HFD,CT,ANE,EN,Federal Contract Tower,0,0,2,0,2,0,0,1,0,1,0,0,3,0,3,2,0,2,5
12/23/2013,HFD,CT,ANE,EN,Federal Contract Tower,0,1,6,0,7,0,0,0,0,0,0,1,6,0,7,0,0,0,7
12/24/2013,HFD,CT,ANE,EN,Federal Contract Tower,0,0,6,0,6,0,2,76,0,78,0,2,82,0,84,80,0,80,164
12/25/2013,HFD,CT,ANE,EN,Federal Contract Tower,0,2,3,0,5,0,0,8,0,8,0,2,11,0,13,0,0,0,13
12/26/2013,HFD,CT,ANE,EN,Federal Contract Tower,0,0,8,0,8,0,2,19,0,21,0,2,27,0,29,42,0,42,71
12/27/2013,HFD,CT,ANE,EN,Federal Contract Tower,0,2,8,0,10,0,0,94,0,94,0,2,102,0,104,74,0,74,178
12/28/2013,HFD,CT,ANE,EN,Federal Contract Tower,0,0,6,0,6,0,2,98,0,100,0,2,104,0,106,85,0,85,191
12/29/2013,HFD,CT,ANE,EN,Federal Contract Tower,0,0,4,0,4,0,0,17,0,17,0,0,21,0,21,44,0,44,65
12/30/2013,HFD,CT,ANE,EN,Federal Contract Tower,0,2,3,0,5,0,2,69,0,71,0,4,72,0,76,48,0,48,124
12/31/2013,HFD,CT,ANE,EN,Federal Contract Tower,0,0,4,0,4,0,2,90,0,92,0,2,94,0,96,60,0,60,156
01/01/2014,HFD,CT,ANE,EN,Federal Contract Tower,0,0,6,0,6,0,0,43,0,43,0,0,49,0,49,8,0,8,57
01/02/2014,HFD,CT,ANE,EN,Federal Contract Tower,0,0,4,0,4,0,0,0,0,0,0,0,4,0,4,0,0,0,4
01/03/2014,HFD,CT,ANE,EN,Federal Contract Tower,0,0,3,0,3,0,2,7,0,9,0,2,10,0,12,0,0,0,12
01/04/2014,HFD,CT,ANE,EN,Federal Contract Tower,0,0,4,0,4,0,0,61,0,61,0,0,65,0,65,34,0,34,99
01/05/2014,HFD,CT,ANE,EN,Federal Contract Tower,0,0,5,0,5,0,0,23,0,23,0,0,28,0,28,12,0,12,40
01/06/2014,HFD,CT,ANE,EN,Federal Contract Tower,0,5,5,0,10,0,0,3,0,3,0,5,8,0,13,24,0,24,37
01/07/2014,HFD,CT,ANE,EN,Federal Contract Tower,0,0,0,1,1,0,2,23,0,25,0,2,23,1,26,18,0,18,44
01/08/2014,HFD,CT,ANE,EN,Federal Contract Tower,0,2,9,0,11,0,0,106,0,106,0,2,115,0,117,36,0,36,153
01/09/2014,HFD,CT,ANE,EN,Federal Contract Tower,0,0,7,0,7,0,2,68,0,70,0,2,75,0,77,48,0,48,125
01/10/2014,HFD,CT,ANE,EN,Federal Contract Tower,0,0,1,0,1,0,0,2,0,2,0,0,3,0,3,0,0,0,3
01/11/2014,HFD,CT,ANE,EN,Federal Contract Tower,0,0,2,0,2,0,0,0,0,0,0,0,2,0,2,0,0,0,2
01/12/2014,HFD,CT,ANE,EN,Federal Contract Tower,0,0,6,0,6,0,0,50,0,50,0,0,56,0,56,48,0,48,104
01/13/2014,HFD,CT,ANE,EN,Federal Contract Tower,0,3,3,0,6,0,0,103,0,103,0,3,106,0,109,50,0,50,159
01/14/2014,HFD,CT,ANE,EN,Federal Contract Tower,0,6,4,0,10,0,0,0,0,0,0,6,4,0,10,0,0,0,10
01/15/2014,HFD,CT,ANE,EN,Federal Contract Tower,0,1,1,0,2,0,0,99,0,99,0,1,100,0,101,66,0,66,167
01/16/2014,HFD,CT,ANE,EN,Federal Contract Tower,0,2,6,0,8,0,0,32,0,32,0,2,38,0,40,58,0,58,98
01/17/2014,HFD,CT,ANE,EN,Federal Contract Tower,0,1,7,0,8,0,1,101,0,102,0,2,108,0,110,92,0,92,202
01/18/2014,HFD,CT,ANE,EN,Federal Contract Tower,0,0,3,0,3,0,0,0,0,0,0,0,3,0,3,0,0,0,3
01/19/2014,HFD,CT,ANE,EN,Federal Contract Tower,0,0,2,0,2,0,0,64,0,64,0,0,66,0,66,66,0,66,132
01/20/2014,HFD,CT,ANE,EN,Federal Contract Tower,0,0,4,0,4,0,2,117,0,119,0,2,121,0,123,34,0,34,157
01/21/2014,HFD,CT,ANE,EN,Federal Contract Tower,0,2,1,0,3,0,0,8,0,8,0,2,9,0,11,12,0,12,23
01/22/2014,HFD,CT,ANE,EN,Federal Contract Tower,0,0,3,0,3,0,0,22,0,22,0,0,25,0,25,8,0,8,33
01/23/2014,HFD,CT,ANE,EN,Federal Contract Tower,0,4,7,0,11,0,0,51,0,51,0,4,58,0,62,14,0,14,76
01/24/2014,HFD,CT,ANE,EN,Federal Contract Tower,0,0,2,0,2,0,2,71,0,73,0,2,73,0,75,8,2,10,85
01/25/2014,HFD,CT,ANE,EN,Federal Contract Tower,0,2,0,0,2,0,0,4,0,4,0,2,4,0,6,2,0,2,8
01/26/2014,HFD,CT,ANE,EN,Federal Contract Tower,0,0,5,0,5,0,0,84,0,84,0,0,89,0,89,60,0,60,149
01/27/2014,HFD,CT,ANE,EN,Federal Contract Tower,0,0,0,0,0,0,2,14,0,16,0,2,14,0,16,12,0,12,28
01/28/2014,HFD,CT,ANE,EN,Federal Contract Tower,0,2,4,0,6,0,0,55,0,55,0,2,59,0,61,52,0,52,113
01/29/2014,HFD,CT,ANE,EN,Federal Contract Tower,0,2,3,0,5,0,0,90,2,92,0,2,93,2,97,80,0,80,177
01/30/2014,HFD,CT,ANE,EN,Federal Contract Tower,0,4,10,0,14,0,0,115,0,115,0,4,125,0,129,90,2,92,221
01/31/2014,HFD,CT,ANE,EN,Federal Contract Tower,0,1,2,0,3,0,1,91,2,94,0,2,93,2,97,54,0,54,151
02/01/2014,HFD,CT,ANE,EN,Federal Contract Tower,0,0,3,0,3,0,0,141,0,141,0,0,144,0,144,68,0,68,212
02/02/2014,HFD,CT,ANE,EN,Federal Contract Tower,0,1,8,2,11,0,0,49,0,49,0,1,57,2,60,106,0,106,166
02/03/2014,HFD,CT,ANE,EN,Federal Contract Tower,0,0,1,0,1,0,0,8,0,8,0,0,9,0,9,0,0,0,9
02/04/2014,HFD,CT,ANE,EN,Federal Contract Tower,0,3,2,0,5,0,0,58,0,58,0,3,60,0,63,22,0,22,85
02/05/2014,HFD,CT,ANE,EN,Federal Contract Tower,0,0,0,0,0,0,0,0,0,0,0,0,0,0,0,0,0,0,0
02/06/2014,HFD,CT,ANE,EN,Federal Contract Tower,0,0,2,1,3,0,2,56,0,58,0,2,58,1,61,18,2,20,81
02/07/2014,HFD,CT,ANE,EN,Federal Contract Tower,0,0,3,0,3,0,2,58,0,60,0,2,61,0,63,18,0,18,81
02/08/2014,HFD,CT,ANE,EN,Federal Contract Tower,0,0,5,0,5,0,0,115,0,115,0,0,120,0,120,122,0,122,242
02/09/2014,HFD,CT,ANE,EN,Federal Contract Tower,0,0,3,0,3,0,0,66,0,66,0,0,69,0,69,86,0,86,155
02/10/2014,HFD,CT,ANE,EN,Federal Contract Tower,0,0,3,0,3,0,2,67,0,69,0,2,70,0,72,26,0,26,98
02/11/2014,HFD,CT,ANE,EN,Federal Contract Tower,0,4,5,1,10,0,2,79,0,81,0,6,84,1,91,34,0,34,125
02/12/2014,HFD,CT,ANE,EN,Federal Contract Tower,0,1,1,0,2,0,0,118,0,118,0,1,119,0,120,110,2,112,232
02/13/2014,HFD,CT,ANE,EN,Federal Contract Tower,0,0,0,0,0,0,0,0,0,0,0,0,0,0,0,0,0,0,0
02/14/2014,HFD,CT,ANE,EN,Federal Contract Tower,0,1,2,0,3,0,1,15,0,16,0,2,17,0,19,4,0,4,23
02/15/2014,HFD,CT,ANE,EN,Federal Contract Tower,0,1,1,0,2,0,1,13,0,14,0,2,14,0,16,44,0,44,60
02/16/2014,HFD,CT,ANE,EN,Federal Contract Tower,0,0,1,0,1,0,0,32,0,32,0,0,33,0,33,6,0,6,39
02/17/2014,HFD,CT,ANE,EN,Federal Contract Tower,0,0,2,0,2,0,2,96,0,98,0,2,98,0,100,20,0,20,120
02/18/2014,HFD,CT,ANE,EN,Federal Contract Tower,0,0,0,0,0,0,0,0,0,0,0,0,0,0,0,0,0,0,0
02/19/2014,HFD,CT,ANE,EN,Federal Contract Tower,0,0,2,0,2,0,0,3,0,3,0,0,5,0,5,0,0,0,5
02/20/2014,HFD,CT,ANE,EN,Federal Contract Tower,0,2,3,0,5,0,0,77,0,77,0,2,80,0,82,72,0,72,154
02/21/2014,HFD,CT,ANE,EN,Federal Contract Tower,0,0,0,0,0,0,0,1,0,1,0,0,1,0,1,0,0,0,1
02/22/2014,HFD,CT,ANE,EN,Federal Contract Tower,0,0,6,0,6,0,0,136,0,136,0,0,142,0,142,84,0,84,226
02/23/2014,HFD,CT,ANE,EN,Federal Contract Tower,0,0,3,0,3,0,0,92,0,92,0,0,95,0,95,94,0,94,189
02/24/2014,HFD,CT,ANE,EN,Federal Contract Tower,0,2,1,0,3,0,2,70,0,72,0,4,71,0,75,14,0,14,89
02/25/2014,HFD,CT,ANE,EN,Federal Contract Tower,0,4,4,0,8,0,3,67,0,70,0,7,71,0,78,52,0,52,130
02/26/2014,HFD,CT,ANE,EN,Federal Contract Tower,0,0,3,0,3,0,2,36,0,38,0,2,39,0,41,16,0,16,57
02/27/2014,HFD,CT,ANE,EN,Federal Contract Tower,0,2,1,0,3,0,0,52,0,52,0,2,53,0,55,38,8,46,101
02/28/2014,HFD,CT,ANE,EN,Federal Contract Tower,0,0,4,0,4,0,2,86,0,88,0,2,90,0,92,94,0,94,186
03/01/2014,HFD,CT,ANE,EN,Federal Contract Tower,0,0,2,0,2,0,0,114,0,114,0,0,116,0,116,76,0,76,192
03/02/2014,HFD,CT,ANE,EN,Federal Contract Tower,0,0,2,0,2,0,0,27,0,27,0,0,29,0,29,112,0,112,141
03/03/2014,HFD,CT,ANE,EN,Federal Contract Tower,0,0,2,0,2,0,1,25,0,26,0,1,27,0,28,28,0,28,56
03/04/2014,HFD,CT,ANE,EN,Federal Contract Tower,0,2,4,0,6,0,2,56,0,58,0,4,60,0,64,40,0,40,104
03/05/2014,HFD,CT,ANE,EN,Federal Contract Tower,0,2,4,0,6,0,2,28,0,30,0,4,32,0,36,0,0,0,36
03/06/2014,HFD,CT,ANE,EN,Federal Contract Tower,0,0,7,0,7,0,2,100,0,102,0,2,107,0,109,36,0,36,145
03/07/2014,HFD,CT,ANE,EN,Federal Contract Tower,0,1,6,0,7,0,2,90,0,92,0,3,96,0,99,56,0,56,155
03/08/2014,HFD,CT,ANE,EN,Federal Contract Tower,0,0,5,0,5,0,0,131,0,131,0,0,136,0,136,126,0,126,262
03/09/2014,HFD,CT,ANE,EN,Federal Contract Tower,0,0,3,0,3,0,0,93,0,93,0,0,96,0,96,106,0,106,202
03/10/2014,HFD,CT,ANE,EN,Federal Contract Tower,0,4,2,0,6,0,0,52,0,52,0,4,54,0,58,20,0,20,78
03/11/2014,HFD,CT,ANE,EN,Federal Contract Tower,0,1,7,0,8,0,2,95,0,97,0,3,102,0,105,40,0,40,145
03/12/2014,HFD,CT,ANE,EN,Federal Contract Tower,0,2,4,0,6,0,0,10,2,12,0,2,14,2,18,0,0,0,18
03/13/2014,HFD,CT,ANE,EN,Federal Contract Tower,0,0,0,1,1,0,2,5,0,7,0,2,5,1,8,0,2,2,10
03/14/2014,HFD,CT,ANE,EN,Federal Contract Tower,0,3,7,0,10,0,2,98,0,100,0,5,105,0,110,82,0,82,192
03/15/2014,HFD,CT,ANE,EN,Federal Contract Tower,0,0,5,0,5,0,0,77,0,77,0,0,82,0,82,36,0,36,118
03/16/2014,HFD,CT,ANE,EN,Federal Contract Tower,0,0,3,0,3,0,0,66,0,66,0,0,69,0,69,50,0,50,119
03/17/2014,HFD,CT,ANE,EN,Federal Contract Tower,0,1,3,0,4,0,2,76,0,78,0,3,79,0,82,72,0,72,154
03/18/2014,HFD,CT,ANE,EN,Federal Contract Tower,0,1,10,0,11,0,2,146,0,148,0,3,156,0,159,108,10,118,277
03/19/2014,HFD,CT,ANE,EN,Federal Contract Tower,0,1,6,0,7,0,0,80,0,80,0,1,86,0,87,76,16,92,179
03/20/2014,HFD,CT,ANE,EN,Federal Contract Tower,0,6,4,0,10,0,0,47,0,47,0,6,51,0,57,22,10,32,89
03/21/2014,HFD,CT,ANE,EN,Federal Contract Tower,0,4,7,0,11,0,2,72,0,74,0,6,79,0,85,54,4,58,143
03/22/2014,HFD,CT,ANE,EN,Federal Contract Tower,0,0,2,0,2,0,0,52,0,52,0,0,54,0,54,50,0,50,104
03/23/2014,HFD,CT,ANE,EN,Federal Contract Tower,0,0,10,0,10,0,0,114,0,114,0,0,124,0,124,78,0,78,202
03/24/2014,HFD,CT,ANE,EN,Federal Contract Tower,0,4,6,0,10,0,2,58,0,60,0,6,64,0,70,12,0,12,82
03/25/2014,HFD,CT,ANE,EN,Federal Contract Tower,0,8,3,0,11,0,1,86,0,87,0,9,89,0,98,106,0,106,204
03/26/2014,HFD,CT,ANE,EN,Federal Contract Tower,0,3,3,0,6,0,1,2,0,3,0,4,5,0,9,0,0,0,9
03/27/2014,HFD,CT,ANE,EN,Federal Contract Tower,0,4,9,0,13,0,1,100,0,101,0,5,109,0,114,52,0,52,166
03/28/2014,HFD,CT,ANE,EN,Federal Contract Tower,0,4,4,0,8,0,0,11,0,11,0,4,15,0,19,10,8,18,37
03/29/2014,HFD,CT,ANE,EN,Federal Contract Tower,0,0,10,0,10,0,0,67,0,67,0,0,77,0,77,64,0,64,141
03/30/2014,HFD,CT,ANE,EN,Federal Contract Tower,0,0,8,0,8,0,0,0,0,0,0,0,8,0,8,0,0,0,8
03/31/2014,HFD,CT,ANE,EN,Federal Contract Tower,0,2,4,0,6,0,0,12,1,13,0,2,16,1,19,8,0,8,27
04/01/2014,HFD,CT,ANE,EN,Federal Contract Tower,0,0,5,0,5,0,2,122,0,124,0,2,127,0,129,104,0,104,233
04/02/2014,HFD,CT,ANE,EN,Federal Contract Tower,0,6,6,0,12,0,2,85,0,87,0,8,91,0,99,54,0,54,153
04/03/2014,HFD,CT,ANE,EN,Federal Contract Tower,0,4,6,0,10,0,0,122,0,122,0,4,128,0,132,100,0,100,232
04/04/2014,HFD,CT,ANE,EN,Federal Contract Tower,0,8,6,0,14,0,0,76,0,76,0,8,82,0,90,96,0,96,186
04/05/2014,HFD,CT,ANE,EN,Federal Contract Tower,0,0,12,0,12,0,0,66,0,66,0,0,78,0,78,124,0,124,202
04/06/2014,HFD,CT,ANE,EN,Federal Contract Tower,0,0,5,0,5,0,0,133,0,133,0,0,138,0,138,126,0,126,264
04/07/2014,HFD,CT,ANE,EN,Federal Contract Tower,0,4,3,0,7,0,0,95,0,95,0,4,98,0,102,82,0,82,184
04/08/2014,HFD,CT,ANE,EN,Federal Contract Tower,0,2,6,0,8,0,0,16,0,16,0,2,22,0,24,30,10,40,64
04/09/2014,HFD,CT,ANE,EN,Federal Contract Tower,0,0,6,0,6,0,2,81,0,83,0,2,87,0,89,26,0,26,115
04/10/2014,HFD,CT,ANE,EN,Federal Contract Tower,0,0,14,0,14,0,2,64,0,66,0,2,78,0,80,34,4,38,118
04/11/2014,HFD,CT,ANE,EN,Federal Contract Tower,0,2,7,0,9,0,0,61,0,61,0,2,68,0,70,62,0,62,132
04/12/2014,HFD,CT,ANE,EN,Federal Contract Tower,0,0,8,0,8,0,0,167,0,167,0,0,175,0,175,108,0,108,283
04/13/2014,HFD,CT,ANE,EN,Federal Contract Tower,0,0,6,0,6,0,0,101,0,101,0,0,107,0,107,104,0,104,211
04/14/2014,HFD,CT,ANE,EN,Federal Contract Tower,0,2,4,0,6,0,0,43,0,43,0,2,47,0,49,2,0,2,51
04/15/2014,HFD,CT,ANE,EN,Federal Contract Tower,0,2,1,0,3,0,0,0,0,0,0,2,1,0,3,0,0,0,3
04/16/2014,HFD,CT,ANE,EN,Federal Contract Tower,0,2,1,0,3,0,1,76,0,77,0,3,77,0,80,30,0,30,110
04/17/2014,HFD,CT,ANE,EN,Federal Contract Tower,0,2,8,0,10,0,2,146,0,148,0,4,154,0,158,124,0,124,282
04/18/2014,HFD,CT,ANE,EN,Federal Contract Tower,0,0,9,0,9,0,2,122,0,124,0,2,131,0,133,214,0,214,347
04/19/2014,HFD,CT,ANE,EN,Federal Contract Tower,0,0,3,0,3,0,0,144,0,144,0,0,147,0,147,106,0,106,253
04/20/2014,HFD,CT,ANE,EN,Federal Contract Tower,0,0,6,0,6,0,0,130,0,130,0,0,136,0,136,52,0,52,188
04/21/2014,HFD,CT,ANE,EN,Federal Contract Tower,0,2,5,0,7,0,2,132,0,134,0,4,137,0,141,102,0,102,243
04/22/2014,HFD,CT,ANE,EN,Federal Contract Tower,0,4,9,0,13,0,0,105,0,105,0,4,114,0,118,82,0,82,200
04/23/2014,HFD,CT,ANE,EN,Federal Contract Tower,0,0,13,0,13,0,2,34,0,36,0,2,47,0,49,72,0,72,121
04/24/2014,HFD,CT,ANE,EN,Federal Contract Tower,0,0,8,0,8,0,2,30,0,32,0,2,38,0,40,0,0,0,40
04/25/2014,HFD,CT,ANE,EN,Federal Contract Tower,0,0,5,0,5,0,2,162,0,164,0,2,167,0,169,86,0,86,255
04/26/2014,HFD,CT,ANE,EN,Federal Contract Tower,0,0,13,0,13,0,0,7,0,7,0,0,20,0,20,54,0,54,74
04/27/2014,HFD,CT,ANE,EN,Federal Contract Tower,0,1,6,0,7,0,0,119,0,119,0,1,125,0,126,92,0,92,218
04/28/2014,HFD,CT,ANE,EN,Federal Contract Tower,0,3,3,0,6,0,2,147,0,149,0,5,150,0,155,68,0,68,223
04/29/2014,HFD,CT,ANE,EN,Federal Contract Tower,0,2,9,0,11,0,0,39,0,39,0,2,48,0,50,94,0,94,144
04/30/2014,HFD,CT,ANE,EN,Federal Contract Tower,0,6,12,0,18,0,0,0,0,0,0,6,12,0,18,0,0,0,18
05/01/2014,HFD,CT,ANE,EN,Federal Contract Tower,0,1,2,0,3,0,0,38,0,38,0,1,40,0,41,76,0,76,117
05/02/2014,HFD,CT,ANE,EN,Federal Contract Tower,0,5,5,0,10,0,1,138,0,139,0,6,143,0,149,48,0,48,197
05/03/2014,HFD,CT,ANE,EN,Federal Contract Tower,0,0,9,0,9,0,0,157,0,157,0,0,166,0,166,114,0,114,280
05/04/2014,HFD,CT,ANE,EN,Federal Contract Tower,0,0,3,0,3,0,0,34,2,36,0,0,37,2,39,32,1,33,72
05/05/2014,HFD,CT,ANE,EN,Federal Contract Tower,0,0,3,0,3,0,2,74,0,76,0,2,77,0,79,52,0,52,131
05/06/2014,HFD,CT,ANE,EN,Federal Contract Tower,0,5,4,0,9,0,2,146,0,148,0,7,150,0,157,72,0,72,229
05/07/2014,HFD,CT,ANE,EN,Federal Contract Tower,0,6,5,2,13,0,2,179,0,181,0,8,184,2,194,162,0,162,356
05/08/2014,HFD,CT,ANE,EN,Federal Contract Tower,0,5,37,0,42,0,0,21,0,21,0,5,58,0,63,14,0,14,77
05/09/2014,HFD,CT,ANE,EN,Federal Contract Tower,0,4,16,0,20,0,0,6,0,6,0,4,22,0,26,32,0,32,58
05/10/2014,HFD,CT,ANE,EN,Federal Contract Tower,0,0,15,0,15,0,0,48,0,48,0,0,63,0,63,86,0,86,149
05/11/2014,HFD,CT,ANE,EN,Federal Contract Tower,0,0,6,0,6,0,0,199,0,199,0,0,205,0,205,58,0,58,263
05/12/2014,HFD,CT,ANE,EN,Federal Contract Tower,0,4,9,0,13,0,2,147,0,149,0,6,156,0,162,106,0,106,268
05/13/2014,HFD,CT,ANE,EN,Federal Contract Tower,0,2,7,0,9,0,2,116,0,118,0,4,123,0,127,114,14,128,255
05/14/2014,HFD,CT,ANE,EN,Federal Contract Tower,0,2,13,0,15,0,0,96,0,96,0,2,109,0,111,108,4,112,223
05/15/2014,HFD,CT,ANE,EN,Federal Contract Tower,0,4,18,2,24,0,0,29,0,29,0,4,47,2,53,34,0,34,87
05/16/2014,HFD,CT,ANE,EN,Federal Contract Tower,0,4,13,0,17,0,0,1,0,1,0,4,14,0,18,0,0,0,18
05/17/2014,HFD,CT,ANE,EN,Federal Contract Tower,0,10,9,0,19,0,0,124,0,124,0,10,133,0,143,134,0,134,277
05/18/2014,HFD,CT,ANE,EN,Federal Contract Tower,0,2,12,0,14,0,0,133,0,133,0,2,145,0,147,56,0,56,203
05/19/2014,HFD,CT,ANE,EN,Federal Contract Tower,0,4,9,0,13,0,2,106,0,108,0,6,115,0,121,64,4,68,189
05/20/2014,HFD,CT,ANE,EN,Federal Contract Tower,0,0,3,0,3,0,2,142,0,144,0,2,145,0,147,50,0,50,197
05/21/2014,HFD,CT,ANE,EN,Federal Contract Tower,0,3,3,0,6,0,0,182,0,182,0,3,185,0,188,164,0,164,352
05/22/2014,HFD,CT,ANE,EN,Federal Contract Tower,0,5,18,0,23,0,0,9,0,9,0,5,27,0,32,16,0,16,48
05/23/2014,HFD,CT,ANE,EN,Federal Contract Tower,0,3,31,0,34,0,0,18,0,18,0,3,49,0,52,42,0,42,94
05/24/2014,HFD,CT,ANE,EN,Federal Contract Tower,0,0,12,0,12,0,0,99,0,99,0,0,111,0,111,124,0,124,235
05/25/2014,HFD,CT,ANE,EN,Federal Contract Tower,0,0,6,0,6,0,0,124,0,124,0,0,130,0,130,120,0,120,250
05/26/2014,HFD,CT,ANE,EN,Federal Contract Tower,0,1,8,0,9,0,0,103,0,103,0,1,111,0,112,112,0,112,224
05/27/2014,HFD,CT,ANE,EN,Federal Contract Tower,0,1,7,0,8,0,0,100,0,100,0,1,107,0,108,94,0,94,202
05/28/2014,HFD,CT,ANE,EN,Federal Contract Tower,0,2,17,0,19,0,0,21,0,21,0,2,38,0,40,44,0,44,84
05/29/2014,HFD,CT,ANE,EN,Federal Contract Tower,0,0,5,0,5,0,2,126,0,128,0,2,131,0,133,160,0,160,293
05/30/2014,HFD,CT,ANE,EN,Federal Contract Tower,0,0,7,0,7,0,2,113,0,115,0,2,120,0,122,68,0,68,190
05/31/2014,HFD,CT,ANE,EN,Federal Contract Tower,0,0,9,0,9,0,0,78,0,78,0,0,87,0,87,102,0,102,189
06/01/2014,HFD,CT,ANE,EN,Federal Contract Tower,0,0,10,0,10,0,0,154,4,158,0,0,164,4,168,208,0,208,376
06/02/2014,HFD,CT,ANE,EN,Federal Contract Tower,0,2,7,0,9,0,3,123,0,126,0,5,130,0,135,70,0,70,205
06/03/2014,HFD,CT,ANE,EN,Federal Contract Tower,0,0,9,0,9,0,2,109,0,111,0,2,118,0,120,72,0,72,192
06/04/2014,HFD,CT,ANE,EN,Federal Contract Tower,0,4,11,0,15,0,0,56,0,56,0,4,67,0,71,84,0,84,155
06/05/2014,HFD,CT,ANE,EN,Federal Contract Tower,0,2,10,0,12,0,0,32,0,32,0,2,42,0,44,0,0,0,44
06/06/2014,HFD,CT,ANE,EN,Federal Contract Tower,0,0,11,0,11,0,2,131,0,133,0,2,142,0,144,72,0,72,216
06/07/2014,HFD,CT,ANE,EN,Federal Contract Tower,0,0,2,0,2,0,0,174,0,174,0,0,176,0,176,204,0,204,380
06/08/2014,HFD,CT,ANE,EN,Federal Contract Tower,0,0,5,0,5,0,0,126,0,126,0,0,131,0,131,112,0,112,243
06/09/2014,HFD,CT,ANE,EN,Federal Contract Tower,0,0,17,0,17,0,0,37,0,37,0,0,54,0,54,52,0,52,106
06/10/2014,HFD,CT,ANE,EN,Federal Contract Tower,0,5,12,0,17,0,0,36,0,36,0,5,48,0,53,68,0,68,121
06/11/2014,HFD,CT,ANE,EN,Federal Contract Tower,0,2,14,0,16,0,0,88,0,88,0,2,102,0,104,98,0,98,202
06/12/2014,HFD,CT,ANE,EN,Federal Contract Tower,0,4,20,0,24,0,0,21,0,21,0,4,41,0,45,6,0,6,51
06/13/2014,HFD,CT,ANE,EN,Federal Contract Tower,0,0,10,0,10,0,0,0,0,0,0,0,10,0,10,0,0,0,10
06/14/2014,HFD,CT,ANE,EN,Federal Contract Tower,0,0,12,0,12,0,0,127,0,127,0,0,139,0,139,92,0,92,231
06/15/2014,HFD,CT,ANE,EN,Federal Contract Tower,0,0,6,0,6,0,0,107,0,107,0,0,113,0,113,38,0,38,151
06/16/2014,HFD,CT,ANE,EN,Federal Contract Tower,0,4,10,0,14,0,2,125,0,127,0,6,135,0,141,86,0,86,227
06/17/2014,HFD,CT,ANE,EN,Federal Contract Tower,0,13,18,0,31,0,1,129,0,130,0,14,147,0,161,102,0,102,263
06/18/2014,HFD,CT,ANE,EN,Federal Contract Tower,0,4,7,0,11,0,2,100,0,102,0,6,107,0,113,80,0,80,193
06/19/2014,HFD,CT,ANE,EN,Federal Contract Tower,0,0,14,0,14,0,2,96,0,98,0,2,110,0,112,108,0,108,220
06/20/2014,HFD,CT,ANE,EN,Federal Contract Tower,0,0,11,0,11,0,2,169,0,171,0,2,180,0,182,86,4,90,272
06/21/2014,HFD,CT,ANE,EN,Federal Contract Tower,0,0,1,0,1,0,0,200,0,200,0,0,201,0,201,162,0,162,363
06/22/2014,HFD,CT,ANE,EN,Federal Contract Tower,0,18,3,0,21,0,0,151,0,151,0,18,154,0,172,130,0,130,302
06/23/2014,HFD,CT,ANE,EN,Federal Contract Tower,0,8,11,0,19,0,2,139,0,141,0,10,150,0,160,96,0,96,256
06/24/2014,HFD,CT,ANE,EN,Federal Contract Tower,0,0,6,0,6,0,2,109,0,111,0,2,115,0,117,98,0,98,215
06/25/2014,HFD,CT,ANE,EN,Federal Contract Tower,0,6,12,0,18,0,0,44,0,44,0,6,56,0,62,40,0,40,102
06/26/2014,HFD,CT,ANE,EN,Federal Contract Tower,0,2,11,0,13,0,0,74,0,74,0,2,85,0,87,110,0,110,197
06/27/2014,HFD,CT,ANE,EN,Federal Contract Tower,0,2,7,0,9,0,2,149,0,151,0,4,156,0,160,149,0,149,309
06/28/2014,HFD,CT,ANE,EN,Federal Contract Tower,0,0,4,0,4,0,0,185,0,185,0,0,189,0,189,244,0,244,433
06/29/2014,HFD,CT,ANE,EN,Federal Contract Tower,0,2,8,0,10,0,0,139,0,139,0,2,147,0,149,110,0,110,259
06/30/2014,HFD,CT,ANE,EN,Federal Contract Tower,0,1,10,0,11,0,2,134,0,136,0,3,144,0,147,80,0,80,227
07/01/2014,HFD,CT,ANE,EN,Federal Contract Tower,0,0,5,0,5,0,2,112,0,114,0,2,117,0,119,58,2,60,179
07/02/2014,HFD,CT,ANE,EN,Federal Contract Tower,0,2,3,0,5,0,2,74,0,76,0,4,77,0,81,28,2,30,111
07/03/2014,HFD,CT,ANE,EN,Federal Contract Tower,0,2,9,0,11,0,0,34,0,34,0,2,43,0,45,60,0,60,105
07/04/2014,HFD,CT,ANE,EN,Federal Contract Tower,0,0,6,0,6,0,0,0,0,0,0,0,6,0,6,0,0,0,6
07/05/2014,HFD,CT,ANE,EN,Federal Contract Tower,0,3,5,0,8,0,1,73,0,74,0,4,78,0,82,40,0,40,122
07/06/2014,HFD,CT,ANE,EN,Federal Contract Tower,0,0,4,0,4,0,0,85,0,85,0,0,89,0,89,38,0,38,127
07/07/2014,HFD,CT,ANE,EN,Federal Contract Tower,0,0,7,0,7,0,2,104,0,106,0,2,111,0,113,46,0,46,159
07/08/2014,HFD,CT,ANE,EN,Federal Contract Tower,0,5,3,0,8,0,0,115,0,115,0,5,118,0,123,114,0,114,237
07/09/2014,HFD,CT,ANE,EN,Federal Contract Tower,0,7,9,0,16,0,1,127,0,128,0,8,136,0,144,142,0,142,286
07/10/2014,HFD,CT,ANE,EN,Federal Contract Tower,0,3,5,0,8,0,0,172,2,174,0,3,177,2,182,110,0,110,292
07/11/2014,HFD,CT,ANE,EN,Federal Contract Tower,0,4,7,0,11,0,2,166,0,168,0,6,173,0,179,44,4,48,227
07/12/2014,HFD,CT,ANE,EN,Federal Contract Tower,0,1,5,0,6,0,0,206,0,206,0,1,211,0,212,96,0,96,308
07/13/2014,HFD,CT,ANE,EN,Federal Contract Tower,0,0,27,0,27,0,0,46,0,46,0,0,73,0,73,30,0,30,103
07/14/2014,HFD,CT,ANE,EN,Federal Contract Tower,0,9,23,0,32,0,0,13,0,13,0,9,36,0,45,36,0,36,81
07/15/2014,HFD,CT,ANE,EN,Federal Contract Tower,0,0,9,0,9,0,0,6,0,6,0,0,15,0,15,20,0,20,35
07/16/2014,HFD,CT,ANE,EN,Federal Contract Tower,0,2,20,0,22,0,2,49,0,51,0,4,69,0,73,40,0,40,113
07/17/2014,HFD,CT,ANE,EN,Federal Contract Tower,0,0,9,0,9,0,2,175,0,177,0,2,184,0,186,176,0,176,362
07/18/2014,HFD,CT,ANE,EN,Federal Contract Tower,0,0,10,0,10,0,2,177,0,179,0,2,187,0,189,94,0,94,283
07/19/2014,HFD,CT,ANE,EN,Federal Contract Tower,0,4,3,0,7,0,0,163,0,163,0,4,166,0,170,112,2,114,284
07/20/2014,HFD,CT,ANE,EN,Federal Contract Tower,0,0,13,0,13,0,0,172,2,174,0,0,185,2,187,160,0,160,347
07/21/2014,HFD,CT,ANE,EN,Federal Contract Tower,0,2,10,0,12,0,0,138,0,138,0,2,148,0,150,132,0,132,282
07/22/2014,HFD,CT,ANE,EN,Federal Contract Tower,0,4,4,0,8,0,2,141,0,143,0,6,145,0,151,204,0,204,355
07/23/2014,HFD,CT,ANE,EN,Federal Contract Tower,0,8,1,0,9,0,1,96,0,97,0,9,97,0,106,110,0,110,216
07/24/2014,HFD,CT,ANE,EN,Federal Contract Tower,0,2,12,0,14,0,3,103,0,106,0,5,115,0,120,150,0,150,270
07/25/2014,HFD,CT,ANE,EN,Federal Contract Tower,0,0,16,0,16,0,2,162,0,164,0,2,178,0,180,136,0,136,316
07/26/2014,HFD,CT,ANE,EN,Federal Contract Tower,0,0,7,0,7,0,0,167,0,167,0,0,174,0,174,92,0,92,266
07/27/2014,HFD,CT,ANE,EN,Federal Contract Tower,0,0,17,0,17,0,0,26,0,26,0,0,43,0,43,46,0,46,89
07/28/2014,HFD,CT,ANE,EN,Federal Contract Tower,0,0,19,0,19,0,1,37,0,38,0,1,56,0,57,132,0,132,189
07/29/2014,HFD,CT,ANE,EN,Federal Contract Tower,0,1,8,0,9,0,0,144,0,144,0,1,152,0,153,160,0,160,313
07/30/2014,HFD,CT,ANE,EN,Federal Contract Tower,0,0,11,0,11,0,2,153,0,155,0,2,164,0,166,160,0,160,326
07/31/2014,HFD,CT,ANE,EN,Federal Contract Tower,0,6,4,0,10,0,4,110,0,114,0,10,114,0,124,92,0,92,216
08/01/2014,HFD,CT,ANE,EN,Federal Contract Tower,0,0,12,0,12,0,2,68,0,70,0,2,80,0,82,76,10,86,168
08/02/2014,HFD,CT,ANE,EN,Federal Contract Tower,0,0,9,0,9,0,0,21,0,21,0,0,30,0,30,50,0,50,80
08/03/2014,HFD,CT,ANE,EN,Federal Contract Tower,0,0,19,0,19,0,0,29,0,29,0,0,48,0,48,136,0,136,184
08/04/2014,HFD,CT,ANE,EN,Federal Contract Tower,0,0,14,0,14,0,2,54,0,56,0,2,68,0,70,68,0,68,138
08/05/2014,HFD,CT,ANE,EN,Federal Contract Tower,0,1,0,0,1,0,1,105,0,106,0,2,105,0,107,108,0,108,215
08/06/2014,HFD,CT,ANE,EN,Federal Contract Tower,0,0,7,2,9,0,2,75,1,78,0,2,82,3,87,122,2,124,211
08/07/2014,HFD,CT,ANE,EN,Federal Contract Tower,0,0,10,0,10,0,1,95,0,96,0,1,105,0,106,108,0,108,214
08/08/2014,HFD,CT,ANE,EN,Federal Contract Tower,0,4,9,0,13,0,2,134,0,136,0,6,143,0,149,138,0,138,287
08/09/2014,HFD,CT,ANE,EN,Federal Contract Tower,0,1,4,0,5,0,0,167,0,167,0,1,171,0,172,144,0,144,316
08/10/2014,HFD,CT,ANE,EN,Federal Contract Tower,0,1,6,0,7,0,0,183,0,183,0,1,189,0,190,88,0,88,278
08/11/2014,HFD,CT,ANE,EN,Federal Contract Tower,0,0,18,0,18,0,1,90,0,91,0,1,108,0,109,78,0,78,187
08/12/2014,HFD,CT,ANE,EN,Federal Contract Tower,0,1,6,0,7,0,0,79,0,79,0,1,85,0,86,182,0,182,268
08/13/2014,HFD,CT,ANE,EN,Federal Contract Tower,0,3,11,0,14,0,2,8,0,10,0,5,19,0,24,0,0,0,24
08/14/2014,HFD,CT,ANE,EN,Federal Contract Tower,0,2,6,0,8,0,3,105,0,108,0,5,111,0,116,110,0,110,226
08/15/2014,HFD,CT,ANE,EN,Federal Contract Tower,0,1,9,0,10,0,1,136,0,137,0,2,145,0,147,126,2,128,275
08/16/2014,HFD,CT,ANE,EN,Federal Contract Tower,0,0,4,0,4,0,0,159,0,159,0,0,163,0,163,106,0,106,269
08/17/2014,HFD,CT,ANE,EN,Federal Contract Tower,0,2,1,0,3,0,0,60,0,60,0,2,61,0,63,64,0,64,127
08/18/2014,HFD,CT,ANE,EN,Federal Contract Tower,0,1,9,0,10,0,1,86,0,87,0,2,95,0,97,126,0,126,223
08/19/2014,HFD,CT,ANE,EN,Federal Contract Tower,0,3,4,1,8,0,2,149,1,152,0,5,153,2,160,150,0,150,310
08/20/2014,HFD,CT,ANE,EN,Federal Contract Tower,0,7,30,0,37,0,1,70,0,71,0,8,100,0,108,18,0,18,126
08/21/2014,HFD,CT,ANE,EN,Federal Contract Tower,0,1,6,0,7,0,0,91,0,91,0,1,97,0,98,138,4,142,240
08/22/2014,HFD,CT,ANE,EN,Federal Contract Tower,0,1,17,0,18,0,1,102,0,103,0,2,119,0,121,178,0,178,299
08/23/2014,HFD,CT,ANE,EN,Federal Contract Tower,0,4,18,0,22,0,0,117,0,117,0,4,135,0,139,118,0,118,257
08/24/2014,HFD,CT,ANE,EN,Federal Contract Tower,0,0,7,0,7,0,0,139,0,139,0,0,146,0,146,68,0,68,214
08/25/2014,HFD,CT,ANE,EN,Federal Contract Tower,0,2,8,0,10,0,1,162,0,163,0,3,170,0,173,208,0,208,381
08/26/2014,HFD,CT,ANE,EN,Federal Contract Tower,0,1,12,0,13,0,1,136,0,137,0,2,148,0,150,130,0,130,280
08/27/2014,HFD,CT,ANE,EN,Federal Contract Tower,0,3,3,0,6,0,2,99,0,101,0,5,102,0,107,128,0,128,235
08/28/2014,HFD,CT,ANE,EN,Federal Contract Tower,0,1,6,0,7,0,2,82,0,84,0,3,88,0,91,48,0,48,139
08/29/2014,HFD,CT,ANE,EN,Federal Contract Tower,0,1,9,0,10,0,1,143,0,144,0,2,152,0,154,124,0,124,278
08/30/2014,HFD,CT,ANE,EN,Federal Contract Tower,0,0,9,0,9,0,0,156,0,156,0,0,165,0,165,102,0,102,267
08/31/2014,HFD,CT,ANE,EN,Federal Contract Tower,0,4,12,0,16,0,0,11,0,11,0,4,23,0,27,32,0,32,59
09/01/2014,HFD,CT,ANE,EN,Federal Contract Tower,0,0,14,0,14,0,0,64,0,64,0,0,78,0,78,60,0,60,138
09/02/2014,HFD,CT,ANE,EN,Federal Contract Tower,0,0,7,0,7,0,2,71,0,73,0,2,78,0,80,78,0,78,158
09/03/2014,HFD,CT,ANE,EN,Federal Contract Tower,0,5,5,0,10,0,2,125,0,127,0,7,130,0,137,32,0,32,169
09/04/2014,HFD,CT,ANE,EN,Federal Contract Tower,0,4,5,0,9,0,0,129,0,129,0,4,134,0,138,86,0,86,224
09/05/2014,HFD,CT,ANE,EN,Federal Contract Tower,0,2,5,0,7,0,0,94,0,94,0,2,99,0,101,104,0,104,205
09/06/2014,HFD,CT,ANE,EN,Federal Contract Tower,0,0,10,0,10,0,0,12,0,12,0,0,22,0,22,0,0,0,22
09/07/2014,HFD,CT,ANE,EN,Federal Contract Tower,0,0,5,0,5,0,0,163,0,163,0,0,168,0,168,86,0,86,254
09/08/2014,HFD,CT,ANE,EN,Federal Contract Tower,0,0,4,0,4,0,2,97,0,99,0,2,101,0,103,112,0,112,215
09/09/2014,HFD,CT,ANE,EN,Federal Contract Tower,0,2,7,0,9,0,0,113,0,113,0,2,120,0,122,110,0,110,232
09/10/2014,HFD,CT,ANE,EN,Federal Contract Tower,0,12,7,0,19,0,4,76,0,80,0,16,83,0,99,40,2,42,141
09/11/2014,HFD,CT,ANE,EN,Federal Contract Tower,0,1,14,0,15,0,1,19,0,20,0,2,33,0,35,4,0,4,39
09/12/2014,HFD,CT,ANE,EN,Federal Contract Tower,0,0,8,0,8,0,6,144,0,150,0,6,152,0,158,35,0,35,193
09/13/2014,HFD,CT,ANE,EN,Federal Contract Tower,0,0,21,0,21,0,0,41,0,41,0,0,62,0,62,4,0,4,66
09/14/2014,HFD,CT,ANE,EN,Federal Contract Tower,0,0,4,0,4,0,0,145,0,145,0,0,149,0,149,80,0,80,229
09/15/2014,HFD,CT,ANE,EN,Federal Contract Tower,0,4,11,0,15,0,1,139,0,140,0,5,150,0,155,172,0,172,327
09/16/2014,HFD,CT,ANE,EN,Federal Contract Tower,0,5,17,0,22,0,1,45,0,46,0,6,62,0,68,48,0,48,116
09/17/2014,HFD,CT,ANE,EN,Federal Contract Tower,0,7,6,0,13,0,2,139,0,141,0,9,145,0,154,58,0,58,212
09/18/2014,HFD,CT,ANE,EN,Federal Contract Tower,0,1,16,0,17,0,1,125,0,126,0,2,141,0,143,64,0,64,207
09/19/2014,HFD,CT,ANE,EN,Federal Contract Tower,0,2,6,0,8,0,2,134,0,136,0,4,140,0,144,98,0,98,242
09/20/2014,HFD,CT,ANE,EN,Federal Contract Tower,0,0,12,0,12,0,0,117,0,117,0,0,129,0,129,178,0,178,307
09/21/2014,HFD,CT,ANE,EN,Federal Contract Tower,0,0,23,0,23,0,0,10,0,10,0,0,33,0,33,10,0,10,43
09/22/2014,HFD,CT,ANE,EN,Federal Contract Tower,0,2,3,0,5,0,2,82,0,84,0,4,85,0,89,50,0,50,139
09/23/2014,HFD,CT,ANE,EN,Federal Contract Tower,0,1,4,0,5,0,1,126,0,127,0,2,130,0,132,152,0,152,284
09/24/2014,HFD,CT,ANE,EN,Federal Contract Tower,0,3,8,0,11,0,0,86,0,86,0,3,94,0,97,78,0,78,175
09/25/2014,HFD,CT,ANE,EN,Federal Contract Tower,0,0,15,0,15,0,2,53,0,55,0,2,68,0,70,32,0,32,102
09/26/2014,HFD,CT,ANE,EN,Federal Contract Tower,0,2,16,0,18,0,0,127,0,127,0,2,143,0,145,94,0,94,239
09/27/2014,HFD,CT,ANE,EN,Federal Contract Tower,0,0,12,0,12,0,0,131,4,135,0,0,143,4,147,54,0,54,201
09/28/2014,HFD,CT,ANE,EN,Federal Contract Tower,0,0,11,0,11,0,0,118,0,118,0,0,129,0,129,154,0,154,283
09/29/2014,HFD,CT,ANE,EN,Federal Contract Tower,0,2,8,0,10,0,0,117,0,117,0,2,125,0,127,116,0,116,243
09/30/2014,HFD,CT,ANE,EN,Federal Contract Tower,0,5,35,0,40,0,0,25,0,25,0,5,60,0,65,20,0,20,85
10/01/2014,HFD,CT,ANE,EN,Federal Contract Tower,0,4,27,0,31,0,0,4,0,4,0,4,31,0,35,0,0,0,35
10/02/2014,HFD,CT,ANE,EN,Federal Contract Tower,0,1,36,0,37,0,1,21,0,22,0,2,57,0,59,66,0,66,125
10/03/2014,HFD,CT,ANE,EN,Federal Contract Tower,0,9,10,0,19,0,0,161,0,161,0,9,171,0,180,116,0,116,296
10/04/2014,HFD,CT,ANE,EN,Federal Contract Tower,0,0,8,0,8,0,0,0,0,0,0,0,8,0,8,0,0,0,8
10/05/2014,HFD,CT,ANE,EN,Federal Contract Tower,0,0,7,0,7,0,2,171,0,173,0,2,178,0,180,140,0,140,320
10/06/2014,HFD,CT,ANE,EN,Federal Contract Tower,0,5,4,0,9,0,1,108,0,109,0,6,112,0,118,132,0,132,250
10/07/2014,HFD,CT,ANE,EN,Federal Contract Tower,0,3,5,0,8,0,1,53,0,54,0,4,58,0,62,64,0,64,126
10/08/2014,HFD,CT,ANE,EN,Federal Contract Tower,0,0,9,0,9,0,2,75,0,77,0,2,84,0,86,44,0,44,130
10/09/2014,HFD,CT,ANE,EN,Federal Contract Tower,0,4,14,1,19,0,2,143,1,146,0,6,157,2,165,124,0,124,289
10/10/2014,HFD,CT,ANE,EN,Federal Contract Tower,0,1,7,0,8,0,1,119,0,120,0,2,126,0,128,92,0,92,220
10/11/2014,HFD,CT,ANE,EN,Federal Contract Tower,0,0,13,0,13,0,0,24,0,24,0,0,37,0,37,46,0,46,83
10/12/2014,HFD,CT,ANE,EN,Federal Contract Tower,0,1,6,0,7,0,0,164,0,164,0,1,170,0,171,136,0,136,307
10/13/2014,HFD,CT,ANE,EN,Federal Contract Tower,0,7,18,0,25,0,0,146,2,148,0,7,164,2,173,140,0,140,313
10/14/2014,HFD,CT,ANE,EN,Federal Contract Tower,0,1,17,3,21,0,1,48,0,49,0,2,65,3,70,10,30,40,110
10/15/2014,HFD,CT,ANE,EN,Federal Contract Tower,0,2,14,0,16,0,0,40,0,40,0,2,54,0,56,30,0,30,86
10/16/2014,HFD,CT,ANE,EN,Federal Contract Tower,0,1,7,0,8,0,1,7,0,8,0,2,14,0,16,2,0,2,18
10/17/2014,HFD,CT,ANE,EN,Federal Contract Tower,0,3,17,0,20,0,1,142,0,143,0,4,159,0,163,118,0,118,281
10/18/2014,HFD,CT,ANE,EN,Federal Contract Tower,0,5,8,0,13,0,0,125,0,125,0,5,133,0,138,150,0,150,288
10/19/2014,HFD,CT,ANE,EN,Federal Contract Tower,0,2,2,0,4,0,0,39,0,39,0,2,41,0,43,18,0,18,61
10/20/2014,HFD,CT,ANE,EN,Federal Contract Tower,0,0,7,0,7,0,2,133,4,139,0,2,140,4,146,70,0,70,216
10/21/2014,HFD,CT,ANE,EN,Federal Contract Tower,0,6,16,0,22,0,0,99,0,99,0,6,115,0,121,84,2,86,207
10/22/2014,HFD,CT,ANE,EN,Federal Contract Tower,0,2,18,2,22,0,0,3,0,3,0,2,21,2,25,0,0,0,25
10/23/2014,HFD,CT,ANE,EN,Federal Contract Tower,0,6,7,0,13,0,0,3,0,3,0,6,10,0,16,0,0,0,16
10/24/2014,HFD,CT,ANE,EN,Federal Contract Tower,0,0,22,0,22,0,2,73,0,75,0,2,95,0,97,70,0,70,167
10/25/2014,HFD,CT,ANE,EN,Federal Contract Tower,0,2,20,0,22,0,0,169,0,169,0,2,189,0,191,156,8,164,355
10/26/2014,HFD,CT,ANE,EN,Federal Contract Tower,0,1,5,0,6,0,1,34,0,35,0,2,39,0,41,14,0,14,55
10/27/2014,HFD,CT,ANE,EN,Federal Contract Tower,0,1,8,0,9,0,2,105,0,107,0,3,113,0,116,102,0,102,218
10/28/2014,HFD,CT,ANE,EN,Federal Contract Tower,0,4,9,0,13,0,2,102,0,104,0,6,111,0,117,106,0,106,223
10/29/2014,HFD,CT,ANE,EN,Federal Contract Tower,0,1,1,0,2,0,4,53,0,57,0,5,54,0,59,24,0,24,83
10/30/2014,HFD,CT,ANE,EN,Federal Contract Tower,0,2,8,0,10,0,2,122,2,126,0,4,130,2,136,102,0,102,238
10/31/2014,HFD,CT,ANE,EN,Federal Contract Tower,0,6,11,0,17,0,0,96,0,96,0,6,107,0,113,82,0,82,195
11/01/2014,HFD,CT,ANE,EN,Federal Contract Tower,0,0,8,0,8,0,0,5,0,5,0,0,13,0,13,16,0,16,29
11/02/2014,HFD,CT,ANE,EN,Federal Contract Tower,0,0,1,0,1,0,0,1,0,1,0,0,2,0,2,0,0,0,2
11/03/2014,HFD,CT,ANE,EN,Federal Contract Tower,0,5,4,0,9,0,1,72,0,73,0,6,76,0,82,12,0,12,94
11/04/2014,HFD,CT,ANE,EN,Federal Contract Tower,0,1,10,0,11,0,1,118,0,119,0,2,128,0,130,96,0,96,226
11/05/2014,HFD,CT,ANE,EN,Federal Contract Tower,0,3,17,0,20,0,3,113,0,116,0,6,130,0,136,24,2,26,162
11/06/2014,HFD,CT,ANE,EN,Federal Contract Tower,0,2,12,0,14,0,0,7,0,7,0,2,19,0,21,0,0,0,21
11/07/2014,HFD,CT,ANE,EN,Federal Contract Tower,0,0,2,0,2,0,2,34,0,36,0,2,36,0,38,12,0,12,50
11/08/2014,HFD,CT,ANE,EN,Federal Contract Tower,0,0,9,0,9,0,0,162,0,162,0,0,171,0,171,126,0,126,297
11/09/2014,HFD,CT,ANE,EN,Federal Contract Tower,0,0,7,0,7,0,0,131,0,131,0,0,138,0,138,166,0,166,304
11/10/2014,HFD,CT,ANE,EN,Federal Contract Tower,0,4,5,0,9,0,2,129,0,131,0,6,134,0,140,118,0,118,258
11/11/2014,HFD,CT,ANE,EN,Federal Contract Tower,0,0,8,0,8,0,0,73,0,73,0,0,81,0,81,72,0,72,153
11/12/2014,HFD,CT,ANE,EN,Federal Contract Tower,0,3,12,1,16,0,2,29,0,31,0,5,41,1,47,20,6,26,73
11/13/2014,HFD,CT,ANE,EN,Federal Contract Tower,0,4,6,1,11,0,0,89,0,89,0,4,95,1,100,104,0,104,204
11/14/2014,HFD,CT,ANE,EN,Federal Contract Tower,0,9,3,0,12,0,1,67,0,68,0,10,70,0,80,8,0,8,88
11/15/2014,HFD,CT,ANE,EN,Federal Contract Tower,0,0,12,0,12,0,0,177,0,177,0,0,189,0,189,156,4,160,349
11/16/2014,HFD,CT,ANE,EN,Federal Contract Tower,0,0,4,0,4,0,0,114,0,114,0,0,118,0,118,98,0,98,216
11/17/2014,HFD,CT,ANE,EN,Federal Contract Tower,0,2,2,0,4,0,0,0,0,0,0,2,2,0,4,0,0,0,4
11/18/2014,HFD,CT,ANE,EN,Federal Contract Tower,0,2,3,0,5,0,0,35,0,35,0,2,38,0,40,14,0,14,54
11/19/2014,HFD,CT,ANE,EN,Federal Contract Tower,0,2,9,0,11,0,2,88,0,90,0,4,97,0,101,46,2,48,149
11/20/2014,HFD,CT,ANE,EN,Federal Contract Tower,0,1,7,0,8,0,0,54,0,54,0,1,61,0,62,20,6,26,88
11/21/2014,HFD,CT,ANE,EN,Federal Contract Tower,0,0,5,0,5,0,4,53,0,57,0,4,58,0,62,2,0,2,64
11/22/2014,HFD,CT,ANE,EN,Federal Contract Tower,0,0,16,0,16,0,0,131,0,131,0,0,147,0,147,70,0,70,217
11/23/2014,HFD,CT,ANE,EN,Federal Contract Tower,0,1,5,0,6,0,0,143,0,143,0,1,148,0,149,56,0,56,205
11/24/2014,HFD,CT,ANE,EN,Federal Contract Tower,0,1,2,0,3,0,2,0,0,2,0,3,2,0,5,0,0,0,5
11/25/2014,HFD,CT,ANE,EN,Federal Contract Tower,0,2,7,1,10,0,0,119,0,119,0,2,126,1,129,86,0,86,215
11/26/2014,HFD,CT,ANE,EN,Federal Contract Tower,0,0,0,0,0,0,0,0,0,0,0,0,0,0,0,0,0,0,0
11/27/2014,HFD,CT,ANE,EN,Federal Contract Tower,0,0,2,0,2,0,0,17,0,17,0,0,19,0,19,2,0,2,21
11/28/2014,HFD,CT,ANE,EN,Federal Contract Tower,0,1,7,0,8,0,1,50,0,51,0,2,57,0,59,22,0,22,81
11/29/2014,HFD,CT,ANE,EN,Federal Contract Tower,0,0,8,0,8,0,0,151,0,151,0,0,159,0,159,118,0,118,277
11/30/2014,HFD,CT,ANE,EN,Federal Contract Tower,0,0,7,0,7,0,0,127,0,127,0,0,134,0,134,84,0,84,218
12/01/2014,HFD,CT,ANE,EN,Federal Contract Tower,0,4,16,0,20,0,0,106,0,106,0,4,122,0,126,68,0,68,194
12/02/2014,HFD,CT,ANE,EN,Federal Contract Tower,0,4,3,0,7,0,0,40,0,40,0,4,43,0,47,100,0,100,147
12/03/2014,HFD,CT,ANE,EN,Federal Contract Tower,0,4,9,0,13,0,0,0,0,0,0,4,9,0,13,0,0,0,13
12/04/2014,HFD,CT,ANE,EN,Federal Contract Tower,0,3,4,0,7,0,1,118,0,119,0,4,122,0,126,90,8,98,224
12/05/2014,HFD,CT,ANE,EN,Federal Contract Tower,0,2,11,0,13,0,0,74,0,74,0,2,85,0,87,88,0,88,175
12/06/2014,HFD,CT,ANE,EN,Federal Contract Tower,0,0,4,0,4,0,0,0,0,0,0,0,4,0,4,0,0,0,4
12/07/2014,HFD,CT,ANE,EN,Federal Contract Tower,0,0,12,0,12,0,0,44,0,44,0,0,56,0,56,0,0,0,56
12/08/2014,HFD,CT,ANE,EN,Federal Contract Tower,0,2,12,0,14,0,0,14,0,14,0,2,26,0,28,58,0,58,86
12/09/2014,HFD,CT,ANE,EN,Federal Contract Tower,0,2,0,0,2,0,0,0,0,0,0,2,0,0,2,0,0,0,2
12/10/2014,HFD,CT,ANE,EN,Federal Contract Tower,0,2,3,0,5,0,0,0,0,0,0,2,3,0,5,0,0,0,5
12/11/2014,HFD,CT,ANE,EN,Federal Contract Tower,0,1,7,0,8,0,0,3,0,3,0,1,10,0,11,0,8,8,19
12/12/2014,HFD,CT,ANE,EN,Federal Contract Tower,0,3,9,0,12,0,1,70,0,71,0,4,79,0,83,54,0,54,137
12/13/2014,HFD,CT,ANE,EN,Federal Contract Tower,0,0,11,0,11,0,0,133,0,133,0,0,144,0,144,124,0,124,268
12/14/2014,HFD,CT,ANE,EN,Federal Contract Tower,0,0,6,0,6,0,0,123,0,123,0,0,129,0,129,116,0,116,245
12/15/2014,HFD,CT,ANE,EN,Federal Contract Tower,0,1,7,2,10,0,0,96,0,96,0,1,103,2,106,126,0,126,232
12/16/2014,HFD,CT,ANE,EN,Federal Contract Tower,0,1,11,0,12,0,0,10,0,10,0,1,21,0,22,0,0,0,22
12/17/2014,HFD,CT,ANE,EN,Federal Contract Tower,0,2,14,0,16,0,0,56,6,62,0,2,70,6,78,42,12,54,132
12/18/2014,HFD,CT,ANE,EN,Federal Contract Tower,0,3,10,0,13,0,0,64,0,64,0,3,74,0,77,50,0,50,127
12/19/2014,HFD,CT,ANE,EN,Federal Contract Tower,0,6,3,0,9,0,1,96,0,97,0,7,99,0,106,44,0,44,150
12/20/2014,HFD,CT,ANE,EN,Federal Contract Tower,0,0,7,0,7,0,0,98,0,98,0,0,105,0,105,114,0,114,219
12/21/2014,HFD,CT,ANE,EN,Federal Contract Tower,0,0,1,0,1,0,0,0,0,0,0,0,1,0,1,0,0,0,1
12/22/2014,HFD,CT,ANE,EN,Federal Contract Tower,0,2,5,0,7,0,0,36,0,36,0,2,41,0,43,84,0,84,127
12/23/2014,HFD,CT,ANE,EN,Federal Contract Tower,0,0,10,0,10,0,0,0,0,0,0,0,10,0,10,0,0,0,10
12/24/2014,HFD,CT,ANE,EN,Federal Contract Tower,0,0,1,0,1,0,0,0,0,0,0,0,1,0,1,0,0,0,1
12/25/2014,HFD,CT,ANE,EN,Federal Contract Tower,0,0,0,0,0,0,0,4,0,4,0,0,4,0,4,0,0,0,4
12/26/2014,HFD,CT,ANE,EN,Federal Contract Tower,0,0,7,0,7,0,2,145,0,147,0,2,152,0,154,102,0,102,256
12/27/2014,HFD,CT,ANE,EN,Federal Contract Tower,0,0,11,0,11,0,0,149,0,149,0,0,160,0,160,178,0,178,338
12/28/2014,HFD,CT,ANE,EN,Federal Contract Tower,0,0,9,0,9,0,0,39,0,39,0,0,48,0,48,120,0,120,168
12/29/2014,HFD,CT,ANE,EN,Federal Contract Tower,0,1,3,0,4,0,1,67,0,68,0,2,70,0,72,50,0,50,122
12/30/2014,HFD,CT,ANE,EN,Federal Contract Tower,0,0,6,0,6,0,1,95,0,96,0,1,101,0,102,58,0,58,160
12/31/2014,HFD,CT,ANE,EN,Federal Contract Tower,0,0,3,0,3,0,2,90,0,92,0,2,93,0,95,74,0,74,169
01/01/2015,HFD,CT,ANE,EN,Federal Contract Tower,0,0,2,0,2,0,0,50,0,50,0,0,52,0,52,34,0,34,86
01/02/2015,HFD,CT,ANE,EN,Federal Contract Tower,0,5,7,0,12,0,2,83,0,85,0,7,90,0,97,46,0,46,143
01/03/2015,HFD,CT,ANE,EN,Federal Contract Tower,0,0,5,0,5,0,0,51,0,51,0,0,56,0,56,58,0,58,114
01/04/2015,HFD,CT,ANE,EN,Federal Contract Tower,0,0,2,0,2,0,0,0,0,0,0,0,2,0,2,0,0,0,2
01/05/2015,HFD,CT,ANE,EN,Federal Contract Tower,0,0,2,0,2,0,0,17,0,17,0,0,19,0,19,0,0,0,19
01/06/2015,HFD,CT,ANE,EN,Federal Contract Tower,0,0,1,0,1,0,2,11,0,13,0,2,12,0,14,4,0,4,18
01/07/2015,HFD,CT,ANE,EN,Federal Contract Tower,0,2,2,0,4,0,1,31,0,32,0,3,33,0,36,8,0,8,44
01/08/2015,HFD,CT,ANE,EN,Federal Contract Tower,0,4,9,0,13,0,1,53,2,56,0,5,62,2,69,8,2,10,79
01/09/2015,HFD,CT,ANE,EN,Federal Contract Tower,0,0,3,0,3,0,2,18,0,20,0,2,21,0,23,0,0,0,23
01/10/2015,HFD,CT,ANE,EN,Federal Contract Tower,0,0,8,1,9,0,0,86,0,86,0,0,94,1,95,48,10,58,153
01/11/2015,HFD,CT,ANE,EN,Federal Contract Tower,0,0,4,0,4,0,0,90,0,90,0,0,94,0,94,40,0,40,134
01/12/2015,HFD,CT,ANE,EN,Federal Contract Tower,0,2,0,0,2,0,2,0,0,2,0,4,0,0,4,0,0,0,4
01/13/2015,HFD,CT,ANE,EN,Federal Contract Tower,0,1,2,0,3,0,1,45,0,46,0,2,47,0,49,14,0,14,63
01/14/2015,HFD,CT,ANE,EN,Federal Contract Tower,0,2,6,0,8,0,0,46,0,46,0,2,52,0,54,66,0,66,120
01/15/2015,HFD,CT,ANE,EN,Federal Contract Tower,0,0,6,0,6,0,2,80,0,82,0,2,86,0,88,40,0,40,128
01/16/2015,HFD,CT,ANE,EN,Federal Contract Tower,0,0,10,2,12,0,2,21,0,23,0,2,31,2,35,12,0,12,47
01/17/2015,HFD,CT,ANE,EN,Federal Contract Tower,0,0,9,0,9,0,1,117,0,118,0,1,126,0,127,120,0,120,247
01/18/2015,HFD,CT,ANE,EN,Federal Contract Tower,0,0,1,0,1,0,0,0,0,0,0,0,1,0,1,0,0,0,1
01/19/2015,HFD,CT,ANE,EN,Federal Contract Tower,0,1,4,0,5,0,0,65,0,65,0,1,69,0,70,38,0,38,108
01/20/2015,HFD,CT,ANE,EN,Federal Contract Tower,0,1,10,0,11,0,1,89,0,90,0,2,99,0,101,50,0,50,151
01/21/2015,HFD,CT,ANE,EN,Federal Contract Tower,0,2,3,0,5,0,0,108,0,108,0,2,111,0,113,70,2,72,185
01/22/2015,HFD,CT,ANE,EN,Federal Contract Tower,0,0,5,1,6,0,0,60,0,60,0,0,65,1,66,50,0,50,116
01/23/2015,HFD,CT,ANE,EN,Federal Contract Tower,0,1,9,0,10,0,1,110,0,111,0,2,119,0,121,106,0,106,227
01/24/2015,HFD,CT,ANE,EN,Federal Contract Tower,0,0,1,0,1,0,0,0,0,0,0,0,1,0,1,0,0,0,1
01/25/2015,HFD,CT,ANE,EN,Federal Contract Tower,0,0,6,0,6,0,0,38,2,40,0,0,44,2,46,12,0,12,58
01/26/2015,HFD,CT,ANE,EN,Federal Contract Tower,0,0,2,0,2,0,0,5,0,5,0,0,7,0,7,18,0,18,25
01/27/2015,HFD,CT,ANE,EN,Federal Contract Tower,0,0,0,0,0,0,0,0,0,0,0,0,0,0,0,0,0,0,0
01/28/2015,HFD,CT,ANE,EN,Federal Contract Tower,0,1,2,0,3,0,1,17,0,18,0,2,19,0,21,0,0,0,21
01/29/2015,HFD,CT,ANE,EN,Federal Contract Tower,0,0,4,0,4,0,0,65,0,65,0,0,69,0,69,46,0,46,115
01/30/2015,HFD,CT,ANE,EN,Federal Contract Tower,0,1,1,0,2,0,1,7,0,8,0,2,8,0,10,0,0,0,10
01/31/2015,HFD,CT,ANE,EN,Federal Contract Tower,0,0,0,0,0,0,0,21,0,21,0,0,21,0,21,0,0,0,21
02/01/2015,HFD,CT,ANE,EN,Federal Contract Tower,0,0,4,0,4,0,0,84,0,84,0,0,88,0,88,100,0,100,188
02/02/2015,HFD,CT,ANE,EN,Federal Contract Tower,0,0,0,0,0,0,0,0,0,0,0,0,0,0,0,0,0,0,0
02/03/2015,HFD,CT,ANE,EN,Federal Contract Tower,0,0,1,0,1,0,2,40,0,42,0,2,41,0,43,18,0,18,61
02/04/2015,HFD,CT,ANE,EN,Federal Contract Tower,0,2,0,0,2,0,0,39,0,39,0,2,39,0,41,102,0,102,143
02/05/2015,HFD,CT,ANE,EN,Federal Contract Tower,0,0,0,0,0,0,0,4,0,4,0,0,4,0,4,0,6,6,10
02/06/2015,HFD,CT,ANE,EN,Federal Contract Tower,0,0,1,0,1,0,2,69,0,71,0,2,70,0,72,24,0,24,96
02/07/2015,HFD,CT,ANE,EN,Federal Contract Tower,0,0,2,0,2,0,0,8,0,8,0,0,10,0,10,12,0,12,22
02/08/2015,HFD,CT,ANE,EN,Federal Contract Tower,0,0,0,0,0,0,0,0,0,0,0,0,0,0,0,0,0,0,0
02/09/2015,HFD,CT,ANE,EN,Federal Contract Tower,0,0,0,0,0,0,0,0,0,0,0,0,0,0,0,0,0,0,0
02/10/2015,HFD,CT,ANE,EN,Federal Contract Tower,0,2,1,0,3,0,0,10,1,11,0,2,11,1,14,0,0,0,14
02/11/2015,HFD,CT,ANE,EN,Federal Contract Tower,0,2,3,0,5,0,2,58,0,60,0,4,61,0,65,68,0,68,133
02/12/2015,HFD,CT,ANE,EN,Federal Contract Tower,0,0,0,0,0,0,1,7,0,8,0,1,7,0,8,0,0,0,8
02/13/2015,HFD,CT,ANE,EN,Federal Contract Tower,0,0,3,0,3,0,2,25,0,27,0,2,28,0,30,16,0,16,46
02/14/2015,HFD,CT,ANE,EN,Federal Contract Tower,0,0,1,0,1,0,0,12,0,12,0,0,13,0,13,46,0,46,59
02/15/2015,HFD,CT,ANE,EN,Federal Contract Tower,0,0,0,0,0,0,0,0,0,0,0,0,0,0,0,0,0,0,0
02/16/2015,HFD,CT,ANE,EN,Federal Contract Tower,0,1,4,0,5,0,0,29,0,29,0,1,33,0,34,22,0,22,56
02/17/2015,HFD,CT,ANE,EN,Federal Contract Tower,0,0,0,0,0,0,2,15,2,19,0,2,15,2,19,18,0,18,37
02/18/2015,HFD,CT,ANE,EN,Federal Contract Tower,0,2,1,0,3,0,0,90,0,90,0,2,91,0,93,102,20,122,215
02/19/2015,HFD,CT,ANE,EN,Federal Contract Tower,0,2,0,0,2,0,2,10,0,12,0,4,10,0,14,0,6,6,20
02/20/2015,HFD,CT,ANE,EN,Federal Contract Tower,0,0,1,0,1,0,5,19,0,24,0,5,20,0,25,8,0,8,33
02/21/2015,HFD,CT,ANE,EN,Federal Contract Tower,0,0,1,0,1,0,0,15,0,15,0,0,16,0,16,52,2,54,70
02/22/2015,HFD,CT,ANE,EN,Federal Contract Tower,0,0,2,0,2,0,0,15,0,15,0,0,17,0,17,0,0,0,17
02/23/2015,HFD,CT,ANE,EN,Federal Contract Tower,0,0,4,0,4,0,0,13,0,13,0,0,17,0,17,6,0,6,23
02/24/2015,HFD,CT,ANE,EN,Federal Contract Tower,0,1,5,0,6,0,0,36,0,36,0,1,41,0,42,30,0,30,72
02/25/2015,HFD,CT,ANE,EN,Federal Contract Tower,0,0,3,0,3,0,0,52,0,52,0,0,55,0,55,26,2,28,83
02/26/2015,HFD,CT,ANE,EN,Federal Contract Tower,0,1,10,0,11,0,0,21,0,21,0,1,31,0,32,8,6,14,46
02/27/2015,HFD,CT,ANE,EN,Federal Contract Tower,0,0,7,0,7,0,3,78,0,81,0,3,85,0,88,30,0,30,118
02/28/2015,HFD,CT,ANE,EN,Federal Contract Tower,0,2,5,0,7,0,0,160,0,160,0,2,165,0,167,88,0,88,255
03/01/2015,HFD,CT,ANE,EN,Federal Contract Tower,0,0,0,0,0,0,0,18,0,18,0,0,18,0,18,16,0,16,34
03/02/2015,HFD,CT,ANE,EN,Federal Contract Tower,0,0,3,0,3,0,2,12,0,14,0,2,15,0,17,0,0,0,17
03/03/2015,HFD,CT,ANE,EN,Federal Contract Tower,0,0,3,0,3,0,0,42,0,42,0,0,45,0,45,50,2,52,97
03/04/2015,HFD,CT,ANE,EN,Federal Contract Tower,0,2,10,0,12,0,0,26,0,26,0,2,36,0,38,74,0,74,112
03/05/2015,HFD,CT,ANE,EN,Federal Contract Tower,0,1,0,0,1,0,1,7,0,8,0,2,7,0,9,0,0,0,9
03/06/2015,HFD,CT,ANE,EN,Federal Contract Tower,0,0,7,0,7,0,8,80,0,88,0,8,87,0,95,86,0,86,181
03/07/2015,HFD,CT,ANE,EN,Federal Contract Tower,0,0,5,0,5,0,0,109,0,109,0,0,114,0,114,56,0,56,170
03/08/2015,HFD,CT,ANE,EN,Federal Contract Tower,0,0,4,0,4,0,0,49,2,51,0,0,53,2,55,26,0,26,81
03/09/2015,HFD,CT,ANE,EN,Federal Contract Tower,0,7,8,0,15,0,0,69,0,69,0,7,77,0,84,22,0,22,106
03/10/2015,HFD,CT,ANE,EN,Federal Contract Tower,0,0,7,1,8,0,0,71,0,71,0,0,78,1,79,96,0,96,175
03/11/2015,HFD,CT,ANE,EN,Federal Contract Tower,0,0,15,0,15,0,1,90,0,91,0,1,105,0,106,36,0,36,142
03/12/2015,HFD,CT,ANE,EN,Federal Contract Tower,0,0,2,0,2,0,0,61,0,61,0,0,63,0,63,2,0,2,65
03/13/2015,HFD,CT,ANE,EN,Federal Contract Tower,0,0,6,0,6,0,1,129,0,130,0,1,135,0,136,142,0,142,278
03/14/2015,HFD,CT,ANE,EN,Federal Contract Tower,0,0,5,0,5,0,0,0,0,0,0,0,5,0,5,0,0,0,5
03/15/2015,HFD,CT,ANE,EN,Federal Contract Tower,0,4,2,0,6,0,0,15,0,15,0,4,17,0,21,6,0,6,27
03/16/2015,HFD,CT,ANE,EN,Federal Contract Tower,0,1,6,0,7,0,0,107,0,107,0,1,113,0,114,94,0,94,208
03/17/2015,HFD,CT,ANE,EN,Federal Contract Tower,0,0,2,0,2,0,0,9,0,9,0,0,11,0,11,0,0,0,11
03/18/2015,HFD,CT,ANE,EN,Federal Contract Tower,0,0,3,0,3,0,2,6,0,8,0,2,9,0,11,4,2,6,17
03/19/2015,HFD,CT,ANE,EN,Federal Contract Tower,0,0,4,0,4,0,0,96,0,96,0,0,100,0,100,68,0,68,168
03/20/2015,HFD,CT,ANE,EN,Federal Contract Tower,0,0,1,0,1,0,0,29,0,29,0,0,30,0,30,42,0,42,72
03/21/2015,HFD,CT,ANE,EN,Federal Contract Tower,0,0,7,0,7,0,0,26,0,26,0,0,33,0,33,54,0,54,87
03/22/2015,HFD,CT,ANE,EN,Federal Contract Tower,0,0,3,0,3,0,0,41,0,41,0,0,44,0,44,2,0,2,46
03/23/2015,HFD,CT,ANE,EN,Federal Contract Tower,0,0,0,0,0,0,0,46,0,46,0,0,46,0,46,32,2,34,80
03/24/2015,HFD,CT,ANE,EN,Federal Contract Tower,0,0,7,1,8,0,3,147,0,150,0,3,154,1,158,130,0,130,288
03/25/2015,HFD,CT,ANE,EN,Federal Contract Tower,0,2,9,0,11,0,0,98,0,98,0,2,107,0,109,78,0,78,187
03/26/2015,HFD,CT,ANE,EN,Federal Contract Tower,0,0,3,0,3,0,0,0,0,0,0,0,3,0,3,0,0,0,3
03/27/2015,HFD,CT,ANE,EN,Federal Contract Tower,0,3,9,0,12,0,0,44,0,44,0,3,53,0,56,84,0,84,140
03/28/2015,HFD,CT,ANE,EN,Federal Contract Tower,0,0,4,0,4,0,0,0,0,0,0,0,4,0,4,0,0,0,4
03/29/2015,HFD,CT,ANE,EN,Federal Contract Tower,0,2,7,0,9,0,0,154,0,154,0,2,161,0,163,140,0,140,303
03/30/2015,HFD,CT,ANE,EN,Federal Contract Tower,0,2,5,2,9,0,0,40,0,40,0,2,45,2,49,54,0,54,103
03/31/2015,HFD,CT,ANE,EN,Federal Contract Tower,0,4,8,1,13,0,0,89,0,89,0,4,97,1,102,58,0,58,160
04/01/2015,HFD,CT,ANE,EN,Federal Contract Tower,0,1,11,1,13,0,0,116,3,119,0,1,127,4,132,72,8,80,212
04/02/2015,HFD,CT,ANE,EN,Federal Contract Tower,0,1,6,0,7,0,2,80,0,82,0,3,86,0,89,28,2,30,119
04/03/2015,HFD,CT,ANE,EN,Federal Contract Tower,0,0,12,0,12,0,0,43,0,43,0,0,55,0,55,86,0,86,141
04/04/2015,HFD,CT,ANE,EN,Federal Contract Tower,0,0,3,0,3,0,0,1,0,1,0,0,4,0,4,0,0,0,4
04/05/2015,HFD,CT,ANE,EN,Federal Contract Tower,0,0,8,0,8,0,0,39,0,39,0,0,47,0,47,8,0,8,55
04/06/2015,HFD,CT,ANE,EN,Federal Contract Tower,0,2,9,0,11,0,0,86,0,86,0,2,95,0,97,76,0,76,173
04/07/2015,HFD,CT,ANE,EN,Federal Contract Tower,0,0,9,0,9,0,0,16,0,16,0,0,25,0,25,48,0,48,73
04/08/2015,HFD,CT,ANE,EN,Federal Contract Tower,0,0,7,0,7,0,0,41,0,41,0,0,48,0,48,46,0,46,94
04/09/2015,HFD,CT,ANE,EN,Federal Contract Tower,0,0,13,1,14,0,0,2,0,2,0,0,15,1,16,0,0,0,16
04/10/2015,HFD,CT,ANE,EN,Federal Contract Tower,0,2,1,0,3,0,0,0,0,0,0,2,1,0,3,0,0,0,3
04/11/2015,HFD,CT,ANE,EN,Federal Contract Tower,0,0,3,0,3,0,0,74,0,74,0,0,77,0,77,28,2,30,107
04/12/2015,HFD,CT,ANE,EN,Federal Contract Tower,0,1,6,0,7,0,0,216,0,216,0,1,222,0,223,210,0,210,433
04/13/2015,HFD,CT,ANE,EN,Federal Contract Tower,0,3,6,0,9,0,0,125,0,125,0,3,131,0,134,88,0,88,222
04/14/2015,HFD,CT,ANE,EN,Federal Contract Tower,0,4,4,0,8,0,0,95,0,95,0,4,99,0,103,64,0,64,167
04/15/2015,HFD,CT,ANE,EN,Federal Contract Tower,0,2,11,0,13,0,0,128,0,128,0,2,139,0,141,54,6,60,201
04/16/2015,HFD,CT,ANE,EN,Federal Contract Tower,0,3,4,0,7,0,0,169,0,169,0,3,173,0,176,88,0,88,264
04/17/2015,HFD,CT,ANE,EN,Federal Contract Tower,0,0,19,0,19,0,0,27,0,27,0,0,46,0,46,36,0,36,82
04/18/2015,HFD,CT,ANE,EN,Federal Contract Tower,0,0,1,0,1,0,0,152,0,152,0,0,153,0,153,82,0,82,235
04/19/2015,HFD,CT,ANE,EN,Federal Contract Tower,0,0,3,2,5,0,0,199,0,199,0,0,202,2,204,132,0,132,336
04/20/2015,HFD,CT,ANE,EN,Federal Contract Tower,0,0,5,0,5,0,0,1,0,1,0,0,6,0,6,0,0,0,6
04/21/2015,HFD,CT,ANE,EN,Federal Contract Tower,0,1,12,0,13,0,0,49,0,49,0,1,61,0,62,60,0,60,122
04/22/2015,HFD,CT,ANE,EN,Federal Contract Tower,0,3,5,0,8,0,0,69,4,73,0,3,74,4,81,16,0,16,97
04/23/2015,HFD,CT,ANE,EN,Federal Contract Tower,0,0,6,0,6,0,0,67,2,69,0,0,73,2,75,22,4,26,101
04/24/2015,HFD,CT,ANE,EN,Federal Contract Tower,0,6,4,0,10,0,0,63,0,63,0,6,67,0,73,24,0,24,97
04/25/2015,HFD,CT,ANE,EN,Federal Contract Tower,0,5,7,0,12,0,0,108,0,108,0,5,115,0,120,126,0,126,246
04/26/2015,HFD,CT,ANE,EN,Federal Contract Tower,0,0,7,0,7,0,0,156,0,156,0,0,163,0,163,158,0,158,321
04/27/2015,HFD,CT,ANE,EN,Federal Contract Tower,0,0,7,0,7,0,0,74,0,74,0,0,81,0,81,2,0,2,83
04/28/2015,HFD,CT,ANE,EN,Federal Contract Tower,0,3,11,0,14,0,0,77,0,77,0,3,88,0,91,40,0,40,131
04/29/2015,HFD,CT,ANE,EN,Federal Contract Tower,0,3,7,0,10,0,0,142,0,142,0,3,149,0,152,108,0,108,260
04/30/2015,HFD,CT,ANE,EN,Federal Contract Tower,0,2,4,0,6,0,0,105,0,105,0,2,109,0,111,142,0,142,253
05/01/2015,HFD,CT,ANE,EN,Federal Contract Tower,0,4,10,0,14,0,0,91,0,91,0,4,101,0,105,124,0,124,229
05/02/2015,HFD,CT,ANE,EN,Federal Contract Tower,0,0,2,0,2,0,0,129,0,129,0,0,131,0,131,134,0,134,265
05/03/2015,HFD,CT,ANE,EN,Federal Contract Tower,0,3,13,0,16,0,0,131,0,131,0,3,144,0,147,126,0,126,273
05/04/2015,HFD,CT,ANE,EN,Federal Contract Tower,0,0,4,0,4,0,0,93,0,93,0,0,97,0,97,36,0,36,133
05/05/2015,HFD,CT,ANE,EN,Federal Contract Tower,0,0,4,0,4,0,0,121,0,121,0,0,125,0,125,140,0,140,265
05/06/2015,HFD,CT,ANE,EN,Federal Contract Tower,0,2,10,0,12,0,0,101,0,101,0,2,111,0,113,86,0,86,199
05/07/2015,HFD,CT,ANE,EN,Federal Contract Tower,0,0,9,0,9,0,0,128,0,128,0,0,137,0,137,48,0,48,185
05/08/2015,HFD,CT,ANE,EN,Federal Contract Tower,0,0,7,0,7,0,1,145,0,146,0,1,152,0,153,120,0,120,273
05/09/2015,HFD,CT,ANE,EN,Federal Contract Tower,0,0,16,0,16,0,0,50,0,50,0,0,66,0,66,56,0,56,122
05/10/2015,HFD,CT,ANE,EN,Federal Contract Tower,0,0,13,0,13,0,0,58,0,58,0,0,71,0,71,34,0,34,105
05/11/2015,HFD,CT,ANE,EN,Federal Contract Tower,0,0,9,0,9,0,0,64,0,64,0,0,73,0,73,92,0,92,165
05/12/2015,HFD,CT,ANE,EN,Federal Contract Tower,0,2,8,0,10,0,0,54,0,54,0,2,62,0,64,26,0,26,90
05/13/2015,HFD,CT,ANE,EN,Federal Contract Tower,0,3,8,0,11,0,1,72,0,73,0,4,80,0,84,12,0,12,96
05/14/2015,HFD,CT,ANE,EN,Federal Contract Tower,0,2,10,0,12,0,0,151,0,151,0,2,161,0,163,102,0,102,265
05/15/2015,HFD,CT,ANE,EN,Federal Contract Tower,0,4,7,1,12,0,0,152,2,154,0,4,159,3,166,126,0,126,292
05/16/2015,HFD,CT,ANE,EN,Federal Contract Tower,0,2,8,0,10,0,0,48,0,48,0,2,56,0,58,112,0,112,170
05/17/2015,HFD,CT,ANE,EN,Federal Contract Tower,0,3,10,0,13,0,1,127,0,128,0,4,137,0,141,136,0,136,277
05/18/2015,HFD,CT,ANE,EN,Federal Contract Tower,0,0,30,0,30,0,0,89,0,89,0,0,119,0,119,98,0,98,217
05/19/2015,HFD,CT,ANE,EN,Federal Contract Tower,0,0,10,0,10,0,0,18,0,18,0,0,28,0,28,0,0,0,28
05/20/2015,HFD,CT,ANE,EN,Federal Contract Tower,0,0,16,0,16,0,0,66,0,66,0,0,82,0,82,4,2,6,88
05/21/2015,HFD,CT,ANE,EN,Federal Contract Tower,0,4,7,0,11,0,0,123,0,123,0,4,130,0,134,136,8,144,278
05/22/2015,HFD,CT,ANE,EN,Federal Contract Tower,0,4,4,0,8,0,0,100,0,100,0,4,104,0,108,72,0,72,180
05/23/2015,HFD,CT,ANE,EN,Federal Contract Tower,0,1,5,0,6,0,0,140,0,140,0,1,145,0,146,116,0,116,262
05/24/2015,HFD,CT,ANE,EN,Federal Contract Tower,0,5,9,0,14,0,0,118,0,118,0,5,127,0,132,92,0,92,224
05/25/2015,HFD,CT,ANE,EN,Federal Contract Tower,0,0,4,0,4,0,0,69,0,69,0,0,73,0,73,58,0,58,131
05/26/2015,HFD,CT,ANE,EN,Federal Contract Tower,0,0,7,0,7,0,0,103,0,103,0,0,110,0,110,56,0,56,166
05/27/2015,HFD,CT,ANE,EN,Federal Contract Tower,0,2,7,0,9,0,0,65,0,65,0,2,72,0,74,20,0,20,94
05/28/2015,HFD,CT,ANE,EN,Federal Contract Tower,0,11,14,0,25,0,2,28,0,30,0,13,42,0,55,22,0,22,77
05/29/2015,HFD,CT,ANE,EN,Federal Contract Tower,0,0,8,0,8,0,0,132,0,132,0,0,140,0,140,108,0,108,248
05/30/2015,HFD,CT,ANE,EN,Federal Contract Tower,0,0,6,0,6,0,0,166,0,166,0,0,172,0,172,90,0,90,262
05/31/2015,HFD,CT,ANE,EN,Federal Contract Tower,0,0,8,0,8,0,0,12,0,12,0,0,20,0,20,4,0,4,24
06/01/2015,HFD,CT,ANE,EN,Federal Contract Tower,0,0,9,0,9,0,0,0,0,0,0,0,9,0,9,0,0,0,9
06/02/2015,HFD,CT,ANE,EN,Federal Contract Tower,0,0,18,0,18,0,0,1,0,1,0,0,19,0,19,0,0,0,19
06/03/2015,HFD,CT,ANE,EN,Federal Contract Tower,0,0,21,0,21,0,0,135,0,135,0,0,156,0,156,60,0,60,216
06/04/2015,HFD,CT,ANE,EN,Federal Contract Tower,0,2,11,0,13,0,0,86,0,86,0,2,97,0,99,86,0,86,185
06/05/2015,HFD,CT,ANE,EN,Federal Contract Tower,0,0,11,0,11,0,0,115,0,115,0,0,126,0,126,48,0,48,174
06/06/2015,HFD,CT,ANE,EN,Federal Contract Tower,0,0,9,0,9,0,0,111,0,111,0,0,120,0,120,86,0,86,206
06/07/2015,HFD,CT,ANE,EN,Federal Contract Tower,0,0,9,0,9,0,0,162,0,162,0,0,171,0,171,142,0,142,313
06/08/2015,HFD,CT,ANE,EN,Federal Contract Tower,0,0,9,0,9,0,0,51,0,51,0,0,60,0,60,56,0,56,116
06/09/2015,HFD,CT,ANE,EN,Federal Contract Tower,0,2,12,0,14,0,0,5,0,5,0,2,17,0,19,0,0,0,19
06/10/2015,HFD,CT,ANE,EN,Federal Contract Tower,0,1,10,0,11,0,0,143,0,143,0,1,153,0,154,58,0,58,212
06/11/2015,HFD,CT,ANE,EN,Federal Contract Tower,0,2,5,0,7,0,0,66,0,66,0,2,71,0,73,78,4,82,155
06/12/2015,HFD,CT,ANE,EN,Federal Contract Tower,0,0,7,1,8,0,0,131,0,131,0,0,138,1,139,70,0,70,209
06/13/2015,HFD,CT,ANE,EN,Federal Contract Tower,0,0,11,0,11,0,0,132,0,132,0,0,143,0,143,96,4,100,243
06/14/2015,HFD,CT,ANE,EN,Federal Contract Tower,0,0,4,0,4,0,0,158,0,158,0,0,162,0,162,188,0,188,350
06/15/2015,HFD,CT,ANE,EN,Federal Contract Tower,0,2,14,0,16,0,0,0,0,0,0,2,14,0,16,0,0,0,16
06/16/2015,HFD,CT,ANE,EN,Federal Contract Tower,0,4,22,0,26,0,0,11,0,11,0,4,33,0,37,2,0,2,39
06/17/2015,HFD,CT,ANE,EN,Federal Contract Tower,0,7,12,1,20,0,0,146,0,146,0,7,158,1,166,66,0,66,232
06/18/2015,HFD,CT,ANE,EN,Federal Contract Tower,0,5,13,0,18,0,1,85,0,86,0,6,98,0,104,40,0,40,144
06/19/2015,HFD,CT,ANE,EN,Federal Contract Tower,0,1,11,0,12,0,0,105,0,105,0,1,116,0,117,76,6,82,199
06/20/2015,HFD,CT,ANE,EN,Federal Contract Tower,0,0,12,0,12,0,0,108,0,108,0,0,120,0,120,110,0,110,230
06/21/2015,HFD,CT,ANE,EN,Federal Contract Tower,0,2,5,1,8,0,0,10,0,10,0,2,15,1,18,0,2,2,20
06/22/2015,HFD,CT,ANE,EN,Federal Contract Tower,0,3,14,0,17,0,0,145,0,145,0,3,159,0,162,38,0,38,200
06/23/2015,HFD,CT,ANE,EN,Federal Contract Tower,0,0,4,0,4,0,0,27,0,27,0,0,31,0,31,16,4,20,51
06/24/2015,HFD,CT,ANE,EN,Federal Contract Tower,0,0,16,0,16,0,0,164,0,164,0,0,180,0,180,70,0,70,250
06/25/2015,HFD,CT,ANE,EN,Federal Contract Tower,0,0,7,0,7,0,1,129,0,130,0,1,136,0,137,68,2,70,207
06/26/2015,HFD,CT,ANE,EN,Federal Contract Tower,0,0,8,0,8,0,0,118,0,118,0,0,126,0,126,162,0,162,288
06/27/2015,HFD,CT,ANE,EN,Federal Contract Tower,0,0,4,0,4,0,0,105,0,105,0,0,109,0,109,30,0,30,139
06/28/2015,HFD,CT,ANE,EN,Federal Contract Tower,0,2,6,0,8,0,0,2,0,2,0,2,8,0,10,0,0,0,10
06/29/2015,HFD,CT,ANE,EN,Federal Contract Tower,0,2,12,0,14,0,0,78,0,78,0,2,90,0,92,96,0,96,188
06/30/2015,HFD,CT,ANE,EN,Federal Contract Tower,0,0,10,0,10,0,0,108,0,108,0,0,118,0,118,4,86,90,208
07/01/2015,HFD,CT,ANE,EN,Federal Contract Tower,0,2,12,0,14,0,0,15,0,15,0,2,27,0,29,10,0,10,39
07/02/2015,HFD,CT,ANE,EN,Federal Contract Tower,0,0,7,0,7,0,0,128,0,128,0,0,135,0,135,98,2,100,235
07/03/2015,HFD,CT,ANE,EN,Federal Contract Tower,0,0,11,0,11,0,0,154,0,154,0,0,165,0,165,80,0,80,245
07/04/2015,HFD,CT,ANE,EN,Federal Contract Tower,0,0,0,0,0,0,0,66,0,66,0,0,66,0,66,94,0,94,160
07/05/2015,HFD,CT,ANE,EN,Federal Contract Tower,0,0,4,0,4,0,3,108,0,111,0,3,112,0,115,46,0,46,161
07/06/2015,HFD,CT,ANE,EN,Federal Contract Tower,0,2,9,0,11,0,0,125,0,125,0,2,134,0,136,90,0,90,226
07/07/2015,HFD,CT,ANE,EN,Federal Contract Tower,0,0,19,0,19,0,0,34,0,34,0,0,53,0,53,32,0,32,85
07/08/2015,HFD,CT,ANE,EN,Federal Contract Tower,0,2,14,0,16,0,0,76,10,86,0,2,90,10,102,96,0,96,198
07/09/2015,HFD,CT,ANE,EN,Federal Contract Tower,0,0,17,0,17,0,0,0,0,0,0,0,17,0,17,140,8,148,165
07/10/2015,HFD,CT,ANE,EN,Federal Contract Tower,0,0,11,0,11,0,0,120,0,120,0,0,131,0,131,134,0,134,265
07/11/2015,HFD,CT,ANE,EN,Federal Contract Tower,0,0,4,0,4,0,0,133,0,133,0,0,137,0,137,120,0,120,257
07/12/2015,HFD,CT,ANE,EN,Federal Contract Tower,0,2,6,0,8,0,0,129,0,129,0,2,135,0,137,44,0,44,181
07/13/2015,HFD,CT,ANE,EN,Federal Contract Tower,0,1,4,0,5,0,0,86,0,86,0,1,90,0,91,60,0,60,151
07/14/2015,HFD,CT,ANE,EN,Federal Contract Tower,0,2,20,0,22,0,0,12,0,12,0,2,32,0,34,22,0,22,56
07/15/2015,HFD,CT,ANE,EN,Federal Contract Tower,0,5,11,0,16,0,2,40,0,42,0,7,51,0,58,86,0,86,144
07/16/2015,HFD,CT,ANE,EN,Federal Contract Tower,0,9,4,0,13,0,0,141,0,141,0,9,145,0,154,102,0,102,256
07/17/2015,HFD,CT,ANE,EN,Federal Contract Tower,0,2,11,0,13,0,0,115,0,115,0,2,126,0,128,64,0,64,192
07/18/2015,HFD,CT,ANE,EN,Federal Contract Tower,0,1,11,0,12,0,0,67,0,67,0,1,78,0,79,136,4,140,219
07/19/2015,HFD,CT,ANE,EN,Federal Contract Tower,0,2,7,0,9,0,0,137,2,139,0,2,144,2,148,152,0,152,300
07/20/2015,HFD,CT,ANE,EN,Federal Contract Tower,0,0,11,0,11,0,0,119,0,119,0,0,130,0,130,120,0,120,250
07/21/2015,HFD,CT,ANE,EN,Federal Contract Tower,0,2,16,0,18,0,2,122,2,126,0,4,138,2,144,82,6,88,232
07/22/2015,HFD,CT,ANE,EN,Federal Contract Tower,0,4,10,0,14,0,0,92,0,92,0,4,102,0,106,84,0,84,190
07/23/2015,HFD,CT,ANE,EN,Federal Contract Tower,0,0,11,0,11,0,0,108,0,108,0,0,119,0,119,62,0,62,181
07/24/2015,HFD,CT,ANE,EN,Federal Contract Tower,0,0,11,0,11,0,0,125,0,125,0,0,136,0,136,52,0,52,188
07/25/2015,HFD,CT,ANE,EN,Federal Contract Tower,0,0,11,0,11,0,1,175,0,176,0,1,186,0,187,172,0,172,359
07/26/2015,HFD,CT,ANE,EN,Federal Contract Tower,0,0,6,0,6,0,0,42,0,42,0,0,48,0,48,8,0,8,56
07/27/2015,HFD,CT,ANE,EN,Federal Contract Tower,0,0,6,0,6,0,0,64,0,64,0,0,70,0,70,116,0,116,186
07/28/2015,HFD,CT,ANE,EN,Federal Contract Tower,0,0,8,0,8,0,0,93,0,93,0,0,101,0,101,150,0,150,251
07/29/2015,HFD,CT,ANE,EN,Federal Contract Tower,0,1,1,0,2,0,0,131,0,131,0,1,132,0,133,78,0,78,211
07/30/2015,HFD,CT,ANE,EN,Federal Contract Tower,0,3,9,0,12,0,0,46,0,46,0,3,55,0,58,74,0,74,132
07/31/2015,HFD,CT,ANE,EN,Federal Contract Tower,0,0,5,0,5,0,0,147,0,147,0,0,152,0,152,66,0,66,218
08/01/2015,HFD,CT,ANE,EN,Federal Contract Tower,0,0,3,0,3,0,1,114,0,115,0,1,117,0,118,30,0,30,148
08/02/2015,HFD,CT,ANE,EN,Federal Contract Tower,0,0,11,0,11,0,0,166,0,166,0,0,177,0,177,118,0,118,295
08/03/2015,HFD,CT,ANE,EN,Federal Contract Tower,0,4,2,0,6,0,0,84,0,84,0,4,86,0,90,88,0,88,178
08/04/2015,HFD,CT,ANE,EN,Federal Contract Tower,0,4,5,0,9,0,0,105,4,109,0,4,110,4,118,102,0,102,220
08/05/2015,HFD,CT,ANE,EN,Federal Contract Tower,0,2,8,0,10,0,0,108,0,108,0,2,116,0,118,98,4,102,220
08/06/2015,HFD,CT,ANE,EN,Federal Contract Tower,0,0,9,0,9,0,0,138,4,142,0,0,147,4,151,60,0,60,211
08/07/2015,HFD,CT,ANE,EN,Federal Contract Tower,0,3,4,0,7,0,0,125,0,125,0,3,129,0,132,66,0,66,198
08/08/2015,HFD,CT,ANE,EN,Federal Contract Tower,0,1,6,0,7,0,0,149,0,149,0,1,155,0,156,104,0,104,260
08/09/2015,HFD,CT,ANE,EN,Federal Contract Tower,0,0,10,0,10,0,0,103,0,103,0,0,113,0,113,42,0,42,155
08/10/2015,HFD,CT,ANE,EN,Federal Contract Tower,0,0,9,0,9,0,0,98,0,98,0,0,107,0,107,92,0,92,199
08/11/2015,HFD,CT,ANE,EN,Federal Contract Tower,0,0,10,1,11,0,0,1,0,1,0,0,11,1,12,0,0,0,12
08/12/2015,HFD,CT,ANE,EN,Federal Contract Tower,0,0,5,1,6,0,0,144,0,144,0,0,149,1,150,120,2,122,272
08/13/2015,HFD,CT,ANE,EN,Federal Contract Tower,0,0,8,0,8,0,0,141,0,141,0,0,149,0,149,64,12,76,225
08/14/2015,HFD,CT,ANE,EN,Federal Contract Tower,0,0,10,0,10,0,0,147,0,147,0,0,157,0,157,140,0,140,297
08/15/2015,HFD,CT,ANE,EN,Federal Contract Tower,0,0,2,0,2,0,0,112,0,112,0,0,114,0,114,96,0,96,210
08/16/2015,HFD,CT,ANE,EN,Federal Contract Tower,0,1,11,0,12,0,0,115,0,115,0,1,126,0,127,24,0,24,151
08/17/2015,HFD,CT,ANE,EN,Federal Contract Tower,0,0,12,0,12,0,0,99,2,101,0,0,111,2,113,66,0,66,179
08/18/2015,HFD,CT,ANE,EN,Federal Contract Tower,0,2,6,0,8,0,0,94,0,94,0,2,100,0,102,68,0,68,170
08/19/2015,HFD,CT,ANE,EN,Federal Contract Tower,0,0,25,0,25,0,4,93,0,97,0,4,118,0,122,100,0,100,222
08/20/2015,HFD,CT,ANE,EN,Federal Contract Tower,0,4,14,0,18,0,0,73,2,75,0,4,87,2,93,108,16,124,217
08/21/2015,HFD,CT,ANE,EN,Federal Contract Tower,0,0,6,4,10,0,0,18,1,19,0,0,24,5,29,8,0,8,37
08/22/2015,HFD,CT,ANE,EN,Federal Contract Tower,0,0,6,0,6,0,0,134,0,134,0,0,140,0,140,138,0,138,278
08/23/2015,HFD,CT,ANE,EN,Federal Contract Tower,0,0,26,0,26,0,0,17,0,17,0,0,43,0,43,38,0,38,81
08/24/2015,HFD,CT,ANE,EN,Federal Contract Tower,0,0,19,0,19,0,0,75,0,75,0,0,94,0,94,70,0,70,164
08/25/2015,HFD,CT,ANE,EN,Federal Contract Tower,0,3,9,4,16,0,0,33,0,33,0,3,42,4,49,50,0,50,99
08/26/2015,HFD,CT,ANE,EN,Federal Contract Tower,0,4,13,0,17,0,0,132,12,144,0,4,145,12,161,136,0,136,297
08/27/2015,HFD,CT,ANE,EN,Federal Contract Tower,0,1,9,1,11,0,0,122,0,122,0,1,131,1,133,78,0,78,211
08/28/2015,HFD,CT,ANE,EN,Federal Contract Tower,0,2,14,0,16,0,1,135,0,136,0,3,149,0,152,98,8,106,258
08/29/2015,HFD,CT,ANE,EN,Federal Contract Tower,0,1,5,0,6,0,0,156,0,156,0,1,161,0,162,96,0,96,258
08/30/2015,HFD,CT,ANE,EN,Federal Contract Tower,0,0,5,0,5,0,0,150,0,150,0,0,155,0,155,108,0,108,263
08/31/2015,HFD,CT,ANE,EN,Federal Contract Tower,0,1,12,0,13,0,0,100,0,100,0,1,112,0,113,76,0,76,189
09/01/2015,HFD,CT,ANE,EN,Federal Contract Tower,0,0,9,0,9,0,0,106,0,106,0,0,115,0,115,112,0,112,227
09/02/2015,HFD,CT,ANE,EN,Federal Contract Tower,0,2,17,0,19,0,2,139,0,141,0,4,156,0,160,116,0,116,276
09/03/2015,HFD,CT,ANE,EN,Federal Contract Tower,0,2,7,0,9,0,0,51,0,51,0,2,58,0,60,62,0,62,122
09/04/2015,HFD,CT,ANE,EN,Federal Contract Tower,0,0,20,0,20,0,0,0,0,0,0,0,20,0,20,124,0,124,144
09/05/2015,HFD,CT,ANE,EN,Federal Contract Tower,0,0,8,0,8,0,0,123,0,123,0,0,131,0,131,100,0,100,231
09/06/2015,HFD,CT,ANE,EN,Federal Contract Tower,0,0,3,0,3,0,0,126,0,126,0,0,129,0,129,96,0,96,225
09/07/2015,HFD,CT,ANE,EN,Federal Contract Tower,0,0,4,0,4,0,0,105,0,105,0,0,109,0,109,78,0,78,187
09/08/2015,HFD,CT,ANE,EN,Federal Contract Tower,0,2,11,3,16,0,0,102,0,102,0,2,113,3,118,70,0,70,188
09/09/2015,HFD,CT,ANE,EN,Federal Contract Tower,0,1,8,0,9,0,0,93,2,95,0,1,101,2,104,64,6,70,174
09/10/2015,HFD,CT,ANE,EN,Federal Contract Tower,0,1,7,0,8,0,0,13,0,13,0,1,20,0,21,14,0,14,35
09/11/2015,HFD,CT,ANE,EN,Federal Contract Tower,0,4,15,0,19,0,0,0,0,0,0,4,15,0,19,16,2,18,37
09/12/2015,HFD,CT,ANE,EN,Federal Contract Tower,0,0,11,0,11,0,0,22,0,22,0,0,33,0,33,0,0,0,33
09/13/2015,HFD,CT,ANE,EN,Federal Contract Tower,0,1,17,0,18,0,0,3,0,3,0,1,20,0,21,0,0,0,21
09/14/2015,HFD,CT,ANE,EN,Federal Contract Tower,0,0,7,0,7,0,0,72,0,72,0,0,79,0,79,56,0,56,135
09/15/2015,HFD,CT,ANE,EN,Federal Contract Tower,0,0,4,0,4,0,0,135,0,135,0,0,139,0,139,0,154,154,293
09/16/2015,HFD,CT,ANE,EN,Federal Contract Tower,0,0,8,0,8,0,0,119,0,119,0,0,127,0,127,110,0,110,237
09/17/2015,HFD,CT,ANE,EN,Federal Contract Tower,0,0,4,0,4,0,0,150,0,150,0,0,154,0,154,122,0,122,276
09/18/2015,HFD,CT,ANE,EN,Federal Contract Tower,0,2,6,0,8,0,0,137,0,137,0,2,143,0,145,74,0,74,219
09/19/2015,HFD,CT,ANE,EN,Federal Contract Tower,0,0,10,0,10,0,0,113,0,113,0,0,123,0,123,148,0,148,271
09/20/2015,HFD,CT,ANE,EN,Federal Contract Tower,0,0,1,0,1,0,0,99,0,99,0,0,100,0,100,52,0,52,152
09/21/2015,HFD,CT,ANE,EN,Federal Contract Tower,0,0,3,0,3,0,0,118,0,118,0,0,121,0,121,174,0,174,295
09/22/2015,HFD,CT,ANE,EN,Federal Contract Tower,0,1,11,0,12,0,0,133,0,133,0,1,144,0,145,84,0,84,229
09/23/2015,HFD,CT,ANE,EN,Federal Contract Tower,0,0,4,1,5,0,0,94,0,94,0,0,98,1,99,88,0,88,187
09/24/2015,HFD,CT,ANE,EN,Federal Contract Tower,0,1,8,0,9,0,0,113,0,113,0,1,121,0,122,86,2,88,210
09/25/2015,HFD,CT,ANE,EN,Federal Contract Tower,0,6,6,0,12,0,0,102,0,102,0,6,108,0,114,132,0,132,246
09/26/2015,HFD,CT,ANE,EN,Federal Contract Tower,0,0,4,0,4,0,0,95,0,95,0,0,99,0,99,8,0,8,107
09/27/2015,HFD,CT,ANE,EN,Federal Contract Tower,0,2,10,0,12,0,0,118,0,118,0,2,128,0,130,78,0,78,208
09/28/2015,HFD,CT,ANE,EN,Federal Contract Tower,0,0,12,0,12,0,0,62,0,62,0,0,74,0,74,100,0,100,174
09/29/2015,HFD,CT,ANE,EN,Federal Contract Tower,0,0,12,0,12,0,0,5,0,5,0,0,17,0,17,0,0,0,17
09/30/2015,HFD,CT,ANE,EN,Federal Contract Tower,0,1,12,0,13,0,0,2,0,2,0,1,14,0,15,0,0,0,15
10/01/2015,HFD,CT,ANE,EN,Federal Contract Tower,0,4,11,0,15,0,0,40,0,40,0,4,51,0,55,42,0,42,97
10/02/2015,HFD,CT,ANE,EN,Federal Contract Tower,0,1,6,0,7,0,0,18,0,18,0,1,24,0,25,28,0,28,53
10/03/2015,HFD,CT,ANE,EN,Federal Contract Tower,0,1,4,0,5,0,0,4,0,4,0,1,8,0,9,0,0,0,9
10/04/2015,HFD,CT,ANE,EN,Federal Contract Tower,0,0,1,0,1,0,0,57,0,57,0,0,58,0,58,22,0,22,80
10/05/2015,HFD,CT,ANE,EN,Federal Contract Tower,0,0,4,0,4,0,0,95,0,95,0,0,99,0,99,124,0,124,223
10/06/2015,HFD,CT,ANE,EN,Federal Contract Tower,0,3,13,0,16,0,5,112,0,117,0,8,125,0,133,136,0,136,269
10/07/2015,HFD,CT,ANE,EN,Federal Contract Tower,0,0,8,1,9,0,0,114,0,114,0,0,122,1,123,68,2,70,193
10/08/2015,HFD,CT,ANE,EN,Federal Contract Tower,0,3,3,2,8,0,0,107,2,109,0,3,110,4,117,64,10,74,191
10/09/2015,HFD,CT,ANE,EN,Federal Contract Tower,0,4,14,0,18,0,0,7,0,7,0,4,21,0,25,8,0,8,33
10/10/2015,HFD,CT,ANE,EN,Federal Contract Tower,0,3,13,0,16,0,0,108,0,108,0,3,121,0,124,56,0,56,180
10/11/2015,HFD,CT,ANE,EN,Federal Contract Tower,0,0,2,0,2,0,0,86,0,86,0,0,88,0,88,24,0,24,112
10/12/2015,HFD,CT,ANE,EN,Federal Contract Tower,0,2,14,0,16,0,0,138,0,138,0,2,152,0,154,88,0,88,242
10/13/2015,HFD,CT,ANE,EN,Federal Contract Tower,0,3,17,0,20,0,0,92,0,92,0,3,109,0,112,78,4,82,194
10/14/2015,HFD,CT,ANE,EN,Federal Contract Tower,0,5,3,0,8,0,0,105,0,105,0,5,108,0,113,78,6,84,197
10/15/2015,HFD,CT,ANE,EN,Federal Contract Tower,0,0,10,0,10,0,0,114,2,116,0,0,124,2,126,136,0,136,262
10/16/2015,HFD,CT,ANE,EN,Federal Contract Tower,0,0,6,0,6,0,0,64,0,64,0,0,70,0,70,46,0,46,116
10/17/2015,HFD,CT,ANE,EN,Federal Contract Tower,0,0,15,0,15,0,0,87,0,87,0,0,102,0,102,18,0,18,120
10/18/2015,HFD,CT,ANE,EN,Federal Contract Tower,0,3,2,0,5,0,0,89,0,89,0,3,91,0,94,30,0,30,124
10/19/2015,HFD,CT,ANE,EN,Federal Contract Tower,0,0,7,0,7,0,0,108,0,108,0,0,115,0,115,66,0,66,181
10/20/2015,HFD,CT,ANE,EN,Federal Contract Tower,0,0,3,0,3,0,4,111,0,115,0,4,114,0,118,44,0,44,162
10/21/2015,HFD,CT,ANE,EN,Federal Contract Tower,0,0,8,0,8,0,0,141,2,143,0,0,149,2,151,84,10,94,245
10/22/2015,HFD,CT,ANE,EN,Federal Contract Tower,0,0,7,0,7,0,0,88,18,106,0,0,95,18,113,24,18,42,155
10/23/2015,HFD,CT,ANE,EN,Federal Contract Tower,0,0,5,0,5,0,0,51,0,51,0,0,56,0,56,36,0,36,92
10/24/2015,HFD,CT,ANE,EN,Federal Contract Tower,0,0,6,0,6,0,0,173,0,173,0,0,179,0,179,13,0,13,192
10/25/2015,HFD,CT,ANE,EN,Federal Contract Tower,0,2,19,0,21,0,0,32,0,32,0,2,51,0,53,16,0,16,69
10/26/2015,HFD,CT,ANE,EN,Federal Contract Tower,0,0,4,0,4,0,0,130,0,130,0,0,134,0,134,140,0,140,274
10/27/2015,HFD,CT,ANE,EN,Federal Contract Tower,0,0,6,0,6,0,2,124,0,126,0,2,130,0,132,180,0,180,312
10/28/2015,HFD,CT,ANE,EN,Federal Contract Tower,0,0,8,0,8,0,0,8,0,8,0,0,16,0,16,34,0,34,50
10/29/2015,HFD,CT,ANE,EN,Federal Contract Tower,0,0,8,0,8,0,0,28,0,28,0,0,36,0,36,24,0,24,60
10/30/2015,HFD,CT,ANE,EN,Federal Contract Tower,0,0,8,0,8,0,0,69,0,69,0,0,77,0,77,20,0,20,97
10/31/2015,HFD,CT,ANE,EN,Federal Contract Tower,0,0,13,0,13,0,0,126,0,126,0,0,139,0,139,112,0,112,251
11/01/2015,HFD,CT,ANE,EN,Federal Contract Tower,0,0,7,0,7,0,0,31,0,31,0,0,38,0,38,42,0,42,80
11/02/2015,HFD,CT,ANE,EN,Federal Contract Tower,0,2,3,0,5,0,0,97,0,97,0,2,100,0,102,92,0,92,194
11/03/2015,HFD,CT,ANE,EN,Federal Contract Tower,0,0,4,0,4,0,0,121,0,121,0,0,125,0,125,88,0,88,213
11/04/2015,HFD,CT,ANE,EN,Federal Contract Tower,0,0,9,0,9,0,0,149,0,149,0,0,158,0,158,86,0,86,244
11/05/2015,HFD,CT,ANE,EN,Federal Contract Tower,0,0,11,0,11,0,0,48,0,48,0,0,59,0,59,60,0,60,119
11/06/2015,HFD,CT,ANE,EN,Federal Contract Tower,0,4,23,0,27,0,0,24,0,24,0,4,47,0,51,66,0,66,117
11/07/2015,HFD,CT,ANE,EN,Federal Contract Tower,0,0,9,0,9,0,0,110,0,110,0,0,119,0,119,90,0,90,209
11/08/2015,HFD,CT,ANE,EN,Federal Contract Tower,0,0,10,0,10,0,0,139,0,139,0,0,149,0,149,92,2,94,243
11/09/2015,HFD,CT,ANE,EN,Federal Contract Tower,0,2,5,0,7,0,0,110,0,110,0,2,115,0,117,86,0,86,203
11/10/2015,HFD,CT,ANE,EN,Federal Contract Tower,0,0,10,0,10,0,0,28,0,28,0,0,38,0,38,130,0,130,168
11/11/2015,HFD,CT,ANE,EN,Federal Contract Tower,0,0,18,0,18,0,0,6,0,6,0,0,24,0,24,2,0,2,26
11/12/2015,HFD,CT,ANE,EN,Federal Contract Tower,0,0,8,0,8,0,0,2,0,2,0,0,10,0,10,0,0,0,10
11/13/2015,HFD,CT,ANE,EN,Federal Contract Tower,0,0,3,0,3,0,0,44,0,44,0,0,47,0,47,12,0,12,59
11/14/2015,HFD,CT,ANE,EN,Federal Contract Tower,0,0,1,0,1,0,0,7,0,7,0,0,8,0,8,2,0,2,10
11/15/2015,HFD,CT,ANE,EN,Federal Contract Tower,0,4,14,0,18,0,0,117,0,117,0,4,131,0,135,110,0,110,245
11/16/2015,HFD,CT,ANE,EN,Federal Contract Tower,0,2,3,0,5,0,0,101,0,101,0,2,104,0,106,88,0,88,194
11/17/2015,HFD,CT,ANE,EN,Federal Contract Tower,0,2,4,0,6,0,0,109,0,109,0,2,113,0,115,46,0,46,161
11/18/2015,HFD,CT,ANE,EN,Federal Contract Tower,0,4,9,0,13,0,0,82,0,82,0,4,91,0,95,68,4,72,167
11/19/2015,HFD,CT,ANE,EN,Federal Contract Tower,0,0,5,0,5,0,0,8,0,8,0,0,13,0,13,0,0,0,13
11/20/2015,HFD,CT,ANE,EN,Federal Contract Tower,0,0,10,0,10,0,0,88,0,88,0,0,98,0,98,18,0,18,116
11/21/2015,HFD,CT,ANE,EN,Federal Contract Tower,0,0,8,0,8,0,0,121,0,121,0,0,129,0,129,42,0,42,171
11/22/2015,HFD,CT,ANE,EN,Federal Contract Tower,0,0,12,0,12,0,0,44,0,44,0,0,56,0,56,112,0,112,168
11/23/2015,HFD,CT,ANE,EN,Federal Contract Tower,0,0,6,0,6,0,0,50,0,50,0,0,56,0,56,6,0,6,62
11/24/2015,HFD,CT,ANE,EN,Federal Contract Tower,0,0,17,0,17,0,0,106,0,106,0,0,123,0,123,68,0,68,191
11/25/2015,HFD,CT,ANE,EN,Federal Contract Tower,0,0,6,0,6,0,2,119,0,121,0,2,125,0,127,106,0,106,233
11/26/2015,HFD,CT,ANE,EN,Federal Contract Tower,0,0,3,0,3,0,0,18,0,18,0,0,21,0,21,0,0,0,21
11/27/2015,HFD,CT,ANE,EN,Federal Contract Tower,0,0,11,0,11,0,0,58,0,58,0,0,69,0,69,48,0,48,117
11/28/2015,HFD,CT,ANE,EN,Federal Contract Tower,0,2,16,0,18,0,0,18,0,18,0,2,34,0,36,18,0,18,54
11/29/2015,HFD,CT,ANE,EN,Federal Contract Tower,0,4,14,0,18,0,0,198,0,198,0,4,212,0,216,118,0,118,334
11/30/2015,HFD,CT,ANE,EN,Federal Contract Tower,0,4,3,0,7,0,0,72,0,72,0,4,75,0,79,42,0,42,121
12/01/2015,HFD,CT,ANE,EN,Federal Contract Tower,0,0,6,0,6,0,0,25,0,25,0,0,31,0,31,10,0,10,41
12/02/2015,HFD,CT,ANE,EN,Federal Contract Tower,0,0,0,0,0,0,0,0,0,0,0,0,0,0,0,0,0,0,0
12/03/2015,HFD,CT,ANE,EN,Federal Contract Tower,0,2,3,1,6,0,0,35,1,36,0,2,38,2,42,18,0,18,60
12/04/2015,HFD,CT,ANE,EN,Federal Contract Tower,0,0,8,0,8,0,0,117,0,117,0,0,125,0,125,22,0,22,147
12/05/2015,HFD,CT,ANE,EN,Federal Contract Tower,0,0,3,0,3,0,4,217,0,221,0,4,220,0,224,30,0,30,254
12/06/2015,HFD,CT,ANE,EN,Federal Contract Tower,0,0,3,0,3,0,0,142,0,142,0,0,145,0,145,58,0,58,203
12/07/2015,HFD,CT,ANE,EN,Federal Contract Tower,0,4,6,0,10,0,0,93,0,93,0,4,99,0,103,26,0,26,129
12/08/2015,HFD,CT,ANE,EN,Federal Contract Tower,0,0,8,0,8,0,0,62,0,62,0,0,70,0,70,26,0,26,96
12/09/2015,HFD,CT,ANE,EN,Federal Contract Tower,0,2,9,0,11,0,0,84,0,84,0,2,93,0,95,52,0,52,147
12/10/2015,HFD,CT,ANE,EN,Federal Contract Tower,0,1,9,0,10,0,1,65,0,66,0,2,74,0,76,44,0,44,120
12/11/2015,HFD,CT,ANE,EN,Federal Contract Tower,0,0,6,0,6,0,0,65,0,65,0,0,71,0,71,34,0,34,105
12/12/2015,HFD,CT,ANE,EN,Federal Contract Tower,0,2,10,0,12,0,0,161,0,161,0,2,171,0,173,78,0,78,251
12/13/2015,HFD,CT,ANE,EN,Federal Contract Tower,0,0,7,0,7,0,0,88,0,88,0,0,95,0,95,62,0,62,157
12/14/2015,HFD,CT,ANE,EN,Federal Contract Tower,0,0,10,0,10,0,0,0,0,0,0,0,10,0,10,0,0,0,10
12/15/2015,HFD,CT,ANE,EN,Federal Contract Tower,0,0,2,2,4,0,0,13,2,15,0,0,15,4,19,14,0,14,33
12/16/2015,HFD,CT,ANE,EN,Federal Contract Tower,0,1,5,0,6,0,0,120,8,128,0,1,125,8,134,92,0,92,226
12/17/2015,HFD,CT,ANE,EN,Federal Contract Tower,0,1,2,0,3,0,0,0,0,0,0,1,2,0,3,0,0,0,3
12/18/2015,HFD,CT,ANE,EN,Federal Contract Tower,0,2,7,0,9,0,2,57,0,59,0,4,64,0,68,38,0,38,106
12/19/2015,HFD,CT,ANE,EN,Federal Contract Tower,0,0,6,0,6,0,2,45,0,47,0,2,51,0,53,24,0,24,77
12/20/2015,HFD,CT,ANE,EN,Federal Contract Tower,0,0,4,0,4,0,2,149,0,151,0,2,153,0,155,46,0,46,201
12/21/2015,HFD,CT,ANE,EN,Federal Contract Tower,0,0,2,0,2,0,0,67,0,67,0,0,69,0,69,34,0,34,103
12/22/2015,HFD,CT,ANE,EN,Federal Contract Tower,0,0,2,0,2,0,0,3,0,3,0,0,5,0,5,10,0,10,15
12/23/2015,HFD,CT,ANE,EN,Federal Contract Tower,0,1,5,0,6,0,0,0,0,0,0,1,5,0,6,6,0,6,12
12/24/2015,HFD,CT,ANE,EN,Federal Contract Tower,0,0,9,0,9,0,0,4,0,4,0,0,13,0,13,10,0,10,23
12/25/2015,HFD,CT,ANE,EN,Federal Contract Tower,0,0,2,0,2,0,0,26,0,26,0,0,28,0,28,0,0,0,28
12/26/2015,HFD,CT,ANE,EN,Federal Contract Tower,0,2,5,0,7,0,0,91,0,91,0,2,96,0,98,48,0,48,146
12/27/2015,HFD,CT,ANE,EN,Federal Contract Tower,0,0,5,0,5,0,0,2,0,2,0,0,7,0,7,22,0,22,29
12/28/2015,HFD,CT,ANE,EN,Federal Contract Tower,0,0,5,0,5,0,0,130,0,130,0,0,135,0,135,80,0,80,215
12/29/2015,HFD,CT,ANE,EN,Federal Contract Tower,0,0,1,0,1,0,0,0,0,0,0,0,1,0,1,0,0,0,1
12/31/2015,HFD,CT,ANE,EN,Federal Contract Tower,0,0,8,0,8,0,0,45,0,45,0,0,53,0,53,20,0,20,73
01/01/2016,HFD,CT,ANE,EN,Federal Contract Tower,0,0,3,0,3,0,0,41,0,41,0,0,44,0,44,34,0,34,78
01/02/2016,HFD,CT,ANE,EN,Federal Contract Tower,0,0,0,0,0,0,0,98,0,98,0,0,98,0,98,92,0,92,190
01/03/2016,HFD,CT,ANE,EN,Federal Contract Tower,0,0,5,0,5,0,0,84,0,84,0,0,89,0,89,44,0,44,133
01/04/2016,HFD,CT,ANE,EN,Federal Contract Tower,0,0,4,0,4,0,0,38,0,38,0,0,42,0,42,6,0,6,48
01/05/2016,HFD,CT,ANE,EN,Federal Contract Tower,0,0,3,0,3,0,0,71,0,71,0,0,74,0,74,44,0,44,118
01/06/2016,HFD,CT,ANE,EN,Federal Contract Tower,0,1,6,0,7,0,0,106,0,106,0,1,112,0,113,84,10,94,207
01/07/2016,HFD,CT,ANE,EN,Federal Contract Tower,0,0,5,0,5,0,0,100,2,102,0,0,105,2,107,90,6,96,203
01/08/2016,HFD,CT,ANE,EN,Federal Contract Tower,0,5,8,0,13,0,0,43,0,43,0,5,51,0,56,62,0,62,118
01/09/2016,HFD,CT,ANE,EN,Federal Contract Tower,0,0,4,0,4,0,0,58,0,58,0,0,62,0,62,126,0,126,188
01/10/2016,HFD,CT,ANE,EN,Federal Contract Tower,0,0,3,0,3,0,0,2,0,2,0,0,5,0,5,0,0,0,5
01/11/2016,HFD,CT,ANE,EN,Federal Contract Tower,0,1,3,0,4,0,0,57,0,57,0,1,60,0,61,14,0,14,75
01/12/2016,HFD,CT,ANE,EN,Federal Contract Tower,0,1,5,0,6,0,0,57,0,57,0,1,62,0,63,20,0,20,83
01/13/2016,HFD,CT,ANE,EN,Federal Contract Tower,0,0,0,0,0,0,1,22,0,23,0,1,22,0,23,4,22,26,49
01/14/2016,HFD,CT,ANE,EN,Federal Contract Tower,0,1,4,0,5,0,0,89,1,90,0,1,93,1,95,50,2,52,147
01/15/2016,HFD,CT,ANE,EN,Federal Contract Tower,0,0,5,0,5,0,0,91,0,91,0,0,96,0,96,62,0,62,158
01/16/2016,HFD,CT,ANE,EN,Federal Contract Tower,0,0,5,0,5,0,0,25,0,25,0,0,30,0,30,24,0,24,54
01/17/2016,HFD,CT,ANE,EN,Federal Contract Tower,0,0,2,0,2,0,0,99,0,99,0,0,101,0,101,96,0,96,197
01/18/2016,HFD,CT,ANE,EN,Federal Contract Tower,0,0,0,0,0,0,0,11,0,11,0,0,11,0,11,0,0,0,11
01/19/2016,HFD,CT,ANE,EN,Federal Contract Tower,0,0,3,0,3,0,2,13,0,15,0,2,16,0,18,0,0,0,18
01/20/2016,HFD,CT,ANE,EN,Federal Contract Tower,0,0,0,0,0,0,0,89,0,89,0,0,89,0,89,42,14,56,145
01/21/2016,HFD,CT,ANE,EN,Federal Contract Tower,0,0,3,0,3,0,0,74,0,74,0,0,77,0,77,0,8,8,85
01/22/2016,HFD,CT,ANE,EN,Federal Contract Tower,0,0,8,0,8,0,0,70,0,70,0,0,78,0,78,30,0,30,108
01/23/2016,HFD,CT,ANE,EN,Federal Contract Tower,0,0,0,0,0,0,0,0,0,0,0,0,0,0,0,0,0,0,0
01/24/2016,HFD,CT,ANE,EN,Federal Contract Tower,0,0,0,0,0,0,0,45,0,45,0,0,45,0,45,0,0,0,45
01/25/2016,HFD,CT,ANE,EN,Federal Contract Tower,0,1,6,0,7,0,0,109,0,109,0,1,115,0,116,92,0,92,208
01/26/2016,HFD,CT,ANE,EN,Federal Contract Tower,0,2,3,0,5,0,1,73,2,76,0,3,76,2,81,52,10,62,143
01/27/2016,HFD,CT,ANE,EN,Federal Contract Tower,0,0,7,0,7,0,0,77,0,77,0,0,84,0,84,32,2,34,118
01/28/2016,HFD,CT,ANE,EN,Federal Contract Tower,0,0,6,0,6,0,0,93,0,93,0,0,99,0,99,60,0,60,159
01/29/2016,HFD,CT,ANE,EN,Federal Contract Tower,0,0,6,0,6,0,0,48,0,48,0,0,54,0,54,6,0,6,60
01/30/2016,HFD,CT,ANE,EN,Federal Contract Tower,0,0,3,0,3,0,0,137,0,137,0,0,140,0,140,102,0,102,242
01/31/2016,HFD,CT,ANE,EN,Federal Contract Tower,0,0,9,0,9,0,0,159,0,159,0,0,168,0,168,92,0,92,260
02/01/2016,HFD,CT,ANE,EN,Federal Contract Tower,0,1,2,0,3,0,1,84,0,85,0,2,86,0,88,20,0,20,108
02/02/2016,HFD,CT,ANE,EN,Federal Contract Tower,0,0,8,0,8,0,0,120,0,120,0,0,128,0,128,18,0,18,146
02/03/2016,HFD,CT,ANE,EN,Federal Contract Tower,0,0,6,0,6,0,0,0,0,0,0,0,6,0,6,0,0,0,6
02/04/2016,HFD,CT,ANE,EN,Federal Contract Tower,0,1,11,0,12,0,0,65,0,65,0,1,76,0,77,36,2,38,115
02/05/2016,HFD,CT,ANE,EN,Federal Contract Tower,0,0,2,0,2,0,0,6,0,6,0,0,8,0,8,0,0,0,8
02/06/2016,HFD,CT,ANE,EN,Federal Contract Tower,0,0,1,0,1,0,0,63,0,63,0,0,64,0,64,46,0,46,110
02/07/2016,HFD,CT,ANE,EN,Federal Contract Tower,0,0,9,0,9,0,0,132,0,132,0,0,141,0,141,50,0,50,191
02/08/2016,HFD,CT,ANE,EN,Federal Contract Tower,0,2,0,0,2,0,0,1,0,1,0,2,1,0,3,0,0,0,3
02/09/2016,HFD,CT,ANE,EN,Federal Contract Tower,0,0,0,0,0,0,0,8,0,8,0,0,8,0,8,40,0,40,48
02/10/2016,HFD,CT,ANE,EN,Federal Contract Tower,0,0,4,0,4,0,0,24,0,24,0,0,28,0,28,12,0,12,40
02/11/2016,HFD,CT,ANE,EN,Federal Contract Tower,0,2,6,0,8,0,0,28,0,28,0,2,34,0,36,6,2,8,44
02/12/2016,HFD,CT,ANE,EN,Federal Contract Tower,0,0,2,0,2,0,1,42,0,43,0,1,44,0,45,44,0,44,89
02/13/2016,HFD,CT,ANE,EN,Federal Contract Tower,0,0,2,0,2,0,0,12,0,12,0,0,14,0,14,28,0,28,42
02/14/2016,HFD,CT,ANE,EN,Federal Contract Tower,0,0,4,0,4,0,0,25,0,25,0,0,29,0,29,0,0,0,29
02/15/2016,HFD,CT,ANE,EN,Federal Contract Tower,0,0,4,0,4,0,0,11,0,11,0,0,15,0,15,0,0,0,15
02/16/2016,HFD,CT,ANE,EN,Federal Contract Tower,0,0,5,0,5,0,0,2,0,2,0,0,7,0,7,0,0,0,7
02/17/2016,HFD,CT,ANE,EN,Federal Contract Tower,0,0,8,0,8,0,0,83,0,83,0,0,91,0,91,54,6,60,151
02/18/2016,HFD,CT,ANE,EN,Federal Contract Tower,0,0,13,1,14,0,0,60,2,62,0,0,73,3,76,34,4,38,114
02/19/2016,HFD,CT,ANE,EN,Federal Contract Tower,0,1,8,1,10,0,0,122,0,122,0,1,130,1,132,68,0,68,200
02/20/2016,HFD,CT,ANE,EN,Federal Contract Tower,0,0,8,0,8,0,0,98,0,98,0,0,106,0,106,28,0,28,134
02/21/2016,HFD,CT,ANE,EN,Federal Contract Tower,0,1,3,0,4,0,1,147,0,148,0,2,150,0,152,20,0,20,172
02/22/2016,HFD,CT,ANE,EN,Federal Contract Tower,0,0,5,0,5,0,0,115,0,115,0,0,120,0,120,74,0,74,194
02/23/2016,HFD,CT,ANE,EN,Federal Contract Tower,0,1,5,0,6,0,0,20,0,20,0,1,25,0,26,28,0,28,54
02/24/2016,HFD,CT,ANE,EN,Federal Contract Tower,0,0,3,0,3,0,0,0,0,0,0,0,3,0,3,0,0,0,3
02/25/2016,HFD,CT,ANE,EN,Federal Contract Tower,0,1,5,0,6,0,0,25,0,25,0,1,30,0,31,32,0,32,63
02/26/2016,HFD,CT,ANE,EN,Federal Contract Tower,0,0,4,0,4,0,0,36,0,36,0,0,40,0,40,28,0,28,68
02/27/2016,HFD,CT,ANE,EN,Federal Contract Tower,0,0,3,0,3,0,0,163,0,163,0,0,166,0,166,108,0,108,274
02/28/2016,HFD,CT,ANE,EN,Federal Contract Tower,0,0,6,0,6,0,2,132,0,134,0,2,138,0,140,72,0,72,212
02/29/2016,HFD,CT,ANE,EN,Federal Contract Tower,0,0,7,0,7,0,0,51,0,51,0,0,58,0,58,36,0,36,94
03/01/2016,HFD,CT,ANE,EN,Federal Contract Tower,0,0,7,1,8,0,0,102,0,102,0,0,109,1,110,102,0,102,212
03/02/2016,HFD,CT,ANE,EN,Federal Contract Tower,0,2,1,0,3,0,0,16,0,16,0,2,17,0,19,18,0,18,37
03/03/2016,HFD,CT,ANE,EN,Federal Contract Tower,0,2,9,0,11,0,0,119,2,121,0,2,128,2,132,74,4,78,210
03/04/2016,HFD,CT,ANE,EN,Federal Contract Tower,0,0,2,0,2,0,0,30,0,30,0,0,32,0,32,42,0,42,74
03/05/2016,HFD,CT,ANE,EN,Federal Contract Tower,0,0,6,0,6,0,0,143,0,143,0,0,149,0,149,98,0,98,247
03/06/2016,HFD,CT,ANE,EN,Federal Contract Tower,0,0,2,0,2,0,0,151,0,151,0,0,153,0,153,62,0,62,215
03/07/2016,HFD,CT,ANE,EN,Federal Contract Tower,0,2,5,0,7,0,0,74,0,74,0,2,79,0,81,6,0,6,87
03/08/2016,HFD,CT,ANE,EN,Federal Contract Tower,0,0,7,0,7,0,1,90,0,91,0,1,97,0,98,70,0,70,168
03/09/2016,HFD,CT,ANE,EN,Federal Contract Tower,0,2,8,0,10,0,0,141,0,141,0,2,149,0,151,74,6,80,231
03/10/2016,HFD,CT,ANE,EN,Federal Contract Tower,0,0,7,0,7,0,0,50,0,50,0,0,57,0,57,14,0,14,71
03/11/2016,HFD,CT,ANE,EN,Federal Contract Tower,0,2,3,0,5,0,0,62,0,62,0,2,65,0,67,4,0,4,71
03/12/2016,HFD,CT,ANE,EN,Federal Contract Tower,0,0,7,0,7,0,0,163,0,163,0,0,170,0,170,68,0,68,238
03/13/2016,HFD,CT,ANE,EN,Federal Contract Tower,0,0,4,0,4,0,0,135,0,135,0,0,139,0,139,118,0,118,257
03/14/2016,HFD,CT,ANE,EN,Federal Contract Tower,0,1,1,0,2,0,2,2,0,4,0,3,3,0,6,0,0,0,6
03/15/2016,HFD,CT,ANE,EN,Federal Contract Tower,0,0,7,0,7,0,0,3,0,3,0,0,10,0,10,0,0,0,10
03/16/2016,HFD,CT,ANE,EN,Federal Contract Tower,0,6,2,0,8,0,0,106,0,106,0,6,108,0,114,66,0,66,180
03/17/2016,HFD,CT,ANE,EN,Federal Contract Tower,0,0,8,0,8,0,0,32,0,32,0,0,40,0,40,42,0,42,82
03/18/2016,HFD,CT,ANE,EN,Federal Contract Tower,0,0,2,0,2,0,0,26,0,26,0,0,28,0,28,0,0,0,28
03/19/2016,HFD,CT,ANE,EN,Federal Contract Tower,0,0,5,0,5,0,0,181,0,181,0,0,186,0,186,68,2,70,256
03/20/2016,HFD,CT,ANE,EN,Federal Contract Tower,0,0,1,0,1,0,0,77,0,77,0,0,78,0,78,72,0,72,150
03/21/2016,HFD,CT,ANE,EN,Federal Contract Tower,0,0,3,0,3,0,0,15,0,15,0,0,18,0,18,8,0,8,26
03/22/2016,HFD,CT,ANE,EN,Federal Contract Tower,0,0,2,0,2,0,0,83,0,83,0,0,85,0,85,62,0,62,147
03/23/2016,HFD,CT,ANE,EN,Federal Contract Tower,0,0,0,0,0,10,0,89,0,99,10,0,89,0,99,64,4,68,167
03/24/2016,HFD,CT,ANE,EN,Federal Contract Tower,0,0,5,0,5,0,0,55,2,57,0,0,60,2,62,28,0,28,90
03/25/2016,HFD,CT,ANE,EN,Federal Contract Tower,0,1,7,0,8,0,0,7,0,7,0,1,14,0,15,0,0,0,15
03/26/2016,HFD,CT,ANE,EN,Federal Contract Tower,0,0,15,0,15,0,0,169,0,169,0,0,184,0,184,120,0,120,304
03/27/2016,HFD,CT,ANE,EN,Federal Contract Tower,0,0,3,0,3,0,0,31,0,31,0,0,34,0,34,34,0,34,68
03/28/2016,HFD,CT,ANE,EN,Federal Contract Tower,0,0,9,0,9,0,0,4,0,4,0,0,13,0,13,0,0,0,13
03/29/2016,HFD,CT,ANE,EN,Federal Contract Tower,0,0,0,0,0,0,0,23,0,23,0,0,23,0,23,0,0,0,23
03/30/2016,HFD,CT,ANE,EN,Federal Contract Tower,0,2,7,0,9,0,1,180,0,181,0,3,187,0,190,130,0,130,320
03/31/2016,HFD,CT,ANE,EN,Federal Contract Tower,0,0,4,0,4,0,2,31,0,33,0,2,35,0,37,0,0,0,37
04/01/2016,HFD,CT,ANE,EN,Federal Contract Tower,0,0,9,0,9,0,0,7,0,7,0,0,16,0,16,0,0,0,16
04/02/2016,HFD,CT,ANE,EN,Federal Contract Tower,0,0,13,0,13,0,0,16,0,16,0,0,29,0,29,18,0,18,47
04/03/2016,HFD,CT,ANE,EN,Federal Contract Tower,0,0,2,0,2,0,0,1,0,1,0,0,3,0,3,0,0,0,3
04/04/2016,HFD,CT,ANE,EN,Federal Contract Tower,0,0,0,0,0,0,0,0,0,0,0,0,0,0,0,0,0,0,0
04/05/2016,HFD,CT,ANE,EN,Federal Contract Tower,0,2,4,0,6,0,0,108,0,108,0,2,112,0,114,50,0,50,164
04/06/2016,HFD,CT,ANE,EN,Federal Contract Tower,0,1,13,0,14,0,0,109,0,109,0,1,122,0,123,52,0,52,175
04/07/2016,HFD,CT,ANE,EN,Federal Contract Tower,0,0,6,0,6,0,0,1,0,1,0,0,7,0,7,0,0,0,7
04/08/2016,HFD,CT,ANE,EN,Federal Contract Tower,0,5,5,0,10,0,0,43,0,43,0,5,48,0,53,24,0,24,77
04/09/2016,HFD,CT,ANE,EN,Federal Contract Tower,0,0,2,1,3,0,0,135,0,135,0,0,137,1,138,166,0,166,304
04/10/2016,HFD,CT,ANE,EN,Federal Contract Tower,0,0,10,0,10,0,0,139,0,139,0,0,149,0,149,16,0,16,165
04/11/2016,HFD,CT,ANE,EN,Federal Contract Tower,0,0,3,0,3,0,0,51,0,51,0,0,54,0,54,6,0,6,60
04/12/2016,HFD,CT,ANE,EN,Federal Contract Tower,0,0,18,0,18,0,0,25,0,25,0,0,43,0,43,26,0,26,69
04/13/2016,HFD,CT,ANE,EN,Federal Contract Tower,0,4,11,0,15,0,0,144,4,148,0,4,155,4,163,120,8,128,291
04/14/2016,HFD,CT,ANE,EN,Federal Contract Tower,0,2,4,0,6,0,0,143,0,143,0,2,147,0,149,88,0,88,237
04/15/2016,HFD,CT,ANE,EN,Federal Contract Tower,0,2,6,0,8,0,4,128,0,132,0,6,134,0,140,68,0,68,208
04/16/2016,HFD,CT,ANE,EN,Federal Contract Tower,0,2,13,0,15,0,2,103,0,105,0,4,116,0,120,94,0,94,214
04/17/2016,HFD,CT,ANE,EN,Federal Contract Tower,0,0,10,0,10,0,0,151,0,151,0,0,161,0,161,106,0,106,267
04/18/2016,HFD,CT,ANE,EN,Federal Contract Tower,0,0,3,0,3,0,0,104,0,104,0,0,107,0,107,36,0,36,143
04/19/2016,HFD,CT,ANE,EN,Federal Contract Tower,0,2,9,0,11,0,0,34,0,34,0,2,43,0,45,0,0,0,45
04/20/2016,HFD,CT,ANE,EN,Federal Contract Tower,0,2,2,0,4,0,0,96,0,96,0,2,98,0,100,76,0,76,176
04/21/2016,HFD,CT,ANE,EN,Federal Contract Tower,0,3,5,0,8,0,0,124,2,126,0,3,129,2,134,44,0,44,178
04/22/2016,HFD,CT,ANE,EN,Federal Contract Tower,0,0,5,1,6,0,0,55,0,55,0,0,60,1,61,28,0,28,89
04/23/2016,HFD,CT,ANE,EN,Federal Contract Tower,0,0,17,0,17,0,0,83,0,83,0,0,100,0,100,98,0,98,198
04/24/2016,HFD,CT,ANE,EN,Federal Contract Tower,0,0,8,0,8,0,0,182,0,182,0,0,190,0,190,124,0,124,314
04/25/2016,HFD,CT,ANE,EN,Federal Contract Tower,0,0,11,0,11,0,0,108,0,108,0,0,119,0,119,62,0,62,181
04/26/2016,HFD,CT,ANE,EN,Federal Contract Tower,0,0,4,0,4,0,0,0,0,0,0,0,4,0,4,0,0,0,4
04/27/2016,HFD,CT,ANE,EN,Federal Contract Tower,0,1,5,0,6,0,0,120,0,120,0,1,125,0,126,94,4,98,224
04/28/2016,HFD,CT,ANE,EN,Federal Contract Tower,0,1,12,0,13,0,0,103,0,103,0,1,115,0,116,64,0,64,180
04/29/2016,HFD,CT,ANE,EN,Federal Contract Tower,0,6,14,0,20,0,4,89,0,93,0,10,103,0,113,38,0,38,151
04/30/2016,HFD,CT,ANE,EN,Federal Contract Tower,0,1,8,0,9,0,0,175,0,175,0,1,183,0,184,136,0,136,320
05/01/2016,HFD,CT,ANE,EN,Federal Contract Tower,0,1,7,0,8,0,0,49,0,49,0,1,56,0,57,12,0,12,69
05/02/2016,HFD,CT,ANE,EN,Federal Contract Tower,0,0,19,0,19,0,0,3,0,3,0,0,22,0,22,2,0,2,24
05/03/2016,HFD,CT,ANE,EN,Federal Contract Tower,0,1,32,0,33,0,0,0,0,0,0,1,32,0,33,0,0,0,33
05/04/2016,HFD,CT,ANE,EN,Federal Contract Tower,0,0,15,0,15,0,0,29,0,29,0,0,44,0,44,0,0,0,44
05/05/2016,HFD,CT,ANE,EN,Federal Contract Tower,0,3,10,0,13,0,0,17,0,17,0,3,27,0,30,18,0,18,48
05/06/2016,HFD,CT,ANE,EN,Federal Contract Tower,0,0,17,0,17,0,0,8,0,8,0,0,25,0,25,2,0,2,27
05/07/2016,HFD,CT,ANE,EN,Federal Contract Tower,0,0,5,0,5,0,0,0,0,0,0,0,5,0,5,0,0,0,5
05/08/2016,HFD,CT,ANE,EN,Federal Contract Tower,0,0,10,0,10,0,0,7,0,7,0,0,17,0,17,0,0,0,17
05/09/2016,HFD,CT,ANE,EN,Federal Contract Tower,0,2,2,0,4,0,0,92,0,92,0,2,94,0,96,36,0,36,132
05/10/2016,HFD,CT,ANE,EN,Federal Contract Tower,0,1,10,0,11,0,0,124,0,124,0,1,134,0,135,120,0,120,255
05/11/2016,HFD,CT,ANE,EN,Federal Contract Tower,0,1,11,0,12,0,0,166,4,170,0,1,177,4,182,68,0,68,250
05/12/2016,HFD,CT,ANE,EN,Federal Contract Tower,0,0,13,0,13,0,0,150,0,150,0,0,163,0,163,80,0,80,243
05/13/2016,HFD,CT,ANE,EN,Federal Contract Tower,0,2,23,0,25,0,0,22,0,22,0,2,45,0,47,16,0,16,63
05/14/2016,HFD,CT,ANE,EN,Federal Contract Tower,0,2,6,3,11,0,1,127,0,128,0,3,133,3,139,96,0,96,235
05/15/2016,HFD,CT,ANE,EN,Federal Contract Tower,0,0,10,0,10,0,1,41,0,42,0,1,51,0,52,10,0,10,62
05/16/2016,HFD,CT,ANE,EN,Federal Contract Tower,0,0,1,0,1,0,0,33,0,33,0,0,34,0,34,6,0,6,40
05/17/2016,HFD,CT,ANE,EN,Federal Contract Tower,0,0,6,0,6,0,2,100,0,102,0,2,106,0,108,98,0,98,206
05/18/2016,HFD,CT,ANE,EN,Federal Contract Tower,0,4,7,0,11,0,0,123,4,127,0,4,130,4,138,58,0,58,196
05/19/2016,HFD,CT,ANE,EN,Federal Contract Tower,0,4,6,0,10,0,5,80,0,85,0,9,86,0,95,70,0,70,165
05/20/2016,HFD,CT,ANE,EN,Federal Contract Tower,0,0,9,0,9,0,4,123,0,127,0,4,132,0,136,100,0,100,236
05/21/2016,HFD,CT,ANE,EN,Federal Contract Tower,0,0,12,0,12,0,1,118,0,119,0,1,130,0,131,128,4,132,263
05/22/2016,HFD,CT,ANE,EN,Federal Contract Tower,0,2,9,0,11,0,0,113,0,113,0,2,122,0,124,106,0,106,230
05/23/2016,HFD,CT,ANE,EN,Federal Contract Tower,0,1,13,0,14,0,1,107,0,108,0,2,120,0,122,62,0,62,184
05/24/2016,HFD,CT,ANE,EN,Federal Contract Tower,0,1,14,0,15,0,0,18,0,18,0,1,32,0,33,16,0,16,49
05/25/2016,HFD,CT,ANE,EN,Federal Contract Tower,0,3,13,0,16,0,0,140,0,140,0,3,153,0,156,70,2,72,228
05/26/2016,HFD,CT,ANE,EN,Federal Contract Tower,0,2,7,0,9,0,0,127,0,127,0,2,134,0,136,126,0,126,262
05/27/2016,HFD,CT,ANE,EN,Federal Contract Tower,0,5,15,0,20,0,0,98,0,98,0,5,113,0,118,56,0,56,174
05/28/2016,HFD,CT,ANE,EN,Federal Contract Tower,0,1,9,0,10,0,0,109,0,109,0,1,118,0,119,146,0,146,265
05/29/2016,HFD,CT,ANE,EN,Federal Contract Tower,0,1,11,0,12,0,1,86,0,87,0,2,97,0,99,42,0,42,141
05/30/2016,HFD,CT,ANE,EN,Federal Contract Tower,0,0,9,0,9,0,0,4,0,4,0,0,13,0,13,20,0,20,33
05/31/2016,HFD,CT,ANE,EN,Federal Contract Tower,0,1,5,0,6,0,0,128,2,130,0,1,133,2,136,92,0,92,228
06/01/2016,HFD,CT,ANE,EN,Federal Contract Tower,0,3,11,0,14,0,0,165,0,165,0,3,176,0,179,72,10,82,261
06/02/2016,HFD,CT,ANE,EN,Federal Contract Tower,0,0,7,1,8,0,2,104,0,106,0,2,111,1,114,34,0,34,148
06/03/2016,HFD,CT,ANE,EN,Federal Contract Tower,0,0,14,0,14,0,0,2,0,2,0,0,16,0,16,24,0,24,40
06/04/2016,HFD,CT,ANE,EN,Federal Contract Tower,0,2,13,0,15,0,0,117,2,119,0,2,130,2,134,92,8,100,234
06/05/2016,HFD,CT,ANE,EN,Federal Contract Tower,0,0,9,0,9,0,0,3,0,3,0,0,12,0,12,0,0,0,12
06/06/2016,HFD,CT,ANE,EN,Federal Contract Tower,0,0,6,0,6,0,1,139,0,140,0,1,145,0,146,72,0,72,218
06/07/2016,HFD,CT,ANE,EN,Federal Contract Tower,0,3,7,1,11,0,1,85,0,86,0,4,92,1,97,54,0,54,151
06/08/2016,HFD,CT,ANE,EN,Federal Contract Tower,0,0,7,0,7,0,0,51,0,51,0,0,58,0,58,22,0,22,80
06/09/2016,HFD,CT,ANE,EN,Federal Contract Tower,0,0,7,0,7,0,0,36,0,36,0,0,43,0,43,4,0,4,47
06/10/2016,HFD,CT,ANE,EN,Federal Contract Tower,0,0,7,0,7,0,4,147,0,151,0,4,154,0,158,82,0,82,240
06/11/2016,HFD,CT,ANE,EN,Federal Contract Tower,0,0,6,0,6,0,0,122,0,122,0,0,128,0,128,52,0,52,180
06/12/2016,HFD,CT,ANE,EN,Federal Contract Tower,0,0,0,0,0,0,1,58,0,59,0,1,58,0,59,16,2,18,77
06/13/2016,HFD,CT,ANE,EN,Federal Contract Tower,0,2,5,0,7,0,0,64,0,64,0,2,69,0,71,22,0,22,93
06/14/2016,HFD,CT,ANE,EN,Federal Contract Tower,0,0,5,2,7,0,0,113,0,113,0,0,118,2,120,50,4,54,174
06/15/2016,HFD,CT,ANE,EN,Federal Contract Tower,0,1,16,0,17,0,1,169,0,170,0,2,185,0,187,110,0,110,297
06/16/2016,HFD,CT,ANE,EN,Federal Contract Tower,0,6,7,0,13,0,0,127,0,127,0,6,134,0,140,54,2,56,196
06/17/2016,HFD,CT,ANE,EN,Federal Contract Tower,0,3,6,0,9,0,0,159,0,159,0,3,165,0,168,132,0,132,300
06/18/2016,HFD,CT,ANE,EN,Federal Contract Tower,0,1,8,0,9,0,0,138,0,138,0,1,146,0,147,66,0,66,213
06/19/2016,HFD,CT,ANE,EN,Federal Contract Tower,0,4,4,0,8,0,0,127,0,127,0,4,131,0,135,60,0,60,195
06/20/2016,HFD,CT,ANE,EN,Federal Contract Tower,0,0,11,0,11,0,0,77,0,77,0,0,88,0,88,43,0,43,131
06/21/2016,HFD,CT,ANE,EN,Federal Contract Tower,0,0,7,0,7,0,0,97,0,97,0,0,104,0,104,38,0,38,142
06/22/2016,HFD,CT,ANE,EN,Federal Contract Tower,0,3,8,0,11,0,0,131,0,131,0,3,139,0,142,26,0,26,168
06/23/2016,HFD,CT,ANE,EN,Federal Contract Tower,0,0,12,0,12,0,0,103,0,103,0,0,115,0,115,100,0,100,215
06/24/2016,HFD,CT,ANE,EN,Federal Contract Tower,0,2,7,0,9,0,0,138,0,138,0,2,145,0,147,140,0,140,287
06/25/2016,HFD,CT,ANE,EN,Federal Contract Tower,0,0,11,0,11,0,2,154,0,156,0,2,165,0,167,84,0,84,251
06/26/2016,HFD,CT,ANE,EN,Federal Contract Tower,0,0,5,0,5,0,0,126,0,126,0,0,131,0,131,30,0,30,161
06/27/2016,HFD,CT,ANE,EN,Federal Contract Tower,0,1,3,0,4,0,2,82,0,84,0,3,85,0,88,59,0,59,147
06/28/2016,HFD,CT,ANE,EN,Federal Contract Tower,0,1,24,1,26,0,0,45,1,46,0,1,69,2,72,82,0,82,154
06/29/2016,HFD,CT,ANE,EN,Federal Contract Tower,0,0,14,1,15,0,0,120,0,120,0,0,134,1,135,130,0,130,265
06/30/2016,HFD,CT,ANE,EN,Federal Contract Tower,0,4,4,0,8,0,0,143,0,143,0,4,147,0,151,112,0,112,263
07/01/2016,HFD,CT,ANE,EN,Federal Contract Tower,0,0,13,0,13,0,0,58,0,58,0,0,71,0,71,42,0,42,113
07/02/2016,HFD,CT,ANE,EN,Federal Contract Tower,0,0,5,0,5,0,0,83,0,83,0,0,88,0,88,60,0,60,148
07/03/2016,HFD,CT,ANE,EN,Federal Contract Tower,0,0,2,0,2,0,0,105,0,105,0,0,107,0,107,42,0,42,149
07/04/2016,HFD,CT,ANE,EN,Federal Contract Tower,0,0,2,0,2,0,0,79,0,79,0,0,81,0,81,10,0,10,91
07/05/2016,HFD,CT,ANE,EN,Federal Contract Tower,0,0,18,0,18,0,0,37,0,37,0,0,55,0,55,38,0,38,93
07/06/2016,HFD,CT,ANE,EN,Federal Contract Tower,0,0,6,0,6,0,0,104,0,104,0,0,110,0,110,48,0,48,158
07/07/2016,HFD,CT,ANE,EN,Federal Contract Tower,0,1,7,0,8,0,0,42,0,42,0,1,49,0,50,36,14,50,100
07/08/2016,HFD,CT,ANE,EN,Federal Contract Tower,0,2,21,0,23,0,0,17,0,17,0,2,38,0,40,92,0,92,132
07/09/2016,HFD,CT,ANE,EN,Federal Contract Tower,0,2,30,0,32,0,0,34,0,34,0,2,64,0,66,136,0,136,202
07/10/2016,HFD,CT,ANE,EN,Federal Contract Tower,0,2,12,0,14,0,0,14,0,14,0,2,26,0,28,0,0,0,28
07/11/2016,HFD,CT,ANE,EN,Federal Contract Tower,0,4,11,0,15,0,0,111,0,111,0,4,122,0,126,106,0,106,232
07/12/2016,HFD,CT,ANE,EN,Federal Contract Tower,0,0,5,0,5,0,2,102,0,104,0,2,107,0,109,50,2,52,161
07/13/2016,HFD,CT,ANE,EN,Federal Contract Tower,0,0,3,0,3,0,0,105,0,105,0,0,108,0,108,112,0,112,220
07/14/2016,HFD,CT,ANE,EN,Federal Contract Tower,0,0,18,0,18,0,2,23,0,25,0,2,41,0,43,54,0,54,97
07/15/2016,HFD,CT,ANE,EN,Federal Contract Tower,0,2,6,0,8,0,0,92,0,92,0,2,98,0,100,70,0,70,170
07/16/2016,HFD,CT,ANE,EN,Federal Contract Tower,0,0,5,0,5,0,0,144,0,144,0,0,149,0,149,156,0,156,305
07/17/2016,HFD,CT,ANE,EN,Federal Contract Tower,0,0,8,0,8,0,0,109,0,109,0,0,117,0,117,33,0,33,150
07/18/2016,HFD,CT,ANE,EN,Federal Contract Tower,0,0,6,0,6,0,0,67,0,67,0,0,73,0,73,44,0,44,117
07/19/2016,HFD,CT,ANE,EN,Federal Contract Tower,0,4,12,0,16,0,0,131,0,131,0,4,143,0,147,38,0,38,185
07/20/2016,HFD,CT,ANE,EN,Federal Contract Tower,0,0,6,1,7,0,0,160,0,160,0,0,166,1,167,168,2,170,337
07/21/2016,HFD,CT,ANE,EN,Federal Contract Tower,0,0,7,0,7,0,3,135,0,138,0,3,142,0,145,128,0,128,273
07/22/2016,HFD,CT,ANE,EN,Federal Contract Tower,0,0,9,0,9,0,2,97,0,99,0,2,106,0,108,36,0,36,144
07/23/2016,HFD,CT,ANE,EN,Federal Contract Tower,0,0,8,0,8,0,0,139,0,139,0,0,147,0,147,42,0,42,189
07/24/2016,HFD,CT,ANE,EN,Federal Contract Tower,0,0,4,0,4,0,0,129,0,129,0,0,133,0,133,68,0,68,201
07/25/2016,HFD,CT,ANE,EN,Federal Contract Tower,0,2,11,0,13,0,0,53,0,53,0,2,64,0,66,2,0,2,68
07/26/2016,HFD,CT,ANE,EN,Federal Contract Tower,0,4,6,0,10,0,0,114,0,114,0,4,120,0,124,58,0,58,182
07/27/2016,HFD,CT,ANE,EN,Federal Contract Tower,0,0,11,0,11,0,0,140,2,142,0,0,151,2,153,56,0,56,209
07/28/2016,HFD,CT,ANE,EN,Federal Contract Tower,0,0,8,0,8,0,0,122,0,122,0,0,130,0,130,44,0,44,174
07/29/2016,HFD,CT,ANE,EN,Federal Contract Tower,0,2,11,0,13,0,0,50,0,50,0,2,61,0,63,22,0,22,85
07/30/2016,HFD,CT,ANE,EN,Federal Contract Tower,0,0,9,0,9,0,0,111,0,111,0,0,120,0,120,54,0,54,174
07/31/2016,HFD,CT,ANE,EN,Federal Contract Tower,0,1,22,0,23,0,0,20,0,20,0,1,42,0,43,22,0,22,65
08/01/2016,HFD,CT,ANE,EN,Federal Contract Tower,0,2,20,0,22,0,0,49,0,49,0,2,69,0,71,56,0,56,127
08/02/2016,HFD,CT,ANE,EN,Federal Contract Tower,0,3,18,0,21,0,1,57,0,58,0,4,75,0,79,74,0,74,153
08/03/2016,HFD,CT,ANE,EN,Federal Contract Tower,0,17,11,0,28,0,0,135,0,135,0,17,146,0,163,20,0,20,183
08/04/2016,HFD,CT,ANE,EN,Federal Contract Tower,0,8,12,0,20,0,0,156,0,156,0,8,168,0,176,40,0,40,216
08/05/2016,HFD,CT,ANE,EN,Federal Contract Tower,0,10,2,0,12,0,1,127,0,128,0,11,129,0,140,38,0,38,178
08/06/2016,HFD,CT,ANE,EN,Federal Contract Tower,0,4,14,0,18,0,0,67,0,67,0,4,81,0,85,28,2,30,115
08/07/2016,HFD,CT,ANE,EN,Federal Contract Tower,0,12,8,0,20,0,0,173,0,173,0,12,181,0,193,102,0,102,295
08/08/2016,HFD,CT,ANE,EN,Federal Contract Tower,0,2,8,0,10,0,0,138,0,138,0,2,146,0,148,58,0,58,206
08/09/2016,HFD,CT,ANE,EN,Federal Contract Tower,0,1,6,0,7,0,0,104,2,106,0,1,110,2,113,68,0,68,181
08/10/2016,HFD,CT,ANE,EN,Federal Contract Tower,0,0,19,0,19,0,0,12,0,12,0,0,31,0,31,30,4,34,65
08/11/2016,HFD,CT,ANE,EN,Federal Contract Tower,0,1,15,0,16,0,0,34,0,34,0,1,49,0,50,22,0,22,72
08/12/2016,HFD,CT,ANE,EN,Federal Contract Tower,0,3,5,0,8,0,0,72,0,72,0,3,77,0,80,30,0,30,110
08/13/2016,HFD,CT,ANE,EN,Federal Contract Tower,0,4,7,0,11,0,0,68,0,68,0,4,75,0,79,10,0,10,89
08/14/2016,HFD,CT,ANE,EN,Federal Contract Tower,0,3,10,0,13,0,0,85,0,85,0,3,95,0,98,42,0,42,140
08/15/2016,HFD,CT,ANE,EN,Federal Contract Tower,0,0,11,0,11,0,0,113,0,113,0,0,124,0,124,44,0,44,168
08/16/2016,HFD,CT,ANE,EN,Federal Contract Tower,0,0,5,0,5,0,0,37,0,37,0,0,42,0,42,0,0,0,42
08/17/2016,HFD,CT,ANE,EN,Federal Contract Tower,0,0,5,0,5,0,0,68,4,72,0,0,73,4,77,16,6,22,99
08/18/2016,HFD,CT,ANE,EN,Federal Contract Tower,0,3,2,1,6,0,0,123,0,123,0,3,125,1,129,56,2,58,187
08/19/2016,HFD,CT,ANE,EN,Federal Contract Tower,0,0,7,0,7,0,0,124,0,124,0,0,131,0,131,36,0,36,167
08/20/2016,HFD,CT,ANE,EN,Federal Contract Tower,0,1,9,0,10,0,0,71,0,71,0,1,80,0,81,54,0,54,135
08/21/2016,HFD,CT,ANE,EN,Federal Contract Tower,0,1,15,0,16,0,0,24,0,24,0,1,39,0,40,26,0,26,66
08/22/2016,HFD,CT,ANE,EN,Federal Contract Tower,0,0,7,0,7,0,0,70,0,70,0,0,77,0,77,22,0,22,99
08/23/2016,HFD,CT,ANE,EN,Federal Contract Tower,0,0,12,0,12,0,0,150,2,152,0,0,162,2,164,56,0,56,220
08/24/2016,HFD,CT,ANE,EN,Federal Contract Tower,0,0,9,0,9,0,0,109,0,109,0,0,118,0,118,56,0,56,174
08/25/2016,HFD,CT,ANE,EN,Federal Contract Tower,0,2,6,0,8,0,0,93,0,93,0,2,99,0,101,44,2,46,147
08/26/2016,HFD,CT,ANE,EN,Federal Contract Tower,0,1,10,0,11,0,2,72,0,74,0,3,82,0,85,52,0,52,137
08/27/2016,HFD,CT,ANE,EN,Federal Contract Tower,0,0,11,0,11,0,0,148,0,148,0,0,159,0,159,124,0,124,283
08/28/2016,HFD,CT,ANE,EN,Federal Contract Tower,0,0,6,0,6,0,2,127,0,129,0,2,133,0,135,92,0,92,227
08/29/2016,HFD,CT,ANE,EN,Federal Contract Tower,0,0,2,0,2,0,0,77,0,77,0,0,79,0,79,52,0,52,131
08/30/2016,HFD,CT,ANE,EN,Federal Contract Tower,0,1,17,0,18,0,0,104,0,104,0,1,121,0,122,0,54,54,176
08/31/2016,HFD,CT,ANE,EN,Federal Contract Tower,0,3,14,0,17,0,0,59,0,59,0,3,73,0,76,24,0,24,100
09/01/2016,HFD,CT,ANE,EN,Federal Contract Tower,0,0,11,0,11,0,0,22,0,22,0,0,33,0,33,42,0,42,75
09/02/2016,HFD,CT,ANE,EN,Federal Contract Tower,0,0,13,0,13,0,0,120,0,120,0,0,133,0,133,52,0,52,185
09/03/2016,HFD,CT,ANE,EN,Federal Contract Tower,0,2,4,0,6,0,0,168,0,168,0,2,172,0,174,95,0,95,269
09/04/2016,HFD,CT,ANE,EN,Federal Contract Tower,0,0,6,0,6,0,0,54,0,54,0,0,60,0,60,10,0,10,70
09/05/2016,HFD,CT,ANE,EN,Federal Contract Tower,0,0,5,0,5,0,0,25,0,25,0,0,30,0,30,30,0,30,60
09/06/2016,HFD,CT,ANE,EN,Federal Contract Tower,0,3,16,0,19,0,0,7,0,7,0,3,23,0,26,4,0,4,30
09/07/2016,HFD,CT,ANE,EN,Federal Contract Tower,0,7,17,0,24,0,4,36,0,40,0,11,53,0,64,46,2,48,112
09/08/2016,HFD,CT,ANE,EN,Federal Contract Tower,0,0,15,0,15,0,0,88,2,90,0,0,103,2,105,86,0,86,191
09/09/2016,HFD,CT,ANE,EN,Federal Contract Tower,0,12,7,0,19,0,0,89,0,89,0,12,96,0,108,28,0,28,136
09/10/2016,HFD,CT,ANE,EN,Federal Contract Tower,0,1,8,0,9,0,0,83,0,83,0,1,91,0,92,68,0,68,160
09/11/2016,HFD,CT,ANE,EN,Federal Contract Tower,0,2,9,0,11,0,0,28,0,28,0,2,37,0,39,28,0,28,67
09/12/2016,HFD,CT,ANE,EN,Federal Contract Tower,0,8,3,0,11,0,1,123,0,124,0,9,126,0,135,123,0,123,258
09/13/2016,HFD,CT,ANE,EN,Federal Contract Tower,0,5,1,0,6,0,0,94,0,94,0,5,95,0,100,38,4,42,142
09/14/2016,HFD,CT,ANE,EN,Federal Contract Tower,0,3,4,0,7,0,0,95,0,95,0,3,99,0,102,32,8,40,142
09/15/2016,HFD,CT,ANE,EN,Federal Contract Tower,0,2,16,0,18,0,6,115,0,121,0,8,131,0,139,40,0,40,179
09/16/2016,HFD,CT,ANE,EN,Federal Contract Tower,0,6,19,2,27,0,0,108,0,108,0,6,127,2,135,58,0,58,193
09/17/2016,HFD,CT,ANE,EN,Federal Contract Tower,0,0,10,0,10,0,0,106,0,106,0,0,116,0,116,46,0,46,162
09/18/2016,HFD,CT,ANE,EN,Federal Contract Tower,0,0,22,0,22,0,0,30,0,30,0,0,52,0,52,80,0,80,132
09/19/2016,HFD,CT,ANE,EN,Federal Contract Tower,0,0,11,0,11,0,0,5,0,5,0,0,16,0,16,0,0,0,16
09/20/2016,HFD,CT,ANE,EN,Federal Contract Tower,0,3,9,0,12,0,0,59,0,59,0,3,68,0,71,50,0,50,121
09/21/2016,HFD,CT,ANE,EN,Federal Contract Tower,0,4,9,0,13,0,0,143,0,143,0,4,152,0,156,48,0,48,204
09/22/2016,HFD,CT,ANE,EN,Federal Contract Tower,0,1,4,0,5,0,0,112,0,112,0,1,116,0,117,36,0,36,153
09/23/2016,HFD,CT,ANE,EN,Federal Contract Tower,0,0,6,0,6,0,0,89,0,89,0,0,95,0,95,104,0,104,199
09/24/2016,HFD,CT,ANE,EN,Federal Contract Tower,0,0,2,0,2,0,0,106,0,106,0,0,108,0,108,36,0,36,144
09/25/2016,HFD,CT,ANE,EN,Federal Contract Tower,0,0,8,0,8,0,0,108,0,108,0,0,116,0,116,52,0,52,168
09/26/2016,HFD,CT,ANE,EN,Federal Contract Tower,0,0,6,0,6,0,0,77,0,77,0,0,83,0,83,45,0,45,128
09/27/2016,HFD,CT,ANE,EN,Federal Contract Tower,0,0,16,0,16,0,0,46,0,46,0,0,62,0,62,38,0,38,100
09/28/2016,HFD,CT,ANE,EN,Federal Contract Tower,0,0,14,1,15,0,0,22,0,22,0,0,36,1,37,0,0,0,37
09/29/2016,HFD,CT,ANE,EN,Federal Contract Tower,0,5,9,0,14,0,0,64,2,66,0,5,73,2,80,26,0,26,106
09/30/2016,HFD,CT,ANE,EN,Federal Contract Tower,0,0,14,0,14,0,0,12,0,12,0,0,26,0,26,0,0,0,26
10/01/2016,HFD,CT,ANE,EN,Federal Contract Tower,0,3,18,0,21,0,0,0,0,0,0,3,18,0,21,0,0,0,21
10/02/2016,HFD,CT,ANE,EN,Federal Contract Tower,0,1,29,0,30,0,0,0,0,0,0,1,29,0,30,0,0,0,30
10/03/2016,HFD,CT,ANE,EN,Federal Contract Tower,0,0,9,0,9,0,0,57,0,57,0,0,66,0,66,36,0,36,102
10/04/2016,HFD,CT,ANE,EN,Federal Contract Tower,0,2,18,0,20,0,0,66,0,66,0,2,84,0,86,40,2,42,128
10/05/2016,HFD,CT,ANE,EN,Federal Contract Tower,0,3,8,3,14,0,0,80,2,82,0,3,88,5,96,64,6,70,166
10/06/2016,HFD,CT,ANE,EN,Federal Contract Tower,0,0,10,0,10,0,0,89,0,89,0,0,99,0,99,24,0,24,123
10/07/2016,HFD,CT,ANE,EN,Federal Contract Tower,0,0,11,0,11,0,0,117,0,117,0,0,128,0,128,28,0,28,156
10/08/2016,HFD,CT,ANE,EN,Federal Contract Tower,0,0,13,0,13,0,0,46,0,46,0,0,59,0,59,0,0,0,59
10/09/2016,HFD,CT,ANE,EN,Federal Contract Tower,0,2,18,0,20,0,0,9,0,9,0,2,27,0,29,2,0,2,31
10/10/2016,HFD,CT,ANE,EN,Federal Contract Tower,0,0,2,0,2,0,0,71,0,71,0,0,73,0,73,30,0,30,103
10/11/2016,HFD,CT,ANE,EN,Federal Contract Tower,0,0,7,0,7,0,0,85,0,85,0,0,92,0,92,52,0,52,144
10/12/2016,HFD,CT,ANE,EN,Federal Contract Tower,0,2,8,0,10,0,0,71,0,71,0,2,79,0,81,46,0,46,127
10/13/2016,HFD,CT,ANE,EN,Federal Contract Tower,0,3,18,1,22,0,2,31,0,33,0,5,49,1,55,28,0,28,83
10/14/2016,HFD,CT,ANE,EN,Federal Contract Tower,0,1,4,0,5,0,0,58,0,58,0,1,62,0,63,22,0,22,85
10/15/2016,HFD,CT,ANE,EN,Federal Contract Tower,0,0,6,0,6,0,0,110,0,110,0,0,116,0,116,28,0,28,144
10/16/2016,HFD,CT,ANE,EN,Federal Contract Tower,0,0,4,0,4,0,4,112,0,116,0,4,116,0,120,42,0,42,162
10/17/2016,HFD,CT,ANE,EN,Federal Contract Tower,0,2,5,0,7,0,0,87,0,87,0,2,92,0,94,19,0,19,113
10/18/2016,HFD,CT,ANE,EN,Federal Contract Tower,0,0,6,0,6,0,0,65,0,65,0,0,71,0,71,56,0,56,127
10/19/2016,HFD,CT,ANE,EN,Federal Contract Tower,0,0,3,0,3,0,0,107,0,107,0,0,110,0,110,74,4,78,188
10/20/2016,HFD,CT,ANE,EN,Federal Contract Tower,0,4,5,0,9,0,0,64,0,64,0,4,69,0,73,32,0,32,105
10/21/2016,HFD,CT,ANE,EN,Federal Contract Tower,0,0,16,0,16,0,0,13,0,13,0,0,29,0,29,56,0,56,85
10/22/2016,HFD,CT,ANE,EN,Federal Contract Tower,0,2,3,0,5,0,0,2,0,2,0,2,5,0,7,0,0,0,7
10/23/2016,HFD,CT,ANE,EN,Federal Contract Tower,0,0,4,0,4,0,0,32,0,32,0,0,36,0,36,0,0,0,36
10/24/2016,HFD,CT,ANE,EN,Federal Contract Tower,0,0,5,0,5,0,0,65,0,65,0,0,70,0,70,18,0,18,88
10/25/2016,HFD,CT,ANE,EN,Federal Contract Tower,0,0,6,0,6,0,0,61,2,63,0,0,67,2,69,8,0,8,77
10/26/2016,HFD,CT,ANE,EN,Federal Contract Tower,0,2,3,0,5,0,2,127,2,131,0,4,130,2,136,72,6,78,214
10/27/2016,HFD,CT,ANE,EN,Federal Contract Tower,0,0,6,0,6,0,0,8,0,8,0,0,14,0,14,12,0,12,26
10/28/2016,HFD,CT,ANE,EN,Federal Contract Tower,0,2,10,0,12,0,0,20,0,20,0,2,30,0,32,22,0,22,54
10/29/2016,HFD,CT,ANE,EN,Federal Contract Tower,0,1,0,0,1,0,0,131,0,131,0,1,131,0,132,104,0,104,236
10/30/2016,HFD,CT,ANE,EN,Federal Contract Tower,0,0,11,0,11,0,0,95,0,95,0,0,106,0,106,24,0,24,130
10/31/2016,HFD,CT,ANE,EN,Federal Contract Tower,0,2,4,0,6,0,0,61,0,61,0,2,65,0,67,26,0,26,93
11/01/2016,HFD,CT,ANE,EN,Federal Contract Tower,0,4,4,0,8,0,0,128,0,128,0,4,132,0,136,82,0,82,218
11/02/2016,HFD,CT,ANE,EN,Federal Contract Tower,0,2,1,0,3,0,0,107,0,107,0,2,108,0,110,6,0,6,116
11/03/2016,HFD,CT,ANE,EN,Federal Contract Tower,0,2,9,0,11,0,0,39,0,39,0,2,48,0,50,36,0,36,86
11/04/2016,HFD,CT,ANE,EN,Federal Contract Tower,0,0,5,0,5,0,0,74,0,74,0,0,79,0,79,36,0,36,115
11/05/2016,HFD,CT,ANE,EN,Federal Contract Tower,0,0,8,0,8,0,0,110,0,110,0,0,118,0,118,119,0,119,237
11/06/2016,HFD,CT,ANE,EN,Federal Contract Tower,0,1,9,0,10,0,0,51,0,51,0,1,60,0,61,4,0,4,65
11/07/2016,HFD,CT,ANE,EN,Federal Contract Tower,0,0,0,0,0,0,1,81,0,82,0,1,81,0,82,36,0,36,118
11/08/2016,HFD,CT,ANE,EN,Federal Contract Tower,0,0,4,0,4,0,2,101,0,103,0,2,105,0,107,94,0,94,201
11/09/2016,HFD,CT,ANE,EN,Federal Contract Tower,0,1,9,0,10,0,0,22,2,24,0,1,31,2,34,10,0,10,44
11/10/2016,HFD,CT,ANE,EN,Federal Contract Tower,0,3,7,0,10,0,0,95,0,95,0,3,102,0,105,120,0,120,225
11/11/2016,HFD,CT,ANE,EN,Federal Contract Tower,0,1,3,0,4,0,0,29,0,29,0,1,32,0,33,8,0,8,41
11/12/2016,HFD,CT,ANE,EN,Federal Contract Tower,0,1,12,0,13,0,0,106,0,106,0,1,118,0,119,88,0,88,207
11/13/2016,HFD,CT,ANE,EN,Federal Contract Tower,0,0,3,0,3,0,0,100,0,100,0,0,103,0,103,64,0,64,167
11/14/2016,HFD,CT,ANE,EN,Federal Contract Tower,0,0,7,0,7,0,2,97,0,99,0,2,104,0,106,69,0,69,175
11/15/2016,HFD,CT,ANE,EN,Federal Contract Tower,0,0,8,0,8,0,0,0,0,0,0,0,8,0,8,4,0,4,12
11/16/2016,HFD,CT,ANE,EN,Federal Contract Tower,0,0,15,1,16,0,0,55,0,55,0,0,70,1,71,50,0,50,121
11/17/2016,HFD,CT,ANE,EN,Federal Contract Tower,0,2,7,0,9,0,0,70,2,72,0,2,77,2,81,26,2,28,109
11/18/2016,HFD,CT,ANE,EN,Federal Contract Tower,0,0,7,0,7,0,0,109,0,109,0,0,116,0,116,90,0,90,206
11/19/2016,HFD,CT,ANE,EN,Federal Contract Tower,0,0,7,0,7,0,0,177,0,177,0,0,184,0,184,128,0,128,312
11/20/2016,HFD,CT,ANE,EN,Federal Contract Tower,0,2,4,0,6,0,0,7,0,7,0,2,11,0,13,0,0,0,13
11/21/2016,HFD,CT,ANE,EN,Federal Contract Tower,0,0,4,0,4,0,0,4,0,4,0,0,8,0,8,0,0,0,8
11/22/2016,HFD,CT,ANE,EN,Federal Contract Tower,0,0,4,0,4,0,0,26,0,26,0,0,30,0,30,18,0,18,48
11/23/2016,HFD,CT,ANE,EN,Federal Contract Tower,0,2,7,0,9,0,0,85,0,85,0,2,92,0,94,38,0,38,132
11/24/2016,HFD,CT,ANE,EN,Federal Contract Tower,0,1,3,0,4,0,0,8,0,8,0,1,11,0,12,4,0,4,16
11/25/2016,HFD,CT,ANE,EN,Federal Contract Tower,0,1,14,0,15,0,0,2,0,2,0,1,16,0,17,0,0,0,17
11/26/2016,HFD,CT,ANE,EN,Federal Contract Tower,0,8,0,0,8,0,0,54,0,54,0,8,54,0,62,48,0,48,110
11/27/2016,HFD,CT,ANE,EN,Federal Contract Tower,0,0,14,0,14,0,0,117,0,117,0,0,131,0,131,120,0,120,251
11/28/2016,HFD,CT,ANE,EN,Federal Contract Tower,0,3,1,0,4,0,1,102,0,103,0,4,103,0,107,70,0,70,177
11/29/2016,HFD,CT,ANE,EN,Federal Contract Tower,0,0,4,0,4,0,0,2,0,2,0,0,6,0,6,0,0,0,6
11/30/2016,HFD,CT,ANE,EN,Federal Contract Tower,0,0,5,0,5,0,0,4,0,4,0,0,9,0,9,2,0,2,11
12/01/2016,HFD,CT,ANE,EN,Federal Contract Tower,0,2,3,0,5,0,0,60,0,60,0,2,63,0,65,36,0,36,101
12/02/2016,HFD,CT,ANE,EN,Federal Contract Tower,0,2,3,0,5,0,0,82,0,82,0,2,85,0,87,56,0,56,143
12/03/2016,HFD,CT,ANE,EN,Federal Contract Tower,0,3,5,0,8,0,0,69,0,69,0,3,74,0,77,24,0,24,101
12/04/2016,HFD,CT,ANE,EN,Federal Contract Tower,0,2,1,0,3,0,1,134,0,135,0,3,135,0,138,94,0,94,232
12/05/2016,HFD,CT,ANE,EN,Federal Contract Tower,0,0,3,0,3,0,0,24,0,24,0,0,27,0,27,0,0,0,27
12/06/2016,HFD,CT,ANE,EN,Federal Contract Tower,0,0,3,0,3,0,0,68,0,68,0,0,71,0,71,24,0,24,95
12/07/2016,HFD,CT,ANE,EN,Federal Contract Tower,0,3,4,0,7,0,0,14,10,24,0,3,18,10,31,24,0,24,55
12/08/2016,HFD,CT,ANE,EN,Federal Contract Tower,0,0,7,0,7,0,0,62,0,62,0,0,69,0,69,74,0,74,143
12/09/2016,HFD,CT,ANE,EN,Federal Contract Tower,0,2,6,0,8,0,0,24,0,24,0,2,30,0,32,0,0,0,32
12/10/2016,HFD,CT,ANE,EN,Federal Contract Tower,0,0,7,0,7,0,1,85,0,86,0,1,92,0,93,50,0,50,143
12/11/2016,HFD,CT,ANE,EN,Federal Contract Tower,0,0,7,0,7,0,0,84,0,84,0,0,91,0,91,74,0,74,165
12/12/2016,HFD,CT,ANE,EN,Federal Contract Tower,0,2,2,0,4,0,0,13,0,13,0,2,15,0,17,10,0,10,27
12/13/2016,HFD,CT,ANE,EN,Federal Contract Tower,0,1,3,0,4,0,0,111,0,111,0,1,114,0,115,50,0,50,165
12/14/2016,HFD,CT,ANE,EN,Federal Contract Tower,0,3,5,0,8,0,4,107,0,111,0,7,112,0,119,36,0,36,155
12/15/2016,HFD,CT,ANE,EN,Federal Contract Tower,0,0,2,0,2,0,0,9,0,9,0,0,11,0,11,0,0,0,11
12/16/2016,HFD,CT,ANE,EN,Federal Contract Tower,0,0,2,0,2,0,2,41,0,43,0,2,43,0,45,46,0,46,91
12/17/2016,HFD,CT,ANE,EN,Federal Contract Tower,0,0,2,0,2,0,0,0,0,0,0,0,2,0,2,0,0,0,2
12/18/2016,HFD,CT,ANE,EN,Federal Contract Tower,0,0,4,0,4,0,0,2,0,2,0,0,6,0,6,0,0,0,6
12/19/2016,HFD,CT,ANE,EN,Federal Contract Tower,0,3,7,0,10,0,2,59,0,61,0,5,66,0,71,30,0,30,101
12/20/2016,HFD,CT,ANE,EN,Federal Contract Tower,0,1,5,0,6,0,0,101,0,101,0,1,106,0,107,116,0,116,223
12/21/2016,HFD,CT,ANE,EN,Federal Contract Tower,0,0,6,1,7,0,2,81,0,83,0,2,87,1,90,36,0,36,126
12/22/2016,HFD,CT,ANE,EN,Federal Contract Tower,0,0,3,0,3,0,2,52,2,56,0,2,55,2,59,44,4,48,107
12/23/2016,HFD,CT,ANE,EN,Federal Contract Tower,0,0,9,0,9,0,0,106,0,106,0,0,115,0,115,32,0,32,147
12/24/2016,HFD,CT,ANE,EN,Federal Contract Tower,0,0,1,0,1,0,0,4,0,4,0,0,5,0,5,0,0,0,5
12/25/2016,HFD,CT,ANE,EN,Federal Contract Tower,0,2,0,0,2,0,0,28,0,28,0,2,28,0,30,0,0,0,30
12/26/2016,HFD,CT,ANE,EN,Federal Contract Tower,0,0,8,0,8,0,0,67,0,67,0,0,75,0,75,14,0,14,89
12/27/2016,HFD,CT,ANE,EN,Federal Contract Tower,0,0,6,0,6,0,0,31,0,31,0,0,37,0,37,8,0,8,45
12/28/2016,HFD,CT,ANE,EN,Federal Contract Tower,0,1,5,0,6,0,0,88,0,88,0,1,93,0,94,36,6,42,136
12/29/2016,HFD,CT,ANE,EN,Federal Contract Tower,0,0,5,0,5,0,0,2,0,2,0,0,7,0,7,0,0,0,7
12/30/2016,HFD,CT,ANE,EN,Federal Contract Tower,0,0,2,0,2,0,0,14,0,14,0,0,16,0,16,0,0,0,16
12/31/2016,HFD,CT,ANE,EN,Federal Contract Tower,0,0,3,0,3,0,0,75,0,75,0,0,78,0,78,30,0,30,108
01/01/2017,HFD,CT,ANE,EN,Federal Contract Tower,0,0,6,0,6,0,0,92,0,92,0,0,98,0,98,38,0,38,136
01/02/2017,HFD,CT,ANE,EN,Federal Contract Tower,0,2,1,0,3,0,0,60,0,60,0,2,61,0,63,56,0,56,119
01/03/2017,HFD,CT,ANE,EN,Federal Contract Tower,0,0,5,0,5,0,0,0,0,0,0,0,5,0,5,0,0,0,5
01/04/2017,HFD,CT,ANE,EN,Federal Contract Tower,0,0,10,0,10,0,0,14,0,14,0,0,24,0,24,6,0,6,30
01/05/2017,HFD,CT,ANE,EN,Federal Contract Tower,0,0,2,0,2,0,0,47,0,47,0,0,49,0,49,40,0,40,89
01/06/2017,HFD,CT,ANE,EN,Federal Contract Tower,0,0,2,0,2,0,0,38,0,38,0,0,40,0,40,24,0,24,64
01/07/2017,HFD,CT,ANE,EN,Federal Contract Tower,0,0,1,0,1,0,0,0,0,0,0,0,1,0,1,2,0,2,3
01/08/2017,HFD,CT,ANE,EN,Federal Contract Tower,0,0,0,0,0,0,0,18,0,18,0,0,18,0,18,12,0,12,30
01/09/2017,HFD,CT,ANE,EN,Federal Contract Tower,0,0,1,0,1,0,0,60,0,60,0,0,61,0,61,12,0,12,73
01/10/2017,HFD,CT,ANE,EN,Federal Contract Tower,0,0,3,0,3,0,0,11,0,11,0,0,14,0,14,8,0,8,22
01/11/2017,HFD,CT,ANE,EN,Federal Contract Tower,0,2,8,0,10,0,0,71,0,71,0,2,79,0,81,26,0,26,107
01/12/2017,HFD,CT,ANE,EN,Federal Contract Tower,0,0,9,0,9,0,0,9,0,9,0,0,18,0,18,24,0,24,42
01/13/2017,HFD,CT,ANE,EN,Federal Contract Tower,0,0,2,0,2,0,0,41,0,41,0,0,43,0,43,10,0,10,53
01/14/2017,HFD,CT,ANE,EN,Federal Contract Tower,0,0,5,0,5,0,0,82,0,82,0,0,87,0,87,48,0,48,135
01/15/2017,HFD,CT,ANE,EN,Federal Contract Tower,0,0,9,0,9,0,0,109,0,109,0,0,118,0,118,68,0,68,186
01/16/2017,HFD,CT,ANE,EN,Federal Contract Tower,0,0,3,0,3,0,0,125,0,125,0,0,128,0,128,68,0,68,196
01/17/2017,HFD,CT,ANE,EN,Federal Contract Tower,0,0,0,0,0,0,0,8,0,8,0,0,8,0,8,4,0,4,12
01/18/2017,HFD,CT,ANE,EN,Federal Contract Tower,0,0,5,0,5,0,0,0,0,0,0,0,5,0,5,0,0,0,5
01/19/2017,HFD,CT,ANE,EN,Federal Contract Tower,0,4,18,0,22,0,0,69,0,69,0,4,87,0,91,36,2,38,129
01/20/2017,HFD,CT,ANE,EN,Federal Contract Tower,0,0,3,0,3,0,0,24,0,24,0,0,27,0,27,4,0,4,31
01/21/2017,HFD,CT,ANE,EN,Federal Contract Tower,0,0,7,0,7,0,0,80,0,80,0,0,87,0,87,48,0,48,135
01/22/2017,HFD,CT,ANE,EN,Federal Contract Tower,0,6,17,0,23,0,0,23,0,23,0,6,40,0,46,20,0,20,66
01/23/2017,HFD,CT,ANE,EN,Federal Contract Tower,0,0,1,0,1,0,0,3,0,3,0,0,4,0,4,0,0,0,4
01/24/2017,HFD,CT,ANE,EN,Federal Contract Tower,0,0,3,0,3,0,0,0,0,0,0,0,3,0,3,0,0,0,3
01/25/2017,HFD,CT,ANE,EN,Federal Contract Tower,0,0,12,0,12,0,0,72,0,72,0,0,84,0,84,28,0,28,112
01/26/2017,HFD,CT,ANE,EN,Federal Contract Tower,0,0,5,0,5,0,0,56,2,58,0,0,61,2,63,8,0,8,71
01/27/2017,HFD,CT,ANE,EN,Federal Contract Tower,0,0,4,0,4,0,0,28,0,28,0,0,32,0,32,10,0,10,42
01/28/2017,HFD,CT,ANE,EN,Federal Contract Tower,0,0,4,0,4,0,0,81,0,81,0,0,85,0,85,38,0,38,123
01/29/2017,HFD,CT,ANE,EN,Federal Contract Tower,0,0,5,0,5,0,0,123,0,123,0,0,128,0,128,54,0,54,182
01/30/2017,HFD,CT,ANE,EN,Federal Contract Tower,0,0,0,0,0,0,0,78,0,78,0,0,78,0,78,50,0,50,128
01/31/2017,HFD,CT,ANE,EN,Federal Contract Tower,0,0,0,0,0,0,0,9,0,9,0,0,9,0,9,8,0,8,17
02/01/2017,HFD,CT,ANE,EN,Federal Contract Tower,0,1,3,0,4,0,0,37,0,37,0,1,40,0,41,0,0,0,41
02/02/2017,HFD,CT,ANE,EN,Federal Contract Tower,0,1,11,0,12,0,0,42,0,42,0,1,53,0,54,36,0,36,90
02/03/2017,HFD,CT,ANE,EN,Federal Contract Tower,0,1,7,0,8,0,3,60,0,63,0,4,67,0,71,72,0,72,143
02/04/2017,HFD,CT,ANE,EN,Federal Contract Tower,0,0,3,0,3,0,0,97,0,97,0,0,100,0,100,110,0,110,210
02/05/2017,HFD,CT,ANE,EN,Federal Contract Tower,0,0,3,0,3,0,0,39,0,39,0,0,42,0,42,12,0,12,54
02/06/2017,HFD,CT,ANE,EN,Federal Contract Tower,0,1,7,0,8,0,2,74,0,76,0,3,81,0,84,22,0,22,106
02/07/2017,HFD,CT,ANE,EN,Federal Contract Tower,0,0,0,0,0,0,0,0,0,0,0,0,0,0,0,0,0,0,0
02/08/2017,HFD,CT,ANE,EN,Federal Contract Tower,0,0,8,0,8,0,0,41,0,41,0,0,49,0,49,26,0,26,75
02/09/2017,HFD,CT,ANE,EN,Federal Contract Tower,0,0,0,0,0,0,0,0,0,0,0,0,0,0,0,0,0,0,0
02/10/2017,HFD,CT,ANE,EN,Federal Contract Tower,0,0,2,0,2,0,0,2,0,2,0,0,4,0,4,0,0,0,4
02/11/2017,HFD,CT,ANE,EN,Federal Contract Tower,0,2,1,0,3,0,0,5,0,5,0,2,6,0,8,4,0,4,12
02/12/2017,HFD,CT,ANE,EN,Federal Contract Tower,0,0,0,0,0,0,0,0,0,0,0,0,0,0,0,0,0,0,0
02/13/2017,HFD,CT,ANE,EN,Federal Contract Tower,0,0,0,0,0,0,0,2,0,2,0,0,2,0,2,0,0,0,2
02/14/2017,HFD,CT,ANE,EN,Federal Contract Tower,0,2,2,0,4,0,0,77,0,77,0,2,79,0,81,52,0,52,133
02/15/2017,HFD,CT,ANE,EN,Federal Contract Tower,0,0,7,0,7,0,0,8,0,8,0,0,15,0,15,6,0,6,21
02/16/2017,HFD,CT,ANE,EN,Federal Contract Tower,0,2,3,0,5,0,0,22,0,22,0,2,25,0,27,2,0,2,29
02/17/2017,HFD,CT,ANE,EN,Federal Contract Tower,0,0,13,0,13,0,0,29,0,29,0,0,42,0,42,2,0,2,44
02/18/2017,HFD,CT,ANE,EN,Federal Contract Tower,0,0,1,0,1,0,0,173,0,173,0,0,174,0,174,78,0,78,252
02/19/2017,HFD,CT,ANE,EN,Federal Contract Tower,0,0,2,0,2,0,0,137,0,137,0,0,139,0,139,67,0,67,206
02/20/2017,HFD,CT,ANE,EN,Federal Contract Tower,0,1,5,0,6,0,0,118,0,118,0,1,123,0,124,32,0,32,156
02/21/2017,HFD,CT,ANE,EN,Federal Contract Tower,0,1,4,0,5,0,1,113,0,114,0,2,117,0,119,106,0,106,225
02/22/2017,HFD,CT,ANE,EN,Federal Contract Tower,0,3,2,0,5,0,0,93,0,93,0,3,95,0,98,52,0,52,150
02/23/2017,HFD,CT,ANE,EN,Federal Contract Tower,0,0,4,0,4,0,0,66,0,66,0,0,70,0,70,44,0,44,114
02/24/2017,HFD,CT,ANE,EN,Federal Contract Tower,0,0,6,0,6,0,1,51,0,52,0,1,57,0,58,30,0,30,88
02/25/2017,HFD,CT,ANE,EN,Federal Contract Tower,0,0,3,0,3,0,0,3,0,3,0,0,6,0,6,18,0,18,24
02/26/2017,HFD,CT,ANE,EN,Federal Contract Tower,0,1,4,0,5,0,0,17,0,17,0,1,21,0,22,6,0,6,28
02/27/2017,HFD,CT,ANE,EN,Federal Contract Tower,0,1,10,0,11,0,0,60,0,60,0,1,70,0,71,10,0,10,81
02/28/2017,HFD,CT,ANE,EN,Federal Contract Tower,0,2,1,2,5,0,0,54,0,54,0,2,55,2,59,30,0,30,89
03/01/2017,HFD,CT,ANE,EN,Federal Contract Tower,0,0,10,0,10,0,0,0,0,0,0,0,10,0,10,0,0,0,10
03/02/2017,HFD,CT,ANE,EN,Federal Contract Tower,0,0,0,0,0,0,0,13,0,13,0,0,13,0,13,0,0,0,13
03/03/2017,HFD,CT,ANE,EN,Federal Contract Tower,0,2,4,0,6,0,0,53,0,53,0,2,57,0,59,28,0,28,87
03/04/2017,HFD,CT,ANE,EN,Federal Contract Tower,0,0,1,0,1,0,0,8,0,8,0,0,9,0,9,4,0,4,13
03/05/2017,HFD,CT,ANE,EN,Federal Contract Tower,0,0,7,0,7,0,1,50,0,51,0,1,57,0,58,0,0,0,58
03/06/2017,HFD,CT,ANE,EN,Federal Contract Tower,0,0,3,0,3,0,0,90,0,90,0,0,93,0,93,51,0,51,144
03/07/2017,HFD,CT,ANE,EN,Federal Contract Tower,0,2,8,0,10,0,0,11,0,11,0,2,19,0,21,2,0,2,23
03/08/2017,HFD,CT,ANE,EN,Federal Contract Tower,0,0,2,0,2,0,0,40,0,40,0,0,42,0,42,12,0,12,54
03/09/2017,HFD,CT,ANE,EN,Federal Contract Tower,0,1,2,0,3,0,1,17,0,18,0,2,19,0,21,4,0,4,25
03/10/2017,HFD,CT,ANE,EN,Federal Contract Tower,0,0,1,0,1,0,0,0,0,0,0,0,1,0,1,0,0,0,1
03/11/2017,HFD,CT,ANE,EN,Federal Contract Tower,0,0,2,0,2,0,0,5,0,5,0,0,7,0,7,0,2,2,9
03/12/2017,HFD,CT,ANE,EN,Federal Contract Tower,0,0,8,0,8,0,2,21,0,23,0,2,29,0,31,0,0,0,31
03/13/2017,HFD,CT,ANE,EN,Federal Contract Tower,0,0,6,0,6,0,0,96,0,96,0,0,102,0,102,40,0,40,142
03/14/2017,HFD,CT,ANE,EN,Federal Contract Tower,0,0,0,0,0,0,0,0,0,0,0,0,0,0,0,0,0,0,0
03/15/2017,HFD,CT,ANE,EN,Federal Contract Tower,0,0,0,0,0,0,2,8,0,10,0,2,8,0,10,0,0,0,10
03/16/2017,HFD,CT,ANE,EN,Federal Contract Tower,0,2,3,0,5,0,0,20,0,20,0,2,23,0,25,8,0,8,33
03/17/2017,HFD,CT,ANE,EN,Federal Contract Tower,0,0,6,0,6,0,0,79,0,79,0,0,85,0,85,34,0,34,119
03/18/2017,HFD,CT,ANE,EN,Federal Contract Tower,0,0,1,0,1,0,0,67,0,67,0,0,68,0,68,58,0,58,126
03/19/2017,HFD,CT,ANE,EN,Federal Contract Tower,0,0,9,0,9,0,0,58,0,58,0,0,67,0,67,30,0,30,97
03/20/2017,HFD,CT,ANE,EN,Federal Contract Tower,0,0,9,0,9,0,0,125,0,125,0,0,134,0,134,74,0,74,208
03/21/2017,HFD,CT,ANE,EN,Federal Contract Tower,0,0,8,0,8,0,0,128,0,128,0,0,136,0,136,96,2,98,234
03/22/2017,HFD,CT,ANE,EN,Federal Contract Tower,0,1,5,0,6,0,0,18,0,18,0,1,23,0,24,2,0,2,26
03/23/2017,HFD,CT,ANE,EN,Federal Contract Tower,0,0,11,0,11,0,0,69,0,69,0,0,80,0,80,22,0,22,102
03/24/2017,HFD,CT,ANE,EN,Federal Contract Tower,0,0,12,0,12,0,0,36,0,36,0,0,48,0,48,4,0,4,52
03/25/2017,HFD,CT,ANE,EN,Federal Contract Tower,0,0,17,0,17,0,0,33,0,33,0,0,50,0,50,42,0,42,92
03/26/2017,HFD,CT,ANE,EN,Federal Contract Tower,0,1,6,0,7,0,0,0,0,0,0,1,6,0,7,10,0,10,17
03/27/2017,HFD,CT,ANE,EN,Federal Contract Tower,0,0,1,0,1,0,0,0,0,0,0,0,1,0,1,0,0,0,1
03/28/2017,HFD,CT,ANE,EN,Federal Contract Tower,0,3,9,0,12,0,0,0,0,0,0,3,9,0,12,0,0,0,12
03/29/2017,HFD,CT,ANE,EN,Federal Contract Tower,0,5,12,0,17,0,0,72,0,72,0,5,84,0,89,66,0,66,155
03/30/2017,HFD,CT,ANE,EN,Federal Contract Tower,0,2,4,0,6,0,0,146,0,146,0,2,150,0,152,169,0,169,321
03/31/2017,HFD,CT,ANE,EN,Federal Contract Tower,0,0,2,0,2,0,0,1,0,1,0,0,3,0,3,0,0,0,3
04/01/2017,HFD,CT,ANE,EN,Federal Contract Tower,0,0,2,0,2,0,0,2,0,2,0,0,4,0,4,0,0,0,4
04/02/2017,HFD,CT,ANE,EN,Federal Contract Tower,0,0,8,0,8,0,0,138,0,138,0,0,146,0,146,80,0,80,226
04/03/2017,HFD,CT,ANE,EN,Federal Contract Tower,0,0,4,0,4,0,0,79,0,79,0,0,83,0,83,76,0,76,159
04/04/2017,HFD,CT,ANE,EN,Federal Contract Tower,0,3,4,2,9,0,0,0,0,0,0,3,4,2,9,0,0,0,9
04/05/2017,HFD,CT,ANE,EN,Federal Contract Tower,0,2,30,1,33,0,0,47,0,47,0,2,77,1,80,90,0,90,170
04/06/2017,HFD,CT,ANE,EN,Federal Contract Tower,0,1,2,0,3,0,0,0,0,0,0,1,2,0,3,0,0,0,3
04/07/2017,HFD,CT,ANE,EN,Federal Contract Tower,0,1,6,0,7,0,0,20,0,20,0,1,26,0,27,14,0,14,41
04/08/2017,HFD,CT,ANE,EN,Federal Contract Tower,0,2,8,0,10,0,0,46,0,46,0,2,54,0,56,14,0,14,70
04/09/2017,HFD,CT,ANE,EN,Federal Contract Tower,0,1,7,0,8,0,0,139,0,139,0,1,146,0,147,86,0,86,233
04/10/2017,HFD,CT,ANE,EN,Federal Contract Tower,0,3,6,0,9,0,0,81,0,81,0,3,87,0,90,18,0,18,108
04/11/2017,HFD,CT,ANE,EN,Federal Contract Tower,0,5,18,0,23,0,1,97,0,98,0,6,115,0,121,36,0,36,157
04/12/2017,HFD,CT,ANE,EN,Federal Contract Tower,0,3,10,0,13,0,0,73,0,73,0,3,83,0,86,46,0,46,132
04/13/2017,HFD,CT,ANE,EN,Federal Contract Tower,0,3,4,0,7,0,0,84,0,84,0,3,88,0,91,8,0,8,99
04/14/2017,HFD,CT,ANE,EN,Federal Contract Tower,0,0,11,1,12,0,0,128,0,128,0,0,139,1,140,80,2,82,222
04/15/2017,HFD,CT,ANE,EN,Federal Contract Tower,0,0,1,0,1,0,0,91,0,91,0,0,92,0,92,60,0,60,152
04/16/2017,HFD,CT,ANE,EN,Federal Contract Tower,0,0,2,0,2,0,0,16,0,16,0,0,18,0,18,24,0,24,42
04/17/2017,HFD,CT,ANE,EN,Federal Contract Tower,0,1,7,0,8,0,1,65,0,66,0,2,72,0,74,7,0,7,81
04/18/2017,HFD,CT,ANE,EN,Federal Contract Tower,0,2,4,0,6,0,0,136,0,136,0,2,140,0,142,98,0,98,240
04/19/2017,HFD,CT,ANE,EN,Federal Contract Tower,0,1,1,0,2,0,0,44,0,44,0,1,45,0,46,48,0,48,94
04/20/2017,HFD,CT,ANE,EN,Federal Contract Tower,0,0,12,0,12,0,0,58,0,58,0,0,70,0,70,48,0,48,118
04/21/2017,HFD,CT,ANE,EN,Federal Contract Tower,0,0,18,0,18,0,0,0,0,0,0,0,18,0,18,0,0,0,18
04/22/2017,HFD,CT,ANE,EN,Federal Contract Tower,0,2,27,0,29,0,0,9,0,9,0,2,36,0,38,37,0,37,75
04/23/2017,HFD,CT,ANE,EN,Federal Contract Tower,0,0,4,0,4,0,0,135,0,135,0,0,139,0,139,96,0,96,235
04/24/2017,HFD,CT,ANE,EN,Federal Contract Tower,0,2,7,0,9,0,0,86,0,86,0,2,93,0,95,74,0,74,169
04/25/2017,HFD,CT,ANE,EN,Federal Contract Tower,0,0,8,0,8,0,0,0,0,0,0,0,8,0,8,0,0,0,8
04/26/2017,HFD,CT,ANE,EN,Federal Contract Tower,0,0,3,0,3,0,0,1,0,1,0,0,4,0,4,0,0,0,4
04/27/2017,HFD,CT,ANE,EN,Federal Contract Tower,0,0,16,0,16,0,0,24,0,24,0,0,40,0,40,30,0,30,70
04/28/2017,HFD,CT,ANE,EN,Federal Contract Tower,0,0,10,0,10,0,0,60,0,60,0,0,70,0,70,42,0,42,112
04/29/2017,HFD,CT,ANE,EN,Federal Contract Tower,0,2,3,0,5,0,0,111,0,111,0,2,114,0,116,50,0,50,166
04/30/2017,HFD,CT,ANE,EN,Federal Contract Tower,0,0,14,0,14,0,0,87,0,87,0,0,101,0,101,86,0,86,187
05/01/2017,HFD,CT,ANE,EN,Federal Contract Tower,0,2,5,0,7,0,0,13,0,13,0,2,18,0,20,8,0,8,28
05/02/2017,HFD,CT,ANE,EN,Federal Contract Tower,0,0,6,0,6,0,0,29,0,29,0,0,35,0,35,0,0,0,35
05/03/2017,HFD,CT,ANE,EN,Federal Contract Tower,0,0,6,0,6,0,0,62,2,64,0,0,68,2,70,44,0,44,114
05/04/2017,HFD,CT,ANE,EN,Federal Contract Tower,0,2,7,0,9,0,0,130,0,130,0,2,137,0,139,94,0,94,233
05/05/2017,HFD,CT,ANE,EN,Federal Contract Tower,0,0,8,0,8,0,0,2,0,2,0,0,10,0,10,0,0,0,10
05/06/2017,HFD,CT,ANE,EN,Federal Contract Tower,0,0,1,0,1,0,0,11,0,11,0,0,12,0,12,32,0,32,44
05/07/2017,HFD,CT,ANE,EN,Federal Contract Tower,0,2,13,0,15,0,0,39,0,39,0,2,52,0,54,10,0,10,64
05/08/2017,HFD,CT,ANE,EN,Federal Contract Tower,0,0,4,0,4,0,0,35,0,35,0,0,39,0,39,18,0,18,57
05/09/2017,HFD,CT,ANE,EN,Federal Contract Tower,0,2,7,0,9,0,0,118,0,118,0,2,125,0,127,106,0,106,233
05/10/2017,HFD,CT,ANE,EN,Federal Contract Tower,0,0,11,0,11,0,0,124,0,124,0,0,135,0,135,66,6,72,207
05/11/2017,HFD,CT,ANE,EN,Federal Contract Tower,0,0,10,0,10,0,0,104,0,104,0,0,114,0,114,58,0,58,172
05/12/2017,HFD,CT,ANE,EN,Federal Contract Tower,0,0,15,0,15,0,0,52,0,52,0,0,67,0,67,24,0,24,91
05/13/2017,HFD,CT,ANE,EN,Federal Contract Tower,0,0,14,0,14,0,0,4,0,4,0,0,18,0,18,20,0,20,38
05/14/2017,HFD,CT,ANE,EN,Federal Contract Tower,0,0,7,0,7,0,0,5,0,5,0,0,12,0,12,2,0,2,14
05/15/2017,HFD,CT,ANE,EN,Federal Contract Tower,0,2,13,0,15,0,0,18,0,18,0,2,31,0,33,4,0,4,37
05/16/2017,HFD,CT,ANE,EN,Federal Contract Tower,0,3,4,0,7,0,0,112,0,112,0,3,116,0,119,120,0,120,239
05/17/2017,HFD,CT,ANE,EN,Federal Contract Tower,0,6,4,0,10,0,2,97,0,99,0,8,101,0,109,22,0,22,131
05/18/2017,HFD,CT,ANE,EN,Federal Contract Tower,0,0,4,0,4,0,2,86,0,88,0,2,90,0,92,22,0,22,114
05/19/2017,HFD,CT,ANE,EN,Federal Contract Tower,0,4,2,0,6,0,3,56,0,59,0,7,58,0,65,26,0,26,91
05/20/2017,HFD,CT,ANE,EN,Federal Contract Tower,0,3,7,0,10,0,0,115,0,115,0,3,122,0,125,150,0,150,275
05/21/2017,HFD,CT,ANE,EN,Federal Contract Tower,0,2,15,0,17,0,0,143,0,143,0,2,158,0,160,124,4,128,288
05/22/2017,HFD,CT,ANE,EN,Federal Contract Tower,0,0,9,0,9,0,0,8,0,8,0,0,17,0,17,34,0,34,51
05/23/2017,HFD,CT,ANE,EN,Federal Contract Tower,0,2,1,0,3,0,0,104,0,104,0,2,105,0,107,104,2,106,213
05/24/2017,HFD,CT,ANE,EN,Federal Contract Tower,0,1,12,1,14,0,0,92,0,92,0,1,104,1,106,126,0,126,232
05/25/2017,HFD,CT,ANE,EN,Federal Contract Tower,0,6,14,1,21,0,0,0,0,0,0,6,14,1,21,0,0,0,21
05/26/2017,HFD,CT,ANE,EN,Federal Contract Tower,0,1,20,0,21,0,0,17,0,17,0,1,37,0,38,26,0,26,64
05/27/2017,HFD,CT,ANE,EN,Federal Contract Tower,0,1,10,0,11,0,0,102,0,102,0,1,112,0,113,156,0,156,269
05/28/2017,HFD,CT,ANE,EN,Federal Contract Tower,0,2,8,0,10,0,0,114,0,114,0,2,122,0,124,128,0,128,252
05/29/2017,HFD,CT,ANE,EN,Federal Contract Tower,0,0,15,0,15,0,0,0,0,0,0,0,15,0,15,4,0,4,19
05/30/2017,HFD,CT,ANE,EN,Federal Contract Tower,0,2,18,1,21,0,0,4,2,6,0,2,22,3,27,20,0,20,47
05/31/2017,HFD,CT,ANE,EN,Federal Contract Tower,0,0,5,0,5,0,0,28,0,28,0,0,33,0,33,12,0,12,45
06/01/2017,HFD,CT,ANE,EN,Federal Contract Tower,0,1,9,0,10,0,0,95,0,95,0,1,104,0,105,18,0,18,123
06/02/2017,HFD,CT,ANE,EN,Federal Contract Tower,0,1,2,0,3,0,0,72,0,72,0,1,74,0,75,14,0,14,89
06/03/2017,HFD,CT,ANE,EN,Federal Contract Tower,0,0,9,0,9,0,0,81,6,87,0,0,90,6,96,78,0,78,174
06/04/2017,HFD,CT,ANE,EN,Federal Contract Tower,0,2,15,0,17,0,0,70,0,70,0,2,85,0,87,60,0,60,147
06/05/2017,HFD,CT,ANE,EN,Federal Contract Tower,0,2,14,0,16,0,0,1,0,1,0,2,15,0,17,0,0,0,17
06/06/2017,HFD,CT,ANE,EN,Federal Contract Tower,0,0,15,0,15,0,0,0,0,0,0,0,15,0,15,0,0,0,15
06/07/2017,HFD,CT,ANE,EN,Federal Contract Tower,0,0,14,0,14,0,0,109,0,109,0,0,123,0,123,62,0,62,185
06/08/2017,HFD,CT,ANE,EN,Federal Contract Tower,0,2,11,0,13,0,0,138,0,138,0,2,149,0,151,62,2,64,215
06/09/2017,HFD,CT,ANE,EN,Federal Contract Tower,0,2,5,0,7,0,0,82,0,82,0,2,87,0,89,32,0,32,121
06/10/2017,HFD,CT,ANE,EN,Federal Contract Tower,0,0,3,0,3,0,2,143,0,145,0,2,146,0,148,64,0,64,212
06/11/2017,HFD,CT,ANE,EN,Federal Contract Tower,0,0,3,0,3,0,0,107,0,107,0,0,110,0,110,94,0,94,204
06/12/2017,HFD,CT,ANE,EN,Federal Contract Tower,0,2,6,0,8,0,0,119,0,119,0,2,125,0,127,46,0,46,173
06/13/2017,HFD,CT,ANE,EN,Federal Contract Tower,0,2,17,0,19,0,0,67,0,67,0,2,84,0,86,22,0,22,108
06/14/2017,HFD,CT,ANE,EN,Federal Contract Tower,0,0,10,0,10,0,0,146,0,146,0,0,156,0,156,104,0,104,260
06/15/2017,HFD,CT,ANE,EN,Federal Contract Tower,0,2,14,0,16,0,0,143,0,143,0,2,157,0,159,50,0,50,209
06/16/2017,HFD,CT,ANE,EN,Federal Contract Tower,0,0,13,0,13,0,0,2,0,2,0,0,15,0,15,2,0,2,17
06/17/2017,HFD,CT,ANE,EN,Federal Contract Tower,0,2,19,0,21,0,0,15,0,15,0,2,34,0,36,46,0,46,82
06/18/2017,HFD,CT,ANE,EN,Federal Contract Tower,0,0,11,0,11,0,0,7,0,7,0,0,18,0,18,1,0,1,19
06/19/2017,HFD,CT,ANE,EN,Federal Contract Tower,0,0,10,0,10,0,0,0,0,0,0,0,10,0,10,0,0,0,10
06/20/2017,HFD,CT,ANE,EN,Federal Contract Tower,0,11,14,0,25,0,0,55,0,55,0,11,69,0,80,2,0,2,82
06/21/2017,HFD,CT,ANE,EN,Federal Contract Tower,0,3,6,0,9,0,3,122,2,127,0,6,128,2,136,52,0,52,188
06/22/2017,HFD,CT,ANE,EN,Federal Contract Tower,0,0,9,0,9,0,2,163,0,165,0,2,172,0,174,66,0,66,240
06/23/2017,HFD,CT,ANE,EN,Federal Contract Tower,0,2,15,0,17,0,0,34,0,34,0,2,49,0,51,4,0,4,55
06/24/2017,HFD,CT,ANE,EN,Federal Contract Tower,0,0,7,0,7,0,0,61,0,61,0,0,68,0,68,48,0,48,116
06/25/2017,HFD,CT,ANE,EN,Federal Contract Tower,0,22,8,0,30,0,0,129,0,129,0,22,137,0,159,45,3,48,207
06/26/2017,HFD,CT,ANE,EN,Federal Contract Tower,0,3,4,0,7,0,0,86,0,86,0,3,90,0,93,70,0,70,163
06/27/2017,HFD,CT,ANE,EN,Federal Contract Tower,0,3,1,0,4,0,2,54,0,56,0,5,55,0,60,30,0,30,90
06/28/2017,HFD,CT,ANE,EN,Federal Contract Tower,0,4,10,2,16,0,0,87,6,93,0,4,97,8,109,68,6,74,183
06/29/2017,HFD,CT,ANE,EN,Federal Contract Tower,0,1,4,0,5,0,0,84,0,84,0,1,88,0,89,9,0,9,98
06/30/2017,HFD,CT,ANE,EN,Federal Contract Tower,0,1,11,0,12,0,0,43,0,43,0,1,54,0,55,30,0,30,85
07/01/2017,HFD,CT,ANE,EN,Federal Contract Tower,0,0,12,0,12,0,0,44,0,44,0,0,56,0,56,42,0,42,98
07/02/2017,HFD,CT,ANE,EN,Federal Contract Tower,0,1,9,0,10,0,3,74,0,77,0,4,83,0,87,48,0,48,135
07/03/2017,HFD,CT,ANE,EN,Federal Contract Tower,0,0,2,0,2,0,0,56,0,56,0,0,58,0,58,8,0,8,66
07/04/2017,HFD,CT,ANE,EN,Federal Contract Tower,0,0,2,0,2,0,0,118,0,118,0,0,120,0,120,44,0,44,164
07/05/2017,HFD,CT,ANE,EN,Federal Contract Tower,0,0,7,0,7,0,0,118,2,120,0,0,125,2,127,46,0,46,173
07/06/2017,HFD,CT,ANE,EN,Federal Contract Tower,0,2,17,0,19,0,0,105,0,105,0,2,122,0,124,16,2,18,142
07/07/2017,HFD,CT,ANE,EN,Federal Contract Tower,0,0,12,0,12,0,0,0,0,0,0,0,12,0,12,0,0,0,12
07/08/2017,HFD,CT,ANE,EN,Federal Contract Tower,0,2,8,0,10,0,0,59,0,59,0,2,67,0,69,78,0,78,147
07/09/2017,HFD,CT,ANE,EN,Federal Contract Tower,0,2,5,0,7,0,0,101,0,101,0,2,106,0,108,139,0,139,247
07/10/2017,HFD,CT,ANE,EN,Federal Contract Tower,0,7,7,0,14,0,0,0,0,0,0,7,7,0,14,58,0,58,72
07/11/2017,HFD,CT,ANE,EN,Federal Contract Tower,0,3,8,0,11,0,1,56,0,57,0,4,64,0,68,62,0,62,130
07/12/2017,HFD,CT,ANE,EN,Federal Contract Tower,0,3,10,0,13,0,0,75,0,75,0,3,85,0,88,98,0,98,186
07/13/2017,HFD,CT,ANE,EN,Federal Contract Tower,0,0,18,0,18,0,0,45,0,45,0,0,63,0,63,48,0,48,111
07/14/2017,HFD,CT,ANE,EN,Federal Contract Tower,0,0,18,0,18,0,0,0,0,0,0,0,18,0,18,0,0,0,18
07/15/2017,HFD,CT,ANE,EN,Federal Contract Tower,0,0,17,0,17,0,0,65,0,65,0,0,82,0,82,18,0,18,100
07/16/2017,HFD,CT,ANE,EN,Federal Contract Tower,0,1,17,0,18,0,0,163,0,163,0,1,180,0,181,126,0,126,307
07/17/2017,HFD,CT,ANE,EN,Federal Contract Tower,0,1,18,0,19,0,0,135,0,135,0,1,153,0,154,128,0,128,282
07/18/2017,HFD,CT,ANE,EN,Federal Contract Tower,0,4,15,0,19,0,0,76,0,76,0,4,91,0,95,140,0,140,235
07/19/2017,HFD,CT,ANE,EN,Federal Contract Tower,0,2,21,0,23,0,0,128,0,128,0,2,149,0,151,112,0,112,263
07/20/2017,HFD,CT,ANE,EN,Federal Contract Tower,0,0,14,1,15,0,0,118,0,118,0,0,132,1,133,34,0,34,167
07/21/2017,HFD,CT,ANE,EN,Federal Contract Tower,0,2,17,0,19,0,0,107,0,107,0,2,124,0,126,104,2,106,232
07/22/2017,HFD,CT,ANE,EN,Federal Contract Tower,0,0,15,0,15,0,0,105,0,105,0,0,120,0,120,76,0,76,196
07/23/2017,HFD,CT,ANE,EN,Federal Contract Tower,0,0,10,0,10,0,0,91,0,91,0,0,101,0,101,90,0,90,191
07/25/2017,HFD,CT,ANE,EN,Federal Contract Tower,0,3,22,0,25,0,0,20,0,20,0,3,42,0,45,146,0,146,191
07/26/2017,HFD,CT,ANE,EN,Federal Contract Tower,0,4,5,0,9,0,0,131,0,131,0,4,136,0,140,210,0,210,350
07/27/2017,HFD,CT,ANE,EN,Federal Contract Tower,0,1,13,0,14,0,0,74,0,74,0,1,87,0,88,98,0,98,186
07/28/2017,HFD,CT,ANE,EN,Federal Contract Tower,0,0,11,0,11,0,0,70,0,70,0,0,81,0,81,66,0,66,147
07/29/2017,HFD,CT,ANE,EN,Federal Contract Tower,0,0,2,0,2,0,0,54,0,54,0,0,56,0,56,28,0,28,84
07/30/2017,HFD,CT,ANE,EN,Federal Contract Tower,0,1,12,0,13,0,0,98,0,98,0,1,110,0,111,102,0,102,213
07/31/2017,HFD,CT,ANE,EN,Federal Contract Tower,0,2,3,0,5,0,2,127,0,129,0,4,130,0,134,118,0,118,252
08/01/2017,HFD,CT,ANE,EN,Federal Contract Tower,0,1,10,0,11,0,0,103,0,103,0,1,113,0,114,22,2,24,138
08/02/2017,HFD,CT,ANE,EN,Federal Contract Tower,0,0,7,0,7,0,0,57,0,57,0,0,64,0,64,74,0,74,138
08/03/2017,HFD,CT,ANE,EN,Federal Contract Tower,0,0,27,0,27,0,0,101,0,101,0,0,128,0,128,92,0,92,220
08/05/2017,HFD,CT,ANE,EN,Federal Contract Tower,0,0,3,0,3,0,0,2,0,2,0,0,5,0,5,10,0,10,15
08/06/2017,HFD,CT,ANE,EN,Federal Contract Tower,0,0,13,0,13,0,0,131,0,131,0,0,144,0,144,60,0,60,204
08/07/2017,HFD,CT,ANE,EN,Federal Contract Tower,0,2,8,0,10,0,0,24,0,24,0,2,32,0,34,8,0,8,42
08/08/2017,HFD,CT,ANE,EN,Federal Contract Tower,0,0,12,0,12,0,0,43,0,43,0,0,55,0,55,132,0,132,187
08/09/2017,HFD,CT,ANE,EN,Federal Contract Tower,0,2,9,0,11,0,0,134,0,134,0,2,143,0,145,136,0,136,281
08/10/2017,HFD,CT,ANE,EN,Federal Contract Tower,0,2,14,0,16,0,0,171,0,171,0,2,185,0,187,176,0,176,363
08/11/2017,HFD,CT,ANE,EN,Federal Contract Tower,0,0,10,0,10,0,0,106,0,106,0,0,116,0,116,60,0,60,176
08/12/2017,HFD,CT,ANE,EN,Federal Contract Tower,0,0,11,0,11,0,0,56,0,56,0,0,67,0,67,114,0,114,181
08/13/2017,HFD,CT,ANE,EN,Federal Contract Tower,0,0,9,0,9,0,0,99,0,99,0,0,108,0,108,102,0,102,210
08/14/2017,HFD,CT,ANE,EN,Federal Contract Tower,0,3,7,0,10,0,4,121,0,125,0,7,128,0,135,40,0,40,175
08/15/2017,HFD,CT,ANE,EN,Federal Contract Tower,0,8,19,0,27,0,0,57,0,57,0,8,76,0,84,86,0,86,170
08/16/2017,HFD,CT,ANE,EN,Federal Contract Tower,0,1,9,0,10,0,0,125,0,125,0,1,134,0,135,56,0,56,191
08/17/2017,HFD,CT,ANE,EN,Federal Contract Tower,0,2,8,0,10,0,0,142,0,142,0,2,150,0,152,68,0,68,220
08/18/2017,HFD,CT,ANE,EN,Federal Contract Tower,0,0,10,0,10,0,0,2,0,2,0,0,12,0,12,0,0,0,12
08/19/2017,HFD,CT,ANE,EN,Federal Contract Tower,0,0,4,0,4,0,2,101,0,103,0,2,105,0,107,66,0,66,173
08/20/2017,HFD,CT,ANE,EN,Federal Contract Tower,0,2,4,0,6,0,0,116,0,116,0,2,120,0,122,28,0,28,150
08/21/2017,HFD,CT,ANE,EN,Federal Contract Tower,0,0,10,0,10,0,0,90,0,90,0,0,100,0,100,58,0,58,158
08/22/2017,HFD,CT,ANE,EN,Federal Contract Tower,0,2,16,0,18,0,0,31,0,31,0,2,47,0,49,16,0,16,65
08/23/2017,HFD,CT,ANE,EN,Federal Contract Tower,0,1,11,0,12,0,0,93,0,93,0,1,104,0,105,68,0,68,173
08/24/2017,HFD,CT,ANE,EN,Federal Contract Tower,0,2,9,1,12,0,0,132,0,132,0,2,141,1,144,66,0,66,210
08/25/2017,HFD,CT,ANE,EN,Federal Contract Tower,0,0,9,0,9,0,0,101,0,101,0,0,110,0,110,74,0,74,184
08/26/2017,HFD,CT,ANE,EN,Federal Contract Tower,0,0,3,0,3,0,0,132,0,132,0,0,135,0,135,70,0,70,205
08/27/2017,HFD,CT,ANE,EN,Federal Contract Tower,0,0,10,0,10,0,0,114,0,114,0,0,124,0,124,118,0,118,242
08/28/2017,HFD,CT,ANE,EN,Federal Contract Tower,0,0,6,0,6,0,0,78,0,78,0,0,84,0,84,24,0,24,108
08/29/2017,HFD,CT,ANE,EN,Federal Contract Tower,0,1,10,0,11,0,0,43,2,45,0,1,53,2,56,38,0,38,94
08/30/2017,HFD,CT,ANE,EN,Federal Contract Tower,0,1,12,1,14,0,0,86,0,86,0,1,98,1,100,32,2,34,134
08/31/2017,HFD,CT,ANE,EN,Federal Contract Tower,0,4,17,0,21,0,2,100,0,102,0,6,117,0,123,46,0,46,169
09/01/2017,HFD,CT,ANE,EN,Federal Contract Tower,0,0,8,0,8,0,0,60,0,60,0,0,68,0,68,20,0,20,88
09/02/2017,HFD,CT,ANE,EN,Federal Contract Tower,0,1,7,0,8,0,2,105,0,107,0,3,112,0,115,42,0,42,157
09/03/2017,HFD,CT,ANE,EN,Federal Contract Tower,0,1,2,0,3,0,0,0,0,0,0,1,2,0,3,0,0,0,3
09/04/2017,HFD,CT,ANE,EN,Federal Contract Tower,0,1,3,0,4,0,5,149,0,154,0,6,152,0,158,64,0,64,222
09/05/2017,HFD,CT,ANE,EN,Federal Contract Tower,0,7,8,0,15,0,0,39,0,39,0,7,47,0,54,28,0,28,82
09/06/2017,HFD,CT,ANE,EN,Federal Contract Tower,0,1,7,0,8,0,0,4,0,4,0,1,11,0,12,3,0,3,15
09/07/2017,HFD,CT,ANE,EN,Federal Contract Tower,0,0,19,0,19,0,0,66,0,66,0,0,85,0,85,64,0,64,149
09/08/2017,HFD,CT,ANE,EN,Federal Contract Tower,0,0,13,0,13,0,0,66,0,66,0,0,79,0,79,26,0,26,105
09/09/2017,HFD,CT,ANE,EN,Federal Contract Tower,0,3,15,0,18,0,1,108,0,109,0,4,123,0,127,108,0,108,235
09/10/2017,HFD,CT,ANE,EN,Federal Contract Tower,0,0,6,0,6,0,0,84,0,84,0,0,90,0,90,78,0,78,168
09/11/2017,HFD,CT,ANE,EN,Federal Contract Tower,0,0,4,0,4,0,1,108,0,109,0,1,112,0,113,86,0,86,199
09/12/2017,HFD,CT,ANE,EN,Federal Contract Tower,0,2,7,0,9,0,0,89,0,89,0,2,96,0,98,48,0,48,146
09/13/2017,HFD,CT,ANE,EN,Federal Contract Tower,0,1,7,0,8,0,1,100,0,101,0,2,107,0,109,54,0,54,163
09/14/2017,HFD,CT,ANE,EN,Federal Contract Tower,0,2,15,0,17,0,0,28,0,28,0,2,43,0,45,30,0,30,75
09/15/2017,HFD,CT,ANE,EN,Federal Contract Tower,0,1,8,0,9,0,0,56,0,56,0,1,64,0,65,6,0,6,71
09/16/2017,HFD,CT,ANE,EN,Federal Contract Tower,0,2,12,0,14,0,0,55,0,55,0,2,67,0,69,60,0,60,129
09/17/2017,HFD,CT,ANE,EN,Federal Contract Tower,0,3,8,0,11,0,0,52,0,52,0,3,60,0,63,40,0,40,103
09/18/2017,HFD,CT,ANE,EN,Federal Contract Tower,0,2,25,0,27,0,2,26,0,28,0,4,51,0,55,100,0,100,155
09/19/2017,HFD,CT,ANE,EN,Federal Contract Tower,0,0,10,0,10,0,0,1,2,3,0,0,11,2,13,0,2,2,15
09/20/2017,HFD,CT,ANE,EN,Federal Contract Tower,0,2,5,0,7,0,0,2,0,2,0,2,7,0,9,0,0,0,9
09/21/2017,HFD,CT,ANE,EN,Federal Contract Tower,0,2,16,0,18,0,0,48,0,48,0,2,64,0,66,8,0,8,74
09/22/2017,HFD,CT,ANE,EN,Federal Contract Tower,0,0,8,0,8,0,0,38,0,38,0,0,46,0,46,8,8,16,62
09/23/2017,HFD,CT,ANE,EN,Federal Contract Tower,0,0,10,0,10,0,0,110,0,110,0,0,120,0,120,38,0,38,158
09/24/2017,HFD,CT,ANE,EN,Federal Contract Tower,0,1,4,0,5,0,0,124,0,124,0,1,128,0,129,20,0,20,149
09/25/2017,HFD,CT,ANE,EN,Federal Contract Tower,0,0,11,0,11,0,2,0,0,2,0,2,11,0,13,58,0,58,71
09/26/2017,HFD,CT,ANE,EN,Federal Contract Tower,0,0,14,0,14,0,1,70,0,71,0,1,84,0,85,46,0,46,131
09/27/2017,HFD,CT,ANE,EN,Federal Contract Tower,0,6,12,0,18,0,1,49,0,50,0,7,61,0,68,44,0,44,112
09/28/2017,HFD,CT,ANE,EN,Federal Contract Tower,0,0,11,0,11,0,0,83,0,83,0,0,94,0,94,52,0,52,146
09/29/2017,HFD,CT,ANE,EN,Federal Contract Tower,0,0,8,0,8,0,0,102,0,102,0,0,110,0,110,36,0,36,146
09/30/2017,HFD,CT,ANE,EN,Federal Contract Tower,0,0,14,0,14,0,0,8,0,8,0,0,22,0,22,62,0,62,84
10/01/2017,HFD,CT,ANE,EN,Federal Contract Tower,0,0,9,0,9,0,0,136,0,136,0,0,145,0,145,120,0,120,265
10/02/2017,HFD,CT,ANE,EN,Federal Contract Tower,0,4,9,0,13,0,0,125,0,125,0,4,134,0,138,78,0,78,216
10/03/2017,HFD,CT,ANE,EN,Federal Contract Tower,0,0,13,0,13,0,0,100,1,101,0,0,113,1,114,62,6,68,182
10/04/2017,HFD,CT,ANE,EN,Federal Contract Tower,0,2,3,0,5,0,0,124,0,124,0,2,127,0,129,50,2,52,181
10/05/2017,HFD,CT,ANE,EN,Federal Contract Tower,0,2,7,0,9,0,2,114,0,116,0,4,121,0,125,78,0,78,203
10/06/2017,HFD,CT,ANE,EN,Federal Contract Tower,0,0,14,0,14,0,0,92,0,92,0,0,106,0,106,60,0,60,166
10/07/2017,HFD,CT,ANE,EN,Federal Contract Tower,0,0,19,0,19,0,0,28,0,28,0,0,47,0,47,38,0,38,85
10/08/2017,HFD,CT,ANE,EN,Federal Contract Tower,0,0,16,0,16,0,0,0,0,0,0,0,16,0,16,0,0,0,16
10/09/2017,HFD,CT,ANE,EN,Federal Contract Tower,0,0,8,0,8,0,0,0,0,0,0,0,8,0,8,0,0,0,8
10/10/2017,HFD,CT,ANE,EN,Federal Contract Tower,0,0,8,0,8,0,0,88,2,90,0,0,96,2,98,62,0,62,160
10/11/2017,HFD,CT,ANE,EN,Federal Contract Tower,0,0,11,0,11,0,0,78,0,78,0,0,89,0,89,116,0,116,205
10/12/2017,HFD,CT,ANE,EN,Federal Contract Tower,0,4,13,0,17,0,0,97,0,97,0,4,110,0,114,100,0,100,214
10/13/2017,HFD,CT,ANE,EN,Federal Contract Tower,0,2,13,0,15,0,0,87,0,87,0,2,100,0,102,60,0,60,162
10/14/2017,HFD,CT,ANE,EN,Federal Contract Tower,0,2,14,0,16,0,0,19,0,19,0,2,33,0,35,4,0,4,39
10/15/2017,HFD,CT,ANE,EN,Federal Contract Tower,0,1,9,0,10,0,0,10,0,10,0,1,19,0,20,1,0,1,21
10/16/2017,HFD,CT,ANE,EN,Federal Contract Tower,0,0,11,0,11,0,0,57,0,57,0,0,68,0,68,54,0,54,122
10/17/2017,HFD,CT,ANE,EN,Federal Contract Tower,0,0,10,0,10,0,0,118,0,118,0,0,128,0,128,44,0,44,172
10/18/2017,HFD,CT,ANE,EN,Federal Contract Tower,0,0,9,0,9,0,0,107,0,107,0,0,116,0,116,60,0,60,176
10/19/2017,HFD,CT,ANE,EN,Federal Contract Tower,0,6,4,0,10,0,2,107,0,109,0,8,111,0,119,32,0,32,151
10/20/2017,HFD,CT,ANE,EN,Federal Contract Tower,0,7,15,0,22,1,0,80,0,81,1,7,95,0,103,44,0,44,147
10/21/2017,HFD,CT,ANE,EN,Federal Contract Tower,0,3,6,0,9,0,0,183,2,185,0,3,189,2,194,0,0,0,194
10/22/2017,HFD,CT,ANE,EN,Federal Contract Tower,0,3,12,0,15,0,0,125,0,125,0,3,137,0,140,114,0,114,254
10/23/2017,HFD,CT,ANE,EN,Federal Contract Tower,0,3,11,0,14,0,0,93,0,93,0,3,104,0,107,86,0,86,193
10/24/2017,HFD,CT,ANE,EN,Federal Contract Tower,0,1,4,0,5,0,0,0,0,0,0,1,4,0,5,0,0,0,5
10/25/2017,HFD,CT,ANE,EN,Federal Contract Tower,0,2,18,4,24,0,0,8,0,8,0,2,26,4,32,8,0,8,40
10/26/2017,HFD,CT,ANE,EN,Federal Contract Tower,0,0,21,0,21,0,0,35,0,35,0,0,56,0,56,22,0,22,78
10/27/2017,HFD,CT,ANE,EN,Federal Contract Tower,0,3,3,0,6,0,0,116,0,116,0,3,119,0,122,104,0,104,226
10/28/2017,HFD,CT,ANE,EN,Federal Contract Tower,0,2,11,0,13,0,1,92,0,93,0,3,103,0,106,32,0,32,138
10/29/2017,HFD,CT,ANE,EN,Federal Contract Tower,0,0,9,0,9,0,0,0,0,0,0,0,9,0,9,0,0,0,9
10/30/2017,HFD,CT,ANE,EN,Federal Contract Tower,0,1,2,0,3,0,0,4,0,4,0,1,6,0,7,0,0,0,7
10/31/2017,HFD,CT,ANE,EN,Federal Contract Tower,0,0,2,0,2,0,0,91,0,91,0,0,93,0,93,48,0,48,141
11/01/2017,HFD,CT,ANE,EN,Federal Contract Tower,0,0,9,0,9,0,0,84,2,86,0,0,93,2,95,62,0,62,157
11/02/2017,HFD,CT,ANE,EN,Federal Contract Tower,0,1,12,0,13,0,0,35,0,35,0,1,47,0,48,32,0,32,80
11/04/2017,HFD,CT,ANE,EN,Federal Contract Tower,0,0,5,0,5,0,0,151,0,151,0,0,156,0,156,48,0,48,204
11/05/2017,HFD,CT,ANE,EN,Federal Contract Tower,0,0,12,0,12,0,0,9,0,9,0,0,21,0,21,8,0,8,29
11/06/2017,HFD,CT,ANE,EN,Federal Contract Tower,0,0,11,0,11,0,0,3,0,3,0,0,14,0,14,0,0,0,14
11/07/2017,HFD,CT,ANE,EN,Federal Contract Tower,0,1,8,0,9,0,0,58,0,58,0,1,66,0,67,76,0,76,143
11/08/2017,HFD,CT,ANE,EN,Federal Contract Tower,0,0,9,0,9,0,0,63,0,63,0,0,72,0,72,32,0,32,104
11/09/2017,HFD,CT,ANE,EN,Federal Contract Tower,0,0,13,0,13,0,0,92,2,94,0,0,105,2,107,80,0,80,187
11/10/2017,HFD,CT,ANE,EN,Federal Contract Tower,0,0,1,0,1,0,2,5,0,7,0,2,6,0,8,0,0,0,8
11/11/2017,HFD,CT,ANE,EN,Federal Contract Tower,0,3,2,0,5,0,0,122,0,122,0,3,124,0,127,82,0,82,209
11/12/2017,HFD,CT,ANE,EN,Federal Contract Tower,0,7,7,0,14,0,0,0,0,0,0,7,7,0,14,68,0,68,82
11/13/2017,HFD,CT,ANE,EN,Federal Contract Tower,0,0,2,0,2,0,0,23,0,23,0,0,25,0,25,4,0,4,29
11/14/2017,HFD,CT,ANE,EN,Federal Contract Tower,0,4,5,0,9,0,0,7,0,7,0,4,12,0,16,20,0,20,36
11/15/2017,HFD,CT,ANE,EN,Federal Contract Tower,0,2,6,0,8,0,0,129,6,135,0,2,135,6,143,92,4,96,239
11/16/2017,HFD,CT,ANE,EN,Federal Contract Tower,0,0,15,0,15,0,0,5,0,5,0,0,20,0,20,0,0,0,20
11/17/2017,HFD,CT,ANE,EN,Federal Contract Tower,0,0,4,0,4,0,2,40,0,42,0,2,44,0,46,26,0,26,72
11/18/2017,HFD,CT,ANE,EN,Federal Contract Tower,0,0,6,0,6,0,0,67,0,67,0,0,73,0,73,64,0,64,137
11/19/2017,HFD,CT,ANE,EN,Federal Contract Tower,0,2,0,0,2,0,0,1,0,1,0,2,1,0,3,2,0,2,5
11/20/2017,HFD,CT,ANE,EN,Federal Contract Tower,0,1,5,0,6,0,2,33,0,35,0,3,38,0,41,34,0,34,75
11/21/2017,HFD,CT,ANE,EN,Federal Contract Tower,0,1,5,0,6,0,3,72,0,75,0,4,77,0,81,48,16,64,145
11/22/2017,HFD,CT,ANE,EN,Federal Contract Tower,0,0,18,0,18,0,1,10,0,11,0,1,28,0,29,0,0,0,29
11/23/2017,HFD,CT,ANE,EN,Federal Contract Tower,0,0,3,0,3,0,0,45,0,45,0,0,48,0,48,8,0,8,56
11/24/2017,HFD,CT,ANE,EN,Federal Contract Tower,0,0,8,0,8,0,0,128,0,128,0,0,136,0,136,48,0,48,184
11/25/2017,HFD,CT,ANE,EN,Federal Contract Tower,0,0,5,0,5,0,0,101,0,101,0,0,106,0,106,24,0,24,130
11/26/2017,HFD,CT,ANE,EN,Federal Contract Tower,0,1,6,0,7,0,0,53,0,53,0,1,59,0,60,54,0,54,114
11/27/2017,HFD,CT,ANE,EN,Federal Contract Tower,0,1,2,0,3,0,1,67,0,68,0,2,69,0,71,62,0,62,133
11/28/2017,HFD,CT,ANE,EN,Federal Contract Tower,0,0,8,0,8,0,0,110,0,110,0,0,118,0,118,90,0,90,208
11/29/2017,HFD,CT,ANE,EN,Federal Contract Tower,0,0,7,0,7,0,0,45,0,45,0,0,52,0,52,30,0,30,82
11/30/2017,HFD,CT,ANE,EN,Federal Contract Tower,0,1,15,0,16,0,2,87,0,89,0,3,102,0,105,92,6,98,203
12/01/2017,HFD,CT,ANE,EN,Federal Contract Tower,0,1,7,0,8,0,1,48,0,49,0,2,55,0,57,44,0,44,101
12/02/2017,HFD,CT,ANE,EN,Federal Contract Tower,0,0,11,0,11,0,0,108,0,108,0,0,119,0,119,88,0,88,207
12/03/2017,HFD,CT,ANE,EN,Federal Contract Tower,0,0,5,0,5,0,0,118,0,118,0,0,123,0,123,88,0,88,211
12/04/2017,HFD,CT,ANE,EN,Federal Contract Tower,0,0,4,0,4,0,0,99,2,101,0,0,103,2,105,72,0,72,177
12/05/2017,HFD,CT,ANE,EN,Federal Contract Tower,0,2,15,0,17,0,0,2,0,2,0,2,17,0,19,0,0,0,19
12/06/2017,HFD,CT,ANE,EN,Federal Contract Tower,0,0,7,0,7,0,0,59,0,59,0,0,66,0,66,58,0,58,124
12/07/2017,HFD,CT,ANE,EN,Federal Contract Tower,0,3,8,0,11,0,0,106,6,112,0,3,114,6,123,72,0,72,195
12/08/2017,HFD,CT,ANE,EN,Federal Contract Tower,0,0,1,0,1,0,0,80,0,80,0,0,81,0,81,50,0,50,131
12/09/2017,HFD,CT,ANE,EN,Federal Contract Tower,0,0,1,0,1,0,0,0,0,0,0,0,1,0,1,0,0,0,1
12/10/2017,HFD,CT,ANE,EN,Federal Contract Tower,0,0,5,0,5,0,0,17,0,17,0,0,22,0,22,26,0,26,48
12/11/2017,HFD,CT,ANE,EN,Federal Contract Tower,0,0,8,0,8,0,0,121,0,121,0,0,129,0,129,60,0,60,189
12/12/2017,HFD,CT,ANE,EN,Federal Contract Tower,0,0,3,0,3,0,0,0,0,0,0,0,3,0,3,0,0,0,3
12/13/2017,HFD,CT,ANE,EN,Federal Contract Tower,0,4,3,0,7,0,0,40,0,40,0,4,43,0,47,6,0,6,53
12/14/2017,HFD,CT,ANE,EN,Federal Contract Tower,0,2,6,0,8,0,3,46,4,53,0,5,52,4,61,6,0,6,67
12/15/2017,HFD,CT,ANE,EN,Federal Contract Tower,0,0,6,1,7,0,0,62,12,74,0,0,68,13,81,60,0,60,141
12/16/2017,HFD,CT,ANE,EN,Federal Contract Tower,0,0,7,0,7,0,0,52,0,52,0,0,59,0,59,38,0,38,97
12/17/2017,HFD,CT,ANE,EN,Federal Contract Tower,0,0,8,0,8,0,0,111,0,111,0,0,119,0,119,84,0,84,203
12/18/2017,HFD,CT,ANE,EN,Federal Contract Tower,0,0,12,0,12,0,0,33,0,33,0,0,45,0,45,76,0,76,121
12/19/2017,HFD,CT,ANE,EN,Federal Contract Tower,0,0,10,0,10,0,0,71,0,71,0,0,81,0,81,76,0,76,157
12/20/2017,HFD,CT,ANE,EN,Federal Contract Tower,0,0,13,0,13,0,0,63,0,63,0,0,76,0,76,52,0,52,128
12/21/2017,HFD,CT,ANE,EN,Federal Contract Tower,0,0,4,0,4,0,1,110,0,111,0,1,114,0,115,76,0,76,191
12/22/2017,HFD,CT,ANE,EN,Federal Contract Tower,0,0,3,0,3,0,0,24,0,24,0,0,27,0,27,48,0,48,75
12/23/2017,HFD,CT,ANE,EN,Federal Contract Tower,0,0,0,0,0,0,0,0,0,0,0,0,0,0,0,0,0,0,0
12/24/2017,HFD,CT,ANE,EN,Federal Contract Tower,0,0,2,0,2,0,0,35,0,35,0,0,37,0,37,14,0,14,51
12/25/2017,HFD,CT,ANE,EN,Federal Contract Tower,0,0,0,0,0,0,0,0,0,0,0,0,0,0,0,0,0,0,0
12/26/2017,HFD,CT,ANE,EN,Federal Contract Tower,0,0,2,0,2,0,0,9,0,9,0,0,11,0,11,0,0,0,11
12/27/2017,HFD,CT,ANE,EN,Federal Contract Tower,0,0,3,0,3,0,0,58,0,58,0,0,61,0,61,58,0,58,119
12/28/2017,HFD,CT,ANE,EN,Federal Contract Tower,0,0,2,0,2,0,0,7,0,7,0,0,9,0,9,0,0,0,9
12/29/2017,HFD,CT,ANE,EN,Federal Contract Tower,0,0,3,0,3,0,0,37,0,37,0,0,40,0,40,12,0,12,52
12/30/2017,HFD,CT,ANE,EN,Federal Contract Tower,0,0,1,0,1,0,0,1,0,1,0,0,2,0,2,0,0,0,2
12/31/2017,HFD,CT,ANE,EN,Federal Contract Tower,0,0,2,0,2,0,0,9,0,9,0,0,11,0,11,4,0,4,15
01/01/2018,HFD,CT,ANE,EN,Federal Contract Tower,0,0,2,0,2,0,0,12,0,12,0,0,14,0,14,2,0,2,16
01/02/2018,HFD,CT,ANE,EN,Federal Contract Tower,0,0,2,1,3,0,0,30,0,30,0,0,32,1,33,8,0,8,41
01/03/2018,HFD,CT,ANE,EN,Federal Contract Tower,0,0,3,0,3,0,0,90,0,90,0,0,93,0,93,64,0,64,157
01/04/2018,HFD,CT,ANE,EN,Federal Contract Tower,0,0,0,0,0,0,0,0,0,0,0,0,0,0,0,0,0,0,0
01/05/2018,HFD,CT,ANE,EN,Federal Contract Tower,0,0,1,0,1,0,0,3,0,3,0,0,4,0,4,0,0,0,4
01/06/2018,HFD,CT,ANE,EN,Federal Contract Tower,0,0,0,0,0,0,0,2,0,2,0,0,2,0,2,4,0,4,6
01/07/2018,HFD,CT,ANE,EN,Federal Contract Tower,0,0,1,0,1,0,0,44,0,44,0,0,45,0,45,16,0,16,61
01/08/2018,HFD,CT,ANE,EN,Federal Contract Tower,0,0,0,0,0,0,2,21,0,23,0,2,21,0,23,10,0,10,33
01/09/2018,HFD,CT,ANE,EN,Federal Contract Tower,0,0,9,0,9,0,0,33,0,33,0,0,42,0,42,50,0,50,92
01/10/2018,HFD,CT,ANE,EN,Federal Contract Tower,0,0,9,0,9,0,0,96,0,96,0,0,105,0,105,48,0,48,153
01/11/2018,HFD,CT,ANE,EN,Federal Contract Tower,0,0,10,0,10,0,0,13,0,13,0,0,23,0,23,8,0,8,31
01/12/2018,HFD,CT,ANE,EN,Federal Contract Tower,0,0,1,0,1,0,0,0,0,0,0,0,1,0,1,0,0,0,1
01/13/2018,HFD,CT,ANE,EN,Federal Contract Tower,0,0,1,0,1,0,0,17,0,17,0,0,18,0,18,0,0,0,18
01/14/2018,HFD,CT,ANE,EN,Federal Contract Tower,0,0,14,0,14,0,0,106,0,106,0,0,120,0,120,30,0,30,150
01/15/2018,HFD,CT,ANE,EN,Federal Contract Tower,0,0,5,0,5,0,0,47,0,47,0,0,52,0,52,90,0,90,142
01/16/2018,HFD,CT,ANE,EN,Federal Contract Tower,0,0,7,0,7,0,0,13,2,15,0,0,20,2,22,6,22,28,50
01/17/2018,HFD,CT,ANE,EN,Federal Contract Tower,0,0,0,0,0,0,0,1,0,1,0,0,1,0,1,0,0,0,1
01/18/2018,HFD,CT,ANE,EN,Federal Contract Tower,0,0,7,0,7,0,0,71,0,71,0,0,78,0,78,54,0,54,132
01/19/2018,HFD,CT,ANE,EN,Federal Contract Tower,0,1,7,0,8,0,0,83,0,83,0,1,90,0,91,52,0,52,143
01/20/2018,HFD,CT,ANE,EN,Federal Contract Tower,0,2,6,0,8,0,1,83,0,84,0,3,89,0,92,42,0,42,134
01/21/2018,HFD,CT,ANE,EN,Federal Contract Tower,0,0,9,0,9,0,0,125,0,125,0,0,134,0,134,54,0,54,188
01/22/2018,HFD,CT,ANE,EN,Federal Contract Tower,0,2,7,0,9,0,0,0,0,0,0,2,7,0,9,0,0,0,9
01/23/2018,HFD,CT,ANE,EN,Federal Contract Tower,0,0,2,0,2,0,0,0,0,0,0,0,2,0,2,0,0,0,2
01/24/2018,HFD,CT,ANE,EN,Federal Contract Tower,0,0,8,0,8,0,2,75,0,77,0,2,83,0,85,24,2,26,111
01/25/2018,HFD,CT,ANE,EN,Federal Contract Tower,0,0,8,0,8,0,0,65,0,65,0,0,73,0,73,28,0,28,101
01/26/2018,HFD,CT,ANE,EN,Federal Contract Tower,0,2,7,0,9,0,0,120,0,120,0,2,127,0,129,64,0,64,193
01/27/2018,HFD,CT,ANE,EN,Federal Contract Tower,0,0,9,0,9,0,2,81,0,83,0,2,90,0,92,46,0,46,138
01/28/2018,HFD,CT,ANE,EN,Federal Contract Tower,0,2,15,0,17,0,0,25,0,25,0,2,40,0,42,28,0,28,70
01/29/2018,HFD,CT,ANE,EN,Federal Contract Tower,0,2,8,0,10,0,0,91,0,91,0,2,99,0,101,94,0,94,195
01/30/2018,HFD,CT,ANE,EN,Federal Contract Tower,0,0,2,0,2,0,0,13,0,13,0,0,15,0,15,12,0,12,27
01/31/2018,HFD,CT,ANE,EN,Federal Contract Tower,0,0,5,0,5,0,0,92,0,92,0,0,97,0,97,38,0,38,135
02/01/2018,HFD,CT,ANE,EN,Federal Contract Tower,0,0,5,0,5,0,0,40,0,40,0,0,45,0,45,80,0,80,125
02/02/2018,HFD,CT,ANE,EN,Federal Contract Tower,0,1,3,0,4,0,1,14,0,15,0,2,17,0,19,2,0,2,21
02/03/2018,HFD,CT,ANE,EN,Federal Contract Tower,0,0,7,0,7,0,0,102,0,102,0,0,109,0,109,54,0,54,163
02/04/2018,HFD,CT,ANE,EN,Federal Contract Tower,0,2,1,0,3,0,0,32,0,32,0,2,33,0,35,40,0,40,75
02/05/2018,HFD,CT,ANE,EN,Federal Contract Tower,0,0,1,0,1,0,0,13,0,13,0,0,14,0,14,0,0,0,14
02/06/2018,HFD,CT,ANE,EN,Federal Contract Tower,0,2,4,0,6,0,0,53,0,53,0,2,57,0,59,66,0,66,125
02/07/2018,HFD,CT,ANE,EN,Federal Contract Tower,0,0,0,0,0,0,0,0,0,0,0,0,0,0,0,0,0,0,0
02/08/2018,HFD,CT,ANE,EN,Federal Contract Tower,0,0,2,0,2,0,0,29,2,31,0,0,31,2,33,8,4,12,45
02/09/2018,HFD,CT,ANE,EN,Federal Contract Tower,0,0,6,0,6,0,0,21,0,21,0,0,27,0,27,22,0,22,49
02/10/2018,HFD,CT,ANE,EN,Federal Contract Tower,0,2,0,0,2,0,0,0,0,0,0,2,0,0,2,0,0,0,2
02/11/2018,HFD,CT,ANE,EN,Federal Contract Tower,0,0,1,0,1,0,0,0,0,0,0,0,1,0,1,0,0,0,1
02/12/2018,HFD,CT,ANE,EN,Federal Contract Tower,0,1,10,0,11,0,0,58,0,58,0,1,68,0,69,36,0,36,105
02/13/2018,HFD,CT,ANE,EN,Federal Contract Tower,0,1,8,0,9,0,0,90,0,90,0,1,98,0,99,80,0,80,179
02/14/2018,HFD,CT,ANE,EN,Federal Contract Tower,0,6,6,0,12,0,0,77,0,77,0,6,83,0,89,52,0,52,141
02/15/2018,HFD,CT,ANE,EN,Federal Contract Tower,0,4,20,0,24,0,0,6,0,6,0,4,26,0,30,4,0,4,34
02/16/2018,HFD,CT,ANE,EN,Federal Contract Tower,0,3,12,2,17,0,0,16,0,16,0,3,28,2,33,11,0,11,44
02/17/2018,HFD,CT,ANE,EN,Federal Contract Tower,0,3,3,0,6,0,0,111,0,111,0,3,114,0,117,82,0,82,199
02/18/2018,HFD,CT,ANE,EN,Federal Contract Tower,0,0,7,0,7,0,0,26,0,26,0,0,33,0,33,8,0,8,41
02/19/2018,HFD,CT,ANE,EN,Federal Contract Tower,0,6,5,0,11,0,0,48,0,48,0,6,53,0,59,58,0,58,117
02/20/2018,HFD,CT,ANE,EN,Federal Contract Tower,0,2,5,1,8,0,0,49,0,49,0,2,54,1,57,40,0,40,97
02/21/2018,HFD,CT,ANE,EN,Federal Contract Tower,0,0,10,0,10,0,0,39,0,39,0,0,49,0,49,44,0,44,93
02/22/2018,HFD,CT,ANE,EN,Federal Contract Tower,0,0,2,0,2,0,0,3,0,3,0,0,5,0,5,8,0,8,13
02/23/2018,HFD,CT,ANE,EN,Federal Contract Tower,0,0,6,0,6,0,0,0,0,0,0,0,6,0,6,0,0,0,6
02/24/2018,HFD,CT,ANE,EN,Federal Contract Tower,0,0,6,0,6,0,0,111,0,111,0,0,117,0,117,22,0,22,139
02/25/2018,HFD,CT,ANE,EN,Federal Contract Tower,0,0,2,0,2,0,0,0,0,0,0,0,2,0,2,0,0,0,2
02/26/2018,HFD,CT,ANE,EN,Federal Contract Tower,0,0,13,0,13,0,0,96,0,96,0,0,109,0,109,124,0,124,233
02/27/2018,HFD,CT,ANE,EN,Federal Contract Tower,0,3,5,0,8,0,0,129,0,129,0,3,134,0,137,134,0,134,271
02/28/2018,HFD,CT,ANE,EN,Federal Contract Tower,0,1,9,0,10,0,0,120,0,120,0,1,129,0,130,30,0,30,160
03/01/2018,HFD,CT,ANE,EN,Federal Contract Tower,0,0,8,0,8,0,0,96,0,96,0,0,104,0,104,52,0,52,156
03/02/2018,HFD,CT,ANE,EN,Federal Contract Tower,0,0,2,0,2,0,0,0,0,0,0,0,2,0,2,0,0,0,2
03/03/2018,HFD,CT,ANE,EN,Federal Contract Tower,0,0,2,0,2,0,0,7,0,7,0,0,9,0,9,4,0,4,13
03/04/2018,HFD,CT,ANE,EN,Federal Contract Tower,0,0,9,0,9,0,0,42,0,42,0,0,51,0,51,24,0,24,75
03/05/2018,HFD,CT,ANE,EN,Federal Contract Tower,0,0,3,0,3,0,0,64,0,64,0,0,67,0,67,58,0,58,125
03/06/2018,HFD,CT,ANE,EN,Federal Contract Tower,0,0,10,0,10,0,0,110,0,110,0,0,120,0,120,70,0,70,190
03/07/2018,HFD,CT,ANE,EN,Federal Contract Tower,0,0,0,0,0,0,0,0,0,0,0,0,0,0,0,0,0,0,0
03/08/2018,HFD,CT,ANE,EN,Federal Contract Tower,0,0,3,0,3,0,0,3,2,5,0,0,6,2,8,0,14,14,22
03/09/2018,HFD,CT,ANE,EN,Federal Contract Tower,0,0,4,0,4,0,0,31,0,31,0,0,35,0,35,40,4,44,79
03/10/2018,HFD,CT,ANE,EN,Federal Contract Tower,0,0,4,0,4,0,0,42,0,42,0,0,46,0,46,22,8,30,76
03/11/2018,HFD,CT,ANE,EN,Federal Contract Tower,0,0,7,0,7,0,0,136,0,136,0,0,143,0,143,76,0,76,219
03/12/2018,HFD,CT,ANE,EN,Federal Contract Tower,0,0,4,0,4,0,0,87,0,87,0,0,91,0,91,46,0,46,137
03/13/2018,HFD,CT,ANE,EN,Federal Contract Tower,0,0,0,0,0,0,0,0,0,0,0,0,0,0,0,0,0,0,0
03/14/2018,HFD,CT,ANE,EN,Federal Contract Tower,0,0,5,0,5,0,0,15,2,17,0,0,20,2,22,0,12,12,34
03/15/2018,HFD,CT,ANE,EN,Federal Contract Tower,0,0,4,0,4,0,0,32,0,32,0,0,36,0,36,14,6,20,56
03/16/2018,HFD,CT,ANE,EN,Federal Contract Tower,0,0,7,0,7,0,0,2,0,2,0,0,9,0,9,0,0,0,9
03/17/2018,HFD,CT,ANE,EN,Federal Contract Tower,0,0,9,0,9,0,0,15,0,15,0,0,24,0,24,4,0,4,28
03/18/2018,HFD,CT,ANE,EN,Federal Contract Tower,0,0,12,0,12,0,0,52,0,52,0,0,64,0,64,10,0,10,74
03/19/2018,HFD,CT,ANE,EN,Federal Contract Tower,0,0,6,0,6,0,0,71,0,71,0,0,77,0,77,28,0,28,105
03/20/2018,HFD,CT,ANE,EN,Federal Contract Tower,0,0,7,0,7,0,0,60,0,60,0,0,67,0,67,92,0,92,159
03/21/2018,HFD,CT,ANE,EN,Federal Contract Tower,0,0,0,0,0,0,0,0,0,0,0,0,0,0,0,0,0,0,0
03/22/2018,HFD,CT,ANE,EN,Federal Contract Tower,0,0,3,0,3,0,0,6,0,6,0,0,9,0,9,4,0,4,13
03/23/2018,HFD,CT,ANE,EN,Federal Contract Tower,0,0,12,0,12,0,0,75,0,75,0,0,87,0,87,64,0,64,151
03/24/2018,HFD,CT,ANE,EN,Federal Contract Tower,0,0,6,0,6,0,0,89,0,89,0,0,95,0,95,60,0,60,155
03/25/2018,HFD,CT,ANE,EN,Federal Contract Tower,0,1,1,0,2,0,0,21,0,21,0,1,22,0,23,5,0,5,28
03/26/2018,HFD,CT,ANE,EN,Federal Contract Tower,0,1,5,0,6,0,3,93,0,96,0,4,98,0,102,42,0,42,144
03/27/2018,HFD,CT,ANE,EN,Federal Contract Tower,0,0,10,0,10,0,0,99,2,101,0,0,109,2,111,94,2,96,207
03/28/2018,HFD,CT,ANE,EN,Federal Contract Tower,0,4,10,0,14,0,0,40,0,40,0,4,50,0,54,20,0,20,74
03/29/2018,HFD,CT,ANE,EN,Federal Contract Tower,0,2,12,0,14,0,0,34,0,34,0,2,46,0,48,58,0,58,106
03/30/2018,HFD,CT,ANE,EN,Federal Contract Tower,0,2,5,0,7,0,0,18,0,18,0,2,23,0,25,20,0,20,45
03/31/2018,HFD,CT,ANE,EN,Federal Contract Tower,0,0,16,0,16,0,0,129,0,129,0,0,145,0,145,58,0,58,203
04/01/2018,HFD,CT,ANE,EN,Federal Contract Tower,0,0,2,0,2,0,0,22,0,22,0,0,24,0,24,38,0,38,62
04/02/2018,HFD,CT,ANE,EN,Federal Contract Tower,0,1,11,0,12,0,0,29,0,29,0,1,40,0,41,30,0,30,71
04/03/2018,HFD,CT,ANE,EN,Federal Contract Tower,0,1,3,0,4,0,0,15,0,15,0,1,18,0,19,20,0,20,39
04/04/2018,HFD,CT,ANE,EN,Federal Contract Tower,0,1,4,0,5,0,0,2,0,2,0,1,6,0,7,0,0,0,7
04/05/2018,HFD,CT,ANE,EN,Federal Contract Tower,0,2,6,0,8,0,0,35,0,35,0,2,41,0,43,17,6,23,66
04/06/2018,HFD,CT,ANE,EN,Federal Contract Tower,0,0,9,0,9,0,0,16,0,16,0,0,25,0,25,16,0,16,41
04/07/2018,HFD,CT,ANE,EN,Federal Contract Tower,0,0,4,0,4,0,0,42,0,42,0,0,46,0,46,34,0,34,80
04/08/2018,HFD,CT,ANE,EN,Federal Contract Tower,0,0,6,0,6,0,0,93,0,93,0,0,99,0,99,24,0,24,123
04/09/2018,HFD,CT,ANE,EN,Federal Contract Tower,0,0,10,0,10,3,0,86,0,89,3,0,96,0,99,44,0,44,143
04/10/2018,HFD,CT,ANE,EN,Federal Contract Tower,0,1,1,0,2,0,0,11,0,11,0,1,12,0,13,44,0,44,57
04/11/2018,HFD,CT,ANE,EN,Federal Contract Tower,0,0,10,0,10,0,0,111,0,111,0,0,121,0,121,64,0,64,185
04/12/2018,HFD,CT,ANE,EN,Federal Contract Tower,0,0,7,0,7,0,0,61,0,61,0,0,68,0,68,12,0,12,80
04/13/2018,HFD,CT,ANE,EN,Federal Contract Tower,0,11,23,0,34,0,1,88,0,89,0,12,111,0,123,102,0,102,225
04/14/2018,HFD,CT,ANE,EN,Federal Contract Tower,0,1,11,0,12,0,0,102,0,102,0,1,113,0,114,124,0,124,238
04/15/2018,HFD,CT,ANE,EN,Federal Contract Tower,0,5,1,0,6,0,0,4,0,4,0,5,5,0,10,0,0,0,10
04/16/2018,HFD,CT,ANE,EN,Federal Contract Tower,0,0,0,0,0,0,0,0,0,0,0,0,0,0,0,0,0,0,0
04/17/2018,HFD,CT,ANE,EN,Federal Contract Tower,0,0,7,0,7,0,4,21,0,25,0,4,28,0,32,58,0,58,90
04/18/2018,HFD,CT,ANE,EN,Federal Contract Tower,0,0,3,0,3,0,0,72,1,73,0,0,75,1,76,36,2,38,114
04/19/2018,HFD,CT,ANE,EN,Federal Contract Tower,0,0,5,0,5,0,0,2,0,2,0,0,7,0,7,2,0,2,9
04/20/2018,HFD,CT,ANE,EN,Federal Contract Tower,0,0,8,0,8,0,0,49,0,49,0,0,57,0,57,24,0,24,81
04/21/2018,HFD,CT,ANE,EN,Federal Contract Tower,0,2,9,0,11,0,2,109,0,111,0,4,118,0,122,32,0,32,154
04/22/2018,HFD,CT,ANE,EN,Federal Contract Tower,0,2,3,0,5,0,0,141,0,141,0,2,144,0,146,104,0,104,250
04/23/2018,HFD,CT,ANE,EN,Federal Contract Tower,0,3,8,0,11,0,0,124,0,124,0,3,132,0,135,74,0,74,209
04/24/2018,HFD,CT,ANE,EN,Federal Contract Tower,0,0,7,2,9,0,0,115,0,115,0,0,122,2,124,48,0,48,172
04/25/2018,HFD,CT,ANE,EN,Federal Contract Tower,0,2,10,0,12,0,0,0,0,0,0,2,10,0,12,0,0,0,12
04/26/2018,HFD,CT,ANE,EN,Federal Contract Tower,0,1,19,0,20,0,0,63,0,63,0,1,82,0,83,30,0,30,113
04/27/2018,HFD,CT,ANE,EN,Federal Contract Tower,0,0,19,0,19,0,0,9,0,9,0,0,28,0,28,0,0,0,28
04/28/2018,HFD,CT,ANE,EN,Federal Contract Tower,0,2,17,0,19,0,0,78,0,78,0,2,95,0,97,78,0,78,175
04/29/2018,HFD,CT,ANE,EN,Federal Contract Tower,0,0,15,0,15,0,0,19,0,19,0,0,34,0,34,6,0,6,40
04/30/2018,HFD,CT,ANE,EN,Federal Contract Tower,0,1,3,0,4,0,0,27,0,27,0,1,30,0,31,20,0,20,51
05/01/2018,HFD,CT,ANE,EN,Federal Contract Tower,0,4,11,0,15,0,1,109,0,110,0,5,120,0,125,80,0,80,205
05/02/2018,HFD,CT,ANE,EN,Federal Contract Tower,0,3,11,0,14,0,0,105,10,115,0,3,116,10,129,30,0,30,159
05/03/2018,HFD,CT,ANE,EN,Federal Contract Tower,0,2,7,0,9,0,0,44,0,44,0,2,51,0,53,18,0,18,71
05/04/2018,HFD,CT,ANE,EN,Federal Contract Tower,0,2,3,0,5,0,0,39,0,39,0,2,42,0,44,20,0,20,64
05/05/2018,HFD,CT,ANE,EN,Federal Contract Tower,0,0,8,0,8,0,0,119,0,119,0,0,127,0,127,34,0,34,161
05/06/2018,HFD,CT,ANE,EN,Federal Contract Tower,0,2,3,0,5,0,0,22,0,22,0,2,25,0,27,40,0,40,67
05/07/2018,HFD,CT,ANE,EN,Federal Contract Tower,0,0,4,0,4,0,0,76,0,76,0,0,80,0,80,24,0,24,104
05/08/2018,HFD,CT,ANE,EN,Federal Contract Tower,0,2,6,0,8,0,0,93,0,93,0,2,99,0,101,54,0,54,155
05/09/2018,HFD,CT,ANE,EN,Federal Contract Tower,0,4,8,0,12,0,0,97,0,97,0,4,105,0,109,58,8,66,175
05/10/2018,HFD,CT,ANE,EN,Federal Contract Tower,0,0,11,0,11,0,0,48,0,48,0,0,59,0,59,68,0,68,127
05/11/2018,HFD,CT,ANE,EN,Federal Contract Tower,0,3,12,0,15,0,1,95,0,96,0,4,107,0,111,32,0,32,143
05/12/2018,HFD,CT,ANE,EN,Federal Contract Tower,0,4,8,0,12,0,0,10,0,10,0,4,18,0,22,6,0,6,28
05/13/2018,HFD,CT,ANE,EN,Federal Contract Tower,0,0,18,0,18,0,0,16,0,16,0,0,34,0,34,8,0,8,42
05/14/2018,HFD,CT,ANE,EN,Federal Contract Tower,0,1,18,0,19,0,0,78,0,78,0,1,96,0,97,92,0,92,189
05/15/2018,HFD,CT,ANE,EN,Federal Contract Tower,0,1,6,0,7,0,0,26,0,26,0,1,32,0,33,20,0,20,53
05/16/2018,HFD,CT,ANE,EN,Federal Contract Tower,0,3,27,0,30,0,0,32,0,32,0,3,59,0,62,90,0,90,152
05/17/2018,HFD,CT,ANE,EN,Federal Contract Tower,0,4,19,0,23,0,0,0,0,0,0,4,19,0,23,22,0,22,45
05/18/2018,HFD,CT,ANE,EN,Federal Contract Tower,0,0,18,0,18,0,0,67,0,67,0,0,85,0,85,78,6,84,169
05/19/2018,HFD,CT,ANE,EN,Federal Contract Tower,0,0,15,2,17,0,0,1,0,1,0,0,16,2,18,24,0,24,42
05/20/2018,HFD,CT,ANE,EN,Federal Contract Tower,0,1,12,0,13,0,0,20,0,20,0,1,32,0,33,8,0,8,41
05/21/2018,HFD,CT,ANE,EN,Federal Contract Tower,0,2,5,0,7,0,0,133,0,133,0,2,138,0,140,78,0,78,218
05/22/2018,HFD,CT,ANE,EN,Federal Contract Tower,0,0,9,0,9,0,0,34,0,34,0,0,43,0,43,68,0,68,111
05/23/2018,HFD,CT,ANE,EN,Federal Contract Tower,0,3,24,0,27,0,0,76,0,76,0,3,100,0,103,52,0,52,155
05/24/2018,HFD,CT,ANE,EN,Federal Contract Tower,0,0,4,0,4,0,0,138,0,138,0,0,142,0,142,54,0,54,196
05/25/2018,HFD,CT,ANE,EN,Federal Contract Tower,0,2,5,0,7,0,0,76,0,76,0,2,81,0,83,72,0,72,155
05/26/2018,HFD,CT,ANE,EN,Federal Contract Tower,0,0,6,0,6,0,0,109,0,109,0,0,115,0,115,38,0,38,153
05/27/2018,HFD,CT,ANE,EN,Federal Contract Tower,0,0,7,0,7,0,0,0,0,0,0,0,7,0,7,0,0,0,7
05/28/2018,HFD,CT,ANE,EN,Federal Contract Tower,0,0,13,0,13,0,0,30,0,30,0,0,43,0,43,86,0,86,129
05/29/2018,HFD,CT,ANE,EN,Federal Contract Tower,0,2,5,0,7,0,1,80,0,81,0,3,85,0,88,124,0,124,212
05/30/2018,HFD,CT,ANE,EN,Federal Contract Tower,0,2,6,0,8,0,0,122,0,122,0,2,128,0,130,94,0,94,224
05/31/2018,HFD,CT,ANE,EN,Federal Contract Tower,0,3,15,0,18,0,0,62,0,62,0,3,77,0,80,70,0,70,150
06/01/2018,HFD,CT,ANE,EN,Federal Contract Tower,0,1,6,0,7,0,0,8,0,8,0,1,14,0,15,6,0,6,21
06/02/2018,HFD,CT,ANE,EN,Federal Contract Tower,0,0,7,0,7,0,0,40,0,40,0,0,47,0,47,28,0,28,75
06/03/2018,HFD,CT,ANE,EN,Federal Contract Tower,0,3,9,0,12,0,0,65,0,65,0,3,74,0,77,40,0,40,117
06/04/2018,HFD,CT,ANE,EN,Federal Contract Tower,0,4,17,0,21,0,0,2,0,2,0,4,19,0,23,8,0,8,31
06/05/2018,HFD,CT,ANE,EN,Federal Contract Tower,0,0,12,0,12,0,0,74,0,74,0,0,86,0,86,42,0,42,128
06/06/2018,HFD,CT,ANE,EN,Federal Contract Tower,0,2,14,0,16,0,0,104,0,104,0,2,118,0,120,104,0,104,224
06/07/2018,HFD,CT,ANE,EN,Federal Contract Tower,0,4,10,0,14,0,0,130,0,130,0,4,140,0,144,152,0,152,296
06/08/2018,HFD,CT,ANE,EN,Federal Contract Tower,0,4,10,0,14,0,0,84,0,84,0,4,94,0,98,142,0,142,240
06/09/2018,HFD,CT,ANE,EN,Federal Contract Tower,0,2,3,0,5,0,0,0,0,0,0,2,3,0,5,84,0,84,89
06/10/2018,HFD,CT,ANE,EN,Federal Contract Tower,0,2,9,0,11,0,0,107,0,107,0,2,116,0,118,148,0,148,266
06/11/2018,HFD,CT,ANE,EN,Federal Contract Tower,0,3,5,0,8,0,0,0,0,0,0,3,5,0,8,138,0,138,146
06/12/2018,HFD,CT,ANE,EN,Federal Contract Tower,0,3,4,0,7,0,0,86,0,86,0,3,90,0,93,30,0,30,123
06/13/2018,HFD,CT,ANE,EN,Federal Contract Tower,0,3,21,0,24,0,0,29,8,37,0,3,50,8,61,52,0,52,113
06/14/2018,HFD,CT,ANE,EN,Federal Contract Tower,0,0,8,0,8,0,0,87,0,87,0,0,95,0,95,26,0,26,121
06/15/2018,HFD,CT,ANE,EN,Federal Contract Tower,0,0,16,0,16,0,0,75,0,75,0,0,91,0,91,96,0,96,187
06/16/2018,HFD,CT,ANE,EN,Federal Contract Tower,0,0,9,0,9,0,0,123,0,123,0,0,132,0,132,68,0,68,200
06/17/2018,HFD,CT,ANE,EN,Federal Contract Tower,0,0,11,0,11,0,0,129,0,129,0,0,140,0,140,104,0,104,244
06/18/2018,HFD,CT,ANE,EN,Federal Contract Tower,0,4,7,0,11,0,0,46,0,46,0,4,53,0,57,36,0,36,93
06/19/2018,HFD,CT,ANE,EN,Federal Contract Tower,0,4,4,0,8,0,1,93,0,94,0,5,97,0,102,74,0,74,176
06/20/2018,HFD,CT,ANE,EN,Federal Contract Tower,0,2,4,0,6,0,0,106,0,106,0,2,110,0,112,140,0,140,252
06/21/2018,HFD,CT,ANE,EN,Federal Contract Tower,0,2,11,0,13,0,0,126,0,126,0,2,137,0,139,114,0,114,253
06/22/2018,HFD,CT,ANE,EN,Federal Contract Tower,0,6,7,0,13,0,1,71,0,72,0,7,78,0,85,24,0,24,109
06/23/2018,HFD,CT,ANE,EN,Federal Contract Tower,0,0,11,0,11,0,0,3,0,3,0,0,14,0,14,26,0,26,40
06/24/2018,HFD,CT,ANE,EN,Federal Contract Tower,0,5,15,0,20,0,0,16,0,16,0,5,31,0,36,10,0,10,46
06/25/2018,HFD,CT,ANE,EN,Federal Contract Tower,0,3,10,0,13,0,0,75,0,75,0,3,85,0,88,48,0,48,136
06/26/2018,HFD,CT,ANE,EN,Federal Contract Tower,0,8,10,2,20,0,1,142,0,143,0,9,152,2,163,118,0,118,281
06/27/2018,HFD,CT,ANE,EN,Federal Contract Tower,0,4,13,0,17,0,0,83,0,83,0,4,96,0,100,146,0,146,246
06/28/2018,HFD,CT,ANE,EN,Federal Contract Tower,0,2,12,0,14,0,0,12,0,12,0,2,24,0,26,4,0,4,30
06/29/2018,HFD,CT,ANE,EN,Federal Contract Tower,0,0,8,0,8,0,0,134,0,134,0,0,142,0,142,128,0,128,270
06/30/2018,HFD,CT,ANE,EN,Federal Contract Tower,0,0,10,0,10,0,0,140,0,140,0,0,150,0,150,110,0,110,260
07/01/2018,HFD,CT,ANE,EN,Federal Contract Tower,0,0,2,0,2,0,0,86,0,86,0,0,88,0,88,72,0,72,160
07/02/2018,HFD,CT,ANE,EN,Federal Contract Tower,0,0,7,0,7,0,0,101,1,102,0,0,108,1,109,108,0,108,217
07/03/2018,HFD,CT,ANE,EN,Federal Contract Tower,0,0,10,0,10,0,0,22,0,22,0,0,32,0,32,64,0,64,96
07/04/2018,HFD,CT,ANE,EN,Federal Contract Tower,0,0,11,0,11,0,0,39,0,39,0,0,50,0,50,58,0,58,108
07/05/2018,HFD,CT,ANE,EN,Federal Contract Tower,0,0,23,0,23,0,0,110,0,110,0,0,133,0,133,78,0,78,211
07/06/2018,HFD,CT,ANE,EN,Federal Contract Tower,0,0,17,0,17,0,0,16,0,16,0,0,33,0,33,4,0,4,37
07/07/2018,HFD,CT,ANE,EN,Federal Contract Tower,0,0,11,0,11,0,0,154,0,154,0,0,165,0,165,44,0,44,209
07/08/2018,HFD,CT,ANE,EN,Federal Contract Tower,0,0,11,0,11,0,0,123,0,123,0,0,134,0,134,30,0,30,164
07/09/2018,HFD,CT,ANE,EN,Federal Contract Tower,0,5,13,0,18,0,0,112,0,112,0,5,125,0,130,50,0,50,180
07/10/2018,HFD,CT,ANE,EN,Federal Contract Tower,0,2,6,2,10,0,0,90,0,90,0,2,96,2,100,66,0,66,166
07/11/2018,HFD,CT,ANE,EN,Federal Contract Tower,0,1,18,0,19,0,1,98,0,99,0,2,116,0,118,102,10,112,230
07/12/2018,HFD,CT,ANE,EN,Federal Contract Tower,0,0,10,0,10,0,0,135,0,135,0,0,145,0,145,144,0,144,289
07/13/2018,HFD,CT,ANE,EN,Federal Contract Tower,0,0,9,0,9,0,0,109,0,109,0,0,118,0,118,80,0,80,198
07/14/2018,HFD,CT,ANE,EN,Federal Contract Tower,0,0,7,0,7,0,0,102,0,102,0,0,109,0,109,68,0,68,177
07/15/2018,HFD,CT,ANE,EN,Federal Contract Tower,0,0,14,0,14,0,0,25,0,25,0,0,39,0,39,8,0,8,47
07/16/2018,HFD,CT,ANE,EN,Federal Contract Tower,0,8,8,0,16,0,0,88,0,88,0,8,96,0,104,100,0,100,204
07/17/2018,HFD,CT,ANE,EN,Federal Contract Tower,0,5,10,0,15,0,0,15,0,15,0,5,25,0,30,48,0,48,78
07/18/2018,HFD,CT,ANE,EN,Federal Contract Tower,0,2,9,0,11,0,0,128,4,132,0,2,137,4,143,34,0,34,177
07/19/2018,HFD,CT,ANE,EN,Federal Contract Tower,0,4,4,0,8,0,4,133,0,137,0,8,137,0,145,144,0,144,289
07/20/2018,HFD,CT,ANE,EN,Federal Contract Tower,0,0,9,0,9,0,0,150,0,150,0,0,159,0,159,78,0,78,237
07/21/2018,HFD,CT,ANE,EN,Federal Contract Tower,0,0,11,0,11,0,0,91,0,91,0,0,102,0,102,46,0,46,148
07/22/2018,HFD,CT,ANE,EN,Federal Contract Tower,0,0,7,0,7,0,0,1,0,1,0,0,8,0,8,0,0,0,8
07/23/2018,HFD,CT,ANE,EN,Federal Contract Tower,0,0,16,0,16,0,0,8,0,8,0,0,24,0,24,0,0,0,24
07/24/2018,HFD,CT,ANE,EN,Federal Contract Tower,0,0,22,2,24,0,0,18,0,18,0,0,40,2,42,0,0,0,42
07/25/2018,HFD,CT,ANE,EN,Federal Contract Tower,0,0,12,0,12,0,0,8,0,8,0,0,20,0,20,0,0,0,20
07/26/2018,HFD,CT,ANE,EN,Federal Contract Tower,0,2,17,0,19,0,0,13,0,13,0,2,30,0,32,20,0,20,52
07/27/2018,HFD,CT,ANE,EN,Federal Contract Tower,0,0,12,0,12,0,0,62,0,62,0,0,74,0,74,72,0,72,146
07/28/2018,HFD,CT,ANE,EN,Federal Contract Tower,0,0,6,0,6,0,0,27,0,27,0,0,33,0,33,78,0,78,111
07/29/2018,HFD,CT,ANE,EN,Federal Contract Tower,0,0,16,0,16,0,0,113,0,113,0,0,129,0,129,134,0,134,263
07/30/2018,HFD,CT,ANE,EN,Federal Contract Tower,0,0,8,0,8,0,0,133,0,133,0,0,141,0,141,142,0,142,283
07/31/2018,HFD,CT,ANE,EN,Federal Contract Tower,0,2,6,0,8,0,0,108,0,108,0,2,114,0,116,100,0,100,216
08/01/2018,HFD,CT,ANE,EN,Federal Contract Tower,0,0,18,0,18,0,0,11,0,11,0,0,29,0,29,0,0,0,29
08/02/2018,HFD,CT,ANE,EN,Federal Contract Tower,0,1,13,0,14,0,0,58,0,58,0,1,71,0,72,82,0,82,154
08/04/2018,HFD,CT,ANE,EN,Federal Contract Tower,0,2,3,0,5,0,0,4,0,4,0,2,7,0,9,24,0,24,33
08/05/2018,HFD,CT,ANE,EN,Federal Contract Tower,0,2,9,0,11,0,0,96,0,96,0,2,105,0,107,82,0,82,189
08/06/2018,HFD,CT,ANE,EN,Federal Contract Tower,0,0,10,0,10,0,0,105,0,105,0,0,115,0,115,62,0,62,177
08/07/2018,HFD,CT,ANE,EN,Federal Contract Tower,0,2,7,0,9,0,0,71,0,71,0,2,78,0,80,94,0,94,174
08/08/2018,HFD,CT,ANE,EN,Federal Contract Tower,0,5,14,0,19,0,0,59,0,59,0,5,73,0,78,134,0,134,212
08/09/2018,HFD,CT,ANE,EN,Federal Contract Tower,0,1,14,0,15,0,0,85,0,85,0,1,99,0,100,112,0,112,212
08/10/2018,HFD,CT,ANE,EN,Federal Contract Tower,0,2,3,0,5,0,1,93,0,94,0,3,96,0,99,56,0,56,155
08/12/2018,HFD,CT,ANE,EN,Federal Contract Tower,0,0,18,0,18,0,0,5,0,5,0,0,23,0,23,4,0,4,27
08/13/2018,HFD,CT,ANE,EN,Federal Contract Tower,0,0,12,0,12,0,0,6,0,6,0,0,18,0,18,0,0,0,18
08/14/2018,HFD,CT,ANE,EN,Federal Contract Tower,0,4,9,0,13,0,0,14,0,14,0,4,23,0,27,98,0,98,125
08/15/2018,HFD,CT,ANE,EN,Federal Contract Tower,0,0,23,1,24,0,0,116,0,116,0,0,139,1,140,104,0,104,244
08/16/2018,HFD,CT,ANE,EN,Federal Contract Tower,0,3,9,0,12,0,0,148,0,148,0,3,157,0,160,74,0,74,234
08/17/2018,HFD,CT,ANE,EN,Federal Contract Tower,0,0,13,0,13,0,2,50,0,52,0,2,63,0,65,96,0,96,161
08/18/2018,HFD,CT,ANE,EN,Federal Contract Tower,0,0,8,0,8,0,0,8,0,8,0,0,16,0,16,12,0,12,28
08/19/2018,HFD,CT,ANE,EN,Federal Contract Tower,0,0,12,0,12,0,0,58,0,58,0,0,70,0,70,46,0,46,116
08/20/2018,HFD,CT,ANE,EN,Federal Contract Tower,0,3,21,0,24,0,1,98,0,99,0,4,119,0,123,118,0,118,241
08/21/2018,HFD,CT,ANE,EN,Federal Contract Tower,0,2,16,0,18,0,0,61,0,61,0,2,77,0,79,184,0,184,263
08/22/2018,HFD,CT,ANE,EN,Federal Contract Tower,0,0,9,0,9,0,0,26,0,26,0,0,35,0,35,26,0,26,61
08/23/2018,HFD,CT,ANE,EN,Federal Contract Tower,0,2,10,0,12,0,0,139,0,139,0,2,149,0,151,94,0,94,245
08/24/2018,HFD,CT,ANE,EN,Federal Contract Tower,0,6,13,0,19,0,0,107,0,107,0,6,120,0,126,38,0,38,164
08/25/2018,HFD,CT,ANE,EN,Federal Contract Tower,0,0,6,0,6,0,0,134,0,134,0,0,140,0,140,46,0,46,186
08/26/2018,HFD,CT,ANE,EN,Federal Contract Tower,0,0,15,0,15,0,0,113,0,113,0,0,128,0,128,78,0,78,206
08/27/2018,HFD,CT,ANE,EN,Federal Contract Tower,0,0,9,0,9,0,0,83,0,83,0,0,92,0,92,56,0,56,148
08/28/2018,HFD,CT,ANE,EN,Federal Contract Tower,0,2,6,0,8,0,0,50,0,50,0,2,56,0,58,48,10,58,116
08/29/2018,HFD,CT,ANE,EN,Federal Contract Tower,0,0,9,0,9,0,3,50,0,53,0,3,59,0,62,52,0,52,114
08/30/2018,HFD,CT,ANE,EN,Federal Contract Tower,0,1,12,0,13,0,0,109,0,109,0,1,121,0,122,38,0,38,160
08/31/2018,HFD,CT,ANE,EN,Federal Contract Tower,0,0,11,0,11,0,0,34,0,34,0,0,45,0,45,40,0,40,85
09/01/2018,HFD,CT,ANE,EN,Federal Contract Tower,0,0,4,0,4,0,0,79,0,79,0,0,83,0,83,46,0,46,129
09/02/2018,HFD,CT,ANE,EN,Federal Contract Tower,0,1,13,0,14,0,0,51,0,51,0,1,64,0,65,34,0,34,99
09/03/2018,HFD,CT,ANE,EN,Federal Contract Tower,0,5,18,0,23,0,0,84,0,84,0,5,102,0,107,76,0,76,183
09/04/2018,HFD,CT,ANE,EN,Federal Contract Tower,0,2,6,0,8,0,0,60,0,60,0,2,66,0,68,34,0,34,102
09/05/2018,HFD,CT,ANE,EN,Federal Contract Tower,0,0,12,0,12,0,0,67,0,67,0,0,79,0,79,48,0,48,127
09/06/2018,HFD,CT,ANE,EN,Federal Contract Tower,0,2,12,0,14,0,0,41,0,41,0,2,53,0,55,42,0,42,97
09/07/2018,HFD,CT,ANE,EN,Federal Contract Tower,0,0,19,0,19,0,0,19,0,19,0,0,38,0,38,0,0,0,38
09/08/2018,HFD,CT,ANE,EN,Federal Contract Tower,0,0,18,0,18,0,0,97,0,97,0,0,115,0,115,68,10,78,193
09/09/2018,HFD,CT,ANE,EN,Federal Contract Tower,0,0,5,0,5,0,0,87,0,87,0,0,92,0,92,42,0,42,134
09/10/2018,HFD,CT,ANE,EN,Federal Contract Tower,0,0,3,0,3,0,0,2,0,2,0,0,5,0,5,0,0,0,5
09/11/2018,HFD,CT,ANE,EN,Federal Contract Tower,0,2,9,2,13,0,0,8,0,8,0,2,17,2,21,2,0,2,23
09/12/2018,HFD,CT,ANE,EN,Federal Contract Tower,0,2,15,0,17,0,0,0,0,0,0,2,15,0,17,0,0,0,17
09/13/2018,HFD,CT,ANE,EN,Federal Contract Tower,0,1,21,0,22,0,0,4,0,4,0,1,25,0,26,0,0,0,26
09/14/2018,HFD,CT,ANE,EN,Federal Contract Tower,0,2,17,0,19,0,1,39,0,40,0,3,56,0,59,64,0,64,123
09/15/2018,HFD,CT,ANE,EN,Federal Contract Tower,0,4,13,0,17,0,0,92,1,93,0,4,105,1,110,0,0,0,110
09/16/2018,HFD,CT,ANE,EN,Federal Contract Tower,0,3,9,0,12,0,2,86,0,88,0,5,95,0,100,42,0,42,142
09/17/2018,HFD,CT,ANE,EN,Federal Contract Tower,0,3,18,0,21,0,0,89,0,89,0,3,107,0,110,56,0,56,166
09/18/2018,HFD,CT,ANE,EN,Federal Contract Tower,0,0,12,0,12,0,0,2,0,2,0,0,14,0,14,28,0,28,42
09/19/2018,HFD,CT,ANE,EN,Federal Contract Tower,0,1,22,0,23,0,0,67,0,67,0,1,89,0,90,38,4,42,132
09/20/2018,HFD,CT,ANE,EN,Federal Contract Tower,0,0,17,0,17,0,0,104,0,104,0,0,121,0,121,142,0,142,263
09/21/2018,HFD,CT,ANE,EN,Federal Contract Tower,0,1,20,0,21,0,0,42,0,42,0,1,62,0,63,24,0,24,87
09/22/2018,HFD,CT,ANE,EN,Federal Contract Tower,0,8,11,0,19,0,2,91,0,93,0,10,102,0,112,42,0,42,154
09/23/2018,HFD,CT,ANE,EN,Federal Contract Tower,0,0,22,0,22,0,1,116,0,117,0,1,138,0,139,38,0,38,177
09/24/2018,HFD,CT,ANE,EN,Federal Contract Tower,0,2,19,0,21,0,0,54,0,54,0,2,73,0,75,24,0,24,99
09/25/2018,HFD,CT,ANE,EN,Federal Contract Tower,0,3,6,0,9,0,0,2,0,2,0,3,8,0,11,0,0,0,11
09/26/2018,HFD,CT,ANE,EN,Federal Contract Tower,0,0,14,0,14,0,0,5,0,5,0,0,19,0,19,0,0,0,19
09/27/2018,HFD,CT,ANE,EN,Federal Contract Tower,0,7,11,0,18,0,0,135,0,135,0,7,146,0,153,82,0,82,235
09/28/2018,HFD,CT,ANE,EN,Federal Contract Tower,0,0,23,0,23,0,0,15,0,15,0,0,38,0,38,20,0,20,58
09/29/2018,HFD,CT,ANE,EN,Federal Contract Tower,0,1,7,0,8,0,0,117,0,117,0,1,124,0,125,34,0,34,159
09/30/2018,HFD,CT,ANE,EN,Federal Contract Tower,0,3,8,0,11,0,0,116,0,116,0,3,124,0,127,42,0,42,169
10/01/2018,HFD,CT,ANE,EN,Federal Contract Tower,0,2,14,0,16,0,0,22,0,22,0,2,36,0,38,72,0,72,110
10/02/2018,HFD,CT,ANE,EN,Federal Contract Tower,0,2,7,0,9,0,0,0,0,0,0,2,7,0,9,0,0,0,9
10/03/2018,HFD,CT,ANE,EN,Federal Contract Tower,0,3,12,0,15,0,0,46,0,46,0,3,58,0,61,28,8,36,97
10/04/2018,HFD,CT,ANE,EN,Federal Contract Tower,0,3,26,0,29,0,0,79,0,79,0,3,105,0,108,64,0,64,172
10/05/2018,HFD,CT,ANE,EN,Federal Contract Tower,0,0,9,0,9,0,0,106,0,106,0,0,115,0,115,42,0,42,157
10/06/2018,HFD,CT,ANE,EN,Federal Contract Tower,0,0,20,0,20,0,0,34,0,34,0,0,54,0,54,92,0,92,146
10/07/2018,HFD,CT,ANE,EN,Federal Contract Tower,0,0,13,0,13,0,0,45,0,45,0,0,58,0,58,98,0,98,156
10/08/2018,HFD,CT,ANE,EN,Federal Contract Tower,0,0,16,0,16,0,0,5,0,5,0,0,21,0,21,20,0,20,41
10/09/2018,HFD,CT,ANE,EN,Federal Contract Tower,0,1,18,0,19,0,0,21,0,21,0,1,39,0,40,38,0,38,78
10/10/2018,HFD,CT,ANE,EN,Federal Contract Tower,0,1,12,0,13,0,0,58,0,58,0,1,70,0,71,74,0,74,145
10/11/2018,HFD,CT,ANE,EN,Federal Contract Tower,0,0,17,0,17,0,0,1,0,1,0,0,18,0,18,0,0,0,18
10/12/2018,HFD,CT,ANE,EN,Federal Contract Tower,0,2,13,0,15,0,0,21,4,25,0,2,34,4,40,14,0,14,54
10/13/2018,HFD,CT,ANE,EN,Federal Contract Tower,0,0,7,0,7,0,0,20,0,20,0,0,27,0,27,16,0,16,43
10/14/2018,HFD,CT,ANE,EN,Federal Contract Tower,0,0,12,0,12,0,0,94,0,94,0,0,106,0,106,66,0,66,172
10/15/2018,HFD,CT,ANE,EN,Federal Contract Tower,0,0,11,0,11,0,0,4,0,4,0,0,15,0,15,0,0,0,15
10/16/2018,HFD,CT,ANE,EN,Federal Contract Tower,0,0,6,0,6,0,0,76,0,76,0,0,82,0,82,54,0,54,136
10/17/2018,HFD,CT,ANE,EN,Federal Contract Tower,0,0,10,0,10,0,0,50,0,50,0,0,60,0,60,50,0,50,110
10/18/2018,HFD,CT,ANE,EN,Federal Contract Tower,0,0,7,0,7,0,0,31,0,31,0,0,38,0,38,6,0,6,44
10/19/2018,HFD,CT,ANE,EN,Federal Contract Tower,0,5,12,0,17,0,0,77,0,77,0,5,89,0,94,12,0,12,106
10/20/2018,HFD,CT,ANE,EN,Federal Contract Tower,0,1,10,0,11,0,1,38,0,39,0,2,48,0,50,18,6,24,74
10/21/2018,HFD,CT,ANE,EN,Federal Contract Tower,0,5,2,0,7,0,0,10,0,10,0,5,12,0,17,2,0,2,19
10/22/2018,HFD,CT,ANE,EN,Federal Contract Tower,0,3,10,0,13,0,0,93,0,93,0,3,103,0,106,92,0,92,198
10/23/2018,HFD,CT,ANE,EN,Federal Contract Tower,0,0,3,0,3,0,0,40,1,41,0,0,43,1,44,44,0,44,88
10/24/2018,HFD,CT,ANE,EN,Federal Contract Tower,0,4,5,0,9,0,0,43,0,43,0,4,48,0,52,4,0,4,56
10/25/2018,HFD,CT,ANE,EN,Federal Contract Tower,0,5,5,0,10,0,0,34,0,34,0,5,39,0,44,2,2,4,48
10/26/2018,HFD,CT,ANE,EN,Federal Contract Tower,0,1,6,0,7,0,0,144,0,144,0,1,150,0,151,50,0,50,201
10/27/2018,HFD,CT,ANE,EN,Federal Contract Tower,0,0,1,0,1,0,0,0,0,0,0,0,1,0,1,0,0,0,1
10/28/2018,HFD,CT,ANE,EN,Federal Contract Tower,0,2,10,0,12,0,0,27,0,27,0,2,37,0,39,12,0,12,51
10/30/2018,HFD,CT,ANE,EN,Federal Contract Tower,0,6,10,0,16,0,1,55,2,58,0,7,65,2,74,30,0,30,104
10/31/2018,HFD,CT,ANE,EN,Federal Contract Tower,0,4,7,1,12,0,0,77,0,77,0,4,84,1,89,38,0,38,127
11/01/2018,HFD,CT,ANE,EN,Federal Contract Tower,0,1,17,0,18,0,1,92,0,93,0,2,109,0,111,96,0,96,207
11/02/2018,HFD,CT,ANE,EN,Federal Contract Tower,0,0,4,0,4,0,0,0,0,0,0,0,4,0,4,0,0,0,4
11/03/2018,HFD,CT,ANE,EN,Federal Contract Tower,0,0,1,0,1,0,0,0,0,0,0,0,1,0,1,0,0,0,1
11/04/2018,HFD,CT,ANE,EN,Federal Contract Tower,0,0,16,0,16,0,0,152,0,152,0,0,168,0,168,78,0,78,246
11/05/2018,HFD,CT,ANE,EN,Federal Contract Tower,0,0,9,0,9,0,0,4,0,4,0,0,13,0,13,14,0,14,27
11/06/2018,HFD,CT,ANE,EN,Federal Contract Tower,0,0,3,0,3,0,0,1,0,1,0,0,4,0,4,0,0,0,4
11/07/2018,HFD,CT,ANE,EN,Federal Contract Tower,0,2,9,0,11,0,0,90,0,90,0,2,99,0,101,64,0,64,165
11/08/2018,HFD,CT,ANE,EN,Federal Contract Tower,0,1,15,0,16,0,4,132,0,136,0,5,147,0,152,128,0,128,280
11/09/2018,HFD,CT,ANE,EN,Federal Contract Tower,0,2,10,0,12,0,0,39,0,39,0,2,49,0,51,36,0,36,87
11/10/2018,HFD,CT,ANE,EN,Federal Contract Tower,0,2,0,0,2,0,4,6,0,10,0,6,6,0,12,0,0,0,12
11/12/2018,HFD,CT,ANE,EN,Federal Contract Tower,0,2,8,0,10,0,0,97,0,97,0,2,105,0,107,98,0,98,205
11/13/2018,HFD,CT,ANE,EN,Federal Contract Tower,0,0,6,0,6,0,0,4,0,4,0,0,10,0,10,24,0,24,34
11/14/2018,HFD,CT,ANE,EN,Federal Contract Tower,0,2,5,0,7,0,0,32,0,32,0,2,37,0,39,36,10,46,85
11/15/2018,HFD,CT,ANE,EN,Federal Contract Tower,0,0,9,0,9,0,0,41,0,41,0,0,50,0,50,60,0,60,110
11/16/2018,HFD,CT,ANE,EN,Federal Contract Tower,0,0,2,0,2,0,0,17,0,17,0,0,19,0,19,36,0,36,55
11/17/2018,HFD,CT,ANE,EN,Federal Contract Tower,0,2,8,0,10,0,0,121,0,121,0,2,129,0,131,70,0,70,201
11/18/2018,HFD,CT,ANE,EN,Federal Contract Tower,0,0,14,0,14,0,0,131,0,131,0,0,145,0,145,194,0,194,339
11/19/2018,HFD,CT,ANE,EN,Federal Contract Tower,0,0,10,0,10,0,0,7,0,7,0,0,17,0,17,80,0,80,97
11/20/2018,HFD,CT,ANE,EN,Federal Contract Tower,0,2,2,0,4,0,0,4,0,4,0,2,6,0,8,0,0,0,8
11/21/2018,HFD,CT,ANE,EN,Federal Contract Tower,0,0,13,0,13,0,0,84,0,84,0,0,97,0,97,84,0,84,181
11/22/2018,HFD,CT,ANE,EN,Federal Contract Tower,0,0,1,0,1,0,0,9,0,9,0,0,10,0,10,2,0,2,12
11/23/2018,HFD,CT,ANE,EN,Federal Contract Tower,0,0,5,0,5,0,0,63,0,63,0,0,68,0,68,32,0,32,100
11/24/2018,HFD,CT,ANE,EN,Federal Contract Tower,0,0,7,0,7,0,0,68,0,68,0,0,75,0,75,128,0,128,203
11/25/2018,HFD,CT,ANE,EN,Federal Contract Tower,0,2,15,0,17,0,0,42,0,42,0,2,57,0,59,80,0,80,139
11/26/2018,HFD,CT,ANE,EN,Federal Contract Tower,0,2,4,0,6,0,0,6,0,6,0,2,10,0,12,40,0,40,52
11/27/2018,HFD,CT,ANE,EN,Federal Contract Tower,0,1,3,0,4,0,0,24,0,24,0,1,27,0,28,24,0,24,52
11/28/2018,HFD,CT,ANE,EN,Federal Contract Tower,0,4,8,0,12,0,1,39,1,41,0,5,47,1,53,6,16,22,75
11/29/2018,HFD,CT,ANE,EN,Federal Contract Tower,0,2,6,0,8,0,0,63,0,63,0,2,69,0,71,40,0,40,111
11/30/2018,HFD,CT,ANE,EN,Federal Contract Tower,0,2,7,0,9,0,0,69,0,69,0,2,76,0,78,96,2,98,176
12/01/2018,HFD,CT,ANE,EN,Federal Contract Tower,0,0,11,0,11,0,1,130,0,131,0,1,141,0,142,104,0,104,246
12/02/2018,HFD,CT,ANE,EN,Federal Contract Tower,0,0,3,0,3,0,0,0,0,0,0,0,3,0,3,0,0,0,3
12/03/2018,HFD,CT,ANE,EN,Federal Contract Tower,0,0,13,0,13,0,0,63,0,63,0,0,76,0,76,42,0,42,118
12/04/2018,HFD,CT,ANE,EN,Federal Contract Tower,0,2,8,0,10,0,0,65,0,65,0,2,73,0,75,20,0,20,95
12/05/2018,HFD,CT,ANE,EN,Federal Contract Tower,0,2,10,0,12,0,2,119,0,121,0,4,129,0,133,144,0,144,277
12/06/2018,HFD,CT,ANE,EN,Federal Contract Tower,0,0,10,0,10,0,0,136,0,136,0,0,146,0,146,138,0,138,284
12/07/2018,HFD,CT,ANE,EN,Federal Contract Tower,0,0,6,0,6,0,0,51,0,51,0,0,57,0,57,72,0,72,129
12/09/2018,HFD,CT,ANE,EN,Federal Contract Tower,0,1,5,0,6,0,0,105,0,105,0,1,110,0,111,34,0,34,145
12/10/2018,HFD,CT,ANE,EN,Federal Contract Tower,0,0,4,0,4,0,0,90,0,90,0,0,94,0,94,90,0,90,184
12/11/2018,HFD,CT,ANE,EN,Federal Contract Tower,0,0,10,0,10,0,0,70,0,70,0,0,80,0,80,82,0,82,162
12/12/2018,HFD,CT,ANE,EN,Federal Contract Tower,0,2,9,0,11,0,0,90,0,90,0,2,99,0,101,46,4,50,151
12/13/2018,HFD,CT,ANE,EN,Federal Contract Tower,0,2,6,0,8,0,0,29,0,29,0,2,35,0,37,22,0,22,59
12/14/2018,HFD,CT,ANE,EN,Federal Contract Tower,0,0,9,0,9,0,0,77,0,77,0,0,86,0,86,208,0,208,294
12/15/2018,HFD,CT,ANE,EN,Federal Contract Tower,0,2,13,0,15,0,0,37,0,37,0,2,50,0,52,70,0,70,122
12/16/2018,HFD,CT,ANE,EN,Federal Contract Tower,0,0,5,0,5,0,0,0,0,0,0,0,5,0,5,0,0,0,5
12/17/2018,HFD,CT,ANE,EN,Federal Contract Tower,0,2,3,0,5,0,0,16,2,18,0,2,19,2,23,118,0,118,141
12/18/2018,HFD,CT,ANE,EN,Federal Contract Tower,0,0,3,0,3,0,0,38,0,38,0,0,41,0,41,22,0,22,63
12/19/2018,HFD,CT,ANE,EN,Federal Contract Tower,0,2,4,0,6,0,2,137,0,139,0,4,141,0,145,214,0,214,359
12/20/2018,HFD,CT,ANE,EN,Federal Contract Tower,0,0,12,0,12,0,2,103,0,105,0,2,115,0,117,146,0,146,263
12/21/2018,HFD,CT,ANE,EN,Federal Contract Tower,0,0,2,0,2,0,0,0,0,0,0,0,2,0,2,0,0,0,2
12/22/2018,HFD,CT,ANE,EN,Federal Contract Tower,0,1,4,0,5,0,0,7,0,7,0,1,11,0,12,0,0,0,12
12/23/2018,HFD,CT,ANE,EN,Federal Contract Tower,0,0,3,0,3,0,0,99,0,99,0,0,102,0,102,114,0,114,216
12/24/2018,HFD,CT,ANE,EN,Federal Contract Tower,0,1,2,0,3,0,0,0,0,0,0,1,2,0,3,0,0,0,3
12/25/2018,HFD,CT,ANE,EN,Federal Contract Tower,0,3,0,0,3,0,0,17,0,17,0,3,17,0,20,2,0,2,22
12/26/2018,HFD,CT,ANE,EN,Federal Contract Tower,0,0,9,0,9,0,0,102,0,102,0,0,111,0,111,76,0,76,187
12/27/2018,HFD,CT,ANE,EN,Federal Contract Tower,0,0,6,0,6,0,0,104,0,104,0,0,110,0,110,62,0,62,172
12/28/2018,HFD,CT,ANE,EN,Federal Contract Tower,0,0,1,0,1,0,0,0,0,0,0,0,1,0,1,0,0,0,1
12/29/2018,HFD,CT,ANE,EN,Federal Contract Tower,0,0,5,0,5,0,0,31,0,31,0,0,36,0,36,8,0,8,44
12/30/2018,HFD,CT,ANE,EN,Federal Contract Tower,0,1,5,0,6,0,0,95,0,95,0,1,100,0,101,66,0,66,167
12/31/2018,HFD,CT,ANE,EN,Federal Contract Tower,0,1,3,0,4,0,0,29,0,29,0,1,32,0,33,34,0,34,67
01/01/2019,HFD,CT,ANE,EN,Federal Contract Tower,0,0,2,0,2,0,0,1,0,1,0,0,3,0,3,0,0,0,3
01/02/2019,HFD,CT,ANE,EN,Federal Contract Tower,0,2,6,0,8,0,0,97,0,97,0,2,103,0,105,156,0,156,261
01/03/2019,HFD,CT,ANE,EN,Federal Contract Tower,0,0,4,0,4,0,0,13,0,13,0,0,17,0,17,48,0,48,65
01/04/2019,HFD,CT,ANE,EN,Federal Contract Tower,0,0,7,0,7,0,0,94,0,94,0,0,101,0,101,110,0,110,211
01/05/2019,HFD,CT,ANE,EN,Federal Contract Tower,0,0,0,0,0,0,0,0,0,0,0,0,0,0,0,0,0,0,0
01/06/2019,HFD,CT,ANE,EN,Federal Contract Tower,0,0,1,0,1,0,0,22,0,22,0,0,23,0,23,26,0,26,49
01/07/2019,HFD,CT,ANE,EN,Federal Contract Tower,0,0,9,0,9,0,2,84,0,86,0,2,93,0,95,82,0,82,177
01/08/2019,HFD,CT,ANE,EN,Federal Contract Tower,0,0,1,0,1,0,0,0,0,0,0,0,1,0,1,0,0,0,1
01/09/2019,HFD,CT,ANE,EN,Federal Contract Tower,0,2,1,0,3,0,0,25,3,28,0,2,26,3,31,34,4,38,69
01/10/2019,HFD,CT,ANE,EN,Federal Contract Tower,0,1,6,0,7,0,0,36,2,38,0,1,42,2,45,24,6,30,75
01/11/2019,HFD,CT,ANE,EN,Federal Contract Tower,0,1,2,0,3,0,0,39,0,39,0,1,41,0,42,32,0,32,74
01/12/2019,HFD,CT,ANE,EN,Federal Contract Tower,0,0,6,0,6,0,0,104,0,104,0,0,110,0,110,76,0,76,186
01/13/2019,HFD,CT,ANE,EN,Federal Contract Tower,0,0,4,0,4,0,0,88,0,88,0,0,92,0,92,44,0,44,136
01/14/2019,HFD,CT,ANE,EN,Federal Contract Tower,0,1,6,0,7,0,0,56,0,56,0,1,62,0,63,76,0,76,139
01/15/2019,HFD,CT,ANE,EN,Federal Contract Tower,0,3,13,0,16,0,0,89,0,89,0,3,102,0,105,108,0,108,213
01/16/2019,HFD,CT,ANE,EN,Federal Contract Tower,0,1,9,0,10,0,0,70,0,70,0,1,79,0,80,56,2,58,138
01/17/2019,HFD,CT,ANE,EN,Federal Contract Tower,0,3,8,0,11,0,0,118,0,118,0,3,126,0,129,142,2,144,273
01/18/2019,HFD,CT,ANE,EN,Federal Contract Tower,0,2,2,0,4,0,0,69,0,69,0,2,71,0,73,178,0,178,251
01/19/2019,HFD,CT,ANE,EN,Federal Contract Tower,0,0,3,0,3,0,0,89,0,89,0,0,92,0,92,98,0,98,190
01/20/2019,HFD,CT,ANE,EN,Federal Contract Tower,0,0,0,0,0,0,0,0,0,0,0,0,0,0,0,0,0,0,0
01/21/2019,HFD,CT,ANE,EN,Federal Contract Tower,0,0,1,0,1,0,0,5,0,5,0,0,6,0,6,0,0,0,6
01/22/2019,HFD,CT,ANE,EN,Federal Contract Tower,0,0,0,0,0,0,0,28,0,28,0,0,28,0,28,0,0,0,28
01/23/2019,HFD,CT,ANE,EN,Federal Contract Tower,0,0,3,0,3,0,0,12,0,12,0,0,15,0,15,20,0,20,35
01/24/2019,HFD,CT,ANE,EN,Federal Contract Tower,0,0,3,0,3,0,0,2,0,2,0,0,5,0,5,0,0,0,5
01/25/2019,HFD,CT,ANE,EN,Federal Contract Tower,0,0,2,0,2,0,0,68,0,68,0,0,70,0,70,44,0,44,114
01/26/2019,HFD,CT,ANE,EN,Federal Contract Tower,0,0,2,0,2,0,0,155,0,155,0,0,157,0,157,72,0,72,229
01/27/2019,HFD,CT,ANE,EN,Federal Contract Tower,0,0,5,0,5,0,0,54,0,54,0,0,59,0,59,40,22,62,121
01/28/2019,HFD,CT,ANE,EN,Federal Contract Tower,0,2,6,0,8,0,3,77,0,80,0,5,83,0,88,58,0,58,146
01/29/2019,HFD,CT,ANE,EN,Federal Contract Tower,0,1,8,0,9,0,0,13,0,13,0,1,21,0,22,92,0,92,114
01/30/2019,HFD,CT,ANE,EN,Federal Contract Tower,0,0,2,1,3,0,0,17,0,17,0,0,19,1,20,16,0,16,36
01/31/2019,HFD,CT,ANE,EN,Federal Contract Tower,0,2,2,0,4,0,0,0,0,0,0,2,2,0,4,28,0,28,32
02/01/2019,HFD,CT,ANE,EN,Federal Contract Tower,0,0,4,0,4,0,0,79,0,79,0,0,83,0,83,76,0,76,159
02/02/2019,HFD,CT,ANE,EN,Federal Contract Tower,0,0,6,0,6,0,0,89,0,89,0,0,95,0,95,104,0,104,199
02/03/2019,HFD,CT,ANE,EN,Federal Contract Tower,0,2,8,0,10,0,0,78,0,78,0,2,86,0,88,108,0,108,196
02/04/2019,HFD,CT,ANE,EN,Federal Contract Tower,0,0,11,0,11,0,0,101,0,101,0,0,112,0,112,160,0,160,272
02/05/2019,HFD,CT,ANE,EN,Federal Contract Tower,0,0,10,0,10,0,0,106,0,106,0,0,116,0,116,36,4,40,156
02/06/2019,HFD,CT,ANE,EN,Federal Contract Tower,0,0,7,0,7,0,0,99,0,99,0,0,106,0,106,112,0,112,218
02/07/2019,HFD,CT,ANE,EN,Federal Contract Tower,0,2,4,0,6,0,0,0,0,0,0,2,4,0,6,0,0,0,6
02/08/2019,HFD,CT,ANE,EN,Federal Contract Tower,0,0,5,0,5,0,0,17,0,17,0,0,22,0,22,8,0,8,30
02/09/2019,HFD,CT,ANE,EN,Federal Contract Tower,0,0,3,0,3,0,0,11,0,11,0,0,14,0,14,6,0,6,20
02/10/2019,HFD,CT,ANE,EN,Federal Contract Tower,0,0,4,0,4,0,0,74,0,74,0,0,78,0,78,38,0,38,116
02/11/2019,HFD,CT,ANE,EN,Federal Contract Tower,0,0,7,0,7,0,0,132,0,132,0,0,139,0,139,150,0,150,289
02/12/2019,HFD,CT,ANE,EN,Federal Contract Tower,0,0,0,0,0,0,0,4,0,4,0,0,4,0,4,0,0,0,4
02/13/2019,HFD,CT,ANE,EN,Federal Contract Tower,0,0,2,1,3,0,0,18,0,18,0,0,20,1,21,6,8,14,35
02/14/2019,HFD,CT,ANE,EN,Federal Contract Tower,0,0,8,0,8,0,0,73,0,73,0,0,81,0,81,58,0,58,139
02/15/2019,HFD,CT,ANE,EN,Federal Contract Tower,0,0,4,0,4,0,0,41,0,41,0,0,45,0,45,34,0,34,79
02/16/2019,HFD,CT,ANE,EN,Federal Contract Tower,0,0,9,0,9,0,0,106,0,106,0,0,115,0,115,28,0,28,143
02/17/2019,HFD,CT,ANE,EN,Federal Contract Tower,0,2,6,0,8,0,0,105,0,105,0,2,111,0,113,62,0,62,175
02/18/2019,HFD,CT,ANE,EN,Federal Contract Tower,0,0,3,0,3,0,2,7,0,9,0,2,10,0,12,0,0,0,12
02/19/2019,HFD,CT,ANE,EN,Federal Contract Tower,0,2,1,0,3,0,0,77,2,79,0,2,78,2,82,126,0,126,208
02/20/2019,HFD,CT,ANE,EN,Federal Contract Tower,0,0,3,0,3,0,0,49,0,49,0,0,52,0,52,118,0,118,170
02/21/2019,HFD,CT,ANE,EN,Federal Contract Tower,0,0,5,0,5,0,0,38,6,44,0,0,43,6,49,42,0,42,91
02/22/2019,HFD,CT,ANE,EN,Federal Contract Tower,0,1,3,0,4,0,0,92,0,92,0,1,95,0,96,90,0,90,186
02/23/2019,HFD,CT,ANE,EN,Federal Contract Tower,0,1,7,0,8,0,0,110,0,110,0,1,117,0,118,114,0,114,232
02/24/2019,HFD,CT,ANE,EN,Federal Contract Tower,0,0,5,0,5,0,0,1,0,1,0,0,6,0,6,0,0,0,6
02/25/2019,HFD,CT,ANE,EN,Federal Contract Tower,0,0,1,0,1,0,0,3,4,7,0,0,4,4,8,0,0,0,8
02/26/2019,HFD,CT,ANE,EN,Federal Contract Tower,0,0,2,0,2,0,0,8,0,8,0,0,10,0,10,0,0,0,10
02/27/2019,HFD,CT,ANE,EN,Federal Contract Tower,0,0,2,0,2,0,0,22,2,24,0,0,24,2,26,52,14,66,92
02/28/2019,HFD,CT,ANE,EN,Federal Contract Tower,0,1,11,0,12,0,0,60,0,60,0,1,71,0,72,136,0,136,208
03/01/2019,HFD,CT,ANE,EN,Federal Contract Tower,0,2,4,0,6,0,0,80,0,80,0,2,84,0,86,102,0,102,188
03/02/2019,HFD,CT,ANE,EN,Federal Contract Tower,0,0,1,0,1,0,0,2,0,2,0,0,3,0,3,14,0,14,17
03/03/2019,HFD,CT,ANE,EN,Federal Contract Tower,0,0,4,0,4,0,0,70,0,70,0,0,74,0,74,12,0,12,86
03/04/2019,HFD,CT,ANE,EN,Federal Contract Tower,0,2,3,0,5,0,0,20,0,20,0,2,23,0,25,6,0,6,31
03/05/2019,HFD,CT,ANE,EN,Federal Contract Tower,0,0,3,0,3,0,3,81,0,84,0,3,84,0,87,146,0,146,233
03/06/2019,HFD,CT,ANE,EN,Federal Contract Tower,0,3,9,0,12,0,0,44,0,44,0,3,53,0,56,26,0,26,82
03/07/2019,HFD,CT,ANE,EN,Federal Contract Tower,0,2,11,0,13,0,0,67,0,67,0,2,78,0,80,112,0,112,192
03/08/2019,HFD,CT,ANE,EN,Federal Contract Tower,0,1,12,0,13,0,0,79,0,79,0,1,91,0,92,82,0,82,174
03/09/2019,HFD,CT,ANE,EN,Federal Contract Tower,0,0,12,0,12,0,0,133,6,139,0,0,145,6,151,114,0,114,265
03/10/2019,HFD,CT,ANE,EN,Federal Contract Tower,0,0,0,0,0,0,0,0,0,0,0,0,0,0,0,0,0,0,0
03/11/2019,HFD,CT,ANE,EN,Federal Contract Tower,0,1,11,0,12,0,2,56,0,58,0,3,67,0,70,44,0,44,114
03/12/2019,HFD,CT,ANE,EN,Federal Contract Tower,0,0,14,0,14,0,0,30,0,30,0,0,44,0,44,10,0,10,54
03/13/2019,HFD,CT,ANE,EN,Federal Contract Tower,0,0,10,0,10,0,1,119,0,120,0,1,129,0,130,172,6,178,308
03/14/2019,HFD,CT,ANE,EN,Federal Contract Tower,0,0,15,0,15,0,0,109,0,109,0,0,124,0,124,100,0,100,224
03/15/2019,HFD,CT,ANE,EN,Federal Contract Tower,0,3,11,0,14,0,0,13,0,13,0,3,24,0,27,2,0,2,29
03/16/2019,HFD,CT,ANE,EN,Federal Contract Tower,0,1,4,0,5,0,0,35,0,35,0,1,39,0,40,0,0,0,40
03/17/2019,HFD,CT,ANE,EN,Federal Contract Tower,0,0,5,0,5,0,0,58,0,58,0,0,63,0,63,10,0,10,73
03/18/2019,HFD,CT,ANE,EN,Federal Contract Tower,0,0,11,0,11,0,0,54,0,54,0,0,65,0,65,36,0,36,101
03/19/2019,HFD,CT,ANE,EN,Federal Contract Tower,0,0,16,0,16,0,0,66,0,66,0,0,82,0,82,44,0,44,126
03/20/2019,HFD,CT,ANE,EN,Federal Contract Tower,0,5,7,0,12,0,0,80,0,80,0,5,87,0,92,56,0,56,148
03/21/2019,HFD,CT,ANE,EN,Federal Contract Tower,0,2,12,0,14,0,0,14,0,14,0,2,26,0,28,2,0,2,30
03/22/2019,HFD,CT,ANE,EN,Federal Contract Tower,0,1,0,0,1,0,0,0,0,0,0,1,0,0,1,0,0,0,1
03/23/2019,HFD,CT,ANE,EN,Federal Contract Tower,0,5,4,0,9,0,1,7,0,8,0,6,11,0,17,0,0,0,17
03/24/2019,HFD,CT,ANE,EN,Federal Contract Tower,0,0,13,0,13,0,0,104,0,104,0,0,117,0,117,64,0,64,181
03/25/2019,HFD,CT,ANE,EN,Federal Contract Tower,0,1,10,0,11,0,0,69,0,69,0,1,79,0,80,50,0,50,130
03/26/2019,HFD,CT,ANE,EN,Federal Contract Tower,0,3,13,0,16,0,2,71,0,73,0,5,84,0,89,81,0,81,170
03/27/2019,HFD,CT,ANE,EN,Federal Contract Tower,0,2,18,0,20,0,0,127,0,127,0,2,145,0,147,134,0,134,281
03/28/2019,HFD,CT,ANE,EN,Federal Contract Tower,0,0,10,0,10,0,0,71,0,71,0,0,81,0,81,42,0,42,123
03/29/2019,HFD,CT,ANE,EN,Federal Contract Tower,0,0,14,0,14,0,0,29,0,29,0,0,43,0,43,26,0,26,69
03/30/2019,HFD,CT,ANE,EN,Federal Contract Tower,0,0,2,0,2,0,0,73,0,73,0,0,75,0,75,18,0,18,93
03/31/2019,HFD,CT,ANE,EN,Federal Contract Tower,0,0,4,0,4,0,0,1,0,1,0,0,5,0,5,4,0,4,9
04/01/2019,HFD,CT,ANE,EN,Federal Contract Tower,0,0,7,0,7,0,0,25,0,25,0,0,32,0,32,44,0,44,76
04/02/2019,HFD,CT,ANE,EN,Federal Contract Tower,0,0,7,0,7,0,0,82,0,82,0,0,89,0,89,104,0,104,193
04/03/2019,HFD,CT,ANE,EN,Federal Contract Tower,0,0,6,0,6,0,0,21,0,21,0,0,27,0,27,18,0,18,45
04/04/2019,HFD,CT,ANE,EN,Federal Contract Tower,0,2,8,2,12,0,1,52,0,53,0,3,60,2,65,12,0,12,77
04/05/2019,HFD,CT,ANE,EN,Federal Contract Tower,0,6,7,0,13,0,2,46,0,48,0,8,53,0,61,82,0,82,143
04/06/2019,HFD,CT,ANE,EN,Federal Contract Tower,0,2,12,0,14,0,1,86,0,87,0,3,98,0,101,42,0,42,143
04/07/2019,HFD,CT,ANE,EN,Federal Contract Tower,0,0,12,0,12,0,4,93,0,97,0,4,105,0,109,114,0,114,223
04/08/2019,HFD,CT,ANE,EN,Federal Contract Tower,0,0,10,0,10,0,0,0,0,0,0,0,10,0,10,0,0,0,10
04/09/2019,HFD,CT,ANE,EN,Federal Contract Tower,0,0,11,0,11,0,0,2,0,2,0,0,13,0,13,0,0,0,13
04/10/2019,HFD,CT,ANE,EN,Federal Contract Tower,0,0,14,0,14,0,0,85,0,85,0,0,99,0,99,90,4,94,193
04/11/2019,HFD,CT,ANE,EN,Federal Contract Tower,0,0,12,0,12,0,0,135,0,135,0,0,147,0,147,126,0,126,273
04/12/2019,HFD,CT,ANE,EN,Federal Contract Tower,0,0,29,1,30,0,0,29,0,29,0,0,58,1,59,72,0,72,131
04/13/2019,HFD,CT,ANE,EN,Federal Contract Tower,0,0,15,0,15,0,0,55,0,55,0,0,70,0,70,46,0,46,116
04/14/2019,HFD,CT,ANE,EN,Federal Contract Tower,0,1,8,0,9,0,57,0,0,57,0,58,8,0,66,72,0,72,138
04/15/2019,HFD,CT,ANE,EN,Federal Contract Tower,0,4,3,0,7,0,0,13,0,13,0,4,16,0,20,4,0,4,24
04/16/2019,HFD,CT,ANE,EN,Federal Contract Tower,0,1,3,0,4,0,0,14,0,14,0,1,17,0,18,4,0,4,22
04/17/2019,HFD,CT,ANE,EN,Federal Contract Tower,0,0,13,0,13,0,0,161,0,161,0,0,174,0,174,86,0,86,260
04/18/2019,HFD,CT,ANE,EN,Federal Contract Tower,0,0,26,0,26,0,0,54,0,54,0,0,80,0,80,54,0,54,134
04/19/2019,HFD,CT,ANE,EN,Federal Contract Tower,0,0,12,0,12,0,0,10,0,10,0,0,22,0,22,0,0,0,22
04/20/2019,HFD,CT,ANE,EN,Federal Contract Tower,0,0,2,0,2,0,0,0,0,0,0,0,2,0,2,0,0,0,2
04/21/2019,HFD,CT,ANE,EN,Federal Contract Tower,0,0,14,0,14,0,0,11,0,11,0,0,25,0,25,0,0,0,25
04/22/2019,HFD,CT,ANE,EN,Federal Contract Tower,0,1,17,0,18,0,0,18,0,18,0,1,35,0,36,2,0,2,38
04/23/2019,HFD,CT,ANE,EN,Federal Contract Tower,0,2,14,0,16,0,2,97,0,99,0,4,111,0,115,116,0,116,231
04/24/2019,HFD,CT,ANE,EN,Federal Contract Tower,0,1,5,0,6,0,3,82,2,87,0,4,87,2,93,32,14,46,139
04/25/2019,HFD,CT,ANE,EN,Federal Contract Tower,0,0,10,0,10,0,0,144,0,144,0,0,154,0,154,86,0,86,240
04/26/2019,HFD,CT,ANE,EN,Federal Contract Tower,0,0,4,0,4,0,0,0,0,0,0,0,4,0,4,0,0,0,4
04/27/2019,HFD,CT,ANE,EN,Federal Contract Tower,0,0,9,0,9,0,0,23,0,23,0,0,32,0,32,0,0,0,32
04/28/2019,HFD,CT,ANE,EN,Federal Contract Tower,0,0,9,0,9,0,0,21,0,21,0,0,30,0,30,50,0,50,80
04/29/2019,HFD,CT,ANE,EN,Federal Contract Tower,0,0,4,0,4,0,2,116,0,118,0,2,120,0,122,118,0,118,240
04/30/2019,HFD,CT,ANE,EN,Federal Contract Tower,0,0,9,0,9,0,0,5,0,5,0,0,14,0,14,0,8,8,22
05/01/2019,HFD,CT,ANE,EN,Federal Contract Tower,0,2,10,0,12,0,0,72,0,72,0,2,82,0,84,154,0,154,238
05/02/2019,HFD,CT,ANE,EN,Federal Contract Tower,0,4,19,2,25,0,0,55,1,56,0,4,74,3,81,110,0,110,191
05/03/2019,HFD,CT,ANE,EN,Federal Contract Tower,0,2,9,0,11,0,0,3,0,3,0,2,12,0,14,26,0,26,40
05/04/2019,HFD,CT,ANE,EN,Federal Contract Tower,0,2,31,0,33,0,0,32,0,32,0,2,63,0,65,88,0,88,153
05/05/2019,HFD,CT,ANE,EN,Federal Contract Tower,0,6,14,2,22,0,0,0,6,6,0,6,14,8,28,0,0,0,28
05/06/2019,HFD,CT,ANE,EN,Federal Contract Tower,0,0,7,0,7,0,0,98,0,98,0,0,105,0,105,92,0,92,197
05/07/2019,HFD,CT,ANE,EN,Federal Contract Tower,0,1,9,0,10,0,1,77,4,82,0,2,86,4,92,88,6,94,186
05/08/2019,HFD,CT,ANE,EN,Federal Contract Tower,0,0,11,0,11,0,0,87,0,87,0,0,98,0,98,30,0,30,128
05/09/2019,HFD,CT,ANE,EN,Federal Contract Tower,0,1,12,1,14,0,0,78,1,79,0,1,90,2,93,42,0,42,135
05/10/2019,HFD,CT,ANE,EN,Federal Contract Tower,0,1,23,0,24,0,0,2,0,2,0,1,25,0,26,4,0,4,30
05/11/2019,HFD,CT,ANE,EN,Federal Contract Tower,0,0,10,0,10,0,0,125,0,125,0,0,135,0,135,86,0,86,221
05/12/2019,HFD,CT,ANE,EN,Federal Contract Tower,0,2,4,0,6,0,0,0,0,0,0,2,4,0,6,0,0,0,6
05/13/2019,HFD,CT,ANE,EN,Federal Contract Tower,0,1,9,0,10,0,0,32,0,32,0,1,41,0,42,38,0,38,80
05/14/2019,HFD,CT,ANE,EN,Federal Contract Tower,0,0,13,0,13,0,0,19,0,19,0,0,32,0,32,86,0,86,118
05/15/2019,HFD,CT,ANE,EN,Federal Contract Tower,0,1,14,0,15,0,2,115,2,119,0,3,129,2,134,62,0,62,196
05/16/2019,HFD,CT,ANE,EN,Federal Contract Tower,0,5,8,0,13,0,0,131,0,131,0,5,139,0,144,124,4,128,272
05/17/2019,HFD,CT,ANE,EN,Federal Contract Tower,0,0,20,0,20,0,0,51,0,51,0,0,71,0,71,94,0,94,165
05/18/2019,HFD,CT,ANE,EN,Federal Contract Tower,0,0,14,0,14,0,0,126,0,126,0,0,140,0,140,112,2,114,254
05/19/2019,HFD,CT,ANE,EN,Federal Contract Tower,0,0,17,0,17,0,0,45,0,45,0,0,62,0,62,34,0,34,96
05/20/2019,HFD,CT,ANE,EN,Federal Contract Tower,0,2,5,0,7,0,0,22,0,22,0,2,27,0,29,24,0,24,53
05/21/2019,HFD,CT,ANE,EN,Federal Contract Tower,0,0,10,0,10,0,0,26,0,26,0,0,36,0,36,0,0,0,36
05/22/2019,HFD,CT,ANE,EN,Federal Contract Tower,0,4,16,0,20,0,1,114,1,116,0,5,130,1,136,148,6,154,290
05/23/2019,HFD,CT,ANE,EN,Federal Contract Tower,0,1,14,0,15,0,0,39,0,39,0,1,53,0,54,86,0,86,140
05/24/2019,HFD,CT,ANE,EN,Federal Contract Tower,0,0,7,0,7,0,0,22,0,22,0,0,29,0,29,8,0,8,37
05/25/2019,HFD,CT,ANE,EN,Federal Contract Tower,0,0,11,0,11,0,0,106,0,106,0,0,117,0,117,40,0,40,157
05/26/2019,HFD,CT,ANE,EN,Federal Contract Tower,0,0,5,0,5,0,0,46,0,46,0,0,51,0,51,42,0,42,93
05/27/2019,HFD,CT,ANE,EN,Federal Contract Tower,0,0,3,0,3,0,0,107,0,107,0,0,110,0,110,170,0,170,280
05/28/2019,HFD,CT,ANE,EN,Federal Contract Tower,0,3,17,0,20,0,2,20,0,22,0,5,37,0,42,116,0,116,158
05/29/2019,HFD,CT,ANE,EN,Federal Contract Tower,0,7,26,0,33,0,0,26,0,26,0,7,52,0,59,168,0,168,227
05/30/2019,HFD,CT,ANE,EN,Federal Contract Tower,0,6,27,0,33,0,0,12,0,12,0,6,39,0,45,60,0,60,105
05/31/2019,HFD,CT,ANE,EN,Federal Contract Tower,0,3,11,0,14,0,1,115,0,116,0,4,126,0,130,146,0,146,276
06/01/2019,HFD,CT,ANE,EN,Federal Contract Tower,0,0,13,0,13,0,0,122,0,122,0,0,135,0,135,58,0,58,193
06/02/2019,HFD,CT,ANE,EN,Federal Contract Tower,0,0,11,0,11,0,0,27,0,27,0,0,38,0,38,24,0,24,62
06/03/2019,HFD,CT,ANE,EN,Federal Contract Tower,0,0,8,0,8,0,0,75,0,75,0,0,83,0,83,24,0,24,107
06/04/2019,HFD,CT,ANE,EN,Federal Contract Tower,0,4,7,0,11,0,0,84,0,84,0,4,91,0,95,38,0,38,133
06/05/2019,HFD,CT,ANE,EN,Federal Contract Tower,0,5,8,0,13,0,2,84,0,86,0,7,92,0,99,84,0,84,183
06/06/2019,HFD,CT,ANE,EN,Federal Contract Tower,0,0,11,0,11,0,0,93,0,93,0,0,104,0,104,94,0,94,198
06/07/2019,HFD,CT,ANE,EN,Federal Contract Tower,0,0,7,0,7,0,0,121,0,121,0,0,128,0,128,62,0,62,190
06/08/2019,HFD,CT,ANE,EN,Federal Contract Tower,0,0,5,0,5,0,0,145,0,145,0,0,150,0,150,188,0,188,338
06/09/2019,HFD,CT,ANE,EN,Federal Contract Tower,0,0,1,0,1,0,0,94,0,94,0,0,95,0,95,28,0,28,123
06/10/2019,HFD,CT,ANE,EN,Federal Contract Tower,0,4,9,0,13,0,0,39,0,39,0,4,48,0,52,62,0,62,114
06/11/2019,HFD,CT,ANE,EN,Federal Contract Tower,0,0,4,1,5,0,0,38,1,39,0,0,42,2,44,12,0,12,56
06/12/2019,HFD,CT,ANE,EN,Federal Contract Tower,0,0,10,0,10,0,0,160,0,160,0,0,170,0,170,50,0,50,220
06/13/2019,HFD,CT,ANE,EN,Federal Contract Tower,0,3,8,0,11,0,0,8,0,8,0,3,16,0,19,12,0,12,31
06/14/2019,HFD,CT,ANE,EN,Federal Contract Tower,0,0,11,0,11,0,0,75,0,75,0,0,86,0,86,64,0,64,150
06/15/2019,HFD,CT,ANE,EN,Federal Contract Tower,0,0,9,0,9,0,0,101,0,101,0,0,110,0,110,54,0,54,164
06/16/2019,HFD,CT,ANE,EN,Federal Contract Tower,0,1,9,0,10,0,0,17,0,17,0,1,26,0,27,8,0,8,35
06/17/2019,HFD,CT,ANE,EN,Federal Contract Tower,0,2,12,0,14,0,0,106,0,106,0,2,118,0,120,156,0,156,276
06/18/2019,HFD,CT,ANE,EN,Federal Contract Tower,0,3,22,0,25,0,0,1,0,1,0,3,23,0,26,0,0,0,26
06/19/2019,HFD,CT,ANE,EN,Federal Contract Tower,0,6,23,0,29,0,1,5,0,6,0,7,28,0,35,58,0,58,93
06/20/2019,HFD,CT,ANE,EN,Federal Contract Tower,0,2,7,0,9,0,0,0,0,0,0,2,7,0,9,0,0,0,9
06/21/2019,HFD,CT,ANE,EN,Federal Contract Tower,0,4,24,0,28,0,0,31,0,31,0,4,55,0,59,46,0,46,105
06/22/2019,HFD,CT,ANE,EN,Federal Contract Tower,0,1,8,0,9,0,0,75,0,75,0,1,83,0,84,32,0,32,116
06/23/2019,HFD,CT,ANE,EN,Federal Contract Tower,0,8,6,0,14,0,0,127,0,127,0,8,133,0,141,46,0,46,187
06/24/2019,HFD,CT,ANE,EN,Federal Contract Tower,0,6,6,0,12,0,0,144,0,144,0,6,150,0,156,140,0,140,296
06/25/2019,HFD,CT,ANE,EN,Federal Contract Tower,0,0,10,0,10,0,0,1,0,1,0,0,11,0,11,0,0,0,11
06/26/2019,HFD,CT,ANE,EN,Federal Contract Tower,0,3,6,0,9,0,1,121,0,122,0,4,127,0,131,126,0,126,257
06/27/2019,HFD,CT,ANE,EN,Federal Contract Tower,0,0,6,0,6,0,0,128,0,128,0,0,134,0,134,114,0,114,248
06/28/2019,HFD,CT,ANE,EN,Federal Contract Tower,0,0,7,1,8,0,0,138,0,138,0,0,145,1,146,42,0,42,188
06/29/2019,HFD,CT,ANE,EN,Federal Contract Tower,0,1,9,0,10,0,0,56,0,56,0,1,65,0,66,114,0,114,180
06/30/2019,HFD,CT,ANE,EN,Federal Contract Tower,0,1,6,0,7,0,4,31,0,35,0,5,37,0,42,44,0,44,86
07/01/2019,HFD,CT,ANE,EN,Federal Contract Tower,0,0,8,2,10,0,0,95,0,95,0,0,103,2,105,100,0,100,205
07/02/2019,HFD,CT,ANE,EN,Federal Contract Tower,0,0,6,0,6,0,0,84,0,84,0,0,90,0,90,64,0,64,154
07/03/2019,HFD,CT,ANE,EN,Federal Contract Tower,0,2,7,2,11,0,1,90,1,92,0,3,97,3,103,74,0,74,177
07/04/2019,HFD,CT,ANE,EN,Federal Contract Tower,0,0,6,0,6,0,0,37,0,37,0,0,43,0,43,16,0,16,59
07/05/2019,HFD,CT,ANE,EN,Federal Contract Tower,0,1,15,0,16,0,2,93,0,95,0,3,108,0,111,86,0,86,197
07/06/2019,HFD,CT,ANE,EN,Federal Contract Tower,0,0,5,0,5,0,0,19,0,19,0,0,24,0,24,36,0,36,60
07/07/2019,HFD,CT,ANE,EN,Federal Contract Tower,0,1,11,0,12,0,0,89,0,89,0,1,100,0,101,50,0,50,151
07/08/2019,HFD,CT,ANE,EN,Federal Contract Tower,0,0,17,0,17,0,0,117,0,117,0,0,134,0,134,142,0,142,276
07/09/2019,HFD,CT,ANE,EN,Federal Contract Tower,0,0,11,0,11,0,2,144,0,146,0,2,155,0,157,114,0,114,271
07/10/2019,HFD,CT,ANE,EN,Federal Contract Tower,0,5,10,1,16,0,5,108,0,113,0,10,118,1,129,168,0,168,297
07/11/2019,HFD,CT,ANE,EN,Federal Contract Tower,0,0,17,6,23,0,0,85,0,85,0,0,102,6,108,150,32,182,290
07/12/2019,HFD,CT,ANE,EN,Federal Contract Tower,0,0,9,0,9,0,0,39,0,39,0,0,48,0,48,24,0,24,72
07/13/2019,HFD,CT,ANE,EN,Federal Contract Tower,0,0,14,0,14,0,2,106,0,108,0,2,120,0,122,26,0,26,148
07/14/2019,HFD,CT,ANE,EN,Federal Contract Tower,0,2,10,0,12,0,0,72,0,72,0,2,82,0,84,59,0,59,143
07/15/2019,HFD,CT,ANE,EN,Federal Contract Tower,0,2,8,0,10,0,0,117,0,117,0,2,125,0,127,82,0,82,209
07/16/2019,HFD,CT,ANE,EN,Federal Contract Tower,0,1,15,0,16,0,0,102,0,102,0,1,117,0,118,114,0,114,232
07/17/2019,HFD,CT,ANE,EN,Federal Contract Tower,0,2,15,0,17,0,0,39,0,39,0,2,54,0,56,72,0,72,128
07/18/2019,HFD,CT,ANE,EN,Federal Contract Tower,0,2,37,0,39,0,0,9,0,9,0,2,46,0,48,28,0,28,76
07/19/2019,HFD,CT,ANE,EN,Federal Contract Tower,0,0,11,0,11,0,0,104,0,104,0,0,115,0,115,126,0,126,241
07/20/2019,HFD,CT,ANE,EN,Federal Contract Tower,0,0,11,0,11,0,0,54,0,54,0,0,65,0,65,28,0,28,93
07/21/2019,HFD,CT,ANE,EN,Federal Contract Tower,0,2,4,0,6,0,0,81,0,81,0,2,85,0,87,34,0,34,121
07/22/2019,HFD,CT,ANE,EN,Federal Contract Tower,0,0,14,0,14,0,0,52,0,52,0,0,66,0,66,0,0,0,66
07/23/2019,HFD,CT,ANE,EN,Federal Contract Tower,0,3,33,2,38,0,0,16,0,16,0,3,49,2,54,16,6,22,76
07/24/2019,HFD,CT,ANE,EN,Federal Contract Tower,0,3,9,2,14,0,0,120,4,124,0,3,129,6,138,48,0,48,186
07/25/2019,HFD,CT,ANE,EN,Federal Contract Tower,0,1,15,0,16,0,0,148,0,148,0,1,163,0,164,80,0,80,244
07/26/2019,HFD,CT,ANE,EN,Federal Contract Tower,0,8,16,0,24,0,0,100,0,100,0,8,116,0,124,114,0,114,238
07/27/2019,HFD,CT,ANE,EN,Federal Contract Tower,0,0,5,0,5,0,0,82,0,82,0,0,87,0,87,64,0,64,151
07/28/2019,HFD,CT,ANE,EN,Federal Contract Tower,0,1,6,0,7,0,0,75,0,75,0,1,81,0,82,36,0,36,118
07/29/2019,HFD,CT,ANE,EN,Federal Contract Tower,0,0,10,0,10,0,2,67,0,69,0,2,77,0,79,48,0,48,127
07/30/2019,HFD,CT,ANE,EN,Federal Contract Tower,0,0,16,0,16,0,0,87,0,87,0,0,103,0,103,102,8,110,213
07/31/2019,HFD,CT,ANE,EN,Federal Contract Tower,0,2,14,0,16,0,0,41,0,41,0,2,55,0,57,22,0,22,79
08/01/2019,HFD,CT,ANE,EN,Federal Contract Tower,0,2,12,0,14,0,1,119,0,120,0,3,131,0,134,104,0,104,238
08/02/2019,HFD,CT,ANE,EN,Federal Contract Tower,0,2,14,0,16,0,0,135,0,135,0,2,149,0,151,86,0,86,237
08/03/2019,HFD,CT,ANE,EN,Federal Contract Tower,0,3,7,1,11,0,1,46,2,49,0,4,53,3,60,78,0,78,138
08/04/2019,HFD,CT,ANE,EN,Federal Contract Tower,0,6,16,0,22,0,1,90,0,91,0,7,106,0,113,22,0,22,135
08/05/2019,HFD,CT,ANE,EN,Federal Contract Tower,0,0,15,0,15,0,1,116,0,117,0,1,131,0,132,88,0,88,220
08/06/2019,HFD,CT,ANE,EN,Federal Contract Tower,0,2,34,0,36,0,0,52,0,52,0,2,86,0,88,144,0,144,232
08/09/2019,HFD,CT,ANE,EN,Federal Contract Tower,0,1,9,0,10,0,2,103,0,105,0,3,112,0,115,36,0,36,151
08/10/2019,HFD,CT,ANE,EN,Federal Contract Tower,0,0,3,0,3,0,0,82,0,82,0,0,85,0,85,90,0,90,175
08/11/2019,HFD,CT,ANE,EN,Federal Contract Tower,0,0,10,0,10,0,2,100,0,102,0,2,110,0,112,10,0,10,122
08/12/2019,HFD,CT,ANE,EN,Federal Contract Tower,0,0,16,0,16,0,1,99,0,100,0,1,115,0,116,36,0,36,152
08/13/2019,HFD,CT,ANE,EN,Federal Contract Tower,0,1,11,0,12,0,2,20,0,22,0,3,31,0,34,100,12,112,146
08/14/2019,HFD,CT,ANE,EN,Federal Contract Tower,0,0,25,1,26,0,0,63,0,63,0,0,88,1,89,86,0,86,175
08/15/2019,HFD,CT,ANE,EN,Federal Contract Tower,0,0,16,0,16,0,0,140,2,142,0,0,156,2,158,144,0,144,302
08/16/2019,HFD,CT,ANE,EN,Federal Contract Tower,0,0,20,0,20,0,0,92,0,92,0,0,112,0,112,86,0,86,198
08/17/2019,HFD,CT,ANE,EN,Federal Contract Tower,0,0,22,0,22,0,0,41,0,41,0,0,63,0,63,48,0,48,111
08/18/2019,HFD,CT,ANE,EN,Federal Contract Tower,0,0,11,0,11,0,2,65,0,67,0,2,76,0,78,74,0,74,152
08/19/2019,HFD,CT,ANE,EN,Federal Contract Tower,0,0,12,0,12,0,0,53,0,53,0,0,65,0,65,62,0,62,127
08/20/2019,HFD,CT,ANE,EN,Federal Contract Tower,0,2,12,0,14,0,0,106,0,106,0,2,118,0,120,70,0,70,190
08/21/2019,HFD,CT,ANE,EN,Federal Contract Tower,0,5,11,0,16,0,0,9,0,9,0,5,20,0,25,0,0,0,25
08/22/2019,HFD,CT,ANE,EN,Federal Contract Tower,0,2,21,0,23,0,0,72,0,72,0,2,93,0,95,70,0,70,165
08/23/2019,HFD,CT,ANE,EN,Federal Contract Tower,0,1,7,0,8,0,0,69,0,69,0,1,76,0,77,68,0,68,145
08/24/2019,HFD,CT,ANE,EN,Federal Contract Tower,0,0,11,0,11,0,0,127,0,127,0,0,138,0,138,110,0,110,248
08/25/2019,HFD,CT,ANE,EN,Federal Contract Tower,0,0,9,0,9,0,1,59,0,60,0,1,68,0,69,42,0,42,111
08/26/2019,HFD,CT,ANE,EN,Federal Contract Tower,0,0,12,0,12,0,0,126,0,126,0,0,138,0,138,88,0,88,226
08/27/2019,HFD,CT,ANE,EN,Federal Contract Tower,0,0,9,0,9,0,0,100,0,100,0,0,109,0,109,126,0,126,235
08/28/2019,HFD,CT,ANE,EN,Federal Contract Tower,0,3,6,0,9,0,0,37,0,37,0,3,43,0,46,50,0,50,96
08/29/2019,HFD,CT,ANE,EN,Federal Contract Tower,0,0,111,0,111,0,0,0,0,0,0,0,111,0,111,28,0,28,139
08/30/2019,HFD,CT,ANE,EN,Federal Contract Tower,0,2,16,0,18,0,1,115,0,116,0,3,131,0,134,42,0,42,176
08/31/2019,HFD,CT,ANE,EN,Federal Contract Tower,0,0,13,0,13,0,0,127,0,127,0,0,140,0,140,170,0,170,310
09/01/2019,HFD,CT,ANE,EN,Federal Contract Tower,0,0,6,0,6,0,0,109,0,109,0,0,115,0,115,94,0,94,209
09/02/2019,HFD,CT,ANE,EN,Federal Contract Tower,0,0,14,0,14,0,0,42,0,42,0,0,56,0,56,40,0,40,96
09/03/2019,HFD,CT,ANE,EN,Federal Contract Tower,0,0,11,0,11,0,0,99,0,99,0,0,110,0,110,146,0,146,256
09/04/2019,HFD,CT,ANE,EN,Federal Contract Tower,0,3,18,0,21,0,0,9,0,9,0,3,27,0,30,18,0,18,48
09/05/2019,HFD,CT,ANE,EN,Federal Contract Tower,0,0,10,0,10,0,0,106,0,106,0,0,116,0,116,110,0,110,226
09/06/2019,HFD,CT,ANE,EN,Federal Contract Tower,0,2,8,0,10,0,0,40,0,40,0,2,48,0,50,10,0,10,60
09/07/2019,HFD,CT,ANE,EN,Federal Contract Tower,0,2,4,0,6,0,0,48,0,48,0,2,52,0,54,8,0,8,62
09/08/2019,HFD,CT,ANE,EN,Federal Contract Tower,0,4,11,0,15,0,0,71,0,71,0,4,82,0,86,2,0,2,88
09/09/2019,HFD,CT,ANE,EN,Federal Contract Tower,0,1,14,0,15,0,0,62,0,62,0,1,76,0,77,24,0,24,101
09/10/2019,HFD,CT,ANE,EN,Federal Contract Tower,0,0,20,0,20,0,0,81,0,81,0,0,101,0,101,114,6,120,221
09/11/2019,HFD,CT,ANE,EN,Federal Contract Tower,0,0,7,0,7,0,4,56,0,60,0,4,63,0,67,0,44,44,111
09/12/2019,HFD,CT,ANE,EN,Federal Contract Tower,0,1,17,0,18,0,0,2,0,2,0,1,19,0,20,2,0,2,22
09/13/2019,HFD,CT,ANE,EN,Federal Contract Tower,0,6,16,0,22,0,0,93,0,93,0,6,109,0,115,68,0,68,183
09/14/2019,HFD,CT,ANE,EN,Federal Contract Tower,0,0,7,0,7,0,0,28,0,28,0,0,35,0,35,38,0,38,73
09/15/2019,HFD,CT,ANE,EN,Federal Contract Tower,0,0,6,1,7,0,0,104,1,105,0,0,110,2,112,57,0,57,169
09/16/2019,HFD,CT,ANE,EN,Federal Contract Tower,0,0,11,0,11,0,0,87,0,87,0,0,98,0,98,30,0,30,128
09/17/2019,HFD,CT,ANE,EN,Federal Contract Tower,0,0,9,0,9,0,1,118,0,119,0,1,127,0,128,90,0,90,218
09/18/2019,HFD,CT,ANE,EN,Federal Contract Tower,0,3,17,0,20,0,1,79,2,82,0,4,96,2,102,76,0,76,178
09/19/2019,HFD,CT,ANE,EN,Federal Contract Tower,0,4,4,0,8,0,4,142,0,146,0,8,146,0,154,128,0,128,282
09/20/2019,HFD,CT,ANE,EN,Federal Contract Tower,0,5,7,0,12,0,1,108,0,109,0,6,115,0,121,48,0,48,169
09/21/2019,HFD,CT,ANE,EN,Federal Contract Tower,0,0,5,0,5,0,0,115,0,115,0,0,120,0,120,78,0,78,198
09/22/2019,HFD,CT,ANE,EN,Federal Contract Tower,0,0,9,0,9,0,1,119,1,121,0,1,128,1,130,54,0,54,184
09/23/2019,HFD,CT,ANE,EN,Federal Contract Tower,0,0,5,0,5,0,2,77,0,79,0,2,82,0,84,116,0,116,200
09/24/2019,HFD,CT,ANE,EN,Federal Contract Tower,0,0,5,0,5,0,0,55,0,55,0,0,60,0,60,82,0,82,142
09/25/2019,HFD,CT,ANE,EN,Federal Contract Tower,0,1,12,0,13,0,0,124,4,128,0,1,136,4,141,104,0,104,245
09/26/2019,HFD,CT,ANE,EN,Federal Contract Tower,0,0,7,0,7,0,0,69,0,69,0,0,76,0,76,58,0,58,134
09/27/2019,HFD,CT,ANE,EN,Federal Contract Tower,0,0,9,0,9,0,0,124,0,124,0,0,133,0,133,38,0,38,171
09/28/2019,HFD,CT,ANE,EN,Federal Contract Tower,0,2,9,0,11,0,0,108,0,108,0,2,117,0,119,28,0,28,147
09/29/2019,HFD,CT,ANE,EN,Federal Contract Tower,0,1,6,0,7,0,0,88,0,88,0,1,94,0,95,40,0,40,135
09/30/2019,HFD,CT,ANE,EN,Federal Contract Tower,0,3,17,0,20,0,0,89,0,89,0,3,106,0,109,72,0,72,181
10/01/2019,HFD,CT,ANE,EN,Federal Contract Tower,0,0,23,0,23,0,0,22,0,22,0,0,45,0,45,48,0,48,93
10/02/2019,HFD,CT,ANE,EN,Federal Contract Tower,0,2,9,0,11,0,0,63,0,63,0,2,72,0,74,18,0,18,92
10/03/2019,HFD,CT,ANE,EN,Federal Contract Tower,0,2,17,0,19,0,0,32,0,32,0,2,49,0,51,34,0,34,85
10/04/2019,HFD,CT,ANE,EN,Federal Contract Tower,0,1,14,0,15,0,0,20,0,20,0,1,34,0,35,8,0,8,43
10/05/2019,HFD,CT,ANE,EN,Federal Contract Tower,0,0,20,0,20,0,0,98,0,98,0,0,118,0,118,32,0,32,150
10/06/2019,HFD,CT,ANE,EN,Federal Contract Tower,0,0,14,0,14,0,0,38,0,38,0,0,52,0,52,26,0,26,78
10/07/2019,HFD,CT,ANE,EN,Federal Contract Tower,0,0,15,0,15,0,0,15,0,15,0,0,30,0,30,10,0,10,40
10/09/2019,HFD,CT,ANE,EN,Federal Contract Tower,0,1,12,0,13,0,0,13,0,13,0,1,25,0,26,2,0,2,28
10/10/2019,HFD,CT,ANE,EN,Federal Contract Tower,0,0,7,0,7,0,0,9,6,15,0,0,16,6,22,4,4,8,30
10/11/2019,HFD,CT,ANE,EN,Federal Contract Tower,0,0,10,0,10,0,0,22,0,22,0,0,32,0,32,2,0,2,34
10/12/2019,HFD,CT,ANE,EN,Federal Contract Tower,0,0,31,0,31,0,0,59,0,59,0,0,90,0,90,138,0,138,228
10/13/2019,HFD,CT,ANE,EN,Federal Contract Tower,0,0,2,0,2,0,0,112,0,112,0,0,114,0,114,42,0,42,156
10/14/2019,HFD,CT,ANE,EN,Federal Contract Tower,0,0,15,0,15,0,0,85,0,85,0,0,100,0,100,4,0,4,104
10/15/2019,HFD,CT,ANE,EN,Federal Contract Tower,0,0,12,0,12,0,0,131,0,131,0,0,143,0,143,104,0,104,247
10/16/2019,HFD,CT,ANE,EN,Federal Contract Tower,0,0,7,2,9,0,0,72,0,72,0,0,79,2,81,36,0,36,117
10/17/2019,HFD,CT,ANE,EN,Federal Contract Tower,0,0,3,0,3,0,0,1,0,1,0,0,4,0,4,2,0,2,6
10/18/2019,HFD,CT,ANE,EN,Federal Contract Tower,0,5,10,0,15,0,0,57,0,57,0,5,67,0,72,12,0,12,84
10/19/2019,HFD,CT,ANE,EN,Federal Contract Tower,0,0,12,0,12,0,0,130,0,130,0,0,142,0,142,50,0,50,192
10/20/2019,HFD,CT,ANE,EN,Federal Contract Tower,0,0,12,0,12,0,0,82,0,82,0,0,94,0,94,22,0,22,116
10/21/2019,HFD,CT,ANE,EN,Federal Contract Tower,0,4,11,0,15,0,0,105,0,105,0,4,116,0,120,138,0,138,258
10/22/2019,HFD,CT,ANE,EN,Federal Contract Tower,0,7,26,1,34,0,0,26,0,26,0,7,52,1,60,170,0,170,230
10/23/2019,HFD,CT,ANE,EN,Federal Contract Tower,0,1,16,0,17,0,1,92,0,93,0,2,108,0,110,120,0,120,230
10/24/2019,HFD,CT,ANE,EN,Federal Contract Tower,0,2,7,0,9,0,0,157,0,157,0,2,164,0,166,106,0,106,272
10/25/2019,HFD,CT,ANE,EN,Federal Contract Tower,0,3,12,0,15,0,0,131,0,131,0,3,143,0,146,124,0,124,270
10/26/2019,HFD,CT,ANE,EN,Federal Contract Tower,0,2,8,0,10,0,0,136,0,136,0,2,144,0,146,54,0,54,200
10/27/2019,HFD,CT,ANE,EN,Federal Contract Tower,0,0,5,0,5,0,0,0,0,0,0,0,5,0,5,0,0,0,5
10/28/2019,HFD,CT,ANE,EN,Federal Contract Tower,0,0,24,0,24,0,0,81,0,81,0,0,105,0,105,210,0,210,315
10/29/2019,HFD,CT,ANE,EN,Federal Contract Tower,0,0,15,0,15,0,0,4,0,4,0,0,19,0,19,0,0,0,19
10/30/2019,HFD,CT,ANE,EN,Federal Contract Tower,0,0,18,0,18,0,0,1,0,1,0,0,19,0,19,0,0,0,19
10/31/2019,HFD,CT,ANE,EN,Federal Contract Tower,0,0,6,0,6,0,0,0,0,0,0,0,6,0,6,0,0,0,6
11/01/2019,HFD,CT,ANE,EN,Federal Contract Tower,0,0,9,0,9,0,0,21,0,21,0,0,30,0,30,0,0,0,30
11/02/2019,HFD,CT,ANE,EN,Federal Contract Tower,0,0,10,0,10,0,0,134,0,134,0,0,144,0,144,156,0,156,300
11/03/2019,HFD,CT,ANE,EN,Federal Contract Tower,0,0,10,0,10,0,0,99,0,99,0,0,109,0,109,110,0,110,219
11/04/2019,HFD,CT,ANE,EN,Federal Contract Tower,0,0,8,0,8,0,0,121,8,129,0,0,129,8,137,100,0,100,237
11/05/2019,HFD,CT,ANE,EN,Federal Contract Tower,0,2,11,0,13,0,0,48,0,48,0,2,59,0,61,186,0,186,247
11/06/2019,HFD,CT,ANE,EN,Federal Contract Tower,0,0,0,0,0,0,1,108,0,109,0,1,108,0,109,100,2,102,211
11/07/2019,HFD,CT,ANE,EN,Federal Contract Tower,0,4,7,0,11,0,0,60,0,60,0,4,67,0,71,104,0,104,175
11/08/2019,HFD,CT,ANE,EN,Federal Contract Tower,0,0,0,0,0,0,0,22,0,22,0,0,22,0,22,10,14,24,46
11/09/2019,HFD,CT,ANE,EN,Federal Contract Tower,0,0,4,0,4,0,0,104,0,104,0,0,108,0,108,78,0,78,186
11/10/2019,HFD,CT,ANE,EN,Federal Contract Tower,0,0,6,0,6,0,0,79,0,79,0,0,85,0,85,37,0,37,122
11/11/2019,HFD,CT,ANE,EN,Federal Contract Tower,0,0,13,0,13,0,0,83,0,83,0,0,96,0,96,72,0,72,168
11/12/2019,HFD,CT,ANE,EN,Federal Contract Tower,0,0,6,0,6,0,0,7,0,7,0,0,13,0,13,0,0,0,13
11/13/2019,HFD,CT,ANE,EN,Federal Contract Tower,0,0,6,0,6,0,0,71,2,73,0,0,77,2,79,50,0,50,129
11/14/2019,HFD,CT,ANE,EN,Federal Contract Tower,0,0,4,0,4,0,0,100,0,100,0,0,104,0,104,76,0,76,180
11/15/2019,HFD,CT,ANE,EN,Federal Contract Tower,0,0,11,0,11,0,0,149,0,149,0,0,160,0,160,96,0,96,256
11/16/2019,HFD,CT,ANE,EN,Federal Contract Tower,0,3,2,0,5,0,2,81,0,83,0,5,83,0,88,80,0,80,168
11/17/2019,HFD,CT,ANE,EN,Federal Contract Tower,0,0,5,0,5,0,0,71,0,71,0,0,76,0,76,76,0,76,152
11/18/2019,HFD,CT,ANE,EN,Federal Contract Tower,0,0,13,0,13,0,0,4,0,4,0,0,17,0,17,0,0,0,17
11/19/2019,HFD,CT,ANE,EN,Federal Contract Tower,0,2,11,0,13,0,0,10,0,10,0,2,21,0,23,74,0,74,97
11/20/2019,HFD,CT,ANE,EN,Federal Contract Tower,0,1,14,2,17,0,0,6,0,6,0,1,20,2,23,0,0,0,23
11/21/2019,HFD,CT,ANE,EN,Federal Contract Tower,0,1,10,1,12,0,0,141,0,141,0,1,151,1,153,126,0,126,279
11/22/2019,HFD,CT,ANE,EN,Federal Contract Tower,0,4,18,1,23,0,0,28,0,28,0,4,46,1,51,64,0,64,115
11/23/2019,HFD,CT,ANE,EN,Federal Contract Tower,0,1,6,0,7,0,0,91,0,91,0,1,97,0,98,18,0,18,116
11/24/2019,HFD,CT,ANE,EN,Federal Contract Tower,0,0,1,0,1,0,0,0,0,0,0,0,1,0,1,0,0,0,1
11/25/2019,HFD,CT,ANE,EN,Federal Contract Tower,0,0,15,0,15,0,0,95,0,95,0,0,110,0,110,124,0,124,234
11/26/2019,HFD,CT,ANE,EN,Federal Contract Tower,0,2,6,0,8,0,0,119,0,119,0,2,125,0,127,130,0,130,257
11/27/2019,HFD,CT,ANE,EN,Federal Contract Tower,0,3,16,0,19,0,0,21,0,21,0,3,37,0,40,32,0,32,72
11/28/2019,HFD,CT,ANE,EN,Federal Contract Tower,0,0,3,0,3,0,0,2,0,2,0,0,5,0,5,0,0,0,5
11/29/2019,HFD,CT,ANE,EN,Federal Contract Tower,0,3,4,0,7,0,2,63,0,65,0,5,67,0,72,38,0,38,110
11/30/2019,HFD,CT,ANE,EN,Federal Contract Tower,0,2,10,0,12,0,0,92,0,92,0,2,102,0,104,84,0,84,188
12/01/2019,HFD,CT,ANE,EN,Federal Contract Tower,0,0,7,0,7,0,0,5,0,5,0,0,12,0,12,6,0,6,18
12/02/2019,HFD,CT,ANE,EN,Federal Contract Tower,0,0,0,0,0,0,0,0,0,0,0,0,0,0,0,0,0,0,0
12/03/2019,HFD,CT,ANE,EN,Federal Contract Tower,0,0,1,0,1,0,0,11,0,11,0,0,12,0,12,6,0,6,18
12/04/2019,HFD,CT,ANE,EN,Federal Contract Tower,0,1,9,0,10,0,2,71,0,73,0,3,80,0,83,156,0,156,239
12/05/2019,HFD,CT,ANE,EN,Federal Contract Tower,0,1,2,0,3,0,0,76,0,76,0,1,78,0,79,58,0,58,137
12/06/2019,HFD,CT,ANE,EN,Federal Contract Tower,0,0,11,0,11,0,0,52,0,52,0,0,63,0,63,112,0,112,175
12/07/2019,HFD,CT,ANE,EN,Federal Contract Tower,0,0,3,0,3,0,0,125,0,125,0,0,128,0,128,102,0,102,230
12/08/2019,HFD,CT,ANE,EN,Federal Contract Tower,0,0,12,0,12,0,0,82,0,82,0,0,94,0,94,138,0,138,232
12/09/2019,HFD,CT,ANE,EN,Federal Contract Tower,0,0,5,0,5,0,0,0,0,0,0,0,5,0,5,0,0,0,5
12/10/2019,HFD,CT,ANE,EN,Federal Contract Tower,0,0,13,0,13,0,0,3,0,3,0,0,16,0,16,0,0,0,16
12/11/2019,HFD,CT,ANE,EN,Federal Contract Tower,0,2,2,0,4,0,0,28,0,28,0,2,30,0,32,0,0,0,32
12/12/2019,HFD,CT,ANE,EN,Federal Contract Tower,0,2,2,0,4,0,4,53,2,59,0,6,55,2,63,10,0,10,73
12/13/2019,HFD,CT,ANE,EN,Federal Contract Tower,0,0,4,0,4,0,0,29,0,29,0,0,33,0,33,8,0,8,41
12/14/2019,HFD,CT,ANE,EN,Federal Contract Tower,0,0,0,0,0,0,0,0,0,0,0,0,0,0,0,0,0,0,0
12/15/2019,HFD,CT,ANE,EN,Federal Contract Tower,0,2,6,0,8,0,0,26,0,26,0,2,32,0,34,20,0,20,54
12/16/2019,HFD,CT,ANE,EN,Federal Contract Tower,0,0,6,0,6,0,0,48,1,49,0,0,54,1,55,114,0,114,169
12/17/2019,HFD,CT,ANE,EN,Federal Contract Tower,0,0,1,0,1,0,0,0,0,0,0,0,1,0,1,0,0,0,1
12/18/2019,HFD,CT,ANE,EN,Federal Contract Tower,0,0,9,0,9,0,0,23,0,23,0,0,32,0,32,52,0,52,84
12/19/2019,HFD,CT,ANE,EN,Federal Contract Tower,0,0,4,0,4,0,0,57,0,57,0,0,61,0,61,18,0,18,79
12/20/2019,HFD,CT,ANE,EN,Federal Contract Tower,0,0,5,0,5,0,0,0,0,0,0,0,5,0,5,50,0,50,55
12/21/2019,HFD,CT,ANE,EN,Federal Contract Tower,0,0,3,0,3,0,0,73,0,73,0,0,76,0,76,74,0,74,150
12/22/2019,HFD,CT,ANE,EN,Federal Contract Tower,0,2,6,0,8,0,2,78,0,80,0,4,84,0,88,67,0,67,155
12/23/2019,HFD,CT,ANE,EN,Federal Contract Tower,0,0,3,0,3,0,0,113,0,113,0,0,116,0,116,42,0,42,158
12/24/2019,HFD,CT,ANE,EN,Federal Contract Tower,0,0,2,0,2,0,2,43,0,45,0,2,45,0,47,6,0,6,53
12/25/2019,HFD,CT,ANE,EN,Federal Contract Tower,0,0,1,0,1,0,0,5,0,5,0,0,6,0,6,0,0,0,6
12/26/2019,HFD,CT,ANE,EN,Federal Contract Tower,0,3,9,0,12,0,0,16,0,16,0,3,25,0,28,58,0,58,86
12/27/2019,HFD,CT,ANE,EN,Federal Contract Tower,0,0,11,0,11,0,0,13,0,13,0,0,24,0,24,26,0,26,50
12/28/2019,HFD,CT,ANE,EN,Federal Contract Tower,0,0,5,0,5,0,0,85,0,85,0,0,90,0,90,32,0,32,122
12/29/2019,HFD,CT,ANE,EN,Federal Contract Tower,0,0,1,0,1,0,0,79,0,79,0,0,80,0,80,50,0,50,130
12/30/2019,HFD,CT,ANE,EN,Federal Contract Tower,0,0,0,0,0,0,0,0,0,0,0,0,0,0,0,0,0,0,0
12/31/2019,HFD,CT,ANE,EN,Federal Contract Tower,0,0,5,0,5,0,0,3,0,3,0,0,8,0,8,0,0,0,8
01/01/2020,HFD,CT,ANE,EN,Federal Contract Tower,0,0,2,0,2,0,2,26,0,28,0,2,28,0,30,32,0,32,62
01/02/2020,HFD,CT,ANE,EN,Federal Contract Tower,0,0,3,0,3,0,0,98,0,98,0,0,101,0,101,32,0,32,133
01/03/2020,HFD,CT,ANE,EN,Federal Contract Tower,0,0,4,0,4,0,0,20,0,20,0,0,24,0,24,34,0,34,58
01/04/2020,HFD,CT,ANE,EN,Federal Contract Tower,0,0,3,0,3,0,0,0,0,0,0,0,3,0,3,0,0,0,3
01/05/2020,HFD,CT,ANE,EN,Federal Contract Tower,0,0,4,0,4,0,0,19,0,19,0,0,23,0,23,0,0,0,23
01/06/2020,HFD,CT,ANE,EN,Federal Contract Tower,0,0,5,0,5,0,0,23,0,23,0,0,28,0,28,34,0,34,62
01/07/2020,HFD,CT,ANE,EN,Federal Contract Tower,0,0,5,0,5,0,0,66,0,66,0,0,71,0,71,74,0,74,145
01/08/2020,HFD,CT,ANE,EN,Federal Contract Tower,0,0,2,0,2,0,0,31,0,31,0,0,33,0,33,44,0,44,77
01/09/2020,HFD,CT,ANE,EN,Federal Contract Tower,0,0,4,0,4,0,0,103,0,103,0,0,107,0,107,86,0,86,193
01/10/2020,HFD,CT,ANE,EN,Federal Contract Tower,0,0,15,0,15,0,0,33,0,33,0,0,48,0,48,58,0,58,106
01/11/2020,HFD,CT,ANE,EN,Federal Contract Tower,0,0,6,0,6,0,0,30,0,30,0,0,36,0,36,0,0,0,36
01/12/2020,HFD,CT,ANE,EN,Federal Contract Tower,0,0,6,0,6,0,0,3,2,5,0,0,9,2,11,6,20,26,37
01/13/2020,HFD,CT,ANE,EN,Federal Contract Tower,0,0,18,0,18,0,0,10,0,10,0,0,28,0,28,84,0,84,112
01/14/2020,HFD,CT,ANE,EN,Federal Contract Tower,0,1,13,0,14,0,0,50,0,50,0,1,63,0,64,56,0,56,120
01/15/2020,HFD,CT,ANE,EN,Federal Contract Tower,0,2,8,0,10,0,0,114,0,114,0,2,122,0,124,164,0,164,288
01/16/2020,HFD,CT,ANE,EN,Federal Contract Tower,0,0,6,0,6,0,0,8,0,8,0,0,14,0,14,8,0,8,22
01/17/2020,HFD,CT,ANE,EN,Federal Contract Tower,0,0,2,0,2,0,0,39,0,39,0,0,41,0,41,54,0,54,95
01/18/2020,HFD,CT,ANE,EN,Federal Contract Tower,0,0,5,0,5,0,0,47,0,47,0,0,52,0,52,60,0,60,112
01/19/2020,HFD,CT,ANE,EN,Federal Contract Tower,0,0,1,0,1,0,0,18,0,18,0,0,19,0,19,10,0,10,29
01/20/2020,HFD,CT,ANE,EN,Federal Contract Tower,0,0,5,0,5,0,0,36,2,38,0,0,41,2,43,80,0,80,123
01/21/2020,HFD,CT,ANE,EN,Federal Contract Tower,0,2,11,0,13,0,1,62,0,63,0,3,73,0,76,86,0,86,162
01/22/2020,HFD,CT,ANE,EN,Federal Contract Tower,0,0,6,0,6,0,0,99,0,99,0,0,105,0,105,116,6,122,227
01/23/2020,HFD,CT,ANE,EN,Federal Contract Tower,0,0,11,0,11,0,0,86,0,86,0,0,97,0,97,92,0,92,189
01/24/2020,HFD,CT,ANE,EN,Federal Contract Tower,0,1,9,0,10,0,0,92,0,92,0,1,101,0,102,126,0,126,228
01/25/2020,HFD,CT,ANE,EN,Federal Contract Tower,0,0,0,0,0,0,0,0,0,0,0,0,0,0,0,8,0,8,8
01/26/2020,HFD,CT,ANE,EN,Federal Contract Tower,0,0,8,0,8,0,0,58,0,58,0,0,66,0,66,104,0,104,170
01/27/2020,HFD,CT,ANE,EN,Federal Contract Tower,0,0,6,0,6,0,0,55,0,55,0,0,61,0,61,0,62,62,123
01/28/2020,HFD,CT,ANE,EN,Federal Contract Tower,0,2,0,0,2,0,0,29,0,29,0,2,29,0,31,14,0,14,45
01/29/2020,HFD,CT,ANE,EN,Federal Contract Tower,0,5,11,0,16,0,0,81,4,85,0,5,92,4,101,132,0,132,233
01/30/2020,HFD,CT,ANE,EN,Federal Contract Tower,0,2,10,0,12,0,0,90,0,90,0,2,100,0,102,96,0,96,198
01/31/2020,HFD,CT,ANE,EN,Federal Contract Tower,0,0,6,0,6,0,1,70,0,71,0,1,76,0,77,100,0,100,177
02/01/2020,HFD,CT,ANE,EN,Federal Contract Tower,0,0,4,0,4,0,0,0,0,0,0,0,4,0,4,0,0,0,4
02/02/2020,HFD,CT,ANE,EN,Federal Contract Tower,0,0,5,0,5,0,0,71,0,71,0,0,76,0,76,74,0,74,150
02/03/2020,HFD,CT,ANE,EN,Federal Contract Tower,0,1,9,0,10,0,0,82,0,82,0,1,91,0,92,190,0,190,282
02/04/2020,HFD,CT,ANE,EN,Federal Contract Tower,0,3,11,0,14,0,0,63,0,63,0,3,74,0,77,144,0,144,221
02/05/2020,HFD,CT,ANE,EN,Federal Contract Tower,0,0,5,0,5,0,0,96,0,96,0,0,101,0,101,158,0,158,259
02/06/2020,HFD,CT,ANE,EN,Federal Contract Tower,0,0,0,0,0,0,0,0,0,0,0,0,0,0,0,0,0,0,0
02/07/2020,HFD,CT,ANE,EN,Federal Contract Tower,0,0,3,0,3,0,0,0,0,0,0,0,3,0,3,0,0,0,3
02/08/2020,HFD,CT,ANE,EN,Federal Contract Tower,0,0,4,0,4,0,0,63,1,64,0,0,67,1,68,118,28,146,214
02/09/2020,HFD,CT,ANE,EN,Federal Contract Tower,0,0,9,0,9,0,0,90,0,90,0,0,99,0,99,108,0,108,207
02/10/2020,HFD,CT,ANE,EN,Federal Contract Tower,0,0,6,0,6,0,0,44,0,44,0,0,50,0,50,44,0,44,94
02/11/2020,HFD,CT,ANE,EN,Federal Contract Tower,0,0,2,0,2,0,0,2,0,2,0,0,4,0,4,10,0,10,14
02/12/2020,HFD,CT,ANE,EN,Federal Contract Tower,0,3,12,0,15,0,1,117,0,118,0,4,129,0,133,124,2,126,259
02/13/2020,HFD,CT,ANE,EN,Federal Contract Tower,0,0,2,0,2,0,0,0,2,2,0,0,2,2,4,0,14,14,18
02/14/2020,HFD,CT,ANE,EN,Federal Contract Tower,0,0,6,0,6,0,0,26,0,26,0,0,32,0,32,24,0,24,56
02/15/2020,HFD,CT,ANE,EN,Federal Contract Tower,0,0,13,0,13,0,0,114,0,114,0,0,127,0,127,120,0,120,247
02/16/2020,HFD,CT,ANE,EN,Federal Contract Tower,0,0,5,0,5,0,0,88,0,88,0,0,93,0,93,88,0,88,181
02/17/2020,HFD,CT,ANE,EN,Federal Contract Tower,0,0,11,0,11,0,0,102,0,102,0,0,113,0,113,82,0,82,195
02/18/2020,HFD,CT,ANE,EN,Federal Contract Tower,0,3,5,0,8,0,0,1,0,1,0,3,6,0,9,12,0,12,21
02/19/2020,HFD,CT,ANE,EN,Federal Contract Tower,0,0,11,0,11,0,0,43,0,43,0,0,54,0,54,42,12,54,108
02/20/2020,HFD,CT,ANE,EN,Federal Contract Tower,0,0,8,0,8,0,1,95,0,96,0,1,103,0,104,108,0,108,212
02/21/2020,HFD,CT,ANE,EN,Federal Contract Tower,0,5,9,0,14,0,2,75,0,77,0,7,84,0,91,60,0,60,151
02/22/2020,HFD,CT,ANE,EN,Federal Contract Tower,0,0,7,0,7,0,0,97,0,97,0,0,104,0,104,60,0,60,164
02/23/2020,HFD,CT,ANE,EN,Federal Contract Tower,0,0,8,0,8,0,0,121,0,121,0,0,129,0,129,88,2,90,219
02/24/2020,HFD,CT,ANE,EN,Federal Contract Tower,0,0,4,0,4,0,0,134,0,134,0,0,138,0,138,130,0,130,268
02/25/2020,HFD,CT,ANE,EN,Federal Contract Tower,0,0,12,0,12,0,0,47,0,47,0,0,59,0,59,2,134,136,195
02/26/2020,HFD,CT,ANE,EN,Federal Contract Tower,0,8,9,0,17,0,0,5,0,5,0,8,14,0,22,26,0,26,48
02/27/2020,HFD,CT,ANE,EN,Federal Contract Tower,0,5,0,0,5,0,5,0,0,5,0,10,0,0,10,0,0,0,10
02/28/2020,HFD,CT,ANE,EN,Federal Contract Tower,0,1,11,0,12,0,0,45,0,45,0,1,56,0,57,34,0,34,91
02/29/2020,HFD,CT,ANE,EN,Federal Contract Tower,0,2,10,0,12,0,0,53,0,53,0,2,63,0,65,92,0,92,157
03/01/2020,HFD,CT,ANE,EN,Federal Contract Tower,0,0,7,0,7,0,0,51,0,51,0,0,58,0,58,46,0,46,104
03/02/2020,HFD,CT,ANE,EN,Federal Contract Tower,0,1,10,0,11,0,0,80,0,80,0,1,90,0,91,20,0,20,111
03/03/2020,HFD,CT,ANE,EN,Federal Contract Tower,0,1,6,0,7,0,0,38,0,38,0,1,44,0,45,20,0,20,65
03/04/2020,HFD,CT,ANE,EN,Federal Contract Tower,0,3,11,0,14,0,1,20,0,21,0,4,31,0,35,26,2,28,63
03/05/2020,HFD,CT,ANE,EN,Federal Contract Tower,0,0,9,0,9,0,1,104,2,107,0,1,113,2,116,70,0,70,186
03/06/2020,HFD,CT,ANE,EN,Federal Contract Tower,0,0,13,0,13,0,0,69,0,69,0,0,82,0,82,134,0,134,216
03/07/2020,HFD,CT,ANE,EN,Federal Contract Tower,0,0,4,0,4,0,0,57,0,57,0,0,61,0,61,54,0,54,115
03/08/2020,HFD,CT,ANE,EN,Federal Contract Tower,0,0,9,0,9,0,0,97,0,97,0,0,106,0,106,80,0,80,186
03/09/2020,HFD,CT,ANE,EN,Federal Contract Tower,0,0,9,0,9,0,1,79,0,80,0,1,88,0,89,76,0,76,165
03/10/2020,HFD,CT,ANE,EN,Federal Contract Tower,0,2,12,0,14,0,2,39,0,41,0,4,51,0,55,34,0,34,89
03/11/2020,HFD,CT,ANE,EN,Federal Contract Tower,0,2,17,0,19,0,2,88,0,90,0,4,105,0,109,80,0,80,189
03/12/2020,HFD,CT,ANE,EN,Federal Contract Tower,0,0,13,0,13,0,0,35,0,35,0,0,48,0,48,58,0,58,106
03/13/2020,HFD,CT,ANE,EN,Federal Contract Tower,0,0,3,0,3,0,0,1,0,1,0,0,4,0,4,6,0,6,10
03/14/2020,HFD,CT,ANE,EN,Federal Contract Tower,0,0,5,0,5,0,0,80,0,80,0,0,85,0,85,80,0,80,165
03/15/2020,HFD,CT,ANE,EN,Federal Contract Tower,0,0,5,0,5,0,0,114,0,114,0,0,119,0,119,96,0,96,215
03/16/2020,HFD,CT,ANE,EN,Federal Contract Tower,0,0,8,0,8,0,0,64,0,64,0,0,72,0,72,84,0,84,156
03/17/2020,HFD,CT,ANE,EN,Federal Contract Tower,0,0,2,0,2,0,0,0,0,0,0,0,2,0,2,0,0,0,2
03/18/2020,HFD,CT,ANE,EN,Federal Contract Tower,0,7,0,0,7,0,1,83,0,84,0,8,83,0,91,74,2,76,167
03/19/2020,HFD,CT,ANE,EN,Federal Contract Tower,0,0,1,0,1,0,0,0,0,0,0,0,1,0,1,0,0,0,1
03/20/2020,HFD,CT,ANE,EN,Federal Contract Tower,0,0,4,0,4,0,0,4,0,4,0,0,8,0,8,6,0,6,14
03/21/2020,HFD,CT,ANE,EN,Federal Contract Tower,0,0,7,0,7,0,0,54,0,54,0,0,61,0,61,48,0,48,109
03/22/2020,HFD,CT,ANE,EN,Federal Contract Tower,0,3,7,0,10,0,1,99,0,100,0,4,106,0,110,106,0,106,216
03/23/2020,HFD,CT,ANE,EN,Federal Contract Tower,0,0,1,0,1,0,0,2,0,2,0,0,3,0,3,0,0,0,3
03/24/2020,HFD,CT,ANE,EN,Federal Contract Tower,0,0,5,2,7,0,0,29,0,29,0,0,34,2,36,48,0,48,84
03/25/2020,HFD,CT,ANE,EN,Federal Contract Tower,0,0,0,0,0,0,0,8,2,10,0,0,8,2,10,30,0,30,40
03/26/2020,HFD,CT,ANE,EN,Federal Contract Tower,0,0,2,0,2,0,6,54,0,60,0,6,56,0,62,46,4,50,112
03/27/2020,HFD,CT,ANE,EN,Federal Contract Tower,0,0,4,0,4,0,0,44,0,44,0,0,48,0,48,14,0,14,62
03/28/2020,HFD,CT,ANE,EN,Federal Contract Tower,0,0,3,0,3,0,0,59,0,59,0,0,62,0,62,92,0,92,154
03/29/2020,HFD,CT,ANE,EN,Federal Contract Tower,0,0,0,0,0,0,0,0,0,0,0,0,0,0,0,0,0,0,0
03/30/2020,HFD,CT,ANE,EN,Federal Contract Tower,0,0,4,0,4,0,0,1,0,1,0,0,5,0,5,0,0,0,5
03/31/2020,HFD,CT,ANE,EN,Federal Contract Tower,0,0,2,0,2,0,0,18,0,18,0,0,20,0,20,90,0,90,110
04/01/2020,HFD,CT,ANE,EN,Federal Contract Tower,0,0,0,0,0,0,1,60,0,61,0,1,60,0,61,58,8,66,127
04/02/2020,HFD,CT,ANE,EN,Federal Contract Tower,0,1,0,0,1,0,0,5,0,5,0,1,5,0,6,0,0,0,6
04/03/2020,HFD,CT,ANE,EN,Federal Contract Tower,0,1,2,0,3,0,0,3,0,3,0,1,5,0,6,16,0,16,22
04/04/2020,HFD,CT,ANE,EN,Federal Contract Tower,0,0,7,0,7,0,0,31,0,31,0,0,38,0,38,124,0,124,162
04/05/2020,HFD,CT,ANE,EN,Federal Contract Tower,0,0,9,0,9,0,0,31,0,31,0,0,40,0,40,68,0,68,108
04/06/2020,HFD,CT,ANE,EN,Federal Contract Tower,0,0,7,0,7,0,0,59,0,59,0,0,66,0,66,54,0,54,120
04/07/2020,HFD,CT,ANE,EN,Federal Contract Tower,0,0,1,0,1,0,0,50,0,50,0,0,51,0,51,26,0,26,77
04/08/2020,HFD,CT,ANE,EN,Federal Contract Tower,0,0,13,0,13,0,0,14,0,14,0,0,27,0,27,48,0,48,75
04/09/2020,HFD,CT,ANE,EN,Federal Contract Tower,0,0,0,0,0,0,0,0,0,0,0,0,0,0,0,0,0,0,0
04/10/2020,HFD,CT,ANE,EN,Federal Contract Tower,0,0,0,0,0,0,0,4,0,4,0,0,4,0,4,0,0,0,4
04/11/2020,HFD,CT,ANE,EN,Federal Contract Tower,0,0,0,0,0,0,0,16,0,16,0,0,16,0,16,26,0,26,42
04/12/2020,HFD,CT,ANE,EN,Federal Contract Tower,0,0,3,0,3,0,1,69,0,70,0,1,72,0,73,38,0,38,111
04/13/2020,HFD,CT,ANE,EN,Federal Contract Tower,0,0,0,0,0,0,0,0,0,0,0,0,0,0,0,0,0,0,0
04/14/2020,HFD,CT,ANE,EN,Federal Contract Tower,0,0,5,0,5,0,0,60,0,60,0,0,65,0,65,26,0,26,91
04/15/2020,HFD,CT,ANE,EN,Federal Contract Tower,0,0,4,0,4,0,0,18,0,18,0,0,22,0,22,6,0,6,28
04/16/2020,HFD,CT,ANE,EN,Federal Contract Tower,0,0,0,0,0,0,1,10,2,13,0,1,10,2,13,18,0,18,31
04/17/2020,HFD,CT,ANE,EN,Federal Contract Tower,0,0,1,0,1,0,0,34,0,34,0,0,35,0,35,20,0,20,55
04/18/2020,HFD,CT,ANE,EN,Federal Contract Tower,0,0,0,0,0,0,0,0,0,0,0,0,0,0,0,0,0,0,0
04/19/2020,HFD,CT,ANE,EN,Federal Contract Tower,0,0,0,0,0,0,0,56,0,56,0,0,56,0,56,12,0,12,68
04/20/2020,HFD,CT,ANE,EN,Federal Contract Tower,0,0,1,0,1,0,0,58,0,58,0,0,59,0,59,100,0,100,159
04/21/2020,HFD,CT,ANE,EN,Federal Contract Tower,0,0,2,0,2,0,0,6,0,6,0,0,8,0,8,12,0,12,20
04/22/2020,HFD,CT,ANE,EN,Federal Contract Tower,0,0,1,0,1,0,0,5,0,5,0,0,6,0,6,0,0,0,6
04/23/2020,HFD,CT,ANE,EN,Federal Contract Tower,0,0,2,2,4,0,2,85,0,87,0,2,87,2,91,136,0,136,227
04/24/2020,HFD,CT,ANE,EN,Federal Contract Tower,0,0,7,0,7,0,0,1,0,1,0,0,8,0,8,14,0,14,22
04/25/2020,HFD,CT,ANE,EN,Federal Contract Tower,0,0,2,0,2,0,0,115,0,115,0,0,117,0,117,94,0,94,211
04/26/2020,HFD,CT,ANE,EN,Federal Contract Tower,0,0,0,0,0,0,0,15,0,15,0,0,15,0,15,60,0,60,75
04/27/2020,HFD,CT,ANE,EN,Federal Contract Tower,0,0,10,0,10,0,0,0,0,0,0,0,10,0,10,0,0,0,10
04/28/2020,HFD,CT,ANE,EN,Federal Contract Tower,0,2,7,0,9,0,0,71,0,71,0,2,78,0,80,100,0,100,180
04/29/2020,HFD,CT,ANE,EN,Federal Contract Tower,0,0,5,2,7,0,0,77,0,77,0,0,82,2,84,122,6,128,212
04/30/2020,HFD,CT,ANE,EN,Federal Contract Tower,0,0,2,1,3,0,0,0,0,0,0,0,2,1,3,0,0,0,3
05/01/2020,HFD,CT,ANE,EN,Federal Contract Tower,0,0,8,0,8,0,0,5,0,5,0,0,13,0,13,70,0,70,83
05/02/2020,HFD,CT,ANE,EN,Federal Contract Tower,0,0,6,0,6,0,0,79,0,79,0,0,85,0,85,112,0,112,197
05/03/2020,HFD,CT,ANE,EN,Federal Contract Tower,0,0,8,0,8,0,0,59,0,59,0,0,67,0,67,58,0,58,125
05/04/2020,HFD,CT,ANE,EN,Federal Contract Tower,0,0,1,0,1,0,2,32,0,34,0,2,33,0,35,62,0,62,97
05/05/2020,HFD,CT,ANE,EN,Federal Contract Tower,0,0,3,0,3,0,3,50,0,53,0,3,53,0,56,39,0,39,95
05/06/2020,HFD,CT,ANE,EN,Federal Contract Tower,0,0,9,0,9,0,3,60,0,63,0,3,69,0,72,76,0,76,148
05/07/2020,HFD,CT,ANE,EN,Federal Contract Tower,0,0,9,0,9,0,0,92,0,92,0,0,101,0,101,74,2,76,177
05/08/2020,HFD,CT,ANE,EN,Federal Contract Tower,0,0,4,0,4,0,0,47,0,47,0,0,51,0,51,118,0,118,169
05/09/2020,HFD,CT,ANE,EN,Federal Contract Tower,0,0,0,0,0,0,0,0,0,0,0,0,0,0,0,0,0,0,0
05/10/2020,HFD,CT,ANE,EN,Federal Contract Tower,0,0,4,0,4,0,0,16,0,16,0,0,20,0,20,8,0,8,28
05/11/2020,HFD,CT,ANE,EN,Federal Contract Tower,0,0,6,0,6,0,0,13,0,13,0,0,19,0,19,110,0,110,129
05/12/2020,HFD,CT,ANE,EN,Federal Contract Tower,0,0,1,0,1,0,1,47,0,48,0,1,48,0,49,86,2,88,137
05/13/2020,HFD,CT,ANE,EN,Federal Contract Tower,0,0,3,0,3,0,2,62,0,64,0,2,65,0,67,88,0,88,155
05/14/2020,HFD,CT,ANE,EN,Federal Contract Tower,0,0,1,0,1,0,3,124,0,127,0,3,125,0,128,142,0,142,270
05/15/2020,HFD,CT,ANE,EN,Federal Contract Tower,0,0,4,0,4,0,0,32,0,32,0,0,36,0,36,36,0,36,72
05/16/2020,HFD,CT,ANE,EN,Federal Contract Tower,0,0,8,0,8,0,0,78,2,80,0,0,86,2,88,132,0,132,220
05/17/2020,HFD,CT,ANE,EN,Federal Contract Tower,0,0,2,0,2,0,0,89,0,89,0,0,91,0,91,100,0,100,191
05/18/2020,HFD,CT,ANE,EN,Federal Contract Tower,0,0,5,0,5,0,0,64,0,64,0,0,69,0,69,94,0,94,163
05/19/2020,HFD,CT,ANE,EN,Federal Contract Tower,0,0,4,0,4,0,1,37,0,38,0,1,41,0,42,46,0,46,88
05/20/2020,HFD,CT,ANE,EN,Federal Contract Tower,0,2,13,0,15,0,6,105,0,111,0,8,118,0,126,124,0,124,250
05/21/2020,HFD,CT,ANE,EN,Federal Contract Tower,0,0,7,0,7,0,7,119,0,126,0,7,126,0,133,130,0,130,263
05/22/2020,HFD,CT,ANE,EN,Federal Contract Tower,0,0,15,0,15,0,1,105,0,106,0,1,120,0,121,144,0,144,265
05/23/2020,HFD,CT,ANE,EN,Federal Contract Tower,0,0,10,0,10,0,0,1,0,1,0,0,11,0,11,0,0,0,11
05/24/2020,HFD,CT,ANE,EN,Federal Contract Tower,0,0,11,0,11,0,0,88,0,88,0,0,99,0,99,136,0,136,235
05/25/2020,HFD,CT,ANE,EN,Federal Contract Tower,0,0,23,0,23,0,0,4,0,4,0,0,27,0,27,16,0,16,43
05/26/2020,HFD,CT,ANE,EN,Federal Contract Tower,0,0,17,1,18,0,0,50,0,50,0,0,67,1,68,64,0,64,132
05/27/2020,HFD,CT,ANE,EN,Federal Contract Tower,0,0,13,0,13,0,2,68,0,70,0,2,81,0,83,70,0,70,153
05/28/2020,HFD,CT,ANE,EN,Federal Contract Tower,0,0,18,0,18,0,0,4,0,4,0,0,22,0,22,8,0,8,30
05/29/2020,HFD,CT,ANE,EN,Federal Contract Tower,0,0,10,0,10,0,0,0,0,0,0,0,10,0,10,10,0,10,20
05/30/2020,HFD,CT,ANE,EN,Federal Contract Tower,0,0,10,0,10,0,0,66,0,66,0,0,76,0,76,72,0,72,148
05/31/2020,HFD,CT,ANE,EN,Federal Contract Tower,0,0,5,0,5,0,0,78,0,78,0,0,83,0,83,60,0,60,143
06/01/2020,HFD,CT,ANE,EN,Federal Contract Tower,0,0,9,0,9,0,0,73,0,73,0,0,82,0,82,90,0,90,172
06/02/2020,HFD,CT,ANE,EN,Federal Contract Tower,0,0,9,0,9,0,3,99,0,102,0,3,108,0,111,190,0,190,301
06/03/2020,HFD,CT,ANE,EN,Federal Contract Tower,0,0,12,0,12,0,0,71,0,71,0,0,83,0,83,0,118,118,201
06/04/2020,HFD,CT,ANE,EN,Federal Contract Tower,0,1,14,0,15,0,9,97,2,108,0,10,111,2,123,52,2,54,177
06/05/2020,HFD,CT,ANE,EN,Federal Contract Tower,0,1,14,0,15,0,0,25,0,25,0,1,39,0,40,32,0,32,72
06/06/2020,HFD,CT,ANE,EN,Federal Contract Tower,0,0,9,0,9,0,0,27,2,29,0,0,36,2,38,60,0,60,98
06/07/2020,HFD,CT,ANE,EN,Federal Contract Tower,0,0,10,0,10,0,0,54,0,54,0,0,64,0,64,86,0,86,150
06/08/2020,HFD,CT,ANE,EN,Federal Contract Tower,0,0,3,0,3,0,1,94,0,95,0,1,97,0,98,112,0,112,210
06/09/2020,HFD,CT,ANE,EN,Federal Contract Tower,0,2,9,2,13,0,1,112,0,113,0,3,121,2,126,108,0,108,234
06/10/2020,HFD,CT,ANE,EN,Federal Contract Tower,0,0,9,0,9,0,0,73,0,73,0,0,82,0,82,108,0,108,190
06/11/2020,HFD,CT,ANE,EN,Federal Contract Tower,0,0,4,0,4,0,0,0,0,0,0,0,4,0,4,0,0,0,4
06/12/2020,HFD,CT,ANE,EN,Federal Contract Tower,0,0,8,0,8,0,0,124,0,124,0,0,132,0,132,160,14,174,306
06/13/2020,HFD,CT,ANE,EN,Federal Contract Tower,0,0,8,0,8,0,0,118,0,118,0,0,126,0,126,124,0,124,250
06/14/2020,HFD,CT,ANE,EN,Federal Contract Tower,0,0,0,0,0,0,0,82,0,82,0,0,82,0,82,98,0,98,180
06/15/2020,HFD,CT,ANE,EN,Federal Contract Tower,0,0,10,0,10,0,2,78,0,80,0,2,88,0,90,118,0,118,208
06/16/2020,HFD,CT,ANE,EN,Federal Contract Tower,0,0,16,0,16,0,2,102,4,108,0,2,118,4,124,167,7,174,298
06/17/2020,HFD,CT,ANE,EN,Federal Contract Tower,0,1,15,0,16,0,1,118,0,119,0,2,133,0,135,184,16,200,335
06/18/2020,HFD,CT,ANE,EN,Federal Contract Tower,0,5,25,0,30,0,1,97,0,98,0,6,122,0,128,118,0,118,246
06/19/2020,HFD,CT,ANE,EN,Federal Contract Tower,0,0,14,0,14,0,0,75,0,75,0,0,89,0,89,126,0,126,215
06/20/2020,HFD,CT,ANE,EN,Federal Contract Tower,0,0,8,0,8,0,0,99,0,99,0,0,107,0,107,102,0,102,209
06/21/2020,HFD,CT,ANE,EN,Federal Contract Tower,0,4,11,0,15,0,0,77,0,77,0,4,88,0,92,28,0,28,120
06/22/2020,HFD,CT,ANE,EN,Federal Contract Tower,0,22,14,0,36,0,0,106,0,106,0,22,120,0,142,138,0,138,280
06/23/2020,HFD,CT,ANE,EN,Federal Contract Tower,0,8,11,2,21,0,0,108,0,108,0,8,119,2,129,98,0,98,227
06/24/2020,HFD,CT,ANE,EN,Federal Contract Tower,0,0,3,1,4,0,0,39,0,39,0,0,42,1,43,72,12,84,127
06/25/2020,HFD,CT,ANE,EN,Federal Contract Tower,0,0,7,0,7,0,5,124,0,129,0,5,131,0,136,152,0,152,288
06/26/2020,HFD,CT,ANE,EN,Federal Contract Tower,0,4,11,0,15,0,0,152,0,152,0,4,163,0,167,146,0,146,313
06/27/2020,HFD,CT,ANE,EN,Federal Contract Tower,0,2,6,1,9,0,0,46,0,46,0,2,52,1,55,76,0,76,131
06/28/2020,HFD,CT,ANE,EN,Federal Contract Tower,0,18,9,0,27,0,1,28,0,29,0,19,37,0,56,148,0,148,204
06/29/2020,HFD,CT,ANE,EN,Federal Contract Tower,0,3,11,0,14,0,0,31,0,31,0,3,42,0,45,52,0,52,97
06/30/2020,HFD,CT,ANE,EN,Federal Contract Tower,0,2,11,0,13,0,3,6,0,9,0,5,17,0,22,18,0,18,40
07/01/2020,HFD,CT,ANE,EN,Federal Contract Tower,0,2,14,0,16,0,0,32,0,32,0,2,46,0,48,70,0,70,118
07/02/2020,HFD,CT,ANE,EN,Federal Contract Tower,0,4,12,0,16,0,0,123,0,123,0,4,135,0,139,88,0,88,227
07/03/2020,HFD,CT,ANE,EN,Federal Contract Tower,0,0,8,0,8,0,0,40,0,40,0,0,48,0,48,54,0,54,102
07/04/2020,HFD,CT,ANE,EN,Federal Contract Tower,0,0,4,0,4,0,0,57,0,57,0,0,61,0,61,74,0,74,135
07/05/2020,HFD,CT,ANE,EN,Federal Contract Tower,0,0,19,0,19,0,0,73,0,73,0,0,92,0,92,52,0,52,144
07/06/2020,HFD,CT,ANE,EN,Federal Contract Tower,0,0,9,0,9,0,3,75,0,78,0,3,84,0,87,94,0,94,181
07/07/2020,HFD,CT,ANE,EN,Federal Contract Tower,0,0,28,0,28,0,0,21,0,21,0,0,49,0,49,102,0,102,151
07/08/2020,HFD,CT,ANE,EN,Federal Contract Tower,0,0,7,0,7,0,0,24,0,24,0,0,31,0,31,26,0,26,57
07/09/2020,HFD,CT,ANE,EN,Federal Contract Tower,0,2,10,2,14,0,0,100,0,100,0,2,110,2,114,78,0,78,192
07/10/2020,HFD,CT,ANE,EN,Federal Contract Tower,0,0,11,0,11,0,0,3,0,3,0,0,14,0,14,16,0,16,30
07/11/2020,HFD,CT,ANE,EN,Federal Contract Tower,0,0,15,0,15,0,0,14,0,14,0,0,29,0,29,46,0,46,75
07/12/2020,HFD,CT,ANE,EN,Federal Contract Tower,0,0,11,0,11,0,0,125,0,125,0,0,136,0,136,146,0,146,282
07/13/2020,HFD,CT,ANE,EN,Federal Contract Tower,0,0,4,0,4,0,0,81,0,81,0,0,85,0,85,106,0,106,191
07/14/2020,HFD,CT,ANE,EN,Federal Contract Tower,0,0,7,2,9,0,0,88,0,88,0,0,95,2,97,110,0,110,207
07/15/2020,HFD,CT,ANE,EN,Federal Contract Tower,0,0,15,0,15,0,0,104,0,104,0,0,119,0,119,126,0,126,245
07/16/2020,HFD,CT,ANE,EN,Federal Contract Tower,0,0,9,3,12,0,0,141,1,142,0,0,150,4,154,118,8,126,280
07/17/2020,HFD,CT,ANE,EN,Federal Contract Tower,0,0,18,0,18,0,0,2,0,2,0,0,20,0,20,0,0,0,20
07/18/2020,HFD,CT,ANE,EN,Federal Contract Tower,0,0,1,0,1,0,0,111,0,111,0,0,112,0,112,94,0,94,206
07/19/2020,HFD,CT,ANE,EN,Federal Contract Tower,0,1,11,0,12,0,0,105,0,105,0,1,116,0,117,126,0,126,243
07/20/2020,HFD,CT,ANE,EN,Federal Contract Tower,0,0,10,0,10,0,0,54,0,54,0,0,64,0,64,66,0,66,130
07/21/2020,HFD,CT,ANE,EN,Federal Contract Tower,0,0,6,1,7,0,4,114,0,118,0,4,120,1,125,86,0,86,211
07/22/2020,HFD,CT,ANE,EN,Federal Contract Tower,0,2,13,0,15,0,0,63,2,65,0,2,76,2,80,104,4,108,188
07/23/2020,HFD,CT,ANE,EN,Federal Contract Tower,0,1,13,0,14,0,0,38,0,38,0,1,51,0,52,42,0,42,94
07/24/2020,HFD,CT,ANE,EN,Federal Contract Tower,0,1,12,1,14,0,0,109,0,109,0,1,121,1,123,106,0,106,229
07/25/2020,HFD,CT,ANE,EN,Federal Contract Tower,0,2,8,0,10,0,0,111,0,111,0,2,119,0,121,112,0,112,233
07/26/2020,HFD,CT,ANE,EN,Federal Contract Tower,0,2,4,0,6,0,2,59,0,61,0,4,63,0,67,62,0,62,129
07/27/2020,HFD,CT,ANE,EN,Federal Contract Tower,0,1,6,0,7,0,0,89,0,89,0,1,95,0,96,74,0,74,170
07/28/2020,HFD,CT,ANE,EN,Federal Contract Tower,0,1,13,0,14,0,0,62,0,62,0,1,75,0,76,62,22,84,160
07/29/2020,HFD,CT,ANE,EN,Federal Contract Tower,0,0,17,0,17,0,1,130,0,131,0,1,147,0,148,116,0,116,264
07/30/2020,HFD,CT,ANE,EN,Federal Contract Tower,0,0,6,0,6,0,0,62,0,62,0,0,68,0,68,70,28,98,166
07/31/2020,HFD,CT,ANE,EN,Federal Contract Tower,0,0,15,0,15,0,0,103,0,103,0,0,118,0,118,120,0,120,238
08/01/2020,HFD,CT,ANE,EN,Federal Contract Tower,0,0,4,0,4,0,0,129,0,129,0,0,133,0,133,62,0,62,195
08/02/2020,HFD,CT,ANE,EN,Federal Contract Tower,0,0,4,0,4,0,0,11,0,11,0,0,15,0,15,20,0,20,35
08/03/2020,HFD,CT,ANE,EN,Federal Contract Tower,0,0,3,0,3,0,0,107,0,107,0,0,110,0,110,86,2,88,198
08/06/2020,HFD,CT,ANE,EN,Federal Contract Tower,0,0,9,0,9,0,1,86,0,87,0,1,95,0,96,18,0,18,114
08/07/2020,HFD,CT,ANE,EN,Federal Contract Tower,0,0,15,0,15,0,0,54,0,54,0,0,69,0,69,68,0,68,137
08/08/2020,HFD,CT,ANE,EN,Federal Contract Tower,0,0,14,0,14,0,0,80,0,80,0,0,94,0,94,32,0,32,126
08/09/2020,HFD,CT,ANE,EN,Federal Contract Tower,0,0,6,0,6,0,0,102,0,102,0,0,108,0,108,68,0,68,176
08/10/2020,HFD,CT,ANE,EN,Federal Contract Tower,0,0,10,0,10,0,0,77,0,77,0,0,87,0,87,84,0,84,171
08/11/2020,HFD,CT,ANE,EN,Federal Contract Tower,0,2,10,2,14,0,4,64,0,68,0,6,74,2,82,68,0,68,150
08/12/2020,HFD,CT,ANE,EN,Federal Contract Tower,0,3,3,0,6,0,4,68,0,72,0,7,71,0,78,160,0,160,238
08/13/2020,HFD,CT,ANE,EN,Federal Contract Tower,0,0,22,0,22,0,0,101,0,101,0,0,123,0,123,108,0,108,231
08/14/2020,HFD,CT,ANE,EN,Federal Contract Tower,0,1,13,0,14,0,0,112,0,112,0,1,125,0,126,118,6,124,250
08/15/2020,HFD,CT,ANE,EN,Federal Contract Tower,0,0,12,0,12,0,0,55,0,55,0,0,67,0,67,80,0,80,147
08/16/2020,HFD,CT,ANE,EN,Federal Contract Tower,0,2,10,2,14,0,0,8,0,8,0,2,18,2,22,36,0,36,58
08/17/2020,HFD,CT,ANE,EN,Federal Contract Tower,0,0,16,0,16,0,0,93,0,93,0,0,109,0,109,108,0,108,217
08/18/2020,HFD,CT,ANE,EN,Federal Contract Tower,0,6,10,0,16,0,2,90,0,92,0,8,100,0,108,80,10,90,198
08/19/2020,HFD,CT,ANE,EN,Federal Contract Tower,0,0,10,0,10,0,2,91,0,93,0,2,101,0,103,84,4,88,191
08/20/2020,HFD,CT,ANE,EN,Federal Contract Tower,0,0,6,0,6,0,0,114,0,114,0,0,120,0,120,94,0,94,214
08/21/2020,HFD,CT,ANE,EN,Federal Contract Tower,0,2,10,0,12,0,2,144,0,146,0,4,154,0,158,70,0,70,228
08/22/2020,HFD,CT,ANE,EN,Federal Contract Tower,0,1,1,0,2,0,1,91,0,92,0,2,92,0,94,26,0,26,120
08/23/2020,HFD,CT,ANE,EN,Federal Contract Tower,0,0,6,0,6,0,0,86,0,86,0,0,92,0,92,66,0,66,158
08/24/2020,HFD,CT,ANE,EN,Federal Contract Tower,0,0,9,0,9,0,0,58,0,58,0,0,67,0,67,92,0,92,159
08/25/2020,HFD,CT,ANE,EN,Federal Contract Tower,0,4,12,0,16,0,2,75,0,77,0,6,87,0,93,62,0,62,155
08/26/2020,HFD,CT,ANE,EN,Federal Contract Tower,0,2,7,0,9,0,2,120,0,122,0,4,127,0,131,24,0,24,155
08/27/2020,HFD,CT,ANE,EN,Federal Contract Tower,0,0,19,0,19,0,0,17,0,17,0,0,36,0,36,16,0,16,52
08/28/2020,HFD,CT,ANE,EN,Federal Contract Tower,0,2,11,0,13,0,0,111,0,111,0,2,122,0,124,118,0,118,242
08/29/2020,HFD,CT,ANE,EN,Federal Contract Tower,0,2,5,0,7,0,0,2,0,2,0,2,7,0,9,0,0,0,9
08/30/2020,HFD,CT,ANE,EN,Federal Contract Tower,0,1,10,0,11,0,0,61,0,61,0,1,71,0,72,24,0,24,96
08/31/2020,HFD,CT,ANE,EN,Federal Contract Tower,0,2,9,0,11,0,1,115,0,116,0,3,124,0,127,194,0,194,321
09/01/2020,HFD,CT,ANE,EN,Federal Contract Tower,0,2,13,0,15,0,0,83,0,83,0,2,96,0,98,178,0,178,276
09/02/2020,HFD,CT,ANE,EN,Federal Contract Tower,0,2,10,0,12,0,0,0,0,0,0,2,10,0,12,0,0,0,12
09/03/2020,HFD,CT,ANE,EN,Federal Contract Tower,0,0,10,0,10,0,0,98,0,98,0,0,108,0,108,152,0,152,260
09/04/2020,HFD,CT,ANE,EN,Federal Contract Tower,0,0,5,0,5,0,0,0,0,0,0,0,5,0,5,86,0,86,91
09/05/2020,HFD,CT,ANE,EN,Federal Contract Tower,0,0,9,0,9,0,1,116,0,117,0,1,125,0,126,90,0,90,216
09/06/2020,HFD,CT,ANE,EN,Federal Contract Tower,0,0,8,0,8,0,1,71,0,72,0,1,79,0,80,24,0,24,104
09/07/2020,HFD,CT,ANE,EN,Federal Contract Tower,0,0,4,0,4,0,0,108,0,108,0,0,112,0,112,118,0,118,230
09/08/2020,HFD,CT,ANE,EN,Federal Contract Tower,0,2,7,0,9,0,2,71,0,73,0,4,78,0,82,136,0,136,218
09/09/2020,HFD,CT,ANE,EN,Federal Contract Tower,0,0,7,0,7,0,0,73,0,73,0,0,80,0,80,96,0,96,176
09/10/2020,HFD,CT,ANE,EN,Federal Contract Tower,0,2,11,0,13,0,0,0,0,0,0,2,11,0,13,0,0,0,13
09/11/2020,HFD,CT,ANE,EN,Federal Contract Tower,0,0,16,0,16,0,0,75,0,75,0,0,91,0,91,108,8,116,207
09/12/2020,HFD,CT,ANE,EN,Federal Contract Tower,0,0,10,0,10,0,0,138,0,138,0,0,148,0,148,76,0,76,224
09/13/2020,HFD,CT,ANE,EN,Federal Contract Tower,0,0,16,0,16,0,0,42,0,42,0,0,58,0,58,76,0,76,134
09/14/2020,HFD,CT,ANE,EN,Federal Contract Tower,0,6,6,1,13,0,0,54,1,55,0,6,60,2,68,52,6,58,126
09/15/2020,HFD,CT,ANE,EN,Federal Contract Tower,0,0,12,0,12,0,1,84,3,88,0,1,96,3,100,46,0,46,146
09/16/2020,HFD,CT,ANE,EN,Federal Contract Tower,0,3,7,0,10,0,0,88,0,88,0,3,95,0,98,62,0,62,160
09/17/2020,HFD,CT,ANE,EN,Federal Contract Tower,0,0,11,1,12,0,5,86,0,91,0,5,97,1,103,162,0,162,265
09/18/2020,HFD,CT,ANE,EN,Federal Contract Tower,0,0,29,0,29,0,0,57,0,57,0,0,86,0,86,54,0,54,140
09/19/2020,HFD,CT,ANE,EN,Federal Contract Tower,0,0,4,0,4,0,0,103,0,103,0,0,107,0,107,142,0,142,249
09/20/2020,HFD,CT,ANE,EN,Federal Contract Tower,0,0,5,0,5,0,0,67,0,67,0,0,72,0,72,51,0,51,123
09/21/2020,HFD,CT,ANE,EN,Federal Contract Tower,0,0,8,0,8,0,0,78,0,78,0,0,86,0,86,24,0,24,110
09/22/2020,HFD,CT,ANE,EN,Federal Contract Tower,0,1,4,0,5,0,0,61,2,63,0,1,65,2,68,42,4,46,114
09/23/2020,HFD,CT,ANE,EN,Federal Contract Tower,0,1,5,0,6,0,2,111,0,113,0,3,116,0,119,116,8,124,243
09/24/2020,HFD,CT,ANE,EN,Federal Contract Tower,0,6,5,0,11,0,1,110,0,111,0,7,115,0,122,88,0,88,210
09/25/2020,HFD,CT,ANE,EN,Federal Contract Tower,0,0,8,0,8,0,0,110,0,110,0,0,118,0,118,96,0,96,214
09/26/2020,HFD,CT,ANE,EN,Federal Contract Tower,0,0,12,0,12,0,0,83,0,83,0,0,95,0,95,176,0,176,271
09/27/2020,HFD,CT,ANE,EN,Federal Contract Tower,0,1,20,0,21,0,0,21,0,21,0,1,41,0,42,37,0,37,79
09/28/2020,HFD,CT,ANE,EN,Federal Contract Tower,0,1,14,0,15,0,0,27,0,27,0,1,41,0,42,88,0,88,130
09/29/2020,HFD,CT,ANE,EN,Federal Contract Tower,0,3,23,0,26,0,0,17,0,17,0,3,40,0,43,18,0,18,61
09/30/2020,HFD,CT,ANE,EN,Federal Contract Tower,0,0,4,0,4,0,0,20,0,20,0,0,24,0,24,8,0,8,32
10/01/2020,HFD,CT,ANE,EN,Federal Contract Tower,0,0,17,0,17,0,0,134,0,134,0,0,151,0,151,118,0,118,269
10/02/2020,HFD,CT,ANE,EN,Federal Contract Tower,0,0,7,0,7,0,0,62,0,62,0,0,69,0,69,54,0,54,123
10/03/2020,HFD,CT,ANE,EN,Federal Contract Tower,0,0,4,0,4,0,0,120,0,120,0,0,124,0,124,82,0,82,206
10/04/2020,HFD,CT,ANE,EN,Federal Contract Tower,0,0,10,0,10,0,0,100,0,100,0,0,110,0,110,56,0,56,166
10/05/2020,HFD,CT,ANE,EN,Federal Contract Tower,0,0,8,0,8,0,0,66,0,66,0,0,74,0,74,72,0,72,146
10/06/2020,HFD,CT,ANE,EN,Federal Contract Tower,0,3,9,0,12,0,1,52,0,53,0,4,61,0,65,76,0,76,141
10/07/2020,HFD,CT,ANE,EN,Federal Contract Tower,0,1,5,0,6,0,0,47,0,47,0,1,52,0,53,30,0,30,83
10/08/2020,HFD,CT,ANE,EN,Federal Contract Tower,0,3,1,1,5,0,0,31,0,31,0,3,32,1,36,16,0,16,52
10/09/2020,HFD,CT,ANE,EN,Federal Contract Tower,0,0,10,0,10,0,0,168,0,168,0,0,178,0,178,132,0,132,310
10/10/2020,HFD,CT,ANE,EN,Federal Contract Tower,0,0,8,0,8,0,0,68,0,68,0,0,76,0,76,92,0,92,168
10/11/2020,HFD,CT,ANE,EN,Federal Contract Tower,0,1,9,0,10,0,0,112,0,112,0,1,121,0,122,86,0,86,208
10/12/2020,HFD,CT,ANE,EN,Federal Contract Tower,0,0,22,0,22,0,0,11,0,11,0,0,33,0,33,58,0,58,91
10/13/2020,HFD,CT,ANE,EN,Federal Contract Tower,0,0,14,0,14,0,0,0,0,0,0,0,14,0,14,0,0,0,14
10/14/2020,HFD,CT,ANE,EN,Federal Contract Tower,0,2,8,0,10,0,2,121,0,123,0,4,129,0,133,78,0,78,211
10/15/2020,HFD,CT,ANE,EN,Federal Contract Tower,0,0,6,0,6,0,0,81,0,81,0,0,87,0,87,82,2,84,171
10/16/2020,HFD,CT,ANE,EN,Federal Contract Tower,0,1,12,0,13,0,0,2,0,2,0,1,14,0,15,16,0,16,31
10/17/2020,HFD,CT,ANE,EN,Federal Contract Tower,0,0,11,0,11,0,0,92,0,92,0,0,103,0,103,118,0,118,221
10/18/2020,HFD,CT,ANE,EN,Federal Contract Tower,0,0,16,1,17,0,0,123,2,125,0,0,139,3,142,169,0,169,311
10/19/2020,HFD,CT,ANE,EN,Federal Contract Tower,0,0,7,1,8,0,0,66,0,66,0,0,73,1,74,160,0,160,234
10/20/2020,HFD,CT,ANE,EN,Federal Contract Tower,0,2,19,0,21,0,0,6,0,6,0,2,25,0,27,36,0,36,63
10/21/2020,HFD,CT,ANE,EN,Federal Contract Tower,0,4,15,2,21,0,0,26,0,26,0,4,41,2,47,106,0,106,153
10/22/2020,HFD,CT,ANE,EN,Federal Contract Tower,0,2,20,0,22,0,1,136,0,137,0,3,156,0,159,122,0,122,281
10/23/2020,HFD,CT,ANE,EN,Federal Contract Tower,0,2,19,1,22,0,0,0,0,0,0,2,19,1,22,0,0,0,22
10/24/2020,HFD,CT,ANE,EN,Federal Contract Tower,0,0,21,0,21,0,0,7,0,7,0,0,28,0,28,74,0,74,102
10/25/2020,HFD,CT,ANE,EN,Federal Contract Tower,0,0,6,0,6,0,0,115,0,115,0,0,121,0,121,112,0,112,233
10/26/2020,HFD,CT,ANE,EN,Federal Contract Tower,0,0,14,0,14,0,0,2,0,2,0,0,16,0,16,10,0,10,26
10/27/2020,HFD,CT,ANE,EN,Federal Contract Tower,0,1,16,2,19,0,4,81,0,85,0,5,97,2,104,150,0,150,254
10/28/2020,HFD,CT,ANE,EN,Federal Contract Tower,0,1,24,0,25,0,0,1,0,1,0,1,25,0,26,0,0,0,26
10/29/2020,HFD,CT,ANE,EN,Federal Contract Tower,0,0,7,2,9,0,0,0,0,0,0,0,7,2,9,0,0,0,9
10/30/2020,HFD,CT,ANE,EN,Federal Contract Tower,0,0,1,0,1,0,0,3,0,3,0,0,4,0,4,2,0,2,6
10/31/2020,HFD,CT,ANE,EN,Federal Contract Tower,0,0,6,0,6,0,0,106,0,106,0,0,112,0,112,116,0,116,228
11/01/2020,HFD,CT,ANE,EN,Federal Contract Tower,0,0,3,0,3,0,0,28,0,28,0,0,31,0,31,80,0,80,111
11/02/2020,HFD,CT,ANE,EN,Federal Contract Tower,0,0,1,0,1,0,0,0,0,0,0,0,1,0,1,30,0,30,31
11/03/2020,HFD,CT,ANE,EN,Federal Contract Tower,0,1,3,0,4,0,0,38,0,38,0,1,41,0,42,27,0,27,69
11/04/2020,HFD,CT,ANE,EN,Federal Contract Tower,0,0,8,0,8,0,0,104,2,106,0,0,112,2,114,148,0,148,262
11/05/2020,HFD,CT,ANE,EN,Federal Contract Tower,0,0,5,0,5,0,0,91,0,91,0,0,96,0,96,96,0,96,192
11/06/2020,HFD,CT,ANE,EN,Federal Contract Tower,0,0,3,0,3,0,1,113,0,114,0,1,116,0,117,82,0,82,199
11/07/2020,HFD,CT,ANE,EN,Federal Contract Tower,0,0,8,0,8,0,0,123,0,123,0,0,131,0,131,96,0,96,227
11/08/2020,HFD,CT,ANE,EN,Federal Contract Tower,0,0,3,0,3,0,0,118,0,118,0,0,121,0,121,142,0,142,263
11/09/2020,HFD,CT,ANE,EN,Federal Contract Tower,0,0,13,0,13,0,0,111,0,111,0,0,124,0,124,82,0,82,206
11/10/2020,HFD,CT,ANE,EN,Federal Contract Tower,0,0,8,0,8,0,0,72,0,72,0,0,80,0,80,54,0,54,134
11/11/2020,HFD,CT,ANE,EN,Federal Contract Tower,0,1,7,0,8,0,0,2,0,2,0,1,9,0,10,28,0,28,38
11/12/2020,HFD,CT,ANE,EN,Federal Contract Tower,0,3,6,0,9,0,0,27,0,27,0,3,33,0,36,116,0,116,152
11/13/2020,HFD,CT,ANE,EN,Federal Contract Tower,0,0,8,1,9,0,0,0,0,0,0,0,8,1,9,0,0,0,9
11/14/2020,HFD,CT,ANE,EN,Federal Contract Tower,0,0,11,0,11,0,0,100,0,100,0,0,111,0,111,114,0,114,225
11/15/2020,HFD,CT,ANE,EN,Federal Contract Tower,0,0,5,0,5,0,0,37,0,37,0,0,42,0,42,16,0,16,58
11/16/2020,HFD,CT,ANE,EN,Federal Contract Tower,0,0,2,0,2,0,0,25,0,25,0,0,27,0,27,28,0,28,55
11/17/2020,HFD,CT,ANE,EN,Federal Contract Tower,0,0,3,0,3,0,0,37,0,37,0,0,40,0,40,68,0,68,108
11/18/2020,HFD,CT,ANE,EN,Federal Contract Tower,0,0,7,0,7,0,3,52,0,55,0,3,59,0,62,26,0,26,88
11/19/2020,HFD,CT,ANE,EN,Federal Contract Tower,0,2,3,0,5,0,3,75,0,78,0,5,78,0,83,50,0,50,133
11/20/2020,HFD,CT,ANE,EN,Federal Contract Tower,0,0,15,0,15,0,0,73,2,75,0,0,88,2,90,78,0,78,168
11/21/2020,HFD,CT,ANE,EN,Federal Contract Tower,0,0,7,0,7,0,0,104,0,104,0,0,111,0,111,116,2,118,229
11/22/2020,HFD,CT,ANE,EN,Federal Contract Tower,0,0,5,0,5,0,0,31,0,31,0,0,36,0,36,42,0,42,78
11/23/2020,HFD,CT,ANE,EN,Federal Contract Tower,0,2,1,0,3,0,0,2,0,2,0,2,3,0,5,0,0,0,5
11/24/2020,HFD,CT,ANE,EN,Federal Contract Tower,0,2,2,0,4,0,0,66,0,66,0,2,68,0,70,50,0,50,120
11/25/2020,HFD,CT,ANE,EN,Federal Contract Tower,0,3,0,0,3,0,0,47,0,47,0,3,47,0,50,46,0,46,96
11/26/2020,HFD,CT,ANE,EN,Federal Contract Tower,0,0,1,0,1,0,0,0,0,0,0,0,1,0,1,0,0,0,1
11/27/2020,HFD,CT,ANE,EN,Federal Contract Tower,0,0,6,0,6,0,0,86,0,86,0,0,92,0,92,42,0,42,134
11/28/2020,HFD,CT,ANE,EN,Federal Contract Tower,0,0,7,0,7,0,0,78,0,78,0,0,85,0,85,24,0,24,109
11/29/2020,HFD,CT,ANE,EN,Federal Contract Tower,0,0,8,0,8,0,0,113,0,113,0,0,121,0,121,54,0,54,175
11/30/2020,HFD,CT,ANE,EN,Federal Contract Tower,0,0,1,0,1,0,0,2,0,2,0,0,3,0,3,0,0,0,3
12/01/2020,HFD,CT,ANE,EN,Federal Contract Tower,0,0,5,0,5,0,0,17,0,17,0,0,22,0,22,18,0,18,40
12/02/2020,HFD,CT,ANE,EN,Federal Contract Tower,0,3,4,0,7,0,0,63,0,63,0,3,67,0,70,152,0,152,222
12/03/2020,HFD,CT,ANE,EN,Federal Contract Tower,0,1,7,0,8,0,0,90,0,90,0,1,97,0,98,130,0,130,228
12/04/2020,HFD,CT,ANE,EN,Federal Contract Tower,0,0,1,0,1,0,0,66,0,66,0,0,67,0,67,54,0,54,121
12/05/2020,HFD,CT,ANE,EN,Federal Contract Tower,0,0,0,0,0,0,0,0,0,0,0,0,0,0,0,0,0,0,0
12/06/2020,HFD,CT,ANE,EN,Federal Contract Tower,0,0,5,0,5,0,0,22,0,22,0,0,27,0,27,0,0,0,27
12/07/2020,HFD,CT,ANE,EN,Federal Contract Tower,0,0,4,0,4,0,0,67,0,67,0,0,71,0,71,62,0,62,133
12/08/2020,HFD,CT,ANE,EN,Federal Contract Tower,0,2,1,0,3,0,0,45,0,45,0,2,46,0,48,82,0,82,130
12/09/2020,HFD,CT,ANE,EN,Federal Contract Tower,0,2,6,0,8,0,0,52,0,52,0,2,58,0,60,100,4,104,164
12/10/2020,HFD,CT,ANE,EN,Federal Contract Tower,0,0,4,0,4,0,0,89,0,89,0,0,93,0,93,100,4,104,197
12/11/2020,HFD,CT,ANE,EN,Federal Contract Tower,0,0,7,0,7,0,0,88,0,88,0,0,95,0,95,84,0,84,179
12/12/2020,HFD,CT,ANE,EN,Federal Contract Tower,0,0,4,0,4,0,0,0,0,0,0,0,4,0,4,0,0,0,4
12/13/2020,HFD,CT,ANE,EN,Federal Contract Tower,0,0,5,0,5,0,0,98,0,98,0,0,103,0,103,24,0,24,127
12/14/2020,HFD,CT,ANE,EN,Federal Contract Tower,0,1,2,1,4,0,0,2,0,2,0,1,4,1,6,0,0,0,6
12/15/2020,HFD,CT,ANE,EN,Federal Contract Tower,0,5,4,0,9,0,2,47,2,51,0,7,51,2,60,46,0,46,106
12/16/2020,HFD,CT,ANE,EN,Federal Contract Tower,0,1,2,0,3,0,0,67,2,69,0,1,69,2,72,100,2,102,174
12/17/2020,HFD,CT,ANE,EN,Federal Contract Tower,0,0,0,0,0,0,0,0,0,0,0,0,0,0,0,0,0,0,0
12/18/2020,HFD,CT,ANE,EN,Federal Contract Tower,0,0,3,0,3,0,0,14,0,14,0,0,17,0,17,12,0,12,29
12/19/2020,HFD,CT,ANE,EN,Federal Contract Tower,0,0,6,0,6,0,0,74,0,74,0,0,80,0,80,98,0,98,178
12/20/2020,HFD,CT,ANE,EN,Federal Contract Tower,0,0,4,0,4,0,0,26,0,26,0,0,30,0,30,94,0,94,124
12/21/2020,HFD,CT,ANE,EN,Federal Contract Tower,0,0,4,0,4,0,0,0,0,0,0,0,4,0,4,16,0,16,20
12/22/2020,HFD,CT,ANE,EN,Federal Contract Tower,0,0,7,0,7,0,0,43,0,43,0,0,50,0,50,124,0,124,174
12/23/2020,HFD,CT,ANE,EN,Federal Contract Tower,0,0,4,0,4,0,0,116,0,116,0,0,120,0,120,94,0,94,214
12/24/2020,HFD,CT,ANE,EN,Federal Contract Tower,0,0,0,0,0,0,0,21,0,21,0,0,21,0,21,54,0,54,75
12/25/2020,HFD,CT,ANE,EN,Federal Contract Tower,0,0,1,0,1,0,0,0,0,0,0,0,1,0,1,0,0,0,1
12/26/2020,HFD,CT,ANE,EN,Federal Contract Tower,0,0,2,0,2,0,0,32,0,32,0,0,34,0,34,50,0,50,84
12/27/2020,HFD,CT,ANE,EN,Federal Contract Tower,0,0,4,0,4,0,0,130,0,130,0,0,134,0,134,64,0,64,198
12/28/2020,HFD,CT,ANE,EN,Federal Contract Tower,0,0,2,0,2,0,0,49,0,49,0,0,51,0,51,86,0,86,137
12/29/2020,HFD,CT,ANE,EN,Federal Contract Tower,0,0,0,1,1,0,1,29,0,30,0,1,29,1,31,24,0,24,55
12/30/2020,HFD,CT,ANE,EN,Federal Contract Tower,0,0,9,0,9,0,4,72,0,76,0,4,81,0,85,57,0,57,142
12/31/2020,HFD,CT,ANE,EN,Federal Contract Tower,0,0,10,0,10,0,0,23,0,23,0,0,33,0,33,24,0,24,57
01/01/2021,HFD,CT,ANE,EN,Federal Contract Tower,0,0,4,0,4,0,0,60,0,60,0,0,64,0,64,36,0,36,100
01/02/2021,HFD,CT,ANE,EN,Federal Contract Tower,0,0,7,0,7,0,0,20,0,20,0,0,27,0,27,24,0,24,51
01/03/2021,HFD,CT,ANE,EN,Federal Contract Tower,0,0,2,0,2,0,0,6,0,6,0,0,8,0,8,58,0,58,66
01/04/2021,HFD,CT,ANE,EN,Federal Contract Tower,0,0,3,0,3,0,0,52,0,52,0,0,55,0,55,96,0,96,151
01/05/2021,HFD,CT,ANE,EN,Federal Contract Tower,0,1,2,0,3,0,2,58,0,60,0,3,60,0,63,136,0,136,199
01/06/2021,HFD,CT,ANE,EN,Federal Contract Tower,0,0,4,0,4,0,1,67,0,68,0,1,71,0,72,34,0,34,106
01/07/2021,HFD,CT,ANE,EN,Federal Contract Tower,0,0,6,0,6,0,1,71,0,72,0,1,77,0,78,54,0,54,132
01/08/2021,HFD,CT,ANE,EN,Federal Contract Tower,0,0,4,0,4,0,0,102,0,102,0,0,106,0,106,79,0,79,185
01/09/2021,HFD,CT,ANE,EN,Federal Contract Tower,0,0,10,0,10,0,0,70,0,70,0,0,80,0,80,66,0,66,146
01/10/2021,HFD,CT,ANE,EN,Federal Contract Tower,0,1,12,0,13,0,0,110,0,110,0,1,122,0,123,80,0,80,203
01/11/2021,HFD,CT,ANE,EN,Federal Contract Tower,0,2,3,0,5,0,0,57,0,57,0,2,60,0,62,48,0,48,110
01/12/2021,HFD,CT,ANE,EN,Federal Contract Tower,0,5,10,0,15,0,0,49,0,49,0,5,59,0,64,90,0,90,154
01/13/2021,HFD,CT,ANE,EN,Federal Contract Tower,0,7,3,0,10,0,0,77,0,77,0,7,80,0,87,116,0,116,203
01/14/2021,HFD,CT,ANE,EN,Federal Contract Tower,0,0,2,1,3,0,0,11,0,11,0,0,13,1,14,4,0,4,18
01/15/2021,HFD,CT,ANE,EN,Federal Contract Tower,0,2,1,0,3,0,0,2,0,2,0,2,3,0,5,14,0,14,19
01/16/2021,HFD,CT,ANE,EN,Federal Contract Tower,0,0,9,0,9,0,0,3,0,3,0,0,12,0,12,6,0,6,18
01/17/2021,HFD,CT,ANE,EN,Federal Contract Tower,0,0,3,0,3,0,0,28,0,28,0,0,31,0,31,18,0,18,49
01/18/2021,HFD,CT,ANE,EN,Federal Contract Tower,0,0,5,0,5,0,0,71,0,71,0,0,76,0,76,66,0,66,142
01/19/2021,HFD,CT,ANE,EN,Federal Contract Tower,0,0,9,0,9,0,1,64,2,67,0,1,73,2,76,34,0,34,110
01/20/2021,HFD,CT,ANE,EN,Federal Contract Tower,0,0,5,0,5,0,0,7,0,7,0,0,12,0,12,8,4,12,24
01/21/2021,HFD,CT,ANE,EN,Federal Contract Tower,0,0,2,0,2,0,1,41,0,42,0,1,43,0,44,78,4,82,126
01/22/2021,HFD,CT,ANE,EN,Federal Contract Tower,0,0,5,0,5,0,1,63,0,64,0,1,68,0,69,66,0,66,135
01/23/2021,HFD,CT,ANE,EN,Federal Contract Tower,0,0,1,0,1,0,2,16,0,18,0,2,17,0,19,2,0,2,21
01/24/2021,HFD,CT,ANE,EN,Federal Contract Tower,0,0,0,0,0,0,0,20,0,20,0,0,20,0,20,26,0,26,46
01/25/2021,HFD,CT,ANE,EN,Federal Contract Tower,0,0,8,0,8,0,0,106,0,106,0,0,114,0,114,100,0,100,214
01/26/2021,HFD,CT,ANE,EN,Federal Contract Tower,0,0,7,0,7,0,0,22,0,22,0,0,29,0,29,16,0,16,45
01/27/2021,HFD,CT,ANE,EN,Federal Contract Tower,0,4,6,0,10,0,0,6,2,8,0,4,12,2,18,23,12,35,53
01/28/2021,HFD,CT,ANE,EN,Federal Contract Tower,0,2,4,0,6,0,0,32,0,32,0,2,36,0,38,90,0,90,128
01/29/2021,HFD,CT,ANE,EN,Federal Contract Tower,0,1,1,1,3,0,4,10,0,14,0,5,11,1,17,14,0,14,31
01/30/2021,HFD,CT,ANE,EN,Federal Contract Tower,0,0,16,0,16,0,0,93,0,93,0,0,109,0,109,44,0,44,153
01/31/2021,HFD,CT,ANE,EN,Federal Contract Tower,0,1,9,0,10,0,2,86,0,88,0,3,95,0,98,60,0,60,158
02/01/2021,HFD,CT,ANE,EN,Federal Contract Tower,0,0,0,0,0,0,0,0,0,0,0,0,0,0,0,0,0,0,0
02/02/2021,HFD,CT,ANE,EN,Federal Contract Tower,0,0,2,0,2,0,0,0,0,0,0,0,2,0,2,0,0,0,2
02/03/2021,HFD,CT,ANE,EN,Federal Contract Tower,0,0,0,0,0,0,21,0,0,21,0,21,0,0,21,68,14,82,103
02/04/2021,HFD,CT,ANE,EN,Federal Contract Tower,0,0,7,0,7,0,0,86,0,86,0,0,93,0,93,90,0,90,183
02/05/2021,HFD,CT,ANE,EN,Federal Contract Tower,0,0,3,0,3,0,0,6,0,6,0,0,9,0,9,8,0,8,17
02/06/2021,HFD,CT,ANE,EN,Federal Contract Tower,0,0,10,0,10,0,2,56,0,58,0,2,66,0,68,40,0,40,108
02/07/2021,HFD,CT,ANE,EN,Federal Contract Tower,0,0,0,0,0,0,0,0,0,0,0,0,0,0,0,0,0,0,0
02/08/2021,HFD,CT,ANE,EN,Federal Contract Tower,0,0,5,0,5,0,0,46,0,46,0,0,51,0,51,30,0,30,81
02/09/2021,HFD,CT,ANE,EN,Federal Contract Tower,0,0,0,0,0,0,0,0,0,0,0,0,0,0,0,0,0,0,0
02/10/2021,HFD,CT,ANE,EN,Federal Contract Tower,0,0,11,0,11,0,2,70,0,72,0,2,81,0,83,22,0,22,105
02/11/2021,HFD,CT,ANE,EN,Federal Contract Tower,0,0,6,0,6,0,1,67,0,68,0,1,73,0,74,70,0,70,144
02/12/2021,HFD,CT,ANE,EN,Federal Contract Tower,0,0,7,0,7,0,1,70,0,71,0,1,77,0,78,50,0,50,128
02/13/2021,HFD,CT,ANE,EN,Federal Contract Tower,0,0,3,0,3,0,0,110,0,110,0,0,113,0,113,56,0,56,169
02/14/2021,HFD,CT,ANE,EN,Federal Contract Tower,0,0,1,0,1,0,0,6,0,6,0,0,7,0,7,72,0,72,79
02/15/2021,HFD,CT,ANE,EN,Federal Contract Tower,0,0,2,0,2,0,0,3,0,3,0,0,5,0,5,14,0,14,19
02/16/2021,HFD,CT,ANE,EN,Federal Contract Tower,0,0,0,0,0,0,0,2,0,2,0,0,2,0,2,2,0,2,4
02/17/2021,HFD,CT,ANE,EN,Federal Contract Tower,0,1,18,0,19,0,4,94,3,101,0,5,112,3,120,38,16,54,174
02/18/2021,HFD,CT,ANE,EN,Federal Contract Tower,0,1,0,0,1,0,0,3,0,3,0,1,3,0,4,0,0,0,4
02/19/2021,HFD,CT,ANE,EN,Federal Contract Tower,0,0,1,0,1,0,0,0,0,0,0,0,1,0,1,0,0,0,1
02/20/2021,HFD,CT,ANE,EN,Federal Contract Tower,0,0,11,0,11,0,0,64,0,64,0,0,75,0,75,32,0,32,107
02/21/2021,HFD,CT,ANE,EN,Federal Contract Tower,0,0,10,0,10,0,0,94,0,94,0,0,104,0,104,118,0,118,222
02/22/2021,HFD,CT,ANE,EN,Federal Contract Tower,0,2,2,0,4,0,0,5,0,5,0,2,7,0,9,38,0,38,47
02/23/2021,HFD,CT,ANE,EN,Federal Contract Tower,0,0,9,0,9,0,3,26,2,31,0,3,35,2,40,30,14,44,84
02/24/2021,HFD,CT,ANE,EN,Federal Contract Tower,0,0,6,0,6,0,0,89,0,89,0,0,95,0,95,82,0,82,177
02/25/2021,HFD,CT,ANE,EN,Federal Contract Tower,0,0,4,0,4,0,0,14,2,16,0,0,18,2,20,26,16,42,62
02/26/2021,HFD,CT,ANE,EN,Federal Contract Tower,0,1,9,0,10,0,0,125,0,125,0,1,134,0,135,140,0,140,275
02/27/2021,HFD,CT,ANE,EN,Federal Contract Tower,0,2,1,0,3,0,0,0,0,0,0,2,1,0,3,0,0,0,3
02/28/2021,HFD,CT,ANE,EN,Federal Contract Tower,0,0,5,0,5,0,0,72,0,72,0,0,77,0,77,100,0,100,177
03/01/2021,HFD,CT,ANE,EN,Federal Contract Tower,0,0,4,0,4,0,0,0,0,0,0,0,4,0,4,2,0,2,6
03/02/2021,HFD,CT,ANE,EN,Federal Contract Tower,0,0,3,0,3,0,0,4,0,4,0,0,7,0,7,2,0,2,9
03/03/2021,HFD,CT,ANE,EN,Federal Contract Tower,0,0,5,0,5,0,0,86,0,86,0,0,91,0,91,109,0,109,200
03/04/2021,HFD,CT,ANE,EN,Federal Contract Tower,0,0,2,0,2,0,0,51,0,51,0,0,53,0,53,42,0,42,95
03/05/2021,HFD,CT,ANE,EN,Federal Contract Tower,0,0,0,0,0,0,0,14,0,14,0,0,14,0,14,8,0,8,22
03/06/2021,HFD,CT,ANE,EN,Federal Contract Tower,0,0,2,0,2,0,0,62,0,62,0,0,64,0,64,74,2,76,140
03/07/2021,HFD,CT,ANE,EN,Federal Contract Tower,0,0,5,0,5,0,0,120,0,120,0,0,125,0,125,104,0,104,229
03/08/2021,HFD,CT,ANE,EN,Federal Contract Tower,0,0,7,0,7,0,0,69,0,69,0,0,76,0,76,80,0,80,156
03/09/2021,HFD,CT,ANE,EN,Federal Contract Tower,0,0,4,0,4,0,3,73,2,78,0,3,77,2,82,58,6,64,146
03/10/2021,HFD,CT,ANE,EN,Federal Contract Tower,0,11,3,0,14,0,2,104,0,106,0,13,107,0,120,162,0,162,282
03/11/2021,HFD,CT,ANE,EN,Federal Contract Tower,0,1,7,0,8,0,5,62,0,67,0,6,69,0,75,86,0,86,161
03/12/2021,HFD,CT,ANE,EN,Federal Contract Tower,0,0,5,0,5,0,0,72,0,72,0,0,77,0,77,118,0,118,195
03/13/2021,HFD,CT,ANE,EN,Federal Contract Tower,0,0,4,0,4,0,0,46,0,46,0,0,50,0,50,54,0,54,104
03/14/2021,HFD,CT,ANE,EN,Federal Contract Tower,0,0,2,0,2,0,0,10,0,10,0,0,12,0,12,28,0,28,40
03/15/2021,HFD,CT,ANE,EN,Federal Contract Tower,0,0,0,1,1,0,0,18,1,19,0,0,18,2,20,26,0,26,46
03/16/2021,HFD,CT,ANE,EN,Federal Contract Tower,0,1,8,0,9,0,1,92,0,93,0,2,100,0,102,164,2,166,268
03/17/2021,HFD,CT,ANE,EN,Federal Contract Tower,0,4,11,0,15,0,4,59,0,63,0,8,70,0,78,284,0,284,362
03/18/2021,HFD,CT,ANE,EN,Federal Contract Tower,0,4,10,0,14,0,0,1,0,1,0,4,11,0,15,0,0,0,15
03/19/2021,HFD,CT,ANE,EN,Federal Contract Tower,0,3,5,0,8,0,0,7,0,7,0,3,12,0,15,0,0,0,15
03/20/2021,HFD,CT,ANE,EN,Federal Contract Tower,0,5,17,0,22,0,0,131,0,131,0,5,148,0,153,168,0,168,321
03/21/2021,HFD,CT,ANE,EN,Federal Contract Tower,0,1,5,0,6,0,0,110,0,110,0,1,115,0,116,146,0,146,262
03/22/2021,HFD,CT,ANE,EN,Federal Contract Tower,0,0,7,0,7,0,0,87,0,87,0,0,94,0,94,116,0,116,210
03/23/2021,HFD,CT,ANE,EN,Federal Contract Tower,0,0,4,0,4,0,0,105,0,105,0,0,109,0,109,180,0,180,289
03/24/2021,HFD,CT,ANE,EN,Federal Contract Tower,0,1,4,0,5,0,3,64,0,67,0,4,68,0,72,138,0,138,210
03/25/2021,HFD,CT,ANE,EN,Federal Contract Tower,0,2,11,0,13,0,1,65,0,66,0,3,76,0,79,84,10,94,173
03/26/2021,HFD,CT,ANE,EN,Federal Contract Tower,0,0,3,0,3,0,0,0,0,0,0,0,3,0,3,0,0,0,3
03/27/2021,HFD,CT,ANE,EN,Federal Contract Tower,0,0,9,0,9,0,0,126,0,126,0,0,135,0,135,168,0,168,303
03/28/2021,HFD,CT,ANE,EN,Federal Contract Tower,0,0,4,0,4,0,0,0,0,0,0,0,4,0,4,0,0,0,4
03/29/2021,HFD,CT,ANE,EN,Federal Contract Tower,0,0,0,0,0,0,0,2,0,2,0,0,2,0,2,0,0,0,2
03/30/2021,HFD,CT,ANE,EN,Federal Contract Tower,0,0,4,0,4,0,2,123,0,125,0,2,127,0,129,186,0,186,315
03/31/2021,HFD,CT,ANE,EN,Federal Contract Tower,0,0,13,0,13,0,1,24,0,25,0,1,37,0,38,107,10,117,155
04/01/2021,HFD,CT,ANE,EN,Federal Contract Tower,0,0,1,0,1,0,0,2,4,6,0,0,3,4,7,0,14,14,21
04/02/2021,HFD,CT,ANE,EN,Federal Contract Tower,0,12,0,0,12,0,50,0,0,50,0,62,0,0,62,176,0,176,238
04/03/2021,HFD,CT,ANE,EN,Federal Contract Tower,0,0,6,0,6,0,0,145,0,145,0,0,151,0,151,132,0,132,283
04/04/2021,HFD,CT,ANE,EN,Federal Contract Tower,0,1,4,0,5,0,2,54,0,56,0,3,58,0,61,114,0,114,175
04/05/2021,HFD,CT,ANE,EN,Federal Contract Tower,0,0,6,0,6,0,0,38,0,38,0,0,44,0,44,34,0,34,78
04/06/2021,HFD,CT,ANE,EN,Federal Contract Tower,0,3,4,0,7,0,1,123,0,124,0,4,127,0,131,216,2,218,349
04/07/2021,HFD,CT,ANE,EN,Federal Contract Tower,0,1,0,0,1,0,2,142,0,144,0,3,142,0,145,252,0,252,397
04/08/2021,HFD,CT,ANE,EN,Federal Contract Tower,0,0,5,0,5,0,1,150,0,151,0,1,155,0,156,228,0,228,384
04/09/2021,HFD,CT,ANE,EN,Federal Contract Tower,0,0,11,0,11,0,0,139,0,139,0,0,150,0,150,166,0,166,316
04/10/2021,HFD,CT,ANE,EN,Federal Contract Tower,0,2,13,0,15,0,0,117,0,117,0,2,130,0,132,260,0,260,392
04/11/2021,HFD,CT,ANE,EN,Federal Contract Tower,0,0,9,0,9,0,0,0,0,0,0,0,9,0,9,0,0,0,9
04/12/2021,HFD,CT,ANE,EN,Federal Contract Tower,0,1,14,0,15,0,0,26,0,26,0,1,40,0,41,14,0,14,55
04/13/2021,HFD,CT,ANE,EN,Federal Contract Tower,0,0,7,0,7,0,2,97,0,99,0,2,104,0,106,130,0,130,236
04/14/2021,HFD,CT,ANE,EN,Federal Contract Tower,0,7,9,0,16,0,1,102,2,105,0,8,111,2,121,154,6,160,281
04/15/2021,HFD,CT,ANE,EN,Federal Contract Tower,0,0,2,0,2,0,0,0,0,0,0,0,2,0,2,0,0,0,2
04/16/2021,HFD,CT,ANE,EN,Federal Contract Tower,0,0,2,0,2,0,0,0,0,0,0,0,2,0,2,0,0,0,2
04/18/2021,HFD,CT,ANE,EN,Federal Contract Tower,0,1,8,0,9,0,0,153,0,153,0,1,161,0,162,156,0,156,318
04/19/2021,HFD,CT,ANE,EN,Federal Contract Tower,0,0,3,0,3,0,0,97,0,97,0,0,100,0,100,104,0,104,204
04/20/2021,HFD,CT,ANE,EN,Federal Contract Tower,0,4,6,2,12,0,0,79,0,79,0,4,85,2,91,96,0,96,187
04/21/2021,HFD,CT,ANE,EN,Federal Contract Tower,0,1,1,0,2,0,4,22,0,26,0,5,23,0,28,46,0,46,74
04/22/2021,HFD,CT,ANE,EN,Federal Contract Tower,0,1,3,0,4,0,0,3,0,3,0,1,6,0,7,2,0,2,9
04/23/2021,HFD,CT,ANE,EN,Federal Contract Tower,0,0,2,0,2,0,0,21,0,21,0,0,23,0,23,12,0,12,35
04/24/2021,HFD,CT,ANE,EN,Federal Contract Tower,0,1,12,0,13,0,0,146,0,146,0,1,158,0,159,128,0,128,287
04/25/2021,HFD,CT,ANE,EN,Federal Contract Tower,0,1,12,0,13,0,0,15,0,15,0,1,27,0,28,6,0,6,34
04/26/2021,HFD,CT,ANE,EN,Federal Contract Tower,0,0,5,0,5,0,0,27,0,27,0,0,32,0,32,4,0,4,36
04/27/2021,HFD,CT,ANE,EN,Federal Contract Tower,0,2,7,0,9,0,2,125,0,127,0,4,132,0,136,164,0,164,300
04/28/2021,HFD,CT,ANE,EN,Federal Contract Tower,0,0,9,0,9,0,3,121,0,124,0,3,130,0,133,182,0,182,315
04/29/2021,HFD,CT,ANE,EN,Federal Contract Tower,0,0,4,0,4,0,0,0,0,0,0,0,4,0,4,50,0,50,54
04/30/2021,HFD,CT,ANE,EN,Federal Contract Tower,0,0,3,0,3,0,0,10,0,10,0,0,13,0,13,0,0,0,13
05/01/2021,HFD,CT,ANE,EN,Federal Contract Tower,0,0,2,0,2,0,0,65,0,65,0,0,67,0,67,68,0,68,135
05/02/2021,HFD,CT,ANE,EN,Federal Contract Tower,0,0,2,0,2,0,2,66,2,70,0,2,68,2,72,54,0,54,126
05/03/2021,HFD,CT,ANE,EN,Federal Contract Tower,0,2,18,0,20,0,0,81,0,81,0,2,99,0,101,110,0,110,211
05/04/2021,HFD,CT,ANE,EN,Federal Contract Tower,0,2,9,0,11,0,0,1,0,1,0,2,10,0,12,14,2,16,28
05/05/2021,HFD,CT,ANE,EN,Federal Contract Tower,0,2,2,0,4,0,0,0,0,0,0,2,2,0,4,0,0,0,4
05/06/2021,HFD,CT,ANE,EN,Federal Contract Tower,0,0,11,0,11,0,0,111,0,111,0,0,122,0,122,58,0,58,180
05/07/2021,HFD,CT,ANE,EN,Federal Contract Tower,0,0,2,0,2,0,2,145,0,147,0,2,147,0,149,246,0,246,395
05/08/2021,HFD,CT,ANE,EN,Federal Contract Tower,0,0,3,0,3,0,0,102,0,102,0,0,105,0,105,172,0,172,277
05/09/2021,HFD,CT,ANE,EN,Federal Contract Tower,0,2,11,0,13,0,0,100,0,100,0,2,111,0,113,46,0,46,159
05/10/2021,HFD,CT,ANE,EN,Federal Contract Tower,0,0,10,0,10,0,0,54,0,54,0,0,64,0,64,132,0,132,196
05/11/2021,HFD,CT,ANE,EN,Federal Contract Tower,0,3,7,1,11,0,1,66,0,67,0,4,73,1,78,44,0,44,122
05/12/2021,HFD,CT,ANE,EN,Federal Contract Tower,0,2,1,0,3,0,1,66,0,67,0,3,67,0,70,116,0,116,186
05/13/2021,HFD,CT,ANE,EN,Federal Contract Tower,0,0,7,0,7,0,0,134,0,134,0,0,141,0,141,298,0,298,439
05/14/2021,HFD,CT,ANE,EN,Federal Contract Tower,0,1,3,0,4,0,0,121,0,121,0,1,124,0,125,150,0,150,275
05/15/2021,HFD,CT,ANE,EN,Federal Contract Tower,0,0,8,0,8,0,0,128,0,128,0,0,136,0,136,168,0,168,304
05/16/2021,HFD,CT,ANE,EN,Federal Contract Tower,0,2,5,0,7,0,0,62,0,62,0,2,67,0,69,30,0,30,99
05/17/2021,HFD,CT,ANE,EN,Federal Contract Tower,0,0,4,0,4,0,0,88,0,88,0,0,92,0,92,124,0,124,216
05/18/2021,HFD,CT,ANE,EN,Federal Contract Tower,0,3,9,0,12,0,1,128,0,129,0,4,137,0,141,146,0,146,287
05/19/2021,HFD,CT,ANE,EN,Federal Contract Tower,0,0,8,0,8,0,0,80,0,80,0,0,88,0,88,144,0,144,232
05/20/2021,HFD,CT,ANE,EN,Federal Contract Tower,0,0,8,0,8,0,0,118,0,118,0,0,126,0,126,256,0,256,382
05/21/2021,HFD,CT,ANE,EN,Federal Contract Tower,0,0,13,0,13,0,0,87,0,87,0,0,100,0,100,174,0,174,274
05/22/2021,HFD,CT,ANE,EN,Federal Contract Tower,0,2,7,0,9,0,0,92,0,92,0,2,99,0,101,142,0,142,243
05/23/2021,HFD,CT,ANE,EN,Federal Contract Tower,0,0,7,0,7,0,0,63,2,65,0,0,70,2,72,50,10,60,132
05/24/2021,HFD,CT,ANE,EN,Federal Contract Tower,0,1,5,0,6,0,0,137,0,137,0,1,142,0,143,188,0,188,331
05/25/2021,HFD,CT,ANE,EN,Federal Contract Tower,0,3,12,0,15,0,0,105,0,105,0,3,117,0,120,208,0,208,328
05/26/2021,HFD,CT,ANE,EN,Federal Contract Tower,0,0,4,0,4,0,0,49,0,49,0,0,53,0,53,283,0,283,336
05/27/2021,HFD,CT,ANE,EN,Federal Contract Tower,0,0,7,0,7,0,0,149,0,149,0,0,156,0,156,160,0,160,316
05/28/2021,HFD,CT,ANE,EN,Federal Contract Tower,0,0,8,0,8,0,0,84,0,84,0,0,92,0,92,206,0,206,298
05/29/2021,HFD,CT,ANE,EN,Federal Contract Tower,0,0,9,0,9,0,0,0,0,0,0,0,9,0,9,0,0,0,9
05/30/2021,HFD,CT,ANE,EN,Federal Contract Tower,0,0,4,0,4,0,0,0,0,0,0,0,4,0,4,0,0,0,4
05/31/2021,HFD,CT,ANE,EN,Federal Contract Tower,0,6,21,0,27,0,0,25,0,25,0,6,46,0,52,70,0,70,122
06/01/2021,HFD,CT,ANE,EN,Federal Contract Tower,0,2,5,0,7,0,0,149,0,149,0,2,154,0,156,93,0,93,249
06/02/2021,HFD,CT,ANE,EN,Federal Contract Tower,0,2,6,0,8,0,0,95,0,95,0,2,101,0,103,112,2,114,217
06/03/2021,HFD,CT,ANE,EN,Federal Contract Tower,0,0,17,0,17,0,0,5,0,5,0,0,22,0,22,0,0,0,22
06/04/2021,HFD,CT,ANE,EN,Federal Contract Tower,0,0,6,0,6,0,0,11,0,11,0,0,17,0,17,12,0,12,29
06/05/2021,HFD,CT,ANE,EN,Federal Contract Tower,0,0,15,0,15,0,0,147,0,147,0,0,162,0,162,184,0,184,346
06/06/2021,HFD,CT,ANE,EN,Federal Contract Tower,0,3,9,0,12,0,0,139,0,139,0,3,148,0,151,174,0,174,325
06/07/2021,HFD,CT,ANE,EN,Federal Contract Tower,0,1,6,0,7,0,0,107,0,107,0,1,113,0,114,82,0,82,196
06/08/2021,HFD,CT,ANE,EN,Federal Contract Tower,0,1,8,0,9,0,0,77,0,77,0,1,85,0,86,86,0,86,172
06/09/2021,HFD,CT,ANE,EN,Federal Contract Tower,0,0,14,0,14,0,0,42,1,43,0,0,56,1,57,136,4,140,197
06/10/2021,HFD,CT,ANE,EN,Federal Contract Tower,0,0,22,0,22,0,0,114,0,114,0,0,136,0,136,206,0,206,342
06/11/2021,HFD,CT,ANE,EN,Federal Contract Tower,0,1,10,0,11,0,1,86,0,87,0,2,96,0,98,68,0,68,166
06/12/2021,HFD,CT,ANE,EN,Federal Contract Tower,0,0,20,0,20,0,0,127,0,127,0,0,147,0,147,68,0,68,215
06/13/2021,HFD,CT,ANE,EN,Federal Contract Tower,0,3,5,0,8,0,0,146,0,146,0,3,151,0,154,130,0,130,284
06/14/2021,HFD,CT,ANE,EN,Federal Contract Tower,0,1,7,0,8,0,1,1,0,2,0,2,8,0,10,0,0,0,10
06/15/2021,HFD,CT,ANE,EN,Federal Contract Tower,0,4,14,0,18,0,0,45,4,49,0,4,59,4,67,78,0,78,145
06/16/2021,HFD,CT,ANE,EN,Federal Contract Tower,0,2,9,0,11,0,1,126,0,127,0,3,135,0,138,84,0,84,222
06/17/2021,HFD,CT,ANE,EN,Federal Contract Tower,0,0,16,0,16,0,0,155,0,155,0,0,171,0,171,194,0,194,365
06/18/2021,HFD,CT,ANE,EN,Federal Contract Tower,0,2,15,0,17,0,0,132,0,132,0,2,147,0,149,134,0,134,283
06/19/2021,HFD,CT,ANE,EN,Federal Contract Tower,0,4,8,0,12,0,0,106,0,106,0,4,114,0,118,86,0,86,204
06/20/2021,HFD,CT,ANE,EN,Federal Contract Tower,0,1,6,0,7,0,0,108,0,108,0,1,114,0,115,106,0,106,221
06/21/2021,HFD,CT,ANE,EN,Federal Contract Tower,0,4,37,0,41,0,0,32,0,32,0,4,69,0,73,22,0,22,95
06/22/2021,HFD,CT,ANE,EN,Federal Contract Tower,0,0,11,0,11,0,0,27,0,27,0,0,38,0,38,61,2,63,101
06/23/2021,HFD,CT,ANE,EN,Federal Contract Tower,0,2,8,0,10,0,2,123,0,125,0,4,131,0,135,112,0,112,247
06/24/2021,HFD,CT,ANE,EN,Federal Contract Tower,0,0,11,0,11,0,0,131,0,131,0,0,142,0,142,210,0,210,352
06/25/2021,HFD,CT,ANE,EN,Federal Contract Tower,0,4,21,0,25,0,0,65,0,65,0,4,86,0,90,80,0,80,170
06/26/2021,HFD,CT,ANE,EN,Federal Contract Tower,0,0,15,0,15,0,0,41,0,41,0,0,56,0,56,74,0,74,130
06/27/2021,HFD,CT,ANE,EN,Federal Contract Tower,0,22,16,0,38,0,0,76,0,76,0,22,92,0,114,40,0,40,154
06/28/2021,HFD,CT,ANE,EN,Federal Contract Tower,0,3,9,0,12,0,0,142,0,142,0,3,151,0,154,102,0,102,256
06/29/2021,HFD,CT,ANE,EN,Federal Contract Tower,0,2,9,0,11,0,3,105,0,108,0,5,114,0,119,52,0,52,171
06/30/2021,HFD,CT,ANE,EN,Federal Contract Tower,0,0,7,0,7,0,1,83,0,84,0,1,90,0,91,98,0,98,189
07/01/2021,HFD,CT,ANE,EN,Federal Contract Tower,0,0,13,0,13,0,0,56,0,56,0,0,69,0,69,84,0,84,153
07/02/2021,HFD,CT,ANE,EN,Federal Contract Tower,0,2,6,0,8,0,0,0,0,0,0,2,6,0,8,0,0,0,8
07/03/2021,HFD,CT,ANE,EN,Federal Contract Tower,0,2,19,0,21,0,0,0,0,0,0,2,19,0,21,0,0,0,21
07/04/2021,HFD,CT,ANE,EN,Federal Contract Tower,0,0,11,0,11,0,0,8,0,8,0,0,19,0,19,0,0,0,19
07/05/2021,HFD,CT,ANE,EN,Federal Contract Tower,0,0,23,0,23,0,0,52,0,52,0,0,75,0,75,70,0,70,145
07/06/2021,HFD,CT,ANE,EN,Federal Contract Tower,0,2,3,0,5,0,0,73,0,73,0,2,76,0,78,24,2,26,104
07/07/2021,HFD,CT,ANE,EN,Federal Contract Tower,0,1,5,0,6,0,0,71,0,71,0,1,76,0,77,124,0,124,201
07/08/2021,HFD,CT,ANE,EN,Federal Contract Tower,0,1,0,0,1,0,2,0,0,2,0,3,0,0,3,6,0,6,9
07/09/2021,HFD,CT,ANE,EN,Federal Contract Tower,0,0,2,0,2,0,0,37,0,37,0,0,39,0,39,42,0,42,81
07/10/2021,HFD,CT,ANE,EN,Federal Contract Tower,0,2,27,0,29,0,0,147,0,147,0,2,174,0,176,168,0,168,344
07/11/2021,HFD,CT,ANE,EN,Federal Contract Tower,0,0,19,0,19,0,0,71,0,71,0,0,90,0,90,110,0,110,200
07/12/2021,HFD,CT,ANE,EN,Federal Contract Tower,0,2,11,0,13,0,0,0,0,0,0,2,11,0,13,0,0,0,13
07/13/2021,HFD,CT,ANE,EN,Federal Contract Tower,0,4,21,0,25,0,0,2,0,2,0,4,23,0,27,0,0,0,27
07/14/2021,HFD,CT,ANE,EN,Federal Contract Tower,0,0,14,0,14,0,0,16,0,16,0,0,30,0,30,110,0,110,140
07/15/2021,HFD,CT,ANE,EN,Federal Contract Tower,0,0,9,0,9,0,0,177,0,177,0,0,186,0,186,266,0,266,452
07/16/2021,HFD,CT,ANE,EN,Federal Contract Tower,0,0,9,0,9,0,0,104,0,104,0,0,113,0,113,90,0,90,203
07/17/2021,HFD,CT,ANE,EN,Federal Contract Tower,0,0,9,0,9,0,2,129,0,131,0,2,138,0,140,152,0,152,292
07/18/2021,HFD,CT,ANE,EN,Federal Contract Tower,0,1,9,0,10,0,0,0,0,0,0,1,9,0,10,6,0,6,16
07/19/2021,HFD,CT,ANE,EN,Federal Contract Tower,0,0,24,0,24,0,0,23,0,23,0,0,47,0,47,40,0,40,87
07/20/2021,HFD,CT,ANE,EN,Federal Contract Tower,0,5,25,0,30,0,0,0,0,0,0,5,25,0,30,40,0,40,70
07/21/2021,HFD,CT,ANE,EN,Federal Contract Tower,0,4,12,0,16,0,1,109,0,110,0,5,121,0,126,152,0,152,278
07/22/2021,HFD,CT,ANE,EN,Federal Contract Tower,0,0,14,0,14,0,0,193,0,193,0,0,207,0,207,176,0,176,383
07/23/2021,HFD,CT,ANE,EN,Federal Contract Tower,0,0,3,0,3,0,0,172,0,172,0,0,175,0,175,128,0,128,303
07/24/2021,HFD,CT,ANE,EN,Federal Contract Tower,0,1,9,0,10,0,1,218,0,219,0,2,227,0,229,138,0,138,367
07/25/2021,HFD,CT,ANE,EN,Federal Contract Tower,0,0,8,0,8,0,0,5,0,5,0,0,13,0,13,22,0,22,35
07/26/2021,HFD,CT,ANE,EN,Federal Contract Tower,0,1,16,0,17,0,0,64,0,64,0,1,80,0,81,18,0,18,99
07/27/2021,HFD,CT,ANE,EN,Federal Contract Tower,0,0,7,0,7,0,0,86,0,86,0,0,93,0,93,94,2,96,189
07/28/2021,HFD,CT,ANE,EN,Federal Contract Tower,0,3,18,0,21,0,0,136,0,136,0,3,154,0,157,180,0,180,337
07/29/2021,HFD,CT,ANE,EN,Federal Contract Tower,0,0,11,0,11,0,0,10,0,10,0,0,21,0,21,32,0,32,53
07/30/2021,HFD,CT,ANE,EN,Federal Contract Tower,0,0,11,0,11,0,1,163,0,164,0,1,174,0,175,144,0,144,319
07/31/2021,HFD,CT,ANE,EN,Federal Contract Tower,0,0,4,0,4,0,0,174,0,174,0,0,178,0,178,126,0,126,304
08/01/2021,HFD,CT,ANE,EN,Federal Contract Tower,0,0,5,0,5,0,2,100,0,102,0,2,105,0,107,164,0,164,271
08/02/2021,HFD,CT,ANE,EN,Federal Contract Tower,0,0,14,0,14,0,0,131,0,131,0,0,145,0,145,102,0,102,247
08/03/2021,HFD,CT,ANE,EN,Federal Contract Tower,0,0,7,0,7,0,2,228,0,230,0,2,235,0,237,150,0,150,387
08/04/2021,HFD,CT,ANE,EN,Federal Contract Tower,0,2,4,0,6,0,2,100,2,104,0,4,104,2,110,254,14,268,378
08/05/2021,HFD,CT,ANE,EN,Federal Contract Tower,0,0,5,0,5,0,0,27,0,27,0,0,32,0,32,60,0,60,92
08/06/2021,HFD,CT,ANE,EN,Federal Contract Tower,0,3,17,0,20,0,0,170,0,170,0,3,187,0,190,110,0,110,300
08/07/2021,HFD,CT,ANE,EN,Federal Contract Tower,0,0,10,0,10,0,2,147,0,149,0,2,157,0,159,124,0,124,283
08/08/2021,HFD,CT,ANE,EN,Federal Contract Tower,0,0,12,0,12,0,0,122,0,122,0,0,134,0,134,136,0,136,270
08/09/2021,HFD,CT,ANE,EN,Federal Contract Tower,0,5,21,0,26,0,0,76,0,76,0,5,97,0,102,140,0,140,242
08/10/2021,HFD,CT,ANE,EN,Federal Contract Tower,0,2,18,0,20,0,0,22,0,22,0,2,40,0,42,138,0,138,180
08/11/2021,HFD,CT,ANE,EN,Federal Contract Tower,0,1,10,0,11,0,0,55,0,55,0,1,65,0,66,198,4,202,268
08/12/2021,HFD,CT,ANE,EN,Federal Contract Tower,0,0,12,0,12,0,3,112,2,117,0,3,124,2,129,94,8,102,231
08/13/2021,HFD,CT,ANE,EN,Federal Contract Tower,0,0,6,0,6,0,0,106,0,106,0,0,112,0,112,186,0,186,298
08/14/2021,HFD,CT,ANE,EN,Federal Contract Tower,0,0,6,0,6,0,0,46,0,46,0,0,52,0,52,110,0,110,162
08/15/2021,HFD,CT,ANE,EN,Federal Contract Tower,0,0,11,0,11,0,0,163,0,163,0,0,174,0,174,106,0,106,280
08/16/2021,HFD,CT,ANE,EN,Federal Contract Tower,0,0,8,0,8,0,2,124,0,126,0,2,132,0,134,74,0,74,208
08/17/2021,HFD,CT,ANE,EN,Federal Contract Tower,0,5,12,0,17,0,0,136,2,138,0,5,148,2,155,164,2,166,321
08/18/2021,HFD,CT,ANE,EN,Federal Contract Tower,0,1,24,0,25,0,0,56,2,58,0,1,80,2,83,162,2,164,247
08/19/2021,HFD,CT,ANE,EN,Federal Contract Tower,0,9,4,0,13,0,1,10,0,11,0,10,14,0,24,68,12,80,104
08/20/2021,HFD,CT,ANE,EN,Federal Contract Tower,0,1,20,0,21,0,1,70,0,71,0,2,90,0,92,216,0,216,308
08/21/2021,HFD,CT,ANE,EN,Federal Contract Tower,0,0,29,0,29,0,0,38,0,38,0,0,67,0,67,66,0,66,133
08/22/2021,HFD,CT,ANE,EN,Federal Contract Tower,0,0,0,0,0,0,0,0,0,0,0,0,0,0,0,0,0,0,0
08/23/2021,HFD,CT,ANE,EN,Federal Contract Tower,0,0,3,0,3,0,0,1,0,1,0,0,4,0,4,0,0,0,4
08/24/2021,HFD,CT,ANE,EN,Federal Contract Tower,0,0,21,0,21,0,0,141,2,143,0,0,162,2,164,102,0,102,266
08/25/2021,HFD,CT,ANE,EN,Federal Contract Tower,0,2,7,0,9,0,0,156,0,156,0,2,163,0,165,174,0,174,339
08/26/2021,HFD,CT,ANE,EN,Federal Contract Tower,0,0,7,0,7,0,0,117,0,117,0,0,124,0,124,132,0,132,256
08/27/2021,HFD,CT,ANE,EN,Federal Contract Tower,0,0,6,0,6,0,2,107,0,109,0,2,113,0,115,184,0,184,299
08/28/2021,HFD,CT,ANE,EN,Federal Contract Tower,0,1,12,0,13,0,0,103,0,103,0,1,115,0,116,194,0,194,310
08/29/2021,HFD,CT,ANE,EN,Federal Contract Tower,0,1,22,0,23,0,0,37,0,37,0,1,59,0,60,84,0,84,144
08/30/2021,HFD,CT,ANE,EN,Federal Contract Tower,0,1,16,0,17,0,0,36,0,36,0,1,52,0,53,0,0,0,53
08/31/2021,HFD,CT,ANE,EN,Federal Contract Tower,0,0,9,0,9,0,0,157,0,157,0,0,166,0,166,68,0,68,234
09/01/2021,HFD,CT,ANE,EN,Federal Contract Tower,0,0,10,0,10,0,0,5,0,5,0,0,15,0,15,0,0,0,15
09/02/2021,HFD,CT,ANE,EN,Federal Contract Tower,0,0,5,0,5,0,0,37,0,37,0,0,42,0,42,20,0,20,62
09/03/2021,HFD,CT,ANE,EN,Federal Contract Tower,0,0,10,0,10,0,1,164,0,165,0,1,174,0,175,144,0,144,319
09/04/2021,HFD,CT,ANE,EN,Federal Contract Tower,0,0,3,0,3,0,0,78,0,78,0,0,81,0,81,20,0,20,101
09/05/2021,HFD,CT,ANE,EN,Federal Contract Tower,0,0,7,0,7,0,0,45,0,45,0,0,52,0,52,72,0,72,124
09/06/2021,HFD,CT,ANE,EN,Federal Contract Tower,0,2,16,0,18,0,0,78,0,78,0,2,94,0,96,28,0,28,124
09/07/2021,HFD,CT,ANE,EN,Federal Contract Tower,0,5,10,0,15,0,0,145,0,145,0,5,155,0,160,104,0,104,264
09/08/2021,HFD,CT,ANE,EN,Federal Contract Tower,0,2,15,0,17,0,3,79,0,82,0,5,94,0,99,24,0,24,123
09/09/2021,HFD,CT,ANE,EN,Federal Contract Tower,0,0,17,0,17,0,0,7,0,7,0,0,24,0,24,0,0,0,24
09/10/2021,HFD,CT,ANE,EN,Federal Contract Tower,0,7,15,0,22,0,0,134,0,134,0,7,149,0,156,94,0,94,250
09/11/2021,HFD,CT,ANE,EN,Federal Contract Tower,0,0,9,0,9,0,0,126,0,126,0,0,135,0,135,58,0,58,193
09/12/2021,HFD,CT,ANE,EN,Federal Contract Tower,0,0,7,0,7,0,0,95,0,95,0,0,102,0,102,70,0,70,172
09/13/2021,HFD,CT,ANE,EN,Federal Contract Tower,0,1,6,0,7,0,0,104,0,104,0,1,110,0,111,186,2,188,299
09/14/2021,HFD,CT,ANE,EN,Federal Contract Tower,0,0,4,0,4,0,1,131,0,132,0,1,135,0,136,82,0,82,218
09/15/2021,HFD,CT,ANE,EN,Federal Contract Tower,0,3,18,0,21,0,1,58,0,59,0,4,76,0,80,76,0,76,156
09/16/2021,HFD,CT,ANE,EN,Federal Contract Tower,0,0,10,0,10,0,0,12,4,16,0,0,22,4,26,64,0,64,90
09/17/2021,HFD,CT,ANE,EN,Federal Contract Tower,0,2,18,0,20,0,0,19,0,19,0,2,37,0,39,38,0,38,77
09/18/2021,HFD,CT,ANE,EN,Federal Contract Tower,0,1,17,0,18,0,0,108,0,108,0,1,125,0,126,94,0,94,220
09/19/2021,HFD,CT,ANE,EN,Federal Contract Tower,0,0,2,0,2,0,0,182,0,182,0,0,184,0,184,124,0,124,308
09/21/2021,HFD,CT,ANE,EN,Federal Contract Tower,0,3,17,2,22,0,0,0,0,0,0,3,17,2,22,92,0,92,114
09/22/2021,HFD,CT,ANE,EN,Federal Contract Tower,0,3,13,0,16,0,0,5,0,5,0,3,18,0,21,72,0,72,93
09/23/2021,HFD,CT,ANE,EN,Federal Contract Tower,0,2,12,0,14,0,0,11,0,11,0,2,23,0,25,20,0,20,45
09/24/2021,HFD,CT,ANE,EN,Federal Contract Tower,0,1,11,0,12,0,0,65,0,65,0,1,76,0,77,92,0,92,169
09/25/2021,HFD,CT,ANE,EN,Federal Contract Tower,0,3,8,0,11,0,0,128,0,128,0,3,136,0,139,100,0,100,239
09/26/2021,HFD,CT,ANE,EN,Federal Contract Tower,0,2,7,0,9,0,1,112,0,113,0,3,119,0,122,56,0,56,178
09/27/2021,HFD,CT,ANE,EN,Federal Contract Tower,0,1,4,0,5,0,0,108,0,108,0,1,112,0,113,122,0,122,235
09/28/2021,HFD,CT,ANE,EN,Federal Contract Tower,0,0,10,0,10,0,0,34,2,36,0,0,44,2,46,58,0,58,104
09/29/2021,HFD,CT,ANE,EN,Federal Contract Tower,0,0,10,0,10,0,1,127,0,128,0,1,137,0,138,100,8,108,246
09/30/2021,HFD,CT,ANE,EN,Federal Contract Tower,0,3,17,0,20,0,0,104,0,104,0,3,121,0,124,110,0,110,234
10/01/2021,HFD,CT,ANE,EN,Federal Contract Tower,0,4,9,0,13,0,1,128,0,129,0,5,137,0,142,154,0,154,296
10/02/2021,HFD,CT,ANE,EN,Federal Contract Tower,0,3,8,0,11,0,2,185,0,187,0,5,193,0,198,152,0,152,350
10/03/2021,HFD,CT,ANE,EN,Federal Contract Tower,0,0,5,0,5,0,0,104,0,104,0,0,109,0,109,80,0,80,189
10/04/2021,HFD,CT,ANE,EN,Federal Contract Tower,0,0,5,0,5,0,0,0,0,0,0,0,5,0,5,0,0,0,5
10/05/2021,HFD,CT,ANE,EN,Federal Contract Tower,0,4,41,0,45,0,0,5,0,5,0,4,46,0,50,110,0,110,160
10/06/2021,HFD,CT,ANE,EN,Federal Contract Tower,0,3,13,0,16,0,1,128,0,129,0,4,141,0,145,122,0,122,267
10/07/2021,HFD,CT,ANE,EN,Federal Contract Tower,0,0,21,0,21,0,0,78,2,80,0,0,99,2,101,54,4,58,159
10/08/2021,HFD,CT,ANE,EN,Federal Contract Tower,0,2,11,0,13,0,0,115,0,115,0,2,126,0,128,54,0,54,182
10/09/2021,HFD,CT,ANE,EN,Federal Contract Tower,0,0,20,0,20,0,0,65,0,65,0,0,85,0,85,136,0,136,221
10/10/2021,HFD,CT,ANE,EN,Federal Contract Tower,0,1,19,0,20,0,0,42,0,42,0,1,61,0,62,42,0,42,104
10/11/2021,HFD,CT,ANE,EN,Federal Contract Tower,0,2,18,0,20,0,0,42,0,42,0,2,60,0,62,54,0,54,116
10/12/2021,HFD,CT,ANE,EN,Federal Contract Tower,0,0,14,0,14,0,0,109,0,109,0,0,123,0,123,0,102,102,225
10/13/2021,HFD,CT,ANE,EN,Federal Contract Tower,0,4,11,0,15,0,0,71,0,71,0,4,82,0,86,81,0,81,167
10/14/2021,HFD,CT,ANE,EN,Federal Contract Tower,0,0,9,0,9,0,0,158,0,158,0,0,167,0,167,128,0,128,295
10/15/2021,HFD,CT,ANE,EN,Federal Contract Tower,0,0,6,5,11,0,0,6,9,15,0,0,12,14,26,0,0,0,26
10/16/2021,HFD,CT,ANE,EN,Federal Contract Tower,0,1,3,0,4,0,0,31,0,31,0,1,34,0,35,66,0,66,101
10/17/2021,HFD,CT,ANE,EN,Federal Contract Tower,0,0,3,0,3,0,0,113,0,113,0,0,116,0,116,64,0,64,180
10/18/2021,HFD,CT,ANE,EN,Federal Contract Tower,0,3,11,0,14,0,0,88,0,88,0,3,99,0,102,55,0,55,157
10/19/2021,HFD,CT,ANE,EN,Federal Contract Tower,0,3,9,0,12,0,1,84,0,85,0,4,93,0,97,66,8,74,171
10/21/2021,HFD,CT,ANE,EN,Federal Contract Tower,0,4,15,2,21,0,4,151,0,155,0,8,166,2,176,115,0,115,291
10/22/2021,HFD,CT,ANE,EN,Federal Contract Tower,0,0,15,0,15,0,0,109,0,109,0,0,124,0,124,146,0,146,270
10/23/2021,HFD,CT,ANE,EN,Federal Contract Tower,0,3,7,0,10,0,2,129,0,131,0,5,136,0,141,98,0,98,239
10/24/2021,HFD,CT,ANE,EN,Federal Contract Tower,0,4,13,0,17,0,0,140,0,140,0,4,153,0,157,120,0,120,277
10/25/2021,HFD,CT,ANE,EN,Federal Contract Tower,0,1,11,0,12,0,0,0,0,0,0,1,11,0,12,0,0,0,12
10/26/2021,HFD,CT,ANE,EN,Federal Contract Tower,0,2,3,0,5,0,0,0,0,0,0,2,3,0,5,0,0,0,5
10/27/2021,HFD,CT,ANE,EN,Federal Contract Tower,0,3,2,0,5,0,0,4,0,4,0,3,6,0,9,0,0,0,9
10/28/2021,HFD,CT,ANE,EN,Federal Contract Tower,0,0,16,0,16,0,0,155,0,155,0,0,171,0,171,230,0,230,401
10/29/2021,HFD,CT,ANE,EN,Federal Contract Tower,0,0,14,0,14,0,0,67,0,67,0,0,81,0,81,142,0,142,223
10/30/2021,HFD,CT,ANE,EN,Federal Contract Tower,0,2,14,0,16,0,0,0,0,0,0,2,14,0,16,0,0,0,16
10/31/2021,HFD,CT,ANE,EN,Federal Contract Tower,0,2,13,0,15,0,0,94,0,94,0,2,107,0,109,172,0,172,281
11/01/2021,HFD,CT,ANE,EN,Federal Contract Tower,0,0,8,0,8,0,1,97,0,98,0,1,105,0,106,104,0,104,210
11/02/2021,HFD,CT,ANE,EN,Federal Contract Tower,0,0,10,1,11,0,0,105,1,106,0,0,115,2,117,112,0,112,229
11/03/2021,HFD,CT,ANE,EN,Federal Contract Tower,0,1,11,0,12,0,1,137,0,138,0,2,148,0,150,84,0,84,234
11/04/2021,HFD,CT,ANE,EN,Federal Contract Tower,0,0,8,0,8,0,0,177,0,177,0,0,185,0,185,186,0,186,371
11/05/2021,HFD,CT,ANE,EN,Federal Contract Tower,0,1,22,0,23,0,0,138,0,138,0,1,160,0,161,162,0,162,323
11/06/2021,HFD,CT,ANE,EN,Federal Contract Tower,0,8,9,0,17,0,0,109,0,109,0,8,118,0,126,118,0,118,244
11/07/2021,HFD,CT,ANE,EN,Federal Contract Tower,0,1,8,0,9,0,0,119,0,119,0,1,127,0,128,74,0,74,202
11/08/2021,HFD,CT,ANE,EN,Federal Contract Tower,0,3,7,0,10,0,1,112,0,113,0,4,119,0,123,186,0,186,309
11/09/2021,HFD,CT,ANE,EN,Federal Contract Tower,0,1,9,2,12,0,0,125,0,125,0,1,134,2,137,70,0,70,207
11/10/2021,HFD,CT,ANE,EN,Federal Contract Tower,0,0,7,0,7,0,0,119,0,119,0,0,126,0,126,116,0,116,242
11/11/2021,HFD,CT,ANE,EN,Federal Contract Tower,0,0,12,0,12,0,0,171,0,171,0,0,183,0,183,22,0,22,205
11/12/2021,HFD,CT,ANE,EN,Federal Contract Tower,0,0,4,0,4,0,0,5,0,5,0,0,9,0,9,0,0,0,9
11/13/2021,HFD,CT,ANE,EN,Federal Contract Tower,0,0,14,1,15,0,0,44,1,45,0,0,58,2,60,58,0,58,118
11/14/2021,HFD,CT,ANE,EN,Federal Contract Tower,0,0,14,0,14,0,0,129,0,129,0,0,143,0,143,110,0,110,253
11/15/2021,HFD,CT,ANE,EN,Federal Contract Tower,0,7,13,0,20,0,0,70,0,70,0,7,83,0,90,70,0,70,160
11/16/2021,HFD,CT,ANE,EN,Federal Contract Tower,0,4,9,0,13,0,0,102,0,102,0,4,111,0,115,36,0,36,151
11/17/2021,HFD,CT,ANE,EN,Federal Contract Tower,0,11,7,0,18,0,3,117,0,120,0,14,124,0,138,196,0,196,334
11/18/2021,HFD,CT,ANE,EN,Federal Contract Tower,0,4,11,0,15,0,2,142,0,144,0,6,153,0,159,144,0,144,303
11/19/2021,HFD,CT,ANE,EN,Federal Contract Tower,0,0,11,0,11,0,0,47,0,47,0,0,58,0,58,70,0,70,128
11/20/2021,HFD,CT,ANE,EN,Federal Contract Tower,0,0,5,0,5,0,0,150,0,150,0,0,155,0,155,112,0,112,267
11/21/2021,HFD,CT,ANE,EN,Federal Contract Tower,0,0,12,0,12,0,0,96,0,96,0,0,108,0,108,110,0,110,218
11/22/2021,HFD,CT,ANE,EN,Federal Contract Tower,0,2,9,2,13,0,0,51,0,51,0,2,60,2,64,48,0,48,112
11/23/2021,HFD,CT,ANE,EN,Federal Contract Tower,0,0,11,0,11,0,0,79,0,79,0,0,90,0,90,26,0,26,116
11/24/2021,HFD,CT,ANE,EN,Federal Contract Tower,0,2,8,0,10,0,2,91,0,93,0,4,99,0,103,128,0,128,231
11/25/2021,HFD,CT,ANE,EN,Federal Contract Tower,0,0,5,0,5,0,0,34,0,34,0,0,39,0,39,26,0,26,65
11/26/2021,HFD,CT,ANE,EN,Federal Contract Tower,0,0,6,0,6,0,0,2,0,2,0,0,8,0,8,0,0,0,8
11/27/2021,HFD,CT,ANE,EN,Federal Contract Tower,0,0,9,0,9,0,0,27,0,27,0,0,36,0,36,18,0,18,54
11/28/2021,HFD,CT,ANE,EN,Federal Contract Tower,0,0,8,0,8,0,0,36,0,36,0,0,44,0,44,12,0,12,56
11/29/2021,HFD,CT,ANE,EN,Federal Contract Tower,0,0,6,0,6,0,0,123,0,123,0,0,129,0,129,114,0,114,243
11/30/2021,HFD,CT,ANE,EN,Federal Contract Tower,0,0,14,0,14,0,0,110,0,110,0,0,124,0,124,128,2,130,254
12/01/2021,HFD,CT,ANE,EN,Federal Contract Tower,0,0,9,0,9,0,0,128,4,132,0,0,137,4,141,112,0,112,253
12/02/2021,HFD,CT,ANE,EN,Federal Contract Tower,0,0,3,0,3,0,0,68,2,70,0,0,71,2,73,118,14,132,205
12/03/2021,HFD,CT,ANE,EN,Federal Contract Tower,0,0,6,0,6,0,0,43,0,43,0,0,49,0,49,50,0,50,99
12/04/2021,HFD,CT,ANE,EN,Federal Contract Tower,0,0,3,0,3,0,0,108,0,108,0,0,111,0,111,206,0,206,317
12/05/2021,HFD,CT,ANE,EN,Federal Contract Tower,0,0,8,0,8,0,0,109,0,109,0,0,117,0,117,210,0,210,327
12/06/2021,HFD,CT,ANE,EN,Federal Contract Tower,0,0,2,0,2,0,1,1,0,2,0,1,3,0,4,0,0,0,4
12/07/2021,HFD,CT,ANE,EN,Federal Contract Tower,0,3,3,0,6,0,1,107,0,108,0,4,110,0,114,118,2,120,234
12/08/2021,HFD,CT,ANE,EN,Federal Contract Tower,0,0,2,0,2,0,0,36,0,36,0,0,38,0,38,80,0,80,118
12/09/2021,HFD,CT,ANE,EN,Federal Contract Tower,0,4,8,0,12,0,0,125,2,127,0,4,133,2,139,88,8,96,235
12/10/2021,HFD,CT,ANE,EN,Federal Contract Tower,0,1,5,0,6,0,1,111,0,112,0,2,116,0,118,158,0,158,276
12/11/2021,HFD,CT,ANE,EN,Federal Contract Tower,0,0,1,0,1,0,0,0,0,0,0,0,1,0,1,0,0,0,1
12/12/2021,HFD,CT,ANE,EN,Federal Contract Tower,0,0,6,0,6,0,0,80,2,82,0,0,86,2,88,100,0,100,188
12/13/2021,HFD,CT,ANE,EN,Federal Contract Tower,0,1,3,0,4,0,2,90,0,92,0,3,93,0,96,114,0,114,210
12/14/2021,HFD,CT,ANE,EN,Federal Contract Tower,0,2,14,2,18,0,0,111,0,111,0,2,125,2,129,102,6,108,237
12/15/2021,HFD,CT,ANE,EN,Federal Contract Tower,0,2,16,0,18,0,0,118,0,118,0,2,134,0,136,66,0,66,202
12/16/2021,HFD,CT,ANE,EN,Federal Contract Tower,0,4,8,0,12,0,0,133,8,141,0,4,141,8,153,122,16,138,291
12/18/2021,HFD,CT,ANE,EN,Federal Contract Tower,0,0,0,0,0,0,0,0,0,0,0,0,0,0,0,38,0,38,38
12/19/2021,HFD,CT,ANE,EN,Federal Contract Tower,0,0,3,0,3,0,0,40,0,40,0,0,43,0,43,48,0,48,91
12/20/2021,HFD,CT,ANE,EN,Federal Contract Tower,0,0,7,0,7,0,1,116,0,117,0,1,123,0,124,152,0,152,276
12/21/2021,HFD,CT,ANE,EN,Federal Contract Tower,0,1,4,0,5,0,0,132,0,132,0,1,136,0,137,173,0,173,310
12/22/2021,HFD,CT,ANE,EN,Federal Contract Tower,0,0,5,0,5,0,0,21,0,21,0,0,26,0,26,6,0,6,32
12/23/2021,HFD,CT,ANE,EN,Federal Contract Tower,0,0,6,0,6,0,0,79,0,79,0,0,85,0,85,98,0,98,183
12/24/2021,HFD,CT,ANE,EN,Federal Contract Tower,0,0,0,0,0,0,0,10,0,10,0,0,10,0,10,10,0,10,20
12/25/2021,HFD,CT,ANE,EN,Federal Contract Tower,0,0,0,0,0,0,0,0,0,0,0,0,0,0,0,0,0,0,0
12/26/2021,HFD,CT,ANE,EN,Federal Contract Tower,0,0,2,0,2,0,0,34,0,34,0,0,36,0,36,34,0,34,70
12/27/2021,HFD,CT,ANE,EN,Federal Contract Tower,0,0,7,0,7,0,0,92,0,92,0,0,99,0,99,142,0,142,241
12/28/2021,HFD,CT,ANE,EN,Federal Contract Tower,0,0,6,0,6,0,0,50,0,50,0,0,56,0,56,54,0,54,110
12/29/2021,HFD,CT,ANE,EN,Federal Contract Tower,0,0,0,0,0,0,0,2,0,2,0,0,2,0,2,0,0,0,2
12/30/2021,HFD,CT,ANE,EN,Federal Contract Tower,0,0,4,0,4,0,0,0,0,0,0,0,4,0,4,0,0,0,4
12/31/2021,HFD,CT,ANE,EN,Federal Contract Tower,0,0,5,0,5,0,0,1,0,1,0,0,6,0,6,0,0,0,6
01/01/2022,HFD,CT,ANE,EN,Federal Contract Tower,0,0,0,0,0,0,0,0,0,0,0,0,0,0,0,0,0,0,0
01/02/2022,HFD,CT,ANE,EN,Federal Contract Tower,0,0,6,0,6,0,0,12,0,12,0,0,18,0,18,18,0,18,36
01/03/2022,HFD,CT,ANE,EN,Federal Contract Tower,0,0,5,0,5,0,0,55,4,59,0,0,60,4,64,38,0,38,102
01/04/2022,HFD,CT,ANE,EN,Federal Contract Tower,0,0,10,0,10,0,0,123,0,123,0,0,133,0,133,62,2,64,197
01/05/2022,HFD,CT,ANE,EN,Federal Contract Tower,0,0,3,0,3,0,0,0,0,0,0,0,3,0,3,0,0,0,3
01/06/2022,HFD,CT,ANE,EN,Federal Contract Tower,0,0,7,0,7,0,0,105,0,105,0,0,112,0,112,84,0,84,196
01/07/2022,HFD,CT,ANE,EN,Federal Contract Tower,0,0,0,0,0,0,0,2,0,2,0,0,2,0,2,0,0,0,2
01/08/2022,HFD,CT,ANE,EN,Federal Contract Tower,0,0,4,0,4,0,0,90,0,90,0,0,94,0,94,132,0,132,226
01/09/2022,HFD,CT,ANE,EN,Federal Contract Tower,0,0,0,0,0,0,0,0,0,0,0,0,0,0,0,0,0,0,0
01/10/2022,HFD,CT,ANE,EN,Federal Contract Tower,0,0,2,0,2,0,0,68,0,68,0,0,70,0,70,50,0,50,120
01/11/2022,HFD,CT,ANE,EN,Federal Contract Tower,0,0,5,0,5,0,0,81,0,81,0,0,86,0,86,14,0,14,100
01/12/2022,HFD,CT,ANE,EN,Federal Contract Tower,0,0,4,0,4,0,0,51,2,53,0,0,55,2,57,64,0,64,121
01/13/2022,HFD,CT,ANE,EN,Federal Contract Tower,0,2,11,0,13,0,0,202,0,202,0,2,213,0,215,182,0,182,397
01/14/2022,HFD,CT,ANE,EN,Federal Contract Tower,0,0,8,0,8,0,0,45,0,45,0,0,53,0,53,87,0,87,140
01/15/2022,HFD,CT,ANE,EN,Federal Contract Tower,0,0,2,0,2,0,0,62,0,62,0,0,64,0,64,78,0,78,142
01/16/2022,HFD,CT,ANE,EN,Federal Contract Tower,0,0,4,0,4,0,0,154,0,154,0,0,158,0,158,142,0,142,300
01/17/2022,HFD,CT,ANE,EN,Federal Contract Tower,0,0,1,0,1,0,0,1,0,1,0,0,2,0,2,0,0,0,2
01/18/2022,HFD,CT,ANE,EN,Federal Contract Tower,0,4,0,0,4,0,0,10,0,10,0,4,10,0,14,10,0,10,24
01/19/2022,HFD,CT,ANE,EN,Federal Contract Tower,0,2,7,0,9,0,0,52,2,54,0,2,59,2,63,44,8,52,115
01/20/2022,HFD,CT,ANE,EN,Federal Contract Tower,0,0,1,0,1,0,0,32,0,32,0,0,33,0,33,14,0,14,47
01/21/2022,HFD,CT,ANE,EN,Federal Contract Tower,0,3,8,0,11,0,0,115,0,115,0,3,123,0,126,88,0,88,214
01/22/2022,HFD,CT,ANE,EN,Federal Contract Tower,0,1,9,0,10,0,0,156,0,156,0,1,165,0,166,196,0,196,362
01/23/2022,HFD,CT,ANE,EN,Federal Contract Tower,0,0,6,0,6,0,0,117,0,117,0,0,123,0,123,110,0,110,233
01/24/2022,HFD,CT,ANE,EN,Federal Contract Tower,0,4,4,0,8,0,0,107,0,107,0,4,111,0,115,140,0,140,255
01/25/2022,HFD,CT,ANE,EN,Federal Contract Tower,0,0,5,0,5,0,0,65,0,65,0,0,70,0,70,24,16,40,110
01/26/2022,HFD,CT,ANE,EN,Federal Contract Tower,0,0,4,0,4,0,0,86,0,86,0,0,90,0,90,32,0,32,122
01/27/2022,HFD,CT,ANE,EN,Federal Contract Tower,0,0,6,0,6,0,0,147,0,147,0,0,153,0,153,8,0,8,161
01/28/2022,HFD,CT,ANE,EN,Federal Contract Tower,1,0,0,0,1,0,0,12,0,12,1,0,12,0,13,48,0,48,61
01/29/2022,HFD,CT,ANE,EN,Federal Contract Tower,0,0,0,0,0,0,0,0,0,0,0,0,0,0,0,0,0,0,0
01/30/2022,HFD,CT,ANE,EN,Federal Contract Tower,0,0,3,0,3,0,0,34,0,34,0,0,37,0,37,4,0,4,41
01/31/2022,HFD,CT,ANE,EN,Federal Contract Tower,0,0,11,0,11,0,0,117,0,117,0,0,128,0,128,84,2,86,214
02/01/2022,HFD,CT,ANE,EN,Federal Contract Tower,0,0,13,0,13,0,0,64,0,64,0,0,77,0,77,110,0,110,187
02/02/2022,HFD,CT,ANE,EN,Federal Contract Tower,0,2,9,0,11,0,1,49,0,50,0,3,58,0,61,204,12,216,277
02/03/2022,HFD,CT,ANE,EN,Federal Contract Tower,0,2,0,0,2,0,0,0,0,0,0,2,0,0,2,0,0,0,2
02/04/2022,HFD,CT,ANE,EN,Federal Contract Tower,0,0,0,0,0,0,0,0,0,0,0,0,0,0,0,0,0,0,0
02/05/2022,HFD,CT,ANE,EN,Federal Contract Tower,0,0,10,0,10,0,0,54,0,54,0,0,64,0,64,34,0,34,98
02/06/2022,HFD,CT,ANE,EN,Federal Contract Tower,0,0,10,0,10,0,0,155,0,155,0,0,165,0,165,104,0,104,269
02/07/2022,HFD,CT,ANE,EN,Federal Contract Tower,0,2,0,0,2,0,0,0,0,0,0,2,0,0,2,0,0,0,2
02/08/2022,HFD,CT,ANE,EN,Federal Contract Tower,0,0,9,0,9,0,0,41,0,41,0,0,50,0,50,94,0,94,144
02/09/2022,HFD,CT,ANE,EN,Federal Contract Tower,0,0,9,0,9,0,2,132,0,134,0,2,141,0,143,128,4,132,275
02/10/2022,HFD,CT,ANE,EN,Federal Contract Tower,0,6,8,0,14,0,0,96,12,108,0,6,104,12,122,12,0,12,134
02/11/2022,HFD,CT,ANE,EN,Federal Contract Tower,0,1,8,0,9,0,0,136,0,136,0,1,144,0,145,77,0,77,222
02/12/2022,HFD,CT,ANE,EN,Federal Contract Tower,0,0,6,0,6,0,0,115,0,115,0,0,121,0,121,116,0,116,237
02/13/2022,HFD,CT,ANE,EN,Federal Contract Tower,0,0,1,0,1,0,0,0,0,0,0,0,1,0,1,26,0,26,27
02/14/2022,HFD,CT,ANE,EN,Federal Contract Tower,0,0,5,0,5,0,0,65,0,65,0,0,70,0,70,64,0,64,134
02/15/2022,HFD,CT,ANE,EN,Federal Contract Tower,0,0,5,0,5,0,2,112,2,116,0,2,117,2,121,74,0,74,195
02/16/2022,HFD,CT,ANE,EN,Federal Contract Tower,0,1,12,0,13,0,0,68,0,68,0,1,80,0,81,70,6,76,157
02/17/2022,HFD,CT,ANE,EN,Federal Contract Tower,0,1,2,0,3,0,2,17,0,19,0,3,19,0,22,0,10,10,32
02/18/2022,HFD,CT,ANE,EN,Federal Contract Tower,0,0,0,0,0,0,0,11,0,11,0,0,11,0,11,0,0,0,11
02/19/2022,HFD,CT,ANE,EN,Federal Contract Tower,0,0,7,0,7,0,0,16,0,16,0,0,23,0,23,34,0,34,57
02/20/2022,HFD,CT,ANE,EN,Federal Contract Tower,0,0,5,0,5,0,0,111,0,111,0,0,116,0,116,178,0,178,294
02/21/2022,HFD,CT,ANE,EN,Federal Contract Tower,0,0,12,0,12,0,0,174,0,174,0,0,186,0,186,190,0,190,376
02/22/2022,HFD,CT,ANE,EN,Federal Contract Tower,0,1,7,0,8,0,0,0,0,0,0,1,7,0,8,0,0,0,8
02/23/2022,HFD,CT,ANE,EN,Federal Contract Tower,0,3,8,0,11,0,2,37,4,43,0,5,45,4,54,38,24,62,116
02/24/2022,HFD,CT,ANE,EN,Federal Contract Tower,0,4,10,0,14,0,0,144,0,144,0,4,154,0,158,8,0,8,166
02/25/2022,HFD,CT,ANE,EN,Federal Contract Tower,0,0,1,0,1,0,0,0,0,0,0,0,1,0,1,0,0,0,1
02/26/2022,HFD,CT,ANE,EN,Federal Contract Tower,0,0,4,0,4,0,0,107,2,109,0,0,111,2,113,170,2,172,285
02/27/2022,HFD,CT,ANE,EN,Federal Contract Tower,0,0,5,0,5,0,0,49,0,49,0,0,54,0,54,78,0,78,132
02/28/2022,HFD,CT,ANE,EN,Federal Contract Tower,0,2,9,0,11,0,0,100,0,100,0,2,109,0,111,86,12,98,209
03/01/2022,HFD,CT,ANE,EN,Federal Contract Tower,0,0,5,0,5,0,1,50,0,51,0,1,55,0,56,114,10,124,180
03/02/2022,HFD,CT,ANE,EN,Federal Contract Tower,0,0,6,0,6,0,3,122,2,127,0,3,128,2,133,62,8,70,203
03/03/2022,HFD,CT,ANE,EN,Federal Contract Tower,0,0,5,0,5,0,0,35,0,35,0,0,40,0,40,10,0,10,50
03/04/2022,HFD,CT,ANE,EN,Federal Contract Tower,0,0,9,0,9,0,0,135,0,135,0,0,144,0,144,194,0,194,338
03/05/2022,HFD,CT,ANE,EN,Federal Contract Tower,0,0,4,0,4,0,0,141,0,141,0,0,145,0,145,240,0,240,385
03/06/2022,HFD,CT,ANE,EN,Federal Contract Tower,0,0,1,0,1,0,0,7,0,7,0,0,8,0,8,0,0,0,8
03/07/2022,HFD,CT,ANE,EN,Federal Contract Tower,0,0,14,0,14,0,0,55,0,55,0,0,69,0,69,78,28,106,175
03/08/2022,HFD,CT,ANE,EN,Federal Contract Tower,0,0,5,0,5,0,0,42,0,42,0,0,47,0,47,0,0,0,47
03/09/2022,HFD,CT,ANE,EN,Federal Contract Tower,0,0,3,0,3,0,0,5,0,5,0,0,8,0,8,8,0,8,16
03/10/2022,HFD,CT,ANE,EN,Federal Contract Tower,0,2,4,0,6,0,0,142,0,142,0,2,146,0,148,170,0,170,318
03/11/2022,HFD,CT,ANE,EN,Federal Contract Tower,0,0,8,0,8,0,0,131,0,131,0,0,139,0,139,160,0,160,299
03/12/2022,HFD,CT,ANE,EN,Federal Contract Tower,0,0,0,0,0,0,0,0,0,0,0,0,0,0,0,0,0,0,0
03/13/2022,HFD,CT,ANE,EN,Federal Contract Tower,0,0,2,0,2,0,1,21,0,22,0,1,23,0,24,0,0,0,24
03/14/2022,HFD,CT,ANE,EN,Federal Contract Tower,0,0,7,0,7,0,1,108,0,109,0,1,115,0,116,78,0,78,194
03/15/2022,HFD,CT,ANE,EN,Federal Contract Tower,0,0,2,0,2,0,0,120,0,120,0,0,122,0,122,150,0,150,272
03/16/2022,HFD,CT,ANE,EN,Federal Contract Tower,0,0,7,0,7,0,1,110,0,111,0,1,117,0,118,82,0,82,200
03/17/2022,HFD,CT,ANE,EN,Federal Contract Tower,0,0,10,0,10,0,0,0,0,0,0,0,10,0,10,0,0,0,10
03/18/2022,HFD,CT,ANE,EN,Federal Contract Tower,0,0,10,0,10,0,1,154,0,155,0,1,164,0,165,254,0,254,419
03/19/2022,HFD,CT,ANE,EN,Federal Contract Tower,0,0,1,0,1,0,0,0,0,0,0,0,1,0,1,0,0,0,1
03/20/2022,HFD,CT,ANE,EN,Federal Contract Tower,0,0,7,0,7,0,0,83,0,83,0,0,90,0,90,124,0,124,214
03/21/2022,HFD,CT,ANE,EN,Federal Contract Tower,0,0,5,0,5,0,0,75,0,75,0,0,80,0,80,66,0,66,146
03/22/2022,HFD,CT,ANE,EN,Federal Contract Tower,0,2,3,0,5,0,3,56,0,59,0,5,59,0,64,34,0,34,98
03/23/2022,HFD,CT,ANE,EN,Federal Contract Tower,0,1,10,0,11,0,3,145,0,148,0,4,155,0,159,184,0,184,343
03/24/2022,HFD,CT,ANE,EN,Federal Contract Tower,0,2,2,0,4,0,0,0,0,0,0,2,2,0,4,0,0,0,4
03/25/2022,HFD,CT,ANE,EN,Federal Contract Tower,0,2,8,0,10,0,1,112,0,113,0,3,120,0,123,162,0,162,285
03/26/2022,HFD,CT,ANE,EN,Federal Contract Tower,0,0,6,0,6,0,0,86,0,86,0,0,92,0,92,258,2,260,352
03/27/2022,HFD,CT,ANE,EN,Federal Contract Tower,0,1,7,0,8,0,0,65,2,67,0,1,72,2,75,130,2,132,207
03/28/2022,HFD,CT,ANE,EN,Federal Contract Tower,0,1,2,0,3,0,0,14,0,14,0,1,16,0,17,0,0,0,17
03/29/2022,HFD,CT,ANE,EN,Federal Contract Tower,0,0,9,0,9,0,0,28,0,28,0,0,37,0,37,56,0,56,93
03/30/2022,HFD,CT,ANE,EN,Federal Contract Tower,0,2,9,0,11,0,3,147,0,150,0,5,156,0,161,96,0,96,257
03/31/2022,HFD,CT,ANE,EN,Federal Contract Tower,0,0,1,0,1,0,0,0,0,0,0,0,1,0,1,0,0,0,1
04/01/2022,HFD,CT,ANE,EN,Federal Contract Tower,0,0,8,0,8,0,0,13,0,13,0,0,21,0,21,65,0,65,86
04/02/2022,HFD,CT,ANE,EN,Federal Contract Tower,0,0,6,0,6,0,0,99,0,99,0,0,105,0,105,114,0,114,219
04/03/2022,HFD,CT,ANE,EN,Federal Contract Tower,0,1,4,0,5,0,0,55,0,55,0,1,59,0,60,50,0,50,110
04/04/2022,HFD,CT,ANE,EN,Federal Contract Tower,0,0,15,0,15,0,0,78,0,78,0,0,93,0,93,92,0,92,185
04/05/2022,HFD,CT,ANE,EN,Federal Contract Tower,0,0,13,0,13,0,1,145,0,146,0,1,158,0,159,148,0,148,307
04/06/2022,HFD,CT,ANE,EN,Federal Contract Tower,0,1,3,0,4,0,0,1,0,1,0,1,4,0,5,0,0,0,5
04/07/2022,HFD,CT,ANE,EN,Federal Contract Tower,0,2,5,0,7,0,0,1,0,1,0,2,6,0,8,16,0,16,24
04/08/2022,HFD,CT,ANE,EN,Federal Contract Tower,0,0,12,0,12,0,1,53,0,54,0,1,65,0,66,108,0,108,174
04/09/2022,HFD,CT,ANE,EN,Federal Contract Tower,0,0,9,0,9,0,0,9,0,9,0,0,18,0,18,40,0,40,58
04/10/2022,HFD,CT,ANE,EN,Federal Contract Tower,0,2,10,0,12,0,0,87,0,87,0,2,97,0,99,88,0,88,187
04/11/2022,HFD,CT,ANE,EN,Federal Contract Tower,0,2,11,0,13,0,0,173,0,173,0,2,184,0,186,260,0,260,446
04/12/2022,HFD,CT,ANE,EN,Federal Contract Tower,0,1,11,0,12,0,2,79,0,81,0,3,90,0,93,128,0,128,221
04/13/2022,HFD,CT,ANE,EN,Federal Contract Tower,0,0,6,0,6,0,0,112,0,112,0,0,118,0,118,198,0,198,316
04/14/2022,HFD,CT,ANE,EN,Federal Contract Tower,0,2,3,0,5,0,0,47,0,47,0,2,50,0,52,24,2,26,78
04/15/2022,HFD,CT,ANE,EN,Federal Contract Tower,0,0,9,0,9,0,1,121,0,122,0,1,130,0,131,98,0,98,229
04/16/2022,HFD,CT,ANE,EN,Federal Contract Tower,0,0,4,0,4,0,0,46,0,46,0,0,50,0,50,62,0,62,112
04/17/2022,HFD,CT,ANE,EN,Federal Contract Tower,0,0,3,0,3,0,0,31,0,31,0,0,34,0,34,8,0,8,42
04/18/2022,HFD,CT,ANE,EN,Federal Contract Tower,0,1,1,0,2,0,0,114,0,114,0,1,115,0,116,170,0,170,286
04/19/2022,HFD,CT,ANE,EN,Federal Contract Tower,0,0,6,0,6,0,0,9,0,9,0,0,15,0,15,2,0,2,17
04/20/2022,HFD,CT,ANE,EN,Federal Contract Tower,0,5,6,0,11,0,4,58,0,62,0,9,64,0,73,88,6,94,167
04/21/2022,HFD,CT,ANE,EN,Federal Contract Tower,0,0,8,0,8,0,1,68,0,69,0,1,76,0,77,66,2,68,145
04/22/2022,HFD,CT,ANE,EN,Federal Contract Tower,0,0,6,0,6,0,0,92,0,92,0,0,98,0,98,42,0,42,140
04/23/2022,HFD,CT,ANE,EN,Federal Contract Tower,0,3,5,0,8,0,0,199,0,199,0,3,204,0,207,234,0,234,441
04/24/2022,HFD,CT,ANE,EN,Federal Contract Tower,0,0,9,0,9,0,0,130,0,130,0,0,139,0,139,158,0,158,297
04/25/2022,HFD,CT,ANE,EN,Federal Contract Tower,0,2,6,0,8,0,0,116,0,116,0,2,122,0,124,224,0,224,348
04/26/2022,HFD,CT,ANE,EN,Federal Contract Tower,0,3,16,0,19,0,0,4,0,4,0,3,20,0,23,0,0,0,23
04/27/2022,HFD,CT,ANE,EN,Federal Contract Tower,0,6,5,2,13,0,3,40,0,43,0,9,45,2,56,30,4,34,90
04/28/2022,HFD,CT,ANE,EN,Federal Contract Tower,0,0,1,0,1,0,0,21,0,21,0,0,22,0,22,18,0,18,40
04/29/2022,HFD,CT,ANE,EN,Federal Contract Tower,0,0,8,0,8,0,0,33,0,33,0,0,41,0,41,10,0,10,51
04/30/2022,HFD,CT,ANE,EN,Federal Contract Tower,0,0,12,0,12,0,0,136,0,136,0,0,148,0,148,112,0,112,260
05/01/2022,HFD,CT,ANE,EN,Federal Contract Tower,0,0,6,0,6,0,0,149,0,149,0,0,155,0,155,148,0,148,303
05/02/2022,HFD,CT,ANE,EN,Federal Contract Tower,0,0,5,0,5,0,0,44,0,44,0,0,49,0,49,110,0,110,159
05/03/2022,HFD,CT,ANE,EN,Federal Contract Tower,0,0,24,0,24,0,0,14,0,14,0,0,38,0,38,116,8,124,162
05/04/2022,HFD,CT,ANE,EN,Federal Contract Tower,0,0,8,0,8,0,0,1,0,1,0,0,9,0,9,0,0,0,9
05/05/2022,HFD,CT,ANE,EN,Federal Contract Tower,0,0,4,0,4,0,0,174,0,174,0,0,178,0,178,18,0,18,196
05/06/2022,HFD,CT,ANE,EN,Federal Contract Tower,0,0,9,0,9,0,0,88,0,88,0,0,97,0,97,170,0,170,267
05/07/2022,HFD,CT,ANE,EN,Federal Contract Tower,0,1,5,0,6,0,0,14,0,14,0,1,19,0,20,0,0,0,20
05/08/2022,HFD,CT,ANE,EN,Federal Contract Tower,0,0,6,0,6,0,0,29,0,29,0,0,35,0,35,14,0,14,49
05/09/2022,HFD,CT,ANE,EN,Federal Contract Tower,0,0,2,0,2,0,0,31,0,31,0,0,33,0,33,102,0,102,135
05/10/2022,HFD,CT,ANE,EN,Federal Contract Tower,0,2,4,0,6,0,0,51,0,51,0,2,55,0,57,26,0,26,83
05/11/2022,HFD,CT,ANE,EN,Federal Contract Tower,0,0,4,0,4,0,1,102,0,103,0,1,106,0,107,164,0,164,271
05/12/2022,HFD,CT,ANE,EN,Federal Contract Tower,0,0,8,0,8,0,0,130,0,130,0,0,138,0,138,194,0,194,332
05/13/2022,HFD,CT,ANE,EN,Federal Contract Tower,0,0,10,0,10,0,0,65,0,65,0,0,75,0,75,0,180,180,255
05/14/2022,HFD,CT,ANE,EN,Federal Contract Tower,0,5,13,0,18,0,0,129,0,129,0,5,142,0,147,206,0,206,353
05/15/2022,HFD,CT,ANE,EN,Federal Contract Tower,0,2,12,0,14,0,0,75,0,75,0,2,87,0,89,156,0,156,245
05/16/2022,HFD,CT,ANE,EN,Federal Contract Tower,0,0,3,0,3,0,0,78,0,78,0,0,81,0,81,110,0,110,191
05/17/2022,HFD,CT,ANE,EN,Federal Contract Tower,0,2,0,0,2,0,0,37,0,37,0,2,37,0,39,36,0,36,75
05/18/2022,HFD,CT,ANE,EN,Federal Contract Tower,0,2,4,0,6,0,0,134,0,134,0,2,138,0,140,80,0,80,220
05/19/2022,HFD,CT,ANE,EN,Federal Contract Tower,0,0,13,0,13,0,0,4,0,4,0,0,17,0,17,4,0,4,21
05/20/2022,HFD,CT,ANE,EN,Federal Contract Tower,0,0,7,0,7,0,0,101,0,101,0,0,108,0,108,212,0,212,320
05/21/2022,HFD,CT,ANE,EN,Federal Contract Tower,0,1,9,0,10,0,1,84,0,85,0,2,93,0,95,131,0,131,226
05/22/2022,HFD,CT,ANE,EN,Federal Contract Tower,0,0,3,0,3,0,0,117,2,119,0,0,120,2,122,144,0,144,266
05/23/2022,HFD,CT,ANE,EN,Federal Contract Tower,0,0,6,0,6,0,0,157,0,157,0,0,163,0,163,220,0,220,383
05/24/2022,HFD,CT,ANE,EN,Federal Contract Tower,0,0,4,0,4,0,0,140,0,140,0,0,144,0,144,150,0,150,294
05/25/2022,HFD,CT,ANE,EN,Federal Contract Tower,0,0,6,0,6,0,0,168,0,168,0,0,174,0,174,244,0,244,418
05/26/2022,HFD,CT,ANE,EN,Federal Contract Tower,0,0,10,0,10,0,0,112,0,112,0,0,122,0,122,196,0,196,318
05/27/2022,HFD,CT,ANE,EN,Federal Contract Tower,0,1,21,0,22,0,0,19,0,19,0,1,40,0,41,36,0,36,77
05/28/2022,HFD,CT,ANE,EN,Federal Contract Tower,0,3,9,0,12,0,0,2,0,2,0,3,11,0,14,0,0,0,14
05/29/2022,HFD,CT,ANE,EN,Federal Contract Tower,0,0,8,0,8,0,0,157,0,157,0,0,165,0,165,128,0,128,293
05/30/2022,HFD,CT,ANE,EN,Federal Contract Tower,0,3,12,0,15,0,0,159,0,159,0,3,171,0,174,98,0,98,272
05/31/2022,HFD,CT,ANE,EN,Federal Contract Tower,0,2,6,0,8,0,0,109,0,109,0,2,115,0,117,96,0,96,213
06/01/2022,HFD,CT,ANE,EN,Federal Contract Tower,0,0,8,0,8,0,0,29,0,29,0,0,37,0,37,116,0,116,153
06/02/2022,HFD,CT,ANE,EN,Federal Contract Tower,0,0,17,0,17,0,0,2,2,4,0,0,19,2,21,38,2,40,61
06/03/2022,HFD,CT,ANE,EN,Federal Contract Tower,0,1,15,0,16,0,0,82,0,82,0,1,97,0,98,168,0,168,266
06/04/2022,HFD,CT,ANE,EN,Federal Contract Tower,0,0,13,0,13,0,1,142,0,143,0,1,155,0,156,294,0,294,450
06/05/2022,HFD,CT,ANE,EN,Federal Contract Tower,0,0,10,0,10,0,0,179,0,179,0,0,189,0,189,252,0,252,441
06/06/2022,HFD,CT,ANE,EN,Federal Contract Tower,0,0,4,0,4,0,0,137,0,137,0,0,141,0,141,178,0,178,319
06/07/2022,HFD,CT,ANE,EN,Federal Contract Tower,0,1,7,0,8,0,0,93,0,93,0,1,100,0,101,84,0,84,185
06/08/2022,HFD,CT,ANE,EN,Federal Contract Tower,0,1,5,0,6,0,0,88,0,88,0,1,93,0,94,172,0,172,266
06/09/2022,HFD,CT,ANE,EN,Federal Contract Tower,0,0,10,0,10,0,0,60,0,60,0,0,70,0,70,40,0,40,110
06/10/2022,HFD,CT,ANE,EN,Federal Contract Tower,0,1,2,0,3,0,0,118,0,118,0,1,120,0,121,106,0,106,227
06/11/2022,HFD,CT,ANE,EN,Federal Contract Tower,0,0,13,0,13,0,0,208,0,208,0,0,221,0,221,188,0,188,409
06/12/2022,HFD,CT,ANE,EN,Federal Contract Tower,0,0,11,0,11,0,0,63,0,63,0,0,74,0,74,94,0,94,168
06/13/2022,HFD,CT,ANE,EN,Federal Contract Tower,0,0,11,0,11,0,2,88,4,94,0,2,99,4,105,154,0,154,259
06/14/2022,HFD,CT,ANE,EN,Federal Contract Tower,0,2,10,0,12,0,4,108,0,112,0,6,118,0,124,248,0,248,372
06/15/2022,HFD,CT,ANE,EN,Federal Contract Tower,0,1,10,0,11,0,2,120,0,122,0,3,130,0,133,120,0,120,253
06/16/2022,HFD,CT,ANE,EN,Federal Contract Tower,0,2,17,0,19,0,0,45,0,45,0,2,62,0,64,138,0,138,202
06/17/2022,HFD,CT,ANE,EN,Federal Contract Tower,0,0,25,0,25,0,0,42,0,42,0,0,67,0,67,56,0,56,123
06/18/2022,HFD,CT,ANE,EN,Federal Contract Tower,0,3,5,0,8,0,0,42,2,44,0,3,47,2,52,24,6,30,82
06/19/2022,HFD,CT,ANE,EN,Federal Contract Tower,0,2,10,0,12,0,1,51,0,52,0,3,61,0,64,16,0,16,80
06/20/2022,HFD,CT,ANE,EN,Federal Contract Tower,0,10,7,0,17,0,0,174,0,174,0,10,181,0,191,128,8,136,327
06/21/2022,HFD,CT,ANE,EN,Federal Contract Tower,0,6,15,0,21,0,5,143,0,148,0,11,158,0,169,136,0,136,305
06/22/2022,HFD,CT,ANE,EN,Federal Contract Tower,0,2,18,0,20,0,0,1,0,1,0,2,19,0,21,30,0,30,51
06/23/2022,HFD,CT,ANE,EN,Federal Contract Tower,0,0,13,0,13,0,0,76,3,79,0,0,89,3,92,88,0,88,180
06/24/2022,HFD,CT,ANE,EN,Federal Contract Tower,0,4,16,0,20,0,0,171,0,171,0,4,187,0,191,164,4,168,359
06/25/2022,HFD,CT,ANE,EN,Federal Contract Tower,0,3,12,0,15,0,2,166,0,168,0,5,178,0,183,172,0,172,355
06/26/2022,HFD,CT,ANE,EN,Federal Contract Tower,0,11,11,0,22,0,0,118,0,118,0,11,129,0,140,37,0,37,177
06/27/2022,HFD,CT,ANE,EN,Federal Contract Tower,0,0,12,0,12,0,0,1,0,1,0,0,13,0,13,0,0,0,13
06/28/2022,HFD,CT,ANE,EN,Federal Contract Tower,0,1,6,0,7,0,1,153,0,154,0,2,159,0,161,70,28,98,259
06/29/2022,HFD,CT,ANE,EN,Federal Contract Tower,0,2,13,0,15,0,6,106,0,112,0,8,119,0,127,156,2,158,285
06/30/2022,HFD,CT,ANE,EN,Federal Contract Tower,0,1,11,0,12,0,1,124,0,125,0,2,135,0,137,176,0,176,313
07/01/2022,HFD,CT,ANE,EN,Federal Contract Tower,0,2,8,0,10,0,0,124,0,124,0,2,132,0,134,144,0,144,278
07/02/2022,HFD,CT,ANE,EN,Federal Contract Tower,0,0,7,0,7,0,0,27,0,27,0,0,34,0,34,52,0,52,86
07/03/2022,HFD,CT,ANE,EN,Federal Contract Tower,0,0,5,0,5,0,0,102,0,102,0,0,107,0,107,36,0,36,143
07/04/2022,HFD,CT,ANE,EN,Federal Contract Tower,0,0,6,0,6,0,1,87,0,88,0,1,93,0,94,78,0,78,172
07/05/2022,HFD,CT,ANE,EN,Federal Contract Tower,0,0,12,0,12,0,0,71,0,71,0,0,83,0,83,108,0,108,191
07/06/2022,HFD,CT,ANE,EN,Federal Contract Tower,0,3,15,0,18,0,0,87,0,87,0,3,102,0,105,148,6,154,259
07/07/2022,HFD,CT,ANE,EN,Federal Contract Tower,0,0,15,0,15,0,0,127,0,127,0,0,142,0,142,180,6,186,328
07/08/2022,HFD,CT,ANE,EN,Federal Contract Tower,0,0,6,0,6,0,2,124,0,126,0,2,130,0,132,162,0,162,294
07/09/2022,HFD,CT,ANE,EN,Federal Contract Tower,0,0,5,0,5,0,2,123,0,125,0,2,128,0,130,162,0,162,292
07/10/2022,HFD,CT,ANE,EN,Federal Contract Tower,0,0,6,0,6,0,1,139,0,140,0,1,145,0,146,156,0,156,302
07/11/2022,HFD,CT,ANE,EN,Federal Contract Tower,0,0,1,0,1,0,3,117,0,120,0,3,118,0,121,88,0,88,209
07/12/2022,HFD,CT,ANE,EN,Federal Contract Tower,0,0,4,0,4,0,1,30,0,31,0,1,34,0,35,16,0,16,51
07/13/2022,HFD,CT,ANE,EN,Federal Contract Tower,0,4,17,0,21,0,1,130,2,133,0,5,147,2,154,142,8,150,304
07/14/2022,HFD,CT,ANE,EN,Federal Contract Tower,0,0,18,0,18,0,0,68,0,68,0,0,86,0,86,64,0,64,150
07/15/2022,HFD,CT,ANE,EN,Federal Contract Tower,0,0,7,0,7,0,0,179,0,179,0,0,186,0,186,170,0,170,356
07/16/2022,HFD,CT,ANE,EN,Federal Contract Tower,0,0,3,0,3,0,0,101,0,101,0,0,104,0,104,182,0,182,286
07/17/2022,HFD,CT,ANE,EN,Federal Contract Tower,0,0,16,0,16,0,0,102,0,102,0,0,118,0,118,105,0,105,223
07/18/2022,HFD,CT,ANE,EN,Federal Contract Tower,0,0,4,0,4,0,0,0,0,0,0,0,4,0,4,0,0,0,4
07/19/2022,HFD,CT,ANE,EN,Federal Contract Tower,0,0,3,0,3,0,0,90,0,90,0,0,93,0,93,80,0,80,173
07/20/2022,HFD,CT,ANE,EN,Federal Contract Tower,0,0,11,0,11,0,1,83,0,84,0,1,94,0,95,120,0,120,215
07/21/2022,HFD,CT,ANE,EN,Federal Contract Tower,0,0,2,0,2,0,0,32,0,32,0,0,34,0,34,10,2,12,46
07/22/2022,HFD,CT,ANE,EN,Federal Contract Tower,0,0,9,0,9,0,1,129,0,130,0,1,138,0,139,166,0,166,305
07/23/2022,HFD,CT,ANE,EN,Federal Contract Tower,0,0,10,0,10,0,0,127,0,127,0,0,137,0,137,78,0,78,215
07/24/2022,HFD,CT,ANE,EN,Federal Contract Tower,0,1,8,0,9,0,0,76,0,76,0,1,84,0,85,64,0,64,149
07/25/2022,HFD,CT,ANE,EN,Federal Contract Tower,0,0,8,0,8,0,0,32,0,32,0,0,40,0,40,24,0,24,64
07/26/2022,HFD,CT,ANE,EN,Federal Contract Tower,0,2,10,0,12,0,1,100,0,101,0,3,110,0,113,152,0,152,265
07/27/2022,HFD,CT,ANE,EN,Federal Contract Tower,0,0,5,0,5,0,3,134,0,137,0,3,139,0,142,112,0,112,254
07/28/2022,HFD,CT,ANE,EN,Federal Contract Tower,0,0,13,0,13,0,0,22,0,22,0,0,35,0,35,108,0,108,143
07/29/2022,HFD,CT,ANE,EN,Federal Contract Tower,0,0,8,0,8,0,0,116,0,116,0,0,124,0,124,204,0,204,328
07/30/2022,HFD,CT,ANE,EN,Federal Contract Tower,0,0,5,0,5,0,0,94,0,94,0,0,99,0,99,42,0,42,141
07/31/2022,HFD,CT,ANE,EN,Federal Contract Tower,0,1,6,0,7,0,0,145,0,145,0,1,151,0,152,140,0,140,292
08/01/2022,HFD,CT,ANE,EN,Federal Contract Tower,0,0,10,0,10,0,0,76,0,76,0,0,86,0,86,271,0,271,357
08/02/2022,HFD,CT,ANE,EN,Federal Contract Tower,0,0,5,0,5,0,2,67,1,70,0,2,72,1,75,84,0,84,159
08/03/2022,HFD,CT,ANE,EN,Federal Contract Tower,0,0,5,0,5,0,2,148,0,150,0,2,153,0,155,146,0,146,301
08/04/2022,HFD,CT,ANE,EN,Federal Contract Tower,0,1,7,0,8,0,1,114,0,115,0,2,121,0,123,201,0,201,324
08/05/2022,HFD,CT,ANE,EN,Federal Contract Tower,0,0,5,0,5,0,0,82,0,82,0,0,87,0,87,222,0,222,309
08/06/2022,HFD,CT,ANE,EN,Federal Contract Tower,0,0,10,0,10,0,0,110,0,110,0,0,120,0,120,102,0,102,222
08/07/2022,HFD,CT,ANE,EN,Federal Contract Tower,0,0,10,0,10,0,0,67,0,67,0,0,77,0,77,106,0,106,183
08/08/2022,HFD,CT,ANE,EN,Federal Contract Tower,0,1,6,0,7,0,0,81,0,81,0,1,87,0,88,50,0,50,138
08/09/2022,HFD,CT,ANE,EN,Federal Contract Tower,0,1,7,1,9,0,0,56,0,56,0,1,63,1,65,84,0,84,149
08/10/2022,HFD,CT,ANE,EN,Federal Contract Tower,0,0,9,0,9,0,2,104,0,106,0,2,113,0,115,172,0,172,287
08/11/2022,HFD,CT,ANE,EN,Federal Contract Tower,0,1,14,2,17,0,0,90,0,90,0,1,104,2,107,0,0,0,107
08/12/2022,HFD,CT,ANE,EN,Federal Contract Tower,0,1,11,0,12,0,14,140,0,154,0,15,151,0,166,184,0,184,350
08/13/2022,HFD,CT,ANE,EN,Federal Contract Tower,0,2,18,0,20,0,0,168,0,168,0,2,186,0,188,154,0,154,342
08/14/2022,HFD,CT,ANE,EN,Federal Contract Tower,0,0,18,0,18,0,0,140,0,140,0,0,158,0,158,182,0,182,340
08/15/2022,HFD,CT,ANE,EN,Federal Contract Tower,0,2,4,2,8,0,1,141,0,142,0,3,145,2,150,168,0,168,318
08/16/2022,HFD,CT,ANE,EN,Federal Contract Tower,0,0,10,0,10,0,0,107,0,107,0,0,117,0,117,110,0,110,227
08/17/2022,HFD,CT,ANE,EN,Federal Contract Tower,0,0,8,1,9,0,0,66,1,67,0,0,74,2,76,256,0,256,332
08/18/2022,HFD,CT,ANE,EN,Federal Contract Tower,0,0,13,0,13,0,0,90,0,90,0,0,103,0,103,42,0,42,145
08/19/2022,HFD,CT,ANE,EN,Federal Contract Tower,0,0,8,0,8,0,0,0,0,0,0,0,8,0,8,98,0,98,106
08/20/2022,HFD,CT,ANE,EN,Federal Contract Tower,0,0,9,0,9,0,0,134,0,134,0,0,143,0,143,202,0,202,345
08/21/2022,HFD,CT,ANE,EN,Federal Contract Tower,0,0,11,0,11,0,0,94,0,94,0,0,105,0,105,54,0,54,159
08/22/2022,HFD,CT,ANE,EN,Federal Contract Tower,0,2,10,0,12,0,0,10,0,10,0,2,20,0,22,32,0,32,54
08/23/2022,HFD,CT,ANE,EN,Federal Contract Tower,0,5,9,0,14,0,0,1,0,1,0,5,10,0,15,0,0,0,15
08/24/2022,HFD,CT,ANE,EN,Federal Contract Tower,0,2,10,0,12,0,0,108,0,108,0,2,118,0,120,138,0,138,258
08/25/2022,HFD,CT,ANE,EN,Federal Contract Tower,0,0,9,3,12,0,0,152,0,152,0,0,161,3,164,302,0,302,466
08/26/2022,HFD,CT,ANE,EN,Federal Contract Tower,0,0,5,0,5,0,1,55,0,56,0,1,60,0,61,86,0,86,147
08/27/2022,HFD,CT,ANE,EN,Federal Contract Tower,0,0,11,0,11,0,1,119,0,120,0,1,130,0,131,122,0,122,253
08/28/2022,HFD,CT,ANE,EN,Federal Contract Tower,0,2,22,0,24,0,0,81,0,81,0,2,103,0,105,76,0,76,181
08/29/2022,HFD,CT,ANE,EN,Federal Contract Tower,0,0,21,0,21,0,0,59,0,59,0,0,80,0,80,101,0,101,181
08/30/2022,HFD,CT,ANE,EN,Federal Contract Tower,0,0,16,0,16,0,0,35,0,35,0,0,51,0,51,104,0,104,155
08/31/2022,HFD,CT,ANE,EN,Federal Contract Tower,0,2,18,0,20,0,0,89,0,89,0,2,107,0,109,94,0,94,203
09/01/2022,HFD,CT,ANE,EN,Federal Contract Tower,0,1,9,0,10,0,0,96,0,96,0,1,105,0,106,90,0,90,196
09/02/2022,HFD,CT,ANE,EN,Federal Contract Tower,0,0,10,0,10,0,0,179,0,179,0,0,189,0,189,249,0,249,438
09/03/2022,HFD,CT,ANE,EN,Federal Contract Tower,0,1,10,0,11,0,0,104,0,104,0,1,114,0,115,38,0,38,153
09/04/2022,HFD,CT,ANE,EN,Federal Contract Tower,0,1,10,0,11,0,0,89,0,89,0,1,99,0,100,188,0,188,288
09/05/2022,HFD,CT,ANE,EN,Federal Contract Tower,0,2,7,0,9,0,0,0,0,0,0,2,7,0,9,0,0,0,9
09/06/2022,HFD,CT,ANE,EN,Federal Contract Tower,0,2,9,0,11,0,0,0,0,0,0,2,9,0,11,0,0,0,11
09/07/2022,HFD,CT,ANE,EN,Federal Contract Tower,0,0,22,0,22,0,0,52,0,52,0,0,74,0,74,78,2,80,154
09/08/2022,HFD,CT,ANE,EN,Federal Contract Tower,0,0,10,0,10,0,0,129,0,129,0,0,139,0,139,150,0,150,289
09/09/2022,HFD,CT,ANE,EN,Federal Contract Tower,0,2,10,0,12,0,1,155,0,156,0,3,165,0,168,146,0,146,314
09/10/2022,HFD,CT,ANE,EN,Federal Contract Tower,0,1,12,0,13,0,0,120,0,120,0,1,132,0,133,134,2,136,269
09/11/2022,HFD,CT,ANE,EN,Federal Contract Tower,0,0,6,0,6,0,0,80,0,80,0,0,86,0,86,138,0,138,224
09/12/2022,HFD,CT,ANE,EN,Federal Contract Tower,0,0,12,2,14,0,0,20,0,20,0,0,32,2,34,20,0,20,54
09/13/2022,HFD,CT,ANE,EN,Federal Contract Tower,0,0,3,0,3,0,0,6,0,6,0,0,9,0,9,20,0,20,29
09/14/2022,HFD,CT,ANE,EN,Federal Contract Tower,0,0,2,0,2,0,6,118,0,124,0,6,120,0,126,78,0,78,204
09/15/2022,HFD,CT,ANE,EN,Federal Contract Tower,0,0,8,0,8,0,0,148,0,148,0,0,156,0,156,68,0,68,224
09/16/2022,HFD,CT,ANE,EN,Federal Contract Tower,0,2,11,0,13,0,0,138,0,138,0,2,149,0,151,164,0,164,315
09/17/2022,HFD,CT,ANE,EN,Federal Contract Tower,0,4,6,0,10,0,0,108,0,108,0,4,114,0,118,160,0,160,278
09/18/2022,HFD,CT,ANE,EN,Federal Contract Tower,0,0,12,0,12,0,0,115,0,115,0,0,127,0,127,140,0,140,267
09/19/2022,HFD,CT,ANE,EN,Federal Contract Tower,0,0,4,0,4,0,0,63,0,63,0,0,67,0,67,74,0,74,141
09/20/2022,HFD,CT,ANE,EN,Federal Contract Tower,0,1,10,0,11,0,0,59,0,59,0,1,69,0,70,84,0,84,154
09/21/2022,HFD,CT,ANE,EN,Federal Contract Tower,0,0,20,0,20,0,3,100,0,103,0,3,120,0,123,108,0,108,231
09/22/2022,HFD,CT,ANE,EN,Federal Contract Tower,0,0,12,0,12,0,2,8,0,10,0,2,20,0,22,12,0,12,34
09/23/2022,HFD,CT,ANE,EN,Federal Contract Tower,0,1,6,0,7,0,1,59,0,60,0,2,65,0,67,30,0,30,97
09/24/2022,HFD,CT,ANE,EN,Federal Contract Tower,0,1,11,0,12,0,1,126,0,127,0,2,137,0,139,126,0,126,265
09/25/2022,HFD,CT,ANE,EN,Federal Contract Tower,0,2,11,0,13,0,0,95,0,95,0,2,106,0,108,94,0,94,202
09/26/2022,HFD,CT,ANE,EN,Federal Contract Tower,0,0,14,0,14,0,2,66,0,68,0,2,80,0,82,66,0,66,148
09/27/2022,HFD,CT,ANE,EN,Federal Contract Tower,0,2,11,0,13,0,0,130,0,130,0,2,141,0,143,98,0,98,241
09/29/2022,HFD,CT,ANE,EN,Federal Contract Tower,0,0,13,0,13,0,3,104,0,107,0,3,117,0,120,172,2,174,294
09/30/2022,HFD,CT,ANE,EN,Federal Contract Tower,0,0,12,0,12,0,0,144,0,144,0,0,156,0,156,190,0,190,346
10/01/2022,HFD,CT,ANE,EN,Federal Contract Tower,0,0,7,0,7,0,0,3,0,3,0,0,10,0,10,0,0,0,10
10/02/2022,HFD,CT,ANE,EN,Federal Contract Tower,0,0,5,0,5,0,0,12,0,12,0,0,17,0,17,6,0,6,23
10/03/2022,HFD,CT,ANE,EN,Federal Contract Tower,0,0,6,0,6,0,0,66,0,66,0,0,72,0,72,101,0,101,173
10/04/2022,HFD,CT,ANE,EN,Federal Contract Tower,0,0,9,0,9,0,0,7,0,7,0,0,16,0,16,0,0,0,16
10/05/2022,HFD,CT,ANE,EN,Federal Contract Tower,0,0,24,0,24,0,0,2,0,2,0,0,26,0,26,2,0,2,28
10/06/2022,HFD,CT,ANE,EN,Federal Contract Tower,0,2,14,0,16,0,1,169,0,170,0,3,183,0,186,24,4,28,214
10/07/2022,HFD,CT,ANE,EN,Federal Contract Tower,0,0,9,0,9,2,2,160,0,164,2,2,169,0,173,157,0,157,330
10/08/2022,HFD,CT,ANE,EN,Federal Contract Tower,4,0,9,0,13,0,6,137,0,143,4,6,146,0,156,72,0,72,228
10/09/2022,HFD,CT,ANE,EN,Federal Contract Tower,0,0,6,0,6,0,0,99,0,99,0,0,105,0,105,119,0,119,224
10/10/2022,HFD,CT,ANE,EN,Federal Contract Tower,0,0,6,0,6,0,0,125,0,125,0,0,131,0,131,182,0,182,313
10/11/2022,HFD,CT,ANE,EN,Federal Contract Tower,0,0,6,0,6,0,0,127,0,127,0,0,133,0,133,91,0,91,224
10/12/2022,HFD,CT,ANE,EN,Federal Contract Tower,0,2,18,0,20,0,0,134,2,136,0,2,152,2,156,140,0,140,296
10/13/2022,HFD,CT,ANE,EN,Federal Contract Tower,0,0,9,0,9,0,0,0,0,0,0,0,9,0,9,0,0,0,9
10/14/2022,HFD,CT,ANE,EN,Federal Contract Tower,0,2,18,0,20,0,0,45,0,45,0,2,63,0,65,26,0,26,91
10/15/2022,HFD,CT,ANE,EN,Federal Contract Tower,0,5,8,0,13,0,7,127,0,134,0,12,135,0,147,112,0,112,259
10/16/2022,HFD,CT,ANE,EN,Federal Contract Tower,0,0,8,0,8,0,0,119,0,119,0,0,127,0,127,110,0,110,237
10/17/2022,HFD,CT,ANE,EN,Federal Contract Tower,0,2,8,0,10,0,0,15,0,15,0,2,23,0,25,40,0,40,65
10/18/2022,HFD,CT,ANE,EN,Federal Contract Tower,0,0,2,0,2,0,10,67,2,79,0,10,69,2,81,163,4,167,248
10/19/2022,HFD,CT,ANE,EN,Federal Contract Tower,0,0,10,0,10,0,0,99,0,99,0,0,109,0,109,72,0,72,181
10/20/2022,HFD,CT,ANE,EN,Federal Contract Tower,0,0,6,0,6,0,0,90,0,90,0,0,96,0,96,145,0,145,241
10/21/2022,HFD,CT,ANE,EN,Federal Contract Tower,0,0,9,0,9,0,0,165,0,165,0,0,174,0,174,176,0,176,350
10/22/2022,HFD,CT,ANE,EN,Federal Contract Tower,0,1,6,0,7,0,0,157,0,157,0,1,163,0,164,236,0,236,400
10/23/2022,HFD,CT,ANE,EN,Federal Contract Tower,0,0,8,0,8,0,0,68,0,68,0,0,76,0,76,168,0,168,244
10/24/2022,HFD,CT,ANE,EN,Federal Contract Tower,0,0,5,0,5,0,0,0,0,0,0,0,5,0,5,0,0,0,5
10/25/2022,HFD,CT,ANE,EN,Federal Contract Tower,0,0,2,0,2,0,0,1,0,1,0,0,3,0,3,0,0,0,3
10/26/2022,HFD,CT,ANE,EN,Federal Contract Tower,0,2,6,0,8,0,0,1,0,1,0,2,7,0,9,0,0,0,9
10/27/2022,HFD,CT,ANE,EN,Federal Contract Tower,0,0,4,0,4,0,0,118,0,118,0,0,122,0,122,139,0,139,261
10/28/2022,HFD,CT,ANE,EN,Federal Contract Tower,0,3,6,0,9,0,2,150,0,152,0,5,156,0,161,232,0,232,393
10/29/2022,HFD,CT,ANE,EN,Federal Contract Tower,0,0,7,0,7,0,0,144,0,144,0,0,151,0,151,66,0,66,217
10/30/2022,HFD,CT,ANE,EN,Federal Contract Tower,0,0,4,0,4,0,0,166,0,166,0,0,170,0,170,164,0,164,334
10/31/2022,HFD,CT,ANE,EN,Federal Contract Tower,0,0,8,0,8,0,0,83,0,83,0,0,91,0,91,222,0,222,313
11/01/2022,HFD,CT,ANE,EN,Federal Contract Tower,0,0,22,0,22,0,0,12,0,12,0,0,34,0,34,16,0,16,50
11/02/2022,HFD,CT,ANE,EN,Federal Contract Tower,0,0,7,0,7,0,2,110,0,112,0,2,117,0,119,158,0,158,277
11/03/2022,HFD,CT,ANE,EN,Federal Contract Tower,0,0,13,0,13,0,0,135,0,135,0,0,148,0,148,203,0,203,351
11/04/2022,HFD,CT,ANE,EN,Federal Contract Tower,0,5,15,0,20,0,6,111,0,117,0,11,126,0,137,48,0,48,185
11/05/2022,HFD,CT,ANE,EN,Federal Contract Tower,0,0,17,0,17,0,2,80,0,82,0,2,97,0,99,76,0,76,175
11/06/2022,HFD,CT,ANE,EN,Federal Contract Tower,0,1,12,0,13,0,0,64,0,64,0,1,76,0,77,58,0,58,135
11/07/2022,HFD,CT,ANE,EN,Federal Contract Tower,0,1,7,0,8,0,11,103,0,114,0,12,110,0,122,190,0,190,312
11/08/2022,HFD,CT,ANE,EN,Federal Contract Tower,0,2,7,0,9,0,4,57,0,61,0,6,64,0,70,74,0,74,144
11/09/2022,HFD,CT,ANE,EN,Federal Contract Tower,0,3,7,0,10,0,7,126,4,137,0,10,133,4,147,174,8,182,329
11/10/2022,HFD,CT,ANE,EN,Federal Contract Tower,0,4,13,0,17,0,0,98,0,98,0,4,111,0,115,118,0,118,233
11/11/2022,HFD,CT,ANE,EN,Federal Contract Tower,0,1,9,0,10,0,0,17,0,17,0,1,26,0,27,66,0,66,93
11/12/2022,HFD,CT,ANE,EN,Federal Contract Tower,0,5,2,0,7,0,2,35,0,37,0,7,37,0,44,18,0,18,62
11/13/2022,HFD,CT,ANE,EN,Federal Contract Tower,0,0,7,0,7,0,0,41,0,41,0,0,48,0,48,38,0,38,86
11/14/2022,HFD,CT,ANE,EN,Federal Contract Tower,0,0,2,0,2,0,0,83,0,83,0,0,85,0,85,66,0,66,151
11/15/2022,HFD,CT,ANE,EN,Federal Contract Tower,0,0,6,0,6,0,0,82,1,83,0,0,88,1,89,216,0,216,305
11/16/2022,HFD,CT,ANE,EN,Federal Contract Tower,0,0,9,0,9,0,0,12,0,12,0,0,21,0,21,36,0,36,57
11/17/2022,HFD,CT,ANE,EN,Federal Contract Tower,0,0,10,0,10,0,0,67,0,67,0,0,77,0,77,64,0,64,141
11/18/2022,HFD,CT,ANE,EN,Federal Contract Tower,0,2,12,0,14,0,8,102,0,110,0,10,114,0,124,128,0,128,252
11/19/2022,HFD,CT,ANE,EN,Federal Contract Tower,0,2,7,0,9,0,4,129,0,133,0,6,136,0,142,218,0,218,360
11/20/2022,HFD,CT,ANE,EN,Federal Contract Tower,0,4,7,0,11,0,0,34,0,34,0,4,41,0,45,0,0,0,45
11/21/2022,HFD,CT,ANE,EN,Federal Contract Tower,0,0,5,0,5,0,0,113,0,113,0,0,118,0,118,120,0,120,238
11/22/2022,HFD,CT,ANE,EN,Federal Contract Tower,0,0,7,0,7,0,0,86,0,86,0,0,93,0,93,126,2,128,221
11/23/2022,HFD,CT,ANE,EN,Federal Contract Tower,0,0,5,0,5,0,0,116,0,116,0,0,121,0,121,156,0,156,277
11/24/2022,HFD,CT,ANE,EN,Federal Contract Tower,0,0,2,0,2,0,1,35,0,36,0,1,37,0,38,12,0,12,50
11/25/2022,HFD,CT,ANE,EN,Federal Contract Tower,0,0,5,0,5,0,0,0,0,0,0,0,5,0,5,10,0,10,15
11/26/2022,HFD,CT,ANE,EN,Federal Contract Tower,0,0,5,0,5,0,0,91,0,91,0,0,96,0,96,66,0,66,162
11/27/2022,HFD,CT,ANE,EN,Federal Contract Tower,0,2,3,0,5,0,0,52,0,52,0,2,55,0,57,128,0,128,185
11/28/2022,HFD,CT,ANE,EN,Federal Contract Tower,0,5,3,0,8,0,2,28,0,30,0,7,31,0,38,22,0,22,60
11/29/2022,HFD,CT,ANE,EN,Federal Contract Tower,0,2,4,0,6,0,3,71,0,74,0,5,75,0,80,165,2,167,247
11/30/2022,HFD,CT,ANE,EN,Federal Contract Tower,0,0,2,0,2,0,0,4,0,4,0,0,6,0,6,32,0,32,38
12/01/2022,HFD,CT,ANE,EN,Federal Contract Tower,0,1,3,0,4,0,4,19,0,23,0,5,22,0,27,6,0,6,33
12/02/2022,HFD,CT,ANE,EN,Federal Contract Tower,0,2,18,0,20,0,0,131,0,131,0,2,149,0,151,234,0,234,385
12/03/2022,HFD,CT,ANE,EN,Federal Contract Tower,0,0,4,0,4,0,0,0,0,0,0,0,4,0,4,10,0,10,14
12/04/2022,HFD,CT,ANE,EN,Federal Contract Tower,0,1,10,0,11,0,2,105,0,107,0,3,115,0,118,102,0,102,220
12/05/2022,HFD,CT,ANE,EN,Federal Contract Tower,0,0,7,0,7,0,1,90,0,91,0,1,97,0,98,150,0,150,248
12/06/2022,HFD,CT,ANE,EN,Federal Contract Tower,0,1,7,0,8,0,0,17,0,17,0,1,24,0,25,86,2,88,113
12/07/2022,HFD,CT,ANE,EN,Federal Contract Tower,0,0,1,0,1,0,0,0,0,0,0,0,1,0,1,0,0,0,1
12/08/2022,HFD,CT,ANE,EN,Federal Contract Tower,0,0,3,0,3,0,7,85,0,92,0,7,88,0,95,239,0,239,334
12/09/2022,HFD,CT,ANE,EN,Federal Contract Tower,0,0,3,0,3,0,17,128,0,145,0,17,131,0,148,184,0,184,332
12/10/2022,HFD,CT,ANE,EN,Federal Contract Tower,0,0,7,0,7,0,5,79,2,86,0,5,86,2,93,178,0,178,271
12/11/2022,HFD,CT,ANE,EN,Federal Contract Tower,0,0,0,0,0,0,2,54,0,56,0,2,54,0,56,26,0,26,82
12/12/2022,HFD,CT,ANE,EN,Federal Contract Tower,0,0,4,0,4,0,0,31,0,31,0,0,35,0,35,32,0,32,67
12/13/2022,HFD,CT,ANE,EN,Federal Contract Tower,0,0,3,0,3,0,0,65,0,65,0,0,68,0,68,164,0,164,232
12/14/2022,HFD,CT,ANE,EN,Federal Contract Tower,0,2,5,0,7,0,4,18,0,22,0,6,23,0,29,38,0,38,67
12/15/2022,HFD,CT,ANE,EN,Federal Contract Tower,0,0,2,0,2,0,0,4,0,4,0,0,6,0,6,157,0,157,163
12/16/2022,HFD,CT,ANE,EN,Federal Contract Tower,0,0,2,0,2,0,0,0,0,0,0,0,2,0,2,0,0,0,2
12/17/2022,HFD,CT,ANE,EN,Federal Contract Tower,0,0,1,0,1,0,0,30,0,30,0,0,31,0,31,22,0,22,53
12/18/2022,HFD,CT,ANE,EN,Federal Contract Tower,0,0,11,0,11,0,4,93,0,97,0,4,104,0,108,120,0,120,228
12/19/2022,HFD,CT,ANE,EN,Federal Contract Tower,0,0,10,0,10,0,0,84,0,84,0,0,94,0,94,114,0,114,208
12/20/2022,HFD,CT,ANE,EN,Federal Contract Tower,0,2,6,0,8,0,2,84,0,86,0,4,90,0,94,176,0,176,270
12/21/2022,HFD,CT,ANE,EN,Federal Contract Tower,0,0,9,0,9,0,4,109,0,113,0,4,118,0,122,134,0,134,256
12/22/2022,HFD,CT,ANE,EN,Federal Contract Tower,0,0,0,0,0,0,0,32,0,32,0,0,32,0,32,106,0,106,138
12/23/2022,HFD,CT,ANE,EN,Federal Contract Tower,0,2,0,0,2,0,0,0,0,0,0,2,0,0,2,0,0,0,2
12/24/2022,HFD,CT,ANE,EN,Federal Contract Tower,0,0,2,0,2,0,0,12,0,12,0,0,14,0,14,0,0,0,14
12/25/2022,HFD,CT,ANE,EN,Federal Contract Tower,0,0,0,0,0,0,0,1,0,1,0,0,1,0,1,0,0,0,1
12/26/2022,HFD,CT,ANE,EN,Federal Contract Tower,0,0,6,0,6,0,0,91,0,91,0,0,97,0,97,86,0,86,183
12/27/2022,HFD,CT,ANE,EN,Federal Contract Tower,0,1,8,0,9,0,0,59,0,59,0,1,67,0,68,107,0,107,175
12/28/2022,HFD,CT,ANE,EN,Federal Contract Tower,0,0,2,0,2,0,2,61,0,63,0,2,63,0,65,36,0,36,101
12/29/2022,HFD,CT,ANE,EN,Federal Contract Tower,0,1,8,0,9,0,9,101,0,110,0,10,109,0,119,70,0,70,189
12/30/2022,HFD,CT,ANE,EN,Federal Contract Tower,0,0,8,0,8,0,2,105,0,107,0,2,113,0,115,248,0,248,363
12/31/2022,HFD,CT,ANE,EN,Federal Contract Tower,0,0,7,0,7,0,0,0,0,0,0,0,7,0,7,0,0,0,7
01/01/2023,HFD,CT,ANE,EN,Federal Contract Tower,0,0,0,0,0,0,0,11,0,11,0,0,11,0,11,0,0,0,11
01/02/2023,HFD,CT,ANE,EN,Federal Contract Tower,0,0,4,0,4,0,0,130,0,130,0,0,134,0,134,181,0,181,315
01/03/2023,HFD,CT,ANE,EN,Federal Contract Tower,0,0,0,0,0,0,0,0,0,0,0,0,0,0,0,0,0,0,0
01/04/2023,HFD,CT,ANE,EN,Federal Contract Tower,0,2,2,0,4,0,0,0,0,0,0,2,2,0,4,0,0,0,4
01/05/2023,HFD,CT,ANE,EN,Federal Contract Tower,0,0,3,0,3,0,0,1,0,1,0,0,4,0,4,0,0,0,4
01/06/2023,HFD,CT,ANE,EN,Federal Contract Tower,0,2,2,0,4,0,0,0,0,0,0,2,2,0,4,0,0,0,4
01/07/2023,HFD,CT,ANE,EN,Federal Contract Tower,0,0,1,0,1,0,2,105,0,107,0,2,106,0,108,130,0,130,238
01/08/2023,HFD,CT,ANE,EN,Federal Contract Tower,0,0,5,4,9,0,0,122,0,122,0,0,127,4,131,201,0,201,332
01/09/2023,HFD,CT,ANE,EN,Federal Contract Tower,0,1,8,0,9,0,0,90,0,90,0,1,98,0,99,153,0,153,252
01/10/2023,HFD,CT,ANE,EN,Federal Contract Tower,0,0,5,0,5,0,0,52,0,52,0,0,57,0,57,198,0,198,255
01/11/2023,HFD,CT,ANE,EN,Federal Contract Tower,0,2,10,0,12,0,0,75,0,75,0,2,85,0,87,214,0,214,301
01/12/2023,HFD,CT,ANE,EN,Federal Contract Tower,0,1,0,0,1,0,0,0,0,0,0,1,0,0,1,0,0,0,1
01/13/2023,HFD,CT,ANE,EN,Federal Contract Tower,0,4,7,0,11,0,0,0,0,0,0,4,7,0,11,0,0,0,11
01/14/2023,HFD,CT,ANE,EN,Federal Contract Tower,0,0,3,0,3,0,0,8,0,8,0,0,11,0,11,90,0,90,101
01/15/2023,HFD,CT,ANE,EN,Federal Contract Tower,0,0,2,0,2,0,2,25,0,27,0,2,27,0,29,20,0,20,49
01/16/2023,HFD,CT,ANE,EN,Federal Contract Tower,0,0,8,0,8,0,0,58,0,58,0,0,66,0,66,135,0,135,201
01/17/2023,HFD,CT,ANE,EN,Federal Contract Tower,0,0,8,0,8,0,0,63,0,63,0,0,71,0,71,207,0,207,278
01/18/2023,HFD,CT,ANE,EN,Federal Contract Tower,0,0,12,0,12,0,2,45,4,51,0,2,57,4,63,52,18,70,133
01/19/2023,HFD,CT,ANE,EN,Federal Contract Tower,0,0,5,0,5,0,0,25,0,25,0,0,30,0,30,134,0,134,164
01/20/2023,HFD,CT,ANE,EN,Federal Contract Tower,0,0,4,0,4,0,0,2,0,2,0,0,6,0,6,0,0,0,6
01/21/2023,HFD,CT,ANE,EN,Federal Contract Tower,0,0,1,0,1,0,4,86,0,90,0,4,87,0,91,228,0,228,319
01/22/2023,HFD,CT,ANE,EN,Federal Contract Tower,0,0,2,0,2,0,0,39,0,39,0,0,41,0,41,228,0,228,269
01/23/2023,HFD,CT,ANE,EN,Federal Contract Tower,0,0,4,0,4,0,0,1,0,1,0,0,5,0,5,0,0,0,5
01/24/2023,HFD,CT,ANE,EN,Federal Contract Tower,0,0,5,0,5,0,0,56,0,56,0,0,61,0,61,68,0,68,129
01/25/2023,HFD,CT,ANE,EN,Federal Contract Tower,0,0,2,0,2,0,0,18,0,18,0,0,20,0,20,84,0,84,104
01/26/2023,HFD,CT,ANE,EN,Federal Contract Tower,0,1,8,0,9,0,0,16,0,16,0,1,24,0,25,0,0,0,25
01/27/2023,HFD,CT,ANE,EN,Federal Contract Tower,0,1,6,0,7,0,4,100,0,104,0,5,106,0,111,252,0,252,363
01/28/2023,HFD,CT,ANE,EN,Federal Contract Tower,0,0,8,0,8,0,2,63,0,65,0,2,71,0,73,122,0,122,195
01/29/2023,HFD,CT,ANE,EN,Federal Contract Tower,0,0,8,0,8,0,0,103,0,103,0,0,111,0,111,148,0,148,259
01/30/2023,HFD,CT,ANE,EN,Federal Contract Tower,0,0,6,0,6,0,0,107,0,107,0,0,113,0,113,162,0,162,275
01/31/2023,HFD,CT,ANE,EN,Federal Contract Tower,0,0,1,0,1,0,1,43,0,44,0,1,44,0,45,116,0,116,161
02/01/2023,HFD,CT,ANE,EN,Federal Contract Tower,0,1,4,0,5,0,0,95,0,95,0,1,99,0,100,124,0,124,224
02/02/2023,HFD,CT,ANE,EN,Federal Contract Tower,0,0,3,0,3,0,1,70,0,71,0,1,73,0,74,152,0,152,226
02/03/2023,HFD,CT,ANE,EN,Federal Contract Tower,0,0,2,0,2,0,5,2,0,7,0,5,4,0,9,0,0,0,9
02/04/2023,HFD,CT,ANE,EN,Federal Contract Tower,0,0,2,0,2,0,0,14,0,14,0,0,16,0,16,58,0,58,74
02/05/2023,HFD,CT,ANE,EN,Federal Contract Tower,0,2,3,0,5,0,0,73,0,73,0,2,76,0,78,122,0,122,200
02/06/2023,HFD,CT,ANE,EN,Federal Contract Tower,0,0,1,0,1,0,0,16,0,16,0,0,17,0,17,0,0,0,17
02/07/2023,HFD,CT,ANE,EN,Federal Contract Tower,0,3,4,0,7,0,1,121,0,122,0,4,125,0,129,220,0,220,349
02/08/2023,HFD,CT,ANE,EN,Federal Contract Tower,0,0,0,0,0,0,0,19,0,19,0,0,19,0,19,24,0,24,43
02/09/2023,HFD,CT,ANE,EN,Federal Contract Tower,0,0,4,0,4,0,0,42,0,42,0,0,46,0,46,210,8,218,264
02/10/2023,HFD,CT,ANE,EN,Federal Contract Tower,0,0,2,0,2,0,2,1,0,3,0,2,3,0,5,0,0,0,5
02/11/2023,HFD,CT,ANE,EN,Federal Contract Tower,0,1,3,0,4,0,0,52,0,52,0,1,55,0,56,94,0,94,150
02/12/2023,HFD,CT,ANE,EN,Federal Contract Tower,0,0,0,0,0,0,0,11,0,11,0,0,11,0,11,52,0,52,63
02/13/2023,HFD,CT,ANE,EN,Federal Contract Tower,0,0,1,0,1,0,0,17,0,17,0,0,18,0,18,12,0,12,30
02/14/2023,HFD,CT,ANE,EN,Federal Contract Tower,0,1,1,0,2,0,0,9,0,9,0,1,10,0,11,12,0,12,23
02/15/2023,HFD,CT,ANE,EN,Federal Contract Tower,0,0,8,0,8,0,1,35,0,36,0,1,43,0,44,84,0,84,128
02/16/2023,HFD,CT,ANE,EN,Federal Contract Tower,0,0,0,0,0,0,0,0,0,0,0,0,0,0,0,0,0,0,0
02/17/2023,HFD,CT,ANE,EN,Federal Contract Tower,0,1,7,0,8,0,0,0,0,0,0,1,7,0,8,0,0,0,8
02/18/2023,HFD,CT,ANE,EN,Federal Contract Tower,0,0,2,0,2,0,1,20,0,21,0,1,22,0,23,6,0,6,29
02/19/2023,HFD,CT,ANE,EN,Federal Contract Tower,0,0,3,0,3,0,0,128,0,128,0,0,131,0,131,230,0,230,361
02/20/2023,HFD,CT,ANE,EN,Federal Contract Tower,0,0,2,0,2,0,0,10,0,10,0,0,12,0,12,12,0,12,24
02/21/2023,HFD,CT,ANE,EN,Federal Contract Tower,0,0,4,0,4,0,0,0,0,0,0,0,4,0,4,0,0,0,4
02/22/2023,HFD,CT,ANE,EN,Federal Contract Tower,0,0,0,0,0,0,0,5,0,5,0,0,5,0,5,0,0,0,5
02/23/2023,HFD,CT,ANE,EN,Federal Contract Tower,0,2,0,0,2,0,0,0,0,0,0,2,0,0,2,0,0,0,2
02/24/2023,HFD,CT,ANE,EN,Federal Contract Tower,0,1,1,0,2,0,0,2,0,2,0,1,3,0,4,0,0,0,4
02/25/2023,HFD,CT,ANE,EN,Federal Contract Tower,0,3,4,0,7,0,0,24,0,24,0,3,28,0,31,68,0,68,99
02/26/2023,HFD,CT,ANE,EN,Federal Contract Tower,0,0,8,0,8,0,2,21,0,23,0,2,29,0,31,66,0,66,97
02/27/2023,HFD,CT,ANE,EN,Federal Contract Tower,0,0,6,0,6,0,0,141,0,141,0,0,147,0,147,313,0,313,460
02/28/2023,HFD,CT,ANE,EN,Federal Contract Tower,0,0,0,0,0,0,0,0,0,0,0,0,0,0,0,0,0,0,0
03/01/2023,HFD,CT,ANE,EN,Federal Contract Tower,0,1,1,0,2,0,5,55,9,69,0,6,56,9,71,210,0,210,281
03/02/2023,HFD,CT,ANE,EN,Federal Contract Tower,0,0,1,0,1,0,0,7,0,7,0,0,8,0,8,38,0,38,46
03/03/2023,HFD,CT,ANE,EN,Federal Contract Tower,0,0,9,0,9,0,8,103,2,113,0,8,112,2,122,233,0,233,355
03/04/2023,HFD,CT,ANE,EN,Federal Contract Tower,0,0,0,0,0,0,0,2,0,2,0,0,2,0,2,0,0,0,2
03/05/2023,HFD,CT,ANE,EN,Federal Contract Tower,0,0,10,0,10,0,0,91,0,91,0,0,101,0,101,178,0,178,279
03/06/2023,HFD,CT,ANE,EN,Federal Contract Tower,0,0,4,0,4,0,0,64,0,64,0,0,68,0,68,90,0,90,158
03/07/2023,HFD,CT,ANE,EN,Federal Contract Tower,0,1,1,0,2,0,0,21,0,21,0,1,22,0,23,64,0,64,87
03/08/2023,HFD,CT,ANE,EN,Federal Contract Tower,0,0,7,0,7,0,0,45,0,45,0,0,52,0,52,72,0,72,124
03/09/2023,HFD,CT,ANE,EN,Federal Contract Tower,0,0,3,0,3,0,0,88,0,88,0,0,91,0,91,170,0,170,261
03/10/2023,HFD,CT,ANE,EN,Federal Contract Tower,0,2,3,0,5,0,0,146,0,146,0,2,149,0,151,362,0,362,513
03/11/2023,HFD,CT,ANE,EN,Federal Contract Tower,0,2,4,0,6,0,0,3,0,3,0,2,7,0,9,0,0,0,9
03/12/2023,HFD,CT,ANE,EN,Federal Contract Tower,0,1,15,0,16,0,0,121,0,121,0,1,136,0,137,207,0,207,344
03/13/2023,HFD,CT,ANE,EN,Federal Contract Tower,0,0,0,0,0,0,0,24,0,24,0,0,24,0,24,186,0,186,210
03/14/2023,HFD,CT,ANE,EN,Federal Contract Tower,0,0,0,0,0,0,0,0,0,0,0,0,0,0,0,0,0,0,0
03/15/2023,HFD,CT,ANE,EN,Federal Contract Tower,0,0,1,0,1,0,0,6,0,6,0,0,7,0,7,0,0,0,7
03/16/2023,HFD,CT,ANE,EN,Federal Contract Tower,0,5,4,0,9,0,7,130,0,137,0,12,134,0,146,110,0,110,256
03/17/2023,HFD,CT,ANE,EN,Federal Contract Tower,0,2,12,0,14,0,31,89,0,120,0,33,101,0,134,264,0,264,398
03/18/2023,HFD,CT,ANE,EN,Federal Contract Tower,0,0,8,0,8,0,12,65,9,86,0,12,73,9,94,120,2,122,216
03/19/2023,HFD,CT,ANE,EN,Federal Contract Tower,0,0,4,0,4,0,4,11,0,15,0,4,15,0,19,74,0,74,93
03/20/2023,HFD,CT,ANE,EN,Federal Contract Tower,0,4,3,0,7,0,43,114,0,157,0,47,117,0,164,256,0,256,420
03/21/2023,HFD,CT,ANE,EN,Federal Contract Tower,0,0,4,0,4,0,2,90,0,92,0,2,94,0,96,186,0,186,282
03/22/2023,HFD,CT,ANE,EN,Federal Contract Tower,0,2,3,0,5,0,3,130,0,133,0,5,133,0,138,206,0,206,344
03/23/2023,HFD,CT,ANE,EN,Federal Contract Tower,0,0,6,2,8,0,1,4,0,5,0,1,10,2,13,10,0,10,23
03/24/2023,HFD,CT,ANE,EN,Federal Contract Tower,0,0,4,0,4,0,19,78,0,97,0,19,82,0,101,212,0,212,313
03/25/2023,HFD,CT,ANE,EN,Federal Contract Tower,0,0,1,0,1,0,1,4,0,5,0,1,5,0,6,74,0,74,80
03/26/2023,HFD,CT,ANE,EN,Federal Contract Tower,0,0,6,1,7,0,0,43,0,43,0,0,49,1,50,152,0,152,202
03/27/2023,HFD,CT,ANE,EN,Federal Contract Tower,0,0,2,0,2,0,0,90,0,90,0,0,92,0,92,228,0,228,320
03/28/2023,HFD,CT,ANE,EN,Federal Contract Tower,0,0,1,0,1,0,0,29,0,29,0,0,30,0,30,80,0,80,110
03/29/2023,HFD,CT,ANE,EN,Federal Contract Tower,0,1,10,0,11,0,2,138,0,140,0,3,148,0,151,218,0,218,369
03/30/2023,HFD,CT,ANE,EN,Federal Contract Tower,0,5,3,0,8,0,12,35,0,47,0,17,38,0,55,53,0,53,108
03/31/2023,HFD,CT,ANE,EN,Federal Contract Tower,0,0,6,0,6,0,5,72,0,77,0,5,78,0,83,176,0,176,259
04/01/2023,HFD,CT,ANE,EN,Federal Contract Tower,0,0,1,0,1,0,0,4,0,4,0,0,5,0,5,0,0,0,5
04/02/2023,HFD,CT,ANE,EN,Federal Contract Tower,0,5,2,0,7,0,2,29,0,31,0,7,31,0,38,32,0,32,70
04/03/2023,HFD,CT,ANE,EN,Federal Contract Tower,0,0,3,0,3,0,16,38,0,54,0,16,41,0,57,26,0,26,83
04/04/2023,HFD,CT,ANE,EN,Federal Contract Tower,0,5,2,0,7,0,0,106,2,108,0,5,108,2,115,1,0,1,116
04/05/2023,HFD,CT,ANE,EN,Federal Contract Tower,0,0,9,0,9,0,0,4,0,4,0,0,13,0,13,92,0,92,105
04/06/2023,HFD,CT,ANE,EN,Federal Contract Tower,0,2,7,0,9,0,0,31,0,31,0,2,38,0,40,68,0,68,108
04/07/2023,HFD,CT,ANE,EN,Federal Contract Tower,0,0,3,0,3,0,0,60,0,60,0,0,63,0,63,42,0,42,105
04/08/2023,HFD,CT,ANE,EN,Federal Contract Tower,0,3,1,0,4,0,4,133,0,137,0,7,134,0,141,182,0,182,323
04/09/2023,HFD,CT,ANE,EN,Federal Contract Tower,0,2,3,0,5,0,2,91,0,93,0,4,94,0,98,136,0,136,234
04/10/2023,HFD,CT,ANE,EN,Federal Contract Tower,0,3,3,0,6,0,4,124,0,128,0,7,127,0,134,322,0,322,456
04/11/2023,HFD,CT,ANE,EN,Federal Contract Tower,0,8,4,0,12,0,1,49,0,50,0,9,53,0,62,124,0,124,186
04/12/2023,HFD,CT,ANE,EN,Federal Contract Tower,0,0,2,0,2,0,0,36,0,36,0,0,38,0,38,22,0,22,60
04/13/2023,HFD,CT,ANE,EN,Federal Contract Tower,0,5,9,0,14,0,6,97,0,103,0,11,106,0,117,256,0,256,373
04/14/2023,HFD,CT,ANE,EN,Federal Contract Tower,0,4,4,0,8,0,18,144,0,162,0,22,148,0,170,280,0,280,450
04/15/2023,HFD,CT,ANE,EN,Federal Contract Tower,0,1,20,0,21,0,4,62,0,66,0,5,82,0,87,196,0,196,283
04/16/2023,HFD,CT,ANE,EN,Federal Contract Tower,0,0,39,0,39,0,0,3,0,3,0,0,42,0,42,0,0,0,42
04/17/2023,HFD,CT,ANE,EN,Federal Contract Tower,0,2,6,0,8,0,0,6,0,6,0,2,12,0,14,66,4,70,84
04/19/2023,HFD,CT,ANE,EN,Federal Contract Tower,0,1,9,0,10,0,6,102,0,108,0,7,111,0,118,124,2,126,244
04/20/2023,HFD,CT,ANE,EN,Federal Contract Tower,0,6,5,0,11,0,8,134,0,142,0,14,139,0,153,324,0,324,477
04/21/2023,HFD,CT,ANE,EN,Federal Contract Tower,0,0,7,0,7,0,9,118,0,127,0,9,125,0,134,212,0,212,346
04/22/2023,HFD,CT,ANE,EN,Federal Contract Tower,0,1,12,0,13,0,0,1,0,1,0,1,13,0,14,44,0,44,58
04/23/2023,HFD,CT,ANE,EN,Federal Contract Tower,0,1,7,0,8,0,0,0,0,0,0,1,7,0,8,0,0,0,8
04/24/2023,HFD,CT,ANE,EN,Federal Contract Tower,0,3,13,0,16,0,6,76,0,82,0,9,89,0,98,248,0,248,346
04/25/2023,HFD,CT,ANE,EN,Federal Contract Tower,0,2,4,0,6,0,8,86,0,94,0,10,90,0,100,264,0,264,364
04/26/2023,HFD,CT,ANE,EN,Federal Contract Tower,0,5,20,0,25,0,5,99,0,104,0,10,119,0,129,94,0,94,223
04/27/2023,HFD,CT,ANE,EN,Federal Contract Tower,0,8,14,0,22,0,2,32,2,36,0,10,46,2,58,91,0,91,149
04/28/2023,HFD,CT,ANE,EN,Federal Contract Tower,0,4,7,2,13,0,4,89,1,94,0,8,96,3,107,186,0,186,293
04/29/2023,HFD,CT,ANE,EN,Federal Contract Tower,0,3,6,0,9,0,5,7,0,12,0,8,13,0,21,60,0,60,81
04/30/2023,HFD,CT,ANE,EN,Federal Contract Tower,0,0,11,0,11,0,0,0,0,0,0,0,11,0,11,0,0,0,11
05/01/2023,HFD,CT,ANE,EN,Federal Contract Tower,0,2,6,0,8,0,6,42,0,48,0,8,48,0,56,84,0,84,140
05/02/2023,HFD,CT,ANE,EN,Federal Contract Tower,0,2,7,0,9,0,4,10,0,14,0,6,17,0,23,38,0,38,61
05/03/2023,HFD,CT,ANE,EN,Federal Contract Tower,0,1,4,0,5,0,4,68,0,72,0,5,72,0,77,237,0,237,314
05/04/2023,HFD,CT,ANE,EN,Federal Contract Tower,0,0,7,0,7,0,5,38,0,43,0,5,45,0,50,196,0,196,246
05/05/2023,HFD,CT,ANE,EN,Federal Contract Tower,0,3,9,0,12,0,15,69,0,84,0,18,78,0,96,244,0,244,340
05/06/2023,HFD,CT,ANE,EN,Federal Contract Tower,0,2,4,0,6,0,39,127,0,166,0,41,131,0,172,130,0,130,302
05/07/2023,HFD,CT,ANE,EN,Federal Contract Tower,0,2,7,0,9,0,45,101,0,146,0,47,108,0,155,254,0,254,409
05/08/2023,HFD,CT,ANE,EN,Federal Contract Tower,0,3,8,0,11,0,26,90,0,116,0,29,98,0,127,104,0,104,231
05/09/2023,HFD,CT,ANE,EN,Federal Contract Tower,0,1,10,0,11,0,13,102,0,115,0,14,112,0,126,220,0,220,346
05/10/2023,HFD,CT,ANE,EN,Federal Contract Tower,0,0,2,0,2,0,8,104,0,112,0,8,106,0,114,209,0,209,323
05/11/2023,HFD,CT,ANE,EN,Federal Contract Tower,0,4,7,0,11,0,31,115,0,146,0,35,122,0,157,165,0,165,322
05/12/2023,HFD,CT,ANE,EN,Federal Contract Tower,0,0,4,2,6,0,28,124,0,152,0,28,128,2,158,134,0,134,292
05/13/2023,HFD,CT,ANE,EN,Federal Contract Tower,0,3,10,0,13,0,28,59,0,87,0,31,69,0,100,98,0,98,198
05/14/2023,HFD,CT,ANE,EN,Federal Contract Tower,0,2,2,0,4,0,17,81,0,98,0,19,83,0,102,81,0,81,183
05/15/2023,HFD,CT,ANE,EN,Federal Contract Tower,0,3,3,0,6,0,16,79,0,95,0,19,82,0,101,214,0,214,315
05/16/2023,HFD,CT,ANE,EN,Federal Contract Tower,0,3,5,0,8,0,13,46,0,59,0,16,51,0,67,56,0,56,123
05/17/2023,HFD,CT,ANE,EN,Federal Contract Tower,0,3,4,0,7,0,0,22,0,22,0,3,26,0,29,36,0,36,65
05/18/2023,HFD,CT,ANE,EN,Federal Contract Tower,0,6,5,0,11,0,12,141,0,153,0,18,146,0,164,324,0,324,488
05/19/2023,HFD,CT,ANE,EN,Federal Contract Tower,0,5,5,0,10,0,20,81,0,101,0,25,86,0,111,242,0,242,353
05/20/2023,HFD,CT,ANE,EN,Federal Contract Tower,0,0,4,0,4,0,0,0,0,0,0,0,4,0,4,40,0,40,44
05/21/2023,HFD,CT,ANE,EN,Federal Contract Tower,0,0,11,0,11,0,17,63,2,82,0,17,74,2,93,192,0,192,285
05/22/2023,HFD,CT,ANE,EN,Federal Contract Tower,0,4,9,0,13,0,26,93,0,119,0,30,102,0,132,250,0,250,382
05/23/2023,HFD,CT,ANE,EN,Federal Contract Tower,0,4,8,0,12,0,17,102,0,119,0,21,110,0,131,242,0,242,373
05/24/2023,HFD,CT,ANE,EN,Federal Contract Tower,0,10,5,0,15,0,15,72,0,87,0,25,77,0,102,212,0,212,314
05/25/2023,HFD,CT,ANE,EN,Federal Contract Tower,0,5,1,0,6,0,33,83,0,116,0,38,84,0,122,198,0,198,320
05/26/2023,HFD,CT,ANE,EN,Federal Contract Tower,0,6,5,0,11,0,30,118,0,148,0,36,123,0,159,172,0,172,331
05/27/2023,HFD,CT,ANE,EN,Federal Contract Tower,0,0,6,0,6,0,27,133,0,160,0,27,139,0,166,246,0,246,412
05/28/2023,HFD,CT,ANE,EN,Federal Contract Tower,0,5,0,0,5,0,31,98,0,129,0,36,98,0,134,208,0,208,342
05/29/2023,HFD,CT,ANE,EN,Federal Contract Tower,0,2,5,0,7,0,17,38,2,57,0,19,43,2,64,82,0,82,146
05/30/2023,HFD,CT,ANE,EN,Federal Contract Tower,0,4,4,0,8,0,16,106,0,122,0,20,110,0,130,132,0,132,262
05/31/2023,HFD,CT,ANE,EN,Federal Contract Tower,0,2,8,0,10,0,9,90,0,99,0,11,98,0,109,244,0,244,353
06/01/2023,HFD,CT,ANE,EN,Federal Contract Tower,0,2,2,0,4,0,47,161,0,208,0,49,163,0,212,342,0,342,554
06/02/2023,HFD,CT,ANE,EN,Federal Contract Tower,0,0,7,0,7,0,16,84,0,100,0,16,91,0,107,254,2,256,363
06/03/2023,HFD,CT,ANE,EN,Federal Contract Tower,0,4,10,0,14,0,0,2,0,2,0,4,12,0,16,6,2,8,24
06/04/2023,HFD,CT,ANE,EN,Federal Contract Tower,0,0,8,0,8,0,9,40,0,49,0,9,48,0,57,130,0,130,187
06/05/2023,HFD,CT,ANE,EN,Federal Contract Tower,0,4,11,0,15,0,14,43,0,57,0,18,54,0,72,150,0,150,222
06/06/2023,HFD,CT,ANE,EN,Federal Contract Tower,0,0,18,0,18,0,3,17,0,20,0,3,35,0,38,76,0,76,114
06/07/2023,HFD,CT,ANE,EN,Federal Contract Tower,0,2,14,0,16,0,2,0,0,2,0,4,14,0,18,10,0,10,28
06/08/2023,HFD,CT,ANE,EN,Federal Contract Tower,0,5,12,0,17,0,4,10,0,14,0,9,22,0,31,38,0,38,69
06/09/2023,HFD,CT,ANE,EN,Federal Contract Tower,0,0,9,0,9,0,28,52,0,80,0,28,61,0,89,162,0,162,251
06/10/2023,HFD,CT,ANE,EN,Federal Contract Tower,0,11,13,0,24,0,44,201,0,245,0,55,214,0,269,106,0,106,375
06/11/2023,HFD,CT,ANE,EN,Federal Contract Tower,0,2,7,0,9,0,22,130,0,152,0,24,137,0,161,327,0,327,488
06/12/2023,HFD,CT,ANE,EN,Federal Contract Tower,0,0,5,0,5,0,11,46,0,57,0,11,51,0,62,206,0,206,268
06/13/2023,HFD,CT,ANE,EN,Federal Contract Tower,0,4,10,0,14,0,7,30,0,37,0,11,40,0,51,124,0,124,175
06/14/2023,HFD,CT,ANE,EN,Federal Contract Tower,0,2,2,0,4,0,8,48,0,56,0,10,50,0,60,71,0,71,131
06/15/2023,HFD,CT,ANE,EN,Federal Contract Tower,0,7,8,0,15,0,38,120,0,158,0,45,128,0,173,257,0,257,430
06/16/2023,HFD,CT,ANE,EN,Federal Contract Tower,0,1,9,2,12,0,13,54,0,67,0,14,63,2,79,132,0,132,211
06/17/2023,HFD,CT,ANE,EN,Federal Contract Tower,0,0,7,0,7,0,4,15,0,19,0,4,22,0,26,28,0,28,54
06/18/2023,HFD,CT,ANE,EN,Federal Contract Tower,0,0,8,0,8,0,11,71,0,82,0,11,79,0,90,169,0,169,259
06/19/2023,HFD,CT,ANE,EN,Federal Contract Tower,0,3,10,0,13,0,30,117,0,147,0,33,127,0,160,312,0,312,472
06/20/2023,HFD,CT,ANE,EN,Federal Contract Tower,0,3,7,0,10,0,9,56,0,65,0,12,63,0,75,225,0,225,300
06/21/2023,HFD,CT,ANE,EN,Federal Contract Tower,0,1,12,0,13,0,16,140,0,156,0,17,152,0,169,242,0,242,411
06/22/2023,HFD,CT,ANE,EN,Federal Contract Tower,0,6,10,0,16,0,17,61,0,78,0,23,71,0,94,204,0,204,298
06/23/2023,HFD,CT,ANE,EN,Federal Contract Tower,0,5,8,0,13,0,9,34,0,43,0,14,42,0,56,166,0,166,222
06/24/2023,HFD,CT,ANE,EN,Federal Contract Tower,0,4,9,0,13,0,0,4,0,4,0,4,13,0,17,0,0,0,17
06/25/2023,HFD,CT,ANE,EN,Federal Contract Tower,0,11,14,0,25,0,11,31,0,42,0,22,45,0,67,59,0,59,126
06/26/2023,HFD,CT,ANE,EN,Federal Contract Tower,0,0,8,0,8,0,2,18,0,20,0,2,26,0,28,160,0,160,188
06/27/2023,HFD,CT,ANE,EN,Federal Contract Tower,0,4,4,0,8,0,2,7,0,9,0,6,11,0,17,130,0,130,147
06/28/2023,HFD,CT,ANE,EN,Federal Contract Tower,0,5,5,0,10,0,3,0,0,3,0,8,5,0,13,6,0,6,19
06/29/2023,HFD,CT,ANE,EN,Federal Contract Tower,0,2,12,0,14,0,32,129,0,161,0,34,141,0,175,206,0,206,381
06/30/2023,HFD,CT,ANE,EN,Federal Contract Tower,0,2,20,0,22,0,5,43,0,48,0,7,63,0,70,126,0,126,196
07/01/2023,HFD,CT,ANE,EN,Federal Contract Tower,0,2,14,0,16,0,4,27,0,31,0,6,41,0,47,38,0,38,85
07/02/2023,HFD,CT,ANE,EN,Federal Contract Tower,0,0,5,0,5,0,0,0,0,0,0,0,5,0,5,0,0,0,5
07/03/2023,HFD,CT,ANE,EN,Federal Contract Tower,0,1,9,0,10,0,20,27,0,47,0,21,36,0,57,214,0,214,271
07/04/2023,HFD,CT,ANE,EN,Federal Contract Tower,0,0,6,0,6,0,0,1,0,1,0,0,7,0,7,0,0,0,7
07/05/2023,HFD,CT,ANE,EN,Federal Contract Tower,0,1,5,0,6,0,28,131,0,159,0,29,136,0,165,195,0,195,360
07/06/2023,HFD,CT,ANE,EN,Federal Contract Tower,0,5,5,0,10,0,26,132,0,158,0,31,137,0,168,351,0,351,519
07/07/2023,HFD,CT,ANE,EN,Federal Contract Tower,0,2,13,0,15,0,23,114,0,137,0,25,127,0,152,332,0,332,484
07/08/2023,HFD,CT,ANE,EN,Federal Contract Tower,0,3,15,0,18,0,15,58,0,73,0,18,73,0,91,274,0,274,365
07/09/2023,HFD,CT,ANE,EN,Federal Contract Tower,0,0,11,0,11,0,6,15,0,21,0,6,26,0,32,128,0,128,160
07/10/2023,HFD,CT,ANE,EN,Federal Contract Tower,0,1,6,0,7,0,0,10,0,10,0,1,16,0,17,85,0,85,102
07/11/2023,HFD,CT,ANE,EN,Federal Contract Tower,0,1,6,0,7,0,19,121,0,140,0,20,127,0,147,138,0,138,285
07/12/2023,HFD,CT,ANE,EN,Federal Contract Tower,0,0,6,0,6,0,12,139,0,151,0,12,145,0,157,342,0,342,499
07/13/2023,HFD,CT,ANE,EN,Federal Contract Tower,0,2,3,0,5,0,25,114,0,139,0,27,117,0,144,294,0,294,438
07/14/2023,HFD,CT,ANE,EN,Federal Contract Tower,0,2,4,0,6,0,8,30,0,38,0,10,34,0,44,82,0,82,126
07/15/2023,HFD,CT,ANE,EN,Federal Contract Tower,0,2,11,0,13,0,20,63,0,83,0,22,74,0,96,294,0,294,390
07/16/2023,HFD,CT,ANE,EN,Federal Contract Tower,0,0,4,0,4,0,0,0,0,0,0,0,4,0,4,0,0,0,4
07/17/2023,HFD,CT,ANE,EN,Federal Contract Tower,0,4,8,0,12,0,8,84,0,92,0,12,92,0,104,249,0,249,353
07/18/2023,HFD,CT,ANE,EN,Federal Contract Tower,0,3,12,0,15,0,4,11,0,15,0,7,23,0,30,38,0,38,68
07/19/2023,HFD,CT,ANE,EN,Federal Contract Tower,0,10,14,0,24,0,24,161,0,185,0,34,175,0,209,348,0,348,557
07/20/2023,HFD,CT,ANE,EN,Federal Contract Tower,0,3,7,0,10,0,37,163,0,200,0,40,170,0,210,279,0,279,489
07/21/2023,HFD,CT,ANE,EN,Federal Contract Tower,0,0,11,0,11,0,0,2,0,2,0,0,13,0,13,0,0,0,13
07/22/2023,HFD,CT,ANE,EN,Federal Contract Tower,0,4,7,0,11,0,19,125,0,144,0,23,132,0,155,194,10,204,359
07/23/2023,HFD,CT,ANE,EN,Federal Contract Tower,0,1,4,0,5,0,25,208,0,233,0,26,212,0,238,226,0,226,464
07/24/2023,HFD,CT,ANE,EN,Federal Contract Tower,0,0,6,0,6,0,15,115,0,130,0,15,121,0,136,248,0,248,384
07/25/2023,HFD,CT,ANE,EN,Federal Contract Tower,0,0,6,3,9,0,2,68,1,71,0,2,74,4,80,138,22,160,240
07/26/2023,HFD,CT,ANE,EN,Federal Contract Tower,0,0,4,0,4,0,23,123,0,146,0,23,127,0,150,254,0,254,404
07/27/2023,HFD,CT,ANE,EN,Federal Contract Tower,0,0,2,0,2,0,9,7,0,16,0,9,9,0,18,26,0,26,44
07/28/2023,HFD,CT,ANE,EN,Federal Contract Tower,0,0,3,0,3,0,42,173,0,215,0,42,176,0,218,266,0,266,484
07/29/2023,HFD,CT,ANE,EN,Federal Contract Tower,0,2,2,0,4,0,8,38,0,46,0,10,40,0,50,64,0,64,114
07/30/2023,HFD,CT,ANE,EN,Federal Contract Tower,0,3,12,0,15,0,18,143,0,161,0,21,155,0,176,168,0,168,344
07/31/2023,HFD,CT,ANE,EN,Federal Contract Tower,0,2,10,0,12,0,43,122,0,165,0,45,132,0,177,278,0,278,455
08/01/2023,HFD,CT,ANE,EN,Federal Contract Tower,0,9,4,0,13,0,9,163,0,172,0,18,167,0,185,98,0,98,283
08/02/2023,HFD,CT,ANE,EN,Federal Contract Tower,0,8,9,0,17,0,20,134,0,154,0,28,143,0,171,212,0,212,383
08/04/2023,HFD,CT,ANE,EN,Federal Contract Tower,0,3,6,0,9,0,2,21,0,23,0,5,27,0,32,236,0,236,268
08/05/2023,HFD,CT,ANE,EN,Federal Contract Tower,0,2,9,0,11,0,14,138,0,152,0,16,147,0,163,218,0,218,381
08/06/2023,HFD,CT,ANE,EN,Federal Contract Tower,0,1,8,0,9,0,19,182,0,201,0,20,190,0,210,206,0,206,416
08/07/2023,HFD,CT,ANE,EN,Federal Contract Tower,0,0,10,0,10,0,0,0,0,0,0,0,10,0,10,0,0,0,10
08/08/2023,HFD,CT,ANE,EN,Federal Contract Tower,0,1,5,0,6,0,7,21,2,30,0,8,26,2,36,142,0,142,178
08/09/2023,HFD,CT,ANE,EN,Federal Contract Tower,0,2,3,0,5,0,10,57,0,67,0,12,60,0,72,62,0,62,134
08/10/2023,HFD,CT,ANE,EN,Federal Contract Tower,0,2,9,0,11,0,22,67,0,89,0,24,76,0,100,128,0,128,228
08/11/2023,HFD,CT,ANE,EN,Federal Contract Tower,0,2,15,0,17,0,8,94,0,102,0,10,109,0,119,190,0,190,309
08/12/2023,HFD,CT,ANE,EN,Federal Contract Tower,0,3,6,0,9,0,24,113,0,137,0,27,119,0,146,228,5,233,379
08/13/2023,HFD,CT,ANE,EN,Federal Contract Tower,0,8,8,0,16,0,10,111,0,121,0,18,119,0,137,142,0,142,279
08/14/2023,HFD,CT,ANE,EN,Federal Contract Tower,0,2,7,0,9,0,18,100,0,118,0,20,107,0,127,211,0,211,338
08/15/2023,HFD,CT,ANE,EN,Federal Contract Tower,0,5,19,0,24,0,0,0,0,0,0,5,19,0,24,0,0,0,24
08/16/2023,HFD,CT,ANE,EN,Federal Contract Tower,0,6,20,0,26,0,3,18,0,21,0,9,38,0,47,134,0,134,181
08/17/2023,HFD,CT,ANE,EN,Federal Contract Tower,0,2,22,0,24,0,2,6,0,8,0,4,28,0,32,44,0,44,76
08/18/2023,HFD,CT,ANE,EN,Federal Contract Tower,0,6,10,0,16,0,7,32,0,39,0,13,42,0,55,102,0,102,157
08/19/2023,HFD,CT,ANE,EN,Federal Contract Tower,0,4,3,0,7,0,12,134,0,146,0,16,137,0,153,202,0,202,355
08/20/2023,HFD,CT,ANE,EN,Federal Contract Tower,0,2,1,0,3,0,22,128,0,150,0,24,129,0,153,206,0,206,359
08/21/2023,HFD,CT,ANE,EN,Federal Contract Tower,0,3,11,0,14,0,8,91,0,99,0,11,102,0,113,136,0,136,249
08/22/2023,HFD,CT,ANE,EN,Federal Contract Tower,0,0,6,0,6,0,27,106,0,133,0,27,112,0,139,214,0,214,353
08/23/2023,HFD,CT,ANE,EN,Federal Contract Tower,0,0,8,0,8,0,26,172,0,198,0,26,180,0,206,344,0,344,550
08/24/2023,HFD,CT,ANE,EN,Federal Contract Tower,0,6,8,0,14,0,15,52,0,67,0,21,60,0,81,122,0,122,203
08/25/2023,HFD,CT,ANE,EN,Federal Contract Tower,0,0,18,0,18,0,0,0,0,0,0,0,18,0,18,0,0,0,18
08/26/2023,HFD,CT,ANE,EN,Federal Contract Tower,0,6,5,0,11,0,13,76,0,89,0,19,81,0,100,104,0,104,204
08/27/2023,HFD,CT,ANE,EN,Federal Contract Tower,0,5,10,0,15,0,10,104,0,114,0,15,114,0,129,156,0,156,285
08/28/2023,HFD,CT,ANE,EN,Federal Contract Tower,0,7,19,0,26,0,13,38,0,51,0,20,57,0,77,184,0,184,261
08/29/2023,HFD,CT,ANE,EN,Federal Contract Tower,0,4,9,0,13,0,5,45,0,50,0,9,54,0,63,196,0,196,259
08/30/2023,HFD,CT,ANE,EN,Federal Contract Tower,0,2,16,2,20,0,8,30,0,38,0,10,46,2,58,62,0,62,120
08/31/2023,HFD,CT,ANE,EN,Federal Contract Tower,0,1,10,0,11,0,14,108,0,122,0,15,118,0,133,42,0,42,175
