01/01/2000,HGR,MD,AEA,EN,Federal Contract Tower,1,2,4,0,7,3,1,93,0,97,4,3,97,0,104,30,0,30,134
01/02/2000,HGR,MD,AEA,EN,Federal Contract Tower,5,3,10,1,19,0,0,81,1,82,5,3,91,2,101,100,0,100,201
01/03/2000,HGR,MD,AEA,EN,Federal Contract Tower,4,3,9,1,17,0,3,51,1,55,4,6,60,2,72,52,0,52,124
01/04/2000,HGR,MD,AEA,EN,Federal Contract Tower,2,3,5,0,10,0,4,0,0,4,2,7,5,0,14,0,0,0,14
01/05/2000,HGR,MD,AEA,EN,Federal Contract Tower,4,6,10,1,21,0,0,46,6,52,4,6,56,7,73,46,8,54,127
01/06/2000,HGR,MD,AEA,EN,Federal Contract Tower,4,4,7,0,15,0,0,94,0,94,4,4,101,0,109,32,0,32,141
01/07/2000,HGR,MD,AEA,EN,Federal Contract Tower,4,4,6,0,14,0,1,58,0,59,4,5,64,0,73,40,0,40,113
01/08/2000,HGR,MD,AEA,EN,Federal Contract Tower,3,3,5,0,11,0,3,196,1,200,3,6,201,1,211,98,0,98,309
01/09/2000,HGR,MD,AEA,EN,Federal Contract Tower,4,4,7,0,15,1,0,66,0,67,5,4,73,0,82,100,0,100,182
01/10/2000,HGR,MD,AEA,EN,Federal Contract Tower,4,5,10,0,19,0,0,3,0,3,4,5,13,0,22,0,0,0,22
01/11/2000,HGR,MD,AEA,EN,Federal Contract Tower,4,5,9,0,18,0,0,25,0,25,4,5,34,0,43,0,0,0,43
01/12/2000,HGR,MD,AEA,EN,Federal Contract Tower,4,6,11,0,21,0,0,123,3,126,4,6,134,3,147,74,0,74,221
01/13/2000,HGR,MD,AEA,EN,Federal Contract Tower,4,5,8,0,17,0,0,30,4,34,4,5,38,4,51,48,0,48,99
01/14/2000,HGR,MD,AEA,EN,Federal Contract Tower,4,7,11,0,22,0,0,39,0,39,4,7,50,0,61,6,0,6,67
01/15/2000,HGR,MD,AEA,EN,Federal Contract Tower,3,4,8,0,15,0,0,122,0,122,3,4,130,0,137,58,0,58,195
01/16/2000,HGR,MD,AEA,EN,Federal Contract Tower,3,3,5,0,11,2,1,40,0,43,5,4,45,0,54,12,0,12,66
01/17/2000,HGR,MD,AEA,EN,Federal Contract Tower,3,4,7,0,14,1,1,33,1,36,4,5,40,1,50,4,0,4,54
01/18/2000,HGR,MD,AEA,EN,Federal Contract Tower,4,7,12,0,23,0,0,34,0,34,4,7,46,0,57,12,0,12,69
01/19/2000,HGR,MD,AEA,EN,Federal Contract Tower,4,7,12,0,23,0,2,46,0,48,4,9,58,0,71,18,0,18,89
01/20/2000,HGR,MD,AEA,EN,Federal Contract Tower,2,4,7,0,13,0,1,0,0,1,2,5,7,0,14,0,0,0,14
01/21/2000,HGR,MD,AEA,EN,Federal Contract Tower,4,5,11,0,20,0,0,11,0,11,4,5,22,0,31,0,0,0,31
01/22/2000,HGR,MD,AEA,EN,Federal Contract Tower,3,4,7,0,14,0,0,48,2,50,3,4,55,2,64,32,0,32,96
01/23/2000,HGR,MD,AEA,EN,Federal Contract Tower,2,3,5,0,10,3,0,9,0,12,5,3,14,0,22,40,0,40,62
01/24/2000,HGR,MD,AEA,EN,Federal Contract Tower,3,5,9,0,17,1,0,63,2,66,4,5,72,2,83,72,0,72,155
01/25/2000,HGR,MD,AEA,EN,Federal Contract Tower,0,1,1,0,2,0,3,0,0,3,0,4,1,0,5,0,0,0,5
01/26/2000,HGR,MD,AEA,EN,Federal Contract Tower,3,5,9,0,17,1,0,15,0,16,4,5,24,0,33,0,0,0,33
01/27/2000,HGR,MD,AEA,EN,Federal Contract Tower,4,5,14,0,23,0,0,33,7,40,4,5,47,7,63,18,0,18,81
01/28/2000,HGR,MD,AEA,EN,Federal Contract Tower,3,5,9,0,17,1,1,46,0,48,4,6,55,0,65,4,2,6,71
01/29/2000,HGR,MD,AEA,EN,Federal Contract Tower,3,6,11,0,20,0,0,151,5,156,3,6,162,5,176,102,0,102,278
01/30/2000,HGR,MD,AEA,EN,Federal Contract Tower,1,2,0,0,3,2,1,0,0,3,3,3,0,0,6,0,0,0,6
01/31/2000,HGR,MD,AEA,EN,Federal Contract Tower,3,5,9,0,17,1,0,1,1,3,4,5,10,1,20,0,2,2,22
02/01/2000,HGR,MD,AEA,EN,Federal Contract Tower,4,4,13,0,21,0,1,17,0,18,4,5,30,0,39,8,2,10,49
02/02/2000,HGR,MD,AEA,EN,Federal Contract Tower,4,6,16,0,26,0,0,25,6,31,4,6,41,6,57,22,2,24,81
02/03/2000,HGR,MD,AEA,EN,Federal Contract Tower,4,7,17,0,28,0,2,44,3,49,4,9,61,3,77,16,0,16,93
02/04/2000,HGR,MD,AEA,EN,Federal Contract Tower,4,5,17,0,26,0,0,10,0,10,4,5,27,0,36,4,0,4,40
02/05/2000,HGR,MD,AEA,EN,Federal Contract Tower,1,4,9,0,14,2,0,92,1,95,3,4,101,1,109,54,0,54,163
02/06/2000,HGR,MD,AEA,EN,Federal Contract Tower,2,2,8,0,12,3,0,107,2,112,5,2,115,2,124,116,0,116,240
02/07/2000,HGR,MD,AEA,EN,Federal Contract Tower,6,3,19,0,28,0,0,86,0,86,6,3,105,0,114,48,0,48,162
02/08/2000,HGR,MD,AEA,EN,Federal Contract Tower,6,4,15,0,25,0,2,80,0,82,6,6,95,0,107,44,2,46,153
02/09/2000,HGR,MD,AEA,EN,Federal Contract Tower,6,4,14,1,25,0,0,114,1,115,6,4,128,2,140,76,0,76,216
02/10/2000,HGR,MD,AEA,EN,Federal Contract Tower,6,3,16,1,26,0,0,87,4,91,6,3,103,5,117,106,6,112,229
02/11/2000,HGR,MD,AEA,EN,Federal Contract Tower,6,5,21,0,32,0,0,23,0,23,6,5,44,0,55,2,0,2,57
02/12/2000,HGR,MD,AEA,EN,Federal Contract Tower,3,2,6,1,12,0,4,70,3,77,3,6,76,4,89,68,10,78,167
02/13/2000,HGR,MD,AEA,EN,Federal Contract Tower,3,1,5,0,9,2,2,11,0,15,5,3,16,0,24,10,0,10,34
02/14/2000,HGR,MD,AEA,EN,Federal Contract Tower,4,3,8,0,15,7,0,0,0,7,11,3,8,0,22,0,0,0,22
02/15/2000,HGR,MD,AEA,EN,Federal Contract Tower,6,5,18,1,30,0,0,81,9,90,6,5,99,10,120,52,4,56,176
02/16/2000,HGR,MD,AEA,EN,Federal Contract Tower,6,2,19,0,27,0,0,81,0,81,6,2,100,0,108,0,36,36,144
02/17/2000,HGR,MD,AEA,EN,Federal Contract Tower,4,3,10,1,18,2,1,122,3,128,6,4,132,4,146,84,0,84,230
02/18/2000,HGR,MD,AEA,EN,Federal Contract Tower,4,2,7,0,13,1,2,0,0,3,5,4,7,0,16,0,0,0,16
02/19/2000,HGR,MD,AEA,EN,Federal Contract Tower,3,3,13,0,19,0,2,19,0,21,3,5,32,0,40,20,0,20,60
02/20/2000,HGR,MD,AEA,EN,Federal Contract Tower,4,1,9,0,14,1,0,72,0,73,5,1,81,0,87,48,0,48,135
02/21/2000,HGR,MD,AEA,EN,Federal Contract Tower,6,3,14,0,23,2,0,123,0,125,8,3,137,0,148,54,0,54,202
02/22/2000,HGR,MD,AEA,EN,Federal Contract Tower,6,4,16,0,26,0,1,127,2,130,6,5,143,2,156,74,0,74,230
02/23/2000,HGR,MD,AEA,EN,Federal Contract Tower,6,4,17,0,27,0,0,125,2,127,6,4,142,2,154,64,10,74,228
02/24/2000,HGR,MD,AEA,EN,Federal Contract Tower,6,3,18,0,27,0,0,101,9,110,6,3,119,9,137,82,4,86,223
02/25/2000,HGR,MD,AEA,EN,Federal Contract Tower,6,4,17,0,27,0,1,91,0,92,6,5,108,0,119,34,0,34,153
02/26/2000,HGR,MD,AEA,EN,Federal Contract Tower,3,3,13,0,19,0,1,2,0,3,3,4,15,0,22,0,0,0,22
02/27/2000,HGR,MD,AEA,EN,Federal Contract Tower,4,2,10,0,16,1,0,31,0,32,5,2,41,0,48,4,0,4,52
02/28/2000,HGR,MD,AEA,EN,Federal Contract Tower,5,3,12,0,20,1,0,45,0,46,6,3,57,0,66,24,0,24,90
02/29/2000,HGR,MD,AEA,EN,Federal Contract Tower,4,2,11,0,17,2,0,134,6,142,6,2,145,6,159,50,10,60,219
03/01/2000,HGR,MD,AEA,EN,Federal Contract Tower,5,3,15,0,23,1,0,82,6,89,6,3,97,6,112,38,0,38,150
03/02/2000,HGR,MD,AEA,EN,Federal Contract Tower,4,3,16,0,23,2,0,16,5,23,6,3,32,5,46,0,0,0,46
03/03/2000,HGR,MD,AEA,EN,Federal Contract Tower,6,3,21,1,31,0,0,65,11,76,6,3,86,12,107,24,6,30,137
03/04/2000,HGR,MD,AEA,EN,Federal Contract Tower,3,3,10,1,17,0,1,160,3,164,3,4,170,4,181,100,0,100,281
03/05/2000,HGR,MD,AEA,EN,Federal Contract Tower,2,1,7,0,10,3,0,61,0,64,5,1,68,0,74,28,0,28,102
03/06/2000,HGR,MD,AEA,EN,Federal Contract Tower,5,3,15,1,24,1,0,99,4,104,6,3,114,5,128,64,0,64,192
03/07/2000,HGR,MD,AEA,EN,Federal Contract Tower,5,2,11,1,19,1,3,104,1,109,6,5,115,2,128,102,0,102,230
03/08/2000,HGR,MD,AEA,EN,Federal Contract Tower,5,2,10,0,17,1,1,87,0,89,6,3,97,0,106,78,0,78,184
03/09/2000,HGR,MD,AEA,EN,Federal Contract Tower,6,3,15,1,25,0,0,58,4,62,6,3,73,5,87,22,10,32,119
03/10/2000,HGR,MD,AEA,EN,Federal Contract Tower,5,3,12,0,20,1,0,81,0,82,6,3,93,0,102,26,2,28,130
03/11/2000,HGR,MD,AEA,EN,Federal Contract Tower,3,2,7,0,12,0,4,0,0,4,3,6,7,0,16,0,0,0,16
03/12/2000,HGR,MD,AEA,EN,Federal Contract Tower,3,1,8,0,12,2,0,8,0,10,5,1,16,0,22,0,0,0,22
03/13/2000,HGR,MD,AEA,EN,Federal Contract Tower,6,3,14,1,24,0,1,98,3,102,6,4,112,4,126,90,6,96,222
03/14/2000,HGR,MD,AEA,EN,Federal Contract Tower,6,3,14,0,23,0,0,116,0,116,6,3,130,0,139,66,0,66,205
03/15/2000,HGR,MD,AEA,EN,Federal Contract Tower,4,4,17,2,27,0,0,87,0,87,4,4,104,2,114,34,2,36,150
03/16/2000,HGR,MD,AEA,EN,Federal Contract Tower,6,4,17,2,29,0,1,48,0,49,6,5,65,2,78,26,0,26,104
03/17/2000,HGR,MD,AEA,EN,Federal Contract Tower,4,2,10,1,17,2,1,17,1,21,6,3,27,2,38,0,0,0,38
03/18/2000,HGR,MD,AEA,EN,Federal Contract Tower,3,2,8,1,14,0,2,169,1,172,3,4,177,2,186,34,0,34,220
03/19/2000,HGR,MD,AEA,EN,Federal Contract Tower,4,2,9,0,15,1,0,29,0,30,5,2,38,0,45,36,0,36,81
03/20/2000,HGR,MD,AEA,EN,Federal Contract Tower,6,4,19,2,31,0,0,14,0,14,6,4,33,2,45,26,0,26,71
03/21/2000,HGR,MD,AEA,EN,Federal Contract Tower,5,3,13,0,21,1,0,0,0,1,6,3,13,0,22,0,0,0,22
03/22/2000,HGR,MD,AEA,EN,Federal Contract Tower,5,5,24,0,34,0,0,9,0,9,5,5,33,0,43,10,0,10,53
03/23/2000,HGR,MD,AEA,EN,Federal Contract Tower,7,1,27,1,36,0,0,84,3,87,7,1,111,4,123,56,6,62,185
03/24/2000,HGR,MD,AEA,EN,Federal Contract Tower,6,5,21,1,33,0,1,155,6,162,6,6,176,7,195,86,10,96,291
03/25/2000,HGR,MD,AEA,EN,Federal Contract Tower,2,1,6,0,9,0,3,126,0,129,2,4,132,0,138,68,0,68,206
03/26/2000,HGR,MD,AEA,EN,Federal Contract Tower,4,1,10,0,15,1,0,51,3,55,5,1,61,3,70,28,2,30,100
03/27/2000,HGR,MD,AEA,EN,Federal Contract Tower,6,3,16,1,26,0,0,46,2,48,6,3,62,3,74,4,4,8,82
03/28/2000,HGR,MD,AEA,EN,Federal Contract Tower,5,3,12,0,20,1,1,32,2,36,6,4,44,2,56,30,2,32,88
03/29/2000,HGR,MD,AEA,EN,Federal Contract Tower,5,3,12,0,20,1,1,51,2,55,6,4,63,2,75,2,0,2,77
03/30/2000,HGR,MD,AEA,EN,Federal Contract Tower,6,3,15,0,24,0,0,124,2,126,6,3,139,2,150,42,0,42,192
03/31/2000,HGR,MD,AEA,EN,Federal Contract Tower,6,3,19,1,29,0,0,127,7,134,6,3,146,8,163,76,0,76,239
04/01/2000,HGR,MD,AEA,EN,Federal Contract Tower,2,2,9,1,14,1,4,177,1,183,3,6,186,2,197,96,4,100,297
04/02/2000,HGR,MD,AEA,EN,Federal Contract Tower,5,4,18,2,29,0,2,47,2,51,5,6,65,4,80,76,0,76,156
04/03/2000,HGR,MD,AEA,EN,Federal Contract Tower,5,4,18,2,29,3,0,30,5,38,8,4,48,7,67,36,6,42,109
04/04/2000,HGR,MD,AEA,EN,Federal Contract Tower,5,3,16,2,26,2,1,20,3,26,7,4,36,5,52,0,4,4,56
04/05/2000,HGR,MD,AEA,EN,Federal Contract Tower,5,4,16,2,27,1,0,65,0,66,6,4,81,2,93,14,0,14,107
04/06/2000,HGR,MD,AEA,EN,Federal Contract Tower,4,2,13,0,19,2,0,72,0,74,6,2,85,0,93,46,0,46,139
04/07/2000,HGR,MD,AEA,EN,Federal Contract Tower,5,2,15,2,24,1,0,100,9,110,6,2,115,11,134,28,14,42,176
04/08/2000,HGR,MD,AEA,EN,Federal Contract Tower,3,2,9,1,15,3,0,37,25,65,6,2,46,26,80,50,24,74,154
04/09/2000,HGR,MD,AEA,EN,Federal Contract Tower,3,3,6,0,12,2,3,4,0,9,5,6,10,0,21,0,0,0,21
04/10/2000,HGR,MD,AEA,EN,Federal Contract Tower,5,4,14,2,25,1,0,89,0,90,6,4,103,2,115,84,0,84,199
04/11/2000,HGR,MD,AEA,EN,Federal Contract Tower,4,3,8,1,16,2,0,52,1,55,6,3,60,2,71,60,0,60,131
04/12/2000,HGR,MD,AEA,EN,Federal Contract Tower,6,4,19,0,29,0,0,66,0,66,6,4,85,0,95,48,0,48,143
04/13/2000,HGR,MD,AEA,EN,Federal Contract Tower,6,3,17,0,26,0,0,148,0,148,6,3,165,0,174,96,0,96,270
04/14/2000,HGR,MD,AEA,EN,Federal Contract Tower,6,5,22,0,33,0,4,118,0,122,6,9,140,0,155,52,8,60,215
04/15/2000,HGR,MD,AEA,EN,Federal Contract Tower,6,3,17,0,26,0,1,28,0,29,6,4,45,0,55,34,0,34,89
04/16/2000,HGR,MD,AEA,EN,Federal Contract Tower,4,2,12,0,18,1,3,64,2,70,5,5,76,2,88,80,2,82,170
04/17/2000,HGR,MD,AEA,EN,Federal Contract Tower,6,3,17,0,26,0,1,0,0,1,6,4,17,0,27,0,0,0,27
04/18/2000,HGR,MD,AEA,EN,Federal Contract Tower,6,3,16,0,25,0,3,0,0,3,6,6,16,0,28,0,0,0,28
04/19/2000,HGR,MD,AEA,EN,Federal Contract Tower,6,4,29,1,40,0,0,71,6,77,6,4,100,7,117,86,12,98,215
04/20/2000,HGR,MD,AEA,EN,Federal Contract Tower,6,4,25,1,36,0,0,68,1,69,6,4,93,2,105,30,0,30,135
04/21/2000,HGR,MD,AEA,EN,Federal Contract Tower,3,2,4,0,9,6,0,0,1,7,9,2,4,1,16,0,0,0,16
04/22/2000,HGR,MD,AEA,EN,Federal Contract Tower,5,3,23,0,31,0,0,14,0,14,5,3,37,0,45,12,0,12,57
04/23/2000,HGR,MD,AEA,EN,Federal Contract Tower,4,2,11,0,17,1,0,55,0,56,5,2,66,0,73,22,0,22,95
04/24/2000,HGR,MD,AEA,EN,Federal Contract Tower,6,4,19,1,30,0,0,139,2,141,6,4,158,3,171,106,0,106,277
04/25/2000,HGR,MD,AEA,EN,Federal Contract Tower,5,3,16,1,25,0,0,81,4,85,5,3,97,5,110,38,12,50,160
04/26/2000,HGR,MD,AEA,EN,Federal Contract Tower,7,3,24,1,35,0,0,44,11,55,7,3,68,12,90,24,10,34,124
04/27/2000,HGR,MD,AEA,EN,Federal Contract Tower,7,3,30,1,41,0,0,16,1,17,7,3,46,2,58,18,0,18,76
04/28/2000,HGR,MD,AEA,EN,Federal Contract Tower,6,4,27,1,38,0,0,30,10,40,6,4,57,11,78,30,0,30,108
04/29/2000,HGR,MD,AEA,EN,Federal Contract Tower,3,2,12,0,17,0,3,153,39,195,3,5,165,39,212,52,0,52,264
04/30/2000,HGR,MD,AEA,EN,Federal Contract Tower,3,1,8,0,12,2,3,147,26,178,5,4,155,26,190,40,2,42,232
05/01/2000,HGR,MD,AEA,EN,Federal Contract Tower,6,2,12,0,20,0,2,76,0,78,6,4,88,0,98,50,0,50,148
05/02/2000,HGR,MD,AEA,EN,Federal Contract Tower,5,3,12,0,20,1,0,57,3,61,6,3,69,3,81,64,6,70,151
05/03/2000,HGR,MD,AEA,EN,Federal Contract Tower,3,3,11,0,17,3,0,129,0,132,6,3,140,0,149,102,0,102,251
05/04/2000,HGR,MD,AEA,EN,Federal Contract Tower,6,3,15,0,24,0,0,127,2,129,6,3,142,2,153,82,6,88,241
05/05/2000,HGR,MD,AEA,EN,Federal Contract Tower,6,4,22,0,32,0,0,109,2,111,6,4,131,2,143,82,0,82,225
05/06/2000,HGR,MD,AEA,EN,Federal Contract Tower,4,3,11,0,18,1,0,88,1,90,5,3,99,1,108,124,0,124,232
05/07/2000,HGR,MD,AEA,EN,Federal Contract Tower,4,0,11,0,15,6,0,119,8,133,10,0,130,8,148,64,14,78,226
05/08/2000,HGR,MD,AEA,EN,Federal Contract Tower,8,3,15,0,26,2,2,85,2,91,10,5,100,2,117,38,0,38,155
05/09/2000,HGR,MD,AEA,EN,Federal Contract Tower,9,3,19,0,31,0,0,99,2,101,9,3,118,2,132,82,0,82,214
05/10/2000,HGR,MD,AEA,EN,Federal Contract Tower,9,0,22,0,31,0,0,57,2,59,9,0,79,2,90,32,0,32,122
05/11/2000,HGR,MD,AEA,EN,Federal Contract Tower,7,0,12,1,20,2,0,117,5,124,9,0,129,6,144,92,8,100,244
05/12/2000,HGR,MD,AEA,EN,Federal Contract Tower,11,2,19,0,32,0,5,79,0,84,11,7,98,0,116,62,0,62,178
05/13/2000,HGR,MD,AEA,EN,Federal Contract Tower,4,0,6,0,10,3,0,50,0,53,7,0,56,0,63,54,0,54,117
05/14/2000,HGR,MD,AEA,EN,Federal Contract Tower,5,1,8,0,14,4,0,87,0,91,9,1,95,0,105,62,2,64,169
05/15/2000,HGR,MD,AEA,EN,Federal Contract Tower,7,0,13,1,21,2,0,137,9,148,9,0,150,10,169,30,4,34,203
05/16/2000,HGR,MD,AEA,EN,Federal Contract Tower,7,0,13,0,20,3,0,123,0,126,10,0,136,0,146,78,0,78,224
05/17/2000,HGR,MD,AEA,EN,Federal Contract Tower,7,1,13,1,22,2,1,93,3,99,9,2,106,4,121,60,2,62,183
05/18/2000,HGR,MD,AEA,EN,Federal Contract Tower,9,2,17,0,28,0,0,66,0,66,9,2,83,0,94,68,2,70,164
05/19/2000,HGR,MD,AEA,EN,Federal Contract Tower,8,0,14,1,23,2,0,19,1,22,10,0,33,2,45,0,0,0,45
05/20/2000,HGR,MD,AEA,EN,Federal Contract Tower,8,0,15,0,23,0,0,5,0,5,8,0,20,0,28,22,0,22,50
05/21/2000,HGR,MD,AEA,EN,Federal Contract Tower,7,1,15,0,23,2,0,10,0,12,9,1,25,0,35,6,0,6,41
05/22/2000,HGR,MD,AEA,EN,Federal Contract Tower,8,1,16,0,25,1,0,11,2,14,9,1,27,2,39,4,8,12,51
05/23/2000,HGR,MD,AEA,EN,Federal Contract Tower,9,0,20,0,29,0,0,7,3,10,9,0,27,3,39,2,0,2,41
05/24/2000,HGR,MD,AEA,EN,Federal Contract Tower,9,1,18,0,28,1,0,68,2,71,10,1,86,2,99,34,2,36,135
05/25/2000,HGR,MD,AEA,EN,Federal Contract Tower,9,0,17,0,26,0,0,98,15,113,9,0,115,15,139,30,10,40,179
05/26/2000,HGR,MD,AEA,EN,Federal Contract Tower,9,0,17,0,26,0,0,176,6,182,9,0,193,6,208,132,0,132,340
05/27/2000,HGR,MD,AEA,EN,Federal Contract Tower,5,0,10,0,15,3,0,49,0,52,8,0,59,0,67,126,0,126,193
05/28/2000,HGR,MD,AEA,EN,Federal Contract Tower,4,0,8,0,12,1,0,2,2,5,5,0,10,2,17,0,0,0,17
05/29/2000,HGR,MD,AEA,EN,Federal Contract Tower,0,1,12,0,13,0,8,40,0,48,0,9,52,0,61,36,0,36,97
05/30/2000,HGR,MD,AEA,EN,Federal Contract Tower,0,3,22,0,25,0,7,81,9,97,0,10,103,9,122,56,2,58,180
05/31/2000,HGR,MD,AEA,EN,Federal Contract Tower,0,2,18,0,20,0,6,100,4,110,0,8,118,4,130,54,0,54,184
06/01/2000,HGR,MD,AEA,EN,Federal Contract Tower,0,7,15,0,22,0,2,106,0,108,0,9,121,0,130,44,0,44,174
06/02/2000,HGR,MD,AEA,EN,Federal Contract Tower,0,9,22,0,31,0,0,77,0,77,0,9,99,0,108,30,0,30,138
06/03/2000,HGR,MD,AEA,EN,Federal Contract Tower,0,7,13,1,21,0,4,121,0,125,0,11,134,1,146,82,0,82,228
06/04/2000,HGR,MD,AEA,EN,Federal Contract Tower,0,7,13,0,20,0,1,123,0,124,0,8,136,0,144,122,0,122,266
06/05/2000,HGR,MD,AEA,EN,Federal Contract Tower,0,9,27,3,39,0,0,51,1,52,0,9,78,4,91,34,4,38,129
06/06/2000,HGR,MD,AEA,EN,Federal Contract Tower,0,10,20,0,30,0,0,3,0,3,0,10,23,0,33,0,0,0,33
06/07/2000,HGR,MD,AEA,EN,Federal Contract Tower,0,10,23,2,35,0,0,150,2,152,0,10,173,4,187,74,0,74,261
06/08/2000,HGR,MD,AEA,EN,Federal Contract Tower,0,9,17,2,28,0,3,141,12,156,0,12,158,14,184,110,2,112,296
06/09/2000,HGR,MD,AEA,EN,Federal Contract Tower,0,8,21,2,31,0,0,152,11,163,0,8,173,13,194,40,8,48,242
06/10/2000,HGR,MD,AEA,EN,Federal Contract Tower,0,5,8,1,14,0,4,116,0,120,0,9,124,1,134,36,0,36,170
06/11/2000,HGR,MD,AEA,EN,Federal Contract Tower,0,5,10,1,16,0,3,76,3,82,0,8,86,4,98,32,0,32,130
06/12/2000,HGR,MD,AEA,EN,Federal Contract Tower,0,7,12,0,19,0,1,33,0,34,0,8,45,0,53,20,0,20,73
06/13/2000,HGR,MD,AEA,EN,Federal Contract Tower,0,11,31,0,42,0,0,9,0,9,0,11,40,0,51,0,0,0,51
06/14/2000,HGR,MD,AEA,EN,Federal Contract Tower,0,9,25,0,34,0,0,7,0,7,0,9,32,0,41,2,0,2,43
06/15/2000,HGR,MD,AEA,EN,Federal Contract Tower,0,8,17,2,27,0,0,13,0,13,0,8,30,2,40,2,2,4,44
06/16/2000,HGR,MD,AEA,EN,Federal Contract Tower,0,9,23,1,33,0,0,76,5,81,0,9,99,6,114,20,0,20,134
06/17/2000,HGR,MD,AEA,EN,Federal Contract Tower,0,6,14,1,21,0,2,64,7,73,0,8,78,8,94,38,0,38,132
06/18/2000,HGR,MD,AEA,EN,Federal Contract Tower,0,7,14,0,21,0,2,8,0,10,0,9,22,0,31,6,0,6,37
06/19/2000,HGR,MD,AEA,EN,Federal Contract Tower,0,9,18,1,28,0,2,80,5,87,0,11,98,6,115,78,0,78,193
06/20/2000,HGR,MD,AEA,EN,Federal Contract Tower,0,7,25,1,33,0,0,146,22,168,0,7,171,23,201,58,24,82,283
06/21/2000,HGR,MD,AEA,EN,Federal Contract Tower,0,8,20,1,29,0,0,59,7,66,0,8,79,8,95,62,8,70,165
06/22/2000,HGR,MD,AEA,EN,Federal Contract Tower,0,10,21,0,31,0,0,98,0,98,0,10,119,0,129,82,0,82,211
06/23/2000,HGR,MD,AEA,EN,Federal Contract Tower,0,7,13,0,20,0,2,188,3,193,0,9,201,3,213,130,0,130,343
06/24/2000,HGR,MD,AEA,EN,Federal Contract Tower,0,6,13,0,19,0,4,139,4,147,0,10,152,4,166,104,0,104,270
06/25/2000,HGR,MD,AEA,EN,Federal Contract Tower,0,5,10,0,15,0,3,87,0,90,0,8,97,0,105,68,0,68,173
06/26/2000,HGR,MD,AEA,EN,Federal Contract Tower,0,8,16,1,25,0,3,88,1,92,0,11,104,2,117,34,0,34,151
06/27/2000,HGR,MD,AEA,EN,Federal Contract Tower,0,11,28,2,41,0,0,43,0,43,0,11,71,2,84,60,0,60,144
06/28/2000,HGR,MD,AEA,EN,Federal Contract Tower,0,10,26,2,38,0,0,36,8,44,0,10,62,10,82,20,0,20,102
06/29/2000,HGR,MD,AEA,EN,Federal Contract Tower,0,8,19,1,28,0,0,74,6,80,0,8,93,7,108,76,0,76,184
06/30/2000,HGR,MD,AEA,EN,Federal Contract Tower,0,7,15,1,23,0,2,141,3,146,0,9,156,4,169,130,8,138,307
07/01/2000,HGR,MD,AEA,EN,Federal Contract Tower,0,5,13,2,20,0,5,153,1,159,0,10,166,3,179,76,4,80,259
07/02/2000,HGR,MD,AEA,EN,Federal Contract Tower,0,7,9,1,17,0,3,122,2,127,0,10,131,3,144,44,0,44,188
07/03/2000,HGR,MD,AEA,EN,Federal Contract Tower,0,6,10,2,18,0,4,70,1,75,0,10,80,3,93,24,0,24,117
07/04/2000,HGR,MD,AEA,EN,Federal Contract Tower,0,6,14,0,20,0,0,31,0,31,0,6,45,0,51,0,0,0,51
07/05/2000,HGR,MD,AEA,EN,Federal Contract Tower,0,9,18,0,27,0,0,78,0,78,0,9,96,0,105,34,0,34,139
07/06/2000,HGR,MD,AEA,EN,Federal Contract Tower,0,8,17,2,27,0,1,65,7,73,0,9,82,9,100,102,22,124,224
07/07/2000,HGR,MD,AEA,EN,Federal Contract Tower,0,9,18,2,29,0,1,152,2,155,0,10,170,4,184,28,0,28,212
07/08/2000,HGR,MD,AEA,EN,Federal Contract Tower,0,5,12,2,19,0,5,337,4,346,0,10,349,6,365,74,0,74,439
07/09/2000,HGR,MD,AEA,EN,Federal Contract Tower,0,5,12,2,19,0,4,324,2,330,0,9,336,4,349,20,0,20,369
07/10/2000,HGR,MD,AEA,EN,Federal Contract Tower,0,9,21,0,30,0,0,15,0,15,0,9,36,0,45,0,0,0,45
07/11/2000,HGR,MD,AEA,EN,Federal Contract Tower,0,8,17,2,27,0,1,88,2,91,0,9,105,4,118,76,0,76,194
07/12/2000,HGR,MD,AEA,EN,Federal Contract Tower,0,8,18,2,28,0,0,158,0,158,0,8,176,2,186,108,0,108,294
07/13/2000,HGR,MD,AEA,EN,Federal Contract Tower,0,9,18,2,29,0,0,62,2,64,0,9,80,4,93,72,0,72,165
07/14/2000,HGR,MD,AEA,EN,Federal Contract Tower,0,5,15,1,21,0,0,55,0,55,0,5,70,1,76,26,0,26,102
07/15/2000,HGR,MD,AEA,EN,Federal Contract Tower,0,6,14,1,21,0,1,20,1,22,0,7,34,2,43,10,0,10,53
07/16/2000,HGR,MD,AEA,EN,Federal Contract Tower,0,6,14,1,21,0,3,40,2,45,0,9,54,3,66,20,0,20,86
07/17/2000,HGR,MD,AEA,EN,Federal Contract Tower,0,9,27,2,38,0,0,83,2,85,0,9,110,4,123,110,2,112,235
07/18/2000,HGR,MD,AEA,EN,Federal Contract Tower,0,7,16,1,24,0,4,97,1,102,0,11,113,2,126,36,0,36,162
07/19/2000,HGR,MD,AEA,EN,Federal Contract Tower,0,11,25,2,38,0,0,2,0,2,0,11,27,2,40,0,0,0,40
07/20/2000,HGR,MD,AEA,EN,Federal Contract Tower,0,10,31,2,43,0,0,149,4,153,0,10,180,6,196,136,0,136,332
07/21/2000,HGR,MD,AEA,EN,Federal Contract Tower,0,9,19,1,29,0,0,68,3,71,0,9,87,4,100,88,0,88,188
07/22/2000,HGR,MD,AEA,EN,Federal Contract Tower,0,5,13,1,19,0,3,120,1,124,0,8,133,2,143,70,0,70,213
07/23/2000,HGR,MD,AEA,EN,Federal Contract Tower,0,6,11,0,17,0,3,99,3,105,0,9,110,3,122,106,0,106,228
07/24/2000,HGR,MD,AEA,EN,Federal Contract Tower,0,9,19,0,28,0,0,1,0,1,0,9,20,0,29,0,0,0,29
07/25/2000,HGR,MD,AEA,EN,Federal Contract Tower,0,11,23,1,35,0,1,87,9,97,0,12,110,10,132,48,10,58,190
07/26/2000,HGR,MD,AEA,EN,Federal Contract Tower,0,9,19,0,28,0,3,0,0,3,0,12,19,0,31,0,0,0,31
07/27/2000,HGR,MD,AEA,EN,Federal Contract Tower,0,9,37,3,49,0,0,76,17,93,0,9,113,20,142,122,2,124,266
07/28/2000,HGR,MD,AEA,EN,Federal Contract Tower,0,7,24,2,33,0,0,72,12,84,0,7,96,14,117,62,18,80,197
07/29/2000,HGR,MD,AEA,EN,Federal Contract Tower,0,8,27,2,37,0,0,8,0,8,0,8,35,2,45,22,0,22,67
07/30/2000,HGR,MD,AEA,EN,Federal Contract Tower,0,7,15,1,23,0,1,27,1,29,0,8,42,2,52,36,0,36,88
07/31/2000,HGR,MD,AEA,EN,Federal Contract Tower,0,8,23,1,32,0,0,41,1,42,0,8,64,2,74,56,0,56,130
08/01/2000,HGR,MD,AEA,EN,Federal Contract Tower,0,9,22,1,32,0,0,64,0,64,0,9,86,1,96,70,0,70,166
08/02/2000,HGR,MD,AEA,EN,Federal Contract Tower,0,11,25,1,37,0,0,95,10,105,0,11,120,11,142,118,0,118,260
08/03/2000,HGR,MD,AEA,EN,Federal Contract Tower,0,8,16,1,25,0,1,40,6,47,0,9,56,7,72,36,0,36,108
08/04/2000,HGR,MD,AEA,EN,Federal Contract Tower,0,9,34,2,45,0,0,44,9,53,0,9,78,11,98,72,0,72,170
08/05/2000,HGR,MD,AEA,EN,Federal Contract Tower,0,8,14,0,22,0,0,180,0,180,0,8,194,0,202,116,0,116,318
08/06/2000,HGR,MD,AEA,EN,Federal Contract Tower,0,9,21,0,30,0,0,10,0,10,0,9,31,0,40,2,0,2,42
08/07/2000,HGR,MD,AEA,EN,Federal Contract Tower,0,10,20,2,32,0,0,50,0,50,0,10,70,2,82,84,0,84,166
08/08/2000,HGR,MD,AEA,EN,Federal Contract Tower,0,7,15,2,24,0,1,112,2,115,0,8,127,4,139,58,0,58,197
08/09/2000,HGR,MD,AEA,EN,Federal Contract Tower,0,8,18,2,28,0,3,68,7,78,0,11,86,9,106,44,2,46,152
08/10/2000,HGR,MD,AEA,EN,Federal Contract Tower,0,9,20,2,31,0,0,135,0,135,0,9,155,2,166,72,0,72,238
08/11/2000,HGR,MD,AEA,EN,Federal Contract Tower,0,11,25,2,38,0,0,131,3,134,0,11,156,5,172,56,0,56,228
08/12/2000,HGR,MD,AEA,EN,Federal Contract Tower,0,7,16,2,25,0,1,118,0,119,0,8,134,2,144,78,0,78,222
08/13/2000,HGR,MD,AEA,EN,Federal Contract Tower,0,9,22,2,33,0,0,44,0,44,0,9,66,2,77,40,0,40,117
08/14/2000,HGR,MD,AEA,EN,Federal Contract Tower,0,7,16,2,25,0,2,79,9,90,0,9,95,11,115,90,2,92,207
08/15/2000,HGR,MD,AEA,EN,Federal Contract Tower,0,10,21,2,33,0,1,118,6,125,0,11,139,8,158,76,4,80,238
08/16/2000,HGR,MD,AEA,EN,Federal Contract Tower,0,6,14,2,22,0,4,80,0,84,0,10,94,2,106,36,0,36,142
08/17/2000,HGR,MD,AEA,EN,Federal Contract Tower,0,7,15,2,24,0,2,140,3,145,0,9,155,5,169,106,6,112,281
08/18/2000,HGR,MD,AEA,EN,Federal Contract Tower,0,7,16,2,25,0,0,14,0,14,0,7,30,2,39,36,0,36,75
08/19/2000,HGR,MD,AEA,EN,Federal Contract Tower,0,6,15,0,21,0,2,126,0,128,0,8,141,0,149,70,0,70,219
08/20/2000,HGR,MD,AEA,EN,Federal Contract Tower,0,5,11,0,16,0,4,88,2,94,0,9,99,2,110,98,0,98,208
08/21/2000,HGR,MD,AEA,EN,Federal Contract Tower,0,7,17,1,25,0,5,117,5,127,0,12,134,6,152,82,0,82,234
08/22/2000,HGR,MD,AEA,EN,Federal Contract Tower,0,10,22,1,33,0,1,114,7,122,0,11,136,8,155,82,8,90,245
08/23/2000,HGR,MD,AEA,EN,Federal Contract Tower,0,7,16,1,24,0,2,48,6,56,0,9,64,7,80,14,0,14,94
08/24/2000,HGR,MD,AEA,EN,Federal Contract Tower,0,9,19,1,29,0,2,60,4,66,0,11,79,5,95,66,0,66,161
08/25/2000,HGR,MD,AEA,EN,Federal Contract Tower,0,9,21,1,31,0,0,128,4,132,0,9,149,5,163,22,0,22,185
08/26/2000,HGR,MD,AEA,EN,Federal Contract Tower,0,7,13,0,20,0,1,104,3,108,0,8,117,3,128,106,0,106,234
08/27/2000,HGR,MD,AEA,EN,Federal Contract Tower,0,6,15,0,21,0,2,4,0,6,0,8,19,0,27,0,0,0,27
08/28/2000,HGR,MD,AEA,EN,Federal Contract Tower,0,10,28,1,39,0,0,23,1,24,0,10,51,2,63,22,2,24,87
08/29/2000,HGR,MD,AEA,EN,Federal Contract Tower,0,10,21,0,31,0,5,4,0,9,0,15,25,0,40,0,0,0,40
08/30/2000,HGR,MD,AEA,EN,Federal Contract Tower,0,9,40,2,51,0,0,54,1,55,0,9,94,3,106,50,0,50,156
08/31/2000,HGR,MD,AEA,EN,Federal Contract Tower,0,8,32,2,42,0,0,18,2,20,0,8,50,4,62,6,0,6,68
09/01/2000,HGR,MD,AEA,EN,Federal Contract Tower,0,9,25,2,36,0,0,26,0,26,0,9,51,2,62,32,0,32,94
09/02/2000,HGR,MD,AEA,EN,Federal Contract Tower,0,5,7,0,12,0,3,30,2,35,0,8,37,2,47,18,0,18,65
09/03/2000,HGR,MD,AEA,EN,Federal Contract Tower,0,5,10,0,15,0,0,18,0,18,0,5,28,0,33,24,0,24,57
09/04/2000,HGR,MD,AEA,EN,Federal Contract Tower,0,8,12,0,20,0,0,36,0,36,0,8,48,0,56,50,0,50,106
09/05/2000,HGR,MD,AEA,EN,Federal Contract Tower,0,9,14,2,25,0,4,114,3,121,0,13,128,5,146,54,0,54,200
09/06/2000,HGR,MD,AEA,EN,Federal Contract Tower,0,10,20,3,33,0,0,119,3,122,0,10,139,6,155,118,0,118,273
09/07/2000,HGR,MD,AEA,EN,Federal Contract Tower,0,9,15,2,26,0,1,149,3,153,0,10,164,5,179,94,0,94,273
09/08/2000,HGR,MD,AEA,EN,Federal Contract Tower,0,6,11,2,19,0,4,141,4,149,0,10,152,6,168,66,0,66,234
09/09/2000,HGR,MD,AEA,EN,Federal Contract Tower,0,7,9,1,17,0,2,85,1,88,0,9,94,2,105,100,0,100,205
09/10/2000,HGR,MD,AEA,EN,Federal Contract Tower,0,12,19,2,33,0,0,69,0,69,0,12,88,2,102,10,0,10,112
09/11/2000,HGR,MD,AEA,EN,Federal Contract Tower,0,9,21,3,33,0,0,26,3,29,0,9,47,6,62,20,8,28,90
09/12/2000,HGR,MD,AEA,EN,Federal Contract Tower,0,9,14,0,23,0,0,29,0,29,0,9,43,0,52,14,0,14,66
09/13/2000,HGR,MD,AEA,EN,Federal Contract Tower,0,9,15,2,26,0,0,109,6,115,0,9,124,8,141,66,48,114,255
09/14/2000,HGR,MD,AEA,EN,Federal Contract Tower,0,8,13,1,22,0,1,100,0,101,0,9,113,1,123,90,0,90,213
09/15/2000,HGR,MD,AEA,EN,Federal Contract Tower,0,9,19,2,30,0,0,47,1,48,0,9,66,3,78,26,0,26,104
09/16/2000,HGR,MD,AEA,EN,Federal Contract Tower,0,9,14,2,25,0,1,99,3,103,0,10,113,5,128,36,0,36,164
09/17/2000,HGR,MD,AEA,EN,Federal Contract Tower,0,6,11,0,17,0,5,110,0,115,0,11,121,0,132,48,0,48,180
09/18/2000,HGR,MD,AEA,EN,Federal Contract Tower,0,8,14,1,23,0,1,98,1,100,0,9,112,2,123,50,0,50,173
09/19/2000,HGR,MD,AEA,EN,Federal Contract Tower,0,9,18,0,27,0,0,4,0,4,0,9,22,0,31,0,0,0,31
09/20/2000,HGR,MD,AEA,EN,Federal Contract Tower,0,10,18,1,29,0,0,116,3,119,0,10,134,4,148,38,0,38,186
09/21/2000,HGR,MD,AEA,EN,Federal Contract Tower,0,8,14,1,23,0,0,68,3,71,0,8,82,4,94,18,0,18,112
09/22/2000,HGR,MD,AEA,EN,Federal Contract Tower,0,15,27,0,42,0,0,160,0,160,0,15,187,0,202,42,0,42,244
09/23/2000,HGR,MD,AEA,EN,Federal Contract Tower,0,11,23,2,36,0,0,20,10,30,0,11,43,12,66,28,0,28,94
09/24/2000,HGR,MD,AEA,EN,Federal Contract Tower,0,9,16,1,26,0,0,35,25,60,0,9,51,26,86,48,2,50,136
09/25/2000,HGR,MD,AEA,EN,Federal Contract Tower,0,7,16,1,24,0,0,11,1,12,0,7,27,2,36,0,2,2,38
09/26/2000,HGR,MD,AEA,EN,Federal Contract Tower,0,9,18,1,28,0,0,4,1,5,0,9,22,2,33,0,0,0,33
09/27/2000,HGR,MD,AEA,EN,Federal Contract Tower,0,10,17,1,28,0,0,132,10,142,0,10,149,11,170,30,0,30,200
09/28/2000,HGR,MD,AEA,EN,Federal Contract Tower,0,9,15,1,25,0,2,93,3,98,0,11,108,4,123,6,0,6,129
09/29/2000,HGR,MD,AEA,EN,Federal Contract Tower,0,8,14,1,23,0,0,140,7,147,0,8,154,8,170,58,0,58,228
09/30/2000,HGR,MD,AEA,EN,Federal Contract Tower,0,6,11,1,18,0,3,154,1,158,0,9,165,2,176,90,0,90,266
10/01/2000,HGR,MD,AEA,EN,Federal Contract Tower,0,8,16,2,26,0,0,38,0,38,0,8,54,2,64,32,0,32,96
10/02/2000,HGR,MD,AEA,EN,Federal Contract Tower,0,7,15,1,23,0,0,48,0,48,0,7,63,1,71,56,0,56,127
10/03/2000,HGR,MD,AEA,EN,Federal Contract Tower,0,8,11,1,20,0,0,93,2,95,0,8,104,3,115,54,0,54,169
10/04/2000,HGR,MD,AEA,EN,Federal Contract Tower,0,10,17,0,27,0,0,86,0,86,0,10,103,0,113,8,0,8,121
10/05/2000,HGR,MD,AEA,EN,Federal Contract Tower,0,11,19,0,30,0,0,18,0,18,0,11,37,0,48,0,0,0,48
10/06/2000,HGR,MD,AEA,EN,Federal Contract Tower,0,6,12,0,18,0,0,41,0,41,0,6,53,0,59,20,0,20,79
10/07/2000,HGR,MD,AEA,EN,Federal Contract Tower,0,7,10,1,18,0,3,65,14,82,0,10,75,15,100,48,0,48,148
10/08/2000,HGR,MD,AEA,EN,Federal Contract Tower,0,4,5,1,10,0,2,100,2,104,0,6,105,3,114,56,0,56,170
10/09/2000,HGR,MD,AEA,EN,Federal Contract Tower,0,6,9,1,16,0,2,55,1,58,0,8,64,2,74,4,0,4,78
10/10/2000,HGR,MD,AEA,EN,Federal Contract Tower,0,9,14,2,25,0,1,53,3,57,0,10,67,5,82,38,0,38,120
10/11/2000,HGR,MD,AEA,EN,Federal Contract Tower,0,8,13,0,21,0,0,116,0,116,0,8,129,0,137,64,0,64,201
10/12/2000,HGR,MD,AEA,EN,Federal Contract Tower,0,8,18,0,26,0,0,193,0,193,0,8,211,0,219,98,2,100,319
10/13/2000,HGR,MD,AEA,EN,Federal Contract Tower,0,8,12,1,21,0,0,150,11,161,0,8,162,12,182,128,4,132,314
10/14/2000,HGR,MD,AEA,EN,Federal Contract Tower,0,4,7,1,12,0,4,128,7,139,0,8,135,8,151,74,0,74,225
10/15/2000,HGR,MD,AEA,EN,Federal Contract Tower,0,4,7,1,12,0,4,103,0,107,0,8,110,1,119,62,0,62,181
10/16/2000,HGR,MD,AEA,EN,Federal Contract Tower,0,7,22,0,29,0,0,24,0,24,0,7,46,0,53,8,0,8,61
10/17/2000,HGR,MD,AEA,EN,Federal Contract Tower,0,9,16,0,25,0,1,0,0,1,0,10,16,0,26,0,0,0,26
10/18/2000,HGR,MD,AEA,EN,Federal Contract Tower,0,8,13,0,21,0,0,27,2,29,0,8,40,2,50,12,0,12,62
10/19/2000,HGR,MD,AEA,EN,Federal Contract Tower,0,7,12,0,19,0,1,71,16,88,0,8,83,16,107,64,0,64,171
10/20/2000,HGR,MD,AEA,EN,Federal Contract Tower,0,8,13,0,21,0,0,148,3,151,0,8,161,3,172,106,0,106,278
10/21/2000,HGR,MD,AEA,EN,Federal Contract Tower,0,8,15,1,24,0,0,152,37,189,0,8,167,38,213,44,0,44,257
10/22/2000,HGR,MD,AEA,EN,Federal Contract Tower,0,6,10,0,16,0,0,146,22,168,0,6,156,22,184,56,0,56,240
10/23/2000,HGR,MD,AEA,EN,Federal Contract Tower,0,7,12,0,19,0,1,87,4,92,0,8,99,4,111,32,0,32,143
10/24/2000,HGR,MD,AEA,EN,Federal Contract Tower,0,8,15,1,24,0,1,87,9,97,0,9,102,10,121,82,14,96,217
10/25/2000,HGR,MD,AEA,EN,Federal Contract Tower,0,9,15,1,25,0,2,90,1,93,0,11,105,2,118,72,0,72,190
10/26/2000,HGR,MD,AEA,EN,Federal Contract Tower,0,9,16,1,26,0,0,57,2,59,0,9,73,3,85,18,0,18,103
10/27/2000,HGR,MD,AEA,EN,Federal Contract Tower,0,9,27,1,37,0,0,66,7,73,0,9,93,8,110,4,2,6,116
10/28/2000,HGR,MD,AEA,EN,Federal Contract Tower,0,6,9,0,15,0,2,60,0,62,0,8,69,0,77,36,0,36,113
10/29/2000,HGR,MD,AEA,EN,Federal Contract Tower,0,4,7,0,11,0,4,70,6,80,0,8,77,6,91,6,14,20,111
10/30/2000,HGR,MD,AEA,EN,Federal Contract Tower,0,7,12,0,19,0,1,59,4,64,0,8,71,4,83,8,0,8,91
10/31/2000,HGR,MD,AEA,EN,Federal Contract Tower,0,6,11,0,17,0,2,91,4,97,0,8,102,4,114,42,0,42,156
11/01/2000,HGR,MD,AEA,EN,Federal Contract Tower,0,7,13,2,22,0,0,131,2,133,0,7,144,4,155,74,0,74,229
11/02/2000,HGR,MD,AEA,EN,Federal Contract Tower,0,10,15,2,27,0,1,132,0,133,0,11,147,2,160,82,12,94,254
11/03/2000,HGR,MD,AEA,EN,Federal Contract Tower,0,7,11,2,20,0,1,112,2,115,0,8,123,4,135,44,2,46,181
11/04/2000,HGR,MD,AEA,EN,Federal Contract Tower,0,6,8,0,14,0,2,120,0,122,0,8,128,0,136,44,0,44,180
11/05/2000,HGR,MD,AEA,EN,Federal Contract Tower,0,5,6,0,11,0,3,78,0,81,0,8,84,0,92,50,0,50,142
11/06/2000,HGR,MD,AEA,EN,Federal Contract Tower,0,6,8,1,15,0,2,73,1,76,0,8,81,2,91,54,0,54,145
11/07/2000,HGR,MD,AEA,EN,Federal Contract Tower,0,8,13,2,23,0,0,91,2,93,0,8,104,4,116,76,2,78,194
11/08/2000,HGR,MD,AEA,EN,Federal Contract Tower,0,5,8,1,14,0,1,38,6,45,0,6,46,7,59,38,0,38,97
11/09/2000,HGR,MD,AEA,EN,Federal Contract Tower,0,8,15,0,23,0,0,5,0,5,0,8,20,0,28,0,0,0,28
11/10/2000,HGR,MD,AEA,EN,Federal Contract Tower,0,8,10,1,19,0,0,34,1,35,0,8,44,2,54,0,0,0,54
11/11/2000,HGR,MD,AEA,EN,Federal Contract Tower,0,8,13,0,21,0,0,25,0,25,0,8,38,0,46,2,0,2,48
11/12/2000,HGR,MD,AEA,EN,Federal Contract Tower,0,8,14,2,24,0,0,72,2,74,0,8,86,4,98,68,0,68,166
11/13/2000,HGR,MD,AEA,EN,Federal Contract Tower,0,8,14,2,24,0,0,54,0,54,0,8,68,2,78,38,0,38,116
11/14/2000,HGR,MD,AEA,EN,Federal Contract Tower,0,9,18,1,28,0,0,53,0,53,0,9,71,1,81,6,0,6,87
11/15/2000,HGR,MD,AEA,EN,Federal Contract Tower,0,9,18,2,29,0,0,52,2,54,0,9,70,4,83,24,6,30,113
11/16/2000,HGR,MD,AEA,EN,Federal Contract Tower,0,10,15,1,26,0,0,64,3,67,0,10,79,4,93,40,0,40,133
11/17/2000,HGR,MD,AEA,EN,Federal Contract Tower,0,9,19,1,29,0,0,73,11,84,0,9,92,12,113,4,2,6,119
11/18/2000,HGR,MD,AEA,EN,Federal Contract Tower,0,6,9,0,15,0,2,113,0,115,0,8,122,0,130,94,0,94,224
11/19/2000,HGR,MD,AEA,EN,Federal Contract Tower,0,6,9,0,15,0,3,117,2,122,0,9,126,2,137,104,0,104,241
11/20/2000,HGR,MD,AEA,EN,Federal Contract Tower,0,11,18,1,30,0,0,49,5,54,0,11,67,6,84,12,2,14,98
11/21/2000,HGR,MD,AEA,EN,Federal Contract Tower,0,11,19,1,31,0,0,26,5,31,0,11,45,6,62,2,0,2,64
11/22/2000,HGR,MD,AEA,EN,Federal Contract Tower,0,9,16,1,26,0,0,45,5,50,0,9,61,6,76,14,6,20,96
11/23/2000,HGR,MD,AEA,EN,Federal Contract Tower,0,3,6,0,9,0,3,26,0,29,0,6,32,0,38,12,0,12,50
11/24/2000,HGR,MD,AEA,EN,Federal Contract Tower,0,7,10,0,17,0,0,118,4,122,0,7,128,4,139,26,0,26,165
11/25/2000,HGR,MD,AEA,EN,Federal Contract Tower,0,3,5,0,8,0,4,19,0,23,0,7,24,0,31,20,0,20,51
11/26/2000,HGR,MD,AEA,EN,Federal Contract Tower,0,8,14,0,22,0,0,24,0,24,0,8,38,0,46,30,0,30,76
11/27/2000,HGR,MD,AEA,EN,Federal Contract Tower,0,7,13,1,21,0,2,30,5,37,0,9,43,6,58,4,18,22,80
11/28/2000,HGR,MD,AEA,EN,Federal Contract Tower,0,8,18,1,27,0,0,99,13,112,0,8,117,14,139,80,8,88,227
11/29/2000,HGR,MD,AEA,EN,Federal Contract Tower,0,11,17,1,29,0,2,62,6,70,0,13,79,7,99,10,6,16,115
11/30/2000,HGR,MD,AEA,EN,Federal Contract Tower,0,8,14,1,23,0,1,17,9,27,0,9,31,10,50,10,6,16,66
12/01/2000,HGR,MD,AEA,EN,Federal Contract Tower,0,9,8,2,19,0,1,77,20,98,0,10,85,22,117,76,6,82,199
12/02/2000,HGR,MD,AEA,EN,Federal Contract Tower,0,5,7,1,13,0,3,92,3,98,0,8,99,4,111,78,0,78,189
12/03/2000,HGR,MD,AEA,EN,Federal Contract Tower,0,6,8,0,14,0,0,92,0,92,0,6,100,0,106,94,0,94,200
12/04/2000,HGR,MD,AEA,EN,Federal Contract Tower,0,8,11,2,21,0,0,98,19,117,0,8,109,21,138,32,10,42,180
12/05/2000,HGR,MD,AEA,EN,Federal Contract Tower,0,7,9,2,18,0,4,44,3,51,0,11,53,5,69,10,0,10,79
12/06/2000,HGR,MD,AEA,EN,Federal Contract Tower,0,7,8,2,17,0,1,59,20,80,0,8,67,22,97,52,20,72,169
12/07/2000,HGR,MD,AEA,EN,Federal Contract Tower,0,8,11,2,21,0,0,35,9,44,0,8,46,11,65,8,2,10,75
12/08/2000,HGR,MD,AEA,EN,Federal Contract Tower,0,9,15,2,26,0,0,52,5,57,0,9,67,7,83,54,0,54,137
12/09/2000,HGR,MD,AEA,EN,Federal Contract Tower,0,8,10,2,20,0,0,126,36,162,0,8,136,38,182,120,28,148,330
12/10/2000,HGR,MD,AEA,EN,Federal Contract Tower,0,6,7,0,13,0,0,28,0,28,0,6,35,0,41,52,0,52,93
12/11/2000,HGR,MD,AEA,EN,Federal Contract Tower,0,18,15,3,36,0,3,8,2,13,0,21,23,5,49,0,0,0,49
12/12/2000,HGR,MD,AEA,EN,Federal Contract Tower,0,5,2,0,7,0,3,0,0,3,0,8,2,0,10,0,0,0,10
12/13/2000,HGR,MD,AEA,EN,Federal Contract Tower,0,8,9,1,18,0,0,74,7,81,0,8,83,8,99,6,6,12,111
12/14/2000,HGR,MD,AEA,EN,Federal Contract Tower,0,7,8,1,16,0,0,10,8,18,0,7,18,9,34,0,0,0,34
12/15/2000,HGR,MD,AEA,EN,Federal Contract Tower,0,11,9,1,21,0,2,78,5,85,0,13,87,6,106,90,0,90,196
12/16/2000,HGR,MD,AEA,EN,Federal Contract Tower,0,3,0,0,3,0,2,0,0,2,0,5,0,0,5,0,0,0,5
12/17/2000,HGR,MD,AEA,EN,Federal Contract Tower,0,4,2,0,6,0,2,0,1,3,0,6,2,1,9,0,0,0,9
12/18/2000,HGR,MD,AEA,EN,Federal Contract Tower,0,9,8,1,18,0,0,83,6,89,0,9,91,7,107,66,2,68,175
12/19/2000,HGR,MD,AEA,EN,Federal Contract Tower,0,9,10,0,19,0,0,4,0,4,0,9,14,0,23,0,0,0,23
12/20/2000,HGR,MD,AEA,EN,Federal Contract Tower,0,9,11,1,21,0,0,42,2,44,0,9,53,3,65,4,0,4,69
12/21/2000,HGR,MD,AEA,EN,Federal Contract Tower,0,9,9,1,19,0,0,77,1,78,0,9,86,2,97,10,0,10,107
12/22/2000,HGR,MD,AEA,EN,Federal Contract Tower,0,8,8,1,17,0,0,24,1,25,0,8,32,2,42,0,0,0,42
12/23/2000,HGR,MD,AEA,EN,Federal Contract Tower,0,6,5,0,11,0,2,94,0,96,0,8,99,0,107,64,0,64,171
12/24/2000,HGR,MD,AEA,EN,Federal Contract Tower,0,5,4,0,9,0,2,47,0,49,0,7,51,0,58,56,0,56,114
12/25/2000,HGR,MD,AEA,EN,Federal Contract Tower,0,2,2,0,4,0,3,3,0,6,0,5,5,0,10,0,0,0,10
12/26/2000,HGR,MD,AEA,EN,Federal Contract Tower,0,4,7,1,12,0,0,84,0,84,0,4,91,1,96,36,2,38,134
12/27/2000,HGR,MD,AEA,EN,Federal Contract Tower,0,7,7,1,15,0,0,61,1,62,0,7,68,2,77,14,4,18,95
12/28/2000,HGR,MD,AEA,EN,Federal Contract Tower,0,8,7,0,15,0,1,41,0,42,0,9,48,0,57,8,0,8,65
12/29/2000,HGR,MD,AEA,EN,Federal Contract Tower,0,8,7,1,16,0,1,57,4,62,0,9,64,5,78,16,0,16,94
12/30/2000,HGR,MD,AEA,EN,Federal Contract Tower,0,6,6,0,12,0,2,10,0,12,0,8,16,0,24,26,0,26,50
12/31/2000,HGR,MD,AEA,EN,Federal Contract Tower,0,4,4,0,8,0,2,32,0,34,0,6,36,0,42,46,0,46,88
01/01/2001,HGR,MD,AEA,EN,Federal Contract Tower,0,2,6,1,9,0,3,40,1,44,0,5,46,2,53,30,0,30,83
01/02/2001,HGR,MD,AEA,EN,Federal Contract Tower,0,7,10,0,17,0,1,40,0,41,0,8,50,0,58,6,0,6,64
01/03/2001,HGR,MD,AEA,EN,Federal Contract Tower,0,6,9,1,16,0,2,107,10,119,0,8,116,11,135,28,4,32,167
01/04/2001,HGR,MD,AEA,EN,Federal Contract Tower,0,7,14,1,22,0,0,55,1,56,0,7,69,2,78,12,0,12,90
01/05/2001,HGR,MD,AEA,EN,Federal Contract Tower,0,6,8,0,14,0,3,0,0,3,0,9,8,0,17,0,0,0,17
01/06/2001,HGR,MD,AEA,EN,Federal Contract Tower,0,8,12,1,21,0,0,37,1,38,0,8,49,2,59,52,2,54,113
01/07/2001,HGR,MD,AEA,EN,Federal Contract Tower,0,5,7,1,13,0,4,105,5,114,0,9,112,6,127,152,6,158,285
01/08/2001,HGR,MD,AEA,EN,Federal Contract Tower,0,10,16,1,27,0,0,1,1,2,0,10,17,2,29,0,0,0,29
01/09/2001,HGR,MD,AEA,EN,Federal Contract Tower,0,7,12,1,20,0,0,36,2,38,0,7,48,3,58,0,0,0,58
01/10/2001,HGR,MD,AEA,EN,Federal Contract Tower,0,9,13,1,23,0,1,55,3,59,0,10,68,4,82,6,0,6,88
01/11/2001,HGR,MD,AEA,EN,Federal Contract Tower,0,8,12,1,21,0,0,134,4,138,0,8,146,5,159,54,0,54,213
01/12/2001,HGR,MD,AEA,EN,Federal Contract Tower,0,8,12,1,21,0,0,59,3,62,0,8,71,4,83,8,2,10,93
01/13/2001,HGR,MD,AEA,EN,Federal Contract Tower,0,9,12,1,22,0,0,156,25,181,0,9,168,26,203,94,0,94,297
01/14/2001,HGR,MD,AEA,EN,Federal Contract Tower,0,8,11,0,19,0,0,65,0,65,0,8,76,0,84,58,0,58,142
01/15/2001,HGR,MD,AEA,EN,Federal Contract Tower,0,8,7,0,15,0,0,0,0,0,0,8,7,0,15,0,0,0,15
01/16/2001,HGR,MD,AEA,EN,Federal Contract Tower,0,8,14,0,22,0,0,68,0,68,0,8,82,0,90,4,0,4,94
01/17/2001,HGR,MD,AEA,EN,Federal Contract Tower,0,10,19,0,29,0,0,59,5,64,0,10,78,5,93,38,2,40,133
01/18/2001,HGR,MD,AEA,EN,Federal Contract Tower,0,7,13,0,20,0,0,3,0,3,0,7,16,0,23,0,0,0,23
01/19/2001,HGR,MD,AEA,EN,Federal Contract Tower,0,8,12,0,20,0,1,0,0,1,0,9,12,0,21,0,0,0,21
01/20/2001,HGR,MD,AEA,EN,Federal Contract Tower,0,4,2,0,6,0,5,0,0,5,0,9,2,0,11,0,0,0,11
01/21/2001,HGR,MD,AEA,EN,Federal Contract Tower,0,5,9,0,14,0,3,7,1,11,0,8,16,1,25,4,0,4,29
01/22/2001,HGR,MD,AEA,EN,Federal Contract Tower,0,8,12,0,20,0,0,51,3,54,0,8,63,3,74,4,0,4,78
01/23/2001,HGR,MD,AEA,EN,Federal Contract Tower,0,11,22,0,33,0,0,101,23,124,0,11,123,23,157,36,0,36,193
01/24/2001,HGR,MD,AEA,EN,Federal Contract Tower,0,8,15,0,23,0,0,107,22,129,0,8,122,22,152,48,2,50,202
01/25/2001,HGR,MD,AEA,EN,Federal Contract Tower,0,8,16,0,24,0,0,54,10,64,0,8,70,10,88,16,0,16,104
01/26/2001,HGR,MD,AEA,EN,Federal Contract Tower,0,10,16,0,26,0,0,120,45,165,0,10,136,45,191,44,2,46,237
01/27/2001,HGR,MD,AEA,EN,Federal Contract Tower,0,7,12,0,19,0,2,3,17,22,0,9,15,17,41,4,0,4,45
01/28/2001,HGR,MD,AEA,EN,Federal Contract Tower,0,3,6,0,9,0,2,97,0,99,0,5,103,0,108,52,0,52,160
01/29/2001,HGR,MD,AEA,EN,Federal Contract Tower,0,8,13,0,21,0,0,70,9,79,0,8,83,9,100,32,0,32,132
01/30/2001,HGR,MD,AEA,EN,Federal Contract Tower,0,7,12,0,19,0,0,25,0,25,0,7,37,0,44,4,0,4,48
01/31/2001,HGR,MD,AEA,EN,Federal Contract Tower,0,9,17,0,26,0,0,50,4,54,0,9,67,4,80,12,4,16,96
02/01/2001,HGR,MD,AEA,EN,Federal Contract Tower,0,8,17,0,25,0,0,126,7,133,0,8,143,7,158,100,0,100,258
02/02/2001,HGR,MD,AEA,EN,Federal Contract Tower,0,12,16,0,28,0,0,20,8,28,0,12,36,8,56,6,0,6,62
02/03/2001,HGR,MD,AEA,EN,Federal Contract Tower,0,4,5,1,10,0,4,93,8,105,0,8,98,9,115,42,0,42,157
02/04/2001,HGR,MD,AEA,EN,Federal Contract Tower,0,5,6,0,11,0,3,104,0,107,0,8,110,0,118,74,0,74,192
02/05/2001,HGR,MD,AEA,EN,Federal Contract Tower,0,7,9,0,16,0,0,6,0,6,0,7,15,0,22,0,0,0,22
02/06/2001,HGR,MD,AEA,EN,Federal Contract Tower,0,4,5,1,10,0,1,44,11,56,0,5,49,12,66,8,0,8,74
02/07/2001,HGR,MD,AEA,EN,Federal Contract Tower,0,8,15,1,24,0,0,119,6,125,0,8,134,7,149,28,2,30,179
02/08/2001,HGR,MD,AEA,EN,Federal Contract Tower,0,8,12,1,21,0,0,74,1,75,0,8,86,2,96,44,0,44,140
02/09/2001,HGR,MD,AEA,EN,Federal Contract Tower,0,8,14,0,22,0,0,94,0,94,0,8,108,0,116,46,0,46,162
02/10/2001,HGR,MD,AEA,EN,Federal Contract Tower,0,5,7,1,13,0,2,15,3,20,0,7,22,4,33,0,0,0,33
02/11/2001,HGR,MD,AEA,EN,Federal Contract Tower,0,6,9,1,16,0,1,107,7,115,0,7,116,8,131,32,0,32,163
02/12/2001,HGR,MD,AEA,EN,Federal Contract Tower,0,8,14,1,23,0,0,61,1,62,0,8,75,2,85,18,0,18,103
02/13/2001,HGR,MD,AEA,EN,Federal Contract Tower,0,12,22,0,34,0,0,61,3,64,0,12,83,3,98,56,0,56,154
02/14/2001,HGR,MD,AEA,EN,Federal Contract Tower,0,8,18,0,26,0,0,4,0,4,0,8,22,0,30,0,0,0,30
02/15/2001,HGR,MD,AEA,EN,Federal Contract Tower,0,6,15,0,21,0,0,42,0,42,0,6,57,0,63,32,0,32,95
02/16/2001,HGR,MD,AEA,EN,Federal Contract Tower,0,8,16,0,24,0,0,8,0,8,0,8,24,0,32,8,0,8,40
02/17/2001,HGR,MD,AEA,EN,Federal Contract Tower,0,5,7,0,12,0,4,14,0,18,0,9,21,0,30,4,0,4,34
02/18/2001,HGR,MD,AEA,EN,Federal Contract Tower,0,4,7,0,11,0,4,95,2,101,0,8,102,2,112,48,4,52,164
02/19/2001,HGR,MD,AEA,EN,Federal Contract Tower,0,6,8,0,14,0,2,146,3,151,0,8,154,3,165,58,0,58,223
02/20/2001,HGR,MD,AEA,EN,Federal Contract Tower,0,6,12,0,18,0,0,70,13,83,0,6,82,13,101,10,0,10,111
02/21/2001,HGR,MD,AEA,EN,Federal Contract Tower,0,8,11,0,19,0,2,41,2,45,0,10,52,2,64,0,0,0,64
02/22/2001,HGR,MD,AEA,EN,Federal Contract Tower,0,9,12,0,21,0,0,1,2,3,0,9,13,2,24,0,0,0,24
02/23/2001,HGR,MD,AEA,EN,Federal Contract Tower,0,7,10,0,17,0,1,28,9,38,0,8,38,9,55,16,12,28,83
02/24/2001,HGR,MD,AEA,EN,Federal Contract Tower,0,5,8,0,13,0,5,122,3,130,0,10,130,3,143,98,0,98,241
02/25/2001,HGR,MD,AEA,EN,Federal Contract Tower,0,3,1,0,4,0,5,0,0,5,0,8,1,0,9,8,0,8,17
02/26/2001,HGR,MD,AEA,EN,Federal Contract Tower,0,8,12,0,20,0,0,59,5,64,0,8,71,5,84,4,0,4,88
02/27/2001,HGR,MD,AEA,EN,Federal Contract Tower,0,8,12,0,20,0,1,120,7,128,0,9,132,7,148,28,0,28,176
02/28/2001,HGR,MD,AEA,EN,Federal Contract Tower,0,7,10,0,17,0,1,54,7,62,0,8,64,7,79,28,6,34,113
03/01/2001,HGR,MD,AEA,EN,Federal Contract Tower,0,6,11,1,18,0,2,88,14,104,0,8,99,15,122,16,0,16,138
03/02/2001,HGR,MD,AEA,EN,Federal Contract Tower,0,5,6,1,12,0,3,91,1,95,0,8,97,2,107,82,0,82,189
03/03/2001,HGR,MD,AEA,EN,Federal Contract Tower,0,5,13,1,19,0,0,125,13,138,0,5,138,14,157,96,0,96,253
03/04/2001,HGR,MD,AEA,EN,Federal Contract Tower,0,3,3,0,6,0,3,0,0,3,0,6,3,0,9,0,0,0,9
03/05/2001,HGR,MD,AEA,EN,Federal Contract Tower,0,3,5,0,8,0,4,2,0,6,0,7,7,0,14,0,0,0,14
03/06/2001,HGR,MD,AEA,EN,Federal Contract Tower,0,5,7,0,12,0,4,9,0,13,0,9,16,0,25,4,0,4,29
03/07/2001,HGR,MD,AEA,EN,Federal Contract Tower,0,8,14,1,23,0,0,80,15,95,0,8,94,16,118,4,10,14,132
03/08/2001,HGR,MD,AEA,EN,Federal Contract Tower,0,8,14,1,23,0,0,106,9,115,0,8,120,10,138,66,22,88,226
03/09/2001,HGR,MD,AEA,EN,Federal Contract Tower,0,8,13,1,22,0,0,64,9,73,0,8,77,10,95,14,14,28,123
03/10/2001,HGR,MD,AEA,EN,Federal Contract Tower,0,3,5,1,9,0,4,92,5,101,0,7,97,6,110,42,4,46,156
03/11/2001,HGR,MD,AEA,EN,Federal Contract Tower,0,5,7,1,13,0,3,104,1,108,0,8,111,2,121,42,0,42,163
03/12/2001,HGR,MD,AEA,EN,Federal Contract Tower,0,6,8,1,15,0,2,98,12,112,0,8,106,13,127,24,0,24,151
03/13/2001,HGR,MD,AEA,EN,Federal Contract Tower,0,6,10,0,16,0,0,14,0,14,0,6,24,0,30,0,0,0,30
03/14/2001,HGR,MD,AEA,EN,Federal Contract Tower,0,8,11,0,19,0,0,68,0,68,0,8,79,0,87,10,0,10,97
03/15/2001,HGR,MD,AEA,EN,Federal Contract Tower,0,10,14,1,25,0,0,78,12,90,0,10,92,13,115,46,2,48,163
03/16/2001,HGR,MD,AEA,EN,Federal Contract Tower,0,11,23,2,36,0,0,10,1,11,0,11,33,3,47,0,0,0,47
03/17/2001,HGR,MD,AEA,EN,Federal Contract Tower,0,5,9,0,14,0,0,27,0,27,0,5,36,0,41,4,0,4,45
03/18/2001,HGR,MD,AEA,EN,Federal Contract Tower,0,7,9,0,16,0,1,47,5,53,0,8,56,5,69,10,0,10,79
03/19/2001,HGR,MD,AEA,EN,Federal Contract Tower,0,7,11,0,18,0,3,165,7,175,0,10,176,7,193,48,0,48,241
03/20/2001,HGR,MD,AEA,EN,Federal Contract Tower,0,11,15,0,26,0,4,95,9,108,0,15,110,9,134,14,2,16,150
03/21/2001,HGR,MD,AEA,EN,Federal Contract Tower,0,11,15,0,26,0,1,1,0,2,0,12,16,0,28,0,0,0,28
03/22/2001,HGR,MD,AEA,EN,Federal Contract Tower,0,9,13,0,22,0,3,18,0,21,0,12,31,0,43,6,0,6,49
03/23/2001,HGR,MD,AEA,EN,Federal Contract Tower,0,14,20,0,34,0,0,65,1,66,0,14,85,1,100,4,0,4,104
03/24/2001,HGR,MD,AEA,EN,Federal Contract Tower,0,5,8,0,13,0,2,55,2,59,0,7,63,2,72,38,0,38,110
03/25/2001,HGR,MD,AEA,EN,Federal Contract Tower,0,6,9,0,15,0,4,107,13,124,0,10,116,13,139,34,16,50,189
03/26/2001,HGR,MD,AEA,EN,Federal Contract Tower,0,10,18,0,28,0,0,34,12,46,0,10,52,12,74,0,0,0,74
03/27/2001,HGR,MD,AEA,EN,Federal Contract Tower,0,10,14,0,24,0,0,77,17,94,0,10,91,17,118,56,0,56,174
03/28/2001,HGR,MD,AEA,EN,Federal Contract Tower,0,11,16,0,27,0,0,133,2,135,0,11,149,2,162,100,0,100,262
03/29/2001,HGR,MD,AEA,EN,Federal Contract Tower,0,12,16,0,28,0,0,11,4,15,0,12,27,4,43,0,0,0,43
03/30/2001,HGR,MD,AEA,EN,Federal Contract Tower,0,10,21,1,32,0,0,32,3,35,0,10,53,4,67,4,0,4,71
03/31/2001,HGR,MD,AEA,EN,Federal Contract Tower,0,5,13,0,18,0,0,90,0,90,0,5,103,0,108,84,0,84,192
04/01/2001,HGR,MD,AEA,EN,Federal Contract Tower,0,8,14,0,22,0,2,6,0,8,0,10,20,0,30,0,0,0,30
04/02/2001,HGR,MD,AEA,EN,Federal Contract Tower,0,12,13,0,25,0,0,46,4,50,0,12,59,4,75,16,0,16,91
04/03/2001,HGR,MD,AEA,EN,Federal Contract Tower,0,9,7,1,17,0,0,106,3,109,0,9,113,4,126,14,0,14,140
04/04/2001,HGR,MD,AEA,EN,Federal Contract Tower,0,11,15,0,26,0,0,155,5,160,0,11,170,5,186,42,0,42,228
04/05/2001,HGR,MD,AEA,EN,Federal Contract Tower,0,12,11,0,23,0,1,143,8,152,0,13,154,8,175,94,2,96,271
04/06/2001,HGR,MD,AEA,EN,Federal Contract Tower,0,9,23,2,34,0,0,8,0,8,0,9,31,2,42,2,0,2,44
04/07/2001,HGR,MD,AEA,EN,Federal Contract Tower,0,6,19,2,27,0,0,3,4,7,0,6,22,6,34,0,0,0,34
04/08/2001,HGR,MD,AEA,EN,Federal Contract Tower,0,6,14,1,21,0,0,54,0,54,0,6,68,1,75,16,0,16,91
04/09/2001,HGR,MD,AEA,EN,Federal Contract Tower,0,7,9,0,16,0,0,57,0,57,0,7,66,0,73,18,0,18,91
04/10/2001,HGR,MD,AEA,EN,Federal Contract Tower,0,8,29,4,41,0,0,48,9,57,0,8,77,13,98,42,10,52,150
04/11/2001,HGR,MD,AEA,EN,Federal Contract Tower,0,9,14,0,23,0,0,0,0,0,0,9,14,0,23,0,0,0,23
04/12/2001,HGR,MD,AEA,EN,Federal Contract Tower,0,6,28,3,37,0,0,47,6,53,0,6,75,9,90,32,12,44,134
04/13/2001,HGR,MD,AEA,EN,Federal Contract Tower,0,8,12,0,20,0,0,112,1,113,0,8,124,1,133,30,0,30,163
04/14/2001,HGR,MD,AEA,EN,Federal Contract Tower,0,8,3,2,13,0,0,159,61,220,0,8,162,63,233,58,64,122,355
04/15/2001,HGR,MD,AEA,EN,Federal Contract Tower,0,8,4,0,12,0,0,56,0,56,0,8,60,0,68,20,0,20,88
04/16/2001,HGR,MD,AEA,EN,Federal Contract Tower,0,9,17,0,26,0,0,33,0,33,0,9,50,0,59,52,0,52,111
04/17/2001,HGR,MD,AEA,EN,Federal Contract Tower,0,7,23,1,31,0,0,58,0,58,0,7,81,1,89,36,0,36,125
04/18/2001,HGR,MD,AEA,EN,Federal Contract Tower,0,9,15,0,24,0,0,36,7,43,0,9,51,7,67,0,4,4,71
04/19/2001,HGR,MD,AEA,EN,Federal Contract Tower,0,10,18,0,28,0,0,179,0,179,0,10,197,0,207,70,6,76,283
04/20/2001,HGR,MD,AEA,EN,Federal Contract Tower,0,10,12,0,22,0,0,58,9,67,0,10,70,9,89,20,32,52,141
04/21/2001,HGR,MD,AEA,EN,Federal Contract Tower,0,7,9,2,18,0,0,90,58,148,0,7,99,60,166,54,0,54,220
04/22/2001,HGR,MD,AEA,EN,Federal Contract Tower,0,8,3,2,13,0,0,143,38,181,0,8,146,40,194,54,0,54,248
04/23/2001,HGR,MD,AEA,EN,Federal Contract Tower,0,8,12,3,23,0,0,101,0,101,0,8,113,3,124,46,0,46,170
04/24/2001,HGR,MD,AEA,EN,Federal Contract Tower,0,7,21,0,28,0,0,26,0,26,0,7,47,0,54,4,0,4,58
04/25/2001,HGR,MD,AEA,EN,Federal Contract Tower,0,11,11,2,24,0,0,119,7,126,0,11,130,9,150,56,0,56,206
04/26/2001,HGR,MD,AEA,EN,Federal Contract Tower,0,9,16,0,25,0,0,122,5,127,0,9,138,5,152,70,0,70,222
04/27/2001,HGR,MD,AEA,EN,Federal Contract Tower,0,8,12,0,20,0,0,110,9,119,0,8,122,9,139,62,4,66,205
04/28/2001,HGR,MD,AEA,EN,Federal Contract Tower,0,8,9,0,17,0,0,130,15,145,0,8,139,15,162,16,8,24,186
04/29/2001,HGR,MD,AEA,EN,Federal Contract Tower,0,8,11,1,20,0,0,125,13,138,0,8,136,14,158,22,0,22,180
04/30/2001,HGR,MD,AEA,EN,Federal Contract Tower,0,9,13,0,22,0,0,107,0,107,0,9,120,0,129,108,0,108,237
05/01/2001,HGR,MD,AEA,EN,Federal Contract Tower,0,11,9,1,21,0,1,87,1,89,0,12,96,2,110,36,0,36,146
05/02/2001,HGR,MD,AEA,EN,Federal Contract Tower,0,7,6,1,14,0,1,93,6,100,0,8,99,7,114,70,2,72,186
05/03/2001,HGR,MD,AEA,EN,Federal Contract Tower,0,8,15,2,25,0,0,115,2,117,0,8,130,4,142,60,0,60,202
05/04/2001,HGR,MD,AEA,EN,Federal Contract Tower,0,9,19,1,29,0,0,133,13,146,0,9,152,14,175,58,12,70,245
05/05/2001,HGR,MD,AEA,EN,Federal Contract Tower,0,8,16,1,25,0,0,43,1,44,0,8,59,2,69,22,0,22,91
05/06/2001,HGR,MD,AEA,EN,Federal Contract Tower,0,8,12,1,21,0,0,105,6,111,0,8,117,7,132,28,4,32,164
05/07/2001,HGR,MD,AEA,EN,Federal Contract Tower,0,8,16,0,24,0,0,115,0,115,0,8,131,0,139,22,0,22,161
05/08/2001,HGR,MD,AEA,EN,Federal Contract Tower,0,9,26,0,35,0,0,77,4,81,0,9,103,4,116,20,0,20,136
05/09/2001,HGR,MD,AEA,EN,Federal Contract Tower,0,9,30,2,41,0,0,76,3,79,0,9,106,5,120,24,0,24,144
05/10/2001,HGR,MD,AEA,EN,Federal Contract Tower,0,8,21,0,29,0,0,139,4,143,0,8,160,4,172,86,0,86,258
05/11/2001,HGR,MD,AEA,EN,Federal Contract Tower,0,12,11,0,23,0,0,140,1,141,0,12,151,1,164,54,0,54,218
05/12/2001,HGR,MD,AEA,EN,Federal Contract Tower,0,8,5,0,13,0,0,41,4,45,0,8,46,4,58,16,0,16,74
05/13/2001,HGR,MD,AEA,EN,Federal Contract Tower,0,8,6,0,14,0,0,55,0,55,0,8,61,0,69,60,0,60,129
05/14/2001,HGR,MD,AEA,EN,Federal Contract Tower,0,6,11,2,19,0,0,113,6,119,0,6,124,8,138,72,0,72,210
05/15/2001,HGR,MD,AEA,EN,Federal Contract Tower,0,10,25,0,35,0,0,121,7,128,0,10,146,7,163,20,0,20,183
05/16/2001,HGR,MD,AEA,EN,Federal Contract Tower,0,5,13,0,18,0,0,116,5,121,0,5,129,5,139,48,0,48,187
05/17/2001,HGR,MD,AEA,EN,Federal Contract Tower,0,8,29,4,41,0,0,22,1,23,0,8,51,5,64,32,4,36,100
05/18/2001,HGR,MD,AEA,EN,Federal Contract Tower,0,8,31,4,43,0,0,30,1,31,0,8,61,5,74,52,2,54,128
05/19/2001,HGR,MD,AEA,EN,Federal Contract Tower,0,6,14,1,21,0,0,37,1,38,0,6,51,2,59,20,0,20,79
05/20/2001,HGR,MD,AEA,EN,Federal Contract Tower,0,9,20,3,32,0,0,61,7,68,0,9,81,10,100,34,6,40,140
05/21/2001,HGR,MD,AEA,EN,Federal Contract Tower,0,10,15,2,27,0,0,1,0,1,0,10,16,2,28,0,0,0,28
05/22/2001,HGR,MD,AEA,EN,Federal Contract Tower,0,6,12,0,18,0,0,0,1,1,0,6,12,1,19,0,0,0,19
05/23/2001,HGR,MD,AEA,EN,Federal Contract Tower,0,11,11,0,22,0,0,188,8,196,0,11,199,8,218,104,0,104,322
05/24/2001,HGR,MD,AEA,EN,Federal Contract Tower,0,9,13,2,24,0,0,113,7,120,0,9,126,9,144,46,0,46,190
05/25/2001,HGR,MD,AEA,EN,Federal Contract Tower,0,8,14,2,24,0,0,2,0,2,0,8,16,2,26,0,0,0,26
05/26/2001,HGR,MD,AEA,EN,Federal Contract Tower,0,10,23,0,33,0,0,7,0,7,0,10,30,0,40,4,0,4,44
05/27/2001,HGR,MD,AEA,EN,Federal Contract Tower,0,8,15,0,23,0,0,18,0,18,0,8,33,0,41,0,0,0,41
05/28/2001,HGR,MD,AEA,EN,Federal Contract Tower,0,8,8,2,18,0,0,109,3,112,0,8,117,5,130,18,0,18,148
05/29/2001,HGR,MD,AEA,EN,Federal Contract Tower,0,9,24,0,33,0,0,117,4,121,0,9,141,4,154,18,0,18,172
05/30/2001,HGR,MD,AEA,EN,Federal Contract Tower,0,8,15,0,23,0,0,96,0,96,0,8,111,0,119,40,0,40,159
05/31/2001,HGR,MD,AEA,EN,Federal Contract Tower,0,8,10,0,18,0,0,172,0,172,0,8,182,0,190,72,0,72,262
06/01/2001,HGR,MD,AEA,EN,Federal Contract Tower,0,8,27,3,38,0,0,19,1,20,0,8,46,4,58,4,0,4,62
06/02/2001,HGR,MD,AEA,EN,Federal Contract Tower,0,13,22,2,37,0,0,48,4,52,0,13,70,6,89,14,0,14,103
06/03/2001,HGR,MD,AEA,EN,Federal Contract Tower,0,6,15,1,22,0,0,61,2,63,0,6,76,3,85,48,8,56,141
06/04/2001,HGR,MD,AEA,EN,Federal Contract Tower,0,8,14,2,24,0,0,149,1,150,0,8,163,3,174,74,0,74,248
06/05/2001,HGR,MD,AEA,EN,Federal Contract Tower,0,8,9,2,19,0,0,127,2,129,0,8,136,4,148,120,0,120,268
06/06/2001,HGR,MD,AEA,EN,Federal Contract Tower,0,8,23,4,35,0,0,13,0,13,0,8,36,4,48,0,0,0,48
06/07/2001,HGR,MD,AEA,EN,Federal Contract Tower,0,8,25,0,33,0,0,68,2,70,0,8,93,2,103,24,0,24,127
06/08/2001,HGR,MD,AEA,EN,Federal Contract Tower,0,8,11,6,25,0,0,139,47,186,0,8,150,53,211,42,4,46,257
06/09/2001,HGR,MD,AEA,EN,Federal Contract Tower,0,8,10,1,19,0,0,193,64,257,0,8,203,65,276,60,8,68,344
06/10/2001,HGR,MD,AEA,EN,Federal Contract Tower,0,7,16,0,23,0,0,117,10,127,0,7,133,10,150,24,4,28,178
06/11/2001,HGR,MD,AEA,EN,Federal Contract Tower,0,8,20,0,28,0,0,100,0,100,0,8,120,0,128,24,0,24,152
06/12/2001,HGR,MD,AEA,EN,Federal Contract Tower,0,8,17,3,28,0,0,77,5,82,0,8,94,8,110,8,0,8,118
06/13/2001,HGR,MD,AEA,EN,Federal Contract Tower,0,8,30,0,38,0,0,89,2,91,0,8,119,2,129,26,0,26,155
06/14/2001,HGR,MD,AEA,EN,Federal Contract Tower,0,8,39,0,47,0,0,9,0,9,0,8,48,0,56,0,0,0,56
06/15/2001,HGR,MD,AEA,EN,Federal Contract Tower,0,8,31,0,39,0,0,20,2,22,0,8,51,2,61,4,0,4,65
06/16/2001,HGR,MD,AEA,EN,Federal Contract Tower,0,6,14,5,25,0,0,13,3,16,0,6,27,8,41,0,0,0,41
06/17/2001,HGR,MD,AEA,EN,Federal Contract Tower,0,8,10,0,18,0,0,87,0,87,0,8,97,0,105,28,0,28,133
06/18/2001,HGR,MD,AEA,EN,Federal Contract Tower,0,7,9,5,21,0,0,188,7,195,0,7,197,12,216,78,0,78,294
06/19/2001,HGR,MD,AEA,EN,Federal Contract Tower,0,6,17,0,23,0,0,162,7,169,0,6,179,7,192,84,4,88,280
06/20/2001,HGR,MD,AEA,EN,Federal Contract Tower,0,8,23,1,32,0,0,64,3,67,0,8,87,4,99,26,0,26,125
06/21/2001,HGR,MD,AEA,EN,Federal Contract Tower,0,12,26,2,40,0,0,60,3,63,0,12,86,5,103,24,0,24,127
06/22/2001,HGR,MD,AEA,EN,Federal Contract Tower,0,9,28,3,40,0,0,16,0,16,0,9,44,3,56,0,0,0,56
06/23/2001,HGR,MD,AEA,EN,Federal Contract Tower,0,8,8,2,18,0,0,38,1,39,0,8,46,3,57,40,0,40,97
06/24/2001,HGR,MD,AEA,EN,Federal Contract Tower,0,8,16,0,24,0,0,145,0,145,0,8,161,0,169,22,0,22,191
06/25/2001,HGR,MD,AEA,EN,Federal Contract Tower,0,8,27,2,37,0,0,138,1,139,0,8,165,3,176,86,0,86,262
06/26/2001,HGR,MD,AEA,EN,Federal Contract Tower,0,8,13,3,24,0,0,137,7,144,0,8,150,10,168,72,0,72,240
06/27/2001,HGR,MD,AEA,EN,Federal Contract Tower,0,10,8,0,18,0,0,143,4,147,0,10,151,4,165,52,0,52,217
06/28/2001,HGR,MD,AEA,EN,Federal Contract Tower,0,8,25,2,35,0,0,98,14,112,0,8,123,16,147,154,2,156,303
06/29/2001,HGR,MD,AEA,EN,Federal Contract Tower,0,8,18,1,27,0,0,83,0,83,0,8,101,1,110,34,0,34,144
06/30/2001,HGR,MD,AEA,EN,Federal Contract Tower,0,7,5,1,13,0,0,63,1,64,0,7,68,2,77,24,0,24,101
07/01/2001,HGR,MD,AEA,EN,Federal Contract Tower,0,5,12,4,21,0,1,60,3,64,0,6,72,7,85,24,0,24,109
07/02/2001,HGR,MD,AEA,EN,Federal Contract Tower,0,8,13,6,27,0,0,102,3,105,0,8,115,9,132,96,2,98,230
07/03/2001,HGR,MD,AEA,EN,Federal Contract Tower,0,8,14,2,24,0,0,88,4,92,0,8,102,6,116,72,8,80,196
07/04/2001,HGR,MD,AEA,EN,Federal Contract Tower,0,8,9,0,17,0,0,8,0,8,0,8,17,0,25,8,0,8,33
07/05/2001,HGR,MD,AEA,EN,Federal Contract Tower,0,8,11,1,20,0,0,87,2,89,0,8,98,3,109,28,0,28,137
07/06/2001,HGR,MD,AEA,EN,Federal Contract Tower,0,10,19,2,31,0,0,188,6,194,0,10,207,8,225,134,0,134,359
07/07/2001,HGR,MD,AEA,EN,Federal Contract Tower,0,7,7,0,14,0,0,132,3,135,0,7,139,3,149,54,2,56,205
07/08/2001,HGR,MD,AEA,EN,Federal Contract Tower,0,8,26,0,34,0,0,7,0,7,0,8,33,0,41,0,0,0,41
07/09/2001,HGR,MD,AEA,EN,Federal Contract Tower,0,8,18,0,26,0,0,113,0,113,0,8,131,0,139,30,0,30,169
07/10/2001,HGR,MD,AEA,EN,Federal Contract Tower,0,9,15,1,25,0,0,73,3,76,0,9,88,4,101,32,0,32,133
07/11/2001,HGR,MD,AEA,EN,Federal Contract Tower,0,8,11,0,19,0,0,125,1,126,0,8,136,1,145,48,0,48,193
07/12/2001,HGR,MD,AEA,EN,Federal Contract Tower,0,8,25,1,34,0,0,121,7,128,0,8,146,8,162,126,0,126,288
07/13/2001,HGR,MD,AEA,EN,Federal Contract Tower,0,8,20,3,31,0,0,155,1,156,0,8,175,4,187,116,2,118,305
07/14/2001,HGR,MD,AEA,EN,Federal Contract Tower,0,8,15,0,23,0,0,427,37,464,0,8,442,37,487,12,0,12,499
07/15/2001,HGR,MD,AEA,EN,Federal Contract Tower,0,8,10,0,18,0,0,402,34,436,0,8,412,34,454,30,4,34,488
07/16/2001,HGR,MD,AEA,EN,Federal Contract Tower,0,7,18,0,25,0,0,180,23,203,0,7,198,23,228,52,122,174,402
07/17/2001,HGR,MD,AEA,EN,Federal Contract Tower,0,8,12,2,22,0,0,125,58,183,0,8,137,60,205,46,204,250,455
07/18/2001,HGR,MD,AEA,EN,Federal Contract Tower,0,6,32,3,41,0,0,8,4,12,0,6,40,7,53,0,16,16,69
07/19/2001,HGR,MD,AEA,EN,Federal Contract Tower,0,7,27,4,38,0,0,76,52,128,0,7,103,56,166,32,230,262,428
07/20/2001,HGR,MD,AEA,EN,Federal Contract Tower,0,9,12,0,21,0,0,122,23,145,0,9,134,23,166,94,42,136,302
07/21/2001,HGR,MD,AEA,EN,Federal Contract Tower,0,8,8,2,18,0,0,187,10,197,0,8,195,12,215,68,0,68,283
07/22/2001,HGR,MD,AEA,EN,Federal Contract Tower,0,7,8,1,16,0,0,126,7,133,0,7,134,8,149,58,2,60,209
07/23/2001,HGR,MD,AEA,EN,Federal Contract Tower,0,8,20,1,29,0,1,86,7,94,0,9,106,8,123,16,0,16,139
07/24/2001,HGR,MD,AEA,EN,Federal Contract Tower,0,6,20,0,26,0,0,92,25,117,0,6,112,25,143,98,8,106,249
07/25/2001,HGR,MD,AEA,EN,Federal Contract Tower,0,8,23,0,31,0,0,46,21,67,0,8,69,21,98,26,28,54,152
07/26/2001,HGR,MD,AEA,EN,Federal Contract Tower,0,8,18,1,27,0,0,23,6,29,0,8,41,7,56,36,18,54,110
07/27/2001,HGR,MD,AEA,EN,Federal Contract Tower,0,10,16,0,26,0,0,154,18,172,0,10,170,18,198,46,8,54,252
07/28/2001,HGR,MD,AEA,EN,Federal Contract Tower,0,9,13,1,23,0,0,124,1,125,0,9,137,2,148,74,0,74,222
07/29/2001,HGR,MD,AEA,EN,Federal Contract Tower,0,8,4,1,13,0,0,1,0,1,0,8,5,1,14,0,0,0,14
07/30/2001,HGR,MD,AEA,EN,Federal Contract Tower,0,7,34,6,47,0,0,45,12,57,0,7,79,18,104,26,12,38,142
07/31/2001,HGR,MD,AEA,EN,Federal Contract Tower,0,8,23,4,35,0,0,98,8,106,0,8,121,12,141,84,2,86,227
08/01/2001,HGR,MD,AEA,EN,Federal Contract Tower,0,8,20,0,28,0,0,142,13,155,0,8,162,13,183,72,8,80,263
08/02/2001,HGR,MD,AEA,EN,Federal Contract Tower,0,8,18,0,26,0,0,119,8,127,0,8,137,8,153,36,4,40,193
08/03/2001,HGR,MD,AEA,EN,Federal Contract Tower,0,8,26,2,36,0,0,87,2,89,0,8,113,4,125,44,2,46,171
08/04/2001,HGR,MD,AEA,EN,Federal Contract Tower,0,7,12,1,20,0,0,17,2,19,0,7,29,3,39,6,0,6,45
08/05/2001,HGR,MD,AEA,EN,Federal Contract Tower,0,8,39,0,47,0,0,23,0,23,0,8,62,0,70,10,0,10,80
08/06/2001,HGR,MD,AEA,EN,Federal Contract Tower,0,9,28,0,37,0,0,49,0,49,0,9,77,0,86,88,0,88,174
08/07/2001,HGR,MD,AEA,EN,Federal Contract Tower,0,8,15,0,23,0,0,81,2,83,0,8,96,2,106,58,0,58,164
08/08/2001,HGR,MD,AEA,EN,Federal Contract Tower,0,8,14,1,23,0,0,61,2,63,0,8,75,3,86,6,0,6,92
08/09/2001,HGR,MD,AEA,EN,Federal Contract Tower,0,10,19,0,29,0,0,75,4,79,0,10,94,4,108,14,0,14,122
08/10/2001,HGR,MD,AEA,EN,Federal Contract Tower,0,8,21,0,29,0,0,54,2,56,0,8,75,2,85,72,0,72,157
08/11/2001,HGR,MD,AEA,EN,Federal Contract Tower,0,8,37,0,45,0,0,14,0,14,0,8,51,0,59,4,0,4,63
08/12/2001,HGR,MD,AEA,EN,Federal Contract Tower,0,8,11,1,20,0,0,3,0,3,0,8,14,1,23,8,0,8,31
08/13/2001,HGR,MD,AEA,EN,Federal Contract Tower,0,9,24,0,33,0,0,16,0,16,0,9,40,0,49,42,0,42,91
08/14/2001,HGR,MD,AEA,EN,Federal Contract Tower,0,10,16,0,26,0,0,108,10,118,0,10,124,10,144,78,2,80,224
08/15/2001,HGR,MD,AEA,EN,Federal Contract Tower,0,10,18,2,30,0,0,145,7,152,0,10,163,9,182,74,4,78,260
08/16/2001,HGR,MD,AEA,EN,Federal Contract Tower,0,8,19,0,27,0,0,90,7,97,0,8,109,7,124,54,0,54,178
08/17/2001,HGR,MD,AEA,EN,Federal Contract Tower,0,10,24,0,34,0,0,91,11,102,0,10,115,11,136,44,0,44,180
08/18/2001,HGR,MD,AEA,EN,Federal Contract Tower,0,8,11,1,20,0,0,111,2,113,0,8,122,3,133,20,0,20,153
08/19/2001,HGR,MD,AEA,EN,Federal Contract Tower,0,8,10,1,19,0,0,25,6,31,0,8,35,7,50,50,0,50,100
08/20/2001,HGR,MD,AEA,EN,Federal Contract Tower,0,9,37,3,49,0,0,119,2,121,0,9,156,5,170,56,6,62,232
08/21/2001,HGR,MD,AEA,EN,Federal Contract Tower,0,8,17,3,28,0,0,128,4,132,0,8,145,7,160,58,2,60,220
08/22/2001,HGR,MD,AEA,EN,Federal Contract Tower,0,8,13,0,21,0,0,174,2,176,0,8,187,2,197,88,0,88,285
08/23/2001,HGR,MD,AEA,EN,Federal Contract Tower,0,6,17,0,23,0,0,30,0,30,0,6,47,0,53,14,0,14,67
08/24/2001,HGR,MD,AEA,EN,Federal Contract Tower,0,8,13,1,22,0,0,111,1,112,0,8,124,2,134,106,0,106,240
08/25/2001,HGR,MD,AEA,EN,Federal Contract Tower,0,8,11,2,21,0,0,145,2,147,0,8,156,4,168,92,0,92,260
08/26/2001,HGR,MD,AEA,EN,Federal Contract Tower,0,8,3,0,11,0,1,61,2,64,0,9,64,2,75,44,0,44,119
08/27/2001,HGR,MD,AEA,EN,Federal Contract Tower,0,8,9,1,18,0,0,79,16,95,0,8,88,17,113,34,0,34,147
08/28/2001,HGR,MD,AEA,EN,Federal Contract Tower,0,9,12,3,24,0,0,88,3,91,0,9,100,6,115,24,0,24,139
08/29/2001,HGR,MD,AEA,EN,Federal Contract Tower,0,8,21,0,29,0,0,106,12,118,0,8,127,12,147,56,4,60,207
08/30/2001,HGR,MD,AEA,EN,Federal Contract Tower,0,8,16,1,25,0,0,69,3,72,0,8,85,4,97,88,0,88,185
08/31/2001,HGR,MD,AEA,EN,Federal Contract Tower,0,6,26,0,32,0,0,37,16,53,0,6,63,16,85,18,20,38,123
09/01/2001,HGR,MD,AEA,EN,Federal Contract Tower,0,7,12,0,19,0,0,123,0,123,0,7,135,0,142,32,0,32,174
09/02/2001,HGR,MD,AEA,EN,Federal Contract Tower,0,8,8,0,16,0,0,130,1,131,0,8,138,1,147,68,0,68,215
09/03/2001,HGR,MD,AEA,EN,Federal Contract Tower,0,8,13,0,21,0,0,77,0,77,0,8,90,0,98,36,0,36,134
09/04/2001,HGR,MD,AEA,EN,Federal Contract Tower,0,8,18,0,26,0,0,59,20,79,0,8,77,20,105,80,12,92,197
09/05/2001,HGR,MD,AEA,EN,Federal Contract Tower,0,8,18,0,26,0,0,112,9,121,0,8,130,9,147,64,0,64,211
09/06/2001,HGR,MD,AEA,EN,Federal Contract Tower,0,8,16,0,24,0,0,79,23,102,0,8,95,23,126,100,4,104,230
09/07/2001,HGR,MD,AEA,EN,Federal Contract Tower,0,8,7,3,18,0,0,167,11,178,0,8,174,14,196,104,0,104,300
09/08/2001,HGR,MD,AEA,EN,Federal Contract Tower,0,8,3,3,14,0,0,145,36,181,0,8,148,39,195,148,10,158,353
09/09/2001,HGR,MD,AEA,EN,Federal Contract Tower,0,8,12,4,24,0,0,97,5,102,0,8,109,9,126,36,4,40,166
09/10/2001,HGR,MD,AEA,EN,Federal Contract Tower,0,8,9,0,17,0,0,32,1,33,0,8,41,1,50,44,0,44,94
09/11/2001,HGR,MD,AEA,EN,Federal Contract Tower,0,3,2,0,5,0,0,18,6,24,0,3,20,6,29,12,0,12,41
09/12/2001,HGR,MD,AEA,EN,Federal Contract Tower,0,0,0,0,0,0,0,0,0,0,0,0,0,0,0,0,0,0,0
09/13/2001,HGR,MD,AEA,EN,Federal Contract Tower,0,0,2,0,2,0,0,0,0,0,0,0,2,0,2,0,0,0,2
09/14/2001,HGR,MD,AEA,EN,Federal Contract Tower,0,8,8,4,20,0,0,0,11,11,0,8,8,15,31,0,0,0,31
09/15/2001,HGR,MD,AEA,EN,Federal Contract Tower,0,8,28,0,36,0,0,0,1,1,0,8,28,1,37,0,0,0,37
09/16/2001,HGR,MD,AEA,EN,Federal Contract Tower,0,8,14,0,22,0,0,0,0,0,0,8,14,0,22,0,0,0,22
09/17/2001,HGR,MD,AEA,EN,Federal Contract Tower,0,8,34,5,47,0,0,0,0,0,0,8,34,5,47,0,0,0,47
09/18/2001,HGR,MD,AEA,EN,Federal Contract Tower,0,6,21,5,32,0,0,0,0,0,0,6,21,5,32,0,0,0,32
09/19/2001,HGR,MD,AEA,EN,Federal Contract Tower,0,9,38,0,47,0,0,0,0,0,0,9,38,0,47,0,0,0,47
09/20/2001,HGR,MD,AEA,EN,Federal Contract Tower,0,8,22,4,34,0,0,0,0,0,0,8,22,4,34,0,0,0,34
09/21/2001,HGR,MD,AEA,EN,Federal Contract Tower,0,6,24,3,33,0,0,40,0,40,0,6,64,3,73,4,0,4,77
09/22/2001,HGR,MD,AEA,EN,Federal Contract Tower,0,5,15,3,23,0,0,56,7,63,0,5,71,10,86,52,4,56,142
09/23/2001,HGR,MD,AEA,EN,Federal Contract Tower,0,7,11,1,19,0,0,77,2,79,0,7,88,3,98,74,0,74,172
09/24/2001,HGR,MD,AEA,EN,Federal Contract Tower,0,6,13,0,19,0,0,0,0,0,0,6,13,0,19,0,0,0,19
09/25/2001,HGR,MD,AEA,EN,Federal Contract Tower,0,6,21,2,29,0,0,60,7,67,0,6,81,9,96,46,10,56,152
09/26/2001,HGR,MD,AEA,EN,Federal Contract Tower,0,6,29,1,36,0,0,63,2,65,0,6,92,3,101,54,0,54,155
09/27/2001,HGR,MD,AEA,EN,Federal Contract Tower,0,6,28,3,37,0,0,75,0,75,0,6,103,3,112,134,0,134,246
09/28/2001,HGR,MD,AEA,EN,Federal Contract Tower,0,6,22,2,30,0,0,53,0,53,0,6,75,2,83,82,0,82,165
09/29/2001,HGR,MD,AEA,EN,Federal Contract Tower,0,5,18,2,25,0,0,78,0,78,0,5,96,2,103,38,0,38,141
09/30/2001,HGR,MD,AEA,EN,Federal Contract Tower,0,7,8,2,17,0,0,70,1,71,0,7,78,3,88,32,0,32,120
10/01/2001,HGR,MD,AEA,EN,Federal Contract Tower,0,6,26,0,32,0,0,31,0,31,0,6,57,0,63,34,0,34,97
10/02/2001,HGR,MD,AEA,EN,Federal Contract Tower,0,6,21,2,29,0,0,87,1,88,0,6,108,3,117,98,0,98,215
10/03/2001,HGR,MD,AEA,EN,Federal Contract Tower,0,6,28,5,39,0,0,115,3,118,0,6,143,8,157,54,0,54,211
10/04/2001,HGR,MD,AEA,EN,Federal Contract Tower,0,6,26,1,33,0,0,94,0,94,0,6,120,1,127,132,0,132,259
10/05/2001,HGR,MD,AEA,EN,Federal Contract Tower,0,7,27,5,39,0,0,106,1,107,0,7,133,6,146,64,2,66,212
10/06/2001,HGR,MD,AEA,EN,Federal Contract Tower,0,5,4,1,10,0,0,11,0,11,0,5,15,1,21,4,0,4,25
10/07/2001,HGR,MD,AEA,EN,Federal Contract Tower,0,8,15,2,25,0,0,76,3,79,0,8,91,5,104,42,0,42,146
10/08/2001,HGR,MD,AEA,EN,Federal Contract Tower,0,6,21,2,29,0,0,96,4,100,0,6,117,6,129,18,0,18,147
10/09/2001,HGR,MD,AEA,EN,Federal Contract Tower,0,10,10,4,24,0,0,83,2,85,0,10,93,6,109,44,0,44,153
10/10/2001,HGR,MD,AEA,EN,Federal Contract Tower,0,6,19,0,25,0,0,94,0,94,0,6,113,0,119,52,0,52,171
10/11/2001,HGR,MD,AEA,EN,Federal Contract Tower,0,6,25,0,31,0,0,95,0,95,0,6,120,0,126,60,0,60,186
10/12/2001,HGR,MD,AEA,EN,Federal Contract Tower,0,8,13,0,21,0,0,64,0,64,0,8,77,0,85,22,0,22,107
10/13/2001,HGR,MD,AEA,EN,Federal Contract Tower,0,6,17,0,23,0,0,109,0,109,0,6,126,0,132,48,0,48,180
10/14/2001,HGR,MD,AEA,EN,Federal Contract Tower,0,8,15,0,23,0,0,10,0,10,0,8,25,0,33,24,0,24,57
10/15/2001,HGR,MD,AEA,EN,Federal Contract Tower,0,6,27,1,34,0,0,46,0,46,0,6,73,1,80,32,0,32,112
10/16/2001,HGR,MD,AEA,EN,Federal Contract Tower,0,6,21,0,27,0,0,14,0,14,0,6,35,0,41,0,0,0,41
10/17/2001,HGR,MD,AEA,EN,Federal Contract Tower,0,6,16,0,22,0,0,8,0,8,0,6,24,0,30,14,0,14,44
10/18/2001,HGR,MD,AEA,EN,Federal Contract Tower,0,6,19,0,25,0,0,112,4,116,0,6,131,4,141,62,0,62,203
10/19/2001,HGR,MD,AEA,EN,Federal Contract Tower,0,6,30,0,36,0,0,107,0,107,0,6,137,0,143,102,0,102,245
10/20/2001,HGR,MD,AEA,EN,Federal Contract Tower,0,5,16,1,22,0,0,81,5,86,0,5,97,6,108,34,0,34,142
10/21/2001,HGR,MD,AEA,EN,Federal Contract Tower,0,7,12,1,20,0,0,149,3,152,0,7,161,4,172,52,0,52,224
10/22/2001,HGR,MD,AEA,EN,Federal Contract Tower,0,6,24,0,30,0,0,59,3,62,0,6,83,3,92,22,0,22,114
10/23/2001,HGR,MD,AEA,EN,Federal Contract Tower,0,6,30,5,41,0,0,60,5,65,0,6,90,10,106,10,2,12,118
10/24/2001,HGR,MD,AEA,EN,Federal Contract Tower,0,6,15,2,23,0,0,82,4,86,0,6,97,6,109,48,0,48,157
10/25/2001,HGR,MD,AEA,EN,Federal Contract Tower,0,6,10,3,19,0,0,11,4,15,0,6,21,7,34,8,0,8,42
10/26/2001,HGR,MD,AEA,EN,Federal Contract Tower,0,5,16,0,21,0,1,16,3,20,0,6,32,3,41,0,0,0,41
10/27/2001,HGR,MD,AEA,EN,Federal Contract Tower,0,5,5,2,12,0,0,23,0,23,0,5,28,2,35,6,0,6,41
10/28/2001,HGR,MD,AEA,EN,Federal Contract Tower,0,7,4,2,13,0,0,92,7,99,0,7,96,9,112,60,4,64,176
10/29/2001,HGR,MD,AEA,EN,Federal Contract Tower,0,6,24,2,32,0,0,92,4,96,0,6,116,6,128,90,0,90,218
10/30/2001,HGR,MD,AEA,EN,Federal Contract Tower,0,10,19,1,30,0,0,104,5,109,0,10,123,6,139,56,0,56,195
10/31/2001,HGR,MD,AEA,EN,Federal Contract Tower,0,7,21,3,31,0,0,49,4,53,0,7,70,7,84,66,2,68,152
11/01/2001,HGR,MD,AEA,EN,Federal Contract Tower,0,6,29,2,37,0,0,91,6,97,0,6,120,8,134,68,6,74,208
11/02/2001,HGR,MD,AEA,EN,Federal Contract Tower,0,8,16,2,26,0,0,54,0,54,0,8,70,2,80,50,4,54,134
11/03/2001,HGR,MD,AEA,EN,Federal Contract Tower,0,5,22,0,27,0,0,104,1,105,0,5,126,1,132,60,0,60,192
11/04/2001,HGR,MD,AEA,EN,Federal Contract Tower,0,7,13,2,22,0,0,113,2,115,0,7,126,4,137,42,4,46,183
11/05/2001,HGR,MD,AEA,EN,Federal Contract Tower,0,6,13,0,19,0,0,20,1,21,0,6,33,1,40,0,0,0,40
11/06/2001,HGR,MD,AEA,EN,Federal Contract Tower,0,6,21,0,27,0,0,44,5,49,0,6,65,5,76,28,0,28,104
11/07/2001,HGR,MD,AEA,EN,Federal Contract Tower,0,8,25,5,38,0,0,85,0,85,0,8,110,5,123,52,0,52,175
11/08/2001,HGR,MD,AEA,EN,Federal Contract Tower,0,6,27,2,35,0,0,95,2,97,0,6,122,4,132,36,0,36,168
11/09/2001,HGR,MD,AEA,EN,Federal Contract Tower,0,6,15,2,23,0,0,41,3,44,0,6,56,5,67,24,0,24,91
11/10/2001,HGR,MD,AEA,EN,Federal Contract Tower,0,5,19,4,28,0,0,96,4,100,0,5,115,8,128,108,6,114,242
11/11/2001,HGR,MD,AEA,EN,Federal Contract Tower,0,7,5,0,12,0,0,45,1,46,0,7,50,1,58,26,0,26,84
11/12/2001,HGR,MD,AEA,EN,Federal Contract Tower,0,4,18,1,23,0,0,89,2,91,0,4,107,3,114,74,2,76,190
11/13/2001,HGR,MD,AEA,EN,Federal Contract Tower,0,13,16,0,29,0,0,61,3,64,0,13,77,3,93,90,0,90,183
11/14/2001,HGR,MD,AEA,EN,Federal Contract Tower,0,8,23,2,33,0,0,64,0,64,0,8,87,2,97,68,0,68,165
11/15/2001,HGR,MD,AEA,EN,Federal Contract Tower,0,8,27,0,35,0,0,107,1,108,0,8,134,1,143,40,0,40,183
11/16/2001,HGR,MD,AEA,EN,Federal Contract Tower,0,5,22,3,30,0,0,85,6,91,0,5,107,9,121,44,0,44,165
11/17/2001,HGR,MD,AEA,EN,Federal Contract Tower,0,6,11,0,17,0,0,107,0,107,0,6,118,0,124,118,0,118,242
11/18/2001,HGR,MD,AEA,EN,Federal Contract Tower,0,7,6,0,13,0,0,51,0,51,0,7,57,0,64,34,0,34,98
11/19/2001,HGR,MD,AEA,EN,Federal Contract Tower,0,7,16,0,23,0,1,59,0,60,0,8,75,0,83,86,0,86,169
11/20/2001,HGR,MD,AEA,EN,Federal Contract Tower,0,7,16,3,26,0,0,21,5,26,0,7,37,8,52,0,0,0,52
11/21/2001,HGR,MD,AEA,EN,Federal Contract Tower,0,6,18,0,24,0,0,99,3,102,0,6,117,3,126,66,0,66,192
11/22/2001,HGR,MD,AEA,EN,Federal Contract Tower,0,6,4,0,10,0,0,31,0,31,0,6,35,0,41,66,0,66,107
11/23/2001,HGR,MD,AEA,EN,Federal Contract Tower,0,6,15,0,21,0,0,98,6,104,0,6,113,6,125,58,0,58,183
11/24/2001,HGR,MD,AEA,EN,Federal Contract Tower,0,4,12,0,16,0,1,3,0,4,0,5,15,0,20,6,0,6,26
11/25/2001,HGR,MD,AEA,EN,Federal Contract Tower,0,4,7,0,11,0,0,3,0,3,0,4,10,0,14,0,0,0,14
11/26/2001,HGR,MD,AEA,EN,Federal Contract Tower,0,6,18,6,30,0,0,69,5,74,0,6,87,11,104,40,0,40,144
11/27/2001,HGR,MD,AEA,EN,Federal Contract Tower,0,11,17,0,28,0,0,14,2,16,0,11,31,2,44,18,0,18,62
11/28/2001,HGR,MD,AEA,EN,Federal Contract Tower,0,8,22,2,32,0,0,5,0,5,0,8,27,2,37,0,0,0,37
11/29/2001,HGR,MD,AEA,EN,Federal Contract Tower,0,6,17,0,23,0,0,0,0,0,0,6,17,0,23,0,0,0,23
11/30/2001,HGR,MD,AEA,EN,Federal Contract Tower,0,6,17,0,23,0,0,12,0,12,0,6,29,0,35,2,0,2,37
12/01/2001,HGR,MD,AEA,EN,Federal Contract Tower,0,5,17,5,27,0,0,128,11,139,0,5,145,16,166,100,0,100,266
12/02/2001,HGR,MD,AEA,EN,Federal Contract Tower,0,7,14,0,21,0,0,89,2,91,0,7,103,2,112,128,0,128,240
12/03/2001,HGR,MD,AEA,EN,Federal Contract Tower,0,6,11,3,20,0,0,75,5,80,0,6,86,8,100,34,2,36,136
12/04/2001,HGR,MD,AEA,EN,Federal Contract Tower,0,6,19,5,30,0,0,78,2,80,0,6,97,7,110,20,0,20,130
12/05/2001,HGR,MD,AEA,EN,Federal Contract Tower,0,8,36,4,48,0,0,98,0,98,0,8,134,4,146,82,0,82,228
12/06/2001,HGR,MD,AEA,EN,Federal Contract Tower,0,7,23,1,31,0,0,60,1,61,0,7,83,2,92,30,0,30,122
12/07/2001,HGR,MD,AEA,EN,Federal Contract Tower,0,5,24,3,32,0,0,72,4,76,0,5,96,7,108,90,0,90,198
12/08/2001,HGR,MD,AEA,EN,Federal Contract Tower,0,6,10,0,16,0,1,5,0,6,0,7,15,0,22,10,0,10,32
12/09/2001,HGR,MD,AEA,EN,Federal Contract Tower,0,7,14,1,22,0,0,81,7,88,0,7,95,8,110,38,8,46,156
12/10/2001,HGR,MD,AEA,EN,Federal Contract Tower,0,7,18,1,26,0,0,76,0,76,0,7,94,1,102,30,0,30,132
12/11/2001,HGR,MD,AEA,EN,Federal Contract Tower,0,8,21,2,31,0,0,47,0,47,0,8,68,2,78,28,0,28,106
12/12/2001,HGR,MD,AEA,EN,Federal Contract Tower,0,6,15,2,23,0,0,28,2,30,0,6,43,4,53,38,0,38,91
12/13/2001,HGR,MD,AEA,EN,Federal Contract Tower,0,7,11,0,18,0,1,18,1,20,0,8,29,1,38,0,2,2,40
12/14/2001,HGR,MD,AEA,EN,Federal Contract Tower,0,6,7,0,13,0,4,0,0,4,0,10,7,0,17,0,0,0,17
12/15/2001,HGR,MD,AEA,EN,Federal Contract Tower,0,5,13,3,21,0,0,54,8,62,0,5,67,11,83,24,0,24,107
12/16/2001,HGR,MD,AEA,EN,Federal Contract Tower,0,7,6,0,13,0,0,86,1,87,0,7,92,1,100,38,0,38,138
12/17/2001,HGR,MD,AEA,EN,Federal Contract Tower,0,7,14,6,27,0,0,37,0,37,0,7,51,6,64,20,0,20,84
12/18/2001,HGR,MD,AEA,EN,Federal Contract Tower,0,9,7,0,16,0,0,14,1,15,0,9,21,1,31,0,0,0,31
12/19/2001,HGR,MD,AEA,EN,Federal Contract Tower,0,6,22,0,28,0,0,79,4,83,0,6,101,4,111,58,0,58,169
12/20/2001,HGR,MD,AEA,EN,Federal Contract Tower,0,7,12,0,19,0,0,12,4,16,0,7,24,4,35,0,0,0,35
12/21/2001,HGR,MD,AEA,EN,Federal Contract Tower,0,6,18,0,24,0,0,56,0,56,0,6,74,0,80,32,0,32,112
12/22/2001,HGR,MD,AEA,EN,Federal Contract Tower,0,5,9,0,14,0,0,97,8,105,0,5,106,8,119,40,10,50,169
12/23/2001,HGR,MD,AEA,EN,Federal Contract Tower,0,7,7,0,14,0,0,58,1,59,0,7,65,1,73,32,0,32,105
12/24/2001,HGR,MD,AEA,EN,Federal Contract Tower,0,5,4,0,9,0,0,38,0,38,0,5,42,0,47,20,0,20,67
12/25/2001,HGR,MD,AEA,EN,Federal Contract Tower,0,5,2,0,7,0,0,6,0,6,0,5,8,0,13,0,0,0,13
12/26/2001,HGR,MD,AEA,EN,Federal Contract Tower,0,6,10,0,16,0,0,75,2,77,0,6,85,2,93,14,4,18,111
12/27/2001,HGR,MD,AEA,EN,Federal Contract Tower,0,10,9,0,19,0,0,53,0,53,0,10,62,0,72,42,0,42,114
12/28/2001,HGR,MD,AEA,EN,Federal Contract Tower,0,18,14,0,32,0,0,53,3,56,0,18,67,3,88,30,0,30,118
12/29/2001,HGR,MD,AEA,EN,Federal Contract Tower,0,13,5,0,18,0,0,29,0,29,0,13,34,0,47,44,0,44,91
12/30/2001,HGR,MD,AEA,EN,Federal Contract Tower,0,15,7,0,22,0,0,18,0,18,0,15,25,0,40,0,0,0,40
12/31/2001,HGR,MD,AEA,EN,Federal Contract Tower,0,17,6,0,23,0,0,53,0,53,0,17,59,0,76,8,0,8,84
01/01/2002,HGR,MD,AEA,EN,Federal Contract Tower,0,14,3,0,17,0,0,36,2,38,0,14,39,2,55,12,2,14,69
01/02/2002,HGR,MD,AEA,EN,Federal Contract Tower,0,19,13,1,33,0,0,55,11,66,0,19,68,12,99,6,0,6,105
01/03/2002,HGR,MD,AEA,EN,Federal Contract Tower,0,19,6,1,26,0,0,55,3,58,0,19,61,4,84,26,4,30,114
01/04/2002,HGR,MD,AEA,EN,Federal Contract Tower,0,17,15,0,32,0,0,83,2,85,0,17,98,2,117,44,0,44,161
01/05/2002,HGR,MD,AEA,EN,Federal Contract Tower,0,13,13,2,28,0,0,92,18,110,0,13,105,20,138,50,0,50,188
01/06/2002,HGR,MD,AEA,EN,Federal Contract Tower,0,6,3,0,9,0,0,8,0,8,0,6,11,0,17,0,0,0,17
01/07/2002,HGR,MD,AEA,EN,Federal Contract Tower,0,16,5,1,22,0,0,1,0,1,0,16,6,1,23,0,0,0,23
01/08/2002,HGR,MD,AEA,EN,Federal Contract Tower,0,20,9,0,29,0,0,67,11,78,0,20,76,11,107,28,0,28,135
01/09/2002,HGR,MD,AEA,EN,Federal Contract Tower,0,18,11,1,30,0,0,44,3,47,0,18,55,4,77,38,0,38,115
01/10/2002,HGR,MD,AEA,EN,Federal Contract Tower,0,19,18,1,38,0,0,67,2,69,0,19,85,3,107,38,0,38,145
01/11/2002,HGR,MD,AEA,EN,Federal Contract Tower,0,19,14,6,39,0,0,18,16,34,0,19,32,22,73,0,0,0,73
01/12/2002,HGR,MD,AEA,EN,Federal Contract Tower,0,16,5,1,22,0,0,163,15,178,0,16,168,16,200,48,0,48,248
01/13/2002,HGR,MD,AEA,EN,Federal Contract Tower,0,15,3,0,18,0,0,6,0,6,0,15,9,0,24,0,0,0,24
01/14/2002,HGR,MD,AEA,EN,Federal Contract Tower,0,18,23,2,43,0,0,29,0,29,0,18,52,2,72,0,0,0,72
01/15/2002,HGR,MD,AEA,EN,Federal Contract Tower,0,18,10,0,28,0,0,36,0,36,0,18,46,0,64,8,0,8,72
01/16/2002,HGR,MD,AEA,EN,Federal Contract Tower,0,16,15,2,33,0,0,77,4,81,0,16,92,6,114,40,0,40,154
01/17/2002,HGR,MD,AEA,EN,Federal Contract Tower,0,16,15,0,31,0,0,44,3,47,0,16,59,3,78,20,0,20,98
01/18/2002,HGR,MD,AEA,EN,Federal Contract Tower,0,19,16,0,35,0,0,63,12,75,0,19,79,12,110,28,0,28,138
01/19/2002,HGR,MD,AEA,EN,Federal Contract Tower,0,4,0,0,4,0,1,1,0,2,0,5,1,0,6,0,0,0,6
01/20/2002,HGR,MD,AEA,EN,Federal Contract Tower,0,15,9,0,24,0,0,57,0,57,0,15,66,0,81,6,0,6,87
01/21/2002,HGR,MD,AEA,EN,Federal Contract Tower,0,15,6,0,21,0,0,20,0,20,0,15,26,0,41,16,0,16,57
01/22/2002,HGR,MD,AEA,EN,Federal Contract Tower,0,19,17,0,36,0,0,122,5,127,0,19,139,5,163,34,14,48,211
01/23/2002,HGR,MD,AEA,EN,Federal Contract Tower,0,19,7,0,26,0,0,57,2,59,0,19,64,2,85,28,0,28,113
01/24/2002,HGR,MD,AEA,EN,Federal Contract Tower,0,16,22,0,38,0,0,12,0,12,0,16,34,0,50,18,0,18,68
01/25/2002,HGR,MD,AEA,EN,Federal Contract Tower,0,18,10,9,37,0,5,118,15,138,0,23,128,24,175,40,2,42,217
01/26/2002,HGR,MD,AEA,EN,Federal Contract Tower,0,12,14,4,30,0,0,163,1,164,0,12,177,5,194,64,0,64,258
01/27/2002,HGR,MD,AEA,EN,Federal Contract Tower,0,15,15,2,32,0,0,105,0,105,0,15,120,2,137,36,0,36,173
01/28/2002,HGR,MD,AEA,EN,Federal Contract Tower,0,18,11,4,33,0,0,82,2,84,0,18,93,6,117,12,0,12,129
01/29/2002,HGR,MD,AEA,EN,Federal Contract Tower,0,17,6,0,23,0,0,103,4,107,0,17,109,4,130,14,0,14,144
01/30/2002,HGR,MD,AEA,EN,Federal Contract Tower,0,17,20,4,41,0,0,12,0,12,0,17,32,4,53,14,0,14,67
01/31/2002,HGR,MD,AEA,EN,Federal Contract Tower,0,14,9,0,23,0,0,0,0,0,0,14,9,0,23,0,0,0,23
02/01/2002,HGR,MD,AEA,EN,Federal Contract Tower,0,4,1,4,9,0,0,4,6,10,0,4,5,10,19,0,0,0,19
02/02/2002,HGR,MD,AEA,EN,Federal Contract Tower,0,14,7,1,22,0,0,91,8,99,0,14,98,9,121,44,0,44,165
02/03/2002,HGR,MD,AEA,EN,Federal Contract Tower,0,15,5,0,20,0,0,69,4,73,0,15,74,4,93,6,0,6,99
02/04/2002,HGR,MD,AEA,EN,Federal Contract Tower,0,19,11,2,32,0,0,4,0,4,0,19,15,2,36,0,0,0,36
02/05/2002,HGR,MD,AEA,EN,Federal Contract Tower,0,15,12,1,28,0,0,57,3,60,0,15,69,4,88,28,0,28,116
02/06/2002,HGR,MD,AEA,EN,Federal Contract Tower,0,16,13,1,30,0,0,85,0,85,0,16,98,1,115,56,0,56,171
02/07/2002,HGR,MD,AEA,EN,Federal Contract Tower,0,18,22,6,46,0,0,5,7,12,0,18,27,13,58,0,18,18,76
02/08/2002,HGR,MD,AEA,EN,Federal Contract Tower,0,19,17,0,36,0,0,112,2,114,0,19,129,2,150,92,0,92,242
02/09/2002,HGR,MD,AEA,EN,Federal Contract Tower,0,12,13,0,25,0,0,97,0,97,0,12,110,0,122,142,0,142,264
02/10/2002,HGR,MD,AEA,EN,Federal Contract Tower,0,16,9,0,25,0,0,0,0,0,0,16,9,0,25,0,0,0,25
02/11/2002,HGR,MD,AEA,EN,Federal Contract Tower,0,14,11,0,25,0,1,12,0,13,0,15,23,0,38,0,0,0,38
02/12/2002,HGR,MD,AEA,EN,Federal Contract Tower,0,18,9,2,29,0,0,61,3,64,0,18,70,5,93,42,0,42,135
02/13/2002,HGR,MD,AEA,EN,Federal Contract Tower,0,19,9,3,31,0,0,47,0,47,0,19,56,3,78,8,0,8,86
02/14/2002,HGR,MD,AEA,EN,Federal Contract Tower,0,21,5,0,26,0,0,96,3,99,0,21,101,3,125,40,0,40,165
02/15/2002,HGR,MD,AEA,EN,Federal Contract Tower,0,18,16,2,36,0,0,58,0,58,0,18,74,2,94,50,0,50,144
02/16/2002,HGR,MD,AEA,EN,Federal Contract Tower,0,13,6,0,19,0,0,78,2,80,0,13,84,2,99,56,4,60,159
02/17/2002,HGR,MD,AEA,EN,Federal Contract Tower,0,11,2,0,13,0,0,10,0,10,0,11,12,0,23,6,0,6,29
02/18/2002,HGR,MD,AEA,EN,Federal Contract Tower,0,13,8,0,21,0,6,106,15,127,0,19,114,15,148,32,4,36,184
02/19/2002,HGR,MD,AEA,EN,Federal Contract Tower,0,18,12,0,30,0,0,83,4,87,0,18,95,4,117,44,0,44,161
02/20/2002,HGR,MD,AEA,EN,Federal Contract Tower,0,19,15,1,35,0,0,35,1,36,0,19,50,2,71,6,0,6,77
02/21/2002,HGR,MD,AEA,EN,Federal Contract Tower,0,17,11,0,28,0,0,42,0,42,0,17,53,0,70,4,0,4,74
02/22/2002,HGR,MD,AEA,EN,Federal Contract Tower,0,21,10,3,34,0,0,75,4,79,0,21,85,7,113,46,0,46,159
02/23/2002,HGR,MD,AEA,EN,Federal Contract Tower,0,13,5,2,20,0,0,141,5,146,0,13,146,7,166,88,0,88,254
02/24/2002,HGR,MD,AEA,EN,Federal Contract Tower,0,16,6,0,22,0,0,117,5,122,0,16,123,5,144,110,0,110,254
02/25/2002,HGR,MD,AEA,EN,Federal Contract Tower,0,18,12,0,30,0,0,88,3,91,0,18,100,3,121,44,0,44,165
02/26/2002,HGR,MD,AEA,EN,Federal Contract Tower,0,19,14,0,33,0,0,27,2,29,0,19,41,2,62,4,0,4,66
02/27/2002,HGR,MD,AEA,EN,Federal Contract Tower,0,19,2,0,21,0,0,19,0,19,0,19,21,0,40,24,0,24,64
02/28/2002,HGR,MD,AEA,EN,Federal Contract Tower,0,19,20,0,39,0,0,38,2,40,0,19,58,2,79,10,0,10,89
03/01/2002,HGR,MD,AEA,EN,Federal Contract Tower,0,15,18,0,33,0,1,100,5,106,0,16,118,5,139,112,0,112,251
03/02/2002,HGR,MD,AEA,EN,Federal Contract Tower,0,12,4,0,16,0,1,41,0,42,0,13,45,0,58,82,0,82,140
03/03/2002,HGR,MD,AEA,EN,Federal Contract Tower,0,12,10,0,22,0,1,3,0,4,0,13,13,0,26,0,0,0,26
03/04/2002,HGR,MD,AEA,EN,Federal Contract Tower,0,23,5,1,29,0,1,17,2,20,0,24,22,3,49,0,0,0,49
03/05/2002,HGR,MD,AEA,EN,Federal Contract Tower,0,22,12,0,34,0,0,46,0,46,0,22,58,0,80,32,0,32,112
03/06/2002,HGR,MD,AEA,EN,Federal Contract Tower,0,27,17,0,44,0,0,49,6,55,0,27,66,6,99,50,0,50,149
03/07/2002,HGR,MD,AEA,EN,Federal Contract Tower,0,23,15,1,39,0,0,101,3,104,0,23,116,4,143,78,0,78,221
03/08/2002,HGR,MD,AEA,EN,Federal Contract Tower,0,24,27,3,54,0,0,149,21,170,0,24,176,24,224,42,10,52,276
03/09/2002,HGR,MD,AEA,EN,Federal Contract Tower,0,16,11,2,29,0,0,22,4,26,0,16,33,6,55,12,6,18,73
03/10/2002,HGR,MD,AEA,EN,Federal Contract Tower,0,8,7,1,16,0,2,7,6,15,0,10,14,7,31,0,0,0,31
03/11/2002,HGR,MD,AEA,EN,Federal Contract Tower,0,22,8,0,30,0,0,86,2,88,0,22,94,2,118,40,0,40,158
03/12/2002,HGR,MD,AEA,EN,Federal Contract Tower,0,20,10,1,31,0,0,48,0,48,0,20,58,1,79,112,0,112,191
03/13/2002,HGR,MD,AEA,EN,Federal Contract Tower,0,15,15,2,32,0,0,0,0,0,0,15,15,2,32,0,0,0,32
03/14/2002,HGR,MD,AEA,EN,Federal Contract Tower,0,17,24,0,41,0,0,88,5,93,0,17,112,5,134,28,0,28,162
03/15/2002,HGR,MD,AEA,EN,Federal Contract Tower,0,23,27,2,52,0,0,83,9,92,0,23,110,11,144,18,2,20,164
03/16/2002,HGR,MD,AEA,EN,Federal Contract Tower,0,18,5,2,25,0,0,42,1,43,0,18,47,3,68,68,0,68,136
03/17/2002,HGR,MD,AEA,EN,Federal Contract Tower,0,11,8,0,19,0,0,26,1,27,0,11,34,1,46,26,0,26,72
03/18/2002,HGR,MD,AEA,EN,Federal Contract Tower,0,20,19,0,39,0,0,0,0,0,0,20,19,0,39,0,0,0,39
03/19/2002,HGR,MD,AEA,EN,Federal Contract Tower,0,27,17,2,46,0,0,37,3,40,0,27,54,5,86,14,0,14,100
03/20/2002,HGR,MD,AEA,EN,Federal Contract Tower,0,21,15,0,36,0,0,0,0,0,0,21,15,0,36,0,0,0,36
03/21/2002,HGR,MD,AEA,EN,Federal Contract Tower,0,0,0,0,0,0,18,111,3,132,0,18,111,3,132,42,0,42,174
03/22/2002,HGR,MD,AEA,EN,Federal Contract Tower,0,0,0,0,0,0,22,25,0,47,0,22,25,0,47,6,0,6,53
03/23/2002,HGR,MD,AEA,EN,Federal Contract Tower,0,17,13,1,31,0,0,59,3,62,0,17,72,4,93,14,0,14,107
03/24/2002,HGR,MD,AEA,EN,Federal Contract Tower,0,15,6,2,23,0,0,83,2,85,0,15,89,4,108,66,0,66,174
03/25/2002,HGR,MD,AEA,EN,Federal Contract Tower,0,21,6,0,27,0,0,38,0,38,0,21,44,0,65,10,0,10,75
03/26/2002,HGR,MD,AEA,EN,Federal Contract Tower,0,15,5,2,22,0,0,2,0,2,0,15,7,2,24,4,0,4,28
03/27/2002,HGR,MD,AEA,EN,Federal Contract Tower,0,23,14,0,37,0,0,51,56,107,0,23,65,56,144,0,0,0,144
03/28/2002,HGR,MD,AEA,EN,Federal Contract Tower,0,23,18,1,42,0,0,164,5,169,0,23,182,6,211,60,0,60,271
03/29/2002,HGR,MD,AEA,EN,Federal Contract Tower,0,18,7,5,30,0,0,117,0,117,0,18,124,5,147,50,10,60,207
03/30/2002,HGR,MD,AEA,EN,Federal Contract Tower,0,13,5,0,18,0,0,99,13,112,0,13,104,13,130,116,6,122,252
03/31/2002,HGR,MD,AEA,EN,Federal Contract Tower,0,14,8,0,22,0,0,15,0,15,0,14,23,0,37,2,0,2,39
04/01/2002,HGR,MD,AEA,EN,Federal Contract Tower,0,13,17,0,30,0,1,32,0,33,0,14,49,0,63,18,0,18,81
04/02/2002,HGR,MD,AEA,EN,Federal Contract Tower,0,17,14,0,31,0,1,79,9,89,0,18,93,9,120,46,6,52,172
04/03/2002,HGR,MD,AEA,EN,Federal Contract Tower,0,20,23,0,43,0,1,26,0,27,0,21,49,0,70,4,0,4,74
04/04/2002,HGR,MD,AEA,EN,Federal Contract Tower,0,17,11,1,29,0,1,93,1,95,0,18,104,2,124,38,2,40,164
04/05/2002,HGR,MD,AEA,EN,Federal Contract Tower,0,17,13,1,31,0,4,101,2,107,0,21,114,3,138,20,4,24,162
04/06/2002,HGR,MD,AEA,EN,Federal Contract Tower,0,14,13,0,27,0,0,75,2,77,0,14,88,2,104,66,0,66,170
04/07/2002,HGR,MD,AEA,EN,Federal Contract Tower,0,14,5,0,19,0,0,121,4,125,0,14,126,4,144,60,6,66,210
04/08/2002,HGR,MD,AEA,EN,Federal Contract Tower,0,18,14,0,32,0,0,49,0,49,0,18,63,0,81,38,0,38,119
04/09/2002,HGR,MD,AEA,EN,Federal Contract Tower,0,20,8,0,28,0,0,9,0,9,0,20,17,0,37,0,0,0,37
04/10/2002,HGR,MD,AEA,EN,Federal Contract Tower,0,19,17,2,38,0,0,86,14,100,0,19,103,16,138,60,16,76,214
04/11/2002,HGR,MD,AEA,EN,Federal Contract Tower,0,19,20,2,41,0,0,128,10,138,0,19,148,12,179,10,0,10,189
04/12/2002,HGR,MD,AEA,EN,Federal Contract Tower,0,18,26,2,46,0,0,38,1,39,0,18,64,3,85,44,0,44,129
04/13/2002,HGR,MD,AEA,EN,Federal Contract Tower,0,11,12,0,23,0,0,7,0,7,0,11,19,0,30,0,0,0,30
04/14/2002,HGR,MD,AEA,EN,Federal Contract Tower,0,15,8,0,23,0,0,29,0,29,0,15,37,0,52,26,0,26,78
04/15/2002,HGR,MD,AEA,EN,Federal Contract Tower,0,18,20,0,38,0,0,88,0,88,0,18,108,0,126,52,0,52,178
04/16/2002,HGR,MD,AEA,EN,Federal Contract Tower,0,20,13,3,36,0,0,93,4,97,0,20,106,7,133,48,0,48,181
04/17/2002,HGR,MD,AEA,EN,Federal Contract Tower,0,20,13,0,33,0,0,85,3,88,0,20,98,3,121,22,0,22,143
04/18/2002,HGR,MD,AEA,EN,Federal Contract Tower,0,16,8,0,24,0,0,71,0,71,0,16,79,0,95,10,0,10,105
04/19/2002,HGR,MD,AEA,EN,Federal Contract Tower,0,14,11,0,25,0,0,85,7,92,0,14,96,7,117,54,6,60,177
04/20/2002,HGR,MD,AEA,EN,Federal Contract Tower,0,13,11,0,24,0,0,43,2,45,0,13,54,2,69,16,0,16,85
04/21/2002,HGR,MD,AEA,EN,Federal Contract Tower,0,17,14,1,32,0,0,20,1,21,0,17,34,2,53,30,0,30,83
04/22/2002,HGR,MD,AEA,EN,Federal Contract Tower,0,18,12,7,37,0,0,23,3,26,0,18,35,10,63,0,0,0,63
04/23/2002,HGR,MD,AEA,EN,Federal Contract Tower,0,18,14,0,32,0,0,83,2,85,0,18,97,2,117,32,0,32,149
04/24/2002,HGR,MD,AEA,EN,Federal Contract Tower,0,19,21,3,43,0,0,161,11,172,0,19,182,14,215,70,4,74,289
04/25/2002,HGR,MD,AEA,EN,Federal Contract Tower,0,18,12,1,31,0,0,14,0,14,0,18,26,1,45,16,0,16,61
04/26/2002,HGR,MD,AEA,EN,Federal Contract Tower,0,16,12,0,28,0,0,108,2,110,0,16,120,2,138,60,0,60,198
04/27/2002,HGR,MD,AEA,EN,Federal Contract Tower,0,13,5,0,18,0,0,97,0,97,0,13,102,0,115,28,0,28,143
04/28/2002,HGR,MD,AEA,EN,Federal Contract Tower,0,12,4,0,16,0,0,0,0,0,0,12,4,0,16,0,0,0,16
04/29/2002,HGR,MD,AEA,EN,Federal Contract Tower,0,18,24,0,42,0,0,38,0,38,0,18,62,0,80,6,0,6,86
04/30/2002,HGR,MD,AEA,EN,Federal Contract Tower,0,23,13,0,36,0,0,88,2,90,0,23,101,2,126,18,0,18,144
05/01/2002,HGR,MD,AEA,EN,Federal Contract Tower,0,15,15,1,31,0,1,110,4,115,0,16,125,5,146,64,10,74,220
05/02/2002,HGR,MD,AEA,EN,Federal Contract Tower,0,7,6,0,13,0,1,11,0,12,0,8,17,0,25,16,0,16,41
05/03/2002,HGR,MD,AEA,EN,Federal Contract Tower,0,15,14,0,29,0,0,79,0,79,0,15,93,0,108,10,0,10,118
05/04/2002,HGR,MD,AEA,EN,Federal Contract Tower,0,14,5,3,22,0,0,140,11,151,0,14,145,14,173,130,6,136,309
05/05/2002,HGR,MD,AEA,EN,Federal Contract Tower,0,15,8,1,24,0,0,99,4,103,0,15,107,5,127,62,0,62,189
05/06/2002,HGR,MD,AEA,EN,Federal Contract Tower,0,18,21,0,39,0,0,46,0,46,0,18,67,0,85,2,0,2,87
05/07/2002,HGR,MD,AEA,EN,Federal Contract Tower,0,15,18,0,33,0,0,36,0,36,0,15,54,0,69,22,0,22,91
05/08/2002,HGR,MD,AEA,EN,Federal Contract Tower,0,13,18,0,31,0,0,49,0,49,0,13,67,0,80,34,0,34,114
05/09/2002,HGR,MD,AEA,EN,Federal Contract Tower,0,14,10,0,24,0,0,5,0,5,0,14,15,0,29,6,0,6,35
05/10/2002,HGR,MD,AEA,EN,Federal Contract Tower,0,16,19,0,35,0,0,118,5,123,0,16,137,5,158,78,0,78,236
05/11/2002,HGR,MD,AEA,EN,Federal Contract Tower,0,10,14,2,26,0,0,129,9,138,0,10,143,11,164,126,0,126,290
05/12/2002,HGR,MD,AEA,EN,Federal Contract Tower,0,9,11,0,20,0,0,21,2,23,0,9,32,2,43,4,0,4,47
05/13/2002,HGR,MD,AEA,EN,Federal Contract Tower,0,17,15,0,32,0,0,7,0,7,0,17,22,0,39,0,0,0,39
05/14/2002,HGR,MD,AEA,EN,Federal Contract Tower,0,20,5,3,28,0,0,14,4,18,0,20,19,7,46,10,0,10,56
05/15/2002,HGR,MD,AEA,EN,Federal Contract Tower,0,20,17,1,38,0,0,98,6,104,0,20,115,7,142,70,0,70,212
05/16/2002,HGR,MD,AEA,EN,Federal Contract Tower,0,18,15,2,35,0,0,113,2,115,0,18,128,4,150,66,0,66,216
05/17/2002,HGR,MD,AEA,EN,Federal Contract Tower,0,17,9,1,27,0,0,68,11,79,0,17,77,12,106,28,0,28,134
05/18/2002,HGR,MD,AEA,EN,Federal Contract Tower,0,10,8,0,18,0,0,16,0,16,0,10,24,0,34,30,0,30,64
05/19/2002,HGR,MD,AEA,EN,Federal Contract Tower,0,15,13,0,28,0,0,110,2,112,0,15,123,2,140,38,0,38,178
05/20/2002,HGR,MD,AEA,EN,Federal Contract Tower,0,18,14,0,32,0,0,75,6,81,0,18,89,6,113,70,10,80,193
05/21/2002,HGR,MD,AEA,EN,Federal Contract Tower,0,20,12,0,32,0,0,81,4,85,0,20,93,4,117,30,0,30,147
05/22/2002,HGR,MD,AEA,EN,Federal Contract Tower,0,16,13,2,31,0,0,121,9,130,0,16,134,11,161,90,0,90,251
05/23/2002,HGR,MD,AEA,EN,Federal Contract Tower,0,20,13,2,35,0,0,139,3,142,0,20,152,5,177,96,0,96,273
05/24/2002,HGR,MD,AEA,EN,Federal Contract Tower,0,21,27,1,49,0,0,122,2,124,0,21,149,3,173,12,0,12,185
05/25/2002,HGR,MD,AEA,EN,Federal Contract Tower,0,11,5,0,16,0,0,53,2,55,0,11,58,2,71,90,0,90,161
05/26/2002,HGR,MD,AEA,EN,Federal Contract Tower,0,15,8,0,23,0,0,30,0,30,0,15,38,0,53,50,0,50,103
05/27/2002,HGR,MD,AEA,EN,Federal Contract Tower,0,12,5,0,17,0,0,35,0,35,0,12,40,0,52,32,0,32,84
05/28/2002,HGR,MD,AEA,EN,Federal Contract Tower,0,17,9,3,29,0,0,55,1,56,0,17,64,4,85,18,6,24,109
05/29/2002,HGR,MD,AEA,EN,Federal Contract Tower,0,18,18,3,39,0,0,37,2,39,0,18,55,5,78,22,0,22,100
05/30/2002,HGR,MD,AEA,EN,Federal Contract Tower,0,15,19,0,34,0,0,114,1,115,0,15,133,1,149,106,0,106,255
05/31/2002,HGR,MD,AEA,EN,Federal Contract Tower,0,18,9,0,27,0,0,46,1,47,0,18,55,1,74,6,0,6,80
06/01/2002,HGR,MD,AEA,EN,Federal Contract Tower,0,13,7,0,20,0,0,98,0,98,0,13,105,0,118,58,0,58,176
06/02/2002,HGR,MD,AEA,EN,Federal Contract Tower,0,17,3,1,21,0,0,77,4,81,0,17,80,5,102,20,16,36,138
06/03/2002,HGR,MD,AEA,EN,Federal Contract Tower,0,18,7,0,25,0,0,96,2,98,0,18,103,2,123,68,4,72,195
06/04/2002,HGR,MD,AEA,EN,Federal Contract Tower,0,17,21,0,38,0,0,62,0,62,0,17,83,0,100,42,0,42,142
06/05/2002,HGR,MD,AEA,EN,Federal Contract Tower,0,21,19,0,40,0,0,29,4,33,0,21,48,4,73,30,0,30,103
06/06/2002,HGR,MD,AEA,EN,Federal Contract Tower,0,16,18,3,37,0,0,24,3,27,0,16,42,6,64,28,4,32,96
06/07/2002,HGR,MD,AEA,EN,Federal Contract Tower,0,18,18,2,38,0,0,100,2,102,0,18,118,4,140,42,0,42,182
06/08/2002,HGR,MD,AEA,EN,Federal Contract Tower,0,8,7,0,15,0,1,141,3,145,0,9,148,3,160,62,2,64,224
06/09/2002,HGR,MD,AEA,EN,Federal Contract Tower,0,15,9,0,24,0,0,93,6,99,0,15,102,6,123,22,8,30,153
06/10/2002,HGR,MD,AEA,EN,Federal Contract Tower,0,18,17,2,37,0,0,67,2,69,0,18,84,4,106,20,0,20,126
06/11/2002,HGR,MD,AEA,EN,Federal Contract Tower,0,18,18,0,36,0,0,55,8,63,0,18,73,8,99,18,0,18,117
06/12/2002,HGR,MD,AEA,EN,Federal Contract Tower,0,16,17,0,33,0,0,41,2,43,0,16,58,2,76,40,0,40,116
06/13/2002,HGR,MD,AEA,EN,Federal Contract Tower,0,14,18,0,32,0,0,11,0,11,0,14,29,0,43,0,0,0,43
06/14/2002,HGR,MD,AEA,EN,Federal Contract Tower,0,18,28,0,46,0,0,2,0,2,0,18,30,0,48,0,0,0,48
06/15/2002,HGR,MD,AEA,EN,Federal Contract Tower,0,14,12,3,29,0,0,42,25,67,0,14,54,28,96,14,0,14,110
06/16/2002,HGR,MD,AEA,EN,Federal Contract Tower,0,15,14,0,29,0,0,100,27,127,0,15,114,27,156,10,0,10,166
06/17/2002,HGR,MD,AEA,EN,Federal Contract Tower,0,19,8,0,27,0,0,110,0,110,0,19,118,0,137,80,0,80,217
06/18/2002,HGR,MD,AEA,EN,Federal Contract Tower,0,19,14,0,33,0,0,108,5,113,0,19,122,5,146,56,0,56,202
06/19/2002,HGR,MD,AEA,EN,Federal Contract Tower,0,20,26,0,46,0,0,54,4,58,0,20,80,4,104,20,0,20,124
06/20/2002,HGR,MD,AEA,EN,Federal Contract Tower,0,16,23,0,39,0,0,103,1,104,0,16,126,1,143,64,0,64,207
06/21/2002,HGR,MD,AEA,EN,Federal Contract Tower,0,17,18,0,35,0,0,128,8,136,0,17,146,8,171,42,0,42,213
06/22/2002,HGR,MD,AEA,EN,Federal Contract Tower,0,13,2,0,15,0,0,80,1,81,0,13,82,1,96,28,0,28,124
06/23/2002,HGR,MD,AEA,EN,Federal Contract Tower,0,15,5,0,20,0,0,99,0,99,0,15,104,0,119,50,0,50,169
06/24/2002,HGR,MD,AEA,EN,Federal Contract Tower,0,18,17,0,35,0,0,75,3,78,0,18,92,3,113,24,0,24,137
06/25/2002,HGR,MD,AEA,EN,Federal Contract Tower,0,16,34,0,50,0,0,35,0,35,0,16,69,0,85,22,0,22,107
06/26/2002,HGR,MD,AEA,EN,Federal Contract Tower,0,16,29,0,45,0,0,47,2,49,0,16,76,2,94,22,6,28,122
06/27/2002,HGR,MD,AEA,EN,Federal Contract Tower,0,17,17,0,34,0,0,67,4,71,0,17,84,4,105,30,4,34,139
06/28/2002,HGR,MD,AEA,EN,Federal Contract Tower,0,21,25,4,50,0,0,89,4,93,0,21,114,8,143,42,0,42,185
06/29/2002,HGR,MD,AEA,EN,Federal Contract Tower,0,8,12,1,21,0,0,130,5,135,0,8,142,6,156,42,4,46,202
06/30/2002,HGR,MD,AEA,EN,Federal Contract Tower,0,14,13,0,27,0,0,87,3,90,0,14,100,3,117,26,0,26,143
07/01/2002,HGR,MD,AEA,EN,Federal Contract Tower,0,16,9,1,26,0,0,71,1,72,0,16,80,2,98,26,0,26,124
07/02/2002,HGR,MD,AEA,EN,Federal Contract Tower,0,18,25,0,43,0,0,42,0,42,0,18,67,0,85,14,0,14,99
07/03/2002,HGR,MD,AEA,EN,Federal Contract Tower,0,19,29,0,48,0,0,95,4,99,0,19,124,4,147,52,0,52,199
07/04/2002,HGR,MD,AEA,EN,Federal Contract Tower,0,13,5,0,18,0,0,30,13,43,0,13,35,13,61,24,24,48,109
07/05/2002,HGR,MD,AEA,EN,Federal Contract Tower,0,20,6,0,26,0,0,120,11,131,0,20,126,11,157,60,0,60,217
07/06/2002,HGR,MD,AEA,EN,Federal Contract Tower,0,13,5,0,18,0,0,117,24,141,0,13,122,24,159,68,20,88,247
07/07/2002,HGR,MD,AEA,EN,Federal Contract Tower,0,10,15,0,25,0,0,64,32,96,0,10,79,32,121,72,86,158,279
07/08/2002,HGR,MD,AEA,EN,Federal Contract Tower,0,23,11,2,36,0,0,98,27,125,0,23,109,29,161,18,178,196,357
07/09/2002,HGR,MD,AEA,EN,Federal Contract Tower,0,20,18,2,40,0,0,69,24,93,0,20,87,26,133,8,194,202,335
07/10/2002,HGR,MD,AEA,EN,Federal Contract Tower,0,15,25,3,43,0,1,68,68,137,0,16,93,71,180,28,216,244,424
07/11/2002,HGR,MD,AEA,EN,Federal Contract Tower,0,22,17,4,43,0,0,154,52,206,0,22,171,56,249,50,98,148,397
07/12/2002,HGR,MD,AEA,EN,Federal Contract Tower,0,16,7,2,25,0,0,158,16,174,0,16,165,18,199,48,14,62,261
07/13/2002,HGR,MD,AEA,EN,Federal Contract Tower,0,11,12,0,23,0,0,221,3,224,0,11,233,3,247,16,0,16,263
07/14/2002,HGR,MD,AEA,EN,Federal Contract Tower,0,15,24,1,40,0,0,49,0,49,0,15,73,1,89,6,0,6,95
07/15/2002,HGR,MD,AEA,EN,Federal Contract Tower,0,16,18,0,34,0,0,93,5,98,0,16,111,5,132,40,0,40,172
07/16/2002,HGR,MD,AEA,EN,Federal Contract Tower,0,19,8,0,27,0,0,100,4,104,0,19,108,4,131,42,0,42,173
07/17/2002,HGR,MD,AEA,EN,Federal Contract Tower,0,19,12,0,31,0,2,124,4,130,0,21,136,4,161,64,0,64,225
07/18/2002,HGR,MD,AEA,EN,Federal Contract Tower,0,18,25,0,43,0,0,12,7,19,0,18,37,7,62,6,0,6,68
07/19/2002,HGR,MD,AEA,EN,Federal Contract Tower,0,20,24,2,46,0,0,39,5,44,0,20,63,7,90,20,0,20,110
07/20/2002,HGR,MD,AEA,EN,Federal Contract Tower,0,14,26,0,40,0,0,54,11,65,0,14,80,11,105,34,0,34,139
07/21/2002,HGR,MD,AEA,EN,Federal Contract Tower,0,15,16,0,31,0,0,61,1,62,0,15,77,1,93,62,0,62,155
07/22/2002,HGR,MD,AEA,EN,Federal Contract Tower,0,17,12,0,29,0,4,87,0,91,0,21,99,0,120,50,0,50,170
07/23/2002,HGR,MD,AEA,EN,Federal Contract Tower,0,16,11,1,28,0,0,59,2,61,0,16,70,3,89,20,0,20,109
07/24/2002,HGR,MD,AEA,EN,Federal Contract Tower,0,16,24,0,40,0,0,77,4,81,0,16,101,4,121,132,0,132,253
07/25/2002,HGR,MD,AEA,EN,Federal Contract Tower,0,14,16,2,32,0,0,58,3,61,0,14,74,5,93,118,0,118,211
07/26/2002,HGR,MD,AEA,EN,Federal Contract Tower,0,13,25,1,39,0,0,22,0,22,0,13,47,1,61,6,0,6,67
07/27/2002,HGR,MD,AEA,EN,Federal Contract Tower,0,12,21,0,33,0,0,12,0,12,0,12,33,0,45,0,0,0,45
07/28/2002,HGR,MD,AEA,EN,Federal Contract Tower,0,15,14,0,29,0,0,71,9,80,0,15,85,9,109,26,2,28,137
07/29/2002,HGR,MD,AEA,EN,Federal Contract Tower,0,16,5,0,21,0,0,51,0,51,0,16,56,0,72,38,0,38,110
07/30/2002,HGR,MD,AEA,EN,Federal Contract Tower,0,20,18,2,40,0,0,73,11,84,0,20,91,13,124,48,0,48,172
07/31/2002,HGR,MD,AEA,EN,Federal Contract Tower,0,20,21,0,41,0,0,119,1,120,0,20,140,1,161,70,0,70,231
08/01/2002,HGR,MD,AEA,EN,Federal Contract Tower,0,17,22,2,41,0,1,110,0,111,0,18,132,2,152,102,0,102,254
08/02/2002,HGR,MD,AEA,EN,Federal Contract Tower,0,13,15,1,29,0,1,114,0,115,0,14,129,1,144,108,0,108,252
08/03/2002,HGR,MD,AEA,EN,Federal Contract Tower,0,11,7,3,21,0,1,65,1,67,0,12,72,4,88,62,0,62,150
08/04/2002,HGR,MD,AEA,EN,Federal Contract Tower,0,10,13,1,24,0,1,88,2,91,0,11,101,3,115,110,0,110,225
08/05/2002,HGR,MD,AEA,EN,Federal Contract Tower,0,15,10,3,28,0,1,32,0,33,0,16,42,3,61,26,0,26,87
08/06/2002,HGR,MD,AEA,EN,Federal Contract Tower,0,18,7,1,26,0,1,79,0,80,0,19,86,1,106,20,0,20,126
08/07/2002,HGR,MD,AEA,EN,Federal Contract Tower,0,18,12,0,30,0,0,142,0,142,0,18,154,0,172,72,0,72,244
08/08/2002,HGR,MD,AEA,EN,Federal Contract Tower,0,17,8,0,25,0,1,131,0,132,0,18,139,0,157,166,0,166,323
08/09/2002,HGR,MD,AEA,EN,Federal Contract Tower,0,14,13,0,27,0,0,126,2,128,0,14,139,2,155,38,0,38,193
08/10/2002,HGR,MD,AEA,EN,Federal Contract Tower,0,14,5,3,22,0,0,102,47,149,0,14,107,50,171,20,0,20,191
08/11/2002,HGR,MD,AEA,EN,Federal Contract Tower,0,17,13,3,33,0,0,92,34,126,0,17,105,37,159,16,8,24,183
08/12/2002,HGR,MD,AEA,EN,Federal Contract Tower,0,19,9,2,30,0,0,60,5,65,0,19,69,7,95,2,10,12,107
08/13/2002,HGR,MD,AEA,EN,Federal Contract Tower,0,18,23,1,42,0,0,50,1,51,0,18,73,2,93,8,0,8,101
08/14/2002,HGR,MD,AEA,EN,Federal Contract Tower,0,19,28,0,47,0,0,53,2,55,0,19,81,2,102,18,0,18,120
08/15/2002,HGR,MD,AEA,EN,Federal Contract Tower,0,21,18,0,39,0,0,67,0,67,0,21,85,0,106,44,0,44,150
08/16/2002,HGR,MD,AEA,EN,Federal Contract Tower,0,18,32,0,50,0,0,89,1,90,0,18,121,1,140,64,0,64,204
08/17/2002,HGR,MD,AEA,EN,Federal Contract Tower,0,10,9,0,19,0,3,95,4,102,0,13,104,4,121,16,0,16,137
08/18/2002,HGR,MD,AEA,EN,Federal Contract Tower,0,18,4,1,23,0,2,38,1,41,0,20,42,2,64,8,0,8,72
08/19/2002,HGR,MD,AEA,EN,Federal Contract Tower,0,16,15,3,34,0,0,53,0,53,0,16,68,3,87,32,0,32,119
08/20/2002,HGR,MD,AEA,EN,Federal Contract Tower,0,12,17,5,34,0,0,75,7,82,0,12,92,12,116,32,0,32,148
08/21/2002,HGR,MD,AEA,EN,Federal Contract Tower,0,17,20,2,39,0,0,110,2,112,0,17,130,4,151,36,0,36,187
08/22/2002,HGR,MD,AEA,EN,Federal Contract Tower,0,18,16,1,35,0,0,77,8,85,0,18,93,9,120,26,0,26,146
08/23/2002,HGR,MD,AEA,EN,Federal Contract Tower,0,18,8,2,28,0,0,55,2,57,0,18,63,4,85,20,0,20,105
08/24/2002,HGR,MD,AEA,EN,Federal Contract Tower,0,14,7,0,21,0,0,19,4,23,0,14,26,4,44,4,0,4,48
08/25/2002,HGR,MD,AEA,EN,Federal Contract Tower,0,15,7,2,24,0,0,117,3,120,0,15,124,5,144,34,0,34,178
08/26/2002,HGR,MD,AEA,EN,Federal Contract Tower,0,18,12,2,32,0,0,78,1,79,0,18,90,3,111,38,0,38,149
08/27/2002,HGR,MD,AEA,EN,Federal Contract Tower,0,19,16,0,35,0,0,97,6,103,0,19,113,6,138,68,0,68,206
08/28/2002,HGR,MD,AEA,EN,Federal Contract Tower,0,18,17,0,35,0,0,6,0,6,0,18,23,0,41,0,0,0,41
08/29/2002,HGR,MD,AEA,EN,Federal Contract Tower,0,21,23,0,44,0,0,0,0,0,0,21,23,0,44,0,0,0,44
08/30/2002,HGR,MD,AEA,EN,Federal Contract Tower,0,18,21,0,39,0,0,38,0,38,0,18,59,0,77,16,0,16,93
08/31/2002,HGR,MD,AEA,EN,Federal Contract Tower,0,13,9,0,22,0,0,90,3,93,0,13,99,3,115,30,4,34,149
09/01/2002,HGR,MD,AEA,EN,Federal Contract Tower,0,13,8,0,21,0,0,2,0,2,0,13,10,0,23,0,0,0,23
09/02/2002,HGR,MD,AEA,EN,Federal Contract Tower,0,19,21,0,40,0,0,26,0,26,0,19,47,0,66,0,0,0,66
09/03/2002,HGR,MD,AEA,EN,Federal Contract Tower,0,21,15,1,37,0,0,78,1,79,0,21,93,2,116,62,0,62,178
09/04/2002,HGR,MD,AEA,EN,Federal Contract Tower,0,18,18,0,36,0,0,98,2,100,0,18,116,2,136,64,0,64,200
09/05/2002,HGR,MD,AEA,EN,Federal Contract Tower,0,20,17,0,37,0,0,135,4,139,0,20,152,4,176,50,0,50,226
09/06/2002,HGR,MD,AEA,EN,Federal Contract Tower,0,19,24,1,44,0,0,169,2,171,0,19,193,3,215,34,0,34,249
09/07/2002,HGR,MD,AEA,EN,Federal Contract Tower,0,15,12,0,27,0,0,103,7,110,0,15,115,7,137,12,0,12,149
09/08/2002,HGR,MD,AEA,EN,Federal Contract Tower,0,17,12,0,29,0,0,94,3,97,0,17,106,3,126,40,0,40,166
09/09/2002,HGR,MD,AEA,EN,Federal Contract Tower,0,18,17,1,36,0,0,105,4,109,0,18,122,5,145,22,0,22,167
09/10/2002,HGR,MD,AEA,EN,Federal Contract Tower,0,21,13,1,35,0,0,118,3,121,0,21,131,4,156,70,6,76,232
09/11/2002,HGR,MD,AEA,EN,Federal Contract Tower,0,15,9,5,29,0,0,31,0,31,0,15,40,5,60,6,2,8,68
09/12/2002,HGR,MD,AEA,EN,Federal Contract Tower,0,20,17,0,37,0,0,128,0,128,0,20,145,0,165,74,0,74,239
09/13/2002,HGR,MD,AEA,EN,Federal Contract Tower,0,17,19,0,36,0,0,141,3,144,0,17,160,3,180,46,0,46,226
09/14/2002,HGR,MD,AEA,EN,Federal Contract Tower,0,15,8,0,23,0,0,104,0,104,0,15,112,0,127,56,0,56,183
09/15/2002,HGR,MD,AEA,EN,Federal Contract Tower,0,14,15,0,29,0,0,0,0,0,0,14,15,0,29,0,0,0,29
09/16/2002,HGR,MD,AEA,EN,Federal Contract Tower,0,16,18,0,34,0,0,68,1,69,0,16,86,1,103,34,0,34,137
09/17/2002,HGR,MD,AEA,EN,Federal Contract Tower,0,11,9,0,20,0,1,82,2,85,0,12,91,2,105,14,0,14,119
09/18/2002,HGR,MD,AEA,EN,Federal Contract Tower,0,19,21,3,43,0,0,112,1,113,0,19,133,4,156,64,0,64,220
09/19/2002,HGR,MD,AEA,EN,Federal Contract Tower,0,23,29,2,54,0,0,35,1,36,0,23,64,3,90,8,0,8,98
09/20/2002,HGR,MD,AEA,EN,Federal Contract Tower,0,19,39,0,58,0,0,88,3,91,0,19,127,3,149,18,0,18,167
09/21/2002,HGR,MD,AEA,EN,Federal Contract Tower,0,13,18,0,31,0,0,40,0,40,0,13,58,0,71,38,0,38,109
09/22/2002,HGR,MD,AEA,EN,Federal Contract Tower,0,17,16,6,39,0,0,28,29,57,0,17,44,35,96,0,8,8,104
09/23/2002,HGR,MD,AEA,EN,Federal Contract Tower,0,23,18,0,41,0,0,70,2,72,0,23,88,2,113,36,0,36,149
09/24/2002,HGR,MD,AEA,EN,Federal Contract Tower,0,28,14,0,42,0,0,119,2,121,0,28,133,2,163,20,0,20,183
09/25/2002,HGR,MD,AEA,EN,Federal Contract Tower,0,23,14,0,37,0,1,125,2,128,0,24,139,2,165,112,0,112,277
09/26/2002,HGR,MD,AEA,EN,Federal Contract Tower,0,33,23,0,56,0,0,7,0,7,0,33,30,0,63,12,0,12,75
09/27/2002,HGR,MD,AEA,EN,Federal Contract Tower,0,30,20,0,50,0,0,4,0,4,0,30,24,0,54,6,0,6,60
09/28/2002,HGR,MD,AEA,EN,Federal Contract Tower,0,13,12,0,25,0,0,62,18,80,0,13,74,18,105,12,0,12,117
09/29/2002,HGR,MD,AEA,EN,Federal Contract Tower,0,12,10,0,22,0,3,96,12,111,0,15,106,12,133,54,0,54,187
09/30/2002,HGR,MD,AEA,EN,Federal Contract Tower,0,19,19,4,42,0,0,83,5,88,0,19,102,9,130,22,0,22,152
10/01/2002,HGR,MD,AEA,EN,Federal Contract Tower,0,24,19,2,45,0,0,80,2,82,0,24,99,4,127,28,14,42,169
10/02/2002,HGR,MD,AEA,EN,Federal Contract Tower,0,19,13,5,37,0,0,55,1,56,0,19,68,6,93,16,0,16,109
10/03/2002,HGR,MD,AEA,EN,Federal Contract Tower,0,15,26,3,44,0,0,57,2,59,0,15,83,5,103,40,0,40,143
10/04/2002,HGR,MD,AEA,EN,Federal Contract Tower,0,18,30,4,52,0,0,5,0,5,0,18,35,4,57,0,0,0,57
10/05/2002,HGR,MD,AEA,EN,Federal Contract Tower,0,13,7,0,20,0,0,61,2,63,0,13,68,2,83,24,0,24,107
10/06/2002,HGR,MD,AEA,EN,Federal Contract Tower,0,14,8,0,22,0,0,129,6,135,0,14,137,6,157,46,0,46,203
10/07/2002,HGR,MD,AEA,EN,Federal Contract Tower,0,18,17,2,37,0,0,58,5,63,0,18,75,7,100,10,0,10,110
10/08/2002,HGR,MD,AEA,EN,Federal Contract Tower,0,19,7,0,26,0,0,102,6,108,0,19,109,6,134,42,0,42,176
10/09/2002,HGR,MD,AEA,EN,Federal Contract Tower,0,20,14,7,41,0,0,61,0,61,0,20,75,7,102,20,0,20,122
10/10/2002,HGR,MD,AEA,EN,Federal Contract Tower,0,22,25,0,47,0,0,0,0,0,0,22,25,0,47,0,0,0,47
10/11/2002,HGR,MD,AEA,EN,Federal Contract Tower,0,20,22,0,42,0,0,0,0,0,0,20,22,0,42,0,0,0,42
10/12/2002,HGR,MD,AEA,EN,Federal Contract Tower,0,15,21,0,36,0,0,0,0,0,0,15,21,0,36,0,0,0,36
10/13/2002,HGR,MD,AEA,EN,Federal Contract Tower,0,11,21,0,32,0,0,3,0,3,0,11,24,0,35,0,0,0,35
10/14/2002,HGR,MD,AEA,EN,Federal Contract Tower,0,19,18,0,37,0,0,154,0,154,0,19,172,0,191,54,0,54,245
10/15/2002,HGR,MD,AEA,EN,Federal Contract Tower,0,19,17,0,36,0,0,89,4,93,0,19,106,4,129,20,0,20,149
10/16/2002,HGR,MD,AEA,EN,Federal Contract Tower,0,21,13,0,34,0,0,1,0,1,0,21,14,0,35,0,0,0,35
10/17/2002,HGR,MD,AEA,EN,Federal Contract Tower,0,18,16,4,38,0,0,70,1,71,0,18,86,5,109,34,0,34,143
10/18/2002,HGR,MD,AEA,EN,Federal Contract Tower,0,15,16,3,34,0,0,104,5,109,0,15,120,8,143,50,0,50,193
10/19/2002,HGR,MD,AEA,EN,Federal Contract Tower,0,13,7,3,23,0,0,59,3,62,0,13,66,6,85,46,0,46,131
10/20/2002,HGR,MD,AEA,EN,Federal Contract Tower,0,16,15,4,35,0,0,95,0,95,0,16,110,4,130,20,0,20,150
10/21/2002,HGR,MD,AEA,EN,Federal Contract Tower,0,18,14,5,37,0,0,69,2,71,0,18,83,7,108,74,0,74,182
10/22/2002,HGR,MD,AEA,EN,Federal Contract Tower,0,18,14,5,37,0,0,102,9,111,0,18,116,14,148,36,0,36,184
10/23/2002,HGR,MD,AEA,EN,Federal Contract Tower,0,18,9,3,30,0,0,69,7,76,0,18,78,10,106,58,10,68,174
10/24/2002,HGR,MD,AEA,EN,Federal Contract Tower,0,18,21,3,42,0,0,65,0,65,0,18,86,3,107,34,0,34,141
10/25/2002,HGR,MD,AEA,EN,Federal Contract Tower,0,17,20,6,43,0,0,2,0,2,0,17,22,6,45,0,0,0,45
10/26/2002,HGR,MD,AEA,EN,Federal Contract Tower,0,11,8,3,22,0,0,24,20,44,0,11,32,23,66,4,24,28,94
10/27/2002,HGR,MD,AEA,EN,Federal Contract Tower,0,14,8,0,22,0,1,88,5,94,0,15,96,5,116,46,8,54,170
10/28/2002,HGR,MD,AEA,EN,Federal Contract Tower,0,15,19,2,36,0,0,27,0,27,0,15,46,2,63,20,0,20,83
10/29/2002,HGR,MD,AEA,EN,Federal Contract Tower,0,18,14,1,33,0,0,8,0,8,0,18,22,1,41,4,0,4,45
10/30/2002,HGR,MD,AEA,EN,Federal Contract Tower,0,19,11,0,30,0,0,0,0,0,0,19,11,0,30,0,0,0,30
10/31/2002,HGR,MD,AEA,EN,Federal Contract Tower,0,14,11,0,25,0,0,77,0,77,0,14,88,0,102,16,0,16,118
11/01/2002,HGR,MD,AEA,EN,Federal Contract Tower,0,17,21,0,38,0,1,58,0,59,0,18,79,0,97,2,0,2,99
11/02/2002,HGR,MD,AEA,EN,Federal Contract Tower,0,12,13,0,25,0,1,128,0,129,0,13,141,0,154,46,0,46,200
11/03/2002,HGR,MD,AEA,EN,Federal Contract Tower,0,16,11,1,28,0,1,100,3,104,0,17,111,4,132,72,10,82,214
11/04/2002,HGR,MD,AEA,EN,Federal Contract Tower,0,14,14,0,28,0,0,28,5,33,0,14,42,5,61,16,0,16,77
11/05/2002,HGR,MD,AEA,EN,Federal Contract Tower,0,15,14,0,29,0,0,53,0,53,0,15,67,0,82,14,0,14,96
11/06/2002,HGR,MD,AEA,EN,Federal Contract Tower,0,17,19,0,36,0,0,3,0,3,0,17,22,0,39,0,0,0,39
11/07/2002,HGR,MD,AEA,EN,Federal Contract Tower,0,14,15,0,29,0,0,62,9,71,0,14,77,9,100,18,0,18,118
11/08/2002,HGR,MD,AEA,EN,Federal Contract Tower,0,15,31,0,46,0,0,132,2,134,0,15,163,2,180,0,0,0,180
11/09/2002,HGR,MD,AEA,EN,Federal Contract Tower,0,11,14,0,25,0,0,102,4,106,0,11,116,4,131,26,0,26,157
11/10/2002,HGR,MD,AEA,EN,Federal Contract Tower,0,19,7,0,26,0,0,9,4,13,0,19,16,4,39,16,10,26,65
11/11/2002,HGR,MD,AEA,EN,Federal Contract Tower,0,15,12,0,27,0,0,16,4,20,0,15,28,4,47,16,0,16,63
11/12/2002,HGR,MD,AEA,EN,Federal Contract Tower,0,16,20,2,38,0,0,2,0,2,0,16,22,2,40,0,0,0,40
11/13/2002,HGR,MD,AEA,EN,Federal Contract Tower,0,12,12,0,24,0,0,44,0,44,0,12,56,0,68,2,0,2,70
11/14/2002,HGR,MD,AEA,EN,Federal Contract Tower,0,19,10,0,29,0,0,105,15,120,0,19,115,15,149,10,2,12,161
11/15/2002,HGR,MD,AEA,EN,Federal Contract Tower,0,15,15,0,30,0,0,149,8,157,0,15,164,8,187,36,2,38,225
11/16/2002,HGR,MD,AEA,EN,Federal Contract Tower,0,11,6,0,17,0,0,6,0,6,0,11,12,0,23,12,0,12,35
11/17/2002,HGR,MD,AEA,EN,Federal Contract Tower,0,17,4,0,21,0,0,4,0,4,0,17,8,0,25,0,0,0,25
11/18/2002,HGR,MD,AEA,EN,Federal Contract Tower,0,17,16,0,33,0,0,45,0,45,0,17,61,0,78,8,0,8,86
11/19/2002,HGR,MD,AEA,EN,Federal Contract Tower,0,14,27,0,41,0,0,64,2,66,0,14,91,2,107,12,0,12,119
11/20/2002,HGR,MD,AEA,EN,Federal Contract Tower,0,13,17,1,31,0,0,111,9,120,0,13,128,10,151,32,0,32,183
11/21/2002,HGR,MD,AEA,EN,Federal Contract Tower,0,16,21,0,37,0,0,0,0,0,0,16,21,0,37,0,0,0,37
11/22/2002,HGR,MD,AEA,EN,Federal Contract Tower,0,16,19,0,35,0,0,29,1,30,0,16,48,1,65,4,0,4,69
11/23/2002,HGR,MD,AEA,EN,Federal Contract Tower,0,13,3,1,17,0,0,21,1,22,0,13,24,2,39,2,0,2,41
11/24/2002,HGR,MD,AEA,EN,Federal Contract Tower,0,17,6,1,24,0,0,103,8,111,0,17,109,9,135,84,0,84,219
11/25/2002,HGR,MD,AEA,EN,Federal Contract Tower,0,14,14,1,29,0,0,94,5,99,0,14,108,6,128,30,0,30,158
11/26/2002,HGR,MD,AEA,EN,Federal Contract Tower,0,13,15,0,28,0,0,57,1,58,0,13,72,1,86,10,0,10,96
11/27/2002,HGR,MD,AEA,EN,Federal Contract Tower,0,14,12,0,26,0,0,21,0,21,0,14,33,0,47,0,0,0,47
11/28/2002,HGR,MD,AEA,EN,Federal Contract Tower,0,14,6,0,20,0,0,19,0,19,0,14,25,0,39,10,0,10,49
11/29/2002,HGR,MD,AEA,EN,Federal Contract Tower,0,13,1,0,14,0,0,41,2,43,0,13,42,2,57,10,0,10,67
11/30/2002,HGR,MD,AEA,EN,Federal Contract Tower,0,13,6,0,19,0,0,60,0,60,0,13,66,0,79,32,0,32,111
12/01/2002,HGR,MD,AEA,EN,Federal Contract Tower,0,17,13,0,30,0,0,34,0,34,0,17,47,0,64,0,0,0,64
12/02/2002,HGR,MD,AEA,EN,Federal Contract Tower,0,16,18,1,35,0,2,53,0,55,0,18,71,1,90,46,0,46,136
12/03/2002,HGR,MD,AEA,EN,Federal Contract Tower,0,12,3,0,15,0,0,35,2,37,0,12,38,2,52,4,0,4,56
12/04/2002,HGR,MD,AEA,EN,Federal Contract Tower,0,14,10,2,26,0,0,78,0,78,0,14,88,2,104,24,2,26,130
12/05/2002,HGR,MD,AEA,EN,Federal Contract Tower,0,5,1,0,6,0,0,0,0,0,0,5,1,0,6,0,0,0,6
12/06/2002,HGR,MD,AEA,EN,Federal Contract Tower,0,14,13,0,27,0,0,42,0,42,0,14,55,0,69,12,0,12,81
12/07/2002,HGR,MD,AEA,EN,Federal Contract Tower,0,14,5,0,19,0,0,54,1,55,0,14,59,1,74,18,0,18,92
12/08/2002,HGR,MD,AEA,EN,Federal Contract Tower,0,16,5,0,21,0,0,39,3,42,0,16,44,3,63,20,0,20,83
12/09/2002,HGR,MD,AEA,EN,Federal Contract Tower,0,14,6,0,20,0,0,56,0,56,0,14,62,0,76,18,0,18,94
12/10/2002,HGR,MD,AEA,EN,Federal Contract Tower,0,15,15,0,30,0,0,102,10,112,0,15,117,10,142,52,0,52,194
12/11/2002,HGR,MD,AEA,EN,Federal Contract Tower,0,7,1,0,8,0,0,0,0,0,0,7,1,0,8,0,0,0,8
12/12/2002,HGR,MD,AEA,EN,Federal Contract Tower,0,16,14,0,30,0,0,48,1,49,0,16,62,1,79,12,0,12,91
12/13/2002,HGR,MD,AEA,EN,Federal Contract Tower,0,13,12,2,27,0,0,9,0,9,0,13,21,2,36,0,0,0,36
12/14/2002,HGR,MD,AEA,EN,Federal Contract Tower,0,11,7,0,18,0,0,8,0,8,0,11,15,0,26,0,0,0,26
12/15/2002,HGR,MD,AEA,EN,Federal Contract Tower,0,17,6,0,23,0,0,94,7,101,0,17,100,7,124,42,2,44,168
12/16/2002,HGR,MD,AEA,EN,Federal Contract Tower,0,14,22,0,36,0,0,20,3,23,0,14,42,3,59,0,0,0,59
12/17/2002,HGR,MD,AEA,EN,Federal Contract Tower,0,16,16,2,34,0,3,101,0,104,0,19,117,2,138,28,0,28,166
12/18/2002,HGR,MD,AEA,EN,Federal Contract Tower,0,16,9,0,25,0,0,67,0,67,0,16,76,0,92,32,0,32,124
12/19/2002,HGR,MD,AEA,EN,Federal Contract Tower,0,10,9,1,20,0,0,61,3,64,0,10,70,4,84,40,0,40,124
12/20/2002,HGR,MD,AEA,EN,Federal Contract Tower,0,14,8,0,22,0,0,44,4,48,0,14,52,4,70,30,0,30,100
12/21/2002,HGR,MD,AEA,EN,Federal Contract Tower,0,11,13,0,24,0,0,56,2,58,0,11,69,2,82,6,0,6,88
12/22/2002,HGR,MD,AEA,EN,Federal Contract Tower,0,15,5,0,20,0,0,52,0,52,0,15,57,0,72,34,0,34,106
12/23/2002,HGR,MD,AEA,EN,Federal Contract Tower,0,13,7,1,21,0,0,36,3,39,0,13,43,4,60,24,0,24,84
12/24/2002,HGR,MD,AEA,EN,Federal Contract Tower,0,13,3,0,16,0,0,30,2,32,0,13,33,2,48,2,0,2,50
12/25/2002,HGR,MD,AEA,EN,Federal Contract Tower,0,8,0,0,8,0,0,0,0,0,0,8,0,0,8,0,0,0,8
12/26/2002,HGR,MD,AEA,EN,Federal Contract Tower,0,14,11,0,25,0,0,14,0,14,0,14,25,0,39,0,0,0,39
12/27/2002,HGR,MD,AEA,EN,Federal Contract Tower,0,15,17,0,32,0,0,83,9,92,0,15,100,9,124,34,18,52,176
12/28/2002,HGR,MD,AEA,EN,Federal Contract Tower,0,8,10,0,18,0,1,76,0,77,0,9,86,0,95,28,4,32,127
12/29/2002,HGR,MD,AEA,EN,Federal Contract Tower,0,17,5,0,22,0,0,52,0,52,0,17,57,0,74,18,0,18,92
12/30/2002,HGR,MD,AEA,EN,Federal Contract Tower,0,16,5,0,21,0,0,48,0,48,0,16,53,0,69,18,0,18,87
12/31/2002,HGR,MD,AEA,EN,Federal Contract Tower,0,13,2,0,15,0,0,67,0,67,0,13,69,0,82,36,0,36,118
01/01/2003,HGR,MD,AEA,EN,Federal Contract Tower,0,15,1,0,16,0,0,0,0,0,0,15,1,0,16,0,0,0,16
01/02/2003,HGR,MD,AEA,EN,Federal Contract Tower,0,10,1,2,13,0,0,0,0,0,0,10,1,2,13,0,0,0,13
01/03/2003,HGR,MD,AEA,EN,Federal Contract Tower,0,4,1,0,5,0,0,0,0,0,0,4,1,0,5,0,0,0,5
01/04/2003,HGR,MD,AEA,EN,Federal Contract Tower,0,13,4,0,17,0,0,16,4,20,0,13,20,4,37,8,0,8,45
01/05/2003,HGR,MD,AEA,EN,Federal Contract Tower,0,1,0,0,1,0,0,1,0,1,0,1,1,0,2,0,0,0,2
01/06/2003,HGR,MD,AEA,EN,Federal Contract Tower,0,14,3,1,18,0,0,0,0,0,0,14,3,1,18,0,0,0,18
01/07/2003,HGR,MD,AEA,EN,Federal Contract Tower,0,13,9,0,22,0,0,57,7,64,0,13,66,7,86,0,0,0,86
01/08/2003,HGR,MD,AEA,EN,Federal Contract Tower,0,14,5,2,21,0,0,34,2,36,0,14,39,4,57,14,0,14,71
01/09/2003,HGR,MD,AEA,EN,Federal Contract Tower,0,18,13,4,35,0,0,55,7,62,0,18,68,11,97,18,0,18,115
01/10/2003,HGR,MD,AEA,EN,Federal Contract Tower,0,14,12,3,29,0,0,58,1,59,0,14,70,4,88,16,0,16,104
01/11/2003,HGR,MD,AEA,EN,Federal Contract Tower,0,9,10,1,20,0,0,76,19,95,0,9,86,20,115,58,0,58,173
01/12/2003,HGR,MD,AEA,EN,Federal Contract Tower,0,13,4,0,17,0,0,66,2,68,0,13,70,2,85,22,0,22,107
01/13/2003,HGR,MD,AEA,EN,Federal Contract Tower,0,14,7,0,21,0,0,45,4,49,0,14,52,4,70,0,0,0,70
01/14/2003,HGR,MD,AEA,EN,Federal Contract Tower,0,16,8,2,26,0,0,79,4,83,0,16,87,6,109,18,0,18,127
01/15/2003,HGR,MD,AEA,EN,Federal Contract Tower,0,16,15,2,33,0,0,53,22,75,0,16,68,24,108,12,0,12,120
01/16/2003,HGR,MD,AEA,EN,Federal Contract Tower,0,14,5,1,20,0,0,70,1,71,0,14,75,2,91,18,0,18,109
01/17/2003,HGR,MD,AEA,EN,Federal Contract Tower,0,19,9,0,28,0,0,16,0,16,0,19,25,0,44,0,0,0,44
01/18/2003,HGR,MD,AEA,EN,Federal Contract Tower,0,9,5,0,14,0,1,51,10,62,0,10,56,10,76,20,0,20,96
01/19/2003,HGR,MD,AEA,EN,Federal Contract Tower,0,15,8,0,23,0,0,16,7,23,0,15,24,7,46,0,8,8,54
01/20/2003,HGR,MD,AEA,EN,Federal Contract Tower,0,14,15,0,29,0,0,10,1,11,0,14,25,1,40,0,0,0,40
01/21/2003,HGR,MD,AEA,EN,Federal Contract Tower,0,15,13,2,30,0,0,47,4,51,0,15,60,6,81,32,0,32,113
01/22/2003,HGR,MD,AEA,EN,Federal Contract Tower,0,16,16,1,33,0,0,60,12,72,0,16,76,13,105,6,8,14,119
01/23/2003,HGR,MD,AEA,EN,Federal Contract Tower,0,17,14,1,32,0,0,30,2,32,0,17,44,3,64,6,0,6,70
01/24/2003,HGR,MD,AEA,EN,Federal Contract Tower,0,17,25,2,44,0,0,56,1,57,0,17,81,3,101,2,0,2,103
01/25/2003,HGR,MD,AEA,EN,Federal Contract Tower,0,9,4,0,13,0,0,156,2,158,0,9,160,2,171,74,0,74,245
01/26/2003,HGR,MD,AEA,EN,Federal Contract Tower,0,15,5,0,20,0,0,35,3,38,0,15,40,3,58,42,0,42,100
01/27/2003,HGR,MD,AEA,EN,Federal Contract Tower,0,16,7,2,25,0,0,16,5,21,0,16,23,7,46,6,0,6,52
01/28/2003,HGR,MD,AEA,EN,Federal Contract Tower,0,15,8,2,25,0,0,83,0,83,0,15,91,2,108,46,0,46,154
01/29/2003,HGR,MD,AEA,EN,Federal Contract Tower,0,14,3,2,19,0,0,46,0,46,0,14,49,2,65,22,0,22,87
01/30/2003,HGR,MD,AEA,EN,Federal Contract Tower,0,17,9,0,26,0,0,108,3,111,0,17,117,3,137,66,0,66,203
01/31/2003,HGR,MD,AEA,EN,Federal Contract Tower,0,10,4,1,15,0,0,0,0,0,0,10,4,1,15,0,0,0,15
02/01/2003,HGR,MD,AEA,EN,Federal Contract Tower,0,8,7,0,15,0,0,0,0,0,0,8,7,0,15,0,0,0,15
02/02/2003,HGR,MD,AEA,EN,Federal Contract Tower,0,11,10,0,21,0,0,113,4,117,0,11,123,4,138,46,0,46,184
02/03/2003,HGR,MD,AEA,EN,Federal Contract Tower,0,12,6,1,19,0,0,109,5,114,0,12,115,6,133,46,0,46,179
02/04/2003,HGR,MD,AEA,EN,Federal Contract Tower,0,14,13,0,27,0,0,8,0,8,0,14,21,0,35,0,0,0,35
02/05/2003,HGR,MD,AEA,EN,Federal Contract Tower,0,14,12,0,26,0,0,70,4,74,0,14,82,4,100,26,0,26,126
02/06/2003,HGR,MD,AEA,EN,Federal Contract Tower,0,15,10,2,27,0,0,64,2,66,0,15,74,4,93,96,0,96,189
02/07/2003,HGR,MD,AEA,EN,Federal Contract Tower,0,19,6,3,28,0,0,12,0,12,0,19,18,3,40,2,0,2,42
02/08/2003,HGR,MD,AEA,EN,Federal Contract Tower,0,10,6,2,18,0,0,121,10,131,0,10,127,12,149,46,0,46,195
02/09/2003,HGR,MD,AEA,EN,Federal Contract Tower,0,10,5,5,20,0,0,88,8,96,0,10,93,13,116,78,0,78,194
02/10/2003,HGR,MD,AEA,EN,Federal Contract Tower,0,14,5,0,19,0,2,10,0,12,0,16,15,0,31,0,0,0,31
02/11/2003,HGR,MD,AEA,EN,Federal Contract Tower,0,10,17,1,28,0,0,50,4,54,0,10,67,5,82,16,0,16,98
02/12/2003,HGR,MD,AEA,EN,Federal Contract Tower,0,14,8,0,22,0,0,42,0,42,0,14,50,0,64,8,0,8,72
02/13/2003,HGR,MD,AEA,EN,Federal Contract Tower,0,15,17,1,33,0,0,41,0,41,0,15,58,1,74,24,0,24,98
02/14/2003,HGR,MD,AEA,EN,Federal Contract Tower,0,14,8,0,22,0,0,87,0,87,0,14,95,0,109,32,0,32,141
02/15/2003,HGR,MD,AEA,EN,Federal Contract Tower,0,6,1,0,7,0,0,4,2,6,0,6,5,2,13,0,0,0,13
02/16/2003,HGR,MD,AEA,EN,Federal Contract Tower,0,0,0,0,0,0,0,0,0,0,0,0,0,0,0,0,0,0,0
02/17/2003,HGR,MD,AEA,EN,Federal Contract Tower,0,3,0,0,3,0,0,0,0,0,0,3,0,0,3,0,0,0,3
02/18/2003,HGR,MD,AEA,EN,Federal Contract Tower,0,7,7,0,14,0,0,11,0,11,0,7,18,0,25,0,0,0,25
02/19/2003,HGR,MD,AEA,EN,Federal Contract Tower,0,13,9,0,22,0,0,56,0,56,0,13,65,0,78,30,0,30,108
02/20/2003,HGR,MD,AEA,EN,Federal Contract Tower,0,14,12,0,26,0,0,75,4,79,0,14,87,4,105,76,0,76,181
02/21/2003,HGR,MD,AEA,EN,Federal Contract Tower,0,14,13,0,27,0,0,55,0,55,0,14,68,0,82,4,0,4,86
02/22/2003,HGR,MD,AEA,EN,Federal Contract Tower,0,5,1,0,6,0,0,0,0,0,0,5,1,0,6,0,0,0,6
02/23/2003,HGR,MD,AEA,EN,Federal Contract Tower,0,14,5,0,19,0,0,8,0,8,0,14,13,0,27,0,0,0,27
02/24/2003,HGR,MD,AEA,EN,Federal Contract Tower,0,14,8,0,22,0,0,57,2,59,0,14,65,2,81,22,0,22,103
02/25/2003,HGR,MD,AEA,EN,Federal Contract Tower,0,14,19,0,33,0,0,102,4,106,0,14,121,4,139,50,0,50,189
02/26/2003,HGR,MD,AEA,EN,Federal Contract Tower,0,15,10,1,26,0,0,3,0,3,0,15,13,1,29,0,0,0,29
02/27/2003,HGR,MD,AEA,EN,Federal Contract Tower,0,12,9,0,21,0,0,0,0,0,0,12,9,0,21,0,0,0,21
02/28/2003,HGR,MD,AEA,EN,Federal Contract Tower,0,10,11,0,21,0,0,6,0,6,0,10,17,0,27,6,0,6,33
03/01/2003,HGR,MD,AEA,EN,Federal Contract Tower,0,9,4,3,16,0,0,4,1,5,0,9,8,4,21,0,0,0,21
03/02/2003,HGR,MD,AEA,EN,Federal Contract Tower,0,13,4,0,17,0,0,16,0,16,0,13,20,0,33,6,0,6,39
03/03/2003,HGR,MD,AEA,EN,Federal Contract Tower,0,12,10,1,23,0,0,71,0,71,0,12,81,1,94,34,0,34,128
03/04/2003,HGR,MD,AEA,EN,Federal Contract Tower,0,12,13,1,26,0,0,114,3,117,0,12,127,4,143,96,2,98,241
03/05/2003,HGR,MD,AEA,EN,Federal Contract Tower,0,14,14,1,29,0,0,96,0,96,0,14,110,1,125,48,0,48,173
03/06/2003,HGR,MD,AEA,EN,Federal Contract Tower,0,9,11,0,20,0,2,5,1,8,0,11,16,1,28,0,0,0,28
03/07/2003,HGR,MD,AEA,EN,Federal Contract Tower,0,14,16,1,31,0,0,98,4,102,0,14,114,5,133,76,0,76,209
03/08/2003,HGR,MD,AEA,EN,Federal Contract Tower,0,11,10,0,21,0,0,161,5,166,0,11,171,5,187,96,6,102,289
03/09/2003,HGR,MD,AEA,EN,Federal Contract Tower,0,13,12,0,25,0,0,68,0,68,0,13,80,0,93,20,0,20,113
03/10/2003,HGR,MD,AEA,EN,Federal Contract Tower,0,18,13,0,31,0,0,62,3,65,0,18,75,3,96,0,2,2,98
03/11/2003,HGR,MD,AEA,EN,Federal Contract Tower,0,7,26,2,35,0,0,54,3,57,0,7,80,5,92,40,0,40,132
03/12/2003,HGR,MD,AEA,EN,Federal Contract Tower,0,16,35,3,54,0,0,110,0,110,0,16,145,3,164,68,0,68,232
03/13/2003,HGR,MD,AEA,EN,Federal Contract Tower,0,14,15,0,29,0,0,39,6,45,0,14,54,6,74,44,0,44,118
03/14/2003,HGR,MD,AEA,EN,Federal Contract Tower,0,14,21,0,35,0,0,100,5,105,0,14,121,5,140,22,0,22,162
03/15/2003,HGR,MD,AEA,EN,Federal Contract Tower,0,10,14,0,24,0,0,203,6,209,0,10,217,6,233,90,0,90,323
03/16/2003,HGR,MD,AEA,EN,Federal Contract Tower,0,13,6,2,21,0,0,107,0,107,0,13,113,2,128,72,0,72,200
03/17/2003,HGR,MD,AEA,EN,Federal Contract Tower,0,15,18,1,34,0,1,44,6,51,0,16,62,7,85,36,4,40,125
03/18/2003,HGR,MD,AEA,EN,Federal Contract Tower,0,14,19,0,33,0,0,47,0,47,0,14,66,0,80,6,0,6,86
03/19/2003,HGR,MD,AEA,EN,Federal Contract Tower,0,15,22,2,39,0,0,57,4,61,0,15,79,6,100,114,4,118,218
03/20/2003,HGR,MD,AEA,EN,Federal Contract Tower,0,16,11,0,27,0,0,0,0,0,0,16,11,0,27,0,0,0,27
03/21/2003,HGR,MD,AEA,EN,Federal Contract Tower,0,12,17,2,31,0,0,11,4,15,0,12,28,6,46,0,0,0,46
03/22/2003,HGR,MD,AEA,EN,Federal Contract Tower,0,10,23,2,35,0,0,97,0,97,0,10,120,2,132,18,0,18,150
03/23/2003,HGR,MD,AEA,EN,Federal Contract Tower,0,13,12,0,25,0,0,115,7,122,0,13,127,7,147,80,4,84,231
03/24/2003,HGR,MD,AEA,EN,Federal Contract Tower,0,10,14,1,25,0,0,118,2,120,0,10,132,3,145,58,2,60,205
03/25/2003,HGR,MD,AEA,EN,Federal Contract Tower,0,14,19,2,35,0,0,122,11,133,0,14,141,13,168,76,0,76,244
03/26/2003,HGR,MD,AEA,EN,Federal Contract Tower,0,15,14,0,29,0,0,39,0,39,0,15,53,0,68,14,0,14,82
03/27/2003,HGR,MD,AEA,EN,Federal Contract Tower,0,14,25,1,40,0,0,112,2,114,0,14,137,3,154,38,0,38,192
03/28/2003,HGR,MD,AEA,EN,Federal Contract Tower,0,15,18,0,33,0,0,53,0,53,0,15,71,0,86,42,0,42,128
03/29/2003,HGR,MD,AEA,EN,Federal Contract Tower,0,4,4,0,8,0,0,4,0,4,0,4,8,0,12,0,0,0,12
03/30/2003,HGR,MD,AEA,EN,Federal Contract Tower,0,12,6,0,18,0,0,0,0,0,0,12,6,0,18,0,0,0,18
03/31/2003,HGR,MD,AEA,EN,Federal Contract Tower,0,16,18,5,39,0,0,46,7,53,0,16,64,12,92,4,0,4,96
04/01/2003,HGR,MD,AEA,EN,Federal Contract Tower,0,14,18,5,37,0,0,52,5,57,0,14,70,10,94,16,0,16,110
04/02/2003,HGR,MD,AEA,EN,Federal Contract Tower,0,17,21,5,43,0,0,100,6,106,0,17,121,11,149,40,0,40,189
04/03/2003,HGR,MD,AEA,EN,Federal Contract Tower,0,19,24,4,47,0,0,116,11,127,0,19,140,15,174,84,8,92,266
04/04/2003,HGR,MD,AEA,EN,Federal Contract Tower,0,19,23,0,42,0,0,13,5,18,0,19,36,5,60,0,0,0,60
04/05/2003,HGR,MD,AEA,EN,Federal Contract Tower,0,10,6,0,16,0,0,5,2,7,0,10,11,2,23,10,0,10,33
04/06/2003,HGR,MD,AEA,EN,Federal Contract Tower,0,11,14,2,27,0,0,94,6,100,0,11,108,8,127,62,10,72,199
04/07/2003,HGR,MD,AEA,EN,Federal Contract Tower,0,14,11,1,26,0,0,0,0,0,0,14,11,1,26,0,0,0,26
04/08/2003,HGR,MD,AEA,EN,Federal Contract Tower,0,20,25,0,45,0,0,0,0,0,0,20,25,0,45,0,0,0,45
04/09/2003,HGR,MD,AEA,EN,Federal Contract Tower,0,17,15,0,32,0,0,0,0,0,0,17,15,0,32,0,0,0,32
04/10/2003,HGR,MD,AEA,EN,Federal Contract Tower,0,18,17,2,37,0,0,40,0,40,0,18,57,2,77,36,0,36,113
04/11/2003,HGR,MD,AEA,EN,Federal Contract Tower,0,20,18,0,38,0,0,0,0,0,0,20,18,0,38,0,0,0,38
04/12/2003,HGR,MD,AEA,EN,Federal Contract Tower,0,12,17,0,29,0,0,111,7,118,0,12,128,7,147,76,0,76,223
04/13/2003,HGR,MD,AEA,EN,Federal Contract Tower,0,12,22,4,38,0,0,178,14,192,0,12,200,18,230,90,0,90,320
04/14/2003,HGR,MD,AEA,EN,Federal Contract Tower,0,17,23,0,40,0,0,116,6,122,0,17,139,6,162,8,0,8,170
04/15/2003,HGR,MD,AEA,EN,Federal Contract Tower,0,16,16,2,34,0,0,92,7,99,0,16,108,9,133,48,0,48,181
04/16/2003,HGR,MD,AEA,EN,Federal Contract Tower,0,16,16,0,32,0,0,132,3,135,0,16,148,3,167,62,6,68,235
04/17/2003,HGR,MD,AEA,EN,Federal Contract Tower,0,12,19,2,33,0,0,24,0,24,0,12,43,2,57,10,0,10,67
04/18/2003,HGR,MD,AEA,EN,Federal Contract Tower,0,10,17,0,27,0,0,0,0,0,0,10,17,0,27,0,0,0,27
04/19/2003,HGR,MD,AEA,EN,Federal Contract Tower,0,10,33,0,43,0,0,34,0,34,0,10,67,0,77,98,0,98,175
04/20/2003,HGR,MD,AEA,EN,Federal Contract Tower,0,11,10,0,21,0,0,64,5,69,0,11,74,5,90,28,6,34,124
04/21/2003,HGR,MD,AEA,EN,Federal Contract Tower,0,14,18,0,32,0,0,32,0,32,0,14,50,0,64,40,0,40,104
04/22/2003,HGR,MD,AEA,EN,Federal Contract Tower,0,16,14,1,31,0,0,44,0,44,0,16,58,1,75,32,0,32,107
04/23/2003,HGR,MD,AEA,EN,Federal Contract Tower,0,17,11,0,28,0,0,56,0,56,0,17,67,0,84,18,0,18,102
04/24/2003,HGR,MD,AEA,EN,Federal Contract Tower,0,16,11,2,29,0,0,153,1,154,0,16,164,3,183,72,0,72,255
04/25/2003,HGR,MD,AEA,EN,Federal Contract Tower,0,16,23,1,40,0,0,97,1,98,0,16,120,2,138,66,0,66,204
04/26/2003,HGR,MD,AEA,EN,Federal Contract Tower,0,12,10,0,22,0,0,8,0,8,0,12,18,0,30,0,0,0,30
04/27/2003,HGR,MD,AEA,EN,Federal Contract Tower,0,11,18,5,34,0,0,132,4,136,0,11,150,9,170,88,0,88,258
04/28/2003,HGR,MD,AEA,EN,Federal Contract Tower,0,16,15,0,31,0,0,106,4,110,0,16,121,4,141,56,0,56,197
04/29/2003,HGR,MD,AEA,EN,Federal Contract Tower,0,17,16,0,33,0,0,78,0,78,0,17,94,0,111,100,0,100,211
04/30/2003,HGR,MD,AEA,EN,Federal Contract Tower,0,17,11,0,28,0,0,100,0,100,0,17,111,0,128,134,0,134,262
05/01/2003,HGR,MD,AEA,EN,Federal Contract Tower,0,10,13,2,25,0,0,69,2,71,0,10,82,4,96,56,0,56,152
05/02/2003,HGR,MD,AEA,EN,Federal Contract Tower,0,20,16,1,37,0,0,52,0,52,0,20,68,1,89,32,0,32,121
05/03/2003,HGR,MD,AEA,EN,Federal Contract Tower,0,12,16,0,28,0,0,146,3,149,0,12,162,3,177,84,0,84,261
05/04/2003,HGR,MD,AEA,EN,Federal Contract Tower,0,11,19,0,30,0,0,86,1,87,0,11,105,1,117,44,0,44,161
05/05/2003,HGR,MD,AEA,EN,Federal Contract Tower,0,18,20,0,38,0,0,6,0,6,0,18,26,0,44,0,0,0,44
05/06/2003,HGR,MD,AEA,EN,Federal Contract Tower,0,18,21,0,39,0,0,13,0,13,0,18,34,0,52,6,0,6,58
05/07/2003,HGR,MD,AEA,EN,Federal Contract Tower,0,9,10,0,19,0,0,31,0,31,0,9,41,0,50,12,0,12,62
05/08/2003,HGR,MD,AEA,EN,Federal Contract Tower,0,12,26,0,38,0,0,44,0,44,0,12,70,0,82,16,0,16,98
05/09/2003,HGR,MD,AEA,EN,Federal Contract Tower,0,11,20,0,31,0,0,0,0,0,0,11,20,0,31,0,0,0,31
05/10/2003,HGR,MD,AEA,EN,Federal Contract Tower,0,9,3,0,12,0,0,9,0,9,0,9,12,0,21,0,0,0,21
05/11/2003,HGR,MD,AEA,EN,Federal Contract Tower,0,5,7,0,12,0,0,10,0,10,0,5,17,0,22,4,0,4,26
05/12/2003,HGR,MD,AEA,EN,Federal Contract Tower,0,16,20,0,36,0,0,25,8,33,0,16,45,8,69,10,0,10,79
05/13/2003,HGR,MD,AEA,EN,Federal Contract Tower,0,20,17,0,37,0,0,39,4,43,0,20,56,4,80,18,0,18,98
05/14/2003,HGR,MD,AEA,EN,Federal Contract Tower,0,18,21,1,40,0,0,184,12,196,0,18,205,13,236,100,4,104,340
05/15/2003,HGR,MD,AEA,EN,Federal Contract Tower,0,18,17,0,35,0,0,52,10,62,0,18,69,10,97,22,0,22,119
05/16/2003,HGR,MD,AEA,EN,Federal Contract Tower,0,10,12,0,22,0,0,5,0,5,0,10,17,0,27,10,0,10,37
05/17/2003,HGR,MD,AEA,EN,Federal Contract Tower,0,11,22,0,33,0,0,8,0,8,0,11,30,0,41,12,0,12,53
05/18/2003,HGR,MD,AEA,EN,Federal Contract Tower,0,11,23,0,34,0,0,7,0,7,0,11,30,0,41,42,0,42,83
05/19/2003,HGR,MD,AEA,EN,Federal Contract Tower,0,18,16,0,34,0,0,134,5,139,0,18,150,5,173,108,0,108,281
05/20/2003,HGR,MD,AEA,EN,Federal Contract Tower,0,9,27,0,36,0,0,130,3,133,0,9,157,3,169,144,0,144,313
05/21/2003,HGR,MD,AEA,EN,Federal Contract Tower,0,19,26,2,47,0,0,20,5,25,0,19,46,7,72,18,0,18,90
05/22/2003,HGR,MD,AEA,EN,Federal Contract Tower,0,18,34,2,54,0,0,17,0,17,0,18,51,2,71,30,0,30,101
05/23/2003,HGR,MD,AEA,EN,Federal Contract Tower,0,14,18,0,32,0,0,0,0,0,0,14,18,0,32,0,0,0,32
05/24/2003,HGR,MD,AEA,EN,Federal Contract Tower,0,12,10,2,24,0,0,13,0,13,0,12,23,2,37,36,0,36,73
05/25/2003,HGR,MD,AEA,EN,Federal Contract Tower,0,12,14,0,26,0,0,62,0,62,0,12,76,0,88,66,0,66,154
05/26/2003,HGR,MD,AEA,EN,Federal Contract Tower,0,13,17,0,30,0,0,35,2,37,0,13,52,2,67,72,0,72,139
05/27/2003,HGR,MD,AEA,EN,Federal Contract Tower,0,16,27,0,43,0,0,21,0,21,0,16,48,0,64,26,0,26,90
05/28/2003,HGR,MD,AEA,EN,Federal Contract Tower,0,16,14,1,31,0,0,50,0,50,0,16,64,1,81,54,0,54,135
05/29/2003,HGR,MD,AEA,EN,Federal Contract Tower,0,13,17,0,30,0,0,73,0,73,0,13,90,0,103,86,0,86,189
05/30/2003,HGR,MD,AEA,EN,Federal Contract Tower,0,20,22,0,42,0,19,164,0,183,0,39,186,0,225,90,0,90,315
05/31/2003,HGR,MD,AEA,EN,Federal Contract Tower,0,11,9,0,20,0,0,21,0,21,0,11,30,0,41,72,0,72,113
06/01/2003,HGR,MD,AEA,EN,Federal Contract Tower,0,5,6,0,11,0,0,23,0,23,0,5,29,0,34,0,0,0,34
06/02/2003,HGR,MD,AEA,EN,Federal Contract Tower,0,19,20,0,39,0,0,162,2,164,0,19,182,2,203,126,2,128,331
06/03/2003,HGR,MD,AEA,EN,Federal Contract Tower,0,17,24,0,41,0,0,25,0,25,0,17,49,0,66,48,0,48,114
06/04/2003,HGR,MD,AEA,EN,Federal Contract Tower,0,20,26,0,46,0,0,1,0,1,0,20,27,0,47,0,0,0,47
06/05/2003,HGR,MD,AEA,EN,Federal Contract Tower,0,22,23,2,47,0,11,87,3,101,0,33,110,5,148,34,0,34,182
06/06/2003,HGR,MD,AEA,EN,Federal Contract Tower,0,11,19,0,30,0,0,190,2,192,0,11,209,2,222,122,0,122,344
06/07/2003,HGR,MD,AEA,EN,Federal Contract Tower,0,14,6,0,20,0,0,0,0,0,0,14,6,0,20,0,0,0,20
06/08/2003,HGR,MD,AEA,EN,Federal Contract Tower,0,10,19,2,31,0,0,41,2,43,0,10,60,4,74,96,0,96,170
06/09/2003,HGR,MD,AEA,EN,Federal Contract Tower,0,18,13,0,31,0,0,89,4,93,0,18,102,4,124,42,0,42,166
06/10/2003,HGR,MD,AEA,EN,Federal Contract Tower,0,16,25,0,41,0,0,170,2,172,0,16,195,2,213,78,0,78,291
06/11/2003,HGR,MD,AEA,EN,Federal Contract Tower,0,22,20,0,42,0,0,79,0,79,0,22,99,0,121,44,0,44,165
06/12/2003,HGR,MD,AEA,EN,Federal Contract Tower,0,17,15,0,32,0,0,88,0,88,0,17,103,0,120,78,0,78,198
06/13/2003,HGR,MD,AEA,EN,Federal Contract Tower,0,14,19,0,33,0,0,46,0,46,0,14,65,0,79,70,0,70,149
06/14/2003,HGR,MD,AEA,EN,Federal Contract Tower,0,6,16,0,22,0,0,57,0,57,0,6,73,0,79,60,0,60,139
06/15/2003,HGR,MD,AEA,EN,Federal Contract Tower,0,9,15,1,25,0,0,152,3,155,0,9,167,4,180,110,0,110,290
06/16/2003,HGR,MD,AEA,EN,Federal Contract Tower,0,20,20,1,41,0,2,89,4,95,0,22,109,5,136,42,0,42,178
06/17/2003,HGR,MD,AEA,EN,Federal Contract Tower,0,21,39,1,61,0,0,20,2,22,0,21,59,3,83,32,0,32,115
06/18/2003,HGR,MD,AEA,EN,Federal Contract Tower,0,18,22,2,42,0,0,74,0,74,0,18,96,2,116,28,6,34,150
06/19/2003,HGR,MD,AEA,EN,Federal Contract Tower,0,12,15,1,28,0,0,18,0,18,0,12,33,1,46,8,0,8,54
06/20/2003,HGR,MD,AEA,EN,Federal Contract Tower,0,10,20,4,34,0,0,13,0,13,0,10,33,4,47,6,0,6,53
06/21/2003,HGR,MD,AEA,EN,Federal Contract Tower,0,12,7,0,19,0,0,39,0,39,0,12,46,0,58,68,0,68,126
06/22/2003,HGR,MD,AEA,EN,Federal Contract Tower,0,11,23,0,34,0,0,122,3,125,0,11,145,3,159,114,0,114,273
06/23/2003,HGR,MD,AEA,EN,Federal Contract Tower,0,10,18,3,31,0,0,155,4,159,0,10,173,7,190,34,0,34,224
06/24/2003,HGR,MD,AEA,EN,Federal Contract Tower,0,13,23,0,36,0,0,117,4,121,0,13,140,4,157,96,0,96,253
06/25/2003,HGR,MD,AEA,EN,Federal Contract Tower,0,15,27,0,42,0,0,127,2,129,0,15,154,2,171,142,0,142,313
06/26/2003,HGR,MD,AEA,EN,Federal Contract Tower,0,16,35,0,51,0,0,81,4,85,0,16,116,4,136,60,0,60,196
06/27/2003,HGR,MD,AEA,EN,Federal Contract Tower,0,18,30,0,48,0,0,72,0,72,0,18,102,0,120,30,0,30,150
06/28/2003,HGR,MD,AEA,EN,Federal Contract Tower,0,14,8,0,22,0,0,140,0,140,0,14,148,0,162,70,0,70,232
06/29/2003,HGR,MD,AEA,EN,Federal Contract Tower,0,11,13,0,24,0,0,111,4,115,0,11,124,4,139,100,4,104,243
06/30/2003,HGR,MD,AEA,EN,Federal Contract Tower,0,12,15,2,29,0,0,80,0,80,0,12,95,2,109,74,0,74,183
07/01/2003,HGR,MD,AEA,EN,Federal Contract Tower,0,6,27,2,35,0,0,153,4,157,0,6,180,6,192,70,0,70,262
07/02/2003,HGR,MD,AEA,EN,Federal Contract Tower,0,6,22,1,29,0,0,59,0,59,0,6,81,1,88,100,0,100,188
07/03/2003,HGR,MD,AEA,EN,Federal Contract Tower,0,6,31,1,38,0,0,53,0,53,0,6,84,1,91,46,0,46,137
07/04/2003,HGR,MD,AEA,EN,Federal Contract Tower,0,5,11,0,16,0,0,58,8,66,0,5,69,8,82,44,0,44,126
07/05/2003,HGR,MD,AEA,EN,Federal Contract Tower,0,4,11,0,15,0,0,91,26,117,0,4,102,26,132,88,40,128,260
07/06/2003,HGR,MD,AEA,EN,Federal Contract Tower,0,3,13,0,16,0,0,89,28,117,0,3,102,28,133,64,74,138,271
07/07/2003,HGR,MD,AEA,EN,Federal Contract Tower,0,6,19,0,25,0,0,89,33,122,0,6,108,33,147,106,124,230,377
07/08/2003,HGR,MD,AEA,EN,Federal Contract Tower,0,6,16,2,24,0,0,54,41,95,0,6,70,43,119,52,278,330,449
07/09/2003,HGR,MD,AEA,EN,Federal Contract Tower,0,6,17,0,23,0,0,47,75,122,0,6,64,75,145,38,142,180,325
07/10/2003,HGR,MD,AEA,EN,Federal Contract Tower,0,8,15,0,23,0,0,0,12,12,0,8,15,12,35,0,18,18,53
07/11/2003,HGR,MD,AEA,EN,Federal Contract Tower,0,6,35,2,43,0,0,80,27,107,0,6,115,29,150,52,64,116,266
07/12/2003,HGR,MD,AEA,EN,Federal Contract Tower,0,4,22,3,29,0,0,338,20,358,0,4,360,23,387,40,0,40,427
07/13/2003,HGR,MD,AEA,EN,Federal Contract Tower,0,3,15,0,18,0,0,304,0,304,0,3,319,0,322,40,0,40,362
07/14/2003,HGR,MD,AEA,EN,Federal Contract Tower,0,6,16,2,24,0,0,87,2,89,0,6,103,4,113,52,0,52,165
07/15/2003,HGR,MD,AEA,EN,Federal Contract Tower,0,6,32,0,38,0,0,74,0,74,0,6,106,0,112,54,0,54,166
07/16/2003,HGR,MD,AEA,EN,Federal Contract Tower,0,10,18,0,28,0,0,111,0,111,0,10,129,0,139,82,0,82,221
07/17/2003,HGR,MD,AEA,EN,Federal Contract Tower,0,6,27,3,36,0,0,162,22,184,0,6,189,25,220,118,0,118,338
07/18/2003,HGR,MD,AEA,EN,Federal Contract Tower,0,8,16,0,24,0,1,132,0,133,0,9,148,0,157,86,0,86,243
07/19/2003,HGR,MD,AEA,EN,Federal Contract Tower,0,5,9,0,14,0,0,143,1,144,0,5,152,1,158,84,0,84,242
07/20/2003,HGR,MD,AEA,EN,Federal Contract Tower,0,3,15,0,18,0,0,166,5,171,0,3,181,5,189,98,0,98,287
07/21/2003,HGR,MD,AEA,EN,Federal Contract Tower,0,2,9,0,11,0,4,41,1,46,0,6,50,1,57,30,0,30,87
07/22/2003,HGR,MD,AEA,EN,Federal Contract Tower,0,8,13,0,21,0,0,47,0,47,0,8,60,0,68,76,0,76,144
07/23/2003,HGR,MD,AEA,EN,Federal Contract Tower,0,10,25,1,36,0,1,29,0,30,0,11,54,1,66,6,0,6,72
07/24/2003,HGR,MD,AEA,EN,Federal Contract Tower,0,6,30,0,36,0,0,89,2,91,0,6,119,2,127,76,0,76,203
07/25/2003,HGR,MD,AEA,EN,Federal Contract Tower,0,7,35,0,42,0,1,127,0,128,0,8,162,0,170,90,0,90,260
07/26/2003,HGR,MD,AEA,EN,Federal Contract Tower,0,4,21,0,25,0,0,107,7,114,0,4,128,7,139,52,8,60,199
07/27/2003,HGR,MD,AEA,EN,Federal Contract Tower,0,5,18,0,23,0,0,69,4,73,0,5,87,4,96,16,0,16,112
07/28/2003,HGR,MD,AEA,EN,Federal Contract Tower,0,6,23,2,31,0,0,41,3,44,0,6,64,5,75,2,0,2,77
07/29/2003,HGR,MD,AEA,EN,Federal Contract Tower,0,6,12,0,18,0,0,99,4,103,0,6,111,4,121,92,10,102,223
07/30/2003,HGR,MD,AEA,EN,Federal Contract Tower,0,5,20,0,25,0,0,129,11,140,0,5,149,11,165,54,0,54,219
07/31/2003,HGR,MD,AEA,EN,Federal Contract Tower,0,7,39,5,51,0,0,27,0,27,0,7,66,5,78,12,0,12,90
08/01/2003,HGR,MD,AEA,EN,Federal Contract Tower,0,7,24,4,35,0,0,13,0,13,0,7,37,4,48,10,0,10,58
08/02/2003,HGR,MD,AEA,EN,Federal Contract Tower,0,4,27,1,32,0,0,36,10,46,0,4,63,11,78,66,10,76,154
08/03/2003,HGR,MD,AEA,EN,Federal Contract Tower,0,3,21,0,24,0,0,21,1,22,0,3,42,1,46,30,0,30,76
08/04/2003,HGR,MD,AEA,EN,Federal Contract Tower,0,8,28,2,38,0,0,32,0,32,0,8,60,2,70,36,0,36,106
08/05/2003,HGR,MD,AEA,EN,Federal Contract Tower,0,6,30,2,38,0,0,91,0,91,0,6,121,2,129,66,0,66,195
08/06/2003,HGR,MD,AEA,EN,Federal Contract Tower,0,8,21,0,29,0,0,84,0,84,0,8,105,0,113,28,0,28,141
08/07/2003,HGR,MD,AEA,EN,Federal Contract Tower,0,7,27,2,36,0,0,50,0,50,0,7,77,2,86,24,0,24,110
08/08/2003,HGR,MD,AEA,EN,Federal Contract Tower,0,9,24,1,34,0,0,41,4,45,0,9,65,5,79,38,18,56,135
08/09/2003,HGR,MD,AEA,EN,Federal Contract Tower,0,4,27,0,31,0,0,19,0,19,0,4,46,0,50,38,0,38,88
08/10/2003,HGR,MD,AEA,EN,Federal Contract Tower,0,3,18,0,21,0,0,42,0,42,0,3,60,0,63,40,0,40,103
08/11/2003,HGR,MD,AEA,EN,Federal Contract Tower,0,4,32,4,40,0,0,30,2,32,0,4,62,6,72,34,0,34,106
08/12/2003,HGR,MD,AEA,EN,Federal Contract Tower,0,8,23,2,33,0,0,77,0,77,0,8,100,2,110,108,0,108,218
08/13/2003,HGR,MD,AEA,EN,Federal Contract Tower,0,6,23,2,31,0,0,63,8,71,0,6,86,10,102,58,6,64,166
08/14/2003,HGR,MD,AEA,EN,Federal Contract Tower,0,7,30,0,37,0,0,54,1,55,0,7,84,1,92,56,16,72,164
08/15/2003,HGR,MD,AEA,EN,Federal Contract Tower,0,6,25,1,32,0,0,102,3,105,0,6,127,4,137,28,6,34,171
08/16/2003,HGR,MD,AEA,EN,Federal Contract Tower,0,5,16,0,21,0,0,44,0,44,0,5,60,0,65,56,0,56,121
08/17/2003,HGR,MD,AEA,EN,Federal Contract Tower,0,6,12,0,18,0,0,83,0,83,0,6,95,0,101,104,0,104,205
08/18/2003,HGR,MD,AEA,EN,Federal Contract Tower,0,4,25,1,30,0,0,101,0,101,0,4,126,1,131,86,0,86,217
08/19/2003,HGR,MD,AEA,EN,Federal Contract Tower,0,4,23,0,27,0,0,122,2,124,0,4,145,2,151,72,0,72,223
08/20/2003,HGR,MD,AEA,EN,Federal Contract Tower,0,4,21,0,25,0,0,84,0,84,0,4,105,0,109,18,0,18,127
08/21/2003,HGR,MD,AEA,EN,Federal Contract Tower,0,8,25,2,35,0,1,91,8,100,0,9,116,10,135,100,14,114,249
08/22/2003,HGR,MD,AEA,EN,Federal Contract Tower,0,8,23,0,31,0,0,22,0,22,0,8,45,0,53,36,0,36,89
08/23/2003,HGR,MD,AEA,EN,Federal Contract Tower,0,4,15,0,19,0,0,141,0,141,0,4,156,0,160,162,0,162,322
08/24/2003,HGR,MD,AEA,EN,Federal Contract Tower,0,2,9,0,11,0,0,170,2,172,0,2,179,2,183,190,0,190,373
08/25/2003,HGR,MD,AEA,EN,Federal Contract Tower,0,4,23,2,29,0,0,142,0,142,0,4,165,2,171,116,0,116,287
08/26/2003,HGR,MD,AEA,EN,Federal Contract Tower,0,2,15,0,17,0,0,44,5,49,0,2,59,5,66,44,12,56,122
08/27/2003,HGR,MD,AEA,EN,Federal Contract Tower,0,5,14,0,19,0,0,46,5,51,0,5,60,5,70,30,0,30,100
08/28/2003,HGR,MD,AEA,EN,Federal Contract Tower,0,4,33,1,38,0,0,129,15,144,0,4,162,16,182,36,18,54,236
08/29/2003,HGR,MD,AEA,EN,Federal Contract Tower,0,4,21,1,26,0,0,50,0,50,0,4,71,1,76,52,0,52,128
08/30/2003,HGR,MD,AEA,EN,Federal Contract Tower,0,3,10,1,14,0,0,35,9,44,0,3,45,10,58,54,10,64,122
08/31/2003,HGR,MD,AEA,EN,Federal Contract Tower,0,2,8,2,12,0,0,91,0,91,0,2,99,2,103,86,0,86,189
09/01/2003,HGR,MD,AEA,EN,Federal Contract Tower,0,4,11,0,15,0,0,15,0,15,0,4,26,0,30,38,0,38,68
09/02/2003,HGR,MD,AEA,EN,Federal Contract Tower,0,3,29,1,33,0,0,32,1,33,0,3,61,2,66,6,0,6,72
09/03/2003,HGR,MD,AEA,EN,Federal Contract Tower,0,3,13,1,17,0,0,5,0,5,0,3,18,1,22,2,0,2,24
09/04/2003,HGR,MD,AEA,EN,Federal Contract Tower,0,4,16,2,22,0,0,19,1,20,0,4,35,3,42,2,0,2,44
09/05/2003,HGR,MD,AEA,EN,Federal Contract Tower,0,4,37,2,43,0,0,137,8,145,0,4,174,10,188,64,0,64,252
09/06/2003,HGR,MD,AEA,EN,Federal Contract Tower,0,2,15,0,17,0,0,134,0,134,0,2,149,0,151,120,0,120,271
09/07/2003,HGR,MD,AEA,EN,Federal Contract Tower,0,4,17,1,22,0,0,101,8,109,0,4,118,9,131,102,0,102,233
09/08/2003,HGR,MD,AEA,EN,Federal Contract Tower,0,6,30,2,38,0,0,86,8,94,0,6,116,10,132,106,0,106,238
09/09/2003,HGR,MD,AEA,EN,Federal Contract Tower,0,10,31,3,44,0,0,97,5,102,0,10,128,8,146,68,4,72,218
09/10/2003,HGR,MD,AEA,EN,Federal Contract Tower,0,8,22,0,30,0,0,138,9,147,0,8,160,9,177,104,8,112,289
09/11/2003,HGR,MD,AEA,EN,Federal Contract Tower,0,8,26,0,34,0,0,125,6,131,0,8,151,6,165,68,0,68,233
09/12/2003,HGR,MD,AEA,EN,Federal Contract Tower,0,6,29,3,38,0,0,40,0,40,0,6,69,3,78,22,0,22,100
09/13/2003,HGR,MD,AEA,EN,Federal Contract Tower,0,4,23,0,27,0,0,2,0,2,0,4,25,0,29,0,0,0,29
09/14/2003,HGR,MD,AEA,EN,Federal Contract Tower,0,3,20,0,23,0,0,15,4,19,0,3,35,4,42,16,0,16,58
09/15/2003,HGR,MD,AEA,EN,Federal Contract Tower,0,8,16,2,26,0,0,19,2,21,0,8,35,4,47,8,0,8,55
09/16/2003,HGR,MD,AEA,EN,Federal Contract Tower,0,12,19,1,32,0,0,117,4,121,0,12,136,5,153,78,0,78,231
09/17/2003,HGR,MD,AEA,EN,Federal Contract Tower,0,8,28,6,42,0,0,172,16,188,0,8,200,22,230,38,0,38,268
09/18/2003,HGR,MD,AEA,EN,Federal Contract Tower,0,4,11,0,15,0,0,14,0,14,0,4,25,0,29,0,0,0,29
09/19/2003,HGR,MD,AEA,EN,Federal Contract Tower,0,3,5,2,10,0,1,8,2,11,0,4,13,4,21,0,0,0,21
09/20/2003,HGR,MD,AEA,EN,Federal Contract Tower,0,3,20,1,24,0,0,116,33,149,0,3,136,34,173,58,0,58,231
09/21/2003,HGR,MD,AEA,EN,Federal Contract Tower,0,3,20,0,23,0,0,108,8,116,0,3,128,8,139,80,0,80,219
09/22/2003,HGR,MD,AEA,EN,Federal Contract Tower,0,7,17,0,24,0,2,21,0,23,0,9,38,0,47,2,0,2,49
09/23/2003,HGR,MD,AEA,EN,Federal Contract Tower,0,5,20,0,25,0,2,51,2,55,0,7,71,2,80,16,0,16,96
09/24/2003,HGR,MD,AEA,EN,Federal Contract Tower,0,5,20,0,25,0,0,158,13,171,0,5,178,13,196,66,0,66,262
09/25/2003,HGR,MD,AEA,EN,Federal Contract Tower,0,7,32,2,41,0,0,73,4,77,0,7,105,6,118,22,0,22,140
09/26/2003,HGR,MD,AEA,EN,Federal Contract Tower,0,5,25,2,32,0,0,52,8,60,0,5,77,10,92,0,16,16,108
09/27/2003,HGR,MD,AEA,EN,Federal Contract Tower,0,4,9,0,13,0,0,35,4,39,0,4,44,4,52,38,0,38,90
09/28/2003,HGR,MD,AEA,EN,Federal Contract Tower,0,3,11,0,14,0,0,68,16,84,0,3,79,16,98,72,4,76,174
09/29/2003,HGR,MD,AEA,EN,Federal Contract Tower,0,6,18,0,24,0,0,68,6,74,0,6,86,6,98,22,10,32,130
09/30/2003,HGR,MD,AEA,EN,Federal Contract Tower,0,6,32,4,42,0,0,137,11,148,0,6,169,15,190,70,0,70,260
10/01/2003,HGR,MD,AEA,EN,Federal Contract Tower,0,6,22,1,29,0,0,70,7,77,0,6,92,8,106,8,0,8,114
10/02/2003,HGR,MD,AEA,EN,Federal Contract Tower,0,6,11,0,17,0,0,73,6,79,0,6,84,6,96,32,0,32,128
10/03/2003,HGR,MD,AEA,EN,Federal Contract Tower,0,6,18,0,24,0,0,148,9,157,0,6,166,9,181,44,0,44,225
10/04/2003,HGR,MD,AEA,EN,Federal Contract Tower,0,4,26,0,30,0,0,34,0,34,0,4,60,0,64,62,0,62,126
10/05/2003,HGR,MD,AEA,EN,Federal Contract Tower,0,3,13,0,16,0,0,138,1,139,0,3,151,1,155,88,0,88,243
10/06/2003,HGR,MD,AEA,EN,Federal Contract Tower,0,8,12,0,20,0,0,72,2,74,0,8,84,2,94,50,0,50,144
10/07/2003,HGR,MD,AEA,EN,Federal Contract Tower,0,6,26,0,32,0,0,78,5,83,0,6,104,5,115,92,6,98,213
10/08/2003,HGR,MD,AEA,EN,Federal Contract Tower,0,4,26,1,31,0,0,56,4,60,0,4,82,5,91,52,0,52,143
10/09/2003,HGR,MD,AEA,EN,Federal Contract Tower,0,7,29,0,36,0,0,49,11,60,0,7,78,11,96,34,0,34,130
10/10/2003,HGR,MD,AEA,EN,Federal Contract Tower,0,10,36,0,46,0,0,50,6,56,0,10,86,6,102,24,6,30,132
10/11/2003,HGR,MD,AEA,EN,Federal Contract Tower,0,4,22,9,35,0,0,36,37,73,0,4,58,46,108,46,88,134,242
10/12/2003,HGR,MD,AEA,EN,Federal Contract Tower,0,3,17,2,22,0,0,59,8,67,0,3,76,10,89,34,2,36,125
10/13/2003,HGR,MD,AEA,EN,Federal Contract Tower,0,6,34,0,40,0,0,181,1,182,0,6,215,1,222,106,4,110,332
10/14/2003,HGR,MD,AEA,EN,Federal Contract Tower,0,9,17,1,27,0,0,47,3,50,0,9,64,4,77,36,0,36,113
10/15/2003,HGR,MD,AEA,EN,Federal Contract Tower,0,6,17,1,24,0,0,16,0,16,0,6,33,1,40,6,0,6,46
10/16/2003,HGR,MD,AEA,EN,Federal Contract Tower,0,10,18,0,28,0,0,110,4,114,0,10,128,4,142,46,0,46,188
10/17/2003,HGR,MD,AEA,EN,Federal Contract Tower,0,8,20,6,34,0,0,27,1,28,0,8,47,7,62,0,0,0,62
10/18/2003,HGR,MD,AEA,EN,Federal Contract Tower,0,7,7,10,24,0,0,94,28,122,0,7,101,38,146,52,0,52,198
10/19/2003,HGR,MD,AEA,EN,Federal Contract Tower,0,3,8,4,15,0,0,90,28,118,0,3,98,32,133,68,10,78,211
10/20/2003,HGR,MD,AEA,EN,Federal Contract Tower,0,6,23,3,32,0,0,93,0,93,0,6,116,3,125,40,0,40,165
10/21/2003,HGR,MD,AEA,EN,Federal Contract Tower,0,7,30,0,37,0,0,50,3,53,0,7,80,3,90,8,0,8,98
10/22/2003,HGR,MD,AEA,EN,Federal Contract Tower,0,7,24,3,34,0,0,52,6,58,0,7,76,9,92,30,0,30,122
10/23/2003,HGR,MD,AEA,EN,Federal Contract Tower,0,6,25,2,33,0,0,64,9,73,0,6,89,11,106,30,6,36,142
10/24/2003,HGR,MD,AEA,EN,Federal Contract Tower,0,6,27,0,33,0,0,158,9,167,0,6,185,9,200,74,0,74,274
10/25/2003,HGR,MD,AEA,EN,Federal Contract Tower,0,7,10,2,19,0,0,77,5,82,0,7,87,7,101,38,16,54,155
10/26/2003,HGR,MD,AEA,EN,Federal Contract Tower,0,3,6,2,11,0,0,50,5,55,0,3,56,7,66,44,0,44,110
10/27/2003,HGR,MD,AEA,EN,Federal Contract Tower,0,6,26,1,33,0,0,0,0,0,0,6,26,1,33,0,0,0,33
10/28/2003,HGR,MD,AEA,EN,Federal Contract Tower,0,6,25,1,32,0,0,69,1,70,0,6,94,2,102,0,0,0,102
10/29/2003,HGR,MD,AEA,EN,Federal Contract Tower,0,6,40,0,46,0,0,36,0,36,0,6,76,0,82,18,0,18,100
10/30/2003,HGR,MD,AEA,EN,Federal Contract Tower,0,6,25,0,31,0,0,129,4,133,0,6,154,4,164,62,0,62,226
10/31/2003,HGR,MD,AEA,EN,Federal Contract Tower,0,8,23,0,31,0,0,129,11,140,0,8,152,11,171,26,4,30,201
11/01/2003,HGR,MD,AEA,EN,Federal Contract Tower,0,7,13,0,20,0,0,111,5,116,0,7,124,5,136,50,0,50,186
11/02/2003,HGR,MD,AEA,EN,Federal Contract Tower,0,2,19,0,21,0,0,112,3,115,0,2,131,3,136,68,2,70,206
11/03/2003,HGR,MD,AEA,EN,Federal Contract Tower,0,5,23,1,29,0,0,74,0,74,0,5,97,1,103,22,0,22,125
11/04/2003,HGR,MD,AEA,EN,Federal Contract Tower,0,5,20,0,25,0,0,99,5,104,0,5,119,5,129,26,0,26,155
11/05/2003,HGR,MD,AEA,EN,Federal Contract Tower,0,6,29,1,36,0,0,3,0,3,0,6,32,1,39,0,0,0,39
11/06/2003,HGR,MD,AEA,EN,Federal Contract Tower,0,6,23,2,31,0,0,1,0,1,0,6,24,2,32,0,0,0,32
11/07/2003,HGR,MD,AEA,EN,Federal Contract Tower,0,4,18,2,24,0,0,77,9,86,0,4,95,11,110,24,0,24,134
11/08/2003,HGR,MD,AEA,EN,Federal Contract Tower,0,3,14,0,17,0,0,110,6,116,0,3,124,6,133,40,0,40,173
11/09/2003,HGR,MD,AEA,EN,Federal Contract Tower,0,2,16,0,18,0,0,115,4,119,0,2,131,4,137,64,0,64,201
11/10/2003,HGR,MD,AEA,EN,Federal Contract Tower,0,4,16,0,20,0,0,80,0,80,0,4,96,0,100,42,0,42,142
11/11/2003,HGR,MD,AEA,EN,Federal Contract Tower,0,4,10,0,14,0,0,53,0,53,0,4,63,0,67,6,0,6,73
11/12/2003,HGR,MD,AEA,EN,Federal Contract Tower,0,4,16,0,20,0,0,7,0,7,0,4,23,0,27,26,0,26,53
11/13/2003,HGR,MD,AEA,EN,Federal Contract Tower,0,4,10,3,17,0,0,2,0,2,0,4,12,3,19,0,0,0,19
11/14/2003,HGR,MD,AEA,EN,Federal Contract Tower,0,4,17,0,21,0,0,32,6,38,0,4,49,6,59,20,0,20,79
11/15/2003,HGR,MD,AEA,EN,Federal Contract Tower,0,3,14,1,18,0,0,114,8,122,0,3,128,9,140,76,10,86,226
11/16/2003,HGR,MD,AEA,EN,Federal Contract Tower,0,2,13,0,15,0,0,76,6,82,0,2,89,6,97,70,0,70,167
11/17/2003,HGR,MD,AEA,EN,Federal Contract Tower,0,4,10,1,15,0,0,58,0,58,0,4,68,1,73,2,0,2,75
11/18/2003,HGR,MD,AEA,EN,Federal Contract Tower,0,5,20,0,25,0,0,3,0,3,0,5,23,0,28,0,0,0,28
11/19/2003,HGR,MD,AEA,EN,Federal Contract Tower,0,7,10,0,17,0,0,3,0,3,0,7,13,0,20,0,0,0,20
11/20/2003,HGR,MD,AEA,EN,Federal Contract Tower,0,8,22,2,32,0,0,42,0,42,0,8,64,2,74,0,0,0,74
11/21/2003,HGR,MD,AEA,EN,Federal Contract Tower,0,5,17,0,22,0,0,152,7,159,0,5,169,7,181,68,20,88,269
11/22/2003,HGR,MD,AEA,EN,Federal Contract Tower,0,5,14,2,21,0,0,161,20,181,0,5,175,22,202,74,2,76,278
11/23/2003,HGR,MD,AEA,EN,Federal Contract Tower,0,2,18,0,20,0,0,94,4,98,0,2,112,4,118,62,0,62,180
11/24/2003,HGR,MD,AEA,EN,Federal Contract Tower,0,4,22,0,26,0,0,5,0,5,0,4,27,0,31,8,0,8,39
11/25/2003,HGR,MD,AEA,EN,Federal Contract Tower,0,4,27,0,31,0,0,88,2,90,0,4,115,2,121,14,2,16,137
11/26/2003,HGR,MD,AEA,EN,Federal Contract Tower,0,4,22,0,26,0,0,97,1,98,0,4,119,1,124,48,2,50,174
11/27/2003,HGR,MD,AEA,EN,Federal Contract Tower,0,3,4,0,7,0,0,32,0,32,0,3,36,0,39,14,0,14,53
11/28/2003,HGR,MD,AEA,EN,Federal Contract Tower,0,9,9,0,18,0,0,0,0,0,0,9,9,0,18,0,0,0,18
11/29/2003,HGR,MD,AEA,EN,Federal Contract Tower,0,5,8,1,14,0,0,12,0,12,0,5,20,1,26,0,0,0,26
11/30/2003,HGR,MD,AEA,EN,Federal Contract Tower,0,4,20,0,24,0,0,105,0,105,0,4,125,0,129,26,0,26,155
12/01/2003,HGR,MD,AEA,EN,Federal Contract Tower,0,4,13,0,17,0,2,16,2,20,0,6,29,2,37,0,0,0,37
12/02/2003,HGR,MD,AEA,EN,Federal Contract Tower,0,4,12,0,16,0,0,20,0,20,0,4,32,0,36,2,0,2,38
12/03/2003,HGR,MD,AEA,EN,Federal Contract Tower,0,4,12,1,17,0,0,91,7,98,0,4,103,8,115,56,0,56,171
12/04/2003,HGR,MD,AEA,EN,Federal Contract Tower,0,4,31,1,36,0,0,61,1,62,0,4,92,2,98,28,0,28,126
12/05/2003,HGR,MD,AEA,EN,Federal Contract Tower,0,4,6,0,10,0,0,0,0,0,0,4,6,0,10,0,0,0,10
12/06/2003,HGR,MD,AEA,EN,Federal Contract Tower,0,2,1,0,3,0,0,7,0,7,0,2,8,0,10,6,0,6,16
12/07/2003,HGR,MD,AEA,EN,Federal Contract Tower,0,2,7,0,9,0,0,26,0,26,0,2,33,0,35,40,0,40,75
12/08/2003,HGR,MD,AEA,EN,Federal Contract Tower,0,6,19,0,25,0,0,75,0,75,0,6,94,0,100,50,0,50,150
12/09/2003,HGR,MD,AEA,EN,Federal Contract Tower,0,4,13,3,20,0,0,103,0,103,0,4,116,3,123,72,0,72,195
12/10/2003,HGR,MD,AEA,EN,Federal Contract Tower,0,7,12,5,24,0,0,21,0,21,0,7,33,5,45,16,0,16,61
12/11/2003,HGR,MD,AEA,EN,Federal Contract Tower,0,6,24,0,30,0,0,0,0,0,0,6,24,0,30,0,0,0,30
12/12/2003,HGR,MD,AEA,EN,Federal Contract Tower,0,4,31,2,37,0,0,82,1,83,0,4,113,3,120,40,0,40,160
12/13/2003,HGR,MD,AEA,EN,Federal Contract Tower,0,4,12,0,16,0,0,101,12,113,0,4,113,12,129,30,4,34,163
12/14/2003,HGR,MD,AEA,EN,Federal Contract Tower,0,0,0,0,0,0,0,0,0,0,0,0,0,0,0,0,0,0,0
12/15/2003,HGR,MD,AEA,EN,Federal Contract Tower,0,6,5,0,11,0,0,20,3,23,0,6,25,3,34,0,0,0,34
12/16/2003,HGR,MD,AEA,EN,Federal Contract Tower,0,8,16,0,24,0,0,99,0,99,0,8,115,0,123,30,0,30,153
12/17/2003,HGR,MD,AEA,EN,Federal Contract Tower,0,4,13,0,17,0,0,4,0,4,0,4,17,0,21,0,0,0,21
12/18/2003,HGR,MD,AEA,EN,Federal Contract Tower,0,4,26,7,37,0,0,38,11,49,0,4,64,18,86,28,12,40,126
12/19/2003,HGR,MD,AEA,EN,Federal Contract Tower,0,6,21,2,29,0,0,28,0,28,0,6,49,2,57,18,2,20,77
12/20/2003,HGR,MD,AEA,EN,Federal Contract Tower,0,4,16,0,20,0,0,78,5,83,0,4,94,5,103,28,0,28,131
12/21/2003,HGR,MD,AEA,EN,Federal Contract Tower,0,3,8,4,15,0,0,79,0,79,0,3,87,4,94,26,0,26,120
12/22/2003,HGR,MD,AEA,EN,Federal Contract Tower,0,10,14,2,26,0,0,67,0,67,0,10,81,2,93,18,2,20,113
12/23/2003,HGR,MD,AEA,EN,Federal Contract Tower,0,6,13,0,19,0,0,84,2,86,0,6,97,2,105,26,0,26,131
12/24/2003,HGR,MD,AEA,EN,Federal Contract Tower,0,5,3,0,8,0,0,11,0,11,0,5,14,0,19,0,0,0,19
12/25/2003,HGR,MD,AEA,EN,Federal Contract Tower,0,4,3,0,7,0,0,4,0,4,0,4,7,0,11,0,0,0,11
12/26/2003,HGR,MD,AEA,EN,Federal Contract Tower,0,5,15,0,20,0,0,27,0,27,0,5,42,0,47,30,0,30,77
12/27/2003,HGR,MD,AEA,EN,Federal Contract Tower,0,4,14,0,18,0,0,129,0,129,0,4,143,0,147,70,0,70,217
12/28/2003,HGR,MD,AEA,EN,Federal Contract Tower,0,3,16,0,19,0,0,183,2,185,0,3,199,2,204,60,0,60,264
12/29/2003,HGR,MD,AEA,EN,Federal Contract Tower,0,8,0,0,8,0,0,107,0,107,0,8,107,0,115,42,0,42,157
12/30/2003,HGR,MD,AEA,EN,Federal Contract Tower,0,6,1,0,7,0,0,12,0,12,0,6,13,0,19,10,0,10,29
12/31/2003,HGR,MD,AEA,EN,Federal Contract Tower,0,5,10,3,18,0,0,120,4,124,0,5,130,7,142,74,0,74,216
01/01/2004,HGR,MD,AEA,EN,Federal Contract Tower,0,5,16,0,21,0,0,113,0,113,0,5,129,0,134,96,0,96,230
01/02/2004,HGR,MD,AEA,EN,Federal Contract Tower,0,6,12,2,20,0,0,74,0,74,0,6,86,2,94,60,0,60,154
01/03/2004,HGR,MD,AEA,EN,Federal Contract Tower,0,4,25,0,29,0,0,55,0,55,0,4,80,0,84,50,0,50,134
01/04/2004,HGR,MD,AEA,EN,Federal Contract Tower,0,3,12,0,15,0,0,2,0,2,0,3,14,0,17,0,0,0,17
01/05/2004,HGR,MD,AEA,EN,Federal Contract Tower,0,4,4,0,8,0,0,3,0,3,0,4,7,0,11,0,0,0,11
01/06/2004,HGR,MD,AEA,EN,Federal Contract Tower,0,0,4,0,4,0,4,23,0,27,0,4,27,0,31,6,0,6,37
01/07/2004,HGR,MD,AEA,EN,Federal Contract Tower,0,4,19,3,26,0,0,26,0,26,0,4,45,3,52,6,0,6,58
01/08/2004,HGR,MD,AEA,EN,Federal Contract Tower,0,4,15,0,19,0,0,80,0,80,0,4,95,0,99,24,0,24,123
01/09/2004,HGR,MD,AEA,EN,Federal Contract Tower,0,4,12,1,17,0,0,52,7,59,0,4,64,8,76,44,12,56,132
01/10/2004,HGR,MD,AEA,EN,Federal Contract Tower,0,4,9,8,21,0,0,53,7,60,0,4,62,15,81,46,0,46,127
01/11/2004,HGR,MD,AEA,EN,Federal Contract Tower,0,3,11,2,16,0,0,78,3,81,0,3,89,5,97,30,0,30,127
01/12/2004,HGR,MD,AEA,EN,Federal Contract Tower,0,4,13,0,17,0,0,19,2,21,0,4,32,2,38,6,0,6,44
01/13/2004,HGR,MD,AEA,EN,Federal Contract Tower,0,6,13,0,19,0,0,28,3,31,0,6,41,3,50,0,0,0,50
01/14/2004,HGR,MD,AEA,EN,Federal Contract Tower,0,6,8,0,14,0,0,24,8,32,0,6,32,8,46,4,0,4,50
01/15/2004,HGR,MD,AEA,EN,Federal Contract Tower,0,4,17,0,21,0,0,32,6,38,0,4,49,6,59,2,0,2,61
01/16/2004,HGR,MD,AEA,EN,Federal Contract Tower,0,8,18,0,26,0,0,30,2,32,0,8,48,2,58,8,0,8,66
01/17/2004,HGR,MD,AEA,EN,Federal Contract Tower,0,4,11,0,15,0,0,36,4,40,0,4,47,4,55,44,0,44,99
01/18/2004,HGR,MD,AEA,EN,Federal Contract Tower,0,5,0,0,5,0,0,0,0,0,0,5,0,0,5,0,0,0,5
01/19/2004,HGR,MD,AEA,EN,Federal Contract Tower,0,5,12,0,17,0,0,9,5,14,0,5,21,5,31,0,0,0,31
01/20/2004,HGR,MD,AEA,EN,Federal Contract Tower,0,4,14,1,19,0,0,49,3,52,0,4,63,4,71,6,0,6,77
01/21/2004,HGR,MD,AEA,EN,Federal Contract Tower,0,4,21,5,30,0,0,91,12,103,0,4,112,17,133,36,20,56,189
01/22/2004,HGR,MD,AEA,EN,Federal Contract Tower,0,4,13,1,18,0,0,53,2,55,0,4,66,3,73,2,0,2,75
01/23/2004,HGR,MD,AEA,EN,Federal Contract Tower,0,4,20,11,35,0,0,53,6,59,0,4,73,17,94,10,16,26,120
01/24/2004,HGR,MD,AEA,EN,Federal Contract Tower,0,4,9,0,13,0,0,16,0,16,0,4,25,0,29,10,0,10,39
01/25/2004,HGR,MD,AEA,EN,Federal Contract Tower,0,4,8,0,12,0,0,29,0,29,0,4,37,0,41,22,0,22,63
01/26/2004,HGR,MD,AEA,EN,Federal Contract Tower,0,4,5,0,9,0,0,0,0,0,0,4,5,0,9,0,0,0,9
01/27/2004,HGR,MD,AEA,EN,Federal Contract Tower,0,2,3,0,5,0,0,0,0,0,0,2,3,0,5,0,0,0,5
01/28/2004,HGR,MD,AEA,EN,Federal Contract Tower,0,2,13,0,15,0,0,19,0,19,0,2,32,0,34,0,0,0,34
01/29/2004,HGR,MD,AEA,EN,Federal Contract Tower,0,4,16,0,20,0,0,50,0,50,0,4,66,0,70,30,0,30,100
01/30/2004,HGR,MD,AEA,EN,Federal Contract Tower,0,5,17,8,30,0,0,20,2,22,0,5,37,10,52,34,0,34,86
01/31/2004,HGR,MD,AEA,EN,Federal Contract Tower,0,2,10,1,13,0,0,40,9,49,0,2,50,10,62,38,26,64,126
02/01/2004,HGR,MD,AEA,EN,Federal Contract Tower,0,3,16,0,19,0,0,81,3,84,0,3,97,3,103,20,0,20,123
02/02/2004,HGR,MD,AEA,EN,Federal Contract Tower,0,4,14,0,18,0,0,62,2,64,0,4,76,2,82,22,0,22,104
02/03/2004,HGR,MD,AEA,EN,Federal Contract Tower,0,2,2,0,4,0,0,0,0,0,0,2,2,0,4,0,0,0,4
02/04/2004,HGR,MD,AEA,EN,Federal Contract Tower,0,4,17,9,30,0,0,58,16,74,0,4,75,25,104,0,0,0,104
02/05/2004,HGR,MD,AEA,EN,Federal Contract Tower,0,3,23,0,26,0,0,51,7,58,0,3,74,7,84,30,0,30,114
02/06/2004,HGR,MD,AEA,EN,Federal Contract Tower,0,3,4,0,7,0,0,0,0,0,0,3,4,0,7,0,0,0,7
02/07/2004,HGR,MD,AEA,EN,Federal Contract Tower,0,4,10,0,14,0,0,25,0,25,0,4,35,0,39,28,0,28,67
02/08/2004,HGR,MD,AEA,EN,Federal Contract Tower,0,5,15,0,20,0,0,76,8,84,0,5,91,8,104,48,22,70,174
02/09/2004,HGR,MD,AEA,EN,Federal Contract Tower,0,4,15,0,19,0,0,28,5,33,0,4,43,5,52,10,8,18,70
02/10/2004,HGR,MD,AEA,EN,Federal Contract Tower,0,4,7,2,13,0,0,67,28,95,0,4,74,30,108,18,12,30,138
02/11/2004,HGR,MD,AEA,EN,Federal Contract Tower,0,4,13,5,22,0,0,92,5,97,0,4,105,10,119,24,4,28,147
02/12/2004,HGR,MD,AEA,EN,Federal Contract Tower,0,4,13,3,20,0,0,49,10,59,0,4,62,13,79,28,8,36,115
02/13/2004,HGR,MD,AEA,EN,Federal Contract Tower,0,4,10,0,14,0,1,91,3,95,0,5,101,3,109,38,0,38,147
02/14/2004,HGR,MD,AEA,EN,Federal Contract Tower,0,4,10,0,14,0,0,91,4,95,0,4,101,4,109,68,0,68,177
02/15/2004,HGR,MD,AEA,EN,Federal Contract Tower,0,3,16,0,19,0,0,62,4,66,0,3,78,4,85,60,0,60,145
02/16/2004,HGR,MD,AEA,EN,Federal Contract Tower,0,3,17,0,20,0,0,90,9,99,0,3,107,9,119,48,10,58,177
02/17/2004,HGR,MD,AEA,EN,Federal Contract Tower,0,5,14,2,21,0,0,52,10,62,0,5,66,12,83,18,28,46,129
02/18/2004,HGR,MD,AEA,EN,Federal Contract Tower,0,5,18,0,23,0,0,34,5,39,0,5,52,5,62,14,0,14,76
02/19/2004,HGR,MD,AEA,EN,Federal Contract Tower,0,4,16,0,20,0,0,75,3,78,0,4,91,3,98,62,0,62,160
02/20/2004,HGR,MD,AEA,EN,Federal Contract Tower,0,3,31,1,35,0,0,99,10,109,0,3,130,11,144,66,4,70,214
02/21/2004,HGR,MD,AEA,EN,Federal Contract Tower,0,4,9,0,13,0,0,13,3,16,0,4,22,3,29,22,0,22,51
02/22/2004,HGR,MD,AEA,EN,Federal Contract Tower,0,4,18,0,22,0,0,35,0,35,0,4,53,0,57,10,0,10,67
02/23/2004,HGR,MD,AEA,EN,Federal Contract Tower,0,4,16,1,21,0,0,78,8,86,0,4,94,9,107,68,0,68,175
02/24/2004,HGR,MD,AEA,EN,Federal Contract Tower,0,4,7,2,13,0,0,0,0,0,0,4,7,2,13,0,0,0,13
02/25/2004,HGR,MD,AEA,EN,Federal Contract Tower,0,4,7,7,18,0,0,66,21,87,0,4,73,28,105,38,4,42,147
02/26/2004,HGR,MD,AEA,EN,Federal Contract Tower,0,4,13,3,20,0,0,67,9,76,0,4,80,12,96,70,0,70,166
02/27/2004,HGR,MD,AEA,EN,Federal Contract Tower,0,4,8,4,16,0,0,106,17,123,0,4,114,21,139,56,6,62,201
02/28/2004,HGR,MD,AEA,EN,Federal Contract Tower,0,4,12,2,18,0,0,158,3,161,0,4,170,5,179,82,0,82,261
02/29/2004,HGR,MD,AEA,EN,Federal Contract Tower,0,3,16,0,19,0,0,157,2,159,0,3,173,2,178,60,0,60,238
03/01/2004,HGR,MD,AEA,EN,Federal Contract Tower,0,5,9,0,14,0,0,80,2,82,0,5,89,2,96,28,0,28,124
03/02/2004,HGR,MD,AEA,EN,Federal Contract Tower,0,5,9,0,14,0,0,34,6,40,0,5,43,6,54,8,0,8,62
03/03/2004,HGR,MD,AEA,EN,Federal Contract Tower,0,5,9,7,21,0,0,96,1,97,0,5,105,8,118,34,10,44,162
03/04/2004,HGR,MD,AEA,EN,Federal Contract Tower,0,4,14,1,19,0,0,2,0,2,0,4,16,1,21,0,0,0,21
03/05/2004,HGR,MD,AEA,EN,Federal Contract Tower,0,4,10,0,14,0,0,25,3,28,0,4,35,3,42,6,0,6,48
03/06/2004,HGR,MD,AEA,EN,Federal Contract Tower,0,4,3,0,7,0,0,22,2,24,0,4,25,2,31,12,0,12,43
03/07/2004,HGR,MD,AEA,EN,Federal Contract Tower,0,3,7,1,11,0,0,91,6,97,0,3,98,7,108,44,0,44,152
03/08/2004,HGR,MD,AEA,EN,Federal Contract Tower,0,4,14,4,22,0,0,11,4,15,0,4,25,8,37,8,4,12,49
03/09/2004,HGR,MD,AEA,EN,Federal Contract Tower,0,4,16,9,29,0,0,62,8,70,0,4,78,17,99,36,0,36,135
03/10/2004,HGR,MD,AEA,EN,Federal Contract Tower,0,4,6,9,19,0,0,35,0,35,0,4,41,9,54,40,16,56,110
03/11/2004,HGR,MD,AEA,EN,Federal Contract Tower,0,6,14,1,21,0,0,108,11,119,0,6,122,12,140,52,10,62,202
03/12/2004,HGR,MD,AEA,EN,Federal Contract Tower,0,5,18,3,26,0,0,29,5,34,0,5,47,8,60,8,0,8,68
03/13/2004,HGR,MD,AEA,EN,Federal Contract Tower,0,4,8,1,13,0,0,106,6,112,0,4,114,7,125,40,0,40,165
03/14/2004,HGR,MD,AEA,EN,Federal Contract Tower,0,3,13,0,16,0,0,44,11,55,0,3,57,11,71,30,6,36,107
03/15/2004,HGR,MD,AEA,EN,Federal Contract Tower,0,4,5,8,17,0,0,91,0,91,0,4,96,8,108,38,6,44,152
03/16/2004,HGR,MD,AEA,EN,Federal Contract Tower,0,2,8,0,10,0,0,0,0,0,0,2,8,0,10,0,0,0,10
03/17/2004,HGR,MD,AEA,EN,Federal Contract Tower,0,4,8,0,12,0,0,23,0,23,0,4,31,0,35,2,0,2,37
03/18/2004,HGR,MD,AEA,EN,Federal Contract Tower,0,5,13,0,18,0,0,68,0,68,0,5,81,0,86,38,0,38,124
03/19/2004,HGR,MD,AEA,EN,Federal Contract Tower,0,4,14,0,18,0,0,42,2,44,0,4,56,2,62,14,0,14,76
03/20/2004,HGR,MD,AEA,EN,Federal Contract Tower,0,2,10,5,17,0,0,82,31,113,0,2,92,36,130,36,0,36,166
03/21/2004,HGR,MD,AEA,EN,Federal Contract Tower,0,3,8,0,11,0,0,12,2,14,0,3,20,2,25,0,0,0,25
03/22/2004,HGR,MD,AEA,EN,Federal Contract Tower,0,2,12,1,15,0,2,50,6,58,0,4,62,7,73,0,0,0,73
03/23/2004,HGR,MD,AEA,EN,Federal Contract Tower,0,7,12,0,19,0,5,109,7,121,0,12,121,7,140,14,2,16,156
03/24/2004,HGR,MD,AEA,EN,Federal Contract Tower,0,6,16,0,22,0,7,90,0,97,0,13,106,0,119,34,0,34,153
03/25/2004,HGR,MD,AEA,EN,Federal Contract Tower,0,4,20,1,25,0,1,61,1,63,0,5,81,2,88,24,0,24,112
03/26/2004,HGR,MD,AEA,EN,Federal Contract Tower,0,6,12,0,18,0,2,96,7,105,0,8,108,7,123,72,4,76,199
03/27/2004,HGR,MD,AEA,EN,Federal Contract Tower,0,4,14,0,18,0,0,54,0,54,0,4,68,0,72,42,0,42,114
03/28/2004,HGR,MD,AEA,EN,Federal Contract Tower,0,5,7,0,12,0,10,133,2,145,0,15,140,2,157,110,0,110,267
03/29/2004,HGR,MD,AEA,EN,Federal Contract Tower,0,5,15,5,25,0,0,79,4,83,0,5,94,9,108,34,0,34,142
03/30/2004,HGR,MD,AEA,EN,Federal Contract Tower,0,11,14,11,36,0,3,5,16,24,0,14,19,27,60,20,6,26,86
03/31/2004,HGR,MD,AEA,EN,Federal Contract Tower,0,9,13,4,26,0,0,0,0,0,0,9,13,4,26,0,0,0,26
04/01/2004,HGR,MD,AEA,EN,Federal Contract Tower,0,5,13,5,23,0,2,0,2,4,0,7,13,7,27,0,0,0,27
04/02/2004,HGR,MD,AEA,EN,Federal Contract Tower,0,7,14,6,27,0,0,7,6,13,0,7,21,12,40,12,0,12,52
04/03/2004,HGR,MD,AEA,EN,Federal Contract Tower,0,8,12,0,20,0,5,33,4,42,0,13,45,4,62,24,0,24,86
04/04/2004,HGR,MD,AEA,EN,Federal Contract Tower,0,3,2,0,5,0,0,1,1,2,0,3,3,1,7,0,0,0,7
04/05/2004,HGR,MD,AEA,EN,Federal Contract Tower,0,6,7,0,13,0,9,12,0,21,0,15,19,0,34,0,0,0,34
04/06/2004,HGR,MD,AEA,EN,Federal Contract Tower,0,8,17,1,26,0,6,100,5,111,0,14,117,6,137,32,2,34,171
04/07/2004,HGR,MD,AEA,EN,Federal Contract Tower,0,9,18,7,34,0,0,112,9,121,0,9,130,16,155,48,6,54,209
04/08/2004,HGR,MD,AEA,EN,Federal Contract Tower,0,10,19,0,29,0,7,45,0,52,0,17,64,0,81,20,0,20,101
04/09/2004,HGR,MD,AEA,EN,Federal Contract Tower,0,10,19,5,34,0,5,137,10,152,0,15,156,15,186,70,6,76,262
04/10/2004,HGR,MD,AEA,EN,Federal Contract Tower,0,6,14,0,20,0,6,140,0,146,0,12,154,0,166,44,0,44,210
04/11/2004,HGR,MD,AEA,EN,Federal Contract Tower,0,6,16,0,22,0,0,5,0,5,0,6,21,0,27,0,0,0,27
04/12/2004,HGR,MD,AEA,EN,Federal Contract Tower,0,9,24,6,39,0,0,11,1,12,0,9,35,7,51,0,0,0,51
04/13/2004,HGR,MD,AEA,EN,Federal Contract Tower,0,8,15,0,23,0,0,1,0,1,0,8,16,0,24,0,0,0,24
04/14/2004,HGR,MD,AEA,EN,Federal Contract Tower,0,8,21,2,31,0,0,25,18,43,0,8,46,20,74,0,10,10,84
04/15/2004,HGR,MD,AEA,EN,Federal Contract Tower,0,12,14,0,26,0,9,132,11,152,0,21,146,11,178,84,2,86,264
04/16/2004,HGR,MD,AEA,EN,Federal Contract Tower,0,9,23,1,33,0,3,192,9,204,0,12,215,10,237,76,0,76,313
04/17/2004,HGR,MD,AEA,EN,Federal Contract Tower,0,4,12,4,20,0,2,126,76,204,0,6,138,80,224,8,74,82,306
04/18/2004,HGR,MD,AEA,EN,Federal Contract Tower,0,3,9,0,12,0,3,88,2,93,0,6,97,2,105,80,0,80,185
04/19/2004,HGR,MD,AEA,EN,Federal Contract Tower,0,8,13,4,25,0,5,57,0,62,0,13,70,4,87,56,0,56,143
04/20/2004,HGR,MD,AEA,EN,Federal Contract Tower,0,8,16,0,24,0,2,107,3,112,0,10,123,3,136,76,0,76,212
04/21/2004,HGR,MD,AEA,EN,Federal Contract Tower,0,7,17,5,29,0,1,91,20,112,0,8,108,25,141,40,34,74,215
04/22/2004,HGR,MD,AEA,EN,Federal Contract Tower,0,6,18,3,27,0,1,31,2,34,0,7,49,5,61,4,2,6,67
04/23/2004,HGR,MD,AEA,EN,Federal Contract Tower,0,9,30,10,49,0,7,37,1,45,0,16,67,11,94,16,22,38,132
04/24/2004,HGR,MD,AEA,EN,Federal Contract Tower,0,4,10,0,14,0,4,100,4,108,0,8,110,4,122,32,0,32,154
04/25/2004,HGR,MD,AEA,EN,Federal Contract Tower,0,4,12,0,16,0,2,18,8,28,0,6,30,8,44,10,0,10,54
04/26/2004,HGR,MD,AEA,EN,Federal Contract Tower,0,6,21,3,30,0,0,10,1,11,0,6,31,4,41,2,0,2,43
04/27/2004,HGR,MD,AEA,EN,Federal Contract Tower,0,6,16,4,26,0,5,87,27,119,0,11,103,31,145,62,8,70,215
04/28/2004,HGR,MD,AEA,EN,Federal Contract Tower,0,6,30,1,37,0,6,106,11,123,0,12,136,12,160,26,20,46,206
04/29/2004,HGR,MD,AEA,EN,Federal Contract Tower,0,12,18,8,38,0,0,134,12,146,0,12,152,20,184,20,0,20,204
04/30/2004,HGR,MD,AEA,EN,Federal Contract Tower,0,8,25,8,41,0,4,84,4,92,0,12,109,12,133,42,16,58,191
05/01/2004,HGR,MD,AEA,EN,Federal Contract Tower,0,3,3,0,6,0,0,89,0,89,0,3,92,0,95,34,6,40,135
05/02/2004,HGR,MD,AEA,EN,Federal Contract Tower,0,10,10,1,21,0,0,2,2,4,0,10,12,3,25,0,0,0,25
05/03/2004,HGR,MD,AEA,EN,Federal Contract Tower,0,10,12,5,27,0,3,53,5,61,0,13,65,10,88,42,14,56,144
05/04/2004,HGR,MD,AEA,EN,Federal Contract Tower,0,6,10,4,20,0,0,99,16,115,0,6,109,20,135,98,16,114,249
05/05/2004,HGR,MD,AEA,EN,Federal Contract Tower,0,11,8,2,21,0,7,46,17,70,0,18,54,19,91,34,36,70,161
05/06/2004,HGR,MD,AEA,EN,Federal Contract Tower,0,11,20,2,33,0,0,137,7,144,0,11,157,9,177,44,0,44,221
05/07/2004,HGR,MD,AEA,EN,Federal Contract Tower,0,13,12,2,27,0,3,43,11,57,0,16,55,13,84,14,0,14,98
05/08/2004,HGR,MD,AEA,EN,Federal Contract Tower,0,5,8,0,13,0,24,69,7,100,0,29,77,7,113,10,0,10,123
05/09/2004,HGR,MD,AEA,EN,Federal Contract Tower,0,7,10,0,17,0,0,70,6,76,0,7,80,6,93,14,6,20,113
05/10/2004,HGR,MD,AEA,EN,Federal Contract Tower,0,7,15,4,26,0,7,75,6,88,0,14,90,10,114,18,0,18,132
05/11/2004,HGR,MD,AEA,EN,Federal Contract Tower,0,8,16,2,26,0,10,91,3,104,0,18,107,5,130,56,0,56,186
05/12/2004,HGR,MD,AEA,EN,Federal Contract Tower,0,8,31,1,40,0,0,72,9,81,0,8,103,10,121,24,0,24,145
05/13/2004,HGR,MD,AEA,EN,Federal Contract Tower,0,7,22,1,30,0,4,80,1,85,0,11,102,2,115,44,0,44,159
05/14/2004,HGR,MD,AEA,EN,Federal Contract Tower,0,6,18,0,24,0,2,86,0,88,0,8,104,0,112,38,0,38,150
05/15/2004,HGR,MD,AEA,EN,Federal Contract Tower,0,6,8,0,14,0,2,71,2,75,0,8,79,2,89,28,0,28,117
05/16/2004,HGR,MD,AEA,EN,Federal Contract Tower,0,10,12,0,22,0,0,57,0,57,0,10,69,0,79,16,0,16,95
05/17/2004,HGR,MD,AEA,EN,Federal Contract Tower,0,6,12,4,22,0,2,28,0,30,0,8,40,4,52,72,0,72,124
05/18/2004,HGR,MD,AEA,EN,Federal Contract Tower,0,5,7,2,14,0,0,27,0,27,0,5,34,2,41,30,0,30,71
05/19/2004,HGR,MD,AEA,EN,Federal Contract Tower,0,7,30,2,39,0,3,32,5,40,0,10,62,7,79,44,0,44,123
05/20/2004,HGR,MD,AEA,EN,Federal Contract Tower,0,7,26,3,36,0,0,22,7,29,0,7,48,10,65,20,8,28,93
05/21/2004,HGR,MD,AEA,EN,Federal Contract Tower,0,10,11,2,23,0,0,54,5,59,0,10,65,7,82,52,2,54,136
05/22/2004,HGR,MD,AEA,EN,Federal Contract Tower,0,5,11,0,16,0,3,87,5,95,0,8,98,5,111,32,4,36,147
05/23/2004,HGR,MD,AEA,EN,Federal Contract Tower,0,6,4,0,10,0,2,99,4,105,0,8,103,4,115,40,20,60,175
05/24/2004,HGR,MD,AEA,EN,Federal Contract Tower,0,6,7,0,13,0,4,68,0,72,0,10,75,0,85,4,0,4,89
05/25/2004,HGR,MD,AEA,EN,Federal Contract Tower,0,5,19,1,25,0,2,90,2,94,0,7,109,3,119,52,0,52,171
05/26/2004,HGR,MD,AEA,EN,Federal Contract Tower,0,9,10,6,25,0,2,65,21,88,0,11,75,27,113,6,0,6,119
05/27/2004,HGR,MD,AEA,EN,Federal Contract Tower,0,8,28,1,37,0,4,83,7,94,0,12,111,8,131,56,14,70,201
05/28/2004,HGR,MD,AEA,EN,Federal Contract Tower,0,8,34,4,46,0,10,96,2,108,0,18,130,6,154,24,8,32,186
05/29/2004,HGR,MD,AEA,EN,Federal Contract Tower,0,6,13,0,19,0,2,156,0,158,0,8,169,0,177,70,0,70,247
05/30/2004,HGR,MD,AEA,EN,Federal Contract Tower,0,6,6,0,12,0,5,62,5,72,0,11,68,5,84,26,12,38,122
05/31/2004,HGR,MD,AEA,EN,Federal Contract Tower,0,9,10,0,19,0,0,1,0,1,0,9,11,0,20,0,0,0,20
06/01/2004,HGR,MD,AEA,EN,Federal Contract Tower,0,7,22,1,30,0,5,72,7,84,0,12,94,8,114,18,0,18,132
06/02/2004,HGR,MD,AEA,EN,Federal Contract Tower,0,6,12,1,19,0,4,85,5,94,0,10,97,6,113,24,0,24,137
06/03/2004,HGR,MD,AEA,EN,Federal Contract Tower,0,7,21,0,28,0,2,98,0,100,0,9,119,0,128,44,0,44,172
06/04/2004,HGR,MD,AEA,EN,Federal Contract Tower,0,7,26,2,35,0,1,107,4,112,0,8,133,6,147,58,0,58,205
06/05/2004,HGR,MD,AEA,EN,Federal Contract Tower,0,5,11,8,24,0,0,2,0,2,0,5,13,8,26,6,0,6,32
06/06/2004,HGR,MD,AEA,EN,Federal Contract Tower,0,5,31,6,42,0,2,26,0,28,0,7,57,6,70,26,0,26,96
06/07/2004,HGR,MD,AEA,EN,Federal Contract Tower,0,9,27,4,40,0,4,83,4,91,0,13,110,8,131,20,2,22,153
06/08/2004,HGR,MD,AEA,EN,Federal Contract Tower,0,10,13,1,24,0,0,95,5,100,0,10,108,6,124,58,8,66,190
06/09/2004,HGR,MD,AEA,EN,Federal Contract Tower,0,8,40,3,51,0,6,92,4,102,0,14,132,7,153,72,2,74,227
06/10/2004,HGR,MD,AEA,EN,Federal Contract Tower,0,10,29,0,39,0,0,72,6,78,0,10,101,6,117,32,32,64,181
06/11/2004,HGR,MD,AEA,EN,Federal Contract Tower,0,7,25,0,32,0,0,0,0,0,0,7,25,0,32,0,0,0,32
06/12/2004,HGR,MD,AEA,EN,Federal Contract Tower,0,5,19,2,26,0,2,143,7,152,0,7,162,9,178,48,4,52,230
06/13/2004,HGR,MD,AEA,EN,Federal Contract Tower,0,5,11,0,16,0,2,43,0,45,0,7,54,0,61,10,0,10,71
06/14/2004,HGR,MD,AEA,EN,Federal Contract Tower,0,10,11,0,21,0,0,48,2,50,0,10,59,2,71,20,0,20,91
06/15/2004,HGR,MD,AEA,EN,Federal Contract Tower,0,9,23,2,34,0,0,44,5,49,0,9,67,7,83,14,6,20,103
06/16/2004,HGR,MD,AEA,EN,Federal Contract Tower,0,7,25,2,34,0,4,43,0,47,0,11,68,2,81,26,0,26,107
06/17/2004,HGR,MD,AEA,EN,Federal Contract Tower,0,8,16,3,27,0,6,32,6,44,0,14,48,9,71,20,0,20,91
06/18/2004,HGR,MD,AEA,EN,Federal Contract Tower,0,5,14,8,27,0,2,116,13,131,0,7,130,21,158,72,14,86,244
06/19/2004,HGR,MD,AEA,EN,Federal Contract Tower,0,5,18,0,23,0,0,98,0,98,0,5,116,0,121,52,0,52,173
06/20/2004,HGR,MD,AEA,EN,Federal Contract Tower,0,5,18,0,23,0,2,163,4,169,0,7,181,4,192,34,0,34,226
06/21/2004,HGR,MD,AEA,EN,Federal Contract Tower,0,8,14,0,22,0,4,101,2,107,0,12,115,2,129,102,0,102,231
06/22/2004,HGR,MD,AEA,EN,Federal Contract Tower,0,9,14,0,23,0,1,54,2,57,0,10,68,2,80,58,0,58,138
06/23/2004,HGR,MD,AEA,EN,Federal Contract Tower,0,7,20,2,29,0,10,106,4,120,0,17,126,6,149,86,0,86,235
06/24/2004,HGR,MD,AEA,EN,Federal Contract Tower,0,6,35,2,43,0,1,136,5,142,0,7,171,7,185,78,0,78,263
06/25/2004,HGR,MD,AEA,EN,Federal Contract Tower,0,7,18,2,27,0,1,80,5,86,0,8,98,7,113,46,20,66,179
06/26/2004,HGR,MD,AEA,EN,Federal Contract Tower,0,6,18,0,24,0,0,70,0,70,0,6,88,0,94,24,0,24,118
06/27/2004,HGR,MD,AEA,EN,Federal Contract Tower,0,5,16,0,21,0,3,104,2,109,0,8,120,2,130,84,0,84,214
06/28/2004,HGR,MD,AEA,EN,Federal Contract Tower,0,6,19,0,25,0,7,54,20,81,0,13,73,20,106,6,14,20,126
06/29/2004,HGR,MD,AEA,EN,Federal Contract Tower,0,6,15,2,23,0,6,92,11,109,0,12,107,13,132,42,16,58,190
06/30/2004,HGR,MD,AEA,EN,Federal Contract Tower,0,7,19,1,27,0,6,142,6,154,0,13,161,7,181,86,0,86,267
07/01/2004,HGR,MD,AEA,EN,Federal Contract Tower,0,10,42,0,52,0,4,75,16,95,0,14,117,16,147,94,28,122,269
07/02/2004,HGR,MD,AEA,EN,Federal Contract Tower,0,6,15,6,27,0,0,84,1,85,0,6,99,7,112,36,14,50,162
07/03/2004,HGR,MD,AEA,EN,Federal Contract Tower,0,5,10,0,15,0,5,74,20,99,0,10,84,20,114,22,8,30,144
07/04/2004,HGR,MD,AEA,EN,Federal Contract Tower,0,3,6,7,16,0,4,5,10,19,0,7,11,17,35,2,28,30,65
07/05/2004,HGR,MD,AEA,EN,Federal Contract Tower,0,6,20,1,27,0,2,55,21,78,0,8,75,22,105,22,30,52,157
07/06/2004,HGR,MD,AEA,EN,Federal Contract Tower,0,9,11,0,20,0,5,100,41,146,0,14,111,41,166,46,82,128,294
07/07/2004,HGR,MD,AEA,EN,Federal Contract Tower,0,8,17,0,25,0,6,39,24,69,0,14,56,24,94,24,238,262,356
07/08/2004,HGR,MD,AEA,EN,Federal Contract Tower,0,8,17,3,28,0,13,134,59,206,0,21,151,62,234,74,208,282,516
07/09/2004,HGR,MD,AEA,EN,Federal Contract Tower,0,6,28,0,34,0,6,128,60,194,0,12,156,60,228,34,72,106,334
07/10/2004,HGR,MD,AEA,EN,Federal Contract Tower,0,5,24,2,31,0,1,90,34,125,0,6,114,36,156,34,28,62,218
07/11/2004,HGR,MD,AEA,EN,Federal Contract Tower,0,7,11,0,18,0,4,21,0,25,0,11,32,0,43,0,0,0,43
07/12/2004,HGR,MD,AEA,EN,Federal Contract Tower,0,6,12,4,22,0,0,0,0,0,0,6,12,4,22,0,0,0,22
07/13/2004,HGR,MD,AEA,EN,Federal Contract Tower,0,12,28,11,51,0,3,27,2,32,0,15,55,13,83,10,2,12,95
07/14/2004,HGR,MD,AEA,EN,Federal Contract Tower,0,7,14,0,21,0,2,34,0,36,0,9,48,0,57,16,0,16,73
07/15/2004,HGR,MD,AEA,EN,Federal Contract Tower,0,10,31,1,42,0,3,109,10,122,0,13,140,11,164,6,4,10,174
07/16/2004,HGR,MD,AEA,EN,Federal Contract Tower,0,8,36,3,47,0,2,118,8,128,0,10,154,11,175,54,18,72,247
07/17/2004,HGR,MD,AEA,EN,Federal Contract Tower,0,5,33,1,39,0,4,390,3,397,0,9,423,4,436,34,0,34,470
07/18/2004,HGR,MD,AEA,EN,Federal Contract Tower,0,7,12,0,19,0,11,20,0,31,0,18,32,0,50,8,0,8,58
07/19/2004,HGR,MD,AEA,EN,Federal Contract Tower,0,6,24,12,42,0,0,39,7,46,0,6,63,19,88,56,20,76,164
07/20/2004,HGR,MD,AEA,EN,Federal Contract Tower,0,11,13,1,25,0,6,89,9,104,0,17,102,10,129,72,28,100,229
07/21/2004,HGR,MD,AEA,EN,Federal Contract Tower,0,10,23,0,33,0,6,110,19,135,0,16,133,19,168,82,16,98,266
07/22/2004,HGR,MD,AEA,EN,Federal Contract Tower,0,22,21,6,49,0,1,59,2,62,0,23,80,8,111,36,12,48,159
07/23/2004,HGR,MD,AEA,EN,Federal Contract Tower,0,9,22,2,33,0,0,16,0,16,0,9,38,2,49,0,0,0,49
07/24/2004,HGR,MD,AEA,EN,Federal Contract Tower,0,5,18,0,23,0,0,135,4,139,0,5,153,4,162,68,0,68,230
07/25/2004,HGR,MD,AEA,EN,Federal Contract Tower,0,4,19,0,23,0,0,3,3,6,0,4,22,3,29,0,28,28,57
07/26/2004,HGR,MD,AEA,EN,Federal Contract Tower,0,9,29,5,43,0,0,35,0,35,0,9,64,5,78,50,0,50,128
07/27/2004,HGR,MD,AEA,EN,Federal Contract Tower,0,5,18,2,25,0,0,4,0,4,0,5,22,2,29,4,0,4,33
07/28/2004,HGR,MD,AEA,EN,Federal Contract Tower,0,8,22,2,32,0,4,67,4,75,0,12,89,6,107,16,0,16,123
07/29/2004,HGR,MD,AEA,EN,Federal Contract Tower,0,7,23,8,38,0,5,145,10,160,0,12,168,18,198,74,38,112,310
07/30/2004,HGR,MD,AEA,EN,Federal Contract Tower,0,7,21,0,28,0,10,45,0,55,0,17,66,0,83,24,0,24,107
07/31/2004,HGR,MD,AEA,EN,Federal Contract Tower,0,6,26,0,32,0,10,38,24,72,0,16,64,24,104,0,0,0,104
08/01/2004,HGR,MD,AEA,EN,Federal Contract Tower,0,5,13,0,18,0,2,42,0,44,0,7,55,0,62,28,0,28,90
08/02/2004,HGR,MD,AEA,EN,Federal Contract Tower,0,11,22,6,39,0,2,52,0,54,0,13,74,6,93,24,0,24,117
08/03/2004,HGR,MD,AEA,EN,Federal Contract Tower,0,7,13,1,21,0,4,61,6,71,0,11,74,7,92,54,0,54,146
08/04/2004,HGR,MD,AEA,EN,Federal Contract Tower,0,6,20,4,30,0,1,56,4,61,0,7,76,8,91,42,2,44,135
08/05/2004,HGR,MD,AEA,EN,Federal Contract Tower,0,6,17,3,26,0,6,68,15,89,0,12,85,18,115,16,0,16,131
08/06/2004,HGR,MD,AEA,EN,Federal Contract Tower,0,6,15,2,23,0,2,85,2,89,0,8,100,4,112,48,6,54,166
08/07/2004,HGR,MD,AEA,EN,Federal Contract Tower,0,5,12,0,17,0,8,122,12,142,0,13,134,12,159,28,0,28,187
08/08/2004,HGR,MD,AEA,EN,Federal Contract Tower,0,6,5,0,11,0,5,115,0,120,0,11,120,0,131,68,0,68,199
08/09/2004,HGR,MD,AEA,EN,Federal Contract Tower,0,6,20,0,26,0,3,96,23,122,0,9,116,23,148,60,2,62,210
08/10/2004,HGR,MD,AEA,EN,Federal Contract Tower,0,6,22,1,29,0,4,68,0,72,0,10,90,1,101,50,0,50,151
08/11/2004,HGR,MD,AEA,EN,Federal Contract Tower,0,8,10,2,20,0,2,68,10,80,0,10,78,12,100,70,0,70,170
08/12/2004,HGR,MD,AEA,EN,Federal Contract Tower,0,6,13,4,23,0,0,30,10,40,0,6,43,14,63,34,34,68,131
08/13/2004,HGR,MD,AEA,EN,Federal Contract Tower,0,6,17,3,26,0,5,25,5,35,0,11,42,8,61,32,14,46,107
08/14/2004,HGR,MD,AEA,EN,Federal Contract Tower,0,7,6,0,13,0,4,42,2,48,0,11,48,2,61,62,0,62,123
08/15/2004,HGR,MD,AEA,EN,Federal Contract Tower,0,7,3,0,10,0,1,46,7,54,0,8,49,7,64,14,12,26,90
08/16/2004,HGR,MD,AEA,EN,Federal Contract Tower,0,10,16,0,26,0,7,79,4,90,0,17,95,4,116,50,6,56,172
08/17/2004,HGR,MD,AEA,EN,Federal Contract Tower,0,7,25,0,32,0,0,39,9,48,0,7,64,9,80,32,0,32,112
08/18/2004,HGR,MD,AEA,EN,Federal Contract Tower,0,5,13,0,18,0,2,42,0,44,0,7,55,0,62,28,0,28,90
08/19/2004,HGR,MD,AEA,EN,Federal Contract Tower,0,7,16,1,24,0,3,60,2,65,0,10,76,3,89,22,0,22,111
08/20/2004,HGR,MD,AEA,EN,Federal Contract Tower,0,8,10,0,18,0,7,112,3,122,0,15,122,3,140,52,0,52,192
08/21/2004,HGR,MD,AEA,EN,Federal Contract Tower,0,5,7,1,13,0,0,21,0,21,0,5,28,1,34,30,0,30,64
08/22/2004,HGR,MD,AEA,EN,Federal Contract Tower,0,5,12,0,17,0,5,126,9,140,0,10,138,9,157,34,12,46,203
08/23/2004,HGR,MD,AEA,EN,Federal Contract Tower,0,7,13,5,25,0,3,87,10,100,0,10,100,15,125,84,4,88,213
08/24/2004,HGR,MD,AEA,EN,Federal Contract Tower,0,9,18,2,29,0,0,100,2,102,0,9,118,4,131,32,0,32,163
08/25/2004,HGR,MD,AEA,EN,Federal Contract Tower,0,5,20,2,27,0,0,49,2,51,0,5,69,4,78,18,18,36,114
08/26/2004,HGR,MD,AEA,EN,Federal Contract Tower,0,10,14,0,24,0,12,81,2,95,0,22,95,2,119,52,0,52,171
08/27/2004,HGR,MD,AEA,EN,Federal Contract Tower,0,12,20,1,33,0,9,79,4,92,0,21,99,5,125,24,0,24,149
08/28/2004,HGR,MD,AEA,EN,Federal Contract Tower,0,5,13,0,18,0,6,76,0,82,0,11,89,0,100,82,0,82,182
08/29/2004,HGR,MD,AEA,EN,Federal Contract Tower,0,6,15,0,21,0,0,71,0,71,0,6,86,0,92,24,0,24,116
08/30/2004,HGR,MD,AEA,EN,Federal Contract Tower,0,10,15,5,30,0,8,57,1,66,0,18,72,6,96,44,0,44,140
08/31/2004,HGR,MD,AEA,EN,Federal Contract Tower,0,6,17,4,27,0,3,72,5,80,0,9,89,9,107,60,6,66,173
09/01/2004,HGR,MD,AEA,EN,Federal Contract Tower,0,6,26,4,36,0,4,130,2,136,0,10,156,6,172,60,0,60,232
09/02/2004,HGR,MD,AEA,EN,Federal Contract Tower,0,8,23,12,43,0,3,139,9,151,0,11,162,21,194,38,18,56,250
09/03/2004,HGR,MD,AEA,EN,Federal Contract Tower,0,8,36,0,44,0,4,112,0,116,0,12,148,0,160,102,0,102,262
09/04/2004,HGR,MD,AEA,EN,Federal Contract Tower,0,5,7,1,13,0,0,121,3,124,0,5,128,4,137,82,8,90,227
09/05/2004,HGR,MD,AEA,EN,Federal Contract Tower,0,4,18,0,22,0,2,44,0,46,0,6,62,0,68,12,0,12,80
09/06/2004,HGR,MD,AEA,EN,Federal Contract Tower,0,6,12,0,18,0,2,10,2,14,0,8,22,2,32,0,22,22,54
09/07/2004,HGR,MD,AEA,EN,Federal Contract Tower,0,10,21,0,31,0,9,21,0,30,0,19,42,0,61,26,0,26,87
09/08/2004,HGR,MD,AEA,EN,Federal Contract Tower,0,6,7,0,13,0,0,0,0,0,0,6,7,0,13,0,0,0,13
09/09/2004,HGR,MD,AEA,EN,Federal Contract Tower,0,6,9,2,17,0,0,8,4,12,0,6,17,6,29,10,0,10,39
09/10/2004,HGR,MD,AEA,EN,Federal Contract Tower,0,7,23,2,32,0,3,143,24,170,0,10,166,26,202,68,12,80,282
09/11/2004,HGR,MD,AEA,EN,Federal Contract Tower,0,5,14,2,21,0,7,84,26,117,0,12,98,28,138,40,8,48,186
09/12/2004,HGR,MD,AEA,EN,Federal Contract Tower,0,5,20,0,25,0,3,46,10,59,0,8,66,10,84,26,0,26,110
09/13/2004,HGR,MD,AEA,EN,Federal Contract Tower,0,7,21,6,34,0,6,86,10,102,0,13,107,16,136,74,4,78,214
09/14/2004,HGR,MD,AEA,EN,Federal Contract Tower,0,6,33,0,39,0,14,23,0,37,0,20,56,0,76,24,0,24,100
09/15/2004,HGR,MD,AEA,EN,Federal Contract Tower,0,8,17,3,28,0,0,18,1,19,0,8,35,4,47,20,0,20,67
09/16/2004,HGR,MD,AEA,EN,Federal Contract Tower,0,8,27,0,35,0,6,47,2,55,0,14,74,2,90,20,0,20,110
09/17/2004,HGR,MD,AEA,EN,Federal Contract Tower,0,8,15,0,23,0,0,0,0,0,0,8,15,0,23,0,0,0,23
09/18/2004,HGR,MD,AEA,EN,Federal Contract Tower,0,5,10,0,15,0,0,4,0,4,0,5,14,0,19,0,0,0,19
09/19/2004,HGR,MD,AEA,EN,Federal Contract Tower,0,5,9,0,14,0,0,100,6,106,0,5,109,6,120,18,0,18,138
09/20/2004,HGR,MD,AEA,EN,Federal Contract Tower,0,6,16,5,27,0,2,118,3,123,0,8,134,8,150,52,0,52,202
09/21/2004,HGR,MD,AEA,EN,Federal Contract Tower,0,6,28,1,35,0,1,96,11,108,0,7,124,12,143,54,16,70,213
09/22/2004,HGR,MD,AEA,EN,Federal Contract Tower,0,6,17,0,23,0,0,109,15,124,0,6,126,15,147,32,4,36,183
09/23/2004,HGR,MD,AEA,EN,Federal Contract Tower,0,6,22,0,28,0,11,162,4,177,0,17,184,4,205,78,20,98,303
09/24/2004,HGR,MD,AEA,EN,Federal Contract Tower,0,6,12,0,18,0,0,104,0,104,0,6,116,0,122,38,0,38,160
09/25/2004,HGR,MD,AEA,EN,Federal Contract Tower,0,5,11,0,16,0,0,49,6,55,0,5,60,6,71,16,2,18,89
09/26/2004,HGR,MD,AEA,EN,Federal Contract Tower,0,5,13,0,18,0,2,78,5,85,0,7,91,5,103,66,0,66,169
09/27/2004,HGR,MD,AEA,EN,Federal Contract Tower,0,8,18,2,28,0,1,45,2,48,0,9,63,4,76,24,0,24,100
09/28/2004,HGR,MD,AEA,EN,Federal Contract Tower,0,9,8,1,18,0,0,0,0,0,0,9,8,1,18,0,0,0,18
09/29/2004,HGR,MD,AEA,EN,Federal Contract Tower,0,10,24,3,37,0,5,81,3,89,0,15,105,6,126,26,10,36,162
09/30/2004,HGR,MD,AEA,EN,Federal Contract Tower,0,7,2,0,9,0,0,156,14,170,0,7,158,14,179,86,0,86,265
10/01/2004,HGR,MD,AEA,EN,Federal Contract Tower,0,5,24,1,30,0,7,160,0,167,0,12,184,1,197,78,0,78,275
10/02/2004,HGR,MD,AEA,EN,Federal Contract Tower,0,5,8,1,14,0,6,11,6,23,0,11,19,7,37,0,0,0,37
10/03/2004,HGR,MD,AEA,EN,Federal Contract Tower,0,5,14,0,19,0,4,142,6,152,0,9,156,6,171,38,0,38,209
10/04/2004,HGR,MD,AEA,EN,Federal Contract Tower,0,6,5,2,13,0,2,64,0,66,0,8,69,2,79,6,0,6,85
10/05/2004,HGR,MD,AEA,EN,Federal Contract Tower,0,10,19,2,31,0,4,68,3,75,0,14,87,5,106,60,24,84,190
10/06/2004,HGR,MD,AEA,EN,Federal Contract Tower,0,12,14,4,30,0,0,114,2,116,0,12,128,6,146,72,0,72,218
10/07/2004,HGR,MD,AEA,EN,Federal Contract Tower,0,9,25,0,34,0,0,143,11,154,0,9,168,11,188,60,0,60,248
10/08/2004,HGR,MD,AEA,EN,Federal Contract Tower,0,8,22,0,30,0,9,126,4,139,0,17,148,4,169,34,4,38,207
10/09/2004,HGR,MD,AEA,EN,Federal Contract Tower,0,5,18,1,24,0,4,92,0,96,0,9,110,1,120,62,0,62,182
10/10/2004,HGR,MD,AEA,EN,Federal Contract Tower,0,5,13,1,19,0,10,68,2,80,0,15,81,3,99,8,0,8,107
10/11/2004,HGR,MD,AEA,EN,Federal Contract Tower,0,7,17,0,24,0,4,61,0,65,0,11,78,0,89,32,0,32,121
10/12/2004,HGR,MD,AEA,EN,Federal Contract Tower,0,9,12,2,23,0,2,77,6,85,0,11,89,8,108,54,8,62,170
10/13/2004,HGR,MD,AEA,EN,Federal Contract Tower,0,5,16,3,24,0,0,53,6,59,0,5,69,9,83,34,0,34,117
10/14/2004,HGR,MD,AEA,EN,Federal Contract Tower,0,6,16,7,29,0,4,25,5,34,0,10,41,12,63,4,16,20,83
10/15/2004,HGR,MD,AEA,EN,Federal Contract Tower,0,9,14,2,25,0,2,50,0,52,0,11,64,2,77,10,4,14,91
10/16/2004,HGR,MD,AEA,EN,Federal Contract Tower,0,3,8,0,11,0,5,30,2,37,0,8,38,2,48,0,0,0,48
10/17/2004,HGR,MD,AEA,EN,Federal Contract Tower,0,5,6,0,11,0,3,55,9,67,0,8,61,9,78,18,4,22,100
10/18/2004,HGR,MD,AEA,EN,Federal Contract Tower,0,8,10,8,26,0,7,61,16,84,0,15,71,24,110,16,0,16,126
10/19/2004,HGR,MD,AEA,EN,Federal Contract Tower,0,7,7,5,19,0,0,0,0,0,0,7,7,5,19,0,0,0,19
10/20/2004,HGR,MD,AEA,EN,Federal Contract Tower,0,6,19,6,31,0,0,0,0,0,0,6,19,6,31,0,0,0,31
10/21/2004,HGR,MD,AEA,EN,Federal Contract Tower,0,9,35,8,52,0,1,1,2,4,0,10,36,10,56,0,0,0,56
10/22/2004,HGR,MD,AEA,EN,Federal Contract Tower,0,8,38,3,49,0,1,12,0,13,0,9,50,3,62,0,0,0,62
10/23/2004,HGR,MD,AEA,EN,Federal Contract Tower,0,3,25,1,29,0,2,88,10,100,0,5,113,11,129,58,2,60,189
10/24/2004,HGR,MD,AEA,EN,Federal Contract Tower,0,8,16,0,24,0,7,0,0,7,0,15,16,0,31,0,0,0,31
10/25/2004,HGR,MD,AEA,EN,Federal Contract Tower,0,6,17,0,23,0,0,5,0,5,0,6,22,0,28,0,0,0,28
10/26/2004,HGR,MD,AEA,EN,Federal Contract Tower,0,7,20,3,30,0,9,109,8,126,0,16,129,11,156,66,0,66,222
10/27/2004,HGR,MD,AEA,EN,Federal Contract Tower,0,6,23,6,35,0,0,116,8,124,0,6,139,14,159,28,0,28,187
10/28/2004,HGR,MD,AEA,EN,Federal Contract Tower,0,8,19,9,36,0,9,130,10,149,0,17,149,19,185,40,0,40,225
10/29/2004,HGR,MD,AEA,EN,Federal Contract Tower,0,7,31,2,40,0,0,14,1,15,0,7,45,3,55,6,0,6,61
10/30/2004,HGR,MD,AEA,EN,Federal Contract Tower,0,3,13,0,16,0,0,36,0,36,0,3,49,0,52,14,0,14,66
10/31/2004,HGR,MD,AEA,EN,Federal Contract Tower,0,5,11,0,16,0,12,52,0,64,0,17,63,0,80,60,0,60,140
11/01/2004,HGR,MD,AEA,EN,Federal Contract Tower,0,11,9,0,20,0,6,112,6,124,0,17,121,6,144,64,8,72,216
11/02/2004,HGR,MD,AEA,EN,Federal Contract Tower,0,6,9,0,15,0,4,79,4,87,0,10,88,4,102,48,0,48,150
11/03/2004,HGR,MD,AEA,EN,Federal Contract Tower,0,8,13,6,27,0,0,76,35,111,0,8,89,41,138,22,4,26,164
11/04/2004,HGR,MD,AEA,EN,Federal Contract Tower,0,6,19,3,28,0,0,14,3,17,0,6,33,6,45,0,0,0,45
11/05/2004,HGR,MD,AEA,EN,Federal Contract Tower,0,5,13,0,18,0,6,49,4,59,0,11,62,4,77,6,0,6,83
11/06/2004,HGR,MD,AEA,EN,Federal Contract Tower,0,3,13,6,22,0,0,64,12,76,0,3,77,18,98,12,24,36,134
11/07/2004,HGR,MD,AEA,EN,Federal Contract Tower,0,5,13,0,18,0,3,82,3,88,0,8,95,3,106,44,24,68,174
11/08/2004,HGR,MD,AEA,EN,Federal Contract Tower,0,12,19,0,31,0,3,38,9,50,0,15,57,9,81,6,2,8,89
11/09/2004,HGR,MD,AEA,EN,Federal Contract Tower,0,6,22,0,28,0,1,66,7,74,0,7,88,7,102,18,0,18,120
11/10/2004,HGR,MD,AEA,EN,Federal Contract Tower,0,11,15,5,31,0,6,109,1,116,0,17,124,6,147,54,4,58,205
11/11/2004,HGR,MD,AEA,EN,Federal Contract Tower,0,6,20,1,27,0,0,116,1,117,0,6,136,2,144,52,0,52,196
11/12/2004,HGR,MD,AEA,EN,Federal Contract Tower,0,7,17,0,24,0,0,1,0,1,0,7,18,0,25,0,0,0,25
11/13/2004,HGR,MD,AEA,EN,Federal Contract Tower,0,3,11,0,14,0,4,50,0,54,0,7,61,0,68,34,0,34,102
11/14/2004,HGR,MD,AEA,EN,Federal Contract Tower,0,6,12,1,19,0,6,98,4,108,0,12,110,5,127,54,2,56,183
11/15/2004,HGR,MD,AEA,EN,Federal Contract Tower,0,9,12,4,25,0,0,54,0,54,0,9,66,4,79,20,0,20,99
11/16/2004,HGR,MD,AEA,EN,Federal Contract Tower,0,8,16,1,25,0,2,95,9,106,0,10,111,10,131,56,16,72,203
11/17/2004,HGR,MD,AEA,EN,Federal Contract Tower,0,13,13,3,29,0,3,67,3,73,0,16,80,6,102,18,0,18,120
11/18/2004,HGR,MD,AEA,EN,Federal Contract Tower,0,5,12,1,18,0,0,73,12,85,0,5,85,13,103,100,6,106,209
11/19/2004,HGR,MD,AEA,EN,Federal Contract Tower,0,7,24,0,31,0,2,15,3,20,0,9,39,3,51,10,12,22,73
11/20/2004,HGR,MD,AEA,EN,Federal Contract Tower,0,6,22,0,28,0,0,3,0,3,0,6,25,0,31,0,0,0,31
11/21/2004,HGR,MD,AEA,EN,Federal Contract Tower,0,6,20,0,26,0,0,20,2,22,0,6,40,2,48,46,0,46,94
11/22/2004,HGR,MD,AEA,EN,Federal Contract Tower,0,9,35,2,46,0,0,25,0,25,0,9,60,2,71,18,0,18,89
11/23/2004,HGR,MD,AEA,EN,Federal Contract Tower,0,6,23,0,29,0,0,0,0,0,0,6,23,0,29,0,0,0,29
11/24/2004,HGR,MD,AEA,EN,Federal Contract Tower,0,7,10,0,17,0,0,0,0,0,0,7,10,0,17,0,0,0,17
11/25/2004,HGR,MD,AEA,EN,Federal Contract Tower,0,6,4,0,10,0,0,7,0,7,0,6,11,0,17,0,0,0,17
11/26/2004,HGR,MD,AEA,EN,Federal Contract Tower,0,7,7,0,14,0,3,119,0,122,0,10,126,0,136,22,0,22,158
11/27/2004,HGR,MD,AEA,EN,Federal Contract Tower,0,5,21,0,26,0,4,85,5,94,0,9,106,5,120,66,2,68,188
11/28/2004,HGR,MD,AEA,EN,Federal Contract Tower,0,5,22,0,27,0,2,34,0,36,0,7,56,0,63,36,0,36,99
11/29/2004,HGR,MD,AEA,EN,Federal Contract Tower,0,8,28,0,36,0,6,79,3,88,0,14,107,3,124,58,0,58,182
11/30/2004,HGR,MD,AEA,EN,Federal Contract Tower,0,7,10,1,18,0,6,93,6,105,0,13,103,7,123,30,0,30,153
12/01/2004,HGR,MD,AEA,EN,Federal Contract Tower,0,11,8,0,19,0,0,12,0,12,0,11,20,0,31,0,0,0,31
12/02/2004,HGR,MD,AEA,EN,Federal Contract Tower,0,6,15,1,22,0,5,125,11,141,0,11,140,12,163,44,0,44,207
12/03/2004,HGR,MD,AEA,EN,Federal Contract Tower,0,6,9,2,17,0,4,76,14,94,0,10,85,16,111,14,0,14,125
12/04/2004,HGR,MD,AEA,EN,Federal Contract Tower,0,3,10,0,13,0,5,107,6,118,0,8,117,6,131,52,0,52,183
12/05/2004,HGR,MD,AEA,EN,Federal Contract Tower,0,4,10,0,14,0,0,73,10,83,0,4,83,10,97,34,8,42,139
12/06/2004,HGR,MD,AEA,EN,Federal Contract Tower,0,7,12,0,19,0,3,5,3,11,0,10,17,3,30,4,0,4,34
12/07/2004,HGR,MD,AEA,EN,Federal Contract Tower,0,6,10,0,16,0,0,0,0,0,0,6,10,0,16,0,0,0,16
12/08/2004,HGR,MD,AEA,EN,Federal Contract Tower,0,7,15,2,24,0,3,79,7,89,0,10,94,9,113,10,0,10,123
12/09/2004,HGR,MD,AEA,EN,Federal Contract Tower,0,6,17,4,27,0,0,43,10,53,0,6,60,14,80,26,4,30,110
12/10/2004,HGR,MD,AEA,EN,Federal Contract Tower,0,8,20,0,28,0,0,0,0,0,0,8,20,0,28,0,0,0,28
12/11/2004,HGR,MD,AEA,EN,Federal Contract Tower,0,3,9,0,12,0,4,34,2,40,0,7,43,2,52,28,0,28,80
12/12/2004,HGR,MD,AEA,EN,Federal Contract Tower,0,3,11,0,14,0,2,46,0,48,0,5,57,0,62,34,0,34,96
12/13/2004,HGR,MD,AEA,EN,Federal Contract Tower,0,6,14,1,21,0,0,14,2,16,0,6,28,3,37,0,2,2,39
12/14/2004,HGR,MD,AEA,EN,Federal Contract Tower,0,6,23,2,31,0,0,50,4,54,0,6,73,6,85,12,2,14,99
12/15/2004,HGR,MD,AEA,EN,Federal Contract Tower,0,9,13,7,29,0,1,111,15,127,0,10,124,22,156,12,6,18,174
12/16/2004,HGR,MD,AEA,EN,Federal Contract Tower,0,7,17,3,27,0,3,101,14,118,0,10,118,17,145,60,0,60,205
12/17/2004,HGR,MD,AEA,EN,Federal Contract Tower,0,2,10,2,14,0,10,50,4,64,0,12,60,6,78,32,8,40,118
12/18/2004,HGR,MD,AEA,EN,Federal Contract Tower,0,3,11,0,14,0,0,106,2,108,0,3,117,2,122,74,0,74,196
12/19/2004,HGR,MD,AEA,EN,Federal Contract Tower,0,3,13,1,17,0,0,18,0,18,0,3,31,1,35,16,0,16,51
12/20/2004,HGR,MD,AEA,EN,Federal Contract Tower,0,6,14,2,22,0,0,8,10,18,0,6,22,12,40,0,0,0,40
12/21/2004,HGR,MD,AEA,EN,Federal Contract Tower,0,4,12,0,16,0,8,75,6,89,0,12,87,6,105,6,0,6,111
12/22/2004,HGR,MD,AEA,EN,Federal Contract Tower,0,4,13,7,24,0,4,91,4,99,0,8,104,11,123,26,24,50,173
12/23/2004,HGR,MD,AEA,EN,Federal Contract Tower,0,5,3,0,8,0,0,2,0,2,0,5,5,0,10,0,0,0,10
12/24/2004,HGR,MD,AEA,EN,Federal Contract Tower,0,4,5,1,10,0,0,58,4,62,0,4,63,5,72,20,0,20,92
12/25/2004,HGR,MD,AEA,EN,Federal Contract Tower,0,3,0,0,3,0,0,10,2,12,0,3,10,2,15,0,0,0,15
12/26/2004,HGR,MD,AEA,EN,Federal Contract Tower,0,5,8,0,13,0,2,44,0,46,0,7,52,0,59,48,0,48,107
12/27/2004,HGR,MD,AEA,EN,Federal Contract Tower,0,6,7,5,18,0,2,41,2,45,0,8,48,7,63,12,0,12,75
12/28/2004,HGR,MD,AEA,EN,Federal Contract Tower,0,8,8,5,21,0,0,74,14,88,0,8,82,19,109,28,4,32,141
12/29/2004,HGR,MD,AEA,EN,Federal Contract Tower,0,6,7,2,15,0,4,71,6,81,0,10,78,8,96,20,0,20,116
12/30/2004,HGR,MD,AEA,EN,Federal Contract Tower,0,4,12,3,19,0,0,66,2,68,0,4,78,5,87,86,0,86,173
12/31/2004,HGR,MD,AEA,EN,Federal Contract Tower,0,4,13,0,17,0,0,73,0,73,0,4,86,0,90,32,0,32,122
01/01/2005,HGR,MD,AEA,EN,Federal Contract Tower,0,7,10,1,18,0,6,91,2,99,0,13,101,3,117,80,0,80,197
01/02/2005,HGR,MD,AEA,EN,Federal Contract Tower,0,4,6,0,10,0,2,16,4,22,0,6,22,4,32,16,4,20,52
01/03/2005,HGR,MD,AEA,EN,Federal Contract Tower,0,4,9,0,13,0,3,31,0,34,0,7,40,0,47,24,0,24,71
01/04/2005,HGR,MD,AEA,EN,Federal Contract Tower,0,4,8,0,12,0,2,56,20,78,0,6,64,20,90,34,8,42,132
01/05/2005,HGR,MD,AEA,EN,Federal Contract Tower,0,5,22,0,27,0,0,3,0,3,0,5,25,0,30,0,0,0,30
01/06/2005,HGR,MD,AEA,EN,Federal Contract Tower,0,3,8,0,11,0,0,3,0,3,0,3,11,0,14,0,0,0,14
01/07/2005,HGR,MD,AEA,EN,Federal Contract Tower,0,4,16,4,24,0,0,79,21,100,0,4,95,25,124,62,20,82,206
01/08/2005,HGR,MD,AEA,EN,Federal Contract Tower,0,3,13,0,16,0,0,32,0,32,0,3,45,0,48,14,0,14,62
01/09/2005,HGR,MD,AEA,EN,Federal Contract Tower,0,3,16,0,19,0,2,66,12,80,0,5,82,12,99,42,2,44,143
01/10/2005,HGR,MD,AEA,EN,Federal Contract Tower,0,4,15,3,22,0,0,76,0,76,0,4,91,3,98,22,0,22,120
01/11/2005,HGR,MD,AEA,EN,Federal Contract Tower,0,7,21,1,29,0,1,27,0,28,0,8,48,1,57,0,0,0,57
01/12/2005,HGR,MD,AEA,EN,Federal Contract Tower,0,5,15,2,22,0,0,3,0,3,0,5,18,2,25,0,0,0,25
01/13/2005,HGR,MD,AEA,EN,Federal Contract Tower,0,7,18,0,25,0,0,11,10,21,0,7,29,10,46,0,6,6,52
01/14/2005,HGR,MD,AEA,EN,Federal Contract Tower,0,6,12,2,20,0,6,39,8,53,0,12,51,10,73,2,0,2,75
01/15/2005,HGR,MD,AEA,EN,Federal Contract Tower,0,3,5,0,8,0,0,105,3,108,0,3,110,3,116,62,0,62,178
01/16/2005,HGR,MD,AEA,EN,Federal Contract Tower,0,3,7,1,11,0,0,52,7,59,0,3,59,8,70,22,0,22,92
01/17/2005,HGR,MD,AEA,EN,Federal Contract Tower,0,4,9,0,13,0,2,47,4,53,0,6,56,4,66,30,0,30,96
01/18/2005,HGR,MD,AEA,EN,Federal Contract Tower,0,5,7,1,13,0,4,85,27,116,0,9,92,28,129,10,0,10,139
01/19/2005,HGR,MD,AEA,EN,Federal Contract Tower,0,5,2,0,7,0,0,32,0,32,0,5,34,0,39,0,0,0,39
01/20/2005,HGR,MD,AEA,EN,Federal Contract Tower,0,4,9,1,14,0,9,65,6,80,0,13,74,7,94,24,0,24,118
01/21/2005,HGR,MD,AEA,EN,Federal Contract Tower,0,4,11,5,20,0,8,84,15,107,0,12,95,20,127,50,2,52,179
01/22/2005,HGR,MD,AEA,EN,Federal Contract Tower,0,4,0,0,4,0,1,0,0,1,0,5,0,0,5,0,0,0,5
01/23/2005,HGR,MD,AEA,EN,Federal Contract Tower,0,3,7,0,10,0,8,6,2,16,0,11,13,2,26,0,8,8,34
01/24/2005,HGR,MD,AEA,EN,Federal Contract Tower,0,5,7,1,13,0,0,25,3,28,0,5,32,4,41,6,0,6,47
01/25/2005,HGR,MD,AEA,EN,Federal Contract Tower,0,4,14,0,18,0,0,73,13,86,0,4,87,13,104,24,18,42,146
01/26/2005,HGR,MD,AEA,EN,Federal Contract Tower,0,4,6,2,12,0,2,72,10,84,0,6,78,12,96,36,6,42,138
01/27/2005,HGR,MD,AEA,EN,Federal Contract Tower,0,4,8,2,14,0,0,42,1,43,0,4,50,3,57,28,0,28,85
01/28/2005,HGR,MD,AEA,EN,Federal Contract Tower,0,5,10,0,15,0,7,96,7,110,0,12,106,7,125,60,0,60,185
01/29/2005,HGR,MD,AEA,EN,Federal Contract Tower,0,5,15,0,20,0,0,91,11,102,0,5,106,11,122,68,18,86,208
01/30/2005,HGR,MD,AEA,EN,Federal Contract Tower,0,3,2,0,5,0,0,9,0,9,0,3,11,0,14,0,0,0,14
01/31/2005,HGR,MD,AEA,EN,Federal Contract Tower,0,4,13,4,21,0,0,78,6,84,0,4,91,10,105,0,0,0,105
02/01/2005,HGR,MD,AEA,EN,Federal Contract Tower,0,4,12,0,16,0,4,76,6,86,0,8,88,6,102,26,12,38,140
02/02/2005,HGR,MD,AEA,EN,Federal Contract Tower,0,6,11,4,21,0,3,89,6,98,0,9,100,10,119,42,4,46,165
02/03/2005,HGR,MD,AEA,EN,Federal Contract Tower,0,5,16,4,25,0,2,26,2,30,0,7,42,6,55,14,4,18,73
02/04/2005,HGR,MD,AEA,EN,Federal Contract Tower,0,4,15,6,25,0,0,57,27,84,0,4,72,33,109,24,16,40,149
02/05/2005,HGR,MD,AEA,EN,Federal Contract Tower,0,3,13,2,18,0,0,128,0,128,0,3,141,2,146,66,0,66,212
02/06/2005,HGR,MD,AEA,EN,Federal Contract Tower,0,3,12,0,15,0,3,98,3,104,0,6,110,3,119,52,6,58,177
02/07/2005,HGR,MD,AEA,EN,Federal Contract Tower,0,4,23,2,29,0,7,82,0,89,0,11,105,2,118,22,0,22,140
02/08/2005,HGR,MD,AEA,EN,Federal Contract Tower,0,4,6,3,13,0,0,55,13,68,0,4,61,16,81,46,22,68,149
02/09/2005,HGR,MD,AEA,EN,Federal Contract Tower,0,3,10,3,16,0,2,24,19,45,0,5,34,22,61,6,6,12,73
02/10/2005,HGR,MD,AEA,EN,Federal Contract Tower,0,4,6,2,12,0,1,35,16,52,0,5,41,18,64,0,2,2,66
02/11/2005,HGR,MD,AEA,EN,Federal Contract Tower,0,4,8,3,15,0,0,51,16,67,0,4,59,19,82,2,12,14,96
02/12/2005,HGR,MD,AEA,EN,Federal Contract Tower,0,3,8,0,11,0,2,96,2,100,0,5,104,2,111,42,8,50,161
02/13/2005,HGR,MD,AEA,EN,Federal Contract Tower,0,3,6,0,9,0,0,105,2,107,0,3,111,2,116,106,0,106,222
02/14/2005,HGR,MD,AEA,EN,Federal Contract Tower,0,5,8,3,16,0,0,7,0,7,0,5,15,3,23,0,0,0,23
02/15/2005,HGR,MD,AEA,EN,Federal Contract Tower,0,4,12,2,18,0,0,125,7,132,0,4,137,9,150,32,0,32,182
02/16/2005,HGR,MD,AEA,EN,Federal Contract Tower,0,3,8,1,12,0,2,27,3,32,0,5,35,4,44,20,0,20,64
02/17/2005,HGR,MD,AEA,EN,Federal Contract Tower,0,4,19,4,27,0,4,32,2,38,0,8,51,6,65,24,0,24,89
02/18/2005,HGR,MD,AEA,EN,Federal Contract Tower,0,4,13,0,17,0,0,35,7,42,0,4,48,7,59,30,42,72,131
02/19/2005,HGR,MD,AEA,EN,Federal Contract Tower,0,2,8,0,10,0,6,94,10,110,0,8,102,10,120,54,6,60,180
02/20/2005,HGR,MD,AEA,EN,Federal Contract Tower,0,3,8,0,11,0,0,47,1,48,0,3,55,1,59,90,0,90,149
02/21/2005,HGR,MD,AEA,EN,Federal Contract Tower,0,4,22,2,28,0,0,6,0,6,0,4,28,2,34,6,0,6,40
02/22/2005,HGR,MD,AEA,EN,Federal Contract Tower,0,5,15,7,27,0,3,41,22,66,0,8,56,29,93,46,30,76,169
02/23/2005,HGR,MD,AEA,EN,Federal Contract Tower,0,4,8,5,17,0,6,66,6,78,0,10,74,11,95,0,0,0,95
02/24/2005,HGR,MD,AEA,EN,Federal Contract Tower,0,4,9,1,14,0,0,0,0,0,0,4,9,1,14,0,0,0,14
02/25/2005,HGR,MD,AEA,EN,Federal Contract Tower,0,4,9,3,16,0,4,35,3,42,0,8,44,6,58,8,0,8,66
02/26/2005,HGR,MD,AEA,EN,Federal Contract Tower,0,3,6,0,9,0,4,45,0,49,0,7,51,0,58,92,0,92,150
02/27/2005,HGR,MD,AEA,EN,Federal Contract Tower,0,4,16,0,20,0,0,99,2,101,0,4,115,2,121,46,0,46,167
02/28/2005,HGR,MD,AEA,EN,Federal Contract Tower,0,6,4,0,10,0,4,0,0,4,0,10,4,0,14,0,0,0,14
03/01/2005,HGR,MD,AEA,EN,Federal Contract Tower,0,7,6,3,16,0,15,22,0,37,0,22,28,3,53,8,0,8,61
03/02/2005,HGR,MD,AEA,EN,Federal Contract Tower,0,6,11,2,19,0,0,24,6,30,0,6,35,8,49,4,8,12,61
03/03/2005,HGR,MD,AEA,EN,Federal Contract Tower,0,5,14,3,22,0,16,48,11,75,0,21,62,14,97,12,6,18,115
03/04/2005,HGR,MD,AEA,EN,Federal Contract Tower,0,6,25,4,35,0,6,128,6,140,0,12,153,10,175,59,18,77,252
03/05/2005,HGR,MD,AEA,EN,Federal Contract Tower,0,4,12,0,16,0,8,83,3,94,0,12,95,3,110,80,6,86,196
03/06/2005,HGR,MD,AEA,EN,Federal Contract Tower,0,2,14,0,16,0,0,65,6,71,0,2,79,6,87,34,18,52,139
03/07/2005,HGR,MD,AEA,EN,Federal Contract Tower,0,3,17,1,21,0,4,55,4,63,0,7,72,5,84,14,0,14,98
03/08/2005,HGR,MD,AEA,EN,Federal Contract Tower,0,3,5,0,8,0,0,0,0,0,0,3,5,0,8,0,0,0,8
03/09/2005,HGR,MD,AEA,EN,Federal Contract Tower,0,4,17,3,24,0,2,36,10,48,0,6,53,13,72,4,12,16,88
03/10/2005,HGR,MD,AEA,EN,Federal Contract Tower,0,4,25,3,32,0,7,63,6,76,0,11,88,9,108,28,0,28,136
03/11/2005,HGR,MD,AEA,EN,Federal Contract Tower,0,5,11,8,24,0,1,28,1,30,0,6,39,9,54,22,12,34,88
03/12/2005,HGR,MD,AEA,EN,Federal Contract Tower,0,3,7,0,10,0,6,49,9,64,0,9,56,9,74,46,2,48,122
03/13/2005,HGR,MD,AEA,EN,Federal Contract Tower,0,13,4,0,17,0,11,59,2,72,0,24,63,2,89,32,6,38,127
03/14/2005,HGR,MD,AEA,EN,Federal Contract Tower,0,4,13,1,18,0,2,64,13,79,0,6,77,14,97,58,4,62,159
03/15/2005,HGR,MD,AEA,EN,Federal Contract Tower,0,3,13,1,17,0,0,86,9,95,0,3,99,10,112,14,0,14,126
03/16/2005,HGR,MD,AEA,EN,Federal Contract Tower,0,6,12,0,18,0,0,94,12,106,0,6,106,12,124,72,0,72,196
03/17/2005,HGR,MD,AEA,EN,Federal Contract Tower,0,4,6,2,12,0,8,91,3,102,0,12,97,5,114,46,14,60,174
03/18/2005,HGR,MD,AEA,EN,Federal Contract Tower,0,4,27,0,31,0,0,68,9,77,0,4,95,9,108,50,0,50,158
03/19/2005,HGR,MD,AEA,EN,Federal Contract Tower,0,3,24,0,27,0,0,145,3,148,0,3,169,3,175,70,0,70,245
03/20/2005,HGR,MD,AEA,EN,Federal Contract Tower,0,8,8,0,16,0,2,5,0,7,0,10,13,0,23,0,0,0,23
03/21/2005,HGR,MD,AEA,EN,Federal Contract Tower,0,7,22,4,33,0,7,41,3,51,0,14,63,7,84,16,0,16,100
03/22/2005,HGR,MD,AEA,EN,Federal Contract Tower,0,5,29,5,39,0,3,93,20,116,0,8,122,25,155,44,0,44,199
03/23/2005,HGR,MD,AEA,EN,Federal Contract Tower,0,5,18,6,29,0,0,0,0,0,0,5,18,6,29,0,0,0,29
03/24/2005,HGR,MD,AEA,EN,Federal Contract Tower,0,4,24,12,40,0,0,3,0,3,0,4,27,12,43,0,0,0,43
03/25/2005,HGR,MD,AEA,EN,Federal Contract Tower,0,4,10,2,16,0,5,2,0,7,0,9,12,2,23,16,0,16,39
03/26/2005,HGR,MD,AEA,EN,Federal Contract Tower,0,5,11,0,16,0,2,5,0,7,0,7,16,0,23,8,0,8,31
03/27/2005,HGR,MD,AEA,EN,Federal Contract Tower,0,3,2,0,5,0,8,0,0,8,0,11,2,0,13,0,0,0,13
03/28/2005,HGR,MD,AEA,EN,Federal Contract Tower,0,6,12,2,20,0,0,0,0,0,0,6,12,2,20,0,0,0,20
03/29/2005,HGR,MD,AEA,EN,Federal Contract Tower,0,3,23,7,33,0,1,55,29,85,0,4,78,36,118,36,8,44,162
03/30/2005,HGR,MD,AEA,EN,Federal Contract Tower,0,1,23,2,26,0,4,147,6,157,0,5,170,8,183,66,2,68,251
03/31/2005,HGR,MD,AEA,EN,Federal Contract Tower,0,6,26,9,41,0,0,15,1,16,0,6,41,10,57,24,0,24,81
04/01/2005,HGR,MD,AEA,EN,Federal Contract Tower,0,4,21,5,30,0,0,59,7,66,0,4,80,12,96,52,0,52,148
04/02/2005,HGR,MD,AEA,EN,Federal Contract Tower,0,3,3,0,6,0,0,0,0,0,0,3,3,0,6,0,0,0,6
04/03/2005,HGR,MD,AEA,EN,Federal Contract Tower,0,4,10,0,14,0,3,9,0,12,0,7,19,0,26,0,0,0,26
04/04/2005,HGR,MD,AEA,EN,Federal Contract Tower,0,6,6,2,14,0,2,40,2,44,0,8,46,4,58,2,4,6,64
04/05/2005,HGR,MD,AEA,EN,Federal Contract Tower,0,6,11,4,21,0,3,154,20,177,0,9,165,24,198,50,14,64,262
04/06/2005,HGR,MD,AEA,EN,Federal Contract Tower,0,2,28,3,33,0,9,131,28,168,0,11,159,31,201,62,18,80,281
04/07/2005,HGR,MD,AEA,EN,Federal Contract Tower,0,4,10,5,19,0,1,64,19,84,0,5,74,24,103,18,10,28,131
04/08/2005,HGR,MD,AEA,EN,Federal Contract Tower,0,3,22,2,27,0,3,49,0,52,0,6,71,2,79,22,0,22,101
04/09/2005,HGR,MD,AEA,EN,Federal Contract Tower,0,4,18,3,25,0,1,131,1,133,0,5,149,4,158,64,8,72,230
04/10/2005,HGR,MD,AEA,EN,Federal Contract Tower,0,4,18,2,24,0,2,149,3,154,0,6,167,5,178,143,0,143,321
04/11/2005,HGR,MD,AEA,EN,Federal Contract Tower,0,3,18,4,25,0,17,62,3,82,0,20,80,7,107,26,0,26,133
04/12/2005,HGR,MD,AEA,EN,Federal Contract Tower,0,3,17,0,20,0,7,81,13,101,0,10,98,13,121,34,0,34,155
04/13/2005,HGR,MD,AEA,EN,Federal Contract Tower,0,5,23,2,30,0,0,81,12,93,0,5,104,14,123,52,0,52,175
04/14/2005,HGR,MD,AEA,EN,Federal Contract Tower,0,5,21,4,30,0,27,88,7,122,0,32,109,11,152,58,0,58,210
04/15/2005,HGR,MD,AEA,EN,Federal Contract Tower,0,5,18,2,25,0,9,80,6,95,0,14,98,8,120,30,10,40,160
04/16/2005,HGR,MD,AEA,EN,Federal Contract Tower,0,3,16,0,19,0,4,88,6,98,0,7,104,6,117,98,2,100,217
04/17/2005,HGR,MD,AEA,EN,Federal Contract Tower,0,4,20,3,27,0,2,122,16,140,0,6,142,19,167,78,6,84,251
04/18/2005,HGR,MD,AEA,EN,Federal Contract Tower,0,6,13,0,19,0,9,77,4,90,0,15,90,4,109,44,0,44,153
04/19/2005,HGR,MD,AEA,EN,Federal Contract Tower,0,13,14,2,29,0,5,87,6,98,0,18,101,8,127,48,0,48,175
04/20/2005,HGR,MD,AEA,EN,Federal Contract Tower,0,6,21,0,27,0,10,92,14,116,0,16,113,14,143,48,0,48,191
04/21/2005,HGR,MD,AEA,EN,Federal Contract Tower,0,5,20,0,25,0,3,46,0,49,0,8,66,0,74,32,0,32,106
04/22/2005,HGR,MD,AEA,EN,Federal Contract Tower,0,3,25,0,28,0,0,3,0,3,0,3,28,0,31,2,0,2,33
04/23/2005,HGR,MD,AEA,EN,Federal Contract Tower,0,4,3,0,7,0,0,3,0,3,0,4,6,0,10,2,0,2,12
04/24/2005,HGR,MD,AEA,EN,Federal Contract Tower,0,4,7,0,11,0,0,63,0,63,0,4,70,0,74,20,0,20,94
04/25/2005,HGR,MD,AEA,EN,Federal Contract Tower,0,3,23,2,28,0,1,67,3,71,0,4,90,5,99,18,20,38,137
04/26/2005,HGR,MD,AEA,EN,Federal Contract Tower,0,4,15,1,20,0,2,109,3,114,0,6,124,4,134,30,0,30,164
04/27/2005,HGR,MD,AEA,EN,Federal Contract Tower,0,3,15,0,18,0,0,96,2,98,0,3,111,2,116,52,0,52,168
04/28/2005,HGR,MD,AEA,EN,Federal Contract Tower,0,4,13,0,17,0,7,94,2,103,0,11,107,2,120,18,0,18,138
04/29/2005,HGR,MD,AEA,EN,Federal Contract Tower,0,7,17,1,25,0,0,54,10,64,0,7,71,11,89,14,4,18,107
04/30/2005,HGR,MD,AEA,EN,Federal Contract Tower,0,3,5,0,8,0,0,0,0,0,0,3,5,0,8,0,0,0,8
05/01/2005,HGR,MD,AEA,EN,Federal Contract Tower,0,4,11,2,17,0,8,70,6,84,0,12,81,8,101,12,36,48,149
05/02/2005,HGR,MD,AEA,EN,Federal Contract Tower,0,3,7,0,10,0,5,57,5,67,0,8,64,5,77,0,8,8,85
05/03/2005,HGR,MD,AEA,EN,Federal Contract Tower,0,3,12,0,15,0,2,111,6,119,0,5,123,6,134,86,0,86,220
05/04/2005,HGR,MD,AEA,EN,Federal Contract Tower,0,5,17,0,22,0,0,124,16,140,0,5,141,16,162,78,6,84,246
05/05/2005,HGR,MD,AEA,EN,Federal Contract Tower,0,5,16,3,24,0,0,125,0,125,0,5,141,3,149,68,0,68,217
05/06/2005,HGR,MD,AEA,EN,Federal Contract Tower,0,3,22,1,26,0,1,76,0,77,0,4,98,1,103,88,0,88,191
05/07/2005,HGR,MD,AEA,EN,Federal Contract Tower,0,3,14,0,17,0,4,82,3,89,0,7,96,3,106,28,0,28,134
05/08/2005,HGR,MD,AEA,EN,Federal Contract Tower,0,4,15,0,19,0,2,52,0,54,0,6,67,0,73,12,0,12,85
05/09/2005,HGR,MD,AEA,EN,Federal Contract Tower,0,2,8,0,10,0,1,111,8,120,0,3,119,8,130,52,0,52,182
05/10/2005,HGR,MD,AEA,EN,Federal Contract Tower,0,5,23,1,29,0,3,127,7,137,0,8,150,8,166,62,12,74,240
05/11/2005,HGR,MD,AEA,EN,Federal Contract Tower,0,3,23,0,26,0,7,131,6,144,0,10,154,6,170,80,0,80,250
05/12/2005,HGR,MD,AEA,EN,Federal Contract Tower,0,5,19,0,24,0,0,69,8,77,0,5,88,8,101,26,8,34,135
05/13/2005,HGR,MD,AEA,EN,Federal Contract Tower,0,6,29,6,41,0,2,77,15,94,0,8,106,21,135,14,4,18,153
05/14/2005,HGR,MD,AEA,EN,Federal Contract Tower,0,7,14,0,21,0,7,94,2,103,0,14,108,2,124,32,0,32,156
05/15/2005,HGR,MD,AEA,EN,Federal Contract Tower,0,5,21,0,26,0,5,74,0,79,0,10,95,0,105,66,0,66,171
05/16/2005,HGR,MD,AEA,EN,Federal Contract Tower,0,3,10,0,13,0,8,97,5,110,0,11,107,5,123,36,0,36,159
05/17/2005,HGR,MD,AEA,EN,Federal Contract Tower,0,5,17,0,22,0,6,137,0,143,0,11,154,0,165,54,0,54,219
05/18/2005,HGR,MD,AEA,EN,Federal Contract Tower,0,4,9,0,13,0,7,134,15,156,0,11,143,15,169,88,0,88,257
05/19/2005,HGR,MD,AEA,EN,Federal Contract Tower,0,4,17,2,23,0,6,105,2,113,0,10,122,4,136,70,0,70,206
05/20/2005,HGR,MD,AEA,EN,Federal Contract Tower,0,2,21,0,23,0,4,2,0,6,0,6,23,0,29,28,0,28,57
05/21/2005,HGR,MD,AEA,EN,Federal Contract Tower,0,3,8,0,11,0,3,62,4,69,0,6,70,4,80,70,0,70,150
05/22/2005,HGR,MD,AEA,EN,Federal Contract Tower,0,3,9,0,12,0,2,89,12,103,0,5,98,12,115,90,20,110,225
05/23/2005,HGR,MD,AEA,EN,Federal Contract Tower,0,3,16,3,22,0,0,67,3,70,0,3,83,6,92,20,0,20,112
05/24/2005,HGR,MD,AEA,EN,Federal Contract Tower,0,4,19,3,26,0,0,8,0,8,0,4,27,3,34,8,0,8,42
05/25/2005,HGR,MD,AEA,EN,Federal Contract Tower,0,3,18,5,26,0,3,38,4,45,0,6,56,9,71,10,0,10,81
05/26/2005,HGR,MD,AEA,EN,Federal Contract Tower,0,7,29,1,37,0,14,114,3,131,0,21,143,4,168,34,2,36,204
05/27/2005,HGR,MD,AEA,EN,Federal Contract Tower,0,2,21,4,27,0,1,127,10,138,0,3,148,14,165,40,2,42,207
05/28/2005,HGR,MD,AEA,EN,Federal Contract Tower,0,3,11,0,14,0,4,81,5,90,0,7,92,5,104,98,0,98,202
05/29/2005,HGR,MD,AEA,EN,Federal Contract Tower,0,4,12,0,16,0,2,112,7,121,0,6,124,7,137,88,4,92,229
05/30/2005,HGR,MD,AEA,EN,Federal Contract Tower,0,3,10,1,14,0,0,86,8,94,0,3,96,9,108,36,0,36,144
05/31/2005,HGR,MD,AEA,EN,Federal Contract Tower,0,3,19,0,22,0,3,93,16,112,0,6,112,16,134,56,16,72,206
06/01/2005,HGR,MD,AEA,EN,Federal Contract Tower,0,3,14,10,27,0,5,136,7,148,0,8,150,17,175,46,4,50,225
06/02/2005,HGR,MD,AEA,EN,Federal Contract Tower,0,3,16,0,19,0,7,40,2,49,0,10,56,2,68,62,8,70,138
06/03/2005,HGR,MD,AEA,EN,Federal Contract Tower,0,3,25,1,29,0,0,3,0,3,0,3,28,1,32,0,8,8,40
06/04/2005,HGR,MD,AEA,EN,Federal Contract Tower,0,4,26,20,50,0,0,44,26,70,0,4,70,46,120,14,16,30,150
06/05/2005,HGR,MD,AEA,EN,Federal Contract Tower,0,4,25,0,29,0,9,72,0,81,0,13,97,0,110,24,0,24,134
06/06/2005,HGR,MD,AEA,EN,Federal Contract Tower,0,3,10,2,15,0,6,59,2,67,0,9,69,4,82,6,0,6,88
06/07/2005,HGR,MD,AEA,EN,Federal Contract Tower,0,4,24,4,32,0,4,103,1,108,0,8,127,5,140,40,8,48,188
06/08/2005,HGR,MD,AEA,EN,Federal Contract Tower,0,7,16,1,24,0,6,127,4,137,0,13,143,5,161,46,12,58,219
06/09/2005,HGR,MD,AEA,EN,Federal Contract Tower,0,3,22,0,25,0,0,53,0,53,0,3,75,0,78,20,0,20,98
06/10/2005,HGR,MD,AEA,EN,Federal Contract Tower,0,4,20,1,25,0,2,46,1,49,0,6,66,2,74,84,0,84,158
06/11/2005,HGR,MD,AEA,EN,Federal Contract Tower,0,4,6,0,10,0,5,62,4,71,0,9,68,4,81,64,0,64,145
06/12/2005,HGR,MD,AEA,EN,Federal Contract Tower,0,4,16,0,20,0,3,86,8,97,0,7,102,8,117,50,30,80,197
06/13/2005,HGR,MD,AEA,EN,Federal Contract Tower,0,5,7,0,12,0,3,54,0,57,0,8,61,0,69,50,0,50,119
06/14/2005,HGR,MD,AEA,EN,Federal Contract Tower,0,5,20,3,28,0,8,108,15,131,0,13,128,18,159,44,40,84,243
06/15/2005,HGR,MD,AEA,EN,Federal Contract Tower,0,4,16,0,20,0,2,95,1,98,0,6,111,1,118,112,0,112,230
06/16/2005,HGR,MD,AEA,EN,Federal Contract Tower,0,5,16,2,23,0,3,80,6,89,0,8,96,8,112,28,14,42,154
06/17/2005,HGR,MD,AEA,EN,Federal Contract Tower,0,4,10,0,14,0,6,104,3,113,0,10,114,3,127,48,0,48,175
06/18/2005,HGR,MD,AEA,EN,Federal Contract Tower,0,5,7,0,12,0,18,76,0,94,0,23,83,0,106,6,0,6,112
06/19/2005,HGR,MD,AEA,EN,Federal Contract Tower,0,4,13,0,17,0,0,129,0,129,0,4,142,0,146,52,0,52,198
06/20/2005,HGR,MD,AEA,EN,Federal Contract Tower,0,7,31,4,42,0,0,80,2,82,0,7,111,6,124,62,0,62,186
06/21/2005,HGR,MD,AEA,EN,Federal Contract Tower,0,4,22,0,26,0,5,128,0,133,0,9,150,0,159,44,0,44,203
06/22/2005,HGR,MD,AEA,EN,Federal Contract Tower,0,4,23,2,29,0,0,42,0,42,0,4,65,2,71,42,0,42,113
06/23/2005,HGR,MD,AEA,EN,Federal Contract Tower,0,5,15,0,20,0,5,212,4,221,0,10,227,4,241,88,0,88,329
06/24/2005,HGR,MD,AEA,EN,Federal Contract Tower,0,5,25,0,30,0,2,111,10,123,0,7,136,10,153,20,10,30,183
06/25/2005,HGR,MD,AEA,EN,Federal Contract Tower,0,4,22,0,26,0,5,90,3,98,0,9,112,3,124,34,0,34,158
06/26/2005,HGR,MD,AEA,EN,Federal Contract Tower,0,4,11,0,15,0,4,101,1,106,0,8,112,1,121,68,0,68,189
06/27/2005,HGR,MD,AEA,EN,Federal Contract Tower,0,3,22,1,26,0,10,53,14,77,0,13,75,15,103,34,38,72,175
06/28/2005,HGR,MD,AEA,EN,Federal Contract Tower,0,4,17,10,31,0,3,72,4,79,0,7,89,14,110,60,8,68,178
06/29/2005,HGR,MD,AEA,EN,Federal Contract Tower,0,4,17,5,26,0,10,45,3,58,0,14,62,8,84,76,2,78,162
06/30/2005,HGR,MD,AEA,EN,Federal Contract Tower,0,4,33,1,38,0,3,79,2,84,0,7,112,3,122,30,14,44,166
07/01/2005,HGR,MD,AEA,EN,Federal Contract Tower,0,6,27,4,37,0,2,118,7,127,0,8,145,11,164,60,0,60,224
07/02/2005,HGR,MD,AEA,EN,Federal Contract Tower,0,6,15,0,21,0,1,84,27,112,0,7,99,27,133,10,20,30,163
07/03/2005,HGR,MD,AEA,EN,Federal Contract Tower,0,5,11,0,16,0,6,69,36,111,0,11,80,36,127,74,90,164,291
07/04/2005,HGR,MD,AEA,EN,Federal Contract Tower,0,5,11,0,16,0,2,71,14,87,0,7,82,14,103,28,94,122,225
07/05/2005,HGR,MD,AEA,EN,Federal Contract Tower,0,6,18,2,26,0,2,48,20,70,0,8,66,22,96,66,302,368,464
07/06/2005,HGR,MD,AEA,EN,Federal Contract Tower,0,4,15,1,20,0,2,51,86,139,0,6,66,87,159,32,310,342,501
07/07/2005,HGR,MD,AEA,EN,Federal Contract Tower,0,10,17,3,30,0,3,77,85,165,0,13,94,88,195,68,90,158,353
07/08/2005,HGR,MD,AEA,EN,Federal Contract Tower,0,7,12,4,23,0,0,33,3,36,0,7,45,7,59,72,6,78,137
07/09/2005,HGR,MD,AEA,EN,Federal Contract Tower,0,5,9,0,14,0,4,126,8,138,0,9,135,8,152,64,0,64,216
07/10/2005,HGR,MD,AEA,EN,Federal Contract Tower,0,4,37,1,42,0,4,97,1,102,0,8,134,2,144,60,0,60,204
07/11/2005,HGR,MD,AEA,EN,Federal Contract Tower,0,3,18,2,23,0,3,54,5,62,0,6,72,7,85,16,4,20,105
07/12/2005,HGR,MD,AEA,EN,Federal Contract Tower,0,6,19,7,32,0,2,57,2,61,0,8,76,9,93,42,0,42,135
07/13/2005,HGR,MD,AEA,EN,Federal Contract Tower,0,6,25,4,35,0,2,24,5,31,0,8,49,9,66,52,0,52,118
07/14/2005,HGR,MD,AEA,EN,Federal Contract Tower,0,4,20,2,26,0,0,21,1,22,0,4,41,3,48,90,0,90,138
07/15/2005,HGR,MD,AEA,EN,Federal Contract Tower,0,4,25,1,30,0,0,6,1,7,0,4,31,2,37,0,0,0,37
07/16/2005,HGR,MD,AEA,EN,Federal Contract Tower,0,4,11,0,15,0,0,63,0,63,0,4,74,0,78,64,0,64,142
07/17/2005,HGR,MD,AEA,EN,Federal Contract Tower,0,2,24,0,26,0,3,93,6,102,0,5,117,6,128,68,2,70,198
07/18/2005,HGR,MD,AEA,EN,Federal Contract Tower,0,4,11,1,16,0,0,42,0,42,0,4,53,1,58,50,0,50,108
07/19/2005,HGR,MD,AEA,EN,Federal Contract Tower,0,4,26,0,30,0,4,105,0,109,0,8,131,0,139,78,0,78,217
07/20/2005,HGR,MD,AEA,EN,Federal Contract Tower,0,4,23,8,35,0,6,133,4,143,0,10,156,12,178,96,16,112,290
07/21/2005,HGR,MD,AEA,EN,Federal Contract Tower,0,8,23,2,33,0,11,97,4,112,0,19,120,6,145,172,0,172,317
07/22/2005,HGR,MD,AEA,EN,Federal Contract Tower,0,5,23,0,28,0,4,79,10,93,0,9,102,10,121,54,0,54,175
07/23/2005,HGR,MD,AEA,EN,Federal Contract Tower,0,5,9,0,14,0,3,154,12,169,0,8,163,12,183,68,14,82,265
07/24/2005,HGR,MD,AEA,EN,Federal Contract Tower,0,4,11,0,15,0,16,107,0,123,0,20,118,0,138,58,0,58,196
07/25/2005,HGR,MD,AEA,EN,Federal Contract Tower,0,6,19,4,29,0,16,50,12,78,0,22,69,16,107,12,4,16,123
07/26/2005,HGR,MD,AEA,EN,Federal Contract Tower,0,5,11,1,17,0,8,94,9,111,0,13,105,10,128,62,12,74,202
07/27/2005,HGR,MD,AEA,EN,Federal Contract Tower,0,6,8,1,15,0,2,65,4,71,0,8,73,5,86,60,8,68,154
07/28/2005,HGR,MD,AEA,EN,Federal Contract Tower,0,6,18,5,29,0,8,105,7,120,0,14,123,12,149,154,0,154,303
07/29/2005,HGR,MD,AEA,EN,Federal Contract Tower,0,5,12,2,19,0,4,85,0,89,0,9,97,2,108,70,0,70,178
07/30/2005,HGR,MD,AEA,EN,Federal Contract Tower,0,4,14,1,19,0,0,56,12,68,0,4,70,13,87,16,6,22,109
07/31/2005,HGR,MD,AEA,EN,Federal Contract Tower,0,4,25,1,30,0,0,68,4,72,0,4,93,5,102,62,0,62,164
08/01/2005,HGR,MD,AEA,EN,Federal Contract Tower,0,3,17,4,24,0,1,45,1,47,0,4,62,5,71,10,0,10,81
08/02/2005,HGR,MD,AEA,EN,Federal Contract Tower,0,4,11,1,16,0,13,100,24,137,0,17,111,25,153,76,10,86,239
08/03/2005,HGR,MD,AEA,EN,Federal Contract Tower,0,4,18,4,26,0,5,106,17,128,0,9,124,21,154,122,22,144,298
08/04/2005,HGR,MD,AEA,EN,Federal Contract Tower,0,4,14,2,20,0,16,139,17,172,0,20,153,19,192,84,22,106,298
08/05/2005,HGR,MD,AEA,EN,Federal Contract Tower,0,5,17,1,23,0,4,57,1,62,0,9,74,2,85,64,0,64,149
08/06/2005,HGR,MD,AEA,EN,Federal Contract Tower,0,3,15,1,19,0,10,111,7,128,0,13,126,8,147,118,0,118,265
08/07/2005,HGR,MD,AEA,EN,Federal Contract Tower,0,7,17,0,24,0,2,60,2,64,0,9,77,2,88,58,0,58,146
08/08/2005,HGR,MD,AEA,EN,Federal Contract Tower,0,3,21,4,28,0,3,9,0,12,0,6,30,4,40,14,0,14,54
08/09/2005,HGR,MD,AEA,EN,Federal Contract Tower,0,5,14,4,23,0,10,27,0,37,0,15,41,4,60,30,0,30,90
08/10/2005,HGR,MD,AEA,EN,Federal Contract Tower,0,4,18,2,24,0,9,78,9,96,0,13,96,11,120,72,6,78,198
08/11/2005,HGR,MD,AEA,EN,Federal Contract Tower,0,5,21,3,29,0,11,115,5,131,0,16,136,8,160,102,20,122,282
08/12/2005,HGR,MD,AEA,EN,Federal Contract Tower,0,4,14,6,24,0,10,33,5,48,0,14,47,11,72,32,2,34,106
08/13/2005,HGR,MD,AEA,EN,Federal Contract Tower,0,4,11,0,15,0,6,42,0,48,0,10,53,0,63,24,0,24,87
08/14/2005,HGR,MD,AEA,EN,Federal Contract Tower,0,4,19,0,23,0,5,36,1,42,0,9,55,1,65,46,0,46,111
08/15/2005,HGR,MD,AEA,EN,Federal Contract Tower,0,4,15,1,20,0,10,105,14,129,0,14,120,15,149,80,0,80,229
08/16/2005,HGR,MD,AEA,EN,Federal Contract Tower,0,4,19,3,26,0,1,3,0,4,0,5,22,3,30,0,0,0,30
08/17/2005,HGR,MD,AEA,EN,Federal Contract Tower,0,4,25,1,30,0,2,147,9,158,0,6,172,10,188,78,14,92,280
08/18/2005,HGR,MD,AEA,EN,Federal Contract Tower,0,5,15,1,21,0,5,140,6,151,0,10,155,7,172,48,20,68,240
08/19/2005,HGR,MD,AEA,EN,Federal Contract Tower,0,8,25,4,37,0,2,6,2,10,0,10,31,6,47,34,0,34,81
08/20/2005,HGR,MD,AEA,EN,Federal Contract Tower,0,6,23,0,29,0,4,43,0,47,0,10,66,0,76,30,0,30,106
08/21/2005,HGR,MD,AEA,EN,Federal Contract Tower,0,4,20,1,25,0,8,101,1,110,0,12,121,2,135,44,8,52,187
08/22/2005,HGR,MD,AEA,EN,Federal Contract Tower,0,4,17,0,21,0,6,100,13,119,0,10,117,13,140,60,12,72,212
08/23/2005,HGR,MD,AEA,EN,Federal Contract Tower,0,4,18,2,24,0,6,116,4,126,0,10,134,6,150,86,8,94,244
08/24/2005,HGR,MD,AEA,EN,Federal Contract Tower,0,9,3,0,12,0,0,122,10,132,0,9,125,10,144,40,0,40,184
08/25/2005,HGR,MD,AEA,EN,Federal Contract Tower,0,5,17,9,31,0,1,121,9,131,0,6,138,18,162,134,8,142,304
08/26/2005,HGR,MD,AEA,EN,Federal Contract Tower,0,5,18,0,23,0,0,74,0,74,0,5,92,0,97,110,0,110,207
08/27/2005,HGR,MD,AEA,EN,Federal Contract Tower,0,4,14,0,18,0,6,32,0,38,0,10,46,0,56,44,0,44,100
08/28/2005,HGR,MD,AEA,EN,Federal Contract Tower,0,4,22,2,28,0,5,26,2,33,0,9,48,4,61,18,22,40,101
08/29/2005,HGR,MD,AEA,EN,Federal Contract Tower,0,5,15,0,20,0,1,19,0,20,0,6,34,0,40,6,0,6,46
08/30/2005,HGR,MD,AEA,EN,Federal Contract Tower,0,4,12,0,16,0,2,19,2,23,0,6,31,2,39,44,0,44,83
08/31/2005,HGR,MD,AEA,EN,Federal Contract Tower,0,11,3,2,16,0,1,23,0,24,0,12,26,2,40,0,0,0,40
09/01/2005,HGR,MD,AEA,EN,Federal Contract Tower,0,6,15,0,21,0,13,118,2,133,0,19,133,2,154,92,2,94,248
09/02/2005,HGR,MD,AEA,EN,Federal Contract Tower,0,4,30,0,34,0,5,171,1,177,0,9,201,1,211,42,0,42,253
09/03/2005,HGR,MD,AEA,EN,Federal Contract Tower,0,5,10,0,15,0,4,71,0,75,0,9,81,0,90,18,0,18,108
09/04/2005,HGR,MD,AEA,EN,Federal Contract Tower,0,4,9,1,14,0,1,68,1,70,0,5,77,2,84,26,0,26,110
09/05/2005,HGR,MD,AEA,EN,Federal Contract Tower,0,4,10,0,14,0,2,92,1,95,0,6,102,1,109,66,0,66,175
09/06/2005,HGR,MD,AEA,EN,Federal Contract Tower,0,4,20,0,24,0,7,94,1,102,0,11,114,1,126,66,0,66,192
09/07/2005,HGR,MD,AEA,EN,Federal Contract Tower,0,3,18,1,22,0,6,113,10,129,0,9,131,11,151,80,2,82,233
09/08/2005,HGR,MD,AEA,EN,Federal Contract Tower,0,3,21,1,25,0,13,93,12,118,0,16,114,13,143,68,0,68,211
09/09/2005,HGR,MD,AEA,EN,Federal Contract Tower,0,10,17,1,28,0,0,95,9,104,0,10,112,10,132,36,2,38,170
09/10/2005,HGR,MD,AEA,EN,Federal Contract Tower,0,5,15,1,21,0,5,52,1,58,0,10,67,2,79,38,0,38,117
09/11/2005,HGR,MD,AEA,EN,Federal Contract Tower,0,4,9,0,13,0,15,88,3,106,0,19,97,3,119,26,10,36,155
09/12/2005,HGR,MD,AEA,EN,Federal Contract Tower,0,6,13,0,19,0,4,81,3,88,0,10,94,3,107,26,0,26,133
09/13/2005,HGR,MD,AEA,EN,Federal Contract Tower,0,11,10,17,38,0,7,104,3,114,0,18,114,20,152,50,16,66,218
09/14/2005,HGR,MD,AEA,EN,Federal Contract Tower,0,6,18,1,25,0,7,55,1,63,0,13,73,2,88,20,0,20,108
09/15/2005,HGR,MD,AEA,EN,Federal Contract Tower,0,6,20,0,26,0,8,55,10,73,0,14,75,10,99,36,0,36,135
09/16/2005,HGR,MD,AEA,EN,Federal Contract Tower,0,6,21,0,27,0,2,8,8,18,0,8,29,8,45,10,0,10,55
09/17/2005,HGR,MD,AEA,EN,Federal Contract Tower,0,4,6,0,10,0,10,38,7,55,0,14,44,7,65,12,8,20,85
09/18/2005,HGR,MD,AEA,EN,Federal Contract Tower,0,4,21,4,29,0,3,55,4,62,0,7,76,8,91,24,2,26,117
09/19/2005,HGR,MD,AEA,EN,Federal Contract Tower,0,4,16,0,20,0,2,78,4,84,0,6,94,4,104,34,6,40,144
09/20/2005,HGR,MD,AEA,EN,Federal Contract Tower,0,5,13,5,23,0,13,40,6,59,0,18,53,11,82,26,18,44,126
09/21/2005,HGR,MD,AEA,EN,Federal Contract Tower,0,4,20,0,24,0,11,93,0,104,0,15,113,0,128,48,0,48,176
09/22/2005,HGR,MD,AEA,EN,Federal Contract Tower,0,2,12,3,17,0,11,93,7,111,0,13,105,10,128,42,6,48,176
09/23/2005,HGR,MD,AEA,EN,Federal Contract Tower,0,6,22,0,28,0,6,62,0,68,0,12,84,0,96,54,8,62,158
09/24/2005,HGR,MD,AEA,EN,Federal Contract Tower,0,14,20,0,34,0,9,56,4,69,0,23,76,4,103,46,0,46,149
09/25/2005,HGR,MD,AEA,EN,Federal Contract Tower,0,4,23,0,27,0,5,31,13,49,0,9,54,13,76,16,20,36,112
09/26/2005,HGR,MD,AEA,EN,Federal Contract Tower,0,9,5,0,14,0,0,18,0,18,0,9,23,0,32,0,0,0,32
09/27/2005,HGR,MD,AEA,EN,Federal Contract Tower,0,6,17,2,25,0,18,72,1,91,0,24,89,3,116,42,0,42,158
09/28/2005,HGR,MD,AEA,EN,Federal Contract Tower,0,5,16,0,21,0,11,112,3,126,0,16,128,3,147,94,0,94,241
09/29/2005,HGR,MD,AEA,EN,Federal Contract Tower,0,7,9,1,17,0,25,39,4,68,0,32,48,5,85,10,0,10,95
09/30/2005,HGR,MD,AEA,EN,Federal Contract Tower,0,7,14,4,25,0,2,123,6,131,0,9,137,10,156,60,0,60,216
10/01/2005,HGR,MD,AEA,EN,Federal Contract Tower,0,4,9,2,15,0,3,79,5,87,0,7,88,7,102,24,8,32,134
10/02/2005,HGR,MD,AEA,EN,Federal Contract Tower,0,4,7,1,12,0,7,104,3,114,0,11,111,4,126,54,8,62,188
10/03/2005,HGR,MD,AEA,EN,Federal Contract Tower,0,7,15,0,22,0,3,78,6,87,0,10,93,6,109,46,2,48,157
10/04/2005,HGR,MD,AEA,EN,Federal Contract Tower,0,3,21,7,31,0,7,52,0,59,0,10,73,7,90,16,0,16,106
10/05/2005,HGR,MD,AEA,EN,Federal Contract Tower,0,4,17,1,22,0,4,71,0,75,0,8,88,1,97,44,0,44,141
10/06/2005,HGR,MD,AEA,EN,Federal Contract Tower,0,4,17,3,24,0,2,30,1,33,0,6,47,4,57,28,0,28,85
10/07/2005,HGR,MD,AEA,EN,Federal Contract Tower,0,4,14,0,18,0,1,0,0,1,0,5,14,0,19,0,0,0,19
10/08/2005,HGR,MD,AEA,EN,Federal Contract Tower,0,0,14,0,14,0,0,0,0,0,0,0,14,0,14,0,0,0,14
10/09/2005,HGR,MD,AEA,EN,Federal Contract Tower,0,1,20,1,22,0,4,26,1,31,0,5,46,2,53,34,0,34,87
10/10/2005,HGR,MD,AEA,EN,Federal Contract Tower,0,0,19,0,19,0,4,2,0,6,0,4,21,0,25,0,0,0,25
10/11/2005,HGR,MD,AEA,EN,Federal Contract Tower,0,2,18,11,31,0,0,6,0,6,0,2,24,11,37,0,0,0,37
10/12/2005,HGR,MD,AEA,EN,Federal Contract Tower,0,10,25,0,35,0,6,10,0,16,0,16,35,0,51,30,0,30,81
10/13/2005,HGR,MD,AEA,EN,Federal Contract Tower,0,6,14,2,22,0,2,9,0,11,0,8,23,2,33,18,0,18,51
10/14/2005,HGR,MD,AEA,EN,Federal Contract Tower,0,4,20,6,30,0,0,19,5,24,0,4,39,11,54,10,2,12,66
10/15/2005,HGR,MD,AEA,EN,Federal Contract Tower,0,4,10,0,14,0,2,40,1,43,0,6,50,1,57,2,6,8,65
10/16/2005,HGR,MD,AEA,EN,Federal Contract Tower,0,2,11,0,13,0,5,41,0,46,0,7,52,0,59,46,0,46,105
10/17/2005,HGR,MD,AEA,EN,Federal Contract Tower,0,4,21,0,25,0,1,76,11,88,0,5,97,11,113,44,0,44,157
10/18/2005,HGR,MD,AEA,EN,Federal Contract Tower,0,6,14,7,27,0,2,73,3,78,0,8,87,10,105,20,0,20,125
10/19/2005,HGR,MD,AEA,EN,Federal Contract Tower,0,6,15,3,24,0,6,118,9,133,0,12,133,12,157,48,24,72,229
10/20/2005,HGR,MD,AEA,EN,Federal Contract Tower,0,8,13,2,23,0,8,55,2,65,0,16,68,4,88,16,2,18,106
10/21/2005,HGR,MD,AEA,EN,Federal Contract Tower,0,6,13,8,27,0,1,0,2,3,0,7,13,10,30,0,0,0,30
10/22/2005,HGR,MD,AEA,EN,Federal Contract Tower,0,6,4,0,10,0,0,0,0,0,0,6,4,0,10,0,0,0,10
10/23/2005,HGR,MD,AEA,EN,Federal Contract Tower,0,0,12,1,13,0,0,34,5,39,0,0,46,6,52,12,0,12,64
10/24/2005,HGR,MD,AEA,EN,Federal Contract Tower,0,6,15,1,22,0,7,11,5,23,0,13,26,6,45,24,0,24,69
10/25/2005,HGR,MD,AEA,EN,Federal Contract Tower,0,6,4,2,12,0,0,0,0,0,0,6,4,2,12,0,0,0,12
10/26/2005,HGR,MD,AEA,EN,Federal Contract Tower,0,4,11,1,16,0,4,59,9,72,0,8,70,10,88,36,12,48,136
10/27/2005,HGR,MD,AEA,EN,Federal Contract Tower,0,3,23,5,31,0,6,86,11,103,0,9,109,16,134,70,0,70,204
10/28/2005,HGR,MD,AEA,EN,Federal Contract Tower,0,4,8,1,13,0,10,35,3,48,0,14,43,4,61,22,0,22,83
10/29/2005,HGR,MD,AEA,EN,Federal Contract Tower,0,5,4,0,9,0,5,51,4,60,0,10,55,4,69,24,0,24,93
10/30/2005,HGR,MD,AEA,EN,Federal Contract Tower,0,2,5,0,7,0,13,132,2,147,0,15,137,2,154,58,0,58,212
10/31/2005,HGR,MD,AEA,EN,Federal Contract Tower,0,6,9,0,15,0,5,71,4,80,0,11,80,4,95,34,4,38,133
11/01/2005,HGR,MD,AEA,EN,Federal Contract Tower,0,6,15,0,21,0,12,90,11,113,0,18,105,11,134,78,24,102,236
11/02/2005,HGR,MD,AEA,EN,Federal Contract Tower,0,7,17,1,25,0,7,98,2,107,0,14,115,3,132,70,0,70,202
11/03/2005,HGR,MD,AEA,EN,Federal Contract Tower,0,6,19,0,25,0,9,140,0,149,0,15,159,0,174,104,0,104,278
11/04/2005,HGR,MD,AEA,EN,Federal Contract Tower,0,5,27,0,32,0,11,89,2,102,0,16,116,2,134,32,0,32,166
11/05/2005,HGR,MD,AEA,EN,Federal Contract Tower,0,2,4,1,7,0,20,160,4,184,0,22,164,5,191,102,0,102,293
11/06/2005,HGR,MD,AEA,EN,Federal Contract Tower,0,4,8,0,12,0,23,21,0,44,0,27,29,0,56,2,0,2,58
11/07/2005,HGR,MD,AEA,EN,Federal Contract Tower,0,4,18,2,24,0,9,54,7,70,0,13,72,9,94,52,0,52,146
11/08/2005,HGR,MD,AEA,EN,Federal Contract Tower,0,4,16,1,21,0,5,79,6,90,0,9,95,7,111,62,0,62,173
11/09/2005,HGR,MD,AEA,EN,Federal Contract Tower,0,4,19,2,25,0,2,23,0,25,0,6,42,2,50,12,0,12,62
11/10/2005,HGR,MD,AEA,EN,Federal Contract Tower,0,4,17,0,21,0,19,13,2,34,0,23,30,2,55,2,2,4,59
11/11/2005,HGR,MD,AEA,EN,Federal Contract Tower,0,4,14,0,18,0,6,71,4,81,0,10,85,4,99,62,0,62,161
11/12/2005,HGR,MD,AEA,EN,Federal Contract Tower,0,3,10,0,13,0,4,117,0,121,0,7,127,0,134,102,0,102,236
11/13/2005,HGR,MD,AEA,EN,Federal Contract Tower,0,4,10,0,14,0,3,85,0,88,0,7,95,0,102,78,0,78,180
11/14/2005,HGR,MD,AEA,EN,Federal Contract Tower,0,4,18,0,22,0,8,43,0,51,0,12,61,0,73,26,0,26,99
11/15/2005,HGR,MD,AEA,EN,Federal Contract Tower,0,8,15,2,25,0,4,46,3,53,0,12,61,5,78,52,4,56,134
11/16/2005,HGR,MD,AEA,EN,Federal Contract Tower,0,5,9,0,14,0,2,0,0,2,0,7,9,0,16,0,0,0,16
11/17/2005,HGR,MD,AEA,EN,Federal Contract Tower,0,6,17,3,26,0,1,68,0,69,0,7,85,3,95,40,0,40,135
11/18/2005,HGR,MD,AEA,EN,Federal Contract Tower,0,7,10,1,18,0,2,88,5,95,0,9,98,6,113,76,0,76,189
11/19/2005,HGR,MD,AEA,EN,Federal Contract Tower,0,4,9,0,13,0,6,86,1,93,0,10,95,1,106,88,0,88,194
11/20/2005,HGR,MD,AEA,EN,Federal Contract Tower,0,2,6,0,8,0,0,122,0,122,0,2,128,0,130,106,0,106,236
11/21/2005,HGR,MD,AEA,EN,Federal Contract Tower,0,7,7,0,14,0,0,35,2,37,0,7,42,2,51,78,2,80,131
11/22/2005,HGR,MD,AEA,EN,Federal Contract Tower,0,4,6,1,11,0,11,3,0,14,0,15,9,1,25,2,0,2,27
11/23/2005,HGR,MD,AEA,EN,Federal Contract Tower,0,4,16,0,20,0,1,64,2,67,0,5,80,2,87,4,2,6,93
11/24/2005,HGR,MD,AEA,EN,Federal Contract Tower,0,1,3,0,4,0,6,4,0,10,0,7,7,0,14,0,0,0,14
11/25/2005,HGR,MD,AEA,EN,Federal Contract Tower,0,6,5,0,11,0,1,50,0,51,0,7,55,0,62,94,0,94,156
11/26/2005,HGR,MD,AEA,EN,Federal Contract Tower,0,5,10,0,15,0,0,64,3,67,0,5,74,3,82,70,4,74,156
11/27/2005,HGR,MD,AEA,EN,Federal Contract Tower,0,3,3,0,6,0,4,105,0,109,0,7,108,0,115,160,0,160,275
11/28/2005,HGR,MD,AEA,EN,Federal Contract Tower,0,4,11,4,19,0,0,3,0,3,0,4,14,4,22,0,0,0,22
11/29/2005,HGR,MD,AEA,EN,Federal Contract Tower,0,4,5,0,9,0,7,1,0,8,0,11,6,0,17,0,0,0,17
11/30/2005,HGR,MD,AEA,EN,Federal Contract Tower,0,3,17,3,23,0,4,58,10,72,0,7,75,13,95,8,10,18,113
12/01/2005,HGR,MD,AEA,EN,Federal Contract Tower,0,6,23,9,38,0,8,125,2,135,0,14,148,11,173,76,8,84,257
12/02/2005,HGR,MD,AEA,EN,Federal Contract Tower,0,4,1,1,6,0,2,21,1,24,0,6,22,2,30,10,0,10,40
12/03/2005,HGR,MD,AEA,EN,Federal Contract Tower,0,3,15,6,24,0,4,72,4,80,0,7,87,10,104,74,0,74,178
12/04/2005,HGR,MD,AEA,EN,Federal Contract Tower,0,2,10,1,13,0,0,0,0,0,0,2,10,1,13,0,0,0,13
12/05/2005,HGR,MD,AEA,EN,Federal Contract Tower,0,7,10,1,18,0,1,32,2,35,0,8,42,3,53,6,0,6,59
12/06/2005,HGR,MD,AEA,EN,Federal Contract Tower,0,7,12,0,19,0,1,62,3,66,0,8,74,3,85,26,0,26,111
12/07/2005,HGR,MD,AEA,EN,Federal Contract Tower,0,6,8,0,14,0,15,84,10,109,0,21,92,10,123,32,2,34,157
12/08/2005,HGR,MD,AEA,EN,Federal Contract Tower,0,5,9,0,14,0,1,102,4,107,0,6,111,4,121,54,0,54,175
12/09/2005,HGR,MD,AEA,EN,Federal Contract Tower,0,5,4,1,10,0,2,5,0,7,0,7,9,1,17,0,0,0,17
12/10/2005,HGR,MD,AEA,EN,Federal Contract Tower,0,2,10,2,14,0,9,76,4,89,0,11,86,6,103,34,0,34,137
12/11/2005,HGR,MD,AEA,EN,Federal Contract Tower,0,3,1,0,4,0,14,33,0,47,0,17,34,0,51,16,0,16,67
12/12/2005,HGR,MD,AEA,EN,Federal Contract Tower,0,6,14,0,20,0,1,32,4,37,0,7,46,4,57,0,0,0,57
12/13/2005,HGR,MD,AEA,EN,Federal Contract Tower,0,5,11,0,16,0,2,98,4,104,0,7,109,4,120,104,0,104,224
12/14/2005,HGR,MD,AEA,EN,Federal Contract Tower,0,5,18,4,27,0,4,42,19,65,0,9,60,23,92,18,12,30,122
12/15/2005,HGR,MD,AEA,EN,Federal Contract Tower,0,5,4,0,9,0,0,0,0,0,0,5,4,0,9,0,0,0,9
12/16/2005,HGR,MD,AEA,EN,Federal Contract Tower,0,5,16,0,21,0,13,16,9,38,0,18,32,9,59,0,12,12,71
12/17/2005,HGR,MD,AEA,EN,Federal Contract Tower,0,4,5,0,9,0,3,65,11,79,0,7,70,11,88,52,12,64,152
12/18/2005,HGR,MD,AEA,EN,Federal Contract Tower,0,3,2,6,11,0,4,4,6,14,0,7,6,12,25,66,38,104,129
12/19/2005,HGR,MD,AEA,EN,Federal Contract Tower,0,5,19,1,25,0,4,22,13,39,0,9,41,14,64,2,0,2,66
12/20/2005,HGR,MD,AEA,EN,Federal Contract Tower,0,6,12,4,22,0,3,50,3,56,0,9,62,7,78,14,8,22,100
12/21/2005,HGR,MD,AEA,EN,Federal Contract Tower,0,6,15,4,25,0,6,75,11,92,0,12,90,15,117,28,0,28,145
12/22/2005,HGR,MD,AEA,EN,Federal Contract Tower,0,5,8,2,15,0,3,38,1,42,0,8,46,3,57,98,22,120,177
12/23/2005,HGR,MD,AEA,EN,Federal Contract Tower,0,8,12,0,20,0,12,97,9,118,0,20,109,9,138,42,0,42,180
12/24/2005,HGR,MD,AEA,EN,Federal Contract Tower,0,3,5,0,8,0,3,56,1,60,0,6,61,1,68,72,6,78,146
12/25/2005,HGR,MD,AEA,EN,Federal Contract Tower,0,3,1,0,4,0,0,0,0,0,0,3,1,0,4,0,0,0,4
12/26/2005,HGR,MD,AEA,EN,Federal Contract Tower,0,9,9,0,18,0,3,14,6,23,0,12,23,6,41,4,0,4,45
12/27/2005,HGR,MD,AEA,EN,Federal Contract Tower,0,4,22,0,26,0,3,78,10,91,0,7,100,10,117,50,20,70,187
12/28/2005,HGR,MD,AEA,EN,Federal Contract Tower,0,5,7,2,14,0,6,94,4,104,0,11,101,6,118,64,0,64,182
12/29/2005,HGR,MD,AEA,EN,Federal Contract Tower,0,6,7,3,16,0,5,1,1,7,0,11,8,4,23,0,0,0,23
12/30/2005,HGR,MD,AEA,EN,Federal Contract Tower,0,5,8,4,17,0,6,57,7,70,0,11,65,11,87,22,14,36,123
12/31/2005,HGR,MD,AEA,EN,Federal Contract Tower,0,4,11,0,15,0,5,9,2,16,0,9,20,2,31,0,0,0,31
01/01/2006,HGR,MD,AEA,EN,Federal Contract Tower,0,4,3,0,7,0,3,51,0,54,0,7,54,0,61,26,0,26,87
01/02/2006,HGR,MD,AEA,EN,Federal Contract Tower,0,3,11,0,14,0,0,0,0,0,0,3,11,0,14,0,0,0,14
01/03/2006,HGR,MD,AEA,EN,Federal Contract Tower,0,10,7,4,21,0,0,0,0,0,0,10,7,4,21,0,0,0,21
01/04/2006,HGR,MD,AEA,EN,Federal Contract Tower,0,7,28,9,44,0,1,31,2,34,0,8,59,11,78,0,0,0,78
01/05/2006,HGR,MD,AEA,EN,Federal Contract Tower,0,4,11,6,21,0,6,40,11,57,0,10,51,17,78,60,10,70,148
01/06/2006,HGR,MD,AEA,EN,Federal Contract Tower,0,7,21,0,28,0,0,29,4,33,0,7,50,4,61,18,0,18,79
01/07/2006,HGR,MD,AEA,EN,Federal Contract Tower,0,1,14,10,25,0,4,70,0,74,0,5,84,10,99,44,0,44,143
01/08/2006,HGR,MD,AEA,EN,Federal Contract Tower,0,4,7,0,11,0,1,45,1,47,0,5,52,1,58,56,0,56,114
01/09/2006,HGR,MD,AEA,EN,Federal Contract Tower,0,4,8,2,14,0,0,38,0,38,0,4,46,2,52,70,0,70,122
01/10/2006,HGR,MD,AEA,EN,Federal Contract Tower,0,3,11,1,15,0,6,87,15,108,0,9,98,16,123,74,10,84,207
01/11/2006,HGR,MD,AEA,EN,Federal Contract Tower,0,4,21,5,30,0,0,4,0,4,0,4,25,5,34,12,0,12,46
01/12/2006,HGR,MD,AEA,EN,Federal Contract Tower,0,6,15,5,26,0,2,176,14,192,0,8,191,19,218,134,6,140,358
01/13/2006,HGR,MD,AEA,EN,Federal Contract Tower,0,4,15,3,22,0,7,50,5,62,0,11,65,8,84,24,0,24,108
01/14/2006,HGR,MD,AEA,EN,Federal Contract Tower,0,2,3,1,6,0,3,2,0,5,0,5,5,1,11,0,0,0,11
01/15/2006,HGR,MD,AEA,EN,Federal Contract Tower,0,3,7,0,10,0,5,9,0,14,0,8,16,0,24,6,0,6,30
01/16/2006,HGR,MD,AEA,EN,Federal Contract Tower,0,3,15,0,18,0,0,72,11,83,0,3,87,11,101,38,8,46,147
01/17/2006,HGR,MD,AEA,EN,Federal Contract Tower,0,5,2,0,7,0,0,11,0,11,0,5,13,0,18,18,0,18,36
01/18/2006,HGR,MD,AEA,EN,Federal Contract Tower,0,7,4,0,11,0,4,6,0,10,0,11,10,0,21,0,0,0,21
01/19/2006,HGR,MD,AEA,EN,Federal Contract Tower,0,8,10,1,19,0,0,84,4,88,0,8,94,5,107,34,0,34,141
01/20/2006,HGR,MD,AEA,EN,Federal Contract Tower,0,7,13,4,24,0,3,95,15,113,0,10,108,19,137,22,0,22,159
01/21/2006,HGR,MD,AEA,EN,Federal Contract Tower,0,2,16,0,18,0,4,37,4,45,0,6,53,4,63,78,0,78,141
01/22/2006,HGR,MD,AEA,EN,Federal Contract Tower,0,5,7,0,12,0,0,95,1,96,0,5,102,1,108,86,0,86,194
01/23/2006,HGR,MD,AEA,EN,Federal Contract Tower,0,5,10,0,15,0,2,0,0,2,0,7,10,0,17,0,0,0,17
01/24/2006,HGR,MD,AEA,EN,Federal Contract Tower,0,5,21,3,29,0,5,65,9,79,0,10,86,12,108,14,0,14,122
01/25/2006,HGR,MD,AEA,EN,Federal Contract Tower,0,5,13,0,18,0,3,3,0,6,0,8,16,0,24,0,0,0,24
01/26/2006,HGR,MD,AEA,EN,Federal Contract Tower,0,8,11,0,19,0,2,28,0,30,0,10,39,0,49,0,0,0,49
01/27/2006,HGR,MD,AEA,EN,Federal Contract Tower,0,5,10,0,15,0,3,155,2,160,0,8,165,2,175,58,0,58,233
01/28/2006,HGR,MD,AEA,EN,Federal Contract Tower,0,2,16,0,18,0,13,147,6,166,0,15,163,6,184,110,2,112,296
01/29/2006,HGR,MD,AEA,EN,Federal Contract Tower,0,3,8,0,11,0,1,11,0,12,0,4,19,0,23,22,0,22,45
01/30/2006,HGR,MD,AEA,EN,Federal Contract Tower,0,8,21,1,30,0,5,43,6,54,0,13,64,7,84,16,0,16,100
01/31/2006,HGR,MD,AEA,EN,Federal Contract Tower,0,5,12,0,17,0,1,0,0,1,0,6,12,0,18,0,0,0,18
02/01/2006,HGR,MD,AEA,EN,Federal Contract Tower,0,5,21,6,32,0,7,83,10,100,0,12,104,16,132,36,0,36,168
02/02/2006,HGR,MD,AEA,EN,Federal Contract Tower,0,7,20,4,31,0,1,68,5,74,0,8,88,9,105,60,0,60,165
02/03/2006,HGR,MD,AEA,EN,Federal Contract Tower,0,5,12,3,20,0,2,32,0,34,0,7,44,3,54,8,0,8,62
02/04/2006,HGR,MD,AEA,EN,Federal Contract Tower,0,2,6,0,8,0,10,3,0,13,0,12,9,0,21,4,8,12,33
02/05/2006,HGR,MD,AEA,EN,Federal Contract Tower,0,3,5,0,8,0,5,6,0,11,0,8,11,0,19,0,0,0,19
02/06/2006,HGR,MD,AEA,EN,Federal Contract Tower,0,4,5,2,11,0,6,15,0,21,0,10,20,2,32,0,0,0,32
02/07/2006,HGR,MD,AEA,EN,Federal Contract Tower,0,5,7,3,15,0,2,51,10,63,0,7,58,13,78,0,0,0,78
02/08/2006,HGR,MD,AEA,EN,Federal Contract Tower,0,5,10,7,22,0,8,56,4,68,0,13,66,11,90,48,0,48,138
02/09/2006,HGR,MD,AEA,EN,Federal Contract Tower,0,5,10,6,21,0,4,70,1,75,0,9,80,7,96,24,12,36,132
02/10/2006,HGR,MD,AEA,EN,Federal Contract Tower,0,9,10,0,19,0,6,84,0,90,0,15,94,0,109,94,0,94,203
02/11/2006,HGR,MD,AEA,EN,Federal Contract Tower,0,2,4,0,6,0,0,10,0,10,0,2,14,0,16,2,0,2,18
02/12/2006,HGR,MD,AEA,EN,Federal Contract Tower,0,5,2,0,7,0,0,5,0,5,0,5,7,0,12,8,0,8,20
02/13/2006,HGR,MD,AEA,EN,Federal Contract Tower,0,9,14,1,24,0,3,49,3,55,0,12,63,4,79,26,8,34,113
02/14/2006,HGR,MD,AEA,EN,Federal Contract Tower,0,4,5,4,13,0,3,64,23,90,0,7,69,27,103,36,16,52,155
02/15/2006,HGR,MD,AEA,EN,Federal Contract Tower,0,8,13,3,24,0,11,112,6,129,0,19,125,9,153,52,0,52,205
02/16/2006,HGR,MD,AEA,EN,Federal Contract Tower,0,6,14,1,21,0,12,113,8,133,0,18,127,9,154,38,4,42,196
02/17/2006,HGR,MD,AEA,EN,Federal Contract Tower,0,5,5,1,11,0,4,4,0,8,0,9,9,1,19,0,0,0,19
02/18/2006,HGR,MD,AEA,EN,Federal Contract Tower,0,2,13,0,15,0,0,22,0,22,0,2,35,0,37,4,0,4,41
02/19/2006,HGR,MD,AEA,EN,Federal Contract Tower,0,3,7,0,10,0,4,45,7,56,0,7,52,7,66,32,6,38,104
02/20/2006,HGR,MD,AEA,EN,Federal Contract Tower,0,5,12,2,19,0,7,101,5,113,0,12,113,7,132,48,0,48,180
02/21/2006,HGR,MD,AEA,EN,Federal Contract Tower,0,6,7,4,17,0,3,45,7,55,0,9,52,11,72,12,0,12,84
02/22/2006,HGR,MD,AEA,EN,Federal Contract Tower,0,5,6,1,12,0,9,3,0,12,0,14,9,1,24,0,0,0,24
02/23/2006,HGR,MD,AEA,EN,Federal Contract Tower,0,5,11,5,21,0,6,34,0,40,0,11,45,5,61,28,0,28,89
02/24/2006,HGR,MD,AEA,EN,Federal Contract Tower,0,6,8,4,18,0,4,30,2,36,0,10,38,6,54,0,0,0,54
02/25/2006,HGR,MD,AEA,EN,Federal Contract Tower,0,2,2,1,5,0,11,31,1,43,0,13,33,2,48,8,0,8,56
02/26/2006,HGR,MD,AEA,EN,Federal Contract Tower,0,3,4,1,8,0,2,8,0,10,0,5,12,1,18,0,0,0,18
02/27/2006,HGR,MD,AEA,EN,Federal Contract Tower,0,7,13,1,21,0,4,35,3,42,0,11,48,4,63,36,0,36,99
02/28/2006,HGR,MD,AEA,EN,Federal Contract Tower,0,7,16,6,29,0,5,61,9,75,0,12,77,15,104,22,0,22,126
03/01/2006,HGR,MD,AEA,EN,Federal Contract Tower,0,4,10,5,19,0,1,113,4,118,0,5,123,9,137,52,0,52,189
03/02/2006,HGR,MD,AEA,EN,Federal Contract Tower,0,5,9,3,17,0,0,9,0,9,0,5,18,3,26,12,0,12,38
03/03/2006,HGR,MD,AEA,EN,Federal Contract Tower,0,6,13,0,19,0,2,29,9,40,0,8,42,9,59,5,0,5,64
03/04/2006,HGR,MD,AEA,EN,Federal Contract Tower,0,1,5,0,6,0,12,18,0,30,0,13,23,0,36,8,0,8,44
03/05/2006,HGR,MD,AEA,EN,Federal Contract Tower,0,4,11,0,15,0,6,90,3,99,0,10,101,3,114,56,0,56,170
03/06/2006,HGR,MD,AEA,EN,Federal Contract Tower,0,4,5,1,10,0,18,45,0,63,0,22,50,1,73,66,0,66,139
03/07/2006,HGR,MD,AEA,EN,Federal Contract Tower,0,4,19,1,24,0,5,86,3,94,0,9,105,4,118,86,0,86,204
03/08/2006,HGR,MD,AEA,EN,Federal Contract Tower,0,5,11,2,18,0,15,93,4,112,0,20,104,6,130,106,0,106,236
03/09/2006,HGR,MD,AEA,EN,Federal Contract Tower,0,5,11,3,19,0,0,35,0,35,0,5,46,3,54,58,0,58,112
03/10/2006,HGR,MD,AEA,EN,Federal Contract Tower,0,5,13,5,23,0,5,16,0,21,0,10,29,5,44,10,0,10,54
03/11/2006,HGR,MD,AEA,EN,Federal Contract Tower,0,2,11,0,13,0,6,167,1,174,0,8,178,1,187,112,0,112,299
03/12/2006,HGR,MD,AEA,EN,Federal Contract Tower,0,3,16,2,21,0,7,13,0,20,0,10,29,2,41,8,0,8,49
03/13/2006,HGR,MD,AEA,EN,Federal Contract Tower,0,3,12,0,15,0,7,39,0,46,0,10,51,0,61,22,0,22,83
03/14/2006,HGR,MD,AEA,EN,Federal Contract Tower,0,5,5,1,11,0,3,4,1,8,0,8,9,2,19,0,0,0,19
03/15/2006,HGR,MD,AEA,EN,Federal Contract Tower,0,5,6,0,11,0,15,16,1,32,0,20,22,1,43,0,0,0,43
03/16/2006,HGR,MD,AEA,EN,Federal Contract Tower,0,7,21,4,32,0,13,105,8,126,0,20,126,12,158,56,26,82,240
03/17/2006,HGR,MD,AEA,EN,Federal Contract Tower,0,5,13,5,23,0,5,71,1,77,0,10,84,6,100,114,0,114,214
03/18/2006,HGR,MD,AEA,EN,Federal Contract Tower,0,2,2,0,4,0,6,30,22,58,0,8,32,22,62,0,0,0,62
03/19/2006,HGR,MD,AEA,EN,Federal Contract Tower,0,3,7,4,14,0,7,51,52,110,0,10,58,56,124,4,0,4,128
03/20/2006,HGR,MD,AEA,EN,Federal Contract Tower,0,5,19,0,24,0,9,42,0,51,0,14,61,0,75,30,0,30,105
03/21/2006,HGR,MD,AEA,EN,Federal Contract Tower,0,5,7,5,17,0,4,24,2,30,0,9,31,7,47,30,10,40,87
03/22/2006,HGR,MD,AEA,EN,Federal Contract Tower,0,7,8,7,22,0,7,22,13,42,0,14,30,20,64,8,0,8,72
03/23/2006,HGR,MD,AEA,EN,Federal Contract Tower,0,8,21,5,34,0,5,102,5,112,0,13,123,10,146,34,0,34,180
03/24/2006,HGR,MD,AEA,EN,Federal Contract Tower,0,3,15,1,19,0,0,51,2,53,0,3,66,3,72,54,8,62,134
03/25/2006,HGR,MD,AEA,EN,Federal Contract Tower,0,2,4,0,6,0,6,41,0,47,0,8,45,0,53,28,0,28,81
03/26/2006,HGR,MD,AEA,EN,Federal Contract Tower,0,3,9,0,12,0,1,50,1,52,0,4,59,1,64,34,0,34,98
03/27/2006,HGR,MD,AEA,EN,Federal Contract Tower,0,5,25,0,30,0,6,85,7,98,0,11,110,7,128,46,0,46,174
03/28/2006,HGR,MD,AEA,EN,Federal Contract Tower,0,5,21,6,32,0,7,40,7,54,0,12,61,13,86,30,6,36,122
03/29/2006,HGR,MD,AEA,EN,Federal Contract Tower,0,5,15,12,32,0,12,91,12,115,0,17,106,24,147,98,0,98,245
03/30/2006,HGR,MD,AEA,EN,Federal Contract Tower,0,6,13,1,20,0,4,119,8,131,0,10,132,9,151,66,0,66,217
03/31/2006,HGR,MD,AEA,EN,Federal Contract Tower,0,4,9,1,14,0,6,109,7,122,0,10,118,8,136,36,0,36,172
04/01/2006,HGR,MD,AEA,EN,Federal Contract Tower,0,1,15,0,16,0,3,19,5,27,0,4,34,5,43,18,0,18,61
04/02/2006,HGR,MD,AEA,EN,Federal Contract Tower,0,4,11,3,18,0,2,119,8,129,0,6,130,11,147,48,22,70,217
04/03/2006,HGR,MD,AEA,EN,Federal Contract Tower,0,5,13,1,19,0,5,11,5,21,0,10,24,6,40,0,12,12,52
04/04/2006,HGR,MD,AEA,EN,Federal Contract Tower,0,6,13,3,22,0,3,14,5,22,0,9,27,8,44,14,0,14,58
04/05/2006,HGR,MD,AEA,EN,Federal Contract Tower,0,6,16,2,24,0,20,22,6,48,0,26,38,8,72,4,2,6,78
04/06/2006,HGR,MD,AEA,EN,Federal Contract Tower,0,6,11,0,17,0,5,107,6,118,0,11,118,6,135,62,0,62,197
04/07/2006,HGR,MD,AEA,EN,Federal Contract Tower,0,6,20,4,30,0,0,17,1,18,0,6,37,5,48,4,0,4,52
04/08/2006,HGR,MD,AEA,EN,Federal Contract Tower,0,2,10,0,12,0,9,2,0,11,0,11,12,0,23,0,0,0,23
04/09/2006,HGR,MD,AEA,EN,Federal Contract Tower,0,4,14,0,18,0,6,107,1,114,0,10,121,1,132,42,0,42,174
04/10/2006,HGR,MD,AEA,EN,Federal Contract Tower,0,5,15,0,20,0,14,98,2,114,0,19,113,2,134,98,0,98,232
04/11/2006,HGR,MD,AEA,EN,Federal Contract Tower,0,6,15,3,24,0,8,121,4,133,0,14,136,7,157,88,0,88,245
04/12/2006,HGR,MD,AEA,EN,Federal Contract Tower,0,12,17,5,34,0,6,58,18,82,0,18,75,23,116,30,20,50,166
04/13/2006,HGR,MD,AEA,EN,Federal Contract Tower,0,5,27,3,35,0,8,73,6,87,0,13,100,9,122,104,0,104,226
04/14/2006,HGR,MD,AEA,EN,Federal Contract Tower,0,4,16,0,20,0,1,25,4,30,0,5,41,4,50,36,0,36,86
04/15/2006,HGR,MD,AEA,EN,Federal Contract Tower,0,2,9,0,11,0,3,42,2,47,0,5,51,2,58,10,0,10,68
04/16/2006,HGR,MD,AEA,EN,Federal Contract Tower,0,3,3,0,6,0,9,49,0,58,0,12,52,0,64,28,0,28,92
04/17/2006,HGR,MD,AEA,EN,Federal Contract Tower,0,4,14,2,20,0,5,34,0,39,0,9,48,2,59,54,0,54,113
04/18/2006,HGR,MD,AEA,EN,Federal Contract Tower,0,5,14,3,22,0,8,90,7,105,0,13,104,10,127,38,8,46,173
04/19/2006,HGR,MD,AEA,EN,Federal Contract Tower,0,5,21,2,28,0,4,97,0,101,0,9,118,2,129,54,0,54,183
04/20/2006,HGR,MD,AEA,EN,Federal Contract Tower,0,7,22,1,30,0,23,143,0,166,0,30,165,1,196,84,0,84,280
04/21/2006,HGR,MD,AEA,EN,Federal Contract Tower,0,7,5,0,12,0,1,46,5,52,0,8,51,5,64,60,0,60,124
04/22/2006,HGR,MD,AEA,EN,Federal Contract Tower,0,1,2,0,3,0,0,2,0,2,0,1,4,0,5,0,0,0,5
04/23/2006,HGR,MD,AEA,EN,Federal Contract Tower,0,4,11,0,15,0,4,42,0,46,0,8,53,0,61,42,0,42,103
04/24/2006,HGR,MD,AEA,EN,Federal Contract Tower,0,6,19,0,25,0,1,72,1,74,0,7,91,1,99,28,6,34,133
04/25/2006,HGR,MD,AEA,EN,Federal Contract Tower,0,10,5,4,19,0,10,81,8,99,0,20,86,12,118,44,0,44,162
04/26/2006,HGR,MD,AEA,EN,Federal Contract Tower,0,6,11,10,27,0,9,101,90,200,0,15,112,100,227,76,4,80,307
04/27/2006,HGR,MD,AEA,EN,Federal Contract Tower,0,8,11,4,23,0,17,116,72,205,0,25,127,76,228,82,16,98,326
04/28/2006,HGR,MD,AEA,EN,Federal Contract Tower,0,12,15,9,36,0,9,127,72,208,0,21,142,81,244,18,0,18,262
04/29/2006,HGR,MD,AEA,EN,Federal Contract Tower,0,2,6,13,21,0,20,136,221,377,0,22,142,234,398,46,0,46,444
04/30/2006,HGR,MD,AEA,EN,Federal Contract Tower,0,6,8,9,23,0,16,70,88,174,0,22,78,97,197,32,14,46,243
05/01/2006,HGR,MD,AEA,EN,Federal Contract Tower,0,6,8,0,14,0,8,96,4,108,0,14,104,4,122,56,0,56,178
05/02/2006,HGR,MD,AEA,EN,Federal Contract Tower,0,5,10,0,15,0,8,63,4,75,0,13,73,4,90,36,0,36,126
05/03/2006,HGR,MD,AEA,EN,Federal Contract Tower,0,11,14,4,29,0,15,60,30,105,0,26,74,34,134,32,8,40,174
05/04/2006,HGR,MD,AEA,EN,Federal Contract Tower,0,9,15,0,24,0,3,98,6,107,0,12,113,6,131,48,8,56,187
05/05/2006,HGR,MD,AEA,EN,Federal Contract Tower,0,4,17,0,21,0,5,78,4,87,0,9,95,4,108,44,0,44,152
05/06/2006,HGR,MD,AEA,EN,Federal Contract Tower,0,2,12,0,14,0,10,45,0,55,0,12,57,0,69,20,0,20,89
05/07/2006,HGR,MD,AEA,EN,Federal Contract Tower,0,5,11,0,16,0,26,65,2,93,0,31,76,2,109,18,0,18,127
05/08/2006,HGR,MD,AEA,EN,Federal Contract Tower,0,4,17,2,23,0,4,34,8,46,0,8,51,10,69,20,6,26,95
05/09/2006,HGR,MD,AEA,EN,Federal Contract Tower,0,6,12,2,20,0,3,69,3,75,0,9,81,5,95,34,6,40,135
05/10/2006,HGR,MD,AEA,EN,Federal Contract Tower,0,7,12,2,21,0,8,94,9,111,0,15,106,11,132,22,2,24,156
05/11/2006,HGR,MD,AEA,EN,Federal Contract Tower,0,7,10,2,19,0,5,0,2,7,0,12,10,4,26,0,0,0,26
05/12/2006,HGR,MD,AEA,EN,Federal Contract Tower,0,6,4,0,10,0,7,79,7,93,0,13,83,7,103,30,8,38,141
05/13/2006,HGR,MD,AEA,EN,Federal Contract Tower,0,5,9,0,14,0,4,21,0,25,0,9,30,0,39,28,0,28,67
05/14/2006,HGR,MD,AEA,EN,Federal Contract Tower,0,4,7,0,11,0,1,6,1,8,0,5,13,1,19,14,6,20,39
05/15/2006,HGR,MD,AEA,EN,Federal Contract Tower,0,5,21,0,26,0,9,17,0,26,0,14,38,0,52,34,0,34,86
05/16/2006,HGR,MD,AEA,EN,Federal Contract Tower,0,4,14,3,21,0,12,48,0,60,0,16,62,3,81,20,0,20,101
05/17/2006,HGR,MD,AEA,EN,Federal Contract Tower,0,5,16,3,24,0,14,56,0,70,0,19,72,3,94,106,0,106,200
05/18/2006,HGR,MD,AEA,EN,Federal Contract Tower,0,6,13,1,20,0,5,58,0,63,0,11,71,1,83,58,0,58,141
05/19/2006,HGR,MD,AEA,EN,Federal Contract Tower,0,6,13,0,19,0,3,83,0,86,0,9,96,0,105,118,0,118,223
05/20/2006,HGR,MD,AEA,EN,Federal Contract Tower,0,3,14,0,17,0,19,95,4,118,0,22,109,4,135,50,4,54,189
05/21/2006,HGR,MD,AEA,EN,Federal Contract Tower,0,4,5,0,9,0,5,45,4,54,0,9,50,4,63,52,0,52,115
05/22/2006,HGR,MD,AEA,EN,Federal Contract Tower,0,5,3,4,12,0,8,49,12,69,0,13,52,16,81,40,30,70,151
05/23/2006,HGR,MD,AEA,EN,Federal Contract Tower,0,7,6,0,13,0,6,80,0,86,0,13,86,0,99,58,0,58,157
05/24/2006,HGR,MD,AEA,EN,Federal Contract Tower,0,7,20,0,27,0,9,138,4,151,0,16,158,4,178,118,0,118,296
05/25/2006,HGR,MD,AEA,EN,Federal Contract Tower,0,6,10,7,23,0,7,77,5,89,0,13,87,12,112,104,0,104,216
05/26/2006,HGR,MD,AEA,EN,Federal Contract Tower,0,5,14,1,20,0,5,29,1,35,0,10,43,2,55,68,0,68,123
05/27/2006,HGR,MD,AEA,EN,Federal Contract Tower,0,5,12,2,19,0,4,58,13,75,0,9,70,15,94,116,8,124,218
05/28/2006,HGR,MD,AEA,EN,Federal Contract Tower,0,6,9,0,15,0,21,110,2,133,0,27,119,2,148,22,0,22,170
05/29/2006,HGR,MD,AEA,EN,Federal Contract Tower,0,5,16,0,21,0,4,64,0,68,0,9,80,0,89,30,0,30,119
05/30/2006,HGR,MD,AEA,EN,Federal Contract Tower,0,7,11,0,18,0,4,46,0,50,0,11,57,0,68,62,0,62,130
05/31/2006,HGR,MD,AEA,EN,Federal Contract Tower,0,7,18,11,36,0,13,117,4,134,0,20,135,15,170,80,0,80,250
06/01/2006,HGR,MD,AEA,EN,Federal Contract Tower,0,5,20,1,26,0,5,70,0,75,0,10,90,1,101,122,0,122,223
06/02/2006,HGR,MD,AEA,EN,Federal Contract Tower,0,7,21,0,28,0,9,26,0,35,0,16,47,0,63,24,0,24,87
06/03/2006,HGR,MD,AEA,EN,Federal Contract Tower,0,4,18,6,28,0,17,52,1,70,0,21,70,7,98,28,0,28,126
06/04/2006,HGR,MD,AEA,EN,Federal Contract Tower,0,7,22,0,29,0,17,78,6,101,0,24,100,6,130,60,0,60,190
06/05/2006,HGR,MD,AEA,EN,Federal Contract Tower,0,4,16,0,20,0,4,69,1,74,0,8,85,1,94,42,0,42,136
06/06/2006,HGR,MD,AEA,EN,Federal Contract Tower,0,7,19,3,29,0,9,93,0,102,0,16,112,3,131,72,0,72,203
06/07/2006,HGR,MD,AEA,EN,Federal Contract Tower,0,5,34,2,41,0,27,63,6,96,0,32,97,8,137,32,0,32,169
06/08/2006,HGR,MD,AEA,EN,Federal Contract Tower,0,9,17,2,28,0,6,73,7,86,0,15,90,9,114,102,2,104,218
06/09/2006,HGR,MD,AEA,EN,Federal Contract Tower,0,8,6,2,16,0,6,59,9,74,0,14,65,11,90,110,0,110,200
06/10/2006,HGR,MD,AEA,EN,Federal Contract Tower,0,2,9,3,14,0,11,27,35,73,0,13,36,38,87,8,0,8,95
06/11/2006,HGR,MD,AEA,EN,Federal Contract Tower,0,5,8,1,14,0,11,72,0,83,0,16,80,1,97,18,0,18,115
06/12/2006,HGR,MD,AEA,EN,Federal Contract Tower,0,6,15,0,21,0,8,83,4,95,0,14,98,4,116,60,2,62,178
06/13/2006,HGR,MD,AEA,EN,Federal Contract Tower,0,4,8,2,14,0,1,100,9,110,0,5,108,11,124,90,4,94,218
06/14/2006,HGR,MD,AEA,EN,Federal Contract Tower,0,8,15,0,23,0,8,61,2,71,0,16,76,2,94,88,0,88,182
06/15/2006,HGR,MD,AEA,EN,Federal Contract Tower,0,8,15,0,23,0,9,96,9,114,0,17,111,9,137,74,2,76,213
06/16/2006,HGR,MD,AEA,EN,Federal Contract Tower,0,4,12,0,16,0,4,114,13,131,0,8,126,13,147,88,12,100,247
06/17/2006,HGR,MD,AEA,EN,Federal Contract Tower,0,2,15,0,17,0,15,77,1,93,0,17,92,1,110,78,0,78,188
06/18/2006,HGR,MD,AEA,EN,Federal Contract Tower,0,5,13,0,18,0,7,258,0,265,0,12,271,0,283,12,0,12,295
06/19/2006,HGR,MD,AEA,EN,Federal Contract Tower,0,10,19,0,29,0,10,46,4,60,0,20,65,4,89,38,0,38,127
06/20/2006,HGR,MD,AEA,EN,Federal Contract Tower,0,5,15,0,20,0,4,75,5,84,0,9,90,5,104,82,4,86,190
06/21/2006,HGR,MD,AEA,EN,Federal Contract Tower,0,7,23,1,31,0,33,142,5,180,0,40,165,6,211,72,8,80,291
06/22/2006,HGR,MD,AEA,EN,Federal Contract Tower,0,9,19,4,32,0,14,72,0,86,0,23,91,4,118,54,0,54,172
06/23/2006,HGR,MD,AEA,EN,Federal Contract Tower,0,6,16,0,22,0,11,73,2,86,0,17,89,2,108,38,0,38,146
06/24/2006,HGR,MD,AEA,EN,Federal Contract Tower,0,7,17,1,25,0,7,14,0,21,0,14,31,1,46,18,0,18,64
06/25/2006,HGR,MD,AEA,EN,Federal Contract Tower,0,5,13,0,18,0,5,2,0,7,0,10,15,0,25,0,0,0,25
06/26/2006,HGR,MD,AEA,EN,Federal Contract Tower,0,7,19,7,33,0,1,3,6,10,0,8,22,13,43,12,8,20,63
06/27/2006,HGR,MD,AEA,EN,Federal Contract Tower,0,5,14,3,22,0,0,0,0,0,0,5,14,3,22,0,0,0,22
06/28/2006,HGR,MD,AEA,EN,Federal Contract Tower,0,4,16,0,20,0,7,71,3,81,0,11,87,3,101,28,0,28,129
06/29/2006,HGR,MD,AEA,EN,Federal Contract Tower,0,8,13,2,23,0,12,114,2,128,0,20,127,4,151,62,0,62,213
06/30/2006,HGR,MD,AEA,EN,Federal Contract Tower,0,6,26,4,36,0,8,138,5,151,0,14,164,9,187,106,0,106,293
07/01/2006,HGR,MD,AEA,EN,Federal Contract Tower,0,2,21,0,23,0,9,81,1,91,0,11,102,1,114,56,0,56,170
07/02/2006,HGR,MD,AEA,EN,Federal Contract Tower,0,8,6,0,14,0,12,32,4,48,0,20,38,4,62,30,0,30,92
07/03/2006,HGR,MD,AEA,EN,Federal Contract Tower,0,4,5,1,10,0,2,41,4,47,0,6,46,5,57,52,0,52,109
07/04/2006,HGR,MD,AEA,EN,Federal Contract Tower,0,5,4,0,9,0,5,16,0,21,0,10,20,0,30,36,0,36,66
07/05/2006,HGR,MD,AEA,EN,Federal Contract Tower,0,11,13,0,24,0,6,18,1,25,0,17,31,1,49,0,4,4,53
07/06/2006,HGR,MD,AEA,EN,Federal Contract Tower,0,7,10,4,21,0,2,104,2,108,0,9,114,6,129,32,0,32,161
07/07/2006,HGR,MD,AEA,EN,Federal Contract Tower,0,9,13,0,22,0,10,131,5,146,0,19,144,5,168,16,0,16,184
07/08/2006,HGR,MD,AEA,EN,Federal Contract Tower,0,5,15,0,20,0,12,96,0,108,0,17,111,0,128,76,0,76,204
07/09/2006,HGR,MD,AEA,EN,Federal Contract Tower,0,5,14,0,19,0,23,65,0,88,0,28,79,0,107,92,0,92,199
07/10/2006,HGR,MD,AEA,EN,Federal Contract Tower,0,9,18,0,27,0,14,77,2,93,0,23,95,2,120,30,22,52,172
07/11/2006,HGR,MD,AEA,EN,Federal Contract Tower,0,6,27,0,33,0,14,54,0,68,0,20,81,0,101,46,0,46,147
07/12/2006,HGR,MD,AEA,EN,Federal Contract Tower,0,7,11,0,18,0,2,27,0,29,0,9,38,0,47,12,0,12,59
07/13/2006,HGR,MD,AEA,EN,Federal Contract Tower,0,6,15,1,22,0,3,8,0,11,0,9,23,1,33,4,0,4,37
07/14/2006,HGR,MD,AEA,EN,Federal Contract Tower,0,4,15,0,19,0,18,82,0,100,0,22,97,0,119,52,0,52,171
07/15/2006,HGR,MD,AEA,EN,Federal Contract Tower,0,3,17,0,20,0,10,21,2,33,0,13,38,2,53,52,0,52,105
07/16/2006,HGR,MD,AEA,EN,Federal Contract Tower,0,6,8,1,15,0,0,117,0,117,0,6,125,1,132,68,0,68,200
07/17/2006,HGR,MD,AEA,EN,Federal Contract Tower,0,7,9,0,16,0,6,71,2,79,0,13,80,2,95,36,0,36,131
07/18/2006,HGR,MD,AEA,EN,Federal Contract Tower,0,6,20,0,26,0,13,91,4,108,0,19,111,4,134,66,28,94,228
07/19/2006,HGR,MD,AEA,EN,Federal Contract Tower,0,9,19,0,28,0,9,60,3,72,0,18,79,3,100,34,0,34,134
07/20/2006,HGR,MD,AEA,EN,Federal Contract Tower,0,12,16,1,29,0,4,44,1,49,0,16,60,2,78,14,0,14,92
07/21/2006,HGR,MD,AEA,EN,Federal Contract Tower,0,6,22,0,28,0,0,40,2,42,0,6,62,2,70,24,0,24,94
07/22/2006,HGR,MD,AEA,EN,Federal Contract Tower,0,3,11,1,15,0,4,15,1,20,0,7,26,2,35,22,0,22,57
07/23/2006,HGR,MD,AEA,EN,Federal Contract Tower,0,4,13,2,19,0,6,57,1,64,0,10,70,3,83,66,0,66,149
07/24/2006,HGR,MD,AEA,EN,Federal Contract Tower,0,7,5,0,12,0,4,115,0,119,0,11,120,0,131,150,0,150,281
07/25/2006,HGR,MD,AEA,EN,Federal Contract Tower,0,4,20,0,24,0,9,91,2,102,0,13,111,2,126,34,0,34,160
07/26/2006,HGR,MD,AEA,EN,Federal Contract Tower,0,5,24,3,32,0,2,78,1,81,0,7,102,4,113,62,0,62,175
07/27/2006,HGR,MD,AEA,EN,Federal Contract Tower,0,9,25,0,34,0,16,54,0,70,0,25,79,0,104,48,0,48,152
07/28/2006,HGR,MD,AEA,EN,Federal Contract Tower,0,5,10,4,19,0,8,36,0,44,0,13,46,4,63,20,0,20,83
07/29/2006,HGR,MD,AEA,EN,Federal Contract Tower,0,3,14,1,18,0,13,83,7,103,0,16,97,8,121,40,14,54,175
07/30/2006,HGR,MD,AEA,EN,Federal Contract Tower,0,4,11,0,15,0,4,53,0,57,0,8,64,0,72,30,0,30,102
07/31/2006,HGR,MD,AEA,EN,Federal Contract Tower,0,8,19,4,31,0,19,46,9,74,0,27,65,13,105,16,0,16,121
08/01/2006,HGR,MD,AEA,EN,Federal Contract Tower,0,6,19,3,28,0,7,69,2,78,0,13,88,5,106,24,0,24,130
08/02/2006,HGR,MD,AEA,EN,Federal Contract Tower,0,9,13,2,24,0,10,74,5,89,0,19,87,7,113,52,2,54,167
08/03/2006,HGR,MD,AEA,EN,Federal Contract Tower,0,8,12,1,21,0,2,46,5,53,0,10,58,6,74,16,0,16,90
08/04/2006,HGR,MD,AEA,EN,Federal Contract Tower,0,6,14,5,25,0,11,88,0,99,0,17,102,5,124,42,0,42,166
08/05/2006,HGR,MD,AEA,EN,Federal Contract Tower,0,2,8,0,10,0,20,103,22,145,0,22,111,22,155,60,0,60,215
08/06/2006,HGR,MD,AEA,EN,Federal Contract Tower,0,6,13,7,26,0,10,113,36,159,0,16,126,43,185,60,0,60,245
08/07/2006,HGR,MD,AEA,EN,Federal Contract Tower,0,7,12,0,19,0,13,42,25,80,0,20,54,25,99,86,94,180,279
08/08/2006,HGR,MD,AEA,EN,Federal Contract Tower,0,6,21,2,29,0,5,82,32,119,0,11,103,34,148,62,254,316,464
08/09/2006,HGR,MD,AEA,EN,Federal Contract Tower,0,5,21,1,27,0,4,111,36,151,0,9,132,37,178,92,210,302,480
08/10/2006,HGR,MD,AEA,EN,Federal Contract Tower,0,9,14,5,28,0,5,37,53,95,0,14,51,58,123,22,156,178,301
08/11/2006,HGR,MD,AEA,EN,Federal Contract Tower,0,5,15,3,23,0,2,94,24,120,0,7,109,27,143,64,72,136,279
08/12/2006,HGR,MD,AEA,EN,Federal Contract Tower,0,3,21,0,24,0,6,98,12,116,0,9,119,12,140,40,18,58,198
08/13/2006,HGR,MD,AEA,EN,Federal Contract Tower,0,5,11,2,18,0,25,112,21,158,0,30,123,23,176,46,0,46,222
08/14/2006,HGR,MD,AEA,EN,Federal Contract Tower,0,4,20,2,26,0,5,30,7,42,0,9,50,9,68,34,0,34,102
08/15/2006,HGR,MD,AEA,EN,Federal Contract Tower,0,6,9,4,19,0,9,57,2,68,0,15,66,6,87,48,0,48,135
08/16/2006,HGR,MD,AEA,EN,Federal Contract Tower,0,6,11,0,17,0,30,82,18,130,0,36,93,18,147,70,0,70,217
08/17/2006,HGR,MD,AEA,EN,Federal Contract Tower,0,7,17,0,24,0,7,122,1,130,0,14,139,1,154,22,0,22,176
08/18/2006,HGR,MD,AEA,EN,Federal Contract Tower,0,7,12,0,19,0,11,85,24,120,0,18,97,24,139,70,0,70,209
08/19/2006,HGR,MD,AEA,EN,Federal Contract Tower,0,5,13,4,22,0,17,61,4,82,0,22,74,8,104,60,10,70,174
08/20/2006,HGR,MD,AEA,EN,Federal Contract Tower,0,6,9,1,16,0,7,13,1,21,0,13,22,2,37,12,0,12,49
08/21/2006,HGR,MD,AEA,EN,Federal Contract Tower,0,8,10,0,18,0,5,63,0,68,0,13,73,0,86,28,0,28,114
08/22/2006,HGR,MD,AEA,EN,Federal Contract Tower,0,4,8,0,12,0,54,83,3,140,0,58,91,3,152,44,0,44,196
08/23/2006,HGR,MD,AEA,EN,Federal Contract Tower,0,5,5,0,10,0,5,110,10,125,0,10,115,10,135,30,0,30,165
08/24/2006,HGR,MD,AEA,EN,Federal Contract Tower,0,5,18,0,23,0,1,82,3,86,0,6,100,3,109,18,0,18,127
08/25/2006,HGR,MD,AEA,EN,Federal Contract Tower,0,6,9,0,15,0,4,72,9,85,0,10,81,9,100,38,0,38,138
08/26/2006,HGR,MD,AEA,EN,Federal Contract Tower,0,4,19,0,23,0,1,27,0,28,0,5,46,0,51,14,0,14,65
08/27/2006,HGR,MD,AEA,EN,Federal Contract Tower,0,4,3,0,7,0,0,13,0,13,0,4,16,0,20,12,0,12,32
08/28/2006,HGR,MD,AEA,EN,Federal Contract Tower,0,8,15,0,23,0,0,28,1,29,0,8,43,1,52,22,0,22,74
08/29/2006,HGR,MD,AEA,EN,Federal Contract Tower,0,7,2,0,9,0,4,7,1,12,0,11,9,1,21,0,0,0,21
08/30/2006,HGR,MD,AEA,EN,Federal Contract Tower,0,7,34,2,43,0,7,48,4,59,0,14,82,6,102,46,0,46,148
08/31/2006,HGR,MD,AEA,EN,Federal Contract Tower,0,7,24,6,37,0,10,34,0,44,0,17,58,6,81,42,0,42,123
09/01/2006,HGR,MD,AEA,EN,Federal Contract Tower,0,6,7,0,13,0,1,1,0,2,0,7,8,0,15,0,0,0,15
09/02/2006,HGR,MD,AEA,EN,Federal Contract Tower,0,3,4,0,7,0,1,0,0,1,0,4,4,0,8,0,0,0,8
09/03/2006,HGR,MD,AEA,EN,Federal Contract Tower,0,5,8,0,13,0,9,64,3,76,0,14,72,3,89,8,0,8,97
09/04/2006,HGR,MD,AEA,EN,Federal Contract Tower,0,6,17,0,23,0,1,87,0,88,0,7,104,0,111,62,0,62,173
09/05/2006,HGR,MD,AEA,EN,Federal Contract Tower,0,5,17,0,22,0,0,4,0,4,0,5,21,0,26,0,0,0,26
09/06/2006,HGR,MD,AEA,EN,Federal Contract Tower,0,8,19,0,27,0,8,40,2,50,0,16,59,2,77,30,0,30,107
09/07/2006,HGR,MD,AEA,EN,Federal Contract Tower,0,8,25,6,39,0,6,100,6,112,0,14,125,12,151,28,4,32,183
09/08/2006,HGR,MD,AEA,EN,Federal Contract Tower,0,10,16,3,29,0,1,78,8,87,0,11,94,11,116,52,0,52,168
09/09/2006,HGR,MD,AEA,EN,Federal Contract Tower,0,3,15,0,18,0,9,79,10,98,0,12,94,10,116,24,0,24,140
09/10/2006,HGR,MD,AEA,EN,Federal Contract Tower,0,6,3,5,14,0,23,72,0,95,0,29,75,5,109,34,0,34,143
09/11/2006,HGR,MD,AEA,EN,Federal Contract Tower,0,11,19,2,32,0,1,14,0,15,0,12,33,2,47,4,0,4,51
09/12/2006,HGR,MD,AEA,EN,Federal Contract Tower,0,7,21,3,31,0,6,66,8,80,0,13,87,11,111,12,0,12,123
09/13/2006,HGR,MD,AEA,EN,Federal Contract Tower,0,6,18,4,28,0,2,15,0,17,0,8,33,4,45,0,0,0,45
09/14/2006,HGR,MD,AEA,EN,Federal Contract Tower,0,9,13,9,31,0,5,9,0,14,0,14,22,9,45,0,0,0,45
09/15/2006,HGR,MD,AEA,EN,Federal Contract Tower,0,13,24,8,45,0,11,85,27,123,0,24,109,35,168,72,10,82,250
09/16/2006,HGR,MD,AEA,EN,Federal Contract Tower,0,5,12,4,21,0,5,25,9,39,0,10,37,13,60,26,0,26,86
09/17/2006,HGR,MD,AEA,EN,Federal Contract Tower,0,5,30,2,37,0,4,77,24,105,0,9,107,26,142,14,0,14,156
09/18/2006,HGR,MD,AEA,EN,Federal Contract Tower,0,7,13,2,22,0,15,81,0,96,0,22,94,2,118,30,0,30,148
09/19/2006,HGR,MD,AEA,EN,Federal Contract Tower,0,5,16,2,23,0,10,40,5,55,0,15,56,7,78,34,0,34,112
09/20/2006,HGR,MD,AEA,EN,Federal Contract Tower,0,5,13,1,19,0,8,48,12,68,0,13,61,13,87,24,0,24,111
09/21/2006,HGR,MD,AEA,EN,Federal Contract Tower,0,5,18,1,24,0,12,122,4,138,0,17,140,5,162,42,14,56,218
09/22/2006,HGR,MD,AEA,EN,Federal Contract Tower,0,6,14,1,21,0,4,57,0,61,0,10,71,1,82,60,0,60,142
09/23/2006,HGR,MD,AEA,EN,Federal Contract Tower,0,3,5,0,8,0,1,19,0,20,0,4,24,0,28,6,0,6,34
09/24/2006,HGR,MD,AEA,EN,Federal Contract Tower,0,5,10,0,15,0,5,17,2,24,0,10,27,2,39,0,0,0,39
09/25/2006,HGR,MD,AEA,EN,Federal Contract Tower,0,10,14,2,26,0,8,58,14,80,0,18,72,16,106,62,14,76,182
09/26/2006,HGR,MD,AEA,EN,Federal Contract Tower,0,12,15,0,27,0,10,99,9,118,0,22,114,9,145,70,12,82,227
09/27/2006,HGR,MD,AEA,EN,Federal Contract Tower,0,7,17,2,26,0,7,118,2,127,0,14,135,4,153,66,0,66,219
09/28/2006,HGR,MD,AEA,EN,Federal Contract Tower,0,11,15,2,28,0,5,45,6,56,0,16,60,8,84,36,0,36,120
09/29/2006,HGR,MD,AEA,EN,Federal Contract Tower,0,5,10,0,15,0,13,50,6,69,0,18,60,6,84,30,0,30,114
09/30/2006,HGR,MD,AEA,EN,Federal Contract Tower,0,4,19,0,23,0,7,34,6,47,0,11,53,6,70,0,0,0,70
10/01/2006,HGR,MD,AEA,EN,Federal Contract Tower,0,4,12,2,18,0,13,57,0,70,0,17,69,2,88,46,0,46,134
10/02/2006,HGR,MD,AEA,EN,Federal Contract Tower,0,3,10,0,13,0,6,63,3,72,0,9,73,3,85,32,0,32,117
10/03/2006,HGR,MD,AEA,EN,Federal Contract Tower,0,5,17,0,22,0,6,77,28,111,0,11,94,28,133,70,16,86,219
10/04/2006,HGR,MD,AEA,EN,Federal Contract Tower,0,4,13,0,17,0,3,81,20,104,0,7,94,20,121,48,10,58,179
10/05/2006,HGR,MD,AEA,EN,Federal Contract Tower,0,7,20,3,30,0,6,40,10,56,0,13,60,13,86,36,14,50,136
10/06/2006,HGR,MD,AEA,EN,Federal Contract Tower,0,5,19,4,28,0,1,11,0,12,0,6,30,4,40,10,0,10,50
10/07/2006,HGR,MD,AEA,EN,Federal Contract Tower,0,4,21,1,26,0,7,65,0,72,0,11,86,1,98,18,0,18,116
10/08/2006,HGR,MD,AEA,EN,Federal Contract Tower,0,6,21,0,27,0,14,338,1,353,0,20,359,1,380,40,0,40,420
10/09/2006,HGR,MD,AEA,EN,Federal Contract Tower,0,6,24,4,34,0,3,81,6,90,0,9,105,10,124,74,0,74,198
10/10/2006,HGR,MD,AEA,EN,Federal Contract Tower,0,8,10,2,20,0,5,110,5,120,0,13,120,7,140,40,0,40,180
10/11/2006,HGR,MD,AEA,EN,Federal Contract Tower,0,12,20,0,32,0,3,46,0,49,0,15,66,0,81,26,0,26,107
10/12/2006,HGR,MD,AEA,EN,Federal Contract Tower,0,5,16,0,21,0,9,43,6,58,0,14,59,6,79,0,0,0,79
10/13/2006,HGR,MD,AEA,EN,Federal Contract Tower,0,9,31,1,41,0,6,50,4,60,0,15,81,5,101,0,0,0,101
10/14/2006,HGR,MD,AEA,EN,Federal Contract Tower,0,2,7,0,9,0,3,39,2,44,0,5,46,2,53,0,0,0,53
10/15/2006,HGR,MD,AEA,EN,Federal Contract Tower,0,5,11,2,18,0,10,140,27,177,0,15,151,29,195,56,18,74,269
10/16/2006,HGR,MD,AEA,EN,Federal Contract Tower,0,9,18,0,27,0,9,95,14,118,0,18,113,14,145,42,38,80,225
10/17/2006,HGR,MD,AEA,EN,Federal Contract Tower,0,8,9,5,22,0,2,0,0,2,0,10,9,5,24,0,12,12,36
10/18/2006,HGR,MD,AEA,EN,Federal Contract Tower,0,6,21,8,35,0,3,51,27,81,0,9,72,35,116,42,2,44,160
10/19/2006,HGR,MD,AEA,EN,Federal Contract Tower,0,6,22,3,31,0,3,29,8,40,0,9,51,11,71,10,0,10,81
10/20/2006,HGR,MD,AEA,EN,Federal Contract Tower,0,4,16,5,25,0,2,9,11,22,0,6,25,16,47,0,0,0,47
10/21/2006,HGR,MD,AEA,EN,Federal Contract Tower,0,2,11,0,13,0,4,90,2,96,0,6,101,2,109,52,0,52,161
10/22/2006,HGR,MD,AEA,EN,Federal Contract Tower,0,5,7,3,15,0,11,22,3,36,0,16,29,6,51,44,0,44,95
10/23/2006,HGR,MD,AEA,EN,Federal Contract Tower,0,8,18,1,27,0,8,36,0,44,0,16,54,1,71,44,0,44,115
10/24/2006,HGR,MD,AEA,EN,Federal Contract Tower,0,7,19,7,33,0,6,37,16,59,0,13,56,23,92,18,16,34,126
10/25/2006,HGR,MD,AEA,EN,Federal Contract Tower,0,8,23,0,31,0,23,53,6,82,0,31,76,6,113,6,0,6,119
10/26/2006,HGR,MD,AEA,EN,Federal Contract Tower,0,6,9,0,15,0,11,60,5,76,0,17,69,5,91,38,12,50,141
10/27/2006,HGR,MD,AEA,EN,Federal Contract Tower,0,8,15,8,31,0,6,25,2,33,0,14,40,10,64,40,0,40,104
10/28/2006,HGR,MD,AEA,EN,Federal Contract Tower,0,4,5,0,9,0,6,10,2,18,0,10,15,2,27,4,0,4,31
10/29/2006,HGR,MD,AEA,EN,Federal Contract Tower,0,4,3,0,7,0,0,12,0,12,0,4,15,0,19,0,0,0,19
10/30/2006,HGR,MD,AEA,EN,Federal Contract Tower,0,4,20,1,25,0,16,107,7,130,0,20,127,8,155,110,2,112,267
10/31/2006,HGR,MD,AEA,EN,Federal Contract Tower,0,9,3,3,15,0,4,86,5,95,0,13,89,8,110,82,0,82,192
11/01/2006,HGR,MD,AEA,EN,Federal Contract Tower,0,7,24,0,31,0,7,80,10,97,0,14,104,10,128,44,0,44,172
11/02/2006,HGR,MD,AEA,EN,Federal Contract Tower,0,12,22,6,40,0,17,51,1,69,0,29,73,7,109,16,0,16,125
11/03/2006,HGR,MD,AEA,EN,Federal Contract Tower,0,8,12,1,21,0,8,49,7,64,0,16,61,8,85,26,0,26,111
11/04/2006,HGR,MD,AEA,EN,Federal Contract Tower,0,4,12,0,16,0,3,81,0,84,0,7,93,0,100,51,0,51,151
11/05/2006,HGR,MD,AEA,EN,Federal Contract Tower,0,7,19,5,31,0,10,71,6,87,0,17,90,11,118,58,0,58,176
11/06/2006,HGR,MD,AEA,EN,Federal Contract Tower,0,6,10,5,21,0,3,56,5,64,0,9,66,10,85,50,0,50,135
11/07/2006,HGR,MD,AEA,EN,Federal Contract Tower,0,10,14,4,28,0,0,31,3,34,0,10,45,7,62,0,0,0,62
11/08/2006,HGR,MD,AEA,EN,Federal Contract Tower,0,9,19,4,32,0,0,2,0,2,0,9,21,4,34,0,0,0,34
11/09/2006,HGR,MD,AEA,EN,Federal Contract Tower,0,5,7,3,15,0,5,56,15,76,0,10,63,18,91,28,24,52,143
11/10/2006,HGR,MD,AEA,EN,Federal Contract Tower,0,7,22,1,30,0,16,132,11,159,0,23,154,12,189,84,16,100,289
11/11/2006,HGR,MD,AEA,EN,Federal Contract Tower,0,2,13,0,15,0,10,122,0,132,0,12,135,0,147,70,0,70,217
11/12/2006,HGR,MD,AEA,EN,Federal Contract Tower,0,6,7,0,13,0,3,0,0,3,0,9,7,0,16,0,0,0,16
11/13/2006,HGR,MD,AEA,EN,Federal Contract Tower,0,7,19,0,26,0,0,0,0,0,0,7,19,0,26,0,0,0,26
11/14/2006,HGR,MD,AEA,EN,Federal Contract Tower,0,10,12,6,28,0,5,42,5,52,0,15,54,11,80,26,0,26,106
11/15/2006,HGR,MD,AEA,EN,Federal Contract Tower,0,7,20,5,32,0,0,10,1,11,0,7,30,6,43,4,0,4,47
11/16/2006,HGR,MD,AEA,EN,Federal Contract Tower,0,8,14,0,22,0,0,1,0,1,0,8,15,0,23,0,0,0,23
11/17/2006,HGR,MD,AEA,EN,Federal Contract Tower,0,4,17,4,25,0,0,58,1,59,0,4,75,5,84,32,0,32,116
11/18/2006,HGR,MD,AEA,EN,Federal Contract Tower,0,2,6,2,10,0,3,66,7,76,0,5,72,9,86,30,14,44,130
11/19/2006,HGR,MD,AEA,EN,Federal Contract Tower,0,3,14,3,20,0,4,29,0,33,0,7,43,3,53,6,0,6,59
11/20/2006,HGR,MD,AEA,EN,Federal Contract Tower,0,5,13,1,19,0,4,22,6,32,0,9,35,7,51,0,12,12,63
11/21/2006,HGR,MD,AEA,EN,Federal Contract Tower,0,6,23,3,32,0,10,84,11,105,0,16,107,14,137,16,12,28,165
11/22/2006,HGR,MD,AEA,EN,Federal Contract Tower,0,6,17,2,25,0,1,50,2,53,0,7,67,4,78,20,0,20,98
11/23/2006,HGR,MD,AEA,EN,Federal Contract Tower,0,4,3,1,8,0,1,1,0,2,0,5,4,1,10,0,0,0,10
11/24/2006,HGR,MD,AEA,EN,Federal Contract Tower,0,6,18,0,24,0,0,94,4,98,0,6,112,4,122,46,0,46,168
11/25/2006,HGR,MD,AEA,EN,Federal Contract Tower,0,6,6,0,12,0,7,114,9,130,0,13,120,9,142,52,0,52,194
11/26/2006,HGR,MD,AEA,EN,Federal Contract Tower,0,4,10,0,14,0,14,95,2,111,0,18,105,2,125,48,16,64,189
11/27/2006,HGR,MD,AEA,EN,Federal Contract Tower,0,8,14,2,24,0,6,71,8,85,0,14,85,10,109,40,40,80,189
11/28/2006,HGR,MD,AEA,EN,Federal Contract Tower,0,7,16,3,26,0,8,76,3,87,0,15,92,6,113,84,10,94,207
11/29/2006,HGR,MD,AEA,EN,Federal Contract Tower,0,3,9,11,23,0,2,9,1,12,0,5,18,12,35,34,0,34,69
11/30/2006,HGR,MD,AEA,EN,Federal Contract Tower,0,3,13,6,22,0,3,8,3,14,0,6,21,9,36,20,2,22,58
12/01/2006,HGR,MD,AEA,EN,Federal Contract Tower,0,6,0,1,7,0,0,1,0,1,0,6,1,1,8,0,0,0,8
12/02/2006,HGR,MD,AEA,EN,Federal Contract Tower,0,3,8,0,11,0,0,41,6,47,0,3,49,6,58,34,0,34,92
12/03/2006,HGR,MD,AEA,EN,Federal Contract Tower,0,9,14,4,27,0,1,84,0,85,0,10,98,4,112,82,0,82,194
12/04/2006,HGR,MD,AEA,EN,Federal Contract Tower,0,10,5,4,19,0,2,19,12,33,0,12,24,16,52,0,14,14,66
12/05/2006,HGR,MD,AEA,EN,Federal Contract Tower,0,6,16,2,24,0,18,80,6,104,0,24,96,8,128,62,0,62,190
12/06/2006,HGR,MD,AEA,EN,Federal Contract Tower,0,5,15,7,27,0,8,70,9,87,0,13,85,16,114,24,0,24,138
12/07/2006,HGR,MD,AEA,EN,Federal Contract Tower,0,8,14,7,29,0,0,41,4,45,0,8,55,11,74,10,0,10,84
12/08/2006,HGR,MD,AEA,EN,Federal Contract Tower,0,8,12,2,22,0,2,49,1,52,0,10,61,3,74,0,0,0,74
12/09/2006,HGR,MD,AEA,EN,Federal Contract Tower,0,2,5,3,10,0,6,59,4,69,0,8,64,7,79,44,0,44,123
12/10/2006,HGR,MD,AEA,EN,Federal Contract Tower,0,4,8,2,14,0,1,54,1,56,0,5,62,3,70,22,0,22,92
12/11/2006,HGR,MD,AEA,EN,Federal Contract Tower,0,8,16,5,29,0,1,70,0,71,0,9,86,5,100,64,0,64,164
12/12/2006,HGR,MD,AEA,EN,Federal Contract Tower,0,9,15,1,25,0,6,79,11,96,0,15,94,12,121,34,0,34,155
12/13/2006,HGR,MD,AEA,EN,Federal Contract Tower,0,6,17,1,24,0,2,38,12,52,0,8,55,13,76,28,0,28,104
12/14/2006,HGR,MD,AEA,EN,Federal Contract Tower,0,13,13,0,26,0,6,83,8,97,0,19,96,8,123,46,0,46,169
12/15/2006,HGR,MD,AEA,EN,Federal Contract Tower,0,8,17,0,25,0,4,62,7,73,0,12,79,7,98,34,0,34,132
12/16/2006,HGR,MD,AEA,EN,Federal Contract Tower,0,2,7,0,9,0,4,120,2,126,0,6,127,2,135,134,0,134,269
12/17/2006,HGR,MD,AEA,EN,Federal Contract Tower,0,2,13,0,15,0,13,83,0,96,0,15,96,0,111,32,0,32,143
12/18/2006,HGR,MD,AEA,EN,Federal Contract Tower,0,10,24,2,36,0,6,39,2,47,0,16,63,4,83,0,0,0,83
12/19/2006,HGR,MD,AEA,EN,Federal Contract Tower,0,7,17,4,28,0,5,41,10,56,0,12,58,14,84,28,38,66,150
12/20/2006,HGR,MD,AEA,EN,Federal Contract Tower,0,5,15,0,20,0,4,115,15,134,0,9,130,15,154,70,18,88,242
12/21/2006,HGR,MD,AEA,EN,Federal Contract Tower,0,6,13,2,21,0,12,46,3,61,0,18,59,5,82,24,0,24,106
12/22/2006,HGR,MD,AEA,EN,Federal Contract Tower,0,4,23,7,34,0,0,0,0,0,0,4,23,7,34,0,0,0,34
12/23/2006,HGR,MD,AEA,EN,Federal Contract Tower,0,4,13,0,17,0,7,35,2,44,0,11,48,2,61,20,0,20,81
12/24/2006,HGR,MD,AEA,EN,Federal Contract Tower,0,2,10,0,12,0,5,16,0,21,0,7,26,0,33,18,0,18,51
12/25/2006,HGR,MD,AEA,EN,Federal Contract Tower,0,6,0,0,6,0,3,1,0,4,0,9,1,0,10,0,0,0,10
12/26/2006,HGR,MD,AEA,EN,Federal Contract Tower,0,2,5,0,7,0,2,4,0,6,0,4,9,0,13,0,0,0,13
12/27/2006,HGR,MD,AEA,EN,Federal Contract Tower,0,6,6,1,13,0,7,46,8,61,0,13,52,9,74,40,0,40,114
12/28/2006,HGR,MD,AEA,EN,Federal Contract Tower,0,4,10,0,14,0,10,83,5,98,0,14,93,5,112,94,0,94,206
12/29/2006,HGR,MD,AEA,EN,Federal Contract Tower,0,4,9,0,13,0,5,111,0,116,0,9,120,0,129,124,0,124,253
12/30/2006,HGR,MD,AEA,EN,Federal Contract Tower,0,2,9,0,11,0,5,48,1,54,0,7,57,1,65,28,0,28,93
12/31/2006,HGR,MD,AEA,EN,Federal Contract Tower,0,2,8,0,10,0,0,24,0,24,0,2,32,0,34,20,0,20,54
01/01/2007,HGR,MD,AEA,EN,Federal Contract Tower,0,2,8,0,10,0,4,1,0,5,0,6,9,0,15,0,0,0,15
01/02/2007,HGR,MD,AEA,EN,Federal Contract Tower,0,2,9,1,12,0,9,39,5,53,0,11,48,6,65,0,4,4,69
01/03/2007,HGR,MD,AEA,EN,Federal Contract Tower,0,5,9,0,14,0,6,81,9,96,0,11,90,9,110,56,8,64,174
01/04/2007,HGR,MD,AEA,EN,Federal Contract Tower,0,6,18,0,24,0,10,76,5,91,0,16,94,5,115,54,0,54,169
01/05/2007,HGR,MD,AEA,EN,Federal Contract Tower,0,4,13,0,17,0,1,3,0,4,0,5,16,0,21,2,0,2,23
01/06/2007,HGR,MD,AEA,EN,Federal Contract Tower,0,3,5,0,8,0,18,39,0,57,0,21,44,0,65,30,0,30,95
01/07/2007,HGR,MD,AEA,EN,Federal Contract Tower,0,2,6,0,8,0,0,53,1,54,0,2,59,1,62,44,0,44,106
01/08/2007,HGR,MD,AEA,EN,Federal Contract Tower,0,4,5,0,9,0,4,10,4,18,0,8,15,4,27,0,0,0,27
01/09/2007,HGR,MD,AEA,EN,Federal Contract Tower,0,4,17,3,24,0,4,20,1,25,0,8,37,4,49,0,0,0,49
01/10/2007,HGR,MD,AEA,EN,Federal Contract Tower,0,4,6,3,13,0,1,22,7,30,0,5,28,10,43,0,0,0,43
01/11/2007,HGR,MD,AEA,EN,Federal Contract Tower,0,4,22,0,26,0,0,90,22,112,0,4,112,22,138,48,18,66,204
01/12/2007,HGR,MD,AEA,EN,Federal Contract Tower,0,4,18,5,27,0,56,42,14,112,0,60,60,19,139,32,54,86,225
01/13/2007,HGR,MD,AEA,EN,Federal Contract Tower,0,2,14,7,23,0,3,45,0,48,0,5,59,7,71,48,0,48,119
01/14/2007,HGR,MD,AEA,EN,Federal Contract Tower,0,2,19,2,23,0,0,29,1,30,0,2,48,3,53,8,4,12,65
01/15/2007,HGR,MD,AEA,EN,Federal Contract Tower,0,6,15,4,25,0,0,0,0,0,0,6,15,4,25,2,0,2,27
01/16/2007,HGR,MD,AEA,EN,Federal Contract Tower,0,4,13,3,20,0,9,10,9,28,0,13,23,12,48,0,2,2,50
01/17/2007,HGR,MD,AEA,EN,Federal Contract Tower,0,4,16,0,20,0,4,50,18,72,0,8,66,18,92,22,46,68,160
01/18/2007,HGR,MD,AEA,EN,Federal Contract Tower,0,2,11,1,14,0,5,62,16,83,0,7,73,17,97,42,0,42,139
01/19/2007,HGR,MD,AEA,EN,Federal Contract Tower,0,4,9,2,15,0,1,30,11,42,0,5,39,13,57,6,4,10,67
01/20/2007,HGR,MD,AEA,EN,Federal Contract Tower,0,2,4,0,6,0,5,15,2,22,0,7,19,2,28,0,0,0,28
01/21/2007,HGR,MD,AEA,EN,Federal Contract Tower,0,2,5,0,7,0,0,20,1,21,0,2,25,1,28,30,2,32,60
01/22/2007,HGR,MD,AEA,EN,Federal Contract Tower,0,2,3,0,5,0,0,0,0,0,0,2,3,0,5,6,0,6,11
01/23/2007,HGR,MD,AEA,EN,Federal Contract Tower,0,3,14,3,20,0,18,75,13,106,0,21,89,16,126,38,8,46,172
01/24/2007,HGR,MD,AEA,EN,Federal Contract Tower,0,8,5,1,14,0,2,35,5,42,0,10,40,6,56,38,4,42,98
01/25/2007,HGR,MD,AEA,EN,Federal Contract Tower,0,4,10,5,19,0,5,28,14,47,0,9,38,19,66,30,8,38,104
01/26/2007,HGR,MD,AEA,EN,Federal Contract Tower,0,4,8,2,14,0,4,51,27,82,0,8,59,29,96,84,2,86,182
01/27/2007,HGR,MD,AEA,EN,Federal Contract Tower,0,2,10,0,12,0,4,84,4,92,0,6,94,4,104,58,0,58,162
01/28/2007,HGR,MD,AEA,EN,Federal Contract Tower,0,2,9,0,11,0,2,36,5,43,0,4,45,5,54,4,0,4,58
01/29/2007,HGR,MD,AEA,EN,Federal Contract Tower,0,3,15,1,19,0,12,37,3,52,0,15,52,4,71,6,0,6,77
01/30/2007,HGR,MD,AEA,EN,Federal Contract Tower,0,6,12,3,21,0,6,24,3,33,0,12,36,6,54,0,0,0,54
01/31/2007,HGR,MD,AEA,EN,Federal Contract Tower,0,4,17,2,23,0,5,54,3,62,0,9,71,5,85,18,0,18,103
02/01/2007,HGR,MD,AEA,EN,Federal Contract Tower,0,5,16,0,21,0,7,39,6,52,0,12,55,6,73,32,6,38,111
02/02/2007,HGR,MD,AEA,EN,Federal Contract Tower,0,3,11,2,16,0,0,8,2,10,0,3,19,4,26,18,0,18,44
02/03/2007,HGR,MD,AEA,EN,Federal Contract Tower,0,4,10,1,15,0,0,37,4,41,0,4,47,5,56,12,2,14,70
02/04/2007,HGR,MD,AEA,EN,Federal Contract Tower,0,2,3,0,5,0,4,13,0,17,0,6,16,0,22,6,0,6,28
02/05/2007,HGR,MD,AEA,EN,Federal Contract Tower,0,1,20,0,21,0,0,39,8,47,0,1,59,8,68,4,0,4,72
02/06/2007,HGR,MD,AEA,EN,Federal Contract Tower,0,2,7,1,10,0,11,31,12,54,0,13,38,13,64,10,6,16,80
02/07/2007,HGR,MD,AEA,EN,Federal Contract Tower,0,2,8,0,10,0,2,30,10,42,0,4,38,10,52,6,0,6,58
02/08/2007,HGR,MD,AEA,EN,Federal Contract Tower,0,4,11,1,16,0,12,29,18,59,0,16,40,19,75,0,8,8,83
02/09/2007,HGR,MD,AEA,EN,Federal Contract Tower,0,4,12,4,20,0,6,62,12,80,0,10,74,16,100,16,2,18,118
02/10/2007,HGR,MD,AEA,EN,Federal Contract Tower,0,4,11,0,15,0,5,73,8,86,0,9,84,8,101,38,2,40,141
02/11/2007,HGR,MD,AEA,EN,Federal Contract Tower,0,2,5,0,7,0,1,70,15,86,0,3,75,15,93,22,0,22,115
02/12/2007,HGR,MD,AEA,EN,Federal Contract Tower,0,4,15,0,19,0,6,46,6,58,0,10,61,6,77,86,0,86,163
02/13/2007,HGR,MD,AEA,EN,Federal Contract Tower,0,2,2,0,4,0,0,0,0,0,0,2,2,0,4,0,0,0,4
02/14/2007,HGR,MD,AEA,EN,Federal Contract Tower,0,0,2,0,2,0,0,0,0,0,0,0,2,0,2,0,0,0,2
02/15/2007,HGR,MD,AEA,EN,Federal Contract Tower,0,4,13,0,17,0,9,2,3,14,0,13,15,3,31,0,0,0,31
02/16/2007,HGR,MD,AEA,EN,Federal Contract Tower,0,1,14,2,17,0,0,22,5,27,0,1,36,7,44,0,0,0,44
02/17/2007,HGR,MD,AEA,EN,Federal Contract Tower,0,2,6,0,8,0,8,40,18,66,0,10,46,18,74,62,0,62,136
02/18/2007,HGR,MD,AEA,EN,Federal Contract Tower,0,2,5,0,7,0,13,8,1,22,0,15,13,1,29,6,0,6,35
02/19/2007,HGR,MD,AEA,EN,Federal Contract Tower,0,4,5,1,10,0,2,17,10,29,0,6,22,11,39,22,0,22,61
02/20/2007,HGR,MD,AEA,EN,Federal Contract Tower,0,8,11,0,19,0,11,35,13,59,0,19,46,13,78,6,8,14,92
02/21/2007,HGR,MD,AEA,EN,Federal Contract Tower,0,6,12,2,20,0,4,88,16,108,0,10,100,18,128,74,0,74,202
02/22/2007,HGR,MD,AEA,EN,Federal Contract Tower,0,4,12,5,21,0,1,18,5,24,0,5,30,10,45,0,0,0,45
02/23/2007,HGR,MD,AEA,EN,Federal Contract Tower,0,4,11,2,17,0,1,6,14,21,0,5,17,16,38,0,24,24,62
02/24/2007,HGR,MD,AEA,EN,Federal Contract Tower,0,2,6,0,8,0,2,93,9,104,0,4,99,9,112,60,0,60,172
02/25/2007,HGR,MD,AEA,EN,Federal Contract Tower,0,2,1,0,3,0,0,0,0,0,0,2,1,0,3,0,0,0,3
02/26/2007,HGR,MD,AEA,EN,Federal Contract Tower,0,3,14,0,17,0,5,7,4,16,0,8,21,4,33,14,0,14,47
02/27/2007,HGR,MD,AEA,EN,Federal Contract Tower,0,5,11,8,24,0,2,47,23,72,0,7,58,31,96,40,0,40,136
02/28/2007,HGR,MD,AEA,EN,Federal Contract Tower,0,9,15,1,25,0,7,69,9,85,0,16,84,10,110,62,0,62,172
03/01/2007,HGR,MD,AEA,EN,Federal Contract Tower,0,4,9,4,17,0,3,27,18,48,0,7,36,22,65,0,12,12,77
03/02/2007,HGR,MD,AEA,EN,Federal Contract Tower,0,2,7,2,11,0,4,11,4,19,0,6,18,6,30,16,0,16,46
03/03/2007,HGR,MD,AEA,EN,Federal Contract Tower,0,2,6,2,10,0,0,18,13,31,0,2,24,15,41,26,46,72,113
03/04/2007,HGR,MD,AEA,EN,Federal Contract Tower,0,2,2,2,6,0,0,6,0,6,0,2,8,2,12,0,0,0,12
03/05/2007,HGR,MD,AEA,EN,Federal Contract Tower,0,4,10,1,15,0,1,7,4,12,0,5,17,5,27,0,0,0,27
03/06/2007,HGR,MD,AEA,EN,Federal Contract Tower,0,4,10,0,14,0,4,31,37,72,0,8,41,37,86,0,12,12,98
03/07/2007,HGR,MD,AEA,EN,Federal Contract Tower,0,4,3,0,7,0,0,0,0,0,0,4,3,0,7,0,0,0,7
03/08/2007,HGR,MD,AEA,EN,Federal Contract Tower,0,4,16,0,20,0,4,57,11,72,0,8,73,11,92,62,0,62,154
03/09/2007,HGR,MD,AEA,EN,Federal Contract Tower,0,4,12,2,18,0,4,53,12,69,0,8,65,14,87,62,2,64,151
03/10/2007,HGR,MD,AEA,EN,Federal Contract Tower,0,2,13,3,18,0,0,67,2,69,0,2,80,5,87,48,8,56,143
03/11/2007,HGR,MD,AEA,EN,Federal Contract Tower,0,2,8,0,10,0,9,51,11,71,0,11,59,11,81,21,0,21,102
03/12/2007,HGR,MD,AEA,EN,Federal Contract Tower,0,3,13,0,16,0,2,55,5,62,0,5,68,5,78,22,4,26,104
03/13/2007,HGR,MD,AEA,EN,Federal Contract Tower,0,4,19,1,24,0,16,59,14,89,0,20,78,15,113,32,2,34,147
03/14/2007,HGR,MD,AEA,EN,Federal Contract Tower,0,5,11,5,21,0,3,51,19,73,0,8,62,24,94,28,2,30,124
03/15/2007,HGR,MD,AEA,EN,Federal Contract Tower,0,5,18,5,28,0,2,18,6,26,0,7,36,11,54,0,0,0,54
03/16/2007,HGR,MD,AEA,EN,Federal Contract Tower,0,0,4,0,4,0,0,0,0,0,0,0,4,0,4,0,0,0,4
03/17/2007,HGR,MD,AEA,EN,Federal Contract Tower,0,3,4,0,7,0,1,1,0,2,0,4,5,0,9,0,0,0,9
03/18/2007,HGR,MD,AEA,EN,Federal Contract Tower,0,5,11,0,16,0,1,22,5,28,0,6,33,5,44,18,0,18,62
03/19/2007,HGR,MD,AEA,EN,Federal Contract Tower,0,2,16,6,24,0,17,27,9,53,0,19,43,15,77,0,10,10,87
03/20/2007,HGR,MD,AEA,EN,Federal Contract Tower,0,4,18,0,22,0,7,70,9,86,0,11,88,9,108,6,0,6,114
03/21/2007,HGR,MD,AEA,EN,Federal Contract Tower,0,4,20,1,25,0,6,91,12,109,0,10,111,13,134,56,4,60,194
03/22/2007,HGR,MD,AEA,EN,Federal Contract Tower,0,5,14,1,20,0,3,79,15,97,0,8,93,16,117,38,18,56,173
03/23/2007,HGR,MD,AEA,EN,Federal Contract Tower,0,4,19,2,25,0,1,22,16,39,0,5,41,18,64,14,4,18,82
03/24/2007,HGR,MD,AEA,EN,Federal Contract Tower,0,2,13,1,16,0,0,0,0,0,0,2,13,1,16,0,0,0,16
03/25/2007,HGR,MD,AEA,EN,Federal Contract Tower,0,2,10,0,12,0,0,59,2,61,0,2,69,2,73,44,4,48,121
03/26/2007,HGR,MD,AEA,EN,Federal Contract Tower,0,6,23,3,32,0,5,32,7,44,0,11,55,10,76,40,14,54,130
03/27/2007,HGR,MD,AEA,EN,Federal Contract Tower,0,4,9,2,15,0,2,50,9,61,0,6,59,11,76,20,0,20,96
03/28/2007,HGR,MD,AEA,EN,Federal Contract Tower,0,5,13,7,25,0,4,55,39,98,0,9,68,46,123,18,2,20,143
03/29/2007,HGR,MD,AEA,EN,Federal Contract Tower,0,5,17,3,25,0,8,74,10,92,0,13,91,13,117,50,26,76,193
03/30/2007,HGR,MD,AEA,EN,Federal Contract Tower,0,4,19,0,23,0,4,68,3,75,0,8,87,3,98,28,0,28,126
03/31/2007,HGR,MD,AEA,EN,Federal Contract Tower,0,2,7,0,9,0,4,74,2,80,0,6,81,2,89,74,0,74,163
04/01/2007,HGR,MD,AEA,EN,Federal Contract Tower,0,2,11,0,13,0,9,5,2,16,0,11,16,2,29,0,0,0,29
04/02/2007,HGR,MD,AEA,EN,Federal Contract Tower,0,4,9,0,13,0,16,25,4,45,0,20,34,4,58,16,0,16,74
04/03/2007,HGR,MD,AEA,EN,Federal Contract Tower,0,6,11,1,18,0,4,102,32,138,0,10,113,33,156,50,0,50,206
04/04/2007,HGR,MD,AEA,EN,Federal Contract Tower,0,4,10,0,14,0,4,0,2,6,0,8,10,2,20,0,0,0,20
04/05/2007,HGR,MD,AEA,EN,Federal Contract Tower,0,4,22,0,26,0,4,22,2,28,0,8,44,2,54,0,0,0,54
04/06/2007,HGR,MD,AEA,EN,Federal Contract Tower,0,4,13,1,18,0,24,57,6,87,0,28,70,7,105,14,0,14,119
04/07/2007,HGR,MD,AEA,EN,Federal Contract Tower,0,4,3,1,8,0,6,16,0,22,0,10,19,1,30,30,0,30,60
04/08/2007,HGR,MD,AEA,EN,Federal Contract Tower,0,2,4,0,6,0,4,7,0,11,0,6,11,0,17,0,0,0,17
04/09/2007,HGR,MD,AEA,EN,Federal Contract Tower,0,6,25,2,33,0,14,72,0,86,0,20,97,2,119,22,0,22,141
04/10/2007,HGR,MD,AEA,EN,Federal Contract Tower,0,2,16,1,19,0,7,89,24,120,0,9,105,25,139,34,0,34,173
04/11/2007,HGR,MD,AEA,EN,Federal Contract Tower,0,6,16,1,23,0,0,43,16,59,0,6,59,17,82,0,0,0,82
04/12/2007,HGR,MD,AEA,EN,Federal Contract Tower,0,5,19,1,25,0,7,1,2,10,0,12,20,3,35,0,0,0,35
04/13/2007,HGR,MD,AEA,EN,Federal Contract Tower,0,5,17,3,25,0,5,14,5,24,0,10,31,8,49,0,0,0,49
04/14/2007,HGR,MD,AEA,EN,Federal Contract Tower,0,2,8,0,10,0,12,50,5,67,0,14,58,5,77,22,0,22,99
04/15/2007,HGR,MD,AEA,EN,Federal Contract Tower,0,2,3,5,10,0,1,0,0,1,0,3,3,5,11,0,0,0,11
04/16/2007,HGR,MD,AEA,EN,Federal Contract Tower,0,5,7,0,12,0,1,2,0,3,0,6,9,0,15,0,0,0,15
04/17/2007,HGR,MD,AEA,EN,Federal Contract Tower,0,4,14,2,20,0,6,9,8,23,0,10,23,10,43,0,0,0,43
04/18/2007,HGR,MD,AEA,EN,Federal Contract Tower,0,4,23,3,30,0,10,63,4,77,0,14,86,7,107,8,0,8,115
04/19/2007,HGR,MD,AEA,EN,Federal Contract Tower,0,5,22,2,29,0,4,47,10,61,0,9,69,12,90,18,6,24,114
04/20/2007,HGR,MD,AEA,EN,Federal Contract Tower,0,4,13,0,17,0,10,97,5,112,0,14,110,5,129,78,24,102,231
04/21/2007,HGR,MD,AEA,EN,Federal Contract Tower,0,2,6,0,8,0,2,138,7,147,0,4,144,7,155,54,16,70,225
04/22/2007,HGR,MD,AEA,EN,Federal Contract Tower,0,1,9,2,12,0,20,103,2,125,0,21,112,4,137,50,0,50,187
04/23/2007,HGR,MD,AEA,EN,Federal Contract Tower,0,3,15,0,18,0,5,56,5,66,0,8,71,5,84,46,0,46,130
04/24/2007,HGR,MD,AEA,EN,Federal Contract Tower,0,4,11,2,17,0,11,86,10,107,0,15,97,12,124,78,0,78,202
04/25/2007,HGR,MD,AEA,EN,Federal Contract Tower,0,4,10,5,19,0,3,20,8,31,0,7,30,13,50,42,0,42,92
04/26/2007,HGR,MD,AEA,EN,Federal Contract Tower,0,4,24,7,35,0,8,35,2,45,0,12,59,9,80,26,20,46,126
04/27/2007,HGR,MD,AEA,EN,Federal Contract Tower,0,3,23,0,26,0,1,0,0,1,0,4,23,0,27,12,0,12,39
04/28/2007,HGR,MD,AEA,EN,Federal Contract Tower,0,3,11,1,15,0,4,47,1,52,0,7,58,2,67,46,0,46,113
04/29/2007,HGR,MD,AEA,EN,Federal Contract Tower,0,5,3,0,8,0,8,70,4,82,0,13,73,4,90,10,0,10,100
04/30/2007,HGR,MD,AEA,EN,Federal Contract Tower,0,4,10,0,14,0,2,49,2,53,0,6,59,2,67,12,0,12,79
05/01/2007,HGR,MD,AEA,EN,Federal Contract Tower,0,4,15,0,19,0,12,61,14,87,0,16,76,14,106,86,10,96,202
05/02/2007,HGR,MD,AEA,EN,Federal Contract Tower,0,6,17,4,27,0,6,78,5,89,0,12,95,9,116,62,0,62,178
05/03/2007,HGR,MD,AEA,EN,Federal Contract Tower,0,5,26,1,32,0,3,95,12,110,0,8,121,13,142,54,10,64,206
05/04/2007,HGR,MD,AEA,EN,Federal Contract Tower,0,4,25,0,29,0,2,107,6,115,0,6,132,6,144,92,4,96,240
05/05/2007,HGR,MD,AEA,EN,Federal Contract Tower,0,2,13,2,17,0,9,67,2,78,0,11,80,4,95,62,0,62,157
05/06/2007,HGR,MD,AEA,EN,Federal Contract Tower,0,4,7,0,11,0,6,35,5,46,0,10,42,5,57,12,10,22,79
05/07/2007,HGR,MD,AEA,EN,Federal Contract Tower,0,4,10,2,16,0,6,83,9,98,0,10,93,11,114,26,10,36,150
05/08/2007,HGR,MD,AEA,EN,Federal Contract Tower,0,4,17,0,21,0,15,97,9,121,0,19,114,9,142,44,22,66,208
05/09/2007,HGR,MD,AEA,EN,Federal Contract Tower,0,10,16,1,27,0,7,100,21,128,0,17,116,22,155,22,6,28,183
05/10/2007,HGR,MD,AEA,EN,Federal Contract Tower,0,5,15,0,20,0,10,58,10,78,0,15,73,10,98,0,0,0,98
05/11/2007,HGR,MD,AEA,EN,Federal Contract Tower,0,4,14,1,19,0,2,33,2,37,0,6,47,3,56,24,0,24,80
05/12/2007,HGR,MD,AEA,EN,Federal Contract Tower,0,4,17,0,21,0,3,53,23,79,0,7,70,23,100,58,0,58,158
05/13/2007,HGR,MD,AEA,EN,Federal Contract Tower,0,2,9,1,12,0,8,82,2,92,0,10,91,3,104,12,2,14,118
05/14/2007,HGR,MD,AEA,EN,Federal Contract Tower,0,7,24,1,32,0,7,40,0,47,0,14,64,1,79,30,0,30,109
05/15/2007,HGR,MD,AEA,EN,Federal Contract Tower,0,6,21,2,29,0,3,61,8,72,0,9,82,10,101,16,4,20,121
05/16/2007,HGR,MD,AEA,EN,Federal Contract Tower,0,9,9,2,20,0,2,13,1,16,0,11,22,3,36,0,0,0,36
05/17/2007,HGR,MD,AEA,EN,Federal Contract Tower,0,4,25,2,31,0,3,64,16,83,0,7,89,18,114,16,28,44,158
05/18/2007,HGR,MD,AEA,EN,Federal Contract Tower,0,6,30,0,36,0,6,12,0,18,0,12,42,0,54,40,0,40,94
05/19/2007,HGR,MD,AEA,EN,Federal Contract Tower,0,3,15,4,22,0,3,55,1,59,0,6,70,5,81,24,0,24,105
05/20/2007,HGR,MD,AEA,EN,Federal Contract Tower,0,2,13,0,15,0,4,47,3,54,0,6,60,3,69,36,0,36,105
05/21/2007,HGR,MD,AEA,EN,Federal Contract Tower,0,6,4,4,14,0,6,59,1,66,0,12,63,5,80,62,8,70,150
05/22/2007,HGR,MD,AEA,EN,Federal Contract Tower,0,5,5,2,12,0,7,64,13,84,0,12,69,15,96,22,8,30,126
05/23/2007,HGR,MD,AEA,EN,Federal Contract Tower,0,3,6,2,11,0,12,68,19,99,0,15,74,21,110,6,0,6,116
05/24/2007,HGR,MD,AEA,EN,Federal Contract Tower,0,4,17,3,24,0,11,95,31,137,0,15,112,34,161,40,0,40,201
05/25/2007,HGR,MD,AEA,EN,Federal Contract Tower,0,6,12,0,18,0,6,48,0,54,0,12,60,0,72,0,0,0,72
05/26/2007,HGR,MD,AEA,EN,Federal Contract Tower,0,6,11,0,17,0,9,45,4,58,0,15,56,4,75,4,0,4,79
05/27/2007,HGR,MD,AEA,EN,Federal Contract Tower,0,2,1,0,3,0,1,25,5,31,0,3,26,5,34,6,0,6,40
05/28/2007,HGR,MD,AEA,EN,Federal Contract Tower,0,4,8,0,12,0,7,26,0,33,0,11,34,0,45,20,0,20,65
05/29/2007,HGR,MD,AEA,EN,Federal Contract Tower,0,4,11,0,15,0,4,90,41,135,0,8,101,41,150,44,22,66,216
05/30/2007,HGR,MD,AEA,EN,Federal Contract Tower,0,6,8,2,16,0,8,89,5,102,0,14,97,7,118,24,0,24,142
05/31/2007,HGR,MD,AEA,EN,Federal Contract Tower,0,4,17,2,23,0,5,81,40,126,0,9,98,42,149,16,4,20,169
06/01/2007,HGR,MD,AEA,EN,Federal Contract Tower,0,5,23,1,29,0,2,66,12,80,0,7,89,13,109,20,0,20,129
06/02/2007,HGR,MD,AEA,EN,Federal Contract Tower,0,3,19,0,22,0,6,33,0,39,0,9,52,0,61,30,0,30,91
06/03/2007,HGR,MD,AEA,EN,Federal Contract Tower,0,2,6,1,9,0,5,8,2,15,0,7,14,3,24,40,0,40,64
06/04/2007,HGR,MD,AEA,EN,Federal Contract Tower,0,4,20,8,32,0,4,28,5,37,0,8,48,13,69,38,4,42,111
06/05/2007,HGR,MD,AEA,EN,Federal Contract Tower,0,5,10,0,15,0,19,31,22,72,0,24,41,22,87,50,0,50,137
06/06/2007,HGR,MD,AEA,EN,Federal Contract Tower,0,4,17,1,22,0,5,70,22,97,0,9,87,23,119,20,0,20,139
06/07/2007,HGR,MD,AEA,EN,Federal Contract Tower,0,6,21,6,33,0,10,100,19,129,0,16,121,25,162,28,2,30,192
06/08/2007,HGR,MD,AEA,EN,Federal Contract Tower,0,3,12,1,16,0,0,45,8,53,0,3,57,9,69,68,6,74,143
06/09/2007,HGR,MD,AEA,EN,Federal Contract Tower,0,2,9,0,11,0,5,63,5,73,0,7,72,5,84,14,10,24,108
06/10/2007,HGR,MD,AEA,EN,Federal Contract Tower,0,2,13,4,19,0,0,72,2,74,0,2,85,6,93,14,0,14,107
06/11/2007,HGR,MD,AEA,EN,Federal Contract Tower,0,4,17,2,23,0,7,32,6,45,0,11,49,8,68,36,0,36,104
06/12/2007,HGR,MD,AEA,EN,Federal Contract Tower,0,4,19,3,26,0,3,71,7,81,0,7,90,10,107,20,0,20,127
06/13/2007,HGR,MD,AEA,EN,Federal Contract Tower,0,6,18,2,26,0,1,65,12,78,0,7,83,14,104,36,4,40,144
06/14/2007,HGR,MD,AEA,EN,Federal Contract Tower,0,4,29,14,47,0,3,11,0,14,0,7,40,14,61,2,0,2,63
06/15/2007,HGR,MD,AEA,EN,Federal Contract Tower,0,4,21,8,33,0,4,60,6,70,0,8,81,14,103,0,0,0,103
06/16/2007,HGR,MD,AEA,EN,Federal Contract Tower,0,3,14,6,23,0,16,117,34,167,0,19,131,40,190,38,4,42,232
06/17/2007,HGR,MD,AEA,EN,Federal Contract Tower,0,5,15,0,20,0,14,178,4,196,0,19,193,4,216,51,10,61,277
06/18/2007,HGR,MD,AEA,EN,Federal Contract Tower,0,4,18,4,26,0,14,72,11,97,0,18,90,15,123,56,6,62,185
06/19/2007,HGR,MD,AEA,EN,Federal Contract Tower,0,6,26,1,33,0,10,50,11,71,0,16,76,12,104,40,0,40,144
06/20/2007,HGR,MD,AEA,EN,Federal Contract Tower,0,6,17,6,29,0,8,125,24,157,0,14,142,30,186,82,26,108,294
06/21/2007,HGR,MD,AEA,EN,Federal Contract Tower,0,5,16,3,24,0,9,99,30,138,0,14,115,33,162,52,16,68,230
06/22/2007,HGR,MD,AEA,EN,Federal Contract Tower,0,4,24,3,31,0,12,56,3,71,0,16,80,6,102,64,26,90,192
06/23/2007,HGR,MD,AEA,EN,Federal Contract Tower,0,2,11,2,15,0,2,103,2,107,0,4,114,4,122,74,4,78,200
06/24/2007,HGR,MD,AEA,EN,Federal Contract Tower,0,2,19,0,21,0,14,112,9,135,0,16,131,9,156,58,0,58,214
06/25/2007,HGR,MD,AEA,EN,Federal Contract Tower,0,5,17,2,24,0,15,31,4,50,0,20,48,6,74,62,0,62,136
06/26/2007,HGR,MD,AEA,EN,Federal Contract Tower,0,4,26,4,34,0,5,60,6,71,0,9,86,10,105,72,6,78,183
06/27/2007,HGR,MD,AEA,EN,Federal Contract Tower,0,4,8,1,13,0,6,64,4,74,0,10,72,5,87,84,0,84,171
06/28/2007,HGR,MD,AEA,EN,Federal Contract Tower,0,6,19,4,29,0,6,61,4,71,0,12,80,8,100,14,0,14,114
06/29/2007,HGR,MD,AEA,EN,Federal Contract Tower,0,4,29,7,40,0,0,25,0,25,0,4,54,7,65,60,0,60,125
06/30/2007,HGR,MD,AEA,EN,Federal Contract Tower,0,2,11,0,13,0,2,58,0,60,0,4,69,0,73,58,0,58,131
07/01/2007,HGR,MD,AEA,EN,Federal Contract Tower,0,2,19,0,21,0,3,85,0,88,0,5,104,0,109,40,0,40,149
07/02/2007,HGR,MD,AEA,EN,Federal Contract Tower,0,4,7,0,11,0,7,94,5,106,0,11,101,5,117,52,0,52,169
07/03/2007,HGR,MD,AEA,EN,Federal Contract Tower,0,3,10,4,17,0,6,89,3,98,0,9,99,7,115,78,0,78,193
07/04/2007,HGR,MD,AEA,EN,Federal Contract Tower,0,5,11,0,16,0,6,19,0,25,0,11,30,0,41,10,0,10,51
07/05/2007,HGR,MD,AEA,EN,Federal Contract Tower,0,4,14,4,22,0,16,16,4,36,0,20,30,8,58,8,0,8,66
07/06/2007,HGR,MD,AEA,EN,Federal Contract Tower,0,4,21,5,30,0,6,63,5,74,0,10,84,10,104,28,0,28,132
07/07/2007,HGR,MD,AEA,EN,Federal Contract Tower,0,2,15,0,17,0,7,81,23,111,0,9,96,23,128,40,0,40,168
07/08/2007,HGR,MD,AEA,EN,Federal Contract Tower,0,2,10,6,18,0,3,57,30,90,0,5,67,36,108,30,4,34,142
07/09/2007,HGR,MD,AEA,EN,Federal Contract Tower,0,3,13,0,16,0,4,53,40,97,0,7,66,40,113,60,72,132,245
07/10/2007,HGR,MD,AEA,EN,Federal Contract Tower,0,7,11,3,21,0,6,28,25,59,0,13,39,28,80,0,194,194,274
07/11/2007,HGR,MD,AEA,EN,Federal Contract Tower,0,4,6,2,12,0,9,12,54,75,0,13,18,56,87,6,96,102,189
07/12/2007,HGR,MD,AEA,EN,Federal Contract Tower,0,5,11,0,16,0,2,95,80,177,0,7,106,80,193,46,228,274,467
07/13/2007,HGR,MD,AEA,EN,Federal Contract Tower,0,6,11,1,18,0,10,103,52,165,0,16,114,53,183,82,46,128,311
07/14/2007,HGR,MD,AEA,EN,Federal Contract Tower,0,4,6,2,12,0,7,78,26,111,0,11,84,28,123,94,22,116,239
07/15/2007,HGR,MD,AEA,EN,Federal Contract Tower,0,2,8,1,11,0,4,73,4,81,0,6,81,5,92,10,0,10,102
07/16/2007,HGR,MD,AEA,EN,Federal Contract Tower,0,4,10,0,14,0,8,39,5,52,0,12,49,5,66,26,0,26,92
07/17/2007,HGR,MD,AEA,EN,Federal Contract Tower,0,6,10,1,17,0,4,79,9,92,0,10,89,10,109,68,0,68,177
07/18/2007,HGR,MD,AEA,EN,Federal Contract Tower,0,4,11,6,21,0,6,70,19,95,0,10,81,25,116,54,0,54,170
07/19/2007,HGR,MD,AEA,EN,Federal Contract Tower,0,10,14,4,28,0,7,55,15,77,0,17,69,19,105,16,0,16,121
07/20/2007,HGR,MD,AEA,EN,Federal Contract Tower,0,6,24,1,31,0,4,89,9,102,0,10,113,10,133,10,0,10,143
07/21/2007,HGR,MD,AEA,EN,Federal Contract Tower,0,2,13,0,15,0,6,93,1,100,0,8,106,1,115,58,0,58,173
07/22/2007,HGR,MD,AEA,EN,Federal Contract Tower,0,2,9,1,12,0,19,91,11,121,0,21,100,12,133,18,0,18,151
07/23/2007,HGR,MD,AEA,EN,Federal Contract Tower,0,4,16,2,22,0,4,59,0,63,0,8,75,2,85,102,0,102,187
07/24/2007,HGR,MD,AEA,EN,Federal Contract Tower,0,4,7,0,11,0,6,72,3,81,0,10,79,3,92,70,2,72,164
07/25/2007,HGR,MD,AEA,EN,Federal Contract Tower,0,5,27,0,32,0,3,59,5,67,0,8,86,5,99,26,0,26,125
07/26/2007,HGR,MD,AEA,EN,Federal Contract Tower,0,4,10,2,16,0,4,61,15,80,0,8,71,17,96,26,0,26,122
07/27/2007,HGR,MD,AEA,EN,Federal Contract Tower,0,5,8,0,13,0,5,43,3,51,0,10,51,3,64,44,6,50,114
07/28/2007,HGR,MD,AEA,EN,Federal Contract Tower,0,2,11,0,13,0,4,42,8,54,0,6,53,8,67,30,0,30,97
07/29/2007,HGR,MD,AEA,EN,Federal Contract Tower,0,2,15,1,18,0,2,11,0,13,0,4,26,1,31,16,2,18,49
07/30/2007,HGR,MD,AEA,EN,Federal Contract Tower,0,4,25,0,29,0,10,32,6,48,0,14,57,6,77,2,0,2,79
07/31/2007,HGR,MD,AEA,EN,Federal Contract Tower,0,4,11,2,17,0,6,101,5,112,0,10,112,7,129,18,2,20,149
08/01/2007,HGR,MD,AEA,EN,Federal Contract Tower,0,6,14,0,20,0,14,78,8,100,0,20,92,8,120,74,0,74,194
08/02/2007,HGR,MD,AEA,EN,Federal Contract Tower,0,4,16,0,20,0,10,75,20,105,0,14,91,20,125,70,18,88,213
08/03/2007,HGR,MD,AEA,EN,Federal Contract Tower,0,4,9,3,16,0,6,72,6,84,0,10,81,9,100,68,8,76,176
08/04/2007,HGR,MD,AEA,EN,Federal Contract Tower,0,2,15,1,18,0,11,49,0,60,0,13,64,1,78,114,0,114,192
08/05/2007,HGR,MD,AEA,EN,Federal Contract Tower,0,4,10,0,14,0,8,54,4,66,0,12,64,4,80,30,0,30,110
08/06/2007,HGR,MD,AEA,EN,Federal Contract Tower,0,6,21,5,32,0,1,8,7,16,0,7,29,12,48,0,0,0,48
08/07/2007,HGR,MD,AEA,EN,Federal Contract Tower,0,7,29,1,37,0,3,41,9,53,0,10,70,10,90,0,0,0,90
08/08/2007,HGR,MD,AEA,EN,Federal Contract Tower,0,6,10,2,18,0,16,70,8,94,0,22,80,10,112,34,2,36,148
08/09/2007,HGR,MD,AEA,EN,Federal Contract Tower,0,4,14,4,22,0,7,30,6,43,0,11,44,10,65,12,0,12,77
08/10/2007,HGR,MD,AEA,EN,Federal Contract Tower,0,4,22,2,28,0,3,51,3,57,0,7,73,5,85,46,0,46,131
08/11/2007,HGR,MD,AEA,EN,Federal Contract Tower,0,2,18,2,22,0,4,87,20,111,0,6,105,22,133,70,4,74,207
08/12/2007,HGR,MD,AEA,EN,Federal Contract Tower,0,2,6,2,10,0,14,115,0,129,0,16,121,2,139,90,0,90,229
08/13/2007,HGR,MD,AEA,EN,Federal Contract Tower,0,2,16,0,18,0,8,78,2,88,0,10,94,2,106,58,0,58,164
08/14/2007,HGR,MD,AEA,EN,Federal Contract Tower,0,2,14,0,16,0,12,114,17,143,0,14,128,17,159,146,0,146,305
08/15/2007,HGR,MD,AEA,EN,Federal Contract Tower,0,4,11,3,18,0,13,87,1,101,0,17,98,4,119,52,0,52,171
08/16/2007,HGR,MD,AEA,EN,Federal Contract Tower,0,4,15,0,19,0,3,37,2,42,0,7,52,2,61,58,0,58,119
08/17/2007,HGR,MD,AEA,EN,Federal Contract Tower,0,5,18,2,25,0,4,86,2,92,0,9,104,4,117,92,0,92,209
08/18/2007,HGR,MD,AEA,EN,Federal Contract Tower,0,4,14,1,19,0,3,88,0,91,0,7,102,1,110,82,0,82,192
08/19/2007,HGR,MD,AEA,EN,Federal Contract Tower,0,1,11,2,14,0,2,46,0,48,0,3,57,2,62,86,0,86,148
08/20/2007,HGR,MD,AEA,EN,Federal Contract Tower,0,4,14,0,18,0,0,0,0,0,0,4,14,0,18,2,0,2,20
08/21/2007,HGR,MD,AEA,EN,Federal Contract Tower,0,5,13,0,18,0,1,2,0,3,0,6,15,0,21,2,0,2,23
08/22/2007,HGR,MD,AEA,EN,Federal Contract Tower,0,4,19,0,23,0,0,4,0,4,0,4,23,0,27,0,0,0,27
08/23/2007,HGR,MD,AEA,EN,Federal Contract Tower,0,4,32,2,38,0,2,6,1,9,0,6,38,3,47,0,0,0,47
08/24/2007,HGR,MD,AEA,EN,Federal Contract Tower,0,8,15,0,23,0,0,50,0,50,0,8,65,0,73,12,0,12,85
08/25/2007,HGR,MD,AEA,EN,Federal Contract Tower,0,2,13,0,15,0,4,50,2,56,0,6,63,2,71,12,0,12,83
08/26/2007,HGR,MD,AEA,EN,Federal Contract Tower,0,4,14,0,18,0,5,63,0,68,0,9,77,0,86,30,0,30,116
08/27/2007,HGR,MD,AEA,EN,Federal Contract Tower,0,5,27,0,32,0,8,86,0,94,0,13,113,0,126,10,0,10,136
08/28/2007,HGR,MD,AEA,EN,Federal Contract Tower,0,2,13,1,16,0,10,65,1,76,0,12,78,2,92,50,0,50,142
08/29/2007,HGR,MD,AEA,EN,Federal Contract Tower,0,4,16,2,22,0,14,73,2,89,0,18,89,4,111,70,0,70,181
08/30/2007,HGR,MD,AEA,EN,Federal Contract Tower,0,4,21,0,25,0,5,43,2,50,0,9,64,2,75,2,0,2,77
08/31/2007,HGR,MD,AEA,EN,Federal Contract Tower,0,5,18,6,29,0,5,59,2,66,0,10,77,8,95,10,0,10,105
09/01/2007,HGR,MD,AEA,EN,Federal Contract Tower,0,2,14,0,16,0,8,94,1,103,0,10,108,1,119,50,0,50,169
09/02/2007,HGR,MD,AEA,EN,Federal Contract Tower,0,2,7,1,10,0,10,63,2,75,0,12,70,3,85,24,6,30,115
09/03/2007,HGR,MD,AEA,EN,Federal Contract Tower,0,4,15,0,19,0,7,76,0,83,0,11,91,0,102,18,0,18,120
09/04/2007,HGR,MD,AEA,EN,Federal Contract Tower,0,4,8,0,12,0,4,77,0,81,0,8,85,0,93,72,0,72,165
09/05/2007,HGR,MD,AEA,EN,Federal Contract Tower,0,3,9,1,13,0,12,96,10,118,0,15,105,11,131,56,0,56,187
09/06/2007,HGR,MD,AEA,EN,Federal Contract Tower,0,4,24,0,28,0,8,66,12,86,0,12,90,12,114,24,8,32,146
09/07/2007,HGR,MD,AEA,EN,Federal Contract Tower,0,5,27,2,34,0,10,89,13,112,0,15,116,15,146,29,6,35,181
09/08/2007,HGR,MD,AEA,EN,Federal Contract Tower,0,2,10,0,12,0,7,67,2,76,0,9,77,2,88,90,0,90,178
09/09/2007,HGR,MD,AEA,EN,Federal Contract Tower,0,4,15,1,20,0,6,77,0,83,0,10,92,1,103,50,0,50,153
09/10/2007,HGR,MD,AEA,EN,Federal Contract Tower,0,4,20,2,26,0,3,47,2,52,0,7,67,4,78,40,0,40,118
09/11/2007,HGR,MD,AEA,EN,Federal Contract Tower,0,6,14,2,22,0,1,8,4,13,0,7,22,6,35,4,0,4,39
09/12/2007,HGR,MD,AEA,EN,Federal Contract Tower,0,4,15,0,19,0,13,135,2,150,0,17,150,2,169,104,0,104,273
09/13/2007,HGR,MD,AEA,EN,Federal Contract Tower,0,4,18,2,24,0,6,86,6,98,0,10,104,8,122,98,0,98,220
09/14/2007,HGR,MD,AEA,EN,Federal Contract Tower,0,4,29,0,33,0,3,39,0,42,0,7,68,0,75,38,0,38,113
09/15/2007,HGR,MD,AEA,EN,Federal Contract Tower,0,2,12,0,14,0,4,23,0,27,0,6,35,0,41,10,0,10,51
09/16/2007,HGR,MD,AEA,EN,Federal Contract Tower,0,4,14,0,18,0,10,105,0,115,0,14,119,0,133,16,0,16,149
09/17/2007,HGR,MD,AEA,EN,Federal Contract Tower,0,6,22,0,28,0,6,84,2,92,0,12,106,2,120,40,0,40,160
09/18/2007,HGR,MD,AEA,EN,Federal Contract Tower,0,6,17,0,23,0,5,89,0,94,0,11,106,0,117,22,0,22,139
09/19/2007,HGR,MD,AEA,EN,Federal Contract Tower,0,8,21,0,29,0,11,94,4,109,0,19,115,4,138,34,0,34,172
09/20/2007,HGR,MD,AEA,EN,Federal Contract Tower,0,8,21,1,30,0,3,50,7,60,0,11,71,8,90,54,0,54,144
09/21/2007,HGR,MD,AEA,EN,Federal Contract Tower,0,4,12,0,16,0,9,116,4,129,0,13,128,4,145,48,0,48,193
09/22/2007,HGR,MD,AEA,EN,Federal Contract Tower,0,4,17,0,21,0,2,70,0,72,0,6,87,0,93,26,0,26,119
09/23/2007,HGR,MD,AEA,EN,Federal Contract Tower,0,2,23,0,25,0,6,91,4,101,0,8,114,4,126,48,0,48,174
09/24/2007,HGR,MD,AEA,EN,Federal Contract Tower,0,6,14,0,20,0,13,74,4,91,0,19,88,4,111,32,0,32,143
09/25/2007,HGR,MD,AEA,EN,Federal Contract Tower,0,6,14,0,20,0,6,95,12,113,0,12,109,12,133,94,0,94,227
09/26/2007,HGR,MD,AEA,EN,Federal Contract Tower,0,4,5,0,9,0,12,80,6,98,0,16,85,6,107,100,0,100,207
09/27/2007,HGR,MD,AEA,EN,Federal Contract Tower,0,4,15,4,23,0,2,15,1,18,0,6,30,5,41,36,0,36,77
09/28/2007,HGR,MD,AEA,EN,Federal Contract Tower,0,7,18,1,26,0,2,74,0,76,0,9,92,1,102,6,0,6,108
09/29/2007,HGR,MD,AEA,EN,Federal Contract Tower,0,2,8,0,10,0,5,83,1,89,0,7,91,1,99,74,0,74,173
09/30/2007,HGR,MD,AEA,EN,Federal Contract Tower,0,0,13,1,14,0,2,113,2,117,0,2,126,3,131,84,0,84,215
10/01/2007,HGR,MD,AEA,EN,Federal Contract Tower,0,0,14,1,15,0,2,79,4,85,0,2,93,5,100,44,0,44,144
10/02/2007,HGR,MD,AEA,EN,Federal Contract Tower,0,0,13,5,18,0,6,72,16,94,0,6,85,21,112,98,0,98,210
10/03/2007,HGR,MD,AEA,EN,Federal Contract Tower,0,0,28,4,32,0,0,77,15,92,0,0,105,19,124,78,0,78,202
10/04/2007,HGR,MD,AEA,EN,Federal Contract Tower,0,0,21,5,26,0,4,59,1,64,0,4,80,6,90,78,0,78,168
10/05/2007,HGR,MD,AEA,EN,Federal Contract Tower,0,2,24,3,29,0,2,80,5,87,0,4,104,8,116,124,0,124,240
10/06/2007,HGR,MD,AEA,EN,Federal Contract Tower,0,0,15,0,15,0,5,122,0,127,0,5,137,0,142,8,0,8,150
10/07/2007,HGR,MD,AEA,EN,Federal Contract Tower,0,0,18,0,18,0,6,119,2,127,0,6,137,2,145,0,0,0,145
10/08/2007,HGR,MD,AEA,EN,Federal Contract Tower,0,0,23,0,23,0,6,70,4,80,0,6,93,4,103,82,0,82,185
10/09/2007,HGR,MD,AEA,EN,Federal Contract Tower,0,2,21,0,23,0,0,58,0,58,0,2,79,0,81,58,0,58,139
10/10/2007,HGR,MD,AEA,EN,Federal Contract Tower,0,0,12,0,12,0,5,81,0,86,0,5,93,0,98,108,0,108,206
10/11/2007,HGR,MD,AEA,EN,Federal Contract Tower,0,1,26,2,29,0,3,45,4,52,0,4,71,6,81,14,10,24,105
10/12/2007,HGR,MD,AEA,EN,Federal Contract Tower,0,1,11,0,12,0,2,52,2,56,0,3,63,2,68,14,0,14,82
10/13/2007,HGR,MD,AEA,EN,Federal Contract Tower,0,0,8,0,8,0,2,57,2,61,0,2,65,2,69,12,8,20,89
10/14/2007,HGR,MD,AEA,EN,Federal Contract Tower,0,2,13,1,16,0,4,95,4,103,0,6,108,5,119,16,0,16,135
10/15/2007,HGR,MD,AEA,EN,Federal Contract Tower,0,2,13,0,15,0,7,80,0,87,0,9,93,0,102,92,0,92,194
10/16/2007,HGR,MD,AEA,EN,Federal Contract Tower,0,0,15,4,19,0,10,89,6,105,0,10,104,10,124,72,0,72,196
10/17/2007,HGR,MD,AEA,EN,Federal Contract Tower,0,1,25,2,28,0,5,66,3,74,0,6,91,5,102,88,0,88,190
10/18/2007,HGR,MD,AEA,EN,Federal Contract Tower,0,3,25,0,28,0,3,67,12,82,0,6,92,12,110,60,4,64,174
10/19/2007,HGR,MD,AEA,EN,Federal Contract Tower,0,1,18,0,19,0,6,16,2,24,0,7,34,2,43,0,8,8,51
10/20/2007,HGR,MD,AEA,EN,Federal Contract Tower,0,0,13,1,14,0,2,33,2,37,0,2,46,3,51,4,0,4,55
10/21/2007,HGR,MD,AEA,EN,Federal Contract Tower,0,0,11,0,11,0,6,85,0,91,0,6,96,0,102,54,0,54,156
10/22/2007,HGR,MD,AEA,EN,Federal Contract Tower,0,0,17,2,19,0,18,145,6,169,0,18,162,8,188,116,32,148,336
10/23/2007,HGR,MD,AEA,EN,Federal Contract Tower,0,2,14,5,21,0,5,29,21,55,0,7,43,26,76,0,46,46,122
10/24/2007,HGR,MD,AEA,EN,Federal Contract Tower,0,6,12,7,25,0,0,0,15,15,0,6,12,22,40,0,10,10,50
10/25/2007,HGR,MD,AEA,EN,Federal Contract Tower,0,0,18,2,20,0,0,1,3,4,0,0,19,5,24,0,0,0,24
10/26/2007,HGR,MD,AEA,EN,Federal Contract Tower,0,0,6,0,6,0,0,0,0,0,0,0,6,0,6,0,0,0,6
10/27/2007,HGR,MD,AEA,EN,Federal Contract Tower,0,0,10,0,10,0,10,32,0,42,0,10,42,0,52,0,0,0,52
10/28/2007,HGR,MD,AEA,EN,Federal Contract Tower,0,0,7,0,7,0,0,46,1,47,0,0,53,1,54,30,10,40,94
10/29/2007,HGR,MD,AEA,EN,Federal Contract Tower,0,1,10,0,11,0,6,90,2,98,0,7,100,2,109,24,0,24,133
10/30/2007,HGR,MD,AEA,EN,Federal Contract Tower,0,0,12,1,13,0,3,88,4,95,0,3,100,5,108,34,0,34,142
10/31/2007,HGR,MD,AEA,EN,Federal Contract Tower,0,0,10,0,10,0,2,63,0,65,0,2,73,0,75,34,0,34,109
11/01/2007,HGR,MD,AEA,EN,Federal Contract Tower,0,2,24,0,26,0,4,64,8,76,0,6,88,8,102,34,0,34,136
11/02/2007,HGR,MD,AEA,EN,Federal Contract Tower,0,2,13,3,18,0,4,66,7,77,0,6,79,10,95,14,0,14,109
11/03/2007,HGR,MD,AEA,EN,Federal Contract Tower,0,0,18,1,19,0,1,62,0,63,0,1,80,1,82,16,0,16,98
11/04/2007,HGR,MD,AEA,EN,Federal Contract Tower,0,0,8,0,8,0,16,57,0,73,0,16,65,0,81,48,0,48,129
11/05/2007,HGR,MD,AEA,EN,Federal Contract Tower,0,1,18,0,19,0,11,78,2,91,0,12,96,2,110,66,0,66,176
11/06/2007,HGR,MD,AEA,EN,Federal Contract Tower,0,1,4,1,6,0,1,32,0,33,0,2,36,1,39,0,0,0,39
11/07/2007,HGR,MD,AEA,EN,Federal Contract Tower,0,6,8,0,14,0,7,51,2,60,0,13,59,2,74,10,0,10,84
11/08/2007,HGR,MD,AEA,EN,Federal Contract Tower,0,6,12,0,18,0,3,66,4,73,0,9,78,4,91,80,0,80,171
11/09/2007,HGR,MD,AEA,EN,Federal Contract Tower,0,1,10,0,11,0,2,10,0,12,0,3,20,0,23,26,0,26,49
11/10/2007,HGR,MD,AEA,EN,Federal Contract Tower,0,0,9,0,9,0,1,6,1,8,0,1,15,1,17,0,0,0,17
11/11/2007,HGR,MD,AEA,EN,Federal Contract Tower,0,0,0,0,0,0,6,2,0,8,0,6,2,0,8,0,0,0,8
11/12/2007,HGR,MD,AEA,EN,Federal Contract Tower,0,0,0,0,0,0,1,1,0,2,0,1,1,0,2,0,0,0,2
11/13/2007,HGR,MD,AEA,EN,Federal Contract Tower,0,1,13,0,14,0,5,65,1,71,0,6,78,1,85,44,0,44,129
11/14/2007,HGR,MD,AEA,EN,Federal Contract Tower,0,3,21,1,25,0,3,35,2,40,0,6,56,3,65,42,0,42,107
11/15/2007,HGR,MD,AEA,EN,Federal Contract Tower,0,0,9,0,9,0,0,7,0,7,0,0,16,0,16,6,0,6,22
11/16/2007,HGR,MD,AEA,EN,Federal Contract Tower,0,0,8,0,8,0,0,32,6,38,0,0,40,6,46,50,0,50,96
11/17/2007,HGR,MD,AEA,EN,Federal Contract Tower,0,0,17,0,17,0,7,85,0,92,0,7,102,0,109,98,0,98,207
11/18/2007,HGR,MD,AEA,EN,Federal Contract Tower,0,0,6,0,6,0,0,6,0,6,0,0,12,0,12,16,0,16,28
11/19/2007,HGR,MD,AEA,EN,Federal Contract Tower,0,0,6,2,8,0,0,2,0,2,0,0,8,2,10,0,0,0,10
11/20/2007,HGR,MD,AEA,EN,Federal Contract Tower,0,3,18,0,21,0,4,20,2,26,0,7,38,2,47,0,0,0,47
11/21/2007,HGR,MD,AEA,EN,Federal Contract Tower,0,0,18,1,19,0,4,91,3,98,0,4,109,4,117,38,0,38,155
11/22/2007,HGR,MD,AEA,EN,Federal Contract Tower,0,0,1,0,1,0,4,2,0,6,0,4,3,0,7,0,0,0,7
11/23/2007,HGR,MD,AEA,EN,Federal Contract Tower,0,0,6,37,43,0,0,14,0,14,0,0,20,37,57,0,0,0,57
11/24/2007,HGR,MD,AEA,EN,Federal Contract Tower,0,0,9,0,9,0,2,125,0,127,0,2,134,0,136,78,0,78,214
11/25/2007,HGR,MD,AEA,EN,Federal Contract Tower,0,0,14,1,15,0,4,66,4,74,0,4,80,5,89,56,0,56,145
11/26/2007,HGR,MD,AEA,EN,Federal Contract Tower,0,0,16,2,18,0,0,0,0,0,0,0,16,2,18,0,0,0,18
11/27/2007,HGR,MD,AEA,EN,Federal Contract Tower,0,0,9,0,9,0,10,29,3,42,0,10,38,3,51,16,0,16,67
11/28/2007,HGR,MD,AEA,EN,Federal Contract Tower,0,0,10,2,12,0,6,113,7,126,0,6,123,9,138,44,0,44,182
11/29/2007,HGR,MD,AEA,EN,Federal Contract Tower,0,10,87,14,111,0,2,10,4,16,0,12,97,18,127,10,2,12,139
11/30/2007,HGR,MD,AEA,EN,Federal Contract Tower,0,5,14,7,26,0,2,111,10,123,0,7,125,17,149,72,26,98,247
12/01/2007,HGR,MD,AEA,EN,Federal Contract Tower,0,0,10,0,10,0,9,81,0,90,0,9,91,0,100,72,0,72,172
12/02/2007,HGR,MD,AEA,EN,Federal Contract Tower,0,0,2,5,7,0,0,1,0,1,0,0,3,5,8,0,0,0,8
12/03/2007,HGR,MD,AEA,EN,Federal Contract Tower,0,2,1,0,3,0,11,3,0,14,0,13,4,0,17,0,0,0,17
12/04/2007,HGR,MD,AEA,EN,Federal Contract Tower,0,0,14,0,14,0,2,24,2,28,0,2,38,2,42,0,0,0,42
12/05/2007,HGR,MD,AEA,EN,Federal Contract Tower,0,0,2,0,2,0,0,0,0,0,0,0,2,0,2,0,0,0,2
12/06/2007,HGR,MD,AEA,EN,Federal Contract Tower,0,0,23,5,28,0,7,57,3,67,0,7,80,8,95,14,0,14,109
12/07/2007,HGR,MD,AEA,EN,Federal Contract Tower,0,2,13,0,15,0,1,23,0,24,0,3,36,0,39,18,0,18,57
12/08/2007,HGR,MD,AEA,EN,Federal Contract Tower,0,0,9,0,9,0,4,46,0,50,0,4,55,0,59,36,0,36,95
12/09/2007,HGR,MD,AEA,EN,Federal Contract Tower,0,0,6,0,6,0,0,0,0,0,0,0,6,0,6,0,0,0,6
12/10/2007,HGR,MD,AEA,EN,Federal Contract Tower,0,0,11,0,11,0,0,2,0,2,0,0,13,0,13,2,0,2,15
12/11/2007,HGR,MD,AEA,EN,Federal Contract Tower,0,0,11,0,11,0,0,3,0,3,0,0,14,0,14,0,0,0,14
12/12/2007,HGR,MD,AEA,EN,Federal Contract Tower,0,4,14,1,19,0,45,64,15,124,0,49,78,16,143,82,14,96,239
12/13/2007,HGR,MD,AEA,EN,Federal Contract Tower,0,2,6,0,8,0,0,2,0,2,0,2,8,0,10,0,0,0,10
12/14/2007,HGR,MD,AEA,EN,Federal Contract Tower,0,1,15,2,18,0,10,106,9,125,0,11,121,11,143,90,10,100,243
12/15/2007,HGR,MD,AEA,EN,Federal Contract Tower,0,0,16,0,16,0,5,58,0,63,0,5,74,0,79,54,0,54,133
12/16/2007,HGR,MD,AEA,EN,Federal Contract Tower,0,0,3,0,3,0,2,4,0,6,0,2,7,0,9,32,0,32,41
12/17/2007,HGR,MD,AEA,EN,Federal Contract Tower,0,2,18,3,23,0,5,23,9,37,0,7,41,12,60,75,0,75,135
12/18/2007,HGR,MD,AEA,EN,Federal Contract Tower,0,0,11,2,13,0,2,62,21,85,0,2,73,23,98,28,0,28,126
12/19/2007,HGR,MD,AEA,EN,Federal Contract Tower,0,0,18,2,20,0,5,46,12,63,0,5,64,14,83,10,10,20,103
12/20/2007,HGR,MD,AEA,EN,Federal Contract Tower,0,1,14,2,17,0,10,62,8,80,0,11,76,10,97,42,2,44,141
12/21/2007,HGR,MD,AEA,EN,Federal Contract Tower,0,0,16,2,18,0,1,43,3,47,0,1,59,5,65,72,0,72,137
12/22/2007,HGR,MD,AEA,EN,Federal Contract Tower,0,1,11,0,12,0,6,10,0,16,0,7,21,0,28,86,0,86,114
12/23/2007,HGR,MD,AEA,EN,Federal Contract Tower,0,0,5,1,6,0,1,4,0,5,0,1,9,1,11,0,0,0,11
12/24/2007,HGR,MD,AEA,EN,Federal Contract Tower,0,0,4,0,4,0,12,43,6,61,0,12,47,6,65,64,4,68,133
12/25/2007,HGR,MD,AEA,EN,Federal Contract Tower,0,0,2,0,2,0,6,35,9,50,0,6,37,9,52,8,0,8,60
12/26/2007,HGR,MD,AEA,EN,Federal Contract Tower,0,1,6,2,9,0,10,33,2,45,0,11,39,4,54,34,0,34,88
12/27/2007,HGR,MD,AEA,EN,Federal Contract Tower,0,0,9,0,9,0,14,43,8,65,0,14,52,8,74,14,0,14,88
12/28/2007,HGR,MD,AEA,EN,Federal Contract Tower,0,0,8,0,8,0,0,29,1,30,0,0,37,1,38,10,0,10,48
12/29/2007,HGR,MD,AEA,EN,Federal Contract Tower,0,0,11,0,11,0,4,38,0,42,0,4,49,0,53,14,0,14,67
12/30/2007,HGR,MD,AEA,EN,Federal Contract Tower,0,0,6,0,6,0,0,6,0,6,0,0,12,0,12,6,0,6,18
12/31/2007,HGR,MD,AEA,EN,Federal Contract Tower,0,0,4,0,4,0,22,63,5,90,0,22,67,5,94,62,6,68,162
01/01/2008,HGR,MD,AEA,EN,Federal Contract Tower,0,0,4,0,4,0,6,4,0,10,0,6,8,0,14,0,0,0,14
01/02/2008,HGR,MD,AEA,EN,Federal Contract Tower,0,0,5,0,5,0,4,2,0,6,0,4,7,0,11,0,0,0,11
01/03/2008,HGR,MD,AEA,EN,Federal Contract Tower,0,2,2,0,4,0,4,23,0,27,0,6,25,0,31,6,0,6,37
01/04/2008,HGR,MD,AEA,EN,Federal Contract Tower,0,0,17,0,17,0,13,87,5,105,0,13,104,5,122,80,0,80,202
01/05/2008,HGR,MD,AEA,EN,Federal Contract Tower,0,1,9,2,12,0,3,84,7,94,0,4,93,9,106,102,18,120,226
01/06/2008,HGR,MD,AEA,EN,Federal Contract Tower,0,0,12,0,12,0,13,46,4,63,0,13,58,4,75,30,4,34,109
01/07/2008,HGR,MD,AEA,EN,Federal Contract Tower,0,0,15,0,15,0,4,64,2,70,0,4,79,2,85,56,0,56,141
01/08/2008,HGR,MD,AEA,EN,Federal Contract Tower,0,1,11,0,12,0,3,58,20,81,0,4,69,20,93,10,0,10,103
01/09/2008,HGR,MD,AEA,EN,Federal Contract Tower,0,2,6,2,10,0,3,25,25,53,0,5,31,27,63,14,16,30,93
01/10/2008,HGR,MD,AEA,EN,Federal Contract Tower,0,0,5,3,8,0,6,52,7,65,0,6,57,10,73,12,0,12,85
01/11/2008,HGR,MD,AEA,EN,Federal Contract Tower,0,1,13,0,14,0,0,14,4,18,0,1,27,4,32,0,8,8,40
01/12/2008,HGR,MD,AEA,EN,Federal Contract Tower,0,0,8,1,9,0,5,94,1,100,0,5,102,2,109,54,0,54,163
01/13/2008,HGR,MD,AEA,EN,Federal Contract Tower,0,0,6,0,6,0,2,45,1,48,0,2,51,1,54,34,0,34,88
01/14/2008,HGR,MD,AEA,EN,Federal Contract Tower,0,1,11,0,12,0,2,29,6,37,0,3,40,6,49,0,4,4,53
01/15/2008,HGR,MD,AEA,EN,Federal Contract Tower,0,4,8,0,12,0,9,58,9,76,0,13,66,9,88,4,0,4,92
01/16/2008,HGR,MD,AEA,EN,Federal Contract Tower,0,1,22,2,25,0,11,95,23,129,0,12,117,25,154,48,0,48,202
01/17/2008,HGR,MD,AEA,EN,Federal Contract Tower,0,0,9,0,9,0,2,1,2,5,0,2,10,2,14,0,0,0,14
01/18/2008,HGR,MD,AEA,EN,Federal Contract Tower,0,0,17,0,17,0,5,30,0,35,0,5,47,0,52,12,0,12,64
01/19/2008,HGR,MD,AEA,EN,Federal Contract Tower,0,0,4,0,4,0,6,74,0,80,0,6,78,0,84,30,0,30,114
01/20/2008,HGR,MD,AEA,EN,Federal Contract Tower,0,0,2,0,2,0,2,6,1,9,0,2,8,1,11,0,0,0,11
01/21/2008,HGR,MD,AEA,EN,Federal Contract Tower,0,2,9,0,11,0,0,59,2,61,0,2,68,2,72,14,0,14,86
01/22/2008,HGR,MD,AEA,EN,Federal Contract Tower,0,2,7,2,11,0,4,51,15,70,0,6,58,17,81,4,2,6,87
01/23/2008,HGR,MD,AEA,EN,Federal Contract Tower,0,1,14,2,17,0,15,66,11,92,0,16,80,13,109,48,4,52,161
01/24/2008,HGR,MD,AEA,EN,Federal Contract Tower,0,4,7,9,20,0,5,36,9,50,0,9,43,18,70,4,0,4,74
01/25/2008,HGR,MD,AEA,EN,Federal Contract Tower,0,0,17,0,17,0,4,97,12,113,0,4,114,12,130,38,0,38,168
01/26/2008,HGR,MD,AEA,EN,Federal Contract Tower,0,0,0,3,3,0,5,37,17,59,0,5,37,20,62,6,6,12,74
01/27/2008,HGR,MD,AEA,EN,Federal Contract Tower,0,0,6,1,7,0,9,39,4,52,0,9,45,5,59,44,0,44,103
01/28/2008,HGR,MD,AEA,EN,Federal Contract Tower,0,0,14,0,14,0,12,47,5,64,0,12,61,5,78,0,0,0,78
01/29/2008,HGR,MD,AEA,EN,Federal Contract Tower,0,0,13,4,17,0,0,0,0,0,0,0,13,4,17,0,0,0,17
01/30/2008,HGR,MD,AEA,EN,Federal Contract Tower,0,5,7,1,13,0,3,24,2,29,0,8,31,3,42,8,0,8,50
01/31/2008,HGR,MD,AEA,EN,Federal Contract Tower,0,3,22,6,31,0,7,111,14,132,0,10,133,20,163,34,0,34,197
02/01/2008,HGR,MD,AEA,EN,Federal Contract Tower,0,0,3,3,6,0,0,0,0,0,0,0,3,3,6,0,0,0,6
02/02/2008,HGR,MD,AEA,EN,Federal Contract Tower,0,0,13,4,17,0,8,79,6,93,0,8,92,10,110,52,6,58,168
02/03/2008,HGR,MD,AEA,EN,Federal Contract Tower,0,0,12,0,12,0,3,87,6,96,0,3,99,6,108,66,0,66,174
02/04/2008,HGR,MD,AEA,EN,Federal Contract Tower,0,0,18,0,18,0,1,3,1,5,0,1,21,1,23,0,0,0,23
02/05/2008,HGR,MD,AEA,EN,Federal Contract Tower,0,2,12,4,18,0,3,5,22,30,0,5,17,26,48,0,0,0,48
02/06/2008,HGR,MD,AEA,EN,Federal Contract Tower,0,2,1,4,7,0,0,2,7,9,0,2,3,11,16,0,0,0,16
02/07/2008,HGR,MD,AEA,EN,Federal Contract Tower,0,0,7,5,12,0,6,64,7,77,0,6,71,12,89,46,0,46,135
02/08/2008,HGR,MD,AEA,EN,Federal Contract Tower,0,0,86,16,102,0,10,14,0,24,0,10,100,16,126,60,4,64,190
02/09/2008,HGR,MD,AEA,EN,Federal Contract Tower,0,0,7,0,7,0,0,10,0,10,0,0,17,0,17,0,0,0,17
02/10/2008,HGR,MD,AEA,EN,Federal Contract Tower,0,0,1,0,1,0,0,5,0,5,0,0,6,0,6,0,0,0,6
02/11/2008,HGR,MD,AEA,EN,Federal Contract Tower,0,0,15,1,16,0,2,23,6,31,0,2,38,7,47,0,0,0,47
02/12/2008,HGR,MD,AEA,EN,Federal Contract Tower,0,0,4,0,4,0,0,0,0,0,0,0,4,0,4,0,0,0,4
02/13/2008,HGR,MD,AEA,EN,Federal Contract Tower,0,0,5,0,5,0,2,2,0,4,0,2,7,0,9,0,0,0,9
02/14/2008,HGR,MD,AEA,EN,Federal Contract Tower,0,0,68,9,77,0,0,15,3,18,0,0,83,12,95,0,0,0,95
02/15/2008,HGR,MD,AEA,EN,Federal Contract Tower,0,0,17,3,20,0,3,7,4,14,0,3,24,7,34,8,0,8,42
02/16/2008,HGR,MD,AEA,EN,Federal Contract Tower,0,0,17,1,18,0,2,128,1,131,0,2,145,2,149,102,0,102,251
02/17/2008,HGR,MD,AEA,EN,Federal Contract Tower,0,0,3,2,5,0,3,8,12,23,0,3,11,14,28,18,0,18,46
02/18/2008,HGR,MD,AEA,EN,Federal Contract Tower,0,0,8,2,10,0,3,31,2,36,0,3,39,4,46,22,0,22,68
02/19/2008,HGR,MD,AEA,EN,Federal Contract Tower,0,8,31,20,59,0,0,7,7,14,0,8,38,27,73,10,10,20,93
02/20/2008,HGR,MD,AEA,EN,Federal Contract Tower,0,1,13,2,16,0,3,6,3,12,0,4,19,5,28,0,0,0,28
02/21/2008,HGR,MD,AEA,EN,Federal Contract Tower,0,3,15,0,18,0,10,56,3,69,0,13,71,3,87,4,0,4,91
02/22/2008,HGR,MD,AEA,EN,Federal Contract Tower,0,0,1,0,1,0,0,0,0,0,0,0,1,0,1,0,0,0,1
02/23/2008,HGR,MD,AEA,EN,Federal Contract Tower,0,0,6,0,6,0,0,5,0,5,0,0,11,0,11,26,0,26,37
02/24/2008,HGR,MD,AEA,EN,Federal Contract Tower,0,0,17,1,18,0,5,81,8,94,0,5,98,9,112,72,0,72,184
02/25/2008,HGR,MD,AEA,EN,Federal Contract Tower,0,2,21,0,23,0,3,71,0,74,0,5,92,0,97,20,0,20,117
02/26/2008,HGR,MD,AEA,EN,Federal Contract Tower,0,1,3,6,10,0,0,0,0,0,0,1,3,6,10,0,0,0,10
02/27/2008,HGR,MD,AEA,EN,Federal Contract Tower,0,4,16,1,21,0,4,29,8,41,0,8,45,9,62,0,0,0,62
02/28/2008,HGR,MD,AEA,EN,Federal Contract Tower,0,2,5,4,11,0,22,40,4,66,0,24,45,8,77,16,0,16,93
02/29/2008,HGR,MD,AEA,EN,Federal Contract Tower,0,2,9,2,13,0,17,50,3,70,0,19,59,5,83,14,0,14,97
03/01/2008,HGR,MD,AEA,EN,Federal Contract Tower,0,0,9,0,9,0,7,11,0,18,0,7,20,0,27,0,0,0,27
03/02/2008,HGR,MD,AEA,EN,Federal Contract Tower,0,0,7,0,7,0,4,118,4,126,0,4,125,4,133,92,0,92,225
03/03/2008,HGR,MD,AEA,EN,Federal Contract Tower,0,0,11,0,11,0,6,77,3,86,0,6,88,3,97,30,0,30,127
03/04/2008,HGR,MD,AEA,EN,Federal Contract Tower,0,0,7,0,7,0,6,20,0,26,0,6,27,0,33,0,0,0,33
03/05/2008,HGR,MD,AEA,EN,Federal Contract Tower,0,1,6,0,7,0,6,9,0,15,0,7,15,0,22,0,0,0,22
03/06/2008,HGR,MD,AEA,EN,Federal Contract Tower,0,4,11,1,16,0,18,114,20,152,0,22,125,21,168,110,0,110,278
03/07/2008,HGR,MD,AEA,EN,Federal Contract Tower,0,0,12,0,12,0,0,27,0,27,0,0,39,0,39,0,0,0,39
03/08/2008,HGR,MD,AEA,EN,Federal Contract Tower,0,0,2,0,2,0,0,0,0,0,0,0,2,0,2,0,0,0,2
03/09/2008,HGR,MD,AEA,EN,Federal Contract Tower,0,0,4,0,4,0,6,26,1,33,0,6,30,1,37,6,0,6,43
03/10/2008,HGR,MD,AEA,EN,Federal Contract Tower,0,0,13,0,13,0,3,57,11,71,0,3,70,11,84,42,24,66,150
03/11/2008,HGR,MD,AEA,EN,Federal Contract Tower,0,0,19,2,21,0,5,81,21,107,0,5,100,23,128,30,6,36,164
03/12/2008,HGR,MD,AEA,EN,Federal Contract Tower,0,0,17,0,17,0,6,58,9,73,0,6,75,9,90,12,8,20,110
03/13/2008,HGR,MD,AEA,EN,Federal Contract Tower,0,0,11,1,12,0,5,71,8,84,0,5,82,9,96,18,0,18,114
03/14/2008,HGR,MD,AEA,EN,Federal Contract Tower,0,0,11,3,14,0,12,99,10,121,0,12,110,13,135,70,45,115,250
03/15/2008,HGR,MD,AEA,EN,Federal Contract Tower,0,0,2,0,2,0,6,93,2,101,0,6,95,2,103,116,0,116,219
03/16/2008,HGR,MD,AEA,EN,Federal Contract Tower,0,0,15,0,15,0,15,10,0,25,0,15,25,0,40,0,0,0,40
03/17/2008,HGR,MD,AEA,EN,Federal Contract Tower,0,0,11,0,11,0,11,98,9,118,0,11,109,9,129,50,0,50,179
03/18/2008,HGR,MD,AEA,EN,Federal Contract Tower,0,4,11,0,15,0,6,38,7,51,0,10,49,7,66,0,0,0,66
03/19/2008,HGR,MD,AEA,EN,Federal Contract Tower,0,4,8,0,12,0,0,0,0,0,0,4,8,0,12,0,0,0,12
03/20/2008,HGR,MD,AEA,EN,Federal Contract Tower,0,1,13,0,14,0,5,26,4,35,0,6,39,4,49,14,0,14,63
03/21/2008,HGR,MD,AEA,EN,Federal Contract Tower,0,0,14,0,14,0,6,86,9,101,0,6,100,9,115,62,62,124,239
03/22/2008,HGR,MD,AEA,EN,Federal Contract Tower,0,0,2,0,2,0,4,10,0,14,0,4,12,0,16,20,0,20,36
03/23/2008,HGR,MD,AEA,EN,Federal Contract Tower,0,1,2,0,3,0,1,51,3,55,0,2,53,3,58,14,12,26,84
03/24/2008,HGR,MD,AEA,EN,Federal Contract Tower,0,0,17,4,21,0,8,86,0,94,0,8,103,4,115,94,4,98,213
03/25/2008,HGR,MD,AEA,EN,Federal Contract Tower,0,3,24,0,27,0,0,72,22,94,0,3,96,22,121,56,10,66,187
03/26/2008,HGR,MD,AEA,EN,Federal Contract Tower,0,4,14,0,18,0,0,73,15,88,0,4,87,15,106,46,6,52,158
03/27/2008,HGR,MD,AEA,EN,Federal Contract Tower,0,0,27,0,27,0,1,18,3,22,0,1,45,3,49,2,0,2,51
03/28/2008,HGR,MD,AEA,EN,Federal Contract Tower,0,1,15,0,16,0,2,57,40,99,0,3,72,40,115,6,0,6,121
03/29/2008,HGR,MD,AEA,EN,Federal Contract Tower,0,0,8,0,8,0,2,87,0,89,0,2,95,0,97,96,0,96,193
03/30/2008,HGR,MD,AEA,EN,Federal Contract Tower,0,0,12,0,12,0,9,84,4,97,0,9,96,4,109,122,0,122,231
03/31/2008,HGR,MD,AEA,EN,Federal Contract Tower,0,0,13,0,13,0,0,0,0,0,0,0,13,0,13,0,0,0,13
04/01/2008,HGR,MD,AEA,EN,Federal Contract Tower,0,1,14,0,15,0,3,27,13,43,0,4,41,13,58,40,6,46,104
04/02/2008,HGR,MD,AEA,EN,Federal Contract Tower,0,1,8,2,11,0,13,92,7,112,0,14,100,9,123,32,0,32,155
04/03/2008,HGR,MD,AEA,EN,Federal Contract Tower,0,0,9,0,9,0,8,71,2,81,0,8,80,2,90,56,0,56,146
04/04/2008,HGR,MD,AEA,EN,Federal Contract Tower,0,0,10,0,10,0,2,1,0,3,0,2,11,0,13,8,0,8,21
04/05/2008,HGR,MD,AEA,EN,Federal Contract Tower,0,0,11,4,15,0,11,101,15,127,0,11,112,19,142,118,18,136,278
04/06/2008,HGR,MD,AEA,EN,Federal Contract Tower,0,0,24,0,24,0,8,55,4,67,0,8,79,4,91,79,0,79,170
04/07/2008,HGR,MD,AEA,EN,Federal Contract Tower,0,0,30,0,30,0,0,12,0,12,0,0,42,0,42,2,0,2,44
04/08/2008,HGR,MD,AEA,EN,Federal Contract Tower,0,0,22,2,24,0,0,41,4,45,0,0,63,6,69,22,0,22,91
04/09/2008,HGR,MD,AEA,EN,Federal Contract Tower,0,0,37,1,38,0,2,88,5,95,0,2,125,6,133,74,12,86,219
04/10/2008,HGR,MD,AEA,EN,Federal Contract Tower,0,0,24,3,27,0,0,100,4,104,0,0,124,7,131,68,0,68,199
04/11/2008,HGR,MD,AEA,EN,Federal Contract Tower,0,2,14,0,16,0,17,58,0,75,0,19,72,0,91,18,0,18,109
04/12/2008,HGR,MD,AEA,EN,Federal Contract Tower,0,0,10,0,10,0,4,31,0,35,0,4,41,0,45,18,0,18,63
04/13/2008,HGR,MD,AEA,EN,Federal Contract Tower,0,0,16,0,16,0,0,64,2,66,0,0,80,2,82,84,0,84,166
04/14/2008,HGR,MD,AEA,EN,Federal Contract Tower,0,0,13,0,13,0,4,72,8,84,0,4,85,8,97,20,8,28,125
04/15/2008,HGR,MD,AEA,EN,Federal Contract Tower,0,3,10,0,13,0,4,85,10,99,0,7,95,10,112,48,0,48,160
04/16/2008,HGR,MD,AEA,EN,Federal Contract Tower,0,2,21,2,25,0,8,136,18,162,0,10,157,20,187,54,0,54,241
04/17/2008,HGR,MD,AEA,EN,Federal Contract Tower,0,0,23,2,25,0,7,127,18,152,0,7,150,20,177,66,4,70,247
04/18/2008,HGR,MD,AEA,EN,Federal Contract Tower,0,1,19,2,22,0,5,124,4,133,0,6,143,6,155,86,4,90,245
04/19/2008,HGR,MD,AEA,EN,Federal Contract Tower,0,0,8,0,8,0,4,106,0,110,0,4,114,0,118,171,0,171,289
04/20/2008,HGR,MD,AEA,EN,Federal Contract Tower,0,0,8,0,8,0,0,0,0,0,0,0,8,0,8,0,0,0,8
04/21/2008,HGR,MD,AEA,EN,Federal Contract Tower,0,3,16,0,19,0,2,0,0,2,0,5,16,0,21,6,0,6,27
04/22/2008,HGR,MD,AEA,EN,Federal Contract Tower,0,0,9,0,9,0,6,61,6,73,0,6,70,6,82,16,0,16,98
04/23/2008,HGR,MD,AEA,EN,Federal Contract Tower,0,0,12,3,15,0,8,72,20,100,0,8,84,23,115,16,30,46,161
04/24/2008,HGR,MD,AEA,EN,Federal Contract Tower,0,2,12,0,14,0,0,91,14,105,0,2,103,14,119,42,22,64,183
04/25/2008,HGR,MD,AEA,EN,Federal Contract Tower,0,1,11,0,12,0,5,99,9,113,0,6,110,9,125,40,8,48,173
04/26/2008,HGR,MD,AEA,EN,Federal Contract Tower,0,2,10,0,12,0,13,35,0,48,0,15,45,0,60,6,0,6,66
04/27/2008,HGR,MD,AEA,EN,Federal Contract Tower,0,0,21,0,21,0,0,15,0,15,0,0,36,0,36,14,0,14,50
04/28/2008,HGR,MD,AEA,EN,Federal Contract Tower,0,0,22,0,22,0,0,2,0,2,0,0,24,0,24,2,0,2,26
04/29/2008,HGR,MD,AEA,EN,Federal Contract Tower,0,2,25,4,31,0,6,72,55,133,0,8,97,59,164,22,10,32,196
04/30/2008,HGR,MD,AEA,EN,Federal Contract Tower,0,0,12,0,12,0,23,91,43,157,0,23,103,43,169,74,28,102,271
05/01/2008,HGR,MD,AEA,EN,Federal Contract Tower,0,0,23,0,23,0,6,63,21,90,0,6,86,21,113,18,8,26,139
05/02/2008,HGR,MD,AEA,EN,Federal Contract Tower,0,0,22,0,22,0,3,67,5,75,0,3,89,5,97,46,14,60,157
05/03/2008,HGR,MD,AEA,EN,Federal Contract Tower,0,0,10,0,10,0,1,19,2,22,0,1,29,2,32,18,0,18,50
05/04/2008,HGR,MD,AEA,EN,Federal Contract Tower,0,0,6,0,6,0,3,65,3,71,0,3,71,3,77,38,8,46,123
05/05/2008,HGR,MD,AEA,EN,Federal Contract Tower,0,7,135,19,161,0,0,146,54,200,0,7,281,73,361,9,0,9,370
05/06/2008,HGR,MD,AEA,EN,Federal Contract Tower,0,0,9,0,9,0,8,104,6,118,0,8,113,6,127,40,0,40,167
05/07/2008,HGR,MD,AEA,EN,Federal Contract Tower,0,1,17,2,20,0,4,89,22,115,0,5,106,24,135,68,26,94,229
05/08/2008,HGR,MD,AEA,EN,Federal Contract Tower,0,5,11,0,16,0,1,9,4,14,0,6,20,4,30,0,0,0,30
05/09/2008,HGR,MD,AEA,EN,Federal Contract Tower,0,0,9,0,9,0,22,0,2,24,0,22,9,2,33,0,0,0,33
05/10/2008,HGR,MD,AEA,EN,Federal Contract Tower,0,0,5,0,5,0,3,50,2,55,0,3,55,2,60,136,0,136,196
05/11/2008,HGR,MD,AEA,EN,Federal Contract Tower,0,0,3,1,4,0,0,8,0,8,0,0,11,1,12,0,0,0,12
05/12/2008,HGR,MD,AEA,EN,Federal Contract Tower,0,0,8,0,8,0,2,1,1,4,0,2,9,1,12,12,0,12,24
05/13/2008,HGR,MD,AEA,EN,Federal Contract Tower,0,0,19,0,19,0,6,95,9,110,0,6,114,9,129,48,0,48,177
05/14/2008,HGR,MD,AEA,EN,Federal Contract Tower,0,0,10,1,11,0,1,108,5,114,0,1,118,6,125,62,0,62,187
05/15/2008,HGR,MD,AEA,EN,Federal Contract Tower,0,0,16,2,18,0,2,69,5,76,0,2,85,7,94,26,0,26,120
05/16/2008,HGR,MD,AEA,EN,Federal Contract Tower,0,0,19,0,19,0,2,0,0,2,0,2,19,0,21,0,0,0,21
05/17/2008,HGR,MD,AEA,EN,Federal Contract Tower,0,1,10,2,13,0,0,67,8,75,0,1,77,10,88,104,0,104,192
05/18/2008,HGR,MD,AEA,EN,Federal Contract Tower,0,2,15,0,17,0,2,3,0,5,0,4,18,0,22,2,0,2,24
05/19/2008,HGR,MD,AEA,EN,Federal Contract Tower,0,4,29,0,33,0,5,67,0,72,0,9,96,0,105,30,0,30,135
05/20/2008,HGR,MD,AEA,EN,Federal Contract Tower,0,1,18,0,19,0,7,22,8,37,0,8,40,8,56,10,0,10,66
05/21/2008,HGR,MD,AEA,EN,Federal Contract Tower,0,6,24,2,32,0,14,90,9,113,0,20,114,11,145,20,10,30,175
05/22/2008,HGR,MD,AEA,EN,Federal Contract Tower,0,3,17,2,22,0,7,52,7,66,0,10,69,9,88,6,0,6,94
05/23/2008,HGR,MD,AEA,EN,Federal Contract Tower,0,0,14,0,14,0,5,151,6,162,0,5,165,6,176,120,0,120,296
05/24/2008,HGR,MD,AEA,EN,Federal Contract Tower,0,3,10,0,13,0,6,70,7,83,0,9,80,7,96,108,2,110,206
05/25/2008,HGR,MD,AEA,EN,Federal Contract Tower,0,2,9,0,11,0,13,87,0,100,0,15,96,0,111,47,0,47,158
05/26/2008,HGR,MD,AEA,EN,Federal Contract Tower,0,0,5,1,6,0,5,98,4,107,0,5,103,5,113,110,0,110,223
05/27/2008,HGR,MD,AEA,EN,Federal Contract Tower,0,1,23,1,25,0,11,32,3,46,0,12,55,4,71,52,0,52,123
05/28/2008,HGR,MD,AEA,EN,Federal Contract Tower,0,0,13,3,16,0,6,97,5,108,0,6,110,8,124,66,0,66,190
05/29/2008,HGR,MD,AEA,EN,Federal Contract Tower,0,2,15,4,21,0,5,103,3,111,0,7,118,7,132,92,0,92,224
05/30/2008,HGR,MD,AEA,EN,Federal Contract Tower,0,0,9,0,9,0,12,103,7,122,0,12,112,7,131,78,16,94,225
05/31/2008,HGR,MD,AEA,EN,Federal Contract Tower,0,0,5,4,9,0,0,4,0,4,0,0,9,4,13,42,0,42,55
06/01/2008,HGR,MD,AEA,EN,Federal Contract Tower,0,0,4,0,4,0,2,34,1,37,0,2,38,1,41,10,0,10,51
06/02/2008,HGR,MD,AEA,EN,Federal Contract Tower,0,0,15,2,17,0,3,131,0,134,0,3,146,2,151,84,0,84,235
06/03/2008,HGR,MD,AEA,EN,Federal Contract Tower,0,0,11,0,11,0,19,54,2,75,0,19,65,2,86,22,0,22,108
06/04/2008,HGR,MD,AEA,EN,Federal Contract Tower,0,2,13,2,17,0,2,11,0,13,0,4,24,2,30,4,0,4,34
06/05/2008,HGR,MD,AEA,EN,Federal Contract Tower,0,0,16,0,16,0,11,62,12,85,0,11,78,12,101,106,24,130,231
06/06/2008,HGR,MD,AEA,EN,Federal Contract Tower,0,0,23,2,25,0,8,55,4,67,0,8,78,6,92,0,0,0,92
06/07/2008,HGR,MD,AEA,EN,Federal Contract Tower,0,0,12,0,12,0,7,59,2,68,0,7,71,2,80,86,0,86,166
06/08/2008,HGR,MD,AEA,EN,Federal Contract Tower,0,0,9,2,11,0,7,71,8,86,0,7,80,10,97,86,8,94,191
06/09/2008,HGR,MD,AEA,EN,Federal Contract Tower,0,0,14,0,14,0,0,84,6,90,0,0,98,6,104,66,0,66,170
06/10/2008,HGR,MD,AEA,EN,Federal Contract Tower,0,0,8,0,8,0,3,35,1,39,0,3,43,1,47,22,0,22,69
06/11/2008,HGR,MD,AEA,EN,Federal Contract Tower,0,6,180,13,199,0,0,14,1,15,0,6,194,14,214,130,0,130,344
06/12/2008,HGR,MD,AEA,EN,Federal Contract Tower,0,0,18,0,18,0,3,115,15,133,0,3,133,15,151,116,0,116,267
06/13/2008,HGR,MD,AEA,EN,Federal Contract Tower,0,0,11,0,11,0,6,87,5,98,0,6,98,5,109,142,0,142,251
06/14/2008,HGR,MD,AEA,EN,Federal Contract Tower,0,1,9,0,10,0,2,44,10,56,0,3,53,10,66,24,6,30,96
06/15/2008,HGR,MD,AEA,EN,Federal Contract Tower,0,0,9,2,11,0,2,99,3,104,0,2,108,5,115,8,0,8,123
06/16/2008,HGR,MD,AEA,EN,Federal Contract Tower,0,1,15,0,16,0,5,51,3,59,0,6,66,3,75,0,0,0,75
06/17/2008,HGR,MD,AEA,EN,Federal Contract Tower,0,0,9,6,15,0,18,100,6,124,0,18,109,12,139,80,4,84,223
06/18/2008,HGR,MD,AEA,EN,Federal Contract Tower,0,2,9,0,11,0,5,88,24,117,0,7,97,24,128,26,26,52,180
06/19/2008,HGR,MD,AEA,EN,Federal Contract Tower,0,2,6,1,9,0,7,105,24,136,0,9,111,25,145,110,0,110,255
06/20/2008,HGR,MD,AEA,EN,Federal Contract Tower,0,0,12,0,12,0,11,93,6,110,0,11,105,6,122,70,86,156,278
06/21/2008,HGR,MD,AEA,EN,Federal Contract Tower,0,0,5,0,5,0,7,197,10,214,0,7,202,10,219,74,0,74,293
06/22/2008,HGR,MD,AEA,EN,Federal Contract Tower,0,0,9,1,10,0,6,64,1,71,0,6,73,2,81,158,0,158,239
06/23/2008,HGR,MD,AEA,EN,Federal Contract Tower,0,0,15,0,15,0,5,37,7,49,0,5,52,7,64,48,0,48,112
06/24/2008,HGR,MD,AEA,EN,Federal Contract Tower,0,0,13,0,13,0,6,127,11,144,0,6,140,11,157,82,0,82,239
06/25/2008,HGR,MD,AEA,EN,Federal Contract Tower,0,2,23,0,25,0,12,146,15,173,0,14,169,15,198,140,0,140,338
06/26/2008,HGR,MD,AEA,EN,Federal Contract Tower,0,2,9,2,13,0,11,75,18,104,0,13,84,20,117,60,0,60,177
06/27/2008,HGR,MD,AEA,EN,Federal Contract Tower,0,0,20,0,20,0,5,107,2,114,0,5,127,2,134,24,0,24,158
06/28/2008,HGR,MD,AEA,EN,Federal Contract Tower,0,1,4,3,8,0,2,64,3,69,0,3,68,6,77,58,8,66,143
06/29/2008,HGR,MD,AEA,EN,Federal Contract Tower,0,0,5,0,5,0,9,26,0,35,0,9,31,0,40,64,0,64,104
06/30/2008,HGR,MD,AEA,EN,Federal Contract Tower,0,0,16,2,18,0,8,55,2,65,0,8,71,4,83,68,0,68,151
07/01/2008,HGR,MD,AEA,EN,Federal Contract Tower,0,0,5,1,6,0,2,111,7,120,0,2,116,8,126,92,4,96,222
07/02/2008,HGR,MD,AEA,EN,Federal Contract Tower,0,6,15,0,21,0,15,146,15,176,0,21,161,15,197,50,0,50,247
07/03/2008,HGR,MD,AEA,EN,Federal Contract Tower,0,1,19,1,21,0,4,108,9,121,0,5,127,10,142,58,16,74,216
07/04/2008,HGR,MD,AEA,EN,Federal Contract Tower,0,0,1,2,3,0,0,6,3,9,0,0,7,5,12,10,0,10,22
07/05/2008,HGR,MD,AEA,EN,Federal Contract Tower,0,0,4,3,7,0,2,17,0,19,0,2,21,3,26,26,0,26,52
07/06/2008,HGR,MD,AEA,EN,Federal Contract Tower,0,3,25,1,29,0,4,29,0,33,0,7,54,1,62,36,0,36,98
07/07/2008,HGR,MD,AEA,EN,Federal Contract Tower,0,0,17,0,17,0,5,32,0,37,0,5,49,0,54,2,0,2,56
07/08/2008,HGR,MD,AEA,EN,Federal Contract Tower,0,12,111,0,123,0,11,102,4,117,0,23,213,4,240,46,0,46,286
07/09/2008,HGR,MD,AEA,EN,Federal Contract Tower,0,3,17,0,20,0,47,0,0,47,0,50,17,0,67,0,0,0,67
07/10/2008,HGR,MD,AEA,EN,Federal Contract Tower,0,0,28,0,28,0,9,121,8,138,0,9,149,8,166,46,0,46,212
07/11/2008,HGR,MD,AEA,EN,Federal Contract Tower,0,0,27,1,28,0,13,137,11,161,0,13,164,12,189,18,0,18,207
07/12/2008,HGR,MD,AEA,EN,Federal Contract Tower,0,1,8,2,11,0,19,119,29,167,0,20,127,31,178,106,2,108,286
07/13/2008,HGR,MD,AEA,EN,Federal Contract Tower,0,0,12,2,14,0,0,54,20,74,0,0,66,22,88,22,0,22,110
07/14/2008,HGR,MD,AEA,EN,Federal Contract Tower,0,0,13,0,13,0,0,106,35,141,0,0,119,35,154,52,66,118,272
07/15/2008,HGR,MD,AEA,EN,Federal Contract Tower,0,0,12,9,21,0,6,79,62,147,0,6,91,71,168,32,224,256,424
07/16/2008,HGR,MD,AEA,EN,Federal Contract Tower,0,2,10,6,18,0,5,115,48,168,0,7,125,54,186,32,196,228,414
07/17/2008,HGR,MD,AEA,EN,Federal Contract Tower,0,3,15,1,19,0,1,92,44,137,0,4,107,45,156,60,176,236,392
07/18/2008,HGR,MD,AEA,EN,Federal Contract Tower,0,0,20,0,20,0,1,88,53,142,0,1,108,53,162,88,220,308,470
07/19/2008,HGR,MD,AEA,EN,Federal Contract Tower,0,0,12,1,13,0,3,90,37,130,0,3,102,38,143,44,32,76,219
07/20/2008,HGR,MD,AEA,EN,Federal Contract Tower,0,0,11,0,11,0,7,48,1,56,0,7,59,1,67,20,0,20,87
07/21/2008,HGR,MD,AEA,EN,Federal Contract Tower,0,0,20,0,20,0,9,60,5,74,0,9,80,5,94,14,0,14,108
07/22/2008,HGR,MD,AEA,EN,Federal Contract Tower,0,2,13,2,17,0,3,67,12,82,0,5,80,14,99,30,0,30,129
07/23/2008,HGR,MD,AEA,EN,Federal Contract Tower,0,10,2,0,12,0,2,12,2,16,0,12,14,2,28,4,0,4,32
07/24/2008,HGR,MD,AEA,EN,Federal Contract Tower,0,30,1,0,31,0,5,86,15,106,0,35,87,15,137,28,0,28,165
07/25/2008,HGR,MD,AEA,EN,Federal Contract Tower,0,0,17,0,17,0,7,107,5,119,0,7,124,5,136,72,0,72,208
07/26/2008,HGR,MD,AEA,EN,Federal Contract Tower,0,10,15,0,25,0,10,66,0,76,0,20,81,0,101,70,0,70,171
07/27/2008,HGR,MD,AEA,EN,Federal Contract Tower,0,0,9,0,9,0,2,53,2,57,0,2,62,2,66,26,0,26,92
07/28/2008,HGR,MD,AEA,EN,Federal Contract Tower,0,0,15,1,16,0,7,101,11,119,0,7,116,12,135,54,0,54,189
07/29/2008,HGR,MD,AEA,EN,Federal Contract Tower,0,2,24,2,28,0,2,108,12,122,0,4,132,14,150,66,0,66,216
07/30/2008,HGR,MD,AEA,EN,Federal Contract Tower,0,1,19,0,20,0,2,75,10,87,0,3,94,10,107,40,14,54,161
07/31/2008,HGR,MD,AEA,EN,Federal Contract Tower,0,0,15,0,15,0,3,67,8,78,0,3,82,8,93,32,0,32,125
08/01/2008,HGR,MD,AEA,EN,Federal Contract Tower,0,2,14,0,16,0,5,98,15,118,0,7,112,15,134,120,0,120,254
08/02/2008,HGR,MD,AEA,EN,Federal Contract Tower,0,0,16,0,16,0,0,58,0,58,0,0,74,0,74,125,0,125,199
08/03/2008,HGR,MD,AEA,EN,Federal Contract Tower,0,0,9,9,18,0,6,75,8,89,0,6,84,17,107,40,0,40,147
08/04/2008,HGR,MD,AEA,EN,Federal Contract Tower,0,0,14,0,14,0,4,50,7,61,0,4,64,7,75,16,2,18,93
08/05/2008,HGR,MD,AEA,EN,Federal Contract Tower,0,2,8,0,10,0,3,55,18,76,0,5,63,18,86,90,0,90,176
08/06/2008,HGR,MD,AEA,EN,Federal Contract Tower,0,0,12,5,17,0,15,96,22,133,0,15,108,27,150,32,4,36,186
08/07/2008,HGR,MD,AEA,EN,Federal Contract Tower,0,1,9,0,10,0,5,71,22,98,0,6,80,22,108,92,0,92,200
08/08/2008,HGR,MD,AEA,EN,Federal Contract Tower,0,0,7,0,7,0,10,63,7,80,0,10,70,7,87,30,0,30,117
08/09/2008,HGR,MD,AEA,EN,Federal Contract Tower,0,0,13,0,13,0,12,92,2,106,0,12,105,2,119,8,0,8,127
08/10/2008,HGR,MD,AEA,EN,Federal Contract Tower,0,0,8,0,8,0,4,33,0,37,0,4,41,0,45,32,0,32,77
08/11/2008,HGR,MD,AEA,EN,Federal Contract Tower,0,0,15,0,15,0,3,63,5,71,0,3,78,5,86,30,0,30,116
08/12/2008,HGR,MD,AEA,EN,Federal Contract Tower,0,0,23,3,26,0,5,82,13,100,0,5,105,16,126,102,0,102,228
08/13/2008,HGR,MD,AEA,EN,Federal Contract Tower,0,2,17,0,19,0,7,82,6,95,0,9,99,6,114,76,0,76,190
08/14/2008,HGR,MD,AEA,EN,Federal Contract Tower,0,8,19,4,31,0,7,30,0,37,0,15,49,4,68,102,0,102,170
08/15/2008,HGR,MD,AEA,EN,Federal Contract Tower,0,0,20,0,20,0,10,66,0,76,0,10,86,0,96,52,0,52,148
08/16/2008,HGR,MD,AEA,EN,Federal Contract Tower,0,0,10,1,11,0,7,116,3,126,0,7,126,4,137,146,20,166,303
08/17/2008,HGR,MD,AEA,EN,Federal Contract Tower,0,0,16,1,17,0,2,120,1,123,0,2,136,2,140,223,0,223,363
08/18/2008,HGR,MD,AEA,EN,Federal Contract Tower,0,0,11,3,14,0,11,72,4,87,0,11,83,7,101,80,80,160,261
08/19/2008,HGR,MD,AEA,EN,Federal Contract Tower,0,1,9,2,12,0,2,77,4,83,0,3,86,6,95,62,8,70,165
08/20/2008,HGR,MD,AEA,EN,Federal Contract Tower,0,1,9,4,14,0,11,99,10,120,0,12,108,14,134,64,10,74,208
08/21/2008,HGR,MD,AEA,EN,Federal Contract Tower,0,0,8,1,9,0,14,83,14,111,0,14,91,15,120,32,0,32,152
08/22/2008,HGR,MD,AEA,EN,Federal Contract Tower,0,0,11,0,11,0,2,119,5,126,0,2,130,5,137,170,0,170,307
08/23/2008,HGR,MD,AEA,EN,Federal Contract Tower,0,1,7,0,8,0,3,44,0,47,0,4,51,0,55,96,0,96,151
08/24/2008,HGR,MD,AEA,EN,Federal Contract Tower,0,0,7,0,7,0,7,109,4,120,0,7,116,4,127,94,0,94,221
08/25/2008,HGR,MD,AEA,EN,Federal Contract Tower,0,0,12,0,12,0,8,44,1,53,0,8,56,1,65,0,0,0,65
08/26/2008,HGR,MD,AEA,EN,Federal Contract Tower,0,0,10,2,12,0,2,101,13,116,0,2,111,15,128,58,2,60,188
08/27/2008,HGR,MD,AEA,EN,Federal Contract Tower,0,0,13,0,13,0,6,83,6,95,0,6,96,6,108,52,0,52,160
08/28/2008,HGR,MD,AEA,EN,Federal Contract Tower,0,3,25,0,28,0,0,0,0,0,0,3,25,0,28,0,0,0,28
08/29/2008,HGR,MD,AEA,EN,Federal Contract Tower,0,2,26,1,29,0,0,5,0,5,0,2,31,1,34,0,0,0,34
08/30/2008,HGR,MD,AEA,EN,Federal Contract Tower,0,0,12,0,12,0,17,21,1,39,0,17,33,1,51,22,0,22,73
08/31/2008,HGR,MD,AEA,EN,Federal Contract Tower,0,0,9,4,13,0,3,74,2,79,0,3,83,6,92,50,0,50,142
09/01/2008,HGR,MD,AEA,EN,Federal Contract Tower,0,0,11,0,11,0,10,120,0,130,0,10,131,0,141,136,0,136,277
09/02/2008,HGR,MD,AEA,EN,Federal Contract Tower,0,2,16,0,18,0,11,113,9,133,0,13,129,9,151,32,0,32,183
09/03/2008,HGR,MD,AEA,EN,Federal Contract Tower,0,0,3,1,4,0,7,108,20,135,0,7,111,21,139,106,0,106,245
09/04/2008,HGR,MD,AEA,EN,Federal Contract Tower,0,2,13,2,17,0,0,78,15,93,0,2,91,17,110,40,0,40,150
09/05/2008,HGR,MD,AEA,EN,Federal Contract Tower,0,1,15,4,20,0,2,101,27,130,0,3,116,31,150,82,0,82,232
09/06/2008,HGR,MD,AEA,EN,Federal Contract Tower,0,2,6,0,8,0,1,0,2,3,0,3,6,2,11,0,30,30,41
09/07/2008,HGR,MD,AEA,EN,Federal Contract Tower,0,0,13,1,14,0,5,84,14,103,0,5,97,15,117,84,0,84,201
09/08/2008,HGR,MD,AEA,EN,Federal Contract Tower,0,0,4,0,4,0,16,91,13,120,0,16,95,13,124,42,0,42,166
09/09/2008,HGR,MD,AEA,EN,Federal Contract Tower,0,0,18,2,20,0,10,28,10,48,0,10,46,12,68,26,8,34,102
09/10/2008,HGR,MD,AEA,EN,Federal Contract Tower,0,0,19,2,21,0,12,121,19,152,0,12,140,21,173,100,0,100,273
09/11/2008,HGR,MD,AEA,EN,Federal Contract Tower,0,0,20,3,23,0,2,78,8,88,0,2,98,11,111,40,0,40,151
09/12/2008,HGR,MD,AEA,EN,Federal Contract Tower,0,0,13,0,13,0,0,2,0,2,0,0,15,0,15,0,0,0,15
09/13/2008,HGR,MD,AEA,EN,Federal Contract Tower,0,0,5,3,8,0,2,33,2,37,0,2,38,5,45,34,30,64,109
09/14/2008,HGR,MD,AEA,EN,Federal Contract Tower,0,0,6,0,6,0,8,39,2,49,0,8,45,2,55,56,0,56,111
09/15/2008,HGR,MD,AEA,EN,Federal Contract Tower,0,0,14,0,14,0,4,50,0,54,0,4,64,0,68,56,0,56,124
09/16/2008,HGR,MD,AEA,EN,Federal Contract Tower,0,2,20,10,32,0,10,91,16,117,0,12,111,26,149,58,6,64,213
09/17/2008,HGR,MD,AEA,EN,Federal Contract Tower,0,2,34,6,42,0,4,102,22,128,0,6,136,28,170,44,26,70,240
09/18/2008,HGR,MD,AEA,EN,Federal Contract Tower,0,2,9,1,12,0,4,78,1,83,0,6,87,2,95,60,0,60,155
09/19/2008,HGR,MD,AEA,EN,Federal Contract Tower,0,0,18,0,18,0,2,97,13,112,0,2,115,13,130,6,8,14,144
09/20/2008,HGR,MD,AEA,EN,Federal Contract Tower,0,0,7,1,8,0,6,57,4,67,0,6,64,5,75,58,0,58,133
09/21/2008,HGR,MD,AEA,EN,Federal Contract Tower,0,2,16,4,22,0,2,60,0,62,0,4,76,4,84,50,0,50,134
09/22/2008,HGR,MD,AEA,EN,Federal Contract Tower,0,1,11,0,12,0,2,31,3,36,0,3,42,3,48,26,0,26,74
09/23/2008,HGR,MD,AEA,EN,Federal Contract Tower,0,2,11,2,15,0,0,52,3,55,0,2,63,5,70,18,0,18,88
09/24/2008,HGR,MD,AEA,EN,Federal Contract Tower,0,3,21,3,27,0,4,71,12,87,0,7,92,15,114,34,0,34,148
09/25/2008,HGR,MD,AEA,EN,Federal Contract Tower,0,1,9,5,15,0,2,34,6,42,0,3,43,11,57,8,0,8,65
09/26/2008,HGR,MD,AEA,EN,Federal Contract Tower,0,1,15,4,20,0,0,0,0,0,0,1,15,4,20,0,0,0,20
09/27/2008,HGR,MD,AEA,EN,Federal Contract Tower,0,0,9,0,9,0,0,5,0,5,0,0,14,0,14,0,0,0,14
09/28/2008,HGR,MD,AEA,EN,Federal Contract Tower,0,0,25,0,25,0,2,13,0,15,0,2,38,0,40,14,0,14,54
09/29/2008,HGR,MD,AEA,EN,Federal Contract Tower,0,0,24,0,24,0,2,91,0,93,0,2,115,0,117,48,0,48,165
09/30/2008,HGR,MD,AEA,EN,Federal Contract Tower,0,0,24,0,24,0,2,65,1,68,0,2,89,1,92,24,0,24,116
10/01/2008,HGR,MD,AEA,EN,Federal Contract Tower,0,0,25,4,29,0,0,27,0,27,0,0,52,4,56,0,0,0,56
10/02/2008,HGR,MD,AEA,EN,Federal Contract Tower,0,1,14,4,19,0,0,55,8,63,0,1,69,12,82,10,0,10,92
10/03/2008,HGR,MD,AEA,EN,Federal Contract Tower,0,1,14,0,15,0,2,123,6,131,0,3,137,6,146,100,0,100,246
10/04/2008,HGR,MD,AEA,EN,Federal Contract Tower,0,0,16,5,21,0,8,213,0,221,0,8,229,5,242,22,0,22,264
10/05/2008,HGR,MD,AEA,EN,Federal Contract Tower,0,0,8,0,8,0,2,185,5,192,0,2,193,5,200,54,0,54,254
10/06/2008,HGR,MD,AEA,EN,Federal Contract Tower,0,0,10,4,14,0,1,52,0,53,0,1,62,4,67,48,18,66,133
10/07/2008,HGR,MD,AEA,EN,Federal Contract Tower,0,0,9,5,14,0,3,89,17,109,0,3,98,22,123,42,42,84,207
10/08/2008,HGR,MD,AEA,EN,Federal Contract Tower,0,0,13,4,17,0,2,56,7,65,0,2,69,11,82,20,0,20,102
10/09/2008,HGR,MD,AEA,EN,Federal Contract Tower,0,0,13,7,20,0,5,70,17,92,0,5,83,24,112,10,76,86,198
10/10/2008,HGR,MD,AEA,EN,Federal Contract Tower,0,0,15,3,18,0,3,105,9,117,0,3,120,12,135,94,24,118,253
10/11/2008,HGR,MD,AEA,EN,Federal Contract Tower,0,0,15,2,17,0,4,76,0,80,0,4,91,2,97,73,0,73,170
10/12/2008,HGR,MD,AEA,EN,Federal Contract Tower,0,0,10,2,12,0,5,87,3,95,0,5,97,5,107,108,0,108,215
10/13/2008,HGR,MD,AEA,EN,Federal Contract Tower,0,0,21,2,23,0,2,66,5,73,0,2,87,7,96,66,8,74,170
10/14/2008,HGR,MD,AEA,EN,Federal Contract Tower,0,2,11,1,14,0,4,69,8,81,0,6,80,9,95,26,10,36,131
10/15/2008,HGR,MD,AEA,EN,Federal Contract Tower,0,0,18,2,20,0,2,96,6,104,0,2,114,8,124,46,0,46,170
10/16/2008,HGR,MD,AEA,EN,Federal Contract Tower,0,3,10,9,22,0,1,49,11,61,0,4,59,20,83,14,4,18,101
10/17/2008,HGR,MD,AEA,EN,Federal Contract Tower,0,0,15,1,16,0,6,93,12,111,0,6,108,13,127,52,12,64,191
10/18/2008,HGR,MD,AEA,EN,Federal Contract Tower,0,1,6,0,7,0,5,50,1,56,0,6,56,1,63,18,0,18,81
10/19/2008,HGR,MD,AEA,EN,Federal Contract Tower,0,1,7,2,10,0,6,61,4,71,0,7,68,6,81,42,28,70,151
10/20/2008,HGR,MD,AEA,EN,Federal Contract Tower,0,0,17,2,19,0,0,62,3,65,0,0,79,5,84,0,0,0,84
10/21/2008,HGR,MD,AEA,EN,Federal Contract Tower,0,0,13,3,16,0,2,35,4,41,0,2,48,7,57,2,0,2,59
10/22/2008,HGR,MD,AEA,EN,Federal Contract Tower,0,0,19,0,19,0,0,76,13,89,0,0,95,13,108,46,0,46,154
10/23/2008,HGR,MD,AEA,EN,Federal Contract Tower,0,0,18,4,22,0,3,113,20,136,0,3,131,24,158,56,0,56,214
10/24/2008,HGR,MD,AEA,EN,Federal Contract Tower,0,0,21,0,21,0,1,96,5,102,0,1,117,5,123,72,0,72,195
10/25/2008,HGR,MD,AEA,EN,Federal Contract Tower,0,0,5,0,5,0,0,1,0,1,0,0,6,0,6,0,0,0,6
10/26/2008,HGR,MD,AEA,EN,Federal Contract Tower,0,0,19,0,19,0,2,84,7,93,0,2,103,7,112,6,90,96,208
10/27/2008,HGR,MD,AEA,EN,Federal Contract Tower,0,0,15,0,15,0,1,39,1,41,0,1,54,1,56,0,0,0,56
10/28/2008,HGR,MD,AEA,EN,Federal Contract Tower,0,2,9,0,11,0,2,2,0,4,0,4,11,0,15,0,0,0,15
10/29/2008,HGR,MD,AEA,EN,Federal Contract Tower,0,0,10,0,10,0,1,18,0,19,0,1,28,0,29,4,0,4,33
10/30/2008,HGR,MD,AEA,EN,Federal Contract Tower,0,0,16,0,16,0,9,80,14,103,0,9,96,14,119,20,6,26,145
10/31/2008,HGR,MD,AEA,EN,Federal Contract Tower,0,21,2,0,23,0,1,101,7,109,0,22,103,7,132,68,4,72,204
11/01/2008,HGR,MD,AEA,EN,Federal Contract Tower,0,0,5,0,5,0,5,77,9,91,0,5,82,9,96,54,10,64,160
11/02/2008,HGR,MD,AEA,EN,Federal Contract Tower,0,0,8,0,8,0,3,38,0,41,0,3,46,0,49,54,0,54,103
11/03/2008,HGR,MD,AEA,EN,Federal Contract Tower,0,0,17,0,17,0,37,46,1,84,0,37,63,1,101,100,32,132,233
11/04/2008,HGR,MD,AEA,EN,Federal Contract Tower,0,1,11,1,13,0,0,18,2,20,0,1,29,3,33,10,30,40,73
11/05/2008,HGR,MD,AEA,EN,Federal Contract Tower,0,4,14,0,18,0,2,50,0,52,0,6,64,0,70,52,0,52,122
11/06/2008,HGR,MD,AEA,EN,Federal Contract Tower,0,7,19,7,33,0,4,24,0,28,0,11,43,7,61,24,0,24,85
11/07/2008,HGR,MD,AEA,EN,Federal Contract Tower,0,1,18,0,19,0,4,93,2,99,0,5,111,2,118,96,0,96,214
11/08/2008,HGR,MD,AEA,EN,Federal Contract Tower,0,0,4,1,5,0,0,27,0,27,0,0,31,1,32,60,0,60,92
11/09/2008,HGR,MD,AEA,EN,Federal Contract Tower,0,0,12,0,12,0,2,47,0,49,0,2,59,0,61,32,0,32,93
11/10/2008,HGR,MD,AEA,EN,Federal Contract Tower,0,2,15,0,17,0,0,39,1,40,0,2,54,1,57,20,10,30,87
11/11/2008,HGR,MD,AEA,EN,Federal Contract Tower,0,0,10,2,12,0,3,81,20,104,0,3,91,22,116,32,0,32,148
11/12/2008,HGR,MD,AEA,EN,Federal Contract Tower,0,1,16,1,18,0,2,85,23,110,0,3,101,24,128,44,2,46,174
11/13/2008,HGR,MD,AEA,EN,Federal Contract Tower,0,9,11,5,25,0,0,0,0,0,0,9,11,5,25,0,0,0,25
11/14/2008,HGR,MD,AEA,EN,Federal Contract Tower,2,0,20,2,24,0,0,0,0,0,2,0,20,2,24,0,0,0,24
11/15/2008,HGR,MD,AEA,EN,Federal Contract Tower,0,5,1,0,6,0,0,0,4,4,0,5,1,4,10,0,0,0,10
11/16/2008,HGR,MD,AEA,EN,Federal Contract Tower,0,0,8,0,8,0,1,10,0,11,0,1,18,0,19,10,0,10,29
11/17/2008,HGR,MD,AEA,EN,Federal Contract Tower,2,0,7,2,11,0,2,34,5,41,2,2,41,7,52,6,0,6,58
11/18/2008,HGR,MD,AEA,EN,Federal Contract Tower,0,1,14,3,18,0,1,31,14,46,0,2,45,17,64,28,0,28,92
11/19/2008,HGR,MD,AEA,EN,Federal Contract Tower,0,1,18,0,19,0,0,92,8,100,0,1,110,8,119,42,0,42,161
11/20/2008,HGR,MD,AEA,EN,Federal Contract Tower,0,2,16,2,20,0,6,41,0,47,0,8,57,2,67,0,0,0,67
11/21/2008,HGR,MD,AEA,EN,Federal Contract Tower,2,0,11,0,13,0,0,17,0,17,2,0,28,0,30,0,0,0,30
11/22/2008,HGR,MD,AEA,EN,Federal Contract Tower,0,0,1,2,3,0,6,40,2,48,0,6,41,4,51,20,8,28,79
11/23/2008,HGR,MD,AEA,EN,Federal Contract Tower,0,0,17,0,17,0,6,82,1,89,0,6,99,1,106,24,0,24,130
11/24/2008,HGR,MD,AEA,EN,Federal Contract Tower,2,0,11,0,13,0,2,26,0,28,2,2,37,0,41,0,0,0,41
11/25/2008,HGR,MD,AEA,EN,Federal Contract Tower,0,0,14,3,17,0,12,30,2,44,0,12,44,5,61,2,18,20,81
11/26/2008,HGR,MD,AEA,EN,Federal Contract Tower,0,0,9,0,9,0,1,36,4,41,0,1,45,4,50,6,0,6,56
11/27/2008,HGR,MD,AEA,EN,Federal Contract Tower,0,0,1,0,1,0,0,18,0,18,0,0,19,0,19,0,0,0,19
11/28/2008,HGR,MD,AEA,EN,Federal Contract Tower,2,0,6,0,8,0,1,58,0,59,2,1,64,0,67,68,0,68,135
11/29/2008,HGR,MD,AEA,EN,Federal Contract Tower,0,1,8,1,10,0,7,80,3,90,0,8,88,4,100,52,0,52,152
11/30/2008,HGR,MD,AEA,EN,Federal Contract Tower,0,2,9,0,11,0,0,0,0,0,0,2,9,0,11,0,0,0,11
12/01/2008,HGR,MD,AEA,EN,Federal Contract Tower,0,2,18,0,20,0,1,20,5,26,0,3,38,5,46,4,0,4,50
12/02/2008,HGR,MD,AEA,EN,Federal Contract Tower,0,0,8,0,8,0,1,48,2,51,0,1,56,2,59,24,0,24,83
12/03/2008,HGR,MD,AEA,EN,Federal Contract Tower,0,0,25,0,25,0,4,117,12,133,0,4,142,12,158,44,0,44,202
12/04/2008,HGR,MD,AEA,EN,Federal Contract Tower,0,0,6,0,6,0,7,40,2,49,0,7,46,2,55,0,0,0,55
12/05/2008,HGR,MD,AEA,EN,Federal Contract Tower,2,0,16,2,20,0,9,82,10,101,2,9,98,12,121,26,0,26,147
12/06/2008,HGR,MD,AEA,EN,Federal Contract Tower,0,0,5,0,5,0,4,36,13,53,0,4,41,13,58,4,4,8,66
12/07/2008,HGR,MD,AEA,EN,Federal Contract Tower,0,0,5,0,5,0,1,0,2,3,0,1,5,2,8,0,0,0,8
12/08/2008,HGR,MD,AEA,EN,Federal Contract Tower,2,0,17,0,19,0,9,82,0,91,2,9,99,0,110,84,0,84,194
12/09/2008,HGR,MD,AEA,EN,Federal Contract Tower,0,0,23,3,26,0,0,50,4,54,0,0,73,7,80,4,0,4,84
12/10/2008,HGR,MD,AEA,EN,Federal Contract Tower,0,1,18,0,19,0,3,4,1,8,0,4,22,1,27,10,0,10,37
12/11/2008,HGR,MD,AEA,EN,Federal Contract Tower,0,0,3,0,3,0,0,0,0,0,0,0,3,0,3,0,0,0,3
12/12/2008,HGR,MD,AEA,EN,Federal Contract Tower,2,0,18,2,22,0,4,45,0,49,2,4,63,2,71,4,0,4,75
12/13/2008,HGR,MD,AEA,EN,Federal Contract Tower,0,0,8,1,9,0,2,86,0,88,0,2,94,1,97,52,0,52,149
12/14/2008,HGR,MD,AEA,EN,Federal Contract Tower,0,0,8,1,9,0,0,73,3,76,0,0,81,4,85,25,0,25,110
12/15/2008,HGR,MD,AEA,EN,Federal Contract Tower,2,0,19,0,21,0,4,38,0,42,2,4,57,0,63,6,0,6,69
12/16/2008,HGR,MD,AEA,EN,Federal Contract Tower,0,0,5,0,5,0,0,0,0,0,0,0,5,0,5,0,0,0,5
12/17/2008,HGR,MD,AEA,EN,Federal Contract Tower,0,0,6,3,9,0,2,10,0,12,0,2,16,3,21,0,0,0,21
12/18/2008,HGR,MD,AEA,EN,Federal Contract Tower,0,0,28,7,35,0,2,80,16,98,0,2,108,23,133,32,24,56,189
12/19/2008,HGR,MD,AEA,EN,Federal Contract Tower,2,2,18,0,22,0,0,0,0,0,2,2,18,0,22,0,0,0,22
12/20/2008,HGR,MD,AEA,EN,Federal Contract Tower,0,2,13,0,15,0,1,51,0,52,0,3,64,0,67,44,0,44,111
12/21/2008,HGR,MD,AEA,EN,Federal Contract Tower,0,2,0,0,2,0,15,0,0,15,0,17,0,0,17,0,0,0,17
12/22/2008,HGR,MD,AEA,EN,Federal Contract Tower,1,0,8,0,9,0,0,22,0,22,1,0,30,0,31,2,0,2,33
12/23/2008,HGR,MD,AEA,EN,Federal Contract Tower,0,1,14,0,15,0,6,31,3,40,0,7,45,3,55,10,0,10,65
12/24/2008,HGR,MD,AEA,EN,Federal Contract Tower,0,0,5,0,5,0,0,2,0,2,0,0,7,0,7,8,0,8,15
12/25/2008,HGR,MD,AEA,EN,Federal Contract Tower,0,0,1,0,1,0,2,4,0,6,0,2,5,0,7,20,0,20,27
12/26/2008,HGR,MD,AEA,EN,Federal Contract Tower,2,0,7,0,9,0,0,44,4,48,2,0,51,4,57,80,0,80,137
12/27/2008,HGR,MD,AEA,EN,Federal Contract Tower,0,0,16,0,16,0,5,55,0,60,0,5,71,0,76,118,0,118,194
12/28/2008,HGR,MD,AEA,EN,Federal Contract Tower,0,0,5,0,5,0,0,17,0,17,0,0,22,0,22,60,0,60,82
12/29/2008,HGR,MD,AEA,EN,Federal Contract Tower,2,0,11,1,14,0,3,82,0,85,2,3,93,1,99,56,0,56,155
12/30/2008,HGR,MD,AEA,EN,Federal Contract Tower,0,0,5,2,7,0,3,44,0,47,0,3,49,2,54,24,0,24,78
12/31/2008,HGR,MD,AEA,EN,Federal Contract Tower,0,0,2,0,2,0,2,3,0,5,0,2,5,0,7,0,0,0,7
01/01/2009,HGR,MD,AEA,EN,Federal Contract Tower,0,0,7,0,7,0,4,56,0,60,0,4,63,0,67,32,0,32,99
01/02/2009,HGR,MD,AEA,EN,Federal Contract Tower,2,0,4,0,6,0,4,43,0,47,2,4,47,0,53,0,0,0,53
01/03/2009,HGR,MD,AEA,EN,Federal Contract Tower,0,0,10,0,10,0,4,119,0,123,0,4,129,0,133,122,8,130,263
01/04/2009,HGR,MD,AEA,EN,Federal Contract Tower,0,0,15,0,15,0,0,29,0,29,0,0,44,0,44,42,0,42,86
01/05/2009,HGR,MD,AEA,EN,Federal Contract Tower,2,0,7,0,9,0,7,68,2,77,2,7,75,2,86,50,0,50,136
01/06/2009,HGR,MD,AEA,EN,Federal Contract Tower,0,2,3,0,5,0,0,0,0,0,0,2,3,0,5,0,0,0,5
01/07/2009,HGR,MD,AEA,EN,Federal Contract Tower,0,4,5,0,9,0,0,0,0,0,0,4,5,0,9,0,0,0,9
01/08/2009,HGR,MD,AEA,EN,Federal Contract Tower,0,2,9,4,15,0,4,51,5,60,0,6,60,9,75,40,0,40,115
01/09/2009,HGR,MD,AEA,EN,Federal Contract Tower,2,0,14,0,16,0,3,98,8,109,2,3,112,8,125,112,0,112,237
01/10/2009,HGR,MD,AEA,EN,Federal Contract Tower,0,0,7,0,7,0,0,15,0,15,0,0,22,0,22,28,0,28,50
01/11/2009,HGR,MD,AEA,EN,Federal Contract Tower,0,0,12,0,12,0,6,5,0,11,0,6,17,0,23,2,0,2,25
01/12/2009,HGR,MD,AEA,EN,Federal Contract Tower,2,0,15,0,17,0,0,53,0,53,2,0,68,0,70,38,0,38,108
01/13/2009,HGR,MD,AEA,EN,Federal Contract Tower,0,0,9,0,9,0,6,67,21,94,0,6,76,21,103,36,4,40,143
01/14/2009,HGR,MD,AEA,EN,Federal Contract Tower,0,0,9,0,9,0,4,57,10,71,0,4,66,10,80,42,0,42,122
01/15/2009,HGR,MD,AEA,EN,Federal Contract Tower,0,0,6,0,6,0,4,27,12,43,0,4,33,12,49,0,0,0,49
01/16/2009,HGR,MD,AEA,EN,Federal Contract Tower,2,0,12,0,14,0,4,40,2,46,2,4,52,2,60,14,0,14,74
01/17/2009,HGR,MD,AEA,EN,Federal Contract Tower,0,0,23,0,23,0,9,111,6,126,0,9,134,6,149,20,0,20,169
01/18/2009,HGR,MD,AEA,EN,Federal Contract Tower,0,0,0,0,0,0,0,32,2,34,0,0,32,2,34,144,0,144,178
01/19/2009,HGR,MD,AEA,EN,Federal Contract Tower,2,0,13,0,15,0,0,2,0,2,2,0,15,0,17,0,0,0,17
01/20/2009,HGR,MD,AEA,EN,Federal Contract Tower,0,0,12,0,12,0,4,17,6,27,0,4,29,6,39,0,0,0,39
01/21/2009,HGR,MD,AEA,EN,Federal Contract Tower,0,2,14,0,16,0,8,82,12,102,0,10,96,12,118,38,0,38,156
01/22/2009,HGR,MD,AEA,EN,Federal Contract Tower,0,1,12,0,13,0,12,108,13,133,0,13,120,13,146,82,0,82,228
01/23/2009,HGR,MD,AEA,EN,Federal Contract Tower,2,0,22,0,24,0,9,125,16,150,2,9,147,16,174,154,0,154,328
01/24/2009,HGR,MD,AEA,EN,Federal Contract Tower,0,0,1,0,1,0,1,14,0,15,0,1,15,0,16,10,0,10,26
01/25/2009,HGR,MD,AEA,EN,Federal Contract Tower,0,0,8,0,8,0,1,67,1,69,0,1,75,1,77,162,0,162,239
01/26/2009,HGR,MD,AEA,EN,Federal Contract Tower,2,0,11,0,13,0,3,45,0,48,2,3,56,0,61,52,0,52,113
01/27/2009,HGR,MD,AEA,EN,Federal Contract Tower,0,0,3,0,3,0,0,2,0,2,0,0,5,0,5,0,0,0,5
01/28/2009,HGR,MD,AEA,EN,Federal Contract Tower,0,0,0,0,0,0,0,0,0,0,0,0,0,0,0,0,0,0,0
01/29/2009,HGR,MD,AEA,EN,Federal Contract Tower,0,14,3,17,34,0,4,38,16,58,0,18,41,33,92,18,0,18,110
01/30/2009,HGR,MD,AEA,EN,Federal Contract Tower,2,0,7,0,9,0,1,38,0,39,2,1,45,0,48,30,0,30,78
01/31/2009,HGR,MD,AEA,EN,Federal Contract Tower,0,2,2,0,4,0,2,54,3,59,0,4,56,3,63,88,8,96,159
02/01/2009,HGR,MD,AEA,EN,Federal Contract Tower,0,0,9,0,9,0,6,83,0,89,0,6,92,0,98,120,0,120,218
02/02/2009,HGR,MD,AEA,EN,Federal Contract Tower,2,3,4,2,11,0,0,35,23,58,2,3,39,25,69,10,8,18,87
02/03/2009,HGR,MD,AEA,EN,Federal Contract Tower,0,0,7,0,7,0,4,34,25,63,0,4,41,25,70,22,6,28,98
02/04/2009,HGR,MD,AEA,EN,Federal Contract Tower,0,1,10,2,13,0,14,48,26,88,0,15,58,28,101,42,0,42,143
02/05/2009,HGR,MD,AEA,EN,Federal Contract Tower,0,1,18,5,24,0,5,48,34,87,0,6,66,39,111,22,0,22,133
02/06/2009,HGR,MD,AEA,EN,Federal Contract Tower,2,0,8,1,11,0,3,110,4,117,2,3,118,5,128,150,0,150,278
02/07/2009,HGR,MD,AEA,EN,Federal Contract Tower,0,1,10,1,12,0,7,105,1,113,0,8,115,2,125,128,0,128,253
02/08/2009,HGR,MD,AEA,EN,Federal Contract Tower,0,0,12,1,13,0,2,33,4,39,0,2,45,5,52,0,0,0,52
02/09/2009,HGR,MD,AEA,EN,Federal Contract Tower,2,0,14,0,16,0,7,85,9,101,2,7,99,9,117,108,0,108,225
02/10/2009,HGR,MD,AEA,EN,Federal Contract Tower,0,0,6,3,9,0,1,11,1,13,0,1,17,4,22,10,0,10,32
02/11/2009,HGR,MD,AEA,EN,Federal Contract Tower,0,2,8,7,17,0,3,68,30,101,0,5,76,37,118,56,16,72,190
02/12/2009,HGR,MD,AEA,EN,Federal Contract Tower,0,0,9,1,10,0,0,0,0,0,0,0,9,1,10,0,0,0,10
02/13/2009,HGR,MD,AEA,EN,Federal Contract Tower,0,0,16,3,19,0,5,37,1,43,0,5,53,4,62,8,0,8,70
02/14/2009,HGR,MD,AEA,EN,Federal Contract Tower,0,0,2,3,5,0,2,58,33,93,0,2,60,36,98,120,0,120,218
02/15/2009,HGR,MD,AEA,EN,Federal Contract Tower,0,0,11,0,11,0,0,51,2,53,0,0,62,2,64,72,2,74,138
02/16/2009,HGR,MD,AEA,EN,Federal Contract Tower,2,0,12,0,14,0,5,49,1,55,2,5,61,1,69,62,0,62,131
02/17/2009,HGR,MD,AEA,EN,Federal Contract Tower,0,0,8,0,8,0,4,98,8,110,0,4,106,8,118,90,0,90,208
02/18/2009,HGR,MD,AEA,EN,Federal Contract Tower,0,0,4,0,4,0,0,0,0,0,0,0,4,0,4,0,0,0,4
02/19/2009,HGR,MD,AEA,EN,Federal Contract Tower,0,1,2,2,5,0,2,4,2,8,0,3,6,4,13,0,0,0,13
02/20/2009,HGR,MD,AEA,EN,Federal Contract Tower,2,1,12,0,15,0,4,14,8,26,2,5,26,8,41,0,0,0,41
02/21/2009,HGR,MD,AEA,EN,Federal Contract Tower,0,1,7,0,8,0,0,83,7,90,0,1,90,7,98,40,0,40,138
02/22/2009,HGR,MD,AEA,EN,Federal Contract Tower,0,1,4,0,5,0,3,9,0,12,0,4,13,0,17,4,0,4,21
02/23/2009,HGR,MD,AEA,EN,Federal Contract Tower,2,0,12,3,17,0,5,8,6,19,2,5,20,9,36,0,0,0,36
02/24/2009,HGR,MD,AEA,EN,Federal Contract Tower,0,0,11,1,12,0,3,80,11,94,0,3,91,12,106,22,10,32,138
02/25/2009,HGR,MD,AEA,EN,Federal Contract Tower,0,0,9,2,11,0,7,72,9,88,0,7,81,11,99,42,0,42,141
02/26/2009,HGR,MD,AEA,EN,Federal Contract Tower,0,2,12,0,14,0,1,85,17,103,0,3,97,17,117,98,2,100,217
02/27/2009,HGR,MD,AEA,EN,Federal Contract Tower,2,0,11,2,15,0,1,20,4,25,2,1,31,6,40,16,0,16,56
02/28/2009,HGR,MD,AEA,EN,Federal Contract Tower,0,0,10,0,10,0,0,78,4,82,0,0,88,4,92,114,2,116,208
03/01/2009,HGR,MD,AEA,EN,Federal Contract Tower,0,0,3,0,3,0,0,13,0,13,0,0,16,0,16,22,0,22,38
03/02/2009,HGR,MD,AEA,EN,Federal Contract Tower,2,0,5,0,7,0,4,0,0,4,2,4,5,0,11,0,0,0,11
03/03/2009,HGR,MD,AEA,EN,Federal Contract Tower,0,2,19,0,21,0,5,27,2,34,0,7,46,2,55,2,0,2,57
03/04/2009,HGR,MD,AEA,EN,Federal Contract Tower,0,0,5,0,5,0,3,75,20,98,0,3,80,20,103,42,6,48,151
03/05/2009,HGR,MD,AEA,EN,Federal Contract Tower,0,0,13,3,16,0,7,106,11,124,0,7,119,14,140,38,2,40,180
03/06/2009,HGR,MD,AEA,EN,Federal Contract Tower,2,0,17,3,22,0,0,65,7,72,2,0,82,10,94,36,8,44,138
03/07/2009,HGR,MD,AEA,EN,Federal Contract Tower,0,3,10,2,15,0,6,90,13,109,0,9,100,15,124,50,18,68,192
03/08/2009,HGR,MD,AEA,EN,Federal Contract Tower,0,0,5,2,7,0,1,33,0,34,0,1,38,2,41,96,0,96,137
03/09/2009,HGR,MD,AEA,EN,Federal Contract Tower,2,0,12,4,18,0,0,18,3,21,2,0,30,7,39,22,10,32,71
03/10/2009,HGR,MD,AEA,EN,Federal Contract Tower,0,0,18,9,27,0,4,55,8,67,0,4,73,17,94,44,0,44,138
03/11/2009,HGR,MD,AEA,EN,Federal Contract Tower,0,0,10,0,10,0,2,51,9,62,0,2,61,9,72,4,0,4,76
03/12/2009,HGR,MD,AEA,EN,Federal Contract Tower,0,0,13,2,15,0,0,76,9,85,0,0,89,11,100,20,0,20,120
03/13/2009,HGR,MD,AEA,EN,Federal Contract Tower,2,1,15,3,21,0,6,60,6,72,2,7,75,9,93,54,0,54,147
03/14/2009,HGR,MD,AEA,EN,Federal Contract Tower,0,0,8,6,14,0,6,37,0,43,0,6,45,6,57,46,0,46,103
03/15/2009,HGR,MD,AEA,EN,Federal Contract Tower,0,0,5,0,5,0,0,0,0,0,0,0,5,0,5,0,0,0,5
03/16/2009,HGR,MD,AEA,EN,Federal Contract Tower,2,0,27,4,33,0,0,0,0,0,2,0,27,4,33,8,0,8,41
03/17/2009,HGR,MD,AEA,EN,Federal Contract Tower,0,4,14,7,25,0,2,24,4,30,0,6,38,11,55,30,36,66,121
03/18/2009,HGR,MD,AEA,EN,Federal Contract Tower,0,0,15,0,15,0,3,62,9,74,0,3,77,9,89,36,0,36,125
03/19/2009,HGR,MD,AEA,EN,Federal Contract Tower,0,0,12,2,14,0,0,57,27,84,0,0,69,29,98,80,36,116,214
03/20/2009,HGR,MD,AEA,EN,Federal Contract Tower,2,1,11,7,21,0,3,68,20,91,2,4,79,27,112,52,0,52,164
03/21/2009,HGR,MD,AEA,EN,Federal Contract Tower,0,0,5,1,6,0,4,75,2,81,0,4,80,3,87,60,0,60,147
03/22/2009,HGR,MD,AEA,EN,Federal Contract Tower,0,0,13,1,14,0,0,90,1,91,0,0,103,2,105,108,0,108,213
03/23/2009,HGR,MD,AEA,EN,Federal Contract Tower,2,0,18,4,24,0,0,74,26,100,2,0,92,30,124,40,22,62,186
03/24/2009,HGR,MD,AEA,EN,Federal Contract Tower,0,6,17,2,25,0,5,105,41,151,0,11,122,43,176,44,66,110,286
03/25/2009,HGR,MD,AEA,EN,Federal Contract Tower,0,8,18,0,26,0,2,52,25,79,0,10,70,25,105,10,2,12,117
03/26/2009,HGR,MD,AEA,EN,Federal Contract Tower,0,4,9,10,23,0,0,0,0,0,0,4,9,10,23,0,0,0,23
03/27/2009,HGR,MD,AEA,EN,Federal Contract Tower,2,9,17,9,37,0,1,89,20,110,2,10,106,29,147,58,20,78,225
03/28/2009,HGR,MD,AEA,EN,Federal Contract Tower,0,7,4,3,14,0,0,0,0,0,0,7,4,3,14,0,0,0,14
03/29/2009,HGR,MD,AEA,EN,Federal Contract Tower,0,16,8,1,25,0,0,4,0,4,0,16,12,1,29,10,0,10,39
03/30/2009,HGR,MD,AEA,EN,Federal Contract Tower,2,7,12,7,28,0,2,48,17,67,2,9,60,24,95,14,60,74,169
03/31/2009,HGR,MD,AEA,EN,Federal Contract Tower,0,7,22,4,33,0,4,99,34,137,0,11,121,38,170,110,4,114,284
04/01/2009,HGR,MD,AEA,EN,Federal Contract Tower,0,7,26,10,43,0,0,2,2,4,0,7,28,12,47,0,0,0,47
04/02/2009,HGR,MD,AEA,EN,Federal Contract Tower,0,8,13,8,29,0,0,53,25,78,0,8,66,33,107,40,24,64,171
04/03/2009,HGR,MD,AEA,EN,Federal Contract Tower,0,10,9,0,19,0,0,7,0,7,0,10,16,0,26,8,0,8,34
04/04/2009,HGR,MD,AEA,EN,Federal Contract Tower,0,8,6,5,19,0,6,5,17,28,0,14,11,22,47,2,80,82,129
04/05/2009,HGR,MD,AEA,EN,Federal Contract Tower,0,5,9,3,17,0,3,143,14,160,0,8,152,17,177,208,40,248,425
04/06/2009,HGR,MD,AEA,EN,Federal Contract Tower,2,7,16,10,35,0,5,18,7,30,2,12,34,17,65,6,18,24,89
04/07/2009,HGR,MD,AEA,EN,Federal Contract Tower,1,10,10,4,25,0,10,29,9,48,1,20,39,13,73,0,20,20,93
04/08/2009,HGR,MD,AEA,EN,Federal Contract Tower,0,7,17,1,25,0,3,76,15,94,0,10,93,16,119,16,0,16,135
04/09/2009,HGR,MD,AEA,EN,Federal Contract Tower,0,9,20,7,36,0,3,113,24,140,0,12,133,31,176,74,26,100,276
04/10/2009,HGR,MD,AEA,EN,Federal Contract Tower,3,8,19,10,40,0,4,66,19,89,3,12,85,29,129,82,46,128,257
04/11/2009,HGR,MD,AEA,EN,Federal Contract Tower,0,9,13,9,31,0,0,16,1,17,0,9,29,10,48,46,0,46,94
04/12/2009,HGR,MD,AEA,EN,Federal Contract Tower,0,8,12,0,20,0,3,12,1,16,0,11,24,1,36,6,2,8,44
04/13/2009,HGR,MD,AEA,EN,Federal Contract Tower,2,7,22,7,38,0,3,122,30,155,2,10,144,37,193,116,22,138,331
04/14/2009,HGR,MD,AEA,EN,Federal Contract Tower,0,7,9,23,39,0,0,5,0,5,0,7,14,23,44,8,0,8,52
04/15/2009,HGR,MD,AEA,EN,Federal Contract Tower,0,7,27,18,52,0,0,0,0,0,0,7,27,18,52,0,0,0,52
04/16/2009,HGR,MD,AEA,EN,Federal Contract Tower,0,10,11,17,38,0,5,89,36,130,0,15,100,53,168,142,50,192,360
04/17/2009,HGR,MD,AEA,EN,Federal Contract Tower,2,7,19,14,42,0,8,131,41,180,2,15,150,55,222,186,92,278,500
04/18/2009,HGR,MD,AEA,EN,Federal Contract Tower,0,8,7,9,24,0,3,116,27,146,0,11,123,36,170,124,112,236,406
04/19/2009,HGR,MD,AEA,EN,Federal Contract Tower,0,7,10,7,24,0,3,59,2,64,0,10,69,9,88,20,8,28,116
04/20/2009,HGR,MD,AEA,EN,Federal Contract Tower,2,6,10,4,22,0,5,0,0,5,2,11,10,4,27,0,0,0,27
04/21/2009,HGR,MD,AEA,EN,Federal Contract Tower,0,8,5,12,25,0,0,36,64,100,0,8,41,76,125,0,0,0,125
04/22/2009,HGR,MD,AEA,EN,Federal Contract Tower,0,7,2,11,20,0,4,57,18,79,0,11,59,29,99,0,18,18,117
04/23/2009,HGR,MD,AEA,EN,Federal Contract Tower,0,7,12,7,26,0,13,56,33,102,0,20,68,40,128,30,44,74,202
04/24/2009,HGR,MD,AEA,EN,Federal Contract Tower,2,8,10,11,31,0,8,97,53,158,2,16,107,64,189,120,126,246,435
04/25/2009,HGR,MD,AEA,EN,Federal Contract Tower,0,8,17,6,31,0,12,92,18,122,0,20,109,24,153,130,56,186,339
04/26/2009,HGR,MD,AEA,EN,Federal Contract Tower,0,9,14,4,27,0,1,88,22,111,0,10,102,26,138,88,86,174,312
04/27/2009,HGR,MD,AEA,EN,Federal Contract Tower,2,8,5,2,17,0,4,70,25,99,2,12,75,27,116,10,122,132,248
04/28/2009,HGR,MD,AEA,EN,Federal Contract Tower,0,11,14,4,29,0,9,96,43,148,0,20,110,47,177,48,50,98,275
04/29/2009,HGR,MD,AEA,EN,Federal Contract Tower,0,11,10,20,41,0,3,21,31,55,0,14,31,51,96,8,36,44,140
04/30/2009,HGR,MD,AEA,EN,Federal Contract Tower,1,9,19,20,49,0,5,29,9,43,1,14,48,29,92,36,8,44,136
05/01/2009,HGR,MD,AEA,EN,Federal Contract Tower,2,7,19,12,40,0,3,15,7,25,2,10,34,19,65,24,46,70,135
05/02/2009,HGR,MD,AEA,EN,Federal Contract Tower,0,3,8,14,25,0,8,41,14,63,0,11,49,28,88,42,36,78,166
05/03/2009,HGR,MD,AEA,EN,Federal Contract Tower,0,6,14,14,34,0,0,0,0,0,0,6,14,14,34,0,0,0,34
05/04/2009,HGR,MD,AEA,EN,Federal Contract Tower,2,4,9,2,17,0,0,0,0,0,2,4,9,2,17,0,0,0,17
05/05/2009,HGR,MD,AEA,EN,Federal Contract Tower,0,8,19,18,45,0,16,34,8,58,0,24,53,26,103,10,0,10,113
05/06/2009,HGR,MD,AEA,EN,Federal Contract Tower,0,7,15,18,40,0,0,22,5,27,0,7,37,23,67,34,0,34,101
05/07/2009,HGR,MD,AEA,EN,Federal Contract Tower,0,10,13,10,33,0,7,22,9,38,0,17,35,19,71,78,8,86,157
05/08/2009,HGR,MD,AEA,EN,Federal Contract Tower,2,6,21,9,38,0,6,62,28,96,2,12,83,37,134,72,88,160,294
05/09/2009,HGR,MD,AEA,EN,Federal Contract Tower,0,5,7,6,18,0,7,54,18,79,0,12,61,24,97,54,52,106,203
05/10/2009,HGR,MD,AEA,EN,Federal Contract Tower,0,3,14,0,17,0,5,34,0,39,0,8,48,0,56,62,0,62,118
05/11/2009,HGR,MD,AEA,EN,Federal Contract Tower,2,7,8,9,26,0,5,34,34,73,2,12,42,43,99,38,92,130,229
05/12/2009,HGR,MD,AEA,EN,Federal Contract Tower,0,4,22,3,29,0,9,120,36,165,0,13,142,39,194,102,0,102,296
05/13/2009,HGR,MD,AEA,EN,Federal Contract Tower,0,5,18,10,33,0,13,115,50,178,0,18,133,60,211,38,58,96,307
05/14/2009,HGR,MD,AEA,EN,Federal Contract Tower,0,6,18,8,32,0,0,17,26,43,0,6,35,34,75,0,6,6,81
05/15/2009,HGR,MD,AEA,EN,Federal Contract Tower,2,3,19,11,35,0,5,56,29,90,2,8,75,40,125,60,118,178,303
05/16/2009,HGR,MD,AEA,EN,Federal Contract Tower,0,6,10,5,21,0,4,3,6,13,0,10,13,11,34,0,20,20,54
05/17/2009,HGR,MD,AEA,EN,Federal Contract Tower,0,11,8,0,19,0,1,27,2,30,0,12,35,2,49,24,0,24,73
05/18/2009,HGR,MD,AEA,EN,Federal Contract Tower,2,7,11,4,24,0,3,73,23,99,2,10,84,27,123,94,90,184,307
05/19/2009,HGR,MD,AEA,EN,Federal Contract Tower,0,6,12,9,27,0,5,111,51,167,0,11,123,60,194,98,44,142,336
05/20/2009,HGR,MD,AEA,EN,Federal Contract Tower,0,8,17,7,32,0,4,124,47,175,0,12,141,54,207,96,14,110,317
05/21/2009,HGR,MD,AEA,EN,Federal Contract Tower,0,8,9,10,27,0,2,77,43,122,0,10,86,53,149,62,58,120,269
05/22/2009,HGR,MD,AEA,EN,Federal Contract Tower,2,10,20,16,48,0,6,115,27,148,2,16,135,43,196,158,18,176,372
05/23/2009,HGR,MD,AEA,EN,Federal Contract Tower,0,7,8,11,26,0,10,69,5,84,0,17,77,16,110,122,10,132,242
05/24/2009,HGR,MD,AEA,EN,Federal Contract Tower,0,7,10,5,22,0,1,42,4,47,0,8,52,9,69,76,0,76,145
05/25/2009,HGR,MD,AEA,EN,Federal Contract Tower,2,7,8,4,21,0,1,27,2,30,2,8,35,6,51,0,0,0,51
05/26/2009,HGR,MD,AEA,EN,Federal Contract Tower,0,9,27,17,53,0,0,0,0,0,0,9,27,17,53,0,0,0,53
05/27/2009,HGR,MD,AEA,EN,Federal Contract Tower,0,7,13,16,36,0,2,2,0,4,0,9,15,16,40,4,0,4,44
05/28/2009,HGR,MD,AEA,EN,Federal Contract Tower,0,10,13,19,42,0,2,6,7,15,0,12,19,26,57,6,0,6,63
05/29/2009,HGR,MD,AEA,EN,Federal Contract Tower,2,9,16,15,42,0,0,34,10,44,2,9,50,25,86,6,4,10,96
05/30/2009,HGR,MD,AEA,EN,Federal Contract Tower,0,8,7,9,24,0,7,57,2,66,0,15,64,11,90,18,34,52,142
05/31/2009,HGR,MD,AEA,EN,Federal Contract Tower,0,8,11,4,23,0,2,92,13,107,0,10,103,17,130,98,48,146,276
06/01/2009,HGR,MD,AEA,EN,Federal Contract Tower,2,7,15,7,31,0,2,116,36,154,2,9,131,43,185,82,50,132,317
06/02/2009,HGR,MD,AEA,EN,Federal Contract Tower,0,5,14,17,36,0,7,68,22,97,0,12,82,39,133,42,32,74,207
06/03/2009,HGR,MD,AEA,EN,Federal Contract Tower,0,9,12,19,40,0,5,42,43,90,0,14,54,62,130,76,40,116,246
06/04/2009,HGR,MD,AEA,EN,Federal Contract Tower,0,7,19,18,44,0,0,1,0,1,0,7,20,18,45,0,0,0,45
06/05/2009,HGR,MD,AEA,EN,Federal Contract Tower,2,8,13,15,38,0,0,0,0,0,2,8,13,15,38,0,0,0,38
06/06/2009,HGR,MD,AEA,EN,Federal Contract Tower,0,8,23,13,44,0,9,79,10,98,0,17,102,23,142,94,16,110,252
06/07/2009,HGR,MD,AEA,EN,Federal Contract Tower,0,6,18,12,36,0,6,114,23,143,0,12,132,35,179,108,52,160,339
06/08/2009,HGR,MD,AEA,EN,Federal Contract Tower,2,8,17,13,40,0,6,70,20,96,2,14,87,33,136,86,34,120,256
06/09/2009,HGR,MD,AEA,EN,Federal Contract Tower,0,9,9,15,33,0,8,25,22,55,0,17,34,37,88,10,38,48,136
06/10/2009,HGR,MD,AEA,EN,Federal Contract Tower,0,10,15,12,37,0,8,71,51,130,0,18,86,63,167,48,0,48,215
06/11/2009,HGR,MD,AEA,EN,Federal Contract Tower,0,7,9,20,36,0,0,1,3,4,0,7,10,23,40,0,0,0,40
06/12/2009,HGR,MD,AEA,EN,Federal Contract Tower,2,12,25,11,50,0,9,53,13,75,2,21,78,24,125,2,0,2,127
06/13/2009,HGR,MD,AEA,EN,Federal Contract Tower,0,10,11,2,23,0,12,87,11,110,0,22,98,13,133,108,0,108,241
06/14/2009,HGR,MD,AEA,EN,Federal Contract Tower,0,7,10,2,19,0,8,126,9,143,0,15,136,11,162,90,10,100,262
06/15/2009,HGR,MD,AEA,EN,Federal Contract Tower,2,7,11,6,26,0,2,61,3,66,2,9,72,9,92,48,0,48,140
06/16/2009,HGR,MD,AEA,EN,Federal Contract Tower,0,10,12,11,33,0,13,24,2,39,0,23,36,13,72,4,0,4,76
06/17/2009,HGR,MD,AEA,EN,Federal Contract Tower,0,14,12,15,41,0,2,2,0,4,0,16,14,15,45,0,0,0,45
06/18/2009,HGR,MD,AEA,EN,Federal Contract Tower,0,9,15,15,39,0,1,19,10,30,0,10,34,25,69,0,16,16,85
06/19/2009,HGR,MD,AEA,EN,Federal Contract Tower,2,8,14,11,35,0,2,2,0,4,2,10,16,11,39,12,0,12,51
06/20/2009,HGR,MD,AEA,EN,Federal Contract Tower,0,10,10,1,21,0,0,6,13,19,0,10,16,14,40,4,0,4,44
06/21/2009,HGR,MD,AEA,EN,Federal Contract Tower,0,5,10,0,15,0,2,21,0,23,0,7,31,0,38,62,0,62,100
06/22/2009,HGR,MD,AEA,EN,Federal Contract Tower,2,8,14,8,32,0,7,82,2,91,2,15,96,10,123,10,46,56,179
06/23/2009,HGR,MD,AEA,EN,Federal Contract Tower,0,9,19,10,38,0,15,114,18,147,0,24,133,28,185,98,26,124,309
06/24/2009,HGR,MD,AEA,EN,Federal Contract Tower,0,8,10,4,22,0,1,115,15,131,0,9,125,19,153,160,8,168,321
06/25/2009,HGR,MD,AEA,EN,Federal Contract Tower,0,7,12,4,23,0,5,82,17,104,0,12,94,21,127,50,2,52,179
06/26/2009,HGR,MD,AEA,EN,Federal Contract Tower,2,7,11,8,28,0,4,46,9,59,2,11,57,17,87,32,0,32,119
06/27/2009,HGR,MD,AEA,EN,Federal Contract Tower,0,9,9,3,21,0,16,81,19,116,0,25,90,22,137,122,0,122,259
06/28/2009,HGR,MD,AEA,EN,Federal Contract Tower,0,8,12,2,22,0,3,47,9,59,0,11,59,11,81,62,0,62,143
06/29/2009,HGR,MD,AEA,EN,Federal Contract Tower,2,6,13,8,29,0,5,101,29,135,2,11,114,37,164,114,14,128,292
06/30/2009,HGR,MD,AEA,EN,Federal Contract Tower,0,8,10,9,27,0,14,79,36,129,0,22,89,45,156,130,12,142,298
07/01/2009,HGR,MD,AEA,EN,Federal Contract Tower,0,6,8,9,23,0,7,78,33,118,0,13,86,42,141,26,12,38,179
07/02/2009,HGR,MD,AEA,EN,Federal Contract Tower,0,9,7,11,27,0,6,66,21,93,0,15,73,32,120,22,6,28,148
07/03/2009,HGR,MD,AEA,EN,Federal Contract Tower,2,10,5,7,24,0,2,10,3,15,2,12,15,10,39,32,6,38,77
07/04/2009,HGR,MD,AEA,EN,Federal Contract Tower,0,6,2,0,8,0,4,63,3,70,0,10,65,3,78,34,0,34,112
07/05/2009,HGR,MD,AEA,EN,Federal Contract Tower,0,8,11,3,22,0,11,56,0,67,0,19,67,3,89,45,0,45,134
07/06/2009,HGR,MD,AEA,EN,Federal Contract Tower,2,8,13,4,27,0,3,63,16,82,2,11,76,20,109,52,0,52,161
07/07/2009,HGR,MD,AEA,EN,Federal Contract Tower,0,7,18,14,39,0,0,97,32,129,0,7,115,46,168,114,6,120,288
07/08/2009,HGR,MD,AEA,EN,Federal Contract Tower,0,7,12,4,23,0,10,113,38,161,0,17,125,42,184,48,28,76,260
07/09/2009,HGR,MD,AEA,EN,Federal Contract Tower,0,8,7,7,22,0,0,84,36,120,0,8,91,43,142,74,32,106,248
07/10/2009,HGR,MD,AEA,EN,Federal Contract Tower,0,0,0,0,0,0,6,74,31,111,0,6,74,31,111,102,32,134,245
07/11/2009,HGR,MD,AEA,EN,Federal Contract Tower,0,8,3,6,17,0,3,62,19,84,0,11,65,25,101,164,10,174,275
07/12/2009,HGR,MD,AEA,EN,Federal Contract Tower,0,9,14,4,27,0,4,73,25,102,0,13,87,29,129,36,30,66,195
07/13/2009,HGR,MD,AEA,EN,Federal Contract Tower,3,7,9,5,24,0,2,67,7,76,3,9,76,12,100,34,14,48,148
07/14/2009,HGR,MD,AEA,EN,Federal Contract Tower,0,9,19,6,34,0,2,63,31,96,0,11,82,37,130,106,40,146,276
07/15/2009,HGR,MD,AEA,EN,Federal Contract Tower,0,7,11,9,27,0,10,97,28,135,0,17,108,37,162,42,16,58,220
07/16/2009,HGR,MD,AEA,EN,Federal Contract Tower,0,8,9,5,22,0,1,40,30,71,0,9,49,35,93,6,28,34,127
07/17/2009,HGR,MD,AEA,EN,Federal Contract Tower,2,10,15,4,31,0,0,51,16,67,2,10,66,20,98,30,24,54,152
07/18/2009,HGR,MD,AEA,EN,Federal Contract Tower,0,8,10,4,22,0,0,6,89,95,0,8,16,93,117,66,34,100,217
07/19/2009,HGR,MD,AEA,EN,Federal Contract Tower,0,7,20,0,27,0,6,67,40,113,0,13,87,40,140,64,102,166,306
07/20/2009,HGR,MD,AEA,EN,Federal Contract Tower,2,8,8,9,27,0,4,51,45,100,2,12,59,54,127,40,218,258,385
07/21/2009,HGR,MD,AEA,EN,Federal Contract Tower,0,7,10,12,29,0,2,72,60,134,0,9,82,72,163,50,196,246,409
07/22/2009,HGR,MD,AEA,EN,Federal Contract Tower,0,8,18,22,48,0,3,17,37,57,0,11,35,59,105,8,88,96,201
07/23/2009,HGR,MD,AEA,EN,Federal Contract Tower,0,8,11,19,38,0,4,32,54,90,0,12,43,73,128,88,130,218,346
07/24/2009,HGR,MD,AEA,EN,Federal Contract Tower,2,7,35,3,47,0,9,60,32,101,2,16,95,35,148,28,18,46,194
07/25/2009,HGR,MD,AEA,EN,Federal Contract Tower,0,8,8,8,24,0,2,43,15,60,0,10,51,23,84,66,4,70,154
07/26/2009,HGR,MD,AEA,EN,Federal Contract Tower,0,10,10,8,28,0,1,24,6,31,0,11,34,14,59,6,0,6,65
07/27/2009,HGR,MD,AEA,EN,Federal Contract Tower,2,7,20,5,34,0,7,59,19,85,2,14,79,24,119,96,6,102,221
07/28/2009,HGR,MD,AEA,EN,Federal Contract Tower,0,8,20,3,31,0,1,75,23,99,0,9,95,26,130,72,2,74,204
07/29/2009,HGR,MD,AEA,EN,Federal Contract Tower,0,9,15,18,42,1,15,11,0,27,1,24,26,18,69,22,8,30,99
07/30/2009,HGR,MD,AEA,EN,Federal Contract Tower,0,7,22,7,36,10,103,39,0,152,10,110,61,7,188,48,0,48,236
07/31/2009,HGR,MD,AEA,EN,Federal Contract Tower,2,7,18,10,37,0,4,31,6,41,2,11,49,16,78,24,0,24,102
08/01/2009,HGR,MD,AEA,EN,Federal Contract Tower,0,9,19,6,34,0,6,49,6,61,0,15,68,12,95,50,0,50,145
08/02/2009,HGR,MD,AEA,EN,Federal Contract Tower,0,5,21,4,30,0,4,31,1,36,0,9,52,5,66,54,18,72,138
08/03/2009,HGR,MD,AEA,EN,Federal Contract Tower,2,8,22,10,42,0,1,64,9,74,2,9,86,19,116,26,0,26,142
08/04/2009,HGR,MD,AEA,EN,Federal Contract Tower,0,7,18,12,37,0,14,86,13,113,0,21,104,25,150,64,0,64,214
08/05/2009,HGR,MD,AEA,EN,Federal Contract Tower,0,7,21,13,41,0,8,78,26,112,0,15,99,39,153,92,22,114,267
08/06/2009,HGR,MD,AEA,EN,Federal Contract Tower,0,7,16,3,26,0,4,53,4,61,0,11,69,7,87,80,48,128,215
08/07/2009,HGR,MD,AEA,EN,Federal Contract Tower,2,11,17,11,41,0,10,100,24,134,2,21,117,35,175,82,8,90,265
08/08/2009,HGR,MD,AEA,EN,Federal Contract Tower,0,11,10,3,24,0,4,61,12,77,0,15,71,15,101,86,0,86,187
08/09/2009,HGR,MD,AEA,EN,Federal Contract Tower,0,6,15,6,27,0,2,32,14,48,0,8,47,20,75,42,0,42,117
08/10/2009,HGR,MD,AEA,EN,Federal Contract Tower,2,6,17,6,31,0,3,37,8,48,2,9,54,14,79,0,0,0,79
08/11/2009,HGR,MD,AEA,EN,Federal Contract Tower,0,7,12,6,25,0,2,51,15,68,0,9,63,21,93,20,4,24,117
08/12/2009,HGR,MD,AEA,EN,Federal Contract Tower,0,5,16,11,32,0,3,35,21,59,0,8,51,32,91,34,16,50,141
08/13/2009,HGR,MD,AEA,EN,Federal Contract Tower,0,8,16,7,31,0,9,68,15,92,0,17,84,22,123,72,6,78,201
08/14/2009,HGR,MD,AEA,EN,Federal Contract Tower,2,13,26,10,51,0,2,59,8,69,2,15,85,18,120,74,4,78,198
08/15/2009,HGR,MD,AEA,EN,Federal Contract Tower,0,7,12,1,20,0,8,101,24,133,0,15,113,25,153,72,8,80,233
08/16/2009,HGR,MD,AEA,EN,Federal Contract Tower,0,7,17,5,29,0,9,66,7,82,0,16,83,12,111,32,4,36,147
08/17/2009,HGR,MD,AEA,EN,Federal Contract Tower,0,7,17,10,34,0,9,69,20,98,0,16,86,30,132,42,0,42,174
08/18/2009,HGR,MD,AEA,EN,Federal Contract Tower,0,9,20,1,30,0,7,91,20,118,0,16,111,21,148,6,4,10,158
08/19/2009,HGR,MD,AEA,EN,Federal Contract Tower,0,7,31,1,39,0,5,59,35,99,0,12,90,36,138,28,26,54,192
08/20/2009,HGR,MD,AEA,EN,Federal Contract Tower,0,6,7,11,24,0,7,75,47,129,0,13,82,58,153,18,30,48,201
08/21/2009,HGR,MD,AEA,EN,Federal Contract Tower,0,7,21,11,39,0,4,55,23,82,0,11,76,34,121,18,62,80,201
08/22/2009,HGR,MD,AEA,EN,Federal Contract Tower,0,11,9,2,22,0,0,10,11,21,0,11,19,13,43,6,16,22,65
08/23/2009,HGR,MD,AEA,EN,Federal Contract Tower,0,9,13,0,22,0,7,75,11,93,0,16,88,11,115,18,10,28,143
08/24/2009,HGR,MD,AEA,EN,Federal Contract Tower,0,5,10,0,15,0,0,2,75,77,0,5,12,75,92,58,30,88,180
08/25/2009,HGR,MD,AEA,EN,Federal Contract Tower,0,6,24,5,35,0,5,91,23,119,0,11,115,28,154,86,20,106,260
08/26/2009,HGR,MD,AEA,EN,Federal Contract Tower,0,8,22,10,40,0,5,92,49,146,0,13,114,59,186,48,30,78,264
08/27/2009,HGR,MD,AEA,EN,Federal Contract Tower,0,7,13,8,28,0,5,64,23,92,0,12,77,31,120,18,4,22,142
08/28/2009,HGR,MD,AEA,EN,Federal Contract Tower,0,7,27,13,47,0,0,0,0,0,0,7,27,13,47,0,0,0,47
08/29/2009,HGR,MD,AEA,EN,Federal Contract Tower,0,6,6,7,19,0,2,20,2,24,0,8,26,9,43,22,0,22,65
08/30/2009,HGR,MD,AEA,EN,Federal Contract Tower,0,6,16,5,27,0,5,98,7,110,0,11,114,12,137,74,12,86,223
08/31/2009,HGR,MD,AEA,EN,Federal Contract Tower,0,7,22,4,33,0,1,63,15,79,0,8,85,19,112,78,10,88,200
09/01/2009,HGR,MD,AEA,EN,Federal Contract Tower,0,6,11,3,20,0,7,82,27,116,0,13,93,30,136,30,26,56,192
09/02/2009,HGR,MD,AEA,EN,Federal Contract Tower,0,7,17,0,24,0,3,96,42,141,0,10,113,42,165,38,18,56,221
09/03/2009,HGR,MD,AEA,EN,Federal Contract Tower,0,7,15,2,24,0,8,65,24,97,0,15,80,26,121,52,6,58,179
09/04/2009,HGR,MD,AEA,EN,Federal Contract Tower,0,7,29,1,37,0,6,93,25,124,0,13,122,26,161,56,2,58,219
09/05/2009,HGR,MD,AEA,EN,Federal Contract Tower,0,7,11,1,19,0,3,60,4,67,0,10,71,5,86,20,0,20,106
09/06/2009,HGR,MD,AEA,EN,Federal Contract Tower,0,7,11,1,19,0,2,58,3,63,0,9,69,4,82,28,0,28,110
09/07/2009,HGR,MD,AEA,EN,Federal Contract Tower,0,9,14,1,24,0,4,40,1,45,0,13,54,2,69,48,0,48,117
09/08/2009,HGR,MD,AEA,EN,Federal Contract Tower,0,8,18,16,42,0,2,19,7,28,0,10,37,23,70,0,0,0,70
09/09/2009,HGR,MD,AEA,EN,Federal Contract Tower,0,7,18,7,32,0,8,45,18,71,0,15,63,25,103,28,2,30,133
09/10/2009,HGR,MD,AEA,EN,Federal Contract Tower,0,7,13,10,30,0,5,43,20,68,0,12,56,30,98,20,10,30,128
09/11/2009,HGR,MD,AEA,EN,Federal Contract Tower,0,8,27,5,40,0,0,0,0,0,0,8,27,5,40,0,0,0,40
09/12/2009,HGR,MD,AEA,EN,Federal Contract Tower,0,8,18,5,31,0,2,17,5,24,0,10,35,10,55,36,0,36,91
09/13/2009,HGR,MD,AEA,EN,Federal Contract Tower,0,7,22,3,32,0,8,86,9,103,0,15,108,12,135,64,6,70,205
09/14/2009,HGR,MD,AEA,EN,Federal Contract Tower,0,7,8,0,15,0,25,84,20,129,0,32,92,20,144,16,16,32,176
09/15/2009,HGR,MD,AEA,EN,Federal Contract Tower,0,7,21,4,32,0,8,86,35,129,0,15,107,39,161,70,20,90,251
09/16/2009,HGR,MD,AEA,EN,Federal Contract Tower,0,9,12,14,35,0,10,34,26,70,0,19,46,40,105,0,34,34,139
09/17/2009,HGR,MD,AEA,EN,Federal Contract Tower,0,12,18,7,37,0,0,0,0,0,0,12,18,7,37,0,0,0,37
09/18/2009,HGR,MD,AEA,EN,Federal Contract Tower,0,8,25,11,44,0,7,46,12,65,0,15,71,23,109,44,58,102,211
09/19/2009,HGR,MD,AEA,EN,Federal Contract Tower,0,7,5,1,13,0,3,62,14,79,0,10,67,15,92,42,0,42,134
09/20/2009,HGR,MD,AEA,EN,Federal Contract Tower,0,6,8,1,15,0,4,60,11,75,0,10,68,12,90,50,26,76,166
09/21/2009,HGR,MD,AEA,EN,Federal Contract Tower,0,6,11,6,23,0,0,6,51,57,0,6,17,57,80,28,0,28,108
09/22/2009,HGR,MD,AEA,EN,Federal Contract Tower,0,8,18,6,32,0,2,11,8,21,0,10,29,14,53,0,0,0,53
09/23/2009,HGR,MD,AEA,EN,Federal Contract Tower,0,7,19,7,33,0,13,58,25,96,0,20,77,32,129,20,22,42,171
09/24/2009,HGR,MD,AEA,EN,Federal Contract Tower,0,7,11,7,25,0,1,60,13,74,0,8,71,20,99,94,6,100,199
09/25/2009,HGR,MD,AEA,EN,Federal Contract Tower,0,10,23,6,39,0,2,91,15,108,0,12,114,21,147,42,10,52,199
09/26/2009,HGR,MD,AEA,EN,Federal Contract Tower,0,7,10,0,17,0,0,6,0,6,0,7,16,0,23,12,0,12,35
09/27/2009,HGR,MD,AEA,EN,Federal Contract Tower,0,7,13,3,23,0,3,15,1,19,0,10,28,4,42,16,0,16,58
09/28/2009,HGR,MD,AEA,EN,Federal Contract Tower,0,7,7,1,15,0,5,56,3,64,0,12,63,4,79,0,0,0,79
09/29/2009,HGR,MD,AEA,EN,Federal Contract Tower,0,8,10,4,22,0,2,30,14,46,0,10,40,18,68,18,16,34,102
09/30/2009,HGR,MD,AEA,EN,Federal Contract Tower,0,10,24,3,37,0,7,68,18,93,0,17,92,21,130,48,0,48,178
10/01/2009,HGR,MD,AEA,EN,Federal Contract Tower,0,7,15,1,23,0,6,75,22,103,0,13,90,23,126,52,0,52,178
10/02/2009,HGR,MD,AEA,EN,Federal Contract Tower,0,5,10,7,22,0,1,29,7,37,0,6,39,14,59,10,0,10,69
10/03/2009,HGR,MD,AEA,EN,Federal Contract Tower,0,8,7,3,18,0,1,142,1,144,0,9,149,4,162,68,0,68,230
10/04/2009,HGR,MD,AEA,EN,Federal Contract Tower,0,6,9,4,19,0,4,138,0,142,0,10,147,4,161,22,0,22,183
10/05/2009,HGR,MD,AEA,EN,Federal Contract Tower,0,6,18,8,32,0,0,73,15,88,0,6,91,23,120,66,12,78,198
10/06/2009,HGR,MD,AEA,EN,Federal Contract Tower,0,6,18,5,29,0,3,59,7,69,0,9,77,12,98,50,16,66,164
10/07/2009,HGR,MD,AEA,EN,Federal Contract Tower,0,4,10,6,20,0,2,6,7,15,0,6,16,13,35,6,0,6,41
10/08/2009,HGR,MD,AEA,EN,Federal Contract Tower,0,7,13,16,36,0,7,69,24,100,0,14,82,40,136,12,32,44,180
10/09/2009,HGR,MD,AEA,EN,Federal Contract Tower,0,7,11,9,27,0,5,40,13,58,0,12,51,22,85,34,20,54,139
10/10/2009,HGR,MD,AEA,EN,Federal Contract Tower,0,10,7,8,25,0,2,24,1,27,0,12,31,9,52,10,6,16,68
10/11/2009,HGR,MD,AEA,EN,Federal Contract Tower,0,6,13,4,23,0,3,121,7,131,0,9,134,11,154,103,2,105,259
10/12/2009,HGR,MD,AEA,EN,Federal Contract Tower,0,5,10,2,17,0,3,77,0,80,0,8,87,2,97,62,0,62,159
10/13/2009,HGR,MD,AEA,EN,Federal Contract Tower,0,6,13,0,19,0,1,25,1,27,0,7,38,1,46,0,0,0,46
10/14/2009,HGR,MD,AEA,EN,Federal Contract Tower,0,8,8,1,17,0,6,30,2,38,0,14,38,3,55,10,0,10,65
10/15/2009,HGR,MD,AEA,EN,Federal Contract Tower,0,8,13,1,22,0,2,0,0,2,0,10,13,1,24,0,0,0,24
10/16/2009,HGR,MD,AEA,EN,Federal Contract Tower,0,6,17,0,23,0,0,0,0,0,0,6,17,0,23,0,0,0,23
10/17/2009,HGR,MD,AEA,EN,Federal Contract Tower,0,8,7,0,15,0,0,0,0,0,0,8,7,0,15,0,0,0,15
10/18/2009,HGR,MD,AEA,EN,Federal Contract Tower,0,7,6,1,14,0,4,12,0,16,0,11,18,1,30,2,18,20,50
10/19/2009,HGR,MD,AEA,EN,Federal Contract Tower,0,7,18,0,25,0,0,61,3,64,0,7,79,3,89,48,10,58,147
10/20/2009,HGR,MD,AEA,EN,Federal Contract Tower,0,6,10,0,16,0,2,53,3,58,0,8,63,3,74,22,0,22,96
10/21/2009,HGR,MD,AEA,EN,Federal Contract Tower,0,7,15,5,27,0,4,117,6,127,0,11,132,11,154,56,0,56,210
10/22/2009,HGR,MD,AEA,EN,Federal Contract Tower,0,6,6,1,13,0,2,52,5,59,0,8,58,6,72,12,0,12,84
10/23/2009,HGR,MD,AEA,EN,Federal Contract Tower,0,5,15,4,24,0,4,23,5,32,0,9,38,9,56,18,0,18,74
10/24/2009,HGR,MD,AEA,EN,Federal Contract Tower,0,6,3,0,9,0,1,0,0,1,0,7,3,0,10,0,0,0,10
10/25/2009,HGR,MD,AEA,EN,Federal Contract Tower,0,9,8,0,17,0,0,103,2,105,0,9,111,2,122,42,0,42,164
10/26/2009,HGR,MD,AEA,EN,Federal Contract Tower,0,8,11,1,20,0,13,65,2,80,0,21,76,3,100,38,0,38,138
10/27/2009,HGR,MD,AEA,EN,Federal Contract Tower,0,7,18,1,26,0,0,2,0,2,0,7,20,1,28,0,0,0,28
10/28/2009,HGR,MD,AEA,EN,Federal Contract Tower,0,7,9,3,19,0,1,23,0,24,0,8,32,3,43,8,0,8,51
10/29/2009,HGR,MD,AEA,EN,Federal Contract Tower,0,7,50,7,64,0,1,29,4,34,0,8,79,11,98,6,0,6,104
10/30/2009,HGR,MD,AEA,EN,Federal Contract Tower,1,6,33,0,40,0,2,0,0,2,1,8,33,0,42,10,0,10,52
10/31/2009,HGR,MD,AEA,EN,Federal Contract Tower,0,6,8,2,16,0,0,7,0,7,0,6,15,2,23,14,0,14,37
11/01/2009,HGR,MD,AEA,EN,Federal Contract Tower,0,5,3,0,8,0,4,57,0,61,0,9,60,0,69,84,0,84,153
11/02/2009,HGR,MD,AEA,EN,Federal Contract Tower,0,9,14,4,27,0,0,79,2,81,0,9,93,6,108,62,0,62,170
11/03/2009,HGR,MD,AEA,EN,Federal Contract Tower,1,8,8,3,20,0,1,32,16,49,1,9,40,19,69,12,0,12,81
11/04/2009,HGR,MD,AEA,EN,Federal Contract Tower,0,7,11,4,22,0,8,49,10,67,0,15,60,14,89,12,0,12,101
11/05/2009,HGR,MD,AEA,EN,Federal Contract Tower,0,8,18,4,30,0,0,41,12,53,0,8,59,16,83,30,0,30,113
11/06/2009,HGR,MD,AEA,EN,Federal Contract Tower,1,5,13,2,21,0,1,47,9,57,1,6,60,11,78,4,0,4,82
11/07/2009,HGR,MD,AEA,EN,Federal Contract Tower,0,6,9,0,15,0,3,72,4,79,0,9,81,4,94,20,0,20,114
11/08/2009,HGR,MD,AEA,EN,Federal Contract Tower,0,6,13,0,19,0,0,70,3,73,0,6,83,3,92,18,0,18,110
11/09/2009,HGR,MD,AEA,EN,Federal Contract Tower,1,6,13,0,20,0,2,86,2,90,1,8,99,2,110,72,0,72,182
11/10/2009,HGR,MD,AEA,EN,Federal Contract Tower,0,5,4,0,9,0,19,34,9,62,0,24,38,9,71,10,0,10,81
11/11/2009,HGR,MD,AEA,EN,Federal Contract Tower,0,13,17,1,31,0,9,28,10,47,0,22,45,11,78,34,0,34,112
11/12/2009,HGR,MD,AEA,EN,Federal Contract Tower,0,10,13,5,28,0,2,16,10,28,0,12,29,15,56,0,6,6,62
11/13/2009,HGR,MD,AEA,EN,Federal Contract Tower,1,8,11,1,21,0,0,8,4,12,1,8,19,5,33,0,8,8,41
11/14/2009,HGR,MD,AEA,EN,Federal Contract Tower,0,9,15,4,28,0,0,8,0,8,0,9,23,4,36,30,0,30,66
11/15/2009,HGR,MD,AEA,EN,Federal Contract Tower,0,5,5,0,10,0,7,57,10,74,0,12,62,10,84,48,22,70,154
11/16/2009,HGR,MD,AEA,EN,Federal Contract Tower,1,6,5,10,22,0,2,66,8,76,1,8,71,18,98,68,4,72,170
11/17/2009,HGR,MD,AEA,EN,Federal Contract Tower,0,5,3,2,10,0,4,51,8,63,0,9,54,10,73,18,0,18,91
11/18/2009,HGR,MD,AEA,EN,Federal Contract Tower,0,6,23,6,35,0,0,28,16,44,0,6,51,22,79,44,0,44,123
11/19/2009,HGR,MD,AEA,EN,Federal Contract Tower,0,6,16,0,22,0,0,0,1,1,0,6,16,1,23,0,2,2,25
11/20/2009,HGR,MD,AEA,EN,Federal Contract Tower,1,5,24,8,38,0,4,83,6,93,1,9,107,14,131,26,10,36,167
11/21/2009,HGR,MD,AEA,EN,Federal Contract Tower,0,6,13,0,19,0,9,83,3,95,0,15,96,3,114,18,0,18,132
11/22/2009,HGR,MD,AEA,EN,Federal Contract Tower,0,6,6,2,14,0,0,0,76,76,0,6,6,78,90,68,0,68,158
11/23/2009,HGR,MD,AEA,EN,Federal Contract Tower,1,5,14,6,26,0,25,10,2,37,1,30,24,8,63,8,0,8,71
11/24/2009,HGR,MD,AEA,EN,Federal Contract Tower,0,6,23,1,30,0,2,0,0,2,0,8,23,1,32,0,0,0,32
11/25/2009,HGR,MD,AEA,EN,Federal Contract Tower,0,5,28,3,36,0,2,45,0,47,0,7,73,3,83,36,0,36,119
11/26/2009,HGR,MD,AEA,EN,Federal Contract Tower,0,9,4,0,13,0,0,0,0,0,0,9,4,0,13,0,0,0,13
11/27/2009,HGR,MD,AEA,EN,Federal Contract Tower,1,5,6,0,12,0,2,6,0,8,1,7,12,0,20,0,0,0,20
11/28/2009,HGR,MD,AEA,EN,Federal Contract Tower,0,6,2,1,9,0,6,19,0,25,0,12,21,1,34,8,0,8,42
11/29/2009,HGR,MD,AEA,EN,Federal Contract Tower,0,5,12,0,17,0,2,101,0,103,0,7,113,0,120,54,0,54,174
11/30/2009,HGR,MD,AEA,EN,Federal Contract Tower,0,6,25,2,33,0,1,16,1,18,0,7,41,3,51,14,0,14,65
12/01/2009,HGR,MD,AEA,EN,Federal Contract Tower,0,6,8,5,19,0,4,40,4,48,0,10,48,9,67,18,0,18,85
12/02/2009,HGR,MD,AEA,EN,Federal Contract Tower,0,7,8,4,19,0,1,11,6,18,0,8,19,10,37,14,0,14,51
12/03/2009,HGR,MD,AEA,EN,Federal Contract Tower,0,6,27,3,36,0,1,18,13,32,0,7,45,16,68,10,0,10,78
12/04/2009,HGR,MD,AEA,EN,Federal Contract Tower,2,6,14,1,23,0,3,60,2,65,2,9,74,3,88,24,6,30,118
12/05/2009,HGR,MD,AEA,EN,Federal Contract Tower,0,6,1,0,7,0,1,0,0,1,0,7,1,0,8,0,0,0,8
12/06/2009,HGR,MD,AEA,EN,Federal Contract Tower,0,5,9,0,14,0,0,43,3,46,0,5,52,3,60,34,0,34,94
12/07/2009,HGR,MD,AEA,EN,Federal Contract Tower,1,8,10,7,26,0,3,26,41,70,1,11,36,48,96,34,0,34,130
12/08/2009,HGR,MD,AEA,EN,Federal Contract Tower,0,7,11,2,20,0,2,40,6,48,0,9,51,8,68,58,0,58,126
12/09/2009,HGR,MD,AEA,EN,Federal Contract Tower,0,6,7,2,15,0,1,1,0,2,0,7,8,2,17,0,0,0,17
12/10/2009,HGR,MD,AEA,EN,Federal Contract Tower,0,6,10,1,17,0,0,24,16,40,0,6,34,17,57,56,0,56,113
12/11/2009,HGR,MD,AEA,EN,Federal Contract Tower,1,6,13,10,30,0,8,31,16,55,1,14,44,26,85,10,6,16,101
12/12/2009,HGR,MD,AEA,EN,Federal Contract Tower,0,6,11,0,17,0,5,83,10,98,0,11,94,10,115,76,0,76,191
12/13/2009,HGR,MD,AEA,EN,Federal Contract Tower,0,5,6,0,11,0,0,0,0,0,0,5,6,0,11,0,0,0,11
12/14/2009,HGR,MD,AEA,EN,Federal Contract Tower,1,4,17,3,25,0,5,66,26,97,1,9,83,29,122,62,12,74,196
12/15/2009,HGR,MD,AEA,EN,Federal Contract Tower,0,6,15,7,28,0,0,30,17,47,0,6,45,24,75,0,6,6,81
12/16/2009,HGR,MD,AEA,EN,Federal Contract Tower,0,5,10,7,22,0,4,41,43,88,0,9,51,50,110,30,46,76,186
12/17/2009,HGR,MD,AEA,EN,Federal Contract Tower,0,7,13,4,24,0,4,62,33,99,0,11,75,37,123,6,60,66,189
12/18/2009,HGR,MD,AEA,EN,Federal Contract Tower,1,8,17,5,31,0,7,59,10,76,1,15,76,15,107,38,4,42,149
12/19/2009,HGR,MD,AEA,EN,Federal Contract Tower,0,0,0,0,0,0,0,0,0,0,0,0,0,0,0,0,0,0,0
12/20/2009,HGR,MD,AEA,EN,Federal Contract Tower,0,0,3,0,3,0,0,0,0,0,0,0,3,0,3,0,0,0,3
12/21/2009,HGR,MD,AEA,EN,Federal Contract Tower,1,6,14,2,23,0,2,21,1,24,1,8,35,3,47,0,0,0,47
12/22/2009,HGR,MD,AEA,EN,Federal Contract Tower,0,7,11,5,23,0,0,13,0,13,0,7,24,5,36,0,0,0,36
12/23/2009,HGR,MD,AEA,EN,Federal Contract Tower,0,6,10,5,21,0,5,45,4,54,0,11,55,9,75,12,0,12,87
12/24/2009,HGR,MD,AEA,EN,Federal Contract Tower,1,7,1,1,10,0,3,45,2,50,1,10,46,3,60,44,2,46,106
12/25/2009,HGR,MD,AEA,EN,Federal Contract Tower,0,5,0,0,5,0,0,0,0,0,0,5,0,0,5,0,0,0,5
12/26/2009,HGR,MD,AEA,EN,Federal Contract Tower,0,5,5,0,10,0,0,0,0,0,0,5,5,0,10,0,0,0,10
12/27/2009,HGR,MD,AEA,EN,Federal Contract Tower,0,6,5,1,12,0,9,54,3,66,0,15,59,4,78,36,0,36,114
12/28/2009,HGR,MD,AEA,EN,Federal Contract Tower,1,7,4,2,14,0,4,24,1,29,1,11,28,3,43,6,0,6,49
12/29/2009,HGR,MD,AEA,EN,Federal Contract Tower,0,8,3,0,11,0,0,1,0,1,0,8,4,0,12,0,0,0,12
12/30/2009,HGR,MD,AEA,EN,Federal Contract Tower,0,2,10,1,13,0,4,44,5,53,0,6,54,6,66,8,0,8,74
12/31/2009,HGR,MD,AEA,EN,Federal Contract Tower,1,8,2,0,11,0,3,2,0,5,1,11,4,0,16,20,0,20,36
01/01/2010,HGR,MD,AEA,EN,Federal Contract Tower,0,6,2,2,10,0,0,4,0,4,0,6,6,2,14,12,0,12,26
01/02/2010,HGR,MD,AEA,EN,Federal Contract Tower,0,7,1,0,8,0,2,0,0,2,0,9,1,0,10,0,0,0,10
01/03/2010,HGR,MD,AEA,EN,Federal Contract Tower,0,3,8,0,11,0,1,3,0,4,0,4,11,0,15,6,0,6,21
01/04/2010,HGR,MD,AEA,EN,Federal Contract Tower,1,10,8,3,22,0,4,28,0,32,1,14,36,3,54,8,0,8,62
01/05/2010,HGR,MD,AEA,EN,Federal Contract Tower,0,17,8,4,29,0,0,26,0,26,0,17,34,4,55,0,0,0,55
01/06/2010,HGR,MD,AEA,EN,Federal Contract Tower,0,6,6,9,21,0,3,4,8,15,0,9,10,17,36,0,0,0,36
01/07/2010,HGR,MD,AEA,EN,Federal Contract Tower,0,11,10,0,21,0,6,50,14,70,0,17,60,14,91,24,0,24,115
01/08/2010,HGR,MD,AEA,EN,Federal Contract Tower,1,6,14,8,29,0,2,17,3,22,1,8,31,11,51,2,10,12,63
01/09/2010,HGR,MD,AEA,EN,Federal Contract Tower,0,6,6,0,12,0,6,23,7,36,0,12,29,7,48,8,8,16,64
01/10/2010,HGR,MD,AEA,EN,Federal Contract Tower,0,4,11,1,16,0,0,38,9,47,0,4,49,10,63,46,18,64,127
01/11/2010,HGR,MD,AEA,EN,Federal Contract Tower,1,7,18,2,28,0,0,46,3,49,1,7,64,5,77,12,0,12,89
01/12/2010,HGR,MD,AEA,EN,Federal Contract Tower,0,6,7,1,14,0,5,27,5,37,0,11,34,6,51,8,2,10,61
01/13/2010,HGR,MD,AEA,EN,Federal Contract Tower,0,6,13,9,28,0,3,53,15,71,0,9,66,24,99,16,8,24,123
01/14/2010,HGR,MD,AEA,EN,Federal Contract Tower,0,6,15,6,27,0,0,69,21,90,0,6,84,27,117,54,78,132,249
01/15/2010,HGR,MD,AEA,EN,Federal Contract Tower,1,6,13,5,25,0,3,57,9,69,1,9,70,14,94,26,24,50,144
01/16/2010,HGR,MD,AEA,EN,Federal Contract Tower,0,7,8,0,15,0,1,70,2,73,0,8,78,2,88,76,0,76,164
01/17/2010,HGR,MD,AEA,EN,Federal Contract Tower,0,5,2,0,7,0,0,0,0,0,0,5,2,0,7,0,0,0,7
01/18/2010,HGR,MD,AEA,EN,Federal Contract Tower,1,6,16,1,24,0,1,78,11,90,1,7,94,12,114,90,12,102,216
01/19/2010,HGR,MD,AEA,EN,Federal Contract Tower,0,6,2,1,9,0,2,32,17,51,0,8,34,18,60,28,0,28,88
01/20/2010,HGR,MD,AEA,EN,Federal Contract Tower,0,6,13,0,19,0,4,87,20,111,0,10,100,20,130,14,2,16,146
01/21/2010,HGR,MD,AEA,EN,Federal Contract Tower,0,7,9,0,16,0,0,45,18,63,0,7,54,18,79,56,0,56,135
01/22/2010,HGR,MD,AEA,EN,Federal Contract Tower,1,7,5,0,13,0,6,11,0,17,1,13,16,0,30,28,0,28,58
01/23/2010,HGR,MD,AEA,EN,Federal Contract Tower,0,6,8,2,16,0,0,119,4,123,0,6,127,6,139,148,0,148,287
01/24/2010,HGR,MD,AEA,EN,Federal Contract Tower,0,6,4,0,10,0,0,2,0,2,0,6,6,0,12,6,0,6,18
01/25/2010,HGR,MD,AEA,EN,Federal Contract Tower,1,8,7,1,17,0,2,7,11,20,1,10,14,12,37,0,0,0,37
01/26/2010,HGR,MD,AEA,EN,Federal Contract Tower,0,5,10,8,23,0,4,24,24,52,0,9,34,32,75,0,16,16,91
01/27/2010,HGR,MD,AEA,EN,Federal Contract Tower,0,6,15,6,27,0,6,57,35,98,0,12,72,41,125,28,0,28,153
01/28/2010,HGR,MD,AEA,EN,Federal Contract Tower,0,7,9,0,16,0,4,24,23,51,0,11,33,23,67,18,0,18,85
01/29/2010,HGR,MD,AEA,EN,Federal Contract Tower,1,8,3,4,16,0,3,28,7,38,1,11,31,11,54,4,10,14,68
01/30/2010,HGR,MD,AEA,EN,Federal Contract Tower,0,3,0,0,3,0,0,5,0,5,0,3,5,0,8,12,0,12,20
01/31/2010,HGR,MD,AEA,EN,Federal Contract Tower,0,8,6,3,17,0,2,22,3,27,0,10,28,6,44,12,0,12,56
02/01/2010,HGR,MD,AEA,EN,Federal Contract Tower,2,7,10,0,19,0,8,30,1,39,2,15,40,1,58,14,0,14,72
02/02/2010,HGR,MD,AEA,EN,Federal Contract Tower,0,5,8,0,13,0,2,5,5,12,0,7,13,5,25,0,0,0,25
02/03/2010,HGR,MD,AEA,EN,Federal Contract Tower,0,7,5,3,15,0,6,14,7,27,0,13,19,10,42,20,6,26,68
02/04/2010,HGR,MD,AEA,EN,Federal Contract Tower,0,9,13,0,22,0,7,63,6,76,0,16,76,6,98,86,0,86,184
02/05/2010,HGR,MD,AEA,EN,Federal Contract Tower,0,0,4,1,5,0,0,2,4,6,0,0,6,5,11,0,0,0,11
02/06/2010,HGR,MD,AEA,EN,Federal Contract Tower,0,0,0,0,0,0,6,0,0,6,0,6,0,0,6,0,0,0,6
02/07/2010,HGR,MD,AEA,EN,Federal Contract Tower,0,5,2,1,8,0,4,1,0,5,0,9,3,1,13,0,0,0,13
02/08/2010,HGR,MD,AEA,EN,Federal Contract Tower,0,9,13,0,22,0,0,6,3,9,0,9,19,3,31,8,0,8,39
02/09/2010,HGR,MD,AEA,EN,Federal Contract Tower,0,6,6,0,12,0,0,2,0,2,0,6,8,0,14,0,0,0,14
02/10/2010,HGR,MD,AEA,EN,Federal Contract Tower,0,0,0,0,0,0,0,0,0,0,0,0,0,0,0,0,0,0,0
02/11/2010,HGR,MD,AEA,EN,Federal Contract Tower,0,3,8,0,11,0,33,3,3,39,0,36,11,3,50,0,0,0,50
02/12/2010,HGR,MD,AEA,EN,Federal Contract Tower,2,9,11,1,23,0,0,22,9,31,2,9,33,10,54,10,6,16,70
02/13/2010,HGR,MD,AEA,EN,Federal Contract Tower,0,7,6,5,18,0,2,19,14,35,0,9,25,19,53,46,40,86,139
02/14/2010,HGR,MD,AEA,EN,Federal Contract Tower,0,6,7,1,14,0,1,10,1,12,0,7,17,2,26,18,14,32,58
02/15/2010,HGR,MD,AEA,EN,Federal Contract Tower,2,6,10,1,19,0,1,4,2,7,2,7,14,3,26,0,0,0,26
02/16/2010,HGR,MD,AEA,EN,Federal Contract Tower,0,6,11,0,17,0,0,16,3,19,0,6,27,3,36,2,0,2,38
02/17/2010,HGR,MD,AEA,EN,Federal Contract Tower,0,13,10,0,23,0,11,32,14,57,0,24,42,14,80,6,0,6,86
02/18/2010,HGR,MD,AEA,EN,Federal Contract Tower,0,7,5,2,14,0,4,25,22,51,0,11,30,24,65,38,6,44,109
02/19/2010,HGR,MD,AEA,EN,Federal Contract Tower,2,7,15,0,24,0,0,21,5,26,2,7,36,5,50,18,0,18,68
02/20/2010,HGR,MD,AEA,EN,Federal Contract Tower,0,8,9,1,18,0,2,65,49,116,0,10,74,50,134,84,24,108,242
02/21/2010,HGR,MD,AEA,EN,Federal Contract Tower,0,9,6,3,18,0,0,78,6,84,0,9,84,9,102,138,6,144,246
02/22/2010,HGR,MD,AEA,EN,Federal Contract Tower,2,7,5,0,14,0,2,21,2,25,2,9,26,2,39,24,0,24,63
02/23/2010,HGR,MD,AEA,EN,Federal Contract Tower,0,7,9,0,16,0,3,1,0,4,0,10,10,0,20,0,0,0,20
02/24/2010,HGR,MD,AEA,EN,Federal Contract Tower,0,8,8,2,18,0,1,59,15,75,0,9,67,17,93,60,2,62,155
02/25/2010,HGR,MD,AEA,EN,Federal Contract Tower,0,7,2,0,9,0,1,10,2,13,0,8,12,2,22,6,0,6,28
02/26/2010,HGR,MD,AEA,EN,Federal Contract Tower,2,2,7,0,11,0,0,1,0,1,2,2,8,0,12,0,0,0,12
02/27/2010,HGR,MD,AEA,EN,Federal Contract Tower,0,7,7,0,14,0,4,14,0,18,0,11,21,0,32,68,0,68,100
02/28/2010,HGR,MD,AEA,EN,Federal Contract Tower,0,5,6,0,11,0,13,15,2,30,0,18,21,2,41,16,0,16,57
03/01/2010,HGR,MD,AEA,EN,Federal Contract Tower,2,7,13,1,23,0,1,60,3,64,2,8,73,4,87,6,10,16,103
03/02/2010,HGR,MD,AEA,EN,Federal Contract Tower,0,7,9,0,16,0,2,22,4,28,0,9,31,4,44,22,0,22,66
03/03/2010,HGR,MD,AEA,EN,Federal Contract Tower,0,6,13,5,24,0,2,18,2,22,0,8,31,7,46,0,0,0,46
03/04/2010,HGR,MD,AEA,EN,Federal Contract Tower,0,10,14,2,26,0,5,45,20,70,0,15,59,22,96,40,0,40,136
03/05/2010,HGR,MD,AEA,EN,Federal Contract Tower,2,9,16,1,28,0,4,45,7,56,2,13,61,8,84,4,0,4,88
03/06/2010,HGR,MD,AEA,EN,Federal Contract Tower,0,7,15,0,22,0,1,77,4,82,0,8,92,4,104,64,0,64,168
03/07/2010,HGR,MD,AEA,EN,Federal Contract Tower,0,7,5,0,12,0,3,91,1,95,0,10,96,1,107,56,0,56,163
03/08/2010,HGR,MD,AEA,EN,Federal Contract Tower,2,8,6,0,16,0,51,2,0,53,2,59,8,0,69,32,0,32,101
03/09/2010,HGR,MD,AEA,EN,Federal Contract Tower,0,6,12,3,21,0,9,103,6,118,0,15,115,9,139,60,0,60,199
03/10/2010,HGR,MD,AEA,EN,Federal Contract Tower,0,7,8,4,19,0,6,76,10,92,0,13,84,14,111,46,0,46,157
03/11/2010,HGR,MD,AEA,EN,Federal Contract Tower,0,7,9,0,16,0,0,69,11,80,0,7,78,11,96,42,0,42,138
03/12/2010,HGR,MD,AEA,EN,Federal Contract Tower,2,9,21,1,33,0,1,0,0,1,2,10,21,1,34,0,0,0,34
03/13/2010,HGR,MD,AEA,EN,Federal Contract Tower,0,7,6,0,13,0,0,0,0,0,0,7,6,0,13,0,0,0,13
03/14/2010,HGR,MD,AEA,EN,Federal Contract Tower,0,10,12,2,24,0,2,2,0,4,0,12,14,2,28,0,0,0,28
03/15/2010,HGR,MD,AEA,EN,Federal Contract Tower,2,6,19,3,30,0,0,0,0,0,2,6,19,3,30,0,0,0,30
03/16/2010,HGR,MD,AEA,EN,Federal Contract Tower,0,11,10,5,26,0,14,84,22,120,0,25,94,27,146,44,34,78,224
03/17/2010,HGR,MD,AEA,EN,Federal Contract Tower,0,8,11,6,25,0,19,93,20,132,0,27,104,26,157,32,12,44,201
03/18/2010,HGR,MD,AEA,EN,Federal Contract Tower,0,6,14,5,25,0,5,100,18,123,0,11,114,23,148,72,6,78,226
03/19/2010,HGR,MD,AEA,EN,Federal Contract Tower,2,7,19,8,36,0,7,92,12,111,2,14,111,20,147,36,30,66,213
03/20/2010,HGR,MD,AEA,EN,Federal Contract Tower,0,7,13,0,20,0,2,96,9,107,0,9,109,9,127,152,8,160,287
03/21/2010,HGR,MD,AEA,EN,Federal Contract Tower,0,7,10,0,17,0,3,84,8,95,0,10,94,8,112,92,0,92,204
03/22/2010,HGR,MD,AEA,EN,Federal Contract Tower,2,8,8,5,23,0,2,7,1,10,2,10,15,6,33,12,0,12,45
03/23/2010,HGR,MD,AEA,EN,Federal Contract Tower,0,13,14,17,44,0,16,34,12,62,0,29,48,29,106,0,10,10,116
03/24/2010,HGR,MD,AEA,EN,Federal Contract Tower,0,7,12,6,25,0,2,49,32,83,0,9,61,38,108,20,0,20,128
03/25/2010,HGR,MD,AEA,EN,Federal Contract Tower,0,5,12,13,30,0,2,67,27,96,0,7,79,40,126,18,26,44,170
03/26/2010,HGR,MD,AEA,EN,Federal Contract Tower,2,5,11,4,22,0,3,23,8,34,2,8,34,12,56,0,0,0,56
03/27/2010,HGR,MD,AEA,EN,Federal Contract Tower,0,7,7,0,14,0,19,81,0,100,0,26,88,0,114,56,0,56,170
03/28/2010,HGR,MD,AEA,EN,Federal Contract Tower,0,7,13,0,20,0,2,4,0,6,0,9,17,0,26,6,0,6,32
03/29/2010,HGR,MD,AEA,EN,Federal Contract Tower,2,8,13,0,23,0,14,4,2,20,2,22,17,2,43,40,16,56,99
03/30/2010,HGR,MD,AEA,EN,Federal Contract Tower,0,7,8,2,17,0,3,10,1,14,0,10,18,3,31,0,8,8,39
03/31/2010,HGR,MD,AEA,EN,Federal Contract Tower,0,7,7,6,20,0,2,75,20,97,0,9,82,26,117,76,6,82,199
04/01/2010,HGR,MD,AEA,EN,Federal Contract Tower,0,9,17,0,26,0,10,111,8,129,0,19,128,8,155,88,0,88,243
04/02/2010,HGR,MD,AEA,EN,Federal Contract Tower,2,8,17,2,29,0,11,74,9,94,2,19,91,11,123,56,8,64,187
04/03/2010,HGR,MD,AEA,EN,Federal Contract Tower,0,10,10,0,20,0,11,104,2,117,0,21,114,2,137,112,2,114,251
04/04/2010,HGR,MD,AEA,EN,Federal Contract Tower,0,7,6,0,13,0,7,74,0,81,0,14,80,0,94,80,0,80,174
04/05/2010,HGR,MD,AEA,EN,Federal Contract Tower,2,9,14,4,29,0,4,74,7,85,2,13,88,11,114,38,0,38,152
04/06/2010,HGR,MD,AEA,EN,Federal Contract Tower,0,7,13,1,21,0,1,47,3,51,0,8,60,4,72,4,0,4,76
04/07/2010,HGR,MD,AEA,EN,Federal Contract Tower,0,6,10,1,17,0,9,155,27,191,0,15,165,28,208,62,0,62,270
04/08/2010,HGR,MD,AEA,EN,Federal Contract Tower,0,7,3,4,14,0,5,48,15,68,0,12,51,19,82,30,0,30,112
04/09/2010,HGR,MD,AEA,EN,Federal Contract Tower,3,8,11,2,24,0,4,56,15,75,3,12,67,17,99,68,6,74,173
04/10/2010,HGR,MD,AEA,EN,Federal Contract Tower,0,5,15,0,20,0,7,37,3,47,0,12,52,3,67,12,4,16,83
04/11/2010,HGR,MD,AEA,EN,Federal Contract Tower,0,6,7,0,13,0,9,90,6,105,0,15,97,6,118,106,0,106,224
04/12/2010,HGR,MD,AEA,EN,Federal Contract Tower,2,8,12,1,23,0,4,89,4,97,2,12,101,5,120,132,0,132,252
04/13/2010,HGR,MD,AEA,EN,Federal Contract Tower,0,9,15,4,28,0,0,4,3,7,0,9,19,7,35,8,0,8,43
04/14/2010,HGR,MD,AEA,EN,Federal Contract Tower,0,6,13,3,22,0,3,80,21,104,0,9,93,24,126,24,0,24,150
04/15/2010,HGR,MD,AEA,EN,Federal Contract Tower,0,5,28,0,33,0,2,76,13,91,0,7,104,13,124,54,0,54,178
04/16/2010,HGR,MD,AEA,EN,Federal Contract Tower,2,8,10,2,22,0,5,37,13,55,2,13,47,15,77,10,0,10,87
04/17/2010,HGR,MD,AEA,EN,Federal Contract Tower,0,6,3,3,12,0,5,33,4,42,0,11,36,7,54,14,6,20,74
04/18/2010,HGR,MD,AEA,EN,Federal Contract Tower,0,6,8,0,14,0,0,36,0,36,0,6,44,0,50,38,0,38,88
04/19/2010,HGR,MD,AEA,EN,Federal Contract Tower,2,8,11,6,27,0,4,54,16,74,2,12,65,22,101,22,10,32,133
04/20/2010,HGR,MD,AEA,EN,Federal Contract Tower,0,8,12,9,29,0,10,87,25,122,0,18,99,34,151,48,22,70,221
04/21/2010,HGR,MD,AEA,EN,Federal Contract Tower,0,6,30,2,38,0,0,61,31,92,0,6,91,33,130,32,6,38,168
04/22/2010,HGR,MD,AEA,EN,Federal Contract Tower,0,8,14,4,26,0,4,27,24,55,0,12,41,28,81,16,6,22,103
04/23/2010,HGR,MD,AEA,EN,Federal Contract Tower,2,9,33,3,47,0,5,87,11,103,2,14,120,14,150,84,0,84,234
04/24/2010,HGR,MD,AEA,EN,Federal Contract Tower,0,5,10,3,18,0,10,24,4,38,0,15,34,7,56,10,0,10,66
04/25/2010,HGR,MD,AEA,EN,Federal Contract Tower,0,5,14,1,20,0,2,0,0,2,0,7,14,1,22,0,0,0,22
04/26/2010,HGR,MD,AEA,EN,Federal Contract Tower,2,10,22,8,42,0,0,0,0,0,2,10,22,8,42,4,0,4,46
04/27/2010,HGR,MD,AEA,EN,Federal Contract Tower,0,8,15,5,28,0,9,56,40,105,0,17,71,45,133,42,16,58,191
04/28/2010,HGR,MD,AEA,EN,Federal Contract Tower,0,7,13,0,20,0,10,35,33,78,0,17,48,33,98,10,0,10,108
04/29/2010,HGR,MD,AEA,EN,Federal Contract Tower,0,6,13,5,24,0,4,78,38,120,0,10,91,43,144,54,34,88,232
04/30/2010,HGR,MD,AEA,EN,Federal Contract Tower,2,9,7,3,21,0,3,109,28,140,2,12,116,31,161,92,36,128,289
05/01/2010,HGR,MD,AEA,EN,Federal Contract Tower,0,5,8,0,13,0,6,88,2,96,0,11,96,2,109,108,0,108,217
05/02/2010,HGR,MD,AEA,EN,Federal Contract Tower,2,6,1,0,9,0,2,26,1,29,2,8,27,1,38,0,0,0,38
05/03/2010,HGR,MD,AEA,EN,Federal Contract Tower,0,11,4,0,15,0,7,4,7,18,0,18,8,7,33,0,0,0,33
05/04/2010,HGR,MD,AEA,EN,Federal Contract Tower,0,7,10,2,19,0,2,45,10,57,0,9,55,12,76,24,10,34,110
05/05/2010,HGR,MD,AEA,EN,Federal Contract Tower,0,7,16,1,24,0,13,94,15,122,0,20,110,16,146,64,0,64,210
05/06/2010,HGR,MD,AEA,EN,Federal Contract Tower,2,10,16,0,28,0,5,56,22,83,2,15,72,22,111,16,0,16,127
05/07/2010,HGR,MD,AEA,EN,Federal Contract Tower,0,9,19,1,29,0,4,83,2,89,0,13,102,3,118,46,0,46,164
05/08/2010,HGR,MD,AEA,EN,Federal Contract Tower,0,3,5,0,8,0,3,0,0,3,0,6,5,0,11,0,0,0,11
05/09/2010,HGR,MD,AEA,EN,Federal Contract Tower,0,7,12,0,19,0,4,21,0,25,0,11,33,0,44,22,0,22,66
05/10/2010,HGR,MD,AEA,EN,Federal Contract Tower,0,6,5,1,12,0,4,73,10,87,0,10,78,11,99,48,22,70,169
05/11/2010,HGR,MD,AEA,EN,Federal Contract Tower,0,6,14,2,22,0,0,6,3,9,0,6,20,5,31,0,0,0,31
05/12/2010,HGR,MD,AEA,EN,Federal Contract Tower,0,8,10,0,18,0,0,8,3,11,0,8,18,3,29,0,0,0,29
05/13/2010,HGR,MD,AEA,EN,Federal Contract Tower,2,7,29,12,50,0,2,3,1,6,2,9,32,13,56,6,0,6,62
05/14/2010,HGR,MD,AEA,EN,Federal Contract Tower,0,9,16,7,32,0,3,35,14,52,0,12,51,21,84,14,10,24,108
05/15/2010,HGR,MD,AEA,EN,Federal Contract Tower,0,5,2,0,7,0,5,86,4,95,0,10,88,4,102,56,0,56,158
05/16/2010,HGR,MD,AEA,EN,Federal Contract Tower,2,4,16,1,23,0,2,94,0,96,2,6,110,1,119,90,0,90,209
05/17/2010,HGR,MD,AEA,EN,Federal Contract Tower,0,9,16,8,33,0,1,0,0,1,0,10,16,8,34,8,0,8,42
05/18/2010,HGR,MD,AEA,EN,Federal Contract Tower,0,6,13,1,20,0,0,1,6,7,0,6,14,7,27,0,20,20,47
05/19/2010,HGR,MD,AEA,EN,Federal Contract Tower,0,11,15,5,31,0,6,40,4,50,0,17,55,9,81,0,0,0,81
05/20/2010,HGR,MD,AEA,EN,Federal Contract Tower,2,8,18,0,28,0,4,111,9,124,2,12,129,9,152,32,0,32,184
05/21/2010,HGR,MD,AEA,EN,Federal Contract Tower,0,9,22,3,34,0,5,122,12,139,0,14,144,15,173,114,20,134,307
05/22/2010,HGR,MD,AEA,EN,Federal Contract Tower,0,6,6,4,16,0,10,45,11,66,0,16,51,15,82,76,2,78,160
05/23/2010,HGR,MD,AEA,EN,Federal Contract Tower,2,6,14,2,24,0,0,10,4,14,2,6,24,6,38,18,24,42,80
05/24/2010,HGR,MD,AEA,EN,Federal Contract Tower,0,10,20,11,41,0,2,28,4,34,0,12,48,15,75,40,0,40,115
05/25/2010,HGR,MD,AEA,EN,Federal Contract Tower,0,6,19,23,48,0,2,57,12,71,0,8,76,35,119,30,52,82,201
05/26/2010,HGR,MD,AEA,EN,Federal Contract Tower,0,9,5,17,31,0,1,87,35,123,0,10,92,52,154,52,8,60,214
05/27/2010,HGR,MD,AEA,EN,Federal Contract Tower,2,7,19,3,31,0,13,83,30,126,2,20,102,33,157,22,16,38,195
05/28/2010,HGR,MD,AEA,EN,Federal Contract Tower,0,10,25,11,46,0,0,22,5,27,0,10,47,16,73,6,12,18,91
05/29/2010,HGR,MD,AEA,EN,Federal Contract Tower,0,5,8,12,25,0,6,25,11,42,0,11,33,23,67,28,26,54,121
05/30/2010,HGR,MD,AEA,EN,Federal Contract Tower,2,6,7,0,15,0,2,87,4,93,2,8,94,4,108,96,0,96,204
05/31/2010,HGR,MD,AEA,EN,Federal Contract Tower,0,10,15,0,25,0,3,65,0,68,0,13,80,0,93,10,0,10,103
06/01/2010,HGR,MD,AEA,EN,Federal Contract Tower,0,6,18,11,35,0,0,34,16,50,0,6,52,27,85,4,0,4,89
06/02/2010,HGR,MD,AEA,EN,Federal Contract Tower,0,8,24,0,32,0,2,82,16,100,0,10,106,16,132,12,0,12,144
06/03/2010,HGR,MD,AEA,EN,Federal Contract Tower,0,5,12,2,19,0,0,48,27,75,0,5,60,29,94,40,6,46,140
06/04/2010,HGR,MD,AEA,EN,Federal Contract Tower,2,9,11,8,30,0,4,42,6,52,2,13,53,14,82,40,0,40,122
06/05/2010,HGR,MD,AEA,EN,Federal Contract Tower,0,7,12,2,21,0,2,37,10,49,0,9,49,12,70,56,0,56,126
06/06/2010,HGR,MD,AEA,EN,Federal Contract Tower,0,6,7,5,18,0,1,15,2,18,0,7,22,7,36,6,0,6,42
06/07/2010,HGR,MD,AEA,EN,Federal Contract Tower,2,8,20,6,36,0,5,73,13,91,2,13,93,19,127,24,0,24,151
06/08/2010,HGR,MD,AEA,EN,Federal Contract Tower,0,7,11,4,22,0,9,78,14,101,0,16,89,18,123,54,0,54,177
06/09/2010,HGR,MD,AEA,EN,Federal Contract Tower,0,7,17,12,36,0,4,0,4,8,0,11,17,16,44,0,6,6,50
06/10/2010,HGR,MD,AEA,EN,Federal Contract Tower,0,7,6,2,15,0,3,68,18,89,0,10,74,20,104,34,0,34,138
06/11/2010,HGR,MD,AEA,EN,Federal Contract Tower,2,11,20,8,41,0,3,102,5,110,2,14,122,13,151,70,22,92,243
06/12/2010,HGR,MD,AEA,EN,Federal Contract Tower,0,5,8,6,19,0,6,61,8,75,0,11,69,14,94,22,8,30,124
06/13/2010,HGR,MD,AEA,EN,Federal Contract Tower,0,6,11,5,22,0,3,19,0,22,0,9,30,5,44,40,10,50,94
06/14/2010,HGR,MD,AEA,EN,Federal Contract Tower,2,9,22,5,38,0,18,48,17,83,2,27,70,22,121,8,0,8,129
06/15/2010,HGR,MD,AEA,EN,Federal Contract Tower,0,12,29,7,48,0,3,41,12,56,0,15,70,19,104,40,0,40,144
06/16/2010,HGR,MD,AEA,EN,Federal Contract Tower,0,15,5,14,34,0,7,17,3,27,0,22,22,17,61,0,0,0,61
06/17/2010,HGR,MD,AEA,EN,Federal Contract Tower,0,8,12,4,24,0,6,64,21,91,0,14,76,25,115,22,4,26,141
06/18/2010,HGR,MD,AEA,EN,Federal Contract Tower,2,9,24,2,37,0,1,115,13,129,2,10,139,15,166,176,54,230,396
06/19/2010,HGR,MD,AEA,EN,Federal Contract Tower,0,8,13,0,21,0,4,110,5,119,0,12,123,5,140,68,34,102,242
06/20/2010,HGR,MD,AEA,EN,Federal Contract Tower,0,7,13,0,20,0,6,61,0,67,0,13,74,0,87,32,2,34,121
06/21/2010,HGR,MD,AEA,EN,Federal Contract Tower,2,9,17,4,32,0,5,66,7,78,2,14,83,11,110,38,30,68,178
06/22/2010,HGR,MD,AEA,EN,Federal Contract Tower,0,6,7,1,14,0,2,55,9,66,0,8,62,10,80,6,0,6,86
06/23/2010,HGR,MD,AEA,EN,Federal Contract Tower,0,7,14,8,29,0,4,55,37,96,0,11,69,45,125,32,24,56,181
06/24/2010,HGR,MD,AEA,EN,Federal Contract Tower,0,7,18,5,30,0,1,28,13,42,0,8,46,18,72,10,20,30,102
06/25/2010,HGR,MD,AEA,EN,Federal Contract Tower,2,9,16,6,33,0,4,62,12,78,2,13,78,18,111,40,10,50,161
06/26/2010,HGR,MD,AEA,EN,Federal Contract Tower,0,5,11,6,22,0,2,61,8,71,0,7,72,14,93,16,14,30,123
06/27/2010,HGR,MD,AEA,EN,Federal Contract Tower,0,6,12,1,19,0,5,43,3,51,0,11,55,4,70,24,0,24,94
06/28/2010,HGR,MD,AEA,EN,Federal Contract Tower,2,10,15,1,28,0,2,19,3,24,2,12,34,4,52,2,0,2,54
06/29/2010,HGR,MD,AEA,EN,Federal Contract Tower,0,7,10,12,29,0,2,52,21,75,0,9,62,33,104,18,6,24,128
06/30/2010,HGR,MD,AEA,EN,Federal Contract Tower,0,10,19,2,31,0,8,87,16,111,0,18,106,18,142,58,6,64,206
07/01/2010,HGR,MD,AEA,EN,Federal Contract Tower,0,7,15,1,23,0,21,78,16,115,0,28,93,17,138,28,22,50,188
07/02/2010,HGR,MD,AEA,EN,Federal Contract Tower,2,10,19,1,32,0,5,119,3,127,2,15,138,4,159,26,0,26,185
07/03/2010,HGR,MD,AEA,EN,Federal Contract Tower,0,6,6,0,12,0,3,73,2,78,0,9,79,2,90,0,0,0,90
07/04/2010,HGR,MD,AEA,EN,Federal Contract Tower,0,6,0,1,7,0,3,39,0,42,0,9,39,1,49,24,0,24,73
07/05/2010,HGR,MD,AEA,EN,Federal Contract Tower,2,9,14,0,25,0,3,51,0,54,2,12,65,0,79,34,0,34,113
07/06/2010,HGR,MD,AEA,EN,Federal Contract Tower,0,7,10,0,17,0,3,42,8,53,0,10,52,8,70,4,0,4,74
07/07/2010,HGR,MD,AEA,EN,Federal Contract Tower,0,7,8,7,22,0,8,47,15,70,0,15,55,22,92,50,8,58,150
07/08/2010,HGR,MD,AEA,EN,Federal Contract Tower,0,7,9,4,20,0,1,30,28,59,0,8,39,32,79,0,2,2,81
07/09/2010,HGR,MD,AEA,EN,Federal Contract Tower,2,9,13,6,30,0,2,32,5,39,2,11,45,11,69,46,10,56,125
07/10/2010,HGR,MD,AEA,EN,Federal Contract Tower,0,8,4,4,16,0,0,18,1,19,0,8,22,5,35,12,0,12,47
07/11/2010,HGR,MD,AEA,EN,Federal Contract Tower,0,6,17,2,25,0,8,68,3,79,0,14,85,5,104,54,0,54,158
07/12/2010,HGR,MD,AEA,EN,Federal Contract Tower,2,9,10,0,21,0,3,31,2,36,2,12,41,2,57,10,0,10,67
07/13/2010,HGR,MD,AEA,EN,Federal Contract Tower,0,8,20,8,36,0,0,26,9,35,0,8,46,17,71,10,0,10,81
07/14/2010,HGR,MD,AEA,EN,Federal Contract Tower,0,6,14,12,32,0,9,41,15,65,0,15,55,27,97,4,12,16,113
07/15/2010,HGR,MD,AEA,EN,Federal Contract Tower,0,7,15,3,25,0,2,80,23,105,0,9,95,26,130,114,0,114,244
07/16/2010,HGR,MD,AEA,EN,Federal Contract Tower,2,13,15,6,36,0,0,53,29,82,2,13,68,35,118,32,10,42,160
07/17/2010,HGR,MD,AEA,EN,Federal Contract Tower,0,5,4,0,9,0,6,51,28,85,0,11,55,28,94,40,4,44,138
07/18/2010,HGR,MD,AEA,EN,Federal Contract Tower,0,6,7,0,13,0,4,60,38,102,0,10,67,38,115,66,6,72,187
07/19/2010,HGR,MD,AEA,EN,Federal Contract Tower,0,6,10,3,19,0,5,59,50,114,0,11,69,53,133,40,12,52,185
07/20/2010,HGR,MD,AEA,EN,Federal Contract Tower,0,7,8,5,20,0,1,38,42,81,0,8,46,47,101,0,244,244,345
07/21/2010,HGR,MD,AEA,EN,Federal Contract Tower,0,7,13,2,22,0,6,43,48,97,0,13,56,50,119,22,190,212,331
07/22/2010,HGR,MD,AEA,EN,Federal Contract Tower,0,11,8,3,22,0,9,42,36,87,0,20,50,39,109,34,156,190,299
07/23/2010,HGR,MD,AEA,EN,Federal Contract Tower,0,9,15,1,25,0,5,38,42,85,0,14,53,43,110,4,128,132,242
07/24/2010,HGR,MD,AEA,EN,Federal Contract Tower,0,5,17,2,24,0,8,30,11,49,0,13,47,13,73,28,28,56,129
07/25/2010,HGR,MD,AEA,EN,Federal Contract Tower,0,7,10,0,17,0,1,31,0,32,0,8,41,0,49,0,0,0,49
07/26/2010,HGR,MD,AEA,EN,Federal Contract Tower,0,8,2,0,10,0,8,59,4,71,0,16,61,4,81,94,0,94,175
07/27/2010,HGR,MD,AEA,EN,Federal Contract Tower,0,6,15,3,24,0,5,66,19,90,0,11,81,22,114,36,0,36,150
07/28/2010,HGR,MD,AEA,EN,Federal Contract Tower,0,6,18,4,28,0,4,82,19,105,0,10,100,23,133,20,0,20,153
07/29/2010,HGR,MD,AEA,EN,Federal Contract Tower,0,9,17,4,30,0,3,47,9,59,0,12,64,13,89,44,0,44,133
07/30/2010,HGR,MD,AEA,EN,Federal Contract Tower,0,10,13,2,25,0,7,64,9,80,0,17,77,11,105,22,0,22,127
07/31/2010,HGR,MD,AEA,EN,Federal Contract Tower,0,6,10,0,16,0,2,63,11,76,0,8,73,11,92,90,0,90,182
08/01/2010,HGR,MD,AEA,EN,Federal Contract Tower,0,6,6,2,14,0,4,37,2,43,0,10,43,4,57,20,0,20,77
08/02/2010,HGR,MD,AEA,EN,Federal Contract Tower,0,10,24,11,45,0,4,25,5,34,0,14,49,16,79,10,0,10,89
08/03/2010,HGR,MD,AEA,EN,Federal Contract Tower,10,14,5,0,29,0,17,58,20,95,10,31,63,20,124,8,0,8,132
08/04/2010,HGR,MD,AEA,EN,Federal Contract Tower,0,8,15,8,31,0,7,57,29,93,0,15,72,37,124,32,10,42,166
08/05/2010,HGR,MD,AEA,EN,Federal Contract Tower,0,9,18,3,30,0,7,57,26,90,0,16,75,29,120,14,0,14,134
08/06/2010,HGR,MD,AEA,EN,Federal Contract Tower,0,11,4,0,15,0,6,46,12,64,0,17,50,12,79,0,8,8,87
08/07/2010,HGR,MD,AEA,EN,Federal Contract Tower,0,8,8,0,16,0,5,82,0,87,0,13,90,0,103,94,0,94,197
08/08/2010,HGR,MD,AEA,EN,Federal Contract Tower,0,5,9,2,16,0,6,70,4,80,0,11,79,6,96,50,0,50,146
08/09/2010,HGR,MD,AEA,EN,Federal Contract Tower,0,8,23,5,36,0,3,53,5,61,0,11,76,10,97,96,0,96,193
08/10/2010,HGR,MD,AEA,EN,Federal Contract Tower,0,6,10,6,22,0,6,48,13,67,0,12,58,19,89,76,0,76,165
08/11/2010,HGR,MD,AEA,EN,Federal Contract Tower,0,7,14,3,24,0,10,36,14,60,0,17,50,17,84,48,0,48,132
08/12/2010,HGR,MD,AEA,EN,Federal Contract Tower,0,4,16,3,23,0,0,27,5,32,0,4,43,8,55,0,0,0,55
08/13/2010,HGR,MD,AEA,EN,Federal Contract Tower,0,10,15,5,30,0,3,15,0,18,0,13,30,5,48,8,0,8,56
08/14/2010,HGR,MD,AEA,EN,Federal Contract Tower,0,9,10,2,21,0,3,64,30,97,0,12,74,32,118,102,0,102,220
08/15/2010,HGR,MD,AEA,EN,Federal Contract Tower,0,7,22,0,29,0,1,6,1,8,0,8,28,1,37,2,0,2,39
08/16/2010,HGR,MD,AEA,EN,Federal Contract Tower,0,4,16,2,22,0,2,28,6,36,0,6,44,8,58,74,0,74,132
08/17/2010,HGR,MD,AEA,EN,Federal Contract Tower,0,9,18,0,27,0,6,82,29,117,0,15,100,29,144,54,0,54,198
08/18/2010,HGR,MD,AEA,EN,Federal Contract Tower,0,9,17,6,32,0,0,18,21,39,0,9,35,27,71,24,0,24,95
08/19/2010,HGR,MD,AEA,EN,Federal Contract Tower,0,9,15,3,27,0,6,43,21,70,0,15,58,24,97,32,18,50,147
08/20/2010,HGR,MD,AEA,EN,Federal Contract Tower,0,9,16,2,27,0,0,90,17,107,0,9,106,19,134,108,10,118,252
08/21/2010,HGR,MD,AEA,EN,Federal Contract Tower,0,5,10,2,17,0,7,55,2,64,0,12,65,4,81,26,0,26,107
08/22/2010,HGR,MD,AEA,EN,Federal Contract Tower,0,8,13,2,23,0,4,19,0,23,0,12,32,2,46,14,0,14,60
08/23/2010,HGR,MD,AEA,EN,Federal Contract Tower,0,8,20,0,28,0,3,31,14,48,0,11,51,14,76,30,0,30,106
08/24/2010,HGR,MD,AEA,EN,Federal Contract Tower,0,10,20,11,41,0,4,9,10,23,0,14,29,21,64,4,6,10,74
08/25/2010,HGR,MD,AEA,EN,Federal Contract Tower,0,7,15,4,26,0,2,50,18,70,0,9,65,22,96,36,18,54,150
08/26/2010,HGR,MD,AEA,EN,Federal Contract Tower,0,8,20,1,29,0,7,73,31,111,0,15,93,32,140,2,10,12,152
08/27/2010,HGR,MD,AEA,EN,Federal Contract Tower,0,10,13,3,26,0,1,104,16,121,0,11,117,19,147,58,62,120,267
08/28/2010,HGR,MD,AEA,EN,Federal Contract Tower,0,5,6,5,16,0,3,100,16,119,0,8,106,21,135,82,10,92,227
08/29/2010,HGR,MD,AEA,EN,Federal Contract Tower,0,6,15,11,32,0,3,83,9,95,0,9,98,20,127,28,32,60,187
08/30/2010,HGR,MD,AEA,EN,Federal Contract Tower,0,9,11,7,27,0,1,57,17,75,0,10,68,24,102,20,92,112,214
08/31/2010,HGR,MD,AEA,EN,Federal Contract Tower,0,7,15,16,38,0,8,68,20,96,0,15,83,36,134,42,14,56,190
09/01/2010,HGR,MD,AEA,EN,Federal Contract Tower,0,7,13,1,21,0,7,70,29,106,0,14,83,30,127,14,0,14,141
09/02/2010,HGR,MD,AEA,EN,Federal Contract Tower,0,8,12,6,26,0,0,92,21,113,0,8,104,27,139,90,26,116,255
09/03/2010,HGR,MD,AEA,EN,Federal Contract Tower,0,9,24,6,39,0,5,58,14,77,0,14,82,20,116,60,2,62,178
09/04/2010,HGR,MD,AEA,EN,Federal Contract Tower,0,6,2,5,13,0,7,22,4,33,0,13,24,9,46,4,10,14,60
09/05/2010,HGR,MD,AEA,EN,Federal Contract Tower,0,6,8,4,18,0,2,30,0,32,0,8,38,4,50,6,0,6,56
09/06/2010,HGR,MD,AEA,EN,Federal Contract Tower,0,9,7,0,16,0,4,53,0,57,0,13,60,0,73,46,0,46,119
09/07/2010,HGR,MD,AEA,EN,Federal Contract Tower,0,8,9,5,22,0,2,22,10,34,0,10,31,15,56,12,0,12,68
09/08/2010,HGR,MD,AEA,EN,Federal Contract Tower,0,8,4,2,14,0,0,44,11,55,0,8,48,13,69,16,0,16,85
09/09/2010,HGR,MD,AEA,EN,Federal Contract Tower,0,7,12,1,20,0,2,38,13,53,0,9,50,14,73,10,0,10,83
09/10/2010,HGR,MD,AEA,EN,Federal Contract Tower,0,8,12,1,21,0,5,54,10,69,0,13,66,11,90,60,12,72,162
09/11/2010,HGR,MD,AEA,EN,Federal Contract Tower,0,5,9,0,14,0,6,89,3,98,0,11,98,3,112,74,0,74,186
09/12/2010,HGR,MD,AEA,EN,Federal Contract Tower,0,6,11,2,19,0,0,10,0,10,0,6,21,2,29,0,0,0,29
09/13/2010,HGR,MD,AEA,EN,Federal Contract Tower,0,10,12,1,23,0,1,44,10,55,0,11,56,11,78,28,10,38,116
09/14/2010,HGR,MD,AEA,EN,Federal Contract Tower,0,7,11,1,19,0,5,52,15,72,0,12,63,16,91,30,6,36,127
09/15/2010,HGR,MD,AEA,EN,Federal Contract Tower,0,9,13,2,24,0,5,62,18,85,0,14,75,20,109,44,10,54,163
09/16/2010,HGR,MD,AEA,EN,Federal Contract Tower,0,7,22,1,30,0,0,23,7,30,0,7,45,8,60,16,30,46,106
09/17/2010,HGR,MD,AEA,EN,Federal Contract Tower,0,11,21,1,33,0,7,56,6,69,0,18,77,7,102,12,0,12,114
09/18/2010,HGR,MD,AEA,EN,Federal Contract Tower,0,4,18,0,22,0,6,129,1,136,0,10,147,1,158,80,0,80,238
09/19/2010,HGR,MD,AEA,EN,Federal Contract Tower,0,6,22,0,28,0,9,64,3,76,0,15,86,3,104,22,2,24,128
09/20/2010,HGR,MD,AEA,EN,Federal Contract Tower,0,10,16,6,32,0,11,52,8,71,0,21,68,14,103,32,0,32,135
09/21/2010,HGR,MD,AEA,EN,Federal Contract Tower,0,6,6,6,18,0,4,74,22,100,0,10,80,28,118,26,0,26,144
09/22/2010,HGR,MD,AEA,EN,Federal Contract Tower,0,9,6,5,20,0,4,36,26,66,0,13,42,31,86,26,4,30,116
09/23/2010,HGR,MD,AEA,EN,Federal Contract Tower,0,7,17,0,24,0,4,56,13,73,0,11,73,13,97,96,0,96,193
09/24/2010,HGR,MD,AEA,EN,Federal Contract Tower,0,8,9,0,17,0,0,54,19,73,0,8,63,19,90,66,0,66,156
09/25/2010,HGR,MD,AEA,EN,Federal Contract Tower,0,5,17,0,22,0,4,168,7,179,0,9,185,7,201,108,0,108,309
09/26/2010,HGR,MD,AEA,EN,Federal Contract Tower,0,8,15,0,23,0,2,152,0,154,0,10,167,0,177,126,0,126,303
09/27/2010,HGR,MD,AEA,EN,Federal Contract Tower,0,10,11,4,25,0,0,0,0,0,0,10,11,4,25,0,0,0,25
09/28/2010,HGR,MD,AEA,EN,Federal Contract Tower,0,7,8,10,25,2,60,11,0,73,2,67,19,10,98,12,8,20,118
09/29/2010,HGR,MD,AEA,EN,Federal Contract Tower,0,4,12,2,18,0,5,72,24,101,0,9,84,26,119,78,0,78,197
09/30/2010,HGR,MD,AEA,EN,Federal Contract Tower,0,4,5,0,9,0,2,0,0,2,0,6,5,0,11,0,0,0,11
10/01/2010,HGR,MD,AEA,EN,Federal Contract Tower,0,9,20,9,38,0,9,43,26,78,0,18,63,35,116,34,6,40,156
10/02/2010,HGR,MD,AEA,EN,Federal Contract Tower,0,3,7,0,10,0,3,96,0,99,0,6,103,0,109,86,0,86,195
10/03/2010,HGR,MD,AEA,EN,Federal Contract Tower,0,6,16,0,22,0,0,39,0,39,0,6,55,0,61,28,0,28,89
10/04/2010,HGR,MD,AEA,EN,Federal Contract Tower,0,10,9,8,27,0,0,3,0,3,0,10,12,8,30,0,0,0,30
10/05/2010,HGR,MD,AEA,EN,Federal Contract Tower,0,7,21,4,32,0,7,27,0,34,0,14,48,4,66,50,0,50,116
10/06/2010,HGR,MD,AEA,EN,Federal Contract Tower,0,9,25,2,36,0,2,32,1,35,0,11,57,3,71,40,0,40,111
10/07/2010,HGR,MD,AEA,EN,Federal Contract Tower,0,7,21,10,38,0,4,62,11,77,0,11,83,21,115,76,38,114,229
10/08/2010,HGR,MD,AEA,EN,Federal Contract Tower,0,9,27,2,38,0,6,114,7,127,0,15,141,9,165,126,0,126,291
10/09/2010,HGR,MD,AEA,EN,Federal Contract Tower,0,5,7,0,12,0,7,91,0,98,0,12,98,0,110,50,0,50,160
10/10/2010,HGR,MD,AEA,EN,Federal Contract Tower,0,9,10,0,19,0,3,84,0,87,0,12,94,0,106,52,0,52,158
10/11/2010,HGR,MD,AEA,EN,Federal Contract Tower,0,9,9,0,18,0,4,55,0,59,0,13,64,0,77,50,0,50,127
10/12/2010,HGR,MD,AEA,EN,Federal Contract Tower,0,7,12,0,19,0,3,58,8,69,0,10,70,8,88,50,0,50,138
10/13/2010,HGR,MD,AEA,EN,Federal Contract Tower,0,9,20,3,32,0,4,97,17,118,0,13,117,20,150,62,0,62,212
10/14/2010,HGR,MD,AEA,EN,Federal Contract Tower,0,7,13,6,26,0,0,4,3,7,0,7,17,9,33,18,0,18,51
10/15/2010,HGR,MD,AEA,EN,Federal Contract Tower,0,9,13,1,23,0,8,33,9,50,0,17,46,10,73,70,2,72,145
10/16/2010,HGR,MD,AEA,EN,Federal Contract Tower,0,5,4,0,9,0,8,50,0,58,0,13,54,0,67,36,0,36,103
10/17/2010,HGR,MD,AEA,EN,Federal Contract Tower,0,8,14,1,23,0,3,71,0,74,0,11,85,1,97,64,0,64,161
10/18/2010,HGR,MD,AEA,EN,Federal Contract Tower,0,9,21,0,30,0,4,52,7,63,0,13,73,7,93,22,0,22,115
10/19/2010,HGR,MD,AEA,EN,Federal Contract Tower,0,7,16,3,26,0,8,37,20,65,0,15,53,23,91,28,0,28,119
10/20/2010,HGR,MD,AEA,EN,Federal Contract Tower,0,8,8,4,20,0,4,65,18,87,0,12,73,22,107,20,0,20,127
10/21/2010,HGR,MD,AEA,EN,Federal Contract Tower,0,9,7,4,20,0,6,42,16,64,0,15,49,20,84,14,0,14,98
10/22/2010,HGR,MD,AEA,EN,Federal Contract Tower,0,9,14,6,29,0,7,83,13,103,0,16,97,19,132,36,12,48,180
10/23/2010,HGR,MD,AEA,EN,Federal Contract Tower,0,4,7,0,11,0,3,86,3,92,0,7,93,3,103,58,0,58,161
10/24/2010,HGR,MD,AEA,EN,Federal Contract Tower,0,6,12,6,24,0,3,95,6,104,0,9,107,12,128,46,0,46,174
10/25/2010,HGR,MD,AEA,EN,Federal Contract Tower,0,9,22,2,33,0,0,42,3,45,0,9,64,5,78,34,0,34,112
10/26/2010,HGR,MD,AEA,EN,Federal Contract Tower,0,7,4,0,11,0,4,32,3,39,0,11,36,3,50,30,0,30,80
10/27/2010,HGR,MD,AEA,EN,Federal Contract Tower,0,8,17,7,32,0,3,54,8,65,0,11,71,15,97,50,0,50,147
10/28/2010,HGR,MD,AEA,EN,Federal Contract Tower,0,7,13,3,23,0,3,72,16,91,0,10,85,19,114,56,0,56,170
10/29/2010,HGR,MD,AEA,EN,Federal Contract Tower,0,10,14,0,24,0,4,30,0,34,0,14,44,0,58,6,0,6,64
10/30/2010,HGR,MD,AEA,EN,Federal Contract Tower,0,6,6,0,12,0,6,65,4,75,0,12,71,4,87,76,6,82,169
10/31/2010,HGR,MD,AEA,EN,Federal Contract Tower,0,8,12,0,20,0,4,45,0,49,0,12,57,0,69,34,0,34,103
11/01/2010,HGR,MD,AEA,EN,Federal Contract Tower,0,10,7,0,17,0,14,51,1,66,0,24,58,1,83,50,0,50,133
11/02/2010,HGR,MD,AEA,EN,Federal Contract Tower,0,7,11,0,18,0,3,65,4,72,0,10,76,4,90,28,0,28,118
11/03/2010,HGR,MD,AEA,EN,Federal Contract Tower,0,4,10,1,15,0,15,79,14,108,0,19,89,15,123,56,0,56,179
11/04/2010,HGR,MD,AEA,EN,Federal Contract Tower,0,7,3,1,11,0,0,0,0,0,0,7,3,1,11,0,0,0,11
11/05/2010,HGR,MD,AEA,EN,Federal Contract Tower,9,18,4,0,31,0,2,45,7,54,9,20,49,7,85,36,0,36,121
11/06/2010,HGR,MD,AEA,EN,Federal Contract Tower,0,5,10,0,15,0,2,61,0,63,0,7,71,0,78,90,0,90,168
11/07/2010,HGR,MD,AEA,EN,Federal Contract Tower,0,6,11,0,17,0,3,37,0,40,0,9,48,0,57,42,0,42,99
11/08/2010,HGR,MD,AEA,EN,Federal Contract Tower,0,9,6,0,15,0,1,22,11,34,0,10,28,11,49,18,0,18,67
11/09/2010,HGR,MD,AEA,EN,Federal Contract Tower,0,7,10,1,18,0,7,51,15,73,0,14,61,16,91,22,0,22,113
11/10/2010,HGR,MD,AEA,EN,Federal Contract Tower,0,9,19,1,29,0,9,70,19,98,0,18,89,20,127,40,0,40,167
11/11/2010,HGR,MD,AEA,EN,Federal Contract Tower,0,11,16,0,27,0,16,115,21,152,0,27,131,21,179,64,0,64,243
11/12/2010,HGR,MD,AEA,EN,Federal Contract Tower,0,12,14,2,28,0,9,55,12,76,0,21,69,14,104,56,16,72,176
11/13/2010,HGR,MD,AEA,EN,Federal Contract Tower,0,7,17,0,24,0,2,68,0,70,0,9,85,0,94,50,0,50,144
11/14/2010,HGR,MD,AEA,EN,Federal Contract Tower,0,6,8,0,14,0,3,39,0,42,0,9,47,0,56,18,0,18,74
11/15/2010,HGR,MD,AEA,EN,Federal Contract Tower,0,11,11,1,23,0,1,67,18,86,0,12,78,19,109,30,0,30,139
11/16/2010,HGR,MD,AEA,EN,Federal Contract Tower,0,7,14,0,21,0,0,0,0,0,0,7,14,0,21,0,0,0,21
11/17/2010,HGR,MD,AEA,EN,Federal Contract Tower,0,8,13,0,21,0,0,4,16,20,0,8,17,16,41,0,0,0,41
11/18/2010,HGR,MD,AEA,EN,Federal Contract Tower,0,13,15,3,31,0,6,67,31,104,0,19,82,34,135,28,0,28,163
11/19/2010,HGR,MD,AEA,EN,Federal Contract Tower,0,9,7,6,22,0,0,64,19,83,0,9,71,25,105,68,0,68,173
11/20/2010,HGR,MD,AEA,EN,Federal Contract Tower,0,6,11,0,17,0,2,74,1,77,0,8,85,1,94,22,0,22,116
11/21/2010,HGR,MD,AEA,EN,Federal Contract Tower,0,7,16,0,23,0,6,57,7,70,0,13,73,7,93,86,28,114,207
11/22/2010,HGR,MD,AEA,EN,Federal Contract Tower,0,8,10,0,18,0,0,45,2,47,0,8,55,2,65,60,0,60,125
11/23/2010,HGR,MD,AEA,EN,Federal Contract Tower,0,7,11,0,18,0,8,48,7,63,0,15,59,7,81,0,0,0,81
11/24/2010,HGR,MD,AEA,EN,Federal Contract Tower,0,6,13,0,19,0,16,71,17,104,0,22,84,17,123,66,12,78,201
11/25/2010,HGR,MD,AEA,EN,Federal Contract Tower,0,7,1,0,8,0,11,4,0,15,0,18,5,0,23,0,0,0,23
11/26/2010,HGR,MD,AEA,EN,Federal Contract Tower,0,9,4,0,13,0,0,5,0,5,0,9,9,0,18,0,0,0,18
11/27/2010,HGR,MD,AEA,EN,Federal Contract Tower,0,5,5,0,10,0,2,24,0,26,0,7,29,0,36,14,0,14,50
11/28/2010,HGR,MD,AEA,EN,Federal Contract Tower,0,5,10,0,15,0,0,79,4,83,0,5,89,4,98,102,8,110,208
11/29/2010,HGR,MD,AEA,EN,Federal Contract Tower,0,10,9,1,20,0,0,45,3,48,0,10,54,4,68,12,0,12,80
11/30/2010,HGR,MD,AEA,EN,Federal Contract Tower,0,7,8,2,17,0,0,0,6,6,0,7,8,8,23,0,0,0,23
12/01/2010,HGR,MD,AEA,EN,Federal Contract Tower,0,10,3,0,13,0,0,0,0,0,0,10,3,0,13,0,0,0,13
12/02/2010,HGR,MD,AEA,EN,Federal Contract Tower,0,7,3,1,11,0,1,19,8,28,0,8,22,9,39,30,0,30,69
12/03/2010,HGR,MD,AEA,EN,Federal Contract Tower,0,9,7,8,24,0,8,41,3,52,0,17,48,11,76,56,0,56,132
12/04/2010,HGR,MD,AEA,EN,Federal Contract Tower,0,5,20,4,29,0,2,50,18,70,0,7,70,22,99,46,0,46,145
12/05/2010,HGR,MD,AEA,EN,Federal Contract Tower,0,6,6,0,12,0,2,8,0,10,0,8,14,0,22,44,0,44,66
12/06/2010,HGR,MD,AEA,EN,Federal Contract Tower,0,9,10,0,19,0,3,1,0,4,0,12,11,0,23,0,0,0,23
12/07/2010,HGR,MD,AEA,EN,Federal Contract Tower,0,7,6,1,14,0,1,18,23,42,0,8,24,24,56,0,0,0,56
12/08/2010,HGR,MD,AEA,EN,Federal Contract Tower,0,9,5,7,21,0,2,36,38,76,0,11,41,45,97,58,28,86,183
12/09/2010,HGR,MD,AEA,EN,Federal Contract Tower,0,8,20,1,29,0,10,134,25,169,0,18,154,26,198,48,10,58,256
12/10/2010,HGR,MD,AEA,EN,Federal Contract Tower,2,9,10,1,22,0,6,16,11,33,2,15,26,12,55,46,14,60,115
12/11/2010,HGR,MD,AEA,EN,Federal Contract Tower,0,6,7,0,13,0,1,65,0,66,0,7,72,0,79,90,0,90,169
12/12/2010,HGR,MD,AEA,EN,Federal Contract Tower,0,3,2,0,5,0,0,0,0,0,0,3,2,0,5,0,0,0,5
12/13/2010,HGR,MD,AEA,EN,Federal Contract Tower,0,9,3,1,13,0,4,4,3,11,0,13,7,4,24,0,0,0,24
12/14/2010,HGR,MD,AEA,EN,Federal Contract Tower,0,7,8,1,16,0,0,0,1,1,0,7,8,2,17,0,0,0,17
12/15/2010,HGR,MD,AEA,EN,Federal Contract Tower,0,9,13,2,24,0,0,7,46,53,0,9,20,48,77,0,14,14,91
12/16/2010,HGR,MD,AEA,EN,Federal Contract Tower,0,9,14,4,27,0,3,6,16,25,0,12,20,20,52,0,0,0,52
12/17/2010,HGR,MD,AEA,EN,Federal Contract Tower,0,12,20,2,34,0,3,30,16,49,0,15,50,18,83,42,0,42,125
12/18/2010,HGR,MD,AEA,EN,Federal Contract Tower,0,7,15,2,24,0,4,52,1,57,0,11,67,3,81,74,0,74,155
12/19/2010,HGR,MD,AEA,EN,Federal Contract Tower,0,5,2,0,7,0,2,19,0,21,0,7,21,0,28,12,0,12,40
12/20/2010,HGR,MD,AEA,EN,Federal Contract Tower,0,9,8,0,17,0,7,16,6,29,0,16,24,6,46,0,0,0,46
12/21/2010,HGR,MD,AEA,EN,Federal Contract Tower,0,6,4,0,10,0,11,25,13,49,0,17,29,13,59,0,0,0,59
12/22/2010,HGR,MD,AEA,EN,Federal Contract Tower,0,7,12,0,19,0,3,31,12,46,0,10,43,12,65,6,0,6,71
12/23/2010,HGR,MD,AEA,EN,Federal Contract Tower,0,7,4,0,11,0,5,3,0,8,0,12,7,0,19,0,0,0,19
12/24/2010,HGR,MD,AEA,EN,Federal Contract Tower,0,9,1,0,10,0,0,6,0,6,0,9,7,0,16,12,0,12,28
12/25/2010,HGR,MD,AEA,EN,Federal Contract Tower,0,6,0,0,6,0,7,2,0,9,0,13,2,0,15,0,0,0,15
12/26/2010,HGR,MD,AEA,EN,Federal Contract Tower,0,0,1,0,1,0,2,0,0,2,0,2,1,0,3,0,0,0,3
12/27/2010,HGR,MD,AEA,EN,Federal Contract Tower,0,1,1,1,3,0,1,2,0,3,0,2,3,1,6,0,0,0,6
12/28/2010,HGR,MD,AEA,EN,Federal Contract Tower,0,7,6,0,13,0,3,14,0,17,0,10,20,0,30,0,0,0,30
12/29/2010,HGR,MD,AEA,EN,Federal Contract Tower,0,5,18,0,23,0,2,45,2,49,0,7,63,2,72,24,0,24,96
12/30/2010,HGR,MD,AEA,EN,Federal Contract Tower,0,5,5,0,10,0,9,45,3,57,0,14,50,3,67,12,0,12,79
12/31/2010,HGR,MD,AEA,EN,Federal Contract Tower,0,9,3,0,12,0,7,40,0,47,0,16,43,0,59,30,0,30,89
01/01/2011,HGR,MD,AEA,EN,Federal Contract Tower,0,5,3,0,8,0,6,5,0,11,0,11,8,0,19,6,0,6,25
01/02/2011,HGR,MD,AEA,EN,Federal Contract Tower,0,4,10,0,14,0,3,34,0,37,0,7,44,0,51,30,0,30,81
01/03/2011,HGR,MD,AEA,EN,Federal Contract Tower,0,10,10,2,22,0,1,54,1,56,0,11,64,3,78,20,0,20,98
01/04/2011,HGR,MD,AEA,EN,Federal Contract Tower,0,6,12,0,18,0,6,46,0,52,0,12,58,0,70,14,0,14,84
01/05/2011,HGR,MD,AEA,EN,Federal Contract Tower,0,6,9,4,19,0,11,59,10,80,0,17,68,14,99,54,0,54,153
01/06/2011,HGR,MD,AEA,EN,Federal Contract Tower,0,6,14,1,21,0,2,43,17,62,0,8,57,18,83,66,6,72,155
01/07/2011,HGR,MD,AEA,EN,Federal Contract Tower,0,10,18,5,33,0,0,30,4,34,0,10,48,9,67,4,0,4,71
01/08/2011,HGR,MD,AEA,EN,Federal Contract Tower,0,5,6,0,11,0,2,13,2,17,0,7,19,2,28,32,12,44,72
01/09/2011,HGR,MD,AEA,EN,Federal Contract Tower,0,6,4,2,12,0,4,4,0,8,0,10,8,2,20,0,0,0,20
01/10/2011,HGR,MD,AEA,EN,Federal Contract Tower,0,12,2,0,14,0,4,53,16,73,0,16,55,16,87,62,0,62,149
01/11/2011,HGR,MD,AEA,EN,Federal Contract Tower,0,3,5,2,10,0,3,2,8,13,0,6,7,10,23,0,0,0,23
01/12/2011,HGR,MD,AEA,EN,Federal Contract Tower,0,7,11,4,22,0,5,6,5,16,0,12,17,9,38,10,4,14,52
01/13/2011,HGR,MD,AEA,EN,Federal Contract Tower,0,5,12,5,22,0,2,42,32,76,0,7,54,37,98,14,14,28,126
01/14/2011,HGR,MD,AEA,EN,Federal Contract Tower,0,14,22,6,42,0,3,45,8,56,0,17,67,14,98,70,0,70,168
01/15/2011,HGR,MD,AEA,EN,Federal Contract Tower,0,5,5,5,15,0,2,41,5,48,0,7,46,10,63,34,6,40,103
01/16/2011,HGR,MD,AEA,EN,Federal Contract Tower,0,6,12,1,19,0,6,17,1,24,0,12,29,2,43,4,4,8,51
01/17/2011,HGR,MD,AEA,EN,Federal Contract Tower,0,6,15,0,21,0,3,30,2,35,0,9,45,2,56,0,0,0,56
01/18/2011,HGR,MD,AEA,EN,Federal Contract Tower,0,6,6,0,12,0,0,0,0,0,0,6,6,0,12,0,0,0,12
01/19/2011,HGR,MD,AEA,EN,Federal Contract Tower,0,10,6,13,29,0,2,30,7,39,0,12,36,20,68,6,14,20,88
01/20/2011,HGR,MD,AEA,EN,Federal Contract Tower,0,6,12,1,19,0,2,49,17,68,0,8,61,18,87,38,14,52,139
01/21/2011,HGR,MD,AEA,EN,Federal Contract Tower,0,9,16,3,28,0,1,6,20,27,0,10,22,23,55,0,4,4,59
01/22/2011,HGR,MD,AEA,EN,Federal Contract Tower,0,5,14,0,19,0,8,65,1,74,0,13,79,1,93,56,0,56,149
01/23/2011,HGR,MD,AEA,EN,Federal Contract Tower,0,6,6,2,14,0,0,11,0,11,0,6,17,2,25,0,0,0,25
01/24/2011,HGR,MD,AEA,EN,Federal Contract Tower,0,9,9,2,20,0,6,41,20,67,0,15,50,22,87,26,0,26,113
01/25/2011,HGR,MD,AEA,EN,Federal Contract Tower,0,8,13,0,21,0,0,53,26,79,0,8,66,26,100,34,0,34,134
01/26/2011,HGR,MD,AEA,EN,Federal Contract Tower,0,3,1,0,4,0,0,0,0,0,0,3,1,0,4,0,0,0,4
01/27/2011,HGR,MD,AEA,EN,Federal Contract Tower,0,5,10,1,16,0,4,5,21,30,0,9,15,22,46,0,2,2,48
01/28/2011,HGR,MD,AEA,EN,Federal Contract Tower,0,9,7,5,21,0,0,4,7,11,0,9,11,12,32,0,0,0,32
01/29/2011,HGR,MD,AEA,EN,Federal Contract Tower,0,5,2,0,7,0,3,4,0,7,0,8,6,0,14,0,0,0,14
01/30/2011,HGR,MD,AEA,EN,Federal Contract Tower,0,7,13,0,20,0,4,44,4,52,0,11,57,4,72,96,4,100,172
01/31/2011,HGR,MD,AEA,EN,Federal Contract Tower,0,8,9,0,17,0,3,25,19,47,0,11,34,19,64,18,2,20,84
02/01/2011,HGR,MD,AEA,EN,Federal Contract Tower,0,6,0,0,6,0,0,0,0,0,0,6,0,0,6,0,0,0,6
02/02/2011,HGR,MD,AEA,EN,Federal Contract Tower,0,5,4,0,9,0,0,2,2,4,0,5,6,2,13,0,0,0,13
02/03/2011,HGR,MD,AEA,EN,Federal Contract Tower,0,6,6,6,18,0,1,47,23,71,0,7,53,29,89,32,0,32,121
02/04/2011,HGR,MD,AEA,EN,Federal Contract Tower,0,8,13,13,34,0,10,65,19,94,0,18,78,32,128,52,0,52,180
02/05/2011,HGR,MD,AEA,EN,Federal Contract Tower,0,0,4,0,4,0,0,0,0,0,0,0,4,0,4,0,0,0,4
02/06/2011,HGR,MD,AEA,EN,Federal Contract Tower,0,7,7,0,14,0,4,43,2,49,0,11,50,2,63,48,0,48,111
02/07/2011,HGR,MD,AEA,EN,Federal Contract Tower,0,10,9,1,20,0,0,49,14,63,0,10,58,15,83,64,0,64,147
02/08/2011,HGR,MD,AEA,EN,Federal Contract Tower,0,8,11,6,25,0,3,1,8,12,0,11,12,14,37,0,0,0,37
02/09/2011,HGR,MD,AEA,EN,Federal Contract Tower,0,7,13,8,28,0,2,39,24,65,0,9,52,32,93,36,28,64,157
02/10/2011,HGR,MD,AEA,EN,Federal Contract Tower,0,7,12,6,25,0,2,46,19,67,0,9,58,25,92,108,8,116,208
02/11/2011,HGR,MD,AEA,EN,Federal Contract Tower,0,10,9,16,35,0,3,46,22,71,0,13,55,38,106,24,44,68,174
02/12/2011,HGR,MD,AEA,EN,Federal Contract Tower,0,5,4,6,15,0,0,29,6,35,0,5,33,12,50,38,6,44,94
02/13/2011,HGR,MD,AEA,EN,Federal Contract Tower,0,6,11,7,24,0,2,23,0,25,0,8,34,7,49,10,0,10,59
02/14/2011,HGR,MD,AEA,EN,Federal Contract Tower,0,7,10,1,18,0,2,5,2,9,0,9,15,3,27,0,0,0,27
02/15/2011,HGR,MD,AEA,EN,Federal Contract Tower,0,6,6,19,31,0,0,28,69,97,0,6,34,88,128,26,20,46,174
02/16/2011,HGR,MD,AEA,EN,Federal Contract Tower,0,7,13,13,33,0,6,74,40,120,0,13,87,53,153,100,10,110,263
02/17/2011,HGR,MD,AEA,EN,Federal Contract Tower,0,7,10,2,19,0,7,67,29,103,0,14,77,31,122,32,28,60,182
02/18/2011,HGR,MD,AEA,EN,Federal Contract Tower,0,8,7,0,15,0,6,49,8,63,0,14,56,8,78,24,0,24,102
02/19/2011,HGR,MD,AEA,EN,Federal Contract Tower,0,2,1,0,3,0,0,1,0,1,0,2,2,0,4,0,0,0,4
02/20/2011,HGR,MD,AEA,EN,Federal Contract Tower,0,8,10,0,18,0,0,33,5,38,0,8,43,5,56,53,20,73,129
02/21/2011,HGR,MD,AEA,EN,Federal Contract Tower,0,7,11,0,18,0,0,0,0,0,0,7,11,0,18,0,0,0,18
02/22/2011,HGR,MD,AEA,EN,Federal Contract Tower,0,7,10,5,22,0,3,29,34,66,0,10,39,39,88,26,24,50,138
02/23/2011,HGR,MD,AEA,EN,Federal Contract Tower,0,10,17,4,31,0,8,84,30,122,0,18,101,34,153,106,0,106,259
02/24/2011,HGR,MD,AEA,EN,Federal Contract Tower,0,9,6,7,22,0,0,22,17,39,0,9,28,24,61,26,0,26,87
02/25/2011,HGR,MD,AEA,EN,Federal Contract Tower,0,4,1,7,12,0,0,0,0,0,0,4,1,7,12,0,0,0,12
02/26/2011,HGR,MD,AEA,EN,Federal Contract Tower,0,5,13,2,20,0,7,84,17,108,0,12,97,19,128,72,0,72,200
02/27/2011,HGR,MD,AEA,EN,Federal Contract Tower,0,6,7,2,15,0,4,67,6,77,0,10,74,8,92,52,8,60,152
02/28/2011,HGR,MD,AEA,EN,Federal Contract Tower,0,9,6,2,17,0,0,3,1,4,0,9,9,3,21,22,0,22,43
03/01/2011,HGR,MD,AEA,EN,Federal Contract Tower,0,7,17,0,24,0,66,71,23,160,0,73,88,23,184,50,8,58,242
03/02/2011,HGR,MD,AEA,EN,Federal Contract Tower,0,12,10,1,23,0,17,47,19,83,0,29,57,20,106,52,0,52,158
03/03/2011,HGR,MD,AEA,EN,Federal Contract Tower,0,8,15,0,23,0,18,85,15,118,0,26,100,15,141,44,0,44,185
03/04/2011,HGR,MD,AEA,EN,Federal Contract Tower,0,11,17,2,30,0,0,12,6,18,0,11,29,8,48,8,0,8,56
03/05/2011,HGR,MD,AEA,EN,Federal Contract Tower,0,5,9,0,14,0,2,8,0,10,0,7,17,0,24,8,0,8,32
03/06/2011,HGR,MD,AEA,EN,Federal Contract Tower,0,3,9,0,12,0,0,0,0,0,0,3,9,0,12,0,0,0,12
03/07/2011,HGR,MD,AEA,EN,Federal Contract Tower,0,10,10,0,20,0,11,32,2,45,0,21,42,2,65,64,0,64,129
03/08/2011,HGR,MD,AEA,EN,Federal Contract Tower,0,7,12,1,20,0,4,104,15,123,0,11,116,16,143,82,0,82,225
03/09/2011,HGR,MD,AEA,EN,Federal Contract Tower,0,7,8,4,19,0,5,7,0,12,0,12,15,4,31,0,0,0,31
03/10/2011,HGR,MD,AEA,EN,Federal Contract Tower,0,8,5,4,17,0,0,0,0,0,0,8,5,4,17,0,0,0,17
03/11/2011,HGR,MD,AEA,EN,Federal Contract Tower,0,9,13,18,40,0,5,59,9,73,0,14,72,27,113,70,6,76,189
03/12/2011,HGR,MD,AEA,EN,Federal Contract Tower,0,6,6,2,14,0,3,55,2,60,0,9,61,4,74,76,0,76,150
03/13/2011,HGR,MD,AEA,EN,Federal Contract Tower,0,6,11,6,23,0,3,42,18,63,0,9,53,24,86,38,36,74,160
03/14/2011,HGR,MD,AEA,EN,Federal Contract Tower,0,10,16,2,28,0,4,43,10,57,0,14,59,12,85,56,10,66,151
03/15/2011,HGR,MD,AEA,EN,Federal Contract Tower,0,7,16,0,23,0,0,62,12,74,0,7,78,12,97,52,0,52,149
03/16/2011,HGR,MD,AEA,EN,Federal Contract Tower,0,9,15,5,29,0,4,41,11,56,0,13,56,16,85,48,0,48,133
03/17/2011,HGR,MD,AEA,EN,Federal Contract Tower,0,8,12,3,23,0,5,91,16,112,0,13,103,19,135,84,6,90,225
03/18/2011,HGR,MD,AEA,EN,Federal Contract Tower,0,9,7,3,19,0,8,36,0,44,0,17,43,3,63,52,0,52,115
03/19/2011,HGR,MD,AEA,EN,Federal Contract Tower,0,5,4,0,9,0,45,3,0,48,0,50,7,0,57,74,0,74,131
03/20/2011,HGR,MD,AEA,EN,Federal Contract Tower,0,4,13,0,17,0,2,71,6,79,0,6,84,6,96,106,0,106,202
03/21/2011,HGR,MD,AEA,EN,Federal Contract Tower,0,8,14,0,22,0,0,16,8,24,0,8,30,8,46,26,0,26,72
03/22/2011,HGR,MD,AEA,EN,Federal Contract Tower,0,7,13,0,20,0,0,63,20,83,0,7,76,20,103,60,0,60,163
03/23/2011,HGR,MD,AEA,EN,Federal Contract Tower,0,7,13,4,24,0,0,0,0,0,0,7,13,4,24,0,0,0,24
03/24/2011,HGR,MD,AEA,EN,Federal Contract Tower,0,9,14,4,27,0,0,2,0,2,0,9,16,4,29,0,0,0,29
03/25/2011,HGR,MD,AEA,EN,Federal Contract Tower,0,9,8,1,18,0,6,64,9,79,0,15,72,10,97,60,0,60,157
03/26/2011,HGR,MD,AEA,EN,Federal Contract Tower,0,5,7,0,12,0,8,65,6,79,0,13,72,6,91,74,0,74,165
03/27/2011,HGR,MD,AEA,EN,Federal Contract Tower,0,6,5,2,13,0,2,27,6,35,0,8,32,8,48,20,0,20,68
03/28/2011,HGR,MD,AEA,EN,Federal Contract Tower,0,7,7,0,14,0,6,46,8,60,0,13,53,8,74,76,0,76,150
03/29/2011,HGR,MD,AEA,EN,Federal Contract Tower,0,6,6,0,12,0,2,54,12,68,0,8,60,12,80,46,0,46,126
03/30/2011,HGR,MD,AEA,EN,Federal Contract Tower,0,7,7,5,19,0,3,19,12,34,0,10,26,17,53,10,10,20,73
03/31/2011,HGR,MD,AEA,EN,Federal Contract Tower,0,8,6,0,14,0,0,0,0,0,0,8,6,0,14,0,0,0,14
04/01/2011,HGR,MD,AEA,EN,Federal Contract Tower,0,9,10,2,21,0,5,26,0,31,0,14,36,2,52,36,2,38,90
04/02/2011,HGR,MD,AEA,EN,Federal Contract Tower,0,5,3,0,8,0,0,4,0,4,0,5,7,0,12,20,0,20,32
04/03/2011,HGR,MD,AEA,EN,Federal Contract Tower,0,6,14,0,20,0,4,24,7,35,0,10,38,7,55,28,6,34,89
04/04/2011,HGR,MD,AEA,EN,Federal Contract Tower,0,9,6,0,15,0,4,34,2,40,0,13,40,2,55,16,0,16,71
04/05/2011,HGR,MD,AEA,EN,Federal Contract Tower,0,7,12,1,20,0,1,5,0,6,0,8,17,1,26,0,0,0,26
04/06/2011,HGR,MD,AEA,EN,Federal Contract Tower,0,9,10,1,20,0,6,63,20,89,0,15,73,21,109,100,0,100,209
04/07/2011,HGR,MD,AEA,EN,Federal Contract Tower,0,7,11,1,19,0,8,80,10,98,0,15,91,11,117,96,0,96,213
04/08/2011,HGR,MD,AEA,EN,Federal Contract Tower,0,12,15,4,31,0,0,0,0,0,0,12,15,4,31,0,0,0,31
04/09/2011,HGR,MD,AEA,EN,Federal Contract Tower,0,6,4,14,24,0,5,4,0,9,0,11,8,14,33,50,0,50,83
04/10/2011,HGR,MD,AEA,EN,Federal Contract Tower,0,6,13,1,20,0,5,18,0,23,0,11,31,1,43,52,0,52,95
04/11/2011,HGR,MD,AEA,EN,Federal Contract Tower,0,9,11,0,20,0,0,23,7,30,0,9,34,7,50,6,0,6,56
04/12/2011,HGR,MD,AEA,EN,Federal Contract Tower,0,8,8,3,19,0,4,2,0,6,0,12,10,3,25,0,12,12,37
04/13/2011,HGR,MD,AEA,EN,Federal Contract Tower,0,6,26,0,32,0,8,19,4,31,0,14,45,4,63,0,0,0,63
04/14/2011,HGR,MD,AEA,EN,Federal Contract Tower,0,7,23,18,48,0,2,126,16,144,0,9,149,34,192,62,24,86,278
04/15/2011,HGR,MD,AEA,EN,Federal Contract Tower,0,10,9,0,19,0,4,93,5,102,0,14,102,5,121,104,0,104,225
04/16/2011,HGR,MD,AEA,EN,Federal Contract Tower,0,4,0,0,4,0,0,0,0,0,0,4,0,0,4,0,0,0,4
04/17/2011,HGR,MD,AEA,EN,Federal Contract Tower,0,7,7,0,14,0,0,16,1,17,0,7,23,1,31,0,0,0,31
04/18/2011,HGR,MD,AEA,EN,Federal Contract Tower,0,9,7,0,16,0,4,52,1,57,0,13,59,1,73,88,0,88,161
04/19/2011,HGR,MD,AEA,EN,Federal Contract Tower,0,6,7,8,21,0,0,0,0,0,0,6,7,8,21,0,0,0,21
04/20/2011,HGR,MD,AEA,EN,Federal Contract Tower,0,10,7,7,24,0,0,29,10,39,0,10,36,17,63,12,0,12,75
04/21/2011,HGR,MD,AEA,EN,Federal Contract Tower,0,7,17,0,24,0,12,52,31,95,0,19,69,31,119,0,0,0,119
04/22/2011,HGR,MD,AEA,EN,Federal Contract Tower,0,9,10,2,21,0,1,21,9,31,0,10,31,11,52,24,0,24,76
04/23/2011,HGR,MD,AEA,EN,Federal Contract Tower,0,5,8,0,13,0,2,15,0,17,0,7,23,0,30,18,0,18,48
04/24/2011,HGR,MD,AEA,EN,Federal Contract Tower,0,6,2,0,8,0,0,21,0,21,0,6,23,0,29,16,0,16,45
04/25/2011,HGR,MD,AEA,EN,Federal Contract Tower,0,8,16,0,24,0,4,59,3,66,0,12,75,3,90,42,0,42,132
04/26/2011,HGR,MD,AEA,EN,Federal Contract Tower,0,7,15,2,24,0,0,63,18,81,0,7,78,20,105,30,8,38,143
04/27/2011,HGR,MD,AEA,EN,Federal Contract Tower,0,11,7,3,21,0,5,22,17,44,0,16,29,20,65,16,0,16,81
04/28/2011,HGR,MD,AEA,EN,Federal Contract Tower,0,5,4,0,9,0,3,18,14,35,0,8,22,14,44,16,0,16,60
04/29/2011,HGR,MD,AEA,EN,Federal Contract Tower,0,9,17,1,27,0,6,41,20,67,0,15,58,21,94,52,20,72,166
04/30/2011,HGR,MD,AEA,EN,Federal Contract Tower,0,6,10,0,16,0,0,74,2,76,0,6,84,2,92,88,0,88,180
05/01/2011,HGR,MD,AEA,EN,Federal Contract Tower,0,8,7,0,15,0,2,27,0,29,0,10,34,0,44,34,0,34,78
05/02/2011,HGR,MD,AEA,EN,Federal Contract Tower,0,10,10,0,20,0,3,15,3,21,0,13,25,3,41,70,0,70,111
05/03/2011,HGR,MD,AEA,EN,Federal Contract Tower,0,7,9,0,16,0,3,44,4,51,0,10,53,4,67,14,0,14,81
05/04/2011,HGR,MD,AEA,EN,Federal Contract Tower,0,7,12,1,20,0,0,18,7,25,0,7,30,8,45,10,0,10,55
05/05/2011,HGR,MD,AEA,EN,Federal Contract Tower,0,16,15,2,33,0,4,49,8,61,0,20,64,10,94,32,16,48,142
05/06/2011,HGR,MD,AEA,EN,Federal Contract Tower,0,10,9,7,26,0,8,87,7,102,0,18,96,14,128,138,10,148,276
05/07/2011,HGR,MD,AEA,EN,Federal Contract Tower,0,8,6,2,16,0,2,57,6,65,0,10,63,8,81,30,10,40,121
05/08/2011,HGR,MD,AEA,EN,Federal Contract Tower,0,6,10,0,16,0,1,43,3,47,0,7,53,3,63,64,8,72,135
05/09/2011,HGR,MD,AEA,EN,Federal Contract Tower,0,12,13,0,25,0,11,69,6,86,0,23,82,6,111,88,0,88,199
05/10/2011,HGR,MD,AEA,EN,Federal Contract Tower,0,7,17,3,27,0,7,77,4,88,0,14,94,7,115,42,0,42,157
05/11/2011,HGR,MD,AEA,EN,Federal Contract Tower,0,7,15,0,22,0,4,92,7,103,0,11,107,7,125,90,0,90,215
05/12/2011,HGR,MD,AEA,EN,Federal Contract Tower,0,7,6,10,23,0,10,92,35,137,0,17,98,45,160,74,38,112,272
05/13/2011,HGR,MD,AEA,EN,Federal Contract Tower,0,9,23,0,32,0,0,0,0,0,0,9,23,0,32,0,0,0,32
05/14/2011,HGR,MD,AEA,EN,Federal Contract Tower,0,5,8,4,17,0,0,1,0,1,0,5,9,4,18,8,0,8,26
05/15/2011,HGR,MD,AEA,EN,Federal Contract Tower,0,6,6,0,12,0,1,0,0,1,0,7,6,0,13,0,0,0,13
05/16/2011,HGR,MD,AEA,EN,Federal Contract Tower,0,10,14,4,28,0,4,31,18,53,0,14,45,22,81,32,0,32,113
05/17/2011,HGR,MD,AEA,EN,Federal Contract Tower,0,8,9,4,21,0,0,0,0,0,0,8,9,4,21,0,0,0,21
05/18/2011,HGR,MD,AEA,EN,Federal Contract Tower,0,11,15,12,38,0,0,23,16,39,0,11,38,28,77,20,0,20,97
05/19/2011,HGR,MD,AEA,EN,Federal Contract Tower,0,7,26,20,53,0,1,15,5,21,0,8,41,25,74,28,0,28,102
05/20/2011,HGR,MD,AEA,EN,Federal Contract Tower,0,11,19,6,36,0,2,38,21,61,0,13,57,27,97,32,4,36,133
05/21/2011,HGR,MD,AEA,EN,Federal Contract Tower,0,5,10,0,15,0,10,100,4,114,0,15,110,4,129,122,0,122,251
05/22/2011,HGR,MD,AEA,EN,Federal Contract Tower,0,6,19,0,25,0,7,56,2,65,0,13,75,2,90,108,0,108,198
05/23/2011,HGR,MD,AEA,EN,Federal Contract Tower,0,9,20,1,30,0,4,16,12,32,0,13,36,13,62,22,0,22,84
05/24/2011,HGR,MD,AEA,EN,Federal Contract Tower,0,7,6,4,17,0,10,95,27,132,0,17,101,31,149,70,0,70,219
05/25/2011,HGR,MD,AEA,EN,Federal Contract Tower,0,7,8,5,20,0,18,92,29,139,0,25,100,34,159,70,10,80,239
05/26/2011,HGR,MD,AEA,EN,Federal Contract Tower,0,11,14,7,32,0,2,78,32,112,0,13,92,39,144,80,26,106,250
05/27/2011,HGR,MD,AEA,EN,Federal Contract Tower,0,12,22,2,36,0,1,55,7,63,0,13,77,9,99,30,10,40,139
05/28/2011,HGR,MD,AEA,EN,Federal Contract Tower,0,7,18,0,25,0,4,51,0,55,0,11,69,0,80,70,0,70,150
05/29/2011,HGR,MD,AEA,EN,Federal Contract Tower,0,6,11,0,17,0,14,63,0,77,0,20,74,0,94,66,0,66,160
05/30/2011,HGR,MD,AEA,EN,Federal Contract Tower,0,10,5,2,17,0,5,96,0,101,0,15,101,2,118,70,0,70,188
05/31/2011,HGR,MD,AEA,EN,Federal Contract Tower,0,8,6,0,14,0,7,88,19,114,0,15,94,19,128,96,4,100,228
06/01/2011,HGR,MD,AEA,EN,Federal Contract Tower,0,11,4,2,17,0,10,70,28,108,0,21,74,30,125,36,20,56,181
06/02/2011,HGR,MD,AEA,EN,Federal Contract Tower,0,12,10,4,26,0,5,84,23,112,0,17,94,27,138,88,38,126,264
06/03/2011,HGR,MD,AEA,EN,Federal Contract Tower,0,8,11,5,24,0,11,116,28,155,0,19,127,33,179,134,24,158,337
06/04/2011,HGR,MD,AEA,EN,Federal Contract Tower,0,6,11,0,17,0,10,82,2,94,0,16,93,2,111,70,0,70,181
06/05/2011,HGR,MD,AEA,EN,Federal Contract Tower,0,7,6,0,13,0,2,47,2,51,0,9,53,2,64,62,0,62,126
06/06/2011,HGR,MD,AEA,EN,Federal Contract Tower,0,8,18,1,27,0,6,86,15,107,0,14,104,16,134,158,6,164,298
06/07/2011,HGR,MD,AEA,EN,Federal Contract Tower,0,8,11,0,19,0,13,103,43,159,0,21,114,43,178,136,26,162,340
06/08/2011,HGR,MD,AEA,EN,Federal Contract Tower,0,9,14,3,26,0,9,105,43,157,0,18,119,46,183,116,22,138,321
06/09/2011,HGR,MD,AEA,EN,Federal Contract Tower,0,9,11,8,28,0,8,80,35,123,0,17,91,43,151,76,30,106,257
06/10/2011,HGR,MD,AEA,EN,Federal Contract Tower,0,13,17,5,35,0,5,67,33,105,0,18,84,38,140,88,8,96,236
06/11/2011,HGR,MD,AEA,EN,Federal Contract Tower,0,7,7,4,18,0,1,37,0,38,0,8,44,4,56,54,0,54,110
06/12/2011,HGR,MD,AEA,EN,Federal Contract Tower,0,11,7,0,18,0,6,34,1,41,0,17,41,1,59,54,0,54,113
06/13/2011,HGR,MD,AEA,EN,Federal Contract Tower,0,9,10,1,20,0,11,74,26,111,0,20,84,27,131,76,2,78,209
06/14/2011,HGR,MD,AEA,EN,Federal Contract Tower,0,7,6,5,18,0,6,93,23,122,0,13,99,28,140,62,24,86,226
06/15/2011,HGR,MD,AEA,EN,Federal Contract Tower,0,9,16,9,34,0,8,99,21,128,0,17,115,30,162,112,8,120,282
06/16/2011,HGR,MD,AEA,EN,Federal Contract Tower,0,7,10,4,21,0,0,58,25,83,0,7,68,29,104,78,6,84,188
06/17/2011,HGR,MD,AEA,EN,Federal Contract Tower,0,13,14,4,31,0,3,75,11,89,0,16,89,15,120,72,0,72,192
06/18/2011,HGR,MD,AEA,EN,Federal Contract Tower,0,5,12,0,17,0,3,53,4,60,0,8,65,4,77,60,0,60,137
06/19/2011,HGR,MD,AEA,EN,Federal Contract Tower,0,6,17,2,25,0,5,52,0,57,0,11,69,2,82,114,0,114,196
06/20/2011,HGR,MD,AEA,EN,Federal Contract Tower,0,7,14,4,25,0,2,50,2,54,0,9,64,6,79,112,0,112,191
06/21/2011,HGR,MD,AEA,EN,Federal Contract Tower,0,5,17,0,22,0,24,88,13,125,0,29,105,13,147,84,0,84,231
06/22/2011,HGR,MD,AEA,EN,Federal Contract Tower,0,8,8,0,16,0,12,91,27,130,0,20,99,27,146,46,10,56,202
06/23/2011,HGR,MD,AEA,EN,Federal Contract Tower,2,8,15,0,25,0,4,74,15,93,2,12,89,15,118,66,10,76,194
06/24/2011,HGR,MD,AEA,EN,Federal Contract Tower,0,9,9,0,18,0,3,77,9,89,0,12,86,9,107,72,0,72,179
06/25/2011,HGR,MD,AEA,EN,Federal Contract Tower,0,6,4,0,10,0,15,86,2,103,0,21,90,2,113,112,0,112,225
06/26/2011,HGR,MD,AEA,EN,Federal Contract Tower,2,7,9,1,19,0,6,116,1,123,2,13,125,2,142,146,0,146,288
06/27/2011,HGR,MD,AEA,EN,Federal Contract Tower,0,18,12,5,35,0,14,47,10,71,0,32,59,15,106,64,8,72,178
06/28/2011,HGR,MD,AEA,EN,Federal Contract Tower,0,8,14,0,22,0,3,60,1,64,0,11,74,1,86,58,0,58,144
06/29/2011,HGR,MD,AEA,EN,Federal Contract Tower,0,11,21,0,32,0,3,122,3,128,0,14,143,3,160,104,0,104,264
06/30/2011,HGR,MD,AEA,EN,Federal Contract Tower,0,2,8,17,27,0,12,113,19,144,0,14,121,36,171,58,4,62,233
07/01/2011,HGR,MD,AEA,EN,Federal Contract Tower,0,9,20,0,29,0,5,109,5,119,0,14,129,5,148,62,0,62,210
07/02/2011,HGR,MD,AEA,EN,Federal Contract Tower,0,5,7,0,12,0,2,93,4,99,0,7,100,4,111,144,0,144,255
07/03/2011,HGR,MD,AEA,EN,Federal Contract Tower,2,7,3,0,12,0,8,26,0,34,2,15,29,0,46,12,0,12,58
07/04/2011,HGR,MD,AEA,EN,Federal Contract Tower,0,9,3,0,12,0,7,56,0,63,0,16,59,0,75,60,0,60,135
07/05/2011,HGR,MD,AEA,EN,Federal Contract Tower,0,7,12,0,19,0,1,66,0,67,0,8,78,0,86,42,0,42,128
07/06/2011,HGR,MD,AEA,EN,Federal Contract Tower,0,7,12,2,21,0,4,75,7,86,0,11,87,9,107,114,0,114,221
07/07/2011,HGR,MD,AEA,EN,Federal Contract Tower,2,7,7,1,17,0,4,53,2,59,2,11,60,3,76,70,4,74,150
07/08/2011,HGR,MD,AEA,EN,Federal Contract Tower,0,7,22,1,30,0,1,24,0,25,0,8,46,1,55,20,0,20,75
07/09/2011,HGR,MD,AEA,EN,Federal Contract Tower,0,8,10,0,18,0,6,80,1,87,0,14,90,1,105,42,0,42,147
07/10/2011,HGR,MD,AEA,EN,Federal Contract Tower,2,6,9,1,18,0,4,63,0,67,2,10,72,1,85,20,0,20,105
07/11/2011,HGR,MD,AEA,EN,Federal Contract Tower,0,9,17,0,26,0,3,64,4,71,0,12,81,4,97,60,0,60,157
07/12/2011,HGR,MD,AEA,EN,Federal Contract Tower,0,7,13,0,20,0,5,87,3,95,0,12,100,3,115,60,0,60,175
07/13/2011,HGR,MD,AEA,EN,Federal Contract Tower,0,8,18,1,27,0,3,83,10,96,0,11,101,11,123,72,0,72,195
07/14/2011,HGR,MD,AEA,EN,Federal Contract Tower,2,8,9,2,21,0,11,87,7,105,2,19,96,9,126,108,26,134,260
07/15/2011,HGR,MD,AEA,EN,Federal Contract Tower,0,8,15,0,23,0,5,81,3,89,0,13,96,3,112,126,0,126,238
07/16/2011,HGR,MD,AEA,EN,Federal Contract Tower,0,5,9,0,14,0,4,86,27,117,0,9,95,27,131,86,6,92,223
07/17/2011,HGR,MD,AEA,EN,Federal Contract Tower,2,7,3,0,12,0,5,71,17,93,2,12,74,17,105,60,0,60,165
07/18/2011,HGR,MD,AEA,EN,Federal Contract Tower,0,10,12,0,22,0,2,34,27,63,0,12,46,27,85,42,116,158,243
07/19/2011,HGR,MD,AEA,EN,Federal Contract Tower,0,6,16,4,26,0,0,53,30,83,0,6,69,34,109,80,52,132,241
07/20/2011,HGR,MD,AEA,EN,Federal Contract Tower,0,7,20,1,28,0,4,48,44,96,0,11,68,45,124,10,224,234,358
07/21/2011,HGR,MD,AEA,EN,Federal Contract Tower,6,7,21,2,36,6,10,95,36,147,12,17,116,38,183,64,196,260,443
07/22/2011,HGR,MD,AEA,EN,Federal Contract Tower,0,11,11,0,22,0,0,43,44,87,0,11,54,44,109,50,84,134,243
07/23/2011,HGR,MD,AEA,EN,Federal Contract Tower,0,7,6,4,17,0,1,39,4,44,0,8,45,8,61,32,0,32,93
07/24/2011,HGR,MD,AEA,EN,Federal Contract Tower,2,6,9,0,17,0,1,39,3,43,2,7,48,3,60,18,0,18,78
07/25/2011,HGR,MD,AEA,EN,Federal Contract Tower,0,5,5,1,11,0,1,25,9,35,0,6,30,10,46,14,0,14,60
07/26/2011,HGR,MD,AEA,EN,Federal Contract Tower,0,8,10,0,18,0,2,103,16,121,0,10,113,16,139,68,14,82,221
07/27/2011,HGR,MD,AEA,EN,Federal Contract Tower,0,8,13,2,23,0,10,64,12,86,0,18,77,14,109,118,0,118,227
07/28/2011,HGR,MD,AEA,EN,Federal Contract Tower,2,6,8,4,20,0,8,62,23,93,2,14,70,27,113,116,6,122,235
07/29/2011,HGR,MD,AEA,EN,Federal Contract Tower,0,11,10,0,21,0,2,55,17,74,0,13,65,17,95,76,6,82,177
07/30/2011,HGR,MD,AEA,EN,Federal Contract Tower,0,5,14,0,19,0,5,57,8,70,0,10,71,8,89,110,18,128,217
07/31/2011,HGR,MD,AEA,EN,Federal Contract Tower,2,7,7,2,18,0,0,53,0,53,2,7,60,2,71,76,0,76,147
08/01/2011,HGR,MD,AEA,EN,Federal Contract Tower,0,8,17,2,27,0,6,46,10,62,0,14,63,12,89,8,26,34,123
08/02/2011,HGR,MD,AEA,EN,Federal Contract Tower,0,7,2,2,11,0,3,81,31,115,0,10,83,33,126,130,20,150,276
08/03/2011,HGR,MD,AEA,EN,Federal Contract Tower,0,6,6,11,23,0,2,16,5,23,0,8,22,16,46,6,10,16,62
08/04/2011,HGR,MD,AEA,EN,Federal Contract Tower,2,10,19,5,36,0,9,49,22,80,2,19,68,27,116,132,64,196,312
08/05/2011,HGR,MD,AEA,EN,Federal Contract Tower,0,11,20,4,35,0,5,67,7,79,0,16,87,11,114,76,0,76,190
08/06/2011,HGR,MD,AEA,EN,Federal Contract Tower,0,3,11,1,15,0,0,11,0,11,0,3,22,1,26,54,0,54,80
08/07/2011,HGR,MD,AEA,EN,Federal Contract Tower,2,8,16,0,26,0,0,8,0,8,2,8,24,0,34,0,0,0,34
08/08/2011,HGR,MD,AEA,EN,Federal Contract Tower,0,9,17,0,26,0,2,52,22,76,0,11,69,22,102,26,0,26,128
08/09/2011,HGR,MD,AEA,EN,Federal Contract Tower,0,11,13,5,29,0,4,47,19,70,0,15,60,24,99,138,0,138,237
08/10/2011,HGR,MD,AEA,EN,Federal Contract Tower,0,7,12,2,21,0,8,96,50,154,0,15,108,52,175,168,4,172,347
08/11/2011,HGR,MD,AEA,EN,Federal Contract Tower,2,8,17,3,30,0,2,100,36,138,2,10,117,39,168,188,10,198,366
08/12/2011,HGR,MD,AEA,EN,Federal Contract Tower,0,10,6,4,20,0,2,117,22,141,0,12,123,26,161,112,0,112,273
08/13/2011,HGR,MD,AEA,EN,Federal Contract Tower,0,5,7,1,13,0,6,36,0,42,0,11,43,1,55,64,0,64,119
08/14/2011,HGR,MD,AEA,EN,Federal Contract Tower,1,8,8,8,25,0,2,16,3,21,1,10,24,11,46,0,2,2,48
08/15/2011,HGR,MD,AEA,EN,Federal Contract Tower,1,9,10,4,24,0,4,7,1,12,1,13,17,5,36,0,0,0,36
08/16/2011,HGR,MD,AEA,EN,Federal Contract Tower,0,7,8,0,15,0,0,60,31,91,0,7,68,31,106,76,0,76,182
08/17/2011,HGR,MD,AEA,EN,Federal Contract Tower,0,7,7,4,18,0,3,90,31,124,0,10,97,35,142,120,0,120,262
08/18/2011,HGR,MD,AEA,EN,Federal Contract Tower,2,4,16,2,24,0,4,78,24,106,2,8,94,26,130,96,16,112,242
08/19/2011,HGR,MD,AEA,EN,Federal Contract Tower,0,6,22,1,29,0,2,33,1,36,0,8,55,2,65,38,0,38,103
08/20/2011,HGR,MD,AEA,EN,Federal Contract Tower,0,6,21,0,27,0,5,76,1,82,0,11,97,1,109,126,0,126,235
08/21/2011,HGR,MD,AEA,EN,Federal Contract Tower,2,7,3,0,12,0,3,27,0,30,2,10,30,0,42,20,0,20,62
08/22/2011,HGR,MD,AEA,EN,Federal Contract Tower,0,10,11,0,21,0,4,64,11,79,0,14,75,11,100,44,0,44,144
08/23/2011,HGR,MD,AEA,EN,Federal Contract Tower,0,11,14,1,26,0,5,119,21,145,0,16,133,22,171,142,20,162,333
08/24/2011,HGR,MD,AEA,EN,Federal Contract Tower,0,13,7,0,20,0,2,84,24,110,0,15,91,24,130,32,0,32,162
08/25/2011,HGR,MD,AEA,EN,Federal Contract Tower,0,7,15,0,22,0,0,34,4,38,0,7,49,4,60,78,0,78,138
08/26/2011,HGR,MD,AEA,EN,Federal Contract Tower,0,10,21,3,34,0,2,78,23,103,0,12,99,26,137,58,0,58,195
08/27/2011,HGR,MD,AEA,EN,Federal Contract Tower,0,0,1,0,1,0,2,2,0,4,0,2,3,0,5,4,0,4,9
08/28/2011,HGR,MD,AEA,EN,Federal Contract Tower,0,0,3,0,3,0,4,5,11,20,0,4,8,11,23,0,0,0,23
08/29/2011,HGR,MD,AEA,EN,Federal Contract Tower,0,9,17,5,31,0,0,67,17,84,0,9,84,22,115,52,18,70,185
08/30/2011,HGR,MD,AEA,EN,Federal Contract Tower,0,8,12,1,21,0,5,82,28,115,0,13,94,29,136,82,0,82,218
08/31/2011,HGR,MD,AEA,EN,Federal Contract Tower,0,10,16,2,28,0,6,97,37,140,0,16,113,39,168,114,18,132,300
09/01/2011,HGR,MD,AEA,EN,Federal Contract Tower,0,7,20,3,30,0,4,57,12,73,0,11,77,15,103,114,16,130,233
09/02/2011,HGR,MD,AEA,EN,Federal Contract Tower,0,10,13,3,26,0,3,42,2,47,0,13,55,5,73,0,0,0,73
09/03/2011,HGR,MD,AEA,EN,Federal Contract Tower,0,7,6,1,14,0,21,2,0,23,0,28,8,1,37,44,0,44,81
09/04/2011,HGR,MD,AEA,EN,Federal Contract Tower,0,5,3,4,12,0,4,14,4,22,0,9,17,8,34,16,6,22,56
09/05/2011,HGR,MD,AEA,EN,Federal Contract Tower,0,7,4,0,11,0,0,0,0,0,0,7,4,0,11,0,0,0,11
09/06/2011,HGR,MD,AEA,EN,Federal Contract Tower,0,7,15,3,25,0,2,1,0,3,0,9,16,3,28,0,0,0,28
09/07/2011,HGR,MD,AEA,EN,Federal Contract Tower,0,5,6,0,11,0,0,0,0,0,0,5,6,0,11,0,0,0,11
09/08/2011,HGR,MD,AEA,EN,Federal Contract Tower,0,7,24,4,35,0,0,3,0,3,0,7,27,4,38,0,0,0,38
09/09/2011,HGR,MD,AEA,EN,Federal Contract Tower,0,11,15,2,28,0,0,7,0,7,0,11,22,2,35,0,0,0,35
09/10/2011,HGR,MD,AEA,EN,Federal Contract Tower,0,5,8,3,16,0,1,32,15,48,0,6,40,18,64,52,0,52,116
09/11/2011,HGR,MD,AEA,EN,Federal Contract Tower,0,4,16,10,30,0,2,41,0,43,0,6,57,10,73,38,0,38,111
09/12/2011,HGR,MD,AEA,EN,Federal Contract Tower,0,10,20,0,30,0,4,67,20,91,0,14,87,20,121,64,0,64,185
09/13/2011,HGR,MD,AEA,EN,Federal Contract Tower,0,10,20,2,32,0,6,113,16,135,0,16,133,18,167,126,0,126,293
09/14/2011,HGR,MD,AEA,EN,Federal Contract Tower,0,11,11,4,26,0,5,92,19,116,0,16,103,23,142,80,6,86,228
09/15/2011,HGR,MD,AEA,EN,Federal Contract Tower,0,9,16,8,33,0,3,5,6,14,0,12,21,14,47,0,0,0,47
09/16/2011,HGR,MD,AEA,EN,Federal Contract Tower,8,23,0,0,31,0,1,72,5,78,8,24,72,5,109,126,0,126,235
09/17/2011,HGR,MD,AEA,EN,Federal Contract Tower,0,5,14,0,19,0,6,67,7,80,0,11,81,7,99,76,0,76,175
09/18/2011,HGR,MD,AEA,EN,Federal Contract Tower,0,8,12,4,24,0,6,61,0,67,0,14,73,4,91,42,0,42,133
09/19/2011,HGR,MD,AEA,EN,Federal Contract Tower,0,8,16,3,27,0,4,26,3,33,0,12,42,6,60,18,0,18,78
09/20/2011,HGR,MD,AEA,EN,Federal Contract Tower,0,6,14,1,21,0,3,24,5,32,0,9,38,6,53,40,0,40,93
09/21/2011,HGR,MD,AEA,EN,Federal Contract Tower,0,9,24,7,40,0,58,10,2,70,0,67,34,9,110,0,0,0,110
09/22/2011,HGR,MD,AEA,EN,Federal Contract Tower,0,8,20,6,34,0,25,39,7,71,0,33,59,13,105,26,0,26,131
09/23/2011,HGR,MD,AEA,EN,Federal Contract Tower,0,18,19,7,44,0,0,0,0,0,0,18,19,7,44,0,0,0,44
09/24/2011,HGR,MD,AEA,EN,Federal Contract Tower,0,4,4,3,11,0,16,37,2,55,0,20,41,5,66,52,0,52,118
09/25/2011,HGR,MD,AEA,EN,Federal Contract Tower,0,6,9,0,15,0,1,35,0,36,0,7,44,0,51,66,0,66,117
09/26/2011,HGR,MD,AEA,EN,Federal Contract Tower,0,11,15,10,36,0,3,39,2,44,0,14,54,12,80,94,0,94,174
09/27/2011,HGR,MD,AEA,EN,Federal Contract Tower,0,10,12,9,31,0,2,12,0,14,0,12,24,9,45,0,0,0,45
09/28/2011,HGR,MD,AEA,EN,Federal Contract Tower,0,9,17,11,37,0,60,19,8,87,0,69,36,19,124,16,10,26,150
09/29/2011,HGR,MD,AEA,EN,Federal Contract Tower,0,8,14,3,25,0,5,60,9,74,0,13,74,12,99,84,22,106,205
09/30/2011,HGR,MD,AEA,EN,Federal Contract Tower,0,11,20,0,31,0,2,57,9,68,0,13,77,9,99,62,0,62,161
10/01/2011,HGR,MD,AEA,EN,Federal Contract Tower,0,7,2,0,9,0,0,0,0,0,0,7,2,0,9,0,0,0,9
10/02/2011,HGR,MD,AEA,EN,Federal Contract Tower,0,6,13,0,19,0,3,0,0,3,0,9,13,0,22,0,0,0,22
10/03/2011,HGR,MD,AEA,EN,Federal Contract Tower,0,12,17,5,34,0,1,0,0,1,0,13,17,5,35,0,0,0,35
10/04/2011,HGR,MD,AEA,EN,Federal Contract Tower,0,8,12,5,25,0,2,50,31,83,0,10,62,36,108,28,0,28,136
10/05/2011,HGR,MD,AEA,EN,Federal Contract Tower,0,8,18,4,30,0,14,103,44,161,0,22,121,48,191,110,0,110,301
10/06/2011,HGR,MD,AEA,EN,Federal Contract Tower,0,7,10,2,19,0,8,96,28,132,0,15,106,30,151,198,34,232,383
10/07/2011,HGR,MD,AEA,EN,Federal Contract Tower,0,12,15,1,28,0,14,128,28,170,0,26,143,29,198,134,0,134,332
10/08/2011,HGR,MD,AEA,EN,Federal Contract Tower,0,7,10,0,17,0,7,111,7,125,0,14,121,7,142,132,0,132,274
10/09/2011,HGR,MD,AEA,EN,Federal Contract Tower,0,6,18,0,24,0,4,68,0,72,0,10,86,0,96,38,0,38,134
10/10/2011,HGR,MD,AEA,EN,Federal Contract Tower,0,9,13,0,22,0,2,62,0,64,0,11,75,0,86,36,0,36,122
10/11/2011,HGR,MD,AEA,EN,Federal Contract Tower,0,7,7,7,21,0,3,51,24,78,0,10,58,31,99,24,0,24,123
10/12/2011,HGR,MD,AEA,EN,Federal Contract Tower,0,16,8,17,41,0,6,2,0,8,0,22,10,17,49,0,0,0,49
10/13/2011,HGR,MD,AEA,EN,Federal Contract Tower,0,10,13,23,46,0,0,0,0,0,0,10,13,23,46,0,0,0,46
10/14/2011,HGR,MD,AEA,EN,Federal Contract Tower,0,9,17,13,39,0,3,16,5,24,0,12,33,18,63,8,0,8,71
10/15/2011,HGR,MD,AEA,EN,Federal Contract Tower,0,7,4,0,11,0,1,22,2,25,0,8,26,2,36,30,4,34,70
10/16/2011,HGR,MD,AEA,EN,Federal Contract Tower,0,6,13,1,20,0,8,161,1,170,0,14,174,2,190,88,0,88,278
10/17/2011,HGR,MD,AEA,EN,Federal Contract Tower,0,8,17,1,26,0,4,54,6,64,0,12,71,7,90,2,0,2,92
10/18/2011,HGR,MD,AEA,EN,Federal Contract Tower,0,7,3,0,10,0,2,90,18,110,0,9,93,18,120,60,0,60,180
10/19/2011,HGR,MD,AEA,EN,Federal Contract Tower,0,7,9,2,18,0,0,15,8,23,0,7,24,10,41,0,0,0,41
10/20/2011,HGR,MD,AEA,EN,Federal Contract Tower,0,7,7,2,16,0,0,30,6,36,0,7,37,8,52,40,0,40,92
10/21/2011,HGR,MD,AEA,EN,Federal Contract Tower,0,8,5,2,15,0,8,36,9,53,0,16,41,11,68,54,0,54,122
10/22/2011,HGR,MD,AEA,EN,Federal Contract Tower,0,5,16,0,21,0,6,107,12,125,0,11,123,12,146,58,0,58,204
10/23/2011,HGR,MD,AEA,EN,Federal Contract Tower,0,6,18,2,26,0,5,79,6,90,0,11,97,8,116,68,0,68,184
10/24/2011,HGR,MD,AEA,EN,Federal Contract Tower,0,9,16,5,30,0,2,35,2,39,0,11,51,7,69,44,0,44,113
10/25/2011,HGR,MD,AEA,EN,Federal Contract Tower,0,10,9,1,20,0,25,94,18,137,0,35,103,19,157,30,0,30,187
10/26/2011,HGR,MD,AEA,EN,Federal Contract Tower,0,7,7,5,19,0,2,57,8,67,0,9,64,13,86,114,0,114,200
10/27/2011,HGR,MD,AEA,EN,Federal Contract Tower,0,7,16,0,23,0,2,1,2,5,0,9,17,2,28,0,0,0,28
10/28/2011,HGR,MD,AEA,EN,Federal Contract Tower,0,9,7,0,16,0,6,74,6,86,0,15,81,6,102,48,0,48,150
10/29/2011,HGR,MD,AEA,EN,Federal Contract Tower,0,2,0,0,2,0,0,0,0,0,0,2,0,0,2,0,0,0,2
10/30/2011,HGR,MD,AEA,EN,Federal Contract Tower,0,6,13,0,19,0,11,55,0,66,0,17,68,0,85,28,0,28,113
10/31/2011,HGR,MD,AEA,EN,Federal Contract Tower,0,10,11,1,22,0,2,33,9,44,0,12,44,10,66,0,2,2,68
11/01/2011,HGR,MD,AEA,EN,Federal Contract Tower,0,8,8,0,16,0,8,50,14,72,0,16,58,14,88,20,0,20,108
11/02/2011,HGR,MD,AEA,EN,Federal Contract Tower,0,11,15,1,27,0,5,118,23,146,0,16,133,24,173,42,4,46,219
11/03/2011,HGR,MD,AEA,EN,Federal Contract Tower,0,11,18,3,32,0,6,82,20,108,0,17,100,23,140,92,10,102,242
11/04/2011,HGR,MD,AEA,EN,Federal Contract Tower,0,8,22,3,33,0,1,35,4,40,0,9,57,7,73,22,0,22,95
11/05/2011,HGR,MD,AEA,EN,Federal Contract Tower,0,5,7,0,12,0,3,74,0,77,0,8,81,0,89,24,0,24,113
11/06/2011,HGR,MD,AEA,EN,Federal Contract Tower,0,5,20,0,25,0,2,60,0,62,0,7,80,0,87,76,0,76,163
11/07/2011,HGR,MD,AEA,EN,Federal Contract Tower,0,10,14,1,25,0,2,66,14,82,0,12,80,15,107,64,0,64,171
11/08/2011,HGR,MD,AEA,EN,Federal Contract Tower,0,9,12,5,26,0,7,104,28,139,0,16,116,33,165,24,0,24,189
11/09/2011,HGR,MD,AEA,EN,Federal Contract Tower,0,7,15,2,24,0,2,131,33,166,0,9,146,35,190,56,0,56,246
11/10/2011,HGR,MD,AEA,EN,Federal Contract Tower,0,8,24,3,35,0,4,43,15,62,0,12,67,18,97,52,6,58,155
11/11/2011,HGR,MD,AEA,EN,Federal Contract Tower,0,6,14,0,20,0,9,25,25,59,0,15,39,25,79,30,0,30,109
11/12/2011,HGR,MD,AEA,EN,Federal Contract Tower,0,5,4,0,9,0,3,48,1,52,0,8,52,1,61,6,0,6,67
11/13/2011,HGR,MD,AEA,EN,Federal Contract Tower,0,4,5,0,9,0,1,43,0,44,0,5,48,0,53,18,0,18,71
11/14/2011,HGR,MD,AEA,EN,Federal Contract Tower,0,12,8,1,21,0,16,57,27,100,0,28,65,28,121,14,2,16,137
11/15/2011,HGR,MD,AEA,EN,Federal Contract Tower,0,10,8,7,25,0,5,9,35,49,0,15,17,42,74,6,0,6,80
11/16/2011,HGR,MD,AEA,EN,Federal Contract Tower,0,7,9,10,26,0,0,0,0,0,0,7,9,10,26,0,0,0,26
11/17/2011,HGR,MD,AEA,EN,Federal Contract Tower,0,9,15,3,27,0,8,42,34,84,0,17,57,37,111,34,10,44,155
11/18/2011,HGR,MD,AEA,EN,Federal Contract Tower,0,9,21,1,31,0,3,88,34,125,0,12,109,35,156,68,4,72,228
11/19/2011,HGR,MD,AEA,EN,Federal Contract Tower,0,7,17,0,24,0,5,105,7,117,0,12,122,7,141,102,0,102,243
11/20/2011,HGR,MD,AEA,EN,Federal Contract Tower,0,7,8,0,15,0,20,6,0,26,0,27,14,0,41,42,12,54,95
11/21/2011,HGR,MD,AEA,EN,Federal Contract Tower,0,10,8,12,30,0,0,6,0,6,0,10,14,12,36,0,0,0,36
11/22/2011,HGR,MD,AEA,EN,Federal Contract Tower,0,8,10,0,18,0,0,0,0,0,0,8,10,0,18,0,0,0,18
11/23/2011,HGR,MD,AEA,EN,Federal Contract Tower,0,8,13,6,27,0,0,29,12,41,0,8,42,18,68,0,0,0,68
11/24/2011,HGR,MD,AEA,EN,Federal Contract Tower,0,7,6,0,13,0,5,46,0,51,0,12,52,0,64,16,0,16,80
11/25/2011,HGR,MD,AEA,EN,Federal Contract Tower,0,8,3,0,11,0,0,60,0,60,0,8,63,0,71,80,0,80,151
11/26/2011,HGR,MD,AEA,EN,Federal Contract Tower,0,5,4,0,9,0,4,66,0,70,0,9,70,0,79,86,0,86,165
11/27/2011,HGR,MD,AEA,EN,Federal Contract Tower,0,6,9,0,15,0,0,36,0,36,0,6,45,0,51,30,0,30,81
11/28/2011,HGR,MD,AEA,EN,Federal Contract Tower,0,10,6,0,16,0,2,35,2,39,0,12,41,2,55,42,0,42,97
11/29/2011,HGR,MD,AEA,EN,Federal Contract Tower,0,8,7,2,17,0,0,0,0,0,0,8,7,2,17,0,0,0,17
11/30/2011,HGR,MD,AEA,EN,Federal Contract Tower,0,9,8,0,17,0,4,59,0,63,0,13,67,0,80,18,0,18,98
12/01/2011,HGR,MD,AEA,EN,Federal Contract Tower,0,7,11,1,19,0,8,70,17,95,0,15,81,18,114,82,8,90,204
12/02/2011,HGR,MD,AEA,EN,Federal Contract Tower,0,9,8,2,19,0,4,69,14,87,0,13,77,16,106,90,0,90,196
12/03/2011,HGR,MD,AEA,EN,Federal Contract Tower,0,3,6,2,11,0,0,91,3,94,0,3,97,5,105,46,0,46,151
12/04/2011,HGR,MD,AEA,EN,Federal Contract Tower,0,7,23,0,30,0,29,59,0,88,0,36,82,0,118,52,0,52,170
12/05/2011,HGR,MD,AEA,EN,Federal Contract Tower,0,9,12,0,21,0,26,52,9,87,0,35,64,9,108,20,0,20,128
12/06/2011,HGR,MD,AEA,EN,Federal Contract Tower,0,8,15,3,26,0,8,0,0,8,0,16,15,3,34,0,0,0,34
12/07/2011,HGR,MD,AEA,EN,Federal Contract Tower,0,7,2,4,13,0,0,0,0,0,0,7,2,4,13,0,0,0,13
12/08/2011,HGR,MD,AEA,EN,Federal Contract Tower,0,8,13,2,23,0,2,32,7,41,0,10,45,9,64,42,10,52,116
12/09/2011,HGR,MD,AEA,EN,Federal Contract Tower,0,9,13,5,27,0,14,83,5,102,0,23,96,10,129,86,0,86,215
12/10/2011,HGR,MD,AEA,EN,Federal Contract Tower,0,5,5,0,10,0,0,33,1,34,0,5,38,1,44,46,0,46,90
12/11/2011,HGR,MD,AEA,EN,Federal Contract Tower,0,9,12,1,22,0,0,52,0,52,0,9,64,1,74,92,0,92,166
12/12/2011,HGR,MD,AEA,EN,Federal Contract Tower,0,8,9,0,17,0,6,38,9,53,0,14,47,9,70,30,0,30,100
12/13/2011,HGR,MD,AEA,EN,Federal Contract Tower,0,8,9,0,17,0,9,105,30,144,0,17,114,30,161,38,0,38,199
12/14/2011,HGR,MD,AEA,EN,Federal Contract Tower,0,7,9,4,20,0,2,49,16,67,0,9,58,20,87,76,0,76,163
12/15/2011,HGR,MD,AEA,EN,Federal Contract Tower,0,9,13,0,22,0,8,64,30,102,0,17,77,30,124,22,24,46,170
12/16/2011,HGR,MD,AEA,EN,Federal Contract Tower,0,10,8,2,20,0,0,65,24,89,0,10,73,26,109,68,18,86,195
12/17/2011,HGR,MD,AEA,EN,Federal Contract Tower,0,5,21,2,28,0,10,40,13,63,0,15,61,15,91,76,42,118,209
12/18/2011,HGR,MD,AEA,EN,Federal Contract Tower,0,6,6,0,12,0,4,51,9,64,0,10,57,9,76,26,20,46,122
12/19/2011,HGR,MD,AEA,EN,Federal Contract Tower,0,9,7,0,16,0,4,34,4,42,0,13,41,4,58,14,0,14,72
12/20/2011,HGR,MD,AEA,EN,Federal Contract Tower,0,7,11,7,25,0,10,51,19,80,0,17,62,26,105,10,38,48,153
12/21/2011,HGR,MD,AEA,EN,Federal Contract Tower,0,7,17,1,25,0,0,0,0,0,0,7,17,1,25,0,0,0,25
12/22/2011,HGR,MD,AEA,EN,Federal Contract Tower,0,7,10,0,17,0,1,78,23,102,0,8,88,23,119,72,38,110,229
12/23/2011,HGR,MD,AEA,EN,Federal Contract Tower,0,9,9,0,18,0,0,39,7,46,0,9,48,7,64,68,42,110,174
12/24/2011,HGR,MD,AEA,EN,Federal Contract Tower,0,5,3,0,8,0,0,42,9,51,0,5,45,9,59,28,32,60,119
12/25/2011,HGR,MD,AEA,EN,Federal Contract Tower,0,6,0,0,6,0,4,12,0,16,0,10,12,0,22,8,0,8,30
12/26/2011,HGR,MD,AEA,EN,Federal Contract Tower,0,11,6,0,17,0,13,59,2,74,0,24,65,2,91,48,0,48,139
12/27/2011,HGR,MD,AEA,EN,Federal Contract Tower,0,8,3,6,17,0,0,8,4,12,0,8,11,10,29,0,34,34,63
12/28/2011,HGR,MD,AEA,EN,Federal Contract Tower,0,7,5,1,13,0,0,72,15,87,0,7,77,16,100,4,28,32,132
12/29/2011,HGR,MD,AEA,EN,Federal Contract Tower,0,7,12,3,22,0,2,52,26,80,0,9,64,29,102,42,48,90,192
12/30/2011,HGR,MD,AEA,EN,Federal Contract Tower,0,7,4,0,11,0,7,43,20,70,0,14,47,20,81,72,44,116,197
12/31/2011,HGR,MD,AEA,EN,Federal Contract Tower,0,5,2,0,7,0,0,30,12,42,0,5,32,12,49,36,28,64,113
01/01/2012,HGR,MD,AEA,EN,Federal Contract Tower,0,6,4,0,10,0,3,10,5,18,0,9,14,5,28,0,0,0,28
01/02/2012,HGR,MD,AEA,EN,Federal Contract Tower,0,11,6,0,17,0,0,2,0,2,0,11,8,0,19,0,0,0,19
01/03/2012,HGR,MD,AEA,EN,Federal Contract Tower,0,7,9,1,17,0,3,9,0,12,0,10,18,1,29,10,10,20,49
01/04/2012,HGR,MD,AEA,EN,Federal Contract Tower,0,8,12,0,20,0,0,63,23,86,0,8,75,23,106,66,42,108,214
01/05/2012,HGR,MD,AEA,EN,Federal Contract Tower,0,7,10,0,17,0,5,78,28,111,0,12,88,28,128,46,36,82,210
01/06/2012,HGR,MD,AEA,EN,Federal Contract Tower,0,11,17,1,29,0,6,112,27,145,0,17,129,28,174,134,56,190,364
01/07/2012,HGR,MD,AEA,EN,Federal Contract Tower,0,5,5,0,10,0,0,59,11,70,0,5,64,11,80,88,16,104,184
01/08/2012,HGR,MD,AEA,EN,Federal Contract Tower,0,7,8,3,18,0,7,41,11,59,0,14,49,14,77,40,24,64,141
01/09/2012,HGR,MD,AEA,EN,Federal Contract Tower,0,10,7,1,18,0,1,30,10,41,0,11,37,11,59,32,24,56,115
01/10/2012,HGR,MD,AEA,EN,Federal Contract Tower,0,7,9,0,16,0,0,72,21,93,0,7,81,21,109,10,18,28,137
01/11/2012,HGR,MD,AEA,EN,Federal Contract Tower,0,8,10,6,24,0,0,9,8,17,0,8,19,14,41,10,28,38,79
01/12/2012,HGR,MD,AEA,EN,Federal Contract Tower,0,8,7,9,24,0,0,26,17,43,0,8,33,26,67,60,30,90,157
01/13/2012,HGR,MD,AEA,EN,Federal Contract Tower,0,12,6,5,23,0,2,15,10,27,0,14,21,15,50,12,24,36,86
01/14/2012,HGR,MD,AEA,EN,Federal Contract Tower,0,4,6,4,14,0,1,46,13,60,0,5,52,17,74,54,20,74,148
01/15/2012,HGR,MD,AEA,EN,Federal Contract Tower,0,6,4,0,10,0,4,51,14,69,0,10,55,14,79,62,26,88,167
01/16/2012,HGR,MD,AEA,EN,Federal Contract Tower,0,9,13,0,22,0,4,51,22,77,0,13,64,22,99,4,6,10,109
01/17/2012,HGR,MD,AEA,EN,Federal Contract Tower,0,9,7,0,16,0,9,3,9,21,0,18,10,9,37,0,0,0,37
01/18/2012,HGR,MD,AEA,EN,Federal Contract Tower,0,13,1,7,21,0,7,31,18,56,0,20,32,25,77,0,10,10,87
01/19/2012,HGR,MD,AEA,EN,Federal Contract Tower,0,8,10,2,20,0,7,46,21,74,0,15,56,23,94,44,30,74,168
01/20/2012,HGR,MD,AEA,EN,Federal Contract Tower,0,10,14,0,24,0,4,69,29,102,0,14,83,29,126,72,18,90,216
01/21/2012,HGR,MD,AEA,EN,Federal Contract Tower,0,4,3,2,9,0,1,0,2,3,0,5,3,4,12,0,6,6,18
01/22/2012,HGR,MD,AEA,EN,Federal Contract Tower,0,5,2,0,7,0,0,0,2,2,0,5,2,2,9,0,22,22,31
01/23/2012,HGR,MD,AEA,EN,Federal Contract Tower,0,3,6,2,11,0,0,0,0,0,0,3,6,2,11,0,0,0,11
01/24/2012,HGR,MD,AEA,EN,Federal Contract Tower,0,7,14,1,22,0,29,86,40,155,0,36,100,41,177,28,10,38,215
01/25/2012,HGR,MD,AEA,EN,Federal Contract Tower,0,7,4,1,12,0,7,75,40,122,0,14,79,41,134,80,26,106,240
01/26/2012,HGR,MD,AEA,EN,Federal Contract Tower,0,6,16,18,40,0,0,0,1,1,0,6,16,19,41,0,0,0,41
01/27/2012,HGR,MD,AEA,EN,Federal Contract Tower,0,11,9,11,31,0,5,7,16,28,0,16,16,27,59,26,22,48,107
01/28/2012,HGR,MD,AEA,EN,Federal Contract Tower,0,8,8,0,16,0,15,56,18,89,0,23,64,18,105,72,20,92,197
01/29/2012,HGR,MD,AEA,EN,Federal Contract Tower,0,8,6,0,14,0,21,44,0,65,0,29,50,0,79,54,0,54,133
01/30/2012,HGR,MD,AEA,EN,Federal Contract Tower,0,10,6,5,21,0,8,39,33,80,0,18,45,38,101,48,10,58,159
01/31/2012,HGR,MD,AEA,EN,Federal Contract Tower,0,7,7,6,20,0,1,54,28,83,0,8,61,34,103,40,0,40,143
02/01/2012,HGR,MD,AEA,EN,Federal Contract Tower,0,7,7,20,34,0,2,40,33,75,0,9,47,53,109,64,28,92,201
02/02/2012,HGR,MD,AEA,EN,Federal Contract Tower,0,7,8,1,16,0,15,35,26,76,0,22,43,27,92,74,26,100,192
02/03/2012,HGR,MD,AEA,EN,Federal Contract Tower,0,9,14,3,26,0,2,80,20,102,0,11,94,23,128,94,26,120,248
02/04/2012,HGR,MD,AEA,EN,Federal Contract Tower,0,4,6,4,14,0,5,51,17,73,0,9,57,21,87,60,4,64,151
02/05/2012,HGR,MD,AEA,EN,Federal Contract Tower,0,6,5,0,11,0,0,10,0,10,0,6,15,0,21,6,0,6,27
02/06/2012,HGR,MD,AEA,EN,Federal Contract Tower,0,9,9,2,20,0,0,59,12,71,0,9,68,14,91,60,18,78,169
02/07/2012,HGR,MD,AEA,EN,Federal Contract Tower,0,7,6,0,13,0,0,54,24,78,0,7,60,24,91,26,0,26,117
02/08/2012,HGR,MD,AEA,EN,Federal Contract Tower,0,6,9,7,22,0,0,5,2,7,0,6,14,9,29,0,0,0,29
02/09/2012,HGR,MD,AEA,EN,Federal Contract Tower,0,9,3,2,14,0,2,61,44,107,0,11,64,46,121,82,42,124,245
02/10/2012,HGR,MD,AEA,EN,Federal Contract Tower,0,9,7,1,17,0,5,55,21,81,0,14,62,22,98,104,20,124,222
02/11/2012,HGR,MD,AEA,EN,Federal Contract Tower,0,4,2,2,8,0,1,0,1,2,0,5,2,3,10,0,0,0,10
02/12/2012,HGR,MD,AEA,EN,Federal Contract Tower,0,7,5,1,13,0,4,10,2,16,0,11,15,3,29,34,0,34,63
02/13/2012,HGR,MD,AEA,EN,Federal Contract Tower,0,9,11,1,21,0,4,26,31,61,0,13,37,32,82,14,0,14,96
02/14/2012,HGR,MD,AEA,EN,Federal Contract Tower,0,7,6,1,14,0,3,47,30,80,0,10,53,31,94,30,0,30,124
02/15/2012,HGR,MD,AEA,EN,Federal Contract Tower,0,8,3,1,12,0,8,61,39,108,0,16,64,40,120,54,18,72,192
02/16/2012,HGR,MD,AEA,EN,Federal Contract Tower,0,8,5,6,19,0,0,0,0,0,0,8,5,6,19,0,0,0,19
02/17/2012,HGR,MD,AEA,EN,Federal Contract Tower,0,10,15,1,26,0,6,69,24,99,0,16,84,25,125,52,20,72,197
02/18/2012,HGR,MD,AEA,EN,Federal Contract Tower,0,10,7,1,18,0,3,93,5,101,0,13,100,6,119,102,0,102,221
02/19/2012,HGR,MD,AEA,EN,Federal Contract Tower,0,6,3,0,9,0,5,20,2,27,0,11,23,2,36,10,0,10,46
02/20/2012,HGR,MD,AEA,EN,Federal Contract Tower,0,10,14,0,24,0,0,44,22,66,0,10,58,22,90,10,20,30,120
02/21/2012,HGR,MD,AEA,EN,Federal Contract Tower,0,10,17,1,28,0,0,59,20,79,0,10,76,21,107,38,0,38,145
02/22/2012,HGR,MD,AEA,EN,Federal Contract Tower,0,8,13,1,22,0,8,59,37,104,0,16,72,38,126,30,20,50,176
02/23/2012,HGR,MD,AEA,EN,Federal Contract Tower,0,8,8,0,16,0,7,63,40,110,0,15,71,40,126,90,0,90,216
02/24/2012,HGR,MD,AEA,EN,Federal Contract Tower,0,9,5,6,20,0,1,0,2,3,0,10,5,8,23,0,0,0,23
02/25/2012,HGR,MD,AEA,EN,Federal Contract Tower,0,3,4,8,15,0,3,4,6,13,0,6,8,14,28,0,20,20,48
02/26/2012,HGR,MD,AEA,EN,Federal Contract Tower,0,6,2,0,8,0,3,96,14,113,0,9,98,14,121,84,8,92,213
02/27/2012,HGR,MD,AEA,EN,Federal Contract Tower,0,11,6,9,26,0,8,43,26,77,0,19,49,35,103,38,32,70,173
02/28/2012,HGR,MD,AEA,EN,Federal Contract Tower,0,8,9,2,19,0,7,54,25,86,0,15,63,27,105,27,2,29,134
02/29/2012,HGR,MD,AEA,EN,Federal Contract Tower,0,8,5,13,26,0,0,0,0,0,0,8,5,13,26,0,0,0,26
03/01/2012,HGR,MD,AEA,EN,Federal Contract Tower,0,10,9,4,23,0,7,50,37,94,0,17,59,41,117,74,20,94,211
03/02/2012,HGR,MD,AEA,EN,Federal Contract Tower,0,11,10,3,24,0,6,47,36,89,0,17,57,39,113,2,12,14,127
03/03/2012,HGR,MD,AEA,EN,Federal Contract Tower,0,4,7,0,11,0,1,20,7,28,0,5,27,7,39,16,0,16,55
03/04/2012,HGR,MD,AEA,EN,Federal Contract Tower,0,7,6,0,13,0,3,22,8,33,0,10,28,8,46,12,12,24,70
03/05/2012,HGR,MD,AEA,EN,Federal Contract Tower,0,8,5,5,18,0,6,17,17,40,0,14,22,22,58,0,0,0,58
03/06/2012,HGR,MD,AEA,EN,Federal Contract Tower,0,7,7,5,19,0,4,76,31,111,0,11,83,36,130,52,4,56,186
03/07/2012,HGR,MD,AEA,EN,Federal Contract Tower,0,7,10,2,19,0,4,92,40,136,0,11,102,42,155,56,18,74,229
03/08/2012,HGR,MD,AEA,EN,Federal Contract Tower,0,6,15,2,23,0,4,50,26,80,0,10,65,28,103,48,6,54,157
03/09/2012,HGR,MD,AEA,EN,Federal Contract Tower,0,7,12,4,23,0,4,49,15,68,0,11,61,19,91,36,0,36,127
03/10/2012,HGR,MD,AEA,EN,Federal Contract Tower,0,5,6,0,11,0,1,53,13,67,0,6,59,13,78,44,0,44,122
03/11/2012,HGR,MD,AEA,EN,Federal Contract Tower,0,5,12,0,17,0,8,103,17,128,0,13,115,17,145,54,34,88,233
03/12/2012,HGR,MD,AEA,EN,Federal Contract Tower,0,5,7,0,12,0,2,41,4,47,0,7,48,4,59,24,0,24,83
03/13/2012,HGR,MD,AEA,EN,Federal Contract Tower,0,11,8,0,19,0,11,49,13,73,0,22,57,13,92,0,0,0,92
03/14/2012,HGR,MD,AEA,EN,Federal Contract Tower,0,7,6,5,18,0,4,105,17,126,0,11,111,22,144,82,8,90,234
03/15/2012,HGR,MD,AEA,EN,Federal Contract Tower,0,7,8,9,24,0,5,105,43,153,0,12,113,52,177,82,42,124,301
03/16/2012,HGR,MD,AEA,EN,Federal Contract Tower,0,7,12,1,20,0,0,28,10,38,0,7,40,11,58,44,0,44,102
03/17/2012,HGR,MD,AEA,EN,Federal Contract Tower,0,4,10,0,14,0,3,59,13,75,0,7,69,13,89,102,0,102,191
03/18/2012,HGR,MD,AEA,EN,Federal Contract Tower,0,4,13,0,17,0,8,45,4,57,0,12,58,4,74,128,16,144,218
03/19/2012,HGR,MD,AEA,EN,Federal Contract Tower,0,9,16,4,29,0,5,45,20,70,0,14,61,24,99,24,0,24,123
03/20/2012,HGR,MD,AEA,EN,Federal Contract Tower,0,9,7,16,32,0,17,50,17,84,0,26,57,33,116,36,2,38,154
03/21/2012,HGR,MD,AEA,EN,Federal Contract Tower,0,8,14,12,34,0,8,22,4,34,0,16,36,16,68,16,0,16,84
03/22/2012,HGR,MD,AEA,EN,Federal Contract Tower,0,7,15,28,50,0,0,53,13,66,0,7,68,41,116,90,8,98,214
03/23/2012,HGR,MD,AEA,EN,Federal Contract Tower,0,12,14,0,26,0,18,79,26,123,0,30,93,26,149,90,6,96,245
03/24/2012,HGR,MD,AEA,EN,Federal Contract Tower,0,19,9,0,28,0,0,0,0,0,0,19,9,0,28,0,0,0,28
03/25/2012,HGR,MD,AEA,EN,Federal Contract Tower,0,1,15,11,27,0,2,7,0,9,0,3,22,11,36,24,0,24,60
03/26/2012,HGR,MD,AEA,EN,Federal Contract Tower,0,10,7,0,17,0,0,34,32,66,0,10,41,32,83,0,0,0,83
03/27/2012,HGR,MD,AEA,EN,Federal Contract Tower,0,10,13,2,25,0,3,82,30,115,0,13,95,32,140,60,6,66,206
03/28/2012,HGR,MD,AEA,EN,Federal Contract Tower,0,7,3,3,13,0,4,45,38,87,0,11,48,41,100,24,0,24,124
03/29/2012,HGR,MD,AEA,EN,Federal Contract Tower,0,5,5,4,14,0,2,37,35,74,0,7,42,39,88,4,16,20,108
03/30/2012,HGR,MD,AEA,EN,Federal Contract Tower,0,8,10,0,18,0,1,92,27,120,0,9,102,27,138,80,8,88,226
03/31/2012,HGR,MD,AEA,EN,Federal Contract Tower,0,5,7,0,12,0,9,2,0,11,0,14,9,0,23,0,0,0,23
04/01/2012,HGR,MD,AEA,EN,Federal Contract Tower,0,4,16,1,21,0,2,49,0,51,0,6,65,1,72,32,0,32,104
04/02/2012,HGR,MD,AEA,EN,Federal Contract Tower,0,9,10,2,21,0,2,21,6,29,0,11,31,8,50,0,0,0,50
04/03/2012,HGR,MD,AEA,EN,Federal Contract Tower,0,11,4,0,15,0,5,79,23,107,0,16,83,23,122,24,32,56,178
04/04/2012,HGR,MD,AEA,EN,Federal Contract Tower,0,10,11,0,21,0,2,47,13,62,0,12,58,13,83,4,0,4,87
04/05/2012,HGR,MD,AEA,EN,Federal Contract Tower,0,6,20,0,26,0,3,74,13,90,0,9,94,13,116,72,0,72,188
04/06/2012,HGR,MD,AEA,EN,Federal Contract Tower,0,8,19,2,29,0,8,60,11,79,0,16,79,13,108,62,4,66,174
04/07/2012,HGR,MD,AEA,EN,Federal Contract Tower,0,4,7,0,11,0,5,69,0,74,0,9,76,0,85,22,0,22,107
04/08/2012,HGR,MD,AEA,EN,Federal Contract Tower,0,6,5,0,11,0,1,46,3,50,0,7,51,3,61,52,0,52,113
04/09/2012,HGR,MD,AEA,EN,Federal Contract Tower,0,15,18,2,35,0,3,10,8,21,0,18,28,10,56,0,0,0,56
04/10/2012,HGR,MD,AEA,EN,Federal Contract Tower,0,7,13,1,21,4,27,27,0,58,4,34,40,1,79,0,0,0,79
04/11/2012,HGR,MD,AEA,EN,Federal Contract Tower,0,10,12,2,24,0,0,24,21,45,0,10,36,23,69,20,8,28,97
04/12/2012,HGR,MD,AEA,EN,Federal Contract Tower,0,8,17,2,27,0,14,48,25,87,0,22,65,27,114,74,0,74,188
04/13/2012,HGR,MD,AEA,EN,Federal Contract Tower,0,8,24,0,32,0,7,124,28,159,0,15,148,28,191,116,6,122,313
04/14/2012,HGR,MD,AEA,EN,Federal Contract Tower,0,4,17,0,21,0,1,81,0,82,0,5,98,0,103,150,0,150,253
04/15/2012,HGR,MD,AEA,EN,Federal Contract Tower,0,3,20,0,23,0,3,61,3,67,0,6,81,3,90,77,0,77,167
04/16/2012,HGR,MD,AEA,EN,Federal Contract Tower,0,6,9,3,18,0,6,53,10,69,0,12,62,13,87,50,2,52,139
04/17/2012,HGR,MD,AEA,EN,Federal Contract Tower,0,8,11,4,23,0,9,42,22,73,0,17,53,26,96,60,4,64,160
04/18/2012,HGR,MD,AEA,EN,Federal Contract Tower,0,9,7,5,21,0,3,12,13,28,0,12,19,18,49,0,0,0,49
04/19/2012,HGR,MD,AEA,EN,Federal Contract Tower,0,9,13,8,30,0,1,74,20,95,0,10,87,28,125,98,6,104,229
04/20/2012,HGR,MD,AEA,EN,Federal Contract Tower,0,7,10,0,17,0,2,84,13,99,0,9,94,13,116,58,14,72,188
04/21/2012,HGR,MD,AEA,EN,Federal Contract Tower,0,7,7,0,14,0,4,17,0,21,0,11,24,0,35,40,0,40,75
04/22/2012,HGR,MD,AEA,EN,Federal Contract Tower,0,10,6,1,17,0,0,0,0,0,0,10,6,1,17,0,0,0,17
04/23/2012,HGR,MD,AEA,EN,Federal Contract Tower,0,12,9,10,31,0,1,1,0,2,0,13,10,10,33,0,0,0,33
04/24/2012,HGR,MD,AEA,EN,Federal Contract Tower,0,7,5,0,12,0,22,40,43,105,0,29,45,43,117,14,2,16,133
04/25/2012,HGR,MD,AEA,EN,Federal Contract Tower,0,7,6,0,13,0,17,74,26,117,0,24,80,26,130,66,4,70,200
04/26/2012,HGR,MD,AEA,EN,Federal Contract Tower,0,10,18,9,37,0,14,75,41,130,0,24,93,50,167,86,4,90,257
04/27/2012,HGR,MD,AEA,EN,Federal Contract Tower,0,0,0,0,0,0,8,45,23,76,0,8,45,23,76,2,0,2,78
04/28/2012,HGR,MD,AEA,EN,Federal Contract Tower,0,4,14,0,18,0,6,46,7,59,0,10,60,7,77,84,14,98,175
04/29/2012,HGR,MD,AEA,EN,Federal Contract Tower,0,5,9,0,14,0,12,79,8,99,0,17,88,8,113,110,0,110,223
04/30/2012,HGR,MD,AEA,EN,Federal Contract Tower,0,8,15,4,27,0,5,48,18,71,0,13,63,22,98,24,0,24,122
05/01/2012,HGR,MD,AEA,EN,Federal Contract Tower,0,7,16,7,30,0,0,41,22,63,0,7,57,29,93,6,0,6,99
05/02/2012,HGR,MD,AEA,EN,Federal Contract Tower,0,6,15,3,24,0,4,30,21,55,0,10,45,24,79,18,0,18,97
05/03/2012,HGR,MD,AEA,EN,Federal Contract Tower,0,9,23,5,37,0,2,37,4,43,0,11,60,9,80,102,0,102,182
05/04/2012,HGR,MD,AEA,EN,Federal Contract Tower,0,9,27,3,39,0,4,68,23,95,0,13,95,26,134,76,22,98,232
05/05/2012,HGR,MD,AEA,EN,Federal Contract Tower,0,8,26,0,34,0,4,123,0,127,0,12,149,0,161,38,0,38,199
05/06/2012,HGR,MD,AEA,EN,Federal Contract Tower,0,8,13,0,21,0,0,14,0,14,0,8,27,0,35,8,0,8,43
05/07/2012,HGR,MD,AEA,EN,Federal Contract Tower,0,8,13,11,32,0,3,26,12,41,0,11,39,23,73,6,0,6,79
05/08/2012,HGR,MD,AEA,EN,Federal Contract Tower,0,10,5,23,38,0,0,5,5,10,0,10,10,28,48,10,0,10,58
05/09/2012,HGR,MD,AEA,EN,Federal Contract Tower,0,8,10,8,26,0,3,25,25,53,0,11,35,33,79,26,0,26,105
05/10/2012,HGR,MD,AEA,EN,Federal Contract Tower,0,11,17,2,30,0,1,51,36,88,0,12,68,38,118,26,10,36,154
05/11/2012,HGR,MD,AEA,EN,Federal Contract Tower,0,13,7,1,21,0,1,80,25,106,0,14,87,26,127,88,16,104,231
05/12/2012,HGR,MD,AEA,EN,Federal Contract Tower,0,5,8,0,13,0,4,108,2,114,0,9,116,2,127,60,0,60,187
05/13/2012,HGR,MD,AEA,EN,Federal Contract Tower,0,7,15,0,22,0,1,69,4,74,0,8,84,4,96,52,2,54,150
05/14/2012,HGR,MD,AEA,EN,Federal Contract Tower,0,10,16,5,31,0,0,0,0,0,0,10,16,5,31,0,0,0,31
05/15/2012,HGR,MD,AEA,EN,Federal Contract Tower,0,6,18,9,33,0,3,16,12,31,0,9,34,21,64,10,0,10,74
05/16/2012,HGR,MD,AEA,EN,Federal Contract Tower,0,9,8,4,21,0,2,82,31,115,0,11,90,35,136,92,0,92,228
05/17/2012,HGR,MD,AEA,EN,Federal Contract Tower,0,10,17,3,30,0,8,100,31,139,0,18,117,34,169,88,2,90,259
05/18/2012,HGR,MD,AEA,EN,Federal Contract Tower,0,9,13,4,26,0,1,46,16,63,0,10,59,20,89,60,0,60,149
05/19/2012,HGR,MD,AEA,EN,Federal Contract Tower,0,5,5,1,11,0,3,6,7,16,0,8,11,8,27,0,0,0,27
05/20/2012,HGR,MD,AEA,EN,Federal Contract Tower,0,6,8,0,14,0,3,62,0,65,0,9,70,0,79,48,0,48,127
05/21/2012,HGR,MD,AEA,EN,Federal Contract Tower,0,10,21,15,46,0,0,0,0,0,0,10,21,15,46,0,0,0,46
05/22/2012,HGR,MD,AEA,EN,Federal Contract Tower,0,7,16,17,40,0,1,26,18,45,0,8,42,35,85,20,0,20,105
05/23/2012,HGR,MD,AEA,EN,Federal Contract Tower,0,8,11,10,29,0,5,29,9,43,0,13,40,19,72,6,4,10,82
05/24/2012,HGR,MD,AEA,EN,Federal Contract Tower,0,9,22,10,41,0,2,48,20,70,0,11,70,30,111,62,9,71,182
05/25/2012,HGR,MD,AEA,EN,Federal Contract Tower,2,14,28,4,48,0,4,78,11,93,2,18,106,15,141,146,0,146,287
05/26/2012,HGR,MD,AEA,EN,Federal Contract Tower,0,8,9,1,18,0,2,48,0,50,0,10,57,1,68,54,0,54,122
05/27/2012,HGR,MD,AEA,EN,Federal Contract Tower,0,9,7,1,17,0,0,31,7,38,0,9,38,8,55,32,0,32,87
05/28/2012,HGR,MD,AEA,EN,Federal Contract Tower,2,8,1,2,13,0,2,25,0,27,2,10,26,2,40,24,0,24,64
05/29/2012,HGR,MD,AEA,EN,Federal Contract Tower,0,5,9,6,20,0,1,28,2,31,0,6,37,8,51,48,0,48,99
05/30/2012,HGR,MD,AEA,EN,Federal Contract Tower,0,8,10,0,18,0,4,74,13,91,0,12,84,13,109,80,0,80,189
05/31/2012,HGR,MD,AEA,EN,Federal Contract Tower,0,13,17,0,30,0,4,99,15,118,0,17,116,15,148,130,8,138,286
06/01/2012,HGR,MD,AEA,EN,Federal Contract Tower,2,5,12,4,23,0,3,31,7,41,2,8,43,11,64,36,10,46,110
06/02/2012,HGR,MD,AEA,EN,Federal Contract Tower,0,4,7,2,13,0,8,103,5,116,0,12,110,7,129,102,4,106,235
06/03/2012,HGR,MD,AEA,EN,Federal Contract Tower,0,6,12,0,18,0,2,64,9,75,0,8,76,9,93,22,16,38,131
06/04/2012,HGR,MD,AEA,EN,Federal Contract Tower,2,13,14,1,30,0,5,81,19,105,2,18,95,20,135,78,0,78,213
06/05/2012,HGR,MD,AEA,EN,Federal Contract Tower,0,7,13,8,28,0,18,93,20,131,0,25,106,28,159,126,0,126,285
06/06/2012,HGR,MD,AEA,EN,Federal Contract Tower,0,10,6,8,24,0,14,107,31,152,0,24,113,39,176,66,34,100,276
06/07/2012,HGR,MD,AEA,EN,Federal Contract Tower,0,7,16,1,24,0,2,75,29,106,0,9,91,30,130,84,2,86,216
06/08/2012,HGR,MD,AEA,EN,Federal Contract Tower,2,11,18,1,32,0,4,79,20,103,2,15,97,21,135,128,10,138,273
06/09/2012,HGR,MD,AEA,EN,Federal Contract Tower,0,5,8,1,14,0,12,96,1,109,0,17,104,2,123,174,0,174,297
06/10/2012,HGR,MD,AEA,EN,Federal Contract Tower,0,7,25,0,32,0,6,80,7,93,0,13,105,7,125,102,0,102,227
06/11/2012,HGR,MD,AEA,EN,Federal Contract Tower,2,9,9,1,21,0,2,57,20,79,2,11,66,21,100,28,0,28,128
06/12/2012,HGR,MD,AEA,EN,Federal Contract Tower,0,8,8,15,31,0,1,6,0,7,0,9,14,15,38,0,0,0,38
06/13/2012,HGR,MD,AEA,EN,Federal Contract Tower,0,9,11,3,23,0,4,79,29,112,0,13,90,32,135,44,4,48,183
06/14/2012,HGR,MD,AEA,EN,Federal Contract Tower,8,16,2,0,26,0,4,93,35,132,8,20,95,35,158,98,6,104,262
06/15/2012,HGR,MD,AEA,EN,Federal Contract Tower,2,11,14,1,28,0,2,111,22,135,2,13,125,23,163,116,0,116,279
06/16/2012,HGR,MD,AEA,EN,Federal Contract Tower,0,5,7,2,14,0,3,138,5,146,0,8,145,7,160,148,10,158,318
06/17/2012,HGR,MD,AEA,EN,Federal Contract Tower,0,6,11,0,17,0,8,66,2,76,0,14,77,2,93,98,0,98,191
06/18/2012,HGR,MD,AEA,EN,Federal Contract Tower,2,10,9,22,43,0,1,19,3,23,2,11,28,25,66,34,0,34,100
06/19/2012,HGR,MD,AEA,EN,Federal Contract Tower,0,7,9,12,28,0,10,49,33,92,0,17,58,45,120,28,40,68,188
06/20/2012,HGR,MD,AEA,EN,Federal Contract Tower,0,7,6,1,14,0,22,105,43,170,0,29,111,44,184,114,0,114,298
06/21/2012,HGR,MD,AEA,EN,Federal Contract Tower,0,8,15,2,25,0,2,64,52,118,0,10,79,54,143,46,22,68,211
06/22/2012,HGR,MD,AEA,EN,Federal Contract Tower,2,9,10,0,21,0,5,75,25,105,2,14,85,25,126,80,0,80,206
06/23/2012,HGR,MD,AEA,EN,Federal Contract Tower,0,5,9,4,18,0,0,97,10,107,0,5,106,14,125,94,0,94,219
06/24/2012,HGR,MD,AEA,EN,Federal Contract Tower,0,6,11,0,17,0,2,34,7,43,0,8,45,7,60,44,0,44,104
06/25/2012,HGR,MD,AEA,EN,Federal Contract Tower,2,9,10,5,26,0,0,34,18,52,2,9,44,23,78,10,0,10,88
06/26/2012,HGR,MD,AEA,EN,Federal Contract Tower,0,8,8,3,19,0,26,88,58,172,0,34,96,61,191,46,0,46,237
06/27/2012,HGR,MD,AEA,EN,Federal Contract Tower,0,5,10,4,19,0,66,103,47,216,0,71,113,51,235,44,2,46,281
06/28/2012,HGR,MD,AEA,EN,Federal Contract Tower,0,9,18,2,29,0,8,63,40,111,0,17,81,42,140,62,0,62,202
06/29/2012,HGR,MD,AEA,EN,Federal Contract Tower,2,9,3,2,16,0,5,64,22,91,2,14,67,24,107,42,0,42,149
06/30/2012,HGR,MD,AEA,EN,Federal Contract Tower,1,5,6,0,12,0,7,54,0,61,1,12,60,0,73,84,0,84,157
07/01/2012,HGR,MD,AEA,EN,Federal Contract Tower,0,6,1,0,7,0,0,41,0,41,0,6,42,0,48,12,0,12,60
07/02/2012,HGR,MD,AEA,EN,Federal Contract Tower,2,10,7,7,26,0,3,46,21,70,2,13,53,28,96,20,0,20,116
07/03/2012,HGR,MD,AEA,EN,Federal Contract Tower,0,7,10,0,17,0,1,54,14,69,0,8,64,14,86,32,0,32,118
07/04/2012,HGR,MD,AEA,EN,Federal Contract Tower,0,7,2,1,10,0,2,71,2,75,0,9,73,3,85,36,0,36,121
07/05/2012,HGR,MD,AEA,EN,Federal Contract Tower,0,6,7,1,14,0,7,61,7,75,0,13,68,8,89,50,0,50,139
07/06/2012,HGR,MD,AEA,EN,Federal Contract Tower,3,9,10,1,23,0,1,65,8,74,3,10,75,9,97,50,0,50,147
07/07/2012,HGR,MD,AEA,EN,Federal Contract Tower,0,5,1,0,6,0,10,63,0,73,0,15,64,0,79,26,0,26,105
07/08/2012,HGR,MD,AEA,EN,Federal Contract Tower,0,5,8,2,15,0,4,45,0,49,0,9,53,2,64,48,0,48,112
07/09/2012,HGR,MD,AEA,EN,Federal Contract Tower,2,9,14,0,25,0,6,49,11,66,2,15,63,11,91,58,0,58,149
07/10/2012,HGR,MD,AEA,EN,Federal Contract Tower,0,8,11,0,19,0,7,60,15,82,0,15,71,15,101,60,0,60,161
07/11/2012,HGR,MD,AEA,EN,Federal Contract Tower,0,9,16,1,26,0,0,93,13,106,0,9,109,14,132,62,4,66,198
07/12/2012,HGR,MD,AEA,EN,Federal Contract Tower,0,8,12,0,20,0,10,80,14,104,0,18,92,14,124,64,0,64,188
07/13/2012,HGR,MD,AEA,EN,Federal Contract Tower,2,11,12,5,30,0,6,66,0,72,2,17,78,5,102,60,4,64,166
07/14/2012,HGR,MD,AEA,EN,Federal Contract Tower,0,5,20,0,25,0,3,66,0,69,0,8,86,0,94,82,0,82,176
07/15/2012,HGR,MD,AEA,EN,Federal Contract Tower,0,4,12,1,17,0,0,68,0,68,0,4,80,1,85,52,0,52,137
07/16/2012,HGR,MD,AEA,EN,Federal Contract Tower,2,10,18,0,30,0,3,58,2,63,2,13,76,2,93,0,0,0,93
07/17/2012,HGR,MD,AEA,EN,Federal Contract Tower,0,6,24,3,33,0,6,86,26,118,0,12,110,29,151,80,0,80,231
07/18/2012,HGR,MD,AEA,EN,Federal Contract Tower,0,4,6,1,11,0,2,41,11,54,0,6,47,12,65,40,0,40,105
07/19/2012,HGR,MD,AEA,EN,Federal Contract Tower,0,11,14,0,25,0,3,65,15,83,0,14,79,15,108,112,10,122,230
07/20/2012,HGR,MD,AEA,EN,Federal Contract Tower,2,10,20,5,37,0,6,5,0,11,2,16,25,5,48,18,0,18,66
07/21/2012,HGR,MD,AEA,EN,Federal Contract Tower,0,9,10,0,19,0,1,0,0,1,0,10,10,0,20,0,0,0,20
07/22/2012,HGR,MD,AEA,EN,Federal Contract Tower,0,7,11,3,21,0,0,46,19,65,0,7,57,22,86,70,0,70,156
07/23/2012,HGR,MD,AEA,EN,Federal Contract Tower,2,3,11,2,18,0,2,53,43,98,2,5,64,45,116,52,0,52,168
07/24/2012,HGR,MD,AEA,EN,Federal Contract Tower,0,5,5,3,13,0,4,56,54,114,0,9,61,57,127,26,34,60,187
07/25/2012,HGR,MD,AEA,EN,Federal Contract Tower,0,13,6,0,19,0,4,108,69,181,0,17,114,69,200,84,218,302,502
07/26/2012,HGR,MD,AEA,EN,Federal Contract Tower,0,5,9,1,15,0,3,37,44,84,0,8,46,45,99,18,162,180,279
07/27/2012,HGR,MD,AEA,EN,Federal Contract Tower,2,10,8,2,22,0,13,52,64,129,2,23,60,66,151,10,224,234,385
07/28/2012,HGR,MD,AEA,EN,Federal Contract Tower,0,6,16,3,25,0,5,52,22,79,0,11,68,25,104,23,80,103,207
07/29/2012,HGR,MD,AEA,EN,Federal Contract Tower,0,6,5,0,11,0,1,68,0,69,0,7,73,0,80,88,0,88,168
07/30/2012,HGR,MD,AEA,EN,Federal Contract Tower,2,10,9,2,23,0,4,52,23,79,2,14,61,25,102,66,0,66,168
07/31/2012,HGR,MD,AEA,EN,Federal Contract Tower,0,8,15,3,26,0,6,55,17,78,0,14,70,20,104,6,0,6,110
08/01/2012,HGR,MD,AEA,EN,Federal Contract Tower,0,6,20,2,28,0,9,44,30,83,0,15,64,32,111,58,0,58,169
08/02/2012,HGR,MD,AEA,EN,Federal Contract Tower,0,8,14,0,22,0,6,70,32,108,0,14,84,32,130,74,2,76,206
08/03/2012,HGR,MD,AEA,EN,Federal Contract Tower,2,8,6,3,19,0,1,66,20,87,2,9,72,23,106,106,10,116,222
08/04/2012,HGR,MD,AEA,EN,Federal Contract Tower,0,5,7,2,14,0,6,47,1,54,0,11,54,3,68,80,0,80,148
08/05/2012,HGR,MD,AEA,EN,Federal Contract Tower,0,6,12,0,18,0,3,16,3,22,0,9,28,3,40,0,0,0,40
08/06/2012,HGR,MD,AEA,EN,Federal Contract Tower,2,8,15,1,26,0,1,30,18,49,2,9,45,19,75,6,0,6,81
08/07/2012,HGR,MD,AEA,EN,Federal Contract Tower,0,8,15,3,26,0,5,79,12,96,0,13,94,15,122,70,0,70,192
08/08/2012,HGR,MD,AEA,EN,Federal Contract Tower,0,7,14,1,22,0,4,80,23,107,0,11,94,24,129,48,10,58,187
08/09/2012,HGR,MD,AEA,EN,Federal Contract Tower,0,8,5,0,13,0,17,79,14,110,0,25,84,14,123,80,0,80,203
08/10/2012,HGR,MD,AEA,EN,Federal Contract Tower,2,7,11,2,22,0,9,10,0,19,2,16,21,2,41,16,0,16,57
08/11/2012,HGR,MD,AEA,EN,Federal Contract Tower,0,6,6,4,16,0,2,90,2,94,0,8,96,6,110,70,0,70,180
08/12/2012,HGR,MD,AEA,EN,Federal Contract Tower,0,6,12,2,20,0,1,57,1,59,0,7,69,3,79,68,0,68,147
08/13/2012,HGR,MD,AEA,EN,Federal Contract Tower,2,2,5,3,12,0,3,83,13,99,2,5,88,16,111,92,0,92,203
08/14/2012,HGR,MD,AEA,EN,Federal Contract Tower,0,7,2,11,20,0,0,20,21,41,0,7,22,32,61,8,0,8,69
08/15/2012,HGR,MD,AEA,EN,Federal Contract Tower,0,9,12,4,25,0,3,63,37,103,0,12,75,41,128,46,6,52,180
08/16/2012,HGR,MD,AEA,EN,Federal Contract Tower,0,6,12,3,21,0,3,111,31,145,0,9,123,34,166,118,4,122,288
08/17/2012,HGR,MD,AEA,EN,Federal Contract Tower,2,10,16,3,31,0,5,60,25,90,2,15,76,28,121,36,0,36,157
08/18/2012,HGR,MD,AEA,EN,Federal Contract Tower,0,8,9,1,18,0,7,73,7,87,0,15,82,8,105,130,0,130,235
08/19/2012,HGR,MD,AEA,EN,Federal Contract Tower,0,8,20,0,28,0,0,52,5,57,0,8,72,5,85,34,0,34,119
08/20/2012,HGR,MD,AEA,EN,Federal Contract Tower,2,7,14,4,27,0,5,42,12,59,2,12,56,16,86,58,0,58,144
08/21/2012,HGR,MD,AEA,EN,Federal Contract Tower,0,8,16,4,28,0,6,54,19,79,0,14,70,23,107,44,0,44,151
08/22/2012,HGR,MD,AEA,EN,Federal Contract Tower,0,8,7,0,15,0,9,84,25,118,0,17,91,25,133,82,0,82,215
08/23/2012,HGR,MD,AEA,EN,Federal Contract Tower,0,6,11,0,17,0,4,87,24,115,0,10,98,24,132,118,6,124,256
08/24/2012,HGR,MD,AEA,EN,Federal Contract Tower,2,9,14,5,30,0,4,77,12,93,2,13,91,17,123,58,0,58,181
08/25/2012,HGR,MD,AEA,EN,Federal Contract Tower,0,5,7,1,13,0,1,54,0,55,0,6,61,1,68,134,0,134,202
08/26/2012,HGR,MD,AEA,EN,Federal Contract Tower,0,4,6,1,11,0,0,12,0,12,0,4,18,1,23,18,0,18,41
08/27/2012,HGR,MD,AEA,EN,Federal Contract Tower,2,10,6,2,20,0,2,42,24,68,2,12,48,26,88,46,0,46,134
08/28/2012,HGR,MD,AEA,EN,Federal Contract Tower,0,8,13,2,23,0,2,62,32,96,0,10,75,34,119,86,0,86,205
08/29/2012,HGR,MD,AEA,EN,Federal Contract Tower,0,7,12,3,22,0,4,125,58,187,0,11,137,61,209,108,0,108,317
08/30/2012,HGR,MD,AEA,EN,Federal Contract Tower,0,7,10,2,19,0,6,76,35,117,0,13,86,37,136,108,18,126,262
08/31/2012,HGR,MD,AEA,EN,Federal Contract Tower,2,8,25,2,37,0,0,84,22,106,2,8,109,24,143,156,0,156,299
09/01/2012,HGR,MD,AEA,EN,Federal Contract Tower,0,5,1,0,6,0,8,35,0,43,0,13,36,0,49,52,0,52,101
09/02/2012,HGR,MD,AEA,EN,Federal Contract Tower,0,6,2,0,8,0,2,6,0,8,0,8,8,0,16,18,0,18,34
09/03/2012,HGR,MD,AEA,EN,Federal Contract Tower,2,9,12,0,23,0,1,3,0,4,2,10,15,0,27,8,0,8,35
09/04/2012,HGR,MD,AEA,EN,Federal Contract Tower,0,6,19,6,31,0,0,29,13,42,0,6,48,19,73,14,0,14,87
09/05/2012,HGR,MD,AEA,EN,Federal Contract Tower,0,8,14,8,30,0,6,74,27,107,0,14,88,35,137,64,6,70,207
09/06/2012,HGR,MD,AEA,EN,Federal Contract Tower,8,11,7,0,26,0,4,56,18,78,8,15,63,18,104,42,0,42,146
09/07/2012,HGR,MD,AEA,EN,Federal Contract Tower,0,10,10,2,22,0,2,75,22,99,0,12,85,24,121,94,0,94,215
09/08/2012,HGR,MD,AEA,EN,Federal Contract Tower,0,3,11,0,14,0,6,23,0,29,0,9,34,0,43,6,0,6,49
09/09/2012,HGR,MD,AEA,EN,Federal Contract Tower,0,6,12,2,20,0,9,75,2,86,0,15,87,4,106,58,0,58,164
09/10/2012,HGR,MD,AEA,EN,Federal Contract Tower,0,10,11,0,21,0,12,87,34,133,0,22,98,34,154,42,0,42,196
09/11/2012,HGR,MD,AEA,EN,Federal Contract Tower,0,10,14,0,24,0,6,87,22,115,0,16,101,22,139,40,0,40,179
09/12/2012,HGR,MD,AEA,EN,Federal Contract Tower,0,7,10,0,17,0,9,97,30,136,0,16,107,30,153,78,30,108,261
09/13/2012,HGR,MD,AEA,EN,Federal Contract Tower,0,6,13,6,25,0,4,109,35,148,0,10,122,41,173,92,14,106,279
09/14/2012,HGR,MD,AEA,EN,Federal Contract Tower,0,10,11,0,21,0,7,87,28,122,0,17,98,28,143,102,0,102,245
09/15/2012,HGR,MD,AEA,EN,Federal Contract Tower,0,5,6,0,11,0,8,92,0,100,0,13,98,0,111,118,0,118,229
09/16/2012,HGR,MD,AEA,EN,Federal Contract Tower,0,5,14,0,19,0,4,97,1,102,0,9,111,1,121,154,0,154,275
09/17/2012,HGR,MD,AEA,EN,Federal Contract Tower,0,4,26,8,38,0,5,50,12,67,0,9,76,20,105,0,0,0,105
09/18/2012,HGR,MD,AEA,EN,Federal Contract Tower,0,1,4,6,11,0,2,0,0,2,0,3,4,6,13,0,0,0,13
09/19/2012,HGR,MD,AEA,EN,Federal Contract Tower,0,9,13,2,24,0,6,78,24,108,0,15,91,26,132,66,0,66,198
09/20/2012,HGR,MD,AEA,EN,Federal Contract Tower,0,7,10,0,17,0,3,103,22,128,0,10,113,22,145,102,0,102,247
09/21/2012,HGR,MD,AEA,EN,Federal Contract Tower,0,9,10,4,23,0,36,91,25,152,0,45,101,29,175,102,0,102,277
09/22/2012,HGR,MD,AEA,EN,Federal Contract Tower,0,5,7,1,13,0,6,61,2,69,0,11,68,3,82,92,0,92,174
09/23/2012,HGR,MD,AEA,EN,Federal Contract Tower,0,7,13,2,22,0,14,95,0,109,0,21,108,2,131,104,0,104,235
09/24/2012,HGR,MD,AEA,EN,Federal Contract Tower,0,8,19,3,30,0,15,64,17,96,0,23,83,20,126,16,0,16,142
09/25/2012,HGR,MD,AEA,EN,Federal Contract Tower,0,12,12,7,31,0,3,62,16,81,0,15,74,23,112,46,0,46,158
09/26/2012,HGR,MD,AEA,EN,Federal Contract Tower,0,8,8,3,19,0,4,59,15,78,0,12,67,18,97,46,0,46,143
09/27/2012,HGR,MD,AEA,EN,Federal Contract Tower,0,5,9,0,14,0,10,56,9,75,0,15,65,9,89,30,0,30,119
09/28/2012,HGR,MD,AEA,EN,Federal Contract Tower,0,10,18,2,30,0,2,47,5,54,0,12,65,7,84,34,0,34,118
09/29/2012,HGR,MD,AEA,EN,Federal Contract Tower,0,5,6,2,13,0,1,89,2,92,0,6,95,4,105,150,0,150,255
09/30/2012,HGR,MD,AEA,EN,Federal Contract Tower,0,6,10,0,16,0,0,33,2,35,0,6,43,2,51,0,0,0,51
10/01/2012,HGR,MD,AEA,EN,Federal Contract Tower,0,8,13,0,21,0,0,29,12,41,0,8,42,12,62,6,0,6,68
10/02/2012,HGR,MD,AEA,EN,Federal Contract Tower,0,7,9,3,19,0,0,0,0,0,0,7,9,3,19,0,0,0,19
10/03/2012,HGR,MD,AEA,EN,Federal Contract Tower,0,4,6,6,16,0,1,40,16,57,0,5,46,22,73,50,20,70,143
10/04/2012,HGR,MD,AEA,EN,Federal Contract Tower,0,5,13,1,19,0,0,45,20,65,0,5,58,21,84,68,28,96,180
10/05/2012,HGR,MD,AEA,EN,Federal Contract Tower,2,9,10,4,25,0,5,97,10,112,2,14,107,14,137,102,0,102,239
10/06/2012,HGR,MD,AEA,EN,Federal Contract Tower,0,5,6,1,12,0,0,38,0,38,0,5,44,1,50,108,0,108,158
10/07/2012,HGR,MD,AEA,EN,Federal Contract Tower,0,6,5,2,13,0,1,19,3,23,0,7,24,5,36,24,0,24,60
10/08/2012,HGR,MD,AEA,EN,Federal Contract Tower,2,10,8,1,21,0,2,42,12,56,2,12,50,13,77,20,8,28,105
10/09/2012,HGR,MD,AEA,EN,Federal Contract Tower,0,6,9,4,19,0,7,56,26,89,0,13,65,30,108,36,0,36,144
10/10/2012,HGR,MD,AEA,EN,Federal Contract Tower,0,7,8,1,16,0,9,53,33,95,0,16,61,34,111,12,0,12,123
10/11/2012,HGR,MD,AEA,EN,Federal Contract Tower,0,4,17,0,21,0,4,72,29,105,0,8,89,29,126,108,0,108,234
10/12/2012,HGR,MD,AEA,EN,Federal Contract Tower,2,9,13,1,25,0,5,67,31,103,2,14,80,32,128,44,32,76,204
10/13/2012,HGR,MD,AEA,EN,Federal Contract Tower,0,6,12,4,22,0,17,86,4,107,0,23,98,8,129,38,0,38,167
10/14/2012,HGR,MD,AEA,EN,Federal Contract Tower,0,4,14,1,19,0,2,86,0,88,0,6,100,1,107,114,0,114,221
10/15/2012,HGR,MD,AEA,EN,Federal Contract Tower,2,8,17,0,27,0,2,20,6,28,2,10,37,6,55,0,0,0,55
10/16/2012,HGR,MD,AEA,EN,Federal Contract Tower,0,7,10,0,17,0,4,66,12,82,0,11,76,12,99,94,0,94,193
10/17/2012,HGR,MD,AEA,EN,Federal Contract Tower,0,7,17,3,27,0,1,70,29,100,0,8,87,32,127,50,0,50,177
10/18/2012,HGR,MD,AEA,EN,Federal Contract Tower,0,7,15,3,25,0,5,56,21,82,0,12,71,24,107,48,16,64,171
10/19/2012,HGR,MD,AEA,EN,Federal Contract Tower,2,10,19,8,39,0,6,9,0,15,2,16,28,8,54,8,0,8,62
10/20/2012,HGR,MD,AEA,EN,Federal Contract Tower,0,5,7,1,13,0,3,59,2,64,0,8,66,3,77,96,0,96,173
10/21/2012,HGR,MD,AEA,EN,Federal Contract Tower,0,7,9,0,16,0,1,54,13,68,0,8,63,13,84,78,0,78,162
10/22/2012,HGR,MD,AEA,EN,Federal Contract Tower,2,11,16,1,30,0,5,67,19,91,2,16,83,20,121,72,0,72,193
10/23/2012,HGR,MD,AEA,EN,Federal Contract Tower,0,5,10,8,23,0,6,69,34,109,0,11,79,42,132,34,0,34,166
10/24/2012,HGR,MD,AEA,EN,Federal Contract Tower,0,7,11,0,18,0,6,68,33,107,0,13,79,33,125,80,0,80,205
10/25/2012,HGR,MD,AEA,EN,Federal Contract Tower,0,8,18,19,45,0,5,17,6,28,0,13,35,25,73,18,0,18,91
10/26/2012,HGR,MD,AEA,EN,Federal Contract Tower,2,9,20,19,50,0,9,56,6,71,2,18,76,25,121,88,0,88,209
10/27/2012,HGR,MD,AEA,EN,Federal Contract Tower,0,4,5,9,18,0,10,52,4,66,0,14,57,13,84,128,0,128,212
10/28/2012,HGR,MD,AEA,EN,Federal Contract Tower,0,5,8,0,13,0,1,3,2,6,0,6,11,2,19,0,0,0,19
10/29/2012,HGR,MD,AEA,EN,Federal Contract Tower,0,0,0,0,0,0,0,0,0,0,0,0,0,0,0,0,0,0,0
10/30/2012,HGR,MD,AEA,EN,Federal Contract Tower,0,0,3,0,3,0,0,0,0,0,0,0,3,0,3,0,0,0,3
10/31/2012,HGR,MD,AEA,EN,Federal Contract Tower,0,6,8,0,14,0,8,8,11,27,0,14,16,11,41,0,0,0,41
11/01/2012,HGR,MD,AEA,EN,Federal Contract Tower,0,6,7,4,17,0,0,34,17,51,0,6,41,21,68,64,0,64,132
11/02/2012,HGR,MD,AEA,EN,Federal Contract Tower,2,0,7,9,18,0,3,69,22,94,2,3,76,31,112,76,0,76,188
11/03/2012,HGR,MD,AEA,EN,Federal Contract Tower,0,0,5,3,8,0,6,41,4,51,0,6,46,7,59,92,0,92,151
11/04/2012,HGR,MD,AEA,EN,Federal Contract Tower,0,0,6,0,6,0,9,62,8,79,0,9,68,8,85,80,0,80,165
11/05/2012,HGR,MD,AEA,EN,Federal Contract Tower,2,3,9,6,20,0,5,52,0,57,2,8,61,6,77,54,0,54,131
11/06/2012,HGR,MD,AEA,EN,Federal Contract Tower,0,4,8,4,16,0,0,67,23,90,0,4,75,27,106,30,0,30,136
11/07/2012,HGR,MD,AEA,EN,Federal Contract Tower,0,5,7,3,15,0,3,28,23,54,0,8,35,26,69,32,0,32,101
11/08/2012,HGR,MD,AEA,EN,Federal Contract Tower,0,4,3,0,7,0,2,34,23,59,0,6,37,23,66,36,0,36,102
11/09/2012,HGR,MD,AEA,EN,Federal Contract Tower,2,4,26,0,32,0,6,81,16,103,2,10,107,16,135,68,2,70,205
11/10/2012,HGR,MD,AEA,EN,Federal Contract Tower,0,4,9,0,13,0,4,77,0,81,0,8,86,0,94,108,0,108,202
11/11/2012,HGR,MD,AEA,EN,Federal Contract Tower,0,4,11,2,17,0,7,98,0,105,0,11,109,2,122,150,0,150,272
11/12/2012,HGR,MD,AEA,EN,Federal Contract Tower,2,4,15,0,21,0,4,37,13,54,2,8,52,13,75,58,0,58,133
11/13/2012,HGR,MD,AEA,EN,Federal Contract Tower,0,4,13,0,17,0,4,39,29,72,0,8,52,29,89,22,0,22,111
11/14/2012,HGR,MD,AEA,EN,Federal Contract Tower,0,6,11,0,17,0,11,74,41,126,0,17,85,41,143,52,2,54,197
11/15/2012,HGR,MD,AEA,EN,Federal Contract Tower,0,8,18,2,28,0,14,77,31,122,0,22,95,33,150,80,30,110,260
11/16/2012,HGR,MD,AEA,EN,Federal Contract Tower,2,4,17,0,23,0,0,91,30,121,2,4,108,30,144,92,22,114,258
11/17/2012,HGR,MD,AEA,EN,Federal Contract Tower,0,4,8,1,13,0,3,80,14,97,0,7,88,15,110,106,0,106,216
11/18/2012,HGR,MD,AEA,EN,Federal Contract Tower,0,6,4,0,10,0,9,75,11,95,0,15,79,11,105,66,16,82,187
11/19/2012,HGR,MD,AEA,EN,Federal Contract Tower,2,6,2,3,13,0,4,55,9,68,2,10,57,12,81,138,0,138,219
11/20/2012,HGR,MD,AEA,EN,Federal Contract Tower,2,6,17,1,26,0,38,85,34,157,2,44,102,35,183,74,0,74,257
11/21/2012,HGR,MD,AEA,EN,Federal Contract Tower,0,4,14,2,20,0,37,77,33,147,0,41,91,35,167,76,18,94,261
11/22/2012,HGR,MD,AEA,EN,Federal Contract Tower,0,5,4,0,9,0,1,35,0,36,0,6,39,0,45,34,0,34,79
11/23/2012,HGR,MD,AEA,EN,Federal Contract Tower,0,4,13,0,17,0,4,97,6,107,0,8,110,6,124,200,0,200,324
11/24/2012,HGR,MD,AEA,EN,Federal Contract Tower,2,5,1,1,9,0,15,10,0,25,2,20,11,1,34,0,0,0,34
11/25/2012,HGR,MD,AEA,EN,Federal Contract Tower,0,0,17,0,17,0,7,44,0,51,0,7,61,0,68,40,0,40,108
11/26/2012,HGR,MD,AEA,EN,Federal Contract Tower,0,4,6,0,10,0,2,83,5,90,0,6,89,5,100,116,0,116,216
11/27/2012,HGR,MD,AEA,EN,Federal Contract Tower,0,0,6,0,6,0,1,2,0,3,0,1,8,0,9,10,0,10,19
11/28/2012,HGR,MD,AEA,EN,Federal Contract Tower,0,4,9,3,16,0,8,86,39,133,0,12,95,42,149,28,28,56,205
11/29/2012,HGR,MD,AEA,EN,Federal Contract Tower,0,3,10,4,17,0,12,99,47,158,0,15,109,51,175,48,16,64,239
11/30/2012,HGR,MD,AEA,EN,Federal Contract Tower,2,5,2,8,17,0,7,87,51,145,2,12,89,59,162,92,68,160,322
12/01/2012,HGR,MD,AEA,EN,Federal Contract Tower,0,4,10,3,17,0,3,37,32,72,0,7,47,35,89,42,50,92,181
12/02/2012,HGR,MD,AEA,EN,Federal Contract Tower,0,2,3,4,9,0,6,27,5,38,0,8,30,9,47,50,8,58,105
12/03/2012,HGR,MD,AEA,EN,Federal Contract Tower,3,4,13,11,31,0,7,73,39,119,3,11,86,50,150,90,30,120,270
12/04/2012,HGR,MD,AEA,EN,Federal Contract Tower,0,7,12,1,20,0,4,70,34,108,0,11,82,35,128,70,46,116,244
12/05/2012,HGR,MD,AEA,EN,Federal Contract Tower,0,4,9,3,16,0,3,45,32,80,0,7,54,35,96,30,36,66,162
12/06/2012,HGR,MD,AEA,EN,Federal Contract Tower,0,5,5,1,11,0,8,62,40,110,0,13,67,41,121,16,58,74,195
12/07/2012,HGR,MD,AEA,EN,Federal Contract Tower,2,8,7,8,25,0,0,0,0,0,2,8,7,8,25,8,4,12,37
12/08/2012,HGR,MD,AEA,EN,Federal Contract Tower,0,3,7,6,16,0,9,38,29,76,0,12,45,35,92,40,44,84,176
12/09/2012,HGR,MD,AEA,EN,Federal Contract Tower,0,2,6,0,8,0,0,0,8,8,0,2,6,8,16,0,0,0,16
12/10/2012,HGR,MD,AEA,EN,Federal Contract Tower,2,0,12,0,14,0,0,0,0,0,2,0,12,0,14,0,0,0,14
12/11/2012,HGR,MD,AEA,EN,Federal Contract Tower,0,0,4,5,9,0,14,37,40,91,0,14,41,45,100,4,18,22,122
12/12/2012,HGR,MD,AEA,EN,Federal Contract Tower,0,0,9,2,11,0,10,72,49,131,0,10,81,51,142,52,82,134,276
12/13/2012,HGR,MD,AEA,EN,Federal Contract Tower,0,0,4,3,7,0,5,56,54,115,0,5,60,57,122,50,74,124,246
12/14/2012,HGR,MD,AEA,EN,Federal Contract Tower,2,1,7,0,10,0,1,81,49,131,2,2,88,49,141,108,76,184,325
12/15/2012,HGR,MD,AEA,EN,Federal Contract Tower,0,2,3,0,5,0,2,86,33,121,0,4,89,33,126,91,68,159,285
12/16/2012,HGR,MD,AEA,EN,Federal Contract Tower,0,2,4,1,7,0,3,30,12,45,0,5,34,13,52,60,20,80,132
12/17/2012,HGR,MD,AEA,EN,Federal Contract Tower,2,3,9,5,19,0,0,8,6,14,2,3,17,11,33,30,0,30,63
12/18/2012,HGR,MD,AEA,EN,Federal Contract Tower,0,5,5,1,11,0,16,56,32,104,0,21,61,33,115,0,10,10,125
12/19/2012,HGR,MD,AEA,EN,Federal Contract Tower,0,9,12,4,25,0,19,65,29,113,0,28,77,33,138,60,26,86,224
12/20/2012,HGR,MD,AEA,EN,Federal Contract Tower,0,6,13,1,20,0,2,44,31,77,0,8,57,32,97,22,94,116,213
12/21/2012,HGR,MD,AEA,EN,Federal Contract Tower,2,4,6,1,13,0,2,31,9,42,2,6,37,10,55,0,4,4,59
12/22/2012,HGR,MD,AEA,EN,Federal Contract Tower,0,0,7,0,7,0,1,0,0,1,0,1,7,0,8,0,0,0,8
12/23/2012,HGR,MD,AEA,EN,Federal Contract Tower,0,2,10,0,12,0,4,105,29,138,0,6,115,29,150,46,20,66,216
12/24/2012,HGR,MD,AEA,EN,Federal Contract Tower,2,2,0,0,4,0,3,20,0,23,2,5,20,0,27,40,0,40,67
12/25/2012,HGR,MD,AEA,EN,Federal Contract Tower,0,2,3,0,5,0,2,0,0,2,0,4,3,0,7,0,0,0,7
12/26/2012,HGR,MD,AEA,EN,Federal Contract Tower,0,1,1,0,2,0,0,0,0,0,0,1,1,0,2,0,0,0,2
12/27/2012,HGR,MD,AEA,EN,Federal Contract Tower,0,2,4,0,6,0,3,9,0,12,0,5,13,0,18,12,0,12,30
12/28/2012,HGR,MD,AEA,EN,Federal Contract Tower,2,5,16,0,23,0,10,65,0,75,2,15,81,0,98,100,0,100,198
12/29/2012,HGR,MD,AEA,EN,Federal Contract Tower,0,0,0,0,0,0,0,0,0,0,0,0,0,0,0,0,0,0,0
12/30/2012,HGR,MD,AEA,EN,Federal Contract Tower,0,3,6,0,9,0,0,3,0,3,0,3,9,0,12,10,0,10,22
12/31/2012,HGR,MD,AEA,EN,Federal Contract Tower,1,1,4,1,7,0,4,30,8,42,1,5,34,9,49,66,0,66,115
01/01/2013,HGR,MD,AEA,EN,Federal Contract Tower,0,4,3,1,8,0,5,11,0,16,0,9,14,1,24,16,0,16,40
01/02/2013,HGR,MD,AEA,EN,Federal Contract Tower,0,8,3,0,11,0,15,43,4,62,0,23,46,4,73,42,0,42,115
01/03/2013,HGR,MD,AEA,EN,Federal Contract Tower,0,3,1,2,6,0,9,53,5,67,0,12,54,7,73,76,0,76,149
01/04/2013,HGR,MD,AEA,EN,Federal Contract Tower,2,4,3,4,13,0,5,61,13,79,2,9,64,17,92,6,0,6,98
01/05/2013,HGR,MD,AEA,EN,Federal Contract Tower,0,0,3,1,4,0,4,57,0,61,0,4,60,1,65,74,0,74,139
01/06/2013,HGR,MD,AEA,EN,Federal Contract Tower,0,2,2,2,6,0,5,57,5,67,0,7,59,7,73,78,0,78,151
01/07/2013,HGR,MD,AEA,EN,Federal Contract Tower,2,4,6,0,12,0,7,50,10,67,2,11,56,10,79,118,0,118,197
01/08/2013,HGR,MD,AEA,EN,Federal Contract Tower,0,1,4,0,5,0,10,77,21,108,0,11,81,21,113,176,10,186,299
01/09/2013,HGR,MD,AEA,EN,Federal Contract Tower,0,5,11,0,16,0,7,60,26,93,0,12,71,26,109,26,4,30,139
01/10/2013,HGR,MD,AEA,EN,Federal Contract Tower,0,3,19,3,25,0,14,84,25,123,0,17,103,28,148,120,26,146,294
01/11/2013,HGR,MD,AEA,EN,Federal Contract Tower,2,7,9,6,24,0,2,17,12,31,2,9,26,18,55,0,0,0,55
01/12/2013,HGR,MD,AEA,EN,Federal Contract Tower,0,0,7,3,10,0,4,36,12,52,0,4,43,15,62,70,4,74,136
01/13/2013,HGR,MD,AEA,EN,Federal Contract Tower,0,1,13,1,15,0,0,0,0,0,0,1,13,1,15,10,0,10,25
01/14/2013,HGR,MD,AEA,EN,Federal Contract Tower,2,4,5,16,27,0,8,36,29,73,2,12,41,45,100,36,10,46,146
01/15/2013,HGR,MD,AEA,EN,Federal Contract Tower,0,6,5,17,28,0,7,40,21,68,0,13,45,38,96,20,0,20,116
01/16/2013,HGR,MD,AEA,EN,Federal Contract Tower,0,0,0,13,13,0,1,6,0,7,0,1,6,13,20,0,0,0,20
01/17/2013,HGR,MD,AEA,EN,Federal Contract Tower,0,5,8,10,23,0,6,31,29,66,0,11,39,39,89,44,26,70,159
01/18/2013,HGR,MD,AEA,EN,Federal Contract Tower,2,7,12,10,31,0,0,57,41,98,2,7,69,51,129,122,30,152,281
01/19/2013,HGR,MD,AEA,EN,Federal Contract Tower,0,3,4,1,8,0,12,61,6,79,0,15,65,7,87,122,0,122,209
01/20/2013,HGR,MD,AEA,EN,Federal Contract Tower,0,5,2,0,7,0,3,46,0,49,0,8,48,0,56,64,0,64,120
01/21/2013,HGR,MD,AEA,EN,Federal Contract Tower,2,7,7,4,20,0,11,38,8,57,2,18,45,12,77,26,0,26,103
01/22/2013,HGR,MD,AEA,EN,Federal Contract Tower,0,12,2,4,18,0,17,27,9,53,0,29,29,13,71,0,0,0,71
01/23/2013,HGR,MD,AEA,EN,Federal Contract Tower,0,7,10,1,18,0,14,52,22,88,0,21,62,23,106,48,0,48,154
01/24/2013,HGR,MD,AEA,EN,Federal Contract Tower,0,6,15,3,24,0,3,12,9,24,0,9,27,12,48,0,0,0,48
01/25/2013,HGR,MD,AEA,EN,Federal Contract Tower,2,3,9,0,14,0,12,20,9,41,2,15,29,9,55,12,0,12,67
01/26/2013,HGR,MD,AEA,EN,Federal Contract Tower,0,0,6,6,12,0,15,30,0,45,0,15,36,6,57,28,0,28,85
01/27/2013,HGR,MD,AEA,EN,Federal Contract Tower,0,4,3,0,7,0,5,42,2,49,0,9,45,2,56,96,0,96,152
01/28/2013,HGR,MD,AEA,EN,Federal Contract Tower,2,3,7,2,14,0,0,0,0,0,2,3,7,2,14,0,0,0,14
01/29/2013,HGR,MD,AEA,EN,Federal Contract Tower,0,9,2,5,16,0,1,53,15,69,0,10,55,20,85,56,0,56,141
01/30/2013,HGR,MD,AEA,EN,Federal Contract Tower,0,11,7,5,23,0,0,0,0,0,0,11,7,5,23,0,0,0,23
01/31/2013,HGR,MD,AEA,EN,Federal Contract Tower,0,0,5,2,7,0,4,4,27,35,0,4,9,29,42,0,0,0,42
02/01/2013,HGR,MD,AEA,EN,Federal Contract Tower,2,8,4,2,16,0,2,11,4,17,2,10,15,6,33,0,0,0,33
02/02/2013,HGR,MD,AEA,EN,Federal Contract Tower,0,4,4,0,8,0,4,39,12,55,0,8,43,12,63,74,0,74,137
02/03/2013,HGR,MD,AEA,EN,Federal Contract Tower,0,5,2,0,7,0,5,0,1,6,0,10,2,1,13,0,0,0,13
02/04/2013,HGR,MD,AEA,EN,Federal Contract Tower,2,5,4,0,11,0,1,48,0,49,2,6,52,0,60,62,0,62,122
02/05/2013,HGR,MD,AEA,EN,Federal Contract Tower,0,2,2,7,11,0,1,3,0,4,0,3,5,7,15,0,0,0,15
02/06/2013,HGR,MD,AEA,EN,Federal Contract Tower,0,10,5,5,20,0,10,68,36,114,0,20,73,41,134,30,8,38,172
02/07/2013,HGR,MD,AEA,EN,Federal Contract Tower,0,9,13,5,27,0,5,75,31,111,0,14,88,36,138,80,38,118,256
02/08/2013,HGR,MD,AEA,EN,Federal Contract Tower,2,0,3,4,9,0,2,2,4,8,2,2,5,8,17,0,0,0,17
02/09/2013,HGR,MD,AEA,EN,Federal Contract Tower,0,0,4,2,6,0,3,23,1,27,0,3,27,3,33,0,0,0,33
02/10/2013,HGR,MD,AEA,EN,Federal Contract Tower,0,5,10,0,15,0,1,94,13,108,0,6,104,13,123,168,0,168,291
02/11/2013,HGR,MD,AEA,EN,Federal Contract Tower,2,9,4,7,22,0,1,27,18,46,2,10,31,25,68,30,0,30,98
02/12/2013,HGR,MD,AEA,EN,Federal Contract Tower,0,7,3,9,19,0,5,64,44,113,0,12,67,53,132,84,8,92,224
02/13/2013,HGR,MD,AEA,EN,Federal Contract Tower,0,9,9,3,21,0,11,36,35,82,0,20,45,38,103,36,10,46,149
02/14/2013,HGR,MD,AEA,EN,Federal Contract Tower,0,8,9,7,24,0,10,84,34,128,0,18,93,41,152,102,34,136,288
02/15/2013,HGR,MD,AEA,EN,Federal Contract Tower,2,7,2,0,11,0,5,54,16,75,2,12,56,16,86,40,6,46,132
02/16/2013,HGR,MD,AEA,EN,Federal Contract Tower,0,4,4,0,8,0,1,60,18,79,0,5,64,18,87,100,6,106,193
02/17/2013,HGR,MD,AEA,EN,Federal Contract Tower,0,4,0,2,6,0,3,7,0,10,0,7,7,2,16,0,0,0,16
02/18/2013,HGR,MD,AEA,EN,Federal Contract Tower,2,6,10,0,18,0,7,76,15,98,2,13,86,15,116,58,0,58,174
02/19/2013,HGR,MD,AEA,EN,Federal Contract Tower,0,3,3,0,6,0,0,2,1,3,0,3,5,1,9,0,0,0,9
02/20/2013,HGR,MD,AEA,EN,Federal Contract Tower,0,10,3,9,22,0,4,15,25,44,0,14,18,34,66,0,0,0,66
02/21/2013,HGR,MD,AEA,EN,Federal Contract Tower,0,7,10,8,25,0,6,35,26,67,0,13,45,34,92,0,0,0,92
02/22/2013,HGR,MD,AEA,EN,Federal Contract Tower,0,7,4,3,14,0,2,2,2,6,0,9,6,5,20,2,0,2,22
02/23/2013,HGR,MD,AEA,EN,Federal Contract Tower,8,0,0,0,8,0,2,6,2,10,8,2,6,2,18,10,12,22,40
02/24/2013,HGR,MD,AEA,EN,Federal Contract Tower,0,5,7,3,15,0,2,64,3,69,0,7,71,6,84,36,0,36,120
02/25/2013,HGR,MD,AEA,EN,Federal Contract Tower,2,9,4,8,23,0,0,64,12,76,2,9,68,20,99,100,0,100,199
02/26/2013,HGR,MD,AEA,EN,Federal Contract Tower,0,3,0,2,5,0,5,3,2,10,0,8,3,4,15,4,12,16,31
02/27/2013,HGR,MD,AEA,EN,Federal Contract Tower,0,9,8,0,17,0,30,23,9,62,0,39,31,9,79,40,4,44,123
02/28/2013,HGR,MD,AEA,EN,Federal Contract Tower,0,8,12,0,20,0,13,37,19,69,0,21,49,19,89,28,0,28,117
03/01/2013,HGR,MD,AEA,EN,Federal Contract Tower,0,8,10,9,27,0,21,63,24,108,0,29,73,33,135,48,0,48,183
03/02/2013,HGR,MD,AEA,EN,Federal Contract Tower,0,3,1,0,4,0,10,59,16,85,0,13,60,16,89,96,0,96,185
03/03/2013,HGR,MD,AEA,EN,Federal Contract Tower,0,5,4,0,9,0,9,57,9,75,0,14,61,9,84,66,0,66,150
03/04/2013,HGR,MD,AEA,EN,Federal Contract Tower,2,5,10,6,23,0,14,49,13,76,2,19,59,19,99,48,0,48,147
03/05/2013,HGR,MD,AEA,EN,Federal Contract Tower,0,11,7,0,18,0,18,76,33,127,0,29,83,33,145,94,0,94,239
03/06/2013,HGR,MD,AEA,EN,Federal Contract Tower,0,0,0,0,0,0,4,0,0,4,0,4,0,0,4,0,0,0,4
03/07/2013,HGR,MD,AEA,EN,Federal Contract Tower,0,10,14,3,27,0,23,55,20,98,0,33,69,23,125,18,4,22,147
03/08/2013,HGR,MD,AEA,EN,Federal Contract Tower,2,6,8,0,16,0,17,39,12,68,2,23,47,12,84,0,0,0,84
03/09/2013,HGR,MD,AEA,EN,Federal Contract Tower,0,4,8,0,12,0,16,104,9,129,0,20,112,9,141,204,0,204,345
03/10/2013,HGR,MD,AEA,EN,Federal Contract Tower,0,5,4,2,11,0,7,105,8,120,0,12,109,10,131,86,4,90,221
03/11/2013,HGR,MD,AEA,EN,Federal Contract Tower,2,9,11,8,30,0,3,60,14,77,2,12,71,22,107,22,0,22,129
03/12/2013,HGR,MD,AEA,EN,Federal Contract Tower,0,8,5,17,30,0,0,25,20,45,0,8,30,37,75,0,0,0,75
03/13/2013,HGR,MD,AEA,EN,Federal Contract Tower,0,5,6,3,14,0,3,78,38,119,0,8,84,41,133,16,0,16,149
03/14/2013,HGR,MD,AEA,EN,Federal Contract Tower,0,6,6,4,16,0,2,37,34,73,0,8,43,38,89,56,0,56,145
03/15/2013,HGR,MD,AEA,EN,Federal Contract Tower,2,11,9,4,26,0,23,93,25,141,2,34,102,29,167,132,0,132,299
03/16/2013,HGR,MD,AEA,EN,Federal Contract Tower,0,3,5,2,10,0,0,1,0,1,0,3,6,2,11,2,0,2,13
03/17/2013,HGR,MD,AEA,EN,Federal Contract Tower,0,0,6,1,7,0,3,46,16,65,0,3,52,17,72,94,16,110,182
03/18/2013,HGR,MD,AEA,EN,Federal Contract Tower,2,0,0,1,3,0,0,4,0,4,2,0,4,1,7,0,0,0,7
03/19/2013,HGR,MD,AEA,EN,Federal Contract Tower,0,5,5,3,13,0,2,16,18,36,0,7,21,21,49,0,0,0,49
03/20/2013,HGR,MD,AEA,EN,Federal Contract Tower,0,11,9,3,23,0,9,50,19,78,0,20,59,22,101,0,0,0,101
03/21/2013,HGR,MD,AEA,EN,Federal Contract Tower,0,7,6,4,17,0,8,46,26,80,0,15,52,30,97,12,6,18,115
03/22/2013,HGR,MD,AEA,EN,Federal Contract Tower,2,8,5,2,17,0,14,69,18,101,2,22,74,20,118,70,0,70,188
03/23/2013,HGR,MD,AEA,EN,Federal Contract Tower,0,3,7,0,10,0,11,94,16,121,0,14,101,16,131,120,0,120,251
03/24/2013,HGR,MD,AEA,EN,Federal Contract Tower,0,2,7,1,10,0,3,93,7,103,0,5,100,8,113,82,0,82,195
03/25/2013,HGR,MD,AEA,EN,Federal Contract Tower,2,1,3,0,6,0,0,0,0,0,2,1,3,0,6,0,0,0,6
03/26/2013,HGR,MD,AEA,EN,Federal Contract Tower,0,10,4,4,18,0,10,54,30,94,0,20,58,34,112,38,0,38,150
03/27/2013,HGR,MD,AEA,EN,Federal Contract Tower,0,7,8,8,23,0,20,50,31,101,0,27,58,39,124,38,0,38,162
03/28/2013,HGR,MD,AEA,EN,Federal Contract Tower,0,5,16,6,27,0,12,54,36,102,0,17,70,42,129,22,26,48,177
03/29/2013,HGR,MD,AEA,EN,Federal Contract Tower,2,7,13,8,30,0,7,98,33,138,2,14,111,41,168,68,0,68,236
03/30/2013,HGR,MD,AEA,EN,Federal Contract Tower,0,5,11,0,16,0,1,140,11,152,0,6,151,11,168,162,0,162,330
03/31/2013,HGR,MD,AEA,EN,Federal Contract Tower,0,4,11,2,17,0,0,0,0,0,0,4,11,2,17,0,0,0,17
04/01/2013,HGR,MD,AEA,EN,Federal Contract Tower,2,9,9,9,29,0,7,73,35,115,2,16,82,44,144,122,38,160,304
04/02/2013,HGR,MD,AEA,EN,Federal Contract Tower,0,12,5,7,24,0,16,72,35,123,0,28,77,42,147,30,56,86,233
04/03/2013,HGR,MD,AEA,EN,Federal Contract Tower,0,8,12,4,24,0,6,66,24,96,0,14,78,28,120,14,0,14,134
04/04/2013,HGR,MD,AEA,EN,Federal Contract Tower,0,8,13,0,21,0,7,64,27,98,0,15,77,27,119,70,4,74,193
04/05/2013,HGR,MD,AEA,EN,Federal Contract Tower,2,11,3,7,23,0,14,74,22,110,2,25,77,29,133,44,8,52,185
04/06/2013,HGR,MD,AEA,EN,Federal Contract Tower,0,3,8,1,12,0,10,131,7,148,0,13,139,8,160,178,0,178,338
04/07/2013,HGR,MD,AEA,EN,Federal Contract Tower,0,4,3,2,9,0,2,36,6,44,0,6,39,8,53,6,0,6,59
04/08/2013,HGR,MD,AEA,EN,Federal Contract Tower,2,4,2,3,11,0,14,49,9,72,2,18,51,12,83,6,0,6,89
04/09/2013,HGR,MD,AEA,EN,Federal Contract Tower,0,10,11,0,21,0,7,68,12,87,0,17,79,12,108,38,0,38,146
04/10/2013,HGR,MD,AEA,EN,Federal Contract Tower,0,9,11,4,24,0,6,53,20,79,0,15,64,24,103,10,10,20,123
04/11/2013,HGR,MD,AEA,EN,Federal Contract Tower,0,14,12,7,33,0,2,66,11,79,0,16,78,18,112,46,0,46,158
04/12/2013,HGR,MD,AEA,EN,Federal Contract Tower,2,11,8,0,21,0,0,0,0,0,2,11,8,0,21,0,0,0,21
04/13/2013,HGR,MD,AEA,EN,Federal Contract Tower,0,4,6,2,12,0,10,62,9,81,0,14,68,11,93,30,6,36,129
04/14/2013,HGR,MD,AEA,EN,Federal Contract Tower,0,6,5,1,12,0,0,103,4,107,0,6,108,5,119,54,0,54,173
04/15/2013,HGR,MD,AEA,EN,Federal Contract Tower,2,8,7,1,18,0,9,68,21,98,2,17,75,22,116,64,0,64,180
04/16/2013,HGR,MD,AEA,EN,Federal Contract Tower,0,9,7,1,17,0,6,74,18,98,0,15,81,19,115,16,0,16,131
04/17/2013,HGR,MD,AEA,EN,Federal Contract Tower,0,10,9,8,27,0,18,50,19,87,0,28,59,27,114,30,8,38,152
04/18/2013,HGR,MD,AEA,EN,Federal Contract Tower,0,15,11,15,41,0,4,14,13,31,0,19,25,28,72,14,0,14,86
04/19/2013,HGR,MD,AEA,EN,Federal Contract Tower,2,5,2,1,10,0,3,11,16,30,2,8,13,17,40,0,0,0,40
04/20/2013,HGR,MD,AEA,EN,Federal Contract Tower,0,3,9,2,14,0,9,47,9,65,0,12,56,11,79,36,0,36,115
04/21/2013,HGR,MD,AEA,EN,Federal Contract Tower,0,4,6,2,12,0,5,93,14,112,0,9,99,16,124,66,20,86,210
04/22/2013,HGR,MD,AEA,EN,Federal Contract Tower,2,7,17,1,27,0,9,89,36,134,2,16,106,37,161,36,24,60,221
04/23/2013,HGR,MD,AEA,EN,Federal Contract Tower,0,6,16,11,33,0,17,114,52,183,0,23,130,63,216,126,18,144,360
04/24/2013,HGR,MD,AEA,EN,Federal Contract Tower,0,13,11,5,29,0,17,72,49,138,0,30,83,54,167,30,0,30,197
04/25/2013,HGR,MD,AEA,EN,Federal Contract Tower,0,6,14,2,22,0,14,87,74,175,0,20,101,76,197,38,14,52,249
04/26/2013,HGR,MD,AEA,EN,Federal Contract Tower,2,8,16,2,28,0,9,95,46,150,2,17,111,48,178,130,22,152,330
04/27/2013,HGR,MD,AEA,EN,Federal Contract Tower,0,4,5,0,9,0,22,82,5,109,0,26,87,5,118,126,4,130,248
04/28/2013,HGR,MD,AEA,EN,Federal Contract Tower,0,8,5,3,16,0,2,22,0,24,0,10,27,3,40,42,0,42,82
04/29/2013,HGR,MD,AEA,EN,Federal Contract Tower,2,9,6,12,29,0,0,0,1,1,2,9,6,13,30,0,0,0,30
04/30/2013,HGR,MD,AEA,EN,Federal Contract Tower,0,15,21,8,44,0,8,5,7,20,0,23,26,15,64,0,0,0,64
05/01/2013,HGR,MD,AEA,EN,Federal Contract Tower,0,8,6,0,14,0,12,65,37,114,0,20,71,37,128,32,2,34,162
05/02/2013,HGR,MD,AEA,EN,Federal Contract Tower,0,12,12,3,27,0,10,59,15,84,0,22,71,18,111,26,0,26,137
05/03/2013,HGR,MD,AEA,EN,Federal Contract Tower,2,12,13,8,35,0,19,85,22,126,2,31,98,30,161,116,0,116,277
05/04/2013,HGR,MD,AEA,EN,Federal Contract Tower,0,4,12,0,16,0,3,51,1,55,0,7,63,1,71,48,0,48,119
05/05/2013,HGR,MD,AEA,EN,Federal Contract Tower,0,4,15,1,20,0,6,86,0,92,0,10,101,1,112,74,0,74,186
05/06/2013,HGR,MD,AEA,EN,Federal Contract Tower,2,7,26,8,43,0,0,32,0,32,2,7,58,8,75,70,0,70,145
05/07/2013,HGR,MD,AEA,EN,Federal Contract Tower,0,8,8,13,29,0,0,0,0,0,0,8,8,13,29,0,0,0,29
05/08/2013,HGR,MD,AEA,EN,Federal Contract Tower,0,12,8,2,22,0,0,32,25,57,0,12,40,27,79,36,0,36,115
05/09/2013,HGR,MD,AEA,EN,Federal Contract Tower,0,6,10,2,18,0,7,39,32,78,0,13,49,34,96,52,46,98,194
05/10/2013,HGR,MD,AEA,EN,Federal Contract Tower,2,7,11,5,25,0,5,37,20,62,2,12,48,25,87,12,10,22,109
05/11/2013,HGR,MD,AEA,EN,Federal Contract Tower,0,3,4,0,7,0,4,4,0,8,0,7,8,0,15,0,0,0,15
05/12/2013,HGR,MD,AEA,EN,Federal Contract Tower,0,4,3,0,7,0,3,26,1,30,0,7,29,1,37,22,0,22,59
05/13/2013,HGR,MD,AEA,EN,Federal Contract Tower,2,8,15,0,25,0,3,52,14,69,2,11,67,14,94,28,0,28,122
05/14/2013,HGR,MD,AEA,EN,Federal Contract Tower,0,5,4,0,9,0,7,72,24,103,0,12,76,24,112,46,0,46,158
05/15/2013,HGR,MD,AEA,EN,Federal Contract Tower,0,8,20,1,29,0,2,68,22,92,0,10,88,23,121,44,0,44,165
05/16/2013,HGR,MD,AEA,EN,Federal Contract Tower,0,9,3,2,14,0,5,48,25,78,0,14,51,27,92,56,20,76,168
05/17/2013,HGR,MD,AEA,EN,Federal Contract Tower,2,10,11,3,26,0,6,86,29,121,2,16,97,32,147,58,4,62,209
05/18/2013,HGR,MD,AEA,EN,Federal Contract Tower,0,4,10,0,14,0,5,44,1,50,0,9,54,1,64,84,0,84,148
05/19/2013,HGR,MD,AEA,EN,Federal Contract Tower,0,6,12,2,20,0,0,7,0,7,0,6,19,2,27,12,0,12,39
05/20/2013,HGR,MD,AEA,EN,Federal Contract Tower,2,8,6,4,20,0,4,20,6,30,2,12,26,10,50,46,0,46,96
05/21/2013,HGR,MD,AEA,EN,Federal Contract Tower,0,11,8,5,24,0,7,65,33,105,0,18,73,38,129,46,12,58,187
05/22/2013,HGR,MD,AEA,EN,Federal Contract Tower,0,6,8,0,14,0,0,53,17,70,0,6,61,17,84,42,0,42,126
05/23/2013,HGR,MD,AEA,EN,Federal Contract Tower,0,9,13,0,22,0,6,34,28,68,0,15,47,28,90,62,4,66,156
05/24/2013,HGR,MD,AEA,EN,Federal Contract Tower,2,10,12,12,36,0,2,11,11,24,2,12,23,23,60,0,0,0,60
05/25/2013,HGR,MD,AEA,EN,Federal Contract Tower,0,5,9,0,14,0,9,35,2,46,0,14,44,2,60,30,0,30,90
05/26/2013,HGR,MD,AEA,EN,Federal Contract Tower,0,3,5,2,10,0,2,53,4,59,0,5,58,6,69,32,0,32,101
05/27/2013,HGR,MD,AEA,EN,Federal Contract Tower,2,8,4,0,14,0,7,70,0,77,2,15,74,0,91,76,0,76,167
05/28/2013,HGR,MD,AEA,EN,Federal Contract Tower,0,10,12,8,30,0,11,64,9,84,0,21,76,17,114,66,0,66,180
05/29/2013,HGR,MD,AEA,EN,Federal Contract Tower,0,10,1,1,12,0,23,70,37,130,0,33,71,38,142,36,0,36,178
05/30/2013,HGR,MD,AEA,EN,Federal Contract Tower,0,11,9,5,25,0,14,69,25,108,0,25,78,30,133,138,2,140,273
05/31/2013,HGR,MD,AEA,EN,Federal Contract Tower,2,9,13,4,28,0,4,82,50,136,2,13,95,54,164,66,28,94,258
06/01/2013,HGR,MD,AEA,EN,Federal Contract Tower,0,2,8,1,11,0,12,96,0,108,0,14,104,1,119,82,0,82,201
06/02/2013,HGR,MD,AEA,EN,Federal Contract Tower,0,6,4,3,13,0,2,21,23,46,0,8,25,26,59,20,0,20,79
06/03/2013,HGR,MD,AEA,EN,Federal Contract Tower,2,13,7,1,23,0,8,34,5,47,2,21,41,6,70,24,0,24,94
06/04/2013,HGR,MD,AEA,EN,Federal Contract Tower,0,7,10,4,21,0,1,81,26,108,0,8,91,30,129,90,0,90,219
06/05/2013,HGR,MD,AEA,EN,Federal Contract Tower,0,7,13,2,22,0,14,87,38,139,0,21,100,40,161,40,0,40,201
06/06/2013,HGR,MD,AEA,EN,Federal Contract Tower,0,4,10,4,18,0,23,12,0,35,0,27,22,4,53,0,0,0,53
06/07/2013,HGR,MD,AEA,EN,Federal Contract Tower,2,8,5,7,22,0,5,0,0,5,2,13,5,7,27,0,0,0,27
06/08/2013,HGR,MD,AEA,EN,Federal Contract Tower,0,3,17,0,20,0,8,77,8,93,0,11,94,8,113,78,0,78,191
06/09/2013,HGR,MD,AEA,EN,Federal Contract Tower,0,5,20,2,27,0,2,61,1,64,0,7,81,3,91,76,0,76,167
06/10/2013,HGR,MD,AEA,EN,Federal Contract Tower,2,11,5,1,19,0,3,1,0,4,2,14,6,1,23,0,0,0,23
06/11/2013,HGR,MD,AEA,EN,Federal Contract Tower,0,7,12,12,31,0,16,75,22,113,0,23,87,34,144,36,12,48,192
06/12/2013,HGR,MD,AEA,EN,Federal Contract Tower,0,11,13,2,26,0,8,71,13,92,0,19,84,15,118,46,0,46,164
06/13/2013,HGR,MD,AEA,EN,Federal Contract Tower,0,11,6,1,18,0,3,29,3,35,0,14,35,4,53,0,0,0,53
06/14/2013,HGR,MD,AEA,EN,Federal Contract Tower,2,10,6,7,25,0,6,81,7,94,2,16,87,14,119,74,22,96,215
06/15/2013,HGR,MD,AEA,EN,Federal Contract Tower,0,3,12,0,15,0,12,94,0,106,0,15,106,0,121,126,0,126,247
06/16/2013,HGR,MD,AEA,EN,Federal Contract Tower,0,4,4,1,9,0,3,54,0,57,0,7,58,1,66,72,0,72,138
06/17/2013,HGR,MD,AEA,EN,Federal Contract Tower,2,7,9,3,21,0,10,81,19,110,2,17,90,22,131,80,0,80,211
06/18/2013,HGR,MD,AEA,EN,Federal Contract Tower,0,8,7,14,29,0,3,56,13,72,0,11,63,27,101,44,0,44,145
06/19/2013,HGR,MD,AEA,EN,Federal Contract Tower,0,7,13,0,20,0,8,98,14,120,0,15,111,14,140,64,0,64,204
06/20/2013,HGR,MD,AEA,EN,Federal Contract Tower,0,13,14,3,30,0,14,57,17,88,0,27,71,20,118,48,0,48,166
06/21/2013,HGR,MD,AEA,EN,Federal Contract Tower,2,5,13,4,24,0,11,141,20,172,2,16,154,24,196,122,12,134,330
06/22/2013,HGR,MD,AEA,EN,Federal Contract Tower,0,4,15,0,19,0,19,183,10,212,0,23,198,10,231,118,0,118,349
06/23/2013,HGR,MD,AEA,EN,Federal Contract Tower,0,4,4,9,17,0,5,100,0,105,0,9,104,9,122,92,0,92,214
06/24/2013,HGR,MD,AEA,EN,Federal Contract Tower,2,10,4,0,16,0,7,62,8,77,2,17,66,8,93,54,0,54,147
06/25/2013,HGR,MD,AEA,EN,Federal Contract Tower,0,12,13,0,25,0,7,89,27,123,0,19,102,27,148,88,0,88,236
06/26/2013,HGR,MD,AEA,EN,Federal Contract Tower,0,7,8,4,19,0,8,68,38,114,0,15,76,42,133,38,0,38,171
06/27/2013,HGR,MD,AEA,EN,Federal Contract Tower,0,7,12,2,21,0,3,38,17,58,0,10,50,19,79,58,8,66,145
06/28/2013,HGR,MD,AEA,EN,Federal Contract Tower,2,11,5,0,18,0,2,53,10,65,2,13,58,10,83,94,0,94,177
06/29/2013,HGR,MD,AEA,EN,Federal Contract Tower,0,6,6,0,12,0,10,108,20,138,0,16,114,20,150,228,0,228,378
06/30/2013,HGR,MD,AEA,EN,Federal Contract Tower,0,5,2,0,7,0,4,59,0,63,0,9,61,0,70,128,0,128,198
07/01/2013,HGR,MD,AEA,EN,Federal Contract Tower,2,8,14,2,26,0,4,67,31,102,2,12,81,33,128,122,0,122,250
07/02/2013,HGR,MD,AEA,EN,Federal Contract Tower,0,7,7,5,19,0,5,56,34,95,0,12,63,39,114,38,36,74,188
07/03/2013,HGR,MD,AEA,EN,Federal Contract Tower,0,7,11,5,23,0,14,50,14,78,0,21,61,19,101,38,6,44,145
07/04/2013,HGR,MD,AEA,EN,Federal Contract Tower,0,6,4,0,10,0,5,32,10,47,0,11,36,10,57,18,0,18,75
07/05/2013,HGR,MD,AEA,EN,Federal Contract Tower,2,7,9,0,18,0,9,129,0,138,2,16,138,0,156,98,0,98,254
07/06/2013,HGR,MD,AEA,EN,Federal Contract Tower,0,3,1,0,4,0,7,113,4,124,0,10,114,4,128,84,0,84,212
07/07/2013,HGR,MD,AEA,EN,Federal Contract Tower,0,4,5,0,9,0,5,50,0,55,0,9,55,0,64,82,0,82,146
07/08/2013,HGR,MD,AEA,EN,Federal Contract Tower,2,8,11,2,23,0,14,70,18,102,2,22,81,20,125,92,6,98,223
07/09/2013,HGR,MD,AEA,EN,Federal Contract Tower,0,9,12,3,24,0,6,35,20,61,0,15,47,23,85,66,0,66,151
07/10/2013,HGR,MD,AEA,EN,Federal Contract Tower,0,11,4,3,18,0,10,48,13,71,0,21,52,16,89,58,0,58,147
07/11/2013,HGR,MD,AEA,EN,Federal Contract Tower,0,7,10,5,22,0,6,62,16,84,0,13,72,21,106,120,22,142,248
07/12/2013,HGR,MD,AEA,EN,Federal Contract Tower,3,8,3,3,17,0,5,53,12,70,3,13,56,15,87,120,10,130,217
07/13/2013,HGR,MD,AEA,EN,Federal Contract Tower,0,3,9,1,13,0,9,74,24,107,0,12,83,25,120,142,26,168,288
07/14/2013,HGR,MD,AEA,EN,Federal Contract Tower,0,5,15,0,20,0,12,46,46,104,0,17,61,46,124,18,144,162,286
07/15/2013,HGR,MD,AEA,EN,Federal Contract Tower,2,8,16,1,27,0,9,64,63,136,2,17,80,64,163,46,194,240,403
07/16/2013,HGR,MD,AEA,EN,Federal Contract Tower,0,10,6,3,19,0,10,82,64,156,0,20,88,67,175,82,324,406,581
07/17/2013,HGR,MD,AEA,EN,Federal Contract Tower,0,10,14,0,24,0,17,63,70,150,0,27,77,70,174,74,300,374,548
07/18/2013,HGR,MD,AEA,EN,Federal Contract Tower,0,9,11,0,20,0,15,73,85,173,0,24,84,85,193,38,134,172,365
07/19/2013,HGR,MD,AEA,EN,Federal Contract Tower,2,5,6,0,13,0,11,55,40,106,2,16,61,40,119,12,66,78,197
07/20/2013,HGR,MD,AEA,EN,Federal Contract Tower,0,5,8,0,13,0,6,86,4,96,0,11,94,4,109,50,0,50,159
07/21/2013,HGR,MD,AEA,EN,Federal Contract Tower,0,2,3,0,5,0,5,85,0,90,0,7,88,0,95,26,0,26,121
07/22/2013,HGR,MD,AEA,EN,Federal Contract Tower,2,6,9,7,24,0,8,35,22,65,2,14,44,29,89,0,0,0,89
07/23/2013,HGR,MD,AEA,EN,Federal Contract Tower,0,7,13,2,22,0,18,72,18,108,0,25,85,20,130,84,0,84,214
07/24/2013,HGR,MD,AEA,EN,Federal Contract Tower,0,11,15,2,28,0,1,92,33,126,0,12,107,35,154,96,34,130,284
07/25/2013,HGR,MD,AEA,EN,Federal Contract Tower,0,6,13,2,21,0,6,81,27,114,0,12,94,29,135,90,0,90,225
07/26/2013,HGR,MD,AEA,EN,Federal Contract Tower,2,9,16,7,34,0,6,113,34,153,2,15,129,41,187,82,0,82,269
07/27/2013,HGR,MD,AEA,EN,Federal Contract Tower,0,4,5,2,11,0,9,63,0,72,0,13,68,2,83,64,0,64,147
07/28/2013,HGR,MD,AEA,EN,Federal Contract Tower,0,5,6,0,11,0,10,30,0,40,0,15,36,0,51,16,0,16,67
07/29/2013,HGR,MD,AEA,EN,Federal Contract Tower,2,8,10,2,22,0,9,74,25,108,2,17,84,27,130,96,0,96,226
07/30/2013,HGR,MD,AEA,EN,Federal Contract Tower,0,10,10,3,23,0,24,83,27,134,0,34,93,30,157,48,0,48,205
07/31/2013,HGR,MD,AEA,EN,Federal Contract Tower,0,7,19,0,26,0,4,83,32,119,0,11,102,32,145,78,0,78,223
08/01/2013,HGR,MD,AEA,EN,Federal Contract Tower,0,7,15,6,28,0,7,38,14,59,0,14,53,20,87,20,0,20,107
08/02/2013,HGR,MD,AEA,EN,Federal Contract Tower,2,7,17,1,27,0,8,81,28,117,2,15,98,29,144,106,0,106,250
08/03/2013,HGR,MD,AEA,EN,Federal Contract Tower,0,4,8,3,15,0,5,35,0,40,0,9,43,3,55,28,0,28,83
08/04/2013,HGR,MD,AEA,EN,Federal Contract Tower,0,6,5,4,15,0,9,60,2,71,0,15,65,6,86,18,0,18,104
08/05/2013,HGR,MD,AEA,EN,Federal Contract Tower,2,6,14,2,24,0,11,89,28,128,2,17,103,30,152,92,16,108,260
08/06/2013,HGR,MD,AEA,EN,Federal Contract Tower,0,9,11,6,26,0,11,36,14,61,0,20,47,20,87,30,0,30,117
08/07/2013,HGR,MD,AEA,EN,Federal Contract Tower,0,12,10,11,33,0,3,20,3,26,0,15,30,14,59,8,0,8,67
08/08/2013,HGR,MD,AEA,EN,Federal Contract Tower,0,9,23,7,39,0,6,52,24,82,0,15,75,31,121,52,0,52,173
08/09/2013,HGR,MD,AEA,EN,Federal Contract Tower,2,8,3,2,15,0,9,50,6,65,2,17,53,8,80,24,0,24,104
08/10/2013,HGR,MD,AEA,EN,Federal Contract Tower,0,3,12,14,29,0,13,58,82,153,0,16,70,96,182,62,78,140,322
08/11/2013,HGR,MD,AEA,EN,Federal Contract Tower,0,5,5,2,12,0,4,87,0,91,0,9,92,2,103,72,0,72,175
08/12/2013,HGR,MD,AEA,EN,Federal Contract Tower,2,7,18,3,30,0,10,94,29,133,2,17,112,32,163,108,0,108,271
08/13/2013,HGR,MD,AEA,EN,Federal Contract Tower,0,14,5,2,21,0,15,44,20,79,0,29,49,22,100,72,0,72,172
08/14/2013,HGR,MD,AEA,EN,Federal Contract Tower,0,12,23,0,35,0,36,102,29,167,0,48,125,29,202,96,0,96,298
08/15/2013,HGR,MD,AEA,EN,Federal Contract Tower,0,10,15,1,26,0,1,112,36,149,0,11,127,37,175,94,6,100,275
08/16/2013,HGR,MD,AEA,EN,Federal Contract Tower,0,10,7,0,17,0,19,105,31,155,0,29,112,31,172,86,24,110,282
08/17/2013,HGR,MD,AEA,EN,Federal Contract Tower,0,3,4,4,11,0,12,77,9,98,0,15,81,13,109,38,26,64,173
08/18/2013,HGR,MD,AEA,EN,Federal Contract Tower,0,5,8,4,17,0,4,29,3,36,0,9,37,7,53,64,0,64,117
08/19/2013,HGR,MD,AEA,EN,Federal Contract Tower,0,9,23,8,40,0,8,18,2,28,0,17,41,10,68,22,0,22,90
08/20/2013,HGR,MD,AEA,EN,Federal Contract Tower,0,6,11,6,23,0,7,75,34,116,0,13,86,40,139,58,0,58,197
08/21/2013,HGR,MD,AEA,EN,Federal Contract Tower,0,6,5,11,22,0,15,66,38,119,0,21,71,49,141,108,12,120,261
08/22/2013,HGR,MD,AEA,EN,Federal Contract Tower,0,10,12,1,23,0,1,66,23,90,0,11,78,24,113,74,0,74,187
08/23/2013,HGR,MD,AEA,EN,Federal Contract Tower,0,8,9,2,19,0,4,41,14,59,0,12,50,16,78,64,0,64,142
08/24/2013,HGR,MD,AEA,EN,Federal Contract Tower,0,1,12,2,15,0,6,147,21,174,0,7,159,23,189,82,0,82,271
08/25/2013,HGR,MD,AEA,EN,Federal Contract Tower,0,4,13,0,17,0,7,106,1,114,0,11,119,1,131,80,0,80,211
08/26/2013,HGR,MD,AEA,EN,Federal Contract Tower,0,7,5,0,12,0,5,57,25,87,0,12,62,25,99,74,22,96,195
08/27/2013,HGR,MD,AEA,EN,Federal Contract Tower,0,8,11,0,19,0,9,65,25,99,0,17,76,25,118,80,0,80,198
08/28/2013,HGR,MD,AEA,EN,Federal Contract Tower,0,10,15,4,29,0,5,6,11,22,0,15,21,15,51,0,0,0,51
08/29/2013,HGR,MD,AEA,EN,Federal Contract Tower,0,3,25,4,32,0,9,58,28,95,0,12,83,32,127,80,0,80,207
08/30/2013,HGR,MD,AEA,EN,Federal Contract Tower,0,0,14,2,16,0,11,68,24,103,0,11,82,26,119,112,0,112,231
08/31/2013,HGR,MD,AEA,EN,Federal Contract Tower,0,0,13,0,13,0,0,38,2,40,0,0,51,2,53,44,0,44,97
09/01/2013,HGR,MD,AEA,EN,Federal Contract Tower,0,2,5,0,7,0,3,43,0,46,0,5,48,0,53,28,0,28,81
09/02/2013,HGR,MD,AEA,EN,Federal Contract Tower,0,9,7,0,16,0,12,55,0,67,0,21,62,0,83,44,0,44,127
09/03/2013,HGR,MD,AEA,EN,Federal Contract Tower,0,5,14,2,21,0,12,70,13,95,0,17,84,15,116,16,0,16,132
09/04/2013,HGR,MD,AEA,EN,Federal Contract Tower,0,11,10,0,21,0,6,84,20,110,0,17,94,20,131,106,10,116,247
09/05/2013,HGR,MD,AEA,EN,Federal Contract Tower,0,5,11,6,22,0,13,73,20,106,0,18,84,26,128,57,10,67,195
09/06/2013,HGR,MD,AEA,EN,Federal Contract Tower,0,4,15,1,20,0,9,97,25,131,0,13,112,26,151,92,0,92,243
09/07/2013,HGR,MD,AEA,EN,Federal Contract Tower,0,1,4,0,5,0,10,73,6,89,0,11,77,6,94,100,0,100,194
09/08/2013,HGR,MD,AEA,EN,Federal Contract Tower,0,4,7,0,11,0,2,64,1,67,0,6,71,1,78,58,0,58,136
09/09/2013,HGR,MD,AEA,EN,Federal Contract Tower,0,7,10,2,19,0,25,77,24,126,0,32,87,26,145,28,20,48,193
09/10/2013,HGR,MD,AEA,EN,Federal Contract Tower,0,7,13,2,22,0,18,68,27,113,0,25,81,29,135,48,0,48,183
09/11/2013,HGR,MD,AEA,EN,Federal Contract Tower,0,3,8,0,11,0,18,54,12,84,0,21,62,12,95,32,0,32,127
09/12/2013,HGR,MD,AEA,EN,Federal Contract Tower,0,5,6,0,11,0,8,62,21,91,0,13,68,21,102,50,0,50,152
09/13/2013,HGR,MD,AEA,EN,Federal Contract Tower,0,9,12,1,22,0,9,86,15,110,0,18,98,16,132,50,0,50,182
09/14/2013,HGR,MD,AEA,EN,Federal Contract Tower,0,5,5,1,11,0,12,53,8,73,0,17,58,9,84,92,0,92,176
09/15/2013,HGR,MD,AEA,EN,Federal Contract Tower,0,3,10,0,13,0,4,60,3,67,0,7,70,3,80,54,0,54,134
09/16/2013,HGR,MD,AEA,EN,Federal Contract Tower,0,8,10,2,20,0,7,54,8,69,0,15,64,10,89,66,0,66,155
09/17/2013,HGR,MD,AEA,EN,Federal Contract Tower,0,6,6,6,18,0,8,75,26,109,0,14,81,32,127,54,2,56,183
09/18/2013,HGR,MD,AEA,EN,Federal Contract Tower,0,5,5,3,13,0,10,108,18,136,0,15,113,21,149,52,0,52,201
09/19/2013,HGR,MD,AEA,EN,Federal Contract Tower,0,7,17,5,29,0,6,68,36,110,0,13,85,41,139,46,0,46,185
09/20/2013,HGR,MD,AEA,EN,Federal Contract Tower,0,6,12,0,18,0,18,99,32,149,0,24,111,32,167,108,0,108,275
09/21/2013,HGR,MD,AEA,EN,Federal Contract Tower,0,3,12,0,15,0,2,1,0,3,0,5,13,0,18,6,0,6,24
09/22/2013,HGR,MD,AEA,EN,Federal Contract Tower,0,5,9,1,15,0,14,166,0,180,0,19,175,1,195,180,0,180,375
09/23/2013,HGR,MD,AEA,EN,Federal Contract Tower,0,7,10,0,17,0,8,55,18,81,0,15,65,18,98,64,0,64,162
09/24/2013,HGR,MD,AEA,EN,Federal Contract Tower,0,8,18,1,27,0,5,89,31,125,0,13,107,32,152,90,0,90,242
09/25/2013,HGR,MD,AEA,EN,Federal Contract Tower,0,4,5,2,11,0,9,105,41,155,0,13,110,43,166,84,0,84,250
09/26/2013,HGR,MD,AEA,EN,Federal Contract Tower,0,8,12,1,21,0,11,83,37,131,0,19,95,38,152,104,0,104,256
09/27/2013,HGR,MD,AEA,EN,Federal Contract Tower,0,8,18,2,28,0,10,57,36,103,0,18,75,38,131,66,0,66,197
09/28/2013,HGR,MD,AEA,EN,Federal Contract Tower,0,3,3,0,6,0,9,42,0,51,0,12,45,0,57,46,0,46,103
09/29/2013,HGR,MD,AEA,EN,Federal Contract Tower,0,6,3,0,9,0,6,56,0,62,0,12,59,0,71,82,0,82,153
09/30/2013,HGR,MD,AEA,EN,Federal Contract Tower,0,8,15,2,25,0,17,75,40,132,0,25,90,42,157,28,4,32,189
10/01/2013,HGR,MD,AEA,EN,Federal Contract Tower,0,7,10,3,20,0,11,72,46,129,0,18,82,49,149,16,0,16,165
10/02/2013,HGR,MD,AEA,EN,Federal Contract Tower,0,11,10,3,24,0,19,106,45,170,0,30,116,48,194,36,0,36,230
10/03/2013,HGR,MD,AEA,EN,Federal Contract Tower,0,9,21,1,31,0,8,91,30,129,0,17,112,31,160,58,0,58,218
10/04/2013,HGR,MD,AEA,EN,Federal Contract Tower,0,10,7,7,24,0,6,81,18,105,0,16,88,25,129,62,0,62,191
10/05/2013,HGR,MD,AEA,EN,Federal Contract Tower,0,13,7,4,24,0,16,87,13,116,0,29,94,17,140,56,0,56,196
10/06/2013,HGR,MD,AEA,EN,Federal Contract Tower,0,3,10,2,15,0,6,95,7,108,0,9,105,9,123,38,0,38,161
10/07/2013,HGR,MD,AEA,EN,Federal Contract Tower,0,7,4,1,12,0,0,11,0,11,0,7,15,1,23,0,0,0,23
10/08/2013,HGR,MD,AEA,EN,Federal Contract Tower,0,10,6,5,21,0,3,80,22,105,0,13,86,27,126,68,18,86,212
10/09/2013,HGR,MD,AEA,EN,Federal Contract Tower,0,11,3,1,15,0,11,52,26,89,0,22,55,27,104,78,0,78,182
10/10/2013,HGR,MD,AEA,EN,Federal Contract Tower,0,12,11,0,23,0,5,0,0,5,0,17,11,0,28,0,0,0,28
10/11/2013,HGR,MD,AEA,EN,Federal Contract Tower,0,7,6,16,29,0,0,0,0,0,0,7,6,16,29,0,0,0,29
10/12/2013,HGR,MD,AEA,EN,Federal Contract Tower,0,12,13,3,28,0,5,25,0,30,0,17,38,3,58,10,0,10,68
10/13/2013,HGR,MD,AEA,EN,Federal Contract Tower,0,7,3,0,10,0,0,2,2,4,0,7,5,2,14,12,0,12,26
10/14/2013,HGR,MD,AEA,EN,Federal Contract Tower,0,15,16,7,38,0,4,67,19,90,0,19,83,26,128,82,0,82,210
10/15/2013,HGR,MD,AEA,EN,Federal Contract Tower,0,10,6,7,23,0,10,95,38,143,0,20,101,45,166,58,4,62,228
10/16/2013,HGR,MD,AEA,EN,Federal Contract Tower,0,12,6,2,20,0,3,41,8,52,0,15,47,10,72,14,0,14,86
10/17/2013,HGR,MD,AEA,EN,Federal Contract Tower,0,8,24,2,34,0,3,59,25,87,0,11,83,27,121,66,0,66,187
10/18/2013,HGR,MD,AEA,EN,Federal Contract Tower,9,8,2,0,19,0,9,96,31,136,9,17,98,31,155,106,0,106,261
10/19/2013,HGR,MD,AEA,EN,Federal Contract Tower,0,5,7,3,15,0,8,31,2,41,0,13,38,5,56,46,4,50,106
10/20/2013,HGR,MD,AEA,EN,Federal Contract Tower,0,2,13,0,15,0,11,97,14,122,0,13,110,14,137,74,0,74,211
10/21/2013,HGR,MD,AEA,EN,Federal Contract Tower,0,7,6,5,18,0,5,94,27,126,0,12,100,32,144,106,0,106,250
10/22/2013,HGR,MD,AEA,EN,Federal Contract Tower,0,12,12,4,28,0,14,53,19,86,0,26,65,23,114,28,6,34,148
10/23/2013,HGR,MD,AEA,EN,Federal Contract Tower,0,15,13,9,37,0,3,55,12,70,0,18,68,21,107,34,0,34,141
10/24/2013,HGR,MD,AEA,EN,Federal Contract Tower,0,8,13,14,35,0,6,59,20,85,0,14,72,34,120,16,0,16,136
10/25/2013,HGR,MD,AEA,EN,Federal Contract Tower,0,9,6,1,16,0,5,89,22,116,0,14,95,23,132,96,0,96,228
10/26/2013,HGR,MD,AEA,EN,Federal Contract Tower,3,7,2,0,12,0,50,8,0,58,3,57,10,0,70,34,0,34,104
10/27/2013,HGR,MD,AEA,EN,Federal Contract Tower,0,7,4,1,12,0,0,62,4,66,0,7,66,5,78,90,22,112,190
10/28/2013,HGR,MD,AEA,EN,Federal Contract Tower,0,6,17,3,26,0,20,63,13,96,0,26,80,16,122,22,0,22,144
10/29/2013,HGR,MD,AEA,EN,Federal Contract Tower,0,9,10,4,23,0,42,95,30,167,0,51,105,34,190,66,0,66,256
10/30/2013,HGR,MD,AEA,EN,Federal Contract Tower,0,10,7,5,22,0,9,71,28,108,0,19,78,33,130,50,0,50,180
10/31/2013,HGR,MD,AEA,EN,Federal Contract Tower,0,6,12,12,30,0,5,28,8,41,0,11,40,20,71,8,0,8,79
11/01/2013,HGR,MD,AEA,EN,Federal Contract Tower,0,8,6,4,18,0,6,22,8,36,0,14,28,12,54,44,0,44,98
11/02/2013,HGR,MD,AEA,EN,Federal Contract Tower,0,5,14,0,19,0,17,43,13,73,0,22,57,13,92,60,0,60,152
11/03/2013,HGR,MD,AEA,EN,Federal Contract Tower,0,5,7,0,12,0,2,45,3,50,0,7,52,3,62,42,0,42,104
11/04/2013,HGR,MD,AEA,EN,Federal Contract Tower,0,8,8,3,19,0,23,73,34,130,0,31,81,37,149,18,0,18,167
11/05/2013,HGR,MD,AEA,EN,Federal Contract Tower,0,8,6,7,21,0,28,66,29,123,0,36,72,36,144,38,0,38,182
11/06/2013,HGR,MD,AEA,EN,Federal Contract Tower,0,8,19,1,28,0,17,76,26,119,0,25,95,27,147,96,0,96,243
11/07/2013,HGR,MD,AEA,EN,Federal Contract Tower,0,14,15,5,34,0,0,26,16,42,0,14,41,21,76,0,0,0,76
11/08/2013,HGR,MD,AEA,EN,Federal Contract Tower,0,7,8,5,20,0,37,71,21,129,0,44,79,26,149,50,0,50,199
11/09/2013,HGR,MD,AEA,EN,Federal Contract Tower,0,3,4,0,7,0,49,83,0,132,0,52,87,0,139,96,0,96,235
11/10/2013,HGR,MD,AEA,EN,Federal Contract Tower,0,4,7,0,11,0,36,18,0,54,0,40,25,0,65,38,0,38,103
11/11/2013,HGR,MD,AEA,EN,Federal Contract Tower,0,10,12,5,27,0,6,97,31,134,0,16,109,36,161,68,10,78,239
11/12/2013,HGR,MD,AEA,EN,Federal Contract Tower,0,8,3,3,14,0,8,45,15,68,0,16,48,18,82,14,0,14,96
11/13/2013,HGR,MD,AEA,EN,Federal Contract Tower,2,7,4,2,15,0,26,60,36,122,2,33,64,38,137,12,0,12,149
11/14/2013,HGR,MD,AEA,EN,Federal Contract Tower,0,12,21,19,52,0,2,101,49,152,0,14,122,68,204,58,36,94,298
11/15/2013,HGR,MD,AEA,EN,Federal Contract Tower,2,10,14,17,43,0,65,121,35,221,2,75,135,52,264,148,0,148,412
11/16/2013,HGR,MD,AEA,EN,Federal Contract Tower,0,4,9,1,14,0,66,63,20,149,0,70,72,21,163,122,6,128,291
11/17/2013,HGR,MD,AEA,EN,Federal Contract Tower,0,1,1,1,3,0,1,2,0,3,0,2,3,1,6,10,0,10,16
11/18/2013,HGR,MD,AEA,EN,Federal Contract Tower,2,8,4,2,16,0,29,32,4,65,2,37,36,6,81,0,0,0,81
11/19/2013,HGR,MD,AEA,EN,Federal Contract Tower,0,12,6,7,25,0,10,42,28,80,0,22,48,35,105,28,0,28,133
11/20/2013,HGR,MD,AEA,EN,Federal Contract Tower,0,13,2,2,17,0,3,43,14,60,0,16,45,16,77,12,0,12,89
11/21/2013,HGR,MD,AEA,EN,Federal Contract Tower,0,8,13,0,21,0,1,60,5,66,0,9,73,5,87,58,0,58,145
11/22/2013,HGR,MD,AEA,EN,Federal Contract Tower,2,12,2,2,18,0,0,20,3,23,2,12,22,5,41,0,0,0,41
11/23/2013,HGR,MD,AEA,EN,Federal Contract Tower,0,6,10,0,16,0,40,36,4,80,0,46,46,4,96,94,12,106,202
11/24/2013,HGR,MD,AEA,EN,Federal Contract Tower,0,4,6,0,10,0,0,13,0,13,0,4,19,0,23,0,0,0,23
11/25/2013,HGR,MD,AEA,EN,Federal Contract Tower,2,7,7,0,16,0,3,55,1,59,2,10,62,1,75,10,0,10,85
11/26/2013,HGR,MD,AEA,EN,Federal Contract Tower,0,6,2,0,8,0,0,0,0,0,0,6,2,0,8,0,0,0,8
11/27/2013,HGR,MD,AEA,EN,Federal Contract Tower,2,10,2,0,14,0,1,2,0,3,2,11,4,0,17,0,0,0,17
11/28/2013,HGR,MD,AEA,EN,Federal Contract Tower,0,7,1,0,8,0,0,4,0,4,0,7,5,0,12,0,0,0,12
11/29/2013,HGR,MD,AEA,EN,Federal Contract Tower,0,8,6,0,14,0,4,66,0,70,0,12,72,0,84,90,0,90,174
11/30/2013,HGR,MD,AEA,EN,Federal Contract Tower,0,3,5,0,8,0,1,56,5,62,0,4,61,5,70,60,0,60,130
12/01/2013,HGR,MD,AEA,EN,Federal Contract Tower,0,6,11,0,17,0,8,46,0,54,0,14,57,0,71,56,0,56,127
12/02/2013,HGR,MD,AEA,EN,Federal Contract Tower,2,7,6,8,23,0,8,32,6,46,2,15,38,14,69,14,0,14,83
12/03/2013,HGR,MD,AEA,EN,Federal Contract Tower,0,8,4,7,19,0,4,53,35,92,0,12,57,42,111,76,0,76,187
12/04/2013,HGR,MD,AEA,EN,Federal Contract Tower,0,8,8,6,22,0,4,55,36,95,0,12,63,42,117,28,0,28,145
12/05/2013,HGR,MD,AEA,EN,Federal Contract Tower,0,8,11,1,20,0,2,30,35,67,0,10,41,36,87,22,0,22,109
12/06/2013,HGR,MD,AEA,EN,Federal Contract Tower,2,11,7,10,30,0,0,11,0,11,2,11,18,10,41,6,0,6,47
12/07/2013,HGR,MD,AEA,EN,Federal Contract Tower,0,6,5,1,12,0,6,35,0,41,0,12,40,1,53,88,0,88,141
12/08/2013,HGR,MD,AEA,EN,Federal Contract Tower,0,0,0,0,0,0,0,2,0,2,0,0,2,0,2,0,0,0,2
12/09/2013,HGR,MD,AEA,EN,Federal Contract Tower,0,4,8,0,12,0,0,0,0,0,0,4,8,0,12,0,0,0,12
12/10/2013,HGR,MD,AEA,EN,Federal Contract Tower,2,16,4,1,23,0,13,3,3,19,2,29,7,4,42,0,0,0,42
12/11/2013,HGR,MD,AEA,EN,Federal Contract Tower,0,10,7,1,18,0,6,74,43,123,0,16,81,44,141,18,0,18,159
12/12/2013,HGR,MD,AEA,EN,Federal Contract Tower,0,12,3,0,15,0,5,35,29,69,0,17,38,29,84,28,0,28,112
12/13/2013,HGR,MD,AEA,EN,Federal Contract Tower,2,11,4,2,19,0,8,59,33,100,2,19,63,35,119,76,0,76,195
12/14/2013,HGR,MD,AEA,EN,Federal Contract Tower,0,2,0,0,2,0,0,0,0,0,0,2,0,0,2,0,0,0,2
12/15/2013,HGR,MD,AEA,EN,Federal Contract Tower,0,6,4,0,10,0,3,4,0,7,0,9,8,0,17,0,0,0,17
12/16/2013,HGR,MD,AEA,EN,Federal Contract Tower,2,8,5,2,17,0,2,36,17,55,2,10,41,19,72,22,0,22,94
12/17/2013,HGR,MD,AEA,EN,Federal Contract Tower,0,9,4,0,13,0,6,1,0,7,0,15,5,0,20,0,0,0,20
12/18/2013,HGR,MD,AEA,EN,Federal Contract Tower,0,9,11,7,27,0,2,35,24,61,0,11,46,31,88,18,0,18,106
12/19/2013,HGR,MD,AEA,EN,Federal Contract Tower,0,6,17,0,23,0,4,74,29,107,0,10,91,29,130,62,0,62,192
12/20/2013,HGR,MD,AEA,EN,Federal Contract Tower,2,8,7,0,17,0,4,84,17,105,2,12,91,17,122,102,0,102,224
12/21/2013,HGR,MD,AEA,EN,Federal Contract Tower,0,3,14,0,17,0,5,87,0,92,0,8,101,0,109,146,0,146,255
12/22/2013,HGR,MD,AEA,EN,Federal Contract Tower,0,3,5,0,8,0,2,0,0,2,0,5,5,0,10,0,0,0,10
12/23/2013,HGR,MD,AEA,EN,Federal Contract Tower,2,10,6,7,25,0,3,11,4,18,2,13,17,11,43,2,0,2,45
12/24/2013,HGR,MD,AEA,EN,Federal Contract Tower,0,11,2,0,13,0,4,17,0,21,0,15,19,0,34,14,0,14,48
12/25/2013,HGR,MD,AEA,EN,Federal Contract Tower,0,7,0,0,7,0,7,9,0,16,0,14,9,0,23,14,0,14,37
12/26/2013,HGR,MD,AEA,EN,Federal Contract Tower,0,8,2,1,11,0,1,33,5,39,0,9,35,6,50,18,6,24,74
12/27/2013,HGR,MD,AEA,EN,Federal Contract Tower,2,7,5,0,14,0,10,74,11,95,2,17,79,11,109,136,0,136,245
12/28/2013,HGR,MD,AEA,EN,Federal Contract Tower,0,3,6,0,9,0,3,70,0,73,0,6,76,0,82,72,0,72,154
12/29/2013,HGR,MD,AEA,EN,Federal Contract Tower,0,4,2,0,6,0,1,0,0,1,0,5,2,0,7,0,0,0,7
12/30/2013,HGR,MD,AEA,EN,Federal Contract Tower,2,8,2,0,12,0,1,13,9,23,2,9,15,9,35,20,0,20,55
12/31/2013,HGR,MD,AEA,EN,Federal Contract Tower,0,8,1,0,9,0,8,19,6,33,0,16,20,6,42,14,0,14,56
01/01/2014,HGR,MD,AEA,EN,Federal Contract Tower,0,7,1,0,8,0,8,55,0,63,0,15,56,0,71,28,0,28,99
01/02/2014,HGR,MD,AEA,EN,Federal Contract Tower,0,5,0,0,5,0,0,28,0,28,0,5,28,0,33,30,0,30,63
01/03/2014,HGR,MD,AEA,EN,Federal Contract Tower,2,7,0,0,9,0,1,0,0,1,2,8,0,0,10,0,0,0,10
01/04/2014,HGR,MD,AEA,EN,Federal Contract Tower,0,4,4,0,8,0,19,42,2,63,0,23,46,2,71,66,0,66,137
01/05/2014,HGR,MD,AEA,EN,Federal Contract Tower,0,1,2,1,4,0,0,0,0,0,0,1,2,1,4,0,0,0,4
01/06/2014,HGR,MD,AEA,EN,Federal Contract Tower,2,9,4,1,16,0,0,0,0,0,2,9,4,1,16,0,0,0,16
01/07/2014,HGR,MD,AEA,EN,Federal Contract Tower,0,8,5,5,18,0,8,10,6,24,0,16,15,11,42,0,0,0,42
01/08/2014,HGR,MD,AEA,EN,Federal Contract Tower,0,11,10,1,22,0,26,49,22,97,0,37,59,23,119,28,0,28,147
01/09/2014,HGR,MD,AEA,EN,Federal Contract Tower,0,10,2,1,13,0,19,43,14,76,0,29,45,15,89,70,0,70,159
01/10/2014,HGR,MD,AEA,EN,Federal Contract Tower,4,3,4,0,11,0,0,0,0,0,4,3,4,0,11,0,0,0,11
01/11/2014,HGR,MD,AEA,EN,Federal Contract Tower,0,3,2,0,5,0,0,0,0,0,0,3,2,0,5,0,0,0,5
01/12/2014,HGR,MD,AEA,EN,Federal Contract Tower,0,9,5,0,14,0,9,29,0,38,0,18,34,0,52,12,0,12,64
01/13/2014,HGR,MD,AEA,EN,Federal Contract Tower,2,9,6,0,17,0,2,52,12,66,2,11,58,12,83,60,0,60,143
01/14/2014,HGR,MD,AEA,EN,Federal Contract Tower,0,8,4,11,23,0,2,27,16,45,0,10,31,27,68,26,0,26,94
01/15/2014,HGR,MD,AEA,EN,Federal Contract Tower,0,9,3,2,14,0,4,42,25,71,0,13,45,27,85,16,0,16,101
01/16/2014,HGR,MD,AEA,EN,Federal Contract Tower,0,5,4,0,9,0,8,57,31,96,0,13,61,31,105,108,0,108,213
01/17/2014,HGR,MD,AEA,EN,Federal Contract Tower,2,8,16,0,26,0,7,62,24,93,2,15,78,24,119,126,0,126,245
01/18/2014,HGR,MD,AEA,EN,Federal Contract Tower,0,4,3,0,7,0,5,29,0,34,0,9,32,0,41,42,0,42,83
01/19/2014,HGR,MD,AEA,EN,Federal Contract Tower,0,3,0,0,3,0,13,30,0,43,0,16,30,0,46,74,0,74,120
01/20/2014,HGR,MD,AEA,EN,Federal Contract Tower,2,9,7,0,18,0,20,54,0,74,2,29,61,0,92,62,0,62,154
01/21/2014,HGR,MD,AEA,EN,Federal Contract Tower,0,2,0,0,2,0,0,0,0,0,0,2,0,0,2,0,0,0,2
01/22/2014,HGR,MD,AEA,EN,Federal Contract Tower,0,11,3,0,14,0,6,2,0,8,0,17,5,0,22,2,0,2,24
01/23/2014,HGR,MD,AEA,EN,Federal Contract Tower,0,9,16,5,30,0,4,29,16,49,0,13,45,21,79,0,0,0,79
01/24/2014,HGR,MD,AEA,EN,Federal Contract Tower,2,13,12,0,27,0,6,53,13,72,2,19,65,13,99,52,0,52,151
01/25/2014,HGR,MD,AEA,EN,Federal Contract Tower,0,3,0,0,3,0,10,8,0,18,0,13,8,0,21,22,0,22,43
01/26/2014,HGR,MD,AEA,EN,Federal Contract Tower,0,4,5,0,9,0,7,34,0,41,0,11,39,0,50,34,0,34,84
01/27/2014,HGR,MD,AEA,EN,Federal Contract Tower,2,5,9,1,17,0,4,25,9,38,2,9,34,10,55,0,0,0,55
01/28/2014,HGR,MD,AEA,EN,Federal Contract Tower,0,11,1,1,13,0,4,9,9,22,0,15,10,10,35,0,0,0,35
01/29/2014,HGR,MD,AEA,EN,Federal Contract Tower,0,7,4,0,11,0,8,65,19,92,0,15,69,19,103,14,0,14,117
01/30/2014,HGR,MD,AEA,EN,Federal Contract Tower,0,10,17,1,28,0,9,62,23,94,0,19,79,24,122,120,0,120,242
01/31/2014,HGR,MD,AEA,EN,Federal Contract Tower,2,9,7,1,19,0,8,59,3,70,2,17,66,4,89,140,0,140,229
02/01/2014,HGR,MD,AEA,EN,Federal Contract Tower,0,4,5,0,9,0,23,90,14,127,0,27,95,14,136,158,0,158,294
02/02/2014,HGR,MD,AEA,EN,Federal Contract Tower,0,4,8,0,12,0,2,24,0,26,0,6,32,0,38,30,0,30,68
02/03/2014,HGR,MD,AEA,EN,Federal Contract Tower,0,6,3,0,9,0,3,0,0,3,0,9,3,0,12,8,0,8,20
02/04/2014,HGR,MD,AEA,EN,Federal Contract Tower,2,8,9,1,20,0,7,49,0,56,2,15,58,1,76,82,0,82,158
02/05/2014,HGR,MD,AEA,EN,Federal Contract Tower,0,8,5,0,13,0,2,0,0,2,0,10,5,0,15,0,0,0,15
02/06/2014,HGR,MD,AEA,EN,Federal Contract Tower,0,9,7,1,17,0,3,45,26,74,0,12,52,27,91,88,0,88,179
02/07/2014,HGR,MD,AEA,EN,Federal Contract Tower,2,6,6,9,23,0,10,86,14,110,2,16,92,23,133,130,12,142,275
02/08/2014,HGR,MD,AEA,EN,Federal Contract Tower,0,5,10,0,15,0,3,28,0,31,0,8,38,0,46,48,0,48,94
02/09/2014,HGR,MD,AEA,EN,Federal Contract Tower,0,2,1,5,8,0,0,9,0,9,0,2,10,5,17,20,0,20,37
02/10/2014,HGR,MD,AEA,EN,Federal Contract Tower,2,9,13,1,25,0,12,57,21,90,2,21,70,22,115,64,0,64,179
02/11/2014,HGR,MD,AEA,EN,Federal Contract Tower,0,7,5,6,18,0,11,45,24,80,0,18,50,30,98,100,0,100,198
02/12/2014,HGR,MD,AEA,EN,Federal Contract Tower,0,7,6,12,25,0,9,49,33,91,0,16,55,45,116,62,20,82,198
02/13/2014,HGR,MD,AEA,EN,Federal Contract Tower,0,0,0,0,0,0,0,0,0,0,0,0,0,0,0,0,0,0,0
02/14/2014,HGR,MD,AEA,EN,Federal Contract Tower,2,9,8,0,19,0,2,47,9,58,2,11,55,9,77,66,0,66,143
02/15/2014,HGR,MD,AEA,EN,Federal Contract Tower,0,4,1,0,5,0,3,0,0,3,0,7,1,0,8,0,0,0,8
02/16/2014,HGR,MD,AEA,EN,Federal Contract Tower,0,4,3,2,9,0,1,10,2,13,0,5,13,4,22,10,0,10,32
02/17/2014,HGR,MD,AEA,EN,Federal Contract Tower,2,10,8,2,22,0,6,68,18,92,2,16,76,20,114,80,0,80,194
02/18/2014,HGR,MD,AEA,EN,Federal Contract Tower,0,8,3,3,14,0,1,27,19,47,0,9,30,22,61,40,0,40,101
02/19/2014,HGR,MD,AEA,EN,Federal Contract Tower,0,7,7,6,20,0,0,6,24,30,0,7,13,30,50,0,0,0,50
02/20/2014,HGR,MD,AEA,EN,Federal Contract Tower,0,10,6,2,18,0,2,67,41,110,0,12,73,43,128,72,8,80,208
02/21/2014,HGR,MD,AEA,EN,Federal Contract Tower,2,6,4,2,14,0,5,45,16,66,2,11,49,18,80,56,0,56,136
02/22/2014,HGR,MD,AEA,EN,Federal Contract Tower,0,6,7,0,13,0,9,76,4,89,0,15,83,4,102,110,0,110,212
02/23/2014,HGR,MD,AEA,EN,Federal Contract Tower,0,6,5,3,14,0,5,78,0,83,0,11,83,3,97,128,0,128,225
02/24/2014,HGR,MD,AEA,EN,Federal Contract Tower,2,8,9,4,23,0,1,41,12,54,2,9,50,16,77,14,0,14,91
02/25/2014,HGR,MD,AEA,EN,Federal Contract Tower,0,8,8,5,21,0,7,53,27,87,0,15,61,32,108,42,0,42,150
02/26/2014,HGR,MD,AEA,EN,Federal Contract Tower,0,9,6,7,22,0,6,42,28,76,0,15,48,35,98,20,0,20,118
02/27/2014,HGR,MD,AEA,EN,Federal Contract Tower,0,11,8,3,22,0,7,40,14,61,0,18,48,17,83,28,0,28,111
02/28/2014,HGR,MD,AEA,EN,Federal Contract Tower,2,9,20,3,34,0,5,76,9,90,2,14,96,12,124,90,0,90,214
03/01/2014,HGR,MD,AEA,EN,Federal Contract Tower,0,5,0,3,8,0,3,76,5,84,0,8,76,8,92,122,0,122,214
03/02/2014,HGR,MD,AEA,EN,Federal Contract Tower,0,3,4,0,7,0,2,2,0,4,0,5,6,0,11,10,0,10,21
03/03/2014,HGR,MD,AEA,EN,Federal Contract Tower,2,6,3,0,11,0,0,2,0,2,2,6,5,0,13,0,0,0,13
03/04/2014,HGR,MD,AEA,EN,Federal Contract Tower,0,9,9,2,20,0,16,47,23,86,0,25,56,25,106,38,0,38,144
03/05/2014,HGR,MD,AEA,EN,Federal Contract Tower,0,7,7,3,17,0,2,57,37,96,0,9,64,40,113,38,0,38,151
03/06/2014,HGR,MD,AEA,EN,Federal Contract Tower,0,7,9,4,20,0,8,55,22,85,0,15,64,26,105,48,0,48,153
03/07/2014,HGR,MD,AEA,EN,Federal Contract Tower,1,10,9,1,21,0,4,39,0,43,1,14,48,1,64,28,0,28,92
03/08/2014,HGR,MD,AEA,EN,Federal Contract Tower,1,3,7,0,11,0,7,78,1,86,1,10,85,1,97,100,0,100,197
03/09/2014,HGR,MD,AEA,EN,Federal Contract Tower,0,4,3,0,7,0,2,60,0,62,0,6,63,0,69,54,0,54,123
03/10/2014,HGR,MD,AEA,EN,Federal Contract Tower,2,9,6,2,19,0,14,66,25,105,2,23,72,27,124,38,0,38,162
03/11/2014,HGR,MD,AEA,EN,Federal Contract Tower,0,11,10,6,27,0,10,96,33,139,0,21,106,39,166,74,0,74,240
03/12/2014,HGR,MD,AEA,EN,Federal Contract Tower,0,8,5,4,17,0,2,16,20,38,0,10,21,24,55,0,0,0,55
03/13/2014,HGR,MD,AEA,EN,Federal Contract Tower,0,9,9,1,19,0,7,10,3,20,0,16,19,4,39,8,0,8,47
03/14/2014,HGR,MD,AEA,EN,Federal Contract Tower,2,9,14,3,28,0,7,49,15,71,2,16,63,18,99,74,0,74,173
03/15/2014,HGR,MD,AEA,EN,Federal Contract Tower,0,4,6,1,11,0,14,54,7,75,0,18,60,8,86,32,0,32,118
03/16/2014,HGR,MD,AEA,EN,Federal Contract Tower,0,4,3,2,9,0,5,60,0,65,0,9,63,2,74,54,0,54,128
03/17/2014,HGR,MD,AEA,EN,Federal Contract Tower,2,6,2,0,10,0,4,11,0,15,2,10,13,0,25,20,0,20,45
03/18/2014,HGR,MD,AEA,EN,Federal Contract Tower,0,12,7,3,22,0,2,59,26,87,0,14,66,29,109,78,0,78,187
03/19/2014,HGR,MD,AEA,EN,Federal Contract Tower,0,7,2,16,25,0,0,0,0,0,0,7,2,16,25,0,0,0,25
03/20/2014,HGR,MD,AEA,EN,Federal Contract Tower,0,9,11,0,20,0,7,49,29,85,0,16,60,29,105,22,0,22,127
03/21/2014,HGR,MD,AEA,EN,Federal Contract Tower,2,10,18,3,33,0,15,114,36,165,2,25,132,39,198,104,12,116,314
03/22/2014,HGR,MD,AEA,EN,Federal Contract Tower,0,3,1,0,4,0,9,46,0,55,0,12,47,0,59,56,0,56,115
03/23/2014,HGR,MD,AEA,EN,Federal Contract Tower,0,5,1,0,6,0,9,77,7,93,0,14,78,7,99,102,6,108,207
03/24/2014,HGR,MD,AEA,EN,Federal Contract Tower,2,7,5,0,14,0,12,62,27,101,2,19,67,27,115,68,0,68,183
03/25/2014,HGR,MD,AEA,EN,Federal Contract Tower,0,5,5,2,12,0,2,0,0,2,0,7,5,2,14,0,0,0,14
03/26/2014,HGR,MD,AEA,EN,Federal Contract Tower,0,8,5,0,13,0,34,4,11,49,0,42,9,11,62,4,0,4,66
03/27/2014,HGR,MD,AEA,EN,Federal Contract Tower,0,10,7,1,18,0,1,55,28,84,0,11,62,29,102,118,0,118,220
03/28/2014,HGR,MD,AEA,EN,Federal Contract Tower,2,9,4,3,18,0,6,24,5,35,2,15,28,8,53,20,0,20,73
03/29/2014,HGR,MD,AEA,EN,Federal Contract Tower,0,5,5,0,10,0,0,9,0,9,0,5,14,0,19,28,0,28,47
03/30/2014,HGR,MD,AEA,EN,Federal Contract Tower,0,2,2,0,4,0,1,0,0,1,0,3,2,0,5,0,0,0,5
03/31/2014,HGR,MD,AEA,EN,Federal Contract Tower,2,8,11,0,21,0,3,47,19,69,2,11,58,19,90,42,10,52,142
04/01/2014,HGR,MD,AEA,EN,Federal Contract Tower,0,11,5,2,18,0,12,119,24,155,0,23,124,26,173,140,0,140,313
04/02/2014,HGR,MD,AEA,EN,Federal Contract Tower,0,8,10,9,27,0,10,48,29,87,0,18,58,38,114,58,0,58,172
04/03/2014,HGR,MD,AEA,EN,Federal Contract Tower,0,11,8,4,23,0,9,35,16,60,0,20,43,20,83,54,0,54,137
04/04/2014,HGR,MD,AEA,EN,Federal Contract Tower,3,9,8,5,25,0,6,19,3,28,3,15,27,8,53,14,0,14,67
04/05/2014,HGR,MD,AEA,EN,Federal Contract Tower,0,6,6,0,12,0,24,40,12,76,0,30,46,12,88,38,8,46,134
04/06/2014,HGR,MD,AEA,EN,Federal Contract Tower,0,4,12,0,16,0,12,96,8,116,0,16,108,8,132,128,0,128,260
04/07/2014,HGR,MD,AEA,EN,Federal Contract Tower,2,7,12,0,21,0,0,0,0,0,2,7,12,0,21,0,0,0,21
04/08/2014,HGR,MD,AEA,EN,Federal Contract Tower,0,8,11,3,22,0,2,37,22,61,0,10,48,25,83,12,0,12,95
04/09/2014,HGR,MD,AEA,EN,Federal Contract Tower,0,8,10,7,25,0,3,114,27,144,0,11,124,34,169,72,0,72,241
04/10/2014,HGR,MD,AEA,EN,Federal Contract Tower,0,10,5,0,15,0,4,99,22,125,0,14,104,22,140,112,0,112,252
04/11/2014,HGR,MD,AEA,EN,Federal Contract Tower,2,8,7,2,19,0,6,60,15,81,2,14,67,17,100,54,0,54,154
04/12/2014,HGR,MD,AEA,EN,Federal Contract Tower,0,5,6,1,12,0,23,78,14,115,0,28,84,15,127,162,10,172,299
04/13/2014,HGR,MD,AEA,EN,Federal Contract Tower,0,5,7,0,12,0,8,49,0,57,0,13,56,0,69,90,0,90,159
04/14/2014,HGR,MD,AEA,EN,Federal Contract Tower,2,9,7,4,22,0,3,36,17,56,2,12,43,21,78,28,10,38,116
04/15/2014,HGR,MD,AEA,EN,Federal Contract Tower,0,8,8,14,30,0,0,0,0,0,0,8,8,14,30,0,0,0,30
04/16/2014,HGR,MD,AEA,EN,Federal Contract Tower,0,10,7,4,21,0,7,61,27,95,0,17,68,31,116,32,2,34,150
04/17/2014,HGR,MD,AEA,EN,Federal Contract Tower,0,6,9,9,24,0,7,53,24,84,0,13,62,33,108,76,8,84,192
04/18/2014,HGR,MD,AEA,EN,Federal Contract Tower,2,7,8,2,19,0,6,78,10,94,2,13,86,12,113,118,0,118,231
04/19/2014,HGR,MD,AEA,EN,Federal Contract Tower,0,4,7,1,12,0,6,76,5,87,0,10,83,6,99,96,0,96,195
04/20/2014,HGR,MD,AEA,EN,Federal Contract Tower,0,5,9,0,14,0,2,63,0,65,0,7,72,0,79,58,0,58,137
04/21/2014,HGR,MD,AEA,EN,Federal Contract Tower,2,7,9,2,20,0,2,93,13,108,2,9,102,15,128,20,0,20,148
04/22/2014,HGR,MD,AEA,EN,Federal Contract Tower,0,8,11,9,28,0,8,51,16,75,0,16,62,25,103,26,0,26,129
04/23/2014,HGR,MD,AEA,EN,Federal Contract Tower,0,12,12,8,32,0,8,14,8,30,0,20,26,16,62,0,0,0,62
04/24/2014,HGR,MD,AEA,EN,Federal Contract Tower,0,10,3,1,14,0,3,112,38,153,0,13,115,39,167,134,0,134,301
04/25/2014,HGR,MD,AEA,EN,Federal Contract Tower,2,6,7,2,17,0,3,41,15,59,2,9,48,17,76,36,0,36,112
04/26/2014,HGR,MD,AEA,EN,Federal Contract Tower,0,4,4,0,8,0,13,36,6,55,0,17,40,6,63,44,0,44,107
04/27/2014,HGR,MD,AEA,EN,Federal Contract Tower,0,5,7,2,14,0,9,83,0,92,0,14,90,2,106,138,0,138,244
04/28/2014,HGR,MD,AEA,EN,Federal Contract Tower,2,8,5,4,19,0,0,26,29,55,2,8,31,33,74,8,0,8,82
04/29/2014,HGR,MD,AEA,EN,Federal Contract Tower,0,8,4,12,24,0,0,0,0,0,0,8,4,12,24,0,0,0,24
04/30/2014,HGR,MD,AEA,EN,Federal Contract Tower,0,11,4,0,15,0,0,0,0,0,0,11,4,0,15,0,0,0,15
05/01/2014,HGR,MD,AEA,EN,Federal Contract Tower,0,7,9,1,17,0,6,72,36,114,0,13,81,37,131,68,0,68,199
05/02/2014,HGR,MD,AEA,EN,Federal Contract Tower,2,8,9,3,22,0,2,64,17,83,2,10,73,20,105,18,0,18,123
05/03/2014,HGR,MD,AEA,EN,Federal Contract Tower,0,3,4,0,7,0,5,55,2,62,0,8,59,2,69,26,0,26,95
05/04/2014,HGR,MD,AEA,EN,Federal Contract Tower,0,2,5,0,7,0,4,54,4,62,0,6,59,4,69,74,6,80,149
05/05/2014,HGR,MD,AEA,EN,Federal Contract Tower,2,7,14,3,26,0,1,35,7,43,2,8,49,10,69,46,0,46,115
05/06/2014,HGR,MD,AEA,EN,Federal Contract Tower,0,7,7,0,14,0,2,85,19,106,0,9,92,19,120,128,0,128,248
05/07/2014,HGR,MD,AEA,EN,Federal Contract Tower,0,9,17,6,32,0,1,57,21,79,0,10,74,27,111,48,0,48,159
05/08/2014,HGR,MD,AEA,EN,Federal Contract Tower,0,9,15,2,26,0,16,70,21,107,0,25,85,23,133,126,14,140,273
05/09/2014,HGR,MD,AEA,EN,Federal Contract Tower,2,9,7,3,21,0,9,71,16,96,2,18,78,19,117,108,0,108,225
05/10/2014,HGR,MD,AEA,EN,Federal Contract Tower,0,3,7,0,10,0,12,30,0,42,0,15,37,0,52,32,0,32,84
05/11/2014,HGR,MD,AEA,EN,Federal Contract Tower,0,4,10,0,14,0,15,58,1,74,0,19,68,1,88,32,8,40,128
05/12/2014,HGR,MD,AEA,EN,Federal Contract Tower,2,12,3,1,18,0,3,57,16,76,2,15,60,17,94,24,0,24,118
05/13/2014,HGR,MD,AEA,EN,Federal Contract Tower,0,10,9,1,20,0,1,71,23,95,0,11,80,24,115,56,0,56,171
05/14/2014,HGR,MD,AEA,EN,Federal Contract Tower,0,8,6,20,34,0,0,4,0,4,0,8,10,20,38,30,0,30,68
05/15/2014,HGR,MD,AEA,EN,Federal Contract Tower,0,9,11,9,29,0,6,22,25,53,0,15,33,34,82,28,0,28,110
05/16/2014,HGR,MD,AEA,EN,Federal Contract Tower,2,10,5,3,20,0,11,80,15,106,2,21,85,18,126,142,14,156,282
05/17/2014,HGR,MD,AEA,EN,Federal Contract Tower,0,2,11,0,13,0,2,90,5,97,0,4,101,5,110,116,0,116,226
05/18/2014,HGR,MD,AEA,EN,Federal Contract Tower,0,7,10,0,17,0,12,59,0,71,0,19,69,0,88,56,0,56,144
05/19/2014,HGR,MD,AEA,EN,Federal Contract Tower,2,7,7,0,16,0,8,92,32,132,2,15,99,32,148,88,0,88,236
05/20/2014,HGR,MD,AEA,EN,Federal Contract Tower,0,6,7,2,15,0,6,107,30,143,0,12,114,32,158,94,0,94,252
05/21/2014,HGR,MD,AEA,EN,Federal Contract Tower,0,14,9,11,34,0,11,38,18,67,0,25,47,29,101,20,0,20,121
05/22/2014,HGR,MD,AEA,EN,Federal Contract Tower,0,9,11,0,20,0,11,40,26,77,0,20,51,26,97,54,0,54,151
05/23/2014,HGR,MD,AEA,EN,Federal Contract Tower,2,10,15,0,27,0,6,81,23,110,2,16,96,23,137,86,0,86,223
05/24/2014,HGR,MD,AEA,EN,Federal Contract Tower,0,4,3,1,8,0,11,95,2,108,0,15,98,3,116,108,0,108,224
05/25/2014,HGR,MD,AEA,EN,Federal Contract Tower,0,4,3,3,10,0,8,69,0,77,0,12,72,3,87,96,0,96,183
05/26/2014,HGR,MD,AEA,EN,Federal Contract Tower,2,8,8,0,18,0,7,88,3,98,2,15,96,3,116,72,0,72,188
05/27/2014,HGR,MD,AEA,EN,Federal Contract Tower,0,10,10,0,20,0,7,41,4,52,0,17,51,4,72,42,0,42,114
05/28/2014,HGR,MD,AEA,EN,Federal Contract Tower,0,7,6,2,15,0,6,70,35,111,0,13,76,37,126,58,0,58,184
05/29/2014,HGR,MD,AEA,EN,Federal Contract Tower,0,8,19,14,41,0,0,0,0,0,0,8,19,14,41,0,0,0,41
05/30/2014,HGR,MD,AEA,EN,Federal Contract Tower,2,9,13,7,31,0,9,46,0,55,2,18,59,7,86,40,0,40,126
05/31/2014,HGR,MD,AEA,EN,Federal Contract Tower,0,3,10,0,13,0,11,115,12,138,0,14,125,12,151,140,0,140,291
06/01/2014,HGR,MD,AEA,EN,Federal Contract Tower,0,3,5,1,9,0,6,46,3,55,0,9,51,4,64,28,0,28,92
06/02/2014,HGR,MD,AEA,EN,Federal Contract Tower,3,6,5,12,26,0,6,82,24,112,3,12,87,36,138,68,8,76,214
06/03/2014,HGR,MD,AEA,EN,Federal Contract Tower,0,8,6,0,14,0,3,66,22,91,0,11,72,22,105,86,0,86,191
06/04/2014,HGR,MD,AEA,EN,Federal Contract Tower,0,9,12,4,25,0,7,61,13,81,0,16,73,17,106,64,0,64,170
06/05/2014,HGR,MD,AEA,EN,Federal Contract Tower,0,7,9,6,22,0,8,37,9,54,0,15,46,15,76,50,6,56,132
06/06/2014,HGR,MD,AEA,EN,Federal Contract Tower,2,7,11,1,21,0,13,94,15,122,2,20,105,16,143,82,8,90,233
06/07/2014,HGR,MD,AEA,EN,Federal Contract Tower,0,3,9,0,12,0,14,117,6,137,0,17,126,6,149,154,10,164,313
06/08/2014,HGR,MD,AEA,EN,Federal Contract Tower,0,4,8,2,14,0,6,49,0,55,0,10,57,2,69,58,0,58,127
06/09/2014,HGR,MD,AEA,EN,Federal Contract Tower,2,6,10,9,27,0,6,42,31,79,2,12,52,40,106,40,0,40,146
06/10/2014,HGR,MD,AEA,EN,Federal Contract Tower,0,11,10,14,35,0,8,42,24,74,0,19,52,38,109,50,0,50,159
06/11/2014,HGR,MD,AEA,EN,Federal Contract Tower,0,8,9,8,25,0,4,40,22,66,0,12,49,30,91,60,0,60,151
06/12/2014,HGR,MD,AEA,EN,Federal Contract Tower,0,7,4,22,33,0,0,0,0,0,0,7,4,22,33,0,0,0,33
06/13/2014,HGR,MD,AEA,EN,Federal Contract Tower,2,7,9,6,24,0,1,49,16,66,2,8,58,22,90,76,0,76,166
06/14/2014,HGR,MD,AEA,EN,Federal Contract Tower,0,5,11,0,16,0,10,56,5,71,0,15,67,5,87,78,0,78,165
06/15/2014,HGR,MD,AEA,EN,Federal Contract Tower,0,4,3,0,7,0,3,107,0,110,0,7,110,0,117,110,0,110,227
06/16/2014,HGR,MD,AEA,EN,Federal Contract Tower,3,9,7,0,19,0,5,76,6,87,3,14,83,6,106,62,0,62,168
06/17/2014,HGR,MD,AEA,EN,Federal Contract Tower,0,6,6,3,15,0,2,98,31,131,0,8,104,34,146,102,0,102,248
06/18/2014,HGR,MD,AEA,EN,Federal Contract Tower,0,11,12,1,24,0,6,84,35,125,0,17,96,36,149,92,0,92,241
06/19/2014,HGR,MD,AEA,EN,Federal Contract Tower,0,6,5,4,15,0,4,43,18,65,0,10,48,22,80,72,12,84,164
06/20/2014,HGR,MD,AEA,EN,Federal Contract Tower,2,7,10,0,19,0,22,90,19,131,2,29,100,19,150,154,0,154,304
06/21/2014,HGR,MD,AEA,EN,Federal Contract Tower,0,3,7,0,10,0,3,37,0,40,0,6,44,0,50,0,0,0,50
06/22/2014,HGR,MD,AEA,EN,Federal Contract Tower,0,3,13,0,16,0,4,68,6,78,0,7,81,6,94,82,0,82,176
06/23/2014,HGR,MD,AEA,EN,Federal Contract Tower,3,8,9,1,21,0,6,65,29,100,3,14,74,30,121,48,0,48,169
06/24/2014,HGR,MD,AEA,EN,Federal Contract Tower,1,7,5,3,16,0,2,79,30,111,1,9,84,33,127,124,0,124,251
06/25/2014,HGR,MD,AEA,EN,Federal Contract Tower,0,9,2,1,12,0,4,35,30,69,0,13,37,31,81,72,0,72,153
06/26/2014,HGR,MD,AEA,EN,Federal Contract Tower,0,10,14,0,24,0,6,71,25,102,0,16,85,25,126,54,0,54,180
06/27/2014,HGR,MD,AEA,EN,Federal Contract Tower,2,12,13,0,27,0,5,86,7,98,2,17,99,7,125,96,0,96,221
06/28/2014,HGR,MD,AEA,EN,Federal Contract Tower,0,5,11,0,16,0,1,78,0,79,0,6,89,0,95,76,0,76,171
06/29/2014,HGR,MD,AEA,EN,Federal Contract Tower,0,4,4,0,8,0,10,66,3,79,0,14,70,3,87,42,0,42,129
06/30/2014,HGR,MD,AEA,EN,Federal Contract Tower,2,8,9,0,19,0,7,80,4,91,2,15,89,4,110,110,0,110,220
07/01/2014,HGR,MD,AEA,EN,Federal Contract Tower,0,9,11,2,22,0,2,66,0,68,0,11,77,2,90,68,0,68,158
07/02/2014,HGR,MD,AEA,EN,Federal Contract Tower,0,7,10,1,18,0,3,48,4,55,0,10,58,5,73,12,0,12,85
07/03/2014,HGR,MD,AEA,EN,Federal Contract Tower,0,8,7,0,15,0,2,46,0,48,0,10,53,0,63,40,0,40,103
07/04/2014,HGR,MD,AEA,EN,Federal Contract Tower,2,8,4,0,14,0,0,44,0,44,2,8,48,0,58,76,0,76,134
07/05/2014,HGR,MD,AEA,EN,Federal Contract Tower,0,3,1,1,5,0,7,74,2,83,0,10,75,3,88,124,18,142,230
07/06/2014,HGR,MD,AEA,EN,Federal Contract Tower,0,5,6,0,11,0,3,85,1,89,0,8,91,1,100,58,0,58,158
07/07/2014,HGR,MD,AEA,EN,Federal Contract Tower,2,8,15,1,26,0,4,73,8,85,2,12,88,9,111,20,0,20,131
07/08/2014,HGR,MD,AEA,EN,Federal Contract Tower,0,8,7,2,17,0,13,50,12,75,0,21,57,14,92,28,0,28,120
07/09/2014,HGR,MD,AEA,EN,Federal Contract Tower,0,12,5,8,25,0,7,57,16,80,0,19,62,24,105,50,0,50,155
07/10/2014,HGR,MD,AEA,EN,Federal Contract Tower,0,8,12,1,21,0,2,63,18,83,0,10,75,19,104,30,0,30,134
07/11/2014,HGR,MD,AEA,EN,Federal Contract Tower,2,6,12,4,24,0,8,94,13,115,2,14,106,17,139,130,0,130,269
07/12/2014,HGR,MD,AEA,EN,Federal Contract Tower,0,7,11,3,21,0,7,66,65,138,0,14,77,68,159,60,76,136,295
07/13/2014,HGR,MD,AEA,EN,Federal Contract Tower,0,4,9,3,16,0,4,52,34,90,0,8,61,37,106,42,30,72,178
07/14/2014,HGR,MD,AEA,EN,Federal Contract Tower,2,5,13,3,23,0,0,40,26,66,2,5,53,29,89,14,36,50,139
07/15/2014,HGR,MD,AEA,EN,Federal Contract Tower,0,11,6,6,23,0,9,34,54,97,0,20,40,60,120,6,230,236,356
07/16/2014,HGR,MD,AEA,EN,Federal Contract Tower,0,7,6,1,14,0,5,71,74,150,0,12,77,75,164,26,236,262,426
07/17/2014,HGR,MD,AEA,EN,Federal Contract Tower,0,8,14,7,29,0,6,60,103,169,0,14,74,110,198,26,336,362,560
07/18/2014,HGR,MD,AEA,EN,Federal Contract Tower,2,6,10,1,19,0,4,64,38,106,2,10,74,39,125,30,106,136,261
07/19/2014,HGR,MD,AEA,EN,Federal Contract Tower,0,3,4,4,11,0,4,45,14,63,0,7,49,18,74,0,0,0,74
07/20/2014,HGR,MD,AEA,EN,Federal Contract Tower,0,5,8,0,13,0,9,57,0,66,0,14,65,0,79,76,0,76,155
07/21/2014,HGR,MD,AEA,EN,Federal Contract Tower,2,9,17,1,29,0,9,84,17,110,2,18,101,18,139,58,0,58,197
07/22/2014,HGR,MD,AEA,EN,Federal Contract Tower,0,8,9,10,27,0,10,46,38,94,0,18,55,48,121,62,4,66,187
07/23/2014,HGR,MD,AEA,EN,Federal Contract Tower,0,7,11,0,18,0,4,67,28,99,0,11,78,28,117,62,0,62,179
07/24/2014,HGR,MD,AEA,EN,Federal Contract Tower,0,9,20,6,35,0,2,73,31,106,0,11,93,37,141,140,10,150,291
07/25/2014,HGR,MD,AEA,EN,Federal Contract Tower,2,7,10,0,19,0,2,90,1,93,2,9,100,1,112,104,0,104,216
07/26/2014,HGR,MD,AEA,EN,Federal Contract Tower,0,3,11,1,15,0,5,75,0,80,0,8,86,1,95,70,0,70,165
07/27/2014,HGR,MD,AEA,EN,Federal Contract Tower,0,4,10,0,14,0,13,50,0,63,0,17,60,0,77,62,0,62,139
07/28/2014,HGR,MD,AEA,EN,Federal Contract Tower,2,7,10,0,19,0,9,38,0,47,2,16,48,0,66,8,0,8,74
07/29/2014,HGR,MD,AEA,EN,Federal Contract Tower,0,7,7,1,15,0,6,59,40,105,0,13,66,41,120,22,0,22,142
07/30/2014,HGR,MD,AEA,EN,Federal Contract Tower,0,8,9,3,20,0,10,84,34,128,0,18,93,37,148,104,2,106,254
07/31/2014,HGR,MD,AEA,EN,Federal Contract Tower,0,8,7,0,15,0,3,56,14,73,0,11,63,14,88,114,0,114,202
08/01/2014,HGR,MD,AEA,EN,Federal Contract Tower,2,6,8,0,16,0,7,62,9,78,2,13,70,9,94,154,0,154,248
08/02/2014,HGR,MD,AEA,EN,Federal Contract Tower,0,3,4,0,7,0,1,27,0,28,0,4,31,0,35,70,0,70,105
08/03/2014,HGR,MD,AEA,EN,Federal Contract Tower,0,6,10,0,16,0,4,37,0,41,0,10,47,0,57,54,0,54,111
08/04/2014,HGR,MD,AEA,EN,Federal Contract Tower,2,8,10,6,26,0,2,66,15,83,2,10,76,21,109,100,2,102,211
08/05/2014,HGR,MD,AEA,EN,Federal Contract Tower,0,10,7,1,18,0,4,54,17,75,0,14,61,18,93,58,0,58,151
08/06/2014,HGR,MD,AEA,EN,Federal Contract Tower,0,8,10,8,26,0,5,59,30,94,0,13,69,38,120,64,26,90,210
08/07/2014,HGR,MD,AEA,EN,Federal Contract Tower,0,8,12,6,26,0,5,75,27,107,0,13,87,33,133,120,34,154,287
08/08/2014,HGR,MD,AEA,EN,Federal Contract Tower,2,7,17,0,26,0,7,67,25,99,2,14,84,25,125,148,0,148,273
08/09/2014,HGR,MD,AEA,EN,Federal Contract Tower,0,3,2,0,5,0,6,74,0,80,0,9,76,0,85,129,0,129,214
08/10/2014,HGR,MD,AEA,EN,Federal Contract Tower,0,5,5,0,10,0,10,71,0,81,0,15,76,0,91,162,0,162,253
08/11/2014,HGR,MD,AEA,EN,Federal Contract Tower,2,7,8,7,24,0,3,56,49,108,2,10,64,56,132,90,0,90,222
08/12/2014,HGR,MD,AEA,EN,Federal Contract Tower,0,14,6,6,26,0,6,3,0,9,0,20,9,6,35,24,0,24,59
08/13/2014,HGR,MD,AEA,EN,Federal Contract Tower,0,14,11,7,32,0,9,59,56,124,0,23,70,63,156,76,0,76,232
08/14/2014,HGR,MD,AEA,EN,Federal Contract Tower,0,10,6,7,23,0,15,87,36,138,0,25,93,43,161,96,2,98,259
08/15/2014,HGR,MD,AEA,EN,Federal Contract Tower,0,8,11,7,26,0,12,97,20,129,0,20,108,27,155,168,0,168,323
08/16/2014,HGR,MD,AEA,EN,Federal Contract Tower,0,3,10,0,13,0,13,187,18,218,0,16,197,18,231,156,0,156,387
08/17/2014,HGR,MD,AEA,EN,Federal Contract Tower,0,4,3,4,11,0,4,68,8,80,0,8,71,12,91,98,0,98,189
08/18/2014,HGR,MD,AEA,EN,Federal Contract Tower,0,8,17,1,26,0,7,75,8,90,0,15,92,9,116,70,0,70,186
08/19/2014,HGR,MD,AEA,EN,Federal Contract Tower,0,7,10,3,20,0,3,42,17,62,0,10,52,20,82,20,10,30,112
08/20/2014,HGR,MD,AEA,EN,Federal Contract Tower,0,11,10,6,27,0,4,2,0,6,0,15,12,6,33,26,0,26,59
08/21/2014,HGR,MD,AEA,EN,Federal Contract Tower,0,9,12,14,35,0,1,25,20,46,0,10,37,34,81,46,0,46,127
08/22/2014,HGR,MD,AEA,EN,Federal Contract Tower,0,8,8,4,20,0,7,46,40,93,0,15,54,44,113,106,0,106,219
08/23/2014,HGR,MD,AEA,EN,Federal Contract Tower,0,5,6,0,11,0,0,0,0,0,0,5,6,0,11,0,0,0,11
08/24/2014,HGR,MD,AEA,EN,Federal Contract Tower,0,4,12,2,18,0,16,87,11,114,0,20,99,13,132,138,0,138,270
08/25/2014,HGR,MD,AEA,EN,Federal Contract Tower,0,8,6,2,16,0,3,52,36,91,0,11,58,38,107,24,0,24,131
08/26/2014,HGR,MD,AEA,EN,Federal Contract Tower,0,11,14,3,28,0,5,85,49,139,0,16,99,52,167,104,24,128,295
08/27/2014,HGR,MD,AEA,EN,Federal Contract Tower,0,7,10,3,20,0,3,50,37,90,0,10,60,40,110,94,8,102,212
08/28/2014,HGR,MD,AEA,EN,Federal Contract Tower,0,7,4,0,11,0,2,77,42,121,0,9,81,42,132,66,0,66,198
08/29/2014,HGR,MD,AEA,EN,Federal Contract Tower,0,4,6,0,10,0,12,98,20,130,0,16,104,20,140,106,12,118,258
08/30/2014,HGR,MD,AEA,EN,Federal Contract Tower,0,3,6,0,9,0,9,36,4,49,0,12,42,4,58,62,0,62,120
08/31/2014,HGR,MD,AEA,EN,Federal Contract Tower,0,4,4,0,8,0,5,36,0,41,0,9,40,0,49,70,0,70,119
09/01/2014,HGR,MD,AEA,EN,Federal Contract Tower,0,7,10,0,17,0,4,55,0,59,0,11,65,0,76,64,0,64,140
09/02/2014,HGR,MD,AEA,EN,Federal Contract Tower,0,7,6,0,13,0,3,47,23,73,0,10,53,23,86,40,0,40,126
09/03/2014,HGR,MD,AEA,EN,Federal Contract Tower,0,9,13,1,23,0,1,86,13,100,0,10,99,14,123,118,0,118,241
09/04/2014,HGR,MD,AEA,EN,Federal Contract Tower,0,10,11,1,22,0,10,70,22,102,0,20,81,23,124,122,0,122,246
09/05/2014,HGR,MD,AEA,EN,Federal Contract Tower,0,8,14,0,22,0,5,52,13,70,0,13,66,13,92,90,0,90,182
09/06/2014,HGR,MD,AEA,EN,Federal Contract Tower,0,3,6,0,9,0,4,50,0,54,0,7,56,0,63,38,0,38,101
09/07/2014,HGR,MD,AEA,EN,Federal Contract Tower,0,5,4,0,9,0,6,75,2,83,0,11,79,2,92,140,0,140,232
09/08/2014,HGR,MD,AEA,EN,Federal Contract Tower,0,9,20,2,31,0,5,56,24,85,0,14,76,26,116,58,28,86,202
09/09/2014,HGR,MD,AEA,EN,Federal Contract Tower,0,11,12,11,34,0,12,21,6,39,0,23,33,17,73,10,0,10,83
09/10/2014,HGR,MD,AEA,EN,Federal Contract Tower,0,7,13,19,39,0,2,36,9,47,0,9,49,28,86,14,0,14,100
09/11/2014,HGR,MD,AEA,EN,Federal Contract Tower,0,10,23,13,46,0,7,46,23,76,0,17,69,36,122,32,0,32,154
09/12/2014,HGR,MD,AEA,EN,Federal Contract Tower,0,7,11,0,18,0,5,91,19,115,0,12,102,19,133,118,0,118,251
09/13/2014,HGR,MD,AEA,EN,Federal Contract Tower,0,5,8,0,13,0,6,11,0,17,0,11,19,0,30,16,0,16,46
09/14/2014,HGR,MD,AEA,EN,Federal Contract Tower,0,3,7,0,10,0,12,85,0,97,0,15,92,0,107,108,0,108,215
09/15/2014,HGR,MD,AEA,EN,Federal Contract Tower,0,10,12,0,22,0,17,49,7,73,0,27,61,7,95,88,0,88,183
09/16/2014,HGR,MD,AEA,EN,Federal Contract Tower,0,10,15,0,25,0,9,80,25,114,0,19,95,25,139,60,0,60,199
09/17/2014,HGR,MD,AEA,EN,Federal Contract Tower,0,11,13,0,24,0,10,76,37,123,0,21,89,37,147,74,0,74,221
09/18/2014,HGR,MD,AEA,EN,Federal Contract Tower,0,10,11,2,23,0,18,87,31,136,0,28,98,33,159,90,0,90,249
09/19/2014,HGR,MD,AEA,EN,Federal Contract Tower,0,7,14,1,22,0,13,68,18,99,0,20,82,19,121,64,0,64,185
09/20/2014,HGR,MD,AEA,EN,Federal Contract Tower,0,5,5,5,15,0,6,64,6,76,0,11,69,11,91,66,0,66,157
09/21/2014,HGR,MD,AEA,EN,Federal Contract Tower,0,3,3,0,6,0,8,264,2,274,0,11,267,2,280,168,0,168,448
09/22/2014,HGR,MD,AEA,EN,Federal Contract Tower,0,9,6,7,22,0,2,48,12,62,0,11,54,19,84,40,0,40,124
09/23/2014,HGR,MD,AEA,EN,Federal Contract Tower,0,9,10,6,25,0,8,68,18,94,0,17,78,24,119,104,0,104,223
09/24/2014,HGR,MD,AEA,EN,Federal Contract Tower,0,7,2,2,11,0,3,43,17,63,0,10,45,19,74,24,0,24,98
09/25/2014,HGR,MD,AEA,EN,Federal Contract Tower,0,12,12,11,35,0,10,14,0,24,0,22,26,11,59,38,0,38,97
09/26/2014,HGR,MD,AEA,EN,Federal Contract Tower,0,7,15,1,23,0,13,84,30,127,0,20,99,31,150,128,36,164,314
09/27/2014,HGR,MD,AEA,EN,Federal Contract Tower,0,3,7,0,10,0,2,80,1,83,0,5,87,1,93,110,0,110,203
09/28/2014,HGR,MD,AEA,EN,Federal Contract Tower,0,7,4,0,11,0,7,102,2,111,0,14,106,2,122,60,0,60,182
09/29/2014,HGR,MD,AEA,EN,Federal Contract Tower,0,10,6,4,20,0,5,46,21,72,0,15,52,25,92,10,10,20,112
09/30/2014,HGR,MD,AEA,EN,Federal Contract Tower,0,6,14,7,27,0,12,21,9,42,0,18,35,16,69,0,0,0,69
10/01/2014,HGR,MD,AEA,EN,Federal Contract Tower,0,17,12,10,39,0,10,28,4,42,0,27,40,14,81,60,0,60,141
10/02/2014,HGR,MD,AEA,EN,Federal Contract Tower,0,15,18,2,35,0,6,24,0,30,0,21,42,2,65,4,0,4,69
10/03/2014,HGR,MD,AEA,EN,Federal Contract Tower,0,8,11,4,23,0,13,21,6,40,0,21,32,10,63,0,16,16,79
10/04/2014,HGR,MD,AEA,EN,Federal Contract Tower,0,3,4,0,7,0,12,36,1,49,0,15,40,1,56,28,0,28,84
10/05/2014,HGR,MD,AEA,EN,Federal Contract Tower,0,4,2,1,7,0,9,97,0,106,0,13,99,1,113,36,0,36,149
10/06/2014,HGR,MD,AEA,EN,Federal Contract Tower,0,7,12,1,20,0,7,63,2,72,0,14,75,3,92,82,0,82,174
10/07/2014,HGR,MD,AEA,EN,Federal Contract Tower,0,9,7,5,21,0,8,61,26,95,0,17,68,31,116,50,0,50,166
10/08/2014,HGR,MD,AEA,EN,Federal Contract Tower,0,9,15,1,25,0,5,57,23,85,0,14,72,24,110,44,0,44,154
10/09/2014,HGR,MD,AEA,EN,Federal Contract Tower,0,7,12,2,21,0,6,53,20,79,0,13,65,22,100,72,0,72,172
10/10/2014,HGR,MD,AEA,EN,Federal Contract Tower,0,6,16,1,23,0,5,34,9,48,0,11,50,10,71,52,0,52,123
10/11/2014,HGR,MD,AEA,EN,Federal Contract Tower,0,3,4,0,7,0,4,12,1,17,0,7,16,1,24,6,0,6,30
10/12/2014,HGR,MD,AEA,EN,Federal Contract Tower,0,4,5,0,9,0,3,80,0,83,0,7,85,0,92,50,0,50,142
10/13/2014,HGR,MD,AEA,EN,Federal Contract Tower,0,7,4,1,12,0,0,0,0,0,0,7,4,1,12,0,0,0,12
10/14/2014,HGR,MD,AEA,EN,Federal Contract Tower,0,9,9,3,21,0,0,2,0,2,0,9,11,3,23,0,0,0,23
10/15/2014,HGR,MD,AEA,EN,Federal Contract Tower,0,10,5,2,17,0,2,0,0,2,0,12,5,2,19,0,0,0,19
10/16/2014,HGR,MD,AEA,EN,Federal Contract Tower,0,10,9,1,20,0,5,23,0,28,0,15,32,1,48,68,0,68,116
10/17/2014,HGR,MD,AEA,EN,Federal Contract Tower,0,8,11,2,21,0,13,56,4,73,0,21,67,6,94,60,0,60,154
10/18/2014,HGR,MD,AEA,EN,Federal Contract Tower,0,5,5,3,13,0,5,57,2,64,0,10,62,5,77,70,0,70,147
10/19/2014,HGR,MD,AEA,EN,Federal Contract Tower,0,2,11,0,13,0,2,64,0,66,0,4,75,0,79,28,0,28,107
10/20/2014,HGR,MD,AEA,EN,Federal Contract Tower,0,8,11,7,26,0,17,59,3,79,0,25,70,10,105,10,8,18,123
10/21/2014,HGR,MD,AEA,EN,Federal Contract Tower,0,10,13,5,28,0,2,26,2,30,0,12,39,7,58,26,6,32,90
10/22/2014,HGR,MD,AEA,EN,Federal Contract Tower,0,7,6,7,20,0,7,29,0,36,0,14,35,7,56,38,0,38,94
10/23/2014,HGR,MD,AEA,EN,Federal Contract Tower,0,9,12,1,22,0,4,39,0,43,0,13,51,1,65,54,0,54,119
10/24/2014,HGR,MD,AEA,EN,Federal Contract Tower,0,8,11,2,21,0,2,75,6,83,0,10,86,8,104,92,0,92,196
10/25/2014,HGR,MD,AEA,EN,Federal Contract Tower,0,4,5,0,9,0,8,87,0,95,0,12,92,0,104,124,0,124,228
10/26/2014,HGR,MD,AEA,EN,Federal Contract Tower,0,7,5,0,12,0,6,54,1,61,0,13,59,1,73,74,0,74,147
10/27/2014,HGR,MD,AEA,EN,Federal Contract Tower,0,10,14,0,24,0,14,101,2,117,0,24,115,2,141,114,0,114,255
10/28/2014,HGR,MD,AEA,EN,Federal Contract Tower,0,7,9,0,16,0,16,85,21,122,0,23,94,21,138,84,0,84,222
10/29/2014,HGR,MD,AEA,EN,Federal Contract Tower,0,9,11,8,28,0,1,32,26,59,0,10,43,34,87,8,0,8,95
10/30/2014,HGR,MD,AEA,EN,Federal Contract Tower,0,6,14,3,23,0,11,77,32,120,0,17,91,35,143,50,8,58,201
10/31/2014,HGR,MD,AEA,EN,Federal Contract Tower,2,10,16,3,31,0,7,68,19,94,2,17,84,22,125,62,0,62,187
11/01/2014,HGR,MD,AEA,EN,Federal Contract Tower,0,0,4,0,4,0,13,6,0,19,0,13,10,0,23,6,0,6,29
11/02/2014,HGR,MD,AEA,EN,Federal Contract Tower,0,11,4,0,15,0,8,10,0,18,0,19,14,0,33,0,0,0,33
11/03/2014,HGR,MD,AEA,EN,Federal Contract Tower,2,7,9,1,19,0,8,67,34,109,2,15,76,35,128,56,0,56,184
11/04/2014,HGR,MD,AEA,EN,Federal Contract Tower,0,9,4,0,13,0,2,45,33,80,0,11,49,33,93,64,0,64,157
11/05/2014,HGR,MD,AEA,EN,Federal Contract Tower,0,11,16,2,29,0,1,76,36,113,0,12,92,38,142,44,0,44,186
11/06/2014,HGR,MD,AEA,EN,Federal Contract Tower,0,9,7,19,35,0,0,13,18,31,0,9,20,37,66,22,0,22,88
11/07/2014,HGR,MD,AEA,EN,Federal Contract Tower,2,9,16,1,28,0,5,39,6,50,2,14,55,7,78,28,0,28,106
11/08/2014,HGR,MD,AEA,EN,Federal Contract Tower,0,3,3,0,6,0,3,106,0,109,0,6,109,0,115,124,0,124,239
11/09/2014,HGR,MD,AEA,EN,Federal Contract Tower,0,3,12,1,16,0,12,71,0,83,0,15,83,1,99,80,0,80,179
11/10/2014,HGR,MD,AEA,EN,Federal Contract Tower,2,8,4,2,16,0,2,67,27,96,2,10,71,29,112,58,0,58,170
11/11/2014,HGR,MD,AEA,EN,Federal Contract Tower,0,6,14,3,23,0,6,101,21,128,0,12,115,24,151,90,0,90,241
11/12/2014,HGR,MD,AEA,EN,Federal Contract Tower,0,9,7,0,16,0,12,51,30,93,0,21,58,30,109,84,0,84,193
11/13/2014,HGR,MD,AEA,EN,Federal Contract Tower,0,9,9,4,22,0,3,31,19,53,0,12,40,23,75,46,0,46,121
11/14/2014,HGR,MD,AEA,EN,Federal Contract Tower,2,7,12,1,22,0,8,54,31,93,2,15,66,32,115,48,4,52,167
11/15/2014,HGR,MD,AEA,EN,Federal Contract Tower,0,4,12,2,18,0,8,125,1,134,0,12,137,3,152,108,0,108,260
11/16/2014,HGR,MD,AEA,EN,Federal Contract Tower,0,1,6,0,7,0,1,15,0,16,0,2,21,0,23,0,0,0,23
11/17/2014,HGR,MD,AEA,EN,Federal Contract Tower,2,9,1,0,12,0,0,0,0,0,2,9,1,0,12,0,0,0,12
11/18/2014,HGR,MD,AEA,EN,Federal Contract Tower,0,6,7,2,15,0,6,16,27,49,0,12,23,29,64,0,0,0,64
11/19/2014,HGR,MD,AEA,EN,Federal Contract Tower,0,9,7,3,19,0,8,42,36,86,0,17,49,39,105,32,0,32,137
11/20/2014,HGR,MD,AEA,EN,Federal Contract Tower,0,7,9,2,18,0,3,30,30,63,0,10,39,32,81,0,0,0,81
11/21/2014,HGR,MD,AEA,EN,Federal Contract Tower,2,7,4,1,14,0,10,52,30,92,2,17,56,31,106,32,0,32,138
11/22/2014,HGR,MD,AEA,EN,Federal Contract Tower,0,4,10,0,14,0,8,99,5,112,0,12,109,5,126,160,0,160,286
11/23/2014,HGR,MD,AEA,EN,Federal Contract Tower,0,4,8,0,12,0,7,110,0,117,0,11,118,0,129,114,0,114,243
11/24/2014,HGR,MD,AEA,EN,Federal Contract Tower,2,10,3,1,16,0,2,22,8,32,2,12,25,9,48,8,0,8,56
11/25/2014,HGR,MD,AEA,EN,Federal Contract Tower,0,7,21,0,28,0,6,73,9,88,0,13,94,9,116,22,0,22,138
11/26/2014,HGR,MD,AEA,EN,Federal Contract Tower,3,0,5,0,8,0,0,0,0,0,3,0,5,0,8,0,0,0,8
11/27/2014,HGR,MD,AEA,EN,Federal Contract Tower,1,1,3,0,5,0,2,2,0,4,1,3,5,0,9,4,0,4,13
11/28/2014,HGR,MD,AEA,EN,Federal Contract Tower,0,7,6,0,13,0,9,38,0,47,0,16,44,0,60,78,0,78,138
11/29/2014,HGR,MD,AEA,EN,Federal Contract Tower,2,6,3,0,11,0,10,39,0,49,2,16,42,0,60,76,0,76,136
11/30/2014,HGR,MD,AEA,EN,Federal Contract Tower,2,5,8,0,15,0,5,67,4,76,2,10,75,4,91,88,8,96,187
12/01/2014,HGR,MD,AEA,EN,Federal Contract Tower,0,7,4,0,11,0,2,14,1,17,0,9,18,1,28,0,0,0,28
12/02/2014,HGR,MD,AEA,EN,Federal Contract Tower,0,13,3,0,16,0,2,0,0,2,0,15,3,0,18,0,0,0,18
12/03/2014,HGR,MD,AEA,EN,Federal Contract Tower,0,18,18,4,40,0,12,15,15,42,0,30,33,19,82,22,0,22,104
12/04/2014,HGR,MD,AEA,EN,Federal Contract Tower,0,11,12,4,27,0,8,72,34,114,0,19,84,38,141,76,16,92,233
12/05/2014,HGR,MD,AEA,EN,Federal Contract Tower,2,6,12,2,22,0,0,10,12,22,2,6,22,14,44,0,16,16,60
12/06/2014,HGR,MD,AEA,EN,Federal Contract Tower,0,1,3,0,4,0,0,0,0,0,0,1,3,0,4,0,0,0,4
12/07/2014,HGR,MD,AEA,EN,Federal Contract Tower,0,4,5,0,9,0,1,57,2,60,0,5,62,2,69,86,0,86,155
12/08/2014,HGR,MD,AEA,EN,Federal Contract Tower,2,11,14,7,34,0,1,27,14,42,2,12,41,21,76,24,0,24,100
12/09/2014,HGR,MD,AEA,EN,Federal Contract Tower,0,5,6,1,12,0,2,0,2,4,0,7,6,3,16,0,0,0,16
12/10/2014,HGR,MD,AEA,EN,Federal Contract Tower,0,8,4,11,23,0,3,4,11,18,0,11,8,22,41,0,0,0,41
12/11/2014,HGR,MD,AEA,EN,Federal Contract Tower,0,7,4,23,34,0,6,11,15,32,0,13,15,38,66,0,0,0,66
12/12/2014,HGR,MD,AEA,EN,Federal Contract Tower,2,7,16,17,42,0,17,36,33,86,2,24,52,50,128,80,0,80,208
12/13/2014,HGR,MD,AEA,EN,Federal Contract Tower,0,0,5,0,5,0,4,35,5,44,0,4,40,5,49,92,0,92,141
12/14/2014,HGR,MD,AEA,EN,Federal Contract Tower,0,4,5,0,9,0,13,14,0,27,0,17,19,0,36,50,0,50,86
12/15/2014,HGR,MD,AEA,EN,Federal Contract Tower,3,10,13,1,27,0,6,63,20,89,3,16,76,21,116,94,0,94,210
12/16/2014,HGR,MD,AEA,EN,Federal Contract Tower,0,10,8,4,22,0,0,0,0,0,0,10,8,4,22,0,0,0,22
12/17/2014,HGR,MD,AEA,EN,Federal Contract Tower,2,7,13,10,32,0,2,37,32,71,2,9,50,42,103,70,0,70,173
12/18/2014,HGR,MD,AEA,EN,Federal Contract Tower,0,7,25,9,41,0,3,23,24,50,0,10,48,33,91,54,0,54,145
12/19/2014,HGR,MD,AEA,EN,Federal Contract Tower,2,7,7,6,22,0,10,35,9,54,2,17,42,15,76,48,0,48,124
12/20/2014,HGR,MD,AEA,EN,Federal Contract Tower,0,1,6,0,7,0,6,91,6,103,0,7,97,6,110,92,0,92,202
12/21/2014,HGR,MD,AEA,EN,Federal Contract Tower,2,1,6,0,9,0,4,108,20,132,2,5,114,20,141,66,0,66,207
12/22/2014,HGR,MD,AEA,EN,Federal Contract Tower,0,2,5,4,11,0,4,0,0,4,0,6,5,4,15,0,0,0,15
12/23/2014,HGR,MD,AEA,EN,Federal Contract Tower,0,0,1,0,1,0,0,0,0,0,0,0,1,0,1,0,0,0,1
12/24/2014,HGR,MD,AEA,EN,Federal Contract Tower,2,9,1,0,12,0,0,0,0,0,2,9,1,0,12,0,0,0,12
12/25/2014,HGR,MD,AEA,EN,Federal Contract Tower,0,6,0,0,6,0,2,0,0,2,0,8,0,0,8,0,0,0,8
12/26/2014,HGR,MD,AEA,EN,Federal Contract Tower,2,7,8,0,17,0,3,105,1,109,2,10,113,1,126,94,0,94,220
12/27/2014,HGR,MD,AEA,EN,Federal Contract Tower,2,1,13,0,16,0,90,0,0,90,2,91,13,0,106,162,0,162,268
12/28/2014,HGR,MD,AEA,EN,Federal Contract Tower,0,4,7,2,13,0,3,16,0,19,0,7,23,2,32,38,0,38,70
12/29/2014,HGR,MD,AEA,EN,Federal Contract Tower,2,7,8,0,17,0,0,46,0,46,2,7,54,0,63,48,0,48,111
12/30/2014,HGR,MD,AEA,EN,Federal Contract Tower,0,8,11,2,21,0,9,49,8,66,0,17,60,10,87,16,0,16,103
12/31/2014,HGR,MD,AEA,EN,Federal Contract Tower,2,9,3,0,14,0,6,54,5,65,2,15,57,5,79,54,6,60,139
01/01/2015,HGR,MD,AEA,EN,Federal Contract Tower,0,7,2,0,9,0,0,34,0,34,0,7,36,0,43,40,0,40,83
01/02/2015,HGR,MD,AEA,EN,Federal Contract Tower,2,7,4,0,13,0,7,40,0,47,2,14,44,0,60,56,0,56,116
01/03/2015,HGR,MD,AEA,EN,Federal Contract Tower,0,0,0,0,0,0,0,0,0,0,0,0,0,0,0,0,0,0,0
01/04/2015,HGR,MD,AEA,EN,Federal Contract Tower,2,5,2,0,9,0,0,2,0,2,2,5,4,0,11,6,0,6,17
01/05/2015,HGR,MD,AEA,EN,Federal Contract Tower,2,8,5,1,16,0,6,21,20,47,2,14,26,21,63,0,24,24,87
01/06/2015,HGR,MD,AEA,EN,Federal Contract Tower,0,4,4,0,8,0,1,0,0,1,0,5,4,0,9,0,0,0,9
01/07/2015,HGR,MD,AEA,EN,Federal Contract Tower,0,9,4,2,15,0,10,0,8,18,0,19,4,10,33,0,0,0,33
01/08/2015,HGR,MD,AEA,EN,Federal Contract Tower,0,9,1,2,12,0,0,19,13,32,0,9,20,15,44,6,6,12,56
01/09/2015,HGR,MD,AEA,EN,Federal Contract Tower,2,8,2,1,13,0,7,35,12,54,2,15,37,13,67,30,0,30,97
01/10/2015,HGR,MD,AEA,EN,Federal Contract Tower,0,8,1,0,9,0,10,38,9,57,0,18,39,9,66,28,0,28,94
01/11/2015,HGR,MD,AEA,EN,Federal Contract Tower,0,5,6,2,13,0,9,70,7,86,0,14,76,9,99,38,0,38,137
01/12/2015,HGR,MD,AEA,EN,Federal Contract Tower,2,7,1,0,10,0,0,0,0,0,2,7,1,0,10,0,0,0,10
01/13/2015,HGR,MD,AEA,EN,Federal Contract Tower,0,6,4,2,12,0,7,34,36,77,0,13,38,38,89,2,6,8,97
01/14/2015,HGR,MD,AEA,EN,Federal Contract Tower,0,5,3,15,23,0,0,0,0,0,0,5,3,15,23,0,0,0,23
01/15/2015,HGR,MD,AEA,EN,Federal Contract Tower,0,7,5,6,18,0,2,30,25,57,0,9,35,31,75,44,0,44,119
01/16/2015,HGR,MD,AEA,EN,Federal Contract Tower,2,3,7,5,17,0,5,31,23,59,2,8,38,28,76,30,2,32,108
01/17/2015,HGR,MD,AEA,EN,Federal Contract Tower,0,1,6,0,7,0,2,55,3,60,0,3,61,3,67,70,0,70,137
01/18/2015,HGR,MD,AEA,EN,Federal Contract Tower,0,4,1,2,7,0,1,2,4,7,0,5,3,6,14,12,0,12,26
01/19/2015,HGR,MD,AEA,EN,Federal Contract Tower,2,9,6,2,19,0,3,40,21,64,2,12,46,23,83,86,4,90,173
01/20/2015,HGR,MD,AEA,EN,Federal Contract Tower,0,0,8,1,9,0,4,47,9,60,0,4,55,10,69,14,0,14,83
01/21/2015,HGR,MD,AEA,EN,Federal Contract Tower,0,5,1,0,6,0,0,0,0,0,0,5,1,0,6,0,0,0,6
01/22/2015,HGR,MD,AEA,EN,Federal Contract Tower,0,6,15,4,25,0,5,36,23,64,0,11,51,27,89,26,6,32,121
01/23/2015,HGR,MD,AEA,EN,Federal Contract Tower,2,9,8,3,22,0,5,50,38,93,2,14,58,41,115,34,0,34,149
01/24/2015,HGR,MD,AEA,EN,Federal Contract Tower,0,1,2,0,3,0,7,2,3,12,0,8,4,3,15,8,26,34,49
01/25/2015,HGR,MD,AEA,EN,Federal Contract Tower,0,3,6,0,9,0,1,14,0,15,0,4,20,0,24,14,0,14,38
01/26/2015,HGR,MD,AEA,EN,Federal Contract Tower,2,6,10,0,18,0,0,0,0,0,2,6,10,0,18,0,0,0,18
01/27/2015,HGR,MD,AEA,EN,Federal Contract Tower,0,5,1,4,10,0,2,4,4,10,0,7,5,8,20,0,0,0,20
01/28/2015,HGR,MD,AEA,EN,Federal Contract Tower,0,7,8,3,18,0,1,50,51,102,0,8,58,54,120,14,0,14,134
01/29/2015,HGR,MD,AEA,EN,Federal Contract Tower,0,5,13,4,22,0,2,24,25,51,0,7,37,29,73,30,12,42,115
01/30/2015,HGR,MD,AEA,EN,Federal Contract Tower,2,7,11,3,23,0,9,16,6,31,2,16,27,9,54,0,0,0,54
01/31/2015,HGR,MD,AEA,EN,Federal Contract Tower,0,4,3,0,7,0,13,51,7,71,0,17,54,7,78,56,8,64,142
02/01/2015,HGR,MD,AEA,EN,Federal Contract Tower,0,4,0,0,4,0,0,2,0,2,0,4,2,0,6,0,0,0,6
02/02/2015,HGR,MD,AEA,EN,Federal Contract Tower,2,6,0,3,11,0,0,0,0,0,2,6,0,3,11,0,0,0,11
02/03/2015,HGR,MD,AEA,EN,Federal Contract Tower,0,8,8,2,18,0,7,53,15,75,0,15,61,17,93,0,26,26,119
02/04/2015,HGR,MD,AEA,EN,Federal Contract Tower,0,12,9,0,21,0,6,59,4,69,0,18,68,4,90,24,0,24,114
02/05/2015,HGR,MD,AEA,EN,Federal Contract Tower,0,9,5,2,16,0,2,0,2,4,0,11,5,4,20,0,0,0,20
02/06/2015,HGR,MD,AEA,EN,Federal Contract Tower,2,7,3,1,13,0,10,39,9,58,2,17,42,10,71,14,0,14,85
02/07/2015,HGR,MD,AEA,EN,Federal Contract Tower,0,3,7,0,10,0,5,47,2,54,0,8,54,2,64,78,0,78,142
02/08/2015,HGR,MD,AEA,EN,Federal Contract Tower,0,5,1,0,6,0,12,32,0,44,0,17,33,0,50,38,0,38,88
02/09/2015,HGR,MD,AEA,EN,Federal Contract Tower,2,5,10,2,19,0,0,0,0,0,2,5,10,2,19,0,0,0,19
02/10/2015,HGR,MD,AEA,EN,Federal Contract Tower,0,5,4,7,16,0,1,20,7,28,0,6,24,14,44,14,10,24,68
02/11/2015,HGR,MD,AEA,EN,Federal Contract Tower,0,8,4,3,15,0,0,61,32,93,0,8,65,35,108,62,12,74,182
02/12/2015,HGR,MD,AEA,EN,Federal Contract Tower,2,1,9,5,17,0,2,22,7,31,2,3,31,12,48,4,4,8,56
02/13/2015,HGR,MD,AEA,EN,Federal Contract Tower,0,2,4,3,9,0,7,46,12,65,0,9,50,15,74,32,0,32,106
02/14/2015,HGR,MD,AEA,EN,Federal Contract Tower,0,5,2,1,8,0,1,9,0,10,0,6,11,1,18,20,0,20,38
02/15/2015,HGR,MD,AEA,EN,Federal Contract Tower,2,1,2,0,5,0,0,1,0,1,2,1,3,0,6,0,0,0,6
02/16/2015,HGR,MD,AEA,EN,Federal Contract Tower,0,5,6,1,12,0,0,3,0,3,0,5,9,1,15,0,0,0,15
02/17/2015,HGR,MD,AEA,EN,Federal Contract Tower,0,8,7,1,16,0,3,15,8,26,0,11,22,9,42,0,6,6,48
02/18/2015,HGR,MD,AEA,EN,Federal Contract Tower,0,11,7,2,20,0,9,30,26,65,0,20,37,28,85,20,0,20,105
02/19/2015,HGR,MD,AEA,EN,Federal Contract Tower,2,2,12,2,18,0,16,9,17,42,2,18,21,19,60,0,0,0,60
02/20/2015,HGR,MD,AEA,EN,Federal Contract Tower,0,3,5,2,10,0,8,14,12,34,0,11,19,14,44,8,30,38,82
02/21/2015,HGR,MD,AEA,EN,Federal Contract Tower,0,1,0,1,2,0,0,0,0,0,0,1,0,1,2,0,0,0,2
02/22/2015,HGR,MD,AEA,EN,Federal Contract Tower,2,3,4,0,9,0,2,39,0,41,2,5,43,0,50,80,0,80,130
02/23/2015,HGR,MD,AEA,EN,Federal Contract Tower,0,5,5,1,11,0,7,21,23,51,0,12,26,24,62,20,10,30,92
02/24/2015,HGR,MD,AEA,EN,Federal Contract Tower,0,4,9,2,15,0,2,50,31,83,0,6,59,33,98,54,0,54,152
02/25/2015,HGR,MD,AEA,EN,Federal Contract Tower,0,9,7,1,17,0,4,45,33,82,0,13,52,34,99,40,0,40,139
02/26/2015,HGR,MD,AEA,EN,Federal Contract Tower,2,9,2,8,21,0,6,9,22,37,2,15,11,30,58,18,0,18,76
02/27/2015,HGR,MD,AEA,EN,Federal Contract Tower,2,6,12,3,23,0,12,30,17,59,2,18,42,20,82,16,2,18,100
02/28/2015,HGR,MD,AEA,EN,Federal Contract Tower,0,0,10,2,12,0,9,73,2,84,0,9,83,4,96,94,2,96,192
03/01/2015,HGR,MD,AEA,EN,Federal Contract Tower,2,0,1,0,3,0,0,0,0,0,2,0,1,0,3,0,0,0,3
03/02/2015,HGR,MD,AEA,EN,Federal Contract Tower,2,7,6,2,17,0,0,25,17,42,2,7,31,19,59,0,8,8,67
03/03/2015,HGR,MD,AEA,EN,Federal Contract Tower,0,2,0,2,4,0,0,6,5,11,0,2,6,7,15,0,0,0,15
03/04/2015,HGR,MD,AEA,EN,Federal Contract Tower,0,6,5,20,31,0,2,14,9,25,0,8,19,29,56,8,12,20,76
03/05/2015,HGR,MD,AEA,EN,Federal Contract Tower,2,0,2,0,4,0,0,0,0,0,2,0,2,0,4,0,0,0,4
03/06/2015,HGR,MD,AEA,EN,Federal Contract Tower,2,7,11,1,21,0,1,33,33,67,2,8,44,34,88,16,12,28,116
03/07/2015,HGR,MD,AEA,EN,Federal Contract Tower,0,3,10,5,18,0,0,51,7,58,0,3,61,12,76,20,4,24,100
03/08/2015,HGR,MD,AEA,EN,Federal Contract Tower,2,4,4,0,10,0,5,59,3,67,2,9,63,3,77,82,2,84,161
03/09/2015,HGR,MD,AEA,EN,Federal Contract Tower,2,6,7,4,19,0,8,46,27,81,2,14,53,31,100,66,2,68,168
03/10/2015,HGR,MD,AEA,EN,Federal Contract Tower,0,4,5,10,19,0,1,16,11,28,0,5,21,21,47,26,0,26,73
03/11/2015,HGR,MD,AEA,EN,Federal Contract Tower,0,9,16,10,35,0,4,47,19,70,0,13,63,29,105,42,2,44,149
03/12/2015,HGR,MD,AEA,EN,Federal Contract Tower,2,9,13,0,24,0,1,72,23,96,2,10,85,23,120,22,0,22,142
03/13/2015,HGR,MD,AEA,EN,Federal Contract Tower,2,3,2,6,13,0,8,69,23,100,2,11,71,29,113,50,0,50,163
03/14/2015,HGR,MD,AEA,EN,Federal Contract Tower,0,3,1,0,4,0,0,0,0,0,0,3,1,0,4,0,0,0,4
03/15/2015,HGR,MD,AEA,EN,Federal Contract Tower,1,5,4,1,11,0,8,38,0,46,1,13,42,1,57,40,0,40,97
03/16/2015,HGR,MD,AEA,EN,Federal Contract Tower,2,2,12,1,17,0,13,64,17,94,2,15,76,18,111,32,0,32,143
03/17/2015,HGR,MD,AEA,EN,Federal Contract Tower,0,8,7,3,18,0,2,13,12,27,0,10,20,15,45,0,0,0,45
03/18/2015,HGR,MD,AEA,EN,Federal Contract Tower,0,3,9,4,16,0,2,32,38,72,0,5,41,42,88,10,140,150,238
03/19/2015,HGR,MD,AEA,EN,Federal Contract Tower,2,11,13,7,33,0,6,63,37,106,2,17,76,44,139,64,0,64,203
03/20/2015,HGR,MD,AEA,EN,Federal Contract Tower,2,0,3,0,5,0,0,0,0,0,2,0,3,0,5,0,0,0,5
03/21/2015,HGR,MD,AEA,EN,Federal Contract Tower,0,0,12,0,12,0,5,58,0,63,0,5,70,0,75,82,0,82,157
03/22/2015,HGR,MD,AEA,EN,Federal Contract Tower,2,0,4,1,7,0,8,79,6,93,2,8,83,7,100,82,0,82,182
03/23/2015,HGR,MD,AEA,EN,Federal Contract Tower,2,2,6,2,12,0,5,33,12,50,2,7,39,14,62,36,0,36,98
03/24/2015,HGR,MD,AEA,EN,Federal Contract Tower,0,8,7,3,18,0,8,47,29,84,0,16,54,32,102,22,0,22,124
03/25/2015,HGR,MD,AEA,EN,Federal Contract Tower,0,9,9,2,20,0,4,21,15,40,0,13,30,17,60,12,0,12,72
03/26/2015,HGR,MD,AEA,EN,Federal Contract Tower,2,6,15,2,25,0,6,38,24,68,2,12,53,26,93,56,0,56,149
03/27/2015,HGR,MD,AEA,EN,Federal Contract Tower,2,7,7,7,23,0,6,43,19,68,2,13,50,26,91,118,0,118,209
03/28/2015,HGR,MD,AEA,EN,Federal Contract Tower,0,4,4,1,9,0,6,33,4,43,0,10,37,5,52,4,0,4,56
03/29/2015,HGR,MD,AEA,EN,Federal Contract Tower,2,2,14,0,18,0,8,99,6,113,2,10,113,6,131,92,0,92,223
03/30/2015,HGR,MD,AEA,EN,Federal Contract Tower,2,1,10,1,14,0,8,30,22,60,2,9,40,23,74,32,0,32,106
03/31/2015,HGR,MD,AEA,EN,Federal Contract Tower,0,0,5,4,9,0,7,41,21,69,0,7,46,25,78,88,0,88,166
04/01/2015,HGR,MD,AEA,EN,Federal Contract Tower,0,6,14,2,22,0,8,72,13,93,0,14,86,15,115,46,0,46,161
04/02/2015,HGR,MD,AEA,EN,Federal Contract Tower,2,4,12,9,27,32,66,18,0,116,34,70,30,9,143,66,10,76,219
04/03/2015,HGR,MD,AEA,EN,Federal Contract Tower,2,3,7,2,14,0,4,6,3,13,2,7,13,5,27,12,0,12,39
04/04/2015,HGR,MD,AEA,EN,Federal Contract Tower,0,0,6,1,7,0,3,20,0,23,0,3,26,1,30,68,0,68,98
04/05/2015,HGR,MD,AEA,EN,Federal Contract Tower,2,0,6,0,8,0,8,28,10,46,2,8,34,10,54,28,0,28,82
04/06/2015,HGR,MD,AEA,EN,Federal Contract Tower,2,5,3,5,15,0,8,73,20,101,2,13,76,25,116,78,8,86,202
04/07/2015,HGR,MD,AEA,EN,Federal Contract Tower,0,7,5,5,17,0,7,36,30,73,0,14,41,35,90,14,18,32,122
04/08/2015,HGR,MD,AEA,EN,Federal Contract Tower,0,2,9,19,30,0,0,0,6,6,0,2,9,25,36,0,6,6,42
04/09/2015,HGR,MD,AEA,EN,Federal Contract Tower,2,8,7,23,40,0,0,0,0,0,2,8,7,23,40,0,0,0,40
04/10/2015,HGR,MD,AEA,EN,Federal Contract Tower,2,2,6,1,11,0,0,4,0,4,2,2,10,1,15,18,0,18,33
04/11/2015,HGR,MD,AEA,EN,Federal Contract Tower,0,0,6,0,6,0,6,8,0,14,0,6,14,0,20,28,0,28,48
04/12/2015,HGR,MD,AEA,EN,Federal Contract Tower,1,4,22,1,28,0,9,93,5,107,1,13,115,6,135,132,0,132,267
04/13/2015,HGR,MD,AEA,EN,Federal Contract Tower,2,2,14,3,21,0,0,23,12,35,2,2,37,15,56,53,4,57,113
04/14/2015,HGR,MD,AEA,EN,Federal Contract Tower,0,3,8,6,17,0,7,7,0,14,0,10,15,6,31,34,0,34,65
04/15/2015,HGR,MD,AEA,EN,Federal Contract Tower,0,1,10,0,11,0,1,61,37,99,0,2,71,37,110,46,0,46,156
04/16/2015,HGR,MD,AEA,EN,Federal Contract Tower,2,3,21,10,36,0,3,47,30,80,2,6,68,40,116,40,14,54,170
04/17/2015,HGR,MD,AEA,EN,Federal Contract Tower,2,2,3,0,7,0,3,33,24,60,2,5,36,24,67,42,0,42,109
04/18/2015,HGR,MD,AEA,EN,Federal Contract Tower,0,0,6,0,6,0,14,75,1,90,0,14,81,1,96,130,0,130,226
04/19/2015,HGR,MD,AEA,EN,Federal Contract Tower,2,0,8,5,15,0,11,37,6,54,2,11,45,11,69,82,0,82,151
04/20/2015,HGR,MD,AEA,EN,Federal Contract Tower,2,3,3,3,11,0,1,17,7,25,2,4,20,10,36,8,0,8,44
04/21/2015,HGR,MD,AEA,EN,Federal Contract Tower,0,11,9,2,22,0,4,38,30,72,0,15,47,32,94,68,0,68,162
04/22/2015,HGR,MD,AEA,EN,Federal Contract Tower,2,7,9,2,20,0,0,10,6,16,2,7,19,8,36,18,0,18,54
04/23/2015,HGR,MD,AEA,EN,Federal Contract Tower,2,11,9,1,23,0,18,31,15,64,2,29,40,16,87,6,0,6,93
04/24/2015,HGR,MD,AEA,EN,Federal Contract Tower,2,2,9,2,15,0,10,32,15,57,2,12,41,17,72,4,6,10,82
04/25/2015,HGR,MD,AEA,EN,Federal Contract Tower,0,0,2,0,2,0,5,46,0,51,0,5,48,0,53,120,0,120,173
04/26/2015,HGR,MD,AEA,EN,Federal Contract Tower,2,3,10,0,15,0,4,60,0,64,2,7,70,0,79,158,0,158,237
04/27/2015,HGR,MD,AEA,EN,Federal Contract Tower,2,2,8,1,13,0,4,38,7,49,2,6,46,8,62,22,0,22,84
04/28/2015,HGR,MD,AEA,EN,Federal Contract Tower,0,2,12,2,16,0,3,80,11,94,0,5,92,13,110,90,0,90,200
04/29/2015,HGR,MD,AEA,EN,Federal Contract Tower,0,5,13,1,19,0,6,72,19,97,0,11,85,20,116,98,0,98,214
04/30/2015,HGR,MD,AEA,EN,Federal Contract Tower,2,4,7,3,16,0,3,23,15,41,2,7,30,18,57,26,26,52,109
05/01/2015,HGR,MD,AEA,EN,Federal Contract Tower,0,5,7,6,18,0,3,39,11,53,0,8,46,17,71,42,0,42,113
05/02/2015,HGR,MD,AEA,EN,Federal Contract Tower,0,2,6,4,12,0,1,42,4,47,0,3,48,8,59,46,0,46,105
05/03/2015,HGR,MD,AEA,EN,Federal Contract Tower,2,0,11,0,13,0,5,68,6,79,2,5,79,6,92,96,0,96,188
05/04/2015,HGR,MD,AEA,EN,Federal Contract Tower,2,7,8,1,18,0,7,60,21,88,2,14,68,22,106,74,0,74,180
05/05/2015,HGR,MD,AEA,EN,Federal Contract Tower,0,8,8,3,19,0,13,37,30,80,0,21,45,33,99,48,0,48,147
05/06/2015,HGR,MD,AEA,EN,Federal Contract Tower,0,13,6,2,21,0,2,25,7,34,0,15,31,9,55,0,0,0,55
05/07/2015,HGR,MD,AEA,EN,Federal Contract Tower,2,10,12,0,24,0,9,66,26,101,2,19,78,26,125,72,8,80,205
05/08/2015,HGR,MD,AEA,EN,Federal Contract Tower,2,9,23,3,37,0,14,64,19,97,2,23,87,22,134,56,20,76,210
05/09/2015,HGR,MD,AEA,EN,Federal Contract Tower,0,5,11,0,16,0,3,76,1,80,0,8,87,1,96,100,0,100,196
05/10/2015,HGR,MD,AEA,EN,Federal Contract Tower,2,5,7,0,14,0,5,51,0,56,2,10,58,0,70,64,0,64,134
05/11/2015,HGR,MD,AEA,EN,Federal Contract Tower,2,0,5,0,7,0,2,39,10,51,2,2,44,10,58,60,10,70,128
05/12/2015,HGR,MD,AEA,EN,Federal Contract Tower,0,2,11,2,15,0,2,42,5,49,0,4,53,7,64,28,0,28,92
05/13/2015,HGR,MD,AEA,EN,Federal Contract Tower,0,7,19,7,33,0,5,41,13,59,0,12,60,20,92,34,0,34,126
05/14/2015,HGR,MD,AEA,EN,Federal Contract Tower,2,7,13,2,24,0,4,89,39,132,2,11,102,41,156,14,0,14,170
05/15/2015,HGR,MD,AEA,EN,Federal Contract Tower,2,9,17,1,29,0,3,72,32,107,2,12,89,33,136,60,0,60,196
05/16/2015,HGR,MD,AEA,EN,Federal Contract Tower,0,3,0,0,3,0,1,30,0,31,0,4,30,0,34,32,0,32,66
05/17/2015,HGR,MD,AEA,EN,Federal Contract Tower,2,3,19,0,24,0,5,29,0,34,2,8,48,0,58,28,0,28,86
05/18/2015,HGR,MD,AEA,EN,Federal Contract Tower,2,5,9,3,19,0,6,56,26,88,2,11,65,29,107,48,0,48,155
05/19/2015,HGR,MD,AEA,EN,Federal Contract Tower,0,8,6,2,16,0,6,40,18,64,0,14,46,20,80,6,0,6,86
05/20/2015,HGR,MD,AEA,EN,Federal Contract Tower,0,8,11,4,23,0,3,40,23,66,0,11,51,27,89,16,6,22,111
05/21/2015,HGR,MD,AEA,EN,Federal Contract Tower,2,3,23,6,34,0,1,6,1,8,2,4,29,7,42,4,0,4,46
05/22/2015,HGR,MD,AEA,EN,Federal Contract Tower,2,7,22,0,31,0,9,62,0,71,2,16,84,0,102,62,0,62,164
05/23/2015,HGR,MD,AEA,EN,Federal Contract Tower,0,0,7,0,7,0,5,73,0,78,0,5,80,0,85,90,0,90,175
05/24/2015,HGR,MD,AEA,EN,Federal Contract Tower,2,4,8,0,14,0,4,79,2,85,2,8,87,2,99,84,0,84,183
05/25/2015,HGR,MD,AEA,EN,Federal Contract Tower,2,4,7,0,13,0,3,56,0,59,2,7,63,0,72,62,0,62,134
05/26/2015,HGR,MD,AEA,EN,Federal Contract Tower,0,2,6,1,9,0,10,56,2,68,0,12,62,3,77,38,0,38,115
05/27/2015,HGR,MD,AEA,EN,Federal Contract Tower,0,2,11,2,15,0,4,16,0,20,0,6,27,2,35,0,0,0,35
05/28/2015,HGR,MD,AEA,EN,Federal Contract Tower,2,3,12,3,20,0,1,58,14,73,2,4,70,17,93,48,2,50,143
05/29/2015,HGR,MD,AEA,EN,Federal Contract Tower,2,3,10,7,22,0,2,42,11,55,2,5,52,18,77,38,10,48,125
05/30/2015,HGR,MD,AEA,EN,Federal Contract Tower,0,3,9,0,12,0,1,82,3,86,0,4,91,3,98,88,0,88,186
05/31/2015,HGR,MD,AEA,EN,Federal Contract Tower,2,0,11,3,16,0,5,43,9,57,2,5,54,12,73,64,0,64,137
06/01/2015,HGR,MD,AEA,EN,Federal Contract Tower,2,7,16,0,25,0,0,29,9,38,2,7,45,9,63,10,0,10,73
06/02/2015,HGR,MD,AEA,EN,Federal Contract Tower,0,8,16,11,35,0,0,0,0,0,0,8,16,11,35,0,0,0,35
06/03/2015,HGR,MD,AEA,EN,Federal Contract Tower,0,5,27,14,46,0,4,7,5,16,0,9,34,19,62,22,2,24,86
06/04/2015,HGR,MD,AEA,EN,Federal Contract Tower,2,9,14,16,41,0,0,0,0,0,2,9,14,16,41,0,0,0,41
06/05/2015,HGR,MD,AEA,EN,Federal Contract Tower,2,7,15,5,29,0,5,45,3,53,2,12,60,8,82,50,0,50,132
06/06/2015,HGR,MD,AEA,EN,Federal Contract Tower,0,2,20,0,22,0,9,43,0,52,0,11,63,0,74,84,0,84,158
06/07/2015,HGR,MD,AEA,EN,Federal Contract Tower,2,1,16,0,19,0,8,89,3,100,2,9,105,3,119,108,0,108,227
06/08/2015,HGR,MD,AEA,EN,Federal Contract Tower,0,7,6,0,13,0,3,34,16,53,0,10,40,16,66,54,0,54,120
06/09/2015,HGR,MD,AEA,EN,Federal Contract Tower,2,0,8,0,10,0,1,62,4,67,2,1,70,4,77,60,0,60,137
06/10/2015,HGR,MD,AEA,EN,Federal Contract Tower,0,3,19,2,24,0,13,75,32,120,0,16,94,34,144,106,28,134,278
06/11/2015,HGR,MD,AEA,EN,Federal Contract Tower,2,4,12,0,18,0,4,60,26,90,2,8,72,26,108,24,0,24,132
06/12/2015,HGR,MD,AEA,EN,Federal Contract Tower,2,8,11,0,21,0,4,48,19,71,2,12,59,19,92,52,0,52,144
06/13/2015,HGR,MD,AEA,EN,Federal Contract Tower,0,3,2,0,5,0,2,118,0,120,0,5,120,0,125,86,0,86,211
06/14/2015,HGR,MD,AEA,EN,Federal Contract Tower,2,4,0,0,6,0,2,42,0,44,2,6,42,0,50,26,0,26,76
06/15/2015,HGR,MD,AEA,EN,Federal Contract Tower,2,5,16,4,27,0,11,37,32,80,2,16,53,36,107,12,0,12,119
06/16/2015,HGR,MD,AEA,EN,Federal Contract Tower,0,5,13,1,19,0,5,48,21,74,0,10,61,22,93,20,6,26,119
06/17/2015,HGR,MD,AEA,EN,Federal Contract Tower,0,4,23,2,29,0,2,64,13,79,0,6,87,15,108,70,0,70,178
06/18/2015,HGR,MD,AEA,EN,Federal Contract Tower,2,5,12,6,25,0,4,23,17,44,2,9,35,23,69,6,0,6,75
06/19/2015,HGR,MD,AEA,EN,Federal Contract Tower,2,9,10,1,22,0,12,73,18,103,2,21,83,19,125,50,0,50,175
06/20/2015,HGR,MD,AEA,EN,Federal Contract Tower,0,3,5,0,8,0,8,98,4,110,0,11,103,4,118,88,0,88,206
06/21/2015,HGR,MD,AEA,EN,Federal Contract Tower,0,6,4,0,10,0,2,70,0,72,0,8,74,0,82,62,0,62,144
06/22/2015,HGR,MD,AEA,EN,Federal Contract Tower,2,6,16,0,24,0,3,70,20,93,2,9,86,20,117,78,0,78,195
06/23/2015,HGR,MD,AEA,EN,Federal Contract Tower,0,9,12,3,24,0,2,44,29,75,0,11,56,32,99,40,0,40,139
06/24/2015,HGR,MD,AEA,EN,Federal Contract Tower,0,8,14,7,29,0,12,104,39,155,0,20,118,46,184,124,12,136,320
06/25/2015,HGR,MD,AEA,EN,Federal Contract Tower,2,10,11,0,23,0,4,40,19,63,2,14,51,19,86,68,0,68,154
06/26/2015,HGR,MD,AEA,EN,Federal Contract Tower,2,6,22,3,33,0,3,32,4,39,2,9,54,7,72,76,0,76,148
06/27/2015,HGR,MD,AEA,EN,Federal Contract Tower,0,5,4,2,11,0,0,2,0,2,0,5,6,2,13,20,0,20,33
06/28/2015,HGR,MD,AEA,EN,Federal Contract Tower,2,4,12,2,20,0,5,39,0,44,2,9,51,2,64,36,0,36,100
06/29/2015,HGR,MD,AEA,EN,Federal Contract Tower,2,10,12,4,28,0,2,89,25,116,2,12,101,29,144,94,14,108,252
06/30/2015,HGR,MD,AEA,EN,Federal Contract Tower,0,6,12,5,23,0,3,50,15,68,0,9,62,20,91,56,0,56,147
07/01/2015,HGR,MD,AEA,EN,Federal Contract Tower,0,6,17,10,33,0,1,59,26,86,0,7,76,36,119,100,0,100,219
07/02/2015,HGR,MD,AEA,EN,Federal Contract Tower,2,7,17,1,27,0,0,55,19,74,2,7,72,20,101,52,6,58,159
07/03/2015,HGR,MD,AEA,EN,Federal Contract Tower,2,9,14,0,25,0,1,39,9,49,2,10,53,9,74,46,0,46,120
07/04/2015,HGR,MD,AEA,EN,Federal Contract Tower,0,2,2,0,4,0,0,0,0,0,0,2,2,0,4,0,0,0,4
07/05/2015,HGR,MD,AEA,EN,Federal Contract Tower,2,4,12,2,20,0,7,50,1,58,2,11,62,3,78,50,0,50,128
07/06/2015,HGR,MD,AEA,EN,Federal Contract Tower,2,7,9,0,18,0,6,35,2,43,2,13,44,2,61,40,0,40,101
07/07/2015,HGR,MD,AEA,EN,Federal Contract Tower,0,7,12,3,22,0,7,57,2,66,0,14,69,5,88,26,0,26,114
07/08/2015,HGR,MD,AEA,EN,Federal Contract Tower,0,8,16,5,29,0,2,40,8,50,0,10,56,13,79,82,0,82,161
07/09/2015,HGR,MD,AEA,EN,Federal Contract Tower,2,8,12,6,28,0,0,50,15,65,2,8,62,21,93,16,0,16,109
07/10/2015,HGR,MD,AEA,EN,Federal Contract Tower,2,8,11,13,34,0,5,92,16,113,2,13,103,29,147,96,16,112,259
07/11/2015,HGR,MD,AEA,EN,Federal Contract Tower,0,5,11,1,17,0,7,53,3,63,0,12,64,4,80,62,0,62,142
07/12/2015,HGR,MD,AEA,EN,Federal Contract Tower,2,4,13,4,23,0,7,92,0,99,2,11,105,4,122,96,0,96,218
07/13/2015,HGR,MD,AEA,EN,Federal Contract Tower,2,6,13,3,24,0,5,44,14,63,2,11,57,17,87,74,0,74,161
07/14/2015,HGR,MD,AEA,EN,Federal Contract Tower,0,7,5,2,14,0,7,46,20,73,0,14,51,22,87,74,0,74,161
07/15/2015,HGR,MD,AEA,EN,Federal Contract Tower,0,7,11,0,18,0,3,57,6,66,0,10,68,6,84,76,0,76,160
07/16/2015,HGR,MD,AEA,EN,Federal Contract Tower,2,7,19,2,30,0,6,105,23,134,2,13,124,25,164,104,38,142,306
07/17/2015,HGR,MD,AEA,EN,Federal Contract Tower,2,8,19,6,35,0,5,81,16,102,2,13,100,22,137,90,0,90,227
07/18/2015,HGR,MD,AEA,EN,Federal Contract Tower,0,4,6,0,10,0,5,61,28,94,0,9,67,28,104,68,24,92,196
07/19/2015,HGR,MD,AEA,EN,Federal Contract Tower,2,4,7,0,13,0,6,74,25,105,2,10,81,25,118,64,82,146,264
07/20/2015,HGR,MD,AEA,EN,Federal Contract Tower,2,9,18,0,29,0,0,54,27,81,2,9,72,27,110,56,90,146,256
07/21/2015,HGR,MD,AEA,EN,Federal Contract Tower,0,6,25,2,33,0,1,79,31,111,0,7,104,33,144,140,198,338,482
07/22/2015,HGR,MD,AEA,EN,Federal Contract Tower,0,9,9,0,18,0,8,63,36,107,0,17,72,36,125,144,174,318,443
07/23/2015,HGR,MD,AEA,EN,Federal Contract Tower,2,8,18,0,28,0,5,89,43,137,2,13,107,43,165,120,100,220,385
07/24/2015,HGR,MD,AEA,EN,Federal Contract Tower,2,8,10,1,21,0,7,69,38,114,2,15,79,39,135,46,48,94,229
07/25/2015,HGR,MD,AEA,EN,Federal Contract Tower,0,5,4,0,9,0,6,79,15,100,0,11,83,15,109,68,34,102,211
07/26/2015,HGR,MD,AEA,EN,Federal Contract Tower,2,4,15,0,21,0,8,59,2,69,2,12,74,2,90,98,0,98,188
07/27/2015,HGR,MD,AEA,EN,Federal Contract Tower,2,8,11,9,30,0,3,44,2,49,2,11,55,11,79,42,0,42,121
07/28/2015,HGR,MD,AEA,EN,Federal Contract Tower,0,8,15,3,26,0,2,28,37,67,0,10,43,40,93,0,0,0,93
07/29/2015,HGR,MD,AEA,EN,Federal Contract Tower,0,7,22,6,35,0,2,54,28,84,0,9,76,34,119,34,0,34,153
07/30/2015,HGR,MD,AEA,EN,Federal Contract Tower,2,10,9,3,24,0,0,47,25,72,2,10,56,28,96,68,4,72,168
07/31/2015,HGR,MD,AEA,EN,Federal Contract Tower,2,8,13,0,23,0,6,103,34,143,2,14,116,34,166,106,22,128,294
08/01/2015,HGR,MD,AEA,EN,Federal Contract Tower,0,4,5,15,24,0,10,68,47,125,0,14,73,62,149,82,84,166,315
08/02/2015,HGR,MD,AEA,EN,Federal Contract Tower,2,5,4,0,11,0,6,48,0,54,2,11,52,0,65,4,0,4,69
08/03/2015,HGR,MD,AEA,EN,Federal Contract Tower,2,6,12,1,21,0,1,50,17,68,2,7,62,18,89,54,0,54,143
08/04/2015,HGR,MD,AEA,EN,Federal Contract Tower,0,7,5,4,16,0,10,51,18,79,0,17,56,22,95,44,48,92,187
08/05/2015,HGR,MD,AEA,EN,Federal Contract Tower,0,6,12,2,20,0,9,70,21,100,0,15,82,23,120,130,0,130,250
08/06/2015,HGR,MD,AEA,EN,Federal Contract Tower,2,7,6,3,18,0,6,40,11,57,2,13,46,14,75,80,4,84,159
08/07/2015,HGR,MD,AEA,EN,Federal Contract Tower,2,10,14,1,27,0,5,51,8,64,2,15,65,9,91,76,0,76,167
08/08/2015,HGR,MD,AEA,EN,Federal Contract Tower,0,3,3,1,7,0,2,56,0,58,0,5,59,1,65,72,0,72,137
08/09/2015,HGR,MD,AEA,EN,Federal Contract Tower,2,6,7,0,15,0,4,66,5,75,2,10,73,5,90,68,0,68,158
08/10/2015,HGR,MD,AEA,EN,Federal Contract Tower,2,10,14,4,30,0,3,9,3,15,2,13,23,7,45,6,0,6,51
08/11/2015,HGR,MD,AEA,EN,Federal Contract Tower,0,9,12,5,26,0,3,36,12,51,0,12,48,17,77,32,0,32,109
08/12/2015,HGR,MD,AEA,EN,Federal Contract Tower,0,7,8,7,22,0,4,71,30,105,0,11,79,37,127,128,34,162,289
08/13/2015,HGR,MD,AEA,EN,Federal Contract Tower,2,8,14,1,25,0,1,75,31,107,2,9,89,32,132,42,0,42,174
08/14/2015,HGR,MD,AEA,EN,Federal Contract Tower,2,7,9,0,18,0,4,68,31,103,2,11,77,31,121,62,28,90,211
08/15/2015,HGR,MD,AEA,EN,Federal Contract Tower,0,4,7,0,11,0,2,104,9,115,0,6,111,9,126,50,0,50,176
08/16/2015,HGR,MD,AEA,EN,Federal Contract Tower,2,4,6,0,12,0,1,74,1,76,2,5,80,1,88,92,0,92,180
08/17/2015,HGR,MD,AEA,EN,Federal Contract Tower,2,7,15,0,24,0,5,85,16,106,2,12,100,16,130,118,0,118,248
08/18/2015,HGR,MD,AEA,EN,Federal Contract Tower,0,7,16,3,26,0,17,65,22,104,0,24,81,25,130,60,0,60,190
08/19/2015,HGR,MD,AEA,EN,Federal Contract Tower,0,12,9,12,33,0,5,27,20,52,0,17,36,32,85,24,20,44,129
08/20/2015,HGR,MD,AEA,EN,Federal Contract Tower,1,10,13,12,36,0,2,5,2,9,1,12,18,14,45,10,0,10,55
08/21/2015,HGR,MD,AEA,EN,Federal Contract Tower,0,8,13,6,27,0,4,71,31,106,0,12,84,37,133,56,8,64,197
08/22/2015,HGR,MD,AEA,EN,Federal Contract Tower,0,4,1,1,6,0,1,75,5,81,0,5,76,6,87,50,0,50,137
08/23/2015,HGR,MD,AEA,EN,Federal Contract Tower,2,4,10,0,16,0,3,48,3,54,2,7,58,3,70,42,0,42,112
08/24/2015,HGR,MD,AEA,EN,Federal Contract Tower,0,8,7,0,15,0,4,56,26,86,0,12,63,26,101,54,0,54,155
08/25/2015,HGR,MD,AEA,EN,Federal Contract Tower,0,10,15,1,26,0,10,64,28,102,0,20,79,29,128,58,0,58,186
08/26/2015,HGR,MD,AEA,EN,Federal Contract Tower,0,11,25,0,36,0,6,53,34,93,0,17,78,34,129,42,0,42,171
08/27/2015,HGR,MD,AEA,EN,Federal Contract Tower,2,8,11,2,23,0,3,76,31,110,2,11,87,33,133,36,0,36,169
08/28/2015,HGR,MD,AEA,EN,Federal Contract Tower,0,9,14,0,23,0,7,95,41,143,0,16,109,41,166,36,22,58,224
08/29/2015,HGR,MD,AEA,EN,Federal Contract Tower,0,4,10,0,14,0,4,74,6,84,0,8,84,6,98,148,0,148,246
08/30/2015,HGR,MD,AEA,EN,Federal Contract Tower,2,6,6,0,14,0,5,62,0,67,2,11,68,0,81,70,0,70,151
08/31/2015,HGR,MD,AEA,EN,Federal Contract Tower,0,7,8,2,17,0,1,49,20,70,0,8,57,22,87,76,4,80,167
09/01/2015,HGR,MD,AEA,EN,Federal Contract Tower,0,7,12,4,23,0,6,64,37,107,0,13,76,41,130,80,28,108,238
09/02/2015,HGR,MD,AEA,EN,Federal Contract Tower,0,8,15,5,28,0,6,41,36,83,0,14,56,41,111,66,26,92,203
09/03/2015,HGR,MD,AEA,EN,Federal Contract Tower,2,7,6,0,15,0,1,66,33,100,2,8,72,33,115,72,0,72,187
09/04/2015,HGR,MD,AEA,EN,Federal Contract Tower,0,7,11,1,19,0,7,58,29,94,0,14,69,30,113,68,12,80,193
09/05/2015,HGR,MD,AEA,EN,Federal Contract Tower,0,5,14,1,20,0,5,58,4,67,0,10,72,5,87,84,0,84,171
09/06/2015,HGR,MD,AEA,EN,Federal Contract Tower,2,6,10,2,20,0,4,79,2,85,2,10,89,4,105,88,0,88,193
09/07/2015,HGR,MD,AEA,EN,Federal Contract Tower,0,6,14,0,20,0,9,55,16,80,0,15,69,16,100,78,0,78,178
09/08/2015,HGR,MD,AEA,EN,Federal Contract Tower,0,11,15,1,27,0,7,65,29,101,0,18,80,30,128,64,0,64,192
09/09/2015,HGR,MD,AEA,EN,Federal Contract Tower,0,7,4,1,12,0,8,74,27,109,0,15,78,28,121,96,0,96,217
09/10/2015,HGR,MD,AEA,EN,Federal Contract Tower,2,9,12,14,37,0,0,1,1,2,2,9,13,15,39,0,0,0,39
09/11/2015,HGR,MD,AEA,EN,Federal Contract Tower,0,8,6,0,14,0,3,77,25,105,0,11,83,25,119,74,6,80,199
09/12/2015,HGR,MD,AEA,EN,Federal Contract Tower,0,4,8,0,12,0,0,0,0,0,0,4,8,0,12,0,0,0,12
09/13/2015,HGR,MD,AEA,EN,Federal Contract Tower,2,4,8,0,14,0,3,58,4,65,2,7,66,4,79,86,0,86,165
09/14/2015,HGR,MD,AEA,EN,Federal Contract Tower,0,9,10,0,19,0,4,57,18,79,0,13,67,18,98,84,0,84,182
09/15/2015,HGR,MD,AEA,EN,Federal Contract Tower,0,8,9,2,19,0,7,68,21,96,0,15,77,23,115,124,0,124,239
09/16/2015,HGR,MD,AEA,EN,Federal Contract Tower,0,9,17,2,28,0,5,69,16,90,0,14,86,18,118,108,0,108,226
09/17/2015,HGR,MD,AEA,EN,Federal Contract Tower,2,9,10,1,22,0,9,86,21,116,2,18,96,22,138,68,0,68,206
09/18/2015,HGR,MD,AEA,EN,Federal Contract Tower,0,9,9,0,18,0,0,81,18,99,0,9,90,18,117,70,2,72,189
09/19/2015,HGR,MD,AEA,EN,Federal Contract Tower,0,4,7,0,11,0,2,118,2,122,0,6,125,2,133,98,0,98,231
09/20/2015,HGR,MD,AEA,EN,Federal Contract Tower,2,4,4,0,10,0,4,60,3,67,2,8,64,3,77,46,0,46,123
09/21/2015,HGR,MD,AEA,EN,Federal Contract Tower,0,9,11,6,26,0,5,33,19,57,0,14,44,25,83,30,0,30,113
09/22/2015,HGR,MD,AEA,EN,Federal Contract Tower,0,9,9,0,18,0,5,63,17,85,0,14,72,17,103,42,0,42,145
09/23/2015,HGR,MD,AEA,EN,Federal Contract Tower,0,11,8,0,19,0,5,84,18,107,0,16,92,18,126,90,12,102,228
09/24/2015,HGR,MD,AEA,EN,Federal Contract Tower,2,9,13,4,28,0,18,68,17,103,2,27,81,21,131,60,22,82,213
09/25/2015,HGR,MD,AEA,EN,Federal Contract Tower,0,8,14,0,22,0,3,70,12,85,0,11,84,12,107,72,0,72,179
09/26/2015,HGR,MD,AEA,EN,Federal Contract Tower,0,3,2,1,6,0,5,55,1,61,0,8,57,2,67,28,0,28,95
09/27/2015,HGR,MD,AEA,EN,Federal Contract Tower,2,6,11,0,19,0,1,38,2,41,2,7,49,2,60,38,0,38,98
09/28/2015,HGR,MD,AEA,EN,Federal Contract Tower,0,9,8,5,22,0,7,49,24,80,0,16,57,29,102,92,0,92,194
09/29/2015,HGR,MD,AEA,EN,Federal Contract Tower,0,8,5,4,17,0,0,0,0,0,0,8,5,4,17,0,0,0,17
09/30/2015,HGR,MD,AEA,EN,Federal Contract Tower,0,9,11,8,28,0,2,20,14,36,0,11,31,22,64,28,0,28,92
10/01/2015,HGR,MD,AEA,EN,Federal Contract Tower,2,9,16,12,39,0,0,4,0,4,2,9,20,12,43,0,0,0,43
10/02/2015,HGR,MD,AEA,EN,Federal Contract Tower,0,8,6,12,26,0,1,0,0,1,0,9,6,12,27,0,0,0,27
10/03/2015,HGR,MD,AEA,EN,Federal Contract Tower,0,5,10,0,15,0,0,0,0,0,0,5,10,0,15,0,0,0,15
10/04/2015,HGR,MD,AEA,EN,Federal Contract Tower,2,6,15,0,23,0,0,2,0,2,2,6,17,0,25,4,0,4,29
10/05/2015,HGR,MD,AEA,EN,Federal Contract Tower,0,8,9,1,18,0,9,62,39,110,0,17,71,40,128,44,0,44,172
10/06/2015,HGR,MD,AEA,EN,Federal Contract Tower,0,6,10,2,18,0,4,61,34,99,0,10,71,36,117,44,0,44,161
10/07/2015,HGR,MD,AEA,EN,Federal Contract Tower,0,10,19,2,31,0,11,102,36,149,0,21,121,38,180,122,0,122,302
10/08/2015,HGR,MD,AEA,EN,Federal Contract Tower,2,9,18,2,31,0,5,93,32,130,2,14,111,34,161,78,0,78,239
10/09/2015,HGR,MD,AEA,EN,Federal Contract Tower,0,11,15,2,28,0,7,57,7,71,0,18,72,9,99,70,0,70,169
10/10/2015,HGR,MD,AEA,EN,Federal Contract Tower,0,9,10,0,19,0,8,79,9,96,0,17,89,9,115,172,0,172,287
10/11/2015,HGR,MD,AEA,EN,Federal Contract Tower,2,6,14,3,25,0,10,95,3,108,2,16,109,6,133,118,0,118,251
10/12/2015,HGR,MD,AEA,EN,Federal Contract Tower,0,10,13,2,25,0,3,51,7,61,0,13,64,9,86,50,0,50,136
10/13/2015,HGR,MD,AEA,EN,Federal Contract Tower,0,8,3,4,15,0,8,53,18,79,0,16,56,22,94,114,0,114,208
10/14/2015,HGR,MD,AEA,EN,Federal Contract Tower,0,11,3,0,14,0,6,52,26,84,0,17,55,26,98,22,0,22,120
10/15/2015,HGR,MD,AEA,EN,Federal Contract Tower,2,9,6,2,19,0,0,67,21,88,2,9,73,23,107,70,0,70,177
10/16/2015,HGR,MD,AEA,EN,Federal Contract Tower,0,9,10,7,26,0,6,62,29,97,0,15,72,36,123,88,46,134,257
10/17/2015,HGR,MD,AEA,EN,Federal Contract Tower,0,5,1,0,6,0,8,50,0,58,0,13,51,0,64,102,0,102,166
10/18/2015,HGR,MD,AEA,EN,Federal Contract Tower,2,4,9,2,17,0,10,47,2,59,2,14,56,4,76,52,0,52,128
10/19/2015,HGR,MD,AEA,EN,Federal Contract Tower,0,11,11,4,26,0,10,88,20,118,0,21,99,24,144,116,0,116,260
10/20/2015,HGR,MD,AEA,EN,Federal Contract Tower,0,9,10,0,19,0,5,63,43,111,0,14,73,43,130,90,0,90,220
10/21/2015,HGR,MD,AEA,EN,Federal Contract Tower,0,10,12,0,22,0,8,95,38,141,0,18,107,38,163,118,2,120,283
10/22/2015,HGR,MD,AEA,EN,Federal Contract Tower,2,12,7,9,30,0,0,63,38,101,2,12,70,47,131,64,12,76,207
10/23/2015,HGR,MD,AEA,EN,Federal Contract Tower,0,8,19,2,29,0,2,105,28,135,0,10,124,30,164,90,0,90,254
10/24/2015,HGR,MD,AEA,EN,Federal Contract Tower,0,3,14,1,18,0,3,71,10,84,0,6,85,11,102,136,0,136,238
10/25/2015,HGR,MD,AEA,EN,Federal Contract Tower,2,8,10,0,20,0,4,30,0,34,2,12,40,0,54,46,0,46,100
10/26/2015,HGR,MD,AEA,EN,Federal Contract Tower,0,9,10,1,20,0,3,57,10,70,0,12,67,11,90,88,0,88,178
10/27/2015,HGR,MD,AEA,EN,Federal Contract Tower,0,9,17,9,35,0,13,60,27,100,0,22,77,36,135,72,0,72,207
10/28/2015,HGR,MD,AEA,EN,Federal Contract Tower,0,11,9,0,20,0,0,0,0,0,0,11,9,0,20,0,0,0,20
10/29/2015,HGR,MD,AEA,EN,Federal Contract Tower,2,11,10,6,29,0,7,41,50,98,2,18,51,56,127,20,0,20,147
10/30/2015,HGR,MD,AEA,EN,Federal Contract Tower,0,8,6,0,14,0,3,62,28,93,0,11,68,28,107,32,2,34,141
10/31/2015,HGR,MD,AEA,EN,Federal Contract Tower,0,2,3,1,6,0,0,80,4,84,0,2,83,5,90,132,0,132,222
11/01/2015,HGR,MD,AEA,EN,Federal Contract Tower,2,5,6,0,13,0,0,31,0,31,2,5,37,0,44,36,0,36,80
11/02/2015,HGR,MD,AEA,EN,Federal Contract Tower,0,14,8,3,25,0,3,78,36,117,0,17,86,39,142,68,0,68,210
11/03/2015,HGR,MD,AEA,EN,Federal Contract Tower,0,10,7,2,19,0,13,86,47,146,0,23,93,49,165,82,0,82,247
11/04/2015,HGR,MD,AEA,EN,Federal Contract Tower,0,10,13,3,26,0,6,104,50,160,0,16,117,53,186,126,2,128,314
11/05/2015,HGR,MD,AEA,EN,Federal Contract Tower,2,12,9,3,26,0,3,83,30,116,2,15,92,33,142,68,8,76,218
11/06/2015,HGR,MD,AEA,EN,Federal Contract Tower,0,4,14,3,21,0,11,67,7,85,0,15,81,10,106,136,0,136,242
11/07/2015,HGR,MD,AEA,EN,Federal Contract Tower,1,5,5,1,12,0,0,59,11,70,1,5,64,12,82,66,0,66,148
11/08/2015,HGR,MD,AEA,EN,Federal Contract Tower,2,4,4,0,10,0,4,87,2,93,2,8,91,2,103,104,0,104,207
11/09/2015,HGR,MD,AEA,EN,Federal Contract Tower,0,8,9,1,18,0,0,28,21,49,0,8,37,22,67,38,0,38,105
11/10/2015,HGR,MD,AEA,EN,Federal Contract Tower,0,10,5,5,20,0,0,0,0,0,0,10,5,5,20,0,0,0,20
11/11/2015,HGR,MD,AEA,EN,Federal Contract Tower,0,11,8,5,24,0,3,42,15,60,0,14,50,20,84,48,12,60,144
11/12/2015,HGR,MD,AEA,EN,Federal Contract Tower,2,8,4,4,18,0,1,10,12,23,2,9,14,16,41,34,0,34,75
11/13/2015,HGR,MD,AEA,EN,Federal Contract Tower,0,10,2,0,12,0,2,4,10,16,0,12,6,10,28,0,0,0,28
11/14/2015,HGR,MD,AEA,EN,Federal Contract Tower,0,5,3,0,8,0,1,13,0,14,0,6,16,0,22,0,0,0,22
11/15/2015,HGR,MD,AEA,EN,Federal Contract Tower,2,5,4,0,11,0,1,73,5,79,2,6,77,5,90,126,0,126,216
11/16/2015,HGR,MD,AEA,EN,Federal Contract Tower,0,10,10,0,20,0,5,65,26,96,0,15,75,26,116,112,2,114,230
11/17/2015,HGR,MD,AEA,EN,Federal Contract Tower,0,9,10,2,21,0,7,62,37,106,0,16,72,39,127,74,0,74,201
11/18/2015,HGR,MD,AEA,EN,Federal Contract Tower,0,7,18,18,43,0,1,13,6,20,0,8,31,24,63,16,0,16,79
11/19/2015,HGR,MD,AEA,EN,Federal Contract Tower,0,12,13,4,29,0,2,8,0,10,0,14,21,4,39,0,0,0,39
11/20/2015,HGR,MD,AEA,EN,Federal Contract Tower,2,8,12,0,22,0,3,79,4,86,2,11,91,4,108,96,0,96,204
11/21/2015,HGR,MD,AEA,EN,Federal Contract Tower,0,5,3,0,8,0,4,56,17,77,0,9,59,17,85,120,0,120,205
11/22/2015,HGR,MD,AEA,EN,Federal Contract Tower,0,4,7,0,11,0,4,41,6,51,0,8,48,6,62,52,0,52,114
11/23/2015,HGR,MD,AEA,EN,Federal Contract Tower,2,8,9,2,21,0,18,49,18,85,2,26,58,20,106,58,0,58,164
11/24/2015,HGR,MD,AEA,EN,Federal Contract Tower,0,8,3,0,11,0,7,54,17,78,0,15,57,17,89,86,0,86,175
11/25/2015,HGR,MD,AEA,EN,Federal Contract Tower,1,7,8,4,20,0,10,80,12,102,1,17,88,16,122,134,2,136,258
11/26/2015,HGR,MD,AEA,EN,Federal Contract Tower,0,8,3,0,11,0,0,29,0,29,0,8,32,0,40,36,0,36,76
11/27/2015,HGR,MD,AEA,EN,Federal Contract Tower,0,8,7,0,15,0,6,79,3,88,0,14,86,3,103,72,0,72,175
11/28/2015,HGR,MD,AEA,EN,Federal Contract Tower,2,4,8,0,14,0,5,36,10,51,2,9,44,10,65,62,0,62,127
11/29/2015,HGR,MD,AEA,EN,Federal Contract Tower,2,4,7,2,15,0,0,2,0,2,2,4,9,2,17,0,0,0,17
11/30/2015,HGR,MD,AEA,EN,Federal Contract Tower,0,8,13,4,25,0,0,7,0,7,0,8,20,4,32,8,0,8,40
12/01/2015,HGR,MD,AEA,EN,Federal Contract Tower,0,10,3,0,13,0,0,0,0,0,0,10,3,0,13,0,0,0,13
12/02/2015,HGR,MD,AEA,EN,Federal Contract Tower,0,7,13,2,22,0,0,1,0,1,0,7,14,2,23,0,0,0,23
12/03/2015,HGR,MD,AEA,EN,Federal Contract Tower,2,8,12,3,25,0,3,33,33,69,2,11,45,36,94,6,0,6,100
12/04/2015,HGR,MD,AEA,EN,Federal Contract Tower,0,9,13,0,22,0,11,72,23,106,0,20,85,23,128,62,6,68,196
12/05/2015,HGR,MD,AEA,EN,Federal Contract Tower,0,5,5,0,10,0,4,90,10,104,0,9,95,10,114,162,0,162,276
12/06/2015,HGR,MD,AEA,EN,Federal Contract Tower,2,4,12,1,19,0,2,34,0,36,2,6,46,1,55,10,0,10,65
12/07/2015,HGR,MD,AEA,EN,Federal Contract Tower,0,8,9,1,18,0,5,32,12,49,0,13,41,13,67,30,0,30,97
12/08/2015,HGR,MD,AEA,EN,Federal Contract Tower,0,8,4,1,13,0,6,74,21,101,0,14,78,22,114,82,0,82,196
12/09/2015,HGR,MD,AEA,EN,Federal Contract Tower,0,8,9,13,30,0,0,1,4,5,0,8,10,17,35,0,0,0,35
12/10/2015,HGR,MD,AEA,EN,Federal Contract Tower,1,8,16,7,32,0,2,37,10,49,1,10,53,17,81,32,4,36,117
12/11/2015,HGR,MD,AEA,EN,Federal Contract Tower,0,8,24,4,36,0,8,100,10,118,0,16,124,14,154,82,0,82,236
12/12/2015,HGR,MD,AEA,EN,Federal Contract Tower,0,4,5,3,12,0,0,61,1,62,0,4,66,4,74,126,0,126,200
12/13/2015,HGR,MD,AEA,EN,Federal Contract Tower,2,5,7,0,14,0,2,77,2,81,2,7,84,2,95,78,0,78,173
12/14/2015,HGR,MD,AEA,EN,Federal Contract Tower,0,6,6,13,25,0,4,4,10,18,0,10,10,23,43,0,0,0,43
12/15/2015,HGR,MD,AEA,EN,Federal Contract Tower,0,8,15,1,24,0,1,43,47,91,0,9,58,48,115,56,4,60,175
12/16/2015,HGR,MD,AEA,EN,Federal Contract Tower,0,9,16,11,36,0,4,60,21,85,0,13,76,32,121,86,0,86,207
12/17/2015,HGR,MD,AEA,EN,Federal Contract Tower,2,9,10,5,26,0,0,0,0,0,2,9,10,5,26,0,0,0,26
12/18/2015,HGR,MD,AEA,EN,Federal Contract Tower,0,7,4,12,23,0,4,32,20,56,0,11,36,32,79,48,14,62,141
12/19/2015,HGR,MD,AEA,EN,Federal Contract Tower,0,4,5,0,9,0,4,45,0,49,0,8,50,0,58,66,0,66,124
12/20/2015,HGR,MD,AEA,EN,Federal Contract Tower,2,4,6,1,13,0,3,57,1,61,2,7,63,2,74,54,0,54,128
12/21/2015,HGR,MD,AEA,EN,Federal Contract Tower,0,10,9,1,20,0,8,40,18,66,0,18,49,19,86,30,2,32,118
12/22/2015,HGR,MD,AEA,EN,Federal Contract Tower,2,9,5,2,18,0,10,46,12,68,2,19,51,14,86,56,0,56,142
12/23/2015,HGR,MD,AEA,EN,Federal Contract Tower,2,8,4,0,14,0,0,0,0,0,2,8,4,0,14,0,0,0,14
12/24/2015,HGR,MD,AEA,EN,Federal Contract Tower,0,8,6,0,14,0,0,15,0,15,0,8,21,0,29,32,0,32,61
12/25/2015,HGR,MD,AEA,EN,Federal Contract Tower,0,0,1,0,1,0,0,0,0,0,0,0,1,0,1,0,0,0,1
12/26/2015,HGR,MD,AEA,EN,Federal Contract Tower,2,6,13,0,21,0,12,0,0,12,2,18,13,0,33,0,0,0,33
12/27/2015,HGR,MD,AEA,EN,Federal Contract Tower,0,2,7,1,10,0,3,12,0,15,0,5,19,1,25,16,0,16,41
12/28/2015,HGR,MD,AEA,EN,Federal Contract Tower,2,8,9,2,21,0,8,30,0,38,2,16,39,2,59,26,0,26,85
12/29/2015,HGR,MD,AEA,EN,Federal Contract Tower,0,8,9,0,17,0,0,0,0,0,0,8,9,0,17,0,0,0,17
12/30/2015,HGR,MD,AEA,EN,Federal Contract Tower,2,8,6,1,17,0,0,0,0,0,2,8,6,1,17,0,0,0,17
12/31/2015,HGR,MD,AEA,EN,Federal Contract Tower,0,8,8,0,16,0,3,35,0,38,0,11,43,0,54,44,0,44,98
01/01/2016,HGR,MD,AEA,EN,Federal Contract Tower,2,8,2,0,12,0,0,19,0,19,2,8,21,0,31,8,0,8,39
01/02/2016,HGR,MD,AEA,EN,Federal Contract Tower,0,3,2,0,5,0,4,87,0,91,0,7,89,0,96,106,0,106,202
01/03/2016,HGR,MD,AEA,EN,Federal Contract Tower,2,4,10,0,16,0,3,72,0,75,2,7,82,0,91,62,0,62,153
01/04/2016,HGR,MD,AEA,EN,Federal Contract Tower,2,10,11,0,23,0,1,32,5,38,2,11,43,5,61,0,0,0,61
01/05/2016,HGR,MD,AEA,EN,Federal Contract Tower,0,10,17,2,29,0,15,82,15,112,0,25,99,17,141,138,0,138,279
01/06/2016,HGR,MD,AEA,EN,Federal Contract Tower,0,9,13,0,22,0,8,61,12,81,0,17,74,12,103,112,0,112,215
01/07/2016,HGR,MD,AEA,EN,Federal Contract Tower,2,8,7,3,20,0,2,74,17,93,2,10,81,20,113,136,0,136,249
01/08/2016,HGR,MD,AEA,EN,Federal Contract Tower,0,4,12,1,17,0,0,0,0,0,0,4,12,1,17,0,0,0,17
01/09/2016,HGR,MD,AEA,EN,Federal Contract Tower,0,4,4,0,8,0,0,0,0,0,0,4,4,0,8,0,0,0,8
01/10/2016,HGR,MD,AEA,EN,Federal Contract Tower,2,4,7,0,13,0,0,1,0,1,2,4,8,0,14,0,0,0,14
01/11/2016,HGR,MD,AEA,EN,Federal Contract Tower,0,9,12,0,21,0,8,29,8,45,0,17,41,8,66,0,0,0,66
01/12/2016,HGR,MD,AEA,EN,Federal Contract Tower,0,8,8,20,36,0,4,26,7,37,0,12,34,27,73,72,0,72,145
01/13/2016,HGR,MD,AEA,EN,Federal Contract Tower,0,6,3,1,10,0,2,19,29,50,0,8,22,30,60,26,2,28,88
01/14/2016,HGR,MD,AEA,EN,Federal Contract Tower,2,9,11,0,22,0,8,83,40,131,2,17,94,40,153,102,0,102,255
01/15/2016,HGR,MD,AEA,EN,Federal Contract Tower,1,8,7,0,16,0,1,64,26,91,1,9,71,26,107,112,2,114,221
01/16/2016,HGR,MD,AEA,EN,Federal Contract Tower,0,6,3,0,9,0,2,17,4,23,0,8,20,4,32,54,0,54,86
01/17/2016,HGR,MD,AEA,EN,Federal Contract Tower,2,4,1,0,7,0,2,25,0,27,2,6,26,0,34,60,0,60,94
01/18/2016,HGR,MD,AEA,EN,Federal Contract Tower,0,10,12,1,23,0,6,11,4,21,0,16,23,5,44,0,0,0,44
01/19/2016,HGR,MD,AEA,EN,Federal Contract Tower,0,10,6,3,19,0,5,40,29,74,0,15,46,32,93,40,0,40,133
01/20/2016,HGR,MD,AEA,EN,Federal Contract Tower,0,8,5,1,14,0,11,64,35,110,0,19,69,36,124,108,8,116,240
01/21/2016,HGR,MD,AEA,EN,Federal Contract Tower,3,7,12,6,28,0,2,26,36,64,3,9,38,42,92,22,0,22,114
01/22/2016,HGR,MD,AEA,EN,Federal Contract Tower,0,6,5,0,11,0,0,14,2,16,0,6,19,2,27,0,0,0,27
01/23/2016,HGR,MD,AEA,EN,Federal Contract Tower,0,0,0,0,0,0,0,0,0,0,0,0,0,0,0,0,0,0,0
01/24/2016,HGR,MD,AEA,EN,Federal Contract Tower,2,2,4,0,8,0,1,3,2,6,2,3,7,2,14,0,0,0,14
01/25/2016,HGR,MD,AEA,EN,Federal Contract Tower,0,11,8,0,19,0,2,4,4,10,0,13,12,4,29,0,0,0,29
01/26/2016,HGR,MD,AEA,EN,Federal Contract Tower,2,8,16,0,26,0,1,11,0,12,2,9,27,0,38,0,0,0,38
01/27/2016,HGR,MD,AEA,EN,Federal Contract Tower,0,10,11,1,22,0,1,26,13,40,0,11,37,14,62,50,0,50,112
01/28/2016,HGR,MD,AEA,EN,Federal Contract Tower,2,10,4,0,16,0,6,44,19,69,2,16,48,19,85,70,2,72,157
01/29/2016,HGR,MD,AEA,EN,Federal Contract Tower,0,11,15,2,28,0,1,18,11,30,0,12,33,13,58,0,0,0,58
01/30/2016,HGR,MD,AEA,EN,Federal Contract Tower,0,6,7,2,15,0,2,82,0,84,0,8,89,2,99,86,0,86,185
01/31/2016,HGR,MD,AEA,EN,Federal Contract Tower,2,4,8,0,14,0,1,84,0,85,2,5,92,0,99,162,0,162,261
02/01/2016,HGR,MD,AEA,EN,Federal Contract Tower,0,8,11,18,37,0,4,21,10,35,0,12,32,28,72,40,0,40,112
02/02/2016,HGR,MD,AEA,EN,Federal Contract Tower,0,10,18,0,28,0,12,58,27,97,0,22,76,27,125,92,0,92,217
02/03/2016,HGR,MD,AEA,EN,Federal Contract Tower,0,8,5,0,13,0,0,0,0,0,0,8,5,0,13,0,0,0,13
02/04/2016,HGR,MD,AEA,EN,Federal Contract Tower,2,13,13,6,34,0,5,52,31,88,2,18,65,37,122,104,14,118,240
02/05/2016,HGR,MD,AEA,EN,Federal Contract Tower,0,7,12,4,23,0,29,32,0,61,0,36,44,4,84,68,0,68,152
02/06/2016,HGR,MD,AEA,EN,Federal Contract Tower,0,5,2,0,7,0,5,97,1,103,0,10,99,1,110,106,0,106,216
02/07/2016,HGR,MD,AEA,EN,Federal Contract Tower,2,6,8,1,17,0,0,117,1,118,2,6,125,2,135,76,0,76,211
02/08/2016,HGR,MD,AEA,EN,Federal Contract Tower,0,8,9,1,18,0,8,52,32,92,0,16,61,33,110,28,0,28,138
02/09/2016,HGR,MD,AEA,EN,Federal Contract Tower,0,2,1,0,3,0,0,0,0,0,0,2,1,0,3,0,0,0,3
02/10/2016,HGR,MD,AEA,EN,Federal Contract Tower,0,9,5,3,17,0,3,15,3,21,0,12,20,6,38,0,0,0,38
02/11/2016,HGR,MD,AEA,EN,Federal Contract Tower,2,9,8,7,26,0,8,18,21,47,2,17,26,28,73,2,0,2,75
02/12/2016,HGR,MD,AEA,EN,Federal Contract Tower,0,9,2,0,11,0,1,25,7,33,0,10,27,7,44,18,0,18,62
02/13/2016,HGR,MD,AEA,EN,Federal Contract Tower,0,3,3,1,7,0,0,1,1,2,0,3,4,2,9,0,0,0,9
02/14/2016,HGR,MD,AEA,EN,Federal Contract Tower,2,5,5,0,12,0,3,24,2,29,2,8,29,2,41,46,0,46,87
02/15/2016,HGR,MD,AEA,EN,Federal Contract Tower,0,0,6,0,6,0,0,0,0,0,0,0,6,0,6,0,0,0,6
02/16/2016,HGR,MD,AEA,EN,Federal Contract Tower,0,3,6,0,9,0,6,0,0,6,0,9,6,0,15,0,0,0,15
02/17/2016,HGR,MD,AEA,EN,Federal Contract Tower,0,7,12,17,36,0,6,41,34,81,0,13,53,51,117,24,0,24,141
02/18/2016,HGR,MD,AEA,EN,Federal Contract Tower,2,10,7,2,21,0,5,57,36,98,2,15,64,38,119,28,0,28,147
02/19/2016,HGR,MD,AEA,EN,Federal Contract Tower,2,9,15,1,27,0,3,54,15,72,2,12,69,16,99,24,0,24,123
02/20/2016,HGR,MD,AEA,EN,Federal Contract Tower,0,3,5,0,8,0,5,73,6,84,0,8,78,6,92,86,10,96,188
02/21/2016,HGR,MD,AEA,EN,Federal Contract Tower,2,5,22,0,29,0,3,8,0,11,2,8,30,0,40,10,0,10,50
02/22/2016,HGR,MD,AEA,EN,Federal Contract Tower,2,6,12,1,21,0,2,71,22,95,2,8,83,23,116,48,0,48,164
02/23/2016,HGR,MD,AEA,EN,Federal Contract Tower,0,9,11,8,28,0,0,0,0,0,0,9,11,8,28,0,0,0,28
02/24/2016,HGR,MD,AEA,EN,Federal Contract Tower,0,6,4,0,10,0,0,0,0,0,0,6,4,0,10,0,0,0,10
02/25/2016,HGR,MD,AEA,EN,Federal Contract Tower,2,4,14,16,36,0,3,21,18,42,2,7,35,34,78,0,0,0,78
02/26/2016,HGR,MD,AEA,EN,Federal Contract Tower,2,8,11,0,21,0,2,27,24,53,2,10,38,24,74,8,26,34,108
02/27/2016,HGR,MD,AEA,EN,Federal Contract Tower,0,5,8,0,13,0,0,62,7,69,0,5,70,7,82,80,0,80,162
02/28/2016,HGR,MD,AEA,EN,Federal Contract Tower,2,4,12,0,18,0,0,105,1,106,2,4,117,1,124,147,0,147,271
02/29/2016,HGR,MD,AEA,EN,Federal Contract Tower,2,8,5,4,19,0,2,18,4,24,2,10,23,8,43,20,0,20,63
03/01/2016,HGR,MD,AEA,EN,Federal Contract Tower,0,8,8,2,18,0,0,38,6,44,0,8,46,8,62,54,0,54,116
03/02/2016,HGR,MD,AEA,EN,Federal Contract Tower,0,11,9,5,25,0,2,5,26,33,0,13,14,31,58,0,2,2,60
03/03/2016,HGR,MD,AEA,EN,Federal Contract Tower,8,10,4,7,29,0,7,52,21,80,8,17,56,28,109,48,0,48,157
03/04/2016,HGR,MD,AEA,EN,Federal Contract Tower,1,8,10,2,21,0,0,7,1,8,1,8,17,3,29,0,0,0,29
03/05/2016,HGR,MD,AEA,EN,Federal Contract Tower,1,4,5,0,10,0,3,64,2,69,1,7,69,2,79,144,0,144,223
03/06/2016,HGR,MD,AEA,EN,Federal Contract Tower,2,4,12,0,18,0,2,36,0,38,2,6,48,0,56,54,0,54,110
03/07/2016,HGR,MD,AEA,EN,Federal Contract Tower,2,9,11,10,32,0,2,65,20,87,2,11,76,30,119,62,0,62,181
03/08/2016,HGR,MD,AEA,EN,Federal Contract Tower,0,9,11,2,22,0,6,53,30,89,0,15,64,32,111,48,0,48,159
03/09/2016,HGR,MD,AEA,EN,Federal Contract Tower,0,10,6,3,19,0,2,81,24,107,0,12,87,27,126,90,0,90,216
03/10/2016,HGR,MD,AEA,EN,Federal Contract Tower,2,11,11,1,25,0,0,78,19,97,2,11,89,20,122,96,0,96,218
03/11/2016,HGR,MD,AEA,EN,Federal Contract Tower,2,11,13,7,33,0,4,75,10,89,2,15,88,17,122,78,14,92,214
03/12/2016,HGR,MD,AEA,EN,Federal Contract Tower,0,5,19,2,26,0,2,40,2,44,0,7,59,4,70,72,0,72,142
03/13/2016,HGR,MD,AEA,EN,Federal Contract Tower,2,5,12,0,19,0,4,0,0,4,2,9,12,0,23,4,0,4,27
03/14/2016,HGR,MD,AEA,EN,Federal Contract Tower,3,10,18,5,36,0,0,0,0,0,3,10,18,5,36,0,0,0,36
03/15/2016,HGR,MD,AEA,EN,Federal Contract Tower,0,9,16,7,32,0,2,20,4,26,0,11,36,11,58,30,0,30,88
03/16/2016,HGR,MD,AEA,EN,Federal Contract Tower,0,10,11,2,23,0,3,63,28,94,0,13,74,30,117,72,12,84,201
03/17/2016,HGR,MD,AEA,EN,Federal Contract Tower,2,11,14,7,34,0,0,36,24,60,2,11,50,31,94,36,14,50,144
03/18/2016,HGR,MD,AEA,EN,Federal Contract Tower,2,11,6,1,20,0,3,54,15,72,2,14,60,16,92,66,0,66,158
03/19/2016,HGR,MD,AEA,EN,Federal Contract Tower,0,4,3,0,7,0,0,5,0,5,0,4,8,0,12,12,0,12,24
03/20/2016,HGR,MD,AEA,EN,Federal Contract Tower,2,4,2,0,8,0,2,14,0,16,2,6,16,0,24,12,0,12,36
03/21/2016,HGR,MD,AEA,EN,Federal Contract Tower,2,8,10,1,21,0,0,24,0,24,2,8,34,1,45,14,0,14,59
03/22/2016,HGR,MD,AEA,EN,Federal Contract Tower,0,9,11,2,22,0,0,59,15,74,0,9,70,17,96,26,0,26,122
03/23/2016,HGR,MD,AEA,EN,Federal Contract Tower,0,9,8,0,17,0,10,94,25,129,0,19,102,25,146,134,0,134,280
03/24/2016,HGR,MD,AEA,EN,Federal Contract Tower,2,8,5,0,15,0,1,67,17,85,2,9,72,17,100,86,0,86,186
03/25/2016,HGR,MD,AEA,EN,Federal Contract Tower,2,8,3,18,31,0,2,43,10,55,2,10,46,28,86,28,16,44,130
03/26/2016,HGR,MD,AEA,EN,Federal Contract Tower,0,6,10,0,16,0,6,138,5,149,0,12,148,5,165,102,0,102,267
03/28/2016,HGR,MD,AEA,EN,Federal Contract Tower,2,7,12,0,21,0,5,2,0,7,2,12,14,0,28,0,0,0,28
03/29/2016,HGR,MD,AEA,EN,Federal Contract Tower,0,8,13,0,21,0,0,29,39,68,0,8,42,39,89,0,0,0,89
03/30/2016,HGR,MD,AEA,EN,Federal Contract Tower,0,11,17,0,28,0,2,69,53,124,0,13,86,53,152,104,6,110,262
03/31/2016,HGR,MD,AEA,EN,Federal Contract Tower,2,8,13,3,26,0,1,28,36,65,2,9,41,39,91,20,0,20,111
04/01/2016,HGR,MD,AEA,EN,Federal Contract Tower,0,8,3,0,11,0,0,28,24,52,0,8,31,24,63,42,0,42,105
04/02/2016,HGR,MD,AEA,EN,Federal Contract Tower,0,4,13,0,17,0,0,28,0,28,0,4,41,0,45,52,0,52,97
04/03/2016,HGR,MD,AEA,EN,Federal Contract Tower,2,5,5,0,12,0,0,8,0,8,2,5,13,0,20,32,0,32,52
04/04/2016,HGR,MD,AEA,EN,Federal Contract Tower,2,11,5,0,18,0,0,11,14,25,2,11,16,14,43,0,0,0,43
04/05/2016,HGR,MD,AEA,EN,Federal Contract Tower,0,9,12,0,21,0,1,61,49,111,0,10,73,49,132,74,6,80,212
04/06/2016,HGR,MD,AEA,EN,Federal Contract Tower,0,12,14,3,29,0,6,51,49,106,0,18,65,52,135,24,0,24,159
04/07/2016,HGR,MD,AEA,EN,Federal Contract Tower,2,11,11,9,33,0,1,10,9,20,2,12,21,18,53,0,0,0,53
04/08/2016,HGR,MD,AEA,EN,Federal Contract Tower,2,9,3,0,14,0,0,22,14,36,2,9,25,14,50,0,0,0,50
04/09/2016,HGR,MD,AEA,EN,Federal Contract Tower,0,4,6,0,10,0,0,0,0,0,0,4,6,0,10,0,0,0,10
04/10/2016,HGR,MD,AEA,EN,Federal Contract Tower,2,4,12,0,18,0,7,131,0,138,2,11,143,0,156,130,0,130,286
04/11/2016,HGR,MD,AEA,EN,Federal Contract Tower,2,7,17,3,29,0,3,20,8,31,2,10,37,11,60,40,0,40,100
04/12/2016,HGR,MD,AEA,EN,Federal Contract Tower,0,8,9,2,19,0,2,24,21,47,0,10,33,23,66,24,0,24,90
04/13/2016,HGR,MD,AEA,EN,Federal Contract Tower,0,8,12,15,35,0,8,94,31,133,0,16,106,46,168,62,32,94,262
04/14/2016,HGR,MD,AEA,EN,Federal Contract Tower,2,8,11,0,21,0,2,106,15,123,2,10,117,15,144,104,0,104,248
04/15/2016,HGR,MD,AEA,EN,Federal Contract Tower,2,12,8,4,26,0,0,97,19,116,2,12,105,23,142,63,0,63,205
04/16/2016,HGR,MD,AEA,EN,Federal Contract Tower,0,6,12,0,18,0,2,113,3,118,0,8,125,3,136,60,0,60,196
04/17/2016,HGR,MD,AEA,EN,Federal Contract Tower,2,4,8,2,16,0,3,62,1,66,2,7,70,3,82,42,0,42,124
04/18/2016,HGR,MD,AEA,EN,Federal Contract Tower,3,8,8,20,39,0,10,92,8,110,3,18,100,28,149,66,6,72,221
04/19/2016,HGR,MD,AEA,EN,Federal Contract Tower,0,9,13,0,22,0,1,46,13,60,0,10,59,13,82,40,0,40,122
04/20/2016,HGR,MD,AEA,EN,Federal Contract Tower,0,9,8,1,18,0,6,100,31,137,0,15,108,32,155,186,0,186,341
04/21/2016,HGR,MD,AEA,EN,Federal Contract Tower,2,8,8,2,20,0,0,59,35,94,2,8,67,37,114,54,0,54,168
04/22/2016,HGR,MD,AEA,EN,Federal Contract Tower,2,9,10,2,23,0,2,49,28,79,2,11,59,30,102,30,0,30,132
04/23/2016,HGR,MD,AEA,EN,Federal Contract Tower,0,6,19,1,26,0,1,57,0,58,0,7,76,1,84,112,0,112,196
04/24/2016,HGR,MD,AEA,EN,Federal Contract Tower,2,4,5,0,11,0,1,55,1,57,2,5,60,1,68,38,0,38,106
04/25/2016,HGR,MD,AEA,EN,Federal Contract Tower,2,8,16,2,28,0,4,62,23,89,2,12,78,25,117,42,0,42,159
04/26/2016,HGR,MD,AEA,EN,Federal Contract Tower,0,10,14,1,25,0,5,46,15,66,0,15,60,16,91,52,0,52,143
04/27/2016,HGR,MD,AEA,EN,Federal Contract Tower,0,9,21,9,39,0,0,6,0,6,0,9,27,9,45,0,0,0,45
04/28/2016,HGR,MD,AEA,EN,Federal Contract Tower,2,11,18,9,40,0,0,0,2,2,2,11,18,11,42,0,0,0,42
04/29/2016,HGR,MD,AEA,EN,Federal Contract Tower,4,9,19,2,34,0,0,3,0,3,4,9,22,2,37,10,0,10,47
04/30/2016,HGR,MD,AEA,EN,Federal Contract Tower,0,4,16,0,20,0,0,7,0,7,0,4,23,0,27,22,0,22,49
05/01/2016,HGR,MD,AEA,EN,Federal Contract Tower,2,4,10,0,16,0,1,0,0,1,2,5,10,0,17,0,0,0,17
05/02/2016,HGR,MD,AEA,EN,Federal Contract Tower,2,9,19,1,31,0,4,30,8,42,2,13,49,9,73,24,0,24,97
05/03/2016,HGR,MD,AEA,EN,Federal Contract Tower,0,9,24,5,38,0,2,6,5,13,0,11,30,10,51,14,0,14,65
05/04/2016,HGR,MD,AEA,EN,Federal Contract Tower,0,10,11,13,34,0,1,0,4,5,0,11,11,17,39,0,4,4,43
05/05/2016,HGR,MD,AEA,EN,Federal Contract Tower,2,8,18,10,38,0,1,10,0,11,2,9,28,10,49,26,0,26,75
05/06/2016,HGR,MD,AEA,EN,Federal Contract Tower,2,9,15,3,29,0,0,3,2,5,2,9,18,5,34,0,0,0,34
05/07/2016,HGR,MD,AEA,EN,Federal Contract Tower,0,6,27,0,33,0,1,41,0,42,0,7,68,0,75,48,0,48,123
05/08/2016,HGR,MD,AEA,EN,Federal Contract Tower,2,6,14,0,22,0,4,12,0,16,2,10,26,0,38,36,0,36,74
05/09/2016,HGR,MD,AEA,EN,Federal Contract Tower,2,10,26,0,38,0,9,34,26,69,2,19,60,26,107,26,0,26,133
05/10/2016,HGR,MD,AEA,EN,Federal Contract Tower,0,11,23,7,41,0,0,5,9,14,0,11,28,16,55,0,0,0,55
05/11/2016,HGR,MD,AEA,EN,Federal Contract Tower,0,9,11,26,46,0,0,0,0,0,0,9,11,26,46,0,0,0,46
05/12/2016,HGR,MD,AEA,EN,Federal Contract Tower,2,8,18,5,33,0,0,29,7,36,2,8,47,12,69,54,0,54,123
05/13/2016,HGR,MD,AEA,EN,Federal Contract Tower,2,9,16,3,30,0,0,28,1,29,2,9,44,4,59,16,0,16,75
05/14/2016,HGR,MD,AEA,EN,Federal Contract Tower,0,4,7,0,11,0,3,116,0,119,0,7,123,0,130,54,0,54,184
05/15/2016,HGR,MD,AEA,EN,Federal Contract Tower,2,4,8,0,14,0,1,26,0,27,2,5,34,0,41,4,0,4,45
05/16/2016,HGR,MD,AEA,EN,Federal Contract Tower,2,9,11,0,22,0,2,86,13,101,2,11,97,13,123,54,0,54,177
05/18/2016,HGR,MD,AEA,EN,Federal Contract Tower,0,10,11,6,27,0,12,19,0,31,0,22,30,6,58,16,2,18,76
05/19/2016,HGR,MD,AEA,EN,Federal Contract Tower,2,8,11,4,25,0,4,75,32,111,2,12,86,36,136,52,4,56,192
05/20/2016,HGR,MD,AEA,EN,Federal Contract Tower,2,9,10,3,24,0,4,136,32,172,2,13,146,35,196,110,22,132,328
05/21/2016,HGR,MD,AEA,EN,Federal Contract Tower,0,5,9,1,15,0,0,0,0,0,0,5,9,1,15,0,0,0,15
05/22/2016,HGR,MD,AEA,EN,Federal Contract Tower,2,4,5,0,11,0,1,2,0,3,2,5,7,0,14,0,0,0,14
05/23/2016,HGR,MD,AEA,EN,Federal Contract Tower,2,8,11,2,23,0,3,21,20,44,2,11,32,22,67,10,0,10,77
05/24/2016,HGR,MD,AEA,EN,Federal Contract Tower,0,12,10,1,23,0,7,72,27,106,0,19,82,28,129,54,0,54,183
05/25/2016,HGR,MD,AEA,EN,Federal Contract Tower,0,11,13,1,25,0,5,116,33,154,0,16,129,34,179,114,0,114,293
05/26/2016,HGR,MD,AEA,EN,Federal Contract Tower,2,13,10,0,25,0,10,78,17,105,2,23,88,17,130,60,0,60,190
05/27/2016,HGR,MD,AEA,EN,Federal Contract Tower,2,10,12,0,24,0,4,54,2,60,2,14,66,2,84,62,0,62,146
05/28/2016,HGR,MD,AEA,EN,Federal Contract Tower,0,5,19,0,24,0,11,71,2,84,0,16,90,2,108,44,0,44,152
05/29/2016,HGR,MD,AEA,EN,Federal Contract Tower,1,5,1,0,7,0,5,59,0,64,1,10,60,0,71,68,0,68,139
05/30/2016,HGR,MD,AEA,EN,Federal Contract Tower,2,7,8,2,19,0,9,45,10,64,2,16,53,12,83,16,4,20,103
06/01/2016,HGR,MD,AEA,EN,Federal Contract Tower,0,11,5,3,19,0,19,98,33,150,0,30,103,36,169,122,10,132,301
06/02/2016,HGR,MD,AEA,EN,Federal Contract Tower,2,10,7,6,25,0,6,57,35,98,2,16,64,41,123,80,0,80,203
06/03/2016,HGR,MD,AEA,EN,Federal Contract Tower,1,8,14,5,28,0,0,29,0,29,1,8,43,5,57,54,0,54,111
06/04/2016,HGR,MD,AEA,EN,Federal Contract Tower,0,4,6,0,10,0,0,5,0,5,0,4,11,0,15,0,0,0,15
06/05/2016,HGR,MD,AEA,EN,Federal Contract Tower,2,4,3,1,10,0,0,14,0,14,2,4,17,1,24,44,0,44,68
06/06/2016,HGR,MD,AEA,EN,Federal Contract Tower,2,7,12,3,24,0,6,59,19,84,2,13,71,22,108,68,0,68,176
06/07/2016,HGR,MD,AEA,EN,Federal Contract Tower,0,8,10,1,19,0,6,61,18,85,0,14,71,19,104,150,0,150,254
06/08/2016,HGR,MD,AEA,EN,Federal Contract Tower,0,4,6,4,14,0,2,35,23,60,0,6,41,27,74,64,0,64,138
06/09/2016,HGR,MD,AEA,EN,Federal Contract Tower,2,11,21,4,38,0,4,56,27,87,2,15,77,31,125,72,0,72,197
06/10/2016,HGR,MD,AEA,EN,Federal Contract Tower,2,8,10,1,21,0,0,69,8,77,2,8,79,9,98,50,0,50,148
06/11/2016,HGR,MD,AEA,EN,Federal Contract Tower,0,4,6,0,10,0,3,136,4,143,0,7,142,4,153,94,0,94,247
06/12/2016,HGR,MD,AEA,EN,Federal Contract Tower,2,4,7,0,13,0,5,29,8,42,2,9,36,8,55,6,0,6,61
06/13/2016,HGR,MD,AEA,EN,Federal Contract Tower,2,12,7,1,22,0,5,44,12,61,2,17,51,13,83,32,0,32,115
06/15/2016,HGR,MD,AEA,EN,Federal Contract Tower,0,8,12,2,22,0,2,40,17,59,0,10,52,19,81,68,0,68,149
06/16/2016,HGR,MD,AEA,EN,Federal Contract Tower,2,7,15,8,32,0,0,9,3,12,2,7,24,11,44,0,0,0,44
06/17/2016,HGR,MD,AEA,EN,Federal Contract Tower,2,8,7,0,17,0,0,38,10,48,2,8,45,10,65,18,0,18,83
06/18/2016,HGR,MD,AEA,EN,Federal Contract Tower,0,6,2,3,11,0,5,88,9,102,0,11,90,12,113,90,32,122,235
06/19/2016,HGR,MD,AEA,EN,Federal Contract Tower,2,4,8,0,14,0,3,119,5,127,2,7,127,5,141,118,0,118,259
06/20/2016,HGR,MD,AEA,EN,Federal Contract Tower,2,12,16,2,32,0,5,93,23,121,2,17,109,25,153,52,0,52,205
06/21/2016,HGR,MD,AEA,EN,Federal Contract Tower,0,8,10,2,20,0,17,48,9,74,0,25,58,11,94,10,0,10,104
06/22/2016,HGR,MD,AEA,EN,Federal Contract Tower,0,8,22,2,32,0,8,80,42,130,0,16,102,44,162,148,0,148,310
06/23/2016,HGR,MD,AEA,EN,Federal Contract Tower,2,9,14,8,33,0,0,26,18,44,2,9,40,26,77,34,0,34,111
06/24/2016,HGR,MD,AEA,EN,Federal Contract Tower,2,9,9,11,31,0,3,40,13,56,2,12,49,24,87,70,0,70,157
06/25/2016,HGR,MD,AEA,EN,Federal Contract Tower,0,4,9,2,15,0,3,68,3,74,0,7,77,5,89,74,0,74,163
06/26/2016,HGR,MD,AEA,EN,Federal Contract Tower,4,4,9,1,18,0,3,99,4,106,4,7,108,5,124,106,0,106,230
06/27/2016,HGR,MD,AEA,EN,Federal Contract Tower,2,8,10,7,27,0,6,53,20,79,2,14,63,27,106,14,0,14,120
06/28/2016,HGR,MD,AEA,EN,Federal Contract Tower,0,8,6,3,17,0,6,35,25,66,0,14,41,28,83,44,0,44,127
06/29/2016,HGR,MD,AEA,EN,Federal Contract Tower,0,5,10,6,21,0,8,104,38,150,0,13,114,44,171,160,4,164,335
06/30/2016,HGR,MD,AEA,EN,Federal Contract Tower,2,4,11,0,17,0,5,88,19,112,2,9,99,19,129,92,0,92,221
07/01/2016,HGR,MD,AEA,EN,Federal Contract Tower,2,8,20,0,30,0,1,52,3,56,2,9,72,3,86,40,0,40,126
07/02/2016,HGR,MD,AEA,EN,Federal Contract Tower,0,4,10,0,14,0,7,84,4,95,0,11,94,4,109,54,0,54,163
07/03/2016,HGR,MD,AEA,EN,Federal Contract Tower,2,4,8,0,14,0,5,33,6,44,2,9,41,6,58,20,0,20,78
07/04/2016,HGR,MD,AEA,EN,Federal Contract Tower,2,8,4,0,14,0,0,12,0,12,2,8,16,0,26,6,0,6,32
07/05/2016,HGR,MD,AEA,EN,Federal Contract Tower,0,9,12,2,23,0,5,56,2,63,0,14,68,4,86,46,0,46,132
07/06/2016,HGR,MD,AEA,EN,Federal Contract Tower,1,8,10,0,19,0,2,80,19,101,1,10,90,19,120,118,2,120,240
07/07/2016,HGR,MD,AEA,EN,Federal Contract Tower,2,8,0,4,14,0,13,79,18,110,2,21,79,22,124,98,0,98,222
07/08/2016,HGR,MD,AEA,EN,Federal Contract Tower,1,12,7,0,20,0,8,64,14,86,1,20,71,14,106,52,0,52,158
07/09/2016,HGR,MD,AEA,EN,Federal Contract Tower,0,7,6,1,14,0,2,112,24,138,0,9,118,25,152,94,2,96,248
07/10/2016,HGR,MD,AEA,EN,Federal Contract Tower,2,4,8,0,14,0,11,53,19,83,2,15,61,19,97,52,6,58,155
07/11/2016,HGR,MD,AEA,EN,Federal Contract Tower,2,10,10,7,29,0,11,68,52,131,2,21,78,59,160,36,102,138,298
07/12/2016,HGR,MD,AEA,EN,Federal Contract Tower,0,7,12,0,19,0,6,79,42,127,0,13,91,42,146,60,170,230,376
07/13/2016,HGR,MD,AEA,EN,Federal Contract Tower,0,8,9,0,17,0,6,54,63,123,0,14,63,63,140,32,298,330,470
07/14/2016,HGR,MD,AEA,EN,Federal Contract Tower,2,12,5,3,22,0,2,74,35,111,2,14,79,38,133,16,84,100,233
07/15/2016,HGR,MD,AEA,EN,Federal Contract Tower,2,7,18,3,30,0,4,82,33,119,2,11,100,36,149,96,110,206,355
07/16/2016,HGR,MD,AEA,EN,Federal Contract Tower,0,5,7,3,15,0,4,90,28,122,0,9,97,31,137,72,118,190,327
07/17/2016,HGR,MD,AEA,EN,Federal Contract Tower,2,4,5,0,11,0,5,72,4,81,2,9,77,4,92,68,0,68,160
07/18/2016,HGR,MD,AEA,EN,Federal Contract Tower,2,6,10,2,20,0,2,29,0,31,2,8,39,2,51,24,0,24,75
07/19/2016,HGR,MD,AEA,EN,Federal Contract Tower,0,7,4,0,11,0,5,89,20,114,0,12,93,20,125,102,18,120,245
07/20/2016,HGR,MD,AEA,EN,Federal Contract Tower,0,10,7,3,20,0,5,85,22,112,0,15,92,25,132,148,0,148,280
07/21/2016,HGR,MD,AEA,EN,Federal Contract Tower,2,9,15,0,26,0,2,80,25,107,2,11,95,25,133,86,0,86,219
07/22/2016,HGR,MD,AEA,EN,Federal Contract Tower,4,12,17,1,34,0,10,71,21,102,4,22,88,22,136,88,0,88,224
07/23/2016,HGR,MD,AEA,EN,Federal Contract Tower,0,3,4,0,7,0,1,41,2,44,0,4,45,2,51,8,0,8,59
07/24/2016,HGR,MD,AEA,EN,Federal Contract Tower,2,7,16,2,27,0,4,38,0,42,2,11,54,2,69,20,0,20,89
07/25/2016,HGR,MD,AEA,EN,Federal Contract Tower,2,8,5,2,17,0,5,52,10,67,2,13,57,12,84,34,2,36,120
07/26/2016,HGR,MD,AEA,EN,Federal Contract Tower,0,12,13,1,26,0,5,72,17,94,0,17,85,18,120,84,0,84,204
07/27/2016,HGR,MD,AEA,EN,Federal Contract Tower,0,9,7,5,21,0,0,67,20,87,0,9,74,25,108,84,0,84,192
07/28/2016,HGR,MD,AEA,EN,Federal Contract Tower,2,10,14,0,26,0,1,42,7,50,2,11,56,7,76,32,0,32,108
07/29/2016,HGR,MD,AEA,EN,Federal Contract Tower,2,11,6,0,19,0,6,63,3,72,2,17,69,3,91,58,0,58,149
07/30/2016,HGR,MD,AEA,EN,Federal Contract Tower,0,4,6,3,13,0,2,26,1,29,0,6,32,4,42,44,0,44,86
07/31/2016,HGR,MD,AEA,EN,Federal Contract Tower,2,4,11,0,17,0,6,29,5,40,2,10,40,5,57,6,8,14,71
08/01/2016,HGR,MD,AEA,EN,Federal Contract Tower,0,8,14,0,22,0,3,56,10,69,0,11,70,10,91,92,0,92,183
08/02/2016,HGR,MD,AEA,EN,Federal Contract Tower,0,9,21,6,36,0,9,56,21,86,0,18,77,27,122,66,0,66,188
08/03/2016,HGR,MD,AEA,EN,Federal Contract Tower,0,8,10,14,32,0,5,89,26,120,0,13,99,40,152,104,4,108,260
08/04/2016,HGR,MD,AEA,EN,Federal Contract Tower,2,10,17,8,37,0,5,74,22,101,2,15,91,30,138,54,0,54,192
08/05/2016,HGR,MD,AEA,EN,Federal Contract Tower,2,9,14,8,33,0,4,33,11,48,2,13,47,19,81,10,0,10,91
08/06/2016,HGR,MD,AEA,EN,Federal Contract Tower,0,5,8,5,18,0,4,30,0,34,0,9,38,5,52,22,0,22,74
08/07/2016,HGR,MD,AEA,EN,Federal Contract Tower,2,7,17,3,29,0,11,113,4,128,2,18,130,7,157,88,0,88,245
08/08/2016,HGR,MD,AEA,EN,Federal Contract Tower,1,11,14,3,29,0,3,88,19,110,1,14,102,22,139,82,0,82,221
08/10/2016,HGR,MD,AEA,EN,Federal Contract Tower,0,9,6,0,15,0,6,74,22,102,0,15,80,22,117,104,0,104,221
08/11/2016,HGR,MD,AEA,EN,Federal Contract Tower,2,8,11,4,25,0,2,63,26,91,2,10,74,30,116,100,8,108,224
08/12/2016,HGR,MD,AEA,EN,Federal Contract Tower,2,10,15,1,28,0,12,62,23,97,2,22,77,24,125,116,0,116,241
08/13/2016,HGR,MD,AEA,EN,Federal Contract Tower,0,5,7,1,13,0,1,149,10,160,0,6,156,11,173,78,0,78,251
08/14/2016,HGR,MD,AEA,EN,Federal Contract Tower,2,4,11,2,19,0,6,24,7,37,2,10,35,9,56,26,0,26,82
08/15/2016,HGR,MD,AEA,EN,Federal Contract Tower,1,11,8,1,21,0,6,41,6,53,1,17,49,7,74,12,0,12,86
08/16/2016,HGR,MD,AEA,EN,Federal Contract Tower,0,12,14,2,28,0,11,37,28,76,0,23,51,30,104,78,0,78,182
08/17/2016,HGR,MD,AEA,EN,Federal Contract Tower,0,11,19,4,34,0,4,48,26,78,0,15,67,30,112,56,0,56,168
08/18/2016,HGR,MD,AEA,EN,Federal Contract Tower,0,9,11,4,24,0,11,75,28,114,0,20,86,32,138,72,0,72,210
08/19/2016,HGR,MD,AEA,EN,Federal Contract Tower,2,11,13,5,31,0,41,93,19,153,2,52,106,24,184,32,0,32,216
08/20/2016,HGR,MD,AEA,EN,Federal Contract Tower,0,4,11,2,17,0,7,73,10,90,0,11,84,12,107,60,0,60,167
08/21/2016,HGR,MD,AEA,EN,Federal Contract Tower,0,4,7,2,13,0,9,13,0,22,0,13,20,2,35,6,0,6,41
08/22/2016,HGR,MD,AEA,EN,Federal Contract Tower,2,10,14,4,30,0,18,69,13,100,2,28,83,17,130,72,0,72,202
08/23/2016,HGR,MD,AEA,EN,Federal Contract Tower,0,8,17,1,26,0,11,69,19,99,0,19,86,20,125,100,0,100,225
08/24/2016,HGR,MD,AEA,EN,Federal Contract Tower,0,10,11,0,21,0,5,78,22,105,0,15,89,22,126,60,0,60,186
08/25/2016,HGR,MD,AEA,EN,Federal Contract Tower,0,11,14,2,27,0,0,65,16,81,0,11,79,18,108,44,0,44,152
08/26/2016,HGR,MD,AEA,EN,Federal Contract Tower,2,8,13,16,39,0,5,79,20,104,2,13,92,36,143,84,0,84,227
08/27/2016,HGR,MD,AEA,EN,Federal Contract Tower,0,5,13,1,19,0,5,66,8,79,0,10,79,9,98,46,0,46,144
08/28/2016,HGR,MD,AEA,EN,Federal Contract Tower,0,5,11,2,18,0,4,58,1,63,0,9,69,3,81,42,0,42,123
08/29/2016,HGR,MD,AEA,EN,Federal Contract Tower,2,7,7,1,17,0,6,81,30,117,2,13,88,31,134,102,0,102,236
08/30/2016,HGR,MD,AEA,EN,Federal Contract Tower,0,8,8,1,17,0,2,78,26,106,0,10,86,27,123,58,0,58,181
08/31/2016,HGR,MD,AEA,EN,Federal Contract Tower,0,9,9,6,24,0,6,62,26,94,0,15,71,32,118,86,6,92,210
09/01/2016,HGR,MD,AEA,EN,Federal Contract Tower,0,7,14,7,28,0,0,36,24,60,0,7,50,31,88,4,0,4,92
09/02/2016,HGR,MD,AEA,EN,Federal Contract Tower,2,8,20,2,32,0,4,93,25,122,2,12,113,27,154,108,0,108,262
09/03/2016,HGR,MD,AEA,EN,Federal Contract Tower,0,6,2,0,8,0,6,35,2,43,0,12,37,2,51,16,0,16,67
09/04/2016,HGR,MD,AEA,EN,Federal Contract Tower,0,4,6,1,11,0,3,59,0,62,0,7,65,1,73,44,0,44,117
09/05/2016,HGR,MD,AEA,EN,Federal Contract Tower,2,9,10,2,23,0,4,78,10,92,2,13,88,12,115,50,36,86,201
09/06/2016,HGR,MD,AEA,EN,Federal Contract Tower,0,8,7,1,16,0,6,66,24,96,0,14,73,25,112,88,0,88,200
09/07/2016,HGR,MD,AEA,EN,Federal Contract Tower,0,12,11,7,30,0,21,52,32,105,0,33,63,39,135,32,14,46,181
09/08/2016,HGR,MD,AEA,EN,Federal Contract Tower,0,12,8,2,22,0,3,75,30,108,0,15,83,32,130,50,2,52,182
09/09/2016,HGR,MD,AEA,EN,Federal Contract Tower,2,11,13,9,35,0,6,78,15,99,2,17,91,24,134,72,0,72,206
09/10/2016,HGR,MD,AEA,EN,Federal Contract Tower,0,4,2,2,8,0,3,30,0,33,0,7,32,2,41,24,0,24,65
09/11/2016,HGR,MD,AEA,EN,Federal Contract Tower,0,4,7,2,13,0,3,48,0,51,0,7,55,2,64,34,0,34,98
09/12/2016,HGR,MD,AEA,EN,Federal Contract Tower,2,9,16,2,29,0,12,62,17,91,2,21,78,19,120,56,0,56,176
09/13/2016,HGR,MD,AEA,EN,Federal Contract Tower,0,11,11,0,22,0,4,72,24,100,0,15,83,24,122,46,0,46,168
09/14/2016,HGR,MD,AEA,EN,Federal Contract Tower,0,21,16,0,37,0,9,88,38,135,0,30,104,38,172,96,2,98,270
09/15/2016,HGR,MD,AEA,EN,Federal Contract Tower,0,25,19,0,44,0,2,98,25,125,0,27,117,25,169,68,0,68,237
09/16/2016,HGR,MD,AEA,EN,Federal Contract Tower,1,10,20,10,41,0,4,41,14,59,1,14,61,24,100,14,18,32,132
09/17/2016,HGR,MD,AEA,EN,Federal Contract Tower,0,6,19,1,26,0,3,36,0,39,0,9,55,1,65,70,0,70,135
09/18/2016,HGR,MD,AEA,EN,Federal Contract Tower,0,4,22,0,26,0,1,28,0,29,0,5,50,0,55,34,0,34,89
09/19/2016,HGR,MD,AEA,EN,Federal Contract Tower,2,11,16,4,33,0,0,1,2,3,2,11,17,6,36,0,0,0,36
09/20/2016,HGR,MD,AEA,EN,Federal Contract Tower,0,12,16,4,32,0,3,42,12,57,0,15,58,16,89,74,0,74,163
09/21/2016,HGR,MD,AEA,EN,Federal Contract Tower,0,12,12,1,25,0,8,62,33,103,0,20,74,34,128,110,2,112,240
09/22/2016,HGR,MD,AEA,EN,Federal Contract Tower,0,13,14,7,34,0,15,86,31,132,0,28,100,38,166,78,24,102,268
09/23/2016,HGR,MD,AEA,EN,Federal Contract Tower,2,15,17,1,35,0,7,77,20,104,2,22,94,21,139,106,8,114,253
09/24/2016,HGR,MD,AEA,EN,Federal Contract Tower,0,5,10,6,21,0,4,44,11,59,0,9,54,17,80,40,20,60,140
09/25/2016,HGR,MD,AEA,EN,Federal Contract Tower,0,7,12,1,20,0,6,59,9,74,0,13,71,10,94,84,0,84,178
09/26/2016,HGR,MD,AEA,EN,Federal Contract Tower,2,12,14,0,28,0,2,5,0,7,2,14,19,0,35,18,0,18,53
09/27/2016,HGR,MD,AEA,EN,Federal Contract Tower,0,8,15,6,29,0,6,57,18,81,0,14,72,24,110,74,14,88,198
09/28/2016,HGR,MD,AEA,EN,Federal Contract Tower,0,11,11,3,25,0,3,30,25,58,0,14,41,28,83,36,0,36,119
09/29/2016,HGR,MD,AEA,EN,Federal Contract Tower,0,7,11,0,18,0,0,2,0,2,0,7,13,0,20,6,0,6,26
09/30/2016,HGR,MD,AEA,EN,Federal Contract Tower,2,10,11,16,39,0,1,2,0,3,2,11,13,16,42,0,0,0,42
10/01/2016,HGR,MD,AEA,EN,Federal Contract Tower,0,5,14,0,19,0,0,0,0,0,0,5,14,0,19,0,0,0,19
10/02/2016,HGR,MD,AEA,EN,Federal Contract Tower,0,4,9,0,13,0,0,19,0,19,0,4,28,0,32,6,0,6,38
10/03/2016,HGR,MD,AEA,EN,Federal Contract Tower,2,13,16,1,32,0,21,75,24,120,2,34,91,25,152,76,0,76,228
10/04/2016,HGR,MD,AEA,EN,Federal Contract Tower,0,11,12,0,23,0,8,74,33,115,0,19,86,33,138,118,4,122,260
10/05/2016,HGR,MD,AEA,EN,Federal Contract Tower,0,13,26,9,48,0,6,54,34,94,0,19,80,43,142,24,0,24,166
10/06/2016,HGR,MD,AEA,EN,Federal Contract Tower,0,10,26,3,39,0,3,94,24,121,0,13,120,27,160,60,0,60,220
10/07/2016,HGR,MD,AEA,EN,Federal Contract Tower,0,11,12,1,24,0,4,80,11,95,0,15,92,12,119,46,0,46,165
10/08/2016,HGR,MD,AEA,EN,Federal Contract Tower,0,4,4,1,9,0,0,0,0,0,0,4,4,1,9,0,0,0,9
10/09/2016,HGR,MD,AEA,EN,Federal Contract Tower,0,4,8,1,13,0,1,5,0,6,0,5,13,1,19,0,0,0,19
10/10/2016,HGR,MD,AEA,EN,Federal Contract Tower,2,7,19,0,28,0,6,70,4,80,2,13,89,4,108,102,0,102,210
10/11/2016,HGR,MD,AEA,EN,Federal Contract Tower,0,8,9,3,20,0,4,68,15,87,0,12,77,18,107,102,0,102,209
10/12/2016,HGR,MD,AEA,EN,Federal Contract Tower,0,13,9,2,24,0,5,70,27,102,0,18,79,29,126,128,0,128,254
10/13/2016,HGR,MD,AEA,EN,Federal Contract Tower,0,12,13,3,28,0,2,42,17,61,0,14,55,20,89,14,10,24,113
10/14/2016,HGR,MD,AEA,EN,Federal Contract Tower,2,9,11,5,27,0,6,79,22,107,2,15,90,27,134,68,0,68,202
10/15/2016,HGR,MD,AEA,EN,Federal Contract Tower,0,0,4,0,4,0,5,60,0,65,0,5,64,0,69,18,0,18,87
10/16/2016,HGR,MD,AEA,EN,Federal Contract Tower,0,4,7,6,17,0,2,64,3,69,0,6,71,9,86,0,0,0,86
10/17/2016,HGR,MD,AEA,EN,Federal Contract Tower,2,9,13,4,28,0,3,72,17,92,2,12,85,21,120,94,0,94,214
10/18/2016,HGR,MD,AEA,EN,Federal Contract Tower,0,11,18,0,29,0,7,67,9,83,0,18,85,9,112,70,0,70,182
10/19/2016,HGR,MD,AEA,EN,Federal Contract Tower,0,15,12,2,29,0,7,90,13,110,0,22,102,15,139,38,0,38,177
10/20/2016,HGR,MD,AEA,EN,Federal Contract Tower,0,10,7,0,17,0,5,47,12,64,0,15,54,12,81,66,0,66,147
10/21/2016,HGR,MD,AEA,EN,Federal Contract Tower,1,10,9,1,21,0,1,17,4,22,1,11,26,5,43,0,0,0,43
10/22/2016,HGR,MD,AEA,EN,Federal Contract Tower,1,7,5,0,13,0,0,3,5,8,1,7,8,5,21,0,0,0,21
10/23/2016,HGR,MD,AEA,EN,Federal Contract Tower,0,6,19,0,25,0,3,23,6,32,0,9,42,6,57,0,0,0,57
10/24/2016,HGR,MD,AEA,EN,Federal Contract Tower,2,7,13,2,24,0,7,40,20,67,2,14,53,22,91,0,0,0,91
10/25/2016,HGR,MD,AEA,EN,Federal Contract Tower,0,11,18,0,29,0,8,72,18,98,0,19,90,18,127,78,0,78,205
10/26/2016,HGR,MD,AEA,EN,Federal Contract Tower,0,10,12,0,22,0,6,64,34,104,0,16,76,34,126,100,0,100,226
10/27/2016,HGR,MD,AEA,EN,Federal Contract Tower,0,11,14,9,34,0,3,21,15,39,0,14,35,24,73,34,0,34,107
10/28/2016,HGR,MD,AEA,EN,Federal Contract Tower,2,8,11,2,23,0,3,50,12,65,2,11,61,14,88,36,0,36,124
10/29/2016,HGR,MD,AEA,EN,Federal Contract Tower,0,5,13,0,18,0,8,73,1,82,0,13,86,1,100,80,0,80,180
10/30/2016,HGR,MD,AEA,EN,Federal Contract Tower,0,8,7,0,15,0,6,52,0,58,0,14,59,0,73,26,0,26,99
10/31/2016,HGR,MD,AEA,EN,Federal Contract Tower,2,8,9,2,21,0,5,70,14,89,2,13,79,16,110,80,0,80,190
11/01/2016,HGR,MD,AEA,EN,Federal Contract Tower,0,5,13,3,21,0,7,57,10,74,0,12,70,13,95,36,0,36,131
11/03/2016,HGR,MD,AEA,EN,Federal Contract Tower,0,17,10,2,29,0,4,30,28,62,0,21,40,30,91,34,0,34,125
11/04/2016,HGR,MD,AEA,EN,Federal Contract Tower,2,10,15,4,31,0,4,76,26,106,2,14,91,30,137,32,12,44,181
11/05/2016,HGR,MD,AEA,EN,Federal Contract Tower,0,4,7,0,11,0,1,104,0,105,0,5,111,0,116,54,0,54,170
11/06/2016,HGR,MD,AEA,EN,Federal Contract Tower,0,5,10,1,16,0,3,74,0,77,0,8,84,1,93,82,0,82,175
11/07/2016,HGR,MD,AEA,EN,Federal Contract Tower,2,8,5,1,16,0,2,91,38,131,2,10,96,39,147,62,0,62,209
11/08/2016,HGR,MD,AEA,EN,Federal Contract Tower,0,12,13,4,29,0,8,113,50,171,0,20,126,54,200,74,12,86,286
11/09/2016,HGR,MD,AEA,EN,Federal Contract Tower,0,7,10,11,28,0,8,14,7,29,0,15,24,18,57,4,0,4,61
11/10/2016,HGR,MD,AEA,EN,Federal Contract Tower,0,9,9,0,18,0,4,67,16,87,0,13,76,16,105,66,0,66,171
11/11/2016,HGR,MD,AEA,EN,Federal Contract Tower,2,0,5,0,7,0,3,47,15,65,2,3,52,15,72,18,2,20,92
11/12/2016,HGR,MD,AEA,EN,Federal Contract Tower,0,5,12,0,17,0,8,58,2,68,0,13,70,2,85,40,0,40,125
11/13/2016,HGR,MD,AEA,EN,Federal Contract Tower,0,4,7,1,12,0,2,64,0,66,0,6,71,1,78,36,0,36,114
11/14/2016,HGR,MD,AEA,EN,Federal Contract Tower,2,8,13,1,24,0,2,44,20,66,2,10,57,21,90,32,0,32,122
11/15/2016,HGR,MD,AEA,EN,Federal Contract Tower,0,11,10,1,22,0,5,73,22,100,0,16,83,23,122,58,0,58,180
11/16/2016,HGR,MD,AEA,EN,Federal Contract Tower,0,11,12,3,26,0,7,52,29,88,0,18,64,32,114,40,0,40,154
11/17/2016,HGR,MD,AEA,EN,Federal Contract Tower,0,10,14,2,26,0,4,65,32,101,0,14,79,34,127,70,2,72,199
11/18/2016,HGR,MD,AEA,EN,Federal Contract Tower,2,9,21,1,33,0,3,93,5,101,2,12,114,6,134,76,0,76,210
11/19/2016,HGR,MD,AEA,EN,Federal Contract Tower,0,4,8,0,12,0,1,32,4,37,0,5,40,4,49,74,0,74,123
11/20/2016,HGR,MD,AEA,EN,Federal Contract Tower,0,0,12,0,12,0,0,0,0,0,0,0,12,0,12,0,0,0,12
11/21/2016,HGR,MD,AEA,EN,Federal Contract Tower,2,8,4,1,15,0,2,4,0,6,2,10,8,1,21,0,0,0,21
11/22/2016,HGR,MD,AEA,EN,Federal Contract Tower,0,8,13,3,24,0,8,59,23,90,0,16,72,26,114,90,0,90,204
11/23/2016,HGR,MD,AEA,EN,Federal Contract Tower,2,9,14,0,25,0,0,87,10,97,2,9,101,10,122,78,0,78,200
11/24/2016,HGR,MD,AEA,EN,Federal Contract Tower,0,8,2,0,10,0,0,35,0,35,0,8,37,0,45,4,0,4,49
11/25/2016,HGR,MD,AEA,EN,Federal Contract Tower,2,12,8,0,22,0,4,46,0,50,2,16,54,0,72,56,0,56,128
11/26/2016,HGR,MD,AEA,EN,Federal Contract Tower,2,5,3,0,10,0,4,13,0,17,2,9,16,0,27,16,0,16,43
11/27/2016,HGR,MD,AEA,EN,Federal Contract Tower,0,5,9,0,14,0,3,55,4,62,0,8,64,4,76,24,0,24,100
11/28/2016,HGR,MD,AEA,EN,Federal Contract Tower,2,13,5,8,28,0,4,60,9,73,2,17,65,17,101,30,10,40,141
11/29/2016,HGR,MD,AEA,EN,Federal Contract Tower,0,12,4,2,18,0,0,2,1,3,0,12,6,3,21,6,0,6,27
11/30/2016,HGR,MD,AEA,EN,Federal Contract Tower,0,6,1,0,7,0,0,0,0,0,0,6,1,0,7,0,0,0,7
12/01/2016,HGR,MD,AEA,EN,Federal Contract Tower,0,5,12,0,17,0,6,36,22,64,0,11,48,22,81,8,6,14,95
12/02/2016,HGR,MD,AEA,EN,Federal Contract Tower,2,5,9,1,17,0,0,60,6,66,2,5,69,7,83,54,0,54,137
12/03/2016,HGR,MD,AEA,EN,Federal Contract Tower,0,6,9,0,15,0,5,44,3,52,0,11,53,3,67,52,0,52,119
12/04/2016,HGR,MD,AEA,EN,Federal Contract Tower,0,5,4,0,9,0,7,83,8,98,0,12,87,8,107,98,0,98,205
12/05/2016,HGR,MD,AEA,EN,Federal Contract Tower,2,5,6,3,16,0,13,83,19,115,2,18,89,22,131,124,0,124,255
12/06/2016,HGR,MD,AEA,EN,Federal Contract Tower,0,0,3,0,3,0,4,1,12,17,0,4,4,12,20,0,0,0,20
12/07/2016,HGR,MD,AEA,EN,Federal Contract Tower,0,6,6,7,19,0,11,79,36,126,0,17,85,43,145,86,0,86,231
12/08/2016,HGR,MD,AEA,EN,Federal Contract Tower,0,5,5,0,10,0,4,45,25,74,0,9,50,25,84,0,0,0,84
12/09/2016,HGR,MD,AEA,EN,Federal Contract Tower,2,7,4,0,13,0,1,32,11,44,2,8,36,11,57,0,0,0,57
12/10/2016,HGR,MD,AEA,EN,Federal Contract Tower,0,5,1,0,6,0,4,45,5,54,0,9,46,5,60,42,18,60,120
12/11/2016,HGR,MD,AEA,EN,Federal Contract Tower,0,4,5,1,10,0,8,15,1,24,0,12,20,2,34,16,0,16,50
12/12/2016,HGR,MD,AEA,EN,Federal Contract Tower,3,3,4,3,13,0,4,20,25,49,3,7,24,28,62,28,0,28,90
12/13/2016,HGR,MD,AEA,EN,Federal Contract Tower,0,2,8,11,21,0,2,49,40,91,0,4,57,51,112,86,0,86,198
12/14/2016,HGR,MD,AEA,EN,Federal Contract Tower,0,3,17,3,23,0,4,42,37,83,0,7,59,40,106,42,0,42,148
12/15/2016,HGR,MD,AEA,EN,Federal Contract Tower,0,4,7,0,11,0,2,2,2,6,0,6,9,2,17,0,8,8,25
12/16/2016,HGR,MD,AEA,EN,Federal Contract Tower,2,8,12,1,23,0,2,40,27,69,2,10,52,28,92,14,6,20,112
12/17/2016,HGR,MD,AEA,EN,Federal Contract Tower,0,0,1,0,1,0,0,0,0,0,0,0,1,0,1,0,0,0,1
12/18/2016,HGR,MD,AEA,EN,Federal Contract Tower,0,4,3,0,7,0,0,1,0,1,0,4,4,0,8,0,0,0,8
12/19/2016,HGR,MD,AEA,EN,Federal Contract Tower,2,10,7,0,19,0,0,34,19,53,2,10,41,19,72,60,0,60,132
12/20/2016,HGR,MD,AEA,EN,Federal Contract Tower,0,14,19,3,36,0,9,64,26,99,0,23,83,29,135,88,0,88,223
12/21/2016,HGR,MD,AEA,EN,Federal Contract Tower,2,8,8,5,23,0,5,80,32,117,2,13,88,37,140,102,10,112,252
12/22/2016,HGR,MD,AEA,EN,Federal Contract Tower,0,9,16,1,26,0,4,46,4,54,0,13,62,5,80,28,0,28,108
12/23/2016,HGR,MD,AEA,EN,Federal Contract Tower,2,11,10,0,23,0,2,70,2,74,2,13,80,2,97,34,2,36,133
12/24/2016,HGR,MD,AEA,EN,Federal Contract Tower,2,5,3,0,10,0,3,0,0,3,2,8,3,0,13,0,0,0,13
12/25/2016,HGR,MD,AEA,EN,Federal Contract Tower,0,2,3,0,5,0,3,12,0,15,0,5,15,0,20,10,0,10,30
12/26/2016,HGR,MD,AEA,EN,Federal Contract Tower,2,12,12,0,26,0,0,9,3,12,2,12,21,3,38,0,0,0,38
12/28/2016,HGR,MD,AEA,EN,Federal Contract Tower,2,9,6,1,18,0,8,82,15,105,2,17,88,16,123,78,8,86,209
12/29/2016,HGR,MD,AEA,EN,Federal Contract Tower,0,4,0,0,4,0,0,39,0,39,0,4,39,0,43,0,0,0,43
12/30/2016,HGR,MD,AEA,EN,Federal Contract Tower,2,4,7,0,13,0,1,5,2,8,2,5,12,2,21,0,0,0,21
12/31/2016,HGR,MD,AEA,EN,Federal Contract Tower,0,4,4,0,8,0,3,29,3,35,0,7,33,3,43,46,0,46,89
01/01/2017,HGR,MD,AEA,EN,Federal Contract Tower,0,4,1,0,5,0,3,43,0,46,0,7,44,0,51,16,0,16,67
01/02/2017,HGR,MD,AEA,EN,Federal Contract Tower,2,7,3,0,12,0,0,0,0,0,2,7,3,0,12,0,0,0,12
01/03/2017,HGR,MD,AEA,EN,Federal Contract Tower,0,4,6,0,10,0,0,0,0,0,0,4,6,0,10,0,0,0,10
01/04/2017,HGR,MD,AEA,EN,Federal Contract Tower,0,7,12,13,32,0,6,20,21,47,0,13,32,34,79,0,16,16,95
01/05/2017,HGR,MD,AEA,EN,Federal Contract Tower,0,9,6,0,15,0,0,42,15,57,0,9,48,15,72,42,0,42,114
01/06/2017,HGR,MD,AEA,EN,Federal Contract Tower,2,0,7,0,9,0,2,24,0,26,2,2,31,0,35,30,0,30,65
01/07/2017,HGR,MD,AEA,EN,Federal Contract Tower,0,4,3,0,7,0,2,42,2,46,0,6,45,2,53,40,0,40,93
01/08/2017,HGR,MD,AEA,EN,Federal Contract Tower,0,2,3,0,5,0,3,0,0,3,0,5,3,0,8,0,0,0,8
01/09/2017,HGR,MD,AEA,EN,Federal Contract Tower,2,8,9,18,37,0,2,43,31,76,2,10,52,49,113,58,0,58,171
01/10/2017,HGR,MD,AEA,EN,Federal Contract Tower,0,7,5,0,12,0,0,6,0,6,0,7,11,0,18,4,0,4,22
01/11/2017,HGR,MD,AEA,EN,Federal Contract Tower,0,5,4,4,13,0,2,26,10,38,0,7,30,14,51,22,2,24,75
01/12/2017,HGR,MD,AEA,EN,Federal Contract Tower,0,5,11,6,22,0,2,43,23,68,0,7,54,29,90,20,10,30,120
01/13/2017,HGR,MD,AEA,EN,Federal Contract Tower,2,0,5,0,7,0,1,54,5,60,2,1,59,5,67,42,0,42,109
01/14/2017,HGR,MD,AEA,EN,Federal Contract Tower,0,1,0,0,1,0,0,0,0,0,0,1,0,0,1,0,0,0,1
01/15/2017,HGR,MD,AEA,EN,Federal Contract Tower,0,4,8,0,12,0,6,60,0,66,0,10,68,0,78,108,0,108,186
01/16/2017,HGR,MD,AEA,EN,Federal Contract Tower,2,3,9,9,23,0,0,6,0,6,2,3,15,9,29,0,0,0,29
01/17/2017,HGR,MD,AEA,EN,Federal Contract Tower,0,0,2,0,2,0,0,0,0,0,0,0,2,0,2,0,0,0,2
01/18/2017,HGR,MD,AEA,EN,Federal Contract Tower,0,2,5,4,11,0,9,47,33,89,0,11,52,37,100,40,0,40,140
01/19/2017,HGR,MD,AEA,EN,Federal Contract Tower,0,12,20,3,35,0,1,80,30,111,0,13,100,33,146,56,0,56,202
01/20/2017,HGR,MD,AEA,EN,Federal Contract Tower,2,8,15,4,29,0,0,0,9,9,2,8,15,13,38,0,0,0,38
01/21/2017,HGR,MD,AEA,EN,Federal Contract Tower,0,0,1,0,1,0,0,0,0,0,0,0,1,0,1,0,0,0,1
01/22/2017,HGR,MD,AEA,EN,Federal Contract Tower,0,6,6,1,13,0,0,0,0,0,0,6,6,1,13,0,0,0,13
01/23/2017,HGR,MD,AEA,EN,Federal Contract Tower,2,1,3,0,6,0,0,0,0,0,2,1,3,0,6,0,0,0,6
01/24/2017,HGR,MD,AEA,EN,Federal Contract Tower,0,9,11,11,31,0,2,2,4,8,0,11,13,15,39,6,0,6,45
01/25/2017,HGR,MD,AEA,EN,Federal Contract Tower,0,3,7,3,13,0,6,85,38,129,0,9,92,41,142,62,0,62,204
01/26/2017,HGR,MD,AEA,EN,Federal Contract Tower,0,0,3,8,11,0,2,2,9,13,0,2,5,17,24,4,0,4,28
01/27/2017,HGR,MD,AEA,EN,Federal Contract Tower,2,8,2,0,12,0,3,12,9,24,2,11,14,9,36,10,0,10,46
01/28/2017,HGR,MD,AEA,EN,Federal Contract Tower,0,4,2,4,10,0,4,30,8,42,0,8,32,12,52,66,0,66,118
01/29/2017,HGR,MD,AEA,EN,Federal Contract Tower,0,3,6,1,10,0,3,27,9,39,0,6,33,10,49,36,0,36,85
01/30/2017,HGR,MD,AEA,EN,Federal Contract Tower,2,3,10,5,20,0,5,20,1,26,2,8,30,6,46,0,0,0,46
01/31/2017,HGR,MD,AEA,EN,Federal Contract Tower,0,0,8,13,21,0,2,18,15,35,0,2,26,28,56,4,0,4,60
02/01/2017,HGR,MD,AEA,EN,Federal Contract Tower,0,6,8,12,26,0,4,80,50,134,0,10,88,62,160,70,6,76,236
02/02/2017,HGR,MD,AEA,EN,Federal Contract Tower,0,5,11,6,22,0,4,59,53,116,0,9,70,59,138,38,18,56,194
02/03/2017,HGR,MD,AEA,EN,Federal Contract Tower,2,5,14,7,28,0,5,59,26,90,2,10,73,33,118,38,0,38,156
02/04/2017,HGR,MD,AEA,EN,Federal Contract Tower,0,5,9,8,22,0,3,109,15,127,0,8,118,23,149,108,2,110,259
02/05/2017,HGR,MD,AEA,EN,Federal Contract Tower,0,4,3,1,8,0,4,27,1,32,0,8,30,2,40,26,0,26,66
02/06/2017,HGR,MD,AEA,EN,Federal Contract Tower,2,3,6,6,17,0,3,75,24,102,2,6,81,30,119,68,0,68,187
02/07/2017,HGR,MD,AEA,EN,Federal Contract Tower,0,1,20,11,32,0,5,23,4,32,0,6,43,15,64,22,6,28,92
02/08/2017,HGR,MD,AEA,EN,Federal Contract Tower,0,3,14,1,18,0,2,55,24,81,0,5,69,25,99,38,0,38,137
02/09/2017,HGR,MD,AEA,EN,Federal Contract Tower,0,0,3,0,3,0,0,6,4,10,0,0,9,4,13,0,0,0,13
02/10/2017,HGR,MD,AEA,EN,Federal Contract Tower,2,9,14,3,28,0,6,57,10,73,2,15,71,13,101,52,0,52,153
02/11/2017,HGR,MD,AEA,EN,Federal Contract Tower,0,4,10,0,14,0,3,81,15,99,0,7,91,15,113,44,14,58,171
02/12/2017,HGR,MD,AEA,EN,Federal Contract Tower,0,2,13,1,16,0,0,2,0,2,0,2,15,1,18,10,0,10,28
02/13/2017,HGR,MD,AEA,EN,Federal Contract Tower,2,3,4,0,9,0,0,3,0,3,2,3,7,0,12,0,0,0,12
02/14/2017,HGR,MD,AEA,EN,Federal Contract Tower,0,8,14,0,22,0,10,70,30,110,0,18,84,30,132,86,0,86,218
02/15/2017,HGR,MD,AEA,EN,Federal Contract Tower,0,9,8,20,37,0,3,19,32,54,0,12,27,52,91,22,16,38,129
02/16/2017,HGR,MD,AEA,EN,Federal Contract Tower,2,8,7,7,24,0,8,24,37,69,2,16,31,44,93,8,0,8,101
02/17/2017,HGR,MD,AEA,EN,Federal Contract Tower,2,5,6,4,17,0,15,91,26,132,2,20,97,30,149,108,2,110,259
02/18/2017,HGR,MD,AEA,EN,Federal Contract Tower,0,0,10,0,10,0,8,107,0,115,0,8,117,0,125,136,0,136,261
02/19/2017,HGR,MD,AEA,EN,Federal Contract Tower,2,4,8,0,14,0,0,64,0,64,2,4,72,0,78,26,0,26,104
02/20/2017,HGR,MD,AEA,EN,Federal Contract Tower,2,8,15,0,25,0,0,102,22,124,2,8,117,22,149,78,0,78,227
02/21/2017,HGR,MD,AEA,EN,Federal Contract Tower,0,10,14,3,27,0,1,60,35,96,0,11,74,38,123,102,0,102,225
02/22/2017,HGR,MD,AEA,EN,Federal Contract Tower,0,6,16,4,26,0,5,80,43,128,0,11,96,47,154,110,0,110,264
02/23/2017,HGR,MD,AEA,EN,Federal Contract Tower,2,6,9,13,30,0,4,71,48,123,2,10,80,61,153,50,32,82,235
02/24/2017,HGR,MD,AEA,EN,Federal Contract Tower,2,9,10,2,23,0,5,49,20,74,2,14,59,22,97,58,4,62,159
02/25/2017,HGR,MD,AEA,EN,Federal Contract Tower,0,0,3,0,3,0,5,2,0,7,0,5,5,0,10,4,0,4,14
02/26/2017,HGR,MD,AEA,EN,Federal Contract Tower,2,0,11,0,13,0,1,31,1,33,2,1,42,1,46,26,26,52,98
02/27/2017,HGR,MD,AEA,EN,Federal Contract Tower,2,7,4,6,19,0,7,32,10,49,2,14,36,16,68,62,0,62,130
02/28/2017,HGR,MD,AEA,EN,Federal Contract Tower,0,5,13,4,22,0,6,32,19,57,0,11,45,23,79,42,30,72,151
03/01/2017,HGR,MD,AEA,EN,Federal Contract Tower,0,10,22,0,32,0,0,0,0,0,0,10,22,0,32,0,0,0,32
03/02/2017,HGR,MD,AEA,EN,Federal Contract Tower,0,8,14,3,25,0,3,6,4,13,0,11,20,7,38,0,0,0,38
03/03/2017,HGR,MD,AEA,EN,Federal Contract Tower,4,8,10,4,26,0,0,13,13,26,4,8,23,17,52,0,0,0,52
03/04/2017,HGR,MD,AEA,EN,Federal Contract Tower,0,3,10,0,13,0,6,33,0,39,0,9,43,0,52,14,0,14,66
03/05/2017,HGR,MD,AEA,EN,Federal Contract Tower,2,7,7,0,16,0,0,85,1,86,2,7,92,1,102,78,0,78,180
03/06/2017,HGR,MD,AEA,EN,Federal Contract Tower,2,9,10,8,29,0,5,67,22,94,2,14,77,30,123,74,2,76,199
03/07/2017,HGR,MD,AEA,EN,Federal Contract Tower,0,10,14,25,49,0,0,5,3,8,0,10,19,28,57,10,0,10,67
03/08/2017,HGR,MD,AEA,EN,Federal Contract Tower,0,5,4,7,16,0,3,31,44,78,0,8,35,51,94,30,4,34,128
03/09/2017,HGR,MD,AEA,EN,Federal Contract Tower,2,11,11,2,26,0,5,45,42,92,2,16,56,44,118,0,0,0,118
03/10/2017,HGR,MD,AEA,EN,Federal Contract Tower,2,6,10,1,19,0,0,2,0,2,2,6,12,1,21,0,0,0,21
03/11/2017,HGR,MD,AEA,EN,Federal Contract Tower,0,5,11,3,19,0,8,34,11,53,0,13,45,14,72,34,0,34,106
03/12/2017,HGR,MD,AEA,EN,Federal Contract Tower,2,2,8,0,12,0,3,38,2,43,2,5,46,2,55,38,0,38,93
03/13/2017,HGR,MD,AEA,EN,Federal Contract Tower,2,9,4,1,16,0,2,26,9,37,2,11,30,10,53,22,0,22,75
03/14/2017,HGR,MD,AEA,EN,Federal Contract Tower,0,1,0,0,1,0,0,0,0,0,0,1,0,0,1,0,0,0,1
03/15/2017,HGR,MD,AEA,EN,Federal Contract Tower,0,6,2,4,12,0,1,0,0,1,0,7,2,4,13,0,0,0,13
03/16/2017,HGR,MD,AEA,EN,Federal Contract Tower,0,4,11,3,18,0,0,8,39,47,0,4,19,42,65,0,0,0,65
03/17/2017,HGR,MD,AEA,EN,Federal Contract Tower,4,6,3,6,19,0,2,44,40,86,4,8,47,46,105,62,2,64,169
03/18/2017,HGR,MD,AEA,EN,Federal Contract Tower,0,2,10,0,12,0,0,6,0,6,0,2,16,0,18,0,0,0,18
03/19/2017,HGR,MD,AEA,EN,Federal Contract Tower,2,4,14,0,20,0,4,22,1,27,2,8,36,1,47,20,0,20,67
03/20/2017,HGR,MD,AEA,EN,Federal Contract Tower,2,6,12,8,28,0,6,84,25,115,2,12,96,33,143,80,0,80,223
03/21/2017,HGR,MD,AEA,EN,Federal Contract Tower,0,7,9,11,27,0,7,60,26,93,0,14,69,37,120,60,0,60,180
03/22/2017,HGR,MD,AEA,EN,Federal Contract Tower,0,8,7,5,20,0,4,19,21,44,0,12,26,26,64,0,0,0,64
03/23/2017,HGR,MD,AEA,EN,Federal Contract Tower,2,10,6,0,18,0,3,71,20,94,2,13,77,20,112,64,0,64,176
03/24/2017,HGR,MD,AEA,EN,Federal Contract Tower,2,9,8,0,19,0,6,39,0,45,2,15,47,0,64,0,0,0,64
03/25/2017,HGR,MD,AEA,EN,Federal Contract Tower,0,6,11,0,17,0,4,115,1,120,0,10,126,1,137,138,0,138,275
03/26/2017,HGR,MD,AEA,EN,Federal Contract Tower,2,6,8,2,18,0,0,2,0,2,2,6,10,2,20,0,0,0,20
03/27/2017,HGR,MD,AEA,EN,Federal Contract Tower,2,8,11,0,21,0,3,14,0,17,2,11,25,0,38,0,0,0,38
03/28/2017,HGR,MD,AEA,EN,Federal Contract Tower,0,7,6,2,15,0,0,13,0,13,0,7,19,2,28,18,0,18,46
03/29/2017,HGR,MD,AEA,EN,Federal Contract Tower,0,2,13,5,20,0,10,94,28,132,0,12,107,33,152,100,0,100,252
03/30/2017,HGR,MD,AEA,EN,Federal Contract Tower,2,9,14,1,26,0,3,75,26,104,2,12,89,27,130,0,0,0,130
03/31/2017,HGR,MD,AEA,EN,Federal Contract Tower,2,11,8,0,21,0,0,0,0,0,2,11,8,0,21,0,0,0,21
04/01/2017,HGR,MD,AEA,EN,Federal Contract Tower,0,6,6,0,12,0,2,9,0,11,0,8,15,0,23,34,0,34,57
04/02/2017,HGR,MD,AEA,EN,Federal Contract Tower,2,5,15,0,22,0,0,158,3,161,2,5,173,3,183,142,0,142,325
04/03/2017,HGR,MD,AEA,EN,Federal Contract Tower,2,6,2,0,10,0,0,42,30,72,2,6,44,30,82,26,8,34,116
04/04/2017,HGR,MD,AEA,EN,Federal Contract Tower,0,3,12,4,19,0,7,30,25,62,0,10,42,29,81,10,0,10,91
04/05/2017,HGR,MD,AEA,EN,Federal Contract Tower,2,10,21,1,34,0,9,85,42,136,2,19,106,43,170,116,0,116,286
04/06/2017,HGR,MD,AEA,EN,Federal Contract Tower,2,6,10,4,22,0,0,7,0,7,2,6,17,4,29,8,0,8,37
04/07/2017,HGR,MD,AEA,EN,Federal Contract Tower,2,8,4,5,19,0,0,2,3,5,2,8,6,8,24,0,0,0,24
04/08/2017,HGR,MD,AEA,EN,Federal Contract Tower,0,6,15,7,28,0,0,34,11,45,0,6,49,18,73,38,22,60,133
04/09/2017,HGR,MD,AEA,EN,Federal Contract Tower,2,4,13,0,19,0,4,124,0,128,2,8,137,0,147,146,0,146,293
04/10/2017,HGR,MD,AEA,EN,Federal Contract Tower,2,8,7,2,19,0,10,71,22,103,2,18,78,24,122,28,6,34,156
04/11/2017,HGR,MD,AEA,EN,Federal Contract Tower,0,10,4,2,16,0,17,82,26,125,0,27,86,28,141,98,2,100,241
04/12/2017,HGR,MD,AEA,EN,Federal Contract Tower,2,9,17,7,35,0,4,59,33,96,2,13,76,40,131,44,12,56,187
04/13/2017,HGR,MD,AEA,EN,Federal Contract Tower,2,16,7,3,28,0,3,76,8,87,2,19,83,11,115,64,4,68,183
04/14/2017,HGR,MD,AEA,EN,Federal Contract Tower,2,9,7,3,21,0,4,86,14,104,2,13,93,17,125,70,0,70,195
04/15/2017,HGR,MD,AEA,EN,Federal Contract Tower,0,4,5,0,9,0,2,76,0,78,0,6,81,0,87,40,0,40,127
04/16/2017,HGR,MD,AEA,EN,Federal Contract Tower,2,4,3,0,9,0,5,33,0,38,2,9,36,0,47,34,0,34,81
04/17/2017,HGR,MD,AEA,EN,Federal Contract Tower,2,9,7,5,23,0,7,26,6,39,2,16,33,11,62,34,0,34,96
04/18/2017,HGR,MD,AEA,EN,Federal Contract Tower,0,9,20,3,32,0,11,101,29,141,0,20,121,32,173,56,14,70,243
04/19/2017,HGR,MD,AEA,EN,Federal Contract Tower,0,13,12,12,37,0,3,29,10,42,0,16,41,22,79,20,0,20,99
04/20/2017,HGR,MD,AEA,EN,Federal Contract Tower,2,8,11,9,30,0,4,45,23,72,2,12,56,32,102,54,0,54,156
04/21/2017,HGR,MD,AEA,EN,Federal Contract Tower,2,12,15,3,32,0,3,39,16,58,2,15,54,19,90,24,0,24,114
04/22/2017,HGR,MD,AEA,EN,Federal Contract Tower,0,6,14,4,24,0,2,2,0,4,0,8,16,4,28,0,0,0,28
04/23/2017,HGR,MD,AEA,EN,Federal Contract Tower,1,6,10,0,17,0,3,66,0,69,1,9,76,0,86,110,0,110,196
04/24/2017,HGR,MD,AEA,EN,Federal Contract Tower,2,6,8,4,20,0,6,17,5,28,2,12,25,9,48,20,0,20,68
04/25/2017,HGR,MD,AEA,EN,Federal Contract Tower,0,12,4,5,21,0,0,0,0,0,0,12,4,5,21,0,0,0,21
04/26/2017,HGR,MD,AEA,EN,Federal Contract Tower,0,11,18,14,43,0,10,32,10,52,0,21,50,24,95,70,0,70,165
04/27/2017,HGR,MD,AEA,EN,Federal Contract Tower,2,10,21,6,39,0,0,31,0,31,2,10,52,6,70,10,0,10,80
04/28/2017,HGR,MD,AEA,EN,Federal Contract Tower,2,4,22,1,29,0,5,116,42,163,2,9,138,43,192,96,0,96,288
04/29/2017,HGR,MD,AEA,EN,Federal Contract Tower,0,5,3,1,9,0,2,38,5,45,0,7,41,6,54,94,4,98,152
04/30/2017,HGR,MD,AEA,EN,Federal Contract Tower,2,7,5,0,14,0,0,26,0,26,2,7,31,0,40,76,0,76,116
05/01/2017,HGR,MD,AEA,EN,Federal Contract Tower,2,7,3,0,12,0,0,17,5,22,2,7,20,5,34,16,0,16,50
05/02/2017,HGR,MD,AEA,EN,Federal Contract Tower,0,9,3,22,34,0,7,32,31,70,0,16,35,53,104,0,6,6,110
05/03/2017,HGR,MD,AEA,EN,Federal Contract Tower,0,12,21,4,37,0,5,72,25,102,0,17,93,29,139,42,0,42,181
05/04/2017,HGR,MD,AEA,EN,Federal Contract Tower,1,12,23,2,38,0,4,79,24,107,1,16,102,26,145,54,0,54,199
05/05/2017,HGR,MD,AEA,EN,Federal Contract Tower,3,8,3,0,14,0,4,5,0,9,3,12,8,0,23,26,0,26,49
05/06/2017,HGR,MD,AEA,EN,Federal Contract Tower,0,7,6,0,13,0,0,0,0,0,0,7,6,0,13,0,0,0,13
05/07/2017,HGR,MD,AEA,EN,Federal Contract Tower,2,5,7,3,17,0,6,30,4,40,2,11,37,7,57,56,0,56,113
05/08/2017,HGR,MD,AEA,EN,Federal Contract Tower,2,6,4,0,12,0,3,53,18,74,2,9,57,18,86,84,10,94,180
05/09/2017,HGR,MD,AEA,EN,Federal Contract Tower,0,8,13,1,22,0,6,114,9,129,0,14,127,10,151,122,0,122,273
05/10/2017,HGR,MD,AEA,EN,Federal Contract Tower,0,10,13,2,25,0,4,104,25,133,0,14,117,27,158,146,0,146,304
05/11/2017,HGR,MD,AEA,EN,Federal Contract Tower,2,11,18,8,39,0,0,0,0,0,2,11,18,8,39,0,0,0,39
05/12/2017,HGR,MD,AEA,EN,Federal Contract Tower,2,10,14,7,33,0,0,4,16,20,2,10,18,23,53,2,0,2,55
05/13/2017,HGR,MD,AEA,EN,Federal Contract Tower,0,5,8,0,13,0,1,11,0,12,0,6,19,0,25,10,0,10,35
05/14/2017,HGR,MD,AEA,EN,Federal Contract Tower,2,4,4,0,10,0,3,35,0,38,2,7,39,0,48,60,0,60,108
05/15/2017,HGR,MD,AEA,EN,Federal Contract Tower,2,6,9,2,19,0,4,66,20,90,2,10,75,22,109,32,0,32,141
05/17/2017,HGR,MD,AEA,EN,Federal Contract Tower,0,13,16,1,30,0,8,67,12,87,0,21,83,13,117,100,0,100,217
05/18/2017,HGR,MD,AEA,EN,Federal Contract Tower,2,9,16,6,33,0,2,69,10,81,2,11,85,16,114,82,12,94,208
05/19/2017,HGR,MD,AEA,EN,Federal Contract Tower,2,10,4,3,19,0,4,43,12,59,2,14,47,15,78,62,0,62,140
05/20/2017,HGR,MD,AEA,EN,Federal Contract Tower,0,4,25,1,30,0,4,47,0,51,0,8,72,1,81,136,0,136,217
05/21/2017,HGR,MD,AEA,EN,Federal Contract Tower,2,6,14,3,25,0,4,49,1,54,2,10,63,4,79,72,0,72,151
05/22/2017,HGR,MD,AEA,EN,Federal Contract Tower,2,7,10,11,30,0,3,22,5,30,2,10,32,16,60,26,0,26,86
05/23/2017,HGR,MD,AEA,EN,Federal Contract Tower,0,15,13,11,39,0,14,34,7,55,0,29,47,18,94,32,0,32,126
05/24/2017,HGR,MD,AEA,EN,Federal Contract Tower,0,10,22,16,48,0,15,53,8,76,0,25,75,24,124,56,8,64,188
05/25/2017,HGR,MD,AEA,EN,Federal Contract Tower,0,7,17,23,47,0,0,11,0,11,0,7,28,23,58,0,0,0,58
05/26/2017,HGR,MD,AEA,EN,Federal Contract Tower,2,9,18,19,48,0,10,55,31,96,2,19,73,50,144,10,2,12,156
05/27/2017,HGR,MD,AEA,EN,Federal Contract Tower,0,8,18,0,26,0,3,14,0,17,0,11,32,0,43,0,0,0,43
05/28/2017,HGR,MD,AEA,EN,Federal Contract Tower,2,6,7,1,16,0,1,8,0,9,2,7,15,1,25,0,0,0,25
05/29/2017,HGR,MD,AEA,EN,Federal Contract Tower,2,9,9,0,20,0,5,54,4,63,2,14,63,4,83,60,0,60,143
05/30/2017,HGR,MD,AEA,EN,Federal Contract Tower,0,8,19,3,30,0,1,6,0,7,0,9,25,3,37,0,0,0,37
05/31/2017,HGR,MD,AEA,EN,Federal Contract Tower,0,7,16,2,25,0,4,76,23,103,0,11,92,25,128,130,0,130,258
06/01/2017,HGR,MD,AEA,EN,Federal Contract Tower,2,8,10,5,25,0,8,101,17,126,2,16,111,22,151,66,22,88,239
06/02/2017,HGR,MD,AEA,EN,Federal Contract Tower,2,6,12,3,23,0,6,58,3,67,2,12,70,6,90,52,0,52,142
06/03/2017,HGR,MD,AEA,EN,Federal Contract Tower,0,4,16,0,20,0,1,99,4,104,0,5,115,4,124,62,0,62,186
06/04/2017,HGR,MD,AEA,EN,Federal Contract Tower,2,4,7,2,15,0,3,68,0,71,2,7,75,2,86,94,0,94,180
06/05/2017,HGR,MD,AEA,EN,Federal Contract Tower,2,8,8,10,28,0,0,13,8,21,2,8,21,18,49,12,4,16,65
06/06/2017,HGR,MD,AEA,EN,Federal Contract Tower,0,8,27,1,36,0,4,62,8,74,0,12,89,9,110,34,0,34,144
06/07/2017,HGR,MD,AEA,EN,Federal Contract Tower,0,10,19,4,33,0,2,26,4,32,0,12,45,8,65,16,8,24,89
06/08/2017,HGR,MD,AEA,EN,Federal Contract Tower,2,11,12,8,33,0,2,87,30,119,2,13,99,38,152,74,0,74,226
06/09/2017,HGR,MD,AEA,EN,Federal Contract Tower,2,8,14,2,26,0,8,97,22,127,2,16,111,24,153,92,0,92,245
06/10/2017,HGR,MD,AEA,EN,Federal Contract Tower,0,6,8,1,15,0,8,170,7,185,0,14,178,8,200,22,0,22,222
06/11/2017,HGR,MD,AEA,EN,Federal Contract Tower,2,5,17,1,25,0,7,110,5,122,2,12,127,6,147,132,0,132,279
06/12/2017,HGR,MD,AEA,EN,Federal Contract Tower,2,11,13,0,26,0,5,83,17,105,2,16,96,17,131,74,0,74,205
06/13/2017,HGR,MD,AEA,EN,Federal Contract Tower,0,9,21,5,35,0,15,64,29,108,0,24,85,34,143,22,6,28,171
06/14/2017,HGR,MD,AEA,EN,Federal Contract Tower,0,14,12,8,34,0,11,62,19,92,0,25,74,27,126,84,22,106,232
06/15/2017,HGR,MD,AEA,EN,Federal Contract Tower,2,10,10,7,29,0,4,21,16,41,2,14,31,23,70,30,0,30,100
06/16/2017,HGR,MD,AEA,EN,Federal Contract Tower,2,10,12,2,26,0,4,24,1,29,2,14,36,3,55,30,0,30,85
06/17/2017,HGR,MD,AEA,EN,Federal Contract Tower,0,5,11,0,16,0,1,49,0,50,0,6,60,0,66,30,0,30,96
06/18/2017,HGR,MD,AEA,EN,Federal Contract Tower,2,10,16,1,29,0,6,144,1,151,2,16,160,2,180,110,0,110,290
06/19/2017,HGR,MD,AEA,EN,Federal Contract Tower,2,5,7,0,14,0,11,31,7,49,2,16,38,7,63,54,6,60,123
06/20/2017,HGR,MD,AEA,EN,Federal Contract Tower,0,12,15,3,30,0,17,131,31,179,0,29,146,34,209,76,0,76,285
06/21/2017,HGR,MD,AEA,EN,Federal Contract Tower,0,11,14,7,32,0,0,113,35,148,0,11,127,42,180,110,14,124,304
06/22/2017,HGR,MD,AEA,EN,Federal Contract Tower,2,7,5,2,16,0,9,80,48,137,2,16,85,50,153,88,26,114,267
06/23/2017,HGR,MD,AEA,EN,Federal Contract Tower,2,3,8,6,19,0,2,5,8,15,2,5,13,14,34,0,0,0,34
06/24/2017,HGR,MD,AEA,EN,Federal Contract Tower,0,5,6,0,11,0,2,62,2,66,0,7,68,2,77,68,0,68,145
06/25/2017,HGR,MD,AEA,EN,Federal Contract Tower,2,4,9,0,15,0,0,99,0,99,2,4,108,0,114,130,0,130,244
06/26/2017,HGR,MD,AEA,EN,Federal Contract Tower,2,8,16,0,26,0,5,112,33,150,2,13,128,33,176,98,0,98,274
06/27/2017,HGR,MD,AEA,EN,Federal Contract Tower,0,12,13,2,27,0,3,83,45,131,0,15,96,47,158,92,32,124,282
06/28/2017,HGR,MD,AEA,EN,Federal Contract Tower,0,9,16,2,27,0,8,130,37,175,0,17,146,39,202,188,6,194,396
06/29/2017,HGR,MD,AEA,EN,Federal Contract Tower,2,8,22,1,33,0,5,107,24,136,2,13,129,25,169,32,0,32,201
06/30/2017,HGR,MD,AEA,EN,Federal Contract Tower,2,12,15,5,34,0,9,70,21,100,2,21,85,26,134,42,0,42,176
07/01/2017,HGR,MD,AEA,EN,Federal Contract Tower,0,4,13,0,17,0,4,29,0,33,0,8,42,0,50,54,0,54,104
07/02/2017,HGR,MD,AEA,EN,Federal Contract Tower,2,5,4,0,11,0,5,65,3,73,2,10,69,3,84,92,0,92,176
07/03/2017,HGR,MD,AEA,EN,Federal Contract Tower,2,8,6,0,16,0,0,71,2,73,2,8,77,2,89,102,0,102,191
07/04/2017,HGR,MD,AEA,EN,Federal Contract Tower,0,8,5,0,13,0,7,45,5,57,0,15,50,5,70,86,0,86,156
07/05/2017,HGR,MD,AEA,EN,Federal Contract Tower,0,10,17,3,30,0,1,10,6,17,0,11,27,9,47,44,0,44,91
07/06/2017,HGR,MD,AEA,EN,Federal Contract Tower,2,13,8,9,32,0,0,0,0,0,2,13,8,9,32,0,0,0,32
07/07/2017,HGR,MD,AEA,EN,Federal Contract Tower,2,5,8,2,17,0,4,24,11,39,2,9,32,13,56,16,0,16,72
07/08/2017,HGR,MD,AEA,EN,Federal Contract Tower,0,3,7,2,12,0,3,65,16,84,0,6,72,18,96,92,0,92,188
07/09/2017,HGR,MD,AEA,EN,Federal Contract Tower,2,4,22,0,28,0,2,114,12,128,2,6,136,12,156,88,6,94,250
07/10/2017,HGR,MD,AEA,EN,Federal Contract Tower,2,6,12,0,20,0,5,86,35,126,2,11,98,35,146,90,18,108,254
07/11/2017,HGR,MD,AEA,EN,Federal Contract Tower,0,10,6,0,16,0,12,52,48,112,0,22,58,48,128,46,128,174,302
07/12/2017,HGR,MD,AEA,EN,Federal Contract Tower,0,11,5,1,17,0,7,60,56,123,0,18,65,57,140,100,164,264,404
07/13/2017,HGR,MD,AEA,EN,Federal Contract Tower,2,9,17,7,35,0,2,77,49,128,2,11,94,56,163,124,118,242,405
07/14/2017,HGR,MD,AEA,EN,Federal Contract Tower,2,7,12,8,29,0,0,43,28,71,2,7,55,36,100,138,98,236,336
07/15/2017,HGR,MD,AEA,EN,Federal Contract Tower,0,9,12,1,22,0,4,84,28,116,0,13,96,29,138,110,166,276,414
07/16/2017,HGR,MD,AEA,EN,Federal Contract Tower,2,4,17,0,23,0,1,136,17,154,2,5,153,17,177,174,42,216,393
07/17/2017,HGR,MD,AEA,EN,Federal Contract Tower,2,8,19,0,29,0,2,72,15,89,2,10,91,15,118,48,0,48,166
07/18/2017,HGR,MD,AEA,EN,Federal Contract Tower,0,8,15,1,24,0,2,94,33,129,0,10,109,34,153,148,8,156,309
07/19/2017,HGR,MD,AEA,EN,Federal Contract Tower,0,11,24,2,37,0,4,94,40,138,0,15,118,42,175,94,0,94,269
07/20/2017,HGR,MD,AEA,EN,Federal Contract Tower,2,7,17,3,29,0,0,83,20,103,2,7,100,23,132,116,0,116,248
07/21/2017,HGR,MD,AEA,EN,Federal Contract Tower,2,7,10,2,21,0,2,65,13,80,2,9,75,15,101,88,0,88,189
07/22/2017,HGR,MD,AEA,EN,Federal Contract Tower,0,4,12,0,16,0,3,52,0,55,0,7,64,0,71,76,0,76,147
07/23/2017,HGR,MD,AEA,EN,Federal Contract Tower,2,4,9,0,15,0,2,34,0,36,2,6,43,0,51,90,0,90,141
07/24/2017,HGR,MD,AEA,EN,Federal Contract Tower,2,13,9,8,32,0,9,42,36,87,2,22,51,44,119,60,14,74,193
07/25/2017,HGR,MD,AEA,EN,Federal Contract Tower,0,12,14,17,43,0,4,60,39,103,0,16,74,56,146,122,0,122,268
07/26/2017,HGR,MD,AEA,EN,Federal Contract Tower,0,14,10,4,28,0,3,89,32,124,0,17,99,36,152,128,0,128,280
07/27/2017,HGR,MD,AEA,EN,Federal Contract Tower,2,6,7,2,17,0,1,32,30,63,2,7,39,32,80,46,6,52,132
07/28/2017,HGR,MD,AEA,EN,Federal Contract Tower,2,7,3,4,16,0,0,1,0,1,2,7,4,4,17,0,0,0,17
07/29/2017,HGR,MD,AEA,EN,Federal Contract Tower,0,7,8,0,15,0,2,37,0,39,0,9,45,0,54,32,0,32,86
07/30/2017,HGR,MD,AEA,EN,Federal Contract Tower,2,4,12,0,18,0,5,108,0,113,2,9,120,0,131,104,0,104,235
07/31/2017,HGR,MD,AEA,EN,Federal Contract Tower,2,16,14,1,33,0,8,58,26,92,2,24,72,27,125,30,0,30,155
08/01/2017,HGR,MD,AEA,EN,Federal Contract Tower,0,11,17,3,31,0,12,95,34,141,0,23,112,37,172,158,0,158,330
08/02/2017,HGR,MD,AEA,EN,Federal Contract Tower,0,6,10,0,16,0,8,59,31,98,0,14,69,31,114,40,0,40,154
08/03/2017,HGR,MD,AEA,EN,Federal Contract Tower,1,11,10,3,25,0,2,47,11,60,1,13,57,14,85,44,0,44,129
08/04/2017,HGR,MD,AEA,EN,Federal Contract Tower,2,7,11,2,22,0,6,57,21,84,2,13,68,23,106,20,4,24,130
08/05/2017,HGR,MD,AEA,EN,Federal Contract Tower,0,4,10,7,21,0,2,78,25,105,0,6,88,32,126,66,0,66,192
08/06/2017,HGR,MD,AEA,EN,Federal Contract Tower,2,5,18,0,25,0,4,81,5,90,2,9,99,5,115,116,0,116,231
08/07/2017,HGR,MD,AEA,EN,Federal Contract Tower,2,9,27,0,38,0,1,2,0,3,2,10,29,0,41,0,0,0,41
08/08/2017,HGR,MD,AEA,EN,Federal Contract Tower,0,10,16,3,29,0,6,47,21,74,0,16,63,24,103,84,4,88,191
08/09/2017,HGR,MD,AEA,EN,Federal Contract Tower,0,3,14,1,18,0,17,75,22,114,0,20,89,23,132,104,0,104,236
08/10/2017,HGR,MD,AEA,EN,Federal Contract Tower,2,8,10,4,24,0,8,89,22,119,2,16,99,26,143,88,0,88,231
08/11/2017,HGR,MD,AEA,EN,Federal Contract Tower,2,3,8,2,15,0,4,21,4,29,2,7,29,6,44,20,0,20,64
08/12/2017,HGR,MD,AEA,EN,Federal Contract Tower,0,5,5,1,11,0,3,21,1,25,0,8,26,2,36,64,0,64,100
08/13/2017,HGR,MD,AEA,EN,Federal Contract Tower,2,4,15,7,28,0,4,80,0,84,2,8,95,7,112,70,0,70,182
08/14/2017,HGR,MD,AEA,EN,Federal Contract Tower,2,1,12,1,16,0,0,29,0,29,2,1,41,1,45,14,0,14,59
08/15/2017,HGR,MD,AEA,EN,Federal Contract Tower,0,9,18,10,37,0,2,13,1,16,0,11,31,11,53,30,0,30,83
08/16/2017,HGR,MD,AEA,EN,Federal Contract Tower,0,7,22,7,36,0,4,52,18,74,0,11,74,25,110,56,2,58,168
08/17/2017,HGR,MD,AEA,EN,Federal Contract Tower,0,18,3,3,24,0,1,64,42,107,0,19,67,45,131,32,4,36,167
08/18/2017,HGR,MD,AEA,EN,Federal Contract Tower,2,7,10,8,27,0,2,13,40,55,2,9,23,48,82,6,0,6,88
08/19/2017,HGR,MD,AEA,EN,Federal Contract Tower,0,2,11,1,14,0,3,162,4,169,0,5,173,5,183,28,0,28,211
08/20/2017,HGR,MD,AEA,EN,Federal Contract Tower,0,7,17,5,29,0,5,98,0,103,0,12,115,5,132,38,0,38,170
08/21/2017,HGR,MD,AEA,EN,Federal Contract Tower,2,3,14,2,21,0,7,56,20,83,2,10,70,22,104,54,0,54,158
08/22/2017,HGR,MD,AEA,EN,Federal Contract Tower,0,8,12,1,21,0,2,41,28,71,0,10,53,29,92,4,0,4,96
08/23/2017,HGR,MD,AEA,EN,Federal Contract Tower,0,10,10,4,24,0,18,60,32,110,0,28,70,36,134,58,0,58,192
08/24/2017,HGR,MD,AEA,EN,Federal Contract Tower,0,10,3,3,16,0,1,59,27,87,0,11,62,30,103,34,0,34,137
08/25/2017,HGR,MD,AEA,EN,Federal Contract Tower,2,9,22,2,35,0,1,54,14,69,2,10,76,16,104,72,0,72,176
08/26/2017,HGR,MD,AEA,EN,Federal Contract Tower,0,5,10,0,15,0,2,53,0,55,0,7,63,0,70,70,0,70,140
08/27/2017,HGR,MD,AEA,EN,Federal Contract Tower,0,4,12,2,18,0,2,44,2,48,0,6,56,4,66,42,0,42,108
08/28/2017,HGR,MD,AEA,EN,Federal Contract Tower,2,7,10,0,19,0,4,70,4,78,2,11,80,4,97,58,0,58,155
08/29/2017,HGR,MD,AEA,EN,Federal Contract Tower,0,7,16,1,24,0,0,5,0,5,0,7,21,1,29,16,0,16,45
08/30/2017,HGR,MD,AEA,EN,Federal Contract Tower,0,7,14,0,21,0,1,41,7,49,0,8,55,7,70,82,0,82,152
08/31/2017,HGR,MD,AEA,EN,Federal Contract Tower,0,10,15,0,25,0,4,75,12,91,0,14,90,12,116,70,0,70,186
09/01/2017,HGR,MD,AEA,EN,Federal Contract Tower,2,2,14,7,25,0,4,72,13,89,2,6,86,20,114,112,28,140,254
09/02/2017,HGR,MD,AEA,EN,Federal Contract Tower,0,4,9,0,13,0,0,15,0,15,0,4,24,0,28,4,0,4,32
09/03/2017,HGR,MD,AEA,EN,Federal Contract Tower,0,6,7,0,13,0,3,66,0,69,0,9,73,0,82,120,0,120,202
09/04/2017,HGR,MD,AEA,EN,Federal Contract Tower,2,5,13,0,20,0,5,88,1,94,2,10,101,1,114,60,0,60,174
09/05/2017,HGR,MD,AEA,EN,Federal Contract Tower,0,4,12,5,21,0,5,14,11,30,0,9,26,16,51,28,0,28,79
09/06/2017,HGR,MD,AEA,EN,Federal Contract Tower,0,11,6,30,47,0,0,3,0,3,0,11,9,30,50,0,0,0,50
09/07/2017,HGR,MD,AEA,EN,Federal Contract Tower,0,10,14,3,27,0,5,61,31,97,0,15,75,34,124,44,0,44,168
09/08/2017,HGR,MD,AEA,EN,Federal Contract Tower,0,9,13,4,26,0,4,66,44,114,0,13,79,48,140,52,32,84,224
09/09/2017,HGR,MD,AEA,EN,Federal Contract Tower,0,5,14,0,19,0,1,152,10,163,0,6,166,10,182,74,10,84,266
09/10/2017,HGR,MD,AEA,EN,Federal Contract Tower,0,4,18,0,22,0,2,68,0,70,0,6,86,0,92,44,0,44,136
09/11/2017,HGR,MD,AEA,EN,Federal Contract Tower,0,3,5,1,9,0,7,87,31,125,0,10,92,32,134,116,0,116,250
09/12/2017,HGR,MD,AEA,EN,Federal Contract Tower,0,8,7,6,21,0,4,76,29,109,0,12,83,35,130,96,16,112,242
09/13/2017,HGR,MD,AEA,EN,Federal Contract Tower,0,9,18,28,55,0,4,20,5,29,0,13,38,33,84,38,0,38,122
09/14/2017,HGR,MD,AEA,EN,Federal Contract Tower,0,11,10,8,29,0,2,28,26,56,0,13,38,34,85,8,0,8,93
09/15/2017,HGR,MD,AEA,EN,Federal Contract Tower,2,3,11,2,18,0,3,74,20,97,2,6,85,22,115,124,0,124,239
09/16/2017,HGR,MD,AEA,EN,Federal Contract Tower,0,4,10,0,14,0,4,89,3,96,0,8,99,3,110,138,16,154,264
09/17/2017,HGR,MD,AEA,EN,Federal Contract Tower,0,4,15,0,19,0,4,41,12,57,0,8,56,12,76,82,10,92,168
09/18/2017,HGR,MD,AEA,EN,Federal Contract Tower,2,7,13,12,34,0,5,60,25,90,2,12,73,37,124,98,0,98,222
09/19/2017,HGR,MD,AEA,EN,Federal Contract Tower,0,14,21,4,39,0,15,57,17,89,0,29,78,21,128,134,30,164,292
09/20/2017,HGR,MD,AEA,EN,Federal Contract Tower,0,13,21,8,42,0,4,77,28,109,0,17,98,36,151,38,0,38,189
09/21/2017,HGR,MD,AEA,EN,Federal Contract Tower,0,8,4,4,16,0,4,71,35,110,0,12,75,39,126,46,10,56,182
09/22/2017,HGR,MD,AEA,EN,Federal Contract Tower,2,9,21,0,32,0,8,77,25,110,2,17,98,25,142,98,0,98,240
09/23/2017,HGR,MD,AEA,EN,Federal Contract Tower,0,8,8,0,16,0,4,89,3,96,0,12,97,3,112,128,0,128,240
09/24/2017,HGR,MD,AEA,EN,Federal Contract Tower,0,5,14,0,19,0,0,85,0,85,0,5,99,0,104,98,0,98,202
09/25/2017,HGR,MD,AEA,EN,Federal Contract Tower,2,9,14,0,25,0,4,44,25,73,2,13,58,25,98,8,0,8,106
09/26/2017,HGR,MD,AEA,EN,Federal Contract Tower,0,6,13,0,19,0,4,71,37,112,0,10,84,37,131,98,0,98,229
09/27/2017,HGR,MD,AEA,EN,Federal Contract Tower,0,11,13,2,26,0,0,41,30,71,0,11,54,32,97,46,0,46,143
09/28/2017,HGR,MD,AEA,EN,Federal Contract Tower,0,12,13,0,25,0,5,44,14,63,0,17,57,14,88,72,0,72,160
09/29/2017,HGR,MD,AEA,EN,Federal Contract Tower,2,3,11,0,16,0,8,88,13,109,2,11,99,13,125,88,0,88,213
09/30/2017,HGR,MD,AEA,EN,Federal Contract Tower,0,5,12,0,17,0,4,53,0,57,0,9,65,0,74,8,0,8,82
10/01/2017,HGR,MD,AEA,EN,Federal Contract Tower,0,7,12,0,19,0,9,85,0,94,0,16,97,0,113,90,0,90,203
10/02/2017,HGR,MD,AEA,EN,Federal Contract Tower,2,7,6,0,15,0,3,48,19,70,2,10,54,19,85,44,0,44,129
10/03/2017,HGR,MD,AEA,EN,Federal Contract Tower,0,9,9,0,18,0,14,80,17,111,0,23,89,17,129,114,0,114,243
10/04/2017,HGR,MD,AEA,EN,Federal Contract Tower,0,13,17,1,31,0,11,67,20,98,0,24,84,21,129,62,0,62,191
10/05/2017,HGR,MD,AEA,EN,Federal Contract Tower,0,10,7,2,19,0,2,37,22,61,0,12,44,24,80,32,0,32,112
10/06/2017,HGR,MD,AEA,EN,Federal Contract Tower,2,9,20,0,31,0,4,65,6,75,2,13,85,6,106,76,0,76,182
10/07/2017,HGR,MD,AEA,EN,Federal Contract Tower,0,3,7,0,10,0,3,69,1,73,0,6,76,1,83,90,0,90,173
10/08/2017,HGR,MD,AEA,EN,Federal Contract Tower,0,4,10,0,14,0,8,17,2,27,0,12,27,2,41,16,0,16,57
10/09/2017,HGR,MD,AEA,EN,Federal Contract Tower,2,6,15,7,30,0,0,6,0,6,2,6,21,7,36,0,0,0,36
10/10/2017,HGR,MD,AEA,EN,Federal Contract Tower,0,8,8,8,24,0,6,54,28,88,0,14,62,36,112,102,18,120,232
10/11/2017,HGR,MD,AEA,EN,Federal Contract Tower,0,12,23,13,48,0,0,0,0,0,0,12,23,13,48,0,0,0,48
10/12/2017,HGR,MD,AEA,EN,Federal Contract Tower,0,10,32,18,60,0,0,18,0,18,0,10,50,18,78,0,0,0,78
10/13/2017,HGR,MD,AEA,EN,Federal Contract Tower,2,12,40,8,62,0,2,21,0,23,2,14,61,8,85,54,0,54,139
10/14/2017,HGR,MD,AEA,EN,Federal Contract Tower,0,8,30,0,38,0,0,16,0,16,0,8,46,0,54,24,0,24,78
10/15/2017,HGR,MD,AEA,EN,Federal Contract Tower,0,6,17,0,23,0,7,56,5,68,0,13,73,5,91,58,0,58,149
10/16/2017,HGR,MD,AEA,EN,Federal Contract Tower,2,3,17,1,23,0,6,35,15,56,2,9,52,16,79,4,0,4,83
10/17/2017,HGR,MD,AEA,EN,Federal Contract Tower,0,6,18,5,29,0,23,70,29,122,0,29,88,34,151,126,0,126,277
10/18/2017,HGR,MD,AEA,EN,Federal Contract Tower,0,11,14,1,26,0,5,63,16,84,0,16,77,17,110,86,0,86,196
10/19/2017,HGR,MD,AEA,EN,Federal Contract Tower,0,6,16,2,24,0,5,77,29,111,0,11,93,31,135,84,0,84,219
10/20/2017,HGR,MD,AEA,EN,Federal Contract Tower,2,9,14,0,25,0,3,83,27,113,2,12,97,27,138,72,0,72,210
10/21/2017,HGR,MD,AEA,EN,Federal Contract Tower,0,4,9,0,13,0,0,110,4,114,0,4,119,4,127,58,4,62,189
10/22/2017,HGR,MD,AEA,EN,Federal Contract Tower,0,5,20,0,25,0,4,77,0,81,0,9,97,0,106,142,0,142,248
10/23/2017,HGR,MD,AEA,EN,Federal Contract Tower,2,8,9,9,28,0,1,14,16,31,2,9,23,25,59,22,0,22,81
10/24/2017,HGR,MD,AEA,EN,Federal Contract Tower,0,6,10,10,26,0,3,23,24,50,0,9,33,34,76,46,0,46,122
10/25/2017,HGR,MD,AEA,EN,Federal Contract Tower,0,12,10,2,24,0,7,51,27,85,0,19,61,29,109,58,0,58,167
10/26/2017,HGR,MD,AEA,EN,Federal Contract Tower,0,15,15,0,30,0,0,44,24,68,0,15,59,24,98,50,0,50,148
10/27/2017,HGR,MD,AEA,EN,Federal Contract Tower,2,10,6,2,20,0,0,70,2,72,2,10,76,4,92,74,0,74,166
10/28/2017,HGR,MD,AEA,EN,Federal Contract Tower,0,9,4,0,13,0,10,93,4,107,0,19,97,4,120,54,0,54,174
10/29/2017,HGR,MD,AEA,EN,Federal Contract Tower,0,4,1,1,6,0,0,0,0,0,0,4,1,1,6,0,0,0,6
10/30/2017,HGR,MD,AEA,EN,Federal Contract Tower,2,7,11,3,23,0,29,9,14,52,2,36,20,17,75,8,0,8,83
10/31/2017,HGR,MD,AEA,EN,Federal Contract Tower,0,11,7,6,24,0,7,35,45,87,0,18,42,51,111,64,10,74,185
11/01/2017,HGR,MD,AEA,EN,Federal Contract Tower,0,12,23,20,55,0,2,7,4,13,0,14,30,24,68,18,0,18,86
11/02/2017,HGR,MD,AEA,EN,Federal Contract Tower,0,11,11,0,22,0,0,43,29,72,0,11,54,29,94,54,0,54,148
11/03/2017,HGR,MD,AEA,EN,Federal Contract Tower,2,9,16,2,29,0,5,50,28,83,2,14,66,30,112,60,0,60,172
11/04/2017,HGR,MD,AEA,EN,Federal Contract Tower,0,5,10,0,15,0,1,79,0,80,0,6,89,0,95,72,0,72,167
11/05/2017,HGR,MD,AEA,EN,Federal Contract Tower,0,3,21,0,24,0,0,0,0,0,0,3,21,0,24,0,0,0,24
11/06/2017,HGR,MD,AEA,EN,Federal Contract Tower,2,12,14,7,35,0,7,10,3,20,2,19,24,10,55,18,0,18,73
11/07/2017,HGR,MD,AEA,EN,Federal Contract Tower,0,8,13,13,34,0,0,7,7,14,0,8,20,20,48,0,0,0,48
11/08/2017,HGR,MD,AEA,EN,Federal Contract Tower,0,10,9,3,22,0,7,34,23,64,0,17,43,26,86,34,0,34,120
11/09/2017,HGR,MD,AEA,EN,Federal Contract Tower,0,13,11,2,26,0,0,0,0,0,0,13,11,2,26,0,0,0,26
11/10/2017,HGR,MD,AEA,EN,Federal Contract Tower,2,8,9,0,19,0,2,21,6,29,2,10,30,6,48,4,0,4,52
11/11/2017,HGR,MD,AEA,EN,Federal Contract Tower,0,10,10,0,20,0,10,70,0,80,0,20,80,0,100,92,0,92,192
11/12/2017,HGR,MD,AEA,EN,Federal Contract Tower,0,6,11,0,17,0,1,52,0,53,0,7,63,0,70,88,0,88,158
11/13/2017,HGR,MD,AEA,EN,Federal Contract Tower,2,7,13,5,27,0,0,27,15,42,2,7,40,20,69,38,12,50,119
11/14/2017,HGR,MD,AEA,EN,Federal Contract Tower,0,10,11,8,29,0,6,67,40,113,0,16,78,48,142,90,0,90,232
11/16/2017,HGR,MD,AEA,EN,Federal Contract Tower,0,10,7,0,17,0,6,19,26,51,0,16,26,26,68,0,0,0,68
11/17/2017,HGR,MD,AEA,EN,Federal Contract Tower,2,8,12,3,25,0,3,91,20,114,2,11,103,23,139,84,8,92,231
11/18/2017,HGR,MD,AEA,EN,Federal Contract Tower,0,7,11,0,18,0,0,2,0,2,0,7,13,0,20,6,0,6,26
11/19/2017,HGR,MD,AEA,EN,Federal Contract Tower,2,2,8,4,16,0,1,17,3,21,2,3,25,7,37,4,24,28,65
11/20/2017,HGR,MD,AEA,EN,Federal Contract Tower,0,10,9,0,19,0,6,54,3,63,0,16,63,3,82,38,0,38,120
11/21/2017,HGR,MD,AEA,EN,Federal Contract Tower,2,12,11,1,26,0,9,49,10,68,2,21,60,11,94,32,0,32,126
11/22/2017,HGR,MD,AEA,EN,Federal Contract Tower,0,8,18,3,29,0,2,20,1,23,0,10,38,4,52,26,0,26,78
11/23/2017,HGR,MD,AEA,EN,Federal Contract Tower,2,8,4,0,14,0,0,31,0,31,2,8,35,0,45,30,0,30,75
11/24/2017,HGR,MD,AEA,EN,Federal Contract Tower,0,8,12,1,21,0,1,90,0,91,0,9,102,1,112,142,0,142,254
11/25/2017,HGR,MD,AEA,EN,Federal Contract Tower,2,5,10,0,17,0,3,80,3,86,2,8,90,3,103,134,0,134,237
11/26/2017,HGR,MD,AEA,EN,Federal Contract Tower,2,4,8,0,14,0,1,64,0,65,2,5,72,0,79,54,0,54,133
11/27/2017,HGR,MD,AEA,EN,Federal Contract Tower,2,8,16,1,27,0,1,53,22,76,2,9,69,23,103,30,2,32,135
11/28/2017,HGR,MD,AEA,EN,Federal Contract Tower,0,9,7,0,16,0,7,42,21,70,0,16,49,21,86,26,50,76,162
11/29/2017,HGR,MD,AEA,EN,Federal Contract Tower,0,10,15,0,25,0,6,51,32,89,0,16,66,32,114,36,2,38,152
11/30/2017,HGR,MD,AEA,EN,Federal Contract Tower,0,12,12,0,24,0,3,66,25,94,0,15,78,25,118,66,0,66,184
12/01/2017,HGR,MD,AEA,EN,Federal Contract Tower,2,8,22,0,32,0,3,56,41,100,2,11,78,41,132,40,0,40,172
12/02/2017,HGR,MD,AEA,EN,Federal Contract Tower,0,10,10,3,23,0,9,71,18,98,0,19,81,21,121,68,0,68,189
12/03/2017,HGR,MD,AEA,EN,Federal Contract Tower,0,5,7,11,23,0,0,37,9,46,0,5,44,20,69,58,0,58,127
12/04/2017,HGR,MD,AEA,EN,Federal Contract Tower,2,11,5,1,19,0,4,36,9,49,2,15,41,10,68,60,0,60,128
12/05/2017,HGR,MD,AEA,EN,Federal Contract Tower,0,11,7,21,39,0,0,3,9,12,0,11,10,30,51,0,0,0,51
12/06/2017,HGR,MD,AEA,EN,Federal Contract Tower,0,8,4,0,12,0,3,37,30,70,0,11,41,30,82,2,0,2,84
12/07/2017,HGR,MD,AEA,EN,Federal Contract Tower,0,8,10,7,25,0,8,40,22,70,0,16,50,29,95,44,0,44,139
12/08/2017,HGR,MD,AEA,EN,Federal Contract Tower,2,8,6,0,16,0,1,41,23,65,2,9,47,23,81,46,0,46,127
12/09/2017,HGR,MD,AEA,EN,Federal Contract Tower,0,2,2,0,4,0,0,2,0,2,0,2,4,0,6,12,0,12,18
12/10/2017,HGR,MD,AEA,EN,Federal Contract Tower,0,8,5,1,14,0,0,26,2,28,0,8,31,3,42,36,0,36,78
12/11/2017,HGR,MD,AEA,EN,Federal Contract Tower,2,8,8,0,18,0,1,42,27,70,2,9,50,27,88,56,0,56,144
12/12/2017,HGR,MD,AEA,EN,Federal Contract Tower,0,8,22,12,42,0,0,19,22,41,0,8,41,34,83,20,0,20,103
12/13/2017,HGR,MD,AEA,EN,Federal Contract Tower,0,10,16,2,28,0,2,53,30,85,0,12,69,32,113,18,0,18,131
12/14/2017,HGR,MD,AEA,EN,Federal Contract Tower,0,14,6,0,20,0,2,40,29,71,0,16,46,29,91,24,18,42,133
12/15/2017,HGR,MD,AEA,EN,Federal Contract Tower,2,10,15,5,32,0,1,18,3,22,2,11,33,8,54,44,0,44,98
12/16/2017,HGR,MD,AEA,EN,Federal Contract Tower,0,5,9,3,17,0,1,30,6,37,0,6,39,9,54,2,0,2,56
12/17/2017,HGR,MD,AEA,EN,Federal Contract Tower,0,8,6,1,15,0,3,44,4,51,0,11,50,5,66,28,0,28,94
12/18/2017,HGR,MD,AEA,EN,Federal Contract Tower,2,7,8,0,17,0,4,45,14,63,2,11,53,14,80,72,0,72,152
12/19/2017,HGR,MD,AEA,EN,Federal Contract Tower,0,11,6,0,17,0,3,37,9,49,0,14,43,9,66,28,0,28,94
12/20/2017,HGR,MD,AEA,EN,Federal Contract Tower,2,11,9,1,23,0,2,48,13,63,2,13,57,14,86,16,0,16,102
12/21/2017,HGR,MD,AEA,EN,Federal Contract Tower,0,9,5,2,16,0,7,69,10,86,0,16,74,12,102,30,0,30,132
12/22/2017,HGR,MD,AEA,EN,Federal Contract Tower,2,8,6,0,16,0,2,44,0,46,2,10,50,0,62,32,0,32,94
12/23/2017,HGR,MD,AEA,EN,Federal Contract Tower,2,7,5,0,14,0,0,0,0,0,2,7,5,0,14,0,0,0,14
12/24/2017,HGR,MD,AEA,EN,Federal Contract Tower,0,7,6,0,13,0,7,13,0,20,0,14,19,0,33,28,0,28,61
12/25/2017,HGR,MD,AEA,EN,Federal Contract Tower,2,8,0,0,10,0,0,0,0,0,2,8,0,0,10,0,0,0,10
12/26/2017,HGR,MD,AEA,EN,Federal Contract Tower,0,8,3,0,11,0,26,35,2,63,0,34,38,2,74,56,0,56,130
12/27/2017,HGR,MD,AEA,EN,Federal Contract Tower,2,10,10,1,23,0,7,30,17,54,2,17,40,18,77,38,4,42,119
12/28/2017,HGR,MD,AEA,EN,Federal Contract Tower,0,9,5,0,14,0,4,57,0,61,0,13,62,0,75,36,0,36,111
12/29/2017,HGR,MD,AEA,EN,Federal Contract Tower,2,8,1,0,11,0,5,47,2,54,2,13,48,2,65,32,0,32,97
12/30/2017,HGR,MD,AEA,EN,Federal Contract Tower,2,3,5,0,10,0,0,0,0,0,2,3,5,0,10,0,0,0,10
12/31/2017,HGR,MD,AEA,EN,Federal Contract Tower,0,1,3,0,4,0,5,27,2,34,0,6,30,2,38,32,0,32,70
01/01/2018,HGR,MD,AEA,EN,Federal Contract Tower,2,10,4,0,16,0,2,17,1,20,2,12,21,1,36,12,0,12,48
01/02/2018,HGR,MD,AEA,EN,Federal Contract Tower,0,11,9,3,23,0,2,16,4,22,0,13,25,7,45,0,0,0,45
01/03/2018,HGR,MD,AEA,EN,Federal Contract Tower,0,8,21,0,29,0,5,73,21,99,0,13,94,21,128,68,0,68,196
01/04/2018,HGR,MD,AEA,EN,Federal Contract Tower,0,8,0,0,8,0,4,0,7,11,0,12,0,7,19,0,0,0,19
01/05/2018,HGR,MD,AEA,EN,Federal Contract Tower,2,9,1,0,12,0,0,0,11,11,2,9,1,11,23,0,0,0,23
01/06/2018,HGR,MD,AEA,EN,Federal Contract Tower,0,8,4,0,12,0,0,7,2,9,0,8,11,2,21,2,0,2,23
01/07/2018,HGR,MD,AEA,EN,Federal Contract Tower,0,2,6,0,8,0,0,0,0,0,0,2,6,0,8,52,0,52,60
01/08/2018,HGR,MD,AEA,EN,Federal Contract Tower,2,6,5,0,13,0,1,0,0,1,2,7,5,0,14,0,0,0,14
01/09/2018,HGR,MD,AEA,EN,Federal Contract Tower,0,9,12,0,21,0,7,43,6,56,0,16,55,6,77,6,0,6,83
01/10/2018,HGR,MD,AEA,EN,Federal Contract Tower,0,9,9,5,23,0,5,50,11,66,0,14,59,16,89,42,0,42,131
01/11/2018,HGR,MD,AEA,EN,Federal Contract Tower,0,9,13,1,23,0,1,45,6,52,0,10,58,7,75,30,0,30,105
01/12/2018,HGR,MD,AEA,EN,Federal Contract Tower,2,9,5,1,17,0,0,4,2,6,2,9,9,3,23,0,0,0,23
01/13/2018,HGR,MD,AEA,EN,Federal Contract Tower,0,3,3,0,6,0,4,5,0,9,0,7,8,0,15,0,0,0,15
01/14/2018,HGR,MD,AEA,EN,Federal Contract Tower,0,5,3,0,8,0,7,31,0,38,0,12,34,0,46,58,0,58,104
01/15/2018,HGR,MD,AEA,EN,Federal Contract Tower,2,9,12,2,25,0,21,58,8,87,2,30,70,10,112,98,0,98,210
01/16/2018,HGR,MD,AEA,EN,Federal Contract Tower,0,3,14,0,17,0,0,3,3,6,0,3,17,3,23,0,0,0,23
01/17/2018,HGR,MD,AEA,EN,Federal Contract Tower,0,10,4,0,14,0,2,19,11,32,0,12,23,11,46,8,0,8,54
01/18/2018,HGR,MD,AEA,EN,Federal Contract Tower,0,11,11,3,25,0,2,13,12,27,0,13,24,15,52,26,0,26,78
01/19/2018,HGR,MD,AEA,EN,Federal Contract Tower,2,11,16,3,32,0,1,59,15,75,2,12,75,18,107,30,8,38,145
01/20/2018,HGR,MD,AEA,EN,Federal Contract Tower,0,4,0,1,5,0,3,93,1,97,0,7,93,2,102,84,0,84,186
01/21/2018,HGR,MD,AEA,EN,Federal Contract Tower,0,5,6,0,11,0,0,68,0,68,0,5,74,0,79,114,0,114,193
01/22/2018,HGR,MD,AEA,EN,Federal Contract Tower,2,7,2,4,15,0,4,28,15,47,2,11,30,19,62,20,14,34,96
01/23/2018,HGR,MD,AEA,EN,Federal Contract Tower,0,11,10,5,26,0,5,6,5,16,0,16,16,10,42,6,32,38,80
01/24/2018,HGR,MD,AEA,EN,Federal Contract Tower,0,7,7,2,16,0,2,9,4,15,0,9,16,6,31,22,0,22,53
01/25/2018,HGR,MD,AEA,EN,Federal Contract Tower,0,10,12,1,23,0,2,47,7,56,0,12,59,8,79,14,0,14,93
01/26/2018,HGR,MD,AEA,EN,Federal Contract Tower,2,8,12,2,24,0,0,53,20,73,2,8,65,22,97,24,0,24,121
01/27/2018,HGR,MD,AEA,EN,Federal Contract Tower,0,5,5,0,10,0,5,66,1,72,0,10,71,1,82,54,0,54,136
01/28/2018,HGR,MD,AEA,EN,Federal Contract Tower,0,4,4,0,8,0,1,1,0,2,0,5,5,0,10,0,0,0,10
01/29/2018,HGR,MD,AEA,EN,Federal Contract Tower,2,6,3,0,11,0,4,24,27,55,2,10,27,27,66,106,0,106,172
01/30/2018,HGR,MD,AEA,EN,Federal Contract Tower,0,11,10,4,25,0,0,0,43,43,0,11,10,47,68,0,0,0,68
01/31/2018,HGR,MD,AEA,EN,Federal Contract Tower,0,7,14,12,33,0,6,50,28,84,0,13,64,40,117,42,0,42,159
02/01/2018,HGR,MD,AEA,EN,Federal Contract Tower,0,13,6,0,19,0,4,14,19,37,0,17,20,19,56,32,0,32,88
02/02/2018,HGR,MD,AEA,EN,Federal Contract Tower,2,9,5,0,16,0,2,0,4,6,2,11,5,4,22,0,0,0,22
02/03/2018,HGR,MD,AEA,EN,Federal Contract Tower,0,5,7,0,12,0,3,79,6,88,0,8,86,6,100,102,0,102,202
02/04/2018,HGR,MD,AEA,EN,Federal Contract Tower,0,1,0,1,2,0,0,0,0,0,0,1,0,1,2,0,0,0,2
02/05/2018,HGR,MD,AEA,EN,Federal Contract Tower,2,14,12,0,28,0,7,33,20,60,2,21,45,20,88,40,0,40,128
02/06/2018,HGR,MD,AEA,EN,Federal Contract Tower,0,11,11,0,22,0,7,47,17,71,0,18,58,17,93,52,0,52,145
02/07/2018,HGR,MD,AEA,EN,Federal Contract Tower,0,6,0,0,6,0,0,0,0,0,0,6,0,0,6,0,0,0,6
02/08/2018,HGR,MD,AEA,EN,Federal Contract Tower,0,9,12,1,22,0,4,36,19,59,0,13,48,20,81,22,0,22,103
02/09/2018,HGR,MD,AEA,EN,Federal Contract Tower,2,10,10,0,22,0,8,52,6,66,2,18,62,6,88,40,0,40,128
02/10/2018,HGR,MD,AEA,EN,Federal Contract Tower,0,7,14,0,21,0,0,2,0,2,0,7,16,0,23,6,0,6,29
02/11/2018,HGR,MD,AEA,EN,Federal Contract Tower,0,2,6,0,8,0,2,0,0,2,0,4,6,0,10,0,0,0,10
02/12/2018,HGR,MD,AEA,EN,Federal Contract Tower,2,10,3,1,16,0,2,19,14,35,2,12,22,15,51,10,0,10,61
02/13/2018,HGR,MD,AEA,EN,Federal Contract Tower,0,14,13,1,28,0,6,53,29,88,0,20,66,30,116,38,0,38,154
02/14/2018,HGR,MD,AEA,EN,Federal Contract Tower,0,8,11,10,29,0,9,32,9,50,0,17,43,19,79,54,0,54,133
02/15/2018,HGR,MD,AEA,EN,Federal Contract Tower,0,8,14,6,28,0,4,22,18,44,0,12,36,24,72,8,0,8,80
02/16/2018,HGR,MD,AEA,EN,Federal Contract Tower,2,8,15,2,27,0,5,5,1,11,2,13,20,3,38,12,0,12,50
02/17/2018,HGR,MD,AEA,EN,Federal Contract Tower,0,2,6,0,8,0,2,41,3,46,0,4,47,3,54,46,0,46,100
02/18/2018,HGR,MD,AEA,EN,Federal Contract Tower,0,5,17,0,22,0,3,61,0,64,0,8,78,0,86,62,0,62,148
02/19/2018,HGR,MD,AEA,EN,Federal Contract Tower,2,10,5,1,18,0,2,4,1,7,2,12,9,2,25,8,0,8,33
02/20/2018,HGR,MD,AEA,EN,Federal Contract Tower,0,8,9,5,22,0,6,67,3,76,0,14,76,8,98,68,0,68,166
02/21/2018,HGR,MD,AEA,EN,Federal Contract Tower,0,13,23,2,38,0,7,81,22,110,0,20,104,24,148,84,0,84,232
02/22/2018,HGR,MD,AEA,EN,Federal Contract Tower,2,12,4,3,21,0,0,0,0,0,2,12,4,3,21,0,0,0,21
02/23/2018,HGR,MD,AEA,EN,Federal Contract Tower,2,8,6,16,32,0,0,0,0,0,2,8,6,16,32,0,0,0,32
02/24/2018,HGR,MD,AEA,EN,Federal Contract Tower,0,10,12,0,22,0,1,4,0,5,0,11,16,0,27,2,0,2,29
02/25/2018,HGR,MD,AEA,EN,Federal Contract Tower,0,4,10,0,14,0,0,0,0,0,0,4,10,0,14,0,0,0,14
02/26/2018,HGR,MD,AEA,EN,Federal Contract Tower,2,12,11,2,27,0,1,45,26,72,2,13,56,28,99,0,0,0,99
02/27/2018,HGR,MD,AEA,EN,Federal Contract Tower,0,12,16,0,28,0,13,124,37,174,0,25,140,37,202,146,0,146,348
02/28/2018,HGR,MD,AEA,EN,Federal Contract Tower,0,13,13,0,26,0,5,85,28,118,0,18,98,28,144,38,0,38,182
03/01/2018,HGR,MD,AEA,EN,Federal Contract Tower,0,11,11,9,31,0,0,3,8,11,0,11,14,17,42,4,0,4,46
03/02/2018,HGR,MD,AEA,EN,Federal Contract Tower,2,0,3,0,5,0,0,0,0,0,2,0,3,0,5,0,0,0,5
03/03/2018,HGR,MD,AEA,EN,Federal Contract Tower,0,5,3,1,9,0,7,4,0,11,0,12,7,1,20,0,0,0,20
03/04/2018,HGR,MD,AEA,EN,Federal Contract Tower,0,4,5,0,9,0,6,28,0,34,0,10,33,0,43,16,0,16,59
03/05/2018,HGR,MD,AEA,EN,Federal Contract Tower,2,8,3,0,13,0,1,75,14,90,2,9,78,14,103,24,0,24,127
03/06/2018,HGR,MD,AEA,EN,Federal Contract Tower,0,11,11,1,23,0,9,29,3,41,0,20,40,4,64,8,2,10,74
03/07/2018,HGR,MD,AEA,EN,Federal Contract Tower,0,2,6,1,9,0,2,3,1,6,0,4,9,2,15,2,0,2,17
03/08/2018,HGR,MD,AEA,EN,Federal Contract Tower,0,8,9,1,18,0,8,49,12,69,0,16,58,13,87,60,0,60,147
03/09/2018,HGR,MD,AEA,EN,Federal Contract Tower,2,11,14,4,31,0,0,34,29,63,2,11,48,33,94,22,0,22,116
03/10/2018,HGR,MD,AEA,EN,Federal Contract Tower,0,6,8,0,14,0,3,125,6,134,0,9,133,6,148,80,0,80,228
03/11/2018,HGR,MD,AEA,EN,Federal Contract Tower,0,3,16,0,19,0,1,78,0,79,0,4,94,0,98,26,0,26,124
03/12/2018,HGR,MD,AEA,EN,Federal Contract Tower,2,6,9,19,36,0,2,19,10,31,2,8,28,29,67,42,22,64,131
03/13/2018,HGR,MD,AEA,EN,Federal Contract Tower,0,8,13,1,22,0,2,23,31,56,0,10,36,32,78,0,0,0,78
03/14/2018,HGR,MD,AEA,EN,Federal Contract Tower,0,11,12,11,34,0,5,26,10,41,0,16,38,21,75,10,0,10,85
03/15/2018,HGR,MD,AEA,EN,Federal Contract Tower,0,9,7,6,22,0,0,11,6,17,0,9,18,12,39,0,0,0,39
03/16/2018,HGR,MD,AEA,EN,Federal Contract Tower,2,7,11,0,20,0,2,16,4,22,2,9,27,4,42,0,0,0,42
03/17/2018,HGR,MD,AEA,EN,Federal Contract Tower,0,4,6,0,10,0,3,77,3,83,0,7,83,3,93,116,0,116,209
03/18/2018,HGR,MD,AEA,EN,Federal Contract Tower,0,1,15,0,16,0,0,144,0,144,0,1,159,0,160,124,0,124,284
03/19/2018,HGR,MD,AEA,EN,Federal Contract Tower,2,6,11,4,23,0,4,93,9,106,2,10,104,13,129,68,0,68,197
03/20/2018,HGR,MD,AEA,EN,Federal Contract Tower,0,0,1,0,1,0,0,0,0,0,0,0,1,0,1,0,0,0,1
03/21/2018,HGR,MD,AEA,EN,Federal Contract Tower,0,3,0,0,3,0,0,0,0,0,0,3,0,0,3,0,0,0,3
03/22/2018,HGR,MD,AEA,EN,Federal Contract Tower,0,10,8,12,30,0,3,28,22,53,0,13,36,34,83,0,0,0,83
03/23/2018,HGR,MD,AEA,EN,Federal Contract Tower,2,7,9,0,18,0,4,47,34,85,2,11,56,34,103,26,0,26,129
03/24/2018,HGR,MD,AEA,EN,Federal Contract Tower,0,7,4,0,11,0,9,89,0,98,0,16,93,0,109,120,0,120,229
03/25/2018,HGR,MD,AEA,EN,Federal Contract Tower,0,4,10,0,14,0,0,0,0,0,0,4,10,0,14,80,0,80,94
03/26/2018,HGR,MD,AEA,EN,Federal Contract Tower,2,9,16,1,28,0,3,86,26,115,2,12,102,27,143,108,0,108,251
03/27/2018,HGR,MD,AEA,EN,Federal Contract Tower,0,7,6,3,16,0,6,25,0,31,0,13,31,3,47,10,0,10,57
03/28/2018,HGR,MD,AEA,EN,Federal Contract Tower,0,8,14,18,40,0,0,0,0,0,0,8,14,18,40,0,0,0,40
03/29/2018,HGR,MD,AEA,EN,Federal Contract Tower,0,9,17,8,34,0,0,22,2,24,0,9,39,10,58,18,0,18,76
03/30/2018,HGR,MD,AEA,EN,Federal Contract Tower,2,8,20,7,37,0,5,30,7,42,2,13,50,14,79,2,0,2,81
03/31/2018,HGR,MD,AEA,EN,Federal Contract Tower,0,5,17,0,22,0,3,94,0,97,0,8,111,0,119,88,0,88,207
04/01/2018,HGR,MD,AEA,EN,Federal Contract Tower,0,4,7,0,11,0,2,16,0,18,0,6,23,0,29,22,0,22,51
04/02/2018,HGR,MD,AEA,EN,Federal Contract Tower,2,7,4,3,16,0,5,10,7,22,2,12,14,10,38,0,0,0,38
04/03/2018,HGR,MD,AEA,EN,Federal Contract Tower,0,5,15,12,32,0,0,2,5,7,0,5,17,17,39,0,0,0,39
04/04/2018,HGR,MD,AEA,EN,Federal Contract Tower,0,12,7,4,23,0,0,7,1,8,0,12,14,5,31,0,0,0,31
04/05/2018,HGR,MD,AEA,EN,Federal Contract Tower,0,8,17,3,28,0,0,60,24,84,0,8,77,27,112,42,2,44,156
04/06/2018,HGR,MD,AEA,EN,Federal Contract Tower,2,7,11,7,27,0,4,39,19,62,2,11,50,26,89,28,0,28,117
04/07/2018,HGR,MD,AEA,EN,Federal Contract Tower,0,6,11,0,17,0,1,49,0,50,0,7,60,0,67,22,0,22,89
04/08/2018,HGR,MD,AEA,EN,Federal Contract Tower,0,6,15,1,22,0,2,51,7,60,0,8,66,8,82,38,0,38,120
04/09/2018,HGR,MD,AEA,EN,Federal Contract Tower,2,8,6,21,37,0,3,6,2,11,2,11,12,23,48,0,0,0,48
04/10/2018,HGR,MD,AEA,EN,Federal Contract Tower,0,7,13,8,28,0,13,67,33,113,0,20,80,41,141,20,6,26,167
04/11/2018,HGR,MD,AEA,EN,Federal Contract Tower,0,12,15,4,31,0,10,75,42,127,0,22,90,46,158,70,0,70,228
04/12/2018,HGR,MD,AEA,EN,Federal Contract Tower,0,9,13,8,30,0,1,24,20,45,0,10,37,28,75,16,10,26,101
04/13/2018,HGR,MD,AEA,EN,Federal Contract Tower,2,10,21,6,39,0,6,56,17,79,2,16,77,23,118,48,26,74,192
04/14/2018,HGR,MD,AEA,EN,Federal Contract Tower,0,4,10,0,14,0,1,58,0,59,0,5,68,0,73,42,0,42,115
04/15/2018,HGR,MD,AEA,EN,Federal Contract Tower,0,4,6,0,10,0,0,1,0,1,0,4,7,0,11,0,0,0,11
04/16/2018,HGR,MD,AEA,EN,Federal Contract Tower,2,7,7,5,21,0,0,2,3,5,2,7,9,8,26,0,4,4,30
04/18/2018,HGR,MD,AEA,EN,Federal Contract Tower,0,8,19,4,31,0,5,86,20,111,0,13,105,24,142,84,0,84,226
04/19/2018,HGR,MD,AEA,EN,Federal Contract Tower,0,8,6,10,24,0,7,14,22,43,0,15,20,32,67,0,0,0,67
04/20/2018,HGR,MD,AEA,EN,Federal Contract Tower,2,8,18,2,30,0,3,65,26,94,2,11,83,28,124,58,0,58,182
04/21/2018,HGR,MD,AEA,EN,Federal Contract Tower,0,3,5,0,8,0,2,206,1,209,0,5,211,1,217,122,0,122,339
04/22/2018,HGR,MD,AEA,EN,Federal Contract Tower,0,2,9,1,12,0,2,86,0,88,0,4,95,1,100,40,0,40,140
04/23/2018,HGR,MD,AEA,EN,Federal Contract Tower,2,7,17,1,27,0,5,48,19,72,2,12,65,20,99,46,0,46,145
04/24/2018,HGR,MD,AEA,EN,Federal Contract Tower,0,9,4,16,29,0,0,10,13,23,0,9,14,29,52,0,0,0,52
04/25/2018,HGR,MD,AEA,EN,Federal Contract Tower,0,9,10,12,31,0,2,22,5,29,0,11,32,17,60,38,0,38,98
04/26/2018,HGR,MD,AEA,EN,Federal Contract Tower,0,12,8,0,20,0,0,68,19,87,0,12,76,19,107,94,0,94,201
04/27/2018,HGR,MD,AEA,EN,Federal Contract Tower,2,6,12,0,20,0,2,28,0,30,2,8,40,0,50,12,0,12,62
04/28/2018,HGR,MD,AEA,EN,Federal Contract Tower,1,4,8,0,13,0,5,51,9,65,1,9,59,9,78,60,0,60,138
04/29/2018,HGR,MD,AEA,EN,Federal Contract Tower,0,2,5,1,8,0,2,13,4,19,0,4,18,5,27,0,0,0,27
04/30/2018,HGR,MD,AEA,EN,Federal Contract Tower,2,7,12,2,23,0,3,34,1,38,2,10,46,3,61,34,0,34,95
05/01/2018,HGR,MD,AEA,EN,Federal Contract Tower,0,7,19,1,27,0,6,103,28,137,0,13,122,29,164,100,0,100,264
05/02/2018,HGR,MD,AEA,EN,Federal Contract Tower,0,10,13,7,30,0,10,100,28,138,0,20,113,35,168,88,0,88,256
05/03/2018,HGR,MD,AEA,EN,Federal Contract Tower,0,11,7,5,23,0,0,49,28,77,0,11,56,33,100,44,4,48,148
05/04/2018,HGR,MD,AEA,EN,Federal Contract Tower,2,9,13,2,26,0,4,54,14,72,2,13,67,16,98,92,4,96,194
05/05/2018,HGR,MD,AEA,EN,Federal Contract Tower,0,5,8,1,14,0,2,55,4,61,0,7,63,5,75,88,0,88,163
05/06/2018,HGR,MD,AEA,EN,Federal Contract Tower,0,4,26,2,32,0,1,5,3,9,0,5,31,5,41,0,0,0,41
05/07/2018,HGR,MD,AEA,EN,Federal Contract Tower,2,8,14,11,35,0,10,91,24,125,2,18,105,35,160,126,2,128,288
05/08/2018,HGR,MD,AEA,EN,Federal Contract Tower,1,7,19,1,28,0,4,115,33,152,1,11,134,34,180,174,10,184,364
05/09/2018,HGR,MD,AEA,EN,Federal Contract Tower,0,13,17,0,30,0,6,80,15,101,0,19,97,15,131,82,0,82,213
05/10/2018,HGR,MD,AEA,EN,Federal Contract Tower,0,11,6,0,17,0,6,14,6,26,0,17,20,6,43,16,0,16,59
05/11/2018,HGR,MD,AEA,EN,Federal Contract Tower,2,12,15,3,32,0,8,88,3,99,2,20,103,6,131,64,0,64,195
05/12/2018,HGR,MD,AEA,EN,Federal Contract Tower,0,5,17,0,22,0,9,64,2,75,0,14,81,2,97,74,0,74,171
05/13/2018,HGR,MD,AEA,EN,Federal Contract Tower,0,4,11,0,15,0,2,0,0,2,0,6,11,0,17,0,0,0,17
05/14/2018,HGR,MD,AEA,EN,Federal Contract Tower,2,9,16,5,32,0,0,15,10,25,2,9,31,15,57,46,4,50,107
05/15/2018,HGR,MD,AEA,EN,Federal Contract Tower,0,6,9,4,19,0,4,41,27,72,0,10,50,31,91,56,0,56,147
05/16/2018,HGR,MD,AEA,EN,Federal Contract Tower,0,9,15,16,40,0,0,0,0,0,0,9,15,16,40,0,0,0,40
05/17/2018,HGR,MD,AEA,EN,Federal Contract Tower,0,7,7,22,36,0,0,0,0,0,0,7,7,22,36,0,0,0,36
05/18/2018,HGR,MD,AEA,EN,Federal Contract Tower,2,10,20,12,44,0,0,6,5,11,2,10,26,17,55,2,0,2,57
05/19/2018,HGR,MD,AEA,EN,Federal Contract Tower,0,4,17,0,21,0,0,0,0,0,0,4,17,0,21,0,0,0,21
05/20/2018,HGR,MD,AEA,EN,Federal Contract Tower,0,4,23,1,28,0,0,59,0,59,0,4,82,1,87,44,0,44,131
05/21/2018,HGR,MD,AEA,EN,Federal Contract Tower,2,10,15,6,33,0,7,68,30,105,2,17,83,36,138,72,0,72,210
05/22/2018,HGR,MD,AEA,EN,Federal Contract Tower,0,13,19,18,50,0,10,8,4,22,0,23,27,22,72,0,12,12,84
05/23/2018,HGR,MD,AEA,EN,Federal Contract Tower,0,8,17,9,34,0,5,93,44,142,0,13,110,53,176,176,6,182,358
05/24/2018,HGR,MD,AEA,EN,Federal Contract Tower,0,12,10,3,25,0,4,84,27,115,0,16,94,30,140,78,6,84,224
05/25/2018,HGR,MD,AEA,EN,Federal Contract Tower,2,10,11,0,23,0,5,100,15,120,2,15,111,15,143,50,0,50,193
05/26/2018,HGR,MD,AEA,EN,Federal Contract Tower,0,5,7,0,12,0,4,71,0,75,0,9,78,0,87,38,0,38,125
05/27/2018,HGR,MD,AEA,EN,Federal Contract Tower,2,4,4,2,12,0,4,28,2,34,2,8,32,4,46,38,0,38,84
05/28/2018,HGR,MD,AEA,EN,Federal Contract Tower,2,8,10,0,20,0,4,6,0,10,2,12,16,0,30,6,0,6,36
05/29/2018,HGR,MD,AEA,EN,Federal Contract Tower,0,10,19,13,42,0,5,33,22,60,0,15,52,35,102,84,0,84,186
05/30/2018,HGR,MD,AEA,EN,Federal Contract Tower,0,12,18,15,45,0,1,12,12,25,0,13,30,27,70,0,0,0,70
05/31/2018,HGR,MD,AEA,EN,Federal Contract Tower,2,5,14,11,32,0,0,0,0,0,2,5,14,11,32,0,0,0,32
06/01/2018,HGR,MD,AEA,EN,Federal Contract Tower,2,10,9,4,25,0,3,27,16,46,2,13,36,20,71,0,0,0,71
06/02/2018,HGR,MD,AEA,EN,Federal Contract Tower,0,4,6,0,10,0,2,53,0,55,0,6,59,0,65,0,0,0,65
06/03/2018,HGR,MD,AEA,EN,Federal Contract Tower,2,4,6,0,12,0,0,0,1,1,2,4,6,1,13,0,0,0,13
06/04/2018,HGR,MD,AEA,EN,Federal Contract Tower,2,11,22,13,48,0,5,41,24,70,2,16,63,37,118,6,0,6,124
06/05/2018,HGR,MD,AEA,EN,Federal Contract Tower,0,8,11,5,24,0,3,72,26,101,0,11,83,31,125,68,0,68,193
06/06/2018,HGR,MD,AEA,EN,Federal Contract Tower,0,15,14,11,40,0,16,75,29,120,0,31,89,40,160,138,8,146,306
06/07/2018,HGR,MD,AEA,EN,Federal Contract Tower,2,11,11,5,29,0,14,83,44,141,2,25,94,49,170,70,16,86,256
06/08/2018,HGR,MD,AEA,EN,Federal Contract Tower,2,8,17,0,27,0,3,96,24,123,2,11,113,24,150,44,0,44,194
06/09/2018,HGR,MD,AEA,EN,Federal Contract Tower,0,4,11,0,15,0,2,43,0,45,0,6,54,0,60,2,0,2,62
06/10/2018,HGR,MD,AEA,EN,Federal Contract Tower,2,6,14,0,22,0,0,0,0,0,2,6,14,0,22,0,0,0,22
06/11/2018,HGR,MD,AEA,EN,Federal Contract Tower,2,8,10,19,39,0,3,4,1,8,2,11,14,20,47,0,0,0,47
06/12/2018,HGR,MD,AEA,EN,Federal Contract Tower,0,10,20,3,33,0,6,49,20,75,0,16,69,23,108,24,0,24,132
06/13/2018,HGR,MD,AEA,EN,Federal Contract Tower,0,10,18,11,39,0,8,51,23,82,0,18,69,34,121,34,4,38,159
06/14/2018,HGR,MD,AEA,EN,Federal Contract Tower,2,9,12,6,29,0,4,71,28,103,2,13,83,34,132,30,0,30,162
06/15/2018,HGR,MD,AEA,EN,Federal Contract Tower,2,7,8,0,17,0,9,95,19,123,2,16,103,19,140,62,0,62,202
06/16/2018,HGR,MD,AEA,EN,Federal Contract Tower,0,5,9,1,15,0,1,74,0,75,0,6,83,1,90,64,0,64,154
06/17/2018,HGR,MD,AEA,EN,Federal Contract Tower,2,4,5,2,13,0,2,108,0,110,2,6,113,2,123,38,0,38,161
06/18/2018,HGR,MD,AEA,EN,Federal Contract Tower,2,7,12,1,22,0,1,56,25,82,2,8,68,26,104,86,0,86,190
06/19/2018,HGR,MD,AEA,EN,Federal Contract Tower,0,13,6,8,27,0,2,54,28,84,0,15,60,36,111,50,0,50,161
06/20/2018,HGR,MD,AEA,EN,Federal Contract Tower,0,10,11,3,24,0,4,26,14,44,0,14,37,17,68,50,0,50,118
06/21/2018,HGR,MD,AEA,EN,Federal Contract Tower,2,8,16,7,33,0,0,30,3,33,2,8,46,10,66,14,0,14,80
06/22/2018,HGR,MD,AEA,EN,Federal Contract Tower,2,9,16,1,28,0,0,1,0,1,2,9,17,1,29,0,0,0,29
06/23/2018,HGR,MD,AEA,EN,Federal Contract Tower,0,6,10,6,22,0,2,3,0,5,0,8,13,6,27,8,0,8,35
06/24/2018,HGR,MD,AEA,EN,Federal Contract Tower,2,3,12,1,18,0,8,74,2,84,2,11,86,3,102,72,2,74,176
06/25/2018,HGR,MD,AEA,EN,Federal Contract Tower,2,9,18,0,29,0,4,77,25,106,2,13,95,25,135,68,0,68,203
06/26/2018,HGR,MD,AEA,EN,Federal Contract Tower,0,8,19,1,28,0,5,113,17,135,0,13,132,18,163,110,0,110,273
06/27/2018,HGR,MD,AEA,EN,Federal Contract Tower,0,11,16,11,38,0,2,13,3,18,0,13,29,14,56,6,0,6,62
06/28/2018,HGR,MD,AEA,EN,Federal Contract Tower,2,10,13,1,26,0,2,47,29,78,2,12,60,30,104,8,0,8,112
06/29/2018,HGR,MD,AEA,EN,Federal Contract Tower,2,8,14,1,25,0,0,91,9,100,2,8,105,10,125,60,0,60,185
06/30/2018,HGR,MD,AEA,EN,Federal Contract Tower,0,4,16,1,21,0,2,70,0,72,0,6,86,1,93,48,0,48,141
07/01/2018,HGR,MD,AEA,EN,Federal Contract Tower,2,4,8,0,14,0,3,87,0,90,2,7,95,0,104,46,0,46,150
07/02/2018,HGR,MD,AEA,EN,Federal Contract Tower,2,8,9,0,19,0,6,51,27,84,2,14,60,27,103,60,0,60,163
07/03/2018,HGR,MD,AEA,EN,Federal Contract Tower,0,6,11,2,19,0,8,64,3,75,0,14,75,5,94,40,0,40,134
07/04/2018,HGR,MD,AEA,EN,Federal Contract Tower,0,7,7,0,14,0,0,22,0,22,0,7,29,0,36,26,0,26,62
07/05/2018,HGR,MD,AEA,EN,Federal Contract Tower,2,8,5,2,17,0,0,24,4,28,2,8,29,6,45,22,0,22,67
07/06/2018,HGR,MD,AEA,EN,Federal Contract Tower,2,8,4,3,17,0,0,39,4,43,2,8,43,7,60,18,0,18,78
07/07/2018,HGR,MD,AEA,EN,Federal Contract Tower,0,4,12,0,16,0,5,93,25,123,0,9,105,25,139,38,0,38,177
07/08/2018,HGR,MD,AEA,EN,Federal Contract Tower,2,3,8,0,13,0,6,93,20,119,2,9,101,20,132,86,0,86,218
07/09/2018,HGR,MD,AEA,EN,Federal Contract Tower,2,10,11,0,23,0,7,90,49,146,2,17,101,49,169,52,140,192,361
07/10/2018,HGR,MD,AEA,EN,Federal Contract Tower,0,7,18,0,25,0,1,82,39,122,0,8,100,39,147,38,166,204,351
07/11/2018,HGR,MD,AEA,EN,Federal Contract Tower,0,7,14,0,21,0,0,46,50,96,0,7,60,50,117,76,212,288,405
07/12/2018,HGR,MD,AEA,EN,Federal Contract Tower,2,14,16,2,34,0,1,82,71,154,2,15,98,73,188,34,240,274,462
07/13/2018,HGR,MD,AEA,EN,Federal Contract Tower,2,7,6,1,16,0,5,73,35,113,2,12,79,36,129,34,146,180,309
07/14/2018,HGR,MD,AEA,EN,Federal Contract Tower,0,8,10,1,19,0,6,90,23,119,0,14,100,24,138,88,122,210,348
07/15/2018,HGR,MD,AEA,EN,Federal Contract Tower,1,3,6,0,10,0,3,41,9,53,1,6,47,9,63,24,30,54,117
07/16/2018,HGR,MD,AEA,EN,Federal Contract Tower,2,9,12,2,25,0,0,75,30,105,2,9,87,32,130,54,0,54,184
07/17/2018,HGR,MD,AEA,EN,Federal Contract Tower,0,13,5,18,36,0,2,11,15,28,0,15,16,33,64,6,6,12,76
07/18/2018,HGR,MD,AEA,EN,Federal Contract Tower,0,12,13,5,30,0,3,69,39,111,0,15,82,44,141,58,6,64,205
07/19/2018,HGR,MD,AEA,EN,Federal Contract Tower,2,10,10,6,28,0,11,91,35,137,2,21,101,41,165,62,2,64,229
07/20/2018,HGR,MD,AEA,EN,Federal Contract Tower,2,10,10,17,39,0,6,65,23,94,2,16,75,40,133,98,12,110,243
07/21/2018,HGR,MD,AEA,EN,Federal Contract Tower,0,4,9,0,13,0,2,6,0,8,0,6,15,0,21,6,0,6,27
07/22/2018,HGR,MD,AEA,EN,Federal Contract Tower,0,6,7,14,27,0,4,14,0,18,0,10,21,14,45,4,6,10,55
07/23/2018,HGR,MD,AEA,EN,Federal Contract Tower,2,9,11,0,22,0,0,0,0,0,2,9,11,0,22,0,0,0,22
07/24/2018,HGR,MD,AEA,EN,Federal Contract Tower,0,13,3,4,20,0,0,1,0,1,0,13,4,4,21,0,0,0,21
07/25/2018,HGR,MD,AEA,EN,Federal Contract Tower,0,11,13,2,26,0,0,1,0,1,0,11,14,2,27,0,0,0,27
07/26/2018,HGR,MD,AEA,EN,Federal Contract Tower,2,10,13,2,27,0,0,51,20,71,2,10,64,22,98,38,6,44,142
07/27/2018,HGR,MD,AEA,EN,Federal Contract Tower,0,7,12,4,23,0,0,61,14,75,0,7,73,18,98,86,0,86,184
07/28/2018,HGR,MD,AEA,EN,Federal Contract Tower,0,4,17,2,23,0,2,94,0,96,0,6,111,2,119,68,0,68,187
07/29/2018,HGR,MD,AEA,EN,Federal Contract Tower,2,4,10,0,16,0,2,74,0,76,2,6,84,0,92,18,0,18,110
07/30/2018,HGR,MD,AEA,EN,Federal Contract Tower,2,10,9,3,24,0,0,21,0,21,2,10,30,3,45,6,0,6,51
07/31/2018,HGR,MD,AEA,EN,Federal Contract Tower,0,9,16,21,46,0,2,16,3,21,0,11,32,24,67,8,0,8,75
08/01/2018,HGR,MD,AEA,EN,Federal Contract Tower,0,13,7,9,29,0,2,16,17,35,0,15,23,26,64,8,0,8,72
08/02/2018,HGR,MD,AEA,EN,Federal Contract Tower,2,6,5,22,35,0,0,11,6,17,2,6,16,28,52,0,0,0,52
08/03/2018,HGR,MD,AEA,EN,Federal Contract Tower,2,10,12,8,32,0,0,7,1,8,2,10,19,9,40,34,0,34,74
08/04/2018,HGR,MD,AEA,EN,Federal Contract Tower,0,4,9,2,15,0,1,103,3,107,0,5,112,5,122,30,0,30,152
08/05/2018,HGR,MD,AEA,EN,Federal Contract Tower,2,4,13,1,20,0,3,77,3,83,2,7,90,4,103,60,0,60,163
08/06/2018,HGR,MD,AEA,EN,Federal Contract Tower,2,8,16,0,26,0,4,70,12,86,2,12,86,12,112,78,0,78,190
08/07/2018,HGR,MD,AEA,EN,Federal Contract Tower,0,9,18,0,27,0,2,50,20,72,0,11,68,20,99,44,0,44,143
08/08/2018,HGR,MD,AEA,EN,Federal Contract Tower,0,10,8,0,18,0,14,43,22,79,0,24,51,22,97,28,0,28,125
08/09/2018,HGR,MD,AEA,EN,Federal Contract Tower,2,11,10,5,28,0,10,94,18,122,2,21,104,23,150,72,0,72,222
08/10/2018,HGR,MD,AEA,EN,Federal Contract Tower,2,9,3,1,15,0,18,77,14,109,2,27,80,15,124,92,0,92,216
08/11/2018,HGR,MD,AEA,EN,Federal Contract Tower,0,6,10,0,16,0,2,62,0,64,0,8,72,0,80,40,0,40,120
08/12/2018,HGR,MD,AEA,EN,Federal Contract Tower,2,5,17,2,26,0,10,33,0,43,2,15,50,2,69,26,0,26,95
08/13/2018,HGR,MD,AEA,EN,Federal Contract Tower,2,9,22,3,36,0,1,4,6,11,2,10,26,9,47,30,0,30,77
08/14/2018,HGR,MD,AEA,EN,Federal Contract Tower,0,11,9,6,26,0,9,64,23,96,0,20,73,29,122,106,8,114,236
08/15/2018,HGR,MD,AEA,EN,Federal Contract Tower,0,8,18,0,26,0,4,107,40,151,0,12,125,40,177,132,10,142,319
08/16/2018,HGR,MD,AEA,EN,Federal Contract Tower,0,8,7,7,22,0,0,79,36,115,0,8,86,43,137,86,12,98,235
08/17/2018,HGR,MD,AEA,EN,Federal Contract Tower,2,8,18,0,28,0,0,38,24,62,2,8,56,24,90,18,8,26,116
08/18/2018,HGR,MD,AEA,EN,Federal Contract Tower,0,4,8,0,12,0,0,47,0,47,0,4,55,0,59,38,0,38,97
08/19/2018,HGR,MD,AEA,EN,Federal Contract Tower,0,5,19,1,25,0,6,70,0,76,0,11,89,1,101,44,0,44,145
08/20/2018,HGR,MD,AEA,EN,Federal Contract Tower,2,16,23,14,55,0,8,25,0,33,2,24,48,14,88,28,0,28,116
08/21/2018,HGR,MD,AEA,EN,Federal Contract Tower,0,14,12,11,37,0,10,0,0,10,0,24,12,11,47,0,0,0,47
08/22/2018,HGR,MD,AEA,EN,Federal Contract Tower,0,11,22,1,34,0,0,54,26,80,0,11,76,27,114,82,0,82,196
08/23/2018,HGR,MD,AEA,EN,Federal Contract Tower,0,10,19,4,33,0,3,88,24,115,0,13,107,28,148,54,0,54,202
08/24/2018,HGR,MD,AEA,EN,Federal Contract Tower,2,8,14,7,31,0,1,114,37,152,2,9,128,44,183,108,20,128,311
08/25/2018,HGR,MD,AEA,EN,Federal Contract Tower,0,4,10,1,15,0,0,96,33,129,0,4,106,34,144,78,0,78,222
08/26/2018,HGR,MD,AEA,EN,Federal Contract Tower,0,5,12,4,21,0,4,96,8,108,0,9,108,12,129,46,16,62,191
08/27/2018,HGR,MD,AEA,EN,Federal Contract Tower,2,11,24,0,37,0,2,21,4,27,2,13,45,4,64,4,0,4,68
08/28/2018,HGR,MD,AEA,EN,Federal Contract Tower,0,10,8,0,18,0,6,40,16,62,0,16,48,16,80,20,0,20,100
08/29/2018,HGR,MD,AEA,EN,Federal Contract Tower,0,11,10,3,24,0,9,46,14,69,0,20,56,17,93,22,0,22,115
08/30/2018,HGR,MD,AEA,EN,Federal Contract Tower,0,8,14,1,23,0,1,59,16,76,0,9,73,17,99,62,0,62,161
08/31/2018,HGR,MD,AEA,EN,Federal Contract Tower,2,8,16,6,32,0,9,22,4,35,2,17,38,10,67,0,0,0,67
09/01/2018,HGR,MD,AEA,EN,Federal Contract Tower,0,8,11,0,19,0,0,5,0,5,0,8,16,0,24,0,0,0,24
09/02/2018,HGR,MD,AEA,EN,Federal Contract Tower,0,4,4,0,8,0,3,29,1,33,0,7,33,1,41,16,0,16,57
09/03/2018,HGR,MD,AEA,EN,Federal Contract Tower,2,9,4,0,15,0,1,24,0,25,2,10,28,0,40,2,0,2,42
09/04/2018,HGR,MD,AEA,EN,Federal Contract Tower,0,14,8,0,22,0,2,24,11,37,0,16,32,11,59,10,0,10,69
09/05/2018,HGR,MD,AEA,EN,Federal Contract Tower,0,11,7,0,18,0,20,55,28,103,0,31,62,28,121,58,0,58,179
09/06/2018,HGR,MD,AEA,EN,Federal Contract Tower,0,14,9,0,23,0,0,61,23,84,0,14,70,23,107,4,0,4,111
09/08/2018,HGR,MD,AEA,EN,Federal Contract Tower,0,5,9,1,15,0,2,12,0,14,0,7,21,1,29,12,0,12,41
09/09/2018,HGR,MD,AEA,EN,Federal Contract Tower,0,5,12,0,17,0,0,0,0,0,0,5,12,0,17,0,0,0,17
09/10/2018,HGR,MD,AEA,EN,Federal Contract Tower,2,19,2,2,25,0,0,0,0,0,2,19,2,2,25,0,0,0,25
09/11/2018,HGR,MD,AEA,EN,Federal Contract Tower,0,16,19,27,62,0,7,6,9,22,0,23,25,36,84,52,0,52,136
09/12/2018,HGR,MD,AEA,EN,Federal Contract Tower,0,14,17,31,62,0,0,8,0,8,0,14,25,31,70,0,0,0,70
09/13/2018,HGR,MD,AEA,EN,Federal Contract Tower,0,15,14,9,38,0,5,22,18,45,0,20,36,27,83,48,0,48,131
09/14/2018,HGR,MD,AEA,EN,Federal Contract Tower,2,13,11,24,50,0,0,3,2,5,2,13,14,26,55,4,6,10,65
09/15/2018,HGR,MD,AEA,EN,Federal Contract Tower,0,5,19,0,24,0,5,13,0,18,0,10,32,0,42,2,0,2,44
09/16/2018,HGR,MD,AEA,EN,Federal Contract Tower,0,3,12,1,16,0,2,41,0,43,0,5,53,1,59,80,0,80,139
09/17/2018,HGR,MD,AEA,EN,Federal Contract Tower,2,14,12,5,33,0,2,0,0,2,2,16,12,5,35,0,0,0,35
09/18/2018,HGR,MD,AEA,EN,Federal Contract Tower,0,11,9,10,30,0,3,38,11,52,0,14,47,21,82,42,0,42,124
09/19/2018,HGR,MD,AEA,EN,Federal Contract Tower,2,9,13,2,26,0,7,106,31,144,2,16,119,33,170,62,0,62,232
09/20/2018,HGR,MD,AEA,EN,Federal Contract Tower,0,8,13,7,28,0,0,49,46,95,0,8,62,53,123,0,14,14,137
09/21/2018,HGR,MD,AEA,EN,Federal Contract Tower,2,8,21,19,50,0,5,7,3,15,2,13,28,22,65,4,2,6,71
09/22/2018,HGR,MD,AEA,EN,Federal Contract Tower,0,5,7,0,12,0,14,86,8,108,0,19,93,8,120,42,0,42,162
09/23/2018,HGR,MD,AEA,EN,Federal Contract Tower,0,4,7,0,11,0,2,0,0,2,0,6,7,0,13,0,0,0,13
09/24/2018,HGR,MD,AEA,EN,Federal Contract Tower,2,11,6,25,44,0,9,4,0,13,2,20,10,25,57,8,0,8,65
09/25/2018,HGR,MD,AEA,EN,Federal Contract Tower,0,12,14,30,56,0,0,2,0,2,0,12,16,30,58,0,0,0,58
09/26/2018,HGR,MD,AEA,EN,Federal Contract Tower,0,18,15,11,44,0,4,33,26,63,0,22,48,37,107,60,0,60,167
09/27/2018,HGR,MD,AEA,EN,Federal Contract Tower,0,10,19,11,40,0,3,26,34,63,0,13,45,45,103,28,6,34,137
09/28/2018,HGR,MD,AEA,EN,Federal Contract Tower,2,17,23,1,43,0,4,44,8,56,2,21,67,9,99,18,0,18,117
09/29/2018,HGR,MD,AEA,EN,Federal Contract Tower,0,6,4,0,10,0,8,49,0,57,0,14,53,0,67,12,0,12,79
09/30/2018,HGR,MD,AEA,EN,Federal Contract Tower,0,4,13,0,17,0,2,105,1,108,0,6,118,1,125,54,0,54,179
10/01/2018,HGR,MD,AEA,EN,Federal Contract Tower,2,13,21,3,39,0,3,53,17,73,2,16,74,20,112,44,0,44,156
10/02/2018,HGR,MD,AEA,EN,Federal Contract Tower,0,8,8,7,23,0,5,72,27,104,0,13,80,34,127,54,0,54,181
10/03/2018,HGR,MD,AEA,EN,Federal Contract Tower,0,10,17,1,28,0,4,88,28,120,0,14,105,29,148,82,0,82,230
10/04/2018,HGR,MD,AEA,EN,Federal Contract Tower,0,15,8,9,32,0,2,34,19,55,0,17,42,28,87,42,0,42,129
10/05/2018,HGR,MD,AEA,EN,Federal Contract Tower,2,9,24,14,49,0,6,43,4,53,2,15,67,18,102,50,0,50,152
10/06/2018,HGR,MD,AEA,EN,Federal Contract Tower,0,8,14,0,22,0,0,2,0,2,0,8,16,0,24,6,0,6,30
10/07/2018,HGR,MD,AEA,EN,Federal Contract Tower,0,8,21,0,29,0,2,50,1,53,0,10,71,1,82,14,0,14,96
10/08/2018,HGR,MD,AEA,EN,Federal Contract Tower,2,9,9,5,25,0,13,36,15,64,2,22,45,20,89,2,0,2,91
10/09/2018,HGR,MD,AEA,EN,Federal Contract Tower,0,8,18,10,36,0,2,62,34,98,0,10,80,44,134,18,0,18,152
10/10/2018,HGR,MD,AEA,EN,Federal Contract Tower,0,14,30,5,49,0,5,99,33,137,0,19,129,38,186,72,0,72,258
10/11/2018,HGR,MD,AEA,EN,Federal Contract Tower,0,9,7,9,25,0,0,4,1,5,0,9,11,10,30,2,0,2,32
10/12/2018,HGR,MD,AEA,EN,Federal Contract Tower,2,14,18,3,37,0,2,31,24,57,2,16,49,27,94,2,0,2,96
10/13/2018,HGR,MD,AEA,EN,Federal Contract Tower,0,4,10,0,14,0,3,34,0,37,0,7,44,0,51,14,0,14,65
10/14/2018,HGR,MD,AEA,EN,Federal Contract Tower,0,6,19,0,25,0,2,55,0,57,0,8,74,0,82,68,0,68,150
10/15/2018,HGR,MD,AEA,EN,Federal Contract Tower,2,8,11,18,39,0,2,9,2,13,2,10,20,20,52,0,0,0,52
10/16/2018,HGR,MD,AEA,EN,Federal Contract Tower,0,6,7,8,21,0,5,87,25,117,0,11,94,33,138,102,0,102,240
10/17/2018,HGR,MD,AEA,EN,Federal Contract Tower,0,11,13,7,31,0,7,60,40,107,0,18,73,47,138,38,0,38,176
10/18/2018,HGR,MD,AEA,EN,Federal Contract Tower,0,13,4,4,21,0,4,59,28,91,0,17,63,32,112,36,6,42,154
10/19/2018,HGR,MD,AEA,EN,Federal Contract Tower,2,9,22,7,40,0,2,89,34,125,2,11,111,41,165,48,0,48,213
10/20/2018,HGR,MD,AEA,EN,Federal Contract Tower,0,8,9,0,17,0,5,27,9,41,0,13,36,9,58,4,32,36,94
10/21/2018,HGR,MD,AEA,EN,Federal Contract Tower,0,4,7,8,19,0,1,4,0,5,0,5,11,8,24,0,0,0,24
10/22/2018,HGR,MD,AEA,EN,Federal Contract Tower,2,9,12,3,26,0,3,85,56,144,2,12,97,59,170,92,0,92,262
10/23/2018,HGR,MD,AEA,EN,Federal Contract Tower,0,11,10,5,26,0,3,63,47,113,0,14,73,52,139,0,0,0,139
10/24/2018,HGR,MD,AEA,EN,Federal Contract Tower,0,11,20,2,33,0,5,43,50,98,0,16,63,52,131,12,0,12,143
10/25/2018,HGR,MD,AEA,EN,Federal Contract Tower,0,8,18,2,28,0,2,89,55,146,0,10,107,57,174,32,0,32,206
10/26/2018,HGR,MD,AEA,EN,Federal Contract Tower,2,9,10,3,24,0,2,28,28,58,2,11,38,31,82,10,0,10,92
10/27/2018,HGR,MD,AEA,EN,Federal Contract Tower,0,4,5,0,9,0,0,0,0,0,0,4,5,0,9,0,0,0,9
10/28/2018,HGR,MD,AEA,EN,Federal Contract Tower,0,6,18,2,26,0,2,26,0,28,0,8,44,2,54,4,0,4,58
10/29/2018,HGR,MD,AEA,EN,Federal Contract Tower,2,11,19,2,34,0,1,17,22,40,2,12,36,24,74,2,0,2,76
10/30/2018,HGR,MD,AEA,EN,Federal Contract Tower,0,8,12,0,20,0,5,85,50,140,0,13,97,50,160,36,0,36,196
10/31/2018,HGR,MD,AEA,EN,Federal Contract Tower,0,9,11,0,20,0,8,91,60,159,0,17,102,60,179,92,8,100,279
11/01/2018,HGR,MD,AEA,EN,Federal Contract Tower,0,13,15,13,41,0,2,52,62,116,0,15,67,75,157,38,26,64,221
11/02/2018,HGR,MD,AEA,EN,Federal Contract Tower,2,8,13,3,26,0,20,11,0,31,2,28,24,3,57,0,0,0,57
11/03/2018,HGR,MD,AEA,EN,Federal Contract Tower,0,6,6,1,13,0,3,33,3,39,0,9,39,4,52,6,0,6,58
11/04/2018,HGR,MD,AEA,EN,Federal Contract Tower,0,6,16,1,23,0,8,136,3,147,0,14,152,4,170,96,4,100,270
11/05/2018,HGR,MD,AEA,EN,Federal Contract Tower,2,14,18,3,37,0,0,0,0,0,2,14,18,3,37,0,0,0,37
11/06/2018,HGR,MD,AEA,EN,Federal Contract Tower,0,10,13,11,34,0,3,12,7,22,0,13,25,18,56,16,10,26,82
11/07/2018,HGR,MD,AEA,EN,Federal Contract Tower,0,10,14,8,32,0,6,75,51,132,0,16,89,59,164,16,20,36,200
11/08/2018,HGR,MD,AEA,EN,Federal Contract Tower,0,14,22,0,36,0,5,87,52,144,0,19,109,52,180,54,24,78,258
11/09/2018,HGR,MD,AEA,EN,Federal Contract Tower,2,6,8,9,25,0,0,0,0,0,2,6,8,9,25,0,0,0,25
11/10/2018,HGR,MD,AEA,EN,Federal Contract Tower,0,4,6,0,10,0,2,3,0,5,0,6,9,0,15,2,0,2,17
11/11/2018,HGR,MD,AEA,EN,Federal Contract Tower,0,8,15,0,23,0,8,98,5,111,0,16,113,5,134,80,0,80,214
11/12/2018,HGR,MD,AEA,EN,Federal Contract Tower,2,9,9,3,23,0,3,24,22,49,2,12,33,25,72,38,2,40,112
11/13/2018,HGR,MD,AEA,EN,Federal Contract Tower,0,12,6,21,39,0,5,5,24,34,0,17,11,45,73,0,0,0,73
11/14/2018,HGR,MD,AEA,EN,Federal Contract Tower,0,12,24,0,36,0,7,46,49,102,0,19,70,49,138,36,2,38,176
11/15/2018,HGR,MD,AEA,EN,Federal Contract Tower,0,0,0,0,0,0,0,0,0,0,0,0,0,0,0,0,0,0,0
11/16/2018,HGR,MD,AEA,EN,Federal Contract Tower,2,11,11,3,27,0,0,12,29,41,2,11,23,32,68,0,0,0,68
11/17/2018,HGR,MD,AEA,EN,Federal Contract Tower,2,5,11,0,18,0,4,91,4,99,2,9,102,4,117,74,0,74,191
11/18/2018,HGR,MD,AEA,EN,Federal Contract Tower,0,4,9,0,13,0,8,29,0,37,0,12,38,0,50,28,0,28,78
11/19/2018,HGR,MD,AEA,EN,Federal Contract Tower,2,13,7,1,23,0,0,42,10,52,2,13,49,11,75,72,0,72,147
11/20/2018,HGR,MD,AEA,EN,Federal Contract Tower,2,4,5,8,19,0,3,43,36,82,2,7,48,44,101,40,0,40,141
11/21/2018,HGR,MD,AEA,EN,Federal Contract Tower,2,2,14,0,18,0,12,42,7,61,2,14,56,7,79,10,4,14,93
11/22/2018,HGR,MD,AEA,EN,Federal Contract Tower,0,12,3,0,15,0,0,11,0,11,0,12,14,0,26,0,0,0,26
11/23/2018,HGR,MD,AEA,EN,Federal Contract Tower,0,9,10,0,19,0,17,76,0,93,0,26,86,0,112,48,0,48,160
11/24/2018,HGR,MD,AEA,EN,Federal Contract Tower,2,2,1,0,5,0,0,0,0,0,2,2,1,0,5,0,0,0,5
11/25/2018,HGR,MD,AEA,EN,Federal Contract Tower,2,4,12,0,18,0,3,96,0,99,2,7,108,0,117,80,0,80,197
11/26/2018,HGR,MD,AEA,EN,Federal Contract Tower,2,10,7,5,24,0,0,0,0,0,2,10,7,5,24,0,0,0,24
11/27/2018,HGR,MD,AEA,EN,Federal Contract Tower,0,3,9,9,21,0,0,15,10,25,0,3,24,19,46,6,0,6,52
11/28/2018,HGR,MD,AEA,EN,Federal Contract Tower,0,6,1,3,10,0,2,1,31,34,0,8,2,34,44,0,28,28,72
11/29/2018,HGR,MD,AEA,EN,Federal Contract Tower,0,9,4,1,14,0,6,61,34,101,0,15,65,35,115,60,0,60,175
11/30/2018,HGR,MD,AEA,EN,Federal Contract Tower,2,11,7,16,36,0,0,32,0,32,2,11,39,16,68,38,0,38,106
12/01/2018,HGR,MD,AEA,EN,Federal Contract Tower,0,6,5,0,11,0,0,0,0,0,0,6,5,0,11,0,0,0,11
12/02/2018,HGR,MD,AEA,EN,Federal Contract Tower,0,5,2,0,7,0,0,0,0,0,0,5,2,0,7,0,0,0,7
12/03/2018,HGR,MD,AEA,EN,Federal Contract Tower,2,7,20,7,36,0,2,5,21,28,2,9,25,28,64,0,0,0,64
12/04/2018,HGR,MD,AEA,EN,Federal Contract Tower,0,9,8,12,29,0,17,44,22,83,0,26,52,34,112,38,4,42,154
12/05/2018,HGR,MD,AEA,EN,Federal Contract Tower,0,7,13,14,34,0,15,40,32,87,0,22,53,46,121,94,0,94,215
12/06/2018,HGR,MD,AEA,EN,Federal Contract Tower,0,8,13,14,35,0,5,61,32,98,0,13,74,46,133,32,18,50,183
12/07/2018,HGR,MD,AEA,EN,Federal Contract Tower,2,13,11,3,29,0,3,78,30,111,2,16,89,33,140,22,18,40,180
12/08/2018,HGR,MD,AEA,EN,Federal Contract Tower,0,3,10,0,13,0,2,86,17,105,0,5,96,17,118,108,26,134,252
12/09/2018,HGR,MD,AEA,EN,Federal Contract Tower,0,6,11,0,17,0,2,39,2,43,0,8,50,2,60,6,0,6,66
12/10/2018,HGR,MD,AEA,EN,Federal Contract Tower,2,7,10,0,19,0,4,82,39,125,2,11,92,39,144,70,4,74,218
12/11/2018,HGR,MD,AEA,EN,Federal Contract Tower,0,16,14,0,30,0,6,84,28,118,0,22,98,28,148,88,0,88,236
12/12/2018,HGR,MD,AEA,EN,Federal Contract Tower,0,9,14,2,25,0,7,51,15,73,0,16,65,17,98,16,4,20,118
12/13/2018,HGR,MD,AEA,EN,Federal Contract Tower,0,10,25,0,35,0,8,46,12,66,0,18,71,12,101,42,0,42,143
12/14/2018,HGR,MD,AEA,EN,Federal Contract Tower,2,22,6,4,34,0,0,2,0,2,2,22,8,4,36,0,0,0,36
12/15/2018,HGR,MD,AEA,EN,Federal Contract Tower,0,7,7,0,14,0,0,0,0,0,0,7,7,0,14,0,0,0,14
12/16/2018,HGR,MD,AEA,EN,Federal Contract Tower,0,8,13,0,21,0,1,0,0,1,0,9,13,0,22,0,0,0,22
12/17/2018,HGR,MD,AEA,EN,Federal Contract Tower,2,10,13,3,28,0,6,36,23,65,2,16,49,26,93,8,0,8,101
12/18/2018,HGR,MD,AEA,EN,Federal Contract Tower,0,8,7,2,17,0,2,44,22,68,0,10,51,24,85,40,0,40,125
12/19/2018,HGR,MD,AEA,EN,Federal Contract Tower,0,6,15,2,23,0,56,116,47,219,0,62,131,49,242,84,0,84,326
12/20/2018,HGR,MD,AEA,EN,Federal Contract Tower,0,13,16,4,33,0,4,11,1,16,0,17,27,5,49,6,0,6,55
12/21/2018,HGR,MD,AEA,EN,Federal Contract Tower,2,11,5,0,18,0,0,0,1,1,2,11,5,1,19,0,0,0,19
12/22/2018,HGR,MD,AEA,EN,Federal Contract Tower,2,7,2,1,12,0,3,14,1,18,2,10,16,2,30,0,0,0,30
12/23/2018,HGR,MD,AEA,EN,Federal Contract Tower,0,6,2,0,8,0,3,114,1,118,0,9,116,1,126,94,0,94,220
12/24/2018,HGR,MD,AEA,EN,Federal Contract Tower,2,9,3,0,14,0,4,12,0,16,2,13,15,0,30,10,0,10,40
12/25/2018,HGR,MD,AEA,EN,Federal Contract Tower,0,8,0,0,8,0,2,8,0,10,0,10,8,0,18,22,0,22,40
12/26/2018,HGR,MD,AEA,EN,Federal Contract Tower,2,8,7,2,19,0,6,92,15,113,2,14,99,17,132,54,0,54,186
12/27/2018,HGR,MD,AEA,EN,Federal Contract Tower,0,10,10,3,23,0,2,86,8,96,0,12,96,11,119,74,0,74,193
12/28/2018,HGR,MD,AEA,EN,Federal Contract Tower,2,7,3,0,12,0,0,0,0,0,2,7,3,0,12,0,0,0,12
12/29/2018,HGR,MD,AEA,EN,Federal Contract Tower,2,5,12,5,24,0,3,39,4,46,2,8,51,9,70,18,2,20,90
12/30/2018,HGR,MD,AEA,EN,Federal Contract Tower,0,6,3,0,9,0,6,96,0,102,0,12,99,0,111,108,0,108,219
12/31/2018,HGR,MD,AEA,EN,Federal Contract Tower,2,6,0,0,8,0,0,0,0,0,2,6,0,0,8,0,0,0,8
01/01/2019,HGR,MD,AEA,EN,Federal Contract Tower,0,10,2,0,12,0,9,8,0,17,0,19,10,0,29,0,0,0,29
01/02/2019,HGR,MD,AEA,EN,Federal Contract Tower,2,9,5,0,16,0,2,48,2,52,2,11,53,2,68,62,0,62,130
01/03/2019,HGR,MD,AEA,EN,Federal Contract Tower,0,10,7,1,18,0,0,58,11,69,0,10,65,12,87,36,0,36,123
01/04/2019,HGR,MD,AEA,EN,Federal Contract Tower,2,8,9,2,21,0,1,62,12,75,2,9,71,14,96,92,0,92,188
01/05/2019,HGR,MD,AEA,EN,Federal Contract Tower,0,4,3,0,7,0,2,17,0,19,0,6,20,0,26,20,0,20,46
01/06/2019,HGR,MD,AEA,EN,Federal Contract Tower,0,7,4,0,11,0,8,10,0,18,0,15,14,0,29,18,0,18,47
01/07/2019,HGR,MD,AEA,EN,Federal Contract Tower,2,7,10,2,21,0,0,53,16,69,2,7,63,18,90,44,0,44,134
01/08/2019,HGR,MD,AEA,EN,Federal Contract Tower,0,10,16,12,38,0,0,39,26,65,0,10,55,38,103,44,22,66,169
01/09/2019,HGR,MD,AEA,EN,Federal Contract Tower,0,7,5,15,27,0,2,13,22,37,0,9,18,37,64,0,0,0,64
01/10/2019,HGR,MD,AEA,EN,Federal Contract Tower,0,6,5,4,15,0,4,14,11,29,0,10,19,15,44,0,0,0,44
01/11/2019,HGR,MD,AEA,EN,Federal Contract Tower,2,8,5,8,23,0,8,47,19,74,2,16,52,27,97,36,30,66,163
01/12/2019,HGR,MD,AEA,EN,Federal Contract Tower,0,5,3,0,8,0,3,28,0,31,0,8,31,0,39,34,0,34,73
01/13/2019,HGR,MD,AEA,EN,Federal Contract Tower,0,5,0,0,5,0,0,0,0,0,0,5,0,0,5,0,0,0,5
01/14/2019,HGR,MD,AEA,EN,Federal Contract Tower,2,11,11,1,25,0,3,52,7,62,2,14,63,8,87,80,0,80,167
01/15/2019,HGR,MD,AEA,EN,Federal Contract Tower,0,12,22,4,38,0,9,78,26,113,0,21,100,30,151,86,0,86,237
01/16/2019,HGR,MD,AEA,EN,Federal Contract Tower,0,9,2,14,25,0,6,17,9,32,0,15,19,23,57,34,6,40,97
01/17/2019,HGR,MD,AEA,EN,Federal Contract Tower,0,8,4,12,24,0,7,35,9,51,0,15,39,21,75,58,4,62,137
01/18/2019,HGR,MD,AEA,EN,Federal Contract Tower,2,11,2,5,20,0,0,22,2,24,2,11,24,7,44,24,0,24,68
01/19/2019,HGR,MD,AEA,EN,Federal Contract Tower,0,0,2,0,2,0,0,6,0,6,0,0,8,0,8,0,0,0,8
01/20/2019,HGR,MD,AEA,EN,Federal Contract Tower,0,6,1,0,7,0,0,3,0,3,0,6,4,0,10,0,0,0,10
01/21/2019,HGR,MD,AEA,EN,Federal Contract Tower,2,8,2,0,12,0,4,4,0,8,2,12,6,0,20,2,0,2,22
01/22/2019,HGR,MD,AEA,EN,Federal Contract Tower,0,11,9,2,22,0,9,45,26,80,0,20,54,28,102,62,8,70,172
01/23/2019,HGR,MD,AEA,EN,Federal Contract Tower,0,7,3,3,13,0,9,16,18,43,0,16,19,21,56,0,10,10,66
01/24/2019,HGR,MD,AEA,EN,Federal Contract Tower,0,9,8,0,17,0,2,0,0,2,0,11,8,0,19,0,0,0,19
01/25/2019,HGR,MD,AEA,EN,Federal Contract Tower,2,9,16,1,28,0,11,49,14,74,2,20,65,15,102,10,8,18,120
01/26/2019,HGR,MD,AEA,EN,Federal Contract Tower,0,4,9,0,13,0,8,83,2,93,0,12,92,2,106,8,0,8,114
01/27/2019,HGR,MD,AEA,EN,Federal Contract Tower,0,7,9,0,16,0,2,34,2,38,0,9,43,2,54,20,0,20,74
01/28/2019,HGR,MD,AEA,EN,Federal Contract Tower,2,9,16,3,30,0,3,91,22,116,2,12,107,25,146,136,10,146,292
01/29/2019,HGR,MD,AEA,EN,Federal Contract Tower,0,10,0,12,22,0,0,9,8,17,0,10,9,20,39,64,0,64,103
01/30/2019,HGR,MD,AEA,EN,Federal Contract Tower,0,10,3,3,16,0,4,4,10,18,0,14,7,13,34,20,0,20,54
01/31/2019,HGR,MD,AEA,EN,Federal Contract Tower,0,11,6,9,26,0,5,63,24,92,0,16,69,33,118,96,6,102,220
02/01/2019,HGR,MD,AEA,EN,Federal Contract Tower,2,9,10,0,21,0,0,0,0,0,2,9,10,0,21,0,0,0,21
02/02/2019,HGR,MD,AEA,EN,Federal Contract Tower,0,4,9,0,13,0,1,29,1,31,0,5,38,1,44,18,0,18,62
02/03/2019,HGR,MD,AEA,EN,Federal Contract Tower,0,7,8,0,15,0,6,75,0,81,0,13,83,0,96,56,0,56,152
02/04/2019,HGR,MD,AEA,EN,Federal Contract Tower,2,11,26,3,42,0,4,77,17,98,2,15,103,20,140,112,0,112,252
02/05/2019,HGR,MD,AEA,EN,Federal Contract Tower,0,12,12,4,28,0,4,58,12,74,0,16,70,16,102,114,0,114,216
02/06/2019,HGR,MD,AEA,EN,Federal Contract Tower,0,7,12,3,22,0,2,8,14,24,0,9,20,17,46,32,0,32,78
02/07/2019,HGR,MD,AEA,EN,Federal Contract Tower,0,9,12,7,28,0,0,0,0,0,0,9,12,7,28,0,0,0,28
02/08/2019,HGR,MD,AEA,EN,Federal Contract Tower,2,12,2,4,20,0,1,14,9,24,2,13,16,13,44,0,0,0,44
02/09/2019,HGR,MD,AEA,EN,Federal Contract Tower,0,12,5,0,17,0,10,49,8,67,0,22,54,8,84,42,6,48,132
02/10/2019,HGR,MD,AEA,EN,Federal Contract Tower,0,9,10,0,19,0,1,89,5,95,0,10,99,5,114,74,4,78,192
02/11/2019,HGR,MD,AEA,EN,Federal Contract Tower,2,2,0,0,4,0,0,0,0,0,2,2,0,0,4,0,0,0,4
02/12/2019,HGR,MD,AEA,EN,Federal Contract Tower,0,0,1,0,1,0,0,0,0,0,0,0,1,0,1,0,0,0,1
02/13/2019,HGR,MD,AEA,EN,Federal Contract Tower,0,10,7,7,24,0,8,8,19,35,0,18,15,26,59,22,0,22,81
02/14/2019,HGR,MD,AEA,EN,Federal Contract Tower,0,12,8,2,22,0,2,75,19,96,0,14,83,21,118,40,0,40,158
02/15/2019,HGR,MD,AEA,EN,Federal Contract Tower,2,9,14,0,25,0,2,52,5,59,2,11,66,5,84,44,0,44,128
02/16/2019,HGR,MD,AEA,EN,Federal Contract Tower,0,5,9,0,14,0,2,70,0,72,0,7,79,0,86,74,0,74,160
02/17/2019,HGR,MD,AEA,EN,Federal Contract Tower,0,6,13,0,19,0,0,40,1,41,0,6,53,1,60,56,0,56,116
02/18/2019,HGR,MD,AEA,EN,Federal Contract Tower,2,9,11,0,22,0,6,26,3,35,2,15,37,3,57,6,0,6,63
02/19/2019,HGR,MD,AEA,EN,Federal Contract Tower,0,8,10,2,20,0,5,83,15,103,0,13,93,17,123,134,0,134,257
02/20/2019,HGR,MD,AEA,EN,Federal Contract Tower,0,0,0,0,0,0,0,0,0,0,0,0,0,0,0,0,0,0,0
02/21/2019,HGR,MD,AEA,EN,Federal Contract Tower,0,12,9,3,24,0,3,53,11,67,0,15,62,14,91,40,0,40,131
02/22/2019,HGR,MD,AEA,EN,Federal Contract Tower,2,11,10,0,23,0,4,94,8,106,2,15,104,8,129,92,0,92,221
02/23/2019,HGR,MD,AEA,EN,Federal Contract Tower,0,4,8,6,18,0,2,20,4,26,0,6,28,10,44,36,4,40,84
02/24/2019,HGR,MD,AEA,EN,Federal Contract Tower,0,4,5,0,9,0,0,0,0,0,0,4,5,0,9,0,0,0,9
02/25/2019,HGR,MD,AEA,EN,Federal Contract Tower,2,8,1,0,11,0,0,4,2,6,2,8,5,2,17,0,0,0,17
02/26/2019,HGR,MD,AEA,EN,Federal Contract Tower,0,11,20,1,32,0,12,68,43,123,0,23,88,44,155,106,16,122,277
02/27/2019,HGR,MD,AEA,EN,Federal Contract Tower,0,6,11,4,21,0,16,56,35,107,0,22,67,39,128,40,6,46,174
02/28/2019,HGR,MD,AEA,EN,Federal Contract Tower,0,13,14,1,28,0,10,71,25,106,0,23,85,26,134,88,0,88,222
03/01/2019,HGR,MD,AEA,EN,Federal Contract Tower,2,9,10,0,21,0,0,2,0,2,2,9,12,0,23,0,0,0,23
03/02/2019,HGR,MD,AEA,EN,Federal Contract Tower,0,6,5,0,11,0,0,4,0,4,0,6,9,0,15,16,0,16,31
03/03/2019,HGR,MD,AEA,EN,Federal Contract Tower,0,2,0,0,2,0,0,0,0,0,0,2,0,0,2,0,0,0,2
03/04/2019,HGR,MD,AEA,EN,Federal Contract Tower,2,10,8,15,35,0,0,42,24,66,2,10,50,39,101,48,0,48,149
03/05/2019,HGR,MD,AEA,EN,Federal Contract Tower,0,9,10,1,20,0,3,67,27,97,0,12,77,28,117,110,0,110,227
03/06/2019,HGR,MD,AEA,EN,Federal Contract Tower,2,9,12,11,34,0,4,39,51,94,2,13,51,62,128,60,0,60,188
03/07/2019,HGR,MD,AEA,EN,Federal Contract Tower,0,8,10,4,22,0,10,59,52,121,0,18,69,56,143,60,6,66,209
03/08/2019,HGR,MD,AEA,EN,Federal Contract Tower,2,14,12,4,32,0,0,12,4,16,2,14,24,8,48,0,0,0,48
03/09/2019,HGR,MD,AEA,EN,Federal Contract Tower,0,4,8,0,12,0,2,27,0,29,0,6,35,0,41,32,0,32,73
03/10/2019,HGR,MD,AEA,EN,Federal Contract Tower,0,6,12,1,19,0,2,25,0,27,0,8,37,1,46,22,0,22,68
03/11/2019,HGR,MD,AEA,EN,Federal Contract Tower,2,10,14,0,26,0,0,54,19,73,2,10,68,19,99,54,0,54,153
03/12/2019,HGR,MD,AEA,EN,Federal Contract Tower,0,9,7,0,16,0,5,65,29,99,0,14,72,29,115,74,6,80,195
03/13/2019,HGR,MD,AEA,EN,Federal Contract Tower,2,6,9,1,18,0,6,68,30,104,2,12,77,31,122,52,0,52,174
03/14/2019,HGR,MD,AEA,EN,Federal Contract Tower,0,11,10,0,21,0,0,61,34,95,0,11,71,34,116,54,0,54,170
03/15/2019,HGR,MD,AEA,EN,Federal Contract Tower,2,9,6,1,18,0,4,44,19,67,2,13,50,20,85,80,0,80,165
03/16/2019,HGR,MD,AEA,EN,Federal Contract Tower,0,5,6,0,11,0,22,23,0,45,0,27,29,0,56,6,0,6,62
03/17/2019,HGR,MD,AEA,EN,Federal Contract Tower,0,8,12,0,20,0,2,59,3,64,0,10,71,3,84,26,0,26,110
03/18/2019,HGR,MD,AEA,EN,Federal Contract Tower,2,8,16,0,26,0,4,52,14,70,2,12,68,14,96,16,0,16,112
03/19/2019,HGR,MD,AEA,EN,Federal Contract Tower,0,9,13,1,23,0,2,63,12,77,0,11,76,13,100,32,0,32,132
03/20/2019,HGR,MD,AEA,EN,Federal Contract Tower,2,10,10,10,32,0,7,75,31,113,2,17,85,41,145,48,10,58,203
03/21/2019,HGR,MD,AEA,EN,Federal Contract Tower,0,10,17,0,27,0,0,0,0,0,0,10,17,0,27,0,0,0,27
03/22/2019,HGR,MD,AEA,EN,Federal Contract Tower,2,9,9,10,30,0,0,11,5,16,2,9,20,15,46,0,0,0,46
03/23/2019,HGR,MD,AEA,EN,Federal Contract Tower,0,5,4,2,11,0,3,36,1,40,0,8,40,3,51,16,0,16,67
03/24/2019,HGR,MD,AEA,EN,Federal Contract Tower,0,7,12,1,20,0,3,84,8,95,0,10,96,9,115,60,6,66,181
03/25/2019,HGR,MD,AEA,EN,Federal Contract Tower,2,8,9,4,23,0,0,17,17,34,2,8,26,21,57,38,0,38,95
03/26/2019,HGR,MD,AEA,EN,Federal Contract Tower,0,7,8,5,20,0,1,63,34,98,0,8,71,39,118,42,0,42,160
03/27/2019,HGR,MD,AEA,EN,Federal Contract Tower,2,7,16,4,29,0,15,75,35,125,2,22,91,39,154,48,22,70,224
03/28/2019,HGR,MD,AEA,EN,Federal Contract Tower,0,11,12,1,24,0,3,71,30,104,0,14,83,31,128,82,2,84,212
03/29/2019,HGR,MD,AEA,EN,Federal Contract Tower,2,8,16,9,35,0,4,54,15,73,2,12,70,24,108,32,0,32,140
03/30/2019,HGR,MD,AEA,EN,Federal Contract Tower,0,5,12,0,17,0,6,59,2,67,0,11,71,2,84,22,0,22,106
03/31/2019,HGR,MD,AEA,EN,Federal Contract Tower,0,6,3,0,9,0,2,11,0,13,0,8,14,0,22,30,0,30,52
04/01/2019,HGR,MD,AEA,EN,Federal Contract Tower,2,11,12,4,29,0,2,50,23,75,2,13,62,27,104,14,0,14,118
04/02/2019,HGR,MD,AEA,EN,Federal Contract Tower,0,9,16,2,27,0,6,44,28,78,0,15,60,30,105,58,0,58,163
04/03/2019,HGR,MD,AEA,EN,Federal Contract Tower,2,7,6,5,20,0,8,24,44,76,2,15,30,49,96,54,0,54,150
04/04/2019,HGR,MD,AEA,EN,Federal Contract Tower,0,9,18,4,31,0,4,80,29,113,0,13,98,33,144,60,0,60,204
04/05/2019,HGR,MD,AEA,EN,Federal Contract Tower,2,9,4,16,31,0,3,1,0,4,2,12,5,16,35,0,0,0,35
04/06/2019,HGR,MD,AEA,EN,Federal Contract Tower,0,8,10,0,18,0,1,61,7,69,0,9,71,7,87,28,0,28,115
04/07/2019,HGR,MD,AEA,EN,Federal Contract Tower,0,10,6,0,16,0,2,33,4,39,0,12,39,4,55,0,0,0,55
04/08/2019,HGR,MD,AEA,EN,Federal Contract Tower,2,9,4,4,19,0,5,31,22,58,2,14,35,26,77,28,22,50,127
04/09/2019,HGR,MD,AEA,EN,Federal Contract Tower,0,10,7,6,23,0,3,51,28,82,0,13,58,34,105,82,16,98,203
04/10/2019,HGR,MD,AEA,EN,Federal Contract Tower,2,9,11,1,23,0,2,87,31,120,2,11,98,32,143,68,0,68,211
04/11/2019,HGR,MD,AEA,EN,Federal Contract Tower,0,11,11,3,25,0,3,55,26,84,0,14,66,29,109,22,0,22,131
04/12/2019,HGR,MD,AEA,EN,Federal Contract Tower,2,15,10,17,44,0,1,17,6,24,2,16,27,23,68,0,0,0,68
04/13/2019,HGR,MD,AEA,EN,Federal Contract Tower,0,6,7,0,13,0,7,135,0,142,0,13,142,0,155,174,0,174,329
04/14/2019,HGR,MD,AEA,EN,Federal Contract Tower,0,8,5,0,13,0,0,4,0,4,0,8,9,0,17,2,0,2,19
04/15/2019,HGR,MD,AEA,EN,Federal Contract Tower,2,9,8,0,19,0,2,8,0,10,2,11,16,0,29,0,0,0,29
04/16/2019,HGR,MD,AEA,EN,Federal Contract Tower,0,10,11,5,26,0,5,72,35,112,0,15,83,40,138,68,36,104,242
04/17/2019,HGR,MD,AEA,EN,Federal Contract Tower,2,6,9,9,26,0,8,65,30,103,2,14,74,39,129,60,12,72,201
04/18/2019,HGR,MD,AEA,EN,Federal Contract Tower,0,9,13,7,29,0,2,62,23,87,0,11,75,30,116,78,0,78,194
04/19/2019,HGR,MD,AEA,EN,Federal Contract Tower,2,3,10,0,15,0,1,12,3,16,2,4,22,3,31,2,0,2,33
04/20/2019,HGR,MD,AEA,EN,Federal Contract Tower,0,5,16,0,21,0,7,19,0,26,0,12,35,0,47,10,0,10,57
04/21/2019,HGR,MD,AEA,EN,Federal Contract Tower,0,5,5,1,11,0,1,44,0,45,0,6,49,1,56,32,0,32,88
04/22/2019,HGR,MD,AEA,EN,Federal Contract Tower,2,10,16,2,30,0,3,81,14,98,2,13,97,16,128,90,0,90,218
04/23/2019,HGR,MD,AEA,EN,Federal Contract Tower,0,11,16,3,30,0,9,64,13,86,0,20,80,16,116,78,0,78,194
04/24/2019,HGR,MD,AEA,EN,Federal Contract Tower,0,9,12,3,24,0,0,43,19,62,0,9,55,22,86,56,0,56,142
04/25/2019,HGR,MD,AEA,EN,Federal Contract Tower,0,8,10,7,25,0,6,47,19,72,0,14,57,26,97,78,0,78,175
04/26/2019,HGR,MD,AEA,EN,Federal Contract Tower,2,7,10,1,20,0,1,7,0,8,2,8,17,1,28,0,0,0,28
04/27/2019,HGR,MD,AEA,EN,Federal Contract Tower,0,7,4,0,11,0,7,24,0,31,0,14,28,0,42,0,0,0,42
04/28/2019,HGR,MD,AEA,EN,Federal Contract Tower,0,6,9,0,15,0,2,31,0,33,0,8,40,0,48,24,0,24,72
04/29/2019,HGR,MD,AEA,EN,Federal Contract Tower,2,10,15,0,27,0,8,56,7,71,2,18,71,7,98,98,0,98,196
04/30/2019,HGR,MD,AEA,EN,Federal Contract Tower,0,11,14,7,32,0,16,39,15,70,0,27,53,22,102,92,4,96,198
05/01/2019,HGR,MD,AEA,EN,Federal Contract Tower,0,8,15,9,32,0,2,5,0,7,0,10,20,9,39,10,0,10,49
05/02/2019,HGR,MD,AEA,EN,Federal Contract Tower,0,7,19,7,33,0,6,46,31,83,0,13,65,38,116,52,24,76,192
05/03/2019,HGR,MD,AEA,EN,Federal Contract Tower,2,15,16,4,37,0,23,16,8,47,2,38,32,12,84,0,0,0,84
05/04/2019,HGR,MD,AEA,EN,Federal Contract Tower,0,4,9,0,13,0,3,14,0,17,0,7,23,0,30,8,0,8,38
05/05/2019,HGR,MD,AEA,EN,Federal Contract Tower,0,7,11,2,20,0,0,0,0,0,0,7,11,2,20,0,0,0,20
05/06/2019,HGR,MD,AEA,EN,Federal Contract Tower,2,11,13,1,27,0,9,71,25,105,2,20,84,26,132,102,0,102,234
05/07/2019,HGR,MD,AEA,EN,Federal Contract Tower,0,9,10,1,20,0,5,73,29,107,0,14,83,30,127,76,4,80,207
05/08/2019,HGR,MD,AEA,EN,Federal Contract Tower,0,8,24,10,42,0,6,59,7,72,0,14,83,17,114,46,4,50,164
05/09/2019,HGR,MD,AEA,EN,Federal Contract Tower,0,10,9,10,29,0,0,18,4,22,0,10,27,14,51,8,0,8,59
05/10/2019,HGR,MD,AEA,EN,Federal Contract Tower,2,7,15,2,26,0,4,26,8,38,2,11,41,10,64,8,0,8,72
05/11/2019,HGR,MD,AEA,EN,Federal Contract Tower,0,4,15,0,19,0,2,91,0,93,0,6,106,0,112,54,0,54,166
05/12/2019,HGR,MD,AEA,EN,Federal Contract Tower,0,7,14,0,21,0,0,0,0,0,0,7,14,0,21,0,0,0,21
05/13/2019,HGR,MD,AEA,EN,Federal Contract Tower,2,15,13,22,52,0,0,1,0,1,2,15,14,22,53,0,0,0,53
05/14/2019,HGR,MD,AEA,EN,Federal Contract Tower,0,12,10,4,26,0,14,47,33,94,0,26,57,37,120,6,10,16,136
05/15/2019,HGR,MD,AEA,EN,Federal Contract Tower,0,8,13,2,23,0,6,87,39,132,0,14,100,41,155,78,10,88,243
05/16/2019,HGR,MD,AEA,EN,Federal Contract Tower,2,13,13,0,28,0,11,80,40,131,2,24,93,40,159,96,0,96,255
05/17/2019,HGR,MD,AEA,EN,Federal Contract Tower,2,10,16,4,32,6,74,18,0,98,8,84,34,4,130,106,0,106,236
05/18/2019,HGR,MD,AEA,EN,Federal Contract Tower,0,5,21,0,26,0,3,166,0,169,0,8,187,0,195,50,0,50,245
05/19/2019,HGR,MD,AEA,EN,Federal Contract Tower,2,7,8,0,17,0,0,31,0,31,2,7,39,0,48,4,0,4,52
05/20/2019,HGR,MD,AEA,EN,Federal Contract Tower,2,9,13,1,25,0,2,46,21,69,2,11,59,22,94,12,0,12,106
05/21/2019,HGR,MD,AEA,EN,Federal Contract Tower,0,14,12,5,31,0,4,56,28,88,0,18,68,33,119,70,0,70,189
05/22/2019,HGR,MD,AEA,EN,Federal Contract Tower,0,8,14,2,24,0,2,74,33,109,0,10,88,35,133,60,0,60,193
05/23/2019,HGR,MD,AEA,EN,Federal Contract Tower,2,7,6,0,15,0,9,49,28,86,2,16,55,28,101,22,0,22,123
05/24/2019,HGR,MD,AEA,EN,Federal Contract Tower,2,13,34,0,49,0,3,107,35,145,2,16,141,35,194,67,0,67,261
05/25/2019,HGR,MD,AEA,EN,Federal Contract Tower,0,7,15,0,22,0,1,75,0,76,0,8,90,0,98,60,0,60,158
05/26/2019,HGR,MD,AEA,EN,Federal Contract Tower,2,6,8,2,18,0,1,32,0,33,2,7,40,2,51,52,0,52,103
05/27/2019,HGR,MD,AEA,EN,Federal Contract Tower,2,7,12,0,21,0,0,71,4,75,2,7,83,4,96,92,0,92,188
05/28/2019,HGR,MD,AEA,EN,Federal Contract Tower,0,9,11,8,28,0,7,51,12,70,0,16,62,20,98,70,18,88,186
05/29/2019,HGR,MD,AEA,EN,Federal Contract Tower,0,6,8,0,14,0,0,37,4,41,0,6,45,4,55,14,0,14,69
05/30/2019,HGR,MD,AEA,EN,Federal Contract Tower,2,12,12,4,30,0,0,74,14,88,2,12,86,18,118,82,0,82,200
05/31/2019,HGR,MD,AEA,EN,Federal Contract Tower,2,7,20,1,30,0,2,104,15,121,2,9,124,16,151,92,0,92,243
06/01/2019,HGR,MD,AEA,EN,Federal Contract Tower,0,4,3,0,7,0,3,69,1,73,0,7,72,1,80,70,12,82,162
06/02/2019,HGR,MD,AEA,EN,Federal Contract Tower,2,7,8,0,17,0,3,47,0,50,2,10,55,0,67,26,0,26,93
06/03/2019,HGR,MD,AEA,EN,Federal Contract Tower,2,9,16,0,27,0,3,66,10,79,2,12,82,10,106,68,0,68,174
06/04/2019,HGR,MD,AEA,EN,Federal Contract Tower,0,7,12,1,20,0,2,87,8,97,0,9,99,9,117,102,0,102,219
06/05/2019,HGR,MD,AEA,EN,Federal Contract Tower,1,7,12,1,21,0,5,41,6,52,1,12,53,7,73,58,0,58,131
06/06/2019,HGR,MD,AEA,EN,Federal Contract Tower,4,10,9,0,23,0,1,51,17,69,4,11,60,17,92,82,0,82,174
06/07/2019,HGR,MD,AEA,EN,Federal Contract Tower,2,7,23,2,34,0,12,62,3,77,2,19,85,5,111,86,0,86,197
06/08/2019,HGR,MD,AEA,EN,Federal Contract Tower,0,4,11,0,15,0,1,124,0,125,0,5,135,0,140,66,0,66,206
06/09/2019,HGR,MD,AEA,EN,Federal Contract Tower,2,7,10,1,20,0,3,14,0,17,2,10,24,1,37,10,0,10,47
06/10/2019,HGR,MD,AEA,EN,Federal Contract Tower,2,8,14,2,26,0,0,0,0,0,2,8,14,2,26,0,0,0,26
06/11/2019,HGR,MD,AEA,EN,Federal Contract Tower,0,9,10,2,21,0,11,93,41,145,0,20,103,43,166,46,0,46,212
06/12/2019,HGR,MD,AEA,EN,Federal Contract Tower,1,5,13,2,21,0,4,81,10,95,1,9,94,12,116,70,0,70,186
06/13/2019,HGR,MD,AEA,EN,Federal Contract Tower,4,8,17,7,36,0,0,8,1,9,4,8,25,8,45,8,0,8,53
06/14/2019,HGR,MD,AEA,EN,Federal Contract Tower,2,8,10,1,21,0,7,57,5,69,2,15,67,6,90,34,0,34,124
06/15/2019,HGR,MD,AEA,EN,Federal Contract Tower,0,4,10,0,14,0,6,83,0,89,0,10,93,0,103,88,0,88,191
06/16/2019,HGR,MD,AEA,EN,Federal Contract Tower,4,5,8,0,17,0,5,69,0,74,4,10,77,0,91,18,0,18,109
06/17/2019,HGR,MD,AEA,EN,Federal Contract Tower,2,11,8,0,21,0,3,27,7,37,2,14,35,7,58,0,0,0,58
06/18/2019,HGR,MD,AEA,EN,Federal Contract Tower,0,16,2,4,22,0,0,42,10,52,0,16,44,14,74,36,0,36,110
06/19/2019,HGR,MD,AEA,EN,Federal Contract Tower,0,6,16,9,31,0,1,25,17,43,0,7,41,26,74,50,0,50,124
06/20/2019,HGR,MD,AEA,EN,Federal Contract Tower,4,8,11,3,26,0,5,52,13,70,4,13,63,16,96,62,0,62,158
06/21/2019,HGR,MD,AEA,EN,Federal Contract Tower,2,11,18,11,42,0,4,57,13,74,2,15,75,24,116,0,0,0,116
06/22/2019,HGR,MD,AEA,EN,Federal Contract Tower,0,4,13,3,20,0,2,107,2,111,0,6,120,5,131,28,0,28,159
06/23/2019,HGR,MD,AEA,EN,Federal Contract Tower,4,6,19,1,30,0,2,94,2,98,4,8,113,3,128,102,0,102,230
06/24/2019,HGR,MD,AEA,EN,Federal Contract Tower,2,7,15,2,26,0,9,37,3,49,2,16,52,5,75,0,0,0,75
06/25/2019,HGR,MD,AEA,EN,Federal Contract Tower,0,13,5,2,20,0,9,51,23,83,0,22,56,25,103,38,0,38,141
06/26/2019,HGR,MD,AEA,EN,Federal Contract Tower,2,7,14,4,27,0,2,62,19,83,2,9,76,23,110,84,0,84,194
06/27/2019,HGR,MD,AEA,EN,Federal Contract Tower,3,12,9,0,24,0,6,85,23,114,3,18,94,23,138,80,0,80,218
06/28/2019,HGR,MD,AEA,EN,Federal Contract Tower,2,8,14,3,27,0,6,75,2,83,2,14,89,5,110,44,0,44,154
06/29/2019,HGR,MD,AEA,EN,Federal Contract Tower,0,4,55,0,59,0,1,142,0,143,0,5,197,0,202,72,0,72,274
06/30/2019,HGR,MD,AEA,EN,Federal Contract Tower,4,6,5,0,15,0,0,39,0,39,4,6,44,0,54,4,0,4,58
07/01/2019,HGR,MD,AEA,EN,Federal Contract Tower,2,8,16,0,26,0,4,62,4,70,2,12,78,4,96,40,0,40,136
07/02/2019,HGR,MD,AEA,EN,Federal Contract Tower,0,7,9,5,21,0,3,50,17,70,0,10,59,22,91,34,26,60,151
07/03/2019,HGR,MD,AEA,EN,Federal Contract Tower,2,6,9,2,19,0,16,42,4,62,2,22,51,6,81,14,0,14,95
07/04/2019,HGR,MD,AEA,EN,Federal Contract Tower,4,8,2,0,14,0,3,48,1,52,4,11,50,1,66,38,0,38,104
07/05/2019,HGR,MD,AEA,EN,Federal Contract Tower,2,9,6,0,17,0,0,36,8,44,2,9,42,8,61,0,0,0,61
07/06/2019,HGR,MD,AEA,EN,Federal Contract Tower,0,4,8,2,14,0,4,45,35,84,0,8,53,37,98,26,14,40,138
07/07/2019,HGR,MD,AEA,EN,Federal Contract Tower,4,9,8,0,21,0,0,14,51,65,4,9,22,51,86,8,58,66,152
07/08/2019,HGR,MD,AEA,EN,Federal Contract Tower,2,11,25,16,54,0,1,4,39,44,2,12,29,55,98,10,52,62,160
07/09/2019,HGR,MD,AEA,EN,Federal Contract Tower,0,8,9,13,30,0,13,60,66,139,0,21,69,79,169,46,186,232,401
07/10/2019,HGR,MD,AEA,EN,Federal Contract Tower,2,11,4,1,18,0,2,63,64,129,2,13,67,65,147,50,278,328,475
07/11/2019,HGR,MD,AEA,EN,Federal Contract Tower,3,8,6,7,24,0,0,45,43,88,3,8,51,50,112,26,178,204,316
07/12/2019,HGR,MD,AEA,EN,Federal Contract Tower,2,9,16,2,29,0,2,80,64,146,2,11,96,66,175,30,258,288,463
07/13/2019,HGR,MD,AEA,EN,Federal Contract Tower,1,5,8,1,15,0,1,103,48,152,1,6,111,49,167,76,314,390,557
07/14/2019,HGR,MD,AEA,EN,Federal Contract Tower,4,6,8,3,21,0,1,98,8,107,4,7,106,11,128,32,26,58,186
07/15/2019,HGR,MD,AEA,EN,Federal Contract Tower,2,8,11,2,23,0,3,81,29,113,2,11,92,31,136,40,0,40,176
07/16/2019,HGR,MD,AEA,EN,Federal Contract Tower,0,11,11,1,23,0,7,44,34,85,0,18,55,35,108,32,2,34,142
07/17/2019,HGR,MD,AEA,EN,Federal Contract Tower,2,12,12,2,28,0,6,63,15,84,2,18,75,17,112,76,0,76,188
07/18/2019,HGR,MD,AEA,EN,Federal Contract Tower,4,13,14,12,43,0,0,40,10,50,4,13,54,22,93,32,0,32,125
07/19/2019,HGR,MD,AEA,EN,Federal Contract Tower,2,10,7,0,19,0,4,67,5,76,2,14,74,5,95,56,0,56,151
07/20/2019,HGR,MD,AEA,EN,Federal Contract Tower,0,6,17,0,23,0,4,49,0,53,0,10,66,0,76,6,0,6,82
07/21/2019,HGR,MD,AEA,EN,Federal Contract Tower,3,6,6,0,15,0,3,48,0,51,3,9,54,0,66,8,0,8,74
07/22/2019,HGR,MD,AEA,EN,Federal Contract Tower,3,8,11,5,27,0,2,34,15,51,3,10,45,20,78,36,0,36,114
07/23/2019,HGR,MD,AEA,EN,Federal Contract Tower,0,17,8,2,27,0,11,41,28,80,0,28,49,30,107,32,0,32,139
07/24/2019,HGR,MD,AEA,EN,Federal Contract Tower,2,10,8,0,20,0,5,62,39,106,2,15,70,39,126,50,0,50,176
07/25/2019,HGR,MD,AEA,EN,Federal Contract Tower,4,9,7,4,24,0,2,85,45,132,4,11,92,49,156,90,0,90,246
07/26/2019,HGR,MD,AEA,EN,Federal Contract Tower,2,11,9,0,22,0,11,92,33,136,2,22,101,33,158,80,0,80,238
07/27/2019,HGR,MD,AEA,EN,Federal Contract Tower,0,8,11,1,20,0,5,80,1,86,0,13,91,2,106,20,0,20,126
07/28/2019,HGR,MD,AEA,EN,Federal Contract Tower,4,7,13,2,26,0,2,56,0,58,4,9,69,2,84,18,0,18,102
07/29/2019,HGR,MD,AEA,EN,Federal Contract Tower,2,9,15,0,26,0,0,42,4,46,2,9,57,4,72,2,0,2,74
07/30/2019,HGR,MD,AEA,EN,Federal Contract Tower,0,7,7,0,14,0,7,57,14,78,0,14,64,14,92,56,8,64,156
07/31/2019,HGR,MD,AEA,EN,Federal Contract Tower,2,6,8,3,19,0,6,43,5,54,2,12,51,8,73,34,0,34,107
08/01/2019,HGR,MD,AEA,EN,Federal Contract Tower,3,9,15,11,38,0,7,40,14,61,3,16,55,25,99,16,0,16,115
08/02/2019,HGR,MD,AEA,EN,Federal Contract Tower,2,8,14,1,25,0,4,33,6,43,2,12,47,7,68,0,0,0,68
08/03/2019,HGR,MD,AEA,EN,Federal Contract Tower,0,4,5,0,9,0,3,31,0,34,0,7,36,0,43,26,0,26,69
08/04/2019,HGR,MD,AEA,EN,Federal Contract Tower,4,6,16,2,28,0,1,83,0,84,4,7,99,2,112,16,0,16,128
08/05/2019,HGR,MD,AEA,EN,Federal Contract Tower,2,9,15,2,28,0,12,45,17,74,2,21,60,19,102,8,4,12,114
08/06/2019,HGR,MD,AEA,EN,Federal Contract Tower,0,8,9,0,17,0,11,46,12,69,0,19,55,12,86,34,0,34,120
08/07/2019,HGR,MD,AEA,EN,Federal Contract Tower,2,7,7,1,17,0,2,45,16,63,2,9,52,17,80,26,0,26,106
08/08/2019,HGR,MD,AEA,EN,Federal Contract Tower,3,11,8,3,25,0,12,51,15,78,3,23,59,18,103,22,0,22,125
08/09/2019,HGR,MD,AEA,EN,Federal Contract Tower,2,9,11,2,24,0,3,56,16,75,2,12,67,18,99,58,0,58,157
08/10/2019,HGR,MD,AEA,EN,Federal Contract Tower,0,4,11,0,15,0,2,90,7,99,0,6,101,7,114,40,4,44,158
08/11/2019,HGR,MD,AEA,EN,Federal Contract Tower,4,6,23,0,33,0,3,95,0,98,4,9,118,0,131,46,0,46,177
08/12/2019,HGR,MD,AEA,EN,Federal Contract Tower,2,13,9,3,27,0,11,79,8,98,2,24,88,11,125,44,0,44,169
08/13/2019,HGR,MD,AEA,EN,Federal Contract Tower,0,12,4,12,28,0,2,22,0,24,0,14,26,12,52,44,0,44,96
08/14/2019,HGR,MD,AEA,EN,Federal Contract Tower,2,9,13,10,34,0,0,33,11,44,2,9,46,21,78,8,0,8,86
08/15/2019,HGR,MD,AEA,EN,Federal Contract Tower,0,13,17,7,37,0,0,15,6,21,0,13,32,13,58,6,0,6,64
08/16/2019,HGR,MD,AEA,EN,Federal Contract Tower,2,9,24,0,35,0,2,43,4,49,2,11,67,4,84,52,0,52,136
08/17/2019,HGR,MD,AEA,EN,Federal Contract Tower,0,4,18,0,22,0,4,133,0,137,0,8,151,0,159,40,0,40,199
08/18/2019,HGR,MD,AEA,EN,Federal Contract Tower,0,8,11,3,22,0,4,58,0,62,0,12,69,3,84,18,0,18,102
08/19/2019,HGR,MD,AEA,EN,Federal Contract Tower,2,10,9,2,23,0,5,49,17,71,2,15,58,19,94,12,0,12,106
08/21/2019,HGR,MD,AEA,EN,Federal Contract Tower,0,10,11,1,22,0,4,40,15,59,0,14,51,16,81,18,0,18,99
08/22/2019,HGR,MD,AEA,EN,Federal Contract Tower,0,12,16,10,38,0,12,67,19,98,0,24,83,29,136,40,0,40,176
08/23/2019,HGR,MD,AEA,EN,Federal Contract Tower,2,6,3,7,18,0,0,5,0,5,2,6,8,7,23,0,0,0,23
08/24/2019,HGR,MD,AEA,EN,Federal Contract Tower,0,7,16,0,23,0,4,110,2,116,0,11,126,2,139,38,0,38,177
08/25/2019,HGR,MD,AEA,EN,Federal Contract Tower,0,5,9,2,16,0,2,77,2,81,0,7,86,4,97,38,0,38,135
08/26/2019,HGR,MD,AEA,EN,Federal Contract Tower,2,9,10,1,22,0,13,56,6,75,2,22,66,7,97,26,2,28,125
08/27/2019,HGR,MD,AEA,EN,Federal Contract Tower,0,10,21,19,50,0,6,20,5,31,0,16,41,24,81,12,0,12,93
08/28/2019,HGR,MD,AEA,EN,Federal Contract Tower,0,11,14,11,36,0,6,12,14,32,0,17,26,25,68,10,0,10,78
08/29/2019,HGR,MD,AEA,EN,Federal Contract Tower,0,14,13,5,32,0,3,86,14,103,0,17,99,19,135,4,0,4,139
08/30/2019,HGR,MD,AEA,EN,Federal Contract Tower,2,6,12,4,24,0,3,68,3,74,2,9,80,7,98,24,0,24,122
08/31/2019,HGR,MD,AEA,EN,Federal Contract Tower,0,4,6,0,10,0,1,57,0,58,0,5,63,0,68,6,0,6,74
09/01/2019,HGR,MD,AEA,EN,Federal Contract Tower,0,5,6,0,11,0,1,22,2,25,0,6,28,2,36,0,0,0,36
09/02/2019,HGR,MD,AEA,EN,Federal Contract Tower,0,7,8,0,15,0,2,3,0,5,0,9,11,0,20,0,0,0,20
09/03/2019,HGR,MD,AEA,EN,Federal Contract Tower,0,11,13,0,24,0,4,44,10,58,0,15,57,10,82,6,0,6,88
09/04/2019,HGR,MD,AEA,EN,Federal Contract Tower,0,5,9,4,18,0,4,43,13,60,0,9,52,17,78,8,0,8,86
09/05/2019,HGR,MD,AEA,EN,Federal Contract Tower,0,7,16,4,27,0,2,62,14,78,0,9,78,18,105,22,0,22,127
09/06/2019,HGR,MD,AEA,EN,Federal Contract Tower,2,10,13,0,25,0,3,54,4,61,2,13,67,4,86,18,0,18,104
09/07/2019,HGR,MD,AEA,EN,Federal Contract Tower,0,6,9,0,15,0,0,276,7,283,0,6,285,7,298,16,6,22,320
09/08/2019,HGR,MD,AEA,EN,Federal Contract Tower,0,6,7,2,15,0,5,64,4,73,0,11,71,6,88,18,0,18,106
09/09/2019,HGR,MD,AEA,EN,Federal Contract Tower,2,8,8,12,30,0,9,42,18,69,2,17,50,30,99,24,0,24,123
09/10/2019,HGR,MD,AEA,EN,Federal Contract Tower,0,6,15,15,36,0,6,48,32,86,0,12,63,47,122,18,0,18,140
09/11/2019,HGR,MD,AEA,EN,Federal Contract Tower,0,7,6,2,15,0,0,29,31,60,0,7,35,33,75,26,0,26,101
09/12/2019,HGR,MD,AEA,EN,Federal Contract Tower,0,14,18,11,43,0,0,39,27,66,0,14,57,38,109,14,10,24,133
09/13/2019,HGR,MD,AEA,EN,Federal Contract Tower,2,10,20,7,39,0,1,10,6,17,2,11,30,13,56,10,0,10,66
09/14/2019,HGR,MD,AEA,EN,Federal Contract Tower,0,6,14,0,20,0,0,13,0,13,0,6,27,0,33,4,0,4,37
09/15/2019,HGR,MD,AEA,EN,Federal Contract Tower,0,5,16,1,22,0,6,80,3,89,0,11,96,4,111,36,0,36,147
09/16/2019,HGR,MD,AEA,EN,Federal Contract Tower,2,7,17,1,27,0,1,48,7,56,2,8,65,8,83,22,0,22,105
09/17/2019,HGR,MD,AEA,EN,Federal Contract Tower,0,7,27,4,38,0,3,53,15,71,0,10,80,19,109,44,6,50,159
09/18/2019,HGR,MD,AEA,EN,Federal Contract Tower,0,7,8,12,27,0,15,69,16,100,0,22,77,28,127,90,0,90,217
09/19/2019,HGR,MD,AEA,EN,Federal Contract Tower,0,12,14,8,34,0,7,63,8,78,0,19,77,16,112,14,0,14,126
09/20/2019,HGR,MD,AEA,EN,Federal Contract Tower,2,8,18,3,31,0,4,62,12,78,2,12,80,15,109,28,0,28,137
09/21/2019,HGR,MD,AEA,EN,Federal Contract Tower,0,4,7,0,11,0,3,44,0,47,0,7,51,0,58,26,0,26,84
09/22/2019,HGR,MD,AEA,EN,Federal Contract Tower,0,7,9,0,16,0,2,49,2,53,0,9,58,2,69,20,0,20,89
09/23/2019,HGR,MD,AEA,EN,Federal Contract Tower,2,9,17,0,28,0,3,19,6,28,2,12,36,6,56,2,0,2,58
09/24/2019,HGR,MD,AEA,EN,Federal Contract Tower,0,9,8,2,19,0,5,21,12,38,0,14,29,14,57,0,0,0,57
09/25/2019,HGR,MD,AEA,EN,Federal Contract Tower,0,12,18,3,33,0,20,53,17,90,0,32,71,20,123,36,0,36,159
09/26/2019,HGR,MD,AEA,EN,Federal Contract Tower,0,12,28,6,46,0,2,41,12,55,0,14,69,18,101,14,0,14,115
09/27/2019,HGR,MD,AEA,EN,Federal Contract Tower,2,10,18,1,31,0,5,66,15,86,2,15,84,16,117,36,0,36,153
09/28/2019,HGR,MD,AEA,EN,Federal Contract Tower,0,5,17,0,22,0,5,52,0,57,0,10,69,0,79,10,0,10,89
09/29/2019,HGR,MD,AEA,EN,Federal Contract Tower,0,11,13,0,24,0,4,84,0,88,0,15,97,0,112,10,0,10,122
09/30/2019,HGR,MD,AEA,EN,Federal Contract Tower,2,8,16,14,40,0,0,7,0,7,2,8,23,14,47,10,0,10,57
10/01/2019,HGR,MD,AEA,EN,Federal Contract Tower,0,10,21,11,42,0,3,33,16,52,0,13,54,27,94,14,0,14,108
10/02/2019,HGR,MD,AEA,EN,Federal Contract Tower,0,10,13,2,25,0,3,42,35,80,0,13,55,37,105,70,0,70,175
10/03/2019,HGR,MD,AEA,EN,Federal Contract Tower,0,5,15,15,35,0,2,35,5,42,0,7,50,20,77,34,0,34,111
10/04/2019,HGR,MD,AEA,EN,Federal Contract Tower,2,7,21,0,30,0,4,47,4,55,2,11,68,4,85,44,0,44,129
10/05/2019,HGR,MD,AEA,EN,Federal Contract Tower,0,4,13,0,17,0,4,56,2,62,0,8,69,2,79,14,0,14,93
10/06/2019,HGR,MD,AEA,EN,Federal Contract Tower,0,6,15,1,22,0,0,8,0,8,0,6,23,1,30,0,0,0,30
10/07/2019,HGR,MD,AEA,EN,Federal Contract Tower,3,11,12,2,28,0,4,4,2,10,3,15,16,4,38,0,0,0,38
10/08/2019,HGR,MD,AEA,EN,Federal Contract Tower,1,8,13,6,28,0,2,36,8,46,1,10,49,14,74,44,0,44,118
10/09/2019,HGR,MD,AEA,EN,Federal Contract Tower,2,9,17,3,31,0,8,61,21,90,2,17,78,24,121,82,0,82,203
10/10/2019,HGR,MD,AEA,EN,Federal Contract Tower,0,14,17,1,32,0,2,98,36,136,0,16,115,37,168,92,10,102,270
10/11/2019,HGR,MD,AEA,EN,Federal Contract Tower,2,8,20,1,31,0,9,72,13,94,2,17,92,14,125,12,0,12,137
10/12/2019,HGR,MD,AEA,EN,Federal Contract Tower,0,10,9,0,19,0,8,50,4,62,0,18,59,4,81,22,0,22,103
10/13/2019,HGR,MD,AEA,EN,Federal Contract Tower,0,9,7,0,16,0,2,55,2,59,0,11,62,2,75,26,0,26,101
10/14/2019,HGR,MD,AEA,EN,Federal Contract Tower,2,7,11,0,20,0,7,71,2,80,2,14,82,2,100,48,0,48,148
10/15/2019,HGR,MD,AEA,EN,Federal Contract Tower,0,6,15,0,21,0,7,57,21,85,0,13,72,21,106,52,0,52,158
10/16/2019,HGR,MD,AEA,EN,Federal Contract Tower,2,9,7,10,28,0,1,0,1,2,2,10,7,11,30,0,0,0,30
10/17/2019,HGR,MD,AEA,EN,Federal Contract Tower,0,7,5,0,12,0,2,2,1,5,0,9,7,1,17,0,0,0,17
10/18/2019,HGR,MD,AEA,EN,Federal Contract Tower,2,9,16,2,29,0,6,39,19,64,2,15,55,21,93,32,0,32,125
10/19/2019,HGR,MD,AEA,EN,Federal Contract Tower,0,6,18,0,24,0,0,138,7,145,0,6,156,7,169,38,0,38,207
10/20/2019,HGR,MD,AEA,EN,Federal Contract Tower,0,5,10,0,15,0,0,0,0,0,0,5,10,0,15,0,0,0,15
10/21/2019,HGR,MD,AEA,EN,Federal Contract Tower,2,2,26,6,36,0,1,35,8,44,2,3,61,14,80,8,0,8,88
10/22/2019,HGR,MD,AEA,EN,Federal Contract Tower,0,6,14,0,20,0,1,60,26,87,0,7,74,26,107,22,2,24,131
10/23/2019,HGR,MD,AEA,EN,Federal Contract Tower,0,6,14,0,20,0,1,60,26,87,0,7,74,26,107,22,2,24,131
10/24/2019,HGR,MD,AEA,EN,Federal Contract Tower,0,1,11,3,15,0,2,78,20,100,0,3,89,23,115,76,0,76,191
10/25/2019,HGR,MD,AEA,EN,Federal Contract Tower,2,1,21,0,24,0,5,47,5,57,2,6,68,5,81,42,4,46,127
10/26/2019,HGR,MD,AEA,EN,Federal Contract Tower,0,0,8,1,9,0,5,53,2,60,0,5,61,3,69,4,0,4,73
10/27/2019,HGR,MD,AEA,EN,Federal Contract Tower,0,5,15,0,20,0,0,4,0,4,0,5,19,0,24,4,0,4,28
10/28/2019,HGR,MD,AEA,EN,Federal Contract Tower,2,0,7,3,12,0,9,62,19,90,2,9,69,22,102,52,36,88,190
10/29/2019,HGR,MD,AEA,EN,Federal Contract Tower,0,0,18,27,45,0,4,40,2,46,0,4,58,29,91,70,0,70,161
10/30/2019,HGR,MD,AEA,EN,Federal Contract Tower,0,0,24,13,37,0,0,20,0,20,0,0,44,13,57,62,0,62,119
10/31/2019,HGR,MD,AEA,EN,Federal Contract Tower,0,0,6,0,6,0,0,0,0,0,0,0,6,0,6,0,0,0,6
11/01/2019,HGR,MD,AEA,EN,Federal Contract Tower,2,1,4,2,9,0,3,33,3,39,2,4,37,5,48,56,0,56,104
11/02/2019,HGR,MD,AEA,EN,Federal Contract Tower,0,0,15,2,17,0,2,76,2,80,0,2,91,4,97,44,0,44,141
11/03/2019,HGR,MD,AEA,EN,Federal Contract Tower,0,0,4,1,5,0,5,38,0,43,0,5,42,1,48,0,0,0,48
11/04/2019,HGR,MD,AEA,EN,Federal Contract Tower,2,0,5,8,15,0,3,27,17,47,2,3,32,25,62,14,12,26,88
11/05/2019,HGR,MD,AEA,EN,Federal Contract Tower,0,1,8,13,22,0,2,35,21,58,0,3,43,34,80,58,22,80,160
11/06/2019,HGR,MD,AEA,EN,Federal Contract Tower,0,3,7,3,13,0,4,69,17,90,0,7,76,20,103,77,0,77,180
11/07/2019,HGR,MD,AEA,EN,Federal Contract Tower,0,2,12,19,33,0,0,9,14,23,0,2,21,33,56,0,0,0,56
11/08/2019,HGR,MD,AEA,EN,Federal Contract Tower,2,0,15,5,22,0,4,42,19,65,2,4,57,24,87,10,0,10,97
11/09/2019,HGR,MD,AEA,EN,Federal Contract Tower,0,0,7,0,7,0,2,68,0,70,0,2,75,0,77,32,0,32,109
11/10/2019,HGR,MD,AEA,EN,Federal Contract Tower,0,0,9,1,10,0,6,60,1,67,0,6,69,2,77,62,0,62,139
11/11/2019,HGR,MD,AEA,EN,Federal Contract Tower,2,2,9,0,13,0,6,59,8,73,2,8,68,8,86,58,0,58,144
11/12/2019,HGR,MD,AEA,EN,Federal Contract Tower,0,2,2,20,24,0,6,20,5,31,0,8,22,25,55,16,0,16,71
11/13/2019,HGR,MD,AEA,EN,Federal Contract Tower,0,2,6,3,11,0,3,53,27,83,0,5,59,30,94,56,0,56,150
11/14/2019,HGR,MD,AEA,EN,Federal Contract Tower,0,3,12,3,18,0,10,59,39,108,0,13,71,42,126,50,34,84,210
11/15/2019,HGR,MD,AEA,EN,Federal Contract Tower,2,1,13,4,20,0,7,65,15,87,2,8,78,19,107,78,0,78,185
11/16/2019,HGR,MD,AEA,EN,Federal Contract Tower,2,1,14,0,17,0,9,26,0,35,2,10,40,0,52,14,0,14,66
11/17/2019,HGR,MD,AEA,EN,Federal Contract Tower,0,2,11,2,15,0,5,22,3,30,0,7,33,5,45,28,0,28,73
11/18/2019,HGR,MD,AEA,EN,Federal Contract Tower,2,7,10,13,32,0,0,0,0,0,2,7,10,13,32,0,0,0,32
11/19/2019,HGR,MD,AEA,EN,Federal Contract Tower,0,5,9,5,19,0,2,25,9,36,0,7,34,14,55,30,0,30,85
11/20/2019,HGR,MD,AEA,EN,Federal Contract Tower,0,1,6,13,20,0,5,27,12,44,0,6,33,25,64,54,0,54,118
11/21/2019,HGR,MD,AEA,EN,Federal Contract Tower,0,4,11,3,18,0,5,61,24,90,0,9,72,27,108,52,6,58,166
11/22/2019,HGR,MD,AEA,EN,Federal Contract Tower,2,0,15,11,28,0,1,16,5,22,2,1,31,16,50,0,0,0,50
11/23/2019,HGR,MD,AEA,EN,Federal Contract Tower,2,2,7,2,13,0,4,55,1,60,2,6,62,3,73,48,0,48,121
11/24/2019,HGR,MD,AEA,EN,Federal Contract Tower,0,1,0,0,1,0,0,9,0,9,0,1,9,0,10,0,0,0,10
11/25/2019,HGR,MD,AEA,EN,Federal Contract Tower,2,3,13,1,19,0,6,59,2,67,2,9,72,3,86,22,0,22,108
11/26/2019,HGR,MD,AEA,EN,Federal Contract Tower,2,1,10,2,15,0,3,67,10,80,2,4,77,12,95,52,0,52,147
11/27/2019,HGR,MD,AEA,EN,Federal Contract Tower,2,3,5,0,10,0,4,19,2,25,2,7,24,2,35,8,0,8,43
11/28/2019,HGR,MD,AEA,EN,Federal Contract Tower,0,0,1,0,1,0,0,0,0,0,0,0,1,0,1,0,0,0,1
11/29/2019,HGR,MD,AEA,EN,Federal Contract Tower,0,0,14,1,15,0,4,52,2,58,0,4,66,3,73,40,0,40,113
11/30/2019,HGR,MD,AEA,EN,Federal Contract Tower,2,0,7,0,9,0,1,55,0,56,2,1,62,0,65,26,0,26,91
12/01/2019,HGR,MD,AEA,EN,Federal Contract Tower,2,2,5,0,9,0,0,0,0,0,2,2,5,0,9,0,0,0,9
12/02/2019,HGR,MD,AEA,EN,Federal Contract Tower,2,1,12,0,15,0,0,0,0,0,2,1,12,0,15,0,0,0,15
12/03/2019,HGR,MD,AEA,EN,Federal Contract Tower,0,0,12,5,17,0,9,30,20,59,0,9,42,25,76,24,11,35,111
12/04/2019,HGR,MD,AEA,EN,Federal Contract Tower,0,2,14,21,37,0,18,37,13,68,0,20,51,34,105,70,0,70,175
12/05/2019,HGR,MD,AEA,EN,Federal Contract Tower,0,2,8,4,14,0,7,53,29,89,0,9,61,33,103,52,6,58,161
12/06/2019,HGR,MD,AEA,EN,Federal Contract Tower,2,1,9,0,12,0,11,74,18,103,2,12,83,18,115,82,4,86,201
12/07/2019,HGR,MD,AEA,EN,Federal Contract Tower,0,0,10,0,10,0,0,92,5,97,0,0,102,5,107,76,0,76,183
12/08/2019,HGR,MD,AEA,EN,Federal Contract Tower,0,1,8,3,12,0,3,54,9,66,0,4,62,12,78,24,0,24,102
12/09/2019,HGR,MD,AEA,EN,Federal Contract Tower,2,2,1,0,5,0,0,0,0,0,2,2,1,0,5,0,0,0,5
12/10/2019,HGR,MD,AEA,EN,Federal Contract Tower,0,1,10,0,11,0,0,6,0,6,0,1,16,0,17,8,0,8,25
12/11/2019,HGR,MD,AEA,EN,Federal Contract Tower,0,1,9,0,10,0,4,50,12,66,0,5,59,12,76,88,0,88,164
12/12/2019,HGR,MD,AEA,EN,Federal Contract Tower,0,2,7,4,13,0,3,101,8,112,0,5,108,12,125,70,0,70,195
12/13/2019,HGR,MD,AEA,EN,Federal Contract Tower,2,0,9,0,11,0,0,0,0,0,2,0,9,0,11,0,0,0,11
12/14/2019,HGR,MD,AEA,EN,Federal Contract Tower,0,0,4,1,5,0,0,0,0,0,0,0,4,1,5,0,0,0,5
12/15/2019,HGR,MD,AEA,EN,Federal Contract Tower,0,2,7,1,10,0,3,35,8,46,0,5,42,9,56,24,0,24,80
12/16/2019,HGR,MD,AEA,EN,Federal Contract Tower,2,0,3,0,5,0,0,0,0,0,2,0,3,0,5,0,0,0,5
12/17/2019,HGR,MD,AEA,EN,Federal Contract Tower,0,5,7,0,12,0,0,0,0,0,0,5,7,0,12,0,0,0,12
12/18/2019,HGR,MD,AEA,EN,Federal Contract Tower,0,2,7,8,17,0,3,33,22,58,0,5,40,30,75,2,0,2,77
12/19/2019,HGR,MD,AEA,EN,Federal Contract Tower,2,0,14,9,25,0,5,67,14,86,2,5,81,23,111,28,0,28,139
12/20/2019,HGR,MD,AEA,EN,Federal Contract Tower,2,1,16,0,19,0,6,71,8,85,2,7,87,8,104,36,0,36,140
12/21/2019,HGR,MD,AEA,EN,Federal Contract Tower,2,0,6,0,8,0,2,60,2,64,2,2,66,2,72,20,0,20,92
12/22/2019,HGR,MD,AEA,EN,Federal Contract Tower,2,0,4,0,6,0,4,50,1,55,2,4,54,1,61,52,0,52,113
12/23/2019,HGR,MD,AEA,EN,Federal Contract Tower,2,1,10,0,13,0,1,71,2,74,2,2,81,2,87,62,0,62,149
12/24/2019,HGR,MD,AEA,EN,Federal Contract Tower,0,0,10,0,10,0,7,51,1,59,0,7,61,1,69,16,0,16,85
12/25/2019,HGR,MD,AEA,EN,Federal Contract Tower,0,0,2,0,2,0,2,8,0,10,0,2,10,0,12,0,0,0,12
12/26/2019,HGR,MD,AEA,EN,Federal Contract Tower,1,1,6,0,8,0,2,60,0,62,1,3,66,0,70,108,0,108,178
12/27/2019,HGR,MD,AEA,EN,Federal Contract Tower,2,0,13,0,15,0,4,36,0,40,2,4,49,0,55,18,0,18,73
12/28/2019,HGR,MD,AEA,EN,Federal Contract Tower,2,3,17,0,22,0,0,97,1,98,2,3,114,1,120,10,0,10,130
12/29/2019,HGR,MD,AEA,EN,Federal Contract Tower,2,0,3,0,5,0,0,0,0,0,2,0,3,0,5,0,0,0,5
12/30/2019,HGR,MD,AEA,EN,Federal Contract Tower,2,0,10,2,14,0,0,1,0,1,2,0,11,2,15,0,0,0,15
12/31/2019,HGR,MD,AEA,EN,Federal Contract Tower,0,0,6,0,6,0,8,70,0,78,0,8,76,0,84,62,0,62,146
01/01/2020,HGR,MD,AEA,EN,Federal Contract Tower,0,1,5,0,6,0,4,41,0,45,0,5,46,0,51,32,0,32,83
01/02/2020,HGR,MD,AEA,EN,Federal Contract Tower,2,0,3,0,5,0,4,60,11,75,2,4,63,11,80,58,6,64,144
01/03/2020,HGR,MD,AEA,EN,Federal Contract Tower,2,4,6,0,12,0,0,0,0,0,2,4,6,0,12,0,0,0,12
01/04/2020,HGR,MD,AEA,EN,Federal Contract Tower,2,0,9,0,11,0,1,15,1,17,2,1,24,1,28,28,0,28,56
01/05/2020,HGR,MD,AEA,EN,Federal Contract Tower,1,2,4,0,7,0,2,6,0,8,1,4,10,0,15,6,0,6,21
01/06/2020,HGR,MD,AEA,EN,Federal Contract Tower,2,1,7,0,10,0,2,34,1,37,2,3,41,1,47,14,0,14,61
01/07/2020,HGR,MD,AEA,EN,Federal Contract Tower,0,1,8,1,10,0,0,4,0,4,0,1,12,1,14,10,0,10,24
01/08/2020,HGR,MD,AEA,EN,Federal Contract Tower,0,0,5,3,8,0,0,6,10,16,0,0,11,13,24,0,0,0,24
01/09/2020,HGR,MD,AEA,EN,Federal Contract Tower,0,0,15,0,15,0,5,64,14,83,0,5,79,14,98,94,0,94,192
01/10/2020,HGR,MD,AEA,EN,Federal Contract Tower,2,2,5,1,10,0,2,41,15,58,2,4,46,16,68,68,0,68,136
01/11/2020,HGR,MD,AEA,EN,Federal Contract Tower,0,0,5,0,5,0,2,2,0,4,0,2,7,0,9,0,0,0,9
01/12/2020,HGR,MD,AEA,EN,Federal Contract Tower,0,0,8,0,8,0,0,25,0,25,0,0,33,0,33,10,0,10,43
01/13/2020,HGR,MD,AEA,EN,Federal Contract Tower,2,1,7,0,10,0,2,50,34,86,2,3,57,34,96,34,0,34,130
01/14/2020,HGR,MD,AEA,EN,Federal Contract Tower,0,1,8,16,25,0,0,0,0,0,0,1,8,16,25,0,0,0,25
01/15/2020,HGR,MD,AEA,EN,Federal Contract Tower,0,0,13,2,15,0,4,60,32,96,0,4,73,34,111,78,0,78,189
01/16/2020,HGR,MD,AEA,EN,Federal Contract Tower,0,1,2,1,4,0,5,9,7,21,0,6,11,8,25,8,0,8,33
01/17/2020,HGR,MD,AEA,EN,Federal Contract Tower,2,2,10,0,14,0,12,50,23,85,2,14,60,23,99,34,0,34,133
01/18/2020,HGR,MD,AEA,EN,Federal Contract Tower,0,0,6,0,6,0,0,0,0,0,0,0,6,0,6,0,0,0,6
01/19/2020,HGR,MD,AEA,EN,Federal Contract Tower,0,0,3,0,3,0,2,1,0,3,0,2,4,0,6,0,0,0,6
01/20/2020,HGR,MD,AEA,EN,Federal Contract Tower,2,0,25,1,28,0,2,42,2,46,2,2,67,3,74,14,0,14,88
01/21/2020,HGR,MD,AEA,EN,Federal Contract Tower,0,0,2,0,2,0,7,51,13,71,0,7,53,13,73,62,0,62,135
01/22/2020,HGR,MD,AEA,EN,Federal Contract Tower,0,4,23,6,33,0,3,45,34,82,0,7,68,40,115,30,0,30,145
01/23/2020,HGR,MD,AEA,EN,Federal Contract Tower,0,0,10,5,15,0,3,59,33,95,0,3,69,38,110,50,0,50,160
01/24/2020,HGR,MD,AEA,EN,Federal Contract Tower,2,2,11,9,24,0,4,4,0,8,2,6,15,9,32,2,0,2,34
01/25/2020,HGR,MD,AEA,EN,Federal Contract Tower,0,0,1,0,1,0,0,12,0,12,0,0,13,0,13,18,0,18,31
01/26/2020,HGR,MD,AEA,EN,Federal Contract Tower,0,1,12,0,13,0,2,45,0,47,0,3,57,0,60,12,0,12,72
01/27/2020,HGR,MD,AEA,EN,Federal Contract Tower,2,3,5,7,17,0,1,16,0,17,2,4,21,7,34,0,0,0,34
01/28/2020,HGR,MD,AEA,EN,Federal Contract Tower,0,2,9,14,25,0,2,23,10,35,0,4,32,24,60,50,0,50,110
01/29/2020,HGR,MD,AEA,EN,Federal Contract Tower,0,0,8,6,14,0,0,69,32,101,0,0,77,38,115,110,0,110,225
01/30/2020,HGR,MD,AEA,EN,Federal Contract Tower,0,1,11,9,21,0,2,69,42,113,0,3,80,51,134,82,0,82,216
01/31/2020,HGR,MD,AEA,EN,Federal Contract Tower,2,4,19,2,27,0,1,59,26,86,2,5,78,28,113,24,0,24,137
02/01/2020,HGR,MD,AEA,EN,Federal Contract Tower,0,1,5,0,6,0,0,0,0,0,0,1,5,0,6,0,0,0,6
02/02/2020,HGR,MD,AEA,EN,Federal Contract Tower,0,0,6,0,6,0,4,13,0,17,0,4,19,0,23,0,0,0,23
02/03/2020,HGR,MD,AEA,EN,Federal Contract Tower,2,2,18,3,25,0,8,64,11,83,2,10,82,14,108,30,14,44,152
02/04/2020,HGR,MD,AEA,EN,Federal Contract Tower,0,2,7,3,12,0,3,15,4,22,0,5,22,7,34,8,0,8,42
02/05/2020,HGR,MD,AEA,EN,Federal Contract Tower,0,1,11,6,18,0,7,12,1,20,0,8,23,7,38,0,0,0,38
02/06/2020,HGR,MD,AEA,EN,Federal Contract Tower,0,0,3,4,7,0,0,0,0,0,0,0,3,4,7,0,0,0,7
02/07/2020,HGR,MD,AEA,EN,Federal Contract Tower,2,2,8,0,12,0,3,2,0,5,2,5,10,0,17,0,0,0,17
02/08/2020,HGR,MD,AEA,EN,Federal Contract Tower,0,0,11,0,11,0,2,41,6,49,0,2,52,6,60,0,0,0,60
02/09/2020,HGR,MD,AEA,EN,Federal Contract Tower,0,0,5,0,5,0,4,43,4,51,0,4,48,4,56,14,0,14,70
02/10/2020,HGR,MD,AEA,EN,Federal Contract Tower,2,0,5,20,27,0,2,6,4,12,2,2,11,24,39,0,0,0,39
02/11/2020,HGR,MD,AEA,EN,Federal Contract Tower,0,1,9,16,26,0,9,0,0,9,0,10,9,16,35,0,0,0,35
02/12/2020,HGR,MD,AEA,EN,Federal Contract Tower,2,0,5,3,10,0,2,34,25,61,2,2,39,28,71,14,0,14,85
02/13/2020,HGR,MD,AEA,EN,Federal Contract Tower,0,2,4,16,22,0,1,2,4,7,0,3,6,20,29,0,0,0,29
02/14/2020,HGR,MD,AEA,EN,Federal Contract Tower,2,3,12,2,19,0,1,28,7,36,2,4,40,9,55,12,0,12,67
02/15/2020,HGR,MD,AEA,EN,Federal Contract Tower,0,0,9,0,9,0,5,58,5,68,0,5,67,5,77,38,0,38,115
02/16/2020,HGR,MD,AEA,EN,Federal Contract Tower,0,1,1,0,2,0,4,50,7,61,0,5,51,7,63,36,0,36,99
02/17/2020,HGR,MD,AEA,EN,Federal Contract Tower,2,1,18,3,24,0,2,97,11,110,2,3,115,14,134,60,0,60,194
02/18/2020,HGR,MD,AEA,EN,Federal Contract Tower,0,1,3,7,11,0,3,27,4,34,0,4,30,11,45,26,0,26,71
02/19/2020,HGR,MD,AEA,EN,Federal Contract Tower,2,2,13,3,20,0,8,57,16,81,2,10,70,19,101,76,2,78,179
02/20/2020,HGR,MD,AEA,EN,Federal Contract Tower,0,9,4,4,17,0,4,39,31,74,0,13,43,35,91,28,2,30,121
02/21/2020,HGR,MD,AEA,EN,Federal Contract Tower,2,2,10,3,17,0,3,70,22,95,2,5,80,25,112,60,0,60,172
02/22/2020,HGR,MD,AEA,EN,Federal Contract Tower,0,3,14,0,17,0,4,94,0,98,0,7,108,0,115,88,0,88,203
02/23/2020,HGR,MD,AEA,EN,Federal Contract Tower,0,0,16,2,18,0,2,119,3,124,0,2,135,5,142,80,2,82,224
02/24/2020,HGR,MD,AEA,EN,Federal Contract Tower,2,1,8,1,12,0,6,48,21,75,2,7,56,22,87,64,8,72,159
02/25/2020,HGR,MD,AEA,EN,Federal Contract Tower,0,0,3,22,25,0,0,0,0,0,0,0,3,22,25,0,0,0,25
02/26/2020,HGR,MD,AEA,EN,Federal Contract Tower,0,1,10,27,38,0,0,0,0,0,0,1,10,27,38,0,0,0,38
02/27/2020,HGR,MD,AEA,EN,Federal Contract Tower,0,0,4,2,6,0,0,0,4,4,0,0,4,6,10,0,0,0,10
02/28/2020,HGR,MD,AEA,EN,Federal Contract Tower,0,8,5,14,27,0,7,13,11,31,0,15,18,25,58,0,0,0,58
02/29/2020,HGR,MD,AEA,EN,Federal Contract Tower,0,2,4,0,6,0,2,6,0,8,0,4,10,0,14,0,0,0,14
03/01/2020,HGR,MD,AEA,EN,Federal Contract Tower,0,0,18,0,18,0,1,93,2,96,0,1,111,2,114,50,0,50,164
03/02/2020,HGR,MD,AEA,EN,Federal Contract Tower,2,1,13,7,23,0,4,37,19,60,2,5,50,26,83,0,0,0,83
03/03/2020,HGR,MD,AEA,EN,Federal Contract Tower,0,2,7,7,16,0,3,5,5,13,0,5,12,12,29,0,0,0,29
03/04/2020,HGR,MD,AEA,EN,Federal Contract Tower,0,3,6,10,19,0,5,24,8,37,0,8,30,18,56,6,0,6,62
03/05/2020,HGR,MD,AEA,EN,Federal Contract Tower,0,1,11,4,16,0,2,78,20,100,0,3,89,24,116,44,0,44,160
03/06/2020,HGR,MD,AEA,EN,Federal Contract Tower,1,3,8,0,12,0,6,8,1,15,1,9,16,1,27,0,0,0,27
03/07/2020,HGR,MD,AEA,EN,Federal Contract Tower,0,1,4,1,6,0,4,18,0,22,0,5,22,1,28,0,0,0,28
03/08/2020,HGR,MD,AEA,EN,Federal Contract Tower,0,2,13,0,15,0,1,55,1,57,0,3,68,1,72,8,0,8,80
03/09/2020,HGR,MD,AEA,EN,Federal Contract Tower,1,3,14,0,18,0,4,62,9,75,1,7,76,9,93,62,0,62,155
03/10/2020,HGR,MD,AEA,EN,Federal Contract Tower,0,2,3,5,10,0,5,21,10,36,0,7,24,15,46,0,0,0,46
03/11/2020,HGR,MD,AEA,EN,Federal Contract Tower,2,5,14,8,29,0,2,68,12,82,2,7,82,20,111,34,0,34,145
03/12/2020,HGR,MD,AEA,EN,Federal Contract Tower,0,2,9,9,20,0,2,43,10,55,0,4,52,19,75,12,0,12,87
03/13/2020,HGR,MD,AEA,EN,Federal Contract Tower,2,0,14,1,17,0,3,10,6,19,2,3,24,7,36,0,0,0,36
03/14/2020,HGR,MD,AEA,EN,Federal Contract Tower,0,1,4,1,6,0,0,90,0,90,0,1,94,1,96,96,0,96,192
03/15/2020,HGR,MD,AEA,EN,Federal Contract Tower,0,0,7,0,7,0,1,9,0,10,0,1,16,0,17,0,0,0,17
03/16/2020,HGR,MD,AEA,EN,Federal Contract Tower,2,0,18,1,21,0,3,35,5,43,2,3,53,6,64,10,0,10,74
03/17/2020,HGR,MD,AEA,EN,Federal Contract Tower,0,0,7,19,26,0,7,20,18,45,0,7,27,37,71,44,8,52,123
03/18/2020,HGR,MD,AEA,EN,Federal Contract Tower,2,0,5,8,15,0,6,40,20,66,2,6,45,28,81,30,0,30,111
03/19/2020,HGR,MD,AEA,EN,Federal Contract Tower,0,1,5,11,17,0,2,12,8,22,0,3,17,19,39,6,0,6,45
03/20/2020,HGR,MD,AEA,EN,Federal Contract Tower,2,2,1,11,16,0,0,12,6,18,2,2,13,17,34,6,0,6,40
03/21/2020,HGR,MD,AEA,EN,Federal Contract Tower,0,0,9,0,9,0,4,25,1,30,0,4,34,1,39,14,0,14,53
03/22/2020,HGR,MD,AEA,EN,Federal Contract Tower,0,1,8,0,9,0,0,43,5,48,0,1,51,5,57,14,0,14,71
03/23/2020,HGR,MD,AEA,EN,Federal Contract Tower,2,0,4,2,8,0,0,0,0,0,2,0,4,2,8,0,0,0,8
03/24/2020,HGR,MD,AEA,EN,Federal Contract Tower,0,1,9,2,12,0,12,40,6,58,0,13,49,8,70,82,0,82,152
03/25/2020,HGR,MD,AEA,EN,Federal Contract Tower,0,0,4,2,6,0,0,0,0,0,0,0,4,2,6,0,0,0,6
03/26/2020,HGR,MD,AEA,EN,Federal Contract Tower,0,0,2,0,2,0,0,21,7,28,0,0,23,7,30,6,0,6,36
03/27/2020,HGR,MD,AEA,EN,Federal Contract Tower,0,0,5,0,5,0,1,38,4,43,0,1,43,4,48,6,0,6,54
03/28/2020,HGR,MD,AEA,EN,Federal Contract Tower,0,1,4,0,5,0,0,0,0,0,0,1,4,0,5,0,0,0,5
03/29/2020,HGR,MD,AEA,EN,Federal Contract Tower,0,0,2,0,2,0,0,1,0,1,0,0,3,0,3,0,0,0,3
03/30/2020,HGR,MD,AEA,EN,Federal Contract Tower,0,2,3,0,5,0,3,2,2,7,0,5,5,2,12,0,0,0,12
03/31/2020,HGR,MD,AEA,EN,Federal Contract Tower,0,2,3,0,5,0,6,7,0,13,0,8,10,0,18,0,0,0,18
04/01/2020,HGR,MD,AEA,EN,Federal Contract Tower,0,1,2,0,3,0,4,1,0,5,0,5,3,0,8,0,0,0,8
04/02/2020,HGR,MD,AEA,EN,Federal Contract Tower,0,1,2,0,3,0,3,0,2,5,0,4,2,2,8,0,0,0,8
04/03/2020,HGR,MD,AEA,EN,Federal Contract Tower,2,1,2,0,5,0,4,5,2,11,2,5,7,2,16,0,0,0,16
04/04/2020,HGR,MD,AEA,EN,Federal Contract Tower,0,0,7,0,7,0,0,15,0,15,0,0,22,0,22,18,0,18,40
04/05/2020,HGR,MD,AEA,EN,Federal Contract Tower,0,0,2,0,2,0,4,34,0,38,0,4,36,0,40,26,0,26,66
04/06/2020,HGR,MD,AEA,EN,Federal Contract Tower,0,0,7,2,9,0,3,55,4,62,0,3,62,6,71,44,0,44,115
04/07/2020,HGR,MD,AEA,EN,Federal Contract Tower,0,0,0,4,4,0,2,7,0,9,0,2,7,4,13,0,0,0,13
04/08/2020,HGR,MD,AEA,EN,Federal Contract Tower,0,2,5,0,7,0,7,4,3,14,0,9,9,3,21,0,4,4,25
04/09/2020,HGR,MD,AEA,EN,Federal Contract Tower,0,0,4,1,5,0,0,3,0,3,0,0,7,1,8,0,0,0,8
04/10/2020,HGR,MD,AEA,EN,Federal Contract Tower,2,0,2,0,4,0,0,1,0,1,2,0,3,0,5,0,0,0,5
04/11/2020,HGR,MD,AEA,EN,Federal Contract Tower,0,0,4,1,5,0,1,33,1,35,0,1,37,2,40,40,0,40,80
04/12/2020,HGR,MD,AEA,EN,Federal Contract Tower,0,1,4,0,5,0,4,21,0,25,0,5,25,0,30,10,0,10,40
04/13/2020,HGR,MD,AEA,EN,Federal Contract Tower,0,2,1,0,3,0,1,0,0,1,0,3,1,0,4,0,0,0,4
04/14/2020,HGR,MD,AEA,EN,Federal Contract Tower,0,0,3,0,3,0,0,20,4,24,0,0,23,4,27,16,0,16,43
04/15/2020,HGR,MD,AEA,EN,Federal Contract Tower,0,3,3,1,7,0,6,29,5,40,0,9,32,6,47,24,0,24,71
04/16/2020,HGR,MD,AEA,EN,Federal Contract Tower,0,0,6,0,6,0,0,19,8,27,0,0,25,8,33,28,0,28,61
04/17/2020,HGR,MD,AEA,EN,Federal Contract Tower,0,1,5,0,6,0,0,17,2,19,0,1,22,2,25,0,0,0,25
04/18/2020,HGR,MD,AEA,EN,Federal Contract Tower,0,0,0,0,0,0,0,4,0,4,0,0,4,0,4,8,0,8,12
04/19/2020,HGR,MD,AEA,EN,Federal Contract Tower,0,0,3,0,3,0,1,38,0,39,0,1,41,0,42,36,0,36,78
04/20/2020,HGR,MD,AEA,EN,Federal Contract Tower,0,1,5,0,6,0,0,33,5,38,0,1,38,5,44,14,0,14,58
04/21/2020,HGR,MD,AEA,EN,Federal Contract Tower,0,1,4,6,11,0,0,5,6,11,0,1,9,12,22,0,0,0,22
04/22/2020,HGR,MD,AEA,EN,Federal Contract Tower,0,4,1,1,6,0,3,17,15,35,0,7,18,16,41,24,0,24,65
04/23/2020,HGR,MD,AEA,EN,Federal Contract Tower,0,2,13,3,18,0,0,49,13,62,0,2,62,16,80,32,0,32,112
04/24/2020,HGR,MD,AEA,EN,Federal Contract Tower,0,8,5,2,15,0,1,0,0,1,0,9,5,2,16,0,0,0,16
04/25/2020,HGR,MD,AEA,EN,Federal Contract Tower,0,0,8,0,8,0,0,30,2,32,0,0,38,2,40,86,4,90,130
04/26/2020,HGR,MD,AEA,EN,Federal Contract Tower,0,0,0,0,0,0,0,0,0,0,0,0,0,0,0,0,0,0,0
04/27/2020,HGR,MD,AEA,EN,Federal Contract Tower,0,0,13,2,15,0,2,8,1,11,0,2,21,3,26,10,0,10,36
04/28/2020,HGR,MD,AEA,EN,Federal Contract Tower,0,4,5,3,12,0,0,19,2,21,0,4,24,5,33,8,0,8,41
04/29/2020,HGR,MD,AEA,EN,Federal Contract Tower,0,5,1,0,6,0,0,0,0,0,0,5,1,0,6,0,0,0,6
04/30/2020,HGR,MD,AEA,EN,Federal Contract Tower,0,1,1,1,3,0,0,3,0,3,0,1,4,1,6,0,0,0,6
05/01/2020,HGR,MD,AEA,EN,Federal Contract Tower,0,1,5,1,7,0,4,27,14,45,0,5,32,15,52,4,0,4,56
05/02/2020,HGR,MD,AEA,EN,Federal Contract Tower,0,1,8,0,9,0,3,55,5,63,0,4,63,5,72,76,0,76,148
05/03/2020,HGR,MD,AEA,EN,Federal Contract Tower,0,1,1,0,2,0,4,15,1,20,0,5,16,1,22,16,0,16,38
05/04/2020,HGR,MD,AEA,EN,Federal Contract Tower,0,0,0,0,0,0,2,3,2,7,0,2,3,2,7,0,0,0,7
05/05/2020,HGR,MD,AEA,EN,Federal Contract Tower,0,0,6,0,6,0,0,55,2,57,0,0,61,2,63,70,0,70,133
05/06/2020,HGR,MD,AEA,EN,Federal Contract Tower,0,2,3,1,6,0,0,0,0,0,0,2,3,1,6,0,0,0,6
05/07/2020,HGR,MD,AEA,EN,Federal Contract Tower,0,1,7,1,9,0,8,85,18,111,0,9,92,19,120,82,0,82,202
05/08/2020,HGR,MD,AEA,EN,Federal Contract Tower,2,2,13,1,18,0,4,10,0,14,2,6,23,1,32,8,0,8,40
05/09/2020,HGR,MD,AEA,EN,Federal Contract Tower,0,0,4,2,6,0,0,2,0,2,0,0,6,2,8,0,0,0,8
05/10/2020,HGR,MD,AEA,EN,Federal Contract Tower,0,0,4,0,4,0,5,35,0,40,0,5,39,0,44,28,0,28,72
05/11/2020,HGR,MD,AEA,EN,Federal Contract Tower,2,1,6,4,13,0,3,3,2,8,2,4,9,6,21,0,0,0,21
05/12/2020,HGR,MD,AEA,EN,Federal Contract Tower,0,0,3,13,16,0,0,24,13,37,0,0,27,26,53,54,0,54,107
05/13/2020,HGR,MD,AEA,EN,Federal Contract Tower,0,0,5,0,5,0,5,65,27,97,0,5,70,27,102,98,0,98,200
05/14/2020,HGR,MD,AEA,EN,Federal Contract Tower,2,2,6,4,14,0,3,56,24,83,2,5,62,28,97,54,2,56,153
05/15/2020,HGR,MD,AEA,EN,Federal Contract Tower,2,1,11,3,17,0,7,37,5,49,2,8,48,8,66,26,0,26,92
05/16/2020,HGR,MD,AEA,EN,Federal Contract Tower,0,0,9,0,9,0,4,52,0,56,0,4,61,0,65,94,0,94,159
05/17/2020,HGR,MD,AEA,EN,Federal Contract Tower,2,0,1,1,4,0,0,3,3,6,2,0,4,4,10,0,0,0,10
05/18/2020,HGR,MD,AEA,EN,Federal Contract Tower,2,1,12,8,23,0,3,9,0,12,2,4,21,8,35,20,0,20,55
05/19/2020,HGR,MD,AEA,EN,Federal Contract Tower,0,0,4,5,9,0,5,19,23,47,0,5,23,28,56,28,14,42,98
05/20/2020,HGR,MD,AEA,EN,Federal Contract Tower,0,0,12,1,13,0,6,27,27,60,0,6,39,28,73,12,0,12,85
05/21/2020,HGR,MD,AEA,EN,Federal Contract Tower,2,4,18,17,41,0,6,38,9,53,2,10,56,26,94,28,0,28,122
05/22/2020,HGR,MD,AEA,EN,Federal Contract Tower,0,1,8,19,28,0,1,0,0,1,0,2,8,19,29,0,0,0,29
05/23/2020,HGR,MD,AEA,EN,Federal Contract Tower,0,5,15,0,20,0,3,56,0,59,0,8,71,0,79,60,0,60,139
05/24/2020,HGR,MD,AEA,EN,Federal Contract Tower,2,2,8,0,12,0,4,11,0,15,2,6,19,0,27,0,0,0,27
05/25/2020,HGR,MD,AEA,EN,Federal Contract Tower,0,0,10,0,10,0,2,36,2,40,0,2,46,2,50,22,0,22,72
05/26/2020,HGR,MD,AEA,EN,Federal Contract Tower,0,2,10,0,12,0,4,80,16,100,0,6,90,16,112,90,0,90,202
05/27/2020,HGR,MD,AEA,EN,Federal Contract Tower,0,0,19,14,33,0,1,40,8,49,0,1,59,22,82,28,0,28,110
05/28/2020,HGR,MD,AEA,EN,Federal Contract Tower,2,0,5,11,18,0,0,18,8,26,2,0,23,19,44,0,0,0,44
05/29/2020,HGR,MD,AEA,EN,Federal Contract Tower,2,1,7,0,10,0,1,11,6,18,2,2,18,6,28,10,0,10,38
05/30/2020,HGR,MD,AEA,EN,Federal Contract Tower,0,0,0,0,0,0,0,70,0,70,0,0,70,0,70,20,0,20,90
05/31/2020,HGR,MD,AEA,EN,Federal Contract Tower,2,0,3,0,5,0,1,65,0,66,2,1,68,0,71,60,0,60,131
06/01/2020,HGR,MD,AEA,EN,Federal Contract Tower,2,1,7,3,13,0,8,90,5,103,2,9,97,8,116,72,8,80,196
06/02/2020,HGR,MD,AEA,EN,Federal Contract Tower,0,2,9,5,16,0,17,58,16,91,0,19,67,21,107,52,0,52,159
06/03/2020,HGR,MD,AEA,EN,Federal Contract Tower,0,0,2,4,6,0,3,20,8,31,0,3,22,12,37,0,2,2,39
06/04/2020,HGR,MD,AEA,EN,Federal Contract Tower,2,0,1,1,4,0,4,26,2,32,2,4,27,3,36,44,0,44,80
06/05/2020,HGR,MD,AEA,EN,Federal Contract Tower,4,1,13,2,20,0,4,8,0,12,4,5,21,2,32,32,0,32,64
06/06/2020,HGR,MD,AEA,EN,Federal Contract Tower,0,1,6,0,7,0,4,27,0,31,0,5,33,0,38,44,0,44,82
06/07/2020,HGR,MD,AEA,EN,Federal Contract Tower,2,0,6,0,8,0,2,95,0,97,2,2,101,0,105,72,0,72,177
06/08/2020,HGR,MD,AEA,EN,Federal Contract Tower,3,4,14,2,23,0,6,67,7,80,3,10,81,9,103,52,0,52,155
06/09/2020,HGR,MD,AEA,EN,Federal Contract Tower,1,2,8,0,11,0,6,78,8,92,1,8,86,8,103,42,0,42,145
06/10/2020,HGR,MD,AEA,EN,Federal Contract Tower,0,1,3,0,4,0,6,32,1,39,0,7,35,1,43,12,0,12,55
06/11/2020,HGR,MD,AEA,EN,Federal Contract Tower,2,1,7,1,11,0,1,35,2,38,2,2,42,3,49,6,0,6,55
06/12/2020,HGR,MD,AEA,EN,Federal Contract Tower,4,1,11,0,16,0,0,62,2,64,4,1,73,2,80,54,0,54,134
06/13/2020,HGR,MD,AEA,EN,Federal Contract Tower,0,0,5,0,5,0,1,59,0,60,0,1,64,0,65,42,0,42,107
06/14/2020,HGR,MD,AEA,EN,Federal Contract Tower,2,2,4,0,8,0,1,25,0,26,2,3,29,0,34,54,0,54,88
06/15/2020,HGR,MD,AEA,EN,Federal Contract Tower,4,1,17,10,32,0,3,57,2,62,4,4,74,12,94,10,0,10,104
06/16/2020,HGR,MD,AEA,EN,Federal Contract Tower,0,0,15,1,16,0,9,71,13,93,0,9,86,14,109,70,4,74,183
06/17/2020,HGR,MD,AEA,EN,Federal Contract Tower,0,1,13,8,22,0,3,40,9,52,0,4,53,17,74,26,0,26,100
06/18/2020,HGR,MD,AEA,EN,Federal Contract Tower,2,2,8,5,17,0,2,33,1,36,2,4,41,6,53,28,0,28,81
06/19/2020,HGR,MD,AEA,EN,Federal Contract Tower,4,4,11,6,25,0,3,36,4,43,4,7,47,10,68,32,0,32,100
06/20/2020,HGR,MD,AEA,EN,Federal Contract Tower,0,0,9,3,12,0,1,13,1,15,0,1,22,4,27,26,0,26,53
06/21/2020,HGR,MD,AEA,EN,Federal Contract Tower,2,1,9,1,13,0,0,47,0,47,2,1,56,1,60,14,0,14,74
06/22/2020,HGR,MD,AEA,EN,Federal Contract Tower,4,1,8,0,13,0,5,51,5,61,4,6,59,5,74,34,0,34,108
06/23/2020,HGR,MD,AEA,EN,Federal Contract Tower,0,1,11,7,19,0,6,36,6,48,0,7,47,13,67,44,10,54,121
06/24/2020,HGR,MD,AEA,EN,Federal Contract Tower,0,3,12,6,21,0,6,75,22,103,0,9,87,28,124,38,0,38,162
06/25/2020,HGR,MD,AEA,EN,Federal Contract Tower,2,5,7,10,24,0,5,50,25,80,2,10,57,35,104,32,10,42,146
06/26/2020,HGR,MD,AEA,EN,Federal Contract Tower,4,0,12,0,16,0,4,84,11,99,4,4,96,11,115,34,4,38,153
06/27/2020,HGR,MD,AEA,EN,Federal Contract Tower,0,0,19,1,20,0,6,45,0,51,0,6,64,1,71,46,0,46,117
06/28/2020,HGR,MD,AEA,EN,Federal Contract Tower,2,0,8,0,10,0,3,48,0,51,2,3,56,0,61,40,0,40,101
06/29/2020,HGR,MD,AEA,EN,Federal Contract Tower,4,0,15,1,20,0,3,65,4,72,4,3,80,5,92,18,0,18,110
06/30/2020,HGR,MD,AEA,EN,Federal Contract Tower,0,2,16,0,18,0,3,84,5,92,0,5,100,5,110,72,0,72,182
07/01/2020,HGR,MD,AEA,EN,Federal Contract Tower,0,0,5,0,5,0,1,50,12,63,0,1,55,12,68,6,12,18,86
07/02/2020,HGR,MD,AEA,EN,Federal Contract Tower,2,1,24,7,34,0,3,66,7,76,2,4,90,14,110,36,0,36,146
07/03/2020,HGR,MD,AEA,EN,Federal Contract Tower,4,0,10,0,14,0,2,56,0,58,4,2,66,0,72,22,0,22,94
07/04/2020,HGR,MD,AEA,EN,Federal Contract Tower,0,0,11,1,12,0,4,35,1,40,0,4,46,2,52,8,0,8,60
07/05/2020,HGR,MD,AEA,EN,Federal Contract Tower,1,1,8,0,10,0,1,63,18,82,1,2,71,18,92,2,0,2,94
07/06/2020,HGR,MD,AEA,EN,Federal Contract Tower,4,1,5,0,10,0,2,30,0,32,4,3,35,0,42,6,0,6,48
07/07/2020,HGR,MD,AEA,EN,Federal Contract Tower,0,3,10,0,13,0,2,12,0,14,0,5,22,0,27,12,0,12,39
07/08/2020,HGR,MD,AEA,EN,Federal Contract Tower,0,1,8,4,13,0,1,37,1,39,0,2,45,5,52,12,0,12,64
07/09/2020,HGR,MD,AEA,EN,Federal Contract Tower,2,1,23,2,28,0,1,34,0,35,2,2,57,2,63,10,0,10,73
07/10/2020,HGR,MD,AEA,EN,Federal Contract Tower,4,1,9,1,15,0,5,26,0,31,4,6,35,1,46,14,0,14,60
07/11/2020,HGR,MD,AEA,EN,Federal Contract Tower,0,0,14,0,14,0,3,50,0,53,0,3,64,0,67,14,0,14,81
07/12/2020,HGR,MD,AEA,EN,Federal Contract Tower,2,0,7,1,10,0,2,58,1,61,2,2,65,2,71,28,0,28,99
07/13/2020,HGR,MD,AEA,EN,Federal Contract Tower,4,1,10,1,16,0,3,39,7,49,4,4,49,8,65,14,0,14,79
07/14/2020,HGR,MD,AEA,EN,Federal Contract Tower,0,1,7,5,13,0,5,63,8,76,0,6,70,13,89,50,2,52,141
07/15/2020,HGR,MD,AEA,EN,Federal Contract Tower,0,0,10,4,14,0,6,86,7,99,0,6,96,11,113,52,0,52,165
07/16/2020,HGR,MD,AEA,EN,Federal Contract Tower,0,0,6,4,10,0,1,31,0,32,0,1,37,4,42,12,0,12,54
07/17/2020,HGR,MD,AEA,EN,Federal Contract Tower,4,5,11,1,21,0,4,28,4,36,4,9,39,5,57,58,0,58,115
07/18/2020,HGR,MD,AEA,EN,Federal Contract Tower,0,3,11,0,14,0,1,56,0,57,0,4,67,0,71,50,0,50,121
07/19/2020,HGR,MD,AEA,EN,Federal Contract Tower,2,1,7,0,10,0,1,45,0,46,2,2,52,0,56,50,0,50,106
07/20/2020,HGR,MD,AEA,EN,Federal Contract Tower,4,0,11,0,15,0,0,20,4,24,4,0,31,4,39,24,0,24,63
07/21/2020,HGR,MD,AEA,EN,Federal Contract Tower,0,0,7,5,12,0,1,48,8,57,0,1,55,13,69,24,0,24,93
07/22/2020,HGR,MD,AEA,EN,Federal Contract Tower,0,0,7,5,12,0,0,13,3,16,0,0,20,8,28,6,0,6,34
07/23/2020,HGR,MD,AEA,EN,Federal Contract Tower,2,0,15,4,21,0,2,39,9,50,2,2,54,13,71,30,0,30,101
07/24/2020,HGR,MD,AEA,EN,Federal Contract Tower,4,0,16,2,22,0,0,19,0,19,4,0,35,2,41,4,0,4,45
07/25/2020,HGR,MD,AEA,EN,Federal Contract Tower,0,0,9,0,9,0,3,71,0,74,0,3,80,0,83,20,0,20,103
07/26/2020,HGR,MD,AEA,EN,Federal Contract Tower,2,0,4,0,6,0,1,41,0,42,2,1,45,0,48,52,0,52,100
07/27/2020,HGR,MD,AEA,EN,Federal Contract Tower,4,3,5,0,12,0,1,45,4,50,4,4,50,4,62,28,0,28,90
07/28/2020,HGR,MD,AEA,EN,Federal Contract Tower,0,4,12,4,20,0,11,40,8,59,0,15,52,12,79,8,0,8,87
07/29/2020,HGR,MD,AEA,EN,Federal Contract Tower,0,0,16,0,16,0,12,73,9,94,0,12,89,9,110,106,0,106,216
07/30/2020,HGR,MD,AEA,EN,Federal Contract Tower,1,0,15,5,21,0,2,64,32,98,1,2,79,37,119,48,0,48,167
07/31/2020,HGR,MD,AEA,EN,Federal Contract Tower,4,4,10,4,22,0,2,15,0,17,4,6,25,4,39,6,0,6,45
08/01/2020,HGR,MD,AEA,EN,Federal Contract Tower,0,0,12,0,12,0,8,13,1,22,0,8,25,1,34,6,0,6,40
08/02/2020,HGR,MD,AEA,EN,Federal Contract Tower,2,0,7,0,9,0,0,33,0,33,2,0,40,0,42,30,0,30,72
08/03/2020,HGR,MD,AEA,EN,Federal Contract Tower,4,1,5,0,10,0,0,31,0,31,4,1,36,0,41,32,0,32,73
08/04/2020,HGR,MD,AEA,EN,Federal Contract Tower,0,0,6,0,6,0,0,6,11,17,0,0,12,11,23,6,0,6,29
08/05/2020,HGR,MD,AEA,EN,Federal Contract Tower,2,6,12,0,20,0,10,103,27,140,2,16,115,27,160,72,0,72,232
08/06/2020,HGR,MD,AEA,EN,Federal Contract Tower,1,0,10,0,11,0,2,10,13,25,1,2,20,13,36,0,0,0,36
08/07/2020,HGR,MD,AEA,EN,Federal Contract Tower,4,2,12,4,22,0,1,3,2,6,4,3,15,6,28,0,0,0,28
08/08/2020,HGR,MD,AEA,EN,Federal Contract Tower,0,0,19,2,21,0,0,33,9,42,0,0,52,11,63,58,0,58,121
08/09/2020,HGR,MD,AEA,EN,Federal Contract Tower,2,2,11,1,16,0,1,81,1,83,2,3,92,2,99,44,0,44,143
08/10/2020,HGR,MD,AEA,EN,Federal Contract Tower,4,0,5,11,20,0,9,66,18,93,4,9,71,29,113,36,24,60,173
08/11/2020,HGR,MD,AEA,EN,Federal Contract Tower,0,1,10,5,16,0,2,73,22,97,0,3,83,27,113,112,40,152,265
08/12/2020,HGR,MD,AEA,EN,Federal Contract Tower,2,0,7,1,10,0,7,37,20,64,2,7,44,21,74,50,0,50,124
08/13/2020,HGR,MD,AEA,EN,Federal Contract Tower,2,7,7,6,22,0,5,18,7,30,2,12,25,13,52,6,0,6,58
08/14/2020,HGR,MD,AEA,EN,Federal Contract Tower,4,1,8,4,17,0,0,30,1,31,4,1,38,5,48,14,0,14,62
08/15/2020,HGR,MD,AEA,EN,Federal Contract Tower,0,0,13,2,15,0,6,40,0,46,0,6,53,2,61,10,0,10,71
08/16/2020,HGR,MD,AEA,EN,Federal Contract Tower,2,2,10,0,14,0,2,39,0,41,2,4,49,0,55,0,0,0,55
08/17/2020,HGR,MD,AEA,EN,Federal Contract Tower,4,0,5,4,13,0,6,40,9,55,4,6,45,13,68,42,0,42,110
08/18/2020,HGR,MD,AEA,EN,Federal Contract Tower,0,2,9,6,17,0,8,60,22,90,0,10,69,28,107,86,12,98,205
08/19/2020,HGR,MD,AEA,EN,Federal Contract Tower,0,1,16,12,29,0,8,80,24,112,0,9,96,36,141,76,12,88,229
08/20/2020,HGR,MD,AEA,EN,Federal Contract Tower,0,0,15,8,23,0,4,58,8,70,0,4,73,16,93,30,0,30,123
08/21/2020,HGR,MD,AEA,EN,Federal Contract Tower,4,0,11,0,15,0,5,51,8,64,4,5,62,8,79,36,0,36,115
08/22/2020,HGR,MD,AEA,EN,Federal Contract Tower,0,0,9,0,9,0,0,43,0,43,0,0,52,0,52,30,0,30,82
08/23/2020,HGR,MD,AEA,EN,Federal Contract Tower,0,3,9,0,12,0,2,54,1,57,0,5,63,1,69,46,0,46,115
08/24/2020,HGR,MD,AEA,EN,Federal Contract Tower,4,0,10,0,14,0,9,45,8,62,4,9,55,8,76,36,0,36,112
08/25/2020,HGR,MD,AEA,EN,Federal Contract Tower,0,0,9,7,16,0,5,34,13,52,0,5,43,20,68,34,2,36,104
08/26/2020,HGR,MD,AEA,EN,Federal Contract Tower,0,0,17,2,19,0,4,71,20,95,0,4,88,22,114,68,0,68,182
08/27/2020,HGR,MD,AEA,EN,Federal Contract Tower,0,1,5,6,12,0,1,52,13,66,0,2,57,19,78,30,2,32,110
08/28/2020,HGR,MD,AEA,EN,Federal Contract Tower,4,1,9,2,16,0,0,50,17,67,4,1,59,19,83,30,0,30,113
08/29/2020,HGR,MD,AEA,EN,Federal Contract Tower,0,0,4,0,4,0,2,18,0,20,0,2,22,0,24,2,0,2,26
08/30/2020,HGR,MD,AEA,EN,Federal Contract Tower,0,0,11,0,11,0,3,104,3,110,0,3,115,3,121,26,0,26,147
08/31/2020,HGR,MD,AEA,EN,Federal Contract Tower,4,4,16,1,25,0,0,31,2,33,4,4,47,3,58,48,20,68,126
09/01/2020,HGR,MD,AEA,EN,Federal Contract Tower,0,0,12,7,19,0,4,2,0,6,0,4,14,7,25,0,0,0,25
09/02/2020,HGR,MD,AEA,EN,Federal Contract Tower,0,2,9,9,20,0,10,27,7,44,0,12,36,16,64,6,0,6,70
09/03/2020,HGR,MD,AEA,EN,Federal Contract Tower,0,0,9,2,11,0,3,28,0,31,0,3,37,2,42,36,0,36,78
09/04/2020,HGR,MD,AEA,EN,Federal Contract Tower,4,0,10,2,16,0,7,57,2,66,4,7,67,4,82,30,0,30,112
09/05/2020,HGR,MD,AEA,EN,Federal Contract Tower,0,0,7,0,7,0,8,110,0,118,0,8,117,0,125,44,0,44,169
09/06/2020,HGR,MD,AEA,EN,Federal Contract Tower,0,0,8,0,8,0,6,81,0,87,0,6,89,0,95,16,0,16,111
09/07/2020,HGR,MD,AEA,EN,Federal Contract Tower,4,0,7,0,11,0,1,67,0,68,4,1,74,0,79,44,0,44,123
09/08/2020,HGR,MD,AEA,EN,Federal Contract Tower,0,1,13,5,19,0,4,64,22,90,0,5,77,27,109,40,6,46,155
09/09/2020,HGR,MD,AEA,EN,Federal Contract Tower,0,1,15,4,20,0,4,45,17,66,0,5,60,21,86,32,0,32,118
09/10/2020,HGR,MD,AEA,EN,Federal Contract Tower,0,3,12,8,23,0,0,10,0,10,0,3,22,8,33,0,0,0,33
09/11/2020,HGR,MD,AEA,EN,Federal Contract Tower,2,1,20,6,29,0,23,59,11,93,2,24,79,17,122,30,0,30,152
09/12/2020,HGR,MD,AEA,EN,Federal Contract Tower,0,1,22,0,23,0,1,73,0,74,0,2,95,0,97,12,0,12,109
09/13/2020,HGR,MD,AEA,EN,Federal Contract Tower,0,1,10,0,11,0,7,15,3,25,0,8,25,3,36,0,8,8,44
09/14/2020,HGR,MD,AEA,EN,Federal Contract Tower,2,1,15,0,18,0,2,47,14,63,2,3,62,14,81,28,0,28,109
09/15/2020,HGR,MD,AEA,EN,Federal Contract Tower,0,1,13,0,14,0,6,72,12,90,0,7,85,12,104,34,4,38,142
09/16/2020,HGR,MD,AEA,EN,Federal Contract Tower,0,4,17,6,27,0,5,84,7,96,0,9,101,13,123,52,6,58,181
09/17/2020,HGR,MD,AEA,EN,Federal Contract Tower,0,5,15,2,22,0,2,47,11,60,0,7,62,13,82,98,0,98,180
09/18/2020,HGR,MD,AEA,EN,Federal Contract Tower,2,0,5,3,10,0,2,39,7,48,2,2,44,10,58,48,0,48,106
09/19/2020,HGR,MD,AEA,EN,Federal Contract Tower,0,0,12,0,12,0,2,70,0,72,0,2,82,0,84,32,0,32,116
09/20/2020,HGR,MD,AEA,EN,Federal Contract Tower,0,2,5,0,7,0,4,70,3,77,0,6,75,3,84,52,0,52,136
09/21/2020,HGR,MD,AEA,EN,Federal Contract Tower,2,0,6,0,8,0,7,67,14,88,2,7,73,14,96,84,0,84,180
09/22/2020,HGR,MD,AEA,EN,Federal Contract Tower,0,2,19,12,33,0,2,104,51,157,0,4,123,63,190,86,22,108,298
09/23/2020,HGR,MD,AEA,EN,Federal Contract Tower,0,1,10,0,11,0,7,60,26,93,0,8,70,26,104,12,0,12,116
09/24/2020,HGR,MD,AEA,EN,Federal Contract Tower,0,0,9,6,15,0,19,56,27,102,0,19,65,33,117,10,0,10,127
09/25/2020,HGR,MD,AEA,EN,Federal Contract Tower,2,3,17,0,22,0,0,38,3,41,2,3,55,3,63,34,0,34,97
09/26/2020,HGR,MD,AEA,EN,Federal Contract Tower,0,0,16,0,16,0,0,3,0,3,0,0,19,0,19,0,0,0,19
09/27/2020,HGR,MD,AEA,EN,Federal Contract Tower,0,1,13,0,14,0,2,29,2,33,0,3,42,2,47,18,10,28,75
09/28/2020,HGR,MD,AEA,EN,Federal Contract Tower,2,4,10,2,18,0,3,21,5,29,2,7,31,7,47,0,0,0,47
09/29/2020,HGR,MD,AEA,EN,Federal Contract Tower,0,3,7,11,21,0,1,21,5,27,0,4,28,16,48,18,0,18,66
09/30/2020,HGR,MD,AEA,EN,Federal Contract Tower,0,1,14,2,17,0,4,59,13,76,0,5,73,15,93,70,0,70,163
10/01/2020,HGR,MD,AEA,EN,Federal Contract Tower,0,2,14,1,17,0,6,76,28,110,0,8,90,29,127,8,0,8,135
10/02/2020,HGR,MD,AEA,EN,Federal Contract Tower,2,2,6,7,17,0,12,43,8,63,2,14,49,15,80,18,0,18,98
10/03/2020,HGR,MD,AEA,EN,Federal Contract Tower,0,0,14,0,14,0,3,66,3,72,0,3,80,3,86,64,0,64,150
10/04/2020,HGR,MD,AEA,EN,Federal Contract Tower,0,0,2,0,2,0,1,86,0,87,0,1,88,0,89,50,0,50,139
10/05/2020,HGR,MD,AEA,EN,Federal Contract Tower,2,1,15,0,18,0,5,38,6,49,2,6,53,6,67,10,0,10,77
10/06/2020,HGR,MD,AEA,EN,Federal Contract Tower,0,7,11,1,19,0,5,59,10,74,0,12,70,11,93,28,0,28,121
10/07/2020,HGR,MD,AEA,EN,Federal Contract Tower,0,0,8,1,9,0,5,25,11,41,0,5,33,12,50,10,0,10,60
10/08/2020,HGR,MD,AEA,EN,Federal Contract Tower,0,0,12,2,14,0,4,48,19,71,0,4,60,21,85,50,0,50,135
10/09/2020,HGR,MD,AEA,EN,Federal Contract Tower,2,0,8,1,11,0,1,56,11,68,2,1,64,12,79,32,0,32,111
10/10/2020,HGR,MD,AEA,EN,Federal Contract Tower,0,0,20,0,20,0,4,75,4,83,0,4,95,4,103,72,0,72,175
10/11/2020,HGR,MD,AEA,EN,Federal Contract Tower,0,2,9,0,11,0,1,16,0,17,0,3,25,0,28,50,0,50,78
10/12/2020,HGR,MD,AEA,EN,Federal Contract Tower,2,0,16,5,23,0,0,1,1,2,2,0,17,6,25,0,0,0,25
10/13/2020,HGR,MD,AEA,EN,Federal Contract Tower,0,2,9,20,31,0,2,19,34,55,0,4,28,54,86,12,26,38,124
10/14/2020,HGR,MD,AEA,EN,Federal Contract Tower,0,0,5,3,8,0,7,79,40,126,0,7,84,43,134,94,0,94,228
10/15/2020,HGR,MD,AEA,EN,Federal Contract Tower,0,0,2,3,5,0,1,27,30,58,0,1,29,33,63,0,0,0,63
10/16/2020,HGR,MD,AEA,EN,Federal Contract Tower,2,0,4,6,12,0,4,10,2,16,2,4,14,8,28,6,0,6,34
10/17/2020,HGR,MD,AEA,EN,Federal Contract Tower,0,0,8,0,8,0,5,70,4,79,0,5,78,4,87,32,0,32,119
10/18/2020,HGR,MD,AEA,EN,Federal Contract Tower,0,0,7,0,7,0,2,60,6,68,0,2,67,6,75,28,0,28,103
10/19/2020,HGR,MD,AEA,EN,Federal Contract Tower,2,0,16,5,23,0,2,9,0,11,2,2,25,5,34,0,0,0,34
10/20/2020,HGR,MD,AEA,EN,Federal Contract Tower,0,0,6,8,14,0,1,75,17,93,0,1,81,25,107,78,0,78,185
10/21/2020,HGR,MD,AEA,EN,Federal Contract Tower,0,1,17,4,22,0,2,51,14,67,0,3,68,18,89,18,0,18,107
10/22/2020,HGR,MD,AEA,EN,Federal Contract Tower,0,0,7,5,12,0,1,50,23,74,0,1,57,28,86,10,0,10,96
10/23/2020,HGR,MD,AEA,EN,Federal Contract Tower,2,1,15,5,23,0,1,56,5,62,2,2,71,10,85,14,0,14,99
10/24/2020,HGR,MD,AEA,EN,Federal Contract Tower,0,0,9,0,9,0,2,36,0,38,0,2,45,0,47,4,0,4,51
10/25/2020,HGR,MD,AEA,EN,Federal Contract Tower,0,0,11,0,11,0,0,3,0,3,0,0,14,0,14,0,0,0,14
10/26/2020,HGR,MD,AEA,EN,Federal Contract Tower,2,1,19,11,33,0,0,14,7,21,2,1,33,18,54,12,0,12,66
10/27/2020,HGR,MD,AEA,EN,Federal Contract Tower,0,4,8,11,23,0,10,40,24,74,0,14,48,35,97,38,0,38,135
10/28/2020,HGR,MD,AEA,EN,Federal Contract Tower,0,3,16,31,50,0,5,31,8,44,0,8,47,39,94,48,0,48,142
10/29/2020,HGR,MD,AEA,EN,Federal Contract Tower,0,2,1,6,9,0,0,0,0,0,0,2,1,6,9,0,0,0,9
10/30/2020,HGR,MD,AEA,EN,Federal Contract Tower,2,1,11,16,30,0,2,13,7,22,2,3,24,23,52,14,0,14,66
10/31/2020,HGR,MD,AEA,EN,Federal Contract Tower,0,0,10,1,11,0,1,76,3,80,0,1,86,4,91,56,0,56,147
11/01/2020,HGR,MD,AEA,EN,Federal Contract Tower,0,0,9,0,9,0,0,9,0,9,0,0,18,0,18,0,0,0,18
11/02/2020,HGR,MD,AEA,EN,Federal Contract Tower,2,0,7,10,19,0,4,2,14,20,2,4,9,24,39,8,0,8,47
11/03/2020,HGR,MD,AEA,EN,Federal Contract Tower,0,0,3,8,11,0,8,16,20,44,0,8,19,28,55,16,0,16,71
11/04/2020,HGR,MD,AEA,EN,Federal Contract Tower,0,2,7,16,25,0,7,57,36,100,0,9,64,52,125,14,4,18,143
11/05/2020,HGR,MD,AEA,EN,Federal Contract Tower,0,1,9,3,13,0,9,82,6,97,0,10,91,9,110,66,0,66,176
11/06/2020,HGR,MD,AEA,EN,Federal Contract Tower,2,0,13,8,23,0,3,83,12,98,2,3,96,20,121,44,0,44,165
11/07/2020,HGR,MD,AEA,EN,Federal Contract Tower,0,2,6,0,8,0,5,93,3,101,0,7,99,3,109,76,0,76,185
11/08/2020,HGR,MD,AEA,EN,Federal Contract Tower,0,0,9,0,9,0,2,86,1,89,0,2,95,1,98,64,8,72,170
11/09/2020,HGR,MD,AEA,EN,Federal Contract Tower,2,4,6,6,18,0,5,56,7,68,2,9,62,13,86,38,0,38,124
11/10/2020,HGR,MD,AEA,EN,Federal Contract Tower,0,3,9,4,16,0,13,78,24,115,0,16,87,28,131,46,0,46,177
11/11/2020,HGR,MD,AEA,EN,Federal Contract Tower,0,1,13,0,14,0,1,0,0,1,0,2,13,0,15,0,0,0,15
11/12/2020,HGR,MD,AEA,EN,Federal Contract Tower,0,1,16,7,24,0,1,18,10,29,0,2,34,17,53,30,8,38,91
11/13/2020,HGR,MD,AEA,EN,Federal Contract Tower,2,2,24,0,28,0,3,44,12,59,2,5,68,12,87,24,0,24,111
11/14/2020,HGR,MD,AEA,EN,Federal Contract Tower,0,9,11,1,21,0,5,114,0,119,0,14,125,1,140,64,0,64,204
11/15/2020,HGR,MD,AEA,EN,Federal Contract Tower,0,0,3,0,3,0,0,0,0,0,0,0,3,0,3,0,0,0,3
11/16/2020,HGR,MD,AEA,EN,Federal Contract Tower,2,2,9,1,14,0,11,38,8,57,2,13,47,9,71,36,2,38,109
11/17/2020,HGR,MD,AEA,EN,Federal Contract Tower,0,1,5,9,15,0,8,7,24,39,0,9,12,33,54,0,0,0,54
11/18/2020,HGR,MD,AEA,EN,Federal Contract Tower,0,2,12,7,21,0,6,49,10,65,0,8,61,17,86,60,0,60,146
11/19/2020,HGR,MD,AEA,EN,Federal Contract Tower,0,0,7,8,15,0,5,29,14,48,0,5,36,22,63,12,22,34,97
11/20/2020,HGR,MD,AEA,EN,Federal Contract Tower,2,0,9,0,11,0,2,62,4,68,2,2,71,4,79,56,12,68,147
11/21/2020,HGR,MD,AEA,EN,Federal Contract Tower,2,0,3,0,5,0,2,40,0,42,2,2,43,0,47,46,0,46,93
11/22/2020,HGR,MD,AEA,EN,Federal Contract Tower,0,0,12,0,12,0,2,28,1,31,0,2,40,1,43,18,0,18,61
11/23/2020,HGR,MD,AEA,EN,Federal Contract Tower,0,0,7,8,15,0,11,0,3,14,0,11,7,11,29,0,0,0,29
11/24/2020,HGR,MD,AEA,EN,Federal Contract Tower,2,0,12,1,15,0,8,72,24,104,2,8,84,25,119,86,0,86,205
11/25/2020,HGR,MD,AEA,EN,Federal Contract Tower,0,0,5,1,6,0,8,35,0,43,0,8,40,1,49,48,0,48,97
11/26/2020,HGR,MD,AEA,EN,Federal Contract Tower,0,0,1,0,1,0,0,7,1,8,0,0,8,1,9,0,0,0,9
11/27/2020,HGR,MD,AEA,EN,Federal Contract Tower,0,1,8,0,9,0,5,24,0,29,0,6,32,0,38,10,0,10,48
11/28/2020,HGR,MD,AEA,EN,Federal Contract Tower,2,0,10,0,12,0,6,22,0,28,2,6,32,0,40,0,0,0,40
11/29/2020,HGR,MD,AEA,EN,Federal Contract Tower,2,2,10,2,16,0,7,51,3,61,2,9,61,5,77,40,0,40,117
11/30/2020,HGR,MD,AEA,EN,Federal Contract Tower,0,0,3,1,4,0,0,0,0,0,0,0,3,1,4,0,0,0,4
12/01/2020,HGR,MD,AEA,EN,Federal Contract Tower,0,0,2,7,9,0,4,0,0,4,0,4,2,7,13,0,0,0,13
12/02/2020,HGR,MD,AEA,EN,Federal Contract Tower,0,0,1,1,2,0,4,27,25,56,0,4,28,26,58,6,6,12,70
12/03/2020,HGR,MD,AEA,EN,Federal Contract Tower,0,0,5,1,6,0,0,63,17,80,0,0,68,18,86,44,0,44,130
12/04/2020,HGR,MD,AEA,EN,Federal Contract Tower,2,2,4,3,11,0,2,13,5,20,2,4,17,8,31,48,0,48,79
12/05/2020,HGR,MD,AEA,EN,Federal Contract Tower,0,1,6,0,7,0,0,10,0,10,0,1,16,0,17,0,0,0,17
12/06/2020,HGR,MD,AEA,EN,Federal Contract Tower,0,1,8,0,9,0,0,0,0,0,0,1,8,0,9,38,0,38,47
12/07/2020,HGR,MD,AEA,EN,Federal Contract Tower,2,1,4,1,8,0,11,14,17,42,2,12,18,18,50,0,0,0,50
12/08/2020,HGR,MD,AEA,EN,Federal Contract Tower,0,6,13,15,34,0,7,55,20,82,0,13,68,35,116,66,0,66,182
12/09/2020,HGR,MD,AEA,EN,Federal Contract Tower,0,0,0,13,13,0,6,40,17,63,0,6,40,30,76,72,6,78,154
12/10/2020,HGR,MD,AEA,EN,Federal Contract Tower,0,1,9,3,13,0,2,49,16,67,0,3,58,19,80,68,14,82,162
12/11/2020,HGR,MD,AEA,EN,Federal Contract Tower,2,1,8,1,12,0,8,72,11,91,2,9,80,12,103,30,0,30,133
12/12/2020,HGR,MD,AEA,EN,Federal Contract Tower,0,0,12,0,12,0,0,61,0,61,0,0,73,0,73,110,0,110,183
12/13/2020,HGR,MD,AEA,EN,Federal Contract Tower,0,2,8,0,10,0,6,66,0,72,0,8,74,0,82,70,0,70,152
12/14/2020,HGR,MD,AEA,EN,Federal Contract Tower,2,0,4,0,6,0,2,3,4,9,2,2,7,4,15,0,6,6,21
12/15/2020,HGR,MD,AEA,EN,Federal Contract Tower,0,0,8,4,12,0,5,62,45,112,0,5,70,49,124,88,12,100,224
12/16/2020,HGR,MD,AEA,EN,Federal Contract Tower,0,0,2,0,2,0,0,0,0,0,0,0,2,0,2,0,0,0,2
12/17/2020,HGR,MD,AEA,EN,Federal Contract Tower,0,0,2,12,14,0,6,5,11,22,0,6,7,23,36,0,0,0,36
12/19/2020,HGR,MD,AEA,EN,Federal Contract Tower,2,1,20,3,26,0,2,35,0,37,2,3,55,3,63,34,0,34,97
12/20/2020,HGR,MD,AEA,EN,Federal Contract Tower,2,1,3,0,6,0,0,8,0,8,2,1,11,0,14,14,0,14,28
12/21/2020,HGR,MD,AEA,EN,Federal Contract Tower,2,3,8,0,13,0,4,17,0,21,2,7,25,0,34,14,0,14,48
12/22/2020,HGR,MD,AEA,EN,Federal Contract Tower,0,0,3,2,5,0,7,29,10,46,0,7,32,12,51,0,0,0,51
12/23/2020,HGR,MD,AEA,EN,Federal Contract Tower,2,2,30,3,37,0,12,70,2,84,2,14,100,5,121,54,0,54,175
12/24/2020,HGR,MD,AEA,EN,Federal Contract Tower,2,0,0,0,2,0,0,0,0,0,2,0,0,0,2,0,0,0,2
12/25/2020,HGR,MD,AEA,EN,Federal Contract Tower,0,0,0,0,0,0,4,0,0,4,0,4,0,0,4,0,0,0,4
12/26/2020,HGR,MD,AEA,EN,Federal Contract Tower,0,0,4,0,4,0,2,32,3,37,0,2,36,3,41,34,6,40,81
12/27/2020,HGR,MD,AEA,EN,Federal Contract Tower,2,1,4,0,7,0,8,44,6,58,2,9,48,6,65,36,0,36,101
12/28/2020,HGR,MD,AEA,EN,Federal Contract Tower,2,0,3,0,5,0,1,39,5,45,2,1,42,5,50,22,2,24,74
12/29/2020,HGR,MD,AEA,EN,Federal Contract Tower,0,0,5,4,9,0,1,26,4,31,0,1,31,8,40,24,0,24,64
12/30/2020,HGR,MD,AEA,EN,Federal Contract Tower,2,3,6,3,14,0,12,30,10,52,2,15,36,13,66,14,0,14,80
12/31/2020,HGR,MD,AEA,EN,Federal Contract Tower,2,2,5,0,9,0,1,7,0,8,2,3,12,0,17,0,0,0,17
01/01/2021,HGR,MD,AEA,EN,Federal Contract Tower,0,0,0,0,0,0,3,0,0,3,0,3,0,0,3,0,0,0,3
01/02/2021,HGR,MD,AEA,EN,Federal Contract Tower,0,0,11,0,11,0,2,26,0,28,0,2,37,0,39,38,0,38,77
01/03/2021,HGR,MD,AEA,EN,Federal Contract Tower,2,0,2,0,4,0,0,0,0,0,2,0,2,0,4,0,0,0,4
01/04/2021,HGR,MD,AEA,EN,Federal Contract Tower,0,0,11,4,15,0,6,13,0,19,0,6,24,4,34,8,0,8,42
01/05/2021,HGR,MD,AEA,EN,Federal Contract Tower,2,0,1,2,5,0,0,0,0,0,2,0,1,2,5,0,0,0,5
01/06/2021,HGR,MD,AEA,EN,Federal Contract Tower,0,1,5,1,7,0,0,8,0,8,0,1,13,1,15,12,0,12,27
01/07/2021,HGR,MD,AEA,EN,Federal Contract Tower,0,0,5,1,6,0,2,46,2,50,0,2,51,3,56,8,0,8,64
01/08/2021,HGR,MD,AEA,EN,Federal Contract Tower,2,2,13,0,17,0,4,20,11,35,2,6,33,11,52,14,8,22,74
01/09/2021,HGR,MD,AEA,EN,Federal Contract Tower,0,1,4,0,5,0,0,34,2,36,0,1,38,2,41,10,0,10,51
01/10/2021,HGR,MD,AEA,EN,Federal Contract Tower,0,1,12,0,13,0,0,96,0,96,0,1,108,0,109,48,0,48,157
01/11/2021,HGR,MD,AEA,EN,Federal Contract Tower,2,1,10,2,15,0,3,31,3,37,2,4,41,5,52,30,0,30,82
01/12/2021,HGR,MD,AEA,EN,Federal Contract Tower,0,0,14,4,18,0,6,59,2,67,0,6,73,6,85,42,10,52,137
01/13/2021,HGR,MD,AEA,EN,Federal Contract Tower,0,0,18,7,25,0,6,63,4,73,0,6,81,11,98,78,0,78,176
01/14/2021,HGR,MD,AEA,EN,Federal Contract Tower,0,0,6,2,8,0,0,53,1,54,0,0,59,3,62,28,0,28,90
01/15/2021,HGR,MD,AEA,EN,Federal Contract Tower,2,2,13,2,19,0,5,34,0,39,2,7,47,2,58,8,0,8,66
01/16/2021,HGR,MD,AEA,EN,Federal Contract Tower,0,1,4,0,5,0,2,43,2,47,0,3,47,2,52,42,0,42,94
01/17/2021,HGR,MD,AEA,EN,Federal Contract Tower,0,2,7,0,9,0,1,30,0,31,0,3,37,0,40,32,0,32,72
01/18/2021,HGR,MD,AEA,EN,Federal Contract Tower,2,0,6,0,8,0,7,32,0,39,2,7,38,0,47,34,0,34,81
01/19/2021,HGR,MD,AEA,EN,Federal Contract Tower,0,1,6,4,11,0,3,32,8,43,0,4,38,12,54,68,0,68,122
01/20/2021,HGR,MD,AEA,EN,Federal Contract Tower,0,0,2,3,5,0,1,6,1,8,0,1,8,4,13,0,0,0,13
01/21/2021,HGR,MD,AEA,EN,Federal Contract Tower,0,1,3,6,10,0,3,32,20,55,0,4,35,26,65,0,0,0,65
01/22/2021,HGR,MD,AEA,EN,Federal Contract Tower,2,3,12,1,18,0,4,27,4,35,2,7,39,5,53,16,0,16,69
01/23/2021,HGR,MD,AEA,EN,Federal Contract Tower,0,3,5,0,8,0,6,8,0,14,0,9,13,0,22,0,0,0,22
01/24/2021,HGR,MD,AEA,EN,Federal Contract Tower,0,0,19,0,19,0,2,98,0,100,0,2,117,0,119,94,0,94,213
01/25/2021,HGR,MD,AEA,EN,Federal Contract Tower,2,3,4,6,15,0,2,2,0,4,2,5,6,6,19,0,0,0,19
01/26/2021,HGR,MD,AEA,EN,Federal Contract Tower,0,1,2,0,3,0,0,0,0,0,0,1,2,0,3,0,0,0,3
01/27/2021,HGR,MD,AEA,EN,Federal Contract Tower,0,1,10,8,19,0,6,41,35,82,0,7,51,43,101,4,0,4,105
01/28/2021,HGR,MD,AEA,EN,Federal Contract Tower,0,0,5,2,7,0,0,9,24,33,0,0,14,26,40,0,0,0,40
01/29/2021,HGR,MD,AEA,EN,Federal Contract Tower,2,3,5,6,16,0,5,8,7,20,2,8,13,13,36,0,0,0,36
01/30/2021,HGR,MD,AEA,EN,Federal Contract Tower,0,2,11,2,15,0,1,140,3,144,0,3,151,5,159,100,18,118,277
01/31/2021,HGR,MD,AEA,EN,Federal Contract Tower,0,0,0,0,0,0,0,0,0,0,0,0,0,0,0,0,0,0,0
02/01/2021,HGR,MD,AEA,EN,Federal Contract Tower,2,0,0,0,2,0,0,0,0,0,2,0,0,0,2,0,0,0,2
02/02/2021,HGR,MD,AEA,EN,Federal Contract Tower,0,3,0,2,5,0,8,3,7,18,0,11,3,9,23,0,0,0,23
02/03/2021,HGR,MD,AEA,EN,Federal Contract Tower,0,5,11,0,16,0,8,7,5,20,0,13,18,5,36,0,0,0,36
02/04/2021,HGR,MD,AEA,EN,Federal Contract Tower,0,0,21,2,23,0,5,42,1,48,0,5,63,3,71,32,0,32,103
02/05/2021,HGR,MD,AEA,EN,Federal Contract Tower,2,1,5,0,8,0,7,21,0,28,2,8,26,0,36,2,0,2,38
02/06/2021,HGR,MD,AEA,EN,Federal Contract Tower,0,0,3,0,3,0,3,25,0,28,0,3,28,0,31,12,0,12,43
02/07/2021,HGR,MD,AEA,EN,Federal Contract Tower,0,0,1,0,1,0,0,0,0,0,0,0,1,0,1,0,0,0,1
02/08/2021,HGR,MD,AEA,EN,Federal Contract Tower,2,3,8,5,18,0,4,45,0,49,2,7,53,5,67,34,0,34,101
02/09/2021,HGR,MD,AEA,EN,Federal Contract Tower,0,0,3,3,6,0,10,30,10,50,0,10,33,13,56,32,0,32,88
02/10/2021,HGR,MD,AEA,EN,Federal Contract Tower,0,2,2,2,6,0,11,27,4,42,0,13,29,6,48,46,0,46,94
02/11/2021,HGR,MD,AEA,EN,Federal Contract Tower,0,0,3,1,4,0,0,0,6,6,0,0,3,7,10,0,0,0,10
02/12/2021,HGR,MD,AEA,EN,Federal Contract Tower,2,4,7,3,16,0,6,9,0,15,2,10,16,3,31,38,0,38,69
02/13/2021,HGR,MD,AEA,EN,Federal Contract Tower,0,0,2,0,2,0,0,0,0,0,0,0,2,0,2,0,0,0,2
02/14/2021,HGR,MD,AEA,EN,Federal Contract Tower,0,1,3,0,4,0,0,3,0,3,0,1,6,0,7,0,0,0,7
02/15/2021,HGR,MD,AEA,EN,Federal Contract Tower,2,0,1,2,5,0,0,0,0,0,2,0,1,2,5,0,0,0,5
02/16/2021,HGR,MD,AEA,EN,Federal Contract Tower,0,2,3,4,9,0,4,8,9,21,0,6,11,13,30,0,0,0,30
02/17/2021,HGR,MD,AEA,EN,Federal Contract Tower,0,0,6,3,9,0,14,62,19,95,0,14,68,22,104,32,4,36,140
02/18/2021,HGR,MD,AEA,EN,Federal Contract Tower,0,0,0,0,0,0,0,0,0,0,0,0,0,0,0,0,0,0,0
02/19/2021,HGR,MD,AEA,EN,Federal Contract Tower,2,2,6,0,10,0,3,3,0,6,2,5,9,0,16,0,0,0,16
02/20/2021,HGR,MD,AEA,EN,Federal Contract Tower,0,1,9,0,10,0,10,11,0,21,0,11,20,0,31,10,0,10,41
02/21/2021,HGR,MD,AEA,EN,Federal Contract Tower,0,2,15,0,17,0,6,70,0,76,0,8,85,0,93,30,0,30,123
02/22/2021,HGR,MD,AEA,EN,Federal Contract Tower,2,1,5,7,15,0,2,2,7,11,2,3,7,14,26,10,0,10,36
02/23/2021,HGR,MD,AEA,EN,Federal Contract Tower,0,0,11,11,22,0,6,40,15,61,0,6,51,26,83,86,0,86,169
02/24/2021,HGR,MD,AEA,EN,Federal Contract Tower,0,0,7,0,7,0,15,92,38,145,0,15,99,38,152,102,24,126,278
02/25/2021,HGR,MD,AEA,EN,Federal Contract Tower,0,2,10,1,13,0,3,73,22,98,0,5,83,23,111,26,2,28,139
02/26/2021,HGR,MD,AEA,EN,Federal Contract Tower,2,4,5,3,14,0,3,81,11,95,2,7,86,14,109,58,0,58,167
02/27/2021,HGR,MD,AEA,EN,Federal Contract Tower,0,0,12,0,12,0,0,13,0,13,0,0,25,0,25,10,0,10,35
02/28/2021,HGR,MD,AEA,EN,Federal Contract Tower,0,2,13,0,15,0,0,2,0,2,0,2,15,0,17,0,0,0,17
03/01/2021,HGR,MD,AEA,EN,Federal Contract Tower,2,1,6,1,10,0,0,16,0,16,2,1,22,1,26,2,0,2,28
03/02/2021,HGR,MD,AEA,EN,Federal Contract Tower,0,0,9,7,16,0,2,42,10,54,0,2,51,17,70,38,0,38,108
03/03/2021,HGR,MD,AEA,EN,Federal Contract Tower,0,1,9,0,10,0,6,82,7,95,0,7,91,7,105,100,0,100,205
03/04/2021,HGR,MD,AEA,EN,Federal Contract Tower,0,2,11,3,16,0,2,24,2,28,0,4,35,5,44,2,0,2,46
03/05/2021,HGR,MD,AEA,EN,Federal Contract Tower,2,5,9,0,16,0,6,30,0,36,2,11,39,0,52,0,0,0,52
03/06/2021,HGR,MD,AEA,EN,Federal Contract Tower,0,1,6,0,7,0,1,22,0,23,0,2,28,0,30,24,0,24,54
03/07/2021,HGR,MD,AEA,EN,Federal Contract Tower,0,0,14,0,14,0,0,74,2,76,0,0,88,2,90,56,0,56,146
03/08/2021,HGR,MD,AEA,EN,Federal Contract Tower,2,0,7,2,11,0,4,52,3,59,2,4,59,5,70,38,0,38,108
03/09/2021,HGR,MD,AEA,EN,Federal Contract Tower,0,4,9,0,13,0,15,54,7,76,0,19,63,7,89,78,0,78,167
03/10/2021,HGR,MD,AEA,EN,Federal Contract Tower,0,1,9,0,10,0,12,58,14,84,0,13,67,14,94,86,0,86,180
03/11/2021,HGR,MD,AEA,EN,Federal Contract Tower,0,1,4,2,7,0,3,60,7,70,0,4,64,9,77,26,0,26,103
03/12/2021,HGR,MD,AEA,EN,Federal Contract Tower,2,1,12,0,15,0,3,34,0,37,2,4,46,0,52,22,0,22,74
03/13/2021,HGR,MD,AEA,EN,Federal Contract Tower,0,0,2,0,2,0,3,79,0,82,0,3,81,0,84,92,0,92,176
03/14/2021,HGR,MD,AEA,EN,Federal Contract Tower,0,2,2,0,4,0,2,22,0,24,0,4,24,0,28,4,0,4,32
03/15/2021,HGR,MD,AEA,EN,Federal Contract Tower,2,2,2,2,8,0,16,24,2,42,2,18,26,4,50,20,0,20,70
03/16/2021,HGR,MD,AEA,EN,Federal Contract Tower,0,2,7,5,14,0,3,6,0,9,0,5,13,5,23,0,0,0,23
03/17/2021,HGR,MD,AEA,EN,Federal Contract Tower,0,1,17,5,23,0,5,0,1,6,0,6,17,6,29,0,0,0,29
03/18/2021,HGR,MD,AEA,EN,Federal Contract Tower,0,0,2,5,7,0,0,0,0,0,0,0,2,5,7,0,0,0,7
03/19/2021,HGR,MD,AEA,EN,Federal Contract Tower,2,2,6,3,13,0,11,7,12,30,2,13,13,15,43,10,0,10,53
03/20/2021,HGR,MD,AEA,EN,Federal Contract Tower,0,0,12,0,12,0,0,129,1,130,0,0,141,1,142,44,0,44,186
03/21/2021,HGR,MD,AEA,EN,Federal Contract Tower,0,0,12,3,15,0,2,54,3,59,0,2,66,6,74,4,2,6,80
03/22/2021,HGR,MD,AEA,EN,Federal Contract Tower,2,1,12,7,22,0,9,83,11,103,2,10,95,18,125,32,22,54,179
03/23/2021,HGR,MD,AEA,EN,Federal Contract Tower,0,1,18,8,27,0,10,76,10,96,0,11,94,18,123,134,0,134,257
03/24/2021,HGR,MD,AEA,EN,Federal Contract Tower,0,2,5,6,13,0,0,0,0,0,0,2,5,6,13,0,0,0,13
03/25/2021,HGR,MD,AEA,EN,Federal Contract Tower,0,2,18,8,28,0,0,10,1,11,0,2,28,9,39,0,0,0,39
03/26/2021,HGR,MD,AEA,EN,Federal Contract Tower,2,0,3,0,5,0,1,3,0,4,2,1,6,0,9,0,0,0,9
03/27/2021,HGR,MD,AEA,EN,Federal Contract Tower,0,0,10,0,10,0,2,124,2,128,0,2,134,2,138,102,0,102,240
03/28/2021,HGR,MD,AEA,EN,Federal Contract Tower,0,0,3,0,3,0,0,0,0,0,0,0,3,0,3,0,0,0,3
03/29/2021,HGR,MD,AEA,EN,Federal Contract Tower,2,0,6,1,9,0,1,25,2,28,2,1,31,3,37,20,0,20,57
03/30/2021,HGR,MD,AEA,EN,Federal Contract Tower,0,1,7,2,10,0,3,44,7,54,0,4,51,9,64,4,0,4,68
03/31/2021,HGR,MD,AEA,EN,Federal Contract Tower,0,5,11,10,26,0,2,0,0,2,0,7,11,10,28,0,0,0,28
04/01/2021,HGR,MD,AEA,EN,Federal Contract Tower,0,1,16,1,18,0,2,11,15,28,0,3,27,16,46,8,2,10,56
04/02/2021,HGR,MD,AEA,EN,Federal Contract Tower,2,1,4,0,7,0,3,14,9,26,2,4,18,9,33,0,0,0,33
04/03/2021,HGR,MD,AEA,EN,Federal Contract Tower,0,0,3,0,3,0,0,52,0,52,0,0,55,0,55,32,0,32,87
04/04/2021,HGR,MD,AEA,EN,Federal Contract Tower,0,0,4,0,4,0,0,16,0,16,0,0,20,0,20,0,0,0,20
04/05/2021,HGR,MD,AEA,EN,Federal Contract Tower,2,6,9,0,17,0,5,45,8,58,2,11,54,8,75,16,0,16,91
04/06/2021,HGR,MD,AEA,EN,Federal Contract Tower,0,0,13,2,15,0,6,76,13,95,0,6,89,15,110,70,0,70,180
04/07/2021,HGR,MD,AEA,EN,Federal Contract Tower,0,0,10,4,14,0,9,59,16,84,0,9,69,20,98,22,0,22,120
04/08/2021,HGR,MD,AEA,EN,Federal Contract Tower,0,0,5,0,5,0,4,32,17,53,0,4,37,17,58,10,0,10,68
04/09/2021,HGR,MD,AEA,EN,Federal Contract Tower,2,0,18,2,22,0,0,0,0,0,2,0,18,2,22,0,0,0,22
04/10/2021,HGR,MD,AEA,EN,Federal Contract Tower,0,0,11,0,11,0,0,5,0,5,0,0,16,0,16,4,0,4,20
04/11/2021,HGR,MD,AEA,EN,Federal Contract Tower,0,3,5,2,10,0,0,16,0,16,0,3,21,2,26,64,0,64,90
04/12/2021,HGR,MD,AEA,EN,Federal Contract Tower,0,2,15,9,26,0,0,22,0,22,0,2,37,9,48,42,0,42,90
04/13/2021,HGR,MD,AEA,EN,Federal Contract Tower,2,1,18,8,29,0,5,57,4,66,2,6,75,12,95,60,0,60,155
04/14/2021,HGR,MD,AEA,EN,Federal Contract Tower,0,2,8,8,18,0,0,21,0,21,0,2,29,8,39,40,0,40,79
04/15/2021,HGR,MD,AEA,EN,Federal Contract Tower,0,1,5,14,20,0,0,25,8,33,0,1,30,22,53,2,8,10,63
04/16/2021,HGR,MD,AEA,EN,Federal Contract Tower,2,1,7,2,12,0,3,18,8,29,2,4,25,10,41,0,0,0,41
04/17/2021,HGR,MD,AEA,EN,Federal Contract Tower,0,2,12,0,14,0,1,58,0,59,0,3,70,0,73,34,0,34,107
04/18/2021,HGR,MD,AEA,EN,Federal Contract Tower,0,1,8,0,9,0,2,39,0,41,0,3,47,0,50,38,0,38,88
04/19/2021,HGR,MD,AEA,EN,Federal Contract Tower,2,1,8,2,13,0,1,42,7,50,2,2,50,9,63,52,0,52,115
04/20/2021,HGR,MD,AEA,EN,Federal Contract Tower,0,2,16,5,23,0,2,67,25,94,0,4,83,30,117,64,0,64,181
04/21/2021,HGR,MD,AEA,EN,Federal Contract Tower,0,4,4,4,12,0,3,2,24,29,0,7,6,28,41,0,0,0,41
04/22/2021,HGR,MD,AEA,EN,Federal Contract Tower,0,0,5,9,14,0,0,6,25,31,0,0,11,34,45,0,0,0,45
04/23/2021,HGR,MD,AEA,EN,Federal Contract Tower,2,1,13,1,17,0,5,33,22,60,2,6,46,23,77,8,0,8,85
04/24/2021,HGR,MD,AEA,EN,Federal Contract Tower,0,0,6,0,6,0,2,54,1,57,0,2,60,1,63,28,12,40,103
04/25/2021,HGR,MD,AEA,EN,Federal Contract Tower,0,2,6,0,8,0,2,13,0,15,0,4,19,0,23,20,0,20,43
04/26/2021,HGR,MD,AEA,EN,Federal Contract Tower,2,0,6,0,8,0,13,45,3,61,2,13,51,3,69,46,0,46,115
04/27/2021,HGR,MD,AEA,EN,Federal Contract Tower,0,1,5,4,10,0,5,63,15,83,0,6,68,19,93,72,30,102,195
04/28/2021,HGR,MD,AEA,EN,Federal Contract Tower,0,3,11,0,14,0,4,64,3,71,0,7,75,3,85,42,0,42,127
04/29/2021,HGR,MD,AEA,EN,Federal Contract Tower,0,0,3,4,7,0,2,18,1,21,0,2,21,5,28,0,0,0,28
04/30/2021,HGR,MD,AEA,EN,Federal Contract Tower,2,0,0,0,2,0,3,1,10,14,2,3,1,10,16,0,12,12,28
05/01/2021,HGR,MD,AEA,EN,Federal Contract Tower,0,0,9,2,11,0,8,48,1,57,0,8,57,3,68,42,0,42,110
05/02/2021,HGR,MD,AEA,EN,Federal Contract Tower,0,1,7,0,8,0,4,57,0,61,0,5,64,0,69,66,0,66,135
05/03/2021,HGR,MD,AEA,EN,Federal Contract Tower,2,2,7,4,15,0,0,0,1,1,2,2,7,5,16,0,0,0,16
05/04/2021,HGR,MD,AEA,EN,Federal Contract Tower,0,3,13,7,23,0,4,36,6,46,0,7,49,13,69,16,8,24,93
05/05/2021,HGR,MD,AEA,EN,Federal Contract Tower,0,1,10,8,19,0,2,2,4,8,0,3,12,12,27,0,0,0,27
05/06/2021,HGR,MD,AEA,EN,Federal Contract Tower,0,0,15,5,20,0,5,97,9,111,0,5,112,14,131,42,0,42,173
05/07/2021,HGR,MD,AEA,EN,Federal Contract Tower,2,2,15,2,21,0,6,20,1,27,2,8,35,3,48,0,0,0,48
05/08/2021,HGR,MD,AEA,EN,Federal Contract Tower,0,0,1,0,1,0,0,0,0,0,0,0,1,0,1,0,0,0,1
05/09/2021,HGR,MD,AEA,EN,Federal Contract Tower,0,0,5,0,5,0,0,11,0,11,0,0,16,0,16,6,0,6,22
05/10/2021,HGR,MD,AEA,EN,Federal Contract Tower,2,0,11,7,20,0,7,25,4,36,2,7,36,11,56,12,0,12,68
05/11/2021,HGR,MD,AEA,EN,Federal Contract Tower,0,1,7,2,10,0,3,38,11,52,0,4,45,13,62,50,0,50,112
05/12/2021,HGR,MD,AEA,EN,Federal Contract Tower,0,2,13,4,19,0,4,109,18,131,0,6,122,22,150,162,0,162,312
05/13/2021,HGR,MD,AEA,EN,Federal Contract Tower,0,1,17,0,18,0,3,107,9,119,0,4,124,9,137,90,0,90,227
05/14/2021,HGR,MD,AEA,EN,Federal Contract Tower,2,4,10,9,25,0,20,67,7,94,2,24,77,16,119,84,0,84,203
05/15/2021,HGR,MD,AEA,EN,Federal Contract Tower,0,0,8,0,8,0,4,118,0,122,0,4,126,0,130,66,0,66,196
05/16/2021,HGR,MD,AEA,EN,Federal Contract Tower,0,1,5,0,6,0,8,49,2,59,0,9,54,2,65,76,0,76,141
05/17/2021,HGR,MD,AEA,EN,Federal Contract Tower,2,0,8,3,13,0,3,72,12,87,2,3,80,15,100,74,8,82,182
05/18/2021,HGR,MD,AEA,EN,Federal Contract Tower,0,0,12,0,12,0,8,109,13,130,0,8,121,13,142,128,0,128,270
05/19/2021,HGR,MD,AEA,EN,Federal Contract Tower,0,1,16,0,17,0,8,95,6,109,0,9,111,6,126,122,0,122,248
05/20/2021,HGR,MD,AEA,EN,Federal Contract Tower,0,8,7,0,15,0,6,56,13,75,0,14,63,13,90,26,8,34,124
05/21/2021,HGR,MD,AEA,EN,Federal Contract Tower,2,0,17,2,21,0,4,63,11,78,2,4,80,13,99,30,6,36,135
05/22/2021,HGR,MD,AEA,EN,Federal Contract Tower,0,3,11,2,16,0,1,81,0,82,0,4,92,2,98,32,0,32,130
05/23/2021,HGR,MD,AEA,EN,Federal Contract Tower,0,0,10,0,10,0,3,21,0,24,0,3,31,0,34,18,0,18,52
05/24/2021,HGR,MD,AEA,EN,Federal Contract Tower,2,1,14,11,28,0,2,4,0,6,2,3,18,11,34,0,0,0,34
05/25/2021,HGR,MD,AEA,EN,Federal Contract Tower,0,2,18,17,37,0,7,19,3,29,0,9,37,20,66,8,0,8,74
05/26/2021,HGR,MD,AEA,EN,Federal Contract Tower,0,0,3,3,6,0,1,43,13,57,0,1,46,16,63,44,0,44,107
05/27/2021,HGR,MD,AEA,EN,Federal Contract Tower,0,2,18,2,22,0,6,75,11,92,0,8,93,13,114,30,0,30,144
05/28/2021,HGR,MD,AEA,EN,Federal Contract Tower,4,1,10,2,17,0,1,18,0,19,4,2,28,2,36,0,0,0,36
05/29/2021,HGR,MD,AEA,EN,Federal Contract Tower,0,0,5,0,5,0,0,4,0,4,0,0,9,0,9,2,0,2,11
05/30/2021,HGR,MD,AEA,EN,Federal Contract Tower,0,5,9,0,14,0,3,4,0,7,0,8,13,0,21,14,0,14,35
05/31/2021,HGR,MD,AEA,EN,Federal Contract Tower,4,0,9,0,13,0,4,91,3,98,4,4,100,3,111,58,0,58,169
06/01/2021,HGR,MD,AEA,EN,Federal Contract Tower,0,0,12,10,22,0,2,52,8,62,0,2,64,18,84,64,6,70,154
06/02/2021,HGR,MD,AEA,EN,Federal Contract Tower,0,0,4,5,9,0,1,54,16,71,0,1,58,21,80,42,6,48,128
06/03/2021,HGR,MD,AEA,EN,Federal Contract Tower,2,0,7,7,16,0,0,10,1,11,2,0,17,8,27,6,0,6,33
06/04/2021,HGR,MD,AEA,EN,Federal Contract Tower,4,2,16,2,24,0,4,43,2,49,4,6,59,4,73,14,0,14,87
06/05/2021,HGR,MD,AEA,EN,Federal Contract Tower,0,0,16,2,18,0,3,111,4,118,0,3,127,6,136,74,0,74,210
06/06/2021,HGR,MD,AEA,EN,Federal Contract Tower,2,1,10,0,13,0,3,72,2,77,2,4,82,2,90,58,0,58,148
06/07/2021,HGR,MD,AEA,EN,Federal Contract Tower,4,0,8,0,12,0,4,37,13,54,4,4,45,13,66,44,0,44,110
06/08/2021,HGR,MD,AEA,EN,Federal Contract Tower,0,3,8,12,23,0,3,48,8,59,0,6,56,20,82,58,0,58,140
06/09/2021,HGR,MD,AEA,EN,Federal Contract Tower,1,3,13,6,23,0,2,71,17,90,1,5,84,23,113,82,0,82,195
06/10/2021,HGR,MD,AEA,EN,Federal Contract Tower,2,5,8,4,19,0,1,25,8,34,2,6,33,12,53,26,8,34,87
06/11/2021,HGR,MD,AEA,EN,Federal Contract Tower,4,0,10,4,18,0,0,0,0,0,4,0,10,4,18,0,0,0,18
06/12/2021,HGR,MD,AEA,EN,Federal Contract Tower,0,1,17,2,20,0,1,25,0,26,0,2,42,2,46,10,0,10,56
06/13/2021,HGR,MD,AEA,EN,Federal Contract Tower,2,0,8,0,10,0,1,3,0,4,2,1,11,0,14,0,0,0,14
06/14/2021,HGR,MD,AEA,EN,Federal Contract Tower,4,2,16,2,24,0,2,32,12,46,4,4,48,14,70,24,0,24,94
06/15/2021,HGR,MD,AEA,EN,Federal Contract Tower,0,5,18,9,32,0,8,64,19,91,0,13,82,28,123,48,0,48,171
06/16/2021,HGR,MD,AEA,EN,Federal Contract Tower,2,4,19,3,28,0,10,95,26,131,2,14,114,29,159,66,0,66,225
06/17/2021,HGR,MD,AEA,EN,Federal Contract Tower,2,1,19,3,25,0,2,115,19,136,2,3,134,22,161,42,4,46,207
06/18/2021,HGR,MD,AEA,EN,Federal Contract Tower,4,5,13,1,23,0,5,79,3,87,4,10,92,4,110,76,0,76,186
06/19/2021,HGR,MD,AEA,EN,Federal Contract Tower,0,0,7,0,7,0,2,89,0,91,0,2,96,0,98,70,0,70,168
06/20/2021,HGR,MD,AEA,EN,Federal Contract Tower,2,1,12,1,16,0,5,107,0,112,2,6,119,1,128,14,0,14,142
06/21/2021,HGR,MD,AEA,EN,Federal Contract Tower,4,0,5,1,10,0,0,33,5,38,4,0,38,6,48,34,0,34,82
06/22/2021,HGR,MD,AEA,EN,Federal Contract Tower,0,1,12,12,25,0,4,23,16,43,0,5,35,28,68,0,0,0,68
06/23/2021,HGR,MD,AEA,EN,Federal Contract Tower,2,1,17,3,23,0,4,117,37,158,2,5,134,40,181,88,0,88,269
06/24/2021,HGR,MD,AEA,EN,Federal Contract Tower,2,1,12,2,17,0,2,127,40,169,2,3,139,42,186,48,0,48,234
06/25/2021,HGR,MD,AEA,EN,Federal Contract Tower,4,2,11,4,21,0,4,71,14,89,4,6,82,18,110,30,0,30,140
06/26/2021,HGR,MD,AEA,EN,Federal Contract Tower,0,0,13,0,13,0,4,43,2,49,0,4,56,2,62,38,0,38,100
06/27/2021,HGR,MD,AEA,EN,Federal Contract Tower,2,0,16,0,18,0,2,39,1,42,2,2,55,1,60,20,0,20,80
06/28/2021,HGR,MD,AEA,EN,Federal Contract Tower,4,4,5,0,13,0,6,25,2,33,4,10,30,2,46,6,0,6,52
06/29/2021,HGR,MD,AEA,EN,Federal Contract Tower,0,6,18,0,24,0,11,65,6,82,0,17,83,6,106,34,6,40,146
06/30/2021,HGR,MD,AEA,EN,Federal Contract Tower,2,2,10,5,19,0,9,61,8,78,2,11,71,13,97,80,0,80,177
07/01/2021,HGR,MD,AEA,EN,Federal Contract Tower,2,1,11,0,14,0,0,8,0,8,2,1,19,0,22,14,0,14,36
07/02/2021,HGR,MD,AEA,EN,Federal Contract Tower,4,6,16,6,32,0,12,44,10,66,4,18,60,16,98,14,0,14,112
07/03/2021,HGR,MD,AEA,EN,Federal Contract Tower,0,2,14,0,16,0,6,16,50,72,0,8,30,50,88,28,60,88,176
07/04/2021,HGR,MD,AEA,EN,Federal Contract Tower,2,1,1,0,4,0,0,53,69,122,2,1,54,69,126,48,118,166,292
07/05/2021,HGR,MD,AEA,EN,Federal Contract Tower,4,0,6,0,10,0,10,32,44,86,4,10,38,44,96,16,162,178,274
07/06/2021,HGR,MD,AEA,EN,Federal Contract Tower,0,2,12,3,17,0,4,48,60,112,0,6,60,63,129,52,276,328,457
07/07/2021,HGR,MD,AEA,EN,Federal Contract Tower,2,0,12,2,16,0,5,42,41,88,2,5,54,43,104,16,260,276,380
07/08/2021,HGR,MD,AEA,EN,Federal Contract Tower,2,2,7,5,16,0,3,21,40,64,2,5,28,45,80,0,212,212,292
07/09/2021,HGR,MD,AEA,EN,Federal Contract Tower,4,4,14,5,27,0,6,47,27,80,4,10,61,32,107,0,164,164,271
07/10/2021,HGR,MD,AEA,EN,Federal Contract Tower,0,1,14,0,15,0,0,116,28,144,0,1,130,28,159,42,80,122,281
07/11/2021,HGR,MD,AEA,EN,Federal Contract Tower,2,0,11,2,15,0,0,4,2,6,2,0,15,4,21,28,0,28,49
07/12/2021,HGR,MD,AEA,EN,Federal Contract Tower,4,0,14,1,19,0,5,37,3,45,4,5,51,4,64,36,0,36,100
07/13/2021,HGR,MD,AEA,EN,Federal Contract Tower,0,3,12,8,23,0,4,37,20,61,0,7,49,28,84,58,2,60,144
07/14/2021,HGR,MD,AEA,EN,Federal Contract Tower,2,0,13,3,18,0,10,61,7,78,2,10,74,10,96,86,0,86,182
07/15/2021,HGR,MD,AEA,EN,Federal Contract Tower,2,0,14,1,17,0,2,59,14,75,2,2,73,15,92,40,0,40,132
07/16/2021,HGR,MD,AEA,EN,Federal Contract Tower,4,4,10,0,18,0,10,66,4,80,4,14,76,4,98,32,0,32,130
07/17/2021,HGR,MD,AEA,EN,Federal Contract Tower,0,0,3,0,3,0,0,41,0,41,0,0,44,0,44,0,0,0,44
07/18/2021,HGR,MD,AEA,EN,Federal Contract Tower,2,2,11,2,17,0,1,19,0,20,2,3,30,2,37,0,0,0,37
07/19/2021,HGR,MD,AEA,EN,Federal Contract Tower,4,1,12,1,18,0,2,44,7,53,4,3,56,8,71,24,0,24,95
07/20/2021,HGR,MD,AEA,EN,Federal Contract Tower,0,2,19,8,29,0,5,87,13,105,0,7,106,21,134,114,0,114,248
07/21/2021,HGR,MD,AEA,EN,Federal Contract Tower,2,4,7,1,14,0,4,41,7,52,2,8,48,8,66,66,0,66,132
07/22/2021,HGR,MD,AEA,EN,Federal Contract Tower,0,1,10,5,16,0,5,84,11,100,0,6,94,16,116,90,4,94,210
07/23/2021,HGR,MD,AEA,EN,Federal Contract Tower,4,2,7,3,16,0,4,58,6,68,4,6,65,9,84,52,0,52,136
07/24/2021,HGR,MD,AEA,EN,Federal Contract Tower,0,3,16,0,19,0,4,74,0,78,0,7,90,0,97,36,0,36,133
07/25/2021,HGR,MD,AEA,EN,Federal Contract Tower,0,5,6,0,11,0,5,35,2,42,0,10,41,2,53,0,0,0,53
07/26/2021,HGR,MD,AEA,EN,Federal Contract Tower,4,4,8,3,19,0,8,31,3,42,4,12,39,6,61,0,0,0,61
07/27/2021,HGR,MD,AEA,EN,Federal Contract Tower,0,3,8,2,13,0,12,67,16,95,0,15,75,18,108,40,0,40,148
07/28/2021,HGR,MD,AEA,EN,Federal Contract Tower,2,1,18,0,21,0,8,50,20,78,2,9,68,20,99,84,0,84,183
07/29/2021,HGR,MD,AEA,EN,Federal Contract Tower,0,0,10,1,11,0,2,25,12,39,0,2,35,13,50,0,0,0,50
07/30/2021,HGR,MD,AEA,EN,Federal Contract Tower,4,0,7,0,11,0,9,18,4,31,4,9,25,4,42,0,0,0,42
07/31/2021,HGR,MD,AEA,EN,Federal Contract Tower,0,0,8,0,8,0,4,43,0,47,0,4,51,0,55,26,0,26,81
08/01/2021,HGR,MD,AEA,EN,Federal Contract Tower,2,0,6,0,8,0,4,14,0,18,2,4,20,0,26,22,0,22,48
08/02/2021,HGR,MD,AEA,EN,Federal Contract Tower,4,0,15,3,22,0,11,46,19,76,4,11,61,22,98,28,0,28,126
08/03/2021,HGR,MD,AEA,EN,Federal Contract Tower,0,4,18,3,25,0,11,79,6,96,0,15,97,9,121,24,0,24,145
08/04/2021,HGR,MD,AEA,EN,Federal Contract Tower,2,2,9,4,17,0,2,71,6,79,2,4,80,10,96,78,8,86,182
08/05/2021,HGR,MD,AEA,EN,Federal Contract Tower,2,0,11,8,21,0,12,64,10,86,2,12,75,18,107,42,0,42,149
08/06/2021,HGR,MD,AEA,EN,Federal Contract Tower,4,0,12,4,20,0,2,48,2,52,4,2,60,6,72,14,0,14,86
08/07/2021,HGR,MD,AEA,EN,Federal Contract Tower,0,3,12,0,15,0,0,49,2,51,0,3,61,2,66,38,2,40,106
08/08/2021,HGR,MD,AEA,EN,Federal Contract Tower,2,0,15,0,17,0,5,50,0,55,2,5,65,0,72,30,0,30,102
08/09/2021,HGR,MD,AEA,EN,Federal Contract Tower,4,3,18,0,25,0,1,52,8,61,4,4,70,8,86,52,0,52,138
08/10/2021,HGR,MD,AEA,EN,Federal Contract Tower,0,0,7,1,8,0,5,47,18,70,0,5,54,19,78,16,0,16,94
08/11/2021,HGR,MD,AEA,EN,Federal Contract Tower,4,2,5,0,11,0,5,16,11,32,4,7,21,11,43,0,0,0,43
08/12/2021,HGR,MD,AEA,EN,Federal Contract Tower,2,3,14,3,22,0,5,45,8,58,2,8,59,11,80,4,0,4,84
08/13/2021,HGR,MD,AEA,EN,Federal Contract Tower,4,0,4,0,8,0,8,31,13,52,4,8,35,13,60,12,0,12,72
08/14/2021,HGR,MD,AEA,EN,Federal Contract Tower,0,1,10,2,13,0,2,73,3,78,0,3,83,5,91,2,0,2,93
08/15/2021,HGR,MD,AEA,EN,Federal Contract Tower,2,4,12,0,18,0,5,37,2,44,2,9,49,2,62,36,2,38,100
08/16/2021,HGR,MD,AEA,EN,Federal Contract Tower,4,1,9,3,17,0,3,1,0,4,4,4,10,3,21,0,0,0,21
08/17/2021,HGR,MD,AEA,EN,Federal Contract Tower,0,0,15,17,32,0,14,19,5,38,0,14,34,22,70,12,0,12,82
08/18/2021,HGR,MD,AEA,EN,Federal Contract Tower,0,4,9,18,31,0,2,3,0,5,0,6,12,18,36,0,0,0,36
08/19/2021,HGR,MD,AEA,EN,Federal Contract Tower,0,4,13,8,25,0,7,88,31,126,0,11,101,39,151,108,0,108,259
08/20/2021,HGR,MD,AEA,EN,Federal Contract Tower,4,3,16,4,27,0,5,15,2,22,4,8,31,6,49,0,0,0,49
08/21/2021,HGR,MD,AEA,EN,Federal Contract Tower,0,0,3,0,3,0,2,24,0,26,0,2,27,0,29,50,0,50,79
08/22/2021,HGR,MD,AEA,EN,Federal Contract Tower,0,1,15,0,16,0,2,51,0,53,0,3,66,0,69,62,0,62,131
08/23/2021,HGR,MD,AEA,EN,Federal Contract Tower,4,1,17,0,22,0,0,62,7,69,4,1,79,7,91,50,0,50,141
08/24/2021,HGR,MD,AEA,EN,Federal Contract Tower,0,1,10,4,15,0,4,60,17,81,0,5,70,21,96,70,0,70,166
08/25/2021,HGR,MD,AEA,EN,Federal Contract Tower,0,1,9,1,11,0,8,78,7,93,0,9,87,8,104,72,6,78,182
08/26/2021,HGR,MD,AEA,EN,Federal Contract Tower,0,0,9,1,10,0,5,46,7,58,0,5,55,8,68,38,0,38,106
08/27/2021,HGR,MD,AEA,EN,Federal Contract Tower,4,1,9,0,14,0,3,55,0,58,4,4,64,0,72,104,8,112,184
08/28/2021,HGR,MD,AEA,EN,Federal Contract Tower,0,0,13,0,13,0,0,37,0,37,0,0,50,0,50,38,0,38,88
08/29/2021,HGR,MD,AEA,EN,Federal Contract Tower,0,0,12,1,13,0,0,7,0,7,0,0,19,1,20,6,0,6,26
08/30/2021,HGR,MD,AEA,EN,Federal Contract Tower,4,0,11,0,15,0,4,37,4,45,4,4,48,4,60,22,0,22,82
08/31/2021,HGR,MD,AEA,EN,Federal Contract Tower,0,0,15,10,25,0,11,17,14,42,0,11,32,24,67,10,0,10,77
09/01/2021,HGR,MD,AEA,EN,Federal Contract Tower,0,2,4,0,6,0,0,0,0,0,0,2,4,0,6,0,0,0,6
09/02/2021,HGR,MD,AEA,EN,Federal Contract Tower,0,0,7,1,8,0,5,50,11,66,0,5,57,12,74,20,0,20,94
09/03/2021,HGR,MD,AEA,EN,Federal Contract Tower,4,0,10,0,14,0,7,67,7,81,4,7,77,7,95,32,0,32,127
09/04/2021,HGR,MD,AEA,EN,Federal Contract Tower,0,0,5,0,5,0,2,87,6,95,0,2,92,6,100,50,0,50,150
09/05/2021,HGR,MD,AEA,EN,Federal Contract Tower,0,0,9,0,9,0,1,3,0,4,0,1,12,0,13,0,0,0,13
09/06/2021,HGR,MD,AEA,EN,Federal Contract Tower,4,0,15,0,19,0,0,53,0,53,4,0,68,0,72,12,0,12,84
09/07/2021,HGR,MD,AEA,EN,Federal Contract Tower,0,0,8,1,9,0,6,74,7,87,0,6,82,8,96,70,0,70,166
09/08/2021,HGR,MD,AEA,EN,Federal Contract Tower,0,3,13,0,16,0,4,31,1,36,0,7,44,1,52,30,0,30,82
09/09/2021,HGR,MD,AEA,EN,Federal Contract Tower,0,6,15,0,21,0,2,28,7,37,0,8,43,7,58,8,0,8,66
09/10/2021,HGR,MD,AEA,EN,Federal Contract Tower,2,4,10,8,24,0,2,58,8,68,2,6,68,16,92,24,4,28,120
09/11/2021,HGR,MD,AEA,EN,Federal Contract Tower,0,0,18,3,21,0,0,286,2,288,0,0,304,5,309,6,0,6,315
09/12/2021,HGR,MD,AEA,EN,Federal Contract Tower,0,0,9,0,9,0,0,62,2,64,0,0,71,2,73,72,0,72,145
09/13/2021,HGR,MD,AEA,EN,Federal Contract Tower,2,0,14,0,16,0,1,31,4,36,2,1,45,4,52,22,0,22,74
09/14/2021,HGR,MD,AEA,EN,Federal Contract Tower,0,1,10,3,14,0,3,40,8,51,0,4,50,11,65,42,0,42,107
09/15/2021,HGR,MD,AEA,EN,Federal Contract Tower,0,0,6,5,11,0,1,21,6,28,0,1,27,11,39,10,0,10,49
09/16/2021,HGR,MD,AEA,EN,Federal Contract Tower,0,1,17,4,22,0,1,11,2,14,0,2,28,6,36,0,0,0,36
09/17/2021,HGR,MD,AEA,EN,Federal Contract Tower,2,2,26,6,36,0,1,14,0,15,2,3,40,6,51,14,0,14,65
09/18/2021,HGR,MD,AEA,EN,Federal Contract Tower,0,1,6,0,7,0,4,33,4,41,0,5,39,4,48,20,0,20,68
09/19/2021,HGR,MD,AEA,EN,Federal Contract Tower,0,0,20,2,22,0,1,71,0,72,0,1,91,2,94,40,0,40,134
09/20/2021,HGR,MD,AEA,EN,Federal Contract Tower,2,5,8,1,16,0,10,26,12,48,2,15,34,13,64,22,0,22,86
09/21/2021,HGR,MD,AEA,EN,Federal Contract Tower,0,5,23,2,30,0,4,25,9,38,0,9,48,11,68,2,0,2,70
09/22/2021,HGR,MD,AEA,EN,Federal Contract Tower,0,3,10,4,17,0,0,0,0,0,0,3,10,4,17,0,0,0,17
09/23/2021,HGR,MD,AEA,EN,Federal Contract Tower,0,4,15,0,19,0,8,30,18,56,0,12,45,18,75,6,0,6,81
09/24/2021,HGR,MD,AEA,EN,Federal Contract Tower,2,2,13,1,18,0,5,104,6,115,2,7,117,7,133,88,0,88,221
09/25/2021,HGR,MD,AEA,EN,Federal Contract Tower,0,0,3,0,3,0,1,79,0,80,0,1,82,0,83,70,0,70,153
09/26/2021,HGR,MD,AEA,EN,Federal Contract Tower,0,0,6,2,8,0,2,60,2,64,0,2,66,4,72,44,0,44,116
09/27/2021,HGR,MD,AEA,EN,Federal Contract Tower,2,2,11,2,17,0,7,53,9,69,2,9,64,11,86,24,0,24,110
09/28/2021,HGR,MD,AEA,EN,Federal Contract Tower,0,4,9,1,14,0,9,34,9,52,0,13,43,10,66,78,0,78,144
09/29/2021,HGR,MD,AEA,EN,Federal Contract Tower,0,7,19,2,28,0,9,78,17,104,0,16,97,19,132,72,0,72,204
09/30/2021,HGR,MD,AEA,EN,Federal Contract Tower,0,1,10,6,17,0,3,81,13,97,0,4,91,19,114,50,6,56,170
10/01/2021,HGR,MD,AEA,EN,Federal Contract Tower,2,0,6,1,9,0,9,98,8,115,2,9,104,9,124,78,0,78,202
10/02/2021,HGR,MD,AEA,EN,Federal Contract Tower,0,0,11,4,15,0,5,145,0,150,0,5,156,4,165,40,0,40,205
10/03/2021,HGR,MD,AEA,EN,Federal Contract Tower,0,0,19,2,21,0,6,106,0,112,0,6,125,2,133,126,0,126,259
10/04/2021,HGR,MD,AEA,EN,Federal Contract Tower,2,0,17,1,20,0,2,37,0,39,2,2,54,1,59,36,0,36,95
10/05/2021,HGR,MD,AEA,EN,Federal Contract Tower,0,1,13,6,20,0,7,3,3,13,0,8,16,9,33,0,0,0,33
10/06/2021,HGR,MD,AEA,EN,Federal Contract Tower,0,2,9,5,16,0,3,0,0,3,0,5,9,5,19,0,0,0,19
10/07/2021,HGR,MD,AEA,EN,Federal Contract Tower,0,3,19,1,23,0,4,23,1,28,0,7,42,2,51,20,0,20,71
10/08/2021,HGR,MD,AEA,EN,Federal Contract Tower,2,3,13,0,18,0,1,36,2,39,2,4,49,2,57,38,0,38,95
10/09/2021,HGR,MD,AEA,EN,Federal Contract Tower,0,1,20,0,21,0,0,143,0,143,0,1,163,0,164,52,0,52,216
10/10/2021,HGR,MD,AEA,EN,Federal Contract Tower,0,1,9,0,10,0,0,0,0,0,0,1,9,0,10,0,0,0,10
10/11/2021,HGR,MD,AEA,EN,Federal Contract Tower,2,1,18,5,26,0,3,3,0,6,2,4,21,5,32,6,0,6,38
10/12/2021,HGR,MD,AEA,EN,Federal Contract Tower,0,4,20,12,36,0,0,0,0,0,0,4,20,12,36,0,0,0,36
10/13/2021,HGR,MD,AEA,EN,Federal Contract Tower,0,2,15,5,22,0,5,15,10,30,0,7,30,15,52,40,0,40,92
10/14/2021,HGR,MD,AEA,EN,Federal Contract Tower,0,2,17,4,23,0,3,48,20,71,0,5,65,24,94,44,2,46,140
10/15/2021,HGR,MD,AEA,EN,Federal Contract Tower,2,0,9,3,14,0,9,85,21,115,2,9,94,24,129,106,0,106,235
10/16/2021,HGR,MD,AEA,EN,Federal Contract Tower,0,0,6,0,6,0,1,1,1,3,0,1,7,1,9,0,0,0,9
10/17/2021,HGR,MD,AEA,EN,Federal Contract Tower,0,1,9,0,10,0,4,39,0,43,0,5,48,0,53,38,0,38,91
10/18/2021,HGR,MD,AEA,EN,Federal Contract Tower,2,0,6,6,14,0,3,41,11,55,2,3,47,17,69,46,0,46,115
10/19/2021,HGR,MD,AEA,EN,Federal Contract Tower,0,0,10,1,11,0,18,97,12,127,0,18,107,13,138,96,0,96,234
10/20/2021,HGR,MD,AEA,EN,Federal Contract Tower,0,2,7,4,13,0,11,88,21,120,0,13,95,25,133,94,0,94,227
10/21/2021,HGR,MD,AEA,EN,Federal Contract Tower,0,0,12,3,15,0,3,92,17,112,0,3,104,20,127,64,0,64,191
10/22/2021,HGR,MD,AEA,EN,Federal Contract Tower,2,0,22,3,27,0,5,75,16,96,2,5,97,19,123,90,0,90,213
10/25/2021,HGR,MD,AEA,EN,Federal Contract Tower,2,2,9,4,17,0,8,25,10,43,2,10,34,14,60,24,10,34,94
10/26/2021,HGR,MD,AEA,EN,Federal Contract Tower,0,0,11,3,14,0,1,1,8,10,0,1,12,11,24,0,0,0,24
10/27/2021,HGR,MD,AEA,EN,Federal Contract Tower,0,0,9,2,11,0,9,35,10,54,0,9,44,12,65,38,8,46,111
10/28/2021,HGR,MD,AEA,EN,Federal Contract Tower,0,2,18,3,23,0,1,41,6,48,0,3,59,9,71,24,0,24,95
10/29/2021,HGR,MD,AEA,EN,Federal Contract Tower,2,1,2,1,6,0,1,0,0,1,2,2,2,1,7,0,0,0,7
10/30/2021,HGR,MD,AEA,EN,Federal Contract Tower,0,1,8,0,9,0,0,1,0,1,0,1,9,0,10,0,0,0,10
10/31/2021,HGR,MD,AEA,EN,Federal Contract Tower,0,1,13,0,14,0,0,5,0,5,0,1,18,0,19,10,0,10,29
11/01/2021,HGR,MD,AEA,EN,Federal Contract Tower,2,2,12,4,20,0,4,42,2,48,2,6,54,6,68,12,8,20,88
11/02/2021,HGR,MD,AEA,EN,Federal Contract Tower,0,0,4,6,10,0,6,28,11,45,0,6,32,17,55,8,0,8,63
11/03/2021,HGR,MD,AEA,EN,Federal Contract Tower,0,2,10,5,17,0,4,91,22,117,0,6,101,27,134,62,0,62,196
11/04/2021,HGR,MD,AEA,EN,Federal Contract Tower,0,2,8,5,15,0,4,62,20,86,0,6,70,25,101,56,0,56,157
11/05/2021,HGR,MD,AEA,EN,Federal Contract Tower,2,1,8,2,13,0,6,81,18,105,2,7,89,20,118,64,0,64,182
11/06/2021,HGR,MD,AEA,EN,Federal Contract Tower,0,1,7,0,8,0,2,69,8,79,0,3,76,8,87,32,0,32,119
11/07/2021,HGR,MD,AEA,EN,Federal Contract Tower,0,5,6,0,11,0,0,76,2,78,0,5,82,2,89,46,0,46,135
11/08/2021,HGR,MD,AEA,EN,Federal Contract Tower,2,1,13,2,18,0,5,56,6,67,2,6,69,8,85,48,0,48,133
11/09/2021,HGR,MD,AEA,EN,Federal Contract Tower,0,1,8,5,14,0,7,50,18,75,0,8,58,23,89,74,0,74,163
11/10/2021,HGR,MD,AEA,EN,Federal Contract Tower,1,4,24,4,33,0,6,104,36,146,1,10,128,40,179,146,0,146,325
11/11/2021,HGR,MD,AEA,EN,Federal Contract Tower,0,8,10,1,19,0,6,61,24,91,0,14,71,25,110,24,38,62,172
11/12/2021,HGR,MD,AEA,EN,Federal Contract Tower,2,3,2,0,7,0,4,16,0,20,2,7,18,0,27,22,0,22,49
11/13/2021,HGR,MD,AEA,EN,Federal Contract Tower,0,0,10,0,10,0,2,23,0,25,0,2,33,0,35,8,0,8,43
11/14/2021,HGR,MD,AEA,EN,Federal Contract Tower,0,1,6,0,7,0,3,26,2,31,0,4,32,2,38,14,0,14,52
11/15/2021,HGR,MD,AEA,EN,Federal Contract Tower,2,1,7,14,24,0,3,1,1,5,2,4,8,15,29,0,0,0,29
11/16/2021,HGR,MD,AEA,EN,Federal Contract Tower,0,0,9,6,15,0,5,56,26,87,0,5,65,32,102,74,0,74,176
11/17/2021,HGR,MD,AEA,EN,Federal Contract Tower,0,4,11,16,31,0,9,74,19,102,0,13,85,35,133,78,0,78,211
11/18/2021,HGR,MD,AEA,EN,Federal Contract Tower,2,1,8,8,19,0,9,43,13,65,2,10,51,21,84,14,0,14,98
11/19/2021,HGR,MD,AEA,EN,Federal Contract Tower,2,4,11,4,21,0,1,8,10,19,2,5,19,14,40,0,0,0,40
11/20/2021,HGR,MD,AEA,EN,Federal Contract Tower,0,1,14,0,15,0,1,77,3,81,0,2,91,3,96,26,0,26,122
11/21/2021,HGR,MD,AEA,EN,Federal Contract Tower,0,0,9,0,9,0,4,59,0,63,0,4,68,0,72,56,0,56,128
11/22/2021,HGR,MD,AEA,EN,Federal Contract Tower,2,0,6,7,15,0,1,19,2,22,2,1,25,9,37,0,0,0,37
11/23/2021,HGR,MD,AEA,EN,Federal Contract Tower,2,4,10,6,22,0,2,37,23,62,2,6,47,29,84,22,12,34,118
11/24/2021,HGR,MD,AEA,EN,Federal Contract Tower,1,3,19,0,23,0,5,87,1,93,1,8,106,1,116,40,0,40,156
11/25/2021,HGR,MD,AEA,EN,Federal Contract Tower,0,0,4,0,4,0,2,21,0,23,0,2,25,0,27,0,0,0,27
11/26/2021,HGR,MD,AEA,EN,Federal Contract Tower,0,2,6,0,8,0,2,0,0,2,0,4,6,0,10,0,0,0,10
11/27/2021,HGR,MD,AEA,EN,Federal Contract Tower,2,0,6,0,8,0,0,20,0,20,2,0,26,0,28,16,0,16,44
11/28/2021,HGR,MD,AEA,EN,Federal Contract Tower,2,2,9,0,13,0,0,39,0,39,2,2,48,0,52,12,0,12,64
11/29/2021,HGR,MD,AEA,EN,Federal Contract Tower,2,3,12,7,24,0,12,11,7,30,2,15,23,14,54,12,0,12,66
11/30/2021,HGR,MD,AEA,EN,Federal Contract Tower,0,2,2,10,14,0,7,24,13,44,0,9,26,23,58,10,6,16,74
12/01/2021,HGR,MD,AEA,EN,Federal Contract Tower,0,3,15,16,34,0,10,55,11,76,0,13,70,27,110,32,10,42,152
12/02/2021,HGR,MD,AEA,EN,Federal Contract Tower,2,0,1,2,5,0,2,29,19,50,2,2,30,21,55,18,0,18,73
12/03/2021,HGR,MD,AEA,EN,Federal Contract Tower,2,1,12,5,20,0,6,33,8,47,2,7,45,13,67,8,0,8,75
12/04/2021,HGR,MD,AEA,EN,Federal Contract Tower,0,0,3,0,3,0,2,89,0,91,0,2,92,0,94,22,0,22,116
12/05/2021,HGR,MD,AEA,EN,Federal Contract Tower,2,0,9,0,11,0,1,54,3,58,2,1,63,3,69,28,0,28,97
12/06/2021,HGR,MD,AEA,EN,Federal Contract Tower,2,4,11,2,19,0,1,1,0,2,2,5,12,2,21,0,0,0,21
12/07/2021,HGR,MD,AEA,EN,Federal Contract Tower,0,3,13,4,20,0,7,55,0,62,0,10,68,4,82,50,0,50,132
12/08/2021,HGR,MD,AEA,EN,Federal Contract Tower,0,0,10,5,15,0,2,15,4,21,0,2,25,9,36,0,0,0,36
12/09/2021,HGR,MD,AEA,EN,Federal Contract Tower,2,3,12,3,20,0,4,57,10,71,2,7,69,13,91,28,0,28,119
12/11/2021,HGR,MD,AEA,EN,Federal Contract Tower,0,0,2,0,2,0,0,1,0,1,0,0,3,0,3,0,0,0,3
12/12/2021,HGR,MD,AEA,EN,Federal Contract Tower,2,3,9,0,14,0,5,47,0,52,2,8,56,0,66,27,0,27,93
12/13/2021,HGR,MD,AEA,EN,Federal Contract Tower,2,0,12,5,19,0,2,56,8,66,2,2,68,13,85,22,0,22,107
12/14/2021,HGR,MD,AEA,EN,Federal Contract Tower,0,6,21,10,37,0,16,66,20,102,0,22,87,30,139,40,0,40,179
12/15/2021,HGR,MD,AEA,EN,Federal Contract Tower,0,0,19,6,25,0,6,40,3,49,0,6,59,9,74,6,0,6,80
12/16/2021,HGR,MD,AEA,EN,Federal Contract Tower,2,4,10,2,18,0,5,32,8,45,2,9,42,10,63,6,0,6,69
12/17/2021,HGR,MD,AEA,EN,Federal Contract Tower,2,0,12,0,14,0,7,44,0,51,2,7,56,0,65,16,0,16,81
12/18/2021,HGR,MD,AEA,EN,Federal Contract Tower,0,1,8,0,9,0,0,8,0,8,0,1,16,0,17,10,0,10,27
12/19/2021,HGR,MD,AEA,EN,Federal Contract Tower,2,1,2,1,6,0,1,8,0,9,2,2,10,1,15,8,0,8,23
12/20/2021,HGR,MD,AEA,EN,Federal Contract Tower,2,3,14,0,19,0,1,52,0,53,2,4,66,0,72,70,0,70,142
12/21/2021,HGR,MD,AEA,EN,Federal Contract Tower,0,2,10,5,17,0,7,67,11,85,0,9,77,16,102,50,0,50,152
12/22/2021,HGR,MD,AEA,EN,Federal Contract Tower,2,2,10,12,26,0,4,31,1,36,2,6,41,13,62,10,6,16,78
12/23/2021,HGR,MD,AEA,EN,Federal Contract Tower,2,0,15,0,17,0,1,84,2,87,2,1,99,2,104,68,8,76,180
12/24/2021,HGR,MD,AEA,EN,Federal Contract Tower,2,0,9,0,11,0,2,50,0,52,2,2,59,0,63,22,0,22,85
12/25/2021,HGR,MD,AEA,EN,Federal Contract Tower,0,0,1,0,1,0,4,3,0,7,0,4,4,0,8,0,0,0,8
12/26/2021,HGR,MD,AEA,EN,Federal Contract Tower,2,1,11,0,14,0,4,68,0,72,2,5,79,0,86,42,0,42,128
12/27/2021,HGR,MD,AEA,EN,Federal Contract Tower,2,2,2,0,6,0,0,0,0,0,2,2,2,0,6,0,0,0,6
12/28/2021,HGR,MD,AEA,EN,Federal Contract Tower,0,4,17,2,23,0,3,35,2,40,0,7,52,4,63,22,10,32,95
12/29/2021,HGR,MD,AEA,EN,Federal Contract Tower,0,0,7,4,11,0,0,48,3,51,0,0,55,7,62,68,0,68,130
12/30/2021,HGR,MD,AEA,EN,Federal Contract Tower,0,0,5,0,5,0,0,0,0,0,0,0,5,0,5,0,0,0,5
12/31/2021,HGR,MD,AEA,EN,Federal Contract Tower,2,2,7,0,11,0,1,10,0,11,2,3,17,0,22,2,0,2,24
01/01/2022,HGR,MD,AEA,EN,Federal Contract Tower,0,0,1,0,1,0,0,0,0,0,0,0,1,0,1,0,0,0,1
01/02/2022,HGR,MD,AEA,EN,Federal Contract Tower,2,0,7,0,9,0,0,2,0,2,2,0,9,0,11,0,0,0,11
01/03/2022,HGR,MD,AEA,EN,Federal Contract Tower,2,4,3,0,9,0,1,2,0,3,2,5,5,0,12,0,0,0,12
01/04/2022,HGR,MD,AEA,EN,Federal Contract Tower,0,0,9,1,10,0,4,54,2,60,0,4,63,3,70,12,0,12,82
01/05/2022,HGR,MD,AEA,EN,Federal Contract Tower,0,2,0,2,4,0,5,33,3,41,0,7,33,5,45,26,0,26,71
01/06/2022,HGR,MD,AEA,EN,Federal Contract Tower,0,0,6,3,9,0,5,34,0,39,0,5,40,3,48,20,0,20,68
01/07/2022,HGR,MD,AEA,EN,Federal Contract Tower,2,6,3,0,11,0,3,3,2,8,2,9,6,2,19,0,0,0,19
01/08/2022,HGR,MD,AEA,EN,Federal Contract Tower,0,0,18,0,18,0,1,69,1,71,0,1,87,1,89,4,0,4,93
01/09/2022,HGR,MD,AEA,EN,Federal Contract Tower,2,2,3,0,7,0,0,0,0,0,2,2,3,0,7,0,0,0,7
01/10/2022,HGR,MD,AEA,EN,Federal Contract Tower,2,3,8,3,16,0,2,13,2,17,2,5,21,5,33,0,0,0,33
01/11/2022,HGR,MD,AEA,EN,Federal Contract Tower,0,4,5,6,15,0,5,43,17,65,0,9,48,23,80,16,0,16,96
01/12/2022,HGR,MD,AEA,EN,Federal Contract Tower,0,0,6,5,11,0,7,53,17,77,0,7,59,22,88,74,0,74,162
01/13/2022,HGR,MD,AEA,EN,Federal Contract Tower,2,0,10,6,18,0,1,68,10,79,2,1,78,16,97,84,6,90,187
01/14/2022,HGR,MD,AEA,EN,Federal Contract Tower,2,1,5,4,12,0,2,7,0,9,2,3,12,4,21,0,0,0,21
01/15/2022,HGR,MD,AEA,EN,Federal Contract Tower,0,0,3,0,3,0,0,50,0,50,0,0,53,0,53,10,0,10,63
01/16/2022,HGR,MD,AEA,EN,Federal Contract Tower,0,0,5,1,6,0,7,10,0,17,0,7,15,1,23,24,0,24,47
01/17/2022,HGR,MD,AEA,EN,Federal Contract Tower,2,0,1,0,3,0,0,0,0,0,2,0,1,0,3,0,0,0,3
01/18/2022,HGR,MD,AEA,EN,Federal Contract Tower,0,5,5,4,14,0,3,15,5,23,0,8,20,9,37,0,0,0,37
01/19/2022,HGR,MD,AEA,EN,Federal Contract Tower,0,1,18,9,28,0,8,53,8,69,0,9,71,17,97,58,6,64,161
01/20/2022,HGR,MD,AEA,EN,Federal Contract Tower,2,2,12,5,21,0,0,2,5,7,2,2,14,10,28,12,6,18,46
01/21/2022,HGR,MD,AEA,EN,Federal Contract Tower,2,0,5,1,8,0,3,27,1,31,2,3,32,2,39,24,4,28,67
01/22/2022,HGR,MD,AEA,EN,Federal Contract Tower,0,0,5,0,5,0,0,34,3,37,0,0,39,3,42,0,0,0,42
01/23/2022,HGR,MD,AEA,EN,Federal Contract Tower,2,3,2,1,8,0,2,50,3,55,2,5,52,4,63,54,0,54,117
01/24/2022,HGR,MD,AEA,EN,Federal Contract Tower,2,1,5,2,10,0,4,28,12,44,2,5,33,14,54,56,0,56,110
01/25/2022,HGR,MD,AEA,EN,Federal Contract Tower,0,1,6,12,19,0,7,28,5,40,0,8,34,17,59,38,0,38,97
01/26/2022,HGR,MD,AEA,EN,Federal Contract Tower,0,0,6,10,16,0,5,51,18,74,0,5,57,28,90,58,26,84,174
01/27/2022,HGR,MD,AEA,EN,Federal Contract Tower,2,2,15,6,25,0,1,67,7,75,2,3,82,13,100,58,0,58,158
01/28/2022,HGR,MD,AEA,EN,Federal Contract Tower,2,1,9,2,14,0,2,6,0,8,2,3,15,2,22,2,0,2,24
01/29/2022,HGR,MD,AEA,EN,Federal Contract Tower,0,3,1,1,5,0,1,2,0,3,0,4,3,1,8,0,0,0,8
01/30/2022,HGR,MD,AEA,EN,Federal Contract Tower,2,1,10,1,14,0,0,54,2,56,2,1,64,3,70,4,0,4,74
01/31/2022,HGR,MD,AEA,EN,Federal Contract Tower,2,0,10,5,17,0,4,57,1,62,2,4,67,6,79,28,0,28,107
02/01/2022,HGR,MD,AEA,EN,Federal Contract Tower,0,3,9,7,19,0,4,72,8,84,0,7,81,15,103,46,0,46,149
02/02/2022,HGR,MD,AEA,EN,Federal Contract Tower,0,2,16,4,22,0,1,37,4,42,0,3,53,8,64,28,0,28,92
02/03/2022,HGR,MD,AEA,EN,Federal Contract Tower,2,1,6,0,9,0,0,0,0,0,2,1,6,0,9,0,0,0,9
02/04/2022,HGR,MD,AEA,EN,Federal Contract Tower,2,1,4,0,7,0,2,0,0,2,2,3,4,0,9,0,0,0,9
02/05/2022,HGR,MD,AEA,EN,Federal Contract Tower,0,0,4,1,5,0,6,24,7,37,0,6,28,8,42,2,0,2,44
02/06/2022,HGR,MD,AEA,EN,Federal Contract Tower,2,3,10,1,16,0,1,103,0,104,2,4,113,1,120,44,0,44,164
02/07/2022,HGR,MD,AEA,EN,Federal Contract Tower,2,2,8,0,12,0,8,43,2,53,2,10,51,2,65,22,0,22,87
02/08/2022,HGR,MD,AEA,EN,Federal Contract Tower,0,2,5,7,14,0,5,42,13,60,0,7,47,20,74,42,10,52,126
02/09/2022,HGR,MD,AEA,EN,Federal Contract Tower,0,0,8,5,13,0,10,71,19,100,0,10,79,24,113,76,0,76,189
02/10/2022,HGR,MD,AEA,EN,Federal Contract Tower,2,1,3,4,10,0,7,40,14,61,2,8,43,18,71,22,12,34,105
02/11/2022,HGR,MD,AEA,EN,Federal Contract Tower,3,2,8,5,18,0,4,64,13,81,3,6,72,18,99,46,0,46,145
02/12/2022,HGR,MD,AEA,EN,Federal Contract Tower,0,0,5,0,5,0,4,26,1,31,0,4,31,1,36,26,0,26,62
02/13/2022,HGR,MD,AEA,EN,Federal Contract Tower,2,0,4,0,6,0,0,13,0,13,2,0,17,0,19,0,0,0,19
02/14/2022,HGR,MD,AEA,EN,Federal Contract Tower,2,0,11,0,13,0,2,15,16,33,2,2,26,16,46,4,6,10,56
02/15/2022,HGR,MD,AEA,EN,Federal Contract Tower,0,1,12,3,16,0,5,50,17,72,0,6,62,20,88,86,0,86,174
02/16/2022,HGR,MD,AEA,EN,Federal Contract Tower,0,2,15,1,18,0,5,42,7,54,0,7,57,8,72,12,0,12,84
02/17/2022,HGR,MD,AEA,EN,Federal Contract Tower,2,5,11,4,22,0,1,19,8,28,2,6,30,12,50,12,10,22,72
02/18/2022,HGR,MD,AEA,EN,Federal Contract Tower,2,1,13,0,16,0,0,5,0,5,2,1,18,0,21,0,0,0,21
02/19/2022,HGR,MD,AEA,EN,Federal Contract Tower,0,0,4,2,6,0,0,7,1,8,0,0,11,3,14,0,8,8,22
02/20/2022,HGR,MD,AEA,EN,Federal Contract Tower,2,0,10,0,12,0,9,57,3,69,2,9,67,3,81,34,8,42,123
02/21/2022,HGR,MD,AEA,EN,Federal Contract Tower,2,4,16,3,25,0,9,95,12,116,2,13,111,15,141,80,0,80,221
02/22/2022,HGR,MD,AEA,EN,Federal Contract Tower,0,2,4,0,6,0,1,2,0,3,0,3,6,0,9,0,0,0,9
02/23/2022,HGR,MD,AEA,EN,Federal Contract Tower,0,2,10,12,24,0,8,28,14,50,0,10,38,26,74,0,8,8,82
02/24/2022,HGR,MD,AEA,EN,Federal Contract Tower,2,0,8,0,10,0,2,3,0,5,2,2,11,0,15,18,0,18,33
02/25/2022,HGR,MD,AEA,EN,Federal Contract Tower,0,0,13,2,15,0,7,3,0,10,0,7,16,2,25,14,0,14,39
02/26/2022,HGR,MD,AEA,EN,Federal Contract Tower,0,1,17,0,18,0,4,63,1,68,0,5,80,1,86,50,0,50,136
02/27/2022,HGR,MD,AEA,EN,Federal Contract Tower,2,1,4,0,7,0,4,56,0,60,2,5,60,0,67,28,0,28,95
02/28/2022,HGR,MD,AEA,EN,Federal Contract Tower,2,0,8,2,12,0,4,51,16,71,2,4,59,18,83,28,0,28,111
03/01/2022,HGR,MD,AEA,EN,Federal Contract Tower,0,0,15,8,23,0,9,54,22,85,0,9,69,30,108,84,0,84,192
03/02/2022,HGR,MD,AEA,EN,Federal Contract Tower,0,4,23,3,30,0,6,100,19,125,0,10,123,22,155,158,0,158,313
03/03/2022,HGR,MD,AEA,EN,Federal Contract Tower,3,0,9,2,14,0,5,44,21,70,3,5,53,23,84,44,6,50,134
03/04/2022,HGR,MD,AEA,EN,Federal Contract Tower,2,7,16,0,25,0,13,83,0,96,2,20,99,0,121,50,0,50,171
03/05/2022,HGR,MD,AEA,EN,Federal Contract Tower,0,4,15,0,19,0,13,61,9,83,0,17,76,9,102,36,2,38,140
03/06/2022,HGR,MD,AEA,EN,Federal Contract Tower,2,1,10,0,13,0,3,10,7,20,2,4,20,7,33,6,0,6,39
03/07/2022,HGR,MD,AEA,EN,Federal Contract Tower,2,2,0,4,8,0,27,2,0,29,2,29,2,4,37,0,0,0,37
03/08/2022,HGR,MD,AEA,EN,Federal Contract Tower,0,0,4,4,8,0,10,46,8,64,0,10,50,12,72,40,14,54,126
03/09/2022,HGR,MD,AEA,EN,Federal Contract Tower,0,5,4,1,10,0,0,0,0,0,0,5,4,1,10,0,0,0,10
03/10/2022,HGR,MD,AEA,EN,Federal Contract Tower,2,5,13,1,21,0,1,87,7,95,2,6,100,8,116,50,0,50,166
03/11/2022,HGR,MD,AEA,EN,Federal Contract Tower,2,2,4,0,8,0,1,62,8,71,2,3,66,8,79,28,0,28,107
03/12/2022,HGR,MD,AEA,EN,Federal Contract Tower,0,0,0,0,0,0,0,0,0,0,0,0,0,0,0,0,0,0,0
03/13/2022,HGR,MD,AEA,EN,Federal Contract Tower,2,1,5,0,8,0,2,7,2,11,2,3,12,2,19,2,0,2,21
03/14/2022,HGR,MD,AEA,EN,Federal Contract Tower,2,2,14,0,18,0,3,51,14,68,2,5,65,14,86,38,0,38,124
03/15/2022,HGR,MD,AEA,EN,Federal Contract Tower,0,1,13,0,14,0,5,109,5,119,0,6,122,5,133,94,0,94,227
03/16/2022,HGR,MD,AEA,EN,Federal Contract Tower,0,2,11,3,16,0,5,88,19,112,0,7,99,22,128,98,0,98,226
03/17/2022,HGR,MD,AEA,EN,Federal Contract Tower,2,2,14,9,27,0,0,18,1,19,2,2,32,10,46,6,0,6,52
03/18/2022,HGR,MD,AEA,EN,Federal Contract Tower,2,4,8,2,16,0,4,73,9,86,2,8,81,11,102,42,0,42,144
03/19/2022,HGR,MD,AEA,EN,Federal Contract Tower,0,0,5,0,5,0,0,37,2,39,0,0,42,2,44,28,0,28,72
03/20/2022,HGR,MD,AEA,EN,Federal Contract Tower,2,1,12,1,16,0,2,45,4,51,2,3,57,5,67,22,0,22,89
03/21/2022,HGR,MD,AEA,EN,Federal Contract Tower,2,2,10,0,14,0,10,57,14,81,2,12,67,14,95,70,0,70,165
03/22/2022,HGR,MD,AEA,EN,Federal Contract Tower,0,0,11,2,13,0,4,64,23,91,0,4,75,25,104,84,0,84,188
03/23/2022,HGR,MD,AEA,EN,Federal Contract Tower,0,1,11,9,21,0,3,17,5,25,0,4,28,14,46,42,0,42,88
03/24/2022,HGR,MD,AEA,EN,Federal Contract Tower,2,2,12,13,29,0,0,10,0,10,2,2,22,13,39,12,0,12,51
03/25/2022,HGR,MD,AEA,EN,Federal Contract Tower,2,6,10,5,23,0,2,38,7,47,2,8,48,12,70,30,0,30,100
03/26/2022,HGR,MD,AEA,EN,Federal Contract Tower,0,1,4,0,5,0,2,14,2,18,0,3,18,2,23,0,0,0,23
03/27/2022,HGR,MD,AEA,EN,Federal Contract Tower,2,0,5,0,7,0,0,2,0,2,2,0,7,0,9,2,0,2,11
03/28/2022,HGR,MD,AEA,EN,Federal Contract Tower,2,0,3,1,6,0,0,9,2,11,2,0,12,3,17,16,0,16,33
03/29/2022,HGR,MD,AEA,EN,Federal Contract Tower,1,0,10,1,12,0,3,51,7,61,1,3,61,8,73,38,0,38,111
03/30/2022,HGR,MD,AEA,EN,Federal Contract Tower,0,2,8,1,11,0,1,12,12,25,0,3,20,13,36,2,0,2,38
03/31/2022,HGR,MD,AEA,EN,Federal Contract Tower,2,2,0,0,4,0,0,1,0,1,2,2,1,0,5,0,0,0,5
04/01/2022,HGR,MD,AEA,EN,Federal Contract Tower,2,2,9,0,13,0,3,9,1,13,2,5,18,1,26,0,0,0,26
04/02/2022,HGR,MD,AEA,EN,Federal Contract Tower,0,0,8,0,8,0,5,120,1,126,0,5,128,1,134,88,0,88,222
04/03/2022,HGR,MD,AEA,EN,Federal Contract Tower,2,0,7,0,9,0,2,15,0,17,2,2,22,0,26,0,0,0,26
04/04/2022,HGR,MD,AEA,EN,Federal Contract Tower,2,0,14,5,21,0,9,87,5,101,2,9,101,10,122,94,0,94,216
04/05/2022,HGR,MD,AEA,EN,Federal Contract Tower,0,2,7,2,11,0,8,25,8,41,0,10,32,10,52,32,0,32,84
04/06/2022,HGR,MD,AEA,EN,Federal Contract Tower,2,0,15,6,23,0,0,0,0,0,2,0,15,6,23,0,0,0,23
04/07/2022,HGR,MD,AEA,EN,Federal Contract Tower,2,1,6,5,14,0,0,0,0,0,2,1,6,5,14,0,0,0,14
04/08/2022,HGR,MD,AEA,EN,Federal Contract Tower,2,3,8,0,13,0,1,49,4,54,2,4,57,4,67,30,0,30,97
04/09/2022,HGR,MD,AEA,EN,Federal Contract Tower,0,1,7,0,8,0,0,19,0,19,0,1,26,0,27,18,0,18,45
04/10/2022,HGR,MD,AEA,EN,Federal Contract Tower,2,1,9,0,12,0,0,18,0,18,2,1,27,0,30,14,0,14,44
04/11/2022,HGR,MD,AEA,EN,Federal Contract Tower,2,0,6,1,9,0,4,50,0,54,2,4,56,1,63,10,0,10,73
04/12/2022,HGR,MD,AEA,EN,Federal Contract Tower,0,1,14,7,22,0,4,74,14,92,0,5,88,21,114,64,8,72,186
04/13/2022,HGR,MD,AEA,EN,Federal Contract Tower,2,1,20,3,26,0,6,47,11,64,2,7,67,14,90,16,0,16,106
04/14/2022,HGR,MD,AEA,EN,Federal Contract Tower,2,2,7,7,18,0,2,6,3,11,2,4,13,10,29,0,0,0,29
04/15/2022,HGR,MD,AEA,EN,Federal Contract Tower,2,0,9,3,14,0,4,39,3,46,2,4,48,6,60,2,2,4,64
04/16/2022,HGR,MD,AEA,EN,Federal Contract Tower,0,0,6,0,6,0,1,44,4,49,0,1,50,4,55,20,0,20,75
04/17/2022,HGR,MD,AEA,EN,Federal Contract Tower,2,3,2,0,7,0,2,12,2,16,2,5,14,2,23,0,0,0,23
04/18/2022,HGR,MD,AEA,EN,Federal Contract Tower,2,1,11,2,16,0,0,0,0,0,2,1,11,2,16,0,0,0,16
04/19/2022,HGR,MD,AEA,EN,Federal Contract Tower,0,6,9,5,20,0,1,17,16,34,0,7,26,21,54,16,0,16,70
04/20/2022,HGR,MD,AEA,EN,Federal Contract Tower,0,2,10,1,13,0,12,96,12,120,0,14,106,13,133,68,4,72,205
04/21/2022,HGR,MD,AEA,EN,Federal Contract Tower,2,3,14,6,25,0,0,67,11,78,2,3,81,17,103,62,4,66,169
04/22/2022,HGR,MD,AEA,EN,Federal Contract Tower,2,0,12,0,14,0,5,65,2,72,2,5,77,2,86,72,0,72,158
04/23/2022,HGR,MD,AEA,EN,Federal Contract Tower,0,0,14,0,14,0,3,157,0,160,0,3,171,0,174,46,0,46,220
04/24/2022,HGR,MD,AEA,EN,Federal Contract Tower,2,0,10,0,12,0,3,158,2,163,2,3,168,2,175,42,0,42,217
04/25/2022,HGR,MD,AEA,EN,Federal Contract Tower,2,7,11,4,24,0,3,26,0,29,2,10,37,4,53,52,0,52,105
04/26/2022,HGR,MD,AEA,EN,Federal Contract Tower,0,1,14,4,19,0,7,2,8,17,0,8,16,12,36,0,0,0,36
04/27/2022,HGR,MD,AEA,EN,Federal Contract Tower,0,4,11,6,21,0,9,22,5,36,0,13,33,11,57,0,0,0,57
04/28/2022,HGR,MD,AEA,EN,Federal Contract Tower,2,3,5,1,11,0,5,45,3,53,2,8,50,4,64,22,0,22,86
04/29/2022,HGR,MD,AEA,EN,Federal Contract Tower,2,4,10,1,17,0,3,60,6,69,2,7,70,7,86,70,0,70,156
04/30/2022,HGR,MD,AEA,EN,Federal Contract Tower,0,0,27,0,27,0,7,128,0,135,0,7,155,0,162,20,0,20,182
05/01/2022,HGR,MD,AEA,EN,Federal Contract Tower,2,0,11,0,13,0,0,8,0,8,2,0,19,0,21,12,0,12,33
05/02/2022,HGR,MD,AEA,EN,Federal Contract Tower,6,0,12,0,18,0,9,27,1,37,6,9,39,1,55,20,0,20,75
05/03/2022,HGR,MD,AEA,EN,Federal Contract Tower,0,1,14,2,17,0,2,48,2,52,0,3,62,4,69,58,0,58,127
05/04/2022,HGR,MD,AEA,EN,Federal Contract Tower,0,2,13,0,15,0,0,12,0,12,0,2,25,0,27,6,0,6,33
05/05/2022,HGR,MD,AEA,EN,Federal Contract Tower,2,1,18,1,22,0,2,91,6,99,2,3,109,7,121,116,0,116,237
05/06/2022,HGR,MD,AEA,EN,Federal Contract Tower,0,0,7,0,7,0,0,0,0,0,0,0,7,0,7,0,0,0,7
05/07/2022,HGR,MD,AEA,EN,Federal Contract Tower,0,1,2,0,3,0,0,0,0,0,0,1,2,0,3,0,0,0,3
05/08/2022,HGR,MD,AEA,EN,Federal Contract Tower,2,2,8,0,12,0,0,25,2,27,2,2,33,2,39,26,0,26,65
05/09/2022,HGR,MD,AEA,EN,Federal Contract Tower,2,4,12,2,20,0,11,111,19,141,2,15,123,21,161,106,0,106,267
05/10/2022,HGR,MD,AEA,EN,Federal Contract Tower,0,0,12,7,19,0,6,103,31,140,0,6,115,38,159,78,2,80,239
05/11/2022,HGR,MD,AEA,EN,Federal Contract Tower,0,1,6,0,7,0,4,102,23,129,0,5,108,23,136,102,0,102,238
05/12/2022,HGR,MD,AEA,EN,Federal Contract Tower,2,2,13,7,24,0,3,55,4,62,2,5,68,11,86,84,0,84,170
05/13/2022,HGR,MD,AEA,EN,Federal Contract Tower,2,2,22,0,26,0,0,2,0,2,2,2,24,0,28,0,0,0,28
05/14/2022,HGR,MD,AEA,EN,Federal Contract Tower,0,0,14,1,15,0,0,9,0,9,0,0,23,1,24,0,0,0,24
05/15/2022,HGR,MD,AEA,EN,Federal Contract Tower,2,1,9,1,13,0,0,29,0,29,2,1,38,1,42,22,0,22,64
05/16/2022,HGR,MD,AEA,EN,Federal Contract Tower,2,0,5,1,8,0,6,9,6,21,2,6,14,7,29,0,0,0,29
05/17/2022,HGR,MD,AEA,EN,Federal Contract Tower,0,2,7,2,11,0,9,37,3,49,0,11,44,5,60,18,0,18,78
05/18/2022,HGR,MD,AEA,EN,Federal Contract Tower,0,0,7,6,13,0,6,94,22,122,0,6,101,28,135,126,0,126,261
05/19/2022,HGR,MD,AEA,EN,Federal Contract Tower,2,4,10,6,22,0,0,32,6,38,2,4,42,12,60,58,0,58,118
05/20/2022,HGR,MD,AEA,EN,Federal Contract Tower,2,3,9,3,17,0,13,37,3,53,2,16,46,6,70,24,4,28,98
05/21/2022,HGR,MD,AEA,EN,Federal Contract Tower,0,0,10,0,10,0,1,161,1,163,0,1,171,1,173,32,0,32,205
05/22/2022,HGR,MD,AEA,EN,Federal Contract Tower,2,0,7,0,9,0,1,40,2,43,2,1,47,2,52,32,0,32,84
05/23/2022,HGR,MD,AEA,EN,Federal Contract Tower,2,4,13,1,20,0,5,23,10,38,2,9,36,11,58,10,0,10,68
05/24/2022,HGR,MD,AEA,EN,Federal Contract Tower,0,1,13,14,28,0,6,10,0,16,0,7,23,14,44,14,0,14,58
05/25/2022,HGR,MD,AEA,EN,Federal Contract Tower,0,6,24,8,38,0,8,54,10,72,0,14,78,18,110,28,0,28,138
05/26/2022,HGR,MD,AEA,EN,Federal Contract Tower,2,0,10,5,17,0,0,17,6,23,2,0,27,11,40,10,0,10,50
05/27/2022,HGR,MD,AEA,EN,Federal Contract Tower,4,0,12,0,16,0,3,2,0,5,4,3,14,0,21,16,0,16,37
05/28/2022,HGR,MD,AEA,EN,Federal Contract Tower,0,0,15,0,15,0,79,0,0,79,0,79,15,0,94,86,0,86,180
05/29/2022,HGR,MD,AEA,EN,Federal Contract Tower,2,0,8,0,10,0,5,84,0,89,2,5,92,0,99,38,0,38,137
05/30/2022,HGR,MD,AEA,EN,Federal Contract Tower,4,2,17,0,23,0,5,67,0,72,4,7,84,0,95,72,0,72,167
05/31/2022,HGR,MD,AEA,EN,Federal Contract Tower,0,0,6,2,8,0,7,92,9,108,0,7,98,11,116,68,0,68,184
06/01/2022,HGR,MD,AEA,EN,Federal Contract Tower,0,0,12,3,15,0,7,62,10,79,0,7,74,13,94,62,0,62,156
06/02/2022,HGR,MD,AEA,EN,Federal Contract Tower,1,0,9,2,12,0,5,42,1,48,1,5,51,3,60,12,0,12,72
06/03/2022,HGR,MD,AEA,EN,Federal Contract Tower,4,1,24,1,30,0,10,65,3,78,4,11,89,4,108,2,0,2,110
06/04/2022,HGR,MD,AEA,EN,Federal Contract Tower,0,1,8,2,11,0,6,91,0,97,0,7,99,2,108,72,0,72,180
06/05/2022,HGR,MD,AEA,EN,Federal Contract Tower,2,4,12,0,18,0,5,95,7,107,2,9,107,7,125,46,0,46,171
06/06/2022,HGR,MD,AEA,EN,Federal Contract Tower,4,1,16,1,22,0,4,44,9,57,4,5,60,10,79,10,0,10,89
06/07/2022,HGR,MD,AEA,EN,Federal Contract Tower,0,1,9,3,13,0,1,7,8,16,0,2,16,11,29,4,0,4,33
06/08/2022,HGR,MD,AEA,EN,Federal Contract Tower,0,1,19,2,22,0,0,40,9,49,0,1,59,11,71,40,0,40,111
06/09/2022,HGR,MD,AEA,EN,Federal Contract Tower,1,0,9,2,12,0,3,25,5,33,1,3,34,7,45,0,0,0,45
06/10/2022,HGR,MD,AEA,EN,Federal Contract Tower,4,1,24,0,29,0,5,105,14,124,4,6,129,14,153,38,6,44,197
06/11/2022,HGR,MD,AEA,EN,Federal Contract Tower,0,0,20,0,20,0,2,11,0,13,0,2,31,0,33,6,0,6,39
06/12/2022,HGR,MD,AEA,EN,Federal Contract Tower,1,1,1,0,3,0,1,22,0,23,1,2,23,0,26,0,0,0,26
06/13/2022,HGR,MD,AEA,EN,Federal Contract Tower,4,1,9,1,15,0,6,51,4,61,4,7,60,5,76,32,0,32,108
06/14/2022,HGR,MD,AEA,EN,Federal Contract Tower,0,5,15,4,24,0,3,30,2,35,0,8,45,6,59,14,0,14,73
06/15/2022,HGR,MD,AEA,EN,Federal Contract Tower,0,1,12,2,15,0,8,56,12,76,0,9,68,14,91,50,0,50,141
06/16/2022,HGR,MD,AEA,EN,Federal Contract Tower,0,0,10,6,16,0,3,18,0,21,0,3,28,6,37,0,0,0,37
06/17/2022,HGR,MD,AEA,EN,Federal Contract Tower,4,1,11,0,16,0,3,28,2,33,4,4,39,2,49,8,0,8,57
06/18/2022,HGR,MD,AEA,EN,Federal Contract Tower,0,0,3,0,3,0,3,8,1,12,0,3,11,1,15,0,0,0,15
06/19/2022,HGR,MD,AEA,EN,Federal Contract Tower,0,1,8,0,9,0,2,46,0,48,0,3,54,0,57,2,0,2,59
06/20/2022,HGR,MD,AEA,EN,Federal Contract Tower,4,2,10,0,16,0,2,94,0,96,4,4,104,0,112,100,0,100,212
06/21/2022,HGR,MD,AEA,EN,Federal Contract Tower,0,0,19,1,20,0,8,66,2,76,0,8,85,3,96,76,0,76,172
06/22/2022,HGR,MD,AEA,EN,Federal Contract Tower,0,2,3,0,5,0,6,63,0,69,0,8,66,0,74,86,0,86,160
06/23/2022,HGR,MD,AEA,EN,Federal Contract Tower,2,2,13,3,20,0,0,4,0,4,2,2,17,3,24,8,0,8,32
06/24/2022,HGR,MD,AEA,EN,Federal Contract Tower,4,0,15,16,35,0,3,63,10,76,4,3,78,26,111,50,0,50,161
06/25/2022,HGR,MD,AEA,EN,Federal Contract Tower,0,1,15,0,16,0,3,84,0,87,0,4,99,0,103,14,0,14,117
06/26/2022,HGR,MD,AEA,EN,Federal Contract Tower,0,0,5,18,23,0,2,70,0,72,0,2,75,18,95,16,0,16,111
06/27/2022,HGR,MD,AEA,EN,Federal Contract Tower,4,1,16,5,26,0,0,14,6,20,4,1,30,11,46,8,0,8,54
06/28/2022,HGR,MD,AEA,EN,Federal Contract Tower,0,0,14,2,16,0,5,76,35,116,0,5,90,37,132,100,6,106,238
06/29/2022,HGR,MD,AEA,EN,Federal Contract Tower,0,4,15,3,22,0,1,68,12,81,0,5,83,15,103,60,18,78,181
06/30/2022,HGR,MD,AEA,EN,Federal Contract Tower,2,0,15,12,29,0,6,57,16,79,2,6,72,28,108,80,8,88,196
07/01/2022,HGR,MD,AEA,EN,Federal Contract Tower,4,0,9,3,16,0,6,42,11,59,4,6,51,14,75,20,0,20,95
07/02/2022,HGR,MD,AEA,EN,Federal Contract Tower,0,0,10,0,10,0,5,29,42,76,0,5,39,42,86,10,12,22,108
07/03/2022,HGR,MD,AEA,EN,Federal Contract Tower,2,0,3,0,5,0,5,42,76,123,2,5,45,76,128,4,58,62,190
07/04/2022,HGR,MD,AEA,EN,Federal Contract Tower,4,0,7,0,11,0,4,60,65,129,4,4,67,65,140,74,90,164,304
07/05/2022,HGR,MD,AEA,EN,Federal Contract Tower,2,0,6,0,8,0,4,33,34,71,2,4,39,34,79,4,206,210,289
07/06/2022,HGR,MD,AEA,EN,Federal Contract Tower,0,0,10,2,12,0,2,24,73,99,0,2,34,75,111,34,280,314,425
07/07/2022,HGR,MD,AEA,EN,Federal Contract Tower,2,1,4,7,14,0,5,24,79,108,2,6,28,86,122,8,200,208,330
07/08/2022,HGR,MD,AEA,EN,Federal Contract Tower,4,2,9,4,19,0,6,14,20,40,4,8,23,24,59,8,124,132,191
07/09/2022,HGR,MD,AEA,EN,Federal Contract Tower,0,1,20,0,21,0,3,8,0,11,0,4,28,0,32,16,0,16,48
07/10/2022,HGR,MD,AEA,EN,Federal Contract Tower,2,2,17,1,22,0,3,81,18,102,2,5,98,19,124,46,34,80,204
07/11/2022,HGR,MD,AEA,EN,Federal Contract Tower,4,2,15,6,27,0,2,53,14,69,4,4,68,20,96,24,0,24,120
07/12/2022,HGR,MD,AEA,EN,Federal Contract Tower,0,0,10,2,12,0,0,29,7,36,0,0,39,9,48,36,10,46,94
07/13/2022,HGR,MD,AEA,EN,Federal Contract Tower,0,1,13,3,17,0,0,69,11,80,0,1,82,14,97,76,4,80,177
07/14/2022,HGR,MD,AEA,EN,Federal Contract Tower,2,1,11,1,15,0,7,71,9,87,2,8,82,10,102,60,14,74,176
07/15/2022,HGR,MD,AEA,EN,Federal Contract Tower,4,1,16,0,21,0,3,62,2,67,4,4,78,2,88,100,0,100,188
07/16/2022,HGR,MD,AEA,EN,Federal Contract Tower,0,0,21,1,22,0,0,64,5,69,0,0,85,6,91,72,0,72,163
07/17/2022,HGR,MD,AEA,EN,Federal Contract Tower,2,0,11,0,13,0,0,12,0,12,2,0,23,0,25,14,0,14,39
07/18/2022,HGR,MD,AEA,EN,Federal Contract Tower,2,0,6,1,9,0,1,5,2,8,2,1,11,3,17,12,0,12,29
07/19/2022,HGR,MD,AEA,EN,Federal Contract Tower,0,0,5,1,6,0,12,89,10,111,0,12,94,11,117,70,0,70,187
07/20/2022,HGR,MD,AEA,EN,Federal Contract Tower,0,0,7,4,11,0,17,66,30,113,0,17,73,34,124,58,0,58,182
07/21/2022,HGR,MD,AEA,EN,Federal Contract Tower,2,2,12,2,18,0,5,59,13,77,2,7,71,15,95,82,0,82,177
07/22/2022,HGR,MD,AEA,EN,Federal Contract Tower,4,1,13,3,21,0,13,81,1,95,4,14,94,4,116,84,0,84,200
07/23/2022,HGR,MD,AEA,EN,Federal Contract Tower,0,0,7,5,12,0,1,42,4,47,0,1,49,9,59,22,0,22,81
07/24/2022,HGR,MD,AEA,EN,Federal Contract Tower,2,2,12,0,16,0,2,55,3,60,2,4,67,3,76,36,0,36,112
07/25/2022,HGR,MD,AEA,EN,Federal Contract Tower,4,0,6,0,10,0,3,13,4,20,4,3,19,4,30,0,0,0,30
07/26/2022,HGR,MD,AEA,EN,Federal Contract Tower,0,0,7,0,7,0,15,55,21,91,0,15,62,21,98,42,6,48,146
07/27/2022,HGR,MD,AEA,EN,Federal Contract Tower,0,0,17,4,21,0,6,59,9,74,0,6,76,13,95,98,0,98,193
07/28/2022,HGR,MD,AEA,EN,Federal Contract Tower,2,2,8,2,14,0,0,55,9,64,2,2,63,11,78,32,0,32,110
07/29/2022,HGR,MD,AEA,EN,Federal Contract Tower,4,2,6,7,19,0,0,10,4,14,4,2,16,11,33,0,0,0,33
07/30/2022,HGR,MD,AEA,EN,Federal Contract Tower,0,0,12,0,12,0,9,81,4,94,0,9,93,4,106,36,0,36,142
07/31/2022,HGR,MD,AEA,EN,Federal Contract Tower,2,1,7,0,10,0,1,56,0,57,2,2,63,0,67,62,0,62,129
08/01/2022,HGR,MD,AEA,EN,Federal Contract Tower,4,1,11,2,18,0,7,36,2,45,4,8,47,4,63,8,0,8,71
08/02/2022,HGR,MD,AEA,EN,Federal Contract Tower,0,0,12,0,12,0,14,71,15,100,0,14,83,15,112,48,0,48,160
08/03/2022,HGR,MD,AEA,EN,Federal Contract Tower,0,4,13,3,20,0,14,74,14,102,0,18,87,17,122,86,0,86,208
08/04/2022,HGR,MD,AEA,EN,Federal Contract Tower,2,3,11,8,24,0,2,41,4,47,2,5,52,12,71,26,0,26,97
08/05/2022,HGR,MD,AEA,EN,Federal Contract Tower,4,4,10,0,18,0,4,39,6,49,4,8,49,6,67,34,0,34,101
08/06/2022,HGR,MD,AEA,EN,Federal Contract Tower,0,0,11,0,11,0,1,11,0,12,0,1,22,0,23,0,0,0,23
08/07/2022,HGR,MD,AEA,EN,Federal Contract Tower,2,0,5,2,9,0,2,54,0,56,2,2,59,2,65,32,0,32,97
08/08/2022,HGR,MD,AEA,EN,Federal Contract Tower,4,1,5,0,10,0,6,43,0,49,4,7,48,0,59,52,0,52,111
08/09/2022,HGR,MD,AEA,EN,Federal Contract Tower,0,1,4,0,5,0,10,43,9,62,0,11,47,9,67,0,0,0,67
08/10/2022,HGR,MD,AEA,EN,Federal Contract Tower,0,1,9,6,16,0,8,35,15,58,0,9,44,21,74,14,0,14,88
08/11/2022,HGR,MD,AEA,EN,Federal Contract Tower,2,4,19,0,25,0,7,63,1,71,2,11,82,1,96,62,0,62,158
08/12/2022,HGR,MD,AEA,EN,Federal Contract Tower,4,1,12,0,17,0,5,72,4,81,4,6,84,4,98,42,0,42,140
08/13/2022,HGR,MD,AEA,EN,Federal Contract Tower,0,0,14,0,14,0,1,103,4,108,0,1,117,4,122,76,0,76,198
08/14/2022,HGR,MD,AEA,EN,Federal Contract Tower,2,0,10,0,12,0,4,44,2,50,2,4,54,2,62,8,0,8,70
08/15/2022,HGR,MD,AEA,EN,Federal Contract Tower,4,0,13,5,22,0,0,8,0,8,4,0,21,5,30,0,0,0,30
08/16/2022,HGR,MD,AEA,EN,Federal Contract Tower,0,1,9,1,11,0,2,68,5,75,0,3,77,6,86,88,2,90,176
08/17/2022,HGR,MD,AEA,EN,Federal Contract Tower,0,1,13,1,15,0,8,63,8,79,0,9,76,9,94,38,0,38,132
08/18/2022,HGR,MD,AEA,EN,Federal Contract Tower,0,2,18,0,20,0,1,63,9,73,0,3,81,9,93,24,0,24,117
08/19/2022,HGR,MD,AEA,EN,Federal Contract Tower,4,1,17,1,23,0,4,69,4,77,4,5,86,5,100,12,0,12,112
08/20/2022,HGR,MD,AEA,EN,Federal Contract Tower,0,1,9,0,10,0,5,174,2,181,0,6,183,2,191,20,0,20,211
08/21/2022,HGR,MD,AEA,EN,Federal Contract Tower,0,1,10,0,11,0,3,7,0,10,0,4,17,0,21,0,0,0,21
08/22/2022,HGR,MD,AEA,EN,Federal Contract Tower,4,0,8,0,12,0,2,0,2,4,4,2,8,2,16,0,0,0,16
08/23/2022,HGR,MD,AEA,EN,Federal Contract Tower,0,1,13,4,18,0,13,77,13,103,0,14,90,17,121,54,0,54,175
08/24/2022,HGR,MD,AEA,EN,Federal Contract Tower,0,1,22,3,26,0,8,81,13,102,0,9,103,16,128,80,6,86,214
08/25/2022,HGR,MD,AEA,EN,Federal Contract Tower,0,3,18,10,31,0,8,73,12,93,0,11,91,22,124,52,0,52,176
08/26/2022,HGR,MD,AEA,EN,Federal Contract Tower,4,1,14,0,19,0,0,56,4,60,4,1,70,4,79,44,0,44,123
08/27/2022,HGR,MD,AEA,EN,Federal Contract Tower,0,1,14,0,15,0,4,88,3,95,0,5,102,3,110,52,0,52,162
08/28/2022,HGR,MD,AEA,EN,Federal Contract Tower,0,0,8,0,8,0,3,55,0,58,0,3,63,0,66,34,0,34,100
08/29/2022,HGR,MD,AEA,EN,Federal Contract Tower,4,0,7,1,12,0,7,54,3,64,4,7,61,4,76,0,0,0,76
08/30/2022,HGR,MD,AEA,EN,Federal Contract Tower,0,2,11,2,15,0,4,25,6,35,0,6,36,8,50,8,0,8,58
08/31/2022,HGR,MD,AEA,EN,Federal Contract Tower,0,1,14,1,16,0,7,62,11,80,0,8,76,12,96,26,10,36,132
09/01/2022,HGR,MD,AEA,EN,Federal Contract Tower,0,0,17,4,21,0,7,62,6,75,0,7,79,10,96,62,2,64,160
09/02/2022,HGR,MD,AEA,EN,Federal Contract Tower,4,0,10,1,15,0,7,70,8,85,4,7,80,9,100,36,0,36,136
09/03/2022,HGR,MD,AEA,EN,Federal Contract Tower,0,2,12,0,14,0,2,36,5,43,0,4,48,5,57,14,0,14,71
09/04/2022,HGR,MD,AEA,EN,Federal Contract Tower,0,2,7,0,9,0,2,46,6,54,0,4,53,6,63,0,0,0,63
09/05/2022,HGR,MD,AEA,EN,Federal Contract Tower,4,0,16,2,22,0,0,1,0,1,4,0,17,2,23,0,0,0,23
09/06/2022,HGR,MD,AEA,EN,Federal Contract Tower,0,5,8,4,17,0,1,28,11,40,0,6,36,15,57,32,0,32,89
09/07/2022,HGR,MD,AEA,EN,Federal Contract Tower,0,0,16,1,17,0,2,4,0,6,0,2,20,1,23,2,0,2,25
09/08/2022,HGR,MD,AEA,EN,Federal Contract Tower,0,4,18,15,37,0,0,21,12,33,0,4,39,27,70,10,10,20,90
09/09/2022,HGR,MD,AEA,EN,Federal Contract Tower,2,7,13,3,25,0,3,59,7,69,2,10,72,10,94,86,4,90,184
09/10/2022,HGR,MD,AEA,EN,Federal Contract Tower,0,0,9,4,13,0,4,274,0,278,0,4,283,4,291,26,0,26,317
09/11/2022,HGR,MD,AEA,EN,Federal Contract Tower,0,0,18,0,18,0,0,1,0,1,0,0,19,0,19,0,0,0,19
09/12/2022,HGR,MD,AEA,EN,Federal Contract Tower,2,0,10,2,14,0,6,6,0,12,2,6,16,2,26,8,0,8,34
09/13/2022,HGR,MD,AEA,EN,Federal Contract Tower,0,0,16,7,23,0,6,51,13,70,0,6,67,20,93,52,0,52,145
09/14/2022,HGR,MD,AEA,EN,Federal Contract Tower,0,1,10,7,18,0,3,88,15,106,0,4,98,22,124,92,0,92,216
09/15/2022,HGR,MD,AEA,EN,Federal Contract Tower,0,2,15,6,23,0,7,71,12,90,0,9,86,18,113,48,0,48,161
09/16/2022,HGR,MD,AEA,EN,Federal Contract Tower,2,1,17,6,26,0,3,84,7,94,2,4,101,13,120,54,0,54,174
09/17/2022,HGR,MD,AEA,EN,Federal Contract Tower,0,2,9,0,11,0,1,74,0,75,0,3,83,0,86,58,0,58,144
09/18/2022,HGR,MD,AEA,EN,Federal Contract Tower,0,0,7,3,10,0,2,110,2,114,0,2,117,5,124,74,0,74,198
09/19/2022,HGR,MD,AEA,EN,Federal Contract Tower,2,0,6,11,19,0,0,41,10,51,2,0,47,21,70,60,0,60,130
09/20/2022,HGR,MD,AEA,EN,Federal Contract Tower,0,3,13,6,22,0,4,43,26,73,0,7,56,32,95,30,0,30,125
09/21/2022,HGR,MD,AEA,EN,Federal Contract Tower,0,6,16,2,24,0,0,73,20,93,0,6,89,22,117,50,12,62,179
09/22/2022,HGR,MD,AEA,EN,Federal Contract Tower,0,0,18,7,25,0,1,24,10,35,0,1,42,17,60,10,0,10,70
09/23/2022,HGR,MD,AEA,EN,Federal Contract Tower,2,1,11,2,16,0,1,26,18,45,2,2,37,20,61,2,0,2,63
09/24/2022,HGR,MD,AEA,EN,Federal Contract Tower,0,1,8,2,11,0,0,123,26,149,0,1,131,28,160,68,0,68,228
09/25/2022,HGR,MD,AEA,EN,Federal Contract Tower,0,0,11,0,11,0,0,8,0,8,0,0,19,0,19,8,0,8,27
09/26/2022,HGR,MD,AEA,EN,Federal Contract Tower,2,2,9,7,20,0,0,45,10,55,2,2,54,17,75,28,0,28,103
09/27/2022,HGR,MD,AEA,EN,Federal Contract Tower,0,4,14,6,24,0,0,53,8,61,0,4,67,14,85,52,20,72,157
09/28/2022,HGR,MD,AEA,EN,Federal Contract Tower,0,3,15,7,25,0,0,42,18,60,0,3,57,25,85,32,10,42,127
09/29/2022,HGR,MD,AEA,EN,Federal Contract Tower,0,3,17,2,22,0,0,53,25,78,0,3,70,27,100,42,0,42,142
09/30/2022,HGR,MD,AEA,EN,Federal Contract Tower,2,1,14,3,20,0,7,29,3,39,2,8,43,6,59,8,0,8,67
10/01/2022,HGR,MD,AEA,EN,Federal Contract Tower,0,1,4,2,7,0,0,0,0,0,0,1,4,2,7,0,0,0,7
10/02/2022,HGR,MD,AEA,EN,Federal Contract Tower,0,0,12,0,12,0,0,1,0,1,0,0,13,0,13,0,0,0,13
10/03/2022,HGR,MD,AEA,EN,Federal Contract Tower,2,5,8,0,15,0,0,28,6,34,2,5,36,6,49,4,0,4,53
10/04/2022,HGR,MD,AEA,EN,Federal Contract Tower,0,0,13,8,21,0,0,22,1,23,0,0,35,9,44,34,0,34,78
10/05/2022,HGR,MD,AEA,EN,Federal Contract Tower,0,2,16,1,19,0,7,36,10,53,0,9,52,11,72,80,24,104,176
10/06/2022,HGR,MD,AEA,EN,Federal Contract Tower,0,0,15,10,25,0,0,109,6,115,0,0,124,16,140,64,0,64,204
10/07/2022,HGR,MD,AEA,EN,Federal Contract Tower,2,0,8,2,12,0,4,16,11,31,2,4,24,13,43,0,0,0,43
10/08/2022,HGR,MD,AEA,EN,Federal Contract Tower,0,0,8,0,8,0,4,103,0,107,0,4,111,0,115,26,0,26,141
10/09/2022,HGR,MD,AEA,EN,Federal Contract Tower,0,0,11,0,11,0,1,83,1,85,0,1,94,1,96,64,0,64,160
10/10/2022,HGR,MD,AEA,EN,Federal Contract Tower,2,0,12,0,14,0,6,76,4,86,2,6,88,4,100,60,0,60,160
10/11/2022,HGR,MD,AEA,EN,Federal Contract Tower,0,0,12,0,12,0,15,105,5,125,0,15,117,5,137,76,0,76,213
10/12/2022,HGR,MD,AEA,EN,Federal Contract Tower,0,1,16,3,20,0,15,99,9,123,0,16,115,12,143,50,0,50,193
10/13/2022,HGR,MD,AEA,EN,Federal Contract Tower,0,4,5,2,11,0,2,3,0,5,0,6,8,2,16,4,0,4,20
10/14/2022,HGR,MD,AEA,EN,Federal Contract Tower,2,2,27,5,36,0,3,81,3,87,2,5,108,8,123,46,0,46,169
10/15/2022,HGR,MD,AEA,EN,Federal Contract Tower,0,0,5,0,5,0,1,119,0,120,0,1,124,0,125,6,0,6,131
10/16/2022,HGR,MD,AEA,EN,Federal Contract Tower,0,0,2,0,2,0,2,148,0,150,0,2,150,0,152,68,0,68,220
10/17/2022,HGR,MD,AEA,EN,Federal Contract Tower,2,4,13,1,20,0,14,54,1,69,2,18,67,2,89,32,0,32,121
10/18/2022,HGR,MD,AEA,EN,Federal Contract Tower,0,1,6,5,12,0,4,61,8,73,0,5,67,13,85,34,0,34,119
10/19/2022,HGR,MD,AEA,EN,Federal Contract Tower,0,2,13,9,24,0,5,57,17,79,0,7,70,26,103,32,4,36,139
10/20/2022,HGR,MD,AEA,EN,Federal Contract Tower,0,3,9,6,18,0,2,70,16,88,0,5,79,22,106,88,12,100,206
10/21/2022,HGR,MD,AEA,EN,Federal Contract Tower,2,0,17,5,24,0,0,93,15,108,2,0,110,20,132,70,0,70,202
10/22/2022,HGR,MD,AEA,EN,Federal Contract Tower,0,0,13,2,15,0,0,100,0,100,0,0,113,2,115,24,0,24,139
10/23/2022,HGR,MD,AEA,EN,Federal Contract Tower,0,3,22,0,25,0,0,72,0,72,0,3,94,0,97,26,0,26,123
10/24/2022,HGR,MD,AEA,EN,Federal Contract Tower,2,0,17,1,20,0,6,29,0,35,2,6,46,1,55,30,0,30,85
10/25/2022,HGR,MD,AEA,EN,Federal Contract Tower,0,2,37,6,45,0,1,13,2,16,0,3,50,8,61,0,0,0,61
10/26/2022,HGR,MD,AEA,EN,Federal Contract Tower,0,0,15,4,19,0,3,4,3,10,0,3,19,7,29,16,0,16,45
10/27/2022,HGR,MD,AEA,EN,Federal Contract Tower,0,8,16,6,30,0,3,52,9,64,0,11,68,15,94,52,0,52,146
10/28/2022,HGR,MD,AEA,EN,Federal Contract Tower,2,0,9,5,16,0,6,55,10,71,2,6,64,15,87,42,6,48,135
10/29/2022,HGR,MD,AEA,EN,Federal Contract Tower,0,1,9,0,10,0,1,68,0,69,0,2,77,0,79,54,0,54,133
10/30/2022,HGR,MD,AEA,EN,Federal Contract Tower,0,0,15,0,15,0,2,109,2,113,0,2,124,2,128,76,0,76,204
10/31/2022,HGR,MD,AEA,EN,Federal Contract Tower,2,2,24,1,29,0,5,4,0,9,2,7,28,1,38,0,0,0,38
11/02/2022,HGR,MD,AEA,EN,Federal Contract Tower,0,1,13,7,21,0,4,62,13,79,0,5,75,20,100,46,4,50,150
11/03/2022,HGR,MD,AEA,EN,Federal Contract Tower,0,1,9,5,15,0,9,92,11,112,0,10,101,16,127,74,0,74,201
11/04/2022,HGR,MD,AEA,EN,Federal Contract Tower,2,2,17,4,25,0,7,69,4,80,2,9,86,8,105,62,0,62,167
11/05/2022,HGR,MD,AEA,EN,Federal Contract Tower,0,0,12,0,12,0,0,15,0,15,0,0,27,0,27,0,0,0,27
11/06/2022,HGR,MD,AEA,EN,Federal Contract Tower,0,0,17,0,17,0,2,8,0,10,0,2,25,0,27,0,0,0,27
11/07/2022,HGR,MD,AEA,EN,Federal Contract Tower,2,0,3,2,7,0,11,54,11,76,2,11,57,13,83,58,16,74,157
11/08/2022,HGR,MD,AEA,EN,Federal Contract Tower,0,0,10,5,15,0,5,61,11,77,0,5,71,16,92,72,0,72,164
11/09/2022,HGR,MD,AEA,EN,Federal Contract Tower,0,1,14,3,18,0,4,74,17,95,0,5,88,20,113,120,0,120,233
11/10/2022,HGR,MD,AEA,EN,Federal Contract Tower,0,3,17,2,22,0,2,78,5,85,0,5,95,7,107,110,0,110,217
11/11/2022,HGR,MD,AEA,EN,Federal Contract Tower,2,0,3,2,7,0,0,0,0,0,2,0,3,2,7,0,0,0,7
11/12/2022,HGR,MD,AEA,EN,Federal Contract Tower,0,0,5,0,5,0,1,16,0,17,0,1,21,0,22,2,0,2,24
11/13/2022,HGR,MD,AEA,EN,Federal Contract Tower,0,0,2,0,2,0,2,21,1,24,0,2,23,1,26,4,0,4,30
11/14/2022,HGR,MD,AEA,EN,Federal Contract Tower,2,1,8,2,13,0,5,52,13,70,2,6,60,15,83,50,0,50,133
11/15/2022,HGR,MD,AEA,EN,Federal Contract Tower,0,2,7,5,14,0,0,6,4,10,0,2,13,9,24,0,0,0,24
11/16/2022,HGR,MD,AEA,EN,Federal Contract Tower,0,7,13,13,33,0,2,11,5,18,0,9,24,18,51,16,0,16,67
11/17/2022,HGR,MD,AEA,EN,Federal Contract Tower,0,3,10,11,24,0,2,26,4,32,0,5,36,15,56,30,0,30,86
11/18/2022,HGR,MD,AEA,EN,Federal Contract Tower,2,0,9,4,15,0,0,45,5,50,2,0,54,9,65,18,0,18,83
11/19/2022,HGR,MD,AEA,EN,Federal Contract Tower,2,0,11,0,13,0,4,68,3,75,2,4,79,3,88,48,6,54,142
11/20/2022,HGR,MD,AEA,EN,Federal Contract Tower,0,1,2,1,4,0,1,10,0,11,0,2,12,1,15,0,0,0,15
11/21/2022,HGR,MD,AEA,EN,Federal Contract Tower,2,2,11,11,26,0,0,47,8,55,2,2,58,19,81,86,0,86,167
11/22/2022,HGR,MD,AEA,EN,Federal Contract Tower,2,1,9,7,19,0,2,70,2,74,2,3,79,9,93,120,0,120,213
11/23/2022,HGR,MD,AEA,EN,Federal Contract Tower,2,1,12,3,18,0,6,93,4,103,2,7,105,7,121,106,0,106,227
11/24/2022,HGR,MD,AEA,EN,Federal Contract Tower,0,0,2,0,2,0,0,21,0,21,0,0,23,0,23,0,0,0,23
11/25/2022,HGR,MD,AEA,EN,Federal Contract Tower,0,0,0,0,0,0,1,8,0,9,0,1,8,0,9,16,0,16,25
11/26/2022,HGR,MD,AEA,EN,Federal Contract Tower,2,0,11,0,13,0,0,88,2,90,2,0,99,2,103,66,0,66,169
11/27/2022,HGR,MD,AEA,EN,Federal Contract Tower,2,0,2,0,4,0,0,2,0,2,2,0,4,0,6,0,0,0,6
11/28/2022,HGR,MD,AEA,EN,Federal Contract Tower,1,3,4,4,12,0,0,31,22,53,1,3,35,26,65,6,0,6,71
11/29/2022,HGR,MD,AEA,EN,Federal Contract Tower,2,6,6,4,18,0,4,43,6,53,2,10,49,10,71,26,8,34,105
11/30/2022,HGR,MD,AEA,EN,Federal Contract Tower,0,2,2,0,4,0,0,1,1,2,0,2,3,1,6,0,0,0,6
12/01/2022,HGR,MD,AEA,EN,Federal Contract Tower,2,3,10,3,18,0,5,31,8,44,2,8,41,11,62,16,0,16,78
12/02/2022,HGR,MD,AEA,EN,Federal Contract Tower,2,1,12,2,17,0,0,46,0,46,2,1,58,2,63,22,0,22,85
12/03/2022,HGR,MD,AEA,EN,Federal Contract Tower,0,0,6,0,6,0,0,3,1,4,0,0,9,1,10,0,0,0,10
12/04/2022,HGR,MD,AEA,EN,Federal Contract Tower,2,0,8,0,10,0,11,78,1,90,2,11,86,1,100,6,0,6,106
12/05/2022,HGR,MD,AEA,EN,Federal Contract Tower,2,0,3,1,6,0,4,45,0,49,2,4,48,1,55,18,0,18,73
12/06/2022,HGR,MD,AEA,EN,Federal Contract Tower,0,1,5,10,16,0,0,0,0,0,0,1,5,10,16,0,0,0,16
12/07/2022,HGR,MD,AEA,EN,Federal Contract Tower,0,2,13,9,24,0,0,0,0,0,0,2,13,9,24,0,0,0,24
12/08/2022,HGR,MD,AEA,EN,Federal Contract Tower,4,0,18,7,29,0,5,56,9,70,4,5,74,16,99,18,0,18,117
12/09/2022,HGR,MD,AEA,EN,Federal Contract Tower,2,0,17,7,26,0,6,106,7,119,2,6,123,14,145,84,0,84,229
12/10/2022,HGR,MD,AEA,EN,Federal Contract Tower,0,0,8,0,8,0,0,36,0,36,0,0,44,0,44,34,0,34,78
12/11/2022,HGR,MD,AEA,EN,Federal Contract Tower,2,0,7,0,9,0,0,0,0,0,2,0,7,0,9,0,0,0,9
12/12/2022,HGR,MD,AEA,EN,Federal Contract Tower,2,2,6,4,14,0,0,26,7,33,2,2,32,11,47,10,0,10,57
12/13/2022,HGR,MD,AEA,EN,Federal Contract Tower,0,4,8,4,16,0,0,63,13,76,0,4,71,17,92,56,18,74,166
12/14/2022,HGR,MD,AEA,EN,Federal Contract Tower,0,3,16,6,25,0,12,67,7,86,0,15,83,13,111,86,0,86,197
12/15/2022,HGR,MD,AEA,EN,Federal Contract Tower,0,2,3,0,5,0,0,0,0,0,0,2,3,0,5,0,0,0,5
12/16/2022,HGR,MD,AEA,EN,Federal Contract Tower,2,1,10,4,17,0,1,47,0,48,2,2,57,4,65,24,0,24,89
12/17/2022,HGR,MD,AEA,EN,Federal Contract Tower,2,0,9,0,11,0,0,23,5,28,2,0,32,5,39,0,0,0,39
12/18/2022,HGR,MD,AEA,EN,Federal Contract Tower,0,0,7,0,7,0,0,14,0,14,0,0,21,0,21,10,0,10,31
12/19/2022,HGR,MD,AEA,EN,Federal Contract Tower,2,1,15,11,29,0,0,31,1,32,2,1,46,12,61,8,0,8,69
12/20/2022,HGR,MD,AEA,EN,Federal Contract Tower,2,3,11,7,23,0,2,85,14,101,2,5,96,21,124,36,0,36,160
12/21/2022,HGR,MD,AEA,EN,Federal Contract Tower,0,10,19,2,31,0,10,76,12,98,0,20,95,14,129,58,0,58,187
12/22/2022,HGR,MD,AEA,EN,Federal Contract Tower,4,0,2,0,6,0,0,0,0,0,4,0,2,0,6,0,0,0,6
12/23/2022,HGR,MD,AEA,EN,Federal Contract Tower,0,0,2,0,2,0,0,0,0,0,0,0,2,0,2,0,0,0,2
12/24/2022,HGR,MD,AEA,EN,Federal Contract Tower,2,0,1,0,3,0,0,1,0,1,2,0,2,0,4,0,0,0,4
12/25/2022,HGR,MD,AEA,EN,Federal Contract Tower,0,0,0,0,0,0,1,3,0,4,0,1,3,0,4,6,0,6,10
12/26/2022,HGR,MD,AEA,EN,Federal Contract Tower,2,2,6,1,11,0,3,26,4,33,2,5,32,5,44,0,0,0,44
12/27/2022,HGR,MD,AEA,EN,Federal Contract Tower,2,6,14,0,22,0,1,32,0,33,2,7,46,0,55,0,0,0,55
12/28/2022,HGR,MD,AEA,EN,Federal Contract Tower,0,1,6,0,7,0,8,82,5,95,0,9,88,5,102,62,8,70,172
12/29/2022,HGR,MD,AEA,EN,Federal Contract Tower,4,6,13,3,26,0,18,98,5,121,4,24,111,8,147,46,0,46,193
12/30/2022,HGR,MD,AEA,EN,Federal Contract Tower,0,0,19,0,19,0,4,99,3,106,0,4,118,3,125,92,0,92,217
12/31/2022,HGR,MD,AEA,EN,Federal Contract Tower,2,0,4,0,6,0,0,2,0,2,2,0,6,0,8,0,0,0,8
01/01/2023,HGR,MD,AEA,EN,Federal Contract Tower,0,0,6,0,6,0,2,47,0,49,0,2,53,0,55,22,0,22,77
01/02/2023,HGR,MD,AEA,EN,Federal Contract Tower,2,1,14,1,18,0,1,39,5,45,2,2,53,6,63,32,4,36,99
01/03/2023,HGR,MD,AEA,EN,Federal Contract Tower,2,3,10,0,15,0,0,2,0,2,2,3,12,0,17,0,0,0,17
01/04/2023,HGR,MD,AEA,EN,Federal Contract Tower,0,2,4,3,9,0,6,11,0,17,0,8,15,3,26,0,0,0,26
01/05/2023,HGR,MD,AEA,EN,Federal Contract Tower,2,2,6,5,15,0,9,28,5,42,2,11,34,10,57,22,0,22,79
01/06/2023,HGR,MD,AEA,EN,Federal Contract Tower,1,1,5,3,10,0,2,23,3,28,1,3,28,6,38,14,0,14,52
01/07/2023,HGR,MD,AEA,EN,Federal Contract Tower,0,0,4,0,4,0,3,21,0,24,0,3,25,0,28,8,0,8,36
01/08/2023,HGR,MD,AEA,EN,Federal Contract Tower,2,0,12,0,14,0,2,66,2,70,2,2,78,2,84,34,0,34,118
01/09/2023,HGR,MD,AEA,EN,Federal Contract Tower,2,1,3,4,10,0,1,37,12,50,2,2,40,16,60,56,0,56,116
01/10/2023,HGR,MD,AEA,EN,Federal Contract Tower,0,2,12,7,21,0,5,55,16,76,0,7,67,23,97,50,0,50,147
01/11/2023,HGR,MD,AEA,EN,Federal Contract Tower,0,1,10,6,17,0,7,35,9,51,0,8,45,15,68,50,8,58,126
01/12/2023,HGR,MD,AEA,EN,Federal Contract Tower,2,8,8,6,24,0,0,2,0,2,2,8,10,6,26,8,0,8,34
01/13/2023,HGR,MD,AEA,EN,Federal Contract Tower,2,1,10,3,16,0,2,15,2,19,2,3,25,5,35,10,0,10,45
01/14/2023,HGR,MD,AEA,EN,Federal Contract Tower,0,0,4,0,4,0,0,3,0,3,0,0,7,0,7,20,0,20,27
01/15/2023,HGR,MD,AEA,EN,Federal Contract Tower,2,0,8,0,10,0,0,22,0,22,2,0,30,0,32,38,0,38,70
01/16/2023,HGR,MD,AEA,EN,Federal Contract Tower,2,3,9,0,14,0,1,91,2,94,2,4,100,2,108,54,0,54,162
01/17/2023,HGR,MD,AEA,EN,Federal Contract Tower,0,1,7,3,11,0,1,26,5,32,0,2,33,8,43,48,0,48,91
01/18/2023,HGR,MD,AEA,EN,Federal Contract Tower,0,4,5,4,13,0,1,37,5,43,0,5,42,9,56,46,0,46,102
01/19/2023,HGR,MD,AEA,EN,Federal Contract Tower,2,2,25,4,33,0,0,0,0,0,2,2,25,4,33,0,0,0,33
01/20/2023,HGR,MD,AEA,EN,Federal Contract Tower,2,2,2,6,12,0,1,5,3,9,2,3,7,9,21,0,0,0,21
01/21/2023,HGR,MD,AEA,EN,Federal Contract Tower,0,0,4,0,4,0,4,52,0,56,0,4,56,0,60,16,0,16,76
01/22/2023,HGR,MD,AEA,EN,Federal Contract Tower,2,0,4,0,6,0,0,11,0,11,2,0,15,0,17,0,0,0,17
01/23/2023,HGR,MD,AEA,EN,Federal Contract Tower,0,3,6,2,11,0,0,2,0,2,0,3,8,2,13,24,0,24,37
01/24/2023,HGR,MD,AEA,EN,Federal Contract Tower,0,2,15,6,23,0,6,127,23,156,0,8,142,29,179,116,0,116,295
01/25/2023,HGR,MD,AEA,EN,Federal Contract Tower,0,4,4,0,8,0,0,0,0,0,0,4,4,0,8,0,0,0,8
01/26/2023,HGR,MD,AEA,EN,Federal Contract Tower,2,4,15,3,24,0,0,6,6,12,2,4,21,9,36,0,0,0,36
01/27/2023,HGR,MD,AEA,EN,Federal Contract Tower,2,2,7,3,14,0,2,29,14,45,2,4,36,17,59,42,0,42,101
01/28/2023,HGR,MD,AEA,EN,Federal Contract Tower,0,1,7,0,8,0,0,71,4,75,0,1,78,4,83,46,0,46,129
01/29/2023,HGR,MD,AEA,EN,Federal Contract Tower,2,0,10,0,12,0,0,29,0,29,2,0,39,0,41,45,0,45,86
01/30/2023,HGR,MD,AEA,EN,Federal Contract Tower,2,4,8,4,18,0,3,46,2,51,2,7,54,6,69,64,0,64,133
01/31/2023,HGR,MD,AEA,EN,Federal Contract Tower,0,4,3,6,13,0,5,10,4,19,0,9,13,10,32,14,0,14,46
02/01/2023,HGR,MD,AEA,EN,Federal Contract Tower,0,4,20,5,29,0,4,47,0,51,0,8,67,5,80,82,0,82,162
02/02/2023,HGR,MD,AEA,EN,Federal Contract Tower,2,3,17,3,25,0,1,57,2,60,2,4,74,5,85,82,0,82,167
02/03/2023,HGR,MD,AEA,EN,Federal Contract Tower,1,0,5,3,9,0,0,6,11,17,1,0,11,14,26,2,0,2,28
02/04/2023,HGR,MD,AEA,EN,Federal Contract Tower,0,0,7,4,11,0,3,29,5,37,0,3,36,9,48,10,0,10,58
02/05/2023,HGR,MD,AEA,EN,Federal Contract Tower,2,0,5,0,7,0,0,35,1,36,2,0,40,1,43,12,0,12,55
02/06/2023,HGR,MD,AEA,EN,Federal Contract Tower,2,0,4,6,12,0,1,12,6,19,2,1,16,12,31,6,0,6,37
02/07/2023,HGR,MD,AEA,EN,Federal Contract Tower,0,5,4,1,10,0,2,44,5,51,0,7,48,6,61,38,0,38,99
02/08/2023,HGR,MD,AEA,EN,Federal Contract Tower,0,1,11,4,16,0,11,47,21,79,0,12,58,25,95,30,8,38,133
02/09/2023,HGR,MD,AEA,EN,Federal Contract Tower,2,2,10,12,26,0,1,27,24,52,2,3,37,36,78,40,16,56,134
02/10/2023,HGR,MD,AEA,EN,Federal Contract Tower,2,0,14,5,21,0,1,27,15,43,2,1,41,20,64,16,0,16,80
02/11/2023,HGR,MD,AEA,EN,Federal Contract Tower,0,1,10,0,11,0,5,97,1,103,0,6,107,1,114,84,0,84,198
02/12/2023,HGR,MD,AEA,EN,Federal Contract Tower,2,0,5,0,7,0,0,42,0,42,2,0,47,0,49,24,0,24,73
02/13/2023,HGR,MD,AEA,EN,Federal Contract Tower,2,1,12,2,17,0,0,34,13,47,2,1,46,15,64,8,0,8,72
02/14/2023,HGR,MD,AEA,EN,Federal Contract Tower,0,4,18,5,27,0,3,68,6,77,0,7,86,11,104,76,0,76,180
02/15/2023,HGR,MD,AEA,EN,Federal Contract Tower,0,10,7,8,25,0,5,27,9,41,0,15,34,17,66,36,0,36,102
02/16/2023,HGR,MD,AEA,EN,Federal Contract Tower,2,7,10,2,21,0,1,7,4,12,2,8,17,6,33,0,0,0,33
02/17/2023,HGR,MD,AEA,EN,Federal Contract Tower,2,4,5,0,11,0,1,6,0,7,2,5,11,0,18,0,0,0,18
02/18/2023,HGR,MD,AEA,EN,Federal Contract Tower,0,0,6,0,6,0,2,66,2,70,0,2,72,2,76,44,0,44,120
02/19/2023,HGR,MD,AEA,EN,Federal Contract Tower,2,0,13,0,15,0,2,47,5,54,2,2,60,5,69,42,0,42,111
02/20/2023,HGR,MD,AEA,EN,Federal Contract Tower,2,5,9,2,18,0,15,71,0,86,2,20,80,2,104,10,0,10,114
02/21/2023,HGR,MD,AEA,EN,Federal Contract Tower,0,5,9,9,23,0,2,27,5,34,0,7,36,14,57,36,0,36,93
02/22/2023,HGR,MD,AEA,EN,Federal Contract Tower,0,8,7,10,25,0,5,21,9,35,0,13,28,19,60,14,6,20,80
02/23/2023,HGR,MD,AEA,EN,Federal Contract Tower,2,5,13,7,27,0,0,53,29,82,2,5,66,36,109,44,6,50,159
02/24/2023,HGR,MD,AEA,EN,Federal Contract Tower,2,6,8,10,26,0,1,18,5,24,2,7,26,15,50,0,0,0,50
02/25/2023,HGR,MD,AEA,EN,Federal Contract Tower,0,2,4,0,6,0,0,13,0,13,0,2,17,0,19,12,0,12,31
02/26/2023,HGR,MD,AEA,EN,Federal Contract Tower,2,0,7,0,9,0,0,28,0,28,2,0,35,0,37,32,0,32,69
02/27/2023,HGR,MD,AEA,EN,Federal Contract Tower,2,2,2,10,16,0,2,8,1,11,2,4,10,11,27,10,0,10,37
02/28/2023,HGR,MD,AEA,EN,Federal Contract Tower,0,4,11,6,21,0,5,23,6,34,0,9,34,12,55,14,0,14,69
03/01/2023,HGR,MD,AEA,EN,Federal Contract Tower,0,7,6,4,17,0,2,35,24,61,0,9,41,28,78,18,0,18,96
03/02/2023,HGR,MD,AEA,EN,Federal Contract Tower,2,2,12,1,17,0,2,37,14,53,2,4,49,15,70,24,0,24,94
03/03/2023,HGR,MD,AEA,EN,Federal Contract Tower,1,1,5,0,7,0,2,12,0,14,1,3,17,0,21,16,0,16,37
03/04/2023,HGR,MD,AEA,EN,Federal Contract Tower,0,0,4,0,4,0,0,5,3,8,0,0,9,3,12,6,8,14,26
03/05/2023,HGR,MD,AEA,EN,Federal Contract Tower,2,2,16,0,20,0,0,56,2,58,2,2,72,2,78,10,0,10,88
03/06/2023,HGR,MD,AEA,EN,Federal Contract Tower,0,4,10,2,16,0,3,77,7,87,0,7,87,9,103,132,0,132,235
03/07/2023,HGR,MD,AEA,EN,Federal Contract Tower,0,6,2,3,11,0,0,4,13,17,0,6,6,16,28,0,0,0,28
03/08/2023,HGR,MD,AEA,EN,Federal Contract Tower,0,4,2,3,9,0,3,25,22,50,0,7,27,25,59,8,0,8,67
03/09/2023,HGR,MD,AEA,EN,Federal Contract Tower,2,2,17,6,27,0,1,90,21,112,2,3,107,27,139,70,0,70,209
03/10/2023,HGR,MD,AEA,EN,Federal Contract Tower,0,1,7,2,10,0,0,3,0,3,0,1,10,2,13,0,0,0,13
03/11/2023,HGR,MD,AEA,EN,Federal Contract Tower,0,0,3,0,3,0,0,1,0,1,0,0,4,0,4,0,0,0,4
03/12/2023,HGR,MD,AEA,EN,Federal Contract Tower,2,0,5,0,7,0,37,0,0,37,2,37,5,0,44,22,0,22,66
03/13/2023,HGR,MD,AEA,EN,Federal Contract Tower,1,1,18,4,24,0,3,14,3,20,1,4,32,7,44,0,0,0,44
03/14/2023,HGR,MD,AEA,EN,Federal Contract Tower,0,3,3,1,7,0,3,11,0,14,0,6,14,1,21,0,0,0,21
03/15/2023,HGR,MD,AEA,EN,Federal Contract Tower,0,2,4,5,11,0,4,0,4,8,0,6,4,9,19,16,0,16,35
03/16/2023,HGR,MD,AEA,EN,Federal Contract Tower,2,2,15,2,21,0,6,111,4,121,2,8,126,6,142,84,0,84,226
03/17/2023,HGR,MD,AEA,EN,Federal Contract Tower,2,1,11,4,18,0,8,21,0,29,2,9,32,4,47,4,0,4,51
03/18/2023,HGR,MD,AEA,EN,Federal Contract Tower,0,0,2,0,2,0,3,25,0,28,0,3,27,0,30,10,0,10,40
03/19/2023,HGR,MD,AEA,EN,Federal Contract Tower,2,3,1,0,6,0,4,16,0,20,2,7,17,0,26,16,0,16,42
03/20/2023,HGR,MD,AEA,EN,Federal Contract Tower,2,6,21,1,30,0,4,84,16,104,2,10,105,17,134,56,4,60,194
03/21/2023,HGR,MD,AEA,EN,Federal Contract Tower,0,6,7,0,13,0,5,79,7,91,0,11,86,7,104,108,0,108,212
03/22/2023,HGR,MD,AEA,EN,Federal Contract Tower,0,5,5,4,14,0,9,59,11,79,0,14,64,15,93,68,0,68,161
03/23/2023,HGR,MD,AEA,EN,Federal Contract Tower,2,1,12,4,19,0,0,2,8,10,2,1,14,12,29,0,0,0,29
03/24/2023,HGR,MD,AEA,EN,Federal Contract Tower,2,1,8,8,19,0,0,6,0,6,2,1,14,8,25,12,0,12,37
03/25/2023,HGR,MD,AEA,EN,Federal Contract Tower,0,0,10,0,10,0,0,1,0,1,0,0,11,0,11,0,0,0,11
03/26/2023,HGR,MD,AEA,EN,Federal Contract Tower,2,0,19,0,21,0,0,83,1,84,2,0,102,1,105,46,0,46,151
03/27/2023,HGR,MD,AEA,EN,Federal Contract Tower,2,0,5,0,7,0,0,26,0,26,2,0,31,0,33,42,0,42,75
03/28/2023,HGR,MD,AEA,EN,Federal Contract Tower,0,2,6,13,21,0,4,39,11,54,0,6,45,24,75,6,6,12,87
03/29/2023,HGR,MD,AEA,EN,Federal Contract Tower,0,4,4,3,11,0,6,64,5,75,0,10,68,8,86,68,12,80,166
03/30/2023,HGR,MD,AEA,EN,Federal Contract Tower,2,1,15,8,26,0,2,91,17,110,2,3,106,25,136,74,0,74,210
03/31/2023,HGR,MD,AEA,EN,Federal Contract Tower,0,1,7,6,14,0,2,15,0,17,0,3,22,6,31,70,0,70,101
04/01/2023,HGR,MD,AEA,EN,Federal Contract Tower,0,0,0,0,0,0,0,0,0,0,0,0,0,0,0,0,0,0,0
04/02/2023,HGR,MD,AEA,EN,Federal Contract Tower,2,0,10,0,12,0,2,56,2,60,2,2,66,2,72,22,6,28,100
04/03/2023,HGR,MD,AEA,EN,Federal Contract Tower,2,0,6,0,8,0,2,30,0,32,2,2,36,0,40,6,0,6,46
04/04/2023,HGR,MD,AEA,EN,Federal Contract Tower,0,0,8,1,9,0,5,83,8,96,0,5,91,9,105,132,0,132,237
04/05/2023,HGR,MD,AEA,EN,Federal Contract Tower,0,1,12,6,19,0,7,38,5,50,0,8,50,11,69,40,0,40,109
04/06/2023,HGR,MD,AEA,EN,Federal Contract Tower,2,4,9,3,18,0,1,18,4,23,2,5,27,7,41,14,0,14,55
04/07/2023,HGR,MD,AEA,EN,Federal Contract Tower,2,1,9,0,12,0,0,22,7,29,2,1,31,7,41,12,0,12,53
04/08/2023,HGR,MD,AEA,EN,Federal Contract Tower,0,0,0,0,0,0,2,53,2,57,0,2,53,2,57,6,0,6,63
04/09/2023,HGR,MD,AEA,EN,Federal Contract Tower,2,0,3,0,5,0,3,18,4,25,2,3,21,4,30,0,0,0,30
04/10/2023,HGR,MD,AEA,EN,Federal Contract Tower,2,4,10,0,16,0,9,55,5,69,2,13,65,5,85,52,0,52,137
04/11/2023,HGR,MD,AEA,EN,Federal Contract Tower,0,4,4,0,8,0,10,66,23,99,0,14,70,23,107,72,0,72,179
04/12/2023,HGR,MD,AEA,EN,Federal Contract Tower,0,2,9,1,12,0,2,48,1,51,0,4,57,2,63,30,0,30,93
04/13/2023,HGR,MD,AEA,EN,Federal Contract Tower,2,4,4,3,13,0,2,70,5,77,2,6,74,8,90,78,0,78,168
04/14/2023,HGR,MD,AEA,EN,Federal Contract Tower,2,1,9,6,18,0,3,98,2,103,2,4,107,8,121,94,0,94,215
04/15/2023,HGR,MD,AEA,EN,Federal Contract Tower,0,2,10,0,12,0,0,12,1,13,0,2,22,1,25,20,0,20,45
04/16/2023,HGR,MD,AEA,EN,Federal Contract Tower,2,1,10,0,13,0,1,108,0,109,2,2,118,0,122,66,0,66,188
04/17/2023,HGR,MD,AEA,EN,Federal Contract Tower,2,0,5,1,8,0,6,16,8,30,2,6,21,9,38,4,0,4,42
04/18/2023,HGR,MD,AEA,EN,Federal Contract Tower,0,0,4,4,8,0,6,31,13,50,0,6,35,17,58,12,0,12,70
04/19/2023,HGR,MD,AEA,EN,Federal Contract Tower,0,0,11,3,14,0,4,64,17,85,0,4,75,20,99,40,0,40,139
04/20/2023,HGR,MD,AEA,EN,Federal Contract Tower,2,1,11,1,15,0,0,63,12,75,2,1,74,13,90,52,0,52,142
04/21/2023,HGR,MD,AEA,EN,Federal Contract Tower,2,0,11,0,13,0,3,38,7,48,2,3,49,7,61,26,0,26,87
04/22/2023,HGR,MD,AEA,EN,Federal Contract Tower,0,0,2,2,4,0,0,1,2,3,0,0,3,4,7,0,0,0,7
04/23/2023,HGR,MD,AEA,EN,Federal Contract Tower,2,1,12,0,15,0,8,31,4,43,2,9,43,4,58,10,0,10,68
04/24/2023,HGR,MD,AEA,EN,Federal Contract Tower,2,2,15,1,20,0,3,47,2,52,2,5,62,3,72,46,0,46,118
04/25/2023,HGR,MD,AEA,EN,Federal Contract Tower,0,3,13,2,18,0,4,77,6,87,0,7,90,8,105,74,0,74,179
04/26/2023,HGR,MD,AEA,EN,Federal Contract Tower,0,0,5,5,10,0,5,43,7,55,0,5,48,12,65,64,0,64,129
04/27/2023,HGR,MD,AEA,EN,Federal Contract Tower,2,1,14,6,23,0,4,49,1,54,2,5,63,7,77,20,0,20,97
04/28/2023,HGR,MD,AEA,EN,Federal Contract Tower,2,0,5,2,9,0,0,0,0,0,2,0,5,2,9,0,0,0,9
04/29/2023,HGR,MD,AEA,EN,Federal Contract Tower,0,1,19,0,20,0,0,22,0,22,0,1,41,0,42,0,0,0,42
04/30/2023,HGR,MD,AEA,EN,Federal Contract Tower,2,0,7,0,9,0,0,0,0,0,2,0,7,0,9,0,0,0,9
05/01/2023,HGR,MD,AEA,EN,Federal Contract Tower,2,0,7,3,12,0,0,3,2,5,2,0,10,5,17,0,6,6,23
05/02/2023,HGR,MD,AEA,EN,Federal Contract Tower,0,1,8,0,9,0,10,3,1,14,0,11,11,1,23,0,0,0,23
05/03/2023,HGR,MD,AEA,EN,Federal Contract Tower,0,3,9,8,20,0,1,11,0,12,0,4,20,8,32,8,0,8,40
05/04/2023,HGR,MD,AEA,EN,Federal Contract Tower,2,1,12,14,29,0,2,22,17,41,2,3,34,31,70,30,0,30,100
05/05/2023,HGR,MD,AEA,EN,Federal Contract Tower,2,2,9,5,18,0,4,94,3,101,2,6,103,8,119,58,2,60,179
05/06/2023,HGR,MD,AEA,EN,Federal Contract Tower,0,5,4,2,11,0,4,74,2,80,0,9,78,4,91,28,0,28,119
05/07/2023,HGR,MD,AEA,EN,Federal Contract Tower,2,0,12,0,14,0,3,54,0,57,2,3,66,0,71,10,0,10,81
05/08/2023,HGR,MD,AEA,EN,Federal Contract Tower,2,0,9,2,13,0,2,37,2,41,2,2,46,4,54,30,0,30,84
05/09/2023,HGR,MD,AEA,EN,Federal Contract Tower,0,1,14,5,20,0,8,44,0,52,0,9,58,5,72,42,0,42,114
05/10/2023,HGR,MD,AEA,EN,Federal Contract Tower,0,5,11,2,18,0,6,87,6,99,0,11,98,8,117,70,4,74,191
05/11/2023,HGR,MD,AEA,EN,Federal Contract Tower,2,0,13,2,17,0,5,80,4,89,2,5,93,6,106,64,0,64,170
05/12/2023,HGR,MD,AEA,EN,Federal Contract Tower,2,2,10,7,21,0,0,71,3,74,2,2,81,10,95,56,0,56,151
05/13/2023,HGR,MD,AEA,EN,Federal Contract Tower,0,0,8,1,9,0,1,14,0,15,0,1,22,1,24,22,0,22,46
05/14/2023,HGR,MD,AEA,EN,Federal Contract Tower,2,0,12,0,14,0,1,107,0,108,2,1,119,0,122,54,0,54,176
05/15/2023,HGR,MD,AEA,EN,Federal Contract Tower,2,0,7,4,13,0,3,69,0,72,2,3,76,4,85,36,0,36,121
05/16/2023,HGR,MD,AEA,EN,Federal Contract Tower,0,0,11,4,15,0,6,48,14,68,0,6,59,18,83,68,0,68,151
05/17/2023,HGR,MD,AEA,EN,Federal Contract Tower,0,4,3,4,11,0,4,55,12,71,0,8,58,16,82,20,0,20,102
05/18/2023,HGR,MD,AEA,EN,Federal Contract Tower,2,0,11,3,16,0,5,71,20,96,2,5,82,23,112,70,2,72,184
05/19/2023,HGR,MD,AEA,EN,Federal Contract Tower,2,1,21,0,24,0,0,43,2,45,2,1,64,2,69,18,0,18,87
05/20/2023,HGR,MD,AEA,EN,Federal Contract Tower,0,1,7,0,8,0,0,44,0,44,0,1,51,0,52,32,0,32,84
05/21/2023,HGR,MD,AEA,EN,Federal Contract Tower,2,0,6,0,8,0,94,0,0,94,2,94,6,0,102,28,0,28,130
05/22/2023,HGR,MD,AEA,EN,Federal Contract Tower,2,2,16,0,20,0,11,54,2,67,2,13,70,2,87,40,0,40,127
05/23/2023,HGR,MD,AEA,EN,Federal Contract Tower,0,2,19,2,23,0,3,68,14,85,0,5,87,16,108,140,2,142,250
05/24/2023,HGR,MD,AEA,EN,Federal Contract Tower,0,2,11,5,18,0,7,70,23,100,0,9,81,28,118,46,0,46,164
05/25/2023,HGR,MD,AEA,EN,Federal Contract Tower,2,0,17,1,20,0,6,63,12,81,2,6,80,13,101,24,0,24,125
05/26/2023,HGR,MD,AEA,EN,Federal Contract Tower,4,1,10,1,16,0,3,87,10,100,4,4,97,11,116,40,4,44,160
05/27/2023,HGR,MD,AEA,EN,Federal Contract Tower,0,0,14,0,14,0,1,52,5,58,0,1,66,5,72,0,0,0,72
05/28/2023,HGR,MD,AEA,EN,Federal Contract Tower,2,1,11,0,14,0,2,52,0,54,2,3,63,0,68,68,0,68,136
05/29/2023,HGR,MD,AEA,EN,Federal Contract Tower,4,0,2,0,6,0,2,32,0,34,4,2,34,0,40,52,0,52,92
05/30/2023,HGR,MD,AEA,EN,Federal Contract Tower,0,0,10,5,15,0,6,62,14,82,0,6,72,19,97,68,0,68,165
05/31/2023,HGR,MD,AEA,EN,Federal Contract Tower,0,0,10,6,16,0,5,49,9,63,0,5,59,15,79,44,0,44,123
06/01/2023,HGR,MD,AEA,EN,Federal Contract Tower,2,1,28,2,33,0,5,66,5,76,2,6,94,7,109,26,0,26,135
06/02/2023,HGR,MD,AEA,EN,Federal Contract Tower,4,0,10,4,18,0,1,56,1,58,4,1,66,5,76,6,0,6,82
06/03/2023,HGR,MD,AEA,EN,Federal Contract Tower,0,0,8,0,8,0,0,85,12,97,0,0,93,12,105,56,0,56,161
06/04/2023,HGR,MD,AEA,EN,Federal Contract Tower,2,0,20,0,22,0,0,51,0,51,2,0,71,0,73,42,0,42,115
06/05/2023,HGR,MD,AEA,EN,Federal Contract Tower,4,1,14,1,20,0,5,54,4,63,4,6,68,5,83,22,0,22,105
06/06/2023,HGR,MD,AEA,EN,Federal Contract Tower,0,1,4,7,12,0,6,32,16,54,0,7,36,23,66,0,8,8,74
06/07/2023,HGR,MD,AEA,EN,Federal Contract Tower,0,7,12,12,31,0,6,43,8,57,0,13,55,20,88,20,0,20,108
06/08/2023,HGR,MD,AEA,EN,Federal Contract Tower,2,1,15,4,22,0,4,20,0,24,2,5,35,4,46,4,0,4,50
06/09/2023,HGR,MD,AEA,EN,Federal Contract Tower,3,1,13,2,19,0,0,21,2,23,3,1,34,4,42,8,0,8,50
06/10/2023,HGR,MD,AEA,EN,Federal Contract Tower,0,0,7,0,7,0,0,56,1,57,0,0,63,1,64,46,0,46,110
06/11/2023,HGR,MD,AEA,EN,Federal Contract Tower,2,0,9,1,12,0,0,52,3,55,2,0,61,4,67,12,0,12,79
06/12/2023,HGR,MD,AEA,EN,Federal Contract Tower,4,1,11,3,19,0,4,0,1,5,4,5,11,4,24,0,0,0,24
06/13/2023,HGR,MD,AEA,EN,Federal Contract Tower,0,0,10,2,12,0,5,69,0,74,0,5,79,2,86,52,0,52,138
06/14/2023,HGR,MD,AEA,EN,Federal Contract Tower,0,2,5,8,15,0,8,8,2,18,0,10,13,10,33,6,0,6,39
06/15/2023,HGR,MD,AEA,EN,Federal Contract Tower,2,0,17,4,23,0,3,95,26,124,2,3,112,30,147,44,2,46,193
06/16/2023,HGR,MD,AEA,EN,Federal Contract Tower,4,0,5,0,9,0,0,4,0,4,4,0,9,0,13,0,0,0,13
06/17/2023,HGR,MD,AEA,EN,Federal Contract Tower,0,1,14,0,15,0,2,84,0,86,0,3,98,0,101,4,0,4,105
06/18/2023,HGR,MD,AEA,EN,Federal Contract Tower,2,2,13,0,17,0,0,122,0,122,2,2,135,0,139,38,0,38,177
06/19/2023,HGR,MD,AEA,EN,Federal Contract Tower,4,2,7,0,13,0,2,45,0,47,4,4,52,0,60,32,0,32,92
06/20/2023,HGR,MD,AEA,EN,Federal Contract Tower,0,0,9,3,12,0,2,45,6,53,0,2,54,9,65,36,0,36,101
06/21/2023,HGR,MD,AEA,EN,Federal Contract Tower,0,4,7,2,13,0,4,24,0,28,0,8,31,2,41,44,0,44,85
06/22/2023,HGR,MD,AEA,EN,Federal Contract Tower,2,2,21,0,25,0,0,0,0,0,2,2,21,0,25,0,0,0,25
06/23/2023,HGR,MD,AEA,EN,Federal Contract Tower,5,0,11,3,19,0,0,1,0,1,5,0,12,3,20,0,0,0,20
06/24/2023,HGR,MD,AEA,EN,Federal Contract Tower,0,0,11,2,13,0,0,32,2,34,0,0,43,4,47,16,0,16,63
06/25/2023,HGR,MD,AEA,EN,Federal Contract Tower,2,0,15,0,17,0,4,53,4,61,2,4,68,4,78,22,0,22,100
06/26/2023,HGR,MD,AEA,EN,Federal Contract Tower,4,0,12,2,18,0,10,35,2,47,4,10,47,4,65,18,0,18,83
06/27/2023,HGR,MD,AEA,EN,Federal Contract Tower,0,0,13,3,16,0,9,34,25,68,0,9,47,28,84,40,16,56,140
06/28/2023,HGR,MD,AEA,EN,Federal Contract Tower,0,1,18,20,39,0,6,20,4,30,0,7,38,24,69,30,0,30,99
06/29/2023,HGR,MD,AEA,EN,Federal Contract Tower,2,1,45,13,61,0,0,2,0,2,2,1,47,13,63,0,0,0,63
06/30/2023,HGR,MD,AEA,EN,Federal Contract Tower,4,0,14,10,28,0,0,8,6,14,4,0,22,16,42,8,0,8,50
07/01/2023,HGR,MD,AEA,EN,Federal Contract Tower,0,0,10,1,11,0,0,13,30,43,0,0,23,31,54,0,20,20,74
07/02/2023,HGR,MD,AEA,EN,Federal Contract Tower,2,0,2,0,4,0,1,11,66,78,2,1,13,66,82,0,112,112,194
07/03/2023,HGR,MD,AEA,EN,Federal Contract Tower,4,0,4,0,8,0,3,14,72,89,4,3,18,72,97,16,114,130,227
07/04/2023,HGR,MD,AEA,EN,Federal Contract Tower,0,0,3,1,4,0,3,32,57,92,0,3,35,58,96,10,256,266,362
07/05/2023,HGR,MD,AEA,EN,Federal Contract Tower,0,0,8,0,8,0,6,42,43,91,0,6,50,43,99,10,203,213,312
07/06/2023,HGR,MD,AEA,EN,Federal Contract Tower,2,1,12,1,16,0,4,50,45,99,2,5,62,46,115,36,224,260,375
07/07/2023,HGR,MD,AEA,EN,Federal Contract Tower,3,2,5,3,13,0,1,29,52,82,3,3,34,55,95,28,102,130,225
07/08/2023,HGR,MD,AEA,EN,Federal Contract Tower,0,2,7,3,12,0,1,52,18,71,0,3,59,21,83,8,40,48,131
07/09/2023,HGR,MD,AEA,EN,Federal Contract Tower,2,0,6,0,8,0,1,7,0,8,2,1,13,0,16,0,0,0,16
07/10/2023,HGR,MD,AEA,EN,Federal Contract Tower,4,4,13,1,22,0,4,43,15,62,4,8,56,16,84,20,0,20,104
07/11/2023,HGR,MD,AEA,EN,Federal Contract Tower,0,0,10,6,16,0,4,68,16,88,0,4,78,22,104,60,10,70,174
07/12/2023,HGR,MD,AEA,EN,Federal Contract Tower,0,2,12,3,17,0,8,99,35,142,0,10,111,38,159,54,16,70,229
07/13/2023,HGR,MD,AEA,EN,Federal Contract Tower,2,2,4,8,16,0,2,30,21,53,2,4,34,29,69,0,0,0,69
07/14/2023,HGR,MD,AEA,EN,Federal Contract Tower,2,1,2,5,10,0,1,37,6,44,2,2,39,11,54,28,0,28,82
07/15/2023,HGR,MD,AEA,EN,Federal Contract Tower,0,1,11,0,12,0,1,61,3,65,0,2,72,3,77,4,10,14,91
07/16/2023,HGR,MD,AEA,EN,Federal Contract Tower,2,1,10,0,13,0,3,13,4,20,2,4,23,4,33,0,0,0,33
07/17/2023,HGR,MD,AEA,EN,Federal Contract Tower,4,0,8,4,16,0,0,26,7,33,4,0,34,11,49,20,0,20,69
07/18/2023,HGR,MD,AEA,EN,Federal Contract Tower,0,0,10,6,16,0,2,37,5,44,0,2,47,11,60,0,0,0,60
07/19/2023,HGR,MD,AEA,EN,Federal Contract Tower,0,2,17,5,24,0,3,65,24,92,0,5,82,29,116,72,0,72,188
07/20/2023,HGR,MD,AEA,EN,Federal Contract Tower,2,1,13,7,23,0,4,61,16,81,2,5,74,23,104,6,0,6,110
07/21/2023,HGR,MD,AEA,EN,Federal Contract Tower,4,3,14,9,30,0,2,26,2,30,4,5,40,11,60,40,0,40,100
07/22/2023,HGR,MD,AEA,EN,Federal Contract Tower,0,2,10,0,12,0,0,119,0,119,0,2,129,0,131,28,0,28,159
07/23/2023,HGR,MD,AEA,EN,Federal Contract Tower,2,0,11,1,14,0,1,62,1,64,2,1,73,2,78,34,0,34,112
07/24/2023,HGR,MD,AEA,EN,Federal Contract Tower,4,1,11,4,20,0,7,29,1,37,4,8,40,5,57,16,0,16,73
07/25/2023,HGR,MD,AEA,EN,Federal Contract Tower,0,0,11,1,12,0,10,40,2,52,0,10,51,3,64,38,0,38,102
07/26/2023,HGR,MD,AEA,EN,Federal Contract Tower,0,0,12,6,18,0,8,59,22,89,0,8,71,28,107,46,4,50,157
07/27/2023,HGR,MD,AEA,EN,Federal Contract Tower,2,1,4,2,9,0,3,48,8,59,2,4,52,10,68,16,0,16,84
07/28/2023,HGR,MD,AEA,EN,Federal Contract Tower,4,1,12,2,19,0,3,21,5,29,4,4,33,7,48,14,4,18,66
07/29/2023,HGR,MD,AEA,EN,Federal Contract Tower,0,0,5,0,5,0,2,22,0,24,0,2,27,0,29,16,0,16,45
07/30/2023,HGR,MD,AEA,EN,Federal Contract Tower,2,2,20,0,24,0,0,70,0,70,2,2,90,0,94,8,0,8,102
07/31/2023,HGR,MD,AEA,EN,Federal Contract Tower,3,1,10,0,14,0,0,45,10,55,3,1,55,10,69,42,0,42,111
08/01/2023,HGR,MD,AEA,EN,Federal Contract Tower,0,0,13,2,15,0,6,77,15,98,0,6,90,17,113,52,0,52,165
08/02/2023,HGR,MD,AEA,EN,Federal Contract Tower,0,2,16,3,21,0,5,62,26,93,0,7,78,29,114,24,2,26,140
08/03/2023,HGR,MD,AEA,EN,Federal Contract Tower,2,1,9,2,14,0,4,70,7,81,2,5,79,9,95,28,0,28,123
08/04/2023,HGR,MD,AEA,EN,Federal Contract Tower,4,1,22,2,29,0,3,48,0,51,4,4,70,2,80,26,0,26,106
08/05/2023,HGR,MD,AEA,EN,Federal Contract Tower,0,0,14,0,14,0,2,70,0,72,0,2,84,0,86,24,0,24,110
08/06/2023,HGR,MD,AEA,EN,Federal Contract Tower,2,0,6,0,8,0,3,93,2,98,2,3,99,2,106,38,0,38,144
08/07/2023,HGR,MD,AEA,EN,Federal Contract Tower,3,1,15,0,19,0,0,38,0,38,3,1,53,0,57,16,0,16,73
08/08/2023,HGR,MD,AEA,EN,Federal Contract Tower,0,0,13,6,19,0,6,45,5,56,0,6,58,11,75,32,0,32,107
08/09/2023,HGR,MD,AEA,EN,Federal Contract Tower,0,0,17,5,22,0,3,82,14,99,0,3,99,19,121,30,4,34,155
08/10/2023,HGR,MD,AEA,EN,Federal Contract Tower,2,3,11,15,31,0,0,5,2,7,2,3,16,17,38,0,0,0,38
08/11/2023,HGR,MD,AEA,EN,Federal Contract Tower,4,0,11,4,19,0,1,46,8,55,4,1,57,12,74,32,0,32,106
08/12/2023,HGR,MD,AEA,EN,Federal Contract Tower,0,2,4,0,6,0,1,64,0,65,0,3,68,0,71,108,0,108,179
08/13/2023,HGR,MD,AEA,EN,Federal Contract Tower,2,1,9,0,12,0,0,47,5,52,2,1,56,5,64,28,2,30,94
08/14/2023,HGR,MD,AEA,EN,Federal Contract Tower,3,0,7,3,13,0,2,36,2,40,3,2,43,5,53,58,0,58,111
08/15/2023,HGR,MD,AEA,EN,Federal Contract Tower,0,2,16,2,20,0,5,50,5,60,0,7,66,7,80,46,0,46,126
08/16/2023,HGR,MD,AEA,EN,Federal Contract Tower,0,1,20,9,30,0,7,75,17,99,0,8,95,26,129,86,0,86,215
08/17/2023,HGR,MD,AEA,EN,Federal Contract Tower,0,3,4,5,12,0,3,25,14,42,0,6,29,19,54,8,0,8,62
08/18/2023,HGR,MD,AEA,EN,Federal Contract Tower,4,0,10,2,16,0,1,27,6,34,4,1,37,8,50,24,0,24,74
08/19/2023,HGR,MD,AEA,EN,Federal Contract Tower,0,0,5,0,5,0,1,176,8,185,0,1,181,8,190,6,4,10,200
08/20/2023,HGR,MD,AEA,EN,Federal Contract Tower,0,0,14,0,14,0,2,85,0,87,0,2,99,0,101,78,0,78,179
08/21/2023,HGR,MD,AEA,EN,Federal Contract Tower,4,1,13,6,24,0,2,43,4,49,4,3,56,10,73,38,0,38,111
08/22/2023,HGR,MD,AEA,EN,Federal Contract Tower,0,4,6,0,10,0,4,40,4,48,0,8,46,4,58,2,0,2,60
08/23/2023,HGR,MD,AEA,EN,Federal Contract Tower,0,3,11,4,18,0,5,62,12,79,0,8,73,16,97,78,0,78,175
08/24/2023,HGR,MD,AEA,EN,Federal Contract Tower,0,0,5,6,11,0,3,33,10,46,0,3,38,16,57,48,0,48,105
08/25/2023,HGR,MD,AEA,EN,Federal Contract Tower,4,3,9,1,17,0,0,31,2,33,4,3,40,3,50,28,0,28,78
08/26/2023,HGR,MD,AEA,EN,Federal Contract Tower,0,0,10,2,12,0,0,40,0,40,0,0,50,2,52,0,0,0,52
08/27/2023,HGR,MD,AEA,EN,Federal Contract Tower,0,0,1,0,1,0,0,37,5,42,0,0,38,5,43,6,0,6,49
08/28/2023,HGR,MD,AEA,EN,Federal Contract Tower,4,0,14,7,25,0,2,45,3,50,4,2,59,10,75,32,0,32,107
08/29/2023,HGR,MD,AEA,EN,Federal Contract Tower,0,2,23,4,29,0,1,21,0,22,0,3,44,4,51,10,0,10,61
08/30/2023,HGR,MD,AEA,EN,Federal Contract Tower,0,3,14,5,22,0,4,42,7,53,0,7,56,12,75,24,0,24,99
08/31/2023,HGR,MD,AEA,EN,Federal Contract Tower,0,2,7,5,14,0,0,72,1,73,0,2,79,6,87,30,0,30,117
