01/01/2000,HHR,CA,AWP,WE,Federal Contract Tower,0,1,12,0,13,0,0,25,0,25,0,1,37,0,38,39,0,39,77
01/02/2000,HHR,CA,AWP,WE,Federal Contract Tower,0,2,8,0,10,0,0,33,0,33,0,2,41,0,43,90,0,90,133
01/03/2000,HHR,CA,AWP,WE,Federal Contract Tower,0,1,5,0,6,0,3,50,0,53,0,4,55,0,59,52,0,52,111
01/04/2000,HHR,CA,AWP,WE,Federal Contract Tower,0,3,5,0,8,0,2,76,0,78,0,5,81,0,86,40,0,40,126
01/05/2000,HHR,CA,AWP,WE,Federal Contract Tower,0,3,14,0,17,0,0,62,0,62,0,3,76,0,79,56,0,56,135
01/06/2000,HHR,CA,AWP,WE,Federal Contract Tower,0,2,6,0,8,0,0,74,0,74,0,2,80,0,82,97,0,97,179
01/07/2000,HHR,CA,AWP,WE,Federal Contract Tower,0,2,11,0,13,0,2,75,0,77,0,4,86,0,90,56,0,56,146
01/08/2000,HHR,CA,AWP,WE,Federal Contract Tower,0,2,7,0,9,0,0,80,0,80,0,2,87,0,89,120,0,120,209
01/09/2000,HHR,CA,AWP,WE,Federal Contract Tower,0,2,9,0,11,0,2,84,0,86,0,4,93,0,97,150,0,150,247
01/10/2000,HHR,CA,AWP,WE,Federal Contract Tower,0,2,22,0,24,0,0,28,0,28,0,2,50,0,52,84,0,84,136
01/11/2000,HHR,CA,AWP,WE,Federal Contract Tower,0,2,16,0,18,0,0,65,0,65,0,2,81,0,83,74,0,74,157
01/12/2000,HHR,CA,AWP,WE,Federal Contract Tower,0,2,24,0,26,0,0,34,0,34,0,2,58,0,60,25,0,25,85
01/13/2000,HHR,CA,AWP,WE,Federal Contract Tower,0,0,4,0,4,0,2,75,0,77,0,2,79,0,81,96,0,96,177
01/14/2000,HHR,CA,AWP,WE,Federal Contract Tower,0,1,7,0,8,0,3,80,0,83,0,4,87,0,91,200,0,200,291
01/15/2000,HHR,CA,AWP,WE,Federal Contract Tower,0,1,13,0,14,0,0,71,0,71,0,1,84,0,85,149,0,149,234
01/16/2000,HHR,CA,AWP,WE,Federal Contract Tower,0,0,5,0,5,0,2,46,0,48,0,2,51,0,53,54,0,54,107
01/17/2000,HHR,CA,AWP,WE,Federal Contract Tower,0,0,16,0,16,0,0,45,0,45,0,0,61,0,61,124,0,124,185
01/18/2000,HHR,CA,AWP,WE,Federal Contract Tower,0,0,11,0,11,0,0,73,0,73,0,0,84,0,84,58,0,58,142
01/19/2000,HHR,CA,AWP,WE,Federal Contract Tower,0,0,2,0,2,0,2,111,2,115,0,2,113,2,117,130,0,130,247
01/20/2000,HHR,CA,AWP,WE,Federal Contract Tower,0,1,9,0,10,0,3,71,0,74,0,4,80,0,84,81,0,81,165
01/21/2000,HHR,CA,AWP,WE,Federal Contract Tower,0,3,21,0,24,0,0,65,2,67,0,3,86,2,91,139,0,139,230
01/22/2000,HHR,CA,AWP,WE,Federal Contract Tower,0,4,23,0,27,0,6,54,0,60,0,10,77,0,87,88,0,88,175
01/23/2000,HHR,CA,AWP,WE,Federal Contract Tower,0,3,19,0,22,0,4,40,0,44,0,7,59,0,66,103,0,103,169
01/24/2000,HHR,CA,AWP,WE,Federal Contract Tower,0,0,11,0,11,0,0,56,0,56,0,0,67,0,67,91,0,91,158
01/25/2000,HHR,CA,AWP,WE,Federal Contract Tower,0,3,30,0,33,0,0,0,0,0,0,3,30,0,33,0,0,0,33
01/26/2000,HHR,CA,AWP,WE,Federal Contract Tower,0,1,12,0,13,0,2,94,1,97,0,3,106,1,110,124,0,124,234
01/27/2000,HHR,CA,AWP,WE,Federal Contract Tower,0,0,14,0,14,0,0,82,0,82,0,0,96,0,96,105,0,105,201
01/28/2000,HHR,CA,AWP,WE,Federal Contract Tower,0,1,9,0,10,0,1,116,0,117,0,2,125,0,127,172,0,172,299
01/29/2000,HHR,CA,AWP,WE,Federal Contract Tower,0,0,12,0,12,0,0,55,0,55,0,0,67,0,67,223,0,223,290
01/30/2000,HHR,CA,AWP,WE,Federal Contract Tower,0,0,17,0,17,0,0,20,0,20,0,0,37,0,37,216,0,216,253
01/31/2000,HHR,CA,AWP,WE,Federal Contract Tower,0,2,25,0,27,0,0,41,0,41,0,2,66,0,68,162,0,162,230
02/01/2000,HHR,CA,AWP,WE,Federal Contract Tower,0,1,7,0,8,0,0,85,0,85,0,1,92,0,93,150,0,150,243
02/02/2000,HHR,CA,AWP,WE,Federal Contract Tower,0,2,7,0,9,0,0,96,0,96,0,2,103,0,105,134,0,134,239
02/03/2000,HHR,CA,AWP,WE,Federal Contract Tower,0,0,8,0,8,0,0,83,0,83,0,0,91,0,91,63,0,63,154
02/04/2000,HHR,CA,AWP,WE,Federal Contract Tower,0,3,24,0,27,0,0,40,0,40,0,3,64,0,67,201,0,201,268
02/05/2000,HHR,CA,AWP,WE,Federal Contract Tower,0,0,23,0,23,0,0,48,0,48,0,0,71,0,71,179,0,179,250
02/06/2000,HHR,CA,AWP,WE,Federal Contract Tower,0,0,11,0,11,0,0,78,0,78,0,0,89,0,89,84,0,84,173
02/07/2000,HHR,CA,AWP,WE,Federal Contract Tower,0,0,11,0,11,0,0,54,0,54,0,0,65,0,65,81,0,81,146
02/08/2000,HHR,CA,AWP,WE,Federal Contract Tower,0,1,11,0,12,0,0,61,0,61,0,1,72,0,73,50,4,54,127
02/09/2000,HHR,CA,AWP,WE,Federal Contract Tower,0,2,26,0,28,0,0,29,6,35,0,2,55,6,63,68,60,128,191
02/10/2000,HHR,CA,AWP,WE,Federal Contract Tower,0,2,34,0,36,0,0,11,0,11,0,2,45,0,47,14,0,14,61
02/11/2000,HHR,CA,AWP,WE,Federal Contract Tower,0,2,23,0,25,0,1,46,0,47,0,3,69,0,72,177,0,177,249
02/12/2000,HHR,CA,AWP,WE,Federal Contract Tower,0,1,16,0,17,0,0,66,0,66,0,1,82,0,83,132,0,132,215
02/13/2000,HHR,CA,AWP,WE,Federal Contract Tower,0,1,16,0,17,0,1,5,0,6,0,2,21,0,23,52,0,52,75
02/14/2000,HHR,CA,AWP,WE,Federal Contract Tower,0,3,30,0,33,0,0,0,0,0,0,3,30,0,33,57,0,57,90
02/15/2000,HHR,CA,AWP,WE,Federal Contract Tower,0,2,28,0,30,0,0,46,0,46,0,2,74,0,76,153,0,153,229
02/16/2000,HHR,CA,AWP,WE,Federal Contract Tower,0,1,32,0,33,0,0,20,0,20,0,1,52,0,53,16,0,16,69
02/17/2000,HHR,CA,AWP,WE,Federal Contract Tower,0,1,9,0,10,0,1,86,0,87,0,2,95,0,97,88,0,88,185
02/18/2000,HHR,CA,AWP,WE,Federal Contract Tower,0,1,9,0,10,0,1,93,0,94,0,2,102,0,104,202,0,202,306
02/19/2000,HHR,CA,AWP,WE,Federal Contract Tower,0,0,9,0,9,0,4,124,0,128,0,4,133,0,137,114,0,114,251
02/20/2000,HHR,CA,AWP,WE,Federal Contract Tower,0,0,4,0,4,0,1,0,0,1,0,1,4,0,5,46,0,46,51
02/21/2000,HHR,CA,AWP,WE,Federal Contract Tower,0,2,19,0,21,0,3,13,0,16,0,5,32,0,37,30,0,30,67
02/22/2000,HHR,CA,AWP,WE,Federal Contract Tower,0,2,23,0,25,0,4,66,0,70,0,6,89,0,95,116,0,116,211
02/23/2000,HHR,CA,AWP,WE,Federal Contract Tower,0,3,27,0,30,0,1,7,0,8,0,4,34,0,38,4,0,4,42
02/24/2000,HHR,CA,AWP,WE,Federal Contract Tower,0,1,15,0,16,0,1,128,0,129,0,2,143,0,145,94,0,94,239
02/25/2000,HHR,CA,AWP,WE,Federal Contract Tower,0,3,25,0,28,0,1,98,0,99,0,4,123,0,127,137,0,137,264
02/26/2000,HHR,CA,AWP,WE,Federal Contract Tower,0,1,16,0,17,0,2,124,0,126,0,3,140,0,143,174,0,174,317
02/27/2000,HHR,CA,AWP,WE,Federal Contract Tower,0,1,15,0,16,0,1,22,0,23,0,2,37,0,39,32,0,32,71
02/28/2000,HHR,CA,AWP,WE,Federal Contract Tower,0,1,9,0,10,0,1,120,0,121,0,2,129,0,131,128,0,128,259
02/29/2000,HHR,CA,AWP,WE,Federal Contract Tower,0,2,16,0,18,0,2,97,0,99,0,4,113,0,117,125,0,125,242
03/01/2000,HHR,CA,AWP,WE,Federal Contract Tower,0,2,11,0,13,0,4,110,0,114,0,6,121,0,127,147,0,147,274
03/02/2000,HHR,CA,AWP,WE,Federal Contract Tower,0,4,12,0,16,0,2,119,0,121,0,6,131,0,137,142,0,142,279
03/03/2000,HHR,CA,AWP,WE,Federal Contract Tower,0,2,13,0,15,0,0,70,0,70,0,2,83,0,85,20,0,20,105
03/04/2000,HHR,CA,AWP,WE,Federal Contract Tower,0,0,19,0,19,0,0,67,0,67,0,0,86,0,86,167,0,167,253
03/05/2000,HHR,CA,AWP,WE,Federal Contract Tower,0,0,5,0,5,0,0,15,0,15,0,0,20,0,20,24,0,24,44
03/06/2000,HHR,CA,AWP,WE,Federal Contract Tower,0,2,19,0,21,0,0,60,0,60,0,2,79,0,81,178,0,178,259
03/07/2000,HHR,CA,AWP,WE,Federal Contract Tower,0,3,18,0,21,0,1,67,0,68,0,4,85,0,89,100,0,100,189
03/08/2000,HHR,CA,AWP,WE,Federal Contract Tower,0,2,25,0,27,0,0,20,0,20,0,2,45,0,47,0,0,0,47
03/09/2000,HHR,CA,AWP,WE,Federal Contract Tower,0,3,17,0,20,0,5,71,0,76,0,8,88,0,96,133,0,133,229
03/10/2000,HHR,CA,AWP,WE,Federal Contract Tower,0,3,13,0,16,0,1,127,0,128,0,4,140,0,144,232,0,232,376
03/11/2000,HHR,CA,AWP,WE,Federal Contract Tower,0,0,13,0,13,0,0,183,0,183,0,0,196,0,196,247,0,247,443
03/12/2000,HHR,CA,AWP,WE,Federal Contract Tower,0,2,11,0,13,0,0,107,0,107,0,2,118,0,120,244,0,244,364
03/13/2000,HHR,CA,AWP,WE,Federal Contract Tower,0,2,27,0,29,0,0,38,0,38,0,2,65,0,67,30,0,30,97
03/14/2000,HHR,CA,AWP,WE,Federal Contract Tower,0,4,28,0,32,0,0,45,0,45,0,4,73,0,77,60,0,60,137
03/15/2000,HHR,CA,AWP,WE,Federal Contract Tower,0,3,41,0,44,0,0,22,0,22,0,3,63,0,66,128,0,128,194
03/16/2000,HHR,CA,AWP,WE,Federal Contract Tower,0,3,21,0,24,0,0,64,0,64,0,3,85,0,88,156,0,156,244
03/17/2000,HHR,CA,AWP,WE,Federal Contract Tower,0,2,17,0,19,0,0,100,0,100,0,2,117,0,119,132,0,132,251
03/18/2000,HHR,CA,AWP,WE,Federal Contract Tower,0,1,14,0,15,0,0,97,0,97,0,1,111,0,112,208,0,208,320
03/19/2000,HHR,CA,AWP,WE,Federal Contract Tower,0,0,6,0,6,0,0,113,0,113,0,0,119,0,119,232,0,232,351
03/20/2000,HHR,CA,AWP,WE,Federal Contract Tower,0,1,10,0,11,0,1,68,0,69,0,2,78,0,80,67,0,67,147
03/21/2000,HHR,CA,AWP,WE,Federal Contract Tower,0,2,14,0,16,0,1,95,0,96,0,3,109,0,112,158,0,158,270
03/22/2000,HHR,CA,AWP,WE,Federal Contract Tower,0,2,15,0,17,0,6,84,0,90,0,8,99,0,107,88,0,88,195
03/23/2000,HHR,CA,AWP,WE,Federal Contract Tower,0,1,14,0,15,0,1,102,4,107,0,2,116,4,122,84,0,84,206
03/24/2000,HHR,CA,AWP,WE,Federal Contract Tower,0,1,12,0,13,0,4,87,0,91,0,5,99,0,104,242,0,242,346
03/25/2000,HHR,CA,AWP,WE,Federal Contract Tower,0,2,20,0,22,0,0,62,0,62,0,2,82,0,84,142,0,142,226
03/26/2000,HHR,CA,AWP,WE,Federal Contract Tower,0,1,15,0,16,0,0,66,0,66,0,1,81,0,82,178,0,178,260
03/27/2000,HHR,CA,AWP,WE,Federal Contract Tower,0,2,14,0,16,0,1,62,0,63,0,3,76,0,79,175,0,175,254
03/28/2000,HHR,CA,AWP,WE,Federal Contract Tower,0,2,20,0,22,0,2,63,0,65,0,4,83,0,87,140,0,140,227
03/29/2000,HHR,CA,AWP,WE,Federal Contract Tower,0,2,16,0,18,0,0,70,0,70,0,2,86,0,88,169,0,169,257
03/30/2000,HHR,CA,AWP,WE,Federal Contract Tower,0,2,14,0,16,0,2,90,0,92,0,4,104,0,108,136,0,136,244
03/31/2000,HHR,CA,AWP,WE,Federal Contract Tower,0,0,6,0,6,0,2,89,0,91,0,2,95,0,97,88,0,88,185
04/01/2000,HHR,CA,AWP,WE,Federal Contract Tower,0,0,2,0,2,0,0,64,0,64,0,0,66,0,66,152,0,152,218
04/02/2000,HHR,CA,AWP,WE,Federal Contract Tower,0,0,8,0,8,0,0,92,0,92,0,0,100,0,100,130,0,130,230
04/03/2000,HHR,CA,AWP,WE,Federal Contract Tower,0,3,14,1,18,0,4,86,19,109,0,7,100,20,127,142,0,142,269
04/04/2000,HHR,CA,AWP,WE,Federal Contract Tower,0,1,16,0,17,0,0,66,0,66,0,1,82,0,83,88,0,88,171
04/05/2000,HHR,CA,AWP,WE,Federal Contract Tower,0,2,16,0,18,0,0,57,0,57,0,2,73,0,75,82,0,82,157
04/06/2000,HHR,CA,AWP,WE,Federal Contract Tower,0,1,19,0,20,0,0,53,0,53,0,1,72,0,73,216,0,216,289
04/07/2000,HHR,CA,AWP,WE,Federal Contract Tower,0,2,31,0,33,0,0,76,0,76,0,2,107,0,109,174,0,174,283
04/08/2000,HHR,CA,AWP,WE,Federal Contract Tower,0,0,10,0,10,0,0,52,0,52,0,0,62,0,62,146,0,146,208
04/09/2000,HHR,CA,AWP,WE,Federal Contract Tower,0,0,9,0,9,0,0,125,0,125,0,0,134,0,134,233,0,233,367
04/10/2000,HHR,CA,AWP,WE,Federal Contract Tower,0,3,22,0,25,0,0,80,4,84,0,3,102,4,109,232,0,232,341
04/11/2000,HHR,CA,AWP,WE,Federal Contract Tower,0,2,11,0,13,0,0,93,2,95,0,2,104,2,108,146,0,146,254
04/12/2000,HHR,CA,AWP,WE,Federal Contract Tower,0,3,21,0,24,0,0,61,0,61,0,3,82,0,85,174,0,174,259
04/13/2000,HHR,CA,AWP,WE,Federal Contract Tower,0,3,19,0,22,0,0,84,0,84,0,3,103,0,106,142,0,142,248
04/14/2000,HHR,CA,AWP,WE,Federal Contract Tower,0,3,28,0,31,0,2,62,0,64,0,5,90,0,95,158,0,158,253
04/15/2000,HHR,CA,AWP,WE,Federal Contract Tower,0,2,15,0,17,0,5,57,0,62,0,7,72,0,79,149,0,149,228
04/16/2000,HHR,CA,AWP,WE,Federal Contract Tower,0,1,13,0,14,0,1,67,1,69,0,2,80,1,83,130,0,130,213
04/17/2000,HHR,CA,AWP,WE,Federal Contract Tower,0,2,16,0,18,0,0,19,0,19,0,2,35,0,37,14,0,14,51
04/18/2000,HHR,CA,AWP,WE,Federal Contract Tower,0,2,19,0,21,0,1,34,0,35,0,3,53,0,56,37,0,37,93
04/19/2000,HHR,CA,AWP,WE,Federal Contract Tower,0,1,9,0,10,0,2,99,0,101,0,3,108,0,111,106,0,106,217
04/20/2000,HHR,CA,AWP,WE,Federal Contract Tower,0,0,8,0,8,0,2,93,0,95,0,2,101,0,103,156,0,156,259
04/21/2000,HHR,CA,AWP,WE,Federal Contract Tower,0,2,25,0,27,0,0,43,0,43,0,2,68,0,70,72,0,72,142
04/22/2000,HHR,CA,AWP,WE,Federal Contract Tower,0,1,29,0,30,0,0,60,0,60,0,1,89,0,90,100,0,100,190
04/23/2000,HHR,CA,AWP,WE,Federal Contract Tower,0,1,15,0,16,0,0,66,0,66,0,1,81,0,82,101,0,101,183
04/24/2000,HHR,CA,AWP,WE,Federal Contract Tower,0,2,21,0,23,0,0,72,2,74,0,2,93,2,97,66,0,66,163
04/25/2000,HHR,CA,AWP,WE,Federal Contract Tower,0,1,13,0,14,0,0,116,0,116,0,1,129,0,130,101,0,101,231
04/26/2000,HHR,CA,AWP,WE,Federal Contract Tower,0,2,21,0,23,0,0,101,0,101,0,2,122,0,124,165,0,165,289
04/27/2000,HHR,CA,AWP,WE,Federal Contract Tower,0,2,27,0,29,0,0,57,0,57,0,2,84,0,86,140,0,140,226
04/28/2000,HHR,CA,AWP,WE,Federal Contract Tower,0,2,26,0,28,0,0,44,0,44,0,2,70,0,72,120,0,120,192
04/29/2000,HHR,CA,AWP,WE,Federal Contract Tower,0,1,13,0,14,0,0,77,0,77,0,1,90,0,91,150,0,150,241
04/30/2000,HHR,CA,AWP,WE,Federal Contract Tower,0,2,19,0,21,0,3,114,0,117,0,5,133,0,138,167,0,167,305
05/01/2000,HHR,CA,AWP,WE,Federal Contract Tower,0,2,12,0,14,0,3,72,0,75,0,5,84,0,89,95,0,95,184
05/02/2000,HHR,CA,AWP,WE,Federal Contract Tower,0,3,15,0,18,0,8,88,0,96,0,11,103,0,114,110,0,110,224
05/03/2000,HHR,CA,AWP,WE,Federal Contract Tower,0,3,15,0,18,0,9,109,0,118,0,12,124,0,136,106,0,106,242
05/04/2000,HHR,CA,AWP,WE,Federal Contract Tower,0,8,43,0,51,0,16,90,0,106,0,24,133,0,157,80,0,80,237
05/05/2000,HHR,CA,AWP,WE,Federal Contract Tower,0,8,45,0,53,0,1,38,0,39,0,9,83,0,92,119,0,119,211
05/06/2000,HHR,CA,AWP,WE,Federal Contract Tower,0,0,16,0,16,0,0,91,0,91,0,0,107,0,107,106,0,106,213
05/07/2000,HHR,CA,AWP,WE,Federal Contract Tower,0,1,11,0,12,0,0,105,0,105,0,1,116,0,117,154,0,154,271
05/08/2000,HHR,CA,AWP,WE,Federal Contract Tower,0,5,31,0,36,0,0,48,0,48,0,5,79,0,84,103,0,103,187
05/09/2000,HHR,CA,AWP,WE,Federal Contract Tower,0,2,30,0,32,0,0,63,0,63,0,2,93,0,95,161,0,161,256
05/10/2000,HHR,CA,AWP,WE,Federal Contract Tower,0,2,26,0,28,0,0,54,0,54,0,2,80,0,82,131,0,131,213
05/11/2000,HHR,CA,AWP,WE,Federal Contract Tower,0,1,9,0,10,0,1,82,0,83,0,2,91,0,93,113,0,113,206
05/12/2000,HHR,CA,AWP,WE,Federal Contract Tower,0,3,25,0,28,0,0,109,0,109,0,3,134,0,137,108,6,114,251
05/13/2000,HHR,CA,AWP,WE,Federal Contract Tower,0,0,7,0,7,0,0,185,0,185,0,0,192,0,192,158,0,158,350
05/14/2000,HHR,CA,AWP,WE,Federal Contract Tower,0,0,7,0,7,0,0,88,0,88,0,0,95,0,95,117,0,117,212
05/15/2000,HHR,CA,AWP,WE,Federal Contract Tower,0,2,16,0,18,0,0,76,0,76,0,2,92,0,94,111,0,111,205
05/16/2000,HHR,CA,AWP,WE,Federal Contract Tower,0,1,9,0,10,0,1,70,0,71,0,2,79,0,81,158,0,158,239
05/17/2000,HHR,CA,AWP,WE,Federal Contract Tower,0,3,20,0,23,0,6,86,0,92,0,9,106,0,115,177,0,177,292
05/18/2000,HHR,CA,AWP,WE,Federal Contract Tower,0,0,13,0,13,0,0,90,0,90,0,0,103,0,103,122,0,122,225
05/19/2000,HHR,CA,AWP,WE,Federal Contract Tower,0,0,5,0,5,0,2,115,0,117,0,2,120,0,122,164,0,164,286
05/20/2000,HHR,CA,AWP,WE,Federal Contract Tower,0,1,12,0,13,0,3,104,0,107,0,4,116,0,120,160,0,160,280
05/21/2000,HHR,CA,AWP,WE,Federal Contract Tower,0,3,20,0,23,0,1,39,0,40,0,4,59,0,63,146,0,146,209
05/22/2000,HHR,CA,AWP,WE,Federal Contract Tower,0,3,21,0,24,0,2,54,0,56,0,5,75,0,80,60,0,60,140
05/23/2000,HHR,CA,AWP,WE,Federal Contract Tower,0,7,42,0,49,0,9,10,0,19,0,16,52,0,68,52,0,52,120
05/24/2000,HHR,CA,AWP,WE,Federal Contract Tower,0,2,36,0,38,0,0,24,0,24,0,2,60,0,62,78,0,78,140
05/25/2000,HHR,CA,AWP,WE,Federal Contract Tower,0,1,32,0,33,0,0,38,0,38,0,1,70,0,71,114,0,114,185
05/26/2000,HHR,CA,AWP,WE,Federal Contract Tower,0,3,18,0,21,0,1,109,0,110,0,4,127,0,131,200,8,208,339
05/27/2000,HHR,CA,AWP,WE,Federal Contract Tower,0,1,12,0,13,0,0,122,0,122,0,1,134,0,135,117,0,117,252
05/28/2000,HHR,CA,AWP,WE,Federal Contract Tower,0,1,10,0,11,0,2,92,0,94,0,3,102,0,105,64,0,64,169
05/29/2000,HHR,CA,AWP,WE,Federal Contract Tower,0,3,26,0,29,0,0,48,0,48,0,3,74,0,77,59,0,59,136
05/30/2000,HHR,CA,AWP,WE,Federal Contract Tower,0,4,27,0,31,0,0,65,0,65,0,4,92,0,96,43,0,43,139
05/31/2000,HHR,CA,AWP,WE,Federal Contract Tower,0,2,23,0,25,0,0,68,0,68,0,2,91,0,93,78,0,78,171
06/01/2000,HHR,CA,AWP,WE,Federal Contract Tower,0,2,25,0,27,0,0,86,0,86,0,2,111,0,113,91,0,91,204
06/02/2000,HHR,CA,AWP,WE,Federal Contract Tower,0,1,12,0,13,0,1,112,0,113,0,2,124,0,126,145,0,145,271
06/03/2000,HHR,CA,AWP,WE,Federal Contract Tower,0,0,9,0,9,0,0,82,0,82,0,0,91,0,91,96,0,96,187
06/04/2000,HHR,CA,AWP,WE,Federal Contract Tower,0,0,8,0,8,0,0,89,0,89,0,0,97,0,97,113,0,113,210
06/05/2000,HHR,CA,AWP,WE,Federal Contract Tower,0,1,14,0,15,0,1,65,4,70,0,2,79,4,85,81,0,81,166
06/06/2000,HHR,CA,AWP,WE,Federal Contract Tower,0,1,6,0,7,0,2,87,0,89,0,3,93,0,96,77,0,77,173
06/07/2000,HHR,CA,AWP,WE,Federal Contract Tower,0,1,12,0,13,0,2,88,0,90,0,3,100,0,103,104,0,104,207
06/08/2000,HHR,CA,AWP,WE,Federal Contract Tower,0,0,14,0,14,0,0,69,0,69,0,0,83,0,83,90,0,90,173
06/09/2000,HHR,CA,AWP,WE,Federal Contract Tower,0,1,11,0,12,0,3,100,0,103,0,4,111,0,115,107,0,107,222
06/10/2000,HHR,CA,AWP,WE,Federal Contract Tower,0,1,13,0,14,0,0,94,0,94,0,1,107,0,108,82,0,82,190
06/11/2000,HHR,CA,AWP,WE,Federal Contract Tower,0,1,12,0,13,0,1,90,0,91,0,2,102,0,104,84,0,84,188
06/12/2000,HHR,CA,AWP,WE,Federal Contract Tower,0,1,18,0,19,0,3,95,0,98,0,4,113,0,117,153,0,153,270
06/13/2000,HHR,CA,AWP,WE,Federal Contract Tower,0,1,6,0,7,0,0,80,2,82,0,1,86,2,89,160,0,160,249
06/14/2000,HHR,CA,AWP,WE,Federal Contract Tower,0,0,22,0,22,0,0,82,0,82,0,0,104,0,104,78,0,78,182
06/15/2000,HHR,CA,AWP,WE,Federal Contract Tower,0,1,12,0,13,0,0,98,0,98,0,1,110,0,111,205,0,205,316
06/16/2000,HHR,CA,AWP,WE,Federal Contract Tower,0,1,34,0,35,0,1,82,0,83,0,2,116,0,118,308,0,308,426
06/17/2000,HHR,CA,AWP,WE,Federal Contract Tower,0,0,36,0,36,0,0,66,0,66,0,0,102,0,102,104,0,104,206
06/18/2000,HHR,CA,AWP,WE,Federal Contract Tower,0,0,22,0,22,0,0,49,0,49,0,0,71,0,71,151,0,151,222
06/19/2000,HHR,CA,AWP,WE,Federal Contract Tower,0,1,20,0,21,0,1,64,0,65,0,2,84,0,86,61,0,61,147
06/20/2000,HHR,CA,AWP,WE,Federal Contract Tower,0,1,20,0,21,0,3,83,0,86,0,4,103,0,107,96,0,96,203
06/21/2000,HHR,CA,AWP,WE,Federal Contract Tower,0,1,24,0,25,0,1,58,0,59,0,2,82,0,84,110,0,110,194
06/22/2000,HHR,CA,AWP,WE,Federal Contract Tower,0,0,21,0,21,0,0,109,0,109,0,0,130,0,130,56,0,56,186
06/23/2000,HHR,CA,AWP,WE,Federal Contract Tower,0,0,19,0,19,0,2,91,0,93,0,2,110,0,112,133,0,133,245
06/24/2000,HHR,CA,AWP,WE,Federal Contract Tower,0,0,11,0,11,0,0,101,10,111,0,0,112,10,122,71,2,73,195
06/25/2000,HHR,CA,AWP,WE,Federal Contract Tower,0,1,21,0,22,0,3,96,0,99,0,4,117,0,121,96,0,96,217
06/26/2000,HHR,CA,AWP,WE,Federal Contract Tower,0,0,2,0,2,0,4,74,0,78,0,4,76,0,80,69,0,69,149
06/27/2000,HHR,CA,AWP,WE,Federal Contract Tower,0,0,13,0,13,0,3,66,0,69,0,3,79,0,82,88,0,88,170
06/28/2000,HHR,CA,AWP,WE,Federal Contract Tower,0,1,23,0,24,0,1,65,0,66,0,2,88,0,90,80,0,80,170
06/29/2000,HHR,CA,AWP,WE,Federal Contract Tower,0,0,34,0,34,0,0,71,0,71,0,0,105,0,105,137,0,137,242
06/30/2000,HHR,CA,AWP,WE,Federal Contract Tower,0,1,22,0,23,0,1,102,0,103,0,2,124,0,126,186,0,186,312
07/01/2000,HHR,CA,AWP,WE,Federal Contract Tower,0,2,13,0,15,0,1,81,0,82,0,3,94,0,97,173,0,173,270
07/02/2000,HHR,CA,AWP,WE,Federal Contract Tower,0,1,11,0,12,0,1,44,0,45,0,2,55,0,57,176,0,176,233
07/03/2000,HHR,CA,AWP,WE,Federal Contract Tower,0,0,8,0,8,0,0,71,0,71,0,0,79,0,79,111,0,111,190
07/04/2000,HHR,CA,AWP,WE,Federal Contract Tower,0,1,10,0,11,0,1,61,0,62,0,2,71,0,73,117,0,117,190
07/05/2000,HHR,CA,AWP,WE,Federal Contract Tower,0,3,19,0,22,0,1,87,2,90,0,4,106,2,112,101,0,101,213
07/06/2000,HHR,CA,AWP,WE,Federal Contract Tower,0,2,20,0,22,0,0,108,4,112,0,2,128,4,134,132,0,132,266
07/07/2000,HHR,CA,AWP,WE,Federal Contract Tower,0,3,18,0,21,0,1,95,0,96,0,4,113,0,117,142,0,142,259
07/08/2000,HHR,CA,AWP,WE,Federal Contract Tower,0,1,13,0,14,0,3,103,0,106,0,4,116,0,120,145,0,145,265
07/09/2000,HHR,CA,AWP,WE,Federal Contract Tower,0,0,16,0,16,0,0,81,0,81,0,0,97,0,97,112,0,112,209
07/10/2000,HHR,CA,AWP,WE,Federal Contract Tower,0,2,17,0,19,0,0,80,0,80,0,2,97,0,99,60,0,60,159
07/11/2000,HHR,CA,AWP,WE,Federal Contract Tower,0,2,19,0,21,0,3,74,0,77,0,5,93,0,98,97,0,97,195
07/12/2000,HHR,CA,AWP,WE,Federal Contract Tower,0,2,27,0,29,11,3,53,0,67,11,5,80,0,96,143,0,143,239
07/13/2000,HHR,CA,AWP,WE,Federal Contract Tower,0,0,7,0,7,0,0,124,0,124,0,0,131,0,131,110,0,110,241
07/14/2000,HHR,CA,AWP,WE,Federal Contract Tower,0,0,2,0,2,0,2,111,0,113,0,2,113,0,115,89,0,89,204
07/15/2000,HHR,CA,AWP,WE,Federal Contract Tower,0,1,22,0,23,0,0,89,0,89,0,1,111,0,112,117,0,117,229
07/16/2000,HHR,CA,AWP,WE,Federal Contract Tower,0,1,16,0,17,0,1,76,0,77,0,2,92,0,94,88,0,88,182
07/17/2000,HHR,CA,AWP,WE,Federal Contract Tower,0,0,10,0,10,0,5,87,0,92,0,5,97,0,102,121,0,121,223
07/18/2000,HHR,CA,AWP,WE,Federal Contract Tower,0,0,12,0,12,0,2,106,0,108,0,2,118,0,120,102,0,102,222
07/19/2000,HHR,CA,AWP,WE,Federal Contract Tower,0,1,16,0,17,0,1,113,0,114,0,2,129,0,131,123,0,123,254
07/20/2000,HHR,CA,AWP,WE,Federal Contract Tower,0,0,12,0,12,0,1,106,0,107,0,1,118,0,119,92,0,92,211
07/21/2000,HHR,CA,AWP,WE,Federal Contract Tower,0,1,20,0,21,0,1,82,0,83,0,2,102,0,104,39,0,39,143
07/22/2000,HHR,CA,AWP,WE,Federal Contract Tower,0,1,19,0,20,0,1,88,0,89,0,2,107,0,109,104,0,104,213
07/23/2000,HHR,CA,AWP,WE,Federal Contract Tower,0,0,7,0,7,0,0,115,1,116,0,0,122,1,123,101,0,101,224
07/24/2000,HHR,CA,AWP,WE,Federal Contract Tower,0,1,25,0,26,0,3,49,0,52,0,4,74,0,78,92,0,92,170
07/25/2000,HHR,CA,AWP,WE,Federal Contract Tower,0,0,13,0,13,0,2,92,0,94,0,2,105,0,107,76,0,76,183
07/26/2000,HHR,CA,AWP,WE,Federal Contract Tower,0,1,22,0,23,0,2,68,0,70,0,3,90,0,93,131,0,131,224
07/27/2000,HHR,CA,AWP,WE,Federal Contract Tower,0,1,17,0,18,0,2,73,0,75,0,3,90,0,93,92,0,92,185
07/28/2000,HHR,CA,AWP,WE,Federal Contract Tower,0,1,21,0,22,0,3,105,2,110,0,4,126,2,132,130,0,130,262
07/29/2000,HHR,CA,AWP,WE,Federal Contract Tower,0,0,9,0,9,0,0,126,0,126,0,0,135,0,135,153,0,153,288
07/30/2000,HHR,CA,AWP,WE,Federal Contract Tower,0,0,10,0,10,0,2,76,0,78,0,2,86,0,88,197,0,197,285
07/31/2000,HHR,CA,AWP,WE,Federal Contract Tower,0,1,17,0,18,0,5,56,0,61,0,6,73,0,79,59,0,59,138
08/01/2000,HHR,CA,AWP,WE,Federal Contract Tower,0,0,7,0,7,0,2,90,0,92,0,2,97,0,99,134,0,134,233
08/02/2000,HHR,CA,AWP,WE,Federal Contract Tower,0,3,15,0,18,0,2,109,0,111,0,5,124,0,129,117,0,117,246
08/03/2000,HHR,CA,AWP,WE,Federal Contract Tower,0,0,0,0,0,0,2,102,0,104,0,2,102,0,104,139,0,139,243
08/04/2000,HHR,CA,AWP,WE,Federal Contract Tower,0,2,14,0,16,0,0,95,0,95,0,2,109,0,111,202,0,202,313
08/05/2000,HHR,CA,AWP,WE,Federal Contract Tower,0,2,12,2,16,0,0,124,0,124,0,2,136,2,140,146,0,146,286
08/06/2000,HHR,CA,AWP,WE,Federal Contract Tower,0,2,15,0,17,0,0,62,0,62,0,2,77,0,79,199,0,199,278
08/07/2000,HHR,CA,AWP,WE,Federal Contract Tower,0,2,26,0,28,0,0,65,0,65,0,2,91,0,93,94,0,94,187
08/08/2000,HHR,CA,AWP,WE,Federal Contract Tower,0,2,18,0,20,0,0,76,0,76,0,2,94,0,96,58,0,58,154
08/09/2000,HHR,CA,AWP,WE,Federal Contract Tower,0,2,15,0,17,0,8,90,0,98,0,10,105,0,115,73,0,73,188
08/10/2000,HHR,CA,AWP,WE,Federal Contract Tower,0,0,9,0,9,0,2,106,0,108,0,2,115,0,117,148,0,148,265
08/11/2000,HHR,CA,AWP,WE,Federal Contract Tower,0,1,12,0,13,0,3,96,0,99,0,4,108,0,112,150,0,150,262
08/12/2000,HHR,CA,AWP,WE,Federal Contract Tower,0,2,11,0,13,0,3,93,6,102,0,5,104,6,115,126,0,126,241
08/13/2000,HHR,CA,AWP,WE,Federal Contract Tower,0,1,12,0,13,0,1,65,0,66,0,2,77,0,79,125,0,125,204
08/14/2000,HHR,CA,AWP,WE,Federal Contract Tower,0,2,15,0,17,0,4,68,0,72,0,6,83,0,89,149,0,149,238
08/15/2000,HHR,CA,AWP,WE,Federal Contract Tower,0,2,14,1,17,0,4,88,0,92,0,6,102,1,109,132,0,132,241
08/16/2000,HHR,CA,AWP,WE,Federal Contract Tower,0,2,10,0,12,0,4,112,2,118,0,6,122,2,130,190,0,190,320
08/17/2000,HHR,CA,AWP,WE,Federal Contract Tower,0,2,14,0,16,0,4,104,0,108,0,6,118,0,124,142,0,142,266
08/18/2000,HHR,CA,AWP,WE,Federal Contract Tower,0,1,14,0,15,0,6,108,0,114,0,7,122,0,129,96,0,96,225
08/19/2000,HHR,CA,AWP,WE,Federal Contract Tower,0,1,12,0,13,0,1,77,0,78,0,2,89,0,91,154,0,154,245
08/20/2000,HHR,CA,AWP,WE,Federal Contract Tower,0,1,14,0,15,0,0,88,0,88,0,1,102,0,103,127,0,127,230
08/21/2000,HHR,CA,AWP,WE,Federal Contract Tower,0,2,16,0,18,0,1,52,0,53,0,3,68,0,71,86,0,86,157
08/22/2000,HHR,CA,AWP,WE,Federal Contract Tower,0,3,19,0,22,0,0,55,0,55,0,3,74,0,77,91,0,91,168
08/23/2000,HHR,CA,AWP,WE,Federal Contract Tower,0,0,8,0,8,0,3,103,0,106,0,3,111,0,114,177,0,177,291
08/24/2000,HHR,CA,AWP,WE,Federal Contract Tower,0,1,13,0,14,0,1,115,0,116,0,2,128,0,130,168,0,168,298
08/25/2000,HHR,CA,AWP,WE,Federal Contract Tower,0,1,12,0,13,0,4,98,0,102,0,5,110,0,115,137,0,137,252
08/26/2000,HHR,CA,AWP,WE,Federal Contract Tower,0,2,11,0,13,0,1,192,0,193,0,3,203,0,206,257,0,257,463
08/27/2000,HHR,CA,AWP,WE,Federal Contract Tower,0,2,15,0,17,0,4,102,0,106,0,6,117,0,123,179,42,221,344
08/28/2000,HHR,CA,AWP,WE,Federal Contract Tower,0,5,38,0,43,0,1,47,0,48,0,6,85,0,91,68,0,68,159
08/29/2000,HHR,CA,AWP,WE,Federal Contract Tower,0,4,42,0,46,0,0,34,0,34,0,4,76,0,80,38,0,38,118
08/30/2000,HHR,CA,AWP,WE,Federal Contract Tower,0,4,33,0,37,0,3,72,0,75,0,7,105,0,112,131,0,131,243
08/31/2000,HHR,CA,AWP,WE,Federal Contract Tower,0,3,27,0,30,0,1,86,0,87,0,4,113,0,117,66,0,66,183
09/01/2000,HHR,CA,AWP,WE,Federal Contract Tower,0,2,22,0,24,0,0,104,0,104,0,2,126,0,128,151,0,151,279
09/02/2000,HHR,CA,AWP,WE,Federal Contract Tower,0,0,6,0,6,0,0,81,0,81,0,0,87,0,87,142,0,142,229
09/03/2000,HHR,CA,AWP,WE,Federal Contract Tower,0,0,7,0,7,0,0,75,0,75,0,0,82,0,82,99,0,99,181
09/04/2000,HHR,CA,AWP,WE,Federal Contract Tower,0,2,8,0,10,0,0,79,0,79,0,2,87,0,89,151,0,151,240
09/05/2000,HHR,CA,AWP,WE,Federal Contract Tower,0,1,4,0,5,0,1,100,0,101,0,2,104,0,106,133,0,133,239
09/06/2000,HHR,CA,AWP,WE,Federal Contract Tower,0,1,6,0,7,0,1,113,0,114,0,2,119,0,121,139,0,139,260
09/07/2000,HHR,CA,AWP,WE,Federal Contract Tower,0,3,18,0,21,0,3,106,0,109,0,6,124,0,130,112,0,112,242
09/08/2000,HHR,CA,AWP,WE,Federal Contract Tower,0,2,25,0,27,0,0,94,0,94,0,2,119,0,121,200,0,200,321
09/09/2000,HHR,CA,AWP,WE,Federal Contract Tower,0,0,14,0,14,0,0,81,0,81,0,0,95,0,95,143,0,143,238
09/10/2000,HHR,CA,AWP,WE,Federal Contract Tower,0,3,14,0,17,0,1,69,0,70,0,4,83,0,87,143,0,143,230
09/11/2000,HHR,CA,AWP,WE,Federal Contract Tower,0,2,12,0,14,0,2,102,0,104,0,4,114,0,118,137,0,137,255
09/12/2000,HHR,CA,AWP,WE,Federal Contract Tower,0,1,6,0,7,0,2,103,0,105,0,3,109,0,112,168,0,168,280
09/13/2000,HHR,CA,AWP,WE,Federal Contract Tower,0,3,12,0,15,0,0,101,0,101,0,3,113,0,116,233,0,233,349
09/14/2000,HHR,CA,AWP,WE,Federal Contract Tower,0,2,20,0,22,0,0,58,0,58,0,2,78,0,80,75,0,75,155
09/15/2000,HHR,CA,AWP,WE,Federal Contract Tower,0,2,12,0,14,0,1,113,0,114,0,3,125,0,128,208,0,208,336
09/16/2000,HHR,CA,AWP,WE,Federal Contract Tower,0,1,7,0,8,0,0,97,0,97,0,1,104,0,105,105,0,105,210
09/17/2000,HHR,CA,AWP,WE,Federal Contract Tower,0,1,12,0,13,0,0,91,0,91,0,1,103,0,104,222,0,222,326
09/18/2000,HHR,CA,AWP,WE,Federal Contract Tower,0,4,32,0,36,0,0,19,0,19,0,4,51,0,55,18,0,18,73
09/19/2000,HHR,CA,AWP,WE,Federal Contract Tower,0,2,34,0,36,0,0,25,0,25,0,2,59,0,61,50,0,50,111
09/20/2000,HHR,CA,AWP,WE,Federal Contract Tower,0,2,22,0,24,0,0,86,2,88,0,2,108,2,112,190,0,190,302
09/21/2000,HHR,CA,AWP,WE,Federal Contract Tower,0,4,28,0,32,0,1,43,0,44,0,5,71,0,76,136,0,136,212
09/22/2000,HHR,CA,AWP,WE,Federal Contract Tower,0,4,32,0,36,0,0,59,0,59,0,4,91,0,95,88,0,88,183
09/23/2000,HHR,CA,AWP,WE,Federal Contract Tower,0,2,19,0,21,0,0,81,0,81,0,2,100,0,102,275,0,275,377
09/24/2000,HHR,CA,AWP,WE,Federal Contract Tower,0,2,15,0,17,0,4,86,0,90,0,6,101,0,107,162,0,162,269
09/25/2000,HHR,CA,AWP,WE,Federal Contract Tower,0,1,12,0,13,0,3,116,0,119,0,4,128,0,132,175,0,175,307
09/26/2000,HHR,CA,AWP,WE,Federal Contract Tower,0,2,13,0,15,0,0,110,0,110,0,2,123,0,125,191,0,191,316
09/27/2000,HHR,CA,AWP,WE,Federal Contract Tower,0,5,39,0,44,0,2,84,0,86,0,7,123,0,130,143,0,143,273
09/28/2000,HHR,CA,AWP,WE,Federal Contract Tower,0,3,23,0,26,0,5,61,0,66,0,8,84,0,92,71,0,71,163
09/29/2000,HHR,CA,AWP,WE,Federal Contract Tower,0,2,13,0,15,0,2,137,0,139,0,4,150,0,154,139,0,139,293
09/30/2000,HHR,CA,AWP,WE,Federal Contract Tower,0,1,28,0,29,0,0,42,0,42,0,1,70,0,71,231,0,231,302
10/01/2000,HHR,CA,AWP,WE,Federal Contract Tower,0,1,12,0,13,0,3,45,0,48,0,4,57,0,61,147,0,147,208
10/02/2000,HHR,CA,AWP,WE,Federal Contract Tower,0,6,29,0,35,0,2,71,0,73,0,8,100,0,108,141,0,141,249
10/03/2000,HHR,CA,AWP,WE,Federal Contract Tower,0,3,43,0,46,0,0,65,0,65,0,3,108,0,111,134,0,134,245
10/04/2000,HHR,CA,AWP,WE,Federal Contract Tower,0,5,32,0,37,0,0,41,0,41,0,5,73,0,78,107,0,107,185
10/05/2000,HHR,CA,AWP,WE,Federal Contract Tower,0,4,27,0,31,0,2,48,0,50,0,6,75,0,81,46,0,46,127
10/06/2000,HHR,CA,AWP,WE,Federal Contract Tower,0,5,73,0,78,0,0,15,0,15,0,5,88,0,93,2,0,2,95
10/07/2000,HHR,CA,AWP,WE,Federal Contract Tower,0,0,22,0,22,0,0,45,0,45,0,0,67,0,67,142,0,142,209
10/08/2000,HHR,CA,AWP,WE,Federal Contract Tower,0,3,22,0,25,0,1,37,0,38,0,4,59,0,63,138,0,138,201
10/09/2000,HHR,CA,AWP,WE,Federal Contract Tower,0,2,34,0,36,0,0,28,0,28,0,2,62,0,64,83,0,83,147
10/10/2000,HHR,CA,AWP,WE,Federal Contract Tower,0,2,15,0,17,0,0,62,0,62,0,2,77,0,79,32,0,32,111
10/11/2000,HHR,CA,AWP,WE,Federal Contract Tower,0,4,25,0,29,0,3,53,0,56,0,7,78,0,85,95,0,95,180
10/12/2000,HHR,CA,AWP,WE,Federal Contract Tower,0,2,14,0,16,0,4,89,0,93,0,6,103,0,109,62,0,62,171
10/13/2000,HHR,CA,AWP,WE,Federal Contract Tower,0,2,12,0,14,0,3,103,0,106,0,5,115,0,120,100,0,100,220
10/14/2000,HHR,CA,AWP,WE,Federal Contract Tower,0,3,21,0,24,0,1,101,0,102,0,4,122,0,126,146,0,146,272
10/15/2000,HHR,CA,AWP,WE,Federal Contract Tower,0,1,12,0,13,0,2,85,0,87,0,3,97,0,100,147,0,147,247
10/16/2000,HHR,CA,AWP,WE,Federal Contract Tower,0,3,19,0,22,0,1,59,0,60,0,4,78,0,82,60,0,60,142
10/17/2000,HHR,CA,AWP,WE,Federal Contract Tower,0,0,15,0,15,0,0,61,0,61,0,0,76,0,76,94,0,94,170
10/18/2000,HHR,CA,AWP,WE,Federal Contract Tower,0,4,45,0,49,0,0,36,0,36,0,4,81,0,85,20,0,20,105
10/19/2000,HHR,CA,AWP,WE,Federal Contract Tower,0,8,62,0,70,0,0,1,0,1,0,8,63,0,71,0,0,0,71
10/20/2000,HHR,CA,AWP,WE,Federal Contract Tower,0,7,51,0,58,0,8,1,0,9,0,15,52,0,67,2,0,2,69
10/21/2000,HHR,CA,AWP,WE,Federal Contract Tower,0,1,16,0,17,0,0,54,0,54,0,1,70,0,71,244,0,244,315
10/22/2000,HHR,CA,AWP,WE,Federal Contract Tower,0,2,19,0,21,0,3,82,0,85,0,5,101,0,106,221,0,221,327
10/23/2000,HHR,CA,AWP,WE,Federal Contract Tower,0,2,16,0,18,0,2,69,0,71,0,4,85,0,89,58,0,58,147
10/24/2000,HHR,CA,AWP,WE,Federal Contract Tower,0,0,19,0,19,0,0,85,0,85,0,0,104,0,104,152,0,152,256
10/25/2000,HHR,CA,AWP,WE,Federal Contract Tower,0,1,13,0,14,0,1,95,0,96,0,2,108,0,110,121,0,121,231
10/26/2000,HHR,CA,AWP,WE,Federal Contract Tower,0,3,20,0,23,0,1,54,0,55,0,4,74,0,78,132,0,132,210
10/27/2000,HHR,CA,AWP,WE,Federal Contract Tower,0,3,23,0,26,0,3,48,0,51,0,6,71,0,77,99,0,99,176
10/28/2000,HHR,CA,AWP,WE,Federal Contract Tower,0,0,13,0,13,0,0,52,0,52,0,0,65,0,65,122,0,122,187
10/29/2000,HHR,CA,AWP,WE,Federal Contract Tower,0,1,13,0,14,0,1,32,0,33,0,2,45,0,47,114,0,114,161
10/30/2000,HHR,CA,AWP,WE,Federal Contract Tower,0,0,18,0,18,0,0,84,0,84,0,0,102,0,102,72,0,72,174
10/31/2000,HHR,CA,AWP,WE,Federal Contract Tower,0,2,16,0,18,0,2,101,0,103,0,4,117,0,121,99,0,99,220
11/01/2000,HHR,CA,AWP,WE,Federal Contract Tower,0,2,16,0,18,0,0,130,0,130,0,2,146,0,148,139,0,139,287
11/02/2000,HHR,CA,AWP,WE,Federal Contract Tower,0,2,10,0,12,0,5,106,0,111,0,7,116,0,123,101,0,101,224
11/03/2000,HHR,CA,AWP,WE,Federal Contract Tower,0,2,6,0,8,0,4,109,0,113,0,6,115,0,121,101,0,101,222
11/04/2000,HHR,CA,AWP,WE,Federal Contract Tower,0,3,10,0,13,0,2,111,0,113,0,5,121,0,126,117,0,117,243
11/05/2000,HHR,CA,AWP,WE,Federal Contract Tower,0,3,14,0,17,0,0,80,0,80,0,3,94,0,97,220,0,220,317
11/06/2000,HHR,CA,AWP,WE,Federal Contract Tower,0,4,18,0,22,0,0,61,0,61,0,4,79,0,83,98,0,98,181
11/07/2000,HHR,CA,AWP,WE,Federal Contract Tower,0,2,6,0,8,0,2,80,0,82,0,4,86,0,90,113,0,113,203
11/08/2000,HHR,CA,AWP,WE,Federal Contract Tower,0,1,7,0,8,0,0,111,0,111,0,1,118,0,119,118,0,118,237
11/09/2000,HHR,CA,AWP,WE,Federal Contract Tower,0,5,26,0,31,0,1,71,0,72,0,6,97,0,103,43,0,43,146
11/10/2000,HHR,CA,AWP,WE,Federal Contract Tower,0,3,11,0,14,0,1,84,0,85,0,4,95,0,99,127,0,127,226
11/11/2000,HHR,CA,AWP,WE,Federal Contract Tower,0,0,10,0,10,0,0,91,26,117,0,0,101,26,127,120,0,120,247
11/12/2000,HHR,CA,AWP,WE,Federal Contract Tower,0,2,18,0,20,0,0,92,0,92,0,2,110,0,112,134,0,134,246
11/13/2000,HHR,CA,AWP,WE,Federal Contract Tower,0,2,8,0,10,0,2,77,0,79,0,4,85,0,89,197,0,197,286
11/14/2000,HHR,CA,AWP,WE,Federal Contract Tower,0,3,13,0,16,0,4,103,0,107,0,7,116,0,123,171,0,171,294
11/15/2000,HHR,CA,AWP,WE,Federal Contract Tower,0,2,12,0,14,0,7,106,0,113,0,9,118,0,127,122,0,122,249
11/16/2000,HHR,CA,AWP,WE,Federal Contract Tower,0,1,9,0,10,0,8,101,0,109,0,9,110,0,119,144,0,144,263
11/17/2000,HHR,CA,AWP,WE,Federal Contract Tower,0,2,11,0,13,0,4,94,0,98,0,6,105,0,111,109,0,109,220
11/18/2000,HHR,CA,AWP,WE,Federal Contract Tower,0,0,5,0,5,0,5,94,0,99,0,5,99,0,104,173,0,173,277
11/19/2000,HHR,CA,AWP,WE,Federal Contract Tower,0,2,14,0,16,0,2,79,0,81,0,4,93,0,97,192,0,192,289
11/20/2000,HHR,CA,AWP,WE,Federal Contract Tower,0,1,8,0,9,0,1,54,0,55,0,2,62,0,64,62,0,62,126
11/21/2000,HHR,CA,AWP,WE,Federal Contract Tower,0,2,11,0,13,0,1,116,0,117,0,3,127,0,130,178,0,178,308
11/22/2000,HHR,CA,AWP,WE,Federal Contract Tower,0,4,25,0,29,0,0,75,0,75,0,4,100,0,104,122,0,122,226
11/23/2000,HHR,CA,AWP,WE,Federal Contract Tower,0,0,6,0,6,0,4,31,0,35,0,4,37,0,41,51,0,51,92
11/24/2000,HHR,CA,AWP,WE,Federal Contract Tower,0,1,6,0,7,0,7,89,0,96,0,8,95,0,103,178,0,178,281
11/25/2000,HHR,CA,AWP,WE,Federal Contract Tower,0,1,10,0,11,0,3,87,0,90,0,4,97,0,101,220,0,220,321
11/26/2000,HHR,CA,AWP,WE,Federal Contract Tower,0,4,31,0,35,0,0,71,0,71,0,4,102,0,106,138,0,138,244
11/27/2000,HHR,CA,AWP,WE,Federal Contract Tower,0,8,46,0,54,0,0,10,0,10,0,8,56,0,64,0,0,0,64
11/28/2000,HHR,CA,AWP,WE,Federal Contract Tower,0,0,27,0,27,0,0,71,0,71,0,0,98,0,98,59,0,59,157
11/29/2000,HHR,CA,AWP,WE,Federal Contract Tower,0,4,30,0,34,0,0,49,0,49,0,4,79,0,83,67,0,67,150
11/30/2000,HHR,CA,AWP,WE,Federal Contract Tower,0,6,37,0,43,0,0,32,0,32,0,6,69,0,75,58,0,58,133
12/01/2000,HHR,CA,AWP,WE,Federal Contract Tower,0,5,23,0,28,0,4,0,0,4,0,9,23,0,32,0,0,0,32
12/02/2000,HHR,CA,AWP,WE,Federal Contract Tower,0,0,18,0,18,0,0,43,0,43,0,0,61,0,61,116,0,116,177
12/03/2000,HHR,CA,AWP,WE,Federal Contract Tower,0,3,41,0,44,0,0,0,0,0,0,3,41,0,44,36,0,36,80
12/04/2000,HHR,CA,AWP,WE,Federal Contract Tower,0,1,8,0,9,0,0,64,0,64,0,1,72,0,73,100,0,100,173
12/05/2000,HHR,CA,AWP,WE,Federal Contract Tower,0,0,8,0,8,0,0,277,0,277,0,0,285,0,285,0,0,0,285
12/06/2000,HHR,CA,AWP,WE,Federal Contract Tower,0,2,9,0,11,0,1,94,0,95,0,3,103,0,106,112,0,112,218
12/07/2000,HHR,CA,AWP,WE,Federal Contract Tower,0,2,6,0,8,0,2,86,0,88,0,4,92,0,96,94,0,94,190
12/08/2000,HHR,CA,AWP,WE,Federal Contract Tower,0,6,42,0,48,0,0,23,0,23,0,6,65,0,71,56,0,56,127
12/09/2000,HHR,CA,AWP,WE,Federal Contract Tower,0,4,29,0,33,0,0,46,0,46,0,4,75,0,79,174,0,174,253
12/10/2000,HHR,CA,AWP,WE,Federal Contract Tower,0,3,13,0,16,0,1,53,0,54,0,4,66,0,70,224,0,224,294
12/11/2000,HHR,CA,AWP,WE,Federal Contract Tower,0,2,11,0,13,0,1,59,0,60,0,3,70,0,73,114,0,114,187
12/12/2000,HHR,CA,AWP,WE,Federal Contract Tower,0,0,15,0,15,0,0,57,0,57,0,0,72,0,72,49,0,49,121
12/13/2000,HHR,CA,AWP,WE,Federal Contract Tower,0,3,19,0,22,0,0,112,0,112,0,3,131,0,134,149,0,149,283
12/14/2000,HHR,CA,AWP,WE,Federal Contract Tower,0,4,26,0,30,0,0,62,0,62,0,4,88,0,92,96,0,96,188
12/15/2000,HHR,CA,AWP,WE,Federal Contract Tower,0,1,13,0,14,0,3,84,0,87,0,4,97,0,101,178,0,178,279
12/16/2000,HHR,CA,AWP,WE,Federal Contract Tower,0,1,9,0,10,0,1,87,0,88,0,2,96,0,98,119,0,119,217
12/17/2000,HHR,CA,AWP,WE,Federal Contract Tower,0,1,7,0,8,0,1,94,0,95,0,2,101,0,103,136,0,136,239
12/18/2000,HHR,CA,AWP,WE,Federal Contract Tower,0,1,7,0,8,0,5,103,0,108,0,6,110,0,116,94,0,94,210
12/19/2000,HHR,CA,AWP,WE,Federal Contract Tower,0,0,11,0,11,0,0,111,0,111,0,0,122,0,122,87,0,87,209
12/20/2000,HHR,CA,AWP,WE,Federal Contract Tower,0,1,9,0,10,0,3,107,0,110,0,4,116,0,120,85,0,85,205
12/21/2000,HHR,CA,AWP,WE,Federal Contract Tower,0,2,25,0,27,0,0,54,0,54,0,2,79,0,81,53,0,53,134
12/22/2000,HHR,CA,AWP,WE,Federal Contract Tower,0,3,29,0,32,0,0,40,0,40,0,3,69,0,72,32,0,32,104
12/23/2000,HHR,CA,AWP,WE,Federal Contract Tower,0,0,36,0,36,0,0,7,0,7,0,0,43,0,43,6,0,6,49
12/24/2000,HHR,CA,AWP,WE,Federal Contract Tower,0,2,19,0,21,0,0,3,0,3,0,2,22,0,24,26,0,26,50
12/25/2000,HHR,CA,AWP,WE,Federal Contract Tower,0,0,6,0,6,0,2,27,0,29,0,2,33,0,35,29,0,29,64
12/26/2000,HHR,CA,AWP,WE,Federal Contract Tower,0,1,11,0,12,0,1,88,0,89,0,2,99,0,101,88,0,88,189
12/27/2000,HHR,CA,AWP,WE,Federal Contract Tower,0,1,8,0,9,0,7,129,0,136,0,8,137,0,145,173,0,173,318
12/28/2000,HHR,CA,AWP,WE,Federal Contract Tower,0,2,15,0,17,0,8,100,0,108,0,10,115,0,125,88,0,88,213
12/29/2000,HHR,CA,AWP,WE,Federal Contract Tower,0,1,7,0,8,0,5,93,0,98,0,6,100,0,106,92,0,92,198
12/30/2000,HHR,CA,AWP,WE,Federal Contract Tower,0,1,12,0,13,0,7,106,0,113,0,8,118,0,126,154,0,154,280
12/31/2000,HHR,CA,AWP,WE,Federal Contract Tower,0,2,13,0,15,0,8,41,0,49,0,10,54,0,64,170,0,170,234
01/01/2001,HHR,CA,AWP,WE,Federal Contract Tower,0,5,21,0,26,0,3,47,0,50,0,8,68,0,76,38,0,38,114
01/02/2001,HHR,CA,AWP,WE,Federal Contract Tower,0,3,10,0,13,0,6,82,0,88,0,9,92,0,101,129,0,129,230
01/03/2001,HHR,CA,AWP,WE,Federal Contract Tower,0,4,15,0,19,0,6,80,0,86,0,10,95,0,105,118,0,118,223
01/04/2001,HHR,CA,AWP,WE,Federal Contract Tower,0,4,12,0,16,0,5,101,0,106,0,9,113,0,122,134,0,134,256
01/05/2001,HHR,CA,AWP,WE,Federal Contract Tower,0,3,9,0,12,0,10,104,0,114,0,13,113,0,126,144,0,144,270
01/06/2001,HHR,CA,AWP,WE,Federal Contract Tower,0,4,16,0,20,0,3,83,0,86,0,7,99,0,106,142,0,142,248
01/07/2001,HHR,CA,AWP,WE,Federal Contract Tower,0,3,21,0,24,0,0,75,0,75,0,3,96,0,99,176,0,176,275
01/08/2001,HHR,CA,AWP,WE,Federal Contract Tower,0,4,25,0,29,0,0,11,0,11,0,4,36,0,40,0,0,0,40
01/09/2001,HHR,CA,AWP,WE,Federal Contract Tower,0,3,10,0,13,0,0,93,0,93,0,3,103,0,106,150,0,150,256
01/10/2001,HHR,CA,AWP,WE,Federal Contract Tower,0,4,21,0,25,0,0,27,0,27,0,4,48,0,52,68,0,68,120
01/11/2001,HHR,CA,AWP,WE,Federal Contract Tower,0,5,21,0,26,0,0,21,0,21,0,5,42,0,47,52,0,52,99
01/12/2001,HHR,CA,AWP,WE,Federal Contract Tower,0,4,14,0,18,0,0,52,0,52,0,4,66,0,70,54,0,54,124
01/13/2001,HHR,CA,AWP,WE,Federal Contract Tower,0,3,15,0,18,0,0,106,0,106,0,3,121,0,124,86,0,86,210
01/14/2001,HHR,CA,AWP,WE,Federal Contract Tower,0,2,9,0,11,0,0,73,0,73,0,2,82,0,84,213,0,213,297
01/15/2001,HHR,CA,AWP,WE,Federal Contract Tower,0,0,8,0,8,0,0,84,0,84,0,0,92,0,92,157,0,157,249
01/16/2001,HHR,CA,AWP,WE,Federal Contract Tower,0,2,9,0,11,0,1,83,0,84,0,3,92,0,95,54,0,54,149
01/17/2001,HHR,CA,AWP,WE,Federal Contract Tower,0,1,7,0,8,0,0,106,0,106,0,1,113,0,114,64,0,64,178
01/18/2001,HHR,CA,AWP,WE,Federal Contract Tower,0,3,13,0,16,0,3,116,0,119,0,6,129,0,135,85,0,85,220
01/19/2001,HHR,CA,AWP,WE,Federal Contract Tower,0,2,12,0,14,0,2,95,0,97,0,4,107,0,111,114,0,114,225
01/20/2001,HHR,CA,AWP,WE,Federal Contract Tower,0,0,3,0,3,0,6,136,0,142,0,6,139,0,145,200,0,200,345
01/21/2001,HHR,CA,AWP,WE,Federal Contract Tower,0,1,8,0,9,0,3,106,0,109,0,4,114,0,118,282,0,282,400
01/22/2001,HHR,CA,AWP,WE,Federal Contract Tower,0,1,8,0,9,0,3,82,0,85,0,4,90,0,94,82,0,82,176
01/23/2001,HHR,CA,AWP,WE,Federal Contract Tower,0,4,22,0,26,0,6,98,0,104,0,10,120,0,130,118,0,118,248
01/24/2001,HHR,CA,AWP,WE,Federal Contract Tower,0,2,22,0,24,0,0,31,0,31,0,2,53,0,55,36,0,36,91
01/25/2001,HHR,CA,AWP,WE,Federal Contract Tower,0,2,11,0,13,0,0,115,0,115,0,2,126,0,128,83,0,83,211
01/26/2001,HHR,CA,AWP,WE,Federal Contract Tower,0,3,20,0,23,0,0,33,0,33,0,3,53,0,56,33,0,33,89
01/27/2001,HHR,CA,AWP,WE,Federal Contract Tower,0,0,13,0,13,0,0,169,0,169,0,0,182,0,182,233,0,233,415
01/28/2001,HHR,CA,AWP,WE,Federal Contract Tower,0,0,12,0,12,0,0,84,0,84,0,0,96,0,96,281,0,281,377
01/29/2001,HHR,CA,AWP,WE,Federal Contract Tower,0,3,18,0,21,0,1,91,0,92,0,4,109,0,113,94,0,94,207
01/30/2001,HHR,CA,AWP,WE,Federal Contract Tower,0,2,9,0,11,0,3,102,0,105,0,5,111,0,116,135,0,135,251
01/31/2001,HHR,CA,AWP,WE,Federal Contract Tower,0,2,11,0,13,0,0,119,0,119,0,2,130,0,132,187,0,187,319
02/01/2001,HHR,CA,AWP,WE,Federal Contract Tower,0,0,7,0,7,0,4,94,0,98,0,4,101,0,105,93,0,93,198
02/02/2001,HHR,CA,AWP,WE,Federal Contract Tower,0,2,7,0,9,0,0,143,0,143,0,2,150,0,152,77,0,77,229
02/03/2001,HHR,CA,AWP,WE,Federal Contract Tower,0,3,10,0,13,0,1,141,0,142,0,4,151,0,155,115,0,115,270
02/04/2001,HHR,CA,AWP,WE,Federal Contract Tower,0,3,8,0,11,0,0,111,0,111,0,3,119,0,122,191,0,191,313
02/05/2001,HHR,CA,AWP,WE,Federal Contract Tower,0,0,5,0,5,0,4,77,0,81,0,4,82,0,86,56,0,56,142
02/06/2001,HHR,CA,AWP,WE,Federal Contract Tower,0,5,23,0,28,0,0,71,0,71,0,5,94,0,99,62,0,62,161
02/07/2001,HHR,CA,AWP,WE,Federal Contract Tower,0,0,5,0,5,0,2,42,0,44,0,2,47,0,49,30,0,30,79
02/08/2001,HHR,CA,AWP,WE,Federal Contract Tower,0,2,5,0,7,0,0,123,0,123,0,2,128,0,130,75,0,75,205
02/09/2001,HHR,CA,AWP,WE,Federal Contract Tower,0,4,20,0,24,0,0,78,0,78,0,4,98,0,102,115,0,115,217
02/10/2001,HHR,CA,AWP,WE,Federal Contract Tower,0,3,20,0,23,0,1,39,0,40,0,4,59,0,63,83,0,83,146
02/11/2001,HHR,CA,AWP,WE,Federal Contract Tower,0,1,9,0,10,0,1,32,0,33,0,2,41,0,43,189,0,189,232
02/12/2001,HHR,CA,AWP,WE,Federal Contract Tower,0,4,23,0,27,0,2,14,0,16,0,6,37,0,43,46,0,46,89
02/13/2001,HHR,CA,AWP,WE,Federal Contract Tower,0,4,20,0,24,0,5,26,0,31,0,9,46,0,55,75,0,75,130
02/14/2001,HHR,CA,AWP,WE,Federal Contract Tower,0,2,9,0,11,0,3,67,0,70,0,5,76,0,81,175,0,175,256
02/15/2001,HHR,CA,AWP,WE,Federal Contract Tower,0,3,13,0,16,0,3,111,0,114,0,6,124,0,130,154,0,154,284
02/16/2001,HHR,CA,AWP,WE,Federal Contract Tower,0,0,6,0,6,0,8,126,0,134,0,8,132,0,140,212,0,212,352
02/17/2001,HHR,CA,AWP,WE,Federal Contract Tower,0,3,13,0,16,0,4,100,0,104,0,7,113,0,120,163,0,163,283
02/18/2001,HHR,CA,AWP,WE,Federal Contract Tower,0,2,10,0,12,0,0,19,0,19,0,2,29,0,31,159,0,159,190
02/19/2001,HHR,CA,AWP,WE,Federal Contract Tower,0,6,28,0,34,0,2,7,0,9,0,8,35,0,43,74,0,74,117
02/20/2001,HHR,CA,AWP,WE,Federal Contract Tower,0,4,24,0,28,0,2,78,0,80,0,6,102,0,108,127,0,127,235
02/21/2001,HHR,CA,AWP,WE,Federal Contract Tower,0,3,13,0,16,0,2,95,0,97,0,5,108,0,113,184,0,184,297
02/22/2001,HHR,CA,AWP,WE,Federal Contract Tower,0,4,28,0,32,0,0,50,0,50,0,4,78,0,82,53,0,53,135
02/23/2001,HHR,CA,AWP,WE,Federal Contract Tower,0,4,22,0,26,0,0,49,0,49,0,4,71,0,75,54,0,54,129
02/24/2001,HHR,CA,AWP,WE,Federal Contract Tower,0,0,6,0,6,0,0,14,0,14,0,0,20,0,20,40,0,40,60
02/25/2001,HHR,CA,AWP,WE,Federal Contract Tower,0,0,7,0,7,0,0,4,0,4,0,0,11,0,11,2,0,2,13
02/26/2001,HHR,CA,AWP,WE,Federal Contract Tower,0,0,0,0,0,0,4,40,0,44,0,4,40,0,44,40,0,40,84
02/27/2001,HHR,CA,AWP,WE,Federal Contract Tower,0,4,18,0,22,0,0,28,0,28,0,4,46,0,50,8,0,8,58
02/28/2001,HHR,CA,AWP,WE,Federal Contract Tower,0,4,19,0,23,0,2,28,0,30,0,6,47,0,53,55,0,55,108
03/01/2001,HHR,CA,AWP,WE,Federal Contract Tower,0,3,14,0,17,0,1,112,0,113,0,4,126,0,130,80,0,80,210
03/02/2001,HHR,CA,AWP,WE,Federal Contract Tower,0,4,17,0,21,0,1,66,0,67,0,5,83,0,88,93,0,93,181
03/03/2001,HHR,CA,AWP,WE,Federal Contract Tower,0,0,12,0,12,0,0,86,0,86,0,0,98,0,98,190,0,190,288
03/04/2001,HHR,CA,AWP,WE,Federal Contract Tower,0,0,2,0,2,0,0,23,0,23,0,0,25,0,25,58,0,58,83
03/05/2001,HHR,CA,AWP,WE,Federal Contract Tower,0,3,13,0,16,0,1,23,0,24,0,4,36,0,40,16,0,16,56
03/06/2001,HHR,CA,AWP,WE,Federal Contract Tower,0,3,16,0,19,0,0,42,0,42,0,3,58,0,61,46,0,46,107
03/07/2001,HHR,CA,AWP,WE,Federal Contract Tower,0,3,14,0,17,0,12,83,0,95,0,15,97,0,112,188,0,188,300
03/08/2001,HHR,CA,AWP,WE,Federal Contract Tower,0,3,16,0,19,0,1,105,0,106,0,4,121,0,125,231,0,231,356
03/09/2001,HHR,CA,AWP,WE,Federal Contract Tower,0,2,18,0,20,0,0,60,0,60,0,2,78,0,80,126,0,126,206
03/10/2001,HHR,CA,AWP,WE,Federal Contract Tower,0,0,19,0,19,0,0,100,0,100,0,0,119,0,119,282,0,282,401
03/11/2001,HHR,CA,AWP,WE,Federal Contract Tower,0,0,12,0,12,0,0,113,0,113,0,0,125,0,125,255,0,255,380
03/12/2001,HHR,CA,AWP,WE,Federal Contract Tower,0,2,8,0,10,0,0,60,2,62,0,2,68,2,72,137,0,137,209
03/13/2001,HHR,CA,AWP,WE,Federal Contract Tower,0,0,6,0,6,0,2,109,0,111,0,2,115,0,117,138,0,138,255
03/14/2001,HHR,CA,AWP,WE,Federal Contract Tower,0,2,20,0,22,0,0,88,0,88,0,2,108,0,110,173,0,173,283
03/15/2001,HHR,CA,AWP,WE,Federal Contract Tower,0,3,36,0,39,0,0,70,0,70,0,3,106,0,109,222,0,222,331
03/16/2001,HHR,CA,AWP,WE,Federal Contract Tower,0,3,26,0,29,0,0,97,0,97,0,3,123,0,126,223,0,223,349
03/17/2001,HHR,CA,AWP,WE,Federal Contract Tower,0,1,7,0,8,0,0,103,0,103,0,1,110,0,111,176,0,176,287
03/18/2001,HHR,CA,AWP,WE,Federal Contract Tower,0,0,7,0,7,0,0,121,0,121,0,0,128,0,128,120,0,120,248
03/19/2001,HHR,CA,AWP,WE,Federal Contract Tower,0,1,8,0,9,0,5,74,0,79,0,6,82,0,88,152,0,152,240
03/20/2001,HHR,CA,AWP,WE,Federal Contract Tower,0,1,22,0,23,0,0,69,0,69,0,1,91,0,92,113,0,113,205
03/21/2001,HHR,CA,AWP,WE,Federal Contract Tower,0,5,32,0,37,0,5,12,0,17,0,10,44,0,54,13,0,13,67
03/22/2001,HHR,CA,AWP,WE,Federal Contract Tower,0,5,34,0,39,0,0,88,0,88,0,5,122,0,127,199,0,199,326
03/23/2001,HHR,CA,AWP,WE,Federal Contract Tower,0,5,34,0,39,0,1,62,0,63,0,6,96,0,102,224,0,224,326
03/24/2001,HHR,CA,AWP,WE,Federal Contract Tower,0,3,21,0,24,0,1,37,0,38,0,4,58,0,62,84,0,84,146
03/25/2001,HHR,CA,AWP,WE,Federal Contract Tower,0,2,28,0,30,0,0,50,0,50,0,2,78,0,80,172,0,172,252
03/26/2001,HHR,CA,AWP,WE,Federal Contract Tower,0,3,20,0,23,0,6,58,0,64,0,9,78,0,87,82,0,82,169
03/27/2001,HHR,CA,AWP,WE,Federal Contract Tower,0,2,12,0,14,0,2,115,0,117,0,4,127,0,131,92,0,92,223
03/28/2001,HHR,CA,AWP,WE,Federal Contract Tower,0,4,30,0,34,0,3,85,0,88,0,7,115,0,122,73,0,73,195
03/29/2001,HHR,CA,AWP,WE,Federal Contract Tower,0,3,21,0,24,0,4,69,0,73,0,7,90,0,97,187,0,187,284
03/30/2001,HHR,CA,AWP,WE,Federal Contract Tower,0,3,18,0,21,0,3,65,3,71,0,6,83,3,92,112,0,112,204
03/31/2001,HHR,CA,AWP,WE,Federal Contract Tower,0,3,23,0,26,0,1,28,0,29,0,4,51,0,55,58,0,58,113
04/01/2001,HHR,CA,AWP,WE,Federal Contract Tower,0,2,28,0,30,0,3,11,0,14,0,5,39,0,44,103,0,103,147
04/02/2001,HHR,CA,AWP,WE,Federal Contract Tower,0,2,19,0,21,0,0,55,0,55,0,2,74,0,76,70,0,70,146
04/03/2001,HHR,CA,AWP,WE,Federal Contract Tower,0,1,25,0,26,0,0,58,0,58,0,1,83,0,84,54,0,54,138
04/04/2001,HHR,CA,AWP,WE,Federal Contract Tower,0,3,37,0,40,0,0,52,0,52,0,3,89,0,92,30,0,30,122
04/05/2001,HHR,CA,AWP,WE,Federal Contract Tower,0,3,12,0,15,0,0,75,0,75,0,3,87,0,90,62,0,62,152
04/06/2001,HHR,CA,AWP,WE,Federal Contract Tower,0,0,13,0,13,0,0,77,0,77,0,0,90,0,90,81,0,81,171
04/07/2001,HHR,CA,AWP,WE,Federal Contract Tower,0,2,9,0,11,0,0,22,0,22,0,2,31,0,33,14,0,14,47
04/08/2001,HHR,CA,AWP,WE,Federal Contract Tower,0,0,6,0,6,0,0,105,0,105,0,0,111,0,111,137,0,137,248
04/09/2001,HHR,CA,AWP,WE,Federal Contract Tower,0,1,10,0,11,0,0,57,0,57,0,1,67,0,68,78,0,78,146
04/10/2001,HHR,CA,AWP,WE,Federal Contract Tower,0,2,7,0,9,0,2,107,0,109,0,4,114,0,118,155,0,155,273
04/11/2001,HHR,CA,AWP,WE,Federal Contract Tower,0,4,26,1,31,0,0,79,1,80,0,4,105,2,111,170,0,170,281
04/12/2001,HHR,CA,AWP,WE,Federal Contract Tower,0,2,16,0,18,0,1,115,0,116,0,3,131,0,134,118,0,118,252
04/13/2001,HHR,CA,AWP,WE,Federal Contract Tower,0,2,13,0,15,0,2,128,0,130,0,4,141,0,145,142,0,142,287
04/14/2001,HHR,CA,AWP,WE,Federal Contract Tower,0,1,11,0,12,0,4,125,0,129,0,5,136,0,141,147,0,147,288
04/15/2001,HHR,CA,AWP,WE,Federal Contract Tower,0,1,5,0,6,0,1,96,0,97,0,2,101,0,103,74,0,74,177
04/16/2001,HHR,CA,AWP,WE,Federal Contract Tower,0,0,13,0,13,0,0,102,0,102,0,0,115,0,115,126,0,126,241
04/17/2001,HHR,CA,AWP,WE,Federal Contract Tower,0,1,12,0,13,0,2,104,0,106,0,3,116,0,119,148,0,148,267
04/18/2001,HHR,CA,AWP,WE,Federal Contract Tower,0,4,17,0,21,0,2,118,0,120,0,6,135,0,141,174,0,174,315
04/19/2001,HHR,CA,AWP,WE,Federal Contract Tower,0,3,21,0,24,0,0,87,0,87,0,3,108,0,111,183,0,183,294
04/20/2001,HHR,CA,AWP,WE,Federal Contract Tower,0,3,10,0,13,0,1,81,0,82,0,4,91,0,95,212,0,212,307
04/21/2001,HHR,CA,AWP,WE,Federal Contract Tower,0,4,8,0,12,0,0,86,0,86,0,4,94,0,98,118,0,118,216
04/22/2001,HHR,CA,AWP,WE,Federal Contract Tower,0,1,13,0,14,0,1,163,0,164,0,2,176,0,178,143,0,143,321
04/23/2001,HHR,CA,AWP,WE,Federal Contract Tower,0,3,11,0,14,0,1,81,0,82,0,4,92,0,96,72,0,72,168
04/24/2001,HHR,CA,AWP,WE,Federal Contract Tower,0,3,17,0,20,0,0,121,2,123,0,3,138,2,143,168,0,168,311
04/25/2001,HHR,CA,AWP,WE,Federal Contract Tower,0,3,21,0,24,0,0,93,0,93,0,3,114,0,117,136,0,136,253
04/26/2001,HHR,CA,AWP,WE,Federal Contract Tower,0,4,45,1,50,0,0,43,7,50,0,4,88,8,100,92,0,92,192
04/27/2001,HHR,CA,AWP,WE,Federal Contract Tower,0,2,52,0,54,0,1,50,0,51,0,3,102,0,105,48,0,48,153
04/28/2001,HHR,CA,AWP,WE,Federal Contract Tower,0,2,28,0,30,0,0,16,0,16,0,2,44,0,46,106,0,106,152
04/29/2001,HHR,CA,AWP,WE,Federal Contract Tower,0,2,17,0,19,0,0,67,0,67,0,2,84,0,86,144,0,144,230
04/30/2001,HHR,CA,AWP,WE,Federal Contract Tower,0,4,16,0,20,0,3,62,0,65,0,7,78,0,85,69,0,69,154
05/01/2001,HHR,CA,AWP,WE,Federal Contract Tower,0,3,31,0,34,0,0,20,0,20,0,3,51,0,54,24,0,24,78
05/02/2001,HHR,CA,AWP,WE,Federal Contract Tower,0,9,30,0,39,0,0,66,0,66,0,9,96,0,105,162,0,162,267
05/03/2001,HHR,CA,AWP,WE,Federal Contract Tower,0,4,10,0,14,0,2,96,0,98,0,6,106,0,112,159,0,159,271
05/04/2001,HHR,CA,AWP,WE,Federal Contract Tower,0,3,32,0,35,0,3,85,0,88,0,6,117,0,123,101,0,101,224
05/05/2001,HHR,CA,AWP,WE,Federal Contract Tower,0,2,13,0,15,0,0,121,0,121,0,2,134,0,136,160,0,160,296
05/06/2001,HHR,CA,AWP,WE,Federal Contract Tower,0,1,15,0,16,0,4,108,0,112,0,5,123,0,128,211,0,211,339
05/07/2001,HHR,CA,AWP,WE,Federal Contract Tower,0,0,11,0,11,0,2,90,0,92,0,2,101,0,103,122,0,122,225
05/08/2001,HHR,CA,AWP,WE,Federal Contract Tower,0,1,9,0,10,0,1,93,0,94,0,2,102,0,104,192,0,192,296
05/09/2001,HHR,CA,AWP,WE,Federal Contract Tower,0,1,18,0,19,0,0,80,1,81,0,1,98,1,100,106,0,106,206
05/10/2001,HHR,CA,AWP,WE,Federal Contract Tower,0,0,23,0,23,0,1,57,0,58,0,1,80,0,81,88,0,88,169
05/11/2001,HHR,CA,AWP,WE,Federal Contract Tower,0,0,53,0,53,0,0,22,0,22,0,0,75,0,75,36,0,36,111
05/12/2001,HHR,CA,AWP,WE,Federal Contract Tower,0,4,19,0,23,0,1,27,0,28,0,5,46,0,51,55,0,55,106
05/13/2001,HHR,CA,AWP,WE,Federal Contract Tower,0,2,14,0,16,0,0,49,0,49,0,2,63,0,65,86,0,86,151
05/14/2001,HHR,CA,AWP,WE,Federal Contract Tower,0,1,22,0,23,0,3,71,0,74,0,4,93,0,97,125,0,125,222
05/15/2001,HHR,CA,AWP,WE,Federal Contract Tower,0,2,26,0,28,0,0,49,0,49,0,2,75,0,77,60,0,60,137
05/16/2001,HHR,CA,AWP,WE,Federal Contract Tower,0,3,31,0,34,0,0,53,0,53,0,3,84,0,87,106,0,106,193
05/17/2001,HHR,CA,AWP,WE,Federal Contract Tower,0,0,25,0,25,0,0,102,0,102,0,0,127,0,127,170,0,170,297
05/18/2001,HHR,CA,AWP,WE,Federal Contract Tower,0,3,42,0,45,0,1,38,0,39,0,4,80,0,84,98,0,98,182
05/19/2001,HHR,CA,AWP,WE,Federal Contract Tower,0,2,17,0,19,0,2,75,0,77,0,4,92,0,96,118,0,118,214
05/20/2001,HHR,CA,AWP,WE,Federal Contract Tower,0,2,33,0,35,0,1,20,0,21,0,3,53,0,56,28,0,28,84
05/21/2001,HHR,CA,AWP,WE,Federal Contract Tower,0,2,45,0,47,0,0,26,0,26,0,2,71,0,73,46,0,46,119
05/22/2001,HHR,CA,AWP,WE,Federal Contract Tower,0,2,44,0,46,0,0,15,0,15,0,2,59,0,61,26,0,26,87
05/23/2001,HHR,CA,AWP,WE,Federal Contract Tower,0,3,29,0,32,0,1,56,0,57,0,4,85,0,89,92,0,92,181
05/24/2001,HHR,CA,AWP,WE,Federal Contract Tower,0,5,54,0,59,0,0,15,0,15,0,5,69,0,74,64,0,64,138
05/25/2001,HHR,CA,AWP,WE,Federal Contract Tower,0,3,25,0,28,0,1,59,0,60,0,4,84,0,88,90,0,90,178
05/26/2001,HHR,CA,AWP,WE,Federal Contract Tower,0,5,21,0,26,0,0,24,0,24,0,5,45,0,50,133,0,133,183
05/27/2001,HHR,CA,AWP,WE,Federal Contract Tower,0,3,20,0,23,0,0,42,0,42,0,3,62,0,65,114,0,114,179
05/28/2001,HHR,CA,AWP,WE,Federal Contract Tower,0,1,15,0,16,0,1,82,0,83,0,2,97,0,99,146,0,146,245
05/29/2001,HHR,CA,AWP,WE,Federal Contract Tower,0,1,12,0,13,0,0,90,0,90,0,1,102,0,103,117,0,117,220
05/30/2001,HHR,CA,AWP,WE,Federal Contract Tower,0,0,21,0,21,0,2,77,0,79,0,2,98,0,100,102,0,102,202
05/31/2001,HHR,CA,AWP,WE,Federal Contract Tower,0,3,22,0,25,0,0,28,0,28,0,3,50,0,53,17,0,17,70
06/01/2001,HHR,CA,AWP,WE,Federal Contract Tower,0,3,30,0,33,0,0,36,2,38,0,3,66,2,71,139,0,139,210
06/02/2001,HHR,CA,AWP,WE,Federal Contract Tower,0,2,37,0,39,0,0,49,0,49,0,2,86,0,88,194,0,194,282
06/03/2001,HHR,CA,AWP,WE,Federal Contract Tower,0,4,21,0,25,0,0,54,0,54,0,4,75,0,79,70,0,70,149
06/04/2001,HHR,CA,AWP,WE,Federal Contract Tower,0,0,20,0,20,0,0,72,0,72,0,0,92,0,92,152,0,152,244
06/05/2001,HHR,CA,AWP,WE,Federal Contract Tower,0,2,30,0,32,0,0,77,0,77,0,2,107,0,109,200,0,200,309
06/06/2001,HHR,CA,AWP,WE,Federal Contract Tower,0,2,30,0,32,0,0,79,0,79,0,2,109,0,111,168,0,168,279
06/07/2001,HHR,CA,AWP,WE,Federal Contract Tower,0,2,38,0,40,0,1,18,0,19,0,3,56,0,59,16,0,16,75
06/08/2001,HHR,CA,AWP,WE,Federal Contract Tower,0,2,56,0,58,0,0,46,0,46,0,2,102,0,104,20,0,20,124
06/09/2001,HHR,CA,AWP,WE,Federal Contract Tower,0,2,24,0,26,0,0,146,0,146,0,2,170,0,172,138,0,138,310
06/10/2001,HHR,CA,AWP,WE,Federal Contract Tower,0,4,19,0,23,0,0,94,0,94,0,4,113,0,117,214,0,214,331
06/11/2001,HHR,CA,AWP,WE,Federal Contract Tower,0,0,28,0,28,0,0,78,0,78,0,0,106,0,106,128,0,128,234
06/12/2001,HHR,CA,AWP,WE,Federal Contract Tower,0,4,34,0,38,0,0,63,0,63,0,4,97,0,101,142,0,142,243
06/13/2001,HHR,CA,AWP,WE,Federal Contract Tower,0,2,26,0,28,0,0,81,0,81,0,2,107,0,109,188,0,188,297
06/14/2001,HHR,CA,AWP,WE,Federal Contract Tower,0,1,14,0,15,0,1,108,0,109,0,2,122,0,124,178,0,178,302
06/15/2001,HHR,CA,AWP,WE,Federal Contract Tower,0,1,17,0,18,0,3,105,0,108,0,4,122,0,126,146,0,146,272
06/16/2001,HHR,CA,AWP,WE,Federal Contract Tower,0,0,11,0,11,0,2,132,0,134,0,2,143,0,145,170,0,170,315
06/17/2001,HHR,CA,AWP,WE,Federal Contract Tower,0,1,12,0,13,0,1,77,0,78,0,2,89,0,91,112,0,112,203
06/18/2001,HHR,CA,AWP,WE,Federal Contract Tower,0,0,6,0,6,0,1,93,0,94,0,1,99,0,100,120,0,120,220
06/19/2001,HHR,CA,AWP,WE,Federal Contract Tower,0,0,13,0,13,0,4,105,0,109,0,4,118,0,122,140,0,140,262
06/20/2001,HHR,CA,AWP,WE,Federal Contract Tower,0,0,17,0,17,0,0,112,0,112,0,0,129,0,129,138,0,138,267
06/21/2001,HHR,CA,AWP,WE,Federal Contract Tower,0,1,5,0,6,0,3,106,0,109,0,4,111,0,115,100,0,100,215
06/22/2001,HHR,CA,AWP,WE,Federal Contract Tower,0,1,13,0,14,0,3,111,0,114,0,4,124,0,128,136,0,136,264
06/23/2001,HHR,CA,AWP,WE,Federal Contract Tower,0,0,17,0,17,0,2,111,0,113,0,2,128,0,130,82,0,82,212
06/24/2001,HHR,CA,AWP,WE,Federal Contract Tower,0,3,18,0,21,0,1,119,0,120,0,4,137,0,141,210,0,210,351
06/25/2001,HHR,CA,AWP,WE,Federal Contract Tower,0,1,17,0,18,0,1,73,0,74,0,2,90,0,92,84,0,84,176
06/26/2001,HHR,CA,AWP,WE,Federal Contract Tower,0,0,8,0,8,0,2,102,0,104,0,2,110,0,112,120,0,120,232
06/27/2001,HHR,CA,AWP,WE,Federal Contract Tower,0,3,6,0,9,0,3,129,2,134,0,6,135,2,143,146,0,146,289
06/28/2001,HHR,CA,AWP,WE,Federal Contract Tower,0,2,13,0,15,0,3,113,0,116,0,5,126,0,131,146,0,146,277
06/29/2001,HHR,CA,AWP,WE,Federal Contract Tower,0,2,9,0,11,0,3,119,0,122,0,5,128,0,133,172,0,172,305
06/30/2001,HHR,CA,AWP,WE,Federal Contract Tower,0,2,15,0,17,0,2,84,0,86,0,4,99,0,103,100,0,100,203
07/01/2001,HHR,CA,AWP,WE,Federal Contract Tower,0,2,12,0,14,0,0,70,0,70,0,2,82,0,84,88,0,88,172
07/02/2001,HHR,CA,AWP,WE,Federal Contract Tower,0,1,9,0,10,0,1,81,0,82,0,2,90,0,92,108,0,108,200
07/03/2001,HHR,CA,AWP,WE,Federal Contract Tower,0,2,5,0,7,0,2,78,0,80,0,4,83,0,87,127,0,127,214
07/04/2001,HHR,CA,AWP,WE,Federal Contract Tower,0,4,4,0,8,0,0,52,0,52,0,4,56,0,60,42,0,42,102
07/05/2001,HHR,CA,AWP,WE,Federal Contract Tower,0,3,6,0,9,0,1,69,0,70,0,4,75,0,79,106,0,106,185
07/06/2001,HHR,CA,AWP,WE,Federal Contract Tower,0,4,8,0,12,0,0,67,0,67,0,4,75,0,79,36,0,36,115
07/07/2001,HHR,CA,AWP,WE,Federal Contract Tower,0,2,10,0,12,0,0,71,0,71,0,2,81,0,83,138,0,138,221
07/08/2001,HHR,CA,AWP,WE,Federal Contract Tower,0,3,13,0,16,0,1,89,0,90,0,4,102,0,106,184,0,184,290
07/09/2001,HHR,CA,AWP,WE,Federal Contract Tower,0,2,12,0,14,0,0,79,0,79,0,2,91,0,93,87,0,87,180
07/10/2001,HHR,CA,AWP,WE,Federal Contract Tower,0,2,32,0,34,0,0,61,0,61,0,2,93,0,95,138,0,138,233
07/11/2001,HHR,CA,AWP,WE,Federal Contract Tower,0,1,16,0,17,0,0,89,0,89,0,1,105,0,106,86,0,86,192
07/12/2001,HHR,CA,AWP,WE,Federal Contract Tower,0,2,21,0,23,0,0,84,0,84,0,2,105,0,107,93,0,93,200
07/13/2001,HHR,CA,AWP,WE,Federal Contract Tower,0,0,8,0,8,0,0,179,0,179,0,0,187,0,187,203,0,203,390
07/14/2001,HHR,CA,AWP,WE,Federal Contract Tower,0,5,23,0,28,0,0,74,0,74,0,5,97,0,102,118,0,118,220
07/15/2001,HHR,CA,AWP,WE,Federal Contract Tower,0,2,14,0,16,0,0,130,0,130,0,2,144,0,146,128,0,128,274
07/16/2001,HHR,CA,AWP,WE,Federal Contract Tower,0,3,23,0,26,0,1,173,0,174,0,4,196,0,200,112,0,112,312
07/17/2001,HHR,CA,AWP,WE,Federal Contract Tower,0,2,21,0,23,0,3,129,0,132,0,5,150,0,155,78,0,78,233
07/18/2001,HHR,CA,AWP,WE,Federal Contract Tower,0,1,14,0,15,0,1,168,0,169,0,2,182,0,184,170,0,170,354
07/19/2001,HHR,CA,AWP,WE,Federal Contract Tower,0,4,23,0,27,0,1,180,0,181,0,5,203,0,208,186,0,186,394
07/20/2001,HHR,CA,AWP,WE,Federal Contract Tower,0,2,28,0,30,0,0,157,0,157,0,2,185,0,187,114,0,114,301
07/21/2001,HHR,CA,AWP,WE,Federal Contract Tower,0,4,11,0,15,0,2,110,0,112,0,6,121,0,127,104,0,104,231
07/22/2001,HHR,CA,AWP,WE,Federal Contract Tower,0,4,7,0,11,0,0,129,0,129,0,4,136,0,140,134,0,134,274
07/23/2001,HHR,CA,AWP,WE,Federal Contract Tower,0,2,12,0,14,0,0,105,0,105,0,2,117,0,119,58,0,58,177
07/24/2001,HHR,CA,AWP,WE,Federal Contract Tower,0,2,15,0,17,0,0,82,0,82,0,2,97,0,99,122,0,122,221
07/25/2001,HHR,CA,AWP,WE,Federal Contract Tower,0,2,19,0,21,0,0,119,0,119,0,2,138,0,140,113,0,113,253
07/26/2001,HHR,CA,AWP,WE,Federal Contract Tower,0,2,19,0,21,0,0,129,0,129,0,2,148,0,150,130,0,130,280
07/27/2001,HHR,CA,AWP,WE,Federal Contract Tower,0,4,22,0,26,0,2,123,8,133,0,6,145,8,159,148,0,148,307
07/28/2001,HHR,CA,AWP,WE,Federal Contract Tower,0,2,24,0,26,0,2,83,4,89,0,4,107,4,115,96,0,96,211
07/29/2001,HHR,CA,AWP,WE,Federal Contract Tower,0,4,15,0,19,0,0,88,2,90,0,4,103,2,109,154,0,154,263
07/30/2001,HHR,CA,AWP,WE,Federal Contract Tower,0,2,21,0,23,0,0,77,0,77,0,2,98,0,100,72,0,72,172
07/31/2001,HHR,CA,AWP,WE,Federal Contract Tower,0,2,21,0,23,0,0,123,0,123,0,2,144,0,146,132,0,132,278
08/01/2001,HHR,CA,AWP,WE,Federal Contract Tower,0,2,24,0,26,0,1,146,8,155,0,3,170,8,181,100,0,100,281
08/02/2001,HHR,CA,AWP,WE,Federal Contract Tower,0,4,25,0,29,0,0,83,0,83,0,4,108,0,112,74,0,74,186
08/03/2001,HHR,CA,AWP,WE,Federal Contract Tower,0,3,38,0,41,0,0,38,2,40,0,3,76,2,81,6,0,6,87
08/04/2001,HHR,CA,AWP,WE,Federal Contract Tower,0,5,26,0,31,0,0,75,0,75,0,5,101,0,106,111,0,111,217
08/05/2001,HHR,CA,AWP,WE,Federal Contract Tower,0,0,7,0,7,0,2,114,2,118,0,2,121,2,125,80,0,80,205
08/06/2001,HHR,CA,AWP,WE,Federal Contract Tower,0,1,4,0,5,0,1,125,0,126,0,2,129,0,131,40,0,40,171
08/07/2001,HHR,CA,AWP,WE,Federal Contract Tower,0,0,8,0,8,0,2,110,4,116,0,2,118,4,124,159,0,159,283
08/08/2001,HHR,CA,AWP,WE,Federal Contract Tower,0,2,25,0,27,0,0,60,0,60,0,2,85,0,87,59,0,59,146
08/09/2001,HHR,CA,AWP,WE,Federal Contract Tower,0,2,27,0,29,0,0,63,0,63,0,2,90,0,92,86,0,86,178
08/10/2001,HHR,CA,AWP,WE,Federal Contract Tower,0,4,17,0,21,0,0,102,0,102,0,4,119,0,123,133,0,133,256
08/11/2001,HHR,CA,AWP,WE,Federal Contract Tower,0,2,17,0,19,0,2,143,0,145,0,4,160,0,164,213,0,213,377
08/12/2001,HHR,CA,AWP,WE,Federal Contract Tower,0,4,20,0,24,0,1,81,2,84,0,5,101,2,108,142,0,142,250
08/13/2001,HHR,CA,AWP,WE,Federal Contract Tower,0,4,3,0,7,0,1,134,2,137,0,5,137,2,144,66,0,66,210
08/14/2001,HHR,CA,AWP,WE,Federal Contract Tower,0,1,9,0,10,0,4,153,0,157,0,5,162,0,167,148,0,148,315
08/15/2001,HHR,CA,AWP,WE,Federal Contract Tower,0,2,14,0,16,0,7,159,6,172,0,9,173,6,188,96,0,96,284
08/16/2001,HHR,CA,AWP,WE,Federal Contract Tower,0,3,17,0,20,0,1,156,4,161,0,4,173,4,181,111,0,111,292
08/17/2001,HHR,CA,AWP,WE,Federal Contract Tower,0,1,17,0,18,0,2,145,0,147,0,3,162,0,165,124,0,124,289
08/18/2001,HHR,CA,AWP,WE,Federal Contract Tower,0,0,13,0,13,0,5,150,0,155,0,5,163,0,168,146,0,146,314
08/19/2001,HHR,CA,AWP,WE,Federal Contract Tower,0,0,4,0,4,0,3,74,0,77,0,3,78,0,81,80,0,80,161
08/20/2001,HHR,CA,AWP,WE,Federal Contract Tower,0,3,22,0,25,0,2,122,0,124,0,5,144,0,149,81,0,81,230
08/21/2001,HHR,CA,AWP,WE,Federal Contract Tower,0,3,16,0,19,0,1,121,0,122,0,4,137,0,141,122,0,122,263
08/22/2001,HHR,CA,AWP,WE,Federal Contract Tower,0,3,21,0,24,0,1,106,1,108,0,4,127,1,132,244,0,244,376
08/23/2001,HHR,CA,AWP,WE,Federal Contract Tower,0,2,12,0,14,0,4,129,2,135,0,6,141,2,149,120,2,122,271
08/24/2001,HHR,CA,AWP,WE,Federal Contract Tower,0,1,9,0,10,0,3,145,0,148,0,4,154,0,158,150,0,150,308
08/25/2001,HHR,CA,AWP,WE,Federal Contract Tower,0,4,41,0,45,0,4,101,1,106,0,8,142,1,151,60,0,60,211
08/26/2001,HHR,CA,AWP,WE,Federal Contract Tower,0,7,32,0,39,0,0,62,0,62,0,7,94,0,101,88,0,88,189
08/27/2001,HHR,CA,AWP,WE,Federal Contract Tower,0,4,23,0,27,0,0,89,0,89,0,4,112,0,116,92,0,92,208
08/28/2001,HHR,CA,AWP,WE,Federal Contract Tower,0,0,16,0,16,0,2,90,1,93,0,2,106,1,109,129,0,129,238
08/29/2001,HHR,CA,AWP,WE,Federal Contract Tower,0,6,22,0,28,0,0,117,3,120,0,6,139,3,148,156,0,156,304
08/30/2001,HHR,CA,AWP,WE,Federal Contract Tower,0,2,33,0,35,0,1,104,2,107,0,3,137,2,142,132,0,132,274
08/31/2001,HHR,CA,AWP,WE,Federal Contract Tower,0,3,27,0,30,0,0,129,0,129,0,3,156,0,159,176,0,176,335
09/01/2001,HHR,CA,AWP,WE,Federal Contract Tower,0,0,7,0,7,0,2,138,0,140,0,2,145,0,147,152,0,152,299
09/02/2001,HHR,CA,AWP,WE,Federal Contract Tower,0,1,9,0,10,0,1,92,13,106,0,2,101,13,116,86,16,102,218
09/03/2001,HHR,CA,AWP,WE,Federal Contract Tower,0,4,16,0,20,0,0,84,2,86,0,4,100,2,106,78,0,78,184
09/04/2001,HHR,CA,AWP,WE,Federal Contract Tower,0,4,19,0,23,0,0,96,0,96,0,4,115,0,119,85,0,85,204
09/05/2001,HHR,CA,AWP,WE,Federal Contract Tower,0,4,27,0,31,0,0,100,4,104,0,4,127,4,135,144,0,144,279
09/06/2001,HHR,CA,AWP,WE,Federal Contract Tower,0,2,28,0,30,0,0,116,1,117,0,2,144,1,147,100,0,100,247
09/07/2001,HHR,CA,AWP,WE,Federal Contract Tower,0,2,24,0,26,0,0,102,0,102,0,2,126,0,128,163,0,163,291
09/08/2001,HHR,CA,AWP,WE,Federal Contract Tower,0,4,28,0,32,0,1,75,3,79,0,5,103,3,111,152,0,152,263
09/09/2001,HHR,CA,AWP,WE,Federal Contract Tower,0,4,19,0,23,0,0,47,0,47,0,4,66,0,70,165,0,165,235
09/10/2001,HHR,CA,AWP,WE,Federal Contract Tower,0,4,22,0,26,0,0,81,4,85,0,4,103,4,111,186,0,186,297
09/11/2001,HHR,CA,AWP,WE,Federal Contract Tower,0,0,1,0,1,0,0,10,0,10,0,0,11,0,11,0,0,0,11
09/12/2001,HHR,CA,AWP,WE,Federal Contract Tower,0,0,0,0,0,0,0,19,0,19,0,0,19,0,19,0,0,0,19
09/13/2001,HHR,CA,AWP,WE,Federal Contract Tower,0,4,0,0,4,0,0,30,0,30,0,4,30,0,34,0,0,0,34
09/14/2001,HHR,CA,AWP,WE,Federal Contract Tower,0,7,7,0,14,0,1,4,0,5,0,8,11,0,19,0,0,0,19
09/15/2001,HHR,CA,AWP,WE,Federal Contract Tower,0,2,27,0,29,0,0,6,0,6,0,2,33,0,35,0,0,0,35
09/16/2001,HHR,CA,AWP,WE,Federal Contract Tower,0,1,11,0,12,0,0,4,0,4,0,1,15,0,16,0,0,0,16
09/17/2001,HHR,CA,AWP,WE,Federal Contract Tower,0,3,35,0,38,0,1,0,1,2,0,4,35,1,40,0,0,0,40
09/18/2001,HHR,CA,AWP,WE,Federal Contract Tower,0,3,35,0,38,0,0,21,2,23,0,3,56,2,61,0,0,0,61
09/19/2001,HHR,CA,AWP,WE,Federal Contract Tower,0,0,47,0,47,0,0,28,2,30,0,0,75,2,77,0,0,0,77
09/20/2001,HHR,CA,AWP,WE,Federal Contract Tower,0,0,36,0,36,0,0,20,3,23,0,0,56,3,59,0,0,0,59
09/21/2001,HHR,CA,AWP,WE,Federal Contract Tower,0,1,38,0,39,0,2,6,1,9,0,3,44,1,48,0,0,0,48
09/22/2001,HHR,CA,AWP,WE,Federal Contract Tower,0,0,36,0,36,0,1,14,1,16,0,1,50,1,52,24,0,24,76
09/23/2001,HHR,CA,AWP,WE,Federal Contract Tower,0,2,19,0,21,0,0,11,0,11,0,2,30,0,32,56,0,56,88
09/24/2001,HHR,CA,AWP,WE,Federal Contract Tower,0,2,38,0,40,0,0,29,6,35,0,2,67,6,75,36,0,36,111
09/25/2001,HHR,CA,AWP,WE,Federal Contract Tower,0,0,38,0,38,0,0,37,2,39,0,0,75,2,77,108,0,108,185
09/26/2001,HHR,CA,AWP,WE,Federal Contract Tower,0,2,38,0,40,0,1,50,6,57,0,3,88,6,97,54,0,54,151
09/27/2001,HHR,CA,AWP,WE,Federal Contract Tower,0,0,44,0,44,0,0,35,1,36,0,0,79,1,80,66,0,66,146
09/28/2001,HHR,CA,AWP,WE,Federal Contract Tower,0,3,33,0,36,0,2,32,1,35,0,5,65,1,71,41,0,41,112
09/29/2001,HHR,CA,AWP,WE,Federal Contract Tower,0,0,32,0,32,0,0,40,1,41,0,0,72,1,73,114,0,114,187
09/30/2001,HHR,CA,AWP,WE,Federal Contract Tower,0,0,29,0,29,0,0,28,0,28,0,0,57,0,57,78,0,78,135
10/01/2001,HHR,CA,AWP,WE,Federal Contract Tower,0,2,30,0,32,0,2,19,2,23,0,4,49,2,55,60,0,60,115
10/02/2001,HHR,CA,AWP,WE,Federal Contract Tower,0,2,31,0,33,0,2,41,0,43,0,4,72,0,76,158,0,158,234
10/03/2001,HHR,CA,AWP,WE,Federal Contract Tower,0,1,30,0,31,0,1,42,0,43,0,2,72,0,74,148,0,148,222
10/04/2001,HHR,CA,AWP,WE,Federal Contract Tower,0,5,57,0,62,0,0,54,1,55,0,5,111,1,117,128,0,128,245
10/05/2001,HHR,CA,AWP,WE,Federal Contract Tower,0,5,28,0,33,0,2,34,2,38,0,7,62,2,71,148,0,148,219
10/06/2001,HHR,CA,AWP,WE,Federal Contract Tower,0,3,31,0,34,0,0,61,1,62,0,3,92,1,96,160,0,160,256
10/07/2001,HHR,CA,AWP,WE,Federal Contract Tower,0,0,31,0,31,0,0,52,0,52,0,0,83,0,83,112,0,112,195
10/08/2001,HHR,CA,AWP,WE,Federal Contract Tower,0,1,26,0,27,0,1,15,0,16,0,2,41,0,43,72,0,72,115
10/09/2001,HHR,CA,AWP,WE,Federal Contract Tower,0,1,31,0,32,0,2,32,0,34,0,3,63,0,66,93,0,93,159
10/10/2001,HHR,CA,AWP,WE,Federal Contract Tower,0,1,30,0,31,0,7,45,0,52,0,8,75,0,83,136,0,136,219
10/11/2001,HHR,CA,AWP,WE,Federal Contract Tower,0,3,41,2,46,0,0,14,3,17,0,3,55,5,63,24,0,24,87
10/12/2001,HHR,CA,AWP,WE,Federal Contract Tower,0,1,38,0,39,0,6,36,1,43,0,7,74,1,82,94,0,94,176
10/13/2001,HHR,CA,AWP,WE,Federal Contract Tower,0,0,27,0,27,0,6,32,2,40,0,6,59,2,67,115,0,115,182
10/14/2001,HHR,CA,AWP,WE,Federal Contract Tower,0,3,18,0,21,0,4,39,0,43,0,7,57,0,64,174,0,174,238
10/15/2001,HHR,CA,AWP,WE,Federal Contract Tower,0,1,30,0,31,0,1,12,0,13,0,2,42,0,44,12,0,12,56
10/16/2001,HHR,CA,AWP,WE,Federal Contract Tower,0,0,35,0,35,0,3,30,0,33,0,3,65,0,68,84,0,84,152
10/17/2001,HHR,CA,AWP,WE,Federal Contract Tower,0,2,29,0,31,0,5,47,1,53,0,7,76,1,84,96,0,96,180
10/18/2001,HHR,CA,AWP,WE,Federal Contract Tower,0,1,33,0,34,0,6,41,2,49,0,7,74,2,83,102,0,102,185
10/19/2001,HHR,CA,AWP,WE,Federal Contract Tower,0,0,40,0,40,0,3,56,1,60,0,3,96,1,100,70,0,70,170
10/20/2001,HHR,CA,AWP,WE,Federal Contract Tower,0,3,35,0,38,0,8,32,3,43,0,11,67,3,81,153,0,153,234
10/21/2001,HHR,CA,AWP,WE,Federal Contract Tower,0,0,31,0,31,0,3,33,2,38,0,3,64,2,69,100,0,100,169
10/22/2001,HHR,CA,AWP,WE,Federal Contract Tower,0,0,31,0,31,0,2,49,3,54,0,2,80,3,85,74,0,74,159
10/23/2001,HHR,CA,AWP,WE,Federal Contract Tower,0,6,52,1,59,0,0,0,1,1,0,6,52,2,60,0,0,0,60
10/24/2001,HHR,CA,AWP,WE,Federal Contract Tower,0,1,38,0,39,0,0,44,0,44,0,1,82,0,83,92,0,92,175
10/25/2001,HHR,CA,AWP,WE,Federal Contract Tower,0,2,29,0,31,0,2,29,0,31,0,4,58,0,62,42,0,42,104
10/26/2001,HHR,CA,AWP,WE,Federal Contract Tower,0,0,16,0,16,0,4,56,0,60,0,4,72,0,76,70,0,70,146
10/27/2001,HHR,CA,AWP,WE,Federal Contract Tower,0,0,27,0,27,0,2,76,1,79,0,2,103,1,106,154,0,154,260
10/28/2001,HHR,CA,AWP,WE,Federal Contract Tower,0,0,12,0,12,0,0,83,0,83,0,0,95,0,95,222,0,222,317
10/29/2001,HHR,CA,AWP,WE,Federal Contract Tower,0,0,18,0,18,0,3,61,0,64,0,3,79,0,82,140,0,140,222
10/30/2001,HHR,CA,AWP,WE,Federal Contract Tower,0,2,17,0,19,0,5,57,0,62,0,7,74,0,81,46,0,46,127
10/31/2001,HHR,CA,AWP,WE,Federal Contract Tower,0,0,29,0,29,0,3,95,0,98,0,3,124,0,127,172,0,172,299
11/01/2001,HHR,CA,AWP,WE,Federal Contract Tower,0,1,21,0,22,0,1,80,0,81,0,2,101,0,103,224,0,224,327
11/02/2001,HHR,CA,AWP,WE,Federal Contract Tower,0,1,27,0,28,0,2,70,2,74,0,3,97,2,102,199,0,199,301
11/03/2001,HHR,CA,AWP,WE,Federal Contract Tower,0,1,14,0,15,0,3,238,0,241,0,4,252,0,256,152,0,152,408
11/04/2001,HHR,CA,AWP,WE,Federal Contract Tower,0,0,23,0,23,0,1,39,0,40,0,1,62,0,63,69,0,69,132
11/05/2001,HHR,CA,AWP,WE,Federal Contract Tower,0,0,35,0,35,0,0,0,0,0,0,0,35,0,35,0,0,0,35
11/06/2001,HHR,CA,AWP,WE,Federal Contract Tower,0,2,37,0,39,0,0,6,0,6,0,2,43,0,45,10,0,10,55
11/07/2001,HHR,CA,AWP,WE,Federal Contract Tower,0,0,22,0,22,0,0,41,0,41,0,0,63,0,63,170,0,170,233
11/08/2001,HHR,CA,AWP,WE,Federal Contract Tower,0,0,23,0,23,0,4,82,0,86,0,4,105,0,109,88,0,88,197
11/09/2001,HHR,CA,AWP,WE,Federal Contract Tower,0,4,24,0,28,0,0,66,2,68,0,4,90,2,96,100,0,100,196
11/10/2001,HHR,CA,AWP,WE,Federal Contract Tower,0,0,29,0,29,0,0,52,1,53,0,0,81,1,82,254,0,254,336
11/11/2001,HHR,CA,AWP,WE,Federal Contract Tower,0,0,24,1,25,0,0,58,0,58,0,0,82,1,83,122,0,122,205
11/12/2001,HHR,CA,AWP,WE,Federal Contract Tower,0,0,18,0,18,0,2,46,0,48,0,2,64,0,66,88,0,88,154
11/13/2001,HHR,CA,AWP,WE,Federal Contract Tower,0,2,13,0,15,0,2,82,2,86,0,4,95,2,101,90,0,90,191
11/14/2001,HHR,CA,AWP,WE,Federal Contract Tower,0,0,8,0,8,0,2,88,4,94,0,2,96,4,102,88,0,88,190
11/15/2001,HHR,CA,AWP,WE,Federal Contract Tower,0,0,4,0,4,0,5,138,2,145,0,5,142,2,149,108,0,108,257
11/16/2001,HHR,CA,AWP,WE,Federal Contract Tower,0,1,11,0,12,0,2,92,0,94,0,3,103,0,106,182,0,182,288
11/17/2001,HHR,CA,AWP,WE,Federal Contract Tower,0,3,17,0,20,0,0,88,0,88,0,3,105,0,108,162,0,162,270
11/18/2001,HHR,CA,AWP,WE,Federal Contract Tower,0,0,25,0,25,0,0,89,0,89,0,0,114,0,114,214,0,214,328
11/19/2001,HHR,CA,AWP,WE,Federal Contract Tower,0,0,13,0,13,0,2,77,0,79,0,2,90,0,92,138,0,138,230
11/20/2001,HHR,CA,AWP,WE,Federal Contract Tower,0,2,15,0,17,0,4,86,0,90,0,6,101,0,107,132,0,132,239
11/21/2001,HHR,CA,AWP,WE,Federal Contract Tower,0,2,21,0,23,0,1,86,2,89,0,3,107,2,112,132,0,132,244
11/22/2001,HHR,CA,AWP,WE,Federal Contract Tower,0,0,6,0,6,0,1,22,0,23,0,1,28,0,29,4,0,4,33
11/23/2001,HHR,CA,AWP,WE,Federal Contract Tower,0,0,6,0,6,0,1,90,1,92,0,1,96,1,98,146,0,146,244
11/24/2001,HHR,CA,AWP,WE,Federal Contract Tower,0,7,13,0,20,0,2,7,2,11,0,9,20,2,31,42,38,80,111
11/25/2001,HHR,CA,AWP,WE,Federal Contract Tower,0,0,14,0,14,0,0,76,4,80,0,0,90,4,94,138,24,162,256
11/26/2001,HHR,CA,AWP,WE,Federal Contract Tower,0,0,15,0,15,0,1,65,0,66,0,1,80,0,81,101,0,101,182
11/27/2001,HHR,CA,AWP,WE,Federal Contract Tower,0,0,5,0,5,0,1,85,3,89,0,1,90,3,94,88,24,112,206
11/28/2001,HHR,CA,AWP,WE,Federal Contract Tower,0,1,14,0,15,0,2,135,0,137,0,3,149,0,152,134,0,134,286
11/29/2001,HHR,CA,AWP,WE,Federal Contract Tower,0,1,21,0,22,0,0,45,0,45,0,1,66,0,67,32,0,32,99
11/30/2001,HHR,CA,AWP,WE,Federal Contract Tower,0,0,14,0,14,0,1,146,5,152,0,1,160,5,166,130,0,130,296
12/01/2001,HHR,CA,AWP,WE,Federal Contract Tower,0,0,7,0,7,0,0,119,2,121,0,0,126,2,128,191,0,191,319
12/02/2001,HHR,CA,AWP,WE,Federal Contract Tower,0,0,9,0,9,0,0,59,2,61,0,0,68,2,70,138,4,142,212
12/03/2001,HHR,CA,AWP,WE,Federal Contract Tower,0,0,13,0,13,0,1,37,0,38,0,1,50,0,51,28,0,28,79
12/04/2001,HHR,CA,AWP,WE,Federal Contract Tower,0,1,10,0,11,0,2,91,1,94,0,3,101,1,105,90,0,90,195
12/05/2001,HHR,CA,AWP,WE,Federal Contract Tower,0,0,6,0,6,0,4,135,1,140,0,4,141,1,146,132,0,132,278
12/06/2001,HHR,CA,AWP,WE,Federal Contract Tower,0,0,14,0,14,0,1,144,0,145,0,1,158,0,159,110,0,110,269
12/07/2001,HHR,CA,AWP,WE,Federal Contract Tower,0,1,9,0,10,0,1,120,1,122,0,2,129,1,132,168,0,168,300
12/08/2001,HHR,CA,AWP,WE,Federal Contract Tower,0,0,10,0,10,0,0,121,0,121,0,0,131,0,131,136,0,136,267
12/09/2001,HHR,CA,AWP,WE,Federal Contract Tower,0,1,11,0,12,0,0,83,2,85,0,1,94,2,97,94,0,94,191
12/10/2001,HHR,CA,AWP,WE,Federal Contract Tower,0,0,10,0,10,0,4,66,2,72,0,4,76,2,82,60,0,60,142
12/11/2001,HHR,CA,AWP,WE,Federal Contract Tower,0,0,9,0,9,0,2,96,2,100,0,2,105,2,109,96,0,96,205
12/12/2001,HHR,CA,AWP,WE,Federal Contract Tower,0,0,11,0,11,0,1,111,1,113,0,1,122,1,124,154,0,154,278
12/13/2001,HHR,CA,AWP,WE,Federal Contract Tower,0,0,11,0,11,0,3,127,3,133,0,3,138,3,144,179,0,179,323
12/14/2001,HHR,CA,AWP,WE,Federal Contract Tower,0,1,22,0,23,0,1,49,1,51,0,2,71,1,74,36,0,36,110
12/15/2001,HHR,CA,AWP,WE,Federal Contract Tower,0,1,7,0,8,0,2,140,3,145,0,3,147,3,153,198,0,198,351
12/16/2001,HHR,CA,AWP,WE,Federal Contract Tower,0,0,8,0,8,0,0,155,1,156,0,0,163,1,164,236,0,236,400
12/17/2001,HHR,CA,AWP,WE,Federal Contract Tower,0,1,4,0,5,0,1,108,1,110,0,2,112,1,115,104,0,104,219
12/18/2001,HHR,CA,AWP,WE,Federal Contract Tower,0,0,11,0,11,0,1,105,1,107,0,1,116,1,118,20,0,20,138
12/19/2001,HHR,CA,AWP,WE,Federal Contract Tower,0,0,14,0,14,0,0,107,0,107,0,0,121,0,121,58,0,58,179
12/20/2001,HHR,CA,AWP,WE,Federal Contract Tower,0,2,30,0,32,0,0,67,2,69,0,2,97,2,101,78,20,98,199
12/21/2001,HHR,CA,AWP,WE,Federal Contract Tower,0,3,19,0,22,0,0,69,1,70,0,3,88,1,92,64,0,64,156
12/22/2001,HHR,CA,AWP,WE,Federal Contract Tower,0,0,10,0,10,0,0,131,0,131,0,0,141,0,141,156,0,156,297
12/23/2001,HHR,CA,AWP,WE,Federal Contract Tower,0,1,13,0,14,0,1,81,1,83,0,2,94,1,97,142,0,142,239
12/24/2001,HHR,CA,AWP,WE,Federal Contract Tower,0,0,3,0,3,0,3,66,1,70,0,3,69,1,73,54,0,54,127
12/25/2001,HHR,CA,AWP,WE,Federal Contract Tower,0,0,4,0,4,0,0,40,0,40,0,0,44,0,44,46,0,46,90
12/26/2001,HHR,CA,AWP,WE,Federal Contract Tower,0,0,3,0,3,0,3,75,0,78,0,3,78,0,81,100,0,100,181
12/27/2001,HHR,CA,AWP,WE,Federal Contract Tower,0,0,9,0,9,0,0,104,0,104,0,0,113,0,113,87,0,87,200
12/28/2001,HHR,CA,AWP,WE,Federal Contract Tower,0,2,15,0,17,0,1,73,1,75,0,3,88,1,92,86,0,86,178
12/29/2001,HHR,CA,AWP,WE,Federal Contract Tower,0,0,11,0,11,0,0,20,1,21,0,0,31,1,32,38,0,38,70
12/30/2001,HHR,CA,AWP,WE,Federal Contract Tower,0,0,8,0,8,0,0,97,0,97,0,0,105,0,105,190,0,190,295
12/31/2001,HHR,CA,AWP,WE,Federal Contract Tower,0,3,13,0,16,0,2,14,0,16,0,5,27,0,32,20,0,20,52
01/01/2002,HHR,CA,AWP,WE,Federal Contract Tower,0,2,14,0,16,0,0,24,0,24,0,2,38,0,40,64,0,64,104
01/02/2002,HHR,CA,AWP,WE,Federal Contract Tower,0,3,33,2,38,0,1,4,0,5,0,4,37,2,43,0,0,0,43
01/03/2002,HHR,CA,AWP,WE,Federal Contract Tower,0,0,12,0,12,0,1,56,0,57,0,1,68,0,69,98,0,98,167
01/04/2002,HHR,CA,AWP,WE,Federal Contract Tower,0,2,20,0,22,0,2,83,2,87,0,4,103,2,109,40,0,40,149
01/05/2002,HHR,CA,AWP,WE,Federal Contract Tower,0,0,11,0,11,0,0,128,2,130,0,0,139,2,141,140,0,140,281
01/06/2002,HHR,CA,AWP,WE,Federal Contract Tower,0,0,10,0,10,0,0,107,0,107,0,0,117,0,117,208,0,208,325
01/07/2002,HHR,CA,AWP,WE,Federal Contract Tower,0,0,8,0,8,0,1,78,6,85,0,1,86,6,93,72,0,72,165
01/08/2002,HHR,CA,AWP,WE,Federal Contract Tower,0,0,2,0,2,0,1,111,0,112,0,1,113,0,114,64,0,64,178
01/09/2002,HHR,CA,AWP,WE,Federal Contract Tower,0,2,33,0,35,0,0,64,3,67,0,2,97,3,102,137,8,145,247
01/10/2002,HHR,CA,AWP,WE,Federal Contract Tower,0,0,12,0,12,0,1,109,2,112,0,1,121,2,124,168,8,176,300
01/11/2002,HHR,CA,AWP,WE,Federal Contract Tower,0,0,11,0,11,0,1,112,0,113,0,1,123,0,124,191,0,191,315
01/12/2002,HHR,CA,AWP,WE,Federal Contract Tower,0,0,10,0,10,0,0,154,0,154,0,0,164,0,164,124,0,124,288
01/13/2002,HHR,CA,AWP,WE,Federal Contract Tower,0,0,13,0,13,0,0,113,0,113,0,0,126,0,126,74,0,74,200
01/14/2002,HHR,CA,AWP,WE,Federal Contract Tower,0,1,21,0,22,0,0,38,0,38,0,1,59,0,60,92,0,92,152
01/15/2002,HHR,CA,AWP,WE,Federal Contract Tower,0,1,22,0,23,0,0,71,0,71,0,1,93,0,94,28,0,28,122
01/16/2002,HHR,CA,AWP,WE,Federal Contract Tower,0,0,28,0,28,0,1,89,0,90,0,1,117,0,118,90,0,90,208
01/17/2002,HHR,CA,AWP,WE,Federal Contract Tower,0,0,5,0,5,0,2,114,5,121,0,2,119,5,126,54,0,54,180
01/18/2002,HHR,CA,AWP,WE,Federal Contract Tower,0,1,13,0,14,0,5,102,1,108,0,6,115,1,122,20,0,20,142
01/19/2002,HHR,CA,AWP,WE,Federal Contract Tower,0,0,6,0,6,0,2,119,0,121,0,2,125,0,127,106,0,106,233
01/20/2002,HHR,CA,AWP,WE,Federal Contract Tower,0,0,15,0,15,0,0,125,0,125,0,0,140,0,140,192,0,192,332
01/21/2002,HHR,CA,AWP,WE,Federal Contract Tower,0,1,6,0,7,0,0,128,0,128,0,1,134,0,135,128,0,128,263
01/22/2002,HHR,CA,AWP,WE,Federal Contract Tower,0,1,16,0,17,0,0,92,0,92,0,1,108,0,109,66,0,66,175
01/23/2002,HHR,CA,AWP,WE,Federal Contract Tower,0,0,11,0,11,0,3,124,0,127,0,3,135,0,138,62,0,62,200
01/24/2002,HHR,CA,AWP,WE,Federal Contract Tower,0,0,16,0,16,0,2,114,1,117,0,2,130,1,133,144,0,144,277
01/25/2002,HHR,CA,AWP,WE,Federal Contract Tower,0,0,9,0,9,0,2,118,1,121,0,2,127,1,130,161,0,161,291
01/26/2002,HHR,CA,AWP,WE,Federal Contract Tower,0,0,17,0,17,0,0,95,2,97,0,0,112,2,114,152,0,152,266
01/27/2002,HHR,CA,AWP,WE,Federal Contract Tower,0,0,10,0,10,0,0,12,2,14,0,0,22,2,24,16,0,16,40
01/28/2002,HHR,CA,AWP,WE,Federal Contract Tower,0,1,22,0,23,0,0,68,0,68,0,1,90,0,91,18,0,18,109
01/29/2002,HHR,CA,AWP,WE,Federal Contract Tower,0,1,15,0,16,0,1,82,1,84,0,2,97,1,100,50,0,50,150
01/30/2002,HHR,CA,AWP,WE,Federal Contract Tower,0,0,11,0,11,0,5,153,2,160,0,5,164,2,171,70,0,70,241
01/31/2002,HHR,CA,AWP,WE,Federal Contract Tower,0,0,18,0,18,0,1,127,0,128,0,1,145,0,146,115,0,115,261
02/01/2002,HHR,CA,AWP,WE,Federal Contract Tower,0,0,12,0,12,0,1,178,1,180,0,1,190,1,192,110,0,110,302
02/02/2002,HHR,CA,AWP,WE,Federal Contract Tower,0,0,12,0,12,0,0,132,2,134,0,0,144,2,146,134,0,134,280
02/03/2002,HHR,CA,AWP,WE,Federal Contract Tower,0,0,6,0,6,0,0,149,0,149,0,0,155,0,155,146,0,146,301
02/04/2002,HHR,CA,AWP,WE,Federal Contract Tower,0,1,6,0,7,0,1,91,0,92,0,2,97,0,99,84,0,84,183
02/05/2002,HHR,CA,AWP,WE,Federal Contract Tower,0,2,8,0,10,0,1,125,8,134,0,3,133,8,144,118,0,118,262
02/06/2002,HHR,CA,AWP,WE,Federal Contract Tower,0,0,25,0,25,0,2,126,0,128,0,2,151,0,153,66,0,66,219
02/07/2002,HHR,CA,AWP,WE,Federal Contract Tower,0,1,32,0,33,0,2,86,0,88,0,3,118,0,121,82,0,82,203
02/08/2002,HHR,CA,AWP,WE,Federal Contract Tower,0,0,29,0,29,0,1,117,1,119,0,1,146,1,148,95,0,95,243
02/09/2002,HHR,CA,AWP,WE,Federal Contract Tower,0,0,8,0,8,0,0,105,1,106,0,0,113,1,114,123,0,123,237
02/10/2002,HHR,CA,AWP,WE,Federal Contract Tower,0,0,4,0,4,0,5,88,0,93,0,5,92,0,97,126,0,126,223
02/11/2002,HHR,CA,AWP,WE,Federal Contract Tower,0,0,11,0,11,0,2,127,3,132,0,2,138,3,143,110,0,110,253
02/12/2002,HHR,CA,AWP,WE,Federal Contract Tower,0,0,8,0,8,0,1,119,4,124,0,1,127,4,132,120,0,120,252
02/13/2002,HHR,CA,AWP,WE,Federal Contract Tower,0,1,9,0,10,0,2,149,3,154,0,3,158,3,164,102,0,102,266
02/14/2002,HHR,CA,AWP,WE,Federal Contract Tower,0,0,15,0,15,0,2,121,0,123,0,2,136,0,138,192,0,192,330
02/15/2002,HHR,CA,AWP,WE,Federal Contract Tower,0,2,19,2,23,0,0,155,1,156,0,2,174,3,179,156,0,156,335
02/16/2002,HHR,CA,AWP,WE,Federal Contract Tower,0,1,29,0,30,0,1,39,0,40,0,2,68,0,70,112,0,112,182
02/17/2002,HHR,CA,AWP,WE,Federal Contract Tower,0,0,15,0,15,0,2,69,2,73,0,2,84,2,88,136,16,152,240
02/18/2002,HHR,CA,AWP,WE,Federal Contract Tower,0,0,17,0,17,0,0,99,0,99,0,0,116,0,116,130,0,130,246
02/19/2002,HHR,CA,AWP,WE,Federal Contract Tower,0,0,8,0,8,0,1,120,0,121,0,1,128,0,129,105,0,105,234
02/20/2002,HHR,CA,AWP,WE,Federal Contract Tower,0,3,21,0,24,0,2,119,0,121,0,5,140,0,145,81,0,81,226
02/21/2002,HHR,CA,AWP,WE,Federal Contract Tower,0,0,15,0,15,0,3,136,4,143,0,3,151,4,158,130,34,164,322
02/22/2002,HHR,CA,AWP,WE,Federal Contract Tower,0,0,6,0,6,0,1,132,1,134,0,1,138,1,140,97,0,97,237
02/23/2002,HHR,CA,AWP,WE,Federal Contract Tower,0,1,14,0,15,0,1,141,0,142,0,2,155,0,157,110,0,110,267
02/24/2002,HHR,CA,AWP,WE,Federal Contract Tower,0,0,12,0,12,0,1,137,0,138,0,1,149,0,150,192,0,192,342
02/25/2002,HHR,CA,AWP,WE,Federal Contract Tower,0,0,12,0,12,0,1,52,1,54,0,1,64,1,66,76,0,76,142
02/26/2002,HHR,CA,AWP,WE,Federal Contract Tower,0,1,9,0,10,0,1,116,1,118,0,2,125,1,128,98,0,98,226
02/27/2002,HHR,CA,AWP,WE,Federal Contract Tower,0,0,11,0,11,0,1,117,4,122,0,1,128,4,133,108,0,108,241
02/28/2002,HHR,CA,AWP,WE,Federal Contract Tower,0,1,37,0,38,0,0,70,1,71,0,1,107,1,109,54,0,54,163
03/01/2002,HHR,CA,AWP,WE,Federal Contract Tower,0,0,14,0,14,0,0,93,4,97,0,0,107,4,111,94,0,94,205
03/02/2002,HHR,CA,AWP,WE,Federal Contract Tower,0,1,5,0,6,0,0,152,4,156,0,1,157,4,162,175,0,175,337
03/03/2002,HHR,CA,AWP,WE,Federal Contract Tower,0,1,12,0,13,0,0,137,0,137,0,1,149,0,150,176,0,176,326
03/04/2002,HHR,CA,AWP,WE,Federal Contract Tower,0,0,9,0,9,0,2,137,4,143,0,2,146,4,152,104,0,104,256
03/05/2002,HHR,CA,AWP,WE,Federal Contract Tower,0,0,11,0,11,0,1,128,0,129,0,1,139,0,140,94,0,94,234
03/06/2002,HHR,CA,AWP,WE,Federal Contract Tower,0,0,22,0,22,0,1,120,0,121,0,1,142,0,143,122,0,122,265
03/07/2002,HHR,CA,AWP,WE,Federal Contract Tower,0,3,26,0,29,0,0,61,2,63,0,3,87,2,92,82,0,82,174
03/08/2002,HHR,CA,AWP,WE,Federal Contract Tower,0,0,7,0,7,0,3,138,0,141,0,3,145,0,148,80,0,80,228
03/09/2002,HHR,CA,AWP,WE,Federal Contract Tower,0,1,12,0,13,0,1,136,0,137,0,2,148,0,150,220,0,220,370
03/10/2002,HHR,CA,AWP,WE,Federal Contract Tower,0,0,7,0,7,0,2,147,0,149,0,2,154,0,156,164,0,164,320
03/11/2002,HHR,CA,AWP,WE,Federal Contract Tower,0,1,9,0,10,0,0,149,1,150,0,1,158,1,160,132,0,132,292
03/12/2002,HHR,CA,AWP,WE,Federal Contract Tower,0,0,16,0,16,0,1,65,2,68,0,1,81,2,84,48,0,48,132
03/13/2002,HHR,CA,AWP,WE,Federal Contract Tower,0,0,10,0,10,0,0,127,2,129,0,0,137,2,139,61,0,61,200
03/14/2002,HHR,CA,AWP,WE,Federal Contract Tower,0,2,9,0,11,0,0,123,2,125,0,2,132,2,136,66,0,66,202
03/15/2002,HHR,CA,AWP,WE,Federal Contract Tower,0,3,19,0,22,0,1,137,2,140,0,4,156,2,162,61,0,61,223
03/16/2002,HHR,CA,AWP,WE,Federal Contract Tower,0,3,11,0,14,0,0,127,24,151,0,3,138,24,165,84,0,84,249
03/17/2002,HHR,CA,AWP,WE,Federal Contract Tower,0,1,14,0,15,0,0,76,0,76,0,1,90,0,91,186,0,186,277
03/18/2002,HHR,CA,AWP,WE,Federal Contract Tower,0,0,13,0,13,0,1,116,0,117,0,1,129,0,130,110,0,110,240
03/19/2002,HHR,CA,AWP,WE,Federal Contract Tower,0,0,18,0,18,0,4,159,2,165,0,4,177,2,183,112,0,112,295
03/20/2002,HHR,CA,AWP,WE,Federal Contract Tower,0,0,17,0,17,0,2,161,2,165,0,2,178,2,182,178,0,178,360
03/21/2002,HHR,CA,AWP,WE,Federal Contract Tower,0,0,12,0,12,0,2,139,1,142,0,2,151,1,154,112,0,112,266
03/22/2002,HHR,CA,AWP,WE,Federal Contract Tower,0,1,15,0,16,0,1,136,11,148,0,2,151,11,164,82,0,82,246
03/23/2002,HHR,CA,AWP,WE,Federal Contract Tower,0,2,23,0,25,0,0,88,8,96,0,2,111,8,121,132,0,132,253
03/24/2002,HHR,CA,AWP,WE,Federal Contract Tower,0,0,12,0,12,0,0,78,0,78,0,0,90,0,90,84,0,84,174
03/25/2002,HHR,CA,AWP,WE,Federal Contract Tower,0,1,12,0,13,0,0,116,0,116,0,1,128,0,129,116,0,116,245
03/26/2002,HHR,CA,AWP,WE,Federal Contract Tower,0,2,9,0,11,0,1,122,0,123,0,3,131,0,134,96,0,96,230
03/27/2002,HHR,CA,AWP,WE,Federal Contract Tower,0,1,29,0,30,0,1,110,0,111,0,2,139,0,141,148,0,148,289
03/28/2002,HHR,CA,AWP,WE,Federal Contract Tower,0,3,25,0,28,0,0,112,0,112,0,3,137,0,140,86,0,86,226
03/29/2002,HHR,CA,AWP,WE,Federal Contract Tower,0,3,25,0,28,0,0,61,0,61,0,3,86,0,89,191,0,191,280
03/30/2002,HHR,CA,AWP,WE,Federal Contract Tower,0,1,39,0,40,0,0,36,0,36,0,1,75,0,76,146,0,146,222
03/31/2002,HHR,CA,AWP,WE,Federal Contract Tower,0,2,21,0,23,0,0,8,0,8,0,2,29,0,31,2,0,2,33
04/01/2002,HHR,CA,AWP,WE,Federal Contract Tower,0,3,23,2,28,0,0,28,3,31,0,3,51,5,59,30,0,30,89
04/02/2002,HHR,CA,AWP,WE,Federal Contract Tower,0,1,39,0,40,0,0,52,2,54,0,1,91,2,94,18,2,20,114
04/03/2002,HHR,CA,AWP,WE,Federal Contract Tower,0,3,51,0,54,0,0,60,2,62,0,3,111,2,116,107,0,107,223
04/04/2002,HHR,CA,AWP,WE,Federal Contract Tower,0,1,29,0,30,0,0,102,3,105,0,1,131,3,135,30,0,30,165
04/05/2002,HHR,CA,AWP,WE,Federal Contract Tower,0,0,15,0,15,0,1,99,1,101,0,1,114,1,116,196,0,196,312
04/06/2002,HHR,CA,AWP,WE,Federal Contract Tower,0,2,12,0,14,0,0,123,0,123,0,2,135,0,137,216,0,216,353
04/07/2002,HHR,CA,AWP,WE,Federal Contract Tower,0,2,20,0,22,0,0,83,0,83,0,2,103,0,105,180,0,180,285
04/08/2002,HHR,CA,AWP,WE,Federal Contract Tower,0,0,24,0,24,0,1,83,1,85,0,1,107,1,109,94,0,94,203
04/09/2002,HHR,CA,AWP,WE,Federal Contract Tower,0,1,33,1,35,0,0,50,5,55,0,1,83,6,90,58,0,58,148
04/10/2002,HHR,CA,AWP,WE,Federal Contract Tower,0,1,16,0,17,0,0,105,0,105,0,1,121,0,122,100,0,100,222
04/11/2002,HHR,CA,AWP,WE,Federal Contract Tower,0,1,55,1,57,0,0,31,0,31,0,1,86,1,88,12,0,12,100
04/12/2002,HHR,CA,AWP,WE,Federal Contract Tower,0,1,36,0,37,0,0,53,1,54,0,1,89,1,91,130,0,130,221
04/13/2002,HHR,CA,AWP,WE,Federal Contract Tower,0,0,48,0,48,0,1,69,0,70,0,1,117,0,118,100,0,100,218
04/14/2002,HHR,CA,AWP,WE,Federal Contract Tower,0,2,18,0,20,0,0,15,0,15,0,2,33,0,35,86,0,86,121
04/15/2002,HHR,CA,AWP,WE,Federal Contract Tower,0,1,24,0,25,0,0,79,0,79,0,1,103,0,104,158,0,158,262
04/16/2002,HHR,CA,AWP,WE,Federal Contract Tower,0,0,15,0,15,0,1,111,1,113,0,1,126,1,128,102,0,102,230
04/17/2002,HHR,CA,AWP,WE,Federal Contract Tower,0,1,11,0,12,0,1,104,2,107,0,2,115,2,119,90,0,90,209
04/18/2002,HHR,CA,AWP,WE,Federal Contract Tower,0,0,21,0,21,0,1,130,7,138,0,1,151,7,159,148,0,148,307
04/19/2002,HHR,CA,AWP,WE,Federal Contract Tower,0,0,9,0,9,0,3,150,6,159,0,3,159,6,168,140,2,142,310
04/20/2002,HHR,CA,AWP,WE,Federal Contract Tower,0,1,17,0,18,0,1,92,0,93,0,2,109,0,111,78,0,78,189
04/21/2002,HHR,CA,AWP,WE,Federal Contract Tower,0,0,5,0,5,0,0,97,0,97,0,0,102,0,102,132,0,132,234
04/22/2002,HHR,CA,AWP,WE,Federal Contract Tower,0,0,13,0,13,0,1,107,4,112,0,1,120,4,125,50,0,50,175
04/23/2002,HHR,CA,AWP,WE,Federal Contract Tower,0,4,19,0,23,0,1,120,4,125,0,5,139,4,148,148,0,148,296
04/24/2002,HHR,CA,AWP,WE,Federal Contract Tower,0,1,12,0,13,0,0,118,1,119,0,1,130,1,132,102,6,108,240
04/25/2002,HHR,CA,AWP,WE,Federal Contract Tower,0,1,14,0,15,0,1,86,0,87,0,2,100,0,102,20,0,20,122
04/26/2002,HHR,CA,AWP,WE,Federal Contract Tower,0,1,29,0,30,0,0,63,1,64,0,1,92,1,94,52,0,52,146
04/27/2002,HHR,CA,AWP,WE,Federal Contract Tower,0,3,27,0,30,0,0,137,0,137,0,3,164,0,167,160,0,160,327
04/28/2002,HHR,CA,AWP,WE,Federal Contract Tower,0,0,15,0,15,0,3,115,0,118,0,3,130,0,133,190,0,190,323
04/29/2002,HHR,CA,AWP,WE,Federal Contract Tower,0,1,11,0,12,0,2,104,0,106,0,3,115,0,118,80,0,80,198
04/30/2002,HHR,CA,AWP,WE,Federal Contract Tower,0,4,16,0,20,0,3,84,0,87,0,7,100,0,107,56,0,56,163
05/01/2002,HHR,CA,AWP,WE,Federal Contract Tower,0,1,19,0,20,0,0,91,0,91,0,1,110,0,111,108,0,108,219
05/02/2002,HHR,CA,AWP,WE,Federal Contract Tower,0,3,12,0,15,0,2,141,0,143,0,5,153,0,158,86,0,86,244
05/03/2002,HHR,CA,AWP,WE,Federal Contract Tower,0,2,16,0,18,0,2,103,0,105,0,4,119,0,123,94,0,94,217
05/04/2002,HHR,CA,AWP,WE,Federal Contract Tower,0,2,12,0,14,0,0,112,0,112,0,2,124,0,126,129,0,129,255
05/05/2002,HHR,CA,AWP,WE,Federal Contract Tower,0,2,13,0,15,0,0,90,0,90,0,2,103,0,105,108,0,108,213
05/06/2002,HHR,CA,AWP,WE,Federal Contract Tower,0,2,24,0,26,0,0,65,0,65,0,2,89,0,91,65,0,65,156
05/07/2002,HHR,CA,AWP,WE,Federal Contract Tower,0,4,25,0,29,0,0,53,0,53,0,4,78,0,82,52,0,52,134
05/08/2002,HHR,CA,AWP,WE,Federal Contract Tower,0,0,29,0,29,0,1,103,1,105,0,1,132,1,134,99,0,99,233
05/09/2002,HHR,CA,AWP,WE,Federal Contract Tower,0,0,21,0,21,0,1,115,0,116,0,1,136,0,137,84,0,84,221
05/10/2002,HHR,CA,AWP,WE,Federal Contract Tower,0,0,16,0,16,0,2,96,3,101,0,2,112,3,117,198,0,198,315
05/11/2002,HHR,CA,AWP,WE,Federal Contract Tower,0,0,12,0,12,0,0,121,0,121,0,0,133,0,133,114,0,114,247
05/12/2002,HHR,CA,AWP,WE,Federal Contract Tower,0,2,10,0,12,0,0,111,1,112,0,2,121,1,124,182,0,182,306
05/13/2002,HHR,CA,AWP,WE,Federal Contract Tower,0,1,18,0,19,0,1,103,1,105,0,2,121,1,124,176,0,176,300
05/14/2002,HHR,CA,AWP,WE,Federal Contract Tower,0,0,3,0,3,0,2,127,3,132,0,2,130,3,135,122,0,122,257
05/15/2002,HHR,CA,AWP,WE,Federal Contract Tower,0,1,28,0,29,0,1,126,2,129,0,2,154,2,158,117,0,117,275
05/16/2002,HHR,CA,AWP,WE,Federal Contract Tower,0,1,33,0,34,0,1,68,0,69,0,2,101,0,103,104,0,104,207
05/17/2002,HHR,CA,AWP,WE,Federal Contract Tower,0,1,27,0,28,0,0,82,0,82,0,1,109,0,110,130,0,130,240
05/18/2002,HHR,CA,AWP,WE,Federal Contract Tower,0,2,39,0,41,0,0,47,0,47,0,2,86,0,88,110,0,110,198
05/19/2002,HHR,CA,AWP,WE,Federal Contract Tower,0,2,21,0,23,0,0,43,0,43,0,2,64,0,66,100,0,100,166
05/20/2002,HHR,CA,AWP,WE,Federal Contract Tower,0,3,15,0,18,0,0,49,0,49,0,3,64,0,67,50,0,50,117
05/21/2002,HHR,CA,AWP,WE,Federal Contract Tower,0,1,13,0,14,0,0,101,2,103,0,1,114,2,117,54,0,54,171
05/22/2002,HHR,CA,AWP,WE,Federal Contract Tower,0,0,13,0,13,0,1,121,2,124,0,1,134,2,137,82,6,88,225
05/23/2002,HHR,CA,AWP,WE,Federal Contract Tower,0,1,23,0,24,0,1,138,2,141,0,2,161,2,165,120,0,120,285
05/24/2002,HHR,CA,AWP,WE,Federal Contract Tower,0,3,26,0,29,0,0,108,0,108,0,3,134,0,137,44,0,44,181
05/25/2002,HHR,CA,AWP,WE,Federal Contract Tower,0,2,21,0,23,0,0,108,0,108,0,2,129,0,131,92,0,92,223
05/26/2002,HHR,CA,AWP,WE,Federal Contract Tower,0,0,6,0,6,0,0,83,2,85,0,0,89,2,91,212,0,212,303
05/27/2002,HHR,CA,AWP,WE,Federal Contract Tower,0,0,12,0,12,0,0,78,0,78,0,0,90,0,90,146,0,146,236
05/28/2002,HHR,CA,AWP,WE,Federal Contract Tower,0,0,28,0,28,0,2,100,0,102,0,2,128,0,130,82,0,82,212
05/29/2002,HHR,CA,AWP,WE,Federal Contract Tower,0,2,18,0,20,0,0,76,0,76,0,2,94,0,96,10,0,10,106
05/30/2002,HHR,CA,AWP,WE,Federal Contract Tower,0,3,23,0,26,0,0,71,0,71,0,3,94,0,97,151,0,151,248
05/31/2002,HHR,CA,AWP,WE,Federal Contract Tower,0,0,17,0,17,0,1,85,0,86,0,1,102,0,103,132,0,132,235
06/01/2002,HHR,CA,AWP,WE,Federal Contract Tower,0,2,21,0,23,0,0,101,2,103,0,2,122,2,126,137,0,137,263
06/02/2002,HHR,CA,AWP,WE,Federal Contract Tower,0,0,8,0,8,0,0,62,0,62,0,0,70,0,70,122,0,122,192
06/03/2002,HHR,CA,AWP,WE,Federal Contract Tower,0,0,29,0,29,0,1,75,0,76,0,1,104,0,105,100,0,100,205
06/04/2002,HHR,CA,AWP,WE,Federal Contract Tower,0,1,14,0,15,0,2,128,3,133,0,3,142,3,148,116,0,116,264
06/05/2002,HHR,CA,AWP,WE,Federal Contract Tower,0,1,28,0,29,0,1,45,0,46,0,2,73,0,75,80,0,80,155
06/06/2002,HHR,CA,AWP,WE,Federal Contract Tower,0,2,13,0,15,0,1,77,0,78,0,3,90,0,93,98,0,98,191
06/07/2002,HHR,CA,AWP,WE,Federal Contract Tower,0,5,29,0,34,0,0,32,0,32,0,5,61,0,66,94,0,94,160
06/08/2002,HHR,CA,AWP,WE,Federal Contract Tower,0,1,20,0,21,0,0,65,0,65,0,1,85,0,86,155,0,155,241
06/09/2002,HHR,CA,AWP,WE,Federal Contract Tower,0,0,13,0,13,0,0,80,0,80,0,0,93,0,93,193,0,193,286
06/10/2002,HHR,CA,AWP,WE,Federal Contract Tower,0,2,23,0,25,0,0,108,1,109,0,2,131,1,134,125,0,125,259
06/11/2002,HHR,CA,AWP,WE,Federal Contract Tower,0,1,23,0,24,0,0,107,3,110,0,1,130,3,134,148,0,148,282
06/12/2002,HHR,CA,AWP,WE,Federal Contract Tower,0,2,26,0,28,0,1,84,0,85,0,3,110,0,113,128,0,128,241
06/13/2002,HHR,CA,AWP,WE,Federal Contract Tower,0,2,15,0,17,0,1,118,0,119,0,3,133,0,136,101,0,101,237
06/14/2002,HHR,CA,AWP,WE,Federal Contract Tower,0,3,22,0,25,0,0,118,0,118,0,3,140,0,143,110,0,110,253
06/15/2002,HHR,CA,AWP,WE,Federal Contract Tower,0,1,7,0,8,0,0,129,1,130,0,1,136,1,138,126,0,126,264
06/16/2002,HHR,CA,AWP,WE,Federal Contract Tower,0,2,6,0,8,0,1,91,0,92,0,3,97,0,100,103,0,103,203
06/17/2002,HHR,CA,AWP,WE,Federal Contract Tower,0,0,18,0,18,0,1,94,0,95,0,1,112,0,113,92,0,92,205
06/18/2002,HHR,CA,AWP,WE,Federal Contract Tower,0,4,17,0,21,0,0,84,1,85,0,4,101,1,106,112,0,112,218
06/19/2002,HHR,CA,AWP,WE,Federal Contract Tower,0,1,24,0,25,0,0,76,0,76,0,1,100,0,101,124,0,124,225
06/20/2002,HHR,CA,AWP,WE,Federal Contract Tower,0,2,30,0,32,0,0,43,3,46,0,2,73,3,78,88,2,90,168
06/21/2002,HHR,CA,AWP,WE,Federal Contract Tower,0,1,34,0,35,0,5,59,0,64,0,6,93,0,99,124,0,124,223
06/22/2002,HHR,CA,AWP,WE,Federal Contract Tower,0,3,21,0,24,0,0,85,0,85,0,3,106,0,109,113,0,113,222
06/23/2002,HHR,CA,AWP,WE,Federal Contract Tower,0,2,15,0,17,0,1,103,0,104,0,3,118,0,121,117,0,117,238
06/24/2002,HHR,CA,AWP,WE,Federal Contract Tower,0,1,21,0,22,0,1,96,0,97,0,2,117,0,119,80,0,80,199
06/25/2002,HHR,CA,AWP,WE,Federal Contract Tower,0,1,18,0,19,0,0,113,1,114,0,1,131,1,133,98,0,98,231
06/26/2002,HHR,CA,AWP,WE,Federal Contract Tower,0,1,27,0,28,0,0,90,0,90,0,1,117,0,118,126,0,126,244
06/27/2002,HHR,CA,AWP,WE,Federal Contract Tower,0,0,17,0,17,0,1,83,1,85,0,1,100,1,102,149,0,149,251
06/28/2002,HHR,CA,AWP,WE,Federal Contract Tower,0,0,24,0,24,0,1,126,0,127,0,1,150,0,151,127,0,127,278
06/29/2002,HHR,CA,AWP,WE,Federal Contract Tower,0,2,17,0,19,0,0,105,3,108,0,2,122,3,127,110,10,120,247
06/30/2002,HHR,CA,AWP,WE,Federal Contract Tower,0,0,11,0,11,0,1,85,0,86,0,1,96,0,97,144,0,144,241
07/01/2002,HHR,CA,AWP,WE,Federal Contract Tower,0,2,25,0,27,0,1,68,2,71,0,3,93,2,98,58,4,62,160
07/02/2002,HHR,CA,AWP,WE,Federal Contract Tower,0,2,19,0,21,0,1,93,2,96,0,3,112,2,117,52,0,52,169
07/03/2002,HHR,CA,AWP,WE,Federal Contract Tower,0,0,33,0,33,0,1,72,0,73,0,1,105,0,106,92,0,92,198
07/04/2002,HHR,CA,AWP,WE,Federal Contract Tower,0,2,26,0,28,0,0,54,1,55,0,2,80,1,83,66,0,66,149
07/05/2002,HHR,CA,AWP,WE,Federal Contract Tower,0,1,14,0,15,0,0,70,1,71,0,1,84,1,86,128,2,130,216
07/06/2002,HHR,CA,AWP,WE,Federal Contract Tower,0,0,20,0,20,0,0,69,1,70,0,0,89,1,90,160,0,160,250
07/07/2002,HHR,CA,AWP,WE,Federal Contract Tower,0,4,33,0,37,0,0,48,0,48,0,4,81,0,85,110,0,110,195
07/08/2002,HHR,CA,AWP,WE,Federal Contract Tower,0,1,34,0,35,0,1,72,1,74,0,2,106,1,109,72,0,72,181
07/09/2002,HHR,CA,AWP,WE,Federal Contract Tower,0,0,10,0,10,0,1,94,4,99,0,1,104,4,109,131,0,131,240
07/10/2002,HHR,CA,AWP,WE,Federal Contract Tower,0,0,12,0,12,0,1,100,1,102,0,1,112,1,114,208,0,208,322
07/11/2002,HHR,CA,AWP,WE,Federal Contract Tower,0,0,13,0,13,0,1,113,2,116,0,1,126,2,129,18,0,18,147
07/12/2002,HHR,CA,AWP,WE,Federal Contract Tower,0,1,17,0,18,0,1,104,1,106,0,2,121,1,124,191,10,201,325
07/13/2002,HHR,CA,AWP,WE,Federal Contract Tower,0,0,24,0,24,0,0,135,0,135,0,0,159,0,159,142,0,142,301
07/14/2002,HHR,CA,AWP,WE,Federal Contract Tower,0,0,9,0,9,0,0,90,0,90,0,0,99,0,99,138,0,138,237
07/15/2002,HHR,CA,AWP,WE,Federal Contract Tower,0,2,13,0,15,0,1,120,1,122,0,3,133,1,137,108,0,108,245
07/16/2002,HHR,CA,AWP,WE,Federal Contract Tower,0,2,10,0,12,0,1,161,2,164,0,3,171,2,176,156,0,156,332
07/17/2002,HHR,CA,AWP,WE,Federal Contract Tower,0,1,20,0,21,0,2,130,5,137,0,3,150,5,158,186,0,186,344
07/18/2002,HHR,CA,AWP,WE,Federal Contract Tower,0,1,21,0,22,0,1,85,0,86,0,2,106,0,108,134,0,134,242
07/19/2002,HHR,CA,AWP,WE,Federal Contract Tower,0,2,35,0,37,0,0,67,1,68,0,2,102,1,105,81,0,81,186
07/20/2002,HHR,CA,AWP,WE,Federal Contract Tower,0,0,27,0,27,0,0,50,1,51,0,0,77,1,78,86,0,86,164
07/21/2002,HHR,CA,AWP,WE,Federal Contract Tower,0,0,16,0,16,0,0,70,2,72,0,0,86,2,88,126,0,126,214
07/22/2002,HHR,CA,AWP,WE,Federal Contract Tower,0,0,18,0,18,0,1,70,3,74,0,1,88,3,92,74,6,80,172
07/23/2002,HHR,CA,AWP,WE,Federal Contract Tower,0,1,8,0,9,0,2,138,2,142,0,3,146,2,151,126,0,126,277
07/24/2002,HHR,CA,AWP,WE,Federal Contract Tower,0,1,4,0,5,0,1,127,0,128,0,2,131,0,133,144,0,144,277
07/25/2002,HHR,CA,AWP,WE,Federal Contract Tower,0,0,7,0,7,0,1,133,1,135,0,1,140,1,142,144,0,144,286
07/26/2002,HHR,CA,AWP,WE,Federal Contract Tower,0,4,13,0,17,0,2,115,2,119,0,6,128,2,136,144,0,144,280
07/27/2002,HHR,CA,AWP,WE,Federal Contract Tower,0,1,19,0,20,0,1,67,1,69,0,2,86,1,89,96,0,96,185
07/28/2002,HHR,CA,AWP,WE,Federal Contract Tower,0,2,7,0,9,0,0,86,1,87,0,2,93,1,96,122,0,122,218
07/29/2002,HHR,CA,AWP,WE,Federal Contract Tower,0,0,8,0,8,0,3,98,3,104,0,3,106,3,112,56,0,56,168
07/30/2002,HHR,CA,AWP,WE,Federal Contract Tower,0,0,17,0,17,0,1,105,0,106,0,1,122,0,123,106,0,106,229
07/31/2002,HHR,CA,AWP,WE,Federal Contract Tower,0,0,21,0,21,0,0,93,0,93,0,0,114,0,114,96,0,96,210
08/01/2002,HHR,CA,AWP,WE,Federal Contract Tower,0,4,14,0,18,0,0,94,0,94,0,4,108,0,112,85,0,85,197
08/02/2002,HHR,CA,AWP,WE,Federal Contract Tower,0,3,27,0,30,0,0,53,3,56,0,3,80,3,86,172,4,176,262
08/03/2002,HHR,CA,AWP,WE,Federal Contract Tower,0,2,19,0,21,0,0,123,2,125,0,2,142,2,146,52,24,76,222
08/04/2002,HHR,CA,AWP,WE,Federal Contract Tower,0,4,10,0,14,0,0,94,0,94,0,4,104,0,108,194,0,194,302
08/05/2002,HHR,CA,AWP,WE,Federal Contract Tower,0,4,11,0,15,0,1,81,0,82,0,5,92,0,97,77,0,77,174
08/06/2002,HHR,CA,AWP,WE,Federal Contract Tower,0,2,7,0,9,0,1,129,0,130,0,3,136,0,139,126,0,126,265
08/07/2002,HHR,CA,AWP,WE,Federal Contract Tower,0,4,16,0,20,0,2,140,0,142,0,6,156,0,162,80,0,80,242
08/08/2002,HHR,CA,AWP,WE,Federal Contract Tower,0,1,9,0,10,0,0,133,0,133,0,1,142,0,143,74,0,74,217
08/09/2002,HHR,CA,AWP,WE,Federal Contract Tower,0,3,13,0,16,0,1,109,2,112,0,4,122,2,128,82,0,82,210
08/10/2002,HHR,CA,AWP,WE,Federal Contract Tower,0,2,28,0,30,0,0,81,2,83,0,2,109,2,113,90,0,90,203
08/11/2002,HHR,CA,AWP,WE,Federal Contract Tower,0,1,8,0,9,0,0,103,0,103,0,1,111,0,112,96,0,96,208
08/12/2002,HHR,CA,AWP,WE,Federal Contract Tower,0,1,8,0,9,0,2,108,1,111,0,3,116,1,120,120,0,120,240
08/13/2002,HHR,CA,AWP,WE,Federal Contract Tower,0,5,27,0,32,0,1,139,3,143,0,6,166,3,175,178,0,178,353
08/14/2002,HHR,CA,AWP,WE,Federal Contract Tower,0,4,36,0,40,0,1,79,2,82,0,5,115,2,122,122,0,122,244
08/15/2002,HHR,CA,AWP,WE,Federal Contract Tower,0,2,19,0,21,0,0,115,2,117,0,2,134,2,138,102,0,102,240
08/16/2002,HHR,CA,AWP,WE,Federal Contract Tower,0,5,28,1,34,0,0,47,2,49,0,5,75,3,83,82,0,82,165
08/17/2002,HHR,CA,AWP,WE,Federal Contract Tower,0,2,52,0,54,0,1,22,2,25,0,3,74,2,79,4,0,4,83
08/18/2002,HHR,CA,AWP,WE,Federal Contract Tower,0,2,28,0,30,0,0,33,4,37,0,2,61,4,67,60,0,60,127
08/19/2002,HHR,CA,AWP,WE,Federal Contract Tower,0,5,25,0,30,0,0,52,2,54,0,5,77,2,84,84,0,84,168
08/20/2002,HHR,CA,AWP,WE,Federal Contract Tower,0,2,43,0,45,0,1,28,1,30,0,3,71,1,75,52,0,52,127
08/21/2002,HHR,CA,AWP,WE,Federal Contract Tower,0,2,26,0,28,0,1,101,1,103,0,3,127,1,131,148,0,148,279
08/22/2002,HHR,CA,AWP,WE,Federal Contract Tower,0,2,29,0,31,0,1,122,1,124,0,3,151,1,155,92,0,92,247
08/23/2002,HHR,CA,AWP,WE,Federal Contract Tower,0,1,7,0,8,0,2,127,2,131,0,3,134,2,139,98,0,98,237
08/24/2002,HHR,CA,AWP,WE,Federal Contract Tower,0,2,9,0,11,0,0,223,0,223,0,2,232,0,234,110,10,120,354
08/25/2002,HHR,CA,AWP,WE,Federal Contract Tower,0,2,6,0,8,0,0,99,1,100,0,2,105,1,108,60,0,60,168
08/26/2002,HHR,CA,AWP,WE,Federal Contract Tower,0,2,7,0,9,0,1,97,1,99,0,3,104,1,108,118,2,120,228
08/27/2002,HHR,CA,AWP,WE,Federal Contract Tower,0,0,16,0,16,0,1,77,1,79,0,1,93,1,95,72,0,72,167
08/28/2002,HHR,CA,AWP,WE,Federal Contract Tower,0,0,23,0,23,0,1,100,0,101,0,1,123,0,124,102,0,102,226
08/29/2002,HHR,CA,AWP,WE,Federal Contract Tower,0,3,16,0,19,0,1,149,0,150,0,4,165,0,169,117,0,117,286
08/30/2002,HHR,CA,AWP,WE,Federal Contract Tower,0,1,15,0,16,0,2,106,0,108,0,3,121,0,124,114,0,114,238
08/31/2002,HHR,CA,AWP,WE,Federal Contract Tower,0,2,16,0,18,0,0,107,0,107,0,2,123,0,125,144,0,144,269
09/01/2002,HHR,CA,AWP,WE,Federal Contract Tower,0,1,6,0,7,0,0,70,0,70,0,1,76,0,77,48,0,48,125
09/02/2002,HHR,CA,AWP,WE,Federal Contract Tower,0,1,9,0,10,0,0,91,0,91,0,1,100,0,101,88,0,88,189
09/03/2002,HHR,CA,AWP,WE,Federal Contract Tower,0,1,8,0,9,0,1,81,1,83,0,2,89,1,92,80,0,80,172
09/04/2002,HHR,CA,AWP,WE,Federal Contract Tower,0,4,28,0,32,0,1,79,4,84,0,5,107,4,116,20,0,20,136
09/05/2002,HHR,CA,AWP,WE,Federal Contract Tower,0,0,12,0,12,0,1,112,2,115,0,1,124,2,127,122,0,122,249
09/06/2002,HHR,CA,AWP,WE,Federal Contract Tower,0,0,16,0,16,0,1,134,0,135,0,1,150,0,151,104,0,104,255
09/07/2002,HHR,CA,AWP,WE,Federal Contract Tower,0,2,15,0,17,0,0,131,1,132,0,2,146,1,149,88,0,88,237
09/08/2002,HHR,CA,AWP,WE,Federal Contract Tower,0,0,9,0,9,0,0,141,0,141,0,0,150,0,150,68,0,68,218
09/09/2002,HHR,CA,AWP,WE,Federal Contract Tower,0,0,15,0,15,0,1,105,0,106,0,1,120,0,121,44,0,44,165
09/10/2002,HHR,CA,AWP,WE,Federal Contract Tower,0,1,3,0,4,0,1,141,0,142,0,2,144,0,146,60,0,60,206
09/11/2002,HHR,CA,AWP,WE,Federal Contract Tower,0,2,24,0,26,0,0,106,4,110,0,2,130,4,136,104,0,104,240
09/12/2002,HHR,CA,AWP,WE,Federal Contract Tower,0,2,20,0,22,0,1,100,3,104,0,3,120,3,126,88,56,144,270
09/13/2002,HHR,CA,AWP,WE,Federal Contract Tower,0,0,7,0,7,0,2,125,2,129,0,2,132,2,136,96,0,96,232
09/14/2002,HHR,CA,AWP,WE,Federal Contract Tower,0,3,24,0,27,0,0,75,0,75,0,3,99,0,102,48,0,48,150
09/15/2002,HHR,CA,AWP,WE,Federal Contract Tower,0,4,11,0,15,0,0,110,0,110,0,4,121,0,125,122,0,122,247
09/16/2002,HHR,CA,AWP,WE,Federal Contract Tower,0,1,11,0,12,0,2,124,1,127,0,3,135,1,139,48,0,48,187
09/17/2002,HHR,CA,AWP,WE,Federal Contract Tower,0,3,18,0,21,0,0,115,2,117,0,3,133,2,138,134,0,134,272
09/18/2002,HHR,CA,AWP,WE,Federal Contract Tower,0,2,12,0,14,0,0,104,0,104,0,2,116,0,118,140,0,140,258
09/19/2002,HHR,CA,AWP,WE,Federal Contract Tower,0,2,20,0,22,0,1,93,7,101,0,3,113,7,123,130,10,140,263
09/20/2002,HHR,CA,AWP,WE,Federal Contract Tower,0,4,26,0,30,0,0,93,2,95,0,4,119,2,125,30,0,30,155
09/21/2002,HHR,CA,AWP,WE,Federal Contract Tower,0,2,24,0,26,0,0,91,0,91,0,2,115,0,117,114,0,114,231
09/22/2002,HHR,CA,AWP,WE,Federal Contract Tower,0,1,11,0,12,0,0,112,0,112,0,1,123,0,124,132,0,132,256
09/23/2002,HHR,CA,AWP,WE,Federal Contract Tower,0,2,10,0,12,0,0,99,1,100,0,2,109,1,112,52,0,52,164
09/24/2002,HHR,CA,AWP,WE,Federal Contract Tower,0,0,15,0,15,0,0,82,2,84,0,0,97,2,99,84,0,84,183
09/25/2002,HHR,CA,AWP,WE,Federal Contract Tower,0,2,24,0,26,0,0,52,2,54,0,2,76,2,80,64,0,64,144
09/26/2002,HHR,CA,AWP,WE,Federal Contract Tower,0,2,39,0,41,0,0,37,4,41,0,2,76,4,82,36,0,36,118
09/27/2002,HHR,CA,AWP,WE,Federal Contract Tower,0,2,21,0,23,0,0,101,1,102,0,2,122,1,125,194,0,194,319
09/28/2002,HHR,CA,AWP,WE,Federal Contract Tower,0,6,23,0,29,0,0,55,0,55,0,6,78,0,84,90,0,90,174
09/29/2002,HHR,CA,AWP,WE,Federal Contract Tower,0,0,1,0,1,0,0,20,0,20,0,0,21,0,21,0,0,0,21
09/30/2002,HHR,CA,AWP,WE,Federal Contract Tower,0,0,13,0,13,0,0,100,3,103,0,0,113,3,116,68,0,68,184
10/01/2002,HHR,CA,AWP,WE,Federal Contract Tower,0,0,18,0,18,0,0,68,2,70,0,0,86,2,88,90,0,90,178
10/02/2002,HHR,CA,AWP,WE,Federal Contract Tower,0,0,8,0,8,0,0,116,2,118,0,0,124,2,126,72,0,72,198
10/03/2002,HHR,CA,AWP,WE,Federal Contract Tower,0,0,6,0,6,0,1,150,0,151,0,1,156,0,157,62,0,62,219
10/04/2002,HHR,CA,AWP,WE,Federal Contract Tower,0,0,6,0,6,0,0,152,0,152,0,0,158,0,158,146,0,146,304
10/05/2002,HHR,CA,AWP,WE,Federal Contract Tower,0,0,6,0,6,0,0,140,1,141,0,0,146,1,147,204,0,204,351
10/06/2002,HHR,CA,AWP,WE,Federal Contract Tower,0,0,7,0,7,0,0,121,0,121,0,0,128,0,128,136,0,136,264
10/07/2002,HHR,CA,AWP,WE,Federal Contract Tower,0,0,5,0,5,0,0,110,3,113,0,0,115,3,118,72,0,72,190
10/08/2002,HHR,CA,AWP,WE,Federal Contract Tower,0,0,21,0,21,0,0,61,0,61,0,0,82,0,82,54,0,54,136
10/09/2002,HHR,CA,AWP,WE,Federal Contract Tower,0,0,20,0,20,0,0,76,2,78,0,0,96,2,98,62,0,62,160
10/10/2002,HHR,CA,AWP,WE,Federal Contract Tower,0,0,33,0,33,0,0,58,2,60,0,0,91,2,93,84,10,94,187
10/11/2002,HHR,CA,AWP,WE,Federal Contract Tower,0,1,21,0,22,0,0,114,1,115,0,1,135,1,137,246,0,246,383
10/12/2002,HHR,CA,AWP,WE,Federal Contract Tower,0,2,16,0,18,0,0,78,0,78,0,2,94,0,96,106,0,106,202
10/13/2002,HHR,CA,AWP,WE,Federal Contract Tower,0,0,30,0,30,0,0,29,0,29,0,0,59,0,59,40,0,40,99
10/14/2002,HHR,CA,AWP,WE,Federal Contract Tower,0,0,33,0,33,0,0,27,0,27,0,0,60,0,60,14,0,14,74
10/15/2002,HHR,CA,AWP,WE,Federal Contract Tower,0,0,37,0,37,0,0,15,2,17,0,0,52,2,54,10,0,10,64
10/16/2002,HHR,CA,AWP,WE,Federal Contract Tower,0,0,29,0,29,0,0,84,1,85,0,0,113,1,114,90,0,90,204
10/17/2002,HHR,CA,AWP,WE,Federal Contract Tower,0,0,16,4,20,0,0,117,0,117,0,0,133,4,137,116,0,116,253
10/18/2002,HHR,CA,AWP,WE,Federal Contract Tower,0,0,26,0,26,0,0,100,1,101,0,0,126,1,127,120,0,120,247
10/19/2002,HHR,CA,AWP,WE,Federal Contract Tower,0,2,16,0,18,0,0,110,0,110,0,2,126,0,128,120,0,120,248
10/20/2002,HHR,CA,AWP,WE,Federal Contract Tower,0,1,24,0,25,0,0,29,4,33,0,1,53,4,58,202,0,202,260
10/21/2002,HHR,CA,AWP,WE,Federal Contract Tower,0,0,26,0,26,0,0,48,2,50,0,0,74,2,76,80,0,80,156
10/22/2002,HHR,CA,AWP,WE,Federal Contract Tower,0,0,26,0,26,0,0,39,1,40,0,0,65,1,66,98,0,98,164
10/23/2002,HHR,CA,AWP,WE,Federal Contract Tower,0,0,24,0,24,0,1,101,6,108,0,1,125,6,132,86,8,94,226
10/24/2002,HHR,CA,AWP,WE,Federal Contract Tower,0,0,28,0,28,0,0,92,0,92,0,0,120,0,120,98,0,98,218
10/25/2002,HHR,CA,AWP,WE,Federal Contract Tower,0,0,24,0,24,0,0,62,0,62,0,0,86,0,86,92,0,92,178
10/26/2002,HHR,CA,AWP,WE,Federal Contract Tower,0,2,22,0,24,0,0,76,1,77,0,2,98,1,101,178,0,178,279
10/27/2002,HHR,CA,AWP,WE,Federal Contract Tower,0,0,14,0,14,0,1,108,4,113,0,1,122,4,127,114,10,124,251
10/28/2002,HHR,CA,AWP,WE,Federal Contract Tower,0,0,7,0,7,0,0,91,3,94,0,0,98,3,101,82,0,82,183
10/29/2002,HHR,CA,AWP,WE,Federal Contract Tower,0,0,31,0,31,0,0,92,2,94,0,0,123,2,125,148,0,148,273
10/30/2002,HHR,CA,AWP,WE,Federal Contract Tower,0,0,18,0,18,0,0,109,3,112,0,0,127,3,130,110,0,110,240
10/31/2002,HHR,CA,AWP,WE,Federal Contract Tower,0,2,35,0,37,0,0,94,1,95,0,2,129,1,132,46,0,46,178
11/01/2002,HHR,CA,AWP,WE,Federal Contract Tower,0,2,31,0,33,0,1,91,3,95,0,3,122,3,128,200,0,200,328
11/02/2002,HHR,CA,AWP,WE,Federal Contract Tower,0,4,22,0,26,0,0,99,1,100,0,4,121,1,126,128,0,128,254
11/03/2002,HHR,CA,AWP,WE,Federal Contract Tower,0,4,12,0,16,0,0,107,2,109,0,4,119,2,125,204,10,214,339
11/04/2002,HHR,CA,AWP,WE,Federal Contract Tower,0,0,25,0,25,0,0,68,4,72,0,0,93,4,97,32,14,46,143
11/05/2002,HHR,CA,AWP,WE,Federal Contract Tower,0,1,12,0,13,0,0,65,20,85,0,1,77,20,98,104,16,120,218
11/06/2002,HHR,CA,AWP,WE,Federal Contract Tower,0,2,19,0,21,0,0,97,9,106,0,2,116,9,127,70,2,72,199
11/07/2002,HHR,CA,AWP,WE,Federal Contract Tower,0,0,22,0,22,0,0,66,0,66,0,0,88,0,88,56,0,56,144
11/08/2002,HHR,CA,AWP,WE,Federal Contract Tower,0,0,7,0,7,0,0,2,0,2,0,0,9,0,9,0,0,0,9
11/09/2002,HHR,CA,AWP,WE,Federal Contract Tower,0,0,5,0,5,0,0,0,0,0,0,0,5,0,5,0,0,0,5
11/10/2002,HHR,CA,AWP,WE,Federal Contract Tower,0,0,12,0,12,0,0,124,1,125,0,0,136,1,137,192,0,192,329
11/11/2002,HHR,CA,AWP,WE,Federal Contract Tower,0,2,10,0,12,0,0,113,2,115,0,2,123,2,127,52,0,52,179
11/12/2002,HHR,CA,AWP,WE,Federal Contract Tower,0,1,13,2,16,0,0,145,0,145,0,1,158,2,161,48,0,48,209
11/13/2002,HHR,CA,AWP,WE,Federal Contract Tower,0,2,8,2,12,0,0,101,4,105,0,2,109,6,117,117,0,117,234
11/14/2002,HHR,CA,AWP,WE,Federal Contract Tower,0,2,34,0,36,0,1,124,9,134,0,3,158,9,170,54,0,54,224
11/15/2002,HHR,CA,AWP,WE,Federal Contract Tower,0,0,12,0,12,0,0,163,1,164,0,0,175,1,176,176,0,176,352
11/16/2002,HHR,CA,AWP,WE,Federal Contract Tower,0,4,5,0,9,0,0,172,0,172,0,4,177,0,181,162,0,162,343
11/17/2002,HHR,CA,AWP,WE,Federal Contract Tower,0,4,12,0,16,0,0,116,0,116,0,4,128,0,132,100,0,100,232
11/18/2002,HHR,CA,AWP,WE,Federal Contract Tower,0,0,3,0,3,0,0,99,0,99,0,0,102,0,102,60,0,60,162
11/19/2002,HHR,CA,AWP,WE,Federal Contract Tower,0,0,9,0,9,0,0,103,1,104,0,0,112,1,113,112,0,112,225
11/20/2002,HHR,CA,AWP,WE,Federal Contract Tower,0,0,14,0,14,0,0,104,1,105,0,0,118,1,119,84,0,84,203
11/21/2002,HHR,CA,AWP,WE,Federal Contract Tower,0,1,17,0,18,0,0,145,1,146,0,1,162,1,164,58,0,58,222
11/22/2002,HHR,CA,AWP,WE,Federal Contract Tower,0,1,8,0,9,0,0,122,5,127,0,1,130,5,136,36,0,36,172
11/23/2002,HHR,CA,AWP,WE,Federal Contract Tower,0,0,21,0,21,0,0,115,1,116,0,0,136,1,137,102,0,102,239
11/24/2002,HHR,CA,AWP,WE,Federal Contract Tower,0,0,11,0,11,0,0,88,3,91,0,0,99,3,102,188,0,188,290
11/25/2002,HHR,CA,AWP,WE,Federal Contract Tower,0,0,15,0,15,0,0,42,3,45,0,0,57,3,60,52,0,52,112
11/26/2002,HHR,CA,AWP,WE,Federal Contract Tower,0,0,6,0,6,0,0,90,1,91,0,0,96,1,97,84,0,84,181
11/27/2002,HHR,CA,AWP,WE,Federal Contract Tower,0,0,17,0,17,0,0,119,3,122,0,0,136,3,139,144,0,144,283
11/28/2002,HHR,CA,AWP,WE,Federal Contract Tower,0,2,3,0,5,0,0,47,0,47,0,2,50,0,52,26,0,26,78
11/29/2002,HHR,CA,AWP,WE,Federal Contract Tower,0,0,8,0,8,0,0,95,0,95,0,0,103,0,103,58,0,58,161
11/30/2002,HHR,CA,AWP,WE,Federal Contract Tower,0,5,14,0,19,0,0,54,1,55,0,5,68,1,74,104,0,104,178
12/01/2002,HHR,CA,AWP,WE,Federal Contract Tower,0,4,15,0,19,0,1,147,0,148,0,5,162,0,167,106,0,106,273
12/02/2002,HHR,CA,AWP,WE,Federal Contract Tower,0,3,9,0,12,0,6,139,1,146,0,9,148,1,158,66,0,66,224
12/03/2002,HHR,CA,AWP,WE,Federal Contract Tower,0,4,19,0,23,0,0,90,6,96,0,4,109,6,119,74,0,74,193
12/04/2002,HHR,CA,AWP,WE,Federal Contract Tower,0,2,19,0,21,0,0,97,3,100,0,2,116,3,121,68,0,68,189
12/05/2002,HHR,CA,AWP,WE,Federal Contract Tower,0,2,12,0,14,0,0,115,3,118,0,2,127,3,132,88,0,88,220
12/06/2002,HHR,CA,AWP,WE,Federal Contract Tower,0,1,9,0,10,0,0,107,4,111,0,1,116,4,121,148,0,148,269
12/07/2002,HHR,CA,AWP,WE,Federal Contract Tower,0,4,16,0,20,0,0,79,5,84,0,4,95,5,104,56,0,56,160
12/08/2002,HHR,CA,AWP,WE,Federal Contract Tower,0,2,8,0,10,0,2,104,1,107,0,4,112,1,117,68,0,68,185
12/09/2002,HHR,CA,AWP,WE,Federal Contract Tower,0,3,10,0,13,0,0,136,1,137,0,3,146,1,150,130,0,130,280
12/10/2002,HHR,CA,AWP,WE,Federal Contract Tower,0,2,22,0,24,0,0,97,5,102,0,2,119,5,126,110,0,110,236
12/11/2002,HHR,CA,AWP,WE,Federal Contract Tower,0,2,15,0,17,0,1,121,3,125,0,3,136,3,142,138,0,138,280
12/12/2002,HHR,CA,AWP,WE,Federal Contract Tower,0,0,10,0,10,0,0,85,1,86,0,0,95,1,96,100,2,102,198
12/13/2002,HHR,CA,AWP,WE,Federal Contract Tower,0,4,17,0,21,0,3,98,1,102,0,7,115,1,123,154,0,154,277
12/14/2002,HHR,CA,AWP,WE,Federal Contract Tower,0,3,9,0,12,0,2,119,4,125,0,5,128,4,137,90,14,104,241
12/15/2002,HHR,CA,AWP,WE,Federal Contract Tower,0,1,22,0,23,0,0,68,0,68,0,1,90,0,91,136,0,136,227
12/16/2002,HHR,CA,AWP,WE,Federal Contract Tower,0,1,21,0,22,0,0,26,0,26,0,1,47,0,48,78,0,78,126
12/17/2002,HHR,CA,AWP,WE,Federal Contract Tower,0,1,15,0,16,0,0,95,4,99,0,1,110,4,115,58,0,58,173
12/18/2002,HHR,CA,AWP,WE,Federal Contract Tower,0,0,12,0,12,0,0,129,2,131,0,0,141,2,143,60,6,66,209
12/19/2002,HHR,CA,AWP,WE,Federal Contract Tower,0,0,11,0,11,0,0,99,1,100,0,0,110,1,111,44,0,44,155
12/20/2002,HHR,CA,AWP,WE,Federal Contract Tower,0,0,7,0,7,0,0,61,2,63,0,0,68,2,70,100,0,100,170
12/21/2002,HHR,CA,AWP,WE,Federal Contract Tower,0,2,18,0,20,0,0,55,1,56,0,2,73,1,76,80,0,80,156
12/22/2002,HHR,CA,AWP,WE,Federal Contract Tower,0,0,4,0,4,0,0,108,0,108,0,0,112,0,112,54,0,54,166
12/23/2002,HHR,CA,AWP,WE,Federal Contract Tower,0,0,5,0,5,0,0,107,2,109,0,0,112,2,114,67,0,67,181
12/24/2002,HHR,CA,AWP,WE,Federal Contract Tower,0,2,4,0,6,0,0,95,0,95,0,2,99,0,101,89,0,89,190
12/25/2002,HHR,CA,AWP,WE,Federal Contract Tower,0,0,2,0,2,0,0,27,0,27,0,0,29,0,29,12,0,12,41
12/26/2002,HHR,CA,AWP,WE,Federal Contract Tower,0,0,9,0,9,0,0,80,0,80,0,0,89,0,89,50,0,50,139
12/27/2002,HHR,CA,AWP,WE,Federal Contract Tower,0,0,7,0,7,0,2,98,3,103,0,2,105,3,110,84,0,84,194
12/28/2002,HHR,CA,AWP,WE,Federal Contract Tower,0,1,14,0,15,0,1,72,1,74,0,2,86,1,89,70,0,70,159
12/29/2002,HHR,CA,AWP,WE,Federal Contract Tower,0,2,5,0,7,0,0,84,1,85,0,2,89,1,92,46,0,46,138
12/30/2002,HHR,CA,AWP,WE,Federal Contract Tower,0,4,9,0,13,0,0,101,2,103,0,4,110,2,116,114,0,114,230
12/31/2002,HHR,CA,AWP,WE,Federal Contract Tower,0,5,9,0,14,0,3,61,0,64,0,8,70,0,78,6,0,6,84
01/01/2003,HHR,CA,AWP,WE,Federal Contract Tower,0,2,4,0,6,0,3,63,0,66,0,5,67,0,72,28,0,28,100
01/02/2003,HHR,CA,AWP,WE,Federal Contract Tower,0,2,4,0,6,0,2,82,0,84,0,4,86,0,90,56,0,56,146
01/03/2003,HHR,CA,AWP,WE,Federal Contract Tower,0,1,12,0,13,0,3,105,0,108,0,4,117,0,121,90,0,90,211
01/04/2003,HHR,CA,AWP,WE,Federal Contract Tower,0,1,11,0,12,0,2,112,1,115,0,3,123,1,127,92,0,92,219
01/05/2003,HHR,CA,AWP,WE,Federal Contract Tower,0,0,12,0,12,0,0,102,0,102,0,0,114,0,114,150,0,150,264
01/06/2003,HHR,CA,AWP,WE,Federal Contract Tower,0,0,2,0,2,0,0,69,1,70,0,0,71,1,72,98,0,98,170
01/07/2003,HHR,CA,AWP,WE,Federal Contract Tower,0,0,3,0,3,0,0,72,0,72,0,0,75,0,75,62,0,62,137
01/08/2003,HHR,CA,AWP,WE,Federal Contract Tower,0,2,14,0,16,0,0,89,2,91,0,2,103,2,107,68,0,68,175
01/09/2003,HHR,CA,AWP,WE,Federal Contract Tower,0,0,23,0,23,0,0,73,1,74,0,0,96,1,97,34,0,34,131
01/10/2003,HHR,CA,AWP,WE,Federal Contract Tower,0,0,26,0,26,0,0,69,3,72,0,0,95,3,98,78,18,96,194
01/11/2003,HHR,CA,AWP,WE,Federal Contract Tower,0,0,21,0,21,0,0,72,1,73,0,0,93,1,94,50,0,50,144
01/12/2003,HHR,CA,AWP,WE,Federal Contract Tower,0,2,28,0,30,0,0,30,3,33,0,2,58,3,63,68,8,76,139
01/13/2003,HHR,CA,AWP,WE,Federal Contract Tower,0,0,5,0,5,0,0,71,0,71,0,0,76,0,76,76,0,76,152
01/14/2003,HHR,CA,AWP,WE,Federal Contract Tower,0,0,12,0,12,0,0,57,0,57,0,0,69,0,69,67,0,67,136
01/15/2003,HHR,CA,AWP,WE,Federal Contract Tower,0,0,6,0,6,0,1,107,3,111,0,1,113,3,117,120,0,120,237
01/16/2003,HHR,CA,AWP,WE,Federal Contract Tower,0,0,8,0,8,0,0,127,3,130,0,0,135,3,138,58,0,58,196
01/17/2003,HHR,CA,AWP,WE,Federal Contract Tower,0,2,12,0,14,0,0,118,0,118,0,2,130,0,132,116,0,116,248
01/18/2003,HHR,CA,AWP,WE,Federal Contract Tower,0,2,10,0,12,0,2,118,1,121,0,4,128,1,133,130,0,130,263
01/19/2003,HHR,CA,AWP,WE,Federal Contract Tower,0,2,7,0,9,0,0,90,1,91,0,2,97,1,100,76,0,76,176
01/20/2003,HHR,CA,AWP,WE,Federal Contract Tower,0,3,23,0,26,0,1,39,1,41,0,4,62,1,67,54,0,54,121
01/21/2003,HHR,CA,AWP,WE,Federal Contract Tower,0,0,16,0,16,0,0,73,4,77,0,0,89,4,93,76,0,76,169
01/22/2003,HHR,CA,AWP,WE,Federal Contract Tower,0,1,19,0,20,0,1,78,2,81,0,2,97,2,101,76,0,76,177
01/23/2003,HHR,CA,AWP,WE,Federal Contract Tower,0,0,34,0,34,0,0,52,1,53,0,0,86,1,87,14,0,14,101
01/24/2003,HHR,CA,AWP,WE,Federal Contract Tower,0,0,13,0,13,0,0,116,1,117,0,0,129,1,130,122,2,124,254
01/25/2003,HHR,CA,AWP,WE,Federal Contract Tower,0,0,8,0,8,0,0,86,0,86,0,0,94,0,94,106,0,106,200
01/26/2003,HHR,CA,AWP,WE,Federal Contract Tower,0,0,4,0,4,0,0,57,0,57,0,0,61,0,61,88,0,88,149
01/27/2003,HHR,CA,AWP,WE,Federal Contract Tower,0,0,9,0,9,0,0,118,1,119,0,0,127,1,128,107,0,107,235
01/28/2003,HHR,CA,AWP,WE,Federal Contract Tower,0,0,11,0,11,0,0,93,1,94,0,0,104,1,105,50,0,50,155
01/29/2003,HHR,CA,AWP,WE,Federal Contract Tower,0,0,51,0,51,0,0,49,3,52,0,0,100,3,103,70,0,70,173
01/30/2003,HHR,CA,AWP,WE,Federal Contract Tower,0,0,22,0,22,0,0,104,1,105,0,0,126,1,127,86,0,86,213
01/31/2003,HHR,CA,AWP,WE,Federal Contract Tower,0,0,15,0,15,0,0,145,3,148,0,0,160,3,163,96,0,96,259
02/01/2003,HHR,CA,AWP,WE,Federal Contract Tower,0,0,18,0,18,0,0,121,0,121,0,0,139,0,139,118,0,118,257
02/02/2003,HHR,CA,AWP,WE,Federal Contract Tower,0,0,11,0,11,0,0,101,0,101,0,0,112,0,112,94,0,94,206
02/03/2003,HHR,CA,AWP,WE,Federal Contract Tower,0,0,6,0,6,0,0,102,0,102,0,0,108,0,108,82,0,82,190
02/04/2003,HHR,CA,AWP,WE,Federal Contract Tower,0,0,15,0,15,0,0,91,2,93,0,0,106,2,108,88,0,88,196
02/05/2003,HHR,CA,AWP,WE,Federal Contract Tower,0,0,21,0,21,0,0,91,1,92,0,0,112,1,113,122,0,122,235
02/06/2003,HHR,CA,AWP,WE,Federal Contract Tower,0,0,7,0,7,0,0,105,1,106,0,0,112,1,113,76,0,76,189
02/07/2003,HHR,CA,AWP,WE,Federal Contract Tower,0,0,9,0,9,0,0,145,0,145,0,0,154,0,154,144,0,144,298
02/08/2003,HHR,CA,AWP,WE,Federal Contract Tower,0,0,11,0,11,0,0,123,0,123,0,0,134,0,134,146,0,146,280
02/09/2003,HHR,CA,AWP,WE,Federal Contract Tower,0,0,13,0,13,0,0,127,0,127,0,0,140,0,140,76,0,76,216
02/10/2003,HHR,CA,AWP,WE,Federal Contract Tower,0,0,7,0,7,0,0,92,1,93,0,0,99,1,100,74,0,74,174
02/11/2003,HHR,CA,AWP,WE,Federal Contract Tower,0,0,21,0,21,0,0,43,5,48,0,0,64,5,69,16,0,16,85
02/12/2003,HHR,CA,AWP,WE,Federal Contract Tower,0,0,13,0,13,0,0,9,0,9,0,0,22,0,22,0,0,0,22
02/13/2003,HHR,CA,AWP,WE,Federal Contract Tower,0,0,35,0,35,0,0,24,0,24,0,0,59,0,59,8,0,8,67
02/14/2003,HHR,CA,AWP,WE,Federal Contract Tower,0,0,23,0,23,0,0,79,0,79,0,0,102,0,102,120,0,120,222
02/15/2003,HHR,CA,AWP,WE,Federal Contract Tower,0,0,37,0,37,0,3,58,0,61,0,3,95,0,98,94,0,94,192
02/16/2003,HHR,CA,AWP,WE,Federal Contract Tower,0,0,9,0,9,0,0,61,0,61,0,0,70,0,70,42,0,42,112
02/17/2003,HHR,CA,AWP,WE,Federal Contract Tower,0,0,22,0,22,0,0,95,3,98,0,0,117,3,120,106,10,116,236
02/18/2003,HHR,CA,AWP,WE,Federal Contract Tower,0,0,21,2,23,0,0,98,1,99,0,0,119,3,122,60,0,60,182
02/19/2003,HHR,CA,AWP,WE,Federal Contract Tower,0,0,16,0,16,0,0,104,0,104,0,0,120,0,120,90,0,90,210
02/20/2003,HHR,CA,AWP,WE,Federal Contract Tower,0,0,14,0,14,0,0,117,1,118,0,0,131,1,132,58,0,58,190
02/21/2003,HHR,CA,AWP,WE,Federal Contract Tower,0,0,15,0,15,0,0,164,2,166,0,0,179,2,181,108,0,108,289
02/22/2003,HHR,CA,AWP,WE,Federal Contract Tower,0,0,6,0,6,0,0,110,1,111,0,0,116,1,117,116,0,116,233
02/23/2003,HHR,CA,AWP,WE,Federal Contract Tower,0,0,18,0,18,0,0,78,1,79,0,0,96,1,97,114,0,114,211
02/24/2003,HHR,CA,AWP,WE,Federal Contract Tower,0,0,13,0,13,0,0,70,2,72,0,0,83,2,85,20,0,20,105
02/25/2003,HHR,CA,AWP,WE,Federal Contract Tower,0,0,10,0,10,0,0,67,1,68,0,0,77,1,78,16,0,16,94
02/26/2003,HHR,CA,AWP,WE,Federal Contract Tower,0,2,13,0,15,0,0,83,2,85,0,2,96,2,100,118,0,118,218
02/27/2003,HHR,CA,AWP,WE,Federal Contract Tower,0,3,18,0,21,0,0,50,1,51,0,3,68,1,72,66,0,66,138
02/28/2003,HHR,CA,AWP,WE,Federal Contract Tower,0,0,5,0,5,0,0,125,1,126,0,0,130,1,131,88,0,88,219
03/01/2003,HHR,CA,AWP,WE,Federal Contract Tower,0,0,13,0,13,0,0,117,0,117,0,0,130,0,130,140,0,140,270
03/02/2003,HHR,CA,AWP,WE,Federal Contract Tower,0,0,13,0,13,0,0,143,0,143,0,0,156,0,156,128,0,128,284
03/03/2003,HHR,CA,AWP,WE,Federal Contract Tower,0,0,5,0,5,0,0,99,2,101,0,0,104,2,106,77,0,77,183
03/04/2003,HHR,CA,AWP,WE,Federal Contract Tower,0,2,13,0,15,0,0,42,1,43,0,2,55,1,58,18,0,18,76
03/05/2003,HHR,CA,AWP,WE,Federal Contract Tower,0,2,11,0,13,0,0,94,4,98,0,2,105,4,111,114,0,114,225
03/06/2003,HHR,CA,AWP,WE,Federal Contract Tower,0,2,17,0,19,0,0,98,0,98,0,2,115,0,117,86,0,86,203
03/07/2003,HHR,CA,AWP,WE,Federal Contract Tower,0,0,16,0,16,0,0,123,1,124,0,0,139,1,140,120,0,120,260
03/08/2003,HHR,CA,AWP,WE,Federal Contract Tower,0,0,9,0,9,0,0,144,2,146,0,0,153,2,155,176,0,176,331
03/09/2003,HHR,CA,AWP,WE,Federal Contract Tower,0,0,10,0,10,0,0,117,3,120,0,0,127,3,130,112,0,112,242
03/10/2003,HHR,CA,AWP,WE,Federal Contract Tower,0,0,18,0,18,0,0,86,3,89,0,0,104,3,107,60,0,60,167
03/11/2003,HHR,CA,AWP,WE,Federal Contract Tower,0,0,14,0,14,0,0,49,1,50,0,0,63,1,64,36,0,36,100
03/12/2003,HHR,CA,AWP,WE,Federal Contract Tower,0,1,24,0,25,0,0,98,3,101,0,1,122,3,126,128,0,128,254
03/13/2003,HHR,CA,AWP,WE,Federal Contract Tower,0,0,36,0,36,0,0,73,4,77,0,0,109,4,113,100,0,100,213
03/14/2003,HHR,CA,AWP,WE,Federal Contract Tower,0,1,37,0,38,0,0,82,0,82,0,1,119,0,120,122,0,122,242
03/15/2003,HHR,CA,AWP,WE,Federal Contract Tower,0,1,4,0,5,0,0,0,0,0,0,1,4,0,5,0,0,0,5
03/16/2003,HHR,CA,AWP,WE,Federal Contract Tower,0,0,13,0,13,0,0,37,2,39,0,0,50,2,52,122,0,122,174
03/17/2003,HHR,CA,AWP,WE,Federal Contract Tower,0,0,5,0,5,0,0,74,2,76,0,0,79,2,81,68,0,68,149
03/18/2003,HHR,CA,AWP,WE,Federal Contract Tower,0,0,3,0,3,0,1,61,2,64,0,1,64,2,67,6,0,6,73
03/19/2003,HHR,CA,AWP,WE,Federal Contract Tower,0,1,8,0,9,0,0,134,6,140,0,1,142,6,149,152,0,152,301
03/20/2003,HHR,CA,AWP,WE,Federal Contract Tower,0,0,28,0,28,0,0,84,1,85,0,0,112,1,113,82,0,82,195
03/21/2003,HHR,CA,AWP,WE,Federal Contract Tower,0,0,6,0,6,0,0,111,3,114,0,0,117,3,120,144,0,144,264
03/22/2003,HHR,CA,AWP,WE,Federal Contract Tower,0,0,12,0,12,0,0,154,0,154,0,0,166,0,166,80,0,80,246
03/23/2003,HHR,CA,AWP,WE,Federal Contract Tower,0,0,10,0,10,0,0,45,0,45,0,0,55,0,55,64,0,64,119
03/24/2003,HHR,CA,AWP,WE,Federal Contract Tower,0,4,19,0,23,0,0,57,1,58,0,4,76,1,81,42,0,42,123
03/25/2003,HHR,CA,AWP,WE,Federal Contract Tower,0,2,14,0,16,0,0,104,0,104,0,2,118,0,120,118,0,118,238
03/26/2003,HHR,CA,AWP,WE,Federal Contract Tower,0,3,16,0,19,0,0,101,1,102,0,3,117,1,121,55,0,55,176
03/27/2003,HHR,CA,AWP,WE,Federal Contract Tower,0,4,7,0,11,0,0,83,5,88,0,4,90,5,99,8,0,8,107
03/28/2003,HHR,CA,AWP,WE,Federal Contract Tower,0,0,8,0,8,0,0,140,5,145,0,0,148,5,153,112,0,112,265
03/29/2003,HHR,CA,AWP,WE,Federal Contract Tower,0,0,3,0,3,0,0,89,1,90,0,0,92,1,93,90,0,90,183
03/30/2003,HHR,CA,AWP,WE,Federal Contract Tower,0,0,11,0,11,0,0,147,0,147,0,0,158,0,158,120,0,120,278
03/31/2003,HHR,CA,AWP,WE,Federal Contract Tower,0,2,10,0,12,0,0,130,3,133,0,2,140,3,145,118,0,118,263
04/01/2003,HHR,CA,AWP,WE,Federal Contract Tower,0,2,3,0,5,0,0,91,3,94,0,2,94,3,99,72,6,78,177
04/02/2003,HHR,CA,AWP,WE,Federal Contract Tower,0,2,10,0,12,0,0,96,2,98,0,2,106,2,110,118,0,118,228
04/03/2003,HHR,CA,AWP,WE,Federal Contract Tower,0,3,11,0,14,0,0,131,1,132,0,3,142,1,146,97,0,97,243
04/04/2003,HHR,CA,AWP,WE,Federal Contract Tower,0,0,14,0,14,0,0,123,1,124,0,0,137,1,138,100,0,100,238
04/05/2003,HHR,CA,AWP,WE,Federal Contract Tower,0,0,12,0,12,0,0,124,0,124,0,0,136,0,136,66,0,66,202
04/06/2003,HHR,CA,AWP,WE,Federal Contract Tower,0,0,10,0,10,0,0,117,0,117,0,0,127,0,127,58,0,58,185
04/07/2003,HHR,CA,AWP,WE,Federal Contract Tower,0,0,7,0,7,0,0,102,0,102,0,0,109,0,109,84,0,84,193
04/08/2003,HHR,CA,AWP,WE,Federal Contract Tower,0,0,9,0,9,0,0,131,2,133,0,0,140,2,142,116,0,116,258
04/09/2003,HHR,CA,AWP,WE,Federal Contract Tower,0,0,7,0,7,0,0,137,5,142,0,0,144,5,149,80,0,80,229
04/10/2003,HHR,CA,AWP,WE,Federal Contract Tower,0,3,18,0,21,0,0,101,9,110,0,3,119,9,131,74,0,74,205
04/11/2003,HHR,CA,AWP,WE,Federal Contract Tower,0,0,21,0,21,0,0,60,4,64,0,0,81,4,85,54,0,54,139
04/12/2003,HHR,CA,AWP,WE,Federal Contract Tower,0,0,20,0,20,0,0,103,1,104,0,0,123,1,124,122,0,122,246
04/13/2003,HHR,CA,AWP,WE,Federal Contract Tower,0,0,18,0,18,0,0,51,2,53,0,0,69,2,71,66,0,66,137
04/14/2003,HHR,CA,AWP,WE,Federal Contract Tower,0,0,19,0,19,0,0,39,0,39,0,0,58,0,58,0,0,0,58
04/15/2003,HHR,CA,AWP,WE,Federal Contract Tower,0,2,13,0,15,0,0,86,0,86,0,2,99,0,101,112,0,112,213
04/16/2003,HHR,CA,AWP,WE,Federal Contract Tower,0,0,8,0,8,0,0,101,3,104,0,0,109,3,112,64,0,64,176
04/17/2003,HHR,CA,AWP,WE,Federal Contract Tower,0,0,16,0,16,0,0,107,1,108,0,0,123,1,124,66,0,66,190
04/18/2003,HHR,CA,AWP,WE,Federal Contract Tower,0,0,25,0,25,0,0,115,0,115,0,0,140,0,140,116,0,116,256
04/19/2003,HHR,CA,AWP,WE,Federal Contract Tower,0,1,11,0,12,0,0,116,0,116,0,1,127,0,128,90,0,90,218
04/20/2003,HHR,CA,AWP,WE,Federal Contract Tower,0,0,6,0,6,0,0,91,2,93,0,0,97,2,99,108,0,108,207
04/21/2003,HHR,CA,AWP,WE,Federal Contract Tower,0,1,17,0,18,0,0,71,0,71,0,1,88,0,89,94,0,94,183
04/22/2003,HHR,CA,AWP,WE,Federal Contract Tower,0,1,13,0,14,0,0,103,3,106,0,1,116,3,120,54,0,54,174
04/23/2003,HHR,CA,AWP,WE,Federal Contract Tower,0,0,30,0,30,0,0,95,4,99,0,0,125,4,129,106,0,106,235
04/24/2003,HHR,CA,AWP,WE,Federal Contract Tower,0,0,21,0,21,0,0,129,2,131,0,0,150,2,152,82,0,82,234
04/25/2003,HHR,CA,AWP,WE,Federal Contract Tower,0,0,33,0,33,0,0,91,3,94,0,0,124,3,127,52,0,52,179
04/26/2003,HHR,CA,AWP,WE,Federal Contract Tower,0,0,19,0,19,0,0,132,0,132,0,0,151,0,151,142,0,142,293
04/27/2003,HHR,CA,AWP,WE,Federal Contract Tower,0,0,12,0,12,0,0,105,1,106,0,0,117,1,118,84,0,84,202
04/28/2003,HHR,CA,AWP,WE,Federal Contract Tower,0,0,12,0,12,0,0,104,2,106,0,0,116,2,118,56,0,56,174
04/29/2003,HHR,CA,AWP,WE,Federal Contract Tower,0,0,23,0,23,0,0,126,3,129,0,0,149,3,152,84,0,84,236
04/30/2003,HHR,CA,AWP,WE,Federal Contract Tower,0,1,14,0,15,0,0,138,1,139,0,1,152,1,154,124,0,124,278
05/01/2003,HHR,CA,AWP,WE,Federal Contract Tower,0,0,18,0,18,0,0,124,5,129,0,0,142,5,147,84,0,84,231
05/02/2003,HHR,CA,AWP,WE,Federal Contract Tower,0,0,14,0,14,0,0,96,2,98,0,0,110,2,112,90,0,90,202
05/03/2003,HHR,CA,AWP,WE,Federal Contract Tower,0,0,14,0,14,0,0,23,0,23,0,0,37,0,37,58,0,58,95
05/04/2003,HHR,CA,AWP,WE,Federal Contract Tower,0,0,5,0,5,0,0,96,0,96,0,0,101,0,101,158,0,158,259
05/05/2003,HHR,CA,AWP,WE,Federal Contract Tower,0,0,14,4,18,0,0,93,1,94,0,0,107,5,112,80,0,80,192
05/06/2003,HHR,CA,AWP,WE,Federal Contract Tower,0,0,24,0,24,0,0,103,3,106,0,0,127,3,130,72,0,72,202
05/07/2003,HHR,CA,AWP,WE,Federal Contract Tower,0,0,28,0,28,0,0,73,3,76,0,0,101,3,104,80,0,80,184
05/08/2003,HHR,CA,AWP,WE,Federal Contract Tower,0,0,11,0,11,0,0,122,2,124,0,0,133,2,135,52,0,52,187
05/09/2003,HHR,CA,AWP,WE,Federal Contract Tower,0,0,12,0,12,0,0,117,1,118,0,0,129,1,130,21,0,21,151
05/10/2003,HHR,CA,AWP,WE,Federal Contract Tower,0,0,8,0,8,0,0,140,3,143,0,0,148,3,151,92,4,96,247
05/11/2003,HHR,CA,AWP,WE,Federal Contract Tower,0,0,3,0,3,0,0,90,0,90,0,0,93,0,93,76,0,76,169
05/12/2003,HHR,CA,AWP,WE,Federal Contract Tower,0,0,9,0,9,0,0,98,1,99,0,0,107,1,108,36,0,36,144
05/13/2003,HHR,CA,AWP,WE,Federal Contract Tower,0,0,9,0,9,0,0,105,3,108,0,0,114,3,117,106,0,106,223
05/14/2003,HHR,CA,AWP,WE,Federal Contract Tower,0,0,31,0,31,0,0,69,0,69,0,0,100,0,100,100,0,100,200
05/15/2003,HHR,CA,AWP,WE,Federal Contract Tower,0,0,22,0,22,0,0,112,1,113,0,0,134,1,135,122,0,122,257
05/16/2003,HHR,CA,AWP,WE,Federal Contract Tower,0,0,13,0,13,0,0,161,0,161,0,0,174,0,174,84,0,84,258
05/17/2003,HHR,CA,AWP,WE,Federal Contract Tower,0,0,18,0,18,0,0,106,2,108,0,0,124,2,126,54,0,54,180
05/18/2003,HHR,CA,AWP,WE,Federal Contract Tower,0,0,10,0,10,0,1,84,1,86,0,1,94,1,96,176,0,176,272
05/19/2003,HHR,CA,AWP,WE,Federal Contract Tower,0,1,21,0,22,0,0,50,0,50,0,1,71,0,72,50,0,50,122
05/20/2003,HHR,CA,AWP,WE,Federal Contract Tower,0,1,16,0,17,0,0,58,1,59,0,1,74,1,76,60,0,60,136
05/21/2003,HHR,CA,AWP,WE,Federal Contract Tower,0,0,22,0,22,0,0,97,2,99,0,0,119,2,121,115,0,115,236
05/22/2003,HHR,CA,AWP,WE,Federal Contract Tower,0,0,21,0,21,0,0,61,0,61,0,0,82,0,82,64,0,64,146
05/23/2003,HHR,CA,AWP,WE,Federal Contract Tower,0,0,32,0,32,0,0,106,4,110,0,0,138,4,142,66,0,66,208
05/24/2003,HHR,CA,AWP,WE,Federal Contract Tower,0,0,24,0,24,0,0,40,1,41,0,0,64,1,65,92,0,92,157
05/25/2003,HHR,CA,AWP,WE,Federal Contract Tower,0,0,19,0,19,0,0,34,1,35,0,0,53,1,54,44,0,44,98
05/26/2003,HHR,CA,AWP,WE,Federal Contract Tower,0,0,26,0,26,0,0,85,3,88,0,0,111,3,114,106,0,106,220
05/27/2003,HHR,CA,AWP,WE,Federal Contract Tower,0,0,24,0,24,0,0,65,0,65,0,0,89,0,89,76,0,76,165
05/28/2003,HHR,CA,AWP,WE,Federal Contract Tower,0,1,21,0,22,0,0,67,1,68,0,1,88,1,90,58,0,58,148
05/29/2003,HHR,CA,AWP,WE,Federal Contract Tower,0,0,20,0,20,0,0,61,1,62,0,0,81,1,82,64,0,64,146
05/30/2003,HHR,CA,AWP,WE,Federal Contract Tower,0,0,32,0,32,0,0,74,2,76,0,0,106,2,108,34,0,34,142
05/31/2003,HHR,CA,AWP,WE,Federal Contract Tower,0,0,19,0,19,0,0,76,2,78,0,0,95,2,97,105,0,105,202
06/01/2003,HHR,CA,AWP,WE,Federal Contract Tower,0,0,21,0,21,0,0,76,0,76,0,0,97,0,97,101,0,101,198
06/02/2003,HHR,CA,AWP,WE,Federal Contract Tower,0,0,16,0,16,0,0,45,0,45,0,0,61,0,61,84,0,84,145
06/03/2003,HHR,CA,AWP,WE,Federal Contract Tower,0,0,31,0,31,0,0,32,3,35,0,0,63,3,66,32,0,32,98
06/04/2003,HHR,CA,AWP,WE,Federal Contract Tower,0,0,18,0,18,0,0,77,3,80,0,0,95,3,98,44,0,44,142
06/05/2003,HHR,CA,AWP,WE,Federal Contract Tower,0,0,35,0,35,0,1,61,0,62,0,1,96,0,97,60,0,60,157
06/06/2003,HHR,CA,AWP,WE,Federal Contract Tower,0,0,42,0,42,0,0,59,0,59,0,0,101,0,101,95,0,95,196
06/07/2003,HHR,CA,AWP,WE,Federal Contract Tower,0,0,23,0,23,0,0,69,0,69,0,0,92,0,92,134,0,134,226
06/08/2003,HHR,CA,AWP,WE,Federal Contract Tower,0,0,22,0,22,0,0,36,1,37,0,0,58,1,59,14,0,14,73
06/09/2003,HHR,CA,AWP,WE,Federal Contract Tower,0,1,74,0,75,0,0,0,0,0,0,1,74,0,75,82,0,82,157
06/10/2003,HHR,CA,AWP,WE,Federal Contract Tower,0,0,19,0,19,0,0,66,1,67,0,0,85,1,86,68,0,68,154
06/11/2003,HHR,CA,AWP,WE,Federal Contract Tower,0,1,18,0,19,0,0,104,2,106,0,1,122,2,125,132,0,132,257
06/12/2003,HHR,CA,AWP,WE,Federal Contract Tower,0,2,14,0,16,0,0,91,0,91,0,2,105,0,107,84,0,84,191
06/13/2003,HHR,CA,AWP,WE,Federal Contract Tower,0,0,23,0,23,0,0,109,2,111,0,0,132,2,134,104,0,104,238
06/14/2003,HHR,CA,AWP,WE,Federal Contract Tower,0,0,13,0,13,0,0,140,0,140,0,0,153,0,153,94,0,94,247
06/15/2003,HHR,CA,AWP,WE,Federal Contract Tower,0,0,14,0,14,0,0,82,5,87,0,0,96,5,101,92,8,100,201
06/16/2003,HHR,CA,AWP,WE,Federal Contract Tower,0,0,34,0,34,0,0,71,1,72,0,0,105,1,106,82,0,82,188
06/17/2003,HHR,CA,AWP,WE,Federal Contract Tower,0,2,34,0,36,0,0,67,1,68,0,2,101,1,104,62,0,62,166
06/18/2003,HHR,CA,AWP,WE,Federal Contract Tower,0,0,30,0,30,0,0,39,1,40,0,0,69,1,70,24,0,24,94
06/19/2003,HHR,CA,AWP,WE,Federal Contract Tower,0,0,33,0,33,0,0,73,4,77,0,0,106,4,110,62,0,62,172
06/20/2003,HHR,CA,AWP,WE,Federal Contract Tower,0,1,26,0,27,0,0,84,2,86,0,1,110,2,113,120,0,120,233
06/21/2003,HHR,CA,AWP,WE,Federal Contract Tower,0,2,40,0,42,0,1,50,1,52,0,3,90,1,94,58,0,58,152
06/22/2003,HHR,CA,AWP,WE,Federal Contract Tower,0,0,20,0,20,0,0,31,0,31,0,0,51,0,51,194,0,194,245
06/23/2003,HHR,CA,AWP,WE,Federal Contract Tower,0,0,15,0,15,0,0,68,1,69,0,0,83,1,84,60,0,60,144
06/24/2003,HHR,CA,AWP,WE,Federal Contract Tower,0,1,36,0,37,0,0,84,1,85,0,1,120,1,122,90,0,90,212
06/25/2003,HHR,CA,AWP,WE,Federal Contract Tower,0,1,10,0,11,0,0,130,2,132,0,1,140,2,143,100,0,100,243
06/26/2003,HHR,CA,AWP,WE,Federal Contract Tower,0,2,13,0,15,0,3,107,2,112,0,5,120,2,127,112,0,112,239
06/27/2003,HHR,CA,AWP,WE,Federal Contract Tower,0,0,19,0,19,0,0,67,1,68,0,0,86,1,87,50,0,50,137
06/28/2003,HHR,CA,AWP,WE,Federal Contract Tower,0,0,33,0,33,0,0,73,0,73,0,0,106,0,106,116,0,116,222
06/29/2003,HHR,CA,AWP,WE,Federal Contract Tower,0,0,13,0,13,0,0,62,1,63,0,0,75,1,76,42,0,42,118
06/30/2003,HHR,CA,AWP,WE,Federal Contract Tower,0,2,17,0,19,0,0,88,5,93,0,2,105,5,112,102,0,102,214
07/01/2003,HHR,CA,AWP,WE,Federal Contract Tower,0,1,16,0,17,0,0,143,2,145,0,1,159,2,162,96,0,96,258
07/02/2003,HHR,CA,AWP,WE,Federal Contract Tower,0,1,15,0,16,0,0,100,0,100,0,1,115,0,116,148,0,148,264
07/03/2003,HHR,CA,AWP,WE,Federal Contract Tower,0,0,24,0,24,0,0,149,0,149,0,0,173,0,173,106,0,106,279
07/04/2003,HHR,CA,AWP,WE,Federal Contract Tower,0,0,4,0,4,0,0,115,1,116,0,0,119,1,120,70,0,70,190
07/05/2003,HHR,CA,AWP,WE,Federal Contract Tower,0,0,4,0,4,0,0,120,0,120,0,0,124,0,124,50,0,50,174
07/06/2003,HHR,CA,AWP,WE,Federal Contract Tower,0,0,10,0,10,0,0,110,1,111,0,0,120,1,121,62,0,62,183
07/07/2003,HHR,CA,AWP,WE,Federal Contract Tower,0,1,11,0,12,0,2,74,2,78,0,3,85,2,90,62,0,62,152
07/08/2003,HHR,CA,AWP,WE,Federal Contract Tower,0,1,20,0,21,0,0,88,0,88,0,1,108,0,109,137,0,137,246
07/09/2003,HHR,CA,AWP,WE,Federal Contract Tower,0,1,28,0,29,0,0,81,1,82,0,1,109,1,111,28,0,28,139
07/10/2003,HHR,CA,AWP,WE,Federal Contract Tower,0,2,20,0,22,0,0,89,1,90,0,2,109,1,112,74,0,74,186
07/11/2003,HHR,CA,AWP,WE,Federal Contract Tower,0,0,16,0,16,0,0,112,3,115,0,0,128,3,131,48,0,48,179
07/12/2003,HHR,CA,AWP,WE,Federal Contract Tower,0,0,9,0,9,0,0,103,0,103,0,0,112,0,112,94,0,94,206
07/13/2003,HHR,CA,AWP,WE,Federal Contract Tower,0,0,9,0,9,0,0,86,2,88,0,0,95,2,97,38,0,38,135
07/14/2003,HHR,CA,AWP,WE,Federal Contract Tower,0,0,12,0,12,0,0,117,1,118,0,0,129,1,130,40,0,40,170
07/15/2003,HHR,CA,AWP,WE,Federal Contract Tower,0,0,15,0,15,0,0,92,0,92,0,0,107,0,107,114,0,114,221
07/16/2003,HHR,CA,AWP,WE,Federal Contract Tower,0,0,14,0,14,0,0,98,1,99,0,0,112,1,113,108,0,108,221
07/17/2003,HHR,CA,AWP,WE,Federal Contract Tower,0,0,22,0,22,0,0,141,5,146,0,0,163,5,168,130,0,130,298
07/18/2003,HHR,CA,AWP,WE,Federal Contract Tower,0,0,12,0,12,0,0,118,3,121,0,0,130,3,133,104,0,104,237
07/19/2003,HHR,CA,AWP,WE,Federal Contract Tower,0,1,9,0,10,0,1,231,5,237,0,2,240,5,247,70,0,70,317
07/20/2003,HHR,CA,AWP,WE,Federal Contract Tower,0,0,15,0,15,0,0,108,1,109,0,0,123,1,124,88,0,88,212
07/21/2003,HHR,CA,AWP,WE,Federal Contract Tower,0,0,12,0,12,0,2,87,2,91,0,2,99,2,103,44,0,44,147
07/22/2003,HHR,CA,AWP,WE,Federal Contract Tower,0,1,16,0,17,0,0,116,6,122,0,1,132,6,139,102,0,102,241
07/23/2003,HHR,CA,AWP,WE,Federal Contract Tower,0,0,24,0,24,0,0,80,1,81,0,0,104,1,105,72,0,72,177
07/24/2003,HHR,CA,AWP,WE,Federal Contract Tower,0,0,29,0,29,0,0,97,2,99,0,0,126,2,128,132,0,132,260
07/25/2003,HHR,CA,AWP,WE,Federal Contract Tower,0,0,20,0,20,0,0,114,1,115,0,0,134,1,135,104,10,114,249
07/26/2003,HHR,CA,AWP,WE,Federal Contract Tower,0,0,14,0,14,0,0,99,1,100,0,0,113,1,114,122,10,132,246
07/27/2003,HHR,CA,AWP,WE,Federal Contract Tower,0,0,9,0,9,0,0,117,2,119,0,0,126,2,128,80,0,80,208
07/28/2003,HHR,CA,AWP,WE,Federal Contract Tower,0,0,20,0,20,0,0,106,0,106,0,0,126,0,126,60,0,60,186
07/29/2003,HHR,CA,AWP,WE,Federal Contract Tower,0,1,11,0,12,0,1,101,3,105,0,2,112,3,117,69,0,69,186
07/30/2003,HHR,CA,AWP,WE,Federal Contract Tower,0,1,10,0,11,0,0,99,1,100,0,1,109,1,111,72,0,72,183
07/31/2003,HHR,CA,AWP,WE,Federal Contract Tower,0,0,18,0,18,0,0,133,0,133,0,0,151,0,151,10,0,10,161
08/01/2003,HHR,CA,AWP,WE,Federal Contract Tower,0,0,19,0,19,0,0,121,3,124,0,0,140,3,143,56,0,56,199
08/02/2003,HHR,CA,AWP,WE,Federal Contract Tower,0,0,17,0,17,0,0,98,2,100,0,0,115,2,117,90,0,90,207
08/03/2003,HHR,CA,AWP,WE,Federal Contract Tower,0,0,12,0,12,0,0,102,1,103,0,0,114,1,115,110,0,110,225
08/04/2003,HHR,CA,AWP,WE,Federal Contract Tower,0,0,9,0,9,0,0,101,1,102,0,0,110,1,111,50,0,50,161
08/05/2003,HHR,CA,AWP,WE,Federal Contract Tower,0,1,10,0,11,0,0,103,1,104,0,1,113,1,115,90,0,90,205
08/06/2003,HHR,CA,AWP,WE,Federal Contract Tower,0,3,16,0,19,0,0,100,3,103,0,3,116,3,122,102,0,102,224
08/07/2003,HHR,CA,AWP,WE,Federal Contract Tower,0,1,15,0,16,0,0,122,0,122,0,1,137,0,138,80,0,80,218
08/08/2003,HHR,CA,AWP,WE,Federal Contract Tower,0,2,10,0,12,0,0,123,1,124,0,2,133,1,136,78,0,78,214
08/09/2003,HHR,CA,AWP,WE,Federal Contract Tower,0,0,9,0,9,0,0,126,1,127,0,0,135,1,136,62,0,62,198
08/10/2003,HHR,CA,AWP,WE,Federal Contract Tower,0,3,8,0,11,0,0,125,4,129,0,3,133,4,140,96,0,96,236
08/11/2003,HHR,CA,AWP,WE,Federal Contract Tower,0,1,13,0,14,0,1,102,0,103,0,2,115,0,117,52,0,52,169
08/12/2003,HHR,CA,AWP,WE,Federal Contract Tower,0,6,9,0,15,0,0,114,3,117,0,6,123,3,132,60,0,60,192
08/13/2003,HHR,CA,AWP,WE,Federal Contract Tower,0,5,11,0,16,0,0,105,0,105,0,5,116,0,121,128,0,128,249
08/14/2003,HHR,CA,AWP,WE,Federal Contract Tower,0,0,14,0,14,0,2,147,1,150,0,2,161,1,164,137,0,137,301
08/15/2003,HHR,CA,AWP,WE,Federal Contract Tower,0,0,18,0,18,0,1,78,3,82,0,1,96,3,100,28,0,28,128
08/16/2003,HHR,CA,AWP,WE,Federal Contract Tower,0,2,12,0,14,0,0,194,0,194,0,2,206,0,208,76,0,76,284
08/17/2003,HHR,CA,AWP,WE,Federal Contract Tower,0,3,5,0,8,0,0,122,1,123,0,3,127,1,131,66,0,66,197
08/18/2003,HHR,CA,AWP,WE,Federal Contract Tower,0,2,10,0,12,0,0,122,1,123,0,2,132,1,135,58,0,58,193
08/19/2003,HHR,CA,AWP,WE,Federal Contract Tower,0,4,21,0,25,0,0,126,1,127,0,4,147,1,152,46,0,46,198
08/20/2003,HHR,CA,AWP,WE,Federal Contract Tower,0,0,16,0,16,0,0,105,0,105,0,0,121,0,121,106,0,106,227
08/21/2003,HHR,CA,AWP,WE,Federal Contract Tower,0,0,19,0,19,0,2,122,4,128,0,2,141,4,147,56,0,56,203
08/22/2003,HHR,CA,AWP,WE,Federal Contract Tower,0,0,25,0,25,0,0,127,0,127,0,0,152,0,152,126,0,126,278
08/23/2003,HHR,CA,AWP,WE,Federal Contract Tower,0,3,12,0,15,0,0,136,11,147,0,3,148,11,162,130,0,130,292
08/24/2003,HHR,CA,AWP,WE,Federal Contract Tower,0,2,12,0,14,0,0,101,1,102,0,2,113,1,116,106,0,106,222
08/25/2003,HHR,CA,AWP,WE,Federal Contract Tower,0,2,14,1,17,0,0,84,3,87,0,2,98,4,104,94,0,94,198
08/26/2003,HHR,CA,AWP,WE,Federal Contract Tower,0,1,24,0,25,0,1,84,0,85,0,2,108,0,110,78,0,78,188
08/27/2003,HHR,CA,AWP,WE,Federal Contract Tower,0,3,15,0,18,0,0,88,1,89,0,3,103,1,107,104,0,104,211
08/28/2003,HHR,CA,AWP,WE,Federal Contract Tower,0,1,12,0,13,0,0,130,3,133,0,1,142,3,146,42,4,46,192
08/29/2003,HHR,CA,AWP,WE,Federal Contract Tower,0,0,9,0,9,0,2,137,2,141,0,2,146,2,150,96,0,96,246
08/30/2003,HHR,CA,AWP,WE,Federal Contract Tower,0,0,8,0,8,0,0,111,0,111,0,0,119,0,119,128,0,128,247
08/31/2003,HHR,CA,AWP,WE,Federal Contract Tower,0,0,5,0,5,0,1,88,1,90,0,1,93,1,95,100,0,100,195
09/01/2003,HHR,CA,AWP,WE,Federal Contract Tower,0,1,22,0,23,0,1,62,4,67,0,2,84,4,90,28,0,28,118
09/02/2003,HHR,CA,AWP,WE,Federal Contract Tower,0,0,16,0,16,0,0,31,2,33,0,0,47,2,49,42,0,42,91
09/03/2003,HHR,CA,AWP,WE,Federal Contract Tower,0,0,13,0,13,0,1,90,2,93,0,1,103,2,106,72,0,72,178
09/04/2003,HHR,CA,AWP,WE,Federal Contract Tower,0,3,10,0,13,0,1,99,2,102,0,4,109,2,115,80,0,80,195
09/05/2003,HHR,CA,AWP,WE,Federal Contract Tower,0,1,14,0,15,0,1,106,1,108,0,2,120,1,123,56,0,56,179
09/06/2003,HHR,CA,AWP,WE,Federal Contract Tower,0,1,4,0,5,0,0,157,2,159,0,1,161,2,164,100,0,100,264
09/07/2003,HHR,CA,AWP,WE,Federal Contract Tower,0,5,12,0,17,0,0,106,0,106,0,5,118,0,123,58,0,58,181
09/08/2003,HHR,CA,AWP,WE,Federal Contract Tower,0,0,18,0,18,0,0,102,1,103,0,0,120,1,121,42,0,42,163
09/09/2003,HHR,CA,AWP,WE,Federal Contract Tower,0,1,14,0,15,0,0,89,2,91,0,1,103,2,106,46,0,46,152
09/10/2003,HHR,CA,AWP,WE,Federal Contract Tower,0,0,20,0,20,0,3,97,0,100,0,3,117,0,120,68,0,68,188
09/11/2003,HHR,CA,AWP,WE,Federal Contract Tower,0,1,23,0,24,0,1,126,3,130,0,2,149,3,154,158,0,158,312
09/12/2003,HHR,CA,AWP,WE,Federal Contract Tower,0,2,21,0,23,0,0,70,0,70,0,2,91,0,93,22,0,22,115
09/13/2003,HHR,CA,AWP,WE,Federal Contract Tower,0,5,15,0,20,0,0,66,2,68,0,5,81,2,88,46,0,46,134
09/14/2003,HHR,CA,AWP,WE,Federal Contract Tower,0,3,40,0,43,0,0,31,0,31,0,3,71,0,74,2,0,2,76
09/15/2003,HHR,CA,AWP,WE,Federal Contract Tower,0,4,27,0,31,0,0,25,1,26,0,4,52,1,57,8,0,8,65
09/16/2003,HHR,CA,AWP,WE,Federal Contract Tower,0,0,19,0,19,0,0,62,3,65,0,0,81,3,84,56,0,56,140
09/17/2003,HHR,CA,AWP,WE,Federal Contract Tower,0,2,19,0,21,0,2,80,1,83,0,4,99,1,104,84,0,84,188
09/18/2003,HHR,CA,AWP,WE,Federal Contract Tower,0,1,23,0,24,0,0,113,3,116,0,1,136,3,140,26,0,26,166
09/19/2003,HHR,CA,AWP,WE,Federal Contract Tower,0,2,27,0,29,0,0,71,3,74,0,2,98,3,103,48,0,48,151
09/20/2003,HHR,CA,AWP,WE,Federal Contract Tower,0,4,16,1,21,0,0,104,4,108,0,4,120,5,129,93,0,93,222
09/21/2003,HHR,CA,AWP,WE,Federal Contract Tower,0,4,11,0,15,0,0,94,0,94,0,4,105,0,109,50,0,50,159
09/22/2003,HHR,CA,AWP,WE,Federal Contract Tower,0,0,14,0,14,0,0,69,0,69,0,0,83,0,83,62,0,62,145
09/23/2003,HHR,CA,AWP,WE,Federal Contract Tower,0,2,11,0,13,0,0,49,6,55,0,2,60,6,68,90,0,90,158
09/24/2003,HHR,CA,AWP,WE,Federal Contract Tower,0,0,21,0,21,0,0,62,4,66,0,0,83,4,87,100,0,100,187
09/25/2003,HHR,CA,AWP,WE,Federal Contract Tower,0,2,32,0,34,0,0,85,6,91,0,2,117,6,125,76,0,76,201
09/26/2003,HHR,CA,AWP,WE,Federal Contract Tower,0,0,32,0,32,0,0,90,1,91,0,0,122,1,123,91,0,91,214
09/27/2003,HHR,CA,AWP,WE,Federal Contract Tower,0,2,38,0,40,0,0,20,2,22,0,2,58,2,62,66,0,66,128
09/28/2003,HHR,CA,AWP,WE,Federal Contract Tower,0,1,31,0,32,0,0,15,1,16,0,1,46,1,48,40,0,40,88
09/29/2003,HHR,CA,AWP,WE,Federal Contract Tower,0,0,22,0,22,0,0,34,2,36,0,0,56,2,58,30,0,30,88
09/30/2003,HHR,CA,AWP,WE,Federal Contract Tower,0,4,54,1,59,0,0,8,2,10,0,4,62,3,69,26,0,26,95
10/01/2003,HHR,CA,AWP,WE,Federal Contract Tower,0,0,20,0,20,0,0,76,1,77,0,0,96,1,97,76,0,76,173
10/02/2003,HHR,CA,AWP,WE,Federal Contract Tower,0,0,27,0,27,0,0,54,7,61,0,0,81,7,88,40,0,40,128
10/03/2003,HHR,CA,AWP,WE,Federal Contract Tower,0,1,23,0,24,0,0,88,1,89,0,1,111,1,113,36,0,36,149
10/04/2003,HHR,CA,AWP,WE,Federal Contract Tower,0,1,13,0,14,0,1,80,0,81,0,2,93,0,95,150,0,150,245
10/05/2003,HHR,CA,AWP,WE,Federal Contract Tower,0,1,26,0,27,0,0,20,0,20,0,1,46,0,47,26,0,26,73
10/06/2003,HHR,CA,AWP,WE,Federal Contract Tower,0,0,47,0,47,0,0,7,6,13,0,0,54,6,60,0,0,0,60
10/07/2003,HHR,CA,AWP,WE,Federal Contract Tower,0,1,47,0,48,0,0,10,2,12,0,1,57,2,60,2,0,2,62
10/08/2003,HHR,CA,AWP,WE,Federal Contract Tower,0,0,35,1,36,0,0,51,2,53,0,0,86,3,89,70,0,70,159
10/09/2003,HHR,CA,AWP,WE,Federal Contract Tower,0,0,26,1,27,0,0,19,0,19,0,0,45,1,46,34,0,34,80
10/10/2003,HHR,CA,AWP,WE,Federal Contract Tower,0,2,35,1,38,0,0,108,3,111,0,2,143,4,149,76,0,76,225
10/11/2003,HHR,CA,AWP,WE,Federal Contract Tower,0,0,13,1,14,0,2,122,0,124,0,2,135,1,138,112,0,112,250
10/12/2003,HHR,CA,AWP,WE,Federal Contract Tower,0,0,8,1,9,0,0,112,0,112,0,0,120,1,121,158,0,158,279
10/13/2003,HHR,CA,AWP,WE,Federal Contract Tower,0,0,10,1,11,0,2,118,0,120,0,2,128,1,131,124,0,124,255
10/14/2003,HHR,CA,AWP,WE,Federal Contract Tower,0,2,22,1,25,0,2,73,0,75,0,4,95,1,100,68,0,68,168
10/15/2003,HHR,CA,AWP,WE,Federal Contract Tower,0,1,21,1,23,0,4,74,4,82,0,5,95,5,105,54,0,54,159
10/16/2003,HHR,CA,AWP,WE,Federal Contract Tower,0,2,23,1,26,0,1,82,1,84,0,3,105,2,110,76,0,76,186
10/17/2003,HHR,CA,AWP,WE,Federal Contract Tower,0,0,8,0,8,0,0,105,0,105,0,0,113,0,113,74,0,74,187
10/18/2003,HHR,CA,AWP,WE,Federal Contract Tower,0,0,1,0,1,0,1,145,0,146,0,1,146,0,147,56,0,56,203
10/19/2003,HHR,CA,AWP,WE,Federal Contract Tower,0,0,13,0,13,0,0,96,1,97,0,0,109,1,110,134,0,134,244
10/20/2003,HHR,CA,AWP,WE,Federal Contract Tower,0,0,15,0,15,0,4,100,1,105,0,4,115,1,120,70,0,70,190
10/21/2003,HHR,CA,AWP,WE,Federal Contract Tower,0,0,14,0,14,0,3,100,1,104,0,3,114,1,118,105,0,105,223
10/22/2003,HHR,CA,AWP,WE,Federal Contract Tower,0,1,16,0,17,0,4,103,3,110,0,5,119,3,127,70,0,70,197
10/23/2003,HHR,CA,AWP,WE,Federal Contract Tower,0,1,18,0,19,0,3,122,3,128,0,4,140,3,147,56,0,56,203
10/24/2003,HHR,CA,AWP,WE,Federal Contract Tower,0,0,38,0,38,0,0,25,1,26,0,0,63,1,64,18,0,18,82
10/25/2003,HHR,CA,AWP,WE,Federal Contract Tower,0,1,26,0,27,0,0,25,2,27,0,1,51,2,54,50,0,50,104
10/26/2003,HHR,CA,AWP,WE,Federal Contract Tower,0,1,17,0,18,0,0,14,1,15,0,1,31,1,33,42,0,42,75
10/27/2003,HHR,CA,AWP,WE,Federal Contract Tower,0,0,11,0,11,0,0,55,2,57,0,0,66,2,68,30,0,30,98
10/28/2003,HHR,CA,AWP,WE,Federal Contract Tower,0,2,26,0,28,0,1,48,0,49,0,3,74,0,77,42,0,42,119
10/29/2003,HHR,CA,AWP,WE,Federal Contract Tower,0,1,18,0,19,0,1,41,2,44,0,2,59,2,63,46,8,54,117
10/30/2003,HHR,CA,AWP,WE,Federal Contract Tower,0,0,15,0,15,0,4,82,2,88,0,4,97,2,103,50,0,50,153
10/31/2003,HHR,CA,AWP,WE,Federal Contract Tower,0,0,19,0,19,0,0,94,1,95,0,0,113,1,114,56,0,56,170
11/01/2003,HHR,CA,AWP,WE,Federal Contract Tower,0,1,7,0,8,0,1,103,1,105,0,2,110,1,113,90,0,90,203
11/02/2003,HHR,CA,AWP,WE,Federal Contract Tower,0,1,7,0,8,0,0,86,1,87,0,1,93,1,95,116,0,116,211
11/03/2003,HHR,CA,AWP,WE,Federal Contract Tower,0,5,23,0,28,0,1,68,3,72,0,6,91,3,100,40,0,40,140
11/04/2003,HHR,CA,AWP,WE,Federal Contract Tower,0,1,10,0,11,0,0,94,4,98,0,1,104,4,109,80,0,80,189
11/05/2003,HHR,CA,AWP,WE,Federal Contract Tower,0,3,14,0,17,0,0,117,4,121,0,3,131,4,138,56,0,56,194
11/06/2003,HHR,CA,AWP,WE,Federal Contract Tower,0,4,16,0,20,0,0,141,0,141,0,4,157,0,161,160,0,160,321
11/07/2003,HHR,CA,AWP,WE,Federal Contract Tower,0,0,6,1,7,0,0,121,2,123,0,0,127,3,130,58,0,58,188
11/08/2003,HHR,CA,AWP,WE,Federal Contract Tower,0,2,8,0,10,0,0,92,0,92,0,2,100,0,102,88,0,88,190
11/09/2003,HHR,CA,AWP,WE,Federal Contract Tower,0,2,19,0,21,0,0,58,0,58,0,2,77,0,79,126,0,126,205
11/10/2003,HHR,CA,AWP,WE,Federal Contract Tower,0,2,9,0,11,0,0,108,1,109,0,2,117,1,120,54,0,54,174
11/11/2003,HHR,CA,AWP,WE,Federal Contract Tower,0,0,13,0,13,0,0,104,11,115,0,0,117,11,128,175,0,175,303
11/12/2003,HHR,CA,AWP,WE,Federal Contract Tower,0,2,20,0,22,0,2,96,0,98,0,4,116,0,120,48,0,48,168
11/13/2003,HHR,CA,AWP,WE,Federal Contract Tower,0,1,11,0,12,0,1,130,3,134,0,2,141,3,146,92,0,92,238
11/14/2003,HHR,CA,AWP,WE,Federal Contract Tower,0,0,12,0,12,0,0,138,3,141,0,0,150,3,153,96,0,96,249
11/15/2003,HHR,CA,AWP,WE,Federal Contract Tower,0,0,13,0,13,0,0,88,1,89,0,0,101,1,102,100,0,100,202
11/16/2003,HHR,CA,AWP,WE,Federal Contract Tower,0,0,4,0,4,0,0,123,1,124,0,0,127,1,128,140,0,140,268
11/17/2003,HHR,CA,AWP,WE,Federal Contract Tower,0,1,13,0,14,0,4,107,0,111,0,5,120,0,125,86,0,86,211
11/18/2003,HHR,CA,AWP,WE,Federal Contract Tower,0,1,14,0,15,0,2,109,4,115,0,3,123,4,130,107,0,107,237
11/19/2003,HHR,CA,AWP,WE,Federal Contract Tower,0,2,16,0,18,0,1,119,1,121,0,3,135,1,139,74,0,74,213
11/20/2003,HHR,CA,AWP,WE,Federal Contract Tower,0,2,28,0,30,0,0,60,5,65,0,2,88,5,95,40,0,40,135
11/21/2003,HHR,CA,AWP,WE,Federal Contract Tower,0,3,25,0,28,0,3,52,3,58,0,6,77,3,86,84,0,84,170
11/22/2003,HHR,CA,AWP,WE,Federal Contract Tower,0,0,5,0,5,0,1,101,0,102,0,1,106,0,107,70,0,70,177
11/23/2003,HHR,CA,AWP,WE,Federal Contract Tower,0,0,7,0,7,0,0,133,0,133,0,0,140,0,140,164,0,164,304
11/24/2003,HHR,CA,AWP,WE,Federal Contract Tower,0,3,21,0,24,0,1,80,0,81,0,4,101,0,105,74,0,74,179
11/25/2003,HHR,CA,AWP,WE,Federal Contract Tower,0,2,14,0,16,0,0,93,3,96,0,2,107,3,112,90,0,90,202
11/26/2003,HHR,CA,AWP,WE,Federal Contract Tower,0,2,15,0,17,0,0,126,3,129,0,2,141,3,146,80,0,80,226
11/27/2003,HHR,CA,AWP,WE,Federal Contract Tower,0,0,5,0,5,0,2,53,0,55,0,2,58,0,60,48,0,48,108
11/28/2003,HHR,CA,AWP,WE,Federal Contract Tower,0,0,6,0,6,0,0,87,1,88,0,0,93,1,94,92,0,92,186
11/29/2003,HHR,CA,AWP,WE,Federal Contract Tower,0,0,9,0,9,0,0,101,0,101,0,0,110,0,110,86,0,86,196
11/30/2003,HHR,CA,AWP,WE,Federal Contract Tower,0,0,10,0,10,0,0,105,2,107,0,0,115,2,117,126,0,126,243
12/01/2003,HHR,CA,AWP,WE,Federal Contract Tower,0,2,14,0,16,0,0,93,1,94,0,2,107,1,110,70,0,70,180
12/02/2003,HHR,CA,AWP,WE,Federal Contract Tower,0,2,13,0,15,0,2,90,2,94,0,4,103,2,109,58,0,58,167
12/03/2003,HHR,CA,AWP,WE,Federal Contract Tower,0,3,21,0,24,0,0,104,4,108,0,3,125,4,132,68,0,68,200
12/04/2003,HHR,CA,AWP,WE,Federal Contract Tower,0,2,23,0,25,0,0,61,1,62,0,2,84,1,87,76,0,76,163
12/05/2003,HHR,CA,AWP,WE,Federal Contract Tower,0,2,21,0,23,0,0,41,2,43,0,2,62,2,66,6,0,6,72
12/06/2003,HHR,CA,AWP,WE,Federal Contract Tower,0,2,25,0,27,0,0,68,10,78,0,2,93,10,105,78,0,78,183
12/07/2003,HHR,CA,AWP,WE,Federal Contract Tower,0,1,7,0,8,0,2,16,0,18,0,3,23,0,26,0,0,0,26
12/08/2003,HHR,CA,AWP,WE,Federal Contract Tower,0,2,11,0,13,0,0,75,0,75,0,2,86,0,88,70,0,70,158
12/09/2003,HHR,CA,AWP,WE,Federal Contract Tower,0,0,17,0,17,0,0,105,4,109,0,0,122,4,126,46,0,46,172
12/10/2003,HHR,CA,AWP,WE,Federal Contract Tower,0,2,22,0,24,0,0,94,3,97,0,2,116,3,121,54,0,54,175
12/11/2003,HHR,CA,AWP,WE,Federal Contract Tower,0,0,16,0,16,0,0,71,3,74,0,0,87,3,90,44,0,44,134
12/12/2003,HHR,CA,AWP,WE,Federal Contract Tower,0,2,9,0,11,0,0,123,1,124,0,2,132,1,135,116,0,116,251
12/13/2003,HHR,CA,AWP,WE,Federal Contract Tower,0,0,15,0,15,0,0,127,0,127,0,0,142,0,142,134,0,134,276
12/14/2003,HHR,CA,AWP,WE,Federal Contract Tower,0,0,23,1,24,0,0,28,0,28,0,0,51,1,52,60,0,60,112
12/15/2003,HHR,CA,AWP,WE,Federal Contract Tower,0,2,18,1,21,0,0,92,4,96,0,2,110,5,117,50,0,50,167
12/16/2003,HHR,CA,AWP,WE,Federal Contract Tower,0,1,10,0,11,0,1,82,2,85,0,2,92,2,96,36,0,36,132
12/17/2003,HHR,CA,AWP,WE,Federal Contract Tower,0,0,7,0,7,0,0,136,0,136,0,0,143,0,143,114,0,114,257
12/18/2003,HHR,CA,AWP,WE,Federal Contract Tower,0,2,16,0,18,0,0,135,1,136,0,2,151,1,154,160,0,160,314
12/19/2003,HHR,CA,AWP,WE,Federal Contract Tower,0,0,13,0,13,0,0,100,2,102,0,0,113,2,115,90,0,90,205
12/20/2003,HHR,CA,AWP,WE,Federal Contract Tower,0,1,15,0,16,0,1,62,1,64,0,2,77,1,80,94,0,94,174
12/21/2003,HHR,CA,AWP,WE,Federal Contract Tower,0,0,6,0,6,0,0,60,3,63,0,0,66,3,69,72,0,72,141
12/22/2003,HHR,CA,AWP,WE,Federal Contract Tower,0,0,8,0,8,0,0,111,1,112,0,0,119,1,120,60,0,60,180
12/23/2003,HHR,CA,AWP,WE,Federal Contract Tower,0,0,15,0,15,0,0,71,0,71,0,0,86,0,86,10,0,10,96
12/24/2003,HHR,CA,AWP,WE,Federal Contract Tower,0,1,12,0,13,0,3,38,0,41,0,4,50,0,54,42,0,42,96
12/25/2003,HHR,CA,AWP,WE,Federal Contract Tower,0,0,2,0,2,0,2,0,0,2,0,2,2,0,4,0,0,0,4
12/26/2003,HHR,CA,AWP,WE,Federal Contract Tower,0,0,10,0,10,0,0,97,0,97,0,0,107,0,107,54,0,54,161
12/27/2003,HHR,CA,AWP,WE,Federal Contract Tower,0,1,11,0,12,0,2,102,0,104,0,3,113,0,116,52,0,52,168
12/28/2003,HHR,CA,AWP,WE,Federal Contract Tower,0,0,7,0,7,0,4,99,1,104,0,4,106,1,111,62,0,62,173
12/29/2003,HHR,CA,AWP,WE,Federal Contract Tower,0,0,7,0,7,0,4,80,0,84,0,4,87,0,91,46,0,46,137
12/30/2003,HHR,CA,AWP,WE,Federal Contract Tower,0,0,8,0,8,0,4,82,2,88,0,4,90,2,96,52,0,52,148
12/31/2003,HHR,CA,AWP,WE,Federal Contract Tower,0,1,8,0,9,0,3,95,1,99,0,4,103,1,108,84,0,84,192
01/01/2004,HHR,CA,AWP,WE,Federal Contract Tower,0,1,4,0,5,0,4,82,1,87,0,5,86,1,92,56,0,56,148
01/02/2004,HHR,CA,AWP,WE,Federal Contract Tower,0,1,6,0,7,0,3,1,0,4,0,4,7,0,11,0,0,0,11
01/03/2004,HHR,CA,AWP,WE,Federal Contract Tower,0,0,7,0,7,0,0,56,2,58,0,0,63,2,65,6,0,6,71
01/04/2004,HHR,CA,AWP,WE,Federal Contract Tower,0,0,4,0,4,0,0,128,1,129,0,0,132,1,133,202,0,202,335
01/05/2004,HHR,CA,AWP,WE,Federal Contract Tower,0,0,15,1,16,0,1,75,2,78,0,1,90,3,94,66,0,66,160
01/06/2004,HHR,CA,AWP,WE,Federal Contract Tower,0,0,19,0,19,0,2,107,2,111,0,2,126,2,130,34,0,34,164
01/07/2004,HHR,CA,AWP,WE,Federal Contract Tower,0,0,18,0,18,0,0,89,4,93,0,0,107,4,111,64,0,64,175
01/08/2004,HHR,CA,AWP,WE,Federal Contract Tower,0,0,8,0,8,0,0,107,2,109,0,0,115,2,117,70,0,70,187
01/09/2004,HHR,CA,AWP,WE,Federal Contract Tower,0,0,17,0,17,0,3,111,2,116,0,3,128,2,133,128,0,128,261
01/10/2004,HHR,CA,AWP,WE,Federal Contract Tower,0,0,15,0,15,0,2,117,0,119,0,2,132,0,134,108,0,108,242
01/11/2004,HHR,CA,AWP,WE,Federal Contract Tower,0,0,12,0,12,0,1,138,1,140,0,1,150,1,152,113,0,113,265
01/12/2004,HHR,CA,AWP,WE,Federal Contract Tower,0,0,18,0,18,0,0,89,2,91,0,0,107,2,109,38,0,38,147
01/13/2004,HHR,CA,AWP,WE,Federal Contract Tower,0,0,12,0,12,0,0,106,0,106,0,0,118,0,118,48,0,48,166
01/14/2004,HHR,CA,AWP,WE,Federal Contract Tower,0,0,14,0,14,0,0,115,0,115,0,0,129,0,129,102,0,102,231
01/15/2004,HHR,CA,AWP,WE,Federal Contract Tower,0,2,17,0,19,0,0,129,3,132,0,2,146,3,151,48,0,48,199
01/16/2004,HHR,CA,AWP,WE,Federal Contract Tower,0,2,35,0,37,0,0,76,0,76,0,2,111,0,113,36,0,36,149
01/17/2004,HHR,CA,AWP,WE,Federal Contract Tower,0,2,20,0,22,0,2,99,0,101,0,4,119,0,123,104,0,104,227
01/18/2004,HHR,CA,AWP,WE,Federal Contract Tower,0,2,18,0,20,0,0,64,1,65,0,2,82,1,85,190,0,190,275
01/19/2004,HHR,CA,AWP,WE,Federal Contract Tower,0,0,31,0,31,0,0,68,1,69,0,0,99,1,100,56,0,56,156
01/20/2004,HHR,CA,AWP,WE,Federal Contract Tower,0,0,25,0,25,0,0,67,1,68,0,0,92,1,93,84,0,84,177
01/21/2004,HHR,CA,AWP,WE,Federal Contract Tower,0,0,18,0,18,0,0,136,3,139,0,0,154,3,157,76,0,76,233
01/22/2004,HHR,CA,AWP,WE,Federal Contract Tower,0,0,21,0,21,0,0,119,1,120,0,0,140,1,141,78,0,78,219
01/23/2004,HHR,CA,AWP,WE,Federal Contract Tower,0,0,20,0,20,0,0,199,1,200,0,0,219,1,220,116,0,116,336
01/24/2004,HHR,CA,AWP,WE,Federal Contract Tower,0,0,14,0,14,0,0,58,0,58,0,0,72,0,72,110,0,110,182
01/25/2004,HHR,CA,AWP,WE,Federal Contract Tower,0,0,17,0,17,0,0,112,0,112,0,0,129,0,129,114,0,114,243
01/26/2004,HHR,CA,AWP,WE,Federal Contract Tower,0,0,16,0,16,0,0,104,1,105,0,0,120,1,121,42,0,42,163
01/27/2004,HHR,CA,AWP,WE,Federal Contract Tower,0,0,19,0,19,0,0,89,2,91,0,0,108,2,110,70,0,70,180
01/28/2004,HHR,CA,AWP,WE,Federal Contract Tower,0,0,25,0,25,0,0,101,3,104,0,0,126,3,129,60,0,60,189
01/29/2004,HHR,CA,AWP,WE,Federal Contract Tower,0,0,16,0,16,0,1,114,2,117,0,1,130,2,133,32,0,32,165
01/30/2004,HHR,CA,AWP,WE,Federal Contract Tower,0,0,18,0,18,0,0,114,1,115,0,0,132,1,133,89,0,89,222
01/31/2004,HHR,CA,AWP,WE,Federal Contract Tower,0,0,11,0,11,0,0,119,2,121,0,0,130,2,132,87,0,87,219
02/01/2004,HHR,CA,AWP,WE,Federal Contract Tower,0,1,8,0,9,0,0,106,1,107,0,1,114,1,116,103,0,103,219
02/02/2004,HHR,CA,AWP,WE,Federal Contract Tower,0,3,13,0,16,0,0,73,0,73,0,3,86,0,89,46,0,46,135
02/03/2004,HHR,CA,AWP,WE,Federal Contract Tower,0,1,18,0,19,0,0,71,3,74,0,1,89,3,93,30,0,30,123
02/04/2004,HHR,CA,AWP,WE,Federal Contract Tower,0,0,18,0,18,0,0,134,1,135,0,0,152,1,153,162,0,162,315
02/05/2004,HHR,CA,AWP,WE,Federal Contract Tower,0,1,18,0,19,0,0,124,2,126,0,1,142,2,145,176,0,176,321
02/06/2004,HHR,CA,AWP,WE,Federal Contract Tower,0,3,12,0,15,0,1,143,5,149,0,4,155,5,164,88,0,88,252
02/07/2004,HHR,CA,AWP,WE,Federal Contract Tower,0,1,9,0,10,0,0,129,1,130,0,1,138,1,140,92,0,92,232
02/08/2004,HHR,CA,AWP,WE,Federal Contract Tower,0,1,11,0,12,0,0,118,1,119,0,1,129,1,131,158,0,158,289
02/09/2004,HHR,CA,AWP,WE,Federal Contract Tower,0,0,10,0,10,0,0,120,2,122,0,0,130,2,132,20,0,20,152
02/10/2004,HHR,CA,AWP,WE,Federal Contract Tower,0,0,15,0,15,0,0,152,1,153,0,0,167,1,168,112,0,112,280
02/11/2004,HHR,CA,AWP,WE,Federal Contract Tower,0,1,17,0,18,0,2,154,2,158,0,3,171,2,176,120,0,120,296
02/12/2004,HHR,CA,AWP,WE,Federal Contract Tower,0,1,21,0,22,0,3,157,2,162,0,4,178,2,184,148,0,148,332
02/13/2004,HHR,CA,AWP,WE,Federal Contract Tower,0,0,11,0,11,0,3,131,0,134,0,3,142,0,145,30,0,30,175
02/14/2004,HHR,CA,AWP,WE,Federal Contract Tower,0,0,10,0,10,0,0,185,0,185,0,0,195,0,195,124,0,124,319
02/15/2004,HHR,CA,AWP,WE,Federal Contract Tower,0,0,6,0,6,0,1,117,0,118,0,1,123,0,124,196,0,196,320
02/16/2004,HHR,CA,AWP,WE,Federal Contract Tower,0,2,22,0,24,0,0,109,0,109,0,2,131,0,133,50,0,50,183
02/17/2004,HHR,CA,AWP,WE,Federal Contract Tower,0,0,16,0,16,0,0,119,2,121,0,0,135,2,137,138,0,138,275
02/18/2004,HHR,CA,AWP,WE,Federal Contract Tower,0,2,23,0,25,0,1,23,0,24,0,3,46,0,49,0,0,0,49
02/19/2004,HHR,CA,AWP,WE,Federal Contract Tower,0,0,20,0,20,0,0,137,0,137,0,0,157,0,157,148,0,148,305
02/20/2004,HHR,CA,AWP,WE,Federal Contract Tower,0,1,18,0,19,0,2,79,1,82,0,3,97,1,101,92,0,92,193
02/21/2004,HHR,CA,AWP,WE,Federal Contract Tower,0,1,18,0,19,0,3,49,0,52,0,4,67,0,71,18,0,18,89
02/22/2004,HHR,CA,AWP,WE,Federal Contract Tower,0,0,10,0,10,0,0,27,1,28,0,0,37,1,38,30,0,30,68
02/23/2004,HHR,CA,AWP,WE,Federal Contract Tower,0,0,15,0,15,0,0,99,3,102,0,0,114,3,117,130,0,130,247
02/24/2004,HHR,CA,AWP,WE,Federal Contract Tower,0,2,31,0,33,0,0,92,1,93,0,2,123,1,126,114,0,114,240
02/25/2004,HHR,CA,AWP,WE,Federal Contract Tower,0,1,17,0,18,0,3,49,8,60,0,4,66,8,78,28,0,28,106
02/26/2004,HHR,CA,AWP,WE,Federal Contract Tower,0,2,24,0,26,0,2,95,2,99,0,4,119,2,125,147,0,147,272
02/27/2004,HHR,CA,AWP,WE,Federal Contract Tower,0,1,19,0,20,0,24,88,3,115,0,25,107,3,135,80,0,80,215
02/28/2004,HHR,CA,AWP,WE,Federal Contract Tower,0,0,6,0,6,0,0,128,0,128,0,0,134,0,134,110,0,110,244
02/29/2004,HHR,CA,AWP,WE,Federal Contract Tower,0,1,16,0,17,0,1,106,0,107,0,2,122,0,124,178,0,178,302
03/01/2004,HHR,CA,AWP,WE,Federal Contract Tower,0,3,23,0,26,0,2,59,2,63,0,5,82,2,89,26,0,26,115
03/02/2004,HHR,CA,AWP,WE,Federal Contract Tower,0,0,14,0,14,0,0,88,1,89,0,0,102,1,103,46,0,46,149
03/03/2004,HHR,CA,AWP,WE,Federal Contract Tower,0,1,10,0,11,0,1,39,0,40,0,2,49,0,51,2,0,2,53
03/04/2004,HHR,CA,AWP,WE,Federal Contract Tower,0,2,17,0,19,0,0,76,2,78,0,2,93,2,97,116,0,116,213
03/05/2004,HHR,CA,AWP,WE,Federal Contract Tower,0,3,23,0,26,0,2,93,0,95,0,5,116,0,121,118,0,118,239
03/06/2004,HHR,CA,AWP,WE,Federal Contract Tower,0,2,12,0,14,0,0,118,1,119,0,2,130,1,133,138,0,138,271
03/07/2004,HHR,CA,AWP,WE,Federal Contract Tower,0,1,13,0,14,0,0,124,0,124,0,1,137,0,138,134,0,134,272
03/08/2004,HHR,CA,AWP,WE,Federal Contract Tower,0,2,12,0,14,0,3,102,0,105,0,5,114,0,119,78,0,78,197
03/09/2004,HHR,CA,AWP,WE,Federal Contract Tower,0,1,11,0,12,0,4,100,2,106,0,5,111,2,118,45,0,45,163
03/10/2004,HHR,CA,AWP,WE,Federal Contract Tower,0,2,20,0,22,0,2,59,0,61,0,4,79,0,83,96,0,96,179
03/11/2004,HHR,CA,AWP,WE,Federal Contract Tower,0,3,26,0,29,0,3,58,0,61,0,6,84,0,90,66,0,66,156
03/12/2004,HHR,CA,AWP,WE,Federal Contract Tower,0,2,31,0,33,0,0,45,2,47,0,2,76,2,80,48,0,48,128
03/13/2004,HHR,CA,AWP,WE,Federal Contract Tower,0,2,16,0,18,0,0,80,1,81,0,2,96,1,99,64,0,64,163
03/14/2004,HHR,CA,AWP,WE,Federal Contract Tower,0,2,35,0,37,0,3,35,0,38,0,5,70,0,75,4,0,4,79
03/15/2004,HHR,CA,AWP,WE,Federal Contract Tower,0,0,35,1,36,0,0,36,1,37,0,0,71,2,73,74,0,74,147
03/16/2004,HHR,CA,AWP,WE,Federal Contract Tower,0,0,15,0,15,0,0,46,0,46,0,0,61,0,61,68,0,68,129
03/17/2004,HHR,CA,AWP,WE,Federal Contract Tower,0,1,30,0,31,0,0,46,0,46,0,1,76,0,77,28,0,28,105
03/18/2004,HHR,CA,AWP,WE,Federal Contract Tower,0,2,39,0,41,0,0,50,2,52,0,2,89,2,93,70,0,70,163
03/19/2004,HHR,CA,AWP,WE,Federal Contract Tower,0,2,34,0,36,0,0,39,1,40,0,2,73,1,76,56,0,56,132
03/20/2004,HHR,CA,AWP,WE,Federal Contract Tower,0,2,29,0,31,0,3,18,1,22,0,5,47,1,53,28,0,28,81
03/21/2004,HHR,CA,AWP,WE,Federal Contract Tower,0,1,20,0,21,0,5,30,1,36,0,6,50,1,57,24,0,24,81
03/22/2004,HHR,CA,AWP,WE,Federal Contract Tower,0,0,36,0,36,0,0,6,1,7,0,0,42,1,43,0,0,0,43
03/23/2004,HHR,CA,AWP,WE,Federal Contract Tower,0,0,42,0,42,0,0,36,4,40,0,0,78,4,82,50,0,50,132
03/24/2004,HHR,CA,AWP,WE,Federal Contract Tower,0,1,24,0,25,0,0,77,3,80,0,1,101,3,105,132,0,132,237
03/25/2004,HHR,CA,AWP,WE,Federal Contract Tower,0,2,25,0,27,0,2,112,2,116,0,4,137,2,143,80,0,80,223
03/26/2004,HHR,CA,AWP,WE,Federal Contract Tower,0,1,21,0,22,0,9,117,6,132,0,10,138,6,154,58,0,58,212
03/27/2004,HHR,CA,AWP,WE,Federal Contract Tower,0,0,13,0,13,0,5,158,1,164,0,5,171,1,177,98,0,98,275
03/28/2004,HHR,CA,AWP,WE,Federal Contract Tower,0,0,11,0,11,0,1,171,0,172,0,1,182,0,183,72,0,72,255
03/29/2004,HHR,CA,AWP,WE,Federal Contract Tower,0,1,20,0,21,0,0,130,1,131,0,1,150,1,152,110,0,110,262
03/30/2004,HHR,CA,AWP,WE,Federal Contract Tower,0,0,11,0,11,0,2,96,0,98,0,2,107,0,109,94,0,94,203
03/31/2004,HHR,CA,AWP,WE,Federal Contract Tower,0,2,27,0,29,0,4,106,4,114,0,6,133,4,143,56,0,56,199
04/01/2004,HHR,CA,AWP,WE,Federal Contract Tower,0,2,29,0,31,0,1,91,0,92,0,3,120,0,123,120,0,120,243
04/02/2004,HHR,CA,AWP,WE,Federal Contract Tower,0,1,24,0,25,0,1,117,15,133,0,2,141,15,158,114,0,114,272
04/03/2004,HHR,CA,AWP,WE,Federal Contract Tower,0,1,24,0,25,0,6,65,23,94,0,7,89,23,119,122,0,122,241
04/04/2004,HHR,CA,AWP,WE,Federal Contract Tower,0,1,17,0,18,0,4,127,2,133,0,5,144,2,151,192,0,192,343
04/05/2004,HHR,CA,AWP,WE,Federal Contract Tower,0,0,21,0,21,0,0,74,2,76,0,0,95,2,97,64,0,64,161
04/06/2004,HHR,CA,AWP,WE,Federal Contract Tower,0,0,32,0,32,0,0,65,1,66,0,0,97,1,98,108,0,108,206
04/07/2004,HHR,CA,AWP,WE,Federal Contract Tower,0,1,14,0,15,0,1,120,0,121,0,2,134,0,136,146,0,146,282
04/08/2004,HHR,CA,AWP,WE,Federal Contract Tower,0,2,41,0,43,0,3,65,2,70,0,5,106,2,113,136,0,136,249
04/09/2004,HHR,CA,AWP,WE,Federal Contract Tower,0,1,18,0,19,0,1,106,1,108,0,2,124,1,127,210,2,212,339
04/10/2004,HHR,CA,AWP,WE,Federal Contract Tower,0,2,26,0,28,0,1,28,0,29,0,3,54,0,57,46,0,46,103
04/11/2004,HHR,CA,AWP,WE,Federal Contract Tower,0,1,11,0,12,0,3,79,4,86,0,4,90,4,98,194,0,194,292
04/12/2004,HHR,CA,AWP,WE,Federal Contract Tower,0,1,19,0,20,0,5,115,3,123,0,6,134,3,143,82,0,82,225
04/13/2004,HHR,CA,AWP,WE,Federal Contract Tower,0,1,21,0,22,0,2,78,0,80,0,3,99,0,102,88,0,88,190
04/14/2004,HHR,CA,AWP,WE,Federal Contract Tower,0,1,17,0,18,0,3,144,3,150,0,4,161,3,168,122,0,122,290
04/15/2004,HHR,CA,AWP,WE,Federal Contract Tower,0,2,33,0,35,0,5,126,2,133,0,7,159,2,168,96,0,96,264
04/16/2004,HHR,CA,AWP,WE,Federal Contract Tower,0,1,16,0,17,0,1,115,2,118,0,2,131,2,135,80,0,80,215
04/17/2004,HHR,CA,AWP,WE,Federal Contract Tower,0,2,28,0,30,0,4,61,0,65,0,6,89,0,95,64,0,64,159
04/18/2004,HHR,CA,AWP,WE,Federal Contract Tower,0,0,13,0,13,0,0,131,0,131,0,0,144,0,144,182,0,182,326
04/19/2004,HHR,CA,AWP,WE,Federal Contract Tower,0,0,9,0,9,0,3,131,0,134,0,3,140,0,143,68,0,68,211
04/20/2004,HHR,CA,AWP,WE,Federal Contract Tower,0,0,19,1,20,0,4,116,5,125,0,4,135,6,145,93,0,93,238
04/21/2004,HHR,CA,AWP,WE,Federal Contract Tower,0,0,26,0,26,0,4,110,1,115,0,4,136,1,141,134,0,134,275
04/22/2004,HHR,CA,AWP,WE,Federal Contract Tower,0,0,23,0,23,0,0,137,1,138,0,0,160,1,161,116,0,116,277
04/23/2004,HHR,CA,AWP,WE,Federal Contract Tower,0,0,16,0,16,0,0,123,2,125,0,0,139,2,141,68,0,68,209
04/24/2004,HHR,CA,AWP,WE,Federal Contract Tower,0,0,17,0,17,0,3,159,0,162,0,3,176,0,179,206,0,206,385
04/25/2004,HHR,CA,AWP,WE,Federal Contract Tower,0,0,16,0,16,0,3,206,2,211,0,3,222,2,227,166,0,166,393
04/26/2004,HHR,CA,AWP,WE,Federal Contract Tower,0,0,15,0,15,0,2,120,3,125,0,2,135,3,140,74,0,74,214
04/27/2004,HHR,CA,AWP,WE,Federal Contract Tower,0,0,13,0,13,0,2,129,5,136,0,2,142,5,149,98,0,98,247
04/28/2004,HHR,CA,AWP,WE,Federal Contract Tower,0,0,21,0,21,0,6,88,3,97,0,6,109,3,118,140,0,140,258
04/29/2004,HHR,CA,AWP,WE,Federal Contract Tower,0,0,31,0,31,0,0,116,0,116,0,0,147,0,147,54,0,54,201
04/30/2004,HHR,CA,AWP,WE,Federal Contract Tower,0,0,18,0,18,0,2,172,1,175,0,2,190,1,193,24,0,24,217
05/01/2004,HHR,CA,AWP,WE,Federal Contract Tower,0,1,10,0,11,0,11,117,0,128,0,12,127,0,139,90,0,90,229
05/02/2004,HHR,CA,AWP,WE,Federal Contract Tower,0,1,8,0,9,0,8,145,0,153,0,9,153,0,162,226,0,226,388
05/03/2004,HHR,CA,AWP,WE,Federal Contract Tower,0,3,13,0,16,0,7,93,1,101,0,10,106,1,117,50,0,50,167
05/04/2004,HHR,CA,AWP,WE,Federal Contract Tower,0,3,19,0,22,0,3,122,0,125,0,6,141,0,147,132,0,132,279
05/05/2004,HHR,CA,AWP,WE,Federal Contract Tower,0,3,13,0,16,0,1,106,0,107,0,4,119,0,123,54,0,54,177
05/06/2004,HHR,CA,AWP,WE,Federal Contract Tower,0,4,20,0,24,0,5,108,0,113,0,9,128,0,137,16,0,16,153
05/07/2004,HHR,CA,AWP,WE,Federal Contract Tower,0,2,14,0,16,0,3,135,3,141,0,5,149,3,157,44,0,44,201
05/08/2004,HHR,CA,AWP,WE,Federal Contract Tower,0,1,7,0,8,0,0,121,0,121,0,1,128,0,129,86,0,86,215
05/09/2004,HHR,CA,AWP,WE,Federal Contract Tower,0,1,0,0,1,0,1,142,0,143,0,2,142,0,144,148,0,148,292
05/10/2004,HHR,CA,AWP,WE,Federal Contract Tower,0,2,19,0,21,0,5,73,1,79,0,7,92,1,100,16,0,16,116
05/11/2004,HHR,CA,AWP,WE,Federal Contract Tower,0,1,14,0,15,0,0,92,3,95,0,1,106,3,110,117,0,117,227
05/12/2004,HHR,CA,AWP,WE,Federal Contract Tower,0,1,16,0,17,0,3,97,4,104,0,4,113,4,121,38,0,38,159
05/13/2004,HHR,CA,AWP,WE,Federal Contract Tower,0,0,11,0,11,0,4,164,0,168,0,4,175,0,179,64,0,64,243
05/14/2004,HHR,CA,AWP,WE,Federal Contract Tower,0,1,11,0,12,0,5,143,4,152,0,6,154,4,164,58,0,58,222
05/15/2004,HHR,CA,AWP,WE,Federal Contract Tower,0,1,11,0,12,0,4,137,3,144,0,5,148,3,156,64,0,64,220
05/16/2004,HHR,CA,AWP,WE,Federal Contract Tower,0,1,13,0,14,0,2,85,1,88,0,3,98,1,102,112,0,112,214
05/17/2004,HHR,CA,AWP,WE,Federal Contract Tower,0,2,25,0,27,0,0,91,2,93,0,2,116,2,120,78,0,78,198
05/18/2004,HHR,CA,AWP,WE,Federal Contract Tower,0,1,19,0,20,0,1,115,2,118,0,2,134,2,138,190,0,190,328
05/19/2004,HHR,CA,AWP,WE,Federal Contract Tower,0,2,24,0,26,0,8,108,1,117,0,10,132,1,143,60,0,60,203
05/20/2004,HHR,CA,AWP,WE,Federal Contract Tower,0,1,14,0,15,0,2,99,0,101,0,3,113,0,116,126,0,126,242
05/21/2004,HHR,CA,AWP,WE,Federal Contract Tower,0,2,26,0,28,0,5,120,1,126,0,7,146,1,154,120,0,120,274
05/22/2004,HHR,CA,AWP,WE,Federal Contract Tower,0,1,17,0,18,0,12,111,0,123,0,13,128,0,141,50,0,50,191
05/23/2004,HHR,CA,AWP,WE,Federal Contract Tower,0,1,16,0,17,0,1,66,6,73,0,2,82,6,90,132,2,134,224
05/24/2004,HHR,CA,AWP,WE,Federal Contract Tower,0,2,26,0,28,0,4,121,0,125,0,6,147,0,153,56,0,56,209
05/25/2004,HHR,CA,AWP,WE,Federal Contract Tower,0,2,25,0,27,0,4,97,2,103,0,6,122,2,130,150,0,150,280
05/26/2004,HHR,CA,AWP,WE,Federal Contract Tower,0,1,21,0,22,0,0,122,0,122,0,1,143,0,144,196,0,196,340
05/27/2004,HHR,CA,AWP,WE,Federal Contract Tower,0,2,25,0,27,0,0,86,3,89,0,2,111,3,116,108,0,108,224
05/28/2004,HHR,CA,AWP,WE,Federal Contract Tower,0,0,38,0,38,0,0,68,0,68,0,0,106,0,106,140,0,140,246
05/29/2004,HHR,CA,AWP,WE,Federal Contract Tower,0,1,17,0,18,0,5,95,3,103,0,6,112,3,121,66,12,78,199
05/30/2004,HHR,CA,AWP,WE,Federal Contract Tower,0,0,2,0,2,0,0,84,0,84,0,0,86,0,86,80,0,80,166
05/31/2004,HHR,CA,AWP,WE,Federal Contract Tower,0,0,10,0,10,0,1,137,1,139,0,1,147,1,149,108,0,108,257
06/01/2004,HHR,CA,AWP,WE,Federal Contract Tower,0,1,12,0,13,0,2,78,3,83,0,3,90,3,96,86,0,86,182
06/02/2004,HHR,CA,AWP,WE,Federal Contract Tower,0,1,15,0,16,0,1,117,0,118,0,2,132,0,134,106,0,106,240
06/03/2004,HHR,CA,AWP,WE,Federal Contract Tower,0,0,9,0,9,0,0,48,0,48,0,0,57,0,57,14,0,14,71
06/04/2004,HHR,CA,AWP,WE,Federal Contract Tower,0,3,18,0,21,0,3,93,2,98,0,6,111,2,119,78,0,78,197
06/05/2004,HHR,CA,AWP,WE,Federal Contract Tower,0,2,27,0,29,0,0,85,0,85,0,2,112,0,114,56,0,56,170
06/06/2004,HHR,CA,AWP,WE,Federal Contract Tower,0,1,13,0,14,0,3,92,1,96,0,4,105,1,110,70,0,70,180
06/07/2004,HHR,CA,AWP,WE,Federal Contract Tower,0,2,40,0,42,0,0,43,2,45,0,2,83,2,87,42,0,42,129
06/08/2004,HHR,CA,AWP,WE,Federal Contract Tower,0,3,34,0,37,0,0,77,0,77,0,3,111,0,114,86,0,86,200
06/09/2004,HHR,CA,AWP,WE,Federal Contract Tower,0,2,23,0,25,0,1,96,0,97,0,3,119,0,122,80,0,80,202
06/10/2004,HHR,CA,AWP,WE,Federal Contract Tower,0,2,21,0,23,0,0,131,0,131,0,2,152,0,154,64,0,64,218
06/11/2004,HHR,CA,AWP,WE,Federal Contract Tower,0,2,22,0,24,0,1,109,0,110,0,3,131,0,134,134,0,134,268
06/12/2004,HHR,CA,AWP,WE,Federal Contract Tower,0,0,13,0,13,0,0,125,0,125,0,0,138,0,138,104,0,104,242
06/13/2004,HHR,CA,AWP,WE,Federal Contract Tower,0,1,11,0,12,0,7,117,4,128,0,8,128,4,140,102,0,102,242
06/14/2004,HHR,CA,AWP,WE,Federal Contract Tower,0,0,14,0,14,0,0,91,0,91,0,0,105,0,105,102,0,102,207
06/15/2004,HHR,CA,AWP,WE,Federal Contract Tower,0,0,31,0,31,0,0,93,0,93,0,0,124,0,124,72,0,72,196
06/16/2004,HHR,CA,AWP,WE,Federal Contract Tower,0,2,43,0,45,0,1,56,4,61,0,3,99,4,106,66,0,66,172
06/17/2004,HHR,CA,AWP,WE,Federal Contract Tower,0,2,33,0,35,0,10,86,5,101,0,12,119,5,136,110,0,110,246
06/18/2004,HHR,CA,AWP,WE,Federal Contract Tower,0,0,18,0,18,0,0,84,3,87,0,0,102,3,105,124,0,124,229
06/19/2004,HHR,CA,AWP,WE,Federal Contract Tower,0,2,32,0,34,0,4,50,2,56,0,6,82,2,90,212,0,212,302
06/20/2004,HHR,CA,AWP,WE,Federal Contract Tower,0,1,16,0,17,0,1,77,0,78,0,2,93,0,95,64,0,64,159
06/21/2004,HHR,CA,AWP,WE,Federal Contract Tower,0,1,19,0,20,0,0,71,2,73,0,1,90,2,93,70,0,70,163
06/22/2004,HHR,CA,AWP,WE,Federal Contract Tower,0,2,32,0,34,0,3,41,0,44,0,5,73,0,78,86,0,86,164
06/23/2004,HHR,CA,AWP,WE,Federal Contract Tower,0,2,41,0,43,0,4,36,0,40,0,6,77,0,83,34,0,34,117
06/24/2004,HHR,CA,AWP,WE,Federal Contract Tower,0,2,35,0,37,0,3,58,9,70,0,5,93,9,107,32,0,32,139
06/25/2004,HHR,CA,AWP,WE,Federal Contract Tower,0,1,24,0,25,0,2,84,2,88,0,3,108,2,113,40,0,40,153
06/26/2004,HHR,CA,AWP,WE,Federal Contract Tower,0,1,20,0,21,0,0,95,0,95,0,1,115,0,116,74,0,74,190
06/27/2004,HHR,CA,AWP,WE,Federal Contract Tower,0,0,16,0,16,0,4,109,1,114,0,4,125,1,130,144,0,144,274
06/28/2004,HHR,CA,AWP,WE,Federal Contract Tower,0,1,26,0,27,0,3,77,1,81,0,4,103,1,108,24,0,24,132
06/29/2004,HHR,CA,AWP,WE,Federal Contract Tower,0,1,25,0,26,0,3,81,1,85,0,4,106,1,111,130,0,130,241
06/30/2004,HHR,CA,AWP,WE,Federal Contract Tower,0,1,23,0,24,0,1,99,3,103,0,2,122,3,127,82,0,82,209
07/01/2004,HHR,CA,AWP,WE,Federal Contract Tower,0,3,25,0,28,0,3,90,6,99,0,6,115,6,127,70,0,70,197
07/02/2004,HHR,CA,AWP,WE,Federal Contract Tower,0,1,12,0,13,0,3,100,2,105,0,4,112,2,118,140,0,140,258
07/03/2004,HHR,CA,AWP,WE,Federal Contract Tower,0,1,15,0,16,0,0,89,0,89,0,1,104,0,105,110,0,110,215
07/04/2004,HHR,CA,AWP,WE,Federal Contract Tower,0,1,4,0,5,0,0,81,1,82,0,1,85,1,87,91,0,91,178
07/05/2004,HHR,CA,AWP,WE,Federal Contract Tower,0,0,14,0,14,0,0,63,1,64,0,0,77,1,78,126,0,126,204
07/06/2004,HHR,CA,AWP,WE,Federal Contract Tower,0,2,16,0,18,0,0,74,3,77,0,2,90,3,95,80,6,86,181
07/07/2004,HHR,CA,AWP,WE,Federal Contract Tower,0,2,17,0,19,0,2,109,2,113,0,4,126,2,132,140,0,140,272
07/08/2004,HHR,CA,AWP,WE,Federal Contract Tower,0,1,31,0,32,0,0,99,2,101,0,1,130,2,133,134,0,134,267
07/09/2004,HHR,CA,AWP,WE,Federal Contract Tower,0,2,16,0,18,0,0,117,1,118,0,2,133,1,136,92,0,92,228
07/10/2004,HHR,CA,AWP,WE,Federal Contract Tower,0,2,15,0,17,0,3,138,1,142,0,5,153,1,159,104,0,104,263
07/11/2004,HHR,CA,AWP,WE,Federal Contract Tower,0,1,7,0,8,0,3,113,0,116,0,4,120,0,124,82,0,82,206
07/12/2004,HHR,CA,AWP,WE,Federal Contract Tower,0,0,23,0,23,0,0,77,3,80,0,0,100,3,103,10,0,10,113
07/13/2004,HHR,CA,AWP,WE,Federal Contract Tower,0,2,15,0,17,0,0,94,2,96,0,2,109,2,113,144,2,146,259
07/14/2004,HHR,CA,AWP,WE,Federal Contract Tower,0,1,16,0,17,0,6,128,1,135,0,7,144,1,152,98,0,98,250
07/15/2004,HHR,CA,AWP,WE,Federal Contract Tower,0,1,19,0,20,0,1,160,5,166,0,2,179,5,186,124,0,124,310
07/16/2004,HHR,CA,AWP,WE,Federal Contract Tower,0,0,10,0,10,0,2,139,2,143,0,2,149,2,153,110,0,110,263
07/17/2004,HHR,CA,AWP,WE,Federal Contract Tower,0,0,9,0,9,0,2,134,0,136,0,2,143,0,145,34,0,34,179
07/18/2004,HHR,CA,AWP,WE,Federal Contract Tower,0,0,12,0,12,0,4,128,0,132,0,4,140,0,144,146,0,146,290
07/19/2004,HHR,CA,AWP,WE,Federal Contract Tower,0,0,12,0,12,0,4,91,1,96,0,4,103,1,108,68,0,68,176
07/20/2004,HHR,CA,AWP,WE,Federal Contract Tower,0,0,9,0,9,0,6,118,0,124,0,6,127,0,133,98,0,98,231
07/21/2004,HHR,CA,AWP,WE,Federal Contract Tower,0,1,18,0,19,0,1,145,1,147,0,2,163,1,166,124,0,124,290
07/22/2004,HHR,CA,AWP,WE,Federal Contract Tower,0,2,27,0,29,0,4,118,2,124,0,6,145,2,153,30,0,30,183
07/23/2004,HHR,CA,AWP,WE,Federal Contract Tower,0,1,26,0,27,0,0,94,3,97,0,1,120,3,124,130,0,130,254
07/24/2004,HHR,CA,AWP,WE,Federal Contract Tower,0,1,14,0,15,0,11,110,1,122,0,12,124,1,137,136,0,136,273
07/25/2004,HHR,CA,AWP,WE,Federal Contract Tower,0,0,5,0,5,0,3,99,1,103,0,3,104,1,108,126,0,126,234
07/26/2004,HHR,CA,AWP,WE,Federal Contract Tower,0,1,16,0,17,0,3,70,2,75,0,4,86,2,92,66,0,66,158
07/27/2004,HHR,CA,AWP,WE,Federal Contract Tower,0,2,25,0,27,0,7,64,2,73,0,9,89,2,100,124,0,124,224
07/28/2004,HHR,CA,AWP,WE,Federal Contract Tower,0,1,13,0,14,0,2,89,0,91,0,3,102,0,105,170,0,170,275
07/29/2004,HHR,CA,AWP,WE,Federal Contract Tower,0,1,17,0,18,0,6,136,2,144,0,7,153,2,162,90,0,90,252
07/30/2004,HHR,CA,AWP,WE,Federal Contract Tower,0,1,15,0,16,0,8,142,1,151,0,9,157,1,167,94,0,94,261
07/31/2004,HHR,CA,AWP,WE,Federal Contract Tower,0,1,15,0,16,0,5,125,0,130,0,6,140,0,146,84,0,84,230
08/01/2004,HHR,CA,AWP,WE,Federal Contract Tower,0,2,14,0,16,0,1,102,0,103,0,3,116,0,119,118,0,118,237
08/02/2004,HHR,CA,AWP,WE,Federal Contract Tower,0,3,15,0,18,0,5,109,3,117,0,8,124,3,135,70,0,70,205
08/03/2004,HHR,CA,AWP,WE,Federal Contract Tower,0,3,16,0,19,0,0,86,2,88,0,3,102,2,107,108,0,108,215
08/04/2004,HHR,CA,AWP,WE,Federal Contract Tower,0,3,14,0,17,0,0,100,0,100,0,3,114,0,117,110,0,110,227
08/05/2004,HHR,CA,AWP,WE,Federal Contract Tower,0,2,26,0,28,0,0,135,2,137,0,2,161,2,165,121,0,121,286
08/06/2004,HHR,CA,AWP,WE,Federal Contract Tower,0,2,19,0,21,0,3,147,0,150,0,5,166,0,171,130,0,130,301
08/07/2004,HHR,CA,AWP,WE,Federal Contract Tower,0,2,12,0,14,0,0,139,4,143,0,2,151,4,157,126,0,126,283
08/08/2004,HHR,CA,AWP,WE,Federal Contract Tower,0,1,10,0,11,0,3,118,1,122,0,4,128,1,133,110,0,110,243
08/09/2004,HHR,CA,AWP,WE,Federal Contract Tower,0,2,16,0,18,0,4,99,3,106,0,6,115,3,124,104,0,104,228
08/10/2004,HHR,CA,AWP,WE,Federal Contract Tower,0,2,16,0,18,0,6,143,1,150,0,8,159,1,168,138,0,138,306
08/11/2004,HHR,CA,AWP,WE,Federal Contract Tower,0,2,21,0,23,0,5,139,5,149,0,7,160,5,172,117,0,117,289
08/12/2004,HHR,CA,AWP,WE,Federal Contract Tower,0,1,10,0,11,0,0,33,2,35,0,1,43,2,46,0,0,0,46
08/13/2004,HHR,CA,AWP,WE,Federal Contract Tower,0,1,15,1,17,0,4,209,4,217,0,5,224,5,234,98,0,98,332
08/14/2004,HHR,CA,AWP,WE,Federal Contract Tower,0,0,1,1,2,0,156,154,13,323,0,156,155,14,325,6,0,6,331
08/15/2004,HHR,CA,AWP,WE,Federal Contract Tower,0,1,21,1,23,0,5,106,0,111,0,6,127,1,134,50,0,50,184
08/16/2004,HHR,CA,AWP,WE,Federal Contract Tower,0,2,31,0,33,0,0,69,5,74,0,2,100,5,107,66,0,66,173
08/17/2004,HHR,CA,AWP,WE,Federal Contract Tower,0,2,25,0,27,0,6,63,2,71,0,8,88,2,98,56,0,56,154
08/18/2004,HHR,CA,AWP,WE,Federal Contract Tower,0,1,21,0,22,0,8,103,1,112,0,9,124,1,134,104,0,104,238
08/19/2004,HHR,CA,AWP,WE,Federal Contract Tower,0,1,22,0,23,0,14,143,4,161,0,15,165,4,184,140,0,140,324
08/20/2004,HHR,CA,AWP,WE,Federal Contract Tower,0,2,30,0,32,0,8,134,4,146,0,10,164,4,178,157,0,157,335
08/21/2004,HHR,CA,AWP,WE,Federal Contract Tower,0,1,19,0,20,0,5,81,0,86,0,6,100,0,106,134,0,134,240
08/22/2004,HHR,CA,AWP,WE,Federal Contract Tower,0,1,20,0,21,1,6,97,0,104,1,7,117,0,125,140,0,140,265
08/23/2004,HHR,CA,AWP,WE,Federal Contract Tower,0,1,14,0,15,0,1,90,0,91,0,2,104,0,106,72,0,72,178
08/24/2004,HHR,CA,AWP,WE,Federal Contract Tower,0,2,28,0,30,0,4,93,0,97,0,6,121,0,127,110,0,110,237
08/25/2004,HHR,CA,AWP,WE,Federal Contract Tower,0,2,23,0,25,0,4,88,2,94,0,6,111,2,119,120,0,120,239
08/26/2004,HHR,CA,AWP,WE,Federal Contract Tower,0,2,27,0,29,0,3,97,3,103,0,5,124,3,132,117,0,117,249
08/27/2004,HHR,CA,AWP,WE,Federal Contract Tower,0,1,21,0,22,0,3,121,2,126,0,4,142,2,148,86,0,86,234
08/28/2004,HHR,CA,AWP,WE,Federal Contract Tower,0,0,8,0,8,0,5,92,0,97,0,5,100,0,105,66,0,66,171
08/29/2004,HHR,CA,AWP,WE,Federal Contract Tower,0,0,11,0,11,0,0,107,0,107,0,0,118,0,118,122,0,122,240
08/30/2004,HHR,CA,AWP,WE,Federal Contract Tower,0,1,14,0,15,0,2,80,1,83,0,3,94,1,98,54,0,54,152
08/31/2004,HHR,CA,AWP,WE,Federal Contract Tower,0,1,15,0,16,0,1,103,0,104,0,2,118,0,120,77,16,93,213
09/01/2004,HHR,CA,AWP,WE,Federal Contract Tower,0,3,16,0,19,0,4,138,0,142,0,7,154,0,161,92,0,92,253
09/02/2004,HHR,CA,AWP,WE,Federal Contract Tower,0,3,16,0,19,0,2,96,2,100,0,5,112,2,119,56,0,56,175
09/03/2004,HHR,CA,AWP,WE,Federal Contract Tower,0,2,18,0,20,0,0,125,3,128,0,2,143,3,148,124,0,124,272
09/04/2004,HHR,CA,AWP,WE,Federal Contract Tower,0,1,7,0,8,0,3,138,0,141,0,4,145,0,149,68,0,68,217
09/05/2004,HHR,CA,AWP,WE,Federal Contract Tower,0,1,4,0,5,0,5,119,0,124,0,6,123,0,129,58,0,58,187
09/06/2004,HHR,CA,AWP,WE,Federal Contract Tower,0,1,6,0,7,0,7,120,1,128,0,8,126,1,135,26,0,26,161
09/07/2004,HHR,CA,AWP,WE,Federal Contract Tower,0,2,14,0,16,0,5,109,1,115,0,7,123,1,131,110,0,110,241
09/08/2004,HHR,CA,AWP,WE,Federal Contract Tower,0,1,12,0,13,0,0,129,0,129,0,1,141,0,142,110,0,110,252
09/09/2004,HHR,CA,AWP,WE,Federal Contract Tower,0,2,9,0,11,0,4,144,2,150,0,6,153,2,161,88,0,88,249
09/10/2004,HHR,CA,AWP,WE,Federal Contract Tower,0,2,11,0,13,0,0,121,3,124,0,2,132,3,137,72,0,72,209
09/11/2004,HHR,CA,AWP,WE,Federal Contract Tower,0,1,10,0,11,0,9,136,0,145,0,10,146,0,156,110,0,110,266
09/12/2004,HHR,CA,AWP,WE,Federal Contract Tower,0,1,11,0,12,0,4,97,0,101,0,5,108,0,113,182,0,182,295
09/13/2004,HHR,CA,AWP,WE,Federal Contract Tower,0,2,18,0,20,0,2,66,0,68,0,4,84,0,88,32,0,32,120
09/14/2004,HHR,CA,AWP,WE,Federal Contract Tower,0,2,24,0,26,0,3,78,0,81,0,5,102,0,107,93,0,93,200
09/15/2004,HHR,CA,AWP,WE,Federal Contract Tower,0,2,21,0,23,0,1,70,3,74,0,3,91,3,97,84,0,84,181
09/16/2004,HHR,CA,AWP,WE,Federal Contract Tower,0,1,31,0,32,0,0,103,6,109,0,1,134,6,141,82,0,82,223
09/17/2004,HHR,CA,AWP,WE,Federal Contract Tower,0,2,25,0,27,0,7,81,2,90,0,9,106,2,117,108,0,108,225
09/18/2004,HHR,CA,AWP,WE,Federal Contract Tower,0,1,12,0,13,0,2,93,0,95,0,3,105,0,108,98,0,98,206
09/19/2004,HHR,CA,AWP,WE,Federal Contract Tower,0,2,18,0,20,0,2,71,2,75,0,4,89,2,95,54,0,54,149
09/20/2004,HHR,CA,AWP,WE,Federal Contract Tower,0,0,7,0,7,0,2,121,0,123,0,2,128,0,130,72,0,72,202
09/21/2004,HHR,CA,AWP,WE,Federal Contract Tower,0,1,13,0,14,0,3,111,0,114,0,4,124,0,128,64,0,64,192
09/22/2004,HHR,CA,AWP,WE,Federal Contract Tower,0,2,18,0,20,0,1,106,0,107,0,3,124,0,127,74,0,74,201
09/23/2004,HHR,CA,AWP,WE,Federal Contract Tower,0,2,17,0,19,0,1,150,0,151,0,3,167,0,170,74,0,74,244
09/24/2004,HHR,CA,AWP,WE,Federal Contract Tower,0,1,16,0,17,0,3,165,1,169,0,4,181,1,186,104,0,104,290
09/25/2004,HHR,CA,AWP,WE,Federal Contract Tower,0,1,16,0,17,0,9,151,1,161,0,10,167,1,178,82,0,82,260
09/26/2004,HHR,CA,AWP,WE,Federal Contract Tower,0,4,36,0,40,0,1,49,0,50,0,5,85,0,90,16,0,16,106
09/27/2004,HHR,CA,AWP,WE,Federal Contract Tower,0,2,25,0,27,0,1,52,0,53,0,3,77,0,80,84,0,84,164
09/28/2004,HHR,CA,AWP,WE,Federal Contract Tower,0,0,22,0,22,0,0,83,0,83,0,0,105,0,105,90,0,90,195
09/29/2004,HHR,CA,AWP,WE,Federal Contract Tower,0,2,20,0,22,0,8,106,1,115,0,10,126,1,137,66,0,66,203
09/30/2004,HHR,CA,AWP,WE,Federal Contract Tower,0,3,36,0,39,0,0,102,0,102,0,3,138,0,141,138,0,138,279
10/01/2004,HHR,CA,AWP,WE,Federal Contract Tower,0,0,19,0,19,0,5,98,2,105,0,5,117,2,124,146,0,146,270
10/02/2004,HHR,CA,AWP,WE,Federal Contract Tower,0,1,10,0,11,0,5,111,1,117,0,6,121,1,128,66,0,66,194
10/03/2004,HHR,CA,AWP,WE,Federal Contract Tower,0,2,13,0,15,0,0,79,1,80,0,2,92,1,95,90,0,90,185
10/04/2004,HHR,CA,AWP,WE,Federal Contract Tower,0,0,25,0,25,0,0,31,1,32,0,0,56,1,57,16,0,16,73
10/05/2004,HHR,CA,AWP,WE,Federal Contract Tower,0,0,29,0,29,0,4,57,0,61,0,4,86,0,90,68,0,68,158
10/06/2004,HHR,CA,AWP,WE,Federal Contract Tower,0,9,33,0,42,0,0,5,0,5,0,9,38,0,47,0,0,0,47
10/07/2004,HHR,CA,AWP,WE,Federal Contract Tower,0,3,33,0,36,0,0,16,0,16,0,3,49,0,52,0,0,0,52
10/08/2004,HHR,CA,AWP,WE,Federal Contract Tower,0,6,27,0,33,0,6,63,4,73,0,12,90,4,106,84,0,84,190
10/09/2004,HHR,CA,AWP,WE,Federal Contract Tower,0,3,10,0,13,0,1,79,2,82,0,4,89,2,95,44,0,44,139
10/10/2004,HHR,CA,AWP,WE,Federal Contract Tower,0,4,15,0,19,0,0,109,0,109,0,4,124,0,128,118,0,118,246
10/11/2004,HHR,CA,AWP,WE,Federal Contract Tower,0,0,14,0,14,0,0,111,0,111,0,0,125,0,125,38,0,38,163
10/12/2004,HHR,CA,AWP,WE,Federal Contract Tower,0,3,19,0,22,0,4,69,2,75,0,7,88,2,97,32,0,32,129
10/13/2004,HHR,CA,AWP,WE,Federal Contract Tower,0,1,12,0,13,0,0,82,3,85,0,1,94,3,98,88,0,88,186
10/14/2004,HHR,CA,AWP,WE,Federal Contract Tower,0,5,26,0,31,0,7,96,3,106,0,12,122,3,137,90,0,90,227
10/15/2004,HHR,CA,AWP,WE,Federal Contract Tower,0,2,25,0,27,0,3,90,4,97,0,5,115,4,124,80,0,80,204
10/16/2004,HHR,CA,AWP,WE,Federal Contract Tower,0,1,26,0,27,0,1,74,1,76,0,2,100,1,103,50,0,50,153
10/17/2004,HHR,CA,AWP,WE,Federal Contract Tower,0,3,17,0,20,0,1,21,0,22,0,4,38,0,42,6,0,6,48
10/18/2004,HHR,CA,AWP,WE,Federal Contract Tower,0,2,27,0,29,0,0,45,2,47,0,2,72,2,76,0,0,0,76
10/19/2004,HHR,CA,AWP,WE,Federal Contract Tower,0,2,29,0,31,0,2,37,2,41,0,4,66,2,72,22,0,22,94
10/20/2004,HHR,CA,AWP,WE,Federal Contract Tower,0,0,23,0,23,0,0,26,0,26,0,0,49,0,49,22,0,22,71
10/21/2004,HHR,CA,AWP,WE,Federal Contract Tower,0,0,26,0,26,0,0,123,5,128,0,0,149,5,154,108,0,108,262
10/22/2004,HHR,CA,AWP,WE,Federal Contract Tower,0,2,13,0,15,0,3,120,3,126,0,5,133,3,141,140,0,140,281
10/23/2004,HHR,CA,AWP,WE,Federal Contract Tower,0,1,5,0,6,0,8,118,0,126,0,9,123,0,132,78,0,78,210
10/24/2004,HHR,CA,AWP,WE,Federal Contract Tower,0,3,15,0,18,0,0,96,0,96,0,3,111,0,114,158,0,158,272
10/25/2004,HHR,CA,AWP,WE,Federal Contract Tower,0,2,22,0,24,0,3,83,2,88,0,5,105,2,112,78,0,78,190
10/26/2004,HHR,CA,AWP,WE,Federal Contract Tower,0,1,27,0,28,0,0,39,1,40,0,1,66,1,68,23,0,23,91
10/27/2004,HHR,CA,AWP,WE,Federal Contract Tower,0,4,26,0,30,0,0,43,0,43,0,4,69,0,73,86,0,86,159
10/28/2004,HHR,CA,AWP,WE,Federal Contract Tower,0,2,28,0,30,0,4,108,0,112,0,6,136,0,142,76,0,76,218
10/29/2004,HHR,CA,AWP,WE,Federal Contract Tower,0,3,9,0,12,0,2,144,9,155,0,5,153,9,167,76,8,84,251
10/30/2004,HHR,CA,AWP,WE,Federal Contract Tower,0,0,3,0,3,0,6,107,2,115,0,6,110,2,118,110,0,110,228
10/31/2004,HHR,CA,AWP,WE,Federal Contract Tower,0,5,10,0,15,0,3,127,0,130,0,8,137,0,145,162,0,162,307
11/01/2004,HHR,CA,AWP,WE,Federal Contract Tower,0,2,14,0,16,0,1,117,1,119,0,3,131,1,135,76,0,76,211
11/02/2004,HHR,CA,AWP,WE,Federal Contract Tower,0,0,7,0,7,0,5,122,0,127,0,5,129,0,134,126,0,126,260
11/03/2004,HHR,CA,AWP,WE,Federal Contract Tower,0,2,17,0,19,0,3,128,3,134,0,5,145,3,153,152,0,152,305
11/04/2004,HHR,CA,AWP,WE,Federal Contract Tower,0,9,14,0,23,0,4,149,0,153,0,13,163,0,176,128,0,128,304
11/05/2004,HHR,CA,AWP,WE,Federal Contract Tower,0,0,25,0,25,0,3,134,1,138,0,3,159,1,163,40,0,40,203
11/06/2004,HHR,CA,AWP,WE,Federal Contract Tower,0,3,9,0,12,0,10,141,2,153,0,13,150,2,165,80,0,80,245
11/07/2004,HHR,CA,AWP,WE,Federal Contract Tower,0,0,10,0,10,0,5,87,0,92,0,5,97,0,102,74,0,74,176
11/08/2004,HHR,CA,AWP,WE,Federal Contract Tower,0,3,10,0,13,0,2,79,0,81,0,5,89,0,94,64,0,64,158
11/09/2004,HHR,CA,AWP,WE,Federal Contract Tower,0,10,24,0,34,0,1,72,1,74,0,11,96,1,108,58,0,58,166
11/10/2004,HHR,CA,AWP,WE,Federal Contract Tower,0,7,10,0,17,0,1,149,3,153,0,8,159,3,170,126,0,126,296
11/11/2004,HHR,CA,AWP,WE,Federal Contract Tower,0,0,28,0,28,0,3,83,3,89,0,3,111,3,117,88,0,88,205
11/12/2004,HHR,CA,AWP,WE,Federal Contract Tower,0,0,9,0,9,0,6,152,2,160,0,6,161,2,169,114,0,114,283
11/13/2004,HHR,CA,AWP,WE,Federal Contract Tower,0,3,13,0,16,0,7,149,0,156,0,10,162,0,172,132,0,132,304
11/14/2004,HHR,CA,AWP,WE,Federal Contract Tower,0,0,8,0,8,0,1,152,0,153,0,1,160,0,161,122,0,122,283
11/15/2004,HHR,CA,AWP,WE,Federal Contract Tower,0,0,9,0,9,0,3,127,2,132,0,3,136,2,141,118,0,118,259
11/16/2004,HHR,CA,AWP,WE,Federal Contract Tower,0,3,13,0,16,0,5,103,2,110,0,8,116,2,126,148,0,148,274
11/17/2004,HHR,CA,AWP,WE,Federal Contract Tower,0,1,17,0,18,0,3,109,0,112,0,4,126,0,130,70,0,70,200
11/18/2004,HHR,CA,AWP,WE,Federal Contract Tower,0,1,19,0,20,0,9,127,1,137,0,10,146,1,157,70,10,80,237
11/19/2004,HHR,CA,AWP,WE,Federal Contract Tower,0,2,43,0,45,0,1,71,1,73,0,3,114,1,118,113,0,113,231
11/20/2004,HHR,CA,AWP,WE,Federal Contract Tower,0,0,20,0,20,0,10,157,2,169,0,10,177,2,189,56,0,56,245
11/21/2004,HHR,CA,AWP,WE,Federal Contract Tower,0,2,9,0,11,0,1,81,0,82,0,3,90,0,93,62,0,62,155
11/22/2004,HHR,CA,AWP,WE,Federal Contract Tower,0,0,18,0,18,0,0,124,0,124,0,0,142,0,142,84,0,84,226
11/23/2004,HHR,CA,AWP,WE,Federal Contract Tower,0,0,30,0,30,0,3,66,3,72,0,3,96,3,102,60,0,60,162
11/24/2004,HHR,CA,AWP,WE,Federal Contract Tower,0,5,18,0,23,0,1,196,0,197,0,6,214,0,220,100,0,100,320
11/25/2004,HHR,CA,AWP,WE,Federal Contract Tower,0,0,2,0,2,0,2,43,0,45,0,2,45,0,47,28,0,28,75
11/26/2004,HHR,CA,AWP,WE,Federal Contract Tower,0,3,10,0,13,0,6,111,0,117,0,9,121,0,130,90,0,90,220
11/27/2004,HHR,CA,AWP,WE,Federal Contract Tower,0,3,21,0,24,0,7,15,0,22,0,10,36,0,46,0,0,0,46
11/28/2004,HHR,CA,AWP,WE,Federal Contract Tower,0,6,6,0,12,0,0,75,1,76,0,6,81,1,88,104,0,104,192
11/29/2004,HHR,CA,AWP,WE,Federal Contract Tower,0,9,8,0,17,0,2,107,3,112,0,11,115,3,129,66,0,66,195
11/30/2004,HHR,CA,AWP,WE,Federal Contract Tower,0,0,15,0,15,0,2,123,5,130,0,2,138,5,145,68,4,72,217
12/01/2004,HHR,CA,AWP,WE,Federal Contract Tower,0,1,17,0,18,0,3,141,0,144,0,4,158,0,162,56,0,56,218
12/02/2004,HHR,CA,AWP,WE,Federal Contract Tower,0,3,12,0,15,0,0,121,2,123,0,3,133,2,138,118,0,118,256
12/03/2004,HHR,CA,AWP,WE,Federal Contract Tower,0,2,14,0,16,0,5,153,0,158,0,7,167,0,174,120,0,120,294
12/04/2004,HHR,CA,AWP,WE,Federal Contract Tower,0,0,11,0,11,0,6,110,2,118,0,6,121,2,129,106,0,106,235
12/05/2004,HHR,CA,AWP,WE,Federal Contract Tower,0,2,4,0,6,0,0,11,1,12,0,2,15,1,18,18,0,18,36
12/06/2004,HHR,CA,AWP,WE,Federal Contract Tower,0,0,27,0,27,0,0,72,1,73,0,0,99,1,100,88,0,88,188
12/07/2004,HHR,CA,AWP,WE,Federal Contract Tower,0,0,19,0,19,0,3,60,5,68,0,3,79,5,87,52,0,52,139
12/08/2004,HHR,CA,AWP,WE,Federal Contract Tower,0,4,32,0,36,0,3,44,10,57,0,7,76,10,93,8,0,8,101
12/09/2004,HHR,CA,AWP,WE,Federal Contract Tower,0,0,13,0,13,0,2,145,2,149,0,2,158,2,162,58,0,58,220
12/10/2004,HHR,CA,AWP,WE,Federal Contract Tower,0,0,8,0,8,0,9,160,1,170,0,9,168,1,178,72,0,72,250
12/11/2004,HHR,CA,AWP,WE,Federal Contract Tower,0,0,9,0,9,0,6,171,3,180,0,6,180,3,189,146,4,150,339
12/12/2004,HHR,CA,AWP,WE,Federal Contract Tower,0,0,30,0,30,0,0,51,0,51,0,0,81,0,81,70,0,70,151
12/13/2004,HHR,CA,AWP,WE,Federal Contract Tower,0,0,27,0,27,0,0,70,3,73,0,0,97,3,100,56,0,56,156
12/14/2004,HHR,CA,AWP,WE,Federal Contract Tower,0,0,16,0,16,0,0,114,1,115,0,0,130,1,131,82,0,82,213
12/15/2004,HHR,CA,AWP,WE,Federal Contract Tower,0,1,9,0,10,0,3,184,5,192,0,4,193,5,202,94,0,94,296
12/16/2004,HHR,CA,AWP,WE,Federal Contract Tower,0,0,19,0,19,0,0,122,1,123,0,0,141,1,142,122,0,122,264
12/17/2004,HHR,CA,AWP,WE,Federal Contract Tower,0,0,21,0,21,0,0,124,1,125,0,0,145,1,146,60,0,60,206
12/18/2004,HHR,CA,AWP,WE,Federal Contract Tower,0,0,6,0,6,0,6,159,0,165,0,6,165,0,171,68,0,68,239
12/19/2004,HHR,CA,AWP,WE,Federal Contract Tower,0,0,17,0,17,0,4,133,5,142,0,4,150,5,159,142,0,142,301
12/20/2004,HHR,CA,AWP,WE,Federal Contract Tower,0,3,27,0,30,0,5,107,4,116,0,8,134,4,146,78,0,78,224
12/21/2004,HHR,CA,AWP,WE,Federal Contract Tower,0,0,17,0,17,0,2,154,0,156,0,2,171,0,173,93,0,93,266
12/22/2004,HHR,CA,AWP,WE,Federal Contract Tower,0,1,27,0,28,0,11,126,2,139,0,12,153,2,167,32,0,32,199
12/23/2004,HHR,CA,AWP,WE,Federal Contract Tower,0,0,14,0,14,0,3,102,0,105,0,3,116,0,119,68,0,68,187
12/24/2004,HHR,CA,AWP,WE,Federal Contract Tower,0,2,9,0,11,0,0,112,0,112,0,2,121,0,123,44,0,44,167
12/25/2004,HHR,CA,AWP,WE,Federal Contract Tower,0,2,1,0,3,0,0,53,0,53,0,2,54,0,56,20,0,20,76
12/26/2004,HHR,CA,AWP,WE,Federal Contract Tower,0,1,9,0,10,0,4,87,0,91,0,5,96,0,101,112,0,112,213
12/27/2004,HHR,CA,AWP,WE,Federal Contract Tower,0,2,4,0,6,0,5,39,0,44,0,7,43,0,50,22,0,22,72
12/28/2004,HHR,CA,AWP,WE,Federal Contract Tower,0,0,4,0,4,0,0,31,1,32,0,0,35,1,36,20,0,20,56
12/29/2004,HHR,CA,AWP,WE,Federal Contract Tower,0,0,9,0,9,0,6,71,2,79,0,6,80,2,88,0,0,0,88
12/30/2004,HHR,CA,AWP,WE,Federal Contract Tower,0,4,13,0,17,0,4,103,1,108,0,8,116,1,125,122,0,122,247
12/31/2004,HHR,CA,AWP,WE,Federal Contract Tower,0,2,4,0,6,0,6,25,0,31,0,8,29,0,37,14,0,14,51
01/01/2005,HHR,CA,AWP,WE,Federal Contract Tower,0,4,8,0,12,0,10,56,0,66,0,14,64,0,78,52,0,52,130
01/02/2005,HHR,CA,AWP,WE,Federal Contract Tower,0,0,4,0,4,0,8,28,2,38,0,8,32,2,42,34,0,34,76
01/03/2005,HHR,CA,AWP,WE,Federal Contract Tower,0,1,13,0,14,0,2,37,4,43,0,3,50,4,57,4,0,4,61
01/04/2005,HHR,CA,AWP,WE,Federal Contract Tower,0,4,20,0,24,0,5,74,0,79,0,9,94,0,103,32,0,32,135
01/05/2005,HHR,CA,AWP,WE,Federal Contract Tower,0,4,25,0,29,0,7,139,0,146,0,11,164,0,175,56,0,56,231
01/06/2005,HHR,CA,AWP,WE,Federal Contract Tower,0,6,19,0,25,0,0,137,3,140,0,6,156,3,165,38,0,38,203
01/07/2005,HHR,CA,AWP,WE,Federal Contract Tower,0,2,16,0,18,0,0,14,1,15,0,2,30,1,33,2,0,2,35
01/08/2005,HHR,CA,AWP,WE,Federal Contract Tower,0,0,6,0,6,0,0,7,7,14,0,0,13,7,20,0,0,0,20
01/09/2005,HHR,CA,AWP,WE,Federal Contract Tower,0,0,2,0,2,0,0,0,0,0,0,0,2,0,2,0,0,0,2
01/10/2005,HHR,CA,AWP,WE,Federal Contract Tower,0,3,18,0,21,0,0,4,0,4,0,3,22,0,25,0,0,0,25
01/11/2005,HHR,CA,AWP,WE,Federal Contract Tower,0,5,12,0,17,0,5,60,3,68,0,10,72,3,85,20,0,20,105
01/12/2005,HHR,CA,AWP,WE,Federal Contract Tower,0,0,25,0,25,0,6,151,0,157,0,6,176,0,182,136,0,136,318
01/13/2005,HHR,CA,AWP,WE,Federal Contract Tower,0,6,19,0,25,0,0,141,1,142,0,6,160,1,167,110,0,110,277
01/14/2005,HHR,CA,AWP,WE,Federal Contract Tower,0,9,26,0,35,0,2,157,2,161,0,11,183,2,196,106,0,106,302
01/15/2005,HHR,CA,AWP,WE,Federal Contract Tower,0,0,8,0,8,0,5,124,0,129,0,5,132,0,137,100,0,100,237
01/16/2005,HHR,CA,AWP,WE,Federal Contract Tower,0,0,6,0,6,0,5,108,2,115,0,5,114,2,121,140,0,140,261
01/17/2005,HHR,CA,AWP,WE,Federal Contract Tower,0,0,21,0,21,0,3,133,2,138,0,3,154,2,159,96,0,96,255
01/18/2005,HHR,CA,AWP,WE,Federal Contract Tower,0,3,22,0,25,0,1,129,1,131,0,4,151,1,156,130,0,130,286
01/19/2005,HHR,CA,AWP,WE,Federal Contract Tower,0,0,15,0,15,0,7,145,3,155,0,7,160,3,170,100,0,100,270
01/20/2005,HHR,CA,AWP,WE,Federal Contract Tower,0,0,18,0,18,0,2,144,2,148,0,2,162,2,166,92,0,92,258
01/21/2005,HHR,CA,AWP,WE,Federal Contract Tower,0,0,26,0,26,0,8,135,20,163,0,8,161,20,189,166,0,166,355
01/22/2005,HHR,CA,AWP,WE,Federal Contract Tower,0,6,31,1,38,0,6,29,1,36,0,12,60,2,74,74,0,74,148
01/23/2005,HHR,CA,AWP,WE,Federal Contract Tower,0,3,9,0,12,0,13,90,3,106,0,16,99,3,118,120,0,120,238
01/24/2005,HHR,CA,AWP,WE,Federal Contract Tower,0,0,21,0,21,0,2,48,2,52,0,2,69,2,73,102,0,102,175
01/25/2005,HHR,CA,AWP,WE,Federal Contract Tower,0,0,31,0,31,0,2,84,0,86,0,2,115,0,117,80,0,80,197
01/26/2005,HHR,CA,AWP,WE,Federal Contract Tower,0,2,41,0,43,0,3,63,0,66,0,5,104,0,109,10,0,10,119
01/27/2005,HHR,CA,AWP,WE,Federal Contract Tower,0,2,33,0,35,0,1,107,3,111,0,3,140,3,146,58,0,58,204
01/28/2005,HHR,CA,AWP,WE,Federal Contract Tower,0,3,25,0,28,0,0,33,2,35,0,3,58,2,63,2,0,2,65
01/29/2005,HHR,CA,AWP,WE,Federal Contract Tower,0,0,10,0,10,0,11,126,0,137,0,11,136,0,147,72,0,72,219
01/30/2005,HHR,CA,AWP,WE,Federal Contract Tower,0,2,10,0,12,0,0,173,3,176,0,2,183,3,188,138,0,138,326
01/31/2005,HHR,CA,AWP,WE,Federal Contract Tower,0,0,12,0,12,0,8,142,2,152,0,8,154,2,164,126,0,126,290
02/01/2005,HHR,CA,AWP,WE,Federal Contract Tower,0,1,15,0,16,0,0,146,1,147,0,1,161,1,163,116,0,116,279
02/02/2005,HHR,CA,AWP,WE,Federal Contract Tower,0,0,17,0,17,0,4,137,1,142,0,4,154,1,159,180,0,180,339
02/03/2005,HHR,CA,AWP,WE,Federal Contract Tower,0,0,25,0,25,0,8,133,1,142,0,8,158,1,167,192,0,192,359
02/04/2005,HHR,CA,AWP,WE,Federal Contract Tower,0,0,15,0,15,0,7,149,0,156,0,7,164,0,171,178,0,178,349
02/05/2005,HHR,CA,AWP,WE,Federal Contract Tower,0,2,21,0,23,0,9,115,1,125,0,11,136,1,148,74,0,74,222
02/06/2005,HHR,CA,AWP,WE,Federal Contract Tower,0,3,8,0,11,0,3,36,2,41,0,6,44,2,52,94,0,94,146
02/07/2005,HHR,CA,AWP,WE,Federal Contract Tower,0,1,24,0,25,0,6,83,2,91,0,7,107,2,116,66,0,66,182
02/08/2005,HHR,CA,AWP,WE,Federal Contract Tower,0,3,14,0,17,0,4,126,3,133,0,7,140,3,150,92,0,92,242
02/09/2005,HHR,CA,AWP,WE,Federal Contract Tower,0,3,18,0,21,0,8,182,8,198,0,11,200,8,219,122,0,122,341
02/10/2005,HHR,CA,AWP,WE,Federal Contract Tower,0,0,25,0,25,0,0,131,1,132,0,0,156,1,157,64,0,64,221
02/11/2005,HHR,CA,AWP,WE,Federal Contract Tower,0,3,24,0,27,0,0,15,1,16,0,3,39,1,43,10,0,10,53
02/12/2005,HHR,CA,AWP,WE,Federal Contract Tower,0,1,15,0,16,0,8,76,3,87,0,9,91,3,103,84,0,84,187
02/13/2005,HHR,CA,AWP,WE,Federal Contract Tower,0,4,13,0,17,0,19,79,2,100,0,23,92,2,117,202,0,202,319
02/14/2005,HHR,CA,AWP,WE,Federal Contract Tower,0,0,26,0,26,0,19,116,4,139,0,19,142,4,165,101,0,101,266
02/15/2005,HHR,CA,AWP,WE,Federal Contract Tower,0,4,22,0,26,0,3,112,1,116,0,7,134,1,142,168,0,168,310
02/16/2005,HHR,CA,AWP,WE,Federal Contract Tower,0,0,25,0,25,0,1,123,0,124,0,1,148,0,149,70,0,70,219
02/17/2005,HHR,CA,AWP,WE,Federal Contract Tower,0,2,29,0,31,0,3,79,1,83,0,5,108,1,114,92,0,92,206
02/18/2005,HHR,CA,AWP,WE,Federal Contract Tower,0,0,22,0,22,0,3,22,1,26,0,3,44,1,48,36,0,36,84
02/19/2005,HHR,CA,AWP,WE,Federal Contract Tower,0,0,10,0,10,0,3,33,1,37,0,3,43,1,47,4,0,4,51
02/20/2005,HHR,CA,AWP,WE,Federal Contract Tower,0,2,6,0,8,0,1,36,2,39,0,3,42,2,47,90,0,90,137
02/21/2005,HHR,CA,AWP,WE,Federal Contract Tower,0,3,19,0,22,0,1,45,0,46,0,4,64,0,68,22,0,22,90
02/22/2005,HHR,CA,AWP,WE,Federal Contract Tower,0,0,15,0,15,0,0,23,5,28,0,0,38,5,43,2,0,2,45
02/23/2005,HHR,CA,AWP,WE,Federal Contract Tower,0,4,25,0,29,0,0,80,4,84,0,4,105,4,113,130,0,130,243
02/24/2005,HHR,CA,AWP,WE,Federal Contract Tower,0,0,29,0,29,0,4,134,3,141,0,4,163,3,170,72,0,72,242
02/25/2005,HHR,CA,AWP,WE,Federal Contract Tower,0,0,39,0,39,0,4,66,0,70,0,4,105,0,109,186,0,186,295
02/26/2005,HHR,CA,AWP,WE,Federal Contract Tower,0,2,16,0,18,0,8,115,0,123,0,10,131,0,141,112,0,112,253
02/27/2005,HHR,CA,AWP,WE,Federal Contract Tower,0,2,13,0,15,0,6,140,2,148,0,8,153,2,163,264,0,264,427
02/28/2005,HHR,CA,AWP,WE,Federal Contract Tower,0,1,34,0,35,0,4,57,12,73,0,5,91,12,108,100,0,100,208
03/01/2005,HHR,CA,AWP,WE,Federal Contract Tower,0,2,24,0,26,0,6,83,0,89,0,8,107,0,115,90,0,90,205
03/02/2005,HHR,CA,AWP,WE,Federal Contract Tower,0,0,46,0,46,0,2,81,2,85,0,2,127,2,131,128,0,128,259
03/03/2005,HHR,CA,AWP,WE,Federal Contract Tower,0,2,32,0,34,0,2,105,1,108,0,4,137,1,142,176,0,176,318
03/04/2005,HHR,CA,AWP,WE,Federal Contract Tower,0,1,32,0,33,0,9,75,2,86,0,10,107,2,119,102,0,102,221
03/05/2005,HHR,CA,AWP,WE,Federal Contract Tower,0,2,8,0,10,0,3,98,2,103,0,5,106,2,113,122,0,122,235
03/06/2005,HHR,CA,AWP,WE,Federal Contract Tower,0,2,23,0,25,0,10,98,0,108,0,12,121,0,133,112,0,112,245
03/07/2005,HHR,CA,AWP,WE,Federal Contract Tower,0,2,31,0,33,0,1,92,2,95,0,3,123,2,128,106,0,106,234
03/08/2005,HHR,CA,AWP,WE,Federal Contract Tower,0,3,33,0,36,0,2,67,0,69,0,5,100,0,105,82,0,82,187
03/09/2005,HHR,CA,AWP,WE,Federal Contract Tower,0,0,31,1,32,0,3,63,0,66,0,3,94,1,98,66,0,66,164
03/10/2005,HHR,CA,AWP,WE,Federal Contract Tower,0,6,48,0,54,0,0,4,0,4,0,6,52,0,58,0,0,0,58
03/11/2005,HHR,CA,AWP,WE,Federal Contract Tower,0,2,41,1,44,0,1,56,0,57,0,3,97,1,101,58,0,58,159
03/12/2005,HHR,CA,AWP,WE,Federal Contract Tower,0,2,28,0,30,0,5,36,2,43,0,7,64,2,73,110,0,110,183
03/13/2005,HHR,CA,AWP,WE,Federal Contract Tower,0,0,24,0,24,0,5,74,1,80,0,5,98,1,104,160,0,160,264
03/14/2005,HHR,CA,AWP,WE,Federal Contract Tower,0,2,28,0,30,0,1,78,0,79,0,3,106,0,109,120,0,120,229
03/15/2005,HHR,CA,AWP,WE,Federal Contract Tower,0,1,27,0,28,0,6,111,2,119,0,7,138,2,147,162,0,162,309
03/16/2005,HHR,CA,AWP,WE,Federal Contract Tower,0,2,20,0,22,0,1,128,0,129,0,3,148,0,151,156,0,156,307
03/17/2005,HHR,CA,AWP,WE,Federal Contract Tower,0,2,21,0,23,0,2,123,3,128,0,4,144,3,151,196,0,196,347
03/18/2005,HHR,CA,AWP,WE,Federal Contract Tower,0,1,34,0,35,0,2,80,2,84,0,3,114,2,119,78,0,78,197
03/19/2005,HHR,CA,AWP,WE,Federal Contract Tower,0,4,10,0,14,0,1,34,1,36,0,5,44,1,50,104,0,104,154
03/20/2005,HHR,CA,AWP,WE,Federal Contract Tower,0,2,19,0,21,0,3,108,0,111,0,5,127,0,132,142,0,142,274
03/21/2005,HHR,CA,AWP,WE,Federal Contract Tower,0,2,20,0,22,0,15,141,7,163,0,17,161,7,185,78,0,78,263
03/22/2005,HHR,CA,AWP,WE,Federal Contract Tower,0,0,34,0,34,0,2,34,0,36,0,2,68,0,70,22,0,22,92
03/23/2005,HHR,CA,AWP,WE,Federal Contract Tower,0,2,31,2,35,0,3,77,0,80,0,5,108,2,115,62,0,62,177
03/24/2005,HHR,CA,AWP,WE,Federal Contract Tower,0,2,34,0,36,0,5,107,0,112,0,7,141,0,148,30,0,30,178
03/25/2005,HHR,CA,AWP,WE,Federal Contract Tower,0,0,22,0,22,0,6,194,4,204,0,6,216,4,226,142,0,142,368
03/26/2005,HHR,CA,AWP,WE,Federal Contract Tower,0,3,15,0,18,0,12,138,1,151,0,15,153,1,169,58,6,64,233
03/27/2005,HHR,CA,AWP,WE,Federal Contract Tower,0,3,10,0,13,0,5,102,1,108,0,8,112,1,121,142,0,142,263
03/28/2005,HHR,CA,AWP,WE,Federal Contract Tower,0,2,28,0,30,0,9,72,0,81,0,11,100,0,111,28,0,28,139
03/29/2005,HHR,CA,AWP,WE,Federal Contract Tower,0,2,12,4,18,0,10,83,0,93,0,12,95,4,111,28,0,28,139
03/30/2005,HHR,CA,AWP,WE,Federal Contract Tower,0,0,17,0,17,0,7,124,1,132,0,7,141,1,149,112,0,112,261
03/31/2005,HHR,CA,AWP,WE,Federal Contract Tower,0,0,16,0,16,0,6,116,2,124,0,6,132,2,140,52,0,52,192
04/01/2005,HHR,CA,AWP,WE,Federal Contract Tower,0,0,28,0,28,0,2,157,2,161,0,2,185,2,189,76,0,76,265
04/02/2005,HHR,CA,AWP,WE,Federal Contract Tower,0,0,13,0,13,0,4,128,0,132,0,4,141,0,145,86,0,86,231
04/03/2005,HHR,CA,AWP,WE,Federal Contract Tower,0,0,17,0,17,0,3,83,0,86,0,3,100,0,103,196,0,196,299
04/04/2005,HHR,CA,AWP,WE,Federal Contract Tower,0,0,16,0,16,0,10,89,2,101,0,10,105,2,117,40,0,40,157
04/05/2005,HHR,CA,AWP,WE,Federal Contract Tower,0,0,15,0,15,0,6,98,1,105,0,6,113,1,120,86,0,86,206
04/06/2005,HHR,CA,AWP,WE,Federal Contract Tower,0,2,23,0,25,0,7,128,1,136,0,9,151,1,161,44,0,44,205
04/07/2005,HHR,CA,AWP,WE,Federal Contract Tower,0,2,28,0,30,0,5,109,1,115,0,7,137,1,145,94,0,94,239
04/08/2005,HHR,CA,AWP,WE,Federal Contract Tower,0,0,21,0,21,0,4,119,0,123,0,4,140,0,144,64,0,64,208
04/09/2005,HHR,CA,AWP,WE,Federal Contract Tower,0,1,9,0,10,0,7,98,0,105,0,8,107,0,115,16,0,16,131
04/10/2005,HHR,CA,AWP,WE,Federal Contract Tower,0,1,16,0,17,0,12,109,6,127,0,13,125,6,144,86,0,86,230
04/11/2005,HHR,CA,AWP,WE,Federal Contract Tower,0,2,10,0,12,0,2,116,0,118,0,4,126,0,130,44,0,44,174
04/12/2005,HHR,CA,AWP,WE,Federal Contract Tower,0,1,21,0,22,0,2,102,0,104,0,3,123,0,126,42,0,42,168
04/13/2005,HHR,CA,AWP,WE,Federal Contract Tower,0,7,18,0,25,0,3,125,0,128,0,10,143,0,153,46,0,46,199
04/14/2005,HHR,CA,AWP,WE,Federal Contract Tower,0,2,20,0,22,0,2,144,2,148,0,4,164,2,170,92,0,92,262
04/15/2005,HHR,CA,AWP,WE,Federal Contract Tower,0,2,26,0,28,0,12,164,0,176,0,14,190,0,204,60,0,60,264
04/16/2005,HHR,CA,AWP,WE,Federal Contract Tower,0,0,5,0,5,0,20,110,10,140,0,20,115,10,145,82,0,82,227
04/17/2005,HHR,CA,AWP,WE,Federal Contract Tower,0,1,14,0,15,0,11,103,0,114,0,12,117,0,129,86,0,86,215
04/18/2005,HHR,CA,AWP,WE,Federal Contract Tower,0,0,29,0,29,0,1,56,2,59,0,1,85,2,88,20,0,20,108
04/19/2005,HHR,CA,AWP,WE,Federal Contract Tower,0,0,23,0,23,0,2,65,1,68,0,2,88,1,91,34,0,34,125
04/20/2005,HHR,CA,AWP,WE,Federal Contract Tower,0,2,13,0,15,0,5,113,3,121,0,7,126,3,136,56,0,56,192
04/21/2005,HHR,CA,AWP,WE,Federal Contract Tower,0,0,22,0,22,0,0,130,0,130,0,0,152,0,152,120,0,120,272
04/22/2005,HHR,CA,AWP,WE,Federal Contract Tower,0,0,27,0,27,0,2,100,0,102,0,2,127,0,129,166,0,166,295
04/23/2005,HHR,CA,AWP,WE,Federal Contract Tower,0,0,20,0,20,0,11,123,3,137,0,11,143,3,157,90,6,96,253
04/24/2005,HHR,CA,AWP,WE,Federal Contract Tower,0,0,15,0,15,0,2,51,2,55,0,2,66,2,70,86,0,86,156
04/25/2005,HHR,CA,AWP,WE,Federal Contract Tower,0,0,27,0,27,0,2,113,2,117,0,2,140,2,144,92,0,92,236
04/26/2005,HHR,CA,AWP,WE,Federal Contract Tower,0,0,16,0,16,0,0,102,3,105,0,0,118,3,121,78,0,78,199
04/27/2005,HHR,CA,AWP,WE,Federal Contract Tower,0,0,26,0,26,0,5,105,1,111,0,5,131,1,137,72,0,72,209
04/28/2005,HHR,CA,AWP,WE,Federal Contract Tower,0,1,30,0,31,0,0,143,1,144,0,1,173,1,175,88,0,88,263
04/29/2005,HHR,CA,AWP,WE,Federal Contract Tower,0,1,31,0,32,0,5,150,2,157,0,6,181,2,189,144,0,144,333
04/30/2005,HHR,CA,AWP,WE,Federal Contract Tower,0,0,9,0,9,0,0,122,0,122,0,0,131,0,131,88,0,88,219
05/01/2005,HHR,CA,AWP,WE,Federal Contract Tower,0,0,22,0,22,0,7,95,1,103,0,7,117,1,125,84,0,84,209
05/02/2005,HHR,CA,AWP,WE,Federal Contract Tower,0,1,22,0,23,0,5,97,1,103,0,6,119,1,126,46,0,46,172
05/03/2005,HHR,CA,AWP,WE,Federal Contract Tower,0,4,23,0,27,0,0,91,0,91,0,4,114,0,118,74,0,74,192
05/04/2005,HHR,CA,AWP,WE,Federal Contract Tower,0,4,31,0,35,0,0,50,1,51,0,4,81,1,86,136,0,136,222
05/05/2005,HHR,CA,AWP,WE,Federal Contract Tower,0,2,33,0,35,0,0,49,0,49,0,2,82,0,84,36,0,36,120
05/06/2005,HHR,CA,AWP,WE,Federal Contract Tower,0,1,28,0,29,0,0,108,2,110,0,1,136,2,139,94,0,94,233
05/07/2005,HHR,CA,AWP,WE,Federal Contract Tower,0,0,15,0,15,0,10,126,0,136,0,10,141,0,151,48,0,48,199
05/08/2005,HHR,CA,AWP,WE,Federal Contract Tower,0,3,19,0,22,0,4,106,0,110,0,7,125,0,132,82,0,82,214
05/09/2005,HHR,CA,AWP,WE,Federal Contract Tower,0,0,32,0,32,0,0,27,0,27,0,0,59,0,59,18,0,18,77
05/10/2005,HHR,CA,AWP,WE,Federal Contract Tower,0,1,15,0,16,0,6,112,2,120,0,7,127,2,136,46,0,46,182
05/11/2005,HHR,CA,AWP,WE,Federal Contract Tower,0,0,16,0,16,0,5,107,2,114,0,5,123,2,130,84,0,84,214
05/12/2005,HHR,CA,AWP,WE,Federal Contract Tower,0,3,23,0,26,0,0,133,0,133,0,3,156,0,159,120,0,120,279
05/13/2005,HHR,CA,AWP,WE,Federal Contract Tower,0,2,33,0,35,0,2,127,0,129,0,4,160,0,164,145,0,145,309
05/14/2005,HHR,CA,AWP,WE,Federal Contract Tower,0,0,12,0,12,0,13,169,1,183,0,13,181,1,195,142,0,142,337
05/15/2005,HHR,CA,AWP,WE,Federal Contract Tower,0,2,17,0,19,0,8,123,1,132,0,10,140,1,151,114,0,114,265
05/16/2005,HHR,CA,AWP,WE,Federal Contract Tower,0,2,35,0,37,0,2,34,0,36,0,4,69,0,73,72,0,72,145
05/17/2005,HHR,CA,AWP,WE,Federal Contract Tower,0,1,28,0,29,0,0,98,1,99,0,1,126,1,128,66,0,66,194
05/18/2005,HHR,CA,AWP,WE,Federal Contract Tower,0,3,23,0,26,0,5,94,1,100,0,8,117,1,126,68,0,68,194
05/19/2005,HHR,CA,AWP,WE,Federal Contract Tower,0,2,21,0,23,0,16,139,1,156,0,18,160,1,179,186,0,186,365
05/20/2005,HHR,CA,AWP,WE,Federal Contract Tower,0,2,8,0,10,0,0,164,2,166,0,2,172,2,176,88,4,92,268
05/21/2005,HHR,CA,AWP,WE,Federal Contract Tower,0,2,13,0,15,0,7,132,1,140,0,9,145,1,155,34,0,34,189
05/22/2005,HHR,CA,AWP,WE,Federal Contract Tower,0,0,15,0,15,0,9,98,0,107,0,9,113,0,122,90,0,90,212
05/23/2005,HHR,CA,AWP,WE,Federal Contract Tower,0,3,33,0,36,0,1,78,1,80,0,4,111,1,116,80,0,80,196
05/24/2005,HHR,CA,AWP,WE,Federal Contract Tower,0,5,27,0,32,0,1,81,1,83,0,6,108,1,115,76,0,76,191
05/25/2005,HHR,CA,AWP,WE,Federal Contract Tower,0,0,34,0,34,0,0,71,2,73,0,0,105,2,107,50,0,50,157
05/26/2005,HHR,CA,AWP,WE,Federal Contract Tower,0,0,19,2,21,0,0,101,0,101,0,0,120,2,122,72,0,72,194
05/27/2005,HHR,CA,AWP,WE,Federal Contract Tower,0,1,38,0,39,0,1,87,3,91,0,2,125,3,130,68,0,68,198
05/28/2005,HHR,CA,AWP,WE,Federal Contract Tower,0,0,10,0,10,0,0,63,1,64,0,0,73,1,74,60,0,60,134
05/29/2005,HHR,CA,AWP,WE,Federal Contract Tower,0,1,8,0,9,0,0,81,0,81,0,1,89,0,90,86,0,86,176
05/30/2005,HHR,CA,AWP,WE,Federal Contract Tower,0,2,14,0,16,0,0,99,1,100,0,2,113,1,116,108,0,108,224
05/31/2005,HHR,CA,AWP,WE,Federal Contract Tower,0,0,25,0,25,0,0,84,0,84,0,0,109,0,109,71,0,71,180
06/01/2005,HHR,CA,AWP,WE,Federal Contract Tower,0,1,29,0,30,0,0,53,1,54,0,1,82,1,84,42,0,42,126
06/02/2005,HHR,CA,AWP,WE,Federal Contract Tower,0,0,46,0,46,0,1,53,3,57,0,1,99,3,103,50,0,50,153
06/03/2005,HHR,CA,AWP,WE,Federal Contract Tower,0,2,24,0,26,0,1,146,2,149,0,3,170,2,175,96,0,96,271
06/04/2005,HHR,CA,AWP,WE,Federal Contract Tower,0,2,26,0,28,0,0,75,5,80,0,2,101,5,108,90,2,92,200
06/05/2005,HHR,CA,AWP,WE,Federal Contract Tower,0,0,24,0,24,0,0,70,0,70,0,0,94,0,94,84,0,84,178
06/06/2005,HHR,CA,AWP,WE,Federal Contract Tower,0,0,21,0,21,0,0,103,0,103,0,0,124,0,124,56,0,56,180
06/07/2005,HHR,CA,AWP,WE,Federal Contract Tower,0,0,17,0,17,0,0,72,2,74,0,0,89,2,91,68,0,68,159
06/08/2005,HHR,CA,AWP,WE,Federal Contract Tower,0,2,12,0,14,0,0,130,0,130,0,2,142,0,144,62,0,62,206
06/09/2005,HHR,CA,AWP,WE,Federal Contract Tower,0,3,30,0,33,0,1,116,5,122,0,4,146,5,155,86,0,86,241
06/10/2005,HHR,CA,AWP,WE,Federal Contract Tower,0,0,42,0,42,0,0,50,0,50,0,0,92,0,92,76,0,76,168
06/11/2005,HHR,CA,AWP,WE,Federal Contract Tower,0,3,19,0,22,0,0,74,0,74,0,3,93,0,96,48,0,48,144
06/12/2005,HHR,CA,AWP,WE,Federal Contract Tower,0,0,20,0,20,0,0,64,0,64,0,0,84,0,84,88,0,88,172
06/13/2005,HHR,CA,AWP,WE,Federal Contract Tower,0,0,28,0,28,0,0,65,2,67,0,0,93,2,95,24,0,24,119
06/14/2005,HHR,CA,AWP,WE,Federal Contract Tower,0,0,37,0,37,0,0,71,3,74,0,0,108,3,111,91,0,91,202
06/15/2005,HHR,CA,AWP,WE,Federal Contract Tower,0,1,33,0,34,0,0,72,0,72,0,1,105,0,106,122,0,122,228
06/16/2005,HHR,CA,AWP,WE,Federal Contract Tower,0,2,47,0,49,0,0,64,0,64,0,2,111,0,113,64,0,64,177
06/17/2005,HHR,CA,AWP,WE,Federal Contract Tower,0,2,29,0,31,0,0,94,1,95,0,2,123,1,126,144,0,144,270
06/18/2005,HHR,CA,AWP,WE,Federal Contract Tower,0,2,8,0,10,0,0,186,0,186,0,2,194,0,196,50,0,50,246
06/19/2005,HHR,CA,AWP,WE,Federal Contract Tower,0,2,11,0,13,0,0,118,0,118,0,2,129,0,131,70,0,70,201
06/20/2005,HHR,CA,AWP,WE,Federal Contract Tower,0,2,16,0,18,0,0,112,2,114,0,2,128,2,132,90,0,90,222
06/21/2005,HHR,CA,AWP,WE,Federal Contract Tower,0,0,21,0,21,0,1,92,0,93,0,1,113,0,114,68,0,68,182
06/22/2005,HHR,CA,AWP,WE,Federal Contract Tower,0,5,12,0,17,0,0,119,1,120,0,5,131,1,137,80,0,80,217
06/23/2005,HHR,CA,AWP,WE,Federal Contract Tower,0,2,20,0,22,0,0,96,7,103,0,2,116,7,125,54,0,54,179
06/24/2005,HHR,CA,AWP,WE,Federal Contract Tower,0,1,17,0,18,0,0,144,3,147,0,1,161,3,165,122,0,122,287
06/25/2005,HHR,CA,AWP,WE,Federal Contract Tower,0,1,16,0,17,0,0,135,0,135,0,1,151,0,152,82,0,82,234
06/26/2005,HHR,CA,AWP,WE,Federal Contract Tower,0,0,3,0,3,0,0,92,1,93,0,0,95,1,96,58,0,58,154
06/27/2005,HHR,CA,AWP,WE,Federal Contract Tower,0,1,20,0,21,0,0,61,2,63,0,1,81,2,84,136,0,136,220
06/28/2005,HHR,CA,AWP,WE,Federal Contract Tower,0,0,28,0,28,0,0,89,0,89,0,0,117,0,117,94,0,94,211
06/29/2005,HHR,CA,AWP,WE,Federal Contract Tower,0,2,19,0,21,0,0,99,1,100,0,2,118,1,121,110,0,110,231
06/30/2005,HHR,CA,AWP,WE,Federal Contract Tower,0,2,31,0,33,0,0,82,0,82,0,2,113,0,115,72,0,72,187
07/01/2005,HHR,CA,AWP,WE,Federal Contract Tower,0,2,10,0,12,0,0,44,4,48,0,2,54,4,60,54,0,54,114
07/02/2005,HHR,CA,AWP,WE,Federal Contract Tower,0,0,10,0,10,0,0,83,2,85,0,0,93,2,95,48,0,48,143
07/03/2005,HHR,CA,AWP,WE,Federal Contract Tower,0,0,8,0,8,0,1,83,1,85,0,1,91,1,93,88,0,88,181
07/04/2005,HHR,CA,AWP,WE,Federal Contract Tower,0,2,13,0,15,0,0,45,1,46,0,2,58,1,61,18,0,18,79
07/05/2005,HHR,CA,AWP,WE,Federal Contract Tower,0,0,23,0,23,0,0,59,2,61,0,0,82,2,84,68,0,68,152
07/06/2005,HHR,CA,AWP,WE,Federal Contract Tower,0,2,25,0,27,0,0,94,6,100,0,2,119,6,127,118,0,118,245
07/07/2005,HHR,CA,AWP,WE,Federal Contract Tower,0,2,22,0,24,0,0,120,3,123,0,2,142,3,147,126,0,126,273
07/08/2005,HHR,CA,AWP,WE,Federal Contract Tower,0,0,36,0,36,0,0,106,3,109,0,0,142,3,145,62,0,62,207
07/09/2005,HHR,CA,AWP,WE,Federal Contract Tower,0,15,27,0,42,0,5,94,0,99,0,20,121,0,141,116,0,116,257
07/10/2005,HHR,CA,AWP,WE,Federal Contract Tower,0,2,20,0,22,0,0,77,3,80,0,2,97,3,102,100,0,100,202
07/11/2005,HHR,CA,AWP,WE,Federal Contract Tower,0,0,22,0,22,0,0,89,1,90,0,0,111,1,112,110,0,110,222
07/12/2005,HHR,CA,AWP,WE,Federal Contract Tower,0,0,22,0,22,0,0,51,1,52,0,0,73,1,74,80,0,80,154
07/13/2005,HHR,CA,AWP,WE,Federal Contract Tower,0,4,27,0,31,0,0,84,6,90,0,4,111,6,121,60,0,60,181
07/14/2005,HHR,CA,AWP,WE,Federal Contract Tower,0,2,11,0,13,0,1,86,3,90,0,3,97,3,103,78,0,78,181
07/15/2005,HHR,CA,AWP,WE,Federal Contract Tower,0,0,21,0,21,0,2,96,1,99,0,2,117,1,120,54,0,54,174
07/16/2005,HHR,CA,AWP,WE,Federal Contract Tower,0,2,21,0,23,0,0,50,2,52,0,2,71,2,75,94,0,94,169
07/17/2005,HHR,CA,AWP,WE,Federal Contract Tower,0,3,14,0,17,0,1,67,1,69,0,4,81,1,86,114,0,114,200
07/18/2005,HHR,CA,AWP,WE,Federal Contract Tower,0,0,25,0,25,0,0,53,0,53,0,0,78,0,78,110,0,110,188
07/19/2005,HHR,CA,AWP,WE,Federal Contract Tower,0,1,16,0,17,0,0,87,1,88,0,1,103,1,105,80,0,80,185
07/20/2005,HHR,CA,AWP,WE,Federal Contract Tower,0,1,11,0,12,0,0,122,2,124,0,1,133,2,136,74,0,74,210
07/21/2005,HHR,CA,AWP,WE,Federal Contract Tower,0,0,11,0,11,0,0,99,4,103,0,0,110,4,114,88,0,88,202
07/22/2005,HHR,CA,AWP,WE,Federal Contract Tower,0,1,9,0,10,0,1,119,3,123,0,2,128,3,133,96,0,96,229
07/23/2005,HHR,CA,AWP,WE,Federal Contract Tower,0,0,9,0,9,0,0,94,2,96,0,0,103,2,105,86,0,86,191
07/24/2005,HHR,CA,AWP,WE,Federal Contract Tower,0,0,9,0,9,0,0,93,0,93,0,0,102,0,102,92,0,92,194
07/25/2005,HHR,CA,AWP,WE,Federal Contract Tower,0,1,13,0,14,0,1,82,5,88,0,2,95,5,102,54,0,54,156
07/26/2005,HHR,CA,AWP,WE,Federal Contract Tower,0,4,17,0,21,0,2,117,3,122,0,6,134,3,143,90,0,90,233
07/27/2005,HHR,CA,AWP,WE,Federal Contract Tower,0,4,29,0,33,0,0,83,1,84,0,4,112,1,117,120,0,120,237
07/28/2005,HHR,CA,AWP,WE,Federal Contract Tower,0,0,12,0,12,0,0,109,2,111,0,0,121,2,123,124,0,124,247
07/29/2005,HHR,CA,AWP,WE,Federal Contract Tower,0,3,17,0,20,0,0,111,3,114,0,3,128,3,134,34,0,34,168
07/30/2005,HHR,CA,AWP,WE,Federal Contract Tower,0,0,5,0,5,0,0,118,1,119,0,0,123,1,124,90,0,90,214
07/31/2005,HHR,CA,AWP,WE,Federal Contract Tower,0,2,6,0,8,0,1,81,2,84,0,3,87,2,92,118,0,118,210
08/01/2005,HHR,CA,AWP,WE,Federal Contract Tower,0,0,25,0,25,0,0,48,1,49,0,0,73,1,74,10,0,10,84
08/02/2005,HHR,CA,AWP,WE,Federal Contract Tower,0,0,22,0,22,0,0,37,1,38,0,0,59,1,60,0,0,0,60
08/03/2005,HHR,CA,AWP,WE,Federal Contract Tower,0,3,14,0,17,0,1,127,2,130,0,4,141,2,147,156,0,156,303
08/04/2005,HHR,CA,AWP,WE,Federal Contract Tower,0,1,23,0,24,0,0,63,0,63,0,1,86,0,87,102,0,102,189
08/05/2005,HHR,CA,AWP,WE,Federal Contract Tower,0,2,23,0,25,0,1,111,1,113,0,3,134,1,138,116,0,116,254
08/06/2005,HHR,CA,AWP,WE,Federal Contract Tower,0,2,5,0,7,0,0,69,1,70,0,2,74,1,77,48,0,48,125
08/07/2005,HHR,CA,AWP,WE,Federal Contract Tower,0,0,4,0,4,0,0,89,0,89,0,0,93,0,93,68,0,68,161
08/08/2005,HHR,CA,AWP,WE,Federal Contract Tower,0,3,24,0,27,0,0,75,2,77,0,3,99,2,104,72,0,72,176
08/09/2005,HHR,CA,AWP,WE,Federal Contract Tower,0,1,37,0,38,0,1,91,1,93,0,2,128,1,131,78,0,78,209
08/10/2005,HHR,CA,AWP,WE,Federal Contract Tower,0,1,17,0,18,0,1,116,1,118,0,2,133,1,136,94,0,94,230
08/11/2005,HHR,CA,AWP,WE,Federal Contract Tower,0,1,31,0,32,0,0,94,3,97,0,1,125,3,129,104,0,104,233
08/12/2005,HHR,CA,AWP,WE,Federal Contract Tower,0,3,40,0,43,0,0,119,2,121,0,3,159,2,164,75,0,75,239
08/13/2005,HHR,CA,AWP,WE,Federal Contract Tower,0,1,6,0,7,0,0,265,2,267,0,1,271,2,274,8,0,8,282
08/14/2005,HHR,CA,AWP,WE,Federal Contract Tower,0,2,11,0,13,0,0,68,1,69,0,2,79,1,82,150,0,150,232
08/15/2005,HHR,CA,AWP,WE,Federal Contract Tower,0,3,20,0,23,0,0,65,0,65,0,3,85,0,88,106,0,106,194
08/16/2005,HHR,CA,AWP,WE,Federal Contract Tower,0,0,20,0,20,0,1,61,0,62,0,1,81,0,82,136,0,136,218
08/17/2005,HHR,CA,AWP,WE,Federal Contract Tower,0,3,21,0,24,0,0,71,2,73,0,3,92,2,97,79,0,79,176
08/18/2005,HHR,CA,AWP,WE,Federal Contract Tower,0,3,18,0,21,0,0,112,0,112,0,3,130,0,133,116,0,116,249
08/19/2005,HHR,CA,AWP,WE,Federal Contract Tower,0,1,28,0,29,0,2,97,0,99,0,3,125,0,128,58,0,58,186
08/20/2005,HHR,CA,AWP,WE,Federal Contract Tower,0,2,12,0,14,0,0,92,0,92,0,2,104,0,106,90,0,90,196
08/21/2005,HHR,CA,AWP,WE,Federal Contract Tower,0,3,9,0,12,0,0,101,1,102,0,3,110,1,114,114,0,114,228
08/22/2005,HHR,CA,AWP,WE,Federal Contract Tower,0,3,22,0,25,0,0,80,0,80,0,3,102,0,105,92,0,92,197
08/23/2005,HHR,CA,AWP,WE,Federal Contract Tower,0,0,23,0,23,0,0,86,0,86,0,0,109,0,109,226,0,226,335
08/24/2005,HHR,CA,AWP,WE,Federal Contract Tower,0,0,29,0,29,0,0,92,2,94,0,0,121,2,123,84,0,84,207
08/25/2005,HHR,CA,AWP,WE,Federal Contract Tower,0,1,19,0,20,0,0,132,1,133,0,1,151,1,153,54,0,54,207
08/26/2005,HHR,CA,AWP,WE,Federal Contract Tower,0,1,16,0,17,0,0,148,1,149,0,1,164,1,166,92,0,92,258
08/27/2005,HHR,CA,AWP,WE,Federal Contract Tower,0,1,7,0,8,0,1,87,0,88,0,2,94,0,96,89,0,89,185
08/28/2005,HHR,CA,AWP,WE,Federal Contract Tower,0,2,3,0,5,0,0,88,0,88,0,2,91,0,93,82,0,82,175
08/29/2005,HHR,CA,AWP,WE,Federal Contract Tower,0,2,27,0,29,0,2,69,4,75,0,4,96,4,104,94,0,94,198
08/30/2005,HHR,CA,AWP,WE,Federal Contract Tower,0,3,18,0,21,0,1,120,1,122,0,4,138,1,143,64,0,64,207
08/31/2005,HHR,CA,AWP,WE,Federal Contract Tower,0,2,15,0,17,0,1,125,2,128,0,3,140,2,145,106,0,106,251
09/01/2005,HHR,CA,AWP,WE,Federal Contract Tower,0,0,27,0,27,0,0,114,0,114,0,0,141,0,141,122,0,122,263
09/02/2005,HHR,CA,AWP,WE,Federal Contract Tower,0,1,19,0,20,0,0,133,1,134,0,1,152,1,154,80,0,80,234
09/03/2005,HHR,CA,AWP,WE,Federal Contract Tower,0,2,9,0,11,0,0,108,0,108,0,2,117,0,119,156,0,156,275
09/04/2005,HHR,CA,AWP,WE,Federal Contract Tower,0,1,6,0,7,0,1,84,2,87,0,2,90,2,94,120,0,120,214
09/05/2005,HHR,CA,AWP,WE,Federal Contract Tower,0,1,10,0,11,0,0,96,0,96,0,1,106,0,107,162,0,162,269
09/06/2005,HHR,CA,AWP,WE,Federal Contract Tower,0,1,16,0,17,0,1,90,0,91,0,2,106,0,108,64,0,64,172
09/07/2005,HHR,CA,AWP,WE,Federal Contract Tower,0,0,19,0,19,0,0,88,2,90,0,0,107,2,109,110,0,110,219
09/08/2005,HHR,CA,AWP,WE,Federal Contract Tower,0,3,24,0,27,0,0,86,0,86,0,3,110,0,113,112,0,112,225
09/09/2005,HHR,CA,AWP,WE,Federal Contract Tower,0,3,22,0,25,0,0,75,0,75,0,3,97,0,100,108,0,108,208
09/10/2005,HHR,CA,AWP,WE,Federal Contract Tower,0,4,15,0,19,0,0,92,0,92,0,4,107,0,111,108,0,108,219
09/11/2005,HHR,CA,AWP,WE,Federal Contract Tower,0,2,15,0,17,0,0,89,1,90,0,2,104,1,107,152,0,152,259
09/12/2005,HHR,CA,AWP,WE,Federal Contract Tower,0,1,22,0,23,0,1,83,0,84,0,2,105,0,107,80,0,80,187
09/13/2005,HHR,CA,AWP,WE,Federal Contract Tower,0,0,31,0,31,0,0,56,0,56,0,0,87,0,87,40,0,40,127
09/14/2005,HHR,CA,AWP,WE,Federal Contract Tower,0,2,27,0,29,0,0,96,0,96,0,2,123,0,125,88,0,88,213
09/15/2005,HHR,CA,AWP,WE,Federal Contract Tower,0,2,25,0,27,0,0,76,0,76,0,2,101,0,103,32,0,32,135
09/16/2005,HHR,CA,AWP,WE,Federal Contract Tower,0,3,27,0,30,0,0,96,1,97,0,3,123,1,127,94,0,94,221
09/17/2005,HHR,CA,AWP,WE,Federal Contract Tower,0,0,13,0,13,0,0,88,0,88,0,0,101,0,101,102,0,102,203
09/18/2005,HHR,CA,AWP,WE,Federal Contract Tower,0,3,7,0,10,0,0,93,0,93,0,3,100,0,103,108,0,108,211
09/19/2005,HHR,CA,AWP,WE,Federal Contract Tower,0,1,26,0,27,0,0,73,1,74,0,1,99,1,101,102,0,102,203
09/20/2005,HHR,CA,AWP,WE,Federal Contract Tower,0,2,22,0,24,0,0,45,1,46,0,2,67,1,70,40,0,40,110
09/21/2005,HHR,CA,AWP,WE,Federal Contract Tower,0,1,23,0,24,0,0,115,1,116,0,1,138,1,140,100,0,100,240
09/22/2005,HHR,CA,AWP,WE,Federal Contract Tower,0,0,29,0,29,0,0,115,0,115,0,0,144,0,144,66,0,66,210
09/23/2005,HHR,CA,AWP,WE,Federal Contract Tower,0,1,31,0,32,0,0,63,4,67,0,1,94,4,99,30,0,30,129
09/24/2005,HHR,CA,AWP,WE,Federal Contract Tower,0,3,11,0,14,0,0,65,0,65,0,3,76,0,79,107,0,107,186
09/25/2005,HHR,CA,AWP,WE,Federal Contract Tower,0,1,11,0,12,0,0,83,1,84,0,1,94,1,96,102,0,102,198
09/26/2005,HHR,CA,AWP,WE,Federal Contract Tower,0,0,16,0,16,0,2,73,1,76,0,2,89,1,92,46,0,46,138
09/27/2005,HHR,CA,AWP,WE,Federal Contract Tower,0,0,23,0,23,0,0,127,0,127,0,0,150,0,150,86,0,86,236
09/28/2005,HHR,CA,AWP,WE,Federal Contract Tower,0,3,24,0,27,0,0,117,1,118,0,3,141,1,145,126,0,126,271
09/29/2005,HHR,CA,AWP,WE,Federal Contract Tower,0,0,22,0,22,0,0,110,2,112,0,0,132,2,134,78,0,78,212
09/30/2005,HHR,CA,AWP,WE,Federal Contract Tower,0,1,22,0,23,0,0,107,1,108,0,1,129,1,131,42,0,42,173
10/01/2005,HHR,CA,AWP,WE,Federal Contract Tower,0,2,21,0,23,0,1,55,0,56,0,3,76,0,79,58,0,58,137
10/02/2005,HHR,CA,AWP,WE,Federal Contract Tower,0,0,13,0,13,0,0,59,0,59,0,0,72,0,72,108,0,108,180
10/03/2005,HHR,CA,AWP,WE,Federal Contract Tower,0,0,23,0,23,0,0,65,3,68,0,0,88,3,91,12,0,12,103
10/04/2005,HHR,CA,AWP,WE,Federal Contract Tower,0,0,17,0,17,0,3,104,2,109,0,3,121,2,126,38,0,38,164
10/05/2005,HHR,CA,AWP,WE,Federal Contract Tower,0,0,19,0,19,0,2,75,5,82,0,2,94,5,101,60,0,60,161
10/06/2005,HHR,CA,AWP,WE,Federal Contract Tower,0,0,17,0,17,0,0,122,2,124,0,0,139,2,141,78,0,78,219
10/07/2005,HHR,CA,AWP,WE,Federal Contract Tower,0,1,24,0,25,0,1,116,1,118,0,2,140,1,143,70,0,70,213
10/08/2005,HHR,CA,AWP,WE,Federal Contract Tower,0,1,18,0,19,0,2,97,0,99,0,3,115,0,118,142,0,142,260
10/09/2005,HHR,CA,AWP,WE,Federal Contract Tower,0,1,10,0,11,0,1,92,1,94,0,2,102,1,105,156,0,156,261
10/10/2005,HHR,CA,AWP,WE,Federal Contract Tower,0,0,20,0,20,0,2,99,5,106,0,2,119,5,126,66,0,66,192
10/11/2005,HHR,CA,AWP,WE,Federal Contract Tower,0,2,30,0,32,0,0,60,1,61,0,2,90,1,93,54,0,54,147
10/12/2005,HHR,CA,AWP,WE,Federal Contract Tower,0,0,36,0,36,0,0,73,2,75,0,0,109,2,111,36,0,36,147
10/13/2005,HHR,CA,AWP,WE,Federal Contract Tower,0,0,29,0,29,0,0,94,2,96,0,0,123,2,125,98,0,98,223
10/14/2005,HHR,CA,AWP,WE,Federal Contract Tower,0,0,28,0,28,0,1,115,2,118,0,1,143,2,146,48,0,48,194
10/15/2005,HHR,CA,AWP,WE,Federal Contract Tower,0,1,7,0,8,0,0,103,0,103,0,1,110,0,111,140,0,140,251
10/16/2005,HHR,CA,AWP,WE,Federal Contract Tower,0,1,5,0,6,0,1,44,1,46,0,2,49,1,52,82,0,82,134
10/17/2005,HHR,CA,AWP,WE,Federal Contract Tower,0,0,23,0,23,0,0,10,1,11,0,0,33,1,34,4,0,4,38
10/18/2005,HHR,CA,AWP,WE,Federal Contract Tower,0,2,23,0,25,0,0,43,2,45,0,2,66,2,70,20,0,20,90
10/19/2005,HHR,CA,AWP,WE,Federal Contract Tower,0,0,35,0,35,0,1,83,3,87,0,1,118,3,122,102,0,102,224
10/20/2005,HHR,CA,AWP,WE,Federal Contract Tower,0,1,35,0,36,0,2,68,2,72,0,3,103,2,108,48,0,48,156
10/21/2005,HHR,CA,AWP,WE,Federal Contract Tower,0,1,20,1,22,0,0,3,0,3,0,1,23,1,25,0,0,0,25
10/22/2005,HHR,CA,AWP,WE,Federal Contract Tower,0,2,29,0,31,0,0,0,0,0,0,2,29,0,31,0,0,0,31
10/23/2005,HHR,CA,AWP,WE,Federal Contract Tower,0,0,18,0,18,0,0,25,1,26,0,0,43,1,44,29,0,29,73
10/24/2005,HHR,CA,AWP,WE,Federal Contract Tower,0,0,42,0,42,0,1,4,0,5,0,1,46,0,47,0,0,0,47
10/25/2005,HHR,CA,AWP,WE,Federal Contract Tower,0,0,47,0,47,0,0,60,4,64,0,0,107,4,111,136,0,136,247
10/26/2005,HHR,CA,AWP,WE,Federal Contract Tower,0,0,40,0,40,0,0,63,0,63,0,0,103,0,103,96,0,96,199
10/27/2005,HHR,CA,AWP,WE,Federal Contract Tower,0,0,34,0,34,0,0,50,2,52,0,0,84,2,86,52,0,52,138
10/28/2005,HHR,CA,AWP,WE,Federal Contract Tower,0,0,22,0,22,0,0,129,0,129,0,0,151,0,151,88,0,88,239
10/29/2005,HHR,CA,AWP,WE,Federal Contract Tower,0,0,1,0,1,0,0,117,0,117,0,0,118,0,118,108,0,108,226
10/30/2005,HHR,CA,AWP,WE,Federal Contract Tower,0,1,5,0,6,0,0,108,0,108,0,1,113,0,114,158,0,158,272
10/31/2005,HHR,CA,AWP,WE,Federal Contract Tower,0,0,13,0,13,0,0,98,1,99,0,0,111,1,112,64,0,64,176
11/01/2005,HHR,CA,AWP,WE,Federal Contract Tower,0,2,15,0,17,0,0,112,1,113,0,2,127,1,130,44,0,44,174
11/02/2005,HHR,CA,AWP,WE,Federal Contract Tower,0,1,19,0,20,0,0,76,2,78,0,1,95,2,98,26,0,26,124
11/03/2005,HHR,CA,AWP,WE,Federal Contract Tower,0,2,27,0,29,0,0,62,2,64,0,2,89,2,93,30,0,30,123
11/04/2005,HHR,CA,AWP,WE,Federal Contract Tower,0,2,38,0,40,0,0,68,0,68,0,2,106,0,108,62,0,62,170
11/05/2005,HHR,CA,AWP,WE,Federal Contract Tower,0,2,14,0,16,0,1,113,3,117,0,3,127,3,133,40,0,40,173
11/06/2005,HHR,CA,AWP,WE,Federal Contract Tower,0,0,1,0,1,0,1,75,0,76,0,1,76,0,77,60,0,60,137
11/07/2005,HHR,CA,AWP,WE,Federal Contract Tower,0,1,24,0,25,0,0,37,0,37,0,1,61,0,62,66,0,66,128
11/08/2005,HHR,CA,AWP,WE,Federal Contract Tower,0,2,28,0,30,0,0,71,1,72,0,2,99,1,102,74,0,74,176
11/09/2005,HHR,CA,AWP,WE,Federal Contract Tower,0,2,21,0,23,0,0,43,0,43,0,2,64,0,66,32,0,32,98
11/10/2005,HHR,CA,AWP,WE,Federal Contract Tower,0,1,17,0,18,0,0,53,0,53,0,1,70,0,71,88,0,88,159
11/11/2005,HHR,CA,AWP,WE,Federal Contract Tower,0,0,31,0,31,0,0,130,1,131,0,0,161,1,162,80,0,80,242
11/12/2005,HHR,CA,AWP,WE,Federal Contract Tower,0,0,8,0,8,0,4,130,0,134,0,4,138,0,142,84,0,84,226
11/13/2005,HHR,CA,AWP,WE,Federal Contract Tower,0,2,11,0,13,0,0,106,1,107,0,2,117,1,120,62,0,62,182
11/14/2005,HHR,CA,AWP,WE,Federal Contract Tower,0,2,17,0,19,0,0,47,1,48,0,2,64,1,67,70,0,70,137
11/15/2005,HHR,CA,AWP,WE,Federal Contract Tower,0,1,15,0,16,0,0,107,0,107,0,1,122,0,123,76,0,76,199
11/16/2005,HHR,CA,AWP,WE,Federal Contract Tower,0,0,19,0,19,0,0,96,2,98,0,0,115,2,117,30,0,30,147
11/17/2005,HHR,CA,AWP,WE,Federal Contract Tower,0,1,15,0,16,0,0,128,2,130,0,1,143,2,146,68,0,68,214
11/18/2005,HHR,CA,AWP,WE,Federal Contract Tower,0,1,22,0,23,0,0,125,0,125,0,1,147,0,148,85,0,85,233
11/19/2005,HHR,CA,AWP,WE,Federal Contract Tower,0,0,7,0,7,0,1,117,0,118,0,1,124,0,125,78,0,78,203
11/20/2005,HHR,CA,AWP,WE,Federal Contract Tower,0,2,5,0,7,0,2,118,2,122,0,4,123,2,129,170,0,170,299
11/21/2005,HHR,CA,AWP,WE,Federal Contract Tower,0,2,16,0,18,0,1,107,1,109,0,3,123,1,127,66,0,66,193
11/22/2005,HHR,CA,AWP,WE,Federal Contract Tower,0,0,14,0,14,0,0,110,1,111,0,0,124,1,125,110,0,110,235
11/23/2005,HHR,CA,AWP,WE,Federal Contract Tower,0,2,15,0,17,0,1,139,4,144,0,3,154,4,161,74,0,74,235
11/24/2005,HHR,CA,AWP,WE,Federal Contract Tower,0,0,8,0,8,0,2,36,0,38,0,2,44,0,46,34,0,34,80
11/25/2005,HHR,CA,AWP,WE,Federal Contract Tower,0,4,22,0,26,0,0,5,0,5,0,4,27,0,31,24,0,24,55
11/26/2005,HHR,CA,AWP,WE,Federal Contract Tower,0,0,2,0,2,0,0,55,1,56,0,0,57,1,58,38,0,38,96
11/27/2005,HHR,CA,AWP,WE,Federal Contract Tower,0,0,4,0,4,0,0,92,1,93,0,0,96,1,97,58,0,58,155
11/28/2005,HHR,CA,AWP,WE,Federal Contract Tower,0,0,11,0,11,0,2,92,0,94,0,2,103,0,105,60,0,60,165
11/29/2005,HHR,CA,AWP,WE,Federal Contract Tower,0,1,23,0,24,0,1,89,0,90,0,2,112,0,114,36,0,36,150
11/30/2005,HHR,CA,AWP,WE,Federal Contract Tower,0,1,38,0,39,0,0,85,3,88,0,1,123,3,127,48,0,48,175
12/01/2005,HHR,CA,AWP,WE,Federal Contract Tower,0,0,1,0,1,0,0,63,1,64,0,0,64,1,65,4,0,4,69
12/02/2005,HHR,CA,AWP,WE,Federal Contract Tower,0,0,44,0,44,0,0,24,4,28,0,0,68,4,72,36,0,36,108
12/03/2005,HHR,CA,AWP,WE,Federal Contract Tower,0,0,7,0,7,0,0,91,0,91,0,0,98,0,98,66,0,66,164
12/04/2005,HHR,CA,AWP,WE,Federal Contract Tower,0,0,5,0,5,0,0,95,1,96,0,0,100,1,101,104,0,104,205
12/05/2005,HHR,CA,AWP,WE,Federal Contract Tower,0,1,16,0,17,0,0,85,2,87,0,1,101,2,104,74,0,74,178
12/06/2005,HHR,CA,AWP,WE,Federal Contract Tower,0,0,14,0,14,0,0,85,2,87,0,0,99,2,101,32,0,32,133
12/07/2005,HHR,CA,AWP,WE,Federal Contract Tower,0,1,9,0,10,0,3,107,1,111,0,4,116,1,121,26,0,26,147
12/08/2005,HHR,CA,AWP,WE,Federal Contract Tower,0,1,19,0,20,0,1,97,1,99,0,2,116,1,119,24,0,24,143
12/09/2005,HHR,CA,AWP,WE,Federal Contract Tower,0,2,16,0,18,0,0,115,1,116,0,2,131,1,134,40,0,40,174
12/10/2005,HHR,CA,AWP,WE,Federal Contract Tower,0,1,5,0,6,0,0,105,0,105,0,1,110,0,111,110,0,110,221
12/11/2005,HHR,CA,AWP,WE,Federal Contract Tower,0,1,11,0,12,0,0,92,1,93,0,1,103,1,105,122,0,122,227
12/12/2005,HHR,CA,AWP,WE,Federal Contract Tower,0,1,19,0,20,0,1,74,2,77,0,2,93,2,97,44,0,44,141
12/13/2005,HHR,CA,AWP,WE,Federal Contract Tower,0,1,21,0,22,0,1,85,2,88,0,2,106,2,110,56,0,56,166
12/14/2005,HHR,CA,AWP,WE,Federal Contract Tower,0,0,25,0,25,0,2,85,3,90,0,2,110,3,115,108,0,108,223
12/15/2005,HHR,CA,AWP,WE,Federal Contract Tower,0,0,31,0,31,0,0,78,0,78,0,0,109,0,109,90,0,90,199
12/16/2005,HHR,CA,AWP,WE,Federal Contract Tower,0,0,32,0,32,0,0,76,1,77,0,0,108,1,109,10,0,10,119
12/17/2005,HHR,CA,AWP,WE,Federal Contract Tower,0,0,27,0,27,1,0,52,3,56,1,0,79,3,83,50,0,50,133
12/18/2005,HHR,CA,AWP,WE,Federal Contract Tower,0,1,4,0,5,0,0,44,0,44,0,1,48,0,49,36,0,36,85
12/19/2005,HHR,CA,AWP,WE,Federal Contract Tower,0,0,14,0,14,0,0,86,0,86,0,0,100,0,100,16,0,16,116
12/20/2005,HHR,CA,AWP,WE,Federal Contract Tower,0,0,18,0,18,0,0,103,2,105,0,0,121,2,123,62,0,62,185
12/21/2005,HHR,CA,AWP,WE,Federal Contract Tower,0,0,6,0,6,0,0,108,1,109,0,0,114,1,115,58,0,58,173
12/22/2005,HHR,CA,AWP,WE,Federal Contract Tower,0,0,28,0,28,0,0,54,1,55,0,0,82,1,83,24,0,24,107
12/23/2005,HHR,CA,AWP,WE,Federal Contract Tower,0,1,23,0,24,0,0,42,0,42,0,1,65,0,66,28,0,28,94
12/24/2005,HHR,CA,AWP,WE,Federal Contract Tower,0,1,3,0,4,0,0,49,0,49,0,1,52,0,53,34,0,34,87
12/25/2005,HHR,CA,AWP,WE,Federal Contract Tower,0,0,5,0,5,0,0,1,0,1,0,0,6,0,6,0,0,0,6
12/26/2005,HHR,CA,AWP,WE,Federal Contract Tower,0,2,12,0,14,0,0,6,1,7,0,2,18,1,21,0,0,0,21
12/27/2005,HHR,CA,AWP,WE,Federal Contract Tower,0,0,10,0,10,0,0,87,1,88,0,0,97,1,98,32,0,32,130
12/28/2005,HHR,CA,AWP,WE,Federal Contract Tower,0,1,5,0,6,0,0,30,0,30,0,1,35,0,36,10,0,10,46
12/29/2005,HHR,CA,AWP,WE,Federal Contract Tower,0,0,6,0,6,0,1,72,0,73,0,1,78,0,79,50,0,50,129
12/30/2005,HHR,CA,AWP,WE,Federal Contract Tower,0,2,7,0,9,0,0,80,0,80,0,2,87,0,89,36,0,36,125
12/31/2005,HHR,CA,AWP,WE,Federal Contract Tower,0,2,6,0,8,0,0,1,0,1,0,2,7,0,9,0,0,0,9
01/01/2006,HHR,CA,AWP,WE,Federal Contract Tower,0,2,6,0,8,0,0,6,0,6,0,2,12,0,14,0,0,0,14
01/02/2006,HHR,CA,AWP,WE,Federal Contract Tower,0,2,1,0,3,0,0,4,0,4,0,2,5,0,7,12,0,12,19
01/03/2006,HHR,CA,AWP,WE,Federal Contract Tower,0,0,9,0,9,0,0,102,0,102,0,0,111,0,111,82,0,82,193
01/04/2006,HHR,CA,AWP,WE,Federal Contract Tower,0,1,17,0,18,0,0,114,0,114,0,1,131,0,132,94,0,94,226
01/05/2006,HHR,CA,AWP,WE,Federal Contract Tower,0,0,12,0,12,0,0,116,0,116,0,0,128,0,128,80,0,80,208
01/06/2006,HHR,CA,AWP,WE,Federal Contract Tower,0,0,15,0,15,0,1,146,2,149,0,1,161,2,164,56,0,56,220
01/07/2006,HHR,CA,AWP,WE,Federal Contract Tower,0,0,3,0,3,0,0,113,0,113,0,0,116,0,116,84,0,84,200
01/08/2006,HHR,CA,AWP,WE,Federal Contract Tower,0,0,7,0,7,0,0,98,2,100,0,0,105,2,107,174,0,174,281
01/09/2006,HHR,CA,AWP,WE,Federal Contract Tower,0,0,9,0,9,0,0,95,3,98,0,0,104,3,107,114,0,114,221
01/10/2006,HHR,CA,AWP,WE,Federal Contract Tower,0,0,8,0,8,0,0,117,2,119,0,0,125,2,127,96,0,96,223
01/11/2006,HHR,CA,AWP,WE,Federal Contract Tower,0,0,33,0,33,0,1,89,0,90,0,1,122,0,123,116,0,116,239
01/12/2006,HHR,CA,AWP,WE,Federal Contract Tower,0,0,20,0,20,0,0,86,5,91,0,0,106,5,111,66,0,66,177
01/13/2006,HHR,CA,AWP,WE,Federal Contract Tower,0,0,31,0,31,0,0,80,1,81,0,0,111,1,112,48,0,48,160
01/14/2006,HHR,CA,AWP,WE,Federal Contract Tower,0,0,15,0,15,0,0,15,2,17,0,0,30,2,32,0,0,0,32
01/15/2006,HHR,CA,AWP,WE,Federal Contract Tower,0,0,8,0,8,0,0,89,0,89,0,0,97,0,97,104,0,104,201
01/16/2006,HHR,CA,AWP,WE,Federal Contract Tower,0,0,18,0,18,0,0,102,0,102,0,0,120,0,120,156,0,156,276
01/17/2006,HHR,CA,AWP,WE,Federal Contract Tower,0,0,18,0,18,0,1,107,2,110,0,1,125,2,128,76,0,76,204
01/18/2006,HHR,CA,AWP,WE,Federal Contract Tower,0,0,35,0,35,0,0,82,0,82,0,0,117,0,117,48,0,48,165
01/19/2006,HHR,CA,AWP,WE,Federal Contract Tower,0,0,23,0,23,0,0,83,0,83,0,0,106,0,106,36,0,36,142
01/20/2006,HHR,CA,AWP,WE,Federal Contract Tower,0,0,19,0,19,0,0,121,0,121,0,0,140,0,140,70,0,70,210
01/21/2006,HHR,CA,AWP,WE,Federal Contract Tower,0,1,8,0,9,0,1,121,1,123,0,2,129,1,132,133,0,133,265
01/22/2006,HHR,CA,AWP,WE,Federal Contract Tower,0,1,11,0,12,0,2,94,1,97,0,3,105,1,109,54,0,54,163
01/23/2006,HHR,CA,AWP,WE,Federal Contract Tower,0,0,17,0,17,0,0,90,2,92,0,0,107,2,109,96,0,96,205
01/24/2006,HHR,CA,AWP,WE,Federal Contract Tower,0,0,17,0,17,0,0,75,3,78,0,0,92,3,95,68,0,68,163
01/25/2006,HHR,CA,AWP,WE,Federal Contract Tower,0,0,31,0,31,0,0,95,1,96,0,0,126,1,127,142,0,142,269
01/26/2006,HHR,CA,AWP,WE,Federal Contract Tower,0,0,19,0,19,0,0,98,1,99,0,0,117,1,118,108,0,108,226
01/27/2006,HHR,CA,AWP,WE,Federal Contract Tower,0,0,19,0,19,0,0,109,0,109,0,0,128,0,128,96,0,96,224
01/28/2006,HHR,CA,AWP,WE,Federal Contract Tower,0,0,4,0,4,0,0,96,3,99,0,0,100,3,103,34,0,34,137
01/29/2006,HHR,CA,AWP,WE,Federal Contract Tower,0,2,16,0,18,0,0,69,0,69,0,2,85,0,87,80,0,80,167
01/30/2006,HHR,CA,AWP,WE,Federal Contract Tower,0,0,22,0,22,0,0,88,1,89,0,0,110,1,111,58,0,58,169
01/31/2006,HHR,CA,AWP,WE,Federal Contract Tower,0,0,15,0,15,0,0,82,1,83,0,0,97,1,98,128,0,128,226
02/01/2006,HHR,CA,AWP,WE,Federal Contract Tower,0,0,22,0,22,0,0,78,5,83,0,0,100,5,105,98,0,98,203
02/02/2006,HHR,CA,AWP,WE,Federal Contract Tower,0,2,17,0,19,0,2,77,1,80,0,4,94,1,99,76,0,76,175
02/03/2006,HHR,CA,AWP,WE,Federal Contract Tower,0,0,37,0,37,0,0,52,1,53,0,0,89,1,90,22,0,22,112
02/04/2006,HHR,CA,AWP,WE,Federal Contract Tower,0,0,21,0,21,0,2,49,1,52,0,2,70,1,73,106,0,106,179
02/05/2006,HHR,CA,AWP,WE,Federal Contract Tower,0,1,5,0,6,0,1,86,0,87,0,2,91,0,93,100,0,100,193
02/06/2006,HHR,CA,AWP,WE,Federal Contract Tower,0,0,16,0,16,0,0,109,1,110,0,0,125,1,126,82,0,82,208
02/07/2006,HHR,CA,AWP,WE,Federal Contract Tower,0,0,19,0,19,0,0,96,1,97,0,0,115,1,116,93,0,93,209
02/08/2006,HHR,CA,AWP,WE,Federal Contract Tower,0,0,13,0,13,0,0,107,0,107,0,0,120,0,120,46,0,46,166
02/09/2006,HHR,CA,AWP,WE,Federal Contract Tower,0,0,7,0,7,0,0,118,1,119,0,0,125,1,126,54,0,54,180
02/10/2006,HHR,CA,AWP,WE,Federal Contract Tower,0,0,25,0,25,0,1,108,1,110,0,1,133,1,135,78,0,78,213
02/11/2006,HHR,CA,AWP,WE,Federal Contract Tower,0,1,30,0,31,0,1,58,2,61,0,2,88,2,92,54,0,54,146
02/12/2006,HHR,CA,AWP,WE,Federal Contract Tower,0,0,9,0,9,0,0,124,0,124,0,0,133,0,133,118,0,118,251
02/13/2006,HHR,CA,AWP,WE,Federal Contract Tower,0,0,12,0,12,0,0,119,3,122,0,0,131,3,134,42,0,42,176
02/14/2006,HHR,CA,AWP,WE,Federal Contract Tower,0,1,27,1,29,0,1,66,2,69,0,2,93,3,98,16,0,16,114
02/15/2006,HHR,CA,AWP,WE,Federal Contract Tower,0,0,22,0,22,0,0,106,4,110,0,0,128,4,132,58,0,58,190
02/16/2006,HHR,CA,AWP,WE,Federal Contract Tower,0,1,30,0,31,0,0,114,5,119,0,1,144,5,150,104,0,104,254
02/17/2006,HHR,CA,AWP,WE,Federal Contract Tower,0,0,24,0,24,0,3,86,0,89,0,3,110,0,113,29,0,29,142
02/18/2006,HHR,CA,AWP,WE,Federal Contract Tower,0,2,7,0,9,0,0,74,1,75,0,2,81,1,84,14,0,14,98
02/19/2006,HHR,CA,AWP,WE,Federal Contract Tower,0,2,4,0,6,0,0,89,2,91,0,2,93,2,97,58,0,58,155
02/20/2006,HHR,CA,AWP,WE,Federal Contract Tower,0,0,21,0,21,0,0,108,1,109,0,0,129,1,130,120,0,120,250
02/21/2006,HHR,CA,AWP,WE,Federal Contract Tower,0,0,23,0,23,0,2,98,4,104,0,2,121,4,127,56,0,56,183
02/22/2006,HHR,CA,AWP,WE,Federal Contract Tower,0,0,18,0,18,0,1,103,1,105,0,1,121,1,123,56,0,56,179
02/23/2006,HHR,CA,AWP,WE,Federal Contract Tower,0,2,17,0,19,0,0,123,0,123,0,2,140,0,142,56,0,56,198
02/24/2006,HHR,CA,AWP,WE,Federal Contract Tower,0,1,9,0,10,0,0,108,3,111,0,1,117,3,121,92,0,92,213
02/25/2006,HHR,CA,AWP,WE,Federal Contract Tower,0,2,23,0,25,0,0,113,0,113,0,2,136,0,138,58,0,58,196
02/26/2006,HHR,CA,AWP,WE,Federal Contract Tower,0,2,10,0,12,0,0,103,0,103,0,2,113,0,115,102,0,102,217
02/27/2006,HHR,CA,AWP,WE,Federal Contract Tower,0,0,21,0,21,0,0,36,0,36,0,0,57,0,57,34,0,34,91
02/28/2006,HHR,CA,AWP,WE,Federal Contract Tower,0,1,12,0,13,0,0,66,1,67,0,1,78,1,80,50,0,50,130
03/01/2006,HHR,CA,AWP,WE,Federal Contract Tower,0,4,18,0,22,0,0,85,4,89,0,4,103,4,111,56,0,56,167
03/02/2006,HHR,CA,AWP,WE,Federal Contract Tower,0,1,19,0,20,0,0,120,2,122,0,1,139,2,142,66,0,66,208
03/03/2006,HHR,CA,AWP,WE,Federal Contract Tower,0,2,17,0,19,0,0,42,0,42,0,2,59,0,61,110,0,110,171
03/04/2006,HHR,CA,AWP,WE,Federal Contract Tower,0,0,10,0,10,0,0,154,3,157,0,0,164,3,167,142,0,142,309
03/05/2006,HHR,CA,AWP,WE,Federal Contract Tower,0,0,18,0,18,0,0,110,0,110,0,0,128,0,128,148,0,148,276
03/06/2006,HHR,CA,AWP,WE,Federal Contract Tower,0,0,25,0,25,0,0,64,3,67,0,0,89,3,92,44,0,44,136
03/07/2006,HHR,CA,AWP,WE,Federal Contract Tower,0,1,17,0,18,0,0,73,1,74,0,1,90,1,92,38,0,38,130
03/08/2006,HHR,CA,AWP,WE,Federal Contract Tower,0,2,14,0,16,0,2,102,1,105,0,4,116,1,121,86,0,86,207
03/09/2006,HHR,CA,AWP,WE,Federal Contract Tower,0,0,2,0,2,0,96,0,0,96,0,96,2,0,98,36,0,36,134
03/10/2006,HHR,CA,AWP,WE,Federal Contract Tower,0,1,12,0,13,0,0,65,1,66,0,1,77,1,79,10,0,10,89
03/11/2006,HHR,CA,AWP,WE,Federal Contract Tower,0,0,0,0,0,0,0,23,0,23,0,0,23,0,23,40,0,40,63
03/12/2006,HHR,CA,AWP,WE,Federal Contract Tower,0,1,14,0,15,0,0,82,1,83,0,1,96,1,98,154,0,154,252
03/13/2006,HHR,CA,AWP,WE,Federal Contract Tower,0,1,10,0,11,0,0,99,0,99,0,1,109,0,110,10,0,10,120
03/14/2006,HHR,CA,AWP,WE,Federal Contract Tower,0,0,22,0,22,0,2,102,2,106,0,2,124,2,128,76,0,76,204
03/15/2006,HHR,CA,AWP,WE,Federal Contract Tower,0,0,17,0,17,0,2,122,2,126,0,2,139,2,143,80,0,80,223
03/16/2006,HHR,CA,AWP,WE,Federal Contract Tower,0,0,21,0,21,0,0,116,1,117,0,0,137,1,138,79,0,79,217
03/17/2006,HHR,CA,AWP,WE,Federal Contract Tower,0,2,26,0,28,0,0,48,0,48,0,2,74,0,76,56,0,56,132
03/18/2006,HHR,CA,AWP,WE,Federal Contract Tower,0,0,8,0,8,0,0,107,0,107,0,0,115,0,115,74,0,74,189
03/19/2006,HHR,CA,AWP,WE,Federal Contract Tower,0,0,15,0,15,0,0,112,0,112,0,0,127,0,127,128,0,128,255
03/20/2006,HHR,CA,AWP,WE,Federal Contract Tower,0,2,16,0,18,0,0,74,0,74,0,2,90,0,92,10,0,10,102
03/21/2006,HHR,CA,AWP,WE,Federal Contract Tower,0,0,20,0,20,0,0,100,0,100,0,0,120,0,120,42,0,42,162
03/22/2006,HHR,CA,AWP,WE,Federal Contract Tower,0,0,17,0,17,0,2,148,1,151,0,2,165,1,168,42,0,42,210
03/23/2006,HHR,CA,AWP,WE,Federal Contract Tower,0,2,13,0,15,0,2,130,1,133,0,4,143,1,148,60,0,60,208
03/24/2006,HHR,CA,AWP,WE,Federal Contract Tower,0,0,13,0,13,0,0,153,4,157,0,0,166,4,170,70,0,70,240
03/25/2006,HHR,CA,AWP,WE,Federal Contract Tower,0,2,14,0,16,0,0,52,1,53,0,2,66,1,69,64,0,64,133
03/26/2006,HHR,CA,AWP,WE,Federal Contract Tower,0,0,7,0,7,0,2,108,0,110,0,2,115,0,117,178,0,178,295
03/27/2006,HHR,CA,AWP,WE,Federal Contract Tower,0,4,28,0,32,0,1,90,6,97,0,5,118,6,129,44,0,44,173
03/28/2006,HHR,CA,AWP,WE,Federal Contract Tower,0,2,21,1,24,0,0,25,1,26,0,2,46,2,50,0,0,0,50
03/29/2006,HHR,CA,AWP,WE,Federal Contract Tower,0,0,17,0,17,0,0,107,7,114,0,0,124,7,131,116,0,116,247
03/30/2006,HHR,CA,AWP,WE,Federal Contract Tower,0,4,28,0,32,0,0,114,3,117,0,4,142,3,149,80,0,80,229
03/31/2006,HHR,CA,AWP,WE,Federal Contract Tower,0,3,24,0,27,0,0,77,4,81,0,3,101,4,108,46,0,46,154
04/01/2006,HHR,CA,AWP,WE,Federal Contract Tower,0,0,8,0,8,0,0,62,10,72,0,0,70,10,80,42,0,42,122
04/02/2006,HHR,CA,AWP,WE,Federal Contract Tower,0,0,18,0,18,0,0,104,0,104,0,0,122,0,122,82,0,82,204
04/03/2006,HHR,CA,AWP,WE,Federal Contract Tower,0,0,19,0,19,0,0,49,0,49,0,0,68,0,68,18,0,18,86
04/04/2006,HHR,CA,AWP,WE,Federal Contract Tower,0,0,18,3,21,0,0,13,0,13,0,0,31,3,34,0,0,0,34
04/05/2006,HHR,CA,AWP,WE,Federal Contract Tower,0,0,13,0,13,0,0,40,0,40,0,0,53,0,53,0,0,0,53
04/06/2006,HHR,CA,AWP,WE,Federal Contract Tower,0,0,26,0,26,0,0,113,4,117,0,0,139,4,143,100,0,100,243
04/07/2006,HHR,CA,AWP,WE,Federal Contract Tower,0,0,0,0,0,0,143,0,0,143,0,143,0,0,143,70,0,70,213
04/08/2006,HHR,CA,AWP,WE,Federal Contract Tower,0,0,4,0,4,0,0,112,0,112,0,0,116,0,116,114,0,114,230
04/09/2006,HHR,CA,AWP,WE,Federal Contract Tower,0,0,13,0,13,0,0,88,1,89,0,0,101,1,102,58,0,58,160
04/10/2006,HHR,CA,AWP,WE,Federal Contract Tower,0,1,19,0,20,0,0,65,0,65,0,1,84,0,85,90,0,90,175
04/11/2006,HHR,CA,AWP,WE,Federal Contract Tower,0,0,15,0,15,0,0,106,1,107,0,0,121,1,122,62,0,62,184
04/12/2006,HHR,CA,AWP,WE,Federal Contract Tower,0,0,11,0,11,0,0,96,1,97,0,0,107,1,108,56,0,56,164
04/13/2006,HHR,CA,AWP,WE,Federal Contract Tower,0,0,14,0,14,0,0,136,0,136,0,0,150,0,150,72,0,72,222
04/14/2006,HHR,CA,AWP,WE,Federal Contract Tower,0,0,25,0,25,0,0,21,1,22,0,0,46,1,47,12,0,12,59
04/15/2006,HHR,CA,AWP,WE,Federal Contract Tower,0,1,11,0,12,0,0,70,0,70,0,1,81,0,82,58,0,58,140
04/16/2006,HHR,CA,AWP,WE,Federal Contract Tower,0,0,16,0,16,0,0,58,1,59,0,0,74,1,75,30,0,30,105
04/17/2006,HHR,CA,AWP,WE,Federal Contract Tower,0,0,17,0,17,0,0,86,0,86,0,0,103,0,103,34,0,34,137
04/18/2006,HHR,CA,AWP,WE,Federal Contract Tower,0,0,14,0,14,0,0,111,1,112,0,0,125,1,126,84,0,84,210
04/19/2006,HHR,CA,AWP,WE,Federal Contract Tower,0,1,11,0,12,0,0,99,3,102,0,1,110,3,114,128,0,128,242
04/20/2006,HHR,CA,AWP,WE,Federal Contract Tower,0,0,17,0,17,0,0,129,4,133,0,0,146,4,150,80,0,80,230
04/21/2006,HHR,CA,AWP,WE,Federal Contract Tower,0,4,24,0,28,0,0,63,2,65,0,4,87,2,93,48,0,48,141
04/22/2006,HHR,CA,AWP,WE,Federal Contract Tower,0,1,12,0,13,0,0,92,0,92,0,1,104,0,105,110,0,110,215
04/23/2006,HHR,CA,AWP,WE,Federal Contract Tower,0,3,19,0,22,0,0,84,0,84,0,3,103,0,106,124,0,124,230
04/24/2006,HHR,CA,AWP,WE,Federal Contract Tower,0,0,21,0,21,0,0,62,0,62,0,0,83,0,83,48,0,48,131
04/25/2006,HHR,CA,AWP,WE,Federal Contract Tower,0,0,44,0,44,0,0,45,2,47,0,0,89,2,91,46,0,46,137
04/26/2006,HHR,CA,AWP,WE,Federal Contract Tower,0,0,21,0,21,0,0,73,0,73,0,0,94,0,94,8,0,8,102
04/27/2006,HHR,CA,AWP,WE,Federal Contract Tower,0,1,31,0,32,0,0,78,2,80,0,1,109,2,112,60,0,60,172
04/28/2006,HHR,CA,AWP,WE,Federal Contract Tower,0,2,27,0,29,0,0,75,3,78,0,2,102,3,107,46,0,46,153
04/29/2006,HHR,CA,AWP,WE,Federal Contract Tower,0,2,23,0,25,0,0,56,0,56,0,2,79,0,81,36,0,36,117
04/30/2006,HHR,CA,AWP,WE,Federal Contract Tower,0,2,29,0,31,0,0,63,0,63,0,2,92,0,94,106,0,106,200
05/01/2006,HHR,CA,AWP,WE,Federal Contract Tower,0,2,48,0,50,0,0,23,4,27,0,2,71,4,77,10,0,10,87
05/02/2006,HHR,CA,AWP,WE,Federal Contract Tower,0,2,37,0,39,0,0,33,0,33,0,2,70,0,72,42,0,42,114
05/03/2006,HHR,CA,AWP,WE,Federal Contract Tower,0,2,37,0,39,0,0,43,2,45,0,2,80,2,84,74,0,74,158
05/04/2006,HHR,CA,AWP,WE,Federal Contract Tower,0,2,25,0,27,0,1,96,4,101,0,3,121,4,128,106,0,106,234
05/05/2006,HHR,CA,AWP,WE,Federal Contract Tower,0,2,22,0,24,0,0,104,2,106,0,2,126,2,130,82,0,82,212
05/06/2006,HHR,CA,AWP,WE,Federal Contract Tower,0,2,16,0,18,0,0,53,1,54,0,2,69,1,72,110,0,110,182
05/07/2006,HHR,CA,AWP,WE,Federal Contract Tower,0,3,17,0,20,0,0,59,2,61,0,3,76,2,81,86,0,86,167
05/08/2006,HHR,CA,AWP,WE,Federal Contract Tower,0,0,31,0,31,0,0,19,0,19,0,0,50,0,50,26,0,26,76
05/09/2006,HHR,CA,AWP,WE,Federal Contract Tower,0,0,39,0,39,0,0,48,1,49,0,0,87,1,88,88,0,88,176
05/10/2006,HHR,CA,AWP,WE,Federal Contract Tower,0,0,26,0,26,0,0,35,0,35,0,0,61,0,61,8,0,8,69
05/11/2006,HHR,CA,AWP,WE,Federal Contract Tower,0,0,41,0,41,0,0,8,0,8,0,0,49,0,49,0,0,0,49
05/12/2006,HHR,CA,AWP,WE,Federal Contract Tower,0,2,32,0,34,0,0,43,2,45,0,2,75,2,79,54,0,54,133
05/13/2006,HHR,CA,AWP,WE,Federal Contract Tower,0,2,7,0,9,0,0,82,0,82,0,2,89,0,91,72,0,72,163
05/14/2006,HHR,CA,AWP,WE,Federal Contract Tower,0,2,13,0,15,0,0,49,2,51,0,2,62,2,66,68,0,68,134
05/15/2006,HHR,CA,AWP,WE,Federal Contract Tower,0,2,26,0,28,0,0,69,0,69,0,2,95,0,97,74,0,74,171
05/16/2006,HHR,CA,AWP,WE,Federal Contract Tower,0,2,51,0,53,0,0,46,3,49,0,2,97,3,102,0,0,0,102
05/17/2006,HHR,CA,AWP,WE,Federal Contract Tower,0,3,41,0,44,0,0,25,0,25,0,3,66,0,69,72,0,72,141
05/18/2006,HHR,CA,AWP,WE,Federal Contract Tower,0,0,30,1,31,0,0,40,2,42,0,0,70,3,73,54,0,54,127
05/19/2006,HHR,CA,AWP,WE,Federal Contract Tower,0,2,35,0,37,0,0,58,3,61,0,2,93,3,98,80,0,80,178
05/20/2006,HHR,CA,AWP,WE,Federal Contract Tower,0,1,15,0,16,0,0,76,0,76,0,1,91,0,92,132,0,132,224
05/21/2006,HHR,CA,AWP,WE,Federal Contract Tower,0,1,11,0,12,0,0,47,1,48,0,1,58,1,60,90,0,90,150
05/22/2006,HHR,CA,AWP,WE,Federal Contract Tower,0,1,27,0,28,0,0,61,2,63,0,1,88,2,91,24,0,24,115
05/23/2006,HHR,CA,AWP,WE,Federal Contract Tower,0,0,11,0,11,0,0,145,3,148,0,0,156,3,159,80,0,80,239
05/24/2006,HHR,CA,AWP,WE,Federal Contract Tower,0,0,9,1,10,0,2,110,0,112,0,2,119,1,122,50,0,50,172
05/25/2006,HHR,CA,AWP,WE,Federal Contract Tower,0,0,18,2,20,0,0,118,3,121,0,0,136,5,141,54,0,54,195
05/26/2006,HHR,CA,AWP,WE,Federal Contract Tower,0,2,0,0,2,2,133,0,0,135,2,135,0,0,137,66,0,66,203
05/27/2006,HHR,CA,AWP,WE,Federal Contract Tower,0,2,9,0,11,0,0,93,0,93,0,2,102,0,104,66,0,66,170
05/28/2006,HHR,CA,AWP,WE,Federal Contract Tower,0,0,2,0,2,0,0,92,0,92,0,0,94,0,94,48,0,48,142
05/29/2006,HHR,CA,AWP,WE,Federal Contract Tower,0,0,14,0,14,0,1,118,4,123,0,1,132,4,137,58,0,58,195
05/30/2006,HHR,CA,AWP,WE,Federal Contract Tower,0,0,22,0,22,0,2,84,1,87,0,2,106,1,109,24,0,24,133
05/31/2006,HHR,CA,AWP,WE,Federal Contract Tower,0,0,22,1,23,0,0,122,6,128,0,0,144,7,151,60,10,70,221
06/01/2006,HHR,CA,AWP,WE,Federal Contract Tower,0,0,18,0,18,0,0,121,0,121,0,0,139,0,139,102,0,102,241
06/02/2006,HHR,CA,AWP,WE,Federal Contract Tower,0,0,13,0,13,0,2,94,4,100,0,2,107,4,113,44,0,44,157
06/03/2006,HHR,CA,AWP,WE,Federal Contract Tower,0,1,8,0,9,0,1,129,0,130,0,2,137,0,139,152,0,152,291
06/04/2006,HHR,CA,AWP,WE,Federal Contract Tower,0,2,8,0,10,0,0,146,2,148,0,2,154,2,158,118,0,118,276
06/05/2006,HHR,CA,AWP,WE,Federal Contract Tower,0,0,25,0,25,0,0,29,0,29,0,0,54,0,54,52,0,52,106
06/06/2006,HHR,CA,AWP,WE,Federal Contract Tower,0,0,30,1,31,0,0,19,0,19,0,0,49,1,50,6,0,6,56
06/07/2006,HHR,CA,AWP,WE,Federal Contract Tower,0,2,43,0,45,0,0,24,0,24,0,2,67,0,69,2,0,2,71
06/08/2006,HHR,CA,AWP,WE,Federal Contract Tower,0,2,41,0,43,0,0,37,1,38,0,2,78,1,81,10,0,10,91
06/09/2006,HHR,CA,AWP,WE,Federal Contract Tower,0,2,42,0,44,0,0,67,1,68,0,2,109,1,112,54,0,54,166
06/10/2006,HHR,CA,AWP,WE,Federal Contract Tower,0,0,24,0,24,0,0,56,2,58,0,0,80,2,82,100,0,100,182
06/11/2006,HHR,CA,AWP,WE,Federal Contract Tower,0,0,23,0,23,0,0,64,0,64,0,0,87,0,87,72,0,72,159
06/12/2006,HHR,CA,AWP,WE,Federal Contract Tower,0,2,31,0,33,0,0,76,3,79,0,2,107,3,112,60,0,60,172
06/13/2006,HHR,CA,AWP,WE,Federal Contract Tower,0,0,24,0,24,0,0,106,2,108,0,0,130,2,132,62,0,62,194
06/14/2006,HHR,CA,AWP,WE,Federal Contract Tower,0,0,13,0,13,0,2,94,3,99,0,2,107,3,112,20,0,20,132
06/15/2006,HHR,CA,AWP,WE,Federal Contract Tower,0,0,25,0,25,0,0,101,5,106,0,0,126,5,131,30,0,30,161
06/16/2006,HHR,CA,AWP,WE,Federal Contract Tower,0,0,17,0,17,0,2,110,0,112,0,2,127,0,129,46,0,46,175
06/17/2006,HHR,CA,AWP,WE,Federal Contract Tower,0,0,13,0,13,0,2,166,0,168,0,2,179,0,181,102,0,102,283
06/18/2006,HHR,CA,AWP,WE,Federal Contract Tower,0,0,14,0,14,0,1,88,1,90,0,1,102,1,104,74,0,74,178
06/19/2006,HHR,CA,AWP,WE,Federal Contract Tower,0,0,25,0,25,0,0,87,2,89,0,0,112,2,114,34,0,34,148
06/20/2006,HHR,CA,AWP,WE,Federal Contract Tower,0,1,23,0,24,0,1,72,1,74,0,2,95,1,98,6,0,6,104
06/21/2006,HHR,CA,AWP,WE,Federal Contract Tower,0,1,26,0,27,0,1,75,3,79,0,2,101,3,106,62,0,62,168
06/22/2006,HHR,CA,AWP,WE,Federal Contract Tower,0,0,25,0,25,0,0,96,6,102,0,0,121,6,127,88,0,88,215
06/23/2006,HHR,CA,AWP,WE,Federal Contract Tower,0,2,33,0,35,0,0,89,0,89,0,2,122,0,124,40,0,40,164
06/24/2006,HHR,CA,AWP,WE,Federal Contract Tower,0,2,20,0,22,0,0,65,1,66,0,2,85,1,88,68,0,68,156
06/25/2006,HHR,CA,AWP,WE,Federal Contract Tower,0,1,13,0,14,0,1,82,0,83,0,2,95,0,97,58,0,58,155
06/26/2006,HHR,CA,AWP,WE,Federal Contract Tower,0,1,23,0,24,0,0,106,2,108,0,1,129,2,132,72,0,72,204
06/27/2006,HHR,CA,AWP,WE,Federal Contract Tower,0,3,14,0,17,0,0,98,3,101,0,3,112,3,118,60,0,60,178
06/28/2006,HHR,CA,AWP,WE,Federal Contract Tower,0,1,11,0,12,0,2,90,4,96,0,3,101,4,108,42,0,42,150
06/29/2006,HHR,CA,AWP,WE,Federal Contract Tower,0,0,17,0,17,0,0,118,1,119,0,0,135,1,136,46,0,46,182
06/30/2006,HHR,CA,AWP,WE,Federal Contract Tower,0,0,10,0,10,0,0,137,0,137,0,0,147,0,147,48,0,48,195
07/01/2006,HHR,CA,AWP,WE,Federal Contract Tower,0,0,10,0,10,0,4,107,5,116,0,4,117,5,126,106,0,106,232
07/02/2006,HHR,CA,AWP,WE,Federal Contract Tower,0,0,11,0,11,0,2,76,0,78,0,2,87,0,89,60,0,60,149
07/03/2006,HHR,CA,AWP,WE,Federal Contract Tower,0,0,6,0,6,0,0,102,0,102,0,0,108,0,108,50,0,50,158
07/04/2006,HHR,CA,AWP,WE,Federal Contract Tower,0,2,10,0,12,0,1,70,0,71,0,3,80,0,83,24,0,24,107
07/05/2006,HHR,CA,AWP,WE,Federal Contract Tower,0,0,21,0,21,0,2,79,0,81,0,2,100,0,102,42,0,42,144
07/06/2006,HHR,CA,AWP,WE,Federal Contract Tower,0,0,18,0,18,0,0,96,4,100,0,0,114,4,118,68,0,68,186
07/07/2006,HHR,CA,AWP,WE,Federal Contract Tower,0,1,14,0,15,0,1,112,0,113,0,2,126,0,128,76,0,76,204
07/08/2006,HHR,CA,AWP,WE,Federal Contract Tower,0,2,9,0,11,0,3,112,0,115,0,5,121,0,126,66,0,66,192
07/09/2006,HHR,CA,AWP,WE,Federal Contract Tower,0,1,12,0,13,0,0,104,1,105,0,1,116,1,118,110,0,110,228
07/10/2006,HHR,CA,AWP,WE,Federal Contract Tower,0,1,19,0,20,0,0,86,2,88,0,1,105,2,108,78,0,78,186
07/11/2006,HHR,CA,AWP,WE,Federal Contract Tower,0,0,25,0,25,0,0,125,2,127,0,0,150,2,152,88,0,88,240
07/12/2006,HHR,CA,AWP,WE,Federal Contract Tower,0,2,15,0,17,0,2,96,1,99,0,4,111,1,116,40,0,40,156
07/13/2006,HHR,CA,AWP,WE,Federal Contract Tower,0,0,19,0,19,0,0,124,1,125,0,0,143,1,144,91,0,91,235
07/14/2006,HHR,CA,AWP,WE,Federal Contract Tower,0,0,16,0,16,0,0,143,1,144,0,0,159,1,160,52,0,52,212
07/15/2006,HHR,CA,AWP,WE,Federal Contract Tower,0,0,8,0,8,0,2,122,0,124,0,2,130,0,132,56,0,56,188
07/16/2006,HHR,CA,AWP,WE,Federal Contract Tower,0,0,11,0,11,0,0,132,0,132,0,0,143,0,143,176,0,176,319
07/17/2006,HHR,CA,AWP,WE,Federal Contract Tower,0,2,26,0,28,0,0,100,2,102,0,2,126,2,130,46,0,46,176
07/18/2006,HHR,CA,AWP,WE,Federal Contract Tower,0,0,24,0,24,0,0,97,6,103,0,0,121,6,127,54,0,54,181
07/19/2006,HHR,CA,AWP,WE,Federal Contract Tower,0,0,30,0,30,0,0,87,1,88,0,0,117,1,118,86,0,86,204
07/20/2006,HHR,CA,AWP,WE,Federal Contract Tower,0,1,26,0,27,0,1,91,1,93,0,2,117,1,120,76,0,76,196
07/21/2006,HHR,CA,AWP,WE,Federal Contract Tower,0,1,9,0,10,0,1,114,0,115,0,2,123,0,125,88,0,88,213
07/22/2006,HHR,CA,AWP,WE,Federal Contract Tower,0,1,8,0,9,0,0,91,0,91,0,1,99,0,100,24,0,24,124
07/23/2006,HHR,CA,AWP,WE,Federal Contract Tower,0,0,3,0,3,0,0,62,0,62,0,0,65,0,65,34,0,34,99
07/24/2006,HHR,CA,AWP,WE,Federal Contract Tower,0,0,13,0,13,0,0,71,0,71,0,0,84,0,84,89,0,89,173
07/25/2006,HHR,CA,AWP,WE,Federal Contract Tower,0,1,18,0,19,0,1,70,2,73,0,2,88,2,92,80,0,80,172
07/26/2006,HHR,CA,AWP,WE,Federal Contract Tower,0,0,19,0,19,0,2,80,1,83,0,2,99,1,102,27,0,27,129
07/27/2006,HHR,CA,AWP,WE,Federal Contract Tower,0,0,24,0,24,0,0,49,0,49,0,0,73,0,73,80,0,80,153
07/28/2006,HHR,CA,AWP,WE,Federal Contract Tower,0,2,20,0,22,0,0,91,2,93,0,2,111,2,115,78,0,78,193
07/29/2006,HHR,CA,AWP,WE,Federal Contract Tower,0,0,16,0,16,0,0,21,0,21,0,0,37,0,37,2,0,2,39
07/30/2006,HHR,CA,AWP,WE,Federal Contract Tower,0,0,14,0,14,0,0,51,1,52,0,0,65,1,66,52,0,52,118
07/31/2006,HHR,CA,AWP,WE,Federal Contract Tower,0,2,29,0,31,0,0,83,3,86,0,2,112,3,117,38,0,38,155
08/01/2006,HHR,CA,AWP,WE,Federal Contract Tower,0,2,0,0,2,0,1,102,1,104,0,3,102,1,106,100,0,100,206
08/02/2006,HHR,CA,AWP,WE,Federal Contract Tower,0,1,23,0,24,0,1,82,0,83,0,2,105,0,107,63,0,63,170
08/03/2006,HHR,CA,AWP,WE,Federal Contract Tower,0,4,24,0,28,0,0,65,0,65,0,4,89,0,93,4,0,4,97
08/04/2006,HHR,CA,AWP,WE,Federal Contract Tower,0,2,21,0,23,0,0,104,0,104,0,2,125,0,127,60,0,60,187
08/05/2006,HHR,CA,AWP,WE,Federal Contract Tower,0,0,14,0,14,0,0,113,2,115,0,0,127,2,129,50,0,50,179
08/06/2006,HHR,CA,AWP,WE,Federal Contract Tower,0,0,11,0,11,0,2,79,0,81,0,2,90,0,92,110,0,110,202
08/07/2006,HHR,CA,AWP,WE,Federal Contract Tower,0,2,24,0,26,0,0,113,3,116,0,2,137,3,142,112,0,112,254
08/08/2006,HHR,CA,AWP,WE,Federal Contract Tower,0,0,12,0,12,0,2,117,3,122,0,2,129,3,134,58,0,58,192
08/09/2006,HHR,CA,AWP,WE,Federal Contract Tower,0,0,13,0,13,0,0,103,1,104,0,0,116,1,117,76,0,76,193
08/10/2006,HHR,CA,AWP,WE,Federal Contract Tower,0,1,17,0,18,0,1,111,1,113,0,2,128,1,131,38,0,38,169
08/11/2006,HHR,CA,AWP,WE,Federal Contract Tower,0,2,25,0,27,0,1,104,0,105,0,3,129,0,132,52,0,52,184
08/12/2006,HHR,CA,AWP,WE,Federal Contract Tower,0,2,14,0,16,0,0,122,0,122,0,2,136,0,138,74,0,74,212
08/13/2006,HHR,CA,AWP,WE,Federal Contract Tower,0,2,10,0,12,0,0,101,1,102,0,2,111,1,114,92,0,92,206
08/14/2006,HHR,CA,AWP,WE,Federal Contract Tower,0,1,13,0,14,0,1,93,3,97,0,2,106,3,111,60,0,60,171
08/15/2006,HHR,CA,AWP,WE,Federal Contract Tower,0,0,16,0,16,0,0,92,1,93,0,0,108,1,109,28,0,28,137
08/16/2006,HHR,CA,AWP,WE,Federal Contract Tower,0,4,25,0,29,0,0,102,3,105,0,4,127,3,134,62,0,62,196
08/17/2006,HHR,CA,AWP,WE,Federal Contract Tower,0,1,24,0,25,0,1,90,3,94,0,2,114,3,119,58,0,58,177
08/18/2006,HHR,CA,AWP,WE,Federal Contract Tower,0,0,34,0,34,0,2,75,3,80,0,2,109,3,114,38,0,38,152
08/19/2006,HHR,CA,AWP,WE,Federal Contract Tower,0,2,14,0,16,0,1,99,5,105,0,3,113,5,121,50,0,50,171
08/20/2006,HHR,CA,AWP,WE,Federal Contract Tower,0,3,9,0,12,0,1,95,1,97,0,4,104,1,109,52,0,52,161
08/21/2006,HHR,CA,AWP,WE,Federal Contract Tower,0,0,12,0,12,0,1,110,3,114,0,1,122,3,126,39,0,39,165
08/22/2006,HHR,CA,AWP,WE,Federal Contract Tower,0,1,14,0,15,0,1,91,2,94,0,2,105,2,109,42,0,42,151
08/23/2006,HHR,CA,AWP,WE,Federal Contract Tower,0,1,13,0,14,0,1,114,1,116,0,2,127,1,130,48,0,48,178
08/24/2006,HHR,CA,AWP,WE,Federal Contract Tower,0,1,14,0,15,0,1,113,3,117,0,2,127,3,132,48,0,48,180
08/25/2006,HHR,CA,AWP,WE,Federal Contract Tower,0,1,30,0,31,0,1,101,0,102,0,2,131,0,133,22,0,22,155
08/26/2006,HHR,CA,AWP,WE,Federal Contract Tower,0,0,7,0,7,0,2,101,1,104,0,2,108,1,111,82,0,82,193
08/27/2006,HHR,CA,AWP,WE,Federal Contract Tower,0,0,7,0,7,0,2,111,0,113,0,2,118,0,120,120,0,120,240
08/28/2006,HHR,CA,AWP,WE,Federal Contract Tower,0,1,12,0,13,0,1,119,3,123,0,2,131,3,136,48,0,48,184
08/29/2006,HHR,CA,AWP,WE,Federal Contract Tower,0,0,23,2,25,0,2,64,1,67,0,2,87,3,92,42,0,42,134
08/30/2006,HHR,CA,AWP,WE,Federal Contract Tower,0,0,28,0,28,0,0,73,0,73,0,0,101,0,101,66,0,66,167
08/31/2006,HHR,CA,AWP,WE,Federal Contract Tower,0,0,28,0,28,0,2,86,0,88,0,2,114,0,116,60,0,60,176
09/01/2006,HHR,CA,AWP,WE,Federal Contract Tower,0,1,16,0,17,0,1,117,3,121,0,2,133,3,138,76,0,76,214
09/02/2006,HHR,CA,AWP,WE,Federal Contract Tower,0,0,10,0,10,0,0,117,1,118,0,0,127,1,128,42,0,42,170
09/03/2006,HHR,CA,AWP,WE,Federal Contract Tower,0,1,5,0,6,0,1,99,2,102,0,2,104,2,108,66,0,66,174
09/04/2006,HHR,CA,AWP,WE,Federal Contract Tower,0,1,8,0,9,0,0,119,0,119,0,1,127,0,128,38,0,38,166
09/05/2006,HHR,CA,AWP,WE,Federal Contract Tower,0,1,13,0,14,0,1,142,1,144,0,2,155,1,158,60,0,60,218
09/06/2006,HHR,CA,AWP,WE,Federal Contract Tower,0,0,17,0,17,0,0,93,0,93,0,0,110,0,110,58,0,58,168
09/07/2006,HHR,CA,AWP,WE,Federal Contract Tower,0,0,30,0,30,0,0,80,2,82,0,0,110,2,112,24,0,24,136
09/08/2006,HHR,CA,AWP,WE,Federal Contract Tower,0,0,18,0,18,0,0,90,1,91,0,0,108,1,109,78,0,78,187
09/09/2006,HHR,CA,AWP,WE,Federal Contract Tower,0,2,17,0,19,0,0,71,0,71,0,2,88,0,90,92,0,92,182
09/10/2006,HHR,CA,AWP,WE,Federal Contract Tower,0,1,8,0,9,0,1,128,0,129,0,2,136,0,138,168,0,168,306
09/11/2006,HHR,CA,AWP,WE,Federal Contract Tower,0,2,14,0,16,0,1,81,2,84,0,3,95,2,100,18,0,18,118
09/12/2006,HHR,CA,AWP,WE,Federal Contract Tower,0,0,17,0,17,0,2,53,2,57,0,2,70,2,74,48,0,48,122
09/13/2006,HHR,CA,AWP,WE,Federal Contract Tower,0,2,24,0,26,0,0,71,3,74,0,2,95,3,100,58,0,58,158
09/14/2006,HHR,CA,AWP,WE,Federal Contract Tower,0,2,30,0,32,0,0,53,0,53,0,2,83,0,85,78,0,78,163
09/15/2006,HHR,CA,AWP,WE,Federal Contract Tower,0,1,14,0,15,0,1,95,0,96,0,2,109,0,111,42,0,42,153
09/16/2006,HHR,CA,AWP,WE,Federal Contract Tower,0,2,12,0,14,0,0,110,5,115,0,2,122,5,129,58,0,58,187
09/17/2006,HHR,CA,AWP,WE,Federal Contract Tower,0,1,4,0,5,0,2,109,0,111,0,3,113,0,116,176,0,176,292
09/18/2006,HHR,CA,AWP,WE,Federal Contract Tower,0,0,14,0,14,0,2,85,1,88,0,2,99,1,102,32,0,32,134
09/19/2006,HHR,CA,AWP,WE,Federal Contract Tower,0,0,22,0,22,0,2,82,3,87,0,2,104,3,109,84,0,84,193
09/20/2006,HHR,CA,AWP,WE,Federal Contract Tower,0,1,22,0,23,0,1,96,1,98,0,2,118,1,121,80,0,80,201
09/21/2006,HHR,CA,AWP,WE,Federal Contract Tower,0,0,20,0,20,0,2,83,9,94,0,2,103,9,114,62,0,62,176
09/22/2006,HHR,CA,AWP,WE,Federal Contract Tower,0,0,40,0,40,0,0,88,1,89,0,0,128,1,129,40,0,40,169
09/23/2006,HHR,CA,AWP,WE,Federal Contract Tower,0,0,8,0,8,0,1,98,2,101,0,1,106,2,109,56,0,56,165
09/24/2006,HHR,CA,AWP,WE,Federal Contract Tower,0,0,11,0,11,0,2,129,2,133,0,2,140,2,144,178,0,178,322
09/25/2006,HHR,CA,AWP,WE,Federal Contract Tower,0,0,16,0,16,0,2,105,0,107,0,2,121,0,123,46,0,46,169
09/26/2006,HHR,CA,AWP,WE,Federal Contract Tower,0,0,35,0,35,0,0,60,1,61,0,0,95,1,96,46,0,46,142
09/27/2006,HHR,CA,AWP,WE,Federal Contract Tower,0,0,24,0,24,0,0,81,1,82,0,0,105,1,106,70,0,70,176
09/28/2006,HHR,CA,AWP,WE,Federal Contract Tower,0,1,28,0,29,0,2,80,4,86,0,3,108,4,115,130,0,130,245
09/29/2006,HHR,CA,AWP,WE,Federal Contract Tower,0,0,9,0,9,0,0,97,0,97,0,0,106,0,106,58,0,58,164
09/30/2006,HHR,CA,AWP,WE,Federal Contract Tower,0,1,13,0,14,0,0,71,3,74,0,1,84,3,88,58,0,58,146
10/01/2006,HHR,CA,AWP,WE,Federal Contract Tower,0,0,9,0,9,0,0,81,0,81,0,0,90,0,90,162,0,162,252
10/02/2006,HHR,CA,AWP,WE,Federal Contract Tower,0,1,9,0,10,0,1,107,2,110,0,2,116,2,120,16,0,16,136
10/03/2006,HHR,CA,AWP,WE,Federal Contract Tower,0,0,12,0,12,0,1,98,0,99,0,1,110,0,111,22,0,22,133
10/04/2006,HHR,CA,AWP,WE,Federal Contract Tower,0,0,14,0,14,0,4,135,0,139,0,4,149,0,153,94,0,94,247
10/05/2006,HHR,CA,AWP,WE,Federal Contract Tower,0,0,16,0,16,0,0,100,1,101,0,0,116,1,117,66,0,66,183
10/06/2006,HHR,CA,AWP,WE,Federal Contract Tower,0,0,14,0,14,0,0,87,3,90,0,0,101,3,104,94,0,94,198
10/07/2006,HHR,CA,AWP,WE,Federal Contract Tower,0,0,3,0,3,0,2,118,0,120,0,2,121,0,123,84,0,84,207
10/08/2006,HHR,CA,AWP,WE,Federal Contract Tower,0,1,13,0,14,0,1,84,0,85,0,2,97,0,99,132,0,132,231
10/09/2006,HHR,CA,AWP,WE,Federal Contract Tower,0,2,20,0,22,0,0,87,0,87,0,2,107,0,109,162,0,162,271
10/10/2006,HHR,CA,AWP,WE,Federal Contract Tower,0,0,26,0,26,0,1,82,2,85,0,1,108,2,111,84,0,84,195
10/11/2006,HHR,CA,AWP,WE,Federal Contract Tower,0,0,19,0,19,0,2,94,2,98,0,2,113,2,117,96,0,96,213
10/12/2006,HHR,CA,AWP,WE,Federal Contract Tower,0,0,20,0,20,0,0,117,2,119,0,0,137,2,139,80,0,80,219
10/13/2006,HHR,CA,AWP,WE,Federal Contract Tower,0,2,32,0,34,0,0,64,1,65,0,2,96,1,99,86,0,86,185
10/14/2006,HHR,CA,AWP,WE,Federal Contract Tower,0,0,19,0,19,0,0,60,0,60,0,0,79,0,79,102,0,102,181
10/15/2006,HHR,CA,AWP,WE,Federal Contract Tower,0,4,18,0,22,0,0,103,2,105,0,4,121,2,127,138,0,138,265
10/16/2006,HHR,CA,AWP,WE,Federal Contract Tower,0,0,34,0,34,0,0,61,1,62,0,0,95,1,96,72,0,72,168
10/17/2006,HHR,CA,AWP,WE,Federal Contract Tower,0,0,25,0,25,0,0,111,1,112,0,0,136,1,137,104,0,104,241
10/18/2006,HHR,CA,AWP,WE,Federal Contract Tower,0,1,9,0,10,0,1,90,3,94,0,2,99,3,104,62,0,62,166
10/19/2006,HHR,CA,AWP,WE,Federal Contract Tower,0,0,21,0,21,0,3,87,0,90,0,3,108,0,111,152,0,152,263
10/20/2006,HHR,CA,AWP,WE,Federal Contract Tower,0,0,6,0,6,0,0,116,2,118,0,0,122,2,124,54,0,54,178
10/21/2006,HHR,CA,AWP,WE,Federal Contract Tower,0,0,9,0,9,0,0,84,1,85,0,0,93,1,94,68,0,68,162
10/22/2006,HHR,CA,AWP,WE,Federal Contract Tower,0,0,6,0,6,0,2,87,0,89,0,2,93,0,95,66,0,66,161
10/23/2006,HHR,CA,AWP,WE,Federal Contract Tower,0,1,10,0,11,0,2,106,1,109,0,3,116,1,120,60,0,60,180
10/24/2006,HHR,CA,AWP,WE,Federal Contract Tower,0,0,24,0,24,0,0,65,4,69,0,0,89,4,93,38,0,38,131
10/25/2006,HHR,CA,AWP,WE,Federal Contract Tower,0,0,54,0,54,0,5,12,5,22,0,5,66,5,76,0,0,0,76
10/26/2006,HHR,CA,AWP,WE,Federal Contract Tower,0,0,17,0,17,0,0,102,0,102,0,0,119,0,119,92,0,92,211
10/27/2006,HHR,CA,AWP,WE,Federal Contract Tower,0,0,8,0,8,0,0,125,1,126,0,0,133,1,134,52,0,52,186
10/28/2006,HHR,CA,AWP,WE,Federal Contract Tower,0,2,9,0,11,0,2,90,0,92,0,4,99,0,103,74,0,74,177
10/29/2006,HHR,CA,AWP,WE,Federal Contract Tower,0,0,11,0,11,0,0,122,0,122,0,0,133,0,133,136,0,136,269
10/30/2006,HHR,CA,AWP,WE,Federal Contract Tower,0,2,22,0,24,0,1,71,1,73,0,3,93,1,97,80,0,80,177
10/31/2006,HHR,CA,AWP,WE,Federal Contract Tower,0,1,29,0,30,0,1,108,4,113,0,2,137,4,143,68,0,68,211
11/01/2006,HHR,CA,AWP,WE,Federal Contract Tower,0,0,17,0,17,0,0,129,2,131,0,0,146,2,148,132,0,132,280
11/02/2006,HHR,CA,AWP,WE,Federal Contract Tower,0,0,25,0,25,0,4,91,2,97,0,4,116,2,122,66,0,66,188
11/03/2006,HHR,CA,AWP,WE,Federal Contract Tower,0,0,42,0,42,0,3,34,1,38,0,3,76,1,80,28,0,28,108
11/04/2006,HHR,CA,AWP,WE,Federal Contract Tower,0,0,6,0,6,0,2,124,1,127,0,2,130,1,133,116,0,116,249
11/05/2006,HHR,CA,AWP,WE,Federal Contract Tower,0,0,8,0,8,0,0,97,0,97,0,0,105,0,105,186,0,186,291
11/06/2006,HHR,CA,AWP,WE,Federal Contract Tower,0,1,13,0,14,0,3,133,0,136,0,4,146,0,150,30,0,30,180
11/07/2006,HHR,CA,AWP,WE,Federal Contract Tower,0,0,8,0,8,0,0,155,2,157,0,0,163,2,165,22,0,22,187
11/08/2006,HHR,CA,AWP,WE,Federal Contract Tower,0,2,9,0,11,0,0,161,0,161,0,2,170,0,172,98,0,98,270
11/09/2006,HHR,CA,AWP,WE,Federal Contract Tower,0,0,17,0,17,0,2,95,2,99,0,2,112,2,116,44,0,44,160
11/10/2006,HHR,CA,AWP,WE,Federal Contract Tower,0,0,7,0,7,0,2,125,0,127,0,2,132,0,134,48,0,48,182
11/11/2006,HHR,CA,AWP,WE,Federal Contract Tower,0,1,20,0,21,0,1,73,2,76,0,2,93,2,97,48,0,48,145
11/12/2006,HHR,CA,AWP,WE,Federal Contract Tower,0,1,11,0,12,0,0,94,0,94,0,1,105,0,106,158,0,158,264
11/13/2006,HHR,CA,AWP,WE,Federal Contract Tower,0,0,6,0,6,0,0,94,2,96,0,0,100,2,102,62,0,62,164
11/14/2006,HHR,CA,AWP,WE,Federal Contract Tower,0,1,19,0,20,0,0,105,1,106,0,1,124,1,126,96,0,96,222
11/15/2006,HHR,CA,AWP,WE,Federal Contract Tower,0,2,16,0,18,0,0,175,0,175,0,2,191,0,193,72,0,72,265
11/16/2006,HHR,CA,AWP,WE,Federal Contract Tower,0,0,13,0,13,0,1,112,2,115,0,1,125,2,128,28,0,28,156
11/17/2006,HHR,CA,AWP,WE,Federal Contract Tower,0,0,7,0,7,0,0,149,2,151,0,0,156,2,158,50,0,50,208
11/18/2006,HHR,CA,AWP,WE,Federal Contract Tower,0,1,11,0,12,0,1,87,0,88,0,2,98,0,100,76,0,76,176
11/19/2006,HHR,CA,AWP,WE,Federal Contract Tower,0,0,11,0,11,0,0,129,0,129,0,0,140,0,140,194,0,194,334
11/20/2006,HHR,CA,AWP,WE,Federal Contract Tower,0,0,10,0,10,0,0,115,2,117,0,0,125,2,127,100,0,100,227
11/21/2006,HHR,CA,AWP,WE,Federal Contract Tower,0,2,16,0,18,0,0,82,2,84,0,2,98,2,102,84,0,84,186
11/22/2006,HHR,CA,AWP,WE,Federal Contract Tower,0,1,34,0,35,0,0,108,1,109,0,1,142,1,144,50,0,50,194
11/23/2006,HHR,CA,AWP,WE,Federal Contract Tower,0,1,11,0,12,0,1,26,0,27,0,2,37,0,39,54,0,54,93
11/24/2006,HHR,CA,AWP,WE,Federal Contract Tower,0,1,26,0,27,0,0,25,0,25,0,1,51,0,52,40,0,40,92
11/25/2006,HHR,CA,AWP,WE,Federal Contract Tower,0,3,12,0,15,0,2,77,2,81,0,5,89,2,96,60,0,60,156
11/26/2006,HHR,CA,AWP,WE,Federal Contract Tower,0,2,16,0,18,0,0,88,0,88,0,2,104,0,106,108,0,108,214
11/27/2006,HHR,CA,AWP,WE,Federal Contract Tower,0,5,18,0,23,0,2,68,0,70,0,7,86,0,93,4,0,4,97
11/28/2006,HHR,CA,AWP,WE,Federal Contract Tower,0,3,17,0,20,0,0,123,0,123,0,3,140,0,143,48,0,48,191
11/29/2006,HHR,CA,AWP,WE,Federal Contract Tower,0,2,10,0,12,0,0,126,1,127,0,2,136,1,139,50,0,50,189
11/30/2006,HHR,CA,AWP,WE,Federal Contract Tower,0,1,10,0,11,0,0,97,1,98,0,1,107,1,109,94,0,94,203
12/01/2006,HHR,CA,AWP,WE,Federal Contract Tower,0,0,8,0,8,0,0,116,1,117,0,0,124,1,125,82,0,82,207
12/02/2006,HHR,CA,AWP,WE,Federal Contract Tower,0,1,7,0,8,0,1,124,1,126,0,2,131,1,134,162,0,162,296
12/03/2006,HHR,CA,AWP,WE,Federal Contract Tower,0,0,10,0,10,0,2,104,1,107,0,2,114,1,117,110,0,110,227
12/04/2006,HHR,CA,AWP,WE,Federal Contract Tower,0,0,5,0,5,0,0,93,0,93,0,0,98,0,98,44,0,44,142
12/05/2006,HHR,CA,AWP,WE,Federal Contract Tower,0,0,13,0,13,0,0,120,3,123,0,0,133,3,136,34,0,34,170
12/06/2006,HHR,CA,AWP,WE,Federal Contract Tower,0,0,14,0,14,0,0,113,0,113,0,0,127,0,127,52,0,52,179
12/07/2006,HHR,CA,AWP,WE,Federal Contract Tower,0,4,3,0,7,4,117,0,0,121,4,121,3,0,128,56,0,56,184
12/08/2006,HHR,CA,AWP,WE,Federal Contract Tower,0,0,20,0,20,0,0,97,5,102,0,0,117,5,122,18,0,18,140
12/09/2006,HHR,CA,AWP,WE,Federal Contract Tower,0,2,23,0,25,0,0,60,1,61,0,2,83,1,86,116,0,116,202
12/10/2006,HHR,CA,AWP,WE,Federal Contract Tower,0,0,9,0,9,0,0,89,0,89,0,0,98,0,98,158,0,158,256
12/11/2006,HHR,CA,AWP,WE,Federal Contract Tower,0,0,10,0,10,0,0,78,1,79,0,0,88,1,89,50,0,50,139
12/12/2006,HHR,CA,AWP,WE,Federal Contract Tower,0,0,12,0,12,0,0,122,4,126,0,0,134,4,138,58,0,58,196
12/13/2006,HHR,CA,AWP,WE,Federal Contract Tower,0,0,17,0,17,0,0,139,1,140,0,0,156,1,157,62,0,62,219
12/14/2006,HHR,CA,AWP,WE,Federal Contract Tower,0,0,12,0,12,0,0,122,1,123,0,0,134,1,135,104,0,104,239
12/15/2006,HHR,CA,AWP,WE,Federal Contract Tower,0,0,14,0,14,0,0,27,0,27,0,0,41,0,41,18,0,18,59
12/16/2006,HHR,CA,AWP,WE,Federal Contract Tower,0,2,7,0,9,0,1,35,0,36,0,3,42,0,45,56,0,56,101
12/17/2006,HHR,CA,AWP,WE,Federal Contract Tower,0,0,16,0,16,0,0,70,0,70,0,0,86,0,86,96,0,96,182
12/18/2006,HHR,CA,AWP,WE,Federal Contract Tower,0,0,4,0,4,0,0,110,1,111,0,0,114,1,115,76,0,76,191
12/19/2006,HHR,CA,AWP,WE,Federal Contract Tower,0,2,11,0,13,0,0,114,0,114,0,2,125,0,127,52,0,52,179
12/20/2006,HHR,CA,AWP,WE,Federal Contract Tower,0,0,0,0,0,0,0,127,0,127,0,0,127,0,127,64,0,64,191
12/21/2006,HHR,CA,AWP,WE,Federal Contract Tower,0,0,17,0,17,0,0,112,1,113,0,0,129,1,130,44,0,44,174
12/22/2006,HHR,CA,AWP,WE,Federal Contract Tower,0,1,9,0,10,0,0,88,0,88,0,1,97,0,98,19,0,19,117
12/23/2006,HHR,CA,AWP,WE,Federal Contract Tower,0,1,12,0,13,0,0,86,0,86,0,1,98,0,99,85,0,85,184
12/24/2006,HHR,CA,AWP,WE,Federal Contract Tower,0,0,2,0,2,0,0,58,1,59,0,0,60,1,61,76,0,76,137
12/25/2006,HHR,CA,AWP,WE,Federal Contract Tower,0,0,6,0,6,0,2,44,0,46,0,2,50,0,52,0,0,0,52
12/26/2006,HHR,CA,AWP,WE,Federal Contract Tower,0,2,9,0,11,0,0,113,2,115,0,2,122,2,126,56,0,56,182
12/27/2006,HHR,CA,AWP,WE,Federal Contract Tower,0,2,7,0,9,0,1,25,3,29,0,3,32,3,38,2,0,2,40
12/28/2006,HHR,CA,AWP,WE,Federal Contract Tower,0,1,14,0,15,0,0,64,1,65,0,1,78,1,80,58,0,58,138
12/29/2006,HHR,CA,AWP,WE,Federal Contract Tower,0,0,3,0,3,0,0,123,3,126,0,0,126,3,129,66,0,66,195
12/30/2006,HHR,CA,AWP,WE,Federal Contract Tower,0,0,8,0,8,0,2,103,2,107,0,2,111,2,115,108,0,108,223
12/31/2006,HHR,CA,AWP,WE,Federal Contract Tower,0,0,7,0,7,0,2,90,1,93,0,2,97,1,100,90,0,90,190
01/01/2007,HHR,CA,AWP,WE,Federal Contract Tower,0,0,8,0,8,0,3,67,0,70,0,3,75,0,78,86,0,86,164
01/02/2007,HHR,CA,AWP,WE,Federal Contract Tower,0,3,12,0,15,0,0,64,0,64,0,3,76,0,79,45,0,45,124
01/03/2007,HHR,CA,AWP,WE,Federal Contract Tower,0,0,13,0,13,0,1,118,0,119,0,1,131,0,132,92,0,92,224
01/04/2007,HHR,CA,AWP,WE,Federal Contract Tower,0,1,27,0,28,0,0,55,0,55,0,1,82,0,83,134,0,134,217
01/05/2007,HHR,CA,AWP,WE,Federal Contract Tower,0,0,2,0,2,0,0,52,1,53,0,0,54,1,55,0,0,0,55
01/06/2007,HHR,CA,AWP,WE,Federal Contract Tower,0,2,15,0,17,0,0,105,0,105,0,2,120,0,122,130,0,130,252
01/07/2007,HHR,CA,AWP,WE,Federal Contract Tower,0,1,8,0,9,0,0,110,0,110,0,1,118,0,119,222,0,222,341
01/08/2007,HHR,CA,AWP,WE,Federal Contract Tower,0,0,12,0,12,0,0,84,2,86,0,0,96,2,98,30,0,30,128
01/09/2007,HHR,CA,AWP,WE,Federal Contract Tower,0,0,17,0,17,0,0,122,4,126,0,0,139,4,143,54,0,54,197
01/10/2007,HHR,CA,AWP,WE,Federal Contract Tower,0,0,20,0,20,0,0,94,4,98,0,0,114,4,118,70,0,70,188
01/11/2007,HHR,CA,AWP,WE,Federal Contract Tower,0,3,31,2,36,0,0,81,2,83,0,3,112,4,119,42,0,42,161
01/12/2007,HHR,CA,AWP,WE,Federal Contract Tower,0,0,18,0,18,0,0,133,1,134,0,0,151,1,152,52,0,52,204
01/13/2007,HHR,CA,AWP,WE,Federal Contract Tower,0,0,8,0,8,0,0,81,1,82,0,0,89,1,90,96,0,96,186
01/14/2007,HHR,CA,AWP,WE,Federal Contract Tower,0,0,10,0,10,0,2,94,0,96,0,2,104,0,106,142,0,142,248
01/15/2007,HHR,CA,AWP,WE,Federal Contract Tower,0,0,8,0,8,0,0,109,4,113,0,0,117,4,121,66,0,66,187
01/16/2007,HHR,CA,AWP,WE,Federal Contract Tower,0,0,6,0,6,0,0,97,2,99,0,0,103,2,105,42,0,42,147
01/17/2007,HHR,CA,AWP,WE,Federal Contract Tower,0,0,21,0,21,0,0,98,3,101,0,0,119,3,122,30,0,30,152
01/18/2007,HHR,CA,AWP,WE,Federal Contract Tower,0,3,11,0,14,0,0,135,2,137,0,3,146,2,151,72,0,72,223
01/19/2007,HHR,CA,AWP,WE,Federal Contract Tower,0,0,9,2,11,0,3,118,2,123,0,3,127,4,134,58,0,58,192
01/20/2007,HHR,CA,AWP,WE,Federal Contract Tower,0,0,18,0,18,0,0,94,0,94,0,0,112,0,112,64,0,64,176
01/21/2007,HHR,CA,AWP,WE,Federal Contract Tower,0,0,8,0,8,0,0,73,1,74,0,0,81,1,82,128,0,128,210
01/22/2007,HHR,CA,AWP,WE,Federal Contract Tower,0,0,14,0,14,0,1,125,2,128,0,1,139,2,142,66,0,66,208
01/23/2007,HHR,CA,AWP,WE,Federal Contract Tower,0,0,14,0,14,0,2,121,0,123,0,2,135,0,137,22,0,22,159
01/24/2007,HHR,CA,AWP,WE,Federal Contract Tower,0,0,24,0,24,0,0,141,2,143,0,0,165,2,167,78,0,78,245
01/25/2007,HHR,CA,AWP,WE,Federal Contract Tower,0,2,10,0,12,0,0,117,1,118,0,2,127,1,130,48,0,48,178
01/26/2007,HHR,CA,AWP,WE,Federal Contract Tower,0,2,13,0,15,0,0,104,1,105,0,2,117,1,120,76,0,76,196
01/27/2007,HHR,CA,AWP,WE,Federal Contract Tower,0,0,11,0,11,0,0,75,0,75,0,0,86,0,86,46,0,46,132
01/28/2007,HHR,CA,AWP,WE,Federal Contract Tower,0,0,8,0,8,0,0,93,0,93,0,0,101,0,101,180,0,180,281
01/29/2007,HHR,CA,AWP,WE,Federal Contract Tower,0,0,13,0,13,0,0,95,0,95,0,0,108,0,108,74,0,74,182
01/30/2007,HHR,CA,AWP,WE,Federal Contract Tower,0,0,22,0,22,0,0,53,1,54,0,0,75,1,76,16,0,16,92
01/31/2007,HHR,CA,AWP,WE,Federal Contract Tower,0,0,26,0,26,0,0,108,2,110,0,0,134,2,136,54,0,54,190
02/01/2007,HHR,CA,AWP,WE,Federal Contract Tower,0,3,21,0,24,0,0,73,2,75,0,3,94,2,99,38,0,38,137
02/02/2007,HHR,CA,AWP,WE,Federal Contract Tower,0,3,14,0,17,0,0,109,3,112,0,3,123,3,129,84,0,84,213
02/03/2007,HHR,CA,AWP,WE,Federal Contract Tower,0,1,16,0,17,0,1,123,2,126,0,2,139,2,143,60,0,60,203
02/04/2007,HHR,CA,AWP,WE,Federal Contract Tower,0,0,9,0,9,0,0,74,0,74,0,0,83,0,83,82,0,82,165
02/05/2007,HHR,CA,AWP,WE,Federal Contract Tower,0,0,14,0,14,0,0,89,3,92,0,0,103,3,106,18,0,18,124
02/06/2007,HHR,CA,AWP,WE,Federal Contract Tower,0,0,15,0,15,0,2,105,2,109,0,2,120,2,124,54,0,54,178
02/07/2007,HHR,CA,AWP,WE,Federal Contract Tower,0,0,21,1,22,0,0,63,1,64,0,0,84,2,86,30,0,30,116
02/08/2007,HHR,CA,AWP,WE,Federal Contract Tower,0,1,26,0,27,0,1,70,2,73,0,2,96,2,100,68,0,68,168
02/09/2007,HHR,CA,AWP,WE,Federal Contract Tower,0,0,27,0,27,0,0,79,4,83,0,0,106,4,110,80,0,80,190
02/10/2007,HHR,CA,AWP,WE,Federal Contract Tower,0,2,12,0,14,0,0,62,3,65,0,2,74,3,79,78,0,78,157
02/11/2007,HHR,CA,AWP,WE,Federal Contract Tower,0,0,16,0,16,0,0,54,0,54,0,0,70,0,70,68,0,68,138
02/12/2007,HHR,CA,AWP,WE,Federal Contract Tower,0,3,17,0,20,0,0,90,1,91,0,3,107,1,111,92,0,92,203
02/13/2007,HHR,CA,AWP,WE,Federal Contract Tower,0,1,14,0,15,0,0,79,0,79,0,1,93,0,94,52,0,52,146
02/14/2007,HHR,CA,AWP,WE,Federal Contract Tower,0,2,14,0,16,0,1,155,1,157,0,3,169,1,173,109,0,109,282
02/15/2007,HHR,CA,AWP,WE,Federal Contract Tower,0,0,9,0,9,0,2,108,2,112,0,2,117,2,121,82,0,82,203
02/16/2007,HHR,CA,AWP,WE,Federal Contract Tower,0,0,4,0,4,0,2,129,0,131,0,2,133,0,135,56,0,56,191
02/17/2007,HHR,CA,AWP,WE,Federal Contract Tower,0,0,10,0,10,0,2,139,0,141,0,2,149,0,151,52,0,52,203
02/18/2007,HHR,CA,AWP,WE,Federal Contract Tower,0,2,10,0,12,0,1,100,0,101,0,3,110,0,113,116,0,116,229
02/19/2007,HHR,CA,AWP,WE,Federal Contract Tower,0,0,24,0,24,0,0,64,0,64,0,0,88,0,88,46,0,46,134
02/20/2007,HHR,CA,AWP,WE,Federal Contract Tower,0,1,3,0,4,0,0,50,4,54,0,1,53,4,58,0,0,0,58
02/21/2007,HHR,CA,AWP,WE,Federal Contract Tower,0,0,5,0,5,0,0,42,1,43,0,0,47,1,48,6,0,6,54
02/22/2007,HHR,CA,AWP,WE,Federal Contract Tower,0,0,34,0,34,0,0,30,2,32,0,0,64,2,66,0,0,0,66
02/23/2007,HHR,CA,AWP,WE,Federal Contract Tower,0,1,11,0,12,0,0,82,0,82,0,1,93,0,94,70,0,70,164
02/24/2007,HHR,CA,AWP,WE,Federal Contract Tower,0,1,7,0,8,0,2,144,2,148,0,3,151,2,156,162,0,162,318
02/25/2007,HHR,CA,AWP,WE,Federal Contract Tower,0,2,13,0,15,0,1,60,1,62,0,3,73,1,77,102,0,102,179
02/26/2007,HHR,CA,AWP,WE,Federal Contract Tower,0,2,20,0,22,0,0,83,1,84,0,2,103,1,106,82,0,82,188
02/27/2007,HHR,CA,AWP,WE,Federal Contract Tower,0,2,19,0,21,0,0,57,0,57,0,2,76,0,78,38,0,38,116
02/28/2007,HHR,CA,AWP,WE,Federal Contract Tower,0,0,19,0,19,0,2,117,0,119,0,2,136,0,138,154,0,154,292
03/01/2007,HHR,CA,AWP,WE,Federal Contract Tower,0,0,15,0,15,0,0,118,4,122,0,0,133,4,137,70,0,70,207
03/02/2007,HHR,CA,AWP,WE,Federal Contract Tower,0,1,9,0,10,0,1,124,2,127,0,2,133,2,137,80,0,80,217
03/03/2007,HHR,CA,AWP,WE,Federal Contract Tower,0,0,8,0,8,0,2,102,0,104,0,2,110,0,112,60,0,60,172
03/04/2007,HHR,CA,AWP,WE,Federal Contract Tower,0,0,9,0,9,0,0,98,5,103,0,0,107,5,112,90,0,90,202
03/05/2007,HHR,CA,AWP,WE,Federal Contract Tower,0,0,17,0,17,0,3,119,4,126,0,3,136,4,143,82,0,82,225
03/06/2007,HHR,CA,AWP,WE,Federal Contract Tower,0,1,14,0,15,0,1,100,0,101,0,2,114,0,116,82,0,82,198
03/07/2007,HHR,CA,AWP,WE,Federal Contract Tower,0,1,14,1,16,0,0,104,1,105,0,1,118,2,121,116,0,116,237
03/08/2007,HHR,CA,AWP,WE,Federal Contract Tower,0,0,10,0,10,0,2,98,1,101,0,2,108,1,111,100,0,100,211
03/09/2007,HHR,CA,AWP,WE,Federal Contract Tower,0,0,11,0,11,0,0,85,3,88,0,0,96,3,99,70,0,70,169
03/10/2007,HHR,CA,AWP,WE,Federal Contract Tower,0,0,18,0,18,0,2,85,0,87,0,2,103,0,105,76,0,76,181
03/11/2007,HHR,CA,AWP,WE,Federal Contract Tower,0,2,5,0,7,0,1,82,3,86,0,3,87,3,93,78,0,78,171
03/12/2007,HHR,CA,AWP,WE,Federal Contract Tower,0,0,13,0,13,0,2,98,1,101,0,2,111,1,114,54,0,54,168
03/13/2007,HHR,CA,AWP,WE,Federal Contract Tower,0,2,7,2,11,0,0,124,1,125,0,2,131,3,136,78,0,78,214
03/14/2007,HHR,CA,AWP,WE,Federal Contract Tower,0,1,24,2,27,0,1,96,1,98,0,2,120,3,125,94,0,94,219
03/15/2007,HHR,CA,AWP,WE,Federal Contract Tower,0,3,33,0,36,0,0,30,0,30,0,3,63,0,66,0,0,0,66
03/16/2007,HHR,CA,AWP,WE,Federal Contract Tower,0,3,24,0,27,0,0,22,0,22,0,3,46,0,49,12,0,12,61
03/17/2007,HHR,CA,AWP,WE,Federal Contract Tower,0,2,0,0,2,0,0,43,0,43,0,2,43,0,45,12,0,12,57
03/18/2007,HHR,CA,AWP,WE,Federal Contract Tower,0,3,21,0,24,0,0,31,0,31,0,3,52,0,55,128,0,128,183
03/19/2007,HHR,CA,AWP,WE,Federal Contract Tower,0,4,24,0,28,0,1,188,1,190,0,5,212,1,218,40,0,40,258
03/20/2007,HHR,CA,AWP,WE,Federal Contract Tower,0,2,29,0,31,0,0,37,1,38,0,2,66,1,69,0,0,0,69
03/21/2007,HHR,CA,AWP,WE,Federal Contract Tower,0,0,22,0,22,0,0,97,6,103,0,0,119,6,125,80,0,80,205
03/22/2007,HHR,CA,AWP,WE,Federal Contract Tower,0,2,12,0,14,0,0,104,0,104,0,2,116,0,118,68,0,68,186
03/23/2007,HHR,CA,AWP,WE,Federal Contract Tower,0,0,13,0,13,0,0,116,0,116,0,0,129,0,129,68,0,68,197
03/24/2007,HHR,CA,AWP,WE,Federal Contract Tower,0,2,19,0,21,0,0,67,0,67,0,2,86,0,88,84,0,84,172
03/25/2007,HHR,CA,AWP,WE,Federal Contract Tower,0,6,22,0,28,0,0,80,0,80,0,6,102,0,108,104,0,104,212
03/26/2007,HHR,CA,AWP,WE,Federal Contract Tower,0,0,24,0,24,0,0,31,0,31,0,0,55,0,55,28,0,28,83
03/27/2007,HHR,CA,AWP,WE,Federal Contract Tower,0,2,12,0,14,0,0,53,0,53,0,2,65,0,67,8,0,8,75
03/28/2007,HHR,CA,AWP,WE,Federal Contract Tower,0,1,6,0,7,0,1,111,1,113,0,2,117,1,120,36,0,36,156
03/29/2007,HHR,CA,AWP,WE,Federal Contract Tower,0,1,4,0,5,0,1,99,7,107,0,2,103,7,112,94,0,94,206
03/30/2007,HHR,CA,AWP,WE,Federal Contract Tower,0,0,11,0,11,0,3,108,10,121,0,3,119,10,132,48,0,48,180
03/31/2007,HHR,CA,AWP,WE,Federal Contract Tower,0,0,3,0,3,0,0,104,6,110,0,0,107,6,113,72,0,72,185
04/01/2007,HHR,CA,AWP,WE,Federal Contract Tower,0,1,16,2,19,0,1,85,2,88,0,2,101,4,107,114,0,114,221
04/02/2007,HHR,CA,AWP,WE,Federal Contract Tower,0,1,19,0,20,0,1,77,1,79,0,2,96,1,99,54,0,54,153
04/03/2007,HHR,CA,AWP,WE,Federal Contract Tower,0,0,16,0,16,0,1,86,0,87,0,1,102,0,103,74,0,74,177
04/04/2007,HHR,CA,AWP,WE,Federal Contract Tower,0,0,28,0,28,0,0,39,1,40,0,0,67,1,68,8,0,8,76
04/05/2007,HHR,CA,AWP,WE,Federal Contract Tower,0,0,40,0,40,0,0,17,0,17,0,0,57,0,57,64,0,64,121
04/06/2007,HHR,CA,AWP,WE,Federal Contract Tower,0,0,34,0,34,0,0,42,0,42,0,0,76,0,76,136,0,136,212
04/07/2007,HHR,CA,AWP,WE,Federal Contract Tower,0,0,32,0,32,0,3,25,1,29,0,3,57,1,61,68,0,68,129
04/08/2007,HHR,CA,AWP,WE,Federal Contract Tower,0,2,17,0,19,0,0,28,0,28,0,2,45,0,47,38,0,38,85
04/09/2007,HHR,CA,AWP,WE,Federal Contract Tower,0,0,16,0,16,0,0,70,1,71,0,0,86,1,87,24,0,24,111
04/10/2007,HHR,CA,AWP,WE,Federal Contract Tower,0,0,11,2,13,0,0,95,0,95,0,0,106,2,108,46,0,46,154
04/11/2007,HHR,CA,AWP,WE,Federal Contract Tower,0,0,22,0,22,0,0,93,1,94,0,0,115,1,116,108,0,108,224
04/12/2007,HHR,CA,AWP,WE,Federal Contract Tower,0,1,8,0,9,0,0,61,2,63,0,1,69,2,72,6,0,6,78
04/13/2007,HHR,CA,AWP,WE,Federal Contract Tower,0,0,11,0,11,0,0,105,0,105,0,0,116,0,116,54,0,54,170
04/14/2007,HHR,CA,AWP,WE,Federal Contract Tower,0,0,14,2,16,0,2,100,0,102,0,2,114,2,118,86,0,86,204
04/15/2007,HHR,CA,AWP,WE,Federal Contract Tower,0,1,3,2,6,0,0,73,2,75,0,1,76,4,81,48,0,48,129
04/16/2007,HHR,CA,AWP,WE,Federal Contract Tower,0,0,10,0,10,0,0,58,0,58,0,0,68,0,68,20,0,20,88
04/17/2007,HHR,CA,AWP,WE,Federal Contract Tower,0,0,27,0,27,0,0,77,0,77,0,0,104,0,104,60,0,60,164
04/18/2007,HHR,CA,AWP,WE,Federal Contract Tower,0,0,8,0,8,0,0,83,1,84,0,0,91,1,92,6,0,6,98
04/19/2007,HHR,CA,AWP,WE,Federal Contract Tower,0,0,6,0,6,0,4,115,7,126,0,4,121,7,132,48,0,48,180
04/20/2007,HHR,CA,AWP,WE,Federal Contract Tower,0,3,13,0,16,0,0,51,2,53,0,3,64,2,69,0,0,0,69
04/21/2007,HHR,CA,AWP,WE,Federal Contract Tower,0,3,6,0,9,0,1,103,0,104,0,4,109,0,113,128,0,128,241
04/22/2007,HHR,CA,AWP,WE,Federal Contract Tower,0,2,8,0,10,0,0,56,0,56,0,2,64,0,66,120,0,120,186
04/23/2007,HHR,CA,AWP,WE,Federal Contract Tower,0,1,10,0,11,0,0,94,6,100,0,1,104,6,111,84,0,84,195
04/24/2007,HHR,CA,AWP,WE,Federal Contract Tower,0,1,11,0,12,0,2,121,2,125,0,3,132,2,137,80,0,80,217
04/25/2007,HHR,CA,AWP,WE,Federal Contract Tower,0,1,13,0,14,0,0,145,2,147,0,1,158,2,161,92,0,92,253
04/26/2007,HHR,CA,AWP,WE,Federal Contract Tower,0,3,21,0,24,0,0,104,2,106,0,3,125,2,130,42,0,42,172
04/27/2007,HHR,CA,AWP,WE,Federal Contract Tower,0,0,6,0,6,0,4,119,0,123,0,4,125,0,129,124,0,124,253
04/28/2007,HHR,CA,AWP,WE,Federal Contract Tower,0,1,33,0,34,0,1,63,0,64,0,2,96,0,98,38,0,38,136
04/29/2007,HHR,CA,AWP,WE,Federal Contract Tower,0,1,32,0,33,0,0,66,0,66,0,1,98,0,99,110,0,110,209
04/30/2007,HHR,CA,AWP,WE,Federal Contract Tower,0,2,31,0,33,0,1,49,2,52,0,3,80,2,85,82,0,82,167
05/01/2007,HHR,CA,AWP,WE,Federal Contract Tower,0,2,44,0,46,0,0,71,1,72,0,2,115,1,118,70,0,70,188
05/02/2007,HHR,CA,AWP,WE,Federal Contract Tower,0,2,19,0,21,0,1,106,1,108,0,3,125,1,129,90,0,90,219
05/03/2007,HHR,CA,AWP,WE,Federal Contract Tower,0,2,5,0,7,0,0,119,10,129,0,2,124,10,136,138,0,138,274
05/04/2007,HHR,CA,AWP,WE,Federal Contract Tower,0,2,15,0,17,0,1,86,2,89,0,3,101,2,106,116,0,116,222
05/05/2007,HHR,CA,AWP,WE,Federal Contract Tower,0,3,6,4,13,0,0,89,4,93,0,3,95,8,106,50,0,50,156
05/06/2007,HHR,CA,AWP,WE,Federal Contract Tower,0,1,7,2,10,0,1,100,2,103,0,2,107,4,113,42,0,42,155
05/07/2007,HHR,CA,AWP,WE,Federal Contract Tower,0,0,12,0,12,0,2,108,1,111,0,2,120,1,123,108,0,108,231
05/08/2007,HHR,CA,AWP,WE,Federal Contract Tower,0,0,8,0,8,0,1,139,0,140,0,1,147,0,148,92,0,92,240
05/09/2007,HHR,CA,AWP,WE,Federal Contract Tower,0,2,17,0,19,0,0,106,0,106,0,2,123,0,125,128,0,128,253
05/10/2007,HHR,CA,AWP,WE,Federal Contract Tower,0,0,15,0,15,0,0,107,2,109,0,0,122,2,124,108,0,108,232
05/11/2007,HHR,CA,AWP,WE,Federal Contract Tower,0,6,19,0,25,0,0,139,1,140,0,6,158,1,165,54,0,54,219
05/12/2007,HHR,CA,AWP,WE,Federal Contract Tower,0,2,23,0,25,0,0,90,1,91,0,2,113,1,116,92,0,92,208
05/13/2007,HHR,CA,AWP,WE,Federal Contract Tower,0,1,7,0,8,0,0,96,3,99,0,1,103,3,107,144,0,144,251
05/14/2007,HHR,CA,AWP,WE,Federal Contract Tower,0,1,19,0,20,0,0,76,2,78,0,1,95,2,98,66,0,66,164
05/15/2007,HHR,CA,AWP,WE,Federal Contract Tower,0,0,35,0,35,0,2,51,0,53,0,2,86,0,88,84,0,84,172
05/16/2007,HHR,CA,AWP,WE,Federal Contract Tower,0,4,31,0,35,0,0,79,0,79,0,4,110,0,114,68,0,68,182
05/17/2007,HHR,CA,AWP,WE,Federal Contract Tower,0,4,35,0,39,0,0,51,0,51,0,4,86,0,90,74,0,74,164
05/18/2007,HHR,CA,AWP,WE,Federal Contract Tower,0,0,28,0,28,0,0,64,1,65,0,0,92,1,93,64,0,64,157
05/19/2007,HHR,CA,AWP,WE,Federal Contract Tower,0,0,14,0,14,0,0,87,0,87,0,0,101,0,101,100,0,100,201
05/20/2007,HHR,CA,AWP,WE,Federal Contract Tower,0,0,11,0,11,0,0,55,0,55,0,0,66,0,66,60,0,60,126
05/21/2007,HHR,CA,AWP,WE,Federal Contract Tower,0,0,31,0,31,0,0,68,4,72,0,0,99,4,103,84,0,84,187
05/22/2007,HHR,CA,AWP,WE,Federal Contract Tower,0,5,24,2,31,0,0,94,2,96,0,5,118,4,127,98,0,98,225
05/23/2007,HHR,CA,AWP,WE,Federal Contract Tower,0,0,20,0,20,0,0,117,3,120,0,0,137,3,140,78,0,78,218
05/24/2007,HHR,CA,AWP,WE,Federal Contract Tower,0,1,31,0,32,0,3,103,3,109,0,4,134,3,141,52,0,52,193
05/25/2007,HHR,CA,AWP,WE,Federal Contract Tower,0,0,39,0,39,0,2,77,0,79,0,2,116,0,118,38,0,38,156
05/26/2007,HHR,CA,AWP,WE,Federal Contract Tower,0,1,8,0,9,0,1,75,0,76,0,2,83,0,85,86,0,86,171
05/27/2007,HHR,CA,AWP,WE,Federal Contract Tower,0,1,7,0,8,0,1,67,0,68,0,2,74,0,76,88,0,88,164
05/28/2007,HHR,CA,AWP,WE,Federal Contract Tower,0,3,23,0,26,0,0,101,2,103,0,3,124,2,129,110,0,110,239
05/29/2007,HHR,CA,AWP,WE,Federal Contract Tower,0,2,18,0,20,0,0,85,4,89,0,2,103,4,109,102,0,102,211
05/30/2007,HHR,CA,AWP,WE,Federal Contract Tower,0,0,11,0,11,0,0,121,1,122,0,0,132,1,133,98,0,98,231
05/31/2007,HHR,CA,AWP,WE,Federal Contract Tower,0,2,16,0,18,0,0,114,3,117,0,2,130,3,135,86,0,86,221
06/01/2007,HHR,CA,AWP,WE,Federal Contract Tower,0,2,10,0,12,0,1,101,3,105,0,3,111,3,117,80,0,80,197
06/02/2007,HHR,CA,AWP,WE,Federal Contract Tower,0,1,12,0,13,0,1,83,1,85,0,2,95,1,98,105,0,105,203
06/03/2007,HHR,CA,AWP,WE,Federal Contract Tower,0,2,19,0,21,0,0,30,0,30,0,2,49,0,51,2,0,2,53
06/04/2007,HHR,CA,AWP,WE,Federal Contract Tower,0,0,12,0,12,0,0,58,0,58,0,0,70,0,70,36,0,36,106
06/05/2007,HHR,CA,AWP,WE,Federal Contract Tower,0,0,27,0,27,0,0,25,0,25,0,0,52,0,52,34,0,34,86
06/06/2007,HHR,CA,AWP,WE,Federal Contract Tower,0,2,11,0,13,0,0,117,1,118,0,2,128,1,131,116,0,116,247
06/07/2007,HHR,CA,AWP,WE,Federal Contract Tower,0,2,5,0,7,0,0,118,3,121,0,2,123,3,128,150,0,150,278
06/08/2007,HHR,CA,AWP,WE,Federal Contract Tower,0,0,8,0,8,0,0,105,7,112,0,0,113,7,120,140,0,140,260
06/09/2007,HHR,CA,AWP,WE,Federal Contract Tower,0,1,13,0,14,0,1,82,0,83,0,2,95,0,97,112,0,112,209
06/10/2007,HHR,CA,AWP,WE,Federal Contract Tower,0,0,4,0,4,0,0,69,0,69,0,0,73,0,73,140,0,140,213
06/11/2007,HHR,CA,AWP,WE,Federal Contract Tower,0,1,13,0,14,0,0,70,3,73,0,1,83,3,87,76,0,76,163
06/12/2007,HHR,CA,AWP,WE,Federal Contract Tower,0,0,7,0,7,0,0,104,3,107,0,0,111,3,114,112,0,112,226
06/13/2007,HHR,CA,AWP,WE,Federal Contract Tower,0,0,7,0,7,0,0,112,4,116,0,0,119,4,123,48,0,48,171
06/14/2007,HHR,CA,AWP,WE,Federal Contract Tower,0,1,6,0,7,0,1,117,2,120,0,2,123,2,127,80,0,80,207
06/15/2007,HHR,CA,AWP,WE,Federal Contract Tower,0,0,7,0,7,0,1,91,2,94,0,1,98,2,101,66,0,66,167
06/16/2007,HHR,CA,AWP,WE,Federal Contract Tower,0,0,3,0,3,0,2,95,1,98,0,2,98,1,101,144,0,144,245
06/17/2007,HHR,CA,AWP,WE,Federal Contract Tower,0,1,7,0,8,0,2,93,0,95,0,3,100,0,103,80,0,80,183
06/18/2007,HHR,CA,AWP,WE,Federal Contract Tower,0,0,13,0,13,0,0,85,0,85,0,0,98,0,98,38,0,38,136
06/19/2007,HHR,CA,AWP,WE,Federal Contract Tower,0,2,15,0,17,0,1,95,2,98,0,3,110,2,115,96,0,96,211
06/20/2007,HHR,CA,AWP,WE,Federal Contract Tower,0,0,15,0,15,0,2,104,1,107,0,2,119,1,122,96,0,96,218
06/21/2007,HHR,CA,AWP,WE,Federal Contract Tower,0,0,9,0,9,0,0,89,1,90,0,0,98,1,99,96,0,96,195
06/22/2007,HHR,CA,AWP,WE,Federal Contract Tower,0,0,9,0,9,0,2,100,1,103,0,2,109,1,112,122,0,122,234
06/23/2007,HHR,CA,AWP,WE,Federal Contract Tower,0,0,6,0,6,0,0,116,1,117,0,0,122,1,123,86,0,86,209
06/24/2007,HHR,CA,AWP,WE,Federal Contract Tower,0,1,8,0,9,0,1,73,1,75,0,2,81,1,84,78,0,78,162
06/25/2007,HHR,CA,AWP,WE,Federal Contract Tower,0,0,18,0,18,0,0,103,2,105,0,0,121,2,123,66,0,66,189
06/26/2007,HHR,CA,AWP,WE,Federal Contract Tower,0,0,3,0,3,0,0,113,0,113,0,0,116,0,116,96,0,96,212
06/27/2007,HHR,CA,AWP,WE,Federal Contract Tower,0,0,7,0,7,0,2,116,5,123,0,2,123,5,130,88,0,88,218
06/28/2007,HHR,CA,AWP,WE,Federal Contract Tower,0,0,7,0,7,0,1,72,2,75,0,1,79,2,82,58,0,58,140
06/29/2007,HHR,CA,AWP,WE,Federal Contract Tower,0,0,5,0,5,0,0,112,3,115,0,0,117,3,120,150,0,150,270
06/30/2007,HHR,CA,AWP,WE,Federal Contract Tower,0,0,8,0,8,0,6,130,0,136,0,6,138,0,144,138,0,138,282
07/01/2007,HHR,CA,AWP,WE,Federal Contract Tower,0,0,3,0,3,0,0,107,0,107,0,0,110,0,110,94,0,94,204
07/02/2007,HHR,CA,AWP,WE,Federal Contract Tower,0,0,3,0,3,0,2,122,2,126,0,2,125,2,129,48,0,48,177
07/03/2007,HHR,CA,AWP,WE,Federal Contract Tower,0,0,8,0,8,0,2,144,1,147,0,2,152,1,155,98,0,98,253
07/04/2007,HHR,CA,AWP,WE,Federal Contract Tower,0,0,2,0,2,0,0,71,1,72,0,0,73,1,74,64,0,64,138
07/05/2007,HHR,CA,AWP,WE,Federal Contract Tower,0,0,6,0,6,0,0,89,0,89,0,0,95,0,95,102,0,102,197
07/06/2007,HHR,CA,AWP,WE,Federal Contract Tower,0,0,16,0,16,0,1,57,1,59,0,1,73,1,75,34,0,34,109
07/07/2007,HHR,CA,AWP,WE,Federal Contract Tower,0,0,19,0,19,0,0,70,0,70,0,0,89,0,89,30,0,30,119
07/08/2007,HHR,CA,AWP,WE,Federal Contract Tower,0,1,13,0,14,0,1,66,0,67,0,2,79,0,81,54,0,54,135
07/09/2007,HHR,CA,AWP,WE,Federal Contract Tower,0,0,18,0,18,0,0,71,3,74,0,0,89,3,92,92,0,92,184
07/10/2007,HHR,CA,AWP,WE,Federal Contract Tower,0,0,23,0,23,0,0,84,0,84,0,0,107,0,107,102,0,102,209
07/11/2007,HHR,CA,AWP,WE,Federal Contract Tower,0,2,18,0,20,0,0,102,1,103,0,2,120,1,123,74,0,74,197
07/12/2007,HHR,CA,AWP,WE,Federal Contract Tower,0,0,7,0,7,0,0,101,0,101,0,0,108,0,108,118,0,118,226
07/13/2007,HHR,CA,AWP,WE,Federal Contract Tower,0,0,13,0,13,0,2,130,5,137,0,2,143,5,150,70,0,70,220
07/14/2007,HHR,CA,AWP,WE,Federal Contract Tower,0,3,4,0,7,0,1,144,0,145,0,4,148,0,152,106,0,106,258
07/15/2007,HHR,CA,AWP,WE,Federal Contract Tower,0,0,8,0,8,0,0,91,0,91,0,0,99,0,99,134,0,134,233
07/16/2007,HHR,CA,AWP,WE,Federal Contract Tower,0,1,17,0,18,0,1,87,0,88,0,2,104,0,106,10,0,10,116
07/17/2007,HHR,CA,AWP,WE,Federal Contract Tower,0,0,14,0,14,0,0,63,1,64,0,0,77,1,78,128,0,128,206
07/18/2007,HHR,CA,AWP,WE,Federal Contract Tower,0,3,4,0,7,0,0,87,2,89,0,3,91,2,96,70,0,70,166
07/19/2007,HHR,CA,AWP,WE,Federal Contract Tower,0,0,9,0,9,0,3,124,2,129,0,3,133,2,138,86,0,86,224
07/20/2007,HHR,CA,AWP,WE,Federal Contract Tower,0,1,22,0,23,0,0,84,1,85,0,1,106,1,108,84,0,84,192
07/21/2007,HHR,CA,AWP,WE,Federal Contract Tower,0,1,12,0,13,0,0,140,0,140,0,1,152,0,153,80,0,80,233
07/22/2007,HHR,CA,AWP,WE,Federal Contract Tower,0,3,6,0,9,0,1,94,0,95,0,4,100,0,104,116,0,116,220
07/23/2007,HHR,CA,AWP,WE,Federal Contract Tower,0,0,0,6,6,0,0,79,0,79,0,0,79,6,85,52,0,52,137
07/24/2007,HHR,CA,AWP,WE,Federal Contract Tower,0,1,14,0,15,0,1,74,4,79,0,2,88,4,94,14,0,14,108
07/25/2007,HHR,CA,AWP,WE,Federal Contract Tower,0,0,17,0,17,0,0,105,35,140,0,0,122,35,157,84,0,84,241
07/26/2007,HHR,CA,AWP,WE,Federal Contract Tower,0,1,15,0,16,0,0,132,1,133,0,1,147,1,149,90,0,90,239
07/27/2007,HHR,CA,AWP,WE,Federal Contract Tower,0,0,14,0,14,0,0,105,0,105,0,0,119,0,119,102,0,102,221
07/28/2007,HHR,CA,AWP,WE,Federal Contract Tower,0,0,1,0,1,0,2,98,0,100,0,2,99,0,101,66,0,66,167
07/29/2007,HHR,CA,AWP,WE,Federal Contract Tower,0,0,7,0,7,0,0,111,0,111,0,0,118,0,118,88,0,88,206
07/30/2007,HHR,CA,AWP,WE,Federal Contract Tower,0,0,15,0,15,0,0,92,5,97,0,0,107,5,112,50,0,50,162
07/31/2007,HHR,CA,AWP,WE,Federal Contract Tower,0,2,21,0,23,0,0,86,4,90,0,2,107,4,113,62,0,62,175
08/01/2007,HHR,CA,AWP,WE,Federal Contract Tower,0,0,16,0,16,0,0,64,1,65,0,0,80,1,81,66,0,66,147
08/02/2007,HHR,CA,AWP,WE,Federal Contract Tower,0,2,26,0,28,0,0,60,0,60,0,2,86,0,88,74,0,74,162
08/03/2007,HHR,CA,AWP,WE,Federal Contract Tower,0,4,25,0,29,0,0,79,0,79,0,4,104,0,108,82,0,82,190
08/04/2007,HHR,CA,AWP,WE,Federal Contract Tower,0,0,13,0,13,0,0,87,0,87,0,0,100,0,100,90,0,90,190
08/05/2007,HHR,CA,AWP,WE,Federal Contract Tower,0,2,10,0,12,0,0,87,0,87,0,2,97,0,99,82,0,82,181
08/06/2007,HHR,CA,AWP,WE,Federal Contract Tower,0,1,13,0,14,0,0,60,1,61,0,1,73,1,75,40,0,40,115
08/07/2007,HHR,CA,AWP,WE,Federal Contract Tower,0,2,12,0,14,0,1,88,2,91,0,3,100,2,105,104,0,104,209
08/08/2007,HHR,CA,AWP,WE,Federal Contract Tower,0,0,8,0,8,0,2,142,4,148,0,2,150,4,156,106,0,106,262
08/09/2007,HHR,CA,AWP,WE,Federal Contract Tower,0,0,15,0,15,0,2,141,2,145,0,2,156,2,160,132,0,132,292
08/10/2007,HHR,CA,AWP,WE,Federal Contract Tower,0,1,24,0,25,0,1,97,1,99,0,2,121,1,124,80,0,80,204
08/11/2007,HHR,CA,AWP,WE,Federal Contract Tower,0,1,13,0,14,0,0,121,0,121,0,1,134,0,135,88,0,88,223
08/12/2007,HHR,CA,AWP,WE,Federal Contract Tower,0,0,19,0,19,0,4,117,0,121,0,4,136,0,140,118,0,118,258
08/13/2007,HHR,CA,AWP,WE,Federal Contract Tower,0,4,5,0,9,0,1,87,3,91,0,5,92,3,100,94,0,94,194
08/14/2007,HHR,CA,AWP,WE,Federal Contract Tower,0,3,11,0,14,0,4,111,0,115,0,7,122,0,129,68,0,68,197
08/15/2007,HHR,CA,AWP,WE,Federal Contract Tower,0,2,6,0,8,0,3,101,0,104,0,5,107,0,112,38,0,38,150
08/16/2007,HHR,CA,AWP,WE,Federal Contract Tower,0,2,6,0,8,0,2,124,0,126,0,4,130,0,134,114,0,114,248
08/17/2007,HHR,CA,AWP,WE,Federal Contract Tower,0,2,14,0,16,0,1,139,3,143,0,3,153,3,159,120,0,120,279
08/18/2007,HHR,CA,AWP,WE,Federal Contract Tower,0,3,15,0,18,0,1,146,0,147,0,4,161,0,165,58,0,58,223
08/19/2007,HHR,CA,AWP,WE,Federal Contract Tower,0,0,10,0,10,0,3,142,0,145,0,3,152,0,155,48,0,48,203
08/20/2007,HHR,CA,AWP,WE,Federal Contract Tower,0,2,3,0,5,0,0,108,0,108,0,2,111,0,113,92,0,92,205
08/21/2007,HHR,CA,AWP,WE,Federal Contract Tower,0,3,19,0,22,0,3,126,1,130,0,6,145,1,152,128,0,128,280
08/22/2007,HHR,CA,AWP,WE,Federal Contract Tower,0,1,15,0,16,0,2,98,1,101,0,3,113,1,117,94,0,94,211
08/23/2007,HHR,CA,AWP,WE,Federal Contract Tower,0,1,16,0,17,0,1,88,2,91,0,2,104,2,108,106,0,106,214
08/24/2007,HHR,CA,AWP,WE,Federal Contract Tower,0,1,25,3,29,0,1,106,1,108,0,2,131,4,137,52,0,52,189
08/25/2007,HHR,CA,AWP,WE,Federal Contract Tower,0,1,4,0,5,0,1,117,0,118,0,2,121,0,123,90,0,90,213
08/26/2007,HHR,CA,AWP,WE,Federal Contract Tower,0,3,17,0,20,0,4,86,0,90,0,7,103,0,110,122,0,122,232
08/27/2007,HHR,CA,AWP,WE,Federal Contract Tower,0,2,8,0,10,0,2,97,4,103,0,4,105,4,113,100,0,100,213
08/28/2007,HHR,CA,AWP,WE,Federal Contract Tower,0,0,8,0,8,0,3,111,3,117,0,3,119,3,125,86,0,86,211
08/29/2007,HHR,CA,AWP,WE,Federal Contract Tower,0,0,6,0,6,0,2,102,3,107,0,2,108,3,113,98,0,98,211
08/30/2007,HHR,CA,AWP,WE,Federal Contract Tower,0,2,15,3,20,0,1,117,4,122,0,3,132,7,142,82,0,82,224
08/31/2007,HHR,CA,AWP,WE,Federal Contract Tower,0,4,13,2,19,0,1,99,0,100,0,5,112,2,119,142,0,142,261
09/01/2007,HHR,CA,AWP,WE,Federal Contract Tower,0,0,2,0,2,0,0,118,2,120,0,0,120,2,122,96,0,96,218
09/02/2007,HHR,CA,AWP,WE,Federal Contract Tower,0,0,3,0,3,0,2,84,2,88,0,2,87,2,91,88,0,88,179
09/03/2007,HHR,CA,AWP,WE,Federal Contract Tower,0,2,9,0,11,0,2,86,0,88,0,4,95,0,99,38,0,38,137
09/04/2007,HHR,CA,AWP,WE,Federal Contract Tower,0,3,4,0,7,0,4,86,1,91,0,7,90,1,98,102,0,102,200
09/05/2007,HHR,CA,AWP,WE,Federal Contract Tower,0,1,19,0,20,0,1,96,0,97,0,2,115,0,117,52,0,52,169
09/06/2007,HHR,CA,AWP,WE,Federal Contract Tower,0,1,25,0,26,0,3,90,4,97,0,4,115,4,123,76,0,76,199
09/07/2007,HHR,CA,AWP,WE,Federal Contract Tower,0,0,22,0,22,0,0,113,1,114,0,0,135,1,136,90,0,90,226
09/08/2007,HHR,CA,AWP,WE,Federal Contract Tower,0,0,13,0,13,0,0,106,2,108,0,0,119,2,121,100,0,100,221
09/09/2007,HHR,CA,AWP,WE,Federal Contract Tower,0,0,13,0,13,0,2,87,2,91,0,2,100,2,104,100,0,100,204
09/10/2007,HHR,CA,AWP,WE,Federal Contract Tower,0,0,10,0,10,0,0,89,3,92,0,0,99,3,102,84,0,84,186
09/11/2007,HHR,CA,AWP,WE,Federal Contract Tower,0,3,5,0,8,0,0,120,2,122,0,3,125,2,130,56,0,56,186
09/12/2007,HHR,CA,AWP,WE,Federal Contract Tower,0,1,10,0,11,0,0,124,1,125,0,1,134,1,136,58,0,58,194
09/13/2007,HHR,CA,AWP,WE,Federal Contract Tower,0,4,8,0,12,0,0,114,2,116,0,4,122,2,128,46,0,46,174
09/14/2007,HHR,CA,AWP,WE,Federal Contract Tower,0,2,10,0,12,0,2,118,3,123,0,4,128,3,135,64,0,64,199
09/15/2007,HHR,CA,AWP,WE,Federal Contract Tower,0,0,14,0,14,0,0,117,2,119,0,0,131,2,133,120,0,120,253
09/16/2007,HHR,CA,AWP,WE,Federal Contract Tower,0,1,7,0,8,0,0,100,0,100,0,1,107,0,108,78,0,78,186
09/17/2007,HHR,CA,AWP,WE,Federal Contract Tower,0,0,13,0,13,0,2,112,0,114,0,2,125,0,127,64,0,64,191
09/18/2007,HHR,CA,AWP,WE,Federal Contract Tower,0,0,24,0,24,0,0,96,5,101,0,0,120,5,125,52,0,52,177
09/19/2007,HHR,CA,AWP,WE,Federal Contract Tower,0,0,31,0,31,0,0,81,1,82,0,0,112,1,113,128,0,128,241
09/20/2007,HHR,CA,AWP,WE,Federal Contract Tower,0,1,20,0,21,0,1,141,2,144,0,2,161,2,165,104,0,104,269
09/21/2007,HHR,CA,AWP,WE,Federal Contract Tower,0,0,0,0,0,0,0,103,0,103,0,0,103,0,103,56,0,56,159
09/22/2007,HHR,CA,AWP,WE,Federal Contract Tower,0,4,7,0,11,0,2,55,0,57,0,6,62,0,68,102,0,102,170
09/23/2007,HHR,CA,AWP,WE,Federal Contract Tower,0,1,11,0,12,0,1,115,0,116,0,2,126,0,128,80,0,80,208
09/24/2007,HHR,CA,AWP,WE,Federal Contract Tower,0,0,9,0,9,0,0,112,0,112,0,0,121,0,121,48,0,48,169
09/25/2007,HHR,CA,AWP,WE,Federal Contract Tower,0,0,6,0,6,0,4,141,1,146,0,4,147,1,152,88,0,88,240
09/26/2007,HHR,CA,AWP,WE,Federal Contract Tower,0,2,4,0,6,0,0,109,0,109,0,2,113,0,115,42,0,42,157
09/27/2007,HHR,CA,AWP,WE,Federal Contract Tower,0,2,12,0,14,0,3,109,1,113,0,5,121,1,127,74,0,74,201
09/28/2007,HHR,CA,AWP,WE,Federal Contract Tower,0,0,28,0,28,0,0,142,2,144,0,0,170,2,172,144,0,144,316
09/29/2007,HHR,CA,AWP,WE,Federal Contract Tower,0,0,8,0,8,0,0,121,1,122,0,0,129,1,130,100,0,100,230
09/30/2007,HHR,CA,AWP,WE,Federal Contract Tower,0,0,2,0,2,0,2,123,0,125,0,2,125,0,127,76,0,76,203
10/01/2007,HHR,CA,AWP,WE,Federal Contract Tower,0,0,6,0,6,0,0,99,3,102,0,0,105,3,108,82,0,82,190
10/02/2007,HHR,CA,AWP,WE,Federal Contract Tower,0,0,4,0,4,0,1,135,1,137,0,1,139,1,141,138,0,138,279
10/03/2007,HHR,CA,AWP,WE,Federal Contract Tower,0,0,11,0,11,0,2,118,0,120,0,2,129,0,131,84,0,84,215
10/04/2007,HHR,CA,AWP,WE,Federal Contract Tower,0,1,32,0,33,0,1,95,0,96,0,2,127,0,129,106,0,106,235
10/05/2007,HHR,CA,AWP,WE,Federal Contract Tower,0,0,9,0,9,0,0,95,2,97,0,0,104,2,106,42,0,42,148
10/06/2007,HHR,CA,AWP,WE,Federal Contract Tower,0,2,0,0,2,0,0,112,0,112,0,2,112,0,114,106,0,106,220
10/07/2007,HHR,CA,AWP,WE,Federal Contract Tower,0,0,12,0,12,0,1,124,1,126,0,1,136,1,138,68,0,68,206
10/08/2007,HHR,CA,AWP,WE,Federal Contract Tower,0,0,7,0,7,0,0,115,0,115,0,0,122,0,122,88,0,88,210
10/09/2007,HHR,CA,AWP,WE,Federal Contract Tower,0,0,11,0,11,0,3,125,2,130,0,3,136,2,141,50,0,50,191
10/10/2007,HHR,CA,AWP,WE,Federal Contract Tower,0,0,9,0,9,0,2,122,0,124,0,2,131,0,133,34,0,34,167
10/11/2007,HHR,CA,AWP,WE,Federal Contract Tower,0,0,7,0,7,0,2,156,4,162,0,2,163,4,169,64,0,64,233
10/12/2007,HHR,CA,AWP,WE,Federal Contract Tower,0,4,17,0,21,0,0,121,2,123,0,4,138,2,144,56,0,56,200
10/13/2007,HHR,CA,AWP,WE,Federal Contract Tower,0,2,15,0,17,0,2,76,1,79,0,4,91,1,96,74,0,74,170
10/14/2007,HHR,CA,AWP,WE,Federal Contract Tower,0,0,6,0,6,0,0,76,2,78,0,0,82,2,84,60,0,60,144
10/15/2007,HHR,CA,AWP,WE,Federal Contract Tower,0,0,30,0,30,0,0,23,1,24,0,0,53,1,54,28,0,28,82
10/16/2007,HHR,CA,AWP,WE,Federal Contract Tower,0,2,15,0,17,0,1,123,2,126,0,3,138,2,143,98,0,98,241
10/17/2007,HHR,CA,AWP,WE,Federal Contract Tower,0,0,14,0,14,0,0,103,2,105,0,0,117,2,119,74,0,74,193
10/18/2007,HHR,CA,AWP,WE,Federal Contract Tower,0,0,8,0,8,0,0,146,0,146,0,0,154,0,154,88,0,88,242
10/19/2007,HHR,CA,AWP,WE,Federal Contract Tower,0,0,13,0,13,0,0,141,3,144,0,0,154,3,157,48,0,48,205
10/20/2007,HHR,CA,AWP,WE,Federal Contract Tower,0,0,11,0,11,0,0,166,4,170,0,0,177,4,181,84,0,84,265
10/21/2007,HHR,CA,AWP,WE,Federal Contract Tower,0,0,16,0,16,0,0,112,2,114,0,0,128,2,130,88,0,88,218
10/22/2007,HHR,CA,AWP,WE,Federal Contract Tower,0,0,7,0,7,0,0,104,0,104,0,0,111,0,111,32,0,32,143
10/23/2007,HHR,CA,AWP,WE,Federal Contract Tower,0,1,11,0,12,0,0,134,0,134,0,1,145,0,146,66,0,66,212
10/24/2007,HHR,CA,AWP,WE,Federal Contract Tower,0,0,0,0,0,0,0,0,0,0,0,0,0,0,0,0,0,0,0
10/25/2007,HHR,CA,AWP,WE,Federal Contract Tower,0,0,0,0,0,0,0,0,0,0,0,0,0,0,0,0,0,0,0
10/26/2007,HHR,CA,AWP,WE,Federal Contract Tower,0,0,0,0,0,0,0,0,0,0,0,0,0,0,0,0,0,0,0
10/27/2007,HHR,CA,AWP,WE,Federal Contract Tower,0,0,0,0,0,0,0,0,0,0,0,0,0,0,0,0,0,0,0
10/28/2007,HHR,CA,AWP,WE,Federal Contract Tower,0,0,0,0,0,0,0,0,0,0,0,0,0,0,0,0,0,0,0
10/29/2007,HHR,CA,AWP,WE,Federal Contract Tower,0,0,0,0,0,0,0,0,0,0,0,0,0,0,0,0,0,0,0
10/30/2007,HHR,CA,AWP,WE,Federal Contract Tower,0,0,0,0,0,0,0,0,0,0,0,0,0,0,0,0,0,0,0
10/31/2007,HHR,CA,AWP,WE,Federal Contract Tower,0,0,0,0,0,0,0,0,0,0,0,0,0,0,0,0,0,0,0
11/01/2007,HHR,CA,AWP,WE,Federal Contract Tower,0,0,0,0,0,0,0,0,0,0,0,0,0,0,0,0,0,0,0
11/02/2007,HHR,CA,AWP,WE,Federal Contract Tower,0,0,0,0,0,0,0,0,0,0,0,0,0,0,0,0,0,0,0
11/03/2007,HHR,CA,AWP,WE,Federal Contract Tower,0,0,0,0,0,0,0,0,0,0,0,0,0,0,0,0,0,0,0
11/04/2007,HHR,CA,AWP,WE,Federal Contract Tower,0,0,0,0,0,0,0,0,0,0,0,0,0,0,0,0,0,0,0
11/05/2007,HHR,CA,AWP,WE,Federal Contract Tower,0,0,0,0,0,0,0,0,0,0,0,0,0,0,0,0,0,0,0
11/06/2007,HHR,CA,AWP,WE,Federal Contract Tower,0,0,0,0,0,0,0,0,0,0,0,0,0,0,0,0,0,0,0
11/07/2007,HHR,CA,AWP,WE,Federal Contract Tower,0,0,0,0,0,0,0,0,0,0,0,0,0,0,0,0,0,0,0
11/08/2007,HHR,CA,AWP,WE,Federal Contract Tower,0,0,0,0,0,0,0,0,0,0,0,0,0,0,0,0,0,0,0
11/09/2007,HHR,CA,AWP,WE,Federal Contract Tower,0,0,0,0,0,0,0,0,0,0,0,0,0,0,0,0,0,0,0
11/10/2007,HHR,CA,AWP,WE,Federal Contract Tower,0,0,0,0,0,0,0,0,0,0,0,0,0,0,0,0,0,0,0
11/11/2007,HHR,CA,AWP,WE,Federal Contract Tower,0,0,0,0,0,0,0,0,0,0,0,0,0,0,0,0,0,0,0
11/12/2007,HHR,CA,AWP,WE,Federal Contract Tower,0,0,0,0,0,0,0,0,0,0,0,0,0,0,0,0,0,0,0
11/13/2007,HHR,CA,AWP,WE,Federal Contract Tower,0,0,0,0,0,0,0,0,0,0,0,0,0,0,0,0,0,0,0
11/14/2007,HHR,CA,AWP,WE,Federal Contract Tower,0,0,0,0,0,0,0,0,0,0,0,0,0,0,0,0,0,0,0
11/15/2007,HHR,CA,AWP,WE,Federal Contract Tower,0,0,0,0,0,0,0,1,0,1,0,0,1,0,1,0,0,0,1
11/16/2007,HHR,CA,AWP,WE,Federal Contract Tower,0,0,0,0,0,0,0,2,0,2,0,0,2,0,2,0,0,0,2
11/17/2007,HHR,CA,AWP,WE,Federal Contract Tower,0,0,0,0,0,0,0,0,0,0,0,0,0,0,0,0,0,0,0
11/18/2007,HHR,CA,AWP,WE,Federal Contract Tower,0,0,0,0,0,0,0,0,0,0,0,0,0,0,0,0,0,0,0
11/19/2007,HHR,CA,AWP,WE,Federal Contract Tower,0,0,0,0,0,0,0,0,0,0,0,0,0,0,0,0,0,0,0
11/20/2007,HHR,CA,AWP,WE,Federal Contract Tower,0,0,0,0,0,0,0,0,0,0,0,0,0,0,0,0,0,0,0
11/21/2007,HHR,CA,AWP,WE,Federal Contract Tower,0,0,0,0,0,0,0,0,0,0,0,0,0,0,0,0,0,0,0
11/22/2007,HHR,CA,AWP,WE,Federal Contract Tower,0,0,2,0,2,0,0,36,0,36,0,0,38,0,38,12,0,12,50
11/23/2007,HHR,CA,AWP,WE,Federal Contract Tower,0,0,1,0,1,0,0,59,0,59,0,0,60,0,60,28,0,28,88
11/24/2007,HHR,CA,AWP,WE,Federal Contract Tower,0,0,1,0,1,0,0,113,1,114,0,0,114,1,115,50,0,50,165
11/25/2007,HHR,CA,AWP,WE,Federal Contract Tower,0,0,9,0,9,0,0,110,0,110,0,0,119,0,119,148,0,148,267
11/26/2007,HHR,CA,AWP,WE,Federal Contract Tower,0,0,8,0,8,0,0,68,4,72,0,0,76,4,80,32,0,32,112
11/27/2007,HHR,CA,AWP,WE,Federal Contract Tower,0,0,3,0,3,0,0,67,0,67,0,0,70,0,70,60,0,60,130
11/28/2007,HHR,CA,AWP,WE,Federal Contract Tower,0,2,4,0,6,0,0,70,1,71,0,2,74,1,77,56,0,56,133
11/29/2007,HHR,CA,AWP,WE,Federal Contract Tower,0,0,1,0,1,0,0,80,4,84,0,0,81,4,85,68,0,68,153
11/30/2007,HHR,CA,AWP,WE,Federal Contract Tower,0,0,8,0,8,0,0,13,0,13,0,0,21,0,21,0,0,0,21
12/01/2007,HHR,CA,AWP,WE,Federal Contract Tower,0,0,6,0,6,0,0,105,1,106,0,0,111,1,112,64,0,64,176
12/02/2007,HHR,CA,AWP,WE,Federal Contract Tower,0,0,7,0,7,0,0,113,0,113,0,0,120,0,120,118,0,118,238
12/03/2007,HHR,CA,AWP,WE,Federal Contract Tower,0,0,1,0,1,0,0,94,1,95,0,0,95,1,96,46,0,46,142
12/04/2007,HHR,CA,AWP,WE,Federal Contract Tower,0,0,8,0,8,0,0,99,1,100,0,0,107,1,108,80,0,80,188
12/05/2007,HHR,CA,AWP,WE,Federal Contract Tower,0,0,6,0,6,0,0,68,1,69,0,0,74,1,75,70,0,70,145
12/06/2007,HHR,CA,AWP,WE,Federal Contract Tower,0,0,5,0,5,0,0,41,0,41,0,0,46,0,46,106,0,106,152
12/07/2007,HHR,CA,AWP,WE,Federal Contract Tower,0,0,6,0,6,0,0,24,1,25,0,0,30,1,31,8,0,8,39
12/08/2007,HHR,CA,AWP,WE,Federal Contract Tower,0,0,15,0,15,0,0,73,2,75,0,0,88,2,90,72,0,72,162
12/09/2007,HHR,CA,AWP,WE,Federal Contract Tower,0,0,7,0,7,0,0,82,0,82,0,0,89,0,89,110,0,110,199
12/10/2007,HHR,CA,AWP,WE,Federal Contract Tower,0,0,3,0,3,0,0,92,1,93,0,0,95,1,96,70,0,70,166
12/11/2007,HHR,CA,AWP,WE,Federal Contract Tower,0,0,4,0,4,0,0,77,3,80,0,0,81,3,84,98,0,98,182
12/12/2007,HHR,CA,AWP,WE,Federal Contract Tower,0,0,4,0,4,0,0,80,1,81,0,0,84,1,85,80,0,80,165
12/13/2007,HHR,CA,AWP,WE,Federal Contract Tower,0,0,8,0,8,0,0,80,1,81,0,0,88,1,89,78,0,78,167
12/14/2007,HHR,CA,AWP,WE,Federal Contract Tower,0,0,9,0,9,0,0,159,0,159,0,0,168,0,168,72,0,72,240
12/15/2007,HHR,CA,AWP,WE,Federal Contract Tower,0,0,5,0,5,0,0,144,0,144,0,0,149,0,149,122,0,122,271
12/16/2007,HHR,CA,AWP,WE,Federal Contract Tower,0,0,12,0,12,0,0,128,1,129,0,0,140,1,141,98,0,98,239
12/17/2007,HHR,CA,AWP,WE,Federal Contract Tower,0,0,10,0,10,0,0,82,1,83,0,0,92,1,93,78,0,78,171
12/18/2007,HHR,CA,AWP,WE,Federal Contract Tower,0,0,18,0,18,0,0,28,0,28,0,0,46,0,46,14,0,14,60
12/19/2007,HHR,CA,AWP,WE,Federal Contract Tower,0,2,31,0,33,0,0,40,0,40,0,2,71,0,73,6,0,6,79
12/20/2007,HHR,CA,AWP,WE,Federal Contract Tower,0,1,28,0,29,0,0,43,1,44,0,1,71,1,73,44,0,44,117
12/21/2007,HHR,CA,AWP,WE,Federal Contract Tower,0,1,23,0,24,0,0,100,0,100,0,1,123,0,124,90,0,90,214
12/22/2007,HHR,CA,AWP,WE,Federal Contract Tower,0,2,11,0,13,0,2,147,1,150,0,4,158,1,163,62,0,62,225
12/23/2007,HHR,CA,AWP,WE,Federal Contract Tower,0,1,1,0,2,0,0,120,0,120,0,1,121,0,122,148,0,148,270
12/24/2007,HHR,CA,AWP,WE,Federal Contract Tower,0,0,4,0,4,0,0,87,0,87,0,0,91,0,91,62,0,62,153
12/25/2007,HHR,CA,AWP,WE,Federal Contract Tower,0,0,0,0,0,0,2,57,1,60,0,2,57,1,60,30,0,30,90
12/26/2007,HHR,CA,AWP,WE,Federal Contract Tower,0,0,7,0,7,0,0,85,1,86,0,0,92,1,93,46,0,46,139
12/27/2007,HHR,CA,AWP,WE,Federal Contract Tower,0,1,4,0,5,0,0,75,1,76,0,1,79,1,81,40,0,40,121
12/28/2007,HHR,CA,AWP,WE,Federal Contract Tower,0,1,11,0,12,0,0,127,1,128,0,1,138,1,140,76,0,76,216
12/29/2007,HHR,CA,AWP,WE,Federal Contract Tower,0,1,17,0,18,0,1,76,1,78,0,2,93,1,96,80,0,80,176
12/30/2007,HHR,CA,AWP,WE,Federal Contract Tower,0,0,10,0,10,0,2,57,0,59,0,2,67,0,69,98,0,98,167
12/31/2007,HHR,CA,AWP,WE,Federal Contract Tower,0,0,6,0,6,0,1,80,0,81,0,1,86,0,87,62,0,62,149
01/01/2008,HHR,CA,AWP,WE,Federal Contract Tower,0,0,2,0,2,0,2,65,1,68,0,2,67,1,70,30,0,30,100
01/02/2008,HHR,CA,AWP,WE,Federal Contract Tower,0,3,11,0,14,0,2,111,0,113,0,5,122,0,127,82,0,82,209
01/03/2008,HHR,CA,AWP,WE,Federal Contract Tower,0,2,9,0,11,0,2,111,2,115,0,4,120,2,126,86,0,86,212
01/04/2008,HHR,CA,AWP,WE,Federal Contract Tower,0,0,14,0,14,0,0,19,1,20,0,0,33,1,34,0,0,0,34
01/05/2008,HHR,CA,AWP,WE,Federal Contract Tower,0,0,12,0,12,0,0,17,0,17,0,0,29,0,29,20,0,20,49
01/06/2008,HHR,CA,AWP,WE,Federal Contract Tower,0,0,7,0,7,0,0,11,1,12,0,0,18,1,19,34,0,34,53
01/07/2008,HHR,CA,AWP,WE,Federal Contract Tower,0,2,5,0,7,0,0,69,2,71,0,2,74,2,78,30,0,30,108
01/08/2008,HHR,CA,AWP,WE,Federal Contract Tower,0,0,9,0,9,0,0,90,4,94,0,0,99,4,103,40,0,40,143
01/09/2008,HHR,CA,AWP,WE,Federal Contract Tower,0,0,31,0,31,0,0,114,2,116,0,0,145,2,147,68,0,68,215
01/10/2008,HHR,CA,AWP,WE,Federal Contract Tower,0,2,15,0,17,0,0,110,1,111,0,2,125,1,128,78,0,78,206
01/11/2008,HHR,CA,AWP,WE,Federal Contract Tower,0,2,16,0,18,0,4,149,2,155,0,6,165,2,173,126,0,126,299
01/12/2008,HHR,CA,AWP,WE,Federal Contract Tower,0,0,7,0,7,0,0,89,0,89,0,0,96,0,96,88,0,88,184
01/13/2008,HHR,CA,AWP,WE,Federal Contract Tower,0,0,12,0,12,0,0,124,0,124,0,0,136,0,136,172,0,172,308
01/14/2008,HHR,CA,AWP,WE,Federal Contract Tower,0,0,1,0,1,0,0,118,2,120,0,0,119,2,121,106,0,106,227
01/15/2008,HHR,CA,AWP,WE,Federal Contract Tower,0,0,12,0,12,0,1,142,1,144,0,1,154,1,156,68,0,68,224
01/16/2008,HHR,CA,AWP,WE,Federal Contract Tower,0,0,18,0,18,0,0,65,1,66,0,0,83,1,84,36,0,36,120
01/17/2008,HHR,CA,AWP,WE,Federal Contract Tower,0,1,9,0,10,0,0,108,0,108,0,1,117,0,118,36,0,36,154
01/18/2008,HHR,CA,AWP,WE,Federal Contract Tower,0,1,13,0,14,0,0,164,0,164,0,1,177,0,178,74,0,74,252
01/19/2008,HHR,CA,AWP,WE,Federal Contract Tower,0,0,7,0,7,0,0,124,0,124,0,0,131,0,131,98,0,98,229
01/20/2008,HHR,CA,AWP,WE,Federal Contract Tower,0,1,17,0,18,0,0,99,0,99,0,1,116,0,117,126,0,126,243
01/21/2008,HHR,CA,AWP,WE,Federal Contract Tower,0,0,23,0,23,0,0,107,0,107,0,0,130,0,130,110,0,110,240
01/22/2008,HHR,CA,AWP,WE,Federal Contract Tower,0,1,22,0,23,0,0,88,1,89,0,1,110,1,112,80,0,80,192
01/23/2008,HHR,CA,AWP,WE,Federal Contract Tower,0,0,17,0,17,0,1,57,7,65,0,1,74,7,82,28,0,28,110
01/24/2008,HHR,CA,AWP,WE,Federal Contract Tower,0,0,10,0,10,0,0,52,3,55,0,0,62,3,65,12,0,12,77
01/25/2008,HHR,CA,AWP,WE,Federal Contract Tower,0,2,8,1,11,0,0,43,4,47,0,2,51,5,58,8,2,10,68
01/26/2008,HHR,CA,AWP,WE,Federal Contract Tower,0,0,5,0,5,0,0,83,2,85,0,0,88,2,90,74,0,74,164
01/27/2008,HHR,CA,AWP,WE,Federal Contract Tower,0,0,6,0,6,0,0,26,2,28,0,0,32,2,34,18,0,18,52
01/28/2008,HHR,CA,AWP,WE,Federal Contract Tower,0,0,13,0,13,0,2,48,1,51,0,2,61,1,64,20,0,20,84
01/29/2008,HHR,CA,AWP,WE,Federal Contract Tower,0,2,17,0,19,0,0,121,5,126,0,2,138,5,145,64,0,64,209
01/30/2008,HHR,CA,AWP,WE,Federal Contract Tower,0,0,8,0,8,0,0,89,3,92,0,0,97,3,100,6,0,6,106
01/31/2008,HHR,CA,AWP,WE,Federal Contract Tower,0,2,10,0,12,0,2,144,2,148,0,4,154,2,160,102,0,102,262
02/01/2008,HHR,CA,AWP,WE,Federal Contract Tower,0,0,33,0,33,0,0,140,0,140,0,0,173,0,173,34,0,34,207
02/02/2008,HHR,CA,AWP,WE,Federal Contract Tower,0,2,14,0,16,0,0,97,1,98,0,2,111,1,114,96,0,96,210
02/03/2008,HHR,CA,AWP,WE,Federal Contract Tower,0,0,3,0,3,0,0,1,2,3,0,0,4,2,6,0,0,0,6
02/04/2008,HHR,CA,AWP,WE,Federal Contract Tower,0,0,5,0,5,0,0,91,2,93,0,0,96,2,98,50,0,50,148
02/05/2008,HHR,CA,AWP,WE,Federal Contract Tower,0,0,9,0,9,0,0,136,4,140,0,0,145,4,149,52,0,52,201
02/06/2008,HHR,CA,AWP,WE,Federal Contract Tower,0,2,16,0,18,0,0,114,5,119,0,2,130,5,137,60,0,60,197
02/07/2008,HHR,CA,AWP,WE,Federal Contract Tower,0,5,13,0,18,0,0,114,0,114,0,5,127,0,132,38,0,38,170
02/08/2008,HHR,CA,AWP,WE,Federal Contract Tower,0,0,17,0,17,0,1,115,0,116,0,1,132,0,133,54,0,54,187
02/09/2008,HHR,CA,AWP,WE,Federal Contract Tower,0,0,10,0,10,0,1,146,8,155,0,1,156,8,165,62,0,62,227
02/10/2008,HHR,CA,AWP,WE,Federal Contract Tower,0,3,11,0,14,0,0,166,0,166,0,3,177,0,180,138,0,138,318
02/11/2008,HHR,CA,AWP,WE,Federal Contract Tower,0,0,5,0,5,0,0,110,0,110,0,0,115,0,115,88,0,88,203
02/12/2008,HHR,CA,AWP,WE,Federal Contract Tower,0,2,0,0,2,0,0,138,2,140,0,2,138,2,142,108,0,108,250
02/13/2008,HHR,CA,AWP,WE,Federal Contract Tower,0,2,26,0,28,0,1,32,0,33,0,3,58,0,61,0,0,0,61
02/14/2008,HHR,CA,AWP,WE,Federal Contract Tower,0,2,11,0,13,0,0,96,3,99,0,2,107,3,112,58,0,58,170
02/15/2008,HHR,CA,AWP,WE,Federal Contract Tower,0,5,9,0,14,0,0,105,1,106,0,5,114,1,120,54,0,54,174
02/16/2008,HHR,CA,AWP,WE,Federal Contract Tower,0,1,3,0,4,0,1,121,0,122,0,2,124,0,126,44,0,44,170
02/17/2008,HHR,CA,AWP,WE,Federal Contract Tower,0,1,11,0,12,0,1,106,8,115,0,2,117,8,127,122,0,122,249
02/18/2008,HHR,CA,AWP,WE,Federal Contract Tower,0,1,23,0,24,0,0,111,1,112,0,1,134,1,136,80,0,80,216
02/19/2008,HHR,CA,AWP,WE,Federal Contract Tower,0,1,31,0,32,0,0,70,1,71,0,1,101,1,103,66,0,66,169
02/20/2008,HHR,CA,AWP,WE,Federal Contract Tower,0,0,18,0,18,0,0,29,3,32,0,0,47,3,50,4,0,4,54
02/21/2008,HHR,CA,AWP,WE,Federal Contract Tower,0,0,23,0,23,0,0,93,0,93,0,0,116,0,116,14,0,14,130
02/22/2008,HHR,CA,AWP,WE,Federal Contract Tower,0,4,8,0,12,0,0,60,0,60,0,4,68,0,72,16,0,16,88
02/23/2008,HHR,CA,AWP,WE,Federal Contract Tower,0,0,6,0,6,0,0,102,1,103,0,0,108,1,109,82,0,82,191
02/24/2008,HHR,CA,AWP,WE,Federal Contract Tower,0,3,7,0,10,0,0,33,0,33,0,3,40,0,43,48,0,48,91
02/25/2008,HHR,CA,AWP,WE,Federal Contract Tower,0,1,21,0,22,0,0,147,2,149,0,1,168,2,171,40,0,40,211
02/26/2008,HHR,CA,AWP,WE,Federal Contract Tower,0,0,0,0,0,0,0,0,0,0,0,0,0,0,0,0,0,0,0
02/27/2008,HHR,CA,AWP,WE,Federal Contract Tower,0,0,0,0,0,0,0,0,0,0,0,0,0,0,0,0,0,0,0
02/28/2008,HHR,CA,AWP,WE,Federal Contract Tower,0,0,0,0,0,0,0,0,0,0,0,0,0,0,0,0,0,0,0
02/29/2008,HHR,CA,AWP,WE,Federal Contract Tower,0,0,0,0,0,0,0,0,0,0,0,0,0,0,0,0,0,0,0
03/01/2008,HHR,CA,AWP,WE,Federal Contract Tower,0,3,28,0,31,0,0,50,2,52,0,3,78,2,83,2,0,2,85
03/02/2008,HHR,CA,AWP,WE,Federal Contract Tower,0,1,6,0,7,0,2,120,5,127,0,3,126,5,134,128,0,128,262
03/03/2008,HHR,CA,AWP,WE,Federal Contract Tower,0,2,10,0,12,0,3,130,2,135,0,5,140,2,147,92,0,92,239
03/04/2008,HHR,CA,AWP,WE,Federal Contract Tower,0,0,5,0,5,0,3,134,2,139,0,3,139,2,144,70,0,70,214
03/05/2008,HHR,CA,AWP,WE,Federal Contract Tower,0,0,5,0,5,0,0,136,1,137,0,0,141,1,142,100,0,100,242
03/06/2008,HHR,CA,AWP,WE,Federal Contract Tower,0,0,5,0,5,0,0,102,1,103,0,0,107,1,108,78,0,78,186
03/07/2008,HHR,CA,AWP,WE,Federal Contract Tower,0,0,8,0,8,0,2,101,1,104,0,2,109,1,112,52,0,52,164
03/08/2008,HHR,CA,AWP,WE,Federal Contract Tower,0,1,4,0,5,0,1,117,0,118,0,2,121,0,123,84,0,84,207
03/09/2008,HHR,CA,AWP,WE,Federal Contract Tower,0,3,7,0,10,0,1,100,0,101,0,4,107,0,111,52,0,52,163
03/10/2008,HHR,CA,AWP,WE,Federal Contract Tower,0,3,7,0,10,0,2,138,0,140,0,5,145,0,150,64,0,64,214
03/11/2008,HHR,CA,AWP,WE,Federal Contract Tower,0,3,8,0,11,0,0,151,1,152,0,3,159,1,163,138,0,138,301
03/12/2008,HHR,CA,AWP,WE,Federal Contract Tower,0,0,3,0,3,0,4,141,3,148,0,4,144,3,151,38,4,42,193
03/13/2008,HHR,CA,AWP,WE,Federal Contract Tower,0,1,14,0,15,0,1,74,4,79,0,2,88,4,94,82,18,100,194
03/14/2008,HHR,CA,AWP,WE,Federal Contract Tower,0,2,18,0,20,0,0,123,1,124,0,2,141,1,144,82,0,82,226
03/15/2008,HHR,CA,AWP,WE,Federal Contract Tower,0,1,7,0,8,0,1,76,0,77,0,2,83,0,85,16,0,16,101
03/16/2008,HHR,CA,AWP,WE,Federal Contract Tower,0,2,13,0,15,0,0,74,0,74,0,2,87,0,89,76,0,76,165
03/17/2008,HHR,CA,AWP,WE,Federal Contract Tower,0,0,6,0,6,0,5,117,2,124,0,5,123,2,130,26,0,26,156
03/18/2008,HHR,CA,AWP,WE,Federal Contract Tower,0,0,10,0,10,0,0,128,2,130,0,0,138,2,140,66,0,66,206
03/19/2008,HHR,CA,AWP,WE,Federal Contract Tower,0,1,24,0,25,0,1,99,5,105,0,2,123,5,130,60,0,60,190
03/20/2008,HHR,CA,AWP,WE,Federal Contract Tower,0,5,22,0,27,0,0,96,2,98,0,5,118,2,125,87,0,87,212
03/21/2008,HHR,CA,AWP,WE,Federal Contract Tower,0,0,11,0,11,0,2,117,4,123,0,2,128,4,134,80,0,80,214
03/22/2008,HHR,CA,AWP,WE,Federal Contract Tower,0,0,12,0,12,0,3,127,1,131,0,3,139,1,143,158,0,158,301
03/23/2008,HHR,CA,AWP,WE,Federal Contract Tower,0,1,0,0,1,0,2,123,0,125,0,3,123,0,126,146,0,146,272
03/24/2008,HHR,CA,AWP,WE,Federal Contract Tower,0,0,7,0,7,0,3,143,1,147,0,3,150,1,154,50,0,50,204
03/25/2008,HHR,CA,AWP,WE,Federal Contract Tower,0,0,20,0,20,0,2,63,1,66,0,2,83,1,86,61,0,61,147
03/26/2008,HHR,CA,AWP,WE,Federal Contract Tower,0,1,18,0,19,0,0,121,0,121,0,1,139,0,140,74,0,74,214
03/27/2008,HHR,CA,AWP,WE,Federal Contract Tower,0,0,21,1,22,0,3,183,1,187,0,3,204,2,209,102,0,102,311
03/28/2008,HHR,CA,AWP,WE,Federal Contract Tower,0,0,24,0,24,0,3,211,0,214,0,3,235,0,238,62,0,62,300
03/29/2008,HHR,CA,AWP,WE,Federal Contract Tower,0,3,30,0,33,0,0,153,2,155,0,3,183,2,188,187,0,187,375
03/30/2008,HHR,CA,AWP,WE,Federal Contract Tower,0,1,24,0,25,0,1,86,0,87,0,2,110,0,112,136,0,136,248
03/31/2008,HHR,CA,AWP,WE,Federal Contract Tower,0,0,12,0,12,0,0,89,3,92,0,0,101,3,104,118,0,118,222
04/01/2008,HHR,CA,AWP,WE,Federal Contract Tower,0,1,21,0,22,0,1,100,1,102,0,2,121,1,124,74,0,74,198
04/02/2008,HHR,CA,AWP,WE,Federal Contract Tower,0,0,15,0,15,0,0,84,4,88,0,0,99,4,103,82,0,82,185
04/03/2008,HHR,CA,AWP,WE,Federal Contract Tower,0,2,15,0,17,0,1,91,1,93,0,3,106,1,110,48,0,48,158
04/04/2008,HHR,CA,AWP,WE,Federal Contract Tower,0,3,15,0,18,0,0,69,0,69,0,3,84,0,87,58,0,58,145
04/05/2008,HHR,CA,AWP,WE,Federal Contract Tower,0,3,21,0,24,0,0,60,0,60,0,3,81,0,84,78,0,78,162
04/06/2008,HHR,CA,AWP,WE,Federal Contract Tower,0,0,18,0,18,0,0,71,1,72,0,0,89,1,90,136,0,136,226
04/07/2008,HHR,CA,AWP,WE,Federal Contract Tower,0,0,9,0,9,0,0,98,5,103,0,0,107,5,112,44,0,44,156
04/08/2008,HHR,CA,AWP,WE,Federal Contract Tower,0,0,22,0,22,0,0,98,2,100,0,0,120,2,122,70,0,70,192
04/09/2008,HHR,CA,AWP,WE,Federal Contract Tower,0,0,7,0,7,0,0,127,1,128,0,0,134,1,135,18,0,18,153
04/10/2008,HHR,CA,AWP,WE,Federal Contract Tower,0,0,7,0,7,0,0,157,3,160,0,0,164,3,167,56,0,56,223
04/11/2008,HHR,CA,AWP,WE,Federal Contract Tower,0,0,8,0,8,0,1,159,4,164,0,1,167,4,172,58,0,58,230
04/12/2008,HHR,CA,AWP,WE,Federal Contract Tower,0,0,16,0,16,0,0,138,1,139,0,0,154,1,155,32,0,32,187
04/13/2008,HHR,CA,AWP,WE,Federal Contract Tower,0,0,4,0,4,0,0,139,0,139,0,0,143,0,143,112,0,112,255
04/14/2008,HHR,CA,AWP,WE,Federal Contract Tower,0,0,6,0,6,0,0,87,1,88,0,0,93,1,94,40,0,40,134
04/15/2008,HHR,CA,AWP,WE,Federal Contract Tower,0,2,17,0,19,0,0,100,1,101,0,2,117,1,120,40,0,40,160
04/16/2008,HHR,CA,AWP,WE,Federal Contract Tower,0,0,0,0,0,0,0,5,0,5,0,0,5,0,5,0,0,0,5
04/17/2008,HHR,CA,AWP,WE,Federal Contract Tower,0,0,0,0,0,0,0,2,2,4,0,0,2,2,4,0,0,0,4
04/18/2008,HHR,CA,AWP,WE,Federal Contract Tower,0,0,0,0,0,0,0,0,0,0,0,0,0,0,0,0,0,0,0
04/19/2008,HHR,CA,AWP,WE,Federal Contract Tower,0,0,0,0,0,0,0,12,0,12,0,0,12,0,12,8,0,8,20
04/20/2008,HHR,CA,AWP,WE,Federal Contract Tower,0,0,13,0,13,0,1,74,1,76,0,1,87,1,89,26,0,26,115
04/21/2008,HHR,CA,AWP,WE,Federal Contract Tower,0,0,11,0,11,0,0,101,2,103,0,0,112,2,114,44,0,44,158
04/22/2008,HHR,CA,AWP,WE,Federal Contract Tower,0,0,13,0,13,0,2,99,2,103,0,2,112,2,116,16,0,16,132
04/23/2008,HHR,CA,AWP,WE,Federal Contract Tower,0,2,10,0,12,0,0,92,3,95,0,2,102,3,107,68,0,68,175
04/24/2008,HHR,CA,AWP,WE,Federal Contract Tower,0,1,14,0,15,0,0,149,2,151,0,1,163,2,166,38,0,38,204
04/25/2008,HHR,CA,AWP,WE,Federal Contract Tower,0,2,12,0,14,0,2,151,4,157,0,4,163,4,171,58,0,58,229
04/26/2008,HHR,CA,AWP,WE,Federal Contract Tower,0,0,10,0,10,0,2,115,1,118,0,2,125,1,128,104,0,104,232
04/27/2008,HHR,CA,AWP,WE,Federal Contract Tower,0,2,8,0,10,0,0,115,0,115,0,2,123,0,125,58,0,58,183
04/28/2008,HHR,CA,AWP,WE,Federal Contract Tower,0,0,7,0,7,0,1,89,0,90,0,1,96,0,97,30,0,30,127
04/29/2008,HHR,CA,AWP,WE,Federal Contract Tower,0,1,7,0,8,0,3,124,0,127,0,4,131,0,135,36,0,36,171
04/30/2008,HHR,CA,AWP,WE,Federal Contract Tower,0,1,29,0,30,0,1,114,3,118,0,2,143,3,148,76,0,76,224
05/01/2008,HHR,CA,AWP,WE,Federal Contract Tower,0,0,6,0,6,0,0,118,1,119,0,0,124,1,125,38,0,38,163
05/02/2008,HHR,CA,AWP,WE,Federal Contract Tower,0,0,11,0,11,0,4,161,1,166,0,4,172,1,177,48,0,48,225
05/03/2008,HHR,CA,AWP,WE,Federal Contract Tower,0,0,7,0,7,0,2,125,0,127,0,2,132,0,134,66,0,66,200
05/04/2008,HHR,CA,AWP,WE,Federal Contract Tower,0,5,16,0,21,0,0,69,0,69,0,5,85,0,90,88,0,88,178
05/05/2008,HHR,CA,AWP,WE,Federal Contract Tower,0,0,27,0,27,0,2,72,0,74,0,2,99,0,101,24,0,24,125
05/06/2008,HHR,CA,AWP,WE,Federal Contract Tower,0,2,29,0,31,0,0,100,14,114,0,2,129,14,145,22,0,22,167
05/07/2008,HHR,CA,AWP,WE,Federal Contract Tower,0,2,28,0,30,0,0,65,5,70,0,2,93,5,100,48,0,48,148
05/08/2008,HHR,CA,AWP,WE,Federal Contract Tower,0,2,23,0,25,0,0,119,2,121,0,2,142,2,146,40,0,40,186
05/09/2008,HHR,CA,AWP,WE,Federal Contract Tower,0,4,29,0,33,0,1,92,1,94,0,5,121,1,127,48,0,48,175
05/10/2008,HHR,CA,AWP,WE,Federal Contract Tower,0,1,21,0,22,0,0,93,3,96,0,1,114,3,118,106,0,106,224
05/11/2008,HHR,CA,AWP,WE,Federal Contract Tower,0,0,11,0,11,0,0,43,0,43,0,0,54,0,54,36,0,36,90
05/12/2008,HHR,CA,AWP,WE,Federal Contract Tower,0,4,28,0,32,0,0,64,1,65,0,4,92,1,97,48,0,48,145
05/13/2008,HHR,CA,AWP,WE,Federal Contract Tower,0,0,13,0,13,0,0,102,1,103,0,0,115,1,116,42,0,42,158
05/14/2008,HHR,CA,AWP,WE,Federal Contract Tower,0,1,7,0,8,0,2,149,1,152,0,3,156,1,160,132,0,132,292
05/15/2008,HHR,CA,AWP,WE,Federal Contract Tower,0,1,13,0,14,0,2,156,3,161,0,3,169,3,175,90,0,90,265
05/16/2008,HHR,CA,AWP,WE,Federal Contract Tower,0,1,11,0,12,0,3,150,3,156,0,4,161,3,168,73,0,73,241
05/17/2008,HHR,CA,AWP,WE,Federal Contract Tower,0,0,15,0,15,0,0,149,1,150,0,0,164,1,165,34,0,34,199
05/18/2008,HHR,CA,AWP,WE,Federal Contract Tower,0,3,14,0,17,0,2,166,1,169,0,5,180,1,186,70,0,70,256
05/19/2008,HHR,CA,AWP,WE,Federal Contract Tower,0,1,17,0,18,0,0,104,1,105,0,1,121,1,123,52,0,52,175
05/20/2008,HHR,CA,AWP,WE,Federal Contract Tower,0,0,43,0,43,0,0,56,0,56,0,0,99,0,99,44,0,44,143
05/21/2008,HHR,CA,AWP,WE,Federal Contract Tower,0,0,0,0,0,0,0,0,0,0,0,0,0,0,0,0,0,0,0
05/22/2008,HHR,CA,AWP,WE,Federal Contract Tower,0,0,0,0,0,0,0,21,0,21,0,0,21,0,21,0,0,0,21
05/23/2008,HHR,CA,AWP,WE,Federal Contract Tower,0,0,12,0,12,0,29,59,3,91,0,29,71,3,103,22,0,22,125
05/24/2008,HHR,CA,AWP,WE,Federal Contract Tower,0,1,9,0,10,0,0,77,1,78,0,1,86,1,88,76,0,76,164
05/25/2008,HHR,CA,AWP,WE,Federal Contract Tower,0,2,5,0,7,0,0,66,0,66,0,2,71,0,73,94,0,94,167
05/26/2008,HHR,CA,AWP,WE,Federal Contract Tower,0,1,13,0,14,0,1,95,5,101,0,2,108,5,115,72,0,72,187
05/27/2008,HHR,CA,AWP,WE,Federal Contract Tower,0,3,8,0,11,2,1,123,2,128,2,4,131,2,139,42,0,42,181
05/28/2008,HHR,CA,AWP,WE,Federal Contract Tower,0,1,5,0,6,0,1,123,0,124,0,2,128,0,130,46,0,46,176
05/29/2008,HHR,CA,AWP,WE,Federal Contract Tower,0,9,9,0,18,0,5,91,1,97,0,14,100,1,115,98,0,98,213
05/30/2008,HHR,CA,AWP,WE,Federal Contract Tower,0,0,9,0,9,0,2,124,1,127,0,2,133,1,136,94,0,94,230
05/31/2008,HHR,CA,AWP,WE,Federal Contract Tower,0,0,15,0,15,0,0,107,1,108,0,0,122,1,123,74,0,74,197
06/01/2008,HHR,CA,AWP,WE,Federal Contract Tower,0,0,9,0,9,0,0,96,1,97,0,0,105,1,106,128,0,128,234
06/02/2008,HHR,CA,AWP,WE,Federal Contract Tower,0,0,15,0,15,0,0,75,1,76,0,0,90,1,91,92,0,92,183
06/03/2008,HHR,CA,AWP,WE,Federal Contract Tower,0,0,30,0,30,0,0,76,0,76,0,0,106,0,106,88,0,88,194
06/04/2008,HHR,CA,AWP,WE,Federal Contract Tower,0,2,18,0,20,0,0,82,2,84,0,2,100,2,104,58,0,58,162
06/05/2008,HHR,CA,AWP,WE,Federal Contract Tower,0,0,19,0,19,0,3,163,1,167,0,3,182,1,186,106,0,106,292
06/06/2008,HHR,CA,AWP,WE,Federal Contract Tower,0,0,7,0,7,0,2,137,2,141,0,2,144,2,148,80,0,80,228
06/07/2008,HHR,CA,AWP,WE,Federal Contract Tower,0,1,9,0,10,0,0,109,2,111,0,1,118,2,121,74,0,74,195
06/08/2008,HHR,CA,AWP,WE,Federal Contract Tower,0,0,11,0,11,0,1,101,0,102,0,1,112,0,113,94,0,94,207
06/09/2008,HHR,CA,AWP,WE,Federal Contract Tower,0,0,24,0,24,0,0,82,1,83,0,0,106,1,107,26,0,26,133
06/10/2008,HHR,CA,AWP,WE,Federal Contract Tower,0,4,31,0,35,0,0,60,2,62,0,4,91,2,97,20,0,20,117
06/11/2008,HHR,CA,AWP,WE,Federal Contract Tower,0,0,20,0,20,0,0,101,1,102,0,0,121,1,122,58,0,58,180
06/12/2008,HHR,CA,AWP,WE,Federal Contract Tower,0,2,29,0,31,0,1,127,0,128,0,3,156,0,159,136,0,136,295
06/13/2008,HHR,CA,AWP,WE,Federal Contract Tower,0,1,15,0,16,0,0,98,1,99,0,1,113,1,115,54,0,54,169
06/14/2008,HHR,CA,AWP,WE,Federal Contract Tower,0,1,15,0,16,0,2,66,0,68,0,3,81,0,84,38,0,38,122
06/15/2008,HHR,CA,AWP,WE,Federal Contract Tower,0,1,8,0,9,0,0,80,2,82,0,1,88,2,91,74,0,74,165
06/16/2008,HHR,CA,AWP,WE,Federal Contract Tower,0,0,7,0,7,0,2,86,3,91,0,2,93,3,98,24,0,24,122
06/17/2008,HHR,CA,AWP,WE,Federal Contract Tower,0,0,16,0,16,0,3,96,2,101,0,3,112,2,117,54,0,54,171
06/18/2008,HHR,CA,AWP,WE,Federal Contract Tower,0,0,14,0,14,0,0,134,0,134,0,0,148,0,148,42,0,42,190
06/19/2008,HHR,CA,AWP,WE,Federal Contract Tower,0,0,10,0,10,0,0,142,5,147,0,0,152,5,157,56,0,56,213
06/20/2008,HHR,CA,AWP,WE,Federal Contract Tower,0,0,11,0,11,0,2,124,3,129,0,2,135,3,140,26,0,26,166
06/21/2008,HHR,CA,AWP,WE,Federal Contract Tower,0,0,9,0,9,0,2,99,0,101,0,2,108,0,110,54,0,54,164
06/22/2008,HHR,CA,AWP,WE,Federal Contract Tower,0,0,12,0,12,0,0,106,2,108,0,0,118,2,120,74,0,74,194
06/23/2008,HHR,CA,AWP,WE,Federal Contract Tower,0,0,7,0,7,0,0,88,2,90,0,0,95,2,97,20,0,20,117
06/24/2008,HHR,CA,AWP,WE,Federal Contract Tower,0,1,21,0,22,0,1,101,1,103,0,2,122,1,125,50,0,50,175
06/25/2008,HHR,CA,AWP,WE,Federal Contract Tower,0,0,19,0,19,0,0,87,4,91,0,0,106,4,110,56,0,56,166
06/26/2008,HHR,CA,AWP,WE,Federal Contract Tower,0,1,26,0,27,0,1,81,2,84,0,2,107,2,111,52,0,52,163
06/27/2008,HHR,CA,AWP,WE,Federal Contract Tower,0,4,19,0,23,0,3,88,0,91,0,7,107,0,114,68,0,68,182
06/28/2008,HHR,CA,AWP,WE,Federal Contract Tower,0,0,13,0,13,0,0,82,0,82,0,0,95,0,95,136,0,136,231
06/29/2008,HHR,CA,AWP,WE,Federal Contract Tower,0,2,9,0,11,0,0,79,0,79,0,2,88,0,90,98,0,98,188
06/30/2008,HHR,CA,AWP,WE,Federal Contract Tower,0,0,4,0,4,0,1,98,5,104,0,1,102,5,108,34,0,34,142
07/01/2008,HHR,CA,AWP,WE,Federal Contract Tower,0,0,7,0,7,0,0,124,0,124,0,0,131,0,131,74,0,74,205
07/02/2008,HHR,CA,AWP,WE,Federal Contract Tower,0,0,10,0,10,0,2,130,0,132,0,2,140,0,142,120,0,120,262
07/03/2008,HHR,CA,AWP,WE,Federal Contract Tower,0,0,8,0,8,0,1,126,0,127,0,1,134,0,135,68,0,68,203
07/04/2008,HHR,CA,AWP,WE,Federal Contract Tower,0,0,6,0,6,0,0,69,0,69,0,0,75,0,75,18,0,18,93
07/05/2008,HHR,CA,AWP,WE,Federal Contract Tower,0,0,8,0,8,0,2,103,0,105,0,2,111,0,113,56,0,56,169
07/06/2008,HHR,CA,AWP,WE,Federal Contract Tower,0,0,24,0,24,0,0,77,0,77,0,0,101,0,101,48,0,48,149
07/07/2008,HHR,CA,AWP,WE,Federal Contract Tower,0,0,18,0,18,0,0,47,0,47,0,0,65,0,65,50,0,50,115
07/08/2008,HHR,CA,AWP,WE,Federal Contract Tower,0,2,23,2,27,0,0,112,0,112,0,2,135,2,139,94,0,94,233
07/09/2008,HHR,CA,AWP,WE,Federal Contract Tower,0,1,20,0,21,0,1,105,0,106,0,2,125,0,127,40,0,40,167
07/10/2008,HHR,CA,AWP,WE,Federal Contract Tower,0,2,18,0,20,0,1,160,0,161,0,3,178,0,181,72,0,72,253
07/11/2008,HHR,CA,AWP,WE,Federal Contract Tower,0,2,11,0,13,0,2,138,0,140,0,4,149,0,153,78,0,78,231
07/12/2008,HHR,CA,AWP,WE,Federal Contract Tower,0,0,7,0,7,0,2,95,0,97,0,2,102,0,104,96,0,96,200
07/13/2008,HHR,CA,AWP,WE,Federal Contract Tower,0,2,15,0,17,0,0,83,0,83,0,2,98,0,100,58,0,58,158
07/14/2008,HHR,CA,AWP,WE,Federal Contract Tower,0,2,10,0,12,0,0,91,0,91,0,2,101,0,103,38,0,38,141
07/15/2008,HHR,CA,AWP,WE,Federal Contract Tower,0,0,6,0,6,0,1,123,0,124,0,1,129,0,130,52,0,52,182
07/16/2008,HHR,CA,AWP,WE,Federal Contract Tower,0,0,6,0,6,0,4,136,0,140,0,4,142,0,146,66,0,66,212
07/17/2008,HHR,CA,AWP,WE,Federal Contract Tower,0,0,9,0,9,0,4,136,0,140,0,4,145,0,149,38,0,38,187
07/18/2008,HHR,CA,AWP,WE,Federal Contract Tower,0,0,35,0,35,0,2,72,0,74,0,2,107,0,109,72,0,72,181
07/19/2008,HHR,CA,AWP,WE,Federal Contract Tower,0,1,19,0,20,0,1,62,0,63,0,2,81,0,83,64,0,64,147
07/20/2008,HHR,CA,AWP,WE,Federal Contract Tower,0,3,13,0,16,0,1,69,0,70,0,4,82,0,86,104,0,104,190
07/21/2008,HHR,CA,AWP,WE,Federal Contract Tower,0,1,2,0,3,0,1,105,0,106,0,2,107,0,109,30,0,30,139
07/22/2008,HHR,CA,AWP,WE,Federal Contract Tower,0,1,16,0,17,0,3,129,0,132,0,4,145,0,149,62,0,62,211
07/23/2008,HHR,CA,AWP,WE,Federal Contract Tower,0,1,12,0,13,0,1,105,0,106,0,2,117,0,119,64,0,64,183
07/24/2008,HHR,CA,AWP,WE,Federal Contract Tower,0,3,29,0,32,0,1,131,0,132,0,4,160,0,164,64,0,64,228
07/25/2008,HHR,CA,AWP,WE,Federal Contract Tower,0,2,12,0,14,0,2,128,0,130,0,4,140,0,144,52,0,52,196
07/26/2008,HHR,CA,AWP,WE,Federal Contract Tower,0,0,2,0,2,0,2,78,0,80,0,2,80,0,82,84,0,84,166
07/27/2008,HHR,CA,AWP,WE,Federal Contract Tower,0,7,19,0,26,0,0,67,0,67,0,7,86,0,93,48,0,48,141
07/28/2008,HHR,CA,AWP,WE,Federal Contract Tower,0,0,18,0,18,0,0,91,0,91,0,0,109,0,109,16,0,16,125
07/29/2008,HHR,CA,AWP,WE,Federal Contract Tower,0,1,18,0,19,0,1,84,0,85,0,2,102,0,104,74,0,74,178
07/30/2008,HHR,CA,AWP,WE,Federal Contract Tower,0,0,16,0,16,0,2,105,0,107,0,2,121,0,123,60,0,60,183
07/31/2008,HHR,CA,AWP,WE,Federal Contract Tower,0,1,26,0,27,0,2,87,0,89,0,3,113,0,116,56,0,56,172
08/01/2008,HHR,CA,AWP,WE,Federal Contract Tower,0,0,16,0,16,0,2,66,2,70,0,2,82,2,86,30,4,34,120
08/02/2008,HHR,CA,AWP,WE,Federal Contract Tower,0,0,7,0,7,0,0,78,0,78,0,0,85,0,85,116,0,116,201
08/03/2008,HHR,CA,AWP,WE,Federal Contract Tower,0,1,16,0,17,0,1,69,0,70,0,2,85,0,87,34,0,34,121
08/04/2008,HHR,CA,AWP,WE,Federal Contract Tower,0,1,10,0,11,0,2,75,0,77,0,3,85,0,88,40,0,40,128
08/05/2008,HHR,CA,AWP,WE,Federal Contract Tower,0,0,10,0,10,0,6,114,0,120,0,6,124,0,130,58,0,58,188
08/06/2008,HHR,CA,AWP,WE,Federal Contract Tower,0,1,4,0,5,0,1,115,0,116,0,2,119,0,121,74,0,74,195
08/07/2008,HHR,CA,AWP,WE,Federal Contract Tower,0,1,8,0,9,0,1,105,0,106,0,2,113,0,115,54,0,54,169
08/08/2008,HHR,CA,AWP,WE,Federal Contract Tower,0,0,11,0,11,0,2,144,0,146,0,2,155,0,157,130,0,130,287
08/09/2008,HHR,CA,AWP,WE,Federal Contract Tower,0,0,9,0,9,0,1,105,0,106,0,1,114,0,115,74,0,74,189
08/10/2008,HHR,CA,AWP,WE,Federal Contract Tower,0,0,4,0,4,0,2,78,0,80,0,2,82,0,84,48,0,48,132
08/11/2008,HHR,CA,AWP,WE,Federal Contract Tower,0,3,16,0,19,0,1,98,0,99,0,4,114,0,118,36,0,36,154
08/12/2008,HHR,CA,AWP,WE,Federal Contract Tower,0,1,14,0,15,0,3,87,0,90,0,4,101,0,105,44,0,44,149
08/13/2008,HHR,CA,AWP,WE,Federal Contract Tower,0,0,14,0,14,0,5,88,0,93,0,5,102,0,107,14,0,14,121
08/14/2008,HHR,CA,AWP,WE,Federal Contract Tower,0,0,11,0,11,0,5,106,0,111,0,5,117,0,122,20,0,20,142
08/15/2008,HHR,CA,AWP,WE,Federal Contract Tower,0,0,5,0,5,0,1,97,0,98,0,1,102,0,103,14,0,14,117
08/16/2008,HHR,CA,AWP,WE,Federal Contract Tower,0,1,12,0,13,0,3,88,0,91,0,4,100,0,104,20,0,20,124
08/17/2008,HHR,CA,AWP,WE,Federal Contract Tower,0,0,19,0,19,0,2,96,0,98,0,2,115,0,117,98,0,98,215
08/18/2008,HHR,CA,AWP,WE,Federal Contract Tower,0,0,22,0,22,0,1,94,0,95,0,1,116,0,117,18,0,18,135
08/19/2008,HHR,CA,AWP,WE,Federal Contract Tower,0,4,144,0,148,0,1,19,0,20,0,5,163,0,168,72,0,72,240
08/20/2008,HHR,CA,AWP,WE,Federal Contract Tower,0,3,14,0,17,0,3,120,0,123,0,6,134,0,140,62,0,62,202
08/21/2008,HHR,CA,AWP,WE,Federal Contract Tower,0,1,18,0,19,0,2,116,0,118,0,3,134,0,137,52,0,52,189
08/22/2008,HHR,CA,AWP,WE,Federal Contract Tower,0,0,11,0,11,0,2,94,0,96,0,2,105,0,107,36,0,36,143
08/23/2008,HHR,CA,AWP,WE,Federal Contract Tower,0,3,16,0,19,0,1,72,0,73,0,4,88,0,92,34,0,34,126
08/24/2008,HHR,CA,AWP,WE,Federal Contract Tower,0,1,17,0,18,0,2,106,1,109,0,3,123,1,127,74,0,74,201
08/25/2008,HHR,CA,AWP,WE,Federal Contract Tower,0,3,10,0,13,0,4,126,0,130,0,7,136,0,143,44,0,44,187
08/26/2008,HHR,CA,AWP,WE,Federal Contract Tower,0,2,21,0,23,0,4,116,0,120,0,6,137,0,143,76,0,76,219
08/27/2008,HHR,CA,AWP,WE,Federal Contract Tower,0,1,12,0,13,0,2,93,0,95,0,3,105,0,108,30,0,30,138
08/28/2008,HHR,CA,AWP,WE,Federal Contract Tower,0,2,32,0,34,0,2,87,0,89,0,4,119,0,123,34,0,34,157
08/29/2008,HHR,CA,AWP,WE,Federal Contract Tower,0,2,20,0,22,0,1,127,0,128,0,3,147,0,150,12,0,12,162
08/30/2008,HHR,CA,AWP,WE,Federal Contract Tower,0,1,4,0,5,0,2,97,0,99,0,3,101,0,104,68,0,68,172
08/31/2008,HHR,CA,AWP,WE,Federal Contract Tower,0,2,8,0,10,0,0,74,0,74,0,2,82,0,84,40,0,40,124
09/01/2008,HHR,CA,AWP,WE,Federal Contract Tower,0,0,18,0,18,0,0,93,0,93,0,0,111,0,111,60,0,60,171
09/02/2008,HHR,CA,AWP,WE,Federal Contract Tower,0,0,18,0,18,0,0,103,0,103,0,0,121,0,121,38,0,38,159
09/03/2008,HHR,CA,AWP,WE,Federal Contract Tower,0,0,13,0,13,0,1,90,2,93,0,1,103,2,106,32,0,32,138
09/04/2008,HHR,CA,AWP,WE,Federal Contract Tower,0,1,11,0,12,0,1,111,1,113,0,2,122,1,125,52,0,52,177
09/05/2008,HHR,CA,AWP,WE,Federal Contract Tower,0,0,8,0,8,0,0,130,0,130,0,0,138,0,138,38,0,38,176
09/06/2008,HHR,CA,AWP,WE,Federal Contract Tower,0,0,7,0,7,0,0,70,0,70,0,0,77,0,77,10,0,10,87
09/07/2008,HHR,CA,AWP,WE,Federal Contract Tower,0,2,11,0,13,0,1,53,0,54,0,3,64,0,67,60,0,60,127
09/08/2008,HHR,CA,AWP,WE,Federal Contract Tower,0,1,23,0,24,0,1,75,0,76,0,2,98,0,100,26,0,26,126
09/09/2008,HHR,CA,AWP,WE,Federal Contract Tower,0,1,12,0,13,0,1,58,0,59,0,2,70,0,72,48,0,48,120
09/10/2008,HHR,CA,AWP,WE,Federal Contract Tower,0,0,11,0,11,0,2,102,1,105,0,2,113,1,116,28,0,28,144
09/11/2008,HHR,CA,AWP,WE,Federal Contract Tower,0,1,28,0,29,0,1,73,0,74,0,2,101,0,103,48,0,48,151
09/12/2008,HHR,CA,AWP,WE,Federal Contract Tower,0,2,38,0,40,0,0,76,2,78,0,2,114,2,118,46,0,46,164
09/13/2008,HHR,CA,AWP,WE,Federal Contract Tower,0,2,19,0,21,0,1,50,0,51,0,3,69,0,72,20,0,20,92
09/14/2008,HHR,CA,AWP,WE,Federal Contract Tower,0,2,17,0,19,0,1,48,0,49,0,3,65,0,68,58,0,58,126
09/15/2008,HHR,CA,AWP,WE,Federal Contract Tower,0,2,6,0,8,0,1,76,0,77,0,3,82,0,85,26,0,26,111
09/16/2008,HHR,CA,AWP,WE,Federal Contract Tower,0,0,15,0,15,0,2,94,2,98,0,2,109,2,113,58,0,58,171
09/17/2008,HHR,CA,AWP,WE,Federal Contract Tower,0,1,35,0,36,0,1,101,0,102,0,2,136,0,138,82,0,82,220
09/18/2008,HHR,CA,AWP,WE,Federal Contract Tower,0,0,10,0,10,0,3,103,0,106,0,3,113,0,116,30,0,30,146
09/19/2008,HHR,CA,AWP,WE,Federal Contract Tower,0,0,14,0,14,0,2,101,1,104,0,2,115,1,118,44,0,44,162
09/20/2008,HHR,CA,AWP,WE,Federal Contract Tower,0,0,3,0,3,0,3,100,0,103,0,3,103,0,106,52,0,52,158
09/21/2008,HHR,CA,AWP,WE,Federal Contract Tower,0,1,12,0,13,0,1,68,0,69,0,2,80,0,82,64,0,64,146
09/22/2008,HHR,CA,AWP,WE,Federal Contract Tower,0,1,17,0,18,0,1,84,0,85,0,2,101,0,103,36,0,36,139
09/23/2008,HHR,CA,AWP,WE,Federal Contract Tower,0,1,18,0,19,0,1,82,0,83,0,2,100,0,102,28,0,28,130
09/24/2008,HHR,CA,AWP,WE,Federal Contract Tower,0,1,11,0,12,0,1,90,2,93,0,2,101,2,105,60,0,60,165
09/25/2008,HHR,CA,AWP,WE,Federal Contract Tower,0,0,6,0,6,0,2,125,1,128,0,2,131,1,134,66,0,66,200
09/26/2008,HHR,CA,AWP,WE,Federal Contract Tower,0,0,12,0,12,0,2,101,1,104,0,2,113,1,116,54,0,54,170
09/27/2008,HHR,CA,AWP,WE,Federal Contract Tower,0,1,8,0,9,0,0,51,0,51,0,1,59,0,60,8,0,8,68
09/28/2008,HHR,CA,AWP,WE,Federal Contract Tower,0,0,24,0,24,0,1,58,0,59,0,1,82,0,83,26,0,26,109
09/29/2008,HHR,CA,AWP,WE,Federal Contract Tower,0,1,8,0,9,0,0,67,0,67,0,1,75,0,76,62,0,62,138
09/30/2008,HHR,CA,AWP,WE,Federal Contract Tower,0,0,6,0,6,0,0,99,1,100,0,0,105,1,106,90,0,90,196
10/01/2008,HHR,CA,AWP,WE,Federal Contract Tower,0,3,8,0,11,0,1,97,0,98,0,4,105,0,109,30,0,30,139
10/02/2008,HHR,CA,AWP,WE,Federal Contract Tower,0,0,10,0,10,0,0,123,0,123,0,0,133,0,133,128,2,130,263
10/03/2008,HHR,CA,AWP,WE,Federal Contract Tower,0,0,15,0,15,0,0,114,2,116,0,0,129,2,131,58,0,58,189
10/04/2008,HHR,CA,AWP,WE,Federal Contract Tower,0,0,18,0,18,0,0,38,0,38,0,0,56,0,56,58,0,58,114
10/05/2008,HHR,CA,AWP,WE,Federal Contract Tower,0,1,11,0,12,0,1,64,0,65,0,2,75,0,77,56,0,56,133
10/06/2008,HHR,CA,AWP,WE,Federal Contract Tower,0,0,3,0,3,0,0,100,0,100,0,0,103,0,103,27,0,27,130
10/07/2008,HHR,CA,AWP,WE,Federal Contract Tower,0,0,12,0,12,0,2,124,0,126,0,2,136,0,138,32,0,32,170
10/08/2008,HHR,CA,AWP,WE,Federal Contract Tower,0,2,1,0,3,0,0,127,0,127,0,2,128,0,130,68,0,68,198
10/09/2008,HHR,CA,AWP,WE,Federal Contract Tower,0,0,11,0,11,0,0,105,2,107,0,0,116,2,118,112,0,112,230
10/10/2008,HHR,CA,AWP,WE,Federal Contract Tower,0,0,14,0,14,0,2,136,1,139,0,2,150,1,153,64,0,64,217
10/11/2008,HHR,CA,AWP,WE,Federal Contract Tower,0,1,4,0,5,0,2,87,0,89,0,3,91,0,94,48,0,48,142
10/12/2008,HHR,CA,AWP,WE,Federal Contract Tower,0,0,15,0,15,0,2,64,2,68,0,2,79,2,83,60,0,60,143
10/13/2008,HHR,CA,AWP,WE,Federal Contract Tower,0,0,10,0,10,0,0,66,0,66,0,0,76,0,76,10,0,10,86
10/14/2008,HHR,CA,AWP,WE,Federal Contract Tower,0,0,7,0,7,0,4,98,2,104,0,4,105,2,111,14,0,14,125
10/15/2008,HHR,CA,AWP,WE,Federal Contract Tower,0,1,11,0,12,0,0,123,1,124,0,1,134,1,136,60,0,60,196
10/16/2008,HHR,CA,AWP,WE,Federal Contract Tower,0,0,17,0,17,0,2,124,2,128,0,2,141,2,145,38,0,38,183
10/17/2008,HHR,CA,AWP,WE,Federal Contract Tower,0,1,4,0,5,0,2,115,1,118,0,3,119,1,123,32,0,32,155
10/18/2008,HHR,CA,AWP,WE,Federal Contract Tower,0,0,5,0,5,0,3,105,0,108,0,3,110,0,113,20,0,20,133
10/19/2008,HHR,CA,AWP,WE,Federal Contract Tower,0,1,10,0,11,0,0,90,0,90,0,1,100,0,101,80,0,80,181
10/20/2008,HHR,CA,AWP,WE,Federal Contract Tower,0,0,16,0,16,0,0,85,3,88,0,0,101,3,104,16,0,16,120
10/21/2008,HHR,CA,AWP,WE,Federal Contract Tower,0,0,14,0,14,0,3,103,0,106,0,3,117,0,120,60,0,60,180
10/22/2008,HHR,CA,AWP,WE,Federal Contract Tower,0,0,10,0,10,0,0,90,0,90,0,0,100,0,100,26,0,26,126
10/23/2008,HHR,CA,AWP,WE,Federal Contract Tower,0,0,17,0,17,0,1,112,0,113,0,1,129,0,130,24,0,24,154
10/24/2008,HHR,CA,AWP,WE,Federal Contract Tower,0,0,5,0,5,0,3,117,1,121,0,3,122,1,126,72,0,72,198
10/25/2008,HHR,CA,AWP,WE,Federal Contract Tower,0,2,7,0,9,0,0,134,1,135,0,2,141,1,144,44,0,44,188
10/26/2008,HHR,CA,AWP,WE,Federal Contract Tower,0,3,21,0,24,0,2,77,0,79,0,5,98,0,103,68,0,68,171
10/27/2008,HHR,CA,AWP,WE,Federal Contract Tower,0,0,10,0,10,0,3,96,1,100,0,3,106,1,110,12,0,12,122
10/28/2008,HHR,CA,AWP,WE,Federal Contract Tower,0,0,11,0,11,0,2,112,0,114,0,2,123,0,125,32,0,32,157
10/29/2008,HHR,CA,AWP,WE,Federal Contract Tower,0,2,11,0,13,0,1,73,0,74,0,3,84,0,87,50,0,50,137
10/30/2008,HHR,CA,AWP,WE,Federal Contract Tower,0,1,16,0,17,0,1,87,0,88,0,2,103,0,105,26,0,26,131
10/31/2008,HHR,CA,AWP,WE,Federal Contract Tower,0,0,12,0,12,0,0,82,0,82,0,0,94,0,94,48,0,48,142
11/01/2008,HHR,CA,AWP,WE,Federal Contract Tower,0,2,12,0,14,0,1,98,0,99,0,3,110,0,113,42,0,42,155
11/02/2008,HHR,CA,AWP,WE,Federal Contract Tower,0,0,19,0,19,0,0,48,0,48,0,0,67,0,67,22,0,22,89
11/03/2008,HHR,CA,AWP,WE,Federal Contract Tower,0,0,24,0,24,0,0,71,0,71,0,0,95,0,95,6,0,6,101
11/04/2008,HHR,CA,AWP,WE,Federal Contract Tower,0,2,17,0,19,0,3,81,0,84,0,5,98,0,103,26,0,26,129
11/05/2008,HHR,CA,AWP,WE,Federal Contract Tower,0,0,8,0,8,0,1,101,3,105,0,1,109,3,113,46,0,46,159
11/06/2008,HHR,CA,AWP,WE,Federal Contract Tower,0,0,12,0,12,0,0,115,0,115,0,0,127,0,127,46,0,46,173
11/07/2008,HHR,CA,AWP,WE,Federal Contract Tower,0,2,17,0,19,0,1,127,0,128,0,3,144,0,147,40,0,40,187
11/08/2008,HHR,CA,AWP,WE,Federal Contract Tower,0,0,14,0,14,0,1,101,0,102,0,1,115,0,116,22,0,22,138
11/09/2008,HHR,CA,AWP,WE,Federal Contract Tower,0,4,11,0,15,0,1,40,0,41,0,5,51,0,56,52,0,52,108
11/10/2008,HHR,CA,AWP,WE,Federal Contract Tower,0,0,13,0,13,0,0,83,0,83,0,0,96,0,96,30,0,30,126
11/11/2008,HHR,CA,AWP,WE,Federal Contract Tower,0,0,13,0,13,0,2,113,0,115,0,2,126,0,128,68,0,68,196
11/12/2008,HHR,CA,AWP,WE,Federal Contract Tower,0,0,13,0,13,0,0,103,4,107,0,0,116,4,120,40,0,40,160
11/13/2008,HHR,CA,AWP,WE,Federal Contract Tower,0,3,14,0,17,0,2,117,0,119,0,5,131,0,136,24,0,24,160
11/14/2008,HHR,CA,AWP,WE,Federal Contract Tower,0,4,10,0,14,0,0,93,0,93,0,4,103,0,107,60,0,60,167
11/15/2008,HHR,CA,AWP,WE,Federal Contract Tower,0,0,8,0,8,0,4,78,0,82,0,4,86,0,90,54,0,54,144
11/16/2008,HHR,CA,AWP,WE,Federal Contract Tower,0,2,19,0,21,0,2,52,0,54,0,4,71,0,75,10,0,10,85
11/17/2008,HHR,CA,AWP,WE,Federal Contract Tower,0,0,15,0,15,0,0,107,1,108,0,0,122,1,123,20,0,20,143
11/18/2008,HHR,CA,AWP,WE,Federal Contract Tower,0,0,9,0,9,0,2,113,0,115,0,2,122,0,124,44,0,44,168
11/19/2008,HHR,CA,AWP,WE,Federal Contract Tower,0,0,14,0,14,0,0,108,0,108,0,0,122,0,122,16,0,16,138
11/20/2008,HHR,CA,AWP,WE,Federal Contract Tower,0,0,15,0,15,0,0,67,0,67,0,0,82,0,82,36,0,36,118
11/21/2008,HHR,CA,AWP,WE,Federal Contract Tower,0,2,12,0,14,0,2,116,0,118,0,4,128,0,132,62,0,62,194
11/22/2008,HHR,CA,AWP,WE,Federal Contract Tower,0,0,11,0,11,0,2,107,0,109,0,2,118,0,120,54,0,54,174
11/23/2008,HHR,CA,AWP,WE,Federal Contract Tower,0,2,18,0,20,0,1,60,0,61,0,3,78,0,81,38,0,38,119
11/24/2008,HHR,CA,AWP,WE,Federal Contract Tower,0,0,13,0,13,0,0,115,0,115,0,0,128,0,128,30,0,30,158
11/25/2008,HHR,CA,AWP,WE,Federal Contract Tower,0,0,17,0,17,0,2,73,0,75,0,2,90,0,92,20,0,20,112
11/26/2008,HHR,CA,AWP,WE,Federal Contract Tower,0,1,32,2,35,0,0,77,1,78,0,1,109,3,113,50,0,50,163
11/27/2008,HHR,CA,AWP,WE,Federal Contract Tower,0,2,6,0,8,0,0,46,0,46,0,2,52,0,54,22,0,22,76
11/28/2008,HHR,CA,AWP,WE,Federal Contract Tower,0,0,13,0,13,0,0,50,1,51,0,0,63,1,64,56,0,56,120
11/29/2008,HHR,CA,AWP,WE,Federal Contract Tower,0,0,20,0,20,0,3,63,0,66,0,3,83,0,86,22,0,22,108
11/30/2008,HHR,CA,AWP,WE,Federal Contract Tower,0,0,21,0,21,0,0,52,0,52,0,0,73,0,73,74,0,74,147
12/01/2008,HHR,CA,AWP,WE,Federal Contract Tower,0,0,13,0,13,0,0,54,0,54,0,0,67,0,67,24,0,24,91
12/02/2008,HHR,CA,AWP,WE,Federal Contract Tower,0,3,30,1,34,0,1,6,1,8,0,4,36,2,42,16,0,16,58
12/03/2008,HHR,CA,AWP,WE,Federal Contract Tower,0,0,46,0,46,0,0,53,0,53,0,0,99,0,99,16,0,16,115
12/04/2008,HHR,CA,AWP,WE,Federal Contract Tower,0,1,23,0,24,0,1,80,1,82,0,2,103,1,106,8,0,8,114
12/05/2008,HHR,CA,AWP,WE,Federal Contract Tower,0,1,22,0,23,0,1,104,2,107,0,2,126,2,130,28,0,28,158
12/06/2008,HHR,CA,AWP,WE,Federal Contract Tower,0,0,9,0,9,0,0,106,0,106,0,0,115,0,115,76,0,76,191
12/07/2008,HHR,CA,AWP,WE,Federal Contract Tower,0,1,6,0,7,0,0,47,1,48,0,1,53,1,55,40,0,40,95
12/08/2008,HHR,CA,AWP,WE,Federal Contract Tower,0,2,21,0,23,0,0,76,0,76,0,2,97,0,99,14,0,14,113
12/09/2008,HHR,CA,AWP,WE,Federal Contract Tower,0,0,10,0,10,0,2,87,1,90,0,2,97,1,100,52,0,52,152
12/10/2008,HHR,CA,AWP,WE,Federal Contract Tower,0,0,10,0,10,0,0,117,6,123,0,0,127,6,133,26,0,26,159
12/11/2008,HHR,CA,AWP,WE,Federal Contract Tower,0,0,11,0,11,0,0,96,0,96,0,0,107,0,107,58,0,58,165
12/12/2008,HHR,CA,AWP,WE,Federal Contract Tower,0,2,18,0,20,0,1,82,1,84,0,3,100,1,104,64,0,64,168
12/13/2008,HHR,CA,AWP,WE,Federal Contract Tower,0,2,21,0,23,0,1,53,0,54,0,3,74,0,77,26,0,26,103
12/14/2008,HHR,CA,AWP,WE,Federal Contract Tower,0,0,4,0,4,0,2,75,2,79,0,2,79,2,83,48,0,48,131
12/15/2008,HHR,CA,AWP,WE,Federal Contract Tower,0,0,20,0,20,0,0,10,2,12,0,0,30,2,32,2,0,2,34
12/16/2008,HHR,CA,AWP,WE,Federal Contract Tower,0,2,13,0,15,0,2,84,0,86,0,4,97,0,101,66,0,66,167
12/17/2008,HHR,CA,AWP,WE,Federal Contract Tower,0,0,11,0,11,0,0,11,0,11,0,0,22,0,22,20,0,20,42
12/18/2008,HHR,CA,AWP,WE,Federal Contract Tower,0,4,12,0,16,0,2,85,0,87,0,6,97,0,103,56,0,56,159
12/19/2008,HHR,CA,AWP,WE,Federal Contract Tower,0,0,10,0,10,0,0,83,0,83,0,0,93,0,93,34,0,34,127
12/20/2008,HHR,CA,AWP,WE,Federal Contract Tower,0,0,5,0,5,0,0,98,0,98,0,0,103,0,103,28,0,28,131
12/21/2008,HHR,CA,AWP,WE,Federal Contract Tower,0,2,1,0,3,0,0,96,0,96,0,2,97,0,99,74,0,74,173
12/22/2008,HHR,CA,AWP,WE,Federal Contract Tower,0,0,12,0,12,0,0,11,0,11,0,0,23,0,23,6,0,6,29
12/23/2008,HHR,CA,AWP,WE,Federal Contract Tower,0,0,15,0,15,0,2,53,0,55,0,2,68,0,70,52,0,52,122
12/24/2008,HHR,CA,AWP,WE,Federal Contract Tower,0,0,2,0,2,0,0,25,0,25,0,0,27,0,27,62,0,62,89
12/25/2008,HHR,CA,AWP,WE,Federal Contract Tower,0,0,0,0,0,0,0,0,0,0,0,0,0,0,0,0,0,0,0
12/26/2008,HHR,CA,AWP,WE,Federal Contract Tower,0,0,5,0,5,0,0,54,0,54,0,0,59,0,59,6,0,6,65
12/27/2008,HHR,CA,AWP,WE,Federal Contract Tower,0,2,2,0,4,0,0,85,0,85,0,2,87,0,89,20,0,20,109
12/28/2008,HHR,CA,AWP,WE,Federal Contract Tower,0,0,8,0,8,0,0,111,0,111,0,0,119,0,119,56,0,56,175
12/29/2008,HHR,CA,AWP,WE,Federal Contract Tower,0,0,2,0,2,0,4,93,0,97,0,4,95,0,99,16,0,16,115
12/30/2008,HHR,CA,AWP,WE,Federal Contract Tower,0,1,9,0,10,0,5,119,2,126,0,6,128,2,136,32,0,32,168
12/31/2008,HHR,CA,AWP,WE,Federal Contract Tower,0,1,10,0,11,0,1,35,0,36,0,2,45,0,47,32,0,32,79
01/01/2009,HHR,CA,AWP,WE,Federal Contract Tower,0,2,14,0,16,0,0,2,0,2,0,2,16,0,18,34,0,34,52
01/02/2009,HHR,CA,AWP,WE,Federal Contract Tower,0,3,13,0,16,0,0,16,2,18,0,3,29,2,34,0,0,0,34
01/03/2009,HHR,CA,AWP,WE,Federal Contract Tower,0,0,11,0,11,0,0,42,0,42,0,0,53,0,53,30,0,30,83
01/04/2009,HHR,CA,AWP,WE,Federal Contract Tower,0,0,15,0,15,0,0,144,1,145,0,0,159,1,160,68,0,68,228
01/05/2009,HHR,CA,AWP,WE,Federal Contract Tower,0,0,8,0,8,0,2,78,0,80,0,2,86,0,88,52,0,52,140
01/06/2009,HHR,CA,AWP,WE,Federal Contract Tower,0,0,5,0,5,0,2,95,0,97,0,2,100,0,102,52,0,52,154
01/07/2009,HHR,CA,AWP,WE,Federal Contract Tower,0,0,11,0,11,0,2,59,0,61,0,2,70,0,72,96,0,96,168
01/08/2009,HHR,CA,AWP,WE,Federal Contract Tower,0,4,27,0,31,0,0,60,0,60,0,4,87,0,91,54,0,54,145
01/09/2009,HHR,CA,AWP,WE,Federal Contract Tower,0,0,16,0,16,0,2,59,3,64,0,2,75,3,80,20,0,20,100
01/10/2009,HHR,CA,AWP,WE,Federal Contract Tower,0,0,3,0,3,0,0,90,2,92,0,0,93,2,95,148,0,148,243
01/11/2009,HHR,CA,AWP,WE,Federal Contract Tower,0,0,5,0,5,0,0,127,2,129,0,0,132,2,134,78,0,78,212
01/12/2009,HHR,CA,AWP,WE,Federal Contract Tower,0,0,19,0,19,0,2,129,2,133,0,2,148,2,152,40,0,40,192
01/13/2009,HHR,CA,AWP,WE,Federal Contract Tower,0,0,15,0,15,0,0,112,0,112,0,0,127,0,127,16,0,16,143
01/14/2009,HHR,CA,AWP,WE,Federal Contract Tower,0,0,6,0,6,0,4,83,1,88,0,4,89,1,94,66,0,66,160
01/15/2009,HHR,CA,AWP,WE,Federal Contract Tower,0,0,9,0,9,0,1,86,0,87,0,1,95,0,96,46,0,46,142
01/16/2009,HHR,CA,AWP,WE,Federal Contract Tower,0,0,11,0,11,0,2,104,1,107,0,2,115,1,118,18,0,18,136
01/17/2009,HHR,CA,AWP,WE,Federal Contract Tower,0,0,7,0,7,0,0,116,0,116,0,0,123,0,123,96,0,96,219
01/18/2009,HHR,CA,AWP,WE,Federal Contract Tower,0,0,6,0,6,0,2,115,0,117,0,2,121,0,123,66,0,66,189
01/19/2009,HHR,CA,AWP,WE,Federal Contract Tower,0,2,5,0,7,0,2,137,0,139,0,4,142,0,146,64,0,64,210
01/20/2009,HHR,CA,AWP,WE,Federal Contract Tower,0,2,9,0,11,0,0,100,0,100,0,2,109,0,111,50,0,50,161
01/21/2009,HHR,CA,AWP,WE,Federal Contract Tower,0,1,7,0,8,0,0,86,0,86,0,1,93,0,94,42,0,42,136
01/22/2009,HHR,CA,AWP,WE,Federal Contract Tower,0,4,20,0,24,0,1,66,0,67,0,5,86,0,91,48,0,48,139
01/23/2009,HHR,CA,AWP,WE,Federal Contract Tower,0,1,13,0,14,0,0,13,0,13,0,1,26,0,27,2,0,2,29
01/24/2009,HHR,CA,AWP,WE,Federal Contract Tower,0,0,12,0,12,0,0,39,1,40,0,0,51,1,52,10,0,10,62
01/25/2009,HHR,CA,AWP,WE,Federal Contract Tower,0,0,13,0,13,0,0,122,0,122,0,0,135,0,135,56,0,56,191
01/26/2009,HHR,CA,AWP,WE,Federal Contract Tower,0,0,8,0,8,0,5,66,0,71,0,5,74,0,79,12,0,12,91
01/27/2009,HHR,CA,AWP,WE,Federal Contract Tower,0,3,14,0,17,0,0,84,0,84,0,3,98,0,101,38,0,38,139
01/28/2009,HHR,CA,AWP,WE,Federal Contract Tower,0,1,13,0,14,0,0,88,0,88,0,1,101,0,102,21,0,21,123
01/29/2009,HHR,CA,AWP,WE,Federal Contract Tower,0,5,13,0,18,0,2,89,0,91,0,7,102,0,109,70,0,70,179
01/30/2009,HHR,CA,AWP,WE,Federal Contract Tower,0,2,13,0,15,0,3,100,0,103,0,5,113,0,118,68,0,68,186
01/31/2009,HHR,CA,AWP,WE,Federal Contract Tower,0,0,5,0,5,0,0,118,0,118,0,0,123,0,123,72,0,72,195
02/01/2009,HHR,CA,AWP,WE,Federal Contract Tower,0,0,6,0,6,0,0,78,0,78,0,0,84,0,84,44,0,44,128
02/02/2009,HHR,CA,AWP,WE,Federal Contract Tower,0,2,5,0,7,0,0,92,0,92,0,2,97,0,99,20,0,20,119
02/03/2009,HHR,CA,AWP,WE,Federal Contract Tower,0,0,6,0,6,0,0,100,3,103,0,0,106,3,109,42,0,42,151
02/04/2009,HHR,CA,AWP,WE,Federal Contract Tower,0,0,11,0,11,0,0,91,0,91,0,0,102,0,102,38,0,38,140
02/05/2009,HHR,CA,AWP,WE,Federal Contract Tower,0,0,22,0,22,0,0,31,0,31,0,0,53,0,53,0,0,0,53
02/06/2009,HHR,CA,AWP,WE,Federal Contract Tower,0,2,10,0,12,0,3,15,0,18,0,5,25,0,30,0,0,0,30
02/07/2009,HHR,CA,AWP,WE,Federal Contract Tower,0,3,2,0,5,0,1,27,0,28,0,4,29,0,33,40,0,40,73
02/08/2009,HHR,CA,AWP,WE,Federal Contract Tower,0,0,12,0,12,0,0,54,0,54,0,0,66,0,66,58,0,58,124
02/09/2009,HHR,CA,AWP,WE,Federal Contract Tower,0,0,14,0,14,0,0,46,0,46,0,0,60,0,60,6,0,6,66
02/10/2009,HHR,CA,AWP,WE,Federal Contract Tower,0,1,12,0,13,0,2,127,0,129,0,3,139,0,142,74,0,74,216
02/11/2009,HHR,CA,AWP,WE,Federal Contract Tower,0,0,18,0,18,0,2,86,0,88,0,2,104,0,106,22,20,42,148
02/12/2009,HHR,CA,AWP,WE,Federal Contract Tower,0,0,16,0,16,0,5,70,0,75,0,5,86,0,91,16,0,16,107
02/13/2009,HHR,CA,AWP,WE,Federal Contract Tower,0,0,25,0,25,0,0,67,0,67,0,0,92,0,92,10,0,10,102
02/14/2009,HHR,CA,AWP,WE,Federal Contract Tower,0,0,9,0,9,0,0,75,0,75,0,0,84,0,84,104,0,104,188
02/15/2009,HHR,CA,AWP,WE,Federal Contract Tower,0,0,9,0,9,0,1,64,0,65,0,1,73,0,74,38,0,38,112
02/16/2009,HHR,CA,AWP,WE,Federal Contract Tower,0,2,20,0,22,0,10,0,0,10,0,12,20,0,32,2,0,2,34
02/17/2009,HHR,CA,AWP,WE,Federal Contract Tower,0,2,22,0,24,0,2,79,2,83,0,4,101,2,107,24,0,24,131
02/18/2009,HHR,CA,AWP,WE,Federal Contract Tower,0,2,10,0,12,0,0,99,0,99,0,2,109,0,111,86,0,86,197
02/19/2009,HHR,CA,AWP,WE,Federal Contract Tower,0,0,5,0,5,0,0,155,0,155,0,0,160,0,160,14,0,14,174
02/20/2009,HHR,CA,AWP,WE,Federal Contract Tower,0,1,5,0,6,0,2,134,0,136,0,3,139,0,142,86,0,86,228
02/21/2009,HHR,CA,AWP,WE,Federal Contract Tower,0,0,7,0,7,0,1,134,0,135,0,1,141,0,142,58,0,58,200
02/22/2009,HHR,CA,AWP,WE,Federal Contract Tower,0,0,7,0,7,0,2,68,0,70,0,2,75,0,77,70,0,70,147
02/23/2009,HHR,CA,AWP,WE,Federal Contract Tower,0,3,13,0,16,0,3,99,0,102,0,6,112,0,118,30,0,30,148
02/24/2009,HHR,CA,AWP,WE,Federal Contract Tower,0,1,13,0,14,0,1,79,0,80,0,2,92,0,94,28,0,28,122
02/25/2009,HHR,CA,AWP,WE,Federal Contract Tower,0,3,22,0,25,0,0,121,0,121,0,3,143,0,146,44,0,44,190
02/26/2009,HHR,CA,AWP,WE,Federal Contract Tower,0,0,16,0,16,0,2,88,2,92,0,2,104,2,108,56,0,56,164
02/27/2009,HHR,CA,AWP,WE,Federal Contract Tower,0,0,28,0,28,0,0,94,1,95,0,0,122,1,123,120,0,120,243
02/28/2009,HHR,CA,AWP,WE,Federal Contract Tower,0,0,0,0,0,0,3,118,1,122,0,3,118,1,122,58,0,58,180
03/01/2009,HHR,CA,AWP,WE,Federal Contract Tower,0,0,8,0,8,0,2,133,0,135,0,2,141,0,143,70,0,70,213
03/02/2009,HHR,CA,AWP,WE,Federal Contract Tower,0,1,0,0,1,0,1,63,0,64,0,2,63,0,65,8,0,8,73
03/03/2009,HHR,CA,AWP,WE,Federal Contract Tower,0,1,9,0,10,0,3,115,1,119,0,4,124,1,129,108,0,108,237
03/04/2009,HHR,CA,AWP,WE,Federal Contract Tower,0,0,23,0,23,0,0,27,0,27,0,0,50,0,50,12,0,12,62
03/05/2009,HHR,CA,AWP,WE,Federal Contract Tower,0,0,18,0,18,0,0,89,0,89,0,0,107,0,107,56,0,56,163
03/06/2009,HHR,CA,AWP,WE,Federal Contract Tower,0,1,16,0,17,0,1,98,0,99,0,2,114,0,116,82,0,82,198
03/07/2009,HHR,CA,AWP,WE,Federal Contract Tower,0,1,11,3,15,0,3,112,0,115,0,4,123,3,130,34,0,34,164
03/08/2009,HHR,CA,AWP,WE,Federal Contract Tower,0,0,9,0,9,0,2,90,0,92,0,2,99,0,101,76,0,76,177
03/09/2009,HHR,CA,AWP,WE,Federal Contract Tower,0,4,19,0,23,0,0,111,1,112,0,4,130,1,135,22,0,22,157
03/10/2009,HHR,CA,AWP,WE,Federal Contract Tower,0,0,12,0,12,0,2,82,0,84,0,2,94,0,96,40,0,40,136
03/11/2009,HHR,CA,AWP,WE,Federal Contract Tower,0,0,22,0,22,0,0,70,0,70,0,0,92,0,92,84,0,84,176
03/12/2009,HHR,CA,AWP,WE,Federal Contract Tower,0,0,18,0,18,0,0,64,0,64,0,0,82,0,82,23,0,23,105
03/13/2009,HHR,CA,AWP,WE,Federal Contract Tower,0,0,20,0,20,0,0,104,0,104,0,0,124,0,124,70,0,70,194
03/14/2009,HHR,CA,AWP,WE,Federal Contract Tower,0,2,0,0,2,0,0,90,0,90,0,2,90,0,92,78,0,78,170
03/15/2009,HHR,CA,AWP,WE,Federal Contract Tower,0,1,19,0,20,0,0,118,2,120,0,1,137,2,140,83,0,83,223
03/16/2009,HHR,CA,AWP,WE,Federal Contract Tower,0,0,10,0,10,0,2,87,7,96,0,2,97,7,106,22,0,22,128
03/17/2009,HHR,CA,AWP,WE,Federal Contract Tower,0,0,7,0,7,0,2,97,3,102,0,2,104,3,109,64,0,64,173
03/18/2009,HHR,CA,AWP,WE,Federal Contract Tower,0,0,14,0,14,0,0,45,0,45,0,0,59,0,59,34,0,34,93
03/19/2009,HHR,CA,AWP,WE,Federal Contract Tower,0,0,9,0,9,0,0,2,0,2,0,0,11,0,11,0,0,0,11
03/20/2009,HHR,CA,AWP,WE,Federal Contract Tower,0,4,18,0,22,0,3,46,0,49,0,7,64,0,71,26,0,26,97
03/21/2009,HHR,CA,AWP,WE,Federal Contract Tower,0,1,17,0,18,0,0,65,0,65,0,1,82,0,83,44,0,44,127
03/22/2009,HHR,CA,AWP,WE,Federal Contract Tower,0,4,8,0,12,0,0,20,0,20,0,4,28,0,32,0,0,0,32
03/23/2009,HHR,CA,AWP,WE,Federal Contract Tower,0,0,9,0,9,0,2,115,2,119,0,2,124,2,128,32,0,32,160
03/24/2009,HHR,CA,AWP,WE,Federal Contract Tower,0,2,8,0,10,0,0,127,0,127,0,2,135,0,137,52,0,52,189
03/25/2009,HHR,CA,AWP,WE,Federal Contract Tower,0,0,7,0,7,0,1,120,0,121,0,1,127,0,128,70,0,70,198
03/26/2009,HHR,CA,AWP,WE,Federal Contract Tower,0,1,27,0,28,0,1,67,0,68,0,2,94,0,96,30,0,30,126
03/27/2009,HHR,CA,AWP,WE,Federal Contract Tower,0,0,13,0,13,0,2,109,1,112,0,2,122,1,125,64,0,64,189
03/28/2009,HHR,CA,AWP,WE,Federal Contract Tower,0,0,12,0,12,0,3,114,6,123,0,3,126,6,135,64,0,64,199
03/29/2009,HHR,CA,AWP,WE,Federal Contract Tower,0,1,21,0,22,0,0,55,0,55,0,1,76,0,77,82,0,82,159
03/30/2009,HHR,CA,AWP,WE,Federal Contract Tower,0,1,11,0,12,0,0,90,3,93,0,1,101,3,105,96,0,96,201
03/31/2009,HHR,CA,AWP,WE,Federal Contract Tower,0,0,6,0,6,0,2,99,0,101,0,2,105,0,107,70,0,70,177
04/01/2009,HHR,CA,AWP,WE,Federal Contract Tower,0,0,16,0,16,0,0,71,0,71,0,0,87,0,87,72,0,72,159
04/02/2009,HHR,CA,AWP,WE,Federal Contract Tower,0,4,41,0,45,0,0,51,0,51,0,4,92,0,96,48,0,48,144
04/03/2009,HHR,CA,AWP,WE,Federal Contract Tower,0,0,15,0,15,0,0,61,0,61,0,0,76,0,76,22,0,22,98
04/04/2009,HHR,CA,AWP,WE,Federal Contract Tower,0,0,20,0,20,0,0,96,0,96,0,0,116,0,116,24,0,24,140
04/05/2009,HHR,CA,AWP,WE,Federal Contract Tower,0,0,6,0,6,0,0,72,0,72,0,0,78,0,78,90,0,90,168
04/06/2009,HHR,CA,AWP,WE,Federal Contract Tower,0,0,4,0,4,0,0,80,0,80,0,0,84,0,84,18,0,18,102
04/07/2009,HHR,CA,AWP,WE,Federal Contract Tower,0,0,13,0,13,0,0,53,0,53,0,0,66,0,66,14,0,14,80
04/08/2009,HHR,CA,AWP,WE,Federal Contract Tower,0,2,25,0,27,0,0,72,1,73,0,2,97,1,100,28,0,28,128
04/09/2009,HHR,CA,AWP,WE,Federal Contract Tower,0,0,27,0,27,0,0,70,0,70,0,0,97,0,97,36,0,36,133
04/10/2009,HHR,CA,AWP,WE,Federal Contract Tower,0,0,20,0,20,0,0,56,0,56,0,0,76,0,76,20,0,20,96
04/11/2009,HHR,CA,AWP,WE,Federal Contract Tower,0,0,7,0,7,0,0,56,0,56,0,0,63,0,63,52,0,52,115
04/12/2009,HHR,CA,AWP,WE,Federal Contract Tower,0,0,10,0,10,0,2,83,0,85,0,2,93,0,95,8,0,8,103
04/13/2009,HHR,CA,AWP,WE,Federal Contract Tower,0,0,8,0,8,0,0,83,8,91,0,0,91,8,99,24,0,24,123
04/14/2009,HHR,CA,AWP,WE,Federal Contract Tower,0,0,26,0,26,0,0,78,0,78,0,0,104,0,104,30,0,30,134
04/15/2009,HHR,CA,AWP,WE,Federal Contract Tower,0,1,9,0,10,0,2,45,0,47,0,3,54,0,57,12,0,12,69
04/16/2009,HHR,CA,AWP,WE,Federal Contract Tower,0,2,16,0,18,0,1,106,0,107,0,3,122,0,125,44,0,44,169
04/17/2009,HHR,CA,AWP,WE,Federal Contract Tower,0,0,9,0,9,0,0,87,0,87,0,0,96,0,96,32,0,32,128
04/18/2009,HHR,CA,AWP,WE,Federal Contract Tower,0,0,11,0,11,0,0,135,0,135,0,0,146,0,146,110,0,110,256
04/19/2009,HHR,CA,AWP,WE,Federal Contract Tower,0,0,21,0,21,0,1,2,135,138,0,1,23,135,159,74,0,74,233
04/20/2009,HHR,CA,AWP,WE,Federal Contract Tower,0,0,4,0,4,0,0,76,0,76,0,0,80,0,80,70,0,70,150
04/21/2009,HHR,CA,AWP,WE,Federal Contract Tower,0,0,12,0,12,0,0,116,0,116,0,0,128,0,128,18,0,18,146
04/22/2009,HHR,CA,AWP,WE,Federal Contract Tower,0,2,24,0,26,0,0,52,0,52,0,2,76,0,78,58,0,58,136
04/23/2009,HHR,CA,AWP,WE,Federal Contract Tower,0,2,36,0,38,0,1,51,0,52,0,3,87,0,90,36,0,36,126
04/24/2009,HHR,CA,AWP,WE,Federal Contract Tower,0,0,22,0,22,0,0,70,0,70,0,0,92,0,92,66,0,66,158
04/25/2009,HHR,CA,AWP,WE,Federal Contract Tower,0,0,11,0,11,0,2,214,0,216,0,2,225,0,227,108,0,108,335
04/26/2009,HHR,CA,AWP,WE,Federal Contract Tower,0,2,10,0,12,0,0,86,0,86,0,2,96,0,98,66,0,66,164
04/27/2009,HHR,CA,AWP,WE,Federal Contract Tower,0,2,33,0,35,0,0,130,0,130,0,2,163,0,165,44,0,44,209
04/28/2009,HHR,CA,AWP,WE,Federal Contract Tower,0,2,24,0,26,0,2,93,1,96,0,4,117,1,122,16,0,16,138
04/29/2009,HHR,CA,AWP,WE,Federal Contract Tower,0,0,10,0,10,0,0,76,0,76,0,0,86,0,86,46,0,46,132
04/30/2009,HHR,CA,AWP,WE,Federal Contract Tower,0,0,16,0,16,0,0,83,0,83,0,0,99,0,99,28,0,28,127
05/01/2009,HHR,CA,AWP,WE,Federal Contract Tower,0,0,15,0,15,0,0,103,0,103,0,0,118,0,118,30,0,30,148
05/02/2009,HHR,CA,AWP,WE,Federal Contract Tower,0,2,23,0,25,0,0,72,0,72,0,2,95,0,97,8,0,8,105
05/03/2009,HHR,CA,AWP,WE,Federal Contract Tower,0,2,8,0,10,0,1,84,0,85,0,3,92,0,95,98,0,98,193
05/04/2009,HHR,CA,AWP,WE,Federal Contract Tower,0,4,13,0,17,0,1,89,0,90,0,5,102,0,107,48,0,48,155
05/05/2009,HHR,CA,AWP,WE,Federal Contract Tower,0,0,10,0,10,0,2,76,0,78,0,2,86,0,88,24,0,24,112
05/06/2009,HHR,CA,AWP,WE,Federal Contract Tower,0,0,15,0,15,0,2,81,1,84,0,2,96,1,99,62,0,62,161
05/07/2009,HHR,CA,AWP,WE,Federal Contract Tower,0,0,6,0,6,0,6,109,0,115,0,6,115,0,121,44,0,44,165
05/08/2009,HHR,CA,AWP,WE,Federal Contract Tower,0,0,14,0,14,0,0,85,0,85,0,0,99,0,99,52,0,52,151
05/09/2009,HHR,CA,AWP,WE,Federal Contract Tower,0,0,19,0,19,0,0,68,0,68,0,0,87,0,87,28,0,28,115
05/10/2009,HHR,CA,AWP,WE,Federal Contract Tower,0,0,9,0,9,0,0,56,0,56,0,0,65,0,65,70,0,70,135
05/11/2009,HHR,CA,AWP,WE,Federal Contract Tower,0,0,21,0,21,0,0,57,1,58,0,0,78,1,79,8,0,8,87
05/12/2009,HHR,CA,AWP,WE,Federal Contract Tower,0,0,30,0,30,0,0,74,1,75,0,0,104,1,105,52,0,52,157
05/13/2009,HHR,CA,AWP,WE,Federal Contract Tower,0,0,21,0,21,0,0,86,0,86,0,0,107,0,107,82,0,82,189
05/14/2009,HHR,CA,AWP,WE,Federal Contract Tower,0,0,15,0,15,0,0,83,0,83,0,0,98,0,98,16,0,16,114
05/15/2009,HHR,CA,AWP,WE,Federal Contract Tower,0,0,10,0,10,0,0,60,0,60,0,0,70,0,70,44,0,44,114
05/16/2009,HHR,CA,AWP,WE,Federal Contract Tower,0,0,20,0,20,0,0,83,0,83,0,0,103,0,103,34,0,34,137
05/17/2009,HHR,CA,AWP,WE,Federal Contract Tower,0,0,14,0,14,0,0,49,0,49,0,0,63,0,63,28,0,28,91
05/18/2009,HHR,CA,AWP,WE,Federal Contract Tower,0,0,10,0,10,0,0,71,0,71,0,0,81,0,81,56,0,56,137
05/19/2009,HHR,CA,AWP,WE,Federal Contract Tower,0,4,22,0,26,0,0,85,0,85,0,4,107,0,111,70,0,70,181
05/20/2009,HHR,CA,AWP,WE,Federal Contract Tower,0,2,9,0,11,0,0,82,1,83,0,2,91,1,94,46,0,46,140
05/21/2009,HHR,CA,AWP,WE,Federal Contract Tower,0,0,23,0,23,0,0,95,0,95,0,0,118,0,118,66,0,66,184
05/22/2009,HHR,CA,AWP,WE,Federal Contract Tower,0,0,26,0,26,0,0,58,0,58,0,0,84,0,84,56,0,56,140
05/23/2009,HHR,CA,AWP,WE,Federal Contract Tower,0,1,17,0,18,0,0,105,0,105,0,1,122,0,123,96,0,96,219
05/24/2009,HHR,CA,AWP,WE,Federal Contract Tower,0,1,11,0,12,0,0,62,0,62,0,1,73,0,74,28,0,28,102
05/25/2009,HHR,CA,AWP,WE,Federal Contract Tower,0,0,13,0,13,0,11,54,8,73,0,11,67,8,86,52,0,52,138
05/26/2009,HHR,CA,AWP,WE,Federal Contract Tower,0,4,22,0,26,0,0,65,0,65,0,4,87,0,91,36,0,36,127
05/27/2009,HHR,CA,AWP,WE,Federal Contract Tower,0,0,14,0,14,0,0,22,0,22,0,0,36,0,36,0,0,0,36
05/28/2009,HHR,CA,AWP,WE,Federal Contract Tower,0,0,32,0,32,0,0,37,0,37,0,0,69,0,69,36,0,36,105
05/29/2009,HHR,CA,AWP,WE,Federal Contract Tower,0,0,23,0,23,0,0,33,0,33,0,0,56,0,56,10,0,10,66
05/30/2009,HHR,CA,AWP,WE,Federal Contract Tower,0,2,15,0,17,0,0,53,0,53,0,2,68,0,70,2,0,2,72
05/31/2009,HHR,CA,AWP,WE,Federal Contract Tower,0,2,14,0,16,0,1,41,0,42,0,3,55,0,58,36,0,36,94
06/01/2009,HHR,CA,AWP,WE,Federal Contract Tower,0,0,20,0,20,0,0,41,0,41,0,0,61,0,61,30,0,30,91
06/02/2009,HHR,CA,AWP,WE,Federal Contract Tower,0,0,18,0,18,0,0,49,0,49,0,0,67,0,67,60,0,60,127
06/03/2009,HHR,CA,AWP,WE,Federal Contract Tower,0,1,15,0,16,0,0,33,0,33,0,1,48,0,49,16,0,16,65
06/04/2009,HHR,CA,AWP,WE,Federal Contract Tower,0,0,11,0,11,0,73,0,0,73,0,73,11,0,84,46,0,46,130
06/05/2009,HHR,CA,AWP,WE,Federal Contract Tower,0,0,10,0,10,0,0,70,0,70,0,0,80,0,80,58,0,58,138
06/06/2009,HHR,CA,AWP,WE,Federal Contract Tower,0,0,7,0,7,0,0,83,0,83,0,0,90,0,90,82,0,82,172
06/07/2009,HHR,CA,AWP,WE,Federal Contract Tower,0,0,14,0,14,0,0,101,0,101,0,0,115,0,115,74,0,74,189
06/08/2009,HHR,CA,AWP,WE,Federal Contract Tower,0,0,7,0,7,0,0,50,1,51,0,0,57,1,58,44,0,44,102
06/09/2009,HHR,CA,AWP,WE,Federal Contract Tower,0,0,7,0,7,0,0,61,5,66,0,0,68,5,73,44,0,44,117
06/10/2009,HHR,CA,AWP,WE,Federal Contract Tower,0,0,15,0,15,0,0,0,0,0,0,0,15,0,15,74,0,74,89
06/11/2009,HHR,CA,AWP,WE,Federal Contract Tower,0,0,17,0,17,0,0,37,0,37,0,0,54,0,54,34,0,34,88
06/12/2009,HHR,CA,AWP,WE,Federal Contract Tower,0,0,31,0,31,0,0,77,0,77,0,0,108,0,108,86,0,86,194
06/13/2009,HHR,CA,AWP,WE,Federal Contract Tower,0,5,14,0,19,0,0,97,1,98,0,5,111,1,117,48,0,48,165
06/14/2009,HHR,CA,AWP,WE,Federal Contract Tower,0,1,15,0,16,0,0,63,0,63,0,1,78,0,79,46,0,46,125
06/15/2009,HHR,CA,AWP,WE,Federal Contract Tower,0,2,9,0,11,0,0,49,0,49,0,2,58,0,60,38,0,38,98
06/16/2009,HHR,CA,AWP,WE,Federal Contract Tower,0,0,9,0,9,0,0,72,0,72,0,0,81,0,81,62,0,62,143
06/17/2009,HHR,CA,AWP,WE,Federal Contract Tower,0,1,16,0,17,0,0,69,0,69,0,1,85,0,86,30,0,30,116
06/18/2009,HHR,CA,AWP,WE,Federal Contract Tower,0,1,19,0,20,0,0,70,4,74,0,1,89,4,94,22,0,22,116
06/19/2009,HHR,CA,AWP,WE,Federal Contract Tower,0,3,19,0,22,0,2,70,0,72,0,5,89,0,94,18,0,18,112
06/20/2009,HHR,CA,AWP,WE,Federal Contract Tower,0,1,18,0,19,0,0,60,0,60,0,1,78,0,79,34,0,34,113
06/21/2009,HHR,CA,AWP,WE,Federal Contract Tower,0,0,11,0,11,0,0,91,0,91,0,0,102,0,102,46,0,46,148
06/22/2009,HHR,CA,AWP,WE,Federal Contract Tower,0,0,5,0,5,0,1,60,0,61,0,1,65,0,66,20,0,20,86
06/23/2009,HHR,CA,AWP,WE,Federal Contract Tower,0,2,19,0,21,0,0,57,0,57,0,2,76,0,78,22,0,22,100
06/24/2009,HHR,CA,AWP,WE,Federal Contract Tower,0,3,16,0,19,0,0,54,0,54,0,3,70,0,73,22,0,22,95
06/25/2009,HHR,CA,AWP,WE,Federal Contract Tower,0,5,22,0,27,0,4,56,0,60,0,9,78,0,87,24,0,24,111
06/26/2009,HHR,CA,AWP,WE,Federal Contract Tower,0,0,11,0,11,0,0,106,2,108,0,0,117,2,119,94,0,94,213
06/27/2009,HHR,CA,AWP,WE,Federal Contract Tower,0,0,13,0,13,0,0,114,0,114,0,0,127,0,127,42,0,42,169
06/28/2009,HHR,CA,AWP,WE,Federal Contract Tower,0,0,9,0,9,0,0,74,4,78,0,0,83,4,87,40,0,40,127
06/29/2009,HHR,CA,AWP,WE,Federal Contract Tower,0,0,13,0,13,0,0,63,4,67,0,0,76,4,80,56,0,56,136
06/30/2009,HHR,CA,AWP,WE,Federal Contract Tower,0,0,9,0,9,0,0,59,0,59,0,0,68,0,68,56,0,56,124
07/01/2009,HHR,CA,AWP,WE,Federal Contract Tower,0,0,12,0,12,0,0,55,0,55,0,0,67,0,67,44,0,44,111
07/02/2009,HHR,CA,AWP,WE,Federal Contract Tower,0,2,19,0,21,0,0,79,1,80,0,2,98,1,101,46,0,46,147
07/03/2009,HHR,CA,AWP,WE,Federal Contract Tower,0,0,19,0,19,0,0,63,0,63,0,0,82,0,82,22,0,22,104
07/04/2009,HHR,CA,AWP,WE,Federal Contract Tower,0,0,6,0,6,0,0,78,0,78,0,0,84,0,84,72,0,72,156
07/05/2009,HHR,CA,AWP,WE,Federal Contract Tower,0,2,11,0,13,0,0,127,0,127,0,2,138,0,140,92,0,92,232
07/06/2009,HHR,CA,AWP,WE,Federal Contract Tower,0,0,1,0,1,0,1,85,0,86,0,1,86,0,87,28,0,28,115
07/07/2009,HHR,CA,AWP,WE,Federal Contract Tower,0,0,10,0,10,0,0,53,0,53,0,0,63,0,63,10,0,10,73
07/08/2009,HHR,CA,AWP,WE,Federal Contract Tower,0,0,7,0,7,0,0,63,2,65,0,0,70,2,72,26,0,26,98
07/09/2009,HHR,CA,AWP,WE,Federal Contract Tower,0,2,13,0,15,0,0,77,0,77,0,2,90,0,92,54,0,54,146
07/10/2009,HHR,CA,AWP,WE,Federal Contract Tower,0,0,14,0,14,0,0,140,4,144,0,0,154,4,158,56,0,56,214
07/11/2009,HHR,CA,AWP,WE,Federal Contract Tower,0,0,1,0,1,0,0,123,3,126,0,0,124,3,127,16,0,16,143
07/12/2009,HHR,CA,AWP,WE,Federal Contract Tower,0,1,4,0,5,0,0,99,2,101,0,1,103,2,106,60,0,60,166
07/13/2009,HHR,CA,AWP,WE,Federal Contract Tower,0,0,5,0,5,0,0,85,3,88,0,0,90,3,93,28,0,28,121
07/14/2009,HHR,CA,AWP,WE,Federal Contract Tower,0,3,6,0,9,0,0,83,3,86,0,3,89,3,95,70,0,70,165
07/15/2009,HHR,CA,AWP,WE,Federal Contract Tower,0,1,7,0,8,0,0,85,0,85,0,1,92,0,93,46,0,46,139
07/16/2009,HHR,CA,AWP,WE,Federal Contract Tower,0,2,6,0,8,0,2,89,1,92,0,4,95,1,100,10,0,10,110
07/17/2009,HHR,CA,AWP,WE,Federal Contract Tower,0,0,7,0,7,0,0,97,0,97,0,0,104,0,104,22,0,22,126
07/18/2009,HHR,CA,AWP,WE,Federal Contract Tower,0,0,6,0,6,0,0,131,2,133,0,0,137,2,139,46,0,46,185
07/19/2009,HHR,CA,AWP,WE,Federal Contract Tower,0,2,15,0,17,0,0,84,0,84,0,2,99,0,101,76,0,76,177
07/20/2009,HHR,CA,AWP,WE,Federal Contract Tower,0,0,7,0,7,0,0,89,2,91,0,0,96,2,98,50,0,50,148
07/21/2009,HHR,CA,AWP,WE,Federal Contract Tower,0,0,9,0,9,0,0,64,3,67,0,0,73,3,76,72,0,72,148
07/22/2009,HHR,CA,AWP,WE,Federal Contract Tower,0,1,7,0,8,0,0,88,0,88,0,1,95,0,96,56,0,56,152
07/23/2009,HHR,CA,AWP,WE,Federal Contract Tower,0,1,19,0,20,0,2,87,2,91,0,3,106,2,111,26,0,26,137
07/24/2009,HHR,CA,AWP,WE,Federal Contract Tower,0,4,5,0,9,0,0,107,0,107,0,4,112,0,116,30,0,30,146
07/25/2009,HHR,CA,AWP,WE,Federal Contract Tower,0,0,10,0,10,0,0,96,0,96,0,0,106,0,106,50,0,50,156
07/26/2009,HHR,CA,AWP,WE,Federal Contract Tower,0,0,6,0,6,0,0,74,2,76,0,0,80,2,82,6,0,6,88
07/27/2009,HHR,CA,AWP,WE,Federal Contract Tower,0,4,8,0,12,0,3,70,2,75,0,7,78,2,87,24,0,24,111
07/28/2009,HHR,CA,AWP,WE,Federal Contract Tower,0,0,12,0,12,0,0,67,2,69,0,0,79,2,81,40,0,40,121
07/29/2009,HHR,CA,AWP,WE,Federal Contract Tower,0,0,8,1,9,0,0,71,0,71,0,0,79,1,80,8,0,8,88
07/30/2009,HHR,CA,AWP,WE,Federal Contract Tower,0,1,8,0,9,0,4,115,0,119,0,5,123,0,128,2,0,2,130
07/31/2009,HHR,CA,AWP,WE,Federal Contract Tower,0,0,14,0,14,0,0,82,2,84,0,0,96,2,98,50,0,50,148
08/01/2009,HHR,CA,AWP,WE,Federal Contract Tower,0,1,6,0,7,0,2,84,1,87,0,3,90,1,94,34,14,48,142
08/02/2009,HHR,CA,AWP,WE,Federal Contract Tower,0,0,11,0,11,0,0,77,1,78,0,0,88,1,89,12,0,12,101
08/03/2009,HHR,CA,AWP,WE,Federal Contract Tower,0,0,8,0,8,0,0,71,1,72,0,0,79,1,80,26,10,36,116
08/04/2009,HHR,CA,AWP,WE,Federal Contract Tower,0,0,3,0,3,0,0,87,1,88,0,0,90,1,91,42,0,42,133
08/05/2009,HHR,CA,AWP,WE,Federal Contract Tower,0,1,6,0,7,0,1,92,2,95,0,2,98,2,102,48,16,64,166
08/06/2009,HHR,CA,AWP,WE,Federal Contract Tower,0,0,6,0,6,0,0,93,1,94,0,0,99,1,100,20,0,20,120
08/07/2009,HHR,CA,AWP,WE,Federal Contract Tower,0,0,6,0,6,0,0,93,1,94,0,0,99,1,100,10,0,10,110
08/08/2009,HHR,CA,AWP,WE,Federal Contract Tower,0,0,9,0,9,0,0,69,1,70,0,0,78,1,79,44,0,44,123
08/09/2009,HHR,CA,AWP,WE,Federal Contract Tower,0,0,13,0,13,0,0,100,0,100,0,0,113,0,113,64,0,64,177
08/10/2009,HHR,CA,AWP,WE,Federal Contract Tower,0,3,16,0,19,0,0,56,0,56,0,3,72,0,75,38,0,38,113
08/11/2009,HHR,CA,AWP,WE,Federal Contract Tower,0,2,25,0,27,0,0,54,1,55,0,2,79,1,82,34,0,34,116
08/12/2009,HHR,CA,AWP,WE,Federal Contract Tower,0,2,9,0,11,0,2,44,0,46,0,4,53,0,57,40,0,40,97
08/13/2009,HHR,CA,AWP,WE,Federal Contract Tower,0,1,12,0,13,0,5,71,0,76,0,6,83,0,89,24,0,24,113
08/14/2009,HHR,CA,AWP,WE,Federal Contract Tower,0,1,13,1,15,0,1,94,0,95,0,2,107,1,110,54,0,54,164
08/15/2009,HHR,CA,AWP,WE,Federal Contract Tower,0,4,20,0,24,0,1,85,0,86,0,5,105,0,110,30,0,30,140
08/16/2009,HHR,CA,AWP,WE,Federal Contract Tower,0,0,7,0,7,0,1,65,0,66,0,1,72,0,73,78,0,78,151
08/17/2009,HHR,CA,AWP,WE,Federal Contract Tower,0,0,29,0,29,0,1,63,2,66,0,1,92,2,95,2,0,2,97
08/18/2009,HHR,CA,AWP,WE,Federal Contract Tower,0,3,6,0,9,0,0,54,0,54,0,3,60,0,63,58,0,58,121
08/19/2009,HHR,CA,AWP,WE,Federal Contract Tower,0,5,7,0,12,0,3,34,0,37,0,8,41,0,49,4,0,4,53
08/20/2009,HHR,CA,AWP,WE,Federal Contract Tower,0,3,19,0,22,0,1,79,1,81,0,4,98,1,103,30,0,30,133
08/21/2009,HHR,CA,AWP,WE,Federal Contract Tower,0,0,13,0,13,0,2,95,0,97,0,2,108,0,110,40,0,40,150
08/22/2009,HHR,CA,AWP,WE,Federal Contract Tower,0,2,12,0,14,0,12,76,0,88,0,14,88,0,102,30,0,30,132
08/23/2009,HHR,CA,AWP,WE,Federal Contract Tower,0,0,8,0,8,0,2,68,0,70,0,2,76,0,78,62,0,62,140
08/24/2009,HHR,CA,AWP,WE,Federal Contract Tower,0,1,6,0,7,0,1,73,4,78,0,2,79,4,85,2,0,2,87
08/25/2009,HHR,CA,AWP,WE,Federal Contract Tower,0,0,7,0,7,0,4,79,4,87,0,4,86,4,94,62,0,62,156
08/26/2009,HHR,CA,AWP,WE,Federal Contract Tower,0,1,4,0,5,0,0,76,0,76,0,1,80,0,81,6,0,6,87
08/27/2009,HHR,CA,AWP,WE,Federal Contract Tower,0,3,5,0,8,0,7,82,1,90,0,10,87,1,98,34,0,34,132
08/28/2009,HHR,CA,AWP,WE,Federal Contract Tower,0,1,12,0,13,0,1,113,1,115,0,2,125,1,128,42,0,42,170
08/29/2009,HHR,CA,AWP,WE,Federal Contract Tower,0,0,8,0,8,0,2,103,2,107,0,2,111,2,115,20,0,20,135
08/30/2009,HHR,CA,AWP,WE,Federal Contract Tower,0,1,5,0,6,0,0,86,2,88,0,1,91,2,94,92,0,92,186
08/31/2009,HHR,CA,AWP,WE,Federal Contract Tower,0,0,5,0,5,0,0,0,0,0,0,0,5,0,5,6,0,6,11
09/01/2009,HHR,CA,AWP,WE,Federal Contract Tower,0,0,5,0,5,0,0,77,0,77,0,0,82,0,82,32,0,32,114
09/02/2009,HHR,CA,AWP,WE,Federal Contract Tower,0,1,9,0,10,0,2,85,2,89,0,3,94,2,99,16,0,16,115
09/03/2009,HHR,CA,AWP,WE,Federal Contract Tower,0,4,8,0,12,0,0,104,0,104,0,4,112,0,116,44,0,44,160
09/04/2009,HHR,CA,AWP,WE,Federal Contract Tower,0,4,8,0,12,0,4,102,2,108,0,8,110,2,120,18,0,18,138
09/05/2009,HHR,CA,AWP,WE,Federal Contract Tower,0,1,2,0,3,0,2,95,1,98,0,3,97,1,101,48,0,48,149
09/06/2009,HHR,CA,AWP,WE,Federal Contract Tower,0,3,8,0,11,0,3,78,0,81,0,6,86,0,92,24,0,24,116
09/07/2009,HHR,CA,AWP,WE,Federal Contract Tower,0,3,10,0,13,0,10,101,0,111,0,13,111,0,124,70,0,70,194
09/08/2009,HHR,CA,AWP,WE,Federal Contract Tower,0,2,10,0,12,0,3,69,3,75,0,5,79,3,87,34,0,34,121
09/09/2009,HHR,CA,AWP,WE,Federal Contract Tower,0,5,6,0,11,0,4,61,4,69,0,9,67,4,80,36,0,36,116
09/10/2009,HHR,CA,AWP,WE,Federal Contract Tower,0,1,11,0,12,0,2,84,1,87,0,3,95,1,99,56,0,56,155
09/11/2009,HHR,CA,AWP,WE,Federal Contract Tower,0,1,12,0,13,0,1,91,0,92,0,2,103,0,105,10,0,10,115
09/12/2009,HHR,CA,AWP,WE,Federal Contract Tower,0,2,15,0,17,0,0,59,0,59,0,2,74,0,76,32,0,32,108
09/13/2009,HHR,CA,AWP,WE,Federal Contract Tower,0,0,17,0,17,0,0,74,1,75,0,0,91,1,92,76,0,76,168
09/14/2009,HHR,CA,AWP,WE,Federal Contract Tower,0,1,19,0,20,0,1,84,2,87,0,2,103,2,107,62,0,62,169
09/15/2009,HHR,CA,AWP,WE,Federal Contract Tower,0,0,7,0,7,0,2,84,0,86,0,2,91,0,93,38,0,38,131
09/16/2009,HHR,CA,AWP,WE,Federal Contract Tower,0,2,9,0,11,0,0,98,0,98,0,2,107,0,109,0,0,0,109
09/17/2009,HHR,CA,AWP,WE,Federal Contract Tower,0,2,6,0,8,0,0,72,3,75,0,2,78,3,83,74,0,74,157
09/18/2009,HHR,CA,AWP,WE,Federal Contract Tower,0,0,8,0,8,0,0,104,1,105,0,0,112,1,113,26,0,26,139
09/19/2009,HHR,CA,AWP,WE,Federal Contract Tower,0,1,21,0,22,0,0,85,0,85,0,1,106,0,107,54,0,54,161
09/20/2009,HHR,CA,AWP,WE,Federal Contract Tower,0,1,8,0,9,0,1,68,0,69,0,2,76,0,78,42,0,42,120
09/21/2009,HHR,CA,AWP,WE,Federal Contract Tower,0,1,4,0,5,0,2,72,1,75,0,3,76,1,80,14,0,14,94
09/22/2009,HHR,CA,AWP,WE,Federal Contract Tower,0,1,12,0,13,0,3,88,0,91,0,4,100,0,104,46,0,46,150
09/23/2009,HHR,CA,AWP,WE,Federal Contract Tower,0,1,7,0,8,0,0,0,0,0,0,1,7,0,8,46,0,46,54
09/24/2009,HHR,CA,AWP,WE,Federal Contract Tower,0,2,5,0,7,0,2,96,1,99,0,4,101,1,106,10,0,10,116
09/25/2009,HHR,CA,AWP,WE,Federal Contract Tower,0,0,11,0,11,0,1,121,2,124,0,1,132,2,135,40,0,40,175
09/26/2009,HHR,CA,AWP,WE,Federal Contract Tower,0,2,6,0,8,0,0,0,0,0,0,2,6,0,8,44,0,44,52
09/27/2009,HHR,CA,AWP,WE,Federal Contract Tower,0,1,9,0,10,0,1,49,0,50,0,2,58,0,60,38,0,38,98
09/28/2009,HHR,CA,AWP,WE,Federal Contract Tower,0,0,15,0,15,0,0,48,0,48,0,0,63,0,63,16,0,16,79
09/29/2009,HHR,CA,AWP,WE,Federal Contract Tower,0,0,4,0,4,0,0,92,2,94,0,0,96,2,98,60,0,60,158
09/30/2009,HHR,CA,AWP,WE,Federal Contract Tower,0,3,3,0,6,0,1,82,2,85,0,4,85,2,91,36,0,36,127
10/01/2009,HHR,CA,AWP,WE,Federal Contract Tower,0,4,6,0,10,0,2,102,0,104,0,6,108,0,114,20,0,20,134
10/02/2009,HHR,CA,AWP,WE,Federal Contract Tower,0,3,18,0,21,0,1,92,0,93,0,4,110,0,114,22,0,22,136
10/03/2009,HHR,CA,AWP,WE,Federal Contract Tower,0,0,9,0,9,0,0,81,0,81,0,0,90,0,90,54,0,54,144
10/04/2009,HHR,CA,AWP,WE,Federal Contract Tower,0,0,8,0,8,0,0,63,1,64,0,0,71,1,72,88,0,88,160
10/05/2009,HHR,CA,AWP,WE,Federal Contract Tower,0,0,12,0,12,0,0,77,0,77,0,0,89,0,89,10,0,10,99
10/06/2009,HHR,CA,AWP,WE,Federal Contract Tower,0,2,2,0,4,0,1,100,0,101,0,3,102,0,105,62,0,62,167
10/07/2009,HHR,CA,AWP,WE,Federal Contract Tower,0,3,20,2,25,0,0,105,0,105,0,3,125,2,130,56,0,56,186
10/08/2009,HHR,CA,AWP,WE,Federal Contract Tower,0,1,10,0,11,0,0,89,0,89,0,1,99,0,100,28,0,28,128
10/09/2009,HHR,CA,AWP,WE,Federal Contract Tower,0,1,15,0,16,0,0,85,2,87,0,1,100,2,103,42,0,42,145
10/10/2009,HHR,CA,AWP,WE,Federal Contract Tower,0,2,5,0,7,0,1,79,0,80,0,3,84,0,87,66,0,66,153
10/11/2009,HHR,CA,AWP,WE,Federal Contract Tower,0,1,9,0,10,0,0,67,2,69,0,1,76,2,79,96,0,96,175
10/12/2009,HHR,CA,AWP,WE,Federal Contract Tower,0,0,11,0,11,0,0,79,0,79,0,0,90,0,90,18,0,18,108
10/13/2009,HHR,CA,AWP,WE,Federal Contract Tower,0,2,10,0,12,0,1,41,0,42,0,3,51,0,54,0,0,0,54
10/14/2009,HHR,CA,AWP,WE,Federal Contract Tower,0,1,6,0,7,0,0,9,0,9,0,1,15,0,16,0,0,0,16
10/15/2009,HHR,CA,AWP,WE,Federal Contract Tower,0,0,17,0,17,0,0,60,0,60,0,0,77,0,77,24,0,24,101
10/16/2009,HHR,CA,AWP,WE,Federal Contract Tower,0,0,1,0,1,0,1,112,0,113,0,1,113,0,114,94,0,94,208
10/17/2009,HHR,CA,AWP,WE,Federal Contract Tower,0,0,3,0,3,0,1,116,0,117,0,1,119,0,120,54,0,54,174
10/18/2009,HHR,CA,AWP,WE,Federal Contract Tower,0,0,12,0,12,0,0,63,0,63,0,0,75,0,75,72,0,72,147
10/19/2009,HHR,CA,AWP,WE,Federal Contract Tower,0,0,16,0,16,0,0,75,0,75,0,0,91,0,91,34,0,34,125
10/20/2009,HHR,CA,AWP,WE,Federal Contract Tower,0,3,3,0,6,0,0,119,1,120,0,3,122,1,126,108,0,108,234
10/21/2009,HHR,CA,AWP,WE,Federal Contract Tower,0,1,9,0,10,0,0,121,0,121,0,1,130,0,131,42,0,42,173
10/22/2009,HHR,CA,AWP,WE,Federal Contract Tower,0,1,16,0,17,0,0,93,1,94,0,1,109,1,111,36,0,36,147
10/23/2009,HHR,CA,AWP,WE,Federal Contract Tower,0,0,9,0,9,0,0,100,0,100,0,0,109,0,109,26,0,26,135
10/24/2009,HHR,CA,AWP,WE,Federal Contract Tower,0,0,13,1,14,0,0,76,0,76,0,0,89,1,90,58,0,58,148
10/25/2009,HHR,CA,AWP,WE,Federal Contract Tower,0,0,14,0,14,0,0,59,3,62,0,0,73,3,76,58,0,58,134
10/26/2009,HHR,CA,AWP,WE,Federal Contract Tower,0,0,9,0,9,0,0,93,0,93,0,0,102,0,102,50,0,50,152
10/27/2009,HHR,CA,AWP,WE,Federal Contract Tower,0,2,13,0,15,0,0,74,0,74,0,2,87,0,89,6,0,6,95
10/28/2009,HHR,CA,AWP,WE,Federal Contract Tower,0,5,7,0,12,0,0,72,0,72,0,5,79,0,84,6,0,6,90
10/29/2009,HHR,CA,AWP,WE,Federal Contract Tower,0,3,7,0,10,0,0,108,2,110,0,3,115,2,120,34,0,34,154
10/30/2009,HHR,CA,AWP,WE,Federal Contract Tower,0,0,12,0,12,0,3,150,2,155,0,3,162,2,167,74,0,74,241
10/31/2009,HHR,CA,AWP,WE,Federal Contract Tower,0,0,5,0,5,0,0,126,0,126,0,0,131,0,131,44,0,44,175
11/01/2009,HHR,CA,AWP,WE,Federal Contract Tower,0,0,4,0,4,0,106,0,0,106,0,106,4,0,110,126,0,126,236
11/02/2009,HHR,CA,AWP,WE,Federal Contract Tower,0,3,2,0,5,0,2,76,0,78,0,5,78,0,83,10,0,10,93
11/03/2009,HHR,CA,AWP,WE,Federal Contract Tower,0,0,8,0,8,0,0,67,0,67,0,0,75,0,75,43,0,43,118
11/04/2009,HHR,CA,AWP,WE,Federal Contract Tower,0,7,9,0,16,0,2,64,1,67,0,9,73,1,83,24,0,24,107
11/05/2009,HHR,CA,AWP,WE,Federal Contract Tower,0,4,15,0,19,0,1,86,0,87,0,5,101,0,106,20,0,20,126
11/06/2009,HHR,CA,AWP,WE,Federal Contract Tower,0,4,9,0,13,0,0,88,0,88,0,4,97,0,101,50,0,50,151
11/07/2009,HHR,CA,AWP,WE,Federal Contract Tower,0,0,13,0,13,0,0,77,0,77,0,0,90,0,90,52,0,52,142
11/08/2009,HHR,CA,AWP,WE,Federal Contract Tower,0,2,10,0,12,0,0,71,0,71,0,2,81,0,83,64,0,64,147
11/09/2009,HHR,CA,AWP,WE,Federal Contract Tower,0,3,5,0,8,0,1,61,0,62,0,4,66,0,70,0,0,0,70
11/10/2009,HHR,CA,AWP,WE,Federal Contract Tower,0,2,15,0,17,0,1,116,0,117,0,3,131,0,134,22,0,22,156
11/11/2009,HHR,CA,AWP,WE,Federal Contract Tower,0,0,16,0,16,0,0,102,1,103,0,0,118,1,119,24,0,24,143
11/12/2009,HHR,CA,AWP,WE,Federal Contract Tower,0,1,18,0,19,0,0,109,1,110,0,1,127,1,129,68,0,68,197
11/13/2009,HHR,CA,AWP,WE,Federal Contract Tower,0,2,19,0,21,0,3,151,0,154,0,5,170,0,175,52,0,52,227
11/14/2009,HHR,CA,AWP,WE,Federal Contract Tower,0,0,14,0,14,0,0,108,0,108,0,0,122,0,122,44,0,44,166
11/15/2009,HHR,CA,AWP,WE,Federal Contract Tower,0,0,9,0,9,0,0,138,0,138,0,0,147,0,147,84,0,84,231
11/16/2009,HHR,CA,AWP,WE,Federal Contract Tower,0,2,12,0,14,0,115,0,0,115,0,117,12,0,129,38,0,38,167
11/17/2009,HHR,CA,AWP,WE,Federal Contract Tower,0,0,10,0,10,0,0,114,2,116,0,0,124,2,126,126,0,126,252
11/18/2009,HHR,CA,AWP,WE,Federal Contract Tower,0,2,7,0,9,0,0,92,1,93,0,2,99,1,102,50,0,50,152
11/19/2009,HHR,CA,AWP,WE,Federal Contract Tower,0,0,17,0,17,0,2,119,0,121,0,2,136,0,138,20,0,20,158
11/20/2009,HHR,CA,AWP,WE,Federal Contract Tower,0,5,14,0,19,0,2,123,0,125,0,7,137,0,144,56,0,56,200
11/21/2009,HHR,CA,AWP,WE,Federal Contract Tower,0,0,13,0,13,0,0,95,0,95,0,0,108,0,108,76,0,76,184
11/22/2009,HHR,CA,AWP,WE,Federal Contract Tower,0,1,9,0,10,0,2,106,0,108,0,3,115,0,118,94,0,94,212
11/23/2009,HHR,CA,AWP,WE,Federal Contract Tower,0,3,11,0,14,0,0,101,2,103,0,3,112,2,117,84,0,84,201
11/24/2009,HHR,CA,AWP,WE,Federal Contract Tower,0,3,12,0,15,0,1,108,1,110,0,4,120,1,125,93,0,93,218
11/25/2009,HHR,CA,AWP,WE,Federal Contract Tower,0,8,11,0,19,0,0,136,0,136,0,8,147,0,155,98,0,98,253
11/26/2009,HHR,CA,AWP,WE,Federal Contract Tower,0,1,2,0,3,0,0,53,0,53,0,1,55,0,56,30,0,30,86
11/27/2009,HHR,CA,AWP,WE,Federal Contract Tower,0,4,12,0,16,0,0,81,0,81,0,4,93,0,97,68,0,68,165
11/28/2009,HHR,CA,AWP,WE,Federal Contract Tower,0,0,4,0,4,0,0,68,1,69,0,0,72,1,73,48,0,48,121
11/29/2009,HHR,CA,AWP,WE,Federal Contract Tower,0,2,17,0,19,0,1,104,0,105,0,3,121,0,124,74,0,74,198
11/30/2009,HHR,CA,AWP,WE,Federal Contract Tower,0,5,7,0,12,0,1,77,0,78,0,6,84,0,90,36,0,36,126
12/01/2009,HHR,CA,AWP,WE,Federal Contract Tower,0,3,9,0,12,0,0,88,3,91,0,3,97,3,103,82,0,82,185
12/02/2009,HHR,CA,AWP,WE,Federal Contract Tower,0,3,16,0,19,0,2,84,0,86,0,5,100,0,105,48,0,48,153
12/03/2009,HHR,CA,AWP,WE,Federal Contract Tower,0,6,10,0,16,0,0,111,0,111,0,6,121,0,127,48,0,48,175
12/04/2009,HHR,CA,AWP,WE,Federal Contract Tower,0,3,8,0,11,0,0,124,0,124,0,3,132,0,135,50,0,50,185
12/05/2009,HHR,CA,AWP,WE,Federal Contract Tower,0,0,14,0,14,0,0,66,0,66,0,0,80,0,80,38,0,38,118
12/06/2009,HHR,CA,AWP,WE,Federal Contract Tower,0,0,6,0,6,0,0,91,0,91,0,0,97,0,97,132,0,132,229
12/07/2009,HHR,CA,AWP,WE,Federal Contract Tower,0,2,3,0,5,0,30,2,0,32,0,32,5,0,37,0,0,0,37
12/08/2009,HHR,CA,AWP,WE,Federal Contract Tower,0,3,7,0,10,0,2,92,5,99,0,5,99,5,109,32,0,32,141
12/09/2009,HHR,CA,AWP,WE,Federal Contract Tower,0,3,9,0,12,0,0,92,0,92,0,3,101,0,104,66,0,66,170
12/10/2009,HHR,CA,AWP,WE,Federal Contract Tower,0,4,8,0,12,0,0,96,0,96,0,4,104,0,108,70,0,70,178
12/11/2009,HHR,CA,AWP,WE,Federal Contract Tower,0,2,19,0,21,0,0,49,0,49,0,2,68,0,70,0,0,0,70
12/12/2009,HHR,CA,AWP,WE,Federal Contract Tower,0,0,6,0,6,0,0,6,0,6,0,0,12,0,12,0,0,0,12
12/13/2009,HHR,CA,AWP,WE,Federal Contract Tower,0,0,9,0,9,0,0,85,0,85,0,0,94,0,94,88,0,88,182
12/14/2009,HHR,CA,AWP,WE,Federal Contract Tower,0,2,10,0,12,0,0,77,1,78,0,2,87,1,90,50,0,50,140
12/15/2009,HHR,CA,AWP,WE,Federal Contract Tower,0,2,9,0,11,0,1,100,0,101,0,3,109,0,112,36,0,36,148
12/16/2009,HHR,CA,AWP,WE,Federal Contract Tower,0,3,12,0,15,0,0,97,4,101,0,3,109,4,116,24,0,24,140
12/17/2009,HHR,CA,AWP,WE,Federal Contract Tower,0,6,8,0,14,0,0,120,0,120,0,6,128,0,134,66,0,66,200
12/18/2009,HHR,CA,AWP,WE,Federal Contract Tower,0,2,12,0,14,0,0,142,0,142,0,2,154,0,156,36,0,36,192
12/19/2009,HHR,CA,AWP,WE,Federal Contract Tower,0,0,8,0,8,0,0,132,0,132,0,0,140,0,140,98,0,98,238
12/20/2009,HHR,CA,AWP,WE,Federal Contract Tower,0,0,12,0,12,0,0,110,0,110,0,0,122,0,122,110,0,110,232
12/21/2009,HHR,CA,AWP,WE,Federal Contract Tower,0,2,10,0,12,0,0,91,1,92,0,2,101,1,104,42,0,42,146
12/22/2009,HHR,CA,AWP,WE,Federal Contract Tower,0,5,9,0,14,0,7,62,3,72,0,12,71,3,86,22,0,22,108
12/23/2009,HHR,CA,AWP,WE,Federal Contract Tower,0,5,11,0,16,0,1,94,0,95,0,6,105,0,111,30,0,30,141
12/24/2009,HHR,CA,AWP,WE,Federal Contract Tower,0,3,11,0,14,0,1,111,0,112,0,4,122,0,126,54,0,54,180
12/25/2009,HHR,CA,AWP,WE,Federal Contract Tower,0,0,5,0,5,0,0,52,3,55,0,0,57,3,60,6,0,6,66
12/26/2009,HHR,CA,AWP,WE,Federal Contract Tower,0,1,7,0,8,0,0,68,0,68,0,1,75,0,76,24,0,24,100
12/27/2009,HHR,CA,AWP,WE,Federal Contract Tower,0,0,14,0,14,0,3,65,0,68,0,3,79,0,82,84,0,84,166
12/28/2009,HHR,CA,AWP,WE,Federal Contract Tower,0,2,12,2,16,0,0,83,0,83,0,2,95,2,99,48,0,48,147
12/29/2009,HHR,CA,AWP,WE,Federal Contract Tower,0,4,11,0,15,0,1,71,4,76,0,5,82,4,91,52,0,52,143
12/30/2009,HHR,CA,AWP,WE,Federal Contract Tower,0,4,6,0,10,0,0,14,0,14,0,4,20,0,24,0,0,0,24
12/31/2009,HHR,CA,AWP,WE,Federal Contract Tower,0,4,7,0,11,0,1,107,0,108,0,5,114,0,119,72,0,72,191
01/01/2010,HHR,CA,AWP,WE,Federal Contract Tower,0,0,8,0,8,0,1,68,0,69,0,1,76,0,77,16,0,16,93
01/02/2010,HHR,CA,AWP,WE,Federal Contract Tower,0,0,7,0,7,0,1,99,0,100,0,1,106,0,107,78,0,78,185
01/03/2010,HHR,CA,AWP,WE,Federal Contract Tower,0,0,8,0,8,2,0,130,0,132,2,0,138,0,140,76,0,76,216
01/04/2010,HHR,CA,AWP,WE,Federal Contract Tower,0,3,6,0,9,0,0,61,2,63,0,3,67,2,72,50,0,50,122
01/05/2010,HHR,CA,AWP,WE,Federal Contract Tower,0,3,2,0,5,0,2,92,6,100,0,5,94,6,105,46,0,46,151
01/06/2010,HHR,CA,AWP,WE,Federal Contract Tower,0,4,7,0,11,0,4,123,3,130,0,8,130,3,141,56,0,56,197
01/07/2010,HHR,CA,AWP,WE,Federal Contract Tower,0,2,13,0,15,0,0,97,0,97,0,2,110,0,112,18,0,18,130
01/08/2010,HHR,CA,AWP,WE,Federal Contract Tower,0,3,14,0,17,0,0,146,0,146,0,3,160,0,163,64,0,64,227
01/09/2010,HHR,CA,AWP,WE,Federal Contract Tower,0,0,7,0,7,0,1,87,0,88,0,1,94,0,95,32,0,32,127
01/10/2010,HHR,CA,AWP,WE,Federal Contract Tower,0,0,11,0,11,0,0,124,1,125,0,0,135,1,136,120,0,120,256
01/11/2010,HHR,CA,AWP,WE,Federal Contract Tower,0,3,6,0,9,0,0,57,0,57,0,3,63,0,66,56,0,56,122
01/12/2010,HHR,CA,AWP,WE,Federal Contract Tower,0,3,11,0,14,0,1,52,3,56,0,4,63,3,70,24,0,24,94
01/13/2010,HHR,CA,AWP,WE,Federal Contract Tower,0,4,9,0,13,0,2,34,0,36,0,6,43,0,49,44,0,44,93
01/14/2010,HHR,CA,AWP,WE,Federal Contract Tower,0,6,13,0,19,0,0,121,0,121,0,6,134,0,140,78,0,78,218
01/15/2010,HHR,CA,AWP,WE,Federal Contract Tower,0,3,12,0,15,0,0,126,0,126,0,3,138,0,141,84,0,84,225
01/16/2010,HHR,CA,AWP,WE,Federal Contract Tower,0,0,11,0,11,0,1,115,0,116,0,1,126,0,127,56,0,56,183
01/17/2010,HHR,CA,AWP,WE,Federal Contract Tower,0,0,19,0,19,0,0,65,1,66,0,0,84,1,85,68,0,68,153
01/18/2010,HHR,CA,AWP,WE,Federal Contract Tower,0,0,4,0,4,0,0,7,0,7,0,0,11,0,11,10,0,10,21
01/19/2010,HHR,CA,AWP,WE,Federal Contract Tower,0,3,2,0,5,0,0,47,0,47,0,3,49,0,52,20,0,20,72
01/20/2010,HHR,CA,AWP,WE,Federal Contract Tower,0,3,3,0,6,0,0,15,0,15,0,3,18,0,21,2,0,2,23
01/21/2010,HHR,CA,AWP,WE,Federal Contract Tower,0,5,4,0,9,0,1,30,1,32,0,6,34,1,41,4,0,4,45
01/22/2010,HHR,CA,AWP,WE,Federal Contract Tower,0,3,5,0,8,0,0,56,0,56,0,3,61,0,64,0,0,0,64
01/23/2010,HHR,CA,AWP,WE,Federal Contract Tower,0,12,0,0,12,0,0,162,2,164,0,12,162,2,176,50,0,50,226
01/24/2010,HHR,CA,AWP,WE,Federal Contract Tower,0,0,12,0,12,0,0,111,0,111,0,0,123,0,123,72,0,72,195
01/25/2010,HHR,CA,AWP,WE,Federal Contract Tower,0,3,7,0,10,0,1,80,0,81,0,4,87,0,91,18,0,18,109
01/26/2010,HHR,CA,AWP,WE,Federal Contract Tower,0,2,12,0,14,0,2,54,2,58,0,4,66,2,72,32,0,32,104
01/27/2010,HHR,CA,AWP,WE,Federal Contract Tower,0,7,7,0,14,0,2,88,0,90,0,9,95,0,104,22,0,22,126
01/28/2010,HHR,CA,AWP,WE,Federal Contract Tower,0,5,20,0,25,0,1,132,0,133,0,6,152,0,158,50,0,50,208
01/29/2010,HHR,CA,AWP,WE,Federal Contract Tower,0,3,16,0,19,0,0,98,0,98,0,3,114,0,117,44,0,44,161
01/30/2010,HHR,CA,AWP,WE,Federal Contract Tower,0,0,14,0,14,0,0,107,0,107,0,0,121,0,121,78,0,78,199
01/31/2010,HHR,CA,AWP,WE,Federal Contract Tower,0,0,21,0,21,0,0,88,0,88,0,0,109,0,109,122,0,122,231
02/01/2010,HHR,CA,AWP,WE,Federal Contract Tower,0,2,7,0,9,0,1,82,0,83,0,3,89,0,92,66,0,66,158
02/02/2010,HHR,CA,AWP,WE,Federal Contract Tower,0,1,22,0,23,0,0,69,1,70,0,1,91,1,93,62,0,62,155
02/03/2010,HHR,CA,AWP,WE,Federal Contract Tower,0,3,12,0,15,0,0,114,0,114,0,3,126,0,129,46,0,46,175
02/04/2010,HHR,CA,AWP,WE,Federal Contract Tower,0,3,10,0,13,0,1,79,0,80,0,4,89,0,93,84,0,84,177
02/05/2010,HHR,CA,AWP,WE,Federal Contract Tower,0,5,5,0,10,0,0,3,0,3,0,5,8,0,13,2,0,2,15
02/06/2010,HHR,CA,AWP,WE,Federal Contract Tower,0,0,5,0,5,0,0,31,1,32,0,0,36,1,37,18,0,18,55
02/07/2010,HHR,CA,AWP,WE,Federal Contract Tower,0,1,20,0,21,0,0,114,0,114,0,1,134,0,135,52,0,52,187
02/08/2010,HHR,CA,AWP,WE,Federal Contract Tower,0,1,11,0,12,0,0,91,3,94,0,1,102,3,106,32,0,32,138
02/09/2010,HHR,CA,AWP,WE,Federal Contract Tower,0,6,9,0,15,0,0,72,6,78,0,6,81,6,93,44,0,44,137
02/10/2010,HHR,CA,AWP,WE,Federal Contract Tower,0,3,3,0,6,0,1,89,1,91,0,4,92,1,97,52,0,52,149
02/11/2010,HHR,CA,AWP,WE,Federal Contract Tower,0,2,21,0,23,0,0,98,0,98,0,2,119,0,121,58,0,58,179
02/12/2010,HHR,CA,AWP,WE,Federal Contract Tower,0,8,24,0,32,0,0,101,0,101,0,8,125,0,133,92,0,92,225
02/13/2010,HHR,CA,AWP,WE,Federal Contract Tower,0,2,9,0,11,0,1,130,0,131,0,3,139,0,142,52,0,52,194
02/14/2010,HHR,CA,AWP,WE,Federal Contract Tower,0,0,8,0,8,0,1,109,0,110,0,1,117,0,118,32,0,32,150
02/15/2010,HHR,CA,AWP,WE,Federal Contract Tower,0,5,10,0,15,0,3,114,0,117,0,8,124,0,132,78,0,78,210
02/16/2010,HHR,CA,AWP,WE,Federal Contract Tower,0,5,4,0,9,0,0,114,0,114,0,5,118,0,123,52,0,52,175
02/17/2010,HHR,CA,AWP,WE,Federal Contract Tower,0,3,15,0,18,0,6,110,0,116,0,9,125,0,134,46,0,46,180
02/18/2010,HHR,CA,AWP,WE,Federal Contract Tower,0,4,16,0,20,0,0,74,0,74,0,4,90,0,94,80,0,80,174
02/19/2010,HHR,CA,AWP,WE,Federal Contract Tower,0,5,10,0,15,0,1,104,0,105,0,6,114,0,120,74,0,74,194
02/20/2010,HHR,CA,AWP,WE,Federal Contract Tower,0,1,7,0,8,0,0,78,0,78,0,1,85,0,86,90,0,90,176
02/21/2010,HHR,CA,AWP,WE,Federal Contract Tower,0,3,15,0,18,0,0,64,0,64,0,3,79,0,82,56,0,56,138
02/22/2010,HHR,CA,AWP,WE,Federal Contract Tower,0,3,4,0,7,0,3,85,0,88,0,6,89,0,95,36,0,36,131
02/23/2010,HHR,CA,AWP,WE,Federal Contract Tower,0,6,6,0,12,0,3,99,0,102,0,9,105,0,114,40,0,40,154
02/24/2010,HHR,CA,AWP,WE,Federal Contract Tower,0,3,10,0,13,0,0,69,1,70,0,3,79,1,83,38,0,38,121
02/25/2010,HHR,CA,AWP,WE,Federal Contract Tower,0,10,27,0,37,0,0,201,0,201,0,10,228,0,238,80,0,80,318
02/26/2010,HHR,CA,AWP,WE,Federal Contract Tower,0,5,13,0,18,0,1,126,0,127,0,6,139,0,145,84,0,84,229
02/27/2010,HHR,CA,AWP,WE,Federal Contract Tower,0,8,6,0,14,0,0,15,0,15,0,8,21,0,29,0,0,0,29
02/28/2010,HHR,CA,AWP,WE,Federal Contract Tower,0,3,8,0,11,0,1,110,0,111,0,4,118,0,122,124,0,124,246
03/01/2010,HHR,CA,AWP,WE,Federal Contract Tower,0,4,16,0,20,0,0,87,1,88,0,4,103,1,108,40,0,40,148
03/02/2010,HHR,CA,AWP,WE,Federal Contract Tower,0,7,11,0,18,0,2,59,6,67,0,9,70,6,85,52,0,52,137
03/03/2010,HHR,CA,AWP,WE,Federal Contract Tower,0,7,11,0,18,0,5,94,0,99,0,12,105,0,117,82,0,82,199
03/04/2010,HHR,CA,AWP,WE,Federal Contract Tower,0,4,9,0,13,0,0,160,0,160,0,4,169,0,173,97,0,97,270
03/05/2010,HHR,CA,AWP,WE,Federal Contract Tower,0,3,15,0,18,0,0,125,0,125,0,3,140,0,143,54,0,54,197
03/06/2010,HHR,CA,AWP,WE,Federal Contract Tower,0,2,5,0,7,0,0,50,0,50,0,2,55,0,57,18,0,18,75
03/07/2010,HHR,CA,AWP,WE,Federal Contract Tower,0,0,9,0,9,0,0,62,0,62,0,0,71,0,71,64,0,64,135
03/08/2010,HHR,CA,AWP,WE,Federal Contract Tower,0,3,16,0,19,0,0,66,0,66,0,3,82,0,85,54,0,54,139
03/09/2010,HHR,CA,AWP,WE,Federal Contract Tower,0,2,6,0,8,0,0,78,0,78,0,2,84,0,86,40,0,40,126
03/10/2010,HHR,CA,AWP,WE,Federal Contract Tower,0,3,11,0,14,0,3,88,4,95,0,6,99,4,109,34,0,34,143
03/11/2010,HHR,CA,AWP,WE,Federal Contract Tower,0,4,11,0,15,0,0,135,0,135,0,4,146,0,150,116,0,116,266
03/12/2010,HHR,CA,AWP,WE,Federal Contract Tower,0,3,2,0,5,0,1,118,0,119,0,4,120,0,124,100,0,100,224
03/13/2010,HHR,CA,AWP,WE,Federal Contract Tower,0,3,12,0,15,0,1,95,0,96,0,4,107,0,111,100,0,100,211
03/14/2010,HHR,CA,AWP,WE,Federal Contract Tower,0,0,5,0,5,0,1,125,0,126,0,1,130,0,131,112,0,112,243
03/15/2010,HHR,CA,AWP,WE,Federal Contract Tower,0,6,6,0,12,0,3,84,0,87,0,9,90,0,99,104,0,104,203
03/16/2010,HHR,CA,AWP,WE,Federal Contract Tower,0,0,9,0,9,0,1,87,1,89,0,1,96,1,98,58,0,58,156
03/17/2010,HHR,CA,AWP,WE,Federal Contract Tower,0,0,7,0,7,0,2,131,0,133,0,2,138,0,140,48,0,48,188
03/18/2010,HHR,CA,AWP,WE,Federal Contract Tower,0,1,22,0,23,0,0,141,0,141,0,1,163,0,164,56,0,56,220
03/19/2010,HHR,CA,AWP,WE,Federal Contract Tower,0,1,8,0,9,0,1,135,3,139,0,2,143,3,148,60,0,60,208
03/20/2010,HHR,CA,AWP,WE,Federal Contract Tower,0,3,9,0,12,0,0,108,0,108,0,3,117,0,120,46,0,46,166
03/21/2010,HHR,CA,AWP,WE,Federal Contract Tower,0,1,20,0,21,0,1,89,1,91,0,2,109,1,112,70,0,70,182
03/22/2010,HHR,CA,AWP,WE,Federal Contract Tower,0,1,6,0,7,0,0,98,0,98,0,1,104,0,105,50,0,50,155
03/23/2010,HHR,CA,AWP,WE,Federal Contract Tower,0,0,6,0,6,0,0,102,0,102,0,0,108,0,108,50,2,52,160
03/24/2010,HHR,CA,AWP,WE,Federal Contract Tower,0,0,14,0,14,0,0,100,0,100,0,0,114,0,114,48,0,48,162
03/25/2010,HHR,CA,AWP,WE,Federal Contract Tower,0,2,19,0,21,0,0,117,0,117,0,2,136,0,138,60,0,60,198
03/26/2010,HHR,CA,AWP,WE,Federal Contract Tower,0,5,12,0,17,0,1,114,4,119,0,6,126,4,136,52,10,62,198
03/27/2010,HHR,CA,AWP,WE,Federal Contract Tower,0,0,4,0,4,0,0,127,0,127,0,0,131,0,131,88,0,88,219
03/28/2010,HHR,CA,AWP,WE,Federal Contract Tower,0,0,10,0,10,0,0,103,1,104,0,0,113,1,114,32,0,32,146
03/29/2010,HHR,CA,AWP,WE,Federal Contract Tower,0,0,12,0,12,0,1,77,1,79,0,1,89,1,91,32,0,32,123
03/30/2010,HHR,CA,AWP,WE,Federal Contract Tower,0,1,9,0,10,0,0,57,0,57,0,1,66,0,67,60,0,60,127
03/31/2010,HHR,CA,AWP,WE,Federal Contract Tower,0,2,4,0,6,0,0,81,0,81,0,2,85,0,87,22,0,22,109
04/01/2010,HHR,CA,AWP,WE,Federal Contract Tower,0,3,6,0,9,0,1,87,2,90,0,4,93,2,99,36,0,36,135
04/02/2010,HHR,CA,AWP,WE,Federal Contract Tower,0,1,3,0,4,0,0,95,0,95,0,1,98,0,99,96,0,96,195
04/03/2010,HHR,CA,AWP,WE,Federal Contract Tower,0,0,11,0,11,0,1,81,0,82,0,1,92,0,93,46,0,46,139
04/04/2010,HHR,CA,AWP,WE,Federal Contract Tower,0,1,11,0,12,0,1,62,0,63,0,2,73,0,75,56,0,56,131
04/05/2010,HHR,CA,AWP,WE,Federal Contract Tower,0,2,4,0,6,0,0,36,0,36,0,2,40,0,42,14,0,14,56
04/06/2010,HHR,CA,AWP,WE,Federal Contract Tower,0,1,7,1,9,0,0,89,0,89,0,1,96,1,98,56,0,56,154
04/07/2010,HHR,CA,AWP,WE,Federal Contract Tower,0,1,5,0,6,0,0,101,0,101,0,1,106,0,107,6,0,6,113
04/08/2010,HHR,CA,AWP,WE,Federal Contract Tower,0,1,8,0,9,0,1,128,0,129,0,2,136,0,138,68,0,68,206
04/09/2010,HHR,CA,AWP,WE,Federal Contract Tower,0,1,15,0,16,0,0,122,0,122,0,1,137,0,138,60,0,60,198
04/10/2010,HHR,CA,AWP,WE,Federal Contract Tower,0,3,11,0,14,0,0,73,0,73,0,3,84,0,87,164,0,164,251
04/11/2010,HHR,CA,AWP,WE,Federal Contract Tower,0,0,17,0,17,0,0,70,0,70,0,0,87,0,87,18,0,18,105
04/12/2010,HHR,CA,AWP,WE,Federal Contract Tower,0,1,8,0,9,0,0,68,1,69,0,1,76,1,78,34,0,34,112
04/13/2010,HHR,CA,AWP,WE,Federal Contract Tower,0,2,6,0,8,0,1,84,4,89,0,3,90,4,97,10,0,10,107
04/14/2010,HHR,CA,AWP,WE,Federal Contract Tower,0,5,8,0,13,0,0,74,0,74,0,5,82,0,87,38,0,38,125
04/15/2010,HHR,CA,AWP,WE,Federal Contract Tower,0,1,4,0,5,0,2,107,0,109,0,3,111,0,114,58,0,58,172
04/16/2010,HHR,CA,AWP,WE,Federal Contract Tower,0,2,9,0,11,0,0,106,0,106,0,2,115,0,117,48,0,48,165
04/17/2010,HHR,CA,AWP,WE,Federal Contract Tower,0,1,11,0,12,0,1,133,0,134,0,2,144,0,146,104,0,104,250
04/18/2010,HHR,CA,AWP,WE,Federal Contract Tower,0,0,21,0,21,0,0,95,0,95,0,0,116,0,116,28,0,28,144
04/19/2010,HHR,CA,AWP,WE,Federal Contract Tower,0,0,2,0,2,0,0,56,0,56,0,0,58,0,58,20,0,20,78
04/20/2010,HHR,CA,AWP,WE,Federal Contract Tower,0,1,11,0,12,0,0,42,0,42,0,1,53,0,54,8,0,8,62
04/21/2010,HHR,CA,AWP,WE,Federal Contract Tower,0,3,7,0,10,0,0,75,0,75,0,3,82,0,85,4,0,4,89
04/22/2010,HHR,CA,AWP,WE,Federal Contract Tower,0,0,4,0,4,0,0,99,0,99,0,0,103,0,103,58,0,58,161
04/23/2010,HHR,CA,AWP,WE,Federal Contract Tower,0,1,10,0,11,0,0,110,0,110,0,1,120,0,121,100,0,100,221
04/24/2010,HHR,CA,AWP,WE,Federal Contract Tower,0,0,12,0,12,0,0,77,0,77,0,0,89,0,89,130,0,130,219
04/25/2010,HHR,CA,AWP,WE,Federal Contract Tower,0,0,17,0,17,0,0,58,2,60,0,0,75,2,77,70,0,70,147
04/26/2010,HHR,CA,AWP,WE,Federal Contract Tower,0,1,17,0,18,0,0,45,1,46,0,1,62,1,64,0,0,0,64
04/27/2010,HHR,CA,AWP,WE,Federal Contract Tower,0,1,23,0,24,0,0,35,0,35,0,1,58,0,59,10,0,10,69
04/28/2010,HHR,CA,AWP,WE,Federal Contract Tower,0,2,5,0,7,0,0,64,0,64,0,2,69,0,71,30,0,30,101
04/29/2010,HHR,CA,AWP,WE,Federal Contract Tower,0,0,6,0,6,0,0,79,0,79,0,0,85,0,85,8,0,8,93
04/30/2010,HHR,CA,AWP,WE,Federal Contract Tower,0,0,4,0,4,0,1,129,0,130,0,1,133,0,134,48,0,48,182
05/01/2010,HHR,CA,AWP,WE,Federal Contract Tower,0,0,9,0,9,0,1,113,1,115,0,1,122,1,124,64,0,64,188
05/02/2010,HHR,CA,AWP,WE,Federal Contract Tower,0,2,10,0,12,0,4,93,1,98,0,6,103,1,110,120,0,120,230
05/03/2010,HHR,CA,AWP,WE,Federal Contract Tower,0,0,5,0,5,0,3,94,0,97,0,3,99,0,102,28,0,28,130
05/04/2010,HHR,CA,AWP,WE,Federal Contract Tower,0,1,11,0,12,0,1,99,4,104,0,2,110,4,116,54,0,54,170
05/05/2010,HHR,CA,AWP,WE,Federal Contract Tower,0,1,6,0,7,0,3,102,2,107,0,4,108,2,114,58,0,58,172
05/06/2010,HHR,CA,AWP,WE,Federal Contract Tower,0,1,9,0,10,0,2,130,0,132,0,3,139,0,142,36,0,36,178
05/07/2010,HHR,CA,AWP,WE,Federal Contract Tower,0,0,7,0,7,0,1,129,0,130,0,1,136,0,137,58,0,58,195
05/08/2010,HHR,CA,AWP,WE,Federal Contract Tower,0,0,7,0,7,0,0,149,0,149,0,0,156,0,156,92,0,92,248
05/09/2010,HHR,CA,AWP,WE,Federal Contract Tower,0,0,13,0,13,0,0,84,0,84,0,0,97,0,97,8,0,8,105
05/10/2010,HHR,CA,AWP,WE,Federal Contract Tower,0,2,14,0,16,0,3,88,0,91,0,5,102,0,107,16,0,16,123
05/11/2010,HHR,CA,AWP,WE,Federal Contract Tower,0,0,5,0,5,0,3,112,1,116,0,3,117,1,121,8,0,8,129
05/12/2010,HHR,CA,AWP,WE,Federal Contract Tower,0,0,13,0,13,0,0,75,0,75,0,0,88,0,88,34,0,34,122
05/13/2010,HHR,CA,AWP,WE,Federal Contract Tower,0,1,9,0,10,0,0,129,0,129,0,1,138,0,139,34,0,34,173
05/14/2010,HHR,CA,AWP,WE,Federal Contract Tower,0,2,15,0,17,0,0,103,0,103,0,2,118,0,120,104,0,104,224
05/15/2010,HHR,CA,AWP,WE,Federal Contract Tower,0,4,17,0,21,0,0,62,0,62,0,4,79,0,83,84,0,84,167
05/16/2010,HHR,CA,AWP,WE,Federal Contract Tower,0,0,30,0,30,0,0,65,1,66,0,0,95,1,96,58,0,58,154
05/17/2010,HHR,CA,AWP,WE,Federal Contract Tower,0,1,14,0,15,0,0,30,0,30,0,1,44,0,45,8,0,8,53
05/18/2010,HHR,CA,AWP,WE,Federal Contract Tower,0,1,15,0,16,0,0,31,4,35,0,1,46,4,51,0,0,0,51
05/19/2010,HHR,CA,AWP,WE,Federal Contract Tower,0,0,10,0,10,0,2,64,0,66,0,2,74,0,76,26,0,26,102
05/20/2010,HHR,CA,AWP,WE,Federal Contract Tower,0,1,10,0,11,0,1,113,0,114,0,2,123,0,125,58,0,58,183
05/21/2010,HHR,CA,AWP,WE,Federal Contract Tower,0,0,17,0,17,0,0,105,0,105,0,0,122,0,122,80,0,80,202
05/22/2010,HHR,CA,AWP,WE,Federal Contract Tower,0,0,8,0,8,0,0,115,0,115,0,0,123,0,123,80,0,80,203
05/23/2010,HHR,CA,AWP,WE,Federal Contract Tower,0,0,6,0,6,0,2,72,0,74,0,2,78,0,80,74,0,74,154
05/24/2010,HHR,CA,AWP,WE,Federal Contract Tower,0,0,2,0,2,0,1,106,0,107,0,1,108,0,109,24,0,24,133
05/25/2010,HHR,CA,AWP,WE,Federal Contract Tower,0,0,12,0,12,0,1,84,6,91,0,1,96,6,103,44,0,44,147
05/26/2010,HHR,CA,AWP,WE,Federal Contract Tower,0,1,6,0,7,0,0,92,0,92,0,1,98,0,99,40,0,40,139
05/27/2010,HHR,CA,AWP,WE,Federal Contract Tower,0,1,11,0,12,0,1,100,0,101,0,2,111,0,113,54,0,54,167
05/28/2010,HHR,CA,AWP,WE,Federal Contract Tower,0,1,7,0,8,0,0,120,0,120,0,1,127,0,128,64,0,64,192
05/29/2010,HHR,CA,AWP,WE,Federal Contract Tower,0,0,5,0,5,0,1,115,0,116,0,1,120,0,121,114,0,114,235
05/30/2010,HHR,CA,AWP,WE,Federal Contract Tower,0,0,5,0,5,0,1,111,0,112,0,1,116,0,117,138,0,138,255
05/31/2010,HHR,CA,AWP,WE,Federal Contract Tower,0,3,7,0,10,0,1,109,0,110,0,4,116,0,120,44,0,44,164
06/01/2010,HHR,CA,AWP,WE,Federal Contract Tower,0,2,9,0,11,0,0,53,0,53,0,2,62,0,64,28,0,28,92
06/02/2010,HHR,CA,AWP,WE,Federal Contract Tower,0,1,5,0,6,0,1,65,0,66,0,2,70,0,72,20,0,20,92
06/03/2010,HHR,CA,AWP,WE,Federal Contract Tower,0,4,19,0,23,0,0,57,0,57,0,4,76,0,80,30,0,30,110
06/04/2010,HHR,CA,AWP,WE,Federal Contract Tower,0,0,13,0,13,0,0,69,0,69,0,0,82,0,82,52,0,52,134
06/05/2010,HHR,CA,AWP,WE,Federal Contract Tower,0,0,9,0,9,0,0,73,0,73,0,0,82,0,82,82,0,82,164
06/06/2010,HHR,CA,AWP,WE,Federal Contract Tower,0,1,15,0,16,0,0,70,0,70,0,1,85,0,86,56,0,56,142
06/07/2010,HHR,CA,AWP,WE,Federal Contract Tower,0,0,8,0,8,0,0,50,0,50,0,0,58,0,58,2,0,2,60
06/08/2010,HHR,CA,AWP,WE,Federal Contract Tower,0,0,16,0,16,0,0,43,0,43,0,0,59,0,59,0,0,0,59
06/09/2010,HHR,CA,AWP,WE,Federal Contract Tower,0,0,12,0,12,0,0,56,0,56,0,0,68,0,68,48,0,48,116
06/10/2010,HHR,CA,AWP,WE,Federal Contract Tower,0,2,4,0,6,0,0,103,0,103,0,2,107,0,109,62,0,62,171
06/11/2010,HHR,CA,AWP,WE,Federal Contract Tower,0,2,12,0,14,0,0,108,0,108,0,2,120,0,122,48,0,48,170
06/12/2010,HHR,CA,AWP,WE,Federal Contract Tower,0,0,13,0,13,0,0,68,0,68,0,0,81,0,81,44,0,44,125
06/13/2010,HHR,CA,AWP,WE,Federal Contract Tower,0,3,12,0,15,0,1,57,0,58,0,4,69,0,73,48,0,48,121
06/14/2010,HHR,CA,AWP,WE,Federal Contract Tower,0,3,14,0,17,0,2,76,0,78,0,5,90,0,95,52,0,52,147
06/15/2010,HHR,CA,AWP,WE,Federal Contract Tower,0,5,11,0,16,0,2,78,0,80,0,7,89,0,96,72,0,72,168
06/16/2010,HHR,CA,AWP,WE,Federal Contract Tower,0,0,9,0,9,0,1,75,0,76,0,1,84,0,85,48,0,48,133
06/17/2010,HHR,CA,AWP,WE,Federal Contract Tower,0,0,12,0,12,0,0,98,0,98,0,0,110,0,110,94,0,94,204
06/18/2010,HHR,CA,AWP,WE,Federal Contract Tower,0,1,11,0,12,0,0,79,0,79,0,1,90,0,91,62,0,62,153
06/19/2010,HHR,CA,AWP,WE,Federal Contract Tower,0,1,12,0,13,0,1,128,0,129,0,2,140,0,142,110,0,110,252
06/20/2010,HHR,CA,AWP,WE,Federal Contract Tower,0,1,2,0,3,0,0,85,0,85,0,1,87,0,88,70,0,70,158
06/21/2010,HHR,CA,AWP,WE,Federal Contract Tower,0,3,9,0,12,0,0,72,0,72,0,3,81,0,84,50,0,50,134
06/22/2010,HHR,CA,AWP,WE,Federal Contract Tower,0,5,10,0,15,0,3,74,0,77,0,8,84,0,92,56,0,56,148
06/23/2010,HHR,CA,AWP,WE,Federal Contract Tower,0,2,12,0,14,0,1,70,0,71,0,3,82,0,85,44,0,44,129
06/24/2010,HHR,CA,AWP,WE,Federal Contract Tower,0,0,13,0,13,0,0,119,0,119,0,0,132,0,132,58,0,58,190
06/25/2010,HHR,CA,AWP,WE,Federal Contract Tower,0,1,21,0,22,0,0,97,6,103,0,1,118,6,125,84,0,84,209
06/26/2010,HHR,CA,AWP,WE,Federal Contract Tower,0,4,24,0,28,0,0,98,0,98,0,4,122,0,126,56,0,56,182
06/27/2010,HHR,CA,AWP,WE,Federal Contract Tower,0,1,9,0,10,0,0,122,0,122,0,1,131,0,132,72,0,72,204
06/28/2010,HHR,CA,AWP,WE,Federal Contract Tower,0,0,19,0,19,0,1,57,0,58,0,1,76,0,77,68,0,68,145
06/29/2010,HHR,CA,AWP,WE,Federal Contract Tower,0,1,17,3,21,0,0,34,2,36,0,1,51,5,57,14,0,14,71
06/30/2010,HHR,CA,AWP,WE,Federal Contract Tower,0,0,27,3,30,0,0,67,2,69,0,0,94,5,99,24,0,24,123
07/01/2010,HHR,CA,AWP,WE,Federal Contract Tower,0,3,13,0,16,0,0,92,0,92,0,3,105,0,108,64,0,64,172
07/02/2010,HHR,CA,AWP,WE,Federal Contract Tower,0,0,0,0,0,0,0,103,0,103,0,0,103,0,103,40,0,40,143
07/03/2010,HHR,CA,AWP,WE,Federal Contract Tower,0,1,12,0,13,0,0,77,0,77,0,1,89,0,90,60,0,60,150
07/04/2010,HHR,CA,AWP,WE,Federal Contract Tower,0,1,4,0,5,0,0,88,0,88,0,1,92,0,93,68,0,68,161
07/05/2010,HHR,CA,AWP,WE,Federal Contract Tower,0,2,27,0,29,0,0,66,0,66,0,2,93,0,95,14,0,14,109
07/06/2010,HHR,CA,AWP,WE,Federal Contract Tower,0,2,19,0,21,0,1,41,0,42,0,3,60,0,63,56,0,56,119
07/07/2010,HHR,CA,AWP,WE,Federal Contract Tower,0,0,28,0,28,0,0,48,0,48,0,0,76,0,76,44,0,44,120
07/08/2010,HHR,CA,AWP,WE,Federal Contract Tower,0,1,17,0,18,0,3,57,0,60,0,4,74,0,78,28,0,28,106
07/09/2010,HHR,CA,AWP,WE,Federal Contract Tower,0,5,10,0,15,0,1,49,0,50,0,6,59,0,65,4,0,4,69
07/10/2010,HHR,CA,AWP,WE,Federal Contract Tower,0,2,14,0,16,0,1,107,0,108,0,3,121,0,124,52,0,52,176
07/11/2010,HHR,CA,AWP,WE,Federal Contract Tower,0,0,8,0,8,0,0,66,0,66,0,0,74,0,74,22,0,22,96
07/12/2010,HHR,CA,AWP,WE,Federal Contract Tower,0,1,14,0,15,0,1,64,1,66,0,2,78,1,81,54,0,54,135
07/13/2010,HHR,CA,AWP,WE,Federal Contract Tower,0,1,8,0,9,0,1,98,0,99,0,2,106,0,108,58,0,58,166
07/14/2010,HHR,CA,AWP,WE,Federal Contract Tower,0,0,7,0,7,0,0,124,0,124,0,0,131,0,131,124,0,124,255
07/15/2010,HHR,CA,AWP,WE,Federal Contract Tower,0,0,1,0,1,0,1,79,0,80,0,1,80,0,81,82,0,82,163
07/16/2010,HHR,CA,AWP,WE,Federal Contract Tower,0,3,3,0,6,0,0,106,0,106,0,3,109,0,112,96,0,96,208
07/17/2010,HHR,CA,AWP,WE,Federal Contract Tower,0,0,3,0,3,0,0,133,0,133,0,0,136,0,136,144,0,144,280
07/18/2010,HHR,CA,AWP,WE,Federal Contract Tower,0,2,9,1,12,0,4,98,1,103,0,6,107,2,115,96,8,104,219
07/19/2010,HHR,CA,AWP,WE,Federal Contract Tower,0,0,7,0,7,0,0,66,0,66,0,0,73,0,73,74,0,74,147
07/20/2010,HHR,CA,AWP,WE,Federal Contract Tower,0,3,17,0,20,0,2,78,1,81,0,5,95,1,101,34,0,34,135
07/21/2010,HHR,CA,AWP,WE,Federal Contract Tower,0,0,23,0,23,0,0,59,0,59,0,0,82,0,82,18,0,18,100
07/22/2010,HHR,CA,AWP,WE,Federal Contract Tower,0,0,10,0,10,0,0,59,0,59,0,0,69,0,69,40,0,40,109
07/23/2010,HHR,CA,AWP,WE,Federal Contract Tower,0,3,17,0,20,0,0,107,0,107,0,3,124,0,127,54,0,54,181
07/24/2010,HHR,CA,AWP,WE,Federal Contract Tower,0,0,5,0,5,0,0,129,0,129,0,0,134,0,134,68,0,68,202
07/25/2010,HHR,CA,AWP,WE,Federal Contract Tower,0,5,16,0,21,0,2,81,0,83,0,7,97,0,104,150,0,150,254
07/26/2010,HHR,CA,AWP,WE,Federal Contract Tower,0,6,4,0,10,0,1,60,0,61,0,7,64,0,71,22,0,22,93
07/27/2010,HHR,CA,AWP,WE,Federal Contract Tower,0,5,12,0,17,0,0,61,0,61,0,5,73,0,78,50,0,50,128
07/28/2010,HHR,CA,AWP,WE,Federal Contract Tower,0,0,7,0,7,0,2,95,0,97,0,2,102,0,104,72,0,72,176
07/29/2010,HHR,CA,AWP,WE,Federal Contract Tower,0,1,4,0,5,0,1,91,0,92,0,2,95,0,97,24,0,24,121
07/30/2010,HHR,CA,AWP,WE,Federal Contract Tower,0,1,13,0,14,0,1,103,0,104,0,2,116,0,118,60,0,60,178
07/31/2010,HHR,CA,AWP,WE,Federal Contract Tower,0,18,0,0,18,0,0,73,0,73,0,18,73,0,91,64,0,64,155
08/01/2010,HHR,CA,AWP,WE,Federal Contract Tower,0,3,8,0,11,0,1,99,0,100,0,4,107,0,111,82,0,82,193
08/02/2010,HHR,CA,AWP,WE,Federal Contract Tower,0,2,9,0,11,0,0,77,4,81,0,2,86,4,92,72,0,72,164
08/03/2010,HHR,CA,AWP,WE,Federal Contract Tower,0,3,7,0,10,0,2,105,4,111,0,5,112,4,121,52,0,52,173
08/04/2010,HHR,CA,AWP,WE,Federal Contract Tower,0,4,12,0,16,0,2,88,0,90,0,6,100,0,106,40,0,40,146
08/05/2010,HHR,CA,AWP,WE,Federal Contract Tower,0,1,7,0,8,0,1,102,0,103,0,2,109,0,111,94,0,94,205
08/06/2010,HHR,CA,AWP,WE,Federal Contract Tower,0,4,7,0,11,0,1,81,0,82,0,5,88,0,93,76,0,76,169
08/07/2010,HHR,CA,AWP,WE,Federal Contract Tower,0,1,10,0,11,0,1,73,0,74,0,2,83,0,85,82,0,82,167
08/08/2010,HHR,CA,AWP,WE,Federal Contract Tower,0,3,9,0,12,0,0,98,0,98,0,3,107,0,110,92,0,92,202
08/09/2010,HHR,CA,AWP,WE,Federal Contract Tower,0,4,14,0,18,0,3,104,0,107,0,7,118,0,125,54,0,54,179
08/10/2010,HHR,CA,AWP,WE,Federal Contract Tower,0,2,11,0,13,0,2,85,0,87,0,4,96,0,100,44,0,44,144
08/11/2010,HHR,CA,AWP,WE,Federal Contract Tower,0,1,16,0,17,0,3,94,0,97,0,4,110,0,114,24,0,24,138
08/12/2010,HHR,CA,AWP,WE,Federal Contract Tower,0,1,10,0,11,0,2,114,0,116,0,3,124,0,127,54,0,54,181
08/13/2010,HHR,CA,AWP,WE,Federal Contract Tower,0,1,11,2,14,0,3,119,2,124,0,4,130,4,138,84,0,84,222
08/14/2010,HHR,CA,AWP,WE,Federal Contract Tower,0,2,13,0,15,0,0,95,0,95,0,2,108,0,110,104,0,104,214
08/15/2010,HHR,CA,AWP,WE,Federal Contract Tower,0,1,14,0,15,0,3,107,0,110,0,4,121,0,125,114,0,114,239
08/16/2010,HHR,CA,AWP,WE,Federal Contract Tower,0,6,7,0,13,0,1,60,0,61,0,7,67,0,74,14,5,19,93
08/17/2010,HHR,CA,AWP,WE,Federal Contract Tower,0,1,2,0,3,0,2,109,0,111,0,3,111,0,114,70,0,70,184
08/18/2010,HHR,CA,AWP,WE,Federal Contract Tower,0,0,3,0,3,0,2,98,0,100,0,2,101,0,103,60,0,60,163
08/19/2010,HHR,CA,AWP,WE,Federal Contract Tower,0,1,2,0,3,0,1,138,0,139,0,2,140,0,142,108,0,108,250
08/20/2010,HHR,CA,AWP,WE,Federal Contract Tower,0,1,1,0,2,0,1,126,0,127,0,2,127,0,129,120,0,120,249
08/21/2010,HHR,CA,AWP,WE,Federal Contract Tower,0,0,5,0,5,0,2,138,0,140,0,2,143,0,145,128,0,128,273
08/22/2010,HHR,CA,AWP,WE,Federal Contract Tower,0,1,9,0,10,0,2,127,0,129,0,3,136,0,139,122,0,122,261
08/23/2010,HHR,CA,AWP,WE,Federal Contract Tower,0,1,4,0,5,0,1,104,6,111,0,2,108,6,116,30,0,30,146
08/24/2010,HHR,CA,AWP,WE,Federal Contract Tower,0,1,8,0,9,0,4,90,0,94,0,5,98,0,103,64,0,64,167
08/25/2010,HHR,CA,AWP,WE,Federal Contract Tower,0,3,1,0,4,0,2,91,0,93,0,5,92,0,97,42,0,42,139
08/26/2010,HHR,CA,AWP,WE,Federal Contract Tower,0,0,8,0,8,0,2,139,0,141,0,2,147,0,149,84,0,84,233
08/27/2010,HHR,CA,AWP,WE,Federal Contract Tower,0,1,8,0,9,0,2,116,0,118,0,3,124,0,127,82,0,82,209
08/28/2010,HHR,CA,AWP,WE,Federal Contract Tower,0,1,12,0,13,0,0,127,0,127,0,1,139,0,140,142,0,142,282
08/29/2010,HHR,CA,AWP,WE,Federal Contract Tower,0,1,12,0,13,0,0,90,0,90,0,1,102,0,103,50,0,50,153
08/30/2010,HHR,CA,AWP,WE,Federal Contract Tower,0,0,9,0,9,0,3,103,0,106,0,3,112,0,115,56,0,56,171
08/31/2010,HHR,CA,AWP,WE,Federal Contract Tower,0,2,9,0,11,0,1,102,1,104,0,3,111,1,115,94,0,94,209
09/01/2010,HHR,CA,AWP,WE,Federal Contract Tower,0,2,14,0,16,0,0,48,0,48,0,2,62,0,64,30,0,30,94
09/02/2010,HHR,CA,AWP,WE,Federal Contract Tower,0,0,7,0,7,0,0,86,0,86,0,0,93,0,93,14,0,14,107
09/03/2010,HHR,CA,AWP,WE,Federal Contract Tower,0,0,9,0,9,0,4,0,0,4,0,4,9,0,13,84,0,84,97
09/04/2010,HHR,CA,AWP,WE,Federal Contract Tower,0,0,4,0,4,0,0,124,0,124,0,0,128,0,128,118,0,118,246
09/05/2010,HHR,CA,AWP,WE,Federal Contract Tower,0,1,0,0,1,0,0,94,0,94,0,1,94,0,95,80,0,80,175
09/06/2010,HHR,CA,AWP,WE,Federal Contract Tower,0,7,16,0,23,0,0,119,0,119,0,7,135,0,142,118,0,118,260
09/07/2010,HHR,CA,AWP,WE,Federal Contract Tower,0,2,10,1,13,0,2,68,0,70,0,4,78,1,83,50,0,50,133
09/08/2010,HHR,CA,AWP,WE,Federal Contract Tower,0,2,9,0,11,0,0,83,0,83,0,2,92,0,94,18,0,18,112
09/09/2010,HHR,CA,AWP,WE,Federal Contract Tower,0,1,4,0,5,0,0,87,0,87,0,1,91,0,92,64,0,64,156
09/10/2010,HHR,CA,AWP,WE,Federal Contract Tower,0,2,15,0,17,0,0,112,0,112,0,2,127,0,129,58,0,58,187
09/11/2010,HHR,CA,AWP,WE,Federal Contract Tower,0,2,17,0,19,0,1,43,0,44,0,3,60,0,63,8,0,8,71
09/12/2010,HHR,CA,AWP,WE,Federal Contract Tower,0,1,17,0,18,0,0,71,0,71,0,1,88,0,89,116,0,116,205
09/13/2010,HHR,CA,AWP,WE,Federal Contract Tower,0,1,4,0,5,0,3,88,4,95,0,4,92,4,100,32,0,32,132
09/14/2010,HHR,CA,AWP,WE,Federal Contract Tower,0,3,7,0,10,0,3,109,0,112,0,6,116,0,122,64,0,64,186
09/15/2010,HHR,CA,AWP,WE,Federal Contract Tower,0,1,7,0,8,0,2,98,2,102,0,3,105,2,110,84,0,84,194
09/16/2010,HHR,CA,AWP,WE,Federal Contract Tower,0,0,11,0,11,0,1,102,0,103,0,1,113,0,114,82,0,82,196
09/17/2010,HHR,CA,AWP,WE,Federal Contract Tower,0,4,31,0,35,0,0,73,0,73,0,4,104,0,108,78,0,78,186
09/18/2010,HHR,CA,AWP,WE,Federal Contract Tower,0,1,6,0,7,0,1,82,0,83,0,2,88,0,90,84,0,84,174
09/19/2010,HHR,CA,AWP,WE,Federal Contract Tower,0,1,11,0,12,0,0,123,2,125,0,1,134,2,137,66,0,66,203
09/20/2010,HHR,CA,AWP,WE,Federal Contract Tower,0,4,13,0,17,0,3,84,0,87,0,7,97,0,104,62,0,62,166
09/21/2010,HHR,CA,AWP,WE,Federal Contract Tower,0,6,24,0,30,0,2,41,0,43,0,8,65,0,73,42,0,42,115
09/22/2010,HHR,CA,AWP,WE,Federal Contract Tower,0,5,14,0,19,0,1,121,0,122,0,6,135,0,141,88,0,88,229
09/23/2010,HHR,CA,AWP,WE,Federal Contract Tower,0,4,7,0,11,0,1,145,0,146,0,5,152,0,157,118,0,118,275
09/24/2010,HHR,CA,AWP,WE,Federal Contract Tower,0,2,11,0,13,0,3,171,0,174,0,5,182,0,187,62,0,62,249
09/25/2010,HHR,CA,AWP,WE,Federal Contract Tower,0,0,3,0,3,0,2,96,0,98,0,2,99,0,101,96,0,96,197
09/26/2010,HHR,CA,AWP,WE,Federal Contract Tower,0,4,5,0,9,0,0,105,0,105,0,4,110,0,114,58,0,58,172
09/27/2010,HHR,CA,AWP,WE,Federal Contract Tower,0,0,2,0,2,0,1,95,0,96,0,1,97,0,98,56,0,56,154
09/28/2010,HHR,CA,AWP,WE,Federal Contract Tower,0,1,5,0,6,0,3,134,0,137,0,4,139,0,143,66,0,66,209
09/29/2010,HHR,CA,AWP,WE,Federal Contract Tower,0,1,3,0,4,0,4,122,0,126,0,5,125,0,130,86,0,86,216
09/30/2010,HHR,CA,AWP,WE,Federal Contract Tower,0,0,6,0,6,0,0,117,0,117,0,0,123,0,123,64,0,64,187
10/01/2010,HHR,CA,AWP,WE,Federal Contract Tower,0,1,4,0,5,0,3,78,0,81,0,4,82,0,86,80,0,80,166
10/02/2010,HHR,CA,AWP,WE,Federal Contract Tower,0,0,2,0,2,0,0,105,0,105,0,0,107,0,107,142,0,142,249
10/03/2010,HHR,CA,AWP,WE,Federal Contract Tower,0,4,9,0,13,0,0,68,0,68,0,4,77,0,81,104,0,104,185
10/04/2010,HHR,CA,AWP,WE,Federal Contract Tower,1,7,0,0,8,0,0,5,0,5,1,7,5,0,13,14,0,14,27
10/05/2010,HHR,CA,AWP,WE,Federal Contract Tower,0,4,11,0,15,0,1,88,0,89,0,5,99,0,104,16,0,16,120
10/06/2010,HHR,CA,AWP,WE,Federal Contract Tower,0,3,1,0,4,0,0,52,0,52,0,3,53,0,56,22,0,22,78
10/07/2010,HHR,CA,AWP,WE,Federal Contract Tower,0,1,7,0,8,0,0,0,0,0,0,1,7,0,8,62,0,62,70
10/08/2010,HHR,CA,AWP,WE,Federal Contract Tower,0,2,9,0,11,0,0,124,0,124,0,2,133,0,135,90,0,90,225
10/09/2010,HHR,CA,AWP,WE,Federal Contract Tower,0,1,5,0,6,0,2,112,0,114,0,3,117,0,120,150,0,150,270
10/10/2010,HHR,CA,AWP,WE,Federal Contract Tower,0,1,4,0,5,0,1,94,0,95,0,2,98,0,100,102,0,102,202
10/11/2010,HHR,CA,AWP,WE,Federal Contract Tower,0,0,6,0,6,0,0,73,0,73,0,0,79,0,79,92,0,92,171
10/12/2010,HHR,CA,AWP,WE,Federal Contract Tower,0,2,9,0,11,0,1,73,4,78,0,3,82,4,89,28,0,28,117
10/13/2010,HHR,CA,AWP,WE,Federal Contract Tower,0,3,13,0,16,0,1,53,0,54,0,4,66,0,70,78,0,78,148
10/14/2010,HHR,CA,AWP,WE,Federal Contract Tower,0,1,17,0,18,0,0,49,0,49,0,1,66,0,67,10,0,10,77
10/15/2010,HHR,CA,AWP,WE,Federal Contract Tower,0,1,16,0,17,0,0,27,0,27,0,1,43,0,44,0,0,0,44
10/16/2010,HHR,CA,AWP,WE,Federal Contract Tower,0,3,16,0,19,0,0,36,0,36,0,3,52,0,55,36,0,36,91
10/17/2010,HHR,CA,AWP,WE,Federal Contract Tower,0,3,18,0,21,0,0,13,0,13,0,3,31,0,34,0,0,0,34
10/18/2010,HHR,CA,AWP,WE,Federal Contract Tower,0,2,12,0,14,0,2,51,2,55,0,4,63,2,69,26,0,26,95
10/19/2010,HHR,CA,AWP,WE,Federal Contract Tower,0,3,2,0,5,0,1,26,10,37,0,4,28,10,42,16,0,16,58
10/20/2010,HHR,CA,AWP,WE,Federal Contract Tower,0,3,4,0,7,0,0,13,0,13,0,3,17,0,20,8,0,8,28
10/21/2010,HHR,CA,AWP,WE,Federal Contract Tower,0,2,4,0,6,0,1,59,0,60,0,3,63,0,66,48,0,48,114
10/22/2010,HHR,CA,AWP,WE,Federal Contract Tower,0,5,4,0,9,0,0,32,0,32,0,5,36,0,41,20,0,20,61
10/23/2010,HHR,CA,AWP,WE,Federal Contract Tower,0,0,11,0,11,0,0,75,0,75,0,0,86,0,86,80,0,80,166
10/24/2010,HHR,CA,AWP,WE,Federal Contract Tower,0,1,8,0,9,0,1,90,2,93,0,2,98,2,102,148,0,148,250
10/25/2010,HHR,CA,AWP,WE,Federal Contract Tower,0,3,7,0,10,0,2,65,0,67,0,5,72,0,77,38,0,38,115
10/26/2010,HHR,CA,AWP,WE,Federal Contract Tower,0,0,3,0,3,0,1,109,0,110,0,1,112,0,113,80,0,80,193
10/27/2010,HHR,CA,AWP,WE,Federal Contract Tower,0,0,5,0,5,0,3,128,2,133,0,3,133,2,138,82,0,82,220
10/28/2010,HHR,CA,AWP,WE,Federal Contract Tower,0,0,8,0,8,0,2,159,0,161,0,2,167,0,169,52,0,52,221
10/29/2010,HHR,CA,AWP,WE,Federal Contract Tower,0,0,4,0,4,0,0,154,0,154,0,0,158,0,158,96,0,96,254
10/30/2010,HHR,CA,AWP,WE,Federal Contract Tower,0,0,3,0,3,0,0,86,0,86,0,0,89,0,89,112,0,112,201
10/31/2010,HHR,CA,AWP,WE,Federal Contract Tower,0,1,6,0,7,0,1,129,0,130,0,2,135,0,137,156,0,156,293
11/01/2010,HHR,CA,AWP,WE,Federal Contract Tower,0,1,3,0,4,0,1,111,2,114,0,2,114,2,118,40,0,40,158
11/02/2010,HHR,CA,AWP,WE,Federal Contract Tower,0,4,8,0,12,0,2,99,0,101,0,6,107,0,113,32,0,32,145
11/03/2010,HHR,CA,AWP,WE,Federal Contract Tower,0,2,5,0,7,0,0,114,0,114,0,2,119,0,121,46,0,46,167
11/04/2010,HHR,CA,AWP,WE,Federal Contract Tower,0,2,7,0,9,0,1,170,0,171,0,3,177,0,180,83,0,83,263
11/05/2010,HHR,CA,AWP,WE,Federal Contract Tower,0,0,6,0,6,0,1,98,0,99,0,1,104,0,105,66,0,66,171
11/06/2010,HHR,CA,AWP,WE,Federal Contract Tower,0,0,7,0,7,0,1,84,0,85,0,1,91,0,92,74,0,74,166
11/07/2010,HHR,CA,AWP,WE,Federal Contract Tower,0,1,3,0,4,0,0,85,0,85,0,1,88,0,89,136,0,136,225
11/08/2010,HHR,CA,AWP,WE,Federal Contract Tower,0,0,3,0,3,0,0,74,0,74,0,0,77,0,77,36,0,36,113
11/09/2010,HHR,CA,AWP,WE,Federal Contract Tower,0,1,5,0,6,0,0,125,0,125,0,1,130,0,131,24,0,24,155
11/10/2010,HHR,CA,AWP,WE,Federal Contract Tower,0,1,4,0,5,0,1,129,0,130,0,2,133,0,135,124,0,124,259
11/11/2010,HHR,CA,AWP,WE,Federal Contract Tower,0,3,3,0,6,0,2,113,0,115,0,5,116,0,121,100,0,100,221
11/12/2010,HHR,CA,AWP,WE,Federal Contract Tower,0,0,3,0,3,0,1,115,0,116,0,1,118,0,119,94,0,94,213
11/13/2010,HHR,CA,AWP,WE,Federal Contract Tower,0,0,3,0,3,0,3,121,0,124,0,3,124,0,127,130,0,130,257
11/14/2010,HHR,CA,AWP,WE,Federal Contract Tower,0,0,5,0,5,0,0,115,2,117,0,0,120,2,122,86,0,86,208
11/15/2010,HHR,CA,AWP,WE,Federal Contract Tower,0,0,3,0,3,0,2,102,0,104,0,2,105,0,107,78,0,78,185
11/16/2010,HHR,CA,AWP,WE,Federal Contract Tower,0,1,3,0,4,0,1,84,2,87,0,2,87,2,91,40,0,40,131
11/17/2010,HHR,CA,AWP,WE,Federal Contract Tower,0,0,9,0,9,0,2,104,0,106,0,2,113,0,115,86,0,86,201
11/18/2010,HHR,CA,AWP,WE,Federal Contract Tower,0,1,3,0,4,0,0,88,0,88,0,1,91,0,92,66,0,66,158
11/19/2010,HHR,CA,AWP,WE,Federal Contract Tower,0,1,9,0,10,0,1,73,0,74,0,2,82,0,84,70,0,70,154
11/20/2010,HHR,CA,AWP,WE,Federal Contract Tower,0,1,8,0,9,0,0,54,0,54,0,1,62,0,63,30,0,30,93
11/21/2010,HHR,CA,AWP,WE,Federal Contract Tower,0,0,6,0,6,0,0,48,0,48,0,0,54,0,54,80,0,80,134
11/22/2010,HHR,CA,AWP,WE,Federal Contract Tower,0,1,9,0,10,0,2,81,0,83,0,3,90,0,93,20,0,20,113
11/23/2010,HHR,CA,AWP,WE,Federal Contract Tower,0,1,6,0,7,0,0,79,2,81,0,1,85,2,88,48,0,48,136
11/24/2010,HHR,CA,AWP,WE,Federal Contract Tower,0,0,9,0,9,0,2,106,2,110,0,2,115,2,119,62,0,62,181
11/25/2010,HHR,CA,AWP,WE,Federal Contract Tower,0,0,1,0,1,0,1,76,0,77,0,1,77,0,78,14,0,14,92
11/26/2010,HHR,CA,AWP,WE,Federal Contract Tower,0,0,5,0,5,0,0,89,0,89,0,0,94,0,94,96,0,96,190
11/27/2010,HHR,CA,AWP,WE,Federal Contract Tower,0,1,14,0,15,0,1,82,0,83,0,2,96,0,98,84,0,84,182
11/28/2010,HHR,CA,AWP,WE,Federal Contract Tower,0,0,9,0,9,0,0,71,0,71,0,0,80,0,80,62,0,62,142
11/29/2010,HHR,CA,AWP,WE,Federal Contract Tower,0,0,2,0,2,0,0,93,0,93,0,0,95,0,95,34,0,34,129
11/30/2010,HHR,CA,AWP,WE,Federal Contract Tower,0,1,7,0,8,0,1,101,0,102,0,2,108,0,110,20,0,20,130
12/01/2010,HHR,CA,AWP,WE,Federal Contract Tower,0,0,4,0,4,0,0,82,0,82,0,0,86,0,86,48,0,48,134
12/02/2010,HHR,CA,AWP,WE,Federal Contract Tower,0,0,4,0,4,0,1,88,0,89,0,1,92,0,93,42,0,42,135
12/03/2010,HHR,CA,AWP,WE,Federal Contract Tower,0,0,4,0,4,0,1,128,0,129,0,1,132,0,133,66,0,66,199
12/04/2010,HHR,CA,AWP,WE,Federal Contract Tower,0,1,6,0,7,0,0,104,0,104,0,1,110,0,111,66,0,66,177
12/05/2010,HHR,CA,AWP,WE,Federal Contract Tower,0,4,5,0,9,0,0,84,0,84,0,4,89,0,93,114,0,114,207
12/06/2010,HHR,CA,AWP,WE,Federal Contract Tower,0,2,3,0,5,0,5,67,0,72,0,7,70,0,77,68,0,68,145
12/07/2010,HHR,CA,AWP,WE,Federal Contract Tower,0,1,0,0,1,0,1,86,4,91,0,2,86,4,92,52,0,52,144
12/08/2010,HHR,CA,AWP,WE,Federal Contract Tower,0,0,6,0,6,0,3,94,0,97,0,3,100,0,103,84,0,84,187
12/09/2010,HHR,CA,AWP,WE,Federal Contract Tower,0,0,5,0,5,0,0,105,0,105,0,0,110,0,110,90,0,90,200
12/10/2010,HHR,CA,AWP,WE,Federal Contract Tower,0,0,4,0,4,0,0,91,0,91,0,0,95,0,95,96,0,96,191
12/11/2010,HHR,CA,AWP,WE,Federal Contract Tower,0,0,4,0,4,0,0,93,0,93,0,0,97,0,97,133,0,133,230
12/12/2010,HHR,CA,AWP,WE,Federal Contract Tower,0,1,5,0,6,0,1,109,0,110,0,2,114,0,116,126,0,126,242
12/13/2010,HHR,CA,AWP,WE,Federal Contract Tower,0,4,9,0,13,0,3,87,0,90,0,7,96,0,103,60,0,60,163
12/14/2010,HHR,CA,AWP,WE,Federal Contract Tower,0,3,9,0,12,0,0,26,0,26,0,3,35,0,38,6,0,6,44
12/15/2010,HHR,CA,AWP,WE,Federal Contract Tower,0,1,15,0,16,0,0,34,0,34,0,1,49,0,50,6,0,6,56
12/16/2010,HHR,CA,AWP,WE,Federal Contract Tower,0,2,13,0,15,0,0,135,0,135,0,2,148,0,150,92,0,92,242
12/17/2010,HHR,CA,AWP,WE,Federal Contract Tower,0,1,7,0,8,0,0,19,0,19,0,1,26,0,27,0,0,0,27
12/18/2010,HHR,CA,AWP,WE,Federal Contract Tower,0,1,11,0,12,0,0,21,0,21,0,1,32,0,33,16,0,16,49
12/19/2010,HHR,CA,AWP,WE,Federal Contract Tower,0,0,5,0,5,0,0,0,0,0,0,0,5,0,5,0,0,0,5
12/20/2010,HHR,CA,AWP,WE,Federal Contract Tower,0,1,1,0,2,0,0,2,0,2,0,1,3,0,4,0,0,0,4
12/21/2010,HHR,CA,AWP,WE,Federal Contract Tower,0,1,5,0,6,0,0,6,0,6,0,1,11,0,12,0,0,0,12
12/22/2010,HHR,CA,AWP,WE,Federal Contract Tower,0,2,6,0,8,0,0,14,0,14,0,2,20,0,22,0,0,0,22
12/23/2010,HHR,CA,AWP,WE,Federal Contract Tower,0,0,12,0,12,0,0,0,0,0,0,0,12,0,12,54,0,54,66
12/24/2010,HHR,CA,AWP,WE,Federal Contract Tower,0,1,1,0,2,0,1,77,0,78,0,2,78,0,80,48,0,48,128
12/25/2010,HHR,CA,AWP,WE,Federal Contract Tower,0,2,0,0,2,0,2,11,0,13,0,4,11,0,15,10,0,10,25
12/26/2010,HHR,CA,AWP,WE,Federal Contract Tower,0,0,5,0,5,0,0,64,0,64,0,0,69,0,69,22,0,22,91
12/27/2010,HHR,CA,AWP,WE,Federal Contract Tower,0,0,3,0,3,0,2,97,0,99,0,2,100,0,102,54,0,54,156
12/28/2010,HHR,CA,AWP,WE,Federal Contract Tower,0,1,8,0,9,0,2,108,0,110,0,3,116,0,119,42,0,42,161
12/29/2010,HHR,CA,AWP,WE,Federal Contract Tower,0,0,1,0,1,0,1,8,0,9,0,1,9,0,10,0,0,0,10
12/30/2010,HHR,CA,AWP,WE,Federal Contract Tower,0,0,3,0,3,0,0,75,0,75,0,0,78,0,78,18,0,18,96
12/31/2010,HHR,CA,AWP,WE,Federal Contract Tower,0,1,3,0,4,0,0,96,0,96,0,1,99,0,100,124,0,124,224
01/01/2011,HHR,CA,AWP,WE,Federal Contract Tower,0,0,0,0,0,0,3,72,0,75,0,3,72,0,75,84,0,84,159
01/02/2011,HHR,CA,AWP,WE,Federal Contract Tower,0,2,14,0,16,0,0,49,0,49,0,2,63,0,65,82,0,82,147
01/03/2011,HHR,CA,AWP,WE,Federal Contract Tower,0,0,2,0,2,0,0,35,0,35,0,0,37,0,37,12,0,12,49
01/04/2011,HHR,CA,AWP,WE,Federal Contract Tower,0,1,5,0,6,0,2,116,1,119,0,3,121,1,125,66,0,66,191
01/05/2011,HHR,CA,AWP,WE,Federal Contract Tower,0,0,2,0,2,0,0,112,0,112,0,0,114,0,114,64,0,64,178
01/06/2011,HHR,CA,AWP,WE,Federal Contract Tower,0,0,4,0,4,0,0,108,0,108,0,0,112,0,112,82,0,82,194
01/07/2011,HHR,CA,AWP,WE,Federal Contract Tower,0,0,8,0,8,0,0,104,0,104,0,0,112,0,112,64,0,64,176
01/08/2011,HHR,CA,AWP,WE,Federal Contract Tower,0,0,6,0,6,0,0,94,0,94,0,0,100,0,100,100,0,100,200
01/09/2011,HHR,CA,AWP,WE,Federal Contract Tower,0,0,9,0,9,0,0,100,0,100,0,0,109,0,109,106,0,106,215
01/10/2011,HHR,CA,AWP,WE,Federal Contract Tower,0,0,6,0,6,0,6,99,1,106,0,6,105,1,112,14,0,14,126
01/11/2011,HHR,CA,AWP,WE,Federal Contract Tower,0,0,6,0,6,0,0,108,0,108,0,0,114,0,114,28,0,28,142
01/12/2011,HHR,CA,AWP,WE,Federal Contract Tower,0,0,11,0,11,0,1,83,0,84,0,1,94,0,95,70,0,70,165
01/13/2011,HHR,CA,AWP,WE,Federal Contract Tower,0,0,2,0,2,0,3,113,0,116,0,3,115,0,118,114,0,114,232
01/14/2011,HHR,CA,AWP,WE,Federal Contract Tower,0,3,10,0,13,0,0,161,0,161,0,3,171,0,174,118,0,118,292
01/15/2011,HHR,CA,AWP,WE,Federal Contract Tower,0,0,4,0,4,0,1,130,0,131,0,1,134,0,135,202,0,202,337
01/16/2011,HHR,CA,AWP,WE,Federal Contract Tower,0,0,5,0,5,0,1,103,0,104,0,1,108,0,109,82,0,82,191
01/17/2011,HHR,CA,AWP,WE,Federal Contract Tower,0,0,3,0,3,0,1,114,2,117,0,1,117,2,120,76,0,76,196
01/18/2011,HHR,CA,AWP,WE,Federal Contract Tower,0,1,11,0,12,0,0,88,0,88,0,1,99,0,100,126,0,126,226
01/19/2011,HHR,CA,AWP,WE,Federal Contract Tower,0,1,13,0,14,0,0,68,0,68,0,1,81,0,82,128,0,128,210
01/20/2011,HHR,CA,AWP,WE,Federal Contract Tower,0,0,7,0,7,0,0,128,0,128,0,0,135,0,135,110,0,110,245
01/21/2011,HHR,CA,AWP,WE,Federal Contract Tower,0,1,3,0,4,0,0,125,0,125,0,1,128,0,129,80,0,80,209
01/22/2011,HHR,CA,AWP,WE,Federal Contract Tower,0,1,7,0,8,0,0,137,0,137,0,1,144,0,145,118,0,118,263
01/23/2011,HHR,CA,AWP,WE,Federal Contract Tower,0,0,1,0,1,0,0,167,0,167,0,0,168,0,168,206,0,206,374
01/24/2011,HHR,CA,AWP,WE,Federal Contract Tower,0,0,0,0,0,0,1,104,0,105,0,1,104,0,105,72,0,72,177
01/25/2011,HHR,CA,AWP,WE,Federal Contract Tower,0,1,5,0,6,0,1,102,4,107,0,2,107,4,113,86,0,86,199
01/26/2011,HHR,CA,AWP,WE,Federal Contract Tower,0,0,4,0,4,0,0,90,2,92,0,0,94,2,96,22,0,22,118
01/27/2011,HHR,CA,AWP,WE,Federal Contract Tower,0,0,4,0,4,0,0,123,0,123,0,0,127,0,127,96,0,96,223
01/28/2011,HHR,CA,AWP,WE,Federal Contract Tower,0,1,8,0,9,0,0,119,0,119,0,1,127,0,128,68,0,68,196
01/29/2011,HHR,CA,AWP,WE,Federal Contract Tower,0,0,4,0,4,0,0,211,0,211,0,0,215,0,215,188,0,188,403
01/30/2011,HHR,CA,AWP,WE,Federal Contract Tower,0,0,5,0,5,0,0,39,0,39,0,0,44,0,44,8,0,8,52
01/31/2011,HHR,CA,AWP,WE,Federal Contract Tower,0,2,9,0,11,0,4,115,0,119,0,6,124,0,130,82,0,82,212
02/01/2011,HHR,CA,AWP,WE,Federal Contract Tower,0,3,5,0,8,0,2,98,8,108,0,5,103,8,116,86,0,86,202
02/02/2011,HHR,CA,AWP,WE,Federal Contract Tower,0,1,4,0,5,0,2,109,6,117,0,3,113,6,122,112,0,112,234
02/03/2011,HHR,CA,AWP,WE,Federal Contract Tower,0,0,6,0,6,0,1,122,0,123,0,1,128,0,129,68,0,68,197
02/04/2011,HHR,CA,AWP,WE,Federal Contract Tower,0,0,7,0,7,0,2,138,0,140,0,2,145,0,147,110,0,110,257
02/05/2011,HHR,CA,AWP,WE,Federal Contract Tower,0,0,2,0,2,0,1,124,0,125,0,1,126,0,127,178,0,178,305
02/06/2011,HHR,CA,AWP,WE,Federal Contract Tower,0,0,3,0,3,0,0,102,0,102,0,0,105,0,105,86,0,86,191
02/07/2011,HHR,CA,AWP,WE,Federal Contract Tower,0,0,4,0,4,0,3,85,0,88,0,3,89,0,92,12,0,12,104
02/08/2011,HHR,CA,AWP,WE,Federal Contract Tower,0,1,8,0,9,0,1,78,0,79,0,2,86,0,88,130,0,130,218
02/09/2011,HHR,CA,AWP,WE,Federal Contract Tower,0,1,8,0,9,0,0,105,0,105,0,1,113,0,114,64,0,64,178
02/10/2011,HHR,CA,AWP,WE,Federal Contract Tower,0,0,5,0,5,0,0,150,2,152,0,0,155,2,157,90,0,90,247
02/11/2011,HHR,CA,AWP,WE,Federal Contract Tower,0,2,7,0,9,0,0,152,0,152,0,2,159,0,161,100,0,100,261
02/12/2011,HHR,CA,AWP,WE,Federal Contract Tower,0,0,2,0,2,0,0,150,0,150,0,0,152,0,152,176,0,176,328
02/13/2011,HHR,CA,AWP,WE,Federal Contract Tower,0,2,2,0,4,0,0,162,0,162,0,2,164,0,166,148,0,148,314
02/14/2011,HHR,CA,AWP,WE,Federal Contract Tower,0,7,0,0,7,0,1,88,0,89,0,8,88,0,96,32,0,32,128
02/15/2011,HHR,CA,AWP,WE,Federal Contract Tower,0,4,9,0,13,0,2,81,0,83,0,6,90,0,96,22,0,22,118
02/16/2011,HHR,CA,AWP,WE,Federal Contract Tower,0,3,8,0,11,0,0,45,0,45,0,3,53,0,56,8,0,8,64
02/17/2011,HHR,CA,AWP,WE,Federal Contract Tower,0,0,6,0,6,0,2,99,0,101,0,2,105,0,107,84,0,84,191
02/18/2011,HHR,CA,AWP,WE,Federal Contract Tower,0,3,2,0,5,0,0,77,0,77,0,3,79,0,82,10,0,10,92
02/19/2011,HHR,CA,AWP,WE,Federal Contract Tower,0,0,6,0,6,0,0,62,0,62,0,0,68,0,68,54,0,54,122
02/20/2011,HHR,CA,AWP,WE,Federal Contract Tower,0,0,6,0,6,0,1,101,0,102,0,1,107,0,108,110,0,110,218
02/21/2011,HHR,CA,AWP,WE,Federal Contract Tower,0,1,8,0,9,0,0,108,0,108,0,1,116,0,117,146,0,146,263
02/22/2011,HHR,CA,AWP,WE,Federal Contract Tower,0,0,9,0,9,0,4,92,0,96,0,4,101,0,105,96,0,96,201
02/23/2011,HHR,CA,AWP,WE,Federal Contract Tower,0,0,9,0,9,0,0,86,0,86,0,0,95,0,95,84,0,84,179
02/24/2011,HHR,CA,AWP,WE,Federal Contract Tower,0,1,13,0,14,0,0,170,0,170,0,1,183,0,184,182,0,182,366
02/25/2011,HHR,CA,AWP,WE,Federal Contract Tower,0,1,3,0,4,0,1,43,0,44,0,2,46,0,48,22,0,22,70
02/26/2011,HHR,CA,AWP,WE,Federal Contract Tower,0,0,1,0,1,0,0,81,0,81,0,0,82,0,82,102,0,102,184
02/27/2011,HHR,CA,AWP,WE,Federal Contract Tower,0,0,4,0,4,0,0,126,0,126,0,0,130,0,130,206,0,206,336
02/28/2011,HHR,CA,AWP,WE,Federal Contract Tower,0,0,5,0,5,0,1,78,2,81,0,1,83,2,86,38,0,38,124
03/01/2011,HHR,CA,AWP,WE,Federal Contract Tower,0,2,6,0,8,0,1,93,2,96,0,3,99,2,104,80,0,80,184
03/02/2011,HHR,CA,AWP,WE,Federal Contract Tower,0,1,4,0,5,0,0,99,0,99,0,1,103,0,104,118,0,118,222
03/03/2011,HHR,CA,AWP,WE,Federal Contract Tower,0,2,7,0,9,0,1,83,0,84,0,3,90,0,93,28,0,28,121
03/04/2011,HHR,CA,AWP,WE,Federal Contract Tower,0,3,19,0,22,0,0,91,0,91,0,3,110,0,113,96,0,96,209
03/05/2011,HHR,CA,AWP,WE,Federal Contract Tower,0,0,8,0,8,0,4,149,0,153,0,4,157,0,161,132,0,132,293
03/06/2011,HHR,CA,AWP,WE,Federal Contract Tower,0,0,10,0,10,0,0,71,0,71,0,0,81,0,81,74,0,74,155
03/07/2011,HHR,CA,AWP,WE,Federal Contract Tower,0,0,12,1,13,0,1,50,6,57,0,1,62,7,70,28,0,28,98
03/08/2011,HHR,CA,AWP,WE,Federal Contract Tower,0,1,3,0,4,0,1,101,0,102,0,2,104,0,106,62,0,62,168
03/09/2011,HHR,CA,AWP,WE,Federal Contract Tower,0,2,11,0,13,0,1,114,0,115,0,3,125,0,128,110,0,110,238
03/10/2011,HHR,CA,AWP,WE,Federal Contract Tower,0,1,3,0,4,0,1,112,0,113,0,2,115,0,117,92,0,92,209
03/11/2011,HHR,CA,AWP,WE,Federal Contract Tower,0,1,7,0,8,0,1,146,0,147,0,2,153,0,155,48,0,48,203
03/12/2011,HHR,CA,AWP,WE,Federal Contract Tower,0,1,7,0,8,0,1,108,0,109,0,2,115,0,117,128,0,128,245
03/13/2011,HHR,CA,AWP,WE,Federal Contract Tower,0,0,5,0,5,0,6,115,0,121,0,6,120,0,126,182,0,182,308
03/14/2011,HHR,CA,AWP,WE,Federal Contract Tower,0,0,1,0,1,0,2,74,0,76,0,2,75,0,77,48,0,48,125
03/15/2011,HHR,CA,AWP,WE,Federal Contract Tower,0,2,7,0,9,0,3,62,4,69,0,5,69,4,78,62,0,62,140
03/16/2011,HHR,CA,AWP,WE,Federal Contract Tower,0,1,4,0,5,0,0,0,0,0,0,1,4,0,5,64,0,64,69
03/17/2011,HHR,CA,AWP,WE,Federal Contract Tower,0,2,5,0,7,0,0,117,0,117,0,2,122,0,124,48,0,48,172
03/18/2011,HHR,CA,AWP,WE,Federal Contract Tower,0,0,3,0,3,0,1,143,0,144,0,1,146,0,147,100,0,100,247
03/19/2011,HHR,CA,AWP,WE,Federal Contract Tower,0,2,4,0,6,0,2,104,0,106,0,4,108,0,112,142,0,142,254
03/20/2011,HHR,CA,AWP,WE,Federal Contract Tower,0,3,5,1,9,0,0,5,2,7,0,3,10,3,16,0,0,0,16
03/21/2011,HHR,CA,AWP,WE,Federal Contract Tower,0,1,3,0,4,0,3,86,2,91,0,4,89,2,95,120,0,120,215
03/22/2011,HHR,CA,AWP,WE,Federal Contract Tower,0,2,8,0,10,0,0,103,0,103,0,2,111,0,113,84,0,84,197
03/23/2011,HHR,CA,AWP,WE,Federal Contract Tower,0,0,6,0,6,0,0,68,0,68,0,0,74,0,74,12,0,12,86
03/24/2011,HHR,CA,AWP,WE,Federal Contract Tower,0,1,8,0,9,0,1,105,0,106,0,2,113,0,115,60,0,60,175
03/25/2011,HHR,CA,AWP,WE,Federal Contract Tower,0,1,7,0,8,0,0,0,0,0,0,1,7,0,8,52,0,52,60
03/26/2011,HHR,CA,AWP,WE,Federal Contract Tower,0,2,6,0,8,0,1,73,0,74,0,3,79,0,82,108,0,108,190
03/27/2011,HHR,CA,AWP,WE,Federal Contract Tower,0,2,3,0,5,0,2,61,0,63,0,4,64,0,68,192,0,192,260
03/28/2011,HHR,CA,AWP,WE,Federal Contract Tower,0,0,1,0,1,0,4,19,0,23,0,4,20,0,24,0,0,0,24
03/29/2011,HHR,CA,AWP,WE,Federal Contract Tower,0,1,4,0,5,0,1,114,0,115,0,2,118,0,120,152,0,152,272
03/30/2011,HHR,CA,AWP,WE,Federal Contract Tower,0,0,9,0,9,0,1,151,0,152,0,1,160,0,161,172,0,172,333
03/31/2011,HHR,CA,AWP,WE,Federal Contract Tower,0,0,6,0,6,0,1,167,0,168,0,1,173,0,174,176,0,176,350
04/01/2011,HHR,CA,AWP,WE,Federal Contract Tower,0,0,4,0,4,0,0,148,0,148,0,0,152,0,152,86,0,86,238
04/02/2011,HHR,CA,AWP,WE,Federal Contract Tower,0,1,10,0,11,0,1,68,0,69,0,2,78,0,80,100,0,100,180
04/03/2011,HHR,CA,AWP,WE,Federal Contract Tower,0,0,7,0,7,0,0,105,0,105,0,0,112,0,112,156,0,156,268
04/04/2011,HHR,CA,AWP,WE,Federal Contract Tower,0,0,5,0,5,0,0,105,2,107,0,0,110,2,112,80,0,80,192
04/05/2011,HHR,CA,AWP,WE,Federal Contract Tower,0,1,6,0,7,0,0,128,2,130,0,1,134,2,137,76,0,76,213
04/06/2011,HHR,CA,AWP,WE,Federal Contract Tower,0,0,7,0,7,0,0,119,0,119,0,0,126,0,126,106,0,106,232
04/07/2011,HHR,CA,AWP,WE,Federal Contract Tower,0,0,2,0,2,0,0,100,0,100,0,0,102,0,102,6,0,6,108
04/08/2011,HHR,CA,AWP,WE,Federal Contract Tower,0,1,7,0,8,0,0,104,0,104,0,1,111,0,112,118,0,118,230
04/09/2011,HHR,CA,AWP,WE,Federal Contract Tower,0,0,1,0,1,0,0,113,0,113,0,0,114,0,114,144,0,144,258
04/10/2011,HHR,CA,AWP,WE,Federal Contract Tower,0,0,4,0,4,0,0,124,2,126,0,0,128,2,130,170,0,170,300
04/11/2011,HHR,CA,AWP,WE,Federal Contract Tower,0,0,5,0,5,0,0,90,0,90,0,0,95,0,95,62,0,62,157
04/12/2011,HHR,CA,AWP,WE,Federal Contract Tower,0,2,4,0,6,0,2,100,0,102,0,4,104,0,108,68,0,68,176
04/13/2011,HHR,CA,AWP,WE,Federal Contract Tower,0,2,7,0,9,0,1,118,0,119,0,3,125,0,128,114,0,114,242
04/14/2011,HHR,CA,AWP,WE,Federal Contract Tower,0,0,2,0,2,0,1,167,0,168,0,1,169,0,170,168,0,168,338
04/15/2011,HHR,CA,AWP,WE,Federal Contract Tower,0,1,8,0,9,0,0,119,0,119,0,1,127,0,128,82,0,82,210
04/16/2011,HHR,CA,AWP,WE,Federal Contract Tower,0,1,2,1,4,0,6,140,0,146,0,7,142,1,150,160,0,160,310
04/17/2011,HHR,CA,AWP,WE,Federal Contract Tower,0,1,6,0,7,0,5,119,0,124,0,6,125,0,131,134,0,134,265
04/18/2011,HHR,CA,AWP,WE,Federal Contract Tower,0,0,4,0,4,0,4,76,0,80,0,4,80,0,84,44,0,44,128
04/19/2011,HHR,CA,AWP,WE,Federal Contract Tower,0,3,2,0,5,0,2,60,0,62,0,5,62,0,67,134,0,134,201
04/20/2011,HHR,CA,AWP,WE,Federal Contract Tower,0,3,1,0,4,0,3,66,0,69,0,6,67,0,73,56,0,56,129
04/21/2011,HHR,CA,AWP,WE,Federal Contract Tower,0,0,4,0,4,0,0,66,0,66,0,0,70,0,70,90,0,90,160
04/22/2011,HHR,CA,AWP,WE,Federal Contract Tower,0,0,5,0,5,0,0,120,0,120,0,0,125,0,125,76,0,76,201
04/23/2011,HHR,CA,AWP,WE,Federal Contract Tower,0,0,5,0,5,0,8,121,0,129,0,8,126,0,134,118,0,118,252
04/24/2011,HHR,CA,AWP,WE,Federal Contract Tower,0,0,3,0,3,0,8,50,0,58,0,8,53,0,61,96,0,96,157
04/25/2011,HHR,CA,AWP,WE,Federal Contract Tower,0,0,3,0,3,0,0,94,0,94,0,0,97,0,97,120,0,120,217
04/26/2011,HHR,CA,AWP,WE,Federal Contract Tower,0,1,3,0,4,0,10,92,0,102,0,11,95,0,106,170,0,170,276
04/27/2011,HHR,CA,AWP,WE,Federal Contract Tower,0,0,6,0,6,0,0,135,0,135,0,0,141,0,141,154,0,154,295
04/28/2011,HHR,CA,AWP,WE,Federal Contract Tower,0,0,7,0,7,0,0,143,0,143,0,0,150,0,150,154,0,154,304
04/29/2011,HHR,CA,AWP,WE,Federal Contract Tower,0,3,6,0,9,0,1,137,0,138,0,4,143,0,147,122,0,122,269
04/30/2011,HHR,CA,AWP,WE,Federal Contract Tower,0,1,1,0,2,0,14,127,0,141,0,15,128,0,143,164,0,164,307
05/01/2011,HHR,CA,AWP,WE,Federal Contract Tower,0,0,5,0,5,0,8,127,2,137,0,8,132,2,142,240,0,240,382
05/02/2011,HHR,CA,AWP,WE,Federal Contract Tower,0,0,5,0,5,0,2,89,2,93,0,2,94,2,98,84,0,84,182
05/03/2011,HHR,CA,AWP,WE,Federal Contract Tower,0,1,3,0,4,0,0,143,0,143,0,1,146,0,147,158,0,158,305
05/04/2011,HHR,CA,AWP,WE,Federal Contract Tower,0,1,6,0,7,0,3,150,0,153,0,4,156,0,160,86,0,86,246
05/05/2011,HHR,CA,AWP,WE,Federal Contract Tower,0,1,4,0,5,0,1,116,0,117,0,2,120,0,122,132,0,132,254
05/06/2011,HHR,CA,AWP,WE,Federal Contract Tower,0,1,9,0,10,0,2,103,0,105,0,3,112,0,115,92,0,92,207
05/07/2011,HHR,CA,AWP,WE,Federal Contract Tower,0,1,9,0,10,0,9,75,0,84,0,10,84,0,94,130,0,130,224
05/08/2011,HHR,CA,AWP,WE,Federal Contract Tower,0,0,8,0,8,0,10,80,0,90,0,10,88,0,98,106,0,106,204
05/09/2011,HHR,CA,AWP,WE,Federal Contract Tower,0,0,3,0,3,0,2,84,4,90,0,2,87,4,93,82,0,82,175
05/10/2011,HHR,CA,AWP,WE,Federal Contract Tower,0,1,2,0,3,0,2,100,1,103,0,3,102,1,106,104,0,104,210
05/11/2011,HHR,CA,AWP,WE,Federal Contract Tower,0,5,5,0,10,0,11,126,0,137,0,16,131,0,147,112,0,112,259
05/12/2011,HHR,CA,AWP,WE,Federal Contract Tower,0,3,6,0,9,0,1,129,0,130,0,4,135,0,139,116,0,116,255
05/13/2011,HHR,CA,AWP,WE,Federal Contract Tower,0,5,1,0,6,0,0,126,0,126,0,5,127,0,132,126,0,126,258
05/14/2011,HHR,CA,AWP,WE,Federal Contract Tower,0,0,12,0,12,0,6,101,0,107,0,6,113,0,119,110,0,110,229
05/15/2011,HHR,CA,AWP,WE,Federal Contract Tower,0,1,6,0,7,0,6,91,0,97,0,7,97,0,104,122,0,122,226
05/16/2011,HHR,CA,AWP,WE,Federal Contract Tower,0,0,5,0,5,0,2,117,0,119,0,2,122,0,124,126,0,126,250
05/17/2011,HHR,CA,AWP,WE,Federal Contract Tower,0,2,10,0,12,0,2,43,4,49,0,4,53,4,61,48,0,48,109
05/18/2011,HHR,CA,AWP,WE,Federal Contract Tower,0,0,4,0,4,0,0,65,0,65,0,0,69,0,69,36,0,36,105
05/19/2011,HHR,CA,AWP,WE,Federal Contract Tower,0,0,6,0,6,0,0,103,0,103,0,0,109,0,109,112,0,112,221
05/20/2011,HHR,CA,AWP,WE,Federal Contract Tower,0,1,9,0,10,0,0,119,0,119,0,1,128,0,129,126,0,126,255
05/21/2011,HHR,CA,AWP,WE,Federal Contract Tower,0,0,7,0,7,0,2,98,0,100,0,2,105,0,107,94,0,94,201
05/22/2011,HHR,CA,AWP,WE,Federal Contract Tower,0,0,4,0,4,0,8,82,0,90,0,8,86,0,94,160,0,160,254
05/23/2011,HHR,CA,AWP,WE,Federal Contract Tower,0,1,9,0,10,0,4,103,0,107,0,5,112,0,117,88,0,88,205
05/24/2011,HHR,CA,AWP,WE,Federal Contract Tower,0,1,3,0,4,0,7,81,2,90,0,8,84,2,94,88,0,88,182
05/25/2011,HHR,CA,AWP,WE,Federal Contract Tower,0,0,6,0,6,0,3,95,0,98,0,3,101,0,104,94,0,94,198
05/26/2011,HHR,CA,AWP,WE,Federal Contract Tower,0,1,2,0,3,0,1,127,0,128,0,2,129,0,131,152,0,152,283
05/27/2011,HHR,CA,AWP,WE,Federal Contract Tower,0,2,7,0,9,0,5,135,0,140,0,7,142,0,149,122,0,122,271
05/28/2011,HHR,CA,AWP,WE,Federal Contract Tower,0,1,2,0,3,0,8,100,0,108,0,9,102,0,111,142,0,142,253
05/29/2011,HHR,CA,AWP,WE,Federal Contract Tower,0,0,1,0,1,0,6,69,0,75,0,6,70,0,76,94,0,94,170
05/30/2011,HHR,CA,AWP,WE,Federal Contract Tower,0,0,5,0,5,0,4,162,0,166,0,4,167,0,171,108,0,108,279
05/31/2011,HHR,CA,AWP,WE,Federal Contract Tower,0,1,3,0,4,0,2,95,0,97,0,3,98,0,101,78,0,78,179
06/01/2011,HHR,CA,AWP,WE,Federal Contract Tower,0,1,2,0,3,0,1,112,0,113,0,2,114,0,116,140,0,140,256
06/02/2011,HHR,CA,AWP,WE,Federal Contract Tower,0,1,6,0,7,0,3,141,0,144,0,4,147,0,151,112,0,112,263
06/03/2011,HHR,CA,AWP,WE,Federal Contract Tower,0,3,6,0,9,0,0,128,0,128,0,3,134,0,137,138,0,138,275
06/04/2011,HHR,CA,AWP,WE,Federal Contract Tower,0,2,7,0,9,0,2,102,0,104,0,4,109,0,113,180,0,180,293
06/05/2011,HHR,CA,AWP,WE,Federal Contract Tower,0,1,1,0,2,0,1,100,4,105,0,2,101,4,107,140,0,140,247
06/06/2011,HHR,CA,AWP,WE,Federal Contract Tower,0,3,4,0,7,0,3,82,2,87,0,6,86,2,94,18,0,18,112
06/07/2011,HHR,CA,AWP,WE,Federal Contract Tower,0,2,12,0,14,0,2,144,0,146,0,4,156,0,160,188,0,188,348
06/08/2011,HHR,CA,AWP,WE,Federal Contract Tower,0,6,7,0,13,0,0,96,0,96,0,6,103,0,109,48,0,48,157
06/09/2011,HHR,CA,AWP,WE,Federal Contract Tower,0,1,8,0,9,0,0,96,0,96,0,1,104,0,105,88,0,88,193
06/10/2011,HHR,CA,AWP,WE,Federal Contract Tower,0,2,11,0,13,0,0,96,0,96,0,2,107,0,109,120,0,120,229
06/11/2011,HHR,CA,AWP,WE,Federal Contract Tower,0,0,11,0,11,0,2,74,0,76,0,2,85,0,87,116,0,116,203
06/12/2011,HHR,CA,AWP,WE,Federal Contract Tower,0,3,6,0,9,0,0,81,0,81,0,3,87,0,90,158,0,158,248
06/13/2011,HHR,CA,AWP,WE,Federal Contract Tower,0,0,13,0,13,0,3,78,0,81,0,3,91,0,94,104,0,104,198
06/14/2011,HHR,CA,AWP,WE,Federal Contract Tower,0,1,11,0,12,0,1,73,0,74,0,2,84,0,86,76,0,76,162
06/15/2011,HHR,CA,AWP,WE,Federal Contract Tower,0,0,12,0,12,0,4,76,0,80,0,4,88,0,92,80,0,80,172
06/16/2011,HHR,CA,AWP,WE,Federal Contract Tower,0,3,5,0,8,0,0,81,0,81,0,3,86,0,89,64,0,64,153
06/17/2011,HHR,CA,AWP,WE,Federal Contract Tower,0,5,13,0,18,0,0,95,0,95,0,5,108,0,113,82,0,82,195
06/18/2011,HHR,CA,AWP,WE,Federal Contract Tower,0,1,6,0,7,0,4,121,0,125,0,5,127,0,132,170,0,170,302
06/19/2011,HHR,CA,AWP,WE,Federal Contract Tower,0,3,5,0,8,0,0,77,0,77,0,3,82,0,85,112,0,112,197
06/20/2011,HHR,CA,AWP,WE,Federal Contract Tower,0,0,5,0,5,0,10,76,0,86,0,10,81,0,91,74,0,74,165
06/21/2011,HHR,CA,AWP,WE,Federal Contract Tower,0,1,12,1,14,0,4,55,4,63,0,5,67,5,77,58,0,58,135
06/22/2011,HHR,CA,AWP,WE,Federal Contract Tower,0,1,7,0,8,0,1,59,0,60,0,2,66,0,68,52,0,52,120
06/23/2011,HHR,CA,AWP,WE,Federal Contract Tower,0,1,6,0,7,0,0,102,0,102,0,1,108,0,109,106,0,106,215
06/24/2011,HHR,CA,AWP,WE,Federal Contract Tower,0,2,9,0,11,0,0,114,0,114,0,2,123,0,125,142,0,142,267
06/25/2011,HHR,CA,AWP,WE,Federal Contract Tower,0,0,11,0,11,0,8,91,0,99,0,8,102,0,110,136,0,136,246
06/26/2011,HHR,CA,AWP,WE,Federal Contract Tower,0,0,7,0,7,0,15,94,0,109,0,15,101,0,116,88,0,88,204
06/27/2011,HHR,CA,AWP,WE,Federal Contract Tower,0,1,5,0,6,0,15,87,4,106,0,16,92,4,112,42,0,42,154
06/28/2011,HHR,CA,AWP,WE,Federal Contract Tower,0,2,5,0,7,0,2,53,0,55,0,4,58,0,62,74,0,74,136
06/29/2011,HHR,CA,AWP,WE,Federal Contract Tower,0,0,5,0,5,0,0,94,0,94,0,0,99,0,99,102,0,102,201
06/30/2011,HHR,CA,AWP,WE,Federal Contract Tower,0,2,7,0,9,0,1,108,0,109,0,3,115,0,118,96,0,96,214
07/01/2011,HHR,CA,AWP,WE,Federal Contract Tower,0,3,5,0,8,0,0,139,0,139,0,3,144,0,147,78,0,78,225
07/02/2011,HHR,CA,AWP,WE,Federal Contract Tower,0,2,6,0,8,0,3,145,0,148,0,5,151,0,156,146,0,146,302
07/03/2011,HHR,CA,AWP,WE,Federal Contract Tower,0,2,3,0,5,0,4,92,0,96,0,6,95,0,101,92,0,92,193
07/04/2011,HHR,CA,AWP,WE,Federal Contract Tower,0,1,3,0,4,0,0,90,0,90,0,1,93,0,94,78,0,78,172
07/05/2011,HHR,CA,AWP,WE,Federal Contract Tower,0,2,7,1,10,0,2,109,0,111,0,4,116,1,121,92,0,92,213
07/06/2011,HHR,CA,AWP,WE,Federal Contract Tower,0,1,11,0,12,0,3,110,0,113,0,4,121,0,125,62,0,62,187
07/07/2011,HHR,CA,AWP,WE,Federal Contract Tower,0,0,2,0,2,0,4,100,2,106,0,4,102,2,108,94,0,94,202
07/08/2011,HHR,CA,AWP,WE,Federal Contract Tower,0,0,13,1,14,0,1,129,0,130,0,1,142,1,144,146,0,146,290
07/09/2011,HHR,CA,AWP,WE,Federal Contract Tower,0,2,4,0,6,0,6,130,0,136,0,8,134,0,142,174,0,174,316
07/10/2011,HHR,CA,AWP,WE,Federal Contract Tower,0,3,8,0,11,0,12,83,0,95,0,15,91,0,106,68,0,68,174
07/11/2011,HHR,CA,AWP,WE,Federal Contract Tower,0,0,7,0,7,0,3,71,0,74,0,3,78,0,81,66,0,66,147
07/12/2011,HHR,CA,AWP,WE,Federal Contract Tower,0,0,13,0,13,0,4,93,2,99,0,4,106,2,112,44,0,44,156
07/13/2011,HHR,CA,AWP,WE,Federal Contract Tower,0,0,17,0,17,0,1,92,0,93,0,1,109,0,110,140,0,140,250
07/14/2011,HHR,CA,AWP,WE,Federal Contract Tower,0,5,10,0,15,0,0,112,0,112,0,5,122,0,127,92,0,92,219
07/15/2011,HHR,CA,AWP,WE,Federal Contract Tower,0,3,6,0,9,0,0,154,0,154,0,3,160,0,163,76,0,76,239
07/16/2011,HHR,CA,AWP,WE,Federal Contract Tower,0,2,0,0,2,0,0,104,0,104,0,2,104,0,106,120,0,120,226
07/17/2011,HHR,CA,AWP,WE,Federal Contract Tower,0,0,5,0,5,0,18,235,0,253,0,18,240,0,258,86,0,86,344
07/18/2011,HHR,CA,AWP,WE,Federal Contract Tower,0,1,10,0,11,0,4,107,0,111,0,5,117,0,122,66,0,66,188
07/19/2011,HHR,CA,AWP,WE,Federal Contract Tower,0,2,6,0,8,0,2,126,0,128,0,4,132,0,136,80,0,80,216
07/20/2011,HHR,CA,AWP,WE,Federal Contract Tower,0,1,15,0,16,0,0,98,0,98,0,1,113,0,114,90,0,90,204
07/21/2011,HHR,CA,AWP,WE,Federal Contract Tower,0,0,10,0,10,0,0,80,0,80,0,0,90,0,90,90,0,90,180
07/22/2011,HHR,CA,AWP,WE,Federal Contract Tower,0,4,12,0,16,0,0,151,0,151,0,4,163,0,167,188,0,188,355
07/23/2011,HHR,CA,AWP,WE,Federal Contract Tower,0,0,17,0,17,0,2,130,0,132,0,2,147,0,149,138,0,138,287
07/24/2011,HHR,CA,AWP,WE,Federal Contract Tower,0,0,5,0,5,0,3,87,0,90,0,3,92,0,95,116,0,116,211
07/25/2011,HHR,CA,AWP,WE,Federal Contract Tower,0,0,2,0,2,0,9,76,0,85,0,9,78,0,87,38,0,38,125
07/26/2011,HHR,CA,AWP,WE,Federal Contract Tower,0,0,5,0,5,0,0,93,0,93,0,0,98,0,98,60,0,60,158
07/27/2011,HHR,CA,AWP,WE,Federal Contract Tower,0,1,6,0,7,0,0,113,0,113,0,1,119,0,120,70,0,70,190
07/28/2011,HHR,CA,AWP,WE,Federal Contract Tower,0,3,9,0,12,0,0,148,0,148,0,3,157,0,160,120,0,120,280
07/29/2011,HHR,CA,AWP,WE,Federal Contract Tower,0,1,10,0,11,0,0,115,0,115,0,1,125,0,126,42,0,42,168
07/30/2011,HHR,CA,AWP,WE,Federal Contract Tower,0,0,9,0,9,0,14,109,0,123,0,14,118,0,132,116,0,116,248
07/31/2011,HHR,CA,AWP,WE,Federal Contract Tower,0,0,6,0,6,0,6,115,0,121,0,6,121,0,127,134,0,134,261
08/01/2011,HHR,CA,AWP,WE,Federal Contract Tower,0,1,9,0,10,0,10,107,2,119,0,11,116,2,129,84,0,84,213
08/02/2011,HHR,CA,AWP,WE,Federal Contract Tower,0,0,7,0,7,0,13,131,2,146,0,13,138,2,153,82,0,82,235
08/03/2011,HHR,CA,AWP,WE,Federal Contract Tower,0,0,10,0,10,0,11,71,0,82,0,11,81,0,92,30,0,30,122
08/04/2011,HHR,CA,AWP,WE,Federal Contract Tower,0,3,3,0,6,0,0,138,0,138,0,3,141,0,144,68,0,68,212
08/05/2011,HHR,CA,AWP,WE,Federal Contract Tower,0,5,8,0,13,0,0,139,0,139,0,5,147,0,152,154,0,154,306
08/06/2011,HHR,CA,AWP,WE,Federal Contract Tower,0,2,8,0,10,0,7,100,0,107,0,9,108,0,117,140,0,140,257
08/07/2011,HHR,CA,AWP,WE,Federal Contract Tower,0,1,4,0,5,0,17,104,0,121,0,18,108,0,126,94,0,94,220
08/08/2011,HHR,CA,AWP,WE,Federal Contract Tower,0,2,8,0,10,0,1,56,0,57,0,3,64,0,67,82,0,82,149
08/09/2011,HHR,CA,AWP,WE,Federal Contract Tower,0,4,12,0,16,0,6,93,0,99,0,10,105,0,115,114,0,114,229
08/10/2011,HHR,CA,AWP,WE,Federal Contract Tower,0,5,4,0,9,0,2,96,0,98,0,7,100,0,107,128,0,128,235
08/11/2011,HHR,CA,AWP,WE,Federal Contract Tower,0,0,1,0,1,0,0,109,0,109,0,0,110,0,110,92,0,92,202
08/12/2011,HHR,CA,AWP,WE,Federal Contract Tower,0,6,14,0,20,0,0,121,0,121,0,6,135,0,141,168,0,168,309
08/13/2011,HHR,CA,AWP,WE,Federal Contract Tower,0,1,3,0,4,0,0,115,0,115,0,1,118,0,119,156,0,156,275
08/14/2011,HHR,CA,AWP,WE,Federal Contract Tower,0,3,22,0,25,0,9,98,0,107,0,12,120,0,132,62,0,62,194
08/15/2011,HHR,CA,AWP,WE,Federal Contract Tower,0,0,2,0,2,0,18,117,2,137,0,18,119,2,139,116,0,116,255
08/16/2011,HHR,CA,AWP,WE,Federal Contract Tower,0,3,9,0,12,0,10,70,0,80,0,13,79,0,92,78,0,78,170
08/17/2011,HHR,CA,AWP,WE,Federal Contract Tower,0,2,4,0,6,0,0,97,0,97,0,2,101,0,103,62,0,62,165
08/18/2011,HHR,CA,AWP,WE,Federal Contract Tower,0,0,4,0,4,0,4,129,0,133,0,4,133,0,137,148,0,148,285
08/19/2011,HHR,CA,AWP,WE,Federal Contract Tower,0,1,5,0,6,0,0,117,0,117,0,1,122,0,123,196,0,196,319
08/20/2011,HHR,CA,AWP,WE,Federal Contract Tower,0,0,7,0,7,0,10,163,0,173,0,10,170,0,180,208,0,208,388
08/21/2011,HHR,CA,AWP,WE,Federal Contract Tower,0,0,11,0,11,0,9,94,0,103,0,9,105,0,114,186,0,186,300
08/22/2011,HHR,CA,AWP,WE,Federal Contract Tower,0,0,4,0,4,0,0,84,0,84,0,0,88,0,88,62,0,62,150
08/23/2011,HHR,CA,AWP,WE,Federal Contract Tower,0,1,8,0,9,0,2,70,2,74,0,3,78,2,83,104,0,104,187
08/24/2011,HHR,CA,AWP,WE,Federal Contract Tower,0,2,9,0,11,0,2,83,0,85,0,4,92,0,96,67,0,67,163
08/25/2011,HHR,CA,AWP,WE,Federal Contract Tower,0,3,2,0,5,0,3,129,0,132,0,6,131,0,137,130,0,130,267
08/26/2011,HHR,CA,AWP,WE,Federal Contract Tower,0,0,3,0,3,0,0,149,0,149,0,0,152,0,152,98,0,98,250
08/27/2011,HHR,CA,AWP,WE,Federal Contract Tower,0,0,8,0,8,0,4,100,0,104,0,4,108,0,112,108,0,108,220
08/28/2011,HHR,CA,AWP,WE,Federal Contract Tower,0,1,8,0,9,0,7,97,0,104,0,8,105,0,113,115,0,115,228
08/29/2011,HHR,CA,AWP,WE,Federal Contract Tower,0,3,6,0,9,0,12,105,0,117,0,15,111,0,126,114,0,114,240
08/30/2011,HHR,CA,AWP,WE,Federal Contract Tower,0,1,12,0,13,0,4,82,0,86,0,5,94,0,99,96,0,96,195
08/31/2011,HHR,CA,AWP,WE,Federal Contract Tower,0,2,10,0,12,0,2,127,2,131,0,4,137,2,143,124,0,124,267
09/01/2011,HHR,CA,AWP,WE,Federal Contract Tower,0,3,5,0,8,0,0,130,0,130,0,3,135,0,138,140,0,140,278
09/02/2011,HHR,CA,AWP,WE,Federal Contract Tower,0,4,6,0,10,0,0,116,0,116,0,4,122,0,126,106,0,106,232
09/03/2011,HHR,CA,AWP,WE,Federal Contract Tower,0,0,7,0,7,0,8,102,0,110,0,8,109,0,117,132,0,132,249
09/04/2011,HHR,CA,AWP,WE,Federal Contract Tower,0,2,5,0,7,0,4,105,0,109,0,6,110,0,116,132,0,132,248
09/05/2011,HHR,CA,AWP,WE,Federal Contract Tower,0,2,4,0,6,0,8,63,0,71,0,10,67,0,77,64,0,64,141
09/06/2011,HHR,CA,AWP,WE,Federal Contract Tower,0,0,5,0,5,0,6,100,0,106,0,6,105,0,111,88,0,88,199
09/07/2011,HHR,CA,AWP,WE,Federal Contract Tower,0,0,1,0,1,0,0,143,0,143,0,0,144,0,144,92,0,92,236
09/08/2011,HHR,CA,AWP,WE,Federal Contract Tower,0,0,5,0,5,0,0,123,0,123,0,0,128,0,128,66,0,66,194
09/09/2011,HHR,CA,AWP,WE,Federal Contract Tower,0,1,10,0,11,0,1,89,0,90,0,2,99,0,101,104,0,104,205
09/10/2011,HHR,CA,AWP,WE,Federal Contract Tower,0,2,7,0,9,0,0,52,0,52,0,2,59,0,61,130,0,130,191
09/11/2011,HHR,CA,AWP,WE,Federal Contract Tower,0,0,5,0,5,0,0,129,0,129,0,0,134,0,134,172,0,172,306
09/12/2011,HHR,CA,AWP,WE,Federal Contract Tower,0,2,5,0,7,0,4,84,0,88,0,6,89,0,95,64,0,64,159
09/13/2011,HHR,CA,AWP,WE,Federal Contract Tower,0,3,10,0,13,0,10,127,0,137,0,13,137,0,150,106,0,106,256
09/14/2011,HHR,CA,AWP,WE,Federal Contract Tower,0,1,11,0,12,0,0,125,0,125,0,1,136,0,137,64,0,64,201
09/15/2011,HHR,CA,AWP,WE,Federal Contract Tower,0,1,5,0,6,0,0,136,0,136,0,1,141,0,142,78,0,78,220
09/16/2011,HHR,CA,AWP,WE,Federal Contract Tower,0,2,9,0,11,0,0,107,0,107,0,2,116,0,118,104,0,104,222
09/17/2011,HHR,CA,AWP,WE,Federal Contract Tower,0,0,6,0,6,0,8,81,0,89,0,8,87,0,95,140,0,140,235
09/18/2011,HHR,CA,AWP,WE,Federal Contract Tower,0,1,6,0,7,0,8,63,0,71,0,9,69,0,78,52,0,52,130
09/19/2011,HHR,CA,AWP,WE,Federal Contract Tower,0,0,9,0,9,0,7,41,0,48,0,7,50,0,57,22,0,22,79
09/20/2011,HHR,CA,AWP,WE,Federal Contract Tower,0,0,9,0,9,0,7,41,0,48,0,7,50,0,57,22,0,22,79
09/21/2011,HHR,CA,AWP,WE,Federal Contract Tower,0,3,28,0,31,0,0,35,0,35,0,3,63,0,66,60,0,60,126
09/22/2011,HHR,CA,AWP,WE,Federal Contract Tower,0,4,7,0,11,0,0,119,0,119,0,4,126,0,130,72,0,72,202
09/23/2011,HHR,CA,AWP,WE,Federal Contract Tower,0,0,10,0,10,0,0,151,0,151,0,0,161,0,161,56,0,56,217
09/24/2011,HHR,CA,AWP,WE,Federal Contract Tower,0,2,9,0,11,0,6,41,0,47,0,8,50,0,58,18,0,18,76
09/25/2011,HHR,CA,AWP,WE,Federal Contract Tower,0,0,7,0,7,0,2,68,0,70,0,2,75,0,77,86,0,86,163
09/26/2011,HHR,CA,AWP,WE,Federal Contract Tower,0,1,5,0,6,0,0,66,0,66,0,1,71,0,72,50,0,50,122
09/27/2011,HHR,CA,AWP,WE,Federal Contract Tower,0,2,12,0,14,0,1,62,0,63,0,3,74,0,77,20,0,20,97
09/28/2011,HHR,CA,AWP,WE,Federal Contract Tower,0,2,12,0,14,0,5,54,0,59,0,7,66,0,73,80,0,80,153
09/29/2011,HHR,CA,AWP,WE,Federal Contract Tower,0,1,6,0,7,0,0,0,0,0,0,1,6,0,7,134,0,134,141
09/30/2011,HHR,CA,AWP,WE,Federal Contract Tower,0,1,4,0,5,0,6,101,0,107,0,7,105,0,112,82,0,82,194
10/01/2011,HHR,CA,AWP,WE,Federal Contract Tower,0,2,14,0,16,0,4,167,0,171,0,6,181,0,187,126,0,126,313
10/02/2011,HHR,CA,AWP,WE,Federal Contract Tower,0,0,5,0,5,0,4,152,0,156,0,4,157,0,161,180,0,180,341
10/03/2011,HHR,CA,AWP,WE,Federal Contract Tower,0,0,4,0,4,0,4,87,0,91,0,4,91,0,95,114,0,114,209
10/04/2011,HHR,CA,AWP,WE,Federal Contract Tower,0,2,3,0,5,0,4,77,0,81,0,6,80,0,86,126,0,126,212
10/05/2011,HHR,CA,AWP,WE,Federal Contract Tower,0,0,3,1,4,0,1,25,0,26,0,1,28,1,30,8,0,8,38
10/06/2011,HHR,CA,AWP,WE,Federal Contract Tower,0,1,8,0,9,0,6,123,0,129,0,7,131,0,138,146,0,146,284
10/07/2011,HHR,CA,AWP,WE,Federal Contract Tower,0,2,11,0,13,0,1,181,0,182,0,3,192,0,195,90,0,90,285
10/08/2011,HHR,CA,AWP,WE,Federal Contract Tower,0,0,6,0,6,0,8,143,0,151,0,8,149,0,157,186,0,186,343
10/09/2011,HHR,CA,AWP,WE,Federal Contract Tower,0,0,5,0,5,0,7,102,0,109,0,7,107,0,114,108,0,108,222
10/10/2011,HHR,CA,AWP,WE,Federal Contract Tower,0,0,1,0,1,0,0,143,0,143,0,0,144,0,144,92,0,92,236
10/11/2011,HHR,CA,AWP,WE,Federal Contract Tower,0,1,11,0,12,0,5,121,2,128,0,6,132,2,140,124,0,124,264
10/12/2011,HHR,CA,AWP,WE,Federal Contract Tower,0,1,12,0,13,0,0,102,0,102,0,1,114,0,115,52,0,52,167
10/13/2011,HHR,CA,AWP,WE,Federal Contract Tower,0,1,6,0,7,0,0,126,0,126,0,1,132,0,133,96,0,96,229
10/14/2011,HHR,CA,AWP,WE,Federal Contract Tower,0,0,6,0,6,0,0,105,0,105,0,0,111,0,111,64,0,64,175
10/15/2011,HHR,CA,AWP,WE,Federal Contract Tower,0,0,7,0,7,0,8,128,0,136,0,8,135,0,143,100,0,100,243
10/16/2011,HHR,CA,AWP,WE,Federal Contract Tower,0,0,4,0,4,0,2,89,0,91,0,2,93,0,95,104,0,104,199
10/17/2011,HHR,CA,AWP,WE,Federal Contract Tower,0,2,11,0,13,0,7,67,0,74,0,9,78,0,87,32,0,32,119
10/18/2011,HHR,CA,AWP,WE,Federal Contract Tower,0,3,13,0,16,0,0,4,0,4,0,3,17,0,20,0,0,0,20
10/19/2011,HHR,CA,AWP,WE,Federal Contract Tower,0,0,16,0,16,0,0,106,4,110,0,0,122,4,126,58,0,58,184
10/20/2011,HHR,CA,AWP,WE,Federal Contract Tower,0,1,11,0,12,0,0,87,0,87,0,1,98,0,99,102,0,102,201
10/21/2011,HHR,CA,AWP,WE,Federal Contract Tower,0,0,9,0,9,0,0,118,0,118,0,0,127,0,127,100,0,100,227
10/22/2011,HHR,CA,AWP,WE,Federal Contract Tower,0,1,9,0,10,0,5,69,0,74,0,6,78,0,84,44,0,44,128
10/23/2011,HHR,CA,AWP,WE,Federal Contract Tower,1,5,28,0,34,0,2,32,0,34,1,7,60,0,68,54,0,54,122
10/24/2011,HHR,CA,AWP,WE,Federal Contract Tower,0,0,6,0,6,0,3,25,2,30,0,3,31,2,36,70,0,70,106
10/25/2011,HHR,CA,AWP,WE,Federal Contract Tower,0,0,10,0,10,0,0,41,0,41,0,0,51,0,51,48,0,48,99
10/26/2011,HHR,CA,AWP,WE,Federal Contract Tower,0,0,1,0,1,0,1,90,0,91,0,1,91,0,92,92,0,92,184
10/27/2011,HHR,CA,AWP,WE,Federal Contract Tower,0,0,5,0,5,0,0,141,0,141,0,0,146,0,146,110,0,110,256
10/28/2011,HHR,CA,AWP,WE,Federal Contract Tower,0,1,11,0,12,0,0,150,0,150,0,1,161,0,162,138,0,138,300
10/29/2011,HHR,CA,AWP,WE,Federal Contract Tower,0,0,4,0,4,0,10,140,0,150,0,10,144,0,154,70,0,70,224
10/30/2011,HHR,CA,AWP,WE,Federal Contract Tower,0,0,8,0,8,0,3,84,0,87,0,3,92,0,95,82,0,82,177
10/31/2011,HHR,CA,AWP,WE,Federal Contract Tower,0,0,9,0,9,0,3,39,0,42,0,3,48,0,51,70,0,70,121
11/01/2011,HHR,CA,AWP,WE,Federal Contract Tower,0,0,14,0,14,0,0,35,0,35,0,0,49,0,49,8,0,8,57
11/02/2011,HHR,CA,AWP,WE,Federal Contract Tower,0,0,7,0,7,0,0,105,0,105,0,0,112,0,112,88,0,88,200
11/03/2011,HHR,CA,AWP,WE,Federal Contract Tower,0,4,9,0,13,0,1,140,0,141,0,5,149,0,154,88,0,88,242
11/04/2011,HHR,CA,AWP,WE,Federal Contract Tower,0,1,3,0,4,0,0,78,0,78,0,1,81,0,82,0,0,0,82
11/05/2011,HHR,CA,AWP,WE,Federal Contract Tower,0,6,9,0,15,0,6,118,0,124,0,12,127,0,139,46,0,46,185
11/06/2011,HHR,CA,AWP,WE,Federal Contract Tower,0,2,9,0,11,0,1,35,0,36,0,3,44,0,47,48,0,48,95
11/07/2011,HHR,CA,AWP,WE,Federal Contract Tower,0,2,3,0,5,0,1,77,0,78,0,3,80,0,83,110,0,110,193
11/08/2011,HHR,CA,AWP,WE,Federal Contract Tower,0,0,7,0,7,0,0,80,0,80,0,0,87,0,87,84,0,84,171
11/09/2011,HHR,CA,AWP,WE,Federal Contract Tower,0,0,5,0,5,0,2,115,0,117,0,2,120,0,122,156,0,156,278
11/10/2011,HHR,CA,AWP,WE,Federal Contract Tower,0,0,7,0,7,0,0,161,0,161,0,0,168,0,168,110,0,110,278
11/11/2011,HHR,CA,AWP,WE,Federal Contract Tower,0,0,4,0,4,0,0,138,0,138,0,0,142,0,142,78,0,78,220
11/12/2011,HHR,CA,AWP,WE,Federal Contract Tower,0,5,3,0,8,0,1,42,0,43,0,6,45,0,51,40,0,40,91
11/13/2011,HHR,CA,AWP,WE,Federal Contract Tower,0,0,4,0,4,0,0,122,0,122,0,0,126,0,126,120,0,120,246
11/14/2011,HHR,CA,AWP,WE,Federal Contract Tower,0,4,3,0,7,0,0,75,0,75,0,4,78,0,82,54,0,54,136
11/15/2011,HHR,CA,AWP,WE,Federal Contract Tower,0,2,12,0,14,0,20,121,0,141,0,22,133,0,155,82,0,82,237
11/16/2011,HHR,CA,AWP,WE,Federal Contract Tower,0,0,20,0,20,0,0,80,0,80,0,0,100,0,100,44,0,44,144
11/17/2011,HHR,CA,AWP,WE,Federal Contract Tower,0,1,8,0,9,0,0,145,0,145,0,1,153,0,154,90,0,90,244
11/18/2011,HHR,CA,AWP,WE,Federal Contract Tower,0,4,5,0,9,0,0,82,0,82,0,4,87,0,91,74,0,74,165
11/19/2011,HHR,CA,AWP,WE,Federal Contract Tower,0,4,5,0,9,0,8,108,0,116,0,12,113,0,125,68,0,68,193
11/20/2011,HHR,CA,AWP,WE,Federal Contract Tower,0,3,5,0,8,0,0,8,0,8,0,3,13,0,16,0,0,0,16
11/21/2011,HHR,CA,AWP,WE,Federal Contract Tower,0,1,3,0,4,0,2,113,0,115,0,3,116,0,119,92,0,92,211
11/22/2011,HHR,CA,AWP,WE,Federal Contract Tower,0,2,11,0,13,0,1,110,8,119,0,3,121,8,132,112,0,112,244
11/23/2011,HHR,CA,AWP,WE,Federal Contract Tower,0,0,14,0,14,0,0,127,0,127,0,0,141,0,141,68,0,68,209
11/24/2011,HHR,CA,AWP,WE,Federal Contract Tower,0,2,3,0,5,0,0,76,0,76,0,2,79,0,81,14,0,14,95
11/25/2011,HHR,CA,AWP,WE,Federal Contract Tower,0,0,1,0,1,0,0,128,0,128,0,0,129,0,129,36,0,36,165
11/26/2011,HHR,CA,AWP,WE,Federal Contract Tower,0,0,2,0,2,0,4,87,0,91,0,4,89,0,93,108,0,108,201
11/27/2011,HHR,CA,AWP,WE,Federal Contract Tower,0,0,3,0,3,0,6,129,2,137,0,6,132,2,140,190,0,190,330
11/28/2011,HHR,CA,AWP,WE,Federal Contract Tower,0,0,1,0,1,0,2,82,8,92,0,2,83,8,93,76,0,76,169
11/29/2011,HHR,CA,AWP,WE,Federal Contract Tower,0,1,12,0,13,0,1,139,0,140,0,2,151,0,153,148,0,148,301
11/30/2011,HHR,CA,AWP,WE,Federal Contract Tower,0,3,8,0,11,0,0,99,8,107,0,3,107,8,118,34,0,34,152
12/01/2011,HHR,CA,AWP,WE,Federal Contract Tower,0,0,3,0,3,0,0,114,0,114,0,0,117,0,117,10,0,10,127
12/02/2011,HHR,CA,AWP,WE,Federal Contract Tower,0,0,4,0,4,0,0,161,0,161,0,0,165,0,165,46,0,46,211
12/03/2011,HHR,CA,AWP,WE,Federal Contract Tower,0,0,3,0,3,0,0,107,0,107,0,0,110,0,110,60,0,60,170
12/04/2011,HHR,CA,AWP,WE,Federal Contract Tower,0,1,4,0,5,0,0,132,2,134,0,1,136,2,139,128,0,128,267
12/05/2011,HHR,CA,AWP,WE,Federal Contract Tower,0,0,2,0,2,0,4,77,4,85,0,4,79,4,87,80,0,80,167
12/06/2011,HHR,CA,AWP,WE,Federal Contract Tower,0,0,4,0,4,0,0,103,0,103,0,0,107,0,107,74,0,74,181
12/07/2011,HHR,CA,AWP,WE,Federal Contract Tower,0,0,16,0,16,0,0,109,0,109,0,0,125,0,125,76,0,76,201
12/08/2011,HHR,CA,AWP,WE,Federal Contract Tower,0,0,9,0,9,0,0,158,0,158,0,0,167,0,167,86,0,86,253
12/09/2011,HHR,CA,AWP,WE,Federal Contract Tower,0,0,11,0,11,0,0,122,0,122,0,0,133,0,133,98,0,98,231
12/10/2011,HHR,CA,AWP,WE,Federal Contract Tower,0,1,6,0,7,0,2,90,0,92,0,3,96,0,99,66,0,66,165
12/11/2011,HHR,CA,AWP,WE,Federal Contract Tower,0,0,7,0,7,0,0,85,0,85,0,0,92,0,92,84,0,84,176
12/12/2011,HHR,CA,AWP,WE,Federal Contract Tower,0,0,5,0,5,0,0,18,0,18,0,0,23,0,23,12,0,12,35
12/13/2011,HHR,CA,AWP,WE,Federal Contract Tower,0,0,7,0,7,0,0,108,4,112,0,0,115,4,119,100,0,100,219
12/14/2011,HHR,CA,AWP,WE,Federal Contract Tower,0,0,6,0,6,0,0,127,4,131,0,0,133,4,137,184,0,184,321
12/15/2011,HHR,CA,AWP,WE,Federal Contract Tower,0,0,6,0,6,0,0,131,0,131,0,0,137,0,137,114,0,114,251
12/16/2011,HHR,CA,AWP,WE,Federal Contract Tower,0,0,2,0,2,0,0,147,0,147,0,0,149,0,149,174,0,174,323
12/17/2011,HHR,CA,AWP,WE,Federal Contract Tower,0,2,4,0,6,0,16,85,0,101,0,18,89,0,107,144,0,144,251
12/18/2011,HHR,CA,AWP,WE,Federal Contract Tower,0,1,8,0,9,0,2,100,0,102,0,3,108,0,111,94,0,94,205
12/19/2011,HHR,CA,AWP,WE,Federal Contract Tower,0,0,6,0,6,0,4,52,6,62,0,4,58,6,68,20,0,20,88
12/20/2011,HHR,CA,AWP,WE,Federal Contract Tower,0,1,12,0,13,0,2,115,2,119,0,3,127,2,132,136,0,136,268
12/21/2011,HHR,CA,AWP,WE,Federal Contract Tower,0,0,4,0,4,0,0,96,0,96,0,0,100,0,100,74,0,74,174
12/22/2011,HHR,CA,AWP,WE,Federal Contract Tower,0,0,11,0,11,0,0,80,0,80,0,0,91,0,91,40,0,40,131
12/23/2011,HHR,CA,AWP,WE,Federal Contract Tower,0,1,5,0,6,0,1,94,0,95,0,2,99,0,101,56,0,56,157
12/24/2011,HHR,CA,AWP,WE,Federal Contract Tower,0,0,3,0,3,0,2,65,0,67,0,2,68,0,70,38,0,38,108
12/25/2011,HHR,CA,AWP,WE,Federal Contract Tower,0,0,1,0,1,0,2,35,0,37,0,2,36,0,38,12,0,12,50
12/26/2011,HHR,CA,AWP,WE,Federal Contract Tower,0,2,8,0,10,0,0,72,0,72,0,2,80,0,82,62,0,62,144
12/27/2011,HHR,CA,AWP,WE,Federal Contract Tower,0,3,0,0,3,0,0,96,0,96,0,3,96,0,99,74,0,74,173
12/28/2011,HHR,CA,AWP,WE,Federal Contract Tower,0,2,5,0,7,0,2,110,0,112,0,4,115,0,119,64,0,64,183
12/29/2011,HHR,CA,AWP,WE,Federal Contract Tower,0,1,9,0,10,0,2,116,0,118,0,3,125,0,128,50,0,50,178
12/30/2011,HHR,CA,AWP,WE,Federal Contract Tower,0,0,8,0,8,0,1,112,0,113,0,1,120,0,121,44,0,44,165
12/31/2011,HHR,CA,AWP,WE,Federal Contract Tower,0,3,9,0,12,0,1,42,0,43,0,4,51,0,55,30,0,30,85
01/01/2012,HHR,CA,AWP,WE,Federal Contract Tower,0,2,3,0,5,0,1,44,0,45,0,3,47,0,50,38,0,38,88
01/02/2012,HHR,CA,AWP,WE,Federal Contract Tower,0,1,8,0,9,0,2,103,4,109,0,3,111,4,118,52,0,52,170
01/03/2012,HHR,CA,AWP,WE,Federal Contract Tower,0,1,6,0,7,0,6,87,0,93,0,7,93,0,100,58,0,58,158
01/04/2012,HHR,CA,AWP,WE,Federal Contract Tower,0,0,2,0,2,0,2,104,4,110,0,2,106,4,112,42,0,42,154
01/05/2012,HHR,CA,AWP,WE,Federal Contract Tower,0,1,2,0,3,0,1,135,0,136,0,2,137,0,139,54,0,54,193
01/06/2012,HHR,CA,AWP,WE,Federal Contract Tower,0,1,6,0,7,0,0,118,0,118,0,1,124,0,125,98,0,98,223
01/07/2012,HHR,CA,AWP,WE,Federal Contract Tower,0,1,4,0,5,0,0,89,0,89,0,1,93,0,94,66,0,66,160
01/08/2012,HHR,CA,AWP,WE,Federal Contract Tower,0,1,3,0,4,0,2,111,0,113,0,3,114,0,117,160,0,160,277
01/09/2012,HHR,CA,AWP,WE,Federal Contract Tower,0,1,6,0,7,0,1,99,2,102,0,2,105,2,109,42,0,42,151
01/10/2012,HHR,CA,AWP,WE,Federal Contract Tower,0,2,4,0,6,0,3,107,8,118,0,5,111,8,124,62,0,62,186
01/11/2012,HHR,CA,AWP,WE,Federal Contract Tower,0,2,9,0,11,0,1,101,0,102,0,3,110,0,113,82,0,82,195
01/12/2012,HHR,CA,AWP,WE,Federal Contract Tower,0,1,1,0,2,0,0,141,0,141,0,1,142,0,143,122,0,122,265
01/13/2012,HHR,CA,AWP,WE,Federal Contract Tower,0,3,12,0,15,0,1,142,0,143,0,4,154,0,158,130,0,130,288
01/14/2012,HHR,CA,AWP,WE,Federal Contract Tower,0,0,6,0,6,0,0,119,0,119,0,0,125,0,125,124,0,124,249
01/15/2012,HHR,CA,AWP,WE,Federal Contract Tower,0,0,5,0,5,0,1,60,0,61,0,1,65,0,66,66,0,66,132
01/16/2012,HHR,CA,AWP,WE,Federal Contract Tower,0,0,9,0,9,0,5,65,0,70,0,5,74,0,79,86,0,86,165
01/17/2012,HHR,CA,AWP,WE,Federal Contract Tower,0,0,16,0,16,0,1,124,0,125,0,1,140,0,141,90,0,90,231
01/18/2012,HHR,CA,AWP,WE,Federal Contract Tower,0,0,5,0,5,0,0,95,0,95,0,0,100,0,100,196,0,196,296
01/19/2012,HHR,CA,AWP,WE,Federal Contract Tower,0,3,10,0,13,0,0,160,0,160,0,3,170,0,173,80,0,80,253
01/20/2012,HHR,CA,AWP,WE,Federal Contract Tower,0,1,6,0,7,0,0,146,0,146,0,1,152,0,153,76,0,76,229
01/21/2012,HHR,CA,AWP,WE,Federal Contract Tower,0,0,4,0,4,0,0,44,0,44,0,0,48,0,48,20,0,20,68
01/22/2012,HHR,CA,AWP,WE,Federal Contract Tower,0,5,6,0,11,0,0,104,0,104,0,5,110,0,115,174,0,174,289
01/23/2012,HHR,CA,AWP,WE,Federal Contract Tower,0,2,12,0,14,0,0,30,20,50,0,2,42,20,64,0,0,0,64
01/24/2012,HHR,CA,AWP,WE,Federal Contract Tower,0,2,6,0,8,0,0,122,24,146,0,2,128,24,154,76,0,76,230
01/25/2012,HHR,CA,AWP,WE,Federal Contract Tower,0,2,10,0,12,0,3,142,4,149,0,5,152,4,161,110,0,110,271
01/26/2012,HHR,CA,AWP,WE,Federal Contract Tower,0,0,15,0,15,0,0,148,0,148,0,0,163,0,163,120,0,120,283
01/27/2012,HHR,CA,AWP,WE,Federal Contract Tower,0,1,9,0,10,0,0,169,0,169,0,1,178,0,179,140,0,140,319
01/28/2012,HHR,CA,AWP,WE,Federal Contract Tower,0,1,10,0,11,0,0,153,0,153,0,1,163,0,164,108,0,108,272
01/29/2012,HHR,CA,AWP,WE,Federal Contract Tower,0,1,7,0,8,0,7,105,4,116,0,8,112,4,124,136,0,136,260
01/30/2012,HHR,CA,AWP,WE,Federal Contract Tower,0,0,9,0,9,0,0,103,0,103,0,0,112,0,112,86,0,86,198
01/31/2012,HHR,CA,AWP,WE,Federal Contract Tower,0,1,15,0,16,0,3,92,0,95,0,4,107,0,111,64,0,64,175
02/01/2012,HHR,CA,AWP,WE,Federal Contract Tower,0,0,12,0,12,0,0,135,0,135,0,0,147,0,147,162,0,162,309
02/02/2012,HHR,CA,AWP,WE,Federal Contract Tower,0,1,2,0,3,0,0,152,0,152,0,1,154,0,155,70,0,70,225
02/03/2012,HHR,CA,AWP,WE,Federal Contract Tower,0,1,5,0,6,0,0,144,0,144,0,1,149,0,150,74,0,74,224
02/04/2012,HHR,CA,AWP,WE,Federal Contract Tower,0,0,2,0,2,0,0,135,0,135,0,0,137,0,137,122,0,122,259
02/05/2012,HHR,CA,AWP,WE,Federal Contract Tower,0,0,6,0,6,0,5,121,0,126,0,5,127,0,132,126,0,126,258
02/06/2012,HHR,CA,AWP,WE,Federal Contract Tower,0,2,3,0,5,0,1,72,8,81,0,3,75,8,86,38,0,38,124
02/07/2012,HHR,CA,AWP,WE,Federal Contract Tower,0,5,8,0,13,0,5,78,0,83,0,10,86,0,96,74,0,74,170
02/08/2012,HHR,CA,AWP,WE,Federal Contract Tower,0,3,12,0,15,0,0,107,4,111,0,3,119,4,126,78,0,78,204
02/09/2012,HHR,CA,AWP,WE,Federal Contract Tower,0,2,7,0,9,0,0,159,0,159,0,2,166,0,168,48,0,48,216
02/10/2012,HHR,CA,AWP,WE,Federal Contract Tower,0,3,11,0,14,0,0,179,0,179,0,3,190,0,193,52,0,52,245
02/11/2012,HHR,CA,AWP,WE,Federal Contract Tower,0,5,0,0,5,0,6,121,0,127,0,11,121,0,132,92,0,92,224
02/12/2012,HHR,CA,AWP,WE,Federal Contract Tower,0,1,3,0,4,0,3,100,0,103,0,4,103,0,107,82,0,82,189
02/13/2012,HHR,CA,AWP,WE,Federal Contract Tower,0,0,1,0,1,0,2,47,12,61,0,2,48,12,62,10,0,10,72
02/14/2012,HHR,CA,AWP,WE,Federal Contract Tower,0,4,14,0,18,0,27,126,0,153,0,31,140,0,171,122,0,122,293
02/15/2012,HHR,CA,AWP,WE,Federal Contract Tower,0,0,3,0,3,0,0,49,0,49,0,0,52,0,52,0,0,0,52
02/16/2012,HHR,CA,AWP,WE,Federal Contract Tower,0,3,3,0,6,0,1,114,0,115,0,4,117,0,121,86,0,86,207
02/17/2012,HHR,CA,AWP,WE,Federal Contract Tower,0,4,14,0,18,0,0,170,0,170,0,4,184,0,188,110,0,110,298
02/18/2012,HHR,CA,AWP,WE,Federal Contract Tower,0,3,9,0,12,0,4,124,0,128,0,7,133,0,140,134,0,134,274
02/19/2012,HHR,CA,AWP,WE,Federal Contract Tower,0,4,12,0,16,0,8,71,0,79,0,12,83,0,95,114,0,114,209
02/20/2012,HHR,CA,AWP,WE,Federal Contract Tower,0,3,8,0,11,0,3,84,0,87,0,6,92,0,98,118,0,118,216
02/21/2012,HHR,CA,AWP,WE,Federal Contract Tower,0,2,4,0,6,0,0,100,0,100,0,2,104,0,106,16,0,16,122
02/22/2012,HHR,CA,AWP,WE,Federal Contract Tower,0,3,8,0,11,0,9,130,0,139,0,12,138,0,150,84,0,84,234
02/23/2012,HHR,CA,AWP,WE,Federal Contract Tower,0,0,3,0,3,0,1,134,0,135,0,1,137,0,138,40,0,40,178
02/24/2012,HHR,CA,AWP,WE,Federal Contract Tower,0,4,14,0,18,0,0,45,0,45,0,4,59,0,63,20,0,20,83
02/25/2012,HHR,CA,AWP,WE,Federal Contract Tower,0,3,14,0,17,0,3,82,0,85,0,6,96,0,102,90,0,90,192
02/26/2012,HHR,CA,AWP,WE,Federal Contract Tower,0,6,10,0,16,0,4,77,0,81,0,10,87,0,97,100,0,100,197
02/27/2012,HHR,CA,AWP,WE,Federal Contract Tower,0,4,3,0,7,0,5,46,0,51,0,9,49,0,58,16,0,16,74
02/28/2012,HHR,CA,AWP,WE,Federal Contract Tower,0,2,7,0,9,0,1,82,0,83,0,3,89,0,92,70,0,70,162
02/29/2012,HHR,CA,AWP,WE,Federal Contract Tower,0,1,8,0,9,0,0,81,0,81,0,1,89,0,90,54,0,54,144
03/01/2012,HHR,CA,AWP,WE,Federal Contract Tower,0,2,10,0,12,0,0,137,0,137,0,2,147,0,149,74,0,74,223
03/02/2012,HHR,CA,AWP,WE,Federal Contract Tower,0,2,11,0,13,0,0,142,0,142,0,2,153,0,155,134,0,134,289
03/03/2012,HHR,CA,AWP,WE,Federal Contract Tower,0,4,4,0,8,0,6,104,0,110,0,10,108,0,118,124,0,124,242
03/04/2012,HHR,CA,AWP,WE,Federal Contract Tower,0,0,9,0,9,0,2,97,0,99,0,2,106,0,108,98,0,98,206
03/05/2012,HHR,CA,AWP,WE,Federal Contract Tower,0,4,11,0,15,0,4,90,0,94,0,8,101,0,109,64,0,64,173
03/06/2012,HHR,CA,AWP,WE,Federal Contract Tower,0,3,5,0,8,0,3,72,0,75,0,6,77,0,83,60,0,60,143
03/07/2012,HHR,CA,AWP,WE,Federal Contract Tower,0,2,7,0,9,0,0,85,4,89,0,2,92,4,98,90,0,90,188
03/08/2012,HHR,CA,AWP,WE,Federal Contract Tower,0,3,9,0,12,0,0,172,0,172,0,3,181,0,184,68,0,68,252
03/09/2012,HHR,CA,AWP,WE,Federal Contract Tower,0,2,10,0,12,0,0,162,0,162,0,2,172,0,174,68,0,68,242
03/10/2012,HHR,CA,AWP,WE,Federal Contract Tower,0,6,9,0,15,0,7,121,0,128,0,13,130,0,143,78,0,78,221
03/11/2012,HHR,CA,AWP,WE,Federal Contract Tower,0,1,4,0,5,0,12,75,0,87,0,13,79,0,92,56,0,56,148
03/12/2012,HHR,CA,AWP,WE,Federal Contract Tower,0,3,6,0,9,0,4,66,0,70,0,7,72,0,79,80,0,80,159
03/13/2012,HHR,CA,AWP,WE,Federal Contract Tower,0,2,8,0,10,0,1,59,0,60,0,3,67,0,70,52,0,52,122
03/14/2012,HHR,CA,AWP,WE,Federal Contract Tower,0,3,10,0,13,0,0,106,0,106,0,3,116,0,119,92,0,92,211
03/15/2012,HHR,CA,AWP,WE,Federal Contract Tower,0,2,7,0,9,0,0,123,0,123,0,2,130,0,132,48,0,48,180
03/16/2012,HHR,CA,AWP,WE,Federal Contract Tower,0,4,17,0,21,0,0,104,0,104,0,4,121,0,125,26,0,26,151
03/17/2012,HHR,CA,AWP,WE,Federal Contract Tower,0,3,3,0,6,0,0,3,0,3,0,3,6,0,9,0,0,0,9
03/18/2012,HHR,CA,AWP,WE,Federal Contract Tower,0,2,3,0,5,0,0,36,0,36,0,2,39,0,41,22,0,22,63
03/19/2012,HHR,CA,AWP,WE,Federal Contract Tower,0,3,8,0,11,0,4,86,0,90,0,7,94,0,101,138,0,138,239
03/20/2012,HHR,CA,AWP,WE,Federal Contract Tower,0,2,4,0,6,0,1,118,0,119,0,3,122,0,125,74,0,74,199
03/21/2012,HHR,CA,AWP,WE,Federal Contract Tower,0,1,8,0,9,0,2,142,0,144,0,3,150,0,153,164,0,164,317
03/22/2012,HHR,CA,AWP,WE,Federal Contract Tower,0,4,7,1,12,0,1,131,0,132,0,5,138,1,144,124,0,124,268
03/23/2012,HHR,CA,AWP,WE,Federal Contract Tower,0,5,9,0,14,0,0,129,0,129,0,5,138,0,143,66,0,66,209
03/24/2012,HHR,CA,AWP,WE,Federal Contract Tower,0,1,12,0,13,0,11,182,0,193,0,12,194,0,206,142,0,142,348
03/25/2012,HHR,CA,AWP,WE,Federal Contract Tower,0,8,4,0,12,0,1,6,0,7,0,9,10,0,19,0,0,0,19
03/26/2012,HHR,CA,AWP,WE,Federal Contract Tower,0,3,11,0,14,0,6,76,6,88,0,9,87,6,102,74,0,74,176
03/27/2012,HHR,CA,AWP,WE,Federal Contract Tower,0,2,3,0,5,0,2,116,0,118,0,4,119,0,123,130,0,130,253
03/28/2012,HHR,CA,AWP,WE,Federal Contract Tower,0,1,11,0,12,0,0,131,0,131,0,1,142,0,143,116,0,116,259
03/29/2012,HHR,CA,AWP,WE,Federal Contract Tower,0,3,19,0,22,0,0,88,0,88,0,3,107,0,110,36,0,36,146
03/30/2012,HHR,CA,AWP,WE,Federal Contract Tower,0,5,15,0,20,0,0,145,0,145,0,5,160,0,165,118,0,118,283
03/31/2012,HHR,CA,AWP,WE,Federal Contract Tower,0,2,14,0,16,0,8,55,0,63,0,10,69,0,79,54,0,54,133
04/01/2012,HHR,CA,AWP,WE,Federal Contract Tower,0,3,9,0,12,0,2,99,0,101,0,5,108,0,113,86,0,86,199
04/02/2012,HHR,CA,AWP,WE,Federal Contract Tower,0,0,6,0,6,0,4,97,0,101,0,4,103,0,107,32,0,32,139
04/03/2012,HHR,CA,AWP,WE,Federal Contract Tower,0,1,7,0,8,0,0,101,4,105,0,1,108,4,113,52,0,52,165
04/04/2012,HHR,CA,AWP,WE,Federal Contract Tower,0,0,11,0,11,0,0,114,0,114,0,0,125,0,125,114,0,114,239
04/05/2012,HHR,CA,AWP,WE,Federal Contract Tower,0,1,5,0,6,0,0,140,0,140,0,1,145,0,146,88,0,88,234
04/06/2012,HHR,CA,AWP,WE,Federal Contract Tower,0,1,11,0,12,0,0,153,0,153,0,1,164,0,165,132,0,132,297
04/07/2012,HHR,CA,AWP,WE,Federal Contract Tower,0,2,10,0,12,0,0,145,0,145,0,2,155,0,157,128,0,128,285
04/08/2012,HHR,CA,AWP,WE,Federal Contract Tower,0,0,3,0,3,0,0,83,0,83,0,0,86,0,86,58,0,58,144
04/09/2012,HHR,CA,AWP,WE,Federal Contract Tower,0,2,4,0,6,0,3,82,12,97,0,5,86,12,103,68,0,68,171
04/10/2012,HHR,CA,AWP,WE,Federal Contract Tower,0,0,9,0,9,0,1,94,0,95,0,1,103,0,104,88,0,88,192
04/11/2012,HHR,CA,AWP,WE,Federal Contract Tower,0,4,8,0,12,0,0,35,2,37,0,4,43,2,49,0,0,0,49
04/12/2012,HHR,CA,AWP,WE,Federal Contract Tower,0,2,6,0,8,0,0,111,0,111,0,2,117,0,119,42,0,42,161
04/13/2012,HHR,CA,AWP,WE,Federal Contract Tower,0,1,0,0,1,0,0,36,0,36,0,1,36,0,37,0,0,0,37
04/14/2012,HHR,CA,AWP,WE,Federal Contract Tower,0,1,4,0,5,0,4,104,0,108,0,5,108,0,113,78,0,78,191
04/15/2012,HHR,CA,AWP,WE,Federal Contract Tower,0,0,6,0,6,0,6,114,0,120,0,6,120,0,126,180,0,180,306
04/16/2012,HHR,CA,AWP,WE,Federal Contract Tower,0,0,9,0,9,0,0,60,4,64,0,0,69,4,73,28,0,28,101
04/17/2012,HHR,CA,AWP,WE,Federal Contract Tower,0,0,6,1,7,0,4,102,0,106,0,4,108,1,113,90,0,90,203
04/18/2012,HHR,CA,AWP,WE,Federal Contract Tower,0,0,15,0,15,0,0,71,0,71,0,0,86,0,86,58,0,58,144
04/19/2012,HHR,CA,AWP,WE,Federal Contract Tower,0,0,16,0,16,0,0,130,0,130,0,0,146,0,146,98,0,98,244
04/20/2012,HHR,CA,AWP,WE,Federal Contract Tower,0,1,11,0,12,0,0,85,0,85,0,1,96,0,97,72,0,72,169
04/21/2012,HHR,CA,AWP,WE,Federal Contract Tower,0,4,8,0,12,0,0,43,0,43,0,4,51,0,55,62,0,62,117
04/22/2012,HHR,CA,AWP,WE,Federal Contract Tower,0,1,13,1,15,0,0,32,4,36,0,1,45,5,51,46,0,46,97
04/23/2012,HHR,CA,AWP,WE,Federal Contract Tower,0,4,17,0,21,0,1,62,6,69,0,5,79,6,90,60,0,60,150
04/24/2012,HHR,CA,AWP,WE,Federal Contract Tower,0,3,5,0,8,0,4,75,6,85,0,7,80,6,93,114,0,114,207
04/25/2012,HHR,CA,AWP,WE,Federal Contract Tower,0,0,4,0,4,0,0,72,4,76,0,0,76,4,80,56,0,56,136
04/26/2012,HHR,CA,AWP,WE,Federal Contract Tower,0,2,11,0,13,0,0,69,0,69,0,2,80,0,82,22,0,22,104
04/27/2012,HHR,CA,AWP,WE,Federal Contract Tower,0,1,8,0,9,0,0,128,0,128,0,1,136,0,137,86,0,86,223
04/28/2012,HHR,CA,AWP,WE,Federal Contract Tower,0,1,8,0,9,0,5,155,0,160,0,6,163,0,169,142,0,142,311
04/29/2012,HHR,CA,AWP,WE,Federal Contract Tower,0,2,6,0,8,0,17,111,0,128,0,19,117,0,136,246,0,246,382
04/30/2012,HHR,CA,AWP,WE,Federal Contract Tower,0,5,23,0,28,0,6,57,2,65,0,11,80,2,93,50,0,50,143
05/01/2012,HHR,CA,AWP,WE,Federal Contract Tower,0,4,18,0,22,0,0,70,2,72,0,4,88,2,94,44,0,44,138
05/02/2012,HHR,CA,AWP,WE,Federal Contract Tower,0,4,6,0,10,0,1,57,0,58,0,5,63,0,68,88,0,88,156
05/03/2012,HHR,CA,AWP,WE,Federal Contract Tower,0,2,11,0,13,0,0,120,0,120,0,2,131,0,133,66,0,66,199
05/04/2012,HHR,CA,AWP,WE,Federal Contract Tower,0,0,10,0,10,0,0,149,0,149,0,0,159,0,159,128,0,128,287
05/05/2012,HHR,CA,AWP,WE,Federal Contract Tower,0,2,5,0,7,0,3,126,0,129,0,5,131,0,136,100,0,100,236
05/06/2012,HHR,CA,AWP,WE,Federal Contract Tower,0,1,10,2,13,0,5,79,0,84,0,6,89,2,97,118,0,118,215
05/07/2012,HHR,CA,AWP,WE,Federal Contract Tower,0,0,8,0,8,0,5,52,0,57,0,5,60,0,65,38,0,38,103
05/08/2012,HHR,CA,AWP,WE,Federal Contract Tower,0,0,10,0,10,0,0,62,4,66,0,0,72,4,76,52,0,52,128
05/09/2012,HHR,CA,AWP,WE,Federal Contract Tower,0,0,10,0,10,0,0,145,0,145,0,0,155,0,155,147,0,147,302
05/10/2012,HHR,CA,AWP,WE,Federal Contract Tower,0,3,8,2,13,0,0,54,2,56,0,3,62,4,69,58,0,58,127
05/11/2012,HHR,CA,AWP,WE,Federal Contract Tower,0,0,9,0,9,0,0,91,0,91,0,0,100,0,100,102,0,102,202
05/12/2012,HHR,CA,AWP,WE,Federal Contract Tower,0,0,5,0,5,0,0,93,0,93,0,0,98,0,98,122,0,122,220
05/13/2012,HHR,CA,AWP,WE,Federal Contract Tower,0,1,13,0,14,0,5,53,0,58,0,6,66,0,72,60,0,60,132
05/14/2012,HHR,CA,AWP,WE,Federal Contract Tower,0,0,11,0,11,0,2,90,4,96,0,2,101,4,107,98,0,98,205
05/15/2012,HHR,CA,AWP,WE,Federal Contract Tower,0,0,4,0,4,0,0,123,8,131,0,0,127,8,135,72,0,72,207
05/16/2012,HHR,CA,AWP,WE,Federal Contract Tower,0,3,10,0,13,0,2,128,0,130,0,5,138,0,143,198,0,198,341
05/17/2012,HHR,CA,AWP,WE,Federal Contract Tower,0,0,11,0,11,0,0,123,0,123,0,0,134,0,134,76,0,76,210
05/18/2012,HHR,CA,AWP,WE,Federal Contract Tower,0,4,7,0,11,0,0,160,0,160,0,4,167,0,171,102,0,102,273
05/19/2012,HHR,CA,AWP,WE,Federal Contract Tower,0,2,8,0,10,0,6,96,0,102,0,8,104,0,112,96,0,96,208
05/20/2012,HHR,CA,AWP,WE,Federal Contract Tower,0,3,6,0,9,0,8,72,0,80,0,11,78,0,89,174,0,174,263
05/21/2012,HHR,CA,AWP,WE,Federal Contract Tower,0,1,8,1,10,0,0,67,3,70,0,1,75,4,80,84,0,84,164
05/22/2012,HHR,CA,AWP,WE,Federal Contract Tower,0,2,9,0,11,0,3,79,0,82,0,5,88,0,93,110,0,110,203
05/23/2012,HHR,CA,AWP,WE,Federal Contract Tower,0,2,15,0,17,0,1,110,0,111,0,3,125,0,128,162,0,162,290
05/24/2012,HHR,CA,AWP,WE,Federal Contract Tower,0,2,12,0,14,0,0,152,0,152,0,2,164,0,166,92,0,92,258
05/25/2012,HHR,CA,AWP,WE,Federal Contract Tower,0,1,16,0,17,0,0,123,0,123,0,1,139,0,140,58,0,58,198
05/26/2012,HHR,CA,AWP,WE,Federal Contract Tower,0,0,6,0,6,0,2,125,0,127,0,2,131,0,133,144,0,144,277
05/27/2012,HHR,CA,AWP,WE,Federal Contract Tower,0,0,6,0,6,0,4,87,0,91,0,4,93,0,97,84,0,84,181
05/28/2012,HHR,CA,AWP,WE,Federal Contract Tower,0,1,4,0,5,0,0,0,0,0,0,1,4,0,5,130,0,130,135
05/29/2012,HHR,CA,AWP,WE,Federal Contract Tower,0,2,3,0,5,0,0,96,0,96,0,2,99,0,101,56,0,56,157
05/30/2012,HHR,CA,AWP,WE,Federal Contract Tower,0,0,7,0,7,0,0,54,0,54,0,0,61,0,61,26,0,26,87
05/31/2012,HHR,CA,AWP,WE,Federal Contract Tower,0,1,19,0,20,0,0,110,0,110,0,1,129,0,130,46,0,46,176
06/01/2012,HHR,CA,AWP,WE,Federal Contract Tower,0,0,13,0,13,0,0,124,0,124,0,0,137,0,137,108,0,108,245
06/02/2012,HHR,CA,AWP,WE,Federal Contract Tower,0,2,8,0,10,0,4,110,0,114,0,6,118,0,124,108,0,108,232
06/03/2012,HHR,CA,AWP,WE,Federal Contract Tower,0,1,21,0,22,0,16,76,0,92,0,17,97,0,114,164,0,164,278
06/04/2012,HHR,CA,AWP,WE,Federal Contract Tower,0,0,10,0,10,0,0,60,0,60,0,0,70,0,70,80,0,80,150
06/05/2012,HHR,CA,AWP,WE,Federal Contract Tower,0,1,4,0,5,0,1,95,0,96,0,2,99,0,101,98,0,98,199
06/06/2012,HHR,CA,AWP,WE,Federal Contract Tower,0,0,3,0,3,0,0,66,0,66,0,0,69,0,69,64,0,64,133
06/07/2012,HHR,CA,AWP,WE,Federal Contract Tower,0,1,5,0,6,0,0,69,0,69,0,1,74,0,75,76,0,76,151
06/08/2012,HHR,CA,AWP,WE,Federal Contract Tower,0,1,11,0,12,0,0,105,0,105,0,1,116,0,117,112,0,112,229
06/09/2012,HHR,CA,AWP,WE,Federal Contract Tower,0,0,11,0,11,0,8,113,0,121,0,8,124,0,132,170,0,170,302
06/10/2012,HHR,CA,AWP,WE,Federal Contract Tower,0,0,9,0,9,0,4,106,0,110,0,4,115,0,119,142,0,142,261
06/11/2012,HHR,CA,AWP,WE,Federal Contract Tower,0,2,8,0,10,0,0,70,0,70,0,2,78,0,80,42,0,42,122
06/12/2012,HHR,CA,AWP,WE,Federal Contract Tower,0,4,12,0,16,0,0,65,0,65,0,4,77,0,81,12,0,12,93
06/13/2012,HHR,CA,AWP,WE,Federal Contract Tower,0,1,12,0,13,0,1,85,8,94,0,2,97,8,107,56,0,56,163
06/14/2012,HHR,CA,AWP,WE,Federal Contract Tower,0,3,8,0,11,0,1,120,0,121,0,4,128,0,132,68,0,68,200
06/15/2012,HHR,CA,AWP,WE,Federal Contract Tower,0,3,26,0,29,0,0,92,0,92,0,3,118,0,121,110,0,110,231
06/16/2012,HHR,CA,AWP,WE,Federal Contract Tower,0,2,5,0,7,0,6,104,0,110,0,8,109,0,117,64,0,64,181
06/17/2012,HHR,CA,AWP,WE,Federal Contract Tower,0,2,8,0,10,0,4,52,0,56,0,6,60,0,66,48,0,48,114
06/18/2012,HHR,CA,AWP,WE,Federal Contract Tower,0,4,7,0,11,0,0,21,0,21,0,4,28,0,32,2,0,2,34
06/19/2012,HHR,CA,AWP,WE,Federal Contract Tower,0,4,9,0,13,0,1,71,0,72,0,5,80,0,85,86,0,86,171
06/20/2012,HHR,CA,AWP,WE,Federal Contract Tower,0,1,13,0,14,0,0,83,0,83,0,1,96,0,97,104,0,104,201
06/21/2012,HHR,CA,AWP,WE,Federal Contract Tower,0,3,14,1,18,0,0,90,0,90,0,3,104,1,108,98,0,98,206
06/22/2012,HHR,CA,AWP,WE,Federal Contract Tower,0,0,14,0,14,0,0,135,0,135,0,0,149,0,149,82,0,82,231
06/23/2012,HHR,CA,AWP,WE,Federal Contract Tower,0,0,3,0,3,0,0,0,0,0,0,0,3,0,3,100,0,100,103
06/24/2012,HHR,CA,AWP,WE,Federal Contract Tower,0,1,7,0,8,0,11,138,0,149,0,12,145,0,157,118,0,118,275
06/25/2012,HHR,CA,AWP,WE,Federal Contract Tower,0,3,11,0,14,0,6,83,2,91,0,9,94,2,105,72,0,72,177
06/26/2012,HHR,CA,AWP,WE,Federal Contract Tower,0,0,3,0,3,0,2,93,0,95,0,2,96,0,98,16,0,16,114
06/27/2012,HHR,CA,AWP,WE,Federal Contract Tower,0,1,10,0,11,0,0,127,0,127,0,1,137,0,138,32,0,32,170
06/28/2012,HHR,CA,AWP,WE,Federal Contract Tower,0,0,12,0,12,0,0,135,0,135,0,0,147,0,147,88,0,88,235
06/29/2012,HHR,CA,AWP,WE,Federal Contract Tower,0,2,11,0,13,0,0,139,0,139,0,2,150,0,152,56,0,56,208
06/30/2012,HHR,CA,AWP,WE,Federal Contract Tower,0,4,10,0,14,0,8,141,0,149,0,12,151,0,163,104,0,104,267
07/01/2012,HHR,CA,AWP,WE,Federal Contract Tower,0,2,4,0,6,0,2,89,0,91,0,4,93,0,97,76,0,76,173
07/02/2012,HHR,CA,AWP,WE,Federal Contract Tower,0,1,4,0,5,0,3,64,0,67,0,4,68,0,72,30,0,30,102
07/03/2012,HHR,CA,AWP,WE,Federal Contract Tower,0,0,9,0,9,0,0,81,0,81,0,0,90,0,90,62,0,62,152
07/04/2012,HHR,CA,AWP,WE,Federal Contract Tower,0,2,6,0,8,0,0,61,0,61,0,2,67,0,69,60,0,60,129
07/05/2012,HHR,CA,AWP,WE,Federal Contract Tower,0,2,7,0,9,0,0,79,0,79,0,2,86,0,88,68,0,68,156
07/06/2012,HHR,CA,AWP,WE,Federal Contract Tower,0,0,10,0,10,0,0,102,0,102,0,0,112,0,112,62,0,62,174
07/07/2012,HHR,CA,AWP,WE,Federal Contract Tower,0,4,6,0,10,0,10,90,0,100,0,14,96,0,110,100,0,100,210
07/08/2012,HHR,CA,AWP,WE,Federal Contract Tower,0,3,7,0,10,0,4,95,0,99,0,7,102,0,109,114,0,114,223
07/09/2012,HHR,CA,AWP,WE,Federal Contract Tower,0,1,9,0,10,0,5,83,4,92,0,6,92,4,102,78,0,78,180
07/10/2012,HHR,CA,AWP,WE,Federal Contract Tower,0,2,6,0,8,0,2,107,0,109,0,4,113,0,117,110,0,110,227
07/11/2012,HHR,CA,AWP,WE,Federal Contract Tower,0,2,12,0,14,0,1,61,0,62,0,3,73,0,76,58,0,58,134
07/12/2012,HHR,CA,AWP,WE,Federal Contract Tower,0,5,12,0,17,0,0,109,0,109,0,5,121,0,126,32,0,32,158
07/13/2012,HHR,CA,AWP,WE,Federal Contract Tower,0,2,8,0,10,0,0,104,0,104,0,2,112,0,114,100,0,100,214
07/14/2012,HHR,CA,AWP,WE,Federal Contract Tower,0,2,11,0,13,0,8,88,0,96,0,10,99,0,109,118,4,122,231
07/15/2012,HHR,CA,AWP,WE,Federal Contract Tower,0,2,6,0,8,0,6,89,0,95,0,8,95,0,103,158,0,158,261
07/16/2012,HHR,CA,AWP,WE,Federal Contract Tower,0,0,10,1,11,0,8,86,3,97,0,8,96,4,108,56,0,56,164
07/17/2012,HHR,CA,AWP,WE,Federal Contract Tower,0,1,11,0,12,0,10,109,0,119,0,11,120,0,131,110,0,110,241
07/18/2012,HHR,CA,AWP,WE,Federal Contract Tower,0,1,7,0,8,0,0,55,0,55,0,1,62,0,63,80,0,80,143
07/19/2012,HHR,CA,AWP,WE,Federal Contract Tower,0,1,5,0,6,0,0,181,0,181,0,1,186,0,187,128,0,128,315
07/20/2012,HHR,CA,AWP,WE,Federal Contract Tower,0,3,11,0,14,0,0,174,0,174,0,3,185,0,188,98,0,98,286
07/21/2012,HHR,CA,AWP,WE,Federal Contract Tower,0,1,9,0,10,0,0,140,0,140,0,1,149,0,150,134,0,134,284
07/22/2012,HHR,CA,AWP,WE,Federal Contract Tower,0,1,15,0,16,0,3,64,0,67,0,4,79,0,83,64,0,64,147
07/23/2012,HHR,CA,AWP,WE,Federal Contract Tower,0,3,14,2,19,0,8,93,1,102,0,11,107,3,121,10,0,10,131
07/24/2012,HHR,CA,AWP,WE,Federal Contract Tower,0,0,17,0,17,0,12,98,5,115,0,12,115,5,132,34,0,34,166
07/25/2012,HHR,CA,AWP,WE,Federal Contract Tower,0,0,12,0,12,0,2,113,0,115,0,2,125,0,127,128,0,128,255
07/26/2012,HHR,CA,AWP,WE,Federal Contract Tower,0,0,20,0,20,0,0,142,0,142,0,0,162,0,162,48,0,48,210
07/27/2012,HHR,CA,AWP,WE,Federal Contract Tower,0,3,5,0,8,0,0,136,0,136,0,3,141,0,144,96,0,96,240
07/28/2012,HHR,CA,AWP,WE,Federal Contract Tower,0,1,10,0,11,0,0,159,0,159,0,1,169,0,170,152,0,152,322
07/29/2012,HHR,CA,AWP,WE,Federal Contract Tower,0,1,9,0,10,0,11,107,0,118,0,12,116,0,128,202,0,202,330
07/30/2012,HHR,CA,AWP,WE,Federal Contract Tower,0,3,5,0,8,0,4,75,0,79,0,7,80,0,87,60,0,60,147
07/31/2012,HHR,CA,AWP,WE,Federal Contract Tower,0,1,9,0,10,0,1,86,2,89,0,2,95,2,99,36,0,36,135
08/01/2012,HHR,CA,AWP,WE,Federal Contract Tower,0,1,14,0,15,0,1,68,0,69,0,2,82,0,84,110,0,110,194
08/02/2012,HHR,CA,AWP,WE,Federal Contract Tower,0,0,17,0,17,0,0,103,0,103,0,0,120,0,120,162,0,162,282
08/03/2012,HHR,CA,AWP,WE,Federal Contract Tower,0,3,9,0,12,0,0,98,0,98,0,3,107,0,110,24,0,24,134
08/04/2012,HHR,CA,AWP,WE,Federal Contract Tower,0,3,6,0,9,0,0,123,0,123,0,3,129,0,132,124,0,124,256
08/05/2012,HHR,CA,AWP,WE,Federal Contract Tower,0,2,7,0,9,0,2,92,0,94,0,4,99,0,103,94,0,94,197
08/06/2012,HHR,CA,AWP,WE,Federal Contract Tower,0,0,8,0,8,0,2,79,0,81,0,2,87,0,89,24,0,24,113
08/07/2012,HHR,CA,AWP,WE,Federal Contract Tower,0,0,8,0,8,0,4,106,0,110,0,4,114,0,118,50,0,50,168
08/08/2012,HHR,CA,AWP,WE,Federal Contract Tower,0,1,9,0,10,0,2,84,0,86,0,3,93,0,96,112,0,112,208
08/09/2012,HHR,CA,AWP,WE,Federal Contract Tower,0,0,10,0,10,0,0,130,0,130,0,0,140,0,140,68,0,68,208
08/10/2012,HHR,CA,AWP,WE,Federal Contract Tower,0,3,4,0,7,0,0,162,0,162,0,3,166,0,169,54,0,54,223
08/11/2012,HHR,CA,AWP,WE,Federal Contract Tower,0,0,11,0,11,0,6,96,0,102,0,6,107,0,113,16,0,16,129
08/12/2012,HHR,CA,AWP,WE,Federal Contract Tower,0,1,1,0,2,0,4,115,0,119,0,5,116,0,121,112,0,112,233
08/13/2012,HHR,CA,AWP,WE,Federal Contract Tower,0,2,6,0,8,0,2,77,0,79,0,4,83,0,87,72,0,72,159
08/14/2012,HHR,CA,AWP,WE,Federal Contract Tower,0,0,12,0,12,0,0,8,97,105,0,0,20,97,117,66,0,66,183
08/15/2012,HHR,CA,AWP,WE,Federal Contract Tower,0,0,9,0,9,0,1,101,0,102,0,1,110,0,111,66,0,66,177
08/16/2012,HHR,CA,AWP,WE,Federal Contract Tower,0,0,10,0,10,0,1,101,0,102,0,1,111,0,112,138,0,138,250
08/17/2012,HHR,CA,AWP,WE,Federal Contract Tower,0,3,9,0,12,0,0,154,0,154,0,3,163,0,166,116,0,116,282
08/18/2012,HHR,CA,AWP,WE,Federal Contract Tower,0,0,5,0,5,0,16,123,0,139,0,16,128,0,144,102,0,102,246
08/19/2012,HHR,CA,AWP,WE,Federal Contract Tower,0,2,6,0,8,0,9,132,0,141,0,11,138,0,149,196,0,196,345
08/20/2012,HHR,CA,AWP,WE,Federal Contract Tower,0,2,3,0,5,0,18,78,0,96,0,20,81,0,101,44,0,44,145
08/21/2012,HHR,CA,AWP,WE,Federal Contract Tower,0,0,2,0,2,0,0,88,0,88,0,0,90,0,90,76,0,76,166
08/22/2012,HHR,CA,AWP,WE,Federal Contract Tower,0,0,7,0,7,0,0,74,0,74,0,0,81,0,81,94,0,94,175
08/23/2012,HHR,CA,AWP,WE,Federal Contract Tower,0,1,16,0,17,0,0,71,0,71,0,1,87,0,88,22,0,22,110
08/24/2012,HHR,CA,AWP,WE,Federal Contract Tower,0,0,8,0,8,0,0,143,0,143,0,0,151,0,151,104,0,104,255
08/25/2012,HHR,CA,AWP,WE,Federal Contract Tower,0,2,11,0,13,0,8,118,0,126,0,10,129,0,139,114,0,114,253
08/26/2012,HHR,CA,AWP,WE,Federal Contract Tower,0,2,3,0,5,0,6,150,0,156,0,8,153,0,161,112,0,112,273
08/27/2012,HHR,CA,AWP,WE,Federal Contract Tower,0,1,3,0,4,0,4,113,0,117,0,5,116,0,121,100,0,100,221
08/28/2012,HHR,CA,AWP,WE,Federal Contract Tower,0,1,6,0,7,0,2,117,2,121,0,3,123,2,128,62,0,62,190
08/29/2012,HHR,CA,AWP,WE,Federal Contract Tower,0,1,11,0,12,0,0,112,0,112,0,1,123,0,124,146,0,146,270
08/30/2012,HHR,CA,AWP,WE,Federal Contract Tower,0,2,7,0,9,0,0,149,0,149,0,2,156,0,158,58,0,58,216
08/31/2012,HHR,CA,AWP,WE,Federal Contract Tower,0,2,11,0,13,0,0,175,0,175,0,2,186,0,188,120,0,120,308
09/01/2012,HHR,CA,AWP,WE,Federal Contract Tower,0,1,3,0,4,0,12,147,0,159,0,13,150,0,163,118,0,118,281
09/02/2012,HHR,CA,AWP,WE,Federal Contract Tower,0,1,1,0,2,0,13,107,0,120,0,14,108,0,122,155,0,155,277
09/03/2012,HHR,CA,AWP,WE,Federal Contract Tower,0,0,3,0,3,0,4,112,0,116,0,4,115,0,119,84,0,84,203
09/04/2012,HHR,CA,AWP,WE,Federal Contract Tower,0,2,3,0,5,0,1,83,0,84,0,3,86,0,89,8,0,8,97
09/05/2012,HHR,CA,AWP,WE,Federal Contract Tower,0,0,6,0,6,0,0,112,0,112,0,0,118,0,118,46,0,46,164
09/06/2012,HHR,CA,AWP,WE,Federal Contract Tower,0,2,7,0,9,0,0,175,0,175,0,2,182,0,184,66,0,66,250
09/07/2012,HHR,CA,AWP,WE,Federal Contract Tower,0,1,2,0,3,0,0,157,0,157,0,1,159,0,160,52,0,52,212
09/08/2012,HHR,CA,AWP,WE,Federal Contract Tower,0,0,2,0,2,0,16,129,0,145,0,16,131,0,147,140,0,140,287
09/09/2012,HHR,CA,AWP,WE,Federal Contract Tower,0,0,3,0,3,0,7,139,0,146,0,7,142,0,149,242,0,242,391
09/10/2012,HHR,CA,AWP,WE,Federal Contract Tower,0,1,3,0,4,0,7,97,0,104,0,8,100,0,108,80,0,80,188
09/11/2012,HHR,CA,AWP,WE,Federal Contract Tower,0,7,4,0,11,0,7,60,0,67,0,14,64,0,78,10,0,10,88
09/12/2012,HHR,CA,AWP,WE,Federal Contract Tower,0,0,18,0,18,0,0,52,0,52,0,0,70,0,70,22,0,22,92
09/13/2012,HHR,CA,AWP,WE,Federal Contract Tower,0,4,4,0,8,0,0,99,0,99,0,4,103,0,107,138,0,138,245
09/14/2012,HHR,CA,AWP,WE,Federal Contract Tower,0,3,16,0,19,0,1,170,0,171,0,4,186,0,190,104,0,104,294
09/15/2012,HHR,CA,AWP,WE,Federal Contract Tower,0,3,3,0,6,0,9,125,0,134,0,12,128,0,140,140,0,140,280
09/16/2012,HHR,CA,AWP,WE,Federal Contract Tower,0,1,11,0,12,0,11,87,0,98,0,12,98,0,110,82,0,82,192
09/17/2012,HHR,CA,AWP,WE,Federal Contract Tower,0,0,7,0,7,0,0,57,0,57,0,0,64,0,64,16,0,16,80
09/18/2012,HHR,CA,AWP,WE,Federal Contract Tower,0,0,5,0,5,0,11,93,0,104,0,11,98,0,109,42,0,42,151
09/19/2012,HHR,CA,AWP,WE,Federal Contract Tower,0,0,8,0,8,0,1,112,0,113,0,1,120,0,121,72,0,72,193
09/20/2012,HHR,CA,AWP,WE,Federal Contract Tower,0,0,8,0,8,0,0,162,0,162,0,0,170,0,170,110,0,110,280
09/21/2012,HHR,CA,AWP,WE,Federal Contract Tower,0,3,6,0,9,0,0,139,0,139,0,3,145,0,148,42,0,42,190
09/22/2012,HHR,CA,AWP,WE,Federal Contract Tower,0,2,6,0,8,0,14,137,0,151,0,16,143,0,159,144,0,144,303
09/23/2012,HHR,CA,AWP,WE,Federal Contract Tower,0,3,2,0,5,0,8,140,0,148,0,11,142,0,153,150,0,150,303
09/24/2012,HHR,CA,AWP,WE,Federal Contract Tower,0,0,6,0,6,0,2,58,0,60,0,2,64,0,66,70,0,70,136
09/25/2012,HHR,CA,AWP,WE,Federal Contract Tower,0,4,7,0,11,0,0,83,0,83,0,4,90,0,94,100,0,100,194
09/26/2012,HHR,CA,AWP,WE,Federal Contract Tower,0,1,7,0,8,0,0,81,0,81,0,1,88,0,89,140,0,140,229
09/27/2012,HHR,CA,AWP,WE,Federal Contract Tower,0,3,7,0,10,0,0,107,0,107,0,3,114,0,117,154,0,154,271
09/28/2012,HHR,CA,AWP,WE,Federal Contract Tower,0,6,9,0,15,0,0,0,0,0,0,6,9,0,15,62,0,62,77
09/29/2012,HHR,CA,AWP,WE,Federal Contract Tower,0,2,11,0,13,0,7,168,0,175,0,9,179,0,188,214,0,214,402
09/30/2012,HHR,CA,AWP,WE,Federal Contract Tower,0,0,8,0,8,0,8,142,0,150,0,8,150,0,158,216,0,216,374
10/01/2012,HHR,CA,AWP,WE,Federal Contract Tower,0,2,6,0,8,0,4,80,0,84,0,6,86,0,92,28,0,28,120
10/02/2012,HHR,CA,AWP,WE,Federal Contract Tower,0,1,7,0,8,0,0,101,2,103,0,1,108,2,111,128,0,128,239
10/03/2012,HHR,CA,AWP,WE,Federal Contract Tower,0,0,11,0,11,0,0,511,0,511,0,0,522,0,522,43,0,43,565
10/04/2012,HHR,CA,AWP,WE,Federal Contract Tower,0,1,9,0,10,0,0,201,0,201,0,1,210,0,211,64,0,64,275
10/05/2012,HHR,CA,AWP,WE,Federal Contract Tower,0,0,2,0,2,0,0,147,0,147,0,0,149,0,149,128,0,128,277
10/06/2012,HHR,CA,AWP,WE,Federal Contract Tower,0,2,4,1,7,0,1,129,1,131,0,3,133,2,138,152,0,152,290
10/07/2012,HHR,CA,AWP,WE,Federal Contract Tower,0,0,1,1,2,0,0,41,0,41,0,0,42,1,43,70,0,70,113
10/08/2012,HHR,CA,AWP,WE,Federal Contract Tower,0,1,10,0,11,0,3,91,0,94,0,4,101,0,105,42,0,42,147
10/09/2012,HHR,CA,AWP,WE,Federal Contract Tower,0,1,8,0,9,0,3,69,0,72,0,4,77,0,81,54,0,54,135
10/10/2012,HHR,CA,AWP,WE,Federal Contract Tower,0,0,1,0,1,0,0,87,0,87,0,0,88,0,88,76,0,76,164
10/11/2012,HHR,CA,AWP,WE,Federal Contract Tower,0,1,10,0,11,0,0,72,0,72,0,1,82,0,83,102,0,102,185
10/12/2012,HHR,CA,AWP,WE,Federal Contract Tower,0,0,16,0,16,0,0,155,0,155,0,0,171,0,171,74,0,74,245
10/13/2012,HHR,CA,AWP,WE,Federal Contract Tower,0,0,2,0,2,0,6,122,0,128,0,6,124,0,130,126,0,126,256
10/14/2012,HHR,CA,AWP,WE,Federal Contract Tower,0,1,5,0,6,0,13,115,8,136,0,14,120,8,142,174,34,208,350
10/15/2012,HHR,CA,AWP,WE,Federal Contract Tower,0,0,10,0,10,0,0,83,0,83,0,0,93,0,93,74,0,74,167
10/16/2012,HHR,CA,AWP,WE,Federal Contract Tower,0,0,4,0,4,0,2,102,0,104,0,2,106,0,108,122,0,122,230
10/17/2012,HHR,CA,AWP,WE,Federal Contract Tower,0,0,9,0,9,0,0,105,0,105,0,0,114,0,114,90,0,90,204
10/18/2012,HHR,CA,AWP,WE,Federal Contract Tower,0,3,13,0,16,0,0,118,0,118,0,3,131,0,134,106,0,106,240
10/19/2012,HHR,CA,AWP,WE,Federal Contract Tower,0,0,21,0,21,0,0,134,0,134,0,0,155,0,155,98,0,98,253
10/20/2012,HHR,CA,AWP,WE,Federal Contract Tower,0,4,12,0,16,0,0,95,0,95,0,4,107,0,111,208,0,208,319
10/21/2012,HHR,CA,AWP,WE,Federal Contract Tower,0,0,13,0,13,0,7,52,0,59,0,7,65,0,72,154,0,154,226
10/22/2012,HHR,CA,AWP,WE,Federal Contract Tower,0,1,5,0,6,0,9,64,0,73,0,10,69,0,79,46,0,46,125
10/23/2012,HHR,CA,AWP,WE,Federal Contract Tower,0,0,7,0,7,0,9,90,0,99,0,9,97,0,106,68,0,68,174
10/24/2012,HHR,CA,AWP,WE,Federal Contract Tower,0,1,8,0,9,0,1,68,0,69,0,2,76,0,78,24,0,24,102
10/25/2012,HHR,CA,AWP,WE,Federal Contract Tower,0,1,11,0,12,0,1,121,0,122,0,2,132,0,134,62,0,62,196
10/26/2012,HHR,CA,AWP,WE,Federal Contract Tower,0,0,5,0,5,0,0,133,0,133,0,0,138,0,138,132,0,132,270
10/27/2012,HHR,CA,AWP,WE,Federal Contract Tower,0,0,7,0,7,0,8,119,0,127,0,8,126,0,134,76,0,76,210
10/28/2012,HHR,CA,AWP,WE,Federal Contract Tower,0,0,5,0,5,0,12,118,0,130,0,12,123,0,135,124,0,124,259
10/29/2012,HHR,CA,AWP,WE,Federal Contract Tower,0,0,7,0,7,0,0,99,4,103,0,0,106,4,110,72,0,72,182
10/30/2012,HHR,CA,AWP,WE,Federal Contract Tower,0,0,12,0,12,0,1,77,0,78,0,1,89,0,90,46,0,46,136
10/31/2012,HHR,CA,AWP,WE,Federal Contract Tower,0,1,12,0,13,0,0,82,0,82,0,1,94,0,95,78,0,78,173
11/01/2012,HHR,CA,AWP,WE,Federal Contract Tower,0,1,10,0,11,0,0,128,0,128,0,1,138,0,139,98,0,98,237
11/02/2012,HHR,CA,AWP,WE,Federal Contract Tower,0,2,10,0,12,0,0,176,0,176,0,2,186,0,188,78,0,78,266
11/03/2012,HHR,CA,AWP,WE,Federal Contract Tower,0,2,6,0,8,0,7,100,0,107,0,9,106,0,115,98,0,98,213
11/04/2012,HHR,CA,AWP,WE,Federal Contract Tower,0,3,2,0,5,0,16,155,0,171,0,19,157,0,176,206,0,206,382
11/05/2012,HHR,CA,AWP,WE,Federal Contract Tower,0,0,10,0,10,0,8,113,0,121,0,8,123,0,131,30,0,30,161
11/06/2012,HHR,CA,AWP,WE,Federal Contract Tower,0,0,3,0,3,0,13,74,0,87,0,13,77,0,90,58,0,58,148
11/07/2012,HHR,CA,AWP,WE,Federal Contract Tower,0,1,18,1,20,0,0,80,0,80,0,1,98,1,100,78,0,78,178
11/08/2012,HHR,CA,AWP,WE,Federal Contract Tower,0,1,14,1,16,0,0,132,0,132,0,1,146,1,148,52,0,52,200
11/09/2012,HHR,CA,AWP,WE,Federal Contract Tower,0,1,4,0,5,0,0,127,0,127,0,1,131,0,132,44,0,44,176
11/10/2012,HHR,CA,AWP,WE,Federal Contract Tower,0,1,11,0,12,0,8,130,0,138,0,9,141,0,150,0,0,0,150
11/11/2012,HHR,CA,AWP,WE,Federal Contract Tower,0,1,6,0,7,0,17,138,0,155,0,18,144,0,162,172,0,172,334
11/12/2012,HHR,CA,AWP,WE,Federal Contract Tower,0,0,7,0,7,0,8,127,0,135,0,8,134,0,142,74,0,74,216
11/13/2012,HHR,CA,AWP,WE,Federal Contract Tower,0,1,4,0,5,0,5,106,2,113,0,6,110,2,118,66,0,66,184
11/14/2012,HHR,CA,AWP,WE,Federal Contract Tower,0,1,4,0,5,0,0,107,2,109,0,1,111,2,114,100,0,100,214
11/15/2012,HHR,CA,AWP,WE,Federal Contract Tower,0,2,4,0,6,0,0,132,0,132,0,2,136,0,138,106,0,106,244
11/16/2012,HHR,CA,AWP,WE,Federal Contract Tower,0,3,9,0,12,0,0,123,0,123,0,3,132,0,135,90,0,90,225
11/17/2012,HHR,CA,AWP,WE,Federal Contract Tower,0,2,7,0,9,0,6,50,0,56,0,8,57,0,65,6,0,6,71
11/18/2012,HHR,CA,AWP,WE,Federal Contract Tower,0,0,9,0,9,0,11,95,0,106,0,11,104,0,115,148,0,148,263
11/19/2012,HHR,CA,AWP,WE,Federal Contract Tower,0,3,10,0,13,0,4,108,4,116,0,7,118,4,129,104,0,104,233
11/20/2012,HHR,CA,AWP,WE,Federal Contract Tower,0,1,4,0,5,0,6,105,10,121,0,7,109,10,126,58,0,58,184
11/21/2012,HHR,CA,AWP,WE,Federal Contract Tower,0,1,4,2,7,0,11,115,10,136,0,12,119,12,143,118,0,118,261
11/22/2012,HHR,CA,AWP,WE,Federal Contract Tower,0,2,9,0,11,0,0,58,0,58,0,2,67,0,69,72,0,72,141
11/23/2012,HHR,CA,AWP,WE,Federal Contract Tower,0,2,8,0,10,0,0,80,0,80,0,2,88,0,90,54,0,54,144
11/24/2012,HHR,CA,AWP,WE,Federal Contract Tower,0,1,4,0,5,0,6,111,0,117,0,7,115,0,122,50,0,50,172
11/25/2012,HHR,CA,AWP,WE,Federal Contract Tower,0,2,8,0,10,0,1,62,0,63,0,3,70,0,73,118,0,118,191
11/26/2012,HHR,CA,AWP,WE,Federal Contract Tower,0,1,5,0,6,0,13,62,6,81,0,14,67,6,87,82,0,82,169
11/27/2012,HHR,CA,AWP,WE,Federal Contract Tower,0,1,11,0,12,0,2,111,0,113,0,3,122,0,125,64,0,64,189
11/28/2012,HHR,CA,AWP,WE,Federal Contract Tower,0,1,4,0,5,0,0,28,0,28,0,1,32,0,33,20,0,20,53
11/29/2012,HHR,CA,AWP,WE,Federal Contract Tower,0,2,16,0,18,0,0,1,0,1,0,2,17,0,19,0,0,0,19
11/30/2012,HHR,CA,AWP,WE,Federal Contract Tower,0,1,7,0,8,0,0,1,0,1,0,1,8,0,9,0,0,0,9
12/01/2012,HHR,CA,AWP,WE,Federal Contract Tower,0,0,12,0,12,0,4,30,0,34,0,4,42,0,46,28,0,28,74
12/02/2012,HHR,CA,AWP,WE,Federal Contract Tower,0,1,4,0,5,0,0,14,0,14,0,1,18,0,19,32,0,32,51
12/03/2012,HHR,CA,AWP,WE,Federal Contract Tower,0,1,6,0,7,0,0,58,2,60,0,1,64,2,67,0,0,0,67
12/04/2012,HHR,CA,AWP,WE,Federal Contract Tower,0,0,8,0,8,0,2,94,2,98,0,2,102,2,106,72,0,72,178
12/05/2012,HHR,CA,AWP,WE,Federal Contract Tower,0,0,6,0,6,0,0,21,0,21,0,0,27,0,27,56,0,56,83
12/06/2012,HHR,CA,AWP,WE,Federal Contract Tower,0,0,6,0,6,0,0,94,0,94,0,0,100,0,100,82,0,82,182
12/07/2012,HHR,CA,AWP,WE,Federal Contract Tower,0,1,7,0,8,0,0,71,0,71,0,1,78,0,79,96,0,96,175
12/08/2012,HHR,CA,AWP,WE,Federal Contract Tower,0,5,10,0,15,0,10,17,0,27,0,15,27,0,42,22,0,22,64
12/09/2012,HHR,CA,AWP,WE,Federal Contract Tower,0,2,14,0,16,0,4,34,0,38,0,6,48,0,54,38,0,38,92
12/10/2012,HHR,CA,AWP,WE,Federal Contract Tower,0,0,5,0,5,0,4,95,10,109,0,4,100,10,114,76,0,76,190
12/11/2012,HHR,CA,AWP,WE,Federal Contract Tower,0,0,10,0,10,0,11,107,2,120,0,11,117,2,130,92,0,92,222
12/12/2012,HHR,CA,AWP,WE,Federal Contract Tower,0,5,7,0,12,0,0,117,0,117,0,5,124,0,129,120,0,120,249
12/13/2012,HHR,CA,AWP,WE,Federal Contract Tower,0,2,9,0,11,0,0,128,0,128,0,2,137,0,139,50,0,50,189
12/14/2012,HHR,CA,AWP,WE,Federal Contract Tower,0,2,11,0,13,0,0,142,0,142,0,2,153,0,155,128,0,128,283
12/15/2012,HHR,CA,AWP,WE,Federal Contract Tower,0,0,7,0,7,0,4,120,0,124,0,4,127,0,131,110,0,110,241
12/16/2012,HHR,CA,AWP,WE,Federal Contract Tower,0,4,12,0,16,0,0,70,0,70,0,4,82,0,86,103,0,103,189
12/17/2012,HHR,CA,AWP,WE,Federal Contract Tower,0,0,8,0,8,0,8,66,0,74,0,8,74,0,82,100,0,100,182
12/18/2012,HHR,CA,AWP,WE,Federal Contract Tower,0,3,7,0,10,0,2,62,0,64,0,5,69,0,74,24,0,24,98
12/19/2012,HHR,CA,AWP,WE,Federal Contract Tower,0,2,6,0,8,0,2,108,4,114,0,4,114,4,122,158,0,158,280
12/20/2012,HHR,CA,AWP,WE,Federal Contract Tower,0,1,5,0,6,0,0,142,0,142,0,1,147,0,148,164,0,164,312
12/21/2012,HHR,CA,AWP,WE,Federal Contract Tower,0,1,10,0,11,0,0,167,0,167,0,1,177,0,178,50,0,50,228
12/22/2012,HHR,CA,AWP,WE,Federal Contract Tower,0,0,11,0,11,0,14,140,0,154,0,14,151,0,165,140,0,140,305
12/23/2012,HHR,CA,AWP,WE,Federal Contract Tower,0,3,17,0,20,0,8,57,0,65,0,11,74,0,85,88,0,88,173
12/24/2012,HHR,CA,AWP,WE,Federal Contract Tower,0,0,4,0,4,0,0,26,4,30,0,0,30,4,34,4,0,4,38
12/25/2012,HHR,CA,AWP,WE,Federal Contract Tower,0,1,2,0,3,0,1,29,0,30,0,2,31,0,33,0,0,0,33
12/26/2012,HHR,CA,AWP,WE,Federal Contract Tower,0,1,3,0,4,0,1,62,0,63,0,2,65,0,67,72,0,72,139
12/27/2012,HHR,CA,AWP,WE,Federal Contract Tower,0,1,9,0,10,0,0,119,0,119,0,1,128,0,129,110,0,110,239
12/28/2012,HHR,CA,AWP,WE,Federal Contract Tower,0,0,7,0,7,0,0,145,0,145,0,0,152,0,152,106,0,106,258
12/29/2012,HHR,CA,AWP,WE,Federal Contract Tower,0,3,3,0,6,0,0,68,0,68,0,3,71,0,74,64,0,64,138
12/30/2012,HHR,CA,AWP,WE,Federal Contract Tower,0,2,5,0,7,0,11,88,0,99,0,13,93,0,106,108,0,108,214
12/31/2012,HHR,CA,AWP,WE,Federal Contract Tower,0,1,4,0,5,0,5,106,0,111,0,6,110,0,116,64,0,64,180
01/01/2013,HHR,CA,AWP,WE,Federal Contract Tower,0,1,6,0,7,0,1,72,0,73,0,2,78,0,80,88,0,88,168
01/02/2013,HHR,CA,AWP,WE,Federal Contract Tower,0,0,7,0,7,0,2,134,0,136,0,2,141,0,143,124,0,124,267
01/03/2013,HHR,CA,AWP,WE,Federal Contract Tower,0,2,8,0,10,0,0,167,0,167,0,2,175,0,177,102,0,102,279
01/04/2013,HHR,CA,AWP,WE,Federal Contract Tower,0,1,6,0,7,0,0,141,0,141,0,1,147,0,148,58,0,58,206
01/05/2013,HHR,CA,AWP,WE,Federal Contract Tower,0,1,1,0,2,0,12,147,0,159,0,13,148,0,161,158,0,158,319
01/06/2013,HHR,CA,AWP,WE,Federal Contract Tower,0,1,5,2,8,0,10,98,0,108,0,11,103,2,116,98,0,98,214
01/07/2013,HHR,CA,AWP,WE,Federal Contract Tower,0,1,1,0,2,0,7,66,0,73,0,8,67,0,75,30,0,30,105
01/08/2013,HHR,CA,AWP,WE,Federal Contract Tower,0,0,1,0,1,0,4,120,11,135,0,4,121,11,136,106,0,106,242
01/09/2013,HHR,CA,AWP,WE,Federal Contract Tower,0,6,4,1,11,0,2,103,14,119,0,8,107,15,130,72,0,72,202
01/10/2013,HHR,CA,AWP,WE,Federal Contract Tower,0,0,4,0,4,0,0,107,0,107,0,0,111,0,111,56,0,56,167
01/11/2013,HHR,CA,AWP,WE,Federal Contract Tower,0,1,4,0,5,0,0,130,0,130,0,1,134,0,135,82,0,82,217
01/12/2013,HHR,CA,AWP,WE,Federal Contract Tower,0,1,6,0,7,0,14,142,0,156,0,15,148,0,163,140,0,140,303
01/13/2013,HHR,CA,AWP,WE,Federal Contract Tower,0,1,2,0,3,0,3,111,0,114,0,4,113,0,117,118,0,118,235
01/14/2013,HHR,CA,AWP,WE,Federal Contract Tower,0,0,3,0,3,0,7,94,0,101,0,7,97,0,104,56,0,56,160
01/15/2013,HHR,CA,AWP,WE,Federal Contract Tower,0,0,4,0,4,0,0,115,0,115,0,0,119,0,119,64,0,64,183
01/16/2013,HHR,CA,AWP,WE,Federal Contract Tower,0,0,3,0,3,0,5,131,4,140,0,5,134,4,143,44,0,44,187
01/17/2013,HHR,CA,AWP,WE,Federal Contract Tower,0,1,8,0,9,0,3,149,0,152,0,4,157,0,161,94,0,94,255
01/18/2013,HHR,CA,AWP,WE,Federal Contract Tower,0,2,12,0,14,0,0,150,0,150,0,2,162,0,164,102,0,102,266
01/19/2013,HHR,CA,AWP,WE,Federal Contract Tower,0,0,11,0,11,0,14,137,0,151,0,14,148,0,162,130,0,130,292
01/20/2013,HHR,CA,AWP,WE,Federal Contract Tower,0,0,3,0,3,0,14,120,0,134,0,14,123,0,137,106,0,106,243
01/21/2013,HHR,CA,AWP,WE,Federal Contract Tower,0,0,5,0,5,0,13,127,0,140,0,13,132,0,145,56,6,62,207
01/22/2013,HHR,CA,AWP,WE,Federal Contract Tower,0,0,2,0,2,0,0,99,2,101,0,0,101,2,103,54,0,54,157
01/23/2013,HHR,CA,AWP,WE,Federal Contract Tower,0,5,8,0,13,0,1,80,0,81,0,6,88,0,94,44,0,44,138
01/24/2013,HHR,CA,AWP,WE,Federal Contract Tower,0,0,4,0,4,0,0,59,0,59,0,0,63,0,63,44,0,44,107
01/25/2013,HHR,CA,AWP,WE,Federal Contract Tower,0,3,6,0,9,0,0,87,0,87,0,3,93,0,96,58,0,58,154
01/26/2013,HHR,CA,AWP,WE,Federal Contract Tower,0,3,5,0,8,0,5,48,0,53,0,8,53,0,61,126,0,126,187
01/27/2013,HHR,CA,AWP,WE,Federal Contract Tower,0,1,6,0,7,0,2,66,0,68,0,3,72,0,75,112,0,112,187
01/28/2013,HHR,CA,AWP,WE,Federal Contract Tower,0,3,2,0,5,0,3,57,2,62,0,6,59,2,67,20,0,20,87
01/29/2013,HHR,CA,AWP,WE,Federal Contract Tower,0,5,9,0,14,0,7,119,0,126,0,12,128,0,140,90,0,90,230
01/30/2013,HHR,CA,AWP,WE,Federal Contract Tower,0,0,5,0,5,0,0,97,0,97,0,0,102,0,102,76,0,76,178
01/31/2013,HHR,CA,AWP,WE,Federal Contract Tower,0,0,4,0,4,0,0,140,0,140,0,0,144,0,144,96,0,96,240
02/01/2013,HHR,CA,AWP,WE,Federal Contract Tower,0,3,14,0,17,0,1,160,0,161,0,4,174,0,178,130,0,130,308
02/02/2013,HHR,CA,AWP,WE,Federal Contract Tower,0,0,8,0,8,0,10,145,0,155,0,10,153,0,163,134,0,134,297
02/03/2013,HHR,CA,AWP,WE,Federal Contract Tower,0,1,3,0,4,0,16,120,0,136,0,17,123,0,140,146,0,146,286
02/04/2013,HHR,CA,AWP,WE,Federal Contract Tower,0,7,5,3,15,0,4,58,9,71,0,11,63,12,86,40,0,40,126
02/05/2013,HHR,CA,AWP,WE,Federal Contract Tower,0,0,15,0,15,0,4,31,6,41,0,4,46,6,56,16,0,16,72
02/06/2013,HHR,CA,AWP,WE,Federal Contract Tower,0,2,1,0,3,0,2,106,0,108,0,4,107,0,111,85,0,85,196
02/07/2013,HHR,CA,AWP,WE,Federal Contract Tower,0,3,4,0,7,0,0,124,0,124,0,3,128,0,131,16,0,16,147
02/08/2013,HHR,CA,AWP,WE,Federal Contract Tower,0,4,12,0,16,0,0,104,0,104,0,4,116,0,120,0,0,0,120
02/09/2013,HHR,CA,AWP,WE,Federal Contract Tower,0,0,7,0,7,0,0,141,0,141,0,0,148,0,148,122,0,122,270
02/10/2013,HHR,CA,AWP,WE,Federal Contract Tower,0,2,11,0,13,0,0,116,0,116,0,2,127,0,129,162,0,162,291
02/11/2013,HHR,CA,AWP,WE,Federal Contract Tower,0,1,8,0,9,0,6,111,4,121,0,7,119,4,130,64,0,64,194
02/12/2013,HHR,CA,AWP,WE,Federal Contract Tower,0,3,10,0,13,0,5,105,4,114,0,8,115,4,127,90,0,90,217
02/13/2013,HHR,CA,AWP,WE,Federal Contract Tower,0,1,7,0,8,0,0,112,0,112,0,1,119,0,120,40,0,40,160
02/14/2013,HHR,CA,AWP,WE,Federal Contract Tower,0,0,10,0,10,0,0,151,0,151,0,0,161,0,161,84,0,84,245
02/15/2013,HHR,CA,AWP,WE,Federal Contract Tower,0,4,10,0,14,0,0,165,0,165,0,4,175,0,179,130,0,130,309
02/16/2013,HHR,CA,AWP,WE,Federal Contract Tower,0,0,5,0,5,0,0,156,0,156,0,0,161,0,161,126,0,126,287
02/17/2013,HHR,CA,AWP,WE,Federal Contract Tower,0,1,7,0,8,0,10,115,0,125,0,11,122,0,133,108,0,108,241
02/18/2013,HHR,CA,AWP,WE,Federal Contract Tower,0,7,6,0,13,0,13,151,0,164,0,20,157,0,177,98,0,98,275
02/19/2013,HHR,CA,AWP,WE,Federal Contract Tower,0,0,12,0,12,0,0,34,0,34,0,0,46,0,46,4,0,4,50
02/20/2013,HHR,CA,AWP,WE,Federal Contract Tower,0,0,2,0,2,0,0,111,0,111,0,0,113,0,113,52,0,52,165
02/21/2013,HHR,CA,AWP,WE,Federal Contract Tower,0,4,8,0,12,0,0,104,0,104,0,4,112,0,116,116,0,116,232
02/22/2013,HHR,CA,AWP,WE,Federal Contract Tower,0,4,9,0,13,0,1,102,0,103,0,5,111,0,116,84,0,84,200
02/23/2013,HHR,CA,AWP,WE,Federal Contract Tower,0,1,2,0,3,0,1,102,0,103,0,2,104,0,106,210,0,210,316
02/24/2013,HHR,CA,AWP,WE,Federal Contract Tower,0,0,4,0,4,0,6,153,0,159,0,6,157,0,163,160,0,160,323
02/25/2013,HHR,CA,AWP,WE,Federal Contract Tower,0,3,3,0,6,0,0,0,0,0,0,3,3,0,6,92,0,92,98
02/26/2013,HHR,CA,AWP,WE,Federal Contract Tower,0,4,7,0,11,0,0,132,4,136,0,4,139,4,147,92,0,92,239
02/27/2013,HHR,CA,AWP,WE,Federal Contract Tower,0,2,4,0,6,0,0,118,0,118,0,2,122,0,124,110,0,110,234
02/28/2013,HHR,CA,AWP,WE,Federal Contract Tower,0,0,7,0,7,0,1,130,0,131,0,1,137,0,138,228,0,228,366
03/01/2013,HHR,CA,AWP,WE,Federal Contract Tower,0,1,4,0,5,0,0,95,0,95,0,1,99,0,100,179,0,179,279
03/02/2013,HHR,CA,AWP,WE,Federal Contract Tower,0,2,8,0,10,0,14,119,0,133,0,16,127,0,143,168,0,168,311
03/03/2013,HHR,CA,AWP,WE,Federal Contract Tower,0,2,5,0,7,0,4,109,0,113,0,6,114,0,120,104,0,104,224
03/04/2013,HHR,CA,AWP,WE,Federal Contract Tower,0,5,12,0,17,0,3,86,0,89,0,8,98,0,106,78,0,78,184
03/05/2013,HHR,CA,AWP,WE,Federal Contract Tower,0,2,22,0,24,0,0,92,0,92,0,2,114,0,116,34,0,34,150
03/06/2013,HHR,CA,AWP,WE,Federal Contract Tower,0,3,13,0,16,0,3,58,0,61,0,6,71,0,77,41,0,41,118
03/07/2013,HHR,CA,AWP,WE,Federal Contract Tower,0,12,13,0,25,0,0,76,0,76,0,12,89,0,101,64,0,64,165
03/08/2013,HHR,CA,AWP,WE,Federal Contract Tower,0,5,4,0,9,0,0,74,0,74,0,5,78,0,83,22,0,22,105
03/09/2013,HHR,CA,AWP,WE,Federal Contract Tower,0,3,6,0,9,0,16,174,0,190,0,19,180,0,199,184,0,184,383
03/10/2013,HHR,CA,AWP,WE,Federal Contract Tower,0,10,10,0,20,0,13,164,0,177,0,23,174,0,197,180,0,180,377
03/11/2013,HHR,CA,AWP,WE,Federal Contract Tower,0,2,3,0,5,0,18,76,2,96,0,20,79,2,101,124,0,124,225
03/12/2013,HHR,CA,AWP,WE,Federal Contract Tower,0,7,9,0,16,0,26,121,0,147,0,33,130,0,163,72,0,72,235
03/13/2013,HHR,CA,AWP,WE,Federal Contract Tower,0,0,5,0,5,0,0,93,0,93,0,0,98,0,98,104,0,104,202
03/14/2013,HHR,CA,AWP,WE,Federal Contract Tower,0,2,19,0,21,0,0,91,0,91,0,2,110,0,112,88,0,88,200
03/15/2013,HHR,CA,AWP,WE,Federal Contract Tower,0,5,18,0,23,0,0,116,0,116,0,5,134,0,139,190,0,190,329
03/16/2013,HHR,CA,AWP,WE,Federal Contract Tower,0,2,7,0,9,0,10,50,0,60,0,12,57,0,69,62,0,62,131
03/17/2013,HHR,CA,AWP,WE,Federal Contract Tower,0,3,15,0,18,0,15,128,0,143,0,18,143,0,161,230,0,230,391
03/18/2013,HHR,CA,AWP,WE,Federal Contract Tower,0,4,3,0,7,0,12,53,2,67,0,16,56,2,74,64,0,64,138
03/19/2013,HHR,CA,AWP,WE,Federal Contract Tower,0,1,13,0,14,0,5,57,0,62,0,6,70,0,76,66,0,66,142
03/20/2013,HHR,CA,AWP,WE,Federal Contract Tower,0,1,11,0,12,0,1,143,0,144,0,2,154,0,156,77,0,77,233
03/21/2013,HHR,CA,AWP,WE,Federal Contract Tower,0,0,5,0,5,0,0,127,0,127,0,0,132,0,132,50,0,50,182
03/22/2013,HHR,CA,AWP,WE,Federal Contract Tower,0,4,13,0,17,0,0,111,0,111,0,4,124,0,128,94,0,94,222
03/23/2013,HHR,CA,AWP,WE,Federal Contract Tower,0,2,8,0,10,0,26,113,0,139,0,28,121,0,149,176,0,176,325
03/24/2013,HHR,CA,AWP,WE,Federal Contract Tower,0,3,9,0,12,0,21,104,0,125,0,24,113,0,137,70,0,70,207
03/25/2013,HHR,CA,AWP,WE,Federal Contract Tower,0,5,2,0,7,0,4,51,0,55,0,9,53,0,62,128,0,128,190
03/26/2013,HHR,CA,AWP,WE,Federal Contract Tower,0,2,10,0,12,0,2,46,0,48,0,4,56,0,60,38,0,38,98
03/27/2013,HHR,CA,AWP,WE,Federal Contract Tower,0,8,2,0,10,0,8,133,0,141,0,16,135,0,151,70,0,70,221
03/28/2013,HHR,CA,AWP,WE,Federal Contract Tower,0,2,9,0,11,0,0,103,0,103,0,2,112,0,114,90,0,90,204
03/29/2013,HHR,CA,AWP,WE,Federal Contract Tower,0,8,16,0,24,0,0,80,0,80,0,8,96,0,104,44,0,44,148
03/30/2013,HHR,CA,AWP,WE,Federal Contract Tower,0,4,8,0,12,0,18,83,0,101,0,22,91,0,113,60,0,60,173
03/31/2013,HHR,CA,AWP,WE,Federal Contract Tower,0,1,10,0,11,0,1,69,0,70,0,2,79,0,81,142,0,142,223
04/01/2013,HHR,CA,AWP,WE,Federal Contract Tower,0,4,2,0,6,0,5,47,0,52,0,9,49,0,58,32,0,32,90
04/02/2013,HHR,CA,AWP,WE,Federal Contract Tower,0,5,9,0,14,0,0,80,0,80,0,5,89,0,94,74,0,74,168
04/03/2013,HHR,CA,AWP,WE,Federal Contract Tower,0,7,7,0,14,0,0,71,7,78,0,7,78,7,92,40,0,40,132
04/04/2013,HHR,CA,AWP,WE,Federal Contract Tower,0,3,6,0,9,0,7,93,2,102,0,10,99,2,111,74,0,74,185
04/05/2013,HHR,CA,AWP,WE,Federal Contract Tower,0,5,7,0,12,0,3,61,0,64,0,8,68,0,76,66,0,66,142
04/06/2013,HHR,CA,AWP,WE,Federal Contract Tower,0,8,5,0,13,0,14,95,0,109,0,22,100,0,122,158,0,158,280
04/07/2013,HHR,CA,AWP,WE,Federal Contract Tower,0,3,20,0,23,0,1,101,0,102,0,4,121,0,125,114,0,114,239
04/08/2013,HHR,CA,AWP,WE,Federal Contract Tower,0,3,6,0,9,0,2,59,4,65,0,5,65,4,74,10,0,10,84
04/09/2013,HHR,CA,AWP,WE,Federal Contract Tower,0,1,7,0,8,0,9,76,0,85,0,10,83,0,93,26,0,26,119
04/10/2013,HHR,CA,AWP,WE,Federal Contract Tower,0,7,8,0,15,0,17,119,0,136,0,24,127,0,151,110,0,110,261
04/11/2013,HHR,CA,AWP,WE,Federal Contract Tower,0,2,3,0,5,0,4,103,4,111,0,6,106,4,116,148,0,148,264
04/12/2013,HHR,CA,AWP,WE,Federal Contract Tower,0,4,6,0,10,0,4,91,0,95,0,8,97,0,105,60,0,60,165
04/13/2013,HHR,CA,AWP,WE,Federal Contract Tower,0,2,13,0,15,0,8,54,0,62,0,10,67,0,77,54,0,54,131
04/14/2013,HHR,CA,AWP,WE,Federal Contract Tower,0,1,10,0,11,0,4,96,0,100,0,5,106,0,111,112,0,112,223
04/15/2013,HHR,CA,AWP,WE,Federal Contract Tower,0,4,9,0,13,0,8,65,0,73,0,12,74,0,86,58,0,58,144
04/16/2013,HHR,CA,AWP,WE,Federal Contract Tower,0,3,4,0,7,0,4,75,0,79,0,7,79,0,86,44,0,44,130
04/17/2013,HHR,CA,AWP,WE,Federal Contract Tower,0,6,3,0,9,0,14,89,12,115,0,20,92,12,124,74,0,74,198
04/18/2013,HHR,CA,AWP,WE,Federal Contract Tower,0,2,4,0,6,0,4,101,0,105,0,6,105,0,111,72,0,72,183
04/19/2013,HHR,CA,AWP,WE,Federal Contract Tower,0,8,5,0,13,0,6,83,2,91,0,14,88,2,104,36,0,36,140
04/20/2013,HHR,CA,AWP,WE,Federal Contract Tower,0,3,4,0,7,0,10,89,2,101,0,13,93,2,108,120,6,126,234
04/21/2013,HHR,CA,AWP,WE,Federal Contract Tower,0,0,11,0,11,0,8,91,0,99,0,8,102,0,110,108,0,108,218
04/22/2013,HHR,CA,AWP,WE,Federal Contract Tower,0,2,5,0,7,0,8,70,2,80,0,10,75,2,87,98,0,98,185
04/23/2013,HHR,CA,AWP,WE,Federal Contract Tower,0,5,3,0,8,0,8,83,0,91,0,13,86,0,99,56,0,56,155
04/24/2013,HHR,CA,AWP,WE,Federal Contract Tower,0,2,11,0,13,0,8,62,4,74,0,10,73,4,87,132,0,132,219
04/25/2013,HHR,CA,AWP,WE,Federal Contract Tower,0,4,1,0,5,0,6,113,0,119,0,10,114,0,124,72,0,72,196
04/26/2013,HHR,CA,AWP,WE,Federal Contract Tower,0,4,3,0,7,0,8,142,0,150,0,12,145,0,157,96,0,96,253
04/27/2013,HHR,CA,AWP,WE,Federal Contract Tower,0,3,8,0,11,0,14,143,0,157,0,17,151,0,168,114,0,114,282
04/28/2013,HHR,CA,AWP,WE,Federal Contract Tower,0,5,9,0,14,0,0,114,0,114,0,5,123,0,128,134,0,134,262
04/29/2013,HHR,CA,AWP,WE,Federal Contract Tower,0,7,1,0,8,0,2,90,0,92,0,9,91,0,100,94,0,94,194
04/30/2013,HHR,CA,AWP,WE,Federal Contract Tower,0,6,9,0,15,0,8,75,2,85,0,14,84,2,100,88,0,88,188
05/01/2013,HHR,CA,AWP,WE,Federal Contract Tower,0,2,10,0,12,0,3,150,2,155,0,5,160,2,167,106,0,106,273
05/02/2013,HHR,CA,AWP,WE,Federal Contract Tower,0,3,5,0,8,0,5,112,6,123,0,8,117,6,131,124,0,124,255
05/03/2013,HHR,CA,AWP,WE,Federal Contract Tower,0,7,4,0,11,0,4,143,0,147,0,11,147,0,158,98,0,98,256
05/04/2013,HHR,CA,AWP,WE,Federal Contract Tower,0,5,9,0,14,0,13,118,2,133,0,18,127,2,147,160,0,160,307
05/05/2013,HHR,CA,AWP,WE,Federal Contract Tower,0,5,0,0,5,0,0,72,0,72,0,5,72,0,77,128,0,128,205
05/06/2013,HHR,CA,AWP,WE,Federal Contract Tower,0,5,6,0,11,0,0,53,0,53,0,5,59,0,64,40,0,40,104
05/07/2013,HHR,CA,AWP,WE,Federal Contract Tower,0,2,4,0,6,0,3,103,0,106,0,5,107,0,112,112,0,112,224
05/08/2013,HHR,CA,AWP,WE,Federal Contract Tower,0,2,6,0,8,0,0,99,4,103,0,2,105,4,111,48,0,48,159
05/09/2013,HHR,CA,AWP,WE,Federal Contract Tower,0,0,10,0,10,0,2,123,0,125,0,2,133,0,135,104,0,104,239
05/10/2013,HHR,CA,AWP,WE,Federal Contract Tower,0,10,8,0,18,0,0,151,0,151,0,10,159,0,169,76,0,76,245
05/11/2013,HHR,CA,AWP,WE,Federal Contract Tower,0,7,4,0,11,0,15,104,0,119,0,22,108,0,130,172,0,172,302
05/12/2013,HHR,CA,AWP,WE,Federal Contract Tower,0,2,4,0,6,0,2,108,0,110,0,4,112,0,116,134,0,134,250
05/13/2013,HHR,CA,AWP,WE,Federal Contract Tower,0,0,5,0,5,0,1,103,0,104,0,1,108,0,109,62,0,62,171
05/14/2013,HHR,CA,AWP,WE,Federal Contract Tower,0,6,1,0,7,0,4,90,8,102,0,10,91,8,109,74,0,74,183
05/15/2013,HHR,CA,AWP,WE,Federal Contract Tower,0,1,6,0,7,0,0,138,0,138,0,1,144,0,145,110,0,110,255
05/16/2013,HHR,CA,AWP,WE,Federal Contract Tower,0,3,11,0,14,0,1,90,8,99,0,4,101,8,113,102,0,102,215
05/17/2013,HHR,CA,AWP,WE,Federal Contract Tower,0,13,7,0,20,0,6,133,0,139,0,19,140,0,159,102,0,102,261
05/18/2013,HHR,CA,AWP,WE,Federal Contract Tower,0,4,2,0,6,0,20,137,0,157,0,24,139,0,163,196,0,196,359
05/19/2013,HHR,CA,AWP,WE,Federal Contract Tower,0,5,10,0,15,0,24,108,0,132,0,29,118,0,147,142,0,142,289
05/20/2013,HHR,CA,AWP,WE,Federal Contract Tower,0,7,7,0,14,0,6,102,0,108,0,13,109,0,122,136,0,136,258
05/21/2013,HHR,CA,AWP,WE,Federal Contract Tower,0,2,4,0,6,0,4,67,6,77,0,6,71,6,83,22,0,22,105
05/22/2013,HHR,CA,AWP,WE,Federal Contract Tower,0,5,4,0,9,0,1,90,0,91,0,6,94,0,100,114,0,114,214
05/23/2013,HHR,CA,AWP,WE,Federal Contract Tower,0,3,8,0,11,0,0,111,0,111,0,3,119,0,122,70,0,70,192
05/24/2013,HHR,CA,AWP,WE,Federal Contract Tower,0,6,5,0,11,0,8,126,0,134,0,14,131,0,145,148,0,148,293
05/25/2013,HHR,CA,AWP,WE,Federal Contract Tower,0,5,6,0,11,0,11,131,0,142,0,16,137,0,153,170,0,170,323
05/26/2013,HHR,CA,AWP,WE,Federal Contract Tower,0,0,2,0,2,0,6,69,0,75,0,6,71,0,77,112,0,112,189
05/27/2013,HHR,CA,AWP,WE,Federal Contract Tower,0,2,2,0,4,0,5,106,0,111,0,7,108,0,115,98,0,98,213
05/28/2013,HHR,CA,AWP,WE,Federal Contract Tower,0,4,6,0,10,0,2,88,2,92,0,6,94,2,102,36,0,36,138
05/29/2013,HHR,CA,AWP,WE,Federal Contract Tower,0,2,3,0,5,0,0,104,0,104,0,2,107,0,109,98,0,98,207
05/30/2013,HHR,CA,AWP,WE,Federal Contract Tower,0,7,6,1,14,0,1,122,2,125,0,8,128,3,139,22,0,22,161
05/31/2013,HHR,CA,AWP,WE,Federal Contract Tower,0,4,6,0,10,0,3,123,0,126,0,7,129,0,136,98,0,98,234
06/01/2013,HHR,CA,AWP,WE,Federal Contract Tower,0,7,6,1,14,0,5,115,1,121,0,12,121,2,135,204,0,204,339
06/02/2013,HHR,CA,AWP,WE,Federal Contract Tower,0,1,14,0,15,0,0,62,0,62,0,1,76,0,77,92,0,92,169
06/03/2013,HHR,CA,AWP,WE,Federal Contract Tower,0,5,5,0,10,0,10,71,6,87,0,15,76,6,97,92,0,92,189
06/04/2013,HHR,CA,AWP,WE,Federal Contract Tower,0,9,9,0,18,0,5,114,0,119,0,14,123,0,137,40,0,40,177
06/05/2013,HHR,CA,AWP,WE,Federal Contract Tower,0,10,14,1,25,0,3,95,0,98,0,13,109,1,123,84,0,84,207
06/06/2013,HHR,CA,AWP,WE,Federal Contract Tower,0,8,16,2,26,0,5,108,0,113,0,13,124,2,139,86,0,86,225
06/07/2013,HHR,CA,AWP,WE,Federal Contract Tower,0,1,5,1,7,0,0,57,0,57,0,1,62,1,64,22,0,22,86
06/08/2013,HHR,CA,AWP,WE,Federal Contract Tower,0,3,9,0,12,0,1,92,0,93,0,4,101,0,105,76,0,76,181
06/09/2013,HHR,CA,AWP,WE,Federal Contract Tower,0,4,14,0,18,0,0,75,0,75,0,4,89,0,93,98,0,98,191
06/10/2013,HHR,CA,AWP,WE,Federal Contract Tower,0,3,8,0,11,0,1,83,2,86,0,4,91,2,97,88,0,88,185
06/11/2013,HHR,CA,AWP,WE,Federal Contract Tower,0,1,6,1,8,0,14,111,1,126,0,15,117,2,134,84,1,85,219
06/12/2013,HHR,CA,AWP,WE,Federal Contract Tower,0,4,10,0,14,0,4,71,2,77,0,8,81,2,91,46,0,46,137
06/13/2013,HHR,CA,AWP,WE,Federal Contract Tower,0,5,16,0,21,0,1,139,0,140,0,6,155,0,161,64,0,64,225
06/14/2013,HHR,CA,AWP,WE,Federal Contract Tower,0,6,14,0,20,0,6,138,0,144,0,12,152,0,164,238,0,238,402
06/15/2013,HHR,CA,AWP,WE,Federal Contract Tower,0,5,5,0,10,0,10,106,0,116,0,15,111,0,126,94,0,94,220
06/16/2013,HHR,CA,AWP,WE,Federal Contract Tower,0,3,8,0,11,0,4,114,0,118,0,7,122,0,129,149,0,149,278
06/17/2013,HHR,CA,AWP,WE,Federal Contract Tower,0,3,9,0,12,0,4,110,0,114,0,7,119,0,126,76,0,76,202
06/18/2013,HHR,CA,AWP,WE,Federal Contract Tower,0,5,7,0,12,0,0,0,0,0,0,5,7,0,12,106,0,106,118
06/19/2013,HHR,CA,AWP,WE,Federal Contract Tower,0,8,3,0,11,0,4,114,0,118,0,12,117,0,129,1600,0,1600,1729
06/20/2013,HHR,CA,AWP,WE,Federal Contract Tower,0,5,10,0,15,0,7,137,0,144,0,12,147,0,159,80,0,80,239
06/21/2013,HHR,CA,AWP,WE,Federal Contract Tower,0,11,6,0,17,0,6,149,0,155,0,17,155,0,172,112,0,112,284
06/22/2013,HHR,CA,AWP,WE,Federal Contract Tower,0,5,9,0,14,0,0,112,2,114,0,5,121,2,128,120,0,120,248
06/23/2013,HHR,CA,AWP,WE,Federal Contract Tower,0,2,19,0,21,0,0,120,0,120,0,2,139,0,141,160,0,160,301
06/24/2013,HHR,CA,AWP,WE,Federal Contract Tower,0,4,9,0,13,0,6,90,0,96,0,10,99,0,109,36,18,54,163
06/25/2013,HHR,CA,AWP,WE,Federal Contract Tower,0,6,12,0,18,0,8,101,0,109,0,14,113,0,127,50,0,50,177
06/26/2013,HHR,CA,AWP,WE,Federal Contract Tower,0,7,8,0,15,0,5,126,0,131,0,12,134,0,146,104,0,104,250
06/27/2013,HHR,CA,AWP,WE,Federal Contract Tower,0,3,8,0,11,0,0,132,2,134,0,3,140,2,145,176,0,176,321
06/28/2013,HHR,CA,AWP,WE,Federal Contract Tower,0,5,6,0,11,0,15,105,10,130,0,20,111,10,141,164,0,164,305
06/29/2013,HHR,CA,AWP,WE,Federal Contract Tower,0,1,10,0,11,0,6,123,0,129,0,7,133,0,140,60,0,60,200
06/30/2013,HHR,CA,AWP,WE,Federal Contract Tower,0,0,9,0,9,0,3,102,0,105,0,3,111,0,114,118,0,118,232
07/01/2013,HHR,CA,AWP,WE,Federal Contract Tower,0,1,2,0,3,0,2,122,4,128,0,3,124,4,131,22,0,22,153
07/02/2013,HHR,CA,AWP,WE,Federal Contract Tower,0,8,1,0,9,0,11,107,0,118,0,19,108,0,127,72,0,72,199
07/03/2013,HHR,CA,AWP,WE,Federal Contract Tower,0,5,13,0,18,0,2,125,0,127,0,7,138,0,145,108,0,108,253
07/04/2013,HHR,CA,AWP,WE,Federal Contract Tower,0,2,2,0,4,0,2,78,0,80,0,4,80,0,84,52,0,52,136
07/05/2013,HHR,CA,AWP,WE,Federal Contract Tower,0,8,7,0,15,0,10,107,0,117,0,18,114,0,132,168,0,168,300
07/06/2013,HHR,CA,AWP,WE,Federal Contract Tower,0,1,0,0,1,0,4,84,2,90,0,5,84,2,91,62,0,62,153
07/07/2013,HHR,CA,AWP,WE,Federal Contract Tower,0,2,19,0,21,0,0,105,0,105,0,2,124,0,126,84,0,84,210
07/08/2013,HHR,CA,AWP,WE,Federal Contract Tower,0,5,0,0,5,0,6,93,0,99,0,11,93,0,104,64,0,64,168
07/09/2013,HHR,CA,AWP,WE,Federal Contract Tower,0,8,5,0,13,0,5,99,2,106,0,13,104,2,119,52,0,52,171
07/10/2013,HHR,CA,AWP,WE,Federal Contract Tower,0,0,2,0,2,0,4,131,0,135,0,4,133,0,137,96,0,96,233
07/11/2013,HHR,CA,AWP,WE,Federal Contract Tower,0,5,9,0,14,0,10,120,0,130,0,15,129,0,144,90,0,90,234
07/12/2013,HHR,CA,AWP,WE,Federal Contract Tower,0,8,14,0,22,0,7,69,8,84,0,15,83,8,106,0,0,0,106
07/13/2013,HHR,CA,AWP,WE,Federal Contract Tower,0,6,11,0,17,0,7,82,0,89,0,13,93,0,106,90,0,90,196
07/14/2013,HHR,CA,AWP,WE,Federal Contract Tower,0,2,11,0,13,0,2,100,0,102,0,4,111,0,115,144,0,144,259
07/15/2013,HHR,CA,AWP,WE,Federal Contract Tower,0,3,3,0,6,0,1,86,0,87,0,4,89,0,93,88,0,88,181
07/16/2013,HHR,CA,AWP,WE,Federal Contract Tower,0,4,5,0,9,0,5,95,0,100,0,9,100,0,109,104,0,104,213
07/17/2013,HHR,CA,AWP,WE,Federal Contract Tower,0,2,5,0,7,0,9,101,0,110,0,11,106,0,117,126,0,126,243
07/18/2013,HHR,CA,AWP,WE,Federal Contract Tower,0,1,3,0,4,0,2,116,2,120,0,3,119,2,124,134,0,134,258
07/19/2013,HHR,CA,AWP,WE,Federal Contract Tower,0,6,3,0,9,0,8,81,0,89,0,14,84,0,98,52,0,52,150
07/20/2013,HHR,CA,AWP,WE,Federal Contract Tower,0,3,4,0,7,0,16,75,0,91,0,19,79,0,98,90,0,90,188
07/21/2013,HHR,CA,AWP,WE,Federal Contract Tower,0,0,6,0,6,0,1,73,0,74,0,1,79,0,80,108,0,108,188
07/22/2013,HHR,CA,AWP,WE,Federal Contract Tower,0,4,6,0,10,0,1,75,0,76,0,5,81,0,86,42,0,42,128
07/23/2013,HHR,CA,AWP,WE,Federal Contract Tower,0,1,19,0,20,0,4,76,8,88,0,5,95,8,108,96,0,96,204
07/24/2013,HHR,CA,AWP,WE,Federal Contract Tower,0,5,13,0,18,0,2,63,2,67,0,7,76,2,85,12,0,12,97
07/25/2013,HHR,CA,AWP,WE,Federal Contract Tower,0,6,9,0,15,0,13,96,0,109,0,19,105,0,124,52,0,52,176
07/26/2013,HHR,CA,AWP,WE,Federal Contract Tower,0,7,13,0,20,0,8,117,0,125,0,15,130,0,145,118,0,118,263
07/27/2013,HHR,CA,AWP,WE,Federal Contract Tower,0,2,6,0,8,0,8,99,2,109,0,10,105,2,117,114,0,114,231
07/28/2013,HHR,CA,AWP,WE,Federal Contract Tower,0,5,19,0,24,0,0,58,0,58,0,5,77,0,82,44,0,44,126
07/29/2013,HHR,CA,AWP,WE,Federal Contract Tower,0,3,5,0,8,0,4,89,6,99,0,7,94,6,107,88,0,88,195
07/30/2013,HHR,CA,AWP,WE,Federal Contract Tower,0,6,9,0,15,0,5,101,0,106,0,11,110,0,121,16,0,16,137
07/31/2013,HHR,CA,AWP,WE,Federal Contract Tower,0,0,14,0,14,0,1,106,4,111,0,1,120,4,125,86,0,86,211
08/01/2013,HHR,CA,AWP,WE,Federal Contract Tower,0,2,10,0,12,0,2,104,0,106,0,4,114,0,118,64,0,64,182
08/02/2013,HHR,CA,AWP,WE,Federal Contract Tower,0,0,0,0,0,0,6,88,2,96,0,6,88,2,96,118,0,118,214
08/03/2013,HHR,CA,AWP,WE,Federal Contract Tower,0,0,2,0,2,0,8,77,0,85,0,8,79,0,87,74,0,74,161
08/04/2013,HHR,CA,AWP,WE,Federal Contract Tower,0,0,8,0,8,0,0,114,0,114,0,0,122,0,122,108,0,108,230
08/05/2013,HHR,CA,AWP,WE,Federal Contract Tower,0,1,3,0,4,0,9,83,2,94,0,10,86,2,98,38,0,38,136
08/06/2013,HHR,CA,AWP,WE,Federal Contract Tower,0,3,10,0,13,0,3,63,0,66,0,6,73,0,79,42,0,42,121
08/07/2013,HHR,CA,AWP,WE,Federal Contract Tower,0,1,7,0,8,0,0,53,5,58,0,1,60,5,66,0,0,0,66
08/08/2013,HHR,CA,AWP,WE,Federal Contract Tower,0,8,5,1,14,0,3,96,0,99,0,11,101,1,113,76,0,76,189
08/09/2013,HHR,CA,AWP,WE,Federal Contract Tower,0,2,10,0,12,0,11,94,0,105,0,13,104,0,117,94,0,94,211
08/10/2013,HHR,CA,AWP,WE,Federal Contract Tower,0,8,5,0,13,0,16,139,0,155,0,24,144,0,168,140,0,140,308
08/11/2013,HHR,CA,AWP,WE,Federal Contract Tower,0,5,6,0,11,0,12,102,0,114,0,17,108,0,125,92,0,92,217
08/12/2013,HHR,CA,AWP,WE,Federal Contract Tower,0,1,8,0,9,0,2,76,0,78,0,3,84,0,87,42,0,42,129
08/13/2013,HHR,CA,AWP,WE,Federal Contract Tower,0,3,10,0,13,0,2,60,0,62,0,5,70,0,75,100,0,100,175
08/14/2013,HHR,CA,AWP,WE,Federal Contract Tower,0,8,8,1,17,0,3,78,6,87,0,11,86,7,104,36,0,36,140
08/15/2013,HHR,CA,AWP,WE,Federal Contract Tower,0,5,18,0,23,0,3,101,2,106,0,8,119,2,129,80,0,80,209
08/16/2013,HHR,CA,AWP,WE,Federal Contract Tower,0,5,8,0,13,0,6,86,0,92,0,11,94,0,105,104,0,104,209
08/17/2013,HHR,CA,AWP,WE,Federal Contract Tower,0,2,7,0,9,0,14,112,0,126,0,16,119,0,135,50,0,50,185
08/18/2013,HHR,CA,AWP,WE,Federal Contract Tower,0,6,14,0,20,0,8,73,0,81,0,14,87,0,101,42,0,42,143
08/19/2013,HHR,CA,AWP,WE,Federal Contract Tower,0,9,7,0,16,0,4,73,4,81,0,13,80,4,97,52,0,52,149
08/20/2013,HHR,CA,AWP,WE,Federal Contract Tower,0,1,14,0,15,0,1,98,0,99,0,2,112,0,114,98,0,98,212
08/21/2013,HHR,CA,AWP,WE,Federal Contract Tower,0,2,8,0,10,0,1,113,0,114,0,3,121,0,124,212,0,212,336
08/22/2013,HHR,CA,AWP,WE,Federal Contract Tower,0,8,7,0,15,0,2,153,2,157,0,10,160,2,172,132,0,132,304
08/23/2013,HHR,CA,AWP,WE,Federal Contract Tower,0,2,3,0,5,0,4,117,2,123,0,6,120,2,128,176,0,176,304
08/24/2013,HHR,CA,AWP,WE,Federal Contract Tower,0,3,10,0,13,0,10,163,0,173,0,13,173,0,186,150,0,150,336
08/25/2013,HHR,CA,AWP,WE,Federal Contract Tower,0,3,3,0,6,0,16,98,0,114,0,19,101,0,120,130,0,130,250
08/26/2013,HHR,CA,AWP,WE,Federal Contract Tower,0,1,3,0,4,0,0,110,2,112,0,1,113,2,116,74,0,74,190
08/27/2013,HHR,CA,AWP,WE,Federal Contract Tower,3,1,8,0,12,0,1,101,2,104,3,2,109,2,116,88,0,88,204
08/28/2013,HHR,CA,AWP,WE,Federal Contract Tower,0,4,3,0,7,0,0,130,0,130,0,4,133,0,137,152,0,152,289
08/29/2013,HHR,CA,AWP,WE,Federal Contract Tower,0,8,1,0,9,0,4,145,0,149,0,12,146,0,158,130,0,130,288
08/30/2013,HHR,CA,AWP,WE,Federal Contract Tower,0,2,3,0,5,0,6,130,0,136,0,8,133,0,141,144,0,144,285
08/31/2013,HHR,CA,AWP,WE,Federal Contract Tower,0,0,5,0,5,0,5,133,0,138,0,5,138,0,143,134,0,134,277
09/01/2013,HHR,CA,AWP,WE,Federal Contract Tower,0,4,6,0,10,0,0,121,2,123,0,4,127,2,133,98,0,98,231
09/02/2013,HHR,CA,AWP,WE,Federal Contract Tower,0,1,5,0,6,0,3,87,2,92,0,4,92,2,98,74,0,74,172
09/03/2013,HHR,CA,AWP,WE,Federal Contract Tower,0,0,1,0,1,0,2,94,2,98,0,2,95,2,99,152,0,152,251
09/04/2013,HHR,CA,AWP,WE,Federal Contract Tower,0,1,2,0,3,0,0,109,0,109,0,1,111,0,112,34,0,34,146
09/05/2013,HHR,CA,AWP,WE,Federal Contract Tower,0,2,1,0,3,0,0,118,4,122,0,2,119,4,125,66,0,66,191
09/06/2013,HHR,CA,AWP,WE,Federal Contract Tower,0,3,5,0,8,0,12,138,0,150,0,15,143,0,158,158,0,158,316
09/07/2013,HHR,CA,AWP,WE,Federal Contract Tower,0,1,9,0,10,0,12,124,0,136,0,13,133,0,146,188,0,188,334
09/08/2013,HHR,CA,AWP,WE,Federal Contract Tower,0,1,1,0,2,0,4,98,0,102,0,5,99,0,104,172,0,172,276
09/09/2013,HHR,CA,AWP,WE,Federal Contract Tower,0,0,8,0,8,0,0,57,8,65,0,0,65,8,73,8,0,8,81
09/10/2013,HHR,CA,AWP,WE,Federal Contract Tower,0,3,7,0,10,0,74,4,0,78,0,77,11,0,88,60,0,60,148
09/11/2013,HHR,CA,AWP,WE,Federal Contract Tower,0,0,7,0,7,0,0,89,2,91,0,0,96,2,98,80,0,80,178
09/12/2013,HHR,CA,AWP,WE,Federal Contract Tower,0,1,7,0,8,0,0,107,0,107,0,1,114,0,115,134,0,134,249
09/13/2013,HHR,CA,AWP,WE,Federal Contract Tower,0,7,7,0,14,0,4,136,0,140,0,11,143,0,154,224,0,224,378
09/14/2013,HHR,CA,AWP,WE,Federal Contract Tower,0,3,5,0,8,0,4,116,0,120,0,7,121,0,128,108,0,108,236
09/15/2013,HHR,CA,AWP,WE,Federal Contract Tower,0,2,6,0,8,0,0,152,0,152,0,2,158,0,160,0,0,0,160
09/16/2013,HHR,CA,AWP,WE,Federal Contract Tower,0,1,5,0,6,0,1,93,2,96,0,2,98,2,102,86,0,86,188
09/17/2013,HHR,CA,AWP,WE,Federal Contract Tower,0,1,10,0,11,0,0,60,0,60,0,1,70,0,71,34,0,34,105
09/18/2013,HHR,CA,AWP,WE,Federal Contract Tower,0,4,6,0,10,0,0,128,0,128,0,4,134,0,138,82,0,82,220
09/19/2013,HHR,CA,AWP,WE,Federal Contract Tower,0,1,11,0,12,0,1,95,0,96,0,2,106,0,108,74,0,74,182
09/20/2013,HHR,CA,AWP,WE,Federal Contract Tower,0,9,10,0,19,0,9,61,0,70,0,18,71,0,89,50,0,50,139
09/21/2013,HHR,CA,AWP,WE,Federal Contract Tower,0,3,5,0,8,0,10,107,0,117,0,13,112,0,125,144,0,144,269
09/22/2013,HHR,CA,AWP,WE,Federal Contract Tower,0,0,5,0,5,0,0,136,0,136,0,0,141,0,141,140,0,140,281
09/23/2013,HHR,CA,AWP,WE,Federal Contract Tower,0,4,4,0,8,0,0,90,0,90,0,4,94,0,98,40,0,40,138
09/24/2013,HHR,CA,AWP,WE,Federal Contract Tower,0,0,3,0,3,0,0,104,0,104,0,0,107,0,107,90,0,90,197
09/25/2013,HHR,CA,AWP,WE,Federal Contract Tower,0,5,6,0,11,0,0,109,0,109,0,5,115,0,120,100,0,100,220
09/26/2013,HHR,CA,AWP,WE,Federal Contract Tower,0,1,4,0,5,0,0,145,0,145,0,1,149,0,150,98,0,98,248
09/27/2013,HHR,CA,AWP,WE,Federal Contract Tower,0,6,3,0,9,0,0,143,0,143,0,6,146,0,152,158,0,158,310
09/28/2013,HHR,CA,AWP,WE,Federal Contract Tower,0,3,3,0,6,0,0,123,0,123,0,3,126,0,129,100,0,100,229
09/29/2013,HHR,CA,AWP,WE,Federal Contract Tower,0,0,4,0,4,0,0,114,0,114,0,0,118,0,118,160,0,160,278
09/30/2013,HHR,CA,AWP,WE,Federal Contract Tower,0,13,5,0,18,0,0,92,0,92,0,13,97,0,110,30,0,30,140
10/01/2013,HHR,CA,AWP,WE,Federal Contract Tower,0,0,12,1,13,0,0,121,0,121,0,0,133,1,134,54,0,54,188
10/02/2013,HHR,CA,AWP,WE,Federal Contract Tower,0,3,10,0,13,0,2,83,2,87,0,5,93,2,100,102,0,102,202
10/03/2013,HHR,CA,AWP,WE,Federal Contract Tower,0,12,5,0,17,0,1,93,0,94,0,13,98,0,111,26,0,26,137
10/04/2013,HHR,CA,AWP,WE,Federal Contract Tower,0,3,8,0,11,0,4,118,0,122,0,7,126,0,133,46,2,48,181
10/05/2013,HHR,CA,AWP,WE,Federal Contract Tower,0,4,7,0,11,0,2,111,2,115,0,6,118,2,126,102,0,102,228
10/06/2013,HHR,CA,AWP,WE,Federal Contract Tower,0,3,9,0,12,0,21,108,0,129,0,24,117,0,141,82,0,82,223
10/07/2013,HHR,CA,AWP,WE,Federal Contract Tower,0,2,5,0,7,0,0,103,0,103,0,2,108,0,110,88,0,88,198
10/08/2013,HHR,CA,AWP,WE,Federal Contract Tower,0,3,5,0,8,0,6,108,0,114,0,9,113,0,122,76,0,76,198
10/09/2013,HHR,CA,AWP,WE,Federal Contract Tower,0,5,6,0,11,0,2,74,0,76,0,7,80,0,87,38,0,38,125
10/10/2013,HHR,CA,AWP,WE,Federal Contract Tower,0,3,7,0,10,0,5,116,0,121,0,8,123,0,131,92,0,92,223
10/11/2013,HHR,CA,AWP,WE,Federal Contract Tower,0,8,0,2,10,0,17,124,0,141,0,25,124,2,151,108,0,108,259
10/12/2013,HHR,CA,AWP,WE,Federal Contract Tower,0,6,6,0,12,0,18,127,0,145,0,24,133,0,157,86,0,86,243
10/13/2013,HHR,CA,AWP,WE,Federal Contract Tower,0,4,14,0,18,0,2,61,0,63,0,6,75,0,81,44,0,44,125
10/14/2013,HHR,CA,AWP,WE,Federal Contract Tower,0,1,3,0,4,0,0,104,0,104,0,1,107,0,108,72,0,72,180
10/15/2013,HHR,CA,AWP,WE,Federal Contract Tower,0,4,9,0,13,0,5,84,0,89,0,9,93,0,102,90,0,90,192
10/16/2013,HHR,CA,AWP,WE,Federal Contract Tower,0,0,13,0,13,0,0,140,2,142,0,0,153,2,155,70,0,70,225
10/17/2013,HHR,CA,AWP,WE,Federal Contract Tower,0,10,1,0,11,0,0,152,0,152,0,10,153,0,163,102,0,102,265
10/18/2013,HHR,CA,AWP,WE,Federal Contract Tower,0,6,3,0,9,0,4,115,0,119,0,10,118,0,128,108,0,108,236
10/19/2013,HHR,CA,AWP,WE,Federal Contract Tower,0,6,3,0,9,0,4,109,0,113,0,10,112,0,122,106,0,106,228
10/20/2013,HHR,CA,AWP,WE,Federal Contract Tower,0,6,19,0,25,0,2,77,0,79,0,8,96,0,104,128,0,128,232
10/21/2013,HHR,CA,AWP,WE,Federal Contract Tower,0,8,10,0,18,0,7,64,0,71,0,15,74,0,89,76,0,76,165
10/22/2013,HHR,CA,AWP,WE,Federal Contract Tower,0,3,12,0,15,0,1,93,0,94,0,4,105,0,109,86,0,86,195
10/23/2013,HHR,CA,AWP,WE,Federal Contract Tower,0,3,7,0,10,0,2,106,0,108,0,5,113,0,118,166,0,166,284
10/24/2013,HHR,CA,AWP,WE,Federal Contract Tower,0,5,13,0,18,0,0,96,0,96,0,5,109,0,114,118,0,118,232
10/25/2013,HHR,CA,AWP,WE,Federal Contract Tower,0,1,15,0,16,0,4,76,0,80,0,5,91,0,96,32,0,32,128
10/26/2013,HHR,CA,AWP,WE,Federal Contract Tower,0,2,14,0,16,0,7,52,0,59,0,9,66,0,75,66,0,66,141
10/27/2013,HHR,CA,AWP,WE,Federal Contract Tower,0,1,17,0,18,0,2,78,0,80,0,3,95,0,98,60,0,60,158
10/28/2013,HHR,CA,AWP,WE,Federal Contract Tower,0,8,8,0,16,0,0,96,0,96,0,8,104,0,112,60,0,60,172
10/29/2013,HHR,CA,AWP,WE,Federal Contract Tower,0,3,3,0,6,0,2,130,2,134,0,5,133,2,140,50,0,50,190
10/30/2013,HHR,CA,AWP,WE,Federal Contract Tower,0,6,10,0,16,0,3,113,0,116,0,9,123,0,132,166,0,166,298
10/31/2013,HHR,CA,AWP,WE,Federal Contract Tower,0,6,3,0,9,0,0,109,0,109,0,6,112,0,118,167,0,167,285
11/01/2013,HHR,CA,AWP,WE,Federal Contract Tower,0,2,2,0,4,0,4,197,0,201,0,6,199,0,205,164,0,164,369
11/02/2013,HHR,CA,AWP,WE,Federal Contract Tower,0,1,4,0,5,0,1,123,0,124,0,2,127,0,129,60,0,60,189
11/03/2013,HHR,CA,AWP,WE,Federal Contract Tower,0,0,0,0,0,0,10,98,0,108,0,10,98,0,108,128,0,128,236
11/04/2013,HHR,CA,AWP,WE,Federal Contract Tower,0,6,7,0,13,0,4,97,2,103,0,10,104,2,116,32,0,32,148
11/05/2013,HHR,CA,AWP,WE,Federal Contract Tower,0,5,4,0,9,0,3,132,2,137,0,8,136,2,146,66,0,66,212
11/06/2013,HHR,CA,AWP,WE,Federal Contract Tower,0,6,2,0,8,0,2,137,2,141,0,8,139,2,149,76,0,76,225
11/07/2013,HHR,CA,AWP,WE,Federal Contract Tower,0,1,8,0,9,0,0,205,0,205,0,1,213,0,214,124,0,124,338
11/08/2013,HHR,CA,AWP,WE,Federal Contract Tower,0,3,8,0,11,0,3,126,0,129,0,6,134,0,140,98,0,98,238
11/09/2013,HHR,CA,AWP,WE,Federal Contract Tower,0,3,10,0,13,0,4,112,0,116,0,7,122,0,129,124,0,124,253
11/10/2013,HHR,CA,AWP,WE,Federal Contract Tower,0,3,7,0,10,0,0,120,0,120,0,3,127,0,130,118,0,118,248
11/11/2013,HHR,CA,AWP,WE,Federal Contract Tower,0,6,5,0,11,0,7,137,0,144,0,13,142,0,155,152,0,152,307
11/12/2013,HHR,CA,AWP,WE,Federal Contract Tower,0,2,3,0,5,0,5,131,0,136,0,7,134,0,141,70,0,70,211
11/13/2013,HHR,CA,AWP,WE,Federal Contract Tower,0,3,7,0,10,0,10,171,6,187,0,13,178,6,197,56,0,56,253
11/14/2013,HHR,CA,AWP,WE,Federal Contract Tower,0,7,9,0,16,0,6,141,0,147,0,13,150,0,163,74,0,74,237
11/15/2013,HHR,CA,AWP,WE,Federal Contract Tower,0,6,9,0,15,0,2,123,0,125,0,8,132,0,140,178,0,178,318
11/16/2013,HHR,CA,AWP,WE,Federal Contract Tower,0,1,10,0,11,0,2,102,0,104,0,3,112,0,115,64,0,64,179
11/17/2013,HHR,CA,AWP,WE,Federal Contract Tower,0,6,9,0,15,0,10,102,0,112,0,16,111,0,127,104,0,104,231
11/18/2013,HHR,CA,AWP,WE,Federal Contract Tower,0,6,5,0,11,0,1,94,4,99,0,7,99,4,110,40,0,40,150
11/19/2013,HHR,CA,AWP,WE,Federal Contract Tower,0,9,15,0,24,0,2,91,0,93,0,11,106,0,117,164,0,164,281
11/20/2013,HHR,CA,AWP,WE,Federal Contract Tower,0,3,11,0,14,0,0,91,0,91,0,3,102,0,105,156,0,156,261
11/21/2013,HHR,CA,AWP,WE,Federal Contract Tower,0,6,19,0,25,0,0,73,0,73,0,6,92,0,98,70,0,70,168
11/22/2013,HHR,CA,AWP,WE,Federal Contract Tower,0,9,1,0,10,0,6,112,0,118,0,15,113,0,128,186,0,186,314
11/23/2013,HHR,CA,AWP,WE,Federal Contract Tower,0,8,8,0,16,0,0,158,0,158,0,8,166,0,174,160,0,160,334
11/24/2013,HHR,CA,AWP,WE,Federal Contract Tower,0,11,2,0,13,0,6,126,0,132,0,17,128,0,145,114,0,114,259
11/25/2013,HHR,CA,AWP,WE,Federal Contract Tower,0,3,4,0,7,0,6,82,0,88,0,9,86,0,95,76,0,76,171
11/26/2013,HHR,CA,AWP,WE,Federal Contract Tower,0,8,6,0,14,0,1,57,16,74,0,9,63,16,88,56,0,56,144
11/27/2013,HHR,CA,AWP,WE,Federal Contract Tower,0,6,10,0,16,0,3,148,2,153,0,9,158,2,169,52,0,52,221
11/28/2013,HHR,CA,AWP,WE,Federal Contract Tower,0,0,2,0,2,0,0,66,0,66,0,0,68,0,68,6,0,6,74
11/29/2013,HHR,CA,AWP,WE,Federal Contract Tower,0,4,7,0,11,0,1,29,0,30,0,5,36,0,41,0,0,0,41
11/30/2013,HHR,CA,AWP,WE,Federal Contract Tower,0,0,9,0,9,0,0,136,0,136,0,0,145,0,145,118,0,118,263
12/01/2013,HHR,CA,AWP,WE,Federal Contract Tower,0,10,5,0,15,0,5,87,0,92,0,15,92,0,107,156,0,156,263
12/02/2013,HHR,CA,AWP,WE,Federal Contract Tower,0,5,2,0,7,0,4,131,0,135,0,9,133,0,142,116,0,116,258
12/03/2013,HHR,CA,AWP,WE,Federal Contract Tower,0,2,13,0,15,0,3,56,4,63,0,5,69,4,78,32,0,32,110
12/04/2013,HHR,CA,AWP,WE,Federal Contract Tower,0,2,8,0,10,0,2,128,4,134,0,4,136,4,144,68,0,68,212
12/05/2013,HHR,CA,AWP,WE,Federal Contract Tower,0,3,10,0,13,0,0,152,2,154,0,3,162,2,167,156,0,156,323
12/06/2013,HHR,CA,AWP,WE,Federal Contract Tower,0,9,7,0,16,0,8,148,0,156,0,17,155,0,172,106,0,106,278
12/07/2013,HHR,CA,AWP,WE,Federal Contract Tower,0,7,7,0,14,0,0,39,0,39,0,7,46,0,53,52,0,52,105
12/08/2013,HHR,CA,AWP,WE,Federal Contract Tower,0,5,4,0,9,0,7,127,0,134,0,12,131,0,143,124,0,124,267
12/09/2013,HHR,CA,AWP,WE,Federal Contract Tower,0,16,4,0,20,0,4,84,4,92,0,20,88,4,112,48,0,48,160
12/10/2013,HHR,CA,AWP,WE,Federal Contract Tower,0,13,7,0,20,0,7,110,0,117,0,20,117,0,137,60,0,60,197
12/11/2013,HHR,CA,AWP,WE,Federal Contract Tower,0,12,3,0,15,0,3,129,2,134,0,15,132,2,149,118,0,118,267
12/12/2013,HHR,CA,AWP,WE,Federal Contract Tower,0,11,5,0,16,0,3,126,0,129,0,14,131,0,145,52,0,52,197
12/13/2013,HHR,CA,AWP,WE,Federal Contract Tower,0,22,7,0,29,0,5,106,0,111,0,27,113,0,140,104,0,104,244
12/14/2013,HHR,CA,AWP,WE,Federal Contract Tower,0,16,6,0,22,0,20,138,0,158,0,36,144,0,180,186,0,186,366
12/15/2013,HHR,CA,AWP,WE,Federal Contract Tower,0,5,7,0,12,0,6,121,0,127,0,11,128,0,139,104,0,104,243
12/16/2013,HHR,CA,AWP,WE,Federal Contract Tower,0,11,4,0,15,0,6,95,0,101,0,17,99,0,116,54,0,54,170
12/17/2013,HHR,CA,AWP,WE,Federal Contract Tower,0,16,0,0,16,0,10,101,6,117,0,26,101,6,133,84,0,84,217
12/18/2013,HHR,CA,AWP,WE,Federal Contract Tower,0,9,9,0,18,0,1,130,0,131,0,10,139,0,149,90,0,90,239
12/19/2013,HHR,CA,AWP,WE,Federal Contract Tower,0,14,1,0,15,0,8,55,0,63,0,22,56,0,78,34,0,34,112
12/20/2013,HHR,CA,AWP,WE,Federal Contract Tower,0,6,7,0,13,0,5,136,0,141,0,11,143,0,154,144,0,144,298
12/21/2013,HHR,CA,AWP,WE,Federal Contract Tower,0,12,8,0,20,0,12,95,0,107,0,24,103,0,127,84,0,84,211
12/22/2013,HHR,CA,AWP,WE,Federal Contract Tower,0,9,3,0,12,0,7,115,0,122,0,16,118,0,134,122,0,122,256
12/23/2013,HHR,CA,AWP,WE,Federal Contract Tower,0,6,7,1,14,0,5,123,3,131,0,11,130,4,145,88,0,88,233
12/24/2013,HHR,CA,AWP,WE,Federal Contract Tower,0,10,2,0,12,0,6,109,0,115,0,16,111,0,127,14,0,14,141
12/25/2013,HHR,CA,AWP,WE,Federal Contract Tower,0,0,6,0,6,0,1,65,0,66,0,1,71,0,72,14,0,14,86
12/26/2013,HHR,CA,AWP,WE,Federal Contract Tower,0,8,5,0,13,0,0,115,0,115,0,8,120,0,128,26,0,26,154
12/27/2013,HHR,CA,AWP,WE,Federal Contract Tower,0,8,3,0,11,0,5,131,0,136,0,13,134,0,147,62,0,62,209
12/28/2013,HHR,CA,AWP,WE,Federal Contract Tower,0,7,4,0,11,0,8,115,0,123,0,15,119,0,134,94,0,94,228
12/29/2013,HHR,CA,AWP,WE,Federal Contract Tower,0,10,2,0,12,0,5,100,0,105,0,15,102,0,117,100,0,100,217
12/30/2013,HHR,CA,AWP,WE,Federal Contract Tower,0,7,5,0,12,0,12,135,0,147,0,19,140,0,159,42,0,42,201
12/31/2013,HHR,CA,AWP,WE,Federal Contract Tower,0,12,1,0,13,0,11,95,0,106,0,23,96,0,119,90,0,90,209
01/01/2014,HHR,CA,AWP,WE,Federal Contract Tower,0,1,2,0,3,0,0,68,0,68,0,1,70,0,71,16,0,16,87
01/02/2014,HHR,CA,AWP,WE,Federal Contract Tower,1,5,2,0,8,0,8,138,3,149,1,13,140,3,157,94,0,94,251
01/03/2014,HHR,CA,AWP,WE,Federal Contract Tower,0,11,7,0,18,0,2,87,0,89,0,13,94,0,107,42,0,42,149
01/04/2014,HHR,CA,AWP,WE,Federal Contract Tower,0,8,4,0,12,0,10,85,0,95,0,18,89,0,107,68,0,68,175
01/05/2014,HHR,CA,AWP,WE,Federal Contract Tower,0,4,5,0,9,0,2,107,0,109,0,6,112,0,118,90,0,90,208
01/06/2014,HHR,CA,AWP,WE,Federal Contract Tower,0,22,8,0,30,0,6,115,1,122,0,28,123,1,152,4,0,4,156
01/07/2014,HHR,CA,AWP,WE,Federal Contract Tower,0,14,0,0,14,0,5,157,2,164,0,19,157,2,178,22,0,22,200
01/08/2014,HHR,CA,AWP,WE,Federal Contract Tower,0,8,8,0,16,0,1,110,4,115,0,9,118,4,131,37,0,37,168
01/09/2014,HHR,CA,AWP,WE,Federal Contract Tower,0,17,7,0,24,0,0,83,4,87,0,17,90,4,111,38,0,38,149
01/10/2014,HHR,CA,AWP,WE,Federal Contract Tower,0,11,15,0,26,0,5,130,6,141,0,16,145,6,167,60,0,60,227
01/11/2014,HHR,CA,AWP,WE,Federal Contract Tower,0,6,6,0,12,0,7,125,0,132,0,13,131,0,144,70,0,70,214
01/12/2014,HHR,CA,AWP,WE,Federal Contract Tower,0,16,2,0,18,0,4,106,0,110,0,20,108,0,128,154,0,154,282
01/13/2014,HHR,CA,AWP,WE,Federal Contract Tower,0,7,2,0,9,0,2,148,2,152,0,9,150,2,161,54,0,54,215
01/14/2014,HHR,CA,AWP,WE,Federal Contract Tower,0,10,13,0,23,0,6,121,4,131,0,16,134,4,154,88,0,88,242
01/15/2014,HHR,CA,AWP,WE,Federal Contract Tower,0,15,4,1,20,0,0,114,2,116,0,15,118,3,136,138,0,138,274
01/16/2014,HHR,CA,AWP,WE,Federal Contract Tower,0,11,4,0,15,0,0,123,14,137,0,11,127,14,152,102,0,102,254
01/17/2014,HHR,CA,AWP,WE,Federal Contract Tower,0,24,7,0,31,0,5,157,0,162,0,29,164,0,193,116,0,116,309
01/18/2014,HHR,CA,AWP,WE,Federal Contract Tower,0,8,3,0,11,0,11,149,0,160,0,19,152,0,171,108,0,108,279
01/19/2014,HHR,CA,AWP,WE,Federal Contract Tower,0,6,2,0,8,0,8,136,0,144,0,14,138,0,152,90,0,90,242
01/20/2014,HHR,CA,AWP,WE,Federal Contract Tower,0,12,2,0,14,0,10,129,4,143,0,22,131,4,157,48,0,48,205
01/21/2014,HHR,CA,AWP,WE,Federal Contract Tower,0,13,5,0,18,0,2,119,0,121,0,15,124,0,139,44,0,44,183
01/22/2014,HHR,CA,AWP,WE,Federal Contract Tower,0,9,2,0,11,0,0,98,2,100,0,9,100,2,111,72,0,72,183
01/23/2014,HHR,CA,AWP,WE,Federal Contract Tower,0,7,9,0,16,0,1,119,0,120,0,8,128,0,136,58,0,58,194
01/24/2014,HHR,CA,AWP,WE,Federal Contract Tower,0,13,5,0,18,0,12,149,6,167,0,25,154,6,185,62,0,62,247
01/25/2014,HHR,CA,AWP,WE,Federal Contract Tower,0,5,10,0,15,0,11,157,0,168,0,16,167,0,183,119,0,119,302
01/26/2014,HHR,CA,AWP,WE,Federal Contract Tower,0,9,4,0,13,0,20,112,0,132,0,29,116,0,145,104,0,104,249
01/27/2014,HHR,CA,AWP,WE,Federal Contract Tower,0,9,5,0,14,0,2,114,10,126,0,11,119,10,140,60,0,60,200
01/28/2014,HHR,CA,AWP,WE,Federal Contract Tower,0,8,6,0,14,0,2,103,2,107,0,10,109,2,121,62,0,62,183
01/29/2014,HHR,CA,AWP,WE,Federal Contract Tower,0,11,7,0,18,0,6,53,0,59,0,17,60,0,77,62,0,62,139
01/30/2014,HHR,CA,AWP,WE,Federal Contract Tower,0,6,10,0,16,0,0,66,0,66,0,6,76,0,82,2,0,2,84
01/31/2014,HHR,CA,AWP,WE,Federal Contract Tower,0,16,5,0,21,0,3,107,0,110,0,19,112,0,131,134,0,134,265
02/01/2014,HHR,CA,AWP,WE,Federal Contract Tower,0,10,8,0,18,0,8,116,0,124,0,18,124,0,142,146,0,146,288
02/02/2014,HHR,CA,AWP,WE,Federal Contract Tower,0,11,1,0,12,0,5,98,0,103,0,16,99,0,115,128,0,128,243
02/03/2014,HHR,CA,AWP,WE,Federal Contract Tower,0,12,5,0,17,0,6,105,9,120,0,18,110,9,137,72,0,72,209
02/04/2014,HHR,CA,AWP,WE,Federal Contract Tower,0,15,9,0,24,0,5,125,6,136,0,20,134,6,160,76,0,76,236
02/05/2014,HHR,CA,AWP,WE,Federal Contract Tower,0,7,6,0,13,0,2,162,0,164,0,9,168,0,177,165,0,165,342
02/06/2014,HHR,CA,AWP,WE,Federal Contract Tower,0,11,4,0,15,0,3,53,0,56,0,14,57,0,71,12,0,12,83
02/07/2014,HHR,CA,AWP,WE,Federal Contract Tower,0,13,13,0,26,0,114,2,0,116,0,127,15,0,142,74,0,74,216
02/08/2014,HHR,CA,AWP,WE,Federal Contract Tower,0,6,8,0,14,0,2,135,0,137,0,8,143,0,151,114,0,114,265
02/09/2014,HHR,CA,AWP,WE,Federal Contract Tower,0,8,12,0,20,0,4,98,0,102,0,12,110,0,122,110,0,110,232
02/10/2014,HHR,CA,AWP,WE,Federal Contract Tower,0,9,7,0,16,0,1,121,8,130,0,10,128,8,146,68,0,68,214
02/11/2014,HHR,CA,AWP,WE,Federal Contract Tower,0,14,3,0,17,0,14,98,0,112,0,28,101,0,129,130,0,130,259
02/12/2014,HHR,CA,AWP,WE,Federal Contract Tower,0,14,8,0,22,0,4,205,2,211,0,18,213,2,233,86,0,86,319
02/13/2014,HHR,CA,AWP,WE,Federal Contract Tower,0,8,5,0,13,0,3,127,0,130,0,11,132,0,143,70,0,70,213
02/14/2014,HHR,CA,AWP,WE,Federal Contract Tower,0,12,4,0,16,0,18,171,0,189,0,30,175,0,205,152,0,152,357
02/15/2014,HHR,CA,AWP,WE,Federal Contract Tower,0,7,2,0,9,0,2,109,0,111,0,9,111,0,120,124,0,124,244
02/16/2014,HHR,CA,AWP,WE,Federal Contract Tower,0,6,4,0,10,0,4,83,0,87,0,10,87,0,97,80,0,80,177
02/17/2014,HHR,CA,AWP,WE,Federal Contract Tower,0,9,11,0,20,0,1,112,0,113,0,10,123,0,133,24,0,24,157
02/18/2014,HHR,CA,AWP,WE,Federal Contract Tower,0,11,5,0,16,0,4,121,2,127,0,15,126,2,143,72,0,72,215
02/19/2014,HHR,CA,AWP,WE,Federal Contract Tower,0,9,9,0,18,0,5,107,2,114,0,14,116,2,132,90,0,90,222
02/20/2014,HHR,CA,AWP,WE,Federal Contract Tower,0,13,9,0,22,0,2,179,0,181,0,15,188,0,203,58,0,58,261
02/21/2014,HHR,CA,AWP,WE,Federal Contract Tower,0,7,5,0,12,0,8,145,4,157,0,15,150,4,169,104,0,104,273
02/22/2014,HHR,CA,AWP,WE,Federal Contract Tower,0,9,12,0,21,0,8,126,0,134,0,17,138,0,155,74,0,74,229
02/23/2014,HHR,CA,AWP,WE,Federal Contract Tower,0,15,7,0,22,0,8,133,0,141,0,23,140,0,163,150,0,150,313
02/24/2014,HHR,CA,AWP,WE,Federal Contract Tower,0,10,5,0,15,0,2,140,2,144,0,12,145,2,159,142,0,142,301
02/25/2014,HHR,CA,AWP,WE,Federal Contract Tower,0,12,11,0,23,0,7,158,11,176,0,19,169,11,199,100,0,100,299
02/26/2014,HHR,CA,AWP,WE,Federal Contract Tower,0,6,4,0,10,0,0,108,4,112,0,6,112,4,122,84,0,84,206
02/27/2014,HHR,CA,AWP,WE,Federal Contract Tower,0,16,10,0,26,0,4,81,0,85,0,20,91,0,111,70,0,70,181
02/28/2014,HHR,CA,AWP,WE,Federal Contract Tower,0,8,8,0,16,0,0,6,0,6,0,8,14,0,22,4,0,4,26
03/01/2014,HHR,CA,AWP,WE,Federal Contract Tower,0,6,4,0,10,0,0,8,0,8,0,6,12,0,18,0,0,0,18
03/02/2014,HHR,CA,AWP,WE,Federal Contract Tower,0,9,8,0,17,0,2,36,0,38,0,11,44,0,55,50,0,50,105
03/03/2014,HHR,CA,AWP,WE,Federal Contract Tower,0,3,10,0,13,0,3,111,3,117,0,6,121,3,130,20,0,20,150
03/04/2014,HHR,CA,AWP,WE,Federal Contract Tower,0,11,8,0,19,0,6,87,0,93,0,17,95,0,112,42,0,42,154
03/05/2014,HHR,CA,AWP,WE,Federal Contract Tower,0,12,4,0,16,0,2,129,0,131,0,14,133,0,147,76,0,76,223
03/06/2014,HHR,CA,AWP,WE,Federal Contract Tower,0,9,12,0,21,0,8,93,0,101,0,17,105,0,122,94,0,94,216
03/07/2014,HHR,CA,AWP,WE,Federal Contract Tower,0,17,7,0,24,0,12,131,0,143,0,29,138,0,167,90,0,90,257
03/08/2014,HHR,CA,AWP,WE,Federal Contract Tower,0,9,4,0,13,0,13,136,2,151,0,22,140,2,164,178,0,178,342
03/09/2014,HHR,CA,AWP,WE,Federal Contract Tower,0,15,4,0,19,0,5,131,0,136,0,20,135,0,155,296,0,296,451
03/10/2014,HHR,CA,AWP,WE,Federal Contract Tower,0,9,2,0,11,0,4,126,2,132,0,13,128,2,143,96,0,96,239
03/11/2014,HHR,CA,AWP,WE,Federal Contract Tower,0,10,6,0,16,0,5,134,4,143,0,15,140,4,159,158,0,158,317
03/12/2014,HHR,CA,AWP,WE,Federal Contract Tower,0,11,4,0,15,0,3,140,2,145,0,14,144,2,160,126,0,126,286
03/13/2014,HHR,CA,AWP,WE,Federal Contract Tower,0,9,2,0,11,0,8,102,4,114,0,17,104,4,125,60,0,60,185
03/14/2014,HHR,CA,AWP,WE,Federal Contract Tower,0,9,5,1,15,0,7,145,2,154,0,16,150,3,169,112,0,112,281
03/15/2014,HHR,CA,AWP,WE,Federal Contract Tower,0,8,4,0,12,0,18,133,0,151,0,26,137,0,163,212,0,212,375
03/16/2014,HHR,CA,AWP,WE,Federal Contract Tower,0,9,5,0,14,0,8,150,0,158,0,17,155,0,172,186,0,186,358
03/17/2014,HHR,CA,AWP,WE,Federal Contract Tower,10,0,1,0,11,6,0,123,2,131,16,0,124,2,142,50,0,50,192
03/18/2014,HHR,CA,AWP,WE,Federal Contract Tower,0,14,6,0,20,0,11,111,0,122,0,25,117,0,142,114,0,114,256
03/19/2014,HHR,CA,AWP,WE,Federal Contract Tower,0,13,3,0,16,0,4,165,0,169,0,17,168,0,185,144,0,144,329
03/20/2014,HHR,CA,AWP,WE,Federal Contract Tower,0,11,4,1,16,0,5,121,3,129,0,16,125,4,145,82,0,82,227
03/21/2014,HHR,CA,AWP,WE,Federal Contract Tower,0,17,12,0,29,0,12,99,7,118,0,29,111,7,147,138,0,138,285
03/22/2014,HHR,CA,AWP,WE,Federal Contract Tower,0,4,9,0,13,0,2,78,0,80,0,6,87,0,93,56,0,56,149
03/23/2014,HHR,CA,AWP,WE,Federal Contract Tower,0,16,5,0,21,0,8,84,0,92,0,24,89,0,113,84,0,84,197
03/24/2014,HHR,CA,AWP,WE,Federal Contract Tower,0,4,24,1,29,0,4,85,0,89,0,8,109,1,118,108,0,108,226
03/25/2014,HHR,CA,AWP,WE,Federal Contract Tower,1,10,13,0,24,0,5,68,8,81,1,15,81,8,105,108,0,108,213
03/26/2014,HHR,CA,AWP,WE,Federal Contract Tower,0,8,6,0,14,0,1,62,4,67,0,9,68,4,81,0,0,0,81
03/27/2014,HHR,CA,AWP,WE,Federal Contract Tower,0,6,9,0,15,0,4,137,4,145,0,10,146,4,160,50,0,50,210
03/28/2014,HHR,CA,AWP,WE,Federal Contract Tower,0,11,5,0,16,0,12,153,4,169,0,23,158,4,185,146,0,146,331
03/29/2014,HHR,CA,AWP,WE,Federal Contract Tower,0,5,3,0,8,0,6,146,0,152,0,11,149,0,160,216,0,216,376
03/30/2014,HHR,CA,AWP,WE,Federal Contract Tower,0,6,4,0,10,0,4,115,0,119,0,10,119,0,129,130,0,130,259
03/31/2014,HHR,CA,AWP,WE,Federal Contract Tower,0,5,5,1,11,0,5,99,3,107,0,10,104,4,118,46,0,46,164
04/01/2014,HHR,CA,AWP,WE,Federal Contract Tower,0,7,1,0,8,0,4,63,4,71,0,11,64,4,79,30,0,30,109
04/02/2014,HHR,CA,AWP,WE,Federal Contract Tower,0,7,1,0,8,0,4,112,2,118,0,11,113,2,126,44,0,44,170
04/03/2014,HHR,CA,AWP,WE,Federal Contract Tower,0,4,3,0,7,0,4,148,0,152,0,8,151,0,159,130,0,130,289
04/04/2014,HHR,CA,AWP,WE,Federal Contract Tower,0,11,9,0,20,0,3,131,0,134,0,14,140,0,154,100,0,100,254
04/05/2014,HHR,CA,AWP,WE,Federal Contract Tower,0,3,3,0,6,0,14,125,2,141,0,17,128,2,147,120,0,120,267
04/06/2014,HHR,CA,AWP,WE,Federal Contract Tower,0,11,1,0,12,0,7,150,0,157,0,18,151,0,169,120,0,120,289
04/07/2014,HHR,CA,AWP,WE,Federal Contract Tower,0,7,5,2,14,0,4,166,4,174,0,11,171,6,188,104,0,104,292
04/08/2014,HHR,CA,AWP,WE,Federal Contract Tower,0,7,5,0,12,0,4,170,4,178,0,11,175,4,190,98,0,98,288
04/09/2014,HHR,CA,AWP,WE,Federal Contract Tower,0,10,4,0,14,0,3,125,0,128,0,13,129,0,142,120,0,120,262
04/10/2014,HHR,CA,AWP,WE,Federal Contract Tower,0,10,3,0,13,0,3,106,14,123,0,13,109,14,136,120,0,120,256
04/11/2014,HHR,CA,AWP,WE,Federal Contract Tower,0,7,6,0,13,0,10,120,0,130,0,17,126,0,143,100,0,100,243
04/12/2014,HHR,CA,AWP,WE,Federal Contract Tower,0,3,6,0,9,0,7,95,0,102,0,10,101,0,111,132,0,132,243
04/13/2014,HHR,CA,AWP,WE,Federal Contract Tower,0,4,6,0,10,0,5,82,0,87,0,9,88,0,97,124,0,124,221
04/14/2014,HHR,CA,AWP,WE,Federal Contract Tower,0,9,4,0,13,0,6,135,6,147,0,15,139,6,160,88,0,88,248
04/15/2014,HHR,CA,AWP,WE,Federal Contract Tower,0,5,12,0,17,0,8,87,0,95,0,13,99,0,112,22,0,22,134
04/16/2014,HHR,CA,AWP,WE,Federal Contract Tower,0,5,9,0,14,0,2,112,0,114,0,7,121,0,128,160,0,160,288
04/17/2014,HHR,CA,AWP,WE,Federal Contract Tower,0,13,8,0,21,0,9,96,6,111,0,22,104,6,132,102,0,102,234
04/18/2014,HHR,CA,AWP,WE,Federal Contract Tower,0,8,11,0,19,0,2,154,0,156,0,10,165,0,175,120,0,120,295
04/19/2014,HHR,CA,AWP,WE,Federal Contract Tower,0,6,8,0,14,0,8,173,0,181,0,14,181,0,195,86,0,86,281
04/20/2014,HHR,CA,AWP,WE,Federal Contract Tower,0,6,4,0,10,0,2,119,0,121,0,8,123,0,131,128,0,128,259
04/21/2014,HHR,CA,AWP,WE,Federal Contract Tower,0,13,12,0,25,0,4,103,6,113,0,17,115,6,138,72,0,72,210
04/22/2014,HHR,CA,AWP,WE,Federal Contract Tower,0,17,9,0,26,0,7,4,104,115,0,24,13,104,141,130,0,130,271
04/23/2014,HHR,CA,AWP,WE,Federal Contract Tower,0,5,3,0,8,0,5,153,0,158,0,10,156,0,166,120,0,120,286
04/24/2014,HHR,CA,AWP,WE,Federal Contract Tower,0,8,3,0,11,0,4,144,4,152,0,12,147,4,163,134,0,134,297
04/25/2014,HHR,CA,AWP,WE,Federal Contract Tower,0,11,4,0,15,0,6,99,2,107,0,17,103,2,122,104,0,104,226
04/26/2014,HHR,CA,AWP,WE,Federal Contract Tower,0,4,4,1,9,0,2,69,0,71,0,6,73,1,80,78,0,78,158
04/27/2014,HHR,CA,AWP,WE,Federal Contract Tower,0,8,5,0,13,0,0,134,0,134,0,8,139,0,147,174,0,174,321
04/28/2014,HHR,CA,AWP,WE,Federal Contract Tower,0,6,5,0,11,0,6,169,0,175,0,12,174,0,186,188,0,188,374
04/29/2014,HHR,CA,AWP,WE,Federal Contract Tower,0,11,9,0,20,0,13,134,4,151,0,24,143,4,171,190,0,190,361
04/30/2014,HHR,CA,AWP,WE,Federal Contract Tower,0,9,3,0,12,0,3,122,4,129,0,12,125,4,141,166,0,166,307
05/01/2014,HHR,CA,AWP,WE,Federal Contract Tower,0,10,3,0,13,0,7,166,0,173,0,17,169,0,186,140,0,140,326
05/02/2014,HHR,CA,AWP,WE,Federal Contract Tower,0,15,5,0,20,0,6,146,4,156,0,21,151,4,176,110,0,110,286
05/03/2014,HHR,CA,AWP,WE,Federal Contract Tower,0,9,4,0,13,0,8,124,0,132,0,17,128,0,145,220,0,220,365
05/04/2014,HHR,CA,AWP,WE,Federal Contract Tower,0,16,7,0,23,0,2,146,0,148,0,18,153,0,171,196,0,196,367
05/05/2014,HHR,CA,AWP,WE,Federal Contract Tower,9,0,8,0,17,5,0,129,2,136,14,0,137,2,153,38,0,38,191
05/06/2014,HHR,CA,AWP,WE,Federal Contract Tower,0,7,3,0,10,0,3,82,4,89,0,10,85,4,99,94,0,94,193
05/07/2014,HHR,CA,AWP,WE,Federal Contract Tower,0,6,5,0,11,0,11,74,0,85,0,17,79,0,96,106,0,106,202
05/08/2014,HHR,CA,AWP,WE,Federal Contract Tower,0,8,6,0,14,0,2,109,0,111,0,10,115,0,125,44,0,44,169
05/09/2014,HHR,CA,AWP,WE,Federal Contract Tower,0,8,8,0,16,0,7,138,0,145,0,15,146,0,161,214,0,214,375
05/10/2014,HHR,CA,AWP,WE,Federal Contract Tower,0,3,3,0,6,0,4,112,0,116,0,7,115,0,122,110,0,110,232
05/11/2014,HHR,CA,AWP,WE,Federal Contract Tower,0,12,2,0,14,0,2,68,0,70,0,14,70,0,84,22,0,22,106
05/12/2014,HHR,CA,AWP,WE,Federal Contract Tower,0,8,9,0,17,0,5,177,0,182,0,13,186,0,199,104,0,104,303
05/13/2014,HHR,CA,AWP,WE,Federal Contract Tower,0,10,8,0,18,0,14,109,4,127,0,24,117,4,145,148,0,148,293
05/14/2014,HHR,CA,AWP,WE,Federal Contract Tower,0,12,3,0,15,0,7,136,0,143,0,19,139,0,158,112,0,112,270
05/15/2014,HHR,CA,AWP,WE,Federal Contract Tower,0,12,2,0,14,0,13,124,0,137,0,25,126,0,151,68,0,68,219
05/16/2014,HHR,CA,AWP,WE,Federal Contract Tower,0,10,6,0,16,0,6,144,0,150,0,16,150,0,166,94,0,94,260
05/17/2014,HHR,CA,AWP,WE,Federal Contract Tower,0,4,5,0,9,0,8,121,0,129,0,12,126,0,138,108,0,108,246
05/18/2014,HHR,CA,AWP,WE,Federal Contract Tower,0,15,7,0,22,0,9,111,0,120,0,24,118,0,142,156,0,156,298
05/19/2014,HHR,CA,AWP,WE,Federal Contract Tower,0,10,7,0,17,0,4,130,2,136,0,14,137,2,153,88,0,88,241
05/20/2014,HHR,CA,AWP,WE,Federal Contract Tower,0,13,6,0,19,0,8,99,0,107,0,21,105,0,126,126,0,126,252
05/21/2014,HHR,CA,AWP,WE,Federal Contract Tower,0,5,1,0,6,0,7,116,2,125,0,12,117,2,131,80,0,80,211
05/22/2014,HHR,CA,AWP,WE,Federal Contract Tower,0,10,12,1,23,0,1,99,0,100,0,11,111,1,123,116,0,116,239
05/23/2014,HHR,CA,AWP,WE,Federal Contract Tower,0,14,13,0,27,0,11,103,0,114,0,25,116,0,141,78,0,78,219
05/24/2014,HHR,CA,AWP,WE,Federal Contract Tower,0,5,15,0,20,0,5,71,0,76,0,10,86,0,96,144,0,144,240
05/25/2014,HHR,CA,AWP,WE,Federal Contract Tower,0,14,6,0,20,0,8,82,0,90,0,22,88,0,110,76,0,76,186
05/26/2014,HHR,CA,AWP,WE,Federal Contract Tower,0,9,21,0,30,0,6,166,0,172,0,15,187,0,202,142,0,142,344
05/27/2014,HHR,CA,AWP,WE,Federal Contract Tower,0,11,6,0,17,0,13,83,2,98,0,24,89,2,115,132,0,132,247
05/28/2014,HHR,CA,AWP,WE,Federal Contract Tower,0,5,3,0,8,0,7,99,2,108,0,12,102,2,116,108,0,108,224
05/29/2014,HHR,CA,AWP,WE,Federal Contract Tower,0,13,10,0,23,0,11,124,8,143,0,24,134,8,166,142,0,142,308
05/30/2014,HHR,CA,AWP,WE,Federal Contract Tower,0,18,6,0,24,0,22,110,0,132,0,40,116,0,156,120,0,120,276
05/31/2014,HHR,CA,AWP,WE,Federal Contract Tower,0,3,3,0,6,0,2,137,0,139,0,5,140,0,145,68,0,68,213
06/01/2014,HHR,CA,AWP,WE,Federal Contract Tower,0,11,13,0,24,0,4,109,0,113,0,15,122,0,137,110,0,110,247
06/02/2014,HHR,CA,AWP,WE,Federal Contract Tower,0,7,6,0,13,0,8,99,2,109,0,15,105,2,122,60,0,60,182
06/03/2014,HHR,CA,AWP,WE,Federal Contract Tower,0,9,6,0,15,0,10,132,4,146,0,19,138,4,161,96,0,96,257
06/04/2014,HHR,CA,AWP,WE,Federal Contract Tower,0,6,2,0,8,0,5,152,4,161,0,11,154,4,169,126,0,126,295
06/05/2014,HHR,CA,AWP,WE,Federal Contract Tower,0,9,5,0,14,0,8,139,0,147,0,17,144,0,161,106,0,106,267
06/06/2014,HHR,CA,AWP,WE,Federal Contract Tower,0,0,11,14,25,0,7,122,0,129,0,7,133,14,154,74,0,74,228
06/07/2014,HHR,CA,AWP,WE,Federal Contract Tower,0,6,16,0,22,0,12,123,2,137,0,18,139,2,159,152,0,152,311
06/08/2014,HHR,CA,AWP,WE,Federal Contract Tower,0,23,11,0,34,0,5,123,0,128,0,28,134,0,162,90,0,90,252
06/09/2014,HHR,CA,AWP,WE,Federal Contract Tower,0,8,14,0,22,0,2,105,0,107,0,10,119,0,129,42,0,42,171
06/10/2014,HHR,CA,AWP,WE,Federal Contract Tower,0,12,16,0,28,0,4,77,0,81,0,16,93,0,109,130,0,130,239
06/11/2014,HHR,CA,AWP,WE,Federal Contract Tower,0,11,10,0,21,3,4,94,0,101,3,15,104,0,122,76,0,76,198
06/12/2014,HHR,CA,AWP,WE,Federal Contract Tower,0,14,5,0,19,0,8,122,0,130,0,22,127,0,149,70,0,70,219
06/13/2014,HHR,CA,AWP,WE,Federal Contract Tower,0,10,4,0,14,0,12,126,0,138,0,22,130,0,152,152,0,152,304
06/14/2014,HHR,CA,AWP,WE,Federal Contract Tower,0,7,7,0,14,0,6,54,0,60,0,13,61,0,74,56,0,56,130
06/15/2014,HHR,CA,AWP,WE,Federal Contract Tower,0,14,6,0,20,0,9,106,0,115,0,23,112,0,135,128,0,128,263
06/16/2014,HHR,CA,AWP,WE,Federal Contract Tower,0,12,8,0,20,0,1,108,0,109,0,13,116,0,129,60,0,60,189
06/17/2014,HHR,CA,AWP,WE,Federal Contract Tower,0,11,7,0,18,0,6,118,4,128,0,17,125,4,146,104,0,104,250
06/18/2014,HHR,CA,AWP,WE,Federal Contract Tower,0,9,8,0,17,0,3,140,0,143,0,12,148,0,160,84,0,84,244
06/19/2014,HHR,CA,AWP,WE,Federal Contract Tower,0,10,8,0,18,0,4,125,2,131,0,14,133,2,149,110,0,110,259
06/20/2014,HHR,CA,AWP,WE,Federal Contract Tower,0,10,14,0,24,0,10,151,0,161,0,20,165,0,185,50,0,50,235
06/21/2014,HHR,CA,AWP,WE,Federal Contract Tower,0,2,5,2,9,0,8,158,6,172,0,10,163,8,181,82,0,82,263
06/22/2014,HHR,CA,AWP,WE,Federal Contract Tower,0,10,2,0,12,0,5,100,0,105,0,15,102,0,117,126,0,126,243
06/23/2014,HHR,CA,AWP,WE,Federal Contract Tower,0,11,5,0,16,0,8,131,0,139,0,19,136,0,155,46,0,46,201
06/24/2014,HHR,CA,AWP,WE,Federal Contract Tower,0,8,5,0,13,0,12,106,0,118,0,20,111,0,131,78,0,78,209
06/25/2014,HHR,CA,AWP,WE,Federal Contract Tower,0,16,6,0,22,0,4,135,2,141,0,20,141,2,163,104,0,104,267
06/26/2014,HHR,CA,AWP,WE,Federal Contract Tower,0,13,9,0,22,0,6,132,0,138,0,19,141,0,160,52,0,52,212
06/27/2014,HHR,CA,AWP,WE,Federal Contract Tower,0,8,9,0,17,0,9,157,0,166,0,17,166,0,183,96,0,96,279
06/28/2014,HHR,CA,AWP,WE,Federal Contract Tower,0,7,9,0,16,0,7,114,0,121,0,14,123,0,137,76,0,76,213
06/29/2014,HHR,CA,AWP,WE,Federal Contract Tower,0,19,8,0,27,0,11,134,4,149,0,30,142,4,176,110,0,110,286
06/30/2014,HHR,CA,AWP,WE,Federal Contract Tower,0,13,13,0,26,0,11,95,0,106,0,24,108,0,132,44,0,44,176
07/01/2014,HHR,CA,AWP,WE,Federal Contract Tower,0,12,9,0,21,0,13,89,6,108,0,25,98,6,129,40,0,40,169
07/02/2014,HHR,CA,AWP,WE,Federal Contract Tower,0,13,6,0,19,0,7,141,2,150,0,20,147,2,169,114,0,114,283
07/03/2014,HHR,CA,AWP,WE,Federal Contract Tower,0,11,11,0,22,0,5,138,0,143,0,16,149,0,165,184,0,184,349
07/04/2014,HHR,CA,AWP,WE,Federal Contract Tower,0,6,12,0,18,0,3,135,0,138,0,9,147,0,156,148,0,148,304
07/05/2014,HHR,CA,AWP,WE,Federal Contract Tower,0,5,5,0,10,0,2,172,0,174,0,7,177,0,184,170,0,170,354
07/06/2014,HHR,CA,AWP,WE,Federal Contract Tower,0,13,3,0,16,0,9,142,0,151,0,22,145,0,167,192,0,192,359
07/07/2014,HHR,CA,AWP,WE,Federal Contract Tower,0,6,9,0,15,0,7,157,0,164,0,13,166,0,179,96,0,96,275
07/08/2014,HHR,CA,AWP,WE,Federal Contract Tower,0,7,17,0,24,0,14,139,2,155,0,21,156,2,179,114,0,114,293
07/09/2014,HHR,CA,AWP,WE,Federal Contract Tower,0,16,10,0,26,0,4,141,8,153,0,20,151,8,179,148,0,148,327
07/10/2014,HHR,CA,AWP,WE,Federal Contract Tower,0,12,12,0,24,0,5,141,0,146,0,17,153,0,170,122,0,122,292
07/11/2014,HHR,CA,AWP,WE,Federal Contract Tower,0,13,7,0,20,0,27,198,2,227,0,40,205,2,247,186,0,186,433
07/12/2014,HHR,CA,AWP,WE,Federal Contract Tower,0,11,5,0,16,0,11,164,0,175,0,22,169,0,191,124,0,124,315
07/13/2014,HHR,CA,AWP,WE,Federal Contract Tower,0,14,4,0,18,0,5,141,0,146,0,19,145,0,164,112,0,112,276
07/14/2014,HHR,CA,AWP,WE,Federal Contract Tower,0,10,9,0,19,0,7,99,0,106,0,17,108,0,125,90,0,90,215
07/15/2014,HHR,CA,AWP,WE,Federal Contract Tower,0,12,11,0,23,0,12,88,11,111,0,24,99,11,134,100,0,100,234
07/16/2014,HHR,CA,AWP,WE,Federal Contract Tower,0,13,7,0,20,0,6,127,0,133,0,19,134,0,153,170,0,170,323
07/17/2014,HHR,CA,AWP,WE,Federal Contract Tower,0,17,10,0,27,0,18,145,6,169,0,35,155,6,196,116,0,116,312
07/18/2014,HHR,CA,AWP,WE,Federal Contract Tower,0,12,9,0,21,0,5,143,0,148,0,17,152,0,169,82,0,82,251
07/19/2014,HHR,CA,AWP,WE,Federal Contract Tower,0,6,9,0,15,0,2,160,0,162,0,8,169,0,177,104,0,104,281
07/20/2014,HHR,CA,AWP,WE,Federal Contract Tower,0,12,11,0,23,0,8,109,0,117,0,20,120,0,140,98,0,98,238
07/21/2014,HHR,CA,AWP,WE,Federal Contract Tower,0,12,9,0,21,0,8,153,0,161,0,20,162,0,182,52,0,52,234
07/22/2014,HHR,CA,AWP,WE,Federal Contract Tower,0,15,5,0,20,0,8,121,0,129,0,23,126,0,149,56,0,56,205
07/23/2014,HHR,CA,AWP,WE,Federal Contract Tower,0,5,1,0,6,0,4,90,6,100,0,9,91,6,106,54,0,54,160
07/24/2014,HHR,CA,AWP,WE,Federal Contract Tower,0,10,2,0,12,0,3,82,0,85,0,13,84,0,97,42,0,42,139
07/25/2014,HHR,CA,AWP,WE,Federal Contract Tower,0,13,3,0,16,0,13,160,4,177,0,26,163,4,193,146,0,146,339
07/26/2014,HHR,CA,AWP,WE,Federal Contract Tower,0,10,7,0,17,0,1,150,0,151,0,11,157,0,168,155,0,155,323
07/27/2014,HHR,CA,AWP,WE,Federal Contract Tower,0,13,5,0,18,0,15,107,0,122,0,28,112,0,140,160,0,160,300
07/28/2014,HHR,CA,AWP,WE,Federal Contract Tower,0,13,4,0,17,0,6,131,2,139,0,19,135,2,156,116,0,116,272
07/29/2014,HHR,CA,AWP,WE,Federal Contract Tower,0,12,3,0,15,0,9,158,2,169,0,21,161,2,184,112,0,112,296
07/30/2014,HHR,CA,AWP,WE,Federal Contract Tower,0,8,4,0,12,0,5,140,4,149,0,13,144,4,161,102,0,102,263
07/31/2014,HHR,CA,AWP,WE,Federal Contract Tower,0,12,4,0,16,0,6,138,2,146,0,18,142,2,162,170,0,170,332
08/01/2014,HHR,CA,AWP,WE,Federal Contract Tower,0,11,4,0,15,0,7,127,0,134,0,18,131,0,149,90,0,90,239
08/02/2014,HHR,CA,AWP,WE,Federal Contract Tower,0,3,5,0,8,0,3,126,0,129,0,6,131,0,137,74,0,74,211
08/03/2014,HHR,CA,AWP,WE,Federal Contract Tower,0,15,0,0,15,0,17,96,0,113,0,32,96,0,128,128,0,128,256
08/04/2014,HHR,CA,AWP,WE,Federal Contract Tower,0,10,3,0,13,0,4,135,0,139,0,14,138,0,152,118,0,118,270
08/05/2014,HHR,CA,AWP,WE,Federal Contract Tower,1,8,4,0,13,0,13,148,4,165,1,21,152,4,178,69,0,69,247
08/06/2014,HHR,CA,AWP,WE,Federal Contract Tower,0,10,8,0,18,0,8,114,6,128,0,18,122,6,146,130,0,130,276
08/07/2014,HHR,CA,AWP,WE,Federal Contract Tower,0,15,8,0,23,0,5,112,0,117,0,20,120,0,140,86,2,88,228
08/08/2014,HHR,CA,AWP,WE,Federal Contract Tower,0,8,10,0,18,0,6,147,2,155,0,14,157,2,173,152,0,152,325
08/09/2014,HHR,CA,AWP,WE,Federal Contract Tower,0,7,6,0,13,0,4,130,2,136,0,11,136,2,149,98,0,98,247
08/10/2014,HHR,CA,AWP,WE,Federal Contract Tower,0,8,6,0,14,0,10,136,0,146,0,18,142,0,160,204,0,204,364
08/11/2014,HHR,CA,AWP,WE,Federal Contract Tower,0,17,6,0,23,0,9,134,0,143,0,26,140,0,166,106,0,106,272
08/12/2014,HHR,CA,AWP,WE,Federal Contract Tower,0,13,4,0,17,0,16,114,0,130,0,29,118,0,147,180,0,180,327
08/13/2014,HHR,CA,AWP,WE,Federal Contract Tower,0,17,11,0,28,0,6,144,2,152,0,23,155,2,180,198,0,198,378
08/14/2014,HHR,CA,AWP,WE,Federal Contract Tower,0,16,3,0,19,0,11,123,0,134,0,27,126,0,153,106,0,106,259
08/15/2014,HHR,CA,AWP,WE,Federal Contract Tower,0,14,8,0,22,0,8,136,4,148,0,22,144,4,170,122,0,122,292
08/16/2014,HHR,CA,AWP,WE,Federal Contract Tower,0,9,1,0,10,0,5,121,0,126,0,14,122,0,136,142,0,142,278
08/17/2014,HHR,CA,AWP,WE,Federal Contract Tower,0,20,8,0,28,0,4,144,0,148,0,24,152,0,176,114,0,114,290
08/18/2014,HHR,CA,AWP,WE,Federal Contract Tower,0,15,4,0,19,0,11,127,4,142,0,26,131,4,161,58,0,58,219
08/19/2014,HHR,CA,AWP,WE,Federal Contract Tower,0,7,11,0,18,0,11,97,4,112,0,18,108,4,130,58,0,58,188
08/20/2014,HHR,CA,AWP,WE,Federal Contract Tower,0,18,7,0,25,0,10,165,2,177,0,28,172,2,202,132,0,132,334
08/21/2014,HHR,CA,AWP,WE,Federal Contract Tower,0,17,10,0,27,0,11,148,0,159,0,28,158,0,186,126,0,126,312
08/22/2014,HHR,CA,AWP,WE,Federal Contract Tower,0,17,6,0,23,0,14,151,0,165,0,31,157,0,188,138,0,138,326
08/23/2014,HHR,CA,AWP,WE,Federal Contract Tower,0,3,6,0,9,0,14,151,0,165,0,17,157,0,174,84,0,84,258
08/24/2014,HHR,CA,AWP,WE,Federal Contract Tower,0,17,8,0,25,0,5,130,6,141,0,22,138,6,166,110,0,110,276
08/25/2014,HHR,CA,AWP,WE,Federal Contract Tower,0,14,8,0,22,0,4,142,0,146,0,18,150,0,168,102,0,102,270
08/26/2014,HHR,CA,AWP,WE,Federal Contract Tower,0,11,5,0,16,0,12,153,2,167,0,23,158,2,183,34,0,34,217
08/27/2014,HHR,CA,AWP,WE,Federal Contract Tower,0,14,4,0,18,0,12,132,2,146,0,26,136,2,164,142,0,142,306
08/28/2014,HHR,CA,AWP,WE,Federal Contract Tower,0,10,2,0,12,0,11,141,3,155,0,21,143,3,167,126,0,126,293
08/29/2014,HHR,CA,AWP,WE,Federal Contract Tower,0,18,2,0,20,0,13,176,0,189,0,31,178,0,209,136,0,136,345
08/30/2014,HHR,CA,AWP,WE,Federal Contract Tower,0,1,4,0,5,0,6,144,0,150,0,7,148,0,155,176,0,176,331
08/31/2014,HHR,CA,AWP,WE,Federal Contract Tower,0,7,10,0,17,0,8,142,0,150,0,15,152,0,167,72,0,72,239
09/01/2014,HHR,CA,AWP,WE,Federal Contract Tower,0,7,11,0,18,0,8,155,2,165,0,15,166,2,183,90,0,90,273
09/02/2014,HHR,CA,AWP,WE,Federal Contract Tower,0,9,12,0,21,0,27,99,4,130,0,36,111,4,151,68,0,68,219
09/03/2014,HHR,CA,AWP,WE,Federal Contract Tower,0,9,7,0,16,0,1,128,4,133,0,10,135,4,149,48,0,48,197
09/04/2014,HHR,CA,AWP,WE,Federal Contract Tower,0,10,15,0,25,0,4,115,0,119,0,14,130,0,144,104,0,104,248
09/05/2014,HHR,CA,AWP,WE,Federal Contract Tower,0,9,4,0,13,0,5,132,2,139,0,14,136,2,152,108,0,108,260
09/06/2014,HHR,CA,AWP,WE,Federal Contract Tower,0,6,5,0,11,0,12,168,0,180,0,18,173,0,191,106,0,106,297
09/07/2014,HHR,CA,AWP,WE,Federal Contract Tower,0,12,0,0,12,0,21,113,0,134,0,33,113,0,146,134,0,134,280
09/08/2014,HHR,CA,AWP,WE,Federal Contract Tower,0,15,1,0,16,0,10,112,0,122,0,25,113,0,138,72,0,72,210
09/09/2014,HHR,CA,AWP,WE,Federal Contract Tower,0,17,0,0,17,0,15,105,2,122,0,32,105,2,139,98,0,98,237
09/10/2014,HHR,CA,AWP,WE,Federal Contract Tower,0,17,8,0,25,0,18,149,4,171,0,35,157,4,196,64,0,64,260
09/11/2014,HHR,CA,AWP,WE,Federal Contract Tower,0,13,2,0,15,0,12,161,0,173,0,25,163,0,188,138,0,138,326
09/12/2014,HHR,CA,AWP,WE,Federal Contract Tower,0,18,6,0,24,0,22,166,4,192,0,40,172,4,216,114,0,114,330
09/13/2014,HHR,CA,AWP,WE,Federal Contract Tower,0,8,7,0,15,0,10,180,0,190,0,18,187,0,205,168,0,168,373
09/14/2014,HHR,CA,AWP,WE,Federal Contract Tower,0,17,4,0,21,0,6,165,0,171,0,23,169,0,192,94,0,94,286
09/15/2014,HHR,CA,AWP,WE,Federal Contract Tower,0,17,7,0,24,0,11,173,0,184,0,28,180,0,208,112,0,112,320
09/16/2014,HHR,CA,AWP,WE,Federal Contract Tower,0,14,3,0,17,0,12,123,6,141,0,26,126,6,158,110,0,110,268
09/17/2014,HHR,CA,AWP,WE,Federal Contract Tower,0,11,6,0,17,0,6,117,2,125,0,17,123,2,142,160,0,160,302
09/18/2014,HHR,CA,AWP,WE,Federal Contract Tower,0,15,8,0,23,0,15,166,0,181,0,30,174,0,204,136,0,136,340
09/19/2014,HHR,CA,AWP,WE,Federal Contract Tower,0,21,11,0,32,0,19,131,0,150,0,40,142,0,182,120,0,120,302
09/20/2014,HHR,CA,AWP,WE,Federal Contract Tower,0,10,10,0,20,0,50,76,2,128,0,60,86,2,148,132,0,132,280
09/21/2014,HHR,CA,AWP,WE,Federal Contract Tower,0,12,8,0,20,0,13,113,0,126,0,25,121,0,146,88,0,88,234
09/22/2014,HHR,CA,AWP,WE,Federal Contract Tower,0,10,5,0,15,0,11,148,0,159,0,21,153,0,174,104,0,104,278
09/23/2014,HHR,CA,AWP,WE,Federal Contract Tower,0,10,3,0,13,0,3,149,0,152,0,13,152,0,165,154,0,154,319
09/24/2014,HHR,CA,AWP,WE,Federal Contract Tower,0,11,2,0,13,0,3,138,2,143,0,14,140,2,156,124,0,124,280
09/25/2014,HHR,CA,AWP,WE,Federal Contract Tower,0,8,6,0,14,0,1,159,0,160,0,9,165,0,174,122,0,122,296
09/26/2014,HHR,CA,AWP,WE,Federal Contract Tower,0,13,5,0,18,0,4,150,0,154,0,17,155,0,172,86,0,86,258
09/27/2014,HHR,CA,AWP,WE,Federal Contract Tower,0,3,14,0,17,0,7,120,0,127,0,10,134,0,144,106,0,106,250
09/28/2014,HHR,CA,AWP,WE,Federal Contract Tower,0,14,4,0,18,0,5,112,0,117,0,19,116,0,135,154,0,154,289
09/29/2014,HHR,CA,AWP,WE,Federal Contract Tower,0,8,3,0,11,0,7,164,4,175,0,15,167,4,186,122,0,122,308
09/30/2014,HHR,CA,AWP,WE,Federal Contract Tower,0,13,0,0,13,0,10,157,4,171,0,23,157,4,184,82,0,82,266
10/01/2014,HHR,CA,AWP,WE,Federal Contract Tower,0,10,4,0,14,0,4,117,2,123,0,14,121,2,137,110,0,110,247
10/02/2014,HHR,CA,AWP,WE,Federal Contract Tower,0,11,4,0,15,0,3,136,0,139,0,14,140,0,154,134,0,134,288
10/03/2014,HHR,CA,AWP,WE,Federal Contract Tower,0,10,7,0,17,0,10,167,4,181,0,20,174,4,198,168,0,168,366
10/04/2014,HHR,CA,AWP,WE,Federal Contract Tower,0,7,6,0,13,0,14,201,0,215,0,21,207,0,228,148,0,148,376
10/05/2014,HHR,CA,AWP,WE,Federal Contract Tower,0,13,2,0,15,0,12,163,0,175,0,25,165,0,190,118,0,118,308
10/06/2014,HHR,CA,AWP,WE,Federal Contract Tower,0,5,12,0,17,0,6,140,2,148,0,11,152,2,165,106,0,106,271
10/07/2014,HHR,CA,AWP,WE,Federal Contract Tower,0,14,6,0,20,0,16,141,2,159,0,30,147,2,179,94,0,94,273
10/08/2014,HHR,CA,AWP,WE,Federal Contract Tower,0,7,1,0,8,0,9,136,4,149,0,16,137,4,157,206,0,206,363
10/09/2014,HHR,CA,AWP,WE,Federal Contract Tower,0,5,2,0,7,0,2,95,0,97,0,7,97,0,104,126,0,126,230
10/10/2014,HHR,CA,AWP,WE,Federal Contract Tower,0,11,8,0,19,0,14,74,0,88,0,25,82,0,107,52,0,52,159
10/11/2014,HHR,CA,AWP,WE,Federal Contract Tower,0,5,26,0,31,0,9,99,0,108,0,14,125,0,139,78,0,78,217
10/12/2014,HHR,CA,AWP,WE,Federal Contract Tower,0,10,9,0,19,0,13,113,0,126,0,23,122,0,145,100,0,100,245
10/13/2014,HHR,CA,AWP,WE,Federal Contract Tower,0,8,11,0,19,0,8,96,2,106,0,16,107,2,125,52,0,52,177
10/14/2014,HHR,CA,AWP,WE,Federal Contract Tower,0,18,14,0,32,0,24,111,4,139,0,42,125,4,171,124,0,124,295
10/15/2014,HHR,CA,AWP,WE,Federal Contract Tower,0,6,2,0,8,0,8,105,4,117,0,14,107,4,125,96,0,96,221
10/16/2014,HHR,CA,AWP,WE,Federal Contract Tower,0,17,2,0,19,0,18,124,4,146,0,35,126,4,165,102,0,102,267
10/17/2014,HHR,CA,AWP,WE,Federal Contract Tower,0,12,13,0,25,0,9,98,2,109,0,21,111,2,134,134,0,134,268
10/18/2014,HHR,CA,AWP,WE,Federal Contract Tower,0,11,5,0,16,0,9,144,0,153,0,20,149,0,169,102,0,102,271
10/19/2014,HHR,CA,AWP,WE,Federal Contract Tower,0,13,3,1,17,0,4,149,0,153,0,17,152,1,170,55,0,55,225
10/20/2014,HHR,CA,AWP,WE,Federal Contract Tower,0,14,11,0,25,0,7,108,2,117,0,21,119,2,142,138,0,138,280
10/21/2014,HHR,CA,AWP,WE,Federal Contract Tower,0,13,7,0,20,0,18,101,0,119,0,31,108,0,139,124,0,124,263
10/22/2014,HHR,CA,AWP,WE,Federal Contract Tower,0,7,2,0,9,0,7,183,0,190,0,14,185,0,199,164,0,164,363
10/23/2014,HHR,CA,AWP,WE,Federal Contract Tower,0,8,10,0,18,0,9,150,0,159,0,17,160,0,177,196,0,196,373
10/24/2014,HHR,CA,AWP,WE,Federal Contract Tower,0,10,3,0,13,0,10,154,2,166,0,20,157,2,179,164,0,164,343
10/25/2014,HHR,CA,AWP,WE,Federal Contract Tower,0,8,1,0,9,0,7,125,0,132,0,15,126,0,141,112,0,112,253
10/26/2014,HHR,CA,AWP,WE,Federal Contract Tower,0,9,4,0,13,0,2,130,0,132,0,11,134,0,145,42,0,42,187
10/27/2014,HHR,CA,AWP,WE,Federal Contract Tower,0,14,5,0,19,0,9,176,0,185,0,23,181,0,204,118,0,118,322
10/28/2014,HHR,CA,AWP,WE,Federal Contract Tower,0,12,3,0,15,0,17,141,4,162,0,29,144,4,177,62,0,62,239
10/29/2014,HHR,CA,AWP,WE,Federal Contract Tower,0,12,4,0,16,0,4,163,0,167,0,16,167,0,183,68,0,68,251
10/30/2014,HHR,CA,AWP,WE,Federal Contract Tower,0,9,4,1,14,0,8,129,2,139,0,17,133,3,153,54,0,54,207
10/31/2014,HHR,CA,AWP,WE,Federal Contract Tower,0,16,16,0,32,0,9,74,0,83,0,25,90,0,115,44,0,44,159
11/01/2014,HHR,CA,AWP,WE,Federal Contract Tower,0,7,6,0,13,0,10,94,0,104,0,17,100,0,117,112,0,112,229
11/02/2014,HHR,CA,AWP,WE,Federal Contract Tower,0,10,6,0,16,0,3,109,0,112,0,13,115,0,128,36,0,36,164
11/03/2014,HHR,CA,AWP,WE,Federal Contract Tower,0,9,2,0,11,0,4,176,4,184,0,13,178,4,195,114,0,114,309
11/04/2014,HHR,CA,AWP,WE,Federal Contract Tower,0,13,3,0,16,0,4,134,0,138,0,17,137,0,154,106,0,106,260
11/05/2014,HHR,CA,AWP,WE,Federal Contract Tower,0,14,4,0,18,0,9,160,2,171,0,23,164,2,189,122,0,122,311
11/06/2014,HHR,CA,AWP,WE,Federal Contract Tower,0,12,7,0,19,0,9,147,0,156,0,21,154,0,175,162,0,162,337
11/07/2014,HHR,CA,AWP,WE,Federal Contract Tower,0,9,3,0,12,0,13,151,2,166,0,22,154,2,178,86,0,86,264
11/08/2014,HHR,CA,AWP,WE,Federal Contract Tower,0,7,2,0,9,0,12,132,0,144,0,19,134,0,153,60,0,60,213
11/09/2014,HHR,CA,AWP,WE,Federal Contract Tower,0,11,10,0,21,0,4,104,0,108,0,15,114,0,129,50,0,50,179
11/10/2014,HHR,CA,AWP,WE,Federal Contract Tower,0,9,8,0,17,0,3,116,4,123,0,12,124,4,140,62,0,62,202
11/11/2014,HHR,CA,AWP,WE,Federal Contract Tower,0,13,15,0,28,0,10,115,0,125,0,23,130,0,153,164,0,164,317
11/12/2014,HHR,CA,AWP,WE,Federal Contract Tower,0,16,3,0,19,0,9,90,0,99,0,25,93,0,118,78,0,78,196
11/13/2014,HHR,CA,AWP,WE,Federal Contract Tower,0,11,12,0,23,0,8,105,2,115,0,19,117,2,138,60,0,60,198
11/14/2014,HHR,CA,AWP,WE,Federal Contract Tower,0,20,8,1,29,0,15,133,4,152,0,35,141,5,181,72,0,72,253
11/15/2014,HHR,CA,AWP,WE,Federal Contract Tower,0,11,9,0,20,0,8,114,0,122,0,19,123,0,142,88,0,88,230
11/16/2014,HHR,CA,AWP,WE,Federal Contract Tower,0,12,13,0,25,0,4,131,0,135,0,16,144,0,160,132,0,132,292
11/17/2014,HHR,CA,AWP,WE,Federal Contract Tower,12,11,0,0,23,0,13,156,2,171,12,24,156,2,194,72,0,72,266
11/18/2014,HHR,CA,AWP,WE,Federal Contract Tower,0,8,5,0,13,0,11,128,14,153,0,19,133,14,166,92,0,92,258
11/19/2014,HHR,CA,AWP,WE,Federal Contract Tower,0,9,8,0,17,0,9,124,4,137,0,18,132,4,154,80,0,80,234
11/20/2014,HHR,CA,AWP,WE,Federal Contract Tower,0,15,8,0,23,1,10,105,0,116,1,25,113,0,139,62,0,62,201
11/21/2014,HHR,CA,AWP,WE,Federal Contract Tower,0,9,6,0,15,0,2,133,2,137,0,11,139,2,152,54,0,54,206
11/22/2014,HHR,CA,AWP,WE,Federal Contract Tower,0,6,4,0,10,0,4,134,0,138,0,10,138,0,148,104,0,104,252
11/23/2014,HHR,CA,AWP,WE,Federal Contract Tower,0,11,2,0,13,0,1,103,6,110,0,12,105,6,123,72,0,72,195
11/24/2014,HHR,CA,AWP,WE,Federal Contract Tower,2,8,6,0,16,2,7,144,2,155,4,15,150,2,171,76,0,76,247
11/25/2014,HHR,CA,AWP,WE,Federal Contract Tower,0,21,6,0,27,0,19,120,12,151,0,40,126,12,178,74,0,74,252
11/26/2014,HHR,CA,AWP,WE,Federal Contract Tower,0,9,9,0,18,0,8,168,2,178,0,17,177,2,196,170,0,170,366
11/27/2014,HHR,CA,AWP,WE,Federal Contract Tower,0,0,3,0,3,0,2,76,0,78,0,2,79,0,81,12,0,12,93
11/28/2014,HHR,CA,AWP,WE,Federal Contract Tower,0,9,8,0,17,0,6,145,0,151,0,15,153,0,168,66,0,66,234
11/29/2014,HHR,CA,AWP,WE,Federal Contract Tower,0,5,9,0,14,0,5,95,0,100,0,10,104,0,114,102,0,102,216
11/30/2014,HHR,CA,AWP,WE,Federal Contract Tower,0,9,8,0,17,0,1,79,0,80,0,10,87,0,97,62,0,62,159
12/01/2014,HHR,CA,AWP,WE,Federal Contract Tower,0,6,9,0,15,0,8,128,8,144,0,14,137,8,159,84,0,84,243
12/02/2014,HHR,CA,AWP,WE,Federal Contract Tower,0,5,5,2,12,0,4,18,0,22,0,9,23,2,34,0,0,0,34
12/03/2014,HHR,CA,AWP,WE,Federal Contract Tower,0,10,11,0,21,0,4,31,0,35,0,14,42,0,56,0,0,0,56
12/04/2014,HHR,CA,AWP,WE,Federal Contract Tower,0,12,8,0,20,0,5,112,0,117,0,17,120,0,137,118,0,118,255
12/05/2014,HHR,CA,AWP,WE,Federal Contract Tower,0,12,6,0,18,0,16,125,2,143,0,28,131,2,161,134,0,134,295
12/06/2014,HHR,CA,AWP,WE,Federal Contract Tower,0,12,9,0,21,0,52,69,2,123,0,64,78,2,144,116,0,116,260
12/07/2014,HHR,CA,AWP,WE,Federal Contract Tower,0,16,4,0,20,0,3,126,0,129,0,19,130,0,149,78,0,78,227
12/08/2014,HHR,CA,AWP,WE,Federal Contract Tower,0,10,4,0,14,0,8,155,10,173,0,18,159,10,187,108,0,108,295
12/09/2014,HHR,CA,AWP,WE,Federal Contract Tower,0,16,1,0,17,0,17,141,5,163,0,33,142,5,180,122,0,122,302
12/10/2014,HHR,CA,AWP,WE,Federal Contract Tower,0,21,9,0,30,0,18,98,0,116,0,39,107,0,146,26,0,26,172
12/11/2014,HHR,CA,AWP,WE,Federal Contract Tower,0,10,5,0,15,0,7,64,2,73,0,17,69,2,88,58,0,58,146
12/12/2014,HHR,CA,AWP,WE,Federal Contract Tower,0,11,7,4,22,0,9,37,6,52,0,20,44,10,74,24,0,24,98
12/13/2014,HHR,CA,AWP,WE,Federal Contract Tower,0,8,4,0,12,0,8,106,0,114,0,16,110,0,126,64,0,64,190
12/14/2014,HHR,CA,AWP,WE,Federal Contract Tower,0,8,5,0,13,0,3,177,0,180,0,11,182,0,193,148,0,148,341
12/15/2014,HHR,CA,AWP,WE,Federal Contract Tower,0,12,6,0,18,0,1,152,8,161,0,13,158,8,179,106,0,106,285
12/16/2014,HHR,CA,AWP,WE,Federal Contract Tower,0,21,6,0,27,0,9,67,8,84,0,30,73,8,111,16,0,16,127
12/17/2014,HHR,CA,AWP,WE,Federal Contract Tower,0,19,1,0,20,0,14,75,0,89,0,33,76,0,109,98,0,98,207
12/18/2014,HHR,CA,AWP,WE,Federal Contract Tower,0,12,8,0,20,0,7,134,0,141,0,19,142,0,161,60,0,60,221
12/19/2014,HHR,CA,AWP,WE,Federal Contract Tower,0,15,11,0,26,0,12,134,2,148,0,27,145,2,174,86,0,86,260
12/20/2014,HHR,CA,AWP,WE,Federal Contract Tower,0,6,10,0,16,0,4,115,0,119,0,10,125,0,135,98,0,98,233
12/21/2014,HHR,CA,AWP,WE,Federal Contract Tower,0,8,4,0,12,0,0,114,0,114,0,8,118,0,126,76,0,76,202
12/22/2014,HHR,CA,AWP,WE,Federal Contract Tower,0,9,5,0,14,0,11,142,4,157,0,20,147,4,171,56,0,56,227
12/23/2014,HHR,CA,AWP,WE,Federal Contract Tower,0,15,2,0,17,0,19,128,2,149,0,34,130,2,166,120,0,120,286
12/24/2014,HHR,CA,AWP,WE,Federal Contract Tower,0,10,9,0,19,0,9,127,0,136,0,19,136,0,155,32,0,32,187
12/25/2014,HHR,CA,AWP,WE,Federal Contract Tower,0,0,1,0,1,0,0,45,0,45,0,0,46,0,46,6,0,6,52
12/26/2014,HHR,CA,AWP,WE,Federal Contract Tower,0,15,2,0,17,0,18,112,0,130,0,33,114,0,147,90,0,90,237
12/27/2014,HHR,CA,AWP,WE,Federal Contract Tower,0,6,1,0,7,0,1,136,0,137,0,7,137,0,144,76,0,76,220
12/28/2014,HHR,CA,AWP,WE,Federal Contract Tower,0,13,3,0,16,0,0,114,0,114,0,13,117,0,130,102,0,102,232
12/29/2014,HHR,CA,AWP,WE,Federal Contract Tower,0,17,9,0,26,0,3,160,2,165,0,20,169,2,191,66,0,66,257
12/30/2014,HHR,CA,AWP,WE,Federal Contract Tower,0,11,7,0,18,0,4,55,0,59,0,15,62,0,77,34,0,34,111
12/31/2014,HHR,CA,AWP,WE,Federal Contract Tower,0,7,4,0,11,0,2,106,0,108,0,9,110,0,119,52,0,52,171
01/01/2015,HHR,CA,AWP,WE,Federal Contract Tower,0,0,1,0,1,0,0,101,0,101,0,0,102,0,102,18,0,18,120
01/02/2015,HHR,CA,AWP,WE,Federal Contract Tower,0,9,3,0,12,0,6,168,0,174,0,15,171,0,186,86,0,86,272
01/03/2015,HHR,CA,AWP,WE,Federal Contract Tower,0,16,4,0,20,0,6,130,0,136,0,22,134,0,156,100,0,100,256
01/04/2015,HHR,CA,AWP,WE,Federal Contract Tower,0,7,3,0,10,0,4,114,4,122,0,11,117,4,132,118,0,118,250
01/05/2015,HHR,CA,AWP,WE,Federal Contract Tower,0,11,5,0,16,0,5,124,2,131,0,16,129,2,147,48,0,48,195
01/06/2015,HHR,CA,AWP,WE,Federal Contract Tower,2,14,4,0,20,0,11,137,2,150,2,25,141,2,170,58,0,58,228
01/07/2015,HHR,CA,AWP,WE,Federal Contract Tower,0,16,6,0,22,0,12,132,2,146,0,28,138,2,168,106,0,106,274
01/08/2015,HHR,CA,AWP,WE,Federal Contract Tower,0,13,3,0,16,0,12,145,4,161,0,25,148,4,177,60,0,60,237
01/09/2015,HHR,CA,AWP,WE,Federal Contract Tower,0,23,5,1,29,0,30,125,0,155,0,53,130,1,184,86,0,86,270
01/10/2015,HHR,CA,AWP,WE,Federal Contract Tower,0,14,10,0,24,0,6,75,8,89,0,20,85,8,113,74,0,74,187
01/11/2015,HHR,CA,AWP,WE,Federal Contract Tower,0,7,8,0,15,0,1,13,4,18,0,8,21,4,33,16,0,16,49
01/12/2015,HHR,CA,AWP,WE,Federal Contract Tower,0,14,11,0,25,0,10,72,2,84,0,24,83,2,109,24,0,24,133
01/13/2015,HHR,CA,AWP,WE,Federal Contract Tower,0,17,8,0,25,0,19,126,2,147,0,36,134,2,172,166,0,166,338
01/14/2015,HHR,CA,AWP,WE,Federal Contract Tower,0,15,8,0,23,0,11,133,2,146,0,26,141,2,169,106,0,106,275
01/15/2015,HHR,CA,AWP,WE,Federal Contract Tower,0,10,7,0,17,0,16,113,4,133,0,26,120,4,150,48,4,52,202
01/16/2015,HHR,CA,AWP,WE,Federal Contract Tower,0,20,2,0,22,0,21,139,0,160,0,41,141,0,182,66,0,66,248
01/17/2015,HHR,CA,AWP,WE,Federal Contract Tower,0,11,3,0,14,0,12,188,0,200,0,23,191,0,214,110,0,110,324
01/18/2015,HHR,CA,AWP,WE,Federal Contract Tower,0,5,6,0,11,0,2,145,0,147,0,7,151,0,158,52,0,52,210
01/19/2015,HHR,CA,AWP,WE,Federal Contract Tower,0,11,3,0,14,0,15,152,2,169,0,26,155,2,183,94,0,94,277
01/20/2015,HHR,CA,AWP,WE,Federal Contract Tower,0,15,9,0,24,0,11,33,0,44,0,26,42,0,68,0,0,0,68
01/21/2015,HHR,CA,AWP,WE,Federal Contract Tower,0,13,11,0,24,0,11,118,4,133,0,24,129,4,157,76,0,76,233
01/22/2015,HHR,CA,AWP,WE,Federal Contract Tower,0,17,8,0,25,0,10,152,0,162,0,27,160,0,187,86,0,86,273
01/23/2015,HHR,CA,AWP,WE,Federal Contract Tower,0,22,12,0,34,0,19,174,4,197,0,41,186,4,231,84,0,84,315
01/24/2015,HHR,CA,AWP,WE,Federal Contract Tower,0,7,2,0,9,0,5,126,0,131,0,12,128,0,140,176,0,176,316
01/25/2015,HHR,CA,AWP,WE,Federal Contract Tower,0,11,5,0,16,0,1,174,0,175,0,12,179,0,191,146,0,146,337
01/26/2015,HHR,CA,AWP,WE,Federal Contract Tower,0,17,3,0,20,0,13,87,12,112,0,30,90,12,132,88,0,88,220
01/27/2015,HHR,CA,AWP,WE,Federal Contract Tower,0,17,8,0,25,0,12,136,10,158,0,29,144,10,183,116,0,116,299
01/28/2015,HHR,CA,AWP,WE,Federal Contract Tower,0,12,9,0,21,0,8,112,8,128,0,20,121,8,149,108,0,108,257
01/29/2015,HHR,CA,AWP,WE,Federal Contract Tower,0,18,4,0,22,0,6,138,2,146,0,24,142,2,168,92,0,92,260
01/30/2015,HHR,CA,AWP,WE,Federal Contract Tower,0,14,6,1,21,0,7,138,8,153,0,21,144,9,174,100,0,100,274
01/31/2015,HHR,CA,AWP,WE,Federal Contract Tower,0,6,9,1,16,0,0,155,6,161,0,6,164,7,177,198,0,198,375
02/01/2015,HHR,CA,AWP,WE,Federal Contract Tower,0,9,3,0,12,0,0,111,0,111,0,9,114,0,123,55,0,55,178
02/02/2015,HHR,CA,AWP,WE,Federal Contract Tower,0,16,6,0,22,0,16,183,2,201,0,32,189,2,223,62,0,62,285
02/03/2015,HHR,CA,AWP,WE,Federal Contract Tower,0,14,9,0,23,0,12,75,12,99,0,26,84,12,122,76,0,76,198
02/04/2015,HHR,CA,AWP,WE,Federal Contract Tower,0,27,13,0,40,0,13,65,0,78,0,40,78,0,118,56,0,56,174
02/05/2015,HHR,CA,AWP,WE,Federal Contract Tower,0,14,12,0,26,0,8,76,0,84,0,22,88,0,110,76,0,76,186
02/06/2015,HHR,CA,AWP,WE,Federal Contract Tower,0,15,30,0,45,0,9,76,4,89,0,24,106,4,134,12,0,12,146
02/07/2015,HHR,CA,AWP,WE,Federal Contract Tower,0,4,6,0,10,0,0,75,0,75,0,4,81,0,85,126,0,126,211
02/08/2015,HHR,CA,AWP,WE,Federal Contract Tower,0,11,6,0,17,0,0,133,0,133,0,11,139,0,150,90,0,90,240
02/09/2015,HHR,CA,AWP,WE,Federal Contract Tower,0,10,5,0,15,0,8,135,4,147,0,18,140,4,162,84,0,84,246
02/10/2015,HHR,CA,AWP,WE,Federal Contract Tower,0,13,5,0,18,0,7,128,8,143,0,20,133,8,161,110,0,110,271
02/11/2015,HHR,CA,AWP,WE,Federal Contract Tower,0,17,6,0,23,0,12,132,2,146,0,29,138,2,169,94,0,94,263
02/12/2015,HHR,CA,AWP,WE,Federal Contract Tower,0,10,5,0,15,0,15,118,0,133,0,25,123,0,148,50,0,50,198
02/13/2015,HHR,CA,AWP,WE,Federal Contract Tower,0,16,5,0,21,0,0,0,0,0,0,16,5,0,21,76,0,76,97
02/14/2015,HHR,CA,AWP,WE,Federal Contract Tower,0,5,7,0,12,0,0,156,2,158,0,5,163,2,170,72,0,72,242
02/15/2015,HHR,CA,AWP,WE,Federal Contract Tower,0,13,3,0,16,0,2,138,0,140,0,15,141,0,156,115,0,115,271
02/16/2015,HHR,CA,AWP,WE,Federal Contract Tower,0,14,13,0,27,0,7,124,0,131,0,21,137,0,158,58,0,58,216
02/17/2015,HHR,CA,AWP,WE,Federal Contract Tower,0,18,7,0,25,0,18,73,6,97,0,36,80,6,122,62,0,62,184
02/18/2015,HHR,CA,AWP,WE,Federal Contract Tower,0,12,13,0,25,0,8,120,2,130,0,20,133,2,155,56,0,56,211
02/19/2015,HHR,CA,AWP,WE,Federal Contract Tower,0,19,17,0,36,0,6,89,4,99,0,25,106,4,135,94,0,94,229
02/20/2015,HHR,CA,AWP,WE,Federal Contract Tower,0,9,19,0,28,0,5,105,0,110,0,14,124,0,138,58,0,58,196
02/21/2015,HHR,CA,AWP,WE,Federal Contract Tower,0,7,11,0,18,0,1,120,0,121,0,8,131,0,139,64,0,64,203
02/22/2015,HHR,CA,AWP,WE,Federal Contract Tower,0,18,11,0,29,0,1,38,0,39,0,19,49,0,68,52,0,52,120
02/23/2015,HHR,CA,AWP,WE,Federal Contract Tower,0,17,6,0,23,0,5,114,6,125,0,22,120,6,148,56,0,56,204
02/24/2015,HHR,CA,AWP,WE,Federal Contract Tower,0,16,5,0,21,0,13,85,4,102,0,29,90,4,123,66,0,66,189
02/25/2015,HHR,CA,AWP,WE,Federal Contract Tower,0,14,8,0,22,0,10,139,0,149,0,24,147,0,171,60,0,60,231
02/26/2015,HHR,CA,AWP,WE,Federal Contract Tower,0,21,6,0,27,0,10,123,6,139,0,31,129,6,166,136,0,136,302
02/27/2015,HHR,CA,AWP,WE,Federal Contract Tower,0,13,13,0,26,0,11,117,0,128,0,24,130,0,154,117,0,117,271
02/28/2015,HHR,CA,AWP,WE,Federal Contract Tower,0,7,9,0,16,0,3,77,0,80,0,10,86,0,96,78,0,78,174
03/01/2015,HHR,CA,AWP,WE,Federal Contract Tower,0,7,6,0,13,0,1,57,2,60,0,8,63,2,73,54,0,54,127
03/02/2015,HHR,CA,AWP,WE,Federal Contract Tower,0,16,6,0,22,0,9,72,2,83,0,25,78,2,105,8,0,8,113
03/03/2015,HHR,CA,AWP,WE,Federal Contract Tower,0,14,4,0,18,0,22,112,4,138,0,36,116,4,156,130,0,130,286
03/04/2015,HHR,CA,AWP,WE,Federal Contract Tower,0,9,7,0,16,0,2,135,0,137,0,11,142,0,153,64,0,64,217
03/05/2015,HHR,CA,AWP,WE,Federal Contract Tower,0,20,5,0,25,0,12,128,0,140,0,32,133,0,165,146,0,146,311
03/06/2015,HHR,CA,AWP,WE,Federal Contract Tower,0,18,14,0,32,0,18,176,0,194,0,36,190,0,226,106,0,106,332
03/07/2015,HHR,CA,AWP,WE,Federal Contract Tower,0,5,8,0,13,0,9,126,2,137,0,14,134,2,150,128,0,128,278
03/08/2015,HHR,CA,AWP,WE,Federal Contract Tower,0,7,10,0,17,0,0,147,0,147,0,7,157,0,164,100,0,100,264
03/09/2015,HHR,CA,AWP,WE,Federal Contract Tower,0,12,14,0,26,0,8,125,2,135,0,20,139,2,161,42,0,42,203
03/10/2015,HHR,CA,AWP,WE,Federal Contract Tower,0,20,11,0,31,0,11,63,2,76,0,31,74,2,107,60,0,60,167
03/11/2015,HHR,CA,AWP,WE,Federal Contract Tower,0,20,7,0,27,0,9,140,0,149,0,29,147,0,176,26,0,26,202
03/12/2015,HHR,CA,AWP,WE,Federal Contract Tower,0,7,4,0,11,0,10,66,4,80,0,17,70,4,91,68,0,68,159
03/13/2015,HHR,CA,AWP,WE,Federal Contract Tower,0,6,17,0,23,0,1,137,0,138,0,7,154,0,161,86,0,86,247
03/14/2015,HHR,CA,AWP,WE,Federal Contract Tower,0,7,8,0,15,0,8,166,2,176,0,15,174,2,191,124,0,124,315
03/15/2015,HHR,CA,AWP,WE,Federal Contract Tower,0,15,17,0,32,0,2,137,0,139,0,17,154,0,171,190,0,190,361
03/16/2015,HHR,CA,AWP,WE,Federal Contract Tower,0,10,15,0,25,0,11,157,4,172,0,21,172,4,197,26,0,26,223
03/17/2015,HHR,CA,AWP,WE,Federal Contract Tower,0,7,16,0,23,0,18,171,10,199,0,25,187,10,222,152,0,152,374
03/18/2015,HHR,CA,AWP,WE,Federal Contract Tower,0,12,13,0,25,0,7,114,0,121,0,19,127,0,146,106,0,106,252
03/19/2015,HHR,CA,AWP,WE,Federal Contract Tower,0,12,9,0,21,0,14,156,0,170,0,26,165,0,191,110,0,110,301
03/20/2015,HHR,CA,AWP,WE,Federal Contract Tower,0,13,14,0,27,0,14,143,0,157,0,27,157,0,184,68,0,68,252
03/21/2015,HHR,CA,AWP,WE,Federal Contract Tower,0,5,14,0,19,0,6,194,4,204,0,11,208,4,223,106,0,106,329
03/22/2015,HHR,CA,AWP,WE,Federal Contract Tower,0,13,11,0,24,0,3,148,0,151,0,16,159,0,175,100,0,100,275
03/23/2015,HHR,CA,AWP,WE,Federal Contract Tower,0,15,2,0,17,0,9,216,2,227,0,24,218,2,244,74,0,74,318
03/24/2015,HHR,CA,AWP,WE,Federal Contract Tower,0,12,8,0,20,0,16,166,14,196,0,28,174,14,216,94,0,94,310
03/25/2015,HHR,CA,AWP,WE,Federal Contract Tower,0,15,11,0,26,0,10,160,0,170,0,25,171,0,196,108,0,108,304
03/26/2015,HHR,CA,AWP,WE,Federal Contract Tower,0,12,9,0,21,0,10,203,4,217,0,22,212,4,238,110,0,110,348
03/27/2015,HHR,CA,AWP,WE,Federal Contract Tower,0,9,12,0,21,0,20,189,4,213,0,29,201,4,234,118,0,118,352
03/28/2015,HHR,CA,AWP,WE,Federal Contract Tower,0,4,9,0,13,0,5,193,2,200,0,9,202,2,213,156,0,156,369
03/29/2015,HHR,CA,AWP,WE,Federal Contract Tower,0,13,9,0,22,0,5,137,0,142,0,18,146,0,164,132,0,132,296
03/30/2015,HHR,CA,AWP,WE,Federal Contract Tower,0,18,10,0,28,0,9,138,8,155,0,27,148,8,183,36,0,36,219
03/31/2015,HHR,CA,AWP,WE,Federal Contract Tower,0,15,17,0,32,0,17,107,0,124,0,32,124,0,156,112,0,112,268
04/01/2015,HHR,CA,AWP,WE,Federal Contract Tower,0,20,13,0,33,0,18,173,0,191,0,38,186,0,224,152,0,152,376
04/02/2015,HHR,CA,AWP,WE,Federal Contract Tower,0,22,9,0,31,0,24,169,0,193,0,46,178,0,224,154,0,154,378
04/03/2015,HHR,CA,AWP,WE,Federal Contract Tower,0,21,13,0,34,0,16,215,0,231,0,37,228,0,265,56,0,56,321
04/04/2015,HHR,CA,AWP,WE,Federal Contract Tower,0,8,7,0,15,0,8,171,4,183,0,16,178,4,198,138,0,138,336
04/05/2015,HHR,CA,AWP,WE,Federal Contract Tower,0,8,8,0,16,0,5,90,0,95,0,13,98,0,111,84,0,84,195
04/06/2015,HHR,CA,AWP,WE,Federal Contract Tower,0,18,10,0,28,0,14,145,2,161,0,32,155,2,189,132,0,132,321
04/07/2015,HHR,CA,AWP,WE,Federal Contract Tower,0,23,9,0,32,0,21,98,2,121,0,44,107,2,153,52,0,52,205
04/08/2015,HHR,CA,AWP,WE,Federal Contract Tower,0,20,8,0,28,0,13,128,4,145,0,33,136,4,173,88,0,88,261
04/09/2015,HHR,CA,AWP,WE,Federal Contract Tower,0,15,8,0,23,0,23,138,2,163,0,38,146,2,186,120,0,120,306
04/10/2015,HHR,CA,AWP,WE,Federal Contract Tower,0,23,12,0,35,0,11,195,0,206,0,34,207,0,241,74,4,78,319
04/11/2015,HHR,CA,AWP,WE,Federal Contract Tower,0,10,8,0,18,0,3,197,4,204,0,13,205,4,222,192,0,192,414
04/12/2015,HHR,CA,AWP,WE,Federal Contract Tower,0,12,10,0,22,0,3,187,0,190,0,15,197,0,212,96,0,96,308
04/13/2015,HHR,CA,AWP,WE,Federal Contract Tower,0,22,12,0,34,0,8,145,4,157,0,30,157,4,191,30,0,30,221
04/14/2015,HHR,CA,AWP,WE,Federal Contract Tower,0,15,16,0,31,0,8,133,0,141,0,23,149,0,172,74,0,74,246
04/15/2015,HHR,CA,AWP,WE,Federal Contract Tower,0,13,7,0,20,0,5,187,8,200,0,18,194,8,220,106,0,106,326
04/16/2015,HHR,CA,AWP,WE,Federal Contract Tower,0,20,3,0,23,0,15,150,4,169,0,35,153,4,192,115,0,115,307
04/17/2015,HHR,CA,AWP,WE,Federal Contract Tower,0,17,8,0,25,0,25,166,4,195,0,42,174,4,220,46,0,46,266
04/18/2015,HHR,CA,AWP,WE,Federal Contract Tower,0,5,5,0,10,0,4,173,6,183,0,9,178,6,193,126,0,126,319
04/19/2015,HHR,CA,AWP,WE,Federal Contract Tower,0,14,12,0,26,0,3,154,0,157,0,17,166,0,183,66,0,66,249
04/20/2015,HHR,CA,AWP,WE,Federal Contract Tower,0,17,9,0,26,0,7,140,4,151,0,24,149,4,177,78,0,78,255
04/21/2015,HHR,CA,AWP,WE,Federal Contract Tower,0,24,9,0,33,0,24,128,8,160,0,48,137,8,193,98,0,98,291
04/22/2015,HHR,CA,AWP,WE,Federal Contract Tower,0,25,6,0,31,0,12,146,0,158,0,37,152,0,189,104,0,104,293
04/23/2015,HHR,CA,AWP,WE,Federal Contract Tower,0,21,10,0,31,0,45,122,2,169,0,66,132,2,200,122,0,122,322
04/24/2015,HHR,CA,AWP,WE,Federal Contract Tower,0,22,19,0,41,0,13,118,0,131,0,35,137,0,172,94,0,94,266
04/25/2015,HHR,CA,AWP,WE,Federal Contract Tower,0,10,3,0,13,0,2,76,0,78,0,12,79,0,91,56,0,56,147
04/26/2015,HHR,CA,AWP,WE,Federal Contract Tower,0,8,8,0,16,0,9,211,0,220,0,17,219,0,236,94,0,94,330
04/27/2015,HHR,CA,AWP,WE,Federal Contract Tower,0,18,12,0,30,0,7,200,2,209,0,25,212,2,239,88,0,88,327
04/28/2015,HHR,CA,AWP,WE,Federal Contract Tower,0,17,8,0,25,0,28,165,6,199,0,45,173,6,224,68,0,68,292
04/29/2015,HHR,CA,AWP,WE,Federal Contract Tower,0,23,4,0,27,0,19,147,0,166,0,42,151,0,193,60,0,60,253
04/30/2015,HHR,CA,AWP,WE,Federal Contract Tower,0,21,11,0,32,0,14,178,2,194,0,35,189,2,226,50,0,50,276
05/01/2015,HHR,CA,AWP,WE,Federal Contract Tower,0,17,6,0,23,0,8,160,0,168,0,25,166,0,191,16,0,16,207
05/02/2015,HHR,CA,AWP,WE,Federal Contract Tower,0,6,7,0,13,0,0,184,6,190,0,6,191,6,203,58,0,58,261
05/03/2015,HHR,CA,AWP,WE,Federal Contract Tower,0,9,9,0,18,0,7,214,0,221,0,16,223,0,239,82,0,82,321
05/04/2015,HHR,CA,AWP,WE,Federal Contract Tower,0,19,18,0,37,0,9,145,4,158,0,28,163,4,195,122,0,122,317
05/05/2015,HHR,CA,AWP,WE,Federal Contract Tower,0,12,14,0,26,0,18,108,4,130,0,30,122,4,156,64,0,64,220
05/06/2015,HHR,CA,AWP,WE,Federal Contract Tower,0,15,7,0,22,0,9,120,0,129,0,24,127,0,151,100,0,100,251
05/07/2015,HHR,CA,AWP,WE,Federal Contract Tower,0,25,12,0,37,3,13,90,2,108,3,38,102,2,145,98,0,98,243
05/08/2015,HHR,CA,AWP,WE,Federal Contract Tower,0,13,17,0,30,0,14,113,0,127,0,27,130,0,157,14,0,14,171
05/09/2015,HHR,CA,AWP,WE,Federal Contract Tower,0,9,7,0,16,0,3,159,0,162,0,12,166,0,178,124,0,124,302
05/10/2015,HHR,CA,AWP,WE,Federal Contract Tower,0,13,7,0,20,0,4,162,2,168,0,17,169,2,188,96,0,96,284
05/11/2015,HHR,CA,AWP,WE,Federal Contract Tower,0,11,12,0,23,0,10,180,2,192,0,21,192,2,215,46,0,46,261
05/12/2015,HHR,CA,AWP,WE,Federal Contract Tower,0,17,8,0,25,0,13,125,8,146,0,30,133,8,171,76,0,76,247
05/13/2015,HHR,CA,AWP,WE,Federal Contract Tower,0,10,6,0,16,0,21,100,6,127,0,31,106,6,143,54,0,54,197
05/14/2015,HHR,CA,AWP,WE,Federal Contract Tower,0,21,13,0,34,0,18,99,4,121,0,39,112,4,155,34,0,34,189
05/15/2015,HHR,CA,AWP,WE,Federal Contract Tower,0,16,11,0,27,0,13,103,2,118,0,29,114,2,145,28,0,28,173
05/16/2015,HHR,CA,AWP,WE,Federal Contract Tower,0,11,7,0,18,0,2,120,0,122,0,13,127,0,140,44,0,44,184
05/17/2015,HHR,CA,AWP,WE,Federal Contract Tower,0,11,10,0,21,0,2,144,0,146,0,13,154,0,167,96,0,96,263
05/18/2015,HHR,CA,AWP,WE,Federal Contract Tower,0,20,7,0,27,0,9,139,4,152,0,29,146,4,179,38,0,38,217
05/19/2015,HHR,CA,AWP,WE,Federal Contract Tower,0,16,14,0,30,0,18,121,10,149,0,34,135,10,179,150,0,150,329
05/20/2015,HHR,CA,AWP,WE,Federal Contract Tower,102,20,4,1,127,0,23,106,6,135,102,43,110,7,262,0,0,0,262
05/21/2015,HHR,CA,AWP,WE,Federal Contract Tower,0,19,11,0,30,0,10,158,0,168,0,29,169,0,198,160,0,160,358
05/22/2015,HHR,CA,AWP,WE,Federal Contract Tower,0,18,18,0,36,0,13,129,6,148,0,31,147,6,184,62,0,62,246
05/23/2015,HHR,CA,AWP,WE,Federal Contract Tower,0,5,15,0,20,0,2,145,0,147,0,7,160,0,167,116,0,116,283
05/24/2015,HHR,CA,AWP,WE,Federal Contract Tower,0,4,12,0,16,0,3,151,0,154,0,7,163,0,170,120,0,120,290
05/25/2015,HHR,CA,AWP,WE,Federal Contract Tower,0,14,27,0,41,0,10,108,0,118,0,24,135,0,159,112,0,112,271
05/26/2015,HHR,CA,AWP,WE,Federal Contract Tower,0,20,22,0,42,0,23,70,4,97,0,43,92,4,139,78,0,78,217
05/27/2015,HHR,CA,AWP,WE,Federal Contract Tower,0,17,10,0,27,0,14,163,2,179,0,31,173,2,206,102,0,102,308
05/28/2015,HHR,CA,AWP,WE,Federal Contract Tower,0,15,19,0,34,0,9,139,0,148,0,24,158,0,182,142,0,142,324
05/29/2015,HHR,CA,AWP,WE,Federal Contract Tower,0,17,17,0,34,0,16,120,0,136,0,33,137,0,170,88,0,88,258
05/30/2015,HHR,CA,AWP,WE,Federal Contract Tower,0,3,19,0,22,0,5,148,2,155,0,8,167,2,177,88,0,88,265
05/31/2015,HHR,CA,AWP,WE,Federal Contract Tower,0,10,16,0,26,0,12,76,0,88,0,22,92,0,114,98,0,98,212
06/01/2015,HHR,CA,AWP,WE,Federal Contract Tower,0,18,10,0,28,0,9,101,6,116,0,27,111,6,144,70,0,70,214
06/02/2015,HHR,CA,AWP,WE,Federal Contract Tower,0,20,8,1,29,0,17,154,2,173,0,37,162,3,202,148,0,148,350
06/03/2015,HHR,CA,AWP,WE,Federal Contract Tower,0,20,5,1,26,0,18,127,1,146,0,38,132,2,172,110,0,110,282
06/04/2015,HHR,CA,AWP,WE,Federal Contract Tower,0,24,16,0,40,0,13,87,0,100,0,37,103,0,140,42,0,42,182
06/05/2015,HHR,CA,AWP,WE,Federal Contract Tower,0,16,35,0,51,0,32,203,0,235,0,48,238,0,286,54,0,54,340
06/06/2015,HHR,CA,AWP,WE,Federal Contract Tower,0,7,12,0,19,0,3,147,0,150,0,10,159,0,169,114,0,114,283
06/07/2015,HHR,CA,AWP,WE,Federal Contract Tower,0,13,10,0,23,0,5,141,0,146,0,18,151,0,169,42,0,42,211
06/08/2015,HHR,CA,AWP,WE,Federal Contract Tower,0,19,22,0,41,0,12,118,0,130,0,31,140,0,171,72,0,72,243
06/09/2015,HHR,CA,AWP,WE,Federal Contract Tower,0,15,11,0,26,0,19,137,12,168,0,34,148,12,194,88,0,88,282
06/10/2015,HHR,CA,AWP,WE,Federal Contract Tower,0,22,10,0,32,0,13,67,0,80,0,35,77,0,112,82,0,82,194
06/11/2015,HHR,CA,AWP,WE,Federal Contract Tower,0,32,11,0,43,0,16,78,4,98,0,48,89,4,141,44,0,44,185
06/12/2015,HHR,CA,AWP,WE,Federal Contract Tower,0,21,21,0,42,0,11,53,0,64,0,32,74,0,106,34,0,34,140
06/13/2015,HHR,CA,AWP,WE,Federal Contract Tower,0,4,14,0,18,0,3,105,0,108,0,7,119,0,126,94,0,94,220
06/14/2015,HHR,CA,AWP,WE,Federal Contract Tower,0,18,18,0,36,0,1,101,0,102,0,19,119,0,138,72,0,72,210
06/15/2015,HHR,CA,AWP,WE,Federal Contract Tower,0,28,18,0,46,0,18,82,6,106,0,46,100,6,152,84,0,84,236
06/16/2015,HHR,CA,AWP,WE,Federal Contract Tower,0,17,12,0,29,0,13,70,6,89,0,30,82,6,118,72,0,72,190
06/17/2015,HHR,CA,AWP,WE,Federal Contract Tower,0,30,12,0,42,0,18,111,0,129,0,48,123,0,171,110,0,110,281
06/18/2015,HHR,CA,AWP,WE,Federal Contract Tower,0,19,13,0,32,0,20,42,0,62,0,39,55,0,94,18,0,18,112
06/19/2015,HHR,CA,AWP,WE,Federal Contract Tower,0,10,12,0,22,0,11,158,0,169,0,21,170,0,191,114,0,114,305
06/20/2015,HHR,CA,AWP,WE,Federal Contract Tower,0,11,4,0,15,0,10,190,0,200,0,21,194,0,215,96,0,96,311
06/21/2015,HHR,CA,AWP,WE,Federal Contract Tower,0,16,10,0,26,0,3,180,4,187,0,19,190,4,213,130,0,130,343
06/22/2015,HHR,CA,AWP,WE,Federal Contract Tower,0,20,13,0,33,0,11,193,2,206,0,31,206,2,239,92,0,92,331
06/23/2015,HHR,CA,AWP,WE,Federal Contract Tower,0,14,6,0,20,0,9,134,6,149,0,23,140,6,169,157,0,157,326
06/24/2015,HHR,CA,AWP,WE,Federal Contract Tower,0,12,6,0,18,0,11,185,4,200,0,23,191,4,218,144,0,144,362
06/25/2015,HHR,CA,AWP,WE,Federal Contract Tower,0,24,7,0,31,0,15,141,0,156,0,39,148,0,187,122,0,122,309
06/26/2015,HHR,CA,AWP,WE,Federal Contract Tower,0,17,21,0,38,0,14,124,4,142,0,31,145,4,180,86,0,86,266
06/27/2015,HHR,CA,AWP,WE,Federal Contract Tower,0,8,8,0,16,0,6,148,0,154,0,14,156,0,170,98,0,98,268
06/28/2015,HHR,CA,AWP,WE,Federal Contract Tower,0,8,9,0,17,0,11,197,0,208,0,19,206,0,225,142,0,142,367
06/29/2015,HHR,CA,AWP,WE,Federal Contract Tower,0,22,7,0,29,0,15,200,2,217,0,37,207,2,246,164,0,164,410
06/30/2015,HHR,CA,AWP,WE,Federal Contract Tower,0,17,3,0,20,0,20,169,4,193,0,37,172,4,213,116,0,116,329
07/01/2015,HHR,CA,AWP,WE,Federal Contract Tower,0,14,5,0,19,0,22,132,2,156,0,36,137,2,175,214,0,214,389
07/02/2015,HHR,CA,AWP,WE,Federal Contract Tower,0,14,1,0,15,0,11,145,0,156,0,25,146,0,171,140,0,140,311
07/03/2015,HHR,CA,AWP,WE,Federal Contract Tower,0,20,12,0,32,0,20,158,0,178,0,40,170,0,210,92,0,92,302
07/04/2015,HHR,CA,AWP,WE,Federal Contract Tower,0,4,6,0,10,0,8,93,0,101,0,12,99,0,111,64,0,64,175
07/05/2015,HHR,CA,AWP,WE,Federal Contract Tower,0,17,20,0,37,0,1,80,0,81,0,18,100,0,118,76,0,76,194
07/06/2015,HHR,CA,AWP,WE,Federal Contract Tower,0,26,22,0,48,0,10,122,0,132,0,36,144,0,180,96,0,96,276
07/07/2015,HHR,CA,AWP,WE,Federal Contract Tower,0,31,9,0,40,0,19,86,4,109,0,50,95,4,149,66,0,66,215
07/08/2015,HHR,CA,AWP,WE,Federal Contract Tower,0,21,14,0,35,0,10,119,2,131,0,31,133,2,166,58,0,58,224
07/09/2015,HHR,CA,AWP,WE,Federal Contract Tower,0,20,9,0,29,0,12,132,0,144,0,32,141,0,173,178,0,178,351
07/10/2015,HHR,CA,AWP,WE,Federal Contract Tower,0,15,11,0,26,0,18,199,6,223,0,33,210,6,249,106,0,106,355
07/11/2015,HHR,CA,AWP,WE,Federal Contract Tower,0,7,16,0,23,0,4,187,0,191,0,11,203,0,214,184,0,184,398
07/12/2015,HHR,CA,AWP,WE,Federal Contract Tower,0,11,9,0,20,0,5,200,0,205,0,16,209,0,225,162,0,162,387
07/13/2015,HHR,CA,AWP,WE,Federal Contract Tower,0,23,2,0,25,0,18,182,2,202,0,41,184,2,227,186,0,186,413
07/14/2015,HHR,CA,AWP,WE,Federal Contract Tower,0,18,6,0,24,0,28,116,2,146,0,46,122,2,170,70,0,70,240
07/15/2015,HHR,CA,AWP,WE,Federal Contract Tower,0,25,17,0,42,0,25,143,2,170,0,50,160,2,212,172,0,172,384
07/16/2015,HHR,CA,AWP,WE,Federal Contract Tower,0,19,11,0,30,0,17,157,0,174,0,36,168,0,204,188,0,188,392
07/17/2015,HHR,CA,AWP,WE,Federal Contract Tower,0,18,14,0,32,0,21,180,6,207,0,39,194,6,239,158,0,158,397
07/18/2015,HHR,CA,AWP,WE,Federal Contract Tower,0,6,9,0,15,0,7,93,4,104,0,13,102,4,119,52,0,52,171
07/19/2015,HHR,CA,AWP,WE,Federal Contract Tower,0,8,10,0,18,0,8,159,0,167,0,16,169,0,185,140,0,140,325
07/20/2015,HHR,CA,AWP,WE,Federal Contract Tower,0,19,12,0,31,0,17,121,2,140,0,36,133,2,171,104,0,104,275
07/21/2015,HHR,CA,AWP,WE,Federal Contract Tower,0,25,17,0,42,0,16,71,2,89,0,41,88,2,131,116,0,116,247
07/22/2015,HHR,CA,AWP,WE,Federal Contract Tower,0,17,11,0,28,0,27,114,0,141,0,44,125,0,169,120,0,120,289
07/23/2015,HHR,CA,AWP,WE,Federal Contract Tower,0,21,14,0,35,0,16,151,2,169,0,37,165,2,204,132,0,132,336
07/24/2015,HHR,CA,AWP,WE,Federal Contract Tower,0,18,8,0,26,0,17,177,0,194,0,35,185,0,220,60,0,60,280
07/25/2015,HHR,CA,AWP,WE,Federal Contract Tower,0,3,10,0,13,0,6,206,0,212,0,9,216,0,225,150,0,150,375
07/26/2015,HHR,CA,AWP,WE,Federal Contract Tower,0,14,11,0,25,0,6,171,0,177,0,20,182,0,202,166,0,166,368
07/27/2015,HHR,CA,AWP,WE,Federal Contract Tower,0,19,16,0,35,0,12,164,0,176,0,31,180,0,211,140,0,140,351
07/28/2015,HHR,CA,AWP,WE,Federal Contract Tower,0,28,13,0,41,0,33,144,3,180,0,61,157,3,221,142,0,142,363
07/29/2015,HHR,CA,AWP,WE,Federal Contract Tower,0,22,6,0,28,0,16,141,4,161,0,38,147,4,189,170,6,176,365
07/30/2015,HHR,CA,AWP,WE,Federal Contract Tower,0,20,9,0,29,0,28,181,0,209,0,48,190,0,238,62,0,62,300
07/31/2015,HHR,CA,AWP,WE,Federal Contract Tower,0,24,21,0,45,0,23,196,2,221,0,47,217,2,266,114,0,114,380
08/01/2015,HHR,CA,AWP,WE,Federal Contract Tower,0,10,6,0,16,0,6,163,0,169,0,16,169,0,185,142,0,142,327
08/02/2015,HHR,CA,AWP,WE,Federal Contract Tower,0,12,12,0,24,0,7,156,0,163,0,19,168,0,187,135,16,151,338
08/03/2015,HHR,CA,AWP,WE,Federal Contract Tower,0,20,3,0,23,0,29,137,0,166,0,49,140,0,189,88,0,88,277
08/04/2015,HHR,CA,AWP,WE,Federal Contract Tower,0,20,7,0,27,0,33,166,4,203,0,53,173,4,230,64,0,64,294
08/05/2015,HHR,CA,AWP,WE,Federal Contract Tower,0,19,4,0,23,0,11,152,4,167,0,30,156,4,190,132,0,132,322
08/06/2015,HHR,CA,AWP,WE,Federal Contract Tower,0,16,13,0,29,0,13,175,8,196,0,29,188,8,225,110,0,110,335
08/07/2015,HHR,CA,AWP,WE,Federal Contract Tower,0,26,15,0,41,0,19,137,0,156,0,45,152,0,197,82,0,82,279
08/08/2015,HHR,CA,AWP,WE,Federal Contract Tower,0,8,7,0,15,0,6,180,0,186,0,14,187,0,201,118,0,118,319
08/09/2015,HHR,CA,AWP,WE,Federal Contract Tower,0,18,8,0,26,0,7,181,2,190,0,25,189,2,216,154,0,154,370
08/10/2015,HHR,CA,AWP,WE,Federal Contract Tower,0,29,8,0,37,0,11,202,0,213,0,40,210,0,250,62,0,62,312
08/11/2015,HHR,CA,AWP,WE,Federal Contract Tower,0,36,16,0,52,0,33,170,6,209,0,69,186,6,261,104,0,104,365
08/12/2015,HHR,CA,AWP,WE,Federal Contract Tower,1,15,5,0,21,0,27,186,0,213,1,42,191,0,234,156,0,156,390
08/13/2015,HHR,CA,AWP,WE,Federal Contract Tower,0,19,3,0,22,0,20,156,2,178,0,39,159,2,200,98,0,98,298
08/14/2015,HHR,CA,AWP,WE,Federal Contract Tower,0,22,8,0,30,0,22,196,3,221,0,44,204,3,251,136,0,136,387
08/15/2015,HHR,CA,AWP,WE,Federal Contract Tower,0,8,2,0,10,0,10,191,12,213,0,18,193,12,223,100,0,100,323
08/16/2015,HHR,CA,AWP,WE,Federal Contract Tower,0,17,6,0,23,0,8,194,0,202,0,25,200,0,225,210,0,210,435
08/17/2015,HHR,CA,AWP,WE,Federal Contract Tower,0,21,6,0,27,0,21,157,4,182,0,42,163,4,209,46,10,56,265
08/18/2015,HHR,CA,AWP,WE,Federal Contract Tower,0,23,8,0,31,0,24,129,12,165,0,47,137,12,196,36,0,36,232
08/19/2015,HHR,CA,AWP,WE,Federal Contract Tower,0,25,6,0,31,0,27,132,0,159,0,52,138,0,190,86,0,86,276
08/20/2015,HHR,CA,AWP,WE,Federal Contract Tower,0,24,7,0,31,0,25,159,0,184,0,49,166,0,215,138,0,138,353
08/21/2015,HHR,CA,AWP,WE,Federal Contract Tower,0,32,12,0,44,2,27,108,0,137,2,59,120,0,181,88,0,88,269
08/22/2015,HHR,CA,AWP,WE,Federal Contract Tower,0,11,10,0,21,0,10,170,0,180,0,21,180,0,201,122,0,122,323
08/23/2015,HHR,CA,AWP,WE,Federal Contract Tower,0,14,14,0,28,0,30,200,2,232,0,44,214,2,260,152,0,152,412
08/24/2015,HHR,CA,AWP,WE,Federal Contract Tower,0,29,3,0,32,0,19,154,4,177,0,48,157,4,209,120,0,120,329
08/25/2015,HHR,CA,AWP,WE,Federal Contract Tower,0,30,24,0,54,0,35,134,14,183,0,65,158,14,237,68,0,68,305
08/26/2015,HHR,CA,AWP,WE,Federal Contract Tower,0,22,8,0,30,0,24,161,4,189,0,46,169,4,219,280,0,280,499
08/27/2015,HHR,CA,AWP,WE,Federal Contract Tower,0,23,8,0,31,0,20,191,0,211,0,43,199,0,242,154,0,154,396
08/28/2015,HHR,CA,AWP,WE,Federal Contract Tower,0,27,5,0,32,0,23,190,2,215,0,50,195,2,247,121,0,121,368
08/29/2015,HHR,CA,AWP,WE,Federal Contract Tower,0,8,5,0,13,0,3,177,0,180,0,11,182,0,193,52,0,52,245
08/30/2015,HHR,CA,AWP,WE,Federal Contract Tower,0,18,3,0,21,0,22,193,0,215,0,40,196,0,236,194,0,194,430
08/31/2015,HHR,CA,AWP,WE,Federal Contract Tower,0,32,14,0,46,0,21,139,0,160,0,53,153,0,206,148,0,148,354
09/01/2015,HHR,CA,AWP,WE,Federal Contract Tower,0,27,15,0,42,0,30,122,10,162,0,57,137,10,204,140,8,148,352
09/02/2015,HHR,CA,AWP,WE,Federal Contract Tower,0,32,11,0,43,0,34,99,0,133,0,66,110,0,176,96,0,96,272
09/03/2015,HHR,CA,AWP,WE,Federal Contract Tower,0,28,20,0,48,0,56,137,0,193,0,84,157,0,241,140,0,140,381
09/04/2015,HHR,CA,AWP,WE,Federal Contract Tower,0,33,13,0,46,0,39,210,6,255,0,72,223,6,301,98,4,102,403
09/05/2015,HHR,CA,AWP,WE,Federal Contract Tower,0,14,15,0,29,0,8,179,0,187,0,22,194,0,216,174,0,174,390
09/06/2015,HHR,CA,AWP,WE,Federal Contract Tower,12,11,0,1,24,0,14,163,0,177,12,25,163,1,201,148,0,148,349
09/07/2015,HHR,CA,AWP,WE,Federal Contract Tower,0,24,14,0,38,0,23,249,0,272,0,47,263,0,310,210,0,210,520
09/08/2015,HHR,CA,AWP,WE,Federal Contract Tower,0,18,5,0,23,0,20,138,0,158,0,38,143,0,181,106,0,106,287
09/09/2015,HHR,CA,AWP,WE,Federal Contract Tower,0,24,10,0,34,0,41,172,0,213,0,65,182,0,247,112,0,112,359
09/10/2015,HHR,CA,AWP,WE,Federal Contract Tower,0,15,8,0,23,0,31,141,7,179,0,46,149,7,202,132,0,132,334
09/11/2015,HHR,CA,AWP,WE,Federal Contract Tower,0,34,5,0,39,0,31,158,0,189,0,65,163,0,228,108,0,108,336
09/12/2015,HHR,CA,AWP,WE,Federal Contract Tower,0,9,6,0,15,0,11,199,0,210,0,20,205,0,225,122,0,122,347
09/13/2015,HHR,CA,AWP,WE,Federal Contract Tower,0,16,3,0,19,0,24,198,0,222,0,40,201,0,241,158,0,158,399
09/14/2015,HHR,CA,AWP,WE,Federal Contract Tower,0,31,3,0,34,0,25,119,4,148,0,56,122,4,182,80,0,80,262
09/15/2015,HHR,CA,AWP,WE,Federal Contract Tower,0,36,15,0,51,0,31,54,0,85,0,67,69,0,136,16,0,16,152
09/16/2015,HHR,CA,AWP,WE,Federal Contract Tower,0,25,9,0,34,0,22,187,2,211,0,47,196,2,245,174,0,174,419
09/17/2015,HHR,CA,AWP,WE,Federal Contract Tower,0,28,9,0,37,0,39,211,0,250,0,67,220,0,287,144,0,144,431
09/18/2015,HHR,CA,AWP,WE,Federal Contract Tower,0,28,12,0,40,0,28,203,2,233,0,56,215,2,273,76,0,76,349
09/19/2015,HHR,CA,AWP,WE,Federal Contract Tower,0,7,9,0,16,0,13,202,0,215,0,20,211,0,231,58,0,58,289
09/20/2015,HHR,CA,AWP,WE,Federal Contract Tower,0,22,9,0,31,0,13,181,0,194,0,35,190,0,225,124,0,124,349
09/21/2015,HHR,CA,AWP,WE,Federal Contract Tower,0,22,9,0,31,0,23,112,2,137,0,45,121,2,168,68,0,68,236
09/22/2015,HHR,CA,AWP,WE,Federal Contract Tower,0,22,8,0,30,0,27,125,10,162,0,49,133,10,192,94,0,94,286
09/23/2015,HHR,CA,AWP,WE,Federal Contract Tower,0,26,8,0,34,0,25,185,2,212,0,51,193,2,246,82,0,82,328
09/24/2015,HHR,CA,AWP,WE,Federal Contract Tower,0,19,7,0,26,0,41,181,0,222,0,60,188,0,248,192,0,192,440
09/25/2015,HHR,CA,AWP,WE,Federal Contract Tower,0,31,5,0,36,0,34,166,0,200,0,65,171,0,236,86,0,86,322
09/26/2015,HHR,CA,AWP,WE,Federal Contract Tower,0,8,1,0,9,0,12,195,0,207,0,20,196,0,216,76,0,76,292
09/27/2015,HHR,CA,AWP,WE,Federal Contract Tower,0,17,0,0,17,0,7,133,0,140,0,24,133,0,157,130,0,130,287
09/28/2015,HHR,CA,AWP,WE,Federal Contract Tower,0,26,4,0,30,0,24,165,2,191,0,50,169,2,221,40,0,40,261
09/29/2015,HHR,CA,AWP,WE,Federal Contract Tower,0,26,10,0,36,0,20,184,4,208,0,46,194,4,244,126,0,126,370
09/30/2015,HHR,CA,AWP,WE,Federal Contract Tower,0,20,5,0,25,0,25,129,0,154,0,45,134,0,179,202,0,202,381
10/01/2015,HHR,CA,AWP,WE,Federal Contract Tower,0,15,4,0,19,0,35,127,0,162,0,50,131,0,181,142,0,142,323
10/02/2015,HHR,CA,AWP,WE,Federal Contract Tower,0,20,3,0,23,0,39,208,0,247,0,59,211,0,270,128,0,128,398
10/03/2015,HHR,CA,AWP,WE,Federal Contract Tower,0,11,3,0,14,0,17,139,0,156,0,28,142,0,170,110,0,110,280
10/04/2015,HHR,CA,AWP,WE,Federal Contract Tower,0,17,9,0,26,0,15,130,1,146,0,32,139,1,172,130,0,130,302
10/05/2015,HHR,CA,AWP,WE,Federal Contract Tower,0,22,8,0,30,0,30,142,4,176,0,52,150,4,206,100,0,100,306
10/06/2015,HHR,CA,AWP,WE,Federal Contract Tower,0,25,13,0,38,0,37,180,12,229,0,62,193,12,267,64,0,64,331
10/07/2015,HHR,CA,AWP,WE,Federal Contract Tower,0,25,10,0,35,0,36,202,2,240,0,61,212,2,275,126,0,126,401
10/08/2015,HHR,CA,AWP,WE,Federal Contract Tower,0,25,2,0,27,0,39,150,0,189,0,64,152,0,216,212,0,212,428
10/09/2015,HHR,CA,AWP,WE,Federal Contract Tower,0,25,9,0,34,0,46,198,0,244,0,71,207,0,278,112,0,112,390
10/10/2015,HHR,CA,AWP,WE,Federal Contract Tower,0,9,3,0,12,0,13,104,0,117,0,22,107,0,129,60,0,60,189
10/11/2015,HHR,CA,AWP,WE,Federal Contract Tower,0,12,7,0,19,0,14,226,2,242,0,26,233,2,261,102,0,102,363
10/12/2015,HHR,CA,AWP,WE,Federal Contract Tower,0,26,13,0,39,0,26,208,0,234,0,52,221,0,273,64,0,64,337
10/13/2015,HHR,CA,AWP,WE,Federal Contract Tower,0,31,0,0,31,0,42,195,0,237,0,73,195,0,268,134,0,134,402
10/14/2015,HHR,CA,AWP,WE,Federal Contract Tower,0,24,6,0,30,0,33,155,0,188,0,57,161,0,218,180,0,180,398
10/15/2015,HHR,CA,AWP,WE,Federal Contract Tower,0,29,14,0,43,0,29,86,4,119,0,58,100,4,162,124,0,124,286
10/16/2015,HHR,CA,AWP,WE,Federal Contract Tower,0,37,29,0,66,0,27,97,0,124,0,64,126,0,190,60,0,60,250
10/17/2015,HHR,CA,AWP,WE,Federal Contract Tower,0,9,7,0,16,0,11,159,4,174,0,20,166,4,190,98,0,98,288
10/18/2015,HHR,CA,AWP,WE,Federal Contract Tower,0,22,10,0,32,0,21,117,4,142,0,43,127,4,174,178,0,178,352
10/19/2015,HHR,CA,AWP,WE,Federal Contract Tower,0,26,13,0,39,0,44,124,4,172,0,70,137,4,211,136,0,136,347
10/20/2015,HHR,CA,AWP,WE,Federal Contract Tower,0,26,3,0,29,0,39,158,8,205,0,65,161,8,234,158,0,158,392
10/21/2015,HHR,CA,AWP,WE,Federal Contract Tower,0,23,7,0,30,0,30,164,0,194,0,53,171,0,224,120,0,120,344
10/22/2015,HHR,CA,AWP,WE,Federal Contract Tower,0,32,10,0,42,0,45,157,0,202,0,77,167,0,244,82,0,82,326
10/23/2015,HHR,CA,AWP,WE,Federal Contract Tower,0,30,13,0,43,0,61,175,2,238,0,91,188,2,281,60,0,60,341
10/24/2015,HHR,CA,AWP,WE,Federal Contract Tower,0,8,7,0,15,0,12,221,2,235,0,20,228,2,250,146,0,146,396
10/25/2015,HHR,CA,AWP,WE,Federal Contract Tower,0,15,6,0,21,0,11,206,2,219,0,26,212,2,240,78,0,78,318
10/26/2015,HHR,CA,AWP,WE,Federal Contract Tower,0,24,7,0,31,0,28,254,4,286,0,52,261,4,317,76,0,76,393
10/27/2015,HHR,CA,AWP,WE,Federal Contract Tower,0,20,9,0,29,0,38,163,1,202,0,58,172,1,231,134,0,134,365
10/28/2015,HHR,CA,AWP,WE,Federal Contract Tower,0,24,4,0,28,0,29,182,6,217,0,53,186,6,245,100,0,100,345
10/29/2015,HHR,CA,AWP,WE,Federal Contract Tower,0,22,3,0,25,0,40,141,8,189,0,62,144,8,214,30,0,30,244
10/30/2015,HHR,CA,AWP,WE,Federal Contract Tower,0,17,1,0,18,0,29,138,2,169,0,46,139,2,187,78,0,78,265
10/31/2015,HHR,CA,AWP,WE,Federal Contract Tower,0,7,3,0,10,0,19,183,0,202,0,26,186,0,212,130,0,130,342
11/01/2015,HHR,CA,AWP,WE,Federal Contract Tower,0,7,6,0,13,0,8,155,0,163,0,15,161,0,176,134,0,134,310
11/02/2015,HHR,CA,AWP,WE,Federal Contract Tower,0,32,11,0,43,0,34,84,2,120,0,66,95,2,163,46,0,46,209
11/03/2015,HHR,CA,AWP,WE,Federal Contract Tower,0,25,7,0,32,0,45,160,0,205,0,70,167,0,237,86,0,86,323
11/04/2015,HHR,CA,AWP,WE,Federal Contract Tower,0,24,6,0,30,0,31,159,4,194,0,55,165,4,224,112,0,112,336
11/05/2015,HHR,CA,AWP,WE,Federal Contract Tower,0,20,7,0,27,0,31,188,2,221,0,51,195,2,248,86,0,86,334
11/06/2015,HHR,CA,AWP,WE,Federal Contract Tower,0,36,11,0,47,0,57,149,4,210,0,93,160,4,257,112,0,112,369
11/07/2015,HHR,CA,AWP,WE,Federal Contract Tower,0,8,13,0,21,0,18,183,0,201,0,26,196,0,222,126,0,126,348
11/08/2015,HHR,CA,AWP,WE,Federal Contract Tower,0,16,5,0,21,0,11,145,0,156,0,27,150,0,177,108,0,108,285
11/09/2015,HHR,CA,AWP,WE,Federal Contract Tower,0,27,10,0,37,0,34,116,2,152,0,61,126,2,189,56,0,56,245
11/10/2015,HHR,CA,AWP,WE,Federal Contract Tower,0,22,7,0,29,0,28,164,2,194,0,50,171,2,223,82,0,82,305
11/11/2015,HHR,CA,AWP,WE,Federal Contract Tower,0,21,9,0,30,0,37,200,2,239,0,58,209,2,269,122,0,122,391
11/12/2015,HHR,CA,AWP,WE,Federal Contract Tower,0,25,5,0,30,0,31,145,0,176,0,56,150,0,206,144,0,144,350
11/13/2015,HHR,CA,AWP,WE,Federal Contract Tower,0,31,8,0,39,0,34,180,3,217,0,65,188,3,256,53,0,53,309
11/14/2015,HHR,CA,AWP,WE,Federal Contract Tower,0,7,0,0,7,0,19,162,0,181,0,26,162,0,188,104,0,104,292
11/15/2015,HHR,CA,AWP,WE,Federal Contract Tower,0,12,13,0,25,0,10,58,0,68,0,22,71,0,93,98,0,98,191
11/16/2015,HHR,CA,AWP,WE,Federal Contract Tower,0,32,7,0,39,0,40,74,4,118,0,72,81,4,157,8,0,8,165
11/17/2015,HHR,CA,AWP,WE,Federal Contract Tower,0,24,9,0,33,0,23,140,1,164,0,47,149,1,197,84,0,84,281
11/18/2015,HHR,CA,AWP,WE,Federal Contract Tower,0,19,5,0,24,0,28,170,1,199,0,47,175,1,223,90,0,90,313
11/19/2015,HHR,CA,AWP,WE,Federal Contract Tower,0,25,8,0,33,0,26,165,0,191,0,51,173,0,224,56,0,56,280
11/20/2015,HHR,CA,AWP,WE,Federal Contract Tower,0,34,10,0,44,0,41,179,0,220,0,75,189,0,264,54,0,54,318
11/21/2015,HHR,CA,AWP,WE,Federal Contract Tower,0,9,3,0,12,0,12,183,0,195,0,21,186,0,207,122,0,122,329
11/22/2015,HHR,CA,AWP,WE,Federal Contract Tower,0,18,3,0,21,0,12,185,2,199,0,30,188,2,220,78,0,78,298
11/23/2015,HHR,CA,AWP,WE,Federal Contract Tower,0,17,8,0,25,0,28,184,4,216,0,45,192,4,241,90,0,90,331
11/24/2015,HHR,CA,AWP,WE,Federal Contract Tower,0,23,6,0,29,0,18,104,1,123,0,41,110,1,152,36,0,36,188
11/25/2015,HHR,CA,AWP,WE,Federal Contract Tower,0,19,2,0,21,0,20,157,2,179,0,39,159,2,200,64,0,64,264
11/26/2015,HHR,CA,AWP,WE,Federal Contract Tower,0,2,2,0,4,0,2,58,2,62,0,4,60,2,66,44,0,44,110
11/27/2015,HHR,CA,AWP,WE,Federal Contract Tower,0,13,12,0,25,0,16,139,2,157,0,29,151,2,182,46,0,46,228
11/28/2015,HHR,CA,AWP,WE,Federal Contract Tower,0,9,2,0,11,0,8,122,0,130,0,17,124,0,141,122,0,122,263
11/29/2015,HHR,CA,AWP,WE,Federal Contract Tower,0,19,5,0,24,0,17,150,0,167,0,36,155,0,191,146,0,146,337
11/30/2015,HHR,CA,AWP,WE,Federal Contract Tower,0,27,3,2,32,0,24,153,2,179,0,51,156,4,211,90,0,90,301
12/01/2015,HHR,CA,AWP,WE,Federal Contract Tower,0,20,5,0,25,0,21,121,1,143,0,41,126,1,168,96,0,96,264
12/02/2015,HHR,CA,AWP,WE,Federal Contract Tower,0,22,12,0,34,0,22,190,0,212,0,44,202,0,246,100,0,100,346
12/03/2015,HHR,CA,AWP,WE,Federal Contract Tower,0,18,12,0,30,0,20,120,0,140,0,38,132,0,170,100,0,100,270
12/04/2015,HHR,CA,AWP,WE,Federal Contract Tower,0,36,10,0,46,0,30,137,10,177,0,66,147,10,223,146,0,146,369
12/05/2015,HHR,CA,AWP,WE,Federal Contract Tower,0,11,8,0,19,0,17,127,0,144,0,28,135,0,163,108,0,108,271
12/06/2015,HHR,CA,AWP,WE,Federal Contract Tower,0,22,3,0,25,0,7,145,0,152,0,29,148,0,177,170,0,170,347
12/07/2015,HHR,CA,AWP,WE,Federal Contract Tower,0,20,18,0,38,1,31,141,0,173,1,51,159,0,211,76,0,76,287
12/08/2015,HHR,CA,AWP,WE,Federal Contract Tower,0,20,5,0,25,0,27,157,5,189,0,47,162,5,214,134,0,134,348
12/09/2015,HHR,CA,AWP,WE,Federal Contract Tower,0,18,7,0,25,0,25,140,5,170,0,43,147,5,195,98,0,98,293
12/10/2015,HHR,CA,AWP,WE,Federal Contract Tower,0,30,9,0,39,0,28,37,0,65,0,58,46,0,104,34,0,34,138
12/11/2015,HHR,CA,AWP,WE,Federal Contract Tower,0,39,8,0,47,0,38,85,4,127,0,77,93,4,174,4,2,6,180
12/12/2015,HHR,CA,AWP,WE,Federal Contract Tower,0,14,4,0,18,0,19,116,0,135,0,33,120,0,153,60,0,60,213
12/13/2015,HHR,CA,AWP,WE,Federal Contract Tower,0,24,4,0,28,0,25,141,0,166,0,49,145,0,194,182,0,182,376
12/14/2015,HHR,CA,AWP,WE,Federal Contract Tower,0,22,1,0,23,0,30,114,0,144,0,52,115,0,167,20,0,20,187
12/15/2015,HHR,CA,AWP,WE,Federal Contract Tower,0,19,2,0,21,0,33,159,0,192,0,52,161,0,213,34,0,34,247
12/16/2015,HHR,CA,AWP,WE,Federal Contract Tower,0,19,15,0,34,0,22,120,3,145,0,41,135,3,179,62,0,62,241
12/17/2015,HHR,CA,AWP,WE,Federal Contract Tower,0,18,6,0,24,0,25,133,2,160,0,43,139,2,184,80,0,80,264
12/18/2015,HHR,CA,AWP,WE,Federal Contract Tower,0,24,6,0,30,0,33,151,0,184,0,57,157,0,214,92,0,92,306
12/19/2015,HHR,CA,AWP,WE,Federal Contract Tower,0,10,13,0,23,0,15,97,1,113,0,25,110,1,136,102,0,102,238
12/20/2015,HHR,CA,AWP,WE,Federal Contract Tower,0,20,10,0,30,0,4,131,0,135,0,24,141,0,165,138,0,138,303
12/21/2015,HHR,CA,AWP,WE,Federal Contract Tower,0,25,8,0,33,0,17,107,0,124,0,42,115,0,157,28,0,28,185
12/22/2015,HHR,CA,AWP,WE,Federal Contract Tower,0,25,8,0,33,0,17,15,0,32,0,42,23,0,65,0,0,0,65
12/23/2015,HHR,CA,AWP,WE,Federal Contract Tower,0,15,11,0,26,0,10,167,10,187,0,25,178,10,213,120,8,128,341
12/24/2015,HHR,CA,AWP,WE,Federal Contract Tower,0,13,6,0,19,0,13,86,6,105,0,26,92,6,124,56,0,56,180
12/25/2015,HHR,CA,AWP,WE,Federal Contract Tower,0,0,0,0,0,0,0,42,0,42,0,0,42,0,42,0,0,0,42
12/26/2015,HHR,CA,AWP,WE,Federal Contract Tower,0,10,0,0,10,0,7,117,0,124,0,17,117,0,134,76,0,76,210
12/27/2015,HHR,CA,AWP,WE,Federal Contract Tower,0,16,7,0,23,0,16,162,0,178,0,32,169,0,201,100,0,100,301
12/28/2015,HHR,CA,AWP,WE,Federal Contract Tower,0,18,4,0,22,0,18,125,0,143,0,36,129,0,165,64,0,64,229
12/29/2015,HHR,CA,AWP,WE,Federal Contract Tower,0,22,5,0,27,0,28,182,2,212,0,50,187,2,239,162,0,162,401
12/30/2015,HHR,CA,AWP,WE,Federal Contract Tower,0,12,11,0,23,0,20,194,0,214,0,32,205,0,237,166,0,166,403
12/31/2015,HHR,CA,AWP,WE,Federal Contract Tower,0,14,8,0,22,0,19,99,2,120,0,33,107,2,142,122,0,122,264
01/01/2016,HHR,CA,AWP,WE,Federal Contract Tower,0,2,5,0,7,0,0,71,0,71,0,2,76,0,78,60,0,60,138
01/02/2016,HHR,CA,AWP,WE,Federal Contract Tower,0,23,10,0,33,0,10,143,4,157,0,33,153,4,190,112,0,112,302
01/03/2016,HHR,CA,AWP,WE,Federal Contract Tower,0,16,10,0,26,0,9,120,0,129,0,25,130,0,155,168,0,168,323
01/04/2016,HHR,CA,AWP,WE,Federal Contract Tower,0,15,9,0,24,0,17,111,0,128,0,32,120,0,152,80,0,80,232
01/05/2016,HHR,CA,AWP,WE,Federal Contract Tower,1,15,7,0,23,0,16,27,2,45,1,31,34,2,68,0,0,0,68
01/06/2016,HHR,CA,AWP,WE,Federal Contract Tower,0,14,1,0,15,0,6,28,4,38,0,20,29,4,53,4,0,4,57
01/07/2016,HHR,CA,AWP,WE,Federal Contract Tower,0,21,14,0,35,0,13,116,0,129,0,34,130,0,164,64,0,64,228
01/08/2016,HHR,CA,AWP,WE,Federal Contract Tower,0,33,9,0,42,0,26,142,0,168,0,59,151,0,210,126,0,126,336
01/09/2016,HHR,CA,AWP,WE,Federal Contract Tower,0,9,10,0,19,0,13,129,0,142,0,22,139,0,161,84,0,84,245
01/10/2016,HHR,CA,AWP,WE,Federal Contract Tower,0,19,21,0,40,0,6,108,0,114,0,25,129,0,154,64,0,64,218
01/11/2016,HHR,CA,AWP,WE,Federal Contract Tower,0,22,17,0,39,0,20,146,4,170,0,42,163,4,209,82,0,82,291
01/12/2016,HHR,CA,AWP,WE,Federal Contract Tower,0,24,6,0,30,0,22,145,2,169,0,46,151,2,199,126,0,126,325
01/13/2016,HHR,CA,AWP,WE,Federal Contract Tower,0,24,14,0,38,0,32,95,4,131,0,56,109,4,169,38,0,38,207
01/14/2016,HHR,CA,AWP,WE,Federal Contract Tower,0,25,13,0,38,0,15,104,0,119,0,40,117,0,157,180,0,180,337
01/15/2016,HHR,CA,AWP,WE,Federal Contract Tower,0,39,11,0,50,0,31,126,2,159,0,70,137,2,209,60,0,60,269
01/16/2016,HHR,CA,AWP,WE,Federal Contract Tower,0,14,10,0,24,0,3,84,0,87,0,17,94,0,111,116,0,116,227
01/17/2016,HHR,CA,AWP,WE,Federal Contract Tower,0,7,12,0,19,0,6,70,0,76,0,13,82,0,95,68,0,68,163
01/18/2016,HHR,CA,AWP,WE,Federal Contract Tower,0,24,18,0,42,0,3,70,0,73,0,27,88,0,115,52,0,52,167
01/19/2016,HHR,CA,AWP,WE,Federal Contract Tower,0,33,13,1,47,0,32,77,2,111,0,65,90,3,158,62,0,62,220
01/20/2016,HHR,CA,AWP,WE,Federal Contract Tower,0,25,11,0,36,0,22,103,12,137,0,47,114,12,173,50,6,56,229
01/21/2016,HHR,CA,AWP,WE,Federal Contract Tower,0,24,6,0,30,0,29,132,20,181,0,53,138,20,211,90,0,90,301
01/22/2016,HHR,CA,AWP,WE,Federal Contract Tower,0,27,9,0,36,0,29,160,6,195,0,56,169,6,231,142,0,142,373
01/23/2016,HHR,CA,AWP,WE,Federal Contract Tower,0,18,15,2,35,0,6,135,0,141,0,24,150,2,176,100,0,100,276
01/24/2016,HHR,CA,AWP,WE,Federal Contract Tower,0,23,5,0,28,0,7,143,0,150,0,30,148,0,178,132,0,132,310
01/25/2016,HHR,CA,AWP,WE,Federal Contract Tower,0,29,7,0,36,0,26,168,1,195,0,55,175,1,231,24,0,24,255
01/26/2016,HHR,CA,AWP,WE,Federal Contract Tower,0,0,0,0,0,0,0,0,0,0,0,0,0,0,0,44,4,48,48
01/27/2016,HHR,CA,AWP,WE,Federal Contract Tower,0,28,4,0,32,0,27,130,3,160,0,55,134,3,192,74,8,82,274
01/28/2016,HHR,CA,AWP,WE,Federal Contract Tower,0,27,12,0,39,0,16,195,2,213,0,43,207,2,252,46,0,46,298
01/29/2016,HHR,CA,AWP,WE,Federal Contract Tower,0,29,8,0,37,0,16,153,2,171,0,45,161,2,208,128,0,128,336
01/30/2016,HHR,CA,AWP,WE,Federal Contract Tower,0,13,12,0,25,0,0,86,0,86,0,13,98,0,111,116,0,116,227
01/31/2016,HHR,CA,AWP,WE,Federal Contract Tower,0,19,5,0,24,0,4,14,0,18,0,23,19,0,42,0,8,8,50
02/01/2016,HHR,CA,AWP,WE,Federal Contract Tower,0,24,8,0,32,0,22,91,3,116,0,46,99,3,148,22,0,22,170
02/02/2016,HHR,CA,AWP,WE,Federal Contract Tower,0,19,20,0,39,0,33,184,4,221,0,52,204,4,260,98,0,98,358
02/03/2016,HHR,CA,AWP,WE,Federal Contract Tower,0,27,7,0,34,0,24,150,6,180,0,51,157,6,214,38,0,38,252
02/04/2016,HHR,CA,AWP,WE,Federal Contract Tower,0,22,9,0,31,0,26,154,0,180,0,48,163,0,211,110,0,110,321
02/05/2016,HHR,CA,AWP,WE,Federal Contract Tower,0,30,5,0,35,0,29,184,2,215,0,59,189,2,250,92,0,92,342
02/06/2016,HHR,CA,AWP,WE,Federal Contract Tower,0,13,8,0,21,0,8,171,2,181,0,21,179,2,202,152,0,152,354
02/07/2016,HHR,CA,AWP,WE,Federal Contract Tower,0,17,2,0,19,0,9,106,0,115,0,26,108,0,134,148,0,148,282
02/08/2016,HHR,CA,AWP,WE,Federal Contract Tower,0,26,11,0,37,0,29,181,2,212,0,55,192,2,249,70,0,70,319
02/09/2016,HHR,CA,AWP,WE,Federal Contract Tower,0,18,11,1,30,0,26,178,2,206,0,44,189,3,236,162,0,162,398
02/10/2016,HHR,CA,AWP,WE,Federal Contract Tower,0,23,11,0,34,0,34,191,4,229,0,57,202,4,263,98,0,98,361
02/11/2016,HHR,CA,AWP,WE,Federal Contract Tower,0,17,6,0,23,0,14,98,0,112,0,31,104,0,135,46,0,46,181
02/12/2016,HHR,CA,AWP,WE,Federal Contract Tower,0,23,8,0,31,0,19,132,0,151,0,42,140,0,182,70,0,70,252
02/13/2016,HHR,CA,AWP,WE,Federal Contract Tower,0,8,8,0,16,0,18,167,2,187,0,26,175,2,203,146,0,146,349
02/14/2016,HHR,CA,AWP,WE,Federal Contract Tower,0,12,3,0,15,0,2,196,0,198,0,14,199,0,213,160,0,160,373
02/15/2016,HHR,CA,AWP,WE,Federal Contract Tower,0,20,19,0,39,0,27,245,0,272,0,47,264,0,311,136,0,136,447
02/16/2016,HHR,CA,AWP,WE,Federal Contract Tower,0,27,10,0,37,0,45,164,4,213,0,72,174,4,250,68,0,68,318
02/17/2016,HHR,CA,AWP,WE,Federal Contract Tower,0,23,6,0,29,0,69,174,0,243,0,92,180,0,272,32,0,32,304
02/18/2016,HHR,CA,AWP,WE,Federal Contract Tower,0,39,15,0,54,0,15,113,2,130,0,54,128,2,184,110,0,110,294
02/19/2016,HHR,CA,AWP,WE,Federal Contract Tower,0,31,12,0,43,0,30,170,2,202,0,61,182,2,245,96,0,96,341
02/20/2016,HHR,CA,AWP,WE,Federal Contract Tower,0,10,11,0,21,0,4,200,0,204,0,14,211,0,225,134,0,134,359
02/21/2016,HHR,CA,AWP,WE,Federal Contract Tower,0,18,12,0,30,0,12,167,0,179,0,30,179,0,209,104,0,104,313
02/22/2016,HHR,CA,AWP,WE,Federal Contract Tower,0,26,9,0,35,0,21,167,2,190,0,47,176,2,225,112,0,112,337
02/23/2016,HHR,CA,AWP,WE,Federal Contract Tower,0,20,5,0,25,0,28,166,2,196,0,48,171,2,221,178,0,178,399
02/24/2016,HHR,CA,AWP,WE,Federal Contract Tower,0,27,4,0,31,0,16,197,0,213,0,43,201,0,244,90,0,90,334
02/25/2016,HHR,CA,AWP,WE,Federal Contract Tower,0,31,12,0,43,0,21,153,0,174,0,52,165,0,217,134,0,134,351
02/26/2016,HHR,CA,AWP,WE,Federal Contract Tower,0,35,7,0,42,0,55,179,2,236,0,90,186,2,278,128,0,128,406
02/27/2016,HHR,CA,AWP,WE,Federal Contract Tower,0,14,5,0,19,0,6,158,0,164,0,20,163,0,183,154,0,154,337
02/28/2016,HHR,CA,AWP,WE,Federal Contract Tower,0,20,13,0,33,0,6,142,0,148,0,26,155,0,181,100,0,100,281
02/29/2016,HHR,CA,AWP,WE,Federal Contract Tower,0,21,18,0,39,0,17,81,0,98,0,38,99,0,137,82,0,82,219
03/01/2016,HHR,CA,AWP,WE,Federal Contract Tower,0,23,13,0,36,0,27,86,10,123,0,50,99,10,159,72,0,72,231
03/02/2016,HHR,CA,AWP,WE,Federal Contract Tower,0,24,11,0,35,0,23,69,8,100,0,47,80,8,135,68,0,68,203
03/03/2016,HHR,CA,AWP,WE,Federal Contract Tower,0,28,3,0,31,0,30,143,2,175,0,58,146,2,206,110,0,110,316
03/04/2016,HHR,CA,AWP,WE,Federal Contract Tower,0,39,8,0,47,0,24,93,0,117,0,63,101,0,164,128,0,128,292
03/05/2016,HHR,CA,AWP,WE,Federal Contract Tower,0,14,14,0,28,0,4,90,0,94,0,18,104,0,122,104,0,104,226
03/06/2016,HHR,CA,AWP,WE,Federal Contract Tower,0,20,6,0,26,0,19,72,0,91,0,39,78,0,117,28,0,28,145
03/07/2016,HHR,CA,AWP,WE,Federal Contract Tower,0,22,4,0,26,0,30,42,2,74,0,52,46,2,100,0,0,0,100
03/08/2016,HHR,CA,AWP,WE,Federal Contract Tower,0,17,9,0,26,0,21,191,10,222,0,38,200,10,248,204,0,204,452
03/09/2016,HHR,CA,AWP,WE,Federal Contract Tower,0,24,10,0,34,0,21,169,0,190,0,45,179,0,224,128,0,128,352
03/10/2016,HHR,CA,AWP,WE,Federal Contract Tower,0,22,10,0,32,0,23,129,2,154,0,45,139,2,186,140,0,140,326
03/11/2016,HHR,CA,AWP,WE,Federal Contract Tower,0,29,9,0,38,0,11,37,0,48,0,40,46,0,86,0,0,0,86
03/12/2016,HHR,CA,AWP,WE,Federal Contract Tower,0,7,2,0,9,0,3,215,0,218,0,10,217,0,227,160,0,160,387
03/13/2016,HHR,CA,AWP,WE,Federal Contract Tower,0,22,7,0,29,0,3,131,0,134,0,25,138,0,163,168,0,168,331
03/14/2016,HHR,CA,AWP,WE,Federal Contract Tower,0,32,7,0,39,0,21,82,4,107,0,53,89,4,146,82,0,82,228
03/15/2016,HHR,CA,AWP,WE,Federal Contract Tower,0,17,8,0,25,0,16,134,4,154,0,33,142,4,179,66,0,66,245
03/16/2016,HHR,CA,AWP,WE,Federal Contract Tower,0,26,6,0,32,0,12,206,0,218,0,38,212,0,250,124,0,124,374
03/17/2016,HHR,CA,AWP,WE,Federal Contract Tower,0,32,7,0,39,0,23,133,2,158,0,55,140,2,197,50,0,50,247
03/18/2016,HHR,CA,AWP,WE,Federal Contract Tower,0,33,8,0,41,0,20,132,4,156,0,53,140,4,197,135,0,135,332
03/19/2016,HHR,CA,AWP,WE,Federal Contract Tower,0,14,9,0,23,0,9,137,0,146,0,23,146,0,169,136,0,136,305
03/20/2016,HHR,CA,AWP,WE,Federal Contract Tower,0,26,21,0,47,0,2,72,0,74,0,28,93,0,121,92,0,92,213
03/21/2016,HHR,CA,AWP,WE,Federal Contract Tower,0,29,19,0,48,0,13,67,0,80,0,42,86,0,128,62,0,62,190
03/22/2016,HHR,CA,AWP,WE,Federal Contract Tower,0,23,5,0,28,0,35,83,5,123,0,58,88,5,151,14,0,14,165
03/23/2016,HHR,CA,AWP,WE,Federal Contract Tower,0,25,9,0,34,0,27,168,2,197,0,52,177,2,231,88,0,88,319
03/24/2016,HHR,CA,AWP,WE,Federal Contract Tower,0,21,6,0,27,0,17,154,0,171,0,38,160,0,198,148,0,148,346
03/25/2016,HHR,CA,AWP,WE,Federal Contract Tower,0,32,10,0,42,0,34,180,2,216,0,66,190,2,258,88,0,88,346
03/26/2016,HHR,CA,AWP,WE,Federal Contract Tower,0,12,3,0,15,0,8,156,0,164,0,20,159,0,179,104,0,104,283
03/27/2016,HHR,CA,AWP,WE,Federal Contract Tower,0,23,5,0,28,0,4,97,0,101,0,27,102,0,129,104,0,104,233
03/28/2016,HHR,CA,AWP,WE,Federal Contract Tower,0,33,8,0,41,0,14,53,0,67,0,47,61,0,108,26,0,26,134
03/29/2016,HHR,CA,AWP,WE,Federal Contract Tower,0,19,7,0,26,0,13,152,1,166,0,32,159,1,192,70,0,70,262
03/30/2016,HHR,CA,AWP,WE,Federal Contract Tower,0,22,13,0,35,0,20,175,0,195,0,42,188,0,230,90,0,90,320
03/31/2016,HHR,CA,AWP,WE,Federal Contract Tower,0,22,5,0,27,0,19,164,4,187,0,41,169,4,214,54,0,54,268
04/01/2016,HHR,CA,AWP,WE,Federal Contract Tower,0,32,12,0,44,0,32,202,0,234,0,64,214,0,278,124,0,124,402
04/02/2016,HHR,CA,AWP,WE,Federal Contract Tower,0,9,10,0,19,0,4,187,0,191,0,13,197,0,210,92,0,92,302
04/03/2016,HHR,CA,AWP,WE,Federal Contract Tower,0,24,10,0,34,0,6,161,0,167,0,30,171,0,201,107,0,107,308
04/04/2016,HHR,CA,AWP,WE,Federal Contract Tower,0,19,7,0,26,0,16,164,2,182,0,35,171,2,208,108,0,108,316
04/05/2016,HHR,CA,AWP,WE,Federal Contract Tower,0,16,13,0,29,0,14,133,4,151,0,30,146,4,180,124,0,124,304
04/06/2016,HHR,CA,AWP,WE,Federal Contract Tower,0,23,7,0,30,0,30,127,0,157,0,53,134,0,187,120,0,120,307
04/07/2016,HHR,CA,AWP,WE,Federal Contract Tower,0,27,12,0,39,0,17,85,0,102,0,44,97,0,141,38,0,38,179
04/08/2016,HHR,CA,AWP,WE,Federal Contract Tower,0,34,5,0,39,0,13,28,0,41,0,47,33,0,80,0,0,0,80
04/09/2016,HHR,CA,AWP,WE,Federal Contract Tower,0,3,10,0,13,0,2,51,0,53,0,5,61,0,66,64,0,64,130
04/10/2016,HHR,CA,AWP,WE,Federal Contract Tower,0,22,9,0,31,0,5,134,0,139,0,27,143,0,170,166,0,166,336
04/11/2016,HHR,CA,AWP,WE,Federal Contract Tower,0,17,18,0,35,0,38,130,2,170,0,55,148,2,205,108,0,108,313
04/12/2016,HHR,CA,AWP,WE,Federal Contract Tower,0,16,10,0,26,0,17,185,8,210,0,33,195,8,236,100,0,100,336
04/13/2016,HHR,CA,AWP,WE,Federal Contract Tower,0,29,14,0,43,0,22,123,0,145,0,51,137,0,188,80,0,80,268
04/14/2016,HHR,CA,AWP,WE,Federal Contract Tower,0,24,12,0,36,0,14,105,0,119,0,38,117,0,155,86,0,86,241
04/15/2016,HHR,CA,AWP,WE,Federal Contract Tower,0,26,4,0,30,0,25,110,2,137,0,51,114,2,167,46,0,46,213
04/16/2016,HHR,CA,AWP,WE,Federal Contract Tower,0,6,5,0,11,0,4,172,0,176,0,10,177,0,187,124,0,124,311
04/17/2016,HHR,CA,AWP,WE,Federal Contract Tower,0,18,11,0,29,0,6,159,0,165,0,24,170,0,194,227,0,227,421
04/18/2016,HHR,CA,AWP,WE,Federal Contract Tower,0,21,8,0,29,0,12,153,2,167,0,33,161,2,196,164,0,164,360
04/19/2016,HHR,CA,AWP,WE,Federal Contract Tower,0,14,11,0,25,0,16,150,8,174,0,30,161,8,199,182,0,182,381
04/20/2016,HHR,CA,AWP,WE,Federal Contract Tower,0,19,14,0,33,0,24,160,0,184,0,43,174,0,217,70,0,70,287
04/21/2016,HHR,CA,AWP,WE,Federal Contract Tower,0,25,6,0,31,0,20,143,0,163,0,45,149,0,194,159,0,159,353
04/22/2016,HHR,CA,AWP,WE,Federal Contract Tower,0,28,14,0,42,0,37,154,0,191,0,65,168,0,233,100,0,100,333
04/23/2016,HHR,CA,AWP,WE,Federal Contract Tower,0,10,9,0,19,0,17,195,0,212,0,27,204,0,231,134,0,134,365
04/24/2016,HHR,CA,AWP,WE,Federal Contract Tower,1,18,9,0,28,0,25,109,2,136,1,43,118,2,164,180,0,180,344
04/25/2016,HHR,CA,AWP,WE,Federal Contract Tower,0,28,6,0,34,0,19,89,2,110,0,47,95,2,144,45,0,45,189
04/26/2016,HHR,CA,AWP,WE,Federal Contract Tower,0,18,6,0,24,0,22,176,8,206,0,40,182,8,230,187,0,187,417
04/27/2016,HHR,CA,AWP,WE,Federal Contract Tower,0,23,5,0,28,0,28,147,4,179,0,51,152,4,207,94,0,94,301
04/28/2016,HHR,CA,AWP,WE,Federal Contract Tower,0,19,13,0,32,0,25,173,2,200,0,44,186,2,232,92,0,92,324
04/29/2016,HHR,CA,AWP,WE,Federal Contract Tower,0,21,6,0,27,0,16,145,0,161,0,37,151,0,188,110,0,110,298
04/30/2016,HHR,CA,AWP,WE,Federal Contract Tower,0,9,10,0,19,0,10,157,0,167,0,19,167,0,186,122,0,122,308
05/01/2016,HHR,CA,AWP,WE,Federal Contract Tower,0,19,14,0,33,0,14,141,0,155,0,33,155,0,188,92,0,92,280
05/02/2016,HHR,CA,AWP,WE,Federal Contract Tower,0,19,11,0,30,0,15,119,0,134,0,34,130,0,164,96,0,96,260
05/03/2016,HHR,CA,AWP,WE,Federal Contract Tower,0,24,19,2,45,0,31,146,3,180,0,55,165,5,225,94,0,94,319
05/04/2016,HHR,CA,AWP,WE,Federal Contract Tower,0,33,17,0,50,0,25,93,4,122,0,58,110,4,172,66,0,66,238
05/05/2016,HHR,CA,AWP,WE,Federal Contract Tower,0,25,21,0,46,0,19,88,2,109,0,44,109,2,155,82,0,82,237
05/06/2016,HHR,CA,AWP,WE,Federal Contract Tower,0,23,14,0,37,0,19,74,0,93,0,42,88,0,130,76,0,76,206
05/07/2016,HHR,CA,AWP,WE,Federal Contract Tower,0,10,6,0,16,0,16,141,0,157,0,26,147,0,173,88,0,88,261
05/08/2016,HHR,CA,AWP,WE,Federal Contract Tower,0,21,12,0,33,0,7,114,0,121,0,28,126,0,154,137,0,137,291
05/09/2016,HHR,CA,AWP,WE,Federal Contract Tower,0,25,21,0,46,0,19,123,0,142,0,44,144,0,188,136,0,136,324
05/10/2016,HHR,CA,AWP,WE,Federal Contract Tower,0,21,22,0,43,0,16,85,16,117,0,37,107,16,160,126,0,126,286
05/11/2016,HHR,CA,AWP,WE,Federal Contract Tower,0,31,19,0,50,0,18,99,0,117,0,49,118,0,167,106,0,106,273
05/12/2016,HHR,CA,AWP,WE,Federal Contract Tower,0,22,7,0,29,0,22,110,0,132,0,44,117,0,161,104,0,104,265
05/13/2016,HHR,CA,AWP,WE,Federal Contract Tower,0,35,20,0,55,0,22,133,0,155,0,57,153,0,210,70,0,70,280
05/14/2016,HHR,CA,AWP,WE,Federal Contract Tower,0,12,18,0,30,0,10,130,0,140,0,22,148,0,170,184,0,184,354
05/15/2016,HHR,CA,AWP,WE,Federal Contract Tower,0,16,16,0,32,0,7,129,0,136,0,23,145,0,168,147,0,147,315
05/16/2016,HHR,CA,AWP,WE,Federal Contract Tower,0,31,18,0,49,0,27,120,0,147,0,58,138,0,196,114,0,114,310
05/17/2016,HHR,CA,AWP,WE,Federal Contract Tower,0,36,24,0,60,0,41,124,4,169,0,77,148,4,229,162,0,162,391
05/18/2016,HHR,CA,AWP,WE,Federal Contract Tower,0,26,21,0,47,0,1,97,2,100,0,27,118,2,147,12,0,12,159
05/19/2016,HHR,CA,AWP,WE,Federal Contract Tower,0,25,30,0,55,0,6,111,0,117,0,31,141,0,172,96,0,96,268
05/20/2016,HHR,CA,AWP,WE,Federal Contract Tower,0,22,18,0,40,0,24,142,4,170,0,46,160,4,210,85,0,85,295
05/21/2016,HHR,CA,AWP,WE,Federal Contract Tower,0,10,10,0,20,0,5,143,0,148,0,15,153,0,168,137,0,137,305
05/22/2016,HHR,CA,AWP,WE,Federal Contract Tower,0,13,7,0,20,0,8,145,0,153,0,21,152,0,173,199,0,199,372
05/23/2016,HHR,CA,AWP,WE,Federal Contract Tower,0,12,22,0,34,0,18,124,0,142,0,30,146,0,176,60,0,60,236
05/24/2016,HHR,CA,AWP,WE,Federal Contract Tower,0,19,19,0,38,0,19,118,4,141,0,38,137,4,179,113,0,113,292
05/25/2016,HHR,CA,AWP,WE,Federal Contract Tower,0,17,4,0,21,0,17,119,0,136,0,34,123,0,157,110,0,110,267
05/26/2016,HHR,CA,AWP,WE,Federal Contract Tower,0,19,2,0,21,0,18,131,0,149,0,37,133,0,170,115,0,115,285
05/27/2016,HHR,CA,AWP,WE,Federal Contract Tower,0,28,20,0,48,0,22,104,0,126,0,50,124,0,174,149,0,149,323
05/28/2016,HHR,CA,AWP,WE,Federal Contract Tower,0,7,15,0,22,0,2,123,0,125,0,9,138,0,147,100,0,100,247
05/29/2016,HHR,CA,AWP,WE,Federal Contract Tower,0,9,2,0,11,0,2,92,0,94,0,11,94,0,105,94,0,94,199
05/30/2016,HHR,CA,AWP,WE,Federal Contract Tower,0,26,19,0,45,0,10,103,0,113,0,36,122,0,158,101,0,101,259
05/31/2016,HHR,CA,AWP,WE,Federal Contract Tower,0,24,21,0,45,0,16,79,0,95,0,40,100,0,140,76,0,76,216
06/01/2016,HHR,CA,AWP,WE,Federal Contract Tower,0,25,15,0,40,0,19,92,2,113,0,44,107,2,153,104,0,104,257
06/02/2016,HHR,CA,AWP,WE,Federal Contract Tower,0,28,14,0,42,0,15,110,0,125,0,43,124,0,167,84,0,84,251
06/03/2016,HHR,CA,AWP,WE,Federal Contract Tower,0,25,16,0,41,0,16,93,0,109,0,41,109,0,150,20,0,20,170
06/04/2016,HHR,CA,AWP,WE,Federal Contract Tower,0,8,16,0,24,0,8,63,0,71,0,16,79,0,95,132,0,132,227
06/05/2016,HHR,CA,AWP,WE,Federal Contract Tower,0,23,26,0,49,0,4,79,0,83,0,27,105,0,132,24,0,24,156
06/06/2016,HHR,CA,AWP,WE,Federal Contract Tower,0,28,19,0,47,0,17,67,0,84,0,45,86,0,131,55,0,55,186
06/07/2016,HHR,CA,AWP,WE,Federal Contract Tower,0,27,15,0,42,0,19,85,0,104,0,46,100,0,146,106,0,106,252
06/08/2016,HHR,CA,AWP,WE,Federal Contract Tower,0,34,22,0,56,0,18,102,0,120,0,52,124,0,176,144,0,144,320
06/09/2016,HHR,CA,AWP,WE,Federal Contract Tower,0,27,24,0,51,0,18,58,0,76,0,45,82,0,127,158,0,158,285
06/10/2016,HHR,CA,AWP,WE,Federal Contract Tower,0,28,9,0,37,0,25,84,0,109,0,53,93,0,146,117,0,117,263
06/11/2016,HHR,CA,AWP,WE,Federal Contract Tower,0,12,33,0,45,0,3,72,0,75,0,15,105,0,120,96,0,96,216
06/12/2016,HHR,CA,AWP,WE,Federal Contract Tower,0,18,15,0,33,0,15,76,0,91,0,33,91,0,124,244,0,244,368
06/13/2016,HHR,CA,AWP,WE,Federal Contract Tower,0,31,20,0,51,0,7,71,0,78,0,38,91,0,129,70,0,70,199
06/14/2016,HHR,CA,AWP,WE,Federal Contract Tower,0,26,20,0,46,0,10,66,0,76,0,36,86,0,122,96,0,96,218
06/15/2016,HHR,CA,AWP,WE,Federal Contract Tower,0,24,12,0,36,0,25,115,0,140,0,49,127,0,176,106,0,106,282
06/16/2016,HHR,CA,AWP,WE,Federal Contract Tower,0,20,8,0,28,0,37,120,0,157,0,57,128,0,185,103,0,103,288
06/17/2016,HHR,CA,AWP,WE,Federal Contract Tower,0,31,12,0,43,0,29,138,0,167,0,60,150,0,210,155,0,155,365
06/18/2016,HHR,CA,AWP,WE,Federal Contract Tower,0,1,9,0,10,0,4,106,0,110,0,5,115,0,120,114,0,114,234
06/19/2016,HHR,CA,AWP,WE,Federal Contract Tower,0,13,8,0,21,0,17,116,0,133,0,30,124,0,154,127,0,127,281
06/20/2016,HHR,CA,AWP,WE,Federal Contract Tower,0,23,14,0,37,0,16,67,0,83,0,39,81,0,120,59,0,59,179
06/21/2016,HHR,CA,AWP,WE,Federal Contract Tower,0,12,13,0,25,0,17,82,0,99,0,29,95,0,124,65,0,65,189
06/22/2016,HHR,CA,AWP,WE,Federal Contract Tower,0,31,8,0,39,0,26,102,0,128,0,57,110,0,167,102,0,102,269
06/23/2016,HHR,CA,AWP,WE,Federal Contract Tower,0,26,3,0,29,0,20,83,0,103,0,46,86,0,132,90,0,90,222
06/24/2016,HHR,CA,AWP,WE,Federal Contract Tower,0,26,21,0,47,0,22,107,0,129,0,48,128,0,176,175,0,175,351
06/25/2016,HHR,CA,AWP,WE,Federal Contract Tower,0,8,13,0,21,0,19,88,0,107,0,27,101,0,128,118,0,118,246
06/26/2016,HHR,CA,AWP,WE,Federal Contract Tower,0,22,8,0,30,0,9,116,0,125,0,31,124,0,155,84,0,84,239
06/27/2016,HHR,CA,AWP,WE,Federal Contract Tower,0,27,15,0,42,0,11,66,14,91,0,38,81,14,133,67,0,67,200
06/28/2016,HHR,CA,AWP,WE,Federal Contract Tower,0,23,15,0,38,0,15,86,0,101,0,38,101,0,139,75,0,75,214
06/29/2016,HHR,CA,AWP,WE,Federal Contract Tower,0,24,12,1,37,0,26,79,1,106,0,50,91,2,143,80,0,80,223
06/30/2016,HHR,CA,AWP,WE,Federal Contract Tower,0,17,17,0,34,0,19,151,0,170,0,36,168,0,204,138,0,138,342
07/01/2016,HHR,CA,AWP,WE,Federal Contract Tower,0,33,11,0,44,0,22,135,4,161,0,55,146,4,205,104,0,104,309
07/02/2016,HHR,CA,AWP,WE,Federal Contract Tower,0,14,11,0,25,0,19,113,0,132,0,33,124,0,157,134,0,134,291
07/03/2016,HHR,CA,AWP,WE,Federal Contract Tower,0,15,10,0,25,0,5,89,0,94,0,20,99,0,119,120,0,120,239
07/04/2016,HHR,CA,AWP,WE,Federal Contract Tower,0,15,10,0,25,0,8,56,0,64,0,23,66,0,89,79,0,79,168
07/05/2016,HHR,CA,AWP,WE,Federal Contract Tower,0,39,18,0,57,0,18,79,0,97,0,57,97,0,154,48,0,48,202
07/06/2016,HHR,CA,AWP,WE,Federal Contract Tower,0,27,13,0,40,0,24,82,0,106,0,51,95,0,146,70,0,70,216
07/07/2016,HHR,CA,AWP,WE,Federal Contract Tower,0,26,9,0,35,0,36,85,0,121,0,62,94,0,156,20,0,20,176
07/08/2016,HHR,CA,AWP,WE,Federal Contract Tower,0,33,16,0,49,0,28,148,0,176,0,61,164,0,225,86,0,86,311
07/09/2016,HHR,CA,AWP,WE,Federal Contract Tower,0,13,10,0,23,0,12,130,0,142,0,25,140,0,165,56,0,56,221
07/10/2016,HHR,CA,AWP,WE,Federal Contract Tower,0,15,9,0,24,0,14,86,0,100,0,29,95,0,124,139,0,139,263
07/11/2016,HHR,CA,AWP,WE,Federal Contract Tower,0,35,8,0,43,0,16,93,0,109,0,51,101,0,152,99,0,99,251
07/12/2016,HHR,CA,AWP,WE,Federal Contract Tower,0,20,18,0,38,0,13,61,0,74,0,33,79,0,112,121,0,121,233
07/13/2016,HHR,CA,AWP,WE,Federal Contract Tower,0,26,14,0,40,0,32,103,0,135,0,58,117,0,175,56,0,56,231
07/14/2016,HHR,CA,AWP,WE,Federal Contract Tower,0,23,6,0,29,0,11,79,0,90,0,34,85,0,119,34,0,34,153
07/15/2016,HHR,CA,AWP,WE,Federal Contract Tower,0,29,11,0,40,0,27,75,0,102,0,56,86,0,142,100,0,100,242
07/16/2016,HHR,CA,AWP,WE,Federal Contract Tower,0,7,12,0,19,0,10,123,0,133,0,17,135,0,152,114,0,114,266
07/17/2016,HHR,CA,AWP,WE,Federal Contract Tower,0,16,7,0,23,0,16,111,0,127,0,32,118,0,150,114,0,114,264
07/18/2016,HHR,CA,AWP,WE,Federal Contract Tower,0,20,8,0,28,0,24,109,0,133,0,44,117,0,161,82,0,82,243
07/19/2016,HHR,CA,AWP,WE,Federal Contract Tower,0,20,11,0,31,0,21,110,0,131,0,41,121,0,162,75,0,75,237
07/20/2016,HHR,CA,AWP,WE,Federal Contract Tower,0,21,5,0,26,0,22,120,0,142,0,43,125,0,168,74,0,74,242
07/21/2016,HHR,CA,AWP,WE,Federal Contract Tower,0,19,9,0,28,0,28,137,0,165,0,47,146,0,193,90,0,90,283
07/22/2016,HHR,CA,AWP,WE,Federal Contract Tower,0,27,7,0,34,0,36,111,0,147,0,63,118,0,181,82,0,82,263
07/23/2016,HHR,CA,AWP,WE,Federal Contract Tower,0,8,14,0,22,0,10,135,0,145,0,18,149,0,167,118,0,118,285
07/24/2016,HHR,CA,AWP,WE,Federal Contract Tower,0,18,10,0,28,0,15,115,0,130,0,33,125,0,158,126,0,126,284
07/25/2016,HHR,CA,AWP,WE,Federal Contract Tower,0,23,13,0,36,0,18,71,0,89,0,41,84,0,125,64,0,64,189
07/26/2016,HHR,CA,AWP,WE,Federal Contract Tower,0,20,10,0,30,0,16,63,0,79,0,36,73,0,109,92,0,92,201
07/27/2016,HHR,CA,AWP,WE,Federal Contract Tower,0,22,7,0,29,0,30,106,0,136,0,52,113,0,165,108,0,108,273
07/28/2016,HHR,CA,AWP,WE,Federal Contract Tower,0,21,0,0,21,0,20,133,0,153,0,41,133,0,174,130,0,130,304
07/29/2016,HHR,CA,AWP,WE,Federal Contract Tower,0,27,7,0,34,0,27,129,0,156,0,54,136,0,190,110,0,110,300
07/30/2016,HHR,CA,AWP,WE,Federal Contract Tower,0,5,4,0,9,0,18,129,0,147,0,23,133,0,156,109,0,109,265
07/31/2016,HHR,CA,AWP,WE,Federal Contract Tower,0,14,8,0,22,0,19,113,0,132,0,33,121,0,154,79,0,79,233
08/01/2016,HHR,CA,AWP,WE,Federal Contract Tower,0,36,15,0,51,0,11,113,0,124,0,47,128,0,175,65,0,65,240
08/02/2016,HHR,CA,AWP,WE,Federal Contract Tower,0,21,6,0,27,0,14,111,2,127,0,35,117,2,154,114,0,114,268
08/03/2016,HHR,CA,AWP,WE,Federal Contract Tower,0,24,15,0,39,0,20,131,0,151,0,44,146,0,190,76,0,76,266
08/04/2016,HHR,CA,AWP,WE,Federal Contract Tower,0,25,8,0,33,0,12,96,0,108,0,37,104,0,141,151,0,151,292
08/05/2016,HHR,CA,AWP,WE,Federal Contract Tower,0,24,11,0,35,0,23,126,0,149,0,47,137,0,184,106,0,106,290
08/06/2016,HHR,CA,AWP,WE,Federal Contract Tower,0,8,7,2,17,0,6,104,0,110,0,14,111,2,127,131,0,131,258
08/07/2016,HHR,CA,AWP,WE,Federal Contract Tower,0,18,17,0,35,0,6,75,0,81,0,24,92,0,116,239,0,239,355
08/08/2016,HHR,CA,AWP,WE,Federal Contract Tower,0,31,25,0,56,0,5,62,22,89,0,36,87,22,145,168,0,168,313
08/09/2016,HHR,CA,AWP,WE,Federal Contract Tower,0,22,16,0,38,0,17,90,0,107,0,39,106,0,145,82,0,82,227
08/10/2016,HHR,CA,AWP,WE,Federal Contract Tower,0,24,17,0,41,0,18,104,0,122,0,42,121,0,163,110,0,110,273
08/11/2016,HHR,CA,AWP,WE,Federal Contract Tower,0,25,15,0,40,0,31,143,0,174,0,56,158,0,214,78,0,78,292
08/12/2016,HHR,CA,AWP,WE,Federal Contract Tower,0,27,18,0,45,0,19,126,0,145,0,46,144,0,190,143,0,143,333
08/13/2016,HHR,CA,AWP,WE,Federal Contract Tower,0,8,13,0,21,0,18,140,0,158,0,26,153,0,179,205,0,205,384
08/14/2016,HHR,CA,AWP,WE,Federal Contract Tower,0,17,8,0,25,0,11,116,0,127,0,28,124,0,152,80,0,80,232
08/15/2016,HHR,CA,AWP,WE,Federal Contract Tower,0,22,8,0,30,0,17,96,2,115,0,39,104,2,145,140,0,140,285
08/16/2016,HHR,CA,AWP,WE,Federal Contract Tower,0,22,28,0,50,0,23,104,0,127,0,45,132,0,177,126,0,126,303
08/17/2016,HHR,CA,AWP,WE,Federal Contract Tower,0,23,9,0,32,0,27,106,0,133,0,50,115,0,165,178,0,178,343
08/18/2016,HHR,CA,AWP,WE,Federal Contract Tower,0,23,14,0,37,0,21,116,0,137,0,44,130,0,174,116,0,116,290
08/19/2016,HHR,CA,AWP,WE,Federal Contract Tower,0,26,7,0,33,0,21,88,0,109,0,47,95,0,142,90,0,90,232
08/20/2016,HHR,CA,AWP,WE,Federal Contract Tower,0,8,7,0,15,0,5,88,0,93,0,13,95,0,108,107,0,107,215
08/21/2016,HHR,CA,AWP,WE,Federal Contract Tower,0,15,9,0,24,0,26,88,0,114,0,41,97,0,138,94,0,94,232
08/22/2016,HHR,CA,AWP,WE,Federal Contract Tower,0,30,5,0,35,0,17,68,0,85,0,47,73,0,120,44,0,44,164
08/23/2016,HHR,CA,AWP,WE,Federal Contract Tower,0,20,12,0,32,0,25,100,0,125,0,45,112,0,157,94,0,94,251
08/24/2016,HHR,CA,AWP,WE,Federal Contract Tower,0,19,5,0,24,0,19,99,0,118,0,38,104,0,142,93,0,93,235
08/25/2016,HHR,CA,AWP,WE,Federal Contract Tower,0,22,6,0,28,0,23,82,0,105,0,45,88,0,133,120,0,120,253
08/26/2016,HHR,CA,AWP,WE,Federal Contract Tower,0,34,18,0,52,0,36,114,0,150,0,70,132,0,202,89,0,89,291
08/27/2016,HHR,CA,AWP,WE,Federal Contract Tower,0,9,13,0,22,0,12,120,0,132,0,21,133,0,154,38,0,38,192
08/28/2016,HHR,CA,AWP,WE,Federal Contract Tower,0,28,7,0,35,0,9,93,0,102,0,37,100,0,137,135,0,135,272
08/29/2016,HHR,CA,AWP,WE,Federal Contract Tower,0,28,6,0,34,0,18,92,0,110,0,46,98,0,144,111,0,111,255
08/30/2016,HHR,CA,AWP,WE,Federal Contract Tower,0,23,21,0,44,0,29,58,0,87,0,52,79,0,131,88,2,90,221
08/31/2016,HHR,CA,AWP,WE,Federal Contract Tower,0,23,17,0,40,0,25,110,0,135,0,48,127,0,175,62,0,62,237
09/01/2016,HHR,CA,AWP,WE,Federal Contract Tower,0,17,9,0,26,0,24,96,0,120,0,41,105,0,146,212,0,212,358
09/02/2016,HHR,CA,AWP,WE,Federal Contract Tower,0,32,9,0,41,0,25,85,0,110,0,57,94,0,151,74,0,74,225
09/03/2016,HHR,CA,AWP,WE,Federal Contract Tower,0,9,7,0,16,0,32,172,0,204,0,41,179,0,220,69,0,69,289
09/04/2016,HHR,CA,AWP,WE,Federal Contract Tower,0,6,8,0,14,0,4,83,0,87,0,10,91,0,101,97,0,97,198
09/05/2016,HHR,CA,AWP,WE,Federal Contract Tower,0,16,12,0,28,0,14,113,0,127,0,30,125,0,155,103,0,103,258
09/06/2016,HHR,CA,AWP,WE,Federal Contract Tower,0,22,11,0,33,0,8,81,0,89,0,30,92,0,122,94,0,94,216
09/07/2016,HHR,CA,AWP,WE,Federal Contract Tower,0,26,10,0,36,0,21,91,0,112,0,47,101,0,148,57,0,57,205
09/08/2016,HHR,CA,AWP,WE,Federal Contract Tower,0,26,7,0,33,0,29,91,0,120,0,55,98,0,153,72,0,72,225
09/09/2016,HHR,CA,AWP,WE,Federal Contract Tower,0,37,21,0,58,0,30,129,0,159,0,67,150,0,217,124,0,124,341
09/10/2016,HHR,CA,AWP,WE,Federal Contract Tower,0,6,9,0,15,0,8,89,0,97,0,14,98,0,112,158,0,158,270
09/11/2016,HHR,CA,AWP,WE,Federal Contract Tower,0,22,10,0,32,0,8,99,0,107,0,30,109,0,139,116,0,116,255
09/12/2016,HHR,CA,AWP,WE,Federal Contract Tower,0,35,21,0,56,0,15,71,0,86,0,50,92,0,142,44,0,44,186
09/13/2016,HHR,CA,AWP,WE,Federal Contract Tower,0,25,10,0,35,0,17,58,0,75,0,42,68,0,110,54,0,54,164
09/14/2016,HHR,CA,AWP,WE,Federal Contract Tower,0,23,11,0,34,0,11,116,0,127,0,34,127,0,161,72,0,72,233
09/15/2016,HHR,CA,AWP,WE,Federal Contract Tower,0,19,11,0,30,0,20,64,0,84,0,39,75,0,114,91,0,91,205
09/16/2016,HHR,CA,AWP,WE,Federal Contract Tower,0,30,7,0,37,0,29,144,0,173,0,59,151,0,210,146,0,146,356
09/17/2016,HHR,CA,AWP,WE,Federal Contract Tower,0,6,5,0,11,0,12,127,0,139,0,18,132,0,150,192,0,192,342
09/18/2016,HHR,CA,AWP,WE,Federal Contract Tower,0,20,10,0,30,0,13,102,0,115,0,33,112,0,145,61,0,61,206
09/19/2016,HHR,CA,AWP,WE,Federal Contract Tower,0,19,9,0,28,0,13,72,0,85,0,32,81,0,113,104,0,104,217
09/20/2016,HHR,CA,AWP,WE,Federal Contract Tower,0,10,15,0,25,0,12,75,6,93,0,22,90,6,118,38,0,38,156
09/21/2016,HHR,CA,AWP,WE,Federal Contract Tower,0,16,6,0,22,0,17,99,0,116,0,33,105,0,138,126,0,126,264
09/22/2016,HHR,CA,AWP,WE,Federal Contract Tower,0,17,14,0,31,0,12,89,0,101,0,29,103,0,132,154,0,154,286
09/23/2016,HHR,CA,AWP,WE,Federal Contract Tower,0,24,7,0,31,0,22,85,0,107,0,46,92,0,138,75,0,75,213
09/24/2016,HHR,CA,AWP,WE,Federal Contract Tower,0,5,4,0,9,0,7,129,0,136,0,12,133,0,145,175,0,175,320
09/25/2016,HHR,CA,AWP,WE,Federal Contract Tower,0,18,6,0,24,0,8,83,0,91,0,26,89,0,115,92,0,92,207
09/26/2016,HHR,CA,AWP,WE,Federal Contract Tower,0,15,5,0,20,0,18,96,0,114,0,33,101,0,134,92,0,92,226
09/27/2016,HHR,CA,AWP,WE,Federal Contract Tower,0,13,10,0,23,0,20,91,0,111,0,33,101,0,134,59,0,59,193
09/28/2016,HHR,CA,AWP,WE,Federal Contract Tower,0,13,11,0,24,0,13,126,0,139,0,26,137,0,163,88,0,88,251
09/29/2016,HHR,CA,AWP,WE,Federal Contract Tower,0,22,4,0,26,0,25,104,0,129,0,47,108,0,155,58,0,58,213
09/30/2016,HHR,CA,AWP,WE,Federal Contract Tower,0,21,6,0,27,0,15,116,0,131,0,36,122,0,158,93,0,93,251
10/01/2016,HHR,CA,AWP,WE,Federal Contract Tower,0,4,7,0,11,0,18,137,0,155,0,22,144,0,166,94,0,94,260
10/02/2016,HHR,CA,AWP,WE,Federal Contract Tower,0,18,5,0,23,0,15,79,0,94,0,33,84,0,117,113,0,113,230
10/03/2016,HHR,CA,AWP,WE,Federal Contract Tower,0,24,17,0,41,0,33,73,0,106,0,57,90,0,147,58,0,58,205
10/04/2016,HHR,CA,AWP,WE,Federal Contract Tower,0,13,7,0,20,0,12,87,0,99,0,25,94,0,119,135,0,135,254
10/05/2016,HHR,CA,AWP,WE,Federal Contract Tower,0,18,2,0,20,0,29,134,0,163,0,47,136,0,183,124,0,124,307
10/06/2016,HHR,CA,AWP,WE,Federal Contract Tower,0,12,12,0,24,0,17,113,0,130,0,29,125,0,154,165,0,165,319
10/07/2016,HHR,CA,AWP,WE,Federal Contract Tower,0,27,11,0,38,0,30,140,0,170,0,57,151,0,208,100,0,100,308
10/08/2016,HHR,CA,AWP,WE,Federal Contract Tower,0,4,7,0,11,0,9,107,0,116,0,13,114,0,127,121,0,121,248
10/09/2016,HHR,CA,AWP,WE,Federal Contract Tower,0,17,9,0,26,0,12,120,0,132,0,29,129,0,158,128,0,128,286
10/10/2016,HHR,CA,AWP,WE,Federal Contract Tower,0,26,9,0,35,0,11,81,0,92,0,37,90,0,127,87,0,87,214
10/11/2016,HHR,CA,AWP,WE,Federal Contract Tower,0,24,22,0,46,0,16,50,0,66,0,40,72,0,112,88,0,88,200
10/12/2016,HHR,CA,AWP,WE,Federal Contract Tower,0,17,12,0,29,0,14,71,0,85,0,31,83,0,114,60,0,60,174
10/13/2016,HHR,CA,AWP,WE,Federal Contract Tower,0,19,15,1,35,0,10,64,0,74,0,29,79,1,109,49,0,49,158
10/14/2016,HHR,CA,AWP,WE,Federal Contract Tower,0,34,21,0,55,0,11,86,0,97,0,45,107,0,152,75,0,75,227
10/15/2016,HHR,CA,AWP,WE,Federal Contract Tower,0,7,12,0,19,0,2,66,0,68,0,9,78,0,87,103,0,103,190
10/16/2016,HHR,CA,AWP,WE,Federal Contract Tower,0,19,17,0,36,0,12,51,0,63,0,31,68,0,99,31,0,31,130
10/17/2016,HHR,CA,AWP,WE,Federal Contract Tower,0,19,15,0,34,0,6,36,0,42,0,25,51,0,76,15,0,15,91
10/18/2016,HHR,CA,AWP,WE,Federal Contract Tower,0,0,0,0,0,0,17,89,0,106,0,17,89,0,106,50,0,50,156
10/19/2016,HHR,CA,AWP,WE,Federal Contract Tower,0,14,7,0,21,0,16,118,0,134,0,30,125,0,155,40,0,40,195
10/20/2016,HHR,CA,AWP,WE,Federal Contract Tower,0,17,15,0,32,0,23,87,2,112,0,40,102,2,144,58,0,58,202
10/21/2016,HHR,CA,AWP,WE,Federal Contract Tower,0,24,10,0,34,0,29,124,0,153,0,53,134,0,187,126,0,126,313
10/22/2016,HHR,CA,AWP,WE,Federal Contract Tower,0,3,6,0,9,0,17,188,0,205,0,20,194,0,214,152,0,152,366
10/23/2016,HHR,CA,AWP,WE,Federal Contract Tower,0,19,12,0,31,0,13,83,0,96,0,32,95,0,127,73,0,73,200
10/24/2016,HHR,CA,AWP,WE,Federal Contract Tower,0,17,16,0,33,0,4,24,0,28,0,21,40,0,61,17,0,17,78
10/25/2016,HHR,CA,AWP,WE,Federal Contract Tower,0,8,13,0,21,0,21,54,0,75,0,29,67,0,96,22,0,22,118
10/26/2016,HHR,CA,AWP,WE,Federal Contract Tower,0,20,13,0,33,0,7,135,0,142,0,27,148,0,175,98,0,98,273
10/27/2016,HHR,CA,AWP,WE,Federal Contract Tower,0,17,14,0,31,0,16,91,0,107,0,33,105,0,138,62,2,64,202
10/28/2016,HHR,CA,AWP,WE,Federal Contract Tower,0,26,9,0,35,0,22,82,0,104,0,48,91,0,139,73,0,73,212
10/29/2016,HHR,CA,AWP,WE,Federal Contract Tower,0,7,5,0,12,0,2,136,0,138,0,9,141,0,150,106,0,106,256
10/30/2016,HHR,CA,AWP,WE,Federal Contract Tower,0,20,13,0,33,0,4,43,0,47,0,24,56,0,80,98,0,98,178
10/31/2016,HHR,CA,AWP,WE,Federal Contract Tower,0,11,9,0,20,0,16,80,0,96,0,27,89,0,116,66,0,66,182
11/01/2016,HHR,CA,AWP,WE,Federal Contract Tower,0,17,18,0,35,0,12,48,0,60,0,29,66,0,95,48,0,48,143
11/02/2016,HHR,CA,AWP,WE,Federal Contract Tower,0,15,19,0,34,0,15,112,0,127,0,30,131,0,161,78,0,78,239
11/03/2016,HHR,CA,AWP,WE,Federal Contract Tower,0,17,7,0,24,0,23,128,0,151,0,40,135,0,175,66,0,66,241
11/04/2016,HHR,CA,AWP,WE,Federal Contract Tower,0,23,5,0,28,0,19,130,0,149,0,42,135,0,177,88,0,88,265
11/05/2016,HHR,CA,AWP,WE,Federal Contract Tower,0,2,4,0,6,0,4,134,0,138,0,6,138,0,144,103,0,103,247
11/06/2016,HHR,CA,AWP,WE,Federal Contract Tower,0,22,13,0,35,0,26,70,0,96,0,48,83,0,131,138,0,138,269
11/07/2016,HHR,CA,AWP,WE,Federal Contract Tower,0,16,8,0,24,0,11,81,0,92,0,27,89,0,116,46,0,46,162
11/08/2016,HHR,CA,AWP,WE,Federal Contract Tower,0,21,13,0,34,0,20,87,0,107,0,41,100,0,141,120,0,120,261
11/09/2016,HHR,CA,AWP,WE,Federal Contract Tower,0,12,8,0,20,0,23,83,0,106,0,35,91,0,126,114,0,114,240
11/10/2016,HHR,CA,AWP,WE,Federal Contract Tower,0,27,7,0,34,0,17,114,0,131,0,44,121,0,165,106,0,106,271
11/11/2016,HHR,CA,AWP,WE,Federal Contract Tower,0,26,14,0,40,0,32,106,0,138,0,58,120,0,178,85,0,85,263
11/12/2016,HHR,CA,AWP,WE,Federal Contract Tower,0,10,6,0,16,0,8,135,0,143,0,18,141,0,159,138,0,138,297
11/13/2016,HHR,CA,AWP,WE,Federal Contract Tower,0,18,3,0,21,0,28,103,0,131,0,46,106,0,152,103,0,103,255
11/14/2016,HHR,CA,AWP,WE,Federal Contract Tower,0,20,7,0,27,0,21,117,0,138,0,41,124,0,165,118,0,118,283
11/15/2016,HHR,CA,AWP,WE,Federal Contract Tower,0,14,7,0,21,0,10,105,0,115,0,24,112,0,136,46,0,46,182
11/16/2016,HHR,CA,AWP,WE,Federal Contract Tower,0,22,13,0,35,0,10,80,0,90,0,32,93,0,125,118,0,118,243
11/17/2016,HHR,CA,AWP,WE,Federal Contract Tower,0,20,9,0,29,0,24,129,0,153,0,44,138,0,182,72,0,72,254
11/18/2016,HHR,CA,AWP,WE,Federal Contract Tower,0,24,11,0,35,0,19,103,0,122,0,43,114,0,157,48,0,48,205
11/19/2016,HHR,CA,AWP,WE,Federal Contract Tower,0,11,14,0,25,0,21,69,0,90,0,32,83,0,115,76,0,76,191
11/20/2016,HHR,CA,AWP,WE,Federal Contract Tower,0,19,14,0,33,0,4,21,0,25,0,23,35,0,58,66,0,66,124
11/21/2016,HHR,CA,AWP,WE,Federal Contract Tower,0,19,23,0,42,0,23,68,0,91,0,42,91,0,133,48,0,48,181
11/22/2016,HHR,CA,AWP,WE,Federal Contract Tower,0,16,12,0,28,0,21,130,0,151,0,37,142,0,179,96,0,96,275
11/23/2016,HHR,CA,AWP,WE,Federal Contract Tower,0,24,13,0,37,0,27,114,0,141,0,51,127,0,178,126,0,126,304
11/24/2016,HHR,CA,AWP,WE,Federal Contract Tower,0,2,3,0,5,0,3,46,0,49,0,5,49,0,54,42,0,42,96
11/25/2016,HHR,CA,AWP,WE,Federal Contract Tower,0,5,7,0,12,0,10,143,0,153,0,15,150,0,165,84,0,84,249
11/26/2016,HHR,CA,AWP,WE,Federal Contract Tower,0,7,7,0,14,0,7,42,0,49,0,14,49,0,63,60,0,60,123
11/27/2016,HHR,CA,AWP,WE,Federal Contract Tower,0,18,9,0,27,0,13,14,0,27,0,31,23,0,54,35,0,35,89
11/28/2016,HHR,CA,AWP,WE,Federal Contract Tower,0,21,13,0,34,0,19,64,4,87,0,40,77,4,121,123,0,123,244
11/29/2016,HHR,CA,AWP,WE,Federal Contract Tower,0,16,5,0,21,0,16,101,0,117,0,32,106,0,138,109,0,109,247
11/30/2016,HHR,CA,AWP,WE,Federal Contract Tower,0,20,12,0,32,0,15,94,0,109,0,35,106,0,141,58,0,58,199
12/01/2016,HHR,CA,AWP,WE,Federal Contract Tower,0,15,9,0,24,0,21,102,0,123,0,36,111,0,147,64,0,64,211
12/02/2016,HHR,CA,AWP,WE,Federal Contract Tower,0,13,6,0,19,0,23,35,0,58,0,36,41,0,77,6,0,6,83
12/03/2016,HHR,CA,AWP,WE,Federal Contract Tower,0,7,5,0,12,0,7,106,0,113,0,14,111,0,125,104,0,104,229
12/04/2016,HHR,CA,AWP,WE,Federal Contract Tower,0,18,10,0,28,0,11,115,3,129,0,29,125,3,157,124,0,124,281
12/05/2016,HHR,CA,AWP,WE,Federal Contract Tower,0,20,18,0,38,0,9,73,0,82,0,29,91,0,120,74,0,74,194
12/06/2016,HHR,CA,AWP,WE,Federal Contract Tower,0,20,13,0,33,0,33,111,0,144,0,53,124,0,177,160,0,160,337
12/07/2016,HHR,CA,AWP,WE,Federal Contract Tower,0,18,16,0,34,0,25,137,0,162,0,43,153,0,196,52,0,52,248
12/08/2016,HHR,CA,AWP,WE,Federal Contract Tower,0,14,22,0,36,0,29,119,0,148,0,43,141,0,184,76,0,76,260
12/09/2016,HHR,CA,AWP,WE,Federal Contract Tower,0,31,22,0,53,0,21,71,0,92,0,52,93,0,145,32,0,32,177
12/10/2016,HHR,CA,AWP,WE,Federal Contract Tower,0,8,20,0,28,0,8,51,0,59,0,16,71,0,87,52,0,52,139
12/11/2016,HHR,CA,AWP,WE,Federal Contract Tower,0,21,18,0,39,0,18,40,0,58,0,39,58,0,97,51,0,51,148
12/12/2016,HHR,CA,AWP,WE,Federal Contract Tower,0,23,14,0,37,0,5,55,0,60,0,28,69,0,97,12,0,12,109
12/13/2016,HHR,CA,AWP,WE,Federal Contract Tower,0,18,16,0,34,0,10,55,21,86,0,28,71,21,120,113,15,128,248
12/14/2016,HHR,CA,AWP,WE,Federal Contract Tower,0,15,16,0,31,0,25,104,0,129,0,40,120,0,160,128,0,128,288
12/15/2016,HHR,CA,AWP,WE,Federal Contract Tower,0,21,16,0,37,0,15,39,0,54,0,36,55,0,91,26,0,26,117
12/16/2016,HHR,CA,AWP,WE,Federal Contract Tower,0,14,3,0,17,0,27,57,0,84,0,41,60,0,101,14,0,14,115
12/17/2016,HHR,CA,AWP,WE,Federal Contract Tower,0,10,17,0,27,0,8,113,0,121,0,18,130,0,148,99,0,99,247
12/18/2016,HHR,CA,AWP,WE,Federal Contract Tower,0,15,10,0,25,0,9,109,0,118,0,24,119,0,143,129,0,129,272
12/19/2016,HHR,CA,AWP,WE,Federal Contract Tower,0,18,7,0,25,0,9,71,0,80,0,27,78,0,105,58,0,58,163
12/20/2016,HHR,CA,AWP,WE,Federal Contract Tower,0,15,17,0,32,0,17,119,0,136,0,32,136,0,168,68,0,68,236
12/21/2016,HHR,CA,AWP,WE,Federal Contract Tower,0,17,14,0,31,0,4,40,0,44,0,21,54,0,75,58,0,58,133
12/22/2016,HHR,CA,AWP,WE,Federal Contract Tower,1,22,13,0,36,1,20,56,0,77,2,42,69,0,113,42,0,42,155
12/23/2016,HHR,CA,AWP,WE,Federal Contract Tower,0,24,5,0,29,0,16,29,0,45,0,40,34,0,74,44,0,44,118
12/24/2016,HHR,CA,AWP,WE,Federal Contract Tower,0,7,8,0,15,0,3,32,0,35,0,10,40,0,50,8,0,8,58
12/25/2016,HHR,CA,AWP,WE,Federal Contract Tower,0,3,3,0,6,0,0,24,0,24,0,3,27,0,30,11,0,11,41
12/26/2016,HHR,CA,AWP,WE,Federal Contract Tower,0,19,3,0,22,0,14,119,0,133,0,33,122,0,155,72,0,72,227
12/27/2016,HHR,CA,AWP,WE,Federal Contract Tower,0,30,5,0,35,0,24,105,0,129,0,54,110,0,164,52,0,52,216
12/28/2016,HHR,CA,AWP,WE,Federal Contract Tower,0,11,3,0,14,0,23,124,0,147,0,34,127,0,161,115,0,115,276
12/29/2016,HHR,CA,AWP,WE,Federal Contract Tower,0,19,8,0,27,0,20,111,0,131,0,39,119,0,158,56,0,56,214
12/30/2016,HHR,CA,AWP,WE,Federal Contract Tower,0,26,3,0,29,0,15,41,0,56,0,41,44,0,85,53,0,53,138
12/31/2016,HHR,CA,AWP,WE,Federal Contract Tower,0,7,8,0,15,0,1,7,0,8,0,8,15,0,23,0,0,0,23
01/01/2017,HHR,CA,AWP,WE,Federal Contract Tower,0,9,3,0,12,0,6,54,0,60,0,15,57,0,72,22,0,22,94
01/02/2017,HHR,CA,AWP,WE,Federal Contract Tower,0,23,15,0,38,0,18,80,0,98,0,41,95,0,136,68,0,68,204
01/03/2017,HHR,CA,AWP,WE,Federal Contract Tower,0,14,9,0,23,0,25,101,0,126,0,39,110,0,149,74,0,74,223
01/04/2017,HHR,CA,AWP,WE,Federal Contract Tower,0,24,10,0,34,0,12,66,0,78,0,36,76,0,112,94,0,94,206
01/05/2017,HHR,CA,AWP,WE,Federal Contract Tower,0,17,8,0,25,0,18,15,0,33,0,35,23,0,58,8,0,8,66
01/06/2017,HHR,CA,AWP,WE,Federal Contract Tower,0,19,7,0,26,0,26,107,0,133,0,45,114,0,159,54,0,54,213
01/07/2017,HHR,CA,AWP,WE,Federal Contract Tower,0,10,6,0,16,0,8,71,0,79,0,18,77,0,95,100,0,100,195
01/08/2017,HHR,CA,AWP,WE,Federal Contract Tower,0,12,10,0,22,0,20,89,0,109,0,32,99,0,131,166,0,166,297
01/09/2017,HHR,CA,AWP,WE,Federal Contract Tower,0,14,3,0,17,0,5,13,0,18,0,19,16,0,35,2,0,2,37
01/10/2017,HHR,CA,AWP,WE,Federal Contract Tower,0,23,10,0,33,0,10,20,0,30,0,33,30,0,63,0,0,0,63
01/11/2017,HHR,CA,AWP,WE,Federal Contract Tower,0,17,4,0,21,0,17,43,0,60,0,34,47,0,81,16,0,16,97
01/12/2017,HHR,CA,AWP,WE,Federal Contract Tower,0,17,7,3,27,0,9,16,0,25,0,26,23,3,52,2,0,2,54
01/13/2017,HHR,CA,AWP,WE,Federal Contract Tower,0,21,11,0,32,0,16,100,0,116,0,37,111,0,148,90,0,90,238
01/14/2017,HHR,CA,AWP,WE,Federal Contract Tower,0,7,6,0,13,0,7,139,0,146,0,14,145,0,159,54,0,54,213
01/15/2017,HHR,CA,AWP,WE,Federal Contract Tower,0,4,10,0,14,0,13,77,0,90,0,17,87,0,104,92,0,92,196
01/16/2017,HHR,CA,AWP,WE,Federal Contract Tower,0,12,13,0,25,0,9,116,0,125,0,21,129,0,150,64,0,64,214
01/17/2017,HHR,CA,AWP,WE,Federal Contract Tower,0,12,7,0,19,0,20,105,0,125,0,32,112,0,144,82,0,82,226
01/18/2017,HHR,CA,AWP,WE,Federal Contract Tower,0,24,18,0,42,0,8,96,2,106,0,32,114,2,148,94,0,94,242
01/19/2017,HHR,CA,AWP,WE,Federal Contract Tower,0,24,20,0,44,0,30,56,0,86,0,54,76,0,130,50,0,50,180
01/20/2017,HHR,CA,AWP,WE,Federal Contract Tower,0,28,4,0,32,0,11,18,0,29,0,39,22,0,61,20,0,20,81
01/21/2017,HHR,CA,AWP,WE,Federal Contract Tower,0,5,9,0,14,0,7,122,0,129,0,12,131,0,143,104,0,104,247
01/22/2017,HHR,CA,AWP,WE,Federal Contract Tower,0,8,3,0,11,0,0,2,0,2,0,8,5,0,13,0,0,0,13
01/23/2017,HHR,CA,AWP,WE,Federal Contract Tower,0,11,8,0,19,0,7,21,3,31,0,18,29,3,50,6,0,6,56
01/24/2017,HHR,CA,AWP,WE,Federal Contract Tower,0,15,3,0,18,0,20,104,0,124,0,35,107,0,142,104,0,104,246
01/25/2017,HHR,CA,AWP,WE,Federal Contract Tower,0,21,8,0,29,0,22,117,0,139,0,43,125,0,168,34,0,34,202
01/26/2017,HHR,CA,AWP,WE,Federal Contract Tower,0,22,13,0,35,0,18,97,0,115,0,40,110,0,150,106,0,106,256
01/27/2017,HHR,CA,AWP,WE,Federal Contract Tower,0,25,4,0,29,0,18,99,0,117,0,43,103,0,146,113,0,113,259
01/28/2017,HHR,CA,AWP,WE,Federal Contract Tower,0,7,7,0,14,0,9,168,0,177,0,16,175,0,191,168,0,168,359
01/29/2017,HHR,CA,AWP,WE,Federal Contract Tower,0,12,15,0,27,0,14,126,0,140,0,26,141,0,167,174,0,174,341
01/30/2017,HHR,CA,AWP,WE,Federal Contract Tower,0,12,7,0,19,0,19,97,0,116,0,31,104,0,135,26,0,26,161
01/31/2017,HHR,CA,AWP,WE,Federal Contract Tower,0,13,9,0,22,0,18,109,0,127,0,31,118,0,149,90,0,90,239
02/01/2017,HHR,CA,AWP,WE,Federal Contract Tower,0,16,5,0,21,0,26,81,0,107,0,42,86,0,128,48,0,48,176
02/02/2017,HHR,CA,AWP,WE,Federal Contract Tower,0,20,9,0,29,0,20,92,1,113,0,40,101,1,142,148,0,148,290
02/03/2017,HHR,CA,AWP,WE,Federal Contract Tower,0,25,9,0,34,0,0,3,0,3,0,25,12,0,37,0,0,0,37
02/04/2017,HHR,CA,AWP,WE,Federal Contract Tower,0,4,15,0,19,0,18,58,0,76,0,22,73,0,95,68,0,68,163
02/05/2017,HHR,CA,AWP,WE,Federal Contract Tower,0,18,11,0,29,0,13,46,0,59,0,31,57,0,88,88,0,88,176
02/06/2017,HHR,CA,AWP,WE,Federal Contract Tower,0,9,6,0,15,0,7,14,0,21,0,16,20,0,36,0,0,0,36
02/07/2017,HHR,CA,AWP,WE,Federal Contract Tower,0,10,6,0,16,0,1,6,0,7,0,11,12,0,23,2,0,2,25
02/08/2017,HHR,CA,AWP,WE,Federal Contract Tower,0,21,14,0,35,0,18,64,0,82,0,39,78,0,117,14,0,14,131
02/09/2017,HHR,CA,AWP,WE,Federal Contract Tower,0,13,6,0,19,0,19,67,0,86,0,32,73,0,105,62,0,62,167
02/10/2017,HHR,CA,AWP,WE,Federal Contract Tower,0,30,21,1,52,0,32,30,0,62,0,62,51,1,114,0,0,0,114
02/11/2017,HHR,CA,AWP,WE,Federal Contract Tower,0,7,11,0,18,0,8,110,0,118,0,15,121,0,136,182,0,182,318
02/12/2017,HHR,CA,AWP,WE,Federal Contract Tower,0,14,6,0,20,0,10,155,1,166,0,24,161,1,186,202,0,202,388
02/13/2017,HHR,CA,AWP,WE,Federal Contract Tower,0,16,8,0,24,0,19,140,0,159,0,35,148,0,183,68,0,68,251
02/14/2017,HHR,CA,AWP,WE,Federal Contract Tower,0,30,18,0,48,0,31,123,2,156,0,61,141,2,204,72,0,72,276
02/15/2017,HHR,CA,AWP,WE,Federal Contract Tower,0,17,13,0,30,0,25,144,0,169,0,42,157,0,199,160,0,160,359
02/16/2017,HHR,CA,AWP,WE,Federal Contract Tower,0,21,5,0,26,0,21,109,0,130,0,42,114,0,156,102,0,102,258
02/17/2017,HHR,CA,AWP,WE,Federal Contract Tower,0,6,2,0,8,0,1,0,0,1,0,7,2,0,9,0,0,0,9
02/18/2017,HHR,CA,AWP,WE,Federal Contract Tower,0,3,7,0,10,0,4,14,0,18,0,7,21,0,28,0,0,0,28
02/19/2017,HHR,CA,AWP,WE,Federal Contract Tower,0,8,7,0,15,0,9,66,0,75,0,17,73,0,90,148,0,148,238
02/20/2017,HHR,CA,AWP,WE,Federal Contract Tower,0,13,4,0,17,0,2,21,0,23,0,15,25,0,40,8,0,8,48
02/21/2017,HHR,CA,AWP,WE,Federal Contract Tower,0,17,6,0,23,0,18,56,2,76,0,35,62,2,99,34,0,34,133
02/22/2017,HHR,CA,AWP,WE,Federal Contract Tower,0,17,11,0,28,0,19,123,0,142,0,36,134,0,170,92,0,92,262
02/23/2017,HHR,CA,AWP,WE,Federal Contract Tower,0,22,7,0,29,0,23,66,2,91,0,45,73,2,120,30,0,30,150
02/24/2017,HHR,CA,AWP,WE,Federal Contract Tower,0,23,7,0,30,0,28,142,0,170,0,51,149,0,200,98,0,98,298
02/25/2017,HHR,CA,AWP,WE,Federal Contract Tower,0,2,5,0,7,0,6,156,0,162,0,8,161,0,169,206,0,206,375
02/27/2017,HHR,CA,AWP,WE,Federal Contract Tower,0,20,15,0,35,0,8,70,0,78,0,28,85,0,113,56,0,56,169
02/28/2017,HHR,CA,AWP,WE,Federal Contract Tower,0,12,7,0,19,0,15,108,0,123,0,27,115,0,142,94,0,94,236
03/01/2017,HHR,CA,AWP,WE,Federal Contract Tower,0,14,13,0,27,0,18,133,5,156,0,32,146,5,183,72,14,86,269
03/02/2017,HHR,CA,AWP,WE,Federal Contract Tower,0,18,14,0,32,0,23,115,0,138,0,41,129,0,170,98,0,98,268
03/03/2017,HHR,CA,AWP,WE,Federal Contract Tower,0,24,6,0,30,0,21,161,0,182,0,45,167,0,212,66,0,66,278
03/04/2017,HHR,CA,AWP,WE,Federal Contract Tower,0,3,9,0,12,0,5,134,0,139,0,8,143,0,151,102,0,102,253
03/05/2017,HHR,CA,AWP,WE,Federal Contract Tower,0,18,11,0,29,0,14,62,0,76,0,32,73,0,105,40,0,40,145
03/06/2017,HHR,CA,AWP,WE,Federal Contract Tower,0,17,4,0,21,0,13,117,0,130,0,30,121,0,151,102,0,102,253
03/07/2017,HHR,CA,AWP,WE,Federal Contract Tower,0,13,15,0,28,0,18,110,0,128,0,31,125,0,156,86,0,86,242
03/08/2017,HHR,CA,AWP,WE,Federal Contract Tower,0,19,12,0,31,0,24,114,0,138,0,43,126,0,169,36,0,36,205
03/09/2017,HHR,CA,AWP,WE,Federal Contract Tower,0,15,6,0,21,0,19,114,0,133,0,34,120,0,154,112,1,113,267
03/10/2017,HHR,CA,AWP,WE,Federal Contract Tower,0,23,9,0,32,0,27,138,0,165,0,50,147,0,197,75,0,75,272
03/11/2017,HHR,CA,AWP,WE,Federal Contract Tower,0,10,1,0,11,0,5,141,0,146,0,15,142,0,157,128,0,128,285
03/12/2017,HHR,CA,AWP,WE,Federal Contract Tower,0,18,7,0,25,0,17,47,22,86,0,35,54,22,111,70,4,74,185
03/13/2017,HHR,CA,AWP,WE,Federal Contract Tower,0,18,3,0,21,0,9,46,0,55,0,27,49,0,76,50,0,50,126
03/14/2017,HHR,CA,AWP,WE,Federal Contract Tower,0,16,15,0,31,0,38,127,0,165,0,54,142,0,196,38,0,38,234
03/15/2017,HHR,CA,AWP,WE,Federal Contract Tower,0,12,8,0,20,0,17,107,0,124,0,29,115,0,144,50,0,50,194
03/16/2017,HHR,CA,AWP,WE,Federal Contract Tower,0,14,10,0,24,0,17,95,0,112,0,31,105,0,136,80,0,80,216
03/17/2017,HHR,CA,AWP,WE,Federal Contract Tower,0,18,21,0,39,0,13,68,0,81,0,31,89,0,120,78,0,78,198
03/18/2017,HHR,CA,AWP,WE,Federal Contract Tower,0,6,9,0,15,0,9,89,0,98,0,15,98,0,113,98,0,98,211
03/19/2017,HHR,CA,AWP,WE,Federal Contract Tower,0,15,12,0,27,0,15,79,34,128,0,30,91,34,155,56,0,56,211
03/20/2017,HHR,CA,AWP,WE,Federal Contract Tower,0,20,12,0,32,0,9,77,2,88,0,29,89,2,120,42,0,42,162
03/21/2017,HHR,CA,AWP,WE,Federal Contract Tower,0,21,13,0,34,0,10,39,0,49,0,31,52,0,83,9,0,9,92
03/22/2017,HHR,CA,AWP,WE,Federal Contract Tower,0,20,13,0,33,0,15,50,0,65,0,35,63,0,98,20,0,20,118
03/23/2017,HHR,CA,AWP,WE,Federal Contract Tower,0,13,12,0,25,0,17,98,0,115,0,30,110,0,140,82,0,82,222
03/24/2017,HHR,CA,AWP,WE,Federal Contract Tower,0,17,10,0,27,0,25,115,0,140,0,42,125,0,167,118,0,118,285
03/25/2017,HHR,CA,AWP,WE,Federal Contract Tower,0,5,12,0,17,0,3,116,0,119,0,8,128,0,136,176,0,176,312
03/26/2017,HHR,CA,AWP,WE,Federal Contract Tower,0,19,4,0,23,0,15,111,0,126,0,34,115,0,149,210,0,210,359
03/27/2017,HHR,CA,AWP,WE,Federal Contract Tower,0,16,14,0,30,0,13,78,0,91,0,29,92,0,121,84,0,84,205
03/28/2017,HHR,CA,AWP,WE,Federal Contract Tower,0,19,9,0,28,0,20,88,0,108,0,39,97,0,136,118,0,118,254
03/29/2017,HHR,CA,AWP,WE,Federal Contract Tower,0,15,9,0,24,0,20,163,0,183,0,35,172,0,207,162,0,162,369
03/30/2017,HHR,CA,AWP,WE,Federal Contract Tower,0,21,5,0,26,0,25,89,0,114,0,46,94,0,140,75,0,75,215
03/31/2017,HHR,CA,AWP,WE,Federal Contract Tower,0,17,15,0,32,0,31,104,0,135,0,48,119,0,167,96,0,96,263
04/01/2017,HHR,CA,AWP,WE,Federal Contract Tower,0,6,10,0,16,0,5,104,0,109,0,11,114,0,125,64,0,64,189
04/02/2017,HHR,CA,AWP,WE,Federal Contract Tower,0,18,6,0,24,0,23,146,0,169,0,41,152,0,193,158,0,158,351
04/03/2017,HHR,CA,AWP,WE,Federal Contract Tower,0,21,16,0,37,0,18,90,0,108,0,39,106,0,145,110,0,110,255
04/04/2017,HHR,CA,AWP,WE,Federal Contract Tower,0,18,10,0,28,0,16,98,0,114,0,34,108,0,142,105,0,105,247
04/05/2017,HHR,CA,AWP,WE,Federal Contract Tower,0,19,8,0,27,0,21,113,0,134,0,40,121,0,161,72,0,72,233
04/06/2017,HHR,CA,AWP,WE,Federal Contract Tower,0,14,14,0,28,0,12,95,0,107,0,26,109,0,135,64,0,64,199
04/07/2017,HHR,CA,AWP,WE,Federal Contract Tower,0,21,9,0,30,0,24,112,0,136,0,45,121,0,166,95,0,95,261
04/08/2017,HHR,CA,AWP,WE,Federal Contract Tower,0,3,13,0,16,0,14,139,0,153,0,17,152,0,169,132,0,132,301
04/09/2017,HHR,CA,AWP,WE,Federal Contract Tower,0,15,9,0,24,0,9,91,0,100,0,24,100,0,124,66,0,66,190
04/10/2017,HHR,CA,AWP,WE,Federal Contract Tower,0,20,11,0,31,0,17,112,0,129,0,37,123,0,160,54,0,54,214
04/11/2017,HHR,CA,AWP,WE,Federal Contract Tower,0,7,10,0,17,0,17,124,0,141,0,24,134,0,158,68,0,68,226
04/12/2017,HHR,CA,AWP,WE,Federal Contract Tower,0,15,14,0,29,0,18,88,0,106,0,33,102,0,135,58,0,58,193
04/13/2017,HHR,CA,AWP,WE,Federal Contract Tower,0,20,13,0,33,0,23,90,0,113,0,43,103,0,146,138,0,138,284
04/14/2017,HHR,CA,AWP,WE,Federal Contract Tower,0,27,10,0,37,0,36,149,0,185,0,63,159,0,222,110,0,110,332
04/15/2017,HHR,CA,AWP,WE,Federal Contract Tower,0,11,4,0,15,0,9,151,0,160,0,20,155,0,175,202,0,202,377
04/16/2017,HHR,CA,AWP,WE,Federal Contract Tower,0,13,6,0,19,0,11,79,0,90,0,24,85,0,109,98,0,98,207
04/17/2017,HHR,CA,AWP,WE,Federal Contract Tower,0,39,19,0,58,0,26,69,0,95,0,65,88,0,153,38,0,38,191
04/18/2017,HHR,CA,AWP,WE,Federal Contract Tower,0,16,17,0,33,0,14,85,0,99,0,30,102,0,132,112,0,112,244
04/19/2017,HHR,CA,AWP,WE,Federal Contract Tower,0,17,13,0,30,0,17,130,0,147,0,34,143,0,177,156,0,156,333
04/20/2017,HHR,CA,AWP,WE,Federal Contract Tower,0,20,8,0,28,0,25,102,0,127,0,45,110,0,155,115,0,115,270
04/21/2017,HHR,CA,AWP,WE,Federal Contract Tower,0,26,9,0,35,0,27,170,0,197,0,53,179,0,232,99,0,99,331
04/22/2017,HHR,CA,AWP,WE,Federal Contract Tower,0,9,4,0,13,0,22,172,0,194,0,31,176,0,207,119,0,119,326
04/23/2017,HHR,CA,AWP,WE,Federal Contract Tower,0,17,7,0,24,0,26,156,0,182,0,43,163,0,206,114,0,114,320
04/24/2017,HHR,CA,AWP,WE,Federal Contract Tower,0,26,14,0,40,0,14,74,0,88,0,40,88,0,128,96,0,96,224
04/25/2017,HHR,CA,AWP,WE,Federal Contract Tower,0,14,8,0,22,0,20,53,0,73,0,34,61,0,95,44,0,44,139
04/27/2017,HHR,CA,AWP,WE,Federal Contract Tower,0,17,19,0,36,0,14,90,0,104,0,31,109,0,140,102,0,102,242
04/28/2017,HHR,CA,AWP,WE,Federal Contract Tower,0,22,7,0,29,0,17,79,0,96,0,39,86,0,125,58,0,58,183
04/29/2017,HHR,CA,AWP,WE,Federal Contract Tower,0,5,6,0,11,0,13,114,0,127,0,18,120,0,138,124,0,124,262
04/30/2017,HHR,CA,AWP,WE,Federal Contract Tower,0,16,3,0,19,0,16,145,0,161,0,32,148,0,180,131,0,131,311
05/01/2017,HHR,CA,AWP,WE,Federal Contract Tower,0,16,13,0,29,0,17,104,0,121,0,33,117,0,150,40,0,40,190
05/02/2017,HHR,CA,AWP,WE,Federal Contract Tower,0,13,13,0,26,0,13,125,0,138,0,26,138,0,164,154,0,154,318
05/03/2017,HHR,CA,AWP,WE,Federal Contract Tower,0,18,13,0,31,0,19,102,0,121,0,37,115,0,152,92,0,92,244
05/04/2017,HHR,CA,AWP,WE,Federal Contract Tower,0,19,16,0,35,0,16,103,0,119,0,35,119,0,154,90,0,90,244
05/05/2017,HHR,CA,AWP,WE,Federal Contract Tower,0,28,16,0,44,0,21,80,0,101,0,49,96,0,145,69,0,69,214
05/06/2017,HHR,CA,AWP,WE,Federal Contract Tower,0,6,12,0,18,0,1,59,0,60,0,7,71,0,78,60,0,60,138
05/07/2017,HHR,CA,AWP,WE,Federal Contract Tower,0,13,7,0,20,0,6,22,0,28,0,19,29,0,48,26,0,26,74
05/08/2017,HHR,CA,AWP,WE,Federal Contract Tower,0,16,5,0,21,0,14,123,0,137,0,30,128,0,158,106,0,106,264
05/09/2017,HHR,CA,AWP,WE,Federal Contract Tower,0,22,21,0,43,0,7,69,1,77,0,29,90,1,120,94,0,94,214
05/10/2017,HHR,CA,AWP,WE,Federal Contract Tower,0,19,11,0,30,0,17,73,2,92,0,36,84,2,122,206,0,206,328
05/11/2017,HHR,CA,AWP,WE,Federal Contract Tower,0,20,15,0,35,0,29,132,0,161,0,49,147,0,196,106,0,106,302
05/12/2017,HHR,CA,AWP,WE,Federal Contract Tower,0,32,12,0,44,0,17,105,0,122,0,49,117,0,166,110,0,110,276
05/13/2017,HHR,CA,AWP,WE,Federal Contract Tower,0,9,7,0,16,0,16,148,0,164,0,25,155,0,180,92,0,92,272
05/14/2017,HHR,CA,AWP,WE,Federal Contract Tower,0,16,11,0,27,0,8,60,0,68,0,24,71,0,95,74,0,74,169
05/15/2017,HHR,CA,AWP,WE,Federal Contract Tower,0,25,20,0,45,0,16,99,0,115,0,41,119,0,160,106,0,106,266
05/16/2017,HHR,CA,AWP,WE,Federal Contract Tower,0,21,8,0,29,0,11,79,36,126,0,32,87,36,155,144,0,144,299
05/17/2017,HHR,CA,AWP,WE,Federal Contract Tower,0,18,16,0,34,0,23,109,0,132,0,41,125,0,166,92,0,92,258
05/18/2017,HHR,CA,AWP,WE,Federal Contract Tower,0,17,19,0,36,0,22,151,0,173,0,39,170,0,209,76,0,76,285
05/19/2017,HHR,CA,AWP,WE,Federal Contract Tower,0,22,10,0,32,0,16,137,0,153,0,38,147,0,185,77,0,77,262
05/20/2017,HHR,CA,AWP,WE,Federal Contract Tower,0,4,3,0,7,0,6,146,0,152,0,10,149,0,159,155,0,155,314
05/21/2017,HHR,CA,AWP,WE,Federal Contract Tower,0,18,6,0,24,0,4,115,0,119,0,22,121,0,143,124,0,124,267
05/22/2017,HHR,CA,AWP,WE,Federal Contract Tower,0,23,15,0,38,0,7,85,0,92,0,30,100,0,130,111,0,111,241
05/23/2017,HHR,CA,AWP,WE,Federal Contract Tower,0,14,41,0,55,0,8,76,0,84,0,22,117,0,139,84,0,84,223
05/24/2017,HHR,CA,AWP,WE,Federal Contract Tower,0,21,16,0,37,0,20,70,0,90,0,41,86,0,127,52,0,52,179
05/25/2017,HHR,CA,AWP,WE,Federal Contract Tower,0,25,22,0,47,0,12,95,0,107,0,37,117,0,154,98,0,98,252
05/26/2017,HHR,CA,AWP,WE,Federal Contract Tower,0,26,18,0,44,0,29,87,0,116,0,55,105,0,160,134,0,134,294
05/27/2017,HHR,CA,AWP,WE,Federal Contract Tower,0,6,7,0,13,0,5,123,0,128,0,11,130,0,141,124,0,124,265
05/28/2017,HHR,CA,AWP,WE,Federal Contract Tower,0,7,4,0,11,0,1,110,0,111,0,8,114,0,122,98,0,98,220
05/29/2017,HHR,CA,AWP,WE,Federal Contract Tower,0,39,7,0,46,0,17,111,0,128,0,56,118,0,174,120,0,120,294
05/30/2017,HHR,CA,AWP,WE,Federal Contract Tower,0,27,21,0,48,0,12,35,0,47,0,39,56,0,95,16,0,16,111
05/31/2017,HHR,CA,AWP,WE,Federal Contract Tower,0,25,28,0,53,0,14,40,0,54,0,39,68,0,107,78,0,78,185
06/01/2017,HHR,CA,AWP,WE,Federal Contract Tower,0,19,18,0,37,0,18,84,0,102,0,37,102,0,139,102,0,102,241
06/02/2017,HHR,CA,AWP,WE,Federal Contract Tower,0,26,14,0,40,0,12,80,0,92,0,38,94,0,132,74,0,74,206
06/03/2017,HHR,CA,AWP,WE,Federal Contract Tower,0,4,17,0,21,0,9,89,0,98,0,13,106,0,119,116,0,116,235
06/04/2017,HHR,CA,AWP,WE,Federal Contract Tower,0,23,0,0,23,0,7,73,0,80,0,30,73,0,103,72,0,72,175
06/05/2017,HHR,CA,AWP,WE,Federal Contract Tower,0,26,11,0,37,0,1,55,0,56,0,27,66,0,93,26,0,26,119
06/06/2017,HHR,CA,AWP,WE,Federal Contract Tower,0,22,17,0,39,0,1,35,0,36,0,23,52,0,75,140,0,140,215
06/07/2017,HHR,CA,AWP,WE,Federal Contract Tower,0,19,25,0,44,0,20,76,0,96,0,39,101,0,140,82,0,82,222
06/08/2017,HHR,CA,AWP,WE,Federal Contract Tower,0,25,25,0,50,0,23,68,8,99,0,48,93,8,149,68,0,68,217
06/09/2017,HHR,CA,AWP,WE,Federal Contract Tower,0,23,11,0,34,0,20,149,0,169,0,43,160,0,203,142,0,142,345
06/10/2017,HHR,CA,AWP,WE,Federal Contract Tower,0,12,22,0,34,0,14,139,0,153,0,26,161,0,187,96,0,96,283
06/11/2017,HHR,CA,AWP,WE,Federal Contract Tower,0,24,13,0,37,0,5,73,2,80,0,29,86,2,117,89,0,89,206
06/12/2017,HHR,CA,AWP,WE,Federal Contract Tower,0,27,5,0,32,0,16,108,0,124,0,43,113,0,156,80,0,80,236
06/13/2017,HHR,CA,AWP,WE,Federal Contract Tower,0,14,8,0,22,0,29,113,0,142,0,43,121,0,164,74,0,74,238
06/14/2017,HHR,CA,AWP,WE,Federal Contract Tower,0,15,10,0,25,0,21,111,0,132,0,36,121,0,157,128,0,128,285
06/15/2017,HHR,CA,AWP,WE,Federal Contract Tower,0,22,17,0,39,0,20,91,0,111,0,42,108,0,150,56,0,56,206
06/16/2017,HHR,CA,AWP,WE,Federal Contract Tower,0,22,18,0,40,0,25,111,0,136,0,47,129,0,176,102,0,102,278
06/17/2017,HHR,CA,AWP,WE,Federal Contract Tower,0,7,15,0,22,0,7,130,0,137,0,14,145,0,159,112,0,112,271
06/18/2017,HHR,CA,AWP,WE,Federal Contract Tower,0,19,6,0,25,0,15,122,0,137,0,34,128,0,162,71,0,71,233
06/19/2017,HHR,CA,AWP,WE,Federal Contract Tower,0,21,10,0,31,0,8,89,0,97,0,29,99,0,128,28,0,28,156
06/20/2017,HHR,CA,AWP,WE,Federal Contract Tower,0,16,12,0,28,0,13,86,0,99,0,29,98,0,127,64,0,64,191
06/21/2017,HHR,CA,AWP,WE,Federal Contract Tower,0,18,19,0,37,0,14,104,0,118,0,32,123,0,155,116,0,116,271
06/22/2017,HHR,CA,AWP,WE,Federal Contract Tower,0,32,13,0,45,0,21,70,0,91,0,53,83,0,136,70,0,70,206
06/23/2017,HHR,CA,AWP,WE,Federal Contract Tower,0,38,19,0,57,0,5,65,0,70,0,43,84,0,127,14,0,14,141
06/24/2017,HHR,CA,AWP,WE,Federal Contract Tower,0,8,12,0,20,0,2,77,0,79,0,10,89,0,99,40,0,40,139
06/25/2017,HHR,CA,AWP,WE,Federal Contract Tower,0,16,17,0,33,0,8,119,0,127,0,24,136,0,160,63,0,63,223
06/26/2017,HHR,CA,AWP,WE,Federal Contract Tower,0,21,8,0,29,0,9,87,0,96,0,30,95,0,125,74,0,74,199
06/27/2017,HHR,CA,AWP,WE,Federal Contract Tower,0,15,10,0,25,1,13,142,0,156,1,28,152,0,181,138,0,138,319
06/28/2017,HHR,CA,AWP,WE,Federal Contract Tower,0,15,9,0,24,0,14,131,2,147,0,29,140,2,171,104,0,104,275
06/29/2017,HHR,CA,AWP,WE,Federal Contract Tower,0,23,18,0,41,0,30,120,0,150,0,53,138,0,191,146,0,146,337
06/30/2017,HHR,CA,AWP,WE,Federal Contract Tower,0,25,18,0,43,0,7,92,0,99,0,32,110,0,142,70,0,70,212
07/01/2017,HHR,CA,AWP,WE,Federal Contract Tower,0,11,25,0,36,0,22,77,0,99,0,33,102,0,135,40,0,40,175
07/02/2017,HHR,CA,AWP,WE,Federal Contract Tower,0,17,11,0,28,0,8,116,0,124,0,25,127,0,152,97,0,97,249
07/03/2017,HHR,CA,AWP,WE,Federal Contract Tower,0,18,7,0,25,0,6,118,0,124,0,24,125,0,149,110,0,110,259
07/04/2017,HHR,CA,AWP,WE,Federal Contract Tower,0,7,5,0,12,0,3,50,0,53,0,10,55,0,65,60,0,60,125
07/05/2017,HHR,CA,AWP,WE,Federal Contract Tower,0,14,10,0,24,0,18,100,2,120,0,32,110,2,144,76,0,76,220
07/06/2017,HHR,CA,AWP,WE,Federal Contract Tower,0,16,7,0,23,0,21,86,0,107,0,37,93,0,130,106,0,106,236
07/07/2017,HHR,CA,AWP,WE,Federal Contract Tower,0,22,10,0,32,0,15,112,0,127,0,37,122,0,159,32,0,32,191
07/08/2017,HHR,CA,AWP,WE,Federal Contract Tower,0,5,3,0,8,0,3,128,0,131,0,8,131,0,139,94,0,94,233
07/09/2017,HHR,CA,AWP,WE,Federal Contract Tower,0,17,9,0,26,0,5,98,2,105,0,22,107,2,131,70,0,70,201
07/10/2017,HHR,CA,AWP,WE,Federal Contract Tower,0,33,10,0,43,0,11,92,0,103,0,44,102,0,146,24,0,24,170
07/11/2017,HHR,CA,AWP,WE,Federal Contract Tower,0,18,17,0,35,0,16,83,2,101,0,34,100,2,136,55,0,55,191
07/12/2017,HHR,CA,AWP,WE,Federal Contract Tower,0,17,13,0,30,0,16,109,1,126,0,33,122,1,156,80,0,80,236
07/13/2017,HHR,CA,AWP,WE,Federal Contract Tower,0,23,4,0,27,0,12,73,0,85,0,35,77,0,112,76,0,76,188
07/14/2017,HHR,CA,AWP,WE,Federal Contract Tower,0,22,7,0,29,0,17,125,0,142,0,39,132,0,171,40,0,40,211
07/15/2017,HHR,CA,AWP,WE,Federal Contract Tower,0,8,8,0,16,0,2,188,0,190,0,10,196,0,206,96,0,96,302
07/16/2017,HHR,CA,AWP,WE,Federal Contract Tower,0,20,8,0,28,0,14,89,0,103,0,34,97,0,131,76,0,76,207
07/17/2017,HHR,CA,AWP,WE,Federal Contract Tower,0,22,14,0,36,0,14,127,0,141,0,36,141,0,177,85,0,85,262
07/18/2017,HHR,CA,AWP,WE,Federal Contract Tower,0,18,13,0,31,0,27,78,0,105,0,45,91,0,136,72,0,72,208
07/19/2017,HHR,CA,AWP,WE,Federal Contract Tower,0,18,8,0,26,0,22,86,0,108,0,40,94,0,134,134,0,134,268
07/20/2017,HHR,CA,AWP,WE,Federal Contract Tower,0,20,10,0,30,0,22,113,0,135,0,42,123,0,165,172,0,172,337
07/21/2017,HHR,CA,AWP,WE,Federal Contract Tower,0,29,8,0,37,0,17,112,0,129,0,46,120,0,166,74,0,74,240
07/22/2017,HHR,CA,AWP,WE,Federal Contract Tower,0,5,3,0,8,0,2,121,0,123,0,7,124,0,131,62,0,62,193
07/23/2017,HHR,CA,AWP,WE,Federal Contract Tower,0,14,6,0,20,0,13,114,0,127,0,27,120,0,147,101,0,101,248
07/24/2017,HHR,CA,AWP,WE,Federal Contract Tower,0,28,12,0,40,0,13,109,0,122,0,41,121,0,162,110,0,110,272
07/25/2017,HHR,CA,AWP,WE,Federal Contract Tower,0,15,16,0,31,0,11,81,0,92,0,26,97,0,123,96,0,96,219
07/26/2017,HHR,CA,AWP,WE,Federal Contract Tower,0,20,13,0,33,0,24,86,0,110,0,44,99,0,143,74,0,74,217
07/27/2017,HHR,CA,AWP,WE,Federal Contract Tower,0,23,3,0,26,0,14,85,0,99,0,37,88,0,125,66,0,66,191
07/28/2017,HHR,CA,AWP,WE,Federal Contract Tower,0,29,6,0,35,0,13,108,0,121,0,42,114,0,156,60,0,60,216
07/29/2017,HHR,CA,AWP,WE,Federal Contract Tower,0,7,8,0,15,0,14,145,0,159,0,21,153,0,174,120,0,120,294
07/30/2017,HHR,CA,AWP,WE,Federal Contract Tower,0,18,7,0,25,0,2,62,0,64,0,20,69,0,89,85,0,85,174
07/31/2017,HHR,CA,AWP,WE,Federal Contract Tower,0,21,9,0,30,0,67,12,0,79,0,88,21,0,109,42,0,42,151
08/01/2017,HHR,CA,AWP,WE,Federal Contract Tower,0,23,10,0,33,2,15,92,0,109,2,38,102,0,142,108,0,108,250
08/02/2017,HHR,CA,AWP,WE,Federal Contract Tower,0,22,6,0,28,0,20,96,2,118,0,42,102,2,146,100,0,100,246
08/03/2017,HHR,CA,AWP,WE,Federal Contract Tower,0,32,2,0,34,0,25,105,0,130,0,57,107,0,164,60,0,60,224
08/04/2017,HHR,CA,AWP,WE,Federal Contract Tower,0,26,9,0,35,0,27,109,0,136,0,53,118,0,171,90,0,90,261
08/05/2017,HHR,CA,AWP,WE,Federal Contract Tower,0,9,3,0,12,0,12,111,0,123,0,21,114,0,135,56,0,56,191
08/06/2017,HHR,CA,AWP,WE,Federal Contract Tower,0,15,12,0,27,0,7,104,0,111,0,22,116,0,138,62,0,62,200
08/07/2017,HHR,CA,AWP,WE,Federal Contract Tower,0,26,10,0,36,0,4,65,0,69,0,30,75,0,105,110,0,110,215
08/08/2017,HHR,CA,AWP,WE,Federal Contract Tower,0,26,11,0,37,0,18,141,0,159,0,44,152,0,196,130,0,130,326
08/09/2017,HHR,CA,AWP,WE,Federal Contract Tower,0,38,8,0,46,0,26,100,0,126,0,64,108,0,172,86,0,86,258
08/10/2017,HHR,CA,AWP,WE,Federal Contract Tower,0,26,10,0,36,0,30,115,0,145,0,56,125,0,181,64,0,64,245
08/11/2017,HHR,CA,AWP,WE,Federal Contract Tower,0,22,20,0,42,0,22,116,0,138,0,44,136,0,180,69,0,69,249
08/12/2017,HHR,CA,AWP,WE,Federal Contract Tower,0,14,4,0,18,0,13,105,0,118,0,27,109,0,136,56,0,56,192
08/13/2017,HHR,CA,AWP,WE,Federal Contract Tower,0,16,10,0,26,0,19,99,0,118,0,35,109,0,144,115,0,115,259
08/14/2017,HHR,CA,AWP,WE,Federal Contract Tower,0,24,7,0,31,0,8,77,0,85,0,32,84,0,116,84,0,84,200
08/15/2017,HHR,CA,AWP,WE,Federal Contract Tower,0,29,11,0,40,0,15,65,0,80,0,44,76,0,120,44,0,44,164
08/16/2017,HHR,CA,AWP,WE,Federal Contract Tower,0,19,14,0,33,0,24,121,0,145,0,43,135,0,178,66,0,66,244
08/17/2017,HHR,CA,AWP,WE,Federal Contract Tower,0,25,13,0,38,0,25,114,0,139,0,50,127,0,177,162,0,162,339
08/18/2017,HHR,CA,AWP,WE,Federal Contract Tower,0,24,8,0,32,0,30,145,0,175,0,54,153,0,207,68,0,68,275
08/19/2017,HHR,CA,AWP,WE,Federal Contract Tower,0,13,6,0,19,0,16,115,0,131,0,29,121,0,150,64,0,64,214
08/20/2017,HHR,CA,AWP,WE,Federal Contract Tower,0,14,12,0,26,0,3,72,0,75,0,17,84,0,101,46,0,46,147
08/21/2017,HHR,CA,AWP,WE,Federal Contract Tower,0,28,9,0,37,0,15,72,0,87,0,43,81,0,124,44,0,44,168
08/22/2017,HHR,CA,AWP,WE,Federal Contract Tower,0,20,10,0,30,0,27,73,0,100,0,47,83,0,130,44,0,44,174
08/23/2017,HHR,CA,AWP,WE,Federal Contract Tower,0,28,34,0,62,0,19,100,0,119,0,47,134,0,181,102,0,102,283
08/24/2017,HHR,CA,AWP,WE,Federal Contract Tower,0,24,17,0,41,0,14,93,0,107,0,38,110,0,148,132,0,132,280
08/25/2017,HHR,CA,AWP,WE,Federal Contract Tower,0,33,34,0,67,0,34,101,0,135,0,67,135,0,202,64,0,64,266
08/26/2017,HHR,CA,AWP,WE,Federal Contract Tower,0,16,8,0,24,0,19,80,0,99,0,35,88,0,123,84,0,84,207
08/27/2017,HHR,CA,AWP,WE,Federal Contract Tower,0,14,12,0,26,0,15,61,0,76,0,29,73,0,102,52,0,52,154
08/28/2017,HHR,CA,AWP,WE,Federal Contract Tower,0,21,8,1,30,0,10,81,1,92,0,31,89,2,122,52,0,52,174
08/29/2017,HHR,CA,AWP,WE,Federal Contract Tower,0,20,10,0,30,0,28,101,1,130,0,48,111,1,160,90,0,90,250
08/30/2017,HHR,CA,AWP,WE,Federal Contract Tower,0,19,6,0,25,0,27,109,0,136,0,46,115,0,161,100,0,100,261
08/31/2017,HHR,CA,AWP,WE,Federal Contract Tower,0,19,13,0,32,0,18,100,0,118,0,37,113,0,150,116,0,116,266
09/01/2017,HHR,CA,AWP,WE,Federal Contract Tower,0,24,7,0,31,0,23,117,0,140,0,47,124,0,171,70,0,70,241
09/02/2017,HHR,CA,AWP,WE,Federal Contract Tower,0,8,9,0,17,0,13,136,0,149,0,21,145,0,166,96,0,96,262
09/03/2017,HHR,CA,AWP,WE,Federal Contract Tower,0,19,4,0,23,0,4,81,0,85,0,23,85,0,108,118,0,118,226
09/04/2017,HHR,CA,AWP,WE,Federal Contract Tower,0,26,14,0,40,0,15,108,2,125,0,41,122,2,165,82,0,82,247
09/05/2017,HHR,CA,AWP,WE,Federal Contract Tower,0,22,11,0,33,0,14,75,0,89,0,36,86,0,122,26,0,26,148
09/06/2017,HHR,CA,AWP,WE,Federal Contract Tower,0,19,9,0,28,0,18,106,0,124,0,37,115,0,152,80,0,80,232
09/07/2017,HHR,CA,AWP,WE,Federal Contract Tower,0,17,13,0,30,0,8,75,0,83,0,25,88,0,113,78,0,78,191
09/08/2017,HHR,CA,AWP,WE,Federal Contract Tower,0,27,7,0,34,0,22,115,0,137,0,49,122,0,171,52,0,52,223
09/09/2017,HHR,CA,AWP,WE,Federal Contract Tower,0,4,6,0,10,0,3,136,0,139,0,7,142,0,149,92,0,92,241
09/10/2017,HHR,CA,AWP,WE,Federal Contract Tower,0,27,7,0,34,0,8,109,0,117,0,35,116,0,151,90,0,90,241
09/11/2017,HHR,CA,AWP,WE,Federal Contract Tower,0,16,9,0,25,0,8,108,0,116,0,24,117,0,141,62,0,62,203
09/12/2017,HHR,CA,AWP,WE,Federal Contract Tower,0,24,16,0,40,0,5,61,0,66,0,29,77,0,106,40,0,40,146
09/13/2017,HHR,CA,AWP,WE,Federal Contract Tower,0,16,24,0,40,0,15,98,0,113,0,31,122,0,153,80,0,80,233
09/14/2017,HHR,CA,AWP,WE,Federal Contract Tower,0,22,13,1,36,0,21,92,0,113,0,43,105,1,149,84,2,86,235
09/15/2017,HHR,CA,AWP,WE,Federal Contract Tower,0,30,16,0,46,0,26,108,1,135,0,56,124,1,181,88,0,88,269
09/16/2017,HHR,CA,AWP,WE,Federal Contract Tower,0,7,14,0,21,0,12,123,0,135,0,19,137,0,156,114,0,114,270
09/17/2017,HHR,CA,AWP,WE,Federal Contract Tower,0,20,13,0,33,0,21,71,0,92,0,41,84,0,125,54,0,54,179
09/18/2017,HHR,CA,AWP,WE,Federal Contract Tower,0,22,16,0,38,0,8,61,0,69,0,30,77,0,107,45,0,45,152
09/19/2017,HHR,CA,AWP,WE,Federal Contract Tower,0,8,8,0,16,0,15,91,0,106,0,23,99,0,122,110,0,110,232
09/20/2017,HHR,CA,AWP,WE,Federal Contract Tower,0,20,13,0,33,0,22,97,0,119,0,42,110,0,152,40,0,40,192
09/21/2017,HHR,CA,AWP,WE,Federal Contract Tower,0,28,16,0,44,0,20,47,0,67,0,48,63,0,111,56,0,56,167
09/22/2017,HHR,CA,AWP,WE,Federal Contract Tower,0,32,8,0,40,0,21,155,0,176,0,53,163,0,216,48,0,48,264
09/23/2017,HHR,CA,AWP,WE,Federal Contract Tower,0,11,9,0,20,0,19,107,1,127,0,30,116,1,147,98,0,98,245
09/24/2017,HHR,CA,AWP,WE,Federal Contract Tower,0,25,11,0,36,0,9,148,0,157,0,34,159,0,193,64,0,64,257
09/25/2017,HHR,CA,AWP,WE,Federal Contract Tower,0,21,11,0,32,0,16,86,0,102,0,37,97,0,134,72,0,72,206
09/26/2017,HHR,CA,AWP,WE,Federal Contract Tower,0,18,10,0,28,0,15,108,0,123,0,33,118,0,151,54,0,54,205
09/27/2017,HHR,CA,AWP,WE,Federal Contract Tower,0,15,15,0,30,0,19,90,2,111,0,34,105,2,141,94,0,94,235
09/28/2017,HHR,CA,AWP,WE,Federal Contract Tower,0,23,12,0,35,0,22,106,6,134,0,45,118,6,169,92,0,92,261
09/29/2017,HHR,CA,AWP,WE,Federal Contract Tower,0,31,14,0,45,0,17,146,0,163,0,48,160,0,208,74,0,74,282
09/30/2017,HHR,CA,AWP,WE,Federal Contract Tower,0,4,5,0,9,0,8,101,0,109,0,12,106,0,118,28,0,28,146
10/01/2017,HHR,CA,AWP,WE,Federal Contract Tower,0,19,11,0,30,0,5,108,0,113,0,24,119,0,143,62,0,62,205
10/02/2017,HHR,CA,AWP,WE,Federal Contract Tower,0,23,12,1,36,0,9,88,1,98,0,32,100,2,134,42,0,42,176
10/03/2017,HHR,CA,AWP,WE,Federal Contract Tower,0,23,24,0,47,0,17,73,0,90,0,40,97,0,137,67,0,67,204
10/04/2017,HHR,CA,AWP,WE,Federal Contract Tower,0,15,10,0,25,0,16,107,0,123,0,31,117,0,148,22,8,30,178
10/05/2017,HHR,CA,AWP,WE,Federal Contract Tower,0,18,10,0,28,0,23,122,0,145,0,41,132,0,173,102,0,102,275
10/06/2017,HHR,CA,AWP,WE,Federal Contract Tower,0,24,13,0,37,0,24,183,0,207,0,48,196,0,244,134,0,134,378
10/07/2017,HHR,CA,AWP,WE,Federal Contract Tower,0,3,8,2,13,0,8,150,0,158,0,11,158,2,171,54,0,54,225
10/08/2017,HHR,CA,AWP,WE,Federal Contract Tower,0,18,7,0,25,0,9,102,0,111,0,27,109,0,136,56,0,56,192
10/09/2017,HHR,CA,AWP,WE,Federal Contract Tower,0,27,4,0,31,0,13,98,0,111,0,40,102,0,142,32,0,32,174
10/10/2017,HHR,CA,AWP,WE,Federal Contract Tower,0,24,10,0,34,0,32,78,0,110,0,56,88,0,144,42,0,42,186
10/11/2017,HHR,CA,AWP,WE,Federal Contract Tower,0,20,29,0,49,0,0,33,0,33,0,20,62,0,82,76,0,76,158
10/12/2017,HHR,CA,AWP,WE,Federal Contract Tower,0,20,11,0,31,0,22,97,0,119,0,42,108,0,150,68,0,68,218
10/13/2017,HHR,CA,AWP,WE,Federal Contract Tower,0,34,13,0,47,0,34,119,0,153,0,68,132,0,200,30,0,30,230
10/14/2017,HHR,CA,AWP,WE,Federal Contract Tower,0,11,13,0,24,0,8,84,1,93,0,19,97,1,117,54,0,54,171
10/15/2017,HHR,CA,AWP,WE,Federal Contract Tower,0,20,14,0,34,0,13,142,0,155,0,33,156,0,189,143,0,143,332
10/16/2017,HHR,CA,AWP,WE,Federal Contract Tower,0,20,10,0,30,0,21,85,0,106,0,41,95,0,136,78,0,78,214
10/17/2017,HHR,CA,AWP,WE,Federal Contract Tower,0,29,20,0,49,0,14,92,0,106,0,43,112,0,155,40,0,40,195
10/18/2017,HHR,CA,AWP,WE,Federal Contract Tower,0,16,14,0,30,0,12,101,1,114,0,28,115,1,144,40,0,40,184
10/19/2017,HHR,CA,AWP,WE,Federal Contract Tower,0,22,14,0,36,0,2,58,25,85,0,24,72,25,121,60,0,60,181
10/20/2017,HHR,CA,AWP,WE,Federal Contract Tower,0,25,12,0,37,0,15,110,0,125,0,40,122,0,162,54,0,54,216
10/21/2017,HHR,CA,AWP,WE,Federal Contract Tower,0,3,9,0,12,0,6,117,0,123,0,9,126,0,135,122,0,122,257
10/22/2017,HHR,CA,AWP,WE,Federal Contract Tower,0,14,7,0,21,0,10,191,1,202,0,24,198,1,223,72,0,72,295
10/23/2017,HHR,CA,AWP,WE,Federal Contract Tower,0,26,6,0,32,0,12,49,0,61,0,38,55,0,93,42,0,42,135
10/24/2017,HHR,CA,AWP,WE,Federal Contract Tower,0,13,7,0,20,0,15,71,0,86,0,28,78,0,106,46,0,46,152
10/25/2017,HHR,CA,AWP,WE,Federal Contract Tower,0,16,5,0,21,0,15,85,4,104,0,31,90,4,125,82,0,82,207
10/26/2017,HHR,CA,AWP,WE,Federal Contract Tower,0,23,12,0,35,0,48,119,4,171,0,71,131,4,206,138,0,138,344
10/27/2017,HHR,CA,AWP,WE,Federal Contract Tower,0,24,26,0,50,0,17,108,0,125,0,41,134,0,175,58,0,58,233
10/28/2017,HHR,CA,AWP,WE,Federal Contract Tower,0,6,4,0,10,0,12,80,0,92,0,18,84,0,102,72,0,72,174
10/29/2017,HHR,CA,AWP,WE,Federal Contract Tower,0,13,14,0,27,0,14,41,0,55,0,27,55,0,82,76,0,76,158
10/30/2017,HHR,CA,AWP,WE,Federal Contract Tower,0,23,20,0,43,0,8,105,0,113,0,31,125,0,156,110,0,110,266
10/31/2017,HHR,CA,AWP,WE,Federal Contract Tower,0,24,18,0,42,0,11,45,0,56,0,35,63,0,98,48,0,48,146
11/01/2017,HHR,CA,AWP,WE,Federal Contract Tower,0,22,16,0,38,0,37,74,0,111,0,59,90,0,149,48,0,48,197
11/02/2017,HHR,CA,AWP,WE,Federal Contract Tower,0,17,18,0,35,0,23,118,0,141,0,40,136,0,176,70,0,70,246
11/03/2017,HHR,CA,AWP,WE,Federal Contract Tower,0,20,14,0,34,0,20,86,0,106,0,40,100,0,140,48,0,48,188
11/04/2017,HHR,CA,AWP,WE,Federal Contract Tower,0,7,14,0,21,0,10,91,2,103,0,17,105,2,124,60,0,60,184
11/05/2017,HHR,CA,AWP,WE,Federal Contract Tower,0,12,6,0,18,0,12,94,0,106,0,24,100,0,124,214,0,214,338
11/06/2017,HHR,CA,AWP,WE,Federal Contract Tower,0,18,10,0,28,0,13,58,0,71,0,31,68,0,99,56,0,56,155
11/07/2017,HHR,CA,AWP,WE,Federal Contract Tower,0,9,15,0,24,0,15,94,1,110,0,24,109,1,134,76,0,76,210
11/08/2017,HHR,CA,AWP,WE,Federal Contract Tower,0,19,16,0,35,0,22,97,1,120,0,41,113,1,155,78,0,78,233
11/09/2017,HHR,CA,AWP,WE,Federal Contract Tower,0,23,9,0,32,0,28,109,0,137,0,51,118,0,169,64,0,64,233
11/10/2017,HHR,CA,AWP,WE,Federal Contract Tower,0,22,18,0,40,0,13,162,0,175,0,35,180,0,215,84,0,84,299
11/11/2017,HHR,CA,AWP,WE,Federal Contract Tower,0,4,7,0,11,0,9,157,0,166,0,13,164,0,177,94,0,94,271
11/12/2017,HHR,CA,AWP,WE,Federal Contract Tower,0,17,6,0,23,0,13,99,0,112,0,30,105,0,135,146,0,146,281
11/13/2017,HHR,CA,AWP,WE,Federal Contract Tower,0,26,13,0,39,0,17,78,0,95,0,43,91,0,134,48,0,48,182
11/14/2017,HHR,CA,AWP,WE,Federal Contract Tower,0,6,6,0,12,0,11,123,0,134,0,17,129,0,146,48,0,48,194
11/15/2017,HHR,CA,AWP,WE,Federal Contract Tower,0,14,11,0,25,0,15,100,0,115,0,29,111,0,140,58,0,58,198
11/16/2017,HHR,CA,AWP,WE,Federal Contract Tower,0,22,16,0,38,0,32,104,0,136,0,54,120,0,174,74,0,74,248
11/17/2017,HHR,CA,AWP,WE,Federal Contract Tower,0,28,27,0,55,0,30,118,0,148,0,58,145,0,203,50,0,50,253
11/18/2017,HHR,CA,AWP,WE,Federal Contract Tower,0,4,12,0,16,0,3,166,0,169,0,7,178,0,185,95,0,95,280
11/19/2017,HHR,CA,AWP,WE,Federal Contract Tower,0,19,10,0,29,0,11,97,0,108,0,30,107,0,137,104,0,104,241
11/20/2017,HHR,CA,AWP,WE,Federal Contract Tower,0,17,12,0,29,0,10,72,0,82,0,27,84,0,111,58,0,58,169
11/21/2017,HHR,CA,AWP,WE,Federal Contract Tower,0,12,5,0,17,0,10,108,0,118,0,22,113,0,135,56,0,56,191
11/22/2017,HHR,CA,AWP,WE,Federal Contract Tower,0,27,12,0,39,0,22,108,0,130,0,49,120,0,169,47,0,47,216
11/23/2017,HHR,CA,AWP,WE,Federal Contract Tower,0,0,0,0,0,0,6,41,0,47,0,6,41,0,47,8,0,8,55
11/24/2017,HHR,CA,AWP,WE,Federal Contract Tower,0,15,6,0,21,0,21,94,0,115,0,36,100,0,136,72,0,72,208
11/25/2017,HHR,CA,AWP,WE,Federal Contract Tower,0,7,8,0,15,0,1,79,0,80,0,8,87,0,95,84,0,84,179
11/26/2017,HHR,CA,AWP,WE,Federal Contract Tower,0,38,19,0,57,0,11,47,0,58,0,49,66,0,115,42,0,42,157
11/27/2017,HHR,CA,AWP,WE,Federal Contract Tower,0,16,14,0,30,0,12,66,0,78,0,28,80,0,108,36,0,36,144
11/28/2017,HHR,CA,AWP,WE,Federal Contract Tower,0,12,12,0,24,0,7,51,0,58,0,19,63,0,82,34,0,34,116
11/29/2017,HHR,CA,AWP,WE,Federal Contract Tower,0,12,14,0,26,0,14,118,0,132,0,26,132,0,158,94,0,94,252
11/30/2017,HHR,CA,AWP,WE,Federal Contract Tower,0,21,13,0,34,0,10,87,0,97,0,31,100,0,131,36,0,36,167
12/01/2017,HHR,CA,AWP,WE,Federal Contract Tower,0,26,11,0,37,0,19,106,0,125,0,45,117,0,162,58,0,58,220
12/02/2017,HHR,CA,AWP,WE,Federal Contract Tower,0,4,2,0,6,0,5,89,0,94,0,9,91,0,100,69,0,69,169
12/03/2017,HHR,CA,AWP,WE,Federal Contract Tower,0,16,6,0,22,0,4,112,0,116,0,20,118,0,138,68,0,68,206
12/04/2017,HHR,CA,AWP,WE,Federal Contract Tower,0,22,8,0,30,0,10,76,0,86,0,32,84,0,116,48,0,48,164
12/05/2017,HHR,CA,AWP,WE,Federal Contract Tower,1,21,15,0,37,0,9,43,0,52,1,30,58,0,89,44,0,44,133
12/06/2017,HHR,CA,AWP,WE,Federal Contract Tower,0,26,15,0,41,0,13,97,0,110,0,39,112,0,151,82,0,82,233
12/07/2017,HHR,CA,AWP,WE,Federal Contract Tower,0,17,11,0,28,0,17,53,0,70,0,34,64,0,98,36,0,36,134
12/08/2017,HHR,CA,AWP,WE,Federal Contract Tower,0,27,11,0,38,0,24,124,4,152,0,51,135,4,190,116,0,116,306
12/09/2017,HHR,CA,AWP,WE,Federal Contract Tower,0,8,5,0,13,0,7,111,0,118,0,15,116,0,131,157,0,157,288
12/10/2017,HHR,CA,AWP,WE,Federal Contract Tower,0,16,7,0,23,1,33,69,0,103,1,49,76,0,126,67,0,67,193
12/11/2017,HHR,CA,AWP,WE,Federal Contract Tower,0,19,10,0,29,0,17,119,0,136,0,36,129,0,165,86,0,86,251
12/12/2017,HHR,CA,AWP,WE,Federal Contract Tower,0,21,12,0,33,0,9,70,0,79,0,30,82,0,112,20,0,20,132
12/13/2017,HHR,CA,AWP,WE,Federal Contract Tower,0,14,16,0,30,0,14,113,0,127,0,28,129,0,157,82,0,82,239
12/14/2017,HHR,CA,AWP,WE,Federal Contract Tower,0,16,12,0,28,0,4,42,37,83,0,20,54,37,111,84,0,84,195
12/15/2017,HHR,CA,AWP,WE,Federal Contract Tower,0,20,8,0,28,0,10,134,0,144,0,30,142,0,172,64,0,64,236
12/16/2017,HHR,CA,AWP,WE,Federal Contract Tower,0,9,9,0,18,0,11,117,0,128,0,20,126,0,146,136,0,136,282
12/17/2017,HHR,CA,AWP,WE,Federal Contract Tower,0,18,6,0,24,0,1,90,0,91,0,19,96,0,115,134,0,134,249
12/18/2017,HHR,CA,AWP,WE,Federal Contract Tower,0,21,12,0,33,0,1,110,0,111,0,22,122,0,144,44,0,44,188
12/19/2017,HHR,CA,AWP,WE,Federal Contract Tower,0,12,17,0,29,0,12,75,0,87,0,24,92,0,116,68,0,68,184
12/20/2017,HHR,CA,AWP,WE,Federal Contract Tower,0,20,15,0,35,0,14,85,0,99,0,34,100,0,134,46,0,46,180
12/21/2017,HHR,CA,AWP,WE,Federal Contract Tower,0,20,14,0,34,0,10,114,0,124,0,30,128,0,158,52,0,52,210
12/22/2017,HHR,CA,AWP,WE,Federal Contract Tower,0,24,12,0,36,0,11,116,0,127,0,35,128,0,163,74,0,74,237
12/23/2017,HHR,CA,AWP,WE,Federal Contract Tower,0,6,9,0,15,0,12,99,2,113,0,18,108,2,128,50,0,50,178
12/24/2017,HHR,CA,AWP,WE,Federal Contract Tower,0,3,3,0,6,0,4,52,0,56,0,7,55,0,62,16,0,16,78
12/25/2017,HHR,CA,AWP,WE,Federal Contract Tower,0,3,1,0,4,0,2,28,0,30,0,5,29,0,34,2,0,2,36
12/26/2017,HHR,CA,AWP,WE,Federal Contract Tower,0,26,5,0,31,0,13,51,0,64,0,39,56,0,95,28,0,28,123
12/27/2017,HHR,CA,AWP,WE,Federal Contract Tower,0,13,13,0,26,0,9,92,0,101,0,22,105,0,127,74,0,74,201
12/28/2017,HHR,CA,AWP,WE,Federal Contract Tower,0,23,10,0,33,0,13,96,1,110,0,36,106,1,143,50,0,50,193
12/29/2017,HHR,CA,AWP,WE,Federal Contract Tower,0,16,7,0,23,0,7,90,0,97,0,23,97,0,120,116,0,116,236
12/30/2017,HHR,CA,AWP,WE,Federal Contract Tower,0,4,9,0,13,0,0,101,0,101,0,4,110,0,114,24,0,24,138
12/31/2017,HHR,CA,AWP,WE,Federal Contract Tower,0,10,5,0,15,0,0,26,0,26,0,10,31,0,41,30,0,30,71
01/01/2018,HHR,CA,AWP,WE,Federal Contract Tower,0,20,10,0,30,0,0,59,0,59,0,20,69,0,89,44,0,44,133
01/02/2018,HHR,CA,AWP,WE,Federal Contract Tower,0,21,6,0,27,0,5,39,0,44,0,26,45,0,71,36,0,36,107
01/03/2018,HHR,CA,AWP,WE,Federal Contract Tower,0,20,8,0,28,0,14,68,1,83,0,34,76,1,111,52,0,52,163
01/04/2018,HHR,CA,AWP,WE,Federal Contract Tower,0,17,11,0,28,0,14,99,0,113,0,31,110,0,141,78,0,78,219
01/05/2018,HHR,CA,AWP,WE,Federal Contract Tower,0,19,12,0,31,0,4,57,0,61,0,23,69,0,92,58,0,58,150
01/06/2018,HHR,CA,AWP,WE,Federal Contract Tower,0,3,7,0,10,0,0,28,0,28,0,3,35,0,38,42,0,42,80
01/07/2018,HHR,CA,AWP,WE,Federal Contract Tower,0,13,14,0,27,0,4,61,0,65,0,17,75,0,92,108,0,108,200
01/08/2018,HHR,CA,AWP,WE,Federal Contract Tower,0,13,7,0,20,0,6,21,0,27,0,19,28,0,47,16,0,16,63
01/09/2018,HHR,CA,AWP,WE,Federal Contract Tower,0,12,3,0,15,0,2,13,0,15,0,14,16,0,30,20,0,20,50
01/10/2018,HHR,CA,AWP,WE,Federal Contract Tower,0,19,9,0,28,0,13,104,0,117,0,32,113,0,145,114,0,114,259
01/11/2018,HHR,CA,AWP,WE,Federal Contract Tower,0,26,9,0,35,0,15,88,0,103,0,41,97,0,138,132,0,132,270
01/12/2018,HHR,CA,AWP,WE,Federal Contract Tower,0,33,30,2,65,0,12,87,0,99,0,45,117,2,164,88,0,88,252
01/13/2018,HHR,CA,AWP,WE,Federal Contract Tower,0,7,12,0,19,0,3,102,0,105,0,10,114,0,124,154,0,154,278
01/14/2018,HHR,CA,AWP,WE,Federal Contract Tower,0,4,12,1,17,0,4,121,0,125,0,8,133,1,142,118,0,118,260
01/15/2018,HHR,CA,AWP,WE,Federal Contract Tower,0,27,15,0,42,0,9,120,0,129,0,36,135,0,171,96,0,96,267
01/16/2018,HHR,CA,AWP,WE,Federal Contract Tower,0,14,14,0,28,0,4,95,1,100,0,18,109,1,128,41,0,41,169
01/17/2018,HHR,CA,AWP,WE,Federal Contract Tower,0,19,16,0,35,0,14,108,0,122,0,33,124,0,157,104,0,104,261
01/18/2018,HHR,CA,AWP,WE,Federal Contract Tower,0,18,14,0,32,0,15,88,0,103,0,33,102,0,135,104,0,104,239
01/19/2018,HHR,CA,AWP,WE,Federal Contract Tower,0,31,31,0,62,0,9,107,0,116,0,40,138,0,178,72,0,72,250
01/20/2018,HHR,CA,AWP,WE,Federal Contract Tower,0,3,9,0,12,0,2,75,0,77,0,5,84,0,89,50,0,50,139
01/21/2018,HHR,CA,AWP,WE,Federal Contract Tower,0,11,16,0,27,0,4,85,0,89,0,15,101,0,116,124,0,124,240
01/22/2018,HHR,CA,AWP,WE,Federal Contract Tower,0,14,16,0,30,0,2,115,0,117,0,16,131,0,147,110,0,110,257
01/23/2018,HHR,CA,AWP,WE,Federal Contract Tower,0,5,15,0,20,0,4,118,0,122,0,9,133,0,142,74,0,74,216
01/24/2018,HHR,CA,AWP,WE,Federal Contract Tower,0,17,12,0,29,0,6,113,0,119,0,23,125,0,148,120,0,120,268
01/25/2018,HHR,CA,AWP,WE,Federal Contract Tower,0,22,17,0,39,0,7,88,0,95,0,29,105,0,134,98,0,98,232
01/26/2018,HHR,CA,AWP,WE,Federal Contract Tower,0,17,24,0,41,0,14,144,0,158,0,31,168,0,199,110,0,110,309
01/27/2018,HHR,CA,AWP,WE,Federal Contract Tower,0,4,12,0,16,0,6,157,0,163,0,10,169,0,179,94,0,94,273
01/28/2018,HHR,CA,AWP,WE,Federal Contract Tower,0,10,7,0,17,0,4,94,0,98,0,14,101,0,115,98,0,98,213
01/29/2018,HHR,CA,AWP,WE,Federal Contract Tower,0,15,9,0,24,0,4,91,0,95,0,19,100,0,119,92,0,92,211
01/30/2018,HHR,CA,AWP,WE,Federal Contract Tower,0,14,16,0,30,0,11,103,0,114,0,25,119,0,144,130,0,130,274
01/31/2018,HHR,CA,AWP,WE,Federal Contract Tower,0,23,10,0,33,0,14,112,0,126,0,37,122,0,159,120,0,120,279
02/01/2018,HHR,CA,AWP,WE,Federal Contract Tower,0,27,18,0,45,0,18,106,0,124,0,45,124,0,169,80,0,80,249
02/02/2018,HHR,CA,AWP,WE,Federal Contract Tower,0,31,13,0,44,0,17,117,0,134,0,48,130,0,178,80,0,80,258
02/03/2018,HHR,CA,AWP,WE,Federal Contract Tower,0,12,4,0,16,0,9,86,0,95,0,21,90,0,111,85,0,85,196
02/04/2018,HHR,CA,AWP,WE,Federal Contract Tower,0,16,6,0,22,0,4,56,0,60,0,20,62,0,82,68,0,68,150
02/05/2018,HHR,CA,AWP,WE,Federal Contract Tower,0,24,16,0,40,0,6,77,0,83,0,30,93,0,123,68,0,68,191
02/06/2018,HHR,CA,AWP,WE,Federal Contract Tower,0,11,21,0,32,0,7,69,0,76,0,18,90,0,108,124,0,124,232
02/07/2018,HHR,CA,AWP,WE,Federal Contract Tower,0,23,18,1,42,0,30,138,0,168,0,53,156,1,210,134,0,134,344
02/08/2018,HHR,CA,AWP,WE,Federal Contract Tower,0,23,13,0,36,0,15,95,0,110,0,38,108,0,146,62,0,62,208
02/09/2018,HHR,CA,AWP,WE,Federal Contract Tower,0,24,23,0,47,0,4,69,0,73,0,28,92,0,120,94,0,94,214
02/10/2018,HHR,CA,AWP,WE,Federal Contract Tower,0,16,11,0,27,0,13,110,0,123,0,29,121,0,150,138,0,138,288
02/11/2018,HHR,CA,AWP,WE,Federal Contract Tower,0,21,12,0,33,0,6,180,0,186,0,27,192,0,219,110,0,110,329
02/12/2018,HHR,CA,AWP,WE,Federal Contract Tower,0,18,11,0,29,0,3,83,0,86,0,21,94,0,115,66,0,66,181
02/13/2018,HHR,CA,AWP,WE,Federal Contract Tower,0,11,13,0,24,0,11,74,1,86,0,22,87,1,110,66,0,66,176
02/14/2018,HHR,CA,AWP,WE,Federal Contract Tower,0,26,8,0,34,0,14,95,0,109,0,40,103,0,143,142,0,142,285
02/15/2018,HHR,CA,AWP,WE,Federal Contract Tower,0,32,17,0,49,0,55,92,0,147,0,87,109,0,196,142,0,142,338
02/16/2018,HHR,CA,AWP,WE,Federal Contract Tower,0,33,21,0,54,0,12,145,0,157,0,45,166,0,211,111,0,111,322
02/17/2018,HHR,CA,AWP,WE,Federal Contract Tower,0,9,8,0,17,0,2,137,2,141,0,11,145,2,158,102,0,102,260
02/18/2018,HHR,CA,AWP,WE,Federal Contract Tower,1,9,11,0,21,0,4,97,0,101,1,13,108,0,122,30,0,30,152
02/19/2018,HHR,CA,AWP,WE,Federal Contract Tower,0,26,19,0,45,0,0,47,0,47,0,26,66,0,92,16,0,16,108
02/20/2018,HHR,CA,AWP,WE,Federal Contract Tower,0,22,19,0,41,0,9,110,1,120,0,31,129,1,161,112,0,112,273
02/21/2018,HHR,CA,AWP,WE,Federal Contract Tower,0,22,13,0,35,0,13,118,0,131,0,35,131,0,166,120,0,120,286
02/22/2018,HHR,CA,AWP,WE,Federal Contract Tower,0,31,18,0,49,0,15,113,0,128,0,46,131,0,177,166,0,166,343
02/23/2018,HHR,CA,AWP,WE,Federal Contract Tower,0,23,13,0,36,0,6,81,0,87,0,29,94,0,123,66,0,66,189
02/24/2018,HHR,CA,AWP,WE,Federal Contract Tower,0,4,16,2,22,0,4,107,0,111,0,8,123,2,133,56,0,56,189
02/25/2018,HHR,CA,AWP,WE,Federal Contract Tower,0,21,5,0,26,0,4,111,0,115,0,25,116,0,141,106,0,106,247
02/26/2018,HHR,CA,AWP,WE,Federal Contract Tower,0,22,10,0,32,0,7,83,0,90,0,29,93,0,122,42,0,42,164
02/27/2018,HHR,CA,AWP,WE,Federal Contract Tower,0,12,9,0,21,0,12,89,0,101,0,24,98,0,122,72,0,72,194
02/28/2018,HHR,CA,AWP,WE,Federal Contract Tower,0,19,10,0,29,0,7,133,0,140,0,26,143,0,169,92,0,92,261
03/01/2018,HHR,CA,AWP,WE,Federal Contract Tower,0,17,12,0,29,0,9,58,0,67,0,26,70,0,96,136,0,136,232
03/02/2018,HHR,CA,AWP,WE,Federal Contract Tower,0,16,18,0,34,0,5,18,0,23,0,21,36,0,57,0,0,0,57
03/03/2018,HHR,CA,AWP,WE,Federal Contract Tower,0,7,3,0,10,0,0,59,0,59,0,7,62,0,69,62,0,62,131
03/04/2018,HHR,CA,AWP,WE,Federal Contract Tower,0,13,7,0,20,0,9,119,0,128,0,22,126,0,148,66,0,66,214
03/05/2018,HHR,CA,AWP,WE,Federal Contract Tower,0,22,8,0,30,0,13,100,0,113,0,35,108,0,143,70,0,70,213
03/06/2018,HHR,CA,AWP,WE,Federal Contract Tower,0,13,10,0,23,0,8,92,0,100,0,21,102,0,123,100,0,100,223
03/07/2018,HHR,CA,AWP,WE,Federal Contract Tower,0,13,15,0,28,0,8,111,0,119,0,21,126,0,147,98,0,98,245
03/08/2018,HHR,CA,AWP,WE,Federal Contract Tower,0,14,9,0,23,0,3,76,0,79,0,17,85,0,102,135,0,135,237
03/09/2018,HHR,CA,AWP,WE,Federal Contract Tower,0,18,25,0,43,0,8,85,0,93,0,26,110,0,136,122,0,122,258
03/10/2018,HHR,CA,AWP,WE,Federal Contract Tower,0,5,10,0,15,0,0,1,0,1,0,5,11,0,16,0,0,0,16
03/11/2018,HHR,CA,AWP,WE,Federal Contract Tower,0,10,16,0,26,0,4,11,0,15,0,14,27,0,41,16,0,16,57
03/12/2018,HHR,CA,AWP,WE,Federal Contract Tower,0,21,18,0,39,0,0,27,0,27,0,21,45,0,66,34,0,34,100
03/13/2018,HHR,CA,AWP,WE,Federal Contract Tower,0,12,12,0,24,0,0,15,0,15,0,12,27,0,39,8,0,8,47
03/14/2018,HHR,CA,AWP,WE,Federal Contract Tower,0,18,16,0,34,0,8,64,0,72,0,26,80,0,106,162,0,162,268
03/15/2018,HHR,CA,AWP,WE,Federal Contract Tower,0,17,18,0,35,0,7,92,0,99,0,24,110,0,134,54,0,54,188
03/16/2018,HHR,CA,AWP,WE,Federal Contract Tower,0,21,20,0,41,0,5,68,0,73,0,26,88,0,114,128,0,128,242
03/17/2018,HHR,CA,AWP,WE,Federal Contract Tower,0,3,8,0,11,0,1,88,0,89,0,4,96,0,100,118,0,118,218
03/18/2018,HHR,CA,AWP,WE,Federal Contract Tower,0,20,7,0,27,0,8,71,0,79,0,28,78,0,106,80,0,80,186
03/19/2018,HHR,CA,AWP,WE,Federal Contract Tower,0,16,10,0,26,0,1,118,0,119,0,17,128,0,145,106,0,106,251
03/20/2018,HHR,CA,AWP,WE,Federal Contract Tower,0,18,13,0,31,0,10,85,0,95,0,28,98,0,126,46,0,46,172
03/21/2018,HHR,CA,AWP,WE,Federal Contract Tower,0,26,7,2,35,0,8,37,0,45,0,34,44,2,80,56,0,56,136
03/22/2018,HHR,CA,AWP,WE,Federal Contract Tower,0,7,15,0,22,0,8,9,0,17,0,15,24,0,39,4,0,4,43
03/25/2018,HHR,CA,AWP,WE,Federal Contract Tower,0,12,15,0,27,0,6,90,0,96,0,18,105,0,123,66,0,66,189
03/26/2018,HHR,CA,AWP,WE,Federal Contract Tower,0,18,13,0,31,0,4,76,0,80,0,22,89,0,111,100,0,100,211
03/27/2018,HHR,CA,AWP,WE,Federal Contract Tower,0,11,7,0,18,0,9,136,0,145,0,20,143,0,163,138,0,138,301
03/28/2018,HHR,CA,AWP,WE,Federal Contract Tower,0,26,20,0,46,0,7,133,2,142,0,33,153,2,188,158,0,158,346
03/29/2018,HHR,CA,AWP,WE,Federal Contract Tower,0,12,13,0,25,0,6,81,0,87,0,18,94,0,112,174,0,174,286
03/30/2018,HHR,CA,AWP,WE,Federal Contract Tower,0,20,18,0,38,0,5,101,0,106,0,25,119,0,144,74,0,74,218
03/31/2018,HHR,CA,AWP,WE,Federal Contract Tower,0,6,7,0,13,0,0,81,0,81,0,6,88,0,94,48,0,48,142
04/01/2018,HHR,CA,AWP,WE,Federal Contract Tower,0,19,14,0,33,0,3,43,0,46,0,22,57,0,79,10,0,10,89
04/02/2018,HHR,CA,AWP,WE,Federal Contract Tower,0,20,18,0,38,0,2,103,0,105,0,22,121,0,143,208,0,208,351
04/03/2018,HHR,CA,AWP,WE,Federal Contract Tower,0,14,11,0,25,0,3,94,0,97,0,17,105,0,122,144,0,144,266
04/04/2018,HHR,CA,AWP,WE,Federal Contract Tower,0,17,28,0,45,0,3,55,0,58,0,20,83,0,103,107,0,107,210
04/05/2018,HHR,CA,AWP,WE,Federal Contract Tower,0,21,21,0,42,0,3,76,0,79,0,24,97,0,121,38,0,38,159
04/06/2018,HHR,CA,AWP,WE,Federal Contract Tower,0,27,20,0,47,0,4,102,0,106,0,31,122,0,153,128,0,128,281
04/07/2018,HHR,CA,AWP,WE,Federal Contract Tower,0,2,15,2,19,0,0,65,0,65,0,2,80,2,84,92,0,92,176
04/08/2018,HHR,CA,AWP,WE,Federal Contract Tower,0,15,16,0,31,0,5,87,0,92,0,20,103,0,123,88,0,88,211
04/09/2018,HHR,CA,AWP,WE,Federal Contract Tower,0,18,5,0,23,0,1,114,0,115,0,19,119,0,138,182,0,182,320
04/10/2018,HHR,CA,AWP,WE,Federal Contract Tower,0,17,9,0,26,0,3,91,0,94,0,20,100,0,120,74,0,74,194
04/11/2018,HHR,CA,AWP,WE,Federal Contract Tower,0,14,13,0,27,0,8,64,0,72,0,22,77,0,99,88,0,88,187
04/12/2018,HHR,CA,AWP,WE,Federal Contract Tower,0,18,21,0,39,0,3,79,0,82,0,21,100,0,121,46,0,46,167
04/13/2018,HHR,CA,AWP,WE,Federal Contract Tower,0,34,19,0,53,0,7,149,0,156,0,41,168,0,209,136,0,136,345
04/14/2018,HHR,CA,AWP,WE,Federal Contract Tower,0,7,11,0,18,0,0,103,0,103,0,7,114,0,121,131,0,131,252
04/15/2018,HHR,CA,AWP,WE,Federal Contract Tower,0,20,9,0,29,0,9,109,0,118,0,29,118,0,147,76,0,76,223
04/16/2018,HHR,CA,AWP,WE,Federal Contract Tower,0,32,18,0,50,0,5,49,0,54,0,37,67,0,104,30,0,30,134
04/17/2018,HHR,CA,AWP,WE,Federal Contract Tower,0,15,10,0,25,0,3,110,0,113,0,18,120,0,138,67,0,67,205
04/18/2018,HHR,CA,AWP,WE,Federal Contract Tower,0,24,7,0,31,0,8,152,0,160,0,32,159,0,191,152,0,152,343
04/19/2018,HHR,CA,AWP,WE,Federal Contract Tower,0,26,16,0,42,0,12,73,0,85,0,38,89,0,127,54,0,54,181
04/20/2018,HHR,CA,AWP,WE,Federal Contract Tower,0,26,16,0,42,0,0,117,0,117,0,26,133,0,159,110,0,110,269
04/21/2018,HHR,CA,AWP,WE,Federal Contract Tower,0,10,14,0,24,0,0,98,0,98,0,10,112,0,122,128,0,128,250
04/22/2018,HHR,CA,AWP,WE,Federal Contract Tower,0,19,15,0,34,0,4,99,0,103,0,23,114,0,137,126,0,126,263
04/23/2018,HHR,CA,AWP,WE,Federal Contract Tower,0,27,16,0,43,0,1,69,0,70,0,28,85,0,113,40,0,40,153
04/24/2018,HHR,CA,AWP,WE,Federal Contract Tower,0,20,17,0,37,0,9,85,0,94,0,29,102,0,131,130,0,130,261
04/25/2018,HHR,CA,AWP,WE,Federal Contract Tower,0,24,13,0,37,0,5,81,0,86,0,29,94,0,123,168,0,168,291
04/26/2018,HHR,CA,AWP,WE,Federal Contract Tower,0,22,13,0,35,0,5,62,1,68,0,27,75,1,103,102,0,102,205
04/27/2018,HHR,CA,AWP,WE,Federal Contract Tower,0,32,16,0,48,0,5,99,0,104,0,37,115,0,152,146,0,146,298
04/28/2018,HHR,CA,AWP,WE,Federal Contract Tower,0,7,14,0,21,0,5,97,0,102,0,12,111,0,123,147,0,147,270
04/29/2018,HHR,CA,AWP,WE,Federal Contract Tower,0,13,9,0,22,0,4,66,0,70,0,17,75,0,92,163,2,165,257
04/30/2018,HHR,CA,AWP,WE,Federal Contract Tower,0,16,17,0,33,0,1,46,0,47,0,17,63,0,80,42,0,42,122
05/01/2018,HHR,CA,AWP,WE,Federal Contract Tower,0,19,26,0,45,0,6,68,0,74,0,25,94,0,119,32,0,32,151
05/02/2018,HHR,CA,AWP,WE,Federal Contract Tower,0,21,18,0,39,0,3,90,0,93,0,24,108,0,132,131,0,131,263
05/03/2018,HHR,CA,AWP,WE,Federal Contract Tower,0,19,9,0,28,0,7,81,1,89,0,26,90,1,117,68,0,68,185
05/04/2018,HHR,CA,AWP,WE,Federal Contract Tower,0,21,17,1,39,0,8,126,0,134,0,29,143,1,173,116,0,116,289
05/05/2018,HHR,CA,AWP,WE,Federal Contract Tower,0,10,6,0,16,0,6,82,0,88,0,16,88,0,104,103,0,103,207
05/06/2018,HHR,CA,AWP,WE,Federal Contract Tower,0,15,9,1,25,0,6,97,0,103,0,21,106,1,128,162,0,162,290
05/07/2018,HHR,CA,AWP,WE,Federal Contract Tower,0,20,13,0,33,0,2,103,0,105,0,22,116,0,138,108,0,108,246
05/08/2018,HHR,CA,AWP,WE,Federal Contract Tower,0,10,15,0,25,0,6,86,0,92,0,16,101,0,117,90,0,90,207
05/09/2018,HHR,CA,AWP,WE,Federal Contract Tower,0,24,5,1,30,0,11,88,0,99,0,35,93,1,129,100,0,100,229
05/10/2018,HHR,CA,AWP,WE,Federal Contract Tower,0,28,12,0,40,0,11,92,0,103,0,39,104,0,143,124,0,124,267
05/11/2018,HHR,CA,AWP,WE,Federal Contract Tower,0,22,32,0,54,0,3,43,0,46,0,25,75,0,100,76,0,76,176
05/12/2018,HHR,CA,AWP,WE,Federal Contract Tower,0,10,17,0,27,0,0,60,0,60,0,10,77,0,87,130,0,130,217
05/13/2018,HHR,CA,AWP,WE,Federal Contract Tower,0,12,12,0,24,0,4,40,0,44,0,16,52,0,68,72,0,72,140
05/14/2018,HHR,CA,AWP,WE,Federal Contract Tower,0,27,15,0,42,0,2,91,0,93,0,29,106,0,135,102,0,102,237
05/15/2018,HHR,CA,AWP,WE,Federal Contract Tower,0,9,17,0,26,0,10,93,0,103,0,19,110,0,129,140,0,140,269
05/16/2018,HHR,CA,AWP,WE,Federal Contract Tower,0,27,8,0,35,0,13,94,0,107,0,40,102,0,142,128,0,128,270
05/17/2018,HHR,CA,AWP,WE,Federal Contract Tower,0,25,27,0,52,0,4,99,0,103,0,29,126,0,155,130,0,130,285
05/18/2018,HHR,CA,AWP,WE,Federal Contract Tower,0,21,26,0,47,0,5,74,0,79,0,26,100,0,126,106,0,106,232
05/19/2018,HHR,CA,AWP,WE,Federal Contract Tower,0,9,17,0,26,0,0,66,0,66,0,9,83,0,92,82,0,82,174
05/20/2018,HHR,CA,AWP,WE,Federal Contract Tower,0,23,29,0,52,0,3,54,0,57,0,26,83,0,109,118,0,118,227
05/21/2018,HHR,CA,AWP,WE,Federal Contract Tower,0,16,24,0,40,0,4,27,0,31,0,20,51,0,71,58,2,60,131
05/22/2018,HHR,CA,AWP,WE,Federal Contract Tower,0,9,24,3,36,0,5,69,0,74,0,14,93,3,110,204,0,204,314
05/23/2018,HHR,CA,AWP,WE,Federal Contract Tower,0,18,26,0,44,0,8,85,0,93,0,26,111,0,137,194,0,194,331
05/24/2018,HHR,CA,AWP,WE,Federal Contract Tower,0,24,26,0,50,0,3,46,0,49,0,27,72,0,99,126,0,126,225
05/25/2018,HHR,CA,AWP,WE,Federal Contract Tower,0,25,34,0,59,0,4,74,0,78,0,29,108,0,137,100,0,100,237
05/26/2018,HHR,CA,AWP,WE,Federal Contract Tower,0,9,17,0,26,0,2,86,0,88,0,11,103,0,114,90,0,90,204
05/27/2018,HHR,CA,AWP,WE,Federal Contract Tower,0,10,13,0,23,0,6,67,0,73,0,16,80,0,96,130,0,130,226
05/28/2018,HHR,CA,AWP,WE,Federal Contract Tower,0,34,20,0,54,0,2,79,0,81,0,36,99,0,135,76,0,76,211
05/29/2018,HHR,CA,AWP,WE,Federal Contract Tower,0,19,25,0,44,0,2,33,0,35,0,21,58,0,79,36,0,36,115
05/30/2018,HHR,CA,AWP,WE,Federal Contract Tower,0,24,31,0,55,0,8,44,0,52,0,32,75,0,107,110,0,110,217
05/31/2018,HHR,CA,AWP,WE,Federal Contract Tower,0,23,19,0,42,0,4,95,0,99,0,27,114,0,141,126,0,126,267
06/01/2018,HHR,CA,AWP,WE,Federal Contract Tower,0,19,24,0,43,0,9,91,1,101,0,28,115,1,144,72,0,72,216
06/02/2018,HHR,CA,AWP,WE,Federal Contract Tower,0,8,3,0,11,0,0,95,0,95,0,8,98,0,106,128,0,128,234
06/03/2018,HHR,CA,AWP,WE,Federal Contract Tower,0,15,8,0,23,0,2,80,0,82,0,17,88,0,105,97,0,97,202
06/04/2018,HHR,CA,AWP,WE,Federal Contract Tower,0,11,11,0,22,0,4,46,0,50,0,15,57,0,72,32,0,32,104
06/05/2018,HHR,CA,AWP,WE,Federal Contract Tower,0,20,36,0,56,0,4,58,0,62,0,24,94,0,118,56,0,56,174
06/06/2018,HHR,CA,AWP,WE,Federal Contract Tower,0,18,26,0,44,0,9,84,0,93,0,27,110,0,137,183,0,183,320
06/07/2018,HHR,CA,AWP,WE,Federal Contract Tower,0,18,20,0,38,0,3,78,2,83,0,21,98,2,121,198,0,198,319
06/08/2018,HHR,CA,AWP,WE,Federal Contract Tower,0,19,18,0,37,0,6,119,0,125,0,25,137,0,162,84,0,84,246
06/09/2018,HHR,CA,AWP,WE,Federal Contract Tower,0,0,18,0,18,0,2,110,0,112,0,2,128,0,130,120,0,120,250
06/10/2018,HHR,CA,AWP,WE,Federal Contract Tower,0,10,3,0,13,0,3,54,0,57,0,13,57,0,70,66,0,66,136
06/11/2018,HHR,CA,AWP,WE,Federal Contract Tower,0,13,12,0,25,0,2,69,0,71,0,15,81,0,96,123,0,123,219
06/12/2018,HHR,CA,AWP,WE,Federal Contract Tower,0,17,18,0,35,0,13,80,0,93,0,30,98,0,128,128,0,128,256
06/13/2018,HHR,CA,AWP,WE,Federal Contract Tower,0,16,18,0,34,0,4,54,0,58,0,20,72,0,92,98,0,98,190
06/14/2018,HHR,CA,AWP,WE,Federal Contract Tower,0,16,22,0,38,0,4,76,1,81,0,20,98,1,119,134,0,134,253
06/15/2018,HHR,CA,AWP,WE,Federal Contract Tower,0,20,27,0,47,0,7,91,0,98,0,27,118,0,145,172,0,172,317
06/16/2018,HHR,CA,AWP,WE,Federal Contract Tower,0,2,13,0,15,0,0,44,0,44,0,2,57,0,59,112,0,112,171
06/17/2018,HHR,CA,AWP,WE,Federal Contract Tower,0,9,15,0,24,0,4,73,0,77,0,13,88,0,101,174,0,174,275
06/18/2018,HHR,CA,AWP,WE,Federal Contract Tower,0,11,14,0,25,0,6,79,0,85,0,17,93,0,110,104,0,104,214
06/19/2018,HHR,CA,AWP,WE,Federal Contract Tower,0,9,24,0,33,0,5,62,0,67,0,14,86,0,100,128,0,128,228
06/20/2018,HHR,CA,AWP,WE,Federal Contract Tower,0,18,20,0,38,0,4,86,0,90,0,22,106,0,128,204,0,204,332
06/21/2018,HHR,CA,AWP,WE,Federal Contract Tower,0,24,22,0,46,0,1,61,0,62,0,25,83,0,108,64,0,64,172
06/22/2018,HHR,CA,AWP,WE,Federal Contract Tower,0,19,27,0,46,0,8,62,0,70,0,27,89,0,116,41,0,41,157
06/23/2018,HHR,CA,AWP,WE,Federal Contract Tower,0,9,24,0,33,0,0,43,0,43,0,9,67,0,76,139,0,139,215
06/24/2018,HHR,CA,AWP,WE,Federal Contract Tower,0,12,15,0,27,0,8,78,0,86,0,20,93,0,113,96,0,96,209
06/25/2018,HHR,CA,AWP,WE,Federal Contract Tower,0,26,29,0,55,0,5,79,0,84,0,31,108,0,139,73,0,73,212
06/26/2018,HHR,CA,AWP,WE,Federal Contract Tower,0,8,30,0,38,0,5,142,0,147,0,13,172,0,185,88,0,88,273
06/27/2018,HHR,CA,AWP,WE,Federal Contract Tower,0,14,20,0,34,0,5,82,2,89,0,19,102,2,123,134,0,134,257
06/28/2018,HHR,CA,AWP,WE,Federal Contract Tower,0,12,15,0,27,0,0,93,0,93,0,12,108,0,120,50,0,50,170
06/29/2018,HHR,CA,AWP,WE,Federal Contract Tower,0,19,17,0,36,0,6,70,0,76,0,25,87,0,112,115,0,115,227
06/30/2018,HHR,CA,AWP,WE,Federal Contract Tower,0,6,10,0,16,0,1,73,0,74,0,7,83,0,90,106,0,106,196
07/01/2018,HHR,CA,AWP,WE,Federal Contract Tower,0,14,10,0,24,0,2,119,0,121,0,16,129,0,145,109,0,109,254
07/02/2018,HHR,CA,AWP,WE,Federal Contract Tower,0,15,14,0,29,0,3,80,0,83,0,18,94,0,112,94,0,94,206
07/03/2018,HHR,CA,AWP,WE,Federal Contract Tower,0,6,19,0,25,0,0,0,0,0,0,6,19,0,25,240,0,240,265
07/04/2018,HHR,CA,AWP,WE,Federal Contract Tower,0,5,3,0,8,0,1,62,0,63,0,6,65,0,71,104,0,104,175
07/05/2018,HHR,CA,AWP,WE,Federal Contract Tower,0,13,20,0,33,0,6,98,0,104,0,19,118,0,137,78,0,78,215
07/06/2018,HHR,CA,AWP,WE,Federal Contract Tower,0,13,6,0,19,0,9,88,0,97,0,22,94,0,116,134,0,134,250
07/07/2018,HHR,CA,AWP,WE,Federal Contract Tower,0,1,1,0,2,0,1,71,0,72,0,2,72,0,74,130,0,130,204
07/08/2018,HHR,CA,AWP,WE,Federal Contract Tower,0,11,13,0,24,0,2,79,0,81,0,13,92,0,105,126,0,126,231
07/09/2018,HHR,CA,AWP,WE,Federal Contract Tower,0,17,24,0,41,0,6,80,0,86,0,23,104,0,127,75,0,75,202
07/10/2018,HHR,CA,AWP,WE,Federal Contract Tower,0,11,21,0,32,0,4,112,0,116,0,15,133,0,148,120,0,120,268
07/11/2018,HHR,CA,AWP,WE,Federal Contract Tower,0,9,21,0,30,0,13,99,0,112,0,22,120,0,142,106,0,106,248
07/12/2018,HHR,CA,AWP,WE,Federal Contract Tower,0,14,14,0,28,0,6,97,0,103,0,20,111,0,131,104,0,104,235
07/13/2018,HHR,CA,AWP,WE,Federal Contract Tower,0,21,13,0,34,0,13,86,0,99,0,34,99,0,133,82,0,82,215
07/14/2018,HHR,CA,AWP,WE,Federal Contract Tower,0,3,9,0,12,0,0,90,0,90,0,3,99,0,102,150,0,150,252
07/15/2018,HHR,CA,AWP,WE,Federal Contract Tower,0,14,19,0,33,0,0,72,0,72,0,14,91,0,105,103,0,103,208
07/16/2018,HHR,CA,AWP,WE,Federal Contract Tower,0,12,20,0,32,0,1,90,0,91,0,13,110,0,123,78,0,78,201
07/17/2018,HHR,CA,AWP,WE,Federal Contract Tower,0,10,22,0,32,0,4,64,0,68,0,14,86,0,100,55,0,55,155
07/18/2018,HHR,CA,AWP,WE,Federal Contract Tower,0,23,20,0,43,0,3,87,0,90,0,26,107,0,133,111,0,111,244
07/19/2018,HHR,CA,AWP,WE,Federal Contract Tower,0,18,11,0,29,0,11,94,0,105,0,29,105,0,134,46,0,46,180
07/20/2018,HHR,CA,AWP,WE,Federal Contract Tower,0,15,19,0,34,0,8,97,0,105,0,23,116,0,139,75,0,75,214
07/21/2018,HHR,CA,AWP,WE,Federal Contract Tower,0,5,12,0,17,0,3,141,0,144,0,8,153,0,161,196,0,196,357
07/22/2018,HHR,CA,AWP,WE,Federal Contract Tower,0,9,17,0,26,0,0,101,0,101,0,9,118,0,127,122,0,122,249
07/23/2018,HHR,CA,AWP,WE,Federal Contract Tower,0,15,19,0,34,0,3,92,0,95,0,18,111,0,129,92,0,92,221
07/24/2018,HHR,CA,AWP,WE,Federal Contract Tower,0,8,18,0,26,0,7,94,0,101,0,15,112,0,127,112,0,112,239
07/25/2018,HHR,CA,AWP,WE,Federal Contract Tower,0,17,11,0,28,0,9,114,0,123,0,26,125,0,151,133,0,133,284
07/26/2018,HHR,CA,AWP,WE,Federal Contract Tower,0,16,12,0,28,0,5,73,0,78,0,21,85,0,106,175,0,175,281
07/27/2018,HHR,CA,AWP,WE,Federal Contract Tower,0,14,20,0,34,0,4,74,0,78,0,18,94,0,112,132,0,132,244
07/28/2018,HHR,CA,AWP,WE,Federal Contract Tower,0,6,10,0,16,0,0,108,0,108,0,6,118,0,124,159,0,159,283
07/29/2018,HHR,CA,AWP,WE,Federal Contract Tower,0,18,9,0,27,0,0,116,0,116,0,18,125,0,143,151,0,151,294
07/30/2018,HHR,CA,AWP,WE,Federal Contract Tower,0,11,9,0,20,0,0,104,0,104,0,11,113,0,124,116,0,116,240
07/31/2018,HHR,CA,AWP,WE,Federal Contract Tower,0,10,19,0,29,0,8,116,0,124,0,18,135,0,153,124,0,124,277
08/01/2018,HHR,CA,AWP,WE,Federal Contract Tower,0,12,7,0,19,0,8,82,0,90,0,20,89,0,109,97,0,97,206
08/02/2018,HHR,CA,AWP,WE,Federal Contract Tower,0,13,16,0,29,0,3,78,0,81,0,16,94,0,110,83,0,83,193
08/03/2018,HHR,CA,AWP,WE,Federal Contract Tower,0,13,10,0,23,0,4,106,0,110,0,17,116,0,133,122,0,122,255
08/04/2018,HHR,CA,AWP,WE,Federal Contract Tower,0,4,14,0,18,0,1,128,0,129,0,5,142,0,147,218,0,218,365
08/05/2018,HHR,CA,AWP,WE,Federal Contract Tower,0,14,11,0,25,0,10,115,0,125,0,24,126,0,150,63,0,63,213
08/06/2018,HHR,CA,AWP,WE,Federal Contract Tower,0,14,10,0,24,0,4,108,0,112,0,18,118,0,136,84,0,84,220
08/07/2018,HHR,CA,AWP,WE,Federal Contract Tower,0,10,14,0,24,0,17,75,0,92,0,27,89,0,116,136,0,136,252
08/08/2018,HHR,CA,AWP,WE,Federal Contract Tower,0,11,7,0,18,0,7,92,0,99,0,18,99,0,117,148,0,148,265
08/09/2018,HHR,CA,AWP,WE,Federal Contract Tower,0,20,13,0,33,0,4,79,0,83,0,24,92,0,116,172,0,172,288
08/10/2018,HHR,CA,AWP,WE,Federal Contract Tower,0,16,11,0,27,0,3,82,0,85,0,19,93,0,112,84,0,84,196
08/11/2018,HHR,CA,AWP,WE,Federal Contract Tower,0,1,6,0,7,0,1,87,1,89,0,2,93,1,96,88,0,88,184
08/12/2018,HHR,CA,AWP,WE,Federal Contract Tower,0,7,14,0,21,0,8,112,0,120,0,15,126,0,141,116,0,116,257
08/13/2018,HHR,CA,AWP,WE,Federal Contract Tower,0,14,8,0,22,0,6,94,0,100,0,20,102,0,122,44,0,44,166
08/14/2018,HHR,CA,AWP,WE,Federal Contract Tower,0,18,12,0,30,0,3,92,0,95,0,21,104,0,125,150,0,150,275
08/15/2018,HHR,CA,AWP,WE,Federal Contract Tower,0,24,16,0,40,0,10,100,2,112,0,34,116,2,152,116,0,116,268
08/16/2018,HHR,CA,AWP,WE,Federal Contract Tower,0,18,15,0,33,0,8,122,0,130,0,26,137,0,163,204,0,204,367
08/17/2018,HHR,CA,AWP,WE,Federal Contract Tower,0,19,22,0,41,0,4,89,0,93,0,23,111,0,134,82,0,82,216
08/18/2018,HHR,CA,AWP,WE,Federal Contract Tower,0,3,16,0,19,0,5,69,0,74,0,8,85,0,93,163,0,163,256
08/19/2018,HHR,CA,AWP,WE,Federal Contract Tower,0,17,16,0,33,0,2,107,0,109,0,19,123,0,142,158,0,158,300
08/20/2018,HHR,CA,AWP,WE,Federal Contract Tower,0,10,24,0,34,0,1,64,0,65,0,11,88,0,99,82,0,82,181
08/21/2018,HHR,CA,AWP,WE,Federal Contract Tower,0,10,15,0,25,1,0,0,0,1,1,10,15,0,26,162,0,162,188
08/22/2018,HHR,CA,AWP,WE,Federal Contract Tower,0,16,16,0,32,0,6,90,2,98,0,22,106,2,130,88,0,88,218
08/23/2018,HHR,CA,AWP,WE,Federal Contract Tower,0,15,15,0,30,0,15,61,2,78,0,30,76,2,108,72,0,72,180
08/24/2018,HHR,CA,AWP,WE,Federal Contract Tower,0,23,58,0,81,0,9,102,2,113,0,32,160,2,194,84,0,84,278
08/25/2018,HHR,CA,AWP,WE,Federal Contract Tower,0,2,24,0,26,0,4,59,0,63,0,6,83,0,89,28,0,28,117
08/26/2018,HHR,CA,AWP,WE,Federal Contract Tower,0,18,9,0,27,0,10,64,0,74,0,28,73,0,101,100,0,100,201
08/27/2018,HHR,CA,AWP,WE,Federal Contract Tower,0,14,13,0,27,0,2,67,0,69,0,16,80,0,96,68,0,68,164
08/28/2018,HHR,CA,AWP,WE,Federal Contract Tower,0,9,16,0,25,0,7,98,0,105,0,16,114,0,130,114,0,114,244
08/29/2018,HHR,CA,AWP,WE,Federal Contract Tower,0,11,10,0,21,0,4,71,4,79,0,15,81,4,100,82,0,82,182
08/30/2018,HHR,CA,AWP,WE,Federal Contract Tower,0,16,12,0,28,0,4,85,0,89,0,20,97,0,117,66,0,66,183
08/31/2018,HHR,CA,AWP,WE,Federal Contract Tower,0,18,20,0,38,0,9,121,0,130,0,27,141,0,168,100,0,100,268
09/01/2018,HHR,CA,AWP,WE,Federal Contract Tower,0,12,8,0,20,0,4,58,0,62,0,16,66,0,82,98,0,98,180
09/02/2018,HHR,CA,AWP,WE,Federal Contract Tower,0,5,18,0,23,0,0,60,0,60,0,5,78,0,83,84,0,84,167
09/03/2018,HHR,CA,AWP,WE,Federal Contract Tower,0,15,31,0,46,0,3,55,0,58,0,18,86,0,104,114,0,114,218
09/04/2018,HHR,CA,AWP,WE,Federal Contract Tower,0,14,20,0,34,0,0,29,0,29,0,14,49,0,63,20,0,20,83
09/05/2018,HHR,CA,AWP,WE,Federal Contract Tower,0,15,19,0,34,0,5,46,0,51,0,20,65,0,85,77,0,77,162
09/06/2018,HHR,CA,AWP,WE,Federal Contract Tower,0,17,16,0,33,0,0,57,0,57,0,17,73,0,90,99,0,99,189
09/07/2018,HHR,CA,AWP,WE,Federal Contract Tower,0,15,25,0,40,0,1,74,0,75,0,16,99,0,115,74,0,74,189
09/08/2018,HHR,CA,AWP,WE,Federal Contract Tower,0,3,21,0,24,0,1,74,0,75,0,4,95,0,99,100,0,100,199
09/09/2018,HHR,CA,AWP,WE,Federal Contract Tower,0,11,13,0,24,0,6,58,0,64,0,17,71,0,88,52,0,52,140
09/10/2018,HHR,CA,AWP,WE,Federal Contract Tower,0,19,11,0,30,0,2,87,0,89,0,21,98,0,119,98,0,98,217
09/11/2018,HHR,CA,AWP,WE,Federal Contract Tower,0,18,22,0,40,0,7,95,0,102,0,25,117,0,142,108,3,111,253
09/12/2018,HHR,CA,AWP,WE,Federal Contract Tower,0,10,21,0,31,0,1,109,1,111,0,11,130,1,142,89,0,89,231
09/13/2018,HHR,CA,AWP,WE,Federal Contract Tower,0,11,8,0,19,0,1,78,0,79,0,12,86,0,98,130,0,130,228
09/14/2018,HHR,CA,AWP,WE,Federal Contract Tower,0,19,19,0,38,0,6,116,0,122,0,25,135,0,160,110,0,110,270
09/15/2018,HHR,CA,AWP,WE,Federal Contract Tower,0,4,10,0,14,0,2,101,0,103,0,6,111,0,117,108,0,108,225
09/16/2018,HHR,CA,AWP,WE,Federal Contract Tower,0,9,12,0,21,0,4,90,0,94,0,13,102,0,115,98,0,98,213
09/17/2018,HHR,CA,AWP,WE,Federal Contract Tower,0,7,14,0,21,0,4,81,0,85,0,11,95,0,106,66,0,66,172
09/18/2018,HHR,CA,AWP,WE,Federal Contract Tower,0,12,15,0,27,0,7,84,0,91,0,19,99,0,118,82,0,82,200
09/19/2018,HHR,CA,AWP,WE,Federal Contract Tower,0,11,8,0,19,0,8,106,0,114,0,19,114,0,133,93,0,93,226
09/20/2018,HHR,CA,AWP,WE,Federal Contract Tower,0,17,15,0,32,0,7,78,0,85,0,24,93,0,117,146,0,146,263
09/21/2018,HHR,CA,AWP,WE,Federal Contract Tower,0,11,14,0,25,0,2,99,0,101,0,13,113,0,126,69,0,69,195
09/22/2018,HHR,CA,AWP,WE,Federal Contract Tower,10,4,14,0,28,0,0,81,0,81,10,4,95,0,109,128,0,128,237
09/23/2018,HHR,CA,AWP,WE,Federal Contract Tower,0,15,15,0,30,0,2,81,0,83,0,17,96,0,113,64,0,64,177
09/24/2018,HHR,CA,AWP,WE,Federal Contract Tower,0,22,17,0,39,0,0,71,0,71,0,22,88,0,110,128,0,128,238
09/25/2018,HHR,CA,AWP,WE,Federal Contract Tower,0,12,27,0,39,0,0,33,0,33,0,12,60,0,72,82,0,82,154
09/27/2018,HHR,CA,AWP,WE,Federal Contract Tower,0,18,29,0,47,0,6,45,0,51,0,24,74,0,98,28,0,28,126
09/28/2018,HHR,CA,AWP,WE,Federal Contract Tower,0,13,21,0,34,0,0,56,0,56,0,13,77,0,90,31,0,31,121
09/29/2018,HHR,CA,AWP,WE,Federal Contract Tower,0,6,13,0,19,0,4,99,0,103,0,10,112,0,122,94,0,94,216
09/30/2018,HHR,CA,AWP,WE,Federal Contract Tower,0,15,17,0,32,0,2,86,0,88,0,17,103,0,120,106,0,106,226
10/01/2018,HHR,CA,AWP,WE,Federal Contract Tower,0,7,8,0,15,0,0,74,0,74,0,7,82,0,89,72,0,72,161
10/02/2018,HHR,CA,AWP,WE,Federal Contract Tower,0,6,8,0,14,0,6,90,0,96,0,12,98,0,110,104,0,104,214
10/03/2018,HHR,CA,AWP,WE,Federal Contract Tower,0,6,18,0,24,0,3,63,0,66,0,9,81,0,90,84,0,84,174
10/04/2018,HHR,CA,AWP,WE,Federal Contract Tower,0,14,14,0,28,0,12,63,0,75,0,26,77,0,103,130,0,130,233
10/05/2018,HHR,CA,AWP,WE,Federal Contract Tower,0,24,24,0,48,0,15,100,0,115,0,39,124,0,163,136,0,136,299
10/06/2018,HHR,CA,AWP,WE,Federal Contract Tower,0,10,21,0,31,0,10,65,0,75,0,20,86,0,106,117,0,117,223
10/07/2018,HHR,CA,AWP,WE,Federal Contract Tower,0,15,20,0,35,0,4,72,0,76,0,19,92,0,111,106,0,106,217
10/08/2018,HHR,CA,AWP,WE,Federal Contract Tower,0,8,14,0,22,0,0,53,0,53,0,8,67,0,75,96,0,96,171
10/09/2018,HHR,CA,AWP,WE,Federal Contract Tower,0,15,35,0,50,0,12,69,9,90,0,27,104,9,140,106,0,106,246
10/10/2018,HHR,CA,AWP,WE,Federal Contract Tower,0,9,12,0,21,0,5,69,0,74,0,14,81,0,95,86,0,86,181
10/11/2018,HHR,CA,AWP,WE,Federal Contract Tower,0,19,13,0,32,0,19,72,0,91,0,38,85,0,123,78,0,78,201
10/12/2018,HHR,CA,AWP,WE,Federal Contract Tower,0,21,14,0,35,0,6,92,0,98,0,27,106,0,133,104,0,104,237
10/13/2018,HHR,CA,AWP,WE,Federal Contract Tower,0,8,13,0,21,0,0,27,0,27,0,8,40,0,48,24,0,24,72
10/14/2018,HHR,CA,AWP,WE,Federal Contract Tower,0,13,10,0,23,0,1,90,0,91,0,14,100,0,114,122,0,122,236
10/15/2018,HHR,CA,AWP,WE,Federal Contract Tower,0,8,2,0,10,0,19,64,0,83,0,27,66,0,93,34,0,34,127
10/16/2018,HHR,CA,AWP,WE,Federal Contract Tower,0,9,11,0,20,0,3,75,0,78,0,12,86,0,98,104,0,104,202
10/17/2018,HHR,CA,AWP,WE,Federal Contract Tower,0,10,19,0,29,0,1,63,0,64,0,11,82,0,93,74,0,74,167
10/18/2018,HHR,CA,AWP,WE,Federal Contract Tower,0,22,20,0,42,0,8,63,0,71,0,30,83,0,113,80,0,80,193
10/19/2018,HHR,CA,AWP,WE,Federal Contract Tower,0,18,17,0,35,0,2,108,0,110,0,20,125,0,145,110,0,110,255
10/20/2018,HHR,CA,AWP,WE,Federal Contract Tower,0,6,8,2,16,0,0,149,0,149,0,6,157,2,165,95,0,95,260
10/21/2018,HHR,CA,AWP,WE,Federal Contract Tower,0,18,22,0,40,0,1,79,0,80,0,19,101,0,120,176,0,176,296
10/22/2018,HHR,CA,AWP,WE,Federal Contract Tower,0,18,8,0,26,0,1,84,0,85,0,19,92,0,111,106,0,106,217
10/23/2018,HHR,CA,AWP,WE,Federal Contract Tower,0,13,28,0,41,0,4,53,3,60,0,17,81,3,101,34,0,34,135
10/24/2018,HHR,CA,AWP,WE,Federal Contract Tower,0,11,26,0,37,0,3,70,0,73,0,14,96,0,110,104,0,104,214
10/25/2018,HHR,CA,AWP,WE,Federal Contract Tower,0,16,22,0,38,0,7,60,0,67,0,23,82,0,105,56,1,57,162
10/26/2018,HHR,CA,AWP,WE,Federal Contract Tower,0,17,16,0,33,0,8,90,1,99,0,25,106,1,132,48,0,48,180
10/27/2018,HHR,CA,AWP,WE,Federal Contract Tower,0,4,12,0,16,0,2,71,3,76,0,6,83,3,92,92,0,92,184
10/28/2018,HHR,CA,AWP,WE,Federal Contract Tower,0,15,21,0,36,0,4,60,0,64,0,19,81,0,100,90,0,90,190
10/29/2018,HHR,CA,AWP,WE,Federal Contract Tower,0,19,25,0,44,0,2,41,0,43,0,21,66,0,87,46,0,46,133
10/30/2018,HHR,CA,AWP,WE,Federal Contract Tower,0,9,22,0,31,0,5,90,0,95,0,14,112,0,126,96,0,96,222
10/31/2018,HHR,CA,AWP,WE,Federal Contract Tower,0,11,9,0,20,0,1,71,2,74,0,12,80,2,94,34,0,34,128
11/01/2018,HHR,CA,AWP,WE,Federal Contract Tower,0,17,18,0,35,0,4,78,0,82,0,21,96,0,117,58,0,58,175
11/02/2018,HHR,CA,AWP,WE,Federal Contract Tower,0,15,10,0,25,0,5,97,0,102,0,20,107,0,127,78,0,78,205
11/03/2018,HHR,CA,AWP,WE,Federal Contract Tower,0,4,13,0,17,0,0,83,0,83,0,4,96,0,100,128,0,128,228
11/04/2018,HHR,CA,AWP,WE,Federal Contract Tower,0,18,14,0,32,0,9,69,0,78,0,27,83,0,110,130,0,130,240
11/05/2018,HHR,CA,AWP,WE,Federal Contract Tower,0,15,8,0,23,0,2,71,0,73,0,17,79,0,96,34,0,34,130
11/06/2018,HHR,CA,AWP,WE,Federal Contract Tower,0,10,11,0,21,0,6,86,0,92,0,16,97,0,113,146,0,146,259
11/07/2018,HHR,CA,AWP,WE,Federal Contract Tower,0,11,23,1,35,0,4,84,0,88,0,15,107,1,123,60,0,60,183
11/08/2018,HHR,CA,AWP,WE,Federal Contract Tower,0,12,22,0,34,0,3,88,1,92,0,15,110,1,126,109,0,109,235
11/09/2018,HHR,CA,AWP,WE,Federal Contract Tower,0,15,22,0,37,0,3,77,0,80,0,18,99,0,117,86,0,86,203
11/10/2018,HHR,CA,AWP,WE,Federal Contract Tower,0,3,6,3,12,0,1,68,0,69,0,4,74,3,81,134,0,134,215
11/11/2018,HHR,CA,AWP,WE,Federal Contract Tower,0,13,12,0,25,0,9,81,0,90,0,22,93,0,115,62,0,62,177
11/12/2018,HHR,CA,AWP,WE,Federal Contract Tower,0,24,15,0,39,0,2,110,0,112,0,26,125,0,151,82,0,82,233
11/13/2018,HHR,CA,AWP,WE,Federal Contract Tower,0,13,11,0,24,0,1,74,0,75,0,14,85,0,99,110,0,110,209
11/14/2018,HHR,CA,AWP,WE,Federal Contract Tower,0,13,19,0,32,0,5,73,0,78,0,18,92,0,110,106,0,106,216
11/15/2018,HHR,CA,AWP,WE,Federal Contract Tower,0,8,12,0,20,0,3,74,1,78,0,11,86,1,98,74,0,74,172
11/16/2018,HHR,CA,AWP,WE,Federal Contract Tower,0,13,32,0,45,0,4,101,0,105,0,17,133,0,150,62,0,62,212
11/17/2018,HHR,CA,AWP,WE,Federal Contract Tower,0,9,20,0,29,0,0,80,0,80,0,9,100,0,109,104,0,104,213
11/18/2018,HHR,CA,AWP,WE,Federal Contract Tower,0,11,49,0,60,0,2,93,0,95,0,13,142,0,155,96,0,96,251
11/19/2018,HHR,CA,AWP,WE,Federal Contract Tower,0,8,11,0,19,0,2,74,0,76,0,10,85,0,95,116,0,116,211
11/20/2018,HHR,CA,AWP,WE,Federal Contract Tower,0,16,12,0,28,0,6,114,0,120,0,22,126,0,148,134,0,134,282
11/21/2018,HHR,CA,AWP,WE,Federal Contract Tower,0,15,29,0,44,0,8,95,0,103,0,23,124,0,147,56,0,56,203
11/22/2018,HHR,CA,AWP,WE,Federal Contract Tower,0,5,4,0,9,0,0,30,0,30,0,5,34,0,39,58,0,58,97
11/23/2018,HHR,CA,AWP,WE,Federal Contract Tower,0,10,13,0,23,0,8,85,2,95,0,18,98,2,118,154,0,154,272
11/24/2018,HHR,CA,AWP,WE,Federal Contract Tower,0,12,12,0,24,0,9,68,0,77,0,21,80,0,101,56,0,56,157
11/25/2018,HHR,CA,AWP,WE,Federal Contract Tower,0,19,25,0,44,0,4,94,0,98,0,23,119,0,142,70,0,70,212
11/26/2018,HHR,CA,AWP,WE,Federal Contract Tower,0,21,16,0,37,0,5,99,0,104,0,26,115,0,141,50,0,50,191
11/27/2018,HHR,CA,AWP,WE,Federal Contract Tower,0,5,5,0,10,0,6,82,2,90,0,11,87,2,100,162,0,162,262
11/28/2018,HHR,CA,AWP,WE,Federal Contract Tower,0,7,13,0,20,0,3,34,0,37,0,10,47,0,57,70,0,70,127
11/29/2018,HHR,CA,AWP,WE,Federal Contract Tower,0,14,7,0,21,0,3,24,0,27,0,17,31,0,48,2,0,2,50
11/30/2018,HHR,CA,AWP,WE,Federal Contract Tower,0,17,20,0,37,0,5,93,0,98,0,22,113,0,135,67,0,67,202
12/01/2018,HHR,CA,AWP,WE,Federal Contract Tower,0,7,8,0,15,0,1,110,2,113,0,8,118,2,128,124,0,124,252
12/02/2018,HHR,CA,AWP,WE,Federal Contract Tower,0,8,10,0,18,0,6,54,0,60,0,14,64,0,78,68,0,68,146
12/03/2018,HHR,CA,AWP,WE,Federal Contract Tower,0,9,7,0,16,0,3,92,0,95,0,12,99,0,111,62,0,62,173
12/04/2018,HHR,CA,AWP,WE,Federal Contract Tower,0,11,11,0,22,0,2,85,0,87,0,13,96,0,109,106,0,106,215
12/05/2018,HHR,CA,AWP,WE,Federal Contract Tower,0,6,5,0,11,0,3,25,0,28,0,9,30,0,39,14,0,14,53
12/06/2018,HHR,CA,AWP,WE,Federal Contract Tower,0,5,2,0,7,0,5,14,0,19,0,10,16,0,26,0,0,0,26
12/07/2018,HHR,CA,AWP,WE,Federal Contract Tower,0,10,19,0,29,0,3,83,0,86,0,13,102,0,115,84,0,84,199
12/08/2018,HHR,CA,AWP,WE,Federal Contract Tower,0,4,17,0,21,0,2,80,3,85,0,6,97,3,106,92,0,92,198
12/09/2018,HHR,CA,AWP,WE,Federal Contract Tower,0,6,8,0,14,0,0,71,0,71,0,6,79,0,85,80,0,80,165
12/10/2018,HHR,CA,AWP,WE,Federal Contract Tower,0,14,11,1,26,0,4,67,0,71,0,18,78,1,97,70,0,70,167
12/11/2018,HHR,CA,AWP,WE,Federal Contract Tower,0,8,9,0,17,0,4,83,0,87,0,12,92,0,104,88,0,88,192
12/12/2018,HHR,CA,AWP,WE,Federal Contract Tower,0,14,8,0,22,0,1,55,0,56,0,15,63,0,78,54,0,54,132
12/13/2018,HHR,CA,AWP,WE,Federal Contract Tower,0,16,17,0,33,0,4,67,2,73,0,20,84,2,106,46,0,46,152
12/14/2018,HHR,CA,AWP,WE,Federal Contract Tower,0,14,10,2,26,0,5,59,2,66,0,19,69,4,92,90,0,90,182
12/15/2018,HHR,CA,AWP,WE,Federal Contract Tower,0,4,17,0,21,0,2,103,0,105,0,6,120,0,126,112,0,112,238
12/16/2018,HHR,CA,AWP,WE,Federal Contract Tower,0,8,10,0,18,0,3,83,0,86,0,11,93,0,104,76,1,77,181
12/17/2018,HHR,CA,AWP,WE,Federal Contract Tower,0,13,20,0,33,0,1,55,0,56,0,14,75,0,89,100,0,100,189
12/18/2018,HHR,CA,AWP,WE,Federal Contract Tower,0,6,14,0,20,0,1,100,0,101,0,7,114,0,121,134,0,134,255
12/19/2018,HHR,CA,AWP,WE,Federal Contract Tower,0,7,20,0,27,0,2,101,0,103,0,9,121,0,130,74,0,74,204
12/20/2018,HHR,CA,AWP,WE,Federal Contract Tower,0,7,12,0,19,0,2,69,0,71,0,9,81,0,90,92,0,92,182
12/21/2018,HHR,CA,AWP,WE,Federal Contract Tower,0,9,8,0,17,0,2,105,0,107,0,11,113,0,124,76,0,76,200
12/22/2018,HHR,CA,AWP,WE,Federal Contract Tower,0,11,15,0,26,0,3,70,0,73,0,14,85,0,99,86,0,86,185
12/23/2018,HHR,CA,AWP,WE,Federal Contract Tower,0,10,13,0,23,0,0,59,0,59,0,10,72,0,82,38,0,38,120
12/24/2018,HHR,CA,AWP,WE,Federal Contract Tower,0,4,9,0,13,0,2,21,0,23,0,6,30,0,36,20,0,20,56
12/25/2018,HHR,CA,AWP,WE,Federal Contract Tower,0,3,4,0,7,0,0,17,0,17,0,3,21,0,24,6,0,6,30
12/26/2018,HHR,CA,AWP,WE,Federal Contract Tower,0,7,10,0,17,0,2,92,0,94,0,9,102,0,111,102,0,102,213
12/27/2018,HHR,CA,AWP,WE,Federal Contract Tower,0,9,18,0,27,0,2,65,0,67,0,11,83,0,94,38,0,38,132
12/28/2018,HHR,CA,AWP,WE,Federal Contract Tower,0,8,15,0,23,0,2,69,0,71,0,10,84,0,94,90,0,90,184
12/29/2018,HHR,CA,AWP,WE,Federal Contract Tower,0,7,4,0,11,0,0,94,0,94,0,7,98,0,105,134,0,134,239
12/30/2018,HHR,CA,AWP,WE,Federal Contract Tower,0,1,18,0,19,0,0,66,0,66,0,1,84,0,85,100,0,100,185
12/31/2018,HHR,CA,AWP,WE,Federal Contract Tower,0,3,6,0,9,0,3,59,0,62,0,6,65,0,71,62,0,62,133
01/01/2019,HHR,CA,AWP,WE,Federal Contract Tower,0,5,10,0,15,0,1,25,0,26,0,6,35,0,41,8,0,8,49
01/02/2019,HHR,CA,AWP,WE,Federal Contract Tower,0,7,21,0,28,0,4,92,0,96,0,11,113,0,124,64,0,64,188
01/03/2019,HHR,CA,AWP,WE,Federal Contract Tower,0,11,16,0,27,0,2,75,0,77,0,13,91,0,104,64,0,64,168
01/04/2019,HHR,CA,AWP,WE,Federal Contract Tower,0,8,13,0,21,0,1,108,0,109,0,9,121,0,130,78,0,78,208
01/05/2019,HHR,CA,AWP,WE,Federal Contract Tower,1,12,8,0,21,0,12,49,0,61,1,24,57,0,82,112,0,112,194
01/06/2019,HHR,CA,AWP,WE,Federal Contract Tower,0,7,13,0,20,0,1,46,0,47,0,8,59,0,67,142,0,142,209
01/07/2019,HHR,CA,AWP,WE,Federal Contract Tower,0,9,5,0,14,0,2,32,0,34,0,11,37,0,48,12,0,12,60
01/08/2019,HHR,CA,AWP,WE,Federal Contract Tower,0,4,11,0,15,0,5,106,0,111,0,9,117,0,126,142,0,142,268
01/09/2019,HHR,CA,AWP,WE,Federal Contract Tower,0,9,22,0,31,0,4,98,0,102,0,13,120,0,133,118,0,118,251
01/10/2019,HHR,CA,AWP,WE,Federal Contract Tower,0,6,23,0,29,0,0,92,0,92,0,6,115,0,121,152,0,152,273
01/11/2019,HHR,CA,AWP,WE,Federal Contract Tower,0,19,24,0,43,0,4,61,0,65,0,23,85,0,108,114,0,114,222
01/12/2019,HHR,CA,AWP,WE,Federal Contract Tower,0,3,20,0,23,0,0,38,0,38,0,3,58,0,61,34,0,34,95
01/13/2019,HHR,CA,AWP,WE,Federal Contract Tower,0,7,19,0,26,0,2,70,0,72,0,9,89,0,98,134,0,134,232
01/14/2019,HHR,CA,AWP,WE,Federal Contract Tower,0,7,2,0,9,0,1,13,0,14,0,8,15,0,23,0,0,0,23
01/15/2019,HHR,CA,AWP,WE,Federal Contract Tower,0,4,0,0,4,0,1,25,0,26,0,5,25,0,30,54,0,54,84
01/16/2019,HHR,CA,AWP,WE,Federal Contract Tower,0,0,2,2,4,0,0,0,0,0,0,0,2,2,4,0,0,0,4
01/17/2019,HHR,CA,AWP,WE,Federal Contract Tower,0,12,8,0,20,0,1,6,0,7,0,13,14,0,27,0,0,0,27
01/18/2019,HHR,CA,AWP,WE,Federal Contract Tower,0,14,28,0,42,0,6,76,0,82,0,20,104,0,124,136,0,136,260
01/19/2019,HHR,CA,AWP,WE,Federal Contract Tower,0,0,24,0,24,0,2,134,0,136,0,2,158,0,160,170,0,170,330
01/20/2019,HHR,CA,AWP,WE,Federal Contract Tower,0,2,7,0,9,0,0,116,0,116,0,2,123,0,125,106,0,106,231
01/21/2019,HHR,CA,AWP,WE,Federal Contract Tower,0,14,11,0,25,0,3,73,0,76,0,17,84,0,101,64,0,64,165
01/22/2019,HHR,CA,AWP,WE,Federal Contract Tower,0,6,4,0,10,0,0,110,0,110,0,6,114,0,120,138,0,138,258
01/23/2019,HHR,CA,AWP,WE,Federal Contract Tower,0,11,13,0,24,0,3,105,0,108,0,14,118,0,132,84,0,84,216
01/24/2019,HHR,CA,AWP,WE,Federal Contract Tower,0,12,18,0,30,0,1,99,0,100,0,13,117,0,130,188,0,188,318
01/25/2019,HHR,CA,AWP,WE,Federal Contract Tower,0,9,10,0,19,0,8,94,0,102,0,17,104,0,121,122,0,122,243
01/26/2019,HHR,CA,AWP,WE,Federal Contract Tower,0,3,15,0,18,0,4,105,0,109,0,7,120,0,127,170,0,170,297
01/27/2019,HHR,CA,AWP,WE,Federal Contract Tower,0,8,14,0,22,0,3,114,0,117,0,11,128,0,139,136,0,136,275
01/28/2019,HHR,CA,AWP,WE,Federal Contract Tower,0,9,16,2,27,0,2,101,0,103,0,11,117,2,130,114,0,114,244
01/29/2019,HHR,CA,AWP,WE,Federal Contract Tower,0,12,31,2,45,0,2,110,0,112,0,14,141,2,157,90,1,91,248
01/30/2019,HHR,CA,AWP,WE,Federal Contract Tower,0,12,37,0,49,0,1,74,1,76,0,13,111,1,125,134,0,134,259
01/31/2019,HHR,CA,AWP,WE,Federal Contract Tower,0,4,7,0,11,0,3,11,0,14,0,7,18,0,25,4,0,4,29
02/01/2019,HHR,CA,AWP,WE,Federal Contract Tower,0,11,22,0,33,0,3,71,0,74,0,14,93,0,107,198,0,198,305
02/02/2019,HHR,CA,AWP,WE,Federal Contract Tower,0,3,1,0,4,0,0,0,0,0,0,3,1,0,4,0,0,0,4
02/03/2019,HHR,CA,AWP,WE,Federal Contract Tower,0,7,26,0,33,0,0,1,0,1,0,7,27,0,34,8,0,8,42
02/04/2019,HHR,CA,AWP,WE,Federal Contract Tower,0,11,12,0,23,0,0,13,0,13,0,11,25,0,36,0,0,0,36
02/05/2019,HHR,CA,AWP,WE,Federal Contract Tower,0,9,11,0,20,0,0,30,0,30,0,9,41,0,50,4,0,4,54
02/06/2019,HHR,CA,AWP,WE,Federal Contract Tower,0,15,14,0,29,0,7,101,0,108,0,22,115,0,137,58,0,58,195
02/07/2019,HHR,CA,AWP,WE,Federal Contract Tower,0,15,10,0,25,0,6,97,0,103,0,21,107,0,128,74,0,74,202
02/08/2019,HHR,CA,AWP,WE,Federal Contract Tower,0,12,28,0,40,0,4,117,0,121,0,16,145,0,161,128,0,128,289
02/09/2019,HHR,CA,AWP,WE,Federal Contract Tower,0,5,16,0,21,0,0,68,1,69,0,5,84,1,90,130,0,130,220
02/10/2019,HHR,CA,AWP,WE,Federal Contract Tower,0,4,19,0,23,0,1,20,0,21,0,5,39,0,44,30,0,30,74
02/11/2019,HHR,CA,AWP,WE,Federal Contract Tower,0,18,14,0,32,0,3,153,4,160,0,21,167,4,192,176,0,176,368
02/12/2019,HHR,CA,AWP,WE,Federal Contract Tower,0,13,14,0,27,0,2,127,0,129,0,15,141,0,156,144,0,144,300
02/13/2019,HHR,CA,AWP,WE,Federal Contract Tower,0,3,5,0,8,0,1,30,0,31,0,4,35,0,39,10,0,10,49
02/14/2019,HHR,CA,AWP,WE,Federal Contract Tower,0,8,11,0,19,0,9,12,0,21,0,17,23,0,40,2,0,2,42
02/15/2019,HHR,CA,AWP,WE,Federal Contract Tower,0,7,19,0,26,0,4,38,0,42,0,11,57,0,68,34,0,34,102
02/16/2019,HHR,CA,AWP,WE,Federal Contract Tower,0,5,10,0,15,0,3,126,2,131,0,8,136,2,146,138,0,138,284
02/17/2019,HHR,CA,AWP,WE,Federal Contract Tower,0,5,9,0,14,0,3,35,0,38,0,8,44,0,52,30,0,30,82
02/18/2019,HHR,CA,AWP,WE,Federal Contract Tower,0,9,7,0,16,0,1,164,0,165,0,10,171,0,181,92,0,92,273
02/19/2019,HHR,CA,AWP,WE,Federal Contract Tower,0,6,8,0,14,0,1,104,0,105,0,7,112,0,119,88,0,88,207
02/20/2019,HHR,CA,AWP,WE,Federal Contract Tower,0,10,13,0,23,0,14,69,2,85,0,24,82,2,108,64,8,72,180
02/21/2019,HHR,CA,AWP,WE,Federal Contract Tower,0,13,6,0,19,0,7,55,0,62,0,20,61,0,81,92,0,92,173
02/22/2019,HHR,CA,AWP,WE,Federal Contract Tower,0,8,9,0,17,0,1,95,0,96,0,9,104,0,113,138,0,138,251
02/23/2019,HHR,CA,AWP,WE,Federal Contract Tower,0,1,16,0,17,0,0,160,0,160,0,1,176,0,177,114,0,114,291
02/24/2019,HHR,CA,AWP,WE,Federal Contract Tower,0,11,9,0,20,0,1,127,0,128,0,12,136,0,148,109,0,109,257
02/25/2019,HHR,CA,AWP,WE,Federal Contract Tower,0,11,13,0,24,0,9,76,0,85,0,20,89,0,109,16,0,16,125
02/26/2019,HHR,CA,AWP,WE,Federal Contract Tower,0,8,13,0,21,0,0,96,20,116,0,8,109,20,137,122,0,122,259
02/27/2019,HHR,CA,AWP,WE,Federal Contract Tower,0,13,19,0,32,0,3,78,0,81,0,16,97,0,113,154,0,154,267
02/28/2019,HHR,CA,AWP,WE,Federal Contract Tower,0,8,28,0,36,0,3,33,0,36,0,11,61,0,72,12,0,12,84
03/01/2019,HHR,CA,AWP,WE,Federal Contract Tower,0,5,33,0,38,0,3,65,0,68,0,8,98,0,106,102,0,102,208
03/02/2019,HHR,CA,AWP,WE,Federal Contract Tower,0,3,8,0,11,0,0,0,0,0,0,3,8,0,11,0,0,0,11
03/03/2019,HHR,CA,AWP,WE,Federal Contract Tower,0,10,27,0,37,0,0,31,0,31,0,10,58,0,68,66,0,66,134
03/04/2019,HHR,CA,AWP,WE,Federal Contract Tower,0,9,15,0,24,0,0,98,0,98,0,9,113,0,122,92,0,92,214
03/05/2019,HHR,CA,AWP,WE,Federal Contract Tower,0,1,15,0,16,0,2,46,0,48,0,3,61,0,64,42,0,42,106
03/06/2019,HHR,CA,AWP,WE,Federal Contract Tower,0,9,7,0,16,0,0,0,0,0,0,9,7,0,16,0,0,0,16
03/07/2019,HHR,CA,AWP,WE,Federal Contract Tower,0,8,19,0,27,0,2,59,0,61,0,10,78,0,88,129,0,129,217
03/08/2019,HHR,CA,AWP,WE,Federal Contract Tower,0,15,25,0,40,0,2,80,0,82,0,17,105,0,122,46,0,46,168
03/09/2019,HHR,CA,AWP,WE,Federal Contract Tower,0,4,24,0,28,0,0,118,0,118,0,4,142,0,146,58,0,58,204
03/10/2019,HHR,CA,AWP,WE,Federal Contract Tower,0,8,17,0,25,0,0,81,0,81,0,8,98,0,106,114,0,114,220
03/11/2019,HHR,CA,AWP,WE,Federal Contract Tower,0,7,10,0,17,0,0,100,0,100,0,7,110,0,117,44,0,44,161
03/12/2019,HHR,CA,AWP,WE,Federal Contract Tower,0,7,9,0,16,0,0,111,0,111,0,7,120,0,127,46,0,46,173
03/13/2019,HHR,CA,AWP,WE,Federal Contract Tower,0,7,11,0,18,0,2,138,0,140,0,9,149,0,158,112,0,112,270
03/14/2019,HHR,CA,AWP,WE,Federal Contract Tower,0,4,16,0,20,0,3,95,0,98,0,7,111,0,118,149,0,149,267
03/15/2019,HHR,CA,AWP,WE,Federal Contract Tower,0,5,15,0,20,0,5,148,0,153,0,10,163,0,173,114,0,114,287
03/16/2019,HHR,CA,AWP,WE,Federal Contract Tower,0,5,14,0,19,0,0,172,0,172,0,5,186,0,191,112,0,112,303
03/17/2019,HHR,CA,AWP,WE,Federal Contract Tower,0,7,16,0,23,0,7,160,0,167,0,14,176,0,190,68,0,68,258
03/18/2019,HHR,CA,AWP,WE,Federal Contract Tower,0,4,13,0,17,0,1,164,0,165,0,5,177,0,182,140,0,140,322
03/19/2019,HHR,CA,AWP,WE,Federal Contract Tower,0,11,15,0,26,0,1,81,0,82,0,12,96,0,108,96,0,96,204
03/20/2019,HHR,CA,AWP,WE,Federal Contract Tower,0,10,14,0,24,0,1,58,0,59,0,11,72,0,83,72,0,72,155
03/21/2019,HHR,CA,AWP,WE,Federal Contract Tower,0,12,21,0,33,0,1,51,4,56,0,13,72,4,89,90,0,90,179
03/22/2019,HHR,CA,AWP,WE,Federal Contract Tower,0,6,20,4,30,0,6,108,0,114,0,12,128,4,144,218,0,218,362
03/23/2019,HHR,CA,AWP,WE,Federal Contract Tower,0,3,25,0,28,0,1,85,0,86,0,4,110,0,114,136,0,136,250
03/24/2019,HHR,CA,AWP,WE,Federal Contract Tower,0,7,36,0,43,0,1,125,0,126,0,8,161,0,169,144,0,144,313
03/25/2019,HHR,CA,AWP,WE,Federal Contract Tower,0,11,9,0,20,0,0,109,0,109,0,11,118,0,129,128,0,128,257
03/26/2019,HHR,CA,AWP,WE,Federal Contract Tower,0,10,13,0,23,0,4,107,0,111,0,14,120,0,134,92,0,92,226
03/27/2019,HHR,CA,AWP,WE,Federal Contract Tower,0,8,24,0,32,0,1,76,0,77,0,9,100,0,109,110,0,110,219
03/28/2019,HHR,CA,AWP,WE,Federal Contract Tower,0,9,14,0,23,0,2,94,0,96,0,11,108,0,119,110,0,110,229
03/29/2019,HHR,CA,AWP,WE,Federal Contract Tower,0,11,18,0,29,0,2,93,4,99,0,13,111,4,128,170,0,170,298
03/30/2019,HHR,CA,AWP,WE,Federal Contract Tower,0,0,12,0,12,0,0,138,0,138,0,0,150,0,150,264,0,264,414
03/31/2019,HHR,CA,AWP,WE,Federal Contract Tower,0,9,12,0,21,0,0,99,0,99,0,9,111,0,120,74,0,74,194
04/01/2019,HHR,CA,AWP,WE,Federal Contract Tower,0,9,8,0,17,0,0,140,0,140,0,9,148,0,157,96,0,96,253
04/02/2019,HHR,CA,AWP,WE,Federal Contract Tower,0,9,16,0,25,0,6,59,0,65,0,15,75,0,90,106,0,106,196
04/03/2019,HHR,CA,AWP,WE,Federal Contract Tower,0,11,15,1,27,0,3,64,2,69,0,14,79,3,96,190,0,190,286
04/04/2019,HHR,CA,AWP,WE,Federal Contract Tower,0,15,31,0,46,0,3,82,2,87,0,18,113,2,133,130,0,130,263
04/05/2019,HHR,CA,AWP,WE,Federal Contract Tower,0,9,5,0,14,0,1,45,0,46,0,10,50,0,60,68,0,68,128
04/06/2019,HHR,CA,AWP,WE,Federal Contract Tower,0,6,22,0,28,0,1,90,2,93,0,7,112,2,121,108,0,108,229
04/07/2019,HHR,CA,AWP,WE,Federal Contract Tower,0,10,13,0,23,0,1,93,0,94,0,11,106,0,117,178,0,178,295
04/08/2019,HHR,CA,AWP,WE,Federal Contract Tower,0,13,6,0,19,0,1,98,0,99,0,14,104,0,118,76,0,76,194
04/09/2019,HHR,CA,AWP,WE,Federal Contract Tower,0,6,9,0,15,0,3,71,0,74,0,9,80,0,89,46,0,46,135
04/10/2019,HHR,CA,AWP,WE,Federal Contract Tower,0,15,15,0,30,0,1,46,0,47,0,16,61,0,77,11,0,11,88
04/11/2019,HHR,CA,AWP,WE,Federal Contract Tower,0,19,19,1,39,0,6,115,4,125,0,25,134,5,164,62,0,62,226
04/12/2019,HHR,CA,AWP,WE,Federal Contract Tower,0,14,34,0,48,0,8,119,0,127,0,22,153,0,175,78,0,78,253
04/13/2019,HHR,CA,AWP,WE,Federal Contract Tower,0,17,10,0,27,0,6,110,2,118,0,23,120,2,145,116,0,116,261
04/14/2019,HHR,CA,AWP,WE,Federal Contract Tower,0,5,22,0,27,0,4,81,0,85,0,9,103,0,112,80,0,80,192
04/15/2019,HHR,CA,AWP,WE,Federal Contract Tower,0,21,22,0,43,0,1,113,0,114,0,22,135,0,157,90,0,90,247
04/16/2019,HHR,CA,AWP,WE,Federal Contract Tower,0,9,12,0,21,0,7,66,0,73,0,16,78,0,94,34,0,34,128
04/17/2019,HHR,CA,AWP,WE,Federal Contract Tower,0,12,12,0,24,0,4,128,4,136,0,16,140,4,160,96,0,96,256
04/18/2019,HHR,CA,AWP,WE,Federal Contract Tower,0,11,20,0,31,0,3,92,0,95,0,14,112,0,126,111,0,111,237
04/19/2019,HHR,CA,AWP,WE,Federal Contract Tower,0,15,43,0,58,0,0,30,0,30,0,15,73,0,88,20,0,20,108
04/20/2019,HHR,CA,AWP,WE,Federal Contract Tower,0,1,6,3,10,0,0,91,0,91,0,1,97,3,101,82,0,82,183
04/21/2019,HHR,CA,AWP,WE,Federal Contract Tower,0,14,11,0,25,0,4,78,0,82,0,18,89,0,107,56,0,56,163
04/22/2019,HHR,CA,AWP,WE,Federal Contract Tower,0,15,19,0,34,0,2,88,2,92,0,17,107,2,126,42,0,42,168
04/23/2019,HHR,CA,AWP,WE,Federal Contract Tower,0,14,22,0,36,0,2,105,0,107,0,16,127,0,143,110,0,110,253
04/24/2019,HHR,CA,AWP,WE,Federal Contract Tower,0,5,16,0,21,0,4,89,1,94,0,9,105,1,115,118,0,118,233
04/25/2019,HHR,CA,AWP,WE,Federal Contract Tower,0,7,28,0,35,0,3,58,0,61,0,10,86,0,96,128,0,128,224
04/26/2019,HHR,CA,AWP,WE,Federal Contract Tower,0,19,28,0,47,0,0,72,0,72,0,19,100,0,119,92,0,92,211
04/27/2019,HHR,CA,AWP,WE,Federal Contract Tower,0,5,35,0,40,0,0,68,2,70,0,5,103,2,110,108,0,108,218
04/28/2019,HHR,CA,AWP,WE,Federal Contract Tower,0,3,13,0,16,0,0,77,0,77,0,3,90,0,93,110,0,110,203
04/29/2019,HHR,CA,AWP,WE,Federal Contract Tower,0,24,11,0,35,0,4,88,0,92,0,28,99,0,127,57,0,57,184
04/30/2019,HHR,CA,AWP,WE,Federal Contract Tower,0,7,21,0,28,0,0,2,73,75,0,7,23,73,103,92,0,92,195
05/01/2019,HHR,CA,AWP,WE,Federal Contract Tower,0,16,7,0,23,0,11,104,1,116,0,27,111,1,139,124,0,124,263
05/02/2019,HHR,CA,AWP,WE,Federal Contract Tower,0,11,17,0,28,0,2,82,0,84,0,13,99,0,112,134,0,134,246
05/03/2019,HHR,CA,AWP,WE,Federal Contract Tower,0,5,22,2,29,0,3,109,0,112,0,8,131,2,141,104,0,104,245
05/04/2019,HHR,CA,AWP,WE,Federal Contract Tower,0,3,15,0,18,0,1,73,0,74,0,4,88,0,92,72,0,72,164
05/05/2019,HHR,CA,AWP,WE,Federal Contract Tower,0,3,16,0,19,0,0,86,0,86,0,3,102,0,105,84,0,84,189
05/06/2019,HHR,CA,AWP,WE,Federal Contract Tower,0,13,18,0,31,0,0,79,0,79,0,13,97,0,110,14,0,14,124
05/07/2019,HHR,CA,AWP,WE,Federal Contract Tower,0,6,17,0,23,0,1,73,1,75,0,7,90,1,98,100,0,100,198
05/08/2019,HHR,CA,AWP,WE,Federal Contract Tower,0,9,18,0,27,0,1,105,0,106,0,10,123,0,133,152,0,152,285
05/09/2019,HHR,CA,AWP,WE,Federal Contract Tower,0,20,26,0,46,0,0,55,0,55,0,20,81,0,101,82,0,82,183
05/10/2019,HHR,CA,AWP,WE,Federal Contract Tower,0,9,16,0,25,0,2,65,0,67,0,11,81,0,92,80,0,80,172
05/11/2019,HHR,CA,AWP,WE,Federal Contract Tower,0,9,23,0,32,0,1,106,0,107,0,10,129,0,139,96,0,96,235
05/12/2019,HHR,CA,AWP,WE,Federal Contract Tower,0,22,13,0,35,0,0,72,0,72,0,22,85,0,107,70,0,70,177
05/13/2019,HHR,CA,AWP,WE,Federal Contract Tower,0,13,29,0,42,0,1,57,0,58,0,14,86,0,100,40,0,40,140
05/14/2019,HHR,CA,AWP,WE,Federal Contract Tower,0,11,27,0,38,0,0,63,0,63,0,11,90,0,101,89,0,89,190
05/15/2019,HHR,CA,AWP,WE,Federal Contract Tower,0,13,27,0,40,0,1,48,0,49,0,14,75,0,89,102,0,102,191
05/16/2019,HHR,CA,AWP,WE,Federal Contract Tower,0,7,15,0,22,0,1,19,0,20,0,8,34,0,42,0,0,0,42
05/17/2019,HHR,CA,AWP,WE,Federal Contract Tower,0,5,15,0,20,0,0,122,0,122,0,5,137,0,142,184,0,184,326
05/18/2019,HHR,CA,AWP,WE,Federal Contract Tower,0,4,16,0,20,0,0,107,1,108,0,4,123,1,128,152,0,152,280
05/19/2019,HHR,CA,AWP,WE,Federal Contract Tower,0,7,5,0,12,0,0,42,0,42,0,7,47,0,54,36,0,36,90
05/20/2019,HHR,CA,AWP,WE,Federal Contract Tower,0,10,20,0,30,0,1,115,0,116,0,11,135,0,146,94,0,94,240
05/21/2019,HHR,CA,AWP,WE,Federal Contract Tower,0,9,18,0,27,0,3,79,0,82,0,12,97,0,109,66,0,66,175
05/22/2019,HHR,CA,AWP,WE,Federal Contract Tower,0,8,18,0,26,0,2,83,0,85,0,10,101,0,111,52,0,52,163
05/23/2019,HHR,CA,AWP,WE,Federal Contract Tower,0,19,33,0,52,0,3,60,0,63,0,22,93,0,115,78,0,78,193
05/24/2019,HHR,CA,AWP,WE,Federal Contract Tower,0,14,21,0,35,0,3,139,3,145,0,17,160,3,180,158,0,158,338
05/25/2019,HHR,CA,AWP,WE,Federal Contract Tower,0,1,19,5,25,0,0,110,0,110,0,1,129,5,135,162,0,162,297
05/26/2019,HHR,CA,AWP,WE,Federal Contract Tower,0,3,18,0,21,0,2,16,0,18,0,5,34,0,39,60,0,60,99
05/27/2019,HHR,CA,AWP,WE,Federal Contract Tower,0,17,16,0,33,0,1,117,0,118,0,18,133,0,151,112,0,112,263
05/28/2019,HHR,CA,AWP,WE,Federal Contract Tower,0,8,12,0,20,0,2,112,0,114,0,10,124,0,134,102,0,102,236
05/29/2019,HHR,CA,AWP,WE,Federal Contract Tower,0,6,25,0,31,0,1,129,0,130,0,7,154,0,161,142,0,142,303
05/30/2019,HHR,CA,AWP,WE,Federal Contract Tower,0,11,17,0,28,0,3,56,0,59,0,14,73,0,87,64,0,64,151
05/31/2019,HHR,CA,AWP,WE,Federal Contract Tower,0,14,34,0,48,0,0,47,0,47,0,14,81,0,95,88,0,88,183
06/01/2019,HHR,CA,AWP,WE,Federal Contract Tower,0,2,20,0,22,0,2,46,0,48,0,4,66,0,70,86,0,86,156
06/02/2019,HHR,CA,AWP,WE,Federal Contract Tower,0,6,25,0,31,0,2,34,0,36,0,8,59,0,67,68,0,68,135
06/03/2019,HHR,CA,AWP,WE,Federal Contract Tower,0,12,26,0,38,0,1,69,0,70,0,13,95,0,108,78,0,78,186
06/04/2019,HHR,CA,AWP,WE,Federal Contract Tower,0,5,26,0,31,0,2,47,0,49,0,7,73,0,80,80,0,80,160
06/05/2019,HHR,CA,AWP,WE,Federal Contract Tower,0,11,42,0,53,0,0,45,0,45,0,11,87,0,98,56,0,56,154
06/06/2019,HHR,CA,AWP,WE,Federal Contract Tower,0,17,29,0,46,0,0,50,0,50,0,17,79,0,96,54,0,54,150
06/07/2019,HHR,CA,AWP,WE,Federal Contract Tower,0,18,33,0,51,0,0,70,0,70,0,18,103,0,121,118,0,118,239
06/08/2019,HHR,CA,AWP,WE,Federal Contract Tower,0,3,28,0,31,0,0,66,2,68,0,3,94,2,99,170,0,170,269
06/09/2019,HHR,CA,AWP,WE,Federal Contract Tower,0,12,12,0,24,0,0,107,0,107,0,12,119,0,131,154,0,154,285
06/10/2019,HHR,CA,AWP,WE,Federal Contract Tower,0,10,15,0,25,0,0,110,0,110,0,10,125,0,135,94,0,94,229
06/11/2019,HHR,CA,AWP,WE,Federal Contract Tower,0,11,18,0,29,0,4,99,0,103,0,15,117,0,132,72,0,72,204
06/12/2019,HHR,CA,AWP,WE,Federal Contract Tower,0,12,26,1,39,0,0,81,0,81,0,12,107,1,120,64,0,64,184
06/13/2019,HHR,CA,AWP,WE,Federal Contract Tower,0,23,22,0,45,0,1,53,0,54,0,24,75,0,99,78,0,78,177
06/14/2019,HHR,CA,AWP,WE,Federal Contract Tower,0,8,21,0,29,0,2,80,0,82,0,10,101,0,111,174,0,174,285
06/15/2019,HHR,CA,AWP,WE,Federal Contract Tower,0,3,27,0,30,0,0,129,0,129,0,3,156,0,159,176,0,176,335
06/16/2019,HHR,CA,AWP,WE,Federal Contract Tower,0,13,22,0,35,0,0,51,0,51,0,13,73,0,86,44,0,44,130
06/17/2019,HHR,CA,AWP,WE,Federal Contract Tower,0,10,21,0,31,0,0,50,0,50,0,10,71,0,81,84,0,84,165
06/18/2019,HHR,CA,AWP,WE,Federal Contract Tower,0,6,20,0,26,0,0,82,0,82,0,6,102,0,108,142,0,142,250
06/19/2019,HHR,CA,AWP,WE,Federal Contract Tower,0,13,27,0,40,0,0,87,0,87,0,13,114,0,127,150,0,150,277
06/20/2019,HHR,CA,AWP,WE,Federal Contract Tower,0,16,36,0,52,0,0,63,1,64,0,16,99,1,116,66,0,66,182
06/21/2019,HHR,CA,AWP,WE,Federal Contract Tower,0,13,20,0,33,0,2,82,0,84,0,15,102,0,117,192,0,192,309
06/22/2019,HHR,CA,AWP,WE,Federal Contract Tower,0,8,13,0,21,0,0,90,0,90,0,8,103,0,111,252,0,252,363
06/23/2019,HHR,CA,AWP,WE,Federal Contract Tower,0,9,22,0,31,0,0,52,1,53,0,9,74,1,84,55,0,55,139
06/24/2019,HHR,CA,AWP,WE,Federal Contract Tower,0,12,38,0,50,0,0,33,0,33,0,12,71,0,83,44,0,44,127
06/25/2019,HHR,CA,AWP,WE,Federal Contract Tower,0,8,29,0,37,0,0,45,0,45,0,8,74,0,82,60,0,60,142
06/26/2019,HHR,CA,AWP,WE,Federal Contract Tower,0,10,19,0,29,0,1,45,0,46,0,11,64,0,75,102,1,103,178
06/27/2019,HHR,CA,AWP,WE,Federal Contract Tower,0,13,25,0,38,1,8,47,0,56,1,21,72,0,94,68,2,70,164
06/28/2019,HHR,CA,AWP,WE,Federal Contract Tower,0,13,20,0,33,0,2,76,0,78,0,15,96,0,111,164,0,164,275
06/29/2019,HHR,CA,AWP,WE,Federal Contract Tower,0,2,6,0,8,0,0,120,0,120,0,2,126,0,128,160,0,160,288
06/30/2019,HHR,CA,AWP,WE,Federal Contract Tower,0,8,12,0,20,0,1,95,0,96,0,9,107,0,116,126,0,126,242
07/01/2019,HHR,CA,AWP,WE,Federal Contract Tower,0,13,11,0,24,0,0,98,0,98,0,13,109,0,122,148,0,148,270
07/03/2019,HHR,CA,AWP,WE,Federal Contract Tower,0,9,11,0,20,0,2,128,0,130,0,11,139,0,150,96,0,96,246
07/04/2019,HHR,CA,AWP,WE,Federal Contract Tower,0,2,11,0,13,0,0,34,0,34,0,2,45,0,47,34,0,34,81
07/05/2019,HHR,CA,AWP,WE,Federal Contract Tower,0,6,12,0,18,0,0,97,2,99,0,6,109,2,117,68,0,68,185
07/06/2019,HHR,CA,AWP,WE,Federal Contract Tower,0,13,21,0,34,0,0,49,0,49,0,13,70,0,83,94,0,94,177
07/07/2019,HHR,CA,AWP,WE,Federal Contract Tower,0,9,29,0,38,0,2,78,0,80,0,11,107,0,118,92,0,92,210
07/08/2019,HHR,CA,AWP,WE,Federal Contract Tower,0,11,28,0,39,0,0,93,0,93,0,11,121,0,132,118,0,118,250
07/09/2019,HHR,CA,AWP,WE,Federal Contract Tower,0,10,27,0,37,0,0,97,0,97,0,10,124,0,134,124,0,124,258
07/10/2019,HHR,CA,AWP,WE,Federal Contract Tower,0,13,16,0,29,0,1,80,0,81,0,14,96,0,110,114,0,114,224
07/11/2019,HHR,CA,AWP,WE,Federal Contract Tower,0,6,22,0,28,0,2,67,1,70,0,8,89,1,98,112,0,112,210
07/12/2019,HHR,CA,AWP,WE,Federal Contract Tower,0,10,20,0,30,0,1,103,0,104,0,11,123,0,134,168,0,168,302
07/13/2019,HHR,CA,AWP,WE,Federal Contract Tower,0,2,14,0,16,0,0,95,0,95,0,2,109,0,111,176,0,176,287
07/14/2019,HHR,CA,AWP,WE,Federal Contract Tower,0,5,20,0,25,0,1,52,0,53,0,6,72,0,78,36,0,36,114
07/15/2019,HHR,CA,AWP,WE,Federal Contract Tower,0,14,19,0,33,0,0,67,0,67,0,14,86,0,100,98,0,98,198
07/16/2019,HHR,CA,AWP,WE,Federal Contract Tower,0,12,18,0,30,0,3,78,0,81,0,15,96,0,111,86,0,86,197
07/17/2019,HHR,CA,AWP,WE,Federal Contract Tower,0,12,20,0,32,0,1,91,0,92,0,13,111,0,124,156,0,156,280
07/18/2019,HHR,CA,AWP,WE,Federal Contract Tower,0,12,14,0,26,0,2,62,0,64,0,14,76,0,90,34,0,34,124
07/19/2019,HHR,CA,AWP,WE,Federal Contract Tower,0,6,24,0,30,0,1,99,3,103,0,7,123,3,133,148,0,148,281
07/20/2019,HHR,CA,AWP,WE,Federal Contract Tower,0,2,15,0,17,0,0,94,2,96,0,2,109,2,113,104,0,104,217
07/21/2019,HHR,CA,AWP,WE,Federal Contract Tower,0,10,13,0,23,0,0,96,0,96,0,10,109,0,119,114,0,114,233
07/22/2019,HHR,CA,AWP,WE,Federal Contract Tower,0,8,12,0,20,0,0,83,0,83,0,8,95,0,103,78,0,78,181
07/23/2019,HHR,CA,AWP,WE,Federal Contract Tower,0,6,10,0,16,0,5,77,0,82,0,11,87,0,98,152,0,152,250
07/24/2019,HHR,CA,AWP,WE,Federal Contract Tower,0,12,13,0,25,0,1,133,0,134,0,13,146,0,159,90,0,90,249
07/25/2019,HHR,CA,AWP,WE,Federal Contract Tower,0,15,15,0,30,0,2,77,0,79,0,17,92,0,109,100,0,100,209
07/26/2019,HHR,CA,AWP,WE,Federal Contract Tower,0,11,13,0,24,0,1,140,0,141,0,12,153,0,165,136,0,136,301
07/27/2019,HHR,CA,AWP,WE,Federal Contract Tower,0,4,10,0,14,0,7,96,2,105,0,11,106,2,119,120,0,120,239
07/28/2019,HHR,CA,AWP,WE,Federal Contract Tower,0,8,14,0,22,0,2,108,0,110,0,10,122,0,132,82,0,82,214
07/29/2019,HHR,CA,AWP,WE,Federal Contract Tower,0,14,19,0,33,0,0,75,0,75,0,14,94,0,108,116,0,116,224
07/30/2019,HHR,CA,AWP,WE,Federal Contract Tower,0,4,10,0,14,0,3,92,0,95,0,7,102,0,109,132,0,132,241
07/31/2019,HHR,CA,AWP,WE,Federal Contract Tower,0,8,20,0,28,0,1,116,0,117,0,9,136,0,145,162,0,162,307
08/01/2019,HHR,CA,AWP,WE,Federal Contract Tower,0,8,14,0,22,0,2,85,0,87,0,10,99,0,109,136,0,136,245
08/02/2019,HHR,CA,AWP,WE,Federal Contract Tower,0,8,15,0,23,0,3,105,0,108,0,11,120,0,131,140,0,140,271
08/03/2019,HHR,CA,AWP,WE,Federal Contract Tower,0,3,11,0,14,0,0,126,0,126,0,3,137,0,140,66,0,66,206
08/04/2019,HHR,CA,AWP,WE,Federal Contract Tower,0,4,6,0,10,0,0,90,0,90,0,4,96,0,100,88,0,88,188
08/05/2019,HHR,CA,AWP,WE,Federal Contract Tower,0,8,19,1,28,0,0,126,1,127,0,8,145,2,155,108,0,108,263
08/06/2019,HHR,CA,AWP,WE,Federal Contract Tower,0,6,11,0,17,0,1,84,0,85,0,7,95,0,102,72,0,72,174
08/07/2019,HHR,CA,AWP,WE,Federal Contract Tower,0,10,19,0,29,0,0,87,0,87,0,10,106,0,116,132,0,132,248
08/08/2019,HHR,CA,AWP,WE,Federal Contract Tower,0,6,27,0,33,0,2,77,1,80,0,8,104,1,113,90,0,90,203
08/09/2019,HHR,CA,AWP,WE,Federal Contract Tower,0,12,18,0,30,0,2,90,0,92,0,14,108,0,122,152,0,152,274
08/10/2019,HHR,CA,AWP,WE,Federal Contract Tower,1,22,0,0,23,0,0,116,0,116,1,22,116,0,139,64,0,64,203
08/11/2019,HHR,CA,AWP,WE,Federal Contract Tower,0,7,16,0,23,0,0,86,0,86,0,7,102,0,109,42,0,42,151
08/12/2019,HHR,CA,AWP,WE,Federal Contract Tower,0,7,9,0,16,0,0,55,0,55,0,7,64,0,71,146,0,146,217
08/13/2019,HHR,CA,AWP,WE,Federal Contract Tower,0,8,12,0,20,0,1,93,0,94,0,9,105,0,114,182,0,182,296
08/14/2019,HHR,CA,AWP,WE,Federal Contract Tower,0,4,13,0,17,0,2,106,0,108,0,6,119,0,125,128,0,128,253
08/15/2019,HHR,CA,AWP,WE,Federal Contract Tower,0,9,23,0,32,0,2,80,0,82,0,11,103,0,114,46,0,46,160
08/16/2019,HHR,CA,AWP,WE,Federal Contract Tower,0,9,15,0,24,0,0,85,2,87,0,9,100,2,111,118,0,118,229
08/17/2019,HHR,CA,AWP,WE,Federal Contract Tower,0,3,14,0,17,0,0,96,0,96,0,3,110,0,113,154,0,154,267
08/18/2019,HHR,CA,AWP,WE,Federal Contract Tower,0,9,23,3,35,0,0,86,0,86,0,9,109,3,121,128,0,128,249
08/19/2019,HHR,CA,AWP,WE,Federal Contract Tower,0,9,19,0,28,0,0,83,1,84,0,9,102,1,112,58,0,58,170
08/20/2019,HHR,CA,AWP,WE,Federal Contract Tower,0,7,11,0,18,0,1,141,0,142,0,8,152,0,160,118,0,118,278
08/21/2019,HHR,CA,AWP,WE,Federal Contract Tower,0,10,19,0,29,0,1,110,0,111,0,11,129,0,140,162,0,162,302
08/22/2019,HHR,CA,AWP,WE,Federal Contract Tower,0,12,20,0,32,0,2,90,1,93,0,14,110,1,125,112,0,112,237
08/23/2019,HHR,CA,AWP,WE,Federal Contract Tower,0,11,17,0,28,0,5,110,1,116,0,16,127,1,144,187,0,187,331
08/24/2019,HHR,CA,AWP,WE,Federal Contract Tower,0,1,13,0,14,0,0,130,0,130,0,1,143,0,144,104,0,104,248
08/25/2019,HHR,CA,AWP,WE,Federal Contract Tower,0,6,25,0,31,0,0,110,0,110,0,6,135,0,141,80,0,80,221
08/26/2019,HHR,CA,AWP,WE,Federal Contract Tower,0,11,17,0,28,0,0,95,1,96,0,11,112,1,124,84,0,84,208
08/27/2019,HHR,CA,AWP,WE,Federal Contract Tower,0,9,11,0,20,0,2,96,0,98,0,11,107,0,118,94,0,94,212
08/28/2019,HHR,CA,AWP,WE,Federal Contract Tower,0,12,21,2,35,0,1,71,0,72,0,13,92,2,107,144,0,144,251
08/29/2019,HHR,CA,AWP,WE,Federal Contract Tower,0,18,26,0,44,0,2,91,0,93,0,20,117,0,137,138,0,138,275
08/30/2019,HHR,CA,AWP,WE,Federal Contract Tower,0,14,18,0,32,0,2,122,0,124,0,16,140,0,156,182,0,182,338
08/31/2019,HHR,CA,AWP,WE,Federal Contract Tower,0,2,9,0,11,0,0,87,0,87,0,2,96,0,98,140,0,140,238
09/01/2019,HHR,CA,AWP,WE,Federal Contract Tower,0,3,18,0,21,0,0,73,2,75,0,3,91,2,96,128,0,128,224
09/02/2019,HHR,CA,AWP,WE,Federal Contract Tower,0,8,20,0,28,0,0,74,0,74,0,8,94,0,102,148,0,148,250
09/03/2019,HHR,CA,AWP,WE,Federal Contract Tower,0,3,7,0,10,0,1,80,0,81,0,4,87,0,91,86,0,86,177
09/04/2019,HHR,CA,AWP,WE,Federal Contract Tower,0,13,13,0,26,0,1,115,0,116,0,14,128,0,142,136,0,136,278
09/05/2019,HHR,CA,AWP,WE,Federal Contract Tower,0,9,21,0,30,0,2,102,0,104,0,11,123,0,134,106,0,106,240
09/06/2019,HHR,CA,AWP,WE,Federal Contract Tower,0,12,22,0,34,0,2,117,0,119,0,14,139,0,153,142,0,142,295
09/07/2019,HHR,CA,AWP,WE,Federal Contract Tower,0,8,12,0,20,0,0,115,0,115,0,8,127,0,135,98,0,98,233
09/08/2019,HHR,CA,AWP,WE,Federal Contract Tower,0,4,6,0,10,0,2,72,0,74,0,6,78,0,84,76,0,76,160
09/09/2019,HHR,CA,AWP,WE,Federal Contract Tower,0,15,18,0,33,0,0,91,0,91,0,15,109,0,124,48,0,48,172
09/10/2019,HHR,CA,AWP,WE,Federal Contract Tower,0,8,16,0,24,0,0,53,1,54,0,8,69,1,78,30,1,31,109
09/11/2019,HHR,CA,AWP,WE,Federal Contract Tower,0,7,24,0,31,0,1,105,0,106,0,8,129,0,137,204,0,204,341
09/12/2019,HHR,CA,AWP,WE,Federal Contract Tower,0,8,12,0,20,0,2,71,0,73,0,10,83,0,93,58,0,58,151
09/13/2019,HHR,CA,AWP,WE,Federal Contract Tower,0,8,24,0,32,0,2,134,0,136,0,10,158,0,168,84,0,84,252
09/14/2019,HHR,CA,AWP,WE,Federal Contract Tower,0,5,10,0,15,0,0,123,0,123,0,5,133,0,138,108,0,108,246
09/15/2019,HHR,CA,AWP,WE,Federal Contract Tower,0,10,13,0,23,0,1,97,0,98,0,11,110,0,121,64,0,64,185
09/16/2019,HHR,CA,AWP,WE,Federal Contract Tower,0,5,17,0,22,0,1,74,0,75,0,6,91,0,97,66,0,66,163
09/17/2019,HHR,CA,AWP,WE,Federal Contract Tower,0,3,10,0,13,0,0,47,0,47,0,3,57,0,60,56,0,56,116
09/18/2019,HHR,CA,AWP,WE,Federal Contract Tower,0,6,7,0,13,0,0,99,0,99,0,6,106,0,112,92,0,92,204
09/19/2019,HHR,CA,AWP,WE,Federal Contract Tower,0,9,20,0,29,0,1,79,4,84,0,10,99,4,113,108,0,108,221
09/20/2019,HHR,CA,AWP,WE,Federal Contract Tower,0,13,34,0,47,0,4,113,1,118,0,17,147,1,165,174,0,174,339
09/21/2019,HHR,CA,AWP,WE,Federal Contract Tower,0,2,5,0,7,0,0,113,0,113,0,2,118,0,120,86,0,86,206
09/22/2019,HHR,CA,AWP,WE,Federal Contract Tower,0,9,20,0,29,0,3,127,0,130,0,12,147,0,159,132,0,132,291
09/23/2019,HHR,CA,AWP,WE,Federal Contract Tower,0,7,17,0,24,0,0,88,2,90,0,7,105,2,114,112,0,112,226
09/24/2019,HHR,CA,AWP,WE,Federal Contract Tower,0,8,11,0,19,0,4,78,0,82,0,12,89,0,101,87,0,87,188
09/25/2019,HHR,CA,AWP,WE,Federal Contract Tower,0,9,26,0,35,0,8,103,1,112,0,17,129,1,147,130,0,130,277
09/26/2019,HHR,CA,AWP,WE,Federal Contract Tower,0,15,27,0,42,0,1,50,2,53,0,16,77,2,95,176,0,176,271
09/27/2019,HHR,CA,AWP,WE,Federal Contract Tower,0,14,28,0,42,0,3,70,0,73,0,17,98,0,115,144,0,144,259
09/28/2019,HHR,CA,AWP,WE,Federal Contract Tower,0,6,19,0,25,0,1,64,0,65,0,7,83,0,90,114,0,114,204
09/29/2019,HHR,CA,AWP,WE,Federal Contract Tower,0,13,19,0,32,0,0,79,1,80,0,13,98,1,112,76,0,76,188
09/30/2019,HHR,CA,AWP,WE,Federal Contract Tower,0,0,0,0,0,0,0,0,0,0,0,0,0,0,0,0,0,0,0
10/01/2019,HHR,CA,AWP,WE,Federal Contract Tower,0,0,0,0,0,0,0,4,0,4,0,0,4,0,4,0,0,0,4
10/02/2019,HHR,CA,AWP,WE,Federal Contract Tower,0,0,0,0,0,0,0,2,0,2,0,0,2,0,2,0,0,0,2
10/03/2019,HHR,CA,AWP,WE,Federal Contract Tower,0,0,0,0,0,0,0,0,0,0,0,0,0,0,0,0,0,0,0
10/04/2019,HHR,CA,AWP,WE,Federal Contract Tower,0,0,0,0,0,0,0,3,0,3,0,0,3,0,3,0,0,0,3
10/05/2019,HHR,CA,AWP,WE,Federal Contract Tower,1,10,0,0,11,0,2,126,0,128,1,12,126,0,139,106,0,106,245
10/06/2019,HHR,CA,AWP,WE,Federal Contract Tower,0,9,6,0,15,0,0,89,0,89,0,9,95,0,104,66,0,66,170
10/07/2019,HHR,CA,AWP,WE,Federal Contract Tower,0,14,12,0,26,0,1,100,0,101,0,15,112,0,127,106,0,106,233
10/08/2019,HHR,CA,AWP,WE,Federal Contract Tower,0,11,14,0,25,0,10,82,0,92,0,21,96,0,117,70,0,70,187
10/09/2019,HHR,CA,AWP,WE,Federal Contract Tower,0,9,17,0,26,0,0,79,0,79,0,9,96,0,105,86,0,86,191
10/10/2019,HHR,CA,AWP,WE,Federal Contract Tower,0,12,15,0,27,0,5,84,0,89,0,17,99,0,116,212,0,212,328
10/11/2019,HHR,CA,AWP,WE,Federal Contract Tower,0,9,23,0,32,0,2,102,2,106,0,11,125,2,138,136,0,136,274
10/12/2019,HHR,CA,AWP,WE,Federal Contract Tower,0,4,14,0,18,0,0,136,2,138,0,4,150,2,156,130,0,130,286
10/13/2019,HHR,CA,AWP,WE,Federal Contract Tower,0,10,22,0,32,0,0,108,0,108,0,10,130,0,140,136,0,136,276
10/14/2019,HHR,CA,AWP,WE,Federal Contract Tower,0,0,0,0,0,0,0,6,0,6,0,0,6,0,6,0,0,0,6
10/15/2019,HHR,CA,AWP,WE,Federal Contract Tower,0,0,0,0,0,0,0,0,0,0,0,0,0,0,0,0,0,0,0
10/16/2019,HHR,CA,AWP,WE,Federal Contract Tower,0,0,0,0,0,0,0,6,0,6,0,0,6,0,6,0,0,0,6
10/17/2019,HHR,CA,AWP,WE,Federal Contract Tower,0,14,24,0,38,0,2,92,0,94,0,16,116,0,132,144,0,144,276
10/18/2019,HHR,CA,AWP,WE,Federal Contract Tower,0,11,17,0,28,0,5,125,3,133,0,16,142,3,161,164,0,164,325
10/19/2019,HHR,CA,AWP,WE,Federal Contract Tower,0,3,19,0,22,0,0,143,0,143,0,3,162,0,165,98,0,98,263
10/20/2019,HHR,CA,AWP,WE,Federal Contract Tower,0,13,16,0,29,0,0,76,0,76,0,13,92,0,105,74,0,74,179
10/21/2019,HHR,CA,AWP,WE,Federal Contract Tower,0,16,9,0,25,0,0,110,0,110,0,16,119,0,135,86,0,86,221
10/22/2019,HHR,CA,AWP,WE,Federal Contract Tower,0,10,23,0,33,0,3,90,0,93,0,13,113,0,126,66,0,66,192
10/23/2019,HHR,CA,AWP,WE,Federal Contract Tower,0,11,12,0,23,0,2,108,0,110,0,13,120,0,133,102,0,102,235
10/24/2019,HHR,CA,AWP,WE,Federal Contract Tower,0,11,19,0,30,0,2,89,2,93,0,13,108,2,123,64,0,64,187
10/25/2019,HHR,CA,AWP,WE,Federal Contract Tower,0,6,20,0,26,0,4,76,0,80,0,10,96,0,106,105,0,105,211
10/26/2019,HHR,CA,AWP,WE,Federal Contract Tower,0,10,14,0,24,0,0,121,0,121,0,10,135,0,145,88,0,88,233
10/27/2019,HHR,CA,AWP,WE,Federal Contract Tower,0,11,20,0,31,0,2,75,0,77,0,13,95,0,108,51,0,51,159
10/28/2019,HHR,CA,AWP,WE,Federal Contract Tower,0,14,19,0,33,0,0,110,0,110,0,14,129,0,143,120,0,120,263
10/29/2019,HHR,CA,AWP,WE,Federal Contract Tower,0,6,19,0,25,0,2,97,0,99,0,8,116,0,124,90,0,90,214
10/30/2019,HHR,CA,AWP,WE,Federal Contract Tower,0,8,15,0,23,0,11,73,0,84,0,19,88,0,107,162,0,162,269
10/31/2019,HHR,CA,AWP,WE,Federal Contract Tower,0,8,6,0,14,0,1,87,1,89,0,9,93,1,103,86,0,86,189
11/01/2019,HHR,CA,AWP,WE,Federal Contract Tower,0,15,22,0,37,0,3,101,1,105,0,18,123,1,142,96,1,97,239
11/02/2019,HHR,CA,AWP,WE,Federal Contract Tower,0,8,17,0,25,0,2,109,0,111,0,10,126,0,136,92,0,92,228
11/03/2019,HHR,CA,AWP,WE,Federal Contract Tower,0,12,19,0,31,0,0,103,0,103,0,12,122,0,134,102,0,102,236
11/04/2019,HHR,CA,AWP,WE,Federal Contract Tower,0,8,19,0,27,0,4,106,0,110,0,12,125,0,137,46,0,46,183
11/05/2019,HHR,CA,AWP,WE,Federal Contract Tower,0,7,9,0,16,0,1,83,0,84,0,8,92,0,100,118,0,118,218
11/06/2019,HHR,CA,AWP,WE,Federal Contract Tower,0,11,16,0,27,0,3,62,0,65,0,14,78,0,92,44,0,44,136
11/07/2019,HHR,CA,AWP,WE,Federal Contract Tower,0,4,24,0,28,0,1,54,0,55,0,5,78,0,83,60,0,60,143
11/08/2019,HHR,CA,AWP,WE,Federal Contract Tower,0,10,23,0,33,0,5,91,0,96,0,15,114,0,129,92,0,92,221
11/09/2019,HHR,CA,AWP,WE,Federal Contract Tower,0,3,7,1,11,0,1,105,2,108,0,4,112,3,119,118,0,118,237
11/10/2019,HHR,CA,AWP,WE,Federal Contract Tower,0,4,17,0,21,0,1,100,2,103,0,5,117,2,124,126,0,126,250
11/11/2019,HHR,CA,AWP,WE,Federal Contract Tower,0,12,15,0,27,0,2,77,0,79,0,14,92,0,106,100,0,100,206
11/12/2019,HHR,CA,AWP,WE,Federal Contract Tower,0,8,25,0,33,0,2,63,0,65,0,10,88,0,98,70,0,70,168
11/13/2019,HHR,CA,AWP,WE,Federal Contract Tower,0,21,28,0,49,0,0,51,0,51,0,21,79,0,100,70,0,70,170
11/14/2019,HHR,CA,AWP,WE,Federal Contract Tower,0,18,25,0,43,0,1,78,0,79,0,19,103,0,122,136,0,136,258
11/15/2019,HHR,CA,AWP,WE,Federal Contract Tower,0,16,33,0,49,0,4,92,0,96,0,20,125,0,145,150,0,150,295
11/16/2019,HHR,CA,AWP,WE,Federal Contract Tower,0,12,9,0,21,0,1,142,2,145,0,13,151,2,166,112,0,112,278
11/17/2019,HHR,CA,AWP,WE,Federal Contract Tower,0,12,12,0,24,0,1,119,0,120,0,13,131,0,144,122,0,122,266
11/18/2019,HHR,CA,AWP,WE,Federal Contract Tower,0,9,7,0,16,0,1,96,0,97,0,10,103,0,113,84,0,84,197
11/19/2019,HHR,CA,AWP,WE,Federal Contract Tower,0,10,15,0,25,0,7,87,2,96,0,17,102,2,121,62,0,62,183
11/20/2019,HHR,CA,AWP,WE,Federal Contract Tower,0,11,13,0,24,0,2,18,0,20,0,13,31,0,44,0,0,0,44
11/21/2019,HHR,CA,AWP,WE,Federal Contract Tower,0,12,18,0,30,0,10,44,0,54,0,22,62,0,84,92,0,92,176
11/22/2019,HHR,CA,AWP,WE,Federal Contract Tower,0,14,14,0,28,0,5,98,0,103,0,19,112,0,131,108,0,108,239
11/23/2019,HHR,CA,AWP,WE,Federal Contract Tower,0,2,10,0,12,0,10,116,0,126,0,12,126,0,138,152,0,152,290
11/24/2019,HHR,CA,AWP,WE,Federal Contract Tower,0,11,13,0,24,0,11,84,2,97,0,22,97,2,121,90,0,90,211
11/25/2019,HHR,CA,AWP,WE,Federal Contract Tower,0,9,20,0,29,0,7,107,0,114,0,16,127,0,143,158,0,158,301
11/26/2019,HHR,CA,AWP,WE,Federal Contract Tower,0,10,34,0,44,0,2,88,3,93,0,12,122,3,137,130,0,130,267
11/27/2019,HHR,CA,AWP,WE,Federal Contract Tower,0,9,12,0,21,0,2,17,0,19,0,11,29,0,40,4,0,4,44
11/28/2019,HHR,CA,AWP,WE,Federal Contract Tower,0,2,4,0,6,0,0,6,1,7,0,2,10,1,13,8,0,8,21
11/29/2019,HHR,CA,AWP,WE,Federal Contract Tower,0,9,9,0,18,0,14,36,0,50,0,23,45,0,68,6,0,6,74
11/30/2019,HHR,CA,AWP,WE,Federal Contract Tower,0,4,14,0,18,0,4,79,0,83,0,8,93,0,101,86,0,86,187
12/01/2019,HHR,CA,AWP,WE,Federal Contract Tower,0,12,19,0,31,0,1,72,0,73,0,13,91,0,104,68,0,68,172
12/02/2019,HHR,CA,AWP,WE,Federal Contract Tower,0,6,9,0,15,0,1,77,0,78,0,7,86,0,93,100,0,100,193
12/03/2019,HHR,CA,AWP,WE,Federal Contract Tower,0,7,11,0,18,0,2,75,2,79,0,9,86,2,97,78,0,78,175
12/04/2019,HHR,CA,AWP,WE,Federal Contract Tower,0,5,5,0,10,0,1,12,0,13,0,6,17,0,23,0,0,0,23
12/05/2019,HHR,CA,AWP,WE,Federal Contract Tower,0,9,14,0,23,0,0,64,0,64,0,9,78,0,87,82,0,82,169
12/06/2019,HHR,CA,AWP,WE,Federal Contract Tower,0,12,21,0,33,0,4,48,0,52,0,16,69,0,85,58,0,58,143
12/07/2019,HHR,CA,AWP,WE,Federal Contract Tower,0,8,13,0,21,0,0,41,0,41,0,8,54,0,62,74,0,74,136
12/08/2019,HHR,CA,AWP,WE,Federal Contract Tower,0,7,19,0,26,0,0,9,0,9,0,7,28,0,35,22,0,22,57
12/09/2019,HHR,CA,AWP,WE,Federal Contract Tower,0,11,18,0,29,0,2,79,0,81,0,13,97,0,110,68,0,68,178
12/10/2019,HHR,CA,AWP,WE,Federal Contract Tower,0,14,17,0,31,0,3,78,0,81,0,17,95,0,112,170,0,170,282
12/11/2019,HHR,CA,AWP,WE,Federal Contract Tower,0,14,16,0,30,0,3,111,0,114,0,17,127,0,144,36,0,36,180
12/12/2019,HHR,CA,AWP,WE,Federal Contract Tower,0,15,29,0,44,0,3,80,1,84,0,18,109,1,128,56,0,56,184
12/13/2019,HHR,CA,AWP,WE,Federal Contract Tower,0,16,26,0,42,0,2,45,0,47,0,18,71,0,89,34,0,34,123
12/14/2019,HHR,CA,AWP,WE,Federal Contract Tower,0,8,17,0,25,0,0,31,1,32,0,8,48,1,57,46,0,46,103
12/15/2019,HHR,CA,AWP,WE,Federal Contract Tower,0,12,13,0,25,0,1,48,0,49,0,13,61,0,74,0,0,0,74
12/16/2019,HHR,CA,AWP,WE,Federal Contract Tower,0,9,12,0,21,0,2,100,0,102,0,11,112,0,123,54,0,54,177
12/17/2019,HHR,CA,AWP,WE,Federal Contract Tower,0,5,4,0,9,0,14,80,0,94,0,19,84,0,103,66,0,66,169
12/18/2019,HHR,CA,AWP,WE,Federal Contract Tower,0,8,19,0,27,0,1,94,2,97,0,9,113,2,124,100,0,100,224
12/19/2019,HHR,CA,AWP,WE,Federal Contract Tower,0,7,11,0,18,0,2,65,0,67,0,9,76,0,85,64,0,64,149
12/20/2019,HHR,CA,AWP,WE,Federal Contract Tower,0,13,17,0,30,0,5,90,0,95,0,18,107,0,125,66,0,66,191
12/21/2019,HHR,CA,AWP,WE,Federal Contract Tower,0,6,11,0,17,0,0,116,0,116,0,6,127,0,133,158,0,158,291
12/22/2019,HHR,CA,AWP,WE,Federal Contract Tower,0,6,5,0,11,0,0,50,1,51,0,6,55,1,62,84,0,84,146
12/23/2019,HHR,CA,AWP,WE,Federal Contract Tower,0,3,3,0,6,0,2,9,0,11,0,5,12,0,17,0,0,0,17
12/24/2019,HHR,CA,AWP,WE,Federal Contract Tower,0,5,4,0,9,0,1,25,1,27,0,6,29,1,36,22,0,22,58
12/25/2019,HHR,CA,AWP,WE,Federal Contract Tower,0,1,3,0,4,0,0,15,0,15,0,1,18,0,19,10,0,10,29
12/26/2019,HHR,CA,AWP,WE,Federal Contract Tower,0,5,4,0,9,0,1,40,0,41,0,6,44,0,50,36,0,36,86
12/27/2019,HHR,CA,AWP,WE,Federal Contract Tower,0,16,6,0,22,0,4,88,2,94,0,20,94,2,116,26,0,26,142
12/28/2019,HHR,CA,AWP,WE,Federal Contract Tower,0,8,11,0,19,0,1,86,0,87,0,9,97,0,106,55,0,55,161
12/29/2019,HHR,CA,AWP,WE,Federal Contract Tower,0,11,5,0,16,0,1,64,0,65,0,12,69,0,81,58,0,58,139
12/30/2019,HHR,CA,AWP,WE,Federal Contract Tower,0,8,3,0,11,0,10,68,0,78,0,18,71,0,89,70,0,70,159
12/31/2019,HHR,CA,AWP,WE,Federal Contract Tower,0,9,7,0,16,0,7,45,0,52,0,16,52,0,68,58,0,58,126
01/01/2020,HHR,CA,AWP,WE,Federal Contract Tower,0,9,6,0,15,0,0,40,2,42,0,9,46,2,57,22,0,22,79
01/02/2020,HHR,CA,AWP,WE,Federal Contract Tower,0,8,4,0,12,0,5,68,0,73,0,13,72,0,85,90,0,90,175
01/03/2020,HHR,CA,AWP,WE,Federal Contract Tower,0,9,16,0,25,0,4,94,0,98,0,13,110,0,123,138,0,138,261
01/04/2020,HHR,CA,AWP,WE,Federal Contract Tower,0,5,17,0,22,0,3,90,1,94,0,8,107,1,116,162,0,162,278
01/05/2020,HHR,CA,AWP,WE,Federal Contract Tower,0,6,10,0,16,0,4,93,0,97,0,10,103,0,113,162,0,162,275
01/06/2020,HHR,CA,AWP,WE,Federal Contract Tower,0,5,14,0,19,0,3,71,0,74,0,8,85,0,93,104,0,104,197
01/07/2020,HHR,CA,AWP,WE,Federal Contract Tower,0,4,10,0,14,0,2,76,0,78,0,6,86,0,92,78,0,78,170
01/08/2020,HHR,CA,AWP,WE,Federal Contract Tower,0,12,18,0,30,0,3,70,0,73,0,15,88,0,103,108,0,108,211
01/09/2020,HHR,CA,AWP,WE,Federal Contract Tower,0,12,19,0,31,0,2,91,1,94,0,14,110,1,125,136,0,136,261
01/10/2020,HHR,CA,AWP,WE,Federal Contract Tower,0,12,11,0,23,0,9,106,2,117,0,21,117,2,140,52,0,52,192
01/11/2020,HHR,CA,AWP,WE,Federal Contract Tower,0,5,8,0,13,0,0,79,1,80,0,5,87,1,93,166,0,166,259
01/12/2020,HHR,CA,AWP,WE,Federal Contract Tower,0,9,19,0,28,0,0,106,0,106,0,9,125,0,134,138,0,138,272
01/13/2020,HHR,CA,AWP,WE,Federal Contract Tower,0,7,4,0,11,0,1,76,0,77,0,8,80,0,88,106,0,106,194
01/14/2020,HHR,CA,AWP,WE,Federal Contract Tower,0,4,8,0,12,0,0,83,0,83,0,4,91,0,95,144,0,144,239
01/15/2020,HHR,CA,AWP,WE,Federal Contract Tower,0,12,21,0,33,0,3,79,0,82,0,15,100,0,115,94,0,94,209
01/16/2020,HHR,CA,AWP,WE,Federal Contract Tower,0,11,16,0,27,0,1,53,0,54,0,12,69,0,81,96,0,96,177
01/17/2020,HHR,CA,AWP,WE,Federal Contract Tower,0,19,33,0,52,0,3,103,0,106,0,22,136,0,158,124,0,124,282
01/18/2020,HHR,CA,AWP,WE,Federal Contract Tower,0,2,11,0,13,0,0,112,0,112,0,2,123,0,125,73,0,73,198
01/19/2020,HHR,CA,AWP,WE,Federal Contract Tower,0,8,11,0,19,0,2,81,0,83,0,10,92,0,102,149,0,149,251
01/20/2020,HHR,CA,AWP,WE,Federal Contract Tower,0,21,11,0,32,0,3,91,0,94,0,24,102,0,126,113,0,113,239
01/21/2020,HHR,CA,AWP,WE,Federal Contract Tower,0,8,25,0,33,0,2,52,0,54,0,10,77,0,87,96,0,96,183
01/22/2020,HHR,CA,AWP,WE,Federal Contract Tower,0,13,14,0,27,0,5,105,0,110,0,18,119,0,137,106,0,106,243
01/23/2020,HHR,CA,AWP,WE,Federal Contract Tower,0,16,17,0,33,0,2,72,0,74,0,18,89,0,107,134,2,136,243
01/24/2020,HHR,CA,AWP,WE,Federal Contract Tower,0,14,22,0,36,0,3,98,0,101,0,17,120,0,137,78,0,78,215
01/25/2020,HHR,CA,AWP,WE,Federal Contract Tower,0,5,22,0,27,0,0,43,0,43,0,5,65,0,70,102,0,102,172
01/26/2020,HHR,CA,AWP,WE,Federal Contract Tower,0,11,18,0,29,0,0,26,0,26,0,11,44,0,55,82,0,82,137
01/27/2020,HHR,CA,AWP,WE,Federal Contract Tower,0,13,9,0,22,0,6,56,0,62,0,19,65,0,84,8,0,8,92
01/28/2020,HHR,CA,AWP,WE,Federal Contract Tower,0,7,16,0,23,0,1,78,0,79,0,8,94,0,102,106,0,106,208
01/29/2020,HHR,CA,AWP,WE,Federal Contract Tower,0,13,9,0,22,2,3,63,1,69,2,16,72,1,91,12,0,12,103
01/30/2020,HHR,CA,AWP,WE,Federal Contract Tower,0,23,20,0,43,0,3,106,0,109,0,26,126,0,152,106,0,106,258
01/31/2020,HHR,CA,AWP,WE,Federal Contract Tower,0,12,24,0,36,0,5,116,2,123,0,17,140,2,159,122,0,122,281
02/01/2020,HHR,CA,AWP,WE,Federal Contract Tower,0,8,15,0,23,0,0,94,0,94,0,8,109,0,117,121,0,121,238
02/02/2020,HHR,CA,AWP,WE,Federal Contract Tower,0,13,12,0,25,0,1,59,0,60,0,14,71,0,85,136,0,136,221
02/03/2020,HHR,CA,AWP,WE,Federal Contract Tower,0,13,11,0,24,0,1,35,0,36,0,14,46,0,60,0,0,0,60
02/04/2020,HHR,CA,AWP,WE,Federal Contract Tower,0,9,7,0,16,0,2,60,0,62,0,11,67,0,78,34,0,34,112
02/05/2020,HHR,CA,AWP,WE,Federal Contract Tower,0,13,14,0,27,0,10,79,0,89,0,23,93,0,116,64,0,64,180
02/06/2020,HHR,CA,AWP,WE,Federal Contract Tower,0,13,15,0,28,0,3,69,0,72,0,16,84,0,100,60,0,60,160
02/07/2020,HHR,CA,AWP,WE,Federal Contract Tower,0,15,21,0,36,0,3,86,0,89,0,18,107,0,125,103,0,103,228
02/08/2020,HHR,CA,AWP,WE,Federal Contract Tower,0,2,10,1,13,0,0,85,1,86,0,2,95,2,99,150,0,150,249
02/09/2020,HHR,CA,AWP,WE,Federal Contract Tower,0,7,6,0,13,0,6,16,0,22,0,13,22,0,35,36,0,36,71
02/10/2020,HHR,CA,AWP,WE,Federal Contract Tower,0,15,8,0,23,0,1,89,0,90,0,16,97,0,113,48,0,48,161
02/11/2020,HHR,CA,AWP,WE,Federal Contract Tower,0,6,15,0,21,0,1,73,0,74,0,7,88,0,95,66,0,66,161
02/12/2020,HHR,CA,AWP,WE,Federal Contract Tower,0,16,29,0,45,0,7,105,0,112,0,23,134,0,157,114,0,114,271
02/13/2020,HHR,CA,AWP,WE,Federal Contract Tower,0,15,14,0,29,0,2,125,1,128,0,17,139,1,157,98,0,98,255
02/14/2020,HHR,CA,AWP,WE,Federal Contract Tower,0,12,20,0,32,0,3,103,0,106,0,15,123,0,138,83,0,83,221
02/15/2020,HHR,CA,AWP,WE,Federal Contract Tower,0,7,12,0,19,0,0,114,0,114,0,7,126,0,133,142,0,142,275
02/16/2020,HHR,CA,AWP,WE,Federal Contract Tower,0,9,9,0,18,0,0,74,0,74,0,9,83,0,92,148,0,148,240
02/17/2020,HHR,CA,AWP,WE,Federal Contract Tower,0,17,19,0,36,0,1,74,0,75,0,18,93,0,111,126,0,126,237
02/18/2020,HHR,CA,AWP,WE,Federal Contract Tower,0,3,8,0,11,0,0,23,0,23,0,3,31,0,34,45,0,45,79
02/19/2020,HHR,CA,AWP,WE,Federal Contract Tower,0,9,17,0,26,0,2,67,0,69,0,11,84,0,95,98,0,98,193
02/20/2020,HHR,CA,AWP,WE,Federal Contract Tower,0,15,8,0,23,0,5,97,0,102,0,20,105,0,125,100,0,100,225
02/21/2020,HHR,CA,AWP,WE,Federal Contract Tower,0,12,18,0,30,0,1,86,2,89,0,13,104,2,119,130,0,130,249
02/22/2020,HHR,CA,AWP,WE,Federal Contract Tower,0,5,18,0,23,0,0,41,0,41,0,5,59,0,64,52,0,52,116
02/23/2020,HHR,CA,AWP,WE,Federal Contract Tower,0,12,20,0,32,0,2,60,0,62,0,14,80,0,94,170,0,170,264
02/24/2020,HHR,CA,AWP,WE,Federal Contract Tower,0,11,12,0,23,0,2,87,0,89,0,13,99,0,112,94,0,94,206
02/25/2020,HHR,CA,AWP,WE,Federal Contract Tower,0,6,19,0,25,0,1,71,0,72,0,7,90,0,97,130,0,130,227
02/26/2020,HHR,CA,AWP,WE,Federal Contract Tower,0,8,19,0,27,0,1,84,0,85,0,9,103,0,112,48,12,60,172
02/27/2020,HHR,CA,AWP,WE,Federal Contract Tower,0,21,14,0,35,0,4,66,3,73,0,25,80,3,108,144,0,144,252
02/28/2020,HHR,CA,AWP,WE,Federal Contract Tower,0,11,18,0,29,0,6,76,1,83,0,17,94,1,112,76,0,76,188
02/29/2020,HHR,CA,AWP,WE,Federal Contract Tower,0,7,9,0,16,0,0,67,0,67,0,7,76,0,83,110,0,110,193
03/01/2020,HHR,CA,AWP,WE,Federal Contract Tower,0,12,12,0,24,0,2,38,0,40,0,14,50,0,64,90,0,90,154
03/02/2020,HHR,CA,AWP,WE,Federal Contract Tower,0,16,7,0,23,0,1,60,0,61,0,17,67,0,84,74,0,74,158
03/03/2020,HHR,CA,AWP,WE,Federal Contract Tower,0,10,10,0,20,0,1,104,0,105,0,11,114,0,125,70,0,70,195
03/04/2020,HHR,CA,AWP,WE,Federal Contract Tower,0,12,18,0,30,0,2,60,1,63,0,14,78,1,93,68,0,68,161
03/05/2020,HHR,CA,AWP,WE,Federal Contract Tower,0,21,14,0,35,0,3,79,0,82,0,24,93,0,117,97,0,97,214
03/06/2020,HHR,CA,AWP,WE,Federal Contract Tower,0,15,18,0,33,0,5,48,1,54,0,20,66,1,87,84,0,84,171
03/07/2020,HHR,CA,AWP,WE,Federal Contract Tower,0,10,13,0,23,0,0,56,0,56,0,10,69,0,79,80,0,80,159
03/08/2020,HHR,CA,AWP,WE,Federal Contract Tower,0,11,13,0,24,0,3,71,0,74,0,14,84,0,98,102,0,102,200
03/09/2020,HHR,CA,AWP,WE,Federal Contract Tower,0,19,2,0,21,0,2,90,0,92,0,21,92,0,113,74,0,74,187
03/10/2020,HHR,CA,AWP,WE,Federal Contract Tower,0,6,1,0,7,0,2,14,0,16,0,8,15,0,23,30,0,30,53
03/11/2020,HHR,CA,AWP,WE,Federal Contract Tower,0,11,14,0,25,2,1,62,2,67,2,12,76,2,92,44,0,44,136
03/12/2020,HHR,CA,AWP,WE,Federal Contract Tower,0,12,7,0,19,0,2,14,0,16,0,14,21,0,35,6,0,6,41
03/13/2020,HHR,CA,AWP,WE,Federal Contract Tower,0,16,22,0,38,0,1,4,0,5,0,17,26,0,43,4,0,4,47
03/14/2020,HHR,CA,AWP,WE,Federal Contract Tower,0,5,11,0,16,0,0,6,0,6,0,5,17,0,22,36,0,36,58
03/15/2020,HHR,CA,AWP,WE,Federal Contract Tower,0,8,20,0,28,0,0,43,0,43,0,8,63,0,71,96,0,96,167
03/16/2020,HHR,CA,AWP,WE,Federal Contract Tower,0,5,3,0,8,0,1,13,0,14,0,6,16,0,22,24,0,24,46
03/17/2020,HHR,CA,AWP,WE,Federal Contract Tower,0,6,3,0,9,0,0,70,0,70,0,6,73,0,79,64,0,64,143
03/18/2020,HHR,CA,AWP,WE,Federal Contract Tower,0,4,4,0,8,0,4,37,0,41,0,8,41,0,49,42,0,42,91
03/19/2020,HHR,CA,AWP,WE,Federal Contract Tower,0,3,10,0,13,0,1,31,0,32,0,4,41,0,45,76,0,76,121
03/20/2020,HHR,CA,AWP,WE,Federal Contract Tower,0,4,6,0,10,0,2,15,0,17,0,6,21,0,27,0,0,0,27
03/21/2020,HHR,CA,AWP,WE,Federal Contract Tower,0,2,17,0,19,0,0,69,0,69,0,2,86,0,88,22,0,22,110
03/22/2020,HHR,CA,AWP,WE,Federal Contract Tower,0,0,5,0,5,0,7,18,0,25,0,7,23,0,30,38,0,38,68
03/23/2020,HHR,CA,AWP,WE,Federal Contract Tower,0,2,0,0,2,0,3,21,0,24,0,5,21,0,26,8,0,8,34
03/24/2020,HHR,CA,AWP,WE,Federal Contract Tower,0,3,8,0,11,0,2,24,0,26,0,5,32,0,37,24,0,24,61
03/25/2020,HHR,CA,AWP,WE,Federal Contract Tower,0,1,4,0,5,0,1,30,2,33,0,2,34,2,38,4,0,4,42
03/26/2020,HHR,CA,AWP,WE,Federal Contract Tower,0,5,8,0,13,0,0,29,0,29,0,5,37,0,42,18,0,18,60
03/27/2020,HHR,CA,AWP,WE,Federal Contract Tower,0,3,8,0,11,0,1,36,3,40,0,4,44,3,51,42,0,42,93
03/28/2020,HHR,CA,AWP,WE,Federal Contract Tower,0,0,16,0,16,0,0,25,0,25,0,0,41,0,41,58,0,58,99
03/29/2020,HHR,CA,AWP,WE,Federal Contract Tower,0,1,8,0,9,0,0,15,0,15,0,1,23,0,24,24,0,24,48
03/30/2020,HHR,CA,AWP,WE,Federal Contract Tower,0,0,6,0,6,0,0,34,0,34,0,0,40,0,40,32,0,32,72
03/31/2020,HHR,CA,AWP,WE,Federal Contract Tower,0,0,4,0,4,0,0,40,0,40,0,0,44,0,44,32,0,32,76
04/01/2020,HHR,CA,AWP,WE,Federal Contract Tower,0,1,4,0,5,0,1,16,0,17,0,2,20,0,22,28,0,28,50
04/02/2020,HHR,CA,AWP,WE,Federal Contract Tower,0,1,10,0,11,0,0,19,0,19,0,1,29,0,30,24,0,24,54
04/03/2020,HHR,CA,AWP,WE,Federal Contract Tower,0,5,9,0,14,0,3,38,1,42,0,8,47,1,56,72,0,72,128
04/04/2020,HHR,CA,AWP,WE,Federal Contract Tower,0,0,6,0,6,0,0,33,0,33,0,0,39,0,39,66,0,66,105
04/05/2020,HHR,CA,AWP,WE,Federal Contract Tower,0,1,5,0,6,0,0,12,0,12,0,1,17,0,18,48,0,48,66
04/07/2020,HHR,CA,AWP,WE,Federal Contract Tower,0,0,8,0,8,0,1,9,0,10,0,1,17,0,18,13,0,13,31
04/08/2020,HHR,CA,AWP,WE,Federal Contract Tower,0,5,5,0,10,0,0,9,0,9,0,5,14,0,19,16,0,16,35
04/09/2020,HHR,CA,AWP,WE,Federal Contract Tower,0,0,1,0,1,0,0,2,0,2,0,0,3,0,3,2,0,2,5
04/10/2020,HHR,CA,AWP,WE,Federal Contract Tower,0,1,5,0,6,0,0,9,0,9,0,1,14,0,15,10,0,10,25
04/11/2020,HHR,CA,AWP,WE,Federal Contract Tower,0,4,11,0,15,0,0,48,0,48,0,4,59,0,63,84,0,84,147
04/12/2020,HHR,CA,AWP,WE,Federal Contract Tower,0,2,1,0,3,0,0,4,0,4,0,2,5,0,7,24,0,24,31
04/13/2020,HHR,CA,AWP,WE,Federal Contract Tower,0,0,2,0,2,0,1,16,0,17,0,1,18,0,19,24,0,24,43
04/14/2020,HHR,CA,AWP,WE,Federal Contract Tower,0,1,2,0,3,0,1,36,0,37,0,2,38,0,40,46,0,46,86
04/15/2020,HHR,CA,AWP,WE,Federal Contract Tower,0,1,4,0,5,0,1,32,0,33,0,2,36,0,38,48,0,48,86
04/16/2020,HHR,CA,AWP,WE,Federal Contract Tower,0,4,3,0,7,0,1,42,0,43,0,5,45,0,50,42,0,42,92
04/17/2020,HHR,CA,AWP,WE,Federal Contract Tower,0,7,2,2,11,0,0,14,0,14,0,7,16,2,25,36,0,36,61
04/18/2020,HHR,CA,AWP,WE,Federal Contract Tower,0,1,2,0,3,0,0,16,0,16,0,1,18,0,19,50,0,50,69
04/19/2020,HHR,CA,AWP,WE,Federal Contract Tower,0,4,3,0,7,0,1,22,0,23,0,5,25,0,30,34,0,34,64
04/20/2020,HHR,CA,AWP,WE,Federal Contract Tower,0,5,7,0,12,0,1,42,0,43,0,6,49,0,55,22,0,22,77
04/21/2020,HHR,CA,AWP,WE,Federal Contract Tower,0,1,6,0,7,0,0,21,0,21,0,1,27,0,28,42,0,42,70
04/22/2020,HHR,CA,AWP,WE,Federal Contract Tower,0,1,7,1,9,0,0,39,0,39,0,1,46,1,48,18,0,18,66
04/23/2020,HHR,CA,AWP,WE,Federal Contract Tower,0,1,8,0,9,0,0,47,3,50,0,1,55,3,59,52,0,52,111
04/24/2020,HHR,CA,AWP,WE,Federal Contract Tower,0,2,10,0,12,0,1,39,0,40,0,3,49,0,52,62,0,62,114
04/25/2020,HHR,CA,AWP,WE,Federal Contract Tower,0,3,4,0,7,0,0,60,0,60,0,3,64,0,67,116,0,116,183
04/26/2020,HHR,CA,AWP,WE,Federal Contract Tower,0,5,1,0,6,0,0,25,0,25,0,5,26,0,31,30,0,30,61
04/27/2020,HHR,CA,AWP,WE,Federal Contract Tower,0,3,3,0,6,0,0,26,0,26,0,3,29,0,32,40,0,40,72
04/28/2020,HHR,CA,AWP,WE,Federal Contract Tower,0,2,18,0,20,0,2,25,0,27,0,4,43,0,47,38,0,38,85
04/29/2020,HHR,CA,AWP,WE,Federal Contract Tower,0,1,10,1,12,0,0,18,0,18,0,1,28,1,30,26,0,26,56
04/30/2020,HHR,CA,AWP,WE,Federal Contract Tower,0,3,9,0,12,0,2,26,0,28,0,5,35,0,40,36,0,36,76
05/01/2020,HHR,CA,AWP,WE,Federal Contract Tower,0,1,11,2,14,0,0,46,0,46,0,1,57,2,60,90,0,90,150
05/02/2020,HHR,CA,AWP,WE,Federal Contract Tower,0,6,14,0,20,0,0,51,0,51,0,6,65,0,71,106,0,106,177
05/03/2020,HHR,CA,AWP,WE,Federal Contract Tower,0,2,5,0,7,0,1,28,0,29,0,3,33,0,36,34,0,34,70
05/04/2020,HHR,CA,AWP,WE,Federal Contract Tower,0,3,7,0,10,0,2,33,0,35,0,5,40,0,45,44,0,44,89
05/05/2020,HHR,CA,AWP,WE,Federal Contract Tower,0,1,3,0,4,0,1,56,0,57,0,2,59,0,61,48,0,48,109
05/06/2020,HHR,CA,AWP,WE,Federal Contract Tower,0,8,8,0,16,0,0,44,0,44,0,8,52,0,60,74,0,74,134
05/07/2020,HHR,CA,AWP,WE,Federal Contract Tower,0,0,7,0,7,0,1,41,0,42,0,1,48,0,49,92,0,92,141
05/08/2020,HHR,CA,AWP,WE,Federal Contract Tower,0,4,8,0,12,0,2,39,0,41,0,6,47,0,53,58,0,58,111
05/09/2020,HHR,CA,AWP,WE,Federal Contract Tower,0,2,6,0,8,0,0,36,0,36,0,2,42,0,44,86,0,86,130
05/10/2020,HHR,CA,AWP,WE,Federal Contract Tower,0,1,7,0,8,0,0,17,0,17,0,1,24,0,25,22,0,22,47
05/11/2020,HHR,CA,AWP,WE,Federal Contract Tower,0,6,13,0,19,0,0,26,0,26,0,6,39,0,45,30,0,30,75
05/12/2020,HHR,CA,AWP,WE,Federal Contract Tower,0,2,18,0,20,0,1,48,0,49,0,3,66,0,69,50,0,50,119
05/13/2020,HHR,CA,AWP,WE,Federal Contract Tower,0,3,12,0,15,0,1,56,0,57,0,4,68,0,72,130,0,130,202
05/14/2020,HHR,CA,AWP,WE,Federal Contract Tower,0,3,7,0,10,0,1,32,2,35,0,4,39,2,45,44,0,44,89
05/15/2020,HHR,CA,AWP,WE,Federal Contract Tower,0,1,10,1,12,0,1,55,0,56,0,2,65,1,68,62,0,62,130
05/16/2020,HHR,CA,AWP,WE,Federal Contract Tower,0,5,2,0,7,0,0,61,0,61,0,5,63,0,68,58,0,58,126
05/17/2020,HHR,CA,AWP,WE,Federal Contract Tower,0,4,7,0,11,0,0,58,0,58,0,4,65,0,69,95,0,95,164
05/18/2020,HHR,CA,AWP,WE,Federal Contract Tower,0,4,2,0,6,0,0,19,0,19,0,4,21,0,25,0,0,0,25
05/19/2020,HHR,CA,AWP,WE,Federal Contract Tower,0,5,6,0,11,0,1,52,0,53,0,6,58,0,64,23,0,23,87
05/20/2020,HHR,CA,AWP,WE,Federal Contract Tower,0,14,10,0,24,0,0,76,0,76,0,14,86,0,100,90,0,90,190
05/21/2020,HHR,CA,AWP,WE,Federal Contract Tower,0,5,8,0,13,0,2,57,2,61,0,7,65,2,74,86,0,86,160
05/22/2020,HHR,CA,AWP,WE,Federal Contract Tower,0,9,13,0,22,0,3,62,0,65,0,12,75,0,87,82,0,82,169
05/23/2020,HHR,CA,AWP,WE,Federal Contract Tower,0,2,7,1,10,0,0,50,0,50,0,2,57,1,60,60,0,60,120
05/24/2020,HHR,CA,AWP,WE,Federal Contract Tower,0,1,7,0,8,0,1,56,0,57,0,2,63,0,65,134,0,134,199
05/25/2020,HHR,CA,AWP,WE,Federal Contract Tower,0,11,9,0,20,0,1,61,0,62,0,12,70,0,82,144,0,144,226
05/26/2020,HHR,CA,AWP,WE,Federal Contract Tower,0,4,10,2,16,0,0,24,0,24,0,4,34,2,40,58,0,58,98
05/27/2020,HHR,CA,AWP,WE,Federal Contract Tower,0,4,3,0,7,0,1,31,0,32,0,5,34,0,39,52,0,52,91
05/28/2020,HHR,CA,AWP,WE,Federal Contract Tower,0,12,5,0,17,0,1,32,0,33,0,13,37,0,50,36,0,36,86
05/29/2020,HHR,CA,AWP,WE,Federal Contract Tower,0,6,20,0,26,0,0,40,0,40,0,6,60,0,66,80,0,80,146
05/30/2020,HHR,CA,AWP,WE,Federal Contract Tower,0,2,5,0,7,0,0,51,0,51,0,2,56,0,58,92,0,92,150
05/31/2020,HHR,CA,AWP,WE,Federal Contract Tower,0,6,4,0,10,0,0,69,0,69,0,6,73,0,79,118,0,118,197
06/01/2020,HHR,CA,AWP,WE,Federal Contract Tower,0,7,6,0,13,0,0,63,0,63,0,7,69,0,76,32,0,32,108
06/02/2020,HHR,CA,AWP,WE,Federal Contract Tower,0,3,3,0,6,0,1,59,0,60,0,4,62,0,66,40,0,40,106
06/03/2020,HHR,CA,AWP,WE,Federal Contract Tower,0,2,13,0,15,0,12,69,0,81,0,14,82,0,96,42,0,42,138
06/04/2020,HHR,CA,AWP,WE,Federal Contract Tower,0,8,11,0,19,0,4,42,0,46,0,12,53,0,65,114,0,114,179
06/05/2020,HHR,CA,AWP,WE,Federal Contract Tower,0,4,17,0,21,0,0,38,0,38,0,4,55,0,59,40,0,40,99
06/06/2020,HHR,CA,AWP,WE,Federal Contract Tower,0,3,4,0,7,0,0,40,0,40,0,3,44,0,47,82,0,82,129
06/07/2020,HHR,CA,AWP,WE,Federal Contract Tower,0,4,11,0,15,0,2,63,0,65,0,6,74,0,80,96,0,96,176
06/08/2020,HHR,CA,AWP,WE,Federal Contract Tower,0,2,6,0,8,0,0,54,0,54,0,2,60,0,62,53,0,53,115
06/09/2020,HHR,CA,AWP,WE,Federal Contract Tower,0,1,6,0,7,0,2,72,0,74,0,3,78,0,81,88,0,88,169
06/10/2020,HHR,CA,AWP,WE,Federal Contract Tower,0,10,7,0,17,0,0,73,0,73,0,10,80,0,90,134,0,134,224
06/11/2020,HHR,CA,AWP,WE,Federal Contract Tower,0,8,17,0,25,0,1,45,0,46,0,9,62,0,71,112,0,112,183
06/12/2020,HHR,CA,AWP,WE,Federal Contract Tower,0,8,16,0,24,0,0,83,0,83,0,8,99,0,107,66,0,66,173
06/13/2020,HHR,CA,AWP,WE,Federal Contract Tower,0,6,2,0,8,0,0,64,0,64,0,6,66,0,72,102,0,102,174
06/14/2020,HHR,CA,AWP,WE,Federal Contract Tower,0,4,3,0,7,0,0,74,0,74,0,4,77,0,81,86,0,86,167
06/15/2020,HHR,CA,AWP,WE,Federal Contract Tower,0,6,11,0,17,0,0,52,0,52,0,6,63,0,69,78,0,78,147
06/16/2020,HHR,CA,AWP,WE,Federal Contract Tower,0,11,12,0,23,0,2,66,0,68,0,13,78,0,91,92,0,92,183
06/17/2020,HHR,CA,AWP,WE,Federal Contract Tower,0,13,15,0,28,0,0,51,4,55,0,13,66,4,83,92,0,92,175
06/18/2020,HHR,CA,AWP,WE,Federal Contract Tower,0,9,15,0,24,0,0,36,0,36,0,9,51,0,60,112,0,112,172
06/19/2020,HHR,CA,AWP,WE,Federal Contract Tower,0,13,16,0,29,0,1,53,0,54,0,14,69,0,83,138,0,138,221
06/20/2020,HHR,CA,AWP,WE,Federal Contract Tower,0,6,22,0,28,0,0,39,0,39,0,6,61,0,67,84,0,84,151
06/21/2020,HHR,CA,AWP,WE,Federal Contract Tower,0,9,12,0,21,0,0,48,0,48,0,9,60,0,69,100,0,100,169
06/22/2020,HHR,CA,AWP,WE,Federal Contract Tower,0,3,24,0,27,0,0,60,0,60,0,3,84,0,87,82,0,82,169
06/23/2020,HHR,CA,AWP,WE,Federal Contract Tower,0,4,15,0,19,0,1,46,0,47,0,5,61,0,66,56,0,56,122
06/24/2020,HHR,CA,AWP,WE,Federal Contract Tower,0,7,22,0,29,0,0,54,0,54,0,7,76,0,83,50,0,50,133
06/25/2020,HHR,CA,AWP,WE,Federal Contract Tower,0,9,16,0,25,0,0,36,0,36,0,9,52,0,61,34,0,34,95
06/26/2020,HHR,CA,AWP,WE,Federal Contract Tower,0,9,21,0,30,0,0,25,0,25,0,9,46,0,55,34,0,34,89
06/27/2020,HHR,CA,AWP,WE,Federal Contract Tower,0,9,10,0,19,0,0,75,0,75,0,9,85,0,94,124,0,124,218
06/28/2020,HHR,CA,AWP,WE,Federal Contract Tower,0,5,12,0,17,0,0,38,0,38,0,5,50,0,55,162,0,162,217
06/29/2020,HHR,CA,AWP,WE,Federal Contract Tower,0,2,13,0,15,0,0,51,0,51,0,2,64,0,66,23,0,23,89
06/30/2020,HHR,CA,AWP,WE,Federal Contract Tower,0,12,11,1,24,0,0,76,0,76,0,12,87,1,100,90,0,90,190
07/01/2020,HHR,CA,AWP,WE,Federal Contract Tower,0,8,26,0,34,0,1,53,0,54,0,9,79,0,88,110,0,110,198
07/02/2020,HHR,CA,AWP,WE,Federal Contract Tower,0,8,20,0,28,0,4,84,0,88,0,12,104,0,116,76,0,76,192
07/03/2020,HHR,CA,AWP,WE,Federal Contract Tower,0,6,10,0,16,0,2,103,0,105,0,8,113,0,121,140,0,140,261
07/04/2020,HHR,CA,AWP,WE,Federal Contract Tower,0,0,4,0,4,0,0,67,0,67,0,0,71,0,71,130,0,130,201
07/05/2020,HHR,CA,AWP,WE,Federal Contract Tower,0,10,24,0,34,0,2,64,0,66,0,12,88,0,100,88,0,88,188
07/06/2020,HHR,CA,AWP,WE,Federal Contract Tower,0,8,11,0,19,0,0,68,0,68,0,8,79,0,87,102,0,102,189
07/07/2020,HHR,CA,AWP,WE,Federal Contract Tower,0,3,7,0,10,0,0,81,0,81,0,3,88,0,91,58,0,58,149
07/08/2020,HHR,CA,AWP,WE,Federal Contract Tower,0,8,15,0,23,0,3,80,0,83,0,11,95,0,106,94,0,94,200
07/09/2020,HHR,CA,AWP,WE,Federal Contract Tower,0,11,16,0,27,0,7,70,0,77,0,18,86,0,104,117,0,117,221
07/10/2020,HHR,CA,AWP,WE,Federal Contract Tower,0,10,11,0,21,0,5,78,0,83,0,15,89,0,104,78,0,78,182
07/11/2020,HHR,CA,AWP,WE,Federal Contract Tower,0,4,13,0,17,0,0,102,0,102,0,4,115,0,119,136,0,136,255
07/12/2020,HHR,CA,AWP,WE,Federal Contract Tower,0,5,6,0,11,0,0,82,0,82,0,5,88,0,93,128,0,128,221
07/13/2020,HHR,CA,AWP,WE,Federal Contract Tower,0,12,3,0,15,0,0,69,0,69,0,12,72,0,84,104,0,104,188
07/14/2020,HHR,CA,AWP,WE,Federal Contract Tower,0,5,9,0,14,0,3,57,0,60,0,8,66,0,74,60,0,60,134
07/15/2020,HHR,CA,AWP,WE,Federal Contract Tower,0,5,15,0,20,0,1,68,0,69,0,6,83,0,89,122,0,122,211
07/16/2020,HHR,CA,AWP,WE,Federal Contract Tower,0,5,16,0,21,0,0,67,0,67,0,5,83,0,88,68,0,68,156
07/17/2020,HHR,CA,AWP,WE,Federal Contract Tower,0,9,16,0,25,0,4,99,0,103,0,13,115,0,128,194,0,194,322
07/18/2020,HHR,CA,AWP,WE,Federal Contract Tower,0,9,7,0,16,0,0,106,0,106,0,9,113,0,122,166,0,166,288
07/19/2020,HHR,CA,AWP,WE,Federal Contract Tower,0,9,12,0,21,0,1,97,0,98,0,10,109,0,119,138,0,138,257
07/20/2020,HHR,CA,AWP,WE,Federal Contract Tower,0,9,13,5,27,0,3,70,0,73,0,12,83,5,100,104,0,104,204
07/21/2020,HHR,CA,AWP,WE,Federal Contract Tower,0,5,12,0,17,0,1,99,0,100,0,6,111,0,117,144,0,144,261
07/22/2020,HHR,CA,AWP,WE,Federal Contract Tower,0,7,20,0,27,0,4,42,0,46,0,11,62,0,73,58,0,58,131
07/23/2020,HHR,CA,AWP,WE,Federal Contract Tower,0,12,19,0,31,0,3,70,0,73,0,15,89,0,104,170,0,170,274
07/24/2020,HHR,CA,AWP,WE,Federal Contract Tower,0,9,15,0,24,0,5,62,0,67,0,14,77,0,91,97,0,97,188
07/25/2020,HHR,CA,AWP,WE,Federal Contract Tower,0,0,16,7,23,0,0,82,0,82,0,0,98,7,105,112,0,112,217
07/26/2020,HHR,CA,AWP,WE,Federal Contract Tower,0,9,15,0,24,0,4,111,0,115,0,13,126,0,139,148,0,148,287
07/27/2020,HHR,CA,AWP,WE,Federal Contract Tower,0,8,21,0,29,0,0,68,0,68,0,8,89,0,97,68,0,68,165
07/28/2020,HHR,CA,AWP,WE,Federal Contract Tower,0,5,7,0,12,0,2,75,0,77,0,7,82,0,89,126,0,126,215
07/29/2020,HHR,CA,AWP,WE,Federal Contract Tower,0,5,12,0,17,0,4,45,0,49,0,9,57,0,66,68,0,68,134
07/30/2020,HHR,CA,AWP,WE,Federal Contract Tower,0,12,5,0,17,0,5,70,0,75,0,17,75,0,92,214,0,214,306
07/31/2020,HHR,CA,AWP,WE,Federal Contract Tower,0,16,15,0,31,0,4,98,0,102,0,20,113,0,133,104,0,104,237
08/01/2020,HHR,CA,AWP,WE,Federal Contract Tower,0,6,9,0,15,0,0,87,0,87,0,6,96,0,102,188,0,188,290
08/02/2020,HHR,CA,AWP,WE,Federal Contract Tower,0,5,9,0,14,0,2,71,0,73,0,7,80,0,87,70,0,70,157
08/03/2020,HHR,CA,AWP,WE,Federal Contract Tower,0,3,15,0,18,0,1,75,0,76,0,4,90,0,94,124,0,124,218
08/04/2020,HHR,CA,AWP,WE,Federal Contract Tower,0,5,13,0,18,0,0,49,0,49,0,5,62,0,67,86,0,86,153
08/05/2020,HHR,CA,AWP,WE,Federal Contract Tower,0,5,18,0,23,0,0,71,0,71,0,5,89,0,94,106,0,106,200
08/06/2020,HHR,CA,AWP,WE,Federal Contract Tower,0,8,15,0,23,0,0,54,0,54,0,8,69,0,77,128,0,128,205
08/07/2020,HHR,CA,AWP,WE,Federal Contract Tower,0,10,12,0,22,0,1,74,0,75,0,11,86,0,97,89,0,89,186
08/08/2020,HHR,CA,AWP,WE,Federal Contract Tower,0,4,8,0,12,0,0,76,0,76,0,4,84,0,88,92,0,92,180
08/10/2020,HHR,CA,AWP,WE,Federal Contract Tower,0,4,13,0,17,0,0,94,0,94,0,4,107,0,111,140,0,140,251
08/11/2020,HHR,CA,AWP,WE,Federal Contract Tower,0,6,14,0,20,0,1,80,0,81,0,7,94,0,101,162,0,162,263
08/12/2020,HHR,CA,AWP,WE,Federal Contract Tower,0,8,9,0,17,0,1,88,0,89,0,9,97,0,106,198,0,198,304
08/13/2020,HHR,CA,AWP,WE,Federal Contract Tower,0,6,12,0,18,0,1,92,0,93,0,7,104,0,111,178,0,178,289
08/14/2020,HHR,CA,AWP,WE,Federal Contract Tower,0,7,13,0,20,0,3,76,0,79,0,10,89,0,99,146,0,146,245
08/15/2020,HHR,CA,AWP,WE,Federal Contract Tower,0,6,6,0,12,0,0,66,0,66,0,6,72,0,78,110,0,110,188
08/16/2020,HHR,CA,AWP,WE,Federal Contract Tower,0,10,10,0,20,0,5,75,0,80,0,15,85,0,100,80,0,80,180
08/17/2020,HHR,CA,AWP,WE,Federal Contract Tower,0,4,13,0,17,0,3,63,0,66,0,7,76,0,83,64,0,64,147
08/18/2020,HHR,CA,AWP,WE,Federal Contract Tower,0,7,5,0,12,0,1,75,0,76,0,8,80,0,88,148,0,148,236
08/19/2020,HHR,CA,AWP,WE,Federal Contract Tower,0,8,4,0,12,0,1,96,0,97,0,9,100,0,109,104,0,104,213
08/20/2020,HHR,CA,AWP,WE,Federal Contract Tower,0,7,20,0,27,0,1,68,0,69,0,8,88,0,96,154,0,154,250
08/21/2020,HHR,CA,AWP,WE,Federal Contract Tower,0,4,19,0,23,0,2,73,0,75,0,6,92,0,98,70,0,70,168
08/22/2020,HHR,CA,AWP,WE,Federal Contract Tower,0,4,9,0,13,0,0,81,0,81,0,4,90,0,94,84,0,84,178
08/23/2020,HHR,CA,AWP,WE,Federal Contract Tower,0,7,12,0,19,0,0,86,0,86,0,7,98,0,105,98,0,98,203
08/24/2020,HHR,CA,AWP,WE,Federal Contract Tower,0,7,15,0,22,0,0,1,0,1,0,7,16,0,23,8,0,8,31
08/25/2020,HHR,CA,AWP,WE,Federal Contract Tower,0,8,13,0,21,0,1,95,0,96,0,9,108,0,117,168,0,168,285
08/26/2020,HHR,CA,AWP,WE,Federal Contract Tower,0,8,15,0,23,0,3,76,0,79,0,11,91,0,102,102,0,102,204
08/27/2020,HHR,CA,AWP,WE,Federal Contract Tower,0,6,19,0,25,0,8,103,0,111,0,14,122,0,136,90,0,90,226
08/28/2020,HHR,CA,AWP,WE,Federal Contract Tower,0,2,11,0,13,0,0,91,0,91,0,2,102,0,104,106,0,106,210
08/29/2020,HHR,CA,AWP,WE,Federal Contract Tower,0,6,5,0,11,0,0,87,0,87,0,6,92,0,98,58,0,58,156
08/30/2020,HHR,CA,AWP,WE,Federal Contract Tower,0,7,19,0,26,4,1,64,0,69,4,8,83,0,95,188,0,188,283
08/31/2020,HHR,CA,AWP,WE,Federal Contract Tower,0,6,19,0,25,0,2,89,0,91,0,8,108,0,116,158,0,158,274
09/01/2020,HHR,CA,AWP,WE,Federal Contract Tower,0,4,10,0,14,0,0,89,0,89,0,4,99,0,103,126,0,126,229
09/02/2020,HHR,CA,AWP,WE,Federal Contract Tower,0,8,9,2,19,0,0,79,0,79,0,8,88,2,98,106,0,106,204
09/03/2020,HHR,CA,AWP,WE,Federal Contract Tower,0,9,7,0,16,0,9,65,0,74,0,18,72,0,90,222,0,222,312
09/04/2020,HHR,CA,AWP,WE,Federal Contract Tower,0,14,17,0,31,0,3,81,0,84,0,17,98,0,115,144,0,144,259
09/05/2020,HHR,CA,AWP,WE,Federal Contract Tower,0,6,11,0,17,0,0,73,0,73,0,6,84,0,90,106,0,106,196
09/06/2020,HHR,CA,AWP,WE,Federal Contract Tower,0,3,6,0,9,0,1,45,0,46,0,4,51,0,55,32,0,32,87
09/07/2020,HHR,CA,AWP,WE,Federal Contract Tower,0,8,20,0,28,0,3,67,0,70,0,11,87,0,98,74,0,74,172
09/08/2020,HHR,CA,AWP,WE,Federal Contract Tower,0,5,15,0,20,0,1,55,0,56,0,6,70,0,76,126,0,126,202
09/09/2020,HHR,CA,AWP,WE,Federal Contract Tower,0,15,8,0,23,0,2,41,0,43,0,17,49,0,66,94,0,94,160
09/10/2020,HHR,CA,AWP,WE,Federal Contract Tower,0,9,13,0,22,0,8,50,0,58,0,17,63,0,80,164,0,164,244
09/11/2020,HHR,CA,AWP,WE,Federal Contract Tower,0,9,13,0,22,0,3,51,0,54,0,12,64,0,76,78,0,78,154
09/12/2020,HHR,CA,AWP,WE,Federal Contract Tower,0,10,9,0,19,0,1,44,0,45,0,11,53,0,64,88,0,88,152
09/13/2020,HHR,CA,AWP,WE,Federal Contract Tower,0,7,10,0,17,0,1,36,0,37,0,8,46,0,54,92,0,92,146
09/14/2020,HHR,CA,AWP,WE,Federal Contract Tower,2,9,6,0,17,0,1,48,0,49,2,10,54,0,66,16,0,16,82
09/15/2020,HHR,CA,AWP,WE,Federal Contract Tower,0,7,11,0,18,0,1,28,0,29,0,8,39,0,47,52,0,52,99
09/16/2020,HHR,CA,AWP,WE,Federal Contract Tower,0,6,18,0,24,0,6,43,2,51,0,12,61,2,75,126,0,126,201
09/17/2020,HHR,CA,AWP,WE,Federal Contract Tower,0,12,14,0,26,0,10,85,0,95,0,22,99,0,121,90,0,90,211
09/18/2020,HHR,CA,AWP,WE,Federal Contract Tower,0,11,22,0,33,0,3,74,0,77,0,14,96,0,110,112,0,112,222
09/19/2020,HHR,CA,AWP,WE,Federal Contract Tower,0,5,6,0,11,4,1,50,0,55,4,6,56,0,66,146,0,146,212
09/20/2020,HHR,CA,AWP,WE,Federal Contract Tower,0,7,14,0,21,0,1,50,0,51,0,8,64,0,72,5,0,5,77
09/21/2020,HHR,CA,AWP,WE,Federal Contract Tower,0,5,13,0,18,0,0,65,0,65,0,5,78,0,83,94,0,94,177
09/22/2020,HHR,CA,AWP,WE,Federal Contract Tower,0,2,22,0,24,0,1,89,0,90,0,3,111,0,114,106,0,106,220
09/23/2020,HHR,CA,AWP,WE,Federal Contract Tower,0,1,11,4,16,0,2,63,0,65,0,3,74,4,81,52,0,52,133
09/24/2020,HHR,CA,AWP,WE,Federal Contract Tower,0,9,8,0,17,0,2,78,0,80,0,11,86,0,97,90,0,90,187
09/25/2020,HHR,CA,AWP,WE,Federal Contract Tower,0,11,20,0,31,0,1,77,0,78,0,12,97,0,109,68,0,68,177
09/26/2020,HHR,CA,AWP,WE,Federal Contract Tower,0,10,11,0,21,0,0,98,0,98,0,10,109,0,119,150,0,150,269
09/27/2020,HHR,CA,AWP,WE,Federal Contract Tower,0,3,13,0,16,0,3,55,0,58,0,6,68,0,74,42,0,42,116
09/28/2020,HHR,CA,AWP,WE,Federal Contract Tower,0,5,5,0,10,0,0,51,0,51,0,5,56,0,61,50,0,50,111
09/29/2020,HHR,CA,AWP,WE,Federal Contract Tower,0,10,12,0,22,0,1,67,0,68,0,11,79,0,90,114,0,114,204
09/30/2020,HHR,CA,AWP,WE,Federal Contract Tower,0,9,10,0,19,0,5,64,0,69,0,14,74,0,88,60,0,60,148
10/01/2020,HHR,CA,AWP,WE,Federal Contract Tower,0,6,10,0,16,0,4,63,0,67,0,10,73,0,83,128,0,128,211
10/02/2020,HHR,CA,AWP,WE,Federal Contract Tower,0,14,9,0,23,0,8,81,0,89,0,22,90,0,112,48,0,48,160
10/03/2020,HHR,CA,AWP,WE,Federal Contract Tower,0,5,4,0,9,0,0,99,0,99,0,5,103,0,108,84,0,84,192
10/04/2020,HHR,CA,AWP,WE,Federal Contract Tower,0,3,15,5,23,0,0,44,0,44,0,3,59,5,67,10,0,10,77
10/05/2020,HHR,CA,AWP,WE,Federal Contract Tower,0,8,7,0,15,0,3,47,0,50,0,11,54,0,65,112,0,112,177
10/06/2020,HHR,CA,AWP,WE,Federal Contract Tower,0,4,16,0,20,0,2,77,0,79,0,6,93,0,99,110,0,110,209
10/07/2020,HHR,CA,AWP,WE,Federal Contract Tower,0,10,16,0,26,0,2,59,0,61,0,12,75,0,87,40,0,40,127
10/08/2020,HHR,CA,AWP,WE,Federal Contract Tower,0,17,27,0,44,0,4,69,0,73,0,21,96,0,117,134,0,134,251
10/09/2020,HHR,CA,AWP,WE,Federal Contract Tower,0,10,8,0,18,0,3,70,0,73,0,13,78,0,91,60,0,60,151
10/10/2020,HHR,CA,AWP,WE,Federal Contract Tower,0,5,21,0,26,0,2,85,0,87,0,7,106,0,113,88,0,88,201
10/11/2020,HHR,CA,AWP,WE,Federal Contract Tower,0,7,15,0,22,0,0,71,0,71,0,7,86,0,93,90,0,90,183
10/12/2020,HHR,CA,AWP,WE,Federal Contract Tower,0,6,8,0,14,0,1,55,0,56,0,7,63,0,70,72,0,72,142
10/13/2020,HHR,CA,AWP,WE,Federal Contract Tower,0,6,14,0,20,0,2,65,0,67,0,8,79,0,87,44,0,44,131
10/14/2020,HHR,CA,AWP,WE,Federal Contract Tower,0,14,13,0,27,0,1,50,1,52,0,15,63,1,79,112,0,112,191
10/15/2020,HHR,CA,AWP,WE,Federal Contract Tower,0,11,15,0,26,0,5,71,0,76,0,16,86,0,102,70,0,70,172
10/16/2020,HHR,CA,AWP,WE,Federal Contract Tower,0,9,19,0,28,0,7,58,0,65,0,16,77,0,93,90,0,90,183
10/17/2020,HHR,CA,AWP,WE,Federal Contract Tower,0,3,13,0,16,0,0,95,2,97,0,3,108,2,113,136,0,136,249
10/18/2020,HHR,CA,AWP,WE,Federal Contract Tower,0,13,19,0,32,0,2,48,0,50,0,15,67,0,82,34,0,34,116
10/19/2020,HHR,CA,AWP,WE,Federal Contract Tower,0,7,14,0,21,0,0,41,0,41,0,7,55,0,62,70,0,70,132
10/20/2020,HHR,CA,AWP,WE,Federal Contract Tower,0,6,7,0,13,0,4,45,0,49,0,10,52,0,62,48,0,48,110
10/21/2020,HHR,CA,AWP,WE,Federal Contract Tower,0,14,24,0,38,0,2,35,0,37,0,16,59,0,75,30,0,30,105
10/22/2020,HHR,CA,AWP,WE,Federal Contract Tower,0,7,7,0,14,0,0,36,0,36,0,7,43,0,50,24,0,24,74
10/23/2020,HHR,CA,AWP,WE,Federal Contract Tower,0,9,20,0,29,0,5,54,0,59,0,14,74,0,88,66,0,66,154
10/24/2020,HHR,CA,AWP,WE,Federal Contract Tower,0,5,15,0,20,0,1,77,0,78,0,6,92,0,98,134,0,134,232
10/25/2020,HHR,CA,AWP,WE,Federal Contract Tower,0,5,10,0,15,0,0,18,0,18,0,5,28,0,33,40,0,40,73
10/26/2020,HHR,CA,AWP,WE,Federal Contract Tower,0,8,4,0,12,0,2,20,0,22,0,10,24,0,34,8,0,8,42
10/27/2020,HHR,CA,AWP,WE,Federal Contract Tower,0,6,9,0,15,0,6,76,0,82,0,12,85,0,97,66,0,66,163
10/28/2020,HHR,CA,AWP,WE,Federal Contract Tower,0,8,18,0,26,0,7,87,0,94,0,15,105,0,120,116,0,116,236
10/29/2020,HHR,CA,AWP,WE,Federal Contract Tower,0,10,16,0,26,0,6,88,0,94,0,16,104,0,120,110,0,110,230
10/30/2020,HHR,CA,AWP,WE,Federal Contract Tower,0,9,7,0,16,0,5,64,0,69,0,14,71,0,85,108,0,108,193
10/31/2020,HHR,CA,AWP,WE,Federal Contract Tower,0,3,12,0,15,0,8,72,0,80,0,11,84,0,95,112,0,112,207
11/01/2020,HHR,CA,AWP,WE,Federal Contract Tower,0,3,4,0,7,0,1,51,0,52,0,4,55,0,59,52,0,52,111
11/02/2020,HHR,CA,AWP,WE,Federal Contract Tower,0,10,13,0,23,0,0,33,0,33,0,10,46,0,56,84,0,84,140
11/03/2020,HHR,CA,AWP,WE,Federal Contract Tower,0,3,4,0,7,0,1,32,0,33,0,4,36,0,40,58,0,58,98
11/04/2020,HHR,CA,AWP,WE,Federal Contract Tower,0,8,3,0,11,0,1,82,0,83,0,9,85,0,94,110,0,110,204
11/05/2020,HHR,CA,AWP,WE,Federal Contract Tower,0,5,12,0,17,0,3,80,0,83,0,8,92,0,100,96,0,96,196
11/06/2020,HHR,CA,AWP,WE,Federal Contract Tower,0,11,19,0,30,0,4,47,0,51,0,15,66,0,81,40,0,40,121
11/07/2020,HHR,CA,AWP,WE,Federal Contract Tower,0,2,1,0,3,0,0,21,0,21,0,2,22,0,24,50,0,50,74
11/08/2020,HHR,CA,AWP,WE,Federal Contract Tower,0,10,10,0,20,0,0,19,0,19,0,10,29,0,39,10,0,10,49
11/09/2020,HHR,CA,AWP,WE,Federal Contract Tower,0,5,8,0,13,0,2,34,0,36,0,7,42,0,49,50,0,50,99
11/10/2020,HHR,CA,AWP,WE,Federal Contract Tower,0,2,17,0,19,0,5,84,0,89,0,7,101,0,108,48,0,48,156
11/11/2020,HHR,CA,AWP,WE,Federal Contract Tower,0,8,14,0,22,0,2,128,0,130,0,10,142,0,152,82,0,82,234
11/12/2020,HHR,CA,AWP,WE,Federal Contract Tower,0,10,4,0,14,0,3,66,0,69,0,13,70,0,83,66,0,66,149
11/13/2020,HHR,CA,AWP,WE,Federal Contract Tower,0,5,11,0,16,0,2,124,0,126,0,7,135,0,142,84,0,84,226
11/14/2020,HHR,CA,AWP,WE,Federal Contract Tower,0,3,6,0,9,0,3,91,0,94,0,6,97,0,103,70,0,70,173
11/15/2020,HHR,CA,AWP,WE,Federal Contract Tower,0,9,7,0,16,0,0,90,0,90,0,9,97,0,106,68,0,68,174
11/16/2020,HHR,CA,AWP,WE,Federal Contract Tower,0,4,8,0,12,0,4,94,0,98,0,8,102,0,110,58,0,58,168
11/17/2020,HHR,CA,AWP,WE,Federal Contract Tower,0,3,8,0,11,0,2,109,0,111,0,5,117,0,122,138,0,138,260
11/18/2020,HHR,CA,AWP,WE,Federal Contract Tower,0,9,10,0,19,0,0,52,0,52,0,9,62,0,71,80,0,80,151
11/19/2020,HHR,CA,AWP,WE,Federal Contract Tower,0,6,17,0,23,0,1,72,2,75,0,7,89,2,98,92,0,92,190
11/20/2020,HHR,CA,AWP,WE,Federal Contract Tower,0,7,16,0,23,0,2,79,0,81,0,9,95,0,104,72,0,72,176
11/21/2020,HHR,CA,AWP,WE,Federal Contract Tower,0,4,9,0,13,0,0,121,0,121,0,4,130,0,134,110,0,110,244
11/22/2020,HHR,CA,AWP,WE,Federal Contract Tower,0,5,11,0,16,0,3,86,0,89,0,8,97,0,105,10,0,10,115
11/23/2020,HHR,CA,AWP,WE,Federal Contract Tower,0,5,15,0,20,0,7,45,0,52,0,12,60,0,72,30,0,30,102
11/24/2020,HHR,CA,AWP,WE,Federal Contract Tower,0,4,9,0,13,0,1,95,0,96,0,5,104,0,109,126,0,126,235
11/25/2020,HHR,CA,AWP,WE,Federal Contract Tower,0,7,5,0,12,0,0,0,0,0,0,7,5,0,12,62,0,62,74
11/26/2020,HHR,CA,AWP,WE,Federal Contract Tower,0,1,4,0,5,0,0,20,0,20,0,1,24,0,25,52,0,52,77
11/29/2020,HHR,CA,AWP,WE,Federal Contract Tower,0,12,11,0,23,0,1,66,0,67,0,13,77,0,90,36,0,36,126
11/30/2020,HHR,CA,AWP,WE,Federal Contract Tower,0,3,9,0,12,0,4,66,0,70,0,7,75,0,82,10,0,10,92
12/01/2020,HHR,CA,AWP,WE,Federal Contract Tower,0,1,15,0,16,0,4,84,0,88,0,5,99,0,104,140,0,140,244
12/02/2020,HHR,CA,AWP,WE,Federal Contract Tower,0,7,3,0,10,0,1,54,0,55,0,8,57,0,65,78,0,78,143
12/03/2020,HHR,CA,AWP,WE,Federal Contract Tower,0,5,11,0,16,0,0,39,0,39,0,5,50,0,55,80,0,80,135
12/04/2020,HHR,CA,AWP,WE,Federal Contract Tower,0,3,11,0,14,0,0,155,0,155,0,3,166,0,169,100,0,100,269
12/05/2020,HHR,CA,AWP,WE,Federal Contract Tower,0,2,3,0,5,0,0,61,0,61,0,2,64,0,66,98,0,98,164
12/06/2020,HHR,CA,AWP,WE,Federal Contract Tower,0,0,8,0,8,0,6,93,0,99,0,6,101,0,107,46,0,46,153
12/07/2020,HHR,CA,AWP,WE,Federal Contract Tower,0,4,7,0,11,0,2,53,0,55,0,6,60,0,66,30,0,30,96
12/08/2020,HHR,CA,AWP,WE,Federal Contract Tower,0,1,7,0,8,0,1,32,0,33,0,2,39,0,41,34,0,34,75
12/10/2020,HHR,CA,AWP,WE,Federal Contract Tower,0,6,16,0,22,0,0,64,0,64,0,6,80,0,86,132,0,132,218
12/11/2020,HHR,CA,AWP,WE,Federal Contract Tower,0,4,12,1,17,0,2,54,0,56,0,6,66,1,73,100,0,100,173
12/12/2020,HHR,CA,AWP,WE,Federal Contract Tower,0,4,9,0,13,0,0,70,0,70,0,4,79,0,83,50,0,50,133
12/13/2020,HHR,CA,AWP,WE,Federal Contract Tower,0,2,9,0,11,0,1,66,0,67,0,3,75,0,78,0,0,0,78
12/14/2020,HHR,CA,AWP,WE,Federal Contract Tower,0,6,8,0,14,0,1,66,0,67,0,7,74,0,81,42,0,42,123
12/15/2020,HHR,CA,AWP,WE,Federal Contract Tower,0,0,14,0,14,0,0,83,1,84,0,0,97,1,98,23,2,25,123
12/16/2020,HHR,CA,AWP,WE,Federal Contract Tower,0,5,9,0,14,0,1,58,0,59,0,6,67,0,73,60,0,60,133
12/18/2020,HHR,CA,AWP,WE,Federal Contract Tower,0,5,6,0,11,0,1,92,0,93,0,6,98,0,104,78,0,78,182
12/19/2020,HHR,CA,AWP,WE,Federal Contract Tower,0,6,20,0,26,0,0,89,0,89,0,6,109,0,115,68,0,68,183
12/20/2020,HHR,CA,AWP,WE,Federal Contract Tower,0,1,3,0,4,0,0,54,0,54,0,1,57,0,58,2,0,2,60
12/21/2020,HHR,CA,AWP,WE,Federal Contract Tower,0,7,16,0,23,0,1,82,0,83,0,8,98,0,106,42,0,42,148
12/22/2020,HHR,CA,AWP,WE,Federal Contract Tower,0,7,11,0,18,0,2,52,0,54,0,9,63,0,72,16,0,16,88
12/24/2020,HHR,CA,AWP,WE,Federal Contract Tower,0,1,4,0,5,0,0,27,0,27,0,1,31,0,32,18,0,18,50
12/25/2020,HHR,CA,AWP,WE,Federal Contract Tower,0,0,2,0,2,0,0,28,0,28,0,0,30,0,30,34,0,34,64
12/26/2020,HHR,CA,AWP,WE,Federal Contract Tower,0,3,13,0,16,0,0,59,0,59,0,3,72,0,75,62,0,62,137
12/27/2020,HHR,CA,AWP,WE,Federal Contract Tower,0,13,4,0,17,0,2,32,0,34,0,15,36,0,51,36,0,36,87
12/28/2020,HHR,CA,AWP,WE,Federal Contract Tower,0,1,6,0,7,0,0,0,0,0,0,1,6,0,7,0,0,0,7
12/29/2020,HHR,CA,AWP,WE,Federal Contract Tower,0,6,9,0,15,0,1,44,0,45,0,7,53,0,60,18,0,18,78
12/30/2020,HHR,CA,AWP,WE,Federal Contract Tower,0,9,13,0,22,0,0,54,0,54,0,9,67,0,76,70,0,70,146
01/01/2021,HHR,CA,AWP,WE,Federal Contract Tower,0,5,1,0,6,0,0,38,0,38,0,5,39,0,44,48,0,48,92
01/02/2021,HHR,CA,AWP,WE,Federal Contract Tower,0,9,14,0,23,0,0,60,0,60,0,9,74,0,83,74,0,74,157
01/03/2021,HHR,CA,AWP,WE,Federal Contract Tower,0,7,20,0,27,0,0,34,0,34,0,7,54,0,61,12,0,12,73
01/04/2021,HHR,CA,AWP,WE,Federal Contract Tower,0,3,6,0,9,0,2,33,0,35,0,5,39,0,44,24,0,24,68
01/05/2021,HHR,CA,AWP,WE,Federal Contract Tower,0,2,5,0,7,0,1,47,0,48,0,3,52,0,55,30,0,30,85
01/06/2021,HHR,CA,AWP,WE,Federal Contract Tower,0,4,4,0,8,0,2,61,0,63,0,6,65,0,71,18,0,18,89
01/07/2021,HHR,CA,AWP,WE,Federal Contract Tower,0,0,13,0,13,0,1,69,0,70,0,1,82,0,83,42,0,42,125
01/08/2021,HHR,CA,AWP,WE,Federal Contract Tower,0,12,10,0,22,0,3,42,0,45,0,15,52,0,67,42,0,42,109
01/09/2021,HHR,CA,AWP,WE,Federal Contract Tower,0,4,8,0,12,0,0,75,0,75,0,4,83,0,87,68,0,68,155
01/10/2021,HHR,CA,AWP,WE,Federal Contract Tower,0,5,10,0,15,0,0,79,0,79,0,5,89,0,94,92,0,92,186
01/12/2021,HHR,CA,AWP,WE,Federal Contract Tower,0,0,11,0,11,0,0,61,0,61,0,0,72,0,72,80,0,80,152
01/13/2021,HHR,CA,AWP,WE,Federal Contract Tower,0,8,4,0,12,0,1,70,0,71,0,9,74,0,83,52,0,52,135
01/14/2021,HHR,CA,AWP,WE,Federal Contract Tower,0,14,5,0,19,0,0,88,0,88,0,14,93,0,107,106,0,106,213
01/15/2021,HHR,CA,AWP,WE,Federal Contract Tower,0,6,6,0,12,0,3,99,0,102,0,9,105,0,114,98,0,98,212
01/16/2021,HHR,CA,AWP,WE,Federal Contract Tower,0,3,6,0,9,0,0,69,0,69,0,3,75,0,78,69,0,69,147
01/17/2021,HHR,CA,AWP,WE,Federal Contract Tower,0,5,4,0,9,0,1,81,0,82,0,6,85,0,91,108,0,108,199
01/18/2021,HHR,CA,AWP,WE,Federal Contract Tower,0,8,12,0,20,0,0,54,0,54,0,8,66,0,74,56,0,56,130
01/19/2021,HHR,CA,AWP,WE,Federal Contract Tower,0,3,3,0,6,0,3,27,4,34,0,6,30,4,40,58,0,58,98
01/20/2021,HHR,CA,AWP,WE,Federal Contract Tower,0,12,6,0,18,0,2,35,4,41,0,14,41,4,59,11,0,11,70
01/21/2021,HHR,CA,AWP,WE,Federal Contract Tower,0,1,8,0,9,0,0,86,0,86,0,1,94,0,95,60,0,60,155
01/22/2021,HHR,CA,AWP,WE,Federal Contract Tower,0,6,19,0,25,0,0,44,0,44,0,6,63,0,69,79,0,79,148
01/23/2021,HHR,CA,AWP,WE,Federal Contract Tower,0,1,14,0,15,0,0,12,0,12,0,1,26,0,27,64,0,64,91
01/24/2021,HHR,CA,AWP,WE,Federal Contract Tower,0,7,10,0,17,0,0,106,0,106,0,7,116,0,123,158,0,158,281
01/25/2021,HHR,CA,AWP,WE,Federal Contract Tower,0,4,9,0,13,0,0,19,0,19,0,4,28,0,32,4,0,4,36
01/26/2021,HHR,CA,AWP,WE,Federal Contract Tower,0,5,3,0,8,0,0,65,0,65,0,5,68,0,73,133,0,133,206
01/27/2021,HHR,CA,AWP,WE,Federal Contract Tower,0,2,3,2,7,0,2,23,0,25,0,4,26,2,32,42,0,42,74
01/28/2021,HHR,CA,AWP,WE,Federal Contract Tower,0,1,6,0,7,0,0,38,0,38,0,1,44,0,45,16,0,16,61
01/29/2021,HHR,CA,AWP,WE,Federal Contract Tower,0,70,8,0,78,0,3,11,0,14,0,73,19,0,92,0,0,0,92
01/30/2021,HHR,CA,AWP,WE,Federal Contract Tower,0,2,10,0,12,0,3,107,0,110,0,5,117,0,122,1560,0,1560,1682
01/31/2021,HHR,CA,AWP,WE,Federal Contract Tower,0,12,9,0,21,0,1,62,0,63,0,13,71,0,84,94,0,94,178
02/01/2021,HHR,CA,AWP,WE,Federal Contract Tower,0,7,11,0,18,0,2,59,0,61,0,9,70,0,79,66,0,66,145
02/02/2021,HHR,CA,AWP,WE,Federal Contract Tower,0,3,8,0,11,0,0,41,0,41,0,3,49,0,52,84,0,84,136
02/03/2021,HHR,CA,AWP,WE,Federal Contract Tower,0,5,10,0,15,0,1,71,0,72,0,6,81,0,87,132,0,132,219
02/04/2021,HHR,CA,AWP,WE,Federal Contract Tower,0,12,14,0,26,0,0,50,0,50,0,12,64,0,76,51,0,51,127
02/05/2021,HHR,CA,AWP,WE,Federal Contract Tower,0,16,10,0,26,0,6,68,0,74,0,22,78,0,100,126,0,126,226
02/06/2021,HHR,CA,AWP,WE,Federal Contract Tower,0,16,10,0,26,0,6,77,0,83,0,22,87,0,109,148,0,148,257
02/07/2021,HHR,CA,AWP,WE,Federal Contract Tower,0,10,4,0,14,0,4,62,0,66,0,14,66,0,80,6,0,6,86
02/08/2021,HHR,CA,AWP,WE,Federal Contract Tower,0,7,14,0,21,0,1,39,0,40,0,8,53,0,61,40,0,40,101
02/10/2021,HHR,CA,AWP,WE,Federal Contract Tower,0,6,11,0,17,0,1,45,0,46,0,7,56,0,63,36,0,36,99
02/11/2021,HHR,CA,AWP,WE,Federal Contract Tower,0,13,19,0,32,0,2,58,0,60,0,15,77,0,92,54,0,54,146
02/12/2021,HHR,CA,AWP,WE,Federal Contract Tower,0,6,15,0,21,0,0,33,0,33,0,6,48,0,54,38,0,38,92
02/13/2021,HHR,CA,AWP,WE,Federal Contract Tower,0,7,17,0,24,0,1,60,0,61,0,8,77,0,85,52,0,52,137
02/14/2021,HHR,CA,AWP,WE,Federal Contract Tower,0,6,7,0,13,0,0,89,0,89,0,6,96,0,102,0,0,0,102
02/15/2021,HHR,CA,AWP,WE,Federal Contract Tower,0,5,12,0,17,0,1,73,0,74,0,6,85,0,91,68,0,68,159
02/16/2021,HHR,CA,AWP,WE,Federal Contract Tower,0,9,10,0,19,0,1,58,0,59,0,10,68,0,78,44,0,44,122
02/17/2021,HHR,CA,AWP,WE,Federal Contract Tower,0,4,14,0,18,0,3,53,1,57,0,7,67,1,75,38,0,38,113
02/18/2021,HHR,CA,AWP,WE,Federal Contract Tower,0,8,14,0,22,0,3,79,0,82,0,11,93,0,104,110,0,110,214
02/19/2021,HHR,CA,AWP,WE,Federal Contract Tower,0,5,17,0,22,0,3,73,0,76,0,8,90,0,98,99,0,99,197
02/20/2021,HHR,CA,AWP,WE,Federal Contract Tower,0,4,8,0,12,0,0,50,0,50,0,4,58,0,62,18,0,18,80
02/21/2021,HHR,CA,AWP,WE,Federal Contract Tower,0,6,16,0,22,0,2,101,0,103,0,8,117,0,125,169,0,169,294
02/22/2021,HHR,CA,AWP,WE,Federal Contract Tower,0,7,15,0,22,0,3,91,1,95,0,10,106,1,117,48,0,48,165
02/23/2021,HHR,CA,AWP,WE,Federal Contract Tower,0,2,10,0,12,0,1,60,0,61,0,3,70,0,73,34,0,34,107
02/24/2021,HHR,CA,AWP,WE,Federal Contract Tower,0,5,11,0,16,0,2,51,1,54,0,7,62,1,70,44,0,44,114
02/25/2021,HHR,CA,AWP,WE,Federal Contract Tower,0,11,18,0,29,0,1,30,0,31,0,12,48,0,60,48,0,48,108
02/26/2021,HHR,CA,AWP,WE,Federal Contract Tower,0,4,17,0,21,0,2,64,0,66,0,6,81,0,87,152,0,152,239
02/27/2021,HHR,CA,AWP,WE,Federal Contract Tower,0,5,6,0,11,0,0,70,0,70,0,5,76,0,81,92,0,92,173
02/28/2021,HHR,CA,AWP,WE,Federal Contract Tower,0,6,17,0,23,0,1,108,0,109,0,7,125,0,132,128,0,128,260
03/01/2021,HHR,CA,AWP,WE,Federal Contract Tower,0,11,13,0,24,0,2,56,0,58,0,13,69,0,82,90,0,90,172
03/02/2021,HHR,CA,AWP,WE,Federal Contract Tower,0,7,11,0,18,0,0,51,0,51,0,7,62,0,69,32,0,32,101
03/03/2021,HHR,CA,AWP,WE,Federal Contract Tower,0,8,10,0,18,0,0,11,0,11,0,8,21,0,29,28,0,28,57
03/04/2021,HHR,CA,AWP,WE,Federal Contract Tower,0,10,18,0,28,0,1,92,0,93,0,11,110,0,121,138,0,138,259
03/05/2021,HHR,CA,AWP,WE,Federal Contract Tower,0,7,8,0,15,0,1,96,0,97,0,8,104,0,112,164,0,164,276
03/06/2021,HHR,CA,AWP,WE,Federal Contract Tower,0,3,17,0,20,0,0,74,0,74,0,3,91,0,94,106,0,106,200
03/07/2021,HHR,CA,AWP,WE,Federal Contract Tower,0,6,22,0,28,0,0,82,0,82,0,6,104,0,110,68,0,68,178
03/08/2021,HHR,CA,AWP,WE,Federal Contract Tower,0,8,13,0,21,0,5,74,0,79,0,13,87,0,100,78,0,78,178
03/09/2021,HHR,CA,AWP,WE,Federal Contract Tower,0,2,12,0,14,0,0,72,0,72,0,2,84,0,86,83,0,83,169
03/10/2021,HHR,CA,AWP,WE,Federal Contract Tower,0,6,11,0,17,0,3,11,0,14,0,9,22,0,31,0,0,0,31
03/11/2021,HHR,CA,AWP,WE,Federal Contract Tower,0,7,10,0,17,0,9,30,0,39,0,16,40,0,56,92,0,92,148
03/12/2021,HHR,CA,AWP,WE,Federal Contract Tower,0,12,10,0,22,0,0,75,2,77,0,12,85,2,99,85,0,85,184
03/13/2021,HHR,CA,AWP,WE,Federal Contract Tower,0,2,12,0,14,0,0,108,0,108,0,2,120,0,122,123,0,123,245
03/14/2021,HHR,CA,AWP,WE,Federal Contract Tower,0,8,13,0,21,0,1,74,0,75,0,9,87,0,96,118,0,118,214
03/15/2021,HHR,CA,AWP,WE,Federal Contract Tower,0,2,5,0,7,0,0,8,0,8,0,2,13,0,15,0,0,0,15
03/16/2021,HHR,CA,AWP,WE,Federal Contract Tower,0,11,8,0,19,0,1,116,0,117,0,12,124,0,136,182,0,182,318
03/17/2021,HHR,CA,AWP,WE,Federal Contract Tower,0,4,14,0,18,0,2,85,0,87,0,6,99,0,105,93,0,93,198
03/18/2021,HHR,CA,AWP,WE,Federal Contract Tower,0,10,27,0,37,0,1,79,0,80,0,11,106,0,117,102,0,102,219
03/19/2021,HHR,CA,AWP,WE,Federal Contract Tower,0,8,14,0,22,0,0,79,0,79,0,8,93,0,101,150,0,150,251
03/20/2021,HHR,CA,AWP,WE,Federal Contract Tower,0,5,15,0,20,0,5,93,0,98,0,10,108,0,118,223,0,223,341
03/21/2021,HHR,CA,AWP,WE,Federal Contract Tower,0,8,13,0,21,0,0,69,0,69,0,8,82,0,90,134,0,134,224
03/22/2021,HHR,CA,AWP,WE,Federal Contract Tower,0,6,12,0,18,0,1,50,0,51,0,7,62,0,69,38,0,38,107
03/23/2021,HHR,CA,AWP,WE,Federal Contract Tower,0,5,11,0,16,0,1,56,0,57,0,6,67,0,73,62,0,62,135
03/24/2021,HHR,CA,AWP,WE,Federal Contract Tower,0,7,15,0,22,0,1,51,0,52,0,8,66,0,74,29,0,29,103
03/25/2021,HHR,CA,AWP,WE,Federal Contract Tower,0,11,22,0,33,0,1,36,0,37,0,12,58,0,70,60,0,60,130
03/26/2021,HHR,CA,AWP,WE,Federal Contract Tower,0,9,12,0,21,0,0,98,0,98,0,9,110,0,119,85,0,85,204
03/27/2021,HHR,CA,AWP,WE,Federal Contract Tower,0,8,17,0,25,0,2,87,0,89,0,10,104,0,114,74,0,74,188
03/28/2021,HHR,CA,AWP,WE,Federal Contract Tower,0,6,18,0,24,0,0,100,0,100,0,6,118,0,124,149,0,149,273
03/29/2021,HHR,CA,AWP,WE,Federal Contract Tower,0,6,13,0,19,0,2,63,0,65,0,8,76,0,84,48,0,48,132
03/30/2021,HHR,CA,AWP,WE,Federal Contract Tower,0,4,17,0,21,0,3,92,1,96,0,7,109,1,117,88,0,88,205
03/31/2021,HHR,CA,AWP,WE,Federal Contract Tower,0,7,20,0,27,0,2,91,0,93,0,9,111,0,120,87,0,87,207
04/01/2021,HHR,CA,AWP,WE,Federal Contract Tower,0,10,15,0,25,0,1,81,0,82,0,11,96,0,107,119,0,119,226
04/02/2021,HHR,CA,AWP,WE,Federal Contract Tower,0,6,13,0,19,0,1,84,0,85,0,7,97,0,104,77,0,77,181
04/03/2021,HHR,CA,AWP,WE,Federal Contract Tower,0,11,19,0,30,0,1,62,0,63,0,12,81,0,93,177,0,177,270
04/04/2021,HHR,CA,AWP,WE,Federal Contract Tower,0,2,8,0,10,0,4,57,0,61,0,6,65,0,71,77,0,77,148
04/05/2021,HHR,CA,AWP,WE,Federal Contract Tower,0,2,16,0,18,0,4,10,0,14,0,6,26,0,32,54,0,54,86
04/06/2021,HHR,CA,AWP,WE,Federal Contract Tower,0,9,14,0,23,0,2,84,0,86,0,11,98,0,109,152,0,152,261
04/07/2021,HHR,CA,AWP,WE,Federal Contract Tower,0,6,10,0,16,0,1,51,0,52,0,7,61,0,68,86,0,86,154
04/08/2021,HHR,CA,AWP,WE,Federal Contract Tower,0,10,19,0,29,0,7,77,0,84,0,17,96,0,113,82,0,82,195
04/09/2021,HHR,CA,AWP,WE,Federal Contract Tower,0,6,9,0,15,0,0,91,0,91,0,6,100,0,106,84,0,84,190
04/10/2021,HHR,CA,AWP,WE,Federal Contract Tower,0,4,15,0,19,0,0,120,0,120,0,4,135,0,139,116,0,116,255
04/11/2021,HHR,CA,AWP,WE,Federal Contract Tower,0,6,9,0,15,0,3,51,0,54,0,9,60,0,69,32,0,32,101
04/12/2021,HHR,CA,AWP,WE,Federal Contract Tower,0,8,12,0,20,0,0,36,0,36,0,8,48,0,56,44,0,44,100
04/13/2021,HHR,CA,AWP,WE,Federal Contract Tower,0,3,10,0,13,0,0,29,0,29,0,3,39,0,42,60,0,60,102
04/14/2021,HHR,CA,AWP,WE,Federal Contract Tower,0,10,15,0,25,0,2,31,0,33,0,12,46,0,58,65,0,65,123
04/15/2021,HHR,CA,AWP,WE,Federal Contract Tower,0,15,16,0,31,0,2,56,0,58,0,17,72,0,89,8,0,8,97
04/16/2021,HHR,CA,AWP,WE,Federal Contract Tower,0,7,11,0,18,0,2,96,0,98,0,9,107,0,116,99,0,99,215
04/17/2021,HHR,CA,AWP,WE,Federal Contract Tower,0,15,11,0,26,0,0,75,0,75,0,15,86,0,101,104,0,104,205
04/18/2021,HHR,CA,AWP,WE,Federal Contract Tower,0,5,10,0,15,0,1,65,0,66,0,6,75,0,81,70,0,70,151
04/19/2021,HHR,CA,AWP,WE,Federal Contract Tower,0,9,9,0,18,0,2,70,0,72,0,11,79,0,90,48,0,48,138
04/20/2021,HHR,CA,AWP,WE,Federal Contract Tower,0,4,7,0,11,0,1,58,0,59,0,5,65,0,70,82,0,82,152
04/21/2021,HHR,CA,AWP,WE,Federal Contract Tower,0,9,13,0,22,0,1,38,0,39,0,10,51,0,61,80,0,80,141
04/22/2021,HHR,CA,AWP,WE,Federal Contract Tower,0,7,31,0,38,0,2,26,0,28,0,9,57,0,66,82,0,82,148
04/23/2021,HHR,CA,AWP,WE,Federal Contract Tower,0,12,14,0,26,0,0,73,0,73,0,12,87,0,99,89,0,89,188
04/24/2021,HHR,CA,AWP,WE,Federal Contract Tower,0,8,15,0,23,0,0,50,1,51,0,8,65,1,74,96,0,96,170
04/25/2021,HHR,CA,AWP,WE,Federal Contract Tower,0,2,20,0,22,0,1,67,0,68,0,3,87,0,90,74,0,74,164
04/26/2021,HHR,CA,AWP,WE,Federal Contract Tower,0,9,7,0,16,0,1,52,0,53,0,10,59,0,69,77,0,77,146
04/27/2021,HHR,CA,AWP,WE,Federal Contract Tower,0,5,14,0,19,0,2,68,0,70,0,7,82,0,89,78,0,78,167
04/28/2021,HHR,CA,AWP,WE,Federal Contract Tower,0,9,9,0,18,0,7,59,0,66,0,16,68,0,84,90,0,90,174
04/29/2021,HHR,CA,AWP,WE,Federal Contract Tower,0,8,10,0,18,0,15,61,4,80,0,23,71,4,98,118,0,118,216
04/30/2021,HHR,CA,AWP,WE,Federal Contract Tower,0,8,11,0,19,0,14,102,0,116,0,22,113,0,135,164,0,164,299
05/01/2021,HHR,CA,AWP,WE,Federal Contract Tower,0,10,10,0,20,0,7,68,0,75,0,17,78,0,95,96,0,96,191
05/02/2021,HHR,CA,AWP,WE,Federal Contract Tower,0,13,15,0,28,0,5,61,0,66,0,18,76,0,94,91,0,91,185
05/03/2021,HHR,CA,AWP,WE,Federal Contract Tower,0,5,3,0,8,0,0,47,0,47,0,5,50,0,55,6,0,6,61
05/04/2021,HHR,CA,AWP,WE,Federal Contract Tower,0,4,9,0,13,0,6,59,0,65,0,10,68,0,78,96,0,96,174
05/05/2021,HHR,CA,AWP,WE,Federal Contract Tower,0,5,11,0,16,0,1,44,0,45,0,6,55,0,61,56,0,56,117
05/06/2021,HHR,CA,AWP,WE,Federal Contract Tower,0,16,25,0,41,0,0,20,0,20,0,16,45,0,61,64,0,64,125
05/07/2021,HHR,CA,AWP,WE,Federal Contract Tower,0,9,24,0,33,0,1,49,0,50,0,10,73,0,83,89,0,89,172
05/08/2021,HHR,CA,AWP,WE,Federal Contract Tower,0,5,12,0,17,0,3,77,0,80,0,8,89,0,97,94,0,94,191
05/09/2021,HHR,CA,AWP,WE,Federal Contract Tower,0,5,10,0,15,0,0,73,0,73,0,5,83,0,88,99,0,99,187
05/10/2021,HHR,CA,AWP,WE,Federal Contract Tower,0,9,18,0,27,0,0,40,0,40,0,9,58,0,67,72,0,72,139
05/11/2021,HHR,CA,AWP,WE,Federal Contract Tower,0,9,20,0,29,0,5,43,0,48,0,14,63,0,77,154,0,154,231
05/12/2021,HHR,CA,AWP,WE,Federal Contract Tower,0,9,22,0,31,0,3,38,2,43,0,12,60,2,74,82,2,84,158
05/13/2021,HHR,CA,AWP,WE,Federal Contract Tower,0,9,29,0,38,0,0,4,0,4,0,9,33,0,42,22,0,22,64
05/14/2021,HHR,CA,AWP,WE,Federal Contract Tower,0,14,15,0,29,0,1,58,0,59,0,15,73,0,88,102,0,102,190
05/15/2021,HHR,CA,AWP,WE,Federal Contract Tower,0,4,11,0,15,0,0,51,0,51,0,4,62,0,66,91,0,91,157
05/16/2021,HHR,CA,AWP,WE,Federal Contract Tower,0,6,20,0,26,0,0,31,0,31,0,6,51,0,57,48,0,48,105
05/17/2021,HHR,CA,AWP,WE,Federal Contract Tower,0,6,15,0,21,0,0,50,0,50,0,6,65,0,71,87,0,87,158
05/18/2021,HHR,CA,AWP,WE,Federal Contract Tower,0,6,16,0,22,0,5,48,0,53,0,11,64,0,75,84,0,84,159
05/19/2021,HHR,CA,AWP,WE,Federal Contract Tower,0,15,18,0,33,0,7,56,0,63,0,22,74,0,96,106,0,106,202
05/20/2021,HHR,CA,AWP,WE,Federal Contract Tower,0,10,23,0,33,0,1,75,0,76,0,11,98,0,109,93,0,93,202
05/21/2021,HHR,CA,AWP,WE,Federal Contract Tower,0,7,15,0,22,0,8,35,0,43,0,15,50,0,65,18,0,18,83
05/22/2021,HHR,CA,AWP,WE,Federal Contract Tower,0,5,11,0,16,0,0,78,0,78,0,5,89,0,94,131,0,131,225
05/23/2021,HHR,CA,AWP,WE,Federal Contract Tower,0,11,9,0,20,0,0,95,0,95,0,11,104,0,115,83,0,83,198
05/24/2021,HHR,CA,AWP,WE,Federal Contract Tower,0,8,8,0,16,0,1,63,0,64,0,9,71,0,80,74,0,74,154
05/25/2021,HHR,CA,AWP,WE,Federal Contract Tower,0,5,10,0,15,0,1,74,0,75,0,6,84,0,90,68,0,68,158
05/26/2021,HHR,CA,AWP,WE,Federal Contract Tower,0,8,13,0,21,0,2,63,0,65,0,10,76,0,86,32,0,32,118
05/27/2021,HHR,CA,AWP,WE,Federal Contract Tower,0,9,28,0,37,0,10,52,1,63,0,19,80,1,100,123,0,123,223
05/28/2021,HHR,CA,AWP,WE,Federal Contract Tower,0,10,22,0,32,0,12,83,0,95,0,22,105,0,127,92,0,92,219
05/29/2021,HHR,CA,AWP,WE,Federal Contract Tower,0,2,17,0,19,0,5,62,0,67,0,7,79,0,86,109,0,109,195
05/30/2021,HHR,CA,AWP,WE,Federal Contract Tower,0,8,19,0,27,0,0,61,0,61,0,8,80,0,88,102,0,102,190
05/31/2021,HHR,CA,AWP,WE,Federal Contract Tower,0,11,17,0,28,0,0,101,0,101,0,11,118,0,129,98,0,98,227
06/01/2021,HHR,CA,AWP,WE,Federal Contract Tower,0,4,14,0,18,0,0,16,0,16,0,4,30,0,34,16,0,16,50
06/02/2021,HHR,CA,AWP,WE,Federal Contract Tower,0,9,12,0,21,0,0,27,1,28,0,9,39,1,49,16,0,16,65
06/03/2021,HHR,CA,AWP,WE,Federal Contract Tower,0,4,18,0,22,0,6,37,0,43,0,10,55,0,65,44,0,44,109
06/04/2021,HHR,CA,AWP,WE,Federal Contract Tower,0,28,19,0,47,0,0,75,0,75,0,28,94,0,122,136,0,136,258
06/05/2021,HHR,CA,AWP,WE,Federal Contract Tower,0,6,11,0,17,0,0,71,0,71,0,6,82,0,88,100,0,100,188
06/06/2021,HHR,CA,AWP,WE,Federal Contract Tower,0,12,15,0,27,0,1,65,0,66,0,13,80,0,93,118,0,118,211
06/07/2021,HHR,CA,AWP,WE,Federal Contract Tower,0,6,19,0,25,0,2,42,0,44,0,8,61,0,69,56,0,56,125
06/08/2021,HHR,CA,AWP,WE,Federal Contract Tower,0,6,15,0,21,0,2,45,0,47,0,8,60,0,68,116,0,116,184
06/09/2021,HHR,CA,AWP,WE,Federal Contract Tower,0,7,17,0,24,0,1,71,0,72,0,8,88,0,96,73,0,73,169
06/10/2021,HHR,CA,AWP,WE,Federal Contract Tower,0,16,23,0,39,0,2,61,0,63,0,18,84,0,102,92,0,92,194
06/11/2021,HHR,CA,AWP,WE,Federal Contract Tower,0,7,10,0,17,0,2,60,2,64,0,9,70,2,81,126,0,126,207
06/12/2021,HHR,CA,AWP,WE,Federal Contract Tower,0,6,9,0,15,0,1,77,0,78,0,7,86,0,93,133,0,133,226
06/13/2021,HHR,CA,AWP,WE,Federal Contract Tower,0,8,9,0,17,0,1,91,0,92,0,9,100,0,109,76,0,76,185
06/14/2021,HHR,CA,AWP,WE,Federal Contract Tower,0,7,10,0,17,0,3,83,0,86,0,10,93,0,103,76,0,76,179
06/15/2021,HHR,CA,AWP,WE,Federal Contract Tower,0,6,8,0,14,0,1,72,0,73,0,7,80,0,87,96,0,96,183
06/16/2021,HHR,CA,AWP,WE,Federal Contract Tower,0,8,7,0,15,0,2,56,1,59,0,10,63,1,74,104,0,104,178
06/17/2021,HHR,CA,AWP,WE,Federal Contract Tower,0,11,23,0,34,0,2,56,0,58,0,13,79,0,92,140,0,140,232
06/18/2021,HHR,CA,AWP,WE,Federal Contract Tower,0,12,29,0,41,0,0,61,0,61,0,12,90,0,102,143,0,143,245
06/19/2021,HHR,CA,AWP,WE,Federal Contract Tower,0,10,19,0,29,0,0,60,0,60,0,10,79,0,89,49,0,49,138
06/20/2021,HHR,CA,AWP,WE,Federal Contract Tower,0,9,12,0,21,0,1,46,0,47,0,10,58,0,68,48,0,48,116
06/21/2021,HHR,CA,AWP,WE,Federal Contract Tower,0,6,11,0,17,1,2,51,0,54,1,8,62,0,71,30,0,30,101
06/22/2021,HHR,CA,AWP,WE,Federal Contract Tower,0,9,17,0,26,0,1,81,0,82,0,10,98,0,108,98,0,98,206
06/23/2021,HHR,CA,AWP,WE,Federal Contract Tower,0,10,20,0,30,0,1,70,0,71,0,11,90,0,101,106,0,106,207
06/24/2021,HHR,CA,AWP,WE,Federal Contract Tower,0,17,14,0,31,0,1,59,0,60,0,18,73,0,91,80,0,80,171
06/25/2021,HHR,CA,AWP,WE,Federal Contract Tower,0,8,15,0,23,0,6,58,0,64,0,14,73,0,87,96,0,96,183
06/26/2021,HHR,CA,AWP,WE,Federal Contract Tower,0,7,14,0,21,0,0,75,0,75,0,7,89,0,96,82,0,82,178
06/27/2021,HHR,CA,AWP,WE,Federal Contract Tower,0,12,22,0,34,0,2,80,0,82,0,14,102,0,116,95,0,95,211
06/28/2021,HHR,CA,AWP,WE,Federal Contract Tower,0,9,12,0,21,0,7,69,0,76,0,16,81,0,97,30,0,30,127
06/29/2021,HHR,CA,AWP,WE,Federal Contract Tower,0,8,17,0,25,0,1,67,0,68,0,9,84,0,93,124,0,124,217
06/30/2021,HHR,CA,AWP,WE,Federal Contract Tower,0,11,18,0,29,0,9,78,0,87,0,20,96,0,116,176,0,176,292
07/01/2021,HHR,CA,AWP,WE,Federal Contract Tower,0,14,13,0,27,0,10,59,0,69,0,24,72,0,96,83,0,83,179
07/02/2021,HHR,CA,AWP,WE,Federal Contract Tower,0,15,15,0,30,0,7,58,0,65,0,22,73,0,95,64,0,64,159
07/03/2021,HHR,CA,AWP,WE,Federal Contract Tower,0,7,13,0,20,0,2,57,0,59,0,9,70,0,79,66,0,66,145
07/04/2021,HHR,CA,AWP,WE,Federal Contract Tower,0,7,7,0,14,0,1,30,0,31,0,8,37,0,45,44,0,44,89
07/05/2021,HHR,CA,AWP,WE,Federal Contract Tower,0,11,12,0,23,0,0,85,0,85,0,11,97,0,108,72,0,72,180
07/06/2021,HHR,CA,AWP,WE,Federal Contract Tower,0,8,19,0,27,0,2,58,0,60,0,10,77,0,87,52,0,52,139
07/07/2021,HHR,CA,AWP,WE,Federal Contract Tower,0,11,10,0,21,0,1,69,0,70,0,12,79,0,91,108,0,108,199
07/08/2021,HHR,CA,AWP,WE,Federal Contract Tower,0,13,12,0,25,0,2,63,1,66,0,15,75,1,91,104,0,104,195
07/09/2021,HHR,CA,AWP,WE,Federal Contract Tower,0,13,20,0,33,0,2,88,0,90,0,15,108,0,123,61,0,61,184
07/10/2021,HHR,CA,AWP,WE,Federal Contract Tower,0,2,16,0,18,0,0,73,1,74,0,2,89,1,92,109,0,109,201
07/11/2021,HHR,CA,AWP,WE,Federal Contract Tower,0,10,12,0,22,0,0,64,0,64,0,10,76,0,86,120,0,120,206
07/12/2021,HHR,CA,AWP,WE,Federal Contract Tower,0,8,12,0,20,0,1,40,0,41,0,9,52,0,61,51,0,51,112
07/13/2021,HHR,CA,AWP,WE,Federal Contract Tower,0,7,12,0,19,0,2,65,0,67,0,9,77,0,86,46,0,46,132
07/14/2021,HHR,CA,AWP,WE,Federal Contract Tower,0,5,13,0,18,0,0,68,0,68,0,5,81,0,86,104,0,104,190
07/15/2021,HHR,CA,AWP,WE,Federal Contract Tower,0,9,11,0,20,0,1,105,0,106,0,10,116,0,126,43,0,43,169
07/16/2021,HHR,CA,AWP,WE,Federal Contract Tower,0,7,11,0,18,0,2,76,0,78,0,9,87,0,96,81,0,81,177
07/18/2021,HHR,CA,AWP,WE,Federal Contract Tower,0,14,19,0,33,0,3,81,0,84,0,17,100,0,117,140,0,140,257
07/19/2021,HHR,CA,AWP,WE,Federal Contract Tower,0,10,15,0,25,0,2,50,0,52,0,12,65,0,77,42,0,42,119
07/20/2021,HHR,CA,AWP,WE,Federal Contract Tower,0,10,10,0,20,0,4,68,0,72,0,14,78,0,92,120,0,120,212
07/21/2021,HHR,CA,AWP,WE,Federal Contract Tower,0,10,14,0,24,0,3,76,0,79,0,13,90,0,103,122,0,122,225
07/22/2021,HHR,CA,AWP,WE,Federal Contract Tower,0,11,15,0,26,0,2,83,0,85,0,13,98,0,111,80,0,80,191
07/23/2021,HHR,CA,AWP,WE,Federal Contract Tower,0,18,29,0,47,0,1,97,0,98,0,19,126,0,145,98,0,98,243
07/24/2021,HHR,CA,AWP,WE,Federal Contract Tower,0,5,23,0,28,0,0,71,0,71,0,5,94,0,99,82,0,82,181
07/25/2021,HHR,CA,AWP,WE,Federal Contract Tower,0,8,13,0,21,0,3,73,0,76,0,11,86,0,97,84,0,84,181
07/26/2021,HHR,CA,AWP,WE,Federal Contract Tower,0,14,16,0,30,0,4,47,0,51,0,18,63,0,81,14,0,14,95
07/27/2021,HHR,CA,AWP,WE,Federal Contract Tower,0,17,30,0,47,0,0,27,0,27,0,17,57,0,74,18,0,18,92
07/28/2021,HHR,CA,AWP,WE,Federal Contract Tower,0,12,17,0,29,0,7,58,0,65,0,19,75,0,94,64,0,64,158
07/29/2021,HHR,CA,AWP,WE,Federal Contract Tower,0,9,13,0,22,0,5,115,2,122,0,14,128,2,144,114,2,116,260
07/30/2021,HHR,CA,AWP,WE,Federal Contract Tower,0,11,17,0,28,0,0,45,0,45,0,11,62,0,73,72,0,72,145
07/31/2021,HHR,CA,AWP,WE,Federal Contract Tower,0,10,9,0,19,0,0,63,0,63,0,10,72,0,82,48,0,48,130
08/01/2021,HHR,CA,AWP,WE,Federal Contract Tower,0,12,15,0,27,0,2,63,0,65,0,14,78,0,92,66,0,66,158
08/02/2021,HHR,CA,AWP,WE,Federal Contract Tower,0,6,9,0,15,0,0,58,0,58,0,6,67,0,73,45,0,45,118
08/03/2021,HHR,CA,AWP,WE,Federal Contract Tower,0,10,11,0,21,0,2,85,0,87,0,12,96,0,108,106,0,106,214
08/04/2021,HHR,CA,AWP,WE,Federal Contract Tower,0,7,12,0,19,0,5,89,0,94,0,12,101,0,113,70,0,70,183
08/05/2021,HHR,CA,AWP,WE,Federal Contract Tower,0,8,21,0,29,0,4,62,0,66,0,12,83,0,95,93,0,93,188
08/06/2021,HHR,CA,AWP,WE,Federal Contract Tower,0,12,33,0,45,0,0,60,2,62,0,12,93,2,107,80,0,80,187
08/07/2021,HHR,CA,AWP,WE,Federal Contract Tower,0,9,18,0,27,0,0,66,0,66,0,9,84,0,93,118,0,118,211
08/08/2021,HHR,CA,AWP,WE,Federal Contract Tower,0,12,18,0,30,0,0,77,0,77,0,12,95,0,107,134,0,134,241
08/09/2021,HHR,CA,AWP,WE,Federal Contract Tower,0,0,0,0,0,0,0,0,0,0,0,0,0,0,0,0,0,0,0
08/10/2021,HHR,CA,AWP,WE,Federal Contract Tower,0,0,1,0,1,0,0,4,0,4,0,0,5,0,5,0,0,0,5
08/11/2021,HHR,CA,AWP,WE,Federal Contract Tower,0,0,0,0,0,0,0,0,0,0,0,0,0,0,0,0,0,0,0
08/12/2021,HHR,CA,AWP,WE,Federal Contract Tower,0,0,0,0,0,0,0,0,0,0,0,0,0,0,0,0,0,0,0
08/13/2021,HHR,CA,AWP,WE,Federal Contract Tower,0,0,0,0,0,0,0,0,0,0,0,0,0,0,0,0,0,0,0
08/14/2021,HHR,CA,AWP,WE,Federal Contract Tower,0,2,8,0,10,0,0,136,0,136,0,2,144,0,146,28,0,28,174
08/15/2021,HHR,CA,AWP,WE,Federal Contract Tower,0,9,11,0,20,0,4,103,0,107,0,13,114,0,127,68,0,68,195
08/16/2021,HHR,CA,AWP,WE,Federal Contract Tower,0,14,9,0,23,0,1,61,0,62,0,15,70,0,85,80,0,80,165
08/17/2021,HHR,CA,AWP,WE,Federal Contract Tower,0,5,17,0,22,0,1,53,0,54,0,6,70,0,76,54,0,54,130
08/18/2021,HHR,CA,AWP,WE,Federal Contract Tower,0,11,20,0,31,0,0,43,0,43,0,11,63,0,74,78,0,78,152
08/19/2021,HHR,CA,AWP,WE,Federal Contract Tower,0,9,17,0,26,0,2,38,0,40,0,11,55,0,66,67,0,67,133
08/20/2021,HHR,CA,AWP,WE,Federal Contract Tower,0,11,36,0,47,0,0,73,0,73,0,11,109,0,120,100,0,100,220
08/21/2021,HHR,CA,AWP,WE,Federal Contract Tower,0,8,12,0,20,0,0,58,0,58,0,8,70,0,78,73,0,73,151
08/22/2021,HHR,CA,AWP,WE,Federal Contract Tower,0,10,21,0,31,0,0,59,0,59,0,10,80,0,90,132,0,132,222
08/23/2021,HHR,CA,AWP,WE,Federal Contract Tower,0,0,0,0,0,0,0,0,0,0,0,0,0,0,0,0,0,0,0
08/24/2021,HHR,CA,AWP,WE,Federal Contract Tower,0,0,0,0,0,0,0,0,0,0,0,0,0,0,0,0,0,0,0
08/25/2021,HHR,CA,AWP,WE,Federal Contract Tower,0,0,0,0,0,0,0,0,0,0,0,0,0,0,0,0,0,0,0
08/26/2021,HHR,CA,AWP,WE,Federal Contract Tower,0,14,25,0,39,0,2,69,0,71,0,16,94,0,110,123,0,123,233
08/27/2021,HHR,CA,AWP,WE,Federal Contract Tower,0,9,12,0,21,0,2,67,0,69,0,11,79,0,90,117,0,117,207
08/28/2021,HHR,CA,AWP,WE,Federal Contract Tower,0,7,11,0,18,0,1,76,0,77,0,8,87,0,95,92,0,92,187
08/29/2021,HHR,CA,AWP,WE,Federal Contract Tower,0,4,7,0,11,0,9,90,0,99,0,13,97,0,110,191,0,191,301
08/30/2021,HHR,CA,AWP,WE,Federal Contract Tower,0,5,5,0,10,0,0,84,0,84,0,5,89,0,94,88,0,88,182
08/31/2021,HHR,CA,AWP,WE,Federal Contract Tower,0,10,6,0,16,0,2,64,0,66,0,12,70,0,82,60,0,60,142
09/01/2021,HHR,CA,AWP,WE,Federal Contract Tower,0,6,14,0,20,0,3,61,4,68,0,9,75,4,88,22,2,24,112
09/02/2021,HHR,CA,AWP,WE,Federal Contract Tower,0,14,20,0,34,0,1,45,0,46,0,15,65,0,80,92,0,92,172
09/03/2021,HHR,CA,AWP,WE,Federal Contract Tower,0,14,24,0,38,0,3,73,0,76,0,17,97,0,114,50,0,50,164
09/04/2021,HHR,CA,AWP,WE,Federal Contract Tower,0,7,15,0,22,0,1,69,0,70,0,8,84,0,92,136,0,136,228
09/05/2021,HHR,CA,AWP,WE,Federal Contract Tower,0,1,7,0,8,0,1,81,0,82,0,2,88,0,90,138,0,138,228
09/06/2021,HHR,CA,AWP,WE,Federal Contract Tower,0,15,23,0,38,0,0,119,0,119,0,15,142,0,157,196,0,196,353
09/07/2021,HHR,CA,AWP,WE,Federal Contract Tower,0,9,18,0,27,0,2,68,2,72,0,11,86,2,99,182,0,182,281
09/08/2021,HHR,CA,AWP,WE,Federal Contract Tower,0,11,26,0,37,0,1,50,0,51,0,12,76,0,88,114,0,114,202
09/09/2021,HHR,CA,AWP,WE,Federal Contract Tower,0,11,22,0,33,0,1,46,0,47,0,12,68,0,80,80,0,80,160
09/10/2021,HHR,CA,AWP,WE,Federal Contract Tower,0,10,25,0,35,0,2,67,0,69,0,12,92,0,104,0,51,51,155
09/11/2021,HHR,CA,AWP,WE,Federal Contract Tower,0,1,14,0,15,0,1,107,0,108,0,2,121,0,123,94,0,94,217
09/12/2021,HHR,CA,AWP,WE,Federal Contract Tower,0,9,31,0,40,0,1,82,0,83,0,10,113,0,123,48,0,48,171
09/13/2021,HHR,CA,AWP,WE,Federal Contract Tower,0,9,9,0,18,0,1,63,0,64,0,10,72,0,82,38,0,38,120
09/14/2021,HHR,CA,AWP,WE,Federal Contract Tower,0,7,9,0,16,0,2,56,0,58,0,9,65,0,74,50,0,50,124
09/15/2021,HHR,CA,AWP,WE,Federal Contract Tower,0,13,19,0,32,0,3,65,0,68,0,16,84,0,100,34,0,34,134
09/16/2021,HHR,CA,AWP,WE,Federal Contract Tower,0,8,12,0,20,0,1,38,0,39,0,9,50,0,59,44,0,44,103
09/17/2021,HHR,CA,AWP,WE,Federal Contract Tower,0,8,30,0,38,0,1,76,0,77,0,9,106,0,115,101,0,101,216
09/18/2021,HHR,CA,AWP,WE,Federal Contract Tower,0,5,24,0,29,0,1,89,0,90,0,6,113,0,119,95,0,95,214
09/19/2021,HHR,CA,AWP,WE,Federal Contract Tower,0,8,18,0,26,0,2,79,0,81,0,10,97,0,107,36,0,36,143
09/20/2021,HHR,CA,AWP,WE,Federal Contract Tower,0,8,10,0,18,0,3,71,0,74,0,11,81,0,92,69,0,69,161
09/21/2021,HHR,CA,AWP,WE,Federal Contract Tower,0,7,9,0,16,0,2,72,0,74,0,9,81,0,90,148,0,148,238
09/22/2021,HHR,CA,AWP,WE,Federal Contract Tower,0,6,11,0,17,0,2,42,0,44,0,8,53,0,61,90,0,90,151
09/23/2021,HHR,CA,AWP,WE,Federal Contract Tower,0,10,16,0,26,0,6,51,0,57,0,16,67,0,83,113,0,113,196
09/24/2021,HHR,CA,AWP,WE,Federal Contract Tower,0,12,17,0,29,0,1,75,0,76,0,13,92,0,105,140,0,140,245
09/25/2021,HHR,CA,AWP,WE,Federal Contract Tower,0,7,24,0,31,0,0,53,0,53,0,7,77,0,84,146,0,146,230
09/26/2021,HHR,CA,AWP,WE,Federal Contract Tower,0,39,51,0,90,0,0,5,0,5,0,39,56,0,95,0,0,0,95
09/27/2021,HHR,CA,AWP,WE,Federal Contract Tower,0,16,21,0,37,0,0,20,0,20,0,16,41,0,57,28,0,28,85
09/28/2021,HHR,CA,AWP,WE,Federal Contract Tower,0,16,19,0,35,0,2,68,0,70,0,18,87,0,105,138,0,138,243
09/29/2021,HHR,CA,AWP,WE,Federal Contract Tower,0,10,11,0,21,0,3,53,0,56,0,13,64,0,77,84,0,84,161
09/30/2021,HHR,CA,AWP,WE,Federal Contract Tower,0,12,18,0,30,0,11,72,3,86,0,23,90,3,116,72,0,72,188
10/01/2021,HHR,CA,AWP,WE,Federal Contract Tower,0,9,13,0,22,0,11,73,0,84,0,20,86,0,106,116,0,116,222
10/02/2021,HHR,CA,AWP,WE,Federal Contract Tower,0,7,16,0,23,0,0,77,0,77,0,7,93,0,100,78,0,78,178
10/03/2021,HHR,CA,AWP,WE,Federal Contract Tower,0,6,19,0,25,0,0,59,0,59,0,6,78,0,84,40,0,40,124
10/04/2021,HHR,CA,AWP,WE,Federal Contract Tower,0,17,37,0,54,0,3,66,0,69,0,20,103,0,123,44,0,44,167
10/05/2021,HHR,CA,AWP,WE,Federal Contract Tower,0,10,24,0,34,0,1,119,0,120,0,11,143,0,154,62,0,62,216
10/06/2021,HHR,CA,AWP,WE,Federal Contract Tower,0,9,16,0,25,0,2,47,0,49,0,11,63,0,74,20,0,20,94
10/07/2021,HHR,CA,AWP,WE,Federal Contract Tower,0,13,24,0,37,0,2,43,0,45,0,15,67,0,82,147,0,147,229
10/08/2021,HHR,CA,AWP,WE,Federal Contract Tower,0,14,15,0,29,0,2,54,0,56,0,16,69,0,85,42,0,42,127
10/09/2021,HHR,CA,AWP,WE,Federal Contract Tower,0,0,15,0,15,0,0,95,0,95,0,0,110,0,110,26,0,26,136
10/10/2021,HHR,CA,AWP,WE,Federal Contract Tower,0,13,19,0,32,0,4,79,0,83,0,17,98,0,115,30,0,30,145
10/11/2021,HHR,CA,AWP,WE,Federal Contract Tower,0,8,16,0,24,0,0,41,0,41,0,8,57,0,65,8,0,8,73
10/12/2021,HHR,CA,AWP,WE,Federal Contract Tower,0,4,17,0,21,0,3,57,2,62,0,7,74,2,83,10,0,10,93
10/13/2021,HHR,CA,AWP,WE,Federal Contract Tower,0,7,17,0,24,0,3,72,0,75,0,10,89,0,99,96,0,96,195
10/14/2021,HHR,CA,AWP,WE,Federal Contract Tower,0,26,22,2,50,0,7,65,0,72,0,33,87,2,122,57,0,57,179
10/15/2021,HHR,CA,AWP,WE,Federal Contract Tower,0,4,27,0,31,0,1,74,0,75,0,5,101,0,106,59,0,59,165
10/16/2021,HHR,CA,AWP,WE,Federal Contract Tower,0,4,12,0,16,0,0,64,0,64,0,4,76,0,80,70,0,70,150
10/17/2021,HHR,CA,AWP,WE,Federal Contract Tower,0,12,31,0,43,0,1,69,0,70,0,13,100,0,113,10,0,10,123
10/18/2021,HHR,CA,AWP,WE,Federal Contract Tower,0,10,19,0,29,0,2,49,0,51,0,12,68,0,80,20,0,20,100
10/19/2021,HHR,CA,AWP,WE,Federal Contract Tower,0,7,21,0,28,0,5,47,0,52,0,12,68,0,80,37,0,37,117
10/20/2021,HHR,CA,AWP,WE,Federal Contract Tower,0,12,24,0,36,0,9,78,0,87,0,21,102,0,123,102,0,102,225
10/21/2021,HHR,CA,AWP,WE,Federal Contract Tower,0,7,29,0,36,0,7,60,0,67,0,14,89,0,103,96,0,96,199
10/22/2021,HHR,CA,AWP,WE,Federal Contract Tower,0,13,31,0,44,0,0,39,0,39,0,13,70,0,83,20,0,20,103
10/23/2021,HHR,CA,AWP,WE,Federal Contract Tower,0,6,19,0,25,0,2,39,0,41,0,8,58,0,66,81,0,81,147
10/24/2021,HHR,CA,AWP,WE,Federal Contract Tower,0,9,11,0,20,0,0,46,0,46,0,9,57,0,66,14,0,14,80
10/25/2021,HHR,CA,AWP,WE,Federal Contract Tower,0,5,8,0,13,0,0,12,0,12,0,5,20,0,25,0,0,0,25
10/26/2021,HHR,CA,AWP,WE,Federal Contract Tower,0,4,10,3,17,0,1,89,0,90,0,5,99,3,107,42,0,42,149
10/27/2021,HHR,CA,AWP,WE,Federal Contract Tower,0,5,19,0,24,0,2,78,0,80,0,7,97,0,104,86,0,86,190
10/28/2021,HHR,CA,AWP,WE,Federal Contract Tower,0,5,14,1,20,0,3,72,2,77,0,8,86,3,97,88,0,88,185
10/29/2021,HHR,CA,AWP,WE,Federal Contract Tower,0,7,21,0,28,1,2,70,0,73,1,9,91,0,101,66,6,72,173
10/30/2021,HHR,CA,AWP,WE,Federal Contract Tower,0,4,19,0,23,0,3,61,0,64,0,7,80,0,87,75,0,75,162
10/31/2021,HHR,CA,AWP,WE,Federal Contract Tower,0,9,19,0,28,0,0,41,0,41,0,9,60,0,69,24,0,24,93
11/01/2021,HHR,CA,AWP,WE,Federal Contract Tower,0,9,13,0,22,0,1,65,0,66,0,10,78,0,88,60,0,60,148
11/02/2021,HHR,CA,AWP,WE,Federal Contract Tower,0,6,14,0,20,0,0,23,0,23,0,6,37,0,43,16,0,16,59
11/03/2021,HHR,CA,AWP,WE,Federal Contract Tower,0,8,14,0,22,0,1,24,0,25,0,9,38,0,47,48,0,48,95
11/04/2021,HHR,CA,AWP,WE,Federal Contract Tower,0,12,19,0,31,0,2,17,0,19,0,14,36,0,50,38,0,38,88
11/05/2021,HHR,CA,AWP,WE,Federal Contract Tower,0,4,14,0,18,0,0,25,0,25,0,4,39,0,43,6,0,6,49
11/06/2021,HHR,CA,AWP,WE,Federal Contract Tower,0,2,15,0,17,0,0,6,0,6,0,2,21,0,23,8,0,8,31
11/07/2021,HHR,CA,AWP,WE,Federal Contract Tower,0,6,15,0,21,0,0,22,0,22,0,6,37,0,43,24,0,24,67
11/08/2021,HHR,CA,AWP,WE,Federal Contract Tower,0,6,25,0,31,0,1,44,0,45,0,7,69,0,76,34,0,34,110
11/09/2021,HHR,CA,AWP,WE,Federal Contract Tower,0,10,23,0,33,0,0,46,0,46,0,10,69,0,79,86,0,86,165
11/10/2021,HHR,CA,AWP,WE,Federal Contract Tower,0,8,16,0,24,0,3,86,0,89,0,11,102,0,113,90,0,90,203
11/11/2021,HHR,CA,AWP,WE,Federal Contract Tower,0,11,19,0,30,0,4,102,0,106,0,15,121,0,136,113,0,113,249
11/12/2021,HHR,CA,AWP,WE,Federal Contract Tower,0,6,19,0,25,0,1,52,0,53,0,7,71,0,78,49,0,49,127
11/13/2021,HHR,CA,AWP,WE,Federal Contract Tower,0,3,8,0,11,0,1,120,0,121,0,4,128,0,132,112,0,112,244
11/14/2021,HHR,CA,AWP,WE,Federal Contract Tower,0,10,30,0,40,0,3,50,0,53,0,13,80,0,93,10,0,10,103
11/15/2021,HHR,CA,AWP,WE,Federal Contract Tower,0,14,30,0,44,0,0,77,0,77,0,14,107,0,121,132,0,132,253
11/16/2021,HHR,CA,AWP,WE,Federal Contract Tower,0,6,20,0,26,0,0,78,0,78,0,6,98,0,104,94,0,94,198
11/17/2021,HHR,CA,AWP,WE,Federal Contract Tower,0,8,14,0,22,0,3,78,0,81,0,11,92,0,103,42,0,42,145
11/18/2021,HHR,CA,AWP,WE,Federal Contract Tower,0,15,24,0,39,0,0,35,0,35,0,15,59,0,74,42,0,42,116
11/19/2021,HHR,CA,AWP,WE,Federal Contract Tower,0,11,32,0,43,0,0,41,0,41,0,11,73,0,84,48,0,48,132
11/20/2021,HHR,CA,AWP,WE,Federal Contract Tower,0,6,18,0,24,0,2,58,0,60,0,8,76,0,84,50,0,50,134
11/21/2021,HHR,CA,AWP,WE,Federal Contract Tower,0,14,29,0,43,0,2,65,0,67,0,16,94,0,110,63,0,63,173
11/22/2021,HHR,CA,AWP,WE,Federal Contract Tower,0,8,23,0,31,0,4,58,0,62,0,12,81,0,93,44,0,44,137
11/23/2021,HHR,CA,AWP,WE,Federal Contract Tower,0,6,18,0,24,0,1,58,0,59,0,7,76,0,83,90,0,90,173
11/24/2021,HHR,CA,AWP,WE,Federal Contract Tower,0,11,16,0,27,0,3,76,0,79,0,14,92,0,106,60,0,60,166
11/25/2021,HHR,CA,AWP,WE,Federal Contract Tower,0,4,1,0,5,0,0,14,0,14,0,4,15,0,19,9,0,9,28
11/26/2021,HHR,CA,AWP,WE,Federal Contract Tower,0,7,20,0,27,0,1,54,0,55,0,8,74,0,82,74,0,74,156
11/27/2021,HHR,CA,AWP,WE,Federal Contract Tower,0,7,14,0,21,0,0,84,0,84,0,7,98,0,105,34,0,34,139
11/28/2021,HHR,CA,AWP,WE,Federal Contract Tower,0,27,65,0,92,0,0,63,0,63,0,27,128,0,155,25,0,25,180
11/29/2021,HHR,CA,AWP,WE,Federal Contract Tower,0,11,29,0,40,0,0,57,0,57,0,11,86,0,97,31,0,31,128
11/30/2021,HHR,CA,AWP,WE,Federal Contract Tower,0,4,8,0,12,0,3,56,0,59,0,7,64,0,71,48,0,48,119
12/01/2021,HHR,CA,AWP,WE,Federal Contract Tower,0,6,17,0,23,0,2,30,0,32,0,8,47,0,55,8,0,8,63
12/02/2021,HHR,CA,AWP,WE,Federal Contract Tower,0,6,23,2,31,0,0,9,0,9,0,6,32,2,40,4,0,4,44
12/03/2021,HHR,CA,AWP,WE,Federal Contract Tower,0,11,22,0,33,0,5,30,0,35,0,16,52,0,68,70,0,70,138
12/05/2021,HHR,CA,AWP,WE,Federal Contract Tower,0,10,22,0,32,0,0,49,0,49,0,10,71,0,81,0,0,0,81
12/06/2021,HHR,CA,AWP,WE,Federal Contract Tower,0,9,20,0,29,0,0,33,0,33,0,9,53,0,62,0,0,0,62
12/07/2021,HHR,CA,AWP,WE,Federal Contract Tower,0,12,14,0,26,0,2,37,0,39,0,14,51,0,65,70,0,70,135
12/08/2021,HHR,CA,AWP,WE,Federal Contract Tower,0,12,19,0,31,0,1,89,0,90,0,13,108,0,121,50,0,50,171
12/09/2021,HHR,CA,AWP,WE,Federal Contract Tower,0,18,24,0,42,0,2,14,1,17,0,20,38,1,59,20,8,28,87
12/10/2021,HHR,CA,AWP,WE,Federal Contract Tower,0,16,22,0,38,0,2,62,0,64,0,18,84,0,102,82,0,82,184
12/11/2021,HHR,CA,AWP,WE,Federal Contract Tower,0,5,8,0,13,0,0,89,0,89,0,5,97,0,102,78,0,78,180
12/12/2021,HHR,CA,AWP,WE,Federal Contract Tower,0,10,22,0,32,0,2,67,0,69,0,12,89,0,101,5,0,5,106
12/13/2021,HHR,CA,AWP,WE,Federal Contract Tower,0,8,19,0,27,0,1,45,0,46,0,9,64,0,73,58,0,58,131
12/14/2021,HHR,CA,AWP,WE,Federal Contract Tower,0,7,11,0,18,0,1,2,0,3,0,8,13,0,21,0,0,0,21
12/15/2021,HHR,CA,AWP,WE,Federal Contract Tower,0,17,21,0,38,0,1,78,6,85,0,18,99,6,123,58,0,58,181
12/16/2021,HHR,CA,AWP,WE,Federal Contract Tower,0,20,42,0,62,0,3,56,0,59,0,23,98,0,121,104,0,104,225
12/17/2021,HHR,CA,AWP,WE,Federal Contract Tower,0,9,35,0,44,0,3,96,0,99,0,12,131,0,143,93,0,93,236
12/18/2021,HHR,CA,AWP,WE,Federal Contract Tower,0,7,25,0,32,0,0,84,0,84,0,7,109,0,116,81,0,81,197
12/19/2021,HHR,CA,AWP,WE,Federal Contract Tower,0,22,12,0,34,0,1,78,0,79,0,23,90,0,113,95,0,95,208
12/20/2021,HHR,CA,AWP,WE,Federal Contract Tower,0,10,23,0,33,0,5,57,0,62,0,15,80,0,95,114,0,114,209
12/21/2021,HHR,CA,AWP,WE,Federal Contract Tower,0,14,19,0,33,0,4,36,0,40,0,18,55,0,73,2,0,2,75
12/22/2021,HHR,CA,AWP,WE,Federal Contract Tower,0,6,20,0,26,0,1,56,0,57,0,7,76,0,83,50,0,50,133
12/23/2021,HHR,CA,AWP,WE,Federal Contract Tower,0,3,0,0,3,0,0,4,0,4,0,3,4,0,7,10,0,10,17
12/24/2021,HHR,CA,AWP,WE,Federal Contract Tower,0,2,3,0,5,0,0,17,0,17,0,2,20,0,22,16,0,16,38
12/25/2021,HHR,CA,AWP,WE,Federal Contract Tower,0,3,2,0,5,0,0,1,0,1,0,3,3,0,6,1,0,1,7
12/26/2021,HHR,CA,AWP,WE,Federal Contract Tower,0,13,19,0,32,0,2,69,0,71,0,15,88,0,103,82,0,82,185
12/27/2021,HHR,CA,AWP,WE,Federal Contract Tower,0,14,25,0,39,0,2,10,0,12,0,16,35,0,51,19,0,19,70
12/28/2021,HHR,CA,AWP,WE,Federal Contract Tower,0,11,6,0,17,0,0,84,0,84,0,11,90,0,101,80,0,80,181
12/29/2021,HHR,CA,AWP,WE,Federal Contract Tower,0,4,1,0,5,0,0,3,0,3,0,4,4,0,8,0,0,0,8
12/30/2021,HHR,CA,AWP,WE,Federal Contract Tower,0,6,1,0,7,0,0,0,0,0,0,6,1,0,7,0,0,0,7
12/31/2021,HHR,CA,AWP,WE,Federal Contract Tower,0,5,12,0,17,0,3,64,0,67,0,8,76,0,84,70,0,70,154
01/01/2022,HHR,CA,AWP,WE,Federal Contract Tower,0,4,12,0,16,0,1,75,0,76,0,5,87,0,92,93,0,93,185
01/02/2022,HHR,CA,AWP,WE,Federal Contract Tower,0,16,25,0,41,0,3,76,0,79,0,19,101,0,120,0,0,0,120
01/03/2022,HHR,CA,AWP,WE,Federal Contract Tower,0,9,24,0,33,0,1,76,0,77,0,10,100,0,110,66,0,66,176
01/04/2022,HHR,CA,AWP,WE,Federal Contract Tower,0,5,12,0,17,0,3,59,0,62,0,8,71,0,79,42,0,42,121
01/05/2022,HHR,CA,AWP,WE,Federal Contract Tower,0,16,11,0,27,0,0,80,0,80,0,16,91,0,107,22,0,22,129
01/06/2022,HHR,CA,AWP,WE,Federal Contract Tower,0,10,18,0,28,0,3,64,0,67,0,13,82,0,95,114,0,114,209
01/07/2022,HHR,CA,AWP,WE,Federal Contract Tower,0,18,12,0,30,0,0,16,0,16,0,18,28,0,46,0,0,0,46
01/08/2022,HHR,CA,AWP,WE,Federal Contract Tower,0,4,12,0,16,0,0,63,0,63,0,4,75,0,79,228,0,228,307
01/09/2022,HHR,CA,AWP,WE,Federal Contract Tower,0,13,27,0,40,0,2,91,0,93,0,15,118,0,133,46,0,46,179
01/10/2022,HHR,CA,AWP,WE,Federal Contract Tower,0,14,19,0,33,0,2,69,0,71,0,16,88,0,104,34,0,34,138
01/11/2022,HHR,CA,AWP,WE,Federal Contract Tower,0,5,14,0,19,0,1,93,0,94,0,6,107,0,113,132,0,132,245
01/12/2022,HHR,CA,AWP,WE,Federal Contract Tower,0,14,13,0,27,0,1,90,0,91,0,15,103,0,118,126,0,126,244
01/13/2022,HHR,CA,AWP,WE,Federal Contract Tower,0,9,16,0,25,0,2,108,0,110,0,11,124,0,135,106,0,106,241
01/14/2022,HHR,CA,AWP,WE,Federal Contract Tower,0,15,24,0,39,0,3,107,0,110,0,18,131,0,149,154,0,154,303
01/15/2022,HHR,CA,AWP,WE,Federal Contract Tower,0,4,6,4,14,0,0,94,0,94,0,4,100,4,108,122,0,122,230
01/16/2022,HHR,CA,AWP,WE,Federal Contract Tower,0,12,8,0,20,0,1,129,0,130,0,13,137,0,150,144,0,144,294
01/17/2022,HHR,CA,AWP,WE,Federal Contract Tower,0,21,35,0,56,0,0,63,0,63,0,21,98,0,119,138,0,138,257
01/18/2022,HHR,CA,AWP,WE,Federal Contract Tower,0,12,27,0,39,0,2,71,0,73,0,14,98,0,112,104,0,104,216
01/19/2022,HHR,CA,AWP,WE,Federal Contract Tower,0,10,20,0,30,0,5,76,0,81,0,15,96,0,111,130,0,130,241
01/20/2022,HHR,CA,AWP,WE,Federal Contract Tower,0,13,27,0,40,0,1,101,0,102,0,14,128,0,142,104,0,104,246
01/21/2022,HHR,CA,AWP,WE,Federal Contract Tower,0,9,17,0,26,0,2,91,0,93,0,11,108,0,119,54,0,54,173
01/22/2022,HHR,CA,AWP,WE,Federal Contract Tower,0,5,7,0,12,0,0,73,0,73,0,5,80,0,85,102,0,102,187
01/23/2022,HHR,CA,AWP,WE,Federal Contract Tower,0,15,20,0,35,0,2,81,0,83,0,17,101,0,118,60,0,60,178
01/24/2022,HHR,CA,AWP,WE,Federal Contract Tower,0,11,13,0,24,0,3,64,0,67,0,14,77,0,91,72,0,72,163
01/25/2022,HHR,CA,AWP,WE,Federal Contract Tower,0,11,17,0,28,0,2,82,0,84,0,13,99,0,112,84,0,84,196
01/26/2022,HHR,CA,AWP,WE,Federal Contract Tower,0,12,20,0,32,0,3,77,0,80,0,15,97,0,112,78,0,78,190
01/27/2022,HHR,CA,AWP,WE,Federal Contract Tower,0,11,20,0,31,0,2,65,0,67,0,13,85,0,98,58,0,58,156
01/28/2022,HHR,CA,AWP,WE,Federal Contract Tower,0,12,18,0,30,0,0,77,0,77,0,12,95,0,107,31,0,31,138
01/29/2022,HHR,CA,AWP,WE,Federal Contract Tower,0,8,13,0,21,0,0,76,0,76,0,8,89,0,97,105,0,105,202
01/30/2022,HHR,CA,AWP,WE,Federal Contract Tower,0,25,72,0,97,0,0,69,0,69,0,25,141,0,166,24,0,24,190
01/31/2022,HHR,CA,AWP,WE,Federal Contract Tower,0,7,19,0,26,0,1,49,0,50,0,8,68,0,76,42,0,42,118
02/01/2022,HHR,CA,AWP,WE,Federal Contract Tower,0,8,15,0,23,0,2,69,0,71,0,10,84,0,94,70,0,70,164
02/02/2022,HHR,CA,AWP,WE,Federal Contract Tower,0,8,7,0,15,0,4,79,0,83,0,12,86,0,98,94,0,94,192
02/03/2022,HHR,CA,AWP,WE,Federal Contract Tower,0,15,23,0,38,0,1,67,0,68,0,16,90,0,106,120,0,120,226
02/04/2022,HHR,CA,AWP,WE,Federal Contract Tower,0,9,15,0,24,0,1,72,0,73,0,10,87,0,97,156,0,156,253
02/05/2022,HHR,CA,AWP,WE,Federal Contract Tower,0,4,9,0,13,0,0,60,0,60,0,4,69,0,73,96,0,96,169
02/06/2022,HHR,CA,AWP,WE,Federal Contract Tower,0,35,18,0,53,0,2,82,0,84,0,37,100,0,137,81,0,81,218
02/07/2022,HHR,CA,AWP,WE,Federal Contract Tower,0,17,8,0,25,0,3,63,0,66,0,20,71,0,91,54,0,54,145
02/08/2022,HHR,CA,AWP,WE,Federal Contract Tower,0,10,26,0,36,0,4,82,0,86,0,14,108,0,122,56,0,56,178
02/09/2022,HHR,CA,AWP,WE,Federal Contract Tower,0,16,14,0,30,0,0,48,0,48,0,16,62,0,78,52,0,52,130
02/10/2022,HHR,CA,AWP,WE,Federal Contract Tower,0,18,20,0,38,0,1,60,0,61,0,19,80,0,99,18,0,18,117
02/11/2022,HHR,CA,AWP,WE,Federal Contract Tower,0,22,14,0,36,0,2,67,0,69,0,24,81,0,105,12,0,12,117
02/12/2022,HHR,CA,AWP,WE,Federal Contract Tower,0,5,11,0,16,0,0,85,0,85,0,5,96,0,101,72,0,72,173
02/13/2022,HHR,CA,AWP,WE,Federal Contract Tower,0,22,19,0,41,0,1,33,0,34,0,23,52,0,75,2,0,2,77
02/14/2022,HHR,CA,AWP,WE,Federal Contract Tower,0,25,30,0,55,0,2,113,0,115,0,27,143,0,170,0,0,0,170
02/15/2022,HHR,CA,AWP,WE,Federal Contract Tower,0,17,19,0,36,0,1,37,0,38,0,18,56,0,74,4,0,4,78
02/16/2022,HHR,CA,AWP,WE,Federal Contract Tower,0,14,15,0,29,0,2,93,0,95,0,16,108,0,124,86,0,86,210
02/17/2022,HHR,CA,AWP,WE,Federal Contract Tower,0,16,24,0,40,0,4,78,0,82,0,20,102,0,122,85,0,85,207
02/18/2022,HHR,CA,AWP,WE,Federal Contract Tower,0,20,26,0,46,0,2,80,0,82,0,22,106,0,128,72,0,72,200
02/19/2022,HHR,CA,AWP,WE,Federal Contract Tower,0,4,7,0,11,0,0,115,0,115,0,4,122,0,126,151,0,151,277
02/20/2022,HHR,CA,AWP,WE,Federal Contract Tower,0,8,17,0,25,0,3,61,0,64,0,11,78,0,89,81,0,81,170
02/21/2022,HHR,CA,AWP,WE,Federal Contract Tower,0,17,24,0,41,1,0,40,0,41,1,17,64,0,82,128,0,128,210
02/22/2022,HHR,CA,AWP,WE,Federal Contract Tower,0,20,12,0,32,0,1,43,0,44,0,21,55,0,76,38,0,38,114
02/23/2022,HHR,CA,AWP,WE,Federal Contract Tower,0,15,6,3,24,0,4,44,0,48,0,19,50,3,72,50,0,50,122
02/24/2022,HHR,CA,AWP,WE,Federal Contract Tower,0,15,11,0,26,0,2,61,0,63,0,17,72,0,89,110,0,110,199
02/25/2022,HHR,CA,AWP,WE,Federal Contract Tower,0,11,19,0,30,0,1,79,0,80,0,12,98,0,110,117,0,117,227
02/26/2022,HHR,CA,AWP,WE,Federal Contract Tower,0,4,7,0,11,0,0,95,0,95,0,4,102,0,106,121,0,121,227
02/27/2022,HHR,CA,AWP,WE,Federal Contract Tower,0,10,13,0,23,0,2,72,0,74,0,12,85,0,97,190,0,190,287
02/28/2022,HHR,CA,AWP,WE,Federal Contract Tower,0,10,14,0,24,0,2,85,0,87,0,12,99,0,111,62,0,62,173
03/01/2022,HHR,CA,AWP,WE,Federal Contract Tower,0,10,10,0,20,0,5,86,0,91,0,15,96,0,111,156,0,156,267
03/02/2022,HHR,CA,AWP,WE,Federal Contract Tower,0,18,25,0,43,0,2,67,0,69,0,20,92,0,112,156,0,156,268
03/03/2022,HHR,CA,AWP,WE,Federal Contract Tower,0,10,18,0,28,0,2,36,0,38,0,12,54,0,66,55,0,55,121
03/04/2022,HHR,CA,AWP,WE,Federal Contract Tower,0,9,26,0,35,0,1,57,0,58,0,10,83,0,93,52,0,52,145
03/05/2022,HHR,CA,AWP,WE,Federal Contract Tower,0,7,5,0,12,0,1,16,2,19,0,8,21,2,31,0,0,0,31
03/06/2022,HHR,CA,AWP,WE,Federal Contract Tower,0,11,24,0,35,0,2,103,0,105,0,13,127,0,140,113,0,113,253
03/07/2022,HHR,CA,AWP,WE,Federal Contract Tower,0,14,13,0,27,0,3,86,0,89,0,17,99,0,116,74,0,74,190
03/08/2022,HHR,CA,AWP,WE,Federal Contract Tower,0,14,13,0,27,0,0,89,0,89,0,14,102,0,116,88,0,88,204
03/09/2022,HHR,CA,AWP,WE,Federal Contract Tower,0,18,11,0,29,0,5,76,0,81,0,23,87,0,110,52,0,52,162
03/10/2022,HHR,CA,AWP,WE,Federal Contract Tower,0,15,19,0,34,0,1,56,0,57,0,16,75,0,91,126,0,126,217
03/11/2022,HHR,CA,AWP,WE,Federal Contract Tower,0,12,17,0,29,0,2,54,0,56,0,14,71,0,85,57,0,57,142
03/12/2022,HHR,CA,AWP,WE,Federal Contract Tower,0,7,15,0,22,0,0,90,0,90,0,7,105,0,112,64,0,64,176
03/13/2022,HHR,CA,AWP,WE,Federal Contract Tower,0,15,16,0,31,0,2,85,0,87,0,17,101,0,118,98,0,98,216
03/14/2022,HHR,CA,AWP,WE,Federal Contract Tower,0,22,15,0,37,11,2,75,0,88,11,24,90,0,125,80,0,80,205
03/15/2022,HHR,CA,AWP,WE,Federal Contract Tower,0,10,16,0,26,0,1,97,0,98,0,11,113,0,124,130,0,130,254
03/16/2022,HHR,CA,AWP,WE,Federal Contract Tower,0,9,17,0,26,0,9,72,0,81,0,18,89,0,107,72,0,72,179
03/17/2022,HHR,CA,AWP,WE,Federal Contract Tower,0,13,14,0,27,0,2,59,0,61,0,15,73,0,88,89,0,89,177
03/18/2022,HHR,CA,AWP,WE,Federal Contract Tower,0,9,25,0,34,0,1,77,0,78,0,10,102,0,112,72,0,72,184
03/19/2022,HHR,CA,AWP,WE,Federal Contract Tower,0,2,19,0,21,0,0,66,0,66,0,2,85,0,87,59,0,59,146
03/20/2022,HHR,CA,AWP,WE,Federal Contract Tower,0,13,23,0,36,0,1,49,0,50,0,14,72,0,86,38,0,38,124
03/21/2022,HHR,CA,AWP,WE,Federal Contract Tower,0,7,9,0,16,0,2,56,0,58,0,9,65,0,74,34,0,34,108
03/22/2022,HHR,CA,AWP,WE,Federal Contract Tower,0,11,15,0,26,0,1,90,0,91,0,12,105,0,117,194,0,194,311
03/23/2022,HHR,CA,AWP,WE,Federal Contract Tower,0,11,20,0,31,0,1,71,0,72,0,12,91,0,103,64,0,64,167
03/24/2022,HHR,CA,AWP,WE,Federal Contract Tower,0,10,8,0,18,0,2,62,1,65,0,12,70,1,83,126,0,126,209
03/25/2022,HHR,CA,AWP,WE,Federal Contract Tower,0,10,12,0,22,0,1,45,2,48,0,11,57,2,70,74,0,74,144
03/26/2022,HHR,CA,AWP,WE,Federal Contract Tower,0,8,15,0,23,0,1,73,0,74,0,9,88,0,97,144,0,144,241
03/27/2022,HHR,CA,AWP,WE,Federal Contract Tower,0,9,24,0,33,0,1,42,0,43,0,10,66,0,76,43,0,43,119
03/28/2022,HHR,CA,AWP,WE,Federal Contract Tower,0,7,8,0,15,0,0,1,0,1,0,7,9,0,16,0,0,0,16
03/29/2022,HHR,CA,AWP,WE,Federal Contract Tower,0,12,16,0,28,0,2,72,0,74,0,14,88,0,102,108,0,108,210
03/30/2022,HHR,CA,AWP,WE,Federal Contract Tower,0,7,20,0,27,0,2,69,0,71,0,9,89,0,98,130,0,130,228
03/31/2022,HHR,CA,AWP,WE,Federal Contract Tower,0,16,29,0,45,0,1,39,0,40,0,17,68,0,85,83,0,83,168
04/01/2022,HHR,CA,AWP,WE,Federal Contract Tower,0,14,29,0,43,0,1,78,0,79,0,15,107,0,122,80,0,80,202
04/02/2022,HHR,CA,AWP,WE,Federal Contract Tower,0,2,25,0,27,0,0,22,0,22,0,2,47,0,49,87,0,87,136
04/03/2022,HHR,CA,AWP,WE,Federal Contract Tower,0,15,29,0,44,0,0,74,0,74,0,15,103,0,118,111,0,111,229
04/04/2022,HHR,CA,AWP,WE,Federal Contract Tower,0,11,11,0,22,0,2,95,0,97,0,13,106,0,119,100,0,100,219
04/05/2022,HHR,CA,AWP,WE,Federal Contract Tower,0,3,15,0,18,0,0,98,0,98,0,3,113,0,116,148,0,148,264
04/06/2022,HHR,CA,AWP,WE,Federal Contract Tower,0,10,13,0,23,0,2,75,0,77,0,12,88,0,100,72,0,72,172
04/07/2022,HHR,CA,AWP,WE,Federal Contract Tower,0,11,19,0,30,0,1,54,0,55,0,12,73,0,85,71,0,71,156
04/08/2022,HHR,CA,AWP,WE,Federal Contract Tower,0,12,23,0,35,0,2,84,0,86,0,14,107,0,121,82,0,82,203
04/09/2022,HHR,CA,AWP,WE,Federal Contract Tower,0,6,11,0,17,0,0,94,12,106,0,6,105,12,123,63,0,63,186
04/10/2022,HHR,CA,AWP,WE,Federal Contract Tower,0,21,21,0,42,0,0,51,0,51,0,21,72,0,93,76,0,76,169
04/11/2022,HHR,CA,AWP,WE,Federal Contract Tower,0,16,25,0,41,0,1,60,0,61,0,17,85,0,102,108,0,108,210
04/12/2022,HHR,CA,AWP,WE,Federal Contract Tower,0,8,11,0,19,0,1,39,0,40,0,9,50,0,59,6,0,6,65
04/13/2022,HHR,CA,AWP,WE,Federal Contract Tower,0,7,16,0,23,0,4,59,0,63,0,11,75,0,86,62,0,62,148
04/14/2022,HHR,CA,AWP,WE,Federal Contract Tower,0,16,27,0,43,0,0,85,0,85,0,16,112,0,128,134,0,134,262
04/15/2022,HHR,CA,AWP,WE,Federal Contract Tower,0,8,19,0,27,0,2,93,0,95,0,10,112,0,122,133,0,133,255
04/16/2022,HHR,CA,AWP,WE,Federal Contract Tower,0,5,16,0,21,0,1,79,0,80,0,6,95,0,101,84,0,84,185
04/17/2022,HHR,CA,AWP,WE,Federal Contract Tower,0,3,11,0,14,0,5,45,0,50,0,8,56,0,64,57,0,57,121
04/18/2022,HHR,CA,AWP,WE,Federal Contract Tower,0,12,14,0,26,0,1,88,0,89,0,13,102,0,115,181,0,181,296
04/19/2022,HHR,CA,AWP,WE,Federal Contract Tower,0,9,12,0,21,0,2,83,0,85,0,11,95,0,106,144,0,144,250
04/20/2022,HHR,CA,AWP,WE,Federal Contract Tower,0,3,25,0,28,0,2,68,0,70,0,5,93,0,98,104,0,104,202
04/21/2022,HHR,CA,AWP,WE,Federal Contract Tower,0,10,18,0,28,0,2,50,0,52,0,12,68,0,80,143,0,143,223
04/22/2022,HHR,CA,AWP,WE,Federal Contract Tower,0,1,20,0,21,0,1,31,0,32,0,2,51,0,53,30,0,30,83
04/23/2022,HHR,CA,AWP,WE,Federal Contract Tower,0,3,16,0,19,0,0,79,0,79,0,3,95,0,98,72,0,72,170
04/24/2022,HHR,CA,AWP,WE,Federal Contract Tower,0,11,12,0,23,0,0,82,0,82,0,11,94,0,105,83,0,83,188
04/25/2022,HHR,CA,AWP,WE,Federal Contract Tower,0,10,12,0,22,0,6,91,0,97,0,16,103,0,119,79,0,79,198
04/26/2022,HHR,CA,AWP,WE,Federal Contract Tower,0,5,15,0,20,0,2,100,0,102,0,7,115,0,122,127,0,127,249
04/27/2022,HHR,CA,AWP,WE,Federal Contract Tower,0,7,14,0,21,0,0,77,0,77,0,7,91,0,98,134,0,134,232
04/28/2022,HHR,CA,AWP,WE,Federal Contract Tower,0,16,28,0,44,0,0,50,0,50,0,16,78,0,94,193,0,193,287
04/29/2022,HHR,CA,AWP,WE,Federal Contract Tower,0,12,16,0,28,0,2,54,0,56,0,14,70,0,84,90,0,90,174
04/30/2022,HHR,CA,AWP,WE,Federal Contract Tower,0,6,17,0,23,0,1,74,0,75,0,7,91,0,98,104,0,104,202
05/01/2022,HHR,CA,AWP,WE,Federal Contract Tower,0,8,14,0,22,0,5,96,0,101,0,13,110,0,123,308,0,308,431
05/02/2022,HHR,CA,AWP,WE,Federal Contract Tower,0,8,22,0,30,0,6,57,0,63,0,14,79,0,93,101,0,101,194
05/03/2022,HHR,CA,AWP,WE,Federal Contract Tower,0,9,24,0,33,0,2,76,0,78,0,11,100,0,111,198,0,198,309
05/04/2022,HHR,CA,AWP,WE,Federal Contract Tower,0,8,19,0,27,0,1,104,0,105,0,9,123,0,132,170,0,170,302
05/05/2022,HHR,CA,AWP,WE,Federal Contract Tower,0,16,17,0,33,0,0,41,0,41,0,16,58,0,74,105,0,105,179
05/06/2022,HHR,CA,AWP,WE,Federal Contract Tower,0,8,23,0,31,0,1,74,0,75,0,9,97,0,106,128,0,128,234
05/07/2022,HHR,CA,AWP,WE,Federal Contract Tower,0,4,18,0,22,0,1,70,0,71,0,5,88,0,93,80,1,81,174
05/08/2022,HHR,CA,AWP,WE,Federal Contract Tower,0,5,23,0,28,0,4,57,0,61,0,9,80,0,89,48,0,48,137
05/09/2022,HHR,CA,AWP,WE,Federal Contract Tower,0,7,14,0,21,0,3,66,0,69,0,10,80,0,90,103,0,103,193
05/10/2022,HHR,CA,AWP,WE,Federal Contract Tower,0,5,12,0,17,0,0,83,0,83,0,5,95,0,100,156,0,156,256
05/11/2022,HHR,CA,AWP,WE,Federal Contract Tower,0,10,17,0,27,0,2,60,0,62,0,12,77,0,89,62,0,62,151
05/12/2022,HHR,CA,AWP,WE,Federal Contract Tower,0,11,19,0,30,0,0,75,0,75,0,11,94,0,105,165,0,165,270
05/13/2022,HHR,CA,AWP,WE,Federal Contract Tower,0,8,36,0,44,0,0,59,0,59,0,8,95,0,103,88,0,88,191
05/14/2022,HHR,CA,AWP,WE,Federal Contract Tower,0,3,19,0,22,0,0,98,0,98,0,3,117,0,120,129,0,129,249
05/15/2022,HHR,CA,AWP,WE,Federal Contract Tower,0,7,23,0,30,0,2,79,0,81,0,9,102,0,111,100,0,100,211
05/16/2022,HHR,CA,AWP,WE,Federal Contract Tower,0,6,25,0,31,0,5,56,0,61,0,11,81,0,92,75,0,75,167
05/17/2022,HHR,CA,AWP,WE,Federal Contract Tower,0,12,19,0,31,0,1,84,0,85,0,13,103,0,116,170,0,170,286
05/18/2022,HHR,CA,AWP,WE,Federal Contract Tower,0,6,25,0,31,0,1,51,0,52,0,7,76,0,83,82,0,82,165
05/19/2022,HHR,CA,AWP,WE,Federal Contract Tower,0,9,31,0,40,0,0,25,0,25,0,9,56,0,65,57,0,57,122
05/20/2022,HHR,CA,AWP,WE,Federal Contract Tower,0,6,39,0,45,0,0,25,1,26,0,6,64,1,71,98,0,98,169
05/21/2022,HHR,CA,AWP,WE,Federal Contract Tower,0,1,20,0,21,0,0,67,0,67,0,1,87,0,88,175,0,175,263
05/22/2022,HHR,CA,AWP,WE,Federal Contract Tower,0,6,20,0,26,0,1,86,0,87,0,7,106,0,113,118,0,118,231
05/23/2022,HHR,CA,AWP,WE,Federal Contract Tower,0,9,28,0,37,1,0,49,0,50,1,9,77,0,87,83,0,83,170
05/24/2022,HHR,CA,AWP,WE,Federal Contract Tower,0,3,19,0,22,0,1,77,0,78,0,4,96,0,100,136,0,136,236
05/25/2022,HHR,CA,AWP,WE,Federal Contract Tower,0,1,11,0,12,0,1,55,0,56,0,2,66,0,68,140,0,140,208
05/26/2022,HHR,CA,AWP,WE,Federal Contract Tower,0,15,21,0,36,0,2,55,0,57,0,17,76,0,93,130,0,130,223
05/27/2022,HHR,CA,AWP,WE,Federal Contract Tower,0,9,25,0,34,0,0,71,0,71,0,9,96,0,105,129,0,129,234
05/28/2022,HHR,CA,AWP,WE,Federal Contract Tower,0,0,21,0,21,0,0,49,0,49,0,0,70,0,70,153,0,153,223
05/29/2022,HHR,CA,AWP,WE,Federal Contract Tower,0,7,14,0,21,0,0,70,0,70,0,7,84,0,91,94,0,94,185
05/30/2022,HHR,CA,AWP,WE,Federal Contract Tower,0,8,14,0,22,0,5,59,0,64,0,13,73,0,86,77,0,77,163
05/31/2022,HHR,CA,AWP,WE,Federal Contract Tower,0,4,6,0,10,0,0,68,0,68,0,4,74,0,78,126,0,126,204
06/01/2022,HHR,CA,AWP,WE,Federal Contract Tower,0,7,10,0,17,0,1,87,0,88,0,8,97,0,105,168,0,168,273
06/02/2022,HHR,CA,AWP,WE,Federal Contract Tower,0,7,26,0,33,0,0,30,0,30,0,7,56,0,63,112,0,112,175
06/03/2022,HHR,CA,AWP,WE,Federal Contract Tower,0,16,22,0,38,0,0,29,0,29,0,16,51,0,67,73,0,73,140
06/04/2022,HHR,CA,AWP,WE,Federal Contract Tower,0,8,38,0,46,0,0,35,0,35,0,8,73,0,81,58,0,58,139
06/05/2022,HHR,CA,AWP,WE,Federal Contract Tower,0,8,10,0,18,0,3,71,0,74,0,11,81,0,92,190,0,190,282
06/06/2022,HHR,CA,AWP,WE,Federal Contract Tower,0,2,18,0,20,0,2,48,0,50,0,4,66,0,70,106,0,106,176
06/07/2022,HHR,CA,AWP,WE,Federal Contract Tower,0,14,21,0,35,0,0,62,2,64,0,14,83,2,99,74,0,74,173
06/08/2022,HHR,CA,AWP,WE,Federal Contract Tower,0,2,11,0,13,0,0,5,2,7,0,2,16,2,20,0,0,0,20
06/09/2022,HHR,CA,AWP,WE,Federal Contract Tower,0,0,2,2,4,0,0,2,2,4,0,0,4,4,8,0,0,0,8
06/10/2022,HHR,CA,AWP,WE,Federal Contract Tower,0,1,0,0,1,0,0,2,2,4,0,1,2,2,5,0,0,0,5
06/11/2022,HHR,CA,AWP,WE,Federal Contract Tower,0,7,8,0,15,0,6,38,2,46,0,13,46,2,61,59,0,59,120
06/12/2022,HHR,CA,AWP,WE,Federal Contract Tower,0,8,21,0,29,0,1,58,0,59,0,9,79,0,88,68,0,68,156
06/13/2022,HHR,CA,AWP,WE,Federal Contract Tower,0,6,24,0,30,0,0,48,0,48,0,6,72,0,78,28,0,28,106
06/14/2022,HHR,CA,AWP,WE,Federal Contract Tower,0,5,21,0,26,0,2,77,0,79,0,7,98,0,105,66,0,66,171
06/15/2022,HHR,CA,AWP,WE,Federal Contract Tower,0,2,23,0,25,0,2,70,0,72,0,4,93,0,97,42,0,42,139
06/16/2022,HHR,CA,AWP,WE,Federal Contract Tower,0,11,16,0,27,0,0,22,0,22,0,11,38,0,49,16,0,16,65
06/17/2022,HHR,CA,AWP,WE,Federal Contract Tower,0,10,29,0,39,0,0,65,0,65,0,10,94,0,104,165,0,165,269
06/18/2022,HHR,CA,AWP,WE,Federal Contract Tower,0,6,17,0,23,0,0,91,0,91,0,6,108,0,114,109,0,109,223
06/19/2022,HHR,CA,AWP,WE,Federal Contract Tower,0,5,16,0,21,0,0,53,0,53,0,5,69,0,74,47,0,47,121
06/20/2022,HHR,CA,AWP,WE,Federal Contract Tower,0,11,13,0,24,0,3,59,0,62,0,14,72,0,86,59,0,59,145
06/21/2022,HHR,CA,AWP,WE,Federal Contract Tower,0,16,34,0,50,0,0,73,0,73,0,16,107,0,123,156,0,156,279
06/22/2022,HHR,CA,AWP,WE,Federal Contract Tower,0,11,18,0,29,0,0,32,0,32,0,11,50,0,61,18,0,18,79
06/23/2022,HHR,CA,AWP,WE,Federal Contract Tower,0,12,23,0,35,0,0,56,0,56,0,12,79,0,91,86,0,86,177
06/24/2022,HHR,CA,AWP,WE,Federal Contract Tower,0,8,22,0,30,0,0,41,0,41,0,8,63,0,71,70,0,70,141
06/25/2022,HHR,CA,AWP,WE,Federal Contract Tower,0,4,16,0,20,0,0,72,0,72,0,4,88,0,92,49,0,49,141
06/26/2022,HHR,CA,AWP,WE,Federal Contract Tower,0,8,14,0,22,0,1,63,0,64,0,9,77,0,86,90,0,90,176
06/27/2022,HHR,CA,AWP,WE,Federal Contract Tower,0,10,14,0,24,0,1,68,0,69,0,11,82,0,93,152,0,152,245
06/28/2022,HHR,CA,AWP,WE,Federal Contract Tower,0,4,20,0,24,0,1,65,0,66,0,5,85,0,90,146,0,146,236
06/29/2022,HHR,CA,AWP,WE,Federal Contract Tower,0,3,20,0,23,0,0,69,0,69,0,3,89,0,92,142,0,142,234
06/30/2022,HHR,CA,AWP,WE,Federal Contract Tower,0,12,10,0,22,0,0,65,0,65,0,12,75,0,87,138,0,138,225
07/01/2022,HHR,CA,AWP,WE,Federal Contract Tower,0,9,28,0,37,0,1,51,0,52,0,10,79,0,89,152,0,152,241
07/02/2022,HHR,CA,AWP,WE,Federal Contract Tower,0,1,9,0,10,0,0,62,0,62,0,1,71,0,72,132,0,132,204
07/03/2022,HHR,CA,AWP,WE,Federal Contract Tower,0,8,17,0,25,0,1,53,0,54,0,9,70,0,79,151,0,151,230
07/04/2022,HHR,CA,AWP,WE,Federal Contract Tower,0,5,5,0,10,0,0,43,0,43,0,5,48,0,53,112,0,112,165
07/05/2022,HHR,CA,AWP,WE,Federal Contract Tower,0,10,19,0,29,0,0,48,0,48,0,10,67,0,77,106,0,106,183
07/06/2022,HHR,CA,AWP,WE,Federal Contract Tower,0,5,19,0,24,0,0,50,0,50,0,5,69,0,74,104,0,104,178
07/07/2022,HHR,CA,AWP,WE,Federal Contract Tower,0,11,23,0,34,0,0,51,0,51,0,11,74,0,85,139,0,139,224
07/08/2022,HHR,CA,AWP,WE,Federal Contract Tower,0,8,27,0,35,0,0,67,0,67,0,8,94,0,102,107,0,107,209
07/09/2022,HHR,CA,AWP,WE,Federal Contract Tower,0,5,13,0,18,0,1,62,1,64,0,6,75,1,82,117,0,117,199
07/10/2022,HHR,CA,AWP,WE,Federal Contract Tower,0,12,22,0,34,0,1,70,0,71,0,13,92,0,105,181,0,181,286
07/11/2022,HHR,CA,AWP,WE,Federal Contract Tower,0,6,29,0,35,0,0,51,0,51,0,6,80,0,86,70,0,70,156
07/12/2022,HHR,CA,AWP,WE,Federal Contract Tower,0,6,13,0,19,0,0,81,0,81,0,6,94,0,100,148,0,148,248
07/13/2022,HHR,CA,AWP,WE,Federal Contract Tower,0,9,19,0,28,0,0,54,0,54,0,9,73,0,82,98,0,98,180
07/14/2022,HHR,CA,AWP,WE,Federal Contract Tower,0,8,18,0,26,0,1,70,0,71,0,9,88,0,97,50,0,50,147
07/15/2022,HHR,CA,AWP,WE,Federal Contract Tower,0,7,23,0,30,0,0,51,0,51,0,7,74,0,81,117,0,117,198
07/16/2022,HHR,CA,AWP,WE,Federal Contract Tower,0,1,11,0,12,0,0,60,0,60,0,1,71,0,72,183,0,183,255
07/17/2022,HHR,CA,AWP,WE,Federal Contract Tower,0,6,21,0,27,0,0,69,0,69,0,6,90,0,96,194,0,194,290
07/18/2022,HHR,CA,AWP,WE,Federal Contract Tower,0,10,17,0,27,0,1,75,0,76,0,11,92,0,103,93,0,93,196
07/19/2022,HHR,CA,AWP,WE,Federal Contract Tower,0,7,21,0,28,0,0,68,0,68,0,7,89,0,96,98,0,98,194
07/20/2022,HHR,CA,AWP,WE,Federal Contract Tower,0,5,20,0,25,0,1,57,0,58,0,6,77,0,83,102,0,102,185
07/21/2022,HHR,CA,AWP,WE,Federal Contract Tower,0,12,13,0,25,0,0,78,0,78,0,12,91,0,103,163,0,163,266
07/22/2022,HHR,CA,AWP,WE,Federal Contract Tower,0,6,30,0,36,0,0,54,0,54,0,6,84,0,90,135,0,135,225
07/23/2022,HHR,CA,AWP,WE,Federal Contract Tower,0,10,15,0,25,0,0,38,0,38,0,10,53,0,63,78,0,78,141
07/24/2022,HHR,CA,AWP,WE,Federal Contract Tower,0,6,29,0,35,0,0,42,0,42,0,6,71,0,77,66,0,66,143
07/25/2022,HHR,CA,AWP,WE,Federal Contract Tower,0,10,23,0,33,0,0,51,0,51,0,10,74,0,84,83,0,83,167
07/26/2022,HHR,CA,AWP,WE,Federal Contract Tower,0,10,13,0,23,0,2,56,0,58,0,12,69,0,81,137,0,137,218
07/27/2022,HHR,CA,AWP,WE,Federal Contract Tower,0,3,24,0,27,0,4,59,0,63,0,7,83,0,90,150,0,150,240
07/28/2022,HHR,CA,AWP,WE,Federal Contract Tower,0,12,23,0,35,0,0,78,0,78,0,12,101,0,113,125,0,125,238
07/29/2022,HHR,CA,AWP,WE,Federal Contract Tower,0,7,17,0,24,0,0,73,0,73,0,7,90,0,97,114,0,114,211
07/30/2022,HHR,CA,AWP,WE,Federal Contract Tower,0,5,4,0,9,0,0,70,2,72,0,5,74,2,81,122,0,122,203
07/31/2022,HHR,CA,AWP,WE,Federal Contract Tower,0,9,18,0,27,0,0,49,0,49,0,9,67,0,76,159,0,159,235
08/01/2022,HHR,CA,AWP,WE,Federal Contract Tower,0,13,20,0,33,0,0,75,0,75,0,13,95,0,108,121,0,121,229
08/02/2022,HHR,CA,AWP,WE,Federal Contract Tower,0,3,18,0,21,0,1,98,0,99,0,4,116,0,120,179,0,179,299
08/03/2022,HHR,CA,AWP,WE,Federal Contract Tower,0,5,25,0,30,0,0,67,0,67,0,5,92,0,97,91,0,91,188
08/04/2022,HHR,CA,AWP,WE,Federal Contract Tower,0,10,18,0,28,0,0,67,0,67,0,10,85,0,95,50,0,50,145
08/05/2022,HHR,CA,AWP,WE,Federal Contract Tower,0,15,18,0,33,0,0,69,0,69,0,15,87,0,102,57,2,59,161
08/06/2022,HHR,CA,AWP,WE,Federal Contract Tower,0,10,18,0,28,0,2,60,0,62,0,12,78,0,90,36,0,36,126
08/07/2022,HHR,CA,AWP,WE,Federal Contract Tower,0,14,13,0,27,0,1,64,0,65,0,15,77,0,92,71,0,71,163
08/08/2022,HHR,CA,AWP,WE,Federal Contract Tower,0,10,25,0,35,0,1,81,0,82,0,11,106,0,117,52,0,52,169
08/09/2022,HHR,CA,AWP,WE,Federal Contract Tower,0,4,12,0,16,0,1,77,0,78,0,5,89,0,94,92,0,92,186
08/10/2022,HHR,CA,AWP,WE,Federal Contract Tower,0,2,15,0,17,0,1,55,0,56,0,3,70,0,73,118,0,118,191
08/11/2022,HHR,CA,AWP,WE,Federal Contract Tower,0,12,19,0,31,0,1,54,0,55,0,13,73,0,86,24,0,24,110
08/12/2022,HHR,CA,AWP,WE,Federal Contract Tower,0,10,15,0,25,0,0,67,0,67,0,10,82,0,92,58,0,58,150
08/13/2022,HHR,CA,AWP,WE,Federal Contract Tower,0,1,5,0,6,0,0,79,0,79,0,1,84,0,85,160,0,160,245
08/15/2022,HHR,CA,AWP,WE,Federal Contract Tower,0,13,19,0,32,0,3,74,0,77,0,16,93,0,109,70,0,70,179
08/16/2022,HHR,CA,AWP,WE,Federal Contract Tower,0,9,11,0,20,0,0,76,0,76,0,9,87,0,96,80,0,80,176
08/17/2022,HHR,CA,AWP,WE,Federal Contract Tower,0,12,16,0,28,0,0,112,0,112,0,12,128,0,140,284,0,284,424
08/18/2022,HHR,CA,AWP,WE,Federal Contract Tower,0,12,23,0,35,0,0,64,0,64,0,12,87,0,99,56,0,56,155
08/19/2022,HHR,CA,AWP,WE,Federal Contract Tower,0,13,21,0,34,0,0,69,0,69,0,13,90,0,103,109,0,109,212
08/20/2022,HHR,CA,AWP,WE,Federal Contract Tower,0,6,25,0,31,0,0,37,0,37,0,6,62,0,68,76,0,76,144
08/21/2022,HHR,CA,AWP,WE,Federal Contract Tower,0,9,29,0,38,0,1,45,0,46,0,10,74,0,84,118,0,118,202
08/22/2022,HHR,CA,AWP,WE,Federal Contract Tower,0,9,27,0,36,0,0,17,0,17,0,9,44,0,53,20,0,20,73
08/23/2022,HHR,CA,AWP,WE,Federal Contract Tower,0,12,23,0,35,0,5,75,0,80,0,17,98,0,115,125,0,125,240
08/24/2022,HHR,CA,AWP,WE,Federal Contract Tower,0,12,14,0,26,0,0,55,0,55,0,12,69,0,81,102,0,102,183
08/25/2022,HHR,CA,AWP,WE,Federal Contract Tower,0,6,17,0,23,0,0,63,0,63,0,6,80,0,86,84,0,84,170
08/26/2022,HHR,CA,AWP,WE,Federal Contract Tower,0,13,29,0,42,0,0,31,0,31,0,13,60,0,73,60,0,60,133
08/27/2022,HHR,CA,AWP,WE,Federal Contract Tower,0,1,15,0,16,0,0,61,0,61,0,1,76,0,77,231,0,231,308
08/28/2022,HHR,CA,AWP,WE,Federal Contract Tower,0,13,25,0,38,0,0,56,0,56,0,13,81,0,94,64,0,64,158
08/29/2022,HHR,CA,AWP,WE,Federal Contract Tower,0,14,23,0,37,0,0,69,0,69,0,14,92,0,106,107,0,107,213
08/30/2022,HHR,CA,AWP,WE,Federal Contract Tower,0,8,11,0,19,0,0,73,0,73,0,8,84,0,92,108,0,108,200
08/31/2022,HHR,CA,AWP,WE,Federal Contract Tower,0,8,29,0,37,0,0,67,0,67,0,8,96,0,104,59,0,59,163
09/01/2022,HHR,CA,AWP,WE,Federal Contract Tower,0,14,22,0,36,0,0,66,0,66,0,14,88,0,102,61,0,61,163
09/02/2022,HHR,CA,AWP,WE,Federal Contract Tower,0,14,18,0,32,0,0,65,0,65,0,14,83,0,97,123,0,123,220
09/03/2022,HHR,CA,AWP,WE,Federal Contract Tower,0,6,10,0,16,0,0,50,6,56,0,6,60,6,72,135,0,135,207
09/04/2022,HHR,CA,AWP,WE,Federal Contract Tower,0,5,14,0,19,0,0,32,0,32,0,5,46,0,51,95,0,95,146
09/05/2022,HHR,CA,AWP,WE,Federal Contract Tower,0,12,28,0,40,0,0,63,0,63,0,12,91,0,103,147,2,149,252
09/06/2022,HHR,CA,AWP,WE,Federal Contract Tower,0,8,11,0,19,0,1,66,0,67,0,9,77,0,86,174,0,174,260
09/07/2022,HHR,CA,AWP,WE,Federal Contract Tower,0,12,12,0,24,0,2,70,2,74,0,14,82,2,98,168,0,168,266
09/08/2022,HHR,CA,AWP,WE,Federal Contract Tower,0,11,29,0,40,0,0,76,0,76,0,11,105,0,116,54,0,54,170
09/09/2022,HHR,CA,AWP,WE,Federal Contract Tower,0,10,9,2,21,0,7,44,0,51,0,17,53,2,72,48,0,48,120
09/10/2022,HHR,CA,AWP,WE,Federal Contract Tower,0,7,7,0,14,0,2,28,0,30,0,9,35,0,44,66,0,66,110
09/11/2022,HHR,CA,AWP,WE,Federal Contract Tower,0,12,56,0,68,0,0,49,0,49,0,12,105,0,117,24,0,24,141
09/12/2022,HHR,CA,AWP,WE,Federal Contract Tower,0,9,15,0,24,0,0,33,0,33,0,9,48,0,57,60,0,60,117
09/13/2022,HHR,CA,AWP,WE,Federal Contract Tower,0,10,13,0,23,0,1,66,0,67,0,11,79,0,90,92,0,92,182
09/14/2022,HHR,CA,AWP,WE,Federal Contract Tower,0,8,12,0,20,0,5,42,0,47,0,13,54,0,67,128,0,128,195
09/15/2022,HHR,CA,AWP,WE,Federal Contract Tower,0,8,28,0,36,0,0,46,0,46,0,8,74,0,82,52,0,52,134
09/16/2022,HHR,CA,AWP,WE,Federal Contract Tower,0,7,23,0,30,0,2,69,0,71,0,9,92,0,101,193,0,193,294
09/17/2022,HHR,CA,AWP,WE,Federal Contract Tower,0,4,29,0,33,0,0,61,0,61,0,4,90,0,94,263,0,263,357
09/18/2022,HHR,CA,AWP,WE,Federal Contract Tower,0,9,21,0,30,0,0,62,0,62,0,9,83,0,92,62,0,62,154
09/19/2022,HHR,CA,AWP,WE,Federal Contract Tower,0,13,24,0,37,0,1,45,0,46,0,14,69,0,83,76,0,76,159
09/20/2022,HHR,CA,AWP,WE,Federal Contract Tower,0,10,18,0,28,0,2,62,0,64,0,12,80,0,92,85,0,85,177
09/21/2022,HHR,CA,AWP,WE,Federal Contract Tower,0,12,13,0,25,0,0,70,0,70,0,12,83,0,95,72,0,72,167
09/22/2022,HHR,CA,AWP,WE,Federal Contract Tower,0,10,25,0,35,0,0,96,0,96,0,10,121,0,131,56,0,56,187
09/23/2022,HHR,CA,AWP,WE,Federal Contract Tower,0,19,11,0,30,0,0,118,0,118,0,19,129,0,148,98,0,98,246
09/24/2022,HHR,CA,AWP,WE,Federal Contract Tower,0,8,16,0,24,0,0,81,0,81,0,8,97,0,105,127,0,127,232
09/25/2022,HHR,CA,AWP,WE,Federal Contract Tower,0,9,11,0,20,0,2,45,0,47,0,11,56,0,67,0,0,0,67
09/26/2022,HHR,CA,AWP,WE,Federal Contract Tower,0,8,15,0,23,0,0,75,0,75,0,8,90,0,98,77,0,77,175
09/27/2022,HHR,CA,AWP,WE,Federal Contract Tower,0,7,20,0,27,0,0,86,0,86,0,7,106,0,113,152,0,152,265
09/28/2022,HHR,CA,AWP,WE,Federal Contract Tower,0,21,20,0,41,0,0,59,0,59,0,21,79,0,100,93,0,93,193
09/29/2022,HHR,CA,AWP,WE,Federal Contract Tower,0,11,21,0,32,0,0,73,0,73,0,11,94,0,105,66,0,66,171
09/30/2022,HHR,CA,AWP,WE,Federal Contract Tower,0,17,29,0,46,0,0,52,0,52,0,17,81,0,98,67,0,67,165
10/01/2022,HHR,CA,AWP,WE,Federal Contract Tower,0,5,17,0,22,0,1,55,1,57,0,6,72,1,79,110,1,111,190
10/02/2022,HHR,CA,AWP,WE,Federal Contract Tower,0,9,20,0,29,0,1,36,0,37,0,10,56,0,66,116,0,116,182
10/03/2022,HHR,CA,AWP,WE,Federal Contract Tower,0,12,9,0,21,0,0,58,0,58,0,12,67,0,79,69,0,69,148
10/04/2022,HHR,CA,AWP,WE,Federal Contract Tower,0,12,16,0,28,0,1,85,0,86,0,13,101,0,114,119,0,119,233
10/05/2022,HHR,CA,AWP,WE,Federal Contract Tower,0,15,20,0,35,0,1,72,0,73,0,16,92,0,108,165,0,165,273
10/06/2022,HHR,CA,AWP,WE,Federal Contract Tower,0,9,30,0,39,0,0,34,0,34,0,9,64,0,73,22,0,22,95
10/07/2022,HHR,CA,AWP,WE,Federal Contract Tower,0,8,32,0,40,0,0,39,0,39,0,8,71,0,79,78,0,78,157
10/08/2022,HHR,CA,AWP,WE,Federal Contract Tower,0,6,17,0,23,0,0,46,0,46,0,6,63,0,69,80,0,80,149
10/09/2022,HHR,CA,AWP,WE,Federal Contract Tower,0,20,28,0,48,0,0,45,0,45,0,20,73,0,93,12,0,12,105
10/10/2022,HHR,CA,AWP,WE,Federal Contract Tower,0,8,16,0,24,0,0,45,0,45,0,8,61,0,69,83,0,83,152
10/11/2022,HHR,CA,AWP,WE,Federal Contract Tower,0,9,18,0,27,0,0,51,0,51,0,9,69,0,78,86,0,86,164
10/12/2022,HHR,CA,AWP,WE,Federal Contract Tower,0,13,18,0,31,0,0,24,0,24,0,13,42,0,55,18,0,18,73
10/13/2022,HHR,CA,AWP,WE,Federal Contract Tower,0,0,0,0,0,0,0,0,4,4,0,0,0,4,4,0,0,0,4
10/14/2022,HHR,CA,AWP,WE,Federal Contract Tower,0,7,16,1,24,0,0,9,2,11,0,7,25,3,35,0,2,2,37
10/15/2022,HHR,CA,AWP,WE,Federal Contract Tower,0,2,11,0,13,0,0,25,0,25,0,2,36,0,38,14,0,14,52
10/16/2022,HHR,CA,AWP,WE,Federal Contract Tower,0,18,29,0,47,0,0,64,0,64,0,18,93,0,111,58,0,58,169
10/17/2022,HHR,CA,AWP,WE,Federal Contract Tower,0,10,34,0,44,0,0,91,0,91,0,10,125,0,135,96,0,96,231
10/18/2022,HHR,CA,AWP,WE,Federal Contract Tower,0,7,28,0,35,0,0,79,0,79,0,7,107,0,114,133,0,133,247
10/19/2022,HHR,CA,AWP,WE,Federal Contract Tower,0,9,26,0,35,0,0,89,0,89,0,9,115,0,124,90,0,90,214
10/20/2022,HHR,CA,AWP,WE,Federal Contract Tower,0,6,24,0,30,0,1,78,0,79,0,7,102,0,109,100,0,100,209
10/21/2022,HHR,CA,AWP,WE,Federal Contract Tower,0,10,27,0,37,0,0,83,0,83,0,10,110,0,120,112,0,112,232
10/22/2022,HHR,CA,AWP,WE,Federal Contract Tower,0,2,11,0,13,0,0,48,0,48,0,2,59,0,61,246,0,246,307
10/23/2022,HHR,CA,AWP,WE,Federal Contract Tower,0,12,38,0,50,0,0,85,0,85,0,12,123,0,135,58,0,58,193
10/24/2022,HHR,CA,AWP,WE,Federal Contract Tower,0,9,25,0,34,0,0,63,0,63,0,9,88,0,97,107,0,107,204
10/25/2022,HHR,CA,AWP,WE,Federal Contract Tower,0,7,15,0,22,0,1,76,0,77,0,8,91,0,99,114,0,114,213
10/26/2022,HHR,CA,AWP,WE,Federal Contract Tower,0,5,23,0,28,0,0,77,0,77,0,5,100,0,105,125,0,125,230
10/27/2022,HHR,CA,AWP,WE,Federal Contract Tower,0,12,26,0,38,0,0,70,0,70,0,12,96,0,108,64,0,64,172
10/28/2022,HHR,CA,AWP,WE,Federal Contract Tower,0,13,18,0,31,0,0,66,0,66,0,13,84,0,97,189,0,189,286
10/29/2022,HHR,CA,AWP,WE,Federal Contract Tower,0,4,18,0,22,0,1,70,0,71,0,5,88,0,93,120,0,120,213
10/30/2022,HHR,CA,AWP,WE,Federal Contract Tower,0,6,42,0,48,0,0,40,0,40,0,6,82,0,88,18,0,18,106
10/31/2022,HHR,CA,AWP,WE,Federal Contract Tower,0,8,18,0,26,0,0,45,0,45,0,8,63,0,71,76,0,76,147
11/01/2022,HHR,CA,AWP,WE,Federal Contract Tower,0,8,18,0,26,0,0,38,0,38,0,8,56,0,64,50,0,50,114
11/02/2022,HHR,CA,AWP,WE,Federal Contract Tower,0,9,17,0,26,0,0,25,0,25,0,9,42,0,51,84,0,84,135
11/03/2022,HHR,CA,AWP,WE,Federal Contract Tower,0,10,18,0,28,0,1,43,0,44,0,11,61,0,72,67,0,67,139
11/04/2022,HHR,CA,AWP,WE,Federal Contract Tower,0,13,26,0,39,0,0,67,1,68,0,13,93,1,107,105,0,105,212
11/05/2022,HHR,CA,AWP,WE,Federal Contract Tower,0,4,15,0,19,0,1,81,0,82,0,5,96,0,101,210,0,210,311
11/06/2022,HHR,CA,AWP,WE,Federal Contract Tower,0,9,26,0,35,0,0,79,0,79,0,9,105,0,114,95,0,95,209
11/07/2022,HHR,CA,AWP,WE,Federal Contract Tower,0,9,11,0,20,0,0,17,0,17,0,9,28,0,37,4,0,4,41
11/08/2022,HHR,CA,AWP,WE,Federal Contract Tower,0,8,9,0,17,0,0,3,0,3,0,8,12,0,20,2,0,2,22
11/09/2022,HHR,CA,AWP,WE,Federal Contract Tower,0,10,16,0,26,0,0,50,0,50,0,10,66,0,76,0,0,0,76
11/10/2022,HHR,CA,AWP,WE,Federal Contract Tower,0,8,14,0,22,0,0,68,0,68,0,8,82,0,90,179,0,179,269
11/11/2022,HHR,CA,AWP,WE,Federal Contract Tower,0,9,13,0,22,0,0,68,0,68,0,9,81,0,90,226,0,226,316
11/12/2022,HHR,CA,AWP,WE,Federal Contract Tower,0,2,15,0,17,0,0,116,0,116,0,2,131,0,133,122,0,122,255
11/13/2022,HHR,CA,AWP,WE,Federal Contract Tower,0,19,19,0,38,0,0,59,0,59,0,19,78,0,97,10,0,10,107
11/14/2022,HHR,CA,AWP,WE,Federal Contract Tower,0,13,20,0,33,0,2,79,0,81,0,15,99,0,114,0,0,0,114
11/15/2022,HHR,CA,AWP,WE,Federal Contract Tower,0,15,21,0,36,0,2,86,0,88,0,17,107,0,124,141,0,141,265
11/16/2022,HHR,CA,AWP,WE,Federal Contract Tower,0,12,11,0,23,0,0,59,0,59,0,12,70,0,82,146,0,146,228
11/17/2022,HHR,CA,AWP,WE,Federal Contract Tower,0,12,15,0,27,0,0,78,0,78,0,12,93,0,105,110,0,110,215
11/18/2022,HHR,CA,AWP,WE,Federal Contract Tower,0,11,11,0,22,0,0,100,0,100,0,11,111,0,122,164,0,164,286
11/19/2022,HHR,CA,AWP,WE,Federal Contract Tower,0,5,11,0,16,0,0,80,0,80,0,5,91,0,96,130,0,130,226
11/20/2022,HHR,CA,AWP,WE,Federal Contract Tower,0,8,17,0,25,0,0,72,0,72,0,8,89,0,97,0,0,0,97
11/21/2022,HHR,CA,AWP,WE,Federal Contract Tower,0,15,22,0,37,0,0,60,0,60,0,15,82,0,97,42,0,42,139
11/22/2022,HHR,CA,AWP,WE,Federal Contract Tower,0,10,16,0,26,0,0,73,0,73,0,10,89,0,99,70,0,70,169
11/23/2022,HHR,CA,AWP,WE,Federal Contract Tower,0,9,14,0,23,0,0,73,0,73,0,9,87,0,96,124,0,124,220
11/24/2022,HHR,CA,AWP,WE,Federal Contract Tower,0,4,5,0,9,0,0,15,0,15,0,4,20,0,24,58,0,58,82
11/25/2022,HHR,CA,AWP,WE,Federal Contract Tower,0,12,14,0,26,0,0,78,0,78,0,12,92,0,104,36,0,36,140
11/26/2022,HHR,CA,AWP,WE,Federal Contract Tower,0,14,12,0,26,0,0,51,0,51,0,14,63,0,77,86,0,86,163
11/27/2022,HHR,CA,AWP,WE,Federal Contract Tower,0,17,23,0,40,0,0,75,0,75,0,17,98,0,115,88,0,88,203
11/28/2022,HHR,CA,AWP,WE,Federal Contract Tower,0,11,18,0,29,0,0,43,0,43,0,11,61,0,72,20,0,20,92
11/29/2022,HHR,CA,AWP,WE,Federal Contract Tower,0,6,21,0,27,0,3,73,0,76,0,9,94,0,103,80,0,80,183
11/30/2022,HHR,CA,AWP,WE,Federal Contract Tower,0,13,24,0,37,0,0,46,0,46,0,13,70,0,83,100,0,100,183
12/01/2022,HHR,CA,AWP,WE,Federal Contract Tower,0,13,25,0,38,0,0,37,0,37,0,13,62,0,75,42,0,42,117
12/02/2022,HHR,CA,AWP,WE,Federal Contract Tower,0,11,21,0,32,0,1,6,0,7,0,12,27,0,39,0,0,0,39
12/03/2022,HHR,CA,AWP,WE,Federal Contract Tower,0,5,15,0,20,0,0,82,0,82,0,5,97,0,102,142,0,142,244
12/04/2022,HHR,CA,AWP,WE,Federal Contract Tower,0,10,21,0,31,0,0,5,0,5,0,10,26,0,36,6,0,6,42
12/05/2022,HHR,CA,AWP,WE,Federal Contract Tower,0,13,24,0,37,0,0,55,0,55,0,13,79,0,92,135,0,135,227
12/06/2022,HHR,CA,AWP,WE,Federal Contract Tower,0,8,26,0,34,0,0,76,0,76,0,8,102,0,110,170,0,170,280
12/07/2022,HHR,CA,AWP,WE,Federal Contract Tower,0,9,14,0,23,0,0,97,0,97,0,9,111,0,120,180,0,180,300
12/08/2022,HHR,CA,AWP,WE,Federal Contract Tower,0,22,27,0,49,0,0,62,0,62,0,22,89,0,111,104,0,104,215
12/09/2022,HHR,CA,AWP,WE,Federal Contract Tower,0,15,15,0,30,0,0,74,0,74,0,15,89,0,104,146,0,146,250
12/10/2022,HHR,CA,AWP,WE,Federal Contract Tower,0,2,4,0,6,0,0,53,0,53,0,2,57,0,59,186,0,186,245
12/11/2022,HHR,CA,AWP,WE,Federal Contract Tower,0,3,16,0,19,0,1,17,0,18,0,4,33,0,37,0,0,0,37
12/12/2022,HHR,CA,AWP,WE,Federal Contract Tower,0,9,16,0,25,0,0,24,0,24,0,9,40,0,49,30,0,30,79
12/13/2022,HHR,CA,AWP,WE,Federal Contract Tower,0,6,23,0,29,0,1,79,0,80,0,7,102,0,109,92,0,92,201
12/14/2022,HHR,CA,AWP,WE,Federal Contract Tower,0,2,19,0,21,0,0,19,1,20,0,2,38,1,41,142,0,142,183
12/15/2022,HHR,CA,AWP,WE,Federal Contract Tower,0,5,18,0,23,0,1,49,0,50,0,6,67,0,73,118,0,118,191
12/16/2022,HHR,CA,AWP,WE,Federal Contract Tower,0,9,23,0,32,0,0,68,0,68,0,9,91,0,100,68,0,68,168
12/17/2022,HHR,CA,AWP,WE,Federal Contract Tower,0,8,27,0,35,0,2,62,1,65,0,10,89,1,100,12,0,12,112
12/18/2022,HHR,CA,AWP,WE,Federal Contract Tower,0,15,36,0,51,0,0,87,0,87,0,15,123,0,138,12,0,12,150
12/19/2022,HHR,CA,AWP,WE,Federal Contract Tower,0,12,19,1,32,0,0,64,0,64,0,12,83,1,96,64,0,64,160
12/20/2022,HHR,CA,AWP,WE,Federal Contract Tower,0,8,16,0,24,0,0,65,0,65,0,8,81,0,89,35,0,35,124
12/21/2022,HHR,CA,AWP,WE,Federal Contract Tower,0,3,5,0,8,0,0,52,0,52,0,3,57,0,60,68,0,68,128
12/22/2022,HHR,CA,AWP,WE,Federal Contract Tower,0,11,25,0,36,0,0,71,0,71,0,11,96,0,107,28,0,28,135
12/23/2022,HHR,CA,AWP,WE,Federal Contract Tower,0,11,22,0,33,0,1,51,1,53,0,12,73,1,86,82,0,82,168
12/24/2022,HHR,CA,AWP,WE,Federal Contract Tower,0,13,11,0,24,0,0,26,0,26,0,13,37,0,50,34,0,34,84
12/25/2022,HHR,CA,AWP,WE,Federal Contract Tower,0,1,7,0,8,0,0,16,0,16,0,1,23,0,24,0,0,0,24
12/26/2022,HHR,CA,AWP,WE,Federal Contract Tower,0,14,24,0,38,0,0,56,0,56,0,14,80,0,94,46,0,46,140
12/27/2022,HHR,CA,AWP,WE,Federal Contract Tower,0,8,5,0,13,0,2,13,6,21,0,10,18,6,34,14,0,14,48
12/28/2022,HHR,CA,AWP,WE,Federal Contract Tower,0,14,13,0,27,0,0,22,0,22,0,14,35,0,49,0,0,0,49
12/29/2022,HHR,CA,AWP,WE,Federal Contract Tower,0,14,17,0,31,0,0,25,0,25,0,14,42,0,56,4,0,4,60
12/30/2022,HHR,CA,AWP,WE,Federal Contract Tower,0,11,22,0,33,0,0,10,0,10,0,11,32,0,43,0,0,0,43
12/31/2022,HHR,CA,AWP,WE,Federal Contract Tower,0,1,7,0,8,0,0,0,0,0,0,1,7,0,8,0,0,0,8
01/01/2023,HHR,CA,AWP,WE,Federal Contract Tower,0,9,21,0,30,0,0,15,0,15,0,9,36,0,45,0,0,0,45
01/02/2023,HHR,CA,AWP,WE,Federal Contract Tower,0,11,22,0,33,0,0,58,0,58,0,11,80,0,91,110,0,110,201
01/03/2023,HHR,CA,AWP,WE,Federal Contract Tower,0,1,4,0,5,0,0,0,0,0,0,1,4,0,5,0,0,0,5
01/04/2023,HHR,CA,AWP,WE,Federal Contract Tower,0,3,8,0,11,0,0,1,0,1,0,3,9,0,12,0,0,0,12
01/05/2023,HHR,CA,AWP,WE,Federal Contract Tower,0,10,11,0,21,0,0,10,0,10,0,10,21,0,31,28,0,28,59
01/06/2023,HHR,CA,AWP,WE,Federal Contract Tower,0,11,16,0,27,0,1,80,0,81,0,12,96,0,108,158,0,158,266
01/07/2023,HHR,CA,AWP,WE,Federal Contract Tower,0,3,18,0,21,0,0,103,0,103,0,3,121,0,124,68,0,68,192
01/08/2023,HHR,CA,AWP,WE,Federal Contract Tower,0,13,22,0,35,0,0,36,0,36,0,13,58,0,71,0,0,0,71
01/09/2023,HHR,CA,AWP,WE,Federal Contract Tower,0,2,4,0,6,0,0,3,0,3,0,2,7,0,9,0,0,0,9
01/10/2023,HHR,CA,AWP,WE,Federal Contract Tower,0,4,18,0,22,0,0,1,0,1,0,4,19,0,23,0,0,0,23
01/11/2023,HHR,CA,AWP,WE,Federal Contract Tower,0,10,13,0,23,0,0,36,0,36,0,10,49,0,59,92,0,92,151
01/12/2023,HHR,CA,AWP,WE,Federal Contract Tower,0,9,17,0,26,0,0,61,0,61,0,9,78,0,87,108,0,108,195
01/13/2023,HHR,CA,AWP,WE,Federal Contract Tower,0,10,14,0,24,0,0,85,0,85,0,10,99,0,109,40,0,40,149
01/14/2023,HHR,CA,AWP,WE,Federal Contract Tower,0,3,7,0,10,0,0,2,0,2,0,3,9,0,12,6,0,6,18
01/15/2023,HHR,CA,AWP,WE,Federal Contract Tower,0,6,8,0,14,0,0,30,0,30,0,6,38,0,44,80,0,80,124
01/16/2023,HHR,CA,AWP,WE,Federal Contract Tower,0,9,5,0,14,0,0,5,0,5,0,9,10,0,19,20,0,20,39
01/17/2023,HHR,CA,AWP,WE,Federal Contract Tower,0,12,14,0,26,0,0,77,0,77,0,12,91,0,103,114,0,114,217
01/18/2023,HHR,CA,AWP,WE,Federal Contract Tower,0,16,10,0,26,0,0,85,0,85,0,16,95,0,111,140,0,140,251
01/19/2023,HHR,CA,AWP,WE,Federal Contract Tower,0,11,26,0,37,0,0,36,0,36,0,11,62,0,73,72,0,72,145
01/21/2023,HHR,CA,AWP,WE,Federal Contract Tower,0,10,6,0,16,0,0,58,0,58,0,10,64,0,74,132,0,132,206
01/22/2023,HHR,CA,AWP,WE,Federal Contract Tower,0,14,14,0,28,0,1,73,0,74,0,15,87,0,102,0,0,0,102
01/23/2023,HHR,CA,AWP,WE,Federal Contract Tower,0,14,22,0,36,0,0,49,0,49,0,14,71,0,85,82,0,82,167
01/24/2023,HHR,CA,AWP,WE,Federal Contract Tower,0,7,12,0,19,0,0,67,0,67,0,7,79,0,86,113,0,113,199
01/25/2023,HHR,CA,AWP,WE,Federal Contract Tower,0,9,10,0,19,0,0,72,0,72,0,9,82,0,91,86,0,86,177
01/26/2023,HHR,CA,AWP,WE,Federal Contract Tower,0,9,14,0,23,0,2,57,0,59,0,11,71,0,82,41,0,41,123
01/27/2023,HHR,CA,AWP,WE,Federal Contract Tower,0,11,17,0,28,0,2,52,0,54,0,13,69,0,82,89,0,89,171
01/28/2023,HHR,CA,AWP,WE,Federal Contract Tower,0,5,22,0,27,0,0,62,0,62,0,5,84,0,89,138,0,138,227
01/29/2023,HHR,CA,AWP,WE,Federal Contract Tower,0,9,19,0,28,0,1,27,0,28,0,10,46,0,56,0,0,0,56
01/30/2023,HHR,CA,AWP,WE,Federal Contract Tower,0,5,11,0,16,0,0,31,0,31,0,5,42,0,47,19,0,19,66
01/31/2023,HHR,CA,AWP,WE,Federal Contract Tower,0,2,9,0,11,0,0,73,0,73,0,2,82,0,84,121,0,121,205
02/01/2023,HHR,CA,AWP,WE,Federal Contract Tower,0,7,14,0,21,0,0,49,0,49,0,7,63,0,70,50,0,50,120
02/02/2023,HHR,CA,AWP,WE,Federal Contract Tower,0,13,15,0,28,0,0,81,0,81,0,13,96,0,109,202,0,202,311
02/03/2023,HHR,CA,AWP,WE,Federal Contract Tower,0,16,12,0,28,0,4,94,0,98,0,20,106,0,126,117,0,117,243
02/04/2023,HHR,CA,AWP,WE,Federal Contract Tower,0,2,12,0,14,0,1,111,0,112,0,3,123,0,126,170,0,170,296
02/05/2023,HHR,CA,AWP,WE,Federal Contract Tower,0,14,10,0,24,0,0,39,0,39,0,14,49,0,63,0,0,0,63
02/06/2023,HHR,CA,AWP,WE,Federal Contract Tower,0,10,20,0,30,0,0,67,0,67,0,10,87,0,97,68,0,68,165
02/07/2023,HHR,CA,AWP,WE,Federal Contract Tower,0,10,18,0,28,0,0,94,0,94,0,10,112,0,122,89,0,89,211
02/08/2023,HHR,CA,AWP,WE,Federal Contract Tower,0,10,11,0,21,0,2,72,0,74,0,12,83,0,95,45,0,45,140
02/09/2023,HHR,CA,AWP,WE,Federal Contract Tower,0,11,12,0,23,0,0,74,0,74,0,11,86,0,97,128,0,128,225
02/10/2023,HHR,CA,AWP,WE,Federal Contract Tower,0,12,12,0,24,0,0,74,0,74,0,12,86,0,98,104,0,104,202
02/11/2023,HHR,CA,AWP,WE,Federal Contract Tower,0,5,15,0,20,0,0,77,0,77,0,5,92,0,97,66,0,66,163
02/12/2023,HHR,CA,AWP,WE,Federal Contract Tower,0,8,14,0,22,0,3,55,0,58,0,11,69,0,80,2,0,2,82
02/13/2023,HHR,CA,AWP,WE,Federal Contract Tower,0,11,19,0,30,0,0,87,0,87,0,11,106,0,117,154,0,154,271
02/14/2023,HHR,CA,AWP,WE,Federal Contract Tower,0,7,10,0,17,0,2,72,0,74,0,9,82,0,91,101,0,101,192
02/15/2023,HHR,CA,AWP,WE,Federal Contract Tower,0,19,22,0,41,0,0,58,0,58,0,19,80,0,99,125,0,125,224
02/16/2023,HHR,CA,AWP,WE,Federal Contract Tower,0,14,16,0,30,0,0,62,0,62,0,14,78,0,92,120,0,120,212
02/17/2023,HHR,CA,AWP,WE,Federal Contract Tower,0,19,18,0,37,0,2,78,0,80,0,21,96,0,117,155,0,155,272
02/18/2023,HHR,CA,AWP,WE,Federal Contract Tower,0,4,10,0,14,0,0,125,0,125,0,4,135,0,139,30,0,30,169
02/19/2023,HHR,CA,AWP,WE,Federal Contract Tower,0,3,11,0,14,0,0,74,0,74,0,3,85,0,88,82,0,82,170
02/20/2023,HHR,CA,AWP,WE,Federal Contract Tower,0,18,24,0,42,0,0,87,0,87,0,18,111,0,129,209,0,209,338
02/21/2023,HHR,CA,AWP,WE,Federal Contract Tower,0,6,13,0,19,0,0,47,0,47,0,6,60,0,66,53,0,53,119
02/22/2023,HHR,CA,AWP,WE,Federal Contract Tower,0,10,9,0,19,0,0,14,0,14,0,10,23,0,33,2,0,2,35
02/23/2023,HHR,CA,AWP,WE,Federal Contract Tower,0,7,14,0,21,0,0,15,0,15,0,7,29,0,36,62,0,62,98
02/24/2023,HHR,CA,AWP,WE,Federal Contract Tower,0,2,2,0,4,0,0,1,0,1,0,2,3,0,5,0,0,0,5
02/25/2023,HHR,CA,AWP,WE,Federal Contract Tower,0,0,2,0,2,0,1,3,0,4,0,1,5,0,6,0,0,0,6
02/26/2023,HHR,CA,AWP,WE,Federal Contract Tower,0,9,15,1,25,0,0,65,0,65,0,9,80,1,90,0,0,0,90
02/27/2023,HHR,CA,AWP,WE,Federal Contract Tower,0,7,10,0,17,0,0,5,0,5,0,7,15,0,22,0,0,0,22
02/28/2023,HHR,CA,AWP,WE,Federal Contract Tower,0,7,13,0,20,0,1,66,0,67,0,8,79,0,87,85,0,85,172
03/01/2023,HHR,CA,AWP,WE,Federal Contract Tower,0,11,10,0,21,0,0,15,0,15,0,11,25,0,36,2,0,2,38
03/02/2023,HHR,CA,AWP,WE,Federal Contract Tower,0,22,17,0,39,0,0,73,0,73,0,22,90,0,112,153,0,153,265
03/03/2023,HHR,CA,AWP,WE,Federal Contract Tower,0,13,17,0,30,0,0,73,0,73,0,13,90,0,103,101,0,101,204
03/04/2023,HHR,CA,AWP,WE,Federal Contract Tower,0,4,15,0,19,0,0,37,0,37,0,4,52,0,56,0,0,0,56
03/05/2023,HHR,CA,AWP,WE,Federal Contract Tower,0,14,16,0,30,0,0,28,0,28,0,14,44,0,58,0,0,0,58
03/06/2023,HHR,CA,AWP,WE,Federal Contract Tower,0,11,18,0,29,0,0,52,0,52,0,11,70,0,81,0,0,0,81
03/07/2023,HHR,CA,AWP,WE,Federal Contract Tower,0,5,14,0,19,0,0,77,0,77,0,5,91,0,96,62,0,62,158
03/08/2023,HHR,CA,AWP,WE,Federal Contract Tower,0,23,25,0,48,0,2,70,0,72,0,25,95,0,120,38,0,38,158
03/09/2023,HHR,CA,AWP,WE,Federal Contract Tower,0,13,23,0,36,0,0,92,0,92,0,13,115,0,128,60,0,60,188
03/10/2023,HHR,CA,AWP,WE,Federal Contract Tower,0,7,1,0,8,0,0,0,0,0,0,7,1,0,8,0,0,0,8
03/11/2023,HHR,CA,AWP,WE,Federal Contract Tower,0,3,9,0,12,0,0,0,0,0,0,3,9,0,12,0,0,0,12
03/12/2023,HHR,CA,AWP,WE,Federal Contract Tower,0,8,19,0,27,0,0,0,0,0,0,8,19,0,27,0,0,0,27
03/13/2023,HHR,CA,AWP,WE,Federal Contract Tower,0,10,16,0,26,0,0,8,0,8,0,10,24,0,34,0,0,0,34
03/14/2023,HHR,CA,AWP,WE,Federal Contract Tower,0,3,3,0,6,0,0,0,0,0,0,3,3,0,6,0,0,0,6
03/15/2023,HHR,CA,AWP,WE,Federal Contract Tower,0,8,10,0,18,1,0,7,0,8,1,8,17,0,26,10,0,10,36
03/16/2023,HHR,CA,AWP,WE,Federal Contract Tower,0,15,16,0,31,0,1,64,0,65,0,16,80,0,96,141,0,141,237
03/17/2023,HHR,CA,AWP,WE,Federal Contract Tower,0,16,17,0,33,0,0,103,0,103,0,16,120,0,136,108,0,108,244
03/18/2023,HHR,CA,AWP,WE,Federal Contract Tower,0,3,10,0,13,0,0,103,0,103,0,3,113,0,116,0,0,0,116
03/19/2023,HHR,CA,AWP,WE,Federal Contract Tower,0,7,18,0,25,0,0,43,0,43,0,7,61,0,68,50,0,50,118
03/20/2023,HHR,CA,AWP,WE,Federal Contract Tower,0,4,16,0,20,0,0,6,0,6,0,4,22,0,26,26,0,26,52
03/21/2023,HHR,CA,AWP,WE,Federal Contract Tower,0,1,4,0,5,1,0,0,0,1,1,1,4,0,6,0,0,0,6
03/22/2023,HHR,CA,AWP,WE,Federal Contract Tower,0,9,11,0,20,0,0,15,0,15,0,9,26,0,35,18,0,18,53
03/23/2023,HHR,CA,AWP,WE,Federal Contract Tower,0,16,30,0,46,0,3,79,0,82,0,19,109,0,128,88,0,88,216
03/24/2023,HHR,CA,AWP,WE,Federal Contract Tower,0,15,21,0,36,0,0,83,0,83,0,15,104,0,119,25,0,25,144
03/25/2023,HHR,CA,AWP,WE,Federal Contract Tower,0,9,16,0,25,0,0,89,0,89,0,9,105,0,114,0,0,0,114
03/26/2023,HHR,CA,AWP,WE,Federal Contract Tower,0,12,18,0,30,0,0,86,0,86,0,12,104,0,116,4,0,4,120
03/27/2023,HHR,CA,AWP,WE,Federal Contract Tower,0,14,20,0,34,0,0,91,0,91,0,14,111,0,125,68,0,68,193
03/28/2023,HHR,CA,AWP,WE,Federal Contract Tower,0,10,13,0,23,0,1,93,0,94,0,11,106,0,117,151,0,151,268
03/29/2023,HHR,CA,AWP,WE,Federal Contract Tower,0,14,8,0,22,0,0,10,0,10,0,14,18,0,32,30,0,30,62
03/30/2023,HHR,CA,AWP,WE,Federal Contract Tower,0,7,12,0,19,0,0,30,0,30,0,7,42,0,49,47,0,47,96
03/31/2023,HHR,CA,AWP,WE,Federal Contract Tower,0,18,21,0,39,0,0,96,0,96,0,18,117,0,135,26,0,26,161
04/01/2023,HHR,CA,AWP,WE,Federal Contract Tower,0,18,13,0,31,0,4,78,0,82,0,22,91,0,113,2,0,2,115
04/02/2023,HHR,CA,AWP,WE,Federal Contract Tower,0,12,10,0,22,0,0,89,0,89,0,12,99,0,111,0,0,0,111
04/03/2023,HHR,CA,AWP,WE,Federal Contract Tower,0,14,15,0,29,0,0,32,0,32,0,14,47,0,61,0,0,0,61
04/04/2023,HHR,CA,AWP,WE,Federal Contract Tower,0,16,15,0,31,0,0,47,0,47,0,16,62,0,78,8,0,8,86
04/06/2023,HHR,CA,AWP,WE,Federal Contract Tower,0,15,10,0,25,0,0,70,0,70,0,15,80,0,95,97,0,97,192
04/09/2023,HHR,CA,AWP,WE,Federal Contract Tower,0,12,15,0,27,0,0,15,0,15,0,12,30,0,42,0,0,0,42
04/10/2023,HHR,CA,AWP,WE,Federal Contract Tower,0,10,6,0,16,0,0,23,0,23,0,10,29,0,39,0,0,0,39
04/11/2023,HHR,CA,AWP,WE,Federal Contract Tower,0,3,10,0,13,0,0,5,0,5,0,3,15,0,18,7,0,7,25
04/12/2023,HHR,CA,AWP,WE,Federal Contract Tower,0,18,14,0,32,0,0,1,0,1,0,18,15,0,33,0,0,0,33
04/13/2023,HHR,CA,AWP,WE,Federal Contract Tower,0,16,27,0,43,0,0,33,0,33,0,16,60,0,76,129,0,129,205
04/14/2023,HHR,CA,AWP,WE,Federal Contract Tower,0,15,17,0,32,0,0,53,1,54,0,15,70,1,86,77,0,77,163
04/15/2023,HHR,CA,AWP,WE,Federal Contract Tower,0,7,17,0,24,0,0,69,0,69,0,7,86,0,93,0,0,0,93
04/16/2023,HHR,CA,AWP,WE,Federal Contract Tower,0,12,34,0,46,0,0,51,0,51,0,12,85,0,97,42,0,42,139
04/17/2023,HHR,CA,AWP,WE,Federal Contract Tower,0,12,15,0,27,0,0,27,0,27,0,12,42,0,54,30,0,30,84
04/18/2023,HHR,CA,AWP,WE,Federal Contract Tower,0,15,17,0,32,0,1,55,0,56,0,16,72,0,88,168,0,168,256
04/19/2023,HHR,CA,AWP,WE,Federal Contract Tower,0,6,21,0,27,0,0,83,0,83,0,6,104,0,110,148,0,148,258
04/20/2023,HHR,CA,AWP,WE,Federal Contract Tower,0,9,10,0,19,0,0,70,0,70,0,9,80,0,89,50,0,50,139
04/21/2023,HHR,CA,AWP,WE,Federal Contract Tower,0,13,11,0,24,0,0,73,0,73,0,13,84,0,97,76,0,76,173
04/22/2023,HHR,CA,AWP,WE,Federal Contract Tower,0,5,8,0,13,0,0,88,0,88,0,5,96,0,101,182,0,182,283
04/23/2023,HHR,CA,AWP,WE,Federal Contract Tower,0,11,11,0,22,0,1,67,0,68,0,12,78,0,90,60,0,60,150
04/24/2023,HHR,CA,AWP,WE,Federal Contract Tower,0,15,24,0,39,0,1,62,0,63,0,16,86,0,102,118,0,118,220
04/25/2023,HHR,CA,AWP,WE,Federal Contract Tower,0,18,16,0,34,0,0,59,0,59,0,18,75,0,93,168,0,168,261
04/26/2023,HHR,CA,AWP,WE,Federal Contract Tower,0,14,19,0,33,0,0,36,0,36,0,14,55,0,69,26,0,26,95
04/27/2023,HHR,CA,AWP,WE,Federal Contract Tower,0,6,24,0,30,0,0,10,0,10,0,6,34,0,40,0,0,0,40
04/28/2023,HHR,CA,AWP,WE,Federal Contract Tower,0,14,11,0,25,0,0,0,0,0,0,14,11,0,25,6,0,6,31
04/29/2023,HHR,CA,AWP,WE,Federal Contract Tower,0,9,10,0,19,0,1,13,0,14,0,10,23,0,33,60,0,60,93
04/30/2023,HHR,CA,AWP,WE,Federal Contract Tower,0,8,22,0,30,0,0,3,0,3,0,8,25,0,33,0,0,0,33
05/01/2023,HHR,CA,AWP,WE,Federal Contract Tower,0,9,17,0,26,0,0,10,1,11,0,9,27,1,37,2,0,2,39
05/02/2023,HHR,CA,AWP,WE,Federal Contract Tower,0,4,7,4,15,0,1,38,0,39,0,5,45,4,54,14,0,14,68
05/03/2023,HHR,CA,AWP,WE,Federal Contract Tower,0,11,15,0,26,0,0,67,0,67,0,11,82,0,93,98,0,98,191
05/04/2023,HHR,CA,AWP,WE,Federal Contract Tower,0,11,12,0,23,0,0,44,0,44,0,11,56,0,67,56,0,56,123
05/05/2023,HHR,CA,AWP,WE,Federal Contract Tower,0,8,16,0,24,0,1,60,0,61,0,9,76,0,85,37,0,37,122
05/06/2023,HHR,CA,AWP,WE,Federal Contract Tower,0,8,12,0,20,0,0,71,0,71,0,8,83,0,91,120,0,120,211
05/07/2023,HHR,CA,AWP,WE,Federal Contract Tower,0,11,9,0,20,0,0,67,0,67,0,11,76,0,87,140,0,140,227
05/08/2023,HHR,CA,AWP,WE,Federal Contract Tower,0,18,12,0,30,0,0,68,0,68,0,18,80,0,98,90,0,90,188
05/09/2023,HHR,CA,AWP,WE,Federal Contract Tower,0,11,13,0,24,0,0,40,0,40,0,11,53,0,64,92,0,92,156
05/10/2023,HHR,CA,AWP,WE,Federal Contract Tower,0,20,15,0,35,0,1,80,0,81,0,21,95,0,116,67,0,67,183
05/11/2023,HHR,CA,AWP,WE,Federal Contract Tower,0,16,15,0,31,0,2,55,0,57,0,18,70,0,88,48,0,48,136
05/14/2023,HHR,CA,AWP,WE,Federal Contract Tower,0,12,14,0,26,0,0,25,0,25,0,12,39,0,51,46,0,46,97
05/15/2023,HHR,CA,AWP,WE,Federal Contract Tower,0,17,22,0,39,0,0,15,0,15,0,17,37,0,54,0,0,0,54
05/16/2023,HHR,CA,AWP,WE,Federal Contract Tower,0,12,21,0,33,0,0,35,0,35,0,12,56,0,68,42,0,42,110
05/17/2023,HHR,CA,AWP,WE,Federal Contract Tower,0,10,13,0,23,0,0,47,0,47,0,10,60,0,70,72,0,72,142
05/18/2023,HHR,CA,AWP,WE,Federal Contract Tower,0,12,12,0,24,0,0,17,0,17,0,12,29,0,41,0,0,0,41
05/19/2023,HHR,CA,AWP,WE,Federal Contract Tower,0,18,23,0,41,0,0,15,0,15,0,18,38,0,56,6,0,6,62
05/20/2023,HHR,CA,AWP,WE,Federal Contract Tower,0,6,14,0,20,0,0,21,0,21,0,6,35,0,41,0,0,0,41
05/21/2023,HHR,CA,AWP,WE,Federal Contract Tower,0,17,21,0,38,0,0,19,0,19,0,17,40,0,57,0,0,0,57
05/22/2023,HHR,CA,AWP,WE,Federal Contract Tower,0,13,18,0,31,0,0,3,0,3,0,13,21,0,34,0,0,0,34
05/23/2023,HHR,CA,AWP,WE,Federal Contract Tower,0,14,23,0,37,0,0,7,0,7,0,14,30,0,44,6,0,6,50
05/24/2023,HHR,CA,AWP,WE,Federal Contract Tower,0,13,19,0,32,0,0,39,0,39,0,13,58,0,71,0,0,0,71
05/25/2023,HHR,CA,AWP,WE,Federal Contract Tower,0,11,30,0,41,0,0,61,0,61,0,11,91,0,102,90,0,90,192
05/26/2023,HHR,CA,AWP,WE,Federal Contract Tower,0,19,32,0,51,0,1,98,0,99,0,20,130,0,150,88,2,90,240
05/27/2023,HHR,CA,AWP,WE,Federal Contract Tower,0,7,28,0,35,0,0,72,0,72,0,7,100,0,107,84,0,84,191
05/28/2023,HHR,CA,AWP,WE,Federal Contract Tower,0,6,21,0,27,0,0,24,0,24,0,6,45,0,51,2,0,2,53
05/29/2023,HHR,CA,AWP,WE,Federal Contract Tower,0,16,30,0,46,0,0,33,0,33,0,16,63,0,79,62,0,62,141
05/30/2023,HHR,CA,AWP,WE,Federal Contract Tower,0,17,19,0,36,0,0,50,0,50,0,17,69,0,86,12,0,12,98
05/31/2023,HHR,CA,AWP,WE,Federal Contract Tower,0,9,23,0,32,0,0,65,0,65,0,9,88,0,97,115,0,115,212
06/01/2023,HHR,CA,AWP,WE,Federal Contract Tower,0,15,9,0,24,0,0,49,0,49,0,15,58,0,73,38,0,38,111
06/02/2023,HHR,CA,AWP,WE,Federal Contract Tower,0,13,10,0,23,0,0,80,0,80,0,13,90,0,103,88,0,88,191
06/03/2023,HHR,CA,AWP,WE,Federal Contract Tower,0,6,15,0,21,0,0,78,0,78,0,6,93,0,99,0,0,0,99
06/04/2023,HHR,CA,AWP,WE,Federal Contract Tower,0,8,9,0,17,0,0,27,0,27,0,8,36,0,44,0,0,0,44
06/05/2023,HHR,CA,AWP,WE,Federal Contract Tower,0,8,15,0,23,0,0,38,0,38,0,8,53,0,61,8,0,8,69
06/06/2023,HHR,CA,AWP,WE,Federal Contract Tower,0,10,14,0,24,0,1,69,0,70,0,11,83,0,94,120,0,120,214
06/07/2023,HHR,CA,AWP,WE,Federal Contract Tower,0,11,15,0,26,0,0,51,0,51,0,11,66,0,77,36,0,36,113
06/08/2023,HHR,CA,AWP,WE,Federal Contract Tower,0,14,29,0,43,0,0,64,0,64,0,14,93,0,107,32,0,32,139
06/09/2023,HHR,CA,AWP,WE,Federal Contract Tower,0,13,17,0,30,0,0,57,2,59,0,13,74,2,89,92,0,92,181
06/10/2023,HHR,CA,AWP,WE,Federal Contract Tower,0,8,23,0,31,0,0,16,0,16,0,8,39,0,47,44,0,44,91
06/11/2023,HHR,CA,AWP,WE,Federal Contract Tower,0,13,18,0,31,0,44,0,0,44,0,57,18,0,75,0,0,0,75
06/12/2023,HHR,CA,AWP,WE,Federal Contract Tower,0,23,22,0,45,0,0,97,0,97,0,23,119,0,142,6,0,6,148
06/13/2023,HHR,CA,AWP,WE,Federal Contract Tower,0,10,7,0,17,0,1,65,0,66,0,11,72,0,83,126,0,126,209
06/14/2023,HHR,CA,AWP,WE,Federal Contract Tower,0,17,16,0,33,0,3,9,0,12,0,20,25,0,45,0,0,0,45
06/15/2023,HHR,CA,AWP,WE,Federal Contract Tower,0,12,28,0,40,0,0,24,0,24,0,12,52,0,64,16,0,16,80
06/16/2023,HHR,CA,AWP,WE,Federal Contract Tower,0,13,21,0,34,0,0,48,0,48,0,13,69,0,82,2,0,2,84
06/17/2023,HHR,CA,AWP,WE,Federal Contract Tower,0,7,13,0,20,0,0,49,0,49,0,7,62,0,69,14,0,14,83
06/18/2023,HHR,CA,AWP,WE,Federal Contract Tower,0,19,23,0,42,0,0,73,0,73,0,19,96,0,115,0,0,0,115
06/19/2023,HHR,CA,AWP,WE,Federal Contract Tower,0,11,20,0,31,0,0,41,0,41,0,11,61,0,72,2,0,2,74
06/20/2023,HHR,CA,AWP,WE,Federal Contract Tower,0,12,12,0,24,0,2,75,0,77,0,14,87,0,101,6,0,6,107
06/21/2023,HHR,CA,AWP,WE,Federal Contract Tower,0,16,19,0,35,0,1,72,0,73,0,17,91,0,108,66,0,66,174
06/22/2023,HHR,CA,AWP,WE,Federal Contract Tower,0,12,16,0,28,0,0,57,0,57,0,12,73,0,85,12,0,12,97
06/23/2023,HHR,CA,AWP,WE,Federal Contract Tower,0,13,21,0,34,0,0,118,0,118,0,13,139,0,152,86,0,86,238
06/24/2023,HHR,CA,AWP,WE,Federal Contract Tower,0,8,18,0,26,1,71,0,0,72,1,79,18,0,98,0,0,0,98
06/25/2023,HHR,CA,AWP,WE,Federal Contract Tower,0,18,20,0,38,0,0,72,0,72,0,18,92,0,110,0,0,0,110
06/26/2023,HHR,CA,AWP,WE,Federal Contract Tower,0,14,11,0,25,0,0,89,0,89,0,14,100,0,114,26,0,26,140
06/27/2023,HHR,CA,AWP,WE,Federal Contract Tower,0,8,5,0,13,0,2,69,0,71,0,10,74,0,84,14,0,14,98
06/29/2023,HHR,CA,AWP,WE,Federal Contract Tower,0,19,10,0,29,0,0,78,0,78,0,19,88,0,107,10,0,10,117
06/30/2023,HHR,CA,AWP,WE,Federal Contract Tower,0,14,25,0,39,0,0,55,0,55,0,14,80,0,94,20,0,20,114
07/01/2023,HHR,CA,AWP,WE,Federal Contract Tower,0,6,6,0,12,0,0,39,0,39,0,6,45,0,51,10,0,10,61
07/02/2023,HHR,CA,AWP,WE,Federal Contract Tower,0,6,12,0,18,0,0,35,0,35,0,6,47,0,53,10,0,10,63
07/03/2023,HHR,CA,AWP,WE,Federal Contract Tower,0,7,13,0,20,0,0,30,0,30,0,7,43,0,50,32,0,32,82
07/04/2023,HHR,CA,AWP,WE,Federal Contract Tower,0,5,5,0,10,0,0,44,0,44,0,5,49,0,54,0,0,0,54
07/05/2023,HHR,CA,AWP,WE,Federal Contract Tower,0,16,10,0,26,0,0,52,0,52,0,16,62,0,78,65,0,65,143
07/06/2023,HHR,CA,AWP,WE,Federal Contract Tower,0,10,6,0,16,0,0,45,0,45,0,10,51,0,61,38,0,38,99
07/07/2023,HHR,CA,AWP,WE,Federal Contract Tower,0,16,16,0,32,0,0,49,0,49,0,16,65,0,81,60,0,60,141
07/08/2023,HHR,CA,AWP,WE,Federal Contract Tower,0,5,9,0,14,0,0,80,0,80,0,5,89,0,94,54,0,54,148
07/09/2023,HHR,CA,AWP,WE,Federal Contract Tower,0,11,12,0,23,0,0,72,0,72,0,11,84,0,95,2,0,2,97
07/10/2023,HHR,CA,AWP,WE,Federal Contract Tower,0,12,16,0,28,0,0,71,0,71,0,12,87,0,99,0,0,0,99
07/11/2023,HHR,CA,AWP,WE,Federal Contract Tower,0,8,11,0,19,0,0,79,0,79,0,8,90,0,98,67,0,67,165
07/12/2023,HHR,CA,AWP,WE,Federal Contract Tower,0,8,5,0,13,0,11,71,0,82,0,19,76,0,95,69,0,69,164
07/13/2023,HHR,CA,AWP,WE,Federal Contract Tower,0,16,15,0,31,0,1,82,0,83,0,17,97,0,114,40,0,40,154
07/14/2023,HHR,CA,AWP,WE,Federal Contract Tower,0,19,8,0,27,0,0,72,0,72,0,19,80,0,99,78,0,78,177
07/15/2023,HHR,CA,AWP,WE,Federal Contract Tower,0,4,17,0,21,0,3,64,0,67,0,7,81,0,88,0,0,0,88
07/16/2023,HHR,CA,AWP,WE,Federal Contract Tower,0,14,12,0,26,0,0,76,0,76,0,14,88,0,102,0,0,0,102
07/17/2023,HHR,CA,AWP,WE,Federal Contract Tower,0,9,2,0,11,0,0,69,0,69,0,9,71,0,80,42,0,42,122
07/18/2023,HHR,CA,AWP,WE,Federal Contract Tower,0,15,10,0,25,0,1,57,0,58,0,16,67,0,83,28,0,28,111
07/19/2023,HHR,CA,AWP,WE,Federal Contract Tower,0,12,8,0,20,0,1,83,0,84,0,13,91,0,104,74,0,74,178
07/20/2023,HHR,CA,AWP,WE,Federal Contract Tower,0,12,10,0,22,0,0,65,0,65,0,12,75,0,87,78,0,78,165
07/21/2023,HHR,CA,AWP,WE,Federal Contract Tower,0,15,9,0,24,0,0,77,0,77,0,15,86,0,101,22,0,22,123
07/22/2023,HHR,CA,AWP,WE,Federal Contract Tower,0,9,10,0,19,0,0,74,0,74,0,9,84,0,93,88,0,88,181
07/23/2023,HHR,CA,AWP,WE,Federal Contract Tower,0,19,20,0,39,0,0,84,0,84,0,19,104,0,123,0,0,0,123
07/24/2023,HHR,CA,AWP,WE,Federal Contract Tower,0,8,13,0,21,0,0,58,0,58,0,8,71,0,79,6,0,6,85
07/25/2023,HHR,CA,AWP,WE,Federal Contract Tower,0,8,10,0,18,0,0,78,0,78,0,8,88,0,96,38,0,38,134
07/26/2023,HHR,CA,AWP,WE,Federal Contract Tower,0,10,5,0,15,0,0,42,0,42,0,10,47,0,57,26,0,26,83
07/27/2023,HHR,CA,AWP,WE,Federal Contract Tower,0,7,13,0,20,0,0,74,0,74,0,7,87,0,94,36,0,36,130
07/28/2023,HHR,CA,AWP,WE,Federal Contract Tower,0,14,10,0,24,0,0,85,0,85,0,14,95,0,109,28,0,28,137
07/29/2023,HHR,CA,AWP,WE,Federal Contract Tower,0,9,9,0,18,0,0,82,0,82,0,9,91,0,100,48,0,48,148
07/30/2023,HHR,CA,AWP,WE,Federal Contract Tower,0,16,29,0,45,0,0,73,0,73,0,16,102,0,118,0,0,0,118
07/31/2023,HHR,CA,AWP,WE,Federal Contract Tower,0,11,15,0,26,0,0,73,0,73,0,11,88,0,99,91,0,91,190
08/01/2023,HHR,CA,AWP,WE,Federal Contract Tower,0,13,12,0,25,0,0,67,0,67,0,13,79,0,92,40,0,40,132
08/02/2023,HHR,CA,AWP,WE,Federal Contract Tower,0,9,17,0,26,0,1,86,0,87,0,10,103,0,113,48,0,48,161
08/03/2023,HHR,CA,AWP,WE,Federal Contract Tower,0,9,9,0,18,0,0,65,0,65,0,9,74,0,83,38,0,38,121
08/04/2023,HHR,CA,AWP,WE,Federal Contract Tower,0,13,18,0,31,0,0,94,0,94,0,13,112,0,125,118,0,118,243
08/05/2023,HHR,CA,AWP,WE,Federal Contract Tower,0,11,6,0,17,0,0,85,0,85,0,11,91,0,102,86,0,86,188
08/06/2023,HHR,CA,AWP,WE,Federal Contract Tower,0,17,22,0,39,0,0,64,0,64,0,17,86,0,103,86,0,86,189
08/07/2023,HHR,CA,AWP,WE,Federal Contract Tower,0,9,12,0,21,0,0,62,0,62,0,9,74,0,83,46,0,46,129
08/08/2023,HHR,CA,AWP,WE,Federal Contract Tower,0,9,19,0,28,0,0,82,0,82,0,9,101,0,110,80,0,80,190
08/09/2023,HHR,CA,AWP,WE,Federal Contract Tower,0,21,18,0,39,0,0,49,0,49,0,21,67,0,88,18,0,18,106
08/10/2023,HHR,CA,AWP,WE,Federal Contract Tower,0,7,11,0,18,0,1,55,0,56,0,8,66,0,74,6,0,6,80
08/11/2023,HHR,CA,AWP,WE,Federal Contract Tower,0,14,12,0,26,0,0,53,0,53,0,14,65,0,79,49,0,49,128
08/12/2023,HHR,CA,AWP,WE,Federal Contract Tower,0,6,12,0,18,0,0,81,0,81,0,6,93,0,99,56,0,56,155
08/13/2023,HHR,CA,AWP,WE,Federal Contract Tower,0,9,18,0,27,0,0,49,0,49,0,9,67,0,76,40,0,40,116
08/14/2023,HHR,CA,AWP,WE,Federal Contract Tower,0,6,17,0,23,0,0,31,0,31,0,6,48,0,54,0,0,0,54
08/15/2023,HHR,CA,AWP,WE,Federal Contract Tower,0,16,20,0,36,0,1,34,0,35,0,17,54,0,71,38,0,38,109
08/16/2023,HHR,CA,AWP,WE,Federal Contract Tower,0,9,12,0,21,0,0,67,0,67,0,9,79,0,88,90,0,90,178
08/17/2023,HHR,CA,AWP,WE,Federal Contract Tower,0,10,11,0,21,0,0,53,0,53,0,10,64,0,74,48,0,48,122
08/18/2023,HHR,CA,AWP,WE,Federal Contract Tower,0,12,15,0,27,0,0,58,0,58,0,12,73,0,85,84,0,84,169
08/19/2023,HHR,CA,AWP,WE,Federal Contract Tower,0,8,19,0,27,0,0,68,0,68,0,8,87,0,95,94,0,94,189
08/20/2023,HHR,CA,AWP,WE,Federal Contract Tower,0,2,0,0,2,0,0,0,0,0,0,2,0,0,2,0,0,0,2
08/22/2023,HHR,CA,AWP,WE,Federal Contract Tower,0,4,15,0,19,0,0,52,0,52,0,4,67,0,71,106,0,106,177
08/23/2023,HHR,CA,AWP,WE,Federal Contract Tower,0,11,9,0,20,0,0,68,0,68,0,11,77,0,88,40,0,40,128
08/24/2023,HHR,CA,AWP,WE,Federal Contract Tower,0,12,13,0,25,0,0,50,0,50,0,12,63,0,75,62,0,62,137
08/25/2023,HHR,CA,AWP,WE,Federal Contract Tower,0,11,14,1,26,0,0,68,0,68,0,11,82,1,94,88,0,88,182
08/26/2023,HHR,CA,AWP,WE,Federal Contract Tower,0,6,8,0,14,0,0,61,0,61,0,6,69,0,75,60,0,60,135
08/27/2023,HHR,CA,AWP,WE,Federal Contract Tower,0,9,20,0,29,0,0,83,0,83,0,9,103,0,112,68,0,68,180
08/28/2023,HHR,CA,AWP,WE,Federal Contract Tower,0,8,13,0,21,0,0,73,0,73,0,8,86,0,94,98,0,98,192
08/29/2023,HHR,CA,AWP,WE,Federal Contract Tower,0,8,10,0,18,0,0,73,0,73,0,8,83,0,91,75,0,75,166
08/30/2023,HHR,CA,AWP,WE,Federal Contract Tower,0,11,12,0,23,0,0,79,0,79,0,11,91,0,102,42,0,42,144
08/31/2023,HHR,CA,AWP,WE,Federal Contract Tower,0,17,13,0,30,0,0,46,0,46,0,17,59,0,76,16,0,16,92
