01/01/2000,HIO,OR,ANM,WE,Towers with Display (VFR),0,2,8,0,10,0,8,89,0,97,0,10,97,0,107,132,0,132,239
01/02/2000,HIO,OR,ANM,WE,Towers with Display (VFR),0,5,16,0,21,0,4,91,0,95,0,9,107,0,116,440,0,440,556
01/03/2000,HIO,OR,ANM,WE,Towers with Display (VFR),0,10,39,0,49,0,1,34,0,35,0,11,73,0,84,212,0,212,296
01/04/2000,HIO,OR,ANM,WE,Towers with Display (VFR),0,11,43,0,54,0,1,108,0,109,0,12,151,0,163,340,0,340,503
01/05/2000,HIO,OR,ANM,WE,Towers with Display (VFR),0,12,47,1,60,0,3,92,1,96,0,15,139,2,156,218,2,220,376
01/06/2000,HIO,OR,ANM,WE,Towers with Display (VFR),0,6,36,1,43,0,0,19,1,20,0,6,55,2,63,0,0,0,63
01/07/2000,HIO,OR,ANM,WE,Towers with Display (VFR),0,12,44,0,56,0,0,23,0,23,0,12,67,0,79,30,0,30,109
01/08/2000,HIO,OR,ANM,WE,Towers with Display (VFR),0,5,24,1,30,0,3,148,1,152,0,8,172,2,182,250,0,250,432
01/09/2000,HIO,OR,ANM,WE,Towers with Display (VFR),0,2,15,0,17,0,0,56,0,56,0,2,71,0,73,188,0,188,261
01/10/2000,HIO,OR,ANM,WE,Towers with Display (VFR),0,9,41,0,50,0,7,15,0,22,0,16,56,0,72,184,0,184,256
01/11/2000,HIO,OR,ANM,WE,Towers with Display (VFR),0,8,35,0,43,0,11,21,1,33,0,19,56,1,76,182,0,182,258
01/12/2000,HIO,OR,ANM,WE,Towers with Display (VFR),0,10,43,0,53,0,3,4,0,7,0,13,47,0,60,142,0,142,202
01/13/2000,HIO,OR,ANM,WE,Towers with Display (VFR),0,10,45,0,55,0,2,35,2,39,0,12,80,2,94,204,0,204,298
01/14/2000,HIO,OR,ANM,WE,Towers with Display (VFR),0,10,42,0,52,0,6,105,0,111,0,16,147,0,163,310,0,310,473
01/15/2000,HIO,OR,ANM,WE,Towers with Display (VFR),0,6,30,0,36,0,0,190,0,190,0,6,220,0,226,294,0,294,520
01/16/2000,HIO,OR,ANM,WE,Towers with Display (VFR),0,5,13,0,18,0,0,0,0,0,0,5,13,0,18,18,0,18,36
01/17/2000,HIO,OR,ANM,WE,Towers with Display (VFR),0,6,28,0,34,0,12,233,0,245,0,18,261,0,279,440,0,440,719
01/18/2000,HIO,OR,ANM,WE,Towers with Display (VFR),0,10,44,0,54,0,13,171,0,184,0,23,215,0,238,436,0,436,674
01/19/2000,HIO,OR,ANM,WE,Towers with Display (VFR),0,9,42,0,51,0,4,173,0,177,0,13,215,0,228,496,0,496,724
01/20/2000,HIO,OR,ANM,WE,Towers with Display (VFR),0,13,56,0,69,0,6,97,0,103,0,19,153,0,172,420,0,420,592
01/21/2000,HIO,OR,ANM,WE,Towers with Display (VFR),0,10,42,0,52,0,10,133,2,145,0,20,175,2,197,342,0,342,539
01/22/2000,HIO,OR,ANM,WE,Towers with Display (VFR),0,11,46,0,57,0,2,240,0,242,0,13,286,0,299,356,0,356,655
01/23/2000,HIO,OR,ANM,WE,Towers with Display (VFR),0,5,26,0,31,0,2,283,4,289,0,7,309,4,320,354,0,354,674
01/24/2000,HIO,OR,ANM,WE,Towers with Display (VFR),0,6,27,0,33,0,3,27,0,30,0,9,54,0,63,116,0,116,179
01/25/2000,HIO,OR,ANM,WE,Towers with Display (VFR),0,12,55,0,67,0,3,58,7,68,0,15,113,7,135,232,18,250,385
01/26/2000,HIO,OR,ANM,WE,Towers with Display (VFR),0,8,44,0,52,0,0,94,0,94,0,8,138,0,146,326,0,326,472
01/27/2000,HIO,OR,ANM,WE,Towers with Display (VFR),0,8,36,0,44,0,1,188,0,189,0,9,224,0,233,434,0,434,667
01/28/2000,HIO,OR,ANM,WE,Towers with Display (VFR),0,7,32,0,39,0,9,232,0,241,0,16,264,0,280,352,0,352,632
01/29/2000,HIO,OR,ANM,WE,Towers with Display (VFR),0,5,24,0,29,0,6,261,0,267,0,11,285,0,296,328,0,328,624
01/30/2000,HIO,OR,ANM,WE,Towers with Display (VFR),0,2,12,0,14,0,6,17,0,23,0,8,29,0,37,64,0,64,101
01/31/2000,HIO,OR,ANM,WE,Towers with Display (VFR),0,11,51,0,62,0,0,95,3,98,0,11,146,3,160,230,0,230,390
02/01/2000,HIO,OR,ANM,WE,Towers with Display (VFR),0,8,47,0,55,0,14,46,0,60,0,22,93,0,115,330,0,330,445
02/02/2000,HIO,OR,ANM,WE,Towers with Display (VFR),0,8,44,0,52,0,6,187,2,195,0,14,231,2,247,530,0,530,777
02/03/2000,HIO,OR,ANM,WE,Towers with Display (VFR),0,7,43,0,50,0,29,112,2,143,0,36,155,2,193,286,0,286,479
02/04/2000,HIO,OR,ANM,WE,Towers with Display (VFR),0,6,43,0,49,0,7,172,0,179,0,13,215,0,228,620,0,620,848
02/05/2000,HIO,OR,ANM,WE,Towers with Display (VFR),0,3,21,0,24,0,14,205,0,219,0,17,226,0,243,404,0,404,647
02/06/2000,HIO,OR,ANM,WE,Towers with Display (VFR),0,2,26,1,29,0,0,158,1,159,0,2,184,2,188,296,0,296,484
02/07/2000,HIO,OR,ANM,WE,Towers with Display (VFR),0,6,42,0,48,0,11,122,0,133,0,17,164,0,181,330,0,330,511
02/08/2000,HIO,OR,ANM,WE,Towers with Display (VFR),0,6,43,1,50,0,8,63,1,72,0,14,106,2,122,258,0,258,380
02/09/2000,HIO,OR,ANM,WE,Towers with Display (VFR),0,7,46,0,53,0,2,151,0,153,0,9,197,0,206,374,0,374,580
02/10/2000,HIO,OR,ANM,WE,Towers with Display (VFR),0,6,41,1,48,0,5,213,3,221,0,11,254,4,269,578,0,578,847
02/11/2000,HIO,OR,ANM,WE,Towers with Display (VFR),0,9,60,0,69,0,12,153,0,165,0,21,213,0,234,338,0,338,572
02/12/2000,HIO,OR,ANM,WE,Towers with Display (VFR),0,4,27,0,31,0,2,50,0,52,0,6,77,0,83,236,0,236,319
02/13/2000,HIO,OR,ANM,WE,Towers with Display (VFR),0,4,30,0,34,0,5,87,0,92,0,9,117,0,126,286,0,286,412
02/14/2000,HIO,OR,ANM,WE,Towers with Display (VFR),0,6,42,0,48,0,13,19,0,32,0,19,61,0,80,238,0,238,318
02/15/2000,HIO,OR,ANM,WE,Towers with Display (VFR),0,7,48,0,55,0,25,108,6,139,0,32,156,6,194,402,0,402,596
02/16/2000,HIO,OR,ANM,WE,Towers with Display (VFR),0,8,55,0,63,0,56,251,4,311,0,64,306,4,374,372,0,372,746
02/17/2000,HIO,OR,ANM,WE,Towers with Display (VFR),0,9,58,0,67,0,10,318,4,332,0,19,376,4,399,524,0,524,923
02/18/2000,HIO,OR,ANM,WE,Towers with Display (VFR),0,10,70,0,80,0,18,55,0,73,0,28,125,0,153,89,0,89,242
02/19/2000,HIO,OR,ANM,WE,Towers with Display (VFR),0,6,42,0,48,0,4,324,0,328,0,10,366,0,376,374,0,374,750
02/20/2000,HIO,OR,ANM,WE,Towers with Display (VFR),0,4,26,0,30,0,0,205,0,205,0,4,231,0,235,306,0,306,541
02/21/2000,HIO,OR,ANM,WE,Towers with Display (VFR),0,10,90,0,100,0,0,16,0,16,0,10,106,0,116,56,0,56,172
02/22/2000,HIO,OR,ANM,WE,Towers with Display (VFR),0,8,54,0,62,0,20,52,0,72,0,28,106,0,134,349,0,349,483
02/23/2000,HIO,OR,ANM,WE,Towers with Display (VFR),0,10,67,0,77,0,16,134,3,153,0,26,201,3,230,454,0,454,684
02/24/2000,HIO,OR,ANM,WE,Towers with Display (VFR),0,10,66,0,76,0,10,155,0,165,0,20,221,0,241,340,0,340,581
02/25/2000,HIO,OR,ANM,WE,Towers with Display (VFR),0,10,66,0,76,0,2,73,0,75,0,12,139,0,151,438,0,438,589
02/26/2000,HIO,OR,ANM,WE,Towers with Display (VFR),0,3,41,0,44,0,0,32,0,32,0,3,73,0,76,212,0,212,288
02/27/2000,HIO,OR,ANM,WE,Towers with Display (VFR),0,5,39,0,44,0,2,142,0,144,0,7,181,0,188,270,0,270,458
02/28/2000,HIO,OR,ANM,WE,Towers with Display (VFR),0,7,46,0,53,0,14,184,0,198,0,21,230,0,251,416,0,416,667
03/01/2000,HIO,OR,ANM,WE,Towers with Display (VFR),0,11,68,0,79,0,11,225,0,236,0,22,293,0,315,458,0,458,773
03/02/2000,HIO,OR,ANM,WE,Towers with Display (VFR),0,9,55,0,64,0,14,99,2,115,0,23,154,2,179,454,0,454,633
03/03/2000,HIO,OR,ANM,WE,Towers with Display (VFR),0,6,74,0,80,0,0,42,0,42,0,6,116,0,122,202,0,202,324
03/04/2000,HIO,OR,ANM,WE,Towers with Display (VFR),0,5,30,0,35,0,4,113,0,117,0,9,143,0,152,327,0,327,479
03/05/2000,HIO,OR,ANM,WE,Towers with Display (VFR),0,7,41,0,48,0,1,255,0,256,0,8,296,0,304,282,0,282,586
03/06/2000,HIO,OR,ANM,WE,Towers with Display (VFR),0,11,66,0,77,0,5,203,0,208,0,16,269,0,285,682,0,682,967
03/07/2000,HIO,OR,ANM,WE,Towers with Display (VFR),0,8,59,1,68,0,20,200,3,223,0,28,259,4,291,587,0,587,878
03/08/2000,HIO,OR,ANM,WE,Towers with Display (VFR),0,10,72,1,83,0,4,67,1,72,0,14,139,2,155,294,0,294,449
03/09/2000,HIO,OR,ANM,WE,Towers with Display (VFR),0,7,53,0,60,0,11,215,0,226,0,18,268,0,286,432,0,432,718
03/10/2000,HIO,OR,ANM,WE,Towers with Display (VFR),0,7,52,0,59,0,10,175,0,185,0,17,227,0,244,506,0,506,750
03/11/2000,HIO,OR,ANM,WE,Towers with Display (VFR),0,7,46,0,53,0,3,192,0,195,0,10,238,0,248,466,0,466,714
03/12/2000,HIO,OR,ANM,WE,Towers with Display (VFR),0,5,38,0,43,0,5,222,0,227,0,10,260,0,270,352,0,352,622
03/13/2000,HIO,OR,ANM,WE,Towers with Display (VFR),0,7,46,0,53,0,5,147,0,152,0,12,193,0,205,416,0,416,621
03/14/2000,HIO,OR,ANM,WE,Towers with Display (VFR),0,7,51,0,58,0,8,120,0,128,0,15,171,0,186,454,2,456,642
03/15/2000,HIO,OR,ANM,WE,Towers with Display (VFR),0,8,58,1,67,0,11,232,3,246,0,19,290,4,313,612,0,612,925
03/16/2000,HIO,OR,ANM,WE,Towers with Display (VFR),0,8,58,0,66,0,6,159,0,165,0,14,217,0,231,438,0,438,669
03/17/2000,HIO,OR,ANM,WE,Towers with Display (VFR),0,6,45,0,51,0,14,90,0,104,0,20,135,0,155,254,0,254,409
03/18/2000,HIO,OR,ANM,WE,Towers with Display (VFR),0,5,37,0,42,0,8,50,0,58,0,13,87,0,100,226,0,226,326
03/19/2000,HIO,OR,ANM,WE,Towers with Display (VFR),0,4,28,0,32,0,10,141,0,151,0,14,169,0,183,536,0,536,719
03/20/2000,HIO,OR,ANM,WE,Towers with Display (VFR),0,7,53,0,60,0,14,207,0,221,0,21,260,0,281,514,0,514,795
03/21/2000,HIO,OR,ANM,WE,Towers with Display (VFR),0,6,0,0,6,0,21,0,315,336,0,27,0,315,342,610,0,610,952
03/22/2000,HIO,OR,ANM,WE,Towers with Display (VFR),0,9,66,0,75,0,10,50,0,60,0,19,116,0,135,192,0,192,327
03/23/2000,HIO,OR,ANM,WE,Towers with Display (VFR),0,9,61,0,70,0,18,258,2,278,0,27,319,2,348,602,0,602,950
03/24/2000,HIO,OR,ANM,WE,Towers with Display (VFR),0,6,43,0,49,0,14,337,0,351,0,20,380,0,400,496,0,496,896
03/25/2000,HIO,OR,ANM,WE,Towers with Display (VFR),0,5,34,0,39,0,1,172,0,173,0,6,206,0,212,252,0,252,464
03/26/2000,HIO,OR,ANM,WE,Towers with Display (VFR),0,4,30,0,34,0,11,343,0,354,0,15,373,0,388,288,0,288,676
03/27/2000,HIO,OR,ANM,WE,Towers with Display (VFR),0,6,41,0,47,0,8,61,0,69,0,14,102,0,116,232,0,232,348
03/28/2000,HIO,OR,ANM,WE,Towers with Display (VFR),0,6,41,0,47,0,12,143,0,155,0,18,184,0,202,402,0,402,604
03/29/2000,HIO,OR,ANM,WE,Towers with Display (VFR),0,8,57,0,65,0,19,236,0,255,0,27,293,0,320,502,0,502,822
03/30/2000,HIO,OR,ANM,WE,Towers with Display (VFR),0,6,45,0,51,0,12,271,4,287,0,18,316,4,338,552,0,552,890
03/31/2000,HIO,OR,ANM,WE,Towers with Display (VFR),0,7,49,0,56,0,4,416,0,420,0,11,465,0,476,660,0,660,1136
04/01/2000,HIO,OR,ANM,WE,Towers with Display (VFR),0,5,28,0,33,0,17,466,0,483,0,22,494,0,516,474,0,474,990
04/02/2000,HIO,OR,ANM,WE,Towers with Display (VFR),0,4,26,0,30,0,5,179,8,192,0,9,205,8,222,0,488,488,710
04/03/2000,HIO,OR,ANM,WE,Towers with Display (VFR),0,5,33,0,38,0,18,232,0,250,0,23,265,0,288,588,0,588,876
04/04/2000,HIO,OR,ANM,WE,Towers with Display (VFR),0,8,56,0,64,0,12,52,2,66,0,20,108,2,130,430,0,430,560
04/05/2000,HIO,OR,ANM,WE,Towers with Display (VFR),0,8,49,0,57,0,17,236,2,255,0,25,285,2,312,724,0,724,1036
04/06/2000,HIO,OR,ANM,WE,Towers with Display (VFR),0,7,49,0,56,0,14,146,0,160,0,21,195,0,216,758,0,758,974
04/07/2000,HIO,OR,ANM,WE,Towers with Display (VFR),0,5,35,0,40,0,17,323,13,353,0,22,358,13,393,614,0,614,1007
04/08/2000,HIO,OR,ANM,WE,Towers with Display (VFR),0,5,36,0,41,0,16,365,0,381,0,21,401,0,422,562,0,562,984
04/09/2000,HIO,OR,ANM,WE,Towers with Display (VFR),0,6,52,0,58,0,0,192,0,192,0,6,244,0,250,328,0,328,578
04/10/2000,HIO,OR,ANM,WE,Towers with Display (VFR),0,4,30,0,34,0,29,240,0,269,0,33,270,0,303,436,0,436,739
04/11/2000,HIO,OR,ANM,WE,Towers with Display (VFR),0,4,35,0,39,0,30,241,0,271,0,34,276,0,310,596,0,596,906
04/12/2000,HIO,OR,ANM,WE,Towers with Display (VFR),0,6,42,0,48,0,21,243,0,264,0,27,285,0,312,666,0,666,978
04/13/2000,HIO,OR,ANM,WE,Towers with Display (VFR),0,10,70,0,80,0,11,57,0,68,0,21,127,0,148,362,0,362,510
04/14/2000,HIO,OR,ANM,WE,Towers with Display (VFR),0,10,77,0,87,0,3,129,0,132,0,13,206,0,219,482,0,482,701
04/15/2000,HIO,OR,ANM,WE,Towers with Display (VFR),0,5,36,0,41,0,3,171,0,174,0,8,207,0,215,494,0,494,709
04/16/2000,HIO,OR,ANM,WE,Towers with Display (VFR),0,0,40,0,40,0,0,195,0,195,0,0,235,0,235,396,0,396,631
04/17/2000,HIO,OR,ANM,WE,Towers with Display (VFR),0,6,46,0,52,0,12,249,5,266,0,18,295,5,318,758,0,758,1076
04/18/2000,HIO,OR,ANM,WE,Towers with Display (VFR),0,7,57,0,64,0,140,183,0,323,0,147,240,0,387,678,0,678,1065
04/19/2000,HIO,OR,ANM,WE,Towers with Display (VFR),0,5,41,0,46,0,18,196,4,218,0,23,237,4,264,738,0,738,1002
04/20/2000,HIO,OR,ANM,WE,Towers with Display (VFR),0,7,51,0,58,0,38,269,0,307,0,45,320,0,365,702,0,702,1067
04/21/2000,HIO,OR,ANM,WE,Towers with Display (VFR),0,4,34,0,38,0,25,212,0,237,0,29,246,0,275,792,0,792,1067
04/22/2000,HIO,OR,ANM,WE,Towers with Display (VFR),0,3,28,0,31,0,0,171,0,171,0,3,199,0,202,548,0,548,750
04/23/2000,HIO,OR,ANM,WE,Towers with Display (VFR),0,3,25,0,28,0,1,43,0,44,0,4,68,0,72,86,0,86,158
04/24/2000,HIO,OR,ANM,WE,Towers with Display (VFR),0,9,64,0,73,0,20,180,0,200,0,29,244,0,273,558,0,558,831
04/25/2000,HIO,OR,ANM,WE,Towers with Display (VFR),0,5,43,0,48,0,13,109,0,122,0,18,152,0,170,448,0,448,618
04/26/2000,HIO,OR,ANM,WE,Towers with Display (VFR),0,7,51,0,58,0,23,228,2,253,0,30,279,2,311,720,0,720,1031
04/27/2000,HIO,OR,ANM,WE,Towers with Display (VFR),0,7,52,0,59,0,14,139,2,155,0,21,191,2,214,648,0,648,862
04/28/2000,HIO,OR,ANM,WE,Towers with Display (VFR),0,6,45,0,51,0,7,216,6,229,0,13,261,6,280,600,0,600,880
04/29/2000,HIO,OR,ANM,WE,Towers with Display (VFR),0,3,26,0,29,0,11,299,0,310,0,14,325,0,339,792,0,792,1131
04/30/2000,HIO,OR,ANM,WE,Towers with Display (VFR),0,3,27,0,30,0,10,288,4,302,0,13,315,4,332,430,0,430,762
05/01/2000,HIO,OR,ANM,WE,Towers with Display (VFR),0,8,49,0,57,0,8,157,0,165,0,16,206,0,222,534,0,534,756
05/02/2000,HIO,OR,ANM,WE,Towers with Display (VFR),0,8,53,0,61,0,17,153,0,170,0,25,206,0,231,534,0,534,765
05/03/2000,HIO,OR,ANM,WE,Towers with Display (VFR),0,8,47,0,55,0,12,171,3,186,0,20,218,3,241,340,0,340,581
05/04/2000,HIO,OR,ANM,WE,Towers with Display (VFR),0,7,45,0,52,0,16,152,0,168,0,23,197,0,220,560,0,560,780
05/05/2000,HIO,OR,ANM,WE,Towers with Display (VFR),0,8,49,0,57,0,16,178,0,194,0,24,227,0,251,704,0,704,955
05/06/2000,HIO,OR,ANM,WE,Towers with Display (VFR),0,4,22,0,26,0,2,260,0,262,0,6,282,0,288,448,0,448,736
05/07/2000,HIO,OR,ANM,WE,Towers with Display (VFR),0,5,26,0,31,0,1,256,0,257,0,6,282,0,288,448,0,448,736
05/08/2000,HIO,OR,ANM,WE,Towers with Display (VFR),0,8,53,0,61,0,31,131,0,162,0,39,184,0,223,372,0,372,595
05/09/2000,HIO,OR,ANM,WE,Towers with Display (VFR),0,6,42,0,48,0,20,43,0,63,0,26,85,0,111,172,0,172,283
05/10/2000,HIO,OR,ANM,WE,Towers with Display (VFR),0,6,40,1,47,0,10,48,1,59,0,16,88,2,106,190,0,190,296
05/11/2000,HIO,OR,ANM,WE,Towers with Display (VFR),0,6,43,1,50,0,18,128,3,149,0,24,171,4,199,500,0,500,699
05/12/2000,HIO,OR,ANM,WE,Towers with Display (VFR),0,8,56,0,64,0,13,323,0,336,0,21,379,0,400,592,0,592,992
05/13/2000,HIO,OR,ANM,WE,Towers with Display (VFR),0,5,34,0,39,0,11,279,0,290,0,16,313,0,329,470,0,470,799
05/14/2000,HIO,OR,ANM,WE,Towers with Display (VFR),0,3,21,0,24,0,6,227,0,233,0,9,248,0,257,246,0,246,503
05/15/2000,HIO,OR,ANM,WE,Towers with Display (VFR),0,7,52,0,59,0,33,203,0,236,0,40,255,0,295,536,0,536,831
05/16/2000,HIO,OR,ANM,WE,Towers with Display (VFR),0,6,48,0,54,0,14,230,2,246,0,20,278,2,300,764,0,764,1064
05/17/2000,HIO,OR,ANM,WE,Towers with Display (VFR),0,6,46,0,52,0,13,216,0,229,0,19,262,0,281,522,0,522,803
05/18/2000,HIO,OR,ANM,WE,Towers with Display (VFR),0,8,57,0,65,0,11,275,0,286,0,19,332,0,351,634,0,634,985
05/19/2000,HIO,OR,ANM,WE,Towers with Display (VFR),0,9,64,0,73,0,12,273,7,292,0,21,337,7,365,598,0,598,963
05/20/2000,HIO,OR,ANM,WE,Towers with Display (VFR),0,4,34,0,38,0,2,290,1,293,0,6,324,1,331,482,0,482,813
05/21/2000,HIO,OR,ANM,WE,Towers with Display (VFR),0,3,31,0,34,0,0,293,0,293,0,3,324,0,327,484,0,484,811
05/22/2000,HIO,OR,ANM,WE,Towers with Display (VFR),0,8,54,0,62,0,14,289,0,303,0,22,343,0,365,632,0,632,997
05/23/2000,HIO,OR,ANM,WE,Towers with Display (VFR),0,8,58,0,66,0,32,226,6,264,0,40,284,6,330,622,0,622,952
05/24/2000,HIO,OR,ANM,WE,Towers with Display (VFR),0,5,41,0,46,0,16,286,4,306,0,21,327,4,352,656,0,656,1008
05/25/2000,HIO,OR,ANM,WE,Towers with Display (VFR),0,9,65,0,74,0,24,257,3,284,0,33,322,3,358,676,0,676,1034
05/26/2000,HIO,OR,ANM,WE,Towers with Display (VFR),0,7,52,0,59,0,10,114,0,124,0,17,166,0,183,352,0,352,535
05/27/2000,HIO,OR,ANM,WE,Towers with Display (VFR),0,5,36,0,41,0,5,85,0,90,0,10,121,0,131,204,0,204,335
05/28/2000,HIO,OR,ANM,WE,Towers with Display (VFR),0,2,32,0,34,0,0,93,0,93,0,2,125,0,127,150,0,150,277
05/29/2000,HIO,OR,ANM,WE,Towers with Display (VFR),0,4,34,0,38,0,1,190,2,193,0,5,224,2,231,374,0,374,605
05/30/2000,HIO,OR,ANM,WE,Towers with Display (VFR),0,7,51,0,58,0,10,143,3,156,0,17,194,3,214,538,0,538,752
05/31/2000,HIO,OR,ANM,WE,Towers with Display (VFR),0,6,47,0,53,0,18,184,8,210,0,24,231,8,263,808,0,808,1071
06/01/2000,HIO,OR,ANM,WE,Towers with Display (VFR),0,9,60,0,69,0,13,227,0,240,0,22,287,0,309,588,0,588,897
06/02/2000,HIO,OR,ANM,WE,Towers with Display (VFR),0,8,52,0,60,0,8,371,0,379,0,16,423,0,439,714,0,714,1153
06/03/2000,HIO,OR,ANM,WE,Towers with Display (VFR),0,5,30,0,35,0,4,403,0,407,0,9,433,0,442,624,0,624,1066
06/04/2000,HIO,OR,ANM,WE,Towers with Display (VFR),0,8,53,0,61,0,5,251,0,256,0,13,304,0,317,214,0,214,531
06/05/2000,HIO,OR,ANM,WE,Towers with Display (VFR),0,7,47,0,54,0,10,156,0,166,0,17,203,0,220,572,0,572,792
06/06/2000,HIO,OR,ANM,WE,Towers with Display (VFR),0,8,55,1,64,0,17,152,0,169,0,25,207,1,233,842,0,842,1075
06/07/2000,HIO,OR,ANM,WE,Towers with Display (VFR),0,12,82,0,94,0,11,95,0,106,0,23,177,0,200,294,0,294,494
06/08/2000,HIO,OR,ANM,WE,Towers with Display (VFR),0,9,65,0,74,0,18,249,0,267,0,27,314,0,341,666,0,666,1007
06/09/2000,HIO,OR,ANM,WE,Towers with Display (VFR),0,9,63,0,72,0,9,114,0,123,0,18,177,0,195,370,0,370,565
06/10/2000,HIO,OR,ANM,WE,Towers with Display (VFR),0,4,33,1,38,0,12,112,6,130,0,16,145,7,168,350,0,350,518
06/11/2000,HIO,OR,ANM,WE,Towers with Display (VFR),0,5,40,0,45,0,10,31,0,41,0,15,71,0,86,156,0,156,242
06/12/2000,HIO,OR,ANM,WE,Towers with Display (VFR),0,7,48,0,55,0,8,100,0,108,0,15,148,0,163,360,0,360,523
06/13/2000,HIO,OR,ANM,WE,Towers with Display (VFR),0,9,63,0,72,0,16,345,0,361,0,25,408,0,433,540,0,540,973
06/14/2000,HIO,OR,ANM,WE,Towers with Display (VFR),0,7,54,1,62,0,13,276,5,294,0,20,330,6,356,590,0,590,946
06/15/2000,HIO,OR,ANM,WE,Towers with Display (VFR),0,6,41,0,47,0,18,278,0,296,0,24,319,0,343,682,0,682,1025
06/16/2000,HIO,OR,ANM,WE,Towers with Display (VFR),0,7,55,0,62,0,36,257,2,295,0,43,312,2,357,420,14,434,791
06/17/2000,HIO,OR,ANM,WE,Towers with Display (VFR),0,4,33,0,37,0,21,303,0,324,0,25,336,0,361,282,0,282,643
06/18/2000,HIO,OR,ANM,WE,Towers with Display (VFR),0,5,35,0,40,0,5,200,0,205,0,10,235,0,245,234,0,234,479
06/19/2000,HIO,OR,ANM,WE,Towers with Display (VFR),0,7,52,0,59,0,24,257,0,281,0,31,309,0,340,464,0,464,804
06/20/2000,HIO,OR,ANM,WE,Towers with Display (VFR),0,12,83,0,95,0,13,184,0,197,0,25,267,0,292,570,0,570,862
06/21/2000,HIO,OR,ANM,WE,Towers with Display (VFR),0,8,60,0,68,0,23,295,0,318,0,31,355,0,386,902,0,902,1288
06/22/2000,HIO,OR,ANM,WE,Towers with Display (VFR),0,7,50,0,57,0,23,274,4,301,0,30,324,4,358,502,0,502,860
06/23/2000,HIO,OR,ANM,WE,Towers with Display (VFR),0,6,44,0,50,0,24,270,0,294,0,30,314,0,344,456,0,456,800
06/24/2000,HIO,OR,ANM,WE,Towers with Display (VFR),0,3,26,0,29,0,12,303,2,317,0,15,329,2,346,469,0,469,815
06/25/2000,HIO,OR,ANM,WE,Towers with Display (VFR),0,1,9,0,10,0,21,235,0,256,0,22,244,0,266,282,0,282,548
06/26/2000,HIO,OR,ANM,WE,Towers with Display (VFR),0,4,35,0,39,0,20,263,3,286,0,24,298,3,325,390,0,390,715
06/27/2000,HIO,OR,ANM,WE,Towers with Display (VFR),0,4,35,0,39,0,22,218,4,244,0,26,253,4,283,472,0,472,755
06/28/2000,HIO,OR,ANM,WE,Towers with Display (VFR),0,6,46,0,52,0,13,235,2,250,0,19,281,2,302,482,0,482,784
06/29/2000,HIO,OR,ANM,WE,Towers with Display (VFR),0,5,39,0,44,0,28,323,0,351,0,33,362,0,395,522,0,522,917
06/30/2000,HIO,OR,ANM,WE,Towers with Display (VFR),0,6,42,0,48,0,28,250,2,280,0,34,292,2,328,482,0,482,810
07/01/2000,HIO,OR,ANM,WE,Towers with Display (VFR),0,7,40,0,47,0,10,224,0,234,0,17,264,0,281,476,0,476,757
07/02/2000,HIO,OR,ANM,WE,Towers with Display (VFR),0,3,13,0,16,0,15,180,0,195,0,18,193,0,211,340,0,340,551
07/03/2000,HIO,OR,ANM,WE,Towers with Display (VFR),0,5,29,2,36,0,16,209,0,225,0,21,238,2,261,428,0,428,689
07/04/2000,HIO,OR,ANM,WE,Towers with Display (VFR),0,4,27,0,31,0,4,114,0,118,0,8,141,0,149,202,0,202,351
07/05/2000,HIO,OR,ANM,WE,Towers with Display (VFR),0,8,48,2,58,0,17,237,0,254,0,25,285,2,312,576,0,576,888
07/06/2000,HIO,OR,ANM,WE,Towers with Display (VFR),0,8,45,2,55,0,18,221,0,239,0,26,266,2,294,544,0,544,838
07/07/2000,HIO,OR,ANM,WE,Towers with Display (VFR),0,6,39,0,45,0,27,303,0,330,0,33,342,0,375,426,0,426,801
07/08/2000,HIO,OR,ANM,WE,Towers with Display (VFR),0,6,34,1,41,0,20,168,0,188,0,26,202,1,229,348,4,352,581
07/09/2000,HIO,OR,ANM,WE,Towers with Display (VFR),0,4,27,0,31,0,15,191,0,206,0,19,218,0,237,256,4,260,497
07/10/2000,HIO,OR,ANM,WE,Towers with Display (VFR),0,6,40,0,46,0,19,207,0,226,0,25,247,0,272,552,0,552,824
07/11/2000,HIO,OR,ANM,WE,Towers with Display (VFR),0,8,48,0,56,0,23,328,0,351,0,31,376,0,407,616,0,616,1023
07/12/2000,HIO,OR,ANM,WE,Towers with Display (VFR),0,6,35,0,41,0,16,341,0,357,0,22,376,0,398,616,0,616,1014
07/13/2000,HIO,OR,ANM,WE,Towers with Display (VFR),0,7,45,0,52,0,28,290,0,318,0,35,335,0,370,466,0,466,836
07/14/2000,HIO,OR,ANM,WE,Towers with Display (VFR),0,6,34,0,40,0,31,252,0,283,0,37,286,0,323,584,0,584,907
07/15/2000,HIO,OR,ANM,WE,Towers with Display (VFR),0,3,16,0,19,0,16,261,0,277,0,19,277,0,296,390,0,390,686
07/16/2000,HIO,OR,ANM,WE,Towers with Display (VFR),0,3,13,1,17,0,5,14,1,20,0,8,27,2,37,426,0,426,463
07/17/2000,HIO,OR,ANM,WE,Towers with Display (VFR),0,4,26,0,30,0,26,320,0,346,0,30,346,0,376,708,0,708,1084
07/18/2000,HIO,OR,ANM,WE,Towers with Display (VFR),0,9,49,3,61,0,26,260,1,287,0,35,309,4,348,580,0,580,928
07/19/2000,HIO,OR,ANM,WE,Towers with Display (VFR),0,8,48,3,59,0,20,212,4,236,0,28,260,7,295,684,0,684,979
07/20/2000,HIO,OR,ANM,WE,Towers with Display (VFR),0,6,35,2,43,0,27,156,16,199,0,33,191,18,242,284,2,286,528
07/21/2000,HIO,OR,ANM,WE,Towers with Display (VFR),0,4,27,1,32,0,30,115,36,181,0,34,142,37,213,68,0,68,281
07/22/2000,HIO,OR,ANM,WE,Towers with Display (VFR),0,3,15,0,18,0,16,122,6,144,0,19,137,6,162,136,0,136,298
07/23/2000,HIO,OR,ANM,WE,Towers with Display (VFR),0,3,14,0,17,0,8,353,31,392,0,11,367,31,409,32,0,32,441
07/24/2000,HIO,OR,ANM,WE,Towers with Display (VFR),0,6,41,2,49,0,31,274,18,323,0,37,315,20,372,702,0,702,1074
07/25/2000,HIO,OR,ANM,WE,Towers with Display (VFR),0,6,41,2,49,0,22,274,5,301,0,28,315,7,350,600,0,600,950
07/26/2000,HIO,OR,ANM,WE,Towers with Display (VFR),0,5,37,2,44,0,15,364,7,386,0,20,401,9,430,760,6,766,1196
07/27/2000,HIO,OR,ANM,WE,Towers with Display (VFR),0,4,27,1,32,0,21,316,1,338,0,25,343,2,370,766,0,766,1136
07/28/2000,HIO,OR,ANM,WE,Towers with Display (VFR),0,6,36,1,43,0,27,301,6,334,0,33,337,7,377,600,0,600,977
07/29/2000,HIO,OR,ANM,WE,Towers with Display (VFR),0,4,25,0,29,0,25,345,0,370,0,29,370,0,399,436,0,436,835
07/30/2000,HIO,OR,ANM,WE,Towers with Display (VFR),0,4,27,0,31,0,19,284,0,303,0,23,311,0,334,596,0,596,930
07/31/2000,HIO,OR,ANM,WE,Towers with Display (VFR),0,5,32,0,37,0,24,238,0,262,0,29,270,0,299,614,0,614,913
08/01/2000,HIO,OR,ANM,WE,Towers with Display (VFR),0,7,36,1,44,0,15,259,7,281,0,22,295,8,325,596,0,596,921
08/02/2000,HIO,OR,ANM,WE,Towers with Display (VFR),0,8,45,0,53,0,33,282,0,315,0,41,327,0,368,686,2,688,1056
08/03/2000,HIO,OR,ANM,WE,Towers with Display (VFR),0,9,51,1,61,0,42,290,5,337,0,51,341,6,398,704,0,704,1102
08/04/2000,HIO,OR,ANM,WE,Towers with Display (VFR),0,6,32,1,39,0,51,336,2,389,0,57,368,3,428,682,0,682,1110
08/05/2000,HIO,OR,ANM,WE,Towers with Display (VFR),0,4,20,1,25,0,59,294,0,353,0,63,314,1,378,349,0,349,727
08/06/2000,HIO,OR,ANM,WE,Towers with Display (VFR),0,5,31,0,36,0,31,303,0,334,0,36,334,0,370,464,0,464,834
08/07/2000,HIO,OR,ANM,WE,Towers with Display (VFR),0,5,28,1,34,0,11,258,9,278,0,16,286,10,312,630,0,630,942
08/08/2000,HIO,OR,ANM,WE,Towers with Display (VFR),0,8,42,1,51,0,23,331,8,362,0,31,373,9,413,413,0,413,826
08/09/2000,HIO,OR,ANM,WE,Towers with Display (VFR),0,4,26,1,31,0,19,237,3,259,0,23,263,4,290,290,0,290,580
08/10/2000,HIO,OR,ANM,WE,Towers with Display (VFR),0,9,51,1,61,0,14,153,10,177,0,23,204,11,238,452,0,452,690
08/11/2000,HIO,OR,ANM,WE,Towers with Display (VFR),0,6,36,1,43,0,24,324,12,360,0,30,360,13,403,510,0,510,913
08/12/2000,HIO,OR,ANM,WE,Towers with Display (VFR),0,4,26,0,30,0,21,301,0,322,0,25,327,0,352,406,0,406,758
08/13/2000,HIO,OR,ANM,WE,Towers with Display (VFR),0,4,21,0,25,0,7,263,0,270,0,11,284,0,295,322,0,322,617
08/14/2000,HIO,OR,ANM,WE,Towers with Display (VFR),0,6,35,0,41,0,19,298,0,317,0,25,333,0,358,336,0,336,694
08/15/2000,HIO,OR,ANM,WE,Towers with Display (VFR),0,8,42,1,51,0,23,162,1,186,0,31,204,2,237,356,0,356,593
08/16/2000,HIO,OR,ANM,WE,Towers with Display (VFR),0,5,31,0,36,0,15,246,0,261,0,20,277,0,297,564,0,564,861
08/17/2000,HIO,OR,ANM,WE,Towers with Display (VFR),0,10,60,0,70,0,7,266,0,273,0,17,326,0,343,620,0,620,963
08/18/2000,HIO,OR,ANM,WE,Towers with Display (VFR),0,13,77,1,91,0,18,201,3,222,0,31,278,4,313,462,0,462,775
08/19/2000,HIO,OR,ANM,WE,Towers with Display (VFR),0,9,49,0,58,0,1,173,4,178,0,10,222,4,236,370,0,370,606
08/20/2000,HIO,OR,ANM,WE,Towers with Display (VFR),0,5,27,0,32,0,5,310,0,315,0,10,337,0,347,218,0,218,565
08/21/2000,HIO,OR,ANM,WE,Towers with Display (VFR),0,7,40,0,47,0,18,266,0,284,0,25,306,0,331,654,0,654,985
08/22/2000,HIO,OR,ANM,WE,Towers with Display (VFR),0,5,32,0,37,0,20,267,0,287,0,25,299,0,324,618,0,618,942
08/23/2000,HIO,OR,ANM,WE,Towers with Display (VFR),0,5,27,0,32,0,17,363,0,380,0,22,390,0,412,700,0,700,1112
08/24/2000,HIO,OR,ANM,WE,Towers with Display (VFR),0,11,65,0,76,0,12,148,0,160,0,23,213,0,236,418,0,418,654
08/25/2000,HIO,OR,ANM,WE,Towers with Display (VFR),0,8,46,0,54,0,33,377,4,414,0,41,423,4,468,442,0,442,910
08/26/2000,HIO,OR,ANM,WE,Towers with Display (VFR),0,7,40,0,47,0,6,311,1,318,0,13,351,1,365,558,0,558,923
08/27/2000,HIO,OR,ANM,WE,Towers with Display (VFR),0,4,26,0,30,0,8,290,0,298,0,12,316,0,328,582,0,582,910
08/28/2000,HIO,OR,ANM,WE,Towers with Display (VFR),0,7,41,0,48,0,13,240,2,255,0,20,281,2,303,596,0,596,899
08/29/2000,HIO,OR,ANM,WE,Towers with Display (VFR),0,7,37,0,44,0,22,251,11,284,0,29,288,11,328,642,0,642,970
08/30/2000,HIO,OR,ANM,WE,Towers with Display (VFR),0,11,64,1,76,0,43,306,5,354,0,54,370,6,430,616,0,616,1046
08/31/2000,HIO,OR,ANM,WE,Towers with Display (VFR),0,10,63,1,74,0,34,190,3,227,0,44,253,4,301,532,0,532,833
09/01/2000,HIO,OR,ANM,WE,Towers with Display (VFR),0,0,32,0,32,0,0,0,256,256,0,0,32,256,288,0,426,426,714
09/02/2000,HIO,OR,ANM,WE,Towers with Display (VFR),0,5,29,0,34,0,17,112,2,131,0,22,141,2,165,206,0,206,371
09/03/2000,HIO,OR,ANM,WE,Towers with Display (VFR),0,3,15,0,18,0,6,103,0,109,0,9,118,0,127,196,0,196,323
09/04/2000,HIO,OR,ANM,WE,Towers with Display (VFR),0,10,53,0,63,0,8,236,0,244,0,18,289,0,307,158,0,158,465
09/05/2000,HIO,OR,ANM,WE,Towers with Display (VFR),0,9,50,0,59,0,13,271,0,284,0,22,321,0,343,820,0,820,1163
09/06/2000,HIO,OR,ANM,WE,Towers with Display (VFR),0,10,57,0,67,0,11,172,2,185,0,21,229,2,252,628,0,628,880
09/07/2000,HIO,OR,ANM,WE,Towers with Display (VFR),0,9,58,0,67,0,6,242,0,248,0,15,300,0,315,562,0,562,877
09/08/2000,HIO,OR,ANM,WE,Towers with Display (VFR),0,6,35,1,42,0,28,87,2,117,0,34,122,3,159,272,0,272,431
09/09/2000,HIO,OR,ANM,WE,Towers with Display (VFR),0,7,43,0,50,0,8,211,0,219,0,15,254,0,269,486,0,486,755
09/10/2000,HIO,OR,ANM,WE,Towers with Display (VFR),0,4,50,0,54,0,0,69,0,69,0,4,119,0,123,118,0,118,241
09/11/2000,HIO,OR,ANM,WE,Towers with Display (VFR),0,6,35,0,41,0,12,203,0,215,0,18,238,0,256,574,2,576,832
09/12/2000,HIO,OR,ANM,WE,Towers with Display (VFR),0,6,36,1,43,0,21,250,0,271,0,27,286,1,314,446,0,446,760
09/13/2000,HIO,OR,ANM,WE,Towers with Display (VFR),0,4,29,0,33,0,20,309,6,335,0,24,338,6,368,478,0,478,846
09/14/2000,HIO,OR,ANM,WE,Towers with Display (VFR),0,7,46,0,53,0,50,212,0,262,0,57,258,0,315,414,0,414,729
09/15/2000,HIO,OR,ANM,WE,Towers with Display (VFR),0,7,43,0,50,0,45,242,0,287,0,52,285,0,337,612,0,612,949
09/16/2000,HIO,OR,ANM,WE,Towers with Display (VFR),0,5,31,0,36,0,10,213,3,226,0,15,244,3,262,348,0,348,610
09/17/2000,HIO,OR,ANM,WE,Towers with Display (VFR),0,3,23,0,26,0,7,249,0,256,0,10,272,0,282,424,0,424,706
09/18/2000,HIO,OR,ANM,WE,Towers with Display (VFR),0,8,50,0,58,0,27,208,0,235,0,35,258,0,293,588,0,588,881
09/19/2000,HIO,OR,ANM,WE,Towers with Display (VFR),0,9,57,0,66,0,15,235,0,250,0,24,292,0,316,562,0,562,878
09/20/2000,HIO,OR,ANM,WE,Towers with Display (VFR),0,10,62,0,72,0,16,288,0,304,0,26,350,0,376,670,0,670,1046
09/21/2000,HIO,OR,ANM,WE,Towers with Display (VFR),0,14,85,0,99,0,22,203,2,227,0,36,288,2,326,602,0,602,928
09/22/2000,HIO,OR,ANM,WE,Towers with Display (VFR),0,5,30,0,35,0,31,113,0,144,0,36,143,0,179,84,0,84,263
09/23/2000,HIO,OR,ANM,WE,Towers with Display (VFR),0,4,24,0,28,0,6,211,0,217,0,10,235,0,245,340,0,340,585
09/24/2000,HIO,OR,ANM,WE,Towers with Display (VFR),0,2,18,0,20,0,8,333,0,341,0,10,351,0,361,412,0,412,773
09/25/2000,HIO,OR,ANM,WE,Towers with Display (VFR),0,5,33,0,38,0,8,234,2,244,0,13,267,2,282,660,2,662,944
09/26/2000,HIO,OR,ANM,WE,Towers with Display (VFR),0,5,36,0,41,0,22,249,0,271,0,27,285,0,312,498,0,498,810
09/27/2000,HIO,OR,ANM,WE,Towers with Display (VFR),0,8,50,0,58,0,22,326,2,350,0,30,376,2,408,458,2,460,868
09/28/2000,HIO,OR,ANM,WE,Towers with Display (VFR),0,7,44,0,51,0,8,300,0,308,0,15,344,0,359,642,0,642,1001
09/29/2000,HIO,OR,ANM,WE,Towers with Display (VFR),0,4,26,0,30,0,23,249,0,272,0,27,275,0,302,600,0,600,902
09/30/2000,HIO,OR,ANM,WE,Towers with Display (VFR),0,7,46,0,53,0,7,78,0,85,0,14,124,0,138,268,0,268,406
10/01/2000,HIO,OR,ANM,WE,Towers with Display (VFR),0,4,24,0,28,0,3,108,0,111,0,7,132,0,139,174,0,174,313
10/02/2000,HIO,OR,ANM,WE,Towers with Display (VFR),0,5,35,0,40,0,12,183,0,195,0,17,218,0,235,468,0,468,703
10/03/2000,HIO,OR,ANM,WE,Towers with Display (VFR),0,5,32,0,37,0,17,306,3,326,0,22,338,3,363,434,2,436,799
10/04/2000,HIO,OR,ANM,WE,Towers with Display (VFR),0,6,38,0,44,0,21,344,0,365,0,27,382,0,409,626,0,626,1035
10/05/2000,HIO,OR,ANM,WE,Towers with Display (VFR),0,6,38,0,44,0,15,213,0,228,0,21,251,0,272,242,0,242,514
10/06/2000,HIO,OR,ANM,WE,Towers with Display (VFR),0,6,39,0,45,0,25,168,0,193,0,31,207,0,238,182,0,182,420
10/07/2000,HIO,OR,ANM,WE,Towers with Display (VFR),0,3,22,0,25,0,6,293,0,299,0,9,315,0,324,520,0,520,844
10/08/2000,HIO,OR,ANM,WE,Towers with Display (VFR),0,7,45,0,52,0,1,263,0,264,0,8,308,0,316,602,0,602,918
10/09/2000,HIO,OR,ANM,WE,Towers with Display (VFR),0,6,38,0,44,0,15,9,0,24,0,21,47,0,68,86,0,86,154
10/10/2000,HIO,OR,ANM,WE,Towers with Display (VFR),0,6,44,0,50,0,12,103,0,115,0,18,147,0,165,532,0,532,697
10/11/2000,HIO,OR,ANM,WE,Towers with Display (VFR),0,8,52,0,60,0,24,177,0,201,0,32,229,0,261,576,0,576,837
10/12/2000,HIO,OR,ANM,WE,Towers with Display (VFR),0,7,57,0,64,0,9,184,0,193,0,16,241,0,257,710,0,710,967
10/13/2000,HIO,OR,ANM,WE,Towers with Display (VFR),0,10,73,0,83,0,8,90,0,98,0,18,163,0,181,394,0,394,575
10/14/2000,HIO,OR,ANM,WE,Towers with Display (VFR),0,8,59,0,67,0,3,179,0,182,0,11,238,0,249,378,0,378,627
10/15/2000,HIO,OR,ANM,WE,Towers with Display (VFR),0,2,50,0,52,0,0,128,0,128,0,2,178,0,180,196,0,196,376
10/16/2000,HIO,OR,ANM,WE,Towers with Display (VFR),0,5,45,0,50,0,26,231,2,259,0,31,276,2,309,448,0,448,757
10/17/2000,HIO,OR,ANM,WE,Towers with Display (VFR),0,7,58,0,65,0,12,356,0,368,0,19,414,0,433,458,0,458,891
10/18/2000,HIO,OR,ANM,WE,Towers with Display (VFR),0,7,52,0,59,0,18,199,0,217,0,25,251,0,276,334,0,334,610
10/19/2000,HIO,OR,ANM,WE,Towers with Display (VFR),0,7,53,0,60,0,8,46,0,54,0,15,99,0,114,204,0,204,318
10/20/2000,HIO,OR,ANM,WE,Towers with Display (VFR),0,7,55,0,62,0,35,410,0,445,0,42,465,0,507,368,0,368,875
10/21/2000,HIO,OR,ANM,WE,Towers with Display (VFR),0,7,52,0,59,0,17,243,1,261,0,24,295,1,320,456,0,456,776
10/22/2000,HIO,OR,ANM,WE,Towers with Display (VFR),0,2,74,0,76,0,0,127,4,131,0,2,201,4,207,296,0,296,503
10/23/2000,HIO,OR,ANM,WE,Towers with Display (VFR),0,4,31,0,35,0,16,283,2,301,0,20,314,2,336,350,0,350,686
10/24/2000,HIO,OR,ANM,WE,Towers with Display (VFR),0,4,33,0,37,0,17,273,0,290,0,21,306,0,327,508,0,508,835
10/25/2000,HIO,OR,ANM,WE,Towers with Display (VFR),0,7,52,0,59,0,14,242,1,257,0,21,294,1,316,528,0,528,844
10/26/2000,HIO,OR,ANM,WE,Towers with Display (VFR),0,8,66,0,74,0,12,121,0,133,0,20,187,0,207,288,0,288,495
10/27/2000,HIO,OR,ANM,WE,Towers with Display (VFR),0,5,44,0,49,0,6,92,0,98,0,11,136,0,147,198,0,198,345
10/28/2000,HIO,OR,ANM,WE,Towers with Display (VFR),0,4,39,0,43,0,0,158,0,158,0,4,197,0,201,326,0,326,527
10/29/2000,HIO,OR,ANM,WE,Towers with Display (VFR),0,4,37,0,41,0,27,141,0,168,0,31,178,0,209,448,0,448,657
10/30/2000,HIO,OR,ANM,WE,Towers with Display (VFR),0,4,32,0,36,0,16,225,0,241,0,20,257,0,277,484,0,484,761
10/31/2000,HIO,OR,ANM,WE,Towers with Display (VFR),0,7,54,0,61,0,15,10,0,25,0,22,64,0,86,62,0,62,148
11/01/2000,HIO,OR,ANM,WE,Towers with Display (VFR),0,11,65,0,76,0,9,21,2,32,0,20,86,2,108,124,0,124,232
11/02/2000,HIO,OR,ANM,WE,Towers with Display (VFR),0,11,63,0,74,0,0,26,6,32,0,11,89,6,106,150,0,150,256
11/03/2000,HIO,OR,ANM,WE,Towers with Display (VFR),0,9,50,0,59,0,28,286,0,314,0,37,336,0,373,574,0,574,947
11/04/2000,HIO,OR,ANM,WE,Towers with Display (VFR),0,6,37,0,43,0,2,209,0,211,0,8,246,0,254,404,0,404,658
11/05/2000,HIO,OR,ANM,WE,Towers with Display (VFR),0,6,37,0,43,0,2,130,0,132,0,8,167,0,175,478,0,478,653
11/06/2000,HIO,OR,ANM,WE,Towers with Display (VFR),0,8,45,0,53,0,17,202,0,219,0,25,247,0,272,650,0,650,922
11/07/2000,HIO,OR,ANM,WE,Towers with Display (VFR),0,9,58,0,67,0,14,136,0,150,0,23,194,0,217,368,0,368,585
11/08/2000,HIO,OR,ANM,WE,Towers with Display (VFR),0,6,42,0,48,0,10,125,0,135,0,16,167,0,183,688,0,688,871
11/09/2000,HIO,OR,ANM,WE,Towers with Display (VFR),0,8,53,0,61,0,17,123,0,140,0,25,176,0,201,648,0,648,849
11/10/2000,HIO,OR,ANM,WE,Towers with Display (VFR),0,5,37,1,43,0,24,219,2,245,0,29,256,3,288,590,0,590,878
11/11/2000,HIO,OR,ANM,WE,Towers with Display (VFR),0,3,21,1,25,0,7,307,3,317,0,10,328,4,342,557,0,557,899
11/12/2000,HIO,OR,ANM,WE,Towers with Display (VFR),0,2,31,0,33,0,0,198,0,198,0,2,229,0,231,554,0,554,785
11/13/2000,HIO,OR,ANM,WE,Towers with Display (VFR),0,5,36,0,41,0,12,154,0,166,0,17,190,0,207,290,0,290,497
11/14/2000,HIO,OR,ANM,WE,Towers with Display (VFR),0,6,41,1,48,0,16,232,2,250,0,22,273,3,298,474,0,474,772
11/15/2000,HIO,OR,ANM,WE,Towers with Display (VFR),0,7,50,1,58,0,22,196,2,220,0,29,246,3,278,422,0,422,700
11/16/2000,HIO,OR,ANM,WE,Towers with Display (VFR),0,6,39,0,45,0,24,235,0,259,0,30,274,0,304,390,0,390,694
11/17/2000,HIO,OR,ANM,WE,Towers with Display (VFR),0,6,43,0,49,0,14,182,0,196,0,20,225,0,245,404,0,404,649
11/18/2000,HIO,OR,ANM,WE,Towers with Display (VFR),0,5,33,0,38,0,14,205,0,219,0,19,238,0,257,366,0,366,623
11/19/2000,HIO,OR,ANM,WE,Towers with Display (VFR),0,4,26,0,30,0,4,227,1,232,0,8,253,1,262,534,0,534,796
11/20/2000,HIO,OR,ANM,WE,Towers with Display (VFR),0,16,199,0,215,0,0,0,0,0,0,16,199,0,215,400,0,400,615
11/21/2000,HIO,OR,ANM,WE,Towers with Display (VFR),0,7,51,0,58,0,12,218,3,233,0,19,269,3,291,316,0,316,607
11/22/2000,HIO,OR,ANM,WE,Towers with Display (VFR),0,5,34,0,39,0,22,178,2,202,0,27,212,2,241,386,0,386,627
11/23/2000,HIO,OR,ANM,WE,Towers with Display (VFR),0,3,16,0,19,0,3,0,0,3,0,6,16,0,22,0,0,0,22
11/24/2000,HIO,OR,ANM,WE,Towers with Display (VFR),0,5,36,0,41,0,7,14,0,21,0,12,50,0,62,114,0,114,176
11/25/2000,HIO,OR,ANM,WE,Towers with Display (VFR),0,5,35,0,40,0,1,17,0,18,0,6,52,0,58,88,0,88,146
11/26/2000,HIO,OR,ANM,WE,Towers with Display (VFR),0,4,32,0,36,0,0,86,0,86,0,4,118,0,122,204,0,204,326
11/27/2000,HIO,OR,ANM,WE,Towers with Display (VFR),0,6,43,0,49,0,15,129,0,144,0,21,172,0,193,348,0,348,541
11/28/2000,HIO,OR,ANM,WE,Towers with Display (VFR),0,6,45,0,51,0,9,135,0,144,0,15,180,0,195,242,0,242,437
11/29/2000,HIO,OR,ANM,WE,Towers with Display (VFR),0,7,51,0,58,0,15,30,0,45,0,22,81,0,103,136,0,136,239
11/30/2000,HIO,OR,ANM,WE,Towers with Display (VFR),0,7,46,0,53,0,20,157,1,178,0,27,203,1,231,534,0,534,765
12/01/2000,HIO,OR,ANM,WE,Towers with Display (VFR),0,8,49,0,57,0,11,117,0,128,0,19,166,0,185,426,0,426,611
12/02/2000,HIO,OR,ANM,WE,Towers with Display (VFR),0,6,32,0,38,0,0,63,0,63,0,6,95,0,101,260,0,260,361
12/03/2000,HIO,OR,ANM,WE,Towers with Display (VFR),0,6,37,0,43,0,0,175,0,175,0,6,212,0,218,328,0,328,546
12/04/2000,HIO,OR,ANM,WE,Towers with Display (VFR),0,7,40,0,47,0,6,173,0,179,0,13,213,0,226,523,0,523,749
12/05/2000,HIO,OR,ANM,WE,Towers with Display (VFR),0,10,62,0,72,0,9,273,0,282,0,19,335,0,354,488,0,488,842
12/06/2000,HIO,OR,ANM,WE,Towers with Display (VFR),0,7,45,0,52,0,13,244,4,261,0,20,289,4,313,402,0,402,715
12/07/2000,HIO,OR,ANM,WE,Towers with Display (VFR),0,7,39,0,46,0,13,243,0,256,0,20,282,0,302,466,0,466,768
12/08/2000,HIO,OR,ANM,WE,Towers with Display (VFR),0,6,39,0,45,0,16,195,0,211,0,22,234,0,256,432,0,432,688
12/09/2000,HIO,OR,ANM,WE,Towers with Display (VFR),0,5,28,0,33,0,2,8,0,10,0,7,36,0,43,20,0,20,63
12/10/2000,HIO,OR,ANM,WE,Towers with Display (VFR),0,1,27,0,28,0,0,48,0,48,0,1,75,0,76,132,0,132,208
12/11/2000,HIO,OR,ANM,WE,Towers with Display (VFR),0,5,36,0,41,0,17,66,0,83,0,22,102,0,124,102,0,102,226
12/12/2000,HIO,OR,ANM,WE,Towers with Display (VFR),0,4,29,0,33,0,29,117,0,146,0,33,146,0,179,424,0,424,603
12/13/2000,HIO,OR,ANM,WE,Towers with Display (VFR),0,3,22,0,25,0,2,0,0,2,0,5,22,0,27,22,0,22,49
12/14/2000,HIO,OR,ANM,WE,Towers with Display (VFR),0,4,32,0,36,0,8,9,0,17,0,12,41,0,53,0,0,0,53
12/15/2000,HIO,OR,ANM,WE,Towers with Display (VFR),0,7,47,0,54,0,16,130,0,146,0,23,177,0,200,358,0,358,558
12/16/2000,HIO,OR,ANM,WE,Towers with Display (VFR),0,3,20,0,23,0,4,69,0,73,0,7,89,0,96,166,0,166,262
12/17/2000,HIO,OR,ANM,WE,Towers with Display (VFR),0,5,34,0,39,0,2,275,0,277,0,7,309,0,316,272,0,272,588
12/18/2000,HIO,OR,ANM,WE,Towers with Display (VFR),0,5,40,0,45,0,9,175,0,184,0,14,215,0,229,454,0,454,683
12/19/2000,HIO,OR,ANM,WE,Towers with Display (VFR),0,13,84,0,97,0,6,0,0,6,0,19,84,0,103,22,0,22,125
12/20/2000,HIO,OR,ANM,WE,Towers with Display (VFR),0,8,59,0,67,0,8,70,0,78,0,16,129,0,145,358,0,358,503
12/21/2000,HIO,OR,ANM,WE,Towers with Display (VFR),0,7,50,0,57,0,10,47,0,57,0,17,97,0,114,184,0,184,298
12/22/2000,HIO,OR,ANM,WE,Towers with Display (VFR),0,8,58,0,66,0,12,49,0,61,0,20,107,0,127,148,0,148,275
12/23/2000,HIO,OR,ANM,WE,Towers with Display (VFR),0,5,34,0,39,0,6,43,0,49,0,11,77,0,88,166,0,166,254
12/24/2000,HIO,OR,ANM,WE,Towers with Display (VFR),0,2,26,0,28,0,0,36,0,36,0,2,62,0,64,88,0,88,152
12/25/2000,HIO,OR,ANM,WE,Towers with Display (VFR),0,1,8,0,9,0,6,86,0,92,0,7,94,0,101,126,0,126,227
12/26/2000,HIO,OR,ANM,WE,Towers with Display (VFR),0,6,45,0,51,0,8,130,0,138,0,14,175,0,189,232,0,232,421
12/27/2000,HIO,OR,ANM,WE,Towers with Display (VFR),0,8,55,0,63,0,1,108,2,111,0,9,163,2,174,266,0,266,440
12/28/2000,HIO,OR,ANM,WE,Towers with Display (VFR),0,7,50,0,57,0,7,162,2,171,0,14,212,2,228,0,356,356,584
12/29/2000,HIO,OR,ANM,WE,Towers with Display (VFR),0,5,38,0,43,0,6,192,2,200,0,11,230,2,243,448,0,448,691
12/30/2000,HIO,OR,ANM,WE,Towers with Display (VFR),0,7,51,0,58,0,10,59,0,69,0,17,110,0,127,168,0,168,295
12/31/2000,HIO,OR,ANM,WE,Towers with Display (VFR),0,2,49,0,51,0,0,19,0,19,0,2,68,0,70,32,0,32,102
01/01/2001,HIO,OR,ANM,WE,Towers with Display (VFR),0,5,30,0,35,0,2,43,0,45,0,7,73,0,80,70,0,70,150
01/02/2001,HIO,OR,ANM,WE,Towers with Display (VFR),0,8,46,1,55,0,14,210,4,228,0,22,256,5,283,334,2,336,619
01/03/2001,HIO,OR,ANM,WE,Towers with Display (VFR),0,8,43,0,51,0,13,157,0,170,0,21,200,0,221,378,0,378,599
01/04/2001,HIO,OR,ANM,WE,Towers with Display (VFR),0,12,58,1,71,0,13,192,1,206,0,25,250,2,277,362,0,362,639
01/05/2001,HIO,OR,ANM,WE,Towers with Display (VFR),0,11,49,1,61,0,15,161,8,184,0,26,210,9,245,234,0,234,479
01/06/2001,HIO,OR,ANM,WE,Towers with Display (VFR),0,5,43,1,49,0,0,189,0,189,0,5,232,1,238,218,0,218,456
01/07/2001,HIO,OR,ANM,WE,Towers with Display (VFR),0,3,33,1,37,0,0,145,8,153,0,3,178,9,190,208,0,208,398
01/08/2001,HIO,OR,ANM,WE,Towers with Display (VFR),0,10,45,0,55,0,9,25,0,34,0,19,70,0,89,240,0,240,329
01/09/2001,HIO,OR,ANM,WE,Towers with Display (VFR),0,6,30,0,36,0,2,36,0,38,0,8,66,0,74,84,0,84,158
01/10/2001,HIO,OR,ANM,WE,Towers with Display (VFR),0,11,50,1,62,0,5,155,1,161,0,16,205,2,223,418,0,418,641
01/11/2001,HIO,OR,ANM,WE,Towers with Display (VFR),0,10,45,1,56,0,1,225,1,227,0,11,270,2,283,283,0,283,566
01/12/2001,HIO,OR,ANM,WE,Towers with Display (VFR),0,8,38,0,46,0,15,122,0,137,0,23,160,0,183,354,0,354,537
01/13/2001,HIO,OR,ANM,WE,Towers with Display (VFR),0,1,24,0,25,0,0,40,0,40,0,1,64,0,65,150,0,150,215
01/14/2001,HIO,OR,ANM,WE,Towers with Display (VFR),0,9,43,0,52,0,1,41,0,42,0,10,84,0,94,74,0,74,168
01/15/2001,HIO,OR,ANM,WE,Towers with Display (VFR),0,10,49,0,59,0,8,199,0,207,0,18,248,0,266,510,0,510,776
01/16/2001,HIO,OR,ANM,WE,Towers with Display (VFR),0,5,25,0,30,0,13,218,0,231,0,18,243,0,261,546,0,546,807
01/17/2001,HIO,OR,ANM,WE,Towers with Display (VFR),0,12,58,1,71,0,15,213,1,229,0,27,271,2,300,618,2,620,920
01/18/2001,HIO,OR,ANM,WE,Towers with Display (VFR),0,13,58,0,71,0,14,184,0,198,0,27,242,0,269,644,0,644,913
01/19/2001,HIO,OR,ANM,WE,Towers with Display (VFR),0,12,57,1,70,0,12,111,10,133,0,24,168,11,203,324,0,324,527
01/20/2001,HIO,OR,ANM,WE,Towers with Display (VFR),0,5,24,0,29,0,8,170,0,178,0,13,194,0,207,368,0,368,575
01/21/2001,HIO,OR,ANM,WE,Towers with Display (VFR),0,3,36,0,39,0,0,4,0,4,0,3,40,0,43,22,0,22,65
01/22/2001,HIO,OR,ANM,WE,Towers with Display (VFR),0,6,30,0,36,0,13,171,0,184,0,19,201,0,220,250,0,250,470
01/23/2001,HIO,OR,ANM,WE,Towers with Display (VFR),0,8,38,0,46,0,22,61,6,89,0,30,99,6,135,208,4,212,347
01/24/2001,HIO,OR,ANM,WE,Towers with Display (VFR),0,11,55,0,66,0,11,34,1,46,0,22,89,1,112,302,0,302,414
01/25/2001,HIO,OR,ANM,WE,Towers with Display (VFR),0,9,45,0,54,0,22,171,4,197,0,31,216,4,251,606,0,606,857
01/26/2001,HIO,OR,ANM,WE,Towers with Display (VFR),0,8,40,0,48,0,19,213,3,235,0,27,253,3,283,460,0,460,743
01/27/2001,HIO,OR,ANM,WE,Towers with Display (VFR),0,8,37,0,45,0,6,297,0,303,0,14,334,0,348,388,0,388,736
01/28/2001,HIO,OR,ANM,WE,Towers with Display (VFR),0,7,37,0,44,0,3,255,0,258,0,10,292,0,302,354,0,354,656
01/29/2001,HIO,OR,ANM,WE,Towers with Display (VFR),0,8,41,0,49,0,19,122,0,141,0,27,163,0,190,372,0,372,562
01/30/2001,HIO,OR,ANM,WE,Towers with Display (VFR),0,10,47,0,57,0,20,175,0,195,0,30,222,0,252,676,0,676,928
01/31/2001,HIO,OR,ANM,WE,Towers with Display (VFR),0,10,48,0,58,0,36,80,2,118,0,46,128,2,176,314,0,314,490
02/01/2001,HIO,OR,ANM,WE,Towers with Display (VFR),0,12,46,2,60,0,7,129,0,136,0,19,175,2,196,360,0,360,556
02/02/2001,HIO,OR,ANM,WE,Towers with Display (VFR),1,8,2,0,11,11,112,0,0,123,12,120,2,0,134,304,0,304,438
02/03/2001,HIO,OR,ANM,WE,Towers with Display (VFR),0,4,27,0,31,0,0,19,0,19,0,4,46,0,50,60,0,60,110
02/04/2001,HIO,OR,ANM,WE,Towers with Display (VFR),0,2,31,0,33,0,0,55,0,55,0,2,86,0,88,250,0,250,338
02/05/2001,HIO,OR,ANM,WE,Towers with Display (VFR),0,12,43,0,55,0,14,172,0,186,0,26,215,0,241,634,0,634,875
02/06/2001,HIO,OR,ANM,WE,Towers with Display (VFR),0,10,36,0,46,0,19,197,0,216,0,29,233,0,262,522,0,522,784
02/07/2001,HIO,OR,ANM,WE,Towers with Display (VFR),0,11,41,4,56,0,27,277,0,304,0,38,318,4,360,468,2,470,830
02/08/2001,HIO,OR,ANM,WE,Towers with Display (VFR),0,11,40,1,52,0,14,24,0,38,0,25,64,1,90,290,0,290,380
02/09/2001,HIO,OR,ANM,WE,Towers with Display (VFR),0,12,43,2,57,0,5,186,0,191,0,17,229,2,248,380,0,380,628
02/10/2001,HIO,OR,ANM,WE,Towers with Display (VFR),0,5,34,0,39,0,0,132,0,132,0,5,166,0,171,312,0,312,483
02/11/2001,HIO,OR,ANM,WE,Towers with Display (VFR),0,6,24,0,30,0,3,190,0,193,0,9,214,0,223,360,0,360,583
02/12/2001,HIO,OR,ANM,WE,Towers with Display (VFR),0,13,44,3,60,0,19,270,0,289,0,32,314,3,349,460,0,460,809
02/13/2001,HIO,OR,ANM,WE,Towers with Display (VFR),0,15,48,1,64,0,15,307,0,322,0,30,355,1,386,590,0,590,976
02/14/2001,HIO,OR,ANM,WE,Towers with Display (VFR),0,11,35,1,47,0,17,214,0,231,0,28,249,1,278,486,0,486,764
02/15/2001,HIO,OR,ANM,WE,Towers with Display (VFR),0,13,45,3,61,0,16,54,0,70,0,29,99,3,131,472,0,472,603
02/16/2001,HIO,OR,ANM,WE,Towers with Display (VFR),0,12,40,0,52,0,18,128,0,146,0,30,168,0,198,574,0,574,772
02/17/2001,HIO,OR,ANM,WE,Towers with Display (VFR),0,4,28,0,32,0,0,164,0,164,0,4,192,0,196,310,0,310,506
02/18/2001,HIO,OR,ANM,WE,Towers with Display (VFR),0,8,26,0,34,0,1,114,0,115,0,9,140,0,149,332,0,332,481
02/19/2001,HIO,OR,ANM,WE,Towers with Display (VFR),0,8,26,0,34,0,21,257,0,278,0,29,283,0,312,616,0,616,928
02/20/2001,HIO,OR,ANM,WE,Towers with Display (VFR),0,9,30,2,41,0,15,204,0,219,0,24,234,2,260,426,0,426,686
02/21/2001,HIO,OR,ANM,WE,Towers with Display (VFR),0,13,44,2,59,0,12,117,0,129,0,25,161,2,188,380,0,380,568
02/22/2001,HIO,OR,ANM,WE,Towers with Display (VFR),0,15,51,0,66,0,10,204,0,214,0,25,255,0,280,514,0,514,794
02/23/2001,HIO,OR,ANM,WE,Towers with Display (VFR),0,14,47,0,61,0,5,170,0,175,0,19,217,0,236,444,0,444,680
02/24/2001,HIO,OR,ANM,WE,Towers with Display (VFR),0,6,18,0,24,0,4,309,0,313,0,10,327,0,337,402,0,402,739
02/25/2001,HIO,OR,ANM,WE,Towers with Display (VFR),0,8,24,0,32,0,2,265,0,267,0,10,289,0,299,446,0,446,745
02/26/2001,HIO,OR,ANM,WE,Towers with Display (VFR),0,8,25,0,33,0,23,240,0,263,0,31,265,0,296,426,0,426,722
02/27/2001,HIO,OR,ANM,WE,Towers with Display (VFR),0,13,45,6,64,0,11,268,2,281,0,24,313,8,345,414,0,414,759
02/28/2001,HIO,OR,ANM,WE,Towers with Display (VFR),0,14,46,0,60,0,15,254,0,269,0,29,300,0,329,412,0,412,741
03/01/2001,HIO,OR,ANM,WE,Towers with Display (VFR),0,12,43,0,55,0,9,124,0,133,0,21,167,0,188,268,0,268,456
03/02/2001,HIO,OR,ANM,WE,Towers with Display (VFR),0,18,65,0,83,0,5,124,0,129,0,23,189,0,212,292,0,292,504
03/03/2001,HIO,OR,ANM,WE,Towers with Display (VFR),0,10,38,0,48,0,5,218,2,225,0,15,256,2,273,346,0,346,619
03/04/2001,HIO,OR,ANM,WE,Towers with Display (VFR),0,4,35,0,39,0,0,149,0,149,0,4,184,0,188,210,0,210,398
03/05/2001,HIO,OR,ANM,WE,Towers with Display (VFR),0,7,28,0,35,0,15,217,0,232,0,22,245,0,267,282,0,282,549
03/06/2001,HIO,OR,ANM,WE,Towers with Display (VFR),0,11,44,0,55,0,21,235,0,256,0,32,279,0,311,438,0,438,749
03/07/2001,HIO,OR,ANM,WE,Towers with Display (VFR),0,9,36,0,45,0,17,270,0,287,0,26,306,0,332,640,0,640,972
03/08/2001,HIO,OR,ANM,WE,Towers with Display (VFR),0,13,52,1,66,0,10,119,1,130,0,23,171,2,196,382,0,382,578
03/09/2001,HIO,OR,ANM,WE,Towers with Display (VFR),0,16,62,0,78,0,2,172,0,174,0,18,234,0,252,536,0,536,788
03/10/2001,HIO,OR,ANM,WE,Towers with Display (VFR),0,9,38,0,47,0,0,283,0,283,0,9,321,0,330,468,0,468,798
03/11/2001,HIO,OR,ANM,WE,Towers with Display (VFR),0,8,36,0,44,0,0,268,0,268,0,8,304,0,312,330,0,330,642
03/12/2001,HIO,OR,ANM,WE,Towers with Display (VFR),0,11,45,0,56,0,32,220,0,252,0,43,265,0,308,534,0,534,842
03/13/2001,HIO,OR,ANM,WE,Towers with Display (VFR),0,13,52,0,65,0,30,179,0,209,0,43,231,0,274,356,0,356,630
03/14/2001,HIO,OR,ANM,WE,Towers with Display (VFR),0,14,55,1,70,0,19,159,0,178,0,33,214,1,248,382,0,382,630
03/15/2001,HIO,OR,ANM,WE,Towers with Display (VFR),0,17,67,1,85,0,10,64,1,75,0,27,131,2,160,258,0,258,418
03/16/2001,HIO,OR,ANM,WE,Towers with Display (VFR),0,18,84,0,102,0,0,2,0,2,0,18,86,0,104,70,0,70,174
03/17/2001,HIO,OR,ANM,WE,Towers with Display (VFR),0,15,60,0,75,0,9,101,0,110,0,24,161,0,185,378,0,378,563
03/18/2001,HIO,OR,ANM,WE,Towers with Display (VFR),0,7,28,0,35,0,8,94,0,102,0,15,122,0,137,316,0,316,453
03/19/2001,HIO,OR,ANM,WE,Towers with Display (VFR),0,9,37,0,46,0,10,277,0,287,0,19,314,0,333,654,0,654,987
03/20/2001,HIO,OR,ANM,WE,Towers with Display (VFR),0,13,54,0,67,0,19,309,3,331,0,32,363,3,398,628,2,630,1028
03/21/2001,HIO,OR,ANM,WE,Towers with Display (VFR),0,14,55,0,69,0,18,319,2,339,0,32,374,2,408,513,0,513,921
03/22/2001,HIO,OR,ANM,WE,Towers with Display (VFR),0,13,51,0,64,0,13,283,4,300,0,26,334,4,364,542,0,542,906
03/23/2001,HIO,OR,ANM,WE,Towers with Display (VFR),0,13,50,0,63,0,22,343,0,365,0,35,393,0,428,570,0,570,998
03/24/2001,HIO,OR,ANM,WE,Towers with Display (VFR),0,7,29,0,36,0,3,205,0,208,0,10,234,0,244,744,0,744,988
03/25/2001,HIO,OR,ANM,WE,Towers with Display (VFR),0,3,20,0,23,0,0,115,0,115,0,3,135,0,138,166,0,166,304
03/26/2001,HIO,OR,ANM,WE,Towers with Display (VFR),0,7,27,0,34,0,21,276,0,297,0,28,303,0,331,674,0,674,1005
03/27/2001,HIO,OR,ANM,WE,Towers with Display (VFR),0,15,59,0,74,0,7,57,0,64,0,22,116,0,138,236,0,236,374
03/28/2001,HIO,OR,ANM,WE,Towers with Display (VFR),0,14,55,0,69,0,11,145,0,156,0,25,200,0,225,814,0,814,1039
03/29/2001,HIO,OR,ANM,WE,Towers with Display (VFR),0,17,70,0,87,0,13,203,0,216,0,30,273,0,303,726,0,726,1029
03/30/2001,HIO,OR,ANM,WE,Towers with Display (VFR),0,12,50,0,62,0,6,275,0,281,0,18,325,0,343,616,0,616,959
03/31/2001,HIO,OR,ANM,WE,Towers with Display (VFR),0,7,45,0,52,0,0,111,3,114,0,7,156,3,166,372,4,376,542
04/01/2001,HIO,OR,ANM,WE,Towers with Display (VFR),0,3,48,0,51,0,7,217,0,224,0,10,265,0,275,344,0,344,619
04/02/2001,HIO,OR,ANM,WE,Towers with Display (VFR),0,17,32,0,49,0,9,95,0,104,0,26,127,0,153,258,0,258,411
04/03/2001,HIO,OR,ANM,WE,Towers with Display (VFR),0,13,49,0,62,0,6,171,0,177,0,19,220,0,239,474,0,474,713
04/04/2001,HIO,OR,ANM,WE,Towers with Display (VFR),0,15,37,0,52,0,5,285,0,290,0,20,322,0,342,740,0,740,1082
04/05/2001,HIO,OR,ANM,WE,Towers with Display (VFR),0,12,45,1,58,0,14,215,1,230,0,26,260,2,288,440,0,440,728
04/06/2001,HIO,OR,ANM,WE,Towers with Display (VFR),0,16,36,1,53,0,25,146,1,172,0,41,182,2,225,510,0,510,735
04/07/2001,HIO,OR,ANM,WE,Towers with Display (VFR),0,5,27,1,33,0,12,152,2,166,0,17,179,3,199,302,0,302,501
04/08/2001,HIO,OR,ANM,WE,Towers with Display (VFR),0,3,12,1,16,0,6,107,0,113,0,9,119,1,129,278,0,278,407
04/09/2001,HIO,OR,ANM,WE,Towers with Display (VFR),0,18,45,0,63,0,19,159,0,178,0,37,204,0,241,414,0,414,655
04/10/2001,HIO,OR,ANM,WE,Towers with Display (VFR),0,16,61,2,79,0,2,56,2,60,0,18,117,4,139,124,0,124,263
04/11/2001,HIO,OR,ANM,WE,Towers with Display (VFR),0,18,64,0,82,0,8,289,0,297,0,26,353,0,379,370,2,372,751
04/12/2001,HIO,OR,ANM,WE,Towers with Display (VFR),0,13,49,0,62,0,14,168,8,190,0,27,217,8,252,444,0,444,696
04/13/2001,HIO,OR,ANM,WE,Towers with Display (VFR),0,6,25,0,31,0,30,185,5,220,0,36,210,5,251,500,0,500,751
04/14/2001,HIO,OR,ANM,WE,Towers with Display (VFR),0,11,47,0,58,0,0,253,2,255,0,11,300,2,313,228,0,228,541
04/15/2001,HIO,OR,ANM,WE,Towers with Display (VFR),0,1,21,0,22,0,6,163,0,169,0,7,184,0,191,252,0,252,443
04/16/2001,HIO,OR,ANM,WE,Towers with Display (VFR),0,16,41,0,57,0,16,206,0,222,0,32,247,0,279,386,0,386,665
04/17/2001,HIO,OR,ANM,WE,Towers with Display (VFR),0,14,36,0,50,0,19,141,0,160,0,33,177,0,210,402,0,402,612
04/18/2001,HIO,OR,ANM,WE,Towers with Display (VFR),0,21,59,0,80,0,20,187,2,209,0,41,246,2,289,446,0,446,735
04/19/2001,HIO,OR,ANM,WE,Towers with Display (VFR),0,18,72,0,90,0,14,222,0,236,0,32,294,0,326,700,0,700,1026
04/20/2001,HIO,OR,ANM,WE,Towers with Display (VFR),0,14,52,0,66,0,17,108,2,127,0,31,160,2,193,342,0,342,535
04/21/2001,HIO,OR,ANM,WE,Towers with Display (VFR),0,3,23,0,26,0,10,365,0,375,0,13,388,0,401,608,0,608,1009
04/22/2001,HIO,OR,ANM,WE,Towers with Display (VFR),0,4,40,0,44,0,7,108,2,117,0,11,148,2,161,284,0,284,445
04/23/2001,HIO,OR,ANM,WE,Towers with Display (VFR),0,14,63,0,77,0,15,144,0,159,0,29,207,0,236,556,0,556,792
04/24/2001,HIO,OR,ANM,WE,Towers with Display (VFR),0,9,51,1,61,0,8,256,1,265,0,17,307,2,326,502,0,502,828
04/25/2001,HIO,OR,ANM,WE,Towers with Display (VFR),0,15,34,0,49,0,15,380,0,395,0,30,414,0,444,658,0,658,1102
04/26/2001,HIO,OR,ANM,WE,Towers with Display (VFR),0,14,50,0,64,0,19,284,2,305,0,33,334,2,369,722,0,722,1091
04/27/2001,HIO,OR,ANM,WE,Towers with Display (VFR),0,18,66,0,84,0,11,217,6,234,0,29,283,6,318,774,0,774,1092
04/28/2001,HIO,OR,ANM,WE,Towers with Display (VFR),0,2,25,0,27,0,9,130,0,139,0,11,155,0,166,244,6,250,416
04/29/2001,HIO,OR,ANM,WE,Towers with Display (VFR),0,1,16,1,18,0,2,19,0,21,0,3,35,1,39,10,0,10,49
04/30/2001,HIO,OR,ANM,WE,Towers with Display (VFR),0,10,37,0,47,0,17,42,0,59,0,27,79,0,106,178,0,178,284
05/01/2001,HIO,OR,ANM,WE,Towers with Display (VFR),0,19,47,0,66,0,22,162,0,184,0,41,209,0,250,610,0,610,860
05/02/2001,HIO,OR,ANM,WE,Towers with Display (VFR),0,21,38,0,59,0,21,258,2,281,0,42,296,2,340,638,0,638,978
05/03/2001,HIO,OR,ANM,WE,Towers with Display (VFR),0,20,49,0,69,0,17,347,0,364,0,37,396,0,433,1012,0,1012,1445
05/04/2001,HIO,OR,ANM,WE,Towers with Display (VFR),0,12,54,1,67,0,25,337,1,363,0,37,391,2,430,710,0,710,1140
05/05/2001,HIO,OR,ANM,WE,Towers with Display (VFR),0,2,46,0,48,0,3,257,2,262,0,5,303,2,310,422,0,422,732
05/06/2001,HIO,OR,ANM,WE,Towers with Display (VFR),0,1,28,0,29,0,12,305,1,318,0,13,333,1,347,274,0,274,621
05/07/2001,HIO,OR,ANM,WE,Towers with Display (VFR),0,18,37,0,55,0,20,264,0,284,0,38,301,0,339,640,0,640,979
05/08/2001,HIO,OR,ANM,WE,Towers with Display (VFR),0,10,37,0,47,0,32,263,0,295,0,42,300,0,342,576,0,576,918
05/09/2001,HIO,OR,ANM,WE,Towers with Display (VFR),0,17,43,0,60,0,23,262,0,285,0,40,305,0,345,692,0,692,1037
05/10/2001,HIO,OR,ANM,WE,Towers with Display (VFR),0,17,37,0,54,0,26,306,4,336,0,43,343,4,390,802,0,802,1192
05/11/2001,HIO,OR,ANM,WE,Towers with Display (VFR),0,13,38,0,51,0,15,271,0,286,0,28,309,0,337,700,0,700,1037
05/12/2001,HIO,OR,ANM,WE,Towers with Display (VFR),0,3,36,0,39,0,5,255,0,260,0,8,291,0,299,450,0,450,749
05/13/2001,HIO,OR,ANM,WE,Towers with Display (VFR),0,5,21,0,26,0,5,171,0,176,0,10,192,0,202,136,0,136,338
05/14/2001,HIO,OR,ANM,WE,Towers with Display (VFR),0,18,66,0,84,0,13,28,0,41,0,31,94,0,125,64,0,64,189
05/15/2001,HIO,OR,ANM,WE,Towers with Display (VFR),0,18,58,0,76,0,17,42,4,63,0,35,100,4,139,462,0,462,601
05/16/2001,HIO,OR,ANM,WE,Towers with Display (VFR),0,18,71,0,89,0,17,236,5,258,0,35,307,5,347,906,0,906,1253
05/17/2001,HIO,OR,ANM,WE,Towers with Display (VFR),0,8,79,0,87,0,17,246,0,263,0,25,325,0,350,896,0,896,1246
05/18/2001,HIO,OR,ANM,WE,Towers with Display (VFR),0,14,65,0,79,0,13,270,13,296,0,27,335,13,375,780,10,790,1165
05/19/2001,HIO,OR,ANM,WE,Towers with Display (VFR),0,0,26,0,26,0,4,435,0,439,0,4,461,0,465,590,0,590,1055
05/20/2001,HIO,OR,ANM,WE,Towers with Display (VFR),0,0,17,0,17,0,21,335,0,356,0,21,352,0,373,538,0,538,911
05/21/2001,HIO,OR,ANM,WE,Towers with Display (VFR),0,14,26,0,40,0,15,243,1,259,0,29,269,1,299,666,0,666,965
05/22/2001,HIO,OR,ANM,WE,Towers with Display (VFR),0,18,54,1,73,0,5,231,0,236,0,23,285,1,309,686,0,686,995
05/23/2001,HIO,OR,ANM,WE,Towers with Display (VFR),0,17,42,0,59,0,20,249,0,269,0,37,291,0,328,636,0,636,964
05/24/2001,HIO,OR,ANM,WE,Towers with Display (VFR),0,20,47,0,67,0,7,226,0,233,0,27,273,0,300,504,0,504,804
05/25/2001,HIO,OR,ANM,WE,Towers with Display (VFR),0,17,51,0,68,0,13,275,0,288,0,30,326,0,356,708,0,708,1064
05/26/2001,HIO,OR,ANM,WE,Towers with Display (VFR),0,2,24,0,26,0,28,302,0,330,0,30,326,0,356,708,0,708,1064
05/27/2001,HIO,OR,ANM,WE,Towers with Display (VFR),0,2,23,0,25,0,8,133,0,141,0,10,156,0,166,302,0,302,468
05/28/2001,HIO,OR,ANM,WE,Towers with Display (VFR),0,6,32,0,38,0,2,79,0,81,0,8,111,0,119,66,0,66,185
05/29/2001,HIO,OR,ANM,WE,Towers with Display (VFR),0,18,31,0,49,0,10,245,0,255,0,28,276,0,304,670,0,670,974
05/30/2001,HIO,OR,ANM,WE,Towers with Display (VFR),0,20,53,0,73,0,20,234,0,254,0,40,287,0,327,604,0,604,931
05/31/2001,HIO,OR,ANM,WE,Towers with Display (VFR),0,14,27,0,41,0,39,247,0,286,0,53,274,0,327,576,0,576,903
06/01/2001,HIO,OR,ANM,WE,Towers with Display (VFR),0,14,57,0,71,0,9,132,0,141,0,23,189,0,212,422,0,422,634
06/02/2001,HIO,OR,ANM,WE,Towers with Display (VFR),0,4,45,0,49,0,5,196,0,201,0,9,241,0,250,243,0,243,493
06/03/2001,HIO,OR,ANM,WE,Towers with Display (VFR),0,1,40,0,41,0,4,200,2,206,0,5,240,2,247,478,0,478,725
06/04/2001,HIO,OR,ANM,WE,Towers with Display (VFR),0,15,65,0,80,0,10,2478,2,2490,0,25,2543,2,2570,616,0,616,3186
06/05/2001,HIO,OR,ANM,WE,Towers with Display (VFR),0,16,86,0,102,0,7,81,0,88,0,23,167,0,190,232,0,232,422
06/06/2001,HIO,OR,ANM,WE,Towers with Display (VFR),0,20,79,0,99,0,14,230,0,244,0,34,309,0,343,590,0,590,933
06/07/2001,HIO,OR,ANM,WE,Towers with Display (VFR),0,19,39,0,58,0,16,286,0,302,0,35,325,0,360,550,0,550,910
06/08/2001,HIO,OR,ANM,WE,Towers with Display (VFR),0,22,56,0,78,0,20,293,0,313,0,42,349,0,391,558,0,558,949
06/09/2001,HIO,OR,ANM,WE,Towers with Display (VFR),0,3,24,0,27,0,7,248,0,255,0,10,272,0,282,384,0,384,666
06/10/2001,HIO,OR,ANM,WE,Towers with Display (VFR),0,7,28,1,36,0,22,238,3,263,0,29,266,4,299,334,0,334,633
06/11/2001,HIO,OR,ANM,WE,Towers with Display (VFR),0,18,44,0,62,0,7,80,0,87,0,25,124,0,149,196,0,196,345
06/12/2001,HIO,OR,ANM,WE,Towers with Display (VFR),0,17,44,0,61,0,19,178,2,199,0,36,222,2,260,532,0,532,792
06/13/2001,HIO,OR,ANM,WE,Towers with Display (VFR),0,13,52,0,65,0,14,266,4,284,0,27,318,4,349,488,0,488,837
06/14/2001,HIO,OR,ANM,WE,Towers with Display (VFR),0,15,49,0,64,0,11,262,0,273,0,26,311,0,337,518,0,518,855
06/15/2001,HIO,OR,ANM,WE,Towers with Display (VFR),0,15,36,0,51,0,11,267,4,282,0,26,303,4,333,630,0,630,963
06/16/2001,HIO,OR,ANM,WE,Towers with Display (VFR),0,5,34,0,39,0,10,310,0,320,0,15,344,0,359,504,0,504,863
06/17/2001,HIO,OR,ANM,WE,Towers with Display (VFR),0,2,31,0,33,0,8,252,0,260,0,10,283,0,293,572,0,572,865
06/18/2001,HIO,OR,ANM,WE,Towers with Display (VFR),0,11,63,0,74,0,26,218,0,244,0,37,281,0,318,858,0,858,1176
06/19/2001,HIO,OR,ANM,WE,Towers with Display (VFR),0,15,71,0,86,0,17,271,0,288,0,32,342,0,374,638,0,638,1012
06/20/2001,HIO,OR,ANM,WE,Towers with Display (VFR),0,15,70,1,86,0,18,278,4,300,0,33,348,5,386,488,0,488,874
06/21/2001,HIO,OR,ANM,WE,Towers with Display (VFR),0,15,59,0,74,0,9,308,2,319,0,24,367,2,393,456,0,456,849
06/22/2001,HIO,OR,ANM,WE,Towers with Display (VFR),0,19,78,2,99,0,2,260,0,262,0,21,338,2,361,466,0,466,827
06/23/2001,HIO,OR,ANM,WE,Towers with Display (VFR),0,3,39,0,42,0,8,262,0,270,0,11,301,0,312,480,0,480,792
06/24/2001,HIO,OR,ANM,WE,Towers with Display (VFR),0,3,56,2,61,0,4,130,2,136,0,7,186,4,197,230,0,230,427
06/25/2001,HIO,OR,ANM,WE,Towers with Display (VFR),0,11,50,0,61,0,11,291,4,306,0,22,341,4,367,524,0,524,891
06/26/2001,HIO,OR,ANM,WE,Towers with Display (VFR),0,18,68,0,86,0,11,245,3,259,0,29,313,3,345,692,0,692,1037
06/27/2001,HIO,OR,ANM,WE,Towers with Display (VFR),0,17,44,0,61,0,13,75,0,88,0,30,119,0,149,280,0,280,429
06/28/2001,HIO,OR,ANM,WE,Towers with Display (VFR),0,13,82,0,95,0,24,254,2,280,0,37,336,2,375,604,0,604,979
06/29/2001,HIO,OR,ANM,WE,Towers with Display (VFR),0,18,77,0,95,0,43,258,48,349,0,61,335,48,444,338,0,338,782
06/30/2001,HIO,OR,ANM,WE,Towers with Display (VFR),0,1,24,0,25,0,7,270,0,277,0,8,294,0,302,228,0,228,530
07/01/2001,HIO,OR,ANM,WE,Towers with Display (VFR),0,0,5,7,12,0,21,260,7,288,0,21,265,14,300,74,0,74,374
07/02/2001,HIO,OR,ANM,WE,Towers with Display (VFR),0,14,41,9,64,0,7,373,1,381,0,21,414,10,445,466,0,466,911
07/03/2001,HIO,OR,ANM,WE,Towers with Display (VFR),0,16,55,1,72,0,23,283,13,319,0,39,338,14,391,368,10,378,769
07/04/2001,HIO,OR,ANM,WE,Towers with Display (VFR),0,0,19,0,19,0,7,237,0,244,0,7,256,0,263,268,0,268,531
07/05/2001,HIO,OR,ANM,WE,Towers with Display (VFR),0,15,45,0,60,0,3,291,0,294,0,18,336,0,354,392,0,392,746
07/06/2001,HIO,OR,ANM,WE,Towers with Display (VFR),0,15,45,0,60,0,12,261,0,273,0,27,306,0,333,340,0,340,673
07/07/2001,HIO,OR,ANM,WE,Towers with Display (VFR),0,4,22,0,26,0,3,291,4,298,0,7,313,4,324,322,0,322,646
07/08/2001,HIO,OR,ANM,WE,Towers with Display (VFR),0,4,40,0,44,0,3,236,2,241,0,7,276,2,285,216,0,216,501
07/09/2001,HIO,OR,ANM,WE,Towers with Display (VFR),0,13,38,0,51,0,9,194,0,203,0,22,232,0,254,330,0,330,584
07/10/2001,HIO,OR,ANM,WE,Towers with Display (VFR),0,21,45,0,66,0,10,252,0,262,0,31,297,0,328,390,0,390,718
07/11/2001,HIO,OR,ANM,WE,Towers with Display (VFR),0,19,49,0,68,0,11,259,0,270,0,30,308,0,338,328,0,328,666
07/12/2001,HIO,OR,ANM,WE,Towers with Display (VFR),0,15,47,0,62,0,10,270,4,284,0,25,317,4,346,478,0,478,824
07/13/2001,HIO,OR,ANM,WE,Towers with Display (VFR),0,17,52,0,69,0,13,340,1,354,0,30,392,1,423,320,0,320,743
07/14/2001,HIO,OR,ANM,WE,Towers with Display (VFR),0,2,29,0,31,0,9,267,0,276,0,11,296,0,307,346,0,346,653
07/15/2001,HIO,OR,ANM,WE,Towers with Display (VFR),0,2,54,0,56,0,5,175,0,180,0,7,229,0,236,320,0,320,556
07/16/2001,HIO,OR,ANM,WE,Towers with Display (VFR),0,12,47,4,63,0,12,232,0,244,0,24,279,4,307,462,0,462,769
07/17/2001,HIO,OR,ANM,WE,Towers with Display (VFR),0,16,59,0,75,0,15,205,0,220,0,31,264,0,295,430,0,430,725
07/18/2001,HIO,OR,ANM,WE,Towers with Display (VFR),0,17,104,5,126,0,5,110,0,115,0,22,214,5,241,256,0,256,497
07/19/2001,HIO,OR,ANM,WE,Towers with Display (VFR),0,20,68,0,88,0,14,296,5,315,0,34,364,5,403,546,0,546,949
07/20/2001,HIO,OR,ANM,WE,Towers with Display (VFR),0,18,71,0,89,0,3,270,0,273,0,21,341,0,362,440,0,440,802
07/21/2001,HIO,OR,ANM,WE,Towers with Display (VFR),0,4,32,1,37,0,10,254,0,264,0,14,286,1,301,434,0,434,735
07/22/2001,HIO,OR,ANM,WE,Towers with Display (VFR),0,5,50,0,55,0,3,256,0,259,0,8,306,0,314,268,0,268,582
07/23/2001,HIO,OR,ANM,WE,Towers with Display (VFR),0,14,53,0,67,0,4,217,0,221,0,18,270,0,288,312,0,312,600
07/24/2001,HIO,OR,ANM,WE,Towers with Display (VFR),0,14,52,2,68,0,13,255,0,268,0,27,307,2,336,416,0,416,752
07/25/2001,HIO,OR,ANM,WE,Towers with Display (VFR),0,17,50,5,72,0,5,301,1,307,0,22,351,6,379,458,0,458,837
07/26/2001,HIO,OR,ANM,WE,Towers with Display (VFR),0,18,44,3,65,0,26,277,0,303,0,44,321,3,368,444,0,444,812
07/27/2001,HIO,OR,ANM,WE,Towers with Display (VFR),0,21,48,6,75,0,6,306,0,312,0,27,354,6,387,456,4,460,847
07/28/2001,HIO,OR,ANM,WE,Towers with Display (VFR),0,6,49,0,55,0,10,140,1,151,0,16,189,1,206,348,0,348,554
07/29/2001,HIO,OR,ANM,WE,Towers with Display (VFR),0,6,68,0,74,0,23,178,0,201,0,29,246,0,275,278,0,278,553
07/30/2001,HIO,OR,ANM,WE,Towers with Display (VFR),0,21,78,0,99,0,16,224,0,240,0,37,302,0,339,620,0,620,959
07/31/2001,HIO,OR,ANM,WE,Towers with Display (VFR),0,23,58,2,83,0,15,268,0,283,0,38,326,2,366,514,0,514,880
08/01/2001,HIO,OR,ANM,WE,Towers with Display (VFR),0,15,47,0,62,0,13,249,0,262,0,28,296,0,324,610,0,610,934
08/02/2001,HIO,OR,ANM,WE,Towers with Display (VFR),0,13,55,0,68,0,23,280,1,304,0,36,335,1,372,498,0,498,870
08/03/2001,HIO,OR,ANM,WE,Towers with Display (VFR),0,13,63,0,76,0,20,166,0,186,0,33,229,0,262,344,0,344,606
08/04/2001,HIO,OR,ANM,WE,Towers with Display (VFR),0,4,52,0,56,0,19,234,0,253,0,23,286,0,309,256,0,256,565
08/05/2001,HIO,OR,ANM,WE,Towers with Display (VFR),0,6,37,0,43,0,8,232,0,240,0,14,269,0,283,334,0,334,617
08/06/2001,HIO,OR,ANM,WE,Towers with Display (VFR),0,17,42,1,60,0,6,222,1,229,0,23,264,2,289,442,0,442,731
08/07/2001,HIO,OR,ANM,WE,Towers with Display (VFR),0,19,55,1,75,0,18,226,17,261,0,37,281,18,336,370,0,370,706
08/08/2001,HIO,OR,ANM,WE,Towers with Display (VFR),0,15,47,2,64,0,15,285,4,304,0,30,332,6,368,536,0,536,904
08/09/2001,HIO,OR,ANM,WE,Towers with Display (VFR),0,12,37,1,50,0,14,272,3,289,0,26,309,4,339,498,0,498,837
08/10/2001,HIO,OR,ANM,WE,Towers with Display (VFR),0,9,56,0,65,0,13,236,0,249,0,22,292,0,314,644,0,644,958
08/11/2001,HIO,OR,ANM,WE,Towers with Display (VFR),0,5,35,0,40,0,14,200,0,214,0,19,235,0,254,218,0,218,472
08/12/2001,HIO,OR,ANM,WE,Towers with Display (VFR),0,1,28,0,29,0,3,206,0,209,0,4,234,0,238,266,0,266,504
08/13/2001,HIO,OR,ANM,WE,Towers with Display (VFR),0,17,36,1,54,0,18,233,1,252,0,35,269,2,306,454,0,454,760
08/14/2001,HIO,OR,ANM,WE,Towers with Display (VFR),0,16,64,0,80,0,8,214,2,224,0,24,278,2,304,494,0,494,798
08/15/2001,HIO,OR,ANM,WE,Towers with Display (VFR),0,16,46,0,62,0,19,264,2,285,0,35,310,2,347,608,0,608,955
08/16/2001,HIO,OR,ANM,WE,Towers with Display (VFR),0,21,98,0,119,0,0,198,1,199,0,21,296,1,318,388,0,388,706
08/17/2001,HIO,OR,ANM,WE,Towers with Display (VFR),0,16,50,0,66,0,9,253,0,262,0,25,303,0,328,545,0,545,873
08/18/2001,HIO,OR,ANM,WE,Towers with Display (VFR),0,0,62,0,62,0,7,226,0,233,0,7,288,0,295,336,0,336,631
08/19/2001,HIO,OR,ANM,WE,Towers with Display (VFR),0,4,27,3,34,0,18,293,4,315,0,22,320,7,349,330,0,330,679
08/20/2001,HIO,OR,ANM,WE,Towers with Display (VFR),0,16,35,0,51,0,12,236,0,248,0,28,271,0,299,254,0,254,553
08/21/2001,HIO,OR,ANM,WE,Towers with Display (VFR),0,17,66,0,83,0,9,105,0,114,0,26,171,0,197,374,0,374,571
08/22/2001,HIO,OR,ANM,WE,Towers with Display (VFR),0,20,64,0,84,0,11,52,0,63,0,31,116,0,147,212,0,212,359
08/23/2001,HIO,OR,ANM,WE,Towers with Display (VFR),0,20,64,0,84,0,10,124,0,134,0,30,188,0,218,400,0,400,618
08/24/2001,HIO,OR,ANM,WE,Towers with Display (VFR),0,21,74,0,95,0,8,265,0,273,0,29,339,0,368,291,0,291,659
08/25/2001,HIO,OR,ANM,WE,Towers with Display (VFR),0,0,39,0,39,0,13,259,0,272,0,13,298,0,311,324,0,324,635
08/26/2001,HIO,OR,ANM,WE,Towers with Display (VFR),0,1,30,0,31,0,13,255,0,268,0,14,285,0,299,284,0,284,583
08/27/2001,HIO,OR,ANM,WE,Towers with Display (VFR),0,18,36,0,54,0,11,332,0,343,0,29,368,0,397,396,0,396,793
08/28/2001,HIO,OR,ANM,WE,Towers with Display (VFR),0,18,40,0,58,0,8,271,0,279,0,26,311,0,337,472,0,472,809
08/29/2001,HIO,OR,ANM,WE,Towers with Display (VFR),0,17,52,0,69,0,13,230,4,247,0,30,282,4,316,442,0,442,758
08/30/2001,HIO,OR,ANM,WE,Towers with Display (VFR),0,26,52,0,78,0,3,282,5,290,0,29,334,5,368,494,0,494,862
08/31/2001,HIO,OR,ANM,WE,Towers with Display (VFR),0,12,45,0,57,0,4,256,2,262,0,16,301,2,319,604,0,604,923
09/01/2001,HIO,OR,ANM,WE,Towers with Display (VFR),0,2,32,0,34,0,2,219,2,223,0,4,251,2,257,400,0,400,657
09/02/2001,HIO,OR,ANM,WE,Towers with Display (VFR),0,11,24,0,35,0,3,231,0,234,0,14,255,0,269,284,0,284,553
09/03/2001,HIO,OR,ANM,WE,Towers with Display (VFR),0,2,39,0,41,0,2,290,0,292,0,4,329,0,333,488,0,488,821
09/04/2001,HIO,OR,ANM,WE,Towers with Display (VFR),0,18,46,2,66,0,12,242,2,256,0,30,288,4,322,432,0,432,754
09/05/2001,HIO,OR,ANM,WE,Towers with Display (VFR),0,19,55,0,74,0,11,212,0,223,0,30,267,0,297,402,0,402,699
09/06/2001,HIO,OR,ANM,WE,Towers with Display (VFR),0,17,65,0,82,0,8,208,0,216,0,25,273,0,298,364,0,364,662
09/07/2001,HIO,OR,ANM,WE,Towers with Display (VFR),0,17,45,2,64,0,8,265,0,273,0,25,310,2,337,500,0,500,837
09/08/2001,HIO,OR,ANM,WE,Towers with Display (VFR),0,4,27,0,31,0,6,289,0,295,0,10,316,0,326,388,0,388,714
09/09/2001,HIO,OR,ANM,WE,Towers with Display (VFR),0,5,21,0,26,0,3,253,1,257,0,8,274,1,283,378,0,378,661
09/10/2001,HIO,OR,ANM,WE,Towers with Display (VFR),0,12,67,0,79,0,20,248,6,274,0,32,315,6,353,414,0,414,767
09/11/2001,HIO,OR,ANM,WE,Towers with Display (VFR),0,2,0,0,2,0,3,5,0,8,0,5,5,0,10,0,0,0,10
09/12/2001,HIO,OR,ANM,WE,Towers with Display (VFR),0,0,0,0,0,0,1,0,0,1,0,1,0,0,1,0,0,0,1
09/13/2001,HIO,OR,ANM,WE,Towers with Display (VFR),0,2,6,0,8,0,16,0,0,16,0,18,6,0,24,0,0,0,24
09/14/2001,HIO,OR,ANM,WE,Towers with Display (VFR),0,18,21,0,39,0,0,16,0,16,0,18,37,0,55,0,0,0,55
09/15/2001,HIO,OR,ANM,WE,Towers with Display (VFR),0,12,53,2,67,0,8,6,4,18,0,20,59,6,85,0,0,0,85
09/16/2001,HIO,OR,ANM,WE,Towers with Display (VFR),0,0,16,4,20,0,0,0,39,39,0,0,16,43,59,7,0,7,66
09/17/2001,HIO,OR,ANM,WE,Towers with Display (VFR),0,16,84,0,100,0,3,19,0,22,0,19,103,0,122,0,0,0,122
09/18/2001,HIO,OR,ANM,WE,Towers with Display (VFR),0,23,86,0,109,0,1,18,0,19,0,24,104,0,128,0,0,0,128
09/19/2001,HIO,OR,ANM,WE,Towers with Display (VFR),0,20,53,0,73,0,0,10,0,10,0,20,63,0,83,0,0,0,83
09/20/2001,HIO,OR,ANM,WE,Towers with Display (VFR),0,28,65,0,93,0,13,99,0,112,0,41,164,0,205,24,0,24,229
09/21/2001,HIO,OR,ANM,WE,Towers with Display (VFR),0,16,85,2,103,0,0,111,7,118,0,16,196,9,221,164,0,164,385
09/22/2001,HIO,OR,ANM,WE,Towers with Display (VFR),0,9,30,0,39,0,6,231,0,237,0,15,261,0,276,332,0,332,608
09/23/2001,HIO,OR,ANM,WE,Towers with Display (VFR),0,5,29,0,34,0,6,232,0,238,0,11,261,0,272,370,0,370,642
09/24/2001,HIO,OR,ANM,WE,Towers with Display (VFR),0,17,72,2,91,0,4,174,3,181,0,21,246,5,272,348,0,348,620
09/25/2001,HIO,OR,ANM,WE,Towers with Display (VFR),0,24,110,0,134,0,11,75,0,86,0,35,185,0,220,162,0,162,382
09/26/2001,HIO,OR,ANM,WE,Towers with Display (VFR),0,31,63,0,94,0,11,107,0,118,0,42,170,0,212,470,0,470,682
09/27/2001,HIO,OR,ANM,WE,Towers with Display (VFR),0,18,98,2,118,0,15,204,2,221,0,33,302,4,339,560,0,560,899
09/28/2001,HIO,OR,ANM,WE,Towers with Display (VFR),0,22,61,0,83,0,17,212,0,229,0,39,273,0,312,554,0,554,866
09/29/2001,HIO,OR,ANM,WE,Towers with Display (VFR),0,6,29,0,35,0,2,305,0,307,0,8,334,0,342,486,0,486,828
09/30/2001,HIO,OR,ANM,WE,Towers with Display (VFR),0,12,45,0,57,0,9,255,0,264,0,21,300,0,321,486,0,486,807
10/01/2001,HIO,OR,ANM,WE,Towers with Display (VFR),0,16,39,0,55,0,16,260,0,276,0,32,299,0,331,578,0,578,909
10/02/2001,HIO,OR,ANM,WE,Towers with Display (VFR),0,17,61,2,80,0,8,223,5,236,0,25,284,7,316,584,0,584,900
10/03/2001,HIO,OR,ANM,WE,Towers with Display (VFR),0,17,50,0,67,0,8,281,0,289,0,25,331,0,356,702,0,702,1058
10/04/2001,HIO,OR,ANM,WE,Towers with Display (VFR),0,15,57,0,72,0,20,249,0,269,0,35,306,0,341,478,0,478,819
10/05/2001,HIO,OR,ANM,WE,Towers with Display (VFR),0,15,48,0,63,0,9,266,0,275,0,24,314,0,338,632,0,632,970
10/06/2001,HIO,OR,ANM,WE,Towers with Display (VFR),0,6,34,0,40,0,9,253,0,262,0,15,287,0,302,516,0,516,818
10/07/2001,HIO,OR,ANM,WE,Towers with Display (VFR),0,3,42,1,46,0,1,108,0,109,0,4,150,1,155,176,0,176,331
10/08/2001,HIO,OR,ANM,WE,Towers with Display (VFR),0,15,35,0,50,0,4,112,0,116,0,19,147,0,166,304,0,304,470
10/09/2001,HIO,OR,ANM,WE,Towers with Display (VFR),0,18,49,0,67,0,11,264,0,275,0,29,313,0,342,536,0,536,878
10/10/2001,HIO,OR,ANM,WE,Towers with Display (VFR),0,19,54,0,73,0,9,74,0,83,0,28,128,0,156,262,0,262,418
10/11/2001,HIO,OR,ANM,WE,Towers with Display (VFR),0,21,66,0,87,0,10,229,0,239,0,31,295,0,326,522,0,522,848
10/12/2001,HIO,OR,ANM,WE,Towers with Display (VFR),0,24,53,0,77,0,19,159,0,178,0,43,212,0,255,536,0,536,791
10/13/2001,HIO,OR,ANM,WE,Towers with Display (VFR),0,8,35,2,45,0,11,198,0,209,0,19,233,2,254,346,0,346,600
10/14/2001,HIO,OR,ANM,WE,Towers with Display (VFR),0,7,71,2,80,0,3,131,0,134,0,10,202,2,214,250,0,250,464
10/15/2001,HIO,OR,ANM,WE,Towers with Display (VFR),0,17,40,2,59,0,4,225,0,229,0,21,265,2,288,414,0,414,702
10/16/2001,HIO,OR,ANM,WE,Towers with Display (VFR),0,24,67,0,91,0,8,152,1,161,0,32,219,1,252,462,0,462,714
10/17/2001,HIO,OR,ANM,WE,Towers with Display (VFR),0,16,56,0,72,0,9,169,0,178,0,25,225,0,250,462,0,462,712
10/18/2001,HIO,OR,ANM,WE,Towers with Display (VFR),0,22,71,0,93,0,14,288,4,306,0,36,359,4,399,628,0,628,1027
10/19/2001,HIO,OR,ANM,WE,Towers with Display (VFR),0,21,60,0,81,0,5,188,0,193,0,26,248,0,274,550,0,550,824
10/20/2001,HIO,OR,ANM,WE,Towers with Display (VFR),0,9,59,0,68,0,1,257,0,258,0,10,316,0,326,404,0,404,730
10/21/2001,HIO,OR,ANM,WE,Towers with Display (VFR),0,3,52,0,55,0,0,18,0,18,0,3,70,0,73,82,0,82,155
10/22/2001,HIO,OR,ANM,WE,Towers with Display (VFR),0,20,35,4,59,0,0,26,0,26,0,20,61,4,85,96,0,96,181
10/23/2001,HIO,OR,ANM,WE,Towers with Display (VFR),0,27,33,0,60,0,3,113,0,116,0,30,146,0,176,480,0,480,656
10/24/2001,HIO,OR,ANM,WE,Towers with Display (VFR),0,24,63,0,87,0,4,111,7,122,0,28,174,7,209,482,0,482,691
10/25/2001,HIO,OR,ANM,WE,Towers with Display (VFR),0,28,67,1,96,0,2,189,0,191,0,30,256,1,287,653,0,653,940
10/26/2001,HIO,OR,ANM,WE,Towers with Display (VFR),0,11,57,0,68,0,0,70,0,70,0,11,127,0,138,174,0,174,312
10/27/2001,HIO,OR,ANM,WE,Towers with Display (VFR),0,1,37,0,38,0,1,26,0,27,0,2,63,0,65,202,0,202,267
10/28/2001,HIO,OR,ANM,WE,Towers with Display (VFR),0,1,34,0,35,0,1,218,0,219,0,2,252,0,254,454,0,454,708
10/29/2001,HIO,OR,ANM,WE,Towers with Display (VFR),0,17,44,0,61,0,0,14,0,14,0,17,58,0,75,18,0,18,93
10/30/2001,HIO,OR,ANM,WE,Towers with Display (VFR),0,21,56,0,77,0,0,0,0,0,0,21,56,0,77,32,0,32,109
10/31/2001,HIO,OR,ANM,WE,Towers with Display (VFR),0,19,47,0,66,0,16,112,0,128,0,35,159,0,194,332,0,332,526
11/01/2001,HIO,OR,ANM,WE,Towers with Display (VFR),0,14,81,0,95,0,0,32,0,32,0,14,113,0,127,60,0,60,187
11/02/2001,HIO,OR,ANM,WE,Towers with Display (VFR),0,21,74,0,95,0,0,90,0,90,0,21,164,0,185,244,0,244,429
11/03/2001,HIO,OR,ANM,WE,Towers with Display (VFR),0,7,53,4,64,0,0,39,0,39,0,7,92,4,103,166,0,166,269
11/04/2001,HIO,OR,ANM,WE,Towers with Display (VFR),0,2,58,4,64,0,2,102,0,104,0,4,160,4,168,314,0,314,482
11/05/2001,HIO,OR,ANM,WE,Towers with Display (VFR),0,13,41,0,54,0,7,136,0,143,0,20,177,0,197,510,0,510,707
11/06/2001,HIO,OR,ANM,WE,Towers with Display (VFR),0,15,62,0,77,0,28,254,2,284,0,43,316,2,361,442,0,442,803
11/07/2001,HIO,OR,ANM,WE,Towers with Display (VFR),0,20,60,2,82,0,12,247,0,259,0,32,307,2,341,410,0,410,751
11/08/2001,HIO,OR,ANM,WE,Towers with Display (VFR),0,13,57,0,70,0,5,266,0,271,0,18,323,0,341,568,0,568,909
11/09/2001,HIO,OR,ANM,WE,Towers with Display (VFR),0,19,48,0,67,0,0,216,0,216,0,19,264,0,283,542,0,542,825
11/10/2001,HIO,OR,ANM,WE,Towers with Display (VFR),0,4,29,0,33,0,2,268,0,270,0,6,297,0,303,480,0,480,783
11/11/2001,HIO,OR,ANM,WE,Towers with Display (VFR),0,2,37,0,39,0,6,172,2,180,0,8,209,2,219,290,0,290,509
11/12/2001,HIO,OR,ANM,WE,Towers with Display (VFR),0,12,48,0,60,0,4,126,0,130,0,16,174,0,190,353,0,353,543
11/13/2001,HIO,OR,ANM,WE,Towers with Display (VFR),0,10,38,0,48,0,7,49,0,56,0,17,87,0,104,234,0,234,338
11/14/2001,HIO,OR,ANM,WE,Towers with Display (VFR),0,16,35,0,51,0,6,81,0,87,0,22,116,0,138,156,0,156,294
11/15/2001,HIO,OR,ANM,WE,Towers with Display (VFR),0,14,50,0,64,0,13,64,0,77,0,27,114,0,141,434,0,434,575
11/16/2001,HIO,OR,ANM,WE,Towers with Display (VFR),0,15,54,0,69,0,8,105,2,115,0,23,159,2,184,428,0,428,612
11/17/2001,HIO,OR,ANM,WE,Towers with Display (VFR),0,5,48,0,53,0,0,241,0,241,0,5,289,0,294,254,0,254,548
11/18/2001,HIO,OR,ANM,WE,Towers with Display (VFR),0,3,30,0,33,0,7,170,0,177,0,10,200,0,210,354,0,354,564
11/19/2001,HIO,OR,ANM,WE,Towers with Display (VFR),0,6,27,0,33,0,9,41,2,52,0,15,68,2,85,270,0,270,355
11/20/2001,HIO,OR,ANM,WE,Towers with Display (VFR),0,11,47,0,58,0,10,66,0,76,0,21,113,0,134,246,0,246,380
11/21/2001,HIO,OR,ANM,WE,Towers with Display (VFR),0,8,53,1,62,0,16,113,3,132,0,24,166,4,194,468,0,468,662
11/22/2001,HIO,OR,ANM,WE,Towers with Display (VFR),0,8,5,0,13,0,6,0,0,6,0,14,5,0,19,0,0,0,19
11/23/2001,HIO,OR,ANM,WE,Towers with Display (VFR),0,4,46,0,50,0,4,136,0,140,0,8,182,0,190,320,0,320,510
11/24/2001,HIO,OR,ANM,WE,Towers with Display (VFR),0,5,23,0,28,0,8,98,0,106,0,13,121,0,134,290,0,290,424
11/25/2001,HIO,OR,ANM,WE,Towers with Display (VFR),0,5,30,0,35,0,0,85,0,85,0,5,115,0,120,168,0,168,288
11/26/2001,HIO,OR,ANM,WE,Towers with Display (VFR),0,19,66,0,85,0,3,12,0,15,0,22,78,0,100,164,0,164,264
11/27/2001,HIO,OR,ANM,WE,Towers with Display (VFR),0,17,120,2,139,0,2,17,0,19,0,19,137,2,158,202,0,202,360
11/28/2001,HIO,OR,ANM,WE,Towers with Display (VFR),0,17,18,0,35,0,3,9,0,12,0,20,27,0,47,154,0,154,201
11/29/2001,HIO,OR,ANM,WE,Towers with Display (VFR),0,21,59,0,80,0,6,142,0,148,0,27,201,0,228,604,0,604,832
11/30/2001,HIO,OR,ANM,WE,Towers with Display (VFR),0,20,23,0,43,0,9,9,0,18,0,29,32,0,61,150,0,150,211
12/01/2001,HIO,OR,ANM,WE,Towers with Display (VFR),0,0,13,0,13,0,2,1,0,3,0,2,14,0,16,12,0,12,28
12/02/2001,HIO,OR,ANM,WE,Towers with Display (VFR),0,1,20,1,22,0,0,76,1,77,0,1,96,2,99,410,0,410,509
12/03/2001,HIO,OR,ANM,WE,Towers with Display (VFR),0,13,48,2,63,0,3,131,0,134,0,16,179,2,197,462,0,462,659
12/04/2001,HIO,OR,ANM,WE,Towers with Display (VFR),0,17,25,0,42,0,9,55,0,64,0,26,80,0,106,382,0,382,488
12/05/2001,HIO,OR,ANM,WE,Towers with Display (VFR),0,3,16,0,19,0,13,61,0,74,0,16,77,0,93,144,0,144,237
12/06/2001,HIO,OR,ANM,WE,Towers with Display (VFR),0,17,41,0,58,0,4,115,0,119,0,21,156,0,177,470,0,470,647
12/07/2001,HIO,OR,ANM,WE,Towers with Display (VFR),0,16,40,0,56,0,1,7,0,8,0,17,47,0,64,470,0,470,534
12/08/2001,HIO,OR,ANM,WE,Towers with Display (VFR),0,2,45,2,49,0,2,102,0,104,0,4,147,2,153,202,0,202,355
12/09/2001,HIO,OR,ANM,WE,Towers with Display (VFR),0,1,40,0,41,0,4,260,0,264,0,5,300,0,305,374,0,374,679
12/10/2001,HIO,OR,ANM,WE,Towers with Display (VFR),0,16,48,0,64,0,5,54,0,59,0,21,102,0,123,218,0,218,341
12/11/2001,HIO,OR,ANM,WE,Towers with Display (VFR),0,7,37,0,44,0,5,13,0,18,0,12,50,0,62,198,0,198,260
12/12/2001,HIO,OR,ANM,WE,Towers with Display (VFR),0,20,52,1,73,0,2,38,0,40,0,22,90,1,113,140,0,140,253
12/13/2001,HIO,OR,ANM,WE,Towers with Display (VFR),0,17,29,0,46,0,2,8,0,10,0,19,37,0,56,16,0,16,72
12/14/2001,HIO,OR,ANM,WE,Towers with Display (VFR),0,9,49,0,58,0,7,172,0,179,0,16,221,0,237,400,0,400,637
12/15/2001,HIO,OR,ANM,WE,Towers with Display (VFR),0,3,19,0,22,0,3,60,0,63,0,6,79,0,85,256,0,256,341
12/16/2001,HIO,OR,ANM,WE,Towers with Display (VFR),0,2,12,0,14,0,1,8,0,9,0,3,20,0,23,66,0,66,89
12/17/2001,HIO,OR,ANM,WE,Towers with Display (VFR),0,10,54,0,64,0,3,227,2,232,0,13,281,2,296,566,0,566,862
12/18/2001,HIO,OR,ANM,WE,Towers with Display (VFR),0,5,26,0,31,0,7,36,0,43,0,12,62,0,74,150,0,150,224
12/19/2001,HIO,OR,ANM,WE,Towers with Display (VFR),0,13,66,0,79,0,13,126,0,139,0,26,192,0,218,322,0,322,540
12/20/2001,HIO,OR,ANM,WE,Towers with Display (VFR),0,10,50,0,60,0,6,70,0,76,0,16,120,0,136,174,0,174,310
12/21/2001,HIO,OR,ANM,WE,Towers with Display (VFR),0,9,95,0,104,0,5,25,0,30,0,14,120,0,134,102,0,102,236
12/22/2001,HIO,OR,ANM,WE,Towers with Display (VFR),0,2,33,0,35,0,7,146,0,153,0,9,179,0,188,172,0,172,360
12/23/2001,HIO,OR,ANM,WE,Towers with Display (VFR),0,3,28,0,31,0,0,164,310,474,0,3,192,310,505,0,0,0,505
12/24/2001,HIO,OR,ANM,WE,Towers with Display (VFR),0,0,10,0,10,0,11,64,0,75,0,11,74,0,85,92,0,92,177
12/25/2001,HIO,OR,ANM,WE,Towers with Display (VFR),0,0,4,0,4,0,2,29,0,31,0,2,33,0,35,16,0,16,51
12/26/2001,HIO,OR,ANM,WE,Towers with Display (VFR),0,3,26,0,29,0,10,202,3,215,0,13,228,3,244,318,0,318,562
12/27/2001,HIO,OR,ANM,WE,Towers with Display (VFR),0,3,28,0,31,0,10,120,0,130,0,13,148,0,161,122,0,122,283
12/28/2001,HIO,OR,ANM,WE,Towers with Display (VFR),0,4,38,0,42,0,4,202,0,206,0,8,240,0,248,408,0,408,656
12/29/2001,HIO,OR,ANM,WE,Towers with Display (VFR),0,3,29,0,32,0,2,136,0,138,0,5,165,0,170,250,0,250,420
12/30/2001,HIO,OR,ANM,WE,Towers with Display (VFR),0,3,38,0,41,0,1,188,0,189,0,4,226,0,230,390,0,390,620
12/31/2001,HIO,OR,ANM,WE,Towers with Display (VFR),0,1,40,0,41,0,1,62,0,63,0,2,102,0,104,188,0,188,292
01/01/2002,HIO,OR,ANM,WE,Towers with Display (VFR),0,8,26,0,34,0,6,6,0,12,0,14,32,0,46,24,0,24,70
01/02/2002,HIO,OR,ANM,WE,Towers with Display (VFR),0,1,45,2,48,0,11,84,5,100,0,12,129,7,148,308,0,308,456
01/03/2002,HIO,OR,ANM,WE,Towers with Display (VFR),0,3,61,1,65,0,13,106,1,120,0,16,167,2,185,302,0,302,487
01/04/2002,HIO,OR,ANM,WE,Towers with Display (VFR),0,0,40,0,40,0,6,177,0,183,0,6,217,0,223,218,0,218,441
01/05/2002,HIO,OR,ANM,WE,Towers with Display (VFR),0,7,56,0,63,0,5,36,0,41,0,12,92,0,104,36,0,36,140
01/06/2002,HIO,OR,ANM,WE,Towers with Display (VFR),0,1,24,0,25,0,3,15,0,18,0,4,39,0,43,114,0,114,157
01/07/2002,HIO,OR,ANM,WE,Towers with Display (VFR),0,9,39,2,50,0,8,43,0,51,0,17,82,2,101,176,0,176,277
01/08/2002,HIO,OR,ANM,WE,Towers with Display (VFR),0,12,68,0,80,0,13,127,0,140,0,25,195,0,220,278,0,278,498
01/09/2002,HIO,OR,ANM,WE,Towers with Display (VFR),0,16,105,0,121,0,7,63,0,70,0,23,168,0,191,150,0,150,341
01/10/2002,HIO,OR,ANM,WE,Towers with Display (VFR),0,20,86,0,106,0,8,75,0,83,0,28,161,0,189,192,0,192,381
01/11/2002,HIO,OR,ANM,WE,Towers with Display (VFR),0,14,38,1,53,0,8,193,7,208,0,22,231,8,261,414,0,414,675
01/12/2002,HIO,OR,ANM,WE,Towers with Display (VFR),0,2,42,0,44,0,5,138,0,143,0,7,180,0,187,222,0,222,409
01/13/2002,HIO,OR,ANM,WE,Towers with Display (VFR),0,6,152,0,158,0,0,28,0,28,0,6,180,0,186,2,44,46,232
01/14/2002,HIO,OR,ANM,WE,Towers with Display (VFR),0,14,50,1,65,0,6,129,1,136,0,20,179,2,201,470,0,470,671
01/15/2002,HIO,OR,ANM,WE,Towers with Display (VFR),0,21,48,0,69,0,9,208,3,220,0,30,256,3,289,444,0,444,733
01/16/2002,HIO,OR,ANM,WE,Towers with Display (VFR),0,16,35,1,52,0,13,125,3,141,0,29,160,4,193,338,0,338,531
01/17/2002,HIO,OR,ANM,WE,Towers with Display (VFR),0,14,82,2,98,0,13,119,6,138,0,27,201,8,236,548,0,548,784
01/18/2002,HIO,OR,ANM,WE,Towers with Display (VFR),0,16,55,1,72,0,3,4,0,7,0,19,59,1,79,196,0,196,275
01/19/2002,HIO,OR,ANM,WE,Towers with Display (VFR),0,4,34,0,38,0,4,157,1,162,0,8,191,1,200,390,0,390,590
01/20/2002,HIO,OR,ANM,WE,Towers with Display (VFR),0,4,22,0,26,0,1,20,1,22,0,5,42,1,48,100,0,100,148
01/21/2002,HIO,OR,ANM,WE,Towers with Display (VFR),0,17,36,0,53,0,6,43,0,49,0,23,79,0,102,142,0,142,244
01/22/2002,HIO,OR,ANM,WE,Towers with Display (VFR),0,13,28,0,41,0,14,76,0,90,0,27,104,0,131,282,0,282,413
01/23/2002,HIO,OR,ANM,WE,Towers with Display (VFR),0,21,53,0,74,0,4,49,0,53,0,25,102,0,127,204,0,204,331
01/24/2002,HIO,OR,ANM,WE,Towers with Display (VFR),0,19,63,0,82,0,7,121,0,128,0,26,184,0,210,412,0,412,622
01/25/2002,HIO,OR,ANM,WE,Towers with Display (VFR),0,8,35,0,43,0,20,107,0,127,0,28,142,0,170,312,0,312,482
01/26/2002,HIO,OR,ANM,WE,Towers with Display (VFR),0,3,19,0,22,0,3,16,0,19,0,6,35,0,41,54,0,54,95
01/27/2002,HIO,OR,ANM,WE,Towers with Display (VFR),0,5,17,0,22,0,1,18,0,19,0,6,35,0,41,104,0,104,145
01/28/2002,HIO,OR,ANM,WE,Towers with Display (VFR),0,18,43,0,61,0,10,142,0,152,0,28,185,0,213,362,0,362,575
01/29/2002,HIO,OR,ANM,WE,Towers with Display (VFR),0,18,84,0,102,0,0,17,0,17,0,18,101,0,119,68,0,68,187
01/30/2002,HIO,OR,ANM,WE,Towers with Display (VFR),0,14,44,0,58,0,5,124,0,129,0,19,168,0,187,398,0,398,585
01/31/2002,HIO,OR,ANM,WE,Towers with Display (VFR),0,14,59,0,73,0,11,14,0,25,0,25,73,0,98,244,0,244,342
02/01/2002,HIO,OR,ANM,WE,Towers with Display (VFR),0,17,74,0,91,0,10,65,0,75,0,27,139,0,166,220,0,220,386
02/02/2002,HIO,OR,ANM,WE,Towers with Display (VFR),0,3,46,0,49,0,5,235,0,240,0,8,281,0,289,358,0,358,647
02/03/2002,HIO,OR,ANM,WE,Towers with Display (VFR),0,0,28,1,29,0,2,131,5,138,0,2,159,6,167,394,0,394,561
02/04/2002,HIO,OR,ANM,WE,Towers with Display (VFR),0,17,57,0,74,0,9,198,0,207,0,26,255,0,281,376,0,376,657
02/05/2002,HIO,OR,ANM,WE,Towers with Display (VFR),0,17,79,4,100,0,1,24,0,25,0,18,103,4,125,128,0,128,253
02/06/2002,HIO,OR,ANM,WE,Towers with Display (VFR),0,19,43,0,62,0,8,131,2,141,0,27,174,2,203,372,0,372,575
02/07/2002,HIO,OR,ANM,WE,Towers with Display (VFR),0,28,55,0,83,0,10,12,0,22,0,38,67,0,105,62,0,62,167
02/08/2002,HIO,OR,ANM,WE,Towers with Display (VFR),0,16,79,0,95,0,0,205,0,205,0,16,284,0,300,326,0,326,626
02/09/2002,HIO,OR,ANM,WE,Towers with Display (VFR),0,3,38,0,41,0,5,241,0,246,0,8,279,0,287,398,0,398,685
02/10/2002,HIO,OR,ANM,WE,Towers with Display (VFR),0,3,36,0,39,0,5,213,0,218,0,8,249,0,257,406,0,406,663
02/11/2002,HIO,OR,ANM,WE,Towers with Display (VFR),0,12,38,0,50,0,9,168,0,177,0,21,206,0,227,304,0,304,531
02/12/2002,HIO,OR,ANM,WE,Towers with Display (VFR),0,24,41,0,65,0,10,212,0,222,0,34,253,0,287,330,0,330,617
02/13/2002,HIO,OR,ANM,WE,Towers with Display (VFR),0,18,39,0,57,0,14,226,0,240,0,32,265,0,297,44,6,50,347
02/14/2002,HIO,OR,ANM,WE,Towers with Display (VFR),0,23,31,0,54,0,10,220,0,230,0,33,251,0,284,330,0,330,614
02/15/2002,HIO,OR,ANM,WE,Towers with Display (VFR),0,5,49,0,54,0,0,225,0,225,0,5,274,0,279,440,0,440,719
02/16/2002,HIO,OR,ANM,WE,Towers with Display (VFR),0,4,43,0,47,0,4,53,0,57,0,8,96,0,104,114,0,114,218
02/17/2002,HIO,OR,ANM,WE,Towers with Display (VFR),0,8,35,0,43,0,0,249,0,249,0,8,284,0,292,352,0,352,644
02/18/2002,HIO,OR,ANM,WE,Towers with Display (VFR),0,13,45,0,58,0,3,129,0,132,0,16,174,0,190,368,0,368,558
02/19/2002,HIO,OR,ANM,WE,Towers with Display (VFR),0,11,38,0,49,0,16,129,2,147,0,27,167,2,196,368,0,368,564
02/20/2002,HIO,OR,ANM,WE,Towers with Display (VFR),0,17,55,2,74,0,7,191,1,199,0,24,246,3,273,354,0,354,627
02/21/2002,HIO,OR,ANM,WE,Towers with Display (VFR),0,17,56,0,73,0,14,138,0,152,0,31,194,0,225,386,0,386,611
02/22/2002,HIO,OR,ANM,WE,Towers with Display (VFR),0,23,53,0,76,0,6,209,0,215,0,29,262,0,291,416,0,416,707
02/23/2002,HIO,OR,ANM,WE,Towers with Display (VFR),0,6,65,0,71,0,3,118,0,121,0,9,183,0,192,318,0,318,510
02/24/2002,HIO,OR,ANM,WE,Towers with Display (VFR),0,6,37,0,43,0,2,228,0,230,0,8,265,0,273,262,0,262,535
02/25/2002,HIO,OR,ANM,WE,Towers with Display (VFR),0,15,45,0,60,0,12,126,2,140,0,27,171,2,200,218,0,218,418
02/26/2002,HIO,OR,ANM,WE,Towers with Display (VFR),0,19,45,0,64,0,9,247,2,258,0,28,292,2,322,338,0,338,660
02/27/2002,HIO,OR,ANM,WE,Towers with Display (VFR),0,22,34,0,56,0,14,252,5,271,0,36,286,5,327,378,0,378,705
02/28/2002,HIO,OR,ANM,WE,Towers with Display (VFR),0,23,37,0,60,0,3,176,0,179,0,26,213,0,239,354,0,354,593
03/01/2002,HIO,OR,ANM,WE,Towers with Display (VFR),0,16,32,0,48,0,11,312,0,323,0,27,344,0,371,410,0,410,781
03/02/2002,HIO,OR,ANM,WE,Towers with Display (VFR),0,0,4,0,4,0,17,287,0,304,0,17,291,0,308,370,0,370,678
03/03/2002,HIO,OR,ANM,WE,Towers with Display (VFR),0,7,38,0,45,0,10,264,0,274,0,17,302,0,319,408,0,408,727
03/04/2002,HIO,OR,ANM,WE,Towers with Display (VFR),0,16,34,0,50,0,8,192,0,200,0,24,226,0,250,320,0,320,570
03/05/2002,HIO,OR,ANM,WE,Towers with Display (VFR),0,15,47,0,62,0,6,80,0,86,0,21,127,0,148,348,0,348,496
03/06/2002,HIO,OR,ANM,WE,Towers with Display (VFR),0,23,35,0,58,0,2,19,1,22,0,25,54,1,80,128,0,128,208
03/07/2002,HIO,OR,ANM,WE,Towers with Display (VFR),0,16,27,0,43,0,4,50,0,54,0,20,77,0,97,234,0,234,331
03/08/2002,HIO,OR,ANM,WE,Towers with Display (VFR),0,17,41,0,58,0,4,73,0,77,0,21,114,0,135,320,0,320,455
03/09/2002,HIO,OR,ANM,WE,Towers with Display (VFR),0,6,19,0,25,0,3,170,0,173,0,9,189,0,198,464,0,464,662
03/10/2002,HIO,OR,ANM,WE,Towers with Display (VFR),0,2,37,0,39,0,0,26,0,26,0,2,63,0,65,72,3,75,140
03/11/2002,HIO,OR,ANM,WE,Towers with Display (VFR),0,14,11,0,25,0,2,1,0,3,0,16,12,0,28,2,0,2,30
03/12/2002,HIO,OR,ANM,WE,Towers with Display (VFR),0,21,22,0,43,0,10,42,0,52,0,31,64,0,95,258,0,258,353
03/13/2002,HIO,OR,ANM,WE,Towers with Display (VFR),0,14,50,0,64,0,12,83,0,95,0,26,133,0,159,236,0,236,395
03/14/2002,HIO,OR,ANM,WE,Towers with Display (VFR),0,21,52,0,73,0,6,94,0,100,0,27,146,0,173,302,0,302,475
03/15/2002,HIO,OR,ANM,WE,Towers with Display (VFR),0,20,44,0,64,0,4,121,0,125,0,24,165,0,189,416,0,416,605
03/16/2002,HIO,OR,ANM,WE,Towers with Display (VFR),0,4,15,0,19,0,6,50,2,58,0,10,65,2,77,256,0,256,333
03/17/2002,HIO,OR,ANM,WE,Towers with Display (VFR),0,3,44,0,47,0,8,140,0,148,0,11,184,0,195,188,0,188,383
03/18/2002,HIO,OR,ANM,WE,Towers with Display (VFR),0,22,42,0,64,0,11,89,0,100,0,33,131,0,164,250,0,250,414
03/19/2002,HIO,OR,ANM,WE,Towers with Display (VFR),0,26,69,0,95,0,1,0,0,1,0,27,69,0,96,166,0,166,262
03/20/2002,HIO,OR,ANM,WE,Towers with Display (VFR),0,14,88,0,102,0,14,156,0,170,0,28,244,0,272,440,0,440,712
03/21/2002,HIO,OR,ANM,WE,Towers with Display (VFR),0,21,37,0,58,0,7,89,0,96,0,28,126,0,154,62,0,62,216
03/22/2002,HIO,OR,ANM,WE,Towers with Display (VFR),0,17,72,0,89,0,6,177,0,183,0,23,249,0,272,428,0,428,700
03/23/2002,HIO,OR,ANM,WE,Towers with Display (VFR),0,6,65,0,71,0,7,154,0,161,0,13,219,0,232,372,0,372,604
03/24/2002,HIO,OR,ANM,WE,Towers with Display (VFR),0,1,49,0,50,0,3,127,0,130,0,4,176,0,180,350,0,350,530
03/25/2002,HIO,OR,ANM,WE,Towers with Display (VFR),0,16,46,0,62,0,13,263,0,276,0,29,309,0,338,388,0,388,726
03/26/2002,HIO,OR,ANM,WE,Towers with Display (VFR),0,19,55,0,74,0,7,196,0,203,0,26,251,0,277,402,0,402,679
03/27/2002,HIO,OR,ANM,WE,Towers with Display (VFR),0,17,63,1,81,0,3,205,0,208,0,20,268,1,289,330,0,330,619
03/28/2002,HIO,OR,ANM,WE,Towers with Display (VFR),0,17,54,0,71,0,11,244,0,255,0,28,298,0,326,500,0,500,826
03/29/2002,HIO,OR,ANM,WE,Towers with Display (VFR),0,14,61,0,75,0,21,221,0,242,0,35,282,0,317,380,0,380,697
03/30/2002,HIO,OR,ANM,WE,Towers with Display (VFR),0,6,45,0,51,0,0,283,0,283,0,6,328,0,334,444,2,446,780
03/31/2002,HIO,OR,ANM,WE,Towers with Display (VFR),0,8,34,0,42,0,7,149,0,156,0,15,183,0,198,178,0,178,376
04/01/2002,HIO,OR,ANM,WE,Towers with Display (VFR),0,18,59,0,77,0,8,129,0,137,0,26,188,0,214,306,0,306,520
04/02/2002,HIO,OR,ANM,WE,Towers with Display (VFR),0,17,54,0,71,0,17,298,1,316,0,34,352,1,387,305,0,305,692
04/03/2002,HIO,OR,ANM,WE,Towers with Display (VFR),0,23,60,0,83,0,16,234,0,250,0,39,294,0,333,368,0,368,701
04/04/2002,HIO,OR,ANM,WE,Towers with Display (VFR),0,22,53,0,75,0,12,249,0,261,0,34,302,0,336,448,0,448,784
04/05/2002,HIO,OR,ANM,WE,Towers with Display (VFR),0,15,68,0,83,0,9,68,0,77,0,24,136,0,160,466,0,466,626
04/06/2002,HIO,OR,ANM,WE,Towers with Display (VFR),0,0,54,0,54,0,4,164,0,168,0,4,218,0,222,334,4,338,560
04/07/2002,HIO,OR,ANM,WE,Towers with Display (VFR),0,0,44,0,44,0,5,160,0,165,0,5,204,0,209,350,0,350,559
04/08/2002,HIO,OR,ANM,WE,Towers with Display (VFR),0,24,65,0,89,0,0,239,0,239,0,24,304,0,328,476,0,476,804
04/09/2002,HIO,OR,ANM,WE,Towers with Display (VFR),0,24,45,0,69,0,4,74,0,78,0,28,119,0,147,330,0,330,477
04/10/2002,HIO,OR,ANM,WE,Towers with Display (VFR),0,26,78,0,104,0,0,101,2,103,0,26,179,2,207,478,0,478,685
04/11/2002,HIO,OR,ANM,WE,Towers with Display (VFR),0,22,64,2,88,0,9,136,16,161,0,31,200,18,249,508,0,508,757
04/12/2002,HIO,OR,ANM,WE,Towers with Display (VFR),0,16,78,0,94,0,11,158,0,169,0,27,236,0,263,480,0,480,743
04/13/2002,HIO,OR,ANM,WE,Towers with Display (VFR),0,2,41,0,43,0,1,90,0,91,0,3,131,0,134,282,0,282,416
04/14/2002,HIO,OR,ANM,WE,Towers with Display (VFR),0,5,32,0,37,0,12,129,0,141,0,17,161,0,178,200,0,200,378
04/15/2002,HIO,OR,ANM,WE,Towers with Display (VFR),0,14,65,0,79,0,3,143,0,146,0,17,208,0,225,394,0,394,619
04/16/2002,HIO,OR,ANM,WE,Towers with Display (VFR),0,22,72,0,94,0,3,50,2,55,0,25,122,2,149,262,0,262,411
04/17/2002,HIO,OR,ANM,WE,Towers with Display (VFR),0,19,44,0,63,0,15,83,0,98,0,34,127,0,161,334,0,334,495
04/18/2002,HIO,OR,ANM,WE,Towers with Display (VFR),0,16,56,0,72,0,11,166,0,177,0,27,222,0,249,544,0,544,793
04/19/2002,HIO,OR,ANM,WE,Towers with Display (VFR),0,20,84,0,104,0,10,264,0,274,0,30,348,0,378,568,0,568,946
04/20/2002,HIO,OR,ANM,WE,Towers with Display (VFR),0,4,46,0,50,0,5,252,2,259,0,9,298,2,309,309,0,309,618
04/21/2002,HIO,OR,ANM,WE,Towers with Display (VFR),0,0,61,0,61,0,7,159,0,166,0,7,220,0,227,404,0,404,631
04/22/2002,HIO,OR,ANM,WE,Towers with Display (VFR),0,23,54,0,77,0,8,217,2,227,0,31,271,2,304,326,0,326,630
04/23/2002,HIO,OR,ANM,WE,Towers with Display (VFR),0,30,56,0,86,0,6,248,2,256,0,36,304,2,342,566,0,566,908
04/24/2002,HIO,OR,ANM,WE,Towers with Display (VFR),0,29,52,0,81,0,12,250,2,264,0,41,302,2,345,562,0,562,907
04/25/2002,HIO,OR,ANM,WE,Towers with Display (VFR),0,28,62,0,90,0,13,229,0,242,0,41,291,0,332,550,0,550,882
04/26/2002,HIO,OR,ANM,WE,Towers with Display (VFR),0,28,68,0,96,0,9,132,0,141,0,37,200,0,237,340,0,340,577
04/27/2002,HIO,OR,ANM,WE,Towers with Display (VFR),0,2,50,0,52,0,2,155,0,157,0,4,205,0,209,364,0,364,573
04/28/2002,HIO,OR,ANM,WE,Towers with Display (VFR),0,0,53,0,53,0,5,259,0,264,0,5,312,0,317,284,0,284,601
04/29/2002,HIO,OR,ANM,WE,Towers with Display (VFR),0,24,44,1,69,0,14,247,3,264,0,38,291,4,333,442,0,442,775
04/30/2002,HIO,OR,ANM,WE,Towers with Display (VFR),0,25,61,0,86,0,13,240,0,253,0,38,301,0,339,560,0,560,899
05/01/2002,HIO,OR,ANM,WE,Towers with Display (VFR),0,27,96,0,123,0,13,488,0,501,0,40,584,0,624,366,0,366,990
05/02/2002,HIO,OR,ANM,WE,Towers with Display (VFR),0,32,96,2,130,0,3,156,9,168,0,35,252,11,298,402,0,402,700
05/03/2002,HIO,OR,ANM,WE,Towers with Display (VFR),0,23,62,0,85,0,15,297,0,312,0,38,359,0,397,490,0,490,887
05/04/2002,HIO,OR,ANM,WE,Towers with Display (VFR),0,8,20,1,29,0,7,301,2,310,0,15,321,3,339,510,0,510,849
05/05/2002,HIO,OR,ANM,WE,Towers with Display (VFR),0,2,41,0,43,0,0,51,0,51,0,2,92,0,94,48,0,48,142
05/06/2002,HIO,OR,ANM,WE,Towers with Display (VFR),0,21,70,0,91,0,12,132,0,144,0,33,202,0,235,436,0,436,671
05/07/2002,HIO,OR,ANM,WE,Towers with Display (VFR),0,27,50,0,77,0,12,176,0,188,0,39,226,0,265,328,0,328,593
05/08/2002,HIO,OR,ANM,WE,Towers with Display (VFR),0,24,58,2,84,0,9,273,0,282,0,33,331,2,366,536,0,536,902
05/09/2002,HIO,OR,ANM,WE,Towers with Display (VFR),0,22,82,0,104,0,8,281,2,291,0,30,363,2,395,662,0,662,1057
05/10/2002,HIO,OR,ANM,WE,Towers with Display (VFR),0,22,52,0,74,0,10,236,0,246,0,32,288,0,320,360,0,360,680
05/11/2002,HIO,OR,ANM,WE,Towers with Display (VFR),0,3,36,0,39,0,5,277,0,282,0,8,313,0,321,326,0,326,647
05/12/2002,HIO,OR,ANM,WE,Towers with Display (VFR),0,1,19,0,20,0,10,265,0,275,0,11,284,0,295,340,0,340,635
05/13/2002,HIO,OR,ANM,WE,Towers with Display (VFR),0,28,58,0,86,0,10,98,0,108,0,38,156,0,194,264,0,264,458
05/14/2002,HIO,OR,ANM,WE,Towers with Display (VFR),0,23,68,0,91,0,18,139,7,164,0,41,207,7,255,622,0,622,877
05/15/2002,HIO,OR,ANM,WE,Towers with Display (VFR),0,29,56,2,87,0,10,246,5,261,0,39,302,7,348,432,2,434,782
05/16/2002,HIO,OR,ANM,WE,Towers with Display (VFR),0,24,71,1,96,0,8,295,3,306,0,32,366,4,402,426,0,426,828
05/17/2002,HIO,OR,ANM,WE,Towers with Display (VFR),0,25,52,0,77,0,15,255,5,275,0,40,307,5,352,368,0,368,720
05/18/2002,HIO,OR,ANM,WE,Towers with Display (VFR),0,4,47,0,51,0,4,206,0,210,0,8,253,0,261,230,0,230,491
05/19/2002,HIO,OR,ANM,WE,Towers with Display (VFR),0,3,51,0,54,0,5,149,0,154,0,8,200,0,208,316,0,316,524
05/20/2002,HIO,OR,ANM,WE,Towers with Display (VFR),0,21,48,0,69,0,8,120,0,128,0,29,168,0,197,414,0,414,611
05/21/2002,HIO,OR,ANM,WE,Towers with Display (VFR),0,30,66,0,96,0,2,111,0,113,0,32,177,0,209,294,0,294,503
05/22/2002,HIO,OR,ANM,WE,Towers with Display (VFR),0,29,73,0,102,0,11,174,0,185,0,40,247,0,287,384,0,384,671
05/23/2002,HIO,OR,ANM,WE,Towers with Display (VFR),0,23,93,2,118,0,14,247,12,273,0,37,340,14,391,318,0,318,709
05/24/2002,HIO,OR,ANM,WE,Towers with Display (VFR),0,13,41,0,54,0,22,334,0,356,0,35,375,0,410,508,0,508,918
05/25/2002,HIO,OR,ANM,WE,Towers with Display (VFR),0,16,70,0,86,0,0,202,0,202,0,16,272,0,288,330,0,330,618
05/26/2002,HIO,OR,ANM,WE,Towers with Display (VFR),0,3,31,0,34,0,11,188,0,199,0,14,219,0,233,254,0,254,487
05/27/2002,HIO,OR,ANM,WE,Towers with Display (VFR),0,2,43,0,45,0,5,114,0,119,0,7,157,0,164,270,0,270,434
05/28/2002,HIO,OR,ANM,WE,Towers with Display (VFR),0,24,84,1,109,0,6,104,0,110,0,30,188,1,219,288,0,288,507
05/29/2002,HIO,OR,ANM,WE,Towers with Display (VFR),0,30,67,0,97,0,12,198,0,210,0,42,265,0,307,494,0,494,801
05/30/2002,HIO,OR,ANM,WE,Towers with Display (VFR),0,13,39,1,53,0,21,348,3,372,0,34,387,4,425,350,0,350,775
05/31/2002,HIO,OR,ANM,WE,Towers with Display (VFR),0,21,65,0,86,0,20,316,0,336,0,41,381,0,422,408,0,408,830
06/01/2002,HIO,OR,ANM,WE,Towers with Display (VFR),0,5,23,0,28,0,5,249,0,254,0,10,272,0,282,360,0,360,642
06/02/2002,HIO,OR,ANM,WE,Towers with Display (VFR),0,1,29,0,30,0,2,264,0,266,0,3,293,0,296,234,0,234,530
06/03/2002,HIO,OR,ANM,WE,Towers with Display (VFR),0,24,59,0,83,0,18,168,2,188,0,42,227,2,271,430,0,430,701
06/04/2002,HIO,OR,ANM,WE,Towers with Display (VFR),0,25,56,0,81,0,8,191,0,199,0,33,247,0,280,406,0,406,686
06/05/2002,HIO,OR,ANM,WE,Towers with Display (VFR),0,27,45,0,72,0,9,206,2,217,0,36,251,2,289,394,0,394,683
06/06/2002,HIO,OR,ANM,WE,Towers with Display (VFR),0,25,58,0,83,0,16,210,2,228,0,41,268,2,311,328,0,328,639
06/07/2002,HIO,OR,ANM,WE,Towers with Display (VFR),0,25,51,1,77,0,11,244,2,257,0,36,295,3,334,384,0,384,718
06/08/2002,HIO,OR,ANM,WE,Towers with Display (VFR),0,7,21,0,28,0,5,124,2,131,0,12,145,2,159,316,0,316,475
06/09/2002,HIO,OR,ANM,WE,Towers with Display (VFR),0,3,41,0,44,0,7,239,0,246,0,10,280,0,290,410,0,410,700
06/10/2002,HIO,OR,ANM,WE,Towers with Display (VFR),0,25,59,0,84,0,2,245,0,247,0,27,304,0,331,482,0,482,813
06/11/2002,HIO,OR,ANM,WE,Towers with Display (VFR),0,28,30,0,58,0,11,255,4,270,0,39,285,4,328,472,0,472,800
06/12/2002,HIO,OR,ANM,WE,Towers with Display (VFR),0,24,28,0,52,0,14,258,0,272,0,38,286,0,324,468,0,468,792
06/13/2002,HIO,OR,ANM,WE,Towers with Display (VFR),0,18,43,0,61,0,10,243,5,258,0,28,286,5,319,400,0,400,719
06/14/2002,HIO,OR,ANM,WE,Towers with Display (VFR),0,24,43,0,67,0,13,239,0,252,0,37,282,0,319,540,0,540,859
06/15/2002,HIO,OR,ANM,WE,Towers with Display (VFR),0,8,57,1,66,0,2,177,0,179,0,10,234,1,245,270,0,270,515
06/16/2002,HIO,OR,ANM,WE,Towers with Display (VFR),0,3,39,0,42,0,1,129,0,130,0,4,168,0,172,320,0,320,492
06/17/2002,HIO,OR,ANM,WE,Towers with Display (VFR),0,22,76,0,98,0,7,71,0,78,0,29,147,0,176,224,0,224,400
06/18/2002,HIO,OR,ANM,WE,Towers with Display (VFR),0,29,64,0,93,0,7,149,0,156,0,36,213,0,249,356,0,356,605
06/19/2002,HIO,OR,ANM,WE,Towers with Display (VFR),0,21,55,0,76,0,24,297,2,323,0,45,352,2,399,508,0,508,907
06/20/2002,HIO,OR,ANM,WE,Towers with Display (VFR),0,23,40,0,63,0,13,294,1,308,0,36,334,1,371,440,0,440,811
06/21/2002,HIO,OR,ANM,WE,Towers with Display (VFR),0,24,42,0,66,0,11,323,0,334,0,35,365,0,400,384,0,384,784
06/22/2002,HIO,OR,ANM,WE,Towers with Display (VFR),0,4,45,0,49,0,8,140,0,148,0,12,185,0,197,346,0,346,543
06/23/2002,HIO,OR,ANM,WE,Towers with Display (VFR),0,5,33,0,38,0,9,244,0,253,0,14,277,0,291,448,0,448,739
06/24/2002,HIO,OR,ANM,WE,Towers with Display (VFR),0,24,47,0,71,0,9,216,0,225,0,33,263,0,296,368,0,368,664
06/25/2002,HIO,OR,ANM,WE,Towers with Display (VFR),0,25,39,0,64,0,286,0,0,286,0,311,39,0,350,344,0,344,694
06/26/2002,HIO,OR,ANM,WE,Towers with Display (VFR),0,17,46,0,63,0,22,322,0,344,0,39,368,0,407,344,0,344,751
06/27/2002,HIO,OR,ANM,WE,Towers with Display (VFR),0,25,55,0,80,0,8,180,1,189,0,33,235,1,269,566,0,566,835
06/28/2002,HIO,OR,ANM,WE,Towers with Display (VFR),0,30,60,0,90,0,2,90,0,92,0,32,150,0,182,242,0,242,424
06/29/2002,HIO,OR,ANM,WE,Towers with Display (VFR),0,8,43,0,51,0,7,290,0,297,0,15,333,0,348,442,0,442,790
06/30/2002,HIO,OR,ANM,WE,Towers with Display (VFR),0,1,49,0,50,0,7,249,0,256,0,8,298,0,306,254,0,254,560
07/01/2002,HIO,OR,ANM,WE,Towers with Display (VFR),0,28,33,0,61,0,12,275,0,287,0,40,308,0,348,432,0,432,780
07/02/2002,HIO,OR,ANM,WE,Towers with Display (VFR),0,27,22,0,49,0,17,284,0,301,0,44,306,0,350,358,0,358,708
07/03/2002,HIO,OR,ANM,WE,Towers with Display (VFR),0,22,46,0,68,0,22,256,0,278,0,44,302,0,346,412,0,412,758
07/04/2002,HIO,OR,ANM,WE,Towers with Display (VFR),0,2,23,0,25,0,5,184,0,189,0,7,207,0,214,294,0,294,508
07/05/2002,HIO,OR,ANM,WE,Towers with Display (VFR),0,4,17,0,21,0,8,302,0,310,0,12,319,0,331,506,0,506,837
07/06/2002,HIO,OR,ANM,WE,Towers with Display (VFR),0,1,17,0,18,0,11,256,0,267,0,12,273,0,285,310,0,310,595
07/07/2002,HIO,OR,ANM,WE,Towers with Display (VFR),0,2,39,0,41,0,3,140,0,143,0,5,179,0,184,236,0,236,420
07/08/2002,HIO,OR,ANM,WE,Towers with Display (VFR),0,23,34,0,57,0,11,225,0,236,0,34,259,0,293,530,0,530,823
07/09/2002,HIO,OR,ANM,WE,Towers with Display (VFR),0,22,30,2,54,0,8,324,2,334,0,30,354,4,388,379,0,379,767
07/10/2002,HIO,OR,ANM,WE,Towers with Display (VFR),0,25,38,0,63,0,17,349,0,366,0,42,387,0,429,520,0,520,949
07/11/2002,HIO,OR,ANM,WE,Towers with Display (VFR),0,24,45,0,69,0,24,362,0,386,0,48,407,0,455,536,0,536,991
07/12/2002,HIO,OR,ANM,WE,Towers with Display (VFR),0,21,50,0,71,0,19,281,0,300,0,40,331,0,371,464,0,464,835
07/13/2002,HIO,OR,ANM,WE,Towers with Display (VFR),0,4,24,1,29,0,17,270,3,290,0,21,294,4,319,354,0,354,673
07/14/2002,HIO,OR,ANM,WE,Towers with Display (VFR),0,6,35,0,41,0,12,254,0,266,0,18,289,0,307,292,0,292,599
07/15/2002,HIO,OR,ANM,WE,Towers with Display (VFR),0,22,39,2,63,0,5,241,0,246,0,27,280,2,309,494,0,494,803
07/16/2002,HIO,OR,ANM,WE,Towers with Display (VFR),0,25,33,0,58,0,22,331,0,353,0,47,364,0,411,592,0,592,1003
07/17/2002,HIO,OR,ANM,WE,Towers with Display (VFR),0,25,48,0,73,0,20,256,0,276,0,45,304,0,349,614,0,614,963
07/18/2002,HIO,OR,ANM,WE,Towers with Display (VFR),0,24,50,2,76,0,16,296,0,312,0,40,346,2,388,708,0,708,1096
07/19/2002,HIO,OR,ANM,WE,Towers with Display (VFR),0,27,49,0,76,0,4,227,0,231,0,31,276,0,307,568,0,568,875
07/20/2002,HIO,OR,ANM,WE,Towers with Display (VFR),0,7,26,1,34,0,4,257,0,261,0,11,283,1,295,264,0,264,559
07/21/2002,HIO,OR,ANM,WE,Towers with Display (VFR),0,4,17,1,22,0,2,234,0,236,0,6,251,1,258,260,0,260,518
07/22/2002,HIO,OR,ANM,WE,Towers with Display (VFR),0,22,27,0,49,0,15,315,0,330,0,37,342,0,379,482,0,482,861
07/23/2002,HIO,OR,ANM,WE,Towers with Display (VFR),0,25,35,0,60,0,23,309,0,332,0,48,344,0,392,490,0,490,882
07/24/2002,HIO,OR,ANM,WE,Towers with Display (VFR),0,23,41,0,64,0,13,259,0,272,0,36,300,0,336,540,0,540,876
07/25/2002,HIO,OR,ANM,WE,Towers with Display (VFR),0,29,62,0,91,0,32,212,0,244,0,61,274,0,335,564,0,564,899
07/26/2002,HIO,OR,ANM,WE,Towers with Display (VFR),0,31,44,0,75,0,13,272,0,285,0,44,316,0,360,430,0,430,790
07/27/2002,HIO,OR,ANM,WE,Towers with Display (VFR),0,3,45,0,48,0,2,250,0,252,0,5,295,0,300,412,0,412,712
07/28/2002,HIO,OR,ANM,WE,Towers with Display (VFR),0,4,27,0,31,0,8,263,0,271,0,12,290,0,302,330,0,330,632
07/29/2002,HIO,OR,ANM,WE,Towers with Display (VFR),0,21,39,2,62,0,11,219,1,231,0,32,258,3,293,470,0,470,763
07/30/2002,HIO,OR,ANM,WE,Towers with Display (VFR),0,25,52,2,79,0,11,227,0,238,0,36,279,2,317,408,0,408,725
07/31/2002,HIO,OR,ANM,WE,Towers with Display (VFR),0,32,46,5,83,0,11,243,3,257,0,43,289,8,340,526,0,526,866
08/01/2002,HIO,OR,ANM,WE,Towers with Display (VFR),0,22,45,0,67,0,19,256,0,275,0,41,301,0,342,468,0,468,810
08/02/2002,HIO,OR,ANM,WE,Towers with Display (VFR),0,19,31,0,50,0,26,287,0,313,0,45,318,0,363,560,0,560,923
08/03/2002,HIO,OR,ANM,WE,Towers with Display (VFR),0,12,30,0,42,0,21,263,3,287,0,33,293,3,329,268,0,268,597
08/04/2002,HIO,OR,ANM,WE,Towers with Display (VFR),0,5,40,0,45,0,15,182,0,197,0,20,222,0,242,248,0,248,490
08/05/2002,HIO,OR,ANM,WE,Towers with Display (VFR),0,23,57,0,80,0,39,167,1,207,0,62,224,1,287,416,0,416,703
08/06/2002,HIO,OR,ANM,WE,Towers with Display (VFR),0,42,54,0,96,0,16,304,4,324,0,58,358,4,420,530,0,530,950
08/07/2002,HIO,OR,ANM,WE,Towers with Display (VFR),0,22,52,0,74,0,28,312,0,340,0,50,364,0,414,642,0,642,1056
08/08/2002,HIO,OR,ANM,WE,Towers with Display (VFR),0,25,49,0,74,0,19,289,0,308,0,44,338,0,382,354,0,354,736
08/09/2002,HIO,OR,ANM,WE,Towers with Display (VFR),0,10,27,0,37,0,30,323,0,353,0,40,350,0,390,568,0,568,958
08/10/2002,HIO,OR,ANM,WE,Towers with Display (VFR),0,7,19,0,26,0,2,279,0,281,0,9,298,0,307,342,0,342,649
08/11/2002,HIO,OR,ANM,WE,Towers with Display (VFR),0,10,50,0,60,0,0,207,8,215,0,10,257,8,275,210,0,210,485
08/12/2002,HIO,OR,ANM,WE,Towers with Display (VFR),0,23,44,0,67,0,20,264,0,284,0,43,308,0,351,578,0,578,929
08/13/2002,HIO,OR,ANM,WE,Towers with Display (VFR),0,28,27,2,57,0,15,251,2,268,0,43,278,4,325,322,0,322,647
08/14/2002,HIO,OR,ANM,WE,Towers with Display (VFR),0,24,49,0,73,0,16,261,5,282,0,40,310,5,355,594,0,594,949
08/15/2002,HIO,OR,ANM,WE,Towers with Display (VFR),0,25,35,0,60,0,18,338,7,363,0,43,373,7,423,456,0,456,879
08/16/2002,HIO,OR,ANM,WE,Towers with Display (VFR),0,2,31,10,43,0,18,197,19,234,0,20,228,29,277,326,0,326,603
08/17/2002,HIO,OR,ANM,WE,Towers with Display (VFR),0,1,14,0,15,0,53,217,10,280,0,54,231,10,295,64,0,64,359
08/18/2002,HIO,OR,ANM,WE,Towers with Display (VFR),0,5,13,1,19,0,10,97,1,108,0,15,110,2,127,56,0,56,183
08/19/2002,HIO,OR,ANM,WE,Towers with Display (VFR),0,26,45,8,79,0,7,281,2,290,0,33,326,10,369,390,0,390,759
08/20/2002,HIO,OR,ANM,WE,Towers with Display (VFR),0,14,31,0,45,0,25,218,0,243,0,39,249,0,288,578,0,578,866
08/21/2002,HIO,OR,ANM,WE,Towers with Display (VFR),0,28,63,1,92,0,1,244,0,245,0,29,307,1,337,492,0,492,829
08/22/2002,HIO,OR,ANM,WE,Towers with Display (VFR),0,24,46,0,70,0,11,194,2,207,0,35,240,2,277,386,0,386,663
08/23/2002,HIO,OR,ANM,WE,Towers with Display (VFR),0,25,44,0,69,0,3,242,0,245,0,28,286,0,314,432,0,432,746
08/24/2002,HIO,OR,ANM,WE,Towers with Display (VFR),0,16,36,0,52,0,10,249,2,261,0,26,285,2,313,282,0,282,595
08/25/2002,HIO,OR,ANM,WE,Towers with Display (VFR),0,7,35,0,42,0,12,204,0,216,0,19,239,0,258,270,0,270,528
08/26/2002,HIO,OR,ANM,WE,Towers with Display (VFR),0,30,40,0,70,0,13,183,3,199,0,43,223,3,269,482,0,482,751
08/27/2002,HIO,OR,ANM,WE,Towers with Display (VFR),0,23,51,0,74,0,5,221,3,229,0,28,272,3,303,458,0,458,761
08/28/2002,HIO,OR,ANM,WE,Towers with Display (VFR),0,30,37,0,67,0,14,283,0,297,0,44,320,0,364,432,0,432,796
08/29/2002,HIO,OR,ANM,WE,Towers with Display (VFR),0,2,37,0,39,0,9,234,0,243,0,11,271,0,282,434,0,434,716
08/30/2002,HIO,OR,ANM,WE,Towers with Display (VFR),0,4,59,0,63,0,14,307,0,321,0,18,366,0,384,260,0,260,644
08/31/2002,HIO,OR,ANM,WE,Towers with Display (VFR),0,9,18,0,27,0,1,260,0,261,0,10,278,0,288,272,0,272,560
09/01/2002,HIO,OR,ANM,WE,Towers with Display (VFR),0,8,18,0,26,0,5,145,0,150,0,13,163,0,176,218,0,218,394
09/02/2002,HIO,OR,ANM,WE,Towers with Display (VFR),0,7,25,0,32,0,3,231,0,234,0,10,256,0,266,308,0,308,574
09/03/2002,HIO,OR,ANM,WE,Towers with Display (VFR),0,3,32,0,35,0,17,195,0,212,0,20,227,0,247,596,0,596,843
09/04/2002,HIO,OR,ANM,WE,Towers with Display (VFR),0,3,42,0,45,0,6,240,0,246,0,9,282,0,291,467,0,467,758
09/05/2002,HIO,OR,ANM,WE,Towers with Display (VFR),0,28,42,0,70,0,14,235,0,249,0,42,277,0,319,590,0,590,909
09/06/2002,HIO,OR,ANM,WE,Towers with Display (VFR),0,20,38,0,58,0,4,171,0,175,0,24,209,0,233,404,0,404,637
09/07/2002,HIO,OR,ANM,WE,Towers with Display (VFR),0,5,37,0,42,0,5,190,0,195,0,10,227,0,237,214,0,214,451
09/08/2002,HIO,OR,ANM,WE,Towers with Display (VFR),0,10,29,0,39,0,3,169,0,172,0,13,198,0,211,336,0,336,547
09/09/2002,HIO,OR,ANM,WE,Towers with Display (VFR),0,22,44,0,66,0,5,268,0,273,0,27,312,0,339,608,0,608,947
09/10/2002,HIO,OR,ANM,WE,Towers with Display (VFR),0,19,43,0,62,0,15,282,0,297,0,34,325,0,359,592,0,592,951
09/11/2002,HIO,OR,ANM,WE,Towers with Display (VFR),0,21,47,0,68,0,20,279,0,299,0,41,326,0,367,588,0,588,955
09/12/2002,HIO,OR,ANM,WE,Towers with Display (VFR),0,21,29,0,50,0,10,301,0,311,0,31,330,0,361,608,0,608,969
09/13/2002,HIO,OR,ANM,WE,Towers with Display (VFR),0,26,32,0,58,0,11,267,0,278,0,37,299,0,336,438,0,438,774
09/14/2002,HIO,OR,ANM,WE,Towers with Display (VFR),0,0,28,0,28,6,0,280,0,286,6,0,308,0,314,356,0,356,670
09/15/2002,HIO,OR,ANM,WE,Towers with Display (VFR),0,7,42,2,51,0,4,155,0,159,0,11,197,2,210,174,0,174,384
09/16/2002,HIO,OR,ANM,WE,Towers with Display (VFR),0,18,54,0,72,0,12,102,5,119,0,30,156,5,191,462,0,462,653
09/17/2002,HIO,OR,ANM,WE,Towers with Display (VFR),0,44,107,0,151,0,0,123,1,124,0,44,230,1,275,508,0,508,783
09/18/2002,HIO,OR,ANM,WE,Towers with Display (VFR),0,24,40,0,64,0,11,296,11,318,0,35,336,11,382,574,0,574,956
09/19/2002,HIO,OR,ANM,WE,Towers with Display (VFR),0,19,42,1,62,0,15,282,5,302,0,34,324,6,364,420,0,420,784
09/20/2002,HIO,OR,ANM,WE,Towers with Display (VFR),0,20,45,0,65,0,9,283,7,299,0,29,328,7,364,420,0,420,784
09/21/2002,HIO,OR,ANM,WE,Towers with Display (VFR),0,0,25,0,25,0,4,343,0,347,0,4,368,0,372,342,0,342,714
09/22/2002,HIO,OR,ANM,WE,Towers with Display (VFR),0,0,24,0,24,0,5,272,0,277,0,5,296,0,301,264,0,264,565
09/23/2002,HIO,OR,ANM,WE,Towers with Display (VFR),0,17,32,0,49,0,20,281,0,301,0,37,313,0,350,542,0,542,892
09/24/2002,HIO,OR,ANM,WE,Towers with Display (VFR),0,20,31,0,51,0,22,215,0,237,0,42,246,0,288,558,0,558,846
09/25/2002,HIO,OR,ANM,WE,Towers with Display (VFR),0,27,33,0,60,0,17,224,0,241,0,44,257,0,301,492,0,492,793
09/26/2002,HIO,OR,ANM,WE,Towers with Display (VFR),0,18,43,0,61,0,15,235,0,250,0,33,278,0,311,416,0,416,727
09/27/2002,HIO,OR,ANM,WE,Towers with Display (VFR),0,23,44,0,67,0,15,289,0,304,0,38,333,0,371,492,0,492,863
09/28/2002,HIO,OR,ANM,WE,Towers with Display (VFR),0,1,22,0,23,0,4,263,0,267,0,5,285,0,290,230,0,230,520
09/29/2002,HIO,OR,ANM,WE,Towers with Display (VFR),0,0,24,0,24,0,8,143,0,151,0,8,167,0,175,354,0,354,529
09/30/2002,HIO,OR,ANM,WE,Towers with Display (VFR),0,16,36,1,53,0,19,79,3,101,0,35,115,4,154,332,0,332,486
10/01/2002,HIO,OR,ANM,WE,Towers with Display (VFR),0,19,38,0,57,0,10,133,0,143,0,29,171,0,200,352,0,352,552
10/02/2002,HIO,OR,ANM,WE,Towers with Display (VFR),0,26,49,0,75,0,6,142,0,148,0,32,191,0,223,402,0,402,625
10/03/2002,HIO,OR,ANM,WE,Towers with Display (VFR),0,28,75,6,109,0,0,1,0,1,0,28,76,6,110,112,0,112,222
10/04/2002,HIO,OR,ANM,WE,Towers with Display (VFR),0,25,53,1,79,0,15,155,0,170,0,40,208,1,249,540,0,540,789
10/05/2002,HIO,OR,ANM,WE,Towers with Display (VFR),0,5,53,1,59,0,3,102,1,106,0,8,155,2,165,250,0,250,415
10/06/2002,HIO,OR,ANM,WE,Towers with Display (VFR),0,1,27,0,28,0,3,256,7,266,0,4,283,7,294,336,0,336,630
10/07/2002,HIO,OR,ANM,WE,Towers with Display (VFR),0,19,52,0,71,0,5,212,0,217,0,24,264,0,288,508,0,508,796
10/08/2002,HIO,OR,ANM,WE,Towers with Display (VFR),0,16,42,0,58,0,16,181,0,197,0,32,223,0,255,608,2,610,865
10/09/2002,HIO,OR,ANM,WE,Towers with Display (VFR),0,16,44,0,60,0,18,190,0,208,0,34,234,0,268,416,0,416,684
10/10/2002,HIO,OR,ANM,WE,Towers with Display (VFR),0,20,54,0,74,0,13,180,0,193,0,33,234,0,267,520,0,520,787
10/11/2002,HIO,OR,ANM,WE,Towers with Display (VFR),0,6,15,0,21,0,25,255,0,280,0,31,270,0,301,386,0,386,687
10/12/2002,HIO,OR,ANM,WE,Towers with Display (VFR),0,0,20,0,20,0,5,263,0,268,0,5,283,0,288,168,0,168,456
10/13/2002,HIO,OR,ANM,WE,Towers with Display (VFR),0,5,17,0,22,0,5,222,0,227,0,10,239,0,249,348,0,348,597
10/14/2002,HIO,OR,ANM,WE,Towers with Display (VFR),0,18,31,0,49,0,8,157,0,165,0,26,188,0,214,336,0,336,550
10/15/2002,HIO,OR,ANM,WE,Towers with Display (VFR),0,20,21,0,41,0,15,240,4,259,0,35,261,4,300,512,0,512,812
10/16/2002,HIO,OR,ANM,WE,Towers with Display (VFR),0,28,42,0,70,0,4,278,0,282,0,32,320,0,352,442,0,442,794
10/17/2002,HIO,OR,ANM,WE,Towers with Display (VFR),0,21,43,0,64,0,3,326,0,329,0,24,369,0,393,664,0,664,1057
10/18/2002,HIO,OR,ANM,WE,Towers with Display (VFR),0,18,77,1,96,0,4,130,0,134,0,22,207,1,230,398,0,398,628
10/19/2002,HIO,OR,ANM,WE,Towers with Display (VFR),0,2,56,0,58,0,3,260,0,263,0,5,316,0,321,390,0,390,711
10/20/2002,HIO,OR,ANM,WE,Towers with Display (VFR),0,3,39,0,42,0,4,125,0,129,0,7,164,0,171,254,0,254,425
10/21/2002,HIO,OR,ANM,WE,Towers with Display (VFR),0,19,49,0,68,0,13,141,0,154,0,32,190,0,222,484,0,484,706
10/22/2002,HIO,OR,ANM,WE,Towers with Display (VFR),0,18,55,0,73,0,10,221,0,231,0,28,276,0,304,482,0,482,786
10/23/2002,HIO,OR,ANM,WE,Towers with Display (VFR),0,21,47,1,69,0,9,259,3,271,0,30,306,4,340,438,0,438,778
10/24/2002,HIO,OR,ANM,WE,Towers with Display (VFR),0,21,51,0,72,0,6,124,0,130,0,27,175,0,202,334,0,334,536
10/25/2002,HIO,OR,ANM,WE,Towers with Display (VFR),0,18,35,0,53,0,8,292,0,300,0,26,327,0,353,432,0,432,785
10/26/2002,HIO,OR,ANM,WE,Towers with Display (VFR),0,0,57,0,57,0,4,157,0,161,0,4,214,0,218,338,0,338,556
10/27/2002,HIO,OR,ANM,WE,Towers with Display (VFR),0,2,35,0,37,0,0,72,0,72,0,2,107,0,109,234,0,234,343
10/28/2002,HIO,OR,ANM,WE,Towers with Display (VFR),0,12,59,0,71,0,3,92,0,95,0,15,151,0,166,396,0,396,562
10/29/2002,HIO,OR,ANM,WE,Towers with Display (VFR),0,22,44,3,69,0,22,179,1,202,0,44,223,4,271,276,0,276,547
10/30/2002,HIO,OR,ANM,WE,Towers with Display (VFR),0,25,44,2,71,0,18,218,4,240,0,43,262,6,311,258,0,258,569
10/31/2002,HIO,OR,ANM,WE,Towers with Display (VFR),0,19,46,2,67,0,16,128,7,151,0,35,174,9,218,154,0,154,372
11/01/2002,HIO,OR,ANM,WE,Towers with Display (VFR),0,18,32,0,50,0,14,179,0,193,0,32,211,0,243,180,0,180,423
11/02/2002,HIO,OR,ANM,WE,Towers with Display (VFR),0,5,21,0,26,0,0,355,0,355,0,5,376,0,381,474,0,474,855
11/03/2002,HIO,OR,ANM,WE,Towers with Display (VFR),0,4,18,0,22,0,1,282,0,283,0,5,300,0,305,306,0,306,611
11/04/2002,HIO,OR,ANM,WE,Towers with Display (VFR),0,18,46,0,64,0,9,224,0,233,0,27,270,0,297,488,0,488,785
11/05/2002,HIO,OR,ANM,WE,Towers with Display (VFR),0,21,39,0,60,0,3,173,2,178,0,24,212,2,238,460,0,460,698
11/06/2002,HIO,OR,ANM,WE,Towers with Display (VFR),0,22,36,0,58,0,5,139,0,144,0,27,175,0,202,470,0,470,672
11/07/2002,HIO,OR,ANM,WE,Towers with Display (VFR),0,25,35,1,61,0,15,84,0,99,0,40,119,1,160,336,0,336,496
11/08/2002,HIO,OR,ANM,WE,Towers with Display (VFR),0,19,34,1,54,0,5,79,0,84,0,24,113,1,138,334,0,334,472
11/09/2002,HIO,OR,ANM,WE,Towers with Display (VFR),0,2,26,0,28,0,0,230,0,230,0,2,256,0,258,270,0,270,528
11/10/2002,HIO,OR,ANM,WE,Towers with Display (VFR),0,2,28,0,30,0,0,64,0,64,0,2,92,0,94,280,0,280,374
11/11/2002,HIO,OR,ANM,WE,Towers with Display (VFR),0,25,36,0,61,0,12,149,0,161,0,37,185,0,222,494,0,494,716
11/12/2002,HIO,OR,ANM,WE,Towers with Display (VFR),0,26,61,0,87,0,9,85,0,94,0,35,146,0,181,394,0,394,575
11/13/2002,HIO,OR,ANM,WE,Towers with Display (VFR),0,24,63,0,87,0,9,53,0,62,0,33,116,0,149,258,0,258,407
11/14/2002,HIO,OR,ANM,WE,Towers with Display (VFR),0,22,66,0,88,0,16,195,0,211,0,38,261,0,299,558,0,558,857
11/15/2002,HIO,OR,ANM,WE,Towers with Display (VFR),0,13,28,0,41,0,7,123,0,130,0,20,151,0,171,330,0,330,501
11/16/2002,HIO,OR,ANM,WE,Towers with Display (VFR),0,2,19,0,21,0,0,36,0,36,0,2,55,0,57,90,0,90,147
11/17/2002,HIO,OR,ANM,WE,Towers with Display (VFR),0,8,41,0,49,0,1,132,0,133,0,9,173,0,182,400,0,400,582
11/18/2002,HIO,OR,ANM,WE,Towers with Display (VFR),0,17,82,0,99,0,0,88,0,88,0,17,170,0,187,592,0,592,779
11/19/2002,HIO,OR,ANM,WE,Towers with Display (VFR),0,16,50,0,66,0,19,145,1,165,0,35,195,1,231,618,0,618,849
11/20/2002,HIO,OR,ANM,WE,Towers with Display (VFR),0,26,52,0,78,0,1,244,5,250,0,27,296,5,328,502,0,502,830
11/21/2002,HIO,OR,ANM,WE,Towers with Display (VFR),0,14,45,0,59,0,10,45,0,55,0,24,90,0,114,136,0,136,250
11/22/2002,HIO,OR,ANM,WE,Towers with Display (VFR),0,15,42,3,60,0,0,9,0,9,0,15,51,3,69,66,0,66,135
11/23/2002,HIO,OR,ANM,WE,Towers with Display (VFR),0,5,42,0,47,0,5,112,0,117,0,10,154,0,164,368,0,368,532
11/24/2002,HIO,OR,ANM,WE,Towers with Display (VFR),0,5,25,0,30,0,0,217,3,220,0,5,242,3,250,500,0,500,750
11/25/2002,HIO,OR,ANM,WE,Towers with Display (VFR),0,1,46,0,47,0,13,250,2,265,0,14,296,2,312,720,0,720,1032
11/26/2002,HIO,OR,ANM,WE,Towers with Display (VFR),0,11,52,0,63,0,14,260,2,276,0,25,312,2,339,536,0,536,875
11/27/2002,HIO,OR,ANM,WE,Towers with Display (VFR),0,3,37,0,40,0,26,247,0,273,0,29,284,0,313,486,0,486,799
11/28/2002,HIO,OR,ANM,WE,Towers with Display (VFR),0,0,14,0,14,0,0,153,0,153,0,0,167,0,167,326,0,326,493
11/29/2002,HIO,OR,ANM,WE,Towers with Display (VFR),0,9,49,0,58,0,0,215,0,215,0,9,264,0,273,370,0,370,643
11/30/2002,HIO,OR,ANM,WE,Towers with Display (VFR),0,1,42,0,43,0,1,273,0,274,0,2,315,0,317,458,0,458,775
12/01/2002,HIO,OR,ANM,WE,Towers with Display (VFR),0,4,48,0,52,0,5,0,0,5,0,9,48,0,57,40,0,40,97
12/02/2002,HIO,OR,ANM,WE,Towers with Display (VFR),0,19,70,0,89,0,5,108,0,113,0,24,178,0,202,404,0,404,606
12/03/2002,HIO,OR,ANM,WE,Towers with Display (VFR),0,21,55,2,78,0,12,212,10,234,0,33,267,12,312,480,28,508,820
12/04/2002,HIO,OR,ANM,WE,Towers with Display (VFR),0,20,75,0,95,0,13,33,2,48,0,33,108,2,143,156,0,156,299
12/05/2002,HIO,OR,ANM,WE,Towers with Display (VFR),0,20,41,0,61,0,11,222,0,233,0,31,263,0,294,424,0,424,718
12/06/2002,HIO,OR,ANM,WE,Towers with Display (VFR),0,17,51,0,68,0,17,213,0,230,0,34,264,0,298,539,0,539,837
12/07/2002,HIO,OR,ANM,WE,Towers with Display (VFR),0,1,20,0,21,0,0,267,0,267,0,1,287,0,288,630,0,630,918
12/08/2002,HIO,OR,ANM,WE,Towers with Display (VFR),0,2,56,0,58,0,0,115,0,115,0,2,171,0,173,396,0,396,569
12/09/2002,HIO,OR,ANM,WE,Towers with Display (VFR),0,19,41,0,60,0,5,185,0,190,0,24,226,0,250,634,0,634,884
12/10/2002,HIO,OR,ANM,WE,Towers with Display (VFR),0,19,22,0,41,0,2,51,0,53,0,21,73,0,94,98,0,98,192
12/11/2002,HIO,OR,ANM,WE,Towers with Display (VFR),0,21,57,0,78,0,14,28,0,42,0,35,85,0,120,187,0,187,307
12/12/2002,HIO,OR,ANM,WE,Towers with Display (VFR),0,22,17,0,39,0,4,65,0,69,0,26,82,0,108,316,0,316,424
12/13/2002,HIO,OR,ANM,WE,Towers with Display (VFR),0,19,40,0,59,0,6,103,0,109,0,25,143,0,168,276,0,276,444
12/14/2002,HIO,OR,ANM,WE,Towers with Display (VFR),0,0,8,0,8,0,7,30,0,37,0,7,38,0,45,88,0,88,133
12/15/2002,HIO,OR,ANM,WE,Towers with Display (VFR),0,0,17,0,17,0,9,24,0,33,0,9,41,0,50,36,0,36,86
12/16/2002,HIO,OR,ANM,WE,Towers with Display (VFR),0,15,49,0,64,0,7,136,0,143,0,22,185,0,207,414,0,414,621
12/17/2002,HIO,OR,ANM,WE,Towers with Display (VFR),0,27,54,0,81,0,10,102,0,112,0,37,156,0,193,350,0,350,543
12/18/2002,HIO,OR,ANM,WE,Towers with Display (VFR),0,24,76,0,100,0,11,96,2,109,0,35,172,2,209,380,0,380,589
12/19/2002,HIO,OR,ANM,WE,Towers with Display (VFR),0,21,33,0,54,0,0,92,0,92,0,21,125,0,146,98,0,98,244
12/20/2002,HIO,OR,ANM,WE,Towers with Display (VFR),0,14,55,0,69,0,3,67,0,70,0,17,122,0,139,346,0,346,485
12/21/2002,HIO,OR,ANM,WE,Towers with Display (VFR),0,1,42,0,43,0,2,70,0,72,0,3,112,0,115,454,0,454,569
12/22/2002,HIO,OR,ANM,WE,Towers with Display (VFR),0,0,32,0,32,0,0,5,0,5,0,0,37,0,37,10,0,10,47
12/23/2002,HIO,OR,ANM,WE,Towers with Display (VFR),0,2,25,0,27,0,16,200,0,216,0,18,225,0,243,262,0,262,505
12/24/2002,HIO,OR,ANM,WE,Towers with Display (VFR),0,6,13,0,19,0,9,13,0,22,0,15,26,0,41,41,0,41,82
12/25/2002,HIO,OR,ANM,WE,Towers with Display (VFR),0,4,2,0,6,0,3,31,0,34,0,7,33,0,40,28,0,28,68
12/26/2002,HIO,OR,ANM,WE,Towers with Display (VFR),0,4,31,0,35,0,0,10,0,10,0,4,41,0,45,20,0,20,65
12/27/2002,HIO,OR,ANM,WE,Towers with Display (VFR),0,3,15,0,18,0,6,25,0,31,0,9,40,0,49,42,0,42,91
12/28/2002,HIO,OR,ANM,WE,Towers with Display (VFR),0,3,42,0,45,0,3,0,0,3,0,6,42,0,48,128,0,128,176
12/29/2002,HIO,OR,ANM,WE,Towers with Display (VFR),0,5,25,0,30,0,8,207,0,215,0,13,232,0,245,352,0,352,597
12/30/2002,HIO,OR,ANM,WE,Towers with Display (VFR),0,2,20,0,22,0,1,10,0,11,0,3,30,0,33,58,0,58,91
12/31/2002,HIO,OR,ANM,WE,Towers with Display (VFR),0,6,21,0,27,0,2,175,0,177,0,8,196,0,204,358,0,358,562
01/01/2003,HIO,OR,ANM,WE,Towers with Display (VFR),0,7,11,0,18,0,1,22,0,23,0,8,33,0,41,60,0,60,101
01/02/2003,HIO,OR,ANM,WE,Towers with Display (VFR),0,4,43,0,47,0,2,68,0,70,0,6,111,0,117,158,0,158,275
01/03/2003,HIO,OR,ANM,WE,Towers with Display (VFR),0,16,37,0,53,0,3,105,0,108,0,19,142,0,161,384,0,384,545
01/04/2003,HIO,OR,ANM,WE,Towers with Display (VFR),0,4,53,0,57,0,2,67,0,69,0,6,120,0,126,256,0,256,382
01/05/2003,HIO,OR,ANM,WE,Towers with Display (VFR),0,1,31,0,32,0,0,118,0,118,0,1,149,0,150,192,0,192,342
01/06/2003,HIO,OR,ANM,WE,Towers with Display (VFR),0,22,37,0,59,0,9,215,0,224,0,31,252,0,283,310,0,310,593
01/07/2003,HIO,OR,ANM,WE,Towers with Display (VFR),0,22,54,0,76,0,12,215,0,227,0,34,269,0,303,484,0,484,787
01/08/2003,HIO,OR,ANM,WE,Towers with Display (VFR),0,18,42,0,60,0,16,249,0,265,0,34,291,0,325,480,0,480,805
01/09/2003,HIO,OR,ANM,WE,Towers with Display (VFR),0,20,47,0,67,0,4,117,0,121,0,24,164,0,188,170,0,170,358
01/10/2003,HIO,OR,ANM,WE,Towers with Display (VFR),0,20,51,0,71,0,6,170,0,176,0,26,221,0,247,432,0,432,679
01/11/2003,HIO,OR,ANM,WE,Towers with Display (VFR),0,10,33,0,43,0,0,121,0,121,0,10,154,0,164,356,0,356,520
01/12/2003,HIO,OR,ANM,WE,Towers with Display (VFR),0,2,39,0,41,0,0,15,0,15,0,2,54,0,56,0,0,0,56
01/13/2003,HIO,OR,ANM,WE,Towers with Display (VFR),0,19,45,0,64,0,0,22,0,22,0,19,67,0,86,52,0,52,138
01/14/2003,HIO,OR,ANM,WE,Towers with Display (VFR),0,19,29,0,48,0,0,58,0,58,0,19,87,0,106,158,0,158,264
01/15/2003,HIO,OR,ANM,WE,Towers with Display (VFR),0,24,45,0,69,0,8,137,0,145,0,32,182,0,214,338,0,338,552
01/16/2003,HIO,OR,ANM,WE,Towers with Display (VFR),0,0,0,0,0,0,31,251,0,282,0,31,251,0,282,22,47,69,351
01/17/2003,HIO,OR,ANM,WE,Towers with Display (VFR),0,19,38,0,57,0,8,226,0,234,0,27,264,0,291,444,0,444,735
01/18/2003,HIO,OR,ANM,WE,Towers with Display (VFR),0,5,45,2,52,0,0,253,0,253,0,5,298,2,305,305,0,305,610
01/19/2003,HIO,OR,ANM,WE,Towers with Display (VFR),0,7,50,0,57,0,0,208,1,209,0,7,258,1,266,410,0,410,676
01/20/2003,HIO,OR,ANM,WE,Towers with Display (VFR),0,28,71,0,99,0,3,180,0,183,0,31,251,0,282,506,0,506,788
01/21/2003,HIO,OR,ANM,WE,Towers with Display (VFR),0,25,54,0,79,0,0,45,0,45,0,25,99,0,124,228,0,228,352
01/22/2003,HIO,OR,ANM,WE,Towers with Display (VFR),0,19,51,0,70,0,2,3,0,5,0,21,54,0,75,42,0,42,117
01/23/2003,HIO,OR,ANM,WE,Towers with Display (VFR),0,24,64,0,88,0,16,200,0,216,0,40,264,0,304,518,0,518,822
01/24/2003,HIO,OR,ANM,WE,Towers with Display (VFR),0,18,49,0,67,0,12,105,5,122,0,30,154,5,189,412,0,412,601
01/25/2003,HIO,OR,ANM,WE,Towers with Display (VFR),0,2,0,0,2,0,13,0,111,124,0,15,0,111,126,312,0,312,438
01/26/2003,HIO,OR,ANM,WE,Towers with Display (VFR),0,4,28,0,32,0,3,88,0,91,0,7,116,0,123,264,0,264,387
01/27/2003,HIO,OR,ANM,WE,Towers with Display (VFR),0,32,33,0,65,0,3,35,0,38,0,35,68,0,103,236,0,236,339
01/28/2003,HIO,OR,ANM,WE,Towers with Display (VFR),0,25,43,0,68,0,26,51,5,82,0,51,94,5,150,158,0,158,308
01/29/2003,HIO,OR,ANM,WE,Towers with Display (VFR),0,16,49,0,65,0,5,44,5,54,0,21,93,5,119,262,0,262,381
01/30/2003,HIO,OR,ANM,WE,Towers with Display (VFR),0,26,62,0,88,0,2,10,0,12,0,28,72,0,100,54,0,54,154
01/31/2003,HIO,OR,ANM,WE,Towers with Display (VFR),0,25,54,0,79,0,49,71,0,120,0,74,125,0,199,234,0,234,433
02/01/2003,HIO,OR,ANM,WE,Towers with Display (VFR),0,5,43,0,48,0,7,171,0,178,0,12,214,0,226,478,0,478,704
02/02/2003,HIO,OR,ANM,WE,Towers with Display (VFR),0,11,51,0,62,0,0,120,0,120,0,11,171,0,182,290,0,290,472
02/03/2003,HIO,OR,ANM,WE,Towers with Display (VFR),0,19,23,1,43,0,8,109,0,117,0,27,132,1,160,230,0,230,390
02/04/2003,HIO,OR,ANM,WE,Towers with Display (VFR),0,17,37,0,54,0,5,209,2,216,0,22,246,2,270,448,0,448,718
02/05/2003,HIO,OR,ANM,WE,Towers with Display (VFR),0,18,44,0,62,0,16,210,0,226,0,34,254,0,288,460,0,460,748
02/06/2003,HIO,OR,ANM,WE,Towers with Display (VFR),0,20,36,0,56,0,16,252,0,268,0,36,288,0,324,532,0,532,856
02/07/2003,HIO,OR,ANM,WE,Towers with Display (VFR),0,18,30,0,48,0,9,317,0,326,0,27,347,0,374,682,0,682,1056
02/08/2003,HIO,OR,ANM,WE,Towers with Display (VFR),0,2,41,2,45,0,1,348,7,356,0,3,389,9,401,548,0,548,949
02/09/2003,HIO,OR,ANM,WE,Towers with Display (VFR),0,5,37,0,42,0,6,266,0,272,0,11,303,0,314,548,0,548,862
02/10/2003,HIO,OR,ANM,WE,Towers with Display (VFR),0,17,30,1,48,0,9,170,1,180,0,26,200,2,228,424,2,426,654
02/11/2003,HIO,OR,ANM,WE,Towers with Display (VFR),0,19,30,0,49,0,13,203,0,216,0,32,233,0,265,444,0,444,709
02/12/2003,HIO,OR,ANM,WE,Towers with Display (VFR),0,18,45,0,63,0,34,266,0,300,0,52,311,0,363,498,0,498,861
02/13/2003,HIO,OR,ANM,WE,Towers with Display (VFR),0,18,32,0,50,0,13,220,3,236,0,31,252,3,286,484,0,484,770
02/14/2003,HIO,OR,ANM,WE,Towers with Display (VFR),0,25,56,0,81,0,11,163,0,174,0,36,219,0,255,466,0,466,721
02/15/2003,HIO,OR,ANM,WE,Towers with Display (VFR),0,3,37,0,40,0,2,59,0,61,0,5,96,0,101,250,0,250,351
02/16/2003,HIO,OR,ANM,WE,Towers with Display (VFR),0,0,19,0,19,0,0,37,0,37,0,0,56,0,56,78,0,78,134
02/17/2003,HIO,OR,ANM,WE,Towers with Display (VFR),0,12,42,0,54,0,0,20,0,20,0,12,62,0,74,208,0,208,282
02/18/2003,HIO,OR,ANM,WE,Towers with Display (VFR),0,26,64,0,90,0,4,124,8,136,0,30,188,8,226,352,0,352,578
02/19/2003,HIO,OR,ANM,WE,Towers with Display (VFR),0,30,73,0,103,0,4,64,0,68,0,34,137,0,171,252,0,252,423
02/20/2003,HIO,OR,ANM,WE,Towers with Display (VFR),0,26,29,0,55,0,3,57,0,60,0,29,86,0,115,180,0,180,295
02/21/2003,HIO,OR,ANM,WE,Towers with Display (VFR),0,19,43,0,62,0,10,80,3,93,0,29,123,3,155,318,0,318,473
02/22/2003,HIO,OR,ANM,WE,Towers with Display (VFR),0,2,55,0,57,0,4,208,0,212,0,6,263,0,269,390,0,390,659
02/23/2003,HIO,OR,ANM,WE,Towers with Display (VFR),0,1,30,3,34,0,3,238,0,241,0,4,268,3,275,258,0,258,533
02/24/2003,HIO,OR,ANM,WE,Towers with Display (VFR),0,19,21,0,40,0,8,76,0,84,0,27,97,0,124,16,0,16,140
02/25/2003,HIO,OR,ANM,WE,Towers with Display (VFR),0,25,41,0,66,0,5,215,0,220,0,30,256,0,286,476,0,476,762
02/26/2003,HIO,OR,ANM,WE,Towers with Display (VFR),0,23,50,0,73,0,8,231,0,239,0,31,281,0,312,604,0,604,916
02/27/2003,HIO,OR,ANM,WE,Towers with Display (VFR),0,23,48,0,71,0,18,218,0,236,0,41,266,0,307,606,0,606,913
02/28/2003,HIO,OR,ANM,WE,Towers with Display (VFR),0,21,49,0,70,0,8,62,0,70,0,29,111,0,140,436,0,436,576
03/01/2003,HIO,OR,ANM,WE,Towers with Display (VFR),0,6,41,0,47,0,1,259,0,260,0,7,300,0,307,422,0,422,729
03/02/2003,HIO,OR,ANM,WE,Towers with Display (VFR),0,5,37,0,42,0,0,16,0,16,0,5,53,0,58,38,0,38,96
03/03/2003,HIO,OR,ANM,WE,Towers with Display (VFR),0,25,49,0,74,0,6,161,0,167,0,31,210,0,241,454,0,454,695
03/04/2003,HIO,OR,ANM,WE,Towers with Display (VFR),0,24,72,0,96,0,0,21,0,21,0,24,93,0,117,82,0,82,199
03/05/2003,HIO,OR,ANM,WE,Towers with Display (VFR),0,23,25,0,48,0,6,81,0,87,0,29,106,0,135,256,0,256,391
03/06/2003,HIO,OR,ANM,WE,Towers with Display (VFR),0,26,28,0,54,0,14,122,0,136,0,40,150,0,190,288,0,288,478
03/07/2003,HIO,OR,ANM,WE,Towers with Display (VFR),0,29,42,0,71,0,11,116,10,137,0,40,158,10,208,460,0,460,668
03/08/2003,HIO,OR,ANM,WE,Towers with Display (VFR),0,6,41,0,47,0,0,29,0,29,0,6,70,0,76,118,0,118,194
03/09/2003,HIO,OR,ANM,WE,Towers with Display (VFR),0,11,26,0,37,0,8,52,0,60,0,19,78,0,97,236,0,236,333
03/10/2003,HIO,OR,ANM,WE,Towers with Display (VFR),0,26,56,0,82,0,17,183,0,200,0,43,239,0,282,606,0,606,888
03/11/2003,HIO,OR,ANM,WE,Towers with Display (VFR),0,20,37,0,57,0,6,154,0,160,0,26,191,0,217,464,0,464,681
03/12/2003,HIO,OR,ANM,WE,Towers with Display (VFR),0,22,48,0,70,0,14,76,0,90,0,36,124,0,160,384,0,384,544
03/13/2003,HIO,OR,ANM,WE,Towers with Display (VFR),0,21,15,0,36,0,8,70,0,78,0,29,85,0,114,104,0,104,218
03/14/2003,HIO,OR,ANM,WE,Towers with Display (VFR),0,26,53,0,79,0,8,130,0,138,0,34,183,0,217,406,0,406,623
03/15/2003,HIO,OR,ANM,WE,Towers with Display (VFR),0,2,53,0,55,0,11,179,0,190,0,13,232,0,245,574,0,574,819
03/16/2003,HIO,OR,ANM,WE,Towers with Display (VFR),0,4,19,0,23,0,2,0,0,2,0,6,19,0,25,332,0,332,357
03/17/2003,HIO,OR,ANM,WE,Towers with Display (VFR),0,19,38,0,57,0,4,104,0,108,0,23,142,0,165,353,0,353,518
03/18/2003,HIO,OR,ANM,WE,Towers with Display (VFR),0,20,34,0,54,0,9,155,0,164,0,29,189,0,218,640,0,640,858
03/19/2003,HIO,OR,ANM,WE,Towers with Display (VFR),0,23,43,0,66,0,11,135,4,150,0,34,178,4,216,640,0,640,856
03/20/2003,HIO,OR,ANM,WE,Towers with Display (VFR),0,25,35,0,60,0,15,155,2,172,0,40,190,2,232,488,0,488,720
03/21/2003,HIO,OR,ANM,WE,Towers with Display (VFR),0,24,42,0,66,0,8,32,0,40,0,32,74,0,106,146,0,146,252
03/22/2003,HIO,OR,ANM,WE,Towers with Display (VFR),0,4,28,0,32,0,1,105,0,106,0,5,133,0,138,276,0,276,414
03/23/2003,HIO,OR,ANM,WE,Towers with Display (VFR),0,2,34,0,36,0,0,101,0,101,0,2,135,0,137,466,0,466,603
03/24/2003,HIO,OR,ANM,WE,Towers with Display (VFR),0,20,32,0,52,0,7,235,0,242,0,27,267,0,294,550,0,550,844
03/25/2003,HIO,OR,ANM,WE,Towers with Display (VFR),0,24,34,0,58,0,0,97,0,97,0,24,131,0,155,396,0,396,551
03/26/2003,HIO,OR,ANM,WE,Towers with Display (VFR),0,24,67,0,91,0,0,64,0,64,0,24,131,0,155,688,0,688,843
03/27/2003,HIO,OR,ANM,WE,Towers with Display (VFR),0,21,41,0,62,0,2,122,0,124,0,23,163,0,186,628,0,628,814
03/28/2003,HIO,OR,ANM,WE,Towers with Display (VFR),0,23,34,0,57,0,5,222,0,227,0,28,256,0,284,596,0,596,880
03/29/2003,HIO,OR,ANM,WE,Towers with Display (VFR),0,4,26,0,30,0,1,302,0,303,0,5,328,0,333,625,0,625,958
03/30/2003,HIO,OR,ANM,WE,Towers with Display (VFR),0,3,31,0,34,0,33,262,0,295,0,36,293,0,329,462,0,462,791
03/31/2003,HIO,OR,ANM,WE,Towers with Display (VFR),0,24,40,0,64,0,17,173,0,190,0,41,213,0,254,500,0,500,754
04/01/2003,HIO,OR,ANM,WE,Towers with Display (VFR),0,23,20,0,43,0,7,122,0,129,0,30,142,0,172,374,0,374,546
04/02/2003,HIO,OR,ANM,WE,Towers with Display (VFR),0,23,24,0,47,0,11,40,20,71,0,34,64,20,118,180,2,182,300
04/03/2003,HIO,OR,ANM,WE,Towers with Display (VFR),0,20,28,0,48,0,9,55,0,64,0,29,83,0,112,298,0,298,410
04/04/2003,HIO,OR,ANM,WE,Towers with Display (VFR),0,17,28,0,45,0,9,82,0,91,0,26,110,0,136,498,0,498,634
04/05/2003,HIO,OR,ANM,WE,Towers with Display (VFR),0,6,22,0,28,0,2,78,2,82,0,8,100,2,110,286,0,286,396
04/06/2003,HIO,OR,ANM,WE,Towers with Display (VFR),0,4,21,0,25,0,0,153,0,153,0,4,174,0,178,498,0,498,676
04/07/2003,HIO,OR,ANM,WE,Towers with Display (VFR),0,23,55,0,78,0,7,122,0,129,0,30,177,0,207,412,0,412,619
04/08/2003,HIO,OR,ANM,WE,Towers with Display (VFR),0,25,27,0,52,0,3,231,0,234,0,28,258,0,286,458,0,458,744
04/09/2003,HIO,OR,ANM,WE,Towers with Display (VFR),0,29,40,0,69,0,1,298,0,299,0,30,338,0,368,532,0,532,900
04/10/2003,HIO,OR,ANM,WE,Towers with Display (VFR),0,29,69,0,98,0,21,104,0,125,0,50,173,0,223,308,0,308,531
04/11/2003,HIO,OR,ANM,WE,Towers with Display (VFR),0,25,69,0,94,0,4,142,0,146,0,29,211,0,240,344,0,344,584
04/12/2003,HIO,OR,ANM,WE,Towers with Display (VFR),0,8,34,0,42,0,1,191,0,192,0,9,225,0,234,538,0,538,772
04/13/2003,HIO,OR,ANM,WE,Towers with Display (VFR),0,5,32,0,37,0,3,126,0,129,0,8,158,0,166,359,0,359,525
04/14/2003,HIO,OR,ANM,WE,Towers with Display (VFR),0,16,32,0,48,0,42,174,0,216,0,58,206,0,264,562,0,562,826
04/15/2003,HIO,OR,ANM,WE,Towers with Display (VFR),0,34,33,0,67,0,8,221,0,229,0,42,254,0,296,581,0,581,877
04/16/2003,HIO,OR,ANM,WE,Towers with Display (VFR),0,23,75,0,98,0,6,181,0,187,0,29,256,0,285,488,0,488,773
04/17/2003,HIO,OR,ANM,WE,Towers with Display (VFR),0,25,46,0,71,0,6,207,0,213,0,31,253,0,284,470,0,470,754
04/18/2003,HIO,OR,ANM,WE,Towers with Display (VFR),0,21,41,0,62,0,12,239,0,251,0,33,280,0,313,662,0,662,975
04/19/2003,HIO,OR,ANM,WE,Towers with Display (VFR),0,2,43,0,45,0,0,242,0,242,0,2,285,0,287,746,0,746,1033
04/20/2003,HIO,OR,ANM,WE,Towers with Display (VFR),0,8,2,0,10,0,6,181,0,187,0,14,183,0,197,450,0,450,647
04/21/2003,HIO,OR,ANM,WE,Towers with Display (VFR),0,22,59,0,81,0,1,96,0,97,0,23,155,0,178,444,0,444,622
04/22/2003,HIO,OR,ANM,WE,Towers with Display (VFR),0,29,40,0,69,0,1,221,0,222,0,30,261,0,291,490,0,490,781
04/23/2003,HIO,OR,ANM,WE,Towers with Display (VFR),0,21,79,0,100,0,1,19,0,20,0,22,98,0,120,372,0,372,492
04/24/2003,HIO,OR,ANM,WE,Towers with Display (VFR),0,27,51,0,78,0,8,101,0,109,0,35,152,0,187,420,0,420,607
04/25/2003,HIO,OR,ANM,WE,Towers with Display (VFR),0,21,41,0,62,0,13,144,0,157,0,34,185,0,219,346,0,346,565
04/26/2003,HIO,OR,ANM,WE,Towers with Display (VFR),0,0,41,0,41,0,2,126,0,128,0,2,167,0,169,476,0,476,645
04/27/2003,HIO,OR,ANM,WE,Towers with Display (VFR),0,6,50,0,56,0,2,298,0,300,0,8,348,0,356,422,0,422,778
04/28/2003,HIO,OR,ANM,WE,Towers with Display (VFR),0,30,39,0,69,0,19,205,0,224,0,49,244,0,293,548,0,548,841
04/29/2003,HIO,OR,ANM,WE,Towers with Display (VFR),0,28,42,0,70,0,9,177,6,192,0,37,219,6,262,514,0,514,776
04/30/2003,HIO,OR,ANM,WE,Towers with Display (VFR),0,22,48,0,70,0,0,30,3,33,0,22,78,3,103,344,0,344,447
05/01/2003,HIO,OR,ANM,WE,Towers with Display (VFR),0,30,49,0,79,0,12,367,0,379,0,42,416,0,458,568,0,568,1026
05/02/2003,HIO,OR,ANM,WE,Towers with Display (VFR),0,24,33,0,57,0,18,289,1,308,0,42,322,1,365,0,2,2,367
05/03/2003,HIO,OR,ANM,WE,Towers with Display (VFR),0,2,48,1,51,0,5,167,0,172,0,7,215,1,223,617,0,617,840
05/04/2003,HIO,OR,ANM,WE,Towers with Display (VFR),0,8,11,0,19,0,0,75,0,75,0,8,86,0,94,236,2,238,332
05/05/2003,HIO,OR,ANM,WE,Towers with Display (VFR),0,26,43,0,69,0,11,270,4,285,0,37,313,4,354,588,0,588,942
05/06/2003,HIO,OR,ANM,WE,Towers with Display (VFR),0,29,50,0,79,0,15,234,8,257,0,44,284,8,336,594,0,594,930
05/07/2003,HIO,OR,ANM,WE,Towers with Display (VFR),0,20,36,0,56,0,13,178,4,195,0,33,214,4,251,562,0,562,813
05/08/2003,HIO,OR,ANM,WE,Towers with Display (VFR),0,26,46,0,72,0,10,174,0,184,0,36,220,0,256,514,0,514,770
05/09/2003,HIO,OR,ANM,WE,Towers with Display (VFR),0,23,52,0,75,0,15,256,13,284,0,38,308,13,359,636,0,636,995
05/10/2003,HIO,OR,ANM,WE,Towers with Display (VFR),0,4,51,0,55,0,5,248,0,253,0,9,299,0,308,797,0,797,1105
05/11/2003,HIO,OR,ANM,WE,Towers with Display (VFR),0,5,31,0,36,0,8,209,0,217,0,13,240,0,253,480,0,480,733
05/12/2003,HIO,OR,ANM,WE,Towers with Display (VFR),0,20,36,2,58,0,11,234,0,245,0,31,270,2,303,640,0,640,943
05/13/2003,HIO,OR,ANM,WE,Towers with Display (VFR),0,28,33,0,61,0,23,380,2,405,0,51,413,2,466,548,0,548,1014
05/14/2003,HIO,OR,ANM,WE,Towers with Display (VFR),0,24,61,0,85,0,11,243,4,258,0,35,304,4,343,684,0,684,1027
05/15/2003,HIO,OR,ANM,WE,Towers with Display (VFR),0,17,32,0,49,0,6,159,2,167,0,23,191,2,216,440,0,440,656
05/16/2003,HIO,OR,ANM,WE,Towers with Display (VFR),0,22,39,0,61,0,2,135,1,138,0,24,174,1,199,350,0,350,549
05/17/2003,HIO,OR,ANM,WE,Towers with Display (VFR),0,2,27,0,29,0,7,210,0,217,0,9,237,0,246,708,0,708,954
05/18/2003,HIO,OR,ANM,WE,Towers with Display (VFR),0,4,42,0,46,0,7,304,0,311,0,11,346,0,357,396,0,396,753
05/19/2003,HIO,OR,ANM,WE,Towers with Display (VFR),0,26,38,0,64,0,2,312,0,314,0,28,350,0,378,670,0,670,1048
05/20/2003,HIO,OR,ANM,WE,Towers with Display (VFR),0,24,27,0,51,0,6,299,0,305,0,30,326,0,356,706,0,706,1062
05/21/2003,HIO,OR,ANM,WE,Towers with Display (VFR),0,21,39,0,60,0,9,294,0,303,0,30,333,0,363,480,0,480,843
05/22/2003,HIO,OR,ANM,WE,Towers with Display (VFR),0,28,54,0,82,0,1,232,0,233,0,29,286,0,315,412,0,412,727
05/23/2003,HIO,OR,ANM,WE,Towers with Display (VFR),0,21,40,0,61,0,5,290,0,295,0,26,330,0,356,444,0,444,800
05/24/2003,HIO,OR,ANM,WE,Towers with Display (VFR),0,6,37,0,43,0,6,179,0,185,0,12,216,0,228,546,0,546,774
05/25/2003,HIO,OR,ANM,WE,Towers with Display (VFR),0,1,36,0,37,0,4,143,0,147,0,5,179,0,184,530,0,530,714
05/26/2003,HIO,OR,ANM,WE,Towers with Display (VFR),0,8,26,0,34,0,7,240,19,266,0,15,266,19,300,556,0,556,856
05/27/2003,HIO,OR,ANM,WE,Towers with Display (VFR),0,15,27,0,42,0,23,232,0,255,0,38,259,0,297,356,0,356,653
05/28/2003,HIO,OR,ANM,WE,Towers with Display (VFR),0,21,41,0,62,0,16,219,0,235,0,37,260,0,297,530,0,530,827
05/29/2003,HIO,OR,ANM,WE,Towers with Display (VFR),0,36,28,0,64,0,0,264,0,264,0,36,292,0,328,464,0,464,792
05/30/2003,HIO,OR,ANM,WE,Towers with Display (VFR),0,23,55,0,78,0,8,62,0,70,0,31,117,0,148,284,0,284,432
05/31/2003,HIO,OR,ANM,WE,Towers with Display (VFR),0,5,30,0,35,0,5,209,3,217,0,10,239,3,252,422,0,422,674
06/01/2003,HIO,OR,ANM,WE,Towers with Display (VFR),0,4,9,0,13,0,4,238,0,242,0,8,247,0,255,306,0,306,561
06/02/2003,HIO,OR,ANM,WE,Towers with Display (VFR),0,18,41,0,59,0,17,265,0,282,0,35,306,0,341,450,0,450,791
06/03/2003,HIO,OR,ANM,WE,Towers with Display (VFR),0,15,36,0,51,0,11,254,0,265,0,26,290,0,316,564,0,564,880
06/04/2003,HIO,OR,ANM,WE,Towers with Display (VFR),0,16,39,1,56,0,22,242,1,265,0,38,281,2,321,432,0,432,753
06/05/2003,HIO,OR,ANM,WE,Towers with Display (VFR),0,14,34,0,48,0,419,223,0,642,0,433,257,0,690,408,0,408,1098
06/06/2003,HIO,OR,ANM,WE,Towers with Display (VFR),0,14,34,1,49,0,22,322,0,344,0,36,356,1,393,590,0,590,983
06/07/2003,HIO,OR,ANM,WE,Towers with Display (VFR),0,8,24,1,33,0,0,263,0,263,0,8,287,1,296,533,6,539,835
06/08/2003,HIO,OR,ANM,WE,Towers with Display (VFR),0,7,17,1,25,0,3,238,6,247,0,10,255,7,272,434,0,434,706
06/09/2003,HIO,OR,ANM,WE,Towers with Display (VFR),0,16,40,1,57,0,15,225,0,240,0,31,265,1,297,420,2,422,719
06/10/2003,HIO,OR,ANM,WE,Towers with Display (VFR),0,20,52,0,72,0,3,228,0,231,0,23,280,0,303,392,0,392,695
06/11/2003,HIO,OR,ANM,WE,Towers with Display (VFR),0,21,55,0,76,0,4,211,0,215,0,25,266,0,291,292,0,292,583
06/12/2003,HIO,OR,ANM,WE,Towers with Display (VFR),0,19,48,0,67,0,6,163,0,169,0,25,211,0,236,416,0,416,652
06/13/2003,HIO,OR,ANM,WE,Towers with Display (VFR),0,25,65,0,90,0,0,134,0,134,0,25,199,0,224,328,0,328,552
06/14/2003,HIO,OR,ANM,WE,Towers with Display (VFR),0,13,34,0,47,0,1,249,0,250,0,14,283,0,297,398,0,398,695
06/15/2003,HIO,OR,ANM,WE,Towers with Display (VFR),0,8,30,0,38,0,0,217,0,217,0,8,247,0,255,110,0,110,365
06/16/2003,HIO,OR,ANM,WE,Towers with Display (VFR),0,10,26,0,36,0,25,349,0,374,0,35,375,0,410,392,0,392,802
06/17/2003,HIO,OR,ANM,WE,Towers with Display (VFR),0,15,39,0,54,0,23,261,0,284,0,38,300,0,338,280,0,280,618
06/18/2003,HIO,OR,ANM,WE,Towers with Display (VFR),0,17,45,0,62,0,15,197,0,212,0,32,242,0,274,392,0,392,666
06/19/2003,HIO,OR,ANM,WE,Towers with Display (VFR),0,21,54,0,75,0,14,190,3,207,0,35,244,3,282,448,0,448,730
06/20/2003,HIO,OR,ANM,WE,Towers with Display (VFR),0,20,50,0,70,0,6,76,1,83,0,26,126,1,153,390,0,390,543
06/21/2003,HIO,OR,ANM,WE,Towers with Display (VFR),0,9,24,0,33,0,0,135,0,135,0,9,159,0,168,415,0,415,583
06/22/2003,HIO,OR,ANM,WE,Towers with Display (VFR),0,10,30,0,40,0,0,173,0,173,0,10,203,0,213,298,0,298,511
06/23/2003,HIO,OR,ANM,WE,Towers with Display (VFR),0,12,32,0,44,0,12,172,0,184,0,24,204,0,228,386,0,386,614
06/24/2003,HIO,OR,ANM,WE,Towers with Display (VFR),0,17,44,0,61,0,21,221,0,242,0,38,265,0,303,366,0,366,669
06/25/2003,HIO,OR,ANM,WE,Towers with Display (VFR),0,19,48,0,67,0,27,283,0,310,0,46,331,0,377,280,0,280,657
06/26/2003,HIO,OR,ANM,WE,Towers with Display (VFR),0,20,51,0,71,0,18,268,6,292,0,38,319,6,363,392,0,392,755
06/27/2003,HIO,OR,ANM,WE,Towers with Display (VFR),0,20,46,0,66,0,17,283,0,300,0,37,329,0,366,350,0,350,716
06/28/2003,HIO,OR,ANM,WE,Towers with Display (VFR),0,7,34,0,41,0,0,313,0,313,0,7,347,0,354,308,0,308,662
06/29/2003,HIO,OR,ANM,WE,Towers with Display (VFR),0,4,20,0,24,0,0,224,0,224,0,4,244,0,248,184,0,184,432
06/30/2003,HIO,OR,ANM,WE,Towers with Display (VFR),0,10,26,0,36,0,30,126,0,156,0,40,152,0,192,374,0,374,566
07/01/2003,HIO,OR,ANM,WE,Towers with Display (VFR),0,10,22,0,32,0,20,214,0,234,0,30,236,0,266,476,0,476,742
07/02/2003,HIO,OR,ANM,WE,Towers with Display (VFR),0,18,45,0,63,0,16,236,0,252,0,34,281,0,315,418,0,418,733
07/03/2003,HIO,OR,ANM,WE,Towers with Display (VFR),0,15,36,0,51,0,1,283,0,284,0,16,319,0,335,556,0,556,891
07/04/2003,HIO,OR,ANM,WE,Towers with Display (VFR),0,11,25,0,36,0,1,217,0,218,0,12,242,0,254,190,0,190,444
07/05/2003,HIO,OR,ANM,WE,Towers with Display (VFR),0,10,42,0,52,0,0,210,0,210,0,10,252,0,262,614,0,614,876
07/06/2003,HIO,OR,ANM,WE,Towers with Display (VFR),0,12,32,0,44,0,0,219,0,219,0,12,251,0,263,220,0,220,483
07/07/2003,HIO,OR,ANM,WE,Towers with Display (VFR),0,8,17,0,25,0,20,286,0,306,0,28,303,0,331,618,0,618,949
07/08/2003,HIO,OR,ANM,WE,Towers with Display (VFR),0,16,38,0,54,0,16,205,0,221,0,32,243,0,275,632,0,632,907
07/09/2003,HIO,OR,ANM,WE,Towers with Display (VFR),0,14,32,0,46,0,16,258,0,274,0,30,290,0,320,708,0,708,1028
07/10/2003,HIO,OR,ANM,WE,Towers with Display (VFR),0,24,57,0,81,0,11,315,0,326,0,35,372,0,407,536,0,536,943
07/11/2003,HIO,OR,ANM,WE,Towers with Display (VFR),0,16,38,0,54,0,10,289,0,299,0,26,327,0,353,420,0,420,773
07/12/2003,HIO,OR,ANM,WE,Towers with Display (VFR),0,18,44,0,62,0,3,241,1,245,0,21,285,1,307,318,0,318,625
07/13/2003,HIO,OR,ANM,WE,Towers with Display (VFR),0,1,46,1,48,0,6,206,0,212,0,7,252,1,260,362,0,362,622
07/14/2003,HIO,OR,ANM,WE,Towers with Display (VFR),0,17,31,0,48,0,9,278,0,287,0,26,309,0,335,504,0,504,839
07/15/2003,HIO,OR,ANM,WE,Towers with Display (VFR),0,20,39,0,59,0,10,221,0,231,0,30,260,0,290,454,0,454,744
07/16/2003,HIO,OR,ANM,WE,Towers with Display (VFR),0,21,55,1,77,0,20,287,1,308,0,41,342,2,385,656,0,656,1041
07/17/2003,HIO,OR,ANM,WE,Towers with Display (VFR),0,23,59,1,83,0,7,265,1,273,0,30,324,2,356,592,0,592,948
07/18/2003,HIO,OR,ANM,WE,Towers with Display (VFR),0,9,22,0,31,0,24,347,0,371,0,33,369,0,402,642,0,642,1044
07/19/2003,HIO,OR,ANM,WE,Towers with Display (VFR),0,11,27,0,38,0,4,348,0,352,0,15,375,0,390,538,0,538,928
07/20/2003,HIO,OR,ANM,WE,Towers with Display (VFR),0,11,28,0,39,0,8,285,0,293,0,19,313,0,332,330,0,330,662
07/21/2003,HIO,OR,ANM,WE,Towers with Display (VFR),0,13,33,0,46,0,13,321,0,334,0,26,354,0,380,608,0,608,988
07/22/2003,HIO,OR,ANM,WE,Towers with Display (VFR),0,14,37,0,51,0,18,225,0,243,0,32,262,0,294,441,0,441,735
07/23/2003,HIO,OR,ANM,WE,Towers with Display (VFR),0,21,53,0,74,0,16,273,0,289,0,37,326,0,363,602,0,602,965
07/24/2003,HIO,OR,ANM,WE,Towers with Display (VFR),0,14,37,0,51,0,16,360,2,378,0,30,397,2,429,534,0,534,963
07/25/2003,HIO,OR,ANM,WE,Towers with Display (VFR),0,11,30,0,41,0,13,346,1,360,0,24,376,1,401,504,0,504,905
07/26/2003,HIO,OR,ANM,WE,Towers with Display (VFR),0,9,24,0,33,0,7,289,7,303,0,16,313,7,336,411,0,411,747
07/27/2003,HIO,OR,ANM,WE,Towers with Display (VFR),0,10,26,0,36,0,7,244,4,255,0,17,270,4,291,350,0,350,641
07/28/2003,HIO,OR,ANM,WE,Towers with Display (VFR),0,11,28,0,39,0,18,301,1,320,0,29,329,1,359,700,0,700,1059
07/29/2003,HIO,OR,ANM,WE,Towers with Display (VFR),0,18,46,0,64,0,18,236,0,254,0,36,282,0,318,438,0,438,756
07/30/2003,HIO,OR,ANM,WE,Towers with Display (VFR),0,23,58,0,81,0,12,256,0,268,0,35,314,0,349,694,0,694,1043
07/31/2003,HIO,OR,ANM,WE,Towers with Display (VFR),0,15,41,0,56,0,23,267,0,290,0,38,308,0,346,610,2,612,958
08/01/2003,HIO,OR,ANM,WE,Towers with Display (VFR),0,5,20,0,25,0,32,305,0,337,0,37,325,0,362,542,0,542,904
08/02/2003,HIO,OR,ANM,WE,Towers with Display (VFR),0,10,35,0,45,0,17,277,0,294,0,27,312,0,339,570,0,570,909
08/03/2003,HIO,OR,ANM,WE,Towers with Display (VFR),0,14,50,0,64,0,4,193,0,197,0,18,243,0,261,326,0,326,587
08/04/2003,HIO,OR,ANM,WE,Towers with Display (VFR),0,18,60,0,78,0,13,267,0,280,0,31,327,0,358,630,0,630,988
08/05/2003,HIO,OR,ANM,WE,Towers with Display (VFR),0,15,52,0,67,0,11,76,0,87,0,26,128,0,154,202,0,202,356
08/06/2003,HIO,OR,ANM,WE,Towers with Display (VFR),0,7,25,1,33,0,23,295,0,318,0,30,320,1,351,574,0,574,925
08/07/2003,HIO,OR,ANM,WE,Towers with Display (VFR),0,18,52,2,72,0,5,251,5,261,0,23,303,7,333,448,0,448,781
08/08/2003,HIO,OR,ANM,WE,Towers with Display (VFR),0,23,65,0,88,0,5,149,0,154,0,28,214,0,242,358,0,358,600
08/09/2003,HIO,OR,ANM,WE,Towers with Display (VFR),0,9,69,0,78,0,0,205,0,205,0,9,274,0,283,472,0,472,755
08/10/2003,HIO,OR,ANM,WE,Towers with Display (VFR),0,21,65,2,88,0,0,180,0,180,0,21,245,2,268,232,0,232,500
08/11/2003,HIO,OR,ANM,WE,Towers with Display (VFR),0,28,79,0,107,0,7,189,0,196,0,35,268,0,303,562,0,562,865
08/12/2003,HIO,OR,ANM,WE,Towers with Display (VFR),0,17,49,1,67,0,25,267,0,292,0,42,316,1,359,551,0,551,910
08/13/2003,HIO,OR,ANM,WE,Towers with Display (VFR),0,9,26,0,35,0,28,349,1,378,0,37,375,1,413,536,0,536,949
08/14/2003,HIO,OR,ANM,WE,Towers with Display (VFR),0,12,34,0,46,0,17,303,0,320,0,29,337,0,366,540,0,540,906
08/15/2003,HIO,OR,ANM,WE,Towers with Display (VFR),0,19,56,0,75,0,14,281,0,295,0,33,337,0,370,562,0,562,932
08/16/2003,HIO,OR,ANM,WE,Towers with Display (VFR),0,17,51,0,68,0,3,244,0,247,0,20,295,0,315,660,0,660,975
08/17/2003,HIO,OR,ANM,WE,Towers with Display (VFR),0,22,65,0,87,0,59,191,0,250,0,81,256,0,337,202,0,202,539
08/18/2003,HIO,OR,ANM,WE,Towers with Display (VFR),0,20,58,0,78,0,8,216,0,224,0,28,274,0,302,580,0,580,882
08/19/2003,HIO,OR,ANM,WE,Towers with Display (VFR),0,23,66,0,89,0,15,212,0,227,0,38,278,0,316,544,0,544,860
08/20/2003,HIO,OR,ANM,WE,Towers with Display (VFR),0,0,2,0,2,0,47,337,2,386,0,47,339,2,388,598,0,598,986
08/21/2003,HIO,OR,ANM,WE,Towers with Display (VFR),0,3,10,0,13,0,30,237,0,267,0,33,247,0,280,382,0,382,662
08/22/2003,HIO,OR,ANM,WE,Towers with Display (VFR),0,19,55,0,74,0,17,217,0,234,0,36,272,0,308,516,0,516,824
08/23/2003,HIO,OR,ANM,WE,Towers with Display (VFR),0,16,50,0,66,0,0,275,0,275,0,16,325,0,341,535,0,535,876
08/24/2003,HIO,OR,ANM,WE,Towers with Display (VFR),0,18,55,0,73,0,1,289,0,290,0,19,344,0,363,394,0,394,757
08/25/2003,HIO,OR,ANM,WE,Towers with Display (VFR),0,15,41,0,56,0,23,367,0,390,0,38,408,0,446,726,0,726,1172
08/26/2003,HIO,OR,ANM,WE,Towers with Display (VFR),0,15,42,0,57,0,15,218,0,233,0,30,260,0,290,504,0,504,794
08/27/2003,HIO,OR,ANM,WE,Towers with Display (VFR),0,6,19,0,25,0,29,313,0,342,0,35,332,0,367,440,0,440,807
08/28/2003,HIO,OR,ANM,WE,Towers with Display (VFR),0,10,30,0,40,0,27,343,1,371,0,37,373,1,411,342,0,342,753
08/29/2003,HIO,OR,ANM,WE,Towers with Display (VFR),0,15,65,0,80,0,0,248,0,248,0,15,313,0,328,356,0,356,684
08/30/2003,HIO,OR,ANM,WE,Towers with Display (VFR),0,7,84,0,91,0,0,224,0,224,0,7,308,0,315,563,0,563,878
08/31/2003,HIO,OR,ANM,WE,Towers with Display (VFR),0,25,24,0,49,0,10,224,0,234,0,35,248,0,283,182,2,184,467
09/01/2003,HIO,OR,ANM,WE,Towers with Display (VFR),0,3,23,0,26,0,14,218,0,232,0,17,241,0,258,310,0,310,568
09/02/2003,HIO,OR,ANM,WE,Towers with Display (VFR),0,19,26,0,45,0,14,247,0,261,0,33,273,0,306,382,0,382,688
09/03/2003,HIO,OR,ANM,WE,Towers with Display (VFR),0,16,49,0,65,0,5,216,0,221,0,21,265,0,286,292,0,292,578
09/04/2003,HIO,OR,ANM,WE,Towers with Display (VFR),0,18,61,0,79,0,5,239,0,244,0,23,300,0,323,340,2,342,665
09/05/2003,HIO,OR,ANM,WE,Towers with Display (VFR),0,19,50,0,69,0,17,300,0,317,0,36,350,0,386,368,0,368,754
09/06/2003,HIO,OR,ANM,WE,Towers with Display (VFR),0,7,26,0,33,0,4,316,0,320,0,11,342,0,353,559,0,559,912
09/07/2003,HIO,OR,ANM,WE,Towers with Display (VFR),0,7,65,0,72,0,7,94,0,101,0,14,159,0,173,200,0,200,373
09/08/2003,HIO,OR,ANM,WE,Towers with Display (VFR),0,18,72,0,90,0,2,112,8,122,0,20,184,8,212,236,0,236,448
09/09/2003,HIO,OR,ANM,WE,Towers with Display (VFR),0,20,75,0,95,0,1,38,2,41,0,21,113,2,136,160,0,160,296
09/10/2003,HIO,OR,ANM,WE,Towers with Display (VFR),0,21,68,0,89,0,15,78,0,93,0,36,146,0,182,308,0,308,490
09/11/2003,HIO,OR,ANM,WE,Towers with Display (VFR),0,20,87,2,109,0,9,113,0,122,0,29,200,2,231,252,0,252,483
09/12/2003,HIO,OR,ANM,WE,Towers with Display (VFR),0,19,49,0,68,0,11,255,0,266,0,30,304,0,334,396,0,396,730
09/13/2003,HIO,OR,ANM,WE,Towers with Display (VFR),0,4,28,1,33,0,12,313,0,325,0,16,341,1,358,324,0,324,682
09/14/2003,HIO,OR,ANM,WE,Towers with Display (VFR),0,8,35,0,43,0,0,238,1,239,0,8,273,1,282,224,0,224,506
09/15/2003,HIO,OR,ANM,WE,Towers with Display (VFR),0,25,51,0,76,0,13,223,0,236,0,38,274,0,312,424,0,424,736
09/16/2003,HIO,OR,ANM,WE,Towers with Display (VFR),0,22,47,0,69,0,5,94,0,99,0,27,141,0,168,214,0,214,382
09/17/2003,HIO,OR,ANM,WE,Towers with Display (VFR),0,21,67,0,88,0,20,237,3,260,0,41,304,3,348,392,0,392,740
09/18/2003,HIO,OR,ANM,WE,Towers with Display (VFR),0,21,58,0,79,0,8,258,4,270,0,29,316,4,349,398,0,398,747
09/19/2003,HIO,OR,ANM,WE,Towers with Display (VFR),0,19,60,11,90,0,17,223,10,250,0,36,283,21,340,270,16,286,626
09/20/2003,HIO,OR,ANM,WE,Towers with Display (VFR),0,0,0,0,0,0,0,0,0,0,0,0,0,0,0,0,0,0,0
09/21/2003,HIO,OR,ANM,WE,Towers with Display (VFR),0,2,8,3,13,0,29,155,15,199,0,31,163,18,212,120,8,128,340
09/22/2003,HIO,OR,ANM,WE,Towers with Display (VFR),0,19,47,9,75,0,19,289,3,311,0,38,336,12,386,120,8,128,514
09/23/2003,HIO,OR,ANM,WE,Towers with Display (VFR),0,20,48,0,68,0,19,371,1,391,0,39,419,1,459,338,10,348,807
09/24/2003,HIO,OR,ANM,WE,Towers with Display (VFR),0,34,27,0,61,0,0,265,8,273,0,34,292,8,334,380,0,380,714
09/25/2003,HIO,OR,ANM,WE,Towers with Display (VFR),0,13,43,0,56,0,21,272,0,293,0,34,315,0,349,488,0,488,837
09/26/2003,HIO,OR,ANM,WE,Towers with Display (VFR),0,13,44,0,57,0,5,233,0,238,0,18,277,0,295,450,0,450,745
09/27/2003,HIO,OR,ANM,WE,Towers with Display (VFR),0,6,19,0,25,0,6,399,4,409,0,12,418,4,434,400,0,400,834
09/28/2003,HIO,OR,ANM,WE,Towers with Display (VFR),0,2,38,0,40,0,23,116,8,147,0,25,154,8,187,272,0,272,459
09/29/2003,HIO,OR,ANM,WE,Towers with Display (VFR),0,20,68,0,88,0,16,201,1,218,0,36,269,1,306,384,0,384,690
09/30/2003,HIO,OR,ANM,WE,Towers with Display (VFR),0,25,89,0,114,0,13,65,0,78,0,38,154,0,192,212,0,212,404
10/01/2003,HIO,OR,ANM,WE,Towers with Display (VFR),0,23,65,0,88,0,5,180,0,185,0,28,245,0,273,280,0,280,553
10/02/2003,HIO,OR,ANM,WE,Towers with Display (VFR),0,29,80,0,109,0,0,138,0,138,0,29,218,0,247,458,0,458,705
10/03/2003,HIO,OR,ANM,WE,Towers with Display (VFR),0,22,61,0,83,0,14,166,0,180,0,36,227,0,263,374,0,374,637
10/04/2003,HIO,OR,ANM,WE,Towers with Display (VFR),0,11,80,0,91,0,0,22,0,22,0,11,102,0,113,62,0,62,175
10/05/2003,HIO,OR,ANM,WE,Towers with Display (VFR),0,14,39,0,53,0,7,245,0,252,0,21,284,0,305,422,0,422,727
10/06/2003,HIO,OR,ANM,WE,Towers with Display (VFR),0,26,72,0,98,0,0,75,0,75,0,26,147,0,173,172,0,172,345
10/07/2003,HIO,OR,ANM,WE,Towers with Display (VFR),0,24,67,0,91,0,9,175,0,184,0,33,242,0,275,324,0,324,599
10/08/2003,HIO,OR,ANM,WE,Towers with Display (VFR),0,16,46,0,62,0,14,74,0,88,0,30,120,0,150,246,0,246,396
10/09/2003,HIO,OR,ANM,WE,Towers with Display (VFR),0,17,47,0,64,0,12,80,0,92,0,29,127,0,156,244,0,244,400
10/10/2003,HIO,OR,ANM,WE,Towers with Display (VFR),0,26,74,0,100,0,8,184,0,192,0,34,258,0,292,364,0,364,656
10/11/2003,HIO,OR,ANM,WE,Towers with Display (VFR),0,9,41,0,50,0,0,58,0,58,0,9,99,0,108,164,0,164,272
10/12/2003,HIO,OR,ANM,WE,Towers with Display (VFR),0,1,19,0,20,0,0,79,0,79,0,1,98,0,99,180,0,180,279
10/13/2003,HIO,OR,ANM,WE,Towers with Display (VFR),0,20,57,0,77,0,11,183,0,194,0,31,240,0,271,316,0,316,587
10/14/2003,HIO,OR,ANM,WE,Towers with Display (VFR),0,20,58,0,78,0,16,132,0,148,0,36,190,0,226,314,0,314,540
10/15/2003,HIO,OR,ANM,WE,Towers with Display (VFR),0,23,77,0,100,0,0,45,0,45,0,23,122,0,145,174,0,174,319
10/16/2003,HIO,OR,ANM,WE,Towers with Display (VFR),0,13,40,0,53,0,23,141,0,164,0,36,181,0,217,218,0,218,435
10/17/2003,HIO,OR,ANM,WE,Towers with Display (VFR),0,15,47,0,62,0,16,177,2,195,0,31,224,2,257,276,0,276,533
10/18/2003,HIO,OR,ANM,WE,Towers with Display (VFR),0,11,33,0,44,0,0,242,0,242,0,11,275,0,286,420,0,420,706
10/19/2003,HIO,OR,ANM,WE,Towers with Display (VFR),0,6,39,0,45,0,0,135,0,135,0,6,174,0,180,222,16,238,418
10/20/2003,HIO,OR,ANM,WE,Towers with Display (VFR),0,17,50,0,67,0,11,60,0,71,0,28,110,0,138,156,0,156,294
10/21/2003,HIO,OR,ANM,WE,Towers with Display (VFR),0,22,65,0,87,0,18,349,0,367,0,40,414,0,454,372,8,380,834
10/22/2003,HIO,OR,ANM,WE,Towers with Display (VFR),0,17,53,0,70,0,21,128,6,155,0,38,181,6,225,200,8,208,433
10/23/2003,HIO,OR,ANM,WE,Towers with Display (VFR),0,15,45,0,60,0,5,133,0,138,0,20,178,0,198,264,10,274,472
10/24/2003,HIO,OR,ANM,WE,Towers with Display (VFR),0,13,38,0,51,0,8,308,0,316,0,21,346,0,367,390,0,390,757
10/25/2003,HIO,OR,ANM,WE,Towers with Display (VFR),0,7,24,0,31,0,1,322,0,323,0,8,346,0,354,422,0,422,776
10/26/2003,HIO,OR,ANM,WE,Towers with Display (VFR),0,13,40,0,53,0,0,300,0,300,0,13,340,0,353,292,0,292,645
10/27/2003,HIO,OR,ANM,WE,Towers with Display (VFR),0,16,50,0,66,0,8,225,0,233,0,24,275,0,299,318,0,318,617
10/28/2003,HIO,OR,ANM,WE,Towers with Display (VFR),0,18,54,0,72,0,22,131,0,153,0,40,185,0,225,194,0,194,419
10/29/2003,HIO,OR,ANM,WE,Towers with Display (VFR),0,18,54,0,72,0,10,105,0,115,0,28,159,0,187,328,0,328,515
10/30/2003,HIO,OR,ANM,WE,Towers with Display (VFR),0,13,41,0,54,0,24,92,0,116,0,37,133,0,170,50,0,50,220
10/31/2003,HIO,OR,ANM,WE,Towers with Display (VFR),0,12,35,0,47,0,15,115,0,130,0,27,150,0,177,70,2,72,249
11/01/2003,HIO,OR,ANM,WE,Towers with Display (VFR),0,8,29,0,37,0,0,243,6,249,0,8,272,6,286,319,0,319,605
11/02/2003,HIO,OR,ANM,WE,Towers with Display (VFR),0,5,13,0,18,0,4,28,0,32,0,9,41,0,50,72,0,72,122
11/03/2003,HIO,OR,ANM,WE,Towers with Display (VFR),0,14,37,0,51,0,15,238,1,254,0,29,275,1,305,314,0,314,619
11/04/2003,HIO,OR,ANM,WE,Towers with Display (VFR),0,19,49,0,68,0,28,132,0,160,0,47,181,0,228,260,0,260,488
11/05/2003,HIO,OR,ANM,WE,Towers with Display (VFR),0,17,42,0,59,0,9,162,0,171,0,26,204,0,230,248,0,248,478
11/06/2003,HIO,OR,ANM,WE,Towers with Display (VFR),0,17,42,0,59,0,15,135,0,150,0,32,177,0,209,196,0,196,405
11/07/2003,HIO,OR,ANM,WE,Towers with Display (VFR),0,18,44,0,62,0,14,173,4,191,0,32,217,4,253,316,0,316,569
11/08/2003,HIO,OR,ANM,WE,Towers with Display (VFR),0,7,26,0,33,0,0,212,0,212,0,7,238,0,245,196,0,196,441
11/09/2003,HIO,OR,ANM,WE,Towers with Display (VFR),0,10,26,0,36,0,1,237,0,238,0,11,263,0,274,266,0,266,540
11/10/2003,HIO,OR,ANM,WE,Towers with Display (VFR),0,16,40,0,56,0,9,114,0,123,0,25,154,0,179,286,0,286,465
11/11/2003,HIO,OR,ANM,WE,Towers with Display (VFR),0,25,66,0,91,0,6,146,0,152,0,31,212,0,243,160,0,160,403
11/12/2003,HIO,OR,ANM,WE,Towers with Display (VFR),0,20,54,0,74,0,13,187,0,200,0,33,241,0,274,146,0,146,420
11/13/2003,HIO,OR,ANM,WE,Towers with Display (VFR),0,24,66,0,90,0,17,213,0,230,0,41,279,0,320,171,0,171,491
11/14/2003,HIO,OR,ANM,WE,Towers with Display (VFR),0,20,52,1,73,0,12,160,0,172,0,32,212,1,245,194,0,194,439
11/15/2003,HIO,OR,ANM,WE,Towers with Display (VFR),0,3,26,0,29,0,0,39,0,39,0,3,65,0,68,10,0,10,78
11/16/2003,HIO,OR,ANM,WE,Towers with Display (VFR),0,1,24,0,25,0,0,0,0,0,0,1,24,0,25,21,0,21,46
11/17/2003,HIO,OR,ANM,WE,Towers with Display (VFR),0,22,59,0,81,0,0,85,0,85,0,22,144,0,166,111,0,111,277
11/18/2003,HIO,OR,ANM,WE,Towers with Display (VFR),0,12,29,0,41,0,19,0,0,19,0,31,29,0,60,16,0,16,76
11/19/2003,HIO,OR,ANM,WE,Towers with Display (VFR),0,15,34,0,49,0,13,0,0,13,0,28,34,0,62,8,16,24,86
11/20/2003,HIO,OR,ANM,WE,Towers with Display (VFR),0,12,32,0,44,0,9,51,0,60,0,21,83,0,104,70,0,70,174
11/21/2003,HIO,OR,ANM,WE,Towers with Display (VFR),0,15,41,0,56,0,8,86,0,94,0,23,127,0,150,106,8,114,264
11/22/2003,HIO,OR,ANM,WE,Towers with Display (VFR),0,5,34,0,39,0,0,100,2,102,0,5,134,2,141,134,8,142,283
11/23/2003,HIO,OR,ANM,WE,Towers with Display (VFR),0,7,19,0,26,0,1,193,0,194,0,8,212,0,220,169,10,179,399
11/24/2003,HIO,OR,ANM,WE,Towers with Display (VFR),0,14,40,0,54,0,4,173,0,177,0,18,213,0,231,182,0,182,413
11/25/2003,HIO,OR,ANM,WE,Towers with Display (VFR),0,13,37,0,50,0,0,68,0,68,0,13,105,0,118,119,0,119,237
11/26/2003,HIO,OR,ANM,WE,Towers with Display (VFR),0,8,23,0,31,0,6,172,0,178,0,14,195,0,209,210,0,210,419
11/27/2003,HIO,OR,ANM,WE,Towers with Display (VFR),0,3,16,0,19,0,0,76,0,76,0,3,92,0,95,42,0,42,137
11/28/2003,HIO,OR,ANM,WE,Towers with Display (VFR),0,13,42,0,55,0,0,84,0,84,0,13,126,0,139,166,0,166,305
11/29/2003,HIO,OR,ANM,WE,Towers with Display (VFR),0,8,22,0,30,0,0,57,0,57,0,8,79,0,87,32,0,32,119
11/30/2003,HIO,OR,ANM,WE,Towers with Display (VFR),0,8,40,0,48,0,0,229,0,229,0,8,269,0,277,196,0,196,473
12/01/2003,HIO,OR,ANM,WE,Towers with Display (VFR),0,26,70,0,96,0,4,63,0,67,0,30,133,0,163,163,0,163,326
12/02/2003,HIO,OR,ANM,WE,Towers with Display (VFR),0,25,70,0,95,0,0,52,0,52,0,25,122,0,147,145,2,147,294
12/03/2003,HIO,OR,ANM,WE,Towers with Display (VFR),0,21,56,0,77,0,7,95,0,102,0,28,151,0,179,179,0,179,358
12/04/2003,HIO,OR,ANM,WE,Towers with Display (VFR),0,17,35,0,52,0,25,0,0,25,0,42,35,0,77,77,0,77,154
12/05/2003,HIO,OR,ANM,WE,Towers with Display (VFR),0,21,57,0,78,0,23,41,0,64,0,44,98,0,142,142,0,142,284
12/06/2003,HIO,OR,ANM,WE,Towers with Display (VFR),0,4,20,0,24,0,0,244,0,244,0,4,264,0,268,268,0,268,536
12/07/2003,HIO,OR,ANM,WE,Towers with Display (VFR),0,1,21,0,22,0,0,33,0,33,0,1,54,0,55,55,0,55,110
12/08/2003,HIO,OR,ANM,WE,Towers with Display (VFR),0,22,58,0,80,0,3,79,0,82,0,25,137,0,162,176,0,176,338
12/09/2003,HIO,OR,ANM,WE,Towers with Display (VFR),0,15,39,0,54,0,13,87,0,100,0,28,126,0,154,154,0,154,308
12/10/2003,HIO,OR,ANM,WE,Towers with Display (VFR),0,27,71,0,98,0,1,13,0,14,0,28,84,0,112,112,0,112,224
12/11/2003,HIO,OR,ANM,WE,Towers with Display (VFR),0,18,47,0,65,0,17,224,0,241,0,35,271,0,306,306,0,306,612
12/12/2003,HIO,OR,ANM,WE,Towers with Display (VFR),0,14,37,0,51,0,23,89,0,112,0,37,126,0,163,163,0,163,326
12/13/2003,HIO,OR,ANM,WE,Towers with Display (VFR),0,3,26,0,29,0,0,11,0,11,0,3,37,0,40,40,0,40,80
12/14/2003,HIO,OR,ANM,WE,Towers with Display (VFR),0,1,35,0,36,0,0,43,0,43,0,1,78,0,79,79,0,79,158
12/15/2003,HIO,OR,ANM,WE,Towers with Display (VFR),0,16,43,1,60,0,16,181,4,201,0,32,224,5,261,261,0,261,522
12/16/2003,HIO,OR,ANM,WE,Towers with Display (VFR),0,16,47,0,63,0,15,51,0,66,0,31,98,0,129,129,0,129,258
12/17/2003,HIO,OR,ANM,WE,Towers with Display (VFR),0,15,42,0,57,0,15,199,0,214,0,30,241,0,271,271,0,271,542
12/18/2003,HIO,OR,ANM,WE,Towers with Display (VFR),0,17,47,0,64,0,11,204,0,215,0,28,251,0,279,278,0,278,557
12/19/2003,HIO,OR,ANM,WE,Towers with Display (VFR),0,18,51,0,69,0,11,128,0,139,0,29,179,0,208,208,0,208,416
12/20/2003,HIO,OR,ANM,WE,Towers with Display (VFR),0,0,3,0,3,0,3,41,0,44,0,3,44,0,47,47,0,47,94
12/21/2003,HIO,OR,ANM,WE,Towers with Display (VFR),0,3,36,0,39,0,0,6,0,6,0,3,42,0,45,45,0,45,90
12/22/2003,HIO,OR,ANM,WE,Towers with Display (VFR),0,5,25,0,30,0,0,187,0,187,0,5,212,0,217,217,0,217,434
12/23/2003,HIO,OR,ANM,WE,Towers with Display (VFR),0,2,9,0,11,0,12,169,0,181,0,14,178,0,192,192,0,192,384
12/24/2003,HIO,OR,ANM,WE,Towers with Display (VFR),0,3,10,0,13,0,8,24,0,32,0,11,34,0,45,45,0,45,90
12/25/2003,HIO,OR,ANM,WE,Towers with Display (VFR),0,5,15,0,20,0,2,17,0,19,0,7,32,0,39,39,0,39,78
12/26/2003,HIO,OR,ANM,WE,Towers with Display (VFR),0,4,11,0,15,0,3,21,0,24,0,7,32,0,39,39,0,39,78
12/27/2003,HIO,OR,ANM,WE,Towers with Display (VFR),0,4,10,0,14,0,0,0,0,0,0,4,10,0,14,14,0,14,28
12/28/2003,HIO,OR,ANM,WE,Towers with Display (VFR),0,4,18,0,22,0,0,0,0,0,0,4,18,0,22,22,0,22,44
12/29/2003,HIO,OR,ANM,WE,Towers with Display (VFR),0,13,36,0,49,0,1,132,0,133,0,14,168,0,182,182,0,182,364
12/30/2003,HIO,OR,ANM,WE,Towers with Display (VFR),0,4,13,0,17,0,5,130,0,135,0,9,143,0,152,152,0,152,304
12/31/2003,HIO,OR,ANM,WE,Towers with Display (VFR),0,1,13,0,14,0,0,10,0,10,0,1,23,0,24,24,0,24,48
01/01/2004,HIO,OR,ANM,WE,Towers with Display (VFR),0,2,5,0,7,0,2,3,0,5,0,4,8,0,12,0,0,0,12
01/02/2004,HIO,OR,ANM,WE,Towers with Display (VFR),0,7,16,0,23,0,0,21,0,21,0,7,37,0,44,68,0,68,112
01/03/2004,HIO,OR,ANM,WE,Towers with Display (VFR),0,4,30,0,34,0,0,10,0,10,0,4,40,0,44,54,0,54,98
01/04/2004,HIO,OR,ANM,WE,Towers with Display (VFR),0,4,78,0,82,0,0,28,0,28,0,4,106,0,110,220,0,220,330
01/05/2004,HIO,OR,ANM,WE,Towers with Display (VFR),0,10,24,0,34,0,16,0,0,16,0,26,24,0,50,30,0,30,80
01/06/2004,HIO,OR,ANM,WE,Towers with Display (VFR),0,2,1,0,3,0,4,0,0,4,0,6,1,0,7,0,0,0,7
01/07/2004,HIO,OR,ANM,WE,Towers with Display (VFR),0,0,0,0,0,0,0,0,0,0,0,0,0,0,0,0,0,0,0
01/08/2004,HIO,OR,ANM,WE,Towers with Display (VFR),0,10,25,0,35,0,10,0,0,10,0,20,25,0,45,0,0,0,45
01/09/2004,HIO,OR,ANM,WE,Towers with Display (VFR),0,20,49,0,69,0,42,71,0,113,0,62,120,0,182,98,0,98,280
01/10/2004,HIO,OR,ANM,WE,Towers with Display (VFR),0,14,35,0,49,0,4,0,2,6,0,18,35,2,55,40,0,40,95
01/11/2004,HIO,OR,ANM,WE,Towers with Display (VFR),0,3,28,0,31,0,0,229,0,229,0,3,257,0,260,251,0,251,511
01/12/2004,HIO,OR,ANM,WE,Towers with Display (VFR),0,13,32,0,45,0,19,137,0,156,0,32,169,0,201,154,0,154,355
01/13/2004,HIO,OR,ANM,WE,Towers with Display (VFR),0,12,31,0,43,0,15,126,0,141,0,27,157,0,184,237,0,237,421
01/14/2004,HIO,OR,ANM,WE,Towers with Display (VFR),0,26,66,0,92,0,11,33,0,44,0,37,99,0,136,107,0,107,243
01/15/2004,HIO,OR,ANM,WE,Towers with Display (VFR),0,4,16,0,20,0,0,5,0,5,0,4,21,0,25,6,0,6,31
01/16/2004,HIO,OR,ANM,WE,Towers with Display (VFR),0,25,67,0,92,0,0,110,0,110,0,25,177,0,202,148,0,148,350
01/17/2004,HIO,OR,ANM,WE,Towers with Display (VFR),0,4,33,0,37,0,0,220,0,220,0,4,253,0,257,268,0,268,525
01/18/2004,HIO,OR,ANM,WE,Towers with Display (VFR),0,1,23,0,24,0,0,7,0,7,0,1,30,0,31,12,0,12,43
01/19/2004,HIO,OR,ANM,WE,Towers with Display (VFR),0,25,71,0,96,0,0,30,0,30,0,25,101,0,126,76,0,76,202
01/20/2004,HIO,OR,ANM,WE,Towers with Display (VFR),0,14,40,0,54,0,11,132,0,143,0,25,172,0,197,149,0,149,346
01/21/2004,HIO,OR,ANM,WE,Towers with Display (VFR),0,27,71,0,98,0,18,215,2,235,0,45,286,2,333,256,0,256,589
01/22/2004,HIO,OR,ANM,WE,Towers with Display (VFR),0,15,37,0,52,0,3,0,0,3,0,18,37,0,55,0,0,0,55
01/23/2004,HIO,OR,ANM,WE,Towers with Display (VFR),0,21,57,0,78,0,1,2,0,3,0,22,59,0,81,36,0,36,117
01/24/2004,HIO,OR,ANM,WE,Towers with Display (VFR),0,6,25,0,31,0,0,84,0,84,0,6,109,0,115,318,0,318,433
01/25/2004,HIO,OR,ANM,WE,Towers with Display (VFR),0,3,27,0,30,0,0,79,0,79,0,3,106,0,109,247,0,247,356
01/26/2004,HIO,OR,ANM,WE,Towers with Display (VFR),0,16,44,0,60,0,12,130,1,143,0,28,174,1,203,166,0,166,369
01/27/2004,HIO,OR,ANM,WE,Towers with Display (VFR),0,19,53,0,72,0,8,17,0,25,0,27,70,0,97,28,0,28,125
01/28/2004,HIO,OR,ANM,WE,Towers with Display (VFR),0,17,45,0,62,0,12,3,0,15,0,29,48,0,77,85,0,85,162
01/29/2004,HIO,OR,ANM,WE,Towers with Display (VFR),0,18,49,0,67,0,11,19,0,30,0,29,68,0,97,38,0,38,135
01/30/2004,HIO,OR,ANM,WE,Towers with Display (VFR),0,12,33,0,45,0,21,71,0,92,0,33,104,0,137,139,0,139,276
01/31/2004,HIO,OR,ANM,WE,Towers with Display (VFR),0,7,38,0,45,0,0,78,0,78,0,7,116,0,123,160,0,160,283
02/01/2004,HIO,OR,ANM,WE,Towers with Display (VFR),0,2,25,0,27,0,0,9,0,9,0,2,34,0,36,12,0,12,48
02/02/2004,HIO,OR,ANM,WE,Towers with Display (VFR),0,17,40,0,57,0,10,103,0,113,0,27,143,0,170,147,0,147,317
02/03/2004,HIO,OR,ANM,WE,Towers with Display (VFR),0,21,51,0,72,0,12,119,0,131,0,33,170,0,203,198,0,198,401
02/04/2004,HIO,OR,ANM,WE,Towers with Display (VFR),0,20,48,0,68,0,15,186,0,201,0,35,234,0,269,276,0,276,545
02/05/2004,HIO,OR,ANM,WE,Towers with Display (VFR),0,19,44,0,63,0,8,170,0,178,0,27,214,0,241,176,0,176,417
02/06/2004,HIO,OR,ANM,WE,Towers with Display (VFR),0,22,54,0,76,0,19,43,3,65,0,41,97,3,141,98,0,98,239
02/07/2004,HIO,OR,ANM,WE,Towers with Display (VFR),0,4,20,0,24,0,0,198,2,200,0,4,218,2,224,247,0,247,471
02/08/2004,HIO,OR,ANM,WE,Towers with Display (VFR),0,4,34,0,38,0,0,158,2,160,0,4,192,2,198,181,0,181,379
02/09/2004,HIO,OR,ANM,WE,Towers with Display (VFR),0,20,46,0,66,0,13,168,0,181,0,33,214,0,247,166,0,166,413
02/10/2004,HIO,OR,ANM,WE,Towers with Display (VFR),0,14,33,0,47,0,12,191,0,203,0,26,224,0,250,208,0,208,458
02/11/2004,HIO,OR,ANM,WE,Towers with Display (VFR),0,14,34,0,48,0,20,196,0,216,0,34,230,0,264,62,0,62,326
02/12/2004,HIO,OR,ANM,WE,Towers with Display (VFR),0,18,42,0,60,0,10,222,10,242,0,28,264,10,302,191,0,191,493
02/13/2004,HIO,OR,ANM,WE,Towers with Display (VFR),0,19,46,0,65,0,10,160,0,170,0,29,206,0,235,157,0,157,392
02/14/2004,HIO,OR,ANM,WE,Towers with Display (VFR),0,4,30,0,34,0,0,92,0,92,0,4,122,0,126,191,0,191,317
02/15/2004,HIO,OR,ANM,WE,Towers with Display (VFR),0,5,22,0,27,0,0,111,0,111,0,5,133,0,138,200,0,200,338
02/16/2004,HIO,OR,ANM,WE,Towers with Display (VFR),0,11,29,0,40,0,0,25,0,25,0,11,54,0,65,48,0,48,113
02/17/2004,HIO,OR,ANM,WE,Towers with Display (VFR),0,14,31,0,45,0,12,0,0,12,0,26,31,0,57,93,0,93,150
02/18/2004,HIO,OR,ANM,WE,Towers with Display (VFR),0,17,43,0,60,0,10,108,2,120,0,27,151,2,180,201,0,201,381
02/19/2004,HIO,OR,ANM,WE,Towers with Display (VFR),0,19,50,0,69,0,12,184,6,202,0,31,234,6,271,217,0,217,488
02/20/2004,HIO,OR,ANM,WE,Towers with Display (VFR),0,16,41,0,57,0,19,234,2,255,0,35,275,2,312,236,0,236,548
02/21/2004,HIO,OR,ANM,WE,Towers with Display (VFR),0,10,26,0,36,0,0,266,0,266,0,10,292,0,302,209,0,209,511
02/22/2004,HIO,OR,ANM,WE,Towers with Display (VFR),0,8,21,0,29,0,1,208,0,209,0,9,229,0,238,160,0,160,398
02/23/2004,HIO,OR,ANM,WE,Towers with Display (VFR),0,21,52,0,73,0,3,133,0,136,0,24,185,0,209,245,0,245,454
02/24/2004,HIO,OR,ANM,WE,Towers with Display (VFR),0,14,36,0,50,0,16,22,0,38,0,30,58,0,88,51,0,51,139
02/25/2004,HIO,OR,ANM,WE,Towers with Display (VFR),0,8,21,0,29,0,18,58,0,76,0,26,79,0,105,114,0,114,219
02/26/2004,HIO,OR,ANM,WE,Towers with Display (VFR),0,14,36,0,50,0,16,84,0,100,0,30,120,0,150,160,0,160,310
02/27/2004,HIO,OR,ANM,WE,Towers with Display (VFR),0,10,28,0,38,0,11,57,0,68,0,21,85,0,106,122,0,122,228
02/28/2004,HIO,OR,ANM,WE,Towers with Display (VFR),0,6,26,0,32,0,0,230,0,230,0,6,256,0,262,305,0,305,567
02/29/2004,HIO,OR,ANM,WE,Towers with Display (VFR),0,10,30,0,40,0,0,112,0,112,0,10,142,0,152,291,0,291,443
03/01/2004,HIO,OR,ANM,WE,Towers with Display (VFR),0,16,35,0,51,0,16,241,0,257,0,32,276,0,308,302,0,302,610
03/02/2004,HIO,OR,ANM,WE,Towers with Display (VFR),0,20,42,0,62,0,18,365,0,383,0,38,407,0,445,294,0,294,739
03/03/2004,HIO,OR,ANM,WE,Towers with Display (VFR),0,24,50,0,74,0,13,36,0,49,0,37,86,0,123,125,0,125,248
03/04/2004,HIO,OR,ANM,WE,Towers with Display (VFR),0,23,48,0,71,0,15,181,0,196,0,38,229,0,267,325,0,325,592
03/05/2004,HIO,OR,ANM,WE,Towers with Display (VFR),0,16,34,0,50,0,6,30,0,36,0,22,64,0,86,84,0,84,170
03/06/2004,HIO,OR,ANM,WE,Towers with Display (VFR),0,6,41,0,47,0,0,226,3,229,0,6,267,3,276,198,0,198,474
03/07/2004,HIO,OR,ANM,WE,Towers with Display (VFR),0,9,30,0,39,0,0,234,2,236,0,9,264,2,275,228,0,228,503
03/08/2004,HIO,OR,ANM,WE,Towers with Display (VFR),0,21,44,0,65,0,4,301,2,307,0,25,345,2,372,372,0,372,744
03/09/2004,HIO,OR,ANM,WE,Towers with Display (VFR),0,16,34,0,50,0,9,139,0,148,0,25,173,0,198,234,0,234,432
03/10/2004,HIO,OR,ANM,WE,Towers with Display (VFR),0,20,44,0,64,0,15,269,0,284,0,35,313,0,348,370,0,370,718
03/11/2004,HIO,OR,ANM,WE,Towers with Display (VFR),0,20,42,0,62,0,19,275,0,294,0,39,317,0,356,289,0,289,645
03/12/2004,HIO,OR,ANM,WE,Towers with Display (VFR),0,23,50,0,73,0,13,276,10,299,0,36,326,10,372,313,0,313,685
03/13/2004,HIO,OR,ANM,WE,Towers with Display (VFR),0,10,21,0,31,0,1,333,0,334,0,11,354,0,365,308,0,308,673
03/14/2004,HIO,OR,ANM,WE,Towers with Display (VFR),0,2,18,0,20,0,0,212,0,212,0,2,230,0,232,237,0,237,469
03/15/2004,HIO,OR,ANM,WE,Towers with Display (VFR),0,21,47,0,68,0,7,181,0,188,0,28,228,0,256,271,0,271,527
03/16/2004,HIO,OR,ANM,WE,Towers with Display (VFR),0,21,49,0,70,0,12,234,0,246,0,33,283,0,316,198,0,198,514
03/17/2004,HIO,OR,ANM,WE,Towers with Display (VFR),0,23,53,0,76,0,14,201,0,215,0,37,254,0,291,236,0,236,527
03/18/2004,HIO,OR,ANM,WE,Towers with Display (VFR),0,21,48,0,69,0,16,61,2,79,0,37,109,2,148,91,0,91,239
03/19/2004,HIO,OR,ANM,WE,Towers with Display (VFR),0,19,43,0,62,0,17,189,6,212,0,36,232,6,274,196,0,196,470
03/20/2004,HIO,OR,ANM,WE,Towers with Display (VFR),0,10,29,0,39,0,0,264,2,266,0,10,293,2,305,135,0,135,440
03/21/2004,HIO,OR,ANM,WE,Towers with Display (VFR),0,6,23,0,29,0,0,284,0,284,0,6,307,0,313,238,0,238,551
03/22/2004,HIO,OR,ANM,WE,Towers with Display (VFR),0,13,29,0,42,0,15,213,0,228,0,28,242,0,270,204,0,204,474
03/23/2004,HIO,OR,ANM,WE,Towers with Display (VFR),0,15,35,0,50,0,22,206,0,228,0,37,241,0,278,214,0,214,492
03/24/2004,HIO,OR,ANM,WE,Towers with Display (VFR),0,13,30,0,43,0,49,8,0,57,0,62,38,0,100,67,0,67,167
03/25/2004,HIO,OR,ANM,WE,Towers with Display (VFR),0,18,40,0,58,0,10,53,0,63,0,28,93,0,121,182,0,182,303
03/26/2004,HIO,OR,ANM,WE,Towers with Display (VFR),0,19,45,0,64,0,5,31,0,36,0,24,76,0,100,59,0,59,159
03/27/2004,HIO,OR,ANM,WE,Towers with Display (VFR),0,5,34,0,39,0,0,198,0,198,0,5,232,0,237,252,0,252,489
03/28/2004,HIO,OR,ANM,WE,Towers with Display (VFR),0,8,23,0,31,0,0,283,0,283,0,8,306,0,314,158,0,158,472
03/29/2004,HIO,OR,ANM,WE,Towers with Display (VFR),0,18,41,0,59,0,15,213,2,230,0,33,254,2,289,196,0,196,485
03/30/2004,HIO,OR,ANM,WE,Towers with Display (VFR),0,14,32,0,46,0,18,103,0,121,0,32,135,0,167,141,0,141,308
03/31/2004,HIO,OR,ANM,WE,Towers with Display (VFR),0,16,37,0,53,0,17,215,0,232,0,33,252,0,285,241,0,241,526
04/01/2004,HIO,OR,ANM,WE,Towers with Display (VFR),0,20,43,0,63,0,12,222,0,234,0,32,265,0,297,205,0,205,502
04/02/2004,HIO,OR,ANM,WE,Towers with Display (VFR),0,19,41,0,60,0,7,154,4,165,0,26,195,4,225,106,0,106,331
04/03/2004,HIO,OR,ANM,WE,Towers with Display (VFR),0,9,25,0,34,0,0,407,0,407,0,9,432,0,441,347,0,347,788
04/04/2004,HIO,OR,ANM,WE,Towers with Display (VFR),0,3,17,0,20,0,0,217,0,217,0,3,234,0,237,234,0,234,471
04/05/2004,HIO,OR,ANM,WE,Towers with Display (VFR),0,23,50,0,73,0,9,158,0,167,0,32,208,0,240,242,0,242,482
04/06/2004,HIO,OR,ANM,WE,Towers with Display (VFR),0,18,39,0,57,0,27,190,0,217,0,45,229,0,274,237,0,237,511
04/07/2004,HIO,OR,ANM,WE,Towers with Display (VFR),0,24,54,0,78,0,35,177,0,212,0,59,231,0,290,274,0,274,564
04/08/2004,HIO,OR,ANM,WE,Towers with Display (VFR),0,20,44,0,64,0,17,248,0,265,0,37,292,0,329,261,0,261,590
04/09/2004,HIO,OR,ANM,WE,Towers with Display (VFR),0,18,41,0,59,0,14,355,0,369,0,32,396,0,428,264,0,264,692
04/10/2004,HIO,OR,ANM,WE,Towers with Display (VFR),0,6,20,0,26,0,0,304,0,304,0,6,324,0,330,218,0,218,548
04/11/2004,HIO,OR,ANM,WE,Towers with Display (VFR),0,4,16,0,20,0,0,187,0,187,0,4,203,0,207,116,0,116,323
04/12/2004,HIO,OR,ANM,WE,Towers with Display (VFR),0,18,42,0,60,0,11,206,2,219,0,29,248,2,279,361,0,361,640
04/13/2004,HIO,OR,ANM,WE,Towers with Display (VFR),0,18,43,0,61,0,21,156,0,177,0,39,199,0,238,225,0,225,463
04/14/2004,HIO,OR,ANM,WE,Towers with Display (VFR),0,17,41,0,58,0,13,47,0,60,0,30,88,0,118,100,0,100,218
04/15/2004,HIO,OR,ANM,WE,Towers with Display (VFR),0,17,41,0,58,0,14,88,0,102,0,31,129,0,160,156,0,156,316
04/16/2004,HIO,OR,ANM,WE,Towers with Display (VFR),0,20,48,0,68,0,16,151,2,169,0,36,199,2,237,262,0,262,499
04/17/2004,HIO,OR,ANM,WE,Towers with Display (VFR),0,4,40,0,44,0,0,143,0,143,0,4,183,0,187,259,0,259,446
04/18/2004,HIO,OR,ANM,WE,Towers with Display (VFR),0,1,20,0,21,0,0,128,2,130,0,1,148,2,151,166,0,166,317
04/19/2004,HIO,OR,ANM,WE,Towers with Display (VFR),0,19,45,0,64,0,6,101,6,113,0,25,146,6,177,124,0,124,301
04/20/2004,HIO,OR,ANM,WE,Towers with Display (VFR),0,16,37,0,53,0,16,44,2,62,0,32,81,2,115,68,0,68,183
04/21/2004,HIO,OR,ANM,WE,Towers with Display (VFR),0,24,56,0,80,0,16,183,0,199,0,40,239,0,279,281,0,281,560
04/22/2004,HIO,OR,ANM,WE,Towers with Display (VFR),0,23,56,0,79,0,7,198,0,205,0,30,254,0,284,292,0,292,576
04/23/2004,HIO,OR,ANM,WE,Towers with Display (VFR),0,22,53,0,75,0,11,217,0,228,0,33,270,0,303,260,0,260,563
04/24/2004,HIO,OR,ANM,WE,Towers with Display (VFR),0,4,20,0,24,0,0,272,6,278,0,4,292,6,302,314,0,314,616
04/25/2004,HIO,OR,ANM,WE,Towers with Display (VFR),0,6,19,0,25,0,0,300,0,300,0,6,319,0,325,209,0,209,534
04/26/2004,HIO,OR,ANM,WE,Towers with Display (VFR),0,15,36,0,51,0,20,283,1,304,0,35,319,1,355,235,0,235,590
04/27/2004,HIO,OR,ANM,WE,Towers with Display (VFR),0,16,37,0,53,0,25,160,0,185,0,41,197,0,238,215,0,215,453
04/28/2004,HIO,OR,ANM,WE,Towers with Display (VFR),0,21,50,0,71,0,12,225,0,237,0,33,275,0,308,266,0,266,574
04/29/2004,HIO,OR,ANM,WE,Towers with Display (VFR),0,19,46,0,65,0,4,312,0,316,0,23,358,0,381,348,0,348,729
04/30/2004,HIO,OR,ANM,WE,Towers with Display (VFR),0,22,54,0,76,0,13,277,2,292,0,35,331,2,368,401,0,401,769
05/01/2004,HIO,OR,ANM,WE,Towers with Display (VFR),0,6,15,0,21,0,7,356,0,363,0,13,371,0,384,317,0,317,701
05/02/2004,HIO,OR,ANM,WE,Towers with Display (VFR),0,6,21,0,27,0,0,250,0,250,0,6,271,0,277,215,0,215,492
05/03/2004,HIO,OR,ANM,WE,Towers with Display (VFR),0,13,37,0,50,0,16,210,0,226,0,29,247,0,276,235,0,235,511
05/04/2004,HIO,OR,ANM,WE,Towers with Display (VFR),0,14,41,0,55,0,17,151,0,168,0,31,192,0,223,250,0,250,473
05/05/2004,HIO,OR,ANM,WE,Towers with Display (VFR),0,17,51,0,68,0,26,198,0,224,0,43,249,0,292,319,0,319,611
05/06/2004,HIO,OR,ANM,WE,Towers with Display (VFR),0,15,43,0,58,0,22,270,5,297,0,37,313,5,355,314,0,314,669
05/07/2004,HIO,OR,ANM,WE,Towers with Display (VFR),0,19,59,0,78,0,10,84,0,94,0,29,143,0,172,174,0,174,346
05/08/2004,HIO,OR,ANM,WE,Towers with Display (VFR),0,5,34,0,39,0,0,91,0,91,0,5,125,0,130,121,0,121,251
05/09/2004,HIO,OR,ANM,WE,Towers with Display (VFR),0,2,30,0,32,0,0,168,0,168,0,2,198,0,200,162,0,162,362
05/10/2004,HIO,OR,ANM,WE,Towers with Display (VFR),0,14,44,0,58,0,20,108,0,128,0,34,152,0,186,172,0,172,358
05/11/2004,HIO,OR,ANM,WE,Towers with Display (VFR),0,23,71,0,94,0,7,153,0,160,0,30,224,0,254,292,0,292,546
05/12/2004,HIO,OR,ANM,WE,Towers with Display (VFR),0,14,44,0,58,0,21,194,0,215,0,35,238,0,273,301,0,301,574
05/13/2004,HIO,OR,ANM,WE,Towers with Display (VFR),0,16,50,1,67,0,24,297,1,322,0,40,347,2,389,256,0,256,645
05/14/2004,HIO,OR,ANM,WE,Towers with Display (VFR),0,16,52,0,68,0,22,219,0,241,0,38,271,0,309,282,0,282,591
05/15/2004,HIO,OR,ANM,WE,Towers with Display (VFR),0,3,41,0,44,0,0,97,4,101,0,3,138,4,145,232,0,232,377
05/16/2004,HIO,OR,ANM,WE,Towers with Display (VFR),0,8,33,0,41,0,0,202,1,203,0,8,235,1,244,243,0,243,487
05/17/2004,HIO,OR,ANM,WE,Towers with Display (VFR),0,14,45,0,59,0,21,112,0,133,0,35,157,0,192,173,0,173,365
05/18/2004,HIO,OR,ANM,WE,Towers with Display (VFR),0,14,46,0,60,0,34,99,0,133,0,48,145,0,193,184,0,184,377
05/19/2004,HIO,OR,ANM,WE,Towers with Display (VFR),0,0,0,0,0,0,31,230,12,273,0,31,230,12,273,327,0,327,600
05/20/2004,HIO,OR,ANM,WE,Towers with Display (VFR),0,17,54,0,71,0,20,213,0,233,0,37,267,0,304,349,0,349,653
05/21/2004,HIO,OR,ANM,WE,Towers with Display (VFR),0,23,75,0,98,0,8,176,4,188,0,31,251,4,286,214,0,214,500
05/22/2004,HIO,OR,ANM,WE,Towers with Display (VFR),0,6,20,0,26,0,2,63,4,69,0,8,83,4,95,152,0,152,247
05/23/2004,HIO,OR,ANM,WE,Towers with Display (VFR),0,6,29,0,35,0,0,113,2,115,0,6,142,2,150,167,0,167,317
05/24/2004,HIO,OR,ANM,WE,Towers with Display (VFR),0,16,52,0,68,0,9,182,0,191,0,25,234,0,259,295,0,295,554
05/25/2004,HIO,OR,ANM,WE,Towers with Display (VFR),0,20,65,0,85,0,24,278,1,303,0,44,343,1,388,331,2,333,721
05/26/2004,HIO,OR,ANM,WE,Towers with Display (VFR),0,18,57,0,75,0,15,44,2,61,0,33,101,2,136,142,0,142,278
05/27/2004,HIO,OR,ANM,WE,Towers with Display (VFR),0,23,75,0,98,0,7,67,0,74,0,30,142,0,172,108,0,108,280
05/28/2004,HIO,OR,ANM,WE,Towers with Display (VFR),0,9,31,0,40,0,7,107,0,114,0,16,138,0,154,141,0,141,295
05/29/2004,HIO,OR,ANM,WE,Towers with Display (VFR),0,6,31,0,37,0,0,145,0,145,0,6,176,0,182,309,0,309,491
05/30/2004,HIO,OR,ANM,WE,Towers with Display (VFR),0,2,21,0,23,0,0,92,0,92,0,2,113,0,115,123,0,123,238
05/31/2004,HIO,OR,ANM,WE,Towers with Display (VFR),0,10,43,0,53,0,0,199,0,199,0,10,242,0,252,296,0,296,548
06/01/2004,HIO,OR,ANM,WE,Towers with Display (VFR),0,12,28,0,40,0,27,235,0,262,0,39,263,0,302,309,0,309,611
06/02/2004,HIO,OR,ANM,WE,Towers with Display (VFR),0,21,49,0,70,0,22,283,2,307,0,43,332,2,377,283,0,283,660
06/03/2004,HIO,OR,ANM,WE,Towers with Display (VFR),0,15,35,0,50,0,21,241,5,267,0,36,276,5,317,264,0,264,581
06/04/2004,HIO,OR,ANM,WE,Towers with Display (VFR),0,17,39,0,56,0,15,305,0,320,0,32,344,0,376,272,0,272,648
06/05/2004,HIO,OR,ANM,WE,Towers with Display (VFR),0,5,38,0,43,0,0,103,0,103,0,5,141,0,146,148,0,148,294
06/06/2004,HIO,OR,ANM,WE,Towers with Display (VFR),0,6,14,0,20,0,1,37,5,43,0,7,51,5,63,59,0,59,122
06/07/2004,HIO,OR,ANM,WE,Towers with Display (VFR),0,14,32,0,46,0,18,122,2,142,0,32,154,2,188,118,0,118,306
06/08/2004,HIO,OR,ANM,WE,Towers with Display (VFR),0,20,48,0,68,0,14,125,0,139,0,34,173,0,207,478,0,478,685
06/09/2004,HIO,OR,ANM,WE,Towers with Display (VFR),0,29,69,0,98,0,4,76,0,80,0,33,145,0,178,578,0,578,756
06/10/2004,HIO,OR,ANM,WE,Towers with Display (VFR),0,25,61,0,86,0,11,169,0,180,0,36,230,0,266,552,0,552,818
06/11/2004,HIO,OR,ANM,WE,Towers with Display (VFR),0,15,38,0,53,0,12,184,0,196,0,27,222,0,249,347,0,347,596
06/12/2004,HIO,OR,ANM,WE,Towers with Display (VFR),0,9,21,0,30,0,0,240,0,240,0,9,261,0,270,535,0,535,805
06/13/2004,HIO,OR,ANM,WE,Towers with Display (VFR),0,2,32,0,34,0,0,136,0,136,0,2,168,0,170,334,0,334,504
06/14/2004,HIO,OR,ANM,WE,Towers with Display (VFR),0,15,37,0,52,0,9,224,0,233,0,24,261,0,285,534,0,534,819
06/15/2004,HIO,OR,ANM,WE,Towers with Display (VFR),0,15,39,0,54,0,13,247,0,260,0,28,286,0,314,233,0,233,547
06/16/2004,HIO,OR,ANM,WE,Towers with Display (VFR),0,18,47,0,65,0,7,242,2,251,0,25,289,2,316,567,0,567,883
06/17/2004,HIO,OR,ANM,WE,Towers with Display (VFR),0,16,41,0,57,0,18,225,0,243,0,34,266,0,300,332,0,332,632
06/18/2004,HIO,OR,ANM,WE,Towers with Display (VFR),0,18,46,0,64,0,13,251,6,270,0,31,297,6,334,417,0,417,751
06/19/2004,HIO,OR,ANM,WE,Towers with Display (VFR),0,5,25,0,30,0,0,279,0,279,0,5,304,0,309,580,0,580,889
06/20/2004,HIO,OR,ANM,WE,Towers with Display (VFR),0,5,15,0,20,0,1,222,0,223,0,6,237,0,243,295,0,295,538
06/21/2004,HIO,OR,ANM,WE,Towers with Display (VFR),0,15,37,0,52,0,21,245,0,266,0,36,282,0,318,461,0,461,779
06/22/2004,HIO,OR,ANM,WE,Towers with Display (VFR),0,32,79,0,111,0,9,112,0,121,0,41,191,0,232,470,0,470,702
06/23/2004,HIO,OR,ANM,WE,Towers with Display (VFR),0,25,62,0,87,0,7,121,0,128,0,32,183,0,215,474,0,474,689
06/24/2004,HIO,OR,ANM,WE,Towers with Display (VFR),0,23,58,0,81,0,4,155,5,164,0,27,213,5,245,494,0,494,739
06/25/2004,HIO,OR,ANM,WE,Towers with Display (VFR),0,17,42,0,59,0,4,260,0,264,0,21,302,0,323,585,0,585,908
06/26/2004,HIO,OR,ANM,WE,Towers with Display (VFR),0,7,19,0,26,0,7,180,0,187,0,14,199,0,213,159,0,159,372
06/27/2004,HIO,OR,ANM,WE,Towers with Display (VFR),0,5,22,0,27,0,0,219,0,219,0,5,241,0,246,349,0,349,595
06/28/2004,HIO,OR,ANM,WE,Towers with Display (VFR),0,14,36,0,50,0,17,184,0,201,0,31,220,0,251,481,0,481,732
06/29/2004,HIO,OR,ANM,WE,Towers with Display (VFR),0,12,31,0,43,0,20,209,0,229,0,32,240,0,272,538,0,538,810
06/30/2004,HIO,OR,ANM,WE,Towers with Display (VFR),0,18,44,0,62,0,17,302,0,319,0,35,346,0,381,553,0,553,934
07/01/2004,HIO,OR,ANM,WE,Towers with Display (VFR),0,14,28,0,42,0,6,272,0,278,0,20,300,0,320,581,0,581,901
07/02/2004,HIO,OR,ANM,WE,Towers with Display (VFR),0,11,42,0,53,0,0,166,0,166,0,11,208,0,219,541,0,541,760
07/03/2004,HIO,OR,ANM,WE,Towers with Display (VFR),0,8,20,0,28,0,0,144,0,144,0,8,164,0,172,473,0,473,645
07/04/2004,HIO,OR,ANM,WE,Towers with Display (VFR),0,3,5,0,8,0,1,139,0,140,0,4,144,0,148,66,0,66,214
07/05/2004,HIO,OR,ANM,WE,Towers with Display (VFR),0,8,17,0,25,0,0,299,0,299,0,8,316,0,324,390,0,390,714
07/06/2004,HIO,OR,ANM,WE,Towers with Display (VFR),0,20,41,0,61,0,3,242,0,245,0,23,283,0,306,437,0,437,743
07/07/2004,HIO,OR,ANM,WE,Towers with Display (VFR),0,23,48,0,71,0,14,218,4,236,0,37,266,4,307,570,0,570,877
07/08/2004,HIO,OR,ANM,WE,Towers with Display (VFR),0,21,42,0,63,0,8,227,0,235,0,29,269,0,298,500,0,500,798
07/09/2004,HIO,OR,ANM,WE,Towers with Display (VFR),0,20,40,0,60,0,12,250,0,262,0,32,290,0,322,621,0,621,943
07/10/2004,HIO,OR,ANM,WE,Towers with Display (VFR),0,9,18,0,27,0,4,262,0,266,0,13,280,0,293,466,0,466,759
07/11/2004,HIO,OR,ANM,WE,Towers with Display (VFR),0,6,13,1,20,0,2,270,1,273,0,8,283,2,293,470,0,470,763
07/12/2004,HIO,OR,ANM,WE,Towers with Display (VFR),0,12,26,0,38,0,17,232,0,249,0,29,258,0,287,611,0,611,898
07/13/2004,HIO,OR,ANM,WE,Towers with Display (VFR),0,16,35,0,51,0,27,227,0,254,0,43,262,0,305,574,0,574,879
07/14/2004,HIO,OR,ANM,WE,Towers with Display (VFR),0,16,34,0,50,0,16,214,0,230,0,32,248,0,280,581,0,581,861
07/15/2004,HIO,OR,ANM,WE,Towers with Display (VFR),0,23,51,0,74,0,9,249,0,258,0,32,300,0,332,638,0,638,970
07/16/2004,HIO,OR,ANM,WE,Towers with Display (VFR),0,14,31,0,45,0,16,289,0,305,0,30,320,0,350,537,0,537,887
07/17/2004,HIO,OR,ANM,WE,Towers with Display (VFR),0,6,13,0,19,0,3,269,0,272,0,9,282,0,291,558,0,558,849
07/18/2004,HIO,OR,ANM,WE,Towers with Display (VFR),0,8,22,0,30,0,0,186,0,186,0,8,208,0,216,263,0,263,479
07/19/2004,HIO,OR,ANM,WE,Towers with Display (VFR),0,18,38,0,56,0,16,248,0,264,0,34,286,0,320,594,0,594,914
07/20/2004,HIO,OR,ANM,WE,Towers with Display (VFR),0,14,32,0,46,0,13,216,0,229,0,27,248,0,275,578,0,578,853
07/21/2004,HIO,OR,ANM,WE,Towers with Display (VFR),0,18,39,0,57,0,22,251,2,275,0,40,290,2,332,605,0,605,937
07/22/2004,HIO,OR,ANM,WE,Towers with Display (VFR),0,20,44,0,64,0,7,308,0,315,0,27,352,0,379,514,0,514,893
07/23/2004,HIO,OR,ANM,WE,Towers with Display (VFR),0,14,31,0,45,0,11,246,2,259,0,25,277,2,304,438,0,438,742
07/24/2004,HIO,OR,ANM,WE,Towers with Display (VFR),0,4,13,0,17,0,0,216,0,216,0,4,229,0,233,397,0,397,630
07/25/2004,HIO,OR,ANM,WE,Towers with Display (VFR),0,10,25,0,35,0,0,191,0,191,0,10,216,0,226,344,0,344,570
07/26/2004,HIO,OR,ANM,WE,Towers with Display (VFR),0,15,34,0,49,0,19,204,0,223,0,34,238,0,272,598,0,598,870
07/27/2004,HIO,OR,ANM,WE,Towers with Display (VFR),0,12,26,0,38,0,15,261,0,276,0,27,287,0,314,503,0,503,817
07/28/2004,HIO,OR,ANM,WE,Towers with Display (VFR),0,16,34,0,50,0,16,256,0,272,0,32,290,0,322,572,0,572,894
07/29/2004,HIO,OR,ANM,WE,Towers with Display (VFR),0,17,36,0,53,0,15,246,0,261,0,32,282,0,314,571,0,571,885
07/30/2004,HIO,OR,ANM,WE,Towers with Display (VFR),0,19,42,0,61,0,13,284,535,832,0,32,326,535,893,0,0,0,893
07/31/2004,HIO,OR,ANM,WE,Towers with Display (VFR),0,7,16,0,23,0,18,262,0,280,0,25,278,0,303,394,0,394,697
08/01/2004,HIO,OR,ANM,WE,Towers with Display (VFR),0,6,16,0,22,0,0,230,0,230,0,6,246,0,252,323,0,323,575
08/02/2004,HIO,OR,ANM,WE,Towers with Display (VFR),0,16,36,0,52,0,20,260,0,280,0,36,296,0,332,682,0,682,1014
08/03/2004,HIO,OR,ANM,WE,Towers with Display (VFR),0,18,36,0,54,0,20,161,0,181,0,38,197,0,235,473,0,473,708
08/04/2004,HIO,OR,ANM,WE,Towers with Display (VFR),0,25,52,0,77,0,9,165,0,174,0,34,217,0,251,609,0,609,860
08/05/2004,HIO,OR,ANM,WE,Towers with Display (VFR),0,20,41,2,63,0,19,213,0,232,0,39,254,2,295,696,0,696,991
08/06/2004,HIO,OR,ANM,WE,Towers with Display (VFR),0,24,50,0,74,0,2,56,0,58,0,26,106,0,132,128,0,128,260
08/07/2004,HIO,OR,ANM,WE,Towers with Display (VFR),0,10,27,0,37,0,0,272,0,272,0,10,299,0,309,391,0,391,700
08/08/2004,HIO,OR,ANM,WE,Towers with Display (VFR),0,2,9,0,11,0,0,282,0,282,0,2,291,0,293,129,0,129,422
08/09/2004,HIO,OR,ANM,WE,Towers with Display (VFR),0,11,22,0,33,0,17,220,0,237,0,28,242,0,270,648,0,648,918
08/10/2004,HIO,OR,ANM,WE,Towers with Display (VFR),0,15,30,1,46,0,15,259,4,278,0,30,289,5,324,706,0,706,1030
08/11/2004,HIO,OR,ANM,WE,Towers with Display (VFR),0,18,36,1,55,0,24,249,12,285,0,42,285,13,340,518,0,518,858
08/12/2004,HIO,OR,ANM,WE,Towers with Display (VFR),0,15,30,1,46,0,23,194,11,228,0,38,224,12,274,396,0,396,670
08/13/2004,HIO,OR,ANM,WE,Towers with Display (VFR),0,16,33,1,50,0,19,69,12,100,0,35,102,13,150,244,0,244,394
08/14/2004,HIO,OR,ANM,WE,Towers with Display (VFR),0,2,9,1,12,0,0,140,0,140,0,2,149,1,152,255,0,255,407
08/15/2004,HIO,OR,ANM,WE,Towers with Display (VFR),0,8,17,1,26,0,2,134,10,146,0,10,151,11,172,138,8,146,318
08/16/2004,HIO,OR,ANM,WE,Towers with Display (VFR),0,17,33,1,51,0,17,277,5,299,0,34,310,6,350,699,0,699,1049
08/17/2004,HIO,OR,ANM,WE,Towers with Display (VFR),0,12,25,0,37,0,11,280,0,291,0,23,305,0,328,588,0,588,916
08/18/2004,HIO,OR,ANM,WE,Towers with Display (VFR),0,17,34,0,51,0,19,211,1,231,0,36,245,1,282,494,0,494,776
08/19/2004,HIO,OR,ANM,WE,Towers with Display (VFR),0,18,36,0,54,0,15,283,4,302,0,33,319,4,356,564,0,564,920
08/20/2004,HIO,OR,ANM,WE,Towers with Display (VFR),0,18,37,0,55,0,17,306,0,323,0,35,343,0,378,516,0,516,894
08/21/2004,HIO,OR,ANM,WE,Towers with Display (VFR),0,2,26,0,28,0,0,201,0,201,0,2,227,0,229,501,0,501,730
08/22/2004,HIO,OR,ANM,WE,Towers with Display (VFR),0,11,43,0,54,0,0,62,0,62,0,11,105,0,116,92,0,92,208
08/23/2004,HIO,OR,ANM,WE,Towers with Display (VFR),0,30,63,0,93,0,1,26,0,27,0,31,89,0,120,186,0,186,306
08/24/2004,HIO,OR,ANM,WE,Towers with Display (VFR),0,22,47,0,69,0,3,78,0,81,0,25,125,0,150,396,0,396,546
08/25/2004,HIO,OR,ANM,WE,Towers with Display (VFR),0,20,42,0,62,0,10,61,0,71,0,30,103,0,133,485,0,485,618
08/26/2004,HIO,OR,ANM,WE,Towers with Display (VFR),0,28,58,1,87,0,7,103,1,111,0,35,161,2,198,519,0,519,717
08/27/2004,HIO,OR,ANM,WE,Towers with Display (VFR),0,19,41,0,60,0,7,275,0,282,0,26,316,0,342,558,0,558,900
08/28/2004,HIO,OR,ANM,WE,Towers with Display (VFR),0,9,18,0,27,0,0,232,0,232,0,9,250,0,259,371,0,371,630
08/29/2004,HIO,OR,ANM,WE,Towers with Display (VFR),0,23,48,0,71,0,16,208,0,224,0,39,256,0,295,180,0,180,475
08/30/2004,HIO,OR,ANM,WE,Towers with Display (VFR),0,19,42,0,61,0,13,243,0,256,0,32,285,0,317,542,0,542,859
08/31/2004,HIO,OR,ANM,WE,Towers with Display (VFR),0,18,36,0,54,0,25,258,0,283,0,43,294,0,337,425,0,425,762
09/01/2004,HIO,OR,ANM,WE,Towers with Display (VFR),0,19,38,0,57,0,7,156,2,165,0,26,194,2,222,484,0,484,706
09/02/2004,HIO,OR,ANM,WE,Towers with Display (VFR),0,25,52,0,77,0,18,182,0,200,0,43,234,0,277,392,0,392,669
09/03/2004,HIO,OR,ANM,WE,Towers with Display (VFR),0,11,27,0,38,0,0,275,0,275,0,11,302,0,313,586,0,586,899
09/04/2004,HIO,OR,ANM,WE,Towers with Display (VFR),0,8,20,0,28,0,0,199,0,199,0,8,219,0,227,381,0,381,608
09/05/2004,HIO,OR,ANM,WE,Towers with Display (VFR),0,5,9,0,14,0,2,199,0,201,0,7,208,0,215,276,0,276,491
09/06/2004,HIO,OR,ANM,WE,Towers with Display (VFR),0,8,17,0,25,0,0,315,0,315,0,8,332,0,340,553,0,553,893
09/07/2004,HIO,OR,ANM,WE,Towers with Display (VFR),0,15,32,0,47,0,16,249,0,265,0,31,281,0,312,476,0,476,788
09/08/2004,HIO,OR,ANM,WE,Towers with Display (VFR),0,18,36,0,54,0,19,243,2,264,0,37,279,2,318,495,0,495,813
09/09/2004,HIO,OR,ANM,WE,Towers with Display (VFR),0,17,35,0,52,0,17,228,0,245,0,34,263,0,297,468,0,468,765
09/10/2004,HIO,OR,ANM,WE,Towers with Display (VFR),0,17,35,0,52,0,2,198,2,202,0,19,233,2,254,424,0,424,678
09/11/2004,HIO,OR,ANM,WE,Towers with Display (VFR),0,7,23,0,30,0,0,199,9,208,0,7,222,9,238,501,0,501,739
09/12/2004,HIO,OR,ANM,WE,Towers with Display (VFR),0,10,23,0,33,0,0,165,0,165,0,10,188,0,198,324,0,324,522
09/13/2004,HIO,OR,ANM,WE,Towers with Display (VFR),0,18,38,1,57,0,35,137,2,174,0,53,175,3,231,400,0,400,631
09/14/2004,HIO,OR,ANM,WE,Towers with Display (VFR),0,23,51,0,74,0,8,137,0,145,0,31,188,0,219,353,0,353,572
09/15/2004,HIO,OR,ANM,WE,Towers with Display (VFR),0,19,41,0,60,0,14,89,0,103,0,33,130,0,163,399,8,407,570
09/16/2004,HIO,OR,ANM,WE,Towers with Display (VFR),0,23,52,0,75,0,16,152,2,170,0,39,204,2,245,463,0,463,708
09/17/2004,HIO,OR,ANM,WE,Towers with Display (VFR),0,13,31,0,44,0,10,42,0,52,0,23,73,0,96,521,0,521,617
09/18/2004,HIO,OR,ANM,WE,Towers with Display (VFR),0,7,16,0,23,0,3,36,0,39,0,10,52,0,62,231,0,231,293
09/19/2004,HIO,OR,ANM,WE,Towers with Display (VFR),0,9,21,0,30,0,1,85,0,86,0,10,106,0,116,333,0,333,449
09/20/2004,HIO,OR,ANM,WE,Towers with Display (VFR),0,15,34,0,49,0,12,263,0,275,0,27,297,0,324,366,0,366,690
09/21/2004,HIO,OR,ANM,WE,Towers with Display (VFR),0,16,35,0,51,0,15,286,0,301,0,31,321,0,352,436,0,436,788
09/22/2004,HIO,OR,ANM,WE,Towers with Display (VFR),0,17,38,0,55,0,8,189,2,199,0,25,227,2,254,369,0,369,623
09/23/2004,HIO,OR,ANM,WE,Towers with Display (VFR),0,18,41,0,59,0,16,234,4,254,0,34,275,4,313,416,0,416,729
09/24/2004,HIO,OR,ANM,WE,Towers with Display (VFR),0,14,32,0,46,0,15,263,0,278,0,29,295,0,324,378,0,378,702
09/25/2004,HIO,OR,ANM,WE,Towers with Display (VFR),0,5,25,0,30,0,0,261,1,262,0,5,286,1,292,494,0,494,786
09/26/2004,HIO,OR,ANM,WE,Towers with Display (VFR),0,8,26,0,34,0,0,220,0,220,0,8,246,0,254,226,0,226,480
09/27/2004,HIO,OR,ANM,WE,Towers with Display (VFR),0,13,29,0,42,0,6,211,4,221,0,19,240,4,263,437,0,437,700
09/28/2004,HIO,OR,ANM,WE,Towers with Display (VFR),0,17,39,0,56,0,13,246,0,259,0,30,285,0,315,499,0,499,814
09/29/2004,HIO,OR,ANM,WE,Towers with Display (VFR),0,23,51,0,74,0,3,213,0,216,0,26,264,0,290,567,0,567,857
09/30/2004,HIO,OR,ANM,WE,Towers with Display (VFR),0,0,0,0,0,0,29,281,0,310,0,29,281,0,310,567,0,567,877
10/01/2004,HIO,OR,ANM,WE,Towers with Display (VFR),0,23,37,0,60,0,24,253,2,279,0,47,290,2,339,440,0,440,779
10/02/2004,HIO,OR,ANM,WE,Towers with Display (VFR),0,6,31,0,37,0,10,329,0,339,0,16,360,0,376,381,0,381,757
10/03/2004,HIO,OR,ANM,WE,Towers with Display (VFR),0,2,22,0,24,0,5,194,0,199,0,7,216,0,223,345,0,345,568
10/04/2004,HIO,OR,ANM,WE,Towers with Display (VFR),0,15,26,0,41,0,8,217,0,225,0,23,243,0,266,370,0,370,636
10/05/2004,HIO,OR,ANM,WE,Towers with Display (VFR),0,17,27,0,44,0,7,217,0,224,0,24,244,0,268,463,0,463,731
10/06/2004,HIO,OR,ANM,WE,Towers with Display (VFR),0,20,45,0,65,0,7,164,0,171,0,27,209,0,236,560,0,560,796
10/07/2004,HIO,OR,ANM,WE,Towers with Display (VFR),0,21,26,0,47,0,12,191,0,203,0,33,217,0,250,549,0,549,799
10/08/2004,HIO,OR,ANM,WE,Towers with Display (VFR),0,19,44,0,63,0,0,59,0,59,0,19,103,0,122,236,0,236,358
10/09/2004,HIO,OR,ANM,WE,Towers with Display (VFR),0,6,28,0,34,0,1,55,0,56,0,7,83,0,90,282,0,282,372
10/10/2004,HIO,OR,ANM,WE,Towers with Display (VFR),0,4,41,0,45,0,8,120,0,128,0,12,161,0,173,189,0,189,362
10/11/2004,HIO,OR,ANM,WE,Towers with Display (VFR),0,24,33,0,57,0,12,258,0,270,0,36,291,0,327,474,0,474,801
10/12/2004,HIO,OR,ANM,WE,Towers with Display (VFR),0,27,25,0,52,0,12,192,0,204,0,39,217,0,256,474,0,474,730
10/13/2004,HIO,OR,ANM,WE,Towers with Display (VFR),0,24,35,0,59,0,1,231,0,232,0,25,266,0,291,486,0,486,777
10/14/2004,HIO,OR,ANM,WE,Towers with Display (VFR),0,25,34,0,59,0,7,291,0,298,0,32,325,0,357,509,0,509,866
10/15/2004,HIO,OR,ANM,WE,Towers with Display (VFR),0,21,44,0,65,0,8,182,0,190,0,29,226,0,255,674,0,674,929
10/16/2004,HIO,OR,ANM,WE,Towers with Display (VFR),0,1,40,0,41,0,1,91,0,92,0,2,131,0,133,440,0,440,573
10/17/2004,HIO,OR,ANM,WE,Towers with Display (VFR),0,4,25,0,29,0,1,70,0,71,0,5,95,0,100,213,0,213,313
10/18/2004,HIO,OR,ANM,WE,Towers with Display (VFR),0,19,41,0,60,0,5,35,0,40,0,24,76,0,100,340,0,340,440
10/19/2004,HIO,OR,ANM,WE,Towers with Display (VFR),0,24,32,0,56,0,13,112,2,127,0,37,144,2,183,511,0,511,694
10/20/2004,HIO,OR,ANM,WE,Towers with Display (VFR),0,20,33,4,57,0,17,210,2,229,0,37,243,6,286,460,0,460,746
10/21/2004,HIO,OR,ANM,WE,Towers with Display (VFR),0,19,28,0,47,0,15,169,0,184,0,34,197,0,231,519,0,519,750
10/22/2004,HIO,OR,ANM,WE,Towers with Display (VFR),0,20,61,0,81,0,5,57,0,62,0,25,118,0,143,348,0,348,491
10/23/2004,HIO,OR,ANM,WE,Towers with Display (VFR),0,1,38,0,39,0,1,145,0,146,0,2,183,0,185,454,0,454,639
10/24/2004,HIO,OR,ANM,WE,Towers with Display (VFR),0,5,64,0,69,0,4,102,0,106,0,9,166,0,175,182,0,182,357
10/25/2004,HIO,OR,ANM,WE,Towers with Display (VFR),0,22,63,0,85,0,4,104,0,108,0,26,167,0,193,523,0,523,716
10/26/2004,HIO,OR,ANM,WE,Towers with Display (VFR),0,20,44,0,64,0,8,140,0,148,0,28,184,0,212,449,0,449,661
10/27/2004,HIO,OR,ANM,WE,Towers with Display (VFR),0,25,41,2,68,0,13,238,3,254,0,38,279,5,322,473,0,473,795
10/28/2004,HIO,OR,ANM,WE,Towers with Display (VFR),0,30,55,0,85,0,0,38,0,38,0,30,93,0,123,262,0,262,385
10/29/2004,HIO,OR,ANM,WE,Towers with Display (VFR),0,24,69,0,93,0,12,72,2,86,0,36,141,2,179,297,0,297,476
10/30/2004,HIO,OR,ANM,WE,Towers with Display (VFR),0,0,28,0,28,0,3,149,0,152,0,3,177,0,180,378,0,378,558
10/31/2004,HIO,OR,ANM,WE,Towers with Display (VFR),0,1,23,0,24,0,8,181,0,189,0,9,204,0,213,300,0,300,513
11/01/2004,HIO,OR,ANM,WE,Towers with Radar,0,25,64,0,89,0,0,18,0,18,0,25,82,0,107,168,0,168,275
11/02/2004,HIO,OR,ANM,WE,Towers with Radar,0,20,39,0,59,0,10,33,0,43,0,30,72,0,102,207,0,207,309
11/03/2004,HIO,OR,ANM,WE,Towers with Radar,0,16,40,0,56,0,8,175,0,183,0,24,215,0,239,367,0,367,606
11/04/2004,HIO,OR,ANM,WE,Towers with Radar,0,20,59,0,79,0,16,238,0,254,0,36,297,0,333,543,0,543,876
11/05/2004,HIO,OR,ANM,WE,Towers with Radar,0,20,33,0,53,0,16,314,0,330,0,36,347,0,383,438,0,438,821
11/06/2004,HIO,OR,ANM,WE,Towers with Radar,0,2,35,0,37,0,2,147,0,149,0,4,182,0,186,442,0,442,628
11/07/2004,HIO,OR,ANM,WE,Towers with Radar,0,4,28,0,32,0,3,181,0,184,0,7,209,0,216,314,0,314,530
11/08/2004,HIO,OR,ANM,WE,Towers with Radar,0,7,53,0,60,0,0,6,0,6,0,7,59,0,66,78,0,78,144
11/09/2004,HIO,OR,ANM,WE,Towers with Radar,0,21,55,0,76,0,0,26,0,26,0,21,81,0,102,182,0,182,284
11/10/2004,HIO,OR,ANM,WE,Towers with Radar,0,26,52,0,78,0,15,185,0,200,0,41,237,0,278,495,0,495,773
11/11/2004,HIO,OR,ANM,WE,Towers with Radar,0,23,44,0,67,0,11,260,0,271,0,34,304,0,338,537,0,537,875
11/12/2004,HIO,OR,ANM,WE,Towers with Radar,0,14,43,0,57,0,0,0,0,0,0,14,43,0,57,12,0,12,69
11/13/2004,HIO,OR,ANM,WE,Towers with Radar,0,1,33,0,34,0,1,6,0,7,0,2,39,0,41,22,0,22,63
11/14/2004,HIO,OR,ANM,WE,Towers with Radar,0,3,40,0,43,0,0,192,0,192,0,3,232,0,235,379,0,379,614
11/15/2004,HIO,OR,ANM,WE,Towers with Radar,0,26,50,3,79,0,6,5,0,11,0,32,55,3,90,154,0,154,244
11/16/2004,HIO,OR,ANM,WE,Towers with Radar,0,26,31,1,58,0,8,79,1,88,0,34,110,2,146,288,0,288,434
11/17/2004,HIO,OR,ANM,WE,Towers with Radar,0,34,73,0,107,0,5,97,0,102,0,39,170,0,209,379,0,379,588
11/18/2004,HIO,OR,ANM,WE,Towers with Radar,0,23,43,0,66,0,13,189,0,202,0,36,232,0,268,467,0,467,735
11/19/2004,HIO,OR,ANM,WE,Towers with Radar,0,19,44,0,63,0,13,191,0,204,0,32,235,0,267,483,0,483,750
11/20/2004,HIO,OR,ANM,WE,Towers with Radar,0,2,33,1,36,0,2,241,0,243,0,4,274,1,279,518,0,518,797
11/21/2004,HIO,OR,ANM,WE,Towers with Radar,0,3,33,0,36,0,11,218,0,229,0,14,251,0,265,433,0,433,698
11/22/2004,HIO,OR,ANM,WE,Towers with Radar,0,9,104,2,115,0,0,16,0,16,0,9,120,2,131,185,0,185,316
11/23/2004,HIO,OR,ANM,WE,Towers with Radar,0,2,72,6,80,0,0,14,0,14,0,2,86,6,94,58,0,58,152
11/24/2004,HIO,OR,ANM,WE,Towers with Radar,0,9,59,0,68,0,12,83,0,95,0,21,142,0,163,428,0,428,591
11/25/2004,HIO,OR,ANM,WE,Towers with Radar,0,5,9,0,14,0,7,59,0,66,0,12,68,0,80,64,0,64,144
11/26/2004,HIO,OR,ANM,WE,Towers with Radar,0,2,10,0,12,0,0,3,0,3,0,2,13,0,15,0,0,0,15
11/27/2004,HIO,OR,ANM,WE,Towers with Radar,0,2,27,0,29,0,2,60,0,62,0,4,87,0,91,298,0,298,389
11/28/2004,HIO,OR,ANM,WE,Towers with Radar,0,0,51,0,51,0,0,0,0,0,0,0,51,0,51,0,0,0,51
11/29/2004,HIO,OR,ANM,WE,Towers with Radar,0,26,73,0,99,0,0,0,0,0,0,26,73,0,99,34,0,34,133
11/30/2004,HIO,OR,ANM,WE,Towers with Radar,0,25,40,0,65,0,0,5,0,5,0,25,45,0,70,36,0,36,106
12/01/2004,HIO,OR,ANM,WE,Towers with Radar,0,21,47,0,68,0,0,122,0,122,0,21,169,0,190,358,0,358,548
12/02/2004,HIO,OR,ANM,WE,Towers with Radar,0,14,27,0,41,0,0,1,0,1,0,14,28,0,42,6,0,6,48
12/03/2004,HIO,OR,ANM,WE,Towers with Radar,0,23,59,0,82,0,1,0,0,1,0,24,59,0,83,125,0,125,208
12/04/2004,HIO,OR,ANM,WE,Towers with Radar,0,1,38,0,39,0,0,48,0,48,0,1,86,0,87,226,0,226,313
12/05/2004,HIO,OR,ANM,WE,Towers with Radar,0,1,21,0,22,0,3,76,0,79,0,4,97,0,101,285,0,285,386
12/06/2004,HIO,OR,ANM,WE,Towers with Radar,0,15,44,0,59,0,5,64,0,69,0,20,108,0,128,485,0,485,613
12/07/2004,HIO,OR,ANM,WE,Towers with Radar,0,18,33,0,51,0,5,12,0,17,0,23,45,0,68,114,0,114,182
12/08/2004,HIO,OR,ANM,WE,Towers with Radar,0,23,39,0,62,0,5,123,0,128,0,28,162,0,190,416,0,416,606
12/09/2004,HIO,OR,ANM,WE,Towers with Radar,0,20,39,2,61,0,0,8,0,8,0,20,47,2,69,0,0,0,69
12/10/2004,HIO,OR,ANM,WE,Towers with Radar,0,21,39,0,60,0,5,99,0,104,0,26,138,0,164,453,0,453,617
12/11/2004,HIO,OR,ANM,WE,Towers with Radar,0,3,36,0,39,0,0,224,0,224,0,3,260,0,263,352,0,352,615
12/12/2004,HIO,OR,ANM,WE,Towers with Radar,0,1,18,0,19,0,1,41,0,42,0,2,59,0,61,11,0,11,72
12/13/2004,HIO,OR,ANM,WE,Towers with Radar,0,19,53,0,72,0,0,126,2,128,0,19,179,2,200,532,0,532,732
12/14/2004,HIO,OR,ANM,WE,Towers with Radar,0,20,32,0,52,0,9,146,0,155,0,29,178,0,207,575,0,575,782
12/15/2004,HIO,OR,ANM,WE,Towers with Radar,0,26,59,0,85,0,0,76,0,76,0,26,135,0,161,196,0,196,357
12/16/2004,HIO,OR,ANM,WE,Towers with Radar,0,19,31,0,50,0,2,178,0,180,0,21,209,0,230,395,0,395,625
12/17/2004,HIO,OR,ANM,WE,Towers with Radar,0,18,34,0,52,0,11,193,0,204,0,29,227,0,256,557,0,557,813
12/18/2004,HIO,OR,ANM,WE,Towers with Radar,0,0,34,0,34,0,2,269,0,271,0,2,303,0,305,357,0,357,662
12/19/2004,HIO,OR,ANM,WE,Towers with Radar,0,1,33,0,34,0,4,44,0,48,0,5,77,0,82,245,0,245,327
12/20/2004,HIO,OR,ANM,WE,Towers with Radar,0,8,35,0,43,0,2,79,0,81,0,10,114,0,124,280,0,280,404
12/21/2004,HIO,OR,ANM,WE,Towers with Radar,0,3,33,0,36,0,2,40,0,42,0,5,73,0,78,251,0,251,329
12/22/2004,HIO,OR,ANM,WE,Towers with Radar,0,7,33,0,40,0,1,13,0,14,0,8,46,0,54,70,0,70,124
12/23/2004,HIO,OR,ANM,WE,Towers with Radar,0,4,40,0,44,0,4,115,0,119,0,8,155,0,163,322,0,322,485
12/24/2004,HIO,OR,ANM,WE,Towers with Radar,0,0,8,0,8,0,0,0,0,0,0,0,8,0,8,0,0,0,8
12/25/2004,HIO,OR,ANM,WE,Towers with Radar,0,1,7,0,8,0,1,5,0,6,0,2,12,0,14,32,0,32,46
12/26/2004,HIO,OR,ANM,WE,Towers with Radar,0,3,21,0,24,0,0,80,0,80,0,3,101,0,104,284,0,284,388
12/27/2004,HIO,OR,ANM,WE,Towers with Radar,0,2,30,1,33,0,4,151,0,155,0,6,181,1,188,272,0,272,460
12/28/2004,HIO,OR,ANM,WE,Towers with Radar,0,8,37,0,45,0,3,212,0,215,0,11,249,0,260,568,0,568,828
12/29/2004,HIO,OR,ANM,WE,Towers with Radar,0,5,23,0,28,0,1,3,0,4,0,6,26,0,32,0,0,0,32
12/30/2004,HIO,OR,ANM,WE,Towers with Radar,0,2,33,0,35,0,12,83,0,95,0,14,116,0,130,323,0,323,453
12/31/2004,HIO,OR,ANM,WE,Towers with Radar,0,3,27,0,30,0,9,49,0,58,0,12,76,0,88,166,0,166,254
01/01/2005,HIO,OR,ANM,WE,Towers with Radar,0,2,10,0,12,0,4,30,0,34,0,6,40,0,46,77,0,77,123
01/02/2005,HIO,OR,ANM,WE,Towers with Radar,0,2,26,0,28,0,9,200,0,209,0,11,226,0,237,370,0,370,607
01/03/2005,HIO,OR,ANM,WE,Towers with Radar,0,4,37,0,41,0,7,180,0,187,0,11,217,0,228,390,0,390,618
01/04/2005,HIO,OR,ANM,WE,Towers with Radar,0,2,29,0,31,0,13,54,0,67,0,15,83,0,98,38,0,38,136
01/05/2005,HIO,OR,ANM,WE,Towers with Radar,0,7,35,0,42,0,26,242,0,268,0,33,277,0,310,507,0,507,817
01/06/2005,HIO,OR,ANM,WE,Towers with Radar,0,8,21,0,29,0,10,106,0,116,0,18,127,0,145,431,0,431,576
01/07/2005,HIO,OR,ANM,WE,Towers with Radar,0,0,13,0,13,0,14,53,0,67,0,14,66,0,80,440,0,440,520
01/08/2005,HIO,OR,ANM,WE,Towers with Radar,0,3,10,0,13,0,2,40,0,42,0,5,50,0,55,140,0,140,195
01/09/2005,HIO,OR,ANM,WE,Towers with Radar,0,3,31,0,34,0,2,151,0,153,0,5,182,0,187,352,0,352,539
01/10/2005,HIO,OR,ANM,WE,Towers with Radar,0,12,33,0,45,0,3,174,0,177,0,15,207,0,222,390,0,390,612
01/11/2005,HIO,OR,ANM,WE,Towers with Radar,0,20,32,0,52,0,5,150,0,155,0,25,182,0,207,295,0,295,502
01/12/2005,HIO,OR,ANM,WE,Towers with Radar,0,19,46,0,65,0,8,32,0,40,0,27,78,0,105,234,0,234,339
01/13/2005,HIO,OR,ANM,WE,Towers with Radar,0,12,27,0,39,0,7,80,0,87,0,19,107,0,126,304,0,304,430
01/14/2005,HIO,OR,ANM,WE,Towers with Radar,0,13,52,0,65,0,8,199,0,207,0,21,251,0,272,395,0,395,667
01/15/2005,HIO,OR,ANM,WE,Towers with Radar,0,0,0,0,0,0,0,1,0,1,0,0,1,0,1,11,0,11,12
01/16/2005,HIO,OR,ANM,WE,Towers with Radar,0,5,19,0,24,0,4,23,0,27,0,9,42,0,51,175,0,175,226
01/17/2005,HIO,OR,ANM,WE,Towers with Radar,0,19,45,0,64,0,2,6,0,8,0,21,51,0,72,72,0,72,144
01/18/2005,HIO,OR,ANM,WE,Towers with Radar,0,21,48,0,69,0,9,62,0,71,0,30,110,0,140,292,0,292,432
01/19/2005,HIO,OR,ANM,WE,Towers with Radar,0,24,33,0,57,0,15,240,0,255,0,39,273,0,312,411,0,411,723
01/20/2005,HIO,OR,ANM,WE,Towers with Radar,0,23,42,0,65,0,13,144,0,157,0,36,186,0,222,494,0,494,716
01/21/2005,HIO,OR,ANM,WE,Towers with Radar,0,10,20,0,30,0,2,5,0,7,0,12,25,0,37,4,0,4,41
01/22/2005,HIO,OR,ANM,WE,Towers with Radar,0,3,33,0,36,0,6,199,0,205,0,9,232,0,241,315,0,315,556
01/23/2005,HIO,OR,ANM,WE,Towers with Radar,0,1,31,0,32,0,6,148,0,154,0,7,179,0,186,362,0,362,548
01/24/2005,HIO,OR,ANM,WE,Towers with Radar,0,18,28,0,46,0,0,77,0,77,0,18,105,0,123,161,0,161,284
01/25/2005,HIO,OR,ANM,WE,Towers with Radar,0,17,47,0,64,0,1,133,0,134,0,18,180,0,198,306,0,306,504
01/26/2005,HIO,OR,ANM,WE,Towers with Radar,0,29,32,0,61,0,17,151,0,168,0,46,183,0,229,459,0,459,688
01/27/2005,HIO,OR,ANM,WE,Towers with Radar,0,23,60,0,83,0,4,95,0,99,0,27,155,0,182,254,0,254,436
01/28/2005,HIO,OR,ANM,WE,Towers with Radar,0,22,45,0,67,0,22,139,0,161,0,44,184,0,228,367,0,367,595
01/29/2005,HIO,OR,ANM,WE,Towers with Radar,0,1,48,0,49,0,5,40,0,45,0,6,88,0,94,255,0,255,349
01/30/2005,HIO,OR,ANM,WE,Towers with Radar,0,3,38,0,41,0,1,208,1,210,0,4,246,1,251,394,0,394,645
01/31/2005,HIO,OR,ANM,WE,Towers with Radar,0,23,47,0,70,0,4,69,0,73,0,27,116,0,143,340,0,340,483
02/01/2005,HIO,OR,ANM,WE,Towers with Radar,0,31,57,0,88,0,8,16,0,24,0,39,73,0,112,87,0,87,199
02/02/2005,HIO,OR,ANM,WE,Towers with Radar,0,19,33,0,52,0,7,92,0,99,0,26,125,0,151,271,0,271,422
02/03/2005,HIO,OR,ANM,WE,Towers with Radar,0,18,36,0,54,0,5,65,0,70,0,23,101,0,124,273,0,273,397
02/04/2005,HIO,OR,ANM,WE,Towers with Radar,0,18,33,0,51,0,4,50,0,54,0,22,83,0,105,243,0,243,348
02/05/2005,HIO,OR,ANM,WE,Towers with Radar,0,3,18,0,21,0,2,196,0,198,0,5,214,0,219,485,0,485,704
02/06/2005,HIO,OR,ANM,WE,Towers with Radar,0,3,14,0,17,0,0,11,0,11,0,3,25,0,28,178,0,178,206
02/07/2005,HIO,OR,ANM,WE,Towers with Radar,0,23,56,0,79,0,5,113,0,118,0,28,169,0,197,260,0,260,457
02/08/2005,HIO,OR,ANM,WE,Towers with Radar,0,11,31,0,42,0,8,122,0,130,0,19,153,0,172,305,0,305,477
02/09/2005,HIO,OR,ANM,WE,Towers with Radar,0,22,48,0,70,0,9,163,0,172,0,31,211,0,242,430,0,430,672
02/10/2005,HIO,OR,ANM,WE,Towers with Radar,0,21,41,0,62,0,10,238,0,248,0,31,279,0,310,505,0,505,815
02/11/2005,HIO,OR,ANM,WE,Towers with Radar,0,21,24,0,45,0,18,223,0,241,0,39,247,0,286,535,0,535,821
02/12/2005,HIO,OR,ANM,WE,Towers with Radar,0,4,26,0,30,0,0,12,0,12,0,4,38,0,42,14,0,14,56
02/13/2005,HIO,OR,ANM,WE,Towers with Radar,0,1,25,0,26,0,0,210,0,210,0,1,235,0,236,620,0,620,856
02/14/2005,HIO,OR,ANM,WE,Towers with Radar,0,10,28,0,38,0,8,97,0,105,0,18,125,0,143,202,0,202,345
02/15/2005,HIO,OR,ANM,WE,Towers with Radar,0,21,27,0,48,0,8,201,0,209,0,29,228,0,257,304,0,304,561
02/16/2005,HIO,OR,ANM,WE,Towers with Radar,0,27,39,0,66,0,6,147,0,153,0,33,186,0,219,88,0,88,307
02/17/2005,HIO,OR,ANM,WE,Towers with Radar,0,23,38,0,61,0,13,206,1,220,0,36,244,1,281,454,0,454,735
02/18/2005,HIO,OR,ANM,WE,Towers with Radar,0,21,39,0,60,0,12,201,0,213,0,33,240,0,273,438,0,438,711
02/19/2005,HIO,OR,ANM,WE,Towers with Radar,0,1,11,0,12,0,2,31,0,33,0,3,42,0,45,0,0,0,45
02/20/2005,HIO,OR,ANM,WE,Towers with Radar,0,2,36,0,38,0,5,176,0,181,0,7,212,0,219,249,0,249,468
02/21/2005,HIO,OR,ANM,WE,Towers with Radar,0,0,38,0,38,0,8,231,1,240,0,8,269,1,278,352,0,352,630
02/22/2005,HIO,OR,ANM,WE,Towers with Radar,0,28,37,0,65,0,26,157,1,184,0,54,194,1,249,367,0,367,616
02/23/2005,HIO,OR,ANM,WE,Towers with Radar,0,9,0,0,9,0,1845,0,0,1845,0,1854,0,0,1854,0,0,0,1854
02/24/2005,HIO,OR,ANM,WE,Towers with Radar,0,21,35,0,56,0,12,207,0,219,0,33,242,0,275,393,0,393,668
02/25/2005,HIO,OR,ANM,WE,Towers with Radar,0,21,38,0,59,0,8,102,0,110,0,29,140,0,169,471,0,471,640
02/26/2005,HIO,OR,ANM,WE,Towers with Radar,0,0,38,0,38,0,1,150,0,151,0,1,188,0,189,427,0,427,616
02/27/2005,HIO,OR,ANM,WE,Towers with Radar,0,3,43,0,46,0,7,216,2,225,0,10,259,2,271,420,0,420,691
02/28/2005,HIO,OR,ANM,WE,Towers with Radar,0,21,28,0,49,0,15,39,0,54,0,36,67,0,103,82,0,82,185
03/01/2005,HIO,OR,ANM,WE,Towers with Radar,0,25,29,0,54,0,8,164,0,172,0,33,193,0,226,367,0,367,593
03/02/2005,HIO,OR,ANM,WE,Towers with Radar,0,0,0,0,0,0,20,49,0,69,0,20,49,0,69,0,0,0,69
03/03/2005,HIO,OR,ANM,WE,Towers with Radar,0,16,46,0,62,0,9,149,0,158,0,25,195,0,220,320,0,320,540
03/04/2005,HIO,OR,ANM,WE,Towers with Radar,0,21,41,0,62,0,15,168,0,183,0,36,209,0,245,440,0,440,685
03/05/2005,HIO,OR,ANM,WE,Towers with Radar,0,2,36,0,38,0,4,87,0,91,0,6,123,0,129,144,0,144,273
03/06/2005,HIO,OR,ANM,WE,Towers with Radar,0,1,36,0,37,0,6,255,0,261,0,7,291,0,298,258,0,258,556
03/07/2005,HIO,OR,ANM,WE,Towers with Radar,0,19,34,0,53,0,17,212,2,231,0,36,246,2,284,457,0,457,741
03/08/2005,HIO,OR,ANM,WE,Towers with Radar,0,17,24,0,41,0,3,174,0,177,0,20,198,0,218,467,0,467,685
03/09/2005,HIO,OR,ANM,WE,Towers with Radar,0,20,35,0,55,0,14,192,0,206,0,34,227,0,261,541,0,541,802
03/10/2005,HIO,OR,ANM,WE,Towers with Radar,0,18,28,0,46,0,6,195,4,205,0,24,223,4,251,322,4,326,577
03/11/2005,HIO,OR,ANM,WE,Towers with Radar,0,19,32,0,51,0,12,223,0,235,0,31,255,0,286,475,0,475,761
03/12/2005,HIO,OR,ANM,WE,Towers with Radar,0,1,27,0,28,0,2,252,3,257,0,3,279,3,285,416,0,416,701
03/13/2005,HIO,OR,ANM,WE,Towers with Radar,0,0,29,0,29,0,4,185,0,189,0,4,214,0,218,411,0,411,629
03/14/2005,HIO,OR,ANM,WE,Towers with Radar,0,18,13,0,31,0,17,190,0,207,0,35,203,0,238,476,0,476,714
03/15/2005,HIO,OR,ANM,WE,Towers with Radar,0,19,22,0,41,0,0,185,0,185,0,19,207,0,226,351,0,351,577
03/16/2005,HIO,OR,ANM,WE,Towers with Radar,0,21,33,0,54,0,4,64,0,68,0,25,97,0,122,254,0,254,376
03/17/2005,HIO,OR,ANM,WE,Towers with Radar,0,23,54,0,77,0,13,158,0,171,0,36,212,0,248,558,0,558,806
03/18/2005,HIO,OR,ANM,WE,Towers with Radar,0,21,45,0,66,0,6,161,0,167,0,27,206,0,233,597,0,597,830
03/19/2005,HIO,OR,ANM,WE,Towers with Radar,0,2,29,0,31,0,0,9,0,9,0,2,38,0,40,90,0,90,130
03/20/2005,HIO,OR,ANM,WE,Towers with Radar,0,2,7,0,9,0,2,21,6,29,0,4,28,6,38,14,0,14,52
03/21/2005,HIO,OR,ANM,WE,Towers with Radar,0,21,46,0,67,0,9,106,0,115,0,30,152,0,182,398,0,398,580
03/22/2005,HIO,OR,ANM,WE,Towers with Radar,0,24,34,0,58,0,3,110,0,113,0,27,144,0,171,299,0,299,470
03/23/2005,HIO,OR,ANM,WE,Towers with Radar,0,20,35,0,55,0,12,57,0,69,0,32,92,0,124,369,0,369,493
03/24/2005,HIO,OR,ANM,WE,Towers with Radar,0,22,39,0,61,0,13,104,0,117,0,35,143,0,178,602,0,602,780
03/25/2005,HIO,OR,ANM,WE,Towers with Radar,0,21,39,0,60,0,14,162,0,176,0,35,201,0,236,578,0,578,814
03/26/2005,HIO,OR,ANM,WE,Towers with Radar,0,4,33,0,37,0,1,15,0,16,0,5,48,0,53,55,0,55,108
03/27/2005,HIO,OR,ANM,WE,Towers with Radar,0,4,34,0,38,0,1,1,0,2,0,5,35,0,40,69,0,69,109
03/28/2005,HIO,OR,ANM,WE,Towers with Radar,0,19,35,0,54,0,9,55,0,64,0,28,90,0,118,360,0,360,478
03/29/2005,HIO,OR,ANM,WE,Towers with Radar,0,19,18,0,37,0,7,52,0,59,0,26,70,0,96,130,0,130,226
03/30/2005,HIO,OR,ANM,WE,Towers with Radar,0,17,45,0,62,0,14,130,15,159,0,31,175,15,221,487,0,487,708
03/31/2005,HIO,OR,ANM,WE,Towers with Radar,0,17,37,0,54,0,10,223,0,233,0,27,260,0,287,468,5,473,760
04/01/2005,HIO,OR,ANM,WE,Towers with Radar,0,18,37,0,55,0,18,137,0,155,0,36,174,0,210,357,0,357,567
04/02/2005,HIO,OR,ANM,WE,Towers with Radar,0,0,0,0,0,0,0,37,0,37,0,0,37,0,37,0,0,0,37
04/03/2005,HIO,OR,ANM,WE,Towers with Radar,0,3,18,0,21,0,9,51,0,60,0,12,69,0,81,305,0,305,386
04/04/2005,HIO,OR,ANM,WE,Towers with Radar,0,19,55,3,77,0,15,120,1,136,0,34,175,4,213,437,0,437,650
04/05/2005,HIO,OR,ANM,WE,Towers with Radar,0,28,31,0,59,0,9,150,0,159,0,37,181,0,218,439,0,439,657
04/06/2005,HIO,OR,ANM,WE,Towers with Radar,0,23,20,0,43,0,5,193,0,198,0,28,213,0,241,418,0,418,659
04/07/2005,HIO,OR,ANM,WE,Towers with Radar,0,23,69,0,92,0,6,43,0,49,0,29,112,0,141,215,0,215,356
04/08/2005,HIO,OR,ANM,WE,Towers with Radar,0,17,37,0,54,0,15,147,0,162,0,32,184,0,216,375,0,375,591
04/09/2005,HIO,OR,ANM,WE,Towers with Radar,0,0,28,0,28,0,5,231,0,236,0,5,259,0,264,490,0,490,754
04/10/2005,HIO,OR,ANM,WE,Towers with Radar,0,0,22,0,22,0,2,143,0,145,0,2,165,0,167,274,0,274,441
04/11/2005,HIO,OR,ANM,WE,Towers with Radar,0,25,26,0,51,0,9,103,0,112,0,34,129,0,163,342,0,342,505
04/12/2005,HIO,OR,ANM,WE,Towers with Radar,0,28,14,0,42,0,13,26,0,39,0,41,40,0,81,123,0,123,204
04/13/2005,HIO,OR,ANM,WE,Towers with Radar,0,23,27,0,50,0,7,106,0,113,0,30,133,0,163,163,0,163,326
04/14/2005,HIO,OR,ANM,WE,Towers with Radar,0,26,32,0,58,0,8,168,0,176,0,34,200,0,234,363,0,363,597
04/15/2005,HIO,OR,ANM,WE,Towers with Radar,0,22,63,0,85,0,8,64,0,72,0,30,127,0,157,574,0,574,731
04/16/2005,HIO,OR,ANM,WE,Towers with Radar,0,5,23,0,28,0,4,96,4,104,0,9,119,4,132,316,0,316,448
04/17/2005,HIO,OR,ANM,WE,Towers with Radar,0,4,31,0,35,0,4,61,3,68,0,8,92,3,103,162,0,162,265
04/18/2005,HIO,OR,ANM,WE,Towers with Radar,0,25,30,0,55,0,9,136,0,145,0,34,166,0,200,438,0,438,638
04/19/2005,HIO,OR,ANM,WE,Towers with Radar,0,24,23,0,47,0,11,257,0,268,0,35,280,0,315,395,0,395,710
04/20/2005,HIO,OR,ANM,WE,Towers with Radar,0,24,38,0,62,0,9,217,0,226,0,33,255,0,288,624,0,624,912
04/21/2005,HIO,OR,ANM,WE,Towers with Radar,0,26,35,0,61,0,9,252,0,261,0,35,287,0,322,606,0,606,928
04/22/2005,HIO,OR,ANM,WE,Towers with Radar,0,20,33,0,53,0,10,217,0,227,0,30,250,0,280,284,0,284,564
04/23/2005,HIO,OR,ANM,WE,Towers with Radar,0,5,43,0,48,0,3,70,0,73,0,8,113,0,121,254,0,254,375
04/24/2005,HIO,OR,ANM,WE,Towers with Radar,0,6,30,0,36,0,3,133,0,136,0,9,163,0,172,436,0,436,608
04/25/2005,HIO,OR,ANM,WE,Towers with Radar,0,22,72,0,94,0,1,14,0,15,0,23,86,0,109,186,0,186,295
04/26/2005,HIO,OR,ANM,WE,Towers with Radar,0,23,25,0,48,0,6,196,0,202,0,29,221,0,250,486,0,486,736
04/27/2005,HIO,OR,ANM,WE,Towers with Radar,0,24,38,0,62,0,6,194,0,200,0,30,232,0,262,755,0,755,1017
04/28/2005,HIO,OR,ANM,WE,Towers with Radar,0,23,40,0,63,0,15,218,0,233,0,38,258,0,296,592,0,592,888
04/29/2005,HIO,OR,ANM,WE,Towers with Radar,0,22,52,0,74,0,8,101,0,109,0,30,153,0,183,438,0,438,621
04/30/2005,HIO,OR,ANM,WE,Towers with Radar,0,3,41,0,44,0,3,221,0,224,0,6,262,0,268,452,0,452,720
05/01/2005,HIO,OR,ANM,WE,Towers with Radar,0,3,19,0,22,0,8,164,0,172,0,11,183,0,194,289,0,289,483
05/02/2005,HIO,OR,ANM,WE,Towers with Radar,0,20,42,0,62,0,10,130,0,140,0,30,172,0,202,670,0,670,872
05/03/2005,HIO,OR,ANM,WE,Towers with Radar,0,28,45,0,73,0,12,230,0,242,0,40,275,0,315,444,0,444,759
05/04/2005,HIO,OR,ANM,WE,Towers with Radar,0,9,22,0,31,0,11,29,0,40,0,20,51,0,71,0,0,0,71
05/05/2005,HIO,OR,ANM,WE,Towers with Radar,0,25,51,0,76,0,6,139,0,145,0,31,190,0,221,540,0,540,761
05/06/2005,HIO,OR,ANM,WE,Towers with Radar,0,22,45,3,70,0,14,210,0,224,0,36,255,3,294,492,0,492,786
05/07/2005,HIO,OR,ANM,WE,Towers with Radar,0,4,35,0,39,0,8,185,0,193,0,12,220,0,232,488,0,488,720
05/08/2005,HIO,OR,ANM,WE,Towers with Radar,0,4,27,0,31,0,4,59,0,63,0,8,86,0,94,221,0,221,315
05/09/2005,HIO,OR,ANM,WE,Towers with Radar,0,26,47,0,73,0,4,9,0,13,0,30,56,0,86,26,0,26,112
05/10/2005,HIO,OR,ANM,WE,Towers with Radar,0,22,44,0,66,0,11,61,0,72,0,33,105,0,138,344,0,344,482
05/11/2005,HIO,OR,ANM,WE,Towers with Radar,0,24,45,0,69,0,8,175,0,183,0,32,220,0,252,679,0,679,931
05/12/2005,HIO,OR,ANM,WE,Towers with Radar,0,25,44,0,69,0,10,314,0,324,0,35,358,0,393,658,0,658,1051
05/13/2005,HIO,OR,ANM,WE,Towers with Radar,0,20,34,0,54,0,17,250,0,267,0,37,284,0,321,519,0,519,840
05/14/2005,HIO,OR,ANM,WE,Towers with Radar,0,2,49,0,51,0,3,95,0,98,0,5,144,0,149,462,0,462,611
05/15/2005,HIO,OR,ANM,WE,Towers with Radar,0,2,29,0,31,0,5,40,1,46,0,7,69,1,77,145,0,145,222
05/16/2005,HIO,OR,ANM,WE,Towers with Radar,0,24,36,0,60,0,8,140,0,148,0,32,176,0,208,500,0,500,708
05/17/2005,HIO,OR,ANM,WE,Towers with Radar,0,24,38,0,62,0,8,93,0,101,0,32,131,0,163,430,0,430,593
05/18/2005,HIO,OR,ANM,WE,Towers with Radar,0,19,41,0,60,0,10,75,0,85,0,29,116,0,145,237,0,237,382
05/19/2005,HIO,OR,ANM,WE,Towers with Radar,0,22,39,0,61,0,6,102,0,108,0,28,141,0,169,286,0,286,455
05/20/2005,HIO,OR,ANM,WE,Towers with Radar,0,19,44,0,63,0,10,112,0,122,0,29,156,0,185,513,0,513,698
05/21/2005,HIO,OR,ANM,WE,Towers with Radar,0,5,39,0,44,0,0,219,0,219,0,5,258,0,263,302,0,302,565
05/22/2005,HIO,OR,ANM,WE,Towers with Radar,0,6,37,0,43,0,1,112,0,113,0,7,149,0,156,192,0,192,348
05/23/2005,HIO,OR,ANM,WE,Towers with Radar,0,15,35,0,50,0,9,231,0,240,0,24,266,0,290,569,0,569,859
05/24/2005,HIO,OR,ANM,WE,Towers with Radar,0,20,32,0,52,0,19,216,0,235,0,39,248,0,287,492,0,492,779
05/25/2005,HIO,OR,ANM,WE,Towers with Radar,0,20,41,1,62,0,29,164,1,194,0,49,205,2,256,123,0,123,379
05/26/2005,HIO,OR,ANM,WE,Towers with Radar,0,26,43,0,69,0,18,191,0,209,0,44,234,0,278,290,0,290,568
05/27/2005,HIO,OR,ANM,WE,Towers with Radar,0,12,51,0,63,0,9,261,0,270,0,21,312,0,333,538,0,538,871
05/28/2005,HIO,OR,ANM,WE,Towers with Radar,0,0,25,0,25,0,3,251,2,256,0,3,276,2,281,367,0,367,648
05/29/2005,HIO,OR,ANM,WE,Towers with Radar,0,3,31,0,34,0,2,195,0,197,0,5,226,0,231,404,0,404,635
05/30/2005,HIO,OR,ANM,WE,Towers with Radar,0,2,62,0,64,0,5,212,0,217,0,7,274,0,281,447,0,447,728
05/31/2005,HIO,OR,ANM,WE,Towers with Radar,0,22,45,0,67,0,5,115,0,120,0,27,160,0,187,552,0,552,739
06/01/2005,HIO,OR,ANM,WE,Towers with Radar,0,25,55,0,80,0,9,109,6,124,0,34,164,6,204,506,0,506,710
06/02/2005,HIO,OR,ANM,WE,Towers with Radar,0,21,44,0,65,0,7,185,0,192,0,28,229,0,257,530,0,530,787
06/03/2005,HIO,OR,ANM,WE,Towers with Radar,0,24,25,0,49,0,3,226,0,229,0,27,251,0,278,550,0,550,828
06/04/2005,HIO,OR,ANM,WE,Towers with Radar,0,2,26,0,28,0,9,225,0,234,0,11,251,0,262,483,0,483,745
06/05/2005,HIO,OR,ANM,WE,Towers with Radar,0,0,43,0,43,0,2,35,2,39,0,2,78,2,82,90,0,90,172
06/06/2005,HIO,OR,ANM,WE,Towers with Radar,0,18,48,0,66,0,7,40,0,47,0,25,88,0,113,258,0,258,371
06/07/2005,HIO,OR,ANM,WE,Towers with Radar,0,21,39,0,60,0,1,80,0,81,0,22,119,0,141,400,0,400,541
06/08/2005,HIO,OR,ANM,WE,Towers with Radar,0,17,44,0,61,0,9,237,0,246,0,26,281,0,307,518,0,518,825
06/09/2005,HIO,OR,ANM,WE,Towers with Radar,0,24,37,0,61,0,6,328,0,334,0,30,365,0,395,549,0,549,944
06/10/2005,HIO,OR,ANM,WE,Towers with Radar,0,27,75,0,102,0,6,142,2,150,0,33,217,2,252,475,0,475,727
06/11/2005,HIO,OR,ANM,WE,Towers with Radar,0,4,29,0,33,0,2,98,0,100,0,6,127,0,133,380,0,380,513
06/12/2005,HIO,OR,ANM,WE,Towers with Radar,0,7,37,0,44,0,11,149,0,160,0,18,186,0,204,196,0,196,400
06/13/2005,HIO,OR,ANM,WE,Towers with Radar,0,17,23,0,40,0,7,192,0,199,0,24,215,0,239,416,0,416,655
06/14/2005,HIO,OR,ANM,WE,Towers with Radar,0,21,35,0,56,0,7,202,0,209,0,28,237,0,265,615,0,615,880
06/15/2005,HIO,OR,ANM,WE,Towers with Radar,0,24,43,0,67,0,5,292,0,297,0,29,335,0,364,456,0,456,820
06/16/2005,HIO,OR,ANM,WE,Towers with Radar,0,18,41,0,59,0,1,141,0,142,0,19,182,0,201,530,0,530,731
06/17/2005,HIO,OR,ANM,WE,Towers with Radar,0,18,39,0,57,0,9,108,0,117,0,27,147,0,174,435,0,435,609
06/18/2005,HIO,OR,ANM,WE,Towers with Radar,0,4,33,0,37,0,4,160,0,164,0,8,193,0,201,345,0,345,546
06/19/2005,HIO,OR,ANM,WE,Towers with Radar,0,7,21,0,28,0,13,266,0,279,0,20,287,0,307,384,0,384,691
06/20/2005,HIO,OR,ANM,WE,Towers with Radar,0,28,29,0,57,0,14,206,0,220,0,42,235,0,277,279,0,279,556
06/21/2005,HIO,OR,ANM,WE,Towers with Radar,0,21,40,0,61,0,10,171,0,181,0,31,211,0,242,494,0,494,736
06/22/2005,HIO,OR,ANM,WE,Towers with Radar,0,22,62,0,84,0,15,192,0,207,0,37,254,0,291,491,0,491,782
06/23/2005,HIO,OR,ANM,WE,Towers with Radar,0,20,40,0,60,0,15,267,0,282,0,35,307,0,342,500,0,500,842
06/24/2005,HIO,OR,ANM,WE,Towers with Radar,0,23,35,0,58,0,14,220,0,234,0,37,255,0,292,522,0,522,814
06/25/2005,HIO,OR,ANM,WE,Towers with Radar,0,0,16,0,16,0,1,27,0,28,0,1,43,0,44,0,0,0,44
06/26/2005,HIO,OR,ANM,WE,Towers with Radar,0,3,48,0,51,0,9,135,0,144,0,12,183,0,195,348,0,348,543
06/27/2005,HIO,OR,ANM,WE,Towers with Radar,0,23,63,0,86,0,4,24,0,28,0,27,87,0,114,0,0,0,114
06/28/2005,HIO,OR,ANM,WE,Towers with Radar,0,23,67,0,90,0,11,176,0,187,0,34,243,0,277,594,0,594,871
06/29/2005,HIO,OR,ANM,WE,Towers with Radar,0,24,64,0,88,0,13,307,0,320,0,37,371,0,408,627,0,627,1035
06/30/2005,HIO,OR,ANM,WE,Towers with Radar,0,19,59,0,78,0,8,207,0,215,0,27,266,0,293,550,0,550,843
07/01/2005,HIO,OR,ANM,WE,Towers with Radar,0,20,54,0,74,0,5,253,0,258,0,25,307,0,332,577,0,577,909
07/02/2005,HIO,OR,ANM,WE,Towers with Radar,0,2,40,0,42,0,6,168,0,174,0,8,208,0,216,386,0,386,602
07/03/2005,HIO,OR,ANM,WE,Towers with Radar,0,2,11,0,13,0,5,183,0,188,0,7,194,0,201,252,0,252,453
07/04/2005,HIO,OR,ANM,WE,Towers with Radar,0,2,21,0,23,0,5,155,4,164,0,7,176,4,187,120,0,120,307
07/05/2005,HIO,OR,ANM,WE,Towers with Radar,0,4,40,0,44,0,9,181,0,190,0,13,221,0,234,465,0,465,699
07/06/2005,HIO,OR,ANM,WE,Towers with Radar,0,3,37,0,40,0,5,201,0,206,0,8,238,0,246,622,0,622,868
07/07/2005,HIO,OR,ANM,WE,Towers with Radar,0,2,47,0,49,0,14,229,2,245,0,16,276,2,294,504,0,504,798
07/08/2005,HIO,OR,ANM,WE,Towers with Radar,0,2,33,0,35,0,4,88,0,92,0,6,121,0,127,563,0,563,690
07/09/2005,HIO,OR,ANM,WE,Towers with Radar,0,6,40,0,46,0,5,185,2,192,0,11,225,2,238,364,0,364,602
07/10/2005,HIO,OR,ANM,WE,Towers with Radar,0,3,49,0,52,0,0,67,0,67,0,3,116,0,119,369,0,369,488
07/11/2005,HIO,OR,ANM,WE,Towers with Radar,0,19,48,0,67,0,8,226,0,234,0,27,274,0,301,597,0,597,898
07/12/2005,HIO,OR,ANM,WE,Towers with Radar,0,23,52,0,75,0,16,248,0,264,0,39,300,0,339,369,0,369,708
07/13/2005,HIO,OR,ANM,WE,Towers with Radar,0,20,32,0,52,0,7,166,0,173,0,27,198,0,225,557,0,557,782
07/14/2005,HIO,OR,ANM,WE,Towers with Radar,0,24,37,0,61,0,2,300,2,304,0,26,337,2,365,534,0,534,899
07/15/2005,HIO,OR,ANM,WE,Towers with Radar,0,17,30,0,47,0,23,251,0,274,0,40,281,0,321,619,0,619,940
07/16/2005,HIO,OR,ANM,WE,Towers with Radar,0,0,16,0,16,0,7,229,0,236,0,7,245,0,252,462,0,462,714
07/17/2005,HIO,OR,ANM,WE,Towers with Radar,0,3,22,0,25,0,5,219,0,224,0,8,241,0,249,182,0,182,431
07/18/2005,HIO,OR,ANM,WE,Towers with Radar,0,19,44,0,63,0,8,220,0,228,0,27,264,0,291,502,0,502,793
07/19/2005,HIO,OR,ANM,WE,Towers with Radar,0,26,16,0,42,0,5,275,0,280,0,31,291,0,322,507,0,507,829
07/20/2005,HIO,OR,ANM,WE,Towers with Radar,0,24,33,0,57,0,8,290,2,300,0,32,323,2,357,560,0,560,917
07/21/2005,HIO,OR,ANM,WE,Towers with Radar,0,18,29,1,48,0,8,259,11,278,0,26,288,12,326,401,0,401,727
07/22/2005,HIO,OR,ANM,WE,Towers with Radar,0,16,44,0,60,0,6,192,0,198,0,22,236,0,258,444,0,444,702
07/23/2005,HIO,OR,ANM,WE,Towers with Radar,0,2,41,0,43,0,10,236,0,246,0,12,277,0,289,437,0,437,726
07/24/2005,HIO,OR,ANM,WE,Towers with Radar,0,7,33,0,40,0,9,219,2,230,0,16,252,2,270,274,0,274,544
07/25/2005,HIO,OR,ANM,WE,Towers with Radar,0,20,37,0,57,0,14,244,2,260,0,34,281,2,317,640,0,640,957
07/26/2005,HIO,OR,ANM,WE,Towers with Radar,0,20,26,0,46,0,12,276,0,288,0,32,302,0,334,477,0,477,811
07/27/2005,HIO,OR,ANM,WE,Towers with Radar,0,24,26,0,50,0,14,242,0,256,0,38,268,0,306,682,0,682,988
07/28/2005,HIO,OR,ANM,WE,Towers with Radar,0,25,40,0,65,0,9,232,0,241,0,34,272,0,306,720,0,720,1026
07/29/2005,HIO,OR,ANM,WE,Towers with Radar,0,18,32,4,54,0,7,283,0,290,0,25,315,4,344,748,0,748,1092
07/30/2005,HIO,OR,ANM,WE,Towers with Radar,0,5,25,0,30,0,6,252,3,261,0,11,277,3,291,620,0,620,911
07/31/2005,HIO,OR,ANM,WE,Towers with Radar,0,0,27,0,27,0,5,262,0,267,0,5,289,0,294,503,0,503,797
08/01/2005,HIO,OR,ANM,WE,Towers with Radar,0,17,41,0,58,0,10,196,0,206,0,27,237,0,264,723,0,723,987
08/02/2005,HIO,OR,ANM,WE,Towers with Radar,0,26,28,0,54,0,16,224,0,240,0,42,252,0,294,637,0,637,931
08/03/2005,HIO,OR,ANM,WE,Towers with Radar,0,8,19,0,27,0,10,24,1,35,0,18,43,1,62,0,0,0,62
08/04/2005,HIO,OR,ANM,WE,Towers with Radar,0,20,37,1,58,0,12,265,1,278,0,32,302,2,336,784,0,784,1120
08/05/2005,HIO,OR,ANM,WE,Towers with Radar,0,17,36,0,53,0,9,282,0,291,0,26,318,0,344,698,0,698,1042
08/06/2005,HIO,OR,ANM,WE,Towers with Radar,0,0,32,0,32,0,3,236,0,239,0,3,268,0,271,542,0,542,813
08/07/2005,HIO,OR,ANM,WE,Towers with Radar,0,5,25,0,30,0,2,235,0,237,0,7,260,0,267,350,0,350,617
08/08/2005,HIO,OR,ANM,WE,Towers with Radar,0,24,34,0,58,0,10,250,0,260,0,34,284,0,318,618,0,618,936
08/09/2005,HIO,OR,ANM,WE,Towers with Radar,0,27,38,0,65,0,5,252,0,257,0,32,290,0,322,669,0,669,991
08/10/2005,HIO,OR,ANM,WE,Towers with Radar,0,20,50,0,70,0,4,221,0,225,0,24,271,0,295,944,0,944,1239
08/11/2005,HIO,OR,ANM,WE,Towers with Radar,0,19,57,0,76,0,8,289,5,302,0,27,346,5,378,631,0,631,1009
08/12/2005,HIO,OR,ANM,WE,Towers with Radar,0,19,47,0,66,0,9,261,0,270,0,28,308,0,336,731,0,731,1067
08/13/2005,HIO,OR,ANM,WE,Towers with Radar,0,7,30,0,37,0,5,294,3,302,0,12,324,3,339,459,0,459,798
08/14/2005,HIO,OR,ANM,WE,Towers with Radar,0,0,44,0,44,0,6,303,0,309,0,6,347,0,353,286,0,286,639
08/15/2005,HIO,OR,ANM,WE,Towers with Radar,0,18,43,0,61,0,14,322,1,337,0,32,365,1,398,418,0,418,816
08/16/2005,HIO,OR,ANM,WE,Towers with Radar,0,19,37,0,56,0,10,210,0,220,0,29,247,0,276,599,0,599,875
08/17/2005,HIO,OR,ANM,WE,Towers with Radar,0,0,0,0,0,0,21,68,0,89,0,21,68,0,89,0,0,0,89
08/18/2005,HIO,OR,ANM,WE,Towers with Radar,0,16,56,0,72,0,10,285,0,295,0,26,341,0,367,564,0,564,931
08/19/2005,HIO,OR,ANM,WE,Towers with Radar,0,16,48,0,64,0,13,314,0,327,0,29,362,0,391,602,0,602,993
08/20/2005,HIO,OR,ANM,WE,Towers with Radar,0,2,13,0,15,0,3,349,0,352,0,5,362,0,367,495,0,495,862
08/21/2005,HIO,OR,ANM,WE,Towers with Radar,0,8,32,0,40,0,1,256,0,257,0,9,288,0,297,447,0,447,744
08/22/2005,HIO,OR,ANM,WE,Towers with Radar,0,23,56,3,82,0,12,303,10,325,0,35,359,13,407,686,0,686,1093
08/23/2005,HIO,OR,ANM,WE,Towers with Radar,0,25,44,0,69,0,2,252,8,262,0,27,296,8,331,665,0,665,996
08/24/2005,HIO,OR,ANM,WE,Towers with Radar,0,20,42,0,62,0,1,244,4,249,0,21,286,4,311,438,0,438,749
08/25/2005,HIO,OR,ANM,WE,Towers with Radar,0,23,35,0,58,0,12,299,0,311,0,35,334,0,369,540,0,540,909
08/26/2005,HIO,OR,ANM,WE,Towers with Radar,0,17,30,0,47,0,8,310,0,318,0,25,340,0,365,600,0,600,965
08/27/2005,HIO,OR,ANM,WE,Towers with Radar,0,0,0,0,0,0,4,47,0,51,0,4,47,0,51,0,0,0,51
08/28/2005,HIO,OR,ANM,WE,Towers with Radar,0,37,42,0,79,0,3,292,0,295,0,40,334,0,374,306,0,306,680
08/29/2005,HIO,OR,ANM,WE,Towers with Radar,0,30,42,0,72,0,8,146,0,154,0,38,188,0,226,595,0,595,821
08/30/2005,HIO,OR,ANM,WE,Towers with Radar,0,22,32,0,54,0,3,220,0,223,0,25,252,0,277,632,0,632,909
08/31/2005,HIO,OR,ANM,WE,Towers with Radar,0,23,21,1,45,0,7,277,5,289,0,30,298,6,334,646,0,646,980
09/01/2005,HIO,OR,ANM,WE,Towers with Radar,0,20,55,0,75,0,11,329,0,340,0,31,384,0,415,612,0,612,1027
09/02/2005,HIO,OR,ANM,WE,Towers with Radar,0,4,48,0,52,0,4,270,0,274,0,8,318,0,326,462,0,462,788
09/03/2005,HIO,OR,ANM,WE,Towers with Radar,0,3,35,0,38,0,2,301,0,303,0,5,336,0,341,357,0,357,698
09/04/2005,HIO,OR,ANM,WE,Towers with Radar,0,3,19,0,22,0,7,133,0,140,0,10,152,0,162,314,0,314,476
09/05/2005,HIO,OR,ANM,WE,Towers with Radar,0,3,41,0,44,0,5,219,0,224,0,8,260,0,268,535,0,535,803
09/06/2005,HIO,OR,ANM,WE,Towers with Radar,0,21,32,0,53,0,11,251,0,262,0,32,283,0,315,623,0,623,938
09/07/2005,HIO,OR,ANM,WE,Towers with Radar,0,21,22,0,43,0,12,258,0,270,0,33,280,0,313,637,0,637,950
09/08/2005,HIO,OR,ANM,WE,Towers with Radar,0,21,32,2,55,0,7,270,2,279,0,28,302,4,334,478,18,496,830
09/09/2005,HIO,OR,ANM,WE,Towers with Radar,0,21,32,11,64,0,8,142,2,152,0,29,174,13,216,411,26,437,653
09/10/2005,HIO,OR,ANM,WE,Towers with Radar,0,0,15,0,15,0,1,58,2,61,0,1,73,2,76,99,0,99,175
09/11/2005,HIO,OR,ANM,WE,Towers with Radar,0,6,16,4,26,0,1,85,5,91,0,7,101,9,117,4,0,4,121
09/12/2005,HIO,OR,ANM,WE,Towers with Radar,0,21,49,6,76,0,5,162,10,177,0,26,211,16,253,724,0,724,977
09/13/2005,HIO,OR,ANM,WE,Towers with Radar,0,22,36,0,58,0,0,241,0,241,0,22,277,0,299,743,0,743,1042
09/14/2005,HIO,OR,ANM,WE,Towers with Radar,0,22,33,0,55,0,13,252,2,267,0,35,285,2,322,699,0,699,1021
09/15/2005,HIO,OR,ANM,WE,Towers with Radar,0,23,33,0,56,0,6,228,0,234,0,29,261,0,290,654,0,654,944
09/16/2005,HIO,OR,ANM,WE,Towers with Radar,0,19,54,0,73,0,4,142,0,146,0,23,196,0,219,743,0,743,962
09/17/2005,HIO,OR,ANM,WE,Towers with Radar,0,3,38,0,41,0,6,127,0,133,0,9,165,0,174,248,0,248,422
09/18/2005,HIO,OR,ANM,WE,Towers with Radar,0,3,31,0,34,0,3,182,0,185,0,6,213,0,219,278,0,278,497
09/19/2005,HIO,OR,ANM,WE,Towers with Radar,0,18,27,0,45,0,30,230,0,260,0,48,257,0,305,688,0,688,993
09/20/2005,HIO,OR,ANM,WE,Towers with Radar,0,23,37,0,60,0,11,269,0,280,0,34,306,0,340,575,6,581,921
09/21/2005,HIO,OR,ANM,WE,Towers with Radar,0,18,34,1,53,0,5,250,2,257,0,23,284,3,310,628,0,628,938
09/22/2005,HIO,OR,ANM,WE,Towers with Radar,0,21,42,0,63,0,0,235,2,237,0,21,277,2,300,655,0,655,955
09/23/2005,HIO,OR,ANM,WE,Towers with Radar,0,22,42,0,64,0,8,247,0,255,0,30,289,0,319,334,0,334,653
09/24/2005,HIO,OR,ANM,WE,Towers with Radar,0,5,26,0,31,0,0,261,0,261,0,5,287,0,292,519,0,519,811
09/25/2005,HIO,OR,ANM,WE,Towers with Radar,0,4,38,0,42,0,6,236,0,242,0,10,274,0,284,354,0,354,638
09/26/2005,HIO,OR,ANM,WE,Towers with Radar,0,18,32,0,50,0,7,225,0,232,0,25,257,0,282,593,0,593,875
09/27/2005,HIO,OR,ANM,WE,Towers with Radar,0,21,45,2,68,0,9,176,0,185,0,30,221,2,253,605,0,605,858
09/28/2005,HIO,OR,ANM,WE,Towers with Radar,0,25,36,0,61,0,3,210,4,217,0,28,246,4,278,514,0,514,792
09/29/2005,HIO,OR,ANM,WE,Towers with Radar,0,25,45,0,70,0,7,190,0,197,0,32,235,0,267,602,0,602,869
09/30/2005,HIO,OR,ANM,WE,Towers with Radar,0,20,60,0,80,0,3,16,0,19,0,23,76,0,99,213,0,213,312
10/01/2005,HIO,OR,ANM,WE,Towers with Radar,0,0,34,0,34,0,6,96,0,102,0,6,130,0,136,504,0,504,640
10/02/2005,HIO,OR,ANM,WE,Towers with Radar,0,5,35,0,40,0,0,23,0,23,0,5,58,0,63,212,0,212,275
10/03/2005,HIO,OR,ANM,WE,Towers with Radar,0,19,57,0,76,0,7,78,2,87,0,26,135,2,163,411,0,411,574
10/04/2005,HIO,OR,ANM,WE,Towers with Radar,0,19,55,0,74,0,6,140,0,146,0,25,195,0,220,357,0,357,577
10/05/2005,HIO,OR,ANM,WE,Towers with Radar,0,22,51,0,73,0,6,173,0,179,0,28,224,0,252,450,0,450,702
10/06/2005,HIO,OR,ANM,WE,Towers with Radar,0,22,65,0,87,0,7,156,0,163,0,29,221,0,250,532,0,532,782
10/07/2005,HIO,OR,ANM,WE,Towers with Radar,0,27,43,0,70,0,0,133,0,133,0,27,176,0,203,464,0,464,667
10/08/2005,HIO,OR,ANM,WE,Towers with Radar,0,1,48,0,49,0,0,29,0,29,0,1,77,0,78,125,0,125,203
10/09/2005,HIO,OR,ANM,WE,Towers with Radar,0,5,49,0,54,0,1,131,0,132,0,6,180,0,186,413,0,413,599
10/10/2005,HIO,OR,ANM,WE,Towers with Radar,0,21,43,0,64,0,10,153,0,163,0,31,196,0,227,489,0,489,716
10/11/2005,HIO,OR,ANM,WE,Towers with Radar,0,23,42,0,65,0,9,241,0,250,0,32,283,0,315,739,0,739,1054
10/12/2005,HIO,OR,ANM,WE,Towers with Radar,0,22,44,0,66,0,11,187,0,198,0,33,231,0,264,385,0,385,649
10/13/2005,HIO,OR,ANM,WE,Towers with Radar,0,26,95,0,121,0,1,15,0,16,0,27,110,0,137,210,0,210,347
10/14/2005,HIO,OR,ANM,WE,Towers with Radar,0,15,50,0,65,0,7,134,0,141,0,22,184,0,206,443,0,443,649
10/15/2005,HIO,OR,ANM,WE,Towers with Radar,0,4,56,0,60,0,4,86,0,90,0,8,142,0,150,287,0,287,437
10/16/2005,HIO,OR,ANM,WE,Towers with Radar,0,4,47,0,51,0,3,159,0,162,0,7,206,0,213,442,0,442,655
10/17/2005,HIO,OR,ANM,WE,Towers with Radar,0,19,55,0,74,0,8,166,0,174,0,27,221,0,248,646,0,646,894
10/18/2005,HIO,OR,ANM,WE,Towers with Radar,0,25,36,0,61,0,15,222,1,238,0,40,258,1,299,566,1,567,866
10/19/2005,HIO,OR,ANM,WE,Towers with Radar,0,21,84,0,105,0,0,61,0,61,0,21,145,0,166,334,0,334,500
10/20/2005,HIO,OR,ANM,WE,Towers with Radar,0,26,65,0,91,0,11,80,0,91,0,37,145,0,182,399,0,399,581
10/21/2005,HIO,OR,ANM,WE,Towers with Radar,0,23,59,0,82,0,0,258,0,258,0,23,317,0,340,525,0,525,865
10/22/2005,HIO,OR,ANM,WE,Towers with Radar,0,6,42,0,48,0,7,235,0,242,0,13,277,0,290,427,0,427,717
10/23/2005,HIO,OR,ANM,WE,Towers with Radar,0,3,42,0,45,0,3,7,0,10,0,6,49,0,55,105,0,105,160
10/24/2005,HIO,OR,ANM,WE,Towers with Radar,0,20,70,0,90,0,2,128,0,130,0,22,198,0,220,510,0,510,730
10/25/2005,HIO,OR,ANM,WE,Towers with Radar,0,27,41,1,69,0,4,112,0,116,0,31,153,1,185,438,0,438,623
10/26/2005,HIO,OR,ANM,WE,Towers with Radar,0,24,79,0,103,0,5,93,0,98,0,29,172,0,201,379,0,379,580
10/27/2005,HIO,OR,ANM,WE,Towers with Radar,0,18,74,0,92,0,1,23,0,24,0,19,97,0,116,96,0,96,212
10/28/2005,HIO,OR,ANM,WE,Towers with Radar,0,16,58,0,74,0,7,120,0,127,0,23,178,0,201,500,0,500,701
10/29/2005,HIO,OR,ANM,WE,Towers with Radar,0,2,52,0,54,0,0,18,0,18,0,2,70,0,72,134,0,134,206
10/30/2005,HIO,OR,ANM,WE,Towers with Radar,0,2,44,0,46,0,3,135,0,138,0,5,179,0,184,258,0,258,442
10/31/2005,HIO,OR,ANM,WE,Towers with Radar,0,23,56,0,79,0,0,3,0,3,0,23,59,0,82,59,0,59,141
11/01/2005,HIO,OR,ANM,WE,Towers with Radar,0,21,34,0,55,0,6,53,0,59,0,27,87,0,114,315,0,315,429
11/02/2005,HIO,OR,ANM,WE,Towers with Radar,0,26,66,6,98,0,0,64,0,64,0,26,130,6,162,438,0,438,600
11/03/2005,HIO,OR,ANM,WE,Towers with Radar,0,22,14,0,36,0,4,12,0,16,0,26,26,0,52,58,0,58,110
11/04/2005,HIO,OR,ANM,WE,Towers with Radar,0,20,41,0,61,0,6,36,0,42,0,26,77,0,103,292,0,292,395
11/05/2005,HIO,OR,ANM,WE,Towers with Radar,0,3,33,0,36,0,3,39,0,42,0,6,72,0,78,251,0,251,329
11/06/2005,HIO,OR,ANM,WE,Towers with Radar,0,2,32,0,34,0,0,108,0,108,0,2,140,0,142,390,0,390,532
11/07/2005,HIO,OR,ANM,WE,Towers with Radar,0,19,54,0,73,0,0,86,0,86,0,19,140,0,159,392,0,392,551
11/08/2005,HIO,OR,ANM,WE,Towers with Radar,0,17,53,0,70,0,0,133,0,133,0,17,186,0,203,267,0,267,470
11/09/2005,HIO,OR,ANM,WE,Towers with Radar,0,20,50,0,70,0,8,223,0,231,0,28,273,0,301,518,0,518,819
11/10/2005,HIO,OR,ANM,WE,Towers with Radar,0,25,72,0,97,0,4,117,2,123,0,29,189,2,220,537,0,537,757
11/11/2005,HIO,OR,ANM,WE,Towers with Radar,0,23,50,0,73,0,0,42,0,42,0,23,92,0,115,257,0,257,372
11/12/2005,HIO,OR,ANM,WE,Towers with Radar,0,3,56,0,59,0,6,76,0,82,0,9,132,0,141,440,0,440,581
11/13/2005,HIO,OR,ANM,WE,Towers with Radar,0,0,35,0,35,0,2,91,0,93,0,2,126,0,128,274,0,274,402
11/14/2005,HIO,OR,ANM,WE,Towers with Radar,0,18,41,0,59,0,5,164,0,169,0,23,205,0,228,457,0,457,685
11/15/2005,HIO,OR,ANM,WE,Towers with Radar,0,24,34,3,61,0,8,245,3,256,0,32,279,6,317,455,0,455,772
11/16/2005,HIO,OR,ANM,WE,Towers with Radar,0,22,47,0,69,0,11,191,0,202,0,33,238,0,271,631,0,631,902
11/17/2005,HIO,OR,ANM,WE,Towers with Radar,0,19,50,0,69,0,7,190,0,197,0,26,240,0,266,390,0,390,656
11/18/2005,HIO,OR,ANM,WE,Towers with Radar,0,14,26,0,40,0,3,127,0,130,0,17,153,0,170,325,0,325,495
11/19/2005,HIO,OR,ANM,WE,Towers with Radar,0,4,33,0,37,0,7,251,0,258,0,11,284,0,295,414,0,414,709
11/20/2005,HIO,OR,ANM,WE,Towers with Radar,0,1,30,0,31,0,6,236,0,242,0,7,266,0,273,395,0,395,668
11/21/2005,HIO,OR,ANM,WE,Towers with Radar,0,4,28,0,32,0,16,193,0,209,0,20,221,0,241,511,0,511,752
11/22/2005,HIO,OR,ANM,WE,Towers with Radar,0,7,49,0,56,0,20,224,0,244,0,27,273,0,300,403,0,403,703
11/23/2005,HIO,OR,ANM,WE,Towers with Radar,0,4,40,0,44,0,8,204,0,212,0,12,244,0,256,350,0,350,606
11/24/2005,HIO,OR,ANM,WE,Towers with Radar,0,1,10,0,11,0,7,47,0,54,0,8,57,0,65,129,0,129,194
11/25/2005,HIO,OR,ANM,WE,Towers with Radar,0,4,23,0,27,0,2,6,0,8,0,6,29,0,35,148,0,148,183
11/26/2005,HIO,OR,ANM,WE,Towers with Radar,0,4,36,0,40,0,2,104,0,106,0,6,140,0,146,323,0,323,469
11/27/2005,HIO,OR,ANM,WE,Towers with Radar,0,7,28,0,35,0,0,12,0,12,0,7,40,0,47,128,0,128,175
11/28/2005,HIO,OR,ANM,WE,Towers with Radar,0,21,22,0,43,0,9,62,0,71,0,30,84,0,114,278,0,278,392
11/29/2005,HIO,OR,ANM,WE,Towers with Radar,0,27,24,0,51,0,9,32,0,41,0,36,56,0,92,42,0,42,134
11/30/2005,HIO,OR,ANM,WE,Towers with Radar,0,30,44,0,74,0,0,4,0,4,0,30,48,0,78,0,0,0,78
12/01/2005,HIO,OR,ANM,WE,Towers with Radar,0,17,28,0,45,0,4,1,0,5,0,21,29,0,50,198,0,198,248
12/02/2005,HIO,OR,ANM,WE,Towers with Radar,0,18,18,0,36,0,4,22,0,26,0,22,40,0,62,248,0,248,310
12/03/2005,HIO,OR,ANM,WE,Towers with Radar,0,7,41,0,48,0,0,55,0,55,0,7,96,0,103,294,0,294,397
12/04/2005,HIO,OR,ANM,WE,Towers with Radar,0,5,18,0,23,0,0,2,0,2,0,5,20,0,25,4,0,4,29
12/05/2005,HIO,OR,ANM,WE,Towers with Radar,0,20,40,0,60,0,1,3,0,4,0,21,43,0,64,0,0,0,64
12/06/2005,HIO,OR,ANM,WE,Towers with Radar,0,20,43,0,63,0,3,80,0,83,0,23,123,0,146,306,0,306,452
12/07/2005,HIO,OR,ANM,WE,Towers with Radar,0,21,53,0,74,0,11,137,0,148,0,32,190,0,222,397,0,397,619
12/08/2005,HIO,OR,ANM,WE,Towers with Radar,0,18,43,2,63,0,4,207,0,211,0,22,250,2,274,231,0,231,505
12/09/2005,HIO,OR,ANM,WE,Towers with Radar,0,19,34,0,53,0,14,253,0,267,0,33,287,0,320,461,0,461,781
12/10/2005,HIO,OR,ANM,WE,Towers with Radar,0,1,19,0,20,0,10,192,0,202,0,11,211,0,222,512,0,512,734
12/11/2005,HIO,OR,ANM,WE,Towers with Radar,0,0,33,0,33,0,4,192,0,196,0,4,225,0,229,285,0,285,514
12/12/2005,HIO,OR,ANM,WE,Towers with Radar,0,16,60,1,77,0,7,85,1,93,0,23,145,2,170,599,0,599,769
12/13/2005,HIO,OR,ANM,WE,Towers with Radar,0,23,51,0,74,0,4,101,2,107,0,27,152,2,181,386,0,386,567
12/14/2005,HIO,OR,ANM,WE,Towers with Radar,0,24,46,0,70,0,11,168,0,179,0,35,214,0,249,425,0,425,674
12/15/2005,HIO,OR,ANM,WE,Towers with Radar,0,25,49,0,74,0,5,171,2,178,0,30,220,2,252,546,0,546,798
12/16/2005,HIO,OR,ANM,WE,Towers with Radar,0,20,46,0,66,0,15,175,0,190,0,35,221,0,256,527,0,527,783
12/17/2005,HIO,OR,ANM,WE,Towers with Radar,0,5,19,0,24,0,0,94,0,94,0,5,113,0,118,44,0,44,162
12/18/2005,HIO,OR,ANM,WE,Towers with Radar,0,4,6,0,10,0,1,22,0,23,0,5,28,0,33,1,0,1,34
12/19/2005,HIO,OR,ANM,WE,Towers with Radar,0,9,27,0,36,0,1,0,0,1,0,10,27,0,37,0,0,0,37
12/20/2005,HIO,OR,ANM,WE,Towers with Radar,0,20,48,0,68,0,1,42,0,43,0,21,90,0,111,317,0,317,428
12/21/2005,HIO,OR,ANM,WE,Towers with Radar,0,17,58,1,76,0,0,7,0,7,0,17,65,1,83,45,0,45,128
12/22/2005,HIO,OR,ANM,WE,Towers with Radar,0,2,42,0,44,0,10,25,0,35,0,12,67,0,79,187,0,187,266
12/23/2005,HIO,OR,ANM,WE,Towers with Radar,0,3,40,0,43,0,10,66,0,76,0,13,106,0,119,317,0,317,436
12/24/2005,HIO,OR,ANM,WE,Towers with Radar,0,0,21,0,21,0,2,105,0,107,0,2,126,0,128,119,0,119,247
12/25/2005,HIO,OR,ANM,WE,Towers with Radar,0,3,8,0,11,0,2,19,0,21,0,5,27,0,32,27,0,27,59
12/26/2005,HIO,OR,ANM,WE,Towers with Radar,0,3,46,0,49,0,7,63,0,70,0,10,109,0,119,274,0,274,393
12/27/2005,HIO,OR,ANM,WE,Towers with Radar,0,3,34,0,37,0,4,37,0,41,0,7,71,0,78,279,0,279,357
12/28/2005,HIO,OR,ANM,WE,Towers with Radar,0,2,30,0,32,0,9,58,0,67,0,11,88,0,99,284,0,284,383
12/29/2005,HIO,OR,ANM,WE,Towers with Radar,0,5,45,0,50,0,9,110,0,119,0,14,155,0,169,466,0,466,635
12/30/2005,HIO,OR,ANM,WE,Towers with Radar,0,4,38,0,42,0,0,7,0,7,0,4,45,0,49,0,0,0,49
12/31/2005,HIO,OR,ANM,WE,Towers with Radar,0,5,45,0,50,0,2,50,0,52,0,7,95,0,102,322,0,322,424
01/01/2006,HIO,OR,ANM,WE,Towers with Radar,0,4,9,0,13,0,5,2,0,7,0,9,11,0,20,14,0,14,34
01/02/2006,HIO,OR,ANM,WE,Towers with Radar,0,4,56,0,60,0,5,37,0,42,0,9,93,0,102,293,0,293,395
01/03/2006,HIO,OR,ANM,WE,Towers with Radar,0,4,17,0,21,0,10,34,0,44,0,14,51,0,65,302,0,302,367
01/04/2006,HIO,OR,ANM,WE,Towers with Radar,0,7,21,0,28,0,0,163,0,163,0,7,184,0,191,424,0,424,615
01/05/2006,HIO,OR,ANM,WE,Towers with Radar,0,3,42,1,46,0,5,101,0,106,0,8,143,1,152,404,0,404,556
01/06/2006,HIO,OR,ANM,WE,Towers with Radar,0,6,56,0,62,0,3,9,0,12,0,9,65,0,74,188,0,188,262
01/07/2006,HIO,OR,ANM,WE,Towers with Radar,0,1,17,0,18,0,0,24,0,24,0,1,41,0,42,120,0,120,162
01/08/2006,HIO,OR,ANM,WE,Towers with Radar,0,3,42,0,45,0,4,14,0,18,0,7,56,0,63,48,0,48,111
01/09/2006,HIO,OR,ANM,WE,Towers with Radar,0,23,29,0,52,0,0,16,0,16,0,23,45,0,68,58,0,58,126
01/10/2006,HIO,OR,ANM,WE,Towers with Radar,0,25,21,0,46,0,16,9,0,25,0,41,30,0,71,308,0,308,379
01/11/2006,HIO,OR,ANM,WE,Towers with Radar,0,28,29,0,57,0,8,37,0,45,0,36,66,0,102,531,0,531,633
01/12/2006,HIO,OR,ANM,WE,Towers with Radar,0,23,41,0,64,0,4,25,0,29,0,27,66,0,93,203,0,203,296
01/13/2006,HIO,OR,ANM,WE,Towers with Radar,0,17,37,0,54,0,8,79,0,87,0,25,116,0,141,418,0,418,559
01/14/2006,HIO,OR,ANM,WE,Towers with Radar,0,5,29,0,34,0,2,141,0,143,0,7,170,0,177,418,0,418,595
01/15/2006,HIO,OR,ANM,WE,Towers with Radar,0,2,21,0,23,0,2,79,0,81,0,4,100,0,104,322,0,322,426
01/16/2006,HIO,OR,ANM,WE,Towers with Radar,0,16,38,0,54,0,2,9,0,11,0,18,47,0,65,34,0,34,99
01/17/2006,HIO,OR,ANM,WE,Towers with Radar,0,21,54,0,75,0,0,14,0,14,0,21,68,0,89,166,0,166,255
01/18/2006,HIO,OR,ANM,WE,Towers with Radar,0,23,31,0,54,0,2,79,2,83,0,25,110,2,137,340,0,340,477
01/19/2006,HIO,OR,ANM,WE,Towers with Radar,0,21,47,0,68,0,7,57,0,64,0,28,104,0,132,233,0,233,365
01/20/2006,HIO,OR,ANM,WE,Towers with Radar,0,17,49,0,66,0,3,91,0,94,0,20,140,0,160,163,0,163,323
01/21/2006,HIO,OR,ANM,WE,Towers with Radar,0,0,35,0,35,0,6,16,0,22,0,6,51,0,57,110,0,110,167
01/22/2006,HIO,OR,ANM,WE,Towers with Radar,0,3,61,0,64,0,0,22,0,22,0,3,83,0,86,98,0,98,184
01/23/2006,HIO,OR,ANM,WE,Towers with Radar,0,24,87,0,111,0,4,82,0,86,0,28,169,0,197,382,0,382,579
01/24/2006,HIO,OR,ANM,WE,Towers with Radar,0,23,53,0,76,0,7,229,0,236,0,30,282,0,312,367,0,367,679
01/25/2006,HIO,OR,ANM,WE,Towers with Radar,0,23,27,0,50,0,0,1,0,1,0,23,28,0,51,5,0,5,56
01/26/2006,HIO,OR,ANM,WE,Towers with Radar,0,22,43,0,65,0,4,57,0,61,0,26,100,0,126,297,0,297,423
01/27/2006,HIO,OR,ANM,WE,Towers with Radar,0,21,64,0,85,0,3,94,0,97,0,24,158,0,182,410,0,410,592
01/28/2006,HIO,OR,ANM,WE,Towers with Radar,0,5,18,0,23,0,1,47,0,48,0,6,65,0,71,224,0,224,295
01/29/2006,HIO,OR,ANM,WE,Towers with Radar,0,7,24,0,31,0,1,5,0,6,0,8,29,0,37,144,0,144,181
01/30/2006,HIO,OR,ANM,WE,Towers with Radar,0,27,46,0,73,0,8,121,1,130,0,35,167,1,203,393,0,393,596
01/31/2006,HIO,OR,ANM,WE,Towers with Radar,0,23,22,0,45,0,1,48,0,49,0,24,70,0,94,149,0,149,243
02/01/2006,HIO,OR,ANM,WE,Towers with Radar,0,27,45,0,72,0,11,145,0,156,0,38,190,0,228,432,0,432,660
02/02/2006,HIO,OR,ANM,WE,Towers with Radar,0,21,69,0,90,0,9,39,0,48,0,30,108,0,138,269,0,269,407
02/03/2006,HIO,OR,ANM,WE,Towers with Radar,0,28,57,0,85,0,1,10,0,11,0,29,67,0,96,102,0,102,198
02/04/2006,HIO,OR,ANM,WE,Towers with Radar,0,0,9,0,9,0,6,25,0,31,0,6,34,0,40,159,0,159,199
02/05/2006,HIO,OR,ANM,WE,Towers with Radar,0,2,46,0,48,0,4,149,0,153,0,6,195,0,201,387,0,387,588
02/06/2006,HIO,OR,ANM,WE,Towers with Radar,0,10,20,0,30,0,14,243,0,257,0,24,263,0,287,501,0,501,788
02/07/2006,HIO,OR,ANM,WE,Towers with Radar,0,24,47,0,71,0,12,288,0,300,0,36,335,0,371,447,0,447,818
02/08/2006,HIO,OR,ANM,WE,Towers with Radar,0,23,68,0,91,0,9,96,0,105,0,32,164,0,196,264,0,264,460
02/09/2006,HIO,OR,ANM,WE,Towers with Radar,0,21,41,0,62,0,6,188,0,194,0,27,229,0,256,204,0,204,460
02/10/2006,HIO,OR,ANM,WE,Towers with Radar,0,23,27,0,50,0,12,52,0,64,0,35,79,0,114,12,0,12,126
02/11/2006,HIO,OR,ANM,WE,Towers with Radar,0,3,35,0,38,0,5,273,0,278,0,8,308,0,316,454,0,454,770
02/12/2006,HIO,OR,ANM,WE,Towers with Radar,0,1,36,0,37,0,3,267,0,270,0,4,303,0,307,367,0,367,674
02/13/2006,HIO,OR,ANM,WE,Towers with Radar,0,23,56,1,80,0,5,107,0,112,0,28,163,1,192,526,0,526,718
02/14/2006,HIO,OR,ANM,WE,Towers with Radar,0,22,34,0,56,0,9,106,0,115,0,31,140,0,171,477,0,477,648
02/15/2006,HIO,OR,ANM,WE,Towers with Radar,0,28,51,0,79,0,18,242,0,260,0,46,293,0,339,524,0,524,863
02/16/2006,HIO,OR,ANM,WE,Towers with Radar,0,21,44,0,65,0,18,231,0,249,0,39,275,0,314,477,0,477,791
02/17/2006,HIO,OR,ANM,WE,Towers with Radar,0,19,20,0,39,0,13,18,0,31,0,32,38,0,70,6,0,6,76
02/18/2006,HIO,OR,ANM,WE,Towers with Radar,0,2,14,0,16,0,7,68,0,75,0,9,82,0,91,43,0,43,134
02/19/2006,HIO,OR,ANM,WE,Towers with Radar,0,0,20,0,20,0,1,214,0,215,0,1,234,0,235,363,0,363,598
02/20/2006,HIO,OR,ANM,WE,Towers with Radar,0,6,43,0,49,0,12,152,0,164,0,18,195,0,213,546,0,546,759
02/21/2006,HIO,OR,ANM,WE,Towers with Radar,0,23,37,0,60,0,6,88,2,96,0,29,125,2,156,515,0,515,671
02/22/2006,HIO,OR,ANM,WE,Towers with Radar,0,25,51,0,76,0,11,113,0,124,0,36,164,0,200,446,0,446,646
02/23/2006,HIO,OR,ANM,WE,Towers with Radar,0,25,40,0,65,0,0,93,0,93,0,25,133,0,158,509,0,509,667
02/24/2006,HIO,OR,ANM,WE,Towers with Radar,0,17,40,0,57,0,5,244,0,249,0,22,284,0,306,409,0,409,715
02/25/2006,HIO,OR,ANM,WE,Towers with Radar,0,2,35,0,37,0,5,223,0,228,0,7,258,0,265,500,0,500,765
02/26/2006,HIO,OR,ANM,WE,Towers with Radar,0,2,28,0,30,0,7,95,0,102,0,9,123,0,132,274,0,274,406
02/27/2006,HIO,OR,ANM,WE,Towers with Radar,0,25,59,0,84,0,11,110,0,121,0,36,169,0,205,556,0,556,761
02/28/2006,HIO,OR,ANM,WE,Towers with Radar,0,22,47,0,69,0,16,122,0,138,0,38,169,0,207,406,0,406,613
03/01/2006,HIO,OR,ANM,WE,Towers with Radar,0,22,36,0,58,0,7,163,0,170,0,29,199,0,228,211,0,211,439
03/02/2006,HIO,OR,ANM,WE,Towers with Radar,0,27,23,0,50,0,7,87,0,94,0,34,110,0,144,307,0,307,451
03/03/2006,HIO,OR,ANM,WE,Towers with Radar,0,24,45,0,69,0,8,219,0,227,0,32,264,0,296,425,0,425,721
03/04/2006,HIO,OR,ANM,WE,Towers with Radar,0,2,20,0,22,0,5,254,0,259,0,7,274,0,281,550,0,550,831
03/05/2006,HIO,OR,ANM,WE,Towers with Radar,0,1,24,0,25,0,5,181,0,186,0,6,205,0,211,555,0,555,766
03/06/2006,HIO,OR,ANM,WE,Towers with Radar,0,19,25,0,44,0,9,38,0,47,0,28,63,0,91,220,0,220,311
03/07/2006,HIO,OR,ANM,WE,Towers with Radar,0,21,39,0,60,0,4,134,4,142,0,25,173,4,202,296,0,296,498
03/08/2006,HIO,OR,ANM,WE,Towers with Radar,0,21,11,0,32,0,8,14,0,22,0,29,25,0,54,120,0,120,174
03/09/2006,HIO,OR,ANM,WE,Towers with Radar,0,21,18,0,39,0,8,4,0,12,0,29,22,0,51,38,0,38,89
03/10/2006,HIO,OR,ANM,WE,Towers with Radar,0,23,19,0,42,0,13,37,0,50,0,36,56,0,92,206,0,206,298
03/11/2006,HIO,OR,ANM,WE,Towers with Radar,0,3,36,0,39,0,8,142,0,150,0,11,178,0,189,435,0,435,624
03/12/2006,HIO,OR,ANM,WE,Towers with Radar,0,1,48,0,49,0,3,74,0,77,0,4,122,0,126,389,0,389,515
03/13/2006,HIO,OR,ANM,WE,Towers with Radar,0,17,28,0,45,0,1,156,0,157,0,18,184,0,202,347,0,347,549
03/14/2006,HIO,OR,ANM,WE,Towers with Radar,0,20,33,1,54,0,7,81,1,89,0,27,114,2,143,537,0,537,680
03/15/2006,HIO,OR,ANM,WE,Towers with Radar,0,22,23,0,45,0,8,89,0,97,0,30,112,0,142,431,0,431,573
03/16/2006,HIO,OR,ANM,WE,Towers with Radar,0,21,35,1,57,0,4,92,0,96,0,25,127,1,153,357,0,357,510
03/17/2006,HIO,OR,ANM,WE,Towers with Radar,0,20,29,0,49,0,14,121,3,138,0,34,150,3,187,330,0,330,517
03/18/2006,HIO,OR,ANM,WE,Towers with Radar,0,3,31,1,35,0,4,247,1,252,0,7,278,2,287,393,0,393,680
03/19/2006,HIO,OR,ANM,WE,Towers with Radar,0,2,34,0,36,0,8,238,0,246,0,10,272,0,282,452,0,452,734
03/20/2006,HIO,OR,ANM,WE,Towers with Radar,0,21,26,0,47,0,11,215,0,226,0,32,241,0,273,438,0,438,711
03/21/2006,HIO,OR,ANM,WE,Towers with Radar,0,21,42,0,63,0,6,62,0,68,0,27,104,0,131,552,0,552,683
03/22/2006,HIO,OR,ANM,WE,Towers with Radar,0,25,38,0,63,0,16,135,0,151,0,41,173,0,214,553,0,553,767
03/23/2006,HIO,OR,ANM,WE,Towers with Radar,0,23,61,1,85,0,10,151,1,162,0,33,212,2,247,487,0,487,734
03/24/2006,HIO,OR,ANM,WE,Towers with Radar,0,26,27,0,53,0,6,76,0,82,0,32,103,0,135,305,0,305,440
03/25/2006,HIO,OR,ANM,WE,Towers with Radar,0,2,42,0,44,0,7,125,0,132,0,9,167,0,176,424,0,424,600
03/26/2006,HIO,OR,ANM,WE,Towers with Radar,0,5,40,0,45,0,3,93,1,97,0,8,133,1,142,158,0,158,300
03/27/2006,HIO,OR,ANM,WE,Towers with Radar,0,20,27,2,49,0,19,223,2,244,0,39,250,4,293,387,1,388,681
03/28/2006,HIO,OR,ANM,WE,Towers with Radar,0,20,34,0,54,0,13,167,0,180,0,33,201,0,234,349,0,349,583
03/29/2006,HIO,OR,ANM,WE,Towers with Radar,0,27,54,0,81,0,5,83,2,90,0,32,137,2,171,422,0,422,593
03/30/2006,HIO,OR,ANM,WE,Towers with Radar,0,21,37,0,58,0,4,142,0,146,0,25,179,0,204,412,0,412,616
03/31/2006,HIO,OR,ANM,WE,Towers with Radar,0,19,34,0,53,0,12,149,0,161,0,31,183,0,214,342,0,342,556
04/01/2006,HIO,OR,ANM,WE,Towers with Radar,0,6,21,0,27,0,11,137,0,148,0,17,158,0,175,356,0,356,531
04/02/2006,HIO,OR,ANM,WE,Towers with Radar,0,1,27,2,30,0,2,62,0,64,0,3,89,2,94,304,6,310,404
04/03/2006,HIO,OR,ANM,WE,Towers with Radar,0,17,34,0,51,0,8,140,0,148,0,25,174,0,199,326,0,326,525
04/04/2006,HIO,OR,ANM,WE,Towers with Radar,0,27,34,0,61,0,13,242,4,259,0,40,276,4,320,457,0,457,777
04/05/2006,HIO,OR,ANM,WE,Towers with Radar,0,22,52,0,74,0,7,178,0,185,0,29,230,0,259,612,0,612,871
04/06/2006,HIO,OR,ANM,WE,Towers with Radar,0,19,39,0,58,0,7,185,0,192,0,26,224,0,250,606,0,606,856
04/07/2006,HIO,OR,ANM,WE,Towers with Radar,0,17,35,0,52,0,17,204,0,221,0,34,239,0,273,514,0,514,787
04/08/2006,HIO,OR,ANM,WE,Towers with Radar,0,6,40,0,46,0,8,88,0,96,0,14,128,0,142,272,0,272,414
04/09/2006,HIO,OR,ANM,WE,Towers with Radar,0,5,27,0,32,0,2,96,0,98,0,7,123,0,130,366,0,366,496
04/10/2006,HIO,OR,ANM,WE,Towers with Radar,0,19,46,0,65,0,5,103,0,108,0,24,149,0,173,510,0,510,683
04/11/2006,HIO,OR,ANM,WE,Towers with Radar,0,19,45,3,67,0,0,179,2,181,0,19,224,5,248,623,6,629,877
04/12/2006,HIO,OR,ANM,WE,Towers with Radar,0,21,53,0,74,0,6,148,0,154,0,27,201,0,228,492,0,492,720
04/13/2006,HIO,OR,ANM,WE,Towers with Radar,0,21,55,0,76,0,15,177,0,192,0,36,232,0,268,552,2,554,822
04/14/2006,HIO,OR,ANM,WE,Towers with Radar,0,22,31,0,53,0,8,67,0,75,0,30,98,0,128,401,0,401,529
04/15/2006,HIO,OR,ANM,WE,Towers with Radar,0,7,24,0,31,0,4,8,0,12,0,11,32,0,43,186,0,186,229
04/16/2006,HIO,OR,ANM,WE,Towers with Radar,0,0,10,0,10,0,0,37,0,37,0,0,47,0,47,184,0,184,231
04/17/2006,HIO,OR,ANM,WE,Towers with Radar,0,26,36,0,62,0,10,77,0,87,0,36,113,0,149,424,0,424,573
04/18/2006,HIO,OR,ANM,WE,Towers with Radar,0,20,40,0,60,0,4,231,2,237,0,24,271,2,297,562,0,562,859
04/19/2006,HIO,OR,ANM,WE,Towers with Radar,0,25,42,0,67,0,3,225,0,228,0,28,267,0,295,700,0,700,995
04/20/2006,HIO,OR,ANM,WE,Towers with Radar,0,21,37,0,58,0,12,230,0,242,0,33,267,0,300,680,0,680,980
04/21/2006,HIO,OR,ANM,WE,Towers with Radar,0,20,32,0,52,0,2,168,0,170,0,22,200,0,222,464,0,464,686
04/22/2006,HIO,OR,ANM,WE,Towers with Radar,0,2,31,0,33,0,7,222,1,230,0,9,253,1,263,334,0,334,597
04/23/2006,HIO,OR,ANM,WE,Towers with Radar,0,4,15,0,19,0,5,154,0,159,0,9,169,0,178,167,0,167,345
04/24/2006,HIO,OR,ANM,WE,Towers with Radar,0,23,31,0,54,0,8,189,0,197,0,31,220,0,251,412,0,412,663
04/25/2006,HIO,OR,ANM,WE,Towers with Radar,0,21,39,0,60,0,6,169,0,175,0,27,208,0,235,720,1,721,956
04/26/2006,HIO,OR,ANM,WE,Towers with Radar,0,26,37,0,63,0,6,92,0,98,0,32,129,0,161,544,0,544,705
04/27/2006,HIO,OR,ANM,WE,Towers with Radar,0,22,28,1,51,0,16,260,2,278,0,38,288,3,329,480,0,480,809
04/28/2006,HIO,OR,ANM,WE,Towers with Radar,0,22,33,0,55,0,9,241,0,250,0,31,274,0,305,709,0,709,1014
04/29/2006,HIO,OR,ANM,WE,Towers with Radar,0,1,34,0,35,0,6,134,3,143,0,7,168,3,178,280,0,280,458
04/30/2006,HIO,OR,ANM,WE,Towers with Radar,0,0,26,0,26,0,5,192,0,197,0,5,218,0,223,348,0,348,571
05/01/2006,HIO,OR,ANM,WE,Towers with Radar,0,19,36,0,55,0,11,148,0,159,0,30,184,0,214,601,0,601,815
05/02/2006,HIO,OR,ANM,WE,Towers with Radar,0,29,24,2,55,0,12,197,2,211,0,41,221,4,266,492,0,492,758
05/03/2006,HIO,OR,ANM,WE,Towers with Radar,0,21,38,0,59,0,14,201,0,215,0,35,239,0,274,524,0,524,798
05/04/2006,HIO,OR,ANM,WE,Towers with Radar,0,23,34,0,57,0,9,211,4,224,0,32,245,4,281,309,0,309,590
05/05/2006,HIO,OR,ANM,WE,Towers with Radar,0,20,31,0,51,0,340,237,2,579,0,360,268,2,630,635,2,637,1267
05/06/2006,HIO,OR,ANM,WE,Towers with Radar,0,1,14,0,15,0,33,202,0,235,0,34,216,0,250,655,0,655,905
05/07/2006,HIO,OR,ANM,WE,Towers with Radar,0,3,51,0,54,0,6,30,0,36,0,9,81,0,90,157,0,157,247
05/08/2006,HIO,OR,ANM,WE,Towers with Radar,0,14,37,0,51,0,10,172,0,182,0,24,209,0,233,639,0,639,872
05/09/2006,HIO,OR,ANM,WE,Towers with Radar,0,13,20,0,33,0,14,176,0,190,0,27,196,0,223,498,0,498,721
05/10/2006,HIO,OR,ANM,WE,Towers with Radar,0,17,31,0,48,0,12,229,4,245,0,29,260,4,293,622,0,622,915
05/11/2006,HIO,OR,ANM,WE,Towers with Radar,0,16,33,0,49,0,18,183,0,201,0,34,216,0,250,655,0,655,905
05/12/2006,HIO,OR,ANM,WE,Towers with Radar,0,20,35,0,55,0,13,214,0,227,0,33,249,0,282,508,0,508,790
05/13/2006,HIO,OR,ANM,WE,Towers with Radar,0,2,27,0,29,0,4,225,0,229,0,6,252,0,258,340,0,340,598
05/14/2006,HIO,OR,ANM,WE,Towers with Radar,0,1,37,0,38,0,7,200,2,209,0,8,237,2,247,291,0,291,538
05/15/2006,HIO,OR,ANM,WE,Towers with Radar,0,13,37,0,50,0,2,182,0,184,0,15,219,0,234,421,0,421,655
05/16/2006,HIO,OR,ANM,WE,Towers with Radar,0,25,25,0,50,0,7,235,1,243,0,32,260,1,293,487,0,487,780
05/17/2006,HIO,OR,ANM,WE,Towers with Radar,0,21,37,0,58,0,10,194,0,204,0,31,231,0,262,573,0,573,835
05/18/2006,HIO,OR,ANM,WE,Towers with Radar,0,23,46,0,69,0,24,236,2,262,0,47,282,2,331,681,0,681,1012
05/19/2006,HIO,OR,ANM,WE,Towers with Radar,0,22,49,0,71,0,7,136,0,143,0,29,185,0,214,518,0,518,732
05/20/2006,HIO,OR,ANM,WE,Towers with Radar,0,6,27,0,33,0,13,300,0,313,0,19,327,0,346,513,0,513,859
05/21/2006,HIO,OR,ANM,WE,Towers with Radar,0,5,29,0,34,0,3,177,0,180,0,8,206,0,214,287,0,287,501
05/22/2006,HIO,OR,ANM,WE,Towers with Radar,0,24,96,0,120,0,1,0,0,1,0,25,96,0,121,212,0,212,333
05/23/2006,HIO,OR,ANM,WE,Towers with Radar,0,25,45,0,70,0,9,38,0,47,0,34,83,0,117,281,0,281,398
05/24/2006,HIO,OR,ANM,WE,Towers with Radar,0,22,31,0,53,0,2,102,1,105,0,24,133,1,158,492,0,492,650
05/25/2006,HIO,OR,ANM,WE,Towers with Radar,0,26,50,0,76,0,17,185,0,202,0,43,235,0,278,569,0,569,847
05/26/2006,HIO,OR,ANM,WE,Towers with Radar,0,8,52,0,60,0,16,84,0,100,0,24,136,0,160,512,0,512,672
05/27/2006,HIO,OR,ANM,WE,Towers with Radar,0,2,22,0,24,0,7,15,0,22,0,9,37,0,46,82,0,82,128
05/28/2006,HIO,OR,ANM,WE,Towers with Radar,0,9,29,0,38,0,7,52,0,59,0,16,81,0,97,230,0,230,327
05/29/2006,HIO,OR,ANM,WE,Towers with Radar,0,1,34,0,35,0,6,210,0,216,0,7,244,0,251,387,0,387,638
05/30/2006,HIO,OR,ANM,WE,Towers with Radar,0,23,39,0,62,0,14,218,0,232,0,37,257,0,294,583,0,583,877
05/31/2006,HIO,OR,ANM,WE,Towers with Radar,0,27,48,0,75,0,11,174,1,186,0,38,222,1,261,694,0,694,955
06/01/2006,HIO,OR,ANM,WE,Towers with Radar,0,21,55,0,76,0,8,78,0,86,0,29,133,0,162,339,0,339,501
06/02/2006,HIO,OR,ANM,WE,Towers with Radar,0,21,60,0,81,0,4,120,0,124,0,25,180,0,205,334,0,334,539
06/03/2006,HIO,OR,ANM,WE,Towers with Radar,0,2,44,0,46,0,5,259,0,264,0,7,303,0,310,442,0,442,752
06/04/2006,HIO,OR,ANM,WE,Towers with Radar,0,2,30,0,32,0,0,55,0,55,0,2,85,0,87,198,0,198,285
06/05/2006,HIO,OR,ANM,WE,Towers with Radar,0,19,36,0,55,0,8,198,0,206,0,27,234,0,261,620,0,620,881
06/06/2006,HIO,OR,ANM,WE,Towers with Radar,0,25,36,0,61,0,12,213,0,225,0,37,249,0,286,578,0,578,864
06/07/2006,HIO,OR,ANM,WE,Towers with Radar,0,26,21,0,47,0,17,201,4,222,0,43,222,4,269,700,0,700,969
06/08/2006,HIO,OR,ANM,WE,Towers with Radar,0,22,42,0,64,0,9,200,3,212,0,31,242,3,276,622,0,622,898
06/09/2006,HIO,OR,ANM,WE,Towers with Radar,0,24,35,0,59,0,11,145,0,156,0,35,180,0,215,597,0,597,812
06/10/2006,HIO,OR,ANM,WE,Towers with Radar,0,1,21,0,22,0,49,201,0,250,0,50,222,0,272,459,0,459,731
06/11/2006,HIO,OR,ANM,WE,Towers with Radar,0,4,28,0,32,0,2,194,0,196,0,6,222,0,228,307,0,307,535
06/12/2006,HIO,OR,ANM,WE,Towers with Radar,0,19,47,0,66,0,7,94,1,102,0,26,141,1,168,492,0,492,660
06/13/2006,HIO,OR,ANM,WE,Towers with Radar,0,22,43,0,65,0,19,165,0,184,0,41,208,0,249,493,0,493,742
06/14/2006,HIO,OR,ANM,WE,Towers with Radar,0,22,50,0,72,0,9,111,0,120,0,31,161,0,192,431,0,431,623
06/15/2006,HIO,OR,ANM,WE,Towers with Radar,0,23,73,0,96,0,9,139,0,148,0,32,212,0,244,508,0,508,752
06/16/2006,HIO,OR,ANM,WE,Towers with Radar,0,22,51,0,73,0,10,123,0,133,0,32,174,0,206,476,0,476,682
06/17/2006,HIO,OR,ANM,WE,Towers with Radar,0,3,29,0,32,0,12,228,0,240,0,15,257,0,272,316,0,316,588
06/18/2006,HIO,OR,ANM,WE,Towers with Radar,0,4,34,0,38,0,1,154,0,155,0,5,188,0,193,211,0,211,404
06/19/2006,HIO,OR,ANM,WE,Towers with Radar,0,20,36,0,56,0,8,178,0,186,0,28,214,0,242,626,0,626,868
06/20/2006,HIO,OR,ANM,WE,Towers with Radar,0,22,40,0,62,0,9,181,0,190,0,31,221,0,252,431,0,431,683
06/21/2006,HIO,OR,ANM,WE,Towers with Radar,0,23,31,0,54,0,9,207,0,216,0,32,238,0,270,537,0,537,807
06/22/2006,HIO,OR,ANM,WE,Towers with Radar,0,23,46,0,69,0,11,268,0,279,0,34,314,0,348,489,2,491,839
06/23/2006,HIO,OR,ANM,WE,Towers with Radar,0,21,29,0,50,0,14,296,0,310,0,35,325,0,360,402,0,402,762
06/24/2006,HIO,OR,ANM,WE,Towers with Radar,0,0,19,0,19,0,60,250,0,310,0,60,269,0,329,224,0,224,553
06/25/2006,HIO,OR,ANM,WE,Towers with Radar,0,2,32,0,34,0,5,148,0,153,0,7,180,0,187,215,0,215,402
06/26/2006,HIO,OR,ANM,WE,Towers with Radar,0,21,26,0,47,0,15,207,0,222,0,36,233,0,269,620,0,620,889
06/27/2006,HIO,OR,ANM,WE,Towers with Radar,0,27,27,0,54,0,8,220,0,228,0,35,247,0,282,527,0,527,809
06/28/2006,HIO,OR,ANM,WE,Towers with Radar,0,25,42,0,67,0,9,252,0,261,0,34,294,0,328,551,0,551,879
06/29/2006,HIO,OR,ANM,WE,Towers with Radar,0,22,36,1,59,0,10,244,1,255,0,32,280,2,314,511,0,511,825
06/30/2006,HIO,OR,ANM,WE,Towers with Radar,0,18,52,0,70,0,10,208,0,218,0,28,260,0,288,585,0,585,873
07/01/2006,HIO,OR,ANM,WE,Towers with Radar,0,3,15,0,18,0,7,239,0,246,0,10,254,0,264,303,0,303,567
07/02/2006,HIO,OR,ANM,WE,Towers with Radar,0,3,15,0,18,0,2,171,0,173,0,5,186,0,191,210,0,210,401
07/03/2006,HIO,OR,ANM,WE,Towers with Radar,0,7,22,0,29,0,13,171,2,186,0,20,193,2,215,544,0,544,759
07/04/2006,HIO,OR,ANM,WE,Towers with Radar,0,2,9,0,11,0,3,114,2,119,0,5,123,2,130,143,0,143,273
07/05/2006,HIO,OR,ANM,WE,Towers with Radar,0,3,68,0,71,0,4,86,1,91,0,7,154,1,162,585,0,585,747
07/06/2006,HIO,OR,ANM,WE,Towers with Radar,0,4,49,0,53,0,11,186,1,198,0,15,235,1,251,444,0,444,695
07/07/2006,HIO,OR,ANM,WE,Towers with Radar,0,4,33,0,37,0,8,266,0,274,0,12,299,0,311,451,0,451,762
07/08/2006,HIO,OR,ANM,WE,Towers with Radar,0,3,28,0,31,0,9,291,0,300,0,12,319,0,331,247,0,247,578
07/09/2006,HIO,OR,ANM,WE,Towers with Radar,0,3,26,0,29,0,8,175,0,183,0,11,201,0,212,348,0,348,560
07/10/2006,HIO,OR,ANM,WE,Towers with Radar,0,23,34,0,57,0,9,197,0,206,0,32,231,0,263,621,0,621,884
07/11/2006,HIO,OR,ANM,WE,Towers with Radar,0,22,39,0,61,0,11,218,0,229,0,33,257,0,290,379,0,379,669
07/12/2006,HIO,OR,ANM,WE,Towers with Radar,0,18,72,0,90,0,6,30,0,36,0,24,102,0,126,469,0,469,595
07/13/2006,HIO,OR,ANM,WE,Towers with Radar,0,22,47,2,71,0,2,214,2,218,0,24,261,4,289,640,0,640,929
07/14/2006,HIO,OR,ANM,WE,Towers with Radar,0,20,41,8,69,0,8,291,18,317,0,28,332,26,386,262,8,270,656
07/15/2006,HIO,OR,ANM,WE,Towers with Radar,0,6,18,0,24,0,7,83,0,90,0,13,101,0,114,103,0,103,217
07/16/2006,HIO,OR,ANM,WE,Towers with Radar,0,7,14,3,24,0,13,126,9,148,0,20,140,12,172,12,0,12,184
07/17/2006,HIO,OR,ANM,WE,Towers with Radar,0,22,37,3,62,0,30,238,1,269,0,52,275,4,331,471,0,471,802
07/18/2006,HIO,OR,ANM,WE,Towers with Radar,0,26,28,1,55,0,19,220,0,239,0,45,248,1,294,530,0,530,824
07/19/2006,HIO,OR,ANM,WE,Towers with Radar,0,27,30,0,57,0,12,269,0,281,0,39,299,0,338,506,0,506,844
07/20/2006,HIO,OR,ANM,WE,Towers with Radar,0,25,38,0,63,0,12,247,0,259,0,37,285,0,322,534,0,534,856
07/21/2006,HIO,OR,ANM,WE,Towers with Radar,0,24,23,0,47,0,20,253,0,273,0,44,276,0,320,408,0,408,728
07/22/2006,HIO,OR,ANM,WE,Towers with Radar,0,2,31,0,33,0,9,184,0,193,0,11,215,0,226,378,0,378,604
07/23/2006,HIO,OR,ANM,WE,Towers with Radar,0,6,13,0,19,0,218,0,0,218,0,224,13,0,237,229,0,229,466
07/24/2006,HIO,OR,ANM,WE,Towers with Radar,0,26,44,0,70,0,23,254,0,277,0,49,298,0,347,508,0,508,855
07/25/2006,HIO,OR,ANM,WE,Towers with Radar,0,24,45,0,69,0,11,233,0,244,0,35,278,0,313,454,0,454,767
07/26/2006,HIO,OR,ANM,WE,Towers with Radar,0,26,50,0,76,0,16,195,2,213,0,42,245,2,289,478,0,478,767
07/27/2006,HIO,OR,ANM,WE,Towers with Radar,0,21,30,0,51,0,15,276,3,294,0,36,306,3,345,474,0,474,819
07/28/2006,HIO,OR,ANM,WE,Towers with Radar,0,19,46,0,65,0,9,234,0,243,0,28,280,0,308,607,0,607,915
07/29/2006,HIO,OR,ANM,WE,Towers with Radar,0,2,30,0,32,0,6,187,0,193,0,8,217,0,225,439,0,439,664
07/30/2006,HIO,OR,ANM,WE,Towers with Radar,0,4,37,0,41,0,0,200,1,201,0,4,237,1,242,272,0,272,514
07/31/2006,HIO,OR,ANM,WE,Towers with Radar,0,19,30,0,49,0,17,282,0,299,0,36,312,0,348,602,0,602,950
08/01/2006,HIO,OR,ANM,WE,Towers with Radar,0,21,31,0,52,0,19,243,0,262,0,40,274,0,314,540,0,540,854
08/02/2006,HIO,OR,ANM,WE,Towers with Radar,0,21,46,0,67,0,12,241,0,253,0,33,287,0,320,744,0,744,1064
08/03/2006,HIO,OR,ANM,WE,Towers with Radar,0,28,29,0,57,0,7,294,1,302,0,35,323,1,359,449,0,449,808
08/04/2006,HIO,OR,ANM,WE,Towers with Radar,0,20,41,0,61,0,18,301,1,320,0,38,342,1,381,532,0,532,913
08/05/2006,HIO,OR,ANM,WE,Towers with Radar,0,14,34,0,48,0,0,276,0,276,0,14,310,0,324,471,0,471,795
08/06/2006,HIO,OR,ANM,WE,Towers with Radar,0,3,23,0,26,0,4,236,0,240,0,7,259,0,266,422,0,422,688
08/07/2006,HIO,OR,ANM,WE,Towers with Radar,0,23,18,0,41,0,7,214,1,222,0,30,232,1,263,591,0,591,854
08/08/2006,HIO,OR,ANM,WE,Towers with Radar,0,23,30,0,53,0,4,230,0,234,0,27,260,0,287,312,0,312,599
08/09/2006,HIO,OR,ANM,WE,Towers with Radar,0,23,67,0,90,0,0,200,0,200,0,23,267,0,290,511,0,511,801
08/10/2006,HIO,OR,ANM,WE,Towers with Radar,0,20,25,0,45,0,4,227,0,231,0,24,252,0,276,469,0,469,745
08/11/2006,HIO,OR,ANM,WE,Towers with Radar,0,23,52,0,75,0,8,272,0,280,0,31,324,0,355,449,0,449,804
08/12/2006,HIO,OR,ANM,WE,Towers with Radar,0,1,18,0,19,0,0,213,0,213,0,1,231,0,232,362,0,362,594
08/13/2006,HIO,OR,ANM,WE,Towers with Radar,0,2,12,0,14,0,0,192,0,192,0,2,204,0,206,388,0,388,594
08/14/2006,HIO,OR,ANM,WE,Towers with Radar,0,19,21,0,40,0,13,295,0,308,0,32,316,0,348,615,0,615,963
08/15/2006,HIO,OR,ANM,WE,Towers with Radar,0,24,34,0,58,0,5,217,0,222,0,29,251,0,280,651,0,651,931
08/16/2006,HIO,OR,ANM,WE,Towers with Radar,0,23,49,0,72,0,5,180,0,185,0,28,229,0,257,356,0,356,613
08/17/2006,HIO,OR,ANM,WE,Towers with Radar,0,23,39,0,62,0,5,251,0,256,0,28,290,0,318,585,0,585,903
08/18/2006,HIO,OR,ANM,WE,Towers with Radar,0,21,37,0,58,0,0,260,0,260,0,21,297,0,318,608,0,608,926
08/19/2006,HIO,OR,ANM,WE,Towers with Radar,0,1,32,0,33,0,3,216,2,221,0,4,248,2,254,440,0,440,694
08/20/2006,HIO,OR,ANM,WE,Towers with Radar,0,2,35,0,37,0,0,233,0,233,0,2,268,0,270,376,0,376,646
08/21/2006,HIO,OR,ANM,WE,Towers with Radar,0,21,40,0,61,0,9,205,2,216,0,30,245,2,277,628,0,628,905
08/22/2006,HIO,OR,ANM,WE,Towers with Radar,0,30,56,1,87,0,6,189,6,201,0,36,245,7,288,548,0,548,836
08/23/2006,HIO,OR,ANM,WE,Towers with Radar,0,26,66,0,92,0,3,158,3,164,0,29,224,3,256,612,0,612,868
08/24/2006,HIO,OR,ANM,WE,Towers with Radar,0,29,70,0,99,0,3,193,8,204,0,32,263,8,303,547,1,548,851
08/25/2006,HIO,OR,ANM,WE,Towers with Radar,0,18,37,0,55,0,14,300,0,314,0,32,337,0,369,461,0,461,830
08/26/2006,HIO,OR,ANM,WE,Towers with Radar,0,7,33,0,40,0,7,245,0,252,0,14,278,0,292,370,0,370,662
08/27/2006,HIO,OR,ANM,WE,Towers with Radar,0,14,42,0,56,0,0,191,0,191,0,14,233,0,247,240,0,240,487
08/28/2006,HIO,OR,ANM,WE,Towers with Radar,0,26,13,0,39,0,6,167,0,173,0,32,180,0,212,632,0,632,844
08/29/2006,HIO,OR,ANM,WE,Towers with Radar,0,22,52,0,74,0,0,0,0,0,0,22,52,0,74,580,0,580,654
08/30/2006,HIO,OR,ANM,WE,Towers with Radar,0,20,48,0,68,0,5,190,0,195,0,25,238,0,263,687,0,687,950
08/31/2006,HIO,OR,ANM,WE,Towers with Radar,0,21,35,0,56,0,7,249,0,256,0,28,284,0,312,566,0,566,878
09/01/2006,HIO,OR,ANM,WE,Towers with Radar,0,3,20,0,23,0,11,192,0,203,0,14,212,0,226,172,0,172,398
09/02/2006,HIO,OR,ANM,WE,Towers with Radar,0,3,18,0,21,0,0,248,0,248,0,3,266,0,269,411,0,411,680
09/03/2006,HIO,OR,ANM,WE,Towers with Radar,0,2,17,0,19,0,8,180,0,188,0,10,197,0,207,350,0,350,557
09/04/2006,HIO,OR,ANM,WE,Towers with Radar,0,7,34,0,41,0,12,211,0,223,0,19,245,0,264,222,0,222,486
09/05/2006,HIO,OR,ANM,WE,Towers with Radar,0,21,26,0,47,0,7,184,0,191,0,28,210,0,238,469,0,469,707
09/06/2006,HIO,OR,ANM,WE,Towers with Radar,0,21,28,0,49,0,13,208,0,221,0,34,236,0,270,463,0,463,733
09/07/2006,HIO,OR,ANM,WE,Towers with Radar,0,26,29,0,55,0,14,216,5,235,0,40,245,5,290,453,0,453,743
09/08/2006,HIO,OR,ANM,WE,Towers with Radar,0,21,28,0,49,0,15,231,0,246,0,36,259,0,295,555,0,555,850
09/09/2006,HIO,OR,ANM,WE,Towers with Radar,0,0,23,0,23,0,9,218,0,227,0,9,241,0,250,401,0,401,651
09/10/2006,HIO,OR,ANM,WE,Towers with Radar,0,4,14,0,18,0,2,177,0,179,0,6,191,0,197,207,0,207,404
09/11/2006,HIO,OR,ANM,WE,Towers with Radar,0,19,34,0,53,0,8,363,2,373,0,27,397,2,426,784,0,784,1210
09/12/2006,HIO,OR,ANM,WE,Towers with Radar,0,28,32,0,60,0,7,211,2,220,0,35,243,2,280,408,0,408,688
09/13/2006,HIO,OR,ANM,WE,Towers with Radar,0,22,42,0,64,0,13,173,0,186,0,35,215,0,250,455,0,455,705
09/14/2006,HIO,OR,ANM,WE,Towers with Radar,0,21,42,0,63,0,11,137,0,148,0,32,179,0,211,513,0,513,724
09/15/2006,HIO,OR,ANM,WE,Towers with Radar,0,20,43,0,63,0,8,80,0,88,0,28,123,0,151,412,0,412,563
09/16/2006,HIO,OR,ANM,WE,Towers with Radar,0,2,42,0,44,0,3,122,0,125,0,5,164,0,169,352,0,352,521
09/17/2006,HIO,OR,ANM,WE,Towers with Radar,0,0,33,0,33,0,10,176,2,188,0,10,209,2,221,238,0,238,459
09/18/2006,HIO,OR,ANM,WE,Towers with Radar,0,22,55,0,77,0,6,102,3,111,0,28,157,3,188,317,0,317,505
09/19/2006,HIO,OR,ANM,WE,Towers with Radar,0,25,42,0,67,0,5,126,0,131,0,30,168,0,198,539,0,539,737
09/20/2006,HIO,OR,ANM,WE,Towers with Radar,0,27,60,0,87,0,8,78,2,88,0,35,138,2,175,491,0,491,666
09/21/2006,HIO,OR,ANM,WE,Towers with Radar,0,22,57,1,80,0,9,163,1,173,0,31,220,2,253,511,0,511,764
09/22/2006,HIO,OR,ANM,WE,Towers with Radar,0,29,18,1,48,0,0,203,2,205,0,29,221,3,253,487,0,487,740
09/23/2006,HIO,OR,ANM,WE,Towers with Radar,0,3,22,0,25,0,10,279,0,289,0,13,301,0,314,417,0,417,731
09/24/2006,HIO,OR,ANM,WE,Towers with Radar,0,3,17,0,20,0,5,214,1,220,0,8,231,1,240,213,0,213,453
09/25/2006,HIO,OR,ANM,WE,Towers with Radar,0,19,33,0,52,0,9,187,0,196,0,28,220,0,248,577,0,577,825
09/26/2006,HIO,OR,ANM,WE,Towers with Radar,0,31,20,0,51,0,16,208,0,224,0,47,228,0,275,531,0,531,806
09/27/2006,HIO,OR,ANM,WE,Towers with Radar,0,30,30,0,60,0,0,209,0,209,0,30,239,0,269,461,0,461,730
09/28/2006,HIO,OR,ANM,WE,Towers with Radar,0,23,21,0,44,0,9,238,0,247,0,32,259,0,291,592,0,592,883
09/29/2006,HIO,OR,ANM,WE,Towers with Radar,0,22,27,0,49,0,7,235,0,242,0,29,262,0,291,516,0,516,807
09/30/2006,HIO,OR,ANM,WE,Towers with Radar,0,2,23,0,25,0,7,208,0,215,0,9,231,0,240,443,0,443,683
10/01/2006,HIO,OR,ANM,WE,Towers with Radar,0,7,18,0,25,0,8,144,0,152,0,15,162,0,177,221,0,221,398
10/02/2006,HIO,OR,ANM,WE,Towers with Radar,0,22,35,0,57,0,11,195,0,206,0,33,230,0,263,526,0,526,789
10/03/2006,HIO,OR,ANM,WE,Towers with Radar,0,21,28,0,49,0,12,158,0,170,0,33,186,0,219,483,0,483,702
10/04/2006,HIO,OR,ANM,WE,Towers with Radar,0,22,30,0,52,0,5,169,0,174,0,27,199,0,226,560,0,560,786
10/05/2006,HIO,OR,ANM,WE,Towers with Radar,0,28,42,1,71,0,7,148,0,155,0,35,190,1,226,355,0,355,581
10/06/2006,HIO,OR,ANM,WE,Towers with Radar,0,26,48,0,74,0,2,57,0,59,0,28,105,0,133,239,0,239,372
10/07/2006,HIO,OR,ANM,WE,Towers with Radar,0,3,13,0,16,0,8,175,0,183,0,11,188,0,199,304,0,304,503
10/08/2006,HIO,OR,ANM,WE,Towers with Radar,0,1,32,0,33,0,5,89,0,94,0,6,121,0,127,140,0,140,267
10/09/2006,HIO,OR,ANM,WE,Towers with Radar,0,18,22,0,40,0,4,151,0,155,0,22,173,0,195,183,0,183,378
10/10/2006,HIO,OR,ANM,WE,Towers with Radar,0,22,17,0,39,0,4,201,4,209,0,26,218,4,248,460,0,460,708
10/11/2006,HIO,OR,ANM,WE,Towers with Radar,0,18,27,0,45,0,0,192,0,192,0,18,219,0,237,496,0,496,733
10/12/2006,HIO,OR,ANM,WE,Towers with Radar,0,18,24,0,42,0,5,226,0,231,0,23,250,0,273,557,0,557,830
10/13/2006,HIO,OR,ANM,WE,Towers with Radar,0,19,33,0,52,0,0,232,0,232,0,19,265,0,284,485,0,485,769
10/14/2006,HIO,OR,ANM,WE,Towers with Radar,0,5,44,0,49,0,2,73,0,75,0,7,117,0,124,395,0,395,519
10/15/2006,HIO,OR,ANM,WE,Towers with Radar,0,3,0,0,3,0,2,0,41,43,0,5,0,41,46,42,0,42,88
10/16/2006,HIO,OR,ANM,WE,Towers with Radar,0,24,44,0,68,0,7,72,0,79,0,31,116,0,147,457,0,457,604
10/17/2006,HIO,OR,ANM,WE,Towers with Radar,0,20,62,0,82,0,5,156,0,161,0,25,218,0,243,566,0,566,809
10/18/2006,HIO,OR,ANM,WE,Towers with Radar,0,21,55,0,76,0,1,23,0,24,0,22,78,0,100,230,0,230,330
10/19/2006,HIO,OR,ANM,WE,Towers with Radar,0,23,74,0,97,0,1,7,0,8,0,24,81,0,105,126,0,126,231
10/20/2006,HIO,OR,ANM,WE,Towers with Radar,0,18,48,2,68,0,5,203,3,211,0,23,251,5,279,574,0,574,853
10/21/2006,HIO,OR,ANM,WE,Towers with Radar,0,3,24,0,27,0,10,201,0,211,0,13,225,0,238,279,0,279,517
10/22/2006,HIO,OR,ANM,WE,Towers with Radar,0,0,36,0,36,0,5,193,0,198,0,5,229,0,234,450,0,450,684
10/23/2006,HIO,OR,ANM,WE,Towers with Radar,0,16,33,0,49,0,11,166,0,177,0,27,199,0,226,541,0,541,767
10/24/2006,HIO,OR,ANM,WE,Towers with Radar,0,24,47,0,71,0,4,53,0,57,0,28,100,0,128,240,0,240,368
10/25/2006,HIO,OR,ANM,WE,Towers with Radar,0,26,46,0,72,0,9,180,3,192,0,35,226,3,264,464,0,464,728
10/26/2006,HIO,OR,ANM,WE,Towers with Radar,0,18,41,0,59,0,2,132,0,134,0,20,173,0,193,304,0,304,497
10/27/2006,HIO,OR,ANM,WE,Towers with Radar,0,22,37,0,59,0,0,190,0,190,0,22,227,0,249,361,0,361,610
10/28/2006,HIO,OR,ANM,WE,Towers with Radar,0,4,34,0,38,0,0,110,0,110,0,4,144,0,148,93,0,93,241
10/29/2006,HIO,OR,ANM,WE,Towers with Radar,0,0,0,0,0,0,129,0,0,129,0,129,0,0,129,233,0,233,362
10/30/2006,HIO,OR,ANM,WE,Towers with Radar,0,21,26,0,47,0,4,195,0,199,0,25,221,0,246,484,0,484,730
10/31/2006,HIO,OR,ANM,WE,Towers with Radar,0,27,32,0,59,0,2,144,0,146,0,29,176,0,205,181,0,181,386
11/01/2006,HIO,OR,ANM,WE,Towers with Radar,0,23,44,0,67,0,4,175,0,179,0,27,219,0,246,417,0,417,663
11/02/2006,HIO,OR,ANM,WE,Towers with Radar,0,18,39,0,57,0,0,6,0,6,0,18,45,0,63,4,0,4,67
11/03/2006,HIO,OR,ANM,WE,Towers with Radar,0,18,50,0,68,0,0,35,0,35,0,18,85,0,103,254,0,254,357
11/04/2006,HIO,OR,ANM,WE,Towers with Radar,0,6,37,0,43,0,4,36,0,40,0,10,73,0,83,127,0,127,210
11/05/2006,HIO,OR,ANM,WE,Towers with Radar,0,3,27,0,30,0,0,4,0,4,0,3,31,0,34,0,0,0,34
11/06/2006,HIO,OR,ANM,WE,Towers with Radar,0,16,23,0,39,0,4,0,0,4,0,20,23,0,43,0,0,0,43
11/07/2006,HIO,OR,ANM,WE,Towers with Radar,0,23,34,2,59,0,6,49,0,55,0,29,83,2,114,209,0,209,323
11/08/2006,HIO,OR,ANM,WE,Towers with Radar,0,22,51,0,73,0,0,18,0,18,0,22,69,0,91,85,0,85,176
11/09/2006,HIO,OR,ANM,WE,Towers with Radar,0,21,46,0,67,0,10,177,1,188,0,31,223,1,255,545,0,545,800
11/10/2006,HIO,OR,ANM,WE,Towers with Radar,0,23,27,0,50,0,0,6,0,6,0,23,33,0,56,37,0,37,93
11/11/2006,HIO,OR,ANM,WE,Towers with Radar,0,1,47,0,48,0,2,72,2,76,0,3,119,2,124,364,0,364,488
11/12/2006,HIO,OR,ANM,WE,Towers with Radar,0,5,21,0,26,0,0,41,0,41,0,5,62,0,67,49,0,49,116
11/13/2006,HIO,OR,ANM,WE,Towers with Radar,0,22,27,0,49,0,5,73,0,78,0,27,100,0,127,485,0,485,612
11/14/2006,HIO,OR,ANM,WE,Towers with Radar,0,25,45,0,70,0,0,107,0,107,0,25,152,0,177,331,0,331,508
11/15/2006,HIO,OR,ANM,WE,Towers with Radar,0,21,29,0,50,0,0,50,0,50,0,21,79,0,100,220,0,220,320
11/16/2006,HIO,OR,ANM,WE,Towers with Radar,0,21,47,0,68,0,1,124,0,125,0,22,171,0,193,340,0,340,533
11/17/2006,HIO,OR,ANM,WE,Towers with Radar,0,14,30,0,44,0,1,76,0,77,0,15,106,0,121,180,0,180,301
11/18/2006,HIO,OR,ANM,WE,Towers with Radar,0,4,43,0,47,0,0,126,0,126,0,4,169,0,173,353,0,353,526
11/19/2006,HIO,OR,ANM,WE,Towers with Radar,0,6,24,0,30,0,0,5,0,5,0,6,29,0,35,4,0,4,39
11/20/2006,HIO,OR,ANM,WE,Towers with Radar,0,2,31,0,33,0,9,123,0,132,0,11,154,0,165,429,0,429,594
11/21/2006,HIO,OR,ANM,WE,Towers with Radar,0,1,19,0,20,0,2,29,4,35,0,3,48,4,55,163,0,163,218
11/22/2006,HIO,OR,ANM,WE,Towers with Radar,0,8,43,0,51,0,1,43,2,46,0,9,86,2,97,393,0,393,490
11/23/2006,HIO,OR,ANM,WE,Towers with Radar,0,2,10,0,12,0,2,4,0,6,0,4,14,0,18,2,0,2,20
11/24/2006,HIO,OR,ANM,WE,Towers with Radar,0,2,25,0,27,0,6,89,0,95,0,8,114,0,122,434,0,434,556
11/25/2006,HIO,OR,ANM,WE,Towers with Radar,0,3,29,0,32,0,1,141,0,142,0,4,170,0,174,288,0,288,462
11/26/2006,HIO,OR,ANM,WE,Towers with Radar,0,10,21,0,31,0,0,5,0,5,0,10,26,0,36,141,0,141,177
11/27/2006,HIO,OR,ANM,WE,Towers with Radar,0,25,16,0,41,0,3,11,0,14,0,28,27,0,55,32,0,32,87
11/28/2006,HIO,OR,ANM,WE,Towers with Radar,0,0,6,0,6,0,20,44,1,65,0,20,50,1,71,128,0,128,199
11/29/2006,HIO,OR,ANM,WE,Towers with Radar,0,26,30,0,56,0,3,165,0,168,0,29,195,0,224,566,0,566,790
11/30/2006,HIO,OR,ANM,WE,Towers with Radar,0,21,24,1,46,0,0,1,1,2,0,21,25,2,48,33,0,33,81
12/01/2006,HIO,OR,ANM,WE,Towers with Radar,0,19,28,0,47,0,0,0,0,0,0,19,28,0,47,0,0,0,47
12/02/2006,HIO,OR,ANM,WE,Towers with Radar,0,2,15,0,17,0,1,217,0,218,0,3,232,0,235,358,0,358,593
12/03/2006,HIO,OR,ANM,WE,Towers with Radar,0,2,15,0,17,0,1,172,0,173,0,3,187,0,190,394,0,394,584
12/04/2006,HIO,OR,ANM,WE,Towers with Radar,0,19,37,0,56,0,7,150,0,157,0,26,187,0,213,554,0,554,767
12/05/2006,HIO,OR,ANM,WE,Towers with Radar,0,26,33,1,60,0,2,151,2,155,0,28,184,3,215,492,0,492,707
12/06/2006,HIO,OR,ANM,WE,Towers with Radar,0,19,30,0,49,0,4,146,0,150,0,23,176,0,199,483,0,483,682
12/07/2006,HIO,OR,ANM,WE,Towers with Radar,0,22,28,0,50,0,5,180,0,185,0,27,208,0,235,583,0,583,818
12/08/2006,HIO,OR,ANM,WE,Towers with Radar,0,21,29,1,51,0,6,140,1,147,0,27,169,2,198,433,0,433,631
12/09/2006,HIO,OR,ANM,WE,Towers with Radar,0,2,45,1,48,0,2,51,1,54,0,4,96,2,102,229,0,229,331
12/10/2006,HIO,OR,ANM,WE,Towers with Radar,0,4,16,0,20,0,0,11,0,11,0,4,27,0,31,105,0,105,136
12/11/2006,HIO,OR,ANM,WE,Towers with Radar,0,23,19,0,42,0,7,17,0,24,0,30,36,0,66,218,0,218,284
12/12/2006,HIO,OR,ANM,WE,Towers with Radar,0,22,49,0,71,0,1,87,0,88,0,23,136,0,159,443,0,443,602
12/13/2006,HIO,OR,ANM,WE,Towers with Radar,0,20,29,0,49,0,2,41,0,43,0,22,70,0,92,95,0,95,187
12/14/2006,HIO,OR,ANM,WE,Towers with Radar,0,17,7,0,24,0,0,0,0,0,0,17,7,0,24,0,0,0,24
12/15/2006,HIO,OR,ANM,WE,Towers with Radar,0,24,33,0,57,0,18,79,0,97,0,42,112,0,154,400,0,400,554
12/16/2006,HIO,OR,ANM,WE,Towers with Radar,0,2,18,0,20,0,1,133,0,134,0,3,151,0,154,361,0,361,515
12/17/2006,HIO,OR,ANM,WE,Towers with Radar,0,3,15,0,18,0,0,167,0,167,0,3,182,0,185,484,0,484,669
12/18/2006,HIO,OR,ANM,WE,Towers with Radar,0,9,19,0,28,0,0,1,0,1,0,9,20,0,29,0,0,0,29
12/19/2006,HIO,OR,ANM,WE,Towers with Radar,0,8,21,0,29,0,0,2,0,2,0,8,23,0,31,0,0,0,31
12/20/2006,HIO,OR,ANM,WE,Towers with Radar,0,23,46,0,69,0,1,9,0,10,0,24,55,0,79,25,0,25,104
12/21/2006,HIO,OR,ANM,WE,Towers with Radar,0,20,26,0,46,0,8,88,0,96,0,28,114,0,142,230,0,230,372
12/22/2006,HIO,OR,ANM,WE,Towers with Radar,0,11,42,0,53,0,0,0,0,0,0,11,42,0,53,8,0,8,61
12/23/2006,HIO,OR,ANM,WE,Towers with Radar,0,1,24,0,25,0,0,20,0,20,0,1,44,0,45,58,0,58,103
12/24/2006,HIO,OR,ANM,WE,Towers with Radar,0,4,11,0,15,0,1,13,0,14,0,5,24,0,29,34,0,34,63
12/25/2006,HIO,OR,ANM,WE,Towers with Radar,0,1,1,0,2,0,3,17,0,20,0,4,18,0,22,14,0,14,36
12/26/2006,HIO,OR,ANM,WE,Towers with Radar,0,6,44,0,50,0,1,1,0,2,0,7,45,0,52,52,0,52,104
12/27/2006,HIO,OR,ANM,WE,Towers with Radar,0,4,36,0,40,0,7,72,0,79,0,11,108,0,119,119,0,119,238
12/28/2006,HIO,OR,ANM,WE,Towers with Radar,0,1,25,0,26,0,1,137,0,138,0,2,162,0,164,403,0,403,567
12/29/2006,HIO,OR,ANM,WE,Towers with Radar,0,2,21,1,24,0,4,105,1,110,0,6,126,2,134,485,0,485,619
12/30/2006,HIO,OR,ANM,WE,Towers with Radar,0,2,27,0,29,0,5,162,0,167,0,7,189,0,196,231,0,231,427
12/31/2006,HIO,OR,ANM,WE,Towers with Radar,0,0,20,0,20,0,0,138,0,138,0,0,158,0,158,92,0,92,250
01/01/2007,HIO,OR,ANM,WE,Towers with Radar,0,6,26,0,32,0,0,8,0,8,0,6,34,0,40,0,0,0,40
01/02/2007,HIO,OR,ANM,WE,Towers with Radar,0,6,31,0,37,0,0,22,0,22,0,6,53,0,59,172,0,172,231
01/03/2007,HIO,OR,ANM,WE,Towers with Radar,0,2,39,0,41,0,6,62,0,68,0,8,101,0,109,286,0,286,395
01/04/2007,HIO,OR,ANM,WE,Towers with Radar,0,3,24,2,29,0,4,59,0,63,0,7,83,2,92,343,0,343,435
01/05/2007,HIO,OR,ANM,WE,Towers with Radar,0,4,27,3,34,0,1,48,0,49,0,5,75,3,83,199,0,199,282
01/06/2007,HIO,OR,ANM,WE,Towers with Radar,0,6,36,0,42,0,0,164,0,164,0,6,200,0,206,315,0,315,521
01/07/2007,HIO,OR,ANM,WE,Towers with Radar,0,3,0,0,3,3,29,0,0,32,3,32,0,0,35,0,0,0,35
01/08/2007,HIO,OR,ANM,WE,Towers with Radar,0,21,51,0,72,0,2,9,0,11,0,23,60,0,83,70,0,70,153
01/09/2007,HIO,OR,ANM,WE,Towers with Radar,0,19,45,2,66,0,10,43,1,54,0,29,88,3,120,173,0,173,293
01/10/2007,HIO,OR,ANM,WE,Towers with Radar,0,18,26,0,44,0,1,14,0,15,0,19,40,0,59,129,0,129,188
01/11/2007,HIO,OR,ANM,WE,Towers with Radar,0,17,30,0,47,0,9,148,0,157,0,26,178,0,204,426,0,426,630
01/12/2007,HIO,OR,ANM,WE,Towers with Radar,0,21,26,0,47,0,4,234,0,238,0,25,260,0,285,507,0,507,792
01/13/2007,HIO,OR,ANM,WE,Towers with Radar,0,2,17,0,19,0,2,144,0,146,0,4,161,0,165,451,0,451,616
01/14/2007,HIO,OR,ANM,WE,Towers with Radar,0,4,28,0,32,0,0,153,0,153,0,4,181,0,185,259,0,259,444
01/15/2007,HIO,OR,ANM,WE,Towers with Radar,0,22,25,0,47,0,3,142,0,145,0,25,167,0,192,454,0,454,646
01/16/2007,HIO,OR,ANM,WE,Towers with Radar,0,6,6,0,12,0,0,0,0,0,0,6,6,0,12,0,0,0,12
01/17/2007,HIO,OR,ANM,WE,Towers with Radar,0,12,15,0,27,0,0,0,0,0,0,12,15,0,27,0,0,0,27
01/18/2007,HIO,OR,ANM,WE,Towers with Radar,0,20,42,0,62,0,2,29,0,31,0,22,71,0,93,167,0,167,260
01/19/2007,HIO,OR,ANM,WE,Towers with Radar,0,15,19,0,34,0,0,3,0,3,0,15,22,0,37,0,0,0,37
01/20/2007,HIO,OR,ANM,WE,Towers with Radar,0,4,30,0,34,0,1,4,0,5,0,5,34,0,39,52,0,52,91
01/21/2007,HIO,OR,ANM,WE,Towers with Radar,0,0,32,0,32,0,0,42,0,42,0,0,74,0,74,293,0,293,367
01/22/2007,HIO,OR,ANM,WE,Towers with Radar,0,20,29,0,49,0,2,173,1,176,0,22,202,1,225,499,0,499,724
01/23/2007,HIO,OR,ANM,WE,Towers with Radar,0,16,43,0,59,0,6,124,0,130,0,22,167,0,189,285,0,285,474
01/24/2007,HIO,OR,ANM,WE,Towers with Radar,0,18,35,0,53,0,2,160,0,162,0,20,195,0,215,455,0,455,670
01/25/2007,HIO,OR,ANM,WE,Towers with Radar,0,9,28,0,37,0,0,0,0,0,0,9,28,0,37,0,0,0,37
01/26/2007,HIO,OR,ANM,WE,Towers with Radar,0,21,34,0,55,0,3,193,0,196,0,24,227,0,251,434,0,434,685
01/27/2007,HIO,OR,ANM,WE,Towers with Radar,0,2,20,0,22,0,1,110,2,113,0,3,130,2,135,94,0,94,229
01/28/2007,HIO,OR,ANM,WE,Towers with Radar,0,2,26,0,28,0,3,201,0,204,0,5,227,0,232,405,0,405,637
01/29/2007,HIO,OR,ANM,WE,Towers with Radar,0,19,26,0,45,0,4,162,0,166,0,23,188,0,211,492,0,492,703
01/30/2007,HIO,OR,ANM,WE,Towers with Radar,0,26,27,0,53,0,3,101,2,106,0,29,128,2,159,126,0,126,285
01/31/2007,HIO,OR,ANM,WE,Towers with Radar,0,18,48,0,66,0,6,186,0,192,0,24,234,0,258,479,0,479,737
02/01/2007,HIO,OR,ANM,WE,Towers with Radar,0,20,38,0,58,0,4,207,0,211,0,24,245,0,269,377,0,377,646
02/02/2007,HIO,OR,ANM,WE,Towers with Radar,0,21,39,0,60,0,2,199,0,201,0,23,238,0,261,543,0,543,804
02/03/2007,HIO,OR,ANM,WE,Towers with Radar,0,3,43,0,46,0,0,45,0,45,0,3,88,0,91,105,0,105,196
02/04/2007,HIO,OR,ANM,WE,Towers with Radar,0,3,21,0,24,0,1,125,0,126,0,4,146,0,150,462,0,462,612
02/05/2007,HIO,OR,ANM,WE,Towers with Radar,0,20,35,0,55,0,1,109,0,110,0,21,144,0,165,529,0,529,694
02/06/2007,HIO,OR,ANM,WE,Towers with Radar,0,17,42,0,59,0,7,153,1,161,0,24,195,1,220,395,2,397,617
02/07/2007,HIO,OR,ANM,WE,Towers with Radar,0,25,40,0,65,0,5,164,0,169,0,30,204,0,234,641,0,641,875
02/08/2007,HIO,OR,ANM,WE,Towers with Radar,0,22,53,0,75,0,6,186,0,192,0,28,239,0,267,528,0,528,795
02/09/2007,HIO,OR,ANM,WE,Towers with Radar,0,26,61,0,87,0,8,150,0,158,0,34,211,0,245,590,0,590,835
02/10/2007,HIO,OR,ANM,WE,Towers with Radar,0,6,27,0,33,0,0,141,1,142,0,6,168,1,175,418,0,418,593
02/11/2007,HIO,OR,ANM,WE,Towers with Radar,0,5,35,0,40,0,0,29,0,29,0,5,64,0,69,230,0,230,299
02/12/2007,HIO,OR,ANM,WE,Towers with Radar,0,23,39,0,62,0,2,173,0,175,0,25,212,0,237,545,0,545,782
02/13/2007,HIO,OR,ANM,WE,Towers with Radar,0,30,62,0,92,0,4,74,0,78,0,34,136,0,170,329,0,329,499
02/14/2007,HIO,OR,ANM,WE,Towers with Radar,0,22,39,0,61,0,0,25,0,25,0,22,64,0,86,160,0,160,246
02/15/2007,HIO,OR,ANM,WE,Towers with Radar,0,19,52,0,71,0,0,8,0,8,0,19,60,0,79,297,0,297,376
02/16/2007,HIO,OR,ANM,WE,Towers with Radar,0,2,2,0,4,0,94,0,0,94,0,96,2,0,98,89,0,89,187
02/17/2007,HIO,OR,ANM,WE,Towers with Radar,0,3,46,0,49,0,7,198,0,205,0,10,244,0,254,352,0,352,606
02/18/2007,HIO,OR,ANM,WE,Towers with Radar,0,0,22,0,22,0,2,76,0,78,0,2,98,0,100,281,0,281,381
02/19/2007,HIO,OR,ANM,WE,Towers with Radar,0,1,43,0,44,0,0,41,0,41,0,1,84,0,85,270,0,270,355
02/20/2007,HIO,OR,ANM,WE,Towers with Radar,0,20,27,0,47,0,0,126,0,126,0,20,153,0,173,383,0,383,556
02/21/2007,HIO,OR,ANM,WE,Towers with Radar,0,18,34,0,52,0,3,236,2,241,0,21,270,2,293,472,0,472,765
02/22/2007,HIO,OR,ANM,WE,Towers with Radar,0,25,41,0,66,0,0,100,4,104,0,25,141,4,170,326,0,326,496
02/23/2007,HIO,OR,ANM,WE,Towers with Radar,0,20,21,0,41,0,1,157,0,158,0,21,178,0,199,619,0,619,818
02/24/2007,HIO,OR,ANM,WE,Towers with Radar,0,2,24,0,26,0,2,8,0,10,0,4,32,0,36,216,0,216,252
02/25/2007,HIO,OR,ANM,WE,Towers with Radar,0,2,31,0,33,0,1,16,0,17,0,3,47,0,50,384,0,384,434
02/26/2007,HIO,OR,ANM,WE,Towers with Radar,0,17,26,0,43,0,3,94,0,97,0,20,120,0,140,454,0,454,594
02/27/2007,HIO,OR,ANM,WE,Towers with Radar,0,22,23,0,45,0,0,9,0,9,0,22,32,0,54,8,0,8,62
02/28/2007,HIO,OR,ANM,WE,Towers with Radar,0,18,19,0,37,0,2,56,0,58,0,20,75,0,95,274,0,274,369
03/01/2007,HIO,OR,ANM,WE,Towers with Radar,0,21,28,0,49,0,3,107,2,112,0,24,135,2,161,670,0,670,831
03/02/2007,HIO,OR,ANM,WE,Towers with Radar,0,19,46,0,65,0,1,2,0,3,0,20,48,0,68,222,0,222,290
03/03/2007,HIO,OR,ANM,WE,Towers with Radar,0,2,69,0,71,0,2,36,0,38,0,4,105,0,109,230,0,230,339
03/04/2007,HIO,OR,ANM,WE,Towers with Radar,0,5,35,0,40,0,1,255,0,256,0,6,290,0,296,475,0,475,771
03/05/2007,HIO,OR,ANM,WE,Towers with Radar,0,21,34,0,55,0,5,280,0,285,0,26,314,0,340,465,0,465,805
03/06/2007,HIO,OR,ANM,WE,Towers with Radar,0,20,25,0,45,0,5,267,0,272,0,25,292,0,317,492,0,492,809
03/07/2007,HIO,OR,ANM,WE,Towers with Radar,0,24,49,0,73,0,2,102,2,106,0,26,151,2,179,496,0,496,675
03/08/2007,HIO,OR,ANM,WE,Towers with Radar,0,22,40,0,62,0,3,149,0,152,0,25,189,0,214,604,0,604,818
03/09/2007,HIO,OR,ANM,WE,Towers with Radar,0,17,46,0,63,0,5,81,0,86,0,22,127,0,149,814,0,814,963
03/10/2007,HIO,OR,ANM,WE,Towers with Radar,0,5,33,0,38,0,0,103,0,103,0,5,136,0,141,560,0,560,701
03/11/2007,HIO,OR,ANM,WE,Towers with Radar,0,4,27,0,31,0,0,54,0,54,0,4,81,0,85,195,0,195,280
03/12/2007,HIO,OR,ANM,WE,Towers with Radar,0,19,37,0,56,0,2,135,0,137,0,21,172,0,193,692,0,692,885
03/13/2007,HIO,OR,ANM,WE,Towers with Radar,0,18,29,0,47,0,3,235,0,238,0,21,264,0,285,581,0,581,866
03/14/2007,HIO,OR,ANM,WE,Towers with Radar,0,23,34,0,57,0,3,211,0,214,0,26,245,0,271,688,0,688,959
03/15/2007,HIO,OR,ANM,WE,Towers with Radar,0,21,51,0,72,0,4,280,0,284,0,25,331,0,356,759,0,759,1115
03/16/2007,HIO,OR,ANM,WE,Towers with Radar,0,29,22,3,54,0,0,312,1,313,0,29,334,4,367,689,0,689,1056
03/17/2007,HIO,OR,ANM,WE,Towers with Radar,0,2,28,0,30,0,2,172,0,174,0,4,200,0,204,630,0,630,834
03/18/2007,HIO,OR,ANM,WE,Towers with Radar,0,5,32,0,37,0,1,105,0,106,0,6,137,0,143,356,0,356,499
03/19/2007,HIO,OR,ANM,WE,Towers with Radar,0,26,22,0,48,0,3,100,0,103,0,29,122,0,151,639,0,639,790
03/20/2007,HIO,OR,ANM,WE,Towers with Radar,0,21,35,0,56,0,8,143,0,151,0,29,178,0,207,557,0,557,764
03/21/2007,HIO,OR,ANM,WE,Towers with Radar,0,18,14,0,32,0,4,266,0,270,0,22,280,0,302,643,0,643,945
03/22/2007,HIO,OR,ANM,WE,Towers with Radar,0,25,32,0,57,0,7,212,2,221,0,32,244,2,278,596,0,596,874
03/23/2007,HIO,OR,ANM,WE,Towers with Radar,0,19,50,0,69,0,7,212,3,222,0,26,262,3,291,655,0,655,946
03/24/2007,HIO,OR,ANM,WE,Towers with Radar,0,2,39,0,41,0,3,42,0,45,0,5,81,0,86,202,0,202,288
03/25/2007,HIO,OR,ANM,WE,Towers with Radar,0,2,27,0,29,0,2,155,0,157,0,4,182,0,186,280,0,280,466
03/26/2007,HIO,OR,ANM,WE,Towers with Radar,0,21,17,0,38,0,4,154,0,158,0,25,171,0,196,653,0,653,849
03/27/2007,HIO,OR,ANM,WE,Towers with Radar,0,24,29,1,54,0,2,83,9,94,0,26,112,10,148,310,0,310,458
03/28/2007,HIO,OR,ANM,WE,Towers with Radar,0,19,32,0,51,0,3,243,0,246,0,22,275,0,297,418,0,418,715
03/29/2007,HIO,OR,ANM,WE,Towers with Radar,0,21,32,0,53,0,11,328,0,339,0,32,360,0,392,566,0,566,958
03/30/2007,HIO,OR,ANM,WE,Towers with Radar,0,19,24,0,43,0,0,224,3,227,0,19,248,3,270,512,0,512,782
03/31/2007,HIO,OR,ANM,WE,Towers with Radar,0,6,36,0,42,0,2,65,0,67,0,8,101,0,109,476,0,476,585
04/01/2007,HIO,OR,ANM,WE,Towers with Radar,0,1,30,0,31,0,6,151,0,157,0,7,181,0,188,481,0,481,669
04/02/2007,HIO,OR,ANM,WE,Towers with Radar,0,22,21,0,43,0,2,181,0,183,0,24,202,0,226,706,0,706,932
04/03/2007,HIO,OR,ANM,WE,Towers with Radar,0,22,28,0,50,0,0,206,0,206,0,22,234,0,256,469,0,469,725
04/04/2007,HIO,OR,ANM,WE,Towers with Radar,0,26,36,0,62,0,2,184,0,186,0,28,220,0,248,717,0,717,965
04/05/2007,HIO,OR,ANM,WE,Towers with Radar,0,23,40,0,63,0,7,263,2,272,0,30,303,2,335,661,0,661,996
04/06/2007,HIO,OR,ANM,WE,Towers with Radar,0,20,37,0,57,0,7,276,0,283,0,27,313,0,340,606,0,606,946
04/07/2007,HIO,OR,ANM,WE,Towers with Radar,0,4,45,0,49,0,0,23,0,23,0,4,68,0,72,202,0,202,274
04/08/2007,HIO,OR,ANM,WE,Towers with Radar,0,7,9,0,16,0,6,91,0,97,0,13,100,0,113,379,0,379,492
04/09/2007,HIO,OR,ANM,WE,Towers with Radar,0,19,31,0,50,0,5,54,0,59,0,24,85,0,109,177,0,177,286
04/10/2007,HIO,OR,ANM,WE,Towers with Radar,0,23,41,0,64,0,6,187,0,193,0,29,228,0,257,558,0,558,815
04/11/2007,HIO,OR,ANM,WE,Towers with Radar,0,26,29,0,55,0,8,127,0,135,0,34,156,0,190,528,0,528,718
04/12/2007,HIO,OR,ANM,WE,Towers with Radar,0,28,34,0,62,0,6,67,0,73,0,34,101,0,135,456,0,456,591
04/13/2007,HIO,OR,ANM,WE,Towers with Radar,0,18,24,0,42,0,1,250,0,251,0,19,274,0,293,551,0,551,844
04/14/2007,HIO,OR,ANM,WE,Towers with Radar,0,3,21,0,24,0,2,189,0,191,0,5,210,0,215,469,0,469,684
04/15/2007,HIO,OR,ANM,WE,Towers with Radar,0,2,16,0,18,0,0,255,0,255,0,2,271,0,273,466,0,466,739
04/16/2007,HIO,OR,ANM,WE,Towers with Radar,0,18,38,0,56,0,4,118,0,122,0,22,156,0,178,576,0,576,754
04/17/2007,HIO,OR,ANM,WE,Towers with Radar,0,23,19,0,42,0,0,43,2,45,0,23,62,2,87,404,0,404,491
04/18/2007,HIO,OR,ANM,WE,Towers with Radar,0,26,35,0,61,0,10,95,0,105,0,36,130,0,166,519,0,519,685
04/19/2007,HIO,OR,ANM,WE,Towers with Radar,0,17,48,0,65,0,4,231,0,235,0,21,279,0,300,527,0,527,827
04/20/2007,HIO,OR,ANM,WE,Towers with Radar,0,20,54,0,74,0,0,338,1,339,0,20,392,1,413,794,4,798,1211
04/21/2007,HIO,OR,ANM,WE,Towers with Radar,0,3,17,0,20,0,0,100,0,100,0,3,117,0,120,669,0,669,789
04/22/2007,HIO,OR,ANM,WE,Towers with Radar,0,3,47,1,51,0,1,132,0,133,0,4,179,1,184,347,0,347,531
04/23/2007,HIO,OR,ANM,WE,Towers with Radar,0,17,36,0,53,0,2,224,0,226,0,19,260,0,279,721,0,721,1000
04/24/2007,HIO,OR,ANM,WE,Towers with Radar,0,20,49,0,69,0,6,143,0,149,0,26,192,0,218,546,0,546,764
04/25/2007,HIO,OR,ANM,WE,Towers with Radar,0,23,49,0,72,0,4,203,0,207,0,27,252,0,279,611,0,611,890
04/26/2007,HIO,OR,ANM,WE,Towers with Radar,0,22,49,0,71,0,5,236,0,241,0,27,285,0,312,633,0,633,945
04/27/2007,HIO,OR,ANM,WE,Towers with Radar,0,23,58,0,81,0,10,212,0,222,0,33,270,0,303,627,0,627,930
04/28/2007,HIO,OR,ANM,WE,Towers with Radar,0,4,33,0,37,0,3,188,3,194,0,7,221,3,231,487,0,487,718
04/29/2007,HIO,OR,ANM,WE,Towers with Radar,0,3,37,0,40,0,0,187,0,187,0,3,224,0,227,306,0,306,533
04/30/2007,HIO,OR,ANM,WE,Towers with Radar,0,19,40,0,59,0,5,194,0,199,0,24,234,0,258,335,0,335,593
05/01/2007,HIO,OR,ANM,WE,Towers with Radar,0,23,36,0,59,0,0,151,0,151,0,23,187,0,210,514,0,514,724
05/02/2007,HIO,OR,ANM,WE,Towers with Radar,0,26,33,0,59,0,4,61,0,65,0,30,94,0,124,274,0,274,398
05/03/2007,HIO,OR,ANM,WE,Towers with Radar,0,26,54,1,81,0,4,78,0,82,0,30,132,1,163,476,0,476,639
05/04/2007,HIO,OR,ANM,WE,Towers with Radar,0,20,40,0,60,0,3,157,0,160,0,23,197,0,220,682,0,682,902
05/05/2007,HIO,OR,ANM,WE,Towers with Radar,0,0,29,0,29,0,4,242,0,246,0,4,271,0,275,523,0,523,798
05/06/2007,HIO,OR,ANM,WE,Towers with Radar,0,8,31,2,41,0,1,179,2,182,0,9,210,4,223,520,0,520,743
05/07/2007,HIO,OR,ANM,WE,Towers with Radar,0,17,34,0,51,0,3,250,0,253,0,20,284,0,304,681,0,681,985
05/08/2007,HIO,OR,ANM,WE,Towers with Radar,0,21,24,0,45,0,3,250,0,253,0,24,274,0,298,323,0,323,621
05/09/2007,HIO,OR,ANM,WE,Towers with Radar,0,23,34,0,57,0,7,226,0,233,0,30,260,0,290,600,0,600,890
05/10/2007,HIO,OR,ANM,WE,Towers with Radar,0,30,43,0,73,0,5,228,0,233,0,35,271,0,306,754,0,754,1060
05/11/2007,HIO,OR,ANM,WE,Towers with Radar,0,26,287,3,316,0,5,0,1,6,0,31,287,4,322,567,0,567,889
05/12/2007,HIO,OR,ANM,WE,Towers with Radar,0,2,17,1,20,0,10,176,1,187,0,12,193,2,207,439,0,439,646
05/13/2007,HIO,OR,ANM,WE,Towers with Radar,0,8,26,0,34,0,5,178,0,183,0,13,204,0,217,499,0,499,716
05/14/2007,HIO,OR,ANM,WE,Towers with Radar,0,17,44,0,61,0,1,197,0,198,0,18,241,0,259,477,0,477,736
05/15/2007,HIO,OR,ANM,WE,Towers with Radar,0,23,20,0,43,0,4,214,0,218,0,27,234,0,261,415,0,415,676
05/16/2007,HIO,OR,ANM,WE,Towers with Radar,0,21,40,1,62,0,10,181,1,192,0,31,221,2,254,528,0,528,782
05/17/2007,HIO,OR,ANM,WE,Towers with Radar,0,25,32,0,57,0,6,227,1,234,0,31,259,1,291,600,0,600,891
05/18/2007,HIO,OR,ANM,WE,Towers with Radar,0,22,36,1,59,0,4,206,1,211,0,26,242,2,270,561,0,561,831
05/19/2007,HIO,OR,ANM,WE,Towers with Radar,0,10,27,0,37,0,4,152,0,156,0,14,179,0,193,500,0,500,693
05/20/2007,HIO,OR,ANM,WE,Towers with Radar,0,7,27,0,34,0,4,14,0,18,0,11,41,0,52,217,0,217,269
05/21/2007,HIO,OR,ANM,WE,Towers with Radar,0,18,27,0,45,0,6,152,0,158,0,24,179,0,203,541,0,541,744
05/22/2007,HIO,OR,ANM,WE,Towers with Radar,0,26,23,0,49,0,0,208,0,208,0,26,231,0,257,599,0,599,856
05/23/2007,HIO,OR,ANM,WE,Towers with Radar,0,24,30,1,55,0,0,224,0,224,0,24,254,1,279,718,0,718,997
05/24/2007,HIO,OR,ANM,WE,Towers with Radar,0,18,42,0,60,0,7,265,0,272,0,25,307,0,332,698,0,698,1030
05/25/2007,HIO,OR,ANM,WE,Towers with Radar,0,6,36,1,43,0,5,239,0,244,0,11,275,1,287,674,0,674,961
05/26/2007,HIO,OR,ANM,WE,Towers with Radar,0,4,23,0,27,0,1,166,0,167,0,5,189,0,194,465,0,465,659
05/27/2007,HIO,OR,ANM,WE,Towers with Radar,0,1,14,0,15,0,2,73,0,75,0,3,87,0,90,246,0,246,336
05/28/2007,HIO,OR,ANM,WE,Towers with Radar,0,1,34,0,35,0,5,164,0,169,0,6,198,0,204,132,2,134,338
05/29/2007,HIO,OR,ANM,WE,Towers with Radar,0,20,19,0,39,0,3,149,4,156,0,23,168,4,195,328,0,328,523
05/30/2007,HIO,OR,ANM,WE,Towers with Radar,0,23,37,1,61,0,10,222,4,236,0,33,259,5,297,512,0,512,809
05/31/2007,HIO,OR,ANM,WE,Towers with Radar,0,23,16,0,39,0,6,224,0,230,0,29,240,0,269,541,0,541,810
06/01/2007,HIO,OR,ANM,WE,Towers with Radar,0,20,22,0,42,0,5,238,0,243,0,25,260,0,285,702,0,702,987
06/02/2007,HIO,OR,ANM,WE,Towers with Radar,0,7,10,0,17,0,9,287,0,296,0,16,297,0,313,487,0,487,800
06/03/2007,HIO,OR,ANM,WE,Towers with Radar,0,5,20,0,25,0,5,189,0,194,0,10,209,0,219,303,0,303,522
06/04/2007,HIO,OR,ANM,WE,Towers with Radar,0,22,34,1,57,0,3,90,3,96,0,25,124,4,153,438,0,438,591
06/05/2007,HIO,OR,ANM,WE,Towers with Radar,0,21,33,2,56,0,8,103,0,111,0,29,136,2,167,248,0,248,415
06/06/2007,HIO,OR,ANM,WE,Towers with Radar,0,18,33,0,51,0,9,170,2,181,0,27,203,2,232,579,0,579,811
06/07/2007,HIO,OR,ANM,WE,Towers with Radar,0,21,38,0,59,0,2,232,1,235,0,23,270,1,294,595,0,595,889
06/08/2007,HIO,OR,ANM,WE,Towers with Radar,0,27,40,0,67,0,7,250,0,257,0,34,290,0,324,464,0,464,788
06/09/2007,HIO,OR,ANM,WE,Towers with Radar,0,2,48,0,50,0,0,65,0,65,0,2,113,0,115,256,0,256,371
06/10/2007,HIO,OR,ANM,WE,Towers with Radar,0,3,22,0,25,0,2,65,0,67,0,5,87,0,92,316,0,316,408
06/11/2007,HIO,OR,ANM,WE,Towers with Radar,0,19,27,0,46,0,5,192,0,197,0,24,219,0,243,522,0,522,765
06/12/2007,HIO,OR,ANM,WE,Towers with Radar,0,18,35,0,53,0,4,260,0,264,0,22,295,0,317,698,0,698,1015
06/13/2007,HIO,OR,ANM,WE,Towers with Radar,0,20,43,0,63,0,8,197,0,205,0,28,240,0,268,593,0,593,861
06/14/2007,HIO,OR,ANM,WE,Towers with Radar,0,24,32,0,56,0,13,290,1,304,0,37,322,1,360,650,0,650,1010
06/15/2007,HIO,OR,ANM,WE,Towers with Radar,0,25,42,0,67,0,0,176,0,176,0,25,218,0,243,619,0,619,862
06/16/2007,HIO,OR,ANM,WE,Towers with Radar,0,1,39,0,40,0,8,145,0,153,0,9,184,0,193,507,0,507,700
06/17/2007,HIO,OR,ANM,WE,Towers with Radar,0,5,38,0,43,0,0,130,0,130,0,5,168,0,173,370,0,370,543
06/18/2007,HIO,OR,ANM,WE,Towers with Radar,0,21,37,0,58,0,2,171,0,173,0,23,208,0,231,640,0,640,871
06/19/2007,HIO,OR,ANM,WE,Towers with Radar,0,21,39,0,60,0,2,178,0,180,0,23,217,0,240,496,0,496,736
06/20/2007,HIO,OR,ANM,WE,Towers with Radar,0,19,45,0,64,0,1,250,0,251,0,20,295,0,315,488,0,488,803
06/21/2007,HIO,OR,ANM,WE,Towers with Radar,0,20,44,0,64,0,7,238,0,245,0,27,282,0,309,523,0,523,832
06/22/2007,HIO,OR,ANM,WE,Towers with Radar,0,21,35,0,56,0,7,201,0,208,0,28,236,0,264,581,0,581,845
06/23/2007,HIO,OR,ANM,WE,Towers with Radar,0,0,17,0,17,0,8,197,0,205,0,8,214,0,222,446,0,446,668
06/24/2007,HIO,OR,ANM,WE,Towers with Radar,0,2,23,0,25,0,0,44,0,44,0,2,67,0,69,272,0,272,341
06/25/2007,HIO,OR,ANM,WE,Towers with Radar,0,11,26,0,37,0,8,238,0,246,0,19,264,0,283,612,0,612,895
06/26/2007,HIO,OR,ANM,WE,Towers with Radar,0,6,38,0,44,0,3,236,0,239,0,9,274,0,283,613,0,613,896
06/27/2007,HIO,OR,ANM,WE,Towers with Radar,0,4,38,0,42,0,1,203,0,204,0,5,241,0,246,594,0,594,840
06/28/2007,HIO,OR,ANM,WE,Towers with Radar,0,11,69,0,80,0,1,31,0,32,0,12,100,0,112,260,0,260,372
06/29/2007,HIO,OR,ANM,WE,Towers with Radar,0,2,74,0,76,0,9,90,0,99,0,11,164,0,175,444,0,444,619
06/30/2007,HIO,OR,ANM,WE,Towers with Radar,0,4,17,0,21,0,2,224,0,226,0,6,241,0,247,216,0,216,463
07/01/2007,HIO,OR,ANM,WE,Towers with Radar,0,1,24,0,25,0,3,39,0,42,0,4,63,0,67,523,0,523,590
07/02/2007,HIO,OR,ANM,WE,Towers with Radar,0,3,35,0,38,0,7,184,0,191,0,10,219,0,229,630,0,630,859
07/03/2007,HIO,OR,ANM,WE,Towers with Radar,0,3,34,0,37,0,9,208,0,217,0,12,242,0,254,501,0,501,755
07/04/2007,HIO,OR,ANM,WE,Towers with Radar,0,1,22,0,23,0,5,147,0,152,0,6,169,0,175,106,0,106,281
07/05/2007,HIO,OR,ANM,WE,Towers with Radar,0,2,26,0,28,0,11,235,2,248,0,13,261,2,276,481,0,481,757
07/06/2007,HIO,OR,ANM,WE,Towers with Radar,0,2,34,0,36,0,7,242,1,250,0,9,276,1,286,571,0,571,857
07/07/2007,HIO,OR,ANM,WE,Towers with Radar,0,2,31,0,33,0,4,249,2,255,0,6,280,2,288,484,0,484,772
07/08/2007,HIO,OR,ANM,WE,Towers with Radar,0,3,26,0,29,0,9,132,1,142,0,12,158,1,171,256,0,256,427
07/09/2007,HIO,OR,ANM,WE,Towers with Radar,0,17,32,0,49,0,7,184,0,191,0,24,216,0,240,496,0,496,736
07/10/2007,HIO,OR,ANM,WE,Towers with Radar,0,22,45,0,67,0,5,166,0,171,0,27,211,0,238,368,0,368,606
07/11/2007,HIO,OR,ANM,WE,Towers with Radar,0,20,57,0,77,0,6,268,0,274,0,26,325,0,351,536,0,536,887
07/12/2007,HIO,OR,ANM,WE,Towers with Radar,0,21,36,0,57,0,4,274,0,278,0,25,310,0,335,493,0,493,828
07/13/2007,HIO,OR,ANM,WE,Towers with Radar,0,21,51,0,72,0,14,253,0,267,0,35,304,0,339,602,0,602,941
07/14/2007,HIO,OR,ANM,WE,Towers with Radar,0,4,36,0,40,0,7,223,0,230,0,11,259,0,270,378,0,378,648
07/15/2007,HIO,OR,ANM,WE,Towers with Radar,0,1,40,0,41,0,1,116,0,117,0,2,156,0,158,239,0,239,397
07/16/2007,HIO,OR,ANM,WE,Towers with Radar,0,18,43,0,61,0,5,180,0,185,0,23,223,0,246,559,0,559,805
07/17/2007,HIO,OR,ANM,WE,Towers with Radar,0,21,68,0,89,0,2,32,0,34,0,23,100,0,123,424,0,424,547
07/18/2007,HIO,OR,ANM,WE,Towers with Radar,0,23,72,0,95,0,2,50,0,52,0,25,122,0,147,268,0,268,415
07/19/2007,HIO,OR,ANM,WE,Towers with Radar,0,25,69,0,94,0,2,229,0,231,0,27,298,0,325,624,0,624,949
07/20/2007,HIO,OR,ANM,WE,Towers with Radar,0,25,80,0,105,0,0,93,0,93,0,25,173,0,198,560,0,560,758
07/21/2007,HIO,OR,ANM,WE,Towers with Radar,0,5,58,0,63,0,6,112,0,118,0,11,170,0,181,492,0,492,673
07/22/2007,HIO,OR,ANM,WE,Towers with Radar,0,2,46,0,48,0,0,96,0,96,0,2,142,0,144,223,0,223,367
07/23/2007,HIO,OR,ANM,WE,Towers with Radar,0,18,67,0,85,0,4,156,1,161,0,22,223,1,246,601,0,601,847
07/24/2007,HIO,OR,ANM,WE,Towers with Radar,0,19,41,0,60,0,5,298,0,303,0,24,339,0,363,430,0,430,793
07/25/2007,HIO,OR,ANM,WE,Towers with Radar,0,24,52,0,76,0,4,293,1,298,0,28,345,1,374,526,0,526,900
07/26/2007,HIO,OR,ANM,WE,Towers with Radar,0,22,72,0,94,0,1,212,0,213,0,23,284,0,307,681,0,681,988
07/27/2007,HIO,OR,ANM,WE,Towers with Radar,0,21,39,0,60,0,6,305,0,311,0,27,344,0,371,602,0,602,973
07/28/2007,HIO,OR,ANM,WE,Towers with Radar,0,3,46,0,49,0,0,123,2,125,0,3,169,2,174,327,0,327,501
07/29/2007,HIO,OR,ANM,WE,Towers with Radar,0,2,57,0,59,0,7,138,1,146,0,9,195,1,205,379,0,379,584
07/30/2007,HIO,OR,ANM,WE,Towers with Radar,0,24,43,0,67,0,8,262,3,273,0,32,305,3,340,789,0,789,1129
07/31/2007,HIO,OR,ANM,WE,Towers with Radar,0,29,41,0,70,0,7,250,0,257,0,36,291,0,327,411,0,411,738
08/01/2007,HIO,OR,ANM,WE,Towers with Radar,0,18,50,0,68,0,2,276,0,278,0,20,326,0,346,644,0,644,990
08/02/2007,HIO,OR,ANM,WE,Towers with Radar,0,21,48,0,69,0,3,280,0,283,0,24,328,0,352,703,0,703,1055
08/03/2007,HIO,OR,ANM,WE,Towers with Radar,0,22,43,0,65,0,4,289,0,293,0,26,332,0,358,658,0,658,1016
08/04/2007,HIO,OR,ANM,WE,Towers with Radar,0,10,33,0,43,0,0,243,0,243,0,10,276,0,286,395,0,395,681
08/05/2007,HIO,OR,ANM,WE,Towers with Radar,0,4,50,0,54,0,0,136,1,137,0,4,186,1,191,346,0,346,537
08/06/2007,HIO,OR,ANM,WE,Towers with Radar,0,31,25,0,56,0,0,209,1,210,0,31,234,1,266,787,0,787,1053
08/07/2007,HIO,OR,ANM,WE,Towers with Radar,0,25,60,0,85,0,1,196,2,199,0,26,256,2,284,508,0,508,792
08/08/2007,HIO,OR,ANM,WE,Towers with Radar,0,27,54,8,89,0,16,272,0,288,0,43,326,8,377,521,0,521,898
08/09/2007,HIO,OR,ANM,WE,Towers with Radar,0,24,26,4,54,0,7,221,1,229,0,31,247,5,283,350,0,350,633
08/10/2007,HIO,OR,ANM,WE,Towers with Radar,0,20,20,7,47,0,4,139,13,156,0,24,159,20,203,222,12,234,437
08/11/2007,HIO,OR,ANM,WE,Towers with Radar,0,1,11,0,12,0,3,100,0,103,0,4,111,0,115,68,0,68,183
08/12/2007,HIO,OR,ANM,WE,Towers with Radar,0,1,13,10,24,0,3,72,7,82,0,4,85,17,106,54,0,54,160
08/13/2007,HIO,OR,ANM,WE,Towers with Radar,0,20,44,8,72,0,7,256,1,264,0,27,300,9,336,632,0,632,968
08/14/2007,HIO,OR,ANM,WE,Towers with Radar,0,26,40,0,66,0,0,283,3,286,0,26,323,3,352,554,0,554,906
08/15/2007,HIO,OR,ANM,WE,Towers with Radar,0,22,37,0,59,0,6,332,1,339,0,28,369,1,398,640,0,640,1038
08/16/2007,HIO,OR,ANM,WE,Towers with Radar,0,21,50,0,71,0,7,189,0,196,0,28,239,0,267,695,0,695,962
08/17/2007,HIO,OR,ANM,WE,Towers with Radar,0,20,55,0,75,0,9,278,0,287,0,29,333,0,362,508,0,508,870
08/18/2007,HIO,OR,ANM,WE,Towers with Radar,0,5,54,0,59,0,1,218,0,219,0,6,272,0,278,565,0,565,843
08/19/2007,HIO,OR,ANM,WE,Towers with Radar,0,1,41,0,42,0,6,89,0,95,0,7,130,0,137,327,0,327,464
08/20/2007,HIO,OR,ANM,WE,Towers with Radar,0,6,24,0,30,0,22,90,0,112,0,28,114,0,142,392,0,392,534
08/21/2007,HIO,OR,ANM,WE,Towers with Radar,0,22,66,0,88,0,3,217,0,220,0,25,283,0,308,695,0,695,1003
08/22/2007,HIO,OR,ANM,WE,Towers with Radar,0,24,54,0,78,0,4,227,0,231,0,28,281,0,309,627,0,627,936
08/23/2007,HIO,OR,ANM,WE,Towers with Radar,0,24,43,0,67,0,11,334,0,345,0,35,377,0,412,562,0,562,974
08/24/2007,HIO,OR,ANM,WE,Towers with Radar,0,28,60,0,88,0,9,307,0,316,0,37,367,0,404,623,0,623,1027
08/25/2007,HIO,OR,ANM,WE,Towers with Radar,0,1,41,0,42,0,2,203,0,205,0,3,244,0,247,570,0,570,817
08/26/2007,HIO,OR,ANM,WE,Towers with Radar,0,4,33,0,37,0,2,181,0,183,0,6,214,0,220,381,0,381,601
08/27/2007,HIO,OR,ANM,WE,Towers with Radar,0,23,52,0,75,0,3,256,0,259,0,26,308,0,334,555,0,555,889
08/28/2007,HIO,OR,ANM,WE,Towers with Radar,0,27,53,1,81,0,5,280,1,286,0,32,333,2,367,622,0,622,989
08/29/2007,HIO,OR,ANM,WE,Towers with Radar,0,22,37,0,59,0,7,273,0,280,0,29,310,0,339,560,0,560,899
08/30/2007,HIO,OR,ANM,WE,Towers with Radar,0,23,59,0,82,0,4,264,0,268,0,27,323,0,350,571,0,571,921
08/31/2007,HIO,OR,ANM,WE,Towers with Radar,0,3,45,0,48,0,10,253,0,263,0,13,298,0,311,749,0,749,1060
09/01/2007,HIO,OR,ANM,WE,Towers with Radar,0,0,29,0,29,0,7,244,0,251,0,7,273,0,280,495,0,495,775
09/02/2007,HIO,OR,ANM,WE,Towers with Radar,0,3,26,0,29,0,2,164,0,166,0,5,190,0,195,246,0,246,441
09/03/2007,HIO,OR,ANM,WE,Towers with Radar,0,6,40,0,46,0,0,231,0,231,0,6,271,0,277,183,0,183,460
09/04/2007,HIO,OR,ANM,WE,Towers with Radar,0,21,41,1,63,0,4,151,1,156,0,25,192,2,219,611,0,611,830
09/05/2007,HIO,OR,ANM,WE,Towers with Radar,0,18,33,0,51,0,7,264,0,271,0,25,297,0,322,667,0,667,989
09/06/2007,HIO,OR,ANM,WE,Towers with Radar,0,18,67,0,85,0,2,230,0,232,0,20,297,0,317,696,0,696,1013
09/07/2007,HIO,OR,ANM,WE,Towers with Radar,0,22,56,0,78,0,3,233,0,236,0,25,289,0,314,712,0,712,1026
09/08/2007,HIO,OR,ANM,WE,Towers with Radar,0,0,29,0,29,0,4,203,0,207,0,4,232,0,236,500,0,500,736
09/09/2007,HIO,OR,ANM,WE,Towers with Radar,0,3,33,2,38,0,3,131,2,136,0,6,164,4,174,242,1,243,417
09/10/2007,HIO,OR,ANM,WE,Towers with Radar,0,19,35,0,54,0,1,209,4,214,0,20,244,4,268,543,0,543,811
09/11/2007,HIO,OR,ANM,WE,Towers with Radar,0,25,33,0,58,0,4,264,3,271,0,29,297,3,329,706,0,706,1035
09/12/2007,HIO,OR,ANM,WE,Towers with Radar,0,21,61,0,82,0,6,201,0,207,0,27,262,0,289,684,0,684,973
09/13/2007,HIO,OR,ANM,WE,Towers with Radar,0,20,84,0,104,0,1,37,0,38,0,21,121,0,142,462,0,462,604
09/14/2007,HIO,OR,ANM,WE,Towers with Radar,0,23,49,0,72,0,9,155,0,164,0,32,204,0,236,808,0,808,1044
09/15/2007,HIO,OR,ANM,WE,Towers with Radar,0,1,49,0,50,0,2,193,0,195,0,3,242,0,245,501,0,501,746
09/16/2007,HIO,OR,ANM,WE,Towers with Radar,0,5,54,0,59,0,5,103,0,108,0,10,157,0,167,295,0,295,462
09/17/2007,HIO,OR,ANM,WE,Towers with Radar,0,18,63,0,81,0,2,168,0,170,0,20,231,0,251,583,0,583,834
09/18/2007,HIO,OR,ANM,WE,Towers with Radar,0,19,47,0,66,0,0,223,0,223,0,19,270,0,289,577,2,579,868
09/19/2007,HIO,OR,ANM,WE,Towers with Radar,0,22,36,0,58,0,0,241,0,241,0,22,277,0,299,626,0,626,925
09/20/2007,HIO,OR,ANM,WE,Towers with Radar,0,21,44,2,67,0,2,283,1,286,0,23,327,3,353,632,0,632,985
09/21/2007,HIO,OR,ANM,WE,Towers with Radar,0,18,47,0,65,0,2,241,5,248,0,20,288,5,313,561,0,561,874
09/22/2007,HIO,OR,ANM,WE,Towers with Radar,0,0,39,0,39,0,5,184,0,189,0,5,223,0,228,300,0,300,528
09/23/2007,HIO,OR,ANM,WE,Towers with Radar,0,3,26,0,29,0,0,197,0,197,0,3,223,0,226,343,0,343,569
09/24/2007,HIO,OR,ANM,WE,Towers with Radar,0,23,40,0,63,0,7,226,1,234,0,30,266,1,297,607,0,607,904
09/25/2007,HIO,OR,ANM,WE,Towers with Radar,0,19,31,0,50,0,4,199,0,203,0,23,230,0,253,672,0,672,925
09/26/2007,HIO,OR,ANM,WE,Towers with Radar,0,23,54,0,77,0,5,213,0,218,0,28,267,0,295,622,2,624,919
09/27/2007,HIO,OR,ANM,WE,Towers with Radar,0,22,45,0,67,0,1,243,0,244,0,23,288,0,311,658,0,658,969
09/28/2007,HIO,OR,ANM,WE,Towers with Radar,0,23,40,0,63,0,6,83,0,89,0,29,123,0,152,401,0,401,553
09/29/2007,HIO,OR,ANM,WE,Towers with Radar,0,2,57,0,59,0,0,69,0,69,0,2,126,0,128,220,0,220,348
09/30/2007,HIO,OR,ANM,WE,Towers with Radar,0,4,43,0,47,0,4,21,0,25,0,8,64,0,72,80,0,80,152
10/01/2007,HIO,OR,ANM,WE,Towers with Radar,0,17,50,0,67,0,3,115,0,118,0,20,165,0,185,598,0,598,783
10/02/2007,HIO,OR,ANM,WE,Towers with Radar,0,23,44,0,67,0,0,89,0,89,0,23,133,0,156,259,0,259,415
10/03/2007,HIO,OR,ANM,WE,Towers with Radar,0,19,52,0,71,0,0,142,0,142,0,19,194,0,213,656,0,656,869
10/04/2007,HIO,OR,ANM,WE,Towers with Radar,0,22,44,0,66,0,2,111,0,113,0,24,155,0,179,579,0,579,758
10/05/2007,HIO,OR,ANM,WE,Towers with Radar,0,20,51,0,71,0,1,245,0,246,0,21,296,0,317,690,0,690,1007
10/06/2007,HIO,OR,ANM,WE,Towers with Radar,0,8,35,0,43,0,4,121,0,125,0,12,156,0,168,411,0,411,579
10/07/2007,HIO,OR,ANM,WE,Towers with Radar,0,6,43,0,49,0,6,79,0,85,0,12,122,0,134,426,0,426,560
10/08/2007,HIO,OR,ANM,WE,Towers with Radar,0,24,47,0,71,0,4,183,0,187,0,28,230,0,258,723,0,723,981
10/09/2007,HIO,OR,ANM,WE,Towers with Radar,0,20,40,0,60,0,4,164,0,168,0,24,204,0,228,624,0,624,852
10/10/2007,HIO,OR,ANM,WE,Towers with Radar,0,34,57,0,91,0,1,179,0,180,0,35,236,0,271,486,0,486,757
10/11/2007,HIO,OR,ANM,WE,Towers with Radar,0,22,40,0,62,0,3,229,0,232,0,25,269,0,294,554,0,554,848
10/12/2007,HIO,OR,ANM,WE,Towers with Radar,0,20,41,0,61,0,2,262,0,264,0,22,303,0,325,639,0,639,964
10/13/2007,HIO,OR,ANM,WE,Towers with Radar,0,6,39,0,45,0,4,140,0,144,0,10,179,0,189,218,0,218,407
10/14/2007,HIO,OR,ANM,WE,Towers with Radar,0,9,48,0,57,0,0,74,0,74,0,9,122,0,131,350,0,350,481
10/15/2007,HIO,OR,ANM,WE,Towers with Radar,0,20,53,0,73,0,0,65,0,65,0,20,118,0,138,247,0,247,385
10/16/2007,HIO,OR,ANM,WE,Towers with Radar,0,23,45,0,68,0,3,132,0,135,0,26,177,0,203,435,0,435,638
10/17/2007,HIO,OR,ANM,WE,Towers with Radar,0,17,63,0,80,0,0,58,0,58,0,17,121,0,138,407,0,407,545
10/18/2007,HIO,OR,ANM,WE,Towers with Radar,0,23,19,0,42,0,0,26,0,26,0,23,45,0,68,198,0,198,266
10/19/2007,HIO,OR,ANM,WE,Towers with Radar,0,22,38,0,60,0,3,107,0,110,0,25,145,0,170,573,0,573,743
10/20/2007,HIO,OR,ANM,WE,Towers with Radar,0,5,27,0,32,0,0,33,0,33,0,5,60,0,65,355,0,355,420
10/21/2007,HIO,OR,ANM,WE,Towers with Radar,0,4,53,0,57,0,0,161,2,163,0,4,214,2,220,616,0,616,836
10/22/2007,HIO,OR,ANM,WE,Towers with Radar,0,22,47,0,69,0,3,234,0,237,0,25,281,0,306,646,0,646,952
10/23/2007,HIO,OR,ANM,WE,Towers with Radar,0,24,41,4,69,0,2,286,0,288,0,26,327,4,357,544,0,544,901
10/24/2007,HIO,OR,ANM,WE,Towers with Radar,0,23,70,0,93,0,0,44,0,44,0,23,114,0,137,215,0,215,352
10/25/2007,HIO,OR,ANM,WE,Towers with Radar,0,15,30,0,45,0,0,161,0,161,0,15,191,0,206,196,0,196,402
10/26/2007,HIO,OR,ANM,WE,Towers with Radar,0,21,31,0,52,0,4,262,0,266,0,25,293,0,318,572,0,572,890
10/27/2007,HIO,OR,ANM,WE,Towers with Radar,0,2,34,0,36,0,2,262,0,264,0,4,296,0,300,536,0,536,836
10/28/2007,HIO,OR,ANM,WE,Towers with Radar,0,7,29,0,36,0,6,227,0,233,0,13,256,0,269,539,0,539,808
10/29/2007,HIO,OR,ANM,WE,Towers with Radar,0,23,27,0,50,0,3,219,0,222,0,26,246,0,272,733,0,733,1005
10/30/2007,HIO,OR,ANM,WE,Towers with Radar,0,20,47,0,67,0,4,240,0,244,0,24,287,0,311,586,0,586,897
10/31/2007,HIO,OR,ANM,WE,Towers with Radar,0,22,33,0,55,0,5,195,0,200,0,27,228,0,255,613,0,613,868
11/01/2007,HIO,OR,ANM,WE,Towers with Radar,0,19,55,0,74,0,3,251,0,254,0,22,306,0,328,689,0,689,1017
11/02/2007,HIO,OR,ANM,WE,Towers with Radar,0,19,41,0,60,0,1,249,0,250,0,20,290,0,310,762,0,762,1072
11/03/2007,HIO,OR,ANM,WE,Towers with Radar,0,1,38,0,39,0,2,228,0,230,0,3,266,0,269,617,0,617,886
11/04/2007,HIO,OR,ANM,WE,Towers with Radar,0,2,37,0,39,0,6,141,0,147,0,8,178,0,186,369,0,369,555
11/05/2007,HIO,OR,ANM,WE,Towers with Radar,0,14,37,0,51,0,0,168,0,168,0,14,205,0,219,354,0,354,573
11/06/2007,HIO,OR,ANM,WE,Towers with Radar,0,16,37,1,54,0,1,167,1,169,0,17,204,2,223,349,0,349,572
11/07/2007,HIO,OR,ANM,WE,Towers with Radar,0,19,21,0,40,0,0,122,0,122,0,19,143,0,162,384,0,384,546
11/08/2007,HIO,OR,ANM,WE,Towers with Radar,0,16,52,0,68,0,0,8,0,8,0,16,60,0,76,44,0,44,120
11/09/2007,HIO,OR,ANM,WE,Towers with Radar,0,18,83,0,101,0,6,72,0,78,0,24,155,0,179,502,0,502,681
11/10/2007,HIO,OR,ANM,WE,Towers with Radar,0,0,44,0,44,0,0,256,0,256,0,0,300,0,300,760,0,760,1060
11/11/2007,HIO,OR,ANM,WE,Towers with Radar,0,3,37,0,40,0,0,143,0,143,0,3,180,0,183,546,0,546,729
11/12/2007,HIO,OR,ANM,WE,Towers with Radar,0,23,20,0,43,0,2,9,0,11,0,25,29,0,54,2,0,2,56
11/13/2007,HIO,OR,ANM,WE,Towers with Radar,0,21,43,0,64,0,5,191,0,196,0,26,234,0,260,464,0,464,724
11/14/2007,HIO,OR,ANM,WE,Towers with Radar,0,20,41,0,61,0,1,181,2,184,0,21,222,2,245,592,0,592,837
11/15/2007,HIO,OR,ANM,WE,Towers with Radar,0,20,51,0,71,0,2,100,0,102,0,22,151,0,173,485,0,485,658
11/16/2007,HIO,OR,ANM,WE,Towers with Radar,0,22,63,0,85,0,0,9,0,9,0,22,72,0,94,265,0,265,359
11/17/2007,HIO,OR,ANM,WE,Towers with Radar,0,3,31,0,34,0,3,14,0,17,0,6,45,0,51,160,0,160,211
11/18/2007,HIO,OR,ANM,WE,Towers with Radar,0,3,30,0,33,0,1,11,0,12,0,4,41,0,45,370,0,370,415
11/19/2007,HIO,OR,ANM,WE,Towers with Radar,0,6,35,0,41,0,0,26,0,26,0,6,61,0,67,433,0,433,500
11/20/2007,HIO,OR,ANM,WE,Towers with Radar,0,2,72,0,74,0,0,158,0,158,0,2,230,0,232,486,0,486,718
11/21/2007,HIO,OR,ANM,WE,Towers with Radar,0,1,41,0,42,0,11,229,0,240,0,12,270,0,282,484,0,484,766
11/22/2007,HIO,OR,ANM,WE,Towers with Radar,0,4,9,0,13,0,3,55,0,58,0,7,64,0,71,38,0,38,109
11/23/2007,HIO,OR,ANM,WE,Towers with Radar,0,4,44,0,48,0,5,207,0,212,0,9,251,0,260,574,0,574,834
11/24/2007,HIO,OR,ANM,WE,Towers with Radar,0,5,32,0,37,0,0,141,0,141,0,5,173,0,178,592,0,592,770
11/25/2007,HIO,OR,ANM,WE,Towers with Radar,0,5,46,0,51,0,0,176,0,176,0,5,222,0,227,449,0,449,676
11/26/2007,HIO,OR,ANM,WE,Towers with Radar,0,29,39,0,68,0,0,108,0,108,0,29,147,0,176,637,0,637,813
11/27/2007,HIO,OR,ANM,WE,Towers with Radar,0,21,55,0,76,0,6,129,0,135,0,27,184,0,211,473,0,473,684
11/28/2007,HIO,OR,ANM,WE,Towers with Radar,0,16,15,0,31,0,0,7,0,7,0,16,22,0,38,0,0,0,38
11/29/2007,HIO,OR,ANM,WE,Towers with Radar,0,28,59,0,87,0,0,74,0,74,0,28,133,0,161,470,0,470,631
11/30/2007,HIO,OR,ANM,WE,Towers with Radar,0,23,21,0,44,0,0,166,0,166,0,23,187,0,210,802,0,802,1012
12/01/2007,HIO,OR,ANM,WE,Towers with Radar,0,2,19,0,21,0,0,11,0,11,0,2,30,0,32,255,0,255,287
12/02/2007,HIO,OR,ANM,WE,Towers with Radar,0,8,11,0,19,0,2,0,0,2,0,10,11,0,21,10,0,10,31
12/03/2007,HIO,OR,ANM,WE,Towers with Radar,0,18,18,0,36,0,0,2,0,2,0,18,20,0,38,0,0,0,38
12/04/2007,HIO,OR,ANM,WE,Towers with Radar,0,22,48,0,70,0,4,162,0,166,0,26,210,0,236,544,0,544,780
12/05/2007,HIO,OR,ANM,WE,Towers with Radar,0,13,40,0,53,0,0,9,0,9,0,13,49,0,62,0,0,0,62
12/06/2007,HIO,OR,ANM,WE,Towers with Radar,0,22,82,0,104,0,2,64,0,66,0,24,146,0,170,417,0,417,587
12/07/2007,HIO,OR,ANM,WE,Towers with Radar,0,27,46,0,73,0,0,199,0,199,0,27,245,0,272,684,0,684,956
12/08/2007,HIO,OR,ANM,WE,Towers with Radar,0,3,40,0,43,0,1,257,2,260,0,4,297,2,303,512,0,512,815
12/09/2007,HIO,OR,ANM,WE,Towers with Radar,0,6,21,2,29,0,0,37,4,41,0,6,58,6,70,275,0,275,345
12/10/2007,HIO,OR,ANM,WE,Towers with Radar,0,19,51,0,70,0,1,121,0,122,0,20,172,0,192,408,0,408,600
12/11/2007,HIO,OR,ANM,WE,Towers with Radar,0,27,43,2,72,0,0,242,0,242,0,27,285,2,314,522,0,522,836
12/12/2007,HIO,OR,ANM,WE,Towers with Radar,0,21,43,0,64,0,0,179,0,179,0,21,222,0,243,472,0,472,715
12/13/2007,HIO,OR,ANM,WE,Towers with Radar,0,12,14,0,26,0,1,2,0,3,0,13,16,0,29,0,0,0,29
12/14/2007,HIO,OR,ANM,WE,Towers with Radar,0,16,42,0,58,0,1,52,0,53,0,17,94,0,111,208,0,208,319
12/15/2007,HIO,OR,ANM,WE,Towers with Radar,0,4,20,0,24,0,2,162,0,164,0,6,182,0,188,467,0,467,655
12/16/2007,HIO,OR,ANM,WE,Towers with Radar,0,3,16,0,19,0,1,101,0,102,0,4,117,0,121,521,0,521,642
12/17/2007,HIO,OR,ANM,WE,Towers with Radar,0,1,27,0,28,0,2,110,0,112,0,3,137,0,140,402,0,402,542
12/18/2007,HIO,OR,ANM,WE,Towers with Radar,0,7,55,0,62,0,5,36,0,41,0,12,91,0,103,171,0,171,274
12/19/2007,HIO,OR,ANM,WE,Towers with Radar,0,4,17,0,21,0,1,1,0,2,0,5,18,0,23,4,0,4,27
12/20/2007,HIO,OR,ANM,WE,Towers with Radar,0,6,49,0,55,0,3,144,0,147,0,9,193,0,202,533,0,533,735
12/21/2007,HIO,OR,ANM,WE,Towers with Radar,0,3,56,0,59,0,6,32,0,38,0,9,88,0,97,226,0,226,323
12/22/2007,HIO,OR,ANM,WE,Towers with Radar,0,3,25,0,28,0,0,10,0,10,0,3,35,0,38,130,0,130,168
12/23/2007,HIO,OR,ANM,WE,Towers with Radar,0,3,11,0,14,0,0,3,0,3,0,3,14,0,17,29,0,29,46
12/24/2007,HIO,OR,ANM,WE,Towers with Radar,0,6,15,0,21,0,2,80,0,82,0,8,95,0,103,237,0,237,340
12/25/2007,HIO,OR,ANM,WE,Towers with Radar,0,0,8,0,8,0,0,1,0,1,0,0,9,0,9,8,0,8,17
12/26/2007,HIO,OR,ANM,WE,Towers with Radar,0,6,35,0,41,0,0,27,0,27,0,6,62,0,68,183,0,183,251
12/27/2007,HIO,OR,ANM,WE,Towers with Radar,0,5,22,0,27,0,0,0,0,0,0,5,22,0,27,50,0,50,77
12/28/2007,HIO,OR,ANM,WE,Towers with Radar,0,9,35,1,45,0,8,44,0,52,0,17,79,1,97,313,0,313,410
12/29/2007,HIO,OR,ANM,WE,Towers with Radar,0,3,25,0,28,0,0,5,0,5,0,3,30,0,33,4,0,4,37
12/30/2007,HIO,OR,ANM,WE,Towers with Radar,0,1,10,0,11,0,3,50,0,53,0,4,60,0,64,362,0,362,426
12/31/2007,HIO,OR,ANM,WE,Towers with Radar,0,6,35,0,41,0,0,63,0,63,0,6,98,0,104,201,0,201,305
01/01/2008,HIO,OR,ANM,WE,Towers with Radar,0,3,11,0,14,0,2,123,0,125,0,5,134,0,139,29,0,29,168
01/02/2008,HIO,OR,ANM,WE,Towers with Radar,0,2,52,0,54,0,0,7,0,7,0,2,59,0,61,98,0,98,159
01/03/2008,HIO,OR,ANM,WE,Towers with Radar,0,10,51,0,61,0,0,96,0,96,0,10,147,0,157,535,0,535,692
01/04/2008,HIO,OR,ANM,WE,Towers with Radar,0,5,20,0,25,0,0,20,0,20,0,5,40,0,45,82,0,82,127
01/05/2008,HIO,OR,ANM,WE,Towers with Radar,0,3,22,0,25,0,0,22,0,22,0,3,44,0,47,229,0,229,276
01/06/2008,HIO,OR,ANM,WE,Towers with Radar,0,10,12,0,22,0,0,28,0,28,0,10,40,0,50,385,0,385,435
01/07/2008,HIO,OR,ANM,WE,Towers with Radar,0,18,53,0,71,0,1,70,0,71,0,19,123,0,142,403,0,403,545
01/08/2008,HIO,OR,ANM,WE,Towers with Radar,0,17,52,0,69,0,3,11,0,14,0,20,63,0,83,325,0,325,408
01/09/2008,HIO,OR,ANM,WE,Towers with Radar,0,19,55,0,74,0,6,204,0,210,0,25,259,0,284,615,0,615,899
01/10/2008,HIO,OR,ANM,WE,Towers with Radar,0,25,69,0,94,0,1,93,0,94,0,26,162,0,188,458,0,458,646
01/11/2008,HIO,OR,ANM,WE,Towers with Radar,0,16,66,0,82,0,9,116,0,125,0,25,182,0,207,546,0,546,753
01/12/2008,HIO,OR,ANM,WE,Towers with Radar,0,3,55,0,58,0,1,81,0,82,0,4,136,0,140,457,0,457,597
01/13/2008,HIO,OR,ANM,WE,Towers with Radar,0,8,37,0,45,0,2,84,0,86,0,10,121,0,131,208,0,208,339
01/14/2008,HIO,OR,ANM,WE,Towers with Radar,0,21,49,0,70,0,0,6,0,6,0,21,55,0,76,50,0,50,126
01/15/2008,HIO,OR,ANM,WE,Towers with Radar,0,12,57,0,69,0,0,165,0,165,0,12,222,0,234,381,0,381,615
01/16/2008,HIO,OR,ANM,WE,Towers with Radar,0,16,40,0,56,0,1,252,0,253,0,17,292,0,309,493,0,493,802
01/17/2008,HIO,OR,ANM,WE,Towers with Radar,0,21,38,0,59,0,0,0,0,0,0,21,38,0,59,172,0,172,231
01/18/2008,HIO,OR,ANM,WE,Towers with Radar,0,20,83,0,103,0,0,83,0,83,0,20,166,0,186,420,0,420,606
01/19/2008,HIO,OR,ANM,WE,Towers with Radar,0,4,28,0,32,0,0,1,0,1,0,4,29,0,33,138,0,138,171
01/20/2008,HIO,OR,ANM,WE,Towers with Radar,0,11,33,0,44,0,3,105,0,108,0,14,138,0,152,247,0,247,399
01/21/2008,HIO,OR,ANM,WE,Towers with Radar,0,18,58,0,76,0,0,114,0,114,0,18,172,0,190,86,0,86,276
01/22/2008,HIO,OR,ANM,WE,Towers with Radar,0,18,58,1,77,0,0,235,1,236,0,18,293,2,313,365,0,365,678
01/23/2008,HIO,OR,ANM,WE,Towers with Radar,0,21,35,1,57,0,3,281,3,287,0,24,316,4,344,547,0,547,891
01/24/2008,HIO,OR,ANM,WE,Towers with Radar,0,23,59,0,82,0,0,262,0,262,0,23,321,0,344,501,0,501,845
01/25/2008,HIO,OR,ANM,WE,Towers with Radar,0,20,24,1,45,0,313,0,1,314,0,333,24,2,359,586,0,586,945
01/26/2008,HIO,OR,ANM,WE,Towers with Radar,0,0,4,0,4,0,0,11,0,11,0,0,15,0,15,85,0,85,100
01/27/2008,HIO,OR,ANM,WE,Towers with Radar,0,7,18,0,25,0,0,0,0,0,0,7,18,0,25,59,0,59,84
01/28/2008,HIO,OR,ANM,WE,Towers with Radar,0,12,24,0,36,0,4,9,0,13,0,16,33,0,49,204,0,204,253
01/29/2008,HIO,OR,ANM,WE,Towers with Radar,0,16,19,0,35,0,1,3,0,4,0,17,22,0,39,179,0,179,218
01/30/2008,HIO,OR,ANM,WE,Towers with Radar,0,20,14,0,34,0,0,6,4,10,0,20,20,4,44,343,0,343,387
01/31/2008,HIO,OR,ANM,WE,Towers with Radar,0,22,24,0,46,0,6,51,0,57,0,28,75,0,103,489,0,489,592
02/01/2008,HIO,OR,ANM,WE,Towers with Radar,0,20,45,0,65,0,0,72,0,72,0,20,117,0,137,529,0,529,666
02/02/2008,HIO,OR,ANM,WE,Towers with Radar,0,2,6,0,8,0,1,0,0,1,0,3,6,0,9,0,0,0,9
02/03/2008,HIO,OR,ANM,WE,Towers with Radar,0,8,33,0,41,0,1,147,0,148,0,9,180,0,189,473,0,473,662
02/04/2008,HIO,OR,ANM,WE,Towers with Radar,0,28,52,0,80,0,0,95,0,95,0,28,147,0,175,653,0,653,828
02/05/2008,HIO,OR,ANM,WE,Towers with Radar,0,19,41,0,60,0,3,86,0,89,0,22,127,0,149,299,0,299,448
02/06/2008,HIO,OR,ANM,WE,Towers with Radar,0,23,51,0,74,0,1,73,0,74,0,24,124,0,148,320,0,320,468
02/07/2008,HIO,OR,ANM,WE,Towers with Radar,0,24,55,0,79,0,7,159,0,166,0,31,214,0,245,518,0,518,763
02/08/2008,HIO,OR,ANM,WE,Towers with Radar,0,26,45,0,71,0,1,64,0,65,0,27,109,0,136,405,0,405,541
02/09/2008,HIO,OR,ANM,WE,Towers with Radar,0,3,59,0,62,0,0,249,0,249,0,3,308,0,311,455,0,455,766
02/10/2008,HIO,OR,ANM,WE,Towers with Radar,0,6,67,0,73,0,1,161,0,162,0,7,228,0,235,539,0,539,774
02/11/2008,HIO,OR,ANM,WE,Towers with Radar,0,17,51,0,68,0,0,249,0,249,0,17,300,0,317,596,0,596,913
02/12/2008,HIO,OR,ANM,WE,Towers with Radar,0,22,63,0,85,0,4,33,0,37,0,26,96,0,122,122,0,122,244
02/13/2008,HIO,OR,ANM,WE,Towers with Radar,0,25,35,0,60,0,3,159,0,162,0,28,194,0,222,505,0,505,727
02/14/2008,HIO,OR,ANM,WE,Towers with Radar,0,24,74,0,98,0,7,274,0,281,0,31,348,0,379,557,0,557,936
02/15/2008,HIO,OR,ANM,WE,Towers with Radar,0,15,50,1,66,0,7,284,0,291,0,22,334,1,357,562,0,562,919
02/16/2008,HIO,OR,ANM,WE,Towers with Radar,0,1,53,0,54,0,3,219,0,222,0,4,272,0,276,492,0,492,768
02/17/2008,HIO,OR,ANM,WE,Towers with Radar,0,5,43,0,48,0,1,222,0,223,0,6,265,0,271,298,0,298,569
02/18/2008,HIO,OR,ANM,WE,Towers with Radar,0,10,73,0,83,0,3,280,0,283,0,13,353,0,366,598,0,598,964
02/19/2008,HIO,OR,ANM,WE,Towers with Radar,0,18,56,0,74,0,1,111,0,112,0,19,167,0,186,410,0,410,596
02/20/2008,HIO,OR,ANM,WE,Towers with Radar,0,22,55,0,77,0,4,168,0,172,0,26,223,0,249,613,0,613,862
02/21/2008,HIO,OR,ANM,WE,Towers with Radar,0,19,47,0,66,0,3,217,0,220,0,22,264,0,286,524,0,524,810
02/22/2008,HIO,OR,ANM,WE,Towers with Radar,0,27,39,0,66,0,9,188,0,197,0,36,227,0,263,378,0,378,641
02/23/2008,HIO,OR,ANM,WE,Towers with Radar,0,1,35,0,36,0,5,260,0,265,0,6,295,0,301,555,0,555,856
02/24/2008,HIO,OR,ANM,WE,Towers with Radar,0,4,41,0,45,0,1,216,4,221,0,5,257,4,266,388,0,388,654
02/25/2008,HIO,OR,ANM,WE,Towers with Radar,0,17,53,0,70,0,1,202,0,203,0,18,255,0,273,606,0,606,879
02/26/2008,HIO,OR,ANM,WE,Towers with Radar,0,19,57,0,76,0,2,233,0,235,0,21,290,0,311,574,0,574,885
02/27/2008,HIO,OR,ANM,WE,Towers with Radar,0,26,52,0,78,0,2,228,0,230,0,28,280,0,308,590,0,590,898
02/28/2008,HIO,OR,ANM,WE,Towers with Radar,0,22,50,0,72,0,6,286,0,292,0,28,336,0,364,527,0,527,891
02/29/2008,HIO,OR,ANM,WE,Towers with Radar,0,22,39,0,61,0,0,169,0,169,0,22,208,0,230,467,0,467,697
03/01/2008,HIO,OR,ANM,WE,Towers with Radar,0,3,25,0,28,0,1,76,2,79,0,4,101,2,107,769,0,769,876
03/02/2008,HIO,OR,ANM,WE,Towers with Radar,0,4,41,0,45,0,7,187,0,194,0,11,228,0,239,238,0,238,477
03/03/2008,HIO,OR,ANM,WE,Towers with Radar,0,19,25,0,44,0,1,56,0,57,0,20,81,0,101,371,0,371,472
03/04/2008,HIO,OR,ANM,WE,Towers with Radar,0,25,47,0,72,0,4,222,0,226,0,29,269,0,298,679,0,679,977
03/05/2008,HIO,OR,ANM,WE,Towers with Radar,0,19,43,0,62,0,3,238,4,245,0,22,281,4,307,499,0,499,806
03/06/2008,HIO,OR,ANM,WE,Towers with Radar,0,25,49,0,74,0,1,276,3,280,0,26,325,3,354,831,0,831,1185
03/07/2008,HIO,OR,ANM,WE,Towers with Radar,0,19,68,0,87,0,3,205,0,208,0,22,273,0,295,582,0,582,877
03/08/2008,HIO,OR,ANM,WE,Towers with Radar,0,3,43,0,46,0,7,213,0,220,0,10,256,0,266,767,0,767,1033
03/09/2008,HIO,OR,ANM,WE,Towers with Radar,0,5,39,0,44,0,1,203,0,204,0,6,242,0,248,505,0,505,753
03/10/2008,HIO,OR,ANM,WE,Towers with Radar,0,16,50,1,67,0,0,155,0,155,0,16,205,1,222,560,0,560,782
03/11/2008,HIO,OR,ANM,WE,Towers with Radar,0,19,43,0,62,0,1,149,0,150,0,20,192,0,212,350,0,350,562
03/12/2008,HIO,OR,ANM,WE,Towers with Radar,0,25,47,0,72,0,3,298,0,301,0,28,345,0,373,785,0,785,1158
03/13/2008,HIO,OR,ANM,WE,Towers with Radar,0,18,21,0,39,0,5,27,0,32,0,23,48,0,71,344,0,344,415
03/14/2008,HIO,OR,ANM,WE,Towers with Radar,0,20,28,0,48,0,7,42,0,49,0,27,70,0,97,373,0,373,470
03/15/2008,HIO,OR,ANM,WE,Towers with Radar,0,7,22,0,29,0,4,39,0,43,0,11,61,0,72,408,0,408,480
03/16/2008,HIO,OR,ANM,WE,Towers with Radar,0,5,47,0,52,0,1,170,0,171,0,6,217,0,223,828,0,828,1051
03/17/2008,HIO,OR,ANM,WE,Towers with Radar,0,23,65,0,88,0,2,27,0,29,0,25,92,0,117,408,0,408,525
03/18/2008,HIO,OR,ANM,WE,Towers with Radar,0,21,47,2,70,0,1,125,2,128,0,22,172,4,198,532,0,532,730
03/19/2008,HIO,OR,ANM,WE,Towers with Radar,0,29,70,0,99,0,4,212,2,218,0,33,282,2,317,735,0,735,1052
03/20/2008,HIO,OR,ANM,WE,Towers with Radar,0,21,35,0,56,0,3,135,0,138,0,24,170,0,194,536,0,536,730
03/21/2008,HIO,OR,ANM,WE,Towers with Radar,0,20,35,0,55,0,5,145,0,150,0,25,180,0,205,702,0,702,907
03/22/2008,HIO,OR,ANM,WE,Towers with Radar,0,6,42,0,48,0,1,310,0,311,0,7,352,0,359,566,0,566,925
03/23/2008,HIO,OR,ANM,WE,Towers with Radar,0,7,32,0,39,0,1,19,0,20,0,8,51,0,59,177,0,177,236
03/24/2008,HIO,OR,ANM,WE,Towers with Radar,0,18,52,0,70,0,1,184,0,185,0,19,236,0,255,556,0,556,811
03/25/2008,HIO,OR,ANM,WE,Towers with Radar,0,23,67,0,90,0,10,147,0,157,0,33,214,0,247,473,0,473,720
03/26/2008,HIO,OR,ANM,WE,Towers with Radar,0,23,33,0,56,0,0,11,0,11,0,23,44,0,67,222,0,222,289
03/27/2008,HIO,OR,ANM,WE,Towers with Radar,0,20,38,0,58,0,2,70,0,72,0,22,108,0,130,423,0,423,553
03/28/2008,HIO,OR,ANM,WE,Towers with Radar,0,22,13,0,35,0,1,10,0,11,0,23,23,0,46,54,0,54,100
03/29/2008,HIO,OR,ANM,WE,Towers with Radar,0,3,19,0,22,0,2,19,0,21,0,5,38,0,43,409,0,409,452
03/30/2008,HIO,OR,ANM,WE,Towers with Radar,0,2,34,0,36,0,4,30,0,34,0,6,64,0,70,441,0,441,511
03/31/2008,HIO,OR,ANM,WE,Towers with Radar,0,23,79,1,103,0,2,174,0,176,0,25,253,1,279,530,0,530,809
04/01/2008,HIO,OR,ANM,WE,Towers with Radar,0,22,51,0,73,0,4,338,2,344,0,26,389,2,417,663,0,663,1080
04/02/2008,HIO,OR,ANM,WE,Towers with Radar,0,22,62,0,84,0,2,299,0,301,0,24,361,0,385,634,0,634,1019
04/03/2008,HIO,OR,ANM,WE,Towers with Radar,0,20,64,0,84,0,1,289,5,295,0,21,353,5,379,672,0,672,1051
04/04/2008,HIO,OR,ANM,WE,Towers with Radar,0,17,29,0,46,0,1,123,3,127,0,18,152,3,173,816,0,816,989
04/05/2008,HIO,OR,ANM,WE,Towers with Radar,0,2,56,0,58,0,2,0,4,6,0,4,56,4,64,693,0,693,757
04/06/2008,HIO,OR,ANM,WE,Towers with Radar,0,2,45,0,47,0,5,122,0,127,0,7,167,0,174,733,0,733,907
04/07/2008,HIO,OR,ANM,WE,Towers with Radar,0,22,33,0,55,0,3,94,0,97,0,25,127,0,152,482,0,482,634
04/08/2008,HIO,OR,ANM,WE,Towers with Radar,0,26,31,0,57,0,8,102,0,110,0,34,133,0,167,664,0,664,831
04/09/2008,HIO,OR,ANM,WE,Towers with Radar,0,27,34,1,62,0,2,33,1,36,0,29,67,2,98,354,0,354,452
04/10/2008,HIO,OR,ANM,WE,Towers with Radar,0,26,79,0,105,0,2,229,0,231,0,28,308,0,336,884,0,884,1220
04/11/2008,HIO,OR,ANM,WE,Towers with Radar,0,18,62,0,80,0,2,371,1,374,0,20,433,1,454,625,0,625,1079
04/12/2008,HIO,OR,ANM,WE,Towers with Radar,0,2,40,0,42,0,8,353,0,361,0,10,393,0,403,773,0,773,1176
04/13/2008,HIO,OR,ANM,WE,Towers with Radar,0,1,49,0,50,0,2,206,0,208,0,3,255,0,258,558,0,558,816
04/14/2008,HIO,OR,ANM,WE,Towers with Radar,0,21,28,0,49,0,0,95,5,100,0,21,123,5,149,511,12,523,672
04/15/2008,HIO,OR,ANM,WE,Towers with Radar,0,25,53,0,78,0,0,140,0,140,0,25,193,0,218,689,0,689,907
04/16/2008,HIO,OR,ANM,WE,Towers with Radar,0,23,81,0,104,0,1,96,1,98,0,24,177,1,202,346,0,346,548
04/17/2008,HIO,OR,ANM,WE,Towers with Radar,0,22,76,0,98,0,4,265,9,278,0,26,341,9,376,810,0,810,1186
04/18/2008,HIO,OR,ANM,WE,Towers with Radar,0,18,42,0,60,0,1,151,6,158,0,19,193,6,218,593,0,593,811
04/19/2008,HIO,OR,ANM,WE,Towers with Radar,0,7,12,0,19,0,3,35,0,38,0,10,47,0,57,309,0,309,366
04/20/2008,HIO,OR,ANM,WE,Towers with Radar,0,4,11,0,15,0,1,84,0,85,0,5,95,0,100,433,0,433,533
04/21/2008,HIO,OR,ANM,WE,Towers with Radar,0,20,13,0,33,0,1,57,0,58,0,21,70,0,91,519,0,519,610
04/22/2008,HIO,OR,ANM,WE,Towers with Radar,0,20,56,0,76,0,5,106,4,115,0,25,162,4,191,657,0,657,848
04/23/2008,HIO,OR,ANM,WE,Towers with Radar,0,18,24,0,42,0,1,13,0,14,0,19,37,0,56,78,0,78,134
04/24/2008,HIO,OR,ANM,WE,Towers with Radar,0,22,50,0,72,0,7,234,5,246,0,29,284,5,318,728,0,728,1046
04/25/2008,HIO,OR,ANM,WE,Towers with Radar,0,23,59,0,82,0,6,316,0,322,0,29,375,0,404,585,0,585,989
04/26/2008,HIO,OR,ANM,WE,Towers with Radar,0,5,39,0,44,0,1,295,0,296,0,6,334,0,340,500,0,500,840
04/27/2008,HIO,OR,ANM,WE,Towers with Radar,0,7,48,0,55,0,9,225,0,234,0,16,273,0,289,545,0,545,834
04/28/2008,HIO,OR,ANM,WE,Towers with Radar,0,21,56,0,77,0,0,151,1,152,0,21,207,1,229,391,0,391,620
04/29/2008,HIO,OR,ANM,WE,Towers with Radar,0,19,15,0,34,0,1,66,2,69,0,20,81,2,103,454,0,454,557
04/30/2008,HIO,OR,ANM,WE,Towers with Radar,0,18,39,0,57,0,3,208,5,216,0,21,247,5,273,711,0,711,984
05/01/2008,HIO,OR,ANM,WE,Towers with Radar,0,20,55,1,76,0,3,286,3,292,0,23,341,4,368,877,0,877,1245
05/02/2008,HIO,OR,ANM,WE,Towers with Radar,0,19,58,0,77,0,10,262,0,272,0,29,320,0,349,521,0,521,870
05/03/2008,HIO,OR,ANM,WE,Towers with Radar,0,1,49,0,50,0,4,149,0,153,0,5,198,0,203,557,0,557,760
05/04/2008,HIO,OR,ANM,WE,Towers with Radar,0,2,43,0,45,0,1,264,1,266,0,3,307,1,311,624,0,624,935
05/05/2008,HIO,OR,ANM,WE,Towers with Radar,0,21,48,0,69,0,2,233,0,235,0,23,281,0,304,790,0,790,1094
05/06/2008,HIO,OR,ANM,WE,Towers with Radar,0,23,69,0,92,0,3,209,2,214,0,26,278,2,306,589,0,589,895
05/07/2008,HIO,OR,ANM,WE,Towers with Radar,0,20,73,1,94,0,3,212,6,221,0,23,285,7,315,752,0,752,1067
05/08/2008,HIO,OR,ANM,WE,Towers with Radar,0,20,67,0,87,0,3,232,1,236,0,23,299,1,323,663,0,663,986
05/09/2008,HIO,OR,ANM,WE,Towers with Radar,0,18,55,0,73,0,2,311,0,313,0,20,366,0,386,623,0,623,1009
05/10/2008,HIO,OR,ANM,WE,Towers with Radar,0,1,41,0,42,0,2,175,0,177,0,3,216,0,219,407,0,407,626
05/11/2008,HIO,OR,ANM,WE,Towers with Radar,0,2,28,0,30,0,1,140,0,141,0,3,168,0,171,372,0,372,543
05/12/2008,HIO,OR,ANM,WE,Towers with Radar,0,23,45,0,68,0,1,225,4,230,0,24,270,4,298,809,0,809,1107
05/13/2008,HIO,OR,ANM,WE,Towers with Radar,0,25,57,0,82,0,1,75,0,76,0,26,132,0,158,435,0,435,593
05/14/2008,HIO,OR,ANM,WE,Towers with Radar,0,21,61,1,83,0,1,277,0,278,0,22,338,1,361,796,2,798,1159
05/15/2008,HIO,OR,ANM,WE,Towers with Radar,0,23,57,0,80,0,6,290,0,296,0,29,347,0,376,552,0,552,928
05/16/2008,HIO,OR,ANM,WE,Towers with Radar,0,20,26,0,46,0,2,297,0,299,0,22,323,0,345,476,0,476,821
05/17/2008,HIO,OR,ANM,WE,Towers with Radar,0,1,26,0,27,0,5,271,0,276,0,6,297,0,303,600,0,600,903
05/18/2008,HIO,OR,ANM,WE,Towers with Radar,0,4,19,0,23,0,5,296,0,301,0,9,315,0,324,619,0,619,943
05/19/2008,HIO,OR,ANM,WE,Towers with Radar,0,25,39,0,64,0,0,266,0,266,0,25,305,0,330,646,0,646,976
05/20/2008,HIO,OR,ANM,WE,Towers with Radar,0,21,79,0,100,0,2,159,0,161,0,23,238,0,261,462,1,463,724
05/21/2008,HIO,OR,ANM,WE,Towers with Radar,0,17,52,0,69,0,0,163,0,163,0,17,215,0,232,595,0,595,827
05/22/2008,HIO,OR,ANM,WE,Towers with Radar,0,28,56,3,87,0,0,202,6,208,0,28,258,9,295,715,0,715,1010
05/23/2008,HIO,OR,ANM,WE,Towers with Radar,0,8,83,2,93,0,1,72,1,74,0,9,155,3,167,523,0,523,690
05/24/2008,HIO,OR,ANM,WE,Towers with Radar,0,7,32,0,39,0,6,174,0,180,0,13,206,0,219,385,0,385,604
05/25/2008,HIO,OR,ANM,WE,Towers with Radar,0,3,25,0,28,0,0,6,0,6,0,3,31,0,34,211,0,211,245
05/26/2008,HIO,OR,ANM,WE,Towers with Radar,0,3,61,0,64,0,0,17,0,17,0,3,78,0,81,58,0,58,139
05/27/2008,HIO,OR,ANM,WE,Towers with Radar,0,23,83,0,106,0,0,134,0,134,0,23,217,0,240,497,0,497,737
05/28/2008,HIO,OR,ANM,WE,Towers with Radar,0,26,56,0,82,0,0,108,0,108,0,26,164,0,190,576,0,576,766
05/29/2008,HIO,OR,ANM,WE,Towers with Radar,0,26,62,1,89,0,6,151,0,157,0,32,213,1,246,605,0,605,851
05/30/2008,HIO,OR,ANM,WE,Towers with Radar,0,19,64,0,83,0,3,338,0,341,0,22,402,0,424,797,0,797,1221
05/31/2008,HIO,OR,ANM,WE,Towers with Radar,0,4,39,0,43,0,4,227,0,231,0,8,266,0,274,674,0,674,948
06/01/2008,HIO,OR,ANM,WE,Towers with Radar,0,0,45,0,45,0,2,129,0,131,0,2,174,0,176,839,0,839,1015
06/02/2008,HIO,OR,ANM,WE,Towers with Radar,0,20,55,0,75,0,4,231,0,235,0,24,286,0,310,733,0,733,1043
06/03/2008,HIO,OR,ANM,WE,Towers with Radar,0,18,61,1,80,0,0,96,1,97,0,18,157,2,177,343,1,344,521
06/04/2008,HIO,OR,ANM,WE,Towers with Radar,0,19,62,0,81,0,4,223,0,227,0,23,285,0,308,778,0,778,1086
06/05/2008,HIO,OR,ANM,WE,Towers with Radar,0,25,67,0,92,0,0,95,0,95,0,25,162,0,187,614,0,614,801
06/06/2008,HIO,OR,ANM,WE,Towers with Radar,0,20,49,1,70,0,1,78,4,83,0,21,127,5,153,361,0,361,514
06/07/2008,HIO,OR,ANM,WE,Towers with Radar,0,6,35,0,41,0,5,128,0,133,0,11,163,0,174,608,0,608,782
06/08/2008,HIO,OR,ANM,WE,Towers with Radar,0,1,49,0,50,0,5,254,0,259,0,6,303,0,309,550,0,550,859
06/09/2008,HIO,OR,ANM,WE,Towers with Radar,0,19,49,0,68,0,4,87,2,93,0,23,136,2,161,339,0,339,500
06/10/2008,HIO,OR,ANM,WE,Towers with Radar,0,29,40,0,69,0,2,112,0,114,0,31,152,0,183,508,0,508,691
06/11/2008,HIO,OR,ANM,WE,Towers with Radar,0,21,49,2,72,0,10,275,0,285,0,31,324,2,357,735,0,735,1092
06/12/2008,HIO,OR,ANM,WE,Towers with Radar,0,18,47,0,65,0,3,318,3,324,0,21,365,3,389,718,2,720,1109
06/13/2008,HIO,OR,ANM,WE,Towers with Radar,0,17,40,0,57,0,1,287,2,290,0,18,327,2,347,573,0,573,920
06/14/2008,HIO,OR,ANM,WE,Towers with Radar,0,4,27,0,31,0,8,361,0,369,0,12,388,0,400,667,0,667,1067
06/15/2008,HIO,OR,ANM,WE,Towers with Radar,0,6,17,0,23,0,3,253,0,256,0,9,270,0,279,572,0,572,851
06/16/2008,HIO,OR,ANM,WE,Towers with Radar,0,15,43,0,58,0,3,293,5,301,0,18,336,5,359,527,0,527,886
06/17/2008,HIO,OR,ANM,WE,Towers with Radar,0,26,53,2,81,0,1,212,0,213,0,27,265,2,294,571,0,571,865
06/18/2008,HIO,OR,ANM,WE,Towers with Radar,0,24,42,0,66,0,3,216,2,221,0,27,258,2,287,906,0,906,1193
06/19/2008,HIO,OR,ANM,WE,Towers with Radar,0,21,45,0,66,0,5,265,0,270,0,26,310,0,336,711,0,711,1047
06/20/2008,HIO,OR,ANM,WE,Towers with Radar,0,22,39,2,63,0,5,322,0,327,0,27,361,2,390,638,0,638,1028
06/21/2008,HIO,OR,ANM,WE,Towers with Radar,0,3,34,0,37,0,10,214,0,224,0,13,248,0,261,442,0,442,703
06/22/2008,HIO,OR,ANM,WE,Towers with Radar,0,3,35,0,38,0,5,148,2,155,0,8,183,2,193,466,0,466,659
06/23/2008,HIO,OR,ANM,WE,Towers with Radar,0,19,54,0,73,0,4,268,0,272,0,23,322,0,345,706,0,706,1051
06/24/2008,HIO,OR,ANM,WE,Towers with Radar,0,26,32,1,59,0,4,266,1,271,0,30,298,2,330,656,0,656,986
06/25/2008,HIO,OR,ANM,WE,Towers with Radar,0,21,34,0,55,0,1,281,0,282,0,22,315,0,337,754,0,754,1091
06/26/2008,HIO,OR,ANM,WE,Towers with Radar,0,21,49,0,70,0,1,265,4,270,0,22,314,4,340,726,0,726,1066
06/27/2008,HIO,OR,ANM,WE,Towers with Radar,0,17,31,0,48,0,8,280,0,288,0,25,311,0,336,608,0,608,944
06/28/2008,HIO,OR,ANM,WE,Towers with Radar,0,2,25,0,27,0,3,259,0,262,0,5,284,0,289,685,0,685,974
06/29/2008,HIO,OR,ANM,WE,Towers with Radar,0,3,25,0,28,0,2,133,0,135,0,5,158,0,163,540,0,540,703
06/30/2008,HIO,OR,ANM,WE,Towers with Radar,0,4,54,0,58,0,0,259,0,259,0,4,313,0,317,628,0,628,945
07/01/2008,HIO,OR,ANM,WE,Towers with Radar,0,4,43,0,47,0,3,241,0,244,0,7,284,0,291,651,0,651,942
07/02/2008,HIO,OR,ANM,WE,Towers with Radar,0,4,48,0,52,0,4,331,0,335,0,8,379,0,387,845,0,845,1232
07/03/2008,HIO,OR,ANM,WE,Towers with Radar,0,3,49,0,52,0,8,290,0,298,0,11,339,0,350,638,0,638,988
07/04/2008,HIO,OR,ANM,WE,Towers with Radar,0,2,37,0,39,0,3,120,0,123,0,5,157,0,162,164,0,164,326
07/05/2008,HIO,OR,ANM,WE,Towers with Radar,0,3,28,0,31,0,4,137,0,141,0,7,165,0,172,814,0,814,986
07/06/2008,HIO,OR,ANM,WE,Towers with Radar,0,2,41,0,43,0,4,245,0,249,0,6,286,0,292,638,0,638,930
07/07/2008,HIO,OR,ANM,WE,Towers with Radar,0,20,22,0,42,0,24,286,0,310,0,44,308,0,352,628,0,628,980
07/08/2008,HIO,OR,ANM,WE,Towers with Radar,0,22,27,0,49,0,2,234,2,238,0,24,261,2,287,458,1,459,746
07/09/2008,HIO,OR,ANM,WE,Towers with Radar,0,20,53,0,73,0,4,275,0,279,0,24,328,0,352,727,0,727,1079
07/10/2008,HIO,OR,ANM,WE,Towers with Radar,0,21,41,0,62,0,23,310,0,333,0,44,351,0,395,625,0,625,1020
07/11/2008,HIO,OR,ANM,WE,Towers with Radar,0,24,42,0,66,0,29,354,0,383,0,53,396,0,449,656,0,656,1105
07/12/2008,HIO,OR,ANM,WE,Towers with Radar,0,2,24,0,26,0,3,241,0,244,0,5,265,0,270,610,0,610,880
07/13/2008,HIO,OR,ANM,WE,Towers with Radar,0,4,34,0,38,0,3,194,0,197,0,7,228,0,235,549,0,549,784
07/14/2008,HIO,OR,ANM,WE,Towers with Radar,0,25,43,0,68,0,4,297,0,301,0,29,340,0,369,769,0,769,1138
07/15/2008,HIO,OR,ANM,WE,Towers with Radar,0,23,33,0,56,0,29,253,0,282,0,52,286,0,338,702,0,702,1040
07/16/2008,HIO,OR,ANM,WE,Towers with Radar,0,19,41,0,60,0,8,227,0,235,0,27,268,0,295,829,0,829,1124
07/17/2008,HIO,OR,ANM,WE,Towers with Radar,0,19,42,0,61,0,2,260,0,262,0,21,302,0,323,910,0,910,1233
07/18/2008,HIO,OR,ANM,WE,Towers with Radar,0,19,56,0,75,0,27,277,0,304,0,46,333,0,379,871,0,871,1250
07/19/2008,HIO,OR,ANM,WE,Towers with Radar,0,3,38,0,41,0,8,190,0,198,0,11,228,0,239,675,0,675,914
07/20/2008,HIO,OR,ANM,WE,Towers with Radar,0,3,28,0,31,0,3,176,0,179,0,6,204,0,210,390,0,390,600
07/21/2008,HIO,OR,ANM,WE,Towers with Radar,0,19,39,1,59,0,6,235,1,242,0,25,274,2,301,791,0,791,1092
07/22/2008,HIO,OR,ANM,WE,Towers with Radar,0,21,44,0,65,0,1,166,0,167,0,22,210,0,232,528,0,528,760
07/23/2008,HIO,OR,ANM,WE,Towers with Radar,0,16,16,0,32,0,3,291,0,294,0,19,307,0,326,668,0,668,994
07/24/2008,HIO,OR,ANM,WE,Towers with Radar,0,21,40,0,61,0,24,356,1,381,0,45,396,1,442,664,0,664,1106
07/25/2008,HIO,OR,ANM,WE,Towers with Radar,0,22,43,2,67,0,4,297,0,301,0,26,340,2,368,558,0,558,926
07/26/2008,HIO,OR,ANM,WE,Towers with Radar,0,1,28,0,29,0,5,211,0,216,0,6,239,0,245,533,0,533,778
07/27/2008,HIO,OR,ANM,WE,Towers with Radar,0,5,28,0,33,0,3,178,0,181,0,8,206,0,214,495,0,495,709
07/28/2008,HIO,OR,ANM,WE,Towers with Radar,0,20,40,0,60,0,0,291,0,291,0,20,331,0,351,700,0,700,1051
07/29/2008,HIO,OR,ANM,WE,Towers with Radar,0,21,225,0,246,0,0,0,0,0,0,21,225,0,246,697,0,697,943
07/30/2008,HIO,OR,ANM,WE,Towers with Radar,0,27,46,0,73,0,32,276,0,308,0,59,322,0,381,738,0,738,1119
07/31/2008,HIO,OR,ANM,WE,Towers with Radar,0,23,36,0,59,0,36,352,0,388,0,59,388,0,447,750,0,750,1197
08/01/2008,HIO,OR,ANM,WE,Towers with Radar,0,19,54,0,73,0,2,108,0,110,0,21,162,0,183,678,0,678,861
08/02/2008,HIO,OR,ANM,WE,Towers with Radar,0,7,44,0,51,0,2,210,0,212,0,9,254,0,263,430,0,430,693
08/03/2008,HIO,OR,ANM,WE,Towers with Radar,0,6,37,0,43,0,4,168,0,172,0,10,205,0,215,469,0,469,684
08/04/2008,HIO,OR,ANM,WE,Towers with Radar,0,21,36,0,57,0,5,229,0,234,0,26,265,0,291,399,0,399,690
08/05/2008,HIO,OR,ANM,WE,Towers with Radar,0,20,51,0,71,0,1,294,0,295,0,21,345,0,366,649,0,649,1015
08/06/2008,HIO,OR,ANM,WE,Towers with Radar,0,22,51,0,73,0,0,0,0,0,0,22,51,0,73,1050,0,1050,1123
08/07/2008,HIO,OR,ANM,WE,Towers with Radar,0,21,55,3,79,0,3,205,1,209,0,24,260,4,288,372,0,372,660
08/08/2008,HIO,OR,ANM,WE,Towers with Radar,0,20,27,1,48,0,2,57,4,63,0,22,84,5,111,218,0,218,329
08/09/2008,HIO,OR,ANM,WE,Towers with Radar,0,2,11,1,14,0,4,54,2,60,0,6,65,3,74,27,0,27,101
08/10/2008,HIO,OR,ANM,WE,Towers with Radar,0,3,13,3,19,0,4,55,2,61,0,7,68,5,80,12,0,12,92
08/11/2008,HIO,OR,ANM,WE,Towers with Radar,0,18,43,4,65,0,5,294,1,300,0,23,337,5,365,613,0,613,978
08/12/2008,HIO,OR,ANM,WE,Towers with Radar,0,22,45,0,67,0,301,0,0,301,0,323,45,0,368,464,0,464,832
08/13/2008,HIO,OR,ANM,WE,Towers with Radar,0,25,58,3,86,0,0,274,0,274,0,25,332,3,360,641,0,641,1001
08/14/2008,HIO,OR,ANM,WE,Towers with Radar,0,21,48,0,69,0,7,289,1,297,0,28,337,1,366,544,0,544,910
08/15/2008,HIO,OR,ANM,WE,Towers with Radar,0,23,51,0,74,0,4,317,0,321,0,27,368,0,395,683,0,683,1078
08/16/2008,HIO,OR,ANM,WE,Towers with Radar,0,1,21,0,22,0,3,237,0,240,0,4,258,0,262,474,0,474,736
08/17/2008,HIO,OR,ANM,WE,Towers with Radar,0,0,44,0,44,0,0,168,0,168,0,0,212,0,212,677,0,677,889
08/18/2008,HIO,OR,ANM,WE,Towers with Radar,0,24,101,4,129,0,0,0,0,0,0,24,101,4,129,252,2,254,383
08/19/2008,HIO,OR,ANM,WE,Towers with Radar,0,21,78,0,99,0,0,123,6,129,0,21,201,6,228,510,0,510,738
08/20/2008,HIO,OR,ANM,WE,Towers with Radar,0,18,89,0,107,0,2,30,3,35,0,20,119,3,142,934,0,934,1076
08/21/2008,HIO,OR,ANM,WE,Towers with Radar,0,27,67,0,94,0,2,266,6,274,0,29,333,6,368,747,0,747,1115
08/22/2008,HIO,OR,ANM,WE,Towers with Radar,0,25,51,0,76,0,7,414,0,421,0,32,465,0,497,659,0,659,1156
08/23/2008,HIO,OR,ANM,WE,Towers with Radar,0,4,35,0,39,0,8,293,0,301,0,12,328,0,340,603,0,603,943
08/24/2008,HIO,OR,ANM,WE,Towers with Radar,0,6,61,0,67,0,5,155,0,160,0,11,216,0,227,352,0,352,579
08/25/2008,HIO,OR,ANM,WE,Towers with Radar,0,21,63,0,84,0,6,240,0,246,0,27,303,0,330,707,0,707,1037
08/26/2008,HIO,OR,ANM,WE,Towers with Radar,0,20,59,0,79,0,3,281,0,284,0,23,340,0,363,579,0,579,942
08/27/2008,HIO,OR,ANM,WE,Towers with Radar,0,18,71,0,89,0,5,247,0,252,0,23,318,0,341,725,0,725,1066
08/28/2008,HIO,OR,ANM,WE,Towers with Radar,0,24,63,0,87,0,11,282,0,293,0,35,345,0,380,513,0,513,893
08/29/2008,HIO,OR,ANM,WE,Towers with Radar,0,4,55,0,59,0,2,244,0,246,0,6,299,0,305,553,0,553,858
08/30/2008,HIO,OR,ANM,WE,Towers with Radar,0,1,36,0,37,0,3,156,0,159,0,4,192,0,196,334,0,334,530
08/31/2008,HIO,OR,ANM,WE,Towers with Radar,0,2,26,0,28,0,2,114,0,116,0,4,140,0,144,386,0,386,530
09/01/2008,HIO,OR,ANM,WE,Towers with Radar,0,13,0,0,13,0,0,214,0,214,0,13,214,0,227,157,0,157,384
09/02/2008,HIO,OR,ANM,WE,Towers with Radar,0,17,67,0,84,0,4,210,0,214,0,21,277,0,298,576,0,576,874
09/03/2008,HIO,OR,ANM,WE,Towers with Radar,0,18,42,0,60,0,1,271,0,272,0,19,313,0,332,559,0,559,891
09/04/2008,HIO,OR,ANM,WE,Towers with Radar,0,20,98,0,118,0,2,246,0,248,0,22,344,0,366,670,0,670,1036
09/05/2008,HIO,OR,ANM,WE,Towers with Radar,0,23,50,0,73,0,5,273,0,278,0,28,323,0,351,557,0,557,908
09/06/2008,HIO,OR,ANM,WE,Towers with Radar,0,1,55,0,56,0,1,214,0,215,0,2,269,0,271,421,0,421,692
09/07/2008,HIO,OR,ANM,WE,Towers with Radar,0,0,56,0,56,0,4,227,0,231,0,4,283,0,287,461,0,461,748
09/08/2008,HIO,OR,ANM,WE,Towers with Radar,0,21,0,0,21,0,0,329,0,329,0,21,329,0,350,496,0,496,846
09/09/2008,HIO,OR,ANM,WE,Towers with Radar,0,22,73,0,95,0,0,256,0,256,0,22,329,0,351,498,0,498,849
09/10/2008,HIO,OR,ANM,WE,Towers with Radar,0,20,75,0,95,0,272,3,0,275,0,292,78,0,370,727,0,727,1097
09/11/2008,HIO,OR,ANM,WE,Towers with Radar,0,22,84,0,106,0,3,288,0,291,0,25,372,0,397,577,0,577,974
09/12/2008,HIO,OR,ANM,WE,Towers with Radar,0,23,71,0,94,0,3,253,0,256,0,26,324,0,350,606,0,606,956
09/13/2008,HIO,OR,ANM,WE,Towers with Radar,0,1,35,0,36,0,5,261,0,266,0,6,296,0,302,408,0,408,710
09/14/2008,HIO,OR,ANM,WE,Towers with Radar,0,1,35,0,36,0,7,245,0,252,0,8,280,0,288,446,0,446,734
09/15/2008,HIO,OR,ANM,WE,Towers with Radar,0,21,65,0,86,0,1,235,5,241,0,22,300,5,327,659,0,659,986
09/16/2008,HIO,OR,ANM,WE,Towers with Radar,0,19,44,0,63,0,0,262,0,262,0,19,306,0,325,568,0,568,893
09/17/2008,HIO,OR,ANM,WE,Towers with Radar,0,20,75,0,95,0,2,210,2,214,0,22,285,2,309,618,0,618,927
09/18/2008,HIO,OR,ANM,WE,Towers with Radar,0,20,93,2,115,0,3,92,0,95,0,23,185,2,210,790,0,790,1000
09/19/2008,HIO,OR,ANM,WE,Towers with Radar,0,21,80,0,101,0,6,159,0,165,0,27,239,0,266,525,0,525,791
09/20/2008,HIO,OR,ANM,WE,Towers with Radar,0,3,22,0,25,0,54,1,0,55,0,57,23,0,80,56,0,56,136
09/21/2008,HIO,OR,ANM,WE,Towers with Radar,0,12,0,0,12,0,0,50,0,50,0,12,50,0,62,32,0,32,94
09/22/2008,HIO,OR,ANM,WE,Towers with Radar,0,23,30,0,53,0,2,48,5,55,0,25,78,5,108,19,0,19,127
09/23/2008,HIO,OR,ANM,WE,Towers with Radar,0,29,23,0,52,0,1,78,2,81,0,30,101,2,133,29,0,29,162
09/24/2008,HIO,OR,ANM,WE,Towers with Radar,0,30,31,0,61,0,5,30,2,37,0,35,61,2,98,28,6,34,132
09/25/2008,HIO,OR,ANM,WE,Towers with Radar,0,23,46,0,69,0,0,56,2,58,0,23,102,2,127,212,0,212,339
09/26/2008,HIO,OR,ANM,WE,Towers with Radar,0,24,32,0,56,0,11,114,0,125,0,35,146,0,181,225,0,225,406
09/27/2008,HIO,OR,ANM,WE,Towers with Radar,0,0,32,0,32,0,5,102,0,107,0,5,134,0,139,166,0,166,305
09/28/2008,HIO,OR,ANM,WE,Towers with Radar,0,1,26,0,27,0,5,132,0,137,0,6,158,0,164,324,0,324,488
09/29/2008,HIO,OR,ANM,WE,Towers with Radar,0,21,141,0,162,0,0,0,0,0,0,21,141,0,162,247,0,247,409
09/30/2008,HIO,OR,ANM,WE,Towers with Radar,0,19,58,0,77,0,2,126,0,128,0,21,184,0,205,427,0,427,632
10/01/2008,HIO,OR,ANM,WE,Towers with Radar,0,20,74,0,94,0,0,113,0,113,0,20,187,0,207,383,0,383,590
10/02/2008,HIO,OR,ANM,WE,Towers with Radar,0,19,96,0,115,0,1,109,0,110,0,20,205,0,225,534,0,534,759
10/03/2008,HIO,OR,ANM,WE,Towers with Radar,0,16,110,0,126,0,0,65,5,70,0,16,175,5,196,582,0,582,778
10/04/2008,HIO,OR,ANM,WE,Towers with Radar,0,1,73,0,74,0,0,93,0,93,0,1,166,0,167,415,0,415,582
10/05/2008,HIO,OR,ANM,WE,Towers with Radar,0,2,88,0,90,0,0,14,0,14,0,2,102,0,104,239,0,239,343
10/06/2008,HIO,OR,ANM,WE,Towers with Radar,0,24,73,0,97,0,4,106,0,110,0,28,179,0,207,463,0,463,670
10/07/2008,HIO,OR,ANM,WE,Towers with Radar,0,22,71,0,93,0,2,155,0,157,0,24,226,0,250,450,0,450,700
10/08/2008,HIO,OR,ANM,WE,Towers with Radar,0,20,57,0,77,0,4,163,0,167,0,24,220,0,244,514,0,514,758
10/09/2008,HIO,OR,ANM,WE,Towers with Radar,0,18,51,0,69,0,1,121,0,122,0,19,172,0,191,551,0,551,742
10/10/2008,HIO,OR,ANM,WE,Towers with Radar,0,17,88,0,105,0,0,239,0,239,0,17,327,0,344,547,0,547,891
10/11/2008,HIO,OR,ANM,WE,Towers with Radar,0,3,43,0,46,0,1,220,0,221,0,4,263,0,267,566,0,566,833
10/12/2008,HIO,OR,ANM,WE,Towers with Radar,0,3,38,0,41,0,3,198,0,201,0,6,236,0,242,641,0,641,883
10/13/2008,HIO,OR,ANM,WE,Towers with Radar,0,16,68,0,84,0,0,171,0,171,0,16,239,0,255,710,0,710,965
10/14/2008,HIO,OR,ANM,WE,Towers with Radar,0,19,71,0,90,0,5,208,0,213,0,24,279,0,303,630,0,630,933
10/15/2008,HIO,OR,ANM,WE,Towers with Radar,0,21,90,0,111,0,2,109,0,111,0,23,199,0,222,434,0,434,656
10/16/2008,HIO,OR,ANM,WE,Towers with Radar,0,19,114,0,133,0,2,114,0,116,0,21,228,0,249,607,0,607,856
10/17/2008,HIO,OR,ANM,WE,Towers with Radar,0,23,82,0,105,0,3,187,2,192,0,26,269,2,297,388,0,388,685
10/18/2008,HIO,OR,ANM,WE,Towers with Radar,0,1,67,0,68,0,6,247,0,253,0,7,314,0,321,538,0,538,859
10/19/2008,HIO,OR,ANM,WE,Towers with Radar,0,2,211,0,213,0,0,0,0,0,0,2,211,0,213,389,0,389,602
10/20/2008,HIO,OR,ANM,WE,Towers with Radar,0,20,61,0,81,0,0,55,0,55,0,20,116,0,136,662,0,662,798
10/21/2008,HIO,OR,ANM,WE,Towers with Radar,0,14,57,0,71,0,1,104,0,105,0,15,161,0,176,292,0,292,468
10/22/2008,HIO,OR,ANM,WE,Towers with Radar,0,22,64,0,86,0,0,248,1,249,0,22,312,1,335,523,0,523,858
10/23/2008,HIO,OR,ANM,WE,Towers with Radar,0,20,65,0,85,0,1,260,0,261,0,21,325,0,346,568,0,568,914
10/24/2008,HIO,OR,ANM,WE,Towers with Radar,0,21,45,2,68,0,4,238,0,242,0,25,283,2,310,556,0,556,866
10/25/2008,HIO,OR,ANM,WE,Towers with Radar,0,4,54,0,58,0,8,184,0,192,0,12,238,0,250,596,0,596,846
10/26/2008,HIO,OR,ANM,WE,Towers with Radar,0,0,0,0,0,0,4,150,1,155,0,4,150,1,155,97,0,97,252
10/27/2008,HIO,OR,ANM,WE,Towers with Radar,0,16,49,0,65,0,3,224,0,227,0,19,273,0,292,685,0,685,977
10/28/2008,HIO,OR,ANM,WE,Towers with Radar,0,17,57,0,74,0,3,224,0,227,0,20,281,0,301,532,0,532,833
10/29/2008,HIO,OR,ANM,WE,Towers with Radar,0,24,71,0,95,0,3,91,0,94,0,27,162,0,189,408,0,408,597
10/30/2008,HIO,OR,ANM,WE,Towers with Radar,0,21,78,2,101,0,2,104,0,106,0,23,182,2,207,353,0,353,560
10/31/2008,HIO,OR,ANM,WE,Towers with Radar,0,23,66,0,89,0,0,80,0,80,0,23,146,0,169,422,0,422,591
11/01/2008,HIO,OR,ANM,WE,Towers with Radar,0,1,31,0,32,0,1,150,0,151,0,2,181,0,183,411,0,411,594
11/02/2008,HIO,OR,ANM,WE,Towers with Radar,0,3,135,2,140,0,0,0,0,0,0,3,135,2,140,605,0,605,745
11/03/2008,HIO,OR,ANM,WE,Towers with Radar,0,22,68,0,90,0,1,108,0,109,0,23,176,0,199,620,0,620,819
11/04/2008,HIO,OR,ANM,WE,Towers with Radar,0,23,57,0,80,0,0,131,7,138,0,23,188,7,218,577,0,577,795
11/05/2008,HIO,OR,ANM,WE,Towers with Radar,0,18,76,0,94,0,0,61,0,61,0,18,137,0,155,562,0,562,717
11/06/2008,HIO,OR,ANM,WE,Towers with Radar,0,22,69,0,91,0,1,23,0,24,0,23,92,0,115,301,0,301,416
11/07/2008,HIO,OR,ANM,WE,Towers with Radar,0,20,57,0,77,0,0,170,0,170,0,20,227,0,247,484,0,484,731
11/08/2008,HIO,OR,ANM,WE,Towers with Radar,0,7,22,0,29,0,0,17,0,17,0,7,39,0,46,133,0,133,179
11/09/2008,HIO,OR,ANM,WE,Towers with Radar,0,2,41,0,43,0,0,120,0,120,0,2,161,0,163,564,0,564,727
11/10/2008,HIO,OR,ANM,WE,Towers with Radar,0,21,0,0,21,0,0,189,3,192,0,21,189,3,213,392,0,392,605
11/11/2008,HIO,OR,ANM,WE,Towers with Radar,0,20,75,0,95,0,0,11,0,11,0,20,86,0,106,186,0,186,292
11/12/2008,HIO,OR,ANM,WE,Towers with Radar,0,25,54,0,79,0,4,12,0,16,0,29,66,0,95,82,0,82,177
11/13/2008,HIO,OR,ANM,WE,Towers with Radar,0,23,78,0,101,0,4,273,0,277,0,27,351,0,378,553,0,553,931
11/14/2008,HIO,OR,ANM,WE,Towers with Radar,0,16,79,0,95,0,0,317,0,317,0,16,396,0,412,530,0,530,942
11/15/2008,HIO,OR,ANM,WE,Towers with Radar,0,3,50,0,53,0,0,288,0,288,0,3,338,0,341,535,0,535,876
11/16/2008,HIO,OR,ANM,WE,Towers with Radar,0,0,45,0,45,0,4,153,0,157,0,4,198,0,202,354,0,354,556
11/17/2008,HIO,OR,ANM,WE,Towers with Radar,0,12,51,0,63,0,0,0,0,0,0,12,51,0,63,0,0,0,63
11/18/2008,HIO,OR,ANM,WE,Towers with Radar,0,23,106,0,129,0,0,67,0,67,0,23,173,0,196,357,0,357,553
11/19/2008,HIO,OR,ANM,WE,Towers with Radar,0,19,67,0,86,0,1,159,0,160,0,20,226,0,246,499,0,499,745
11/20/2008,HIO,OR,ANM,WE,Towers with Radar,0,17,51,0,68,0,1,36,0,37,0,18,87,0,105,432,0,432,537
11/21/2008,HIO,OR,ANM,WE,Towers with Radar,0,16,75,0,91,0,0,117,0,117,0,16,192,0,208,326,0,326,534
11/22/2008,HIO,OR,ANM,WE,Towers with Radar,0,2,64,0,66,0,3,25,0,28,0,5,89,0,94,282,0,282,376
11/23/2008,HIO,OR,ANM,WE,Towers with Radar,0,3,59,0,62,0,0,255,0,255,0,3,314,0,317,477,0,477,794
11/24/2008,HIO,OR,ANM,WE,Towers with Radar,0,3,356,0,359,0,0,0,0,0,0,3,356,0,359,712,0,712,1071
11/25/2008,HIO,OR,ANM,WE,Towers with Radar,0,3,96,0,99,0,0,15,0,15,0,3,111,0,114,160,0,160,274
11/26/2008,HIO,OR,ANM,WE,Towers with Radar,0,7,63,0,70,0,0,212,0,212,0,7,275,0,282,382,0,382,664
11/27/2008,HIO,OR,ANM,WE,Towers with Radar,0,2,26,0,28,0,36,0,0,36,0,38,26,0,64,76,0,76,140
11/28/2008,HIO,OR,ANM,WE,Towers with Radar,0,3,59,0,62,0,0,10,0,10,0,3,69,0,72,4,0,4,76
11/29/2008,HIO,OR,ANM,WE,Towers with Radar,0,4,69,0,73,0,0,105,0,105,0,4,174,0,178,811,0,811,989
11/30/2008,HIO,OR,ANM,WE,Towers with Radar,0,7,52,0,59,0,1,131,0,132,0,8,183,0,191,299,0,299,490
12/01/2008,HIO,OR,ANM,WE,Towers with Radar,0,17,87,0,104,0,0,47,0,47,0,17,134,0,151,273,0,273,424
12/02/2008,HIO,OR,ANM,WE,Towers with Radar,0,26,103,0,129,0,1,79,2,82,0,27,182,2,211,472,0,472,683
12/03/2008,HIO,OR,ANM,WE,Towers with Radar,0,26,97,0,123,0,4,94,0,98,0,30,191,0,221,508,0,508,729
12/04/2008,HIO,OR,ANM,WE,Towers with Radar,0,28,94,1,123,0,260,0,5,265,0,288,94,6,388,497,0,497,885
12/05/2008,HIO,OR,ANM,WE,Towers with Radar,0,19,78,0,97,0,1,266,1,268,0,20,344,1,365,600,0,600,965
12/06/2008,HIO,OR,ANM,WE,Towers with Radar,0,3,67,0,70,0,1,226,0,227,0,4,293,0,297,550,0,550,847
12/07/2008,HIO,OR,ANM,WE,Towers with Radar,0,2,77,0,79,0,0,13,0,13,0,2,90,0,92,184,0,184,276
12/08/2008,HIO,OR,ANM,WE,Towers with Radar,0,22,82,1,105,0,0,55,0,55,0,22,137,1,160,266,0,266,426
12/09/2008,HIO,OR,ANM,WE,Towers with Radar,0,20,106,0,126,0,0,36,0,36,0,20,142,0,162,343,0,343,505
12/10/2008,HIO,OR,ANM,WE,Towers with Radar,0,22,112,0,134,0,0,107,0,107,0,22,219,0,241,443,0,443,684
12/11/2008,HIO,OR,ANM,WE,Towers with Radar,0,24,80,0,104,0,0,237,1,238,0,24,317,1,342,711,0,711,1053
12/12/2008,HIO,OR,ANM,WE,Towers with Radar,0,15,30,0,45,0,0,0,0,0,0,15,30,0,45,87,0,87,132
12/13/2008,HIO,OR,ANM,WE,Towers with Radar,0,0,32,0,32,0,0,0,0,0,0,0,32,0,32,202,0,202,234
12/14/2008,HIO,OR,ANM,WE,Towers with Radar,0,2,15,0,17,0,0,0,0,0,0,2,15,0,17,2,0,2,19
12/15/2008,HIO,OR,ANM,WE,Towers with Radar,0,2,12,0,14,0,2,17,1,20,0,4,29,1,34,9,0,9,43
12/16/2008,HIO,OR,ANM,WE,Towers with Radar,0,3,94,0,97,0,6,192,2,200,0,9,286,2,297,419,0,419,716
12/17/2008,HIO,OR,ANM,WE,Towers with Radar,0,7,9,0,16,0,0,2,0,2,0,7,11,0,18,2,0,2,20
12/18/2008,HIO,OR,ANM,WE,Towers with Radar,0,9,14,0,23,0,0,39,0,39,0,9,53,0,62,277,0,277,339
12/19/2008,HIO,OR,ANM,WE,Towers with Radar,0,7,28,0,35,0,1,9,0,10,0,8,37,0,45,227,0,227,272
12/20/2008,HIO,OR,ANM,WE,Towers with Radar,0,4,8,0,12,0,0,0,0,0,0,4,8,0,12,0,0,0,12
12/21/2008,HIO,OR,ANM,WE,Towers with Radar,0,0,0,0,0,0,0,0,0,0,0,0,0,0,0,0,0,0,0
12/22/2008,HIO,OR,ANM,WE,Towers with Radar,0,4,10,0,14,0,0,0,0,0,0,4,10,0,14,0,0,0,14
12/23/2008,HIO,OR,ANM,WE,Towers with Radar,0,4,17,0,21,0,2,7,0,9,0,6,24,0,30,463,0,463,493
12/24/2008,HIO,OR,ANM,WE,Towers with Radar,0,4,10,0,14,0,0,0,0,0,0,4,10,0,14,0,0,0,14
12/25/2008,HIO,OR,ANM,WE,Towers with Radar,0,2,0,0,2,0,0,0,0,0,0,2,0,0,2,21,0,21,23
12/26/2008,HIO,OR,ANM,WE,Towers with Radar,0,0,19,0,19,0,0,0,0,0,0,0,19,0,19,0,0,0,19
12/27/2008,HIO,OR,ANM,WE,Towers with Radar,0,7,33,0,40,0,1,22,0,23,0,8,55,0,63,237,0,237,300
12/28/2008,HIO,OR,ANM,WE,Towers with Radar,0,3,50,0,53,0,0,122,0,122,0,3,172,0,175,539,0,539,714
12/29/2008,HIO,OR,ANM,WE,Towers with Radar,0,0,13,0,13,0,0,49,0,49,0,0,62,0,62,323,0,323,385
12/30/2008,HIO,OR,ANM,WE,Towers with Radar,0,2,88,0,90,0,1,154,0,155,0,3,242,0,245,538,0,538,783
12/31/2008,HIO,OR,ANM,WE,Towers with Radar,0,1,65,0,66,0,3,110,0,113,0,4,175,0,179,369,0,369,548
01/01/2009,HIO,OR,ANM,WE,Towers with Radar,0,4,10,0,14,0,0,3,0,3,0,4,13,0,17,27,0,27,44
01/02/2009,HIO,OR,ANM,WE,Towers with Radar,0,4,34,0,38,0,2,103,0,105,0,6,137,0,143,462,0,462,605
01/03/2009,HIO,OR,ANM,WE,Towers with Radar,0,1,20,0,21,0,0,41,0,41,0,1,61,0,62,452,0,452,514
01/04/2009,HIO,OR,ANM,WE,Towers with Radar,0,0,25,0,25,0,0,49,0,49,0,0,74,0,74,354,0,354,428
01/05/2009,HIO,OR,ANM,WE,Towers with Radar,0,17,53,0,70,0,0,142,0,142,0,17,195,0,212,519,0,519,731
01/06/2009,HIO,OR,ANM,WE,Towers with Radar,0,16,78,0,94,0,1,33,2,36,0,17,111,2,130,337,0,337,467
01/07/2009,HIO,OR,ANM,WE,Towers with Radar,0,22,51,0,73,0,0,0,0,0,0,22,51,0,73,9,0,9,82
01/08/2009,HIO,OR,ANM,WE,Towers with Radar,0,17,69,0,86,0,0,110,5,115,0,17,179,5,201,568,0,568,769
01/09/2009,HIO,OR,ANM,WE,Towers with Radar,0,14,77,0,91,0,2,95,0,97,0,16,172,0,188,268,0,268,456
01/10/2009,HIO,OR,ANM,WE,Towers with Radar,0,3,73,0,76,0,0,0,0,0,0,3,73,0,76,134,0,134,210
01/11/2009,HIO,OR,ANM,WE,Towers with Radar,0,4,96,0,100,0,0,0,0,0,0,4,96,0,100,49,0,49,149
01/12/2009,HIO,OR,ANM,WE,Towers with Radar,0,18,75,0,93,0,0,0,0,0,0,18,75,0,93,22,0,22,115
01/13/2009,HIO,OR,ANM,WE,Towers with Radar,0,19,74,0,93,0,0,97,0,97,0,19,171,0,190,350,0,350,540
01/14/2009,HIO,OR,ANM,WE,Towers with Radar,0,20,77,0,97,0,0,111,0,111,0,20,188,0,208,483,0,483,691
01/15/2009,HIO,OR,ANM,WE,Towers with Radar,0,25,0,0,25,0,0,224,0,224,0,25,224,0,249,373,0,373,622
01/16/2009,HIO,OR,ANM,WE,Towers with Radar,0,17,46,0,63,0,0,255,0,255,0,17,301,0,318,638,0,638,956
01/17/2009,HIO,OR,ANM,WE,Towers with Radar,0,5,39,0,44,0,0,209,0,209,0,5,248,0,253,555,0,555,808
01/18/2009,HIO,OR,ANM,WE,Towers with Radar,0,3,48,0,51,0,2,188,0,190,0,5,236,0,241,206,0,206,447
01/19/2009,HIO,OR,ANM,WE,Towers with Radar,0,17,58,0,75,0,0,209,0,209,0,17,267,0,284,564,0,564,848
01/20/2009,HIO,OR,ANM,WE,Towers with Radar,0,21,69,0,90,0,0,189,0,189,0,21,258,0,279,513,0,513,792
01/21/2009,HIO,OR,ANM,WE,Towers with Radar,0,16,61,0,77,0,3,195,0,198,0,19,256,0,275,536,0,536,811
01/22/2009,HIO,OR,ANM,WE,Towers with Radar,0,18,78,0,96,0,0,184,0,184,0,18,262,0,280,588,0,588,868
01/23/2009,HIO,OR,ANM,WE,Towers with Radar,0,16,78,0,94,0,3,208,0,211,0,19,286,0,305,569,0,569,874
01/24/2009,HIO,OR,ANM,WE,Towers with Radar,0,0,32,0,32,0,0,135,0,135,0,0,167,0,167,632,0,632,799
01/25/2009,HIO,OR,ANM,WE,Towers with Radar,0,0,18,0,18,0,0,96,0,96,0,0,114,0,114,311,0,311,425
01/26/2009,HIO,OR,ANM,WE,Towers with Radar,0,17,65,0,82,0,0,199,1,200,0,17,264,1,282,476,0,476,758
01/27/2009,HIO,OR,ANM,WE,Towers with Radar,0,15,13,0,28,0,0,0,0,0,0,15,13,0,28,46,0,46,74
01/28/2009,HIO,OR,ANM,WE,Towers with Radar,0,20,43,0,63,0,0,47,0,47,0,20,90,0,110,322,0,322,432
01/29/2009,HIO,OR,ANM,WE,Towers with Radar,0,42,54,0,96,0,5,136,0,141,0,47,190,0,237,223,0,223,460
01/30/2009,HIO,OR,ANM,WE,Towers with Radar,0,21,20,0,41,0,0,0,0,0,0,21,20,0,41,6,0,6,47
01/31/2009,HIO,OR,ANM,WE,Towers with Radar,0,5,39,0,44,0,1,112,0,113,0,6,151,0,157,364,0,364,521
02/01/2009,HIO,OR,ANM,WE,Towers with Radar,0,1,57,0,58,0,0,116,0,116,0,1,173,0,174,387,0,387,561
02/02/2009,HIO,OR,ANM,WE,Towers with Radar,0,16,74,0,90,0,3,142,1,146,0,19,216,1,236,451,0,451,687
02/03/2009,HIO,OR,ANM,WE,Towers with Radar,0,20,60,0,80,0,0,186,0,186,0,20,246,0,266,472,0,472,738
02/04/2009,HIO,OR,ANM,WE,Towers with Radar,0,22,71,0,93,0,0,201,0,201,0,22,272,0,294,623,0,623,917
02/05/2009,HIO,OR,ANM,WE,Towers with Radar,0,19,75,0,94,0,0,164,0,164,0,19,239,0,258,586,0,586,844
02/06/2009,HIO,OR,ANM,WE,Towers with Radar,0,16,79,0,95,0,4,94,0,98,0,20,173,0,193,576,0,576,769
02/07/2009,HIO,OR,ANM,WE,Towers with Radar,0,3,76,0,79,0,0,243,0,243,0,3,319,0,322,550,0,550,872
02/08/2009,HIO,OR,ANM,WE,Towers with Radar,0,1,48,0,49,0,0,8,0,8,0,1,56,0,57,332,0,332,389
02/09/2009,HIO,OR,ANM,WE,Towers with Radar,0,20,20,0,40,0,0,9,0,9,0,20,29,0,49,213,0,213,262
02/10/2009,HIO,OR,ANM,WE,Towers with Radar,0,11,17,0,28,0,0,1,0,1,0,11,18,0,29,17,0,17,46
02/11/2009,HIO,OR,ANM,WE,Towers with Radar,0,18,71,0,89,0,0,166,0,166,0,18,237,0,255,557,0,557,812
02/12/2009,HIO,OR,ANM,WE,Towers with Radar,0,22,32,0,54,0,0,96,0,96,0,22,128,0,150,659,0,659,809
02/13/2009,HIO,OR,ANM,WE,Towers with Radar,0,6,71,0,77,0,0,182,0,182,0,6,253,0,259,678,0,678,937
02/14/2009,HIO,OR,ANM,WE,Towers with Radar,0,1,53,0,54,0,2,212,0,214,0,3,265,0,268,613,0,613,881
02/15/2009,HIO,OR,ANM,WE,Towers with Radar,0,2,53,0,55,0,0,151,0,151,0,2,204,0,206,567,0,567,773
02/16/2009,HIO,OR,ANM,WE,Towers with Radar,0,2,54,0,56,0,2,202,0,204,0,4,256,0,260,648,0,648,908
02/17/2009,HIO,OR,ANM,WE,Towers with Radar,0,21,69,0,90,0,0,99,0,99,0,21,168,0,189,464,0,464,653
02/18/2009,HIO,OR,ANM,WE,Towers with Radar,0,26,76,2,104,0,2,223,2,227,0,28,299,4,331,555,0,555,886
02/19/2009,HIO,OR,ANM,WE,Towers with Radar,0,18,59,0,77,0,2,214,8,224,0,20,273,8,301,581,0,581,882
02/20/2009,HIO,OR,ANM,WE,Towers with Radar,0,17,69,0,86,0,0,217,0,217,0,17,286,0,303,504,0,504,807
02/21/2009,HIO,OR,ANM,WE,Towers with Radar,0,5,51,0,56,0,1,237,2,240,0,6,288,2,296,556,0,556,852
02/22/2009,HIO,OR,ANM,WE,Towers with Radar,0,3,46,0,49,0,0,143,0,143,0,3,189,0,192,560,0,560,752
02/23/2009,HIO,OR,ANM,WE,Towers with Radar,0,17,36,0,53,0,0,60,0,60,0,17,96,0,113,337,0,337,450
02/24/2009,HIO,OR,ANM,WE,Towers with Radar,0,21,0,2,23,0,0,121,0,121,0,21,121,2,144,300,0,300,444
02/25/2009,HIO,OR,ANM,WE,Towers with Radar,0,24,39,0,63,0,0,62,0,62,0,24,101,0,125,426,0,426,551
02/26/2009,HIO,OR,ANM,WE,Towers with Radar,0,21,42,0,63,0,0,146,0,146,0,21,188,0,209,515,0,515,724
02/27/2009,HIO,OR,ANM,WE,Towers with Radar,0,20,82,0,102,0,0,199,0,199,0,20,281,0,301,410,0,410,711
02/28/2009,HIO,OR,ANM,WE,Towers with Radar,0,2,65,0,67,0,0,163,0,163,0,2,228,0,230,322,0,322,552
03/01/2009,HIO,OR,ANM,WE,Towers with Radar,0,2,49,0,51,0,0,141,0,141,0,2,190,0,192,411,0,411,603
03/02/2009,HIO,OR,ANM,WE,Towers with Radar,0,23,67,0,90,0,1,193,0,194,0,24,260,0,284,385,0,385,669
03/03/2009,HIO,OR,ANM,WE,Towers with Radar,0,21,236,2,259,0,0,0,0,0,0,21,236,2,259,432,0,432,691
03/04/2009,HIO,OR,ANM,WE,Towers with Radar,0,24,92,0,116,0,0,80,8,88,0,24,172,8,204,575,0,575,779
03/05/2009,HIO,OR,ANM,WE,Towers with Radar,0,20,39,0,59,0,2,69,1,72,0,22,108,1,131,525,0,525,656
03/06/2009,HIO,OR,ANM,WE,Towers with Radar,0,16,72,0,88,0,4,262,2,268,0,20,334,2,356,595,0,595,951
03/07/2009,HIO,OR,ANM,WE,Towers with Radar,0,4,16,0,20,0,0,77,0,77,0,4,93,0,97,560,0,560,657
03/08/2009,HIO,OR,ANM,WE,Towers with Radar,0,1,13,0,14,0,0,25,0,25,0,1,38,0,39,394,0,394,433
03/09/2009,HIO,OR,ANM,WE,Towers with Radar,0,10,17,0,27,0,0,0,0,0,0,10,17,0,27,32,0,32,59
03/10/2009,HIO,OR,ANM,WE,Towers with Radar,0,23,59,0,82,0,0,151,6,157,0,23,210,6,239,610,0,610,849
03/11/2009,HIO,OR,ANM,WE,Towers with Radar,0,22,60,0,82,0,0,231,4,235,0,22,291,4,317,573,0,573,890
03/12/2009,HIO,OR,ANM,WE,Towers with Radar,0,24,61,0,85,0,3,272,5,280,0,27,333,5,365,652,0,652,1017
03/13/2009,HIO,OR,ANM,WE,Towers with Radar,0,19,74,0,93,0,1,260,0,261,0,20,334,0,354,861,0,861,1215
03/14/2009,HIO,OR,ANM,WE,Towers with Radar,0,2,20,0,22,0,2,12,0,14,0,4,32,0,36,262,0,262,298
03/15/2009,HIO,OR,ANM,WE,Towers with Radar,0,2,15,0,17,0,0,4,0,4,0,2,19,0,21,2,0,2,23
03/16/2009,HIO,OR,ANM,WE,Towers with Radar,0,18,0,0,18,0,0,82,0,82,0,18,82,0,100,362,0,362,462
03/17/2009,HIO,OR,ANM,WE,Towers with Radar,0,18,81,0,99,0,0,46,0,46,0,18,127,0,145,401,0,401,546
03/18/2009,HIO,OR,ANM,WE,Towers with Radar,0,20,61,0,81,0,2,226,2,230,0,22,287,2,311,513,0,513,824
03/19/2009,HIO,OR,ANM,WE,Towers with Radar,0,29,51,1,81,0,1,192,3,196,0,30,243,4,277,747,0,747,1024
03/20/2009,HIO,OR,ANM,WE,Towers with Radar,0,22,54,0,76,0,2,116,0,118,0,24,170,0,194,482,0,482,676
03/21/2009,HIO,OR,ANM,WE,Towers with Radar,0,4,44,0,48,0,0,164,0,164,0,4,208,0,212,668,0,668,880
03/22/2009,HIO,OR,ANM,WE,Towers with Radar,0,2,34,0,36,0,2,48,0,50,0,4,82,0,86,504,0,504,590
03/23/2009,HIO,OR,ANM,WE,Towers with Radar,0,20,26,0,46,0,2,75,0,77,0,22,101,0,123,377,0,377,500
03/24/2009,HIO,OR,ANM,WE,Towers with Radar,0,20,46,0,66,0,0,148,0,148,0,20,194,0,214,367,0,367,581
03/25/2009,HIO,OR,ANM,WE,Towers with Radar,0,20,82,0,102,0,0,83,0,83,0,20,165,0,185,551,0,551,736
03/26/2009,HIO,OR,ANM,WE,Towers with Radar,0,23,55,0,78,0,1,247,0,248,0,24,302,0,326,630,0,630,956
03/27/2009,HIO,OR,ANM,WE,Towers with Radar,0,15,47,0,62,0,0,204,0,204,0,15,251,0,266,623,0,623,889
03/28/2009,HIO,OR,ANM,WE,Towers with Radar,0,3,46,1,50,0,0,12,1,13,0,3,58,2,63,204,0,204,267
03/29/2009,HIO,OR,ANM,WE,Towers with Radar,0,3,38,0,41,0,0,146,0,146,0,3,184,0,187,279,0,279,466
03/30/2009,HIO,OR,ANM,WE,Towers with Radar,0,18,32,0,50,0,0,201,4,205,0,18,233,4,255,655,0,655,910
03/31/2009,HIO,OR,ANM,WE,Towers with Radar,0,20,20,0,40,0,0,69,0,69,0,20,89,0,109,431,0,431,540
04/01/2009,HIO,OR,ANM,WE,Towers with Radar,0,18,22,0,40,0,0,13,0,13,0,18,35,0,53,260,0,260,313
04/02/2009,HIO,OR,ANM,WE,Towers with Radar,0,23,18,0,41,0,2,105,4,111,0,25,123,4,152,351,0,351,503
04/03/2009,HIO,OR,ANM,WE,Towers with Radar,0,16,38,0,54,0,1,181,1,183,0,17,219,1,237,613,0,613,850
04/04/2009,HIO,OR,ANM,WE,Towers with Radar,0,8,70,0,78,0,0,230,0,230,0,8,300,0,308,280,0,280,588
04/05/2009,HIO,OR,ANM,WE,Towers with Radar,0,1,48,1,50,0,0,233,0,233,0,1,281,1,283,225,0,225,508
04/06/2009,HIO,OR,ANM,WE,Towers with Radar,0,18,0,0,18,0,0,291,0,291,0,18,291,0,309,485,0,485,794
04/07/2009,HIO,OR,ANM,WE,Towers with Radar,0,15,35,1,51,0,3,201,2,206,0,18,236,3,257,543,0,543,800
04/08/2009,HIO,OR,ANM,WE,Towers with Radar,0,15,58,1,74,0,3,155,5,163,0,18,213,6,237,562,0,562,799
04/09/2009,HIO,OR,ANM,WE,Towers with Radar,0,17,84,0,101,0,0,110,4,114,0,17,194,4,215,551,0,551,766
04/10/2009,HIO,OR,ANM,WE,Towers with Radar,0,22,67,0,89,0,0,178,0,178,0,22,245,0,267,459,0,459,726
04/11/2009,HIO,OR,ANM,WE,Towers with Radar,0,6,33,0,39,0,1,137,0,138,0,7,170,0,177,376,0,376,553
04/12/2009,HIO,OR,ANM,WE,Towers with Radar,0,4,32,0,36,0,0,14,0,14,0,4,46,0,50,39,0,39,89
04/13/2009,HIO,OR,ANM,WE,Towers with Radar,0,16,0,0,16,0,0,119,0,119,0,16,119,0,135,484,0,484,619
04/14/2009,HIO,OR,ANM,WE,Towers with Radar,0,19,45,0,64,0,3,136,0,139,0,22,181,0,203,564,0,564,767
04/15/2009,HIO,OR,ANM,WE,Towers with Radar,0,23,92,0,115,0,0,232,2,234,0,23,324,2,349,578,0,578,927
04/16/2009,HIO,OR,ANM,WE,Towers with Radar,0,33,66,0,99,0,1,319,2,322,0,34,385,2,421,516,0,516,937
04/17/2009,HIO,OR,ANM,WE,Towers with Radar,0,20,79,0,99,0,0,74,0,74,0,20,153,0,173,400,0,400,573
04/18/2009,HIO,OR,ANM,WE,Towers with Radar,0,1,67,0,68,0,0,232,0,232,0,1,299,0,300,565,0,565,865
04/19/2009,HIO,OR,ANM,WE,Towers with Radar,0,3,49,0,52,0,2,184,0,186,0,5,233,0,238,250,0,250,488
04/20/2009,HIO,OR,ANM,WE,Towers with Radar,0,20,65,0,85,0,1,230,0,231,0,21,295,0,316,587,0,587,903
04/21/2009,HIO,OR,ANM,WE,Towers with Radar,0,18,58,0,76,0,2,244,6,252,0,20,302,6,328,515,0,515,843
04/22/2009,HIO,OR,ANM,WE,Towers with Radar,0,21,66,0,87,0,1,173,3,177,0,22,239,3,264,517,0,517,781
04/23/2009,HIO,OR,ANM,WE,Towers with Radar,0,27,59,0,86,0,3,133,4,140,0,30,192,4,226,501,0,501,727
04/24/2009,HIO,OR,ANM,WE,Towers with Radar,0,21,65,0,86,0,3,216,1,220,0,24,281,1,306,610,0,610,916
04/25/2009,HIO,OR,ANM,WE,Towers with Radar,0,0,56,0,56,0,4,140,0,144,0,4,196,0,200,502,0,502,702
04/26/2009,HIO,OR,ANM,WE,Towers with Radar,0,0,0,0,0,0,2,201,0,203,0,2,201,0,203,344,0,344,547
04/27/2009,HIO,OR,ANM,WE,Towers with Radar,0,22,87,0,109,0,1,130,0,131,0,23,217,0,240,526,0,526,766
04/28/2009,HIO,OR,ANM,WE,Towers with Radar,0,20,52,0,72,0,0,33,4,37,0,20,85,4,109,278,0,278,387
04/29/2009,HIO,OR,ANM,WE,Towers with Radar,0,22,70,0,92,0,0,117,4,121,0,22,187,4,213,608,0,608,821
04/30/2009,HIO,OR,ANM,WE,Towers with Radar,0,22,54,0,76,0,0,219,2,221,0,22,273,2,297,334,4,338,635
05/01/2009,HIO,OR,ANM,WE,Towers with Radar,0,18,57,0,75,0,2,166,0,168,0,20,223,0,243,162,0,162,405
05/02/2009,HIO,OR,ANM,WE,Towers with Radar,0,5,48,0,53,0,1,49,1,51,0,6,97,1,104,436,0,436,540
05/03/2009,HIO,OR,ANM,WE,Towers with Radar,0,3,67,0,70,0,0,120,1,121,0,3,187,1,191,293,0,293,484
05/04/2009,HIO,OR,ANM,WE,Towers with Radar,0,21,54,0,75,0,0,74,1,75,0,21,128,1,150,353,0,353,503
05/05/2009,HIO,OR,ANM,WE,Towers with Radar,0,24,34,0,58,0,0,81,0,81,0,24,115,0,139,298,0,298,437
05/06/2009,HIO,OR,ANM,WE,Towers with Radar,0,24,61,0,85,0,0,17,0,17,0,24,78,0,102,233,0,233,335
05/07/2009,HIO,OR,ANM,WE,Towers with Radar,0,21,94,0,115,0,0,189,0,189,0,21,283,0,304,631,0,631,935
05/08/2009,HIO,OR,ANM,WE,Towers with Radar,0,21,76,0,97,0,2,284,0,286,0,23,360,0,383,570,0,570,953
05/09/2009,HIO,OR,ANM,WE,Towers with Radar,0,3,41,0,44,0,1,261,0,262,0,4,302,0,306,543,0,543,849
05/10/2009,HIO,OR,ANM,WE,Towers with Radar,0,1,56,2,59,0,0,169,0,169,0,1,225,2,228,319,0,319,547
05/11/2009,HIO,OR,ANM,WE,Towers with Radar,0,20,58,0,78,0,0,126,0,126,0,20,184,0,204,301,0,301,505
05/12/2009,HIO,OR,ANM,WE,Towers with Radar,0,27,39,1,67,0,2,97,1,100,0,29,136,2,167,276,0,276,443
05/13/2009,HIO,OR,ANM,WE,Towers with Radar,0,22,57,0,79,0,0,105,0,105,0,22,162,0,184,489,0,489,673
05/14/2009,HIO,OR,ANM,WE,Towers with Radar,0,24,90,0,114,0,1,175,0,176,0,25,265,0,290,347,0,347,637
05/15/2009,HIO,OR,ANM,WE,Towers with Radar,0,19,67,0,86,0,0,267,0,267,0,19,334,0,353,636,0,636,989
05/16/2009,HIO,OR,ANM,WE,Towers with Radar,0,4,53,0,57,0,1,324,0,325,0,5,377,0,382,409,0,409,791
05/17/2009,HIO,OR,ANM,WE,Towers with Radar,0,0,0,0,0,0,0,267,0,267,0,0,267,0,267,284,0,284,551
05/18/2009,HIO,OR,ANM,WE,Towers with Radar,0,17,41,1,59,0,1,152,0,153,0,18,193,1,212,455,0,455,667
05/19/2009,HIO,OR,ANM,WE,Towers with Radar,0,24,64,0,88,0,3,90,0,93,0,27,154,0,181,376,0,376,557
05/20/2009,HIO,OR,ANM,WE,Towers with Radar,0,23,61,0,84,0,0,175,2,177,0,23,236,2,261,460,0,460,721
05/21/2009,HIO,OR,ANM,WE,Towers with Radar,0,22,72,0,94,0,1,195,0,196,0,23,267,0,290,422,0,422,712
05/22/2009,HIO,OR,ANM,WE,Towers with Radar,0,8,76,0,84,0,1,235,0,236,0,9,311,0,320,540,0,540,860
05/23/2009,HIO,OR,ANM,WE,Towers with Radar,0,2,48,0,50,0,2,179,0,181,0,4,227,0,231,387,0,387,618
05/24/2009,HIO,OR,ANM,WE,Towers with Radar,0,0,40,0,40,0,5,153,0,158,0,5,193,0,198,268,0,268,466
05/25/2009,HIO,OR,ANM,WE,Towers with Radar,0,4,48,0,52,0,2,187,0,189,0,6,235,0,241,200,0,200,441
05/26/2009,HIO,OR,ANM,WE,Towers with Radar,0,18,63,0,81,0,3,169,1,173,0,21,232,1,254,454,0,454,708
05/27/2009,HIO,OR,ANM,WE,Towers with Radar,0,23,56,0,79,0,0,206,4,210,0,23,262,4,289,404,0,404,693
05/28/2009,HIO,OR,ANM,WE,Towers with Radar,0,22,59,2,83,0,0,204,4,208,0,22,263,6,291,558,0,558,849
05/29/2009,HIO,OR,ANM,WE,Towers with Radar,0,22,47,0,69,0,0,227,4,231,0,22,274,4,300,439,0,439,739
05/30/2009,HIO,OR,ANM,WE,Towers with Radar,0,0,0,0,0,0,8,200,0,208,0,8,200,0,208,378,0,378,586
05/31/2009,HIO,OR,ANM,WE,Towers with Radar,0,0,43,0,43,0,1,174,0,175,0,1,217,0,218,305,0,305,523
06/01/2009,HIO,OR,ANM,WE,Towers with Radar,0,18,58,0,76,0,0,113,0,113,0,18,171,0,189,344,0,344,533
06/02/2009,HIO,OR,ANM,WE,Towers with Radar,0,21,59,0,80,0,0,140,0,140,0,21,199,0,220,357,0,357,577
06/03/2009,HIO,OR,ANM,WE,Towers with Radar,0,22,53,0,75,0,2,154,0,156,0,24,207,0,231,461,0,461,692
06/04/2009,HIO,OR,ANM,WE,Towers with Radar,0,25,54,0,79,0,3,119,2,124,0,28,173,2,203,327,0,327,530
06/05/2009,HIO,OR,ANM,WE,Towers with Radar,0,20,74,0,94,0,0,21,0,21,0,20,95,0,115,142,0,142,257
06/06/2009,HIO,OR,ANM,WE,Towers with Radar,0,4,53,2,59,0,6,104,3,113,0,10,157,5,172,465,0,465,637
06/07/2009,HIO,OR,ANM,WE,Towers with Radar,0,0,59,0,59,0,0,103,0,103,0,0,162,0,162,414,0,414,576
06/08/2009,HIO,OR,ANM,WE,Towers with Radar,0,23,95,3,121,0,2,171,0,173,0,25,266,3,294,468,0,468,762
06/09/2009,HIO,OR,ANM,WE,Towers with Radar,0,20,49,0,69,0,2,190,0,192,0,22,239,0,261,496,0,496,757
06/10/2009,HIO,OR,ANM,WE,Towers with Radar,0,28,78,0,106,0,3,99,0,102,0,31,177,0,208,469,0,469,677
06/11/2009,HIO,OR,ANM,WE,Towers with Radar,0,21,61,0,82,0,3,200,0,203,0,24,261,0,285,530,0,530,815
06/12/2009,HIO,OR,ANM,WE,Towers with Radar,0,21,57,0,78,0,5,225,0,230,0,26,282,0,308,481,0,481,789
06/13/2009,HIO,OR,ANM,WE,Towers with Radar,0,1,47,0,48,0,1,78,0,79,0,2,125,0,127,509,0,509,636
06/14/2009,HIO,OR,ANM,WE,Towers with Radar,0,2,34,0,36,0,2,88,0,90,0,4,122,0,126,371,0,371,497
06/15/2009,HIO,OR,ANM,WE,Towers with Radar,0,20,67,0,87,0,2,209,8,219,0,22,276,8,306,416,0,416,722
06/16/2009,HIO,OR,ANM,WE,Towers with Radar,0,24,38,0,62,0,6,248,0,254,0,30,286,0,316,512,0,512,828
06/17/2009,HIO,OR,ANM,WE,Towers with Radar,0,18,88,0,106,0,0,191,0,191,0,18,279,0,297,520,0,520,817
06/18/2009,HIO,OR,ANM,WE,Towers with Radar,0,23,69,2,94,0,2,196,0,198,0,25,265,2,292,516,0,516,808
06/19/2009,HIO,OR,ANM,WE,Towers with Radar,0,23,48,0,71,0,6,56,0,62,0,29,104,0,133,280,0,280,413
06/20/2009,HIO,OR,ANM,WE,Towers with Radar,0,0,213,0,213,0,0,0,0,0,0,0,213,0,213,354,0,354,567
06/21/2009,HIO,OR,ANM,WE,Towers with Radar,0,1,19,0,20,0,0,121,0,121,0,1,140,0,141,314,0,314,455
06/22/2009,HIO,OR,ANM,WE,Towers with Radar,0,19,58,0,77,0,4,210,0,214,0,23,268,0,291,581,0,581,872
06/23/2009,HIO,OR,ANM,WE,Towers with Radar,0,21,50,0,71,0,2,221,0,223,0,23,271,0,294,470,0,470,764
06/24/2009,HIO,OR,ANM,WE,Towers with Radar,0,18,63,0,81,0,0,175,2,177,0,18,238,2,258,365,0,365,623
06/25/2009,HIO,OR,ANM,WE,Towers with Radar,0,22,59,0,81,0,3,201,0,204,0,25,260,0,285,487,0,487,772
06/26/2009,HIO,OR,ANM,WE,Towers with Radar,0,18,38,0,56,0,17,229,0,246,0,35,267,0,302,605,0,605,907
06/27/2009,HIO,OR,ANM,WE,Towers with Radar,0,7,36,0,43,0,5,250,0,255,0,12,286,0,298,457,0,457,755
06/28/2009,HIO,OR,ANM,WE,Towers with Radar,0,2,34,0,36,0,0,192,0,192,0,2,226,0,228,393,0,393,621
06/29/2009,HIO,OR,ANM,WE,Towers with Radar,0,5,50,0,55,0,5,209,0,214,0,10,259,0,269,548,0,548,817
06/30/2009,HIO,OR,ANM,WE,Towers with Radar,0,2,45,2,49,0,5,180,0,185,0,7,225,2,234,360,0,360,594
07/01/2009,HIO,OR,ANM,WE,Towers with Radar,0,7,47,0,54,0,0,242,0,242,0,7,289,0,296,585,0,585,881
07/02/2009,HIO,OR,ANM,WE,Towers with Radar,0,3,39,0,42,0,8,229,0,237,0,11,268,0,279,519,0,519,798
07/03/2009,HIO,OR,ANM,WE,Towers with Radar,0,4,36,0,40,0,3,212,1,216,0,7,248,1,256,429,0,429,685
07/04/2009,HIO,OR,ANM,WE,Towers with Radar,0,2,13,0,15,0,1,150,0,151,0,3,163,0,166,147,0,147,313
07/05/2009,HIO,OR,ANM,WE,Towers with Radar,0,2,32,0,34,0,5,145,0,150,0,7,177,0,184,287,0,287,471
07/06/2009,HIO,OR,ANM,WE,Towers with Radar,0,16,61,0,77,0,1,129,0,130,0,17,190,0,207,497,0,497,704
07/07/2009,HIO,OR,ANM,WE,Towers with Radar,0,20,58,4,82,0,2,184,1,187,0,22,242,5,269,489,0,489,758
07/08/2009,HIO,OR,ANM,WE,Towers with Radar,0,21,56,0,77,0,3,163,1,167,0,24,219,1,244,602,0,602,846
07/09/2009,HIO,OR,ANM,WE,Towers with Radar,0,22,63,0,85,0,0,197,0,197,0,22,260,0,282,661,0,661,943
07/10/2009,HIO,OR,ANM,WE,Towers with Radar,0,19,48,0,67,0,5,240,0,245,0,24,288,0,312,623,0,623,935
07/11/2009,HIO,OR,ANM,WE,Towers with Radar,0,6,45,0,51,0,0,174,0,174,0,6,219,0,225,370,0,370,595
07/12/2009,HIO,OR,ANM,WE,Towers with Radar,0,6,38,0,44,0,0,34,2,36,0,6,72,2,80,258,0,258,338
07/13/2009,HIO,OR,ANM,WE,Towers with Radar,0,25,73,2,100,0,3,147,1,151,0,28,220,3,251,667,0,667,918
07/14/2009,HIO,OR,ANM,WE,Towers with Radar,0,23,47,0,70,0,1,261,1,263,0,24,308,1,333,640,0,640,973
07/15/2009,HIO,OR,ANM,WE,Towers with Radar,0,22,51,0,73,0,7,250,4,261,0,29,301,4,334,573,0,573,907
07/16/2009,HIO,OR,ANM,WE,Towers with Radar,0,21,47,2,70,0,7,264,0,271,0,28,311,2,341,571,0,571,912
07/17/2009,HIO,OR,ANM,WE,Towers with Radar,0,24,54,0,78,0,6,220,0,226,0,30,274,0,304,491,0,491,795
07/18/2009,HIO,OR,ANM,WE,Towers with Radar,0,0,30,0,30,0,4,258,0,262,0,4,288,0,292,431,0,431,723
07/19/2009,HIO,OR,ANM,WE,Towers with Radar,0,3,45,0,48,0,4,170,0,174,0,7,215,0,222,355,0,355,577
07/20/2009,HIO,OR,ANM,WE,Towers with Radar,0,18,65,0,83,0,2,187,0,189,0,20,252,0,272,392,0,392,664
07/21/2009,HIO,OR,ANM,WE,Towers with Radar,0,20,49,0,69,0,1,202,0,203,0,21,251,0,272,341,0,341,613
07/22/2009,HIO,OR,ANM,WE,Towers with Radar,0,25,253,3,281,0,0,0,0,0,0,25,253,3,281,527,3,530,811
07/23/2009,HIO,OR,ANM,WE,Towers with Radar,0,20,79,0,99,0,1,161,0,162,0,21,240,0,261,666,0,666,927
07/24/2009,HIO,OR,ANM,WE,Towers with Radar,0,19,57,0,76,0,4,224,0,228,0,23,281,0,304,564,0,564,868
07/25/2009,HIO,OR,ANM,WE,Towers with Radar,0,3,45,0,48,0,6,205,2,213,0,9,250,2,261,476,0,476,737
07/26/2009,HIO,OR,ANM,WE,Towers with Radar,0,0,47,2,49,0,7,177,1,185,0,7,224,3,234,450,0,450,684
07/27/2009,HIO,OR,ANM,WE,Towers with Radar,0,17,36,0,53,0,5,184,0,189,0,22,220,0,242,566,0,566,808
07/28/2009,HIO,OR,ANM,WE,Towers with Radar,0,22,41,0,63,0,1,140,0,141,0,23,181,0,204,319,0,319,523
07/29/2009,HIO,OR,ANM,WE,Towers with Radar,0,25,42,0,67,0,3,160,0,163,0,28,202,0,230,221,0,221,451
07/30/2009,HIO,OR,ANM,WE,Towers with Radar,0,20,0,0,20,0,0,189,0,189,0,20,189,0,209,323,0,323,532
07/31/2009,HIO,OR,ANM,WE,Towers with Radar,0,24,54,0,78,0,6,198,0,204,0,30,252,0,282,367,0,367,649
08/01/2009,HIO,OR,ANM,WE,Towers with Radar,0,2,57,0,59,0,4,226,0,230,0,6,283,0,289,379,0,379,668
08/02/2009,HIO,OR,ANM,WE,Towers with Radar,0,1,40,0,41,0,2,183,0,185,0,3,223,0,226,457,0,457,683
08/03/2009,HIO,OR,ANM,WE,Towers with Radar,0,16,48,0,64,0,0,183,2,185,0,16,231,2,249,577,0,577,826
08/04/2009,HIO,OR,ANM,WE,Towers with Radar,0,21,34,2,57,0,2,186,9,197,0,23,220,11,254,360,0,360,614
08/05/2009,HIO,OR,ANM,WE,Towers with Radar,0,20,67,0,87,0,2,179,4,185,0,22,246,4,272,696,0,696,968
08/06/2009,HIO,OR,ANM,WE,Towers with Radar,0,21,89,0,110,0,1,125,5,131,0,22,214,5,241,582,0,582,823
08/07/2009,HIO,OR,ANM,WE,Towers with Radar,0,19,59,0,78,0,0,143,0,143,0,19,202,0,221,585,0,585,806
08/08/2009,HIO,OR,ANM,WE,Towers with Radar,0,0,32,0,32,0,9,146,0,155,0,9,178,0,187,258,0,258,445
08/09/2009,HIO,OR,ANM,WE,Towers with Radar,0,1,36,0,37,0,0,124,0,124,0,1,160,0,161,354,0,354,515
08/10/2009,HIO,OR,ANM,WE,Towers with Radar,0,21,38,0,59,0,0,185,0,185,0,21,223,0,244,433,0,433,677
08/11/2009,HIO,OR,ANM,WE,Towers with Radar,0,22,55,0,77,0,0,101,2,103,0,22,156,2,180,598,0,598,778
08/12/2009,HIO,OR,ANM,WE,Towers with Radar,0,24,0,0,24,0,0,130,0,130,0,24,130,0,154,471,0,471,625
08/13/2009,HIO,OR,ANM,WE,Towers with Radar,0,23,48,0,71,0,0,179,0,179,0,23,227,0,250,478,0,478,728
08/14/2009,HIO,OR,ANM,WE,Towers with Radar,0,17,57,0,74,0,3,199,0,202,0,20,256,0,276,434,0,434,710
08/15/2009,HIO,OR,ANM,WE,Towers with Radar,0,1,38,0,39,0,5,175,1,181,0,6,213,1,220,315,0,315,535
08/16/2009,HIO,OR,ANM,WE,Towers with Radar,0,1,40,0,41,0,2,199,0,201,0,3,239,0,242,357,0,357,599
08/17/2009,HIO,OR,ANM,WE,Towers with Radar,0,18,38,0,56,0,0,238,0,238,0,18,276,0,294,439,0,439,733
08/18/2009,HIO,OR,ANM,WE,Towers with Radar,0,20,46,1,67,0,2,171,1,174,0,22,217,2,241,364,0,364,605
08/19/2009,HIO,OR,ANM,WE,Towers with Radar,0,19,42,0,61,0,0,204,0,204,0,19,246,0,265,488,0,488,753
08/20/2009,HIO,OR,ANM,WE,Towers with Radar,0,21,43,0,64,0,2,222,0,224,0,23,265,0,288,543,0,543,831
08/21/2009,HIO,OR,ANM,WE,Towers with Radar,0,20,69,0,89,0,1,214,0,215,0,21,283,0,304,546,0,546,850
08/22/2009,HIO,OR,ANM,WE,Towers with Radar,0,1,29,0,30,0,6,208,0,214,0,7,237,0,244,446,0,446,690
08/23/2009,HIO,OR,ANM,WE,Towers with Radar,0,0,32,0,32,0,2,208,0,210,0,2,240,0,242,255,0,255,497
08/24/2009,HIO,OR,ANM,WE,Towers with Radar,0,23,44,0,67,0,4,217,0,221,0,27,261,0,288,510,0,510,798
08/25/2009,HIO,OR,ANM,WE,Towers with Radar,0,29,0,2,31,0,0,0,0,0,0,29,0,2,31,360,0,360,391
08/26/2009,HIO,OR,ANM,WE,Towers with Radar,0,26,40,1,67,0,5,257,3,265,0,31,297,4,332,403,0,403,735
08/27/2009,HIO,OR,ANM,WE,Towers with Radar,0,24,51,3,78,0,5,228,4,237,0,29,279,7,315,502,0,502,817
08/28/2009,HIO,OR,ANM,WE,Towers with Radar,0,20,45,1,66,0,115,1,4,120,0,135,46,5,186,112,4,116,302
08/29/2009,HIO,OR,ANM,WE,Towers with Radar,0,2,14,3,19,0,1,66,0,67,0,3,80,3,86,109,0,109,195
08/30/2009,HIO,OR,ANM,WE,Towers with Radar,0,3,24,3,30,0,2,94,5,101,0,5,118,8,131,129,4,133,264
08/31/2009,HIO,OR,ANM,WE,Towers with Radar,0,21,45,2,68,0,0,208,1,209,0,21,253,3,277,330,0,330,607
09/01/2009,HIO,OR,ANM,WE,Towers with Radar,0,22,0,0,22,0,0,237,0,237,0,22,237,0,259,386,0,386,645
09/02/2009,HIO,OR,ANM,WE,Towers with Radar,0,22,37,0,59,0,0,237,0,237,0,22,274,0,296,426,0,426,722
09/03/2009,HIO,OR,ANM,WE,Towers with Radar,0,24,52,0,76,0,0,220,4,224,0,24,272,4,300,396,0,396,696
09/04/2009,HIO,OR,ANM,WE,Towers with Radar,0,1,50,0,51,0,4,197,0,201,0,5,247,0,252,519,0,519,771
09/05/2009,HIO,OR,ANM,WE,Towers with Radar,0,5,57,0,62,0,0,41,0,41,0,5,98,0,103,214,0,214,317
09/06/2009,HIO,OR,ANM,WE,Towers with Radar,0,2,23,0,25,0,0,12,0,12,0,2,35,0,37,33,0,33,70
09/07/2009,HIO,OR,ANM,WE,Towers with Radar,0,1,66,0,67,0,1,116,0,117,0,2,182,0,184,343,0,343,527
09/08/2009,HIO,OR,ANM,WE,Towers with Radar,0,20,63,0,83,0,0,165,0,165,0,20,228,0,248,422,0,422,670
09/09/2009,HIO,OR,ANM,WE,Towers with Radar,0,21,48,0,69,0,4,201,0,205,0,25,249,0,274,574,0,574,848
09/10/2009,HIO,OR,ANM,WE,Towers with Radar,0,19,49,0,68,0,2,228,0,230,0,21,277,0,298,665,0,665,963
09/11/2009,HIO,OR,ANM,WE,Towers with Radar,0,18,55,0,73,0,4,226,0,230,0,22,281,0,303,606,0,606,909
09/12/2009,HIO,OR,ANM,WE,Towers with Radar,0,0,29,0,29,0,5,224,0,229,0,5,253,0,258,347,0,347,605
09/13/2009,HIO,OR,ANM,WE,Towers with Radar,0,6,37,0,43,0,3,149,0,152,0,9,186,0,195,215,0,215,410
09/14/2009,HIO,OR,ANM,WE,Towers with Radar,0,20,62,0,82,0,0,147,0,147,0,20,209,0,229,630,0,630,859
09/15/2009,HIO,OR,ANM,WE,Towers with Radar,0,19,65,0,84,0,4,195,0,199,0,23,260,0,283,448,0,448,731
09/16/2009,HIO,OR,ANM,WE,Towers with Radar,0,22,65,2,89,0,0,70,0,70,0,22,135,2,159,398,0,398,557
09/17/2009,HIO,OR,ANM,WE,Towers with Radar,0,19,35,0,54,0,0,187,0,187,0,19,222,0,241,399,0,399,640
09/18/2009,HIO,OR,ANM,WE,Towers with Radar,0,19,50,0,69,0,25,239,0,264,0,44,289,0,333,564,0,564,897
09/19/2009,HIO,OR,ANM,WE,Towers with Radar,0,6,48,0,54,0,1,115,0,116,0,7,163,0,170,533,0,533,703
09/20/2009,HIO,OR,ANM,WE,Towers with Radar,0,5,32,0,37,0,3,157,0,160,0,8,189,0,197,172,0,172,369
09/21/2009,HIO,OR,ANM,WE,Towers with Radar,0,20,0,0,20,0,0,129,0,129,0,20,129,0,149,55,0,55,204
09/22/2009,HIO,OR,ANM,WE,Towers with Radar,0,20,34,0,54,0,0,213,0,213,0,20,247,0,267,260,0,260,527
09/23/2009,HIO,OR,ANM,WE,Towers with Radar,0,31,30,0,61,0,0,212,0,212,0,31,242,0,273,492,0,492,765
09/24/2009,HIO,OR,ANM,WE,Towers with Radar,0,23,54,0,77,0,3,192,0,195,0,26,246,0,272,507,0,507,779
09/25/2009,HIO,OR,ANM,WE,Towers with Radar,0,21,60,0,81,0,5,233,5,243,0,26,293,5,324,549,0,549,873
09/26/2009,HIO,OR,ANM,WE,Towers with Radar,0,2,23,0,25,0,4,132,0,136,0,6,155,0,161,192,0,192,353
09/27/2009,HIO,OR,ANM,WE,Towers with Radar,0,5,34,0,39,0,0,194,0,194,0,5,228,0,233,321,0,321,554
09/28/2009,HIO,OR,ANM,WE,Towers with Radar,0,23,49,0,72,0,1,129,0,130,0,24,178,0,202,453,0,453,655
09/29/2009,HIO,OR,ANM,WE,Towers with Radar,0,21,42,1,64,0,2,35,1,38,0,23,77,2,102,310,0,310,412
09/30/2009,HIO,OR,ANM,WE,Towers with Radar,0,22,74,0,96,0,0,147,10,157,0,22,221,10,253,349,0,349,602
10/01/2009,HIO,OR,ANM,WE,Towers with Radar,0,22,59,0,81,0,0,176,0,176,0,22,235,0,257,351,0,351,608
10/02/2009,HIO,OR,ANM,WE,Towers with Radar,0,22,39,0,61,0,0,164,0,164,0,22,203,0,225,380,0,380,605
10/03/2009,HIO,OR,ANM,WE,Towers with Radar,0,4,29,0,33,0,0,148,0,148,0,4,177,0,181,631,0,631,812
10/04/2009,HIO,OR,ANM,WE,Towers with Radar,0,3,28,0,31,0,0,163,0,163,0,3,191,0,194,369,0,369,563
10/05/2009,HIO,OR,ANM,WE,Towers with Radar,0,17,46,0,63,0,1,141,0,142,0,18,187,0,205,367,0,367,572
10/06/2009,HIO,OR,ANM,WE,Towers with Radar,0,18,43,0,61,0,2,166,0,168,0,20,209,0,229,382,0,382,611
10/07/2009,HIO,OR,ANM,WE,Towers with Radar,0,14,57,0,71,0,3,179,0,182,0,17,236,0,253,435,0,435,688
10/08/2009,HIO,OR,ANM,WE,Towers with Radar,0,23,51,0,74,0,1,211,0,212,0,24,262,0,286,464,0,464,750
10/09/2009,HIO,OR,ANM,WE,Towers with Radar,0,21,53,0,74,0,0,139,0,139,0,21,192,0,213,532,0,532,745
10/10/2009,HIO,OR,ANM,WE,Towers with Radar,0,1,23,0,24,0,0,163,0,163,0,1,186,0,187,339,0,339,526
10/11/2009,HIO,OR,ANM,WE,Towers with Radar,0,1,35,0,36,0,1,198,0,199,0,2,233,0,235,363,0,363,598
10/12/2009,HIO,OR,ANM,WE,Towers with Radar,0,17,243,0,260,0,0,0,0,0,0,17,243,0,260,424,0,424,684
10/13/2009,HIO,OR,ANM,WE,Towers with Radar,0,21,44,0,65,0,0,75,0,75,0,21,119,0,140,281,0,281,421
10/14/2009,HIO,OR,ANM,WE,Towers with Radar,0,21,30,0,51,0,0,38,2,40,0,21,68,2,91,177,0,177,268
10/15/2009,HIO,OR,ANM,WE,Towers with Radar,0,22,56,0,78,0,0,157,0,157,0,22,213,0,235,720,0,720,955
10/16/2009,HIO,OR,ANM,WE,Towers with Radar,0,23,45,0,68,0,0,144,0,144,0,23,189,0,212,723,0,723,935
10/17/2009,HIO,OR,ANM,WE,Towers with Radar,0,4,18,0,22,0,0,22,0,22,0,4,40,0,44,323,0,323,367
10/18/2009,HIO,OR,ANM,WE,Towers with Radar,0,1,64,0,65,0,0,90,0,90,0,1,154,0,155,472,0,472,627
10/19/2009,HIO,OR,ANM,WE,Towers with Radar,0,19,151,0,170,0,0,0,0,0,0,19,151,0,170,496,0,496,666
10/20/2009,HIO,OR,ANM,WE,Towers with Radar,0,23,86,0,109,0,0,76,0,76,0,23,162,0,185,239,0,239,424
10/21/2009,HIO,OR,ANM,WE,Towers with Radar,0,19,98,0,117,0,0,45,0,45,0,19,143,0,162,213,0,213,375
10/22/2009,HIO,OR,ANM,WE,Towers with Radar,0,26,36,0,62,0,0,69,0,69,0,26,105,0,131,226,0,226,357
10/23/2009,HIO,OR,ANM,WE,Towers with Radar,0,17,45,0,62,0,0,28,0,28,0,17,73,0,90,315,0,315,405
10/24/2009,HIO,OR,ANM,WE,Towers with Radar,0,4,48,0,52,0,3,262,0,265,0,7,310,0,317,513,0,513,830
10/25/2009,HIO,OR,ANM,WE,Towers with Radar,0,1,51,0,52,0,0,114,0,114,0,1,165,0,166,461,0,461,627
10/26/2009,HIO,OR,ANM,WE,Towers with Radar,0,21,0,0,21,0,0,93,0,93,0,21,93,0,114,345,0,345,459
10/27/2009,HIO,OR,ANM,WE,Towers with Radar,0,25,43,0,68,0,4,119,0,123,0,29,162,0,191,392,0,392,583
10/28/2009,HIO,OR,ANM,WE,Towers with Radar,0,23,59,1,83,0,0,110,0,110,0,23,169,1,193,483,0,483,676
10/29/2009,HIO,OR,ANM,WE,Towers with Radar,0,19,50,0,69,0,0,0,0,0,0,19,50,0,69,42,0,42,111
10/30/2009,HIO,OR,ANM,WE,Towers with Radar,0,18,50,0,68,0,0,108,1,109,0,18,158,1,177,518,0,518,695
10/31/2009,HIO,OR,ANM,WE,Towers with Radar,0,4,31,0,35,0,1,90,0,91,0,5,121,0,126,510,0,510,636
11/01/2009,HIO,OR,ANM,WE,Towers with Radar,0,3,26,0,29,0,0,150,0,150,0,3,176,0,179,287,0,287,466
11/02/2009,HIO,OR,ANM,WE,Towers with Radar,0,20,0,0,20,0,0,216,0,216,0,20,216,0,236,474,0,474,710
11/03/2009,HIO,OR,ANM,WE,Towers with Radar,0,24,45,0,69,0,0,209,0,209,0,24,254,0,278,385,0,385,663
11/04/2009,HIO,OR,ANM,WE,Towers with Radar,0,21,35,0,56,0,0,186,0,186,0,21,221,0,242,514,0,514,756
11/05/2009,HIO,OR,ANM,WE,Towers with Radar,0,24,45,2,71,0,0,87,2,89,0,24,132,4,160,436,0,436,596
11/06/2009,HIO,OR,ANM,WE,Towers with Radar,0,18,26,0,44,0,4,109,0,113,0,22,135,0,157,527,0,527,684
11/07/2009,HIO,OR,ANM,WE,Towers with Radar,0,2,15,0,17,0,0,30,0,30,0,2,45,0,47,215,0,215,262
11/08/2009,HIO,OR,ANM,WE,Towers with Radar,0,1,36,0,37,0,0,93,0,93,0,1,129,0,130,431,0,431,561
11/09/2009,HIO,OR,ANM,WE,Towers with Radar,0,18,21,0,39,0,3,68,0,71,0,21,89,0,110,478,0,478,588
11/10/2009,HIO,OR,ANM,WE,Towers with Radar,0,21,54,0,75,0,1,111,2,114,0,22,165,2,189,305,0,305,494
11/11/2009,HIO,OR,ANM,WE,Towers with Radar,0,18,34,0,52,0,0,22,0,22,0,18,56,0,74,264,0,264,338
11/12/2009,HIO,OR,ANM,WE,Towers with Radar,0,20,37,1,58,0,0,55,0,55,0,20,92,1,113,456,0,456,569
11/13/2009,HIO,OR,ANM,WE,Towers with Radar,0,23,17,0,40,0,0,36,0,36,0,23,53,0,76,242,0,242,318
11/14/2009,HIO,OR,ANM,WE,Towers with Radar,0,2,28,0,30,0,1,99,0,100,0,3,127,0,130,242,0,242,372
11/15/2009,HIO,OR,ANM,WE,Towers with Radar,0,0,31,0,31,0,0,86,0,86,0,0,117,0,117,581,0,581,698
11/16/2009,HIO,OR,ANM,WE,Towers with Radar,0,16,10,0,26,0,2,37,0,39,0,18,47,0,65,34,0,34,99
11/17/2009,HIO,OR,ANM,WE,Towers with Radar,0,23,33,0,56,0,2,114,1,117,0,25,147,1,173,411,0,411,584
11/18/2009,HIO,OR,ANM,WE,Towers with Radar,0,22,33,0,55,0,0,119,0,119,0,22,152,0,174,397,0,397,571
11/19/2009,HIO,OR,ANM,WE,Towers with Radar,0,22,29,0,51,0,0,53,0,53,0,22,82,0,104,136,2,138,242
11/20/2009,HIO,OR,ANM,WE,Towers with Radar,0,19,47,0,66,0,0,89,0,89,0,19,136,0,155,421,0,421,576
11/21/2009,HIO,OR,ANM,WE,Towers with Radar,0,0,25,0,25,0,0,140,0,140,0,0,165,0,165,419,0,419,584
11/22/2009,HIO,OR,ANM,WE,Towers with Radar,0,0,18,0,18,0,0,80,0,80,0,0,98,0,98,361,0,361,459
11/23/2009,HIO,OR,ANM,WE,Towers with Radar,0,4,45,1,50,0,4,218,1,223,0,8,263,2,273,605,6,611,884
11/24/2009,HIO,OR,ANM,WE,Towers with Radar,0,1,47,0,48,0,0,168,0,168,0,1,215,0,216,484,0,484,700
11/25/2009,HIO,OR,ANM,WE,Towers with Radar,0,1,31,0,32,0,0,72,0,72,0,1,103,0,104,275,0,275,379
11/26/2009,HIO,OR,ANM,WE,Towers with Radar,0,0,1,0,1,0,0,0,0,0,0,0,1,0,1,2,0,2,3
11/27/2009,HIO,OR,ANM,WE,Towers with Radar,0,10,25,0,35,0,0,131,0,131,0,10,156,0,166,436,0,436,602
11/28/2009,HIO,OR,ANM,WE,Towers with Radar,0,4,31,0,35,0,3,141,1,145,0,7,172,1,180,545,0,545,725
11/29/2009,HIO,OR,ANM,WE,Towers with Radar,0,0,0,0,0,0,0,164,0,164,0,0,164,0,164,434,0,434,598
11/30/2009,HIO,OR,ANM,WE,Towers with Radar,0,21,38,0,59,0,0,0,0,0,0,21,38,0,59,2,0,2,61
12/01/2009,HIO,OR,ANM,WE,Towers with Radar,0,19,47,1,67,0,2,121,1,124,0,21,168,2,191,300,0,300,491
12/02/2009,HIO,OR,ANM,WE,Towers with Radar,0,23,41,0,64,0,0,201,1,202,0,23,242,1,266,459,0,459,725
12/03/2009,HIO,OR,ANM,WE,Towers with Radar,0,23,47,0,70,0,0,202,0,202,0,23,249,0,272,593,0,593,865
12/04/2009,HIO,OR,ANM,WE,Towers with Radar,0,21,43,0,64,0,4,175,1,180,0,25,218,1,244,594,0,594,838
12/05/2009,HIO,OR,ANM,WE,Towers with Radar,0,2,39,0,41,0,1,194,0,195,0,3,233,0,236,534,0,534,770
12/06/2009,HIO,OR,ANM,WE,Towers with Radar,0,0,18,0,18,0,0,0,0,0,0,0,18,0,18,9,0,9,27
12/07/2009,HIO,OR,ANM,WE,Towers with Radar,0,21,27,0,48,0,3,37,0,40,0,24,64,0,88,18,0,18,106
12/08/2009,HIO,OR,ANM,WE,Towers with Radar,0,23,26,1,50,0,3,164,2,169,0,26,190,3,219,366,2,368,587
12/09/2009,HIO,OR,ANM,WE,Towers with Radar,0,22,25,0,47,0,0,175,0,175,0,22,200,0,222,490,0,490,712
12/10/2009,HIO,OR,ANM,WE,Towers with Radar,0,26,48,0,74,0,0,196,1,197,0,26,244,1,271,460,0,460,731
12/11/2009,HIO,OR,ANM,WE,Towers with Radar,0,19,31,0,50,0,1,162,0,163,0,20,193,0,213,554,0,554,767
12/12/2009,HIO,OR,ANM,WE,Towers with Radar,0,2,0,0,2,0,0,14,0,14,0,2,14,0,16,22,0,22,38
12/13/2009,HIO,OR,ANM,WE,Towers with Radar,0,2,9,0,11,0,0,1,0,1,0,2,10,0,12,4,0,4,16
12/14/2009,HIO,OR,ANM,WE,Towers with Radar,0,12,26,0,38,0,1,67,0,68,0,13,93,0,106,569,0,569,675
12/15/2009,HIO,OR,ANM,WE,Towers with Radar,0,22,33,0,55,0,0,0,0,0,0,22,33,0,55,0,0,0,55
12/16/2009,HIO,OR,ANM,WE,Towers with Radar,0,19,48,0,67,0,0,38,0,38,0,19,86,0,105,266,0,266,371
12/17/2009,HIO,OR,ANM,WE,Towers with Radar,0,22,33,0,55,0,0,0,0,0,0,22,33,0,55,0,0,0,55
12/18/2009,HIO,OR,ANM,WE,Towers with Radar,0,19,43,0,62,0,1,136,0,137,0,20,179,0,199,302,0,302,501
12/19/2009,HIO,OR,ANM,WE,Towers with Radar,0,0,0,0,0,0,0,44,0,44,0,0,44,0,44,0,0,0,44
12/20/2009,HIO,OR,ANM,WE,Towers with Radar,0,0,45,0,45,0,0,42,0,42,0,0,87,0,87,272,0,272,359
12/21/2009,HIO,OR,ANM,WE,Towers with Radar,0,0,20,2,22,0,0,51,0,51,0,0,71,2,73,318,0,318,391
12/22/2009,HIO,OR,ANM,WE,Towers with Radar,0,0,62,0,62,0,0,50,0,50,0,0,112,0,112,217,0,217,329
12/23/2009,HIO,OR,ANM,WE,Towers with Radar,0,0,5,0,5,0,0,0,0,0,0,0,5,0,5,0,0,0,5
12/24/2009,HIO,OR,ANM,WE,Towers with Radar,0,2,17,0,19,0,0,55,0,55,0,2,72,0,74,124,0,124,198
12/25/2009,HIO,OR,ANM,WE,Towers with Radar,0,1,3,0,4,0,0,22,0,22,0,1,25,0,26,55,0,55,81
12/26/2009,HIO,OR,ANM,WE,Towers with Radar,0,0,88,0,88,0,0,0,0,0,0,0,88,0,88,49,0,49,137
12/27/2009,HIO,OR,ANM,WE,Towers with Radar,0,1,31,0,32,0,0,114,0,114,0,1,145,0,146,349,0,349,495
12/28/2009,HIO,OR,ANM,WE,Towers with Radar,0,2,39,0,41,0,0,162,0,162,0,2,201,0,203,253,0,253,456
12/29/2009,HIO,OR,ANM,WE,Towers with Radar,0,3,21,0,24,0,1,85,0,86,0,4,106,0,110,222,0,222,332
12/30/2009,HIO,OR,ANM,WE,Towers with Radar,0,1,12,0,13,0,0,0,0,0,0,1,12,0,13,0,0,0,13
12/31/2009,HIO,OR,ANM,WE,Towers with Radar,0,4,7,0,11,0,0,0,0,0,0,4,7,0,11,0,0,0,11
01/01/2010,HIO,OR,ANM,WE,Towers with Radar,0,2,16,0,18,0,0,4,0,4,0,2,20,0,22,57,0,57,79
01/02/2010,HIO,OR,ANM,WE,Towers with Radar,0,3,30,0,33,0,0,117,0,117,0,3,147,0,150,441,0,441,591
01/03/2010,HIO,OR,ANM,WE,Towers with Radar,0,4,42,0,46,0,5,124,2,131,0,9,166,2,177,273,0,273,450
01/04/2010,HIO,OR,ANM,WE,Towers with Radar,0,19,50,0,69,0,0,18,0,18,0,19,68,0,87,134,0,134,221
01/05/2010,HIO,OR,ANM,WE,Towers with Radar,0,19,58,0,77,0,0,0,0,0,0,19,58,0,77,2,0,2,79
01/06/2010,HIO,OR,ANM,WE,Towers with Radar,0,22,60,1,83,0,0,59,1,60,0,22,119,2,143,289,0,289,432
01/07/2010,HIO,OR,ANM,WE,Towers with Radar,0,18,39,0,57,0,1,122,0,123,0,19,161,0,180,208,0,208,388
01/08/2010,HIO,OR,ANM,WE,Towers with Radar,0,21,56,0,77,0,0,55,0,55,0,21,111,0,132,367,0,367,499
01/09/2010,HIO,OR,ANM,WE,Towers with Radar,0,4,43,0,47,0,0,45,0,45,0,4,88,0,92,357,0,357,449
01/10/2010,HIO,OR,ANM,WE,Towers with Radar,0,5,18,0,23,0,1,184,0,185,0,6,202,0,208,455,0,455,663
01/11/2010,HIO,OR,ANM,WE,Towers with Radar,0,18,41,0,59,0,0,83,0,83,0,18,124,0,142,510,0,510,652
01/12/2010,HIO,OR,ANM,WE,Towers with Radar,0,21,52,0,73,0,2,24,0,26,0,23,76,0,99,287,0,287,386
01/13/2010,HIO,OR,ANM,WE,Towers with Radar,0,19,50,0,69,0,0,12,0,12,0,19,62,0,81,101,0,101,182
01/14/2010,HIO,OR,ANM,WE,Towers with Radar,0,21,52,0,73,0,0,151,0,151,0,21,203,0,224,485,0,485,709
01/15/2010,HIO,OR,ANM,WE,Towers with Radar,0,21,25,0,46,0,2,39,0,41,0,23,64,0,87,291,0,291,378
01/16/2010,HIO,OR,ANM,WE,Towers with Radar,0,2,43,0,45,0,0,17,0,17,0,2,60,0,62,130,0,130,192
01/17/2010,HIO,OR,ANM,WE,Towers with Radar,0,2,35,0,37,0,0,60,0,60,0,2,95,0,97,415,0,415,512
01/18/2010,HIO,OR,ANM,WE,Towers with Radar,0,17,42,0,59,0,1,163,0,164,0,18,205,0,223,385,0,385,608
01/19/2010,HIO,OR,ANM,WE,Towers with Radar,0,22,34,0,56,0,1,96,0,97,0,23,130,0,153,206,0,206,359
01/20/2010,HIO,OR,ANM,WE,Towers with Radar,0,22,57,0,79,0,0,113,4,117,0,22,170,4,196,342,0,342,538
01/21/2010,HIO,OR,ANM,WE,Towers with Radar,0,16,41,0,57,0,0,134,0,134,0,16,175,0,191,479,0,479,670
01/22/2010,HIO,OR,ANM,WE,Towers with Radar,0,15,50,0,65,0,0,55,0,55,0,15,105,0,120,224,0,224,344
01/23/2010,HIO,OR,ANM,WE,Towers with Radar,0,3,55,0,58,0,2,108,0,110,0,5,163,0,168,261,0,261,429
01/24/2010,HIO,OR,ANM,WE,Towers with Radar,0,3,20,0,23,0,0,13,0,13,0,3,33,0,36,277,0,277,313
01/25/2010,HIO,OR,ANM,WE,Towers with Radar,0,13,59,0,72,0,0,83,0,83,0,13,142,0,155,682,0,682,837
01/26/2010,HIO,OR,ANM,WE,Towers with Radar,0,15,54,0,69,0,0,65,0,65,0,15,119,0,134,502,0,502,636
01/27/2010,HIO,OR,ANM,WE,Towers with Radar,0,18,60,0,78,0,0,151,0,151,0,18,211,0,229,527,0,527,756
01/28/2010,HIO,OR,ANM,WE,Towers with Radar,0,14,42,0,56,0,2,176,0,178,0,16,218,0,234,550,0,550,784
01/29/2010,HIO,OR,ANM,WE,Towers with Radar,0,21,49,0,70,0,0,167,0,167,0,21,216,0,237,462,0,462,699
01/30/2010,HIO,OR,ANM,WE,Towers with Radar,0,0,50,0,50,0,0,88,0,88,0,0,138,0,138,0,564,564,702
01/31/2010,HIO,OR,ANM,WE,Towers with Radar,0,3,43,0,46,0,0,53,0,53,0,3,96,0,99,304,0,304,403
02/01/2010,HIO,OR,ANM,WE,Towers with Radar,0,20,41,0,61,0,1,33,0,34,0,21,74,0,95,284,0,284,379
02/02/2010,HIO,OR,ANM,WE,Towers with Radar,0,21,39,0,60,0,0,179,0,179,0,21,218,0,239,0,492,492,731
02/03/2010,HIO,OR,ANM,WE,Towers with Radar,0,21,56,0,77,0,0,36,0,36,0,21,92,0,113,424,0,424,537
02/04/2010,HIO,OR,ANM,WE,Towers with Radar,0,19,35,0,54,0,5,136,0,141,0,24,171,0,195,305,0,305,500
02/05/2010,HIO,OR,ANM,WE,Towers with Radar,0,18,42,5,65,0,0,220,3,223,0,18,262,8,288,372,0,372,660
02/06/2010,HIO,OR,ANM,WE,Towers with Radar,0,0,38,0,38,0,5,156,0,161,0,5,194,0,199,445,0,445,644
02/07/2010,HIO,OR,ANM,WE,Towers with Radar,0,4,38,0,42,0,0,58,0,58,0,4,96,0,100,332,0,332,432
02/08/2010,HIO,OR,ANM,WE,Towers with Radar,0,16,37,0,53,0,0,83,0,83,0,16,120,0,136,366,0,366,502
02/09/2010,HIO,OR,ANM,WE,Towers with Radar,0,24,44,0,68,0,5,124,2,131,0,29,168,2,199,486,0,486,685
02/10/2010,HIO,OR,ANM,WE,Towers with Radar,0,16,28,0,44,0,0,1,0,1,0,16,29,0,45,120,0,120,165
02/11/2010,HIO,OR,ANM,WE,Towers with Radar,0,18,65,0,83,0,3,93,0,96,0,21,158,0,179,455,0,455,634
02/12/2010,HIO,OR,ANM,WE,Towers with Radar,0,1,46,0,47,0,0,26,0,26,0,1,72,0,73,162,0,162,235
02/13/2010,HIO,OR,ANM,WE,Towers with Radar,0,2,28,0,30,0,1,114,0,115,0,3,142,0,145,459,0,459,604
02/14/2010,HIO,OR,ANM,WE,Towers with Radar,0,7,32,0,39,0,0,50,0,50,0,7,82,0,89,326,0,326,415
02/15/2010,HIO,OR,ANM,WE,Towers with Radar,0,3,64,0,67,0,0,138,1,139,0,3,202,1,206,403,0,403,609
02/16/2010,HIO,OR,ANM,WE,Towers with Radar,0,19,46,2,67,0,0,96,2,98,0,19,142,4,165,400,0,400,565
02/17/2010,HIO,OR,ANM,WE,Towers with Radar,0,19,40,0,59,0,0,204,0,204,0,19,244,0,263,505,0,505,768
02/18/2010,HIO,OR,ANM,WE,Towers with Radar,0,20,33,0,53,0,0,131,0,131,0,20,164,0,184,200,0,200,384
02/19/2010,HIO,OR,ANM,WE,Towers with Radar,0,25,26,0,51,0,1,228,0,229,0,26,254,0,280,322,0,322,602
02/20/2010,HIO,OR,ANM,WE,Towers with Radar,0,1,22,0,23,0,0,237,0,237,0,1,259,0,260,317,0,317,577
02/21/2010,HIO,OR,ANM,WE,Towers with Radar,0,2,30,0,32,0,0,194,0,194,0,2,224,0,226,312,0,312,538
02/22/2010,HIO,OR,ANM,WE,Towers with Radar,0,20,32,0,52,0,0,189,0,189,0,20,221,0,241,525,0,525,766
02/23/2010,HIO,OR,ANM,WE,Towers with Radar,0,23,56,0,79,0,0,77,0,77,0,23,133,0,156,409,0,409,565
02/24/2010,HIO,OR,ANM,WE,Towers with Radar,0,22,52,0,74,0,0,61,0,61,0,22,113,0,135,555,0,555,690
02/25/2010,HIO,OR,ANM,WE,Towers with Radar,0,24,65,0,89,0,0,97,0,97,0,24,162,0,186,562,0,562,748
02/26/2010,HIO,OR,ANM,WE,Towers with Radar,0,17,47,0,64,0,0,18,0,18,0,17,65,0,82,399,0,399,481
02/27/2010,HIO,OR,ANM,WE,Towers with Radar,0,5,36,0,41,0,0,188,0,188,0,5,224,0,229,543,0,543,772
02/28/2010,HIO,OR,ANM,WE,Towers with Radar,0,4,29,0,33,0,3,205,0,208,0,7,234,0,241,497,0,497,738
03/01/2010,HIO,OR,ANM,WE,Towers with Radar,0,20,38,0,58,0,2,192,0,194,0,22,230,0,252,539,0,539,791
03/02/2010,HIO,OR,ANM,WE,Towers with Radar,0,23,51,0,74,0,0,75,0,75,0,23,126,0,149,410,0,410,559
03/03/2010,HIO,OR,ANM,WE,Towers with Radar,0,18,49,0,67,0,0,135,0,135,0,18,184,0,202,543,0,543,745
03/04/2010,HIO,OR,ANM,WE,Towers with Radar,0,25,35,0,60,0,2,171,0,173,0,27,206,0,233,525,9,534,767
03/05/2010,HIO,OR,ANM,WE,Towers with Radar,0,16,47,0,63,0,0,194,0,194,0,16,241,0,257,494,0,494,751
03/06/2010,HIO,OR,ANM,WE,Towers with Radar,0,2,28,0,30,0,0,174,0,174,0,2,202,0,204,488,0,488,692
03/07/2010,HIO,OR,ANM,WE,Towers with Radar,0,2,24,0,26,0,0,151,0,151,0,2,175,0,177,555,0,555,732
03/08/2010,HIO,OR,ANM,WE,Towers with Radar,0,17,0,0,17,0,0,95,0,95,0,17,95,0,112,159,0,159,271
03/09/2010,HIO,OR,ANM,WE,Towers with Radar,0,18,23,0,41,0,2,30,0,32,0,20,53,0,73,314,0,314,387
03/10/2010,HIO,OR,ANM,WE,Towers with Radar,0,26,40,0,66,0,0,156,0,156,0,26,196,0,222,402,0,402,624
03/11/2010,HIO,OR,ANM,WE,Towers with Radar,0,26,18,0,44,0,0,9,0,9,0,26,27,0,53,45,0,45,98
03/12/2010,HIO,OR,ANM,WE,Towers with Radar,0,18,25,0,43,0,0,29,0,29,0,18,54,0,72,293,0,293,365
03/13/2010,HIO,OR,ANM,WE,Towers with Radar,0,9,22,0,31,0,0,114,0,114,0,9,136,0,145,609,0,609,754
03/14/2010,HIO,OR,ANM,WE,Towers with Radar,0,3,32,0,35,0,0,197,0,197,0,3,229,0,232,432,0,432,664
03/15/2010,HIO,OR,ANM,WE,Towers with Radar,0,21,36,1,58,0,3,193,0,196,0,24,229,1,254,476,0,476,730
03/16/2010,HIO,OR,ANM,WE,Towers with Radar,0,21,35,0,56,0,0,92,0,92,0,21,127,0,148,356,0,356,504
03/17/2010,HIO,OR,ANM,WE,Towers with Radar,0,21,35,0,56,0,0,196,0,196,0,21,231,0,252,582,0,582,834
03/18/2010,HIO,OR,ANM,WE,Towers with Radar,0,22,64,2,88,0,9,200,0,209,0,31,264,2,297,462,0,462,759
03/19/2010,HIO,OR,ANM,WE,Towers with Radar,0,20,38,0,58,0,0,193,0,193,0,20,231,0,251,500,0,500,751
03/20/2010,HIO,OR,ANM,WE,Towers with Radar,0,3,35,0,38,0,1,176,0,177,0,4,211,0,215,484,0,484,699
03/21/2010,HIO,OR,ANM,WE,Towers with Radar,0,2,35,0,37,0,2,36,0,38,0,4,71,0,75,533,0,533,608
03/22/2010,HIO,OR,ANM,WE,Towers with Radar,0,16,0,0,16,0,0,199,0,199,0,16,199,0,215,707,0,707,922
03/23/2010,HIO,OR,ANM,WE,Towers with Radar,0,20,30,0,50,0,0,232,0,232,0,20,262,0,282,391,0,391,673
03/24/2010,HIO,OR,ANM,WE,Towers with Radar,0,20,52,0,72,0,0,234,0,234,0,20,286,0,306,561,0,561,867
03/25/2010,HIO,OR,ANM,WE,Towers with Radar,0,25,17,0,42,0,5,12,0,17,0,30,29,0,59,90,0,90,149
03/26/2010,HIO,OR,ANM,WE,Towers with Radar,0,18,49,0,67,0,0,148,0,148,0,18,197,0,215,645,0,645,860
03/27/2010,HIO,OR,ANM,WE,Towers with Radar,0,1,55,0,56,0,1,182,0,183,0,2,237,0,239,626,0,626,865
03/28/2010,HIO,OR,ANM,WE,Towers with Radar,0,7,15,0,22,0,1,10,0,11,0,8,25,0,33,416,0,416,449
03/29/2010,HIO,OR,ANM,WE,Towers with Radar,0,20,11,0,31,0,0,11,0,11,0,20,22,0,42,169,0,169,211
03/30/2010,HIO,OR,ANM,WE,Towers with Radar,0,18,20,0,38,0,0,15,0,15,0,18,35,0,53,487,0,487,540
03/31/2010,HIO,OR,ANM,WE,Towers with Radar,0,30,21,0,51,0,0,76,0,76,0,30,97,0,127,564,0,564,691
04/01/2010,HIO,OR,ANM,WE,Towers with Radar,0,22,38,0,60,0,2,158,0,160,0,24,196,0,220,522,0,522,742
04/02/2010,HIO,OR,ANM,WE,Towers with Radar,0,18,7,0,25,0,0,1,0,1,0,18,8,0,26,0,0,0,26
04/03/2010,HIO,OR,ANM,WE,Towers with Radar,0,5,17,0,22,0,1,15,0,16,0,6,32,0,38,349,0,349,387
04/04/2010,HIO,OR,ANM,WE,Towers with Radar,0,3,22,0,25,0,0,61,0,61,0,3,83,0,86,285,0,285,371
04/05/2010,HIO,OR,ANM,WE,Towers with Radar,0,18,12,0,30,0,0,18,0,18,0,18,30,0,48,245,0,245,293
04/06/2010,HIO,OR,ANM,WE,Towers with Radar,0,21,29,0,50,0,0,126,0,126,0,21,155,0,176,641,0,641,817
04/07/2010,HIO,OR,ANM,WE,Towers with Radar,0,22,47,0,69,0,0,226,2,228,0,22,273,2,297,580,0,580,877
04/08/2010,HIO,OR,ANM,WE,Towers with Radar,0,26,24,0,50,0,2,84,0,86,0,28,108,0,136,476,0,476,612
04/09/2010,HIO,OR,ANM,WE,Towers with Radar,0,20,42,0,62,0,1,189,0,190,0,21,231,0,252,770,0,770,1022
04/10/2010,HIO,OR,ANM,WE,Towers with Radar,0,3,27,0,30,0,2,87,0,89,0,5,114,0,119,259,0,259,378
04/11/2010,HIO,OR,ANM,WE,Towers with Radar,0,1,39,0,40,0,0,203,0,203,0,1,242,0,243,645,0,645,888
04/12/2010,HIO,OR,ANM,WE,Towers with Radar,0,19,59,0,78,0,0,122,0,122,0,19,181,0,200,567,0,567,767
04/13/2010,HIO,OR,ANM,WE,Towers with Radar,0,23,56,0,79,0,0,137,0,137,0,23,193,0,216,620,0,620,836
04/14/2010,HIO,OR,ANM,WE,Towers with Radar,0,20,60,0,80,0,0,207,1,208,0,20,267,1,288,533,0,533,821
04/15/2010,HIO,OR,ANM,WE,Towers with Radar,0,19,56,0,75,0,3,226,0,229,0,22,282,0,304,672,0,672,976
04/16/2010,HIO,OR,ANM,WE,Towers with Radar,0,20,39,0,59,0,0,251,3,254,0,20,290,3,313,597,0,597,910
04/17/2010,HIO,OR,ANM,WE,Towers with Radar,0,0,32,0,32,0,1,205,1,207,0,1,237,1,239,589,0,589,828
04/18/2010,HIO,OR,ANM,WE,Towers with Radar,0,2,37,0,39,0,4,266,0,270,0,6,303,0,309,661,0,661,970
04/19/2010,HIO,OR,ANM,WE,Towers with Radar,0,19,37,0,56,0,5,172,0,177,0,24,209,0,233,698,0,698,931
04/20/2010,HIO,OR,ANM,WE,Towers with Radar,0,23,35,0,58,0,0,81,1,82,0,23,116,1,140,581,0,581,721
04/21/2010,HIO,OR,ANM,WE,Towers with Radar,0,20,78,0,98,0,0,112,0,112,0,20,190,0,210,283,0,283,493
04/22/2010,HIO,OR,ANM,WE,Towers with Radar,0,21,45,0,66,0,1,221,0,222,0,22,266,0,288,618,0,618,906
04/23/2010,HIO,OR,ANM,WE,Towers with Radar,0,18,45,0,63,0,0,198,0,198,0,18,243,0,261,660,0,660,921
04/24/2010,HIO,OR,ANM,WE,Towers with Radar,0,4,24,0,28,0,1,130,0,131,0,5,154,0,159,508,0,508,667
04/25/2010,HIO,OR,ANM,WE,Towers with Radar,0,3,44,0,47,0,0,216,0,216,0,3,260,0,263,562,0,562,825
04/26/2010,HIO,OR,ANM,WE,Towers with Radar,0,19,22,0,41,0,1,102,0,103,0,20,124,0,144,471,0,471,615
04/27/2010,HIO,OR,ANM,WE,Towers with Radar,0,18,28,0,46,0,0,46,0,46,0,18,74,0,92,517,0,517,609
04/28/2010,HIO,OR,ANM,WE,Towers with Radar,0,24,42,0,66,0,2,36,0,38,0,26,78,0,104,369,0,369,473
04/29/2010,HIO,OR,ANM,WE,Towers with Radar,0,21,49,0,70,0,0,157,0,157,0,21,206,0,227,541,0,541,768
04/30/2010,HIO,OR,ANM,WE,Towers with Radar,0,18,64,0,82,0,0,198,0,198,0,18,262,0,280,559,0,559,839
05/01/2010,HIO,OR,ANM,WE,Towers with Radar,0,4,46,0,50,0,0,102,0,102,0,4,148,0,152,449,0,449,601
05/02/2010,HIO,OR,ANM,WE,Towers with Radar,0,3,0,0,3,0,0,223,0,223,0,3,223,0,226,222,0,222,448
05/03/2010,HIO,OR,ANM,WE,Towers with Radar,0,19,11,0,30,0,0,41,0,41,0,19,52,0,71,74,0,74,145
05/04/2010,HIO,OR,ANM,WE,Towers with Radar,0,19,33,1,53,0,0,66,1,67,0,19,99,2,120,388,0,388,508
05/05/2010,HIO,OR,ANM,WE,Towers with Radar,0,23,21,0,44,0,1,144,0,145,0,24,165,0,189,711,0,711,900
05/06/2010,HIO,OR,ANM,WE,Towers with Radar,0,21,61,0,82,0,0,246,2,248,0,21,307,2,330,806,2,808,1138
05/07/2010,HIO,OR,ANM,WE,Towers with Radar,0,24,36,0,60,0,0,225,0,225,0,24,261,0,285,507,0,507,792
05/08/2010,HIO,OR,ANM,WE,Towers with Radar,0,1,31,0,32,0,2,191,0,193,0,3,222,0,225,582,0,582,807
05/09/2010,HIO,OR,ANM,WE,Towers with Radar,0,3,25,0,28,0,0,151,0,151,0,3,176,0,179,472,0,472,651
05/10/2010,HIO,OR,ANM,WE,Towers with Radar,0,19,57,0,76,0,0,96,0,96,0,19,153,0,172,439,0,439,611
05/11/2010,HIO,OR,ANM,WE,Towers with Radar,0,20,64,1,85,0,0,197,2,199,0,20,261,3,284,644,0,644,928
05/12/2010,HIO,OR,ANM,WE,Towers with Radar,0,24,59,1,84,0,0,197,1,198,0,24,256,2,282,618,0,618,900
05/13/2010,HIO,OR,ANM,WE,Towers with Radar,0,23,71,2,96,0,0,240,0,240,0,23,311,2,336,760,0,760,1096
05/14/2010,HIO,OR,ANM,WE,Towers with Radar,0,20,63,0,83,0,0,212,0,212,0,20,275,0,295,579,0,579,874
05/15/2010,HIO,OR,ANM,WE,Towers with Radar,0,4,31,0,35,0,1,222,0,223,0,5,253,0,258,425,0,425,683
05/16/2010,HIO,OR,ANM,WE,Towers with Radar,0,2,27,0,29,0,0,146,0,146,0,2,173,0,175,600,0,600,775
05/17/2010,HIO,OR,ANM,WE,Towers with Radar,0,18,58,0,76,0,1,51,0,52,0,19,109,0,128,325,0,325,453
05/18/2010,HIO,OR,ANM,WE,Towers with Radar,0,23,59,1,83,0,0,58,0,58,0,23,117,1,141,355,0,355,496
05/19/2010,HIO,OR,ANM,WE,Towers with Radar,0,23,29,0,52,0,0,39,0,39,0,23,68,0,91,310,0,310,401
05/20/2010,HIO,OR,ANM,WE,Towers with Radar,0,21,26,0,47,0,2,56,0,58,0,23,82,0,105,327,0,327,432
05/21/2010,HIO,OR,ANM,WE,Towers with Radar,0,17,24,0,41,0,0,35,0,35,0,17,59,0,76,635,0,635,711
05/22/2010,HIO,OR,ANM,WE,Towers with Radar,0,4,25,0,29,0,0,97,0,97,0,4,122,0,126,470,0,470,596
05/23/2010,HIO,OR,ANM,WE,Towers with Radar,0,5,35,0,40,0,0,123,0,123,0,5,158,0,163,561,0,561,724
05/24/2010,HIO,OR,ANM,WE,Towers with Radar,0,19,70,0,89,0,0,192,0,192,0,19,262,0,281,572,0,572,853
05/25/2010,HIO,OR,ANM,WE,Towers with Radar,0,25,49,0,74,0,2,70,0,72,0,27,119,0,146,740,0,740,886
05/26/2010,HIO,OR,ANM,WE,Towers with Radar,0,19,79,0,98,0,1,72,0,73,0,20,151,0,171,476,0,476,647
05/27/2010,HIO,OR,ANM,WE,Towers with Radar,0,24,63,0,87,0,0,194,0,194,0,24,257,0,281,604,0,604,885
05/28/2010,HIO,OR,ANM,WE,Towers with Radar,0,0,0,0,0,0,0,182,0,182,0,0,182,0,182,466,0,466,648
05/29/2010,HIO,OR,ANM,WE,Towers with Radar,0,4,48,0,52,0,0,148,0,148,0,4,196,0,200,630,0,630,830
05/30/2010,HIO,OR,ANM,WE,Towers with Radar,0,2,22,0,24,0,0,159,0,159,0,2,181,0,183,619,0,619,802
05/31/2010,HIO,OR,ANM,WE,Towers with Radar,0,1,49,0,50,0,2,93,0,95,0,3,142,0,145,354,0,354,499
06/01/2010,HIO,OR,ANM,WE,Towers with Radar,0,33,75,0,108,0,0,152,0,152,0,33,227,0,260,570,0,570,830
06/02/2010,HIO,OR,ANM,WE,Towers with Radar,0,26,53,0,79,0,1,20,0,21,0,27,73,0,100,199,0,199,299
06/03/2010,HIO,OR,ANM,WE,Towers with Radar,0,19,87,0,106,0,0,146,2,148,0,19,233,2,254,668,0,668,922
06/04/2010,HIO,OR,ANM,WE,Towers with Radar,0,19,0,0,19,0,0,183,0,183,0,19,183,0,202,321,0,321,523
06/05/2010,HIO,OR,ANM,WE,Towers with Radar,0,2,35,0,37,0,2,256,0,258,0,4,291,0,295,300,0,300,595
06/06/2010,HIO,OR,ANM,WE,Towers with Radar,0,4,49,0,53,0,0,3,0,3,0,4,52,0,56,50,0,50,106
06/07/2010,HIO,OR,ANM,WE,Towers with Radar,0,18,58,0,76,0,1,177,2,180,0,19,235,2,256,489,0,489,745
06/08/2010,HIO,OR,ANM,WE,Towers with Radar,0,25,61,0,86,0,3,258,0,261,0,28,319,0,347,524,0,524,871
06/09/2010,HIO,OR,ANM,WE,Towers with Radar,0,22,61,0,83,0,0,35,0,35,0,22,96,0,118,156,0,156,274
06/10/2010,HIO,OR,ANM,WE,Towers with Radar,0,25,75,2,102,0,1,92,2,95,0,26,167,4,197,429,0,429,626
06/11/2010,HIO,OR,ANM,WE,Towers with Radar,0,18,64,0,82,0,3,195,2,200,0,21,259,2,282,457,0,457,739
06/12/2010,HIO,OR,ANM,WE,Towers with Radar,0,9,46,0,55,0,2,251,0,253,0,11,297,0,308,355,0,355,663
06/13/2010,HIO,OR,ANM,WE,Towers with Radar,0,6,27,0,33,0,4,170,0,174,0,10,197,0,207,309,0,309,516
06/14/2010,HIO,OR,ANM,WE,Towers with Radar,0,21,56,0,77,0,0,168,0,168,0,21,224,0,245,367,0,367,612
06/15/2010,HIO,OR,ANM,WE,Towers with Radar,0,19,42,0,61,0,0,108,0,108,0,19,150,0,169,474,0,474,643
06/16/2010,HIO,OR,ANM,WE,Towers with Radar,0,20,76,0,96,0,2,164,0,166,0,22,240,0,262,656,0,656,918
06/17/2010,HIO,OR,ANM,WE,Towers with Radar,0,23,66,0,89,0,1,173,0,174,0,24,239,0,263,604,0,604,867
06/18/2010,HIO,OR,ANM,WE,Towers with Radar,0,20,0,0,20,0,0,329,0,329,0,20,329,0,349,620,0,620,969
06/19/2010,HIO,OR,ANM,WE,Towers with Radar,0,5,43,0,48,0,1,114,0,115,0,6,157,0,163,528,0,528,691
06/20/2010,HIO,OR,ANM,WE,Towers with Radar,0,4,39,0,43,0,0,38,0,38,0,4,77,0,81,201,0,201,282
06/21/2010,HIO,OR,ANM,WE,Towers with Radar,0,27,50,0,77,0,0,218,0,218,0,27,268,0,295,711,0,711,1006
06/22/2010,HIO,OR,ANM,WE,Towers with Radar,0,22,71,0,93,0,3,207,0,210,0,25,278,0,303,568,0,568,871
06/23/2010,HIO,OR,ANM,WE,Towers with Radar,0,21,50,3,74,0,0,255,0,255,0,21,305,3,329,498,0,498,827
06/24/2010,HIO,OR,ANM,WE,Towers with Radar,0,20,47,1,68,0,0,248,1,249,0,20,295,2,317,476,0,476,793
06/25/2010,HIO,OR,ANM,WE,Towers with Radar,0,18,62,0,80,0,1,219,0,220,0,19,281,0,300,604,0,604,904
06/26/2010,HIO,OR,ANM,WE,Towers with Radar,0,2,37,0,39,0,3,220,0,223,0,5,257,0,262,545,0,545,807
06/27/2010,HIO,OR,ANM,WE,Towers with Radar,0,8,25,0,33,0,5,211,0,216,0,13,236,0,249,401,0,401,650
06/28/2010,HIO,OR,ANM,WE,Towers with Radar,0,8,37,0,45,0,0,210,0,210,0,8,247,0,255,694,0,694,949
06/29/2010,HIO,OR,ANM,WE,Towers with Radar,0,2,58,0,60,0,0,241,0,241,0,2,299,0,301,481,0,481,782
06/30/2010,HIO,OR,ANM,WE,Towers with Radar,0,6,44,1,51,0,0,245,1,246,0,6,289,2,297,577,0,577,874
07/01/2010,HIO,OR,ANM,WE,Towers with Radar,0,4,65,0,69,0,0,175,2,177,0,4,240,2,246,465,2,467,713
07/02/2010,HIO,OR,ANM,WE,Towers with Radar,0,0,86,0,86,0,0,72,0,72,0,0,158,0,158,401,0,401,559
07/03/2010,HIO,OR,ANM,WE,Towers with Radar,0,1,50,0,51,0,0,226,0,226,0,1,276,0,277,385,0,385,662
07/04/2010,HIO,OR,ANM,WE,Towers with Radar,0,1,28,0,29,0,1,122,0,123,0,2,150,0,152,240,0,240,392
07/05/2010,HIO,OR,ANM,WE,Towers with Radar,0,6,55,0,61,0,4,186,0,190,0,10,241,0,251,394,0,394,645
07/06/2010,HIO,OR,ANM,WE,Towers with Radar,0,21,57,0,78,0,0,162,2,164,0,21,219,2,242,487,0,487,729
07/07/2010,HIO,OR,ANM,WE,Towers with Radar,0,29,70,0,99,0,0,214,0,214,0,29,284,0,313,380,0,380,693
07/08/2010,HIO,OR,ANM,WE,Towers with Radar,0,25,43,1,69,0,2,278,3,283,0,27,321,4,352,545,0,545,897
07/09/2010,HIO,OR,ANM,WE,Towers with Radar,0,16,288,0,304,0,0,0,0,0,0,16,288,0,304,486,0,486,790
07/10/2010,HIO,OR,ANM,WE,Towers with Radar,0,6,32,0,38,0,4,203,0,207,0,10,235,0,245,346,0,346,591
07/11/2010,HIO,OR,ANM,WE,Towers with Radar,0,9,49,0,58,0,0,149,0,149,0,9,198,0,207,378,0,378,585
07/12/2010,HIO,OR,ANM,WE,Towers with Radar,0,18,70,0,88,0,0,151,0,151,0,18,221,0,239,564,0,564,803
07/13/2010,HIO,OR,ANM,WE,Towers with Radar,0,22,59,0,81,0,0,241,0,241,0,22,300,0,322,431,0,431,753
07/14/2010,HIO,OR,ANM,WE,Towers with Radar,0,20,60,0,80,0,7,253,0,260,0,27,313,0,340,612,0,612,952
07/15/2010,HIO,OR,ANM,WE,Towers with Radar,0,28,48,0,76,0,0,249,0,249,0,28,297,0,325,686,0,686,1011
07/16/2010,HIO,OR,ANM,WE,Towers with Radar,0,18,52,0,70,0,1,231,0,232,0,19,283,0,302,604,0,604,906
07/17/2010,HIO,OR,ANM,WE,Towers with Radar,0,6,44,0,50,0,0,208,0,208,0,6,252,0,258,534,0,534,792
07/18/2010,HIO,OR,ANM,WE,Towers with Radar,0,1,36,0,37,0,1,163,0,164,0,2,199,0,201,465,0,465,666
07/19/2010,HIO,OR,ANM,WE,Towers with Radar,0,17,74,0,91,0,0,172,0,172,0,17,246,0,263,506,0,506,769
07/20/2010,HIO,OR,ANM,WE,Towers with Radar,0,18,92,0,110,0,2,164,0,166,0,20,256,0,276,446,0,446,722
07/21/2010,HIO,OR,ANM,WE,Towers with Radar,0,19,77,0,96,0,0,218,0,218,0,19,295,0,314,568,0,568,882
07/22/2010,HIO,OR,ANM,WE,Towers with Radar,0,25,62,1,88,0,1,262,1,264,0,26,324,2,352,383,0,383,735
07/23/2010,HIO,OR,ANM,WE,Towers with Radar,0,20,89,1,110,0,2,167,1,170,0,22,256,2,280,431,4,435,715
07/24/2010,HIO,OR,ANM,WE,Towers with Radar,0,7,48,1,56,0,0,184,0,184,0,7,232,1,240,389,0,389,629
07/25/2010,HIO,OR,ANM,WE,Towers with Radar,0,1,43,1,45,0,3,203,1,207,0,4,246,2,252,322,0,322,574
07/26/2010,HIO,OR,ANM,WE,Towers with Radar,0,16,51,0,67,0,3,191,0,194,0,19,242,0,261,497,0,497,758
07/27/2010,HIO,OR,ANM,WE,Towers with Radar,0,23,64,0,87,0,2,178,0,180,0,25,242,0,267,468,0,468,735
07/28/2010,HIO,OR,ANM,WE,Towers with Radar,0,21,41,0,62,0,0,195,0,195,0,21,236,0,257,626,0,626,883
07/29/2010,HIO,OR,ANM,WE,Towers with Radar,0,21,53,0,74,0,0,159,0,159,0,21,212,0,233,676,0,676,909
07/30/2010,HIO,OR,ANM,WE,Towers with Radar,0,20,61,0,81,0,0,205,5,210,0,20,266,5,291,559,0,559,850
07/31/2010,HIO,OR,ANM,WE,Towers with Radar,0,2,68,0,70,0,0,92,0,92,0,2,160,0,162,382,0,382,544
08/01/2010,HIO,OR,ANM,WE,Towers with Radar,0,6,51,0,57,0,3,154,0,157,0,9,205,0,214,395,0,395,609
08/02/2010,HIO,OR,ANM,WE,Towers with Radar,0,30,44,0,74,0,0,216,0,216,0,30,260,0,290,468,0,468,758
08/03/2010,HIO,OR,ANM,WE,Towers with Radar,0,25,69,0,94,0,0,112,0,112,0,25,181,0,206,276,0,276,482
08/04/2010,HIO,OR,ANM,WE,Towers with Radar,0,22,74,0,96,0,0,115,0,115,0,22,189,0,211,501,0,501,712
08/05/2010,HIO,OR,ANM,WE,Towers with Radar,0,22,43,0,65,0,1,206,0,207,0,23,249,0,272,588,0,588,860
08/06/2010,HIO,OR,ANM,WE,Towers with Radar,0,19,62,0,81,0,0,181,0,181,0,19,243,0,262,544,0,544,806
08/07/2010,HIO,OR,ANM,WE,Towers with Radar,0,3,67,0,70,0,3,127,0,130,0,6,194,0,200,589,0,589,789
08/08/2010,HIO,OR,ANM,WE,Towers with Radar,0,0,74,0,74,0,2,102,0,104,0,2,176,0,178,378,0,378,556
08/09/2010,HIO,OR,ANM,WE,Towers with Radar,0,24,241,0,265,0,0,0,0,0,0,24,241,0,265,289,0,289,554
08/10/2010,HIO,OR,ANM,WE,Towers with Radar,0,29,84,0,113,0,0,121,0,121,0,29,205,0,234,355,0,355,589
08/11/2010,HIO,OR,ANM,WE,Towers with Radar,0,28,86,0,114,0,0,194,0,194,0,28,280,0,308,553,0,553,861
08/12/2010,HIO,OR,ANM,WE,Towers with Radar,0,27,52,3,82,0,0,206,1,207,0,27,258,4,289,496,0,496,785
08/13/2010,HIO,OR,ANM,WE,Towers with Radar,0,23,58,0,81,0,1,215,0,216,0,24,273,0,297,439,0,439,736
08/14/2010,HIO,OR,ANM,WE,Towers with Radar,0,4,40,0,44,0,3,179,0,182,0,7,219,0,226,272,0,272,498
08/15/2010,HIO,OR,ANM,WE,Towers with Radar,0,3,34,0,37,0,2,206,0,208,0,5,240,0,245,437,0,437,682
08/16/2010,HIO,OR,ANM,WE,Towers with Radar,0,16,76,1,93,0,0,196,3,199,0,16,272,4,292,370,0,370,662
08/17/2010,HIO,OR,ANM,WE,Towers with Radar,0,20,56,0,76,0,0,174,0,174,0,20,230,0,250,556,0,556,806
08/18/2010,HIO,OR,ANM,WE,Towers with Radar,0,24,78,0,102,0,0,155,5,160,0,24,233,5,262,582,2,584,846
08/19/2010,HIO,OR,ANM,WE,Towers with Radar,0,22,86,2,110,0,1,163,9,173,0,23,249,11,283,437,2,439,722
08/20/2010,HIO,OR,ANM,WE,Towers with Radar,0,19,53,3,75,0,0,140,6,146,0,19,193,9,221,295,0,295,516
08/21/2010,HIO,OR,ANM,WE,Towers with Radar,0,0,27,0,27,0,0,52,3,55,0,0,79,3,82,121,0,121,203
08/22/2010,HIO,OR,ANM,WE,Towers with Radar,0,3,19,8,30,0,7,79,0,86,0,10,98,8,116,43,0,43,159
08/23/2010,HIO,OR,ANM,WE,Towers with Radar,0,24,0,0,24,0,0,276,0,276,0,24,276,0,300,391,0,391,691
08/24/2010,HIO,OR,ANM,WE,Towers with Radar,0,22,56,0,78,0,1,198,0,199,0,23,254,0,277,331,0,331,608
08/25/2010,HIO,OR,ANM,WE,Towers with Radar,0,24,59,2,85,0,1,176,0,177,0,25,235,2,262,470,0,470,732
08/26/2010,HIO,OR,ANM,WE,Towers with Radar,0,20,68,0,88,0,0,132,0,132,0,20,200,0,220,315,0,315,535
08/27/2010,HIO,OR,ANM,WE,Towers with Radar,0,22,86,0,108,0,0,181,0,181,0,22,267,0,289,506,0,506,795
08/28/2010,HIO,OR,ANM,WE,Towers with Radar,0,2,37,0,39,0,3,195,0,198,0,5,232,0,237,345,0,345,582
08/29/2010,HIO,OR,ANM,WE,Towers with Radar,0,6,47,0,53,0,2,193,0,195,0,8,240,0,248,445,0,445,693
08/30/2010,HIO,OR,ANM,WE,Towers with Radar,0,22,83,1,106,0,1,120,0,121,0,23,203,1,227,410,0,410,637
08/31/2010,HIO,OR,ANM,WE,Towers with Radar,0,22,66,2,90,0,0,83,0,83,0,22,149,2,173,512,0,512,685
09/01/2010,HIO,OR,ANM,WE,Towers with Radar,0,22,101,0,123,0,0,82,0,82,0,22,183,0,205,467,0,467,672
09/02/2010,HIO,OR,ANM,WE,Towers with Radar,0,20,42,0,62,0,1,217,0,218,0,21,259,0,280,380,0,380,660
09/03/2010,HIO,OR,ANM,WE,Towers with Radar,0,4,62,0,66,0,0,204,0,204,0,4,266,0,270,545,0,545,815
09/04/2010,HIO,OR,ANM,WE,Towers with Radar,0,4,57,0,61,0,0,186,0,186,0,4,243,0,247,315,0,315,562
09/05/2010,HIO,OR,ANM,WE,Towers with Radar,0,3,50,0,53,0,4,149,0,153,0,7,199,0,206,273,0,273,479
09/06/2010,HIO,OR,ANM,WE,Towers with Radar,0,2,66,0,68,0,0,238,0,238,0,2,304,0,306,253,0,253,559
09/07/2010,HIO,OR,ANM,WE,Towers with Radar,0,24,84,0,108,0,1,4,0,5,0,25,88,0,113,348,0,348,461
09/08/2010,HIO,OR,ANM,WE,Towers with Radar,0,24,88,0,112,0,0,67,2,69,0,24,155,2,181,533,0,533,714
09/09/2010,HIO,OR,ANM,WE,Towers with Radar,0,22,86,0,108,0,0,197,0,197,0,22,283,0,305,482,0,482,787
09/10/2010,HIO,OR,ANM,WE,Towers with Radar,0,16,73,2,91,0,1,228,1,230,0,17,301,3,321,388,10,398,719
09/11/2010,HIO,OR,ANM,WE,Towers with Radar,0,4,52,0,56,0,1,172,0,173,0,5,224,0,229,581,0,581,810
09/12/2010,HIO,OR,ANM,WE,Towers with Radar,0,0,34,0,34,0,5,164,1,170,0,5,198,1,204,474,0,474,678
09/13/2010,HIO,OR,ANM,WE,Towers with Radar,0,22,57,0,79,0,0,119,0,119,0,22,176,0,198,539,0,539,737
09/14/2010,HIO,OR,ANM,WE,Towers with Radar,0,29,68,0,97,0,0,127,0,127,0,29,195,0,224,394,0,394,618
09/15/2010,HIO,OR,ANM,WE,Towers with Radar,0,19,67,0,86,0,1,136,0,137,0,20,203,0,223,473,0,473,696
09/16/2010,HIO,OR,ANM,WE,Towers with Radar,0,22,84,0,106,0,0,77,0,77,0,22,161,0,183,430,0,430,613
09/17/2010,HIO,OR,ANM,WE,Towers with Radar,0,19,68,0,87,0,0,130,0,130,0,19,198,0,217,604,0,604,821
09/18/2010,HIO,OR,ANM,WE,Towers with Radar,0,0,59,0,59,0,2,18,0,20,0,2,77,0,79,212,0,212,291
09/19/2010,HIO,OR,ANM,WE,Towers with Radar,0,3,46,0,49,0,0,45,0,45,0,3,91,0,94,299,0,299,393
09/20/2010,HIO,OR,ANM,WE,Towers with Radar,0,26,67,0,93,0,0,127,0,127,0,26,194,0,220,407,0,407,627
09/21/2010,HIO,OR,ANM,WE,Towers with Radar,0,26,89,0,115,0,0,147,2,149,0,26,236,2,264,526,0,526,790
09/22/2010,HIO,OR,ANM,WE,Towers with Radar,0,23,56,0,79,0,1,201,0,202,0,24,257,0,281,645,0,645,926
09/23/2010,HIO,OR,ANM,WE,Towers with Radar,0,26,70,0,96,0,1,49,0,50,0,27,119,0,146,514,0,514,660
09/24/2010,HIO,OR,ANM,WE,Towers with Radar,0,20,67,0,87,0,0,178,0,178,0,20,245,0,265,625,0,625,890
09/25/2010,HIO,OR,ANM,WE,Towers with Radar,0,2,34,0,36,0,0,148,0,148,0,2,182,0,184,324,0,324,508
09/26/2010,HIO,OR,ANM,WE,Towers with Radar,0,6,43,0,49,0,0,10,0,10,0,6,53,0,59,345,0,345,404
09/27/2010,HIO,OR,ANM,WE,Towers with Radar,0,21,55,0,76,0,1,174,0,175,0,22,229,0,251,532,0,532,783
09/28/2010,HIO,OR,ANM,WE,Towers with Radar,0,20,52,0,72,0,0,128,0,128,0,20,180,0,200,527,0,527,727
09/29/2010,HIO,OR,ANM,WE,Towers with Radar,0,22,46,2,70,0,0,196,2,198,0,22,242,4,268,522,0,522,790
09/30/2010,HIO,OR,ANM,WE,Towers with Radar,0,26,46,0,72,0,2,206,0,208,0,28,252,0,280,577,0,577,857
10/01/2010,HIO,OR,ANM,WE,Towers with Radar,0,19,77,0,96,0,0,94,0,94,0,19,171,0,190,582,0,582,772
10/02/2010,HIO,OR,ANM,WE,Towers with Radar,0,0,38,0,38,0,0,188,0,188,0,0,226,0,226,532,0,532,758
10/03/2010,HIO,OR,ANM,WE,Towers with Radar,0,2,0,0,2,0,0,132,0,132,0,2,132,0,134,522,0,522,656
10/04/2010,HIO,OR,ANM,WE,Towers with Radar,0,18,69,0,87,0,1,106,0,107,0,19,175,0,194,539,0,539,733
10/05/2010,HIO,OR,ANM,WE,Towers with Radar,0,22,52,0,74,0,0,160,0,160,0,22,212,0,234,470,0,470,704
10/06/2010,HIO,OR,ANM,WE,Towers with Radar,0,22,34,0,56,0,0,209,0,209,0,22,243,0,265,503,0,503,768
10/07/2010,HIO,OR,ANM,WE,Towers with Radar,0,24,68,0,92,0,0,106,0,106,0,24,174,0,198,493,0,493,691
10/08/2010,HIO,OR,ANM,WE,Towers with Radar,0,20,60,0,80,0,0,134,0,134,0,20,194,0,214,539,0,539,753
10/09/2010,HIO,OR,ANM,WE,Towers with Radar,0,3,43,0,46,0,0,2,0,2,0,3,45,0,48,119,0,119,167
10/10/2010,HIO,OR,ANM,WE,Towers with Radar,0,3,37,0,40,0,0,54,0,54,0,3,91,0,94,330,0,330,424
10/11/2010,HIO,OR,ANM,WE,Towers with Radar,0,18,41,0,59,0,0,147,0,147,0,18,188,0,206,322,0,322,528
10/12/2010,HIO,OR,ANM,WE,Towers with Radar,0,22,42,0,64,0,0,283,2,285,0,22,325,2,349,403,0,403,752
10/13/2010,HIO,OR,ANM,WE,Towers with Radar,0,23,25,0,48,0,0,241,0,241,0,23,266,0,289,533,0,533,822
10/14/2010,HIO,OR,ANM,WE,Towers with Radar,0,25,42,0,67,0,2,188,6,196,0,27,230,6,263,440,0,440,703
10/15/2010,HIO,OR,ANM,WE,Towers with Radar,0,18,43,0,61,0,0,154,0,154,0,18,197,0,215,400,0,400,615
10/16/2010,HIO,OR,ANM,WE,Towers with Radar,0,6,37,0,43,0,0,153,0,153,0,6,190,0,196,438,0,438,634
10/17/2010,HIO,OR,ANM,WE,Towers with Radar,0,5,0,0,5,0,0,291,0,291,0,5,291,0,296,366,0,366,662
10/18/2010,HIO,OR,ANM,WE,Towers with Radar,0,21,36,0,57,0,0,198,2,200,0,21,234,2,257,379,0,379,636
10/19/2010,HIO,OR,ANM,WE,Towers with Radar,0,21,45,0,66,0,0,213,1,214,0,21,258,1,280,431,0,431,711
10/20/2010,HIO,OR,ANM,WE,Towers with Radar,0,22,51,2,75,0,1,149,1,151,0,23,200,3,226,261,0,261,487
10/21/2010,HIO,OR,ANM,WE,Towers with Radar,0,27,79,0,106,0,0,101,0,101,0,27,180,0,207,491,0,491,698
10/22/2010,HIO,OR,ANM,WE,Towers with Radar,0,17,50,0,67,0,6,140,0,146,0,23,190,0,213,482,0,482,695
10/23/2010,HIO,OR,ANM,WE,Towers with Radar,0,10,50,0,60,0,0,95,0,95,0,10,145,0,155,527,0,527,682
10/24/2010,HIO,OR,ANM,WE,Towers with Radar,0,5,29,0,34,0,0,8,0,8,0,5,37,0,42,186,0,186,228
10/25/2010,HIO,OR,ANM,WE,Towers with Radar,0,17,17,0,34,0,0,19,0,19,0,17,36,0,53,93,0,93,146
10/26/2010,HIO,OR,ANM,WE,Towers with Radar,0,19,22,0,41,0,2,50,0,52,0,21,72,0,93,461,0,461,554
10/27/2010,HIO,OR,ANM,WE,Towers with Radar,0,25,54,0,79,0,1,225,0,226,0,26,279,0,305,344,0,344,649
10/28/2010,HIO,OR,ANM,WE,Towers with Radar,0,20,60,0,80,0,0,31,2,33,0,20,91,2,113,266,2,268,381
10/29/2010,HIO,OR,ANM,WE,Towers with Radar,0,27,58,0,85,0,0,86,0,86,0,27,144,0,171,263,0,263,434
10/30/2010,HIO,OR,ANM,WE,Towers with Radar,0,1,32,0,33,0,0,8,0,8,0,1,40,0,41,102,0,102,143
10/31/2010,HIO,OR,ANM,WE,Towers with Radar,0,4,0,0,4,0,0,110,0,110,0,4,110,0,114,285,0,285,399
11/01/2010,HIO,OR,ANM,WE,Towers with Radar,0,19,20,0,39,0,1,11,0,12,0,20,31,0,51,6,0,6,57
11/02/2010,HIO,OR,ANM,WE,Towers with Radar,0,20,45,0,65,0,1,140,0,141,0,21,185,0,206,280,0,280,486
11/03/2010,HIO,OR,ANM,WE,Towers with Radar,0,27,49,0,76,0,6,224,0,230,0,33,273,0,306,347,0,347,653
11/04/2010,HIO,OR,ANM,WE,Towers with Radar,0,21,32,0,53,0,2,254,0,256,0,23,286,0,309,603,0,603,912
11/05/2010,HIO,OR,ANM,WE,Towers with Radar,0,17,65,1,83,0,0,54,0,54,0,17,119,1,137,372,0,372,509
11/06/2010,HIO,OR,ANM,WE,Towers with Radar,0,10,58,0,68,0,0,19,0,19,0,10,77,0,87,257,0,257,344
11/07/2010,HIO,OR,ANM,WE,Towers with Radar,0,0,46,0,46,0,0,94,0,94,0,0,140,0,140,436,0,436,576
11/08/2010,HIO,OR,ANM,WE,Towers with Radar,0,25,35,0,60,0,0,70,0,70,0,25,105,0,130,295,0,295,425
11/09/2010,HIO,OR,ANM,WE,Towers with Radar,0,21,22,0,43,0,0,11,0,11,0,21,33,0,54,324,0,324,378
11/10/2010,HIO,OR,ANM,WE,Towers with Radar,0,20,49,0,69,0,0,112,0,112,0,20,161,0,181,543,0,543,724
11/11/2010,HIO,OR,ANM,WE,Towers with Radar,0,20,66,0,86,0,0,2,1,3,0,20,68,1,89,185,0,185,274
11/12/2010,HIO,OR,ANM,WE,Towers with Radar,0,13,0,0,13,0,113,0,0,113,0,126,0,0,126,170,0,170,296
11/13/2010,HIO,OR,ANM,WE,Towers with Radar,0,2,49,0,51,0,0,1,0,1,0,2,50,0,52,71,0,71,123
11/14/2010,HIO,OR,ANM,WE,Towers with Radar,0,4,60,0,64,0,0,2,0,2,0,4,62,0,66,78,0,78,144
11/15/2010,HIO,OR,ANM,WE,Towers with Radar,0,18,56,0,74,0,4,114,0,118,0,22,170,0,192,399,0,399,591
11/16/2010,HIO,OR,ANM,WE,Towers with Radar,0,25,40,1,66,0,0,141,1,142,0,25,181,2,208,606,12,618,826
11/17/2010,HIO,OR,ANM,WE,Towers with Radar,0,17,20,0,37,0,2,20,0,22,0,19,40,0,59,166,0,166,225
11/18/2010,HIO,OR,ANM,WE,Towers with Radar,0,17,14,0,31,0,0,79,2,81,0,17,93,2,112,603,0,603,715
11/19/2010,HIO,OR,ANM,WE,Towers with Radar,0,21,21,0,42,0,0,58,0,58,0,21,79,0,100,157,0,157,257
11/20/2010,HIO,OR,ANM,WE,Towers with Radar,0,5,36,0,41,0,0,65,0,65,0,5,101,0,106,286,0,286,392
11/21/2010,HIO,OR,ANM,WE,Towers with Radar,0,7,26,0,33,0,0,46,0,46,0,7,72,0,79,226,0,226,305
11/22/2010,HIO,OR,ANM,WE,Towers with Radar,0,2,24,0,26,0,0,7,0,7,0,2,31,0,33,270,0,270,303
11/23/2010,HIO,OR,ANM,WE,Towers with Radar,0,3,38,0,41,0,1,178,0,179,0,4,216,0,220,393,0,393,613
11/24/2010,HIO,OR,ANM,WE,Towers with Radar,0,2,30,0,32,0,2,138,0,140,0,4,168,0,172,597,0,597,769
11/25/2010,HIO,OR,ANM,WE,Towers with Radar,0,7,7,0,14,0,0,38,0,38,0,7,45,0,52,136,0,136,188
11/26/2010,HIO,OR,ANM,WE,Towers with Radar,0,0,18,0,18,0,0,21,0,21,0,0,39,0,39,205,0,205,244
11/27/2010,HIO,OR,ANM,WE,Towers with Radar,0,0,18,0,18,0,0,6,0,6,0,0,24,0,24,210,0,210,234
11/28/2010,HIO,OR,ANM,WE,Towers with Radar,0,9,27,0,36,0,0,2,0,2,0,9,29,0,38,39,0,39,77
11/29/2010,HIO,OR,ANM,WE,Towers with Radar,0,22,45,0,67,0,0,76,0,76,0,22,121,0,143,355,0,355,498
11/30/2010,HIO,OR,ANM,WE,Towers with Radar,0,18,13,0,31,0,0,16,0,16,0,18,29,0,47,419,0,419,466
12/01/2010,HIO,OR,ANM,WE,Towers with Radar,0,22,62,0,84,0,1,86,0,87,0,23,148,0,171,685,0,685,856
12/02/2010,HIO,OR,ANM,WE,Towers with Radar,0,22,47,0,69,0,0,17,0,17,0,22,64,0,86,219,0,219,305
12/03/2010,HIO,OR,ANM,WE,Towers with Radar,0,22,0,0,22,0,0,245,0,245,0,22,245,0,267,258,0,258,525
12/04/2010,HIO,OR,ANM,WE,Towers with Radar,0,4,30,0,34,0,1,142,0,143,0,5,172,0,177,74,0,74,251
12/05/2010,HIO,OR,ANM,WE,Towers with Radar,0,5,33,0,38,0,0,165,0,165,0,5,198,0,203,282,0,282,485
12/06/2010,HIO,OR,ANM,WE,Towers with Radar,0,21,51,0,72,0,5,211,2,218,0,26,262,2,290,541,0,541,831
12/07/2010,HIO,OR,ANM,WE,Towers with Radar,0,23,42,0,65,0,4,92,0,96,0,27,134,0,161,392,0,392,553
12/08/2010,HIO,OR,ANM,WE,Towers with Radar,0,24,55,1,80,0,0,112,0,112,0,24,167,1,192,361,0,361,553
12/09/2010,HIO,OR,ANM,WE,Towers with Radar,0,20,45,0,65,0,2,13,0,15,0,22,58,0,80,221,0,221,301
12/10/2010,HIO,OR,ANM,WE,Towers with Radar,0,20,56,0,76,0,3,71,0,74,0,23,127,0,150,314,0,314,464
12/11/2010,HIO,OR,ANM,WE,Towers with Radar,0,7,18,0,25,0,0,4,0,4,0,7,22,0,29,74,0,74,103
12/12/2010,HIO,OR,ANM,WE,Towers with Radar,0,6,16,0,22,0,0,24,3,27,0,6,40,3,49,316,0,316,365
12/13/2010,HIO,OR,ANM,WE,Towers with Radar,0,20,73,0,93,0,0,33,0,33,0,20,106,0,126,615,0,615,741
12/14/2010,HIO,OR,ANM,WE,Towers with Radar,0,21,15,0,36,0,1,22,0,23,0,22,37,0,59,117,0,117,176
12/15/2010,HIO,OR,ANM,WE,Towers with Radar,0,21,37,0,58,0,1,108,0,109,0,22,145,0,167,476,0,476,643
12/16/2010,HIO,OR,ANM,WE,Towers with Radar,0,23,37,0,60,0,0,172,0,172,0,23,209,0,232,314,0,314,546
12/17/2010,HIO,OR,ANM,WE,Towers with Radar,0,22,233,0,255,0,0,0,0,0,0,22,233,0,255,250,0,250,505
12/18/2010,HIO,OR,ANM,WE,Towers with Radar,0,2,16,0,18,0,0,31,0,31,0,2,47,0,49,267,0,267,316
12/19/2010,HIO,OR,ANM,WE,Towers with Radar,0,5,22,0,27,0,0,89,0,89,0,5,111,0,116,158,0,158,274
12/20/2010,HIO,OR,ANM,WE,Towers with Radar,0,2,15,0,17,0,0,20,0,20,0,2,35,0,37,143,0,143,180
12/21/2010,HIO,OR,ANM,WE,Towers with Radar,0,6,30,0,36,0,0,170,0,170,0,6,200,0,206,434,0,434,640
12/22/2010,HIO,OR,ANM,WE,Towers with Radar,0,2,20,0,22,0,0,122,0,122,0,2,142,0,144,493,0,493,637
12/23/2010,HIO,OR,ANM,WE,Towers with Radar,0,1,30,0,31,0,0,178,0,178,0,1,208,0,209,297,0,297,506
12/24/2010,HIO,OR,ANM,WE,Towers with Radar,0,2,5,0,7,0,0,85,0,85,0,2,90,0,92,417,0,417,509
12/25/2010,HIO,OR,ANM,WE,Towers with Radar,0,3,3,0,6,0,0,35,0,35,0,3,38,0,41,82,0,82,123
12/26/2010,HIO,OR,ANM,WE,Towers with Radar,0,1,22,0,23,0,0,4,0,4,0,1,26,0,27,30,0,30,57
12/27/2010,HIO,OR,ANM,WE,Towers with Radar,0,4,30,0,34,0,0,9,0,9,0,4,39,0,43,50,0,50,93
12/28/2010,HIO,OR,ANM,WE,Towers with Radar,0,1,33,0,34,0,0,0,0,0,0,1,33,0,34,0,0,0,34
12/29/2010,HIO,OR,ANM,WE,Towers with Radar,0,2,28,0,30,0,0,19,0,19,0,2,47,0,49,80,0,80,129
12/30/2010,HIO,OR,ANM,WE,Towers with Radar,0,6,29,2,37,0,0,0,0,0,0,6,29,2,37,38,0,38,75
12/31/2010,HIO,OR,ANM,WE,Towers with Radar,0,2,34,2,38,0,1,157,0,158,0,3,191,2,196,271,0,271,467
01/01/2011,HIO,OR,ANM,WE,Towers with Radar,0,4,23,0,27,0,1,112,0,113,0,5,135,0,140,201,0,201,341
01/02/2011,HIO,OR,ANM,WE,Towers with Radar,0,1,40,0,41,0,0,164,0,164,0,1,204,0,205,308,0,308,513
01/03/2011,HIO,OR,ANM,WE,Towers with Radar,0,18,25,0,43,0,0,167,2,169,0,18,192,2,212,368,19,387,599
01/04/2011,HIO,OR,ANM,WE,Towers with Radar,0,29,34,0,63,0,3,141,2,146,0,32,175,2,209,453,0,453,662
01/05/2011,HIO,OR,ANM,WE,Towers with Radar,0,16,28,0,44,0,0,0,0,0,0,16,28,0,44,2,0,2,46
01/06/2011,HIO,OR,ANM,WE,Towers with Radar,0,19,31,0,50,0,0,0,0,0,0,19,31,0,50,8,0,8,58
01/07/2011,HIO,OR,ANM,WE,Towers with Radar,0,21,19,0,40,0,1,5,0,6,0,22,24,0,46,163,0,163,209
01/08/2011,HIO,OR,ANM,WE,Towers with Radar,0,1,15,0,16,0,0,0,0,0,0,1,15,0,16,0,0,0,16
01/09/2011,HIO,OR,ANM,WE,Towers with Radar,0,4,28,0,32,0,0,0,0,0,0,4,28,0,32,20,0,20,52
01/10/2011,HIO,OR,ANM,WE,Towers with Radar,0,20,35,0,55,0,0,168,0,168,0,20,203,0,223,432,0,432,655
01/11/2011,HIO,OR,ANM,WE,Towers with Radar,0,15,29,0,44,0,0,111,0,111,0,15,140,0,155,263,0,263,418
01/12/2011,HIO,OR,ANM,WE,Towers with Radar,0,25,38,0,63,0,0,7,0,7,0,25,45,0,70,131,0,131,201
01/13/2011,HIO,OR,ANM,WE,Towers with Radar,0,21,47,0,68,0,0,13,0,13,0,21,60,0,81,303,0,303,384
01/14/2011,HIO,OR,ANM,WE,Towers with Radar,0,21,44,0,65,0,1,20,0,21,0,22,64,0,86,325,0,325,411
01/15/2011,HIO,OR,ANM,WE,Towers with Radar,0,0,26,0,26,0,0,0,0,0,0,0,26,0,26,57,0,57,83
01/16/2011,HIO,OR,ANM,WE,Towers with Radar,0,4,20,0,24,0,0,18,0,18,0,4,38,0,42,394,0,394,436
01/17/2011,HIO,OR,ANM,WE,Towers with Radar,0,19,38,0,57,0,0,129,0,129,0,19,167,0,186,489,0,489,675
01/18/2011,HIO,OR,ANM,WE,Towers with Radar,0,25,22,0,47,0,0,0,0,0,0,25,22,0,47,76,0,76,123
01/19/2011,HIO,OR,ANM,WE,Towers with Radar,0,26,46,0,72,0,1,177,0,178,0,27,223,0,250,431,0,431,681
01/20/2011,HIO,OR,ANM,WE,Towers with Radar,0,22,71,0,93,0,2,10,0,12,0,24,81,0,105,138,0,138,243
01/21/2011,HIO,OR,ANM,WE,Towers with Radar,0,20,51,0,71,0,0,0,0,0,0,20,51,0,71,87,0,87,158
01/22/2011,HIO,OR,ANM,WE,Towers with Radar,0,0,32,0,32,0,0,234,0,234,0,0,266,0,266,395,0,395,661
01/23/2011,HIO,OR,ANM,WE,Towers with Radar,0,5,46,0,51,0,0,32,0,32,0,5,78,0,83,222,0,222,305
01/24/2011,HIO,OR,ANM,WE,Towers with Radar,0,22,57,0,79,0,0,54,0,54,0,22,111,0,133,167,0,167,300
01/25/2011,HIO,OR,ANM,WE,Towers with Radar,0,17,62,0,79,0,0,47,0,47,0,17,109,0,126,250,0,250,376
01/26/2011,HIO,OR,ANM,WE,Towers with Radar,0,18,33,0,51,0,0,70,0,70,0,18,103,0,121,202,0,202,323
01/27/2011,HIO,OR,ANM,WE,Towers with Radar,0,16,44,0,60,0,1,52,0,53,0,17,96,0,113,221,0,221,334
01/28/2011,HIO,OR,ANM,WE,Towers with Radar,0,26,43,0,69,0,1,27,2,30,0,27,70,2,99,173,0,173,272
01/29/2011,HIO,OR,ANM,WE,Towers with Radar,0,0,32,0,32,0,0,168,0,168,0,0,200,0,200,515,0,515,715
01/30/2011,HIO,OR,ANM,WE,Towers with Radar,0,4,0,0,4,0,0,122,0,122,0,4,122,0,126,266,0,266,392
01/31/2011,HIO,OR,ANM,WE,Towers with Radar,0,20,35,1,56,0,1,141,1,143,0,21,176,2,199,494,0,494,693
02/01/2011,HIO,OR,ANM,WE,Towers with Radar,0,20,29,0,49,0,0,222,1,223,0,20,251,1,272,415,0,415,687
02/02/2011,HIO,OR,ANM,WE,Towers with Radar,0,24,27,0,51,0,0,211,2,213,0,24,238,2,264,648,0,648,912
02/03/2011,HIO,OR,ANM,WE,Towers with Radar,0,20,39,0,59,0,4,176,3,183,0,24,215,3,242,474,0,474,716
02/04/2011,HIO,OR,ANM,WE,Towers with Radar,0,20,31,0,51,0,0,136,2,138,0,20,167,2,189,507,0,507,696
02/05/2011,HIO,OR,ANM,WE,Towers with Radar,0,1,19,0,20,0,0,7,0,7,0,1,26,0,27,319,0,319,346
02/06/2011,HIO,OR,ANM,WE,Towers with Radar,0,5,0,0,5,0,0,62,0,62,0,5,62,0,67,201,0,201,268
02/07/2011,HIO,OR,ANM,WE,Towers with Radar,0,17,12,0,29,0,0,76,1,77,0,17,88,1,106,389,0,389,495
02/08/2011,HIO,OR,ANM,WE,Towers with Radar,0,21,19,1,41,0,0,208,0,208,0,21,227,1,249,606,0,606,855
02/09/2011,HIO,OR,ANM,WE,Towers with Radar,0,23,43,0,66,0,4,210,1,215,0,27,253,1,281,550,0,550,831
02/10/2011,HIO,OR,ANM,WE,Towers with Radar,0,32,39,0,71,0,1,255,8,264,0,33,294,8,335,611,6,617,952
02/11/2011,HIO,OR,ANM,WE,Towers with Radar,0,29,38,1,68,0,0,215,5,220,0,29,253,6,288,551,0,551,839
02/12/2011,HIO,OR,ANM,WE,Towers with Radar,0,0,14,0,14,0,0,86,0,86,0,0,100,0,100,340,0,340,440
02/13/2011,HIO,OR,ANM,WE,Towers with Radar,0,5,53,0,58,0,0,0,0,0,0,5,53,0,58,187,0,187,245
02/14/2011,HIO,OR,ANM,WE,Towers with Radar,0,21,16,0,37,0,1,22,0,23,0,22,38,0,60,261,0,261,321
02/15/2011,HIO,OR,ANM,WE,Towers with Radar,0,25,25,3,53,0,0,3,12,15,0,25,28,15,68,90,0,90,158
02/16/2011,HIO,OR,ANM,WE,Towers with Radar,0,22,21,0,43,0,0,18,2,20,0,22,39,2,63,75,0,75,138
02/17/2011,HIO,OR,ANM,WE,Towers with Radar,0,27,33,0,60,0,2,106,0,108,0,29,139,0,168,465,0,465,633
02/18/2011,HIO,OR,ANM,WE,Towers with Radar,0,10,15,0,25,0,1,1,11,13,0,11,16,11,38,63,0,63,101
02/19/2011,HIO,OR,ANM,WE,Towers with Radar,0,2,32,0,34,0,2,228,0,230,0,4,260,0,264,452,0,452,716
02/20/2011,HIO,OR,ANM,WE,Towers with Radar,0,7,35,0,42,0,1,174,0,175,0,8,209,0,217,603,0,603,820
02/21/2011,HIO,OR,ANM,WE,Towers with Radar,0,2,20,0,22,0,0,164,0,164,0,2,184,0,186,551,0,551,737
02/22/2011,HIO,OR,ANM,WE,Towers with Radar,0,21,11,0,32,0,0,19,0,19,0,21,30,0,51,237,0,237,288
02/23/2011,HIO,OR,ANM,WE,Towers with Radar,0,16,22,0,38,0,1,20,0,21,0,17,42,0,59,138,0,138,197
02/24/2011,HIO,OR,ANM,WE,Towers with Radar,0,22,20,0,42,0,0,75,0,75,0,22,95,0,117,497,0,497,614
02/25/2011,HIO,OR,ANM,WE,Towers with Radar,0,27,37,0,64,0,1,231,0,232,0,28,268,0,296,424,0,424,720
02/26/2011,HIO,OR,ANM,WE,Towers with Radar,0,3,20,0,23,0,1,194,0,195,0,4,214,0,218,383,0,383,601
02/27/2011,HIO,OR,ANM,WE,Towers with Radar,0,9,14,0,23,0,0,28,0,28,0,9,42,0,51,158,0,158,209
02/28/2011,HIO,OR,ANM,WE,Towers with Radar,0,24,22,0,46,0,0,4,0,4,0,24,26,0,50,145,0,145,195
03/01/2011,HIO,OR,ANM,WE,Towers with Radar,0,22,22,0,44,0,0,0,0,0,0,22,22,0,44,12,0,12,56
03/02/2011,HIO,OR,ANM,WE,Towers with Radar,0,21,25,0,46,0,4,76,0,80,0,25,101,0,126,337,0,337,463
03/03/2011,HIO,OR,ANM,WE,Towers with Radar,0,26,25,0,51,0,0,71,8,79,0,26,96,8,130,553,0,553,683
03/04/2011,HIO,OR,ANM,WE,Towers with Radar,0,23,0,0,23,0,0,223,0,223,0,23,223,0,246,448,0,448,694
03/05/2011,HIO,OR,ANM,WE,Towers with Radar,0,1,33,0,34,0,0,110,0,110,0,1,143,0,144,398,0,398,542
03/06/2011,HIO,OR,ANM,WE,Towers with Radar,0,6,31,0,37,0,0,130,0,130,0,6,161,0,167,441,0,441,608
03/07/2011,HIO,OR,ANM,WE,Towers with Radar,0,26,51,0,77,0,0,161,0,161,0,26,212,0,238,471,0,471,709
03/08/2011,HIO,OR,ANM,WE,Towers with Radar,0,24,63,0,87,0,0,91,0,91,0,24,154,0,178,407,0,407,585
03/09/2011,HIO,OR,ANM,WE,Towers with Radar,0,25,37,0,62,0,0,26,0,26,0,25,63,0,88,39,0,39,127
03/10/2011,HIO,OR,ANM,WE,Towers with Radar,0,22,19,0,41,0,1,10,0,11,0,23,29,0,52,75,0,75,127
03/11/2011,HIO,OR,ANM,WE,Towers with Radar,0,21,57,0,78,0,1,208,0,209,0,22,265,0,287,414,0,414,701
03/12/2011,HIO,OR,ANM,WE,Towers with Radar,0,4,35,0,39,0,0,28,0,28,0,4,63,0,67,386,0,386,453
03/13/2011,HIO,OR,ANM,WE,Towers with Radar,0,2,24,0,26,0,0,5,0,5,0,2,29,0,31,62,0,62,93
03/14/2011,HIO,OR,ANM,WE,Towers with Radar,0,20,30,0,50,0,0,56,0,56,0,20,86,0,106,358,0,358,464
03/15/2011,HIO,OR,ANM,WE,Towers with Radar,0,24,22,0,46,0,0,4,0,4,0,24,26,0,50,52,0,52,102
03/16/2011,HIO,OR,ANM,WE,Towers with Radar,0,24,32,0,56,0,0,4,0,4,0,24,36,0,60,275,0,275,335
03/17/2011,HIO,OR,ANM,WE,Towers with Radar,0,24,37,0,61,0,1,82,0,83,0,25,119,0,144,687,0,687,831
03/18/2011,HIO,OR,ANM,WE,Towers with Radar,0,20,23,0,43,0,5,142,0,147,0,25,165,0,190,359,0,359,549
03/19/2011,HIO,OR,ANM,WE,Towers with Radar,0,2,38,0,40,0,1,141,0,142,0,3,179,0,182,506,0,506,688
03/20/2011,HIO,OR,ANM,WE,Towers with Radar,0,7,15,0,22,0,0,76,0,76,0,7,91,0,98,328,0,328,426
03/21/2011,HIO,OR,ANM,WE,Towers with Radar,0,27,39,0,66,0,0,87,0,87,0,27,126,0,153,321,0,321,474
03/22/2011,HIO,OR,ANM,WE,Towers with Radar,0,21,48,0,69,0,2,132,0,134,0,23,180,0,203,497,0,497,700
03/23/2011,HIO,OR,ANM,WE,Towers with Radar,0,18,48,2,68,0,0,156,1,157,0,18,204,3,225,232,0,232,457
03/24/2011,HIO,OR,ANM,WE,Towers with Radar,0,20,43,0,63,0,2,107,0,109,0,22,150,0,172,390,0,390,562
03/25/2011,HIO,OR,ANM,WE,Towers with Radar,0,25,21,0,46,0,2,62,0,64,0,27,83,0,110,389,0,389,499
03/26/2011,HIO,OR,ANM,WE,Towers with Radar,0,1,42,0,43,0,1,31,0,32,0,2,73,0,75,367,0,367,442
03/27/2011,HIO,OR,ANM,WE,Towers with Radar,0,4,29,0,33,0,1,11,0,12,0,5,40,0,45,266,0,266,311
03/28/2011,HIO,OR,ANM,WE,Towers with Radar,0,16,23,0,39,0,2,65,2,69,0,18,88,2,108,392,0,392,500
03/29/2011,HIO,OR,ANM,WE,Towers with Radar,0,23,77,2,102,0,0,0,0,0,0,23,77,2,102,340,0,340,442
03/30/2011,HIO,OR,ANM,WE,Towers with Radar,0,24,40,0,64,0,0,45,0,45,0,24,85,0,109,354,0,354,463
03/31/2011,HIO,OR,ANM,WE,Towers with Radar,0,23,67,0,90,0,3,127,2,132,0,26,194,2,222,347,0,347,569
04/01/2011,HIO,OR,ANM,WE,Towers with Radar,0,17,63,1,81,0,1,130,1,132,0,18,193,2,213,406,0,406,619
04/02/2011,HIO,OR,ANM,WE,Towers with Radar,0,0,20,0,20,0,0,53,0,53,0,0,73,0,73,233,0,233,306
04/03/2011,HIO,OR,ANM,WE,Towers with Radar,0,5,45,0,50,0,2,186,0,188,0,7,231,0,238,418,0,418,656
04/04/2011,HIO,OR,ANM,WE,Towers with Radar,0,17,70,0,87,0,0,35,0,35,0,17,105,0,122,409,0,409,531
04/05/2011,HIO,OR,ANM,WE,Towers with Radar,0,22,0,0,22,0,0,121,0,121,0,22,121,0,143,199,0,199,342
04/06/2011,HIO,OR,ANM,WE,Towers with Radar,0,23,17,2,42,0,2,73,0,75,0,25,90,2,117,414,2,416,533
04/07/2011,HIO,OR,ANM,WE,Towers with Radar,0,28,25,2,55,0,3,154,0,157,0,31,179,2,212,440,0,440,652
04/08/2011,HIO,OR,ANM,WE,Towers with Radar,0,23,56,2,81,0,1,218,0,219,0,24,274,2,300,354,0,354,654
04/09/2011,HIO,OR,ANM,WE,Towers with Radar,0,1,53,0,54,0,0,174,0,174,0,1,227,0,228,366,0,366,594
04/10/2011,HIO,OR,ANM,WE,Towers with Radar,0,4,48,0,52,0,0,20,0,20,0,4,68,0,72,79,0,79,151
04/11/2011,HIO,OR,ANM,WE,Towers with Radar,0,20,25,1,46,0,2,142,0,144,0,22,167,1,190,356,0,356,546
04/12/2011,HIO,OR,ANM,WE,Towers with Radar,0,23,54,1,78,0,2,156,1,159,0,25,210,2,237,369,0,369,606
04/13/2011,HIO,OR,ANM,WE,Towers with Radar,0,27,21,0,48,0,0,75,0,75,0,27,96,0,123,359,0,359,482
04/14/2011,HIO,OR,ANM,WE,Towers with Radar,0,25,16,1,42,0,1,22,3,26,0,26,38,4,68,176,0,176,244
04/15/2011,HIO,OR,ANM,WE,Towers with Radar,0,18,42,0,60,0,0,0,0,0,0,18,42,0,60,43,0,43,103
04/16/2011,HIO,OR,ANM,WE,Towers with Radar,0,3,53,0,56,0,2,114,0,116,0,5,167,0,172,648,0,648,820
04/17/2011,HIO,OR,ANM,WE,Towers with Radar,0,5,56,0,61,0,1,193,1,195,0,6,249,1,256,367,1,368,624
04/18/2011,HIO,OR,ANM,WE,Towers with Radar,0,17,30,0,47,0,0,207,0,207,0,17,237,0,254,469,0,469,723
04/19/2011,HIO,OR,ANM,WE,Towers with Radar,0,26,0,0,26,0,0,363,0,363,0,26,363,0,389,423,0,423,812
04/20/2011,HIO,OR,ANM,WE,Towers with Radar,0,20,53,0,73,0,1,232,3,236,0,21,285,3,309,449,0,449,758
04/21/2011,HIO,OR,ANM,WE,Towers with Radar,0,22,33,0,55,0,0,198,0,198,0,22,231,0,253,383,0,383,636
04/22/2011,HIO,OR,ANM,WE,Towers with Radar,0,22,62,0,84,0,2,292,0,294,0,24,354,0,378,410,0,410,788
04/23/2011,HIO,OR,ANM,WE,Towers with Radar,1,45,0,0,46,0,0,277,0,277,1,45,277,0,323,423,0,423,746
04/24/2011,HIO,OR,ANM,WE,Towers with Radar,0,4,18,0,22,0,0,35,0,35,0,4,53,0,57,185,0,185,242
04/25/2011,HIO,OR,ANM,WE,Towers with Radar,0,18,0,0,18,0,0,59,0,59,0,18,59,0,77,136,0,136,213
04/26/2011,HIO,OR,ANM,WE,Towers with Radar,0,30,38,0,68,0,0,79,0,79,0,30,117,0,147,512,0,512,659
04/27/2011,HIO,OR,ANM,WE,Towers with Radar,0,26,49,3,78,0,1,159,0,160,0,27,208,3,238,384,0,384,622
04/28/2011,HIO,OR,ANM,WE,Towers with Radar,0,21,18,0,39,0,0,79,0,79,0,21,97,0,118,496,0,496,614
04/29/2011,HIO,OR,ANM,WE,Towers with Radar,0,21,64,0,85,0,0,141,3,144,0,21,205,3,229,677,14,691,920
04/30/2011,HIO,OR,ANM,WE,Towers with Radar,0,3,41,0,44,0,1,203,0,204,0,4,244,0,248,661,0,661,909
05/01/2011,HIO,OR,ANM,WE,Towers with Radar,0,6,41,0,47,0,2,275,0,277,0,8,316,0,324,392,0,392,716
05/02/2011,HIO,OR,ANM,WE,Towers with Radar,0,23,21,0,44,0,0,69,11,80,0,23,90,11,124,196,0,196,320
05/03/2011,HIO,OR,ANM,WE,Towers with Radar,0,23,49,0,72,0,3,210,0,213,0,26,259,0,285,651,0,651,936
05/04/2011,HIO,OR,ANM,WE,Towers with Radar,0,20,35,0,55,0,0,308,0,308,0,20,343,0,363,575,0,575,938
05/05/2011,HIO,OR,ANM,WE,Towers with Radar,0,20,55,0,75,0,0,119,0,119,0,20,174,0,194,690,0,690,884
05/06/2011,HIO,OR,ANM,WE,Towers with Radar,0,19,73,0,92,0,1,93,0,94,0,20,166,0,186,292,0,292,478
05/07/2011,HIO,OR,ANM,WE,Towers with Radar,0,6,29,0,35,0,2,99,0,101,0,8,128,0,136,239,0,239,375
05/08/2011,HIO,OR,ANM,WE,Towers with Radar,0,9,13,0,22,0,0,36,0,36,0,9,49,0,58,184,0,184,242
05/09/2011,HIO,OR,ANM,WE,Towers with Radar,0,18,0,0,18,0,0,258,0,258,0,18,258,0,276,486,0,486,762
05/10/2011,HIO,OR,ANM,WE,Towers with Radar,0,28,43,0,71,0,1,200,0,201,0,29,243,0,272,558,0,558,830
05/11/2011,HIO,OR,ANM,WE,Towers with Radar,0,22,37,0,59,0,1,69,2,72,0,23,106,2,131,532,0,532,663
05/12/2011,HIO,OR,ANM,WE,Towers with Radar,0,20,30,0,50,0,0,144,0,144,0,20,174,0,194,377,0,377,571
05/13/2011,HIO,OR,ANM,WE,Towers with Radar,0,21,46,0,67,0,1,211,0,212,0,22,257,0,279,386,0,386,665
05/14/2011,HIO,OR,ANM,WE,Towers with Radar,0,1,36,0,37,0,0,155,0,155,0,1,191,0,192,438,0,438,630
05/15/2011,HIO,OR,ANM,WE,Towers with Radar,0,4,20,0,24,0,1,22,0,23,0,5,42,0,47,337,0,337,384
05/16/2011,HIO,OR,ANM,WE,Towers with Radar,0,21,0,0,21,0,218,0,0,218,0,239,0,0,239,584,0,584,823
05/17/2011,HIO,OR,ANM,WE,Towers with Radar,0,20,36,0,56,0,0,202,4,206,0,20,238,4,262,506,0,506,768
05/18/2011,HIO,OR,ANM,WE,Towers with Radar,0,22,38,0,60,0,6,223,4,233,0,28,261,4,293,411,0,411,704
05/19/2011,HIO,OR,ANM,WE,Towers with Radar,0,20,42,0,62,0,1,254,0,255,0,21,296,0,317,473,0,473,790
05/20/2011,HIO,OR,ANM,WE,Towers with Radar,0,18,23,0,41,0,0,268,0,268,0,18,291,0,309,500,0,500,809
05/21/2011,HIO,OR,ANM,WE,Towers with Radar,0,5,18,0,23,0,1,238,0,239,0,6,256,0,262,397,0,397,659
05/22/2011,HIO,OR,ANM,WE,Towers with Radar,0,5,48,0,53,0,0,80,0,80,0,5,128,0,133,400,0,400,533
05/23/2011,HIO,OR,ANM,WE,Towers with Radar,0,22,0,0,22,0,0,176,0,176,0,22,176,0,198,538,0,538,736
05/24/2011,HIO,OR,ANM,WE,Towers with Radar,0,19,32,0,51,0,0,236,2,238,0,19,268,2,289,524,0,524,813
05/25/2011,HIO,OR,ANM,WE,Towers with Radar,0,20,46,0,66,0,3,26,0,29,0,23,72,0,95,155,0,155,250
05/26/2011,HIO,OR,ANM,WE,Towers with Radar,0,20,58,0,78,0,0,83,0,83,0,20,141,0,161,581,0,581,742
05/27/2011,HIO,OR,ANM,WE,Towers with Radar,0,6,30,0,36,0,0,113,0,113,0,6,143,0,149,309,1,310,459
05/28/2011,HIO,OR,ANM,WE,Towers with Radar,0,3,36,0,39,0,0,87,0,87,0,3,123,0,126,220,0,220,346
05/29/2011,HIO,OR,ANM,WE,Towers with Radar,0,4,24,0,28,0,0,131,0,131,0,4,155,0,159,467,0,467,626
05/30/2011,HIO,OR,ANM,WE,Towers with Radar,0,5,37,0,42,0,2,164,0,166,0,7,201,0,208,419,0,419,627
05/31/2011,HIO,OR,ANM,WE,Towers with Radar,0,20,44,0,64,0,0,44,0,44,0,20,88,0,108,346,0,346,454
06/01/2011,HIO,OR,ANM,WE,Towers with Radar,0,21,47,1,69,0,4,59,0,63,0,25,106,1,132,336,1,337,469
06/02/2011,HIO,OR,ANM,WE,Towers with Radar,0,22,33,0,55,0,0,72,2,74,0,22,105,2,129,356,0,356,485
06/03/2011,HIO,OR,ANM,WE,Towers with Radar,0,21,52,0,73,0,0,213,0,213,0,21,265,0,286,350,2,352,638
06/04/2011,HIO,OR,ANM,WE,Towers with Radar,0,4,38,0,42,0,1,237,0,238,0,5,275,0,280,316,0,316,596
06/05/2011,HIO,OR,ANM,WE,Towers with Radar,0,5,29,0,34,0,0,206,0,206,0,5,235,0,240,301,0,301,541
06/06/2011,HIO,OR,ANM,WE,Towers with Radar,0,24,39,0,63,0,6,174,0,180,0,30,213,0,243,456,0,456,699
06/07/2011,HIO,OR,ANM,WE,Towers with Radar,0,29,43,0,72,0,6,157,0,163,0,35,200,0,235,401,0,401,636
06/08/2011,HIO,OR,ANM,WE,Towers with Radar,0,23,59,2,84,0,5,222,0,227,0,28,281,2,311,603,0,603,914
06/09/2011,HIO,OR,ANM,WE,Towers with Radar,0,30,44,0,74,0,2,275,4,281,0,32,319,4,355,583,0,583,938
06/10/2011,HIO,OR,ANM,WE,Towers with Radar,0,18,52,0,70,0,0,113,0,113,0,18,165,0,183,320,0,320,503
06/11/2011,HIO,OR,ANM,WE,Towers with Radar,0,1,27,2,30,0,2,147,0,149,0,3,174,2,179,471,0,471,650
06/12/2011,HIO,OR,ANM,WE,Towers with Radar,0,4,32,0,36,0,2,177,0,179,0,6,209,0,215,376,0,376,591
06/13/2011,HIO,OR,ANM,WE,Towers with Radar,0,23,38,1,62,0,4,135,3,142,0,27,173,4,204,461,0,461,665
06/14/2011,HIO,OR,ANM,WE,Towers with Radar,0,21,30,1,52,0,3,261,0,264,0,24,291,1,316,439,0,439,755
06/15/2011,HIO,OR,ANM,WE,Towers with Radar,0,21,52,0,73,0,1,170,0,171,0,22,222,0,244,374,0,374,618
06/16/2011,HIO,OR,ANM,WE,Towers with Radar,0,22,45,4,71,0,0,292,0,292,0,22,337,4,363,684,0,684,1047
06/17/2011,HIO,OR,ANM,WE,Towers with Radar,0,21,39,2,62,0,1,292,0,293,0,22,331,2,355,485,0,485,840
06/18/2011,HIO,OR,ANM,WE,Towers with Radar,0,4,44,0,48,0,0,7,0,7,0,4,51,0,55,125,0,125,180
06/19/2011,HIO,OR,ANM,WE,Towers with Radar,0,2,40,0,42,0,0,172,0,172,0,2,212,0,214,600,0,600,814
06/20/2011,HIO,OR,ANM,WE,Towers with Radar,0,21,49,0,70,0,2,201,0,203,0,23,250,0,273,582,0,582,855
06/21/2011,HIO,OR,ANM,WE,Towers with Radar,0,23,29,0,52,0,0,317,0,317,0,23,346,0,369,561,0,561,930
06/22/2011,HIO,OR,ANM,WE,Towers with Radar,0,21,56,0,77,0,2,148,0,150,0,23,204,0,227,696,0,696,923
06/23/2011,HIO,OR,ANM,WE,Towers with Radar,0,28,42,0,70,0,5,221,0,226,0,33,263,0,296,542,0,542,838
06/24/2011,HIO,OR,ANM,WE,Towers with Radar,0,17,43,0,60,0,2,227,0,229,0,19,270,0,289,462,0,462,751
06/25/2011,HIO,OR,ANM,WE,Towers with Radar,0,0,16,0,16,0,0,218,0,218,0,0,234,0,234,389,0,389,623
06/26/2011,HIO,OR,ANM,WE,Towers with Radar,0,5,29,0,34,0,1,231,0,232,0,6,260,0,266,524,0,524,790
06/27/2011,HIO,OR,ANM,WE,Towers with Radar,0,19,31,0,50,0,2,224,0,226,0,21,255,0,276,389,0,389,665
06/28/2011,HIO,OR,ANM,WE,Towers with Radar,0,19,79,0,98,0,0,35,0,35,0,19,114,0,133,304,0,304,437
06/29/2011,HIO,OR,ANM,WE,Towers with Radar,0,24,44,0,68,0,0,147,0,147,0,24,191,0,215,713,0,713,928
06/30/2011,HIO,OR,ANM,WE,Towers with Radar,0,23,61,0,84,0,0,216,0,216,0,23,277,0,300,454,0,454,754
07/01/2011,HIO,OR,ANM,WE,Towers with Radar,0,17,46,0,63,0,3,326,0,329,0,20,372,0,392,496,0,496,888
07/02/2011,HIO,OR,ANM,WE,Towers with Radar,0,0,43,0,43,0,0,270,0,270,0,0,313,0,313,437,0,437,750
07/03/2011,HIO,OR,ANM,WE,Towers with Radar,0,5,34,0,39,0,0,165,0,165,0,5,199,0,204,576,1,577,781
07/04/2011,HIO,OR,ANM,WE,Towers with Radar,0,3,19,0,22,0,0,207,0,207,0,3,226,0,229,173,0,173,402
07/05/2011,HIO,OR,ANM,WE,Towers with Radar,0,13,85,0,98,0,0,226,0,226,0,13,311,0,324,520,0,520,844
07/06/2011,HIO,OR,ANM,WE,Towers with Radar,0,4,27,0,31,0,5,323,1,329,0,9,350,1,360,512,0,512,872
07/07/2011,HIO,OR,ANM,WE,Towers with Radar,0,3,104,0,107,0,1,205,1,207,0,4,309,1,314,656,0,656,970
07/08/2011,HIO,OR,ANM,WE,Towers with Radar,0,8,53,0,61,0,0,88,0,88,0,8,141,0,149,198,0,198,347
07/09/2011,HIO,OR,ANM,WE,Towers with Radar,0,4,17,0,21,0,0,286,1,287,0,4,303,1,308,445,0,445,753
07/10/2011,HIO,OR,ANM,WE,Towers with Radar,0,5,22,0,27,0,4,227,0,231,0,9,249,0,258,543,0,543,801
07/11/2011,HIO,OR,ANM,WE,Towers with Radar,0,28,48,0,76,0,6,228,0,234,0,34,276,0,310,627,0,627,937
07/12/2011,HIO,OR,ANM,WE,Towers with Radar,0,28,91,1,120,0,2,96,0,98,0,30,187,1,218,443,0,443,661
07/13/2011,HIO,OR,ANM,WE,Towers with Radar,0,26,63,1,90,0,0,194,0,194,0,26,257,1,284,725,0,725,1009
07/14/2011,HIO,OR,ANM,WE,Towers with Radar,0,25,43,0,68,0,0,241,0,241,0,25,284,0,309,687,0,687,996
07/15/2011,HIO,OR,ANM,WE,Towers with Radar,0,25,48,0,73,0,4,325,2,331,0,29,373,2,404,609,0,609,1013
07/16/2011,HIO,OR,ANM,WE,Towers with Radar,0,2,46,0,48,0,0,59,0,59,0,2,105,0,107,305,0,305,412
07/17/2011,HIO,OR,ANM,WE,Towers with Radar,0,6,45,0,51,0,2,25,0,27,0,8,70,0,78,139,0,139,217
07/18/2011,HIO,OR,ANM,WE,Towers with Radar,0,26,30,0,56,0,1,215,0,216,0,27,245,0,272,643,0,643,915
07/19/2011,HIO,OR,ANM,WE,Towers with Radar,0,25,48,0,73,0,3,225,0,228,0,28,273,0,301,866,0,866,1167
07/20/2011,HIO,OR,ANM,WE,Towers with Radar,0,24,43,1,68,0,2,317,2,321,0,26,360,3,389,650,0,650,1039
07/21/2011,HIO,OR,ANM,WE,Towers with Radar,0,20,65,1,86,0,2,175,2,179,0,22,240,3,265,707,0,707,972
07/22/2011,HIO,OR,ANM,WE,Towers with Radar,0,20,38,0,58,0,0,344,0,344,0,20,382,0,402,531,0,531,933
07/23/2011,HIO,OR,ANM,WE,Towers with Radar,0,4,10,0,14,0,1,296,0,297,0,5,306,0,311,524,0,524,835
07/24/2011,HIO,OR,ANM,WE,Towers with Radar,0,5,46,0,51,0,0,268,0,268,0,5,314,0,319,427,0,427,746
07/25/2011,HIO,OR,ANM,WE,Towers with Radar,0,18,49,0,67,0,1,198,2,201,0,19,247,2,268,532,2,534,802
07/26/2011,HIO,OR,ANM,WE,Towers with Radar,0,22,43,0,65,0,0,277,2,279,0,22,320,2,344,633,4,637,981
07/27/2011,HIO,OR,ANM,WE,Towers with Radar,0,29,36,0,65,0,0,266,0,266,0,29,302,0,331,550,0,550,881
07/28/2011,HIO,OR,ANM,WE,Towers with Radar,0,27,44,1,72,0,1,270,1,272,0,28,314,2,344,503,1,504,848
07/29/2011,HIO,OR,ANM,WE,Towers with Radar,0,18,55,0,73,0,0,288,0,288,0,18,343,0,361,502,0,502,863
07/30/2011,HIO,OR,ANM,WE,Towers with Radar,0,5,38,0,43,0,3,292,2,297,0,8,330,2,340,496,0,496,836
07/31/2011,HIO,OR,ANM,WE,Towers with Radar,0,5,48,0,53,0,1,248,1,250,0,6,296,1,303,483,0,483,786
08/01/2011,HIO,OR,ANM,WE,Towers with Radar,0,20,48,0,68,0,1,286,1,288,0,21,334,1,356,597,0,597,953
08/02/2011,HIO,OR,ANM,WE,Towers with Radar,0,21,42,0,63,0,1,292,0,293,0,22,334,0,356,639,0,639,995
08/03/2011,HIO,OR,ANM,WE,Towers with Radar,0,19,44,0,63,0,2,322,0,324,0,21,366,0,387,683,0,683,1070
08/04/2011,HIO,OR,ANM,WE,Towers with Radar,0,20,46,0,66,0,1,290,0,291,0,21,336,0,357,461,0,461,818
08/05/2011,HIO,OR,ANM,WE,Towers with Radar,0,18,73,0,91,0,3,251,1,255,0,21,324,1,346,667,6,673,1019
08/06/2011,HIO,OR,ANM,WE,Towers with Radar,0,0,67,0,67,0,0,176,0,176,0,0,243,0,243,565,0,565,808
08/07/2011,HIO,OR,ANM,WE,Towers with Radar,0,7,46,0,53,0,1,246,0,247,0,8,292,0,300,399,0,399,699
08/08/2011,HIO,OR,ANM,WE,Towers with Radar,0,23,58,0,81,0,1,162,0,163,0,24,220,0,244,535,0,535,779
08/09/2011,HIO,OR,ANM,WE,Towers with Radar,0,20,54,0,74,0,3,287,0,290,0,23,341,0,364,528,0,528,892
08/10/2011,HIO,OR,ANM,WE,Towers with Radar,0,20,40,0,60,0,1,301,0,302,0,21,341,0,362,599,0,599,961
08/11/2011,HIO,OR,ANM,WE,Towers with Radar,0,21,53,0,74,0,1,303,1,305,0,22,356,1,379,550,0,550,929
08/12/2011,HIO,OR,ANM,WE,Towers with Radar,0,20,70,0,90,0,0,310,2,312,0,20,380,2,402,508,0,508,910
08/13/2011,HIO,OR,ANM,WE,Towers with Radar,0,2,60,0,62,0,0,169,0,169,0,2,229,0,231,529,0,529,760
08/14/2011,HIO,OR,ANM,WE,Towers with Radar,0,3,58,0,61,0,0,213,0,213,0,3,271,0,274,291,0,291,565
08/15/2011,HIO,OR,ANM,WE,Towers with Radar,0,17,52,0,69,0,0,284,0,284,0,17,336,0,353,427,0,427,780
08/16/2011,HIO,OR,ANM,WE,Towers with Radar,0,23,25,0,48,0,5,289,1,295,0,28,314,1,343,597,0,597,940
08/17/2011,HIO,OR,ANM,WE,Towers with Radar,0,26,48,4,78,0,2,283,6,291,0,28,331,10,369,391,0,391,760
08/18/2011,HIO,OR,ANM,WE,Towers with Radar,0,23,61,2,86,0,1,297,2,300,0,24,358,4,386,289,3,292,678
08/19/2011,HIO,OR,ANM,WE,Towers with Radar,0,16,13,9,38,0,0,171,18,189,0,16,184,27,227,137,0,137,364
08/20/2011,HIO,OR,ANM,WE,Towers with Radar,2,3,12,3,20,0,0,72,5,77,2,3,84,8,97,53,0,53,150
08/21/2011,HIO,OR,ANM,WE,Towers with Radar,0,3,15,10,28,0,0,115,12,127,0,3,130,22,155,94,4,98,253
08/22/2011,HIO,OR,ANM,WE,Towers with Radar,0,18,54,5,77,0,0,150,3,153,0,18,204,8,230,349,0,349,579
08/23/2011,HIO,OR,ANM,WE,Towers with Radar,0,21,61,0,82,0,1,213,0,214,0,22,274,0,296,644,0,644,940
08/24/2011,HIO,OR,ANM,WE,Towers with Radar,0,22,73,1,96,0,1,271,4,276,0,23,344,5,372,645,2,647,1019
08/25/2011,HIO,OR,ANM,WE,Towers with Radar,0,21,40,0,61,0,1,319,1,321,0,22,359,1,382,513,0,513,895
08/26/2011,HIO,OR,ANM,WE,Towers with Radar,0,18,56,0,74,0,0,324,0,324,0,18,380,0,398,476,0,476,874
08/27/2011,HIO,OR,ANM,WE,Towers with Radar,0,0,47,0,47,0,0,231,0,231,0,0,278,0,278,391,0,391,669
08/28/2011,HIO,OR,ANM,WE,Towers with Radar,0,3,31,0,34,0,0,280,0,280,0,3,311,0,314,533,0,533,847
08/29/2011,HIO,OR,ANM,WE,Towers with Radar,0,18,59,0,77,0,1,95,0,96,0,19,154,0,173,429,0,429,602
08/30/2011,HIO,OR,ANM,WE,Towers with Radar,0,24,73,0,97,0,1,212,0,213,0,25,285,0,310,532,0,532,842
08/31/2011,HIO,OR,ANM,WE,Towers with Radar,0,27,49,0,76,0,3,230,0,233,0,30,279,0,309,522,0,522,831
09/01/2011,HIO,OR,ANM,WE,Towers with Radar,0,20,47,0,67,0,1,265,0,266,0,21,312,0,333,435,0,435,768
09/02/2011,HIO,OR,ANM,WE,Towers with Radar,0,1,44,0,45,0,0,279,0,279,0,1,323,0,324,561,0,561,885
09/03/2011,HIO,OR,ANM,WE,Towers with Radar,0,6,25,0,31,0,2,202,1,205,0,8,227,1,236,203,0,203,439
09/04/2011,HIO,OR,ANM,WE,Towers with Radar,0,3,49,0,52,0,0,211,0,211,0,3,260,0,263,356,0,356,619
09/05/2011,HIO,OR,ANM,WE,Towers with Radar,0,4,32,0,36,0,2,243,0,245,0,6,275,0,281,344,0,344,625
09/06/2011,HIO,OR,ANM,WE,Towers with Radar,0,19,42,0,61,0,3,281,4,288,0,22,323,4,349,433,0,433,782
09/07/2011,HIO,OR,ANM,WE,Towers with Radar,0,22,60,0,82,0,0,293,0,293,0,22,353,0,375,595,0,595,970
09/08/2011,HIO,OR,ANM,WE,Towers with Radar,0,24,67,0,91,0,2,279,1,282,0,26,346,1,373,509,0,509,882
09/09/2011,HIO,OR,ANM,WE,Towers with Radar,0,21,47,0,68,0,1,359,1,361,0,22,406,1,429,533,0,533,962
09/10/2011,HIO,OR,ANM,WE,Towers with Radar,0,1,10,0,11,0,0,224,0,224,0,1,234,0,235,256,0,256,491
09/11/2011,HIO,OR,ANM,WE,Towers with Radar,0,0,7,0,7,0,2,61,0,63,0,2,68,0,70,121,0,121,191
09/12/2011,HIO,OR,ANM,WE,Towers with Radar,0,16,61,0,77,0,0,210,0,210,0,16,271,0,287,547,0,547,834
09/13/2011,HIO,OR,ANM,WE,Towers with Radar,0,20,74,0,94,0,0,131,0,131,0,20,205,0,225,424,0,424,649
09/14/2011,HIO,OR,ANM,WE,Towers with Radar,0,18,97,0,115,0,0,240,0,240,0,18,337,0,355,662,0,662,1017
09/15/2011,HIO,OR,ANM,WE,Towers with Radar,0,18,76,1,95,0,1,251,2,254,0,19,327,3,349,568,0,568,917
09/16/2011,HIO,OR,ANM,WE,Towers with Radar,0,19,67,0,86,0,0,315,0,315,0,19,382,0,401,572,0,572,973
09/17/2011,HIO,OR,ANM,WE,Towers with Radar,0,4,72,0,76,0,0,124,0,124,0,4,196,0,200,348,0,348,548
09/18/2011,HIO,OR,ANM,WE,Towers with Radar,0,11,69,0,80,0,1,101,0,102,0,12,170,0,182,396,0,396,578
09/19/2011,HIO,OR,ANM,WE,Towers with Radar,0,20,51,0,71,0,2,279,0,281,0,22,330,0,352,509,0,509,861
09/20/2011,HIO,OR,ANM,WE,Towers with Radar,1,21,85,0,107,0,11,322,20,353,1,32,407,20,460,634,0,634,1094
09/21/2011,HIO,OR,ANM,WE,Towers with Radar,0,19,59,0,78,0,3,300,0,303,0,22,359,0,381,541,10,551,932
09/22/2011,HIO,OR,ANM,WE,Towers with Radar,0,28,70,0,98,0,0,261,1,262,0,28,331,1,360,444,0,444,804
09/23/2011,HIO,OR,ANM,WE,Towers with Radar,0,20,76,0,96,0,0,198,0,198,0,20,274,0,294,257,0,257,551
09/24/2011,HIO,OR,ANM,WE,Towers with Radar,0,7,40,0,47,0,3,190,3,196,0,10,230,3,243,291,0,291,534
09/25/2011,HIO,OR,ANM,WE,Towers with Radar,0,4,49,0,53,0,1,55,0,56,0,5,104,0,109,242,0,242,351
09/26/2011,HIO,OR,ANM,WE,Towers with Radar,0,21,37,0,58,0,3,84,1,88,0,24,121,1,146,206,0,206,352
09/27/2011,HIO,OR,ANM,WE,Towers with Radar,0,22,79,0,101,0,0,141,0,141,0,22,220,0,242,468,0,468,710
09/28/2011,HIO,OR,ANM,WE,Towers with Radar,0,24,60,0,84,0,8,264,0,272,0,32,324,0,356,328,0,328,684
09/29/2011,HIO,OR,ANM,WE,Towers with Radar,0,21,46,0,67,0,0,274,0,274,0,21,320,0,341,592,0,592,933
09/30/2011,HIO,OR,ANM,WE,Towers with Radar,0,18,39,0,57,0,3,260,0,263,0,21,299,0,320,585,0,585,905
10/01/2011,HIO,OR,ANM,WE,Towers with Radar,0,6,45,0,51,0,0,147,0,147,0,6,192,0,198,372,0,372,570
10/02/2011,HIO,OR,ANM,WE,Towers with Radar,0,5,50,0,55,0,0,42,0,42,0,5,92,0,97,359,0,359,456
10/03/2011,HIO,OR,ANM,WE,Towers with Radar,0,19,79,0,98,0,1,113,0,114,0,20,192,0,212,478,0,478,690
10/04/2011,HIO,OR,ANM,WE,Towers with Radar,0,20,62,0,82,0,0,122,0,122,0,20,184,0,204,384,0,384,588
10/05/2011,HIO,OR,ANM,WE,Towers with Radar,0,21,57,0,78,0,1,101,0,102,0,22,158,0,180,479,0,479,659
10/06/2011,HIO,OR,ANM,WE,Towers with Radar,0,25,93,0,118,0,1,112,0,113,0,26,205,0,231,327,0,327,558
10/07/2011,HIO,OR,ANM,WE,Towers with Radar,0,17,71,0,88,0,0,37,0,37,0,17,108,0,125,199,0,199,324
10/08/2011,HIO,OR,ANM,WE,Towers with Radar,0,4,49,0,53,0,0,203,0,203,0,4,252,0,256,343,0,343,599
10/09/2011,HIO,OR,ANM,WE,Towers with Radar,0,6,39,0,45,0,0,0,0,0,0,6,39,0,45,82,0,82,127
10/10/2011,HIO,OR,ANM,WE,Towers with Radar,0,20,54,0,74,0,3,42,0,45,0,23,96,0,119,229,0,229,348
10/11/2011,HIO,OR,ANM,WE,Towers with Radar,0,26,67,0,93,0,0,143,0,143,0,26,210,0,236,411,0,411,647
10/12/2011,HIO,OR,ANM,WE,Towers with Radar,0,20,81,0,101,0,0,179,0,179,0,20,260,0,280,387,0,387,667
10/13/2011,HIO,OR,ANM,WE,Towers with Radar,0,21,60,0,81,0,1,259,0,260,0,22,319,0,341,497,0,497,838
10/14/2011,HIO,OR,ANM,WE,Towers with Radar,0,18,72,0,90,0,0,258,0,258,0,18,330,0,348,577,0,577,925
10/15/2011,HIO,OR,ANM,WE,Towers with Radar,0,1,70,0,71,0,0,123,0,123,0,1,193,0,194,175,0,175,369
10/16/2011,HIO,OR,ANM,WE,Towers with Radar,0,4,34,0,38,0,2,159,0,161,0,6,193,0,199,258,0,258,457
10/17/2011,HIO,OR,ANM,WE,Towers with Radar,0,27,31,0,58,0,2,259,0,261,0,29,290,0,319,313,0,313,632
10/18/2011,HIO,OR,ANM,WE,Towers with Radar,0,18,36,0,54,0,1,280,2,283,0,19,316,2,337,384,0,384,721
10/19/2011,HIO,OR,ANM,WE,Towers with Radar,0,24,68,0,92,0,1,136,0,137,0,25,204,0,229,440,0,440,669
10/20/2011,HIO,OR,ANM,WE,Towers with Radar,0,22,41,0,63,0,0,251,2,253,0,22,292,2,316,502,0,502,818
10/21/2011,HIO,OR,ANM,WE,Towers with Radar,0,25,71,0,96,0,1,158,0,159,0,26,229,0,255,450,0,450,705
10/22/2011,HIO,OR,ANM,WE,Towers with Radar,0,2,57,0,59,0,0,95,1,96,0,2,152,1,155,368,0,368,523
10/23/2011,HIO,OR,ANM,WE,Towers with Radar,0,7,55,0,62,0,0,79,0,79,0,7,134,0,141,186,0,186,327
10/24/2011,HIO,OR,ANM,WE,Towers with Radar,0,22,52,0,74,0,2,227,0,229,0,24,279,0,303,417,0,417,720
10/25/2011,HIO,OR,ANM,WE,Towers with Radar,0,19,43,0,62,0,1,227,0,228,0,20,270,0,290,344,0,344,634
10/26/2011,HIO,OR,ANM,WE,Towers with Radar,0,23,59,0,82,0,0,183,0,183,0,23,242,0,265,410,0,410,675
10/27/2011,HIO,OR,ANM,WE,Towers with Radar,0,31,49,0,80,0,2,234,0,236,0,33,283,0,316,521,0,521,837
10/28/2011,HIO,OR,ANM,WE,Towers with Radar,0,19,75,0,94,0,0,180,1,181,0,19,255,1,275,371,0,371,646
10/29/2011,HIO,OR,ANM,WE,Towers with Radar,0,1,33,0,34,0,0,77,0,77,0,1,110,0,111,216,0,216,327
10/30/2011,HIO,OR,ANM,WE,Towers with Radar,0,5,61,0,66,0,0,21,0,21,0,5,82,0,87,84,0,84,171
10/31/2011,HIO,OR,ANM,WE,Towers with Radar,0,22,52,2,76,0,3,193,3,199,0,25,245,5,275,372,0,372,647
11/01/2011,HIO,OR,ANM,WE,Towers with Radar,0,16,43,1,60,0,0,176,0,176,0,16,219,1,236,216,0,216,452
11/02/2011,HIO,OR,ANM,WE,Towers with Radar,0,24,51,0,75,0,3,249,0,252,0,27,300,0,327,450,0,450,777
11/03/2011,HIO,OR,ANM,WE,Towers with Radar,0,25,57,0,82,0,1,69,0,70,0,26,126,0,152,375,0,375,527
11/04/2011,HIO,OR,ANM,WE,Towers with Radar,0,18,60,0,78,0,2,128,0,130,0,20,188,0,208,444,0,444,652
11/05/2011,HIO,OR,ANM,WE,Towers with Radar,0,3,35,0,38,0,0,19,0,19,0,3,54,0,57,117,0,117,174
11/06/2011,HIO,OR,ANM,WE,Towers with Radar,0,7,40,0,47,0,2,212,0,214,0,9,252,0,261,255,0,255,516
11/07/2011,HIO,OR,ANM,WE,Towers with Radar,0,20,71,0,91,0,1,45,1,47,0,21,116,1,138,253,0,253,391
11/08/2011,HIO,OR,ANM,WE,Towers with Radar,0,21,75,0,96,0,3,122,0,125,0,24,197,0,221,295,0,295,516
11/09/2011,HIO,OR,ANM,WE,Towers with Radar,0,18,70,0,88,0,0,202,1,203,0,18,272,1,291,403,0,403,694
11/10/2011,HIO,OR,ANM,WE,Towers with Radar,0,22,79,0,101,0,2,268,0,270,0,24,347,0,371,407,0,407,778
11/11/2011,HIO,OR,ANM,WE,Towers with Radar,0,25,35,0,60,0,0,6,0,6,0,25,41,0,66,22,0,22,88
11/12/2011,HIO,OR,ANM,WE,Towers with Radar,0,5,58,0,63,0,3,70,1,74,0,8,128,1,137,268,0,268,405
11/13/2011,HIO,OR,ANM,WE,Towers with Radar,0,3,43,0,46,0,0,83,0,83,0,3,126,0,129,310,0,310,439
11/14/2011,HIO,OR,ANM,WE,Towers with Radar,0,19,34,0,53,0,0,33,0,33,0,19,67,0,86,336,0,336,422
11/15/2011,HIO,OR,ANM,WE,Towers with Radar,0,10,28,0,38,0,0,1,0,1,0,10,29,0,39,0,0,0,39
11/16/2011,HIO,OR,ANM,WE,Towers with Radar,0,26,47,0,73,0,0,3,0,3,0,26,50,0,76,3,0,3,79
11/17/2011,HIO,OR,ANM,WE,Towers with Radar,0,26,28,1,55,0,0,93,0,93,0,26,121,1,148,512,0,512,660
11/18/2011,HIO,OR,ANM,WE,Towers with Radar,0,18,24,1,43,0,0,74,0,74,0,18,98,1,117,339,0,339,456
11/19/2011,HIO,OR,ANM,WE,Towers with Radar,0,7,26,0,33,0,2,54,0,56,0,9,80,0,89,308,0,308,397
11/20/2011,HIO,OR,ANM,WE,Towers with Radar,0,8,47,0,55,0,1,231,0,232,0,9,278,0,287,456,0,456,743
11/21/2011,HIO,OR,ANM,WE,Towers with Radar,0,8,42,0,50,0,0,8,1,9,0,8,50,1,59,107,0,107,166
11/22/2011,HIO,OR,ANM,WE,Towers with Radar,0,3,10,0,13,0,0,2,0,2,0,3,12,0,15,46,0,46,61
11/23/2011,HIO,OR,ANM,WE,Towers with Radar,0,7,50,0,57,0,1,80,0,81,0,8,130,0,138,554,0,554,692
11/24/2011,HIO,OR,ANM,WE,Towers with Radar,0,9,17,0,26,0,0,21,0,21,0,9,38,0,47,63,0,63,110
11/25/2011,HIO,OR,ANM,WE,Towers with Radar,0,3,57,0,60,0,0,245,0,245,0,3,302,0,305,309,0,309,614
11/26/2011,HIO,OR,ANM,WE,Towers with Radar,0,2,57,0,59,0,0,223,0,223,0,2,280,0,282,346,0,346,628
11/27/2011,HIO,OR,ANM,WE,Towers with Radar,0,5,54,0,59,0,0,38,0,38,0,5,92,0,97,197,0,197,294
11/28/2011,HIO,OR,ANM,WE,Towers with Radar,0,22,43,0,65,0,0,131,0,131,0,22,174,0,196,292,0,292,488
11/29/2011,HIO,OR,ANM,WE,Towers with Radar,0,21,82,0,103,0,0,31,0,31,0,21,113,0,134,97,0,97,231
11/30/2011,HIO,OR,ANM,WE,Towers with Radar,0,26,91,2,119,0,0,199,3,202,0,26,290,5,321,382,0,382,703
12/01/2011,HIO,OR,ANM,WE,Towers with Radar,0,24,53,2,79,0,0,227,0,227,0,24,280,2,306,415,0,415,721
12/02/2011,HIO,OR,ANM,WE,Towers with Radar,0,22,58,0,80,0,2,232,0,234,0,24,290,0,314,555,0,555,869
12/03/2011,HIO,OR,ANM,WE,Towers with Radar,0,5,68,0,73,0,0,122,0,122,0,5,190,0,195,289,0,289,484
12/04/2011,HIO,OR,ANM,WE,Towers with Radar,0,4,43,0,47,0,0,111,0,111,0,4,154,0,158,212,0,212,370
12/05/2011,HIO,OR,ANM,WE,Towers with Radar,0,23,57,2,82,0,0,220,2,222,0,23,277,4,304,450,3,453,757
12/06/2011,HIO,OR,ANM,WE,Towers with Radar,0,9,15,0,24,0,0,0,0,0,0,9,15,0,24,0,0,0,24
12/07/2011,HIO,OR,ANM,WE,Towers with Radar,0,25,64,0,89,0,0,30,0,30,0,25,94,0,119,249,0,249,368
12/08/2011,HIO,OR,ANM,WE,Towers with Radar,0,29,50,0,79,0,0,279,0,279,0,29,329,0,358,427,0,427,785
12/09/2011,HIO,OR,ANM,WE,Towers with Radar,0,22,56,0,78,0,0,230,0,230,0,22,286,0,308,359,0,359,667
12/10/2011,HIO,OR,ANM,WE,Towers with Radar,0,3,17,0,20,0,0,5,0,5,0,3,22,0,25,32,0,32,57
12/11/2011,HIO,OR,ANM,WE,Towers with Radar,0,5,29,0,34,0,0,23,0,23,0,5,52,0,57,201,0,201,258
12/12/2011,HIO,OR,ANM,WE,Towers with Radar,0,19,56,0,75,0,2,239,1,242,0,21,295,1,317,395,0,395,712
12/13/2011,HIO,OR,ANM,WE,Towers with Radar,0,25,43,0,68,0,0,194,1,195,0,25,237,1,263,439,0,439,702
12/14/2011,HIO,OR,ANM,WE,Towers with Radar,0,26,50,0,76,0,0,202,0,202,0,26,252,0,278,454,0,454,732
12/15/2011,HIO,OR,ANM,WE,Towers with Radar,0,24,78,0,102,0,0,4,0,4,0,24,82,0,106,142,0,142,248
12/16/2011,HIO,OR,ANM,WE,Towers with Radar,0,14,36,0,50,0,0,8,0,8,0,14,44,0,58,44,0,44,102
12/17/2011,HIO,OR,ANM,WE,Towers with Radar,0,5,27,0,32,0,0,115,0,115,0,5,142,0,147,285,0,285,432
12/18/2011,HIO,OR,ANM,WE,Towers with Radar,0,3,41,0,44,0,0,1,0,1,0,3,42,0,45,56,0,56,101
12/19/2011,HIO,OR,ANM,WE,Towers with Radar,0,13,63,0,76,0,2,89,0,91,0,15,152,0,167,599,0,599,766
12/20/2011,HIO,OR,ANM,WE,Towers with Radar,0,18,54,0,72,0,0,1,0,1,0,18,55,0,73,24,0,24,97
12/21/2011,HIO,OR,ANM,WE,Towers with Radar,0,2,29,0,31,0,0,34,0,34,0,2,63,0,65,130,0,130,195
12/22/2011,HIO,OR,ANM,WE,Towers with Radar,0,7,47,0,54,0,0,227,1,228,0,7,274,1,282,463,0,463,745
12/23/2011,HIO,OR,ANM,WE,Towers with Radar,0,8,49,0,57,0,0,217,0,217,0,8,266,0,274,564,0,564,838
12/24/2011,HIO,OR,ANM,WE,Towers with Radar,0,5,18,0,23,0,1,126,1,128,0,6,144,1,151,186,0,186,337
12/25/2011,HIO,OR,ANM,WE,Towers with Radar,0,2,3,0,5,0,0,3,0,3,0,2,6,0,8,7,0,7,15
12/26/2011,HIO,OR,ANM,WE,Towers with Radar,0,8,46,0,54,0,0,2,0,2,0,8,48,0,56,42,0,42,98
12/27/2011,HIO,OR,ANM,WE,Towers with Radar,0,3,43,0,46,0,0,20,0,20,0,3,63,0,66,384,0,384,450
12/28/2011,HIO,OR,ANM,WE,Towers with Radar,0,11,32,0,43,0,0,13,0,13,0,11,45,0,56,262,0,262,318
12/29/2011,HIO,OR,ANM,WE,Towers with Radar,0,9,62,0,71,0,0,60,1,61,0,9,122,1,132,362,0,362,494
12/30/2011,HIO,OR,ANM,WE,Towers with Radar,0,8,26,0,34,0,0,70,0,70,0,8,96,0,104,511,0,511,615
12/31/2011,HIO,OR,ANM,WE,Towers with Radar,0,1,15,0,16,0,0,35,0,35,0,1,50,0,51,59,0,59,110
01/01/2012,HIO,OR,ANM,WE,Towers with Radar,0,5,36,0,41,0,1,156,0,157,0,6,192,0,198,124,0,124,322
01/02/2012,HIO,OR,ANM,WE,Towers with Radar,0,17,50,0,67,0,0,106,0,106,0,17,156,0,173,324,0,324,497
01/03/2012,HIO,OR,ANM,WE,Towers with Radar,0,24,66,0,90,0,1,158,0,159,0,25,224,0,249,396,0,396,645
01/04/2012,HIO,OR,ANM,WE,Towers with Radar,0,24,44,0,68,0,1,119,0,120,0,25,163,0,188,373,0,373,561
01/05/2012,HIO,OR,ANM,WE,Towers with Radar,0,20,39,0,59,0,0,180,0,180,0,20,219,0,239,401,0,401,640
01/06/2012,HIO,OR,ANM,WE,Towers with Radar,0,20,21,0,41,0,0,14,0,14,0,20,35,0,55,55,0,55,110
01/07/2012,HIO,OR,ANM,WE,Towers with Radar,0,2,67,0,69,0,0,28,0,28,0,2,95,0,97,178,0,178,275
01/08/2012,HIO,OR,ANM,WE,Towers with Radar,0,7,59,0,66,0,0,5,0,5,0,7,64,0,71,59,0,59,130
01/09/2012,HIO,OR,ANM,WE,Towers with Radar,0,18,40,0,58,0,0,16,0,16,0,18,56,0,74,70,0,70,144
01/10/2012,HIO,OR,ANM,WE,Towers with Radar,0,23,48,1,72,0,2,205,0,207,0,25,253,1,279,407,0,407,686
01/11/2012,HIO,OR,ANM,WE,Towers with Radar,0,21,46,1,68,0,0,214,2,216,0,21,260,3,284,173,0,173,457
01/12/2012,HIO,OR,ANM,WE,Towers with Radar,0,25,42,0,67,0,1,258,2,261,0,26,300,2,328,502,0,502,830
01/13/2012,HIO,OR,ANM,WE,Towers with Radar,0,26,44,0,70,0,1,276,1,278,0,27,320,1,348,441,0,441,789
01/14/2012,HIO,OR,ANM,WE,Towers with Radar,0,1,20,0,21,0,0,43,0,43,0,1,63,0,64,214,0,214,278
01/15/2012,HIO,OR,ANM,WE,Towers with Radar,0,6,28,0,34,0,0,6,0,6,0,6,34,0,40,122,0,122,162
01/16/2012,HIO,OR,ANM,WE,Towers with Radar,0,11,27,0,38,0,0,8,0,8,0,11,35,0,46,166,0,166,212
01/17/2012,HIO,OR,ANM,WE,Towers with Radar,0,11,22,0,33,0,0,5,0,5,0,11,27,0,38,79,0,79,117
01/18/2012,HIO,OR,ANM,WE,Towers with Radar,0,22,11,0,33,0,0,8,0,8,0,22,19,0,41,199,0,199,240
01/19/2012,HIO,OR,ANM,WE,Towers with Radar,0,14,49,0,63,0,0,17,0,17,0,14,66,0,80,110,0,110,190
01/20/2012,HIO,OR,ANM,WE,Towers with Radar,0,15,39,0,54,0,1,34,0,35,0,16,73,0,89,260,0,260,349
01/21/2012,HIO,OR,ANM,WE,Towers with Radar,0,6,12,0,18,0,0,59,0,59,0,6,71,0,77,265,0,265,342
01/22/2012,HIO,OR,ANM,WE,Towers with Radar,0,4,9,0,13,0,0,14,0,14,0,4,23,0,27,41,0,41,68
01/23/2012,HIO,OR,ANM,WE,Towers with Radar,0,16,33,0,49,0,0,13,0,13,0,16,46,0,62,61,0,61,123
01/24/2012,HIO,OR,ANM,WE,Towers with Radar,0,26,23,0,49,0,0,4,0,4,0,26,27,0,53,101,0,101,154
01/25/2012,HIO,OR,ANM,WE,Towers with Radar,0,26,43,0,69,0,0,179,0,179,0,26,222,0,248,476,0,476,724
01/26/2012,HIO,OR,ANM,WE,Towers with Radar,0,28,43,0,71,0,0,242,0,242,0,28,285,0,313,595,0,595,908
01/27/2012,HIO,OR,ANM,WE,Towers with Radar,0,20,45,0,65,0,0,167,0,167,0,20,212,0,232,280,0,280,512
01/28/2012,HIO,OR,ANM,WE,Towers with Radar,0,5,34,0,39,0,0,224,0,224,0,5,258,0,263,339,0,339,602
01/29/2012,HIO,OR,ANM,WE,Towers with Radar,0,11,34,0,45,0,0,56,1,57,0,11,90,1,102,317,0,317,419
01/30/2012,HIO,OR,ANM,WE,Towers with Radar,0,18,79,0,97,0,0,188,0,188,0,18,267,0,285,384,0,384,669
01/31/2012,HIO,OR,ANM,WE,Towers with Radar,0,26,71,0,97,0,0,159,0,159,0,26,230,0,256,423,0,423,679
02/01/2012,HIO,OR,ANM,WE,Towers with Radar,0,20,37,0,57,0,0,195,0,195,0,20,232,0,252,443,0,443,695
02/02/2012,HIO,OR,ANM,WE,Towers with Radar,0,18,34,0,52,0,3,264,1,268,0,21,298,1,320,455,0,455,775
02/03/2012,HIO,OR,ANM,WE,Towers with Radar,0,22,29,0,51,0,1,124,1,126,0,23,153,1,177,83,0,83,260
02/04/2012,HIO,OR,ANM,WE,Towers with Radar,0,8,38,3,49,0,0,202,3,205,0,8,240,6,254,282,0,282,536
02/05/2012,HIO,OR,ANM,WE,Towers with Radar,0,8,32,0,40,0,0,260,0,260,0,8,292,0,300,402,0,402,702
02/06/2012,HIO,OR,ANM,WE,Towers with Radar,0,21,37,3,61,0,1,143,2,146,0,22,180,5,207,68,0,68,275
02/07/2012,HIO,OR,ANM,WE,Towers with Radar,0,19,29,1,49,0,3,198,1,202,0,22,227,2,251,261,0,261,512
02/08/2012,HIO,OR,ANM,WE,Towers with Radar,0,26,52,0,78,0,0,36,0,36,0,26,88,0,114,140,0,140,254
02/09/2012,HIO,OR,ANM,WE,Towers with Radar,0,22,43,0,65,0,4,164,0,168,0,26,207,0,233,634,0,634,867
02/10/2012,HIO,OR,ANM,WE,Towers with Radar,0,22,62,0,84,0,1,47,1,49,0,23,109,1,133,400,0,400,533
02/11/2012,HIO,OR,ANM,WE,Towers with Radar,0,4,38,0,42,0,0,138,0,138,0,4,176,0,180,272,0,272,452
02/12/2012,HIO,OR,ANM,WE,Towers with Radar,0,8,48,0,56,0,0,69,0,69,0,8,117,0,125,288,0,288,413
02/13/2012,HIO,OR,ANM,WE,Towers with Radar,0,20,11,0,31,0,2,40,2,44,0,22,51,2,75,278,0,278,353
02/14/2012,HIO,OR,ANM,WE,Towers with Radar,0,21,10,0,31,0,1,60,2,63,0,22,70,2,94,431,0,431,525
02/15/2012,HIO,OR,ANM,WE,Towers with Radar,0,22,56,0,78,0,0,160,3,163,0,22,216,3,241,464,0,464,705
02/16/2012,HIO,OR,ANM,WE,Towers with Radar,0,31,57,0,88,0,0,62,0,62,0,31,119,0,150,345,0,345,495
02/17/2012,HIO,OR,ANM,WE,Towers with Radar,0,7,53,0,60,0,0,13,0,13,0,7,66,0,73,58,0,58,131
02/18/2012,HIO,OR,ANM,WE,Towers with Radar,0,4,16,0,20,0,0,58,0,58,0,4,74,0,78,289,0,289,367
02/19/2012,HIO,OR,ANM,WE,Towers with Radar,0,9,29,0,38,0,0,120,0,120,0,9,149,0,158,435,0,435,593
02/20/2012,HIO,OR,ANM,WE,Towers with Radar,0,6,102,1,109,0,0,16,0,16,0,6,118,1,125,137,0,137,262
02/21/2012,HIO,OR,ANM,WE,Towers with Radar,0,23,52,0,75,0,0,115,0,115,0,23,167,0,190,376,0,376,566
02/22/2012,HIO,OR,ANM,WE,Towers with Radar,0,22,42,0,64,0,0,153,0,153,0,22,195,0,217,335,0,335,552
02/23/2012,HIO,OR,ANM,WE,Towers with Radar,0,26,35,1,62,0,0,280,0,280,0,26,315,1,342,407,0,407,749
02/24/2012,HIO,OR,ANM,WE,Towers with Radar,0,20,40,0,60,0,0,202,0,202,0,20,242,0,262,334,0,334,596
02/25/2012,HIO,OR,ANM,WE,Towers with Radar,0,1,14,0,15,0,0,2,0,2,0,1,16,0,17,24,0,24,41
02/26/2012,HIO,OR,ANM,WE,Towers with Radar,0,4,23,0,27,0,0,48,0,48,0,4,71,0,75,193,0,193,268
02/27/2012,HIO,OR,ANM,WE,Towers with Radar,0,25,45,0,70,0,1,280,0,281,0,26,325,0,351,297,0,297,648
02/28/2012,HIO,OR,ANM,WE,Towers with Radar,0,23,26,0,49,0,0,43,0,43,0,23,69,0,92,256,0,256,348
02/29/2012,HIO,OR,ANM,WE,Towers with Radar,0,20,17,0,37,0,0,4,0,4,0,20,21,0,41,23,0,23,64
03/01/2012,HIO,OR,ANM,WE,Towers with Radar,0,24,23,0,47,0,0,56,2,58,0,24,79,2,105,351,0,351,456
03/02/2012,HIO,OR,ANM,WE,Towers with Radar,0,22,41,0,63,0,0,108,0,108,0,22,149,0,171,371,0,371,542
03/03/2012,HIO,OR,ANM,WE,Towers with Radar,0,4,65,0,69,0,0,169,1,170,0,4,234,1,239,460,0,460,699
03/04/2012,HIO,OR,ANM,WE,Towers with Radar,0,7,38,0,45,0,1,149,0,150,0,8,187,0,195,262,0,262,457
03/05/2012,HIO,OR,ANM,WE,Towers with Radar,0,29,27,1,57,0,2,41,1,44,0,31,68,2,101,277,0,277,378
03/06/2012,HIO,OR,ANM,WE,Towers with Radar,0,19,37,0,56,0,1,249,0,250,0,20,286,0,306,485,0,485,791
03/07/2012,HIO,OR,ANM,WE,Towers with Radar,0,26,63,1,90,0,1,280,0,281,0,27,343,1,371,564,0,564,935
03/08/2012,HIO,OR,ANM,WE,Towers with Radar,0,24,79,0,103,0,3,327,0,330,0,27,406,0,433,521,0,521,954
03/09/2012,HIO,OR,ANM,WE,Towers with Radar,0,27,42,0,69,0,2,267,0,269,0,29,309,0,338,503,0,503,841
03/10/2012,HIO,OR,ANM,WE,Towers with Radar,0,3,43,0,46,0,0,67,0,67,0,3,110,0,113,301,0,301,414
03/11/2012,HIO,OR,ANM,WE,Towers with Radar,0,4,13,0,17,0,1,20,0,21,0,5,33,0,38,106,0,106,144
03/12/2012,HIO,OR,ANM,WE,Towers with Radar,0,24,9,0,33,0,0,0,0,0,0,24,9,0,33,0,0,0,33
03/13/2012,HIO,OR,ANM,WE,Towers with Radar,0,22,10,2,34,0,2,25,0,27,0,24,35,2,61,121,0,121,182
03/14/2012,HIO,OR,ANM,WE,Towers with Radar,0,30,16,0,46,0,0,40,0,40,0,30,56,0,86,307,0,307,393
03/15/2012,HIO,OR,ANM,WE,Towers with Radar,0,21,34,0,55,0,1,40,0,41,0,22,74,0,96,172,0,172,268
03/16/2012,HIO,OR,ANM,WE,Towers with Radar,0,24,31,0,55,0,0,157,0,157,0,24,188,0,212,445,0,445,657
03/17/2012,HIO,OR,ANM,WE,Towers with Radar,0,4,17,0,21,0,0,156,0,156,0,4,173,0,177,581,0,581,758
03/18/2012,HIO,OR,ANM,WE,Towers with Radar,0,6,14,0,20,0,0,81,0,81,0,6,95,0,101,339,0,339,440
03/19/2012,HIO,OR,ANM,WE,Towers with Radar,0,18,17,0,35,0,0,70,0,70,0,18,87,0,105,337,0,337,442
03/20/2012,HIO,OR,ANM,WE,Towers with Radar,1,21,18,0,40,0,0,94,0,94,1,21,112,0,134,540,0,540,674
03/21/2012,HIO,OR,ANM,WE,Towers with Radar,0,28,22,0,50,0,0,10,0,10,0,28,32,0,60,331,0,331,391
03/22/2012,HIO,OR,ANM,WE,Towers with Radar,0,25,31,0,56,0,0,83,2,85,0,25,114,2,141,373,0,373,514
03/23/2012,HIO,OR,ANM,WE,Towers with Radar,0,17,51,0,68,0,0,175,0,175,0,17,226,0,243,353,0,353,596
03/24/2012,HIO,OR,ANM,WE,Towers with Radar,0,4,40,0,44,0,0,221,0,221,0,4,261,0,265,493,0,493,758
03/25/2012,HIO,OR,ANM,WE,Towers with Radar,0,9,30,0,39,0,2,199,1,202,0,11,229,1,241,446,0,446,687
03/26/2012,HIO,OR,ANM,WE,Towers with Radar,0,27,39,0,66,0,3,161,2,166,0,30,200,2,232,314,0,314,546
03/27/2012,HIO,OR,ANM,WE,Towers with Radar,0,33,38,0,71,0,0,163,2,165,0,33,201,2,236,598,0,598,834
03/28/2012,HIO,OR,ANM,WE,Towers with Radar,0,22,24,0,46,0,0,76,0,76,0,22,100,0,122,165,0,165,287
03/29/2012,HIO,OR,ANM,WE,Towers with Radar,0,22,20,0,42,0,0,2,0,2,0,22,22,0,44,151,0,151,195
03/30/2012,HIO,OR,ANM,WE,Towers with Radar,0,21,32,0,53,0,0,116,0,116,0,21,148,0,169,532,0,532,701
03/31/2012,HIO,OR,ANM,WE,Towers with Radar,0,3,26,0,29,0,1,110,1,112,0,4,136,1,141,290,0,290,431
04/01/2012,HIO,OR,ANM,WE,Towers with Radar,0,8,24,0,32,0,0,34,1,35,0,8,58,1,67,129,0,129,196
04/02/2012,HIO,OR,ANM,WE,Towers with Radar,0,24,41,0,65,0,0,224,0,224,0,24,265,0,289,505,0,505,794
04/03/2012,HIO,OR,ANM,WE,Towers with Radar,0,21,28,0,49,0,0,109,1,110,0,21,137,1,159,607,0,607,766
04/04/2012,HIO,OR,ANM,WE,Towers with Radar,0,27,19,0,46,0,0,75,0,75,0,27,94,0,121,455,0,455,576
04/05/2012,HIO,OR,ANM,WE,Towers with Radar,0,30,24,0,54,0,2,79,0,81,0,32,103,0,135,340,0,340,475
04/06/2012,HIO,OR,ANM,WE,Towers with Radar,0,26,49,0,75,0,0,196,0,196,0,26,245,0,271,450,0,450,721
04/07/2012,HIO,OR,ANM,WE,Towers with Radar,0,1,19,0,20,0,1,282,0,283,0,2,301,0,303,468,0,468,771
04/08/2012,HIO,OR,ANM,WE,Towers with Radar,0,8,30,0,38,0,2,198,0,200,0,10,228,0,238,224,0,224,462
04/09/2012,HIO,OR,ANM,WE,Towers with Radar,0,16,27,0,43,0,0,222,1,223,0,16,249,1,266,486,0,486,752
04/10/2012,HIO,OR,ANM,WE,Towers with Radar,0,20,44,2,66,0,0,222,0,222,0,20,266,2,288,521,0,521,809
04/11/2012,HIO,OR,ANM,WE,Towers with Radar,0,25,59,2,86,0,0,67,0,67,0,25,126,2,153,400,0,400,553
04/12/2012,HIO,OR,ANM,WE,Towers with Radar,0,25,43,2,70,0,1,111,1,113,0,26,154,3,183,407,0,407,590
04/13/2012,HIO,OR,ANM,WE,Towers with Radar,0,29,59,0,88,0,4,153,0,157,0,33,212,0,245,446,0,446,691
04/14/2012,HIO,OR,ANM,WE,Towers with Radar,0,7,38,0,45,0,0,204,2,206,0,7,242,2,251,456,0,456,707
04/15/2012,HIO,OR,ANM,WE,Towers with Radar,0,5,33,0,38,0,2,193,2,197,0,7,226,2,235,471,0,471,706
04/16/2012,HIO,OR,ANM,WE,Towers with Radar,0,23,49,0,72,0,0,131,0,131,0,23,180,0,203,424,0,424,627
04/17/2012,HIO,OR,ANM,WE,Towers with Radar,0,24,57,0,81,0,0,115,0,115,0,24,172,0,196,464,0,464,660
04/18/2012,HIO,OR,ANM,WE,Towers with Radar,0,25,45,0,70,0,4,178,0,182,0,29,223,0,252,531,0,531,783
04/19/2012,HIO,OR,ANM,WE,Towers with Radar,0,25,65,2,92,0,0,3,0,3,0,25,68,2,95,129,0,129,224
04/20/2012,HIO,OR,ANM,WE,Towers with Radar,0,26,88,1,115,0,0,94,2,96,0,26,182,3,211,372,0,372,583
04/21/2012,HIO,OR,ANM,WE,Towers with Radar,0,14,92,0,106,0,0,201,1,202,0,14,293,1,308,525,0,525,833
04/22/2012,HIO,OR,ANM,WE,Towers with Radar,0,4,19,1,24,9,0,207,1,217,9,4,226,2,241,345,0,345,586
04/23/2012,HIO,OR,ANM,WE,Towers with Radar,0,17,29,0,46,0,0,214,5,219,0,17,243,5,265,470,0,470,735
04/24/2012,HIO,OR,ANM,WE,Towers with Radar,0,26,43,3,72,0,0,132,1,133,0,26,175,4,205,631,0,631,836
04/25/2012,HIO,OR,ANM,WE,Towers with Radar,0,24,45,0,69,0,1,148,0,149,0,25,193,0,218,651,0,651,869
04/26/2012,HIO,OR,ANM,WE,Towers with Radar,0,29,40,0,69,0,6,114,2,122,0,35,154,2,191,425,2,427,618
04/27/2012,HIO,OR,ANM,WE,Towers with Radar,0,17,59,0,76,0,1,152,0,153,0,18,211,0,229,395,0,395,624
04/28/2012,HIO,OR,ANM,WE,Towers with Radar,0,4,65,2,71,0,0,114,0,114,0,4,179,2,185,424,0,424,609
04/29/2012,HIO,OR,ANM,WE,Towers with Radar,0,8,39,0,47,0,0,151,0,151,0,8,190,0,198,407,0,407,605
04/30/2012,HIO,OR,ANM,WE,Towers with Radar,0,19,50,0,69,0,2,74,0,76,0,21,124,0,145,289,0,289,434
05/01/2012,HIO,OR,ANM,WE,Towers with Radar,0,13,13,0,26,0,1,123,2,126,0,14,136,2,152,422,2,424,576
05/02/2012,HIO,OR,ANM,WE,Towers with Radar,0,12,14,0,26,0,0,200,0,200,0,12,214,0,226,661,0,661,887
05/03/2012,HIO,OR,ANM,WE,Towers with Radar,0,22,41,0,63,0,0,6,0,6,0,22,47,0,69,72,0,72,141
05/04/2012,HIO,OR,ANM,WE,Towers with Radar,0,20,37,0,57,0,0,144,1,145,0,20,181,1,202,495,0,495,697
05/05/2012,HIO,OR,ANM,WE,Towers with Radar,0,3,42,0,45,0,0,253,0,253,0,3,295,0,298,624,0,624,922
05/06/2012,HIO,OR,ANM,WE,Towers with Radar,0,5,33,0,38,0,0,228,0,228,0,5,261,0,266,400,0,400,666
05/07/2012,HIO,OR,ANM,WE,Towers with Radar,0,17,28,0,45,0,1,274,0,275,0,18,302,0,320,457,0,457,777
05/08/2012,HIO,OR,ANM,WE,Towers with Radar,0,28,40,0,68,0,2,232,0,234,0,30,272,0,302,430,0,430,732
05/09/2012,HIO,OR,ANM,WE,Towers with Radar,0,21,43,0,64,0,0,205,0,205,0,21,248,0,269,444,0,444,713
05/10/2012,HIO,OR,ANM,WE,Towers with Radar,0,23,41,0,64,0,0,252,1,253,0,23,293,1,317,405,0,405,722
05/11/2012,HIO,OR,ANM,WE,Towers with Radar,0,18,49,0,67,0,3,303,1,307,0,21,352,1,374,498,0,498,872
05/12/2012,HIO,OR,ANM,WE,Towers with Radar,0,4,34,0,38,0,0,258,0,258,0,4,292,0,296,512,0,512,808
05/13/2012,HIO,OR,ANM,WE,Towers with Radar,1,3,28,0,32,0,0,223,0,223,1,3,251,0,255,257,0,257,512
05/14/2012,HIO,OR,ANM,WE,Towers with Radar,0,26,37,0,63,0,2,254,0,256,0,28,291,0,319,348,0,348,667
05/15/2012,HIO,OR,ANM,WE,Towers with Radar,0,20,51,0,71,0,4,248,3,255,0,24,299,3,326,362,0,362,688
05/16/2012,HIO,OR,ANM,WE,Towers with Radar,0,27,34,0,61,0,1,301,0,302,0,28,335,0,363,476,0,476,839
05/17/2012,HIO,OR,ANM,WE,Towers with Radar,0,19,28,0,47,0,0,217,2,219,0,19,245,2,266,434,0,434,700
05/18/2012,HIO,OR,ANM,WE,Towers with Radar,0,24,45,0,69,0,0,281,0,281,0,24,326,0,350,433,0,433,783
05/19/2012,HIO,OR,ANM,WE,Towers with Radar,0,1,18,0,19,0,1,269,0,270,0,2,287,0,289,398,0,398,687
05/20/2012,HIO,OR,ANM,WE,Towers with Radar,0,3,61,0,64,0,0,81,0,81,0,3,142,0,145,311,0,311,456
05/21/2012,HIO,OR,ANM,WE,Towers with Radar,0,17,51,0,68,0,3,50,2,55,0,20,101,2,123,219,0,219,342
05/22/2012,HIO,OR,ANM,WE,Towers with Radar,0,21,36,0,57,0,1,67,2,70,0,22,103,2,127,149,0,149,276
05/23/2012,HIO,OR,ANM,WE,Towers with Radar,0,29,82,0,111,0,3,126,0,129,0,32,208,0,240,356,0,356,596
05/24/2012,HIO,OR,ANM,WE,Towers with Radar,0,27,40,0,67,0,2,49,0,51,0,29,89,0,118,360,0,360,478
05/25/2012,HIO,OR,ANM,WE,Towers with Radar,0,4,48,0,52,0,1,288,0,289,0,5,336,0,341,581,0,581,922
05/26/2012,HIO,OR,ANM,WE,Towers with Radar,0,0,63,0,63,0,0,78,0,78,0,0,141,0,141,256,0,256,397
05/27/2012,HIO,OR,ANM,WE,Towers with Radar,0,4,47,0,51,0,0,109,0,109,0,4,156,0,160,530,0,530,690
05/28/2012,HIO,OR,ANM,WE,Towers with Radar,0,4,39,1,44,0,0,220,1,221,0,4,259,2,265,593,0,593,858
05/29/2012,HIO,OR,ANM,WE,Towers with Radar,0,18,58,0,76,0,0,215,0,215,0,18,273,0,291,526,0,526,817
05/30/2012,HIO,OR,ANM,WE,Towers with Radar,0,21,33,0,54,0,2,246,1,249,0,23,279,1,303,479,7,486,789
05/31/2012,HIO,OR,ANM,WE,Towers with Radar,0,20,79,0,99,0,0,151,1,152,0,20,230,1,251,631,0,631,882
06/01/2012,HIO,OR,ANM,WE,Towers with Radar,0,21,59,0,80,0,3,160,4,167,0,24,219,4,247,498,0,498,745
06/02/2012,HIO,OR,ANM,WE,Towers with Radar,0,2,69,0,71,0,0,137,1,138,0,2,206,1,209,460,0,460,669
06/03/2012,HIO,OR,ANM,WE,Towers with Radar,0,5,32,0,37,0,1,208,0,209,0,6,240,0,246,413,0,413,659
06/04/2012,HIO,OR,ANM,WE,Towers with Radar,0,23,28,0,51,0,0,16,0,16,0,23,44,0,67,225,0,225,292
06/05/2012,HIO,OR,ANM,WE,Towers with Radar,0,22,52,2,76,0,2,130,4,136,0,24,182,6,212,418,0,418,630
06/06/2012,HIO,OR,ANM,WE,Towers with Radar,0,19,51,1,71,0,2,200,0,202,0,21,251,1,273,610,0,610,883
06/07/2012,HIO,OR,ANM,WE,Towers with Radar,0,24,37,0,61,0,1,58,0,59,0,25,95,0,120,121,0,121,241
06/08/2012,HIO,OR,ANM,WE,Towers with Radar,0,24,45,0,69,0,0,74,0,74,0,24,119,0,143,289,0,289,432
06/09/2012,HIO,OR,ANM,WE,Towers with Radar,0,2,57,0,59,0,0,158,0,158,0,2,215,0,217,400,0,400,617
06/10/2012,HIO,OR,ANM,WE,Towers with Radar,0,4,21,0,25,0,0,198,3,201,0,4,219,3,226,452,0,452,678
06/11/2012,HIO,OR,ANM,WE,Towers with Radar,0,22,38,0,60,0,4,223,0,227,0,26,261,0,287,473,0,473,760
06/12/2012,HIO,OR,ANM,WE,Towers with Radar,0,26,83,2,111,0,0,37,0,37,0,26,120,2,148,330,0,330,478
06/13/2012,HIO,OR,ANM,WE,Towers with Radar,0,28,60,0,88,0,0,216,0,216,0,28,276,0,304,429,0,429,733
06/14/2012,HIO,OR,ANM,WE,Towers with Radar,0,26,61,0,87,0,0,247,0,247,0,26,308,0,334,672,0,672,1006
06/15/2012,HIO,OR,ANM,WE,Towers with Radar,0,21,43,0,64,0,3,303,2,308,0,24,346,2,372,636,18,654,1026
06/16/2012,HIO,OR,ANM,WE,Towers with Radar,0,4,29,0,33,0,0,209,0,209,0,4,238,0,242,528,0,528,770
06/17/2012,HIO,OR,ANM,WE,Towers with Radar,0,10,41,0,51,0,0,120,0,120,0,10,161,0,171,298,0,298,469
06/18/2012,HIO,OR,ANM,WE,Towers with Radar,0,19,79,0,98,0,1,139,0,140,0,20,218,0,238,447,0,447,685
06/19/2012,HIO,OR,ANM,WE,Towers with Radar,0,21,49,0,70,0,0,91,0,91,0,21,140,0,161,602,0,602,763
06/20/2012,HIO,OR,ANM,WE,Towers with Radar,0,21,74,2,97,0,0,274,1,275,0,21,348,3,372,412,0,412,784
06/21/2012,HIO,OR,ANM,WE,Towers with Radar,0,22,51,0,73,0,1,293,1,295,0,23,344,1,368,457,0,457,825
06/22/2012,HIO,OR,ANM,WE,Towers with Radar,0,18,53,0,71,0,0,103,0,103,0,18,156,0,174,347,0,347,521
06/23/2012,HIO,OR,ANM,WE,Towers with Radar,0,3,66,1,70,0,0,30,1,31,0,3,96,2,101,252,0,252,353
06/24/2012,HIO,OR,ANM,WE,Towers with Radar,0,4,44,0,48,0,1,113,2,116,0,5,157,2,164,216,0,216,380
06/25/2012,HIO,OR,ANM,WE,Towers with Radar,0,19,55,0,74,0,4,199,0,203,0,23,254,0,277,408,0,408,685
06/26/2012,HIO,OR,ANM,WE,Towers with Radar,0,21,67,0,88,0,0,150,1,151,0,21,217,1,239,259,2,261,500
06/27/2012,HIO,OR,ANM,WE,Towers with Radar,0,28,40,0,68,0,1,282,0,283,0,29,322,0,351,438,0,438,789
06/28/2012,HIO,OR,ANM,WE,Towers with Radar,0,29,52,0,81,0,2,228,0,230,0,31,280,0,311,444,0,444,755
06/29/2012,HIO,OR,ANM,WE,Towers with Radar,0,23,50,0,73,0,2,188,0,190,0,25,238,0,263,465,0,465,728
06/30/2012,HIO,OR,ANM,WE,Towers with Radar,0,3,46,0,49,0,0,87,0,87,0,3,133,0,136,290,0,290,426
07/01/2012,HIO,OR,ANM,WE,Towers with Radar,0,12,61,0,73,0,1,141,0,142,0,13,202,0,215,300,0,300,515
07/02/2012,HIO,OR,ANM,WE,Towers with Radar,0,3,58,1,62,0,2,212,0,214,0,5,270,1,276,308,0,308,584
07/03/2012,HIO,OR,ANM,WE,Towers with Radar,0,2,69,1,72,0,4,194,0,198,0,6,263,1,270,349,0,349,619
07/04/2012,HIO,OR,ANM,WE,Towers with Radar,0,3,26,0,29,0,0,253,2,255,0,3,279,2,284,183,0,183,467
07/05/2012,HIO,OR,ANM,WE,Towers with Radar,0,5,42,1,48,0,0,227,7,234,0,5,269,8,282,359,0,359,641
07/06/2012,HIO,OR,ANM,WE,Towers with Radar,0,10,57,0,67,0,2,270,1,273,0,12,327,1,340,234,0,234,574
07/07/2012,HIO,OR,ANM,WE,Towers with Radar,0,4,32,0,36,0,3,265,0,268,0,7,297,0,304,235,0,235,539
07/08/2012,HIO,OR,ANM,WE,Towers with Radar,0,6,36,0,42,0,0,191,0,191,0,6,227,0,233,249,0,249,482
07/09/2012,HIO,OR,ANM,WE,Towers with Radar,0,25,66,0,91,0,2,223,1,226,0,27,289,1,317,253,0,253,570
07/10/2012,HIO,OR,ANM,WE,Towers with Radar,0,20,48,2,70,0,2,201,2,205,0,22,249,4,275,317,0,317,592
07/11/2012,HIO,OR,ANM,WE,Towers with Radar,0,27,36,1,64,0,0,248,1,249,0,27,284,2,313,265,0,265,578
07/12/2012,HIO,OR,ANM,WE,Towers with Radar,0,24,30,2,56,0,11,239,0,250,0,35,269,2,306,460,0,460,766
07/13/2012,HIO,OR,ANM,WE,Towers with Radar,0,27,58,0,85,0,3,229,0,232,0,30,287,0,317,167,0,167,484
07/14/2012,HIO,OR,ANM,WE,Towers with Radar,0,5,14,0,19,0,0,191,0,191,0,5,205,0,210,448,0,448,658
07/15/2012,HIO,OR,ANM,WE,Towers with Radar,0,7,58,0,65,0,0,104,0,104,0,7,162,0,169,259,0,259,428
07/16/2012,HIO,OR,ANM,WE,Towers with Radar,0,21,42,1,64,0,0,227,0,227,0,21,269,1,291,270,0,270,561
07/17/2012,HIO,OR,ANM,WE,Towers with Radar,0,21,61,0,82,0,2,152,0,154,0,23,213,0,236,390,0,390,626
07/18/2012,HIO,OR,ANM,WE,Towers with Radar,0,22,66,0,88,0,0,112,0,112,0,22,178,0,200,570,0,570,770
07/19/2012,HIO,OR,ANM,WE,Towers with Radar,0,24,49,0,73,0,0,190,0,190,0,24,239,0,263,388,0,388,651
07/20/2012,HIO,OR,ANM,WE,Towers with Radar,0,24,50,0,74,0,0,162,0,162,0,24,212,0,236,394,0,394,630
07/21/2012,HIO,OR,ANM,WE,Towers with Radar,0,3,55,0,58,0,0,222,0,222,0,3,277,0,280,298,0,298,578
07/22/2012,HIO,OR,ANM,WE,Towers with Radar,0,7,60,0,67,0,1,90,0,91,0,8,150,0,158,182,0,182,340
07/23/2012,HIO,OR,ANM,WE,Towers with Radar,0,22,46,0,68,0,2,232,6,240,0,24,278,6,308,406,0,406,714
07/24/2012,HIO,OR,ANM,WE,Towers with Radar,0,25,47,0,72,0,1,126,2,129,0,26,173,2,201,327,0,327,528
07/25/2012,HIO,OR,ANM,WE,Towers with Radar,1,27,74,1,103,0,0,233,1,234,1,27,307,2,337,400,2,402,739
07/26/2012,HIO,OR,ANM,WE,Towers with Radar,0,22,63,0,85,0,0,227,5,232,0,22,290,5,317,463,0,463,780
07/27/2012,HIO,OR,ANM,WE,Towers with Radar,0,21,76,0,97,0,0,148,0,148,0,21,224,0,245,335,0,335,580
07/28/2012,HIO,OR,ANM,WE,Towers with Radar,0,3,55,0,58,0,0,274,0,274,0,3,329,0,332,328,0,328,660
07/29/2012,HIO,OR,ANM,WE,Towers with Radar,0,6,64,0,70,0,0,186,0,186,0,6,250,0,256,225,0,225,481
07/30/2012,HIO,OR,ANM,WE,Towers with Radar,0,27,70,1,98,0,2,147,0,149,0,29,217,1,247,507,0,507,754
07/31/2012,HIO,OR,ANM,WE,Towers with Radar,0,27,50,0,77,0,0,246,0,246,0,27,296,0,323,270,0,270,593
08/01/2012,HIO,OR,ANM,WE,Towers with Radar,0,20,51,0,71,0,1,183,2,186,0,21,234,2,257,386,0,386,643
08/02/2012,HIO,OR,ANM,WE,Towers with Radar,0,28,46,2,76,0,1,195,2,198,0,29,241,4,274,339,0,339,613
08/03/2012,HIO,OR,ANM,WE,Towers with Radar,0,17,29,2,48,2,8,90,20,120,2,25,119,22,168,127,0,127,295
08/04/2012,HIO,OR,ANM,WE,Towers with Radar,1,1,19,0,21,0,1,111,6,118,1,2,130,6,139,135,0,135,274
08/05/2012,HIO,OR,ANM,WE,Towers with Radar,1,0,15,1,17,0,0,104,22,126,1,0,119,23,143,75,0,75,218
08/06/2012,HIO,OR,ANM,WE,Towers with Radar,0,20,55,5,80,0,3,239,1,243,0,23,294,6,323,413,0,413,736
08/07/2012,HIO,OR,ANM,WE,Towers with Radar,0,25,61,0,86,0,1,144,0,145,0,26,205,0,231,381,0,381,612
08/08/2012,HIO,OR,ANM,WE,Towers with Radar,0,21,66,1,88,0,0,205,3,208,0,21,271,4,296,365,1,366,662
08/09/2012,HIO,OR,ANM,WE,Towers with Radar,0,26,37,7,70,0,1,246,4,251,0,27,283,11,321,398,0,398,719
08/10/2012,HIO,OR,ANM,WE,Towers with Radar,0,25,41,0,66,0,0,268,0,268,0,25,309,0,334,386,0,386,720
08/11/2012,HIO,OR,ANM,WE,Towers with Radar,0,4,30,0,34,0,0,205,0,205,0,4,235,0,239,338,0,338,577
08/12/2012,HIO,OR,ANM,WE,Towers with Radar,0,7,45,0,52,0,2,187,0,189,0,9,232,0,241,281,0,281,522
08/13/2012,HIO,OR,ANM,WE,Towers with Radar,0,23,36,2,61,0,0,223,1,224,0,23,259,3,285,276,0,276,561
08/14/2012,HIO,OR,ANM,WE,Towers with Radar,0,23,42,2,67,0,1,233,4,238,0,24,275,6,305,382,0,382,687
08/15/2012,HIO,OR,ANM,WE,Towers with Radar,0,32,43,0,75,0,0,66,0,66,0,32,109,0,141,89,0,89,230
08/16/2012,HIO,OR,ANM,WE,Towers with Radar,0,33,48,0,81,0,0,209,1,210,0,33,257,1,291,346,0,346,637
08/17/2012,HIO,OR,ANM,WE,Towers with Radar,0,26,55,0,81,0,1,267,0,268,0,27,322,0,349,300,0,300,649
08/18/2012,HIO,OR,ANM,WE,Towers with Radar,0,0,46,0,46,0,0,202,0,202,0,0,248,0,248,374,0,374,622
08/19/2012,HIO,OR,ANM,WE,Towers with Radar,0,7,49,0,56,0,0,161,0,161,0,7,210,0,217,231,0,231,448
08/20/2012,HIO,OR,ANM,WE,Towers with Radar,0,22,58,0,80,0,0,307,0,307,0,22,365,0,387,341,0,341,728
08/21/2012,HIO,OR,ANM,WE,Towers with Radar,0,20,58,0,78,0,5,244,1,250,0,25,302,1,328,512,0,512,840
08/22/2012,HIO,OR,ANM,WE,Towers with Radar,0,23,81,0,104,0,0,285,2,287,0,23,366,2,391,517,0,517,908
08/23/2012,HIO,OR,ANM,WE,Towers with Radar,0,25,41,0,66,0,0,229,0,229,0,25,270,0,295,504,0,504,799
08/24/2012,HIO,OR,ANM,WE,Towers with Radar,0,21,64,0,85,0,5,269,2,276,0,26,333,2,361,395,0,395,756
08/25/2012,HIO,OR,ANM,WE,Towers with Radar,0,6,50,0,56,0,0,291,0,291,0,6,341,0,347,479,0,479,826
08/26/2012,HIO,OR,ANM,WE,Towers with Radar,0,7,38,0,45,0,0,173,0,173,0,7,211,0,218,272,0,272,490
08/27/2012,HIO,OR,ANM,WE,Towers with Radar,0,14,52,0,66,0,0,152,0,152,0,14,204,0,218,507,0,507,725
08/28/2012,HIO,OR,ANM,WE,Towers with Radar,0,20,75,0,95,0,2,222,2,226,0,22,297,2,321,494,0,494,815
08/29/2012,HIO,OR,ANM,WE,Towers with Radar,0,18,63,0,81,0,0,260,0,260,0,18,323,0,341,497,0,497,838
08/30/2012,HIO,OR,ANM,WE,Towers with Radar,0,21,76,0,97,0,2,331,2,335,0,23,407,2,432,461,0,461,893
08/31/2012,HIO,OR,ANM,WE,Towers with Radar,0,5,69,0,74,0,1,271,0,272,0,6,340,0,346,460,0,460,806
09/01/2012,HIO,OR,ANM,WE,Towers with Radar,0,8,31,0,39,0,0,265,0,265,0,8,296,0,304,329,0,329,633
09/02/2012,HIO,OR,ANM,WE,Towers with Radar,0,8,44,0,52,0,0,213,0,213,0,8,257,0,265,366,0,366,631
09/03/2012,HIO,OR,ANM,WE,Towers with Radar,0,3,27,0,30,0,1,259,0,260,0,4,286,0,290,153,0,153,443
09/04/2012,HIO,OR,ANM,WE,Towers with Radar,0,17,41,0,58,0,0,293,0,293,0,17,334,0,351,425,0,425,776
09/05/2012,HIO,OR,ANM,WE,Towers with Radar,0,22,55,0,77,0,0,227,0,227,0,22,282,0,304,350,0,350,654
09/06/2012,HIO,OR,ANM,WE,Towers with Radar,0,21,54,0,75,0,2,271,0,273,0,23,325,0,348,290,0,290,638
09/07/2012,HIO,OR,ANM,WE,Towers with Radar,0,19,50,0,69,0,2,238,1,241,0,21,288,1,310,276,0,276,586
09/08/2012,HIO,OR,ANM,WE,Towers with Radar,0,3,37,0,40,0,0,228,0,228,0,3,265,0,268,248,0,248,516
09/09/2012,HIO,OR,ANM,WE,Towers with Radar,0,7,41,0,48,0,0,162,0,162,0,7,203,0,210,275,0,275,485
09/10/2012,HIO,OR,ANM,WE,Towers with Radar,0,19,48,0,67,0,1,252,0,253,0,20,300,0,320,328,0,328,648
09/11/2012,HIO,OR,ANM,WE,Towers with Radar,0,20,41,0,61,0,2,197,0,199,0,22,238,0,260,456,0,456,716
09/12/2012,HIO,OR,ANM,WE,Towers with Radar,0,23,41,1,65,0,0,219,0,219,0,23,260,1,284,399,0,399,683
09/13/2012,HIO,OR,ANM,WE,Towers with Radar,0,25,36,1,62,0,0,278,0,278,0,25,314,1,340,457,0,457,797
09/14/2012,HIO,OR,ANM,WE,Towers with Radar,0,20,57,0,77,0,2,251,0,253,0,22,308,0,330,409,0,409,739
09/15/2012,HIO,OR,ANM,WE,Towers with Radar,0,4,41,0,45,0,0,217,0,217,0,4,258,0,262,332,0,332,594
09/16/2012,HIO,OR,ANM,WE,Towers with Radar,0,8,28,0,36,0,0,240,1,241,0,8,268,1,277,166,0,166,443
09/17/2012,HIO,OR,ANM,WE,Towers with Radar,0,23,49,2,74,0,0,245,5,250,0,23,294,7,324,387,0,387,711
09/18/2012,HIO,OR,ANM,WE,Towers with Radar,0,26,71,0,97,0,1,239,0,240,0,27,310,0,337,429,0,429,766
09/19/2012,HIO,OR,ANM,WE,Towers with Radar,0,24,58,0,82,0,0,162,0,162,0,24,220,0,244,490,0,490,734
09/20/2012,HIO,OR,ANM,WE,Towers with Radar,0,27,67,1,95,0,4,101,3,108,0,31,168,4,203,238,0,238,441
09/21/2012,HIO,OR,ANM,WE,Towers with Radar,0,20,83,0,103,0,0,103,0,103,0,20,186,0,206,401,0,401,607
09/22/2012,HIO,OR,ANM,WE,Towers with Radar,0,1,45,0,46,0,0,320,0,320,0,1,365,0,366,438,0,438,804
09/23/2012,HIO,OR,ANM,WE,Towers with Radar,0,7,27,0,34,0,0,273,0,273,0,7,300,0,307,599,0,599,906
09/24/2012,HIO,OR,ANM,WE,Towers with Radar,0,20,52,0,72,0,1,229,0,230,0,21,281,0,302,496,0,496,798
09/25/2012,HIO,OR,ANM,WE,Towers with Radar,0,27,48,0,75,0,3,242,0,245,0,30,290,0,320,617,0,617,937
09/26/2012,HIO,OR,ANM,WE,Towers with Radar,0,23,43,0,66,0,1,163,1,165,0,24,206,1,231,806,0,806,1037
09/27/2012,HIO,OR,ANM,WE,Towers with Radar,0,21,48,0,69,0,0,283,0,283,0,21,331,0,352,548,0,548,900
09/28/2012,HIO,OR,ANM,WE,Towers with Radar,0,28,44,2,74,0,0,221,0,221,0,28,265,2,295,449,0,449,744
09/29/2012,HIO,OR,ANM,WE,Towers with Radar,0,1,43,0,44,0,1,231,0,232,0,2,274,0,276,357,0,357,633
09/30/2012,HIO,OR,ANM,WE,Towers with Radar,0,6,47,0,53,0,0,203,0,203,0,6,250,0,256,323,0,323,579
10/01/2012,HIO,OR,ANM,WE,Towers with Radar,0,22,44,0,66,0,2,171,0,173,0,24,215,0,239,379,0,379,618
10/02/2012,HIO,OR,ANM,WE,Towers with Radar,0,24,48,0,72,0,1,217,0,218,0,25,265,0,290,541,0,541,831
10/03/2012,HIO,OR,ANM,WE,Towers with Radar,0,22,25,1,48,0,4,78,1,83,0,26,103,2,131,142,0,142,273
10/04/2012,HIO,OR,ANM,WE,Towers with Radar,0,28,46,0,74,0,0,184,0,184,0,28,230,0,258,465,0,465,723
10/05/2012,HIO,OR,ANM,WE,Towers with Radar,0,22,26,0,48,0,3,137,0,140,0,25,163,0,188,202,0,202,390
10/06/2012,HIO,OR,ANM,WE,Towers with Radar,0,6,31,0,37,0,0,144,0,144,0,6,175,0,181,316,0,316,497
10/07/2012,HIO,OR,ANM,WE,Towers with Radar,0,0,19,0,19,0,0,239,0,239,0,0,258,0,258,357,0,357,615
10/08/2012,HIO,OR,ANM,WE,Towers with Radar,0,20,48,0,68,0,3,267,0,270,0,23,315,0,338,498,0,498,836
10/09/2012,HIO,OR,ANM,WE,Towers with Radar,0,27,59,0,86,0,2,138,0,140,0,29,197,0,226,557,0,557,783
10/10/2012,HIO,OR,ANM,WE,Towers with Radar,0,22,49,0,71,0,4,274,1,279,0,26,323,1,350,506,0,506,856
10/11/2012,HIO,OR,ANM,WE,Towers with Radar,0,18,26,1,45,0,2,163,3,168,0,20,189,4,213,296,0,296,509
10/12/2012,HIO,OR,ANM,WE,Towers with Radar,0,25,74,0,99,0,1,9,0,10,0,26,83,0,109,149,0,149,258
10/13/2012,HIO,OR,ANM,WE,Towers with Radar,0,6,49,0,55,0,0,35,0,35,0,6,84,0,90,347,0,347,437
10/14/2012,HIO,OR,ANM,WE,Towers with Radar,0,5,51,0,56,0,0,42,0,42,0,5,93,0,98,130,0,130,228
10/15/2012,HIO,OR,ANM,WE,Towers with Radar,0,21,48,4,73,0,2,11,0,13,0,23,59,4,86,277,0,277,363
10/16/2012,HIO,OR,ANM,WE,Towers with Radar,0,27,49,0,76,0,1,194,0,195,0,28,243,0,271,617,0,617,888
10/17/2012,HIO,OR,ANM,WE,Towers with Radar,0,23,35,2,60,0,0,215,4,219,0,23,250,6,279,537,0,537,816
10/18/2012,HIO,OR,ANM,WE,Towers with Radar,0,21,58,0,79,0,1,241,0,242,0,22,299,0,321,570,0,570,891
10/19/2012,HIO,OR,ANM,WE,Towers with Radar,0,21,65,0,86,0,1,20,0,21,0,22,85,0,107,285,0,285,392
10/20/2012,HIO,OR,ANM,WE,Towers with Radar,0,3,13,0,16,0,1,129,0,130,0,4,142,0,146,357,0,357,503
10/21/2012,HIO,OR,ANM,WE,Towers with Radar,0,7,25,0,32,0,0,28,0,28,0,7,53,0,60,290,0,290,350
10/22/2012,HIO,OR,ANM,WE,Towers with Radar,0,21,13,0,34,0,0,10,0,10,0,21,23,0,44,256,0,256,300
10/23/2012,HIO,OR,ANM,WE,Towers with Radar,0,15,30,2,47,0,2,105,2,109,0,17,135,4,156,605,0,605,761
10/24/2012,HIO,OR,ANM,WE,Towers with Radar,0,23,25,0,48,0,0,102,0,102,0,23,127,0,150,441,0,441,591
10/25/2012,HIO,OR,ANM,WE,Towers with Radar,0,28,61,3,92,0,0,125,2,127,0,28,186,5,219,401,0,401,620
10/26/2012,HIO,OR,ANM,WE,Towers with Radar,0,22,73,0,95,0,0,59,1,60,0,22,132,1,155,442,0,442,597
10/27/2012,HIO,OR,ANM,WE,Towers with Radar,0,4,49,0,53,0,0,1,0,1,0,4,50,0,54,84,0,84,138
10/28/2012,HIO,OR,ANM,WE,Towers with Radar,0,6,41,0,47,0,0,8,0,8,0,6,49,0,55,122,0,122,177
10/29/2012,HIO,OR,ANM,WE,Towers with Radar,0,20,45,2,67,0,0,138,1,139,0,20,183,3,206,468,0,468,674
10/30/2012,HIO,OR,ANM,WE,Towers with Radar,0,27,58,3,88,0,1,38,0,39,0,28,96,3,127,422,0,422,549
10/31/2012,HIO,OR,ANM,WE,Towers with Radar,0,23,45,6,74,0,0,78,0,78,0,23,123,6,152,531,0,531,683
11/01/2012,HIO,OR,ANM,WE,Towers with Radar,0,19,39,3,61,0,0,62,1,63,0,19,101,4,124,399,0,399,523
11/02/2012,HIO,OR,ANM,WE,Towers with Radar,0,21,59,0,80,0,1,124,1,126,0,22,183,1,206,452,0,452,658
11/03/2012,HIO,OR,ANM,WE,Towers with Radar,0,5,61,0,66,0,1,23,0,24,0,6,84,0,90,304,0,304,394
11/04/2012,HIO,OR,ANM,WE,Towers with Radar,0,6,50,0,56,0,2,126,0,128,0,8,176,0,184,498,0,498,682
11/05/2012,HIO,OR,ANM,WE,Towers with Radar,0,18,50,0,68,0,1,154,1,156,0,19,204,1,224,590,0,590,814
11/06/2012,HIO,OR,ANM,WE,Towers with Radar,0,27,79,3,109,0,0,6,0,6,0,27,85,3,115,100,0,100,215
11/07/2012,HIO,OR,ANM,WE,Towers with Radar,0,24,55,5,84,0,0,215,5,220,0,24,270,10,304,560,0,560,864
11/08/2012,HIO,OR,ANM,WE,Towers with Radar,0,25,63,0,88,0,0,90,0,90,0,25,153,0,178,507,0,507,685
11/09/2012,HIO,OR,ANM,WE,Towers with Radar,0,19,30,0,49,0,0,19,0,19,0,19,49,0,68,58,0,58,126
11/10/2012,HIO,OR,ANM,WE,Towers with Radar,0,2,30,0,32,0,0,40,0,40,0,2,70,0,72,207,0,207,279
11/11/2012,HIO,OR,ANM,WE,Towers with Radar,0,0,48,0,48,0,0,68,0,68,0,0,116,0,116,385,0,385,501
11/12/2012,HIO,OR,ANM,WE,Towers with Radar,0,24,73,1,98,0,0,32,0,32,0,24,105,1,130,447,0,447,577
11/13/2012,HIO,OR,ANM,WE,Towers with Radar,0,24,62,0,86,0,0,15,0,15,0,24,77,0,101,242,0,242,343
11/14/2012,HIO,OR,ANM,WE,Towers with Radar,0,24,76,0,100,0,0,58,0,58,0,24,134,0,158,218,0,218,376
11/15/2012,HIO,OR,ANM,WE,Towers with Radar,0,17,51,0,68,0,0,210,0,210,0,17,261,0,278,528,0,528,806
11/16/2012,HIO,OR,ANM,WE,Towers with Radar,0,23,84,0,107,0,0,40,0,40,0,23,124,0,147,114,0,114,261
11/17/2012,HIO,OR,ANM,WE,Towers with Radar,0,4,57,0,61,0,0,23,0,23,0,4,80,0,84,259,0,259,343
11/18/2012,HIO,OR,ANM,WE,Towers with Radar,0,7,35,5,47,0,0,80,2,82,0,7,115,7,129,319,0,319,448
11/19/2012,HIO,OR,ANM,WE,Towers with Radar,0,8,13,0,21,0,0,0,0,0,0,8,13,0,21,0,0,0,21
11/20/2012,HIO,OR,ANM,WE,Towers with Radar,0,3,28,0,31,0,0,55,0,55,0,3,83,0,86,252,0,252,338
11/21/2012,HIO,OR,ANM,WE,Towers with Radar,0,4,23,0,27,0,3,83,0,86,0,7,106,0,113,487,0,487,600
11/22/2012,HIO,OR,ANM,WE,Towers with Radar,0,5,34,0,39,0,0,90,0,90,0,5,124,0,129,117,0,117,246
11/23/2012,HIO,OR,ANM,WE,Towers with Radar,0,3,44,0,47,0,0,10,0,10,0,3,54,0,57,357,0,357,414
11/24/2012,HIO,OR,ANM,WE,Towers with Radar,0,3,54,0,57,0,0,120,0,120,0,3,174,0,177,554,0,554,731
11/25/2012,HIO,OR,ANM,WE,Towers with Radar,0,5,50,0,55,0,1,128,0,129,0,6,178,0,184,411,0,411,595
11/26/2012,HIO,OR,ANM,WE,Towers with Radar,0,22,33,0,55,0,1,229,0,230,0,23,262,0,285,443,0,443,728
11/27/2012,HIO,OR,ANM,WE,Towers with Radar,0,24,39,0,63,0,3,156,2,161,0,27,195,2,224,523,0,523,747
11/28/2012,HIO,OR,ANM,WE,Towers with Radar,0,21,41,2,64,0,0,125,0,125,0,21,166,2,189,595,0,595,784
11/29/2012,HIO,OR,ANM,WE,Towers with Radar,0,25,45,4,74,0,0,71,5,76,0,25,116,9,150,245,0,245,395
11/30/2012,HIO,OR,ANM,WE,Towers with Radar,0,19,29,0,48,0,0,43,0,43,0,19,72,0,91,110,0,110,201
12/01/2012,HIO,OR,ANM,WE,Towers with Radar,0,6,41,0,47,0,0,101,0,101,0,6,142,0,148,370,0,370,518
12/02/2012,HIO,OR,ANM,WE,Towers with Radar,0,6,21,0,27,0,0,56,0,56,0,6,77,0,83,140,0,140,223
12/03/2012,HIO,OR,ANM,WE,Towers with Radar,0,21,48,0,69,0,1,125,0,126,0,22,173,0,195,359,0,359,554
12/04/2012,HIO,OR,ANM,WE,Towers with Radar,0,23,51,2,76,0,0,9,0,9,0,23,60,2,85,280,0,280,365
12/05/2012,HIO,OR,ANM,WE,Towers with Radar,0,29,51,0,80,0,2,173,0,175,0,31,224,0,255,417,0,417,672
12/06/2012,HIO,OR,ANM,WE,Towers with Radar,0,21,45,0,66,0,0,67,0,67,0,21,112,0,133,247,0,247,380
12/07/2012,HIO,OR,ANM,WE,Towers with Radar,0,26,29,2,57,0,0,42,0,42,0,26,71,2,99,368,0,368,467
12/08/2012,HIO,OR,ANM,WE,Towers with Radar,0,2,29,0,31,0,0,99,4,103,0,2,128,4,134,404,0,404,538
12/09/2012,HIO,OR,ANM,WE,Towers with Radar,0,2,49,0,51,0,0,1,0,1,0,2,50,0,52,81,0,81,133
12/10/2012,HIO,OR,ANM,WE,Towers with Radar,0,20,80,0,100,0,0,31,0,31,0,20,111,0,131,353,0,353,484
12/11/2012,HIO,OR,ANM,WE,Towers with Radar,0,26,37,0,63,0,2,32,0,34,0,28,69,0,97,260,0,260,357
12/12/2012,HIO,OR,ANM,WE,Towers with Radar,0,31,43,0,74,0,0,86,0,86,0,31,129,0,160,474,0,474,634
12/13/2012,HIO,OR,ANM,WE,Towers with Radar,0,22,76,0,98,0,0,7,6,13,0,22,83,6,111,84,0,84,195
12/14/2012,HIO,OR,ANM,WE,Towers with Radar,0,24,34,2,60,0,0,50,0,50,0,24,84,2,110,382,0,382,492
12/15/2012,HIO,OR,ANM,WE,Towers with Radar,0,2,25,0,27,0,0,3,0,3,0,2,28,0,30,148,0,148,178
12/16/2012,HIO,OR,ANM,WE,Towers with Radar,0,4,27,0,31,0,0,0,0,0,0,4,27,0,31,64,0,64,95
12/17/2012,HIO,OR,ANM,WE,Towers with Radar,0,23,23,0,46,0,0,52,0,52,0,23,75,0,98,219,0,219,317
12/18/2012,HIO,OR,ANM,WE,Towers with Radar,0,21,20,0,41,0,0,11,0,11,0,21,31,0,52,150,0,150,202
12/19/2012,HIO,OR,ANM,WE,Towers with Radar,0,29,17,0,46,0,0,2,0,2,0,29,19,0,48,0,0,0,48
12/20/2012,HIO,OR,ANM,WE,Towers with Radar,0,30,18,1,49,0,0,19,3,22,0,30,37,4,71,100,0,100,171
12/21/2012,HIO,OR,ANM,WE,Towers with Radar,0,19,30,0,49,0,0,60,0,60,0,19,90,0,109,347,0,347,456
12/22/2012,HIO,OR,ANM,WE,Towers with Radar,0,5,16,0,21,0,0,27,0,27,0,5,43,0,48,100,0,100,148
12/23/2012,HIO,OR,ANM,WE,Towers with Radar,0,0,12,0,12,0,0,19,0,19,0,0,31,0,31,103,0,103,134
12/24/2012,HIO,OR,ANM,WE,Towers with Radar,0,2,14,0,16,0,0,25,0,25,0,2,39,0,41,151,0,151,192
12/25/2012,HIO,OR,ANM,WE,Towers with Radar,0,4,9,0,13,0,0,0,0,0,0,4,9,0,13,0,0,0,13
12/26/2012,HIO,OR,ANM,WE,Towers with Radar,0,6,30,0,36,0,0,2,0,2,0,6,32,0,38,1,0,1,39
12/27/2012,HIO,OR,ANM,WE,Towers with Radar,0,2,40,0,42,0,0,43,0,43,0,2,83,0,85,114,0,114,199
12/28/2012,HIO,OR,ANM,WE,Towers with Radar,0,6,29,0,35,0,0,206,0,206,0,6,235,0,241,493,0,493,734
12/29/2012,HIO,OR,ANM,WE,Towers with Radar,0,2,25,0,27,0,0,107,0,107,0,2,132,0,134,379,0,379,513
12/30/2012,HIO,OR,ANM,WE,Towers with Radar,0,6,32,0,38,0,1,174,0,175,0,7,206,0,213,209,0,209,422
12/31/2012,HIO,OR,ANM,WE,Towers with Radar,0,5,15,0,20,0,0,23,0,23,0,5,38,0,43,161,0,161,204
01/01/2013,HIO,OR,ANM,WE,Towers with Radar,0,5,44,0,49,0,0,162,0,162,0,5,206,0,211,151,0,151,362
01/02/2013,HIO,OR,ANM,WE,Towers with Radar,0,5,22,0,27,0,0,168,1,169,0,5,190,1,196,270,0,270,466
01/03/2013,HIO,OR,ANM,WE,Towers with Radar,0,2,9,0,11,0,0,130,0,130,0,2,139,0,141,189,0,189,330
01/04/2013,HIO,OR,ANM,WE,Towers with Radar,0,2,25,0,27,0,0,17,0,17,0,2,42,0,44,84,0,84,128
01/05/2013,HIO,OR,ANM,WE,Towers with Radar,0,1,39,0,40,0,0,121,0,121,0,1,160,0,161,541,0,541,702
01/06/2013,HIO,OR,ANM,WE,Towers with Radar,0,5,6,0,11,0,0,0,0,0,0,5,6,0,11,55,0,55,66
01/07/2013,HIO,OR,ANM,WE,Towers with Radar,0,2,44,0,46,0,0,26,0,26,0,2,70,0,72,163,0,163,235
01/08/2013,HIO,OR,ANM,WE,Towers with Radar,0,4,31,0,35,0,0,18,0,18,0,4,49,0,53,122,0,122,175
01/09/2013,HIO,OR,ANM,WE,Towers with Radar,0,8,22,0,30,0,2,79,0,81,0,10,101,0,111,391,0,391,502
01/10/2013,HIO,OR,ANM,WE,Towers with Radar,0,4,42,1,47,0,0,17,0,17,0,4,59,1,64,203,0,203,267
01/11/2013,HIO,OR,ANM,WE,Towers with Radar,0,2,32,0,34,0,0,165,0,165,0,2,197,0,199,267,0,267,466
01/12/2013,HIO,OR,ANM,WE,Towers with Radar,0,2,12,0,14,0,0,1,0,1,0,2,13,0,15,0,0,0,15
01/13/2013,HIO,OR,ANM,WE,Towers with Radar,0,2,16,0,18,0,0,0,0,0,0,2,16,0,18,47,0,47,65
01/14/2013,HIO,OR,ANM,WE,Towers with Radar,0,8,29,0,37,0,0,0,0,0,0,8,29,0,37,0,0,0,37
01/15/2013,HIO,OR,ANM,WE,Towers with Radar,0,3,61,0,64,0,0,9,0,9,0,3,70,0,73,143,0,143,216
01/16/2013,HIO,OR,ANM,WE,Towers with Radar,0,5,70,0,75,0,0,2,0,2,0,5,72,0,77,0,0,0,77
01/17/2013,HIO,OR,ANM,WE,Towers with Radar,0,1,67,0,68,0,4,135,0,139,0,5,202,0,207,302,0,302,509
01/18/2013,HIO,OR,ANM,WE,Towers with Radar,0,4,39,0,43,0,0,118,0,118,0,4,157,0,161,203,0,203,364
01/19/2013,HIO,OR,ANM,WE,Towers with Radar,0,1,22,0,23,0,2,7,0,9,0,3,29,0,32,8,0,8,40
01/20/2013,HIO,OR,ANM,WE,Towers with Radar,0,2,19,0,21,0,0,99,0,99,0,2,118,0,120,168,0,168,288
01/21/2013,HIO,OR,ANM,WE,Towers with Radar,0,6,46,0,52,0,1,151,0,152,0,7,197,0,204,450,0,450,654
01/22/2013,HIO,OR,ANM,WE,Towers with Radar,0,9,43,3,55,0,2,168,8,178,0,11,211,11,233,569,0,569,802
01/23/2013,HIO,OR,ANM,WE,Towers with Radar,0,6,39,0,45,0,1,25,0,26,0,7,64,0,71,243,0,243,314
01/24/2013,HIO,OR,ANM,WE,Towers with Radar,0,3,62,0,65,0,0,2,0,2,0,3,64,0,67,18,0,18,85
01/25/2013,HIO,OR,ANM,WE,Towers with Radar,0,6,49,0,55,0,0,0,0,0,0,6,49,0,55,14,0,14,69
01/26/2013,HIO,OR,ANM,WE,Towers with Radar,0,2,14,0,16,0,0,66,0,66,0,2,80,0,82,282,0,282,364
01/27/2013,HIO,OR,ANM,WE,Towers with Radar,0,1,13,0,14,0,0,10,0,10,0,1,23,0,24,150,0,150,174
01/28/2013,HIO,OR,ANM,WE,Towers with Radar,0,5,36,1,42,0,0,45,1,46,0,5,81,2,88,298,0,298,386
01/29/2013,HIO,OR,ANM,WE,Towers with Radar,0,5,60,0,65,0,0,24,0,24,0,5,84,0,89,210,0,210,299
01/30/2013,HIO,OR,ANM,WE,Towers with Radar,0,6,72,0,78,0,0,51,0,51,0,6,123,0,129,318,0,318,447
01/31/2013,HIO,OR,ANM,WE,Towers with Radar,0,9,57,0,66,0,0,43,0,43,0,9,100,0,109,270,0,270,379
02/01/2013,HIO,OR,ANM,WE,Towers with Radar,0,6,81,0,87,0,0,196,0,196,0,6,277,0,283,372,0,372,655
02/02/2013,HIO,OR,ANM,WE,Towers with Radar,0,2,32,0,34,0,1,256,0,257,0,3,288,0,291,405,0,405,696
02/03/2013,HIO,OR,ANM,WE,Towers with Radar,0,0,35,0,35,0,0,1,0,1,0,0,36,0,36,16,0,16,52
02/04/2013,HIO,OR,ANM,WE,Towers with Radar,0,9,59,0,68,0,1,90,0,91,0,10,149,0,159,331,0,331,490
02/05/2013,HIO,OR,ANM,WE,Towers with Radar,0,1,48,1,50,0,0,59,0,59,0,1,107,1,109,418,0,418,527
02/06/2013,HIO,OR,ANM,WE,Towers with Radar,0,3,40,0,43,0,0,114,17,131,0,3,154,17,174,501,0,501,675
02/07/2013,HIO,OR,ANM,WE,Towers with Radar,0,6,57,0,63,0,0,98,0,98,0,6,155,0,161,243,0,243,404
02/08/2013,HIO,OR,ANM,WE,Towers with Radar,0,8,59,0,67,0,2,224,0,226,0,10,283,0,293,477,0,477,770
02/09/2013,HIO,OR,ANM,WE,Towers with Radar,0,8,12,0,20,0,0,4,0,4,0,8,16,0,24,73,0,73,97
02/10/2013,HIO,OR,ANM,WE,Towers with Radar,0,3,53,0,56,0,0,108,0,108,0,3,161,0,164,374,0,374,538
02/11/2013,HIO,OR,ANM,WE,Towers with Radar,0,5,73,2,80,0,0,121,0,121,0,5,194,2,201,557,0,557,758
02/12/2013,HIO,OR,ANM,WE,Towers with Radar,0,4,73,2,79,0,1,69,0,70,0,5,142,2,149,404,4,408,557
02/13/2013,HIO,OR,ANM,WE,Towers with Radar,0,5,73,2,80,0,0,110,0,110,0,5,183,2,190,383,0,383,573
02/14/2013,HIO,OR,ANM,WE,Towers with Radar,0,5,69,0,74,0,0,147,0,147,0,5,216,0,221,478,0,478,699
02/15/2013,HIO,OR,ANM,WE,Towers with Radar,0,8,46,0,54,0,3,231,0,234,0,11,277,0,288,469,0,469,757
02/16/2013,HIO,OR,ANM,WE,Towers with Radar,0,3,28,0,31,0,0,59,0,59,0,3,87,0,90,197,0,197,287
02/17/2013,HIO,OR,ANM,WE,Towers with Radar,0,5,25,0,30,0,0,171,16,187,0,5,196,16,217,461,0,461,678
02/18/2013,HIO,OR,ANM,WE,Towers with Radar,0,7,38,0,45,0,1,105,0,106,0,8,143,0,151,400,0,400,551
02/19/2013,HIO,OR,ANM,WE,Towers with Radar,0,4,52,1,57,0,0,220,0,220,0,4,272,1,277,430,0,430,707
02/20/2013,HIO,OR,ANM,WE,Towers with Radar,0,2,51,4,57,0,0,147,0,147,0,2,198,4,204,503,0,503,707
02/21/2013,HIO,OR,ANM,WE,Towers with Radar,0,3,31,3,37,0,1,63,0,64,0,4,94,3,101,298,0,298,399
02/22/2013,HIO,OR,ANM,WE,Towers with Radar,0,4,30,0,34,0,0,16,0,16,0,4,46,0,50,48,0,48,98
02/23/2013,HIO,OR,ANM,WE,Towers with Radar,0,2,18,0,20,0,0,54,0,54,0,2,72,0,74,317,0,317,391
02/24/2013,HIO,OR,ANM,WE,Towers with Radar,0,1,30,0,31,0,1,159,0,160,0,2,189,0,191,377,0,377,568
02/25/2013,HIO,OR,ANM,WE,Towers with Radar,0,5,36,0,41,0,0,82,0,82,0,5,118,0,123,335,0,335,458
02/26/2013,HIO,OR,ANM,WE,Towers with Radar,0,3,71,8,82,0,1,113,1,115,0,4,184,9,197,220,0,220,417
02/27/2013,HIO,OR,ANM,WE,Towers with Radar,0,5,50,1,56,0,1,100,2,103,0,6,150,3,159,541,0,541,700
02/28/2013,HIO,OR,ANM,WE,Towers with Radar,0,11,57,4,72,0,1,33,3,37,0,12,90,7,109,325,0,325,434
03/01/2013,HIO,OR,ANM,WE,Towers with Radar,0,5,57,0,62,0,0,196,1,197,0,5,253,1,259,577,0,577,836
03/02/2013,HIO,OR,ANM,WE,Towers with Radar,0,4,53,0,57,0,0,162,0,162,0,4,215,0,219,588,0,588,807
03/03/2013,HIO,OR,ANM,WE,Towers with Radar,0,3,31,0,34,0,0,117,0,117,0,3,148,0,151,322,0,322,473
03/04/2013,HIO,OR,ANM,WE,Towers with Radar,0,7,57,0,64,0,0,204,0,204,0,7,261,0,268,497,0,497,765
03/05/2013,HIO,OR,ANM,WE,Towers with Radar,0,6,32,0,38,0,0,46,0,46,0,6,78,0,84,343,0,343,427
03/06/2013,HIO,OR,ANM,WE,Towers with Radar,0,4,49,0,53,0,0,21,0,21,0,4,70,0,74,158,0,158,232
03/07/2013,HIO,OR,ANM,WE,Towers with Radar,0,2,51,0,53,0,0,245,0,245,0,2,296,0,298,484,0,484,782
03/08/2013,HIO,OR,ANM,WE,Towers with Radar,0,5,54,0,59,0,0,207,0,207,0,5,261,0,266,473,0,473,739
03/09/2013,HIO,OR,ANM,WE,Towers with Radar,0,7,36,0,43,0,0,225,1,226,0,7,261,1,269,489,0,489,758
03/10/2013,HIO,OR,ANM,WE,Towers with Radar,0,0,30,0,30,0,0,148,0,148,0,0,178,0,178,281,0,281,459
03/11/2013,HIO,OR,ANM,WE,Towers with Radar,0,3,61,0,64,0,0,70,0,70,0,3,131,0,134,492,0,492,626
03/12/2013,HIO,OR,ANM,WE,Towers with Radar,0,0,69,0,69,0,0,80,0,80,0,0,149,0,149,247,0,247,396
03/13/2013,HIO,OR,ANM,WE,Towers with Radar,0,11,65,0,76,0,0,200,0,200,0,11,265,0,276,533,0,533,809
03/14/2013,HIO,OR,ANM,WE,Towers with Radar,0,4,64,0,68,0,0,142,0,142,0,4,206,0,210,389,0,389,599
03/15/2013,HIO,OR,ANM,WE,Towers with Radar,0,5,61,0,66,0,0,165,0,165,0,5,226,0,231,555,0,555,786
03/16/2013,HIO,OR,ANM,WE,Towers with Radar,0,4,25,0,29,0,0,55,0,55,0,4,80,0,84,329,0,329,413
03/17/2013,HIO,OR,ANM,WE,Towers with Radar,0,4,18,0,22,0,1,136,0,137,0,5,154,0,159,281,0,281,440
03/18/2013,HIO,OR,ANM,WE,Towers with Radar,0,4,63,0,67,0,1,170,1,172,0,5,233,1,239,491,0,491,730
03/19/2013,HIO,OR,ANM,WE,Towers with Radar,0,14,62,2,78,0,0,97,0,97,0,14,159,2,175,378,0,378,553
03/20/2013,HIO,OR,ANM,WE,Towers with Radar,0,8,37,0,45,0,0,20,0,20,0,8,57,0,65,75,0,75,140
03/21/2013,HIO,OR,ANM,WE,Towers with Radar,0,8,44,0,52,0,0,101,0,101,0,8,145,0,153,350,0,350,503
03/22/2013,HIO,OR,ANM,WE,Towers with Radar,0,6,33,0,39,0,1,74,0,75,0,7,107,0,114,227,0,227,341
03/23/2013,HIO,OR,ANM,WE,Towers with Radar,0,2,41,1,44,0,1,219,4,224,0,3,260,5,268,495,10,505,773
03/24/2013,HIO,OR,ANM,WE,Towers with Radar,0,4,37,0,41,0,2,208,0,210,0,6,245,0,251,273,0,273,524
03/25/2013,HIO,OR,ANM,WE,Towers with Radar,0,10,49,0,59,0,3,215,0,218,0,13,264,0,277,460,0,460,737
03/26/2013,HIO,OR,ANM,WE,Towers with Radar,0,5,55,0,60,0,1,93,2,96,0,6,148,2,156,384,0,384,540
03/27/2013,HIO,OR,ANM,WE,Towers with Radar,0,1,65,0,66,0,0,135,0,135,0,1,200,0,201,449,0,449,650
03/28/2013,HIO,OR,ANM,WE,Towers with Radar,0,10,54,0,64,0,0,134,0,134,0,10,188,0,198,365,0,365,563
03/29/2013,HIO,OR,ANM,WE,Towers with Radar,0,8,53,0,61,0,1,224,0,225,0,9,277,0,286,557,0,557,843
03/30/2013,HIO,OR,ANM,WE,Towers with Radar,0,6,23,0,29,0,1,259,0,260,0,7,282,0,289,641,1,642,931
03/31/2013,HIO,OR,ANM,WE,Towers with Radar,0,5,23,0,28,0,0,179,0,179,0,5,202,0,207,246,0,246,453
04/01/2013,HIO,OR,ANM,WE,Towers with Radar,0,4,69,0,73,0,0,136,0,136,0,4,205,0,209,471,0,471,680
04/02/2013,HIO,OR,ANM,WE,Towers with Radar,0,0,80,0,80,0,2,137,1,140,0,2,217,1,220,523,0,523,743
04/03/2013,HIO,OR,ANM,WE,Towers with Radar,0,12,69,0,81,0,0,117,0,117,0,12,186,0,198,184,0,184,382
04/04/2013,HIO,OR,ANM,WE,Towers with Radar,0,8,59,2,69,0,3,26,0,29,0,11,85,2,98,186,0,186,284
04/05/2013,HIO,OR,ANM,WE,Towers with Radar,0,0,66,0,66,0,0,61,0,61,0,0,127,0,127,283,0,283,410
04/06/2013,HIO,OR,ANM,WE,Towers with Radar,0,0,24,0,24,0,0,64,0,64,0,0,88,0,88,122,0,122,210
04/07/2013,HIO,OR,ANM,WE,Towers with Radar,0,5,13,0,18,0,0,34,0,34,0,5,47,0,52,126,0,126,178
04/08/2013,HIO,OR,ANM,WE,Towers with Radar,0,4,56,0,60,0,0,147,0,147,0,4,203,0,207,357,0,357,564
04/09/2013,HIO,OR,ANM,WE,Towers with Radar,0,6,56,0,62,0,0,192,1,193,0,6,248,1,255,421,0,421,676
04/10/2013,HIO,OR,ANM,WE,Towers with Radar,0,3,60,1,64,0,0,66,0,66,0,3,126,1,130,303,0,303,433
04/11/2013,HIO,OR,ANM,WE,Towers with Radar,0,6,67,0,73,0,2,229,0,231,0,8,296,0,304,533,0,533,837
04/12/2013,HIO,OR,ANM,WE,Towers with Radar,0,7,64,0,71,0,2,214,1,217,0,9,278,1,288,630,0,630,918
04/13/2013,HIO,OR,ANM,WE,Towers with Radar,0,3,15,0,18,0,0,90,0,90,0,3,105,0,108,168,0,168,276
04/14/2013,HIO,OR,ANM,WE,Towers with Radar,0,3,10,0,13,0,0,40,0,40,0,3,50,0,53,217,0,217,270
04/15/2013,HIO,OR,ANM,WE,Towers with Radar,0,3,48,0,51,0,0,253,0,253,0,3,301,0,304,574,0,574,878
04/16/2013,HIO,OR,ANM,WE,Towers with Radar,0,2,61,0,63,0,0,221,1,222,0,2,282,1,285,534,0,534,819
04/17/2013,HIO,OR,ANM,WE,Towers with Radar,0,5,65,6,76,0,0,208,0,208,0,5,273,6,284,567,0,567,851
04/18/2013,HIO,OR,ANM,WE,Towers with Radar,0,6,65,0,71,0,0,111,0,111,0,6,176,0,182,612,0,612,794
04/19/2013,HIO,OR,ANM,WE,Towers with Radar,0,6,70,0,76,0,0,93,0,93,0,6,163,0,169,389,0,389,558
04/20/2013,HIO,OR,ANM,WE,Towers with Radar,0,3,37,0,40,0,1,231,0,232,0,4,268,0,272,585,0,585,857
04/21/2013,HIO,OR,ANM,WE,Towers with Radar,0,9,32,0,41,0,0,92,0,92,0,9,124,0,133,390,0,390,523
04/22/2013,HIO,OR,ANM,WE,Towers with Radar,0,5,47,0,52,0,0,222,0,222,0,5,269,0,274,516,0,516,790
04/23/2013,HIO,OR,ANM,WE,Towers with Radar,0,5,54,0,59,0,1,258,1,260,0,6,312,1,319,528,0,528,847
04/24/2013,HIO,OR,ANM,WE,Towers with Radar,0,7,41,0,48,0,6,230,2,238,0,13,271,2,286,575,0,575,861
04/25/2013,HIO,OR,ANM,WE,Towers with Radar,0,8,57,0,65,0,1,204,0,205,0,9,261,0,270,534,0,534,804
04/26/2013,HIO,OR,ANM,WE,Towers with Radar,0,4,55,0,59,0,2,224,0,226,0,6,279,0,285,570,0,570,855
04/27/2013,HIO,OR,ANM,WE,Towers with Radar,0,7,17,0,24,0,0,180,0,180,0,7,197,0,204,475,0,475,679
04/28/2013,HIO,OR,ANM,WE,Towers with Radar,0,7,33,0,40,0,1,147,0,148,0,8,180,0,188,313,0,313,501
04/29/2013,HIO,OR,ANM,WE,Towers with Radar,0,5,47,0,52,0,0,133,0,133,0,5,180,0,185,366,0,366,551
04/30/2013,HIO,OR,ANM,WE,Towers with Radar,0,8,51,1,60,0,0,163,2,165,0,8,214,3,225,518,0,518,743
05/01/2013,HIO,OR,ANM,WE,Towers with Radar,0,29,41,1,71,0,2,311,4,317,0,31,352,5,388,569,0,569,957
05/02/2013,HIO,OR,ANM,WE,Towers with Radar,0,29,40,1,70,0,0,262,0,262,0,29,302,1,332,621,0,621,953
05/03/2013,HIO,OR,ANM,WE,Towers with Radar,0,23,32,0,55,0,0,255,0,255,0,23,287,0,310,601,0,601,911
05/04/2013,HIO,OR,ANM,WE,Towers with Radar,0,3,26,0,29,0,0,224,0,224,0,3,250,0,253,326,0,326,579
05/05/2013,HIO,OR,ANM,WE,Towers with Radar,0,5,16,0,21,0,0,106,7,113,0,5,122,7,134,102,0,102,236
05/06/2013,HIO,OR,ANM,WE,Towers with Radar,0,23,29,0,52,0,0,250,2,252,0,23,279,2,304,605,0,605,909
05/07/2013,HIO,OR,ANM,WE,Towers with Radar,0,18,41,0,59,0,0,213,0,213,0,18,254,0,272,550,0,550,822
05/08/2013,HIO,OR,ANM,WE,Towers with Radar,0,16,64,0,80,0,0,134,0,134,0,16,198,0,214,532,0,532,746
05/09/2013,HIO,OR,ANM,WE,Towers with Radar,0,28,39,0,67,0,0,262,1,263,0,28,301,1,330,563,0,563,893
05/10/2013,HIO,OR,ANM,WE,Towers with Radar,0,29,30,0,59,0,0,249,0,249,0,29,279,0,308,614,0,614,922
05/11/2013,HIO,OR,ANM,WE,Towers with Radar,0,5,17,0,22,0,0,242,0,242,0,5,259,0,264,396,0,396,660
05/12/2013,HIO,OR,ANM,WE,Towers with Radar,0,7,40,0,47,0,0,77,0,77,0,7,117,0,124,343,0,343,467
05/13/2013,HIO,OR,ANM,WE,Towers with Radar,0,18,21,0,39,0,1,59,2,62,0,19,80,2,101,277,0,277,378
05/14/2013,HIO,OR,ANM,WE,Towers with Radar,0,26,35,0,61,0,0,240,1,241,0,26,275,1,302,475,0,475,777
05/15/2013,HIO,OR,ANM,WE,Towers with Radar,0,23,71,3,97,0,1,79,0,80,0,24,150,3,177,313,0,313,490
05/16/2013,HIO,OR,ANM,WE,Towers with Radar,0,18,41,0,59,0,0,46,0,46,0,18,87,0,105,370,0,370,475
05/17/2013,HIO,OR,ANM,WE,Towers with Radar,0,17,39,0,56,0,0,146,0,146,0,17,185,0,202,367,0,367,569
05/18/2013,HIO,OR,ANM,WE,Towers with Radar,0,9,79,0,88,0,2,33,0,35,0,11,112,0,123,253,0,253,376
05/19/2013,HIO,OR,ANM,WE,Towers with Radar,0,6,29,0,35,0,0,173,0,173,0,6,202,0,208,607,0,607,815
05/20/2013,HIO,OR,ANM,WE,Towers with Radar,0,24,42,4,70,0,0,243,0,243,0,24,285,4,313,646,0,646,959
05/21/2013,HIO,OR,ANM,WE,Towers with Radar,0,20,34,0,54,0,1,21,0,22,0,21,55,0,76,260,0,260,336
05/22/2013,HIO,OR,ANM,WE,Towers with Radar,0,28,44,0,72,0,0,5,0,5,0,28,49,0,77,137,0,137,214
05/23/2013,HIO,OR,ANM,WE,Towers with Radar,0,20,48,0,68,0,0,16,0,16,0,20,64,0,84,499,0,499,583
05/24/2013,HIO,OR,ANM,WE,Towers with Radar,0,4,56,0,60,0,0,85,0,85,0,4,141,0,145,476,0,476,621
05/25/2013,HIO,OR,ANM,WE,Towers with Radar,0,2,44,0,46,0,0,181,1,182,0,2,225,1,228,551,0,551,779
05/26/2013,HIO,OR,ANM,WE,Towers with Radar,0,4,31,0,35,0,0,98,0,98,0,4,129,0,133,422,0,422,555
05/27/2013,HIO,OR,ANM,WE,Towers with Radar,0,3,53,0,56,0,1,36,0,37,0,4,89,0,93,123,0,123,216
05/28/2013,HIO,OR,ANM,WE,Towers with Radar,0,21,52,0,73,0,0,116,1,117,0,21,168,1,190,351,0,351,541
05/29/2013,HIO,OR,ANM,WE,Towers with Radar,0,23,32,2,57,0,0,87,24,111,0,23,119,26,168,201,0,201,369
05/30/2013,HIO,OR,ANM,WE,Towers with Radar,0,26,45,4,75,0,1,148,2,151,0,27,193,6,226,766,0,766,992
05/31/2013,HIO,OR,ANM,WE,Towers with Radar,0,27,53,0,80,0,2,304,2,308,0,29,357,2,388,680,0,680,1068
06/01/2013,HIO,OR,ANM,WE,Towers with Radar,0,4,26,0,30,0,1,254,0,255,0,5,280,0,285,454,0,454,739
06/02/2013,HIO,OR,ANM,WE,Towers with Radar,0,3,38,0,41,0,1,179,0,180,0,4,217,0,221,360,0,360,581
06/03/2013,HIO,OR,ANM,WE,Towers with Radar,0,16,38,2,56,0,0,253,3,256,0,16,291,5,312,571,0,571,883
06/04/2013,HIO,OR,ANM,WE,Towers with Radar,0,17,42,6,65,0,1,247,5,253,0,18,289,11,318,484,0,484,802
06/05/2013,HIO,OR,ANM,WE,Towers with Radar,0,14,53,2,69,0,1,268,0,269,0,15,321,2,338,368,0,368,706
06/06/2013,HIO,OR,ANM,WE,Towers with Radar,0,15,39,0,54,0,0,282,2,284,0,15,321,2,338,494,0,494,832
06/07/2013,HIO,OR,ANM,WE,Towers with Radar,0,20,60,0,80,0,0,266,3,269,0,20,326,3,349,516,0,516,865
06/08/2013,HIO,OR,ANM,WE,Towers with Radar,0,3,36,0,39,0,2,266,0,268,0,5,302,0,307,480,0,480,787
06/09/2013,HIO,OR,ANM,WE,Towers with Radar,0,4,27,0,31,0,2,200,0,202,0,6,227,0,233,453,0,453,686
06/10/2013,HIO,OR,ANM,WE,Towers with Radar,0,16,44,0,60,0,0,226,0,226,0,16,270,0,286,415,0,415,701
06/11/2013,HIO,OR,ANM,WE,Towers with Radar,0,15,55,0,70,0,0,198,1,199,0,15,253,1,269,555,0,555,824
06/12/2013,HIO,OR,ANM,WE,Towers with Radar,0,13,65,1,79,0,1,133,2,136,0,14,198,3,215,693,0,693,908
06/13/2013,HIO,OR,ANM,WE,Towers with Radar,0,22,45,1,68,0,0,47,2,49,0,22,92,3,117,139,0,139,256
06/14/2013,HIO,OR,ANM,WE,Towers with Radar,0,18,63,0,81,0,0,184,0,184,0,18,247,0,265,460,0,460,725
06/15/2013,HIO,OR,ANM,WE,Towers with Radar,0,7,37,1,45,0,1,280,11,292,0,8,317,12,337,384,0,384,721
06/16/2013,HIO,OR,ANM,WE,Towers with Radar,0,0,51,0,51,0,0,138,10,148,0,0,189,10,199,294,0,294,493
06/17/2013,HIO,OR,ANM,WE,Towers with Radar,0,13,42,0,55,0,0,227,0,227,0,13,269,0,282,534,0,534,816
06/18/2013,HIO,OR,ANM,WE,Towers with Radar,0,14,56,0,70,0,0,135,0,135,0,14,191,0,205,469,0,469,674
06/19/2013,HIO,OR,ANM,WE,Towers with Radar,0,19,55,1,75,0,0,223,0,223,0,19,278,1,298,567,0,567,865
06/20/2013,HIO,OR,ANM,WE,Towers with Radar,0,23,62,1,86,0,1,215,0,216,0,24,277,1,302,599,0,599,901
06/21/2013,HIO,OR,ANM,WE,Towers with Radar,0,16,58,0,74,0,0,218,1,219,0,16,276,1,293,624,0,624,917
06/22/2013,HIO,OR,ANM,WE,Towers with Radar,0,4,39,0,43,0,0,277,0,277,0,4,316,0,320,517,0,517,837
06/23/2013,HIO,OR,ANM,WE,Towers with Radar,0,6,54,0,60,0,0,117,0,117,0,6,171,0,177,321,0,321,498
06/24/2013,HIO,OR,ANM,WE,Towers with Radar,0,17,56,0,73,0,0,89,0,89,0,17,145,0,162,351,0,351,513
06/25/2013,HIO,OR,ANM,WE,Towers with Radar,0,20,73,0,93,0,0,53,1,54,0,20,126,1,147,366,0,366,513
06/26/2013,HIO,OR,ANM,WE,Towers with Radar,0,15,78,1,94,0,0,115,0,115,0,15,193,1,209,472,0,472,681
06/27/2013,HIO,OR,ANM,WE,Towers with Radar,0,18,65,1,84,0,1,317,3,321,0,19,382,4,405,483,0,483,888
06/28/2013,HIO,OR,ANM,WE,Towers with Radar,0,17,47,2,66,0,2,275,1,278,0,19,322,3,344,493,0,493,837
06/29/2013,HIO,OR,ANM,WE,Towers with Radar,0,1,14,0,15,0,0,233,0,233,0,1,247,0,248,235,0,235,483
06/30/2013,HIO,OR,ANM,WE,Towers with Radar,0,3,21,0,24,0,0,219,1,220,0,3,240,1,244,301,0,301,545
07/01/2013,HIO,OR,ANM,WE,Towers with Radar,0,3,35,0,38,0,0,246,0,246,0,3,281,0,284,439,0,439,723
07/02/2013,HIO,OR,ANM,WE,Towers with Radar,0,4,42,2,48,0,1,280,2,283,0,5,322,4,331,605,0,605,936
07/03/2013,HIO,OR,ANM,WE,Towers with Radar,0,5,49,0,54,0,0,314,0,314,0,5,363,0,368,640,0,640,1008
07/04/2013,HIO,OR,ANM,WE,Towers with Radar,0,0,18,0,18,0,0,179,0,179,0,0,197,0,197,144,0,144,341
07/05/2013,HIO,OR,ANM,WE,Towers with Radar,0,9,50,0,59,0,0,193,0,193,0,9,243,0,252,596,0,596,848
07/06/2013,HIO,OR,ANM,WE,Towers with Radar,0,9,35,0,44,0,0,278,0,278,0,9,313,0,322,501,0,501,823
07/07/2013,HIO,OR,ANM,WE,Towers with Radar,0,2,38,0,40,0,0,225,0,225,0,2,263,0,265,470,0,470,735
07/08/2013,HIO,OR,ANM,WE,Towers with Radar,0,18,36,1,55,0,0,239,2,241,0,18,275,3,296,607,0,607,903
07/09/2013,HIO,OR,ANM,WE,Towers with Radar,0,15,42,2,59,0,0,271,0,271,0,15,313,2,330,611,3,614,944
07/10/2013,HIO,OR,ANM,WE,Towers with Radar,0,21,58,2,81,0,1,273,0,274,0,22,331,2,355,547,0,547,902
07/11/2013,HIO,OR,ANM,WE,Towers with Radar,0,19,49,0,68,0,2,209,1,212,0,21,258,1,280,533,0,533,813
07/12/2013,HIO,OR,ANM,WE,Towers with Radar,0,14,53,0,67,0,0,226,0,226,0,14,279,0,293,608,0,608,901
07/13/2013,HIO,OR,ANM,WE,Towers with Radar,0,5,30,0,35,0,0,213,0,213,0,5,243,0,248,358,0,358,606
07/14/2013,HIO,OR,ANM,WE,Towers with Radar,0,2,30,0,32,0,0,168,0,168,0,2,198,0,200,427,0,427,627
07/15/2013,HIO,OR,ANM,WE,Towers with Radar,0,16,39,0,55,0,1,218,0,219,0,17,257,0,274,712,0,712,986
07/16/2013,HIO,OR,ANM,WE,Towers with Radar,0,20,46,0,66,0,0,195,0,195,0,20,241,0,261,519,0,519,780
07/17/2013,HIO,OR,ANM,WE,Towers with Radar,0,19,66,0,85,0,0,164,2,166,0,19,230,2,251,735,0,735,986
07/18/2013,HIO,OR,ANM,WE,Towers with Radar,0,21,42,0,63,0,0,249,2,251,0,21,291,2,314,488,0,488,802
07/19/2013,HIO,OR,ANM,WE,Towers with Radar,0,16,43,0,59,0,0,210,0,210,0,16,253,0,269,521,0,521,790
07/20/2013,HIO,OR,ANM,WE,Towers with Radar,0,7,55,0,62,0,0,159,0,159,0,7,214,0,221,460,0,460,681
07/21/2013,HIO,OR,ANM,WE,Towers with Radar,0,8,40,0,48,0,0,195,0,195,0,8,235,0,243,499,0,499,742
07/22/2013,HIO,OR,ANM,WE,Towers with Radar,0,19,52,1,72,0,1,236,0,237,0,20,288,1,309,510,0,510,819
07/23/2013,HIO,OR,ANM,WE,Towers with Radar,0,11,32,0,43,0,0,254,0,254,0,11,286,0,297,680,0,680,977
07/24/2013,HIO,OR,ANM,WE,Towers with Radar,0,19,39,1,59,0,3,333,2,338,0,22,372,3,397,656,0,656,1053
07/25/2013,HIO,OR,ANM,WE,Towers with Radar,0,14,33,0,47,0,0,266,6,272,0,14,299,6,319,339,0,339,658
07/26/2013,HIO,OR,ANM,WE,Towers with Radar,0,20,28,1,49,0,1,112,5,118,0,21,140,6,167,68,0,68,235
07/27/2013,HIO,OR,ANM,WE,Towers with Radar,0,2,15,0,17,1,0,118,7,126,1,2,133,7,143,84,0,84,227
07/28/2013,HIO,OR,ANM,WE,Towers with Radar,0,4,18,0,22,0,1,90,5,96,0,5,108,5,118,94,0,94,212
07/29/2013,HIO,OR,ANM,WE,Towers with Radar,0,17,57,2,76,0,1,221,0,222,0,18,278,2,298,430,0,430,728
07/30/2013,HIO,OR,ANM,WE,Towers with Radar,0,23,56,0,79,0,0,206,0,206,0,23,262,0,285,371,0,371,656
07/31/2013,HIO,OR,ANM,WE,Towers with Radar,0,22,49,1,72,0,0,275,0,275,0,22,324,1,347,599,0,599,946
08/01/2013,HIO,OR,ANM,WE,Towers with Radar,0,16,65,0,81,0,0,114,0,114,0,16,179,0,195,436,0,436,631
08/02/2013,HIO,OR,ANM,WE,Towers with Radar,0,19,77,1,97,0,1,205,0,206,0,20,282,1,303,554,0,554,857
08/03/2013,HIO,OR,ANM,WE,Towers with Radar,0,3,30,0,33,0,1,227,0,228,0,4,257,0,261,612,0,612,873
08/04/2013,HIO,OR,ANM,WE,Towers with Radar,0,7,28,0,35,0,0,192,0,192,0,7,220,0,227,419,0,419,646
08/05/2013,HIO,OR,ANM,WE,Towers with Radar,0,17,47,5,69,0,0,240,3,243,0,17,287,8,312,538,0,538,850
08/06/2013,HIO,OR,ANM,WE,Towers with Radar,0,14,27,1,42,0,0,214,0,214,0,14,241,1,256,424,0,424,680
08/07/2013,HIO,OR,ANM,WE,Towers with Radar,0,19,41,2,62,0,0,300,1,301,0,19,341,3,363,450,0,450,813
08/08/2013,HIO,OR,ANM,WE,Towers with Radar,0,19,51,0,70,0,3,248,1,252,0,22,299,1,322,562,0,562,884
08/09/2013,HIO,OR,ANM,WE,Towers with Radar,0,22,34,0,56,0,1,230,0,231,0,23,264,0,287,466,0,466,753
08/10/2013,HIO,OR,ANM,WE,Towers with Radar,0,1,36,0,37,0,0,194,0,194,0,1,230,0,231,472,0,472,703
08/11/2013,HIO,OR,ANM,WE,Towers with Radar,0,5,44,0,49,0,0,112,0,112,0,5,156,0,161,410,0,410,571
08/12/2013,HIO,OR,ANM,WE,Towers with Radar,0,17,52,3,72,0,0,191,0,191,0,17,243,3,263,407,0,407,670
08/13/2013,HIO,OR,ANM,WE,Towers with Radar,0,15,49,0,64,0,0,272,4,276,0,15,321,4,340,411,0,411,751
08/14/2013,HIO,OR,ANM,WE,Towers with Radar,0,17,55,0,72,0,2,282,5,289,0,19,337,5,361,475,0,475,836
08/15/2013,HIO,OR,ANM,WE,Towers with Radar,0,17,77,2,96,0,3,148,1,152,0,20,225,3,248,645,0,645,893
08/16/2013,HIO,OR,ANM,WE,Towers with Radar,0,13,93,1,107,0,0,245,1,246,0,13,338,2,353,681,0,681,1034
08/17/2013,HIO,OR,ANM,WE,Towers with Radar,0,7,32,0,39,0,0,265,0,265,0,7,297,0,304,268,0,268,572
08/18/2013,HIO,OR,ANM,WE,Towers with Radar,0,4,39,0,43,0,0,298,0,298,0,4,337,0,341,394,0,394,735
08/19/2013,HIO,OR,ANM,WE,Towers with Radar,0,18,42,1,61,0,5,326,1,332,0,23,368,2,393,482,0,482,875
08/20/2013,HIO,OR,ANM,WE,Towers with Radar,0,15,49,0,64,0,0,228,0,228,0,15,277,0,292,512,0,512,804
08/21/2013,HIO,OR,ANM,WE,Towers with Radar,0,14,40,0,54,0,4,315,0,319,0,18,355,0,373,575,0,575,948
08/22/2013,HIO,OR,ANM,WE,Towers with Radar,0,17,45,0,62,0,0,274,0,274,0,17,319,0,336,594,0,594,930
08/23/2013,HIO,OR,ANM,WE,Towers with Radar,0,19,57,0,76,0,0,156,0,156,0,19,213,0,232,621,0,621,853
08/24/2013,HIO,OR,ANM,WE,Towers with Radar,0,6,67,0,73,0,1,182,0,183,0,7,249,0,256,557,0,557,813
08/25/2013,HIO,OR,ANM,WE,Towers with Radar,0,6,33,0,39,0,0,164,0,164,0,6,197,0,203,471,0,471,674
08/26/2013,HIO,OR,ANM,WE,Towers with Radar,0,21,47,0,68,0,1,203,0,204,0,22,250,0,272,450,0,450,722
08/27/2013,HIO,OR,ANM,WE,Towers with Radar,0,22,38,1,61,0,3,233,1,237,0,25,271,2,298,461,0,461,759
08/28/2013,HIO,OR,ANM,WE,Towers with Radar,1,23,54,0,78,0,0,146,2,148,1,23,200,2,226,415,0,415,641
08/29/2013,HIO,OR,ANM,WE,Towers with Radar,0,16,42,1,59,0,3,51,0,54,0,19,93,1,113,204,0,204,317
08/30/2013,HIO,OR,ANM,WE,Towers with Radar,0,8,71,0,79,0,1,207,0,208,0,9,278,0,287,528,0,528,815
08/31/2013,HIO,OR,ANM,WE,Towers with Radar,0,5,33,0,38,0,0,283,0,283,0,5,316,0,321,523,0,523,844
09/01/2013,HIO,OR,ANM,WE,Towers with Radar,0,8,24,0,32,0,5,235,0,240,0,13,259,0,272,397,0,397,669
09/02/2013,HIO,OR,ANM,WE,Towers with Radar,0,7,68,0,75,0,0,214,0,214,0,7,282,0,289,470,0,470,759
09/03/2013,HIO,OR,ANM,WE,Towers with Radar,0,14,39,0,53,0,0,167,2,169,0,14,206,2,222,394,0,394,616
09/04/2013,HIO,OR,ANM,WE,Towers with Radar,0,16,60,3,79,0,0,198,2,200,0,16,258,5,279,590,0,590,869
09/05/2013,HIO,OR,ANM,WE,Towers with Radar,0,19,46,0,65,0,0,101,0,101,0,19,147,0,166,509,0,509,675
09/06/2013,HIO,OR,ANM,WE,Towers with Radar,0,16,67,1,84,0,2,125,0,127,0,18,192,1,211,419,0,419,630
09/07/2013,HIO,OR,ANM,WE,Towers with Radar,0,6,35,0,41,0,0,201,1,202,0,6,236,1,243,398,0,398,641
09/08/2013,HIO,OR,ANM,WE,Towers with Radar,0,6,23,0,29,0,0,214,0,214,0,6,237,0,243,372,0,372,615
09/09/2013,HIO,OR,ANM,WE,Towers with Radar,0,15,42,0,57,0,0,197,1,198,0,15,239,1,255,571,0,571,826
09/10/2013,HIO,OR,ANM,WE,Towers with Radar,0,19,45,0,64,0,0,235,0,235,0,19,280,0,299,517,0,517,816
09/11/2013,HIO,OR,ANM,WE,Towers with Radar,0,22,47,0,69,0,0,281,0,281,0,22,328,0,350,400,0,400,750
09/12/2013,HIO,OR,ANM,WE,Towers with Radar,0,19,60,0,79,0,0,182,0,182,0,19,242,0,261,531,0,531,792
09/13/2013,HIO,OR,ANM,WE,Towers with Radar,0,22,89,1,112,0,0,95,0,95,0,22,184,1,207,382,0,382,589
09/14/2013,HIO,OR,ANM,WE,Towers with Radar,0,3,30,0,33,0,0,137,0,137,0,3,167,0,170,578,0,578,748
09/15/2013,HIO,OR,ANM,WE,Towers with Radar,0,5,34,1,40,0,0,15,0,15,0,5,49,1,55,122,0,122,177
09/16/2013,HIO,OR,ANM,WE,Towers with Radar,0,19,58,0,77,0,0,97,0,97,0,19,155,0,174,545,0,545,719
09/17/2013,HIO,OR,ANM,WE,Towers with Radar,0,14,52,0,66,0,0,195,0,195,0,14,247,0,261,561,0,561,822
09/18/2013,HIO,OR,ANM,WE,Towers with Radar,0,14,59,0,73,0,0,227,1,228,0,14,286,1,301,514,0,514,815
09/19/2013,HIO,OR,ANM,WE,Towers with Radar,0,19,44,0,63,0,0,269,0,269,0,19,313,0,332,501,0,501,833
09/20/2013,HIO,OR,ANM,WE,Towers with Radar,0,20,55,0,75,0,2,220,0,222,0,22,275,0,297,513,0,513,810
09/21/2013,HIO,OR,ANM,WE,Towers with Radar,0,6,39,0,45,0,1,65,0,66,0,7,104,0,111,363,0,363,474
09/22/2013,HIO,OR,ANM,WE,Towers with Radar,0,6,21,0,27,0,0,8,0,8,0,6,29,0,35,97,0,97,132
09/23/2013,HIO,OR,ANM,WE,Towers with Radar,0,17,59,0,76,0,0,87,0,87,0,17,146,0,163,447,0,447,610
09/24/2013,HIO,OR,ANM,WE,Towers with Radar,0,17,59,0,76,0,0,30,0,30,0,17,89,0,106,213,0,213,319
09/25/2013,HIO,OR,ANM,WE,Towers with Radar,0,19,86,0,105,0,2,145,0,147,0,21,231,0,252,488,0,488,740
09/26/2013,HIO,OR,ANM,WE,Towers with Radar,0,20,57,1,78,0,2,190,1,193,0,22,247,2,271,408,0,408,679
09/27/2013,HIO,OR,ANM,WE,Towers with Radar,0,22,57,0,79,0,0,31,0,31,0,22,88,0,110,153,0,153,263
09/28/2013,HIO,OR,ANM,WE,Towers with Radar,0,0,16,0,16,0,0,0,0,0,0,0,16,0,16,4,0,4,20
09/29/2013,HIO,OR,ANM,WE,Towers with Radar,0,5,19,0,24,0,0,5,0,5,0,5,24,0,29,30,0,30,59
09/30/2013,HIO,OR,ANM,WE,Towers with Radar,0,17,23,0,40,0,1,49,0,50,0,18,72,0,90,386,0,386,476
10/01/2013,HIO,OR,ANM,WE,Towers with Radar,0,14,58,0,72,0,0,119,0,119,0,14,177,0,191,480,2,482,673
10/02/2013,HIO,OR,ANM,WE,Towers with Radar,0,16,49,0,65,0,0,18,0,18,0,16,67,0,83,124,0,124,207
10/03/2013,HIO,OR,ANM,WE,Towers with Radar,0,13,49,0,62,0,1,145,0,146,0,14,194,0,208,385,0,385,593
10/04/2013,HIO,OR,ANM,WE,Towers with Radar,0,9,40,0,49,0,4,218,0,222,0,13,258,0,271,482,0,482,753
10/05/2013,HIO,OR,ANM,WE,Towers with Radar,0,3,35,2,40,0,0,306,0,306,0,3,341,2,346,671,0,671,1017
10/06/2013,HIO,OR,ANM,WE,Towers with Radar,0,2,36,0,38,0,0,200,0,200,0,2,236,0,238,477,0,477,715
10/07/2013,HIO,OR,ANM,WE,Towers with Radar,0,18,66,0,84,0,0,172,0,172,0,18,238,0,256,442,0,442,698
10/08/2013,HIO,OR,ANM,WE,Towers with Radar,0,16,67,2,85,0,0,79,1,80,0,16,146,3,165,584,0,584,749
10/09/2013,HIO,OR,ANM,WE,Towers with Radar,0,22,68,0,90,0,0,305,0,305,0,22,373,0,395,554,0,554,949
10/10/2013,HIO,OR,ANM,WE,Towers with Radar,0,21,72,0,93,0,1,161,0,162,0,22,233,0,255,404,0,404,659
10/11/2013,HIO,OR,ANM,WE,Towers with Radar,0,21,53,0,74,0,1,227,0,228,0,22,280,0,302,508,0,508,810
10/12/2013,HIO,OR,ANM,WE,Towers with Radar,0,6,63,0,69,0,0,109,0,109,0,6,172,0,178,513,0,513,691
10/13/2013,HIO,OR,ANM,WE,Towers with Radar,0,5,46,0,51,0,0,165,0,165,0,5,211,0,216,420,0,420,636
10/14/2013,HIO,OR,ANM,WE,Towers with Radar,0,20,43,0,63,0,3,247,0,250,0,23,290,0,313,449,0,449,762
10/15/2013,HIO,OR,ANM,WE,Towers with Radar,0,18,38,0,56,0,1,280,0,281,0,19,318,0,337,459,0,459,796
10/16/2013,HIO,OR,ANM,WE,Towers with Radar,0,19,52,0,71,0,0,266,0,266,0,19,318,0,337,442,0,442,779
10/17/2013,HIO,OR,ANM,WE,Towers with Radar,0,15,54,0,69,0,0,162,0,162,0,15,216,0,231,353,0,353,584
10/18/2013,HIO,OR,ANM,WE,Towers with Radar,0,18,70,0,88,0,4,335,0,339,0,22,405,0,427,455,0,455,882
10/19/2013,HIO,OR,ANM,WE,Towers with Radar,0,5,49,0,54,0,0,243,0,243,0,5,292,0,297,618,0,618,915
10/20/2013,HIO,OR,ANM,WE,Towers with Radar,0,6,37,0,43,0,0,178,0,178,0,6,215,0,221,341,0,341,562
10/21/2013,HIO,OR,ANM,WE,Towers with Radar,0,16,46,0,62,0,0,214,0,214,0,16,260,0,276,359,0,359,635
10/22/2013,HIO,OR,ANM,WE,Towers with Radar,0,17,45,0,62,0,0,224,0,224,0,17,269,0,286,531,0,531,817
10/23/2013,HIO,OR,ANM,WE,Towers with Radar,0,14,53,0,67,0,0,216,0,216,0,14,269,0,283,497,0,497,780
10/24/2013,HIO,OR,ANM,WE,Towers with Radar,0,17,62,4,83,0,0,241,0,241,0,17,303,4,324,557,0,557,881
10/25/2013,HIO,OR,ANM,WE,Towers with Radar,0,23,77,2,102,0,1,7,0,8,0,24,84,2,110,136,0,136,246
10/26/2013,HIO,OR,ANM,WE,Towers with Radar,0,6,54,0,60,0,0,59,0,59,0,6,113,0,119,504,0,504,623
10/27/2013,HIO,OR,ANM,WE,Towers with Radar,0,7,31,0,38,0,0,35,0,35,0,7,66,0,73,350,0,350,423
10/28/2013,HIO,OR,ANM,WE,Towers with Radar,0,17,50,2,69,0,0,301,0,301,0,17,351,2,370,582,0,582,952
10/29/2013,HIO,OR,ANM,WE,Towers with Radar,0,16,56,0,72,0,0,277,0,277,0,16,333,0,349,453,0,453,802
10/30/2013,HIO,OR,ANM,WE,Towers with Radar,0,15,40,0,55,0,1,244,0,245,0,16,284,0,300,620,0,620,920
10/31/2013,HIO,OR,ANM,WE,Towers with Radar,0,19,64,0,83,0,0,132,0,132,0,19,196,0,215,534,0,534,749
11/01/2013,HIO,OR,ANM,WE,Towers with Radar,0,13,84,0,97,0,3,147,0,150,0,16,231,0,247,447,0,447,694
11/02/2013,HIO,OR,ANM,WE,Towers with Radar,0,4,27,0,31,0,0,61,0,61,0,4,88,0,92,351,0,351,443
11/03/2013,HIO,OR,ANM,WE,Towers with Radar,0,1,34,0,35,0,0,136,0,136,0,1,170,0,171,574,0,574,745
11/04/2013,HIO,OR,ANM,WE,Towers with Radar,0,23,52,0,75,0,0,0,0,0,0,23,52,0,75,270,0,270,345
11/05/2013,HIO,OR,ANM,WE,Towers with Radar,0,18,57,0,75,0,0,3,0,3,0,18,60,0,78,239,0,239,317
11/06/2013,HIO,OR,ANM,WE,Towers with Radar,0,13,64,0,77,0,0,1,0,1,0,13,65,0,78,92,0,92,170
11/07/2013,HIO,OR,ANM,WE,Towers with Radar,0,19,44,0,63,0,0,38,0,38,0,19,82,0,101,105,0,105,206
11/08/2013,HIO,OR,ANM,WE,Towers with Radar,0,21,88,0,109,0,0,93,0,93,0,21,181,0,202,442,0,442,644
11/09/2013,HIO,OR,ANM,WE,Towers with Radar,0,3,49,0,52,0,0,118,0,118,0,3,167,0,170,434,0,434,604
11/10/2013,HIO,OR,ANM,WE,Towers with Radar,0,4,42,0,46,0,0,190,0,190,0,4,232,0,236,495,0,495,731
11/11/2013,HIO,OR,ANM,WE,Towers with Radar,0,17,40,0,57,0,0,189,0,189,0,17,229,0,246,358,0,358,604
11/12/2013,HIO,OR,ANM,WE,Towers with Radar,0,23,79,0,102,0,1,6,0,7,0,24,85,0,109,325,0,325,434
11/13/2013,HIO,OR,ANM,WE,Towers with Radar,0,13,60,1,74,0,0,9,0,9,0,13,69,1,83,28,0,28,111
11/14/2013,HIO,OR,ANM,WE,Towers with Radar,0,10,62,2,74,0,1,29,0,30,0,11,91,2,104,384,0,384,488
11/15/2013,HIO,OR,ANM,WE,Towers with Radar,0,20,38,2,60,0,0,71,3,74,0,20,109,5,134,328,0,328,462
11/16/2013,HIO,OR,ANM,WE,Towers with Radar,0,6,25,0,31,0,0,134,1,135,0,6,159,1,166,593,2,595,761
11/17/2013,HIO,OR,ANM,WE,Towers with Radar,0,2,29,0,31,0,0,35,0,35,0,2,64,0,66,395,0,395,461
11/18/2013,HIO,OR,ANM,WE,Towers with Radar,0,21,53,0,74,0,0,57,0,57,0,21,110,0,131,465,0,465,596
11/19/2013,HIO,OR,ANM,WE,Towers with Radar,0,14,51,1,66,0,0,122,0,122,0,14,173,1,188,536,0,536,724
11/20/2013,HIO,OR,ANM,WE,Towers with Radar,0,14,57,0,71,0,1,281,0,282,0,15,338,0,353,410,0,410,763
11/21/2013,HIO,OR,ANM,WE,Towers with Radar,0,15,64,2,81,0,0,261,0,261,0,15,325,2,342,361,0,361,703
11/22/2013,HIO,OR,ANM,WE,Towers with Radar,0,15,30,1,46,0,1,269,0,270,0,16,299,1,316,473,0,473,789
11/23/2013,HIO,OR,ANM,WE,Towers with Radar,0,5,30,0,35,0,0,250,0,250,0,5,280,0,285,572,0,572,857
11/24/2013,HIO,OR,ANM,WE,Towers with Radar,1,2,29,0,32,0,0,168,0,168,1,2,197,0,200,467,0,467,667
11/25/2013,HIO,OR,ANM,WE,Towers with Radar,0,3,44,4,51,0,1,197,0,198,0,4,241,4,249,439,0,439,688
11/26/2013,HIO,OR,ANM,WE,Towers with Radar,0,4,45,0,49,0,1,173,0,174,0,5,218,0,223,405,0,405,628
11/27/2013,HIO,OR,ANM,WE,Towers with Radar,0,1,32,0,33,0,0,205,0,205,0,1,237,0,238,515,0,515,753
11/28/2013,HIO,OR,ANM,WE,Towers with Radar,0,4,17,0,21,0,0,143,0,143,0,4,160,0,164,148,0,148,312
11/29/2013,HIO,OR,ANM,WE,Towers with Radar,0,3,51,0,54,0,0,99,0,99,0,3,150,0,153,357,0,357,510
11/30/2013,HIO,OR,ANM,WE,Towers with Radar,0,2,57,0,59,0,0,79,0,79,0,2,136,0,138,283,0,283,421
12/01/2013,HIO,OR,ANM,WE,Towers with Radar,0,4,29,0,33,0,0,12,0,12,0,4,41,0,45,153,0,153,198
12/02/2013,HIO,OR,ANM,WE,Towers with Radar,0,18,30,0,48,0,0,78,0,78,0,18,108,0,126,439,0,439,565
12/03/2013,HIO,OR,ANM,WE,Towers with Radar,0,18,28,2,48,0,0,112,1,113,0,18,140,3,161,335,0,335,496
12/04/2013,HIO,OR,ANM,WE,Towers with Radar,0,17,34,0,51,0,0,204,0,204,0,17,238,0,255,460,0,460,715
12/05/2013,HIO,OR,ANM,WE,Towers with Radar,0,20,48,0,68,0,0,197,0,197,0,20,245,0,265,450,0,450,715
12/06/2013,HIO,OR,ANM,WE,Towers with Radar,0,10,25,0,35,0,0,4,0,4,0,10,29,0,39,0,0,0,39
12/07/2013,HIO,OR,ANM,WE,Towers with Radar,0,4,26,0,30,0,0,93,0,93,0,4,119,0,123,200,0,200,323
12/08/2013,HIO,OR,ANM,WE,Towers with Radar,0,7,26,0,33,0,0,106,0,106,0,7,132,0,139,380,0,380,519
12/09/2013,HIO,OR,ANM,WE,Towers with Radar,0,17,30,0,47,0,0,79,0,79,0,17,109,0,126,380,0,380,506
12/10/2013,HIO,OR,ANM,WE,Towers with Radar,0,16,22,0,38,0,0,61,0,61,0,16,83,0,99,295,0,295,394
12/11/2013,HIO,OR,ANM,WE,Towers with Radar,0,11,41,1,53,0,0,105,0,105,0,11,146,1,158,280,0,280,438
12/12/2013,HIO,OR,ANM,WE,Towers with Radar,0,10,18,0,28,0,0,1,0,1,0,10,19,0,29,0,0,0,29
12/13/2013,HIO,OR,ANM,WE,Towers with Radar,0,12,18,0,30,0,0,1,0,1,0,12,19,0,31,0,0,0,31
12/14/2013,HIO,OR,ANM,WE,Towers with Radar,0,0,11,0,11,0,0,0,0,0,0,0,11,0,11,0,0,0,11
12/15/2013,HIO,OR,ANM,WE,Towers with Radar,0,4,29,0,33,0,0,2,0,2,0,4,31,0,35,28,0,28,63
12/16/2013,HIO,OR,ANM,WE,Towers with Radar,0,7,29,0,36,0,0,1,0,1,0,7,30,0,37,45,0,45,82
12/17/2013,HIO,OR,ANM,WE,Towers with Radar,0,11,31,0,42,0,0,0,0,0,0,11,31,0,42,0,0,0,42
12/18/2013,HIO,OR,ANM,WE,Towers with Radar,0,20,65,0,85,0,0,2,0,2,0,20,67,0,87,87,0,87,174
12/19/2013,HIO,OR,ANM,WE,Towers with Radar,0,17,51,0,68,0,1,266,2,269,0,18,317,2,337,498,0,498,835
12/20/2013,HIO,OR,ANM,WE,Towers with Radar,2,15,32,0,49,0,0,0,0,0,2,15,32,0,49,63,0,63,112
12/21/2013,HIO,OR,ANM,WE,Towers with Radar,0,8,48,0,56,0,0,27,0,27,0,8,75,0,83,150,0,150,233
12/22/2013,HIO,OR,ANM,WE,Towers with Radar,0,3,37,0,40,0,0,39,0,39,0,3,76,0,79,419,0,419,498
12/23/2013,HIO,OR,ANM,WE,Towers with Radar,0,6,60,0,66,0,0,73,0,73,0,6,133,0,139,402,0,402,541
12/24/2013,HIO,OR,ANM,WE,Towers with Radar,0,2,13,0,15,0,0,0,0,0,0,2,13,0,15,2,0,2,17
12/25/2013,HIO,OR,ANM,WE,Towers with Radar,0,1,5,0,6,0,0,5,0,5,0,1,10,0,11,16,0,16,27
12/26/2013,HIO,OR,ANM,WE,Towers with Radar,0,0,17,0,17,0,0,0,0,0,0,0,17,0,17,0,0,0,17
12/27/2013,HIO,OR,ANM,WE,Towers with Radar,0,2,28,0,30,0,0,3,0,3,0,2,31,0,33,0,0,0,33
12/28/2013,HIO,OR,ANM,WE,Towers with Radar,0,3,60,0,63,0,0,116,0,116,0,3,176,0,179,484,0,484,663
12/29/2013,HIO,OR,ANM,WE,Towers with Radar,0,3,22,0,25,0,0,0,0,0,0,3,22,0,25,31,0,31,56
12/30/2013,HIO,OR,ANM,WE,Towers with Radar,0,4,74,0,78,0,0,27,0,27,0,4,101,0,105,161,0,161,266
12/31/2013,HIO,OR,ANM,WE,Towers with Radar,0,5,50,0,55,0,0,46,0,46,0,5,96,0,101,184,0,184,285
01/01/2014,HIO,OR,ANM,WE,Towers with Radar,0,2,14,0,16,0,0,2,0,2,0,2,16,0,18,12,0,12,30
01/02/2014,HIO,OR,ANM,WE,Towers with Radar,0,4,46,2,52,0,0,2,0,2,0,4,48,2,54,0,0,0,54
01/03/2014,HIO,OR,ANM,WE,Towers with Radar,0,1,42,0,43,0,1,162,0,163,0,2,204,0,206,324,0,324,530
01/04/2014,HIO,OR,ANM,WE,Towers with Radar,0,1,37,0,38,0,0,221,0,221,0,1,258,0,259,456,0,456,715
01/05/2014,HIO,OR,ANM,WE,Towers with Radar,0,9,27,0,36,0,0,204,0,204,0,9,231,0,240,337,0,337,577
01/06/2014,HIO,OR,ANM,WE,Towers with Radar,0,15,38,0,53,0,2,181,0,183,0,17,219,0,236,445,0,445,681
01/07/2014,HIO,OR,ANM,WE,Towers with Radar,0,21,60,0,81,0,0,16,0,16,0,21,76,0,97,59,0,59,156
01/08/2014,HIO,OR,ANM,WE,Towers with Radar,0,16,51,0,67,0,0,6,0,6,0,16,57,0,73,90,0,90,163
01/09/2014,HIO,OR,ANM,WE,Towers with Radar,0,27,23,0,50,0,1,49,0,50,0,28,72,0,100,225,0,225,325
01/10/2014,HIO,OR,ANM,WE,Towers with Radar,0,14,40,0,54,0,3,88,0,91,0,17,128,0,145,430,0,430,575
01/11/2014,HIO,OR,ANM,WE,Towers with Radar,0,4,11,0,15,0,0,1,0,1,0,4,12,0,16,43,0,43,59
01/12/2014,HIO,OR,ANM,WE,Towers with Radar,0,2,22,0,24,0,0,30,0,30,0,2,52,0,54,217,0,217,271
01/13/2014,HIO,OR,ANM,WE,Towers with Radar,0,16,43,0,59,0,3,199,1,203,0,19,242,1,262,394,1,395,657
01/14/2014,HIO,OR,ANM,WE,Towers with Radar,0,14,26,0,40,0,0,38,0,38,0,14,64,0,78,169,0,169,247
01/15/2014,HIO,OR,ANM,WE,Towers with Radar,0,17,64,0,81,0,0,2,0,2,0,17,66,0,83,36,0,36,119
01/16/2014,HIO,OR,ANM,WE,Towers with Radar,0,15,26,0,41,0,0,70,0,70,0,15,96,0,111,103,0,103,214
01/17/2014,HIO,OR,ANM,WE,Towers with Radar,0,13,43,0,56,0,0,26,0,26,0,13,69,0,82,84,0,84,166
01/18/2014,HIO,OR,ANM,WE,Towers with Radar,0,1,30,0,31,0,0,31,0,31,0,1,61,0,62,32,0,32,94
01/19/2014,HIO,OR,ANM,WE,Towers with Radar,0,3,43,0,46,0,0,117,0,117,0,3,160,0,163,301,0,301,464
01/20/2014,HIO,OR,ANM,WE,Towers with Radar,0,21,42,0,63,0,1,232,0,233,0,22,274,0,296,421,0,421,717
01/21/2014,HIO,OR,ANM,WE,Towers with Radar,1,14,56,0,71,0,0,226,0,226,1,14,282,0,297,432,0,432,729
01/22/2014,HIO,OR,ANM,WE,Towers with Radar,0,15,82,0,97,0,0,58,0,58,0,15,140,0,155,450,0,450,605
01/23/2014,HIO,OR,ANM,WE,Towers with Radar,0,17,16,2,35,0,0,71,0,71,0,17,87,2,106,35,0,35,141
01/24/2014,HIO,OR,ANM,WE,Towers with Radar,0,21,32,2,55,0,6,248,0,254,0,27,280,2,309,490,0,490,799
01/25/2014,HIO,OR,ANM,WE,Towers with Radar,0,3,26,0,29,0,0,286,0,286,0,3,312,0,315,474,4,478,793
01/26/2014,HIO,OR,ANM,WE,Towers with Radar,0,8,33,0,41,0,0,220,0,220,0,8,253,0,261,507,0,507,768
01/27/2014,HIO,OR,ANM,WE,Towers with Radar,0,14,32,0,46,0,0,253,0,253,0,14,285,0,299,430,0,430,729
01/28/2014,HIO,OR,ANM,WE,Towers with Radar,0,12,57,0,69,0,1,23,0,24,0,13,80,0,93,530,0,530,623
01/29/2014,HIO,OR,ANM,WE,Towers with Radar,0,19,32,0,51,0,0,16,0,16,0,19,48,0,67,163,0,163,230
01/30/2014,HIO,OR,ANM,WE,Towers with Radar,0,22,30,8,60,0,8,152,0,160,0,30,182,8,220,414,0,414,634
01/31/2014,HIO,OR,ANM,WE,Towers with Radar,0,20,40,0,60,0,4,53,0,57,0,24,93,0,117,415,0,415,532
02/01/2014,HIO,OR,ANM,WE,Towers with Radar,0,2,34,0,36,0,0,130,0,130,0,2,164,0,166,499,0,499,665
02/02/2014,HIO,OR,ANM,WE,Towers with Radar,0,0,24,0,24,0,0,168,0,168,0,0,192,0,192,537,0,537,729
02/03/2014,HIO,OR,ANM,WE,Towers with Radar,0,14,22,0,36,0,1,96,0,97,0,15,118,0,133,334,0,334,467
02/04/2014,HIO,OR,ANM,WE,Towers with Radar,0,17,28,0,45,0,0,156,0,156,0,17,184,0,201,362,0,362,563
02/05/2014,HIO,OR,ANM,WE,Towers with Radar,0,17,28,2,47,0,1,64,0,65,0,18,92,2,112,27,0,27,139
02/06/2014,HIO,OR,ANM,WE,Towers with Radar,0,4,7,0,11,0,0,7,0,7,0,4,14,0,18,0,0,0,18
02/07/2014,HIO,OR,ANM,WE,Towers with Radar,0,5,7,0,12,0,0,3,0,3,0,5,10,0,15,0,0,0,15
02/08/2014,HIO,OR,ANM,WE,Towers with Radar,0,1,7,0,8,0,0,2,0,2,0,1,9,0,10,0,0,0,10
02/09/2014,HIO,OR,ANM,WE,Towers with Radar,0,2,16,0,18,0,0,0,0,0,0,2,16,0,18,0,0,0,18
02/10/2014,HIO,OR,ANM,WE,Towers with Radar,0,9,17,0,26,0,2,0,0,2,0,11,17,0,28,0,0,0,28
02/11/2014,HIO,OR,ANM,WE,Towers with Radar,0,9,13,0,22,0,0,0,0,0,0,9,13,0,22,6,0,6,28
02/12/2014,HIO,OR,ANM,WE,Towers with Radar,0,16,57,1,74,0,0,157,0,157,0,16,214,1,231,412,0,412,643
02/13/2014,HIO,OR,ANM,WE,Towers with Radar,0,16,46,0,62,0,1,235,1,237,0,17,281,1,299,382,0,382,681
02/14/2014,HIO,OR,ANM,WE,Towers with Radar,0,1,37,0,38,0,1,155,0,156,0,2,192,0,194,523,0,523,717
02/15/2014,HIO,OR,ANM,WE,Towers with Radar,4,2,33,0,39,0,0,2,0,2,4,2,35,0,41,59,0,59,100
02/16/2014,HIO,OR,ANM,WE,Towers with Radar,0,8,12,0,20,0,0,64,0,64,0,8,76,0,84,306,0,306,390
02/17/2014,HIO,OR,ANM,WE,Towers with Radar,0,8,27,0,35,0,0,44,0,44,0,8,71,0,79,176,0,176,255
02/18/2014,HIO,OR,ANM,WE,Towers with Radar,0,14,19,2,35,0,1,17,0,18,0,15,36,2,53,127,0,127,180
02/19/2014,HIO,OR,ANM,WE,Towers with Radar,0,18,31,0,49,0,0,133,0,133,0,18,164,0,182,657,0,657,839
02/20/2014,HIO,OR,ANM,WE,Towers with Radar,0,18,51,0,69,0,3,102,0,105,0,21,153,0,174,548,0,548,722
02/21/2014,HIO,OR,ANM,WE,Towers with Radar,0,14,46,0,60,0,1,155,0,156,0,15,201,0,216,437,0,437,653
02/22/2014,HIO,OR,ANM,WE,Towers with Radar,0,3,27,0,30,0,0,275,0,275,0,3,302,0,305,478,0,478,783
02/23/2014,HIO,OR,ANM,WE,Towers with Radar,0,1,37,0,38,0,0,168,0,168,0,1,205,0,206,374,0,374,580
02/24/2014,HIO,OR,ANM,WE,Towers with Radar,0,13,59,0,72,0,0,4,0,4,0,13,63,0,76,75,0,75,151
02/25/2014,HIO,OR,ANM,WE,Towers with Radar,0,18,35,0,53,0,0,267,0,267,0,18,302,0,320,254,0,254,574
02/26/2014,HIO,OR,ANM,WE,Towers with Radar,0,18,60,0,78,0,1,293,1,295,0,19,353,1,373,454,0,454,827
02/27/2014,HIO,OR,ANM,WE,Towers with Radar,0,18,61,0,79,0,0,32,0,32,0,18,93,0,111,230,0,230,341
02/28/2014,HIO,OR,ANM,WE,Towers with Radar,0,20,58,0,78,0,3,209,0,212,0,23,267,0,290,266,0,266,556
03/01/2014,HIO,OR,ANM,WE,Towers with Radar,0,2,46,0,48,0,0,32,0,32,0,2,78,0,80,293,0,293,373
03/02/2014,HIO,OR,ANM,WE,Towers with Radar,0,1,32,0,33,0,0,11,0,11,0,1,43,0,44,16,0,16,60
03/03/2014,HIO,OR,ANM,WE,Towers with Radar,0,16,46,0,62,0,1,78,0,79,0,17,124,0,141,209,0,209,350
03/04/2014,HIO,OR,ANM,WE,Towers with Radar,0,15,51,0,66,0,0,235,0,235,0,15,286,0,301,583,0,583,884
03/05/2014,HIO,OR,ANM,WE,Towers with Radar,0,14,62,0,76,0,0,0,0,0,0,14,62,0,76,93,0,93,169
03/06/2014,HIO,OR,ANM,WE,Towers with Radar,0,20,27,0,47,0,1,32,0,33,0,21,59,0,80,202,0,202,282
03/07/2014,HIO,OR,ANM,WE,Towers with Radar,0,19,79,0,98,0,0,239,0,239,0,19,318,0,337,450,0,450,787
03/08/2014,HIO,OR,ANM,WE,Towers with Radar,0,7,37,0,44,0,0,101,0,101,0,7,138,0,145,459,0,459,604
03/09/2014,HIO,OR,ANM,WE,Towers with Radar,0,2,47,0,49,0,2,39,0,41,0,4,86,0,90,355,0,355,445
03/10/2014,HIO,OR,ANM,WE,Towers with Radar,0,17,33,0,50,0,4,189,1,194,0,21,222,1,244,687,0,687,931
03/11/2014,HIO,OR,ANM,WE,Towers with Radar,0,21,44,0,65,0,0,264,0,264,0,21,308,0,329,437,0,437,766
03/12/2014,HIO,OR,ANM,WE,Towers with Radar,0,15,35,0,50,0,3,267,1,271,0,18,302,1,321,601,0,601,922
03/13/2014,HIO,OR,ANM,WE,Towers with Radar,0,13,29,0,42,0,0,224,0,224,0,13,253,0,266,692,0,692,958
03/14/2014,HIO,OR,ANM,WE,Towers with Radar,0,19,52,0,71,0,0,193,0,193,0,19,245,0,264,675,0,675,939
03/15/2014,HIO,OR,ANM,WE,Towers with Radar,0,2,25,0,27,0,0,277,1,278,0,2,302,1,305,606,0,606,911
03/16/2014,HIO,OR,ANM,WE,Towers with Radar,0,9,39,0,48,0,0,59,0,59,0,9,98,0,107,246,0,246,353
03/17/2014,HIO,OR,ANM,WE,Towers with Radar,0,18,30,0,48,0,2,149,0,151,0,20,179,0,199,297,0,297,496
03/18/2014,HIO,OR,ANM,WE,Towers with Radar,0,19,38,0,57,0,0,202,0,202,0,19,240,0,259,521,0,521,780
03/19/2014,HIO,OR,ANM,WE,Towers with Radar,0,17,45,0,62,0,0,54,4,58,0,17,99,4,120,336,0,336,456
03/20/2014,HIO,OR,ANM,WE,Towers with Radar,0,20,38,0,58,0,0,205,0,205,0,20,243,0,263,664,0,664,927
03/21/2014,HIO,OR,ANM,WE,Towers with Radar,0,15,32,0,47,0,0,276,0,276,0,15,308,0,323,546,0,546,869
03/22/2014,HIO,OR,ANM,WE,Towers with Radar,0,9,24,0,33,0,0,284,0,284,0,9,308,0,317,491,0,491,808
03/23/2014,HIO,OR,ANM,WE,Towers with Radar,0,0,32,0,32,0,1,255,0,256,0,1,287,0,288,547,0,547,835
03/24/2014,HIO,OR,ANM,WE,Towers with Radar,0,14,28,0,42,0,0,250,0,250,0,14,278,0,292,646,0,646,938
03/25/2014,HIO,OR,ANM,WE,Towers with Radar,0,17,24,0,41,0,2,40,0,42,0,19,64,0,83,275,0,275,358
03/26/2014,HIO,OR,ANM,WE,Towers with Radar,0,22,33,0,55,0,1,26,0,27,0,23,59,0,82,467,0,467,549
03/27/2014,HIO,OR,ANM,WE,Towers with Radar,0,18,31,0,49,0,0,77,0,77,0,18,108,0,126,509,0,509,635
03/28/2014,HIO,OR,ANM,WE,Towers with Radar,0,16,64,0,80,0,0,24,0,24,0,16,88,0,104,347,0,347,451
03/29/2014,HIO,OR,ANM,WE,Towers with Radar,0,5,28,0,33,0,0,60,0,60,0,5,88,0,93,193,0,193,286
03/30/2014,HIO,OR,ANM,WE,Towers with Radar,0,1,39,0,40,0,0,196,0,196,0,1,235,0,236,415,0,415,651
03/31/2014,HIO,OR,ANM,WE,Towers with Radar,0,14,30,0,44,0,0,218,0,218,0,14,248,0,262,528,0,528,790
04/01/2014,HIO,OR,ANM,WE,Towers with Radar,0,15,80,1,96,0,0,84,1,85,0,15,164,2,181,429,0,429,610
04/02/2014,HIO,OR,ANM,WE,Towers with Radar,0,20,55,0,75,0,0,138,0,138,0,20,193,0,213,395,0,395,608
04/03/2014,HIO,OR,ANM,WE,Towers with Radar,0,13,48,1,62,0,0,160,0,160,0,13,208,1,222,549,0,549,771
04/04/2014,HIO,OR,ANM,WE,Towers with Radar,0,13,55,1,69,0,1,150,2,153,0,14,205,3,222,552,0,552,774
04/05/2014,HIO,OR,ANM,WE,Towers with Radar,0,3,57,0,60,0,0,10,0,10,0,3,67,0,70,197,0,197,267
04/06/2014,HIO,OR,ANM,WE,Towers with Radar,0,5,42,0,47,0,0,132,0,132,0,5,174,0,179,370,0,370,549
04/07/2014,HIO,OR,ANM,WE,Towers with Radar,0,17,22,0,39,0,0,223,0,223,0,17,245,0,262,468,0,468,730
04/08/2014,HIO,OR,ANM,WE,Towers with Radar,0,9,36,0,45,0,4,190,0,194,0,13,226,0,239,636,0,636,875
04/09/2014,HIO,OR,ANM,WE,Towers with Radar,0,17,32,0,49,0,6,282,0,288,0,23,314,0,337,772,0,772,1109
04/10/2014,HIO,OR,ANM,WE,Towers with Radar,0,14,42,0,56,0,1,288,0,289,0,15,330,0,345,491,0,491,836
04/11/2014,HIO,OR,ANM,WE,Towers with Radar,0,19,32,0,51,0,1,297,0,298,0,20,329,0,349,769,0,769,1118
04/12/2014,HIO,OR,ANM,WE,Towers with Radar,0,3,47,0,50,0,0,243,0,243,0,3,290,0,293,561,0,561,854
04/13/2014,HIO,OR,ANM,WE,Towers with Radar,0,4,30,0,34,0,0,363,0,363,0,4,393,0,397,563,0,563,960
04/14/2014,HIO,OR,ANM,WE,Towers with Radar,0,18,23,0,41,0,1,205,2,208,0,19,228,2,249,550,5,555,804
04/15/2014,HIO,OR,ANM,WE,Towers with Radar,0,18,63,0,81,0,0,223,0,223,0,18,286,0,304,663,0,663,967
04/16/2014,HIO,OR,ANM,WE,Towers with Radar,0,15,83,0,98,0,1,118,0,119,0,16,201,0,217,648,0,648,865
04/17/2014,HIO,OR,ANM,WE,Towers with Radar,0,15,72,0,87,0,0,23,0,23,0,15,95,0,110,240,0,240,350
04/18/2014,HIO,OR,ANM,WE,Towers with Radar,0,16,65,0,81,0,5,279,0,284,0,21,344,0,365,836,0,836,1201
04/19/2014,HIO,OR,ANM,WE,Towers with Radar,0,3,37,0,40,0,0,98,0,98,0,3,135,0,138,265,0,265,403
04/20/2014,HIO,OR,ANM,WE,Towers with Radar,0,6,35,0,41,0,0,187,0,187,0,6,222,0,228,515,0,515,743
04/21/2014,HIO,OR,ANM,WE,Towers with Radar,0,16,41,0,57,0,1,179,0,180,0,17,220,0,237,663,0,663,900
04/22/2014,HIO,OR,ANM,WE,Towers with Radar,0,15,32,1,48,0,0,109,0,109,0,15,141,1,157,491,0,491,648
04/23/2014,HIO,OR,ANM,WE,Towers with Radar,0,24,45,0,69,0,0,8,0,8,0,24,53,0,77,214,0,214,291
04/24/2014,HIO,OR,ANM,WE,Towers with Radar,0,21,28,0,49,0,2,104,0,106,0,23,132,0,155,424,0,424,579
04/25/2014,HIO,OR,ANM,WE,Towers with Radar,0,22,27,0,49,0,0,109,0,109,0,22,136,0,158,606,0,606,764
04/26/2014,HIO,OR,ANM,WE,Towers with Radar,0,5,30,0,35,0,0,76,0,76,0,5,106,0,111,384,0,384,495
04/27/2014,HIO,OR,ANM,WE,Towers with Radar,0,4,30,0,34,0,0,58,0,58,0,4,88,0,92,240,0,240,332
04/28/2014,HIO,OR,ANM,WE,Towers with Radar,0,12,70,0,82,0,2,169,0,171,0,14,239,0,253,522,0,522,775
04/29/2014,HIO,OR,ANM,WE,Towers with Radar,0,18,43,0,61,0,0,261,0,261,0,18,304,0,322,487,0,487,809
04/30/2014,HIO,OR,ANM,WE,Towers with Radar,0,15,46,0,61,0,0,212,0,212,0,15,258,0,273,267,0,267,540
05/01/2014,HIO,OR,ANM,WE,Towers with Radar,0,18,40,2,60,0,1,232,0,233,0,19,272,2,293,457,0,457,750
05/02/2014,HIO,OR,ANM,WE,Towers with Radar,0,15,42,0,57,0,1,228,0,229,0,16,270,0,286,667,0,667,953
05/03/2014,HIO,OR,ANM,WE,Towers with Radar,0,5,37,0,42,0,1,136,0,137,0,6,173,0,179,488,0,488,667
05/04/2014,HIO,OR,ANM,WE,Towers with Radar,0,1,32,0,33,0,1,27,0,28,0,2,59,0,61,107,0,107,168
05/05/2014,HIO,OR,ANM,WE,Towers with Radar,0,16,58,0,74,0,2,187,0,189,0,18,245,0,263,655,0,655,918
05/06/2014,HIO,OR,ANM,WE,Towers with Radar,0,13,43,1,57,0,0,286,0,286,0,13,329,1,343,655,0,655,998
05/07/2014,HIO,OR,ANM,WE,Towers with Radar,0,14,36,3,53,0,0,263,0,263,0,14,299,3,316,585,0,585,901
05/08/2014,HIO,OR,ANM,WE,Towers with Radar,0,12,60,0,72,0,0,21,0,21,0,12,81,0,93,261,0,261,354
05/09/2014,HIO,OR,ANM,WE,Towers with Radar,0,17,51,0,68,0,0,52,0,52,0,17,103,0,120,316,0,316,436
05/10/2014,HIO,OR,ANM,WE,Towers with Radar,0,1,37,0,38,0,0,118,0,118,0,1,155,0,156,625,0,625,781
05/11/2014,HIO,OR,ANM,WE,Towers with Radar,0,1,30,0,31,0,0,233,0,233,0,1,263,0,264,433,0,433,697
05/12/2014,HIO,OR,ANM,WE,Towers with Radar,0,13,32,0,45,0,4,336,0,340,0,17,368,0,385,456,0,456,841
05/13/2014,HIO,OR,ANM,WE,Towers with Radar,0,18,46,0,64,0,0,242,0,242,0,18,288,0,306,454,0,454,760
05/14/2014,HIO,OR,ANM,WE,Towers with Radar,0,14,50,0,64,0,0,254,0,254,0,14,304,0,318,529,0,529,847
05/15/2014,HIO,OR,ANM,WE,Towers with Radar,0,16,34,0,50,0,0,272,1,273,0,16,306,1,323,766,0,766,1089
05/16/2014,HIO,OR,ANM,WE,Towers with Radar,0,16,50,0,66,0,0,247,0,247,0,16,297,0,313,637,0,637,950
05/17/2014,HIO,OR,ANM,WE,Towers with Radar,0,7,33,0,40,0,0,159,0,159,0,7,192,0,199,612,0,612,811
05/18/2014,HIO,OR,ANM,WE,Towers with Radar,0,5,15,0,20,0,0,58,0,58,0,5,73,0,78,167,0,167,245
05/19/2014,HIO,OR,ANM,WE,Towers with Radar,0,13,55,0,68,0,2,140,0,142,0,15,195,0,210,744,0,744,954
05/20/2014,HIO,OR,ANM,WE,Towers with Radar,0,14,40,0,54,0,2,282,0,284,0,16,322,0,338,566,0,566,904
05/21/2014,HIO,OR,ANM,WE,Towers with Radar,0,14,35,0,49,0,0,258,0,258,0,14,293,0,307,603,0,603,910
05/22/2014,HIO,OR,ANM,WE,Towers with Radar,0,14,62,2,78,0,0,295,0,295,0,14,357,2,373,680,0,680,1053
05/23/2014,HIO,OR,ANM,WE,Towers with Radar,0,7,54,0,61,0,0,200,0,200,0,7,254,0,261,671,0,671,932
05/24/2014,HIO,OR,ANM,WE,Towers with Radar,0,7,43,0,50,0,0,157,0,157,0,7,200,0,207,638,0,638,845
05/25/2014,HIO,OR,ANM,WE,Towers with Radar,0,1,33,0,34,0,0,135,0,135,0,1,168,0,169,460,0,460,629
05/26/2014,HIO,OR,ANM,WE,Towers with Radar,0,5,48,0,53,0,0,230,0,230,0,5,278,0,283,576,0,576,859
05/27/2014,HIO,OR,ANM,WE,Towers with Radar,0,16,44,0,60,0,0,206,0,206,0,16,250,0,266,488,0,488,754
05/28/2014,HIO,OR,ANM,WE,Towers with Radar,0,17,46,0,63,0,0,174,0,174,0,17,220,0,237,501,0,501,738
05/29/2014,HIO,OR,ANM,WE,Towers with Radar,0,18,69,0,87,0,0,216,2,218,0,18,285,2,305,608,0,608,913
05/30/2014,HIO,OR,ANM,WE,Towers with Radar,0,15,55,0,70,0,0,292,0,292,0,15,347,0,362,618,0,618,980
05/31/2014,HIO,OR,ANM,WE,Towers with Radar,0,4,37,0,41,0,0,280,0,280,0,4,317,0,321,494,0,494,815
06/01/2014,HIO,OR,ANM,WE,Towers with Radar,0,5,47,0,52,0,0,176,0,176,0,5,223,0,228,567,0,567,795
06/02/2014,HIO,OR,ANM,WE,Towers with Radar,0,15,41,0,56,0,0,225,0,225,0,15,266,0,281,614,0,614,895
06/03/2014,HIO,OR,ANM,WE,Towers with Radar,0,17,58,2,77,0,0,158,0,158,0,17,216,2,235,746,0,746,981
06/04/2014,HIO,OR,ANM,WE,Towers with Radar,0,16,52,2,70,0,0,198,0,198,0,16,250,2,268,627,0,627,895
06/05/2014,HIO,OR,ANM,WE,Towers with Radar,0,13,37,1,51,0,0,260,1,261,0,13,297,2,312,383,0,383,695
06/06/2014,HIO,OR,ANM,WE,Towers with Radar,0,16,39,0,55,0,0,291,0,291,0,16,330,0,346,541,0,541,887
06/07/2014,HIO,OR,ANM,WE,Towers with Radar,0,5,32,0,37,0,0,266,0,266,0,5,298,0,303,508,0,508,811
06/08/2014,HIO,OR,ANM,WE,Towers with Radar,0,4,49,0,53,0,0,257,0,257,0,4,306,0,310,286,0,286,596
06/09/2014,HIO,OR,ANM,WE,Towers with Radar,0,17,43,1,61,0,0,263,0,263,0,17,306,1,324,579,0,579,903
06/10/2014,HIO,OR,ANM,WE,Towers with Radar,0,14,44,1,59,0,0,249,2,251,0,14,293,3,310,540,0,540,850
06/11/2014,HIO,OR,ANM,WE,Towers with Radar,0,12,47,0,59,0,0,258,0,258,0,12,305,0,317,507,0,507,824
06/12/2014,HIO,OR,ANM,WE,Towers with Radar,0,17,63,0,80,0,0,128,0,128,0,17,191,0,208,590,0,590,798
06/13/2014,HIO,OR,ANM,WE,Towers with Radar,0,13,45,2,60,0,0,126,0,126,0,13,171,2,186,578,0,578,764
06/14/2014,HIO,OR,ANM,WE,Towers with Radar,0,4,27,0,31,0,0,178,1,179,0,4,205,1,210,540,0,540,750
06/15/2014,HIO,OR,ANM,WE,Towers with Radar,0,4,43,1,48,0,0,65,0,65,0,4,108,1,113,259,0,259,372
06/16/2014,HIO,OR,ANM,WE,Towers with Radar,0,16,30,0,46,0,1,154,0,155,0,17,184,0,201,561,0,561,762
06/17/2014,HIO,OR,ANM,WE,Towers with Radar,0,14,59,2,75,0,0,127,0,127,0,14,186,2,202,483,0,483,685
06/18/2014,HIO,OR,ANM,WE,Towers with Radar,0,16,38,0,54,0,0,230,1,231,0,16,268,1,285,458,0,458,743
06/19/2014,HIO,OR,ANM,WE,Towers with Radar,0,13,45,0,58,0,0,274,0,274,0,13,319,0,332,405,0,405,737
06/20/2014,HIO,OR,ANM,WE,Towers with Radar,0,16,53,0,69,0,0,226,0,226,0,16,279,0,295,523,0,523,818
06/21/2014,HIO,OR,ANM,WE,Towers with Radar,0,3,29,0,32,0,0,232,0,232,0,3,261,0,264,488,0,488,752
06/22/2014,HIO,OR,ANM,WE,Towers with Radar,0,7,24,0,31,0,0,249,1,250,0,7,273,1,281,327,0,327,608
06/23/2014,HIO,OR,ANM,WE,Towers with Radar,0,12,38,0,50,0,2,276,0,278,0,14,314,0,328,451,0,451,779
06/24/2014,HIO,OR,ANM,WE,Towers with Radar,0,14,62,0,76,0,2,176,1,179,0,16,238,1,255,555,0,555,810
06/25/2014,HIO,OR,ANM,WE,Towers with Radar,0,17,57,1,75,0,4,179,1,184,0,21,236,2,259,304,0,304,563
06/26/2014,HIO,OR,ANM,WE,Towers with Radar,0,18,77,0,95,0,0,48,4,52,0,18,125,4,147,209,0,209,356
06/27/2014,HIO,OR,ANM,WE,Towers with Radar,0,22,74,2,98,0,0,95,3,98,0,22,169,5,196,202,0,202,398
06/28/2014,HIO,OR,ANM,WE,Towers with Radar,0,1,60,0,61,0,0,87,5,92,0,1,147,5,153,281,0,281,434
06/29/2014,HIO,OR,ANM,WE,Towers with Radar,0,5,46,0,51,0,0,253,2,255,0,5,299,2,306,444,0,444,750
06/30/2014,HIO,OR,ANM,WE,Towers with Radar,0,0,36,3,39,0,1,322,2,325,0,1,358,5,364,393,0,393,757
07/01/2014,HIO,OR,ANM,WE,Towers with Radar,0,0,48,0,48,0,0,274,2,276,0,0,322,2,324,448,0,448,772
07/02/2014,HIO,OR,ANM,WE,Towers with Radar,0,3,42,0,45,0,1,282,0,283,0,4,324,0,328,456,0,456,784
07/03/2014,HIO,OR,ANM,WE,Towers with Radar,0,1,61,0,62,0,0,257,0,257,0,1,318,0,319,553,0,553,872
07/04/2014,HIO,OR,ANM,WE,Towers with Radar,0,1,17,0,18,0,0,236,0,236,0,1,253,0,254,113,0,113,367
07/05/2014,HIO,OR,ANM,WE,Towers with Radar,0,3,30,0,33,0,0,249,1,250,0,3,279,1,283,288,0,288,571
07/06/2014,HIO,OR,ANM,WE,Towers with Radar,0,0,27,0,27,0,0,238,0,238,0,0,265,0,265,457,0,457,722
07/07/2014,HIO,OR,ANM,WE,Towers with Radar,0,16,39,0,55,0,0,264,0,264,0,16,303,0,319,586,0,586,905
07/08/2014,HIO,OR,ANM,WE,Towers with Radar,0,20,44,0,64,0,1,209,0,210,0,21,253,0,274,340,0,340,614
07/09/2014,HIO,OR,ANM,WE,Towers with Radar,0,16,44,0,60,0,0,235,0,235,0,16,279,0,295,395,0,395,690
07/10/2014,HIO,OR,ANM,WE,Towers with Radar,0,17,40,0,57,0,0,278,0,278,0,17,318,0,335,426,0,426,761
07/11/2014,HIO,OR,ANM,WE,Towers with Radar,0,14,27,0,41,0,1,248,0,249,0,15,275,0,290,559,0,559,849
07/12/2014,HIO,OR,ANM,WE,Towers with Radar,0,4,28,0,32,0,0,239,0,239,0,4,267,0,271,463,0,463,734
07/13/2014,HIO,OR,ANM,WE,Towers with Radar,0,3,26,0,29,0,0,95,0,95,0,3,121,0,124,167,0,167,291
07/14/2014,HIO,OR,ANM,WE,Towers with Radar,0,15,65,0,80,0,0,284,0,284,0,15,349,0,364,439,0,439,803
07/15/2014,HIO,OR,ANM,WE,Towers with Radar,0,18,39,1,58,0,0,285,1,286,0,18,324,2,344,327,0,327,671
07/16/2014,HIO,OR,ANM,WE,Towers with Radar,0,16,34,0,50,0,1,239,0,240,0,17,273,0,290,285,0,285,575
07/17/2014,HIO,OR,ANM,WE,Towers with Radar,0,15,52,0,67,0,2,331,2,335,0,17,383,2,402,256,0,256,658
07/18/2014,HIO,OR,ANM,WE,Towers with Radar,0,16,41,0,57,0,2,268,0,270,0,18,309,0,327,322,0,322,649
07/19/2014,HIO,OR,ANM,WE,Towers with Radar,0,5,42,0,47,0,0,246,0,246,0,5,288,0,293,411,0,411,704
07/20/2014,HIO,OR,ANM,WE,Towers with Radar,0,6,29,0,35,0,0,204,0,204,0,6,233,0,239,501,0,501,740
07/21/2014,HIO,OR,ANM,WE,Towers with Radar,0,13,33,0,46,0,11,270,0,281,0,24,303,0,327,364,0,364,691
07/22/2014,HIO,OR,ANM,WE,Towers with Radar,0,12,51,0,63,0,1,155,0,156,0,13,206,0,219,327,0,327,546
07/23/2014,HIO,OR,ANM,WE,Towers with Radar,0,12,64,0,76,0,1,60,0,61,0,13,124,0,137,166,0,166,303
07/24/2014,HIO,OR,ANM,WE,Towers with Radar,0,17,64,3,84,0,2,295,0,297,0,19,359,3,381,406,0,406,787
07/25/2014,HIO,OR,ANM,WE,Towers with Radar,0,13,45,0,58,0,1,288,0,289,0,14,333,0,347,351,0,351,698
07/26/2014,HIO,OR,ANM,WE,Towers with Radar,0,6,29,0,35,0,0,261,0,261,0,6,290,0,296,312,0,312,608
07/27/2014,HIO,OR,ANM,WE,Towers with Radar,0,5,25,0,30,0,0,250,0,250,0,5,275,0,280,301,0,301,581
07/28/2014,HIO,OR,ANM,WE,Towers with Radar,0,14,32,0,46,0,1,247,0,248,0,15,279,0,294,303,0,303,597
07/29/2014,HIO,OR,ANM,WE,Towers with Radar,0,15,44,1,60,0,1,241,1,243,0,16,285,2,303,315,0,315,618
07/30/2014,HIO,OR,ANM,WE,Towers with Radar,0,15,34,0,49,0,0,304,0,304,0,15,338,0,353,425,0,425,778
07/31/2014,HIO,OR,ANM,WE,Towers with Radar,0,15,27,0,42,0,0,297,0,297,0,15,324,0,339,436,0,436,775
08/01/2014,HIO,OR,ANM,WE,Towers with Radar,0,18,34,0,52,0,2,245,0,247,0,20,279,0,299,441,0,441,740
08/02/2014,HIO,OR,ANM,WE,Towers with Radar,0,5,23,0,28,0,0,285,0,285,0,5,308,0,313,391,0,391,704
08/03/2014,HIO,OR,ANM,WE,Towers with Radar,1,4,29,0,34,0,4,226,1,231,1,8,255,1,265,322,0,322,587
08/04/2014,HIO,OR,ANM,WE,Towers with Radar,0,12,29,0,41,0,1,280,0,281,0,13,309,0,322,428,0,428,750
08/05/2014,HIO,OR,ANM,WE,Towers with Radar,0,14,37,0,51,0,0,247,0,247,0,14,284,0,298,404,0,404,702
08/06/2014,HIO,OR,ANM,WE,Towers with Radar,0,14,50,0,64,0,2,252,0,254,0,16,302,0,318,458,0,458,776
08/07/2014,HIO,OR,ANM,WE,Towers with Radar,0,18,52,0,70,0,1,351,0,352,0,19,403,0,422,541,0,541,963
08/08/2014,HIO,OR,ANM,WE,Towers with Radar,0,13,36,0,49,0,0,293,2,295,0,13,329,2,344,520,0,520,864
08/09/2014,HIO,OR,ANM,WE,Towers with Radar,0,2,30,0,32,0,0,284,0,284,0,2,314,0,316,329,0,329,645
08/10/2014,HIO,OR,ANM,WE,Towers with Radar,0,2,33,0,35,0,1,263,0,264,0,3,296,0,299,305,0,305,604
08/11/2014,HIO,OR,ANM,WE,Towers with Radar,0,13,30,1,44,0,0,217,1,218,0,13,247,2,262,327,0,327,589
08/12/2014,HIO,OR,ANM,WE,Towers with Radar,0,18,22,0,40,0,0,133,1,134,0,18,155,1,174,214,0,214,388
08/13/2014,HIO,OR,ANM,WE,Towers with Radar,0,16,64,0,80,0,0,171,3,174,0,16,235,3,254,493,0,493,747
08/14/2014,HIO,OR,ANM,WE,Towers with Radar,0,14,76,1,91,0,1,251,0,252,0,15,327,1,343,612,0,612,955
08/15/2014,HIO,OR,ANM,WE,Towers with Radar,0,14,57,0,71,0,0,206,0,206,0,14,263,0,277,594,0,594,871
08/16/2014,HIO,OR,ANM,WE,Towers with Radar,0,3,27,0,30,0,0,292,0,292,0,3,319,0,322,453,0,453,775
08/17/2014,HIO,OR,ANM,WE,Towers with Radar,0,1,37,0,38,0,0,247,0,247,0,1,284,0,285,243,0,243,528
08/18/2014,HIO,OR,ANM,WE,Towers with Radar,0,18,52,0,70,0,0,280,1,281,0,18,332,1,351,328,0,328,679
08/19/2014,HIO,OR,ANM,WE,Towers with Radar,0,17,42,0,59,0,1,295,4,300,0,18,337,4,359,467,0,467,826
08/20/2014,HIO,OR,ANM,WE,Towers with Radar,0,17,61,0,78,0,0,274,0,274,0,17,335,0,352,531,0,531,883
08/21/2014,HIO,OR,ANM,WE,Towers with Radar,0,12,57,1,70,0,0,373,0,373,0,12,430,1,443,395,0,395,838
08/22/2014,HIO,OR,ANM,WE,Towers with Radar,0,16,51,0,67,0,0,291,0,291,0,16,342,0,358,510,0,510,868
08/23/2014,HIO,OR,ANM,WE,Towers with Radar,0,5,27,0,32,0,0,237,0,237,0,5,264,0,269,361,0,361,630
08/24/2014,HIO,OR,ANM,WE,Towers with Radar,0,10,39,0,49,0,1,219,0,220,0,11,258,0,269,338,0,338,607
08/25/2014,HIO,OR,ANM,WE,Towers with Radar,0,15,36,0,51,0,0,246,0,246,0,15,282,0,297,414,0,414,711
08/26/2014,HIO,OR,ANM,WE,Towers with Radar,0,19,42,0,61,0,1,304,0,305,0,20,346,0,366,504,0,504,870
08/27/2014,HIO,OR,ANM,WE,Towers with Radar,0,16,34,1,51,0,0,290,2,292,0,16,324,3,343,508,0,508,851
08/28/2014,HIO,OR,ANM,WE,Towers with Radar,0,12,46,0,58,0,2,281,0,283,0,14,327,0,341,576,0,576,917
08/29/2014,HIO,OR,ANM,WE,Towers with Radar,0,5,74,0,79,0,0,193,0,193,0,5,267,0,272,438,0,438,710
08/30/2014,HIO,OR,ANM,WE,Towers with Radar,0,1,61,0,62,0,0,99,0,99,0,1,160,0,161,313,0,313,474
08/31/2014,HIO,OR,ANM,WE,Towers with Radar,0,2,32,0,34,0,0,194,0,194,0,2,226,0,228,429,0,429,657
09/01/2014,HIO,OR,ANM,WE,Towers with Radar,0,2,45,0,47,0,0,275,0,275,0,2,320,0,322,380,0,380,702
09/02/2014,HIO,OR,ANM,WE,Towers with Radar,0,8,35,0,43,0,0,181,0,181,0,8,216,0,224,335,0,335,559
09/03/2014,HIO,OR,ANM,WE,Towers with Radar,0,15,31,0,46,0,1,237,0,238,0,16,268,0,284,436,0,436,720
09/04/2014,HIO,OR,ANM,WE,Towers with Radar,0,13,35,0,48,0,0,236,5,241,0,13,271,5,289,404,0,404,693
09/05/2014,HIO,OR,ANM,WE,Towers with Radar,0,14,32,0,46,0,0,186,0,186,0,14,218,0,232,220,0,220,452
09/06/2014,HIO,OR,ANM,WE,Towers with Radar,0,4,22,0,26,0,0,223,0,223,0,4,245,0,249,304,0,304,553
09/07/2014,HIO,OR,ANM,WE,Towers with Radar,0,3,21,0,24,0,0,209,0,209,0,3,230,0,233,334,0,334,567
09/08/2014,HIO,OR,ANM,WE,Towers with Radar,0,15,40,0,55,0,0,300,1,301,0,15,340,1,356,459,0,459,815
09/09/2014,HIO,OR,ANM,WE,Towers with Radar,0,18,35,0,53,0,1,298,6,305,0,19,333,6,358,520,0,520,878
09/10/2014,HIO,OR,ANM,WE,Towers with Radar,0,15,41,0,56,0,0,266,0,266,0,15,307,0,322,509,0,509,831
09/11/2014,HIO,OR,ANM,WE,Towers with Radar,0,14,11,0,25,0,0,24,0,24,0,14,35,0,49,1,0,1,50
09/12/2014,HIO,OR,ANM,WE,Towers with Radar,0,9,21,0,30,0,0,352,0,352,0,9,373,0,382,312,0,312,694
09/13/2014,HIO,OR,ANM,WE,Towers with Radar,0,7,23,0,30,0,0,33,0,33,0,7,56,0,63,0,0,0,63
09/14/2014,HIO,OR,ANM,WE,Towers with Radar,0,1,21,0,22,0,0,226,0,226,0,1,247,0,248,524,0,524,772
09/15/2014,HIO,OR,ANM,WE,Towers with Radar,0,16,46,0,62,0,0,294,0,294,0,16,340,0,356,665,0,665,1021
09/16/2014,HIO,OR,ANM,WE,Towers with Radar,0,22,40,1,63,0,0,269,0,269,0,22,309,1,332,633,0,633,965
09/17/2014,HIO,OR,ANM,WE,Towers with Radar,0,17,51,0,68,0,3,272,0,275,0,20,323,0,343,562,0,562,905
09/18/2014,HIO,OR,ANM,WE,Towers with Radar,0,15,90,7,112,0,4,224,11,239,0,19,314,18,351,347,0,347,698
09/19/2014,HIO,OR,ANM,WE,Towers with Radar,0,19,26,2,47,2,2,198,11,213,2,21,224,13,260,206,4,210,470
09/20/2014,HIO,OR,ANM,WE,Towers with Radar,2,1,11,0,14,1,2,95,11,109,3,3,106,11,123,78,0,78,201
09/21/2014,HIO,OR,ANM,WE,Towers with Radar,1,2,20,3,26,1,16,122,9,148,2,18,142,12,174,35,2,37,211
09/22/2014,HIO,OR,ANM,WE,Towers with Radar,0,17,69,2,88,0,0,206,4,210,0,17,275,6,298,703,0,703,1001
09/23/2014,HIO,OR,ANM,WE,Towers with Radar,0,13,67,5,85,0,0,181,1,182,0,13,248,6,267,723,0,723,990
09/24/2014,HIO,OR,ANM,WE,Towers with Radar,0,16,64,0,80,0,0,62,0,62,0,16,126,0,142,589,0,589,731
09/25/2014,HIO,OR,ANM,WE,Towers with Radar,0,17,62,3,82,0,0,140,2,142,0,17,202,5,224,564,0,564,788
09/26/2014,HIO,OR,ANM,WE,Towers with Radar,0,14,78,0,92,0,2,349,0,351,0,16,427,0,443,457,0,457,900
09/27/2014,HIO,OR,ANM,WE,Towers with Radar,0,3,54,0,57,0,0,221,0,221,0,3,275,0,278,354,0,354,632
09/28/2014,HIO,OR,ANM,WE,Towers with Radar,0,2,27,0,29,0,0,245,0,245,0,2,272,0,274,252,0,252,526
09/29/2014,HIO,OR,ANM,WE,Towers with Radar,0,17,90,0,107,0,0,10,0,10,0,17,100,0,117,198,0,198,315
09/30/2014,HIO,OR,ANM,WE,Towers with Radar,0,20,72,0,92,0,0,151,0,151,0,20,223,0,243,352,0,352,595
10/01/2014,HIO,OR,ANM,WE,Towers with Radar,0,17,52,1,70,0,0,229,1,230,0,17,281,2,300,510,0,510,810
10/02/2014,HIO,OR,ANM,WE,Towers with Radar,0,16,41,0,57,0,3,304,1,308,0,19,345,1,365,486,0,486,851
10/03/2014,HIO,OR,ANM,WE,Towers with Radar,0,13,37,0,50,0,3,288,0,291,0,16,325,0,341,375,0,375,716
10/04/2014,HIO,OR,ANM,WE,Towers with Radar,0,3,26,0,29,0,0,315,0,315,0,3,341,0,344,340,0,340,684
10/05/2014,HIO,OR,ANM,WE,Towers with Radar,0,4,30,0,34,0,0,196,0,196,0,4,226,0,230,338,0,338,568
10/06/2014,HIO,OR,ANM,WE,Towers with Radar,0,16,27,1,44,0,0,272,0,272,0,16,299,1,316,611,0,611,927
10/07/2014,HIO,OR,ANM,WE,Towers with Radar,0,14,28,0,42,0,0,277,0,277,0,14,305,0,319,464,0,464,783
10/08/2014,HIO,OR,ANM,WE,Towers with Radar,0,12,27,0,39,0,0,379,0,379,0,12,406,0,418,590,0,590,1008
10/09/2014,HIO,OR,ANM,WE,Towers with Radar,0,15,58,0,73,0,1,223,0,224,0,16,281,0,297,327,0,327,624
10/10/2014,HIO,OR,ANM,WE,Towers with Radar,0,20,46,0,66,0,0,190,0,190,0,20,236,0,256,457,0,457,713
10/11/2014,HIO,OR,ANM,WE,Towers with Radar,0,0,61,0,61,0,0,97,0,97,0,0,158,0,158,290,0,290,448
10/12/2014,HIO,OR,ANM,WE,Towers with Radar,0,2,28,0,30,0,0,127,0,127,0,2,155,0,157,226,0,226,383
10/13/2014,HIO,OR,ANM,WE,Towers with Radar,0,17,41,0,58,0,0,244,0,244,0,17,285,0,302,530,0,530,832
10/14/2014,HIO,OR,ANM,WE,Towers with Radar,0,16,61,1,78,0,0,89,0,89,0,16,150,1,167,460,0,460,627
10/15/2014,HIO,OR,ANM,WE,Towers with Radar,0,15,33,0,48,0,0,33,0,33,0,15,66,0,81,325,0,325,406
10/16/2014,HIO,OR,ANM,WE,Towers with Radar,0,16,41,0,57,0,2,320,0,322,0,18,361,0,379,436,0,436,815
10/17/2014,HIO,OR,ANM,WE,Towers with Radar,0,15,61,0,76,0,0,177,0,177,0,15,238,0,253,425,0,425,678
10/18/2014,HIO,OR,ANM,WE,Towers with Radar,0,7,50,0,57,0,0,148,0,148,0,7,198,0,205,586,0,586,791
10/19/2014,HIO,OR,ANM,WE,Towers with Radar,0,7,43,0,50,0,0,167,0,167,0,7,210,0,217,393,0,393,610
10/20/2014,HIO,OR,ANM,WE,Towers with Radar,0,14,61,0,75,0,0,68,0,68,0,14,129,0,143,444,0,444,587
10/21/2014,HIO,OR,ANM,WE,Towers with Radar,0,16,72,0,88,0,0,164,0,164,0,16,236,0,252,379,0,379,631
10/22/2014,HIO,OR,ANM,WE,Towers with Radar,0,15,29,2,46,0,0,1,0,1,0,15,30,2,47,142,0,142,189
10/23/2014,HIO,OR,ANM,WE,Towers with Radar,0,15,52,0,67,0,0,186,0,186,0,15,238,0,253,478,0,478,731
10/24/2014,HIO,OR,ANM,WE,Towers with Radar,0,16,69,0,85,0,1,152,0,153,0,17,221,0,238,470,0,470,708
10/25/2014,HIO,OR,ANM,WE,Towers with Radar,0,2,17,0,19,0,0,58,0,58,0,2,75,0,77,157,0,157,234
10/26/2014,HIO,OR,ANM,WE,Towers with Radar,0,4,37,0,41,0,0,131,0,131,0,4,168,0,172,440,0,440,612
10/27/2014,HIO,OR,ANM,WE,Towers with Radar,0,16,64,0,80,0,2,139,0,141,0,18,203,0,221,441,0,441,662
10/28/2014,HIO,OR,ANM,WE,Towers with Radar,0,17,59,0,76,0,0,88,1,89,0,17,147,1,165,367,0,367,532
10/29/2014,HIO,OR,ANM,WE,Towers with Radar,0,17,57,2,76,0,0,89,0,89,0,17,146,2,165,333,0,333,498
10/30/2014,HIO,OR,ANM,WE,Towers with Radar,0,15,69,0,84,0,0,119,0,119,0,15,188,0,203,336,0,336,539
10/31/2014,HIO,OR,ANM,WE,Towers with Radar,0,17,69,0,86,0,0,84,0,84,0,17,153,0,170,492,0,492,662
11/01/2014,HIO,OR,ANM,WE,Towers with Radar,0,0,46,0,46,0,0,2,0,2,0,0,48,0,48,53,0,53,101
11/02/2014,HIO,OR,ANM,WE,Towers with Radar,0,1,54,0,55,0,0,8,0,8,0,1,62,0,63,148,0,148,211
11/03/2014,HIO,OR,ANM,WE,Towers with Radar,0,17,57,0,74,0,0,11,0,11,0,17,68,0,85,367,0,367,452
11/04/2014,HIO,OR,ANM,WE,Towers with Radar,0,15,64,2,81,0,0,56,0,56,0,15,120,2,137,426,0,426,563
11/05/2014,HIO,OR,ANM,WE,Towers with Radar,0,16,57,5,78,0,1,147,0,148,0,17,204,5,226,380,0,380,606
11/06/2014,HIO,OR,ANM,WE,Towers with Radar,0,15,38,0,53,0,0,87,0,87,0,15,125,0,140,351,0,351,491
11/07/2014,HIO,OR,ANM,WE,Towers with Radar,0,13,27,0,40,0,0,130,1,131,0,13,157,1,171,278,0,278,449
11/08/2014,HIO,OR,ANM,WE,Towers with Radar,0,5,37,0,42,0,0,264,0,264,0,5,301,0,306,382,0,382,688
11/09/2014,HIO,OR,ANM,WE,Towers with Radar,0,3,43,0,46,0,0,55,0,55,0,3,98,0,101,257,0,257,358
11/10/2014,HIO,OR,ANM,WE,Towers with Radar,0,13,40,0,53,0,0,186,0,186,0,13,226,0,239,364,0,364,603
11/11/2014,HIO,OR,ANM,WE,Towers with Radar,0,15,12,0,27,0,0,6,0,6,0,15,18,0,33,1,0,1,34
11/12/2014,HIO,OR,ANM,WE,Towers with Radar,0,17,19,0,36,0,2,21,0,23,0,19,40,0,59,5,0,5,64
11/13/2014,HIO,OR,ANM,WE,Towers with Radar,0,10,7,0,17,0,0,0,0,0,0,10,7,0,17,0,0,0,17
11/14/2014,HIO,OR,ANM,WE,Towers with Radar,0,15,40,0,55,0,1,249,0,250,0,16,289,0,305,437,0,437,742
11/15/2014,HIO,OR,ANM,WE,Towers with Radar,0,6,25,0,31,0,0,173,0,173,0,6,198,0,204,206,0,206,410
11/16/2014,HIO,OR,ANM,WE,Towers with Radar,0,3,35,0,38,0,2,242,0,244,0,5,277,0,282,262,0,262,544
11/17/2014,HIO,OR,ANM,WE,Towers with Radar,0,15,39,0,54,0,0,263,0,263,0,15,302,0,317,446,0,446,763
11/18/2014,HIO,OR,ANM,WE,Towers with Radar,0,16,64,0,80,0,1,248,1,250,0,17,312,1,330,516,0,516,846
11/19/2014,HIO,OR,ANM,WE,Towers with Radar,0,14,41,0,55,0,0,275,0,275,0,14,316,0,330,602,0,602,932
11/20/2014,HIO,OR,ANM,WE,Towers with Radar,0,14,53,0,67,0,1,45,0,46,0,15,98,0,113,281,0,281,394
11/21/2014,HIO,OR,ANM,WE,Towers with Radar,0,14,46,0,60,0,0,40,0,40,0,14,86,0,100,267,0,267,367
11/22/2014,HIO,OR,ANM,WE,Towers with Radar,0,0,38,0,38,0,0,98,0,98,0,0,136,0,136,493,0,493,629
11/23/2014,HIO,OR,ANM,WE,Towers with Radar,0,5,36,0,41,0,0,26,0,26,0,5,62,0,67,96,0,96,163
11/24/2014,HIO,OR,ANM,WE,Towers with Radar,0,3,52,0,55,0,0,69,0,69,0,3,121,0,124,334,0,334,458
11/25/2014,HIO,OR,ANM,WE,Towers with Radar,0,1,64,0,65,0,0,119,1,120,0,1,183,1,185,614,0,614,799
11/26/2014,HIO,OR,ANM,WE,Towers with Radar,0,2,38,0,40,0,1,256,0,257,0,3,294,0,297,438,0,438,735
11/27/2014,HIO,OR,ANM,WE,Towers with Radar,0,1,20,0,21,0,1,54,0,55,0,2,74,0,76,69,0,69,145
11/28/2014,HIO,OR,ANM,WE,Towers with Radar,0,4,36,0,40,0,0,2,0,2,0,4,38,0,42,0,0,0,42
11/29/2014,HIO,OR,ANM,WE,Towers with Radar,0,5,21,0,26,0,0,57,1,58,0,5,78,1,84,239,0,239,323
11/30/2014,HIO,OR,ANM,WE,Towers with Radar,0,2,30,0,32,0,0,182,0,182,0,2,212,0,214,102,0,102,316
12/01/2014,HIO,OR,ANM,WE,Towers with Radar,0,19,36,0,55,0,0,185,1,186,0,19,221,1,241,437,0,437,678
12/02/2014,HIO,OR,ANM,WE,Towers with Radar,1,11,49,0,61,0,0,257,0,257,1,11,306,0,318,390,0,390,708
12/03/2014,HIO,OR,ANM,WE,Towers with Radar,0,16,46,0,62,0,0,244,0,244,0,16,290,0,306,468,0,468,774
12/04/2014,HIO,OR,ANM,WE,Towers with Radar,0,18,33,0,51,0,0,0,0,0,0,18,33,0,51,12,0,12,63
12/05/2014,HIO,OR,ANM,WE,Towers with Radar,0,12,44,0,56,0,0,181,1,182,0,12,225,1,238,601,0,601,839
12/06/2014,HIO,OR,ANM,WE,Towers with Radar,0,7,54,0,61,0,0,41,1,42,0,7,95,1,103,329,2,331,434
12/07/2014,HIO,OR,ANM,WE,Towers with Radar,0,8,23,0,31,0,0,196,0,196,0,8,219,0,227,399,0,399,626
12/08/2014,HIO,OR,ANM,WE,Towers with Radar,0,14,54,0,68,0,1,155,0,156,0,15,209,0,224,385,0,385,609
12/09/2014,HIO,OR,ANM,WE,Towers with Radar,0,14,25,0,39,0,0,33,0,33,0,14,58,0,72,312,0,312,384
12/10/2014,HIO,OR,ANM,WE,Towers with Radar,0,15,28,0,43,0,2,22,0,24,0,17,50,0,67,161,0,161,228
12/11/2014,HIO,OR,ANM,WE,Towers with Radar,0,3,17,0,20,0,0,76,0,76,0,3,93,0,96,299,0,299,395
12/12/2014,HIO,OR,ANM,WE,Towers with Radar,0,15,80,0,95,0,1,78,0,79,0,16,158,0,174,373,0,373,547
12/13/2014,HIO,OR,ANM,WE,Towers with Radar,0,4,40,0,44,0,0,3,0,3,0,4,43,0,47,0,0,0,47
12/14/2014,HIO,OR,ANM,WE,Towers with Radar,0,8,31,0,39,0,3,140,0,143,0,11,171,0,182,90,0,90,272
12/15/2014,HIO,OR,ANM,WE,Towers with Radar,0,15,31,0,46,0,0,195,0,195,0,15,226,0,241,337,0,337,578
12/16/2014,HIO,OR,ANM,WE,Towers with Radar,0,13,46,1,60,0,0,200,1,201,0,13,246,2,261,583,0,583,844
12/17/2014,HIO,OR,ANM,WE,Towers with Radar,0,13,42,0,55,0,0,130,0,130,0,13,172,0,185,422,0,422,607
12/18/2014,HIO,OR,ANM,WE,Towers with Radar,0,18,45,4,67,0,2,36,0,38,0,20,81,4,105,252,0,252,357
12/19/2014,HIO,OR,ANM,WE,Towers with Radar,0,23,45,0,68,0,2,106,0,108,0,25,151,0,176,600,0,600,776
12/20/2014,HIO,OR,ANM,WE,Towers with Radar,0,4,21,0,25,0,0,2,0,2,0,4,23,0,27,0,0,0,27
12/21/2014,HIO,OR,ANM,WE,Towers with Radar,0,2,27,0,29,0,0,117,0,117,0,2,144,0,146,469,0,469,615
12/22/2014,HIO,OR,ANM,WE,Towers with Radar,0,3,31,0,34,0,0,77,0,77,0,3,108,0,111,204,0,204,315
12/23/2014,HIO,OR,ANM,WE,Towers with Radar,0,5,30,0,35,0,0,0,0,0,0,5,30,0,35,0,0,0,35
12/24/2014,HIO,OR,ANM,WE,Towers with Radar,0,1,18,0,19,0,0,108,0,108,0,1,126,0,127,312,0,312,439
12/25/2014,HIO,OR,ANM,WE,Towers with Radar,0,0,4,0,4,0,0,0,0,0,0,0,4,0,4,0,0,0,4
12/26/2014,HIO,OR,ANM,WE,Towers with Radar,0,7,47,0,54,0,0,12,0,12,0,7,59,0,66,125,0,125,191
12/27/2014,HIO,OR,ANM,WE,Towers with Radar,0,7,52,0,59,0,0,46,0,46,0,7,98,0,105,347,0,347,452
12/28/2014,HIO,OR,ANM,WE,Towers with Radar,0,4,27,0,31,0,0,149,0,149,0,4,176,0,180,386,0,386,566
12/29/2014,HIO,OR,ANM,WE,Towers with Radar,0,0,15,0,15,0,0,171,0,171,0,0,186,0,186,256,0,256,442
12/30/2014,HIO,OR,ANM,WE,Towers with Radar,0,0,21,0,21,0,0,133,0,133,0,0,154,0,154,110,0,110,264
12/31/2014,HIO,OR,ANM,WE,Towers with Radar,0,3,23,0,26,0,0,219,0,219,0,3,242,0,245,367,0,367,612
01/01/2015,HIO,OR,ANM,WE,Towers with Radar,0,3,12,0,15,0,0,168,0,168,0,3,180,0,183,263,0,263,446
01/02/2015,HIO,OR,ANM,WE,Towers with Radar,0,5,38,0,43,0,2,208,0,210,0,7,246,0,253,374,0,374,627
01/03/2015,HIO,OR,ANM,WE,Towers with Radar,0,6,29,0,35,0,0,4,0,4,0,6,33,0,39,0,0,0,39
01/04/2015,HIO,OR,ANM,WE,Towers with Radar,0,3,51,0,54,0,0,0,0,0,0,3,51,0,54,58,0,58,112
01/05/2015,HIO,OR,ANM,WE,Towers with Radar,0,18,58,0,76,0,0,117,0,117,0,18,175,0,193,375,0,375,568
01/06/2015,HIO,OR,ANM,WE,Towers with Radar,0,11,16,0,27,0,0,4,0,4,0,11,20,0,31,34,0,34,65
01/07/2015,HIO,OR,ANM,WE,Towers with Radar,0,17,36,0,53,0,1,142,0,143,0,18,178,0,196,410,0,410,606
01/08/2015,HIO,OR,ANM,WE,Towers with Radar,0,18,41,0,59,0,3,147,0,150,0,21,188,0,209,410,0,410,619
01/09/2015,HIO,OR,ANM,WE,Towers with Radar,0,16,36,0,52,0,0,205,1,206,0,16,241,1,258,637,0,637,895
01/10/2015,HIO,OR,ANM,WE,Towers with Radar,0,0,67,0,67,0,0,8,0,8,0,0,75,0,75,171,0,171,246
01/11/2015,HIO,OR,ANM,WE,Towers with Radar,0,1,48,0,49,0,0,0,0,0,0,1,48,0,49,0,0,0,49
01/12/2015,HIO,OR,ANM,WE,Towers with Radar,0,19,45,0,64,0,0,82,0,82,0,19,127,0,146,404,0,404,550
01/13/2015,HIO,OR,ANM,WE,Towers with Radar,0,18,42,0,60,0,0,256,0,256,0,18,298,0,316,436,0,436,752
01/14/2015,HIO,OR,ANM,WE,Towers with Radar,0,26,40,0,66,0,4,284,0,288,0,30,324,0,354,402,0,402,756
01/15/2015,HIO,OR,ANM,WE,Towers with Radar,0,27,66,1,94,0,0,96,1,97,0,27,162,2,191,384,0,384,575
01/16/2015,HIO,OR,ANM,WE,Towers with Radar,0,17,24,0,41,0,0,58,0,58,0,17,82,0,99,153,0,153,252
01/17/2015,HIO,OR,ANM,WE,Towers with Radar,0,1,20,0,21,0,0,0,0,0,0,1,20,0,21,2,0,2,23
01/18/2015,HIO,OR,ANM,WE,Towers with Radar,0,3,18,0,21,0,0,44,0,44,0,3,62,0,65,444,0,444,509
01/19/2015,HIO,OR,ANM,WE,Towers with Radar,0,11,53,0,64,0,0,17,0,17,0,11,70,0,81,95,0,95,176
01/20/2015,HIO,OR,ANM,WE,Towers with Radar,0,9,31,0,40,0,0,171,0,171,0,9,202,0,211,380,0,380,591
01/21/2015,HIO,OR,ANM,WE,Towers with Radar,0,13,41,0,54,0,7,239,0,246,0,20,280,0,300,566,0,566,866
01/22/2015,HIO,OR,ANM,WE,Towers with Radar,0,19,36,0,55,0,1,206,0,207,0,20,242,0,262,373,0,373,635
01/23/2015,HIO,OR,ANM,WE,Towers with Radar,0,16,62,0,78,0,0,96,0,96,0,16,158,0,174,300,0,300,474
01/24/2015,HIO,OR,ANM,WE,Towers with Radar,0,6,61,0,67,0,0,138,0,138,0,6,199,0,205,341,0,341,546
01/25/2015,HIO,OR,ANM,WE,Towers with Radar,0,0,24,0,24,0,0,28,0,28,0,0,52,0,52,87,0,87,139
01/26/2015,HIO,OR,ANM,WE,Towers with Radar,0,9,22,2,33,0,0,2,0,2,0,9,24,2,35,0,0,0,35
01/27/2015,HIO,OR,ANM,WE,Towers with Radar,0,9,45,0,54,0,0,1,0,1,0,9,46,0,55,4,0,4,59
01/28/2015,HIO,OR,ANM,WE,Towers with Radar,0,15,82,0,97,0,0,61,0,61,0,15,143,0,158,220,0,220,378
01/29/2015,HIO,OR,ANM,WE,Towers with Radar,0,19,30,2,51,0,0,130,0,130,0,19,160,2,181,327,0,327,508
01/30/2015,HIO,OR,ANM,WE,Towers with Radar,0,17,44,2,63,0,0,239,0,239,0,17,283,2,302,502,0,502,804
01/31/2015,HIO,OR,ANM,WE,Towers with Radar,0,1,43,0,44,0,0,203,1,204,0,1,246,1,248,352,0,352,600
02/01/2015,HIO,OR,ANM,WE,Towers with Radar,0,3,27,0,30,0,0,10,0,10,0,3,37,0,40,188,0,188,228
02/02/2015,HIO,OR,ANM,WE,Towers with Radar,0,15,51,2,68,0,0,78,0,78,0,15,129,2,146,356,0,356,502
02/03/2015,HIO,OR,ANM,WE,Towers with Radar,0,16,67,2,85,0,0,69,0,69,0,16,136,2,154,409,0,409,563
02/04/2015,HIO,OR,ANM,WE,Towers with Radar,0,17,57,0,74,0,0,168,1,169,0,17,225,1,243,691,0,691,934
02/05/2015,HIO,OR,ANM,WE,Towers with Radar,0,15,46,2,63,0,0,5,0,5,0,15,51,2,68,137,0,137,205
02/06/2015,HIO,OR,ANM,WE,Towers with Radar,0,13,27,0,40,0,0,22,0,22,0,13,49,0,62,351,0,351,413
02/07/2015,HIO,OR,ANM,WE,Towers with Radar,0,10,16,0,26,0,0,7,0,7,0,10,23,0,33,113,0,113,146
02/08/2015,HIO,OR,ANM,WE,Towers with Radar,0,6,49,0,55,0,0,147,0,147,0,6,196,0,202,508,0,508,710
02/09/2015,HIO,OR,ANM,WE,Towers with Radar,0,14,25,0,39,0,1,5,0,6,0,15,30,0,45,46,0,46,91
02/10/2015,HIO,OR,ANM,WE,Towers with Radar,0,16,78,1,95,0,0,139,1,140,0,16,217,2,235,542,0,542,777
02/11/2015,HIO,OR,ANM,WE,Towers with Radar,0,15,54,0,69,0,0,184,2,186,0,15,238,2,255,472,0,472,727
02/12/2015,HIO,OR,ANM,WE,Towers with Radar,0,11,36,2,49,0,0,9,0,9,0,11,45,2,58,0,0,0,58
02/13/2015,HIO,OR,ANM,WE,Towers with Radar,0,3,40,0,43,0,1,126,0,127,0,4,166,0,170,265,0,265,435
02/14/2015,HIO,OR,ANM,WE,Towers with Radar,0,1,40,0,41,0,0,146,0,146,0,1,186,0,187,233,0,233,420
02/15/2015,HIO,OR,ANM,WE,Towers with Radar,0,5,40,0,45,0,0,219,0,219,0,5,259,0,264,157,0,157,421
02/16/2015,HIO,OR,ANM,WE,Towers with Radar,0,1,29,0,30,0,2,159,1,162,0,3,188,1,192,83,0,83,275
02/17/2015,HIO,OR,ANM,WE,Towers with Radar,0,16,44,4,64,0,0,294,0,294,0,16,338,4,358,485,2,487,845
02/18/2015,HIO,OR,ANM,WE,Towers with Radar,0,15,52,0,67,0,0,183,0,183,0,15,235,0,250,579,0,579,829
02/19/2015,HIO,OR,ANM,WE,Towers with Radar,0,13,56,1,70,0,2,168,0,170,0,15,224,1,240,484,0,484,724
02/20/2015,HIO,OR,ANM,WE,Towers with Radar,0,16,65,0,81,0,0,152,0,152,0,16,217,0,233,487,0,487,720
02/21/2015,HIO,OR,ANM,WE,Towers with Radar,0,3,67,0,70,0,0,225,0,225,0,3,292,0,295,339,0,339,634
02/22/2015,HIO,OR,ANM,WE,Towers with Radar,0,1,30,0,31,0,0,151,0,151,0,1,181,0,182,130,0,130,312
02/23/2015,HIO,OR,ANM,WE,Towers with Radar,0,23,30,1,54,0,3,254,0,257,0,26,284,1,311,378,0,378,689
02/24/2015,HIO,OR,ANM,WE,Towers with Radar,0,12,46,1,59,0,0,312,2,314,0,12,358,3,373,502,0,502,875
02/25/2015,HIO,OR,ANM,WE,Towers with Radar,0,14,45,0,59,0,0,142,0,142,0,14,187,0,201,301,0,301,502
02/26/2015,HIO,OR,ANM,WE,Towers with Radar,0,15,51,0,66,0,1,18,0,19,0,16,69,0,85,259,0,259,344
02/27/2015,HIO,OR,ANM,WE,Towers with Radar,0,17,44,0,61,0,0,48,0,48,0,17,92,0,109,278,0,278,387
02/28/2015,HIO,OR,ANM,WE,Towers with Radar,0,5,29,0,34,0,0,294,0,294,0,5,323,0,328,297,0,297,625
03/01/2015,HIO,OR,ANM,WE,Towers with Radar,0,1,30,0,31,0,0,234,0,234,0,1,264,0,265,387,0,387,652
03/02/2015,HIO,OR,ANM,WE,Towers with Radar,0,18,31,0,49,0,0,143,0,143,0,18,174,0,192,516,0,516,708
03/03/2015,HIO,OR,ANM,WE,Towers with Radar,0,12,36,2,50,0,0,211,0,211,0,12,247,2,261,466,0,466,727
03/04/2015,HIO,OR,ANM,WE,Towers with Radar,0,13,47,1,61,0,0,251,0,251,0,13,298,1,312,320,0,320,632
03/05/2015,HIO,OR,ANM,WE,Towers with Radar,0,15,47,0,62,0,0,222,0,222,0,15,269,0,284,309,0,309,593
03/06/2015,HIO,OR,ANM,WE,Towers with Radar,0,18,36,0,54,0,1,185,0,186,0,19,221,0,240,318,0,318,558
03/07/2015,HIO,OR,ANM,WE,Towers with Radar,0,3,26,0,29,0,2,242,0,244,0,5,268,0,273,367,0,367,640
03/08/2015,HIO,OR,ANM,WE,Towers with Radar,0,6,28,0,34,0,0,207,0,207,0,6,235,0,241,303,0,303,544
03/09/2015,HIO,OR,ANM,WE,Towers with Radar,0,13,31,5,49,0,1,234,1,236,0,14,265,6,285,416,0,416,701
03/10/2015,HIO,OR,ANM,WE,Towers with Radar,0,21,32,0,53,0,2,219,0,221,0,23,251,0,274,416,0,416,690
03/11/2015,HIO,OR,ANM,WE,Towers with Radar,0,15,39,0,54,0,0,134,0,134,0,15,173,0,188,490,0,490,678
03/12/2015,HIO,OR,ANM,WE,Towers with Radar,0,15,49,3,67,0,0,182,2,184,0,15,231,5,251,515,0,515,766
03/13/2015,HIO,OR,ANM,WE,Towers with Radar,0,17,31,0,48,0,0,234,0,234,0,17,265,0,282,409,0,409,691
03/14/2015,HIO,OR,ANM,WE,Towers with Radar,0,5,44,0,49,0,0,10,0,10,0,5,54,0,59,206,0,206,265
03/15/2015,HIO,OR,ANM,WE,Towers with Radar,0,10,17,0,27,0,5,13,0,18,0,15,30,0,45,75,0,75,120
03/16/2015,HIO,OR,ANM,WE,Towers with Radar,0,19,38,0,57,0,1,207,0,208,0,20,245,0,265,400,0,400,665
03/17/2015,HIO,OR,ANM,WE,Towers with Radar,0,17,40,0,57,0,0,149,0,149,0,17,189,0,206,490,0,490,696
03/18/2015,HIO,OR,ANM,WE,Towers with Radar,0,22,58,0,80,0,0,160,1,161,0,22,218,1,241,373,0,373,614
03/19/2015,HIO,OR,ANM,WE,Towers with Radar,0,20,46,0,66,0,0,224,0,224,0,20,270,0,290,511,0,511,801
03/20/2015,HIO,OR,ANM,WE,Towers with Radar,0,21,54,0,75,0,0,187,0,187,0,21,241,0,262,359,0,359,621
03/21/2015,HIO,OR,ANM,WE,Towers with Radar,0,3,62,0,65,0,0,120,0,120,0,3,182,0,185,278,0,278,463
03/22/2015,HIO,OR,ANM,WE,Towers with Radar,0,5,41,0,46,0,0,62,0,62,0,5,103,0,108,360,0,360,468
03/23/2015,HIO,OR,ANM,WE,Towers with Radar,0,18,19,0,37,0,0,5,0,5,0,18,24,0,42,159,0,159,201
03/24/2015,HIO,OR,ANM,WE,Towers with Radar,0,13,45,0,58,0,0,148,0,148,0,13,193,0,206,533,0,533,739
03/25/2015,HIO,OR,ANM,WE,Towers with Radar,0,18,68,3,89,0,0,48,0,48,0,18,116,3,137,495,0,495,632
03/26/2015,HIO,OR,ANM,WE,Towers with Radar,0,15,33,0,48,0,0,174,0,174,0,15,207,0,222,266,0,266,488
03/27/2015,HIO,OR,ANM,WE,Towers with Radar,0,21,42,0,63,0,1,167,0,168,0,22,209,0,231,281,0,281,512
03/28/2015,HIO,OR,ANM,WE,Towers with Radar,0,4,43,0,47,0,0,166,0,166,0,4,209,0,213,340,0,340,553
03/29/2015,HIO,OR,ANM,WE,Towers with Radar,0,8,20,0,28,0,0,237,0,237,0,8,257,0,265,287,0,287,552
03/30/2015,HIO,OR,ANM,WE,Towers with Radar,0,15,52,0,67,0,0,150,0,150,0,15,202,0,217,141,0,141,358
03/31/2015,HIO,OR,ANM,WE,Towers with Radar,0,15,20,0,35,0,0,35,0,35,0,15,55,0,70,335,0,335,405
04/01/2015,HIO,OR,ANM,WE,Towers with Radar,0,16,35,0,51,0,0,36,0,36,0,16,71,0,87,327,0,327,414
04/02/2015,HIO,OR,ANM,WE,Towers with Radar,0,16,42,0,58,0,0,149,0,149,0,16,191,0,207,599,0,599,806
04/03/2015,HIO,OR,ANM,WE,Towers with Radar,0,15,37,0,52,0,0,22,0,22,0,15,59,0,74,167,0,167,241
04/04/2015,HIO,OR,ANM,WE,Towers with Radar,0,3,34,0,37,0,0,177,0,177,0,3,211,0,214,379,0,379,593
04/05/2015,HIO,OR,ANM,WE,Towers with Radar,0,0,20,0,20,0,0,158,0,158,0,0,178,0,178,227,0,227,405
04/06/2015,HIO,OR,ANM,WE,Towers with Radar,0,20,34,0,54,0,0,164,4,168,0,20,198,4,222,544,0,544,766
04/07/2015,HIO,OR,ANM,WE,Towers with Radar,0,16,40,0,56,0,0,196,0,196,0,16,236,0,252,528,0,528,780
04/08/2015,HIO,OR,ANM,WE,Towers with Radar,0,16,23,0,39,0,0,76,0,76,0,16,99,0,115,202,0,202,317
04/09/2015,HIO,OR,ANM,WE,Towers with Radar,0,17,42,1,60,0,1,255,0,256,0,18,297,1,316,334,0,334,650
04/10/2015,HIO,OR,ANM,WE,Towers with Radar,0,16,42,0,58,0,0,191,1,192,0,16,233,1,250,341,0,341,591
04/11/2015,HIO,OR,ANM,WE,Towers with Radar,0,2,20,0,22,0,1,40,0,41,0,3,60,0,63,269,0,269,332
04/12/2015,HIO,OR,ANM,WE,Towers with Radar,0,4,45,0,49,0,2,196,0,198,0,6,241,0,247,500,0,500,747
04/13/2015,HIO,OR,ANM,WE,Towers with Radar,0,16,47,0,63,0,0,120,0,120,0,16,167,0,183,309,0,309,492
04/14/2015,HIO,OR,ANM,WE,Towers with Radar,0,18,35,0,53,0,4,73,0,77,0,22,108,0,130,406,0,406,536
04/15/2015,HIO,OR,ANM,WE,Towers with Radar,0,18,43,0,61,0,1,282,0,283,0,19,325,0,344,496,0,496,840
04/16/2015,HIO,OR,ANM,WE,Towers with Radar,0,20,45,0,65,0,2,260,0,262,0,22,305,0,327,405,0,405,732
04/17/2015,HIO,OR,ANM,WE,Towers with Radar,0,17,48,0,65,0,0,278,0,278,0,17,326,0,343,248,0,248,591
04/18/2015,HIO,OR,ANM,WE,Towers with Radar,0,4,33,0,37,0,1,237,0,238,0,5,270,0,275,414,0,414,689
04/19/2015,HIO,OR,ANM,WE,Towers with Radar,0,6,23,0,29,0,2,232,1,235,0,8,255,1,264,262,0,262,526
04/20/2015,HIO,OR,ANM,WE,Towers with Radar,0,19,36,2,57,0,3,240,0,243,0,22,276,2,300,456,0,456,756
04/21/2015,HIO,OR,ANM,WE,Towers with Radar,0,17,53,0,70,0,0,113,3,116,0,17,166,3,186,259,0,259,445
04/22/2015,HIO,OR,ANM,WE,Towers with Radar,0,15,52,0,67,0,0,200,0,200,0,15,252,0,267,393,0,393,660
04/23/2015,HIO,OR,ANM,WE,Towers with Radar,0,16,57,1,74,0,3,83,0,86,0,19,140,1,160,345,0,345,505
04/24/2015,HIO,OR,ANM,WE,Towers with Radar,0,20,48,0,68,0,0,75,0,75,0,20,123,0,143,351,0,351,494
04/25/2015,HIO,OR,ANM,WE,Towers with Radar,0,5,41,1,47,0,0,168,0,168,0,5,209,1,215,315,0,315,530
04/26/2015,HIO,OR,ANM,WE,Towers with Radar,0,9,37,0,46,0,0,113,0,113,0,9,150,0,159,249,0,249,408
04/27/2015,HIO,OR,ANM,WE,Towers with Radar,0,17,33,0,50,0,1,244,1,246,0,18,277,1,296,253,0,253,549
04/28/2015,HIO,OR,ANM,WE,Towers with Radar,0,18,43,0,61,0,0,72,0,72,0,18,115,0,133,238,0,238,371
04/29/2015,HIO,OR,ANM,WE,Towers with Radar,0,15,45,3,63,0,0,195,0,195,0,15,240,3,258,293,0,293,551
04/30/2015,HIO,OR,ANM,WE,Towers with Radar,0,13,43,0,56,0,1,284,2,287,0,14,327,2,343,310,0,310,653
05/01/2015,HIO,OR,ANM,WE,Towers with Radar,0,16,48,0,64,0,4,284,0,288,0,20,332,0,352,375,0,375,727
05/02/2015,HIO,OR,ANM,WE,Towers with Radar,0,5,32,0,37,0,0,228,0,228,0,5,260,0,265,308,0,308,573
05/03/2015,HIO,OR,ANM,WE,Towers with Radar,0,5,31,0,36,0,0,199,0,199,0,5,230,0,235,283,0,283,518
05/04/2015,HIO,OR,ANM,WE,Towers with Radar,0,17,44,0,61,0,0,207,0,207,0,17,251,0,268,342,0,342,610
05/05/2015,HIO,OR,ANM,WE,Towers with Radar,0,16,32,0,48,0,3,123,0,126,0,19,155,0,174,218,0,218,392
05/06/2015,HIO,OR,ANM,WE,Towers with Radar,0,14,39,0,53,0,0,115,0,115,0,14,154,0,168,410,0,410,578
05/07/2015,HIO,OR,ANM,WE,Towers with Radar,0,18,41,0,59,0,0,164,0,164,0,18,205,0,223,255,0,255,478
05/08/2015,HIO,OR,ANM,WE,Towers with Radar,0,12,30,0,42,0,0,195,1,196,0,12,225,1,238,254,0,254,492
05/09/2015,HIO,OR,ANM,WE,Towers with Radar,0,2,19,0,21,0,0,267,0,267,0,2,286,0,288,462,0,462,750
05/10/2015,HIO,OR,ANM,WE,Towers with Radar,0,6,32,0,38,0,0,171,0,171,0,6,203,0,209,282,0,282,491
05/11/2015,HIO,OR,ANM,WE,Towers with Radar,0,16,40,0,56,0,0,156,0,156,0,16,196,0,212,384,0,384,596
05/12/2015,HIO,OR,ANM,WE,Towers with Radar,0,16,58,0,74,0,0,17,0,17,0,16,75,0,91,100,0,100,191
05/13/2015,HIO,OR,ANM,WE,Towers with Radar,0,15,48,3,66,0,0,124,1,125,0,15,172,4,191,373,3,376,567
05/14/2015,HIO,OR,ANM,WE,Towers with Radar,0,24,35,0,59,0,0,267,0,267,0,24,302,0,326,353,0,353,679
05/15/2015,HIO,OR,ANM,WE,Towers with Radar,0,20,49,1,70,0,0,126,0,126,0,20,175,1,196,368,0,368,564
05/16/2015,HIO,OR,ANM,WE,Towers with Radar,0,0,33,0,33,0,0,129,0,129,0,0,162,0,162,241,0,241,403
05/17/2015,HIO,OR,ANM,WE,Towers with Radar,0,5,35,0,40,0,0,177,0,177,0,5,212,0,217,234,0,234,451
05/18/2015,HIO,OR,ANM,WE,Towers with Radar,0,19,36,0,55,0,0,200,0,200,0,19,236,0,255,358,0,358,613
05/19/2015,HIO,OR,ANM,WE,Towers with Radar,0,14,77,5,96,0,0,69,1,70,0,14,146,6,166,459,0,459,625
05/20/2015,HIO,OR,ANM,WE,Towers with Radar,0,17,50,3,70,0,1,118,0,119,0,18,168,3,189,362,0,362,551
05/21/2015,HIO,OR,ANM,WE,Towers with Radar,0,20,61,0,81,0,0,113,0,113,0,20,174,0,194,268,0,268,462
05/22/2015,HIO,OR,ANM,WE,Towers with Radar,0,6,89,2,97,0,0,70,1,71,0,6,159,3,168,296,0,296,464
05/23/2015,HIO,OR,ANM,WE,Towers with Radar,0,5,54,0,59,0,1,91,0,92,0,6,145,0,151,234,0,234,385
05/24/2015,HIO,OR,ANM,WE,Towers with Radar,0,7,48,0,55,0,0,71,0,71,0,7,119,0,126,291,0,291,417
05/25/2015,HIO,OR,ANM,WE,Towers with Radar,0,10,64,0,74,0,0,167,0,167,0,10,231,0,241,349,0,349,590
05/26/2015,HIO,OR,ANM,WE,Towers with Radar,0,20,54,0,74,0,2,231,0,233,0,22,285,0,307,365,0,365,672
05/27/2015,HIO,OR,ANM,WE,Towers with Radar,0,16,40,1,57,0,0,290,1,291,0,16,330,2,348,506,0,506,854
05/28/2015,HIO,OR,ANM,WE,Towers with Radar,0,19,25,3,47,0,0,283,0,283,0,19,308,3,330,351,0,351,681
05/29/2015,HIO,OR,ANM,WE,Towers with Radar,0,15,33,0,48,0,1,290,0,291,0,16,323,0,339,364,0,364,703
05/30/2015,HIO,OR,ANM,WE,Towers with Radar,0,3,28,0,31,0,0,248,0,248,0,3,276,0,279,243,0,243,522
05/31/2015,HIO,OR,ANM,WE,Towers with Radar,0,5,32,0,37,0,0,165,0,165,0,5,197,0,202,212,0,212,414
06/01/2015,HIO,OR,ANM,WE,Towers with Radar,0,18,36,0,54,0,0,20,0,20,0,18,56,0,74,229,0,229,303
06/02/2015,HIO,OR,ANM,WE,Towers with Radar,0,18,50,0,68,0,0,30,0,30,0,18,80,0,98,182,0,182,280
06/03/2015,HIO,OR,ANM,WE,Towers with Radar,0,16,50,2,68,0,0,58,2,60,0,16,108,4,128,280,0,280,408
06/04/2015,HIO,OR,ANM,WE,Towers with Radar,0,15,41,4,60,0,1,260,0,261,0,16,301,4,321,364,0,364,685
06/05/2015,HIO,OR,ANM,WE,Towers with Radar,0,14,42,0,56,0,1,286,0,287,0,15,328,0,343,292,0,292,635
06/06/2015,HIO,OR,ANM,WE,Towers with Radar,0,2,19,0,21,0,1,246,0,247,0,3,265,0,268,278,0,278,546
06/07/2015,HIO,OR,ANM,WE,Towers with Radar,0,3,29,0,32,0,0,191,0,191,0,3,220,0,223,211,0,211,434
06/08/2015,HIO,OR,ANM,WE,Towers with Radar,0,12,23,0,35,0,0,263,1,264,0,12,286,1,299,331,0,331,630
06/09/2015,HIO,OR,ANM,WE,Towers with Radar,0,18,33,0,51,0,0,197,0,197,0,18,230,0,248,245,0,245,493
06/10/2015,HIO,OR,ANM,WE,Towers with Radar,0,20,50,0,70,0,0,245,2,247,0,20,295,2,317,407,0,407,724
06/11/2015,HIO,OR,ANM,WE,Towers with Radar,0,20,41,0,61,0,0,217,0,217,0,20,258,0,278,309,0,309,587
06/12/2015,HIO,OR,ANM,WE,Towers with Radar,0,12,24,0,36,0,0,241,0,241,0,12,265,0,277,404,0,404,681
06/13/2015,HIO,OR,ANM,WE,Towers with Radar,0,5,30,0,35,0,0,257,0,257,0,5,287,0,292,439,0,439,731
06/14/2015,HIO,OR,ANM,WE,Towers with Radar,0,9,33,0,42,0,0,195,0,195,0,9,228,0,237,156,0,156,393
06/15/2015,HIO,OR,ANM,WE,Towers with Radar,0,15,25,0,40,0,0,277,0,277,0,15,302,0,317,331,0,331,648
06/16/2015,HIO,OR,ANM,WE,Towers with Radar,0,15,37,0,52,0,0,266,0,266,0,15,303,0,318,393,0,393,711
06/17/2015,HIO,OR,ANM,WE,Towers with Radar,0,18,33,1,52,0,0,296,0,296,0,18,329,1,348,412,0,412,760
06/18/2015,HIO,OR,ANM,WE,Towers with Radar,0,17,37,0,54,0,0,273,1,274,0,17,310,1,328,343,0,343,671
06/19/2015,HIO,OR,ANM,WE,Towers with Radar,0,18,49,0,67,0,3,235,3,241,0,21,284,3,308,494,0,494,802
06/20/2015,HIO,OR,ANM,WE,Towers with Radar,0,8,18,0,26,0,2,259,4,265,0,10,277,4,291,301,0,301,592
06/21/2015,HIO,OR,ANM,WE,Towers with Radar,0,4,26,0,30,0,0,213,0,213,0,4,239,0,243,216,0,216,459
06/22/2015,HIO,OR,ANM,WE,Towers with Radar,0,19,39,0,58,0,1,264,3,268,0,20,303,3,326,404,0,404,730
06/23/2015,HIO,OR,ANM,WE,Towers with Radar,0,17,34,0,51,0,2,280,2,284,0,19,314,2,335,404,0,404,739
06/24/2015,HIO,OR,ANM,WE,Towers with Radar,0,12,35,0,47,0,0,282,0,282,0,12,317,0,329,433,0,433,762
06/25/2015,HIO,OR,ANM,WE,Towers with Radar,0,18,32,0,50,0,3,256,0,259,0,21,288,0,309,285,0,285,594
06/26/2015,HIO,OR,ANM,WE,Towers with Radar,0,12,32,0,44,0,4,249,0,253,0,16,281,0,297,350,0,350,647
06/27/2015,HIO,OR,ANM,WE,Towers with Radar,0,3,16,0,19,0,2,166,3,171,0,5,182,3,190,322,0,322,512
06/28/2015,HIO,OR,ANM,WE,Towers with Radar,0,2,22,0,24,0,0,110,0,110,0,2,132,0,134,248,0,248,382
06/29/2015,HIO,OR,ANM,WE,Towers with Radar,0,1,28,1,30,0,1,270,0,271,0,2,298,1,301,282,0,282,583
06/30/2015,HIO,OR,ANM,WE,Towers with Radar,0,7,28,0,35,0,0,289,0,289,0,7,317,0,324,343,0,343,667
07/01/2015,HIO,OR,ANM,WE,Towers with Radar,0,9,35,2,46,0,2,221,0,223,0,11,256,2,269,243,0,243,512
07/02/2015,HIO,OR,ANM,WE,Towers with Radar,0,4,53,3,60,0,1,236,2,239,0,5,289,5,299,223,0,223,522
07/03/2015,HIO,OR,ANM,WE,Towers with Radar,0,0,24,0,24,0,3,233,0,236,0,3,257,0,260,237,0,237,497
07/04/2015,HIO,OR,ANM,WE,Towers with Radar,0,2,16,0,18,0,1,187,0,188,0,3,203,0,206,77,0,77,283
07/05/2015,HIO,OR,ANM,WE,Towers with Radar,0,1,28,0,29,0,0,164,0,164,0,1,192,0,193,210,0,210,403
07/06/2015,HIO,OR,ANM,WE,Towers with Radar,0,18,23,0,41,0,1,204,0,205,0,19,227,0,246,429,0,429,675
07/07/2015,HIO,OR,ANM,WE,Towers with Radar,0,15,51,0,66,0,2,212,0,214,0,17,263,0,280,403,0,403,683
07/08/2015,HIO,OR,ANM,WE,Towers with Radar,0,12,49,0,61,0,0,228,0,228,0,12,277,0,289,309,0,309,598
07/09/2015,HIO,OR,ANM,WE,Towers with Radar,0,14,49,0,63,0,4,239,1,244,0,18,288,1,307,380,0,380,687
07/10/2015,HIO,OR,ANM,WE,Towers with Radar,0,16,84,0,100,0,0,173,0,173,0,16,257,0,273,577,0,577,850
07/11/2015,HIO,OR,ANM,WE,Towers with Radar,0,1,73,0,74,0,1,159,0,160,0,2,232,0,234,467,0,467,701
07/12/2015,HIO,OR,ANM,WE,Towers with Radar,0,0,39,0,39,0,0,198,0,198,0,0,237,0,237,296,0,296,533
07/13/2015,HIO,OR,ANM,WE,Towers with Radar,0,14,43,0,57,0,2,196,0,198,0,16,239,0,255,484,0,484,739
07/14/2015,HIO,OR,ANM,WE,Towers with Radar,0,18,34,2,54,0,1,350,2,353,0,19,384,4,407,536,0,536,943
07/15/2015,HIO,OR,ANM,WE,Towers with Radar,2,16,36,5,59,0,1,295,12,308,2,17,331,17,367,392,0,392,759
07/16/2015,HIO,OR,ANM,WE,Towers with Radar,0,15,39,2,56,0,2,216,21,239,0,17,255,23,295,273,0,273,568
07/17/2015,HIO,OR,ANM,WE,Towers with Radar,0,12,18,0,30,2,2,143,50,197,2,14,161,50,227,202,0,202,429
07/18/2015,HIO,OR,ANM,WE,Towers with Radar,2,0,14,5,21,0,0,147,19,166,2,0,161,24,187,164,0,164,351
07/19/2015,HIO,OR,ANM,WE,Towers with Radar,1,0,11,0,12,2,0,122,22,146,3,0,133,22,158,35,0,35,193
07/20/2015,HIO,OR,ANM,WE,Towers with Radar,2,14,29,2,47,0,0,248,1,249,2,14,277,3,296,459,0,459,755
07/21/2015,HIO,OR,ANM,WE,Towers with Radar,0,14,51,4,69,0,0,245,0,245,0,14,296,4,314,589,0,589,903
07/22/2015,HIO,OR,ANM,WE,Towers with Radar,0,15,59,0,74,0,0,239,0,239,0,15,298,0,313,479,0,479,792
07/23/2015,HIO,OR,ANM,WE,Towers with Radar,0,15,32,2,49,0,3,295,6,304,0,18,327,8,353,424,0,424,777
07/24/2015,HIO,OR,ANM,WE,Towers with Radar,0,13,42,0,55,0,3,272,0,275,0,16,314,0,330,523,0,523,853
07/25/2015,HIO,OR,ANM,WE,Towers with Radar,0,3,49,0,52,0,1,48,0,49,0,4,97,0,101,162,0,162,263
07/26/2015,HIO,OR,ANM,WE,Towers with Radar,0,2,30,0,32,0,2,121,0,123,0,4,151,0,155,426,0,426,581
07/27/2015,HIO,OR,ANM,WE,Towers with Radar,0,18,44,0,62,0,0,234,0,234,0,18,278,0,296,462,0,462,758
07/28/2015,HIO,OR,ANM,WE,Towers with Radar,0,12,42,0,54,0,0,301,0,301,0,12,343,0,355,321,0,321,676
07/29/2015,HIO,OR,ANM,WE,Towers with Radar,0,16,39,0,55,0,0,244,0,244,0,16,283,0,299,235,0,235,534
07/30/2015,HIO,OR,ANM,WE,Towers with Radar,0,13,41,0,54,0,5,244,4,253,0,18,285,4,307,328,0,328,635
07/31/2015,HIO,OR,ANM,WE,Towers with Radar,0,14,40,0,54,0,0,231,0,231,0,14,271,0,285,489,0,489,774
08/01/2015,HIO,OR,ANM,WE,Towers with Radar,0,1,22,0,23,0,1,252,0,253,0,2,274,0,276,387,0,387,663
08/02/2015,HIO,OR,ANM,WE,Towers with Radar,0,0,36,0,36,0,0,147,0,147,0,0,183,0,183,377,0,377,560
08/03/2015,HIO,OR,ANM,WE,Towers with Radar,0,18,31,0,49,1,1,214,0,216,1,19,245,0,265,507,0,507,772
08/04/2015,HIO,OR,ANM,WE,Towers with Radar,0,20,35,0,55,0,0,273,0,273,0,20,308,0,328,522,0,522,850
08/05/2015,HIO,OR,ANM,WE,Towers with Radar,0,19,40,1,60,0,0,250,1,251,0,19,290,2,311,574,0,574,885
08/06/2015,HIO,OR,ANM,WE,Towers with Radar,0,17,47,0,64,0,1,282,4,287,0,18,329,4,351,348,0,348,699
08/07/2015,HIO,OR,ANM,WE,Towers with Radar,0,15,25,0,40,0,0,289,0,289,0,15,314,0,329,438,0,438,767
08/08/2015,HIO,OR,ANM,WE,Towers with Radar,0,0,40,0,40,0,0,203,0,203,0,0,243,0,243,374,0,374,617
08/09/2015,HIO,OR,ANM,WE,Towers with Radar,0,2,36,0,38,0,1,223,5,229,0,3,259,5,267,287,0,287,554
08/10/2015,HIO,OR,ANM,WE,Towers with Radar,0,14,36,0,50,0,0,255,0,255,0,14,291,0,305,507,0,507,812
08/11/2015,HIO,OR,ANM,WE,Towers with Radar,0,17,60,0,77,0,0,273,0,273,0,17,333,0,350,526,0,526,876
08/12/2015,HIO,OR,ANM,WE,Towers with Radar,0,20,45,0,65,0,0,286,3,289,0,20,331,3,354,488,0,488,842
08/13/2015,HIO,OR,ANM,WE,Towers with Radar,0,20,46,0,66,0,0,242,0,242,0,20,288,0,308,515,0,515,823
08/14/2015,HIO,OR,ANM,WE,Towers with Radar,0,19,40,0,59,0,1,94,0,95,0,20,134,0,154,305,0,305,459
08/15/2015,HIO,OR,ANM,WE,Towers with Radar,0,3,43,0,46,0,4,269,0,273,0,7,312,0,319,372,0,372,691
08/16/2015,HIO,OR,ANM,WE,Towers with Radar,0,3,27,0,30,0,0,190,0,190,0,3,217,0,220,246,0,246,466
08/17/2015,HIO,OR,ANM,WE,Towers with Radar,0,11,25,0,36,0,0,247,2,249,0,11,272,2,285,323,0,323,608
08/18/2015,HIO,OR,ANM,WE,Towers with Radar,0,10,27,0,37,0,0,263,0,263,0,10,290,0,300,382,0,382,682
08/19/2015,HIO,OR,ANM,WE,Towers with Radar,0,9,25,2,36,0,1,238,0,239,0,10,263,2,275,348,0,348,623
08/20/2015,HIO,OR,ANM,WE,Towers with Radar,1,13,20,0,34,0,0,188,0,188,1,13,208,0,222,480,0,480,702
08/21/2015,HIO,OR,ANM,WE,Towers with Radar,0,17,47,1,65,0,0,245,0,245,0,17,292,1,310,437,0,437,747
08/22/2015,HIO,OR,ANM,WE,Towers with Radar,0,7,40,0,47,0,0,45,0,45,0,7,85,0,92,245,0,245,337
08/23/2015,HIO,OR,ANM,WE,Towers with Radar,0,4,42,0,46,0,0,55,0,55,0,4,97,0,101,233,0,233,334
08/24/2015,HIO,OR,ANM,WE,Towers with Radar,0,15,29,2,46,0,0,278,2,280,0,15,307,4,326,407,0,407,733
08/25/2015,HIO,OR,ANM,WE,Towers with Radar,0,15,43,1,59,0,0,271,1,272,0,15,314,2,331,458,0,458,789
08/26/2015,HIO,OR,ANM,WE,Towers with Radar,0,14,32,0,46,19,0,230,0,249,19,14,262,0,295,392,0,392,687
08/27/2015,HIO,OR,ANM,WE,Towers with Radar,0,13,36,0,49,0,0,303,0,303,0,13,339,0,352,335,0,335,687
08/28/2015,HIO,OR,ANM,WE,Towers with Radar,0,18,50,0,68,0,0,171,0,171,0,18,221,0,239,382,0,382,621
08/29/2015,HIO,OR,ANM,WE,Towers with Radar,0,2,9,0,11,0,4,13,0,17,0,6,22,0,28,0,0,0,28
08/30/2015,HIO,OR,ANM,WE,Towers with Radar,0,1,56,0,57,0,0,63,0,63,0,1,119,0,120,162,0,162,282
08/31/2015,HIO,OR,ANM,WE,Towers with Radar,0,17,39,1,57,0,0,208,3,211,0,17,247,4,268,429,0,429,697
09/01/2015,HIO,OR,ANM,WE,Towers with Radar,0,12,39,0,51,0,0,196,0,196,0,12,235,0,247,315,0,315,562
09/02/2015,HIO,OR,ANM,WE,Towers with Radar,0,17,58,0,75,0,0,156,0,156,0,17,214,0,231,287,0,287,518
09/03/2015,HIO,OR,ANM,WE,Towers with Radar,0,14,38,0,52,0,0,197,0,197,0,14,235,0,249,469,0,469,718
09/04/2015,HIO,OR,ANM,WE,Towers with Radar,0,4,63,0,67,0,0,74,0,74,0,4,137,0,141,197,0,197,338
09/05/2015,HIO,OR,ANM,WE,Towers with Radar,0,7,26,0,33,0,0,181,0,181,0,7,207,0,214,208,0,208,422
09/06/2015,HIO,OR,ANM,WE,Towers with Radar,0,2,40,0,42,0,0,35,0,35,0,2,75,0,77,73,0,73,150
09/07/2015,HIO,OR,ANM,WE,Towers with Radar,0,1,54,0,55,0,1,204,0,205,0,2,258,0,260,369,0,369,629
09/08/2015,HIO,OR,ANM,WE,Towers with Radar,0,17,37,0,54,0,0,218,0,218,0,17,255,0,272,307,0,307,579
09/09/2015,HIO,OR,ANM,WE,Towers with Radar,0,25,42,1,68,0,0,179,1,180,0,25,221,2,248,241,0,241,489
09/10/2015,HIO,OR,ANM,WE,Towers with Radar,0,13,29,2,44,0,0,275,1,276,0,13,304,3,320,345,0,345,665
09/11/2015,HIO,OR,ANM,WE,Towers with Radar,0,16,32,0,48,0,0,283,0,283,0,16,315,0,331,290,0,290,621
09/12/2015,HIO,OR,ANM,WE,Towers with Radar,0,2,18,0,20,0,0,219,0,219,0,2,237,0,239,200,0,200,439
09/13/2015,HIO,OR,ANM,WE,Towers with Radar,0,3,33,0,36,0,0,196,1,197,0,3,229,1,233,301,0,301,534
09/14/2015,HIO,OR,ANM,WE,Towers with Radar,0,15,49,0,64,0,0,184,0,184,0,15,233,0,248,470,0,470,718
09/15/2015,HIO,OR,ANM,WE,Towers with Radar,0,15,42,2,59,0,0,178,0,178,0,15,220,2,237,442,0,442,679
09/16/2015,HIO,OR,ANM,WE,Towers with Radar,0,17,27,0,44,0,0,122,0,122,0,17,149,0,166,414,0,414,580
09/17/2015,HIO,OR,ANM,WE,Towers with Radar,0,23,54,2,79,0,0,65,0,65,0,23,119,2,144,263,0,263,407
09/18/2015,HIO,OR,ANM,WE,Towers with Radar,0,19,44,0,63,0,3,176,2,181,0,22,220,2,244,220,0,220,464
09/19/2015,HIO,OR,ANM,WE,Towers with Radar,0,2,31,0,33,0,0,156,1,157,0,2,187,1,190,316,0,316,506
09/20/2015,HIO,OR,ANM,WE,Towers with Radar,0,3,42,0,45,0,0,150,0,150,0,3,192,0,195,228,0,228,423
09/21/2015,HIO,OR,ANM,WE,Towers with Radar,0,18,27,0,45,0,0,198,0,198,0,18,225,0,243,230,0,230,473
09/22/2015,HIO,OR,ANM,WE,Towers with Radar,0,19,32,1,52,0,0,193,0,193,0,19,225,1,245,264,0,264,509
09/23/2015,HIO,OR,ANM,WE,Towers with Radar,0,15,26,4,45,0,0,237,1,238,0,15,263,5,283,371,0,371,654
09/24/2015,HIO,OR,ANM,WE,Towers with Radar,0,13,20,0,33,0,0,210,0,210,0,13,230,0,243,370,0,370,613
09/25/2015,HIO,OR,ANM,WE,Towers with Radar,0,18,96,0,114,0,0,37,0,37,0,18,133,0,151,126,0,126,277
09/26/2015,HIO,OR,ANM,WE,Towers with Radar,0,2,35,0,37,0,1,203,0,204,0,3,238,0,241,447,0,447,688
09/27/2015,HIO,OR,ANM,WE,Towers with Radar,0,6,38,0,44,0,0,246,0,246,0,6,284,0,290,270,0,270,560
09/28/2015,HIO,OR,ANM,WE,Towers with Radar,0,15,17,0,32,0,0,236,0,236,0,15,253,0,268,281,0,281,549
09/29/2015,HIO,OR,ANM,WE,Towers with Radar,0,17,32,0,49,0,0,215,0,215,0,17,247,0,264,417,0,417,681
09/30/2015,HIO,OR,ANM,WE,Towers with Radar,0,21,79,0,100,0,0,131,0,131,0,21,210,0,231,164,0,164,395
10/01/2015,HIO,OR,ANM,WE,Towers with Radar,0,18,31,0,49,0,4,207,0,211,0,22,238,0,260,349,0,349,609
10/02/2015,HIO,OR,ANM,WE,Towers with Radar,0,17,53,2,72,0,0,126,0,126,0,17,179,2,198,321,0,321,519
10/03/2015,HIO,OR,ANM,WE,Towers with Radar,0,7,33,0,40,0,0,170,0,170,0,7,203,0,210,234,0,234,444
10/04/2015,HIO,OR,ANM,WE,Towers with Radar,0,5,23,0,28,0,1,220,0,221,0,6,243,0,249,180,0,180,429
10/05/2015,HIO,OR,ANM,WE,Towers with Radar,0,16,27,0,43,0,2,251,0,253,0,18,278,0,296,295,0,295,591
10/06/2015,HIO,OR,ANM,WE,Towers with Radar,1,17,32,0,50,0,0,253,0,253,1,17,285,0,303,239,0,239,542
10/07/2015,HIO,OR,ANM,WE,Towers with Radar,0,16,68,0,84,0,0,69,0,69,0,16,137,0,153,239,0,239,392
10/08/2015,HIO,OR,ANM,WE,Towers with Radar,0,18,38,0,56,0,4,158,0,162,0,22,196,0,218,257,0,257,475
10/09/2015,HIO,OR,ANM,WE,Towers with Radar,0,14,42,0,56,0,2,135,0,137,0,16,177,0,193,364,0,364,557
10/10/2015,HIO,OR,ANM,WE,Towers with Radar,0,5,36,2,43,0,0,50,2,52,0,5,86,4,95,171,0,171,266
10/11/2015,HIO,OR,ANM,WE,Towers with Radar,0,4,56,0,60,0,0,69,0,69,0,4,125,0,129,115,0,115,244
10/12/2015,HIO,OR,ANM,WE,Towers with Radar,0,12,52,0,64,0,0,79,0,79,0,12,131,0,143,168,0,168,311
10/13/2015,HIO,OR,ANM,WE,Towers with Radar,0,16,32,0,48,0,2,257,0,259,0,18,289,0,307,319,0,319,626
10/14/2015,HIO,OR,ANM,WE,Towers with Radar,0,17,37,0,54,0,0,272,0,272,0,17,309,0,326,294,0,294,620
10/15/2015,HIO,OR,ANM,WE,Towers with Radar,0,18,34,0,52,0,1,271,0,272,0,19,305,0,324,294,0,294,618
10/16/2015,HIO,OR,ANM,WE,Towers with Radar,0,12,31,0,43,0,1,290,0,291,0,13,321,0,334,382,0,382,716
10/17/2015,HIO,OR,ANM,WE,Towers with Radar,0,1,39,0,40,0,0,74,0,74,0,1,113,0,114,294,0,294,408
10/18/2015,HIO,OR,ANM,WE,Towers with Radar,0,1,58,0,59,0,0,51,0,51,0,1,109,0,110,173,0,173,283
10/19/2015,HIO,OR,ANM,WE,Towers with Radar,0,17,75,0,92,0,0,32,0,32,0,17,107,0,124,169,0,169,293
10/20/2015,HIO,OR,ANM,WE,Towers with Radar,0,15,77,0,92,0,0,93,0,93,0,15,170,0,185,281,0,281,466
10/21/2015,HIO,OR,ANM,WE,Towers with Radar,0,18,52,1,71,0,0,101,0,101,0,18,153,1,172,148,0,148,320
10/22/2015,HIO,OR,ANM,WE,Towers with Radar,1,17,40,0,58,0,3,264,0,267,1,20,304,0,325,422,0,422,747
10/23/2015,HIO,OR,ANM,WE,Towers with Radar,0,15,31,0,46,0,2,280,0,282,0,17,311,0,328,444,0,444,772
10/24/2015,HIO,OR,ANM,WE,Towers with Radar,0,1,23,0,24,0,0,259,0,259,0,1,282,0,283,466,0,466,749
10/25/2015,HIO,OR,ANM,WE,Towers with Radar,0,4,43,0,47,0,0,18,0,18,0,4,61,0,65,129,0,129,194
10/26/2015,HIO,OR,ANM,WE,Towers with Radar,0,16,51,0,67,0,0,171,0,171,0,16,222,0,238,459,0,459,697
10/27/2015,HIO,OR,ANM,WE,Towers with Radar,0,12,20,0,32,0,0,169,0,169,0,12,189,0,201,444,0,444,645
10/28/2015,HIO,OR,ANM,WE,Towers with Radar,0,15,58,2,75,0,0,5,0,5,0,15,63,2,80,144,0,144,224
10/29/2015,HIO,OR,ANM,WE,Towers with Radar,0,14,75,2,91,0,0,63,0,63,0,14,138,2,154,271,0,271,425
10/30/2015,HIO,OR,ANM,WE,Towers with Radar,0,17,51,1,69,0,1,12,0,13,0,18,63,1,82,150,0,150,232
10/31/2015,HIO,OR,ANM,WE,Towers with Radar,0,2,4,0,6,0,0,0,0,0,0,2,4,0,6,0,0,0,6
11/01/2015,HIO,OR,ANM,WE,Towers with Radar,0,2,15,0,17,0,0,6,0,6,0,2,21,0,23,0,0,0,23
11/02/2015,HIO,OR,ANM,WE,Towers with Radar,0,14,60,2,76,0,0,94,2,96,0,14,154,4,172,425,0,425,597
11/03/2015,HIO,OR,ANM,WE,Towers with Radar,0,18,44,2,64,0,0,158,0,158,0,18,202,2,222,308,0,308,530
11/04/2015,HIO,OR,ANM,WE,Towers with Radar,0,20,47,0,67,0,3,65,0,68,0,23,112,0,135,270,0,270,405
11/05/2015,HIO,OR,ANM,WE,Towers with Radar,0,20,85,0,105,0,0,62,0,62,0,20,147,0,167,327,0,327,494
11/06/2015,HIO,OR,ANM,WE,Towers with Radar,0,17,40,0,57,0,2,185,0,187,0,19,225,0,244,319,0,319,563
11/07/2015,HIO,OR,ANM,WE,Towers with Radar,0,2,52,0,54,0,0,3,0,3,0,2,55,0,57,127,0,127,184
11/08/2015,HIO,OR,ANM,WE,Towers with Radar,0,1,34,0,35,0,0,24,0,24,0,1,58,0,59,102,0,102,161
11/09/2015,HIO,OR,ANM,WE,Towers with Radar,0,15,47,0,62,0,2,158,0,160,0,17,205,0,222,416,0,416,638
11/10/2015,HIO,OR,ANM,WE,Towers with Radar,0,14,70,0,84,0,1,11,0,12,0,15,81,0,96,28,0,28,124
11/11/2015,HIO,OR,ANM,WE,Towers with Radar,0,12,53,0,65,0,2,115,0,117,0,14,168,0,182,333,0,333,515
11/12/2015,HIO,OR,ANM,WE,Towers with Radar,0,16,69,0,85,0,0,26,0,26,0,16,95,0,111,281,0,281,392
11/13/2015,HIO,OR,ANM,WE,Towers with Radar,0,16,57,0,73,0,0,14,0,14,0,16,71,0,87,111,0,111,198
11/14/2015,HIO,OR,ANM,WE,Towers with Radar,0,4,31,0,35,0,0,27,0,27,0,4,58,0,62,29,0,29,91
11/15/2015,HIO,OR,ANM,WE,Towers with Radar,0,5,21,0,26,0,0,55,0,55,0,5,76,0,81,172,0,172,253
11/16/2015,HIO,OR,ANM,WE,Towers with Radar,0,15,34,0,49,0,0,25,0,25,0,15,59,0,74,176,0,176,250
11/17/2015,HIO,OR,ANM,WE,Towers with Radar,0,13,36,0,49,0,0,2,0,2,0,13,38,0,51,32,0,32,83
11/18/2015,HIO,OR,ANM,WE,Towers with Radar,0,15,49,1,65,0,1,189,2,192,0,16,238,3,257,516,0,516,773
11/19/2015,HIO,OR,ANM,WE,Towers with Radar,0,13,39,0,52,0,0,30,0,30,0,13,69,0,82,116,0,116,198
11/20/2015,HIO,OR,ANM,WE,Towers with Radar,0,14,43,0,57,0,1,212,0,213,0,15,255,0,270,333,0,333,603
11/21/2015,HIO,OR,ANM,WE,Towers with Radar,0,0,31,0,31,0,2,318,0,320,0,2,349,0,351,538,0,538,889
11/22/2015,HIO,OR,ANM,WE,Towers with Radar,0,3,14,0,17,0,0,228,0,228,0,3,242,0,245,332,0,332,577
11/23/2015,HIO,OR,ANM,WE,Towers with Radar,0,1,62,0,63,0,1,139,0,140,0,2,201,0,203,342,0,342,545
11/24/2015,HIO,OR,ANM,WE,Towers with Radar,0,2,35,0,37,0,0,5,0,5,0,2,40,0,42,122,0,122,164
11/25/2015,HIO,OR,ANM,WE,Towers with Radar,0,6,36,0,42,0,0,237,0,237,0,6,273,0,279,413,0,413,692
11/26/2015,HIO,OR,ANM,WE,Towers with Radar,0,1,11,0,12,0,0,153,0,153,0,1,164,0,165,109,0,109,274
11/27/2015,HIO,OR,ANM,WE,Towers with Radar,1,4,38,0,43,0,1,201,0,202,1,5,239,0,245,263,0,263,508
11/28/2015,HIO,OR,ANM,WE,Towers with Radar,0,2,31,0,33,0,1,244,0,245,0,3,275,0,278,296,0,296,574
11/29/2015,HIO,OR,ANM,WE,Towers with Radar,0,6,23,0,29,0,0,248,0,248,0,6,271,0,277,220,0,220,497
11/30/2015,HIO,OR,ANM,WE,Towers with Radar,0,15,30,1,46,0,1,76,0,77,0,16,106,1,123,209,0,209,332
12/01/2015,HIO,OR,ANM,WE,Towers with Radar,0,15,39,1,55,0,0,171,1,172,0,15,210,2,227,460,0,460,687
12/02/2015,HIO,OR,ANM,WE,Towers with Radar,0,15,51,0,66,0,0,0,0,0,0,15,51,0,66,12,0,12,78
12/03/2015,HIO,OR,ANM,WE,Towers with Radar,0,16,22,1,39,0,2,82,0,84,0,18,104,1,123,341,0,341,464
12/04/2015,HIO,OR,ANM,WE,Towers with Radar,0,15,44,0,59,0,0,99,0,99,0,15,143,0,158,607,0,607,765
12/05/2015,HIO,OR,ANM,WE,Towers with Radar,0,0,14,0,14,0,0,117,0,117,0,0,131,0,131,323,0,323,454
12/06/2015,HIO,OR,ANM,WE,Towers with Radar,0,4,23,0,27,0,0,62,0,62,0,4,85,0,89,162,0,162,251
12/07/2015,HIO,OR,ANM,WE,Towers with Radar,0,16,22,0,38,0,0,7,0,7,0,16,29,0,45,2,0,2,47
12/08/2015,HIO,OR,ANM,WE,Towers with Radar,0,16,26,0,42,0,0,2,0,2,0,16,28,0,44,0,0,0,44
12/09/2015,HIO,OR,ANM,WE,Towers with Radar,0,14,40,0,54,0,2,194,0,196,0,16,234,0,250,469,0,469,719
12/10/2015,HIO,OR,ANM,WE,Towers with Radar,0,13,24,0,37,0,1,14,0,15,0,14,38,0,52,51,0,51,103
12/11/2015,HIO,OR,ANM,WE,Towers with Radar,0,18,20,0,38,0,0,7,1,8,0,18,27,1,46,178,0,178,224
12/12/2015,HIO,OR,ANM,WE,Towers with Radar,0,1,25,0,26,0,0,4,0,4,0,1,29,0,30,90,0,90,120
12/13/2015,HIO,OR,ANM,WE,Towers with Radar,0,1,24,0,25,0,0,18,0,18,0,1,42,0,43,195,0,195,238
12/14/2015,HIO,OR,ANM,WE,Towers with Radar,0,19,43,2,64,0,0,19,0,19,0,19,62,2,83,200,0,200,283
12/15/2015,HIO,OR,ANM,WE,Towers with Radar,0,14,55,0,69,0,0,1,0,1,0,14,56,0,70,126,0,126,196
12/16/2015,HIO,OR,ANM,WE,Towers with Radar,0,10,45,1,56,0,0,1,0,1,0,10,46,1,57,82,0,82,139
12/17/2015,HIO,OR,ANM,WE,Towers with Radar,0,12,25,0,37,0,0,0,0,0,0,12,25,0,37,10,0,10,47
12/18/2015,HIO,OR,ANM,WE,Towers with Radar,0,17,40,0,57,0,2,154,0,156,0,19,194,0,213,410,0,410,623
12/19/2015,HIO,OR,ANM,WE,Towers with Radar,0,3,46,0,49,0,0,22,0,22,0,3,68,0,71,100,0,100,171
12/20/2015,HIO,OR,ANM,WE,Towers with Radar,0,2,21,0,23,0,0,30,0,30,0,2,51,0,53,148,0,148,201
12/21/2015,HIO,OR,ANM,WE,Towers with Radar,0,1,34,0,35,0,0,6,0,6,0,1,40,0,41,21,0,21,62
12/22/2015,HIO,OR,ANM,WE,Towers with Radar,0,2,33,0,35,0,0,0,0,0,0,2,33,0,35,6,0,6,41
12/23/2015,HIO,OR,ANM,WE,Towers with Radar,0,9,23,0,32,0,0,16,0,16,0,9,39,0,48,246,0,246,294
12/24/2015,HIO,OR,ANM,WE,Towers with Radar,0,1,11,0,12,0,0,0,0,0,0,1,11,0,12,0,0,0,12
12/25/2015,HIO,OR,ANM,WE,Towers with Radar,0,1,5,0,6,0,0,1,0,1,0,1,6,0,7,0,0,0,7
12/26/2015,HIO,OR,ANM,WE,Towers with Radar,0,3,23,0,26,0,0,80,0,80,0,3,103,0,106,103,0,103,209
12/27/2015,HIO,OR,ANM,WE,Towers with Radar,0,6,16,0,22,0,0,11,0,11,0,6,27,0,33,44,0,44,77
12/28/2015,HIO,OR,ANM,WE,Towers with Radar,0,4,35,0,39,0,0,1,0,1,0,4,36,0,40,12,0,12,52
12/29/2015,HIO,OR,ANM,WE,Towers with Radar,0,3,30,0,33,0,0,0,0,0,0,3,30,0,33,26,0,26,59
12/30/2015,HIO,OR,ANM,WE,Towers with Radar,0,7,37,0,44,0,1,303,0,304,0,8,340,0,348,229,0,229,577
12/31/2015,HIO,OR,ANM,WE,Towers with Radar,0,4,12,0,16,0,3,140,0,143,0,7,152,0,159,96,0,96,255
01/01/2016,HIO,OR,ANM,WE,Towers with Radar,0,2,13,0,15,0,0,114,0,114,0,2,127,0,129,95,0,95,224
01/02/2016,HIO,OR,ANM,WE,Towers with Radar,0,5,20,0,25,0,0,146,0,146,0,5,166,0,171,29,0,29,200
01/03/2016,HIO,OR,ANM,WE,Towers with Radar,0,0,9,0,9,0,0,0,0,0,0,0,9,0,9,0,0,0,9
01/04/2016,HIO,OR,ANM,WE,Towers with Radar,0,9,26,0,35,0,0,10,0,10,0,9,36,0,45,14,0,14,59
01/05/2016,HIO,OR,ANM,WE,Towers with Radar,0,16,60,3,79,0,0,3,0,3,0,16,63,3,82,0,0,0,82
01/06/2016,HIO,OR,ANM,WE,Towers with Radar,0,20,28,0,48,0,0,235,0,235,0,20,263,0,283,347,0,347,630
01/07/2016,HIO,OR,ANM,WE,Towers with Radar,0,14,38,0,52,0,0,265,0,265,0,14,303,0,317,499,0,499,816
01/08/2016,HIO,OR,ANM,WE,Towers with Radar,0,14,39,0,53,0,0,87,0,87,0,14,126,0,140,214,0,214,354
01/09/2016,HIO,OR,ANM,WE,Towers with Radar,0,4,40,0,44,0,1,83,0,84,0,5,123,0,128,607,0,607,735
01/10/2016,HIO,OR,ANM,WE,Towers with Radar,0,5,29,0,34,0,0,236,0,236,0,5,265,0,270,205,0,205,475
01/11/2016,HIO,OR,ANM,WE,Towers with Radar,0,12,50,0,62,0,0,8,0,8,0,12,58,0,70,100,0,100,170
01/12/2016,HIO,OR,ANM,WE,Towers with Radar,0,13,37,0,50,0,0,1,0,1,0,13,38,0,51,86,0,86,137
01/13/2016,HIO,OR,ANM,WE,Towers with Radar,0,14,54,0,68,0,0,80,4,84,0,14,134,4,152,420,0,420,572
01/14/2016,HIO,OR,ANM,WE,Towers with Radar,0,14,41,2,57,0,0,88,2,90,0,14,129,4,147,442,0,442,589
01/15/2016,HIO,OR,ANM,WE,Towers with Radar,0,2,71,0,73,0,0,121,0,121,0,2,192,0,194,439,0,439,633
01/16/2016,HIO,OR,ANM,WE,Towers with Radar,0,2,21,0,23,0,0,2,0,2,0,2,23,0,25,93,0,93,118
01/17/2016,HIO,OR,ANM,WE,Towers with Radar,0,1,22,0,23,0,0,0,0,0,0,1,22,0,23,57,0,57,80
01/18/2016,HIO,OR,ANM,WE,Towers with Radar,0,4,45,0,49,0,0,232,0,232,0,4,277,0,281,625,0,625,906
01/19/2016,HIO,OR,ANM,WE,Towers with Radar,0,16,62,0,78,0,0,7,0,7,0,16,69,0,85,207,0,207,292
01/20/2016,HIO,OR,ANM,WE,Towers with Radar,0,16,30,2,48,0,0,234,0,234,0,16,264,2,282,514,1,515,797
01/21/2016,HIO,OR,ANM,WE,Towers with Radar,0,12,41,0,53,0,0,137,0,137,0,12,178,0,190,530,0,530,720
01/22/2016,HIO,OR,ANM,WE,Towers with Radar,0,13,43,0,56,0,0,186,0,186,0,13,229,0,242,605,0,605,847
01/23/2016,HIO,OR,ANM,WE,Towers with Radar,0,4,35,0,39,0,0,29,0,29,0,4,64,0,68,203,0,203,271
01/24/2016,HIO,OR,ANM,WE,Towers with Radar,0,3,25,0,28,0,0,22,0,22,0,3,47,0,50,119,0,119,169
01/25/2016,HIO,OR,ANM,WE,Towers with Radar,0,15,30,0,45,0,1,247,0,248,0,16,277,0,293,508,0,508,801
01/26/2016,HIO,OR,ANM,WE,Towers with Radar,0,14,89,2,105,0,0,4,0,4,0,14,93,2,109,140,0,140,249
01/27/2016,HIO,OR,ANM,WE,Towers with Radar,0,18,59,0,77,0,0,145,1,146,0,18,204,1,223,477,0,477,700
01/28/2016,HIO,OR,ANM,WE,Towers with Radar,0,12,42,0,54,0,0,139,3,142,0,12,181,3,196,449,0,449,645
01/29/2016,HIO,OR,ANM,WE,Towers with Radar,0,13,28,0,41,0,1,62,0,63,0,14,90,0,104,357,0,357,461
01/30/2016,HIO,OR,ANM,WE,Towers with Radar,0,3,12,0,15,0,0,17,0,17,0,3,29,0,32,269,0,269,301
01/31/2016,HIO,OR,ANM,WE,Towers with Radar,0,3,39,0,42,0,0,3,0,3,0,3,42,0,45,16,0,16,61
02/01/2016,HIO,OR,ANM,WE,Towers with Radar,0,14,16,0,30,0,0,14,0,14,0,14,30,0,44,172,0,172,216
02/02/2016,HIO,OR,ANM,WE,Towers with Radar,0,16,46,0,62,0,0,183,0,183,0,16,229,0,245,484,0,484,729
02/03/2016,HIO,OR,ANM,WE,Towers with Radar,0,15,53,0,68,0,0,98,0,98,0,15,151,0,166,457,0,457,623
02/04/2016,HIO,OR,ANM,WE,Towers with Radar,0,14,49,0,63,0,1,73,0,74,0,15,122,0,137,389,0,389,526
02/05/2016,HIO,OR,ANM,WE,Towers with Radar,0,18,44,0,62,0,0,107,2,109,0,18,151,2,171,419,0,419,590
02/06/2016,HIO,OR,ANM,WE,Towers with Radar,0,3,45,0,48,0,0,165,2,167,0,3,210,2,215,211,0,211,426
02/07/2016,HIO,OR,ANM,WE,Towers with Radar,0,0,28,0,28,0,0,171,0,171,0,0,199,0,199,317,0,317,516
02/08/2016,HIO,OR,ANM,WE,Towers with Radar,0,19,27,1,47,0,0,267,1,268,0,19,294,2,315,355,0,355,670
02/09/2016,HIO,OR,ANM,WE,Towers with Radar,0,19,27,0,46,0,0,257,0,257,0,19,284,0,303,439,0,439,742
02/10/2016,HIO,OR,ANM,WE,Towers with Radar,0,14,59,0,73,0,0,191,0,191,0,14,250,0,264,514,0,514,778
02/11/2016,HIO,OR,ANM,WE,Towers with Radar,0,11,42,0,53,0,1,47,0,48,0,12,89,0,101,268,0,268,369
02/12/2016,HIO,OR,ANM,WE,Towers with Radar,0,7,50,0,57,0,2,111,0,113,0,9,161,0,170,441,0,441,611
02/13/2016,HIO,OR,ANM,WE,Towers with Radar,0,5,49,0,54,0,0,101,0,101,0,5,150,0,155,373,0,373,528
02/14/2016,HIO,OR,ANM,WE,Towers with Radar,0,5,31,0,36,0,0,23,0,23,0,5,54,0,59,208,0,208,267
02/15/2016,HIO,OR,ANM,WE,Towers with Radar,0,2,38,0,40,0,0,151,0,151,0,2,189,0,191,380,0,380,571
02/16/2016,HIO,OR,ANM,WE,Towers with Radar,0,16,92,0,108,0,0,68,0,68,0,16,160,0,176,198,0,198,374
02/17/2016,HIO,OR,ANM,WE,Towers with Radar,0,13,36,0,49,0,0,163,0,163,0,13,199,0,212,384,0,384,596
02/18/2016,HIO,OR,ANM,WE,Towers with Radar,0,14,19,2,35,0,2,9,0,11,0,16,28,2,46,12,0,12,58
02/19/2016,HIO,OR,ANM,WE,Towers with Radar,0,15,23,0,38,0,0,27,0,27,0,15,50,0,65,126,0,126,191
02/20/2016,HIO,OR,ANM,WE,Towers with Radar,0,0,33,3,36,0,1,155,2,158,0,1,188,5,194,290,0,290,484
02/21/2016,HIO,OR,ANM,WE,Towers with Radar,0,2,23,0,25,0,0,26,0,26,0,2,49,0,51,107,0,107,158
02/22/2016,HIO,OR,ANM,WE,Towers with Radar,0,13,58,0,71,0,0,97,0,97,0,13,155,0,168,306,0,306,474
02/23/2016,HIO,OR,ANM,WE,Towers with Radar,0,13,31,0,44,0,1,266,0,267,0,14,297,0,311,151,0,151,462
02/24/2016,HIO,OR,ANM,WE,Towers with Radar,0,14,58,0,72,0,0,195,0,195,0,14,253,0,267,626,0,626,893
02/25/2016,HIO,OR,ANM,WE,Towers with Radar,0,13,30,0,43,0,0,305,0,305,0,13,335,0,348,512,0,512,860
02/26/2016,HIO,OR,ANM,WE,Towers with Radar,0,19,38,0,57,0,0,177,0,177,0,19,215,0,234,451,0,451,685
02/27/2016,HIO,OR,ANM,WE,Towers with Radar,0,5,34,0,39,0,0,128,0,128,0,5,162,0,167,219,0,219,386
02/28/2016,HIO,OR,ANM,WE,Towers with Radar,0,4,28,0,32,0,0,21,0,21,0,4,49,0,53,42,0,42,95
02/29/2016,HIO,OR,ANM,WE,Towers with Radar,0,16,49,0,65,0,0,70,6,76,0,16,119,6,141,493,0,493,634
03/01/2016,HIO,OR,ANM,WE,Towers with Radar,0,17,19,0,36,0,0,12,0,12,0,17,31,0,48,94,0,94,142
03/02/2016,HIO,OR,ANM,WE,Towers with Radar,0,16,27,2,45,0,2,207,0,209,0,18,234,2,254,484,0,484,738
03/03/2016,HIO,OR,ANM,WE,Towers with Radar,0,19,30,2,51,0,1,170,0,171,0,20,200,2,222,380,0,380,602
03/04/2016,HIO,OR,ANM,WE,Towers with Radar,0,18,28,0,46,0,1,246,0,247,0,19,274,0,293,469,0,469,762
03/05/2016,HIO,OR,ANM,WE,Towers with Radar,0,3,26,0,29,0,0,76,0,76,0,3,102,0,105,268,0,268,373
03/06/2016,HIO,OR,ANM,WE,Towers with Radar,0,8,17,0,25,0,1,21,0,22,0,9,38,0,47,100,0,100,147
03/07/2016,HIO,OR,ANM,WE,Towers with Radar,0,18,48,0,66,0,0,146,0,146,0,18,194,0,212,452,0,452,664
03/08/2016,HIO,OR,ANM,WE,Towers with Radar,0,14,30,0,44,0,0,14,0,14,0,14,44,0,58,272,0,272,330
03/09/2016,HIO,OR,ANM,WE,Towers with Radar,0,20,45,0,65,0,1,26,0,27,0,21,71,0,92,108,0,108,200
03/10/2016,HIO,OR,ANM,WE,Towers with Radar,0,15,34,0,49,0,0,72,1,73,0,15,106,1,122,202,0,202,324
03/11/2016,HIO,OR,ANM,WE,Towers with Radar,0,12,44,0,56,0,1,107,0,108,0,13,151,0,164,197,0,197,361
03/12/2016,HIO,OR,ANM,WE,Towers with Radar,0,2,23,0,25,0,0,8,0,8,0,2,31,0,33,107,0,107,140
03/13/2016,HIO,OR,ANM,WE,Towers with Radar,0,1,14,0,15,0,0,2,0,2,0,1,16,0,17,21,0,21,38
03/14/2016,HIO,OR,ANM,WE,Towers with Radar,0,16,23,0,39,0,0,10,0,10,0,16,33,0,49,53,0,53,102
03/15/2016,HIO,OR,ANM,WE,Towers with Radar,0,17,45,4,66,0,0,17,0,17,0,17,62,4,83,154,0,154,237
03/16/2016,HIO,OR,ANM,WE,Towers with Radar,0,18,54,2,74,0,0,157,0,157,0,18,211,2,231,396,0,396,627
03/17/2016,HIO,OR,ANM,WE,Towers with Radar,0,21,22,1,44,0,1,305,4,310,0,22,327,5,354,236,0,236,590
03/18/2016,HIO,OR,ANM,WE,Towers with Radar,0,16,40,0,56,0,0,157,0,157,0,16,197,0,213,77,0,77,290
03/19/2016,HIO,OR,ANM,WE,Towers with Radar,0,2,37,0,39,0,2,325,0,327,0,4,362,0,366,298,0,298,664
03/20/2016,HIO,OR,ANM,WE,Towers with Radar,0,5,39,0,44,0,0,23,0,23,0,5,62,0,67,153,0,153,220
03/21/2016,HIO,OR,ANM,WE,Towers with Radar,0,17,33,0,50,0,0,44,0,44,0,17,77,0,94,341,0,341,435
03/22/2016,HIO,OR,ANM,WE,Towers with Radar,0,14,58,2,74,0,0,60,1,61,0,14,118,3,135,204,0,204,339
03/23/2016,HIO,OR,ANM,WE,Towers with Radar,0,16,48,0,64,0,0,146,1,147,0,16,194,1,211,493,0,493,704
03/24/2016,HIO,OR,ANM,WE,Towers with Radar,0,16,33,0,49,0,2,174,0,176,0,18,207,0,225,474,0,474,699
03/25/2016,HIO,OR,ANM,WE,Towers with Radar,0,17,42,0,59,0,0,173,3,176,0,17,215,3,235,450,0,450,685
03/26/2016,HIO,OR,ANM,WE,Towers with Radar,0,2,36,0,38,0,0,218,0,218,0,2,254,0,256,256,0,256,512
03/27/2016,HIO,OR,ANM,WE,Towers with Radar,0,2,21,0,23,0,0,45,0,45,0,2,66,0,68,204,0,204,272
03/28/2016,HIO,OR,ANM,WE,Towers with Radar,0,12,35,1,48,0,4,206,1,211,0,16,241,2,259,412,0,412,671
03/29/2016,HIO,OR,ANM,WE,Towers with Radar,0,15,24,0,39,0,1,365,0,366,0,16,389,0,405,398,0,398,803
03/30/2016,HIO,OR,ANM,WE,Towers with Radar,0,18,33,2,53,0,0,357,2,359,0,18,390,4,412,488,0,488,900
03/31/2016,HIO,OR,ANM,WE,Towers with Radar,0,16,32,0,48,0,0,330,0,330,0,16,362,0,378,435,0,435,813
04/01/2016,HIO,OR,ANM,WE,Towers with Radar,0,14,49,0,63,0,1,277,4,282,0,15,326,4,345,426,0,426,771
04/02/2016,HIO,OR,ANM,WE,Towers with Radar,0,2,62,0,64,0,1,273,0,274,0,3,335,0,338,425,0,425,763
04/03/2016,HIO,OR,ANM,WE,Towers with Radar,0,2,14,0,16,0,1,227,1,229,0,3,241,1,245,288,0,288,533
04/04/2016,HIO,OR,ANM,WE,Towers with Radar,0,15,30,0,45,0,0,120,0,120,0,15,150,0,165,413,0,413,578
04/05/2016,HIO,OR,ANM,WE,Towers with Radar,0,16,32,1,49,0,1,319,1,321,0,17,351,2,370,479,0,479,849
04/06/2016,HIO,OR,ANM,WE,Towers with Radar,0,16,38,0,54,0,0,308,0,308,0,16,346,0,362,570,0,570,932
04/07/2016,HIO,OR,ANM,WE,Towers with Radar,0,16,31,1,48,0,1,304,1,306,0,17,335,2,354,342,0,342,696
04/08/2016,HIO,OR,ANM,WE,Towers with Radar,0,17,26,0,43,0,2,254,3,259,0,19,280,3,302,356,0,356,658
04/09/2016,HIO,OR,ANM,WE,Towers with Radar,0,0,41,0,41,0,0,214,0,214,0,0,255,0,255,627,0,627,882
04/10/2016,HIO,OR,ANM,WE,Towers with Radar,0,0,39,0,39,0,1,115,0,116,0,1,154,0,155,265,0,265,420
04/11/2016,HIO,OR,ANM,WE,Towers with Radar,0,18,53,1,72,0,0,242,0,242,0,18,295,1,314,669,0,669,983
04/12/2016,HIO,OR,ANM,WE,Towers with Radar,0,18,26,0,44,0,0,192,0,192,0,18,218,0,236,461,0,461,697
04/13/2016,HIO,OR,ANM,WE,Towers with Radar,0,14,26,0,40,0,0,139,0,139,0,14,165,0,179,481,0,481,660
04/14/2016,HIO,OR,ANM,WE,Towers with Radar,0,15,26,0,41,0,0,20,3,23,0,15,46,3,64,50,0,50,114
04/15/2016,HIO,OR,ANM,WE,Towers with Radar,0,17,40,0,57,0,0,231,0,231,0,17,271,0,288,273,0,273,561
04/16/2016,HIO,OR,ANM,WE,Towers with Radar,0,6,23,0,29,0,0,262,0,262,0,6,285,0,291,367,0,367,658
04/17/2016,HIO,OR,ANM,WE,Towers with Radar,0,4,27,0,31,0,0,219,0,219,0,4,246,0,250,161,0,161,411
04/18/2016,HIO,OR,ANM,WE,Towers with Radar,0,18,28,0,46,0,0,322,0,322,0,18,350,0,368,485,0,485,853
04/19/2016,HIO,OR,ANM,WE,Towers with Radar,0,16,38,0,54,0,0,329,0,329,0,16,367,0,383,466,0,466,849
04/20/2016,HIO,OR,ANM,WE,Towers with Radar,0,12,47,0,59,0,0,211,0,211,0,12,258,0,270,446,0,446,716
04/21/2016,HIO,OR,ANM,WE,Towers with Radar,0,14,33,0,47,0,1,264,0,265,0,15,297,0,312,536,0,536,848
04/22/2016,HIO,OR,ANM,WE,Towers with Radar,0,17,42,0,59,0,1,54,0,55,0,18,96,0,114,379,0,379,493
04/23/2016,HIO,OR,ANM,WE,Towers with Radar,0,2,43,0,45,0,0,89,0,89,0,2,132,0,134,530,0,530,664
04/24/2016,HIO,OR,ANM,WE,Towers with Radar,0,2,34,0,36,0,0,114,0,114,0,2,148,0,150,416,0,416,566
04/25/2016,HIO,OR,ANM,WE,Towers with Radar,0,17,29,0,46,0,1,271,0,272,0,18,300,0,318,390,0,390,708
04/26/2016,HIO,OR,ANM,WE,Towers with Radar,0,15,32,0,47,0,0,300,0,300,0,15,332,0,347,487,0,487,834
04/27/2016,HIO,OR,ANM,WE,Towers with Radar,0,15,55,0,70,0,0,172,0,172,0,15,227,0,242,565,0,565,807
04/28/2016,HIO,OR,ANM,WE,Towers with Radar,0,17,35,0,52,0,1,222,0,223,0,18,257,0,275,359,0,359,634
04/29/2016,HIO,OR,ANM,WE,Towers with Radar,0,14,45,0,59,0,0,137,0,137,0,14,182,0,196,491,0,491,687
04/30/2016,HIO,OR,ANM,WE,Towers with Radar,0,0,35,0,35,0,3,275,0,278,0,3,310,0,313,301,0,301,614
05/01/2016,HIO,OR,ANM,WE,Towers with Radar,0,4,25,0,29,0,1,250,0,251,0,5,275,0,280,308,0,308,588
05/02/2016,HIO,OR,ANM,WE,Towers with Radar,0,12,47,0,59,0,1,302,0,303,0,13,349,0,362,423,0,423,785
05/03/2016,HIO,OR,ANM,WE,Towers with Radar,0,13,35,1,49,0,0,254,1,255,0,13,289,2,304,518,0,518,822
05/04/2016,HIO,OR,ANM,WE,Towers with Radar,0,16,53,1,70,0,0,192,1,193,0,16,245,2,263,612,0,612,875
05/05/2016,HIO,OR,ANM,WE,Towers with Radar,0,17,45,0,62,0,0,272,1,273,0,17,317,1,335,407,0,407,742
05/06/2016,HIO,OR,ANM,WE,Towers with Radar,0,14,44,0,58,0,3,264,0,267,0,17,308,0,325,380,0,380,705
05/07/2016,HIO,OR,ANM,WE,Towers with Radar,0,5,21,0,26,0,6,221,0,227,0,11,242,0,253,204,0,204,457
05/08/2016,HIO,OR,ANM,WE,Towers with Radar,0,6,24,0,30,0,1,144,0,145,0,7,168,0,175,146,0,146,321
05/09/2016,HIO,OR,ANM,WE,Towers with Radar,0,14,37,0,51,0,5,256,3,264,0,19,293,3,315,325,0,325,640
05/10/2016,HIO,OR,ANM,WE,Towers with Radar,0,18,44,0,62,0,0,287,0,287,0,18,331,0,349,354,0,354,703
05/11/2016,HIO,OR,ANM,WE,Towers with Radar,0,15,57,0,72,0,2,318,0,320,0,17,375,0,392,397,0,397,789
05/12/2016,HIO,OR,ANM,WE,Towers with Radar,0,16,34,1,51,0,5,320,1,326,0,21,354,2,377,380,0,380,757
05/13/2016,HIO,OR,ANM,WE,Towers with Radar,1,13,29,0,43,0,2,230,5,237,1,15,259,5,280,468,0,468,748
05/14/2016,HIO,OR,ANM,WE,Towers with Radar,0,2,38,0,40,0,0,11,0,11,0,2,49,0,51,40,0,40,91
05/15/2016,HIO,OR,ANM,WE,Towers with Radar,0,3,38,0,41,0,0,11,0,11,0,3,49,0,52,228,0,228,280
05/16/2016,HIO,OR,ANM,WE,Towers with Radar,0,13,56,0,69,0,1,175,0,176,0,14,231,0,245,689,0,689,934
05/17/2016,HIO,OR,ANM,WE,Towers with Radar,0,18,45,0,63,0,1,364,0,365,0,19,409,0,428,544,0,544,972
05/18/2016,HIO,OR,ANM,WE,Towers with Radar,0,12,27,0,39,0,0,314,0,314,0,12,341,0,353,486,0,486,839
05/19/2016,HIO,OR,ANM,WE,Towers with Radar,0,16,39,0,55,0,1,180,4,185,0,17,219,4,240,460,0,460,700
05/20/2016,HIO,OR,ANM,WE,Towers with Radar,0,12,39,0,51,1,1,223,0,225,1,13,262,0,276,539,0,539,815
05/21/2016,HIO,OR,ANM,WE,Towers with Radar,0,1,19,0,20,0,1,113,0,114,0,2,132,0,134,293,0,293,427
05/22/2016,HIO,OR,ANM,WE,Towers with Radar,0,4,30,0,34,0,0,69,0,69,0,4,99,0,103,278,0,278,381
05/23/2016,HIO,OR,ANM,WE,Towers with Radar,0,12,60,0,72,0,0,167,0,167,0,12,227,0,239,456,0,456,695
05/24/2016,HIO,OR,ANM,WE,Towers with Radar,0,15,38,0,53,0,0,308,0,308,0,15,346,0,361,637,0,637,998
05/25/2016,HIO,OR,ANM,WE,Towers with Radar,0,17,63,0,80,0,3,254,0,257,0,20,317,0,337,511,0,511,848
05/26/2016,HIO,OR,ANM,WE,Towers with Radar,0,17,50,0,67,0,1,251,0,252,0,18,301,0,319,423,0,423,742
05/27/2016,HIO,OR,ANM,WE,Towers with Radar,0,10,61,2,73,0,3,218,0,221,0,13,279,2,294,419,0,419,713
05/28/2016,HIO,OR,ANM,WE,Towers with Radar,0,3,27,0,30,0,0,241,0,241,0,3,268,0,271,208,0,208,479
05/29/2016,HIO,OR,ANM,WE,Towers with Radar,0,1,23,0,24,0,1,220,0,221,0,2,243,0,245,263,0,263,508
05/30/2016,HIO,OR,ANM,WE,Towers with Radar,0,9,39,0,48,0,0,311,0,311,0,9,350,0,359,254,0,254,613
05/31/2016,HIO,OR,ANM,WE,Towers with Radar,0,14,27,0,41,0,2,256,0,258,0,16,283,0,299,390,0,390,689
06/01/2016,HIO,OR,ANM,WE,Towers with Radar,1,13,36,0,50,0,1,325,0,326,1,14,361,0,376,473,0,473,849
06/02/2016,HIO,OR,ANM,WE,Towers with Radar,0,16,57,1,74,0,1,127,0,128,0,17,184,1,202,446,0,446,648
06/03/2016,HIO,OR,ANM,WE,Towers with Radar,0,18,34,0,52,0,1,304,1,306,0,19,338,1,358,373,0,373,731
06/04/2016,HIO,OR,ANM,WE,Towers with Radar,0,2,19,0,21,0,2,227,0,229,0,4,246,0,250,235,0,235,485
06/05/2016,HIO,OR,ANM,WE,Towers with Radar,0,2,24,0,26,0,0,265,0,265,0,2,289,0,291,219,0,219,510
06/06/2016,HIO,OR,ANM,WE,Towers with Radar,0,18,16,0,34,0,0,247,0,247,0,18,263,0,281,342,0,342,623
06/07/2016,HIO,OR,ANM,WE,Towers with Radar,0,17,30,0,47,0,0,304,1,305,0,17,334,1,352,337,0,337,689
06/08/2016,HIO,OR,ANM,WE,Towers with Radar,0,16,43,0,59,0,4,254,0,258,0,20,297,0,317,438,0,438,755
06/09/2016,HIO,OR,ANM,WE,Towers with Radar,0,16,60,0,76,0,3,171,0,174,0,19,231,0,250,490,0,490,740
06/10/2016,HIO,OR,ANM,WE,Towers with Radar,0,16,53,0,69,0,0,56,0,56,0,16,109,0,125,199,0,199,324
06/11/2016,HIO,OR,ANM,WE,Towers with Radar,0,1,42,0,43,0,1,179,0,180,0,2,221,0,223,345,0,345,568
06/12/2016,HIO,OR,ANM,WE,Towers with Radar,0,1,28,0,29,0,0,363,0,363,0,1,391,0,392,341,0,341,733
06/13/2016,HIO,OR,ANM,WE,Towers with Radar,0,13,64,2,79,0,0,182,0,182,0,13,246,2,261,392,0,392,653
06/14/2016,HIO,OR,ANM,WE,Towers with Radar,0,15,46,0,61,0,0,79,0,79,0,15,125,0,140,262,0,262,402
06/15/2016,HIO,OR,ANM,WE,Towers with Radar,0,19,56,0,75,0,0,162,0,162,0,19,218,0,237,329,0,329,566
06/16/2016,HIO,OR,ANM,WE,Towers with Radar,0,13,48,0,61,0,1,212,0,213,0,14,260,0,274,333,0,333,607
06/17/2016,HIO,OR,ANM,WE,Towers with Radar,0,17,57,0,74,0,0,286,1,287,0,17,343,1,361,316,0,316,677
06/18/2016,HIO,OR,ANM,WE,Towers with Radar,0,6,16,0,22,0,1,153,0,154,0,7,169,0,176,261,0,261,437
06/19/2016,HIO,OR,ANM,WE,Towers with Radar,0,6,42,0,48,0,1,276,0,277,0,7,318,0,325,297,0,297,622
06/20/2016,HIO,OR,ANM,WE,Towers with Radar,0,15,31,1,47,0,1,315,0,316,0,16,346,1,363,318,0,318,681
06/21/2016,HIO,OR,ANM,WE,Towers with Radar,0,9,41,0,50,0,0,205,2,207,0,9,246,2,257,321,0,321,578
06/22/2016,HIO,OR,ANM,WE,Towers with Radar,0,10,24,1,35,0,2,302,0,304,0,12,326,1,339,306,0,306,645
06/23/2016,HIO,OR,ANM,WE,Towers with Radar,0,14,55,0,69,0,0,39,2,41,0,14,94,2,110,228,0,228,338
06/24/2016,HIO,OR,ANM,WE,Towers with Radar,0,16,64,0,80,0,2,216,0,218,0,18,280,0,298,468,0,468,766
06/25/2016,HIO,OR,ANM,WE,Towers with Radar,0,3,23,0,26,0,3,233,0,236,0,6,256,0,262,412,0,412,674
06/26/2016,HIO,OR,ANM,WE,Towers with Radar,0,3,39,0,42,0,3,284,0,287,0,6,323,0,329,235,0,235,564
06/27/2016,HIO,OR,ANM,WE,Towers with Radar,0,18,31,0,49,0,0,281,0,281,0,18,312,0,330,356,0,356,686
06/28/2016,HIO,OR,ANM,WE,Towers with Radar,0,18,38,0,56,0,0,300,0,300,0,18,338,0,356,447,0,447,803
06/29/2016,HIO,OR,ANM,WE,Towers with Radar,0,14,49,0,63,0,5,224,0,229,0,19,273,0,292,355,0,355,647
06/30/2016,HIO,OR,ANM,WE,Towers with Radar,0,14,41,1,56,0,1,331,1,333,0,15,372,2,389,446,0,446,835
07/01/2016,HIO,OR,ANM,WE,Towers with Radar,0,18,57,0,75,0,3,298,0,301,0,21,355,0,376,364,0,364,740
07/02/2016,HIO,OR,ANM,WE,Towers with Radar,0,1,24,0,25,0,1,229,1,231,0,2,253,1,256,372,0,372,628
07/03/2016,HIO,OR,ANM,WE,Towers with Radar,0,3,31,0,34,0,1,207,0,208,0,4,238,0,242,329,0,329,571
07/04/2016,HIO,OR,ANM,WE,Towers with Radar,0,1,30,0,31,0,2,151,0,153,0,3,181,0,184,257,0,257,441
07/05/2016,HIO,OR,ANM,WE,Towers with Radar,0,6,56,2,64,0,2,260,0,262,0,8,316,2,326,614,0,614,940
07/06/2016,HIO,OR,ANM,WE,Towers with Radar,0,0,27,0,27,0,0,331,0,331,0,0,358,0,358,400,0,400,758
07/07/2016,HIO,OR,ANM,WE,Towers with Radar,0,3,66,3,72,0,3,202,2,207,0,6,268,5,279,545,0,545,824
07/08/2016,HIO,OR,ANM,WE,Towers with Radar,0,4,54,2,60,0,3,122,0,125,0,7,176,2,185,240,0,240,425
07/09/2016,HIO,OR,ANM,WE,Towers with Radar,0,3,42,0,45,0,4,133,0,137,0,7,175,0,182,216,0,216,398
07/10/2016,HIO,OR,ANM,WE,Towers with Radar,0,2,48,0,50,0,0,131,1,132,0,2,179,1,182,267,0,267,449
07/11/2016,HIO,OR,ANM,WE,Towers with Radar,0,14,43,0,57,0,1,222,0,223,0,15,265,0,280,459,0,459,739
07/12/2016,HIO,OR,ANM,WE,Towers with Radar,0,18,42,0,60,0,0,249,0,249,0,18,291,0,309,425,0,425,734
07/13/2016,HIO,OR,ANM,WE,Towers with Radar,0,15,32,2,49,0,2,304,1,307,0,17,336,3,356,304,0,304,660
07/14/2016,HIO,OR,ANM,WE,Towers with Radar,0,16,38,2,56,0,1,303,0,304,0,17,341,2,360,326,0,326,686
07/15/2016,HIO,OR,ANM,WE,Towers with Radar,0,17,44,0,61,0,2,261,0,263,0,19,305,0,324,297,0,297,621
07/16/2016,HIO,OR,ANM,WE,Towers with Radar,0,0,25,0,25,0,2,242,0,244,0,2,267,0,269,360,0,360,629
07/17/2016,HIO,OR,ANM,WE,Towers with Radar,0,5,36,0,41,0,2,205,1,208,0,7,241,1,249,369,0,369,618
07/18/2016,HIO,OR,ANM,WE,Towers with Radar,0,15,28,1,44,0,0,206,1,207,0,15,234,2,251,250,0,250,501
07/19/2016,HIO,OR,ANM,WE,Towers with Radar,0,13,37,2,52,0,3,258,0,261,0,16,295,2,313,386,0,386,699
07/20/2016,HIO,OR,ANM,WE,Towers with Radar,0,15,27,0,42,0,1,308,0,309,0,16,335,0,351,311,0,311,662
07/21/2016,HIO,OR,ANM,WE,Towers with Radar,0,14,38,3,55,0,6,278,6,290,0,20,316,9,345,289,0,289,634
07/22/2016,HIO,OR,ANM,WE,Towers with Radar,0,15,61,0,76,0,2,165,0,167,0,17,226,0,243,215,0,215,458
07/23/2016,HIO,OR,ANM,WE,Towers with Radar,0,2,40,0,42,0,0,245,0,245,0,2,285,0,287,311,0,311,598
07/24/2016,HIO,OR,ANM,WE,Towers with Radar,0,3,19,0,22,0,0,277,0,277,0,3,296,0,299,377,0,377,676
07/25/2016,HIO,OR,ANM,WE,Towers with Radar,0,18,34,0,52,0,2,311,0,313,0,20,345,0,365,421,0,421,786
07/26/2016,HIO,OR,ANM,WE,Towers with Radar,0,13,46,2,61,0,3,318,0,321,0,16,364,2,382,484,0,484,866
07/27/2016,HIO,OR,ANM,WE,Towers with Radar,0,19,32,2,53,0,0,266,1,267,0,19,298,3,320,439,0,439,759
07/28/2016,HIO,OR,ANM,WE,Towers with Radar,0,16,28,0,44,0,0,280,0,280,0,16,308,0,324,311,0,311,635
07/29/2016,HIO,OR,ANM,WE,Towers with Radar,0,18,37,2,57,0,8,348,2,358,0,26,385,4,415,299,0,299,714
07/30/2016,HIO,OR,ANM,WE,Towers with Radar,0,3,24,0,27,0,3,284,2,289,0,6,308,2,316,232,0,232,548
07/31/2016,HIO,OR,ANM,WE,Towers with Radar,0,8,23,0,31,0,0,254,1,255,0,8,277,1,286,306,0,306,592
08/01/2016,HIO,OR,ANM,WE,Towers with Radar,0,14,24,0,38,0,4,301,0,305,0,18,325,0,343,448,0,448,791
08/02/2016,HIO,OR,ANM,WE,Towers with Radar,0,12,45,3,60,0,3,341,4,348,0,15,386,7,408,434,0,434,842
08/03/2016,HIO,OR,ANM,WE,Towers with Radar,0,14,46,1,61,0,1,320,0,321,0,15,366,1,382,352,0,352,734
08/04/2016,HIO,OR,ANM,WE,Towers with Radar,0,12,34,1,47,0,0,374,0,374,0,12,408,1,421,354,0,354,775
08/05/2016,HIO,OR,ANM,WE,Towers with Radar,0,15,8,1,24,1,2,134,4,141,1,17,142,5,165,158,0,158,323
08/06/2016,HIO,OR,ANM,WE,Towers with Radar,0,0,9,0,9,3,0,179,1,183,3,0,188,1,192,52,0,52,244
08/07/2016,HIO,OR,ANM,WE,Towers with Radar,0,0,11,6,17,4,1,190,2,197,4,1,201,8,214,29,0,29,243
08/08/2016,HIO,OR,ANM,WE,Towers with Radar,0,16,44,3,63,0,0,153,6,159,0,16,197,9,222,512,0,512,734
08/09/2016,HIO,OR,ANM,WE,Towers with Radar,0,18,66,2,86,0,1,174,1,176,0,19,240,3,262,681,0,681,943
08/10/2016,HIO,OR,ANM,WE,Towers with Radar,0,12,44,0,56,0,4,331,0,335,0,16,375,0,391,514,0,514,905
08/11/2016,HIO,OR,ANM,WE,Towers with Radar,0,16,27,0,43,0,9,391,0,400,0,25,418,0,443,381,0,381,824
08/12/2016,HIO,OR,ANM,WE,Towers with Radar,0,19,40,0,59,0,0,284,0,284,0,19,324,0,343,306,0,306,649
08/13/2016,HIO,OR,ANM,WE,Towers with Radar,0,3,14,0,17,0,2,301,0,303,0,5,315,0,320,181,0,181,501
08/14/2016,HIO,OR,ANM,WE,Towers with Radar,0,4,31,0,35,0,0,332,0,332,0,4,363,0,367,147,0,147,514
08/15/2016,HIO,OR,ANM,WE,Towers with Radar,0,19,33,2,54,0,6,386,3,395,0,25,419,5,449,455,0,455,904
08/16/2016,HIO,OR,ANM,WE,Towers with Radar,0,21,24,0,45,0,2,338,0,340,0,23,362,0,385,526,0,526,911
08/17/2016,HIO,OR,ANM,WE,Towers with Radar,0,18,27,1,46,0,4,370,4,378,0,22,397,5,424,514,0,514,938
08/18/2016,HIO,OR,ANM,WE,Towers with Radar,0,15,21,0,36,0,0,358,0,358,0,15,379,0,394,432,0,432,826
08/19/2016,HIO,OR,ANM,WE,Towers with Radar,0,17,23,0,40,0,2,315,1,318,0,19,338,1,358,341,0,341,699
08/20/2016,HIO,OR,ANM,WE,Towers with Radar,0,4,15,0,19,0,2,305,0,307,0,6,320,0,326,351,0,351,677
08/21/2016,HIO,OR,ANM,WE,Towers with Radar,0,2,20,0,22,0,0,254,0,254,0,2,274,0,276,349,0,349,625
08/22/2016,HIO,OR,ANM,WE,Towers with Radar,0,15,35,0,50,0,1,321,0,322,0,16,356,0,372,540,0,540,912
08/23/2016,HIO,OR,ANM,WE,Towers with Radar,0,17,33,0,50,0,1,347,0,348,0,18,380,0,398,460,0,460,858
08/24/2016,HIO,OR,ANM,WE,Towers with Radar,0,13,35,0,48,0,0,392,1,393,0,13,427,1,441,307,0,307,748
08/25/2016,HIO,OR,ANM,WE,Towers with Radar,0,18,36,0,54,0,0,377,2,379,0,18,413,2,433,515,0,515,948
08/26/2016,HIO,OR,ANM,WE,Towers with Radar,0,18,37,0,55,0,1,367,0,368,0,19,404,0,423,458,0,458,881
08/27/2016,HIO,OR,ANM,WE,Towers with Radar,0,4,25,0,29,0,0,327,0,327,0,4,352,0,356,347,0,347,703
08/28/2016,HIO,OR,ANM,WE,Towers with Radar,0,4,28,0,32,0,0,291,0,291,0,4,319,0,323,305,0,305,628
08/29/2016,HIO,OR,ANM,WE,Towers with Radar,0,15,30,0,45,0,3,334,3,340,0,18,364,3,385,370,0,370,755
08/30/2016,HIO,OR,ANM,WE,Towers with Radar,0,19,56,1,76,0,0,205,1,206,0,19,261,2,282,583,0,583,865
08/31/2016,HIO,OR,ANM,WE,Towers with Radar,0,18,85,1,104,0,0,24,0,24,0,18,109,1,128,57,0,57,185
09/01/2016,HIO,OR,ANM,WE,Towers with Radar,0,15,63,0,78,0,0,82,0,82,0,15,145,0,160,160,0,160,320
09/02/2016,HIO,OR,ANM,WE,Towers with Radar,0,9,66,0,75,0,2,140,0,142,0,11,206,0,217,320,0,320,537
09/03/2016,HIO,OR,ANM,WE,Towers with Radar,0,0,37,0,37,0,0,193,0,193,0,0,230,0,230,323,0,323,553
09/04/2016,HIO,OR,ANM,WE,Towers with Radar,0,1,40,0,41,0,0,207,0,207,0,1,247,0,248,249,0,249,497
09/05/2016,HIO,OR,ANM,WE,Towers with Radar,0,3,82,0,85,0,1,239,0,240,0,4,321,0,325,295,0,295,620
09/06/2016,HIO,OR,ANM,WE,Towers with Radar,0,18,67,0,85,0,0,40,0,40,0,18,107,0,125,285,0,285,410
09/07/2016,HIO,OR,ANM,WE,Towers with Radar,0,14,54,0,68,0,0,263,1,264,0,14,317,1,332,422,0,422,754
09/08/2016,HIO,OR,ANM,WE,Towers with Radar,0,21,27,0,48,0,1,314,3,318,0,22,341,3,366,348,6,354,720
09/09/2016,HIO,OR,ANM,WE,Towers with Radar,0,13,28,0,41,0,3,350,0,353,0,16,378,0,394,252,0,252,646
09/10/2016,HIO,OR,ANM,WE,Towers with Radar,0,1,26,0,27,0,0,270,0,270,0,1,296,0,297,239,0,239,536
09/11/2016,HIO,OR,ANM,WE,Towers with Radar,0,3,24,0,27,0,0,261,0,261,0,3,285,0,288,276,0,276,564
09/12/2016,HIO,OR,ANM,WE,Towers with Radar,0,16,26,1,43,0,0,322,0,322,0,16,348,1,365,262,0,262,627
09/13/2016,HIO,OR,ANM,WE,Towers with Radar,0,16,45,2,63,0,0,355,2,357,0,16,400,4,420,341,0,341,761
09/14/2016,HIO,OR,ANM,WE,Towers with Radar,0,13,34,0,47,0,3,386,2,391,0,16,420,2,438,344,0,344,782
09/15/2016,HIO,OR,ANM,WE,Towers with Radar,0,16,24,0,40,0,2,290,1,293,0,18,314,1,333,332,0,332,665
09/16/2016,HIO,OR,ANM,WE,Towers with Radar,0,17,21,2,40,0,2,331,0,333,0,19,352,2,373,348,0,348,721
09/17/2016,HIO,OR,ANM,WE,Towers with Radar,0,3,48,0,51,0,0,15,0,15,0,3,63,0,66,113,0,113,179
09/18/2016,HIO,OR,ANM,WE,Towers with Radar,0,0,61,0,61,0,2,95,0,97,0,2,156,0,158,229,0,229,387
09/19/2016,HIO,OR,ANM,WE,Towers with Radar,0,14,55,0,69,0,0,115,0,115,0,14,170,0,184,394,0,394,578
09/20/2016,HIO,OR,ANM,WE,Towers with Radar,0,16,36,0,52,0,2,220,0,222,0,18,256,0,274,351,0,351,625
09/21/2016,HIO,OR,ANM,WE,Towers with Radar,0,21,43,0,64,0,1,229,1,231,0,22,272,1,295,384,0,384,679
09/22/2016,HIO,OR,ANM,WE,Towers with Radar,0,20,54,0,74,0,3,207,1,211,0,23,261,1,285,428,0,428,713
09/23/2016,HIO,OR,ANM,WE,Towers with Radar,0,18,60,4,82,0,1,32,0,33,0,19,92,4,115,210,0,210,325
09/24/2016,HIO,OR,ANM,WE,Towers with Radar,0,7,27,0,34,0,1,236,0,237,0,8,263,0,271,175,0,175,446
09/25/2016,HIO,OR,ANM,WE,Towers with Radar,0,5,29,0,34,0,1,320,0,321,0,6,349,0,355,308,0,308,663
09/26/2016,HIO,OR,ANM,WE,Towers with Radar,0,19,40,0,59,0,3,336,0,339,0,22,376,0,398,391,0,391,789
09/27/2016,HIO,OR,ANM,WE,Towers with Radar,0,18,52,0,70,0,2,301,0,303,0,20,353,0,373,372,0,372,745
09/28/2016,HIO,OR,ANM,WE,Towers with Radar,0,18,44,0,62,0,0,304,0,304,0,18,348,0,366,473,0,473,839
09/29/2016,HIO,OR,ANM,WE,Towers with Radar,0,16,36,2,54,0,0,296,0,296,0,16,332,2,350,416,0,416,766
09/30/2016,HIO,OR,ANM,WE,Towers with Radar,0,16,38,0,54,0,0,242,0,242,0,16,280,0,296,268,0,268,564
10/01/2016,HIO,OR,ANM,WE,Towers with Radar,0,0,20,0,20,0,0,42,0,42,0,0,62,0,62,227,0,227,289
10/02/2016,HIO,OR,ANM,WE,Towers with Radar,0,2,36,2,40,0,0,44,0,44,0,2,80,2,84,233,0,233,317
10/03/2016,HIO,OR,ANM,WE,Towers with Radar,0,18,57,0,75,0,1,174,2,177,0,19,231,2,252,621,14,635,887
10/04/2016,HIO,OR,ANM,WE,Towers with Radar,0,17,46,0,63,0,1,17,0,18,0,18,63,0,81,136,0,136,217
10/05/2016,HIO,OR,ANM,WE,Towers with Radar,0,20,60,0,80,0,0,25,0,25,0,20,85,0,105,28,0,28,133
10/06/2016,HIO,OR,ANM,WE,Towers with Radar,0,18,72,2,92,0,0,96,1,97,0,18,168,3,189,198,0,198,387
10/07/2016,HIO,OR,ANM,WE,Towers with Radar,0,17,82,0,99,0,0,28,0,28,0,17,110,0,127,248,0,248,375
10/08/2016,HIO,OR,ANM,WE,Towers with Radar,1,2,67,0,70,0,1,66,0,67,1,3,133,0,137,173,0,173,310
10/09/2016,HIO,OR,ANM,WE,Towers with Radar,0,6,52,0,58,0,0,0,0,0,0,6,52,0,58,8,0,8,66
10/10/2016,HIO,OR,ANM,WE,Towers with Radar,0,14,51,0,65,0,0,239,0,239,0,14,290,0,304,253,0,253,557
10/11/2016,HIO,OR,ANM,WE,Towers with Radar,0,16,32,0,48,0,0,358,0,358,0,16,390,0,406,244,0,244,650
10/12/2016,HIO,OR,ANM,WE,Towers with Radar,0,21,29,0,50,0,1,391,0,392,0,22,420,0,442,400,0,400,842
10/13/2016,HIO,OR,ANM,WE,Towers with Radar,0,13,30,0,43,0,0,5,0,5,0,13,35,0,48,29,0,29,77
10/14/2016,HIO,OR,ANM,WE,Towers with Radar,0,12,18,0,30,0,5,5,0,10,0,17,23,0,40,4,0,4,44
10/15/2016,HIO,OR,ANM,WE,Towers with Radar,0,3,12,0,15,0,0,0,0,0,0,3,12,0,15,7,0,7,22
10/16/2016,HIO,OR,ANM,WE,Towers with Radar,0,3,19,0,22,0,0,14,0,14,0,3,33,0,36,74,0,74,110
10/17/2016,HIO,OR,ANM,WE,Towers with Radar,0,12,27,0,39,0,0,49,0,49,0,12,76,0,88,220,0,220,308
10/18/2016,HIO,OR,ANM,WE,Towers with Radar,0,17,67,1,85,0,0,87,0,87,0,17,154,1,172,364,0,364,536
10/19/2016,HIO,OR,ANM,WE,Towers with Radar,0,12,48,0,60,0,0,187,0,187,0,12,235,0,247,326,0,326,573
10/20/2016,HIO,OR,ANM,WE,Towers with Radar,0,5,37,0,42,0,0,83,0,83,0,5,120,0,125,209,0,209,334
10/21/2016,HIO,OR,ANM,WE,Towers with Radar,0,2,43,0,45,0,3,89,0,92,0,5,132,0,137,180,0,180,317
10/22/2016,HIO,OR,ANM,WE,Towers with Radar,0,4,31,0,35,0,0,259,0,259,0,4,290,0,294,395,0,395,689
10/23/2016,HIO,OR,ANM,WE,Towers with Radar,0,4,30,0,34,0,1,218,0,219,0,5,248,0,253,462,0,462,715
10/24/2016,HIO,OR,ANM,WE,Towers with Radar,0,14,37,0,51,0,0,110,0,110,0,14,147,0,161,312,0,312,473
10/25/2016,HIO,OR,ANM,WE,Towers with Radar,0,22,40,0,62,0,5,263,0,268,0,27,303,0,330,464,0,464,794
10/26/2016,HIO,OR,ANM,WE,Towers with Radar,0,19,56,0,75,0,0,18,0,18,0,19,74,0,93,228,0,228,321
10/27/2016,HIO,OR,ANM,WE,Towers with Radar,0,15,53,0,68,0,0,139,0,139,0,15,192,0,207,418,0,418,625
10/28/2016,HIO,OR,ANM,WE,Towers with Radar,0,15,35,0,50,0,7,315,0,322,0,22,350,0,372,420,0,420,792
10/29/2016,HIO,OR,ANM,WE,Towers with Radar,0,3,34,0,37,0,0,231,0,231,0,3,265,0,268,504,0,504,772
10/30/2016,HIO,OR,ANM,WE,Towers with Radar,0,5,33,0,38,0,0,70,0,70,0,5,103,0,108,220,0,220,328
10/31/2016,HIO,OR,ANM,WE,Towers with Radar,0,17,43,0,60,0,0,95,0,95,0,17,138,0,155,393,0,393,548
11/01/2016,HIO,OR,ANM,WE,Towers with Radar,0,14,41,1,56,0,0,188,0,188,0,14,229,1,244,272,0,272,516
11/02/2016,HIO,OR,ANM,WE,Towers with Radar,0,16,23,0,39,0,0,223,0,223,0,16,246,0,262,448,0,448,710
11/03/2016,HIO,OR,ANM,WE,Towers with Radar,0,13,51,0,64,0,0,264,1,265,0,13,315,1,329,243,0,243,572
11/04/2016,HIO,OR,ANM,WE,Towers with Radar,0,15,36,0,51,0,2,149,0,151,0,17,185,0,202,342,0,342,544
11/05/2016,HIO,OR,ANM,WE,Towers with Radar,0,1,38,0,39,0,0,9,0,9,0,1,47,0,48,125,0,125,173
11/06/2016,HIO,OR,ANM,WE,Towers with Radar,0,1,34,0,35,0,1,181,0,182,0,2,215,0,217,401,0,401,618
11/07/2016,HIO,OR,ANM,WE,Towers with Radar,0,19,36,1,56,0,2,279,0,281,0,21,315,1,337,533,0,533,870
11/08/2016,HIO,OR,ANM,WE,Towers with Radar,0,13,30,0,43,0,0,305,0,305,0,13,335,0,348,423,0,423,771
11/09/2016,HIO,OR,ANM,WE,Towers with Radar,0,20,84,0,104,0,1,151,0,152,0,21,235,0,256,354,0,354,610
11/10/2016,HIO,OR,ANM,WE,Towers with Radar,0,19,40,0,59,0,4,217,0,221,0,23,257,0,280,362,0,362,642
11/11/2016,HIO,OR,ANM,WE,Towers with Radar,0,15,50,0,65,0,0,68,0,68,0,15,118,0,133,175,0,175,308
11/12/2016,HIO,OR,ANM,WE,Towers with Radar,0,1,36,0,37,0,0,146,0,146,0,1,182,0,183,330,0,330,513
11/13/2016,HIO,OR,ANM,WE,Towers with Radar,0,4,38,0,42,0,0,91,0,91,0,4,129,0,133,427,0,427,560
11/14/2016,HIO,OR,ANM,WE,Towers with Radar,0,13,76,0,89,0,0,1,0,1,0,13,77,0,90,50,0,50,140
11/15/2016,HIO,OR,ANM,WE,Towers with Radar,0,16,26,0,42,0,0,95,0,95,0,16,121,0,137,518,0,518,655
11/16/2016,HIO,OR,ANM,WE,Towers with Radar,0,14,46,2,62,0,0,47,0,47,0,14,93,2,109,514,0,514,623
11/17/2016,HIO,OR,ANM,WE,Towers with Radar,0,14,64,0,78,0,1,121,0,122,0,15,185,0,200,234,0,234,434
11/18/2016,HIO,OR,ANM,WE,Towers with Radar,0,16,41,0,57,0,1,193,0,194,0,17,234,0,251,117,0,117,368
11/19/2016,HIO,OR,ANM,WE,Towers with Radar,0,5,42,1,48,0,2,222,1,225,0,7,264,2,273,489,0,489,762
11/20/2016,HIO,OR,ANM,WE,Towers with Radar,0,0,50,0,50,0,1,90,0,91,0,1,140,0,141,410,0,410,551
11/21/2016,HIO,OR,ANM,WE,Towers with Radar,0,5,57,3,65,0,0,167,0,167,0,5,224,3,232,274,0,274,506
11/22/2016,HIO,OR,ANM,WE,Towers with Radar,0,7,32,0,39,0,4,124,0,128,0,11,156,0,167,299,0,299,466
11/23/2016,HIO,OR,ANM,WE,Towers with Radar,0,3,37,0,40,0,0,13,0,13,0,3,50,0,53,331,0,331,384
11/24/2016,HIO,OR,ANM,WE,Towers with Radar,0,2,6,0,8,0,0,0,0,0,0,2,6,0,8,0,0,0,8
11/25/2016,HIO,OR,ANM,WE,Towers with Radar,0,4,24,0,28,0,3,23,0,26,0,7,47,0,54,118,0,118,172
11/26/2016,HIO,OR,ANM,WE,Towers with Radar,0,6,33,0,39,0,0,28,0,28,0,6,61,0,67,128,0,128,195
11/27/2016,HIO,OR,ANM,WE,Towers with Radar,0,5,58,0,63,0,0,5,0,5,0,5,63,0,68,66,0,66,134
11/28/2016,HIO,OR,ANM,WE,Towers with Radar,0,17,49,2,68,0,0,102,0,102,0,17,151,2,170,427,0,427,597
11/29/2016,HIO,OR,ANM,WE,Towers with Radar,0,13,59,0,72,0,0,53,1,54,0,13,112,1,126,358,0,358,484
11/30/2016,HIO,OR,ANM,WE,Towers with Radar,0,14,37,1,52,0,0,160,0,160,0,14,197,1,212,548,0,548,760
12/01/2016,HIO,OR,ANM,WE,Towers with Radar,0,18,29,0,47,0,0,2,0,2,0,18,31,0,49,32,0,32,81
12/02/2016,HIO,OR,ANM,WE,Towers with Radar,0,16,44,0,60,0,1,139,0,140,0,17,183,0,200,633,0,633,833
12/03/2016,HIO,OR,ANM,WE,Towers with Radar,0,3,39,0,42,0,0,49,0,49,0,3,88,0,91,254,0,254,345
12/04/2016,HIO,OR,ANM,WE,Towers with Radar,0,3,26,0,29,0,0,142,0,142,0,3,168,0,171,319,0,319,490
12/05/2016,HIO,OR,ANM,WE,Towers with Radar,0,15,26,0,41,0,0,1,0,1,0,15,27,0,42,26,0,26,68
12/06/2016,HIO,OR,ANM,WE,Towers with Radar,0,16,32,2,50,0,0,103,0,103,0,16,135,2,153,443,0,443,596
12/07/2016,HIO,OR,ANM,WE,Towers with Radar,0,14,30,1,45,0,0,160,2,162,0,14,190,3,207,154,0,154,361
12/08/2016,HIO,OR,ANM,WE,Towers with Radar,0,6,5,0,11,0,0,3,0,3,0,6,8,0,14,2,0,2,16
12/09/2016,HIO,OR,ANM,WE,Towers with Radar,0,15,11,0,26,0,0,0,0,0,0,15,11,0,26,0,0,0,26
12/10/2016,HIO,OR,ANM,WE,Towers with Radar,0,2,15,0,17,0,1,5,0,6,0,3,20,0,23,88,0,88,111
12/11/2016,HIO,OR,ANM,WE,Towers with Radar,0,5,9,0,14,0,0,44,0,44,0,5,53,0,58,314,0,314,372
12/12/2016,HIO,OR,ANM,WE,Towers with Radar,0,13,43,0,56,0,0,67,0,67,0,13,110,0,123,284,0,284,407
12/13/2016,HIO,OR,ANM,WE,Towers with Radar,0,15,65,0,80,0,0,84,0,84,0,15,149,0,164,291,0,291,455
12/14/2016,HIO,OR,ANM,WE,Towers with Radar,0,13,7,0,20,0,0,19,0,19,0,13,26,0,39,0,0,0,39
12/15/2016,HIO,OR,ANM,WE,Towers with Radar,0,17,16,0,33,0,0,63,0,63,0,17,79,0,96,89,0,89,185
12/16/2016,HIO,OR,ANM,WE,Towers with Radar,0,15,38,0,53,0,1,243,0,244,0,16,281,0,297,374,0,374,671
12/17/2016,HIO,OR,ANM,WE,Towers with Radar,0,4,27,0,31,0,0,26,0,26,0,4,53,0,57,202,0,202,259
12/18/2016,HIO,OR,ANM,WE,Towers with Radar,0,7,15,0,22,0,0,49,0,49,0,7,64,0,71,124,0,124,195
12/19/2016,HIO,OR,ANM,WE,Towers with Radar,0,14,17,0,31,0,0,7,0,7,0,14,24,0,38,141,0,141,179
12/20/2016,HIO,OR,ANM,WE,Towers with Radar,0,19,50,1,70,0,2,158,0,160,0,21,208,1,230,402,0,402,632
12/21/2016,HIO,OR,ANM,WE,Towers with Radar,0,3,11,0,14,0,0,0,0,0,0,3,11,0,14,0,0,0,14
12/22/2016,HIO,OR,ANM,WE,Towers with Radar,0,11,12,2,25,0,0,0,0,0,0,11,12,2,25,0,0,0,25
12/23/2016,HIO,OR,ANM,WE,Towers with Radar,0,15,34,0,49,0,1,196,0,197,0,16,230,0,246,345,0,345,591
12/24/2016,HIO,OR,ANM,WE,Towers with Radar,0,2,5,0,7,0,0,0,0,0,0,2,5,0,7,0,0,0,7
12/25/2016,HIO,OR,ANM,WE,Towers with Radar,0,0,5,0,5,0,0,10,0,10,0,0,15,0,15,0,0,0,15
12/26/2016,HIO,OR,ANM,WE,Towers with Radar,0,0,21,0,21,0,0,17,0,17,0,0,38,0,38,60,0,60,98
12/27/2016,HIO,OR,ANM,WE,Towers with Radar,0,3,16,0,19,0,0,53,0,53,0,3,69,0,72,159,0,159,231
12/28/2016,HIO,OR,ANM,WE,Towers with Radar,0,3,23,0,26,0,0,0,0,0,0,3,23,0,26,0,0,0,26
12/29/2016,HIO,OR,ANM,WE,Towers with Radar,0,0,30,1,31,0,0,3,0,3,0,0,33,1,34,0,0,0,34
12/30/2016,HIO,OR,ANM,WE,Towers with Radar,0,0,44,0,44,0,0,78,0,78,0,0,122,0,122,170,0,170,292
12/31/2016,HIO,OR,ANM,WE,Towers with Radar,0,4,16,0,20,0,0,0,0,0,0,4,16,0,20,20,0,20,40
01/01/2017,HIO,OR,ANM,WE,Towers with Radar,0,2,8,0,10,0,0,0,0,0,0,2,8,0,10,0,0,0,10
01/02/2017,HIO,OR,ANM,WE,Towers with Radar,0,10,23,0,33,0,0,63,0,63,0,10,86,0,96,50,0,50,146
01/03/2017,HIO,OR,ANM,WE,Towers with Radar,0,3,17,0,20,0,0,123,0,123,0,3,140,0,143,15,0,15,158
01/04/2017,HIO,OR,ANM,WE,Towers with Radar,0,1,10,0,11,0,0,20,0,20,0,1,30,0,31,5,0,5,36
01/05/2017,HIO,OR,ANM,WE,Towers with Radar,0,5,73,0,78,0,0,298,2,300,0,5,371,2,378,361,0,361,739
01/06/2017,HIO,OR,ANM,WE,Towers with Radar,0,1,20,2,23,0,1,101,0,102,0,2,121,2,125,91,0,91,216
01/07/2017,HIO,OR,ANM,WE,Towers with Radar,0,2,13,0,15,0,0,2,0,2,0,2,15,0,17,2,0,2,19
01/08/2017,HIO,OR,ANM,WE,Towers with Radar,0,0,3,0,3,0,0,0,0,0,0,0,3,0,3,0,0,0,3
01/09/2017,HIO,OR,ANM,WE,Towers with Radar,0,20,17,0,37,0,0,10,0,10,0,20,27,0,47,124,0,124,171
01/10/2017,HIO,OR,ANM,WE,Towers with Radar,0,16,33,0,49,0,0,7,0,7,0,16,40,0,56,142,0,142,198
01/11/2017,HIO,OR,ANM,WE,Towers with Radar,0,0,1,0,1,0,1,2,0,3,0,1,3,0,4,0,0,0,4
01/12/2017,HIO,OR,ANM,WE,Towers with Radar,0,15,20,0,35,0,1,195,0,196,0,16,215,0,231,368,0,368,599
01/13/2017,HIO,OR,ANM,WE,Towers with Radar,0,2,28,0,30,0,1,236,0,237,0,3,264,0,267,366,0,366,633
01/14/2017,HIO,OR,ANM,WE,Towers with Radar,0,0,16,0,16,0,0,221,0,221,0,0,237,0,237,301,0,301,538
01/15/2017,HIO,OR,ANM,WE,Towers with Radar,0,1,12,0,13,0,2,202,0,204,0,3,214,0,217,302,0,302,519
01/16/2017,HIO,OR,ANM,WE,Towers with Radar,0,3,39,0,42,0,2,261,2,265,0,5,300,2,307,434,0,434,741
01/17/2017,HIO,OR,ANM,WE,Towers with Radar,0,2,6,0,8,0,2,18,0,20,0,4,24,0,28,75,0,75,103
01/18/2017,HIO,OR,ANM,WE,Towers with Radar,0,13,26,0,39,0,1,9,0,10,0,14,35,0,49,18,0,18,67
01/19/2017,HIO,OR,ANM,WE,Towers with Radar,0,20,38,0,58,0,1,53,0,54,0,21,91,0,112,223,0,223,335
01/20/2017,HIO,OR,ANM,WE,Towers with Radar,1,14,52,0,67,0,5,113,2,120,1,19,165,2,187,471,0,471,658
01/21/2017,HIO,OR,ANM,WE,Towers with Radar,0,6,18,0,24,0,2,44,0,46,0,8,62,0,70,319,0,319,389
01/22/2017,HIO,OR,ANM,WE,Towers with Radar,0,1,26,0,27,0,0,110,0,110,0,1,136,0,137,253,0,253,390
01/23/2017,HIO,OR,ANM,WE,Towers with Radar,0,21,20,0,41,0,0,281,0,281,0,21,301,0,322,396,0,396,718
01/24/2017,HIO,OR,ANM,WE,Towers with Radar,0,12,33,0,45,0,0,119,0,119,0,12,152,0,164,235,0,235,399
01/25/2017,HIO,OR,ANM,WE,Towers with Radar,0,15,76,0,91,0,0,145,0,145,0,15,221,0,236,388,0,388,624
01/26/2017,HIO,OR,ANM,WE,Towers with Radar,0,21,60,0,81,0,0,47,0,47,0,21,107,0,128,235,0,235,363
01/27/2017,HIO,OR,ANM,WE,Towers with Radar,0,11,31,0,42,0,1,206,1,208,0,12,237,1,250,423,0,423,673
01/28/2017,HIO,OR,ANM,WE,Towers with Radar,0,3,22,0,25,0,2,237,0,239,0,5,259,0,264,211,0,211,475
01/29/2017,HIO,OR,ANM,WE,Towers with Radar,0,3,31,0,34,0,0,193,0,193,0,3,224,0,227,329,0,329,556
01/30/2017,HIO,OR,ANM,WE,Towers with Radar,0,19,67,0,86,0,0,62,0,62,0,19,129,0,148,447,0,447,595
01/31/2017,HIO,OR,ANM,WE,Towers with Radar,0,17,28,0,45,0,0,173,0,173,0,17,201,0,218,350,0,350,568
02/01/2017,HIO,OR,ANM,WE,Towers with Radar,0,14,16,0,30,0,0,10,0,10,0,14,26,0,40,0,0,0,40
02/02/2017,HIO,OR,ANM,WE,Towers with Radar,0,17,12,0,29,0,0,7,0,7,0,17,19,0,36,0,0,0,36
02/03/2017,HIO,OR,ANM,WE,Towers with Radar,0,14,9,0,23,0,0,3,0,3,0,14,12,0,26,4,0,4,30
02/04/2017,HIO,OR,ANM,WE,Towers with Radar,0,4,36,0,40,0,0,17,0,17,0,4,53,0,57,233,0,233,290
02/05/2017,HIO,OR,ANM,WE,Towers with Radar,0,4,12,0,16,0,0,2,0,2,0,4,14,0,18,29,0,29,47
02/06/2017,HIO,OR,ANM,WE,Towers with Radar,0,22,21,0,43,0,0,16,0,16,0,22,37,0,59,168,0,168,227
02/07/2017,HIO,OR,ANM,WE,Towers with Radar,0,19,21,0,40,0,0,82,0,82,0,19,103,0,122,435,0,435,557
02/08/2017,HIO,OR,ANM,WE,Towers with Radar,0,14,33,2,49,0,0,4,0,4,0,14,37,2,53,123,0,123,176
02/09/2017,HIO,OR,ANM,WE,Towers with Radar,0,17,18,0,35,0,4,18,0,22,0,21,36,0,57,40,0,40,97
02/10/2017,HIO,OR,ANM,WE,Towers with Radar,0,16,30,0,46,0,0,114,0,114,0,16,144,0,160,306,0,306,466
02/11/2017,HIO,OR,ANM,WE,Towers with Radar,0,2,27,0,29,0,0,221,0,221,0,2,248,0,250,384,0,384,634
02/12/2017,HIO,OR,ANM,WE,Towers with Radar,0,1,24,0,25,0,0,257,0,257,0,1,281,0,282,352,0,352,634
02/13/2017,HIO,OR,ANM,WE,Towers with Radar,0,20,24,0,44,0,1,284,0,285,0,21,308,0,329,327,0,327,656
02/14/2017,HIO,OR,ANM,WE,Towers with Radar,0,17,33,0,50,0,2,267,0,269,0,19,300,0,319,421,0,421,740
02/15/2017,HIO,OR,ANM,WE,Towers with Radar,0,16,42,2,60,0,0,0,0,0,0,16,42,2,60,14,0,14,74
02/16/2017,HIO,OR,ANM,WE,Towers with Radar,0,17,50,0,67,0,2,11,0,13,0,19,61,0,80,226,0,226,306
02/17/2017,HIO,OR,ANM,WE,Towers with Radar,0,3,52,1,56,0,2,246,0,248,0,5,298,1,304,502,0,502,806
02/18/2017,HIO,OR,ANM,WE,Towers with Radar,0,1,61,0,62,0,0,26,0,26,0,1,87,0,88,307,0,307,395
02/19/2017,HIO,OR,ANM,WE,Towers with Radar,0,4,17,0,21,0,0,17,0,17,0,4,34,0,38,292,0,292,330
02/20/2017,HIO,OR,ANM,WE,Towers with Radar,0,2,18,0,20,0,0,23,0,23,0,2,41,0,43,175,0,175,218
02/21/2017,HIO,OR,ANM,WE,Towers with Radar,0,18,52,0,70,0,3,113,0,116,0,21,165,0,186,453,0,453,639
02/22/2017,HIO,OR,ANM,WE,Towers with Radar,0,14,28,0,42,0,0,54,0,54,0,14,82,0,96,217,0,217,313
02/23/2017,HIO,OR,ANM,WE,Towers with Radar,0,12,27,0,39,0,0,23,0,23,0,12,50,0,62,258,0,258,320
02/24/2017,HIO,OR,ANM,WE,Towers with Radar,0,14,26,0,40,0,0,12,0,12,0,14,38,0,52,238,0,238,290
02/25/2017,HIO,OR,ANM,WE,Towers with Radar,0,2,40,0,42,0,0,226,0,226,0,2,266,0,268,313,0,313,581
02/26/2017,HIO,OR,ANM,WE,Towers with Radar,0,3,13,0,16,0,0,37,0,37,0,3,50,0,53,271,0,271,324
02/27/2017,HIO,OR,ANM,WE,Towers with Radar,0,20,20,0,40,0,0,15,0,15,0,20,35,0,55,110,0,110,165
02/28/2017,HIO,OR,ANM,WE,Towers with Radar,0,21,26,0,47,0,0,116,0,116,0,21,142,0,163,396,0,396,559
03/01/2017,HIO,OR,ANM,WE,Towers with Radar,0,16,49,0,65,0,1,106,0,107,0,17,155,0,172,426,0,426,598
03/02/2017,HIO,OR,ANM,WE,Towers with Radar,0,19,42,0,61,0,1,53,0,54,0,20,95,0,115,245,0,245,360
03/03/2017,HIO,OR,ANM,WE,Towers with Radar,0,12,35,2,49,0,0,44,0,44,0,12,79,2,93,158,0,158,251
03/04/2017,HIO,OR,ANM,WE,Towers with Radar,0,4,21,0,25,0,0,80,0,80,0,4,101,0,105,192,0,192,297
03/05/2017,HIO,OR,ANM,WE,Towers with Radar,0,8,17,0,25,0,1,39,0,40,0,9,56,0,65,66,0,66,131
03/06/2017,HIO,OR,ANM,WE,Towers with Radar,0,14,18,0,32,0,0,42,0,42,0,14,60,0,74,246,0,246,320
03/07/2017,HIO,OR,ANM,WE,Towers with Radar,0,19,26,0,45,0,0,9,0,9,0,19,35,0,54,180,0,180,234
03/08/2017,HIO,OR,ANM,WE,Towers with Radar,0,16,41,0,57,0,0,14,0,14,0,16,55,0,71,200,0,200,271
03/09/2017,HIO,OR,ANM,WE,Towers with Radar,0,14,41,0,55,0,0,0,0,0,0,14,41,0,55,0,0,0,55
03/10/2017,HIO,OR,ANM,WE,Towers with Radar,0,13,44,0,57,0,0,248,0,248,0,13,292,0,305,248,0,248,553
03/11/2017,HIO,OR,ANM,WE,Towers with Radar,0,1,26,0,27,0,0,26,0,26,0,1,52,0,53,198,0,198,251
03/12/2017,HIO,OR,ANM,WE,Towers with Radar,0,3,31,0,34,0,0,256,0,256,0,3,287,0,290,461,0,461,751
03/13/2017,HIO,OR,ANM,WE,Towers with Radar,0,16,57,0,73,0,0,38,0,38,0,16,95,0,111,114,0,114,225
03/14/2017,HIO,OR,ANM,WE,Towers with Radar,0,17,66,0,83,0,1,42,0,43,0,18,108,0,126,393,0,393,519
03/15/2017,HIO,OR,ANM,WE,Towers with Radar,0,20,62,0,82,0,0,21,0,21,0,20,83,0,103,87,0,87,190
03/16/2017,HIO,OR,ANM,WE,Towers with Radar,0,12,29,0,41,0,2,298,0,300,0,14,327,0,341,371,0,371,712
03/17/2017,HIO,OR,ANM,WE,Towers with Radar,0,20,36,2,58,0,0,52,0,52,0,20,88,2,110,242,0,242,352
03/18/2017,HIO,OR,ANM,WE,Towers with Radar,0,4,34,0,38,0,0,136,0,136,0,4,170,0,174,518,0,518,692
03/19/2017,HIO,OR,ANM,WE,Towers with Radar,0,3,31,0,34,0,1,355,0,356,0,4,386,0,390,389,0,389,779
03/20/2017,HIO,OR,ANM,WE,Towers with Radar,0,23,49,0,72,0,0,164,0,164,0,23,213,0,236,174,0,174,410
03/21/2017,HIO,OR,ANM,WE,Towers with Radar,0,18,63,0,81,0,0,188,0,188,0,18,251,0,269,508,0,508,777
03/22/2017,HIO,OR,ANM,WE,Towers with Radar,0,21,32,0,53,0,0,104,0,104,0,21,136,0,157,179,0,179,336
03/23/2017,HIO,OR,ANM,WE,Towers with Radar,0,19,41,0,60,0,0,258,0,258,0,19,299,0,318,411,0,411,729
03/24/2017,HIO,OR,ANM,WE,Towers with Radar,0,15,48,0,63,0,0,38,0,38,0,15,86,0,101,343,0,343,444
03/25/2017,HIO,OR,ANM,WE,Towers with Radar,0,6,38,0,44,0,0,150,0,150,0,6,188,0,194,483,0,483,677
03/26/2017,HIO,OR,ANM,WE,Towers with Radar,0,6,26,0,32,0,0,7,0,7,0,6,33,0,39,97,0,97,136
03/27/2017,HIO,OR,ANM,WE,Towers with Radar,0,17,41,0,58,0,0,79,0,79,0,17,120,0,137,382,0,382,519
03/28/2017,HIO,OR,ANM,WE,Towers with Radar,0,17,42,0,59,0,1,169,0,170,0,18,211,0,229,295,0,295,524
03/29/2017,HIO,OR,ANM,WE,Towers with Radar,0,17,35,0,52,0,0,10,0,10,0,17,45,0,62,125,0,125,187
03/30/2017,HIO,OR,ANM,WE,Towers with Radar,0,22,44,0,66,0,0,247,0,247,0,22,291,0,313,401,0,401,714
03/31/2017,HIO,OR,ANM,WE,Towers with Radar,0,13,32,1,46,0,1,314,0,315,0,14,346,1,361,567,0,567,928
04/01/2017,HIO,OR,ANM,WE,Towers with Radar,0,3,74,0,77,0,1,72,0,73,0,4,146,0,150,284,0,284,434
04/02/2017,HIO,OR,ANM,WE,Towers with Radar,0,4,21,0,25,0,0,292,0,292,0,4,313,0,317,378,0,378,695
04/03/2017,HIO,OR,ANM,WE,Towers with Radar,0,21,40,0,61,0,1,363,0,364,0,22,403,0,425,470,0,470,895
04/04/2017,HIO,OR,ANM,WE,Towers with Radar,0,16,27,1,44,0,1,217,0,218,0,17,244,1,262,444,0,444,706
04/05/2017,HIO,OR,ANM,WE,Towers with Radar,0,14,23,0,37,0,0,283,0,283,0,14,306,0,320,575,0,575,895
04/06/2017,HIO,OR,ANM,WE,Towers with Radar,0,18,46,0,64,0,0,125,0,125,0,18,171,0,189,415,0,415,604
04/07/2017,HIO,OR,ANM,WE,Towers with Radar,0,15,12,0,27,0,0,10,0,10,0,15,22,0,37,0,0,0,37
04/08/2017,HIO,OR,ANM,WE,Towers with Radar,0,2,39,0,41,0,0,105,0,105,0,2,144,0,146,444,0,444,590
04/09/2017,HIO,OR,ANM,WE,Towers with Radar,0,1,14,0,15,0,0,211,0,211,0,1,225,0,226,338,0,338,564
04/10/2017,HIO,OR,ANM,WE,Towers with Radar,0,20,25,0,45,0,0,56,0,56,0,20,81,0,101,216,0,216,317
04/11/2017,HIO,OR,ANM,WE,Towers with Radar,0,18,34,0,52,0,4,308,0,312,0,22,342,0,364,457,0,457,821
04/12/2017,HIO,OR,ANM,WE,Towers with Radar,0,18,49,0,67,0,0,131,1,132,0,18,180,1,199,476,0,476,675
04/13/2017,HIO,OR,ANM,WE,Towers with Radar,0,17,49,0,66,0,0,110,0,110,0,17,159,0,176,387,0,387,563
04/14/2017,HIO,OR,ANM,WE,Towers with Radar,0,17,41,0,58,0,0,116,0,116,0,17,157,0,174,272,4,276,450
04/15/2017,HIO,OR,ANM,WE,Towers with Radar,0,4,55,0,59,0,0,249,0,249,0,4,304,0,308,320,0,320,628
04/16/2017,HIO,OR,ANM,WE,Towers with Radar,0,3,14,0,17,0,0,230,0,230,0,3,244,0,247,252,0,252,499
04/17/2017,HIO,OR,ANM,WE,Towers with Radar,0,21,46,0,67,0,0,142,2,144,0,21,188,2,211,301,0,301,512
04/18/2017,HIO,OR,ANM,WE,Towers with Radar,0,18,38,0,56,0,1,135,0,136,0,19,173,0,192,293,0,293,485
04/19/2017,HIO,OR,ANM,WE,Towers with Radar,0,16,47,0,63,0,0,127,0,127,0,16,174,0,190,446,0,446,636
04/20/2017,HIO,OR,ANM,WE,Towers with Radar,0,17,49,0,66,0,0,156,0,156,0,17,205,0,222,274,0,274,496
04/21/2017,HIO,OR,ANM,WE,Towers with Radar,0,15,56,1,72,0,0,372,0,372,0,15,428,1,444,296,0,296,740
04/22/2017,HIO,OR,ANM,WE,Towers with Radar,0,1,19,0,20,0,0,98,0,98,0,1,117,0,118,286,0,286,404
04/23/2017,HIO,OR,ANM,WE,Towers with Radar,0,2,27,0,29,0,0,99,0,99,0,2,126,0,128,357,0,357,485
04/24/2017,HIO,OR,ANM,WE,Towers with Radar,0,21,45,2,68,0,0,15,0,15,0,21,60,2,83,116,0,116,199
04/25/2017,HIO,OR,ANM,WE,Towers with Radar,0,17,79,0,96,0,0,74,0,74,0,17,153,0,170,561,0,561,731
04/26/2017,HIO,OR,ANM,WE,Towers with Radar,0,15,69,0,84,0,0,160,0,160,0,15,229,0,244,605,0,605,849
04/27/2017,HIO,OR,ANM,WE,Towers with Radar,0,14,48,0,62,0,1,99,0,100,0,15,147,0,162,342,0,342,504
04/28/2017,HIO,OR,ANM,WE,Towers with Radar,0,12,46,0,58,0,0,315,0,315,0,12,361,0,373,575,0,575,948
04/29/2017,HIO,OR,ANM,WE,Towers with Radar,0,2,31,0,33,0,2,328,0,330,0,4,359,0,363,396,0,396,759
04/30/2017,HIO,OR,ANM,WE,Towers with Radar,0,3,35,3,41,0,1,246,1,248,0,4,281,4,289,549,0,549,838
05/01/2017,HIO,OR,ANM,WE,Towers with Radar,0,25,33,0,58,0,0,191,0,191,0,25,224,0,249,531,0,531,780
05/02/2017,HIO,OR,ANM,WE,Towers with Radar,0,21,66,0,87,0,1,39,0,40,0,22,105,0,127,339,0,339,466
05/03/2017,HIO,OR,ANM,WE,Towers with Radar,0,16,66,0,82,0,0,287,0,287,0,16,353,0,369,371,0,371,740
05/04/2017,HIO,OR,ANM,WE,Towers with Radar,0,22,27,0,49,0,0,235,0,235,0,22,262,0,284,403,0,403,687
05/05/2017,HIO,OR,ANM,WE,Towers with Radar,0,18,56,0,74,0,0,131,0,131,0,18,187,0,205,424,0,424,629
05/06/2017,HIO,OR,ANM,WE,Towers with Radar,0,5,40,0,45,0,1,288,0,289,0,6,328,0,334,521,0,521,855
05/07/2017,HIO,OR,ANM,WE,Towers with Radar,0,5,27,0,32,0,0,284,0,284,0,5,311,0,316,523,0,523,839
05/08/2017,HIO,OR,ANM,WE,Towers with Radar,0,19,24,0,43,0,0,297,1,298,0,19,321,1,341,627,0,627,968
05/09/2017,HIO,OR,ANM,WE,Towers with Radar,0,17,42,0,59,0,4,349,0,353,0,21,391,0,412,554,0,554,966
05/10/2017,HIO,OR,ANM,WE,Towers with Radar,0,14,26,1,41,0,1,327,0,328,0,15,353,1,369,633,0,633,1002
05/11/2017,HIO,OR,ANM,WE,Towers with Radar,0,18,41,0,59,0,0,39,0,39,0,18,80,0,98,345,0,345,443
05/12/2017,HIO,OR,ANM,WE,Towers with Radar,0,19,32,1,52,0,0,59,0,59,0,19,91,1,111,407,0,407,518
05/13/2017,HIO,OR,ANM,WE,Towers with Radar,0,2,27,0,29,0,0,39,0,39,0,2,66,0,68,236,0,236,304
05/14/2017,HIO,OR,ANM,WE,Towers with Radar,0,3,23,0,26,0,0,150,0,150,0,3,173,0,176,315,0,315,491
05/15/2017,HIO,OR,ANM,WE,Towers with Radar,0,19,51,0,70,0,3,171,0,174,0,22,222,0,244,605,0,605,849
05/16/2017,HIO,OR,ANM,WE,Towers with Radar,0,19,18,1,38,0,0,29,0,29,0,19,47,1,67,156,0,156,223
05/17/2017,HIO,OR,ANM,WE,Towers with Radar,0,12,53,0,65,0,0,210,0,210,0,12,263,0,275,866,0,866,1141
05/18/2017,HIO,OR,ANM,WE,Towers with Radar,0,17,34,1,52,0,0,397,0,397,0,17,431,1,449,721,0,721,1170
05/19/2017,HIO,OR,ANM,WE,Towers with Radar,0,13,35,0,48,0,0,406,0,406,0,13,441,0,454,719,0,719,1173
05/20/2017,HIO,OR,ANM,WE,Towers with Radar,0,2,42,2,46,0,0,236,0,236,0,2,278,2,282,591,0,591,873
05/21/2017,HIO,OR,ANM,WE,Towers with Radar,0,4,18,1,23,0,0,306,0,306,0,4,324,1,329,329,0,329,658
05/22/2017,HIO,OR,ANM,WE,Towers with Radar,0,21,22,0,43,0,1,361,0,362,0,22,383,0,405,526,0,526,931
05/23/2017,HIO,OR,ANM,WE,Towers with Radar,0,19,47,1,67,0,1,271,0,272,0,20,318,1,339,392,0,392,731
05/24/2017,HIO,OR,ANM,WE,Towers with Radar,0,17,44,1,62,0,0,256,0,256,0,17,300,1,318,607,0,607,925
05/25/2017,HIO,OR,ANM,WE,Towers with Radar,0,18,41,0,59,0,0,330,0,330,0,18,371,0,389,703,0,703,1092
05/26/2017,HIO,OR,ANM,WE,Towers with Radar,0,8,32,2,42,0,2,349,0,351,0,10,381,2,393,732,0,732,1125
05/27/2017,HIO,OR,ANM,WE,Towers with Radar,0,5,22,0,27,0,0,284,0,284,0,5,306,0,311,460,0,460,771
05/28/2017,HIO,OR,ANM,WE,Towers with Radar,0,4,12,0,16,0,0,288,0,288,0,4,300,0,304,332,0,332,636
05/29/2017,HIO,OR,ANM,WE,Towers with Radar,0,2,59,0,61,0,0,143,0,143,0,2,202,0,204,495,0,495,699
05/30/2017,HIO,OR,ANM,WE,Towers with Radar,0,19,75,0,94,0,0,13,0,13,0,19,88,0,107,124,0,124,231
05/31/2017,HIO,OR,ANM,WE,Towers with Radar,0,21,58,0,79,0,0,266,0,266,0,21,324,0,345,534,0,534,879
06/01/2017,HIO,OR,ANM,WE,Towers with Radar,0,16,58,0,74,0,0,205,0,205,0,16,263,0,279,453,0,453,732
06/02/2017,HIO,OR,ANM,WE,Towers with Radar,0,13,38,0,51,0,1,333,0,334,0,14,371,0,385,570,0,570,955
06/03/2017,HIO,OR,ANM,WE,Towers with Radar,0,3,53,0,56,0,0,223,0,223,0,3,276,0,279,642,0,642,921
06/04/2017,HIO,OR,ANM,WE,Towers with Radar,0,2,39,0,41,0,0,291,0,291,0,2,330,0,332,407,0,407,739
06/05/2017,HIO,OR,ANM,WE,Towers with Radar,0,20,37,0,57,0,0,327,0,327,0,20,364,0,384,562,0,562,946
06/06/2017,HIO,OR,ANM,WE,Towers with Radar,0,15,38,0,53,0,0,319,1,320,0,15,357,1,373,467,0,467,840
06/07/2017,HIO,OR,ANM,WE,Towers with Radar,0,16,33,0,49,0,1,355,0,356,0,17,388,0,405,596,0,596,1001
06/08/2017,HIO,OR,ANM,WE,Towers with Radar,0,23,79,0,102,0,0,99,0,99,0,23,178,0,201,278,0,278,479
06/09/2017,HIO,OR,ANM,WE,Towers with Radar,0,15,58,2,75,0,0,128,2,130,0,15,186,4,205,544,0,544,749
06/10/2017,HIO,OR,ANM,WE,Towers with Radar,0,5,52,0,57,0,0,76,0,76,0,5,128,0,133,503,0,503,636
06/11/2017,HIO,OR,ANM,WE,Towers with Radar,0,6,44,0,50,0,2,242,0,244,0,8,286,0,294,542,0,542,836
06/12/2017,HIO,OR,ANM,WE,Towers with Radar,0,19,48,0,67,0,0,188,0,188,0,19,236,0,255,853,0,853,1108
06/13/2017,HIO,OR,ANM,WE,Towers with Radar,0,17,55,0,72,0,0,125,0,125,0,17,180,0,197,362,0,362,559
06/14/2017,HIO,OR,ANM,WE,Towers with Radar,0,14,51,0,65,0,0,393,0,393,0,14,444,0,458,540,0,540,998
06/15/2017,HIO,OR,ANM,WE,Towers with Radar,0,13,38,4,55,0,0,16,0,16,0,13,54,4,71,246,0,246,317
06/16/2017,HIO,OR,ANM,WE,Towers with Radar,0,17,64,0,81,0,0,156,4,160,0,17,220,4,241,870,0,870,1111
06/17/2017,HIO,OR,ANM,WE,Towers with Radar,0,1,42,0,43,0,0,220,1,221,0,1,262,1,264,665,0,665,929
06/18/2017,HIO,OR,ANM,WE,Towers with Radar,0,2,40,0,42,0,0,218,0,218,0,2,258,0,260,436,0,436,696
06/19/2017,HIO,OR,ANM,WE,Towers with Radar,0,20,32,0,52,0,0,320,5,325,0,20,352,5,377,440,0,440,817
06/20/2017,HIO,OR,ANM,WE,Towers with Radar,0,18,44,0,62,0,0,249,0,249,0,18,293,0,311,715,0,715,1026
06/21/2017,HIO,OR,ANM,WE,Towers with Radar,0,18,29,0,47,0,1,320,0,321,0,19,349,0,368,627,0,627,995
06/22/2017,HIO,OR,ANM,WE,Towers with Radar,0,20,35,0,55,0,4,313,0,317,0,24,348,0,372,601,0,601,973
06/23/2017,HIO,OR,ANM,WE,Towers with Radar,0,18,45,0,63,0,0,340,0,340,0,18,385,0,403,446,0,446,849
06/24/2017,HIO,OR,ANM,WE,Towers with Radar,0,2,21,0,23,0,1,292,0,293,0,3,313,0,316,397,0,397,713
06/25/2017,HIO,OR,ANM,WE,Towers with Radar,0,2,37,0,39,0,0,256,0,256,0,2,293,0,295,326,0,326,621
06/26/2017,HIO,OR,ANM,WE,Towers with Radar,0,18,35,0,53,0,0,188,0,188,0,18,223,0,241,372,0,372,613
06/27/2017,HIO,OR,ANM,WE,Towers with Radar,0,15,56,0,71,0,0,258,0,258,0,15,314,0,329,874,0,874,1203
06/28/2017,HIO,OR,ANM,WE,Towers with Radar,0,15,57,0,72,0,0,236,0,236,0,15,293,0,308,663,0,663,971
06/29/2017,HIO,OR,ANM,WE,Towers with Radar,0,20,39,0,59,0,0,314,1,315,0,20,353,1,374,458,0,458,832
06/30/2017,HIO,OR,ANM,WE,Towers with Radar,0,14,21,0,35,0,0,308,0,308,0,14,329,0,343,364,0,364,707
07/01/2017,HIO,OR,ANM,WE,Towers with Radar,0,3,48,0,51,0,0,189,0,189,0,3,237,0,240,305,0,305,545
07/02/2017,HIO,OR,ANM,WE,Towers with Radar,0,1,26,0,27,0,0,258,0,258,0,1,284,0,285,282,0,282,567
07/03/2017,HIO,OR,ANM,WE,Towers with Radar,0,5,32,0,37,0,0,126,0,126,0,5,158,0,163,274,0,274,437
07/04/2017,HIO,OR,ANM,WE,Towers with Radar,0,3,22,0,25,0,0,281,0,281,0,3,303,0,306,461,0,461,767
07/05/2017,HIO,OR,ANM,WE,Towers with Radar,0,7,33,0,40,0,2,337,0,339,0,9,370,0,379,586,0,586,965
07/06/2017,HIO,OR,ANM,WE,Towers with Radar,0,3,40,0,43,0,0,373,0,373,0,3,413,0,416,500,0,500,916
07/07/2017,HIO,OR,ANM,WE,Towers with Radar,0,2,65,1,68,0,0,188,0,188,0,2,253,1,256,661,0,661,917
07/08/2017,HIO,OR,ANM,WE,Towers with Radar,0,3,30,0,33,0,0,299,0,299,0,3,329,0,332,590,0,590,922
07/09/2017,HIO,OR,ANM,WE,Towers with Radar,0,2,17,0,19,0,0,255,0,255,0,2,272,0,274,396,0,396,670
07/10/2017,HIO,OR,ANM,WE,Towers with Radar,0,17,47,0,64,0,0,296,0,296,0,17,343,0,360,478,0,478,838
07/11/2017,HIO,OR,ANM,WE,Towers with Radar,0,15,33,0,48,0,0,348,0,348,0,15,381,0,396,538,0,538,934
07/12/2017,HIO,OR,ANM,WE,Towers with Radar,0,16,34,1,51,0,0,320,0,320,0,16,354,1,371,608,0,608,979
07/13/2017,HIO,OR,ANM,WE,Towers with Radar,0,11,64,0,75,0,2,261,0,263,0,13,325,0,338,728,0,728,1066
07/14/2017,HIO,OR,ANM,WE,Towers with Radar,0,14,21,0,35,0,0,373,0,373,0,14,394,0,408,499,0,499,907
07/15/2017,HIO,OR,ANM,WE,Towers with Radar,0,2,27,0,29,0,0,328,0,328,0,2,355,0,357,418,0,418,775
07/16/2017,HIO,OR,ANM,WE,Towers with Radar,0,4,32,0,36,0,0,257,0,257,0,4,289,0,293,420,2,422,715
07/17/2017,HIO,OR,ANM,WE,Towers with Radar,0,13,39,0,52,0,0,319,0,319,0,13,358,0,371,370,0,370,741
07/18/2017,HIO,OR,ANM,WE,Towers with Radar,0,19,35,0,54,0,0,332,0,332,0,19,367,0,386,651,0,651,1037
07/19/2017,HIO,OR,ANM,WE,Towers with Radar,0,11,34,0,45,0,1,379,0,380,0,12,413,0,425,541,0,541,966
07/20/2017,HIO,OR,ANM,WE,Towers with Radar,0,16,57,0,73,0,0,217,0,217,0,16,274,0,290,571,0,571,861
07/21/2017,HIO,OR,ANM,WE,Towers with Radar,0,12,27,0,39,0,2,321,0,323,0,14,348,0,362,472,0,472,834
07/22/2017,HIO,OR,ANM,WE,Towers with Radar,0,1,28,0,29,0,0,260,0,260,0,1,288,0,289,432,0,432,721
07/23/2017,HIO,OR,ANM,WE,Towers with Radar,0,2,33,0,35,0,0,190,0,190,0,2,223,0,225,413,0,413,638
07/24/2017,HIO,OR,ANM,WE,Towers with Radar,0,16,26,0,42,0,0,281,0,281,0,16,307,0,323,405,0,405,728
07/25/2017,HIO,OR,ANM,WE,Towers with Radar,0,16,32,0,48,0,0,363,1,364,0,16,395,1,412,544,0,544,956
07/26/2017,HIO,OR,ANM,WE,Towers with Radar,0,17,30,0,47,0,0,321,0,321,0,17,351,0,368,460,0,460,828
07/27/2017,HIO,OR,ANM,WE,Towers with Radar,0,19,58,0,77,0,0,245,0,245,0,19,303,0,322,702,0,702,1024
07/28/2017,HIO,OR,ANM,WE,Towers with Radar,0,14,28,0,42,0,1,293,0,294,0,15,321,0,336,652,0,652,988
07/29/2017,HIO,OR,ANM,WE,Towers with Radar,0,2,20,0,22,0,0,297,0,297,0,2,317,0,319,375,0,375,694
07/30/2017,HIO,OR,ANM,WE,Towers with Radar,0,4,36,0,40,0,1,212,0,213,0,5,248,0,253,477,0,477,730
07/31/2017,HIO,OR,ANM,WE,Towers with Radar,0,19,29,0,48,0,0,269,0,269,0,19,298,0,317,475,0,475,792
08/01/2017,HIO,OR,ANM,WE,Towers with Radar,0,15,32,7,54,0,0,267,1,268,0,15,299,8,322,398,0,398,720
08/02/2017,HIO,OR,ANM,WE,Towers with Radar,0,15,25,0,40,0,0,245,0,245,0,15,270,0,285,482,0,482,767
08/03/2017,HIO,OR,ANM,WE,Towers with Radar,0,15,76,0,91,0,0,51,0,51,0,15,127,0,142,243,0,243,385
08/04/2017,HIO,OR,ANM,WE,Towers with Radar,0,12,57,0,69,0,0,125,0,125,0,12,182,0,194,242,0,242,436
08/05/2017,HIO,OR,ANM,WE,Towers with Radar,0,1,33,0,34,0,0,303,0,303,0,1,336,0,337,367,0,367,704
08/06/2017,HIO,OR,ANM,WE,Towers with Radar,0,9,29,0,38,0,0,261,0,261,0,9,290,0,299,379,0,379,678
08/07/2017,HIO,OR,ANM,WE,Towers with Radar,0,17,45,0,62,0,0,280,0,280,0,17,325,0,342,490,0,490,832
08/08/2017,HIO,OR,ANM,WE,Towers with Radar,0,20,62,4,86,0,1,181,0,182,0,21,243,4,268,810,0,810,1078
08/09/2017,HIO,OR,ANM,WE,Towers with Radar,0,19,42,0,61,0,0,184,0,184,0,19,226,0,245,618,0,618,863
08/10/2017,HIO,OR,ANM,WE,Towers with Radar,0,14,40,0,54,0,0,258,0,258,0,14,298,0,312,605,0,605,917
08/11/2017,HIO,OR,ANM,WE,Towers with Radar,0,14,29,0,43,0,0,283,1,284,0,14,312,1,327,470,0,470,797
08/12/2017,HIO,OR,ANM,WE,Towers with Radar,0,6,45,0,51,0,0,161,0,161,0,6,206,0,212,481,0,481,693
08/13/2017,HIO,OR,ANM,WE,Towers with Radar,0,0,64,0,64,0,0,75,0,75,0,0,139,0,139,263,0,263,402
08/14/2017,HIO,OR,ANM,WE,Towers with Radar,0,16,50,0,66,0,0,289,0,289,0,16,339,0,355,467,0,467,822
08/15/2017,HIO,OR,ANM,WE,Towers with Radar,0,18,39,0,57,0,0,299,0,299,0,18,338,0,356,528,0,528,884
08/16/2017,HIO,OR,ANM,WE,Towers with Radar,0,21,31,0,52,0,0,324,0,324,0,21,355,0,376,531,0,531,907
08/17/2017,HIO,OR,ANM,WE,Towers with Radar,0,16,51,0,67,0,1,280,0,281,0,17,331,0,348,702,0,702,1050
08/18/2017,HIO,OR,ANM,WE,Towers with Radar,0,17,45,0,62,0,2,290,0,292,0,19,335,0,354,570,0,570,924
08/19/2017,HIO,OR,ANM,WE,Towers with Radar,0,4,63,0,67,0,0,262,0,262,0,4,325,0,329,425,0,425,754
08/20/2017,HIO,OR,ANM,WE,Towers with Radar,0,5,30,0,35,0,1,299,0,300,0,6,329,0,335,483,0,483,818
08/21/2017,HIO,OR,ANM,WE,Towers with Radar,0,28,35,0,63,0,0,293,0,293,0,28,328,0,356,415,0,415,771
08/22/2017,HIO,OR,ANM,WE,Towers with Radar,0,14,41,0,55,0,0,313,0,313,0,14,354,0,368,488,0,488,856
08/23/2017,HIO,OR,ANM,WE,Towers with Radar,1,17,39,0,57,0,1,281,0,282,1,18,320,0,339,545,58,603,942
08/24/2017,HIO,OR,ANM,WE,Towers with Radar,0,18,30,0,48,0,1,287,1,289,0,19,317,1,337,529,0,529,866
08/25/2017,HIO,OR,ANM,WE,Towers with Radar,0,14,41,0,55,0,0,302,0,302,0,14,343,0,357,411,0,411,768
08/26/2017,HIO,OR,ANM,WE,Towers with Radar,0,1,28,0,29,0,0,341,0,341,0,1,369,0,370,407,0,407,777
08/27/2017,HIO,OR,ANM,WE,Towers with Radar,0,1,36,0,37,0,0,282,0,282,0,1,318,0,319,434,0,434,753
08/28/2017,HIO,OR,ANM,WE,Towers with Radar,0,21,31,0,52,0,0,256,0,256,0,21,287,0,308,395,0,395,703
08/29/2017,HIO,OR,ANM,WE,Towers with Radar,0,16,54,0,70,0,0,171,0,171,0,16,225,0,241,604,0,604,845
08/30/2017,HIO,OR,ANM,WE,Towers with Radar,0,17,53,0,70,0,0,129,0,129,0,17,182,0,199,314,0,314,513
08/31/2017,HIO,OR,ANM,WE,Towers with Radar,0,18,49,0,67,0,1,223,0,224,0,19,272,0,291,336,0,336,627
09/01/2017,HIO,OR,ANM,WE,Towers with Radar,0,10,28,0,38,0,3,273,0,276,0,13,301,0,314,365,0,365,679
09/02/2017,HIO,OR,ANM,WE,Towers with Radar,0,2,28,0,30,0,0,343,0,343,0,2,371,0,373,278,0,278,651
09/03/2017,HIO,OR,ANM,WE,Towers with Radar,0,2,20,0,22,0,3,277,0,280,0,5,297,0,302,366,0,366,668
09/04/2017,HIO,OR,ANM,WE,Towers with Radar,0,2,40,0,42,0,0,198,0,198,0,2,238,0,240,421,0,421,661
09/05/2017,HIO,OR,ANM,WE,Towers with Radar,0,17,55,0,72,0,0,28,0,28,0,17,83,0,100,232,0,232,332
09/06/2017,HIO,OR,ANM,WE,Towers with Radar,0,16,88,0,104,0,0,33,0,33,0,16,121,0,137,296,0,296,433
09/07/2017,HIO,OR,ANM,WE,Towers with Radar,0,18,44,0,62,0,0,176,0,176,0,18,220,0,238,738,0,738,976
09/08/2017,HIO,OR,ANM,WE,Towers with Radar,0,14,74,0,88,0,5,193,0,198,0,19,267,0,286,700,0,700,986
09/09/2017,HIO,OR,ANM,WE,Towers with Radar,0,1,53,1,55,0,0,202,0,202,0,1,255,1,257,514,0,514,771
09/10/2017,HIO,OR,ANM,WE,Towers with Radar,0,1,41,0,42,0,2,263,0,265,0,3,304,0,307,249,0,249,556
09/11/2017,HIO,OR,ANM,WE,Towers with Radar,0,22,36,0,58,0,1,277,1,279,0,23,313,1,337,352,0,352,689
09/12/2017,HIO,OR,ANM,WE,Towers with Radar,0,15,34,0,49,0,1,316,3,320,0,16,350,3,369,340,0,340,709
09/13/2017,HIO,OR,ANM,WE,Towers with Radar,0,15,27,0,42,0,0,287,1,288,0,15,314,1,330,417,0,417,747
09/14/2017,HIO,OR,ANM,WE,Towers with Radar,0,18,44,0,62,0,2,323,0,325,0,20,367,0,387,428,0,428,815
09/15/2017,HIO,OR,ANM,WE,Towers with Radar,0,13,26,1,40,0,2,313,0,315,0,15,339,1,355,513,0,513,868
09/16/2017,HIO,OR,ANM,WE,Towers with Radar,0,2,55,0,57,0,0,113,0,113,0,2,168,0,170,360,0,360,530
09/17/2017,HIO,OR,ANM,WE,Towers with Radar,0,4,46,0,50,0,0,108,0,108,0,4,154,0,158,184,0,184,342
09/18/2017,HIO,OR,ANM,WE,Towers with Radar,0,18,66,1,85,0,0,105,0,105,0,18,171,1,190,383,0,383,573
09/19/2017,HIO,OR,ANM,WE,Towers with Radar,0,22,56,1,79,0,0,73,0,73,0,22,129,1,152,413,0,413,565
09/20/2017,HIO,OR,ANM,WE,Towers with Radar,0,16,57,0,73,0,0,140,1,141,0,16,197,1,214,346,0,346,560
09/21/2017,HIO,OR,ANM,WE,Towers with Radar,0,15,48,2,65,0,0,137,1,138,0,15,185,3,203,311,0,311,514
09/22/2017,HIO,OR,ANM,WE,Towers with Radar,0,12,38,3,53,0,0,22,10,32,0,12,60,13,85,12,0,12,97
09/23/2017,HIO,OR,ANM,WE,Towers with Radar,0,0,10,0,10,0,2,155,6,163,0,2,165,6,173,76,0,76,249
09/24/2017,HIO,OR,ANM,WE,Towers with Radar,0,4,13,2,19,0,1,142,3,146,0,5,155,5,165,28,0,28,193
09/25/2017,HIO,OR,ANM,WE,Towers with Radar,0,18,45,3,66,0,0,334,0,334,0,18,379,3,400,538,0,538,938
09/26/2017,HIO,OR,ANM,WE,Towers with Radar,0,17,14,0,31,0,0,373,0,373,0,17,387,0,404,449,0,449,853
09/27/2017,HIO,OR,ANM,WE,Towers with Radar,0,19,22,0,41,0,1,348,1,350,0,20,370,1,391,359,0,359,750
09/28/2017,HIO,OR,ANM,WE,Towers with Radar,0,15,24,0,39,0,0,373,4,377,0,15,397,4,416,449,6,455,871
09/29/2017,HIO,OR,ANM,WE,Towers with Radar,0,19,84,2,105,0,0,70,0,70,0,19,154,2,175,319,0,319,494
09/30/2017,HIO,OR,ANM,WE,Towers with Radar,0,1,56,0,57,0,0,139,0,139,0,1,195,0,196,443,0,443,639
10/01/2017,HIO,OR,ANM,WE,Towers with Radar,0,1,37,0,38,0,0,156,0,156,0,1,193,0,194,407,0,407,601
10/02/2017,HIO,OR,ANM,WE,Towers with Radar,0,21,48,0,69,0,0,275,0,275,0,21,323,0,344,474,0,474,818
10/03/2017,HIO,OR,ANM,WE,Towers with Radar,0,16,27,0,43,0,1,312,0,313,0,17,339,0,356,326,0,326,682
10/04/2017,HIO,OR,ANM,WE,Towers with Radar,0,17,23,0,40,0,0,323,0,323,0,17,346,0,363,276,0,276,639
10/05/2017,HIO,OR,ANM,WE,Towers with Radar,0,21,40,0,61,0,0,285,1,286,0,21,325,1,347,412,0,412,759
10/06/2017,HIO,OR,ANM,WE,Towers with Radar,0,13,18,0,31,0,0,272,0,272,0,13,290,0,303,410,0,410,713
10/07/2017,HIO,OR,ANM,WE,Towers with Radar,0,3,34,0,37,0,0,154,0,154,0,3,188,0,191,234,0,234,425
10/08/2017,HIO,OR,ANM,WE,Towers with Radar,0,2,37,0,39,0,0,163,0,163,0,2,200,0,202,244,0,244,446
10/09/2017,HIO,OR,ANM,WE,Towers with Radar,0,22,38,0,60,0,1,311,0,312,0,23,349,0,372,488,0,488,860
10/10/2017,HIO,OR,ANM,WE,Towers with Radar,0,19,71,0,90,0,1,147,0,148,0,20,218,0,238,298,0,298,536
10/11/2017,HIO,OR,ANM,WE,Towers with Radar,0,15,84,0,99,0,0,83,1,84,0,15,167,1,183,437,0,437,620
10/12/2017,HIO,OR,ANM,WE,Towers with Radar,0,20,30,0,50,0,0,4,0,4,0,20,34,0,54,81,0,81,135
10/13/2017,HIO,OR,ANM,WE,Towers with Radar,0,11,41,0,52,0,0,122,0,122,0,11,163,0,174,270,0,270,444
10/14/2017,HIO,OR,ANM,WE,Towers with Radar,0,4,25,0,29,0,0,219,0,219,0,4,244,0,248,229,0,229,477
10/15/2017,HIO,OR,ANM,WE,Towers with Radar,0,3,25,0,28,0,0,346,0,346,0,3,371,0,374,326,0,326,700
10/16/2017,HIO,OR,ANM,WE,Towers with Radar,0,20,39,2,61,0,0,325,0,325,0,20,364,2,386,491,0,491,877
10/17/2017,HIO,OR,ANM,WE,Towers with Radar,0,14,49,0,63,0,0,42,0,42,0,14,91,0,105,104,0,104,209
10/18/2017,HIO,OR,ANM,WE,Towers with Radar,0,16,78,0,94,0,0,64,0,64,0,16,142,0,158,306,0,306,464
10/19/2017,HIO,OR,ANM,WE,Towers with Radar,0,15,40,0,55,0,0,7,0,7,0,15,47,0,62,49,0,49,111
10/20/2017,HIO,OR,ANM,WE,Towers with Radar,0,13,67,0,80,0,1,122,0,123,0,14,189,0,203,540,0,540,743
10/21/2017,HIO,OR,ANM,WE,Towers with Radar,0,5,20,0,25,0,0,0,0,0,0,5,20,0,25,0,0,0,25
10/22/2017,HIO,OR,ANM,WE,Towers with Radar,0,1,49,0,50,0,0,0,0,0,0,1,49,0,50,0,0,0,50
10/23/2017,HIO,OR,ANM,WE,Towers with Radar,0,18,62,0,80,0,1,268,0,269,0,19,330,0,349,324,0,324,673
10/24/2017,HIO,OR,ANM,WE,Towers with Radar,0,25,34,0,59,0,0,409,0,409,0,25,443,0,468,459,0,459,927
10/25/2017,HIO,OR,ANM,WE,Towers with Radar,0,18,53,0,71,0,0,237,0,237,0,18,290,0,308,522,0,522,830
10/26/2017,HIO,OR,ANM,WE,Towers with Radar,0,14,29,0,43,0,1,321,0,322,0,15,350,0,365,325,0,325,690
10/27/2017,HIO,OR,ANM,WE,Towers with Radar,0,16,30,0,46,0,0,370,0,370,0,16,400,0,416,365,0,365,781
10/28/2017,HIO,OR,ANM,WE,Towers with Radar,0,1,22,0,23,0,0,332,0,332,0,1,354,0,355,479,0,479,834
10/29/2017,HIO,OR,ANM,WE,Towers with Radar,0,2,55,0,57,0,0,56,0,56,0,2,111,0,113,179,0,179,292
10/30/2017,HIO,OR,ANM,WE,Towers with Radar,0,17,43,0,60,0,0,79,0,79,0,17,122,0,139,64,0,64,203
10/31/2017,HIO,OR,ANM,WE,Towers with Radar,0,16,21,0,37,0,0,336,0,336,0,16,357,0,373,468,0,468,841
11/01/2017,HIO,OR,ANM,WE,Towers with Radar,0,16,48,2,66,0,0,155,0,155,0,16,203,2,221,590,0,590,811
11/02/2017,HIO,OR,ANM,WE,Towers with Radar,0,18,49,0,67,0,0,41,0,41,0,18,90,0,108,145,0,145,253
11/03/2017,HIO,OR,ANM,WE,Towers with Radar,0,17,53,0,70,0,0,171,0,171,0,17,224,0,241,645,0,645,886
11/04/2017,HIO,OR,ANM,WE,Towers with Radar,0,0,60,0,60,0,0,30,0,30,0,0,90,0,90,215,0,215,305
11/05/2017,HIO,OR,ANM,WE,Towers with Radar,0,4,42,0,46,0,0,114,0,114,0,4,156,0,160,276,0,276,436
11/06/2017,HIO,OR,ANM,WE,Towers with Radar,0,18,45,2,65,0,0,132,0,132,0,18,177,2,197,357,0,357,554
11/07/2017,HIO,OR,ANM,WE,Towers with Radar,0,16,29,0,45,0,1,228,0,229,0,17,257,0,274,362,0,362,636
11/08/2017,HIO,OR,ANM,WE,Towers with Radar,0,19,38,0,57,0,0,78,0,78,0,19,116,0,135,112,0,112,247
11/09/2017,HIO,OR,ANM,WE,Towers with Radar,0,20,63,3,86,0,0,45,0,45,0,20,108,3,131,215,0,215,346
11/10/2017,HIO,OR,ANM,WE,Towers with Radar,0,18,69,0,87,0,2,13,0,15,0,20,82,0,102,163,0,163,265
11/11/2017,HIO,OR,ANM,WE,Towers with Radar,0,7,68,0,75,0,0,127,0,127,0,7,195,0,202,429,0,429,631
11/12/2017,HIO,OR,ANM,WE,Towers with Radar,0,0,49,0,49,0,0,164,0,164,0,0,213,0,213,488,0,488,701
11/13/2017,HIO,OR,ANM,WE,Towers with Radar,0,18,22,0,40,0,0,17,2,19,0,18,39,2,59,35,0,35,94
11/14/2017,HIO,OR,ANM,WE,Towers with Radar,0,17,41,0,58,0,0,63,0,63,0,17,104,0,121,57,0,57,178
11/15/2017,HIO,OR,ANM,WE,Towers with Radar,0,17,46,2,65,0,0,22,0,22,0,17,68,2,87,144,0,144,231
11/16/2017,HIO,OR,ANM,WE,Towers with Radar,0,19,47,0,66,0,0,27,0,27,0,19,74,0,93,157,0,157,250
11/17/2017,HIO,OR,ANM,WE,Towers with Radar,0,13,60,0,73,0,0,115,0,115,0,13,175,0,188,339,0,339,527
11/18/2017,HIO,OR,ANM,WE,Towers with Radar,0,5,47,0,52,0,0,142,0,142,0,5,189,0,194,127,0,127,321
11/19/2017,HIO,OR,ANM,WE,Towers with Radar,0,0,36,0,36,0,0,109,0,109,0,0,145,0,145,294,0,294,439
11/20/2017,HIO,OR,ANM,WE,Towers with Radar,0,0,74,0,74,0,0,129,0,129,0,0,203,0,203,328,0,328,531
11/21/2017,HIO,OR,ANM,WE,Towers with Radar,0,11,76,0,87,0,0,5,0,5,0,11,81,0,92,48,0,48,140
11/22/2017,HIO,OR,ANM,WE,Towers with Radar,0,6,86,0,92,0,0,63,0,63,0,6,149,0,155,254,0,254,409
11/23/2017,HIO,OR,ANM,WE,Towers with Radar,0,1,38,0,39,0,0,36,0,36,0,1,74,0,75,104,0,104,179
11/24/2017,HIO,OR,ANM,WE,Towers with Radar,0,1,56,0,57,0,0,113,0,113,0,1,169,0,170,240,0,240,410
11/25/2017,HIO,OR,ANM,WE,Towers with Radar,0,3,43,0,46,0,0,114,0,114,0,3,157,0,160,255,0,255,415
11/26/2017,HIO,OR,ANM,WE,Towers with Radar,0,4,77,0,81,0,0,53,0,53,0,4,130,0,134,193,0,193,327
11/27/2017,HIO,OR,ANM,WE,Towers with Radar,0,15,60,0,75,0,0,23,0,23,0,15,83,0,98,65,0,65,163
11/28/2017,HIO,OR,ANM,WE,Towers with Radar,0,15,71,0,86,0,0,52,0,52,0,15,123,0,138,234,0,234,372
11/29/2017,HIO,OR,ANM,WE,Towers with Radar,0,14,109,0,123,0,0,83,0,83,0,14,192,0,206,246,0,246,452
11/30/2017,HIO,OR,ANM,WE,Towers with Radar,0,17,62,0,79,0,0,1,0,1,0,17,63,0,80,15,0,15,95
12/01/2017,HIO,OR,ANM,WE,Towers with Radar,0,15,87,0,102,0,0,48,0,48,0,15,135,0,150,204,0,204,354
12/02/2017,HIO,OR,ANM,WE,Towers with Radar,0,2,44,0,46,0,0,4,0,4,0,2,48,0,50,229,0,229,279
12/03/2017,HIO,OR,ANM,WE,Towers with Radar,0,2,45,0,47,0,0,63,0,63,0,2,108,0,110,79,0,79,189
12/04/2017,HIO,OR,ANM,WE,Towers with Radar,0,19,80,0,99,0,0,129,0,129,0,19,209,0,228,339,0,339,567
12/05/2017,HIO,OR,ANM,WE,Towers with Radar,0,20,40,0,60,0,0,293,0,293,0,20,333,0,353,346,0,346,699
12/06/2017,HIO,OR,ANM,WE,Towers with Radar,0,20,26,0,46,0,2,146,1,149,0,22,172,1,195,50,0,50,245
12/07/2017,HIO,OR,ANM,WE,Towers with Radar,0,18,27,0,45,0,0,307,0,307,0,18,334,0,352,311,0,311,663
12/08/2017,HIO,OR,ANM,WE,Towers with Radar,0,17,37,0,54,0,0,248,0,248,0,17,285,0,302,396,0,396,698
12/09/2017,HIO,OR,ANM,WE,Towers with Radar,0,2,38,0,40,0,0,238,0,238,0,2,276,0,278,363,0,363,641
12/10/2017,HIO,OR,ANM,WE,Towers with Radar,0,7,34,0,41,0,0,317,0,317,0,7,351,0,358,377,0,377,735
12/11/2017,HIO,OR,ANM,WE,Towers with Radar,0,20,42,0,62,0,0,308,0,308,0,20,350,0,370,462,0,462,832
12/12/2017,HIO,OR,ANM,WE,Towers with Radar,0,21,37,2,60,0,0,209,0,209,0,21,246,2,269,387,0,387,656
12/13/2017,HIO,OR,ANM,WE,Towers with Radar,0,20,37,0,57,0,0,211,0,211,0,20,248,0,268,277,0,277,545
12/14/2017,HIO,OR,ANM,WE,Towers with Radar,0,14,31,0,45,0,0,248,0,248,0,14,279,0,293,379,0,379,672
12/15/2017,HIO,OR,ANM,WE,Towers with Radar,0,19,57,0,76,0,0,96,0,96,0,19,153,0,172,536,0,536,708
12/16/2017,HIO,OR,ANM,WE,Towers with Radar,0,8,13,0,21,0,0,3,0,3,0,8,16,0,24,0,0,0,24
12/17/2017,HIO,OR,ANM,WE,Towers with Radar,0,5,47,0,52,0,0,37,0,37,0,5,84,0,89,358,0,358,447
12/18/2017,HIO,OR,ANM,WE,Towers with Radar,0,16,56,0,72,0,0,12,0,12,0,16,68,0,84,100,0,100,184
12/19/2017,HIO,OR,ANM,WE,Towers with Radar,0,21,43,0,64,0,0,21,0,21,0,21,64,0,85,70,0,70,155
12/20/2017,HIO,OR,ANM,WE,Towers with Radar,0,16,64,2,82,0,0,145,0,145,0,16,209,2,227,219,0,219,446
12/21/2017,HIO,OR,ANM,WE,Towers with Radar,0,6,31,0,37,0,4,21,0,25,0,10,52,0,62,44,0,44,106
12/22/2017,HIO,OR,ANM,WE,Towers with Radar,0,13,28,0,41,0,0,0,0,0,0,13,28,0,41,0,0,0,41
12/23/2017,HIO,OR,ANM,WE,Towers with Radar,0,0,17,0,17,0,0,127,0,127,0,0,144,0,144,275,0,275,419
12/24/2017,HIO,OR,ANM,WE,Towers with Radar,0,3,3,0,6,0,0,2,0,2,0,3,5,0,8,0,0,0,8
12/25/2017,HIO,OR,ANM,WE,Towers with Radar,0,1,1,0,2,0,0,0,0,0,0,1,1,0,2,0,0,0,2
12/26/2017,HIO,OR,ANM,WE,Towers with Radar,0,4,26,0,30,0,0,56,0,56,0,4,82,0,86,181,0,181,267
12/27/2017,HIO,OR,ANM,WE,Towers with Radar,0,3,26,0,29,0,0,0,0,0,0,3,26,0,29,24,0,24,53
12/28/2017,HIO,OR,ANM,WE,Towers with Radar,0,1,51,0,52,0,0,0,0,0,0,1,51,0,52,76,0,76,128
12/29/2017,HIO,OR,ANM,WE,Towers with Radar,0,3,29,0,32,0,0,3,0,3,0,3,32,0,35,79,0,79,114
12/30/2017,HIO,OR,ANM,WE,Towers with Radar,0,3,54,0,57,0,0,107,0,107,0,3,161,0,164,208,0,208,372
12/31/2017,HIO,OR,ANM,WE,Towers with Radar,0,3,17,0,20,0,0,169,0,169,0,3,186,0,189,214,0,214,403
01/01/2018,HIO,OR,ANM,WE,Towers with Radar,0,4,24,0,28,0,0,143,0,143,0,4,167,0,171,166,0,166,337
01/02/2018,HIO,OR,ANM,WE,Towers with Radar,0,9,23,0,32,0,0,219,0,219,0,9,242,0,251,206,0,206,457
01/03/2018,HIO,OR,ANM,WE,Towers with Radar,0,5,25,0,30,0,1,253,0,254,0,6,278,0,284,364,0,364,648
01/04/2018,HIO,OR,ANM,WE,Towers with Radar,0,5,41,0,46,0,0,227,0,227,0,5,268,0,273,381,0,381,654
01/05/2018,HIO,OR,ANM,WE,Towers with Radar,0,3,91,0,94,0,2,11,0,13,0,5,102,0,107,143,0,143,250
01/06/2018,HIO,OR,ANM,WE,Towers with Radar,0,6,31,0,37,0,0,28,0,28,0,6,59,0,65,60,0,60,125
01/07/2018,HIO,OR,ANM,WE,Towers with Radar,0,2,58,0,60,0,0,10,0,10,0,2,68,0,70,76,0,76,146
01/08/2018,HIO,OR,ANM,WE,Towers with Radar,0,19,68,0,87,0,0,7,0,7,0,19,75,0,94,38,0,38,132
01/09/2018,HIO,OR,ANM,WE,Towers with Radar,0,21,54,0,75,0,0,37,0,37,0,21,91,0,112,323,0,323,435
01/10/2018,HIO,OR,ANM,WE,Towers with Radar,0,11,49,0,60,0,0,30,0,30,0,11,79,0,90,400,0,400,490
01/11/2018,HIO,OR,ANM,WE,Towers with Radar,0,19,28,0,47,0,0,0,0,0,0,19,28,0,47,3,0,3,50
01/12/2018,HIO,OR,ANM,WE,Towers with Radar,0,4,92,1,97,0,0,68,1,69,0,4,160,2,166,403,0,403,569
01/13/2018,HIO,OR,ANM,WE,Towers with Radar,0,5,32,0,37,0,0,246,0,246,0,5,278,0,283,331,0,331,614
01/14/2018,HIO,OR,ANM,WE,Towers with Radar,0,2,34,0,36,0,0,275,0,275,0,2,309,0,311,311,0,311,622
01/15/2018,HIO,OR,ANM,WE,Towers with Radar,0,8,45,0,53,0,1,180,0,181,0,9,225,0,234,128,0,128,362
01/16/2018,HIO,OR,ANM,WE,Towers with Radar,0,21,48,0,69,0,0,174,0,174,0,21,222,0,243,503,0,503,746
01/17/2018,HIO,OR,ANM,WE,Towers with Radar,0,17,30,0,47,0,0,143,0,143,0,17,173,0,190,244,0,244,434
01/18/2018,HIO,OR,ANM,WE,Towers with Radar,0,16,27,0,43,0,0,42,0,42,0,16,69,0,85,276,0,276,361
01/19/2018,HIO,OR,ANM,WE,Towers with Radar,0,17,41,0,58,0,0,21,0,21,0,17,62,0,79,104,0,104,183
01/20/2018,HIO,OR,ANM,WE,Towers with Radar,0,2,33,0,35,0,0,12,0,12,0,2,45,0,47,89,0,89,136
01/21/2018,HIO,OR,ANM,WE,Towers with Radar,0,4,35,0,39,0,0,19,0,19,0,4,54,0,58,86,0,86,144
01/22/2018,HIO,OR,ANM,WE,Towers with Radar,0,17,49,0,66,0,0,46,0,46,0,17,95,0,112,260,0,260,372
01/23/2018,HIO,OR,ANM,WE,Towers with Radar,0,17,32,0,49,0,0,14,0,14,0,17,46,0,63,116,0,116,179
01/24/2018,HIO,OR,ANM,WE,Towers with Radar,0,16,49,0,65,0,0,16,0,16,0,16,65,0,81,195,0,195,276
01/25/2018,HIO,OR,ANM,WE,Towers with Radar,0,15,31,0,46,0,1,15,0,16,0,16,46,0,62,184,0,184,246
01/26/2018,HIO,OR,ANM,WE,Towers with Radar,0,14,12,0,26,0,2,19,0,21,0,16,31,0,47,165,0,165,212
01/27/2018,HIO,OR,ANM,WE,Towers with Radar,0,3,30,0,33,0,0,53,0,53,0,3,83,0,86,133,0,133,219
01/28/2018,HIO,OR,ANM,WE,Towers with Radar,0,1,69,0,70,0,1,61,0,62,0,2,130,0,132,74,0,74,206
01/29/2018,HIO,OR,ANM,WE,Towers with Radar,0,20,78,0,98,0,0,112,0,112,0,20,190,0,210,330,0,330,540
01/30/2018,HIO,OR,ANM,WE,Towers with Radar,0,18,50,0,68,0,0,157,0,157,0,18,207,0,225,331,0,331,556
01/31/2018,HIO,OR,ANM,WE,Towers with Radar,0,15,52,0,67,0,0,64,0,64,0,15,116,0,131,105,0,105,236
02/01/2018,HIO,OR,ANM,WE,Towers with Radar,0,16,60,0,76,0,0,91,0,91,0,16,151,0,167,342,0,342,509
02/02/2018,HIO,OR,ANM,WE,Towers with Radar,0,23,68,0,91,0,0,80,0,80,0,23,148,0,171,243,0,243,414
02/03/2018,HIO,OR,ANM,WE,Towers with Radar,0,6,76,0,82,0,0,87,0,87,0,6,163,0,169,296,0,296,465
02/04/2018,HIO,OR,ANM,WE,Towers with Radar,0,4,70,0,74,0,1,51,0,52,0,5,121,0,126,253,0,253,379
02/05/2018,HIO,OR,ANM,WE,Towers with Radar,0,19,63,0,82,0,0,188,0,188,0,19,251,0,270,468,0,468,738
02/06/2018,HIO,OR,ANM,WE,Towers with Radar,0,20,87,0,107,0,0,84,0,84,0,20,171,0,191,317,0,317,508
02/07/2018,HIO,OR,ANM,WE,Towers with Radar,0,17,38,0,55,0,0,149,0,149,0,17,187,0,204,304,0,304,508
02/08/2018,HIO,OR,ANM,WE,Towers with Radar,0,17,54,0,71,0,0,68,0,68,0,17,122,0,139,229,0,229,368
02/09/2018,HIO,OR,ANM,WE,Towers with Radar,0,13,58,0,71,0,0,174,0,174,0,13,232,0,245,413,0,413,658
02/10/2018,HIO,OR,ANM,WE,Towers with Radar,0,5,51,0,56,0,0,217,0,217,0,5,268,0,273,478,0,478,751
02/11/2018,HIO,OR,ANM,WE,Towers with Radar,0,2,40,0,42,0,0,163,0,163,0,2,203,0,205,197,0,197,402
02/12/2018,HIO,OR,ANM,WE,Towers with Radar,1,19,47,1,68,0,0,240,0,240,1,19,287,1,308,268,0,268,576
02/13/2018,HIO,OR,ANM,WE,Towers with Radar,0,18,36,2,56,0,1,267,1,269,0,19,303,3,325,399,0,399,724
02/14/2018,HIO,OR,ANM,WE,Towers with Radar,0,14,38,0,52,0,0,20,0,20,0,14,58,0,72,140,0,140,212
02/15/2018,HIO,OR,ANM,WE,Towers with Radar,0,15,47,0,62,0,0,86,0,86,0,15,133,0,148,269,0,269,417
02/16/2018,HIO,OR,ANM,WE,Towers with Radar,0,6,74,0,80,0,0,21,0,21,0,6,95,0,101,121,0,121,222
02/17/2018,HIO,OR,ANM,WE,Towers with Radar,0,2,2,0,4,0,0,3,0,3,0,2,5,0,7,0,0,0,7
02/18/2018,HIO,OR,ANM,WE,Towers with Radar,0,0,15,0,15,0,0,0,0,0,0,0,15,0,15,0,0,0,15
02/19/2018,HIO,OR,ANM,WE,Towers with Radar,0,2,40,0,42,0,0,248,0,248,0,2,288,0,290,565,0,565,855
02/20/2018,HIO,OR,ANM,WE,Towers with Radar,0,16,17,0,33,0,0,0,0,0,0,16,17,0,33,0,0,0,33
02/21/2018,HIO,OR,ANM,WE,Towers with Radar,0,19,33,0,52,0,1,133,0,134,0,20,166,0,186,417,0,417,603
02/22/2018,HIO,OR,ANM,WE,Towers with Radar,0,19,29,0,48,0,0,104,0,104,0,19,133,0,152,191,0,191,343
02/23/2018,HIO,OR,ANM,WE,Towers with Radar,0,15,27,0,42,0,0,165,0,165,0,15,192,0,207,291,0,291,498
02/24/2018,HIO,OR,ANM,WE,Towers with Radar,0,2,21,0,23,0,0,111,0,111,0,2,132,0,134,81,0,81,215
02/25/2018,HIO,OR,ANM,WE,Towers with Radar,0,2,15,0,17,0,0,3,0,3,0,2,18,0,20,43,0,43,63
02/26/2018,HIO,OR,ANM,WE,Towers with Radar,0,19,46,0,65,0,0,75,0,75,0,19,121,0,140,257,0,257,397
02/27/2018,HIO,OR,ANM,WE,Towers with Radar,0,19,37,2,58,0,0,42,0,42,0,19,79,2,100,256,0,256,356
02/28/2018,HIO,OR,ANM,WE,Towers with Radar,0,13,32,0,45,0,0,5,0,5,0,13,37,0,50,81,0,81,131
03/01/2018,HIO,OR,ANM,WE,Towers with Radar,0,15,20,0,35,0,0,50,0,50,0,15,70,0,85,132,0,132,217
03/02/2018,HIO,OR,ANM,WE,Towers with Radar,0,15,45,0,60,0,0,66,0,66,0,15,111,0,126,181,0,181,307
03/03/2018,HIO,OR,ANM,WE,Towers with Radar,0,2,56,0,58,0,0,238,0,238,0,2,294,0,296,302,0,302,598
03/04/2018,HIO,OR,ANM,WE,Towers with Radar,0,1,22,0,23,0,0,186,0,186,0,1,208,0,209,259,0,259,468
03/05/2018,HIO,OR,ANM,WE,Towers with Radar,0,19,44,0,63,0,0,224,0,224,0,19,268,0,287,468,0,468,755
03/06/2018,HIO,OR,ANM,WE,Towers with Radar,0,18,44,0,62,0,0,377,3,380,0,18,421,3,442,418,0,418,860
03/07/2018,HIO,OR,ANM,WE,Towers with Radar,0,17,69,0,86,0,2,329,1,332,0,19,398,1,418,351,0,351,769
03/08/2018,HIO,OR,ANM,WE,Towers with Radar,0,20,13,0,33,0,1,11,0,12,0,21,24,0,45,0,0,0,45
03/09/2018,HIO,OR,ANM,WE,Towers with Radar,0,17,50,0,67,0,0,309,0,309,0,17,359,0,376,473,0,473,849
03/10/2018,HIO,OR,ANM,WE,Towers with Radar,0,2,32,0,34,0,0,312,0,312,0,2,344,0,346,168,0,168,514
03/11/2018,HIO,OR,ANM,WE,Towers with Radar,0,1,39,0,40,0,0,318,0,318,0,1,357,0,358,418,0,418,776
03/12/2018,HIO,OR,ANM,WE,Towers with Radar,0,24,44,0,68,0,0,239,0,239,0,24,283,0,307,228,0,228,535
03/13/2018,HIO,OR,ANM,WE,Towers with Radar,0,18,54,0,72,0,0,33,0,33,0,18,87,0,105,133,0,133,238
03/14/2018,HIO,OR,ANM,WE,Towers with Radar,0,13,33,1,47,0,0,190,3,193,0,13,223,4,240,396,0,396,636
03/15/2018,HIO,OR,ANM,WE,Towers with Radar,0,17,33,0,50,0,0,221,0,221,0,17,254,0,271,303,0,303,574
03/16/2018,HIO,OR,ANM,WE,Towers with Radar,0,14,46,0,60,0,0,42,0,42,0,14,88,0,102,148,0,148,250
03/17/2018,HIO,OR,ANM,WE,Towers with Radar,0,0,36,0,36,0,0,40,0,40,0,0,76,0,76,171,0,171,247
03/18/2018,HIO,OR,ANM,WE,Towers with Radar,0,0,38,0,38,0,0,79,0,79,0,0,117,0,117,279,0,279,396
03/19/2018,HIO,OR,ANM,WE,Towers with Radar,0,17,41,0,58,0,0,245,0,245,0,17,286,0,303,275,0,275,578
03/20/2018,HIO,OR,ANM,WE,Towers with Radar,0,18,37,0,55,0,0,386,0,386,0,18,423,0,441,279,0,279,720
03/21/2018,HIO,OR,ANM,WE,Towers with Radar,0,16,72,1,89,0,1,176,0,177,0,17,248,1,266,503,0,503,769
03/22/2018,HIO,OR,ANM,WE,Towers with Radar,0,20,15,0,35,0,0,41,0,41,0,20,56,0,76,118,0,118,194
03/23/2018,HIO,OR,ANM,WE,Towers with Radar,0,13,43,0,56,0,0,7,0,7,0,13,50,0,63,74,0,74,137
03/24/2018,HIO,OR,ANM,WE,Towers with Radar,0,5,18,0,23,0,0,11,0,11,0,5,29,0,34,42,0,42,76
03/25/2018,HIO,OR,ANM,WE,Towers with Radar,0,3,41,0,44,0,0,163,0,163,0,3,204,0,207,271,0,271,478
03/26/2018,HIO,OR,ANM,WE,Towers with Radar,0,18,25,0,43,0,0,36,0,36,0,18,61,0,79,522,0,522,601
03/27/2018,HIO,OR,ANM,WE,Towers with Radar,0,18,85,2,105,0,0,82,0,82,0,18,167,2,187,254,0,254,441
03/28/2018,HIO,OR,ANM,WE,Towers with Radar,0,15,65,1,81,0,0,266,0,266,0,15,331,1,347,374,0,374,721
03/29/2018,HIO,OR,ANM,WE,Towers with Radar,0,15,47,0,62,0,0,359,0,359,0,15,406,0,421,369,0,369,790
03/30/2018,HIO,OR,ANM,WE,Towers with Radar,0,15,44,0,59,0,0,220,0,220,0,15,264,0,279,423,0,423,702
03/31/2018,HIO,OR,ANM,WE,Towers with Radar,0,0,35,0,35,0,0,320,0,320,0,0,355,0,355,358,0,358,713
04/01/2018,HIO,OR,ANM,WE,Towers with Radar,0,4,15,0,19,0,0,35,0,35,0,4,50,0,54,260,0,260,314
04/02/2018,HIO,OR,ANM,WE,Towers with Radar,0,19,42,0,61,0,0,238,0,238,0,19,280,0,299,459,0,459,758
04/03/2018,HIO,OR,ANM,WE,Towers with Radar,0,14,38,0,52,0,0,370,0,370,0,14,408,0,422,422,0,422,844
04/04/2018,HIO,OR,ANM,WE,Towers with Radar,0,12,56,0,68,0,1,200,0,201,0,13,256,0,269,420,0,420,689
04/05/2018,HIO,OR,ANM,WE,Towers with Radar,0,16,74,0,90,0,0,46,0,46,0,16,120,0,136,237,0,237,373
04/06/2018,HIO,OR,ANM,WE,Towers with Radar,0,13,75,0,88,0,0,117,0,117,0,13,192,0,205,129,0,129,334
04/07/2018,HIO,OR,ANM,WE,Towers with Radar,0,0,11,0,11,0,0,1,0,1,0,0,12,0,12,0,0,0,12
04/08/2018,HIO,OR,ANM,WE,Towers with Radar,0,2,33,0,35,0,0,31,0,31,0,2,64,0,66,164,0,164,230
04/09/2018,HIO,OR,ANM,WE,Towers with Radar,2,20,53,1,76,0,0,397,0,397,2,20,450,1,473,472,0,472,945
04/10/2018,HIO,OR,ANM,WE,Towers with Radar,0,29,61,0,90,0,0,109,1,110,0,29,170,1,200,186,0,186,386
04/11/2018,HIO,OR,ANM,WE,Towers with Radar,0,13,44,0,57,0,0,87,0,87,0,13,131,0,144,250,0,250,394
04/12/2018,HIO,OR,ANM,WE,Towers with Radar,0,16,25,0,41,0,2,30,0,32,0,18,55,0,73,54,0,54,127
04/13/2018,HIO,OR,ANM,WE,Towers with Radar,0,14,38,1,53,0,0,10,2,12,0,14,48,3,65,71,0,71,136
04/14/2018,HIO,OR,ANM,WE,Towers with Radar,0,6,67,0,73,0,0,92,0,92,0,6,159,0,165,328,0,328,493
04/15/2018,HIO,OR,ANM,WE,Towers with Radar,0,0,33,0,33,0,0,5,0,5,0,0,38,0,38,53,0,53,91
04/16/2018,HIO,OR,ANM,WE,Towers with Radar,0,17,25,0,42,0,0,29,0,29,0,17,54,0,71,146,0,146,217
04/17/2018,HIO,OR,ANM,WE,Towers with Radar,0,17,30,0,47,0,0,205,0,205,0,17,235,0,252,403,0,403,655
04/18/2018,HIO,OR,ANM,WE,Towers with Radar,0,23,66,0,89,0,0,406,0,406,0,23,472,0,495,499,0,499,994
04/19/2018,HIO,OR,ANM,WE,Towers with Radar,0,15,37,1,53,0,0,436,2,438,0,15,473,3,491,531,0,531,1022
04/20/2018,HIO,OR,ANM,WE,Towers with Radar,0,17,53,0,70,0,1,380,0,381,0,18,433,0,451,443,0,443,894
04/21/2018,HIO,OR,ANM,WE,Towers with Radar,0,11,38,0,49,0,0,370,0,370,0,11,408,0,419,415,0,415,834
04/22/2018,HIO,OR,ANM,WE,Towers with Radar,0,5,33,0,38,0,0,305,0,305,0,5,338,0,343,291,0,291,634
04/23/2018,HIO,OR,ANM,WE,Towers with Radar,0,21,30,0,51,0,0,246,0,246,0,21,276,0,297,162,0,162,459
04/24/2018,HIO,OR,ANM,WE,Towers with Radar,0,17,48,0,65,0,0,181,0,181,0,17,229,0,246,221,0,221,467
04/25/2018,HIO,OR,ANM,WE,Towers with Radar,0,17,51,0,68,0,0,393,0,393,0,17,444,0,461,510,0,510,971
04/26/2018,HIO,OR,ANM,WE,Towers with Radar,0,21,38,0,59,0,4,396,0,400,0,25,434,0,459,443,0,443,902
04/27/2018,HIO,OR,ANM,WE,Towers with Radar,0,17,72,0,89,0,0,24,0,24,0,17,96,0,113,46,0,46,159
04/28/2018,HIO,OR,ANM,WE,Towers with Radar,0,3,60,0,63,0,0,65,0,65,0,3,125,0,128,325,0,325,453
04/29/2018,HIO,OR,ANM,WE,Towers with Radar,0,7,64,0,71,0,0,44,0,44,0,7,108,0,115,177,0,177,292
04/30/2018,HIO,OR,ANM,WE,Towers with Radar,0,18,60,0,78,0,1,168,0,169,0,19,228,0,247,491,0,491,738
05/01/2018,HIO,OR,ANM,WE,Towers with Radar,0,14,84,0,98,0,2,183,0,185,0,16,267,0,283,653,0,653,936
05/02/2018,HIO,OR,ANM,WE,Towers with Radar,0,12,56,0,68,0,2,327,0,329,0,14,383,0,397,359,0,359,756
05/03/2018,HIO,OR,ANM,WE,Towers with Radar,0,17,40,0,57,0,0,339,0,339,0,17,379,0,396,443,0,443,839
05/04/2018,HIO,OR,ANM,WE,Towers with Radar,0,12,86,1,99,0,0,274,2,276,0,12,360,3,375,458,0,458,833
05/05/2018,HIO,OR,ANM,WE,Towers with Radar,0,3,19,0,22,0,0,336,0,336,0,3,355,0,358,301,0,301,659
05/06/2018,HIO,OR,ANM,WE,Towers with Radar,0,2,48,0,50,0,1,159,0,160,0,3,207,0,210,267,0,267,477
05/07/2018,HIO,OR,ANM,WE,Towers with Radar,0,17,50,0,67,0,1,272,0,273,0,18,322,0,340,369,0,369,709
05/08/2018,HIO,OR,ANM,WE,Towers with Radar,0,16,29,1,46,0,0,232,1,233,0,16,261,2,279,330,0,330,609
05/09/2018,HIO,OR,ANM,WE,Towers with Radar,0,17,76,0,93,0,0,218,0,218,0,17,294,0,311,317,0,317,628
05/10/2018,HIO,OR,ANM,WE,Towers with Radar,0,15,96,0,111,0,2,106,0,108,0,17,202,0,219,304,0,304,523
05/11/2018,HIO,OR,ANM,WE,Towers with Radar,0,12,64,0,76,0,1,216,0,217,0,13,280,0,293,214,0,214,507
05/12/2018,HIO,OR,ANM,WE,Towers with Radar,0,1,70,0,71,0,0,248,0,248,0,1,318,0,319,354,0,354,673
05/13/2018,HIO,OR,ANM,WE,Towers with Radar,0,2,27,1,30,0,0,328,0,328,0,2,355,1,358,371,0,371,729
05/14/2018,HIO,OR,ANM,WE,Towers with Radar,0,14,62,0,76,0,0,275,0,275,0,14,337,0,351,360,0,360,711
05/15/2018,HIO,OR,ANM,WE,Towers with Radar,0,26,80,0,106,0,0,71,0,71,0,26,151,0,177,143,0,143,320
05/16/2018,HIO,OR,ANM,WE,Towers with Radar,0,16,121,0,137,0,0,88,0,88,0,16,209,0,225,352,0,352,577
05/17/2018,HIO,OR,ANM,WE,Towers with Radar,1,16,70,2,89,0,0,122,0,122,1,16,192,2,211,364,0,364,575
05/18/2018,HIO,OR,ANM,WE,Towers with Radar,0,13,82,0,95,0,0,127,0,127,0,13,209,0,222,429,0,429,651
05/19/2018,HIO,OR,ANM,WE,Towers with Radar,0,1,64,0,65,0,0,155,0,155,0,1,219,0,220,508,0,508,728
05/20/2018,HIO,OR,ANM,WE,Towers with Radar,0,6,63,0,69,0,0,332,0,332,0,6,395,0,401,332,0,332,733
05/21/2018,HIO,OR,ANM,WE,Towers with Radar,0,19,70,0,89,0,1,294,0,295,0,20,364,0,384,432,0,432,816
05/22/2018,HIO,OR,ANM,WE,Towers with Radar,0,20,30,0,50,0,0,349,0,349,0,20,379,0,399,621,0,621,1020
05/23/2018,HIO,OR,ANM,WE,Towers with Radar,0,14,41,0,55,0,1,317,0,318,0,15,358,0,373,464,0,464,837
05/24/2018,HIO,OR,ANM,WE,Towers with Radar,0,16,83,0,99,0,0,213,0,213,0,16,296,0,312,541,0,541,853
05/25/2018,HIO,OR,ANM,WE,Towers with Radar,0,3,63,0,66,0,1,277,0,278,0,4,340,0,344,470,0,470,814
05/26/2018,HIO,OR,ANM,WE,Towers with Radar,0,1,45,0,46,0,1,233,0,234,0,2,278,0,280,313,0,313,593
05/27/2018,HIO,OR,ANM,WE,Towers with Radar,0,1,19,0,20,0,0,339,0,339,0,1,358,0,359,504,0,504,863
05/28/2018,HIO,OR,ANM,WE,Towers with Radar,0,0,52,0,52,0,0,313,0,313,0,0,365,0,365,354,0,354,719
05/29/2018,HIO,OR,ANM,WE,Towers with Radar,0,16,63,0,79,0,1,185,0,186,0,17,248,0,265,399,0,399,664
05/30/2018,HIO,OR,ANM,WE,Towers with Radar,0,14,69,0,83,0,1,309,0,310,0,15,378,0,393,507,0,507,900
05/31/2018,HIO,OR,ANM,WE,Towers with Radar,0,19,58,1,78,0,0,233,1,234,0,19,291,2,312,527,0,527,839
06/01/2018,HIO,OR,ANM,WE,Towers with Radar,0,22,52,0,74,0,2,333,0,335,0,24,385,0,409,399,0,399,808
06/02/2018,HIO,OR,ANM,WE,Towers with Radar,0,0,15,0,15,0,0,324,0,324,0,0,339,0,339,385,0,385,724
06/03/2018,HIO,OR,ANM,WE,Towers with Radar,0,0,38,0,38,0,1,270,0,271,0,1,308,0,309,266,0,266,575
06/04/2018,HIO,OR,ANM,WE,Towers with Radar,0,20,62,0,82,0,2,256,0,258,0,22,318,0,340,559,0,559,899
06/05/2018,HIO,OR,ANM,WE,Towers with Radar,0,20,62,4,86,0,2,269,0,271,0,22,331,4,357,289,0,289,646
06/06/2018,HIO,OR,ANM,WE,Towers with Radar,0,16,40,0,56,0,0,308,0,308,0,16,348,0,364,429,0,429,793
06/07/2018,HIO,OR,ANM,WE,Towers with Radar,0,20,85,1,106,0,1,208,0,209,0,21,293,1,315,403,0,403,718
06/08/2018,HIO,OR,ANM,WE,Towers with Radar,0,20,93,0,113,0,0,120,0,120,0,20,213,0,233,211,0,211,444
06/09/2018,HIO,OR,ANM,WE,Towers with Radar,0,1,33,0,34,0,1,26,0,27,0,2,59,0,61,161,0,161,222
06/10/2018,HIO,OR,ANM,WE,Towers with Radar,0,5,42,0,47,0,0,18,0,18,0,5,60,0,65,138,0,138,203
06/11/2018,HIO,OR,ANM,WE,Towers with Radar,0,18,78,0,96,0,2,334,0,336,0,20,412,0,432,335,0,335,767
06/12/2018,HIO,OR,ANM,WE,Towers with Radar,0,14,37,3,54,0,0,370,1,371,0,14,407,4,425,321,0,321,746
06/13/2018,HIO,OR,ANM,WE,Towers with Radar,0,15,98,0,113,0,0,199,0,199,0,15,297,0,312,271,0,271,583
06/14/2018,HIO,OR,ANM,WE,Towers with Radar,0,19,60,0,79,0,0,278,0,278,0,19,338,0,357,425,0,425,782
06/15/2018,HIO,OR,ANM,WE,Towers with Radar,0,14,106,0,120,0,0,276,0,276,0,14,382,0,396,351,0,351,747
06/16/2018,HIO,OR,ANM,WE,Towers with Radar,0,2,34,0,36,0,0,171,0,171,0,2,205,0,207,230,0,230,437
06/17/2018,HIO,OR,ANM,WE,Towers with Radar,0,4,37,0,41,0,0,254,0,254,0,4,291,0,295,169,0,169,464
06/18/2018,HIO,OR,ANM,WE,Towers with Radar,0,16,24,0,40,0,0,278,0,278,0,16,302,0,318,390,0,390,708
06/19/2018,HIO,OR,ANM,WE,Towers with Radar,0,16,52,0,68,0,0,271,0,271,0,16,323,0,339,331,0,331,670
06/20/2018,HIO,OR,ANM,WE,Towers with Radar,0,17,53,0,70,0,3,265,0,268,0,20,318,0,338,268,0,268,606
06/21/2018,HIO,OR,ANM,WE,Towers with Radar,0,20,91,0,111,0,0,71,0,71,0,20,162,0,182,269,0,269,451
06/22/2018,HIO,OR,ANM,WE,Towers with Radar,0,18,79,0,97,0,1,164,0,165,0,19,243,0,262,460,0,460,722
06/23/2018,HIO,OR,ANM,WE,Towers with Radar,0,2,55,1,58,0,0,210,0,210,0,2,265,1,268,332,0,332,600
06/24/2018,HIO,OR,ANM,WE,Towers with Radar,0,4,34,0,38,0,0,293,0,293,0,4,327,0,331,276,0,276,607
06/25/2018,HIO,OR,ANM,WE,Towers with Radar,0,17,60,0,77,0,1,239,0,240,0,18,299,0,317,555,0,555,872
06/26/2018,HIO,OR,ANM,WE,Towers with Radar,0,15,60,0,75,0,2,269,0,271,0,17,329,0,346,458,0,458,804
06/27/2018,HIO,OR,ANM,WE,Towers with Radar,0,16,38,0,54,0,1,278,0,279,0,17,316,0,333,416,0,416,749
06/28/2018,HIO,OR,ANM,WE,Towers with Radar,0,19,51,0,70,0,1,300,0,301,0,20,351,0,371,568,0,568,939
06/29/2018,HIO,OR,ANM,WE,Towers with Radar,0,17,50,0,67,0,1,269,0,270,0,18,319,0,337,455,0,455,792
06/30/2018,HIO,OR,ANM,WE,Towers with Radar,0,6,56,0,62,0,0,254,0,254,0,6,310,0,316,364,0,364,680
07/01/2018,HIO,OR,ANM,WE,Towers with Radar,0,2,41,0,43,0,0,232,0,232,0,2,273,0,275,385,0,385,660
07/02/2018,HIO,OR,ANM,WE,Towers with Radar,0,9,67,1,77,0,0,191,0,191,0,9,258,1,268,441,0,441,709
07/03/2018,HIO,OR,ANM,WE,Towers with Radar,0,1,48,1,50,0,1,311,0,312,0,2,359,1,362,417,0,417,779
07/04/2018,HIO,OR,ANM,WE,Towers with Radar,0,1,37,0,38,0,0,246,0,246,0,1,283,0,284,259,0,259,543
07/05/2018,HIO,OR,ANM,WE,Towers with Radar,0,1,34,0,35,0,1,284,0,285,0,2,318,0,320,494,0,494,814
07/06/2018,HIO,OR,ANM,WE,Towers with Radar,0,1,42,0,43,0,2,238,0,240,0,3,280,0,283,355,0,355,638
07/07/2018,HIO,OR,ANM,WE,Towers with Radar,0,2,21,0,23,0,0,272,0,272,0,2,293,0,295,376,0,376,671
07/08/2018,HIO,OR,ANM,WE,Towers with Radar,0,9,38,0,47,0,0,293,0,293,0,9,331,0,340,406,0,406,746
07/09/2018,HIO,OR,ANM,WE,Towers with Radar,0,17,92,0,109,0,0,133,0,133,0,17,225,0,242,827,0,827,1069
07/10/2018,HIO,OR,ANM,WE,Towers with Radar,0,19,103,0,122,0,1,207,0,208,0,20,310,0,330,553,0,553,883
07/11/2018,HIO,OR,ANM,WE,Towers with Radar,0,15,32,1,48,0,0,301,1,302,0,15,333,2,350,330,0,330,680
07/12/2018,HIO,OR,ANM,WE,Towers with Radar,0,17,46,0,63,0,1,334,0,335,0,18,380,0,398,429,0,429,827
07/13/2018,HIO,OR,ANM,WE,Towers with Radar,0,20,46,0,66,0,1,341,0,342,0,21,387,0,408,280,0,280,688
07/14/2018,HIO,OR,ANM,WE,Towers with Radar,0,1,19,0,20,0,0,306,0,306,0,1,325,0,326,333,0,333,659
07/15/2018,HIO,OR,ANM,WE,Towers with Radar,0,7,31,0,38,0,0,240,0,240,0,7,271,0,278,297,0,297,575
07/16/2018,HIO,OR,ANM,WE,Towers with Radar,0,19,40,0,59,0,1,234,0,235,0,20,274,0,294,376,0,376,670
07/17/2018,HIO,OR,ANM,WE,Towers with Radar,0,20,37,0,57,0,1,249,2,252,0,21,286,2,309,359,0,359,668
07/18/2018,HIO,OR,ANM,WE,Towers with Radar,0,18,74,0,92,0,1,249,0,250,0,19,323,0,342,584,0,584,926
07/19/2018,HIO,OR,ANM,WE,Towers with Radar,0,15,53,0,68,0,2,255,0,257,0,17,308,0,325,655,0,655,980
07/20/2018,HIO,OR,ANM,WE,Towers with Radar,0,15,52,0,67,0,5,302,0,307,0,20,354,0,374,450,0,450,824
07/21/2018,HIO,OR,ANM,WE,Towers with Radar,0,1,35,0,36,0,0,319,0,319,0,1,354,0,355,447,0,447,802
07/22/2018,HIO,OR,ANM,WE,Towers with Radar,0,2,41,0,43,0,0,308,0,308,0,2,349,0,351,411,0,411,762
07/23/2018,HIO,OR,ANM,WE,Towers with Radar,0,21,44,0,65,0,0,263,0,263,0,21,307,0,328,370,0,370,698
07/24/2018,HIO,OR,ANM,WE,Towers with Radar,0,17,39,0,56,0,4,292,0,296,0,21,331,0,352,475,0,475,827
07/25/2018,HIO,OR,ANM,WE,Towers with Radar,0,15,41,0,56,0,0,278,0,278,0,15,319,0,334,514,0,514,848
07/26/2018,HIO,OR,ANM,WE,Towers with Radar,0,18,50,0,68,0,2,307,2,311,0,20,357,2,379,533,0,533,912
07/27/2018,HIO,OR,ANM,WE,Towers with Radar,0,17,38,0,55,0,1,393,0,394,0,18,431,0,449,364,0,364,813
07/28/2018,HIO,OR,ANM,WE,Towers with Radar,0,1,33,0,34,0,0,359,2,361,0,1,392,2,395,398,0,398,793
07/29/2018,HIO,OR,ANM,WE,Towers with Radar,0,4,36,0,40,0,0,262,0,262,0,4,298,0,302,344,0,344,646
07/30/2018,HIO,OR,ANM,WE,Towers with Radar,0,18,43,0,61,0,0,280,0,280,0,18,323,0,341,493,0,493,834
07/31/2018,HIO,OR,ANM,WE,Towers with Radar,0,18,45,0,63,0,2,300,0,302,0,20,345,0,365,383,0,383,748
08/01/2018,HIO,OR,ANM,WE,Towers with Radar,0,19,54,1,74,0,1,227,0,228,0,20,281,1,302,335,0,335,637
08/02/2018,HIO,OR,ANM,WE,Towers with Radar,0,18,98,0,116,0,2,206,2,210,0,20,304,2,326,808,0,808,1134
08/03/2018,HIO,OR,ANM,WE,Towers with Radar,0,14,68,0,82,0,0,180,0,180,0,14,248,0,262,658,0,658,920
08/04/2018,HIO,OR,ANM,WE,Towers with Radar,0,2,41,0,43,0,0,304,0,304,0,2,345,0,347,412,0,412,759
08/05/2018,HIO,OR,ANM,WE,Towers with Radar,0,5,45,0,50,0,0,252,0,252,0,5,297,0,302,418,0,418,720
08/06/2018,HIO,OR,ANM,WE,Towers with Radar,0,19,38,0,57,0,0,280,0,280,0,19,318,0,337,512,0,512,849
08/07/2018,HIO,OR,ANM,WE,Towers with Radar,0,16,47,0,63,0,2,353,2,357,0,18,400,2,420,499,0,499,919
08/08/2018,HIO,OR,ANM,WE,Towers with Radar,0,17,42,0,59,0,2,301,0,303,0,19,343,0,362,445,0,445,807
08/09/2018,HIO,OR,ANM,WE,Towers with Radar,0,20,52,0,72,0,2,306,0,308,0,22,358,0,380,457,0,457,837
08/10/2018,HIO,OR,ANM,WE,Towers with Radar,0,14,37,0,51,0,1,370,0,371,0,15,407,0,422,424,0,424,846
08/11/2018,HIO,OR,ANM,WE,Towers with Radar,0,2,58,0,60,0,0,183,0,183,0,2,241,0,243,373,0,373,616
08/12/2018,HIO,OR,ANM,WE,Towers with Radar,0,4,48,0,52,0,0,290,0,290,0,4,338,0,342,444,0,444,786
08/13/2018,HIO,OR,ANM,WE,Towers with Radar,0,20,30,0,50,0,1,280,0,281,0,21,310,0,331,353,0,353,684
08/14/2018,HIO,OR,ANM,WE,Towers with Radar,0,18,96,0,114,0,1,32,0,33,0,19,128,0,147,63,0,63,210
08/15/2018,HIO,OR,ANM,WE,Towers with Radar,0,13,93,2,108,0,0,18,0,18,0,13,111,2,126,81,0,81,207
08/16/2018,HIO,OR,ANM,WE,Towers with Radar,0,16,66,0,82,0,0,256,0,256,0,16,322,0,338,396,0,396,734
08/17/2018,HIO,OR,ANM,WE,Towers with Radar,0,17,46,0,63,0,1,312,0,313,0,18,358,0,376,470,0,470,846
08/18/2018,HIO,OR,ANM,WE,Towers with Radar,0,0,35,0,35,0,1,302,0,303,0,1,337,0,338,411,0,411,749
08/19/2018,HIO,OR,ANM,WE,Towers with Radar,0,2,47,0,49,0,0,265,0,265,0,2,312,0,314,481,0,481,795
08/20/2018,HIO,OR,ANM,WE,Towers with Radar,0,22,75,2,99,0,1,14,0,15,0,23,89,2,114,8,0,8,122
08/21/2018,HIO,OR,ANM,WE,Towers with Radar,0,22,66,0,88,0,0,39,0,39,0,22,105,0,127,113,0,113,240
08/22/2018,HIO,OR,ANM,WE,Towers with Radar,0,16,85,3,104,0,0,31,0,31,0,16,116,3,135,42,0,42,177
08/23/2018,HIO,OR,ANM,WE,Towers with Radar,0,18,79,0,97,0,0,172,0,172,0,18,251,0,269,385,0,385,654
08/24/2018,HIO,OR,ANM,WE,Towers with Radar,0,17,72,0,89,0,0,264,0,264,0,17,336,0,353,536,0,536,889
08/25/2018,HIO,OR,ANM,WE,Towers with Radar,0,5,36,0,41,0,0,294,0,294,0,5,330,0,335,479,33,512,847
08/26/2018,HIO,OR,ANM,WE,Towers with Radar,0,7,61,0,68,0,0,146,0,146,0,7,207,0,214,386,0,386,600
08/27/2018,HIO,OR,ANM,WE,Towers with Radar,0,14,49,0,63,0,1,227,0,228,0,15,276,0,291,368,0,368,659
08/28/2018,HIO,OR,ANM,WE,Towers with Radar,0,17,44,0,61,0,0,305,0,305,0,17,349,0,366,495,0,495,861
08/29/2018,HIO,OR,ANM,WE,Towers with Radar,0,19,51,0,70,0,5,334,0,339,0,24,385,0,409,489,0,489,898
08/30/2018,HIO,OR,ANM,WE,Towers with Radar,0,17,87,0,104,0,3,188,0,191,0,20,275,0,295,590,0,590,885
08/31/2018,HIO,OR,ANM,WE,Towers with Radar,0,7,116,0,123,0,7,219,0,226,0,14,335,0,349,507,0,507,856
09/01/2018,HIO,OR,ANM,WE,Towers with Radar,0,2,50,0,52,0,0,224,0,224,0,2,274,0,276,461,0,461,737
09/02/2018,HIO,OR,ANM,WE,Towers with Radar,0,9,20,0,29,0,0,326,0,326,0,9,346,0,355,301,0,301,656
09/03/2018,HIO,OR,ANM,WE,Towers with Radar,0,4,40,0,44,0,0,285,0,285,0,4,325,0,329,476,0,476,805
09/04/2018,HIO,OR,ANM,WE,Towers with Radar,0,20,32,0,52,0,0,300,0,300,0,20,332,0,352,484,0,484,836
09/05/2018,HIO,OR,ANM,WE,Towers with Radar,0,18,33,0,51,0,1,281,0,282,0,19,314,0,333,487,0,487,820
09/06/2018,HIO,OR,ANM,WE,Towers with Radar,0,17,39,1,57,0,2,319,0,321,0,19,358,1,378,486,0,486,864
09/07/2018,HIO,OR,ANM,WE,Towers with Radar,0,17,44,0,61,0,4,355,1,360,0,21,399,1,421,508,0,508,929
09/08/2018,HIO,OR,ANM,WE,Towers with Radar,0,3,60,0,63,0,0,145,0,145,0,3,205,0,208,422,0,422,630
09/09/2018,HIO,OR,ANM,WE,Towers with Radar,0,4,27,0,31,0,1,264,0,265,0,5,291,0,296,307,0,307,603
09/10/2018,HIO,OR,ANM,WE,Towers with Radar,0,22,53,0,75,0,0,166,0,166,0,22,219,0,241,378,0,378,619
09/11/2018,HIO,OR,ANM,WE,Towers with Radar,0,18,78,0,96,0,0,40,0,40,0,18,118,0,136,205,0,205,341
09/12/2018,HIO,OR,ANM,WE,Towers with Radar,0,17,66,0,83,0,0,32,0,32,0,17,98,0,115,106,0,106,221
09/13/2018,HIO,OR,ANM,WE,Towers with Radar,0,18,86,0,104,0,1,106,0,107,0,19,192,0,211,238,0,238,449
09/14/2018,HIO,OR,ANM,WE,Towers with Radar,0,17,78,0,95,0,2,237,0,239,0,19,315,0,334,285,0,285,619
09/15/2018,HIO,OR,ANM,WE,Towers with Radar,0,5,68,0,73,0,0,161,0,161,0,5,229,0,234,425,0,425,659
09/16/2018,HIO,OR,ANM,WE,Towers with Radar,0,2,77,0,79,0,0,131,0,131,0,2,208,0,210,168,0,168,378
09/17/2018,HIO,OR,ANM,WE,Towers with Radar,0,20,50,0,70,0,0,285,0,285,0,20,335,0,355,369,0,369,724
09/18/2018,HIO,OR,ANM,WE,Towers with Radar,0,19,29,0,48,0,0,324,0,324,0,19,353,0,372,403,0,403,775
09/19/2018,HIO,OR,ANM,WE,Towers with Radar,0,23,53,1,77,0,0,339,0,339,0,23,392,1,416,565,0,565,981
09/20/2018,HIO,OR,ANM,WE,Towers with Radar,0,18,32,0,50,0,2,279,0,281,0,20,311,0,331,533,0,533,864
09/21/2018,HIO,OR,ANM,WE,Towers with Radar,0,15,40,3,58,0,0,381,0,381,0,15,421,3,439,339,0,339,778
09/22/2018,HIO,OR,ANM,WE,Towers with Radar,0,5,35,0,40,0,0,180,5,185,0,5,215,5,225,309,0,309,534
09/23/2018,HIO,OR,ANM,WE,Towers with Radar,0,1,27,0,28,0,0,267,0,267,0,1,294,0,295,342,0,342,637
09/24/2018,HIO,OR,ANM,WE,Towers with Radar,0,19,36,2,57,0,0,323,0,323,0,19,359,2,380,534,0,534,914
09/25/2018,HIO,OR,ANM,WE,Towers with Radar,0,17,33,1,51,0,0,327,0,327,0,17,360,1,378,427,0,427,805
09/26/2018,HIO,OR,ANM,WE,Towers with Radar,0,14,36,0,50,0,1,358,0,359,0,15,394,0,409,446,0,446,855
09/27/2018,HIO,OR,ANM,WE,Towers with Radar,0,22,37,5,64,0,0,267,2,269,0,22,304,7,333,461,18,479,812
09/28/2018,HIO,OR,ANM,WE,Towers with Radar,0,14,22,6,42,0,0,74,8,82,0,14,96,14,124,97,11,108,232
09/29/2018,HIO,OR,ANM,WE,Towers with Radar,0,2,20,2,24,2,0,65,9,76,2,2,85,11,100,52,6,58,158
09/30/2018,HIO,OR,ANM,WE,Towers with Radar,0,4,43,6,53,0,0,64,2,66,0,4,107,8,119,31,0,31,150
10/01/2018,HIO,OR,ANM,WE,Towers with Radar,0,21,36,8,65,0,1,228,3,232,0,22,264,11,297,477,0,477,774
10/02/2018,HIO,OR,ANM,WE,Towers with Radar,0,23,52,2,77,0,0,191,0,191,0,23,243,2,268,252,0,252,520
10/03/2018,HIO,OR,ANM,WE,Towers with Radar,0,20,39,0,59,0,0,282,0,282,0,20,321,0,341,442,0,442,783
10/04/2018,HIO,OR,ANM,WE,Towers with Radar,0,18,34,0,52,0,0,331,0,331,0,18,365,0,383,610,0,610,993
10/05/2018,HIO,OR,ANM,WE,Towers with Radar,0,21,57,0,78,0,1,22,0,23,0,22,79,0,101,63,0,63,164
10/06/2018,HIO,OR,ANM,WE,Towers with Radar,0,6,60,0,66,0,0,214,0,214,0,6,274,0,280,444,0,444,724
10/07/2018,HIO,OR,ANM,WE,Towers with Radar,0,8,46,0,54,0,0,1,0,1,0,8,47,0,55,11,0,11,66
10/08/2018,HIO,OR,ANM,WE,Towers with Radar,0,22,60,0,82,0,0,0,0,0,0,22,60,0,82,4,0,4,86
10/09/2018,HIO,OR,ANM,WE,Towers with Radar,0,17,56,0,73,0,0,215,1,216,0,17,271,1,289,507,0,507,796
10/10/2018,HIO,OR,ANM,WE,Towers with Radar,0,17,78,1,96,0,1,248,0,249,0,18,326,1,345,319,0,319,664
10/11/2018,HIO,OR,ANM,WE,Towers with Radar,0,18,77,2,97,0,3,282,0,285,0,21,359,2,382,512,0,512,894
10/12/2018,HIO,OR,ANM,WE,Towers with Radar,0,18,31,0,49,0,1,374,0,375,0,19,405,0,424,493,0,493,917
10/13/2018,HIO,OR,ANM,WE,Towers with Radar,0,0,25,0,25,0,0,337,0,337,0,0,362,0,362,305,0,305,667
10/14/2018,HIO,OR,ANM,WE,Towers with Radar,0,0,20,0,20,0,0,272,0,272,0,0,292,0,292,138,0,138,430
10/15/2018,HIO,OR,ANM,WE,Towers with Radar,0,23,43,0,66,0,0,283,0,283,0,23,326,0,349,462,0,462,811
10/16/2018,HIO,OR,ANM,WE,Towers with Radar,0,21,22,3,46,0,0,307,1,308,0,21,329,4,354,338,0,338,692
10/17/2018,HIO,OR,ANM,WE,Towers with Radar,0,14,44,1,59,0,0,304,0,304,0,14,348,1,363,440,0,440,803
10/18/2018,HIO,OR,ANM,WE,Towers with Radar,0,20,49,0,69,0,0,326,0,326,0,20,375,0,395,464,0,464,859
10/19/2018,HIO,OR,ANM,WE,Towers with Radar,0,24,44,0,68,0,0,357,0,357,0,24,401,0,425,415,0,415,840
10/20/2018,HIO,OR,ANM,WE,Towers with Radar,0,2,35,0,37,0,0,286,0,286,0,2,321,0,323,244,0,244,567
10/21/2018,HIO,OR,ANM,WE,Towers with Radar,0,1,32,0,33,0,0,261,0,261,0,1,293,0,294,398,0,398,692
10/22/2018,HIO,OR,ANM,WE,Towers with Radar,0,18,47,0,65,0,1,233,0,234,0,19,280,0,299,351,0,351,650
10/23/2018,HIO,OR,ANM,WE,Towers with Radar,0,24,67,0,91,0,0,35,0,35,0,24,102,0,126,124,0,124,250
10/24/2018,HIO,OR,ANM,WE,Towers with Radar,0,17,84,0,101,0,2,80,0,82,0,19,164,0,183,468,0,468,651
10/25/2018,HIO,OR,ANM,WE,Towers with Radar,0,22,79,0,101,0,0,77,0,77,0,22,156,0,178,220,0,220,398
10/26/2018,HIO,OR,ANM,WE,Towers with Radar,0,20,49,0,69,0,3,26,0,29,0,23,75,0,98,113,0,113,211
10/27/2018,HIO,OR,ANM,WE,Towers with Radar,0,3,54,0,57,0,0,43,0,43,0,3,97,0,100,266,0,266,366
10/28/2018,HIO,OR,ANM,WE,Towers with Radar,0,1,20,0,21,0,0,44,0,44,0,1,64,0,65,200,0,200,265
10/29/2018,HIO,OR,ANM,WE,Towers with Radar,0,24,36,0,60,0,0,43,0,43,0,24,79,0,103,121,0,121,224
10/30/2018,HIO,OR,ANM,WE,Towers with Radar,0,35,41,2,78,0,0,2,0,2,0,35,43,2,80,16,0,16,96
10/31/2018,HIO,OR,ANM,WE,Towers with Radar,0,18,80,0,98,0,0,2,0,2,0,18,82,0,100,0,0,0,100
11/01/2018,HIO,OR,ANM,WE,Towers with Radar,0,20,86,0,106,0,0,78,0,78,0,20,164,0,184,270,0,270,454
11/02/2018,HIO,OR,ANM,WE,Towers with Radar,2,21,58,0,81,0,0,203,0,203,2,21,261,0,284,380,0,380,664
11/03/2018,HIO,OR,ANM,WE,Towers with Radar,0,7,49,0,56,0,0,101,0,101,0,7,150,0,157,255,0,255,412
11/04/2018,HIO,OR,ANM,WE,Towers with Radar,0,5,47,0,52,0,1,123,0,124,0,6,170,0,176,236,0,236,412
11/05/2018,HIO,OR,ANM,WE,Towers with Radar,0,24,66,0,90,0,0,59,0,59,0,24,125,0,149,142,0,142,291
11/06/2018,HIO,OR,ANM,WE,Towers with Radar,0,16,49,1,66,0,0,103,1,104,0,16,152,2,170,282,0,282,452
11/07/2018,HIO,OR,ANM,WE,Towers with Radar,0,21,26,1,48,0,0,102,3,105,0,21,128,4,153,248,0,248,401
11/08/2018,HIO,OR,ANM,WE,Towers with Radar,0,18,30,0,48,0,0,308,0,308,0,18,338,0,356,445,0,445,801
11/09/2018,HIO,OR,ANM,WE,Towers with Radar,0,16,44,0,60,0,3,253,0,256,0,19,297,0,316,455,0,455,771
11/10/2018,HIO,OR,ANM,WE,Towers with Radar,0,1,40,0,41,0,0,191,0,191,0,1,231,0,232,244,0,244,476
11/11/2018,HIO,OR,ANM,WE,Towers with Radar,0,5,30,0,35,0,1,286,0,287,0,6,316,0,322,267,0,267,589
11/12/2018,HIO,OR,ANM,WE,Towers with Radar,0,22,38,0,60,0,0,260,0,260,0,22,298,0,320,227,0,227,547
11/13/2018,HIO,OR,ANM,WE,Towers with Radar,0,17,39,0,56,0,0,205,0,205,0,17,244,0,261,378,0,378,639
11/14/2018,HIO,OR,ANM,WE,Towers with Radar,0,17,77,1,95,0,0,42,1,43,0,17,119,2,138,339,0,339,477
11/15/2018,HIO,OR,ANM,WE,Towers with Radar,0,18,59,0,77,0,0,159,1,160,0,18,218,1,237,580,0,580,817
11/16/2018,HIO,OR,ANM,WE,Towers with Radar,0,23,67,0,90,0,0,62,0,62,0,23,129,0,152,133,0,133,285
11/17/2018,HIO,OR,ANM,WE,Towers with Radar,0,5,35,0,40,0,0,181,0,181,0,5,216,0,221,104,0,104,325
11/18/2018,HIO,OR,ANM,WE,Towers with Radar,0,2,24,0,26,0,0,283,0,283,0,2,307,0,309,429,0,429,738
11/19/2018,HIO,OR,ANM,WE,Towers with Radar,0,4,26,0,30,0,2,295,0,297,0,6,321,0,327,477,0,477,804
11/20/2018,HIO,OR,ANM,WE,Towers with Radar,1,8,31,0,40,0,0,297,0,297,1,8,328,0,337,476,0,476,813
11/21/2018,HIO,OR,ANM,WE,Towers with Radar,0,6,44,0,50,0,0,31,0,31,0,6,75,0,81,297,0,297,378
11/22/2018,HIO,OR,ANM,WE,Towers with Radar,0,5,9,0,14,0,0,9,0,9,0,5,18,0,23,16,0,16,39
11/23/2018,HIO,OR,ANM,WE,Towers with Radar,0,5,12,0,17,0,0,3,0,3,0,5,15,0,20,0,0,0,20
11/24/2018,HIO,OR,ANM,WE,Towers with Radar,0,1,9,0,10,0,0,0,0,0,0,1,9,0,10,0,0,0,10
11/25/2018,HIO,OR,ANM,WE,Towers with Radar,0,2,32,0,34,0,0,1,0,1,0,2,33,0,35,0,0,0,35
11/26/2018,HIO,OR,ANM,WE,Towers with Radar,0,23,40,0,63,0,0,75,0,75,0,23,115,0,138,169,0,169,307
11/27/2018,HIO,OR,ANM,WE,Towers with Radar,0,19,19,3,41,0,0,31,0,31,0,19,50,3,72,206,0,206,278
11/28/2018,HIO,OR,ANM,WE,Towers with Radar,0,19,33,0,52,0,0,4,0,4,0,19,37,0,56,20,0,20,76
11/29/2018,HIO,OR,ANM,WE,Towers with Radar,0,18,35,0,53,0,0,237,0,237,0,18,272,0,290,444,0,444,734
11/30/2018,HIO,OR,ANM,WE,Towers with Radar,0,19,29,4,52,0,0,1,0,1,0,19,30,4,53,21,0,21,74
12/01/2018,HIO,OR,ANM,WE,Towers with Radar,0,4,10,0,14,0,0,14,0,14,0,4,24,0,28,117,0,117,145
12/02/2018,HIO,OR,ANM,WE,Towers with Radar,0,1,34,0,35,0,0,26,0,26,0,1,60,0,61,107,0,107,168
12/03/2018,HIO,OR,ANM,WE,Towers with Radar,0,25,30,0,55,0,1,219,0,220,0,26,249,0,275,295,0,295,570
12/04/2018,HIO,OR,ANM,WE,Towers with Radar,0,15,36,0,51,0,0,124,0,124,0,15,160,0,175,47,0,47,222
12/05/2018,HIO,OR,ANM,WE,Towers with Radar,0,22,26,0,48,0,1,135,0,136,0,23,161,0,184,32,0,32,216
12/06/2018,HIO,OR,ANM,WE,Towers with Radar,0,17,32,3,52,0,1,121,0,122,0,18,153,3,174,42,0,42,216
12/07/2018,HIO,OR,ANM,WE,Towers with Radar,0,21,33,0,54,0,0,214,0,214,0,21,247,0,268,548,0,548,816
12/08/2018,HIO,OR,ANM,WE,Towers with Radar,0,8,35,0,43,0,0,40,0,40,0,8,75,0,83,259,0,259,342
12/09/2018,HIO,OR,ANM,WE,Towers with Radar,0,2,18,0,20,0,0,27,0,27,0,2,45,0,47,97,0,97,144
12/10/2018,HIO,OR,ANM,WE,Towers with Radar,0,22,28,0,50,0,0,0,0,0,0,22,28,0,50,0,0,0,50
12/11/2018,HIO,OR,ANM,WE,Towers with Radar,0,19,26,0,45,0,0,13,0,13,0,19,39,0,58,71,0,71,129
12/12/2018,HIO,OR,ANM,WE,Towers with Radar,0,21,63,0,84,0,0,52,0,52,0,21,115,0,136,65,0,65,201
12/13/2018,HIO,OR,ANM,WE,Towers with Radar,0,19,25,0,44,0,0,259,0,259,0,19,284,0,303,423,0,423,726
12/14/2018,HIO,OR,ANM,WE,Towers with Radar,0,20,26,0,46,0,0,64,0,64,0,20,90,0,110,243,0,243,353
12/15/2018,HIO,OR,ANM,WE,Towers with Radar,0,3,19,0,22,0,0,205,0,205,0,3,224,0,227,366,0,366,593
12/16/2018,HIO,OR,ANM,WE,Towers with Radar,0,3,21,0,24,0,0,28,0,28,0,3,49,0,52,106,0,106,158
12/17/2018,HIO,OR,ANM,WE,Towers with Radar,0,21,34,0,55,0,0,94,0,94,0,21,128,0,149,99,0,99,248
12/18/2018,HIO,OR,ANM,WE,Towers with Radar,0,15,20,0,35,0,0,13,2,15,0,15,33,2,50,28,0,28,78
12/19/2018,HIO,OR,ANM,WE,Towers with Radar,0,22,62,0,84,0,3,99,1,103,0,25,161,1,187,246,0,246,433
12/20/2018,HIO,OR,ANM,WE,Towers with Radar,0,18,28,0,46,0,0,10,0,10,0,18,38,0,56,49,0,49,105
12/21/2018,HIO,OR,ANM,WE,Towers with Radar,0,16,28,0,44,0,0,96,0,96,0,16,124,0,140,200,0,200,340
12/22/2018,HIO,OR,ANM,WE,Towers with Radar,0,2,11,0,13,0,0,37,0,37,0,2,48,0,50,98,0,98,148
12/23/2018,HIO,OR,ANM,WE,Towers with Radar,0,7,13,0,20,0,0,27,0,27,0,7,40,0,47,139,0,139,186
12/24/2018,HIO,OR,ANM,WE,Towers with Radar,0,4,7,0,11,0,0,61,0,61,0,4,68,0,72,111,0,111,183
12/25/2018,HIO,OR,ANM,WE,Towers with Radar,0,0,3,0,3,0,0,7,0,7,0,0,10,0,10,0,0,0,10
12/26/2018,HIO,OR,ANM,WE,Towers with Radar,0,8,23,0,31,0,0,1,0,1,0,8,24,0,32,0,0,0,32
12/27/2018,HIO,OR,ANM,WE,Towers with Radar,0,9,37,1,47,0,0,27,0,27,0,9,64,1,74,85,0,85,159
12/28/2018,HIO,OR,ANM,WE,Towers with Radar,0,5,23,0,28,0,0,1,0,1,0,5,24,0,29,48,0,48,77
12/29/2018,HIO,OR,ANM,WE,Towers with Radar,0,7,22,0,29,0,0,0,0,0,0,7,22,0,29,0,0,0,29
12/30/2018,HIO,OR,ANM,WE,Towers with Radar,0,5,16,0,21,0,0,151,0,151,0,5,167,0,172,320,0,320,492
12/31/2018,HIO,OR,ANM,WE,Towers with Radar,0,4,21,0,25,0,0,237,0,237,0,4,258,0,262,307,0,307,569
01/01/2019,HIO,OR,ANM,WE,Towers with Radar,0,5,13,0,18,0,0,131,0,131,0,5,144,0,149,288,0,288,437
01/02/2019,HIO,OR,ANM,WE,Towers with Radar,0,4,19,0,23,0,0,103,0,103,0,4,122,0,126,301,0,301,427
01/03/2019,HIO,OR,ANM,WE,Towers with Radar,0,6,30,0,36,0,0,30,0,30,0,6,60,0,66,251,0,251,317
01/04/2019,HIO,OR,ANM,WE,Towers with Radar,0,4,64,0,68,0,0,31,0,31,0,4,95,0,99,209,0,209,308
01/05/2019,HIO,OR,ANM,WE,Towers with Radar,0,0,29,0,29,0,0,122,0,122,0,0,151,0,151,359,0,359,510
01/06/2019,HIO,OR,ANM,WE,Towers with Radar,0,4,19,0,23,0,0,4,0,4,0,4,23,0,27,30,0,30,57
01/07/2019,HIO,OR,ANM,WE,Towers with Radar,0,18,37,0,55,0,0,53,0,53,0,18,90,0,108,238,0,238,346
01/08/2019,HIO,OR,ANM,WE,Towers with Radar,0,21,25,0,46,0,0,23,0,23,0,21,48,0,69,6,0,6,75
01/09/2019,HIO,OR,ANM,WE,Towers with Radar,0,23,41,0,64,0,0,82,0,82,0,23,123,0,146,280,0,280,426
01/10/2019,HIO,OR,ANM,WE,Towers with Radar,0,19,55,0,74,0,0,178,0,178,0,19,233,0,252,372,0,372,624
01/11/2019,HIO,OR,ANM,WE,Towers with Radar,0,22,31,0,53,0,0,175,0,175,0,22,206,0,228,220,0,220,448
01/12/2019,HIO,OR,ANM,WE,Towers with Radar,0,1,33,0,34,0,1,228,0,229,0,2,261,0,263,366,0,366,629
01/13/2019,HIO,OR,ANM,WE,Towers with Radar,0,3,26,0,29,0,0,309,0,309,0,3,335,0,338,233,0,233,571
01/14/2019,HIO,OR,ANM,WE,Towers with Radar,0,18,26,0,44,0,0,169,0,169,0,18,195,0,213,58,0,58,271
01/15/2019,HIO,OR,ANM,WE,Towers with Radar,0,20,62,0,82,0,0,233,0,233,0,20,295,0,315,457,0,457,772
01/16/2019,HIO,OR,ANM,WE,Towers with Radar,0,19,60,0,79,0,0,98,0,98,0,19,158,0,177,407,0,407,584
01/17/2019,HIO,OR,ANM,WE,Towers with Radar,0,18,25,0,43,0,0,32,0,32,0,18,57,0,75,127,0,127,202
01/18/2019,HIO,OR,ANM,WE,Towers with Radar,0,7,35,0,42,0,0,76,0,76,0,7,111,0,118,381,0,381,499
01/19/2019,HIO,OR,ANM,WE,Towers with Radar,0,6,28,0,34,0,0,177,0,177,0,6,205,0,211,469,0,469,680
01/20/2019,HIO,OR,ANM,WE,Towers with Radar,0,0,9,0,9,0,0,12,0,12,0,0,21,0,21,86,0,86,107
01/21/2019,HIO,OR,ANM,WE,Towers with Radar,0,7,42,0,49,0,1,53,0,54,0,8,95,0,103,214,0,214,317
01/22/2019,HIO,OR,ANM,WE,Towers with Radar,0,18,31,2,51,0,0,19,0,19,0,18,50,2,70,131,0,131,201
01/23/2019,HIO,OR,ANM,WE,Towers with Radar,0,17,70,0,87,0,0,82,0,82,0,17,152,0,169,251,0,251,420
01/24/2019,HIO,OR,ANM,WE,Towers with Radar,0,18,52,0,70,0,0,171,1,172,0,18,223,1,242,701,0,701,943
01/25/2019,HIO,OR,ANM,WE,Towers with Radar,0,19,48,0,67,0,0,198,0,198,0,19,246,0,265,507,0,507,772
01/26/2019,HIO,OR,ANM,WE,Towers with Radar,0,1,33,1,35,0,0,72,0,72,0,1,105,1,107,148,0,148,255
01/27/2019,HIO,OR,ANM,WE,Towers with Radar,0,5,26,0,31,0,0,0,0,0,0,5,26,0,31,0,0,0,31
01/28/2019,HIO,OR,ANM,WE,Towers with Radar,0,20,21,0,41,0,0,179,0,179,0,20,200,0,220,103,0,103,323
01/29/2019,HIO,OR,ANM,WE,Towers with Radar,0,20,27,0,47,0,1,270,0,271,0,21,297,0,318,257,0,257,575
01/30/2019,HIO,OR,ANM,WE,Towers with Radar,0,17,42,0,59,0,1,306,0,307,0,18,348,0,366,398,0,398,764
01/31/2019,HIO,OR,ANM,WE,Towers with Radar,0,22,46,0,68,0,0,264,0,264,0,22,310,0,332,312,0,312,644
02/01/2019,HIO,OR,ANM,WE,Towers with Radar,0,20,38,0,58,0,0,6,0,6,0,20,44,0,64,54,0,54,118
02/02/2019,HIO,OR,ANM,WE,Towers with Radar,0,6,45,0,51,0,0,32,0,32,0,6,77,0,83,24,0,24,107
02/03/2019,HIO,OR,ANM,WE,Towers with Radar,0,6,14,0,20,0,0,62,0,62,0,6,76,0,82,151,0,151,233
02/04/2019,HIO,OR,ANM,WE,Towers with Radar,0,23,30,0,53,0,0,5,0,5,0,23,35,0,58,39,0,39,97
02/05/2019,HIO,OR,ANM,WE,Towers with Radar,0,19,26,0,45,0,0,124,0,124,0,19,150,0,169,354,0,354,523
02/06/2019,HIO,OR,ANM,WE,Towers with Radar,0,19,28,0,47,0,1,232,0,233,0,20,260,0,280,428,0,428,708
02/07/2019,HIO,OR,ANM,WE,Towers with Radar,0,17,35,0,52,0,1,230,0,231,0,18,265,0,283,396,0,396,679
02/08/2019,HIO,OR,ANM,WE,Towers with Radar,0,15,27,0,42,0,0,162,0,162,0,15,189,0,204,457,0,457,661
02/09/2019,HIO,OR,ANM,WE,Towers with Radar,0,4,10,0,14,0,0,6,0,6,0,4,16,0,20,10,0,10,30
02/10/2019,HIO,OR,ANM,WE,Towers with Radar,0,2,9,0,11,0,0,136,0,136,0,2,145,0,147,295,0,295,442
02/11/2019,HIO,OR,ANM,WE,Towers with Radar,0,18,22,0,40,0,0,0,0,0,0,18,22,0,40,0,0,0,40
02/12/2019,HIO,OR,ANM,WE,Towers with Radar,0,18,16,0,34,0,0,17,0,17,0,18,33,0,51,58,0,58,109
02/13/2019,HIO,OR,ANM,WE,Towers with Radar,0,21,22,0,43,0,0,24,0,24,0,21,46,0,67,218,0,218,285
02/14/2019,HIO,OR,ANM,WE,Towers with Radar,0,22,27,0,49,0,0,15,0,15,0,22,42,0,64,11,0,11,75
02/15/2019,HIO,OR,ANM,WE,Towers with Radar,0,8,34,0,42,0,0,28,0,28,0,8,62,0,70,129,0,129,199
02/16/2019,HIO,OR,ANM,WE,Towers with Radar,0,4,21,0,25,0,0,6,0,6,0,4,27,0,31,32,0,32,63
02/17/2019,HIO,OR,ANM,WE,Towers with Radar,0,3,27,0,30,0,0,101,0,101,0,3,128,0,131,365,0,365,496
02/18/2019,HIO,OR,ANM,WE,Towers with Radar,0,7,30,0,37,0,0,47,0,47,0,7,77,0,84,143,0,143,227
02/19/2019,HIO,OR,ANM,WE,Towers with Radar,0,18,31,0,49,0,0,26,0,26,0,18,57,0,75,212,0,212,287
02/20/2019,HIO,OR,ANM,WE,Towers with Radar,0,18,38,0,56,0,0,43,0,43,0,18,81,0,99,190,0,190,289
02/21/2019,HIO,OR,ANM,WE,Towers with Radar,0,17,40,0,57,0,0,353,0,353,0,17,393,0,410,353,0,353,763
02/22/2019,HIO,OR,ANM,WE,Towers with Radar,0,18,37,0,55,0,0,87,0,87,0,18,124,0,142,161,0,161,303
02/23/2019,HIO,OR,ANM,WE,Towers with Radar,0,4,16,0,20,0,0,16,0,16,0,4,32,0,36,56,0,56,92
02/24/2019,HIO,OR,ANM,WE,Towers with Radar,0,5,15,0,20,0,0,2,0,2,0,5,17,0,22,25,0,25,47
02/25/2019,HIO,OR,ANM,WE,Towers with Radar,0,20,9,0,29,0,0,12,0,12,0,20,21,0,41,16,0,16,57
02/26/2019,HIO,OR,ANM,WE,Towers with Radar,0,18,27,0,45,0,2,80,0,82,0,20,107,0,127,97,0,97,224
02/27/2019,HIO,OR,ANM,WE,Towers with Radar,0,19,18,0,37,0,0,12,0,12,0,19,30,0,49,82,0,82,131
02/28/2019,HIO,OR,ANM,WE,Towers with Radar,0,17,24,0,41,0,1,153,3,157,0,18,177,3,198,441,0,441,639
03/01/2019,HIO,OR,ANM,WE,Towers with Radar,0,20,27,1,48,0,0,265,2,267,0,20,292,3,315,600,0,600,915
03/02/2019,HIO,OR,ANM,WE,Towers with Radar,0,3,26,0,29,0,0,301,0,301,0,3,327,0,330,253,0,253,583
03/03/2019,HIO,OR,ANM,WE,Towers with Radar,0,0,17,0,17,0,0,65,0,65,0,0,82,0,82,42,0,42,124
03/04/2019,HIO,OR,ANM,WE,Towers with Radar,0,20,25,0,45,0,0,214,0,214,0,20,239,0,259,166,0,166,425
03/05/2019,HIO,OR,ANM,WE,Towers with Radar,0,19,43,0,62,0,1,310,27,338,0,20,353,27,400,622,0,622,1022
03/06/2019,HIO,OR,ANM,WE,Towers with Radar,0,20,30,0,50,0,0,2,0,2,0,20,32,0,52,15,0,15,67
03/07/2019,HIO,OR,ANM,WE,Towers with Radar,0,14,20,0,34,0,0,34,0,34,0,14,54,0,68,203,0,203,271
03/08/2019,HIO,OR,ANM,WE,Towers with Radar,0,22,42,0,64,0,0,0,0,0,0,22,42,0,64,52,0,52,116
03/09/2019,HIO,OR,ANM,WE,Towers with Radar,0,3,23,0,26,0,0,201,0,201,0,3,224,0,227,553,0,553,780
03/10/2019,HIO,OR,ANM,WE,Towers with Radar,0,7,28,0,35,0,0,330,0,330,0,7,358,0,365,227,0,227,592
03/11/2019,HIO,OR,ANM,WE,Towers with Radar,0,20,33,2,55,0,0,295,0,295,0,20,328,2,350,491,0,491,841
03/12/2019,HIO,OR,ANM,WE,Towers with Radar,0,16,17,0,33,0,0,25,0,25,0,16,42,0,58,71,0,71,129
03/13/2019,HIO,OR,ANM,WE,Towers with Radar,0,15,51,0,66,0,0,191,0,191,0,15,242,0,257,550,0,550,807
03/14/2019,HIO,OR,ANM,WE,Towers with Radar,0,21,47,0,68,0,0,311,0,311,0,21,358,0,379,627,0,627,1006
03/15/2019,HIO,OR,ANM,WE,Towers with Radar,0,16,22,0,38,0,0,285,0,285,0,16,307,0,323,479,0,479,802
03/16/2019,HIO,OR,ANM,WE,Towers with Radar,0,3,16,0,19,0,0,277,0,277,0,3,293,0,296,461,0,461,757
03/17/2019,HIO,OR,ANM,WE,Towers with Radar,0,9,39,0,48,0,0,221,0,221,0,9,260,0,269,228,0,228,497
03/18/2019,HIO,OR,ANM,WE,Towers with Radar,0,19,23,0,42,0,0,66,1,67,0,19,89,1,109,22,0,22,131
03/19/2019,HIO,OR,ANM,WE,Towers with Radar,0,19,25,0,44,0,0,116,0,116,0,19,141,0,160,59,0,59,219
03/20/2019,HIO,OR,ANM,WE,Towers with Radar,0,16,41,0,57,0,0,203,0,203,0,16,244,0,260,143,0,143,403
03/21/2019,HIO,OR,ANM,WE,Towers with Radar,0,21,72,0,93,0,0,151,0,151,0,21,223,0,244,577,0,577,821
03/22/2019,HIO,OR,ANM,WE,Towers with Radar,0,21,70,2,93,0,0,14,0,14,0,21,84,2,107,11,0,11,118
03/23/2019,HIO,OR,ANM,WE,Towers with Radar,0,5,32,0,37,0,0,81,0,81,0,5,113,0,118,333,0,333,451
03/24/2019,HIO,OR,ANM,WE,Towers with Radar,0,4,45,0,49,0,0,189,0,189,0,4,234,0,238,285,0,285,523
03/25/2019,HIO,OR,ANM,WE,Towers with Radar,0,24,38,0,62,0,0,65,0,65,0,24,103,0,127,405,0,405,532
03/26/2019,HIO,OR,ANM,WE,Towers with Radar,0,21,38,0,59,0,0,321,0,321,0,21,359,0,380,581,0,581,961
03/27/2019,HIO,OR,ANM,WE,Towers with Radar,0,19,28,0,47,0,0,115,0,115,0,19,143,0,162,208,0,208,370
03/28/2019,HIO,OR,ANM,WE,Towers with Radar,0,18,20,0,38,0,0,146,0,146,0,18,166,0,184,466,0,466,650
03/29/2019,HIO,OR,ANM,WE,Towers with Radar,0,15,36,0,51,0,0,115,0,115,0,15,151,0,166,169,0,169,335
03/30/2019,HIO,OR,ANM,WE,Towers with Radar,0,6,25,0,31,0,0,319,0,319,0,6,344,0,350,356,0,356,706
03/31/2019,HIO,OR,ANM,WE,Towers with Radar,0,11,34,0,45,0,0,276,0,276,0,11,310,0,321,307,0,307,628
04/01/2019,HIO,OR,ANM,WE,Towers with Radar,0,20,43,1,64,0,0,234,0,234,0,20,277,1,298,248,0,248,546
04/02/2019,HIO,OR,ANM,WE,Towers with Radar,0,19,74,0,93,0,0,32,0,32,0,19,106,0,125,179,0,179,304
04/03/2019,HIO,OR,ANM,WE,Towers with Radar,0,14,72,0,86,0,2,137,0,139,0,16,209,0,225,350,0,350,575
04/04/2019,HIO,OR,ANM,WE,Towers with Radar,0,22,62,0,84,0,2,251,0,253,0,24,313,0,337,464,0,464,801
04/05/2019,HIO,OR,ANM,WE,Towers with Radar,0,20,27,0,47,0,0,6,0,6,0,20,33,0,53,44,0,44,97
04/06/2019,HIO,OR,ANM,WE,Towers with Radar,0,7,27,0,34,0,0,15,0,15,0,7,42,0,49,47,0,47,96
04/07/2019,HIO,OR,ANM,WE,Towers with Radar,0,2,49,0,51,0,0,27,0,27,0,2,76,0,78,107,0,107,185
04/08/2019,HIO,OR,ANM,WE,Towers with Radar,0,23,52,0,75,0,0,10,0,10,0,23,62,0,85,107,0,107,192
04/09/2019,HIO,OR,ANM,WE,Towers with Radar,0,18,46,0,64,0,0,149,0,149,0,18,195,0,213,378,0,378,591
04/10/2019,HIO,OR,ANM,WE,Towers with Radar,0,17,39,5,61,0,0,32,0,32,0,17,71,5,93,157,0,157,250
04/11/2019,HIO,OR,ANM,WE,Towers with Radar,0,19,40,0,59,0,0,56,0,56,0,19,96,0,115,209,0,209,324
04/12/2019,HIO,OR,ANM,WE,Towers with Radar,0,19,67,0,86,0,1,203,0,204,0,20,270,0,290,449,0,449,739
04/13/2019,HIO,OR,ANM,WE,Towers with Radar,0,8,49,0,57,0,0,16,0,16,0,8,65,0,73,105,0,105,178
04/14/2019,HIO,OR,ANM,WE,Towers with Radar,0,6,30,0,36,0,0,131,0,131,0,6,161,0,167,305,0,305,472
04/15/2019,HIO,OR,ANM,WE,Towers with Radar,0,18,38,1,57,0,0,130,0,130,0,18,168,1,187,367,0,367,554
04/16/2019,HIO,OR,ANM,WE,Towers with Radar,0,16,44,2,62,0,0,107,0,107,0,16,151,2,169,188,0,188,357
04/17/2019,HIO,OR,ANM,WE,Towers with Radar,0,21,76,0,97,0,0,273,0,273,0,21,349,0,370,515,0,515,885
04/18/2019,HIO,OR,ANM,WE,Towers with Radar,0,16,56,0,72,0,0,417,0,417,0,16,473,0,489,467,0,467,956
04/19/2019,HIO,OR,ANM,WE,Towers with Radar,0,20,77,2,99,0,0,59,0,59,0,20,136,2,158,171,0,171,329
04/20/2019,HIO,OR,ANM,WE,Towers with Radar,0,3,73,0,76,0,0,221,0,221,0,3,294,0,297,474,0,474,771
04/21/2019,HIO,OR,ANM,WE,Towers with Radar,0,4,29,0,33,0,0,209,0,209,0,4,238,0,242,385,0,385,627
04/22/2019,HIO,OR,ANM,WE,Towers with Radar,0,23,45,0,68,0,0,292,0,292,0,23,337,0,360,463,0,463,823
04/23/2019,HIO,OR,ANM,WE,Towers with Radar,0,19,64,0,83,0,0,183,0,183,0,19,247,0,266,487,0,487,753
04/24/2019,HIO,OR,ANM,WE,Towers with Radar,0,22,36,0,58,0,0,373,0,373,0,22,409,0,431,413,0,413,844
04/25/2019,HIO,OR,ANM,WE,Towers with Radar,0,14,33,0,47,0,1,371,2,374,0,15,404,2,421,504,0,504,925
04/26/2019,HIO,OR,ANM,WE,Towers with Radar,0,16,24,0,40,0,0,282,0,282,0,16,306,0,322,453,0,453,775
04/27/2019,HIO,OR,ANM,WE,Towers with Radar,0,5,23,0,28,0,0,81,0,81,0,5,104,0,109,123,0,123,232
04/28/2019,HIO,OR,ANM,WE,Towers with Radar,0,2,31,0,33,0,0,328,0,328,0,2,359,0,361,333,0,333,694
04/29/2019,HIO,OR,ANM,WE,Towers with Radar,0,14,27,2,43,0,1,298,0,299,0,15,325,2,342,326,0,326,668
04/30/2019,HIO,OR,ANM,WE,Towers with Radar,0,22,28,0,50,0,1,266,0,267,0,23,294,0,317,525,0,525,842
05/01/2019,HIO,OR,ANM,WE,Towers with Radar,0,19,29,1,49,0,0,309,0,309,0,19,338,1,358,542,0,542,900
05/02/2019,HIO,OR,ANM,WE,Towers with Radar,0,21,38,0,59,0,0,297,0,297,0,21,335,0,356,577,0,577,933
05/03/2019,HIO,OR,ANM,WE,Towers with Radar,0,23,36,0,59,0,2,301,0,303,0,25,337,0,362,441,0,441,803
05/04/2019,HIO,OR,ANM,WE,Towers with Radar,0,4,31,0,35,0,0,258,0,258,0,4,289,0,293,336,0,336,629
05/05/2019,HIO,OR,ANM,WE,Towers with Radar,0,7,30,0,37,0,0,260,3,263,0,7,290,3,300,280,0,280,580
05/06/2019,HIO,OR,ANM,WE,Towers with Radar,0,22,50,0,72,0,0,287,0,287,0,22,337,0,359,518,0,518,877
05/07/2019,HIO,OR,ANM,WE,Towers with Radar,0,16,34,0,50,0,0,261,0,261,0,16,295,0,311,393,0,393,704
05/08/2019,HIO,OR,ANM,WE,Towers with Radar,0,21,44,1,66,0,0,294,0,294,0,21,338,1,360,525,0,525,885
05/09/2019,HIO,OR,ANM,WE,Towers with Radar,0,21,17,0,38,0,1,244,0,245,0,22,261,0,283,194,0,194,477
05/10/2019,HIO,OR,ANM,WE,Towers with Radar,0,16,22,0,38,0,0,375,0,375,0,16,397,0,413,421,0,421,834
05/11/2019,HIO,OR,ANM,WE,Towers with Radar,0,0,20,0,20,0,0,323,0,323,0,0,343,0,343,405,0,405,748
05/12/2019,HIO,OR,ANM,WE,Towers with Radar,0,0,37,0,37,0,0,182,0,182,0,0,219,0,219,299,0,299,518
05/13/2019,HIO,OR,ANM,WE,Towers with Radar,0,20,63,0,83,0,1,187,0,188,0,21,250,0,271,437,0,437,708
05/14/2019,HIO,OR,ANM,WE,Towers with Radar,0,18,88,1,107,0,0,25,0,25,0,18,113,1,132,215,0,215,347
05/15/2019,HIO,OR,ANM,WE,Towers with Radar,0,17,63,0,80,0,0,112,0,112,0,17,175,0,192,383,0,383,575
05/16/2019,HIO,OR,ANM,WE,Towers with Radar,0,17,79,0,96,0,0,58,4,62,0,17,137,4,158,308,0,308,466
05/17/2019,HIO,OR,ANM,WE,Towers with Radar,0,18,68,0,86,0,0,159,0,159,0,18,227,0,245,332,0,332,577
05/18/2019,HIO,OR,ANM,WE,Towers with Radar,0,6,38,0,44,0,0,117,0,117,0,6,155,0,161,290,0,290,451
05/19/2019,HIO,OR,ANM,WE,Towers with Radar,0,3,50,0,53,0,0,54,0,54,0,3,104,0,107,109,0,109,216
05/20/2019,HIO,OR,ANM,WE,Towers with Radar,0,21,40,0,61,0,0,120,0,120,0,21,160,0,181,263,0,263,444
05/21/2019,HIO,OR,ANM,WE,Towers with Radar,0,22,56,0,78,0,0,162,0,162,0,22,218,0,240,447,0,447,687
05/22/2019,HIO,OR,ANM,WE,Towers with Radar,0,22,42,0,64,0,0,294,0,294,0,22,336,0,358,593,0,593,951
05/23/2019,HIO,OR,ANM,WE,Towers with Radar,0,22,59,0,81,0,1,232,0,233,0,23,291,0,314,297,0,297,611
05/24/2019,HIO,OR,ANM,WE,Towers with Radar,0,8,73,0,81,0,0,40,0,40,0,8,113,0,121,146,0,146,267
05/25/2019,HIO,OR,ANM,WE,Towers with Radar,0,3,56,0,59,0,0,9,0,9,0,3,65,0,68,53,0,53,121
05/26/2019,HIO,OR,ANM,WE,Towers with Radar,0,4,54,0,58,0,0,144,0,144,0,4,198,0,202,393,0,393,595
05/27/2019,HIO,OR,ANM,WE,Towers with Radar,0,2,72,0,74,0,0,122,0,122,0,2,194,0,196,230,0,230,426
05/28/2019,HIO,OR,ANM,WE,Towers with Radar,0,15,73,1,89,0,0,122,0,122,0,15,195,1,211,389,0,389,600
05/29/2019,HIO,OR,ANM,WE,Towers with Radar,0,16,52,0,68,0,0,196,0,196,0,16,248,0,264,409,0,409,673
05/30/2019,HIO,OR,ANM,WE,Towers with Radar,0,20,34,0,54,0,0,283,0,283,0,20,317,0,337,514,0,514,851
05/31/2019,HIO,OR,ANM,WE,Towers with Radar,0,19,54,0,73,0,0,238,0,238,0,19,292,0,311,386,0,386,697
06/01/2019,HIO,OR,ANM,WE,Towers with Radar,0,3,29,0,32,0,0,269,0,269,0,3,298,0,301,485,0,485,786
06/02/2019,HIO,OR,ANM,WE,Towers with Radar,0,6,26,0,32,0,0,262,0,262,0,6,288,0,294,394,0,394,688
06/03/2019,HIO,OR,ANM,WE,Towers with Radar,0,4,19,0,23,0,0,302,0,302,0,4,321,0,325,69,0,69,394
06/04/2019,HIO,OR,ANM,WE,Towers with Radar,0,2,28,0,30,0,0,237,0,237,0,2,265,0,267,65,0,65,332
06/05/2019,HIO,OR,ANM,WE,Towers with Radar,0,3,59,0,62,0,0,146,1,147,0,3,205,1,209,198,0,198,407
06/06/2019,HIO,OR,ANM,WE,Towers with Radar,0,4,38,0,42,0,5,164,0,169,0,9,202,0,211,99,0,99,310
06/07/2019,HIO,OR,ANM,WE,Towers with Radar,0,2,26,0,28,0,0,56,0,56,0,2,82,0,84,16,0,16,100
06/08/2019,HIO,OR,ANM,WE,Towers with Radar,0,5,25,0,30,0,0,236,0,236,0,5,261,0,266,133,0,133,399
06/09/2019,HIO,OR,ANM,WE,Towers with Radar,0,2,22,0,24,0,0,237,0,237,0,2,259,0,261,85,0,85,346
06/10/2019,HIO,OR,ANM,WE,Towers with Radar,0,4,26,1,31,0,0,263,0,263,0,4,289,1,294,100,0,100,394
06/11/2019,HIO,OR,ANM,WE,Towers with Radar,0,0,16,0,16,0,4,251,0,255,0,4,267,0,271,89,0,89,360
06/12/2019,HIO,OR,ANM,WE,Towers with Radar,0,3,27,0,30,0,2,351,0,353,0,5,378,0,383,75,0,75,458
06/13/2019,HIO,OR,ANM,WE,Towers with Radar,0,2,20,0,22,0,2,278,0,280,0,4,298,0,302,104,0,104,406
06/14/2019,HIO,OR,ANM,WE,Towers with Radar,0,3,35,0,38,0,1,213,0,214,0,4,248,0,252,86,0,86,338
06/15/2019,HIO,OR,ANM,WE,Towers with Radar,0,0,30,0,30,0,0,220,0,220,0,0,250,0,250,226,0,226,476
06/16/2019,HIO,OR,ANM,WE,Towers with Radar,0,1,17,0,18,0,1,173,0,174,0,2,190,0,192,97,0,97,289
06/17/2019,HIO,OR,ANM,WE,Towers with Radar,0,2,30,0,32,0,0,247,0,247,0,2,277,0,279,182,0,182,461
06/18/2019,HIO,OR,ANM,WE,Towers with Radar,0,6,30,0,36,0,0,261,0,261,0,6,291,0,297,100,0,100,397
06/19/2019,HIO,OR,ANM,WE,Towers with Radar,0,5,30,0,35,0,1,195,2,198,0,6,225,2,233,125,0,125,358
06/20/2019,HIO,OR,ANM,WE,Towers with Radar,0,12,41,0,53,0,0,197,0,197,0,12,238,0,250,214,0,214,464
06/21/2019,HIO,OR,ANM,WE,Towers with Radar,0,6,44,0,50,0,0,261,0,261,0,6,305,0,311,93,0,93,404
06/22/2019,HIO,OR,ANM,WE,Towers with Radar,0,2,29,0,31,0,0,158,0,158,0,2,187,0,189,216,0,216,405
06/23/2019,HIO,OR,ANM,WE,Towers with Radar,0,5,49,0,54,0,0,151,0,151,0,5,200,0,205,164,0,164,369
06/24/2019,HIO,OR,ANM,WE,Towers with Radar,0,5,24,0,29,0,0,298,0,298,0,5,322,0,327,198,0,198,525
06/25/2019,HIO,OR,ANM,WE,Towers with Radar,0,7,38,0,45,0,0,193,1,194,0,7,231,1,239,218,0,218,457
06/26/2019,HIO,OR,ANM,WE,Towers with Radar,0,3,22,0,25,0,1,164,0,165,0,4,186,0,190,158,0,158,348
06/27/2019,HIO,OR,ANM,WE,Towers with Radar,0,6,23,0,29,0,0,31,0,31,0,6,54,0,60,68,0,68,128
06/28/2019,HIO,OR,ANM,WE,Towers with Radar,0,4,48,0,52,0,0,171,0,171,0,4,219,0,223,110,0,110,333
06/29/2019,HIO,OR,ANM,WE,Towers with Radar,0,1,22,0,23,0,1,270,0,271,0,2,292,0,294,185,0,185,479
06/30/2019,HIO,OR,ANM,WE,Towers with Radar,0,3,20,0,23,0,0,327,0,327,0,3,347,0,350,160,0,160,510
07/01/2019,HIO,OR,ANM,WE,Towers with Radar,0,3,56,3,62,0,0,187,0,187,0,3,243,3,249,121,0,121,370
07/02/2019,HIO,OR,ANM,WE,Towers with Radar,0,4,53,0,57,0,0,123,0,123,0,4,176,0,180,285,0,285,465
07/03/2019,HIO,OR,ANM,WE,Towers with Radar,0,2,45,0,47,0,0,240,0,240,0,2,285,0,287,299,0,299,586
07/04/2019,HIO,OR,ANM,WE,Towers with Radar,0,2,15,0,17,0,0,214,0,214,0,2,229,0,231,93,0,93,324
07/05/2019,HIO,OR,ANM,WE,Towers with Radar,0,4,44,0,48,0,0,112,0,112,0,4,156,0,160,197,0,197,357
07/06/2019,HIO,OR,ANM,WE,Towers with Radar,0,1,64,0,65,0,0,97,0,97,0,1,161,0,162,215,0,215,377
07/07/2019,HIO,OR,ANM,WE,Towers with Radar,0,1,59,0,60,0,0,206,0,206,0,1,265,0,266,156,0,156,422
07/08/2019,HIO,OR,ANM,WE,Towers with Radar,0,10,39,0,49,0,0,251,2,253,0,10,290,2,302,244,8,252,554
07/09/2019,HIO,OR,ANM,WE,Towers with Radar,0,3,48,0,51,0,0,169,0,169,0,3,217,0,220,121,0,121,341
07/10/2019,HIO,OR,ANM,WE,Towers with Radar,0,2,66,2,70,0,2,32,0,34,0,4,98,2,104,110,0,110,214
07/11/2019,HIO,OR,ANM,WE,Towers with Radar,0,4,41,0,45,0,0,218,0,218,0,4,259,0,263,181,0,181,444
07/12/2019,HIO,OR,ANM,WE,Towers with Radar,0,4,33,0,37,0,0,303,0,303,0,4,336,0,340,164,0,164,504
07/13/2019,HIO,OR,ANM,WE,Towers with Radar,0,1,21,0,22,0,0,235,0,235,0,1,256,0,257,153,0,153,410
07/14/2019,HIO,OR,ANM,WE,Towers with Radar,0,1,25,0,26,0,2,274,0,276,0,3,299,0,302,132,0,132,434
07/15/2019,HIO,OR,ANM,WE,Towers with Radar,0,2,67,0,69,0,0,55,0,55,0,2,122,0,124,61,0,61,185
07/16/2019,HIO,OR,ANM,WE,Towers with Radar,0,6,50,2,58,0,2,164,0,166,0,8,214,2,224,87,0,87,311
07/17/2019,HIO,OR,ANM,WE,Towers with Radar,0,3,45,1,49,0,1,91,0,92,0,4,136,1,141,84,0,84,225
07/18/2019,HIO,OR,ANM,WE,Towers with Radar,0,5,27,0,32,0,0,253,0,253,0,5,280,0,285,74,0,74,359
07/19/2019,HIO,OR,ANM,WE,Towers with Radar,0,1,35,0,36,0,2,284,0,286,0,3,319,0,322,116,0,116,438
07/20/2019,HIO,OR,ANM,WE,Towers with Radar,0,0,24,0,24,0,0,251,0,251,0,0,275,0,275,137,0,137,412
07/21/2019,HIO,OR,ANM,WE,Towers with Radar,0,1,15,0,16,0,0,266,1,267,0,1,281,1,283,112,0,112,395
07/22/2019,HIO,OR,ANM,WE,Towers with Radar,0,6,25,0,31,0,2,307,0,309,0,8,332,0,340,109,0,109,449
07/23/2019,HIO,OR,ANM,WE,Towers with Radar,0,3,40,0,43,0,0,202,0,202,0,3,242,0,245,102,0,102,347
07/24/2019,HIO,OR,ANM,WE,Towers with Radar,0,11,19,0,30,0,0,305,0,305,0,11,324,0,335,98,0,98,433
07/25/2019,HIO,OR,ANM,WE,Towers with Radar,0,6,27,0,33,0,0,289,0,289,0,6,316,0,322,89,0,89,411
07/26/2019,HIO,OR,ANM,WE,Towers with Radar,0,5,37,0,42,0,0,269,0,269,0,5,306,0,311,209,0,209,520
07/27/2019,HIO,OR,ANM,WE,Towers with Radar,0,0,38,0,38,0,0,159,0,159,0,0,197,0,197,105,0,105,302
07/28/2019,HIO,OR,ANM,WE,Towers with Radar,0,2,20,0,22,0,0,276,0,276,0,2,296,0,298,137,0,137,435
07/29/2019,HIO,OR,ANM,WE,Towers with Radar,0,4,12,0,16,0,0,314,0,314,0,4,326,0,330,185,0,185,515
07/30/2019,HIO,OR,ANM,WE,Towers with Radar,0,4,58,0,62,0,0,217,1,218,0,4,275,1,280,171,0,171,451
07/31/2019,HIO,OR,ANM,WE,Towers with Radar,0,2,24,0,26,0,0,424,0,424,0,2,448,0,450,114,0,114,564
08/01/2019,HIO,OR,ANM,WE,Towers with Radar,0,6,20,0,26,0,0,277,0,277,0,6,297,0,303,157,0,157,460
08/02/2019,HIO,OR,ANM,WE,Towers with Radar,0,4,61,0,65,0,0,59,0,59,0,4,120,0,124,189,0,189,313
08/03/2019,HIO,OR,ANM,WE,Towers with Radar,0,3,12,0,15,0,0,245,0,245,0,3,257,0,260,138,0,138,398
08/04/2019,HIO,OR,ANM,WE,Towers with Radar,0,1,19,0,20,0,0,218,0,218,0,1,237,0,238,122,0,122,360
08/05/2019,HIO,OR,ANM,WE,Towers with Radar,0,3,27,0,30,0,0,265,0,265,0,3,292,0,295,266,0,266,561
08/06/2019,HIO,OR,ANM,WE,Towers with Radar,0,6,30,1,37,0,0,277,3,280,0,6,307,4,317,126,0,126,443
08/07/2019,HIO,OR,ANM,WE,Towers with Radar,0,5,96,1,102,0,1,94,0,95,0,6,190,1,197,138,0,138,335
08/08/2019,HIO,OR,ANM,WE,Towers with Radar,0,3,72,0,75,0,0,21,0,21,0,3,93,0,96,92,0,92,188
08/09/2019,HIO,OR,ANM,WE,Towers with Radar,0,4,44,0,48,0,1,154,0,155,0,5,198,0,203,157,0,157,360
08/10/2019,HIO,OR,ANM,WE,Towers with Radar,0,2,25,0,27,0,1,30,0,31,0,3,55,0,58,123,0,123,181
08/11/2019,HIO,OR,ANM,WE,Towers with Radar,0,3,41,0,44,0,0,203,2,205,0,3,244,2,249,238,5,243,492
08/12/2019,HIO,OR,ANM,WE,Towers with Radar,0,4,26,0,30,0,2,294,0,296,0,6,320,0,326,231,0,231,557
08/13/2019,HIO,OR,ANM,WE,Towers with Radar,0,7,20,0,27,0,0,331,0,331,0,7,351,0,358,218,0,218,576
08/14/2019,HIO,OR,ANM,WE,Towers with Radar,0,5,26,0,31,0,0,336,0,336,0,5,362,0,367,180,0,180,547
08/15/2019,HIO,OR,ANM,WE,Towers with Radar,0,5,32,0,37,0,2,305,0,307,0,7,337,0,344,141,0,141,485
08/16/2019,HIO,OR,ANM,WE,Towers with Radar,0,5,37,0,42,0,0,212,0,212,0,5,249,0,254,224,0,224,478
08/17/2019,HIO,OR,ANM,WE,Towers with Radar,0,2,22,0,24,0,0,173,0,173,0,2,195,0,197,220,0,220,417
08/18/2019,HIO,OR,ANM,WE,Towers with Radar,0,1,34,0,35,0,0,192,0,192,0,1,226,0,227,182,0,182,409
08/19/2019,HIO,OR,ANM,WE,Towers with Radar,0,3,39,0,42,0,0,235,0,235,0,3,274,0,277,255,0,255,532
08/20/2019,HIO,OR,ANM,WE,Towers with Radar,0,9,40,0,49,0,0,316,0,316,0,9,356,0,365,170,0,170,535
08/21/2019,HIO,OR,ANM,WE,Towers with Radar,0,7,40,0,47,0,2,136,0,138,0,9,176,0,185,167,0,167,352
08/22/2019,HIO,OR,ANM,WE,Towers with Radar,0,3,20,0,23,0,1,287,0,288,0,4,307,0,311,233,0,233,544
08/23/2019,HIO,OR,ANM,WE,Towers with Radar,0,4,16,0,20,0,0,290,1,291,0,4,306,1,311,181,0,181,492
08/24/2019,HIO,OR,ANM,WE,Towers with Radar,0,1,17,0,18,0,0,210,0,210,0,1,227,0,228,111,0,111,339
08/25/2019,HIO,OR,ANM,WE,Towers with Radar,0,2,18,0,20,0,2,227,0,229,0,4,245,0,249,181,0,181,430
08/26/2019,HIO,OR,ANM,WE,Towers with Radar,0,5,25,0,30,0,0,267,0,267,0,5,292,0,297,276,0,276,573
08/27/2019,HIO,OR,ANM,WE,Towers with Radar,0,5,31,0,36,0,0,221,0,221,0,5,252,0,257,76,0,76,333
08/28/2019,HIO,OR,ANM,WE,Towers with Radar,0,5,25,0,30,0,0,279,0,279,0,5,304,0,309,207,0,207,516
08/29/2019,HIO,OR,ANM,WE,Towers with Radar,0,3,24,0,27,0,0,165,0,165,0,3,189,0,192,168,0,168,360
08/30/2019,HIO,OR,ANM,WE,Towers with Radar,0,3,53,0,56,0,0,169,1,170,0,3,222,1,226,252,0,252,478
08/31/2019,HIO,OR,ANM,WE,Towers with Radar,0,1,14,0,15,0,0,255,0,255,0,1,269,0,270,124,0,124,394
09/01/2019,HIO,OR,ANM,WE,Towers with Radar,0,1,10,0,11,0,0,210,0,210,0,1,220,0,221,143,0,143,364
09/02/2019,HIO,OR,ANM,WE,Towers with Radar,0,3,28,0,31,0,0,286,0,286,0,3,314,0,317,235,0,235,552
09/03/2019,HIO,OR,ANM,WE,Towers with Radar,0,2,30,0,32,0,5,262,0,267,0,7,292,0,299,223,0,223,522
09/04/2019,HIO,OR,ANM,WE,Towers with Radar,0,4,45,0,49,0,3,216,2,221,0,7,261,2,270,228,0,228,498
09/05/2019,HIO,OR,ANM,WE,Towers with Radar,0,7,22,0,29,0,0,223,0,223,0,7,245,0,252,204,0,204,456
09/06/2019,HIO,OR,ANM,WE,Towers with Radar,0,4,36,0,40,0,1,215,0,216,0,5,251,0,256,262,0,262,518
09/07/2019,HIO,OR,ANM,WE,Towers with Radar,0,2,51,0,53,0,0,17,0,17,0,2,68,0,70,44,0,44,114
09/08/2019,HIO,OR,ANM,WE,Towers with Radar,0,1,30,0,31,0,0,28,0,28,0,1,58,0,59,78,0,78,137
09/09/2019,HIO,OR,ANM,WE,Towers with Radar,0,2,50,0,52,0,1,14,0,15,0,3,64,0,67,36,0,36,103
09/10/2019,HIO,OR,ANM,WE,Towers with Radar,0,1,27,0,28,0,2,26,0,28,0,3,53,0,56,12,0,12,68
09/11/2019,HIO,OR,ANM,WE,Towers with Radar,0,5,40,1,46,0,0,168,0,168,0,5,208,1,214,80,0,80,294
09/12/2019,HIO,OR,ANM,WE,Towers with Radar,0,6,27,0,33,0,0,309,0,309,0,6,336,0,342,169,0,169,511
09/13/2019,HIO,OR,ANM,WE,Towers with Radar,0,3,48,0,51,0,0,181,0,181,0,3,229,0,232,151,0,151,383
09/14/2019,HIO,OR,ANM,WE,Towers with Radar,0,1,41,0,42,0,1,236,0,237,0,2,277,0,279,243,0,243,522
09/15/2019,HIO,OR,ANM,WE,Towers with Radar,0,0,41,0,41,0,0,0,0,0,0,0,41,0,41,0,0,0,41
09/16/2019,HIO,OR,ANM,WE,Towers with Radar,0,6,42,0,48,0,0,51,0,51,0,6,93,0,99,99,0,99,198
09/17/2019,HIO,OR,ANM,WE,Towers with Radar,0,5,30,0,35,0,1,9,0,10,0,6,39,0,45,10,0,10,55
09/18/2019,HIO,OR,ANM,WE,Towers with Radar,0,4,43,0,47,0,0,51,0,51,0,4,94,0,98,117,0,117,215
09/19/2019,HIO,OR,ANM,WE,Towers with Radar,0,6,46,0,52,0,0,181,0,181,0,6,227,0,233,215,0,215,448
09/20/2019,HIO,OR,ANM,WE,Towers with Radar,0,3,82,4,89,0,0,105,0,105,0,3,187,4,194,260,0,260,454
09/21/2019,HIO,OR,ANM,WE,Towers with Radar,0,1,42,0,43,0,0,152,0,152,0,1,194,0,195,336,0,336,531
09/22/2019,HIO,OR,ANM,WE,Towers with Radar,0,1,42,0,43,0,0,3,0,3,0,1,45,0,46,98,0,98,144
09/23/2019,HIO,OR,ANM,WE,Towers with Radar,0,6,39,0,45,0,0,298,0,298,0,6,337,0,343,263,0,263,606
09/24/2019,HIO,OR,ANM,WE,Towers with Radar,0,2,52,0,54,0,1,199,0,200,0,3,251,0,254,267,0,267,521
09/25/2019,HIO,OR,ANM,WE,Towers with Radar,0,6,43,0,49,0,1,297,0,298,0,7,340,0,347,189,0,189,536
09/26/2019,HIO,OR,ANM,WE,Towers with Radar,0,6,79,0,85,0,0,105,0,105,0,6,184,0,190,345,0,345,535
09/27/2019,HIO,OR,ANM,WE,Towers with Radar,0,4,34,0,38,0,0,156,0,156,0,4,190,0,194,274,0,274,468
09/28/2019,HIO,OR,ANM,WE,Towers with Radar,0,0,14,0,14,0,0,71,0,71,0,0,85,0,85,141,0,141,226
09/29/2019,HIO,OR,ANM,WE,Towers with Radar,0,5,26,0,31,0,0,55,0,55,0,5,81,0,86,111,0,111,197
09/30/2019,HIO,OR,ANM,WE,Towers with Radar,0,18,31,1,50,0,0,324,0,324,0,18,355,1,374,311,0,311,685
10/01/2019,HIO,OR,ANM,WE,Towers with Radar,0,18,38,0,56,0,1,293,0,294,0,19,331,0,350,200,0,200,550
10/02/2019,HIO,OR,ANM,WE,Towers with Radar,0,23,34,0,57,0,0,280,0,280,0,23,314,0,337,408,0,408,745
10/03/2019,HIO,OR,ANM,WE,Towers with Radar,0,27,43,0,70,0,0,25,0,25,0,27,68,0,95,19,0,19,114
10/04/2019,HIO,OR,ANM,WE,Towers with Radar,0,20,62,0,82,0,0,70,0,70,0,20,132,0,152,170,0,170,322
10/05/2019,HIO,OR,ANM,WE,Towers with Radar,0,3,30,0,33,0,0,108,0,108,0,3,138,0,141,143,0,143,284
10/06/2019,HIO,OR,ANM,WE,Towers with Radar,0,1,29,0,30,0,0,229,0,229,0,1,258,0,259,216,0,216,475
10/07/2019,HIO,OR,ANM,WE,Towers with Radar,0,22,38,0,60,0,0,214,0,214,0,22,252,0,274,303,0,303,577
10/08/2019,HIO,OR,ANM,WE,Towers with Radar,0,18,32,0,50,0,0,58,0,58,0,18,90,0,108,125,0,125,233
10/09/2019,HIO,OR,ANM,WE,Towers with Radar,0,22,31,1,54,0,0,274,3,277,0,22,305,4,331,287,0,287,618
10/10/2019,HIO,OR,ANM,WE,Towers with Radar,0,24,27,0,51,0,0,213,0,213,0,24,240,0,264,149,0,149,413
10/11/2019,HIO,OR,ANM,WE,Towers with Radar,0,19,27,0,46,0,0,260,1,261,0,19,287,1,307,238,0,238,545
10/12/2019,HIO,OR,ANM,WE,Towers with Radar,0,3,16,0,19,0,1,214,0,215,0,4,230,0,234,223,0,223,457
10/13/2019,HIO,OR,ANM,WE,Towers with Radar,0,5,16,0,21,0,0,189,0,189,0,5,205,0,210,179,0,179,389
10/14/2019,HIO,OR,ANM,WE,Towers with Radar,0,20,26,0,46,0,0,252,0,252,0,20,278,0,298,281,0,281,579
10/15/2019,HIO,OR,ANM,WE,Towers with Radar,0,19,39,0,58,0,0,208,0,208,0,19,247,0,266,361,0,361,627
10/16/2019,HIO,OR,ANM,WE,Towers with Radar,0,15,41,0,56,0,0,0,0,0,0,15,41,0,56,0,0,0,56
10/17/2019,HIO,OR,ANM,WE,Towers with Radar,0,21,41,0,62,0,0,18,0,18,0,21,59,0,80,52,0,52,132
10/18/2019,HIO,OR,ANM,WE,Towers with Radar,0,15,76,0,91,0,0,29,1,30,0,15,105,1,121,161,0,161,282
10/19/2019,HIO,OR,ANM,WE,Towers with Radar,0,0,25,0,25,0,0,32,0,32,0,0,57,0,57,97,0,97,154
10/20/2019,HIO,OR,ANM,WE,Towers with Radar,0,8,47,0,55,0,0,2,0,2,0,8,49,0,57,31,0,31,88
10/21/2019,HIO,OR,ANM,WE,Towers with Radar,0,22,60,2,84,0,0,65,1,66,0,22,125,3,150,285,0,285,435
10/22/2019,HIO,OR,ANM,WE,Towers with Radar,0,19,42,0,61,0,0,158,1,159,0,19,200,1,220,427,0,427,647
10/23/2019,HIO,OR,ANM,WE,Towers with Radar,0,18,69,0,87,0,1,236,0,237,0,19,305,0,324,255,0,255,579
10/24/2019,HIO,OR,ANM,WE,Towers with Radar,0,22,37,1,60,0,0,309,0,309,0,22,346,1,369,327,0,327,696
10/25/2019,HIO,OR,ANM,WE,Towers with Radar,0,19,56,2,77,0,0,105,0,105,0,19,161,2,182,305,0,305,487
10/26/2019,HIO,OR,ANM,WE,Towers with Radar,0,3,28,0,31,0,0,186,0,186,0,3,214,0,217,180,0,180,397
10/27/2019,HIO,OR,ANM,WE,Towers with Radar,1,3,23,0,27,0,1,213,0,214,1,4,236,0,241,256,0,256,497
10/28/2019,HIO,OR,ANM,WE,Towers with Radar,0,16,49,0,65,0,0,222,0,222,0,16,271,0,287,293,0,293,580
10/29/2019,HIO,OR,ANM,WE,Towers with Radar,0,15,24,0,39,0,0,33,0,33,0,15,57,0,72,13,0,13,85
10/30/2019,HIO,OR,ANM,WE,Towers with Radar,0,20,42,0,62,0,0,326,0,326,0,20,368,0,388,470,0,470,858
10/31/2019,HIO,OR,ANM,WE,Towers with Radar,0,17,31,0,48,0,0,235,0,235,0,17,266,0,283,262,0,262,545
11/01/2019,HIO,OR,ANM,WE,Towers with Radar,0,17,41,0,58,0,1,263,1,265,0,18,304,1,323,322,0,322,645
11/02/2019,HIO,OR,ANM,WE,Towers with Radar,0,1,26,0,27,0,0,245,0,245,0,1,271,0,272,240,0,240,512
11/03/2019,HIO,OR,ANM,WE,Towers with Radar,0,1,36,0,37,0,0,191,0,191,0,1,227,0,228,239,0,239,467
11/04/2019,HIO,OR,ANM,WE,Towers with Radar,0,19,68,0,87,0,0,114,0,114,0,19,182,0,201,302,0,302,503
11/05/2019,HIO,OR,ANM,WE,Towers with Radar,0,14,37,0,51,0,0,2,0,2,0,14,39,0,53,0,0,0,53
11/06/2019,HIO,OR,ANM,WE,Towers with Radar,0,14,39,0,53,0,0,140,0,140,0,14,179,0,193,223,0,223,416
11/07/2019,HIO,OR,ANM,WE,Towers with Radar,0,18,36,0,54,0,0,233,0,233,0,18,269,0,287,328,0,328,615
11/08/2019,HIO,OR,ANM,WE,Towers with Radar,0,19,44,0,63,0,0,217,0,217,0,19,261,0,280,369,0,369,649
11/09/2019,HIO,OR,ANM,WE,Towers with Radar,0,2,33,0,35,0,0,0,0,0,0,2,33,0,35,0,0,0,35
11/10/2019,HIO,OR,ANM,WE,Towers with Radar,0,4,67,0,71,0,0,1,0,1,0,4,68,0,72,0,0,0,72
11/11/2019,HIO,OR,ANM,WE,Towers with Radar,0,19,59,0,78,0,0,266,0,266,0,19,325,0,344,265,0,265,609
11/12/2019,HIO,OR,ANM,WE,Towers with Radar,0,25,75,0,100,0,0,0,0,0,0,25,75,0,100,0,0,0,100
11/13/2019,HIO,OR,ANM,WE,Towers with Radar,0,18,53,3,74,0,0,139,0,139,0,18,192,3,213,247,0,247,460
11/14/2019,HIO,OR,ANM,WE,Towers with Radar,0,17,48,2,67,0,0,187,0,187,0,17,235,2,254,276,0,276,530
11/15/2019,HIO,OR,ANM,WE,Towers with Radar,0,15,67,0,82,0,0,6,0,6,0,15,73,0,88,3,0,3,91
11/16/2019,HIO,OR,ANM,WE,Towers with Radar,0,4,47,0,51,0,0,4,0,4,0,4,51,0,55,0,0,0,55
11/17/2019,HIO,OR,ANM,WE,Towers with Radar,0,2,80,0,82,0,0,1,0,1,0,2,81,0,83,0,0,0,83
11/18/2019,HIO,OR,ANM,WE,Towers with Radar,0,23,58,0,81,0,0,3,0,3,0,23,61,0,84,0,0,0,84
11/19/2019,HIO,OR,ANM,WE,Towers with Radar,0,21,63,0,84,0,0,66,0,66,0,21,129,0,150,438,0,438,588
11/20/2019,HIO,OR,ANM,WE,Towers with Radar,0,22,36,0,58,0,0,266,0,266,0,22,302,0,324,212,0,212,536
11/21/2019,HIO,OR,ANM,WE,Towers with Radar,0,18,27,0,45,0,0,280,0,280,0,18,307,0,325,257,0,257,582
11/22/2019,HIO,OR,ANM,WE,Towers with Radar,0,14,38,0,52,0,0,252,0,252,0,14,290,0,304,240,0,240,544
11/23/2019,HIO,OR,ANM,WE,Towers with Radar,0,5,34,0,39,0,0,217,0,217,0,5,251,0,256,324,0,324,580
11/24/2019,HIO,OR,ANM,WE,Towers with Radar,0,2,31,0,33,0,0,7,0,7,0,2,38,0,40,15,0,15,55
11/25/2019,HIO,OR,ANM,WE,Towers with Radar,0,7,34,0,41,0,0,19,0,19,0,7,53,0,60,81,0,81,141
11/26/2019,HIO,OR,ANM,WE,Towers with Radar,0,5,35,0,40,0,0,21,0,21,0,5,56,0,61,42,0,42,103
11/27/2019,HIO,OR,ANM,WE,Towers with Radar,0,3,24,0,27,0,2,147,0,149,0,5,171,0,176,378,0,378,554
11/28/2019,HIO,OR,ANM,WE,Towers with Radar,0,2,4,0,6,0,0,106,0,106,0,2,110,0,112,83,0,83,195
11/29/2019,HIO,OR,ANM,WE,Towers with Radar,0,6,25,0,31,0,0,190,0,190,0,6,215,0,221,211,0,211,432
11/30/2019,HIO,OR,ANM,WE,Towers with Radar,0,2,16,0,18,0,0,125,0,125,0,2,141,0,143,138,0,138,281
12/01/2019,HIO,OR,ANM,WE,Towers with Radar,0,5,31,0,36,0,0,10,0,10,0,5,41,0,46,87,0,87,133
12/02/2019,HIO,OR,ANM,WE,Towers with Radar,0,20,15,0,35,0,2,283,0,285,0,22,298,0,320,417,0,417,737
12/03/2019,HIO,OR,ANM,WE,Towers with Radar,0,13,17,0,30,0,0,99,0,99,0,13,116,0,129,112,0,112,241
12/04/2019,HIO,OR,ANM,WE,Towers with Radar,0,15,48,0,63,0,0,120,0,120,0,15,168,0,183,242,0,242,425
12/05/2019,HIO,OR,ANM,WE,Towers with Radar,0,27,27,0,54,0,0,99,0,99,0,27,126,0,153,361,0,361,514
12/06/2019,HIO,OR,ANM,WE,Towers with Radar,0,14,28,0,42,0,1,167,0,168,0,15,195,0,210,233,0,233,443
12/07/2019,HIO,OR,ANM,WE,Towers with Radar,0,0,22,0,22,0,0,0,0,0,0,0,22,0,22,0,0,0,22
12/08/2019,HIO,OR,ANM,WE,Towers with Radar,0,1,38,0,39,0,0,2,0,2,0,1,40,0,41,5,0,5,46
12/09/2019,HIO,OR,ANM,WE,Towers with Radar,0,21,61,0,82,0,0,116,0,116,0,21,177,0,198,475,0,475,673
12/10/2019,HIO,OR,ANM,WE,Towers with Radar,0,22,31,0,53,0,0,0,0,0,0,22,31,0,53,0,0,0,53
12/11/2019,HIO,OR,ANM,WE,Towers with Radar,0,23,56,0,79,0,0,12,0,12,0,23,68,0,91,54,0,54,145
12/12/2019,HIO,OR,ANM,WE,Towers with Radar,0,25,34,0,59,0,0,15,0,15,0,25,49,0,74,131,0,131,205
12/13/2019,HIO,OR,ANM,WE,Towers with Radar,0,20,62,0,82,0,0,0,0,0,0,20,62,0,82,0,0,0,82
12/14/2019,HIO,OR,ANM,WE,Towers with Radar,0,2,36,0,38,0,0,6,0,6,0,2,42,0,44,35,0,35,79
12/15/2019,HIO,OR,ANM,WE,Towers with Radar,0,5,31,0,36,0,0,4,0,4,0,5,35,0,40,4,0,4,44
12/16/2019,HIO,OR,ANM,WE,Towers with Radar,0,19,51,0,70,0,0,243,0,243,0,19,294,0,313,302,0,302,615
12/17/2019,HIO,OR,ANM,WE,Towers with Radar,0,24,40,1,65,0,0,234,0,234,0,24,274,1,299,272,0,272,571
12/18/2019,HIO,OR,ANM,WE,Towers with Radar,0,14,40,0,54,0,0,146,0,146,0,14,186,0,200,340,0,340,540
12/19/2019,HIO,OR,ANM,WE,Towers with Radar,0,19,30,0,49,0,0,0,0,0,0,19,30,0,49,2,0,2,51
12/20/2019,HIO,OR,ANM,WE,Towers with Radar,0,21,23,0,44,0,0,0,0,0,0,21,23,0,44,0,0,0,44
12/21/2019,HIO,OR,ANM,WE,Towers with Radar,0,4,51,0,55,0,0,13,0,13,0,4,64,0,68,140,0,140,208
12/22/2019,HIO,OR,ANM,WE,Towers with Radar,0,3,45,0,48,0,0,61,0,61,0,3,106,0,109,34,0,34,143
12/23/2019,HIO,OR,ANM,WE,Towers with Radar,0,6,50,0,56,0,0,22,0,22,0,6,72,0,78,48,0,48,126
12/24/2019,HIO,OR,ANM,WE,Towers with Radar,0,2,5,0,7,0,0,3,0,3,0,2,8,0,10,18,0,18,28
12/25/2019,HIO,OR,ANM,WE,Towers with Radar,0,1,1,0,2,0,0,0,0,0,0,1,1,0,2,9,0,9,11
12/26/2019,HIO,OR,ANM,WE,Towers with Radar,0,9,28,0,37,0,0,176,5,181,0,9,204,5,218,166,0,166,384
12/27/2019,HIO,OR,ANM,WE,Towers with Radar,0,5,23,0,28,0,0,0,0,0,0,5,23,0,28,0,0,0,28
12/28/2019,HIO,OR,ANM,WE,Towers with Radar,0,1,42,0,43,0,0,30,0,30,0,1,72,0,73,21,0,21,94
12/29/2019,HIO,OR,ANM,WE,Towers with Radar,0,3,46,0,49,0,0,12,0,12,0,3,58,0,61,13,0,13,74
12/30/2019,HIO,OR,ANM,WE,Towers with Radar,0,3,34,0,37,0,0,142,0,142,0,3,176,0,179,197,0,197,376
12/31/2019,HIO,OR,ANM,WE,Towers with Radar,0,3,19,0,22,0,0,20,0,20,0,3,39,0,42,105,0,105,147
01/01/2020,HIO,OR,ANM,WE,Towers with Radar,0,2,26,0,28,0,1,26,0,27,0,3,52,0,55,75,0,75,130
01/02/2020,HIO,OR,ANM,WE,Towers with Radar,0,4,41,0,45,0,0,18,0,18,0,4,59,0,63,45,0,45,108
01/03/2020,HIO,OR,ANM,WE,Towers with Radar,0,4,24,0,28,0,0,180,0,180,0,4,204,0,208,190,0,190,398
01/04/2020,HIO,OR,ANM,WE,Towers with Radar,0,3,26,0,29,0,0,49,0,49,0,3,75,0,78,187,0,187,265
01/05/2020,HIO,OR,ANM,WE,Towers with Radar,0,2,21,0,23,0,0,10,0,10,0,2,31,0,33,54,0,54,87
01/06/2020,HIO,OR,ANM,WE,Towers with Radar,0,17,12,0,29,0,0,0,0,0,0,17,12,0,29,0,0,0,29
01/07/2020,HIO,OR,ANM,WE,Towers with Radar,0,16,31,0,47,0,0,39,0,39,0,16,70,0,86,92,0,92,178
01/08/2020,HIO,OR,ANM,WE,Towers with Radar,0,20,25,0,45,0,0,89,0,89,0,20,114,0,134,286,0,286,420
01/09/2020,HIO,OR,ANM,WE,Towers with Radar,0,14,18,0,32,0,0,0,0,0,0,14,18,0,32,0,0,0,32
01/10/2020,HIO,OR,ANM,WE,Towers with Radar,0,19,24,0,43,0,0,6,0,6,0,19,30,0,49,16,0,16,65
01/11/2020,HIO,OR,ANM,WE,Towers with Radar,0,3,25,4,32,0,0,48,0,48,0,3,73,4,80,166,0,166,246
01/12/2020,HIO,OR,ANM,WE,Towers with Radar,0,6,24,0,30,0,0,13,0,13,0,6,37,0,43,68,0,68,111
01/13/2020,HIO,OR,ANM,WE,Towers with Radar,0,16,13,0,29,0,0,0,0,0,0,16,13,0,29,0,0,0,29
01/14/2020,HIO,OR,ANM,WE,Towers with Radar,0,19,19,0,38,0,1,144,1,146,0,20,163,1,184,235,0,235,419
01/15/2020,HIO,OR,ANM,WE,Towers with Radar,0,16,24,0,40,0,0,27,0,27,0,16,51,0,67,44,0,44,111
01/16/2020,HIO,OR,ANM,WE,Towers with Radar,0,19,50,0,69,0,0,39,0,39,0,19,89,0,108,80,0,80,188
01/17/2020,HIO,OR,ANM,WE,Towers with Radar,0,8,21,0,29,0,0,12,0,12,0,8,33,0,41,4,0,4,45
01/18/2020,HIO,OR,ANM,WE,Towers with Radar,0,2,24,0,26,0,0,3,0,3,0,2,27,0,29,0,0,0,29
01/19/2020,HIO,OR,ANM,WE,Towers with Radar,0,5,44,0,49,0,0,165,0,165,0,5,209,0,214,244,0,244,458
01/20/2020,HIO,OR,ANM,WE,Towers with Radar,0,3,23,0,26,0,0,166,1,167,0,3,189,1,193,155,0,155,348
01/21/2020,HIO,OR,ANM,WE,Towers with Radar,0,20,13,0,33,0,0,9,1,10,0,20,22,1,43,29,0,29,72
01/22/2020,HIO,OR,ANM,WE,Towers with Radar,0,17,25,0,42,0,0,4,0,4,0,17,29,0,46,0,0,0,46
01/23/2020,HIO,OR,ANM,WE,Towers with Radar,0,15,63,0,78,0,0,28,0,28,0,15,91,0,106,169,0,169,275
01/24/2020,HIO,OR,ANM,WE,Towers with Radar,0,17,37,0,54,0,0,37,0,37,0,17,74,0,91,98,0,98,189
01/25/2020,HIO,OR,ANM,WE,Towers with Radar,0,3,26,0,29,0,0,151,0,151,0,3,177,0,180,148,0,148,328
01/26/2020,HIO,OR,ANM,WE,Towers with Radar,0,1,27,0,28,0,0,66,0,66,0,1,93,0,94,79,0,79,173
01/27/2020,HIO,OR,ANM,WE,Towers with Radar,0,19,34,0,53,0,0,6,0,6,0,19,40,0,59,112,0,112,171
01/28/2020,HIO,OR,ANM,WE,Towers with Radar,0,18,52,0,70,0,0,11,0,11,0,18,63,0,81,30,0,30,111
01/29/2020,HIO,OR,ANM,WE,Towers with Radar,0,16,48,0,64,0,0,8,0,8,0,16,56,0,72,41,0,41,113
01/30/2020,HIO,OR,ANM,WE,Towers with Radar,0,18,78,0,96,0,0,52,0,52,0,18,130,0,148,146,0,146,294
01/31/2020,HIO,OR,ANM,WE,Towers with Radar,0,17,72,0,89,0,0,41,0,41,0,17,113,0,130,132,0,132,262
02/01/2020,HIO,OR,ANM,WE,Towers with Radar,0,5,17,0,22,0,0,58,0,58,0,5,75,0,80,108,0,108,188
02/02/2020,HIO,OR,ANM,WE,Towers with Radar,0,5,20,0,25,0,0,65,0,65,0,5,85,0,90,163,0,163,253
02/03/2020,HIO,OR,ANM,WE,Towers with Radar,0,18,24,0,42,0,0,126,5,131,0,18,150,5,173,103,7,110,283
02/04/2020,HIO,OR,ANM,WE,Towers with Radar,0,19,26,0,45,0,0,86,0,86,0,19,112,0,131,183,0,183,314
02/05/2020,HIO,OR,ANM,WE,Towers with Radar,0,15,30,1,46,0,0,1,0,1,0,15,31,1,47,0,0,0,47
02/06/2020,HIO,OR,ANM,WE,Towers with Radar,0,20,60,0,80,0,0,66,0,66,0,20,126,0,146,137,0,137,283
02/07/2020,HIO,OR,ANM,WE,Towers with Radar,0,14,59,0,73,0,1,45,0,46,0,15,104,0,119,125,0,125,244
02/08/2020,HIO,OR,ANM,WE,Towers with Radar,0,4,19,0,23,0,0,84,0,84,0,4,103,0,107,237,0,237,344
02/09/2020,HIO,OR,ANM,WE,Towers with Radar,0,6,52,0,58,0,0,168,0,168,0,6,220,0,226,206,0,206,432
02/10/2020,HIO,OR,ANM,WE,Towers with Radar,0,23,35,0,58,0,0,169,1,170,0,23,204,1,228,235,0,235,463
02/11/2020,HIO,OR,ANM,WE,Towers with Radar,0,15,44,0,59,0,0,8,0,8,0,15,52,0,67,29,0,29,96
02/12/2020,HIO,OR,ANM,WE,Towers with Radar,0,14,58,0,72,0,1,116,0,117,0,15,174,0,189,177,0,177,366
02/13/2020,HIO,OR,ANM,WE,Towers with Radar,0,16,19,0,35,0,0,1,0,1,0,16,20,0,36,0,0,0,36
02/14/2020,HIO,OR,ANM,WE,Towers with Radar,0,6,28,0,34,0,0,56,0,56,0,6,84,0,90,96,0,96,186
02/15/2020,HIO,OR,ANM,WE,Towers with Radar,0,5,33,0,38,0,0,2,0,2,0,5,35,0,40,0,0,0,40
02/16/2020,HIO,OR,ANM,WE,Towers with Radar,0,2,28,0,30,0,0,58,0,58,0,2,86,0,88,161,0,161,249
02/17/2020,HIO,OR,ANM,WE,Towers with Radar,0,4,37,0,41,0,0,125,0,125,0,4,162,0,166,205,0,205,371
02/18/2020,HIO,OR,ANM,WE,Towers with Radar,0,19,33,0,52,0,0,280,0,280,0,19,313,0,332,148,0,148,480
02/19/2020,HIO,OR,ANM,WE,Towers with Radar,0,18,24,1,43,0,0,189,0,189,0,18,213,1,232,89,0,89,321
02/20/2020,HIO,OR,ANM,WE,Towers with Radar,0,21,26,0,47,0,0,265,0,265,0,21,291,0,312,298,0,298,610
02/21/2020,HIO,OR,ANM,WE,Towers with Radar,0,20,34,0,54,0,1,289,0,290,0,21,323,0,344,224,0,224,568
02/22/2020,HIO,OR,ANM,WE,Towers with Radar,0,3,23,0,26,0,0,142,0,142,0,3,165,0,168,167,0,167,335
02/23/2020,HIO,OR,ANM,WE,Towers with Radar,0,5,20,0,25,0,0,0,0,0,0,5,20,0,25,0,0,0,25
02/24/2020,HIO,OR,ANM,WE,Towers with Radar,0,20,24,0,44,0,0,141,0,141,0,20,165,0,185,403,0,403,588
02/25/2020,HIO,OR,ANM,WE,Towers with Radar,0,23,48,0,71,0,0,195,0,195,0,23,243,0,266,206,0,206,472
02/26/2020,HIO,OR,ANM,WE,Towers with Radar,0,16,60,0,76,0,0,123,0,123,0,16,183,0,199,225,0,225,424
02/27/2020,HIO,OR,ANM,WE,Towers with Radar,0,19,37,0,56,0,1,270,0,271,0,20,307,0,327,391,0,391,718
02/28/2020,HIO,OR,ANM,WE,Towers with Radar,0,19,48,0,67,0,0,134,0,134,0,19,182,0,201,185,0,185,386
02/29/2020,HIO,OR,ANM,WE,Towers with Radar,0,2,9,0,11,0,0,23,0,23,0,2,32,0,34,59,0,59,93
03/01/2020,HIO,OR,ANM,WE,Towers with Radar,0,4,26,0,30,0,0,69,0,69,0,4,95,0,99,246,0,246,345
03/02/2020,HIO,OR,ANM,WE,Towers with Radar,0,19,60,0,79,0,0,27,0,27,0,19,87,0,106,133,0,133,239
03/03/2020,HIO,OR,ANM,WE,Towers with Radar,0,14,53,0,67,0,0,76,0,76,0,14,129,0,143,178,0,178,321
03/04/2020,HIO,OR,ANM,WE,Towers with Radar,0,19,34,0,53,0,0,275,0,275,0,19,309,0,328,286,0,286,614
03/05/2020,HIO,OR,ANM,WE,Towers with Radar,0,16,17,1,34,0,0,182,0,182,0,16,199,1,216,200,0,200,416
03/06/2020,HIO,OR,ANM,WE,Towers with Radar,0,19,26,0,45,0,0,1,0,1,0,19,27,0,46,0,0,0,46
03/07/2020,HIO,OR,ANM,WE,Towers with Radar,0,4,14,0,18,0,0,18,0,18,0,4,32,0,36,6,0,6,42
03/08/2020,HIO,OR,ANM,WE,Towers with Radar,0,7,43,0,50,0,0,90,0,90,0,7,133,0,140,184,0,184,324
03/09/2020,HIO,OR,ANM,WE,Towers with Radar,0,18,23,0,41,0,0,267,0,267,0,18,290,0,308,254,0,254,562
03/10/2020,HIO,OR,ANM,WE,Towers with Radar,0,18,27,0,45,0,0,247,0,247,0,18,274,0,292,200,0,200,492
03/11/2020,HIO,OR,ANM,WE,Towers with Radar,0,14,38,0,52,0,2,149,1,152,0,16,187,1,204,177,0,177,381
03/12/2020,HIO,OR,ANM,WE,Towers with Radar,0,13,40,0,53,0,0,199,0,199,0,13,239,0,252,247,0,247,499
03/13/2020,HIO,OR,ANM,WE,Towers with Radar,0,12,35,0,47,0,0,18,0,18,0,12,53,0,65,108,0,108,173
03/14/2020,HIO,OR,ANM,WE,Towers with Radar,0,2,5,0,7,0,0,0,0,0,0,2,5,0,7,0,0,0,7
03/15/2020,HIO,OR,ANM,WE,Towers with Radar,0,2,13,0,15,0,0,24,0,24,0,2,37,0,39,10,0,10,49
03/16/2020,HIO,OR,ANM,WE,Towers with Radar,0,12,26,4,42,0,0,191,0,191,0,12,217,4,233,130,0,130,363
03/17/2020,HIO,OR,ANM,WE,Towers with Radar,0,3,27,0,30,0,0,254,0,254,0,3,281,0,284,307,0,307,591
03/18/2020,HIO,OR,ANM,WE,Towers with Radar,0,6,23,0,29,0,0,262,0,262,0,6,285,0,291,337,0,337,628
03/19/2020,HIO,OR,ANM,WE,Towers with Radar,0,6,20,0,26,0,0,216,0,216,0,6,236,0,242,258,0,258,500
03/20/2020,HIO,OR,ANM,WE,Towers with Radar,2,9,27,0,38,0,0,212,0,212,2,9,239,0,250,299,0,299,549
03/21/2020,HIO,OR,ANM,WE,Towers with Radar,0,6,18,0,24,0,0,173,0,173,0,6,191,0,197,133,0,133,330
03/22/2020,HIO,OR,ANM,WE,Towers with Radar,0,1,10,0,11,0,0,133,0,133,0,1,143,0,144,173,0,173,317
03/23/2020,HIO,OR,ANM,WE,Towers with Radar,0,12,10,0,22,0,0,4,0,4,0,12,14,0,26,5,0,5,31
03/24/2020,HIO,OR,ANM,WE,Towers with Radar,0,11,16,0,27,0,0,6,0,6,0,11,22,0,33,59,0,59,92
03/25/2020,HIO,OR,ANM,WE,Towers with Radar,0,5,7,0,12,0,0,33,0,33,0,5,40,0,45,67,0,67,112
03/26/2020,HIO,OR,ANM,WE,Towers with Radar,0,9,15,0,24,0,0,64,2,66,0,9,79,2,90,158,0,158,248
03/27/2020,HIO,OR,ANM,WE,Towers with Radar,0,9,20,1,30,0,0,4,0,4,0,9,24,1,34,22,0,22,56
03/28/2020,HIO,OR,ANM,WE,Towers with Radar,0,6,16,0,22,0,0,5,0,5,0,6,21,0,27,32,0,32,59
03/29/2020,HIO,OR,ANM,WE,Towers with Radar,1,1,14,0,16,0,0,16,0,16,1,1,30,0,32,24,0,24,56
03/30/2020,HIO,OR,ANM,WE,Towers with Radar,0,10,2,0,12,0,0,8,0,8,0,10,10,0,20,23,0,23,43
03/31/2020,HIO,OR,ANM,WE,Towers with Radar,0,8,8,0,16,0,0,69,0,69,0,8,77,0,85,133,0,133,218
04/01/2020,HIO,OR,ANM,WE,Towers with Radar,0,6,10,0,16,0,0,21,0,21,0,6,31,0,37,24,0,24,61
04/02/2020,HIO,OR,ANM,WE,Towers with Radar,0,13,11,0,24,0,0,73,0,73,0,13,84,0,97,155,0,155,252
04/03/2020,HIO,OR,ANM,WE,Towers with Radar,0,10,16,0,26,0,0,118,0,118,0,10,134,0,144,109,0,109,253
04/04/2020,HIO,OR,ANM,WE,Towers with Radar,1,14,13,0,28,0,1,73,0,74,1,15,86,0,102,121,0,121,223
04/05/2020,HIO,OR,ANM,WE,Towers with Radar,0,4,9,0,13,0,0,105,0,105,0,4,114,0,118,76,0,76,194
04/06/2020,HIO,OR,ANM,WE,Towers with Radar,0,7,9,0,16,0,1,144,0,145,0,8,153,0,161,213,0,213,374
04/07/2020,HIO,OR,ANM,WE,Towers with Radar,0,8,16,0,24,0,0,171,0,171,0,8,187,0,195,197,0,197,392
04/08/2020,HIO,OR,ANM,WE,Towers with Radar,0,12,8,0,20,0,0,226,0,226,0,12,234,0,246,195,0,195,441
04/09/2020,HIO,OR,ANM,WE,Towers with Radar,0,7,1,0,8,0,0,232,0,232,0,7,233,0,240,136,0,136,376
04/10/2020,HIO,OR,ANM,WE,Towers with Radar,0,11,12,0,23,0,0,208,0,208,0,11,220,0,231,255,0,255,486
04/11/2020,HIO,OR,ANM,WE,Towers with Radar,0,5,17,0,22,0,0,160,0,160,0,5,177,0,182,217,0,217,399
04/12/2020,HIO,OR,ANM,WE,Towers with Radar,0,4,3,0,7,0,0,131,0,131,0,4,134,0,138,220,0,220,358
04/13/2020,HIO,OR,ANM,WE,Towers with Radar,0,4,9,0,13,0,1,197,0,198,0,5,206,0,211,172,0,172,383
04/14/2020,HIO,OR,ANM,WE,Towers with Radar,0,7,7,0,14,0,0,205,0,205,0,7,212,0,219,205,0,205,424
04/15/2020,HIO,OR,ANM,WE,Towers with Radar,0,8,31,0,39,0,0,98,0,98,0,8,129,0,137,340,0,340,477
04/16/2020,HIO,OR,ANM,WE,Towers with Radar,2,9,15,2,28,0,0,204,0,204,2,9,219,2,232,104,0,104,336
04/17/2020,HIO,OR,ANM,WE,Towers with Radar,0,6,15,0,21,0,1,331,0,332,0,7,346,0,353,275,0,275,628
04/18/2020,HIO,OR,ANM,WE,Towers with Radar,0,5,29,0,34,0,0,6,0,6,0,5,35,0,40,44,0,44,84
04/19/2020,HIO,OR,ANM,WE,Towers with Radar,1,7,34,0,42,0,0,144,0,144,1,7,178,0,186,382,0,382,568
04/20/2020,HIO,OR,ANM,WE,Towers with Radar,0,6,19,0,25,0,3,241,0,244,0,9,260,0,269,241,0,241,510
04/21/2020,HIO,OR,ANM,WE,Towers with Radar,0,9,35,1,45,0,0,130,0,130,0,9,165,1,175,433,0,433,608
04/22/2020,HIO,OR,ANM,WE,Towers with Radar,0,6,17,0,23,0,0,0,1,1,0,6,17,1,24,6,0,6,30
04/23/2020,HIO,OR,ANM,WE,Towers with Radar,0,7,37,0,44,0,0,168,0,168,0,7,205,0,212,411,0,411,623
04/24/2020,HIO,OR,ANM,WE,Towers with Radar,0,6,36,0,42,0,0,9,0,9,0,6,45,0,51,148,0,148,199
04/25/2020,HIO,OR,ANM,WE,Towers with Radar,0,2,19,0,21,0,0,104,0,104,0,2,123,0,125,157,0,157,282
04/26/2020,HIO,OR,ANM,WE,Towers with Radar,0,0,18,0,18,0,0,199,0,199,0,0,217,0,217,256,0,256,473
04/27/2020,HIO,OR,ANM,WE,Towers with Radar,0,6,7,0,13,0,0,54,0,54,0,6,61,0,67,119,0,119,186
04/28/2020,HIO,OR,ANM,WE,Towers with Radar,0,7,28,0,35,0,1,258,0,259,0,8,286,0,294,321,0,321,615
04/29/2020,HIO,OR,ANM,WE,Towers with Radar,0,10,26,0,36,0,0,201,0,201,0,10,227,0,237,276,0,276,513
04/30/2020,HIO,OR,ANM,WE,Towers with Radar,0,9,24,0,33,0,0,257,0,257,0,9,281,0,290,266,0,266,556
05/01/2020,HIO,OR,ANM,WE,Towers with Radar,0,7,21,0,28,0,0,229,0,229,0,7,250,0,257,282,0,282,539
05/02/2020,HIO,OR,ANM,WE,Towers with Radar,0,2,11,0,13,0,0,8,0,8,0,2,19,0,21,46,0,46,67
05/03/2020,HIO,OR,ANM,WE,Towers with Radar,0,2,6,0,8,0,0,81,0,81,0,2,87,0,89,182,0,182,271
05/04/2020,HIO,OR,ANM,WE,Towers with Radar,0,9,19,0,28,0,0,181,0,181,0,9,200,0,209,137,0,137,346
05/05/2020,HIO,OR,ANM,WE,Towers with Radar,0,7,27,0,34,0,0,191,0,191,0,7,218,0,225,64,0,64,289
05/06/2020,HIO,OR,ANM,WE,Towers with Radar,0,6,18,0,24,0,0,140,0,140,0,6,158,0,164,212,0,212,376
05/07/2020,HIO,OR,ANM,WE,Towers with Radar,0,10,19,0,29,0,0,249,0,249,0,10,268,0,278,110,0,110,388
05/08/2020,HIO,OR,ANM,WE,Towers with Radar,0,10,20,0,30,0,0,127,0,127,0,10,147,0,157,52,0,52,209
05/09/2020,HIO,OR,ANM,WE,Towers with Radar,0,5,16,0,21,0,0,228,0,228,0,5,244,0,249,91,0,91,340
05/10/2020,HIO,OR,ANM,WE,Towers with Radar,0,6,12,0,18,0,0,280,0,280,0,6,292,0,298,110,0,110,408
05/11/2020,HIO,OR,ANM,WE,Towers with Radar,0,6,27,0,33,0,2,138,0,140,0,8,165,0,173,154,0,154,327
05/12/2020,HIO,OR,ANM,WE,Towers with Radar,0,7,16,0,23,0,0,27,0,27,0,7,43,0,50,219,0,219,269
05/13/2020,HIO,OR,ANM,WE,Towers with Radar,0,7,42,0,49,0,0,81,0,81,0,7,123,0,130,326,0,326,456
05/14/2020,HIO,OR,ANM,WE,Towers with Radar,0,9,46,0,55,0,0,13,0,13,0,9,59,0,68,30,0,30,98
05/15/2020,HIO,OR,ANM,WE,Towers with Radar,0,9,47,0,56,0,0,220,0,220,0,9,267,0,276,325,0,325,601
05/16/2020,HIO,OR,ANM,WE,Towers with Radar,0,8,30,0,38,0,0,69,0,69,0,8,99,0,107,132,0,132,239
05/17/2020,HIO,OR,ANM,WE,Towers with Radar,0,8,17,0,25,0,0,56,0,56,0,8,73,0,81,165,0,165,246
05/18/2020,HIO,OR,ANM,WE,Towers with Radar,0,8,40,0,48,0,0,16,2,18,0,8,56,2,66,57,0,57,123
05/19/2020,HIO,OR,ANM,WE,Towers with Radar,0,8,68,0,76,0,1,130,0,131,0,9,198,0,207,444,0,444,651
05/20/2020,HIO,OR,ANM,WE,Towers with Radar,0,12,59,0,71,0,0,98,0,98,0,12,157,0,169,323,0,323,492
05/21/2020,HIO,OR,ANM,WE,Towers with Radar,0,9,24,0,33,0,1,113,0,114,0,10,137,0,147,325,0,325,472
05/22/2020,HIO,OR,ANM,WE,Towers with Radar,0,8,39,0,47,0,1,189,0,190,0,9,228,0,237,308,0,308,545
05/23/2020,HIO,OR,ANM,WE,Towers with Radar,0,4,19,0,23,0,0,253,0,253,0,4,272,0,276,208,0,208,484
05/24/2020,HIO,OR,ANM,WE,Towers with Radar,0,5,15,0,20,0,1,262,0,263,0,6,277,0,283,226,0,226,509
05/25/2020,HIO,OR,ANM,WE,Towers with Radar,0,7,41,0,48,0,2,68,0,70,0,9,109,0,118,158,0,158,276
05/26/2020,HIO,OR,ANM,WE,Towers with Radar,0,9,49,0,58,0,0,161,0,161,0,9,210,0,219,277,0,277,496
05/27/2020,HIO,OR,ANM,WE,Towers with Radar,0,9,16,0,25,0,0,240,0,240,0,9,256,0,265,236,0,236,501
05/28/2020,HIO,OR,ANM,WE,Towers with Radar,0,11,17,2,30,0,0,293,0,293,0,11,310,2,323,283,0,283,606
05/29/2020,HIO,OR,ANM,WE,Towers with Radar,0,8,21,0,29,0,0,319,0,319,0,8,340,0,348,386,0,386,734
05/30/2020,HIO,OR,ANM,WE,Towers with Radar,0,1,18,0,19,0,0,24,0,24,0,1,42,0,43,8,0,8,51
05/31/2020,HIO,OR,ANM,WE,Towers with Radar,0,1,28,0,29,0,0,144,0,144,0,1,172,0,173,342,0,342,515
06/01/2020,HIO,OR,ANM,WE,Towers with Radar,0,8,19,0,27,0,0,218,0,218,0,8,237,0,245,223,0,223,468
06/02/2020,HIO,OR,ANM,WE,Towers with Radar,0,6,23,0,29,0,0,203,0,203,0,6,226,0,232,245,0,245,477
06/03/2020,HIO,OR,ANM,WE,Towers with Radar,0,10,43,0,53,0,0,217,0,217,0,10,260,0,270,341,0,341,611
06/04/2020,HIO,OR,ANM,WE,Towers with Radar,0,9,27,0,36,0,0,231,0,231,0,9,258,0,267,339,0,339,606
06/05/2020,HIO,OR,ANM,WE,Towers with Radar,0,13,32,0,45,0,0,193,0,193,0,13,225,0,238,329,0,329,567
06/06/2020,HIO,OR,ANM,WE,Towers with Radar,0,6,19,0,25,0,0,15,0,15,0,6,34,0,40,30,0,30,70
06/07/2020,HIO,OR,ANM,WE,Towers with Radar,0,4,21,0,25,0,1,36,0,37,0,5,57,0,62,47,0,47,109
06/08/2020,HIO,OR,ANM,WE,Towers with Radar,0,11,30,0,41,0,0,68,0,68,0,11,98,0,109,234,0,234,343
06/09/2020,HIO,OR,ANM,WE,Towers with Radar,0,11,28,0,39,0,0,2,0,2,0,11,30,0,41,127,0,127,168
06/10/2020,HIO,OR,ANM,WE,Towers with Radar,0,6,43,0,49,0,0,131,0,131,0,6,174,0,180,203,0,203,383
06/11/2020,HIO,OR,ANM,WE,Towers with Radar,0,8,35,0,43,0,0,183,0,183,0,8,218,0,226,190,0,190,416
06/12/2020,HIO,OR,ANM,WE,Towers with Radar,0,8,47,0,55,0,0,13,0,13,0,8,60,0,68,56,0,56,124
06/13/2020,HIO,OR,ANM,WE,Towers with Radar,1,8,28,0,37,0,0,12,0,12,1,8,40,0,49,98,0,98,147
06/14/2020,HIO,OR,ANM,WE,Towers with Radar,0,6,33,0,39,0,0,184,0,184,0,6,217,0,223,221,0,221,444
06/15/2020,HIO,OR,ANM,WE,Towers with Radar,0,8,18,0,26,0,0,34,0,34,0,8,52,0,60,107,0,107,167
06/16/2020,HIO,OR,ANM,WE,Towers with Radar,0,13,28,0,41,0,0,51,0,51,0,13,79,0,92,301,0,301,393
06/17/2020,HIO,OR,ANM,WE,Towers with Radar,0,13,31,0,44,0,0,277,0,277,0,13,308,0,321,351,0,351,672
06/18/2020,HIO,OR,ANM,WE,Towers with Radar,0,8,20,0,28,0,0,329,0,329,0,8,349,0,357,376,0,376,733
06/19/2020,HIO,OR,ANM,WE,Towers with Radar,0,12,27,0,39,0,0,294,0,294,0,12,321,0,333,217,0,217,550
06/20/2020,HIO,OR,ANM,WE,Towers with Radar,0,4,17,0,21,0,0,12,0,12,0,4,29,0,33,21,0,21,54
06/21/2020,HIO,OR,ANM,WE,Towers with Radar,0,4,18,0,22,0,0,140,0,140,0,4,158,0,162,203,0,203,365
06/22/2020,HIO,OR,ANM,WE,Towers with Radar,0,8,23,0,31,0,0,173,0,173,0,8,196,0,204,198,0,198,402
06/23/2020,HIO,OR,ANM,WE,Towers with Radar,0,9,20,0,29,0,0,257,0,257,0,9,277,0,286,277,0,277,563
06/24/2020,HIO,OR,ANM,WE,Towers with Radar,0,8,38,0,46,0,0,206,0,206,0,8,244,0,252,400,0,400,652
06/25/2020,HIO,OR,ANM,WE,Towers with Radar,0,9,36,0,45,0,0,200,0,200,0,9,236,0,245,265,0,265,510
06/26/2020,HIO,OR,ANM,WE,Towers with Radar,0,14,27,0,41,0,0,250,0,250,0,14,277,0,291,222,0,222,513
06/27/2020,HIO,OR,ANM,WE,Towers with Radar,0,6,19,0,25,0,0,157,0,157,0,6,176,0,182,220,0,220,402
06/28/2020,HIO,OR,ANM,WE,Towers with Radar,0,5,28,0,33,0,0,118,0,118,0,5,146,0,151,193,0,193,344
06/29/2020,HIO,OR,ANM,WE,Towers with Radar,0,4,41,0,45,0,2,170,0,172,0,6,211,0,217,213,0,213,430
06/30/2020,HIO,OR,ANM,WE,Towers with Radar,0,11,49,0,60,0,0,112,0,112,0,11,161,0,172,305,0,305,477
07/01/2020,HIO,OR,ANM,WE,Towers with Radar,0,9,47,0,56,0,0,100,0,100,0,9,147,0,156,378,0,378,534
07/02/2020,HIO,OR,ANM,WE,Towers with Radar,0,10,42,0,52,0,1,204,0,205,0,11,246,0,257,373,0,373,630
07/03/2020,HIO,OR,ANM,WE,Towers with Radar,0,7,42,0,49,0,0,158,0,158,0,7,200,0,207,362,0,362,569
07/04/2020,HIO,OR,ANM,WE,Towers with Radar,0,5,25,0,30,0,0,161,0,161,0,5,186,0,191,299,0,299,490
07/05/2020,HIO,OR,ANM,WE,Towers with Radar,0,10,23,0,33,0,0,132,0,132,0,10,155,0,165,204,0,204,369
07/06/2020,HIO,OR,ANM,WE,Towers with Radar,0,15,32,0,47,0,0,106,0,106,0,15,138,0,153,272,0,272,425
07/07/2020,HIO,OR,ANM,WE,Towers with Radar,0,8,66,0,74,0,0,63,0,63,0,8,129,0,137,329,0,329,466
07/08/2020,HIO,OR,ANM,WE,Towers with Radar,0,8,32,0,40,0,0,293,0,293,0,8,325,0,333,368,0,368,701
07/09/2020,HIO,OR,ANM,WE,Towers with Radar,0,7,31,0,38,0,0,217,0,217,0,7,248,0,255,289,0,289,544
07/10/2020,HIO,OR,ANM,WE,Towers with Radar,0,9,34,0,43,0,0,281,0,281,0,9,315,0,324,387,0,387,711
07/11/2020,HIO,OR,ANM,WE,Towers with Radar,0,9,19,0,28,0,0,182,0,182,0,9,201,0,210,242,0,242,452
07/12/2020,HIO,OR,ANM,WE,Towers with Radar,0,8,46,0,54,0,0,159,0,159,0,8,205,0,213,302,0,302,515
07/13/2020,HIO,OR,ANM,WE,Towers with Radar,0,10,29,0,39,0,1,226,0,227,0,11,255,0,266,261,0,261,527
07/14/2020,HIO,OR,ANM,WE,Towers with Radar,0,6,32,3,41,0,1,269,0,270,0,7,301,3,311,270,0,270,581
07/15/2020,HIO,OR,ANM,WE,Towers with Radar,0,8,27,0,35,0,1,255,0,256,0,9,282,0,291,306,0,306,597
07/16/2020,HIO,OR,ANM,WE,Towers with Radar,0,9,29,0,38,0,0,213,0,213,0,9,242,0,251,376,0,376,627
07/17/2020,HIO,OR,ANM,WE,Towers with Radar,0,8,36,0,44,0,1,186,0,187,0,9,222,0,231,232,0,232,463
07/18/2020,HIO,OR,ANM,WE,Towers with Radar,0,7,17,0,24,0,0,201,0,201,0,7,218,0,225,200,0,200,425
07/19/2020,HIO,OR,ANM,WE,Towers with Radar,0,6,13,1,20,0,0,236,0,236,0,6,249,1,256,244,0,244,500
07/20/2020,HIO,OR,ANM,WE,Towers with Radar,0,11,22,0,33,0,0,199,0,199,0,11,221,0,232,182,0,182,414
07/21/2020,HIO,OR,ANM,WE,Towers with Radar,0,6,43,0,49,0,2,189,2,193,0,8,232,2,242,289,0,289,531
07/22/2020,HIO,OR,ANM,WE,Towers with Radar,0,11,35,0,46,0,0,149,1,150,0,11,184,1,196,467,2,469,665
07/23/2020,HIO,OR,ANM,WE,Towers with Radar,0,8,41,2,51,0,0,165,2,167,0,8,206,4,218,364,0,364,582
07/24/2020,HIO,OR,ANM,WE,Towers with Radar,0,8,41,0,49,0,0,188,0,188,0,8,229,0,237,361,0,361,598
07/25/2020,HIO,OR,ANM,WE,Towers with Radar,0,7,10,0,17,0,0,213,0,213,0,7,223,0,230,144,0,144,374
07/26/2020,HIO,OR,ANM,WE,Towers with Radar,0,7,27,0,34,0,0,132,0,132,0,7,159,0,166,155,0,155,321
07/27/2020,HIO,OR,ANM,WE,Towers with Radar,0,6,23,0,29,0,0,166,0,166,0,6,189,0,195,205,0,205,400
07/28/2020,HIO,OR,ANM,WE,Towers with Radar,0,8,24,0,32,0,0,238,0,238,0,8,262,0,270,354,0,354,624
07/29/2020,HIO,OR,ANM,WE,Towers with Radar,0,11,29,0,40,0,0,221,0,221,0,11,250,0,261,340,0,340,601
07/30/2020,HIO,OR,ANM,WE,Towers with Radar,0,20,21,0,41,0,0,199,0,199,0,20,220,0,240,320,0,320,560
07/31/2020,HIO,OR,ANM,WE,Towers with Radar,0,11,30,0,41,0,0,235,0,235,0,11,265,0,276,263,0,263,539
08/01/2020,HIO,OR,ANM,WE,Towers with Radar,0,12,20,0,32,0,0,165,0,165,0,12,185,0,197,230,0,230,427
08/02/2020,HIO,OR,ANM,WE,Towers with Radar,0,5,20,0,25,0,0,164,0,164,0,5,184,0,189,207,0,207,396
08/03/2020,HIO,OR,ANM,WE,Towers with Radar,0,11,20,0,31,0,0,184,0,184,0,11,204,0,215,288,0,288,503
08/04/2020,HIO,OR,ANM,WE,Towers with Radar,0,8,20,1,29,0,0,232,0,232,0,8,252,1,261,287,0,287,548
08/05/2020,HIO,OR,ANM,WE,Towers with Radar,0,11,16,0,27,0,0,229,2,231,0,11,245,2,258,260,0,260,518
08/06/2020,HIO,OR,ANM,WE,Towers with Radar,0,15,42,2,59,0,1,58,0,59,0,16,100,2,118,255,0,255,373
08/07/2020,HIO,OR,ANM,WE,Towers with Radar,0,8,33,0,41,0,0,198,0,198,0,8,231,0,239,346,0,346,585
08/08/2020,HIO,OR,ANM,WE,Towers with Radar,0,5,28,0,33,0,0,167,0,167,0,5,195,0,200,308,0,308,508
08/09/2020,HIO,OR,ANM,WE,Towers with Radar,0,5,19,0,24,0,0,144,0,144,0,5,163,0,168,105,0,105,273
08/10/2020,HIO,OR,ANM,WE,Towers with Radar,0,9,26,0,35,0,0,194,0,194,0,9,220,0,229,197,0,197,426
08/11/2020,HIO,OR,ANM,WE,Towers with Radar,0,14,25,1,40,0,0,235,0,235,0,14,260,1,275,312,0,312,587
08/12/2020,HIO,OR,ANM,WE,Towers with Radar,0,11,23,0,34,0,0,217,0,217,0,11,240,0,251,416,0,416,667
08/13/2020,HIO,OR,ANM,WE,Towers with Radar,0,11,26,0,37,0,0,251,0,251,0,11,277,0,288,384,0,384,672
08/14/2020,HIO,OR,ANM,WE,Towers with Radar,0,6,18,0,24,0,1,211,0,212,0,7,229,0,236,271,0,271,507
08/15/2020,HIO,OR,ANM,WE,Towers with Radar,0,9,17,0,26,0,1,147,0,148,0,10,164,0,174,117,0,117,291
08/16/2020,HIO,OR,ANM,WE,Towers with Radar,0,12,24,0,36,0,1,132,0,133,0,13,156,0,169,281,0,281,450
08/17/2020,HIO,OR,ANM,WE,Towers with Radar,0,9,13,0,22,0,0,169,0,169,0,9,182,0,191,314,0,314,505
08/18/2020,HIO,OR,ANM,WE,Towers with Radar,0,10,34,0,44,0,0,181,0,181,0,10,215,0,225,165,0,165,390
08/19/2020,HIO,OR,ANM,WE,Towers with Radar,0,9,25,0,34,0,0,209,0,209,0,9,234,0,243,404,0,404,647
08/20/2020,HIO,OR,ANM,WE,Towers with Radar,0,11,25,0,36,0,0,180,0,180,0,11,205,0,216,370,0,370,586
08/21/2020,HIO,OR,ANM,WE,Towers with Radar,0,11,32,0,43,0,0,80,0,80,0,11,112,0,123,271,0,271,394
08/22/2020,HIO,OR,ANM,WE,Towers with Radar,0,6,24,0,30,0,2,142,0,144,0,8,166,0,174,256,0,256,430
08/23/2020,HIO,OR,ANM,WE,Towers with Radar,0,8,28,0,36,0,0,183,0,183,0,8,211,0,219,305,0,305,524
08/24/2020,HIO,OR,ANM,WE,Towers with Radar,0,10,30,0,40,0,0,176,3,179,0,10,206,3,219,300,0,300,519
08/25/2020,HIO,OR,ANM,WE,Towers with Radar,0,11,30,0,41,0,0,226,1,227,0,11,256,1,268,287,0,287,555
08/26/2020,HIO,OR,ANM,WE,Towers with Radar,0,8,26,1,35,0,0,203,0,203,0,8,229,1,238,288,0,288,526
08/27/2020,HIO,OR,ANM,WE,Towers with Radar,0,8,16,1,25,0,0,273,2,275,0,8,289,3,300,294,0,294,594
08/28/2020,HIO,OR,ANM,WE,Towers with Radar,0,12,25,0,37,0,0,239,2,241,0,12,264,2,278,303,0,303,581
08/29/2020,HIO,OR,ANM,WE,Towers with Radar,0,7,17,3,27,0,1,147,0,148,0,8,164,3,175,160,0,160,335
08/30/2020,HIO,OR,ANM,WE,Towers with Radar,0,4,22,0,26,0,0,134,2,136,0,4,156,2,162,123,0,123,285
08/31/2020,HIO,OR,ANM,WE,Towers with Radar,0,14,25,2,41,0,0,118,0,118,0,14,143,2,159,321,0,321,480
09/01/2020,HIO,OR,ANM,WE,Towers with Radar,0,9,24,3,36,0,0,222,0,222,0,9,246,3,258,271,0,271,529
09/02/2020,HIO,OR,ANM,WE,Towers with Radar,0,8,23,1,32,0,0,213,1,214,0,8,236,2,246,321,0,321,567
09/03/2020,HIO,OR,ANM,WE,Towers with Radar,0,12,25,0,37,0,0,215,2,217,0,12,240,2,254,323,0,323,577
09/04/2020,HIO,OR,ANM,WE,Towers with Radar,0,14,26,1,41,0,0,195,1,196,0,14,221,2,237,319,0,319,556
09/05/2020,HIO,OR,ANM,WE,Towers with Radar,0,4,20,1,25,0,0,131,1,132,0,4,151,2,157,259,0,259,416
09/06/2020,HIO,OR,ANM,WE,Towers with Radar,0,4,16,0,20,0,0,152,1,153,0,4,168,1,173,138,0,138,311
09/07/2020,HIO,OR,ANM,WE,Towers with Radar,0,9,29,0,38,0,0,118,0,118,0,9,147,0,156,69,0,69,225
09/08/2020,HIO,OR,ANM,WE,Towers with Radar,0,2,9,0,11,0,0,10,0,10,0,2,19,0,21,0,0,0,21
09/09/2020,HIO,OR,ANM,WE,Towers with Radar,0,7,21,0,28,0,0,35,2,37,0,7,56,2,65,22,0,22,87
09/10/2020,HIO,OR,ANM,WE,Towers with Radar,0,15,32,4,51,0,1,12,2,15,0,16,44,6,66,89,0,89,155
09/11/2020,HIO,OR,ANM,WE,Towers with Radar,0,7,17,0,24,0,0,0,0,0,0,7,17,0,24,0,0,0,24
09/12/2020,HIO,OR,ANM,WE,Towers with Radar,0,7,6,0,13,0,0,0,0,0,0,7,6,0,13,0,0,0,13
09/13/2020,HIO,OR,ANM,WE,Towers with Radar,0,6,13,0,19,0,0,0,0,0,0,6,13,0,19,0,0,0,19
09/14/2020,HIO,OR,ANM,WE,Towers with Radar,0,4,16,0,20,0,0,0,0,0,0,4,16,0,20,0,0,0,20
09/15/2020,HIO,OR,ANM,WE,Towers with Radar,0,9,12,0,21,0,0,0,0,0,0,9,12,0,21,0,0,0,21
09/16/2020,HIO,OR,ANM,WE,Towers with Radar,0,11,15,0,26,0,0,0,0,0,0,11,15,0,26,0,0,0,26
09/17/2020,HIO,OR,ANM,WE,Towers with Radar,0,9,14,0,23,0,0,0,0,0,0,9,14,0,23,0,0,0,23
09/18/2020,HIO,OR,ANM,WE,Towers with Radar,0,11,15,1,27,0,0,7,0,7,0,11,22,1,34,0,0,0,34
09/19/2020,HIO,OR,ANM,WE,Towers with Radar,0,6,33,1,40,0,0,62,3,65,0,6,95,4,105,349,0,349,454
09/20/2020,HIO,OR,ANM,WE,Towers with Radar,0,8,32,2,42,0,0,196,0,196,0,8,228,2,238,316,0,316,554
09/21/2020,HIO,OR,ANM,WE,Towers with Radar,0,9,44,0,53,0,1,260,1,262,0,10,304,1,315,369,0,369,684
09/22/2020,HIO,OR,ANM,WE,Towers with Radar,0,13,41,2,56,0,0,205,0,205,0,13,246,2,261,417,0,417,678
09/23/2020,HIO,OR,ANM,WE,Towers with Radar,0,16,21,2,39,0,0,15,0,15,0,16,36,2,54,96,0,96,150
09/24/2020,HIO,OR,ANM,WE,Towers with Radar,0,11,51,2,64,0,0,66,0,66,0,11,117,2,130,216,0,216,346
09/25/2020,HIO,OR,ANM,WE,Towers with Radar,0,12,21,0,33,0,0,6,0,6,0,12,27,0,39,4,0,4,43
09/26/2020,HIO,OR,ANM,WE,Towers with Radar,0,6,26,0,32,0,0,68,0,68,0,6,94,0,100,182,0,182,282
09/27/2020,HIO,OR,ANM,WE,Towers with Radar,0,8,17,0,25,0,0,205,0,205,0,8,222,0,230,189,0,189,419
09/28/2020,HIO,OR,ANM,WE,Towers with Radar,0,6,28,1,35,0,0,229,0,229,0,6,257,1,264,373,0,373,637
09/29/2020,HIO,OR,ANM,WE,Towers with Radar,0,7,26,2,35,0,1,266,1,268,0,8,292,3,303,459,0,459,762
09/30/2020,HIO,OR,ANM,WE,Towers with Radar,0,10,37,1,48,0,1,260,0,261,0,11,297,1,309,537,0,537,846
10/01/2020,HIO,OR,ANM,WE,Towers with Radar,0,12,40,0,52,0,0,130,0,130,0,12,170,0,182,303,0,303,485
10/02/2020,HIO,OR,ANM,WE,Towers with Radar,0,6,25,1,32,0,0,199,0,199,0,6,224,1,231,385,0,385,616
10/03/2020,HIO,OR,ANM,WE,Towers with Radar,0,10,33,0,43,0,0,139,1,140,0,10,172,1,183,242,0,242,425
10/04/2020,HIO,OR,ANM,WE,Towers with Radar,0,9,33,1,43,0,0,122,0,122,0,9,155,1,165,203,0,203,368
10/05/2020,HIO,OR,ANM,WE,Towers with Radar,0,6,42,0,48,0,2,172,0,174,0,8,214,0,222,407,0,407,629
10/06/2020,HIO,OR,ANM,WE,Towers with Radar,0,9,29,1,39,0,0,253,0,253,0,9,282,1,292,381,0,381,673
10/07/2020,HIO,OR,ANM,WE,Towers with Radar,0,6,47,0,53,0,0,192,1,193,0,6,239,1,246,403,0,403,649
10/08/2020,HIO,OR,ANM,WE,Towers with Radar,0,17,54,0,71,0,0,29,0,29,0,17,83,0,100,121,0,121,221
10/09/2020,HIO,OR,ANM,WE,Towers with Radar,0,10,59,0,69,0,0,160,0,160,0,10,219,0,229,303,0,303,532
10/10/2020,HIO,OR,ANM,WE,Towers with Radar,0,8,32,0,40,0,0,23,0,23,0,8,55,0,63,157,0,157,220
10/11/2020,HIO,OR,ANM,WE,Towers with Radar,0,11,15,0,26,0,0,3,0,3,0,11,18,0,29,12,0,12,41
10/12/2020,HIO,OR,ANM,WE,Towers with Radar,0,10,49,1,60,0,1,166,1,168,0,11,215,2,228,375,0,375,603
10/13/2020,HIO,OR,ANM,WE,Towers with Radar,0,12,21,0,33,0,0,22,1,23,0,12,43,1,56,25,0,25,81
10/14/2020,HIO,OR,ANM,WE,Towers with Radar,0,12,52,3,67,0,0,162,0,162,0,12,214,3,229,323,0,323,552
10/15/2020,HIO,OR,ANM,WE,Towers with Radar,0,8,41,2,51,0,0,245,1,246,0,8,286,3,297,405,0,405,702
10/16/2020,HIO,OR,ANM,WE,Towers with Radar,0,12,36,2,50,0,0,229,1,230,0,12,265,3,280,472,0,472,752
10/17/2020,HIO,OR,ANM,WE,Towers with Radar,0,11,34,1,46,0,0,177,0,177,0,11,211,1,223,365,0,365,588
10/18/2020,HIO,OR,ANM,WE,Towers with Radar,0,6,36,0,42,0,0,64,0,64,0,6,100,0,106,212,0,212,318
10/19/2020,HIO,OR,ANM,WE,Towers with Radar,0,9,39,0,48,0,0,111,1,112,0,9,150,1,160,479,0,479,639
10/20/2020,HIO,OR,ANM,WE,Towers with Radar,0,8,40,1,49,0,0,181,1,182,0,8,221,2,231,303,6,309,540
10/21/2020,HIO,OR,ANM,WE,Towers with Radar,0,8,44,0,52,0,0,124,3,127,0,8,168,3,179,313,0,313,492
10/22/2020,HIO,OR,ANM,WE,Towers with Radar,0,7,42,0,49,0,1,203,1,205,0,8,245,1,254,237,0,237,491
10/23/2020,HIO,OR,ANM,WE,Towers with Radar,0,13,31,0,44,0,0,71,0,71,0,13,102,0,115,290,0,290,405
10/24/2020,HIO,OR,ANM,WE,Towers with Radar,0,6,17,1,24,0,0,72,0,72,0,6,89,1,96,194,0,194,290
10/25/2020,HIO,OR,ANM,WE,Towers with Radar,0,5,21,0,26,0,2,94,0,96,0,7,115,0,122,90,0,90,212
10/26/2020,HIO,OR,ANM,WE,Towers with Radar,0,6,26,1,33,0,1,229,0,230,0,7,255,1,263,474,0,474,737
10/27/2020,HIO,OR,ANM,WE,Towers with Radar,0,12,30,0,42,0,2,144,2,148,0,14,174,2,190,359,0,359,549
10/28/2020,HIO,OR,ANM,WE,Towers with Radar,0,10,29,2,41,0,1,217,0,218,0,11,246,2,259,295,0,295,554
10/29/2020,HIO,OR,ANM,WE,Towers with Radar,0,12,27,0,39,0,0,150,1,151,0,12,177,1,190,384,0,384,574
10/30/2020,HIO,OR,ANM,WE,Towers with Radar,0,7,33,1,41,0,3,46,0,49,0,10,79,1,90,69,0,69,159
10/31/2020,HIO,OR,ANM,WE,Towers with Radar,0,5,15,0,20,0,1,168,1,170,0,6,183,1,190,196,0,196,386
11/01/2020,HIO,OR,ANM,WE,Towers with Radar,0,12,25,0,37,0,1,213,0,214,0,13,238,0,251,229,0,229,480
11/02/2020,HIO,OR,ANM,WE,Towers with Radar,0,4,28,1,33,0,1,190,1,192,0,5,218,2,225,304,0,304,529
11/03/2020,HIO,OR,ANM,WE,Towers with Radar,0,10,15,0,25,0,0,0,0,0,0,10,15,0,25,0,0,0,25
11/04/2020,HIO,OR,ANM,WE,Towers with Radar,0,9,43,1,53,0,0,39,0,39,0,9,82,1,92,85,0,85,177
11/05/2020,HIO,OR,ANM,WE,Towers with Radar,0,12,42,0,54,0,0,3,0,3,0,12,45,0,57,42,0,42,99
11/06/2020,HIO,OR,ANM,WE,Towers with Radar,0,16,25,0,41,0,0,9,1,10,0,16,34,1,51,2,0,2,53
11/07/2020,HIO,OR,ANM,WE,Towers with Radar,0,9,22,0,31,0,0,43,0,43,0,9,65,0,74,129,0,129,203
11/08/2020,HIO,OR,ANM,WE,Towers with Radar,0,6,16,1,23,0,0,279,0,279,0,6,295,1,302,358,0,358,660
11/09/2020,HIO,OR,ANM,WE,Towers with Radar,0,9,24,1,34,0,1,130,1,132,0,10,154,2,166,279,0,279,445
11/10/2020,HIO,OR,ANM,WE,Towers with Radar,0,10,17,0,27,0,0,23,0,23,0,10,40,0,50,80,0,80,130
11/11/2020,HIO,OR,ANM,WE,Towers with Radar,0,6,18,1,25,0,0,80,0,80,0,6,98,1,105,168,0,168,273
11/12/2020,HIO,OR,ANM,WE,Towers with Radar,0,13,42,0,55,0,0,63,0,63,0,13,105,0,118,110,0,110,228
11/13/2020,HIO,OR,ANM,WE,Towers with Radar,0,14,24,0,38,0,0,5,0,5,0,14,29,0,43,70,0,70,113
11/14/2020,HIO,OR,ANM,WE,Towers with Radar,0,6,11,0,17,0,0,0,0,0,0,6,11,0,17,2,0,2,19
11/15/2020,HIO,OR,ANM,WE,Towers with Radar,0,10,23,0,33,0,0,72,0,72,0,10,95,0,105,174,0,174,279
11/16/2020,HIO,OR,ANM,WE,Towers with Radar,0,7,24,0,31,0,0,1,0,1,0,7,25,0,32,2,0,2,34
11/17/2020,HIO,OR,ANM,WE,Towers with Radar,0,7,12,0,19,0,0,7,0,7,0,7,19,0,26,0,0,0,26
11/18/2020,HIO,OR,ANM,WE,Towers with Radar,0,11,20,0,31,0,0,3,0,3,0,11,23,0,34,45,0,45,79
11/19/2020,HIO,OR,ANM,WE,Towers with Radar,0,8,30,0,38,0,0,43,0,43,0,8,73,0,81,254,0,254,335
11/20/2020,HIO,OR,ANM,WE,Towers with Radar,0,5,49,0,54,0,0,111,0,111,0,5,160,0,165,266,0,266,431
11/21/2020,HIO,OR,ANM,WE,Towers with Radar,0,3,34,0,37,0,0,7,0,7,0,3,41,0,44,0,0,0,44
11/22/2020,HIO,OR,ANM,WE,Towers with Radar,0,8,19,0,27,0,0,1,0,1,0,8,20,0,28,0,0,0,28
11/23/2020,HIO,OR,ANM,WE,Towers with Radar,0,10,24,2,36,0,0,77,0,77,0,10,101,2,113,183,0,183,296
11/24/2020,HIO,OR,ANM,WE,Towers with Radar,0,10,43,0,53,0,0,37,0,37,0,10,80,0,90,153,0,153,243
11/25/2020,HIO,OR,ANM,WE,Towers with Radar,0,11,32,0,43,0,0,32,0,32,0,11,64,0,75,138,0,138,213
11/26/2020,HIO,OR,ANM,WE,Towers with Radar,0,7,11,0,18,0,0,4,0,4,0,7,15,0,22,133,0,133,155
11/27/2020,HIO,OR,ANM,WE,Towers with Radar,0,7,35,0,42,0,0,103,0,103,0,7,138,0,145,227,0,227,372
11/28/2020,HIO,OR,ANM,WE,Towers with Radar,0,10,19,0,29,0,0,0,0,0,0,10,19,0,29,0,0,0,29
11/29/2020,HIO,OR,ANM,WE,Towers with Radar,0,10,31,0,41,0,0,133,0,133,0,10,164,0,174,219,0,219,393
11/30/2020,HIO,OR,ANM,WE,Towers with Radar,0,12,28,0,40,0,0,42,0,42,0,12,70,0,82,104,0,104,186
12/01/2020,HIO,OR,ANM,WE,Towers with Radar,0,13,25,0,38,0,0,148,0,148,0,13,173,0,186,132,0,132,318
12/02/2020,HIO,OR,ANM,WE,Towers with Radar,0,6,25,0,31,0,0,135,0,135,0,6,160,0,166,97,0,97,263
12/03/2020,HIO,OR,ANM,WE,Towers with Radar,0,6,20,1,27,0,1,177,0,178,0,7,197,1,205,314,0,314,519
12/04/2020,HIO,OR,ANM,WE,Towers with Radar,0,10,18,0,28,0,0,214,0,214,0,10,232,0,242,285,0,285,527
12/05/2020,HIO,OR,ANM,WE,Towers with Radar,0,8,18,0,26,0,0,169,0,169,0,8,187,0,195,258,0,258,453
12/06/2020,HIO,OR,ANM,WE,Towers with Radar,0,4,18,0,22,0,0,0,0,0,0,4,18,0,22,0,0,0,22
12/07/2020,HIO,OR,ANM,WE,Towers with Radar,0,10,37,0,47,0,0,129,0,129,0,10,166,0,176,208,0,208,384
12/08/2020,HIO,OR,ANM,WE,Towers with Radar,0,13,46,1,60,0,0,79,1,80,0,13,125,2,140,154,0,154,294
12/09/2020,HIO,OR,ANM,WE,Towers with Radar,0,7,37,0,44,0,0,25,0,25,0,7,62,0,69,60,0,60,129
12/10/2020,HIO,OR,ANM,WE,Towers with Radar,0,7,31,0,38,0,0,2,0,2,0,7,33,0,40,0,0,0,40
12/11/2020,HIO,OR,ANM,WE,Towers with Radar,0,13,15,0,28,0,0,0,0,0,0,13,15,0,28,0,0,0,28
12/12/2020,HIO,OR,ANM,WE,Towers with Radar,0,8,24,0,32,0,0,164,0,164,0,8,188,0,196,158,0,158,354
12/13/2020,HIO,OR,ANM,WE,Towers with Radar,0,11,13,0,24,0,0,0,0,0,0,11,13,0,24,0,0,0,24
12/14/2020,HIO,OR,ANM,WE,Towers with Radar,1,8,28,0,37,0,0,6,0,6,1,8,34,0,43,15,0,15,58
12/15/2020,HIO,OR,ANM,WE,Towers with Radar,0,13,27,0,40,0,0,1,0,1,0,13,28,0,41,10,0,10,51
12/16/2020,HIO,OR,ANM,WE,Towers with Radar,0,13,34,0,47,0,0,15,0,15,0,13,49,0,62,71,0,71,133
12/17/2020,HIO,OR,ANM,WE,Towers with Radar,0,9,53,0,62,0,0,39,0,39,0,9,92,0,101,176,0,176,277
12/18/2020,HIO,OR,ANM,WE,Towers with Radar,0,7,38,0,45,0,0,79,0,79,0,7,117,0,124,202,0,202,326
12/19/2020,HIO,OR,ANM,WE,Towers with Radar,0,8,26,0,34,0,0,7,0,7,0,8,33,0,41,11,0,11,52
12/20/2020,HIO,OR,ANM,WE,Towers with Radar,0,8,29,0,37,0,0,0,0,0,0,8,29,0,37,5,0,5,42
12/21/2020,HIO,OR,ANM,WE,Towers with Radar,0,11,14,0,25,0,0,0,0,0,0,11,14,0,25,0,0,0,25
12/22/2020,HIO,OR,ANM,WE,Towers with Radar,0,13,31,0,44,0,0,146,0,146,0,13,177,0,190,383,0,383,573
12/23/2020,HIO,OR,ANM,WE,Towers with Radar,0,8,30,0,38,0,0,182,0,182,0,8,212,0,220,296,0,296,516
12/24/2020,HIO,OR,ANM,WE,Towers with Radar,0,4,16,0,20,0,0,160,0,160,0,4,176,0,180,222,0,222,402
12/25/2020,HIO,OR,ANM,WE,Towers with Radar,0,4,3,0,7,0,0,0,0,0,0,4,3,0,7,0,0,0,7
12/26/2020,HIO,OR,ANM,WE,Towers with Radar,0,6,19,0,25,0,0,6,0,6,0,6,25,0,31,29,0,29,60
12/27/2020,HIO,OR,ANM,WE,Towers with Radar,0,6,15,0,21,0,0,119,0,119,0,6,134,0,140,153,0,153,293
12/28/2020,HIO,OR,ANM,WE,Towers with Radar,0,12,29,0,41,0,0,172,0,172,0,12,201,0,213,249,0,249,462
12/29/2020,HIO,OR,ANM,WE,Towers with Radar,0,15,26,0,41,0,0,47,0,47,0,15,73,0,88,203,0,203,291
12/30/2020,HIO,OR,ANM,WE,Towers with Radar,0,9,15,0,24,0,0,0,0,0,0,9,15,0,24,0,0,0,24
12/31/2020,HIO,OR,ANM,WE,Towers with Radar,0,7,20,0,27,0,0,17,0,17,0,7,37,0,44,190,0,190,234
01/01/2021,HIO,OR,ANM,WE,Towers with Radar,0,10,10,0,20,0,0,14,0,14,0,10,24,0,34,55,0,55,89
01/02/2021,HIO,OR,ANM,WE,Towers with Radar,0,4,9,0,13,0,0,0,0,0,0,4,9,0,13,0,0,0,13
01/03/2021,HIO,OR,ANM,WE,Towers with Radar,0,8,16,0,24,0,0,71,0,71,0,8,87,0,95,139,0,139,234
01/04/2021,HIO,OR,ANM,WE,Towers with Radar,0,10,27,0,37,0,0,19,0,19,0,10,46,0,56,81,0,81,137
01/05/2021,HIO,OR,ANM,WE,Towers with Radar,0,9,18,0,27,0,2,74,0,76,0,11,92,0,103,158,0,158,261
01/06/2021,HIO,OR,ANM,WE,Towers with Radar,0,13,30,0,43,0,0,1,2,3,0,13,31,2,46,1,0,1,47
01/07/2021,HIO,OR,ANM,WE,Towers with Radar,0,7,39,0,46,0,0,167,0,167,0,7,206,0,213,304,0,304,517
01/08/2021,HIO,OR,ANM,WE,Towers with Radar,0,9,30,0,39,0,0,64,0,64,0,9,94,0,103,246,0,246,349
01/09/2021,HIO,OR,ANM,WE,Towers with Radar,0,9,21,0,30,0,0,104,0,104,0,9,125,0,134,212,0,212,346
01/10/2021,HIO,OR,ANM,WE,Towers with Radar,0,5,26,0,31,0,0,0,0,0,0,5,26,0,31,0,0,0,31
01/11/2021,HIO,OR,ANM,WE,Towers with Radar,0,8,30,0,38,0,0,31,0,31,0,8,61,0,69,209,0,209,278
01/12/2021,HIO,OR,ANM,WE,Towers with Radar,0,11,15,0,26,0,0,0,0,0,0,11,15,0,26,106,0,106,132
01/13/2021,HIO,OR,ANM,WE,Towers with Radar,0,10,22,0,32,0,0,222,0,222,0,10,244,0,254,388,0,388,642
01/14/2021,HIO,OR,ANM,WE,Towers with Radar,0,17,34,0,51,0,0,245,0,245,0,17,279,0,296,260,0,260,556
01/15/2021,HIO,OR,ANM,WE,Towers with Radar,0,10,52,0,62,0,0,1,0,1,0,10,53,0,63,12,0,12,75
01/16/2021,HIO,OR,ANM,WE,Towers with Radar,0,8,29,0,37,0,1,86,0,87,0,9,115,0,124,210,0,210,334
01/17/2021,HIO,OR,ANM,WE,Towers with Radar,0,8,29,0,37,0,1,23,0,24,0,9,52,0,61,27,0,27,88
01/18/2021,HIO,OR,ANM,WE,Towers with Radar,0,11,20,0,31,0,0,208,0,208,0,11,228,0,239,252,0,252,491
01/19/2021,HIO,OR,ANM,WE,Towers with Radar,0,9,30,0,39,0,0,165,0,165,0,9,195,0,204,399,0,399,603
01/20/2021,HIO,OR,ANM,WE,Towers with Radar,0,11,35,0,46,0,0,195,0,195,0,11,230,0,241,217,0,217,458
01/21/2021,HIO,OR,ANM,WE,Towers with Radar,0,8,16,0,24,0,0,32,0,32,0,8,48,0,56,79,0,79,135
01/22/2021,HIO,OR,ANM,WE,Towers with Radar,0,14,29,0,43,0,0,222,0,222,0,14,251,0,265,163,0,163,428
01/23/2021,HIO,OR,ANM,WE,Towers with Radar,0,14,18,0,32,0,2,220,0,222,0,16,238,0,254,403,0,403,657
01/24/2021,HIO,OR,ANM,WE,Towers with Radar,1,3,9,0,13,0,0,0,0,0,1,3,9,0,13,0,0,0,13
01/25/2021,HIO,OR,ANM,WE,Towers with Radar,0,11,23,0,34,0,0,8,0,8,0,11,31,0,42,31,0,31,73
01/26/2021,HIO,OR,ANM,WE,Towers with Radar,0,9,19,0,28,0,0,37,0,37,0,9,56,0,65,68,0,68,133
01/27/2021,HIO,OR,ANM,WE,Towers with Radar,0,6,16,1,23,0,0,2,0,2,0,6,18,1,25,2,0,2,27
01/28/2021,HIO,OR,ANM,WE,Towers with Radar,0,10,31,0,41,0,0,63,0,63,0,10,94,0,104,210,0,210,314
01/29/2021,HIO,OR,ANM,WE,Towers with Radar,0,11,37,0,48,0,0,38,0,38,0,11,75,0,86,72,0,72,158
01/30/2021,HIO,OR,ANM,WE,Towers with Radar,0,8,22,0,30,0,0,41,1,42,0,8,63,1,72,56,0,56,128
01/31/2021,HIO,OR,ANM,WE,Towers with Radar,0,7,30,0,37,0,0,22,0,22,0,7,52,0,59,124,0,124,183
02/01/2021,HIO,OR,ANM,WE,Towers with Radar,0,11,26,0,37,0,0,0,0,0,0,11,26,0,37,5,0,5,42
02/02/2021,HIO,OR,ANM,WE,Towers with Radar,0,13,17,0,30,0,0,21,0,21,0,13,38,0,51,81,0,81,132
02/03/2021,HIO,OR,ANM,WE,Towers with Radar,0,7,34,2,43,0,0,45,0,45,0,7,79,2,88,125,0,125,213
02/04/2021,HIO,OR,ANM,WE,Towers with Radar,0,11,22,0,33,0,0,0,0,0,0,11,22,0,33,0,0,0,33
02/05/2021,HIO,OR,ANM,WE,Towers with Radar,0,14,59,0,73,0,0,16,0,16,0,14,75,0,89,49,0,49,138
02/06/2021,HIO,OR,ANM,WE,Towers with Radar,0,6,17,0,23,0,0,18,0,18,0,6,35,0,41,52,0,52,93
02/07/2021,HIO,OR,ANM,WE,Towers with Radar,0,3,31,0,34,0,0,78,0,78,0,3,109,0,112,80,0,80,192
02/08/2021,HIO,OR,ANM,WE,Towers with Radar,0,6,33,0,39,0,0,122,0,122,0,6,155,0,161,294,0,294,455
02/09/2021,HIO,OR,ANM,WE,Towers with Radar,0,11,37,0,48,0,0,261,1,262,0,11,298,1,310,400,0,400,710
02/10/2021,HIO,OR,ANM,WE,Towers with Radar,0,18,37,0,55,0,1,234,0,235,0,19,271,0,290,316,0,316,606
02/11/2021,HIO,OR,ANM,WE,Towers with Radar,0,7,21,0,28,0,0,3,0,3,0,7,24,0,31,3,0,3,34
02/12/2021,HIO,OR,ANM,WE,Towers with Radar,0,3,2,0,5,0,0,0,0,0,0,3,2,0,5,0,0,0,5
02/13/2021,HIO,OR,ANM,WE,Towers with Radar,0,0,3,0,3,0,0,0,0,0,0,0,3,0,3,0,0,0,3
02/14/2021,HIO,OR,ANM,WE,Towers with Radar,0,7,4,0,11,0,0,0,0,0,0,7,4,0,11,0,0,0,11
02/15/2021,HIO,OR,ANM,WE,Towers with Radar,0,6,17,0,23,0,0,3,0,3,0,6,20,0,26,0,0,0,26
02/16/2021,HIO,OR,ANM,WE,Towers with Radar,0,6,27,0,33,0,1,80,0,81,0,7,107,0,114,319,0,319,433
02/17/2021,HIO,OR,ANM,WE,Towers with Radar,0,8,50,0,58,0,0,103,0,103,0,8,153,0,161,245,0,245,406
02/18/2021,HIO,OR,ANM,WE,Towers with Radar,0,12,33,0,45,0,0,6,0,6,0,12,39,0,51,9,0,9,60
02/19/2021,HIO,OR,ANM,WE,Towers with Radar,0,11,31,0,42,0,0,27,0,27,0,11,58,0,69,168,0,168,237
02/20/2021,HIO,OR,ANM,WE,Towers with Radar,0,6,27,0,33,0,0,139,0,139,0,6,166,0,172,169,0,169,341
02/21/2021,HIO,OR,ANM,WE,Towers with Radar,0,5,28,0,33,0,0,8,0,8,0,5,36,0,41,82,0,82,123
02/22/2021,HIO,OR,ANM,WE,Towers with Radar,0,7,20,0,27,0,0,0,0,0,0,7,20,0,27,0,0,0,27
02/23/2021,HIO,OR,ANM,WE,Towers with Radar,0,9,39,2,50,0,0,82,0,82,0,9,121,2,132,235,0,235,367
02/24/2021,HIO,OR,ANM,WE,Towers with Radar,0,8,37,0,45,0,0,150,0,150,0,8,187,0,195,233,0,233,428
02/25/2021,HIO,OR,ANM,WE,Towers with Radar,0,9,22,0,31,0,0,4,0,4,0,9,26,0,35,22,0,22,57
02/26/2021,HIO,OR,ANM,WE,Towers with Radar,0,8,19,0,27,0,0,16,0,16,0,8,35,0,43,48,0,48,91
02/27/2021,HIO,OR,ANM,WE,Towers with Radar,0,7,24,0,31,0,0,167,0,167,0,7,191,0,198,249,0,249,447
02/28/2021,HIO,OR,ANM,WE,Towers with Radar,0,3,44,0,47,0,1,177,0,178,0,4,221,0,225,200,0,200,425
03/01/2021,HIO,OR,ANM,WE,Towers with Radar,0,7,28,0,35,1,0,179,0,180,1,7,207,0,215,247,0,247,462
03/02/2021,HIO,OR,ANM,WE,Towers with Radar,0,13,52,0,65,0,0,117,0,117,0,13,169,0,182,187,0,187,369
03/03/2021,HIO,OR,ANM,WE,Towers with Radar,0,12,40,0,52,0,0,252,0,252,0,12,292,0,304,293,0,293,597
03/04/2021,HIO,OR,ANM,WE,Towers with Radar,0,7,38,0,45,0,0,104,0,104,0,7,142,0,149,223,0,223,372
03/05/2021,HIO,OR,ANM,WE,Towers with Radar,0,11,33,0,44,0,0,50,0,50,0,11,83,0,94,216,0,216,310
03/06/2021,HIO,OR,ANM,WE,Towers with Radar,0,6,9,0,15,0,2,80,0,82,0,8,89,0,97,164,0,164,261
03/07/2021,HIO,OR,ANM,WE,Towers with Radar,0,7,17,0,24,0,0,39,0,39,0,7,56,0,63,108,0,108,171
03/08/2021,HIO,OR,ANM,WE,Towers with Radar,0,13,33,0,46,0,0,137,0,137,0,13,170,0,183,296,0,296,479
03/09/2021,HIO,OR,ANM,WE,Towers with Radar,0,8,32,0,40,0,0,111,0,111,0,8,143,0,151,224,0,224,375
03/10/2021,HIO,OR,ANM,WE,Towers with Radar,0,10,48,1,59,0,0,167,1,168,0,10,215,2,227,364,0,364,591
03/11/2021,HIO,OR,ANM,WE,Towers with Radar,0,11,30,0,41,0,0,221,0,221,0,11,251,0,262,293,0,293,555
03/12/2021,HIO,OR,ANM,WE,Towers with Radar,0,6,33,0,39,0,1,174,0,175,0,7,207,0,214,292,0,292,506
03/13/2021,HIO,OR,ANM,WE,Towers with Radar,0,7,18,0,25,0,0,193,0,193,0,7,211,0,218,347,0,347,565
03/14/2021,HIO,OR,ANM,WE,Towers with Radar,0,6,21,0,27,0,0,9,0,9,0,6,30,0,36,147,0,147,183
03/15/2021,HIO,OR,ANM,WE,Towers with Radar,0,14,16,0,30,0,0,79,0,79,0,14,95,0,109,307,0,307,416
03/16/2021,HIO,OR,ANM,WE,Towers with Radar,0,8,33,1,42,0,0,206,0,206,0,8,239,1,248,245,0,245,493
03/17/2021,HIO,OR,ANM,WE,Towers with Radar,0,12,47,0,59,0,0,231,0,231,0,12,278,0,290,291,0,291,581
03/18/2021,HIO,OR,ANM,WE,Towers with Radar,0,9,34,0,43,0,0,15,2,17,0,9,49,2,60,161,0,161,221
03/19/2021,HIO,OR,ANM,WE,Towers with Radar,0,12,22,0,34,0,0,8,0,8,0,12,30,0,42,6,0,6,48
03/20/2021,HIO,OR,ANM,WE,Towers with Radar,0,11,28,0,39,0,0,30,0,30,0,11,58,0,69,329,0,329,398
03/21/2021,HIO,OR,ANM,WE,Towers with Radar,0,9,21,0,30,0,0,65,0,65,0,9,86,0,95,141,0,141,236
03/22/2021,HIO,OR,ANM,WE,Towers with Radar,0,10,22,0,32,0,0,64,0,64,0,10,86,0,96,213,0,213,309
03/23/2021,HIO,OR,ANM,WE,Towers with Radar,0,9,32,3,44,0,0,205,2,207,0,9,237,5,251,276,0,276,527
03/24/2021,HIO,OR,ANM,WE,Towers with Radar,0,10,21,0,31,0,0,16,1,17,0,10,37,1,48,63,0,63,111
03/25/2021,HIO,OR,ANM,WE,Towers with Radar,0,8,44,0,52,0,0,100,0,100,0,8,144,0,152,323,0,323,475
03/26/2021,HIO,OR,ANM,WE,Towers with Radar,0,11,39,0,50,0,1,203,0,204,0,12,242,0,254,370,0,370,624
03/27/2021,HIO,OR,ANM,WE,Towers with Radar,0,12,39,0,51,0,0,220,0,220,0,12,259,0,271,247,0,247,518
03/28/2021,HIO,OR,ANM,WE,Towers with Radar,0,4,15,0,19,0,0,15,0,15,0,4,30,0,34,23,0,23,57
03/29/2021,HIO,OR,ANM,WE,Towers with Radar,0,8,28,0,36,0,0,60,2,62,0,8,88,2,98,206,12,218,316
03/30/2021,HIO,OR,ANM,WE,Towers with Radar,0,11,29,1,41,0,1,232,1,234,0,12,261,2,275,386,0,386,661
03/31/2021,HIO,OR,ANM,WE,Towers with Radar,0,9,23,0,32,0,0,285,1,286,0,9,308,1,318,392,0,392,710
04/01/2021,HIO,OR,ANM,WE,Towers with Radar,0,9,29,0,38,0,0,232,0,232,0,9,261,0,270,342,0,342,612
04/02/2021,HIO,OR,ANM,WE,Towers with Radar,0,18,41,0,59,0,1,227,0,228,0,19,268,0,287,317,0,317,604
04/03/2021,HIO,OR,ANM,WE,Towers with Radar,0,1,22,0,23,0,0,171,0,171,0,1,193,0,194,124,0,124,318
04/04/2021,HIO,OR,ANM,WE,Towers with Radar,0,0,24,0,24,0,0,86,0,86,0,0,110,0,110,135,0,135,245
04/05/2021,HIO,OR,ANM,WE,Towers with Radar,0,12,19,0,31,0,0,166,0,166,0,12,185,0,197,316,0,316,513
04/06/2021,HIO,OR,ANM,WE,Towers with Radar,0,11,22,0,33,0,2,170,0,172,0,13,192,0,205,387,0,387,592
04/07/2021,HIO,OR,ANM,WE,Towers with Radar,0,9,33,0,42,0,0,62,0,62,0,9,95,0,104,277,0,277,381
04/08/2021,HIO,OR,ANM,WE,Towers with Radar,0,13,30,0,43,0,2,155,0,157,0,15,185,0,200,438,0,438,638
04/09/2021,HIO,OR,ANM,WE,Towers with Radar,0,15,28,0,43,0,0,227,1,228,0,15,255,1,271,245,0,245,516
04/10/2021,HIO,OR,ANM,WE,Towers with Radar,0,4,19,0,23,0,0,58,0,58,0,4,77,0,81,149,0,149,230
04/11/2021,HIO,OR,ANM,WE,Towers with Radar,0,6,32,0,38,0,0,149,0,149,0,6,181,0,187,149,0,149,336
04/12/2021,HIO,OR,ANM,WE,Towers with Radar,0,11,20,0,31,0,0,107,0,107,0,11,127,0,138,143,0,143,281
04/13/2021,HIO,OR,ANM,WE,Towers with Radar,0,9,23,0,32,0,0,124,0,124,0,9,147,0,156,233,0,233,389
04/14/2021,HIO,OR,ANM,WE,Towers with Radar,0,14,27,2,43,0,1,230,0,231,0,15,257,2,274,265,0,265,539
04/15/2021,HIO,OR,ANM,WE,Towers with Radar,0,9,37,0,46,0,1,230,0,231,0,10,267,0,277,206,0,206,483
04/16/2021,HIO,OR,ANM,WE,Towers with Radar,0,13,30,0,43,0,0,134,0,134,0,13,164,0,177,125,0,125,302
04/17/2021,HIO,OR,ANM,WE,Towers with Radar,0,3,21,0,24,0,0,190,0,190,0,3,211,0,214,341,0,341,555
04/18/2021,HIO,OR,ANM,WE,Towers with Radar,0,2,28,0,30,0,0,170,0,170,0,2,198,0,200,287,0,287,487
04/19/2021,HIO,OR,ANM,WE,Towers with Radar,0,9,30,0,39,0,0,165,0,165,0,9,195,0,204,126,0,126,330
04/20/2021,HIO,OR,ANM,WE,Towers with Radar,0,10,18,0,28,0,1,234,0,235,0,11,252,0,263,150,0,150,413
04/21/2021,HIO,OR,ANM,WE,Towers with Radar,0,9,22,0,31,0,1,188,0,189,0,10,210,0,220,335,0,335,555
04/22/2021,HIO,OR,ANM,WE,Towers with Radar,0,16,39,0,55,0,1,153,0,154,0,17,192,0,209,368,0,368,577
04/23/2021,HIO,OR,ANM,WE,Towers with Radar,0,7,38,1,46,0,0,177,3,180,0,7,215,4,226,453,7,460,686
04/24/2021,HIO,OR,ANM,WE,Towers with Radar,0,4,36,2,42,0,1,10,0,11,0,5,46,2,53,13,0,13,66
04/25/2021,HIO,OR,ANM,WE,Towers with Radar,0,2,21,0,23,0,0,61,0,61,0,2,82,0,84,267,0,267,351
04/26/2021,HIO,OR,ANM,WE,Towers with Radar,0,8,28,0,36,0,0,54,0,54,0,8,82,0,90,344,0,344,434
04/27/2021,HIO,OR,ANM,WE,Towers with Radar,0,7,43,0,50,0,0,174,0,174,0,7,217,0,224,488,0,488,712
04/28/2021,HIO,OR,ANM,WE,Towers with Radar,0,10,26,0,36,0,0,241,1,242,0,10,267,1,278,274,0,274,552
04/29/2021,HIO,OR,ANM,WE,Towers with Radar,0,10,26,0,36,0,0,211,0,211,0,10,237,0,247,376,0,376,623
04/30/2021,HIO,OR,ANM,WE,Towers with Radar,0,8,43,0,51,0,2,88,0,90,0,10,131,0,141,371,0,371,512
05/01/2021,HIO,OR,ANM,WE,Towers with Radar,0,4,17,0,21,0,0,86,0,86,0,4,103,0,107,214,0,214,321
05/02/2021,HIO,OR,ANM,WE,Towers with Radar,0,2,27,0,29,0,0,128,0,128,0,2,155,0,157,154,0,154,311
05/03/2021,HIO,OR,ANM,WE,Towers with Radar,0,17,41,0,58,0,0,81,0,81,0,17,122,0,139,181,0,181,320
05/04/2021,HIO,OR,ANM,WE,Towers with Radar,0,12,54,0,66,0,0,194,0,194,0,12,248,0,260,469,0,469,729
05/05/2021,HIO,OR,ANM,WE,Towers with Radar,0,12,31,1,44,0,1,223,1,225,0,13,254,2,269,313,0,313,582
05/06/2021,HIO,OR,ANM,WE,Towers with Radar,0,14,37,0,51,0,0,77,0,77,0,14,114,0,128,127,0,127,255
05/07/2021,HIO,OR,ANM,WE,Towers with Radar,0,9,31,0,40,0,2,142,0,144,0,11,173,0,184,117,0,117,301
05/08/2021,HIO,OR,ANM,WE,Towers with Radar,0,1,23,0,24,0,0,172,0,172,0,1,195,0,196,282,0,282,478
05/09/2021,HIO,OR,ANM,WE,Towers with Radar,0,1,23,0,24,0,0,77,0,77,0,1,100,0,101,223,0,223,324
05/10/2021,HIO,OR,ANM,WE,Towers with Radar,0,12,48,0,60,0,3,151,1,155,0,15,199,1,215,254,0,254,469
05/11/2021,HIO,OR,ANM,WE,Towers with Radar,0,11,28,0,39,0,0,207,0,207,0,11,235,0,246,256,0,256,502
05/12/2021,HIO,OR,ANM,WE,Towers with Radar,0,13,39,0,52,0,0,218,0,218,0,13,257,0,270,339,0,339,609
05/13/2021,HIO,OR,ANM,WE,Towers with Radar,0,7,25,0,32,0,0,225,1,226,0,7,250,1,258,359,0,359,617
05/14/2021,HIO,OR,ANM,WE,Towers with Radar,0,9,30,0,39,0,0,180,1,181,0,9,210,1,220,279,0,279,499
05/15/2021,HIO,OR,ANM,WE,Towers with Radar,0,8,11,0,19,0,1,167,0,168,0,9,178,0,187,248,0,248,435
05/16/2021,HIO,OR,ANM,WE,Towers with Radar,0,5,26,0,31,0,0,146,0,146,0,5,172,0,177,200,0,200,377
05/17/2021,HIO,OR,ANM,WE,Towers with Radar,0,10,55,0,65,0,0,69,0,69,0,10,124,0,134,362,0,362,496
05/18/2021,HIO,OR,ANM,WE,Towers with Radar,0,10,51,0,61,0,1,157,0,158,0,11,208,0,219,290,0,290,509
05/19/2021,HIO,OR,ANM,WE,Towers with Radar,0,17,33,1,51,0,0,92,0,92,0,17,125,1,143,452,0,452,595
05/20/2021,HIO,OR,ANM,WE,Towers with Radar,0,13,33,2,48,0,0,118,2,120,0,13,151,4,168,435,0,435,603
05/21/2021,HIO,OR,ANM,WE,Towers with Radar,0,11,39,1,51,0,0,165,0,165,0,11,204,1,216,452,0,452,668
05/22/2021,HIO,OR,ANM,WE,Towers with Radar,0,2,21,0,23,0,0,200,0,200,0,2,221,0,223,504,0,504,727
05/23/2021,HIO,OR,ANM,WE,Towers with Radar,0,13,46,0,59,0,0,60,0,60,0,13,106,0,119,214,0,214,333
05/24/2021,HIO,OR,ANM,WE,Towers with Radar,0,12,47,1,60,0,1,2,1,4,0,13,49,2,64,0,0,0,64
05/25/2021,HIO,OR,ANM,WE,Towers with Radar,0,6,37,0,43,0,2,79,0,81,0,8,116,0,124,342,0,342,466
05/26/2021,HIO,OR,ANM,WE,Towers with Radar,0,17,37,0,54,0,0,244,0,244,0,17,281,0,298,389,0,389,687
05/27/2021,HIO,OR,ANM,WE,Towers with Radar,0,15,36,1,52,0,0,22,1,23,0,15,58,2,75,81,0,81,156
05/28/2021,HIO,OR,ANM,WE,Towers with Radar,0,4,36,0,40,0,0,161,2,163,0,4,197,2,203,354,0,354,557
05/29/2021,HIO,OR,ANM,WE,Towers with Radar,0,10,17,0,27,0,0,148,2,150,0,10,165,2,177,260,0,260,437
05/30/2021,HIO,OR,ANM,WE,Towers with Radar,0,1,13,0,14,0,0,144,0,144,0,1,157,0,158,211,0,211,369
05/31/2021,HIO,OR,ANM,WE,Towers with Radar,0,9,23,0,32,0,0,151,0,151,0,9,174,0,183,225,0,225,408
06/01/2021,HIO,OR,ANM,WE,Towers with Radar,0,11,52,2,65,0,1,197,0,198,0,12,249,2,263,351,0,351,614
06/02/2021,HIO,OR,ANM,WE,Towers with Radar,0,10,24,0,34,0,1,215,1,217,0,11,239,1,251,259,0,259,510
06/03/2021,HIO,OR,ANM,WE,Towers with Radar,0,11,33,0,44,0,1,214,0,215,0,12,247,0,259,307,0,307,566
06/04/2021,HIO,OR,ANM,WE,Towers with Radar,0,10,40,0,50,0,1,236,0,237,0,11,276,0,287,255,0,255,542
06/05/2021,HIO,OR,ANM,WE,Towers with Radar,0,5,35,0,40,0,0,101,0,101,0,5,136,0,141,258,0,258,399
06/06/2021,HIO,OR,ANM,WE,Towers with Radar,0,2,23,0,25,0,0,74,0,74,0,2,97,0,99,110,0,110,209
06/07/2021,HIO,OR,ANM,WE,Towers with Radar,0,8,34,0,42,0,1,170,0,171,0,9,204,0,213,459,0,459,672
06/08/2021,HIO,OR,ANM,WE,Towers with Radar,0,7,34,0,41,0,0,139,1,140,0,7,173,1,181,257,0,257,438
06/09/2021,HIO,OR,ANM,WE,Towers with Radar,0,12,40,0,52,0,0,173,0,173,0,12,213,0,225,355,0,355,580
06/10/2021,HIO,OR,ANM,WE,Towers with Radar,0,9,49,0,58,0,3,145,0,148,0,12,194,0,206,312,0,312,518
06/11/2021,HIO,OR,ANM,WE,Towers with Radar,0,14,45,0,59,0,0,24,0,24,0,14,69,0,83,80,0,80,163
06/12/2021,HIO,OR,ANM,WE,Towers with Radar,0,6,31,0,37,0,0,131,0,131,0,6,162,0,168,367,0,367,535
06/13/2021,HIO,OR,ANM,WE,Towers with Radar,0,1,44,0,45,0,0,3,0,3,0,1,47,0,48,0,0,0,48
06/14/2021,HIO,OR,ANM,WE,Towers with Radar,0,12,44,0,56,0,2,49,0,51,0,14,93,0,107,150,0,150,257
06/15/2021,HIO,OR,ANM,WE,Towers with Radar,0,9,42,0,51,0,2,93,0,95,0,11,135,0,146,335,0,335,481
06/16/2021,HIO,OR,ANM,WE,Towers with Radar,0,9,33,0,42,0,1,282,0,283,0,10,315,0,325,392,0,392,717
06/17/2021,HIO,OR,ANM,WE,Towers with Radar,0,14,36,0,50,0,3,294,0,297,0,17,330,0,347,432,0,432,779
06/18/2021,HIO,OR,ANM,WE,Towers with Radar,0,10,26,0,36,0,0,265,2,267,0,10,291,2,303,324,0,324,627
06/19/2021,HIO,OR,ANM,WE,Towers with Radar,0,6,27,0,33,0,0,231,0,231,0,6,258,0,264,240,0,240,504
06/20/2021,HIO,OR,ANM,WE,Towers with Radar,0,1,16,0,17,0,0,166,0,166,0,1,182,0,183,153,0,153,336
06/21/2021,HIO,OR,ANM,WE,Towers with Radar,0,9,39,0,48,0,2,175,0,177,0,11,214,0,225,299,0,299,524
06/22/2021,HIO,OR,ANM,WE,Towers with Radar,0,10,43,0,53,0,2,199,0,201,0,12,242,0,254,355,0,355,609
06/23/2021,HIO,OR,ANM,WE,Towers with Radar,0,16,34,2,52,0,0,184,2,186,0,16,218,4,238,299,8,307,545
06/24/2021,HIO,OR,ANM,WE,Towers with Radar,0,8,45,0,53,0,0,271,0,271,0,8,316,0,324,329,0,329,653
06/25/2021,HIO,OR,ANM,WE,Towers with Radar,0,10,33,0,43,0,2,216,0,218,0,12,249,0,261,186,0,186,447
06/26/2021,HIO,OR,ANM,WE,Towers with Radar,0,8,22,0,30,0,0,90,0,90,0,8,112,0,120,181,0,181,301
06/27/2021,HIO,OR,ANM,WE,Towers with Radar,0,7,25,0,32,0,0,102,0,102,0,7,127,0,134,128,0,128,262
06/28/2021,HIO,OR,ANM,WE,Towers with Radar,0,7,21,0,28,0,0,55,0,55,0,7,76,0,83,83,0,83,166
06/29/2021,HIO,OR,ANM,WE,Towers with Radar,0,11,27,0,38,0,1,211,0,212,0,12,238,0,250,297,0,297,547
06/30/2021,HIO,OR,ANM,WE,Towers with Radar,0,17,69,0,86,0,0,96,1,97,0,17,165,1,183,453,1,454,637
07/01/2021,HIO,OR,ANM,WE,Towers with Radar,0,23,56,0,79,0,0,131,0,131,0,23,187,0,210,333,0,333,543
07/02/2021,HIO,OR,ANM,WE,Towers with Radar,0,6,39,0,45,0,0,192,1,193,0,6,231,1,238,277,0,277,515
07/03/2021,HIO,OR,ANM,WE,Towers with Radar,0,6,45,0,51,0,0,130,0,130,0,6,175,0,181,137,0,137,318
07/04/2021,HIO,OR,ANM,WE,Towers with Radar,0,4,15,0,19,0,0,143,0,143,0,4,158,0,162,206,0,206,368
07/05/2021,HIO,OR,ANM,WE,Towers with Radar,0,12,38,0,50,0,2,159,0,161,0,14,197,0,211,249,0,249,460
07/06/2021,HIO,OR,ANM,WE,Towers with Radar,0,4,22,0,26,0,0,169,0,169,0,4,191,0,195,329,0,329,524
07/07/2021,HIO,OR,ANM,WE,Towers with Radar,0,4,60,1,65,0,0,74,1,75,0,4,134,2,140,208,0,208,348
07/08/2021,HIO,OR,ANM,WE,Towers with Radar,0,6,57,0,63,0,1,223,0,224,0,7,280,0,287,357,0,357,644
07/09/2021,HIO,OR,ANM,WE,Towers with Radar,0,9,28,0,37,0,4,229,0,233,0,13,257,0,270,346,0,346,616
07/10/2021,HIO,OR,ANM,WE,Towers with Radar,0,3,23,0,26,0,0,193,0,193,0,3,216,0,219,264,0,264,483
07/11/2021,HIO,OR,ANM,WE,Towers with Radar,0,0,31,0,31,0,0,155,0,155,0,0,186,0,186,295,0,295,481
07/12/2021,HIO,OR,ANM,WE,Towers with Radar,0,10,38,0,48,0,0,151,0,151,0,10,189,0,199,155,0,155,354
07/13/2021,HIO,OR,ANM,WE,Towers with Radar,0,9,31,0,40,0,1,230,0,231,0,10,261,0,271,293,0,293,564
07/14/2021,HIO,OR,ANM,WE,Towers with Radar,0,11,37,2,50,0,4,187,0,191,0,15,224,2,241,324,0,324,565
07/15/2021,HIO,OR,ANM,WE,Towers with Radar,0,10,50,0,60,0,3,193,0,196,0,13,243,0,256,226,0,226,482
07/16/2021,HIO,OR,ANM,WE,Towers with Radar,0,11,47,0,58,0,0,158,2,160,0,11,205,2,218,365,1,366,584
07/17/2021,HIO,OR,ANM,WE,Towers with Radar,0,1,28,0,29,0,0,197,0,197,0,1,225,0,226,205,0,205,431
07/18/2021,HIO,OR,ANM,WE,Towers with Radar,0,1,23,0,24,0,0,190,0,190,0,1,213,0,214,143,0,143,357
07/19/2021,HIO,OR,ANM,WE,Towers with Radar,0,9,25,0,34,0,0,192,0,192,0,9,217,0,226,215,0,215,441
07/20/2021,HIO,OR,ANM,WE,Towers with Radar,0,16,46,0,62,0,0,152,0,152,0,16,198,0,214,279,0,279,493
07/21/2021,HIO,OR,ANM,WE,Towers with Radar,0,15,54,0,69,0,1,201,0,202,0,16,255,0,271,334,0,334,605
07/22/2021,HIO,OR,ANM,WE,Towers with Radar,0,16,44,0,60,0,0,286,0,286,0,16,330,0,346,398,0,398,744
07/23/2021,HIO,OR,ANM,WE,Towers with Radar,0,12,38,0,50,0,1,205,0,206,0,13,243,0,256,279,0,279,535
07/24/2021,HIO,OR,ANM,WE,Towers with Radar,0,1,26,0,27,0,0,185,0,185,0,1,211,0,212,208,0,208,420
07/25/2021,HIO,OR,ANM,WE,Towers with Radar,0,2,35,0,37,0,1,197,0,198,0,3,232,0,235,153,0,153,388
07/26/2021,HIO,OR,ANM,WE,Towers with Radar,0,12,27,0,39,0,0,170,0,170,0,12,197,0,209,204,0,204,413
07/27/2021,HIO,OR,ANM,WE,Towers with Radar,0,11,24,2,37,0,0,235,0,235,0,11,259,2,272,300,0,300,572
07/28/2021,HIO,OR,ANM,WE,Towers with Radar,0,14,56,2,72,0,0,193,0,193,0,14,249,2,265,328,0,328,593
07/29/2021,HIO,OR,ANM,WE,Towers with Radar,0,9,36,1,46,0,4,230,2,236,0,13,266,3,282,246,0,246,528
07/30/2021,HIO,OR,ANM,WE,Towers with Radar,0,6,27,0,33,0,1,257,0,258,0,7,284,0,291,314,0,314,605
07/31/2021,HIO,OR,ANM,WE,Towers with Radar,0,7,29,0,36,0,0,187,0,187,0,7,216,0,223,306,0,306,529
08/01/2021,HIO,OR,ANM,WE,Towers with Radar,0,5,38,0,43,0,0,157,0,157,0,5,195,0,200,173,0,173,373
08/02/2021,HIO,OR,ANM,WE,Towers with Radar,0,11,41,0,52,0,0,162,0,162,0,11,203,0,214,219,0,219,433
08/03/2021,HIO,OR,ANM,WE,Towers with Radar,0,15,36,0,51,0,0,208,0,208,0,15,244,0,259,405,0,405,664
08/04/2021,HIO,OR,ANM,WE,Towers with Radar,0,12,42,0,54,0,1,223,0,224,0,13,265,0,278,397,0,397,675
08/05/2021,HIO,OR,ANM,WE,Towers with Radar,0,11,40,0,51,0,1,202,0,203,0,12,242,0,254,315,0,315,569
08/06/2021,HIO,OR,ANM,WE,Towers with Radar,0,11,58,0,69,0,1,60,0,61,0,12,118,0,130,205,0,205,335
08/07/2021,HIO,OR,ANM,WE,Towers with Radar,0,9,26,0,35,0,0,101,0,101,0,9,127,0,136,190,0,190,326
08/08/2021,HIO,OR,ANM,WE,Towers with Radar,0,5,27,0,32,0,3,155,0,158,0,8,182,0,190,204,0,204,394
08/09/2021,HIO,OR,ANM,WE,Towers with Radar,0,11,34,0,45,0,0,156,0,156,0,11,190,0,201,318,0,318,519
08/10/2021,HIO,OR,ANM,WE,Towers with Radar,0,10,32,0,42,0,0,204,1,205,0,10,236,1,247,284,0,284,531
08/11/2021,HIO,OR,ANM,WE,Towers with Radar,0,8,30,0,38,0,0,200,0,200,0,8,230,0,238,307,0,307,545
08/12/2021,HIO,OR,ANM,WE,Towers with Radar,0,8,33,0,41,0,1,145,0,146,0,9,178,0,187,218,0,218,405
08/13/2021,HIO,OR,ANM,WE,Towers with Radar,0,8,38,0,46,0,1,132,0,133,0,9,170,0,179,227,0,227,406
08/14/2021,HIO,OR,ANM,WE,Towers with Radar,0,11,42,0,53,0,2,95,0,97,0,13,137,0,150,236,0,236,386
08/15/2021,HIO,OR,ANM,WE,Towers with Radar,0,10,23,0,33,0,0,63,0,63,0,10,86,0,96,34,0,34,130
08/16/2021,HIO,OR,ANM,WE,Towers with Radar,0,9,35,0,44,0,0,164,1,165,0,9,199,1,209,269,0,269,478
08/17/2021,HIO,OR,ANM,WE,Towers with Radar,0,9,38,0,47,0,0,138,0,138,0,9,176,0,185,308,0,308,493
08/18/2021,HIO,OR,ANM,WE,Towers with Radar,0,11,47,1,59,0,0,178,4,182,0,11,225,5,241,147,0,147,388
08/19/2021,HIO,OR,ANM,WE,Towers with Radar,0,8,34,2,44,0,2,212,0,214,0,10,246,2,258,245,0,245,503
08/20/2021,HIO,OR,ANM,WE,Towers with Radar,0,13,45,0,58,0,0,118,0,118,0,13,163,0,176,223,0,223,399
08/21/2021,HIO,OR,ANM,WE,Towers with Radar,0,5,36,0,41,0,0,85,0,85,0,5,121,0,126,235,0,235,361
08/22/2021,HIO,OR,ANM,WE,Towers with Radar,0,3,30,0,33,0,2,130,0,132,0,5,160,0,165,282,0,282,447
08/23/2021,HIO,OR,ANM,WE,Towers with Radar,0,14,31,2,47,0,0,192,0,192,0,14,223,2,239,217,0,217,456
08/24/2021,HIO,OR,ANM,WE,Towers with Radar,0,13,31,0,44,0,0,221,2,223,0,13,252,2,267,281,0,281,548
08/25/2021,HIO,OR,ANM,WE,Towers with Radar,0,12,37,0,49,0,0,222,2,224,0,12,259,2,273,377,0,377,650
08/26/2021,HIO,OR,ANM,WE,Towers with Radar,0,12,58,0,70,0,3,68,0,71,0,15,126,0,141,271,0,271,412
08/27/2021,HIO,OR,ANM,WE,Towers with Radar,0,11,52,0,63,0,0,143,0,143,0,11,195,0,206,265,0,265,471
08/28/2021,HIO,OR,ANM,WE,Towers with Radar,0,6,21,0,27,0,2,201,0,203,0,8,222,0,230,174,0,174,404
08/29/2021,HIO,OR,ANM,WE,Towers with Radar,0,4,24,0,28,0,0,156,0,156,0,4,180,0,184,176,0,176,360
08/30/2021,HIO,OR,ANM,WE,Towers with Radar,0,15,30,0,45,0,0,152,0,152,0,15,182,0,197,288,0,288,485
08/31/2021,HIO,OR,ANM,WE,Towers with Radar,0,12,35,0,47,0,0,163,0,163,0,12,198,0,210,395,0,395,605
09/01/2021,HIO,OR,ANM,WE,Towers with Radar,0,12,38,0,50,0,1,210,0,211,0,13,248,0,261,282,0,282,543
09/02/2021,HIO,OR,ANM,WE,Towers with Radar,0,15,31,0,46,0,0,217,0,217,0,15,248,0,263,248,0,248,511
09/03/2021,HIO,OR,ANM,WE,Towers with Radar,0,10,35,2,47,0,0,217,0,217,0,10,252,2,264,333,0,333,597
09/04/2021,HIO,OR,ANM,WE,Towers with Radar,0,4,28,0,32,0,3,150,0,153,0,7,178,0,185,211,0,211,396
09/05/2021,HIO,OR,ANM,WE,Towers with Radar,0,5,39,0,44,0,0,106,0,106,0,5,145,0,150,216,0,216,366
09/06/2021,HIO,OR,ANM,WE,Towers with Radar,0,5,26,0,31,0,0,130,0,130,0,5,156,0,161,252,0,252,413
09/07/2021,HIO,OR,ANM,WE,Towers with Radar,0,10,41,0,51,0,0,153,1,154,0,10,194,1,205,428,0,428,633
09/08/2021,HIO,OR,ANM,WE,Towers with Radar,0,19,28,0,47,0,0,155,0,155,0,19,183,0,202,283,0,283,485
09/09/2021,HIO,OR,ANM,WE,Towers with Radar,0,11,28,0,39,0,1,179,2,182,0,12,207,2,221,284,0,284,505
09/10/2021,HIO,OR,ANM,WE,Towers with Radar,0,12,59,0,71,0,0,76,0,76,0,12,135,0,147,317,0,317,464
09/11/2021,HIO,OR,ANM,WE,Towers with Radar,0,1,27,0,28,0,0,192,0,192,0,1,219,0,220,310,0,310,530
09/12/2021,HIO,OR,ANM,WE,Towers with Radar,0,4,41,0,45,0,0,116,0,116,0,4,157,0,161,196,0,196,357
09/13/2021,HIO,OR,ANM,WE,Towers with Radar,0,9,26,0,35,0,0,146,0,146,0,9,172,0,181,341,0,341,522
09/14/2021,HIO,OR,ANM,WE,Towers with Radar,0,10,45,0,55,0,0,189,0,189,0,10,234,0,244,279,0,279,523
09/15/2021,HIO,OR,ANM,WE,Towers with Radar,0,12,27,0,39,0,0,140,1,141,0,12,167,1,180,281,0,281,461
09/16/2021,HIO,OR,ANM,WE,Towers with Radar,0,15,39,0,54,0,0,227,2,229,0,15,266,2,283,214,0,214,497
09/17/2021,HIO,OR,ANM,WE,Towers with Radar,0,17,40,1,58,0,1,88,0,89,0,18,128,1,147,185,0,185,332
09/18/2021,HIO,OR,ANM,WE,Towers with Radar,0,6,21,2,29,0,0,4,0,4,0,6,25,2,33,26,0,26,59
09/19/2021,HIO,OR,ANM,WE,Towers with Radar,0,9,29,2,40,0,1,14,0,15,0,10,43,2,55,75,0,75,130
09/20/2021,HIO,OR,ANM,WE,Towers with Radar,1,17,46,1,65,0,0,112,1,113,1,17,158,2,178,249,0,249,427
09/21/2021,HIO,OR,ANM,WE,Towers with Radar,0,9,27,0,36,0,1,258,0,259,0,10,285,0,295,289,0,289,584
09/22/2021,HIO,OR,ANM,WE,Towers with Radar,0,14,57,0,71,0,1,144,0,145,0,15,201,0,216,291,0,291,507
09/23/2021,HIO,OR,ANM,WE,Towers with Radar,0,14,60,0,74,0,2,119,1,122,0,16,179,1,196,133,0,133,329
09/24/2021,HIO,OR,ANM,WE,Towers with Radar,0,13,40,0,53,0,1,226,0,227,0,14,266,0,280,196,0,196,476
09/25/2021,HIO,OR,ANM,WE,Towers with Radar,0,5,35,0,40,0,1,190,0,191,0,6,225,0,231,272,0,272,503
09/26/2021,HIO,OR,ANM,WE,Towers with Radar,0,1,39,0,40,0,0,37,0,37,0,1,76,0,77,11,0,11,88
09/27/2021,HIO,OR,ANM,WE,Towers with Radar,0,14,53,0,67,0,0,6,0,6,0,14,59,0,73,31,0,31,104
09/28/2021,HIO,OR,ANM,WE,Towers with Radar,0,7,57,0,64,0,0,39,0,39,0,7,96,0,103,113,0,113,216
09/29/2021,HIO,OR,ANM,WE,Towers with Radar,0,10,54,0,64,0,1,117,0,118,0,11,171,0,182,210,0,210,392
09/30/2021,HIO,OR,ANM,WE,Towers with Radar,0,10,62,0,72,0,0,16,1,17,0,10,78,1,89,35,0,35,124
10/01/2021,HIO,OR,ANM,WE,Towers with Radar,0,10,45,0,55,0,0,179,0,179,0,10,224,0,234,205,0,205,439
10/02/2021,HIO,OR,ANM,WE,Towers with Radar,0,3,20,0,23,0,0,148,0,148,0,3,168,0,171,217,0,217,388
10/03/2021,HIO,OR,ANM,WE,Towers with Radar,0,3,24,0,27,0,0,165,0,165,0,3,189,0,192,164,0,164,356
10/04/2021,HIO,OR,ANM,WE,Towers with Radar,0,7,32,0,39,0,4,102,0,106,0,11,134,0,145,294,0,294,439
10/05/2021,HIO,OR,ANM,WE,Towers with Radar,0,10,46,0,56,0,0,11,0,11,0,10,57,0,67,49,0,49,116
10/06/2021,HIO,OR,ANM,WE,Towers with Radar,2,15,56,0,73,0,0,49,0,49,2,15,105,0,122,147,0,147,269
10/07/2021,HIO,OR,ANM,WE,Towers with Radar,0,12,49,0,61,0,0,193,0,193,0,12,242,0,254,264,0,264,518
10/08/2021,HIO,OR,ANM,WE,Towers with Radar,0,10,70,0,80,0,1,155,0,156,0,11,225,0,236,296,0,296,532
10/09/2021,HIO,OR,ANM,WE,Towers with Radar,0,7,46,0,53,0,1,87,0,88,0,8,133,0,141,296,0,296,437
10/10/2021,HIO,OR,ANM,WE,Towers with Radar,0,2,18,0,20,0,0,32,0,32,0,2,50,0,52,47,0,47,99
10/11/2021,HIO,OR,ANM,WE,Towers with Radar,0,8,63,0,71,0,1,163,0,164,0,9,226,0,235,317,0,317,552
10/12/2021,HIO,OR,ANM,WE,Towers with Radar,0,7,47,1,55,0,1,59,1,61,0,8,106,2,116,170,0,170,286
10/13/2021,HIO,OR,ANM,WE,Towers with Radar,0,12,35,1,48,0,0,26,1,27,0,12,61,2,75,103,0,103,178
10/14/2021,HIO,OR,ANM,WE,Towers with Radar,0,9,50,0,59,0,0,1,0,1,0,9,51,0,60,37,0,37,97
10/15/2021,HIO,OR,ANM,WE,Towers with Radar,0,10,43,0,53,0,4,140,0,144,0,14,183,0,197,170,0,170,367
10/16/2021,HIO,OR,ANM,WE,Towers with Radar,0,1,33,0,34,0,1,151,0,152,0,2,184,0,186,229,0,229,415
10/17/2021,HIO,OR,ANM,WE,Towers with Radar,0,3,34,0,37,0,0,10,0,10,0,3,44,0,47,26,0,26,73
10/18/2021,HIO,OR,ANM,WE,Towers with Radar,0,15,58,0,73,0,0,175,0,175,0,15,233,0,248,268,0,268,516
10/19/2021,HIO,OR,ANM,WE,Towers with Radar,0,13,36,0,49,0,0,222,0,222,0,13,258,0,271,317,0,317,588
10/20/2021,HIO,OR,ANM,WE,Towers with Radar,0,11,43,0,54,0,0,26,0,26,0,11,69,0,80,116,0,116,196
10/21/2021,HIO,OR,ANM,WE,Towers with Radar,0,18,36,0,54,0,0,103,0,103,0,18,139,0,157,169,0,169,326
10/22/2021,HIO,OR,ANM,WE,Towers with Radar,0,12,39,0,51,0,0,12,0,12,0,12,51,0,63,108,0,108,171
10/23/2021,HIO,OR,ANM,WE,Towers with Radar,0,0,35,0,35,0,0,13,0,13,0,0,48,0,48,4,0,4,52
10/24/2021,HIO,OR,ANM,WE,Towers with Radar,0,4,23,0,27,0,0,5,0,5,0,4,28,0,32,0,0,0,32
10/25/2021,HIO,OR,ANM,WE,Towers with Radar,0,8,18,0,26,0,0,1,0,1,0,8,19,0,27,0,0,0,27
10/26/2021,HIO,OR,ANM,WE,Towers with Radar,0,12,29,0,41,0,0,8,0,8,0,12,37,0,49,12,0,12,61
10/27/2021,HIO,OR,ANM,WE,Towers with Radar,0,19,65,0,84,0,0,126,0,126,0,19,191,0,210,277,0,277,487
10/28/2021,HIO,OR,ANM,WE,Towers with Radar,0,14,55,0,69,0,0,9,0,9,0,14,64,0,78,36,0,36,114
10/29/2021,HIO,OR,ANM,WE,Towers with Radar,0,6,56,0,62,0,0,138,0,138,0,6,194,0,200,226,0,226,426
10/30/2021,HIO,OR,ANM,WE,Towers with Radar,0,4,32,0,36,0,1,149,0,150,0,5,181,0,186,50,0,50,236
10/31/2021,HIO,OR,ANM,WE,Towers with Radar,0,6,27,0,33,0,0,173,0,173,0,6,200,0,206,131,0,131,337
11/01/2021,HIO,OR,ANM,WE,Towers with Radar,0,11,62,0,73,0,0,15,0,15,0,11,77,0,88,26,0,26,114
11/02/2021,HIO,OR,ANM,WE,Towers with Radar,0,12,47,5,64,0,0,39,0,39,0,12,86,5,103,107,0,107,210
11/03/2021,HIO,OR,ANM,WE,Towers with Radar,0,15,46,2,63,0,0,147,0,147,0,15,193,2,210,191,0,191,401
11/04/2021,HIO,OR,ANM,WE,Towers with Radar,0,15,28,2,45,0,0,13,0,13,0,15,41,2,58,8,0,8,66
11/05/2021,HIO,OR,ANM,WE,Towers with Radar,0,12,48,0,60,0,0,158,0,158,0,12,206,0,218,249,0,249,467
11/06/2021,HIO,OR,ANM,WE,Towers with Radar,0,6,20,0,26,0,1,24,0,25,0,7,44,0,51,64,0,64,115
11/07/2021,HIO,OR,ANM,WE,Towers with Radar,0,4,13,0,17,0,0,19,0,19,0,4,32,0,36,85,0,85,121
11/08/2021,HIO,OR,ANM,WE,Towers with Radar,0,13,47,0,60,0,1,183,0,184,0,14,230,0,244,260,0,260,504
11/09/2021,HIO,OR,ANM,WE,Towers with Radar,0,8,34,0,42,0,0,64,0,64,0,8,98,0,106,148,0,148,254
11/10/2021,HIO,OR,ANM,WE,Towers with Radar,0,11,50,0,61,0,0,176,0,176,0,11,226,0,237,337,0,337,574
11/11/2021,HIO,OR,ANM,WE,Towers with Radar,0,12,34,0,46,0,0,0,0,0,0,12,34,0,46,0,0,0,46
11/12/2021,HIO,OR,ANM,WE,Towers with Radar,0,10,40,0,50,0,1,8,0,9,0,11,48,0,59,8,0,8,67
11/13/2021,HIO,OR,ANM,WE,Towers with Radar,0,5,35,0,40,0,0,3,0,3,0,5,38,0,43,0,0,0,43
11/14/2021,HIO,OR,ANM,WE,Towers with Radar,0,2,48,0,50,0,0,34,0,34,0,2,82,0,84,124,0,124,208
11/15/2021,HIO,OR,ANM,WE,Towers with Radar,0,11,28,0,39,0,0,4,0,4,0,11,32,0,43,12,0,12,55
11/16/2021,HIO,OR,ANM,WE,Towers with Radar,0,13,34,0,47,0,1,175,0,176,0,14,209,0,223,231,0,231,454
11/17/2021,HIO,OR,ANM,WE,Towers with Radar,0,13,42,0,55,0,2,179,2,183,0,15,221,2,238,60,0,60,298
11/18/2021,HIO,OR,ANM,WE,Towers with Radar,0,8,32,0,40,0,0,96,0,96,0,8,128,0,136,226,0,226,362
11/19/2021,HIO,OR,ANM,WE,Towers with Radar,0,9,39,0,48,0,0,147,0,147,0,9,186,0,195,243,0,243,438
11/20/2021,HIO,OR,ANM,WE,Towers with Radar,0,4,45,0,49,0,0,136,0,136,0,4,181,0,185,293,0,293,478
11/21/2021,HIO,OR,ANM,WE,Towers with Radar,0,5,35,0,40,0,0,96,0,96,0,5,131,0,136,157,0,157,293
11/22/2021,HIO,OR,ANM,WE,Towers with Radar,0,12,42,0,54,0,0,2,0,2,0,12,44,0,56,0,0,0,56
11/23/2021,HIO,OR,ANM,WE,Towers with Radar,0,7,33,4,44,0,0,98,0,98,0,7,131,4,142,132,0,132,274
11/24/2021,HIO,OR,ANM,WE,Towers with Radar,0,6,24,0,30,0,0,17,0,17,0,6,41,0,47,51,0,51,98
11/25/2021,HIO,OR,ANM,WE,Towers with Radar,0,0,5,0,5,0,0,78,0,78,0,0,83,0,83,102,0,102,185
11/26/2021,HIO,OR,ANM,WE,Towers with Radar,0,4,33,0,37,0,0,0,0,0,0,4,33,0,37,0,0,0,37
11/27/2021,HIO,OR,ANM,WE,Towers with Radar,0,2,40,0,42,0,0,0,0,0,0,2,40,0,42,0,0,0,42
11/28/2021,HIO,OR,ANM,WE,Towers with Radar,0,12,57,0,69,0,0,110,2,112,0,12,167,2,181,237,0,237,418
11/29/2021,HIO,OR,ANM,WE,Towers with Radar,0,10,38,0,48,0,0,5,0,5,0,10,43,0,53,2,0,2,55
11/30/2021,HIO,OR,ANM,WE,Towers with Radar,0,10,52,0,62,0,0,79,0,79,0,10,131,0,141,143,0,143,284
12/01/2021,HIO,OR,ANM,WE,Towers with Radar,0,9,38,0,47,0,0,19,0,19,0,9,57,0,66,20,0,20,86
12/02/2021,HIO,OR,ANM,WE,Towers with Radar,0,14,58,1,73,0,0,135,0,135,0,14,193,1,208,305,0,305,513
12/03/2021,HIO,OR,ANM,WE,Towers with Radar,0,8,35,0,43,0,0,179,0,179,0,8,214,0,222,428,0,428,650
12/04/2021,HIO,OR,ANM,WE,Towers with Radar,0,6,24,1,31,0,0,0,0,0,0,6,24,1,31,0,0,0,31
12/05/2021,HIO,OR,ANM,WE,Towers with Radar,0,9,20,0,29,0,0,164,0,164,0,9,184,0,193,331,0,331,524
12/06/2021,HIO,OR,ANM,WE,Towers with Radar,0,10,33,2,45,0,0,0,0,0,0,10,33,2,45,2,0,2,47
12/07/2021,HIO,OR,ANM,WE,Towers with Radar,0,12,32,0,44,0,0,0,0,0,0,12,32,0,44,2,0,2,46
12/08/2021,HIO,OR,ANM,WE,Towers with Radar,0,13,40,0,53,0,0,138,0,138,0,13,178,0,191,272,0,272,463
12/09/2021,HIO,OR,ANM,WE,Towers with Radar,0,10,25,0,35,0,0,2,0,2,0,10,27,0,37,32,0,32,69
12/10/2021,HIO,OR,ANM,WE,Towers with Radar,0,18,25,0,43,0,0,9,0,9,0,18,34,0,52,4,0,4,56
12/11/2021,HIO,OR,ANM,WE,Towers with Radar,0,9,22,0,31,0,0,0,0,0,0,9,22,0,31,0,0,0,31
12/12/2021,HIO,OR,ANM,WE,Towers with Radar,0,6,23,0,29,0,0,13,0,13,0,6,36,0,42,113,0,113,155
12/13/2021,HIO,OR,ANM,WE,Towers with Radar,0,13,19,0,32,0,0,0,0,0,0,13,19,0,32,0,0,0,32
12/14/2021,HIO,OR,ANM,WE,Towers with Radar,0,8,31,0,39,0,0,43,2,45,0,8,74,2,84,185,0,185,269
12/15/2021,HIO,OR,ANM,WE,Towers with Radar,0,10,15,0,25,0,0,2,0,2,0,10,17,0,27,31,0,31,58
12/16/2021,HIO,OR,ANM,WE,Towers with Radar,0,12,42,0,54,0,0,26,0,26,0,12,68,0,80,139,0,139,219
12/17/2021,HIO,OR,ANM,WE,Towers with Radar,0,10,25,0,35,0,0,2,0,2,0,10,27,0,37,3,0,3,40
12/18/2021,HIO,OR,ANM,WE,Towers with Radar,0,9,19,0,28,0,0,9,0,9,0,9,28,0,37,68,0,68,105
12/19/2021,HIO,OR,ANM,WE,Towers with Radar,0,8,29,0,37,0,0,1,0,1,0,8,30,0,38,15,0,15,53
12/20/2021,HIO,OR,ANM,WE,Towers with Radar,0,5,25,0,30,0,0,0,0,0,0,5,25,0,30,0,0,0,30
12/21/2021,HIO,OR,ANM,WE,Towers with Radar,0,3,35,0,38,0,1,101,0,102,0,4,136,0,140,185,0,185,325
12/22/2021,HIO,OR,ANM,WE,Towers with Radar,0,7,29,0,36,0,0,22,0,22,0,7,51,0,58,91,0,91,149
12/23/2021,HIO,OR,ANM,WE,Towers with Radar,0,8,23,0,31,0,0,83,0,83,0,8,106,0,114,212,0,212,326
12/24/2021,HIO,OR,ANM,WE,Towers with Radar,0,11,7,0,18,0,0,1,0,1,0,11,8,0,19,0,0,0,19
12/25/2021,HIO,OR,ANM,WE,Towers with Radar,0,2,3,0,5,0,0,0,0,0,0,2,3,0,5,0,0,0,5
12/26/2021,HIO,OR,ANM,WE,Towers with Radar,0,0,13,0,13,0,0,1,0,1,0,0,14,0,14,9,0,9,23
12/27/2021,HIO,OR,ANM,WE,Towers with Radar,0,4,18,0,22,0,0,8,0,8,0,4,26,0,30,92,0,92,122
12/28/2021,HIO,OR,ANM,WE,Towers with Radar,0,8,14,0,22,0,0,0,0,0,0,8,14,0,22,0,0,0,22
12/29/2021,HIO,OR,ANM,WE,Towers with Radar,0,9,22,0,31,0,0,66,0,66,0,9,88,0,97,99,0,99,196
12/30/2021,HIO,OR,ANM,WE,Towers with Radar,0,7,21,0,28,0,0,2,0,2,0,7,23,0,30,0,0,0,30
12/31/2021,HIO,OR,ANM,WE,Towers with Radar,0,5,12,0,17,0,0,70,0,70,0,5,82,0,87,87,0,87,174
01/01/2022,HIO,OR,ANM,WE,Towers with Radar,0,5,21,0,26,0,0,30,0,30,0,5,51,0,56,154,0,154,210
01/02/2022,HIO,OR,ANM,WE,Towers with Radar,0,5,22,0,27,0,0,15,0,15,0,5,37,0,42,19,0,19,61
01/03/2022,HIO,OR,ANM,WE,Towers with Radar,0,8,20,0,28,0,0,13,0,13,0,8,33,0,41,42,0,42,83
01/04/2022,HIO,OR,ANM,WE,Towers with Radar,0,8,30,0,38,0,0,1,0,1,0,8,31,0,39,5,0,5,44
01/05/2022,HIO,OR,ANM,WE,Towers with Radar,0,12,22,0,34,0,0,0,0,0,0,12,22,0,34,0,0,0,34
01/06/2022,HIO,OR,ANM,WE,Towers with Radar,0,11,34,2,47,0,0,5,0,5,0,11,39,2,52,30,0,30,82
01/07/2022,HIO,OR,ANM,WE,Towers with Radar,0,8,24,0,32,0,0,60,0,60,0,8,84,0,92,204,0,204,296
01/08/2022,HIO,OR,ANM,WE,Towers with Radar,0,2,34,0,36,0,0,163,0,163,0,2,197,0,199,276,0,276,475
01/09/2022,HIO,OR,ANM,WE,Towers with Radar,0,2,40,0,42,0,1,199,0,200,0,3,239,0,242,262,0,262,504
01/10/2022,HIO,OR,ANM,WE,Towers with Radar,0,13,32,0,45,0,0,73,0,73,0,13,105,0,118,205,0,205,323
01/11/2022,HIO,OR,ANM,WE,Towers with Radar,0,10,30,0,40,0,2,46,0,48,0,12,76,0,88,191,0,191,279
01/12/2022,HIO,OR,ANM,WE,Towers with Radar,0,10,26,0,36,0,2,125,0,127,0,12,151,0,163,281,0,281,444
01/13/2022,HIO,OR,ANM,WE,Towers with Radar,0,10,35,0,45,0,0,3,0,3,0,10,38,0,48,8,0,8,56
01/14/2022,HIO,OR,ANM,WE,Towers with Radar,0,9,33,0,42,0,0,112,0,112,0,9,145,0,154,286,0,286,440
01/15/2022,HIO,OR,ANM,WE,Towers with Radar,0,7,26,0,33,0,0,48,0,48,0,7,74,0,81,97,0,97,178
01/16/2022,HIO,OR,ANM,WE,Towers with Radar,0,2,16,0,18,0,0,1,0,1,0,2,17,0,19,0,0,0,19
01/17/2022,HIO,OR,ANM,WE,Towers with Radar,0,7,44,0,51,0,0,2,0,2,0,7,46,0,53,0,0,0,53
01/18/2022,HIO,OR,ANM,WE,Towers with Radar,0,7,28,0,35,0,0,0,0,0,0,7,28,0,35,0,0,0,35
01/19/2022,HIO,OR,ANM,WE,Towers with Radar,0,11,26,0,37,0,0,0,0,0,0,11,26,0,37,0,0,0,37
01/20/2022,HIO,OR,ANM,WE,Towers with Radar,0,9,34,0,43,0,0,87,0,87,0,9,121,0,130,206,0,206,336
01/21/2022,HIO,OR,ANM,WE,Towers with Radar,0,10,52,0,62,0,0,41,0,41,0,10,93,0,103,158,0,158,261
01/22/2022,HIO,OR,ANM,WE,Towers with Radar,0,5,53,0,58,0,0,99,0,99,0,5,152,0,157,188,0,188,345
01/23/2022,HIO,OR,ANM,WE,Towers with Radar,0,7,17,0,24,0,0,173,0,173,0,7,190,0,197,177,0,177,374
01/24/2022,HIO,OR,ANM,WE,Towers with Radar,0,10,27,0,37,0,0,0,0,0,0,10,27,0,37,0,0,0,37
01/25/2022,HIO,OR,ANM,WE,Towers with Radar,0,11,23,0,34,0,1,169,0,170,0,12,192,0,204,277,0,277,481
01/26/2022,HIO,OR,ANM,WE,Towers with Radar,0,10,32,1,43,0,0,156,0,156,0,10,188,1,199,155,0,155,354
01/27/2022,HIO,OR,ANM,WE,Towers with Radar,0,16,27,0,43,0,3,138,1,142,0,19,165,1,185,123,0,123,308
01/28/2022,HIO,OR,ANM,WE,Towers with Radar,0,11,39,0,50,0,0,183,0,183,0,11,222,0,233,238,0,238,471
01/29/2022,HIO,OR,ANM,WE,Towers with Radar,0,6,26,0,32,0,1,161,0,162,0,7,187,0,194,342,0,342,536
01/30/2022,HIO,OR,ANM,WE,Towers with Radar,0,3,20,0,23,0,0,38,0,38,0,3,58,0,61,160,0,160,221
01/31/2022,HIO,OR,ANM,WE,Towers with Radar,0,8,27,0,35,0,0,57,0,57,0,8,84,0,92,174,0,174,266
02/01/2022,HIO,OR,ANM,WE,Towers with Radar,0,10,20,0,30,0,1,15,0,16,0,11,35,0,46,14,0,14,60
02/02/2022,HIO,OR,ANM,WE,Towers with Radar,0,17,19,0,36,0,0,0,0,0,0,17,19,0,36,0,0,0,36
02/03/2022,HIO,OR,ANM,WE,Towers with Radar,0,10,32,0,42,0,2,19,0,21,0,12,51,0,63,62,0,62,125
02/04/2022,HIO,OR,ANM,WE,Towers with Radar,0,10,22,0,32,0,0,0,0,0,0,10,22,0,32,0,0,0,32
02/05/2022,HIO,OR,ANM,WE,Towers with Radar,0,7,46,0,53,0,0,131,0,131,0,7,177,0,184,345,0,345,529
02/06/2022,HIO,OR,ANM,WE,Towers with Radar,0,5,53,0,58,0,1,123,0,124,0,6,176,0,182,304,0,304,486
02/07/2022,HIO,OR,ANM,WE,Towers with Radar,0,9,29,2,40,0,0,76,0,76,0,9,105,2,116,190,0,190,306
02/08/2022,HIO,OR,ANM,WE,Towers with Radar,0,8,35,0,43,0,0,96,0,96,0,8,131,0,139,183,0,183,322
02/09/2022,HIO,OR,ANM,WE,Towers with Radar,0,15,29,0,44,0,0,129,0,129,0,15,158,0,173,176,0,176,349
02/10/2022,HIO,OR,ANM,WE,Towers with Radar,0,18,51,2,71,0,0,51,0,51,0,18,102,2,122,95,0,95,217
02/11/2022,HIO,OR,ANM,WE,Towers with Radar,0,10,24,0,34,0,0,175,0,175,0,10,199,0,209,85,0,85,294
02/12/2022,HIO,OR,ANM,WE,Towers with Radar,0,4,23,0,27,0,1,207,0,208,0,5,230,0,235,132,0,132,367
02/13/2022,HIO,OR,ANM,WE,Towers with Radar,0,1,27,0,28,0,0,141,0,141,0,1,168,0,169,224,0,224,393
02/14/2022,HIO,OR,ANM,WE,Towers with Radar,0,8,13,0,21,0,0,13,0,13,0,8,26,0,34,54,0,54,88
02/15/2022,HIO,OR,ANM,WE,Towers with Radar,0,8,33,0,41,0,0,52,2,54,0,8,85,2,95,166,0,166,261
02/16/2022,HIO,OR,ANM,WE,Towers with Radar,0,10,54,0,64,0,1,65,0,66,0,11,119,0,130,283,0,283,413
02/17/2022,HIO,OR,ANM,WE,Towers with Radar,0,9,55,0,64,0,2,55,0,57,0,11,110,0,121,120,0,120,241
02/18/2022,HIO,OR,ANM,WE,Towers with Radar,0,9,30,0,39,0,0,183,0,183,0,9,213,0,222,382,0,382,604
02/19/2022,HIO,OR,ANM,WE,Towers with Radar,0,5,30,0,35,0,0,9,0,9,0,5,39,0,44,11,0,11,55
02/20/2022,HIO,OR,ANM,WE,Towers with Radar,0,4,19,0,23,0,0,80,0,80,0,4,99,0,103,164,0,164,267
02/21/2022,HIO,OR,ANM,WE,Towers with Radar,0,10,31,0,41,0,0,10,0,10,0,10,41,0,51,35,0,35,86
02/22/2022,HIO,OR,ANM,WE,Towers with Radar,0,8,24,0,32,0,3,129,0,132,0,11,153,0,164,34,0,34,198
02/23/2022,HIO,OR,ANM,WE,Towers with Radar,0,13,30,0,43,0,0,200,0,200,0,13,230,0,243,228,0,228,471
02/24/2022,HIO,OR,ANM,WE,Towers with Radar,0,9,20,0,29,0,0,88,0,88,0,9,108,0,117,318,0,318,435
02/25/2022,HIO,OR,ANM,WE,Towers with Radar,0,15,38,0,53,0,0,230,1,231,0,15,268,1,284,291,0,291,575
02/26/2022,HIO,OR,ANM,WE,Towers with Radar,0,5,22,1,28,0,0,59,0,59,0,5,81,1,87,117,0,117,204
02/27/2022,HIO,OR,ANM,WE,Towers with Radar,0,6,28,0,34,0,0,18,0,18,0,6,46,0,52,3,0,3,55
02/28/2022,HIO,OR,ANM,WE,Towers with Radar,0,9,15,0,24,0,0,2,0,2,0,9,17,0,26,0,0,0,26
03/01/2022,HIO,OR,ANM,WE,Towers with Radar,0,13,29,0,42,0,0,10,0,10,0,13,39,0,52,73,0,73,125
03/02/2022,HIO,OR,ANM,WE,Towers with Radar,0,11,32,2,45,0,0,10,0,10,0,11,42,2,55,38,0,38,93
03/03/2022,HIO,OR,ANM,WE,Towers with Radar,0,15,37,0,52,0,0,112,3,115,0,15,149,3,167,341,0,341,508
03/04/2022,HIO,OR,ANM,WE,Towers with Radar,0,9,33,0,42,0,1,103,2,106,0,10,136,2,148,203,0,203,351
03/05/2022,HIO,OR,ANM,WE,Towers with Radar,0,5,23,0,28,0,0,189,0,189,0,5,212,0,217,325,0,325,542
03/06/2022,HIO,OR,ANM,WE,Towers with Radar,0,6,46,0,52,0,2,129,0,131,0,8,175,0,183,261,0,261,444
03/07/2022,HIO,OR,ANM,WE,Towers with Radar,0,12,27,0,39,0,1,96,0,97,0,13,123,0,136,191,0,191,327
03/08/2022,HIO,OR,ANM,WE,Towers with Radar,0,13,32,0,45,0,0,49,0,49,0,13,81,0,94,202,0,202,296
03/09/2022,HIO,OR,ANM,WE,Towers with Radar,0,15,32,0,47,0,1,209,0,210,0,16,241,0,257,139,0,139,396
03/10/2022,HIO,OR,ANM,WE,Towers with Radar,0,15,38,0,53,0,1,206,0,207,0,16,244,0,260,461,0,461,721
03/11/2022,HIO,OR,ANM,WE,Towers with Radar,0,11,16,2,29,0,1,254,0,255,0,12,270,2,284,386,0,386,670
03/12/2022,HIO,OR,ANM,WE,Towers with Radar,0,8,18,0,26,0,0,101,0,101,0,8,119,0,127,247,0,247,374
03/13/2022,HIO,OR,ANM,WE,Towers with Radar,0,9,22,0,31,0,0,3,0,3,0,9,25,0,34,66,0,66,100
03/14/2022,HIO,OR,ANM,WE,Towers with Radar,0,13,30,0,43,0,0,47,0,47,0,13,77,0,90,394,0,394,484
03/15/2022,HIO,OR,ANM,WE,Towers with Radar,0,15,25,0,40,0,0,93,0,93,0,15,118,0,133,160,0,160,293
03/16/2022,HIO,OR,ANM,WE,Towers with Radar,0,13,42,0,55,0,0,194,0,194,0,13,236,0,249,475,0,475,724
03/17/2022,HIO,OR,ANM,WE,Towers with Radar,0,13,42,0,55,0,0,175,1,176,0,13,217,1,231,754,0,754,985
03/18/2022,HIO,OR,ANM,WE,Towers with Radar,0,12,30,0,42,0,0,73,0,73,0,12,103,0,115,270,0,270,385
03/19/2022,HIO,OR,ANM,WE,Towers with Radar,0,3,21,0,24,0,0,88,0,88,0,3,109,0,112,144,0,144,256
03/20/2022,HIO,OR,ANM,WE,Towers with Radar,0,3,25,0,28,0,0,73,0,73,0,3,98,0,101,400,0,400,501
03/21/2022,HIO,OR,ANM,WE,Towers with Radar,0,13,15,0,28,0,0,0,0,0,0,13,15,0,28,50,0,50,78
03/22/2022,HIO,OR,ANM,WE,Towers with Radar,0,16,30,0,46,0,3,153,0,156,0,19,183,0,202,365,0,365,567
03/23/2022,HIO,OR,ANM,WE,Towers with Radar,0,16,45,0,61,0,0,82,0,82,0,16,127,0,143,329,0,329,472
03/24/2022,HIO,OR,ANM,WE,Towers with Radar,0,10,29,0,39,0,0,283,0,283,0,10,312,0,322,527,0,527,849
03/25/2022,HIO,OR,ANM,WE,Towers with Radar,0,10,25,0,35,0,0,171,0,171,0,10,196,0,206,288,0,288,494
03/26/2022,HIO,OR,ANM,WE,Towers with Radar,0,10,25,0,35,0,0,112,0,112,0,10,137,0,147,288,0,288,435
03/27/2022,HIO,OR,ANM,WE,Towers with Radar,0,9,21,0,30,0,0,92,0,92,0,9,113,0,122,278,0,278,400
03/28/2022,HIO,OR,ANM,WE,Towers with Radar,0,12,28,0,40,0,1,83,0,84,0,13,111,0,124,258,0,258,382
03/29/2022,HIO,OR,ANM,WE,Towers with Radar,0,12,39,0,51,0,0,102,0,102,0,12,141,0,153,609,0,609,762
03/30/2022,HIO,OR,ANM,WE,Towers with Radar,0,9,28,0,37,0,0,128,0,128,0,9,156,0,165,453,0,453,618
03/31/2022,HIO,OR,ANM,WE,Towers with Radar,0,11,34,0,45,0,2,188,0,190,0,13,222,0,235,418,0,418,653
04/01/2022,HIO,OR,ANM,WE,Towers with Radar,0,12,32,0,44,0,0,209,0,209,0,12,241,0,253,456,0,456,709
04/02/2022,HIO,OR,ANM,WE,Towers with Radar,0,3,18,0,21,0,0,195,1,196,0,3,213,1,217,251,0,251,468
04/03/2022,HIO,OR,ANM,WE,Towers with Radar,0,2,20,0,22,0,0,48,0,48,0,2,68,0,70,75,0,75,145
04/04/2022,HIO,OR,ANM,WE,Towers with Radar,0,14,13,0,27,0,0,1,0,1,0,14,14,0,28,0,0,0,28
04/05/2022,HIO,OR,ANM,WE,Towers with Radar,0,9,20,0,29,0,1,149,0,150,0,10,169,0,179,505,0,505,684
04/06/2022,HIO,OR,ANM,WE,Towers with Radar,0,11,16,0,27,0,5,224,0,229,0,16,240,0,256,455,0,455,711
04/07/2022,HIO,OR,ANM,WE,Towers with Radar,0,15,39,0,54,0,0,273,2,275,0,15,312,2,329,379,0,379,708
04/08/2022,HIO,OR,ANM,WE,Towers with Radar,0,14,25,0,39,0,0,139,0,139,0,14,164,0,178,248,0,248,426
04/09/2022,HIO,OR,ANM,WE,Towers with Radar,0,11,16,0,27,0,0,70,0,70,0,11,86,0,97,147,0,147,244
04/10/2022,HIO,OR,ANM,WE,Towers with Radar,0,13,21,0,34,0,0,32,0,32,0,13,53,0,66,197,0,197,263
04/11/2022,HIO,OR,ANM,WE,Towers with Radar,0,14,17,0,31,0,1,29,0,30,0,15,46,0,61,38,0,38,99
04/12/2022,HIO,OR,ANM,WE,Towers with Radar,0,8,22,1,31,0,0,11,2,13,0,8,33,3,44,60,0,60,104
04/13/2022,HIO,OR,ANM,WE,Towers with Radar,0,13,30,0,43,0,0,59,2,61,0,13,89,2,104,166,0,166,270
04/14/2022,HIO,OR,ANM,WE,Towers with Radar,0,11,23,0,34,0,2,45,3,50,0,13,68,3,84,167,0,167,251
04/15/2022,HIO,OR,ANM,WE,Towers with Radar,0,9,32,0,41,0,0,231,0,231,0,9,263,0,272,359,0,359,631
04/16/2022,HIO,OR,ANM,WE,Towers with Radar,0,6,15,0,21,0,1,110,0,111,0,7,125,0,132,160,0,160,292
04/17/2022,HIO,OR,ANM,WE,Towers with Radar,0,5,22,0,27,0,1,265,0,266,0,6,287,0,293,426,0,426,719
04/18/2022,HIO,OR,ANM,WE,Towers with Radar,0,14,26,0,40,0,0,6,0,6,0,14,32,0,46,20,0,20,66
04/19/2022,HIO,OR,ANM,WE,Towers with Radar,0,13,19,0,32,0,0,22,0,22,0,13,41,0,54,97,0,97,151
04/20/2022,HIO,OR,ANM,WE,Towers with Radar,0,12,30,0,42,0,0,19,0,19,0,12,49,0,61,126,0,126,187
04/21/2022,HIO,OR,ANM,WE,Towers with Radar,0,11,23,0,34,0,2,36,4,42,0,13,59,4,76,171,7,178,254
04/22/2022,HIO,OR,ANM,WE,Towers with Radar,0,11,54,0,65,0,0,156,0,156,0,11,210,0,221,323,0,323,544
04/23/2022,HIO,OR,ANM,WE,Towers with Radar,0,5,26,0,31,0,0,269,0,269,0,5,295,0,300,344,0,344,644
04/24/2022,HIO,OR,ANM,WE,Towers with Radar,0,5,29,0,34,0,0,218,0,218,0,5,247,0,252,319,0,319,571
04/25/2022,HIO,OR,ANM,WE,Towers with Radar,0,7,48,0,55,0,0,94,1,95,0,7,142,1,150,352,0,352,502
04/26/2022,HIO,OR,ANM,WE,Towers with Radar,0,18,33,0,51,0,0,85,0,85,0,18,118,0,136,198,0,198,334
04/27/2022,HIO,OR,ANM,WE,Towers with Radar,0,15,45,0,60,0,2,177,0,179,0,17,222,0,239,458,0,458,697
04/28/2022,HIO,OR,ANM,WE,Towers with Radar,0,14,35,0,49,0,0,140,0,140,0,14,175,0,189,420,0,420,609
04/29/2022,HIO,OR,ANM,WE,Towers with Radar,0,11,67,0,78,0,0,117,0,117,0,11,184,0,195,309,0,309,504
04/30/2022,HIO,OR,ANM,WE,Towers with Radar,0,6,21,0,27,0,0,54,0,54,0,6,75,0,81,320,0,320,401
05/01/2022,HIO,OR,ANM,WE,Towers with Radar,0,6,40,0,46,0,0,173,0,173,0,6,213,0,219,366,0,366,585
05/02/2022,HIO,OR,ANM,WE,Towers with Radar,0,11,25,0,36,0,0,25,0,25,0,11,50,0,61,93,0,93,154
05/03/2022,HIO,OR,ANM,WE,Towers with Radar,0,12,41,0,53,0,0,234,1,235,0,12,275,1,288,470,0,470,758
05/04/2022,HIO,OR,ANM,WE,Towers with Radar,1,11,36,0,48,0,2,307,0,309,1,13,343,0,357,398,0,398,755
05/05/2022,HIO,OR,ANM,WE,Towers with Radar,0,8,30,1,39,0,0,5,0,5,0,8,35,1,44,48,1,49,93
05/06/2022,HIO,OR,ANM,WE,Towers with Radar,0,6,23,0,29,0,0,4,0,4,0,6,27,0,33,18,0,18,51
05/07/2022,HIO,OR,ANM,WE,Towers with Radar,0,3,23,0,26,0,1,86,0,87,0,4,109,0,113,302,0,302,415
05/08/2022,HIO,OR,ANM,WE,Towers with Radar,0,7,21,0,28,0,0,36,0,36,0,7,57,0,64,212,0,212,276
05/09/2022,HIO,OR,ANM,WE,Towers with Radar,0,8,31,0,39,0,1,75,0,76,0,9,106,0,115,247,0,247,362
05/10/2022,HIO,OR,ANM,WE,Towers with Radar,0,11,35,0,46,0,0,275,0,275,0,11,310,0,321,350,0,350,671
05/11/2022,HIO,OR,ANM,WE,Towers with Radar,0,11,37,2,50,0,1,169,0,170,0,12,206,2,220,298,0,298,518
05/12/2022,HIO,OR,ANM,WE,Towers with Radar,0,15,26,0,41,0,2,9,0,11,0,17,35,0,52,91,0,91,143
05/13/2022,HIO,OR,ANM,WE,Towers with Radar,0,11,61,0,72,0,1,136,0,137,0,12,197,0,209,505,0,505,714
05/14/2022,HIO,OR,ANM,WE,Towers with Radar,0,1,24,0,25,0,0,64,0,64,0,1,88,0,89,208,0,208,297
05/15/2022,HIO,OR,ANM,WE,Towers with Radar,0,1,29,0,30,0,0,38,0,38,0,1,67,0,68,96,0,96,164
05/16/2022,HIO,OR,ANM,WE,Towers with Radar,0,9,37,0,46,0,3,215,0,218,0,12,252,0,264,490,0,490,754
05/17/2022,HIO,OR,ANM,WE,Towers with Radar,0,14,42,0,56,0,1,262,0,263,0,15,304,0,319,425,0,425,744
05/18/2022,HIO,OR,ANM,WE,Towers with Radar,0,8,25,0,33,0,0,20,0,20,0,8,45,0,53,55,0,55,108
05/19/2022,HIO,OR,ANM,WE,Towers with Radar,0,11,29,7,47,0,2,133,5,140,0,13,162,12,187,370,8,378,565
05/20/2022,HIO,OR,ANM,WE,Towers with Radar,0,9,21,3,33,0,3,65,32,100,0,12,86,35,133,142,0,142,275
05/21/2022,HIO,OR,ANM,WE,Towers with Radar,0,0,12,2,14,0,1,89,20,110,0,1,101,22,124,42,0,42,166
05/22/2022,HIO,OR,ANM,WE,Towers with Radar,0,3,17,1,21,0,0,73,22,95,0,3,90,23,116,122,0,122,238
05/23/2022,HIO,OR,ANM,WE,Towers with Radar,0,13,35,7,55,0,2,241,7,250,0,15,276,14,305,407,0,407,712
05/24/2022,HIO,OR,ANM,WE,Towers with Radar,0,18,34,1,53,0,1,244,0,245,0,19,278,1,298,456,0,456,754
05/25/2022,HIO,OR,ANM,WE,Towers with Radar,0,10,49,2,61,0,1,173,0,174,0,11,222,2,235,458,0,458,693
05/26/2022,HIO,OR,ANM,WE,Towers with Radar,0,10,32,0,42,0,2,203,1,206,0,12,235,1,248,369,0,369,617
05/27/2022,HIO,OR,ANM,WE,Towers with Radar,0,5,49,0,54,0,0,171,0,171,0,5,220,0,225,445,0,445,670
05/28/2022,HIO,OR,ANM,WE,Towers with Radar,0,6,31,0,37,0,0,17,0,17,0,6,48,0,54,73,0,73,127
05/29/2022,HIO,OR,ANM,WE,Towers with Radar,0,5,25,0,30,0,0,86,0,86,0,5,111,0,116,275,0,275,391
05/30/2022,HIO,OR,ANM,WE,Towers with Radar,0,5,35,0,40,0,2,151,0,153,0,7,186,0,193,396,0,396,589
05/31/2022,HIO,OR,ANM,WE,Towers with Radar,0,17,37,0,54,0,0,288,2,290,0,17,325,2,344,394,0,394,738
06/01/2022,HIO,OR,ANM,WE,Towers with Radar,0,10,34,0,44,0,1,239,7,247,0,11,273,7,291,438,3,441,732
06/02/2022,HIO,OR,ANM,WE,Towers with Radar,2,19,27,0,48,0,2,224,0,226,2,21,251,0,274,357,0,357,631
06/03/2022,HIO,OR,ANM,WE,Towers with Radar,0,10,52,0,62,0,1,90,0,91,0,11,142,0,153,323,0,323,476
06/04/2022,HIO,OR,ANM,WE,Towers with Radar,0,6,22,0,28,0,0,14,0,14,0,6,36,0,42,65,0,65,107
06/05/2022,HIO,OR,ANM,WE,Towers with Radar,0,4,30,0,34,0,0,15,0,15,0,4,45,0,49,66,0,66,115
06/06/2022,HIO,OR,ANM,WE,Towers with Radar,0,16,41,0,57,0,1,200,2,203,0,17,241,2,260,496,0,496,756
06/07/2022,HIO,OR,ANM,WE,Towers with Radar,0,16,37,1,54,0,1,247,1,249,0,17,284,2,303,446,0,446,749
06/08/2022,HIO,OR,ANM,WE,Towers with Radar,0,15,43,0,58,0,3,281,4,288,0,18,324,4,346,538,0,538,884
06/09/2022,HIO,OR,ANM,WE,Towers with Radar,0,12,34,2,48,0,1,112,0,113,0,13,146,2,161,270,0,270,431
06/10/2022,HIO,OR,ANM,WE,Towers with Radar,0,14,31,0,45,0,0,11,0,11,0,14,42,0,56,69,0,69,125
06/11/2022,HIO,OR,ANM,WE,Towers with Radar,0,5,29,2,36,0,0,46,0,46,0,5,75,2,82,191,0,191,273
06/12/2022,HIO,OR,ANM,WE,Towers with Radar,0,3,33,0,36,0,0,49,0,49,0,3,82,0,85,250,0,250,335
06/13/2022,HIO,OR,ANM,WE,Towers with Radar,0,9,47,0,56,0,0,131,0,131,0,9,178,0,187,205,0,205,392
06/14/2022,HIO,OR,ANM,WE,Towers with Radar,0,18,37,0,55,0,1,180,1,182,0,19,217,1,237,374,0,374,611
06/15/2022,HIO,OR,ANM,WE,Towers with Radar,0,9,38,1,48,0,1,234,1,236,0,10,272,2,284,456,0,456,740
06/16/2022,HIO,OR,ANM,WE,Towers with Radar,0,14,44,0,58,0,2,189,0,191,0,16,233,0,249,302,0,302,551
06/17/2022,HIO,OR,ANM,WE,Towers with Radar,0,6,32,0,38,0,0,10,0,10,0,6,42,0,48,84,0,84,132
06/18/2022,HIO,OR,ANM,WE,Towers with Radar,0,5,49,0,54,0,1,99,4,104,0,6,148,4,158,244,0,244,402
06/19/2022,HIO,OR,ANM,WE,Towers with Radar,0,3,35,0,38,0,1,104,3,108,0,4,139,3,146,172,0,172,318
06/20/2022,HIO,OR,ANM,WE,Towers with Radar,0,3,38,0,41,0,1,206,0,207,0,4,244,0,248,360,0,360,608
06/21/2022,HIO,OR,ANM,WE,Towers with Radar,1,13,33,2,49,0,1,263,0,264,1,14,296,2,313,285,0,285,598
06/22/2022,HIO,OR,ANM,WE,Towers with Radar,0,10,34,1,45,0,0,224,0,224,0,10,258,1,269,413,0,413,682
06/23/2022,HIO,OR,ANM,WE,Towers with Radar,0,16,35,0,51,0,1,227,0,228,0,17,262,0,279,368,0,368,647
06/24/2022,HIO,OR,ANM,WE,Towers with Radar,0,12,40,0,52,0,3,221,0,224,0,15,261,0,276,232,0,232,508
06/25/2022,HIO,OR,ANM,WE,Towers with Radar,0,7,14,0,21,0,0,156,0,156,0,7,170,0,177,67,0,67,244
06/26/2022,HIO,OR,ANM,WE,Towers with Radar,0,7,25,0,32,0,3,184,0,187,0,10,209,0,219,176,0,176,395
06/27/2022,HIO,OR,ANM,WE,Towers with Radar,0,12,23,0,35,0,0,229,0,229,0,12,252,0,264,216,0,216,480
06/28/2022,HIO,OR,ANM,WE,Towers with Radar,0,15,50,0,65,0,0,140,0,140,0,15,190,0,205,270,0,270,475
06/29/2022,HIO,OR,ANM,WE,Towers with Radar,0,14,42,2,58,0,0,194,1,195,0,14,236,3,253,345,0,345,598
06/30/2022,HIO,OR,ANM,WE,Towers with Radar,0,9,39,0,48,0,4,199,0,203,0,13,238,0,251,335,0,335,586
07/01/2022,HIO,OR,ANM,WE,Towers with Radar,0,11,43,0,54,0,1,228,0,229,0,12,271,0,283,321,0,321,604
07/02/2022,HIO,OR,ANM,WE,Towers with Radar,0,9,50,0,59,0,0,89,0,89,0,9,139,0,148,325,0,325,473
07/03/2022,HIO,OR,ANM,WE,Towers with Radar,0,5,27,0,32,0,0,138,0,138,0,5,165,0,170,366,0,366,536
07/04/2022,HIO,OR,ANM,WE,Towers with Radar,0,5,20,0,25,0,0,156,0,156,0,5,176,0,181,315,0,315,496
07/05/2022,HIO,OR,ANM,WE,Towers with Radar,0,6,32,0,38,0,2,155,0,157,0,8,187,0,195,234,0,234,429
07/06/2022,HIO,OR,ANM,WE,Towers with Radar,0,3,30,2,35,0,0,158,0,158,0,3,188,2,193,340,0,340,533
07/07/2022,HIO,OR,ANM,WE,Towers with Radar,0,6,42,0,48,0,0,172,0,172,0,6,214,0,220,380,0,380,600
07/08/2022,HIO,OR,ANM,WE,Towers with Radar,0,8,30,0,38,0,0,234,0,234,0,8,264,0,272,195,0,195,467
07/09/2022,HIO,OR,ANM,WE,Towers with Radar,0,4,16,0,20,0,0,249,0,249,0,4,265,0,269,283,0,283,552
07/10/2022,HIO,OR,ANM,WE,Towers with Radar,0,4,35,0,39,0,0,169,0,169,0,4,204,0,208,322,0,322,530
07/11/2022,HIO,OR,ANM,WE,Towers with Radar,0,10,29,0,39,0,0,226,1,227,0,10,255,1,266,370,0,370,636
07/12/2022,HIO,OR,ANM,WE,Towers with Radar,0,7,30,0,37,0,1,228,0,229,0,8,258,0,266,229,0,229,495
07/13/2022,HIO,OR,ANM,WE,Towers with Radar,0,14,26,0,40,0,0,209,0,209,0,14,235,0,249,454,0,454,703
07/14/2022,HIO,OR,ANM,WE,Towers with Radar,0,7,26,0,33,0,3,241,0,244,0,10,267,0,277,249,0,249,526
07/15/2022,HIO,OR,ANM,WE,Towers with Radar,0,10,37,2,49,0,2,209,1,212,0,12,246,3,261,425,0,425,686
07/16/2022,HIO,OR,ANM,WE,Towers with Radar,0,5,31,0,36,0,0,91,0,91,0,5,122,0,127,172,0,172,299
07/17/2022,HIO,OR,ANM,WE,Towers with Radar,0,6,40,0,46,0,0,146,0,146,0,6,186,0,192,235,0,235,427
07/18/2022,HIO,OR,ANM,WE,Towers with Radar,0,6,36,1,43,0,2,160,0,162,0,8,196,1,205,357,0,357,562
07/19/2022,HIO,OR,ANM,WE,Towers with Radar,0,9,34,0,43,0,0,221,2,223,0,9,255,2,266,389,0,389,655
07/20/2022,HIO,OR,ANM,WE,Towers with Radar,0,10,39,0,49,0,2,251,1,254,0,12,290,1,303,328,0,328,631
07/21/2022,HIO,OR,ANM,WE,Towers with Radar,0,10,33,1,44,0,1,188,0,189,0,11,221,1,233,325,0,325,558
07/22/2022,HIO,OR,ANM,WE,Towers with Radar,0,8,45,0,53,0,2,140,0,142,0,10,185,0,195,309,0,309,504
07/23/2022,HIO,OR,ANM,WE,Towers with Radar,0,3,38,0,41,0,0,177,0,177,0,3,215,0,218,233,0,233,451
07/24/2022,HIO,OR,ANM,WE,Towers with Radar,0,2,35,0,37,0,0,229,18,247,0,2,264,18,284,179,0,179,463
07/25/2022,HIO,OR,ANM,WE,Towers with Radar,0,9,29,2,40,0,0,208,0,208,0,9,237,2,248,298,0,298,546
07/26/2022,HIO,OR,ANM,WE,Towers with Radar,0,10,31,0,41,0,0,207,0,207,0,10,238,0,248,265,0,265,513
07/27/2022,HIO,OR,ANM,WE,Towers with Radar,0,14,32,0,46,0,2,195,0,197,0,16,227,0,243,334,0,334,577
07/28/2022,HIO,OR,ANM,WE,Towers with Radar,0,6,25,0,31,0,2,232,0,234,0,8,257,0,265,359,0,359,624
07/29/2022,HIO,OR,ANM,WE,Towers with Radar,0,7,28,0,35,0,0,191,0,191,0,7,219,0,226,342,0,342,568
07/30/2022,HIO,OR,ANM,WE,Towers with Radar,0,5,19,0,24,0,0,196,0,196,0,5,215,0,220,302,0,302,522
07/31/2022,HIO,OR,ANM,WE,Towers with Radar,0,5,28,0,33,0,0,146,11,157,0,5,174,11,190,194,0,194,384
08/01/2022,HIO,OR,ANM,WE,Towers with Radar,0,15,27,0,42,0,0,208,1,209,0,15,235,1,251,313,10,323,574
08/02/2022,HIO,OR,ANM,WE,Towers with Radar,0,9,68,1,78,0,1,156,1,158,0,10,224,2,236,412,0,412,648
08/03/2022,HIO,OR,ANM,WE,Towers with Radar,0,13,19,0,32,0,26,219,0,245,0,39,238,0,277,347,0,347,624
08/04/2022,HIO,OR,ANM,WE,Towers with Radar,0,12,39,1,52,0,0,176,0,176,0,12,215,1,228,395,0,395,623
08/05/2022,HIO,OR,ANM,WE,Towers with Radar,0,14,27,0,41,0,0,258,1,259,0,14,285,1,300,347,0,347,647
08/06/2022,HIO,OR,ANM,WE,Towers with Radar,0,5,15,0,20,0,0,170,0,170,0,5,185,0,190,293,0,293,483
08/07/2022,HIO,OR,ANM,WE,Towers with Radar,0,8,29,0,37,0,1,125,0,126,0,9,154,0,163,258,0,258,421
08/08/2022,HIO,OR,ANM,WE,Towers with Radar,0,10,44,4,58,0,1,240,0,241,0,11,284,4,299,542,0,542,841
08/09/2022,HIO,OR,ANM,WE,Towers with Radar,0,15,38,0,53,0,2,146,0,148,0,17,184,0,201,418,0,418,619
08/10/2022,HIO,OR,ANM,WE,Towers with Radar,0,16,63,1,80,0,3,118,1,122,0,19,181,2,202,472,0,472,674
08/11/2022,HIO,OR,ANM,WE,Towers with Radar,0,13,41,0,54,0,6,215,1,222,0,19,256,1,276,437,0,437,713
08/12/2022,HIO,OR,ANM,WE,Towers with Radar,0,16,47,0,63,0,2,228,0,230,0,18,275,0,293,655,0,655,948
08/13/2022,HIO,OR,ANM,WE,Towers with Radar,0,6,27,0,33,0,2,198,1,201,0,8,225,1,234,433,0,433,667
08/14/2022,HIO,OR,ANM,WE,Towers with Radar,0,6,39,0,45,0,1,204,0,205,0,7,243,0,250,316,0,316,566
08/15/2022,HIO,OR,ANM,WE,Towers with Radar,0,8,32,3,43,0,0,213,2,215,0,8,245,5,258,508,0,508,766
08/16/2022,HIO,OR,ANM,WE,Towers with Radar,0,14,31,0,45,0,0,212,0,212,0,14,243,0,257,493,0,493,750
08/17/2022,HIO,OR,ANM,WE,Towers with Radar,0,14,41,0,55,0,0,235,2,237,0,14,276,2,292,361,0,361,653
08/18/2022,HIO,OR,ANM,WE,Towers with Radar,0,26,22,0,48,0,1,172,0,173,0,27,194,0,221,370,0,370,591
08/19/2022,HIO,OR,ANM,WE,Towers with Radar,0,11,54,0,65,0,0,157,0,157,0,11,211,0,222,625,0,625,847
08/20/2022,HIO,OR,ANM,WE,Towers with Radar,0,8,41,0,49,0,0,70,0,70,0,8,111,0,119,94,0,94,213
08/21/2022,HIO,OR,ANM,WE,Towers with Radar,0,5,29,0,34,0,0,170,0,170,0,5,199,0,204,414,0,414,618
08/22/2022,HIO,OR,ANM,WE,Towers with Radar,0,12,27,0,39,0,0,202,0,202,0,12,229,0,241,529,0,529,770
08/23/2022,HIO,OR,ANM,WE,Towers with Radar,0,11,36,0,47,0,0,219,0,219,0,11,255,0,266,470,0,470,736
08/24/2022,HIO,OR,ANM,WE,Towers with Radar,0,12,32,0,44,0,0,233,0,233,0,12,265,0,277,537,0,537,814
08/25/2022,HIO,OR,ANM,WE,Towers with Radar,0,14,33,0,47,0,2,212,1,215,0,16,245,1,262,591,0,591,853
08/26/2022,HIO,OR,ANM,WE,Towers with Radar,0,10,34,0,44,0,2,146,0,148,0,12,180,0,192,662,0,662,854
08/27/2022,HIO,OR,ANM,WE,Towers with Radar,0,4,31,0,35,0,1,134,0,135,0,5,165,0,170,397,0,397,567
08/28/2022,HIO,OR,ANM,WE,Towers with Radar,0,5,38,0,43,0,0,194,0,194,0,5,232,0,237,355,0,355,592
08/29/2022,HIO,OR,ANM,WE,Towers with Radar,0,18,29,0,47,0,0,227,0,227,0,18,256,0,274,447,0,447,721
08/30/2022,HIO,OR,ANM,WE,Towers with Radar,0,8,41,2,51,0,4,215,2,221,0,12,256,4,272,493,0,493,765
08/31/2022,HIO,OR,ANM,WE,Towers with Radar,0,11,28,0,39,0,5,213,3,221,0,16,241,3,260,475,0,475,735
09/01/2022,HIO,OR,ANM,WE,Towers with Radar,0,9,30,0,39,0,0,211,0,211,0,9,241,0,250,416,0,416,666
09/02/2022,HIO,OR,ANM,WE,Towers with Radar,0,12,38,0,50,0,1,217,0,218,0,13,255,0,268,435,0,435,703
09/03/2022,HIO,OR,ANM,WE,Towers with Radar,1,4,28,0,33,0,0,128,0,128,1,4,156,0,161,551,0,551,712
09/04/2022,HIO,OR,ANM,WE,Towers with Radar,0,0,18,0,18,0,0,117,0,117,0,0,135,0,135,223,0,223,358
09/05/2022,HIO,OR,ANM,WE,Towers with Radar,0,1,18,0,19,0,0,218,0,218,0,1,236,0,237,416,0,416,653
09/06/2022,HIO,OR,ANM,WE,Towers with Radar,0,5,28,0,33,0,3,224,3,230,0,8,252,3,263,412,0,412,675
09/07/2022,HIO,OR,ANM,WE,Towers with Radar,0,15,30,0,45,0,0,196,1,197,0,15,226,1,242,512,0,512,754
09/08/2022,HIO,OR,ANM,WE,Towers with Radar,0,9,33,0,42,0,7,213,0,220,0,16,246,0,262,446,0,446,708
09/09/2022,HIO,OR,ANM,WE,Towers with Radar,0,8,30,0,38,0,0,89,0,89,0,8,119,0,127,139,0,139,266
09/10/2022,HIO,OR,ANM,WE,Towers with Radar,0,2,30,0,32,0,2,43,0,45,0,4,73,0,77,83,0,83,160
09/11/2022,HIO,OR,ANM,WE,Towers with Radar,0,1,26,0,27,0,0,89,0,89,0,1,115,0,116,445,0,445,561
09/12/2022,HIO,OR,ANM,WE,Towers with Radar,0,10,52,0,62,0,3,103,0,106,0,13,155,0,168,488,0,488,656
09/13/2022,HIO,OR,ANM,WE,Towers with Radar,0,9,41,0,50,0,0,227,0,227,0,9,268,0,277,596,0,596,873
09/14/2022,HIO,OR,ANM,WE,Towers with Radar,0,17,34,0,51,0,2,228,2,232,0,19,262,2,283,421,0,421,704
09/15/2022,HIO,OR,ANM,WE,Towers with Radar,0,9,30,0,39,0,0,248,0,248,0,9,278,0,287,528,0,528,815
09/16/2022,HIO,OR,ANM,WE,Towers with Radar,0,11,34,0,45,0,1,216,0,217,0,12,250,0,262,456,0,456,718
09/17/2022,HIO,OR,ANM,WE,Towers with Radar,0,6,26,0,32,0,0,177,0,177,0,6,203,0,209,390,0,390,599
09/18/2022,HIO,OR,ANM,WE,Towers with Radar,0,7,29,0,36,0,0,193,0,193,0,7,222,0,229,289,0,289,518
09/19/2022,HIO,OR,ANM,WE,Towers with Radar,0,10,22,0,32,0,1,252,0,253,0,11,274,0,285,465,0,465,750
09/20/2022,HIO,OR,ANM,WE,Towers with Radar,0,11,36,0,47,0,1,233,0,234,0,12,269,0,281,521,0,521,802
09/21/2022,HIO,OR,ANM,WE,Towers with Radar,0,13,37,0,50,0,1,249,0,250,0,14,286,0,300,450,0,450,750
09/22/2022,HIO,OR,ANM,WE,Towers with Radar,0,13,56,0,69,0,1,181,0,182,0,14,237,0,251,360,0,360,611
09/23/2022,HIO,OR,ANM,WE,Towers with Radar,0,19,36,0,55,0,0,229,5,234,0,19,265,5,289,452,0,452,741
09/24/2022,HIO,OR,ANM,WE,Towers with Radar,0,0,18,0,18,0,0,211,0,211,0,0,229,0,229,291,0,291,520
09/25/2022,HIO,OR,ANM,WE,Towers with Radar,0,5,19,0,24,0,2,144,0,146,0,7,163,0,170,128,0,128,298
09/26/2022,HIO,OR,ANM,WE,Towers with Radar,0,13,35,0,48,0,3,200,2,205,0,16,235,2,253,502,0,502,755
09/27/2022,HIO,OR,ANM,WE,Towers with Radar,0,7,23,2,32,0,0,271,0,271,0,7,294,2,303,461,0,461,764
09/28/2022,HIO,OR,ANM,WE,Towers with Radar,0,20,77,0,97,0,1,39,0,40,0,21,116,0,137,98,0,98,235
09/29/2022,HIO,OR,ANM,WE,Towers with Radar,0,13,53,0,66,0,2,70,3,75,0,15,123,3,141,216,13,229,370
09/30/2022,HIO,OR,ANM,WE,Towers with Radar,0,10,50,0,60,0,0,164,0,164,0,10,214,0,224,393,0,393,617
10/01/2022,HIO,OR,ANM,WE,Towers with Radar,0,2,14,0,16,0,2,151,0,153,0,4,165,0,169,239,0,239,408
10/02/2022,HIO,OR,ANM,WE,Towers with Radar,0,3,23,0,26,0,1,234,0,235,0,4,257,0,261,272,0,272,533
10/03/2022,HIO,OR,ANM,WE,Towers with Radar,0,8,28,0,36,0,0,168,3,171,0,8,196,3,207,395,0,395,602
10/04/2022,HIO,OR,ANM,WE,Towers with Radar,0,7,38,1,46,0,1,78,1,80,0,8,116,2,126,330,0,330,456
10/05/2022,HIO,OR,ANM,WE,Towers with Radar,0,13,46,0,59,0,1,163,0,164,0,14,209,0,223,292,0,292,515
10/06/2022,HIO,OR,ANM,WE,Towers with Radar,0,11,32,0,43,0,0,203,0,203,0,11,235,0,246,359,0,359,605
10/07/2022,HIO,OR,ANM,WE,Towers with Radar,0,11,44,0,55,0,3,175,0,178,0,14,219,0,233,476,0,476,709
10/08/2022,HIO,OR,ANM,WE,Towers with Radar,0,5,23,0,28,0,0,190,0,190,0,5,213,0,218,301,0,301,519
10/09/2022,HIO,OR,ANM,WE,Towers with Radar,0,2,22,0,24,0,1,169,0,170,0,3,191,0,194,377,0,377,571
10/10/2022,HIO,OR,ANM,WE,Towers with Radar,0,13,30,0,43,0,0,152,0,152,0,13,182,0,195,286,0,286,481
10/11/2022,HIO,OR,ANM,WE,Towers with Radar,0,10,47,0,57,0,0,235,0,235,0,10,282,0,292,451,0,451,743
10/12/2022,HIO,OR,ANM,WE,Towers with Radar,0,10,33,0,43,0,0,244,0,244,0,10,277,0,287,369,0,369,656
10/13/2022,HIO,OR,ANM,WE,Towers with Radar,0,7,36,0,43,0,0,227,0,227,0,7,263,0,270,507,0,507,777
10/14/2022,HIO,OR,ANM,WE,Towers with Radar,0,12,41,0,53,0,0,208,0,208,0,12,249,0,261,409,0,409,670
10/15/2022,HIO,OR,ANM,WE,Towers with Radar,0,6,23,0,29,0,1,27,0,28,0,7,50,0,57,35,0,35,92
10/16/2022,HIO,OR,ANM,WE,Towers with Radar,0,4,35,0,39,0,0,188,0,188,0,4,223,0,227,198,0,198,425
10/17/2022,HIO,OR,ANM,WE,Towers with Radar,0,15,46,0,61,0,0,125,0,125,0,15,171,0,186,415,0,415,601
10/18/2022,HIO,OR,ANM,WE,Towers with Radar,0,9,46,0,55,0,1,121,0,122,0,10,167,0,177,313,0,313,490
10/19/2022,HIO,OR,ANM,WE,Towers with Radar,0,14,57,0,71,0,0,137,0,137,0,14,194,0,208,364,0,364,572
10/20/2022,HIO,OR,ANM,WE,Towers with Radar,0,9,56,0,65,0,1,50,0,51,0,10,106,0,116,157,0,157,273
10/21/2022,HIO,OR,ANM,WE,Towers with Radar,0,20,40,0,60,0,0,57,0,57,0,20,97,0,117,240,0,240,357
10/22/2022,HIO,OR,ANM,WE,Towers with Radar,0,8,29,0,37,0,0,127,0,127,0,8,156,0,164,299,0,299,463
10/23/2022,HIO,OR,ANM,WE,Towers with Radar,0,8,36,0,44,0,0,195,0,195,0,8,231,0,239,304,0,304,543
10/24/2022,HIO,OR,ANM,WE,Towers with Radar,0,12,25,0,37,0,0,3,0,3,0,12,28,0,40,35,0,35,75
10/25/2022,HIO,OR,ANM,WE,Towers with Radar,0,6,30,0,36,0,0,5,0,5,0,6,35,0,41,56,0,56,97
10/26/2022,HIO,OR,ANM,WE,Towers with Radar,0,10,53,0,63,0,2,110,2,114,0,12,163,2,177,425,0,425,602
10/27/2022,HIO,OR,ANM,WE,Towers with Radar,0,8,54,0,62,0,0,241,0,241,0,8,295,0,303,560,0,560,863
10/28/2022,HIO,OR,ANM,WE,Towers with Radar,0,15,50,3,68,0,0,0,0,0,0,15,50,3,68,0,0,0,68
10/29/2022,HIO,OR,ANM,WE,Towers with Radar,0,13,49,0,62,0,0,1,0,1,0,13,50,0,63,0,0,0,63
10/30/2022,HIO,OR,ANM,WE,Towers with Radar,1,7,30,0,38,0,0,116,0,116,1,7,146,0,154,427,0,427,581
10/31/2022,HIO,OR,ANM,WE,Towers with Radar,0,15,31,0,46,0,0,4,0,4,0,15,35,0,50,0,0,0,50
11/01/2022,HIO,OR,ANM,WE,Towers with Radar,0,16,42,0,58,0,0,29,0,29,0,16,71,0,87,220,0,220,307
11/02/2022,HIO,OR,ANM,WE,Towers with Radar,0,15,28,0,43,0,0,59,0,59,0,15,87,0,102,321,0,321,423
11/03/2022,HIO,OR,ANM,WE,Towers with Radar,0,13,44,0,57,0,0,5,0,5,0,13,49,0,62,56,0,56,118
11/04/2022,HIO,OR,ANM,WE,Towers with Radar,0,10,13,0,23,0,1,0,0,1,0,11,13,0,24,0,0,0,24
11/05/2022,HIO,OR,ANM,WE,Towers with Radar,0,4,23,0,27,0,0,134,0,134,0,4,157,0,161,437,0,437,598
11/06/2022,HIO,OR,ANM,WE,Towers with Radar,0,4,21,0,25,0,0,1,0,1,0,4,22,0,26,0,0,0,26
11/07/2022,HIO,OR,ANM,WE,Towers with Radar,0,15,13,0,28,0,0,1,0,1,0,15,14,0,29,20,0,20,49
11/08/2022,HIO,OR,ANM,WE,Towers with Radar,0,12,29,2,43,0,0,190,0,190,0,12,219,2,233,197,0,197,430
11/09/2022,HIO,OR,ANM,WE,Towers with Radar,0,19,41,0,60,0,0,254,3,257,0,19,295,3,317,351,0,351,668
11/10/2022,HIO,OR,ANM,WE,Towers with Radar,0,7,26,0,33,0,0,212,0,212,0,7,238,0,245,414,0,414,659
11/11/2022,HIO,OR,ANM,WE,Towers with Radar,0,8,38,0,46,0,0,137,0,137,0,8,175,0,183,248,0,248,431
11/12/2022,HIO,OR,ANM,WE,Towers with Radar,0,6,31,0,37,0,0,228,0,228,0,6,259,0,265,412,0,412,677
11/13/2022,HIO,OR,ANM,WE,Towers with Radar,0,4,28,0,32,0,0,97,0,97,0,4,125,0,129,326,0,326,455
11/14/2022,HIO,OR,ANM,WE,Towers with Radar,0,9,29,0,38,0,1,110,0,111,0,10,139,0,149,144,0,144,293
11/15/2022,HIO,OR,ANM,WE,Towers with Radar,0,11,40,0,51,0,4,189,4,197,0,15,229,4,248,262,0,262,510
11/16/2022,HIO,OR,ANM,WE,Towers with Radar,0,17,42,0,59,0,2,209,2,213,0,19,251,2,272,479,0,479,751
11/17/2022,HIO,OR,ANM,WE,Towers with Radar,0,10,26,0,36,0,0,24,3,27,0,10,50,3,63,0,0,0,63
11/18/2022,HIO,OR,ANM,WE,Towers with Radar,0,14,25,0,39,1,0,162,0,163,1,14,187,0,202,182,0,182,384
11/19/2022,HIO,OR,ANM,WE,Towers with Radar,0,9,28,0,37,0,0,207,0,207,0,9,235,0,244,424,0,424,668
11/20/2022,HIO,OR,ANM,WE,Towers with Radar,0,3,33,0,36,0,0,155,0,155,0,3,188,0,191,345,0,345,536
11/21/2022,HIO,OR,ANM,WE,Towers with Radar,0,6,60,0,66,0,0,176,0,176,0,6,236,0,242,387,0,387,629
11/22/2022,HIO,OR,ANM,WE,Towers with Radar,0,6,35,0,41,0,0,11,0,11,0,6,46,0,52,96,0,96,148
11/23/2022,HIO,OR,ANM,WE,Towers with Radar,0,2,22,0,24,0,0,0,0,0,0,2,22,0,24,0,0,0,24
11/24/2022,HIO,OR,ANM,WE,Towers with Radar,0,2,6,0,8,0,0,72,0,72,0,2,78,0,80,248,0,248,328
11/25/2022,HIO,OR,ANM,WE,Towers with Radar,0,2,12,0,14,0,0,2,0,2,0,2,14,0,16,0,0,0,16
11/26/2022,HIO,OR,ANM,WE,Towers with Radar,0,3,45,0,48,0,0,8,0,8,0,3,53,0,56,55,0,55,111
11/27/2022,HIO,OR,ANM,WE,Towers with Radar,0,7,26,0,33,0,0,18,0,18,0,7,44,0,51,107,0,107,158
11/28/2022,HIO,OR,ANM,WE,Towers with Radar,0,10,24,0,34,0,0,87,0,87,0,10,111,0,121,353,0,353,474
11/29/2022,HIO,OR,ANM,WE,Towers with Radar,0,12,25,0,37,0,1,0,0,1,0,13,25,0,38,0,0,0,38
11/30/2022,HIO,OR,ANM,WE,Towers with Radar,0,18,29,0,47,0,0,29,0,29,0,18,58,0,76,286,0,286,362
12/01/2022,HIO,OR,ANM,WE,Towers with Radar,0,12,32,0,44,0,1,110,1,112,0,13,142,1,156,493,0,493,649
12/02/2022,HIO,OR,ANM,WE,Towers with Radar,0,12,20,0,32,0,0,34,0,34,0,12,54,0,66,7,0,7,73
12/03/2022,HIO,OR,ANM,WE,Towers with Radar,0,9,31,0,40,0,1,148,0,149,0,10,179,0,189,194,0,194,383
12/04/2022,HIO,OR,ANM,WE,Towers with Radar,0,8,5,0,13,0,0,0,0,0,0,8,5,0,13,3,0,3,16
12/05/2022,HIO,OR,ANM,WE,Towers with Radar,0,11,31,1,43,0,0,133,1,134,0,11,164,2,177,307,0,307,484
12/06/2022,HIO,OR,ANM,WE,Towers with Radar,0,12,33,0,45,0,0,2,0,2,0,12,35,0,47,0,0,0,47
12/07/2022,HIO,OR,ANM,WE,Towers with Radar,0,11,39,2,52,0,0,2,0,2,0,11,41,2,54,0,0,0,54
12/08/2022,HIO,OR,ANM,WE,Towers with Radar,0,10,26,0,36,0,0,3,0,3,0,10,29,0,39,23,0,23,62
12/09/2022,HIO,OR,ANM,WE,Towers with Radar,0,11,21,0,32,0,0,4,0,4,0,11,25,0,36,123,0,123,159
12/10/2022,HIO,OR,ANM,WE,Towers with Radar,0,1,27,0,28,0,0,39,0,39,0,1,66,0,67,93,0,93,160
12/11/2022,HIO,OR,ANM,WE,Towers with Radar,0,3,17,0,20,0,0,63,0,63,0,3,80,0,83,219,0,219,302
12/12/2022,HIO,OR,ANM,WE,Towers with Radar,0,12,56,0,68,0,1,171,2,174,0,13,227,2,242,471,0,471,713
12/13/2022,HIO,OR,ANM,WE,Towers with Radar,0,13,38,0,51,0,0,158,3,161,0,13,196,3,212,380,0,380,592
12/14/2022,HIO,OR,ANM,WE,Towers with Radar,0,14,51,0,65,0,0,238,2,240,0,14,289,2,305,353,0,353,658
12/15/2022,HIO,OR,ANM,WE,Towers with Radar,0,12,42,1,55,0,0,201,0,201,0,12,243,1,256,253,0,253,509
12/16/2022,HIO,OR,ANM,WE,Towers with Radar,0,16,29,0,45,0,1,226,0,227,0,17,255,0,272,425,0,425,697
12/17/2022,HIO,OR,ANM,WE,Towers with Radar,0,3,15,0,18,0,0,166,0,166,0,3,181,0,184,310,6,316,500
12/18/2022,HIO,OR,ANM,WE,Towers with Radar,0,5,10,0,15,0,0,8,0,8,0,5,18,0,23,43,0,43,66
12/19/2022,HIO,OR,ANM,WE,Towers with Radar,0,8,13,0,21,0,0,50,0,50,0,8,63,0,71,424,0,424,495
12/20/2022,HIO,OR,ANM,WE,Towers with Radar,0,13,24,0,37,0,0,6,0,6,0,13,30,0,43,19,0,19,62
12/21/2022,HIO,OR,ANM,WE,Towers with Radar,0,17,35,0,52,0,0,195,0,195,0,17,230,0,247,437,0,437,684
12/22/2022,HIO,OR,ANM,WE,Towers with Radar,0,10,14,0,24,0,0,2,0,2,0,10,16,0,26,0,0,0,26
12/23/2022,HIO,OR,ANM,WE,Towers with Radar,0,1,10,0,11,0,0,0,0,0,0,1,10,0,11,0,0,0,11
12/24/2022,HIO,OR,ANM,WE,Towers with Radar,0,5,12,0,17,0,0,0,0,0,0,5,12,0,17,0,0,0,17
12/25/2022,HIO,OR,ANM,WE,Towers with Radar,0,5,5,0,10,0,0,0,0,0,0,5,5,0,10,0,0,0,10
12/26/2022,HIO,OR,ANM,WE,Towers with Radar,0,6,17,0,23,0,0,0,0,0,0,6,17,0,23,0,0,0,23
12/27/2022,HIO,OR,ANM,WE,Towers with Radar,0,9,13,0,22,0,0,0,0,0,0,9,13,0,22,43,0,43,65
12/28/2022,HIO,OR,ANM,WE,Towers with Radar,0,15,36,0,51,0,0,25,0,25,0,15,61,0,76,174,0,174,250
12/29/2022,HIO,OR,ANM,WE,Towers with Radar,0,8,20,0,28,0,0,0,0,0,0,8,20,0,28,4,0,4,32
12/30/2022,HIO,OR,ANM,WE,Towers with Radar,0,3,19,0,22,0,0,68,0,68,0,3,87,0,90,345,0,345,435
12/31/2022,HIO,OR,ANM,WE,Towers with Radar,0,6,46,0,52,0,0,21,0,21,0,6,67,0,73,64,0,64,137
01/01/2023,HIO,OR,ANM,WE,Towers with Radar,0,6,24,0,30,0,0,14,0,14,0,6,38,0,44,109,0,109,153
01/02/2023,HIO,OR,ANM,WE,Towers with Radar,0,14,22,0,36,0,0,134,0,134,0,14,156,0,170,196,0,196,366
01/03/2023,HIO,OR,ANM,WE,Towers with Radar,0,12,30,0,42,0,0,99,0,99,0,12,129,0,141,291,0,291,432
01/04/2023,HIO,OR,ANM,WE,Towers with Radar,0,5,22,0,27,0,0,15,6,21,0,5,37,6,48,13,0,13,61
01/05/2023,HIO,OR,ANM,WE,Towers with Radar,0,9,13,1,23,0,0,0,5,5,0,9,13,6,28,5,0,5,33
01/06/2023,HIO,OR,ANM,WE,Towers with Radar,0,5,23,0,28,0,0,152,0,152,0,5,175,0,180,334,0,334,514
01/07/2023,HIO,OR,ANM,WE,Towers with Radar,0,5,17,0,22,0,0,90,0,90,0,5,107,0,112,213,0,213,325
01/08/2023,HIO,OR,ANM,WE,Towers with Radar,0,2,6,2,10,0,0,4,0,4,0,2,10,2,14,5,0,5,19
01/09/2023,HIO,OR,ANM,WE,Towers with Radar,0,8,11,1,20,0,0,8,1,9,0,8,19,2,29,23,0,23,52
01/10/2023,HIO,OR,ANM,WE,Towers with Radar,0,17,34,0,51,0,0,195,0,195,0,17,229,0,246,292,0,292,538
01/11/2023,HIO,OR,ANM,WE,Towers with Radar,0,8,30,0,38,0,1,143,0,144,0,9,173,0,182,432,0,432,614
01/12/2023,HIO,OR,ANM,WE,Towers with Radar,0,10,16,0,26,0,1,85,0,86,0,11,101,0,112,295,0,295,407
01/13/2023,HIO,OR,ANM,WE,Towers with Radar,0,6,37,0,43,0,0,15,0,15,0,6,52,0,58,233,0,233,291
01/14/2023,HIO,OR,ANM,WE,Towers with Radar,0,3,25,0,28,0,0,77,0,77,0,3,102,0,105,128,0,128,233
01/15/2023,HIO,OR,ANM,WE,Towers with Radar,0,5,21,0,26,0,0,1,0,1,0,5,22,0,27,0,0,0,27
01/16/2023,HIO,OR,ANM,WE,Towers with Radar,0,6,41,0,47,0,1,106,0,107,0,7,147,0,154,331,0,331,485
01/17/2023,HIO,OR,ANM,WE,Towers with Radar,0,9,32,0,41,0,0,34,0,34,0,9,66,0,75,365,0,365,440
01/18/2023,HIO,OR,ANM,WE,Towers with Radar,0,14,30,0,44,0,0,24,0,24,0,14,54,0,68,146,0,146,214
01/19/2023,HIO,OR,ANM,WE,Towers with Radar,0,15,21,0,36,0,0,5,0,5,0,15,26,0,41,25,0,25,66
01/20/2023,HIO,OR,ANM,WE,Towers with Radar,0,8,39,0,47,0,0,2,0,2,0,8,41,0,49,31,0,31,80
01/21/2023,HIO,OR,ANM,WE,Towers with Radar,0,6,17,0,23,0,0,5,0,5,0,6,22,0,28,151,0,151,179
01/22/2023,HIO,OR,ANM,WE,Towers with Radar,0,4,22,0,26,0,0,222,1,223,0,4,244,1,249,292,0,292,541
01/23/2023,HIO,OR,ANM,WE,Towers with Radar,0,13,31,0,44,0,0,136,0,136,0,13,167,0,180,219,0,219,399
01/24/2023,HIO,OR,ANM,WE,Towers with Radar,0,10,40,2,52,0,0,120,0,120,0,10,160,2,172,405,0,405,577
01/25/2023,HIO,OR,ANM,WE,Towers with Radar,0,9,52,0,61,0,0,62,0,62,0,9,114,0,123,281,0,281,404
01/26/2023,HIO,OR,ANM,WE,Towers with Radar,0,13,63,0,76,0,0,17,0,17,0,13,80,0,93,36,0,36,129
01/27/2023,HIO,OR,ANM,WE,Towers with Radar,0,7,40,0,47,0,1,35,0,36,0,8,75,0,83,311,0,311,394
01/28/2023,HIO,OR,ANM,WE,Towers with Radar,0,5,11,0,16,0,0,9,0,9,0,5,20,0,25,76,0,76,101
01/29/2023,HIO,OR,ANM,WE,Towers with Radar,0,4,13,0,17,0,0,146,0,146,0,4,159,0,163,67,0,67,230
01/30/2023,HIO,OR,ANM,WE,Towers with Radar,0,12,22,0,34,0,0,309,1,310,0,12,331,1,344,327,0,327,671
01/31/2023,HIO,OR,ANM,WE,Towers with Radar,0,14,20,0,34,0,0,242,1,243,0,14,262,1,277,349,0,349,626
02/01/2023,HIO,OR,ANM,WE,Towers with Radar,0,9,29,2,40,0,0,253,1,254,0,9,282,3,294,400,0,400,694
02/02/2023,HIO,OR,ANM,WE,Towers with Radar,0,10,31,0,41,0,0,234,0,234,0,10,265,0,275,556,0,556,831
02/03/2023,HIO,OR,ANM,WE,Towers with Radar,0,6,17,0,23,0,0,11,0,11,0,6,28,0,34,82,0,82,116
02/04/2023,HIO,OR,ANM,WE,Towers with Radar,0,2,18,0,20,0,0,124,0,124,0,2,142,0,144,381,0,381,525
02/05/2023,HIO,OR,ANM,WE,Towers with Radar,0,3,19,0,22,0,0,5,0,5,0,3,24,0,27,52,0,52,79
02/06/2023,HIO,OR,ANM,WE,Towers with Radar,0,11,24,0,35,0,0,10,0,10,0,11,34,0,45,344,0,344,389
02/07/2023,HIO,OR,ANM,WE,Towers with Radar,0,13,27,0,40,0,0,17,0,17,0,13,44,0,57,114,16,130,187
02/08/2023,HIO,OR,ANM,WE,Towers with Radar,0,12,45,1,58,0,0,128,0,128,0,12,173,1,186,369,0,369,555
02/09/2023,HIO,OR,ANM,WE,Towers with Radar,0,8,27,0,35,0,0,251,0,251,0,8,278,0,286,322,0,322,608
02/10/2023,HIO,OR,ANM,WE,Towers with Radar,0,12,44,0,56,0,1,74,0,75,0,13,118,0,131,305,0,305,436
02/11/2023,HIO,OR,ANM,WE,Towers with Radar,0,2,42,0,44,0,0,180,0,180,0,2,222,0,224,310,0,310,534
02/12/2023,HIO,OR,ANM,WE,Towers with Radar,0,0,28,0,28,0,0,128,0,128,0,0,156,0,156,399,0,399,555
02/13/2023,HIO,OR,ANM,WE,Towers with Radar,0,15,25,0,40,0,0,7,0,7,0,15,32,0,47,36,0,36,83
02/14/2023,HIO,OR,ANM,WE,Towers with Radar,0,6,27,0,33,0,2,70,0,72,0,8,97,0,105,224,0,224,329
02/15/2023,HIO,OR,ANM,WE,Towers with Radar,0,13,29,0,42,0,1,129,0,130,0,14,158,0,172,220,0,220,392
02/16/2023,HIO,OR,ANM,WE,Towers with Radar,0,10,18,0,28,0,2,210,0,212,0,12,228,0,240,522,0,522,762
02/17/2023,HIO,OR,ANM,WE,Towers with Radar,0,8,31,0,39,0,4,207,0,211,0,12,238,0,250,429,0,429,679
02/18/2023,HIO,OR,ANM,WE,Towers with Radar,0,3,17,0,20,0,0,35,0,35,0,3,52,0,55,158,0,158,213
02/19/2023,HIO,OR,ANM,WE,Towers with Radar,0,6,25,0,31,0,0,89,0,89,0,6,114,0,120,314,0,314,434
02/20/2023,HIO,OR,ANM,WE,Towers with Radar,0,6,52,0,58,0,0,30,0,30,0,6,82,0,88,186,0,186,274
02/21/2023,HIO,OR,ANM,WE,Towers with Radar,0,12,18,0,30,0,0,1,0,1,0,12,19,0,31,55,0,55,86
02/22/2023,HIO,OR,ANM,WE,Towers with Radar,0,9,20,0,29,0,0,0,0,0,0,9,20,0,29,0,0,0,29
02/23/2023,HIO,OR,ANM,WE,Towers with Radar,0,0,4,3,7,0,0,3,2,5,0,0,7,5,12,0,0,0,12
02/24/2023,HIO,OR,ANM,WE,Towers with Radar,0,2,13,0,15,0,4,23,3,30,0,6,36,3,45,35,0,35,80
02/25/2023,HIO,OR,ANM,WE,Towers with Radar,0,5,17,0,22,0,0,155,0,155,0,5,172,0,177,234,0,234,411
02/26/2023,HIO,OR,ANM,WE,Towers with Radar,0,1,13,0,14,0,0,0,0,0,0,1,13,0,14,0,0,0,14
02/27/2023,HIO,OR,ANM,WE,Towers with Radar,0,6,17,0,23,0,0,17,0,17,0,6,34,0,40,163,0,163,203
02/28/2023,HIO,OR,ANM,WE,Towers with Radar,0,11,17,0,28,0,0,0,0,0,0,11,17,0,28,0,0,0,28
03/01/2023,HIO,OR,ANM,WE,Towers with Radar,0,8,46,0,54,0,0,203,0,203,0,8,249,0,257,580,0,580,837
03/02/2023,HIO,OR,ANM,WE,Towers with Radar,0,10,15,0,25,0,0,47,0,47,0,10,62,0,72,225,0,225,297
03/03/2023,HIO,OR,ANM,WE,Towers with Radar,0,3,30,0,33,0,0,21,0,21,0,3,51,0,54,274,0,274,328
03/04/2023,HIO,OR,ANM,WE,Towers with Radar,0,4,12,0,16,0,0,5,0,5,0,4,17,0,21,24,0,24,45
03/05/2023,HIO,OR,ANM,WE,Towers with Radar,0,3,23,0,26,0,0,80,0,80,0,3,103,0,106,373,0,373,479
03/06/2023,HIO,OR,ANM,WE,Towers with Radar,0,7,20,0,27,0,0,80,0,80,0,7,100,0,107,321,0,321,428
03/07/2023,HIO,OR,ANM,WE,Towers with Radar,0,12,16,0,28,0,0,119,0,119,0,12,135,0,147,377,0,377,524
03/08/2023,HIO,OR,ANM,WE,Towers with Radar,0,14,23,0,37,0,0,84,0,84,0,14,107,0,121,295,0,295,416
03/09/2023,HIO,OR,ANM,WE,Towers with Radar,0,12,10,0,22,0,0,28,0,28,0,12,38,0,50,162,0,162,212
03/10/2023,HIO,OR,ANM,WE,Towers with Radar,0,12,24,0,36,0,0,74,0,74,0,12,98,0,110,250,0,250,360
03/11/2023,HIO,OR,ANM,WE,Towers with Radar,0,2,40,0,42,0,1,242,3,246,0,3,282,3,288,488,0,488,776
03/12/2023,HIO,OR,ANM,WE,Towers with Radar,0,5,13,0,18,0,0,0,0,0,0,5,13,0,18,0,0,0,18
03/13/2023,HIO,OR,ANM,WE,Towers with Radar,0,4,26,0,30,0,0,13,0,13,0,4,39,0,43,49,0,49,92
03/14/2023,HIO,OR,ANM,WE,Towers with Radar,0,4,48,0,52,0,0,211,0,211,0,4,259,0,263,360,0,360,623
03/15/2023,HIO,OR,ANM,WE,Towers with Radar,0,4,25,0,29,0,0,341,0,341,0,4,366,0,370,514,0,514,884
03/16/2023,HIO,OR,ANM,WE,Towers with Radar,0,6,38,0,44,0,1,313,0,314,0,7,351,0,358,208,0,208,566
03/17/2023,HIO,OR,ANM,WE,Towers with Radar,0,2,24,0,26,0,0,321,0,321,0,2,345,0,347,481,0,481,828
03/18/2023,HIO,OR,ANM,WE,Towers with Radar,0,8,34,0,42,0,1,308,0,309,0,9,342,0,351,400,0,400,751
03/19/2023,HIO,OR,ANM,WE,Towers with Radar,0,2,16,0,18,0,0,76,0,76,0,2,92,0,94,352,0,352,446
03/20/2023,HIO,OR,ANM,WE,Towers with Radar,0,5,18,0,23,0,0,12,0,12,0,5,30,0,35,242,0,242,277
03/21/2023,HIO,OR,ANM,WE,Towers with Radar,0,12,28,0,40,0,0,239,0,239,0,12,267,0,279,278,0,278,557
03/22/2023,HIO,OR,ANM,WE,Towers with Radar,0,6,24,0,30,0,0,191,0,191,0,6,215,0,221,362,0,362,583
03/23/2023,HIO,OR,ANM,WE,Towers with Radar,0,3,19,0,22,0,0,12,0,12,0,3,31,0,34,24,0,24,58
03/24/2023,HIO,OR,ANM,WE,Towers with Radar,0,7,15,0,22,1,0,25,0,26,1,7,40,0,48,234,0,234,282
03/25/2023,HIO,OR,ANM,WE,Towers with Radar,0,1,22,0,23,0,0,29,0,29,0,1,51,0,52,331,0,331,383
03/26/2023,HIO,OR,ANM,WE,Towers with Radar,0,3,28,0,31,0,0,77,0,77,0,3,105,0,108,229,0,229,337
03/27/2023,HIO,OR,ANM,WE,Towers with Radar,0,13,28,0,41,0,0,207,0,207,0,13,235,0,248,286,0,286,534
03/28/2023,HIO,OR,ANM,WE,Towers with Radar,0,9,17,0,26,0,0,17,0,17,0,9,34,0,43,80,0,80,123
03/29/2023,HIO,OR,ANM,WE,Towers with Radar,0,10,47,0,57,0,2,276,0,278,0,12,323,0,335,489,0,489,824
03/30/2023,HIO,OR,ANM,WE,Towers with Radar,0,5,31,0,36,0,0,170,0,170,0,5,201,0,206,373,0,373,579
03/31/2023,HIO,OR,ANM,WE,Towers with Radar,0,3,25,0,28,0,0,22,0,22,0,3,47,0,50,100,0,100,150
04/01/2023,HIO,OR,ANM,WE,Towers with Radar,0,5,16,0,21,0,0,68,0,68,0,5,84,0,89,212,0,212,301
04/02/2023,HIO,OR,ANM,WE,Towers with Radar,0,7,17,0,24,0,0,38,0,38,0,7,55,0,62,332,0,332,394
04/03/2023,HIO,OR,ANM,WE,Towers with Radar,0,1,16,0,17,0,0,88,0,88,0,1,104,0,105,351,0,351,456
04/04/2023,HIO,OR,ANM,WE,Towers with Radar,0,6,32,0,38,0,0,128,0,128,0,6,160,0,166,728,0,728,894
04/05/2023,HIO,OR,ANM,WE,Towers with Radar,0,12,35,0,47,0,0,101,0,101,0,12,136,0,148,797,0,797,945
04/06/2023,HIO,OR,ANM,WE,Towers with Radar,0,20,28,0,48,0,0,26,0,26,0,20,54,0,74,276,0,276,350
04/07/2023,HIO,OR,ANM,WE,Towers with Radar,0,7,41,0,48,0,0,95,0,95,0,7,136,0,143,452,0,452,595
04/08/2023,HIO,OR,ANM,WE,Towers with Radar,0,7,16,0,23,0,1,283,0,284,0,8,299,0,307,523,0,523,830
04/09/2023,HIO,OR,ANM,WE,Towers with Radar,0,7,16,0,23,0,0,19,0,19,0,7,35,0,42,215,0,215,257
04/10/2023,HIO,OR,ANM,WE,Towers with Radar,0,9,18,0,27,0,0,0,0,0,0,9,18,0,27,0,0,0,27
04/11/2023,HIO,OR,ANM,WE,Towers with Radar,0,3,20,0,23,0,0,192,0,192,0,3,212,0,215,467,0,467,682
04/12/2023,HIO,OR,ANM,WE,Towers with Radar,0,4,31,0,35,0,0,181,0,181,0,4,212,0,216,737,0,737,953
04/13/2023,HIO,OR,ANM,WE,Towers with Radar,0,9,45,0,54,0,1,250,0,251,0,10,295,0,305,541,0,541,846
04/14/2023,HIO,OR,ANM,WE,Towers with Radar,0,21,32,0,53,0,3,307,0,310,0,24,339,0,363,555,0,555,918
04/15/2023,HIO,OR,ANM,WE,Towers with Radar,0,13,39,0,52,0,1,193,0,194,0,14,232,0,246,514,0,514,760
04/16/2023,HIO,OR,ANM,WE,Towers with Radar,0,7,29,0,36,0,0,20,0,20,0,7,49,0,56,95,0,95,151
04/17/2023,HIO,OR,ANM,WE,Towers with Radar,0,7,21,0,28,0,0,44,0,44,0,7,65,0,72,249,0,249,321
04/18/2023,HIO,OR,ANM,WE,Towers with Radar,0,6,21,0,27,0,0,9,0,9,0,6,30,0,36,27,0,27,63
04/19/2023,HIO,OR,ANM,WE,Towers with Radar,0,11,33,2,46,0,0,74,2,76,0,11,107,4,122,154,0,154,276
04/20/2023,HIO,OR,ANM,WE,Towers with Radar,0,14,31,0,45,0,0,15,0,15,0,14,46,0,60,254,0,254,314
04/21/2023,HIO,OR,ANM,WE,Towers with Radar,0,23,44,0,67,0,1,268,0,269,0,24,312,0,336,658,0,658,994
04/22/2023,HIO,OR,ANM,WE,Towers with Radar,0,11,42,0,53,0,0,132,0,132,0,11,174,0,185,390,0,390,575
04/23/2023,HIO,OR,ANM,WE,Towers with Radar,0,10,38,0,48,0,0,102,0,102,0,10,140,0,150,292,0,292,442
04/24/2023,HIO,OR,ANM,WE,Towers with Radar,0,13,36,0,49,0,3,203,1,207,0,16,239,1,256,599,0,599,855
04/25/2023,HIO,OR,ANM,WE,Towers with Radar,0,15,28,0,43,0,8,277,1,286,0,23,305,1,329,362,0,362,691
04/26/2023,HIO,OR,ANM,WE,Towers with Radar,0,21,17,0,38,0,5,323,0,328,0,26,340,0,366,331,0,331,697
04/27/2023,HIO,OR,ANM,WE,Towers with Radar,0,16,24,1,41,0,8,314,1,323,0,24,338,2,364,437,0,437,801
04/28/2023,HIO,OR,ANM,WE,Towers with Radar,0,20,15,2,37,0,9,323,1,333,0,29,338,3,370,470,0,470,840
04/29/2023,HIO,OR,ANM,WE,Towers with Radar,0,9,27,1,37,0,1,252,0,253,0,10,279,1,290,547,0,547,837
04/30/2023,HIO,OR,ANM,WE,Towers with Radar,0,6,22,0,28,0,1,151,0,152,0,7,173,0,180,447,0,447,627
05/01/2023,HIO,OR,ANM,WE,Towers with Radar,0,16,21,0,37,0,1,174,0,175,0,17,195,0,212,567,0,567,779
05/02/2023,HIO,OR,ANM,WE,Towers with Radar,0,18,37,0,55,0,1,206,0,207,0,19,243,0,262,615,0,615,877
05/03/2023,HIO,OR,ANM,WE,Towers with Radar,1,16,33,0,50,0,5,210,1,216,1,21,243,1,266,354,0,354,620
05/04/2023,HIO,OR,ANM,WE,Towers with Radar,0,6,29,0,35,0,0,2,0,2,0,6,31,0,37,0,0,0,37
05/05/2023,HIO,OR,ANM,WE,Towers with Radar,0,18,30,0,48,0,1,136,0,137,0,19,166,0,185,777,0,777,962
05/06/2023,HIO,OR,ANM,WE,Towers with Radar,0,10,18,0,28,0,2,181,0,183,0,12,199,0,211,408,0,408,619
05/07/2023,HIO,OR,ANM,WE,Towers with Radar,0,6,38,0,44,0,10,165,0,175,0,16,203,0,219,500,0,500,719
05/08/2023,HIO,OR,ANM,WE,Towers with Radar,0,7,11,0,18,0,4,126,0,130,0,11,137,0,148,266,0,266,414
05/09/2023,HIO,OR,ANM,WE,Towers with Radar,0,9,30,0,39,0,12,177,1,190,0,21,207,1,229,408,0,408,637
05/10/2023,HIO,OR,ANM,WE,Towers with Radar,0,11,32,0,43,0,9,303,0,312,0,20,335,0,355,589,0,589,944
05/11/2023,HIO,OR,ANM,WE,Towers with Radar,0,18,18,1,37,0,3,249,1,253,0,21,267,2,290,555,0,555,845
05/12/2023,HIO,OR,ANM,WE,Towers with Radar,0,11,15,0,26,0,7,271,0,278,0,18,286,0,304,604,0,604,908
05/13/2023,HIO,OR,ANM,WE,Towers with Radar,0,8,14,0,22,0,5,211,0,216,0,13,225,0,238,195,0,195,433
05/14/2023,HIO,OR,ANM,WE,Towers with Radar,0,4,13,0,17,0,2,75,0,77,0,6,88,0,94,65,0,65,159
05/15/2023,HIO,OR,ANM,WE,Towers with Radar,0,7,20,0,27,0,5,196,0,201,0,12,216,0,228,361,0,361,589
05/16/2023,HIO,OR,ANM,WE,Towers with Radar,0,16,18,0,34,0,7,266,0,273,0,23,284,0,307,574,0,574,881
05/17/2023,HIO,OR,ANM,WE,Towers with Radar,0,11,31,0,42,0,8,264,0,272,0,19,295,0,314,619,0,619,933
05/18/2023,HIO,OR,ANM,WE,Towers with Radar,0,12,25,2,39,0,5,279,7,291,0,17,304,9,330,509,3,512,842
05/19/2023,HIO,OR,ANM,WE,Towers with Radar,0,1,14,1,16,0,0,53,7,60,0,1,67,8,76,157,0,157,233
05/20/2023,HIO,OR,ANM,WE,Towers with Radar,0,4,13,0,17,0,0,56,5,61,0,4,69,5,78,156,0,156,234
05/21/2023,HIO,OR,ANM,WE,Towers with Radar,0,10,14,1,25,0,0,63,7,70,0,10,77,8,95,105,0,105,200
05/22/2023,HIO,OR,ANM,WE,Towers with Radar,0,22,29,6,57,0,7,214,3,224,0,29,243,9,281,581,0,581,862
05/23/2023,HIO,OR,ANM,WE,Towers with Radar,0,14,33,0,47,0,4,220,1,225,0,18,253,1,272,677,0,677,949
05/24/2023,HIO,OR,ANM,WE,Towers with Radar,0,18,31,0,49,0,6,281,2,289,0,24,312,2,338,412,0,412,750
05/25/2023,HIO,OR,ANM,WE,Towers with Radar,0,7,25,1,33,0,9,253,0,262,0,16,278,1,295,406,0,406,701
05/26/2023,HIO,OR,ANM,WE,Towers with Radar,0,4,35,0,39,0,6,241,1,248,0,10,276,1,287,519,0,519,806
05/27/2023,HIO,OR,ANM,WE,Towers with Radar,0,2,13,0,15,0,9,129,0,138,0,11,142,0,153,425,0,425,578
05/28/2023,HIO,OR,ANM,WE,Towers with Radar,0,4,25,0,29,0,0,132,0,132,0,4,157,0,161,470,0,470,631
05/29/2023,HIO,OR,ANM,WE,Towers with Radar,0,9,23,0,32,0,5,229,0,234,0,14,252,0,266,389,0,389,655
05/30/2023,HIO,OR,ANM,WE,Towers with Radar,0,14,24,0,38,0,5,207,0,212,0,19,231,0,250,613,0,613,863
05/31/2023,HIO,OR,ANM,WE,Towers with Radar,0,10,34,0,44,0,4,250,0,254,0,14,284,0,298,696,0,696,994
06/01/2023,HIO,OR,ANM,WE,Towers with Radar,0,20,26,0,46,0,1,237,0,238,0,21,263,0,284,423,0,423,707
06/02/2023,HIO,OR,ANM,WE,Towers with Radar,0,20,22,0,42,0,5,238,0,243,0,25,260,0,285,491,0,491,776
06/03/2023,HIO,OR,ANM,WE,Towers with Radar,0,11,7,0,18,0,4,206,0,210,0,15,213,0,228,377,0,377,605
06/04/2023,HIO,OR,ANM,WE,Towers with Radar,0,7,23,0,30,0,5,128,0,133,0,12,151,0,163,306,0,306,469
06/05/2023,HIO,OR,ANM,WE,Towers with Radar,0,9,22,0,31,0,4,131,0,135,0,13,153,0,166,268,0,268,434
06/06/2023,HIO,OR,ANM,WE,Towers with Radar,0,12,23,0,35,0,6,256,0,262,0,18,279,0,297,520,0,520,817
06/07/2023,HIO,OR,ANM,WE,Towers with Radar,0,10,28,0,38,0,3,220,0,223,0,13,248,0,261,519,0,519,780
06/08/2023,HIO,OR,ANM,WE,Towers with Radar,0,15,37,0,52,0,1,123,0,124,0,16,160,0,176,472,0,472,648
06/09/2023,HIO,OR,ANM,WE,Towers with Radar,0,12,56,0,68,0,0,24,0,24,0,12,80,0,92,241,0,241,333
06/10/2023,HIO,OR,ANM,WE,Towers with Radar,0,8,26,0,34,0,3,218,0,221,0,11,244,0,255,468,0,468,723
06/11/2023,HIO,OR,ANM,WE,Towers with Radar,0,2,29,0,31,0,2,201,0,203,0,4,230,0,234,337,0,337,571
06/12/2023,HIO,OR,ANM,WE,Towers with Radar,0,5,13,0,18,0,2,213,0,215,0,7,226,0,233,456,0,456,689
06/13/2023,HIO,OR,ANM,WE,Towers with Radar,0,9,27,0,36,1,5,228,0,234,1,14,255,0,270,587,0,587,857
06/14/2023,HIO,OR,ANM,WE,Towers with Radar,0,13,31,1,45,0,4,158,0,162,0,17,189,1,207,471,0,471,678
06/15/2023,HIO,OR,ANM,WE,Towers with Radar,0,8,30,1,39,0,10,199,1,210,0,18,229,2,249,559,0,559,808
06/16/2023,HIO,OR,ANM,WE,Towers with Radar,0,8,30,0,38,0,3,240,0,243,0,11,270,0,281,481,0,481,762
06/17/2023,HIO,OR,ANM,WE,Towers with Radar,0,8,35,0,43,0,2,119,0,121,0,10,154,0,164,456,0,456,620
06/18/2023,HIO,OR,ANM,WE,Towers with Radar,0,4,30,0,34,0,0,69,0,69,0,4,99,0,103,311,0,311,414
06/19/2023,HIO,OR,ANM,WE,Towers with Radar,0,3,34,0,37,0,2,105,0,107,0,5,139,0,144,564,0,564,708
06/20/2023,HIO,OR,ANM,WE,Towers with Radar,0,11,48,0,59,0,2,151,0,153,0,13,199,0,212,330,0,330,542
06/21/2023,HIO,OR,ANM,WE,Towers with Radar,0,14,22,0,36,0,3,295,1,299,0,17,317,1,335,580,0,580,915
06/22/2023,HIO,OR,ANM,WE,Towers with Radar,0,8,29,0,37,0,2,307,0,309,0,10,336,0,346,438,0,438,784
06/23/2023,HIO,OR,ANM,WE,Towers with Radar,0,9,25,0,34,0,8,252,0,260,0,17,277,0,294,458,0,458,752
06/24/2023,HIO,OR,ANM,WE,Towers with Radar,0,9,15,0,24,0,7,239,0,246,0,16,254,0,270,432,0,432,702
06/25/2023,HIO,OR,ANM,WE,Towers with Radar,0,3,27,0,30,0,1,216,0,217,0,4,243,0,247,363,0,363,610
06/26/2023,HIO,OR,ANM,WE,Towers with Radar,0,4,33,0,37,11,4,210,1,226,11,8,243,1,263,384,0,384,647
06/27/2023,HIO,OR,ANM,WE,Towers with Radar,0,8,35,0,43,0,1,216,0,217,0,9,251,0,260,410,0,410,670
06/28/2023,HIO,OR,ANM,WE,Towers with Radar,0,9,37,0,46,0,8,276,3,287,0,17,313,3,333,517,0,517,850
06/29/2023,HIO,OR,ANM,WE,Towers with Radar,0,10,30,0,40,0,5,249,0,254,0,15,279,0,294,443,0,443,737
06/30/2023,HIO,OR,ANM,WE,Towers with Radar,0,10,17,0,27,0,5,247,0,252,0,15,264,0,279,581,0,581,860
07/01/2023,HIO,OR,ANM,WE,Towers with Radar,0,11,18,0,29,0,3,220,0,223,0,14,238,0,252,330,0,330,582
07/02/2023,HIO,OR,ANM,WE,Towers with Radar,0,6,14,0,20,0,0,182,0,182,0,6,196,0,202,239,0,239,441
07/03/2023,HIO,OR,ANM,WE,Towers with Radar,0,13,14,0,27,0,2,226,0,228,0,15,240,0,255,380,0,380,635
07/04/2023,HIO,OR,ANM,WE,Towers with Radar,0,5,4,0,9,0,0,197,0,197,0,5,201,0,206,444,0,444,650
07/05/2023,HIO,OR,ANM,WE,Towers with Radar,0,13,22,2,37,0,4,228,0,232,0,17,250,2,269,449,0,449,718
07/06/2023,HIO,OR,ANM,WE,Towers with Radar,0,11,30,0,41,0,3,245,0,248,0,14,275,0,289,410,0,410,699
07/07/2023,HIO,OR,ANM,WE,Towers with Radar,0,10,40,0,50,0,1,123,0,124,0,11,163,0,174,700,0,700,874
07/08/2023,HIO,OR,ANM,WE,Towers with Radar,0,6,37,0,43,0,4,129,0,133,0,10,166,0,176,377,0,377,553
07/09/2023,HIO,OR,ANM,WE,Towers with Radar,0,10,25,0,35,0,3,175,0,178,0,13,200,0,213,291,0,291,504
07/10/2023,HIO,OR,ANM,WE,Towers with Radar,0,6,49,0,55,0,8,106,1,115,0,14,155,1,170,741,0,741,911
07/11/2023,HIO,OR,ANM,WE,Towers with Radar,0,7,35,1,43,0,3,223,1,227,0,10,258,2,270,549,0,549,819
07/12/2023,HIO,OR,ANM,WE,Towers with Radar,0,9,26,0,35,0,12,261,1,274,0,21,287,1,309,410,9,419,728
07/13/2023,HIO,OR,ANM,WE,Towers with Radar,0,6,18,0,24,0,7,252,0,259,0,13,270,0,283,511,0,511,794
07/14/2023,HIO,OR,ANM,WE,Towers with Radar,0,6,17,0,23,0,4,271,0,275,0,10,288,0,298,522,0,522,820
07/15/2023,HIO,OR,ANM,WE,Towers with Radar,0,9,26,0,35,0,1,215,0,216,0,10,241,0,251,270,0,270,521
07/16/2023,HIO,OR,ANM,WE,Towers with Radar,0,8,17,0,25,0,0,200,0,200,0,8,217,0,225,310,0,310,535
07/17/2023,HIO,OR,ANM,WE,Towers with Radar,0,7,28,0,35,0,2,174,0,176,0,9,202,0,211,582,0,582,793
07/18/2023,HIO,OR,ANM,WE,Towers with Radar,0,2,32,2,36,0,6,248,0,254,0,8,280,2,290,342,0,342,632
07/19/2023,HIO,OR,ANM,WE,Towers with Radar,0,7,21,0,28,0,5,273,0,278,0,12,294,0,306,426,0,426,732
07/20/2023,HIO,OR,ANM,WE,Towers with Radar,0,7,26,1,34,0,3,249,1,253,0,10,275,2,287,434,0,434,721
07/21/2023,HIO,OR,ANM,WE,Towers with Radar,0,9,22,0,31,0,2,212,0,214,0,11,234,0,245,517,0,517,762
07/22/2023,HIO,OR,ANM,WE,Towers with Radar,0,3,11,0,14,0,2,250,0,252,0,5,261,0,266,297,0,297,563
07/23/2023,HIO,OR,ANM,WE,Towers with Radar,0,5,17,0,22,0,5,187,0,192,0,10,204,0,214,293,0,293,507
07/24/2023,HIO,OR,ANM,WE,Towers with Radar,0,9,28,0,37,0,6,152,0,158,0,15,180,0,195,444,0,444,639
07/25/2023,HIO,OR,ANM,WE,Towers with Radar,0,4,36,0,40,0,8,230,0,238,0,12,266,0,278,593,0,593,871
07/26/2023,HIO,OR,ANM,WE,Towers with Radar,0,8,35,0,43,0,3,259,0,262,0,11,294,0,305,418,9,427,732
07/27/2023,HIO,OR,ANM,WE,Towers with Radar,0,13,28,0,41,0,5,246,0,251,0,18,274,0,292,465,0,465,757
07/28/2023,HIO,OR,ANM,WE,Towers with Radar,0,2,28,1,31,0,2,238,1,241,0,4,266,2,272,481,0,481,753
07/29/2023,HIO,OR,ANM,WE,Towers with Radar,0,9,25,0,34,0,2,206,0,208,0,11,231,0,242,278,0,278,520
07/30/2023,HIO,OR,ANM,WE,Towers with Radar,0,12,14,0,26,0,0,184,0,184,0,12,198,0,210,375,0,375,585
07/31/2023,HIO,OR,ANM,WE,Towers with Radar,0,7,17,0,24,0,2,214,0,216,0,9,231,0,240,500,0,500,740
08/01/2023,HIO,OR,ANM,WE,Towers with Radar,0,8,27,2,37,0,3,249,0,252,0,11,276,2,289,335,0,335,624
08/02/2023,HIO,OR,ANM,WE,Towers with Radar,0,5,24,0,29,0,3,207,0,210,0,8,231,0,239,437,0,437,676
08/03/2023,HIO,OR,ANM,WE,Towers with Radar,0,4,22,0,26,0,3,263,0,266,0,7,285,0,292,455,0,455,747
08/04/2023,HIO,OR,ANM,WE,Towers with Radar,0,8,22,0,30,0,4,237,0,241,0,12,259,0,271,399,0,399,670
08/05/2023,HIO,OR,ANM,WE,Towers with Radar,0,2,21,0,23,0,10,212,0,222,0,12,233,0,245,488,0,488,733
08/06/2023,HIO,OR,ANM,WE,Towers with Radar,0,5,22,0,27,0,2,175,0,177,0,7,197,0,204,328,0,328,532
08/07/2023,HIO,OR,ANM,WE,Towers with Radar,0,12,38,0,50,0,2,150,0,152,0,14,188,0,202,426,0,426,628
08/08/2023,HIO,OR,ANM,WE,Towers with Radar,0,4,40,0,44,0,6,261,0,267,0,10,301,0,311,520,0,520,831
08/09/2023,HIO,OR,ANM,WE,Towers with Radar,0,7,33,0,40,0,4,195,0,199,0,11,228,0,239,471,0,471,710
08/10/2023,HIO,OR,ANM,WE,Towers with Radar,0,11,39,0,50,0,4,197,0,201,0,15,236,0,251,554,0,554,805
08/11/2023,HIO,OR,ANM,WE,Towers with Radar,0,5,23,0,28,0,2,199,0,201,0,7,222,0,229,441,0,441,670
08/12/2023,HIO,OR,ANM,WE,Towers with Radar,0,9,13,0,22,0,7,204,0,211,0,16,217,0,233,475,0,475,708
08/13/2023,HIO,OR,ANM,WE,Towers with Radar,0,6,20,0,26,0,0,146,0,146,0,6,166,0,172,282,0,282,454
08/14/2023,HIO,OR,ANM,WE,Towers with Radar,0,16,16,0,32,0,8,133,0,141,0,24,149,0,173,291,0,291,464
08/15/2023,HIO,OR,ANM,WE,Towers with Radar,0,15,20,0,35,0,10,165,0,175,0,25,185,0,210,179,0,179,389
08/16/2023,HIO,OR,ANM,WE,Towers with Radar,0,11,23,0,34,0,5,175,1,181,0,16,198,1,215,282,0,282,497
08/17/2023,HIO,OR,ANM,WE,Towers with Radar,0,7,38,0,45,0,4,227,0,231,0,11,265,0,276,369,0,369,645
08/18/2023,HIO,OR,ANM,WE,Towers with Radar,0,5,28,0,33,0,7,259,0,266,0,12,287,0,299,438,0,438,737
08/19/2023,HIO,OR,ANM,WE,Towers with Radar,0,14,11,0,25,0,2,164,0,166,0,16,175,0,191,317,0,317,508
08/20/2023,HIO,OR,ANM,WE,Towers with Radar,0,15,49,0,64,0,1,65,0,66,0,16,114,0,130,354,0,354,484
08/21/2023,HIO,OR,ANM,WE,Towers with Radar,0,18,36,0,54,0,8,216,0,224,0,26,252,0,278,411,0,411,689
08/22/2023,HIO,OR,ANM,WE,Towers with Radar,0,17,40,0,57,0,1,226,0,227,0,18,266,0,284,504,0,504,788
08/23/2023,HIO,OR,ANM,WE,Towers with Radar,0,10,38,0,48,0,3,216,0,219,0,13,254,0,267,614,0,614,881
08/24/2023,HIO,OR,ANM,WE,Towers with Radar,0,6,26,0,32,1,6,233,0,240,1,12,259,0,272,517,0,517,789
08/25/2023,HIO,OR,ANM,WE,Towers with Radar,0,7,31,0,38,0,5,205,1,211,0,12,236,1,249,421,0,421,670
08/26/2023,HIO,OR,ANM,WE,Towers with Radar,0,5,45,0,50,0,4,196,0,200,0,9,241,0,250,483,0,483,733
08/27/2023,HIO,OR,ANM,WE,Towers with Radar,0,9,20,0,29,0,0,131,0,131,0,9,151,0,160,459,0,459,619
08/28/2023,HIO,OR,ANM,WE,Towers with Radar,0,16,45,0,61,0,0,26,0,26,0,16,71,0,87,344,0,344,431
08/29/2023,HIO,OR,ANM,WE,Towers with Radar,0,9,41,0,50,0,4,212,0,216,0,13,253,0,266,529,0,529,795
08/30/2023,HIO,OR,ANM,WE,Towers with Radar,0,10,49,0,59,0,4,227,0,231,0,14,276,0,290,558,0,558,848
08/31/2023,HIO,OR,ANM,WE,Towers with Radar,0,9,58,0,67,0,0,0,0,0,0,9,58,0,67,0,0,0,67
