01/01/2000,HKS,MS,ASO,CE,Federal Contract Tower,0,0,4,0,4,0,0,14,0,14,0,0,18,0,18,88,0,88,106
01/02/2000,HKS,MS,ASO,CE,Federal Contract Tower,0,0,6,0,6,0,0,30,0,30,0,0,36,0,36,30,0,30,66
01/03/2000,HKS,MS,ASO,CE,Federal Contract Tower,0,3,5,0,8,0,6,11,0,17,0,9,16,0,25,0,0,0,25
01/04/2000,HKS,MS,ASO,CE,Federal Contract Tower,0,8,14,0,22,0,3,13,0,16,0,11,27,0,38,14,0,14,52
01/05/2000,HKS,MS,ASO,CE,Federal Contract Tower,0,6,12,3,21,0,4,35,0,39,0,10,47,3,60,80,2,82,142
01/06/2000,HKS,MS,ASO,CE,Federal Contract Tower,0,9,18,5,32,0,1,48,20,69,0,10,66,25,101,104,30,134,235
01/07/2000,HKS,MS,ASO,CE,Federal Contract Tower,0,6,11,2,19,0,0,41,7,48,0,6,52,9,67,22,4,26,93
01/08/2000,HKS,MS,ASO,CE,Federal Contract Tower,0,5,9,2,16,0,4,25,0,29,0,9,34,2,45,56,12,68,113
01/09/2000,HKS,MS,ASO,CE,Federal Contract Tower,0,0,4,0,4,0,0,26,1,27,0,0,30,1,31,56,0,56,87
01/10/2000,HKS,MS,ASO,CE,Federal Contract Tower,0,5,12,1,18,0,4,57,0,61,0,9,69,1,79,54,0,54,133
01/11/2000,HKS,MS,ASO,CE,Federal Contract Tower,0,10,21,4,35,0,0,60,7,67,0,10,81,11,102,98,12,110,212
01/12/2000,HKS,MS,ASO,CE,Federal Contract Tower,0,8,16,2,26,0,1,23,0,24,0,9,39,2,50,22,4,26,76
01/13/2000,HKS,MS,ASO,CE,Federal Contract Tower,0,7,16,3,26,0,5,36,8,49,0,12,52,11,75,36,16,52,127
01/14/2000,HKS,MS,ASO,CE,Federal Contract Tower,0,7,17,2,26,0,0,69,11,80,0,7,86,13,106,108,8,116,222
01/15/2000,HKS,MS,ASO,CE,Federal Contract Tower,0,3,8,0,11,0,0,67,0,67,0,3,75,0,78,220,0,220,298
01/16/2000,HKS,MS,ASO,CE,Federal Contract Tower,0,0,9,0,9,0,0,32,0,32,0,0,41,0,41,114,0,114,155
01/17/2000,HKS,MS,ASO,CE,Federal Contract Tower,0,0,10,1,11,0,0,39,0,39,0,0,49,1,50,80,0,80,130
01/18/2000,HKS,MS,ASO,CE,Federal Contract Tower,0,10,22,3,35,0,0,14,7,21,0,10,36,10,56,10,28,38,94
01/19/2000,HKS,MS,ASO,CE,Federal Contract Tower,0,10,25,4,39,0,0,18,12,30,0,10,43,16,69,24,2,26,95
01/20/2000,HKS,MS,ASO,CE,Federal Contract Tower,0,11,25,4,40,0,2,52,9,63,0,13,77,13,103,52,0,52,155
01/21/2000,HKS,MS,ASO,CE,Federal Contract Tower,0,11,26,4,41,0,1,40,3,44,0,12,66,7,85,58,0,58,143
01/22/2000,HKS,MS,ASO,CE,Federal Contract Tower,0,3,5,0,8,0,0,48,0,48,0,3,53,0,56,86,0,86,142
01/23/2000,HKS,MS,ASO,CE,Federal Contract Tower,0,0,15,2,17,0,0,12,14,26,0,0,27,16,43,78,12,90,133
01/24/2000,HKS,MS,ASO,CE,Federal Contract Tower,0,5,14,0,19,0,7,20,0,27,0,12,34,0,46,60,0,60,106
01/25/2000,HKS,MS,ASO,CE,Federal Contract Tower,0,8,18,2,28,0,7,41,1,49,0,15,59,3,77,46,0,46,123
01/26/2000,HKS,MS,ASO,CE,Federal Contract Tower,0,11,25,3,39,0,5,46,10,61,0,16,71,13,100,54,10,64,164
01/27/2000,HKS,MS,ASO,CE,Federal Contract Tower,0,2,7,1,10,0,3,1,15,19,0,5,8,16,29,0,6,6,35
01/28/2000,HKS,MS,ASO,CE,Federal Contract Tower,0,2,7,0,9,0,1,2,0,3,0,3,9,0,12,0,0,0,12
01/29/2000,HKS,MS,ASO,CE,Federal Contract Tower,0,1,3,0,4,0,1,6,0,7,0,2,9,0,11,6,0,6,17
01/30/2000,HKS,MS,ASO,CE,Federal Contract Tower,0,3,6,0,9,0,2,46,4,52,0,5,52,4,61,128,0,128,189
01/31/2000,HKS,MS,ASO,CE,Federal Contract Tower,0,10,22,3,35,0,3,43,11,57,0,13,65,14,92,98,0,98,190
02/01/2000,HKS,MS,ASO,CE,Federal Contract Tower,0,7,20,1,28,0,5,33,9,47,0,12,53,10,75,62,0,62,137
02/02/2000,HKS,MS,ASO,CE,Federal Contract Tower,0,13,36,2,51,0,2,57,19,78,0,15,93,21,129,78,4,82,211
02/03/2000,HKS,MS,ASO,CE,Federal Contract Tower,0,7,18,1,26,0,7,57,19,83,0,14,75,20,109,70,30,100,209
02/04/2000,HKS,MS,ASO,CE,Federal Contract Tower,0,5,15,1,21,0,7,59,13,79,0,12,74,14,100,48,8,56,156
02/05/2000,HKS,MS,ASO,CE,Federal Contract Tower,0,3,7,1,11,0,3,53,3,59,0,6,60,4,70,114,20,134,204
02/06/2000,HKS,MS,ASO,CE,Federal Contract Tower,0,2,12,1,15,0,0,65,1,66,0,2,77,2,81,88,0,88,169
02/07/2000,HKS,MS,ASO,CE,Federal Contract Tower,0,8,23,0,31,0,8,26,0,34,0,16,49,0,65,122,0,122,187
02/08/2000,HKS,MS,ASO,CE,Federal Contract Tower,0,8,23,2,33,0,4,33,7,44,0,12,56,9,77,52,10,62,139
02/09/2000,HKS,MS,ASO,CE,Federal Contract Tower,0,7,23,2,32,0,9,76,22,107,0,16,99,24,139,112,18,130,269
02/10/2000,HKS,MS,ASO,CE,Federal Contract Tower,0,9,31,3,43,0,2,51,4,57,0,11,82,7,100,62,4,66,166
02/11/2000,HKS,MS,ASO,CE,Federal Contract Tower,0,9,31,2,42,0,6,44,0,50,0,15,75,2,92,86,0,86,178
02/12/2000,HKS,MS,ASO,CE,Federal Contract Tower,0,2,20,2,24,0,0,28,14,42,0,2,48,16,66,84,30,114,180
02/13/2000,HKS,MS,ASO,CE,Federal Contract Tower,0,2,13,1,16,0,0,13,2,15,0,2,26,3,31,58,0,58,89
02/14/2000,HKS,MS,ASO,CE,Federal Contract Tower,0,5,18,2,25,0,9,56,2,67,0,14,74,4,92,120,0,120,212
02/15/2000,HKS,MS,ASO,CE,Federal Contract Tower,0,10,32,3,45,0,5,59,5,69,0,15,91,8,114,62,0,62,176
02/16/2000,HKS,MS,ASO,CE,Federal Contract Tower,0,13,42,2,57,0,0,50,12,62,0,13,92,14,119,88,36,124,243
02/17/2000,HKS,MS,ASO,CE,Federal Contract Tower,0,12,38,2,52,0,3,19,8,30,0,15,57,10,82,38,10,48,130
02/18/2000,HKS,MS,ASO,CE,Federal Contract Tower,0,5,17,0,22,0,0,30,0,30,0,5,47,0,52,40,0,40,92
02/19/2000,HKS,MS,ASO,CE,Federal Contract Tower,0,1,12,0,13,0,0,52,2,54,0,1,64,2,67,94,8,102,169
02/20/2000,HKS,MS,ASO,CE,Federal Contract Tower,0,0,11,0,11,0,0,58,0,58,0,0,69,0,69,112,0,112,181
02/21/2000,HKS,MS,ASO,CE,Federal Contract Tower,0,4,13,0,17,0,1,66,3,70,0,5,79,3,87,96,6,102,189
02/22/2000,HKS,MS,ASO,CE,Federal Contract Tower,0,5,19,1,25,0,2,57,13,72,0,7,76,14,97,76,18,94,191
02/23/2000,HKS,MS,ASO,CE,Federal Contract Tower,0,6,19,1,26,0,1,55,8,64,0,7,74,9,90,58,4,62,152
02/24/2000,HKS,MS,ASO,CE,Federal Contract Tower,0,7,21,1,29,0,1,60,23,84,0,8,81,24,113,96,50,146,259
02/25/2000,HKS,MS,ASO,CE,Federal Contract Tower,0,5,21,1,27,0,0,46,64,110,0,5,67,65,137,80,0,80,217
02/26/2000,HKS,MS,ASO,CE,Federal Contract Tower,0,0,2,0,2,0,1,18,2,21,0,1,20,2,23,46,0,46,69
02/27/2000,HKS,MS,ASO,CE,Federal Contract Tower,0,0,10,0,10,0,0,79,4,83,0,0,89,4,93,44,6,50,143
02/28/2000,HKS,MS,ASO,CE,Federal Contract Tower,0,3,16,1,20,0,0,37,7,44,0,3,53,8,64,56,16,72,136
02/29/2000,HKS,MS,ASO,CE,Federal Contract Tower,0,5,19,1,25,0,1,61,8,70,0,6,80,9,95,84,6,90,185
03/01/2000,HKS,MS,ASO,CE,Federal Contract Tower,0,5,33,5,43,0,0,47,8,55,0,5,80,13,98,94,2,96,194
03/02/2000,HKS,MS,ASO,CE,Federal Contract Tower,0,4,22,4,30,0,0,53,7,60,0,4,75,11,90,78,6,84,174
03/03/2000,HKS,MS,ASO,CE,Federal Contract Tower,0,4,14,3,21,0,1,61,17,79,0,5,75,20,100,70,26,96,196
03/04/2000,HKS,MS,ASO,CE,Federal Contract Tower,0,2,9,2,13,0,3,72,18,93,0,5,81,20,106,130,10,140,246
03/05/2000,HKS,MS,ASO,CE,Federal Contract Tower,0,1,9,2,12,0,0,73,3,76,0,1,82,5,88,122,0,122,210
03/06/2000,HKS,MS,ASO,CE,Federal Contract Tower,0,2,6,0,8,0,6,68,0,74,0,8,74,0,82,100,0,100,182
03/07/2000,HKS,MS,ASO,CE,Federal Contract Tower,0,4,16,1,21,0,7,45,0,52,0,11,61,1,73,134,0,134,207
03/08/2000,HKS,MS,ASO,CE,Federal Contract Tower,0,6,22,2,30,0,8,30,0,38,0,14,52,2,68,56,0,56,124
03/09/2000,HKS,MS,ASO,CE,Federal Contract Tower,0,4,29,5,38,0,0,30,2,32,0,4,59,7,70,78,0,78,148
03/10/2000,HKS,MS,ASO,CE,Federal Contract Tower,0,4,14,1,19,0,2,21,0,23,0,6,35,1,42,46,0,46,88
03/11/2000,HKS,MS,ASO,CE,Federal Contract Tower,0,2,8,2,12,0,0,16,2,18,0,2,24,4,30,20,4,24,54
03/12/2000,HKS,MS,ASO,CE,Federal Contract Tower,0,2,13,3,18,0,0,86,1,87,0,2,99,4,105,126,4,130,235
03/13/2000,HKS,MS,ASO,CE,Federal Contract Tower,0,5,18,0,23,0,1,56,0,57,0,6,74,0,80,144,0,144,224
03/14/2000,HKS,MS,ASO,CE,Federal Contract Tower,0,5,18,0,23,0,9,45,0,54,0,14,63,0,77,100,0,100,177
03/15/2000,HKS,MS,ASO,CE,Federal Contract Tower,0,6,20,4,30,0,2,26,0,28,0,8,46,4,58,72,4,76,134
03/16/2000,HKS,MS,ASO,CE,Federal Contract Tower,0,4,13,2,19,0,5,47,6,58,0,9,60,8,77,74,4,78,155
03/17/2000,HKS,MS,ASO,CE,Federal Contract Tower,0,9,34,6,49,0,0,62,8,70,0,9,96,14,119,164,12,176,295
03/18/2000,HKS,MS,ASO,CE,Federal Contract Tower,0,3,11,1,15,0,0,39,26,65,0,3,50,27,80,80,6,86,166
03/19/2000,HKS,MS,ASO,CE,Federal Contract Tower,0,1,10,1,12,0,0,13,0,13,0,1,23,1,25,24,10,34,59
03/20/2000,HKS,MS,ASO,CE,Federal Contract Tower,0,6,19,0,25,0,1,51,0,52,0,7,70,0,77,190,0,190,267
03/21/2000,HKS,MS,ASO,CE,Federal Contract Tower,0,8,26,3,37,0,1,45,1,47,0,9,71,4,84,100,8,108,192
03/22/2000,HKS,MS,ASO,CE,Federal Contract Tower,0,6,20,2,28,0,3,41,19,63,0,9,61,21,91,88,10,98,189
03/23/2000,HKS,MS,ASO,CE,Federal Contract Tower,0,7,30,4,41,0,0,63,8,71,0,7,93,12,112,90,4,94,206
03/24/2000,HKS,MS,ASO,CE,Federal Contract Tower,0,9,33,4,46,0,2,57,0,59,0,11,90,4,105,124,8,132,237
03/25/2000,HKS,MS,ASO,CE,Federal Contract Tower,0,2,18,2,22,0,0,34,1,35,0,2,52,3,57,54,0,54,111
03/26/2000,HKS,MS,ASO,CE,Federal Contract Tower,0,0,13,1,14,0,0,15,2,17,0,0,28,3,31,76,0,76,107
03/27/2000,HKS,MS,ASO,CE,Federal Contract Tower,0,5,21,3,29,0,0,52,1,53,0,5,73,4,82,72,0,72,154
03/28/2000,HKS,MS,ASO,CE,Federal Contract Tower,0,6,20,2,28,0,6,53,4,63,0,12,73,6,91,104,8,112,203
03/29/2000,HKS,MS,ASO,CE,Federal Contract Tower,0,4,11,1,16,0,7,0,0,7,0,11,11,1,23,2,46,48,71
03/30/2000,HKS,MS,ASO,CE,Federal Contract Tower,0,8,27,3,38,0,2,15,7,24,0,10,42,10,62,52,4,56,118
03/31/2000,HKS,MS,ASO,CE,Federal Contract Tower,0,5,27,3,35,0,0,72,13,85,0,5,99,16,120,118,10,128,248
04/01/2000,HKS,MS,ASO,CE,Federal Contract Tower,0,2,14,2,18,0,1,17,14,32,0,3,31,16,50,10,0,10,60
04/02/2000,HKS,MS,ASO,CE,Federal Contract Tower,0,0,8,1,9,0,0,12,6,18,0,0,20,7,27,20,0,20,47
04/03/2000,HKS,MS,ASO,CE,Federal Contract Tower,0,2,8,1,11,0,3,31,2,36,0,5,39,3,47,36,0,36,83
04/04/2000,HKS,MS,ASO,CE,Federal Contract Tower,0,7,24,3,34,0,0,26,10,36,0,7,50,13,70,48,14,62,132
04/05/2000,HKS,MS,ASO,CE,Federal Contract Tower,0,6,18,2,26,0,4,33,4,41,0,10,51,6,67,142,10,152,219
04/06/2000,HKS,MS,ASO,CE,Federal Contract Tower,0,8,28,3,39,0,2,39,18,59,0,10,67,21,98,64,16,80,178
04/07/2000,HKS,MS,ASO,CE,Federal Contract Tower,0,7,29,3,39,0,0,52,8,60,0,7,81,11,99,60,2,62,161
04/08/2000,HKS,MS,ASO,CE,Federal Contract Tower,0,1,10,1,12,0,0,35,1,36,0,1,45,2,48,32,0,32,80
04/09/2000,HKS,MS,ASO,CE,Federal Contract Tower,0,2,11,2,15,0,0,54,8,62,0,2,65,10,77,92,0,92,169
04/10/2000,HKS,MS,ASO,CE,Federal Contract Tower,0,6,26,3,35,0,0,38,5,43,0,6,64,8,78,70,6,76,154
04/11/2000,HKS,MS,ASO,CE,Federal Contract Tower,0,6,21,3,30,0,4,30,6,40,0,10,51,9,70,104,22,126,196
04/12/2000,HKS,MS,ASO,CE,Federal Contract Tower,0,7,25,1,33,0,4,4,0,8,0,11,29,1,41,20,0,20,61
04/13/2000,HKS,MS,ASO,CE,Federal Contract Tower,0,8,27,2,37,0,2,6,0,8,0,10,33,2,45,0,0,0,45
04/14/2000,HKS,MS,ASO,CE,Federal Contract Tower,0,6,22,0,28,0,4,20,0,24,0,10,42,0,52,24,0,24,76
04/15/2000,HKS,MS,ASO,CE,Federal Contract Tower,0,1,25,0,26,0,0,55,0,55,0,1,80,0,81,112,0,112,193
04/16/2000,HKS,MS,ASO,CE,Federal Contract Tower,0,1,8,0,9,0,0,29,0,29,0,1,37,0,38,66,0,66,104
04/17/2000,HKS,MS,ASO,CE,Federal Contract Tower,0,5,18,0,23,0,4,30,0,34,0,9,48,0,57,98,0,98,155
04/18/2000,HKS,MS,ASO,CE,Federal Contract Tower,0,6,21,1,28,0,6,37,12,55,0,12,58,13,83,114,0,114,197
04/19/2000,HKS,MS,ASO,CE,Federal Contract Tower,0,6,20,1,27,0,5,36,9,50,0,11,56,10,77,70,16,86,163
04/20/2000,HKS,MS,ASO,CE,Federal Contract Tower,0,9,34,3,46,0,1,51,7,59,0,10,85,10,105,80,4,84,189
04/21/2000,HKS,MS,ASO,CE,Federal Contract Tower,0,5,17,1,23,0,6,31,6,43,0,11,48,7,66,102,2,104,170
04/22/2000,HKS,MS,ASO,CE,Federal Contract Tower,0,3,11,0,14,0,2,78,0,80,0,5,89,0,94,150,0,150,244
04/23/2000,HKS,MS,ASO,CE,Federal Contract Tower,0,1,6,0,7,0,0,10,0,10,0,1,16,0,17,22,0,22,39
04/24/2000,HKS,MS,ASO,CE,Federal Contract Tower,0,6,23,2,31,0,0,16,1,17,0,6,39,3,48,12,4,16,64
04/25/2000,HKS,MS,ASO,CE,Federal Contract Tower,0,9,32,2,43,0,6,27,10,43,0,15,59,12,86,114,2,116,202
04/26/2000,HKS,MS,ASO,CE,Federal Contract Tower,0,5,17,1,23,0,4,52,20,76,0,9,69,21,99,106,22,128,227
04/27/2000,HKS,MS,ASO,CE,Federal Contract Tower,0,6,22,2,30,0,7,53,20,80,0,13,75,22,110,176,14,190,300
04/28/2000,HKS,MS,ASO,CE,Federal Contract Tower,0,5,19,1,25,0,1,50,13,64,0,6,69,14,89,76,20,96,185
04/29/2000,HKS,MS,ASO,CE,Federal Contract Tower,0,2,14,1,17,0,0,89,6,95,0,2,103,7,112,84,0,84,196
04/30/2000,HKS,MS,ASO,CE,Federal Contract Tower,0,0,9,0,9,0,0,51,0,51,0,0,60,0,60,66,0,66,126
05/01/2000,HKS,MS,ASO,CE,Federal Contract Tower,0,7,22,0,29,0,5,45,0,50,0,12,67,0,79,82,0,82,161
05/02/2000,HKS,MS,ASO,CE,Federal Contract Tower,0,7,25,2,34,0,2,19,3,24,0,9,44,5,58,84,0,84,142
05/03/2000,HKS,MS,ASO,CE,Federal Contract Tower,0,6,20,2,28,0,5,20,4,29,0,11,40,6,57,18,8,26,83
05/04/2000,HKS,MS,ASO,CE,Federal Contract Tower,0,8,30,3,41,0,5,27,15,47,0,13,57,18,88,82,18,100,188
05/05/2000,HKS,MS,ASO,CE,Federal Contract Tower,0,5,20,2,27,0,4,9,7,20,0,9,29,9,47,62,8,70,117
05/06/2000,HKS,MS,ASO,CE,Federal Contract Tower,0,3,14,2,19,0,1,36,7,44,0,4,50,9,63,144,2,146,209
05/07/2000,HKS,MS,ASO,CE,Federal Contract Tower,0,2,20,2,24,0,0,28,4,32,0,2,48,6,56,78,0,78,134
05/08/2000,HKS,MS,ASO,CE,Federal Contract Tower,0,6,27,3,36,0,0,28,0,28,0,6,55,3,64,82,0,82,146
05/09/2000,HKS,MS,ASO,CE,Federal Contract Tower,0,7,28,3,38,0,4,39,5,48,0,11,67,8,86,138,8,146,232
05/10/2000,HKS,MS,ASO,CE,Federal Contract Tower,0,6,21,2,29,0,3,27,12,42,0,9,48,14,71,110,0,110,181
05/11/2000,HKS,MS,ASO,CE,Federal Contract Tower,0,8,33,3,44,0,0,49,8,57,0,8,82,11,101,74,4,78,179
05/12/2000,HKS,MS,ASO,CE,Federal Contract Tower,0,6,20,2,28,0,2,60,5,67,0,8,80,7,95,100,0,100,195
05/13/2000,HKS,MS,ASO,CE,Federal Contract Tower,0,1,7,1,9,0,0,78,6,84,0,1,85,7,93,80,0,80,173
05/14/2000,HKS,MS,ASO,CE,Federal Contract Tower,0,0,8,1,9,0,0,48,6,54,0,0,56,7,63,52,0,52,115
05/15/2000,HKS,MS,ASO,CE,Federal Contract Tower,0,4,17,2,23,0,4,66,5,75,0,8,83,7,98,86,4,90,188
05/16/2000,HKS,MS,ASO,CE,Federal Contract Tower,0,5,25,2,32,0,0,80,4,84,0,5,105,6,116,158,0,158,274
05/17/2000,HKS,MS,ASO,CE,Federal Contract Tower,0,5,21,1,27,0,6,50,7,63,0,11,71,8,90,126,0,126,216
05/18/2000,HKS,MS,ASO,CE,Federal Contract Tower,0,7,28,2,37,0,1,48,6,55,0,8,76,8,92,98,0,98,190
05/19/2000,HKS,MS,ASO,CE,Federal Contract Tower,0,4,15,1,20,0,0,42,3,45,0,4,57,4,65,50,0,50,115
05/20/2000,HKS,MS,ASO,CE,Federal Contract Tower,0,5,21,1,27,0,0,55,0,55,0,5,76,1,82,18,0,18,100
05/21/2000,HKS,MS,ASO,CE,Federal Contract Tower,0,0,20,1,21,0,0,40,5,45,0,0,60,6,66,66,0,66,132
05/22/2000,HKS,MS,ASO,CE,Federal Contract Tower,0,5,18,1,24,0,1,71,6,78,0,6,89,7,102,108,2,110,212
05/23/2000,HKS,MS,ASO,CE,Federal Contract Tower,0,4,18,1,23,0,5,67,14,86,0,9,85,15,109,60,4,64,173
05/24/2000,HKS,MS,ASO,CE,Federal Contract Tower,0,7,27,2,36,0,5,44,7,56,0,12,71,9,92,94,12,106,198
05/25/2000,HKS,MS,ASO,CE,Federal Contract Tower,0,4,16,1,21,0,3,37,3,43,0,7,53,4,64,84,0,84,148
05/26/2000,HKS,MS,ASO,CE,Federal Contract Tower,0,6,24,1,31,0,3,59,9,71,0,9,83,10,102,120,2,122,224
05/27/2000,HKS,MS,ASO,CE,Federal Contract Tower,0,3,14,1,18,0,1,35,3,39,0,4,49,4,57,60,0,60,117
05/28/2000,HKS,MS,ASO,CE,Federal Contract Tower,0,0,9,0,9,0,0,34,0,34,0,0,43,0,43,58,0,58,101
05/29/2000,HKS,MS,ASO,CE,Federal Contract Tower,0,0,8,0,8,0,0,59,0,59,0,0,67,0,67,84,0,84,151
05/30/2000,HKS,MS,ASO,CE,Federal Contract Tower,0,3,15,0,18,0,3,51,0,54,0,6,66,0,72,134,0,134,206
05/31/2000,HKS,MS,ASO,CE,Federal Contract Tower,0,7,24,1,32,0,1,59,4,64,0,8,83,5,96,122,0,122,218
06/01/2000,HKS,MS,ASO,CE,Federal Contract Tower,0,5,18,1,24,0,3,83,4,90,0,8,101,5,114,204,0,204,318
06/02/2000,HKS,MS,ASO,CE,Federal Contract Tower,0,4,17,1,22,0,3,44,3,50,0,7,61,4,72,72,0,72,144
06/03/2000,HKS,MS,ASO,CE,Federal Contract Tower,0,0,7,0,7,0,3,60,6,69,0,3,67,6,76,114,0,114,190
06/04/2000,HKS,MS,ASO,CE,Federal Contract Tower,0,0,11,1,12,0,2,14,3,19,0,2,25,4,31,48,0,48,79
06/05/2000,HKS,MS,ASO,CE,Federal Contract Tower,0,3,13,1,17,0,3,7,1,11,0,6,20,2,28,54,0,54,82
06/06/2000,HKS,MS,ASO,CE,Federal Contract Tower,0,6,21,3,30,0,3,48,8,59,0,9,69,11,89,44,0,44,133
06/07/2000,HKS,MS,ASO,CE,Federal Contract Tower,0,4,12,2,18,0,4,56,18,78,0,8,68,20,96,96,14,110,206
06/08/2000,HKS,MS,ASO,CE,Federal Contract Tower,0,5,15,2,22,0,0,82,18,100,0,5,97,20,122,172,20,192,314
06/09/2000,HKS,MS,ASO,CE,Federal Contract Tower,0,6,17,2,25,0,3,39,11,53,0,9,56,13,78,124,10,134,212
06/10/2000,HKS,MS,ASO,CE,Federal Contract Tower,0,4,16,2,22,0,0,48,6,54,0,4,64,8,76,122,10,132,208
06/11/2000,HKS,MS,ASO,CE,Federal Contract Tower,0,0,8,0,8,0,0,29,0,29,0,0,37,0,37,74,0,74,111
06/12/2000,HKS,MS,ASO,CE,Federal Contract Tower,0,5,15,2,22,0,0,66,11,77,0,5,81,13,99,74,8,82,181
06/13/2000,HKS,MS,ASO,CE,Federal Contract Tower,0,7,23,3,33,0,0,49,12,61,0,7,72,15,94,80,0,80,174
06/14/2000,HKS,MS,ASO,CE,Federal Contract Tower,0,6,15,2,23,0,1,41,8,50,0,7,56,10,73,32,0,32,105
06/15/2000,HKS,MS,ASO,CE,Federal Contract Tower,0,6,20,3,29,0,1,51,12,64,0,7,71,15,93,158,4,162,255
06/16/2000,HKS,MS,ASO,CE,Federal Contract Tower,0,4,12,2,18,0,3,24,1,28,0,7,36,3,46,60,6,66,112
06/17/2000,HKS,MS,ASO,CE,Federal Contract Tower,0,3,7,1,11,0,3,25,1,29,0,6,32,2,40,70,0,70,110
06/18/2000,HKS,MS,ASO,CE,Federal Contract Tower,0,0,3,0,3,0,0,19,0,19,0,0,22,0,22,68,0,68,90
06/19/2000,HKS,MS,ASO,CE,Federal Contract Tower,0,3,7,1,11,0,1,21,7,29,0,4,28,8,40,66,16,82,122
06/20/2000,HKS,MS,ASO,CE,Federal Contract Tower,0,5,15,2,22,0,4,31,0,35,0,9,46,2,57,100,14,114,171
06/21/2000,HKS,MS,ASO,CE,Federal Contract Tower,0,6,16,2,24,0,4,28,4,36,0,10,44,6,60,140,2,142,202
06/22/2000,HKS,MS,ASO,CE,Federal Contract Tower,0,7,21,3,31,0,3,52,7,62,0,10,73,10,93,100,0,100,193
06/23/2000,HKS,MS,ASO,CE,Federal Contract Tower,0,5,16,2,23,0,0,68,6,74,0,5,84,8,97,202,0,202,299
06/24/2000,HKS,MS,ASO,CE,Federal Contract Tower,0,3,12,1,16,0,1,54,29,84,0,4,66,30,100,54,2,56,156
06/25/2000,HKS,MS,ASO,CE,Federal Contract Tower,0,2,14,1,17,0,0,34,11,45,0,2,48,12,62,90,38,128,190
06/26/2000,HKS,MS,ASO,CE,Federal Contract Tower,0,7,23,2,32,0,0,48,4,52,0,7,71,6,84,128,4,132,216
06/27/2000,HKS,MS,ASO,CE,Federal Contract Tower,0,8,23,2,33,0,0,35,2,37,0,8,58,4,70,136,8,144,214
06/28/2000,HKS,MS,ASO,CE,Federal Contract Tower,0,8,23,2,33,0,1,25,11,37,0,9,48,13,70,90,16,106,176
06/29/2000,HKS,MS,ASO,CE,Federal Contract Tower,0,6,19,2,27,0,2,22,8,32,0,8,41,10,59,82,0,82,141
06/30/2000,HKS,MS,ASO,CE,Federal Contract Tower,0,8,23,2,33,0,4,40,3,47,0,12,63,5,80,128,0,128,208
07/01/2000,HKS,MS,ASO,CE,Federal Contract Tower,0,1,5,1,7,0,1,82,0,83,0,2,87,1,90,104,0,104,194
07/02/2000,HKS,MS,ASO,CE,Federal Contract Tower,0,2,9,0,11,0,0,64,0,64,0,2,73,0,75,114,0,114,189
07/03/2000,HKS,MS,ASO,CE,Federal Contract Tower,0,2,3,0,5,0,2,42,0,44,0,4,45,0,49,58,0,58,107
07/04/2000,HKS,MS,ASO,CE,Federal Contract Tower,0,0,6,0,6,0,0,51,0,51,0,0,57,0,57,54,0,54,111
07/05/2000,HKS,MS,ASO,CE,Federal Contract Tower,0,2,7,3,12,0,7,63,10,80,0,9,70,13,92,100,0,100,192
07/06/2000,HKS,MS,ASO,CE,Federal Contract Tower,0,4,16,4,24,0,1,50,8,59,0,5,66,12,83,100,0,100,183
07/07/2000,HKS,MS,ASO,CE,Federal Contract Tower,0,5,21,5,31,0,2,52,19,73,0,7,73,24,104,124,14,138,242
07/08/2000,HKS,MS,ASO,CE,Federal Contract Tower,0,3,15,3,21,0,0,85,9,94,0,3,100,12,115,66,0,66,181
07/09/2000,HKS,MS,ASO,CE,Federal Contract Tower,0,0,9,2,11,0,0,30,8,38,0,0,39,10,49,40,0,40,89
07/10/2000,HKS,MS,ASO,CE,Federal Contract Tower,0,2,9,2,13,0,3,31,3,37,0,5,40,5,50,100,0,100,150
07/11/2000,HKS,MS,ASO,CE,Federal Contract Tower,0,5,17,3,25,0,4,45,1,50,0,9,62,4,75,90,2,92,167
07/12/2000,HKS,MS,ASO,CE,Federal Contract Tower,0,4,17,3,24,0,1,48,19,68,0,5,65,22,92,56,4,60,152
07/13/2000,HKS,MS,ASO,CE,Federal Contract Tower,0,6,24,4,34,0,2,61,13,76,0,8,85,17,110,110,10,120,230
07/14/2000,HKS,MS,ASO,CE,Federal Contract Tower,0,3,11,2,16,0,3,55,12,70,0,6,66,14,86,98,0,98,184
07/15/2000,HKS,MS,ASO,CE,Federal Contract Tower,0,1,8,1,10,0,0,82,7,89,0,1,90,8,99,134,0,134,233
07/16/2000,HKS,MS,ASO,CE,Federal Contract Tower,0,1,10,1,12,0,0,52,1,53,0,1,62,2,65,138,2,140,205
07/17/2000,HKS,MS,ASO,CE,Federal Contract Tower,0,3,11,1,15,0,2,42,3,47,0,5,53,4,62,10,0,10,72
07/18/2000,HKS,MS,ASO,CE,Federal Contract Tower,0,5,20,2,27,0,0,55,8,63,0,5,75,10,90,74,0,74,164
07/19/2000,HKS,MS,ASO,CE,Federal Contract Tower,0,6,21,2,29,0,0,59,5,64,0,6,80,7,93,66,2,68,161
07/20/2000,HKS,MS,ASO,CE,Federal Contract Tower,0,5,20,2,27,0,4,39,7,50,0,9,59,9,77,52,0,52,129
07/21/2000,HKS,MS,ASO,CE,Federal Contract Tower,0,6,21,2,29,0,1,47,12,60,0,7,68,14,89,108,18,126,215
07/22/2000,HKS,MS,ASO,CE,Federal Contract Tower,0,3,12,1,16,0,0,51,6,57,0,3,63,7,73,138,0,138,211
07/23/2000,HKS,MS,ASO,CE,Federal Contract Tower,0,1,12,1,14,0,0,21,7,28,0,1,33,8,42,58,10,68,110
07/24/2000,HKS,MS,ASO,CE,Federal Contract Tower,0,4,14,1,19,0,5,49,6,60,0,9,63,7,79,80,0,80,159
07/25/2000,HKS,MS,ASO,CE,Federal Contract Tower,0,4,21,2,27,0,0,51,10,61,0,4,72,12,88,74,0,74,162
07/26/2000,HKS,MS,ASO,CE,Federal Contract Tower,0,4,18,2,24,0,6,60,3,69,0,10,78,5,93,114,8,122,215
07/27/2000,HKS,MS,ASO,CE,Federal Contract Tower,0,7,28,3,38,0,0,33,8,41,0,7,61,11,79,74,20,94,173
07/28/2000,HKS,MS,ASO,CE,Federal Contract Tower,0,5,19,2,26,0,3,43,3,49,0,8,62,5,75,162,0,162,237
07/29/2000,HKS,MS,ASO,CE,Federal Contract Tower,0,2,9,1,12,0,0,54,5,59,0,2,63,6,71,152,0,152,223
07/30/2000,HKS,MS,ASO,CE,Federal Contract Tower,0,0,13,1,14,0,0,29,1,30,0,0,42,2,44,64,0,64,108
07/31/2000,HKS,MS,ASO,CE,Federal Contract Tower,0,4,18,2,24,0,1,30,3,34,0,5,48,5,58,8,22,30,88
08/01/2000,HKS,MS,ASO,CE,Federal Contract Tower,0,3,13,1,17,0,4,21,7,32,0,7,34,8,49,34,0,34,83
08/02/2000,HKS,MS,ASO,CE,Federal Contract Tower,0,4,24,4,32,0,3,32,2,37,0,7,56,6,69,116,0,116,185
08/03/2000,HKS,MS,ASO,CE,Federal Contract Tower,0,5,25,4,34,0,3,51,5,59,0,8,76,9,93,170,0,170,263
08/04/2000,HKS,MS,ASO,CE,Federal Contract Tower,0,2,18,3,23,0,8,60,8,76,0,10,78,11,99,82,34,116,215
08/05/2000,HKS,MS,ASO,CE,Federal Contract Tower,0,3,14,2,19,0,0,53,8,61,0,3,67,10,80,118,14,132,212
08/06/2000,HKS,MS,ASO,CE,Federal Contract Tower,0,0,14,3,17,0,0,46,0,46,0,0,60,3,63,58,0,58,121
08/07/2000,HKS,MS,ASO,CE,Federal Contract Tower,0,4,16,3,23,0,0,55,0,55,0,4,71,3,78,82,0,82,160
08/08/2000,HKS,MS,ASO,CE,Federal Contract Tower,0,4,19,2,25,0,0,48,8,56,0,4,67,10,81,116,4,120,201
08/09/2000,HKS,MS,ASO,CE,Federal Contract Tower,0,6,23,3,32,0,0,33,6,39,0,6,56,9,71,110,16,126,197
08/10/2000,HKS,MS,ASO,CE,Federal Contract Tower,0,8,28,3,39,0,1,62,14,77,0,9,90,17,116,148,6,154,270
08/11/2000,HKS,MS,ASO,CE,Federal Contract Tower,0,7,26,3,36,0,5,40,3,48,0,12,66,6,84,108,0,108,192
08/12/2000,HKS,MS,ASO,CE,Federal Contract Tower,0,2,8,1,11,0,1,79,3,83,0,3,87,4,94,56,0,56,150
08/13/2000,HKS,MS,ASO,CE,Federal Contract Tower,0,0,14,0,14,0,0,36,0,36,0,0,50,0,50,22,0,22,72
08/14/2000,HKS,MS,ASO,CE,Federal Contract Tower,0,4,17,2,23,0,1,36,3,40,0,5,53,5,63,124,14,138,201
08/15/2000,HKS,MS,ASO,CE,Federal Contract Tower,0,4,15,2,21,0,2,36,10,48,0,6,51,12,69,76,44,120,189
08/16/2000,HKS,MS,ASO,CE,Federal Contract Tower,0,7,24,3,34,0,2,42,9,53,0,9,66,12,87,74,16,90,177
08/17/2000,HKS,MS,ASO,CE,Federal Contract Tower,0,5,18,2,25,0,1,65,27,93,0,6,83,29,118,58,0,58,176
08/18/2000,HKS,MS,ASO,CE,Federal Contract Tower,0,5,19,1,25,0,0,51,16,67,0,5,70,17,92,80,0,80,172
08/19/2000,HKS,MS,ASO,CE,Federal Contract Tower,0,2,5,0,7,0,0,63,0,63,0,2,68,0,70,134,0,134,204
08/20/2000,HKS,MS,ASO,CE,Federal Contract Tower,0,0,9,1,10,0,0,48,0,48,0,0,57,1,58,50,0,50,108
08/21/2000,HKS,MS,ASO,CE,Federal Contract Tower,0,6,23,2,31,0,0,43,3,46,0,6,66,5,77,88,0,88,165
08/22/2000,HKS,MS,ASO,CE,Federal Contract Tower,0,4,16,2,22,0,4,29,9,42,0,8,45,11,64,86,10,96,160
08/23/2000,HKS,MS,ASO,CE,Federal Contract Tower,0,7,26,3,36,0,1,58,9,68,0,8,84,12,104,66,0,66,170
08/24/2000,HKS,MS,ASO,CE,Federal Contract Tower,0,5,24,3,32,0,0,61,18,79,0,5,85,21,111,78,14,92,203
08/25/2000,HKS,MS,ASO,CE,Federal Contract Tower,0,5,18,2,25,0,0,42,4,46,0,5,60,6,71,58,2,60,131
08/26/2000,HKS,MS,ASO,CE,Federal Contract Tower,0,3,12,1,16,0,1,56,19,76,0,4,68,20,92,88,18,106,198
08/27/2000,HKS,MS,ASO,CE,Federal Contract Tower,0,2,9,0,11,0,4,35,5,44,0,6,44,5,55,94,8,102,157
08/28/2000,HKS,MS,ASO,CE,Federal Contract Tower,0,4,21,2,27,0,0,41,7,48,0,4,62,9,75,66,4,70,145
08/29/2000,HKS,MS,ASO,CE,Federal Contract Tower,0,7,35,4,46,0,0,59,5,64,0,7,94,9,110,68,0,68,178
08/30/2000,HKS,MS,ASO,CE,Federal Contract Tower,0,7,26,3,36,0,0,54,5,59,0,7,80,8,95,66,0,66,161
08/31/2000,HKS,MS,ASO,CE,Federal Contract Tower,0,7,29,3,39,0,0,45,2,47,0,7,74,5,86,42,0,42,128
09/01/2000,HKS,MS,ASO,CE,Federal Contract Tower,0,1,12,1,14,0,4,16,0,20,0,5,28,1,34,8,0,8,42
09/02/2000,HKS,MS,ASO,CE,Federal Contract Tower,0,1,9,2,12,0,0,44,8,52,0,1,53,10,64,40,0,40,104
09/03/2000,HKS,MS,ASO,CE,Federal Contract Tower,0,0,5,0,5,0,0,31,0,31,0,0,36,0,36,38,0,38,74
09/04/2000,HKS,MS,ASO,CE,Federal Contract Tower,0,2,6,0,8,0,0,46,0,46,0,2,52,0,54,38,0,38,92
09/05/2000,HKS,MS,ASO,CE,Federal Contract Tower,0,3,17,4,24,0,5,29,5,39,0,8,46,9,63,32,0,32,95
09/06/2000,HKS,MS,ASO,CE,Federal Contract Tower,0,5,21,1,27,0,3,24,0,27,0,8,45,1,54,44,0,44,98
09/07/2000,HKS,MS,ASO,CE,Federal Contract Tower,0,5,22,3,30,0,3,14,9,26,0,8,36,12,56,34,18,52,108
09/08/2000,HKS,MS,ASO,CE,Federal Contract Tower,0,5,22,3,30,0,4,24,7,35,0,9,46,10,65,30,8,38,103
09/09/2000,HKS,MS,ASO,CE,Federal Contract Tower,0,2,20,3,25,0,0,5,15,20,0,2,25,18,45,20,4,24,69
09/10/2000,HKS,MS,ASO,CE,Federal Contract Tower,0,3,15,2,20,0,0,33,7,40,0,3,48,9,60,70,8,78,138
09/11/2000,HKS,MS,ASO,CE,Federal Contract Tower,0,5,21,3,29,0,1,16,6,23,0,6,37,9,52,44,0,44,96
09/12/2000,HKS,MS,ASO,CE,Federal Contract Tower,0,4,21,3,28,0,2,17,22,41,0,6,38,25,69,26,28,54,123
09/13/2000,HKS,MS,ASO,CE,Federal Contract Tower,0,3,18,3,24,0,4,29,10,43,0,7,47,13,67,54,36,90,157
09/14/2000,HKS,MS,ASO,CE,Federal Contract Tower,0,5,22,3,30,0,3,46,7,56,0,8,68,10,86,92,0,92,178
09/15/2000,HKS,MS,ASO,CE,Federal Contract Tower,0,4,20,2,26,0,6,51,5,62,0,10,71,7,88,50,0,50,138
09/16/2000,HKS,MS,ASO,CE,Federal Contract Tower,0,4,17,0,21,0,2,57,0,59,0,6,74,0,80,82,0,82,162
09/17/2000,HKS,MS,ASO,CE,Federal Contract Tower,0,2,11,0,13,0,2,49,0,51,0,4,60,0,64,48,0,48,112
09/18/2000,HKS,MS,ASO,CE,Federal Contract Tower,0,2,12,1,15,0,3,42,2,47,0,5,54,3,62,42,0,42,104
09/19/2000,HKS,MS,ASO,CE,Federal Contract Tower,0,4,20,2,26,0,0,66,7,73,0,4,86,9,99,92,2,94,193
09/20/2000,HKS,MS,ASO,CE,Federal Contract Tower,0,6,25,0,31,0,1,23,0,24,0,7,48,0,55,0,2,2,57
09/21/2000,HKS,MS,ASO,CE,Federal Contract Tower,0,4,25,2,31,0,0,31,18,49,0,4,56,20,80,122,4,126,206
09/22/2000,HKS,MS,ASO,CE,Federal Contract Tower,0,5,25,2,32,0,1,25,0,26,0,6,50,2,58,48,0,48,106
09/23/2000,HKS,MS,ASO,CE,Federal Contract Tower,0,1,28,3,32,0,0,40,17,57,0,1,68,20,89,108,4,112,201
09/24/2000,HKS,MS,ASO,CE,Federal Contract Tower,0,0,11,0,11,0,0,27,0,27,0,0,38,0,38,72,0,72,110
09/25/2000,HKS,MS,ASO,CE,Federal Contract Tower,0,4,16,0,20,0,3,2,0,5,0,7,18,0,25,12,0,12,37
09/26/2000,HKS,MS,ASO,CE,Federal Contract Tower,0,5,25,2,32,0,0,41,21,62,0,5,66,23,94,48,28,76,170
09/27/2000,HKS,MS,ASO,CE,Federal Contract Tower,0,3,19,2,24,0,5,61,4,70,0,8,80,6,94,108,0,108,202
09/28/2000,HKS,MS,ASO,CE,Federal Contract Tower,0,4,21,2,27,0,2,64,15,81,0,6,85,17,108,38,24,62,170
09/29/2000,HKS,MS,ASO,CE,Federal Contract Tower,0,3,16,1,20,0,6,50,4,60,0,9,66,5,80,60,0,60,140
09/30/2000,HKS,MS,ASO,CE,Federal Contract Tower,0,2,12,0,14,0,2,53,0,55,0,4,65,0,69,78,0,78,147
10/01/2000,HKS,MS,ASO,CE,Federal Contract Tower,0,1,20,0,21,0,1,42,0,43,0,2,62,0,64,156,0,156,220
10/02/2000,HKS,MS,ASO,CE,Federal Contract Tower,0,1,20,0,21,0,3,34,0,37,0,4,54,0,58,102,0,102,160
10/03/2000,HKS,MS,ASO,CE,Federal Contract Tower,0,3,22,2,27,0,9,59,5,73,0,12,81,7,100,98,12,110,210
10/04/2000,HKS,MS,ASO,CE,Federal Contract Tower,0,3,23,2,28,0,1,58,9,68,0,4,81,11,96,136,18,154,250
10/05/2000,HKS,MS,ASO,CE,Federal Contract Tower,0,3,30,2,35,0,0,58,16,74,0,3,88,18,109,94,20,114,223
10/06/2000,HKS,MS,ASO,CE,Federal Contract Tower,0,3,19,0,22,0,5,1,0,6,0,8,20,0,28,0,0,0,28
10/07/2000,HKS,MS,ASO,CE,Federal Contract Tower,0,1,7,0,8,0,2,36,0,38,0,3,43,0,46,64,0,64,110
10/08/2000,HKS,MS,ASO,CE,Federal Contract Tower,0,0,6,0,6,0,0,25,0,25,0,0,31,0,31,74,0,74,105
10/09/2000,HKS,MS,ASO,CE,Federal Contract Tower,0,0,9,0,9,0,0,41,0,41,0,0,50,0,50,66,0,66,116
10/10/2000,HKS,MS,ASO,CE,Federal Contract Tower,0,2,18,2,22,0,1,55,4,60,0,3,73,6,82,86,0,86,168
10/11/2000,HKS,MS,ASO,CE,Federal Contract Tower,0,2,13,1,16,0,4,63,9,76,0,6,76,10,92,70,0,70,162
10/12/2000,HKS,MS,ASO,CE,Federal Contract Tower,0,4,26,2,32,0,0,55,5,60,0,4,81,7,92,74,6,80,172
10/13/2000,HKS,MS,ASO,CE,Federal Contract Tower,0,4,23,2,29,0,4,50,5,59,0,8,73,7,88,110,8,118,206
10/14/2000,HKS,MS,ASO,CE,Federal Contract Tower,0,2,19,2,23,0,0,62,14,76,0,2,81,16,99,126,18,144,243
10/15/2000,HKS,MS,ASO,CE,Federal Contract Tower,0,0,13,1,14,0,0,56,3,59,0,0,69,4,73,148,4,152,225
10/16/2000,HKS,MS,ASO,CE,Federal Contract Tower,0,2,11,0,13,0,1,58,0,59,0,3,69,0,72,84,0,84,156
10/17/2000,HKS,MS,ASO,CE,Federal Contract Tower,0,4,25,1,30,0,5,30,2,37,0,9,55,3,67,32,2,34,101
10/18/2000,HKS,MS,ASO,CE,Federal Contract Tower,0,3,16,0,19,0,3,35,4,42,0,6,51,4,61,58,0,58,119
10/19/2000,HKS,MS,ASO,CE,Federal Contract Tower,0,3,23,1,27,0,1,94,5,100,0,4,117,6,127,72,4,76,203
10/20/2000,HKS,MS,ASO,CE,Federal Contract Tower,0,4,26,1,31,0,2,48,7,57,0,6,74,8,88,106,6,112,200
10/21/2000,HKS,MS,ASO,CE,Federal Contract Tower,0,0,15,0,15,0,0,84,11,95,0,0,99,11,110,114,16,130,240
10/22/2000,HKS,MS,ASO,CE,Federal Contract Tower,0,0,17,0,17,0,0,47,7,54,0,0,64,7,71,56,0,56,127
10/23/2000,HKS,MS,ASO,CE,Federal Contract Tower,0,2,15,0,17,0,2,32,2,36,0,4,47,2,53,94,0,94,147
10/24/2000,HKS,MS,ASO,CE,Federal Contract Tower,0,3,16,0,19,0,4,53,3,60,0,7,69,3,79,94,0,94,173
10/25/2000,HKS,MS,ASO,CE,Federal Contract Tower,0,4,29,1,34,0,0,57,12,69,0,4,86,13,103,120,0,120,223
10/26/2000,HKS,MS,ASO,CE,Federal Contract Tower,0,3,22,1,26,0,4,64,12,80,0,7,86,13,106,116,12,128,234
10/27/2000,HKS,MS,ASO,CE,Federal Contract Tower,0,5,30,1,36,0,5,50,5,60,0,10,80,6,96,160,4,164,260
10/28/2000,HKS,MS,ASO,CE,Federal Contract Tower,0,1,20,0,21,0,0,62,0,62,0,1,82,0,83,78,0,78,161
10/29/2000,HKS,MS,ASO,CE,Federal Contract Tower,0,0,11,0,11,0,0,38,2,40,0,0,49,2,51,66,14,80,131
10/30/2000,HKS,MS,ASO,CE,Federal Contract Tower,0,3,17,0,20,0,3,44,0,47,0,6,61,0,67,106,0,106,173
10/31/2000,HKS,MS,ASO,CE,Federal Contract Tower,0,5,33,1,39,0,1,19,38,58,0,6,52,39,97,40,12,52,149
11/01/2000,HKS,MS,ASO,CE,Federal Contract Tower,0,4,23,4,31,0,4,33,16,53,0,8,56,20,84,56,36,92,176
11/02/2000,HKS,MS,ASO,CE,Federal Contract Tower,0,5,22,4,31,0,3,12,8,23,0,8,34,12,54,46,0,46,100
11/03/2000,HKS,MS,ASO,CE,Federal Contract Tower,0,5,21,4,30,0,0,19,19,38,0,5,40,23,68,116,0,116,184
11/04/2000,HKS,MS,ASO,CE,Federal Contract Tower,0,0,13,3,16,0,0,18,11,29,0,0,31,14,45,94,2,96,141
11/05/2000,HKS,MS,ASO,CE,Federal Contract Tower,0,0,14,3,17,0,0,0,5,5,0,0,14,8,22,8,0,8,30
11/06/2000,HKS,MS,ASO,CE,Federal Contract Tower,0,3,14,3,20,0,3,3,2,8,0,6,17,5,28,2,2,4,32
11/07/2000,HKS,MS,ASO,CE,Federal Contract Tower,0,3,18,4,25,0,4,51,4,59,0,7,69,8,84,88,26,114,198
11/08/2000,HKS,MS,ASO,CE,Federal Contract Tower,0,2,13,3,18,0,2,15,1,18,0,4,28,4,36,28,0,28,64
11/09/2000,HKS,MS,ASO,CE,Federal Contract Tower,0,5,29,5,39,0,1,25,0,26,0,6,54,5,65,20,18,38,103
11/10/2000,HKS,MS,ASO,CE,Federal Contract Tower,0,5,26,0,31,0,0,23,0,23,0,5,49,0,54,80,0,80,134
11/11/2000,HKS,MS,ASO,CE,Federal Contract Tower,0,1,19,4,24,0,0,62,8,70,0,1,81,12,94,152,8,160,254
11/12/2000,HKS,MS,ASO,CE,Federal Contract Tower,0,0,13,3,16,0,0,54,5,59,0,0,67,8,75,192,18,210,285
11/13/2000,HKS,MS,ASO,CE,Federal Contract Tower,0,3,13,3,19,0,3,8,0,11,0,6,21,3,30,0,0,0,30
11/14/2000,HKS,MS,ASO,CE,Federal Contract Tower,0,5,21,4,30,0,1,31,13,45,0,6,52,17,75,82,0,82,157
11/15/2000,HKS,MS,ASO,CE,Federal Contract Tower,0,6,28,5,39,0,3,36,10,49,0,9,64,15,88,114,8,122,210
11/16/2000,HKS,MS,ASO,CE,Federal Contract Tower,0,3,17,0,20,0,4,0,0,4,0,7,17,0,24,0,0,0,24
11/17/2000,HKS,MS,ASO,CE,Federal Contract Tower,0,3,16,2,21,0,3,15,6,24,0,6,31,8,45,68,28,96,141
11/18/2000,HKS,MS,ASO,CE,Federal Contract Tower,0,1,7,0,8,0,1,7,0,8,0,2,14,0,16,40,0,40,56
11/19/2000,HKS,MS,ASO,CE,Federal Contract Tower,0,0,9,0,9,0,0,37,0,37,0,0,46,0,46,90,0,90,136
11/20/2000,HKS,MS,ASO,CE,Federal Contract Tower,0,4,20,3,27,0,5,27,11,43,0,9,47,14,70,102,24,126,196
11/21/2000,HKS,MS,ASO,CE,Federal Contract Tower,0,4,19,3,26,0,2,41,15,58,0,6,60,18,84,90,24,114,198
11/22/2000,HKS,MS,ASO,CE,Federal Contract Tower,0,4,44,7,55,0,0,17,3,20,0,4,61,10,75,78,18,96,171
11/23/2000,HKS,MS,ASO,CE,Federal Contract Tower,0,0,2,0,2,0,0,6,0,6,0,0,8,0,8,0,0,0,8
11/24/2000,HKS,MS,ASO,CE,Federal Contract Tower,0,1,1,0,2,0,5,0,0,5,0,6,1,0,7,0,0,0,7
11/25/2000,HKS,MS,ASO,CE,Federal Contract Tower,0,1,9,0,10,0,0,20,0,20,0,1,29,0,30,126,0,126,156
11/26/2000,HKS,MS,ASO,CE,Federal Contract Tower,0,0,11,0,11,0,0,54,0,54,0,0,65,0,65,134,0,134,199
11/27/2000,HKS,MS,ASO,CE,Federal Contract Tower,0,2,9,0,11,0,1,23,0,24,0,3,32,0,35,72,0,72,107
11/28/2000,HKS,MS,ASO,CE,Federal Contract Tower,0,7,35,5,47,0,2,39,8,49,0,9,74,13,96,48,26,74,170
11/29/2000,HKS,MS,ASO,CE,Federal Contract Tower,0,5,26,4,35,0,1,20,13,34,0,6,46,17,69,28,8,36,105
11/30/2000,HKS,MS,ASO,CE,Federal Contract Tower,0,5,27,4,36,0,0,34,7,41,0,5,61,11,77,112,2,114,191
12/01/2000,HKS,MS,ASO,CE,Federal Contract Tower,0,6,29,5,40,0,0,31,6,37,0,6,60,11,77,106,30,136,213
12/02/2000,HKS,MS,ASO,CE,Federal Contract Tower,0,2,20,3,25,0,0,29,6,35,0,2,49,9,60,96,2,98,158
12/03/2000,HKS,MS,ASO,CE,Federal Contract Tower,0,0,16,2,18,0,0,28,12,40,0,0,44,14,58,52,4,56,114
12/04/2000,HKS,MS,ASO,CE,Federal Contract Tower,0,4,18,3,25,0,1,40,1,42,0,5,58,4,67,76,16,92,159
12/05/2000,HKS,MS,ASO,CE,Federal Contract Tower,0,6,23,4,33,0,3,48,11,62,0,9,71,15,95,110,50,160,255
12/06/2000,HKS,MS,ASO,CE,Federal Contract Tower,0,6,19,4,29,0,2,27,16,45,0,8,46,20,74,108,18,126,200
12/07/2000,HKS,MS,ASO,CE,Federal Contract Tower,0,4,16,4,24,0,3,69,0,72,0,7,85,4,96,122,4,126,222
12/08/2000,HKS,MS,ASO,CE,Federal Contract Tower,0,4,21,4,29,0,0,50,6,56,0,4,71,10,85,216,4,220,305
12/09/2000,HKS,MS,ASO,CE,Federal Contract Tower,0,3,11,3,17,0,0,52,5,57,0,3,63,8,74,86,14,100,174
12/10/2000,HKS,MS,ASO,CE,Federal Contract Tower,0,0,12,3,15,0,0,31,8,39,0,0,43,11,54,170,8,178,232
12/11/2000,HKS,MS,ASO,CE,Federal Contract Tower,0,2,11,3,16,0,3,10,1,14,0,5,21,4,30,24,0,24,54
12/12/2000,HKS,MS,ASO,CE,Federal Contract Tower,0,5,21,4,30,0,0,18,8,26,0,5,39,12,56,64,0,64,120
12/13/2000,HKS,MS,ASO,CE,Federal Contract Tower,0,0,4,1,5,0,5,1,3,9,0,5,5,4,14,0,0,0,14
12/14/2000,HKS,MS,ASO,CE,Federal Contract Tower,0,2,24,5,31,0,0,2,20,22,0,2,26,25,53,0,32,32,85
12/15/2000,HKS,MS,ASO,CE,Federal Contract Tower,0,6,21,5,32,0,3,0,13,16,0,9,21,18,48,26,30,56,104
12/16/2000,HKS,MS,ASO,CE,Federal Contract Tower,0,0,2,0,2,0,1,6,0,7,0,1,8,0,9,0,0,0,9
12/17/2000,HKS,MS,ASO,CE,Federal Contract Tower,0,2,13,0,15,0,0,41,0,41,0,2,54,0,56,60,0,60,116
12/18/2000,HKS,MS,ASO,CE,Federal Contract Tower,0,5,19,4,28,0,1,12,5,18,0,6,31,9,46,40,10,50,96
12/19/2000,HKS,MS,ASO,CE,Federal Contract Tower,0,2,8,2,12,0,6,14,5,25,0,8,22,7,37,18,18,36,73
12/20/2000,HKS,MS,ASO,CE,Federal Contract Tower,0,4,14,3,21,0,1,72,1,74,0,5,86,4,95,104,0,104,199
12/21/2000,HKS,MS,ASO,CE,Federal Contract Tower,0,3,10,2,15,0,2,8,13,23,0,5,18,15,38,68,42,110,148
12/22/2000,HKS,MS,ASO,CE,Federal Contract Tower,0,3,8,0,11,0,1,46,0,47,0,4,54,0,58,96,0,96,154
12/23/2000,HKS,MS,ASO,CE,Federal Contract Tower,0,0,7,0,7,0,0,61,0,61,0,0,68,0,68,68,0,68,136
12/24/2000,HKS,MS,ASO,CE,Federal Contract Tower,0,2,10,0,12,0,0,29,0,29,0,2,39,0,41,104,0,104,145
12/25/2000,HKS,MS,ASO,CE,Federal Contract Tower,0,0,5,0,5,0,0,11,0,11,0,0,16,0,16,24,0,24,40
12/26/2000,HKS,MS,ASO,CE,Federal Contract Tower,0,2,7,0,9,0,5,3,0,8,0,7,10,0,17,78,0,78,95
12/27/2000,HKS,MS,ASO,CE,Federal Contract Tower,0,2,6,1,9,0,2,0,0,2,0,4,6,1,11,0,0,0,11
12/28/2000,HKS,MS,ASO,CE,Federal Contract Tower,0,3,11,1,15,0,0,1,0,1,0,3,12,1,16,0,0,0,16
12/29/2000,HKS,MS,ASO,CE,Federal Contract Tower,0,4,18,3,25,0,3,15,1,19,0,7,33,4,44,40,12,52,96
12/30/2000,HKS,MS,ASO,CE,Federal Contract Tower,0,4,15,0,19,0,1,32,0,33,0,5,47,0,52,120,0,120,172
12/31/2000,HKS,MS,ASO,CE,Federal Contract Tower,0,0,5,0,5,0,0,40,0,40,0,0,45,0,45,88,0,88,133
01/01/2001,HKS,MS,ASO,CE,Federal Contract Tower,0,0,0,0,0,0,1,3,0,4,0,1,3,0,4,0,0,0,4
01/02/2001,HKS,MS,ASO,CE,Federal Contract Tower,0,4,12,2,18,0,3,14,7,24,0,7,26,9,42,14,0,14,56
01/03/2001,HKS,MS,ASO,CE,Federal Contract Tower,0,6,19,4,29,0,0,40,11,51,0,6,59,15,80,24,0,24,104
01/04/2001,HKS,MS,ASO,CE,Federal Contract Tower,0,5,18,4,27,0,3,48,12,63,0,8,66,16,90,96,0,96,186
01/05/2001,HKS,MS,ASO,CE,Federal Contract Tower,0,2,11,3,16,0,2,51,3,56,0,4,62,6,72,84,0,84,156
01/06/2001,HKS,MS,ASO,CE,Federal Contract Tower,0,0,3,0,3,0,2,43,10,55,0,2,46,10,58,124,0,124,182
01/07/2001,HKS,MS,ASO,CE,Federal Contract Tower,0,0,1,0,1,0,0,0,0,0,0,0,1,0,1,2,0,2,3
01/08/2001,HKS,MS,ASO,CE,Federal Contract Tower,0,2,9,2,13,0,1,24,0,25,0,3,33,2,38,46,0,46,84
01/09/2001,HKS,MS,ASO,CE,Federal Contract Tower,0,2,10,3,15,0,6,23,10,39,0,8,33,13,54,52,0,52,106
01/10/2001,HKS,MS,ASO,CE,Federal Contract Tower,0,2,10,3,15,0,2,29,11,42,0,4,39,14,57,44,4,48,105
01/11/2001,HKS,MS,ASO,CE,Federal Contract Tower,0,4,15,2,21,0,2,0,0,2,0,6,15,2,23,2,0,2,25
01/12/2001,HKS,MS,ASO,CE,Federal Contract Tower,0,5,18,5,28,0,2,0,28,30,0,7,18,33,58,28,32,60,118
01/13/2001,HKS,MS,ASO,CE,Federal Contract Tower,0,2,7,2,11,0,3,20,15,38,0,5,27,17,49,96,16,112,161
01/14/2001,HKS,MS,ASO,CE,Federal Contract Tower,0,0,8,2,10,0,0,14,0,14,0,0,22,2,24,54,0,54,78
01/15/2001,HKS,MS,ASO,CE,Federal Contract Tower,0,0,14,0,14,0,0,51,0,51,0,0,65,0,65,106,0,106,171
01/16/2001,HKS,MS,ASO,CE,Federal Contract Tower,0,2,11,3,16,0,1,5,1,7,0,3,16,4,23,0,0,0,23
01/17/2001,HKS,MS,ASO,CE,Federal Contract Tower,0,4,17,2,23,0,1,1,0,2,0,5,18,2,25,0,0,0,25
01/18/2001,HKS,MS,ASO,CE,Federal Contract Tower,0,2,12,0,14,0,1,1,0,2,0,3,13,0,16,0,0,0,16
01/19/2001,HKS,MS,ASO,CE,Federal Contract Tower,0,3,12,2,17,0,1,3,5,9,0,4,15,7,26,2,0,2,28
01/20/2001,HKS,MS,ASO,CE,Federal Contract Tower,0,3,14,2,19,0,0,35,11,46,0,3,49,13,65,96,28,124,189
01/21/2001,HKS,MS,ASO,CE,Federal Contract Tower,0,0,12,2,14,0,0,37,8,45,0,0,49,10,59,80,8,88,147
01/22/2001,HKS,MS,ASO,CE,Federal Contract Tower,0,4,17,3,24,0,0,40,1,41,0,4,57,4,65,66,0,66,131
01/23/2001,HKS,MS,ASO,CE,Federal Contract Tower,0,4,16,3,23,0,1,37,8,46,0,5,53,11,69,120,26,146,215
01/24/2001,HKS,MS,ASO,CE,Federal Contract Tower,0,6,26,5,37,0,2,46,4,52,0,8,72,9,89,116,0,116,205
01/25/2001,HKS,MS,ASO,CE,Federal Contract Tower,0,4,16,3,23,0,1,61,1,63,0,5,77,4,86,80,16,96,182
01/26/2001,HKS,MS,ASO,CE,Federal Contract Tower,0,5,24,4,33,0,0,37,9,46,0,5,61,13,79,80,0,80,159
01/27/2001,HKS,MS,ASO,CE,Federal Contract Tower,0,2,7,1,10,0,2,44,0,46,0,4,51,1,56,94,0,94,150
01/28/2001,HKS,MS,ASO,CE,Federal Contract Tower,0,0,8,1,9,0,0,45,1,46,0,0,53,2,55,52,0,52,107
01/29/2001,HKS,MS,ASO,CE,Federal Contract Tower,0,2,4,1,7,0,3,0,4,7,0,5,4,5,14,0,24,24,38
01/30/2001,HKS,MS,ASO,CE,Federal Contract Tower,0,4,16,3,23,0,0,18,2,20,0,4,34,5,43,16,24,40,83
01/31/2001,HKS,MS,ASO,CE,Federal Contract Tower,0,4,17,3,24,0,2,43,3,48,0,6,60,6,72,70,20,90,162
02/01/2001,HKS,MS,ASO,CE,Federal Contract Tower,0,4,16,2,22,0,0,41,9,50,0,4,57,11,72,40,2,42,114
02/02/2001,HKS,MS,ASO,CE,Federal Contract Tower,0,4,16,2,22,0,0,35,26,61,0,4,51,28,83,40,18,58,141
02/03/2001,HKS,MS,ASO,CE,Federal Contract Tower,0,0,6,1,7,0,3,47,9,59,0,3,53,10,66,72,16,88,154
02/04/2001,HKS,MS,ASO,CE,Federal Contract Tower,0,0,9,2,11,0,0,44,7,51,0,0,53,9,62,68,10,78,140
02/05/2001,HKS,MS,ASO,CE,Federal Contract Tower,0,3,14,2,19,0,1,32,0,33,0,4,46,2,52,66,0,66,118
02/06/2001,HKS,MS,ASO,CE,Federal Contract Tower,0,2,16,3,21,0,0,43,2,45,0,2,59,5,66,42,6,48,114
02/07/2001,HKS,MS,ASO,CE,Federal Contract Tower,0,4,28,5,37,0,0,44,26,70,0,4,72,31,107,38,44,82,189
02/08/2001,HKS,MS,ASO,CE,Federal Contract Tower,0,2,20,4,26,0,0,48,5,53,0,2,68,9,79,54,0,54,133
02/09/2001,HKS,MS,ASO,CE,Federal Contract Tower,0,2,14,3,19,0,3,21,4,28,0,5,35,7,47,0,2,2,49
02/10/2001,HKS,MS,ASO,CE,Federal Contract Tower,0,3,17,3,23,0,0,56,2,58,0,3,73,5,81,132,6,138,219
02/11/2001,HKS,MS,ASO,CE,Federal Contract Tower,0,0,12,2,14,0,0,29,9,38,0,0,41,11,52,122,6,128,180
02/12/2001,HKS,MS,ASO,CE,Federal Contract Tower,0,3,11,2,16,0,1,33,4,38,0,4,44,6,54,26,12,38,92
02/13/2001,HKS,MS,ASO,CE,Federal Contract Tower,0,3,16,0,19,0,2,2,0,4,0,5,18,0,23,0,0,0,23
02/14/2001,HKS,MS,ASO,CE,Federal Contract Tower,0,4,22,4,30,0,2,18,6,26,0,6,40,10,56,20,54,74,130
02/15/2001,HKS,MS,ASO,CE,Federal Contract Tower,0,4,21,4,29,0,1,44,18,63,0,5,65,22,92,102,16,118,210
02/16/2001,HKS,MS,ASO,CE,Federal Contract Tower,0,2,11,2,15,0,2,7,2,11,0,4,18,4,26,6,0,6,32
02/17/2001,HKS,MS,ASO,CE,Federal Contract Tower,0,1,8,2,11,0,2,57,3,62,0,3,65,5,73,72,0,72,145
02/18/2001,HKS,MS,ASO,CE,Federal Contract Tower,0,1,12,0,13,0,0,48,0,48,0,1,60,0,61,122,0,122,183
02/19/2001,HKS,MS,ASO,CE,Federal Contract Tower,0,0,12,0,12,0,0,47,0,47,0,0,59,0,59,78,0,78,137
02/20/2001,HKS,MS,ASO,CE,Federal Contract Tower,0,3,21,3,27,0,0,28,18,46,0,3,49,21,73,54,8,62,135
02/21/2001,HKS,MS,ASO,CE,Federal Contract Tower,0,5,29,4,38,0,3,27,4,34,0,8,56,8,72,32,18,50,122
02/22/2001,HKS,MS,ASO,CE,Federal Contract Tower,0,5,26,3,34,0,2,14,8,24,0,7,40,11,58,46,0,46,104
02/23/2001,HKS,MS,ASO,CE,Federal Contract Tower,0,5,25,3,33,0,1,50,8,59,0,6,75,11,92,66,4,70,162
02/24/2001,HKS,MS,ASO,CE,Federal Contract Tower,0,0,5,0,5,0,1,0,6,7,0,1,5,6,12,0,26,26,38
02/25/2001,HKS,MS,ASO,CE,Federal Contract Tower,0,0,9,1,10,0,0,42,11,53,0,0,51,12,63,156,0,156,219
02/26/2001,HKS,MS,ASO,CE,Federal Contract Tower,0,1,9,1,11,0,2,29,5,36,0,3,38,6,47,62,10,72,119
02/27/2001,HKS,MS,ASO,CE,Federal Contract Tower,0,1,9,1,11,0,8,9,7,24,0,9,18,8,35,26,0,26,61
02/28/2001,HKS,MS,ASO,CE,Federal Contract Tower,0,3,15,2,20,0,1,0,1,2,0,4,15,3,22,16,0,16,38
03/01/2001,HKS,MS,ASO,CE,Federal Contract Tower,0,3,11,4,18,0,6,0,0,6,0,9,11,4,24,0,0,0,24
03/02/2001,HKS,MS,ASO,CE,Federal Contract Tower,0,3,14,0,17,0,3,0,0,3,0,6,14,0,20,0,0,0,20
03/03/2001,HKS,MS,ASO,CE,Federal Contract Tower,0,0,1,1,2,0,2,0,1,3,0,2,1,2,5,0,0,0,5
03/04/2001,HKS,MS,ASO,CE,Federal Contract Tower,0,1,10,2,13,0,0,8,9,17,0,1,18,11,30,8,10,18,48
03/05/2001,HKS,MS,ASO,CE,Federal Contract Tower,0,2,11,0,13,0,4,66,0,70,0,6,77,0,83,76,0,76,159
03/06/2001,HKS,MS,ASO,CE,Federal Contract Tower,0,4,15,3,22,0,1,52,6,59,0,5,67,9,81,106,6,112,193
03/07/2001,HKS,MS,ASO,CE,Federal Contract Tower,0,5,20,4,29,0,0,52,11,63,0,5,72,15,92,84,22,106,198
03/08/2001,HKS,MS,ASO,CE,Federal Contract Tower,0,4,16,3,23,0,2,59,5,66,0,6,75,8,89,142,16,158,247
03/09/2001,HKS,MS,ASO,CE,Federal Contract Tower,0,4,16,3,23,0,1,39,6,46,0,5,55,9,69,58,10,68,137
03/10/2001,HKS,MS,ASO,CE,Federal Contract Tower,0,3,10,2,15,0,3,52,9,64,0,6,62,11,79,150,14,164,243
03/11/2001,HKS,MS,ASO,CE,Federal Contract Tower,0,0,12,3,15,0,0,47,4,51,0,0,59,7,66,120,0,120,186
03/12/2001,HKS,MS,ASO,CE,Federal Contract Tower,0,2,7,0,9,0,2,22,0,24,0,4,29,0,33,46,0,46,79
03/13/2001,HKS,MS,ASO,CE,Federal Contract Tower,0,4,17,4,25,0,0,41,11,52,0,4,58,15,77,60,16,76,153
03/14/2001,HKS,MS,ASO,CE,Federal Contract Tower,0,4,19,4,27,0,2,19,0,21,0,6,38,4,48,6,4,10,58
03/15/2001,HKS,MS,ASO,CE,Federal Contract Tower,0,4,18,4,26,0,3,36,8,47,0,7,54,12,73,24,10,34,107
03/16/2001,HKS,MS,ASO,CE,Federal Contract Tower,0,4,19,4,27,0,1,54,3,58,0,5,73,7,85,6,0,6,91
03/17/2001,HKS,MS,ASO,CE,Federal Contract Tower,0,2,17,4,23,0,0,43,9,52,0,2,60,13,75,128,24,152,227
03/18/2001,HKS,MS,ASO,CE,Federal Contract Tower,0,0,17,2,19,0,0,51,8,59,0,0,68,10,78,106,6,112,190
03/19/2001,HKS,MS,ASO,CE,Federal Contract Tower,0,4,20,3,27,0,0,5,9,14,0,4,25,12,41,14,6,20,61
03/20/2001,HKS,MS,ASO,CE,Federal Contract Tower,0,3,13,2,18,0,0,8,0,8,0,3,21,2,26,14,0,14,40
03/21/2001,HKS,MS,ASO,CE,Federal Contract Tower,0,4,19,3,26,0,2,46,18,66,0,6,65,21,92,32,44,76,168
03/22/2001,HKS,MS,ASO,CE,Federal Contract Tower,0,3,15,2,20,0,1,50,13,64,0,4,65,15,84,82,14,96,180
03/23/2001,HKS,MS,ASO,CE,Federal Contract Tower,0,6,28,2,36,0,3,37,0,40,0,9,65,2,76,70,0,70,146
03/24/2001,HKS,MS,ASO,CE,Federal Contract Tower,0,1,6,0,7,0,1,22,14,37,0,2,28,14,44,64,8,72,116
03/25/2001,HKS,MS,ASO,CE,Federal Contract Tower,0,1,16,2,19,0,0,51,2,53,0,1,67,4,72,136,0,136,208
03/26/2001,HKS,MS,ASO,CE,Federal Contract Tower,0,4,33,5,42,0,0,25,14,39,0,4,58,19,81,78,24,102,183
03/27/2001,HKS,MS,ASO,CE,Federal Contract Tower,0,4,24,4,32,0,2,26,6,34,0,6,50,10,66,86,16,102,168
03/28/2001,HKS,MS,ASO,CE,Federal Contract Tower,0,4,17,2,23,0,0,7,1,8,0,4,24,3,31,2,14,16,47
03/29/2001,HKS,MS,ASO,CE,Federal Contract Tower,0,4,24,4,32,0,2,18,0,20,0,6,42,4,52,56,2,58,110
03/30/2001,HKS,MS,ASO,CE,Federal Contract Tower,0,5,29,5,39,0,0,5,13,18,0,5,34,18,57,14,40,54,111
03/31/2001,HKS,MS,ASO,CE,Federal Contract Tower,0,0,13,2,15,0,0,64,2,66,0,0,77,4,81,150,0,150,231
04/01/2001,HKS,MS,ASO,CE,Federal Contract Tower,0,0,17,0,17,0,0,58,3,61,0,0,75,3,78,120,10,130,208
04/02/2001,HKS,MS,ASO,CE,Federal Contract Tower,0,4,18,0,22,0,0,36,0,36,0,4,54,0,58,28,0,28,86
04/03/2001,HKS,MS,ASO,CE,Federal Contract Tower,0,3,15,1,19,0,0,30,1,31,0,3,45,2,50,70,0,70,120
04/04/2001,HKS,MS,ASO,CE,Federal Contract Tower,0,4,18,1,23,0,1,23,5,29,0,5,41,6,52,54,0,54,106
04/05/2001,HKS,MS,ASO,CE,Federal Contract Tower,0,3,24,1,28,0,0,51,12,63,0,3,75,13,91,70,8,78,169
04/06/2001,HKS,MS,ASO,CE,Federal Contract Tower,0,5,31,0,36,0,0,52,2,54,0,5,83,2,90,56,8,64,154
04/07/2001,HKS,MS,ASO,CE,Federal Contract Tower,0,0,12,0,12,0,2,58,4,64,0,2,70,4,76,152,0,152,228
04/08/2001,HKS,MS,ASO,CE,Federal Contract Tower,0,0,27,0,27,0,0,50,2,52,0,0,77,2,79,80,0,80,159
04/09/2001,HKS,MS,ASO,CE,Federal Contract Tower,0,3,18,2,23,0,0,39,7,46,0,3,57,9,69,36,0,36,105
04/10/2001,HKS,MS,ASO,CE,Federal Contract Tower,0,3,24,2,29,0,0,36,1,37,0,3,60,3,66,104,2,106,172
04/11/2001,HKS,MS,ASO,CE,Federal Contract Tower,0,3,29,8,40,0,4,33,8,45,0,7,62,16,85,64,0,64,149
04/12/2001,HKS,MS,ASO,CE,Federal Contract Tower,0,5,24,3,32,0,0,41,27,68,0,5,65,30,100,42,34,76,176
04/13/2001,HKS,MS,ASO,CE,Federal Contract Tower,0,4,16,3,23,0,0,28,2,30,0,4,44,5,53,42,4,46,99
04/14/2001,HKS,MS,ASO,CE,Federal Contract Tower,0,0,19,0,19,0,0,30,0,30,0,0,49,0,49,122,0,122,171
04/15/2001,HKS,MS,ASO,CE,Federal Contract Tower,0,2,14,0,16,0,0,4,0,4,0,2,18,0,20,0,0,0,20
04/16/2001,HKS,MS,ASO,CE,Federal Contract Tower,0,3,5,0,8,0,0,34,0,34,0,3,39,0,42,100,0,100,142
04/17/2001,HKS,MS,ASO,CE,Federal Contract Tower,0,3,7,4,14,0,1,16,5,22,0,4,23,9,36,28,6,34,70
04/18/2001,HKS,MS,ASO,CE,Federal Contract Tower,0,4,23,9,36,0,0,50,10,60,0,4,73,19,96,96,48,144,240
04/19/2001,HKS,MS,ASO,CE,Federal Contract Tower,0,3,15,4,22,0,0,52,10,62,0,3,67,14,84,46,10,56,140
04/20/2001,HKS,MS,ASO,CE,Federal Contract Tower,0,3,33,8,44,0,2,30,17,49,0,5,63,25,93,80,14,94,187
04/21/2001,HKS,MS,ASO,CE,Federal Contract Tower,0,0,37,0,37,0,0,25,3,28,0,0,62,3,65,164,4,168,233
04/22/2001,HKS,MS,ASO,CE,Federal Contract Tower,0,0,9,0,9,0,0,40,3,43,0,0,49,3,52,114,0,114,166
04/23/2001,HKS,MS,ASO,CE,Federal Contract Tower,0,4,12,1,17,0,2,12,5,19,0,6,24,6,36,10,10,20,56
04/24/2001,HKS,MS,ASO,CE,Federal Contract Tower,0,2,16,0,18,0,4,24,9,37,0,6,40,9,55,58,8,66,121
04/25/2001,HKS,MS,ASO,CE,Federal Contract Tower,0,3,25,2,30,0,0,63,10,73,0,3,88,12,103,60,6,66,169
04/26/2001,HKS,MS,ASO,CE,Federal Contract Tower,0,3,23,2,28,0,7,48,11,66,0,10,71,13,94,80,0,80,174
04/27/2001,HKS,MS,ASO,CE,Federal Contract Tower,0,3,23,2,28,0,1,62,28,91,0,4,85,30,119,94,10,104,223
04/28/2001,HKS,MS,ASO,CE,Federal Contract Tower,0,1,10,1,12,0,4,58,9,71,0,5,68,10,83,96,0,96,179
04/29/2001,HKS,MS,ASO,CE,Federal Contract Tower,0,0,17,0,17,0,0,48,13,61,0,0,65,13,78,48,0,48,126
04/30/2001,HKS,MS,ASO,CE,Federal Contract Tower,0,3,4,0,7,0,1,33,5,39,0,4,37,5,46,24,12,36,82
05/01/2001,HKS,MS,ASO,CE,Federal Contract Tower,0,5,31,4,40,0,4,26,16,46,0,9,57,20,86,72,28,100,186
05/02/2001,HKS,MS,ASO,CE,Federal Contract Tower,0,3,10,2,15,0,0,34,22,56,0,3,44,24,71,80,16,96,167
05/03/2001,HKS,MS,ASO,CE,Federal Contract Tower,0,8,21,2,31,0,0,54,16,70,0,8,75,18,101,114,0,114,215
05/04/2001,HKS,MS,ASO,CE,Federal Contract Tower,0,1,19,1,21,0,0,61,11,72,0,1,80,12,93,80,0,80,173
05/05/2001,HKS,MS,ASO,CE,Federal Contract Tower,0,0,9,0,9,0,3,53,2,58,0,3,62,2,67,30,0,30,97
05/06/2001,HKS,MS,ASO,CE,Federal Contract Tower,0,0,11,0,11,0,0,33,0,33,0,0,44,0,44,122,0,122,166
05/07/2001,HKS,MS,ASO,CE,Federal Contract Tower,0,2,14,2,18,0,5,28,8,41,0,7,42,10,59,48,0,48,107
05/08/2001,HKS,MS,ASO,CE,Federal Contract Tower,0,3,28,2,33,0,2,42,14,58,0,5,70,16,91,10,0,10,101
05/09/2001,HKS,MS,ASO,CE,Federal Contract Tower,0,6,30,1,37,0,0,30,11,41,0,6,60,12,78,20,4,24,102
05/10/2001,HKS,MS,ASO,CE,Federal Contract Tower,0,3,28,0,31,0,3,51,14,68,0,6,79,14,99,36,0,36,135
05/11/2001,HKS,MS,ASO,CE,Federal Contract Tower,0,5,33,1,39,0,0,50,18,68,0,5,83,19,107,96,0,96,203
05/12/2001,HKS,MS,ASO,CE,Federal Contract Tower,0,0,22,0,22,0,2,23,4,29,0,2,45,4,51,80,6,86,137
05/13/2001,HKS,MS,ASO,CE,Federal Contract Tower,0,0,15,0,15,0,0,30,0,30,0,0,45,0,45,12,0,12,57
05/14/2001,HKS,MS,ASO,CE,Federal Contract Tower,0,3,11,0,14,0,0,40,5,45,0,3,51,5,59,76,0,76,135
05/15/2001,HKS,MS,ASO,CE,Federal Contract Tower,0,3,16,2,21,0,6,50,14,70,0,9,66,16,91,74,0,74,165
05/16/2001,HKS,MS,ASO,CE,Federal Contract Tower,0,4,31,2,37,0,1,67,9,77,0,5,98,11,114,84,0,84,198
05/17/2001,HKS,MS,ASO,CE,Federal Contract Tower,0,5,19,1,25,0,4,66,14,84,0,9,85,15,109,78,6,84,193
05/18/2001,HKS,MS,ASO,CE,Federal Contract Tower,0,3,13,3,19,0,0,61,9,70,0,3,74,12,89,32,8,40,129
05/19/2001,HKS,MS,ASO,CE,Federal Contract Tower,0,1,4,0,5,0,0,57,3,60,0,1,61,3,65,64,2,66,131
05/20/2001,HKS,MS,ASO,CE,Federal Contract Tower,0,2,17,2,21,0,0,33,3,36,0,2,50,5,57,80,0,80,137
05/21/2001,HKS,MS,ASO,CE,Federal Contract Tower,0,3,7,0,10,0,1,16,2,19,0,4,23,2,29,14,0,14,43
05/22/2001,HKS,MS,ASO,CE,Federal Contract Tower,0,4,18,2,24,0,1,56,2,59,0,5,74,4,83,50,0,50,133
05/23/2001,HKS,MS,ASO,CE,Federal Contract Tower,0,3,17,1,21,0,2,60,7,69,0,5,77,8,90,78,2,80,170
05/24/2001,HKS,MS,ASO,CE,Federal Contract Tower,0,3,24,1,28,0,3,59,18,80,0,6,83,19,108,74,0,74,182
05/25/2001,HKS,MS,ASO,CE,Federal Contract Tower,0,2,29,0,31,0,1,61,8,70,0,3,90,8,101,76,0,76,177
05/26/2001,HKS,MS,ASO,CE,Federal Contract Tower,0,0,6,0,6,0,2,25,1,28,0,2,31,1,34,28,0,28,62
05/27/2001,HKS,MS,ASO,CE,Federal Contract Tower,0,0,7,0,7,0,0,26,0,26,0,0,33,0,33,22,0,22,55
05/28/2001,HKS,MS,ASO,CE,Federal Contract Tower,0,0,6,0,6,0,0,17,0,17,0,0,23,0,23,38,0,38,61
05/29/2001,HKS,MS,ASO,CE,Federal Contract Tower,0,6,21,0,27,0,0,26,5,31,0,6,47,5,58,54,0,54,112
05/30/2001,HKS,MS,ASO,CE,Federal Contract Tower,0,4,33,3,40,0,1,40,3,44,0,5,73,6,84,66,8,74,158
05/31/2001,HKS,MS,ASO,CE,Federal Contract Tower,0,5,14,0,19,0,1,23,1,25,0,6,37,1,44,26,0,26,70
06/01/2001,HKS,MS,ASO,CE,Federal Contract Tower,0,4,14,5,23,0,0,54,29,83,0,4,68,34,106,84,44,128,234
06/02/2001,HKS,MS,ASO,CE,Federal Contract Tower,0,0,12,8,20,0,3,39,9,51,0,3,51,17,71,56,24,80,151
06/03/2001,HKS,MS,ASO,CE,Federal Contract Tower,0,0,8,2,10,0,0,32,8,40,0,0,40,10,50,36,28,64,114
06/04/2001,HKS,MS,ASO,CE,Federal Contract Tower,0,4,10,4,18,0,0,9,5,14,0,4,19,9,32,0,10,10,42
06/05/2001,HKS,MS,ASO,CE,Federal Contract Tower,0,2,16,3,21,0,3,34,19,56,0,5,50,22,77,50,20,70,147
06/06/2001,HKS,MS,ASO,CE,Federal Contract Tower,0,3,11,2,16,0,1,3,4,8,0,4,14,6,24,4,12,16,40
06/07/2001,HKS,MS,ASO,CE,Federal Contract Tower,0,3,20,4,27,0,2,18,8,28,0,5,38,12,55,4,30,34,89
06/08/2001,HKS,MS,ASO,CE,Federal Contract Tower,0,3,20,0,23,0,0,39,14,53,0,3,59,14,76,54,6,60,136
06/09/2001,HKS,MS,ASO,CE,Federal Contract Tower,0,1,13,6,20,0,3,20,2,25,0,4,33,8,45,36,0,36,81
06/10/2001,HKS,MS,ASO,CE,Federal Contract Tower,0,0,15,5,20,0,0,49,4,53,0,0,64,9,73,56,6,62,135
06/11/2001,HKS,MS,ASO,CE,Federal Contract Tower,0,3,14,1,18,0,1,50,11,62,0,4,64,12,80,78,0,78,158
06/12/2001,HKS,MS,ASO,CE,Federal Contract Tower,0,5,23,0,28,0,2,47,4,53,0,7,70,4,81,136,0,136,217
06/13/2001,HKS,MS,ASO,CE,Federal Contract Tower,0,7,6,4,17,0,0,50,9,59,0,7,56,13,76,86,0,86,162
06/14/2001,HKS,MS,ASO,CE,Federal Contract Tower,0,6,20,11,37,0,1,52,8,61,0,7,72,19,98,102,6,108,206
06/15/2001,HKS,MS,ASO,CE,Federal Contract Tower,0,4,16,1,21,0,2,32,2,36,0,6,48,3,57,135,4,139,196
06/16/2001,HKS,MS,ASO,CE,Federal Contract Tower,0,0,11,2,13,0,1,59,7,67,0,1,70,9,80,126,12,138,218
06/17/2001,HKS,MS,ASO,CE,Federal Contract Tower,0,0,19,0,19,0,0,45,1,46,0,0,64,1,65,122,0,122,187
06/18/2001,HKS,MS,ASO,CE,Federal Contract Tower,0,3,14,0,17,0,0,49,5,54,0,3,63,5,71,112,0,112,183
06/19/2001,HKS,MS,ASO,CE,Federal Contract Tower,0,5,9,3,17,0,2,42,5,49,0,7,51,8,66,122,0,122,188
06/20/2001,HKS,MS,ASO,CE,Federal Contract Tower,0,3,5,2,10,0,0,27,2,29,0,3,32,4,39,70,0,70,109
06/21/2001,HKS,MS,ASO,CE,Federal Contract Tower,0,3,17,2,22,0,2,45,25,72,0,5,62,27,94,48,12,60,154
06/22/2001,HKS,MS,ASO,CE,Federal Contract Tower,0,3,23,2,28,0,0,39,6,45,0,3,62,8,73,92,0,92,165
06/23/2001,HKS,MS,ASO,CE,Federal Contract Tower,0,0,25,0,25,0,2,58,3,63,0,2,83,3,88,86,0,86,174
06/24/2001,HKS,MS,ASO,CE,Federal Contract Tower,0,0,14,0,14,0,0,41,8,49,0,0,55,8,63,0,78,78,141
06/25/2001,HKS,MS,ASO,CE,Federal Contract Tower,0,4,19,0,23,0,0,50,3,53,0,4,69,3,76,128,0,128,204
06/26/2001,HKS,MS,ASO,CE,Federal Contract Tower,0,3,14,0,17,0,2,41,10,53,0,5,55,10,70,132,0,132,202
06/27/2001,HKS,MS,ASO,CE,Federal Contract Tower,0,2,17,5,24,0,2,22,13,37,0,4,39,18,61,18,22,40,101
06/28/2001,HKS,MS,ASO,CE,Federal Contract Tower,0,3,14,6,23,0,3,65,10,78,0,6,79,16,101,164,4,168,269
06/29/2001,HKS,MS,ASO,CE,Federal Contract Tower,0,3,19,5,27,0,0,48,12,60,0,3,67,17,87,120,24,144,231
06/30/2001,HKS,MS,ASO,CE,Federal Contract Tower,0,0,13,2,15,0,2,61,8,71,0,2,74,10,86,100,2,102,188
07/01/2001,HKS,MS,ASO,CE,Federal Contract Tower,0,0,15,2,17,0,0,54,5,59,0,0,69,7,76,76,4,80,156
07/02/2001,HKS,MS,ASO,CE,Federal Contract Tower,0,3,19,1,23,0,0,55,15,70,0,3,74,16,93,94,8,102,195
07/03/2001,HKS,MS,ASO,CE,Federal Contract Tower,0,4,21,2,27,0,1,43,12,56,0,5,64,14,83,90,4,94,177
07/04/2001,HKS,MS,ASO,CE,Federal Contract Tower,0,0,13,0,13,0,0,42,0,42,0,0,55,0,55,72,0,72,127
07/05/2001,HKS,MS,ASO,CE,Federal Contract Tower,0,4,15,0,19,0,0,49,7,56,0,4,64,7,75,112,2,114,189
07/06/2001,HKS,MS,ASO,CE,Federal Contract Tower,0,4,7,0,11,0,0,57,23,80,0,4,64,23,91,112,6,118,209
07/07/2001,HKS,MS,ASO,CE,Federal Contract Tower,0,0,8,0,8,0,0,56,5,61,0,0,64,5,69,120,6,126,195
07/08/2001,HKS,MS,ASO,CE,Federal Contract Tower,0,0,17,2,19,0,0,40,9,49,0,0,57,11,68,92,2,94,162
07/09/2001,HKS,MS,ASO,CE,Federal Contract Tower,0,4,25,1,30,0,0,23,1,24,0,4,48,2,54,60,0,60,114
07/10/2001,HKS,MS,ASO,CE,Federal Contract Tower,0,3,39,0,42,0,0,43,2,45,0,3,82,2,87,68,0,68,155
07/11/2001,HKS,MS,ASO,CE,Federal Contract Tower,0,4,14,0,18,0,2,39,7,48,0,6,53,7,66,78,4,82,148
07/12/2001,HKS,MS,ASO,CE,Federal Contract Tower,0,2,19,2,23,0,2,23,15,40,0,4,42,17,63,40,12,52,115
07/13/2001,HKS,MS,ASO,CE,Federal Contract Tower,0,5,11,2,18,0,1,50,12,63,0,6,61,14,81,68,6,74,155
07/14/2001,HKS,MS,ASO,CE,Federal Contract Tower,0,0,33,1,34,0,0,35,9,44,0,0,68,10,78,172,0,172,250
07/15/2001,HKS,MS,ASO,CE,Federal Contract Tower,0,2,17,8,27,0,0,35,8,43,0,2,52,16,70,96,18,114,184
07/16/2001,HKS,MS,ASO,CE,Federal Contract Tower,0,3,27,2,32,0,2,22,4,28,0,5,49,6,60,120,0,120,180
07/17/2001,HKS,MS,ASO,CE,Federal Contract Tower,0,4,27,8,39,0,0,37,5,42,0,4,64,13,81,88,10,98,179
07/18/2001,HKS,MS,ASO,CE,Federal Contract Tower,0,6,28,5,39,0,0,43,20,63,0,6,71,25,102,88,10,98,200
07/19/2001,HKS,MS,ASO,CE,Federal Contract Tower,0,3,17,0,20,0,0,63,14,77,0,3,80,14,97,104,0,104,201
07/20/2001,HKS,MS,ASO,CE,Federal Contract Tower,0,3,13,4,20,0,0,54,15,69,0,3,67,19,89,40,20,60,149
07/21/2001,HKS,MS,ASO,CE,Federal Contract Tower,0,0,13,2,15,0,0,34,4,38,0,0,47,6,53,160,4,164,217
07/22/2001,HKS,MS,ASO,CE,Federal Contract Tower,0,1,24,5,30,0,0,35,3,38,0,1,59,8,68,80,2,82,150
07/23/2001,HKS,MS,ASO,CE,Federal Contract Tower,0,5,19,0,24,0,1,38,3,42,0,6,57,3,66,96,0,96,162
07/24/2001,HKS,MS,ASO,CE,Federal Contract Tower,0,2,19,5,26,0,4,34,2,40,0,6,53,7,66,158,10,168,234
07/25/2001,HKS,MS,ASO,CE,Federal Contract Tower,0,3,17,9,29,0,2,53,15,70,0,5,70,24,99,108,6,114,213
07/26/2001,HKS,MS,ASO,CE,Federal Contract Tower,0,3,16,3,22,0,0,7,0,7,0,3,23,3,29,26,14,40,69
07/27/2001,HKS,MS,ASO,CE,Federal Contract Tower,0,5,20,0,25,0,0,34,3,37,0,5,54,3,62,124,12,136,198
07/28/2001,HKS,MS,ASO,CE,Federal Contract Tower,0,1,32,0,33,0,2,60,0,62,0,3,92,0,95,190,0,190,285
07/29/2001,HKS,MS,ASO,CE,Federal Contract Tower,0,0,16,0,16,0,0,28,0,28,0,0,44,0,44,86,0,86,130
07/30/2001,HKS,MS,ASO,CE,Federal Contract Tower,0,3,13,0,16,0,1,41,6,48,0,4,54,6,64,54,6,60,124
07/31/2001,HKS,MS,ASO,CE,Federal Contract Tower,0,3,21,1,25,0,0,25,10,35,0,3,46,11,60,16,8,24,84
08/01/2001,HKS,MS,ASO,CE,Federal Contract Tower,0,3,18,9,30,0,1,44,7,52,0,4,62,16,82,82,8,90,172
08/02/2001,HKS,MS,ASO,CE,Federal Contract Tower,0,3,26,2,31,0,0,62,2,64,0,3,88,4,95,64,0,64,159
08/03/2001,HKS,MS,ASO,CE,Federal Contract Tower,0,3,24,3,30,0,3,66,23,92,0,6,90,26,122,126,8,134,256
08/04/2001,HKS,MS,ASO,CE,Federal Contract Tower,0,0,9,3,12,0,0,42,1,43,0,0,51,4,55,128,16,144,199
08/05/2001,HKS,MS,ASO,CE,Federal Contract Tower,0,0,12,3,15,0,0,22,8,30,0,0,34,11,45,24,22,46,91
08/06/2001,HKS,MS,ASO,CE,Federal Contract Tower,0,3,14,0,17,0,3,17,2,22,0,6,31,2,39,82,0,82,121
08/07/2001,HKS,MS,ASO,CE,Federal Contract Tower,0,6,11,0,17,0,2,41,1,44,0,8,52,1,61,180,0,180,241
08/08/2001,HKS,MS,ASO,CE,Federal Contract Tower,0,4,18,3,25,0,2,28,7,37,0,6,46,10,62,90,6,96,158
08/09/2001,HKS,MS,ASO,CE,Federal Contract Tower,0,4,16,6,26,0,2,49,8,59,0,6,65,14,85,48,12,60,145
08/10/2001,HKS,MS,ASO,CE,Federal Contract Tower,0,7,16,6,29,0,0,22,19,41,0,7,38,25,70,20,22,42,112
08/11/2001,HKS,MS,ASO,CE,Federal Contract Tower,0,0,5,5,10,0,0,14,4,18,0,0,19,9,28,108,16,124,152
08/12/2001,HKS,MS,ASO,CE,Federal Contract Tower,0,0,9,3,12,0,5,16,0,21,0,5,25,3,33,16,0,16,49
08/13/2001,HKS,MS,ASO,CE,Federal Contract Tower,0,3,15,2,20,0,2,4,0,6,0,5,19,2,26,34,0,34,60
08/14/2001,HKS,MS,ASO,CE,Federal Contract Tower,0,3,19,2,24,0,0,30,11,41,0,3,49,13,65,182,2,184,249
08/15/2001,HKS,MS,ASO,CE,Federal Contract Tower,0,3,18,1,22,0,4,79,1,84,0,7,97,2,106,250,0,250,356
08/16/2001,HKS,MS,ASO,CE,Federal Contract Tower,0,3,16,1,20,0,0,42,13,55,0,3,58,14,75,114,22,136,211
08/17/2001,HKS,MS,ASO,CE,Federal Contract Tower,0,2,16,5,23,0,3,42,15,60,0,5,58,20,83,84,14,98,181
08/18/2001,HKS,MS,ASO,CE,Federal Contract Tower,0,1,15,7,23,0,0,44,3,47,0,1,59,10,70,130,4,134,204
08/19/2001,HKS,MS,ASO,CE,Federal Contract Tower,0,1,12,1,14,0,0,20,0,20,0,1,32,1,34,58,0,58,92
08/20/2001,HKS,MS,ASO,CE,Federal Contract Tower,0,3,13,5,21,0,2,61,5,68,0,5,74,10,89,46,2,48,137
08/21/2001,HKS,MS,ASO,CE,Federal Contract Tower,0,3,19,3,25,0,0,37,11,48,0,3,56,14,73,100,6,106,179
08/22/2001,HKS,MS,ASO,CE,Federal Contract Tower,0,5,20,0,25,0,3,34,4,41,0,8,54,4,66,104,10,114,180
08/23/2001,HKS,MS,ASO,CE,Federal Contract Tower,0,3,18,0,21,0,1,38,14,53,0,4,56,14,74,104,0,104,178
08/24/2001,HKS,MS,ASO,CE,Federal Contract Tower,0,3,16,4,23,0,3,43,0,46,0,6,59,4,69,110,0,110,179
08/25/2001,HKS,MS,ASO,CE,Federal Contract Tower,0,0,17,0,17,0,0,34,2,36,0,0,51,2,53,184,0,184,237
08/26/2001,HKS,MS,ASO,CE,Federal Contract Tower,0,0,6,5,11,0,0,37,1,38,0,0,43,6,49,104,2,106,155
08/27/2001,HKS,MS,ASO,CE,Federal Contract Tower,0,4,9,1,14,0,0,18,3,21,0,4,27,4,35,36,0,36,71
08/28/2001,HKS,MS,ASO,CE,Federal Contract Tower,0,4,20,1,25,0,1,20,4,25,0,5,40,5,50,64,0,64,114
08/29/2001,HKS,MS,ASO,CE,Federal Contract Tower,0,3,24,3,30,0,0,20,7,27,0,3,44,10,57,14,10,24,81
08/30/2001,HKS,MS,ASO,CE,Federal Contract Tower,0,4,14,10,28,0,0,16,9,25,0,4,30,19,53,30,6,36,89
08/31/2001,HKS,MS,ASO,CE,Federal Contract Tower,0,6,14,4,24,0,0,15,0,15,0,6,29,4,39,16,0,16,55
09/01/2001,HKS,MS,ASO,CE,Federal Contract Tower,0,0,6,0,6,0,0,6,0,6,0,0,12,0,12,14,0,14,26
09/02/2001,HKS,MS,ASO,CE,Federal Contract Tower,0,0,1,0,1,0,0,3,0,3,0,0,4,0,4,4,0,4,8
09/03/2001,HKS,MS,ASO,CE,Federal Contract Tower,0,0,6,0,6,0,0,6,0,6,0,0,12,0,12,20,0,20,32
09/04/2001,HKS,MS,ASO,CE,Federal Contract Tower,0,6,10,0,16,0,1,15,3,19,0,7,25,3,35,0,0,0,35
09/05/2001,HKS,MS,ASO,CE,Federal Contract Tower,0,4,31,0,35,0,0,34,0,34,0,4,65,0,69,4,0,4,73
09/06/2001,HKS,MS,ASO,CE,Federal Contract Tower,0,2,25,5,32,0,0,56,6,62,0,2,81,11,94,80,22,102,196
09/07/2001,HKS,MS,ASO,CE,Federal Contract Tower,0,2,11,4,17,0,0,26,7,33,0,2,37,11,50,32,0,32,82
09/08/2001,HKS,MS,ASO,CE,Federal Contract Tower,0,0,16,2,18,0,0,11,0,11,0,0,27,2,29,20,0,20,49
09/09/2001,HKS,MS,ASO,CE,Federal Contract Tower,0,0,13,2,15,0,0,2,0,2,0,0,15,2,17,22,0,22,39
09/10/2001,HKS,MS,ASO,CE,Federal Contract Tower,0,4,16,0,20,0,0,48,0,48,0,4,64,0,68,134,0,134,202
09/11/2001,HKS,MS,ASO,CE,Federal Contract Tower,0,1,1,0,2,0,0,3,0,3,0,1,4,0,5,0,0,0,5
09/12/2001,HKS,MS,ASO,CE,Federal Contract Tower,0,0,1,0,1,0,0,0,0,0,0,0,1,0,1,0,0,0,1
09/13/2001,HKS,MS,ASO,CE,Federal Contract Tower,0,8,15,0,23,0,0,0,11,11,0,8,15,11,34,0,0,0,34
09/14/2001,HKS,MS,ASO,CE,Federal Contract Tower,0,3,3,2,8,0,1,0,9,10,0,4,3,11,18,0,0,0,18
09/15/2001,HKS,MS,ASO,CE,Federal Contract Tower,0,3,18,1,22,0,0,1,0,1,0,3,19,1,23,6,0,6,29
09/16/2001,HKS,MS,ASO,CE,Federal Contract Tower,0,0,23,1,24,0,0,0,0,0,0,0,23,1,24,14,0,14,38
09/17/2001,HKS,MS,ASO,CE,Federal Contract Tower,0,4,17,0,21,0,0,0,6,6,0,4,17,6,27,0,0,0,27
09/18/2001,HKS,MS,ASO,CE,Federal Contract Tower,0,7,17,2,26,0,0,0,0,0,0,7,17,2,26,4,6,10,36
09/19/2001,HKS,MS,ASO,CE,Federal Contract Tower,0,5,33,4,42,0,0,0,7,7,0,5,33,11,49,6,24,30,79
09/20/2001,HKS,MS,ASO,CE,Federal Contract Tower,0,6,24,6,36,0,1,18,20,39,0,7,42,26,75,16,4,20,95
09/21/2001,HKS,MS,ASO,CE,Federal Contract Tower,0,3,29,8,40,0,1,22,9,32,0,4,51,17,72,8,20,28,100
09/22/2001,HKS,MS,ASO,CE,Federal Contract Tower,0,1,30,0,31,0,0,21,2,23,0,1,51,2,54,82,4,86,140
09/23/2001,HKS,MS,ASO,CE,Federal Contract Tower,0,1,24,2,27,0,1,27,8,36,0,2,51,10,63,90,0,90,153
09/24/2001,HKS,MS,ASO,CE,Federal Contract Tower,0,4,15,2,21,0,0,16,2,18,0,4,31,4,39,56,8,64,103
09/25/2001,HKS,MS,ASO,CE,Federal Contract Tower,0,3,35,1,39,0,0,25,2,27,0,3,60,3,66,70,4,74,140
09/26/2001,HKS,MS,ASO,CE,Federal Contract Tower,0,5,40,4,49,0,1,28,3,32,0,6,68,7,81,60,52,112,193
09/27/2001,HKS,MS,ASO,CE,Federal Contract Tower,0,6,15,4,25,0,2,62,8,72,0,8,77,12,97,82,0,82,179
09/28/2001,HKS,MS,ASO,CE,Federal Contract Tower,0,3,27,3,33,0,0,46,6,52,0,3,73,9,85,112,16,128,213
09/29/2001,HKS,MS,ASO,CE,Federal Contract Tower,0,3,36,3,42,0,0,77,0,77,0,3,113,3,119,202,4,206,325
09/30/2001,HKS,MS,ASO,CE,Federal Contract Tower,0,0,18,0,18,0,0,31,1,32,0,0,49,1,50,106,0,106,156
10/01/2001,HKS,MS,ASO,CE,Federal Contract Tower,0,4,8,0,12,0,1,25,0,26,0,5,33,0,38,66,0,66,104
10/02/2001,HKS,MS,ASO,CE,Federal Contract Tower,0,3,20,3,26,0,0,61,20,81,0,3,81,23,107,126,4,130,237
10/03/2001,HKS,MS,ASO,CE,Federal Contract Tower,0,3,24,2,29,0,0,44,21,65,0,3,68,23,94,108,22,130,224
10/04/2001,HKS,MS,ASO,CE,Federal Contract Tower,0,3,23,0,26,0,1,40,20,61,0,4,63,20,87,70,22,92,179
10/05/2001,HKS,MS,ASO,CE,Federal Contract Tower,0,5,25,1,31,0,0,32,9,41,0,5,57,10,72,44,34,78,150
10/06/2001,HKS,MS,ASO,CE,Federal Contract Tower,0,1,12,0,13,0,1,16,0,17,0,2,28,0,30,90,0,90,120
10/07/2001,HKS,MS,ASO,CE,Federal Contract Tower,0,0,24,0,24,0,0,46,0,46,0,0,70,0,70,48,0,48,118
10/08/2001,HKS,MS,ASO,CE,Federal Contract Tower,0,1,23,0,24,0,0,36,2,38,0,1,59,2,62,82,0,82,144
10/09/2001,HKS,MS,ASO,CE,Federal Contract Tower,0,4,15,2,21,0,0,16,7,23,0,4,31,9,44,36,6,42,86
10/10/2001,HKS,MS,ASO,CE,Federal Contract Tower,0,3,26,6,35,0,0,20,22,42,0,3,46,28,77,92,14,106,183
10/11/2001,HKS,MS,ASO,CE,Federal Contract Tower,0,3,10,2,15,0,0,7,0,7,0,3,17,2,22,12,0,12,34
10/12/2001,HKS,MS,ASO,CE,Federal Contract Tower,0,2,22,4,28,0,1,31,23,55,0,3,53,27,83,62,4,66,149
10/13/2001,HKS,MS,ASO,CE,Federal Contract Tower,0,1,4,0,5,0,0,0,0,0,0,1,4,0,5,0,0,0,5
10/14/2001,HKS,MS,ASO,CE,Federal Contract Tower,0,0,27,1,28,0,0,31,3,34,0,0,58,4,62,76,0,76,138
10/15/2001,HKS,MS,ASO,CE,Federal Contract Tower,0,4,13,0,17,0,0,15,1,16,0,4,28,1,33,38,0,38,71
10/16/2001,HKS,MS,ASO,CE,Federal Contract Tower,0,3,22,2,27,0,0,44,4,48,0,3,66,6,75,62,0,62,137
10/17/2001,HKS,MS,ASO,CE,Federal Contract Tower,0,3,20,2,25,0,0,47,11,58,0,3,67,13,83,102,22,124,207
10/18/2001,HKS,MS,ASO,CE,Federal Contract Tower,0,3,19,3,25,0,0,60,10,70,0,3,79,13,95,44,2,46,141
10/19/2001,HKS,MS,ASO,CE,Federal Contract Tower,0,3,20,7,30,0,0,73,8,81,0,3,93,15,111,100,14,114,225
10/20/2001,HKS,MS,ASO,CE,Federal Contract Tower,0,1,16,0,17,0,0,85,5,90,0,1,101,5,107,162,0,162,269
10/21/2001,HKS,MS,ASO,CE,Federal Contract Tower,0,0,18,6,24,0,0,37,21,58,0,0,55,27,82,94,24,118,200
10/22/2001,HKS,MS,ASO,CE,Federal Contract Tower,0,6,18,4,28,0,0,40,15,55,0,6,58,19,83,70,20,90,173
10/23/2001,HKS,MS,ASO,CE,Federal Contract Tower,0,4,33,4,41,0,0,15,4,19,0,4,48,8,60,60,6,66,126
10/24/2001,HKS,MS,ASO,CE,Federal Contract Tower,0,3,38,2,43,0,0,22,3,25,0,3,60,5,68,64,0,64,132
10/25/2001,HKS,MS,ASO,CE,Federal Contract Tower,0,6,23,2,31,0,0,53,18,71,0,6,76,20,102,78,18,96,198
10/26/2001,HKS,MS,ASO,CE,Federal Contract Tower,0,2,19,3,24,0,1,37,5,43,0,3,56,8,67,80,2,82,149
10/27/2001,HKS,MS,ASO,CE,Federal Contract Tower,0,1,11,0,12,0,0,56,9,65,0,1,67,9,77,118,0,118,195
10/28/2001,HKS,MS,ASO,CE,Federal Contract Tower,0,0,15,0,15,0,0,49,1,50,0,0,64,1,65,58,0,58,123
10/29/2001,HKS,MS,ASO,CE,Federal Contract Tower,0,5,19,2,26,0,0,40,0,40,0,5,59,2,66,34,0,34,100
10/30/2001,HKS,MS,ASO,CE,Federal Contract Tower,0,6,21,1,28,0,0,42,11,53,0,6,63,12,81,62,22,84,165
10/31/2001,HKS,MS,ASO,CE,Federal Contract Tower,0,4,14,2,20,0,0,44,8,52,0,4,58,10,72,110,0,110,182
11/01/2001,HKS,MS,ASO,CE,Federal Contract Tower,0,2,24,2,28,0,1,43,15,59,0,3,67,17,87,96,0,96,183
11/02/2001,HKS,MS,ASO,CE,Federal Contract Tower,0,5,26,6,37,0,0,44,11,55,0,5,70,17,92,76,4,80,172
11/03/2001,HKS,MS,ASO,CE,Federal Contract Tower,0,0,11,3,14,0,0,47,5,52,0,0,58,8,66,110,0,110,176
11/04/2001,HKS,MS,ASO,CE,Federal Contract Tower,0,0,13,8,21,0,0,45,4,49,0,0,58,12,70,36,8,44,114
11/05/2001,HKS,MS,ASO,CE,Federal Contract Tower,0,4,19,5,28,0,0,19,8,27,0,4,38,13,55,30,6,36,91
11/06/2001,HKS,MS,ASO,CE,Federal Contract Tower,0,4,29,1,34,0,0,39,12,51,0,4,68,13,85,94,18,112,197
11/07/2001,HKS,MS,ASO,CE,Federal Contract Tower,0,3,28,5,36,0,0,49,6,55,0,3,77,11,91,42,4,46,137
11/08/2001,HKS,MS,ASO,CE,Federal Contract Tower,0,2,13,5,20,0,1,50,21,72,0,3,63,26,92,76,38,114,206
11/09/2001,HKS,MS,ASO,CE,Federal Contract Tower,0,3,19,0,22,0,0,41,1,42,0,3,60,1,64,76,4,80,144
11/10/2001,HKS,MS,ASO,CE,Federal Contract Tower,0,2,10,0,12,0,0,56,6,62,0,2,66,6,74,142,4,146,220
11/11/2001,HKS,MS,ASO,CE,Federal Contract Tower,0,0,17,0,17,0,0,36,0,36,0,0,53,0,53,98,0,98,151
11/12/2001,HKS,MS,ASO,CE,Federal Contract Tower,0,5,15,0,20,0,0,49,0,49,0,5,64,0,69,76,0,76,145
11/13/2001,HKS,MS,ASO,CE,Federal Contract Tower,0,4,24,8,36,0,0,46,19,65,0,4,70,27,101,66,18,84,185
11/14/2001,HKS,MS,ASO,CE,Federal Contract Tower,0,4,32,4,40,0,0,36,30,66,0,4,68,34,106,56,64,120,226
11/15/2001,HKS,MS,ASO,CE,Federal Contract Tower,0,4,32,2,38,0,0,47,13,60,0,4,79,15,98,118,10,128,226
11/16/2001,HKS,MS,ASO,CE,Federal Contract Tower,0,6,13,8,27,0,0,43,8,51,0,6,56,16,78,98,16,114,192
11/17/2001,HKS,MS,ASO,CE,Federal Contract Tower,0,1,22,11,34,0,0,47,1,48,0,1,69,12,82,112,6,118,200
11/18/2001,HKS,MS,ASO,CE,Federal Contract Tower,0,0,13,3,16,0,0,47,7,54,0,0,60,10,70,138,0,138,208
11/19/2001,HKS,MS,ASO,CE,Federal Contract Tower,0,4,26,1,31,0,1,27,4,32,0,5,53,5,63,34,0,34,97
11/20/2001,HKS,MS,ASO,CE,Federal Contract Tower,0,3,25,3,31,0,1,28,9,38,0,4,53,12,69,62,4,66,135
11/21/2001,HKS,MS,ASO,CE,Federal Contract Tower,0,4,21,0,25,0,0,63,2,65,0,4,84,2,90,56,0,56,146
11/22/2001,HKS,MS,ASO,CE,Federal Contract Tower,0,1,16,0,17,0,0,8,0,8,0,1,24,0,25,18,0,18,43
11/23/2001,HKS,MS,ASO,CE,Federal Contract Tower,0,3,19,0,22,0,0,41,0,41,0,3,60,0,63,50,0,50,113
11/24/2001,HKS,MS,ASO,CE,Federal Contract Tower,0,1,8,0,9,0,0,13,1,14,0,1,21,1,23,92,0,92,115
11/25/2001,HKS,MS,ASO,CE,Federal Contract Tower,0,0,37,0,37,0,0,43,0,43,0,0,80,0,80,74,0,74,154
11/26/2001,HKS,MS,ASO,CE,Federal Contract Tower,0,4,11,4,19,0,0,11,0,11,0,4,22,4,30,22,0,22,52
11/27/2001,HKS,MS,ASO,CE,Federal Contract Tower,0,3,12,0,15,0,0,2,0,2,0,3,14,0,17,0,0,0,17
11/28/2001,HKS,MS,ASO,CE,Federal Contract Tower,0,3,6,1,10,0,0,1,2,3,0,3,7,3,13,0,52,52,65
11/29/2001,HKS,MS,ASO,CE,Federal Contract Tower,0,3,12,2,17,0,0,0,1,1,0,3,12,3,18,4,0,4,22
11/30/2001,HKS,MS,ASO,CE,Federal Contract Tower,0,2,27,3,32,0,1,54,7,62,0,3,81,10,94,84,6,90,184
12/01/2001,HKS,MS,ASO,CE,Federal Contract Tower,0,1,20,0,21,0,0,82,0,82,0,1,102,0,103,74,0,74,177
12/02/2001,HKS,MS,ASO,CE,Federal Contract Tower,0,1,16,0,17,0,0,45,0,45,0,1,61,0,62,46,0,46,108
12/03/2001,HKS,MS,ASO,CE,Federal Contract Tower,0,4,21,4,29,0,0,41,7,48,0,4,62,11,77,84,2,86,163
12/04/2001,HKS,MS,ASO,CE,Federal Contract Tower,0,4,28,2,34,0,2,50,16,68,0,6,78,18,102,32,14,46,148
12/05/2001,HKS,MS,ASO,CE,Federal Contract Tower,0,8,33,6,47,0,0,47,17,64,0,8,80,23,111,70,4,74,185
12/06/2001,HKS,MS,ASO,CE,Federal Contract Tower,0,3,35,4,42,0,0,34,12,46,0,3,69,16,88,86,4,90,178
12/07/2001,HKS,MS,ASO,CE,Federal Contract Tower,0,3,35,9,47,0,0,34,8,42,0,3,69,17,89,86,16,102,191
12/08/2001,HKS,MS,ASO,CE,Federal Contract Tower,0,1,19,8,28,0,0,8,3,11,0,1,27,11,39,44,16,60,99
12/09/2001,HKS,MS,ASO,CE,Federal Contract Tower,0,1,17,4,22,0,0,24,8,32,0,1,41,12,54,22,4,26,80
12/10/2001,HKS,MS,ASO,CE,Federal Contract Tower,0,4,21,0,25,0,0,36,5,41,0,4,57,5,66,70,0,70,136
12/11/2001,HKS,MS,ASO,CE,Federal Contract Tower,0,5,30,2,37,0,0,7,1,8,0,5,37,3,45,0,0,0,45
12/12/2001,HKS,MS,ASO,CE,Federal Contract Tower,0,4,24,4,32,0,0,5,6,11,0,4,29,10,43,2,26,28,71
12/13/2001,HKS,MS,ASO,CE,Federal Contract Tower,0,4,9,4,17,0,0,2,0,2,0,4,11,4,19,0,0,0,19
12/14/2001,HKS,MS,ASO,CE,Federal Contract Tower,0,3,25,5,33,0,0,44,14,58,0,3,69,19,91,98,6,104,195
12/15/2001,HKS,MS,ASO,CE,Federal Contract Tower,0,2,18,1,21,0,0,51,7,58,0,2,69,8,79,106,4,110,189
12/16/2001,HKS,MS,ASO,CE,Federal Contract Tower,0,1,11,6,18,0,0,18,10,28,0,1,29,16,46,24,0,24,70
12/17/2001,HKS,MS,ASO,CE,Federal Contract Tower,0,3,14,0,17,0,0,6,0,6,0,3,20,0,23,0,0,0,23
12/18/2001,HKS,MS,ASO,CE,Federal Contract Tower,0,3,17,4,24,0,0,30,7,37,0,3,47,11,61,56,0,56,117
12/19/2001,HKS,MS,ASO,CE,Federal Contract Tower,0,3,24,2,29,0,3,29,10,42,0,6,53,12,71,38,14,52,123
12/20/2001,HKS,MS,ASO,CE,Federal Contract Tower,0,3,12,1,16,0,1,57,13,71,0,4,69,14,87,144,0,144,231
12/21/2001,HKS,MS,ASO,CE,Federal Contract Tower,0,3,23,0,26,0,2,68,0,70,0,5,91,0,96,92,0,92,188
12/22/2001,HKS,MS,ASO,CE,Federal Contract Tower,0,2,17,0,19,0,0,29,0,29,0,2,46,0,48,42,0,42,90
12/23/2001,HKS,MS,ASO,CE,Federal Contract Tower,0,0,10,0,10,0,0,30,0,30,0,0,40,0,40,38,0,38,78
12/24/2001,HKS,MS,ASO,CE,Federal Contract Tower,0,2,2,0,4,0,1,23,0,24,0,3,25,0,28,6,0,6,34
12/25/2001,HKS,MS,ASO,CE,Federal Contract Tower,0,0,6,0,6,0,0,9,0,9,0,0,15,0,15,2,0,2,17
12/26/2001,HKS,MS,ASO,CE,Federal Contract Tower,0,3,15,0,18,0,0,32,5,37,0,3,47,5,55,72,0,72,127
12/27/2001,HKS,MS,ASO,CE,Federal Contract Tower,0,2,11,0,13,0,0,55,0,55,0,2,66,0,68,70,0,70,138
12/28/2001,HKS,MS,ASO,CE,Federal Contract Tower,0,3,14,0,17,0,0,56,0,56,0,3,70,0,73,116,0,116,189
12/29/2001,HKS,MS,ASO,CE,Federal Contract Tower,0,0,11,0,11,0,2,20,0,22,0,2,31,0,33,54,0,54,87
12/30/2001,HKS,MS,ASO,CE,Federal Contract Tower,0,0,3,0,3,0,0,38,0,38,0,0,41,0,41,54,0,54,95
12/31/2001,HKS,MS,ASO,CE,Federal Contract Tower,0,3,8,0,11,0,0,14,0,14,0,3,22,0,25,46,0,46,71
01/01/2002,HKS,MS,ASO,CE,Federal Contract Tower,0,0,6,0,6,0,0,13,0,13,0,0,19,0,19,22,0,22,41
01/02/2002,HKS,MS,ASO,CE,Federal Contract Tower,0,3,20,3,26,0,1,6,7,14,0,4,26,10,40,22,8,30,70
01/03/2002,HKS,MS,ASO,CE,Federal Contract Tower,0,2,11,3,16,0,1,60,11,72,0,3,71,14,88,76,20,96,184
01/04/2002,HKS,MS,ASO,CE,Federal Contract Tower,0,3,12,3,18,0,0,62,3,65,0,3,74,6,83,62,0,62,145
01/05/2002,HKS,MS,ASO,CE,Federal Contract Tower,0,1,10,0,11,0,0,15,0,15,0,1,25,0,26,10,0,10,36
01/06/2002,HKS,MS,ASO,CE,Federal Contract Tower,0,0,13,1,14,0,0,13,0,13,0,0,26,1,27,28,0,28,55
01/07/2002,HKS,MS,ASO,CE,Federal Contract Tower,0,2,19,1,22,0,2,13,0,15,0,4,32,1,37,44,0,44,81
01/08/2002,HKS,MS,ASO,CE,Federal Contract Tower,0,3,14,2,19,0,0,38,6,44,0,3,52,8,63,86,12,98,161
01/09/2002,HKS,MS,ASO,CE,Federal Contract Tower,0,6,22,5,33,0,2,47,13,62,0,8,69,18,95,40,16,56,151
01/10/2002,HKS,MS,ASO,CE,Federal Contract Tower,0,3,26,3,32,0,0,49,9,58,0,3,75,12,90,56,0,56,146
01/11/2002,HKS,MS,ASO,CE,Federal Contract Tower,0,6,18,6,30,0,3,54,7,64,0,9,72,13,94,84,8,92,186
01/12/2002,HKS,MS,ASO,CE,Federal Contract Tower,0,1,22,3,26,0,0,54,13,67,0,1,76,16,93,122,0,122,215
01/13/2002,HKS,MS,ASO,CE,Federal Contract Tower,0,0,15,1,16,0,0,52,5,57,0,0,67,6,73,76,0,76,149
01/14/2002,HKS,MS,ASO,CE,Federal Contract Tower,0,4,11,2,17,0,0,23,7,30,0,4,34,9,47,16,6,22,69
01/15/2002,HKS,MS,ASO,CE,Federal Contract Tower,0,3,17,6,26,0,0,55,5,60,0,3,72,11,86,92,0,92,178
01/16/2002,HKS,MS,ASO,CE,Federal Contract Tower,0,4,20,4,28,0,0,45,6,51,0,4,65,10,79,58,0,58,137
01/17/2002,HKS,MS,ASO,CE,Federal Contract Tower,0,3,27,1,31,0,0,54,7,61,0,3,81,8,92,112,2,114,206
01/18/2002,HKS,MS,ASO,CE,Federal Contract Tower,0,3,26,0,29,0,1,1,0,2,0,4,27,0,31,0,0,0,31
01/19/2002,HKS,MS,ASO,CE,Federal Contract Tower,0,1,11,1,13,0,0,2,0,2,0,1,13,1,15,0,0,0,15
01/20/2002,HKS,MS,ASO,CE,Federal Contract Tower,0,0,19,1,20,0,0,36,1,37,0,0,55,2,57,72,2,74,131
01/21/2002,HKS,MS,ASO,CE,Federal Contract Tower,0,2,19,0,21,0,1,47,0,48,0,3,66,0,69,122,0,122,191
01/22/2002,HKS,MS,ASO,CE,Federal Contract Tower,0,3,30,4,37,0,0,21,1,22,0,3,51,5,59,38,0,38,97
01/23/2002,HKS,MS,ASO,CE,Federal Contract Tower,0,5,17,2,24,0,0,27,17,44,0,5,44,19,68,26,8,34,102
01/24/2002,HKS,MS,ASO,CE,Federal Contract Tower,0,4,19,1,24,0,1,0,9,10,0,5,19,10,34,0,28,28,62
01/25/2002,HKS,MS,ASO,CE,Federal Contract Tower,0,3,24,11,38,0,0,44,20,64,0,3,68,31,102,52,32,84,186
01/26/2002,HKS,MS,ASO,CE,Federal Contract Tower,0,3,12,8,23,0,0,67,9,76,0,3,79,17,99,52,24,76,175
01/27/2002,HKS,MS,ASO,CE,Federal Contract Tower,0,2,16,2,20,0,0,59,3,62,0,2,75,5,82,152,0,152,234
01/28/2002,HKS,MS,ASO,CE,Federal Contract Tower,0,5,14,0,19,0,0,13,0,13,0,5,27,0,32,32,0,32,64
01/29/2002,HKS,MS,ASO,CE,Federal Contract Tower,0,3,25,0,28,0,0,21,2,23,0,3,46,2,51,56,20,76,127
01/30/2002,HKS,MS,ASO,CE,Federal Contract Tower,0,3,13,0,16,0,0,23,2,25,0,3,36,2,41,56,0,56,97
01/31/2002,HKS,MS,ASO,CE,Federal Contract Tower,0,5,16,0,21,0,0,28,13,41,0,5,44,13,62,56,14,70,132
02/01/2002,HKS,MS,ASO,CE,Federal Contract Tower,0,2,13,1,16,0,1,36,12,49,0,3,49,13,65,68,12,80,145
02/02/2002,HKS,MS,ASO,CE,Federal Contract Tower,0,0,11,1,12,0,2,61,4,67,0,2,72,5,79,108,16,124,203
02/03/2002,HKS,MS,ASO,CE,Federal Contract Tower,0,0,17,0,17,0,0,24,8,32,0,0,41,8,49,78,0,78,127
02/04/2002,HKS,MS,ASO,CE,Federal Contract Tower,0,5,23,0,28,0,1,40,0,41,0,6,63,0,69,82,0,82,151
02/05/2002,HKS,MS,ASO,CE,Federal Contract Tower,0,5,12,0,17,0,0,13,3,16,0,5,25,3,33,62,26,88,121
02/06/2002,HKS,MS,ASO,CE,Federal Contract Tower,0,3,18,0,21,0,0,0,0,0,0,3,18,0,21,0,0,0,21
02/07/2002,HKS,MS,ASO,CE,Federal Contract Tower,0,3,13,1,17,0,0,28,6,34,0,3,41,7,51,40,20,60,111
02/08/2002,HKS,MS,ASO,CE,Federal Contract Tower,0,3,20,1,24,0,0,52,16,68,0,3,72,17,92,112,6,118,210
02/09/2002,HKS,MS,ASO,CE,Federal Contract Tower,0,1,24,1,26,0,0,43,3,46,0,1,67,4,72,144,10,154,226
02/10/2002,HKS,MS,ASO,CE,Federal Contract Tower,0,0,21,0,21,0,0,28,15,43,0,0,49,15,64,102,0,102,166
02/11/2002,HKS,MS,ASO,CE,Federal Contract Tower,0,3,17,4,24,0,1,35,2,38,0,4,52,6,62,48,0,48,110
02/12/2002,HKS,MS,ASO,CE,Federal Contract Tower,0,5,19,2,26,0,0,50,6,56,0,5,69,8,82,177,2,179,261
02/13/2002,HKS,MS,ASO,CE,Federal Contract Tower,0,1,11,0,12,0,2,41,1,44,0,3,52,1,56,90,8,98,154
02/14/2002,HKS,MS,ASO,CE,Federal Contract Tower,0,3,20,0,23,0,0,61,3,64,0,3,81,3,87,140,14,154,241
02/15/2002,HKS,MS,ASO,CE,Federal Contract Tower,0,12,10,1,23,0,0,93,0,93,0,12,103,1,116,210,0,210,326
02/16/2002,HKS,MS,ASO,CE,Federal Contract Tower,0,2,17,0,19,0,0,62,0,62,0,2,79,0,81,182,0,182,263
02/17/2002,HKS,MS,ASO,CE,Federal Contract Tower,0,0,24,1,25,0,0,64,0,64,0,0,88,1,89,166,0,166,255
02/18/2002,HKS,MS,ASO,CE,Federal Contract Tower,0,3,13,0,16,0,0,49,0,49,0,3,62,0,65,68,0,68,133
02/19/2002,HKS,MS,ASO,CE,Federal Contract Tower,0,10,16,3,29,0,0,29,3,32,0,10,45,6,61,84,36,120,181
02/20/2002,HKS,MS,ASO,CE,Federal Contract Tower,0,8,22,7,37,0,0,59,30,89,0,8,81,37,126,148,24,172,298
02/21/2002,HKS,MS,ASO,CE,Federal Contract Tower,0,9,18,2,29,0,1,75,14,90,0,10,93,16,119,142,4,146,265
02/22/2002,HKS,MS,ASO,CE,Federal Contract Tower,0,9,28,4,41,0,0,60,19,79,0,9,88,23,120,44,12,56,176
02/23/2002,HKS,MS,ASO,CE,Federal Contract Tower,0,0,10,3,13,0,0,64,6,70,0,0,74,9,83,178,2,180,263
02/24/2002,HKS,MS,ASO,CE,Federal Contract Tower,0,0,7,4,11,0,0,33,4,37,0,0,40,8,48,84,4,88,136
02/25/2002,HKS,MS,ASO,CE,Federal Contract Tower,0,7,20,2,29,0,0,38,7,45,0,7,58,9,74,26,8,34,108
02/26/2002,HKS,MS,ASO,CE,Federal Contract Tower,0,6,11,2,19,0,3,32,10,45,0,9,43,12,64,0,28,28,92
02/27/2002,HKS,MS,ASO,CE,Federal Contract Tower,0,9,10,3,22,0,0,57,13,70,0,9,67,16,92,60,16,76,168
02/28/2002,HKS,MS,ASO,CE,Federal Contract Tower,0,8,18,5,31,0,2,39,12,53,0,10,57,17,84,40,46,86,170
03/01/2002,HKS,MS,ASO,CE,Federal Contract Tower,0,12,4,1,17,0,0,22,2,24,0,12,26,3,41,28,0,28,69
03/02/2002,HKS,MS,ASO,CE,Federal Contract Tower,0,0,7,2,9,0,0,14,6,20,0,0,21,8,29,34,0,34,63
03/03/2002,HKS,MS,ASO,CE,Federal Contract Tower,0,0,5,1,6,0,0,13,5,18,0,0,18,6,24,12,0,12,36
03/04/2002,HKS,MS,ASO,CE,Federal Contract Tower,0,10,12,2,24,0,2,41,1,44,0,12,53,3,68,62,0,62,130
03/05/2002,HKS,MS,ASO,CE,Federal Contract Tower,0,6,17,3,26,0,0,67,18,85,0,6,84,21,111,62,14,76,187
03/06/2002,HKS,MS,ASO,CE,Federal Contract Tower,0,12,16,1,29,0,2,52,21,75,0,14,68,22,104,92,16,108,212
03/07/2002,HKS,MS,ASO,CE,Federal Contract Tower,0,10,22,0,32,0,2,50,16,68,0,12,72,16,100,110,12,122,222
03/08/2002,HKS,MS,ASO,CE,Federal Contract Tower,0,10,26,2,38,0,2,40,2,44,0,12,66,4,82,112,4,116,198
03/09/2002,HKS,MS,ASO,CE,Federal Contract Tower,0,0,1,0,1,0,0,7,2,9,0,0,8,2,10,10,0,10,20
03/10/2002,HKS,MS,ASO,CE,Federal Contract Tower,0,0,14,0,14,0,0,37,0,37,0,0,51,0,51,14,0,14,65
03/11/2002,HKS,MS,ASO,CE,Federal Contract Tower,0,11,17,1,29,0,0,32,10,42,0,11,49,11,71,74,4,78,149
03/12/2002,HKS,MS,ASO,CE,Federal Contract Tower,0,8,18,2,28,0,0,4,3,7,0,8,22,5,35,12,12,24,59
03/13/2002,HKS,MS,ASO,CE,Federal Contract Tower,0,10,25,3,38,0,0,56,12,68,0,10,81,15,106,150,30,180,286
03/14/2002,HKS,MS,ASO,CE,Federal Contract Tower,0,9,15,2,26,0,0,45,9,54,0,9,60,11,80,114,2,116,196
03/15/2002,HKS,MS,ASO,CE,Federal Contract Tower,0,10,16,0,26,0,1,49,38,88,0,11,65,38,114,64,8,72,186
03/16/2002,HKS,MS,ASO,CE,Federal Contract Tower,0,0,9,5,14,0,0,31,13,44,0,0,40,18,58,88,60,148,206
03/17/2002,HKS,MS,ASO,CE,Federal Contract Tower,0,2,19,3,24,0,0,14,7,21,0,2,33,10,45,16,60,76,121
03/18/2002,HKS,MS,ASO,CE,Federal Contract Tower,0,8,15,0,23,0,1,24,2,27,0,9,39,2,50,150,0,150,200
03/19/2002,HKS,MS,ASO,CE,Federal Contract Tower,0,8,24,2,34,0,0,41,12,53,0,8,65,14,87,94,14,108,195
03/20/2002,HKS,MS,ASO,CE,Federal Contract Tower,0,9,19,2,30,0,0,13,0,13,0,9,32,2,43,52,0,52,95
03/21/2002,HKS,MS,ASO,CE,Federal Contract Tower,0,11,25,4,40,0,0,33,5,38,0,11,58,9,78,62,2,64,142
03/22/2002,HKS,MS,ASO,CE,Federal Contract Tower,0,8,19,2,29,0,4,47,1,52,0,12,66,3,81,80,0,80,161
03/23/2002,HKS,MS,ASO,CE,Federal Contract Tower,0,0,12,5,17,0,0,50,12,62,0,0,62,17,79,82,10,92,171
03/24/2002,HKS,MS,ASO,CE,Federal Contract Tower,0,0,19,4,23,0,0,41,1,42,0,0,60,5,65,132,8,140,205
03/25/2002,HKS,MS,ASO,CE,Federal Contract Tower,0,11,14,2,27,0,0,17,2,19,0,11,31,4,46,52,0,52,98
03/26/2002,HKS,MS,ASO,CE,Federal Contract Tower,0,9,17,1,27,0,0,7,0,7,0,9,24,1,34,10,0,10,44
03/27/2002,HKS,MS,ASO,CE,Federal Contract Tower,0,9,28,1,38,0,0,72,1,73,0,9,100,2,111,120,0,120,231
03/28/2002,HKS,MS,ASO,CE,Federal Contract Tower,0,9,18,6,33,0,0,58,29,87,0,9,76,35,120,114,32,146,266
03/29/2002,HKS,MS,ASO,CE,Federal Contract Tower,0,11,18,4,33,0,1,50,6,57,0,12,68,10,90,44,12,56,146
03/30/2002,HKS,MS,ASO,CE,Federal Contract Tower,0,1,12,0,13,0,0,9,0,9,0,1,21,0,22,80,0,80,102
03/31/2002,HKS,MS,ASO,CE,Federal Contract Tower,0,1,11,0,12,0,0,9,0,9,0,1,20,0,21,66,0,66,87
04/01/2002,HKS,MS,ASO,CE,Federal Contract Tower,0,12,18,2,32,0,0,46,0,46,0,12,64,2,78,82,0,82,160
04/02/2002,HKS,MS,ASO,CE,Federal Contract Tower,0,9,18,2,29,0,0,50,12,62,0,9,68,14,91,142,4,146,237
04/03/2002,HKS,MS,ASO,CE,Federal Contract Tower,0,9,25,8,42,0,0,57,21,78,0,9,82,29,120,68,16,84,204
04/04/2002,HKS,MS,ASO,CE,Federal Contract Tower,0,11,18,1,30,0,3,72,33,108,0,14,90,34,138,78,12,90,228
04/05/2002,HKS,MS,ASO,CE,Federal Contract Tower,0,11,24,3,38,0,0,75,25,100,0,11,99,28,138,98,0,98,236
04/06/2002,HKS,MS,ASO,CE,Federal Contract Tower,0,0,18,7,25,0,0,64,7,71,0,0,82,14,96,96,0,96,192
04/07/2002,HKS,MS,ASO,CE,Federal Contract Tower,0,3,23,0,26,0,0,30,8,38,0,3,53,8,64,44,0,44,108
04/08/2002,HKS,MS,ASO,CE,Federal Contract Tower,0,9,14,0,23,0,0,1,0,1,0,9,15,0,24,0,0,0,24
04/09/2002,HKS,MS,ASO,CE,Federal Contract Tower,0,9,11,7,27,0,0,37,8,45,0,9,48,15,72,112,0,112,184
04/10/2002,HKS,MS,ASO,CE,Federal Contract Tower,0,11,25,1,37,0,0,63,3,66,0,11,88,4,103,134,2,136,239
04/11/2002,HKS,MS,ASO,CE,Federal Contract Tower,0,1,15,1,17,0,0,49,4,53,0,1,64,5,70,220,0,220,290
04/12/2002,HKS,MS,ASO,CE,Federal Contract Tower,0,9,24,2,35,0,2,51,10,63,0,11,75,12,98,218,18,236,334
04/13/2002,HKS,MS,ASO,CE,Federal Contract Tower,0,8,23,2,33,0,3,32,12,47,0,11,55,14,80,44,18,62,142
04/14/2002,HKS,MS,ASO,CE,Federal Contract Tower,0,0,20,0,20,0,0,16,2,18,0,0,36,2,38,100,2,102,140
04/15/2002,HKS,MS,ASO,CE,Federal Contract Tower,0,12,24,1,37,0,6,42,2,50,0,18,66,3,87,80,0,80,167
04/16/2002,HKS,MS,ASO,CE,Federal Contract Tower,0,8,28,1,37,0,0,41,5,46,0,8,69,6,83,140,14,154,237
04/17/2002,HKS,MS,ASO,CE,Federal Contract Tower,0,8,24,10,42,0,1,41,32,74,0,9,65,42,116,94,4,98,214
04/18/2002,HKS,MS,ASO,CE,Federal Contract Tower,0,9,14,3,26,0,4,54,35,93,0,13,68,38,119,106,8,114,233
04/19/2002,HKS,MS,ASO,CE,Federal Contract Tower,0,10,19,8,37,0,1,50,12,63,0,11,69,20,100,184,12,196,296
04/20/2002,HKS,MS,ASO,CE,Federal Contract Tower,0,0,9,4,13,0,1,50,17,68,0,1,59,21,81,122,20,142,223
04/21/2002,HKS,MS,ASO,CE,Federal Contract Tower,0,0,25,0,25,0,1,34,10,45,0,1,59,10,70,100,0,100,170
04/22/2002,HKS,MS,ASO,CE,Federal Contract Tower,0,10,14,2,26,0,0,35,15,50,0,10,49,17,76,116,8,124,200
04/23/2002,HKS,MS,ASO,CE,Federal Contract Tower,0,10,22,4,36,0,0,45,19,64,0,10,67,23,100,92,10,102,202
04/24/2002,HKS,MS,ASO,CE,Federal Contract Tower,0,9,25,2,36,0,0,37,14,51,0,9,62,16,87,138,4,142,229
04/25/2002,HKS,MS,ASO,CE,Federal Contract Tower,0,7,20,1,28,0,2,55,7,64,0,9,75,8,92,110,0,110,202
04/26/2002,HKS,MS,ASO,CE,Federal Contract Tower,0,9,27,3,39,0,2,39,6,47,0,11,66,9,86,92,0,92,178
04/27/2002,HKS,MS,ASO,CE,Federal Contract Tower,0,0,30,0,30,0,0,25,0,25,0,0,55,0,55,64,0,64,119
04/28/2002,HKS,MS,ASO,CE,Federal Contract Tower,0,0,23,0,23,0,0,46,0,46,0,0,69,0,69,166,0,166,235
04/29/2002,HKS,MS,ASO,CE,Federal Contract Tower,0,11,20,0,31,0,0,23,0,23,0,11,43,0,54,46,0,46,100
04/30/2002,HKS,MS,ASO,CE,Federal Contract Tower,0,9,32,0,41,0,0,60,11,71,0,9,92,11,112,82,0,82,194
05/01/2002,HKS,MS,ASO,CE,Federal Contract Tower,0,12,27,4,43,0,0,41,13,54,0,12,68,17,97,98,10,108,205
05/02/2002,HKS,MS,ASO,CE,Federal Contract Tower,0,11,17,0,28,0,1,37,7,45,0,12,54,7,73,64,0,64,137
05/03/2002,HKS,MS,ASO,CE,Federal Contract Tower,0,13,21,2,36,0,0,31,4,35,0,13,52,6,71,36,0,36,107
05/04/2002,HKS,MS,ASO,CE,Federal Contract Tower,0,0,11,2,13,0,0,6,0,6,0,0,17,2,19,0,0,0,19
05/05/2002,HKS,MS,ASO,CE,Federal Contract Tower,0,0,13,3,16,0,0,50,6,56,0,0,63,9,72,122,0,122,194
05/06/2002,HKS,MS,ASO,CE,Federal Contract Tower,0,11,21,0,32,0,0,34,17,51,0,11,55,17,83,62,0,62,145
05/07/2002,HKS,MS,ASO,CE,Federal Contract Tower,0,11,28,0,39,0,0,39,5,44,0,11,67,5,83,102,0,102,185
05/08/2002,HKS,MS,ASO,CE,Federal Contract Tower,0,11,27,0,38,0,0,67,3,70,0,11,94,3,108,98,0,98,206
05/09/2002,HKS,MS,ASO,CE,Federal Contract Tower,0,9,17,0,26,0,0,73,6,79,0,9,90,6,105,146,8,154,259
05/10/2002,HKS,MS,ASO,CE,Federal Contract Tower,0,11,18,0,29,0,0,65,10,75,0,11,83,10,104,106,6,112,216
05/11/2002,HKS,MS,ASO,CE,Federal Contract Tower,0,0,17,0,17,0,0,53,0,53,0,0,70,0,70,94,0,94,164
05/12/2002,HKS,MS,ASO,CE,Federal Contract Tower,0,0,16,2,18,0,0,39,0,39,0,0,55,2,57,120,0,120,177
05/13/2002,HKS,MS,ASO,CE,Federal Contract Tower,0,9,24,1,34,0,2,14,11,27,0,11,38,12,61,32,0,32,93
05/14/2002,HKS,MS,ASO,CE,Federal Contract Tower,0,10,27,1,38,0,0,50,10,60,0,10,77,11,98,156,0,156,254
05/15/2002,HKS,MS,ASO,CE,Federal Contract Tower,0,10,22,1,33,0,0,58,17,75,0,10,80,18,108,30,0,30,138
05/16/2002,HKS,MS,ASO,CE,Federal Contract Tower,0,9,26,6,41,0,2,74,9,85,0,11,100,15,126,74,4,78,204
05/17/2002,HKS,MS,ASO,CE,Federal Contract Tower,0,13,16,1,30,0,0,26,0,26,0,13,42,1,56,0,0,0,56
05/18/2002,HKS,MS,ASO,CE,Federal Contract Tower,0,0,13,1,14,0,0,28,4,32,0,0,41,5,46,92,0,92,138
05/19/2002,HKS,MS,ASO,CE,Federal Contract Tower,0,0,12,2,14,0,0,41,4,45,0,0,53,6,59,38,0,38,97
05/20/2002,HKS,MS,ASO,CE,Federal Contract Tower,0,11,30,1,42,0,0,66,3,69,0,11,96,4,111,104,0,104,215
05/21/2002,HKS,MS,ASO,CE,Federal Contract Tower,0,10,23,2,35,0,0,66,1,67,0,10,89,3,102,110,0,110,212
05/22/2002,HKS,MS,ASO,CE,Federal Contract Tower,0,12,14,0,26,0,0,65,5,70,0,12,79,5,96,124,0,124,220
05/23/2002,HKS,MS,ASO,CE,Federal Contract Tower,0,12,23,0,35,0,0,68,5,73,0,12,91,5,108,162,0,162,270
05/24/2002,HKS,MS,ASO,CE,Federal Contract Tower,0,14,35,3,52,0,1,73,0,74,0,15,108,3,126,153,0,153,279
05/25/2002,HKS,MS,ASO,CE,Federal Contract Tower,0,0,15,0,15,0,0,57,0,57,0,0,72,0,72,145,0,145,217
05/26/2002,HKS,MS,ASO,CE,Federal Contract Tower,0,0,5,0,5,0,0,23,0,23,0,0,28,0,28,54,0,54,82
05/27/2002,HKS,MS,ASO,CE,Federal Contract Tower,0,0,10,0,10,0,0,64,0,64,0,0,74,0,74,144,0,144,218
05/28/2002,HKS,MS,ASO,CE,Federal Contract Tower,0,11,18,2,31,0,0,55,6,61,0,11,73,8,92,98,10,108,200
05/29/2002,HKS,MS,ASO,CE,Federal Contract Tower,0,10,19,1,30,0,0,35,12,47,0,10,54,13,77,40,40,80,157
05/30/2002,HKS,MS,ASO,CE,Federal Contract Tower,0,10,20,3,33,0,0,47,16,63,0,10,67,19,96,84,16,100,196
05/31/2002,HKS,MS,ASO,CE,Federal Contract Tower,0,11,14,2,27,0,0,46,18,64,0,11,60,20,91,162,36,198,289
06/01/2002,HKS,MS,ASO,CE,Federal Contract Tower,0,2,8,5,15,0,0,71,18,89,0,2,79,23,104,112,14,126,230
06/02/2002,HKS,MS,ASO,CE,Federal Contract Tower,0,0,17,4,21,0,0,44,6,50,0,0,61,10,71,80,28,108,179
06/03/2002,HKS,MS,ASO,CE,Federal Contract Tower,0,10,13,3,26,0,1,75,12,88,0,11,88,15,114,90,0,90,204
06/04/2002,HKS,MS,ASO,CE,Federal Contract Tower,0,12,27,2,41,0,0,60,11,71,0,12,87,13,112,128,0,128,240
06/05/2002,HKS,MS,ASO,CE,Federal Contract Tower,0,9,25,1,35,0,1,41,22,64,0,10,66,23,99,102,18,120,219
06/06/2002,HKS,MS,ASO,CE,Federal Contract Tower,0,9,22,7,38,0,0,45,10,55,0,9,67,17,93,58,24,82,175
06/07/2002,HKS,MS,ASO,CE,Federal Contract Tower,0,9,21,2,32,0,1,58,18,77,0,10,79,20,109,112,20,132,241
06/08/2002,HKS,MS,ASO,CE,Federal Contract Tower,0,0,9,2,11,0,1,45,7,53,0,1,54,9,64,94,18,112,176
06/09/2002,HKS,MS,ASO,CE,Federal Contract Tower,0,3,27,1,31,0,0,27,9,36,0,3,54,10,67,70,8,78,145
06/10/2002,HKS,MS,ASO,CE,Federal Contract Tower,0,12,16,0,28,0,0,25,4,29,0,12,41,4,57,60,0,60,117
06/11/2002,HKS,MS,ASO,CE,Federal Contract Tower,0,10,31,7,48,0,0,49,3,52,0,10,80,10,100,56,2,58,158
06/12/2002,HKS,MS,ASO,CE,Federal Contract Tower,0,9,23,1,33,0,0,53,12,65,0,9,76,13,98,122,0,122,220
06/13/2002,HKS,MS,ASO,CE,Federal Contract Tower,0,12,14,1,27,0,0,65,10,75,0,12,79,11,102,139,10,149,251
06/14/2002,HKS,MS,ASO,CE,Federal Contract Tower,0,12,15,5,32,0,0,40,4,44,0,12,55,9,76,52,8,60,136
06/15/2002,HKS,MS,ASO,CE,Federal Contract Tower,0,0,15,1,16,0,2,66,0,68,0,2,81,1,84,110,0,110,194
06/16/2002,HKS,MS,ASO,CE,Federal Contract Tower,0,1,14,1,16,0,0,13,0,13,0,1,27,1,29,42,0,42,71
06/17/2002,HKS,MS,ASO,CE,Federal Contract Tower,0,11,26,2,39,0,0,53,6,59,0,11,79,8,98,104,0,104,202
06/18/2002,HKS,MS,ASO,CE,Federal Contract Tower,0,9,12,2,23,0,1,54,5,60,0,10,66,7,83,154,0,154,237
06/19/2002,HKS,MS,ASO,CE,Federal Contract Tower,0,10,25,0,35,0,2,40,14,56,0,12,65,14,91,72,14,86,177
06/20/2002,HKS,MS,ASO,CE,Federal Contract Tower,0,9,24,8,41,0,0,47,15,62,0,9,71,23,103,78,18,96,199
06/21/2002,HKS,MS,ASO,CE,Federal Contract Tower,0,10,13,4,27,0,0,66,10,76,0,10,79,14,103,40,14,54,157
06/22/2002,HKS,MS,ASO,CE,Federal Contract Tower,0,2,6,0,8,0,0,62,6,68,0,2,68,6,76,82,10,92,168
06/23/2002,HKS,MS,ASO,CE,Federal Contract Tower,0,0,15,0,15,0,1,15,2,18,0,1,30,2,33,112,0,112,145
06/24/2002,HKS,MS,ASO,CE,Federal Contract Tower,0,11,19,0,30,0,1,35,5,41,0,12,54,5,71,88,0,88,159
06/25/2002,HKS,MS,ASO,CE,Federal Contract Tower,0,10,33,0,43,0,0,49,1,50,0,10,82,1,93,122,0,122,215
06/26/2002,HKS,MS,ASO,CE,Federal Contract Tower,0,9,20,0,29,0,1,28,8,37,0,10,48,8,66,76,10,86,152
06/27/2002,HKS,MS,ASO,CE,Federal Contract Tower,0,11,18,1,30,0,0,30,9,39,0,11,48,10,69,98,4,102,171
06/28/2002,HKS,MS,ASO,CE,Federal Contract Tower,0,11,18,2,31,0,0,38,11,49,0,11,56,13,80,42,0,42,122
06/29/2002,HKS,MS,ASO,CE,Federal Contract Tower,0,0,10,3,13,0,0,52,12,64,0,0,62,15,77,144,0,144,221
06/30/2002,HKS,MS,ASO,CE,Federal Contract Tower,0,0,12,3,15,0,0,27,9,36,0,0,39,12,51,150,6,156,207
07/01/2002,HKS,MS,ASO,CE,Federal Contract Tower,0,9,19,4,32,0,3,52,33,88,0,12,71,37,120,114,10,124,244
07/02/2002,HKS,MS,ASO,CE,Federal Contract Tower,0,13,17,6,36,0,0,61,17,78,0,13,78,23,114,106,22,128,242
07/03/2002,HKS,MS,ASO,CE,Federal Contract Tower,0,8,16,3,27,0,0,53,11,64,0,8,69,14,91,116,6,122,213
07/04/2002,HKS,MS,ASO,CE,Federal Contract Tower,0,0,10,0,10,0,0,71,0,71,0,0,81,0,81,120,0,120,201
07/05/2002,HKS,MS,ASO,CE,Federal Contract Tower,0,14,10,0,24,0,0,52,0,52,0,14,62,0,76,128,0,128,204
07/06/2002,HKS,MS,ASO,CE,Federal Contract Tower,0,1,0,0,1,0,0,41,0,41,0,1,41,0,42,110,0,110,152
07/07/2002,HKS,MS,ASO,CE,Federal Contract Tower,0,4,16,1,21,0,0,26,2,28,0,4,42,3,49,100,2,102,151
07/08/2002,HKS,MS,ASO,CE,Federal Contract Tower,0,9,16,4,29,0,0,74,2,76,0,9,90,6,105,174,0,174,279
07/09/2002,HKS,MS,ASO,CE,Federal Contract Tower,0,9,14,8,31,0,0,47,3,50,0,9,61,11,81,132,10,142,223
07/10/2002,HKS,MS,ASO,CE,Federal Contract Tower,0,8,22,3,33,0,0,43,6,49,0,8,65,9,82,78,2,80,162
07/11/2002,HKS,MS,ASO,CE,Federal Contract Tower,0,10,19,5,34,0,1,66,18,85,0,11,85,23,119,126,26,152,271
07/12/2002,HKS,MS,ASO,CE,Federal Contract Tower,0,12,9,8,29,0,1,56,19,76,0,13,65,27,105,54,30,84,189
07/13/2002,HKS,MS,ASO,CE,Federal Contract Tower,0,0,2,0,2,0,1,26,7,34,0,1,28,7,36,62,0,62,98
07/14/2002,HKS,MS,ASO,CE,Federal Contract Tower,0,0,27,12,39,0,0,18,9,27,0,0,45,21,66,54,12,66,132
07/15/2002,HKS,MS,ASO,CE,Federal Contract Tower,0,10,12,11,33,0,0,14,5,19,0,10,26,16,52,26,36,62,114
07/16/2002,HKS,MS,ASO,CE,Federal Contract Tower,0,12,26,6,44,0,0,38,3,41,0,12,64,9,85,38,0,38,123
07/17/2002,HKS,MS,ASO,CE,Federal Contract Tower,0,9,27,6,42,0,0,56,8,64,0,9,83,14,106,104,4,108,214
07/18/2002,HKS,MS,ASO,CE,Federal Contract Tower,0,9,21,5,35,0,0,39,32,71,0,9,60,37,106,44,2,46,152
07/19/2002,HKS,MS,ASO,CE,Federal Contract Tower,0,11,23,7,41,0,0,36,9,45,0,11,59,16,86,66,30,96,182
07/20/2002,HKS,MS,ASO,CE,Federal Contract Tower,0,0,5,6,11,0,1,67,5,73,0,1,72,11,84,170,8,178,262
07/21/2002,HKS,MS,ASO,CE,Federal Contract Tower,0,0,15,1,16,0,0,22,3,25,0,0,37,4,41,60,0,60,101
07/22/2002,HKS,MS,ASO,CE,Federal Contract Tower,0,12,17,2,31,0,0,14,1,15,0,12,31,3,46,30,0,30,76
07/23/2002,HKS,MS,ASO,CE,Federal Contract Tower,0,9,15,3,27,0,1,43,5,49,0,10,58,8,76,94,0,94,170
07/24/2002,HKS,MS,ASO,CE,Federal Contract Tower,0,9,18,2,29,0,0,17,0,17,0,9,35,2,46,50,0,50,96
07/25/2002,HKS,MS,ASO,CE,Federal Contract Tower,0,11,28,2,41,0,0,54,11,65,0,11,82,13,106,110,8,118,224
07/26/2002,HKS,MS,ASO,CE,Federal Contract Tower,0,11,20,0,31,0,0,51,3,54,0,11,71,3,85,158,0,158,243
07/27/2002,HKS,MS,ASO,CE,Federal Contract Tower,0,0,7,0,7,0,0,48,8,56,0,0,55,8,63,122,0,122,185
07/28/2002,HKS,MS,ASO,CE,Federal Contract Tower,0,0,12,1,13,0,0,36,3,39,0,0,48,4,52,106,0,106,158
07/29/2002,HKS,MS,ASO,CE,Federal Contract Tower,0,11,25,0,36,0,0,35,7,42,0,11,60,7,78,82,6,88,166
07/30/2002,HKS,MS,ASO,CE,Federal Contract Tower,0,10,34,5,49,0,0,25,4,29,0,10,59,9,78,14,0,14,92
07/31/2002,HKS,MS,ASO,CE,Federal Contract Tower,0,9,30,9,48,0,1,8,11,20,0,10,38,20,68,22,0,22,90
08/01/2002,HKS,MS,ASO,CE,Federal Contract Tower,0,10,16,4,30,0,0,65,10,75,0,10,81,14,105,98,0,98,203
08/02/2002,HKS,MS,ASO,CE,Federal Contract Tower,0,11,11,2,24,0,0,66,0,66,0,11,77,2,90,106,0,106,196
08/03/2002,HKS,MS,ASO,CE,Federal Contract Tower,0,0,15,0,15,0,0,45,3,48,0,0,60,3,63,92,0,92,155
08/04/2002,HKS,MS,ASO,CE,Federal Contract Tower,0,0,10,1,11,0,1,46,1,48,0,1,56,2,59,112,0,112,171
08/05/2002,HKS,MS,ASO,CE,Federal Contract Tower,0,11,18,1,30,0,4,25,10,39,0,15,43,11,69,16,0,16,85
08/06/2002,HKS,MS,ASO,CE,Federal Contract Tower,0,9,18,3,30,0,0,32,13,45,0,9,50,16,75,62,14,76,151
08/07/2002,HKS,MS,ASO,CE,Federal Contract Tower,0,11,38,6,55,0,0,34,8,42,0,11,72,14,97,56,0,56,153
08/08/2002,HKS,MS,ASO,CE,Federal Contract Tower,0,10,24,2,36,0,1,61,7,69,0,11,85,9,105,62,0,62,167
08/09/2002,HKS,MS,ASO,CE,Federal Contract Tower,0,10,19,5,34,0,3,66,6,75,0,13,85,11,109,92,2,94,203
08/10/2002,HKS,MS,ASO,CE,Federal Contract Tower,0,2,8,1,11,0,0,47,3,50,0,2,55,4,61,102,0,102,163
08/11/2002,HKS,MS,ASO,CE,Federal Contract Tower,0,0,17,0,17,0,0,41,2,43,0,0,58,2,60,78,0,78,138
08/12/2002,HKS,MS,ASO,CE,Federal Contract Tower,0,12,13,0,25,0,1,27,2,30,0,13,40,2,55,54,0,54,109
08/13/2002,HKS,MS,ASO,CE,Federal Contract Tower,0,11,24,1,36,0,0,34,3,37,0,11,58,4,73,32,0,32,105
08/14/2002,HKS,MS,ASO,CE,Federal Contract Tower,0,9,20,0,29,0,1,50,4,55,0,10,70,4,84,85,0,85,169
08/15/2002,HKS,MS,ASO,CE,Federal Contract Tower,0,9,19,3,31,0,0,29,18,47,0,9,48,21,78,44,56,100,178
08/16/2002,HKS,MS,ASO,CE,Federal Contract Tower,0,11,14,1,26,0,0,39,2,41,0,11,53,3,67,88,0,88,155
08/17/2002,HKS,MS,ASO,CE,Federal Contract Tower,0,0,6,2,8,0,0,18,1,19,0,0,24,3,27,126,0,126,153
08/18/2002,HKS,MS,ASO,CE,Federal Contract Tower,0,0,10,2,12,0,0,34,0,34,0,0,44,2,46,132,0,132,178
08/19/2002,HKS,MS,ASO,CE,Federal Contract Tower,0,11,16,0,27,0,0,57,3,60,0,11,73,3,87,68,0,68,155
08/20/2002,HKS,MS,ASO,CE,Federal Contract Tower,0,9,23,4,36,0,0,58,0,58,0,9,81,4,94,58,0,58,152
08/21/2002,HKS,MS,ASO,CE,Federal Contract Tower,0,9,17,3,29,0,0,49,9,58,0,9,66,12,87,138,0,138,225
08/22/2002,HKS,MS,ASO,CE,Federal Contract Tower,0,9,20,2,31,0,2,43,11,56,0,11,63,13,87,172,0,172,259
08/23/2002,HKS,MS,ASO,CE,Federal Contract Tower,0,11,17,4,32,0,0,55,8,63,0,11,72,12,95,80,0,80,175
08/24/2002,HKS,MS,ASO,CE,Federal Contract Tower,0,0,26,4,30,0,0,50,0,50,0,0,76,4,80,118,2,120,200
08/25/2002,HKS,MS,ASO,CE,Federal Contract Tower,0,0,7,1,8,0,0,28,4,32,0,0,35,5,40,120,6,126,166
08/26/2002,HKS,MS,ASO,CE,Federal Contract Tower,0,11,20,3,34,0,0,61,2,63,0,11,81,5,97,38,4,42,139
08/27/2002,HKS,MS,ASO,CE,Federal Contract Tower,0,9,23,5,37,0,1,73,14,88,0,10,96,19,125,108,8,116,241
08/28/2002,HKS,MS,ASO,CE,Federal Contract Tower,0,9,25,4,38,0,2,50,6,58,0,11,75,10,96,104,6,110,206
08/29/2002,HKS,MS,ASO,CE,Federal Contract Tower,0,13,38,1,52,0,0,44,5,49,0,13,82,6,101,96,4,100,201
08/30/2002,HKS,MS,ASO,CE,Federal Contract Tower,0,12,26,0,38,0,0,42,0,42,0,12,68,0,80,148,0,148,228
08/31/2002,HKS,MS,ASO,CE,Federal Contract Tower,0,2,14,0,16,0,0,52,0,52,0,2,66,0,68,62,0,62,130
09/01/2002,HKS,MS,ASO,CE,Federal Contract Tower,0,2,5,0,7,0,0,34,0,34,0,2,39,0,41,32,0,32,73
09/02/2002,HKS,MS,ASO,CE,Federal Contract Tower,0,0,5,0,5,0,0,68,0,68,0,0,73,0,73,36,0,36,109
09/03/2002,HKS,MS,ASO,CE,Federal Contract Tower,0,13,20,0,33,0,0,44,4,48,0,13,64,4,81,140,4,144,225
09/04/2002,HKS,MS,ASO,CE,Federal Contract Tower,0,8,17,0,25,0,3,42,2,47,0,11,59,2,72,44,0,44,116
09/05/2002,HKS,MS,ASO,CE,Federal Contract Tower,0,11,23,0,34,0,0,56,9,65,0,11,79,9,99,104,6,110,209
09/06/2002,HKS,MS,ASO,CE,Federal Contract Tower,0,12,12,3,27,0,0,53,7,60,0,12,65,10,87,96,8,104,191
09/07/2002,HKS,MS,ASO,CE,Federal Contract Tower,0,2,11,0,13,0,0,34,4,38,0,2,45,4,51,16,68,84,135
09/08/2002,HKS,MS,ASO,CE,Federal Contract Tower,0,0,21,3,24,0,0,35,10,45,0,0,56,13,69,82,30,112,181
09/09/2002,HKS,MS,ASO,CE,Federal Contract Tower,0,10,12,0,22,0,0,36,4,40,0,10,48,4,62,74,10,84,146
09/10/2002,HKS,MS,ASO,CE,Federal Contract Tower,0,9,18,3,30,0,0,43,11,54,0,9,61,14,84,60,10,70,154
09/11/2002,HKS,MS,ASO,CE,Federal Contract Tower,0,12,24,2,38,0,1,42,12,55,0,13,66,14,93,122,10,132,225
09/12/2002,HKS,MS,ASO,CE,Federal Contract Tower,0,8,18,3,29,0,4,54,10,68,0,12,72,13,97,108,10,118,215
09/13/2002,HKS,MS,ASO,CE,Federal Contract Tower,0,12,24,6,42,0,0,64,6,70,0,12,88,12,112,120,4,124,236
09/14/2002,HKS,MS,ASO,CE,Federal Contract Tower,0,1,17,0,18,0,0,26,2,28,0,1,43,2,46,102,0,102,148
09/15/2002,HKS,MS,ASO,CE,Federal Contract Tower,0,0,9,0,9,0,0,39,3,42,0,0,48,3,51,172,0,172,223
09/16/2002,HKS,MS,ASO,CE,Federal Contract Tower,0,12,14,0,26,0,5,15,1,21,0,17,29,1,47,24,0,24,71
09/17/2002,HKS,MS,ASO,CE,Federal Contract Tower,0,9,28,0,37,0,1,20,8,29,0,10,48,8,66,6,0,6,72
09/18/2002,HKS,MS,ASO,CE,Federal Contract Tower,0,9,22,4,35,0,0,42,16,58,0,9,64,20,93,52,2,54,147
09/19/2002,HKS,MS,ASO,CE,Federal Contract Tower,0,15,13,9,37,0,0,41,12,53,0,15,54,21,90,64,46,110,200
09/20/2002,HKS,MS,ASO,CE,Federal Contract Tower,0,15,9,1,25,0,1,26,0,27,0,16,35,1,52,68,0,68,120
09/21/2002,HKS,MS,ASO,CE,Federal Contract Tower,0,5,35,2,42,0,0,22,1,23,0,5,57,3,65,56,0,56,121
09/22/2002,HKS,MS,ASO,CE,Federal Contract Tower,0,0,8,0,8,0,1,8,0,9,0,1,16,0,17,14,0,14,31
09/23/2002,HKS,MS,ASO,CE,Federal Contract Tower,0,11,13,2,26,0,1,39,4,44,0,12,52,6,70,56,0,56,126
09/24/2002,HKS,MS,ASO,CE,Federal Contract Tower,0,10,25,2,37,0,0,45,5,50,0,10,70,7,87,32,6,38,125
09/25/2002,HKS,MS,ASO,CE,Federal Contract Tower,0,7,13,0,20,0,0,0,3,3,0,7,13,3,23,0,0,0,23
09/26/2002,HKS,MS,ASO,CE,Federal Contract Tower,0,9,6,0,15,0,0,0,0,0,0,9,6,0,15,0,0,0,15
09/27/2002,HKS,MS,ASO,CE,Federal Contract Tower,0,14,20,3,37,0,0,33,29,62,0,14,53,32,99,66,16,82,181
09/28/2002,HKS,MS,ASO,CE,Federal Contract Tower,0,0,17,0,17,0,0,54,0,54,0,0,71,0,71,130,0,130,201
09/29/2002,HKS,MS,ASO,CE,Federal Contract Tower,0,0,18,2,20,0,0,46,0,46,0,0,64,2,66,142,0,142,208
09/30/2002,HKS,MS,ASO,CE,Federal Contract Tower,0,10,20,4,34,0,1,53,4,58,0,11,73,8,92,76,0,76,168
10/01/2002,HKS,MS,ASO,CE,Federal Contract Tower,0,7,29,2,38,0,1,29,6,36,0,8,58,8,74,124,0,124,198
10/02/2002,HKS,MS,ASO,CE,Federal Contract Tower,0,9,27,1,37,0,0,38,7,45,0,9,65,8,82,30,16,46,128
10/03/2002,HKS,MS,ASO,CE,Federal Contract Tower,0,11,2,0,13,0,0,1,1,2,0,11,3,1,15,0,0,0,15
10/04/2002,HKS,MS,ASO,CE,Federal Contract Tower,0,10,10,0,20,0,3,17,4,24,0,13,27,4,44,40,0,40,84
10/05/2002,HKS,MS,ASO,CE,Federal Contract Tower,0,1,19,2,22,0,0,24,4,28,0,1,43,6,50,54,0,54,104
10/06/2002,HKS,MS,ASO,CE,Federal Contract Tower,0,0,20,1,21,0,0,43,5,48,0,0,63,6,69,98,0,98,167
10/07/2002,HKS,MS,ASO,CE,Federal Contract Tower,0,10,35,2,47,0,1,2,0,3,0,11,37,2,50,4,0,4,54
10/08/2002,HKS,MS,ASO,CE,Federal Contract Tower,0,11,27,5,43,0,0,23,9,32,0,11,50,14,75,78,32,110,185
10/09/2002,HKS,MS,ASO,CE,Federal Contract Tower,0,10,20,0,30,0,0,16,0,16,0,10,36,0,46,12,0,12,58
10/10/2002,HKS,MS,ASO,CE,Federal Contract Tower,0,9,16,2,27,0,0,18,4,22,0,9,34,6,49,44,12,56,105
10/11/2002,HKS,MS,ASO,CE,Federal Contract Tower,0,13,24,1,38,0,0,11,0,11,0,13,35,1,49,42,0,42,91
10/12/2002,HKS,MS,ASO,CE,Federal Contract Tower,0,2,24,0,26,0,0,44,1,45,0,2,68,1,71,154,0,154,225
10/13/2002,HKS,MS,ASO,CE,Federal Contract Tower,0,0,19,0,19,0,0,8,6,14,0,0,27,6,33,40,0,40,73
10/14/2002,HKS,MS,ASO,CE,Federal Contract Tower,0,5,13,0,18,0,0,51,0,51,0,5,64,0,69,108,0,108,177
10/15/2002,HKS,MS,ASO,CE,Federal Contract Tower,0,10,25,2,37,0,1,27,4,32,0,11,52,6,69,90,0,90,159
10/16/2002,HKS,MS,ASO,CE,Federal Contract Tower,0,10,23,0,33,0,1,50,5,56,0,11,73,5,89,100,0,100,189
10/17/2002,HKS,MS,ASO,CE,Federal Contract Tower,0,10,35,6,51,0,1,52,5,58,0,11,87,11,109,122,34,156,265
10/18/2002,HKS,MS,ASO,CE,Federal Contract Tower,0,12,13,2,27,0,0,60,10,70,0,12,73,12,97,132,14,146,243
10/19/2002,HKS,MS,ASO,CE,Federal Contract Tower,0,3,10,4,17,0,0,37,7,44,0,3,47,11,61,50,10,60,121
10/20/2002,HKS,MS,ASO,CE,Federal Contract Tower,0,3,14,2,19,0,0,0,0,0,0,3,14,2,19,6,0,6,25
10/21/2002,HKS,MS,ASO,CE,Federal Contract Tower,0,8,15,4,27,0,0,18,7,25,0,8,33,11,52,20,14,34,86
10/22/2002,HKS,MS,ASO,CE,Federal Contract Tower,0,10,20,6,36,0,0,38,7,45,0,10,58,13,81,106,26,132,213
10/23/2002,HKS,MS,ASO,CE,Federal Contract Tower,0,8,33,0,41,0,0,47,6,53,0,8,80,6,94,126,0,126,220
10/24/2002,HKS,MS,ASO,CE,Federal Contract Tower,0,11,31,3,45,0,0,5,0,5,0,11,36,3,50,4,2,6,56
10/25/2002,HKS,MS,ASO,CE,Federal Contract Tower,0,15,21,2,38,0,0,0,0,0,0,15,21,2,38,0,0,0,38
10/26/2002,HKS,MS,ASO,CE,Federal Contract Tower,0,1,13,2,16,0,0,0,6,6,0,1,13,8,22,0,30,30,52
10/27/2002,HKS,MS,ASO,CE,Federal Contract Tower,0,0,7,4,11,0,0,0,7,7,0,0,7,11,18,0,28,28,46
10/28/2002,HKS,MS,ASO,CE,Federal Contract Tower,0,11,25,0,36,0,0,3,0,3,0,11,28,0,39,4,0,4,43
10/29/2002,HKS,MS,ASO,CE,Federal Contract Tower,0,7,29,4,40,0,0,22,4,26,0,7,51,8,66,46,2,48,114
10/30/2002,HKS,MS,ASO,CE,Federal Contract Tower,0,7,15,2,24,0,0,48,4,52,0,7,63,6,76,152,0,152,228
10/31/2002,HKS,MS,ASO,CE,Federal Contract Tower,0,7,21,1,29,0,1,59,12,72,0,8,80,13,101,62,10,72,173
11/01/2002,HKS,MS,ASO,CE,Federal Contract Tower,0,11,16,5,32,0,0,49,6,55,0,11,65,11,87,106,4,110,197
11/02/2002,HKS,MS,ASO,CE,Federal Contract Tower,0,2,33,1,36,0,0,45,6,51,0,2,78,7,87,30,2,32,119
11/03/2002,HKS,MS,ASO,CE,Federal Contract Tower,0,1,11,7,19,0,0,0,1,1,0,1,11,8,20,6,0,6,26
11/04/2002,HKS,MS,ASO,CE,Federal Contract Tower,0,10,15,0,25,0,0,0,0,0,0,10,15,0,25,0,0,0,25
11/05/2002,HKS,MS,ASO,CE,Federal Contract Tower,0,7,22,5,34,0,0,0,1,1,0,7,22,6,35,0,4,4,39
11/06/2002,HKS,MS,ASO,CE,Federal Contract Tower,0,15,25,3,43,0,0,36,22,58,0,15,61,25,101,70,16,86,187
11/07/2002,HKS,MS,ASO,CE,Federal Contract Tower,0,10,20,1,31,0,0,39,20,59,0,10,59,21,90,112,28,140,230
11/08/2002,HKS,MS,ASO,CE,Federal Contract Tower,0,12,29,0,41,0,0,67,12,79,0,12,96,12,120,146,16,162,282
11/09/2002,HKS,MS,ASO,CE,Federal Contract Tower,0,0,8,0,8,0,0,43,3,46,0,0,51,3,54,94,6,100,154
11/10/2002,HKS,MS,ASO,CE,Federal Contract Tower,0,1,12,0,13,0,0,11,0,11,0,1,23,0,24,34,0,34,58
11/11/2002,HKS,MS,ASO,CE,Federal Contract Tower,0,2,17,0,19,0,0,37,7,44,0,2,54,7,63,54,0,54,117
11/12/2002,HKS,MS,ASO,CE,Federal Contract Tower,0,11,24,6,41,0,0,45,16,61,0,11,69,22,102,64,0,64,166
11/13/2002,HKS,MS,ASO,CE,Federal Contract Tower,0,7,29,3,39,0,0,54,22,76,0,7,83,25,115,148,24,172,287
11/14/2002,HKS,MS,ASO,CE,Federal Contract Tower,0,7,13,1,21,0,3,59,12,74,0,10,72,13,95,118,16,134,229
11/15/2002,HKS,MS,ASO,CE,Federal Contract Tower,0,11,11,1,23,0,1,14,18,33,0,12,25,19,56,34,22,56,112
11/16/2002,HKS,MS,ASO,CE,Federal Contract Tower,0,0,9,0,9,0,0,17,10,27,0,0,26,10,36,10,0,10,46
11/17/2002,HKS,MS,ASO,CE,Federal Contract Tower,0,0,11,0,11,0,0,38,4,42,0,0,49,4,53,90,0,90,143
11/18/2002,HKS,MS,ASO,CE,Federal Contract Tower,0,10,9,4,23,0,0,41,1,42,0,10,50,5,65,70,2,72,137
11/19/2002,HKS,MS,ASO,CE,Federal Contract Tower,0,9,22,2,33,0,0,44,9,53,0,9,66,11,86,52,12,64,150
11/20/2002,HKS,MS,ASO,CE,Federal Contract Tower,0,10,25,0,35,0,0,26,3,29,0,10,51,3,64,44,0,44,108
11/21/2002,HKS,MS,ASO,CE,Federal Contract Tower,0,7,32,3,42,0,2,42,13,57,0,9,74,16,99,80,4,84,183
11/22/2002,HKS,MS,ASO,CE,Federal Contract Tower,0,16,18,2,36,0,2,43,13,58,0,18,61,15,94,106,4,110,204
11/23/2002,HKS,MS,ASO,CE,Federal Contract Tower,0,0,21,9,30,0,0,63,6,69,0,0,84,15,99,116,2,118,217
11/24/2002,HKS,MS,ASO,CE,Federal Contract Tower,0,0,14,1,15,0,0,2,33,35,0,0,16,34,50,122,0,122,172
11/25/2002,HKS,MS,ASO,CE,Federal Contract Tower,0,11,30,0,41,0,0,46,0,46,0,11,76,0,87,58,0,58,145
11/26/2002,HKS,MS,ASO,CE,Federal Contract Tower,0,7,39,2,48,0,0,0,0,0,0,7,39,2,48,4,0,4,52
11/27/2002,HKS,MS,ASO,CE,Federal Contract Tower,0,7,15,2,24,0,0,41,2,43,0,7,56,4,67,38,0,38,105
11/28/2002,HKS,MS,ASO,CE,Federal Contract Tower,0,0,14,0,14,0,0,34,0,34,0,0,48,0,48,2,0,2,50
11/29/2002,HKS,MS,ASO,CE,Federal Contract Tower,0,11,10,0,21,0,0,56,0,56,0,11,66,0,77,94,0,94,171
11/30/2002,HKS,MS,ASO,CE,Federal Contract Tower,0,0,10,0,10,0,2,39,0,41,0,2,49,0,51,124,0,124,175
12/01/2002,HKS,MS,ASO,CE,Federal Contract Tower,0,2,19,0,21,0,0,63,0,63,0,2,82,0,84,124,0,124,208
12/02/2002,HKS,MS,ASO,CE,Federal Contract Tower,0,15,19,0,34,0,0,26,0,26,0,15,45,0,60,46,0,46,106
12/03/2002,HKS,MS,ASO,CE,Federal Contract Tower,0,8,23,4,35,0,0,29,5,34,0,8,52,9,69,46,0,46,115
12/04/2002,HKS,MS,ASO,CE,Federal Contract Tower,0,7,22,1,30,0,0,5,0,5,0,7,27,1,35,0,0,0,35
12/05/2002,HKS,MS,ASO,CE,Federal Contract Tower,0,7,23,4,34,0,0,1,1,2,0,7,24,5,36,0,22,22,58
12/06/2002,HKS,MS,ASO,CE,Federal Contract Tower,0,12,23,6,41,0,1,46,10,57,0,13,69,16,98,56,0,56,154
12/07/2002,HKS,MS,ASO,CE,Federal Contract Tower,0,1,9,3,13,0,0,59,8,67,0,1,68,11,80,126,6,132,212
12/08/2002,HKS,MS,ASO,CE,Federal Contract Tower,0,2,9,2,13,0,0,33,4,37,0,2,42,6,50,36,0,36,86
12/09/2002,HKS,MS,ASO,CE,Federal Contract Tower,0,9,22,2,33,0,0,46,0,46,0,9,68,2,79,78,0,78,157
12/10/2002,HKS,MS,ASO,CE,Federal Contract Tower,0,10,17,0,27,0,0,10,11,21,0,10,27,11,48,0,8,8,56
12/11/2002,HKS,MS,ASO,CE,Federal Contract Tower,0,10,23,4,37,0,1,25,11,37,0,11,48,15,74,66,32,98,172
12/12/2002,HKS,MS,ASO,CE,Federal Contract Tower,0,11,21,2,34,0,2,39,5,46,0,13,60,7,80,70,0,70,150
12/13/2002,HKS,MS,ASO,CE,Federal Contract Tower,0,10,11,4,25,0,0,6,3,9,0,10,17,7,34,0,18,18,52
12/14/2002,HKS,MS,ASO,CE,Federal Contract Tower,0,0,18,1,19,0,0,62,4,66,0,0,80,5,85,224,4,228,313
12/15/2002,HKS,MS,ASO,CE,Federal Contract Tower,0,0,13,0,13,0,0,46,3,49,0,0,59,3,62,110,6,116,178
12/16/2002,HKS,MS,ASO,CE,Federal Contract Tower,0,10,18,2,30,0,0,59,3,62,0,10,77,5,92,60,0,60,152
12/17/2002,HKS,MS,ASO,CE,Federal Contract Tower,0,7,26,5,38,0,0,61,4,65,0,7,87,9,103,34,6,40,143
12/18/2002,HKS,MS,ASO,CE,Federal Contract Tower,0,5,23,1,29,0,2,30,6,38,0,7,53,7,67,30,4,34,101
12/19/2002,HKS,MS,ASO,CE,Federal Contract Tower,0,6,24,0,30,0,0,12,3,15,0,6,36,3,45,26,24,50,95
12/20/2002,HKS,MS,ASO,CE,Federal Contract Tower,0,8,21,3,32,0,4,48,6,58,0,12,69,9,90,136,20,156,246
12/21/2002,HKS,MS,ASO,CE,Federal Contract Tower,0,0,10,0,10,0,0,54,3,57,0,0,64,3,67,154,4,158,225
12/22/2002,HKS,MS,ASO,CE,Federal Contract Tower,0,0,11,0,11,0,0,36,0,36,0,0,47,0,47,108,0,108,155
12/23/2002,HKS,MS,ASO,CE,Federal Contract Tower,0,9,16,0,25,0,0,30,0,30,0,9,46,0,55,30,4,34,89
12/24/2002,HKS,MS,ASO,CE,Federal Contract Tower,0,15,12,1,28,0,0,1,0,1,0,15,13,1,29,0,0,0,29
12/25/2002,HKS,MS,ASO,CE,Federal Contract Tower,0,0,5,0,5,0,1,7,1,9,0,1,12,1,14,0,0,0,14
12/26/2002,HKS,MS,ASO,CE,Federal Contract Tower,0,5,11,0,16,0,1,36,1,38,0,6,47,1,54,50,6,56,110
12/27/2002,HKS,MS,ASO,CE,Federal Contract Tower,0,6,15,1,22,0,4,45,1,50,0,10,60,2,72,68,10,78,150
12/28/2002,HKS,MS,ASO,CE,Federal Contract Tower,0,0,10,0,10,0,0,43,0,43,0,0,53,0,53,90,0,90,143
12/29/2002,HKS,MS,ASO,CE,Federal Contract Tower,0,2,17,0,19,0,0,20,0,20,0,2,37,0,39,74,0,74,113
12/30/2002,HKS,MS,ASO,CE,Federal Contract Tower,0,6,15,1,22,0,5,32,6,43,0,11,47,7,65,42,2,44,109
12/31/2002,HKS,MS,ASO,CE,Federal Contract Tower,0,6,14,0,20,0,7,0,0,7,0,13,14,0,27,0,0,0,27
01/01/2003,HKS,MS,ASO,CE,Federal Contract Tower,0,0,11,0,11,0,0,4,0,4,0,0,15,0,15,0,0,0,15
01/02/2003,HKS,MS,ASO,CE,Federal Contract Tower,0,7,11,0,18,0,2,15,0,17,0,9,26,0,35,12,0,12,47
01/03/2003,HKS,MS,ASO,CE,Federal Contract Tower,0,7,24,0,31,0,4,39,3,46,0,11,63,3,77,102,0,102,179
01/04/2003,HKS,MS,ASO,CE,Federal Contract Tower,0,0,14,2,16,0,0,58,8,66,0,0,72,10,82,108,6,114,196
01/05/2003,HKS,MS,ASO,CE,Federal Contract Tower,0,0,16,5,21,0,0,56,3,59,0,0,72,8,80,116,2,118,198
01/06/2003,HKS,MS,ASO,CE,Federal Contract Tower,0,7,9,0,16,0,3,57,0,60,0,10,66,0,76,56,0,56,132
01/07/2003,HKS,MS,ASO,CE,Federal Contract Tower,0,10,21,3,34,0,0,58,3,61,0,10,79,6,95,98,10,108,203
01/08/2003,HKS,MS,ASO,CE,Federal Contract Tower,0,11,16,5,32,0,0,61,6,67,0,11,77,11,99,108,4,112,211
01/09/2003,HKS,MS,ASO,CE,Federal Contract Tower,0,9,28,4,41,0,0,56,17,73,0,9,84,21,114,50,50,100,214
01/10/2003,HKS,MS,ASO,CE,Federal Contract Tower,0,12,26,6,44,0,3,39,15,57,0,15,65,21,101,74,14,88,189
01/11/2003,HKS,MS,ASO,CE,Federal Contract Tower,0,0,18,1,19,0,0,48,4,52,0,0,66,5,71,126,0,126,197
01/12/2003,HKS,MS,ASO,CE,Federal Contract Tower,0,0,6,2,8,0,0,24,10,34,0,0,30,12,42,64,2,66,108
01/13/2003,HKS,MS,ASO,CE,Federal Contract Tower,0,11,14,8,33,0,0,38,5,43,0,11,52,13,76,36,12,48,124
01/14/2003,HKS,MS,ASO,CE,Federal Contract Tower,0,7,30,5,42,0,1,21,4,26,0,8,51,9,68,60,0,60,128
01/15/2003,HKS,MS,ASO,CE,Federal Contract Tower,0,11,19,1,31,0,0,67,13,80,0,11,86,14,111,134,24,158,269
01/16/2003,HKS,MS,ASO,CE,Federal Contract Tower,0,11,16,2,29,0,0,9,0,9,0,11,25,2,38,0,6,6,44
01/17/2003,HKS,MS,ASO,CE,Federal Contract Tower,0,8,13,1,22,0,3,56,1,60,0,11,69,2,82,138,0,138,220
01/18/2003,HKS,MS,ASO,CE,Federal Contract Tower,0,0,4,0,4,0,0,63,0,63,0,0,67,0,67,104,0,104,171
01/19/2003,HKS,MS,ASO,CE,Federal Contract Tower,0,0,9,1,10,0,0,56,0,56,0,0,65,1,66,120,0,120,186
01/20/2003,HKS,MS,ASO,CE,Federal Contract Tower,0,2,19,2,23,0,0,34,0,34,0,2,53,2,57,116,0,116,173
01/21/2003,HKS,MS,ASO,CE,Federal Contract Tower,0,11,24,1,36,0,0,25,11,36,0,11,49,12,72,82,30,112,184
01/22/2003,HKS,MS,ASO,CE,Federal Contract Tower,0,8,20,5,33,0,0,24,25,49,0,8,44,30,82,86,32,118,200
01/23/2003,HKS,MS,ASO,CE,Federal Contract Tower,0,11,11,2,24,0,0,40,15,55,0,11,51,17,79,54,4,58,137
01/24/2003,HKS,MS,ASO,CE,Federal Contract Tower,0,13,14,7,34,0,0,50,16,66,0,13,64,23,100,64,6,70,170
01/25/2003,HKS,MS,ASO,CE,Federal Contract Tower,0,0,6,0,6,0,1,63,12,76,0,1,69,12,82,192,26,218,300
01/26/2003,HKS,MS,ASO,CE,Federal Contract Tower,0,0,9,4,13,0,0,18,2,20,0,0,27,6,33,82,0,82,115
01/27/2003,HKS,MS,ASO,CE,Federal Contract Tower,0,9,6,0,15,0,1,26,1,28,0,10,32,1,43,64,0,64,107
01/28/2003,HKS,MS,ASO,CE,Federal Contract Tower,0,7,32,4,43,0,0,33,10,43,0,7,65,14,86,94,4,98,184
01/29/2003,HKS,MS,ASO,CE,Federal Contract Tower,0,5,27,2,34,0,0,0,0,0,0,5,27,2,34,0,0,0,34
01/30/2003,HKS,MS,ASO,CE,Federal Contract Tower,0,9,13,2,24,0,0,29,19,48,0,9,42,21,72,46,30,76,148
01/31/2003,HKS,MS,ASO,CE,Federal Contract Tower,0,13,32,4,49,0,0,11,1,12,0,13,43,5,61,2,0,2,63
02/01/2003,HKS,MS,ASO,CE,Federal Contract Tower,0,2,5,0,7,0,0,43,2,45,0,2,48,2,52,74,0,74,126
02/02/2003,HKS,MS,ASO,CE,Federal Contract Tower,0,0,6,0,6,0,0,33,2,35,0,0,39,2,41,56,0,56,97
02/03/2003,HKS,MS,ASO,CE,Federal Contract Tower,0,8,19,2,29,0,0,22,0,22,0,8,41,2,51,12,0,12,63
02/04/2003,HKS,MS,ASO,CE,Federal Contract Tower,0,6,14,2,22,0,1,54,9,64,0,7,68,11,86,44,12,56,142
02/05/2003,HKS,MS,ASO,CE,Federal Contract Tower,0,8,18,3,29,0,1,52,9,62,0,9,70,12,91,74,0,74,165
02/06/2003,HKS,MS,ASO,CE,Federal Contract Tower,0,8,19,1,28,0,0,2,9,11,0,8,21,10,39,0,0,0,39
02/07/2003,HKS,MS,ASO,CE,Federal Contract Tower,0,12,15,4,31,0,0,20,6,26,0,12,35,10,57,2,12,14,71
02/08/2003,HKS,MS,ASO,CE,Federal Contract Tower,0,1,14,4,19,0,1,32,5,38,0,2,46,9,57,82,4,86,143
02/09/2003,HKS,MS,ASO,CE,Federal Contract Tower,0,0,6,5,11,0,0,11,5,16,0,0,17,10,27,14,20,34,61
02/10/2003,HKS,MS,ASO,CE,Federal Contract Tower,0,8,26,2,36,0,0,19,0,19,0,8,45,2,55,56,0,56,111
02/11/2003,HKS,MS,ASO,CE,Federal Contract Tower,0,6,19,2,27,0,0,49,20,69,0,6,68,22,96,130,22,152,248
02/12/2003,HKS,MS,ASO,CE,Federal Contract Tower,0,6,33,3,42,0,1,58,14,73,0,7,91,17,115,102,16,118,233
02/13/2003,HKS,MS,ASO,CE,Federal Contract Tower,0,9,27,3,39,0,0,44,11,55,0,9,71,14,94,86,0,86,180
02/14/2003,HKS,MS,ASO,CE,Federal Contract Tower,0,11,25,2,38,0,0,33,2,35,0,11,58,4,73,58,0,58,131
02/15/2003,HKS,MS,ASO,CE,Federal Contract Tower,0,1,5,0,6,0,0,0,0,0,0,1,5,0,6,0,0,0,6
02/16/2003,HKS,MS,ASO,CE,Federal Contract Tower,0,0,10,3,13,0,0,0,1,1,0,0,10,4,14,0,0,0,14
02/17/2003,HKS,MS,ASO,CE,Federal Contract Tower,0,0,21,0,21,0,0,2,0,2,0,0,23,0,23,2,0,2,25
02/18/2003,HKS,MS,ASO,CE,Federal Contract Tower,0,10,21,2,33,0,0,53,14,67,0,10,74,16,100,152,20,172,272
02/19/2003,HKS,MS,ASO,CE,Federal Contract Tower,0,8,15,0,23,0,0,55,14,69,0,8,70,14,92,74,6,80,172
02/20/2003,HKS,MS,ASO,CE,Federal Contract Tower,0,8,19,7,34,0,0,22,19,41,0,8,41,26,75,104,22,126,201
02/21/2003,HKS,MS,ASO,CE,Federal Contract Tower,0,9,10,0,19,0,0,1,4,5,0,9,11,4,24,0,0,0,24
02/22/2003,HKS,MS,ASO,CE,Federal Contract Tower,0,0,10,0,10,0,0,2,0,2,0,0,12,0,12,0,14,14,26
02/23/2003,HKS,MS,ASO,CE,Federal Contract Tower,0,1,14,1,16,0,1,46,0,47,0,2,60,1,63,86,0,86,149
02/24/2003,HKS,MS,ASO,CE,Federal Contract Tower,0,11,35,4,50,0,0,31,11,42,0,11,66,15,92,134,8,142,234
02/25/2003,HKS,MS,ASO,CE,Federal Contract Tower,0,7,17,4,28,0,3,0,0,3,0,10,17,4,31,10,92,102,133
02/26/2003,HKS,MS,ASO,CE,Federal Contract Tower,0,15,29,0,44,0,0,0,0,0,0,15,29,0,44,0,0,0,44
02/27/2003,HKS,MS,ASO,CE,Federal Contract Tower,0,8,21,6,35,0,0,1,0,1,0,8,22,6,36,2,122,124,160
02/28/2003,HKS,MS,ASO,CE,Federal Contract Tower,0,11,32,3,46,0,3,10,0,13,0,14,42,3,59,66,0,66,125
03/01/2003,HKS,MS,ASO,CE,Federal Contract Tower,0,2,21,3,26,0,0,0,0,0,0,2,21,3,26,4,0,4,30
03/02/2003,HKS,MS,ASO,CE,Federal Contract Tower,0,0,19,0,19,0,0,28,2,30,0,0,47,2,49,78,0,78,127
03/03/2003,HKS,MS,ASO,CE,Federal Contract Tower,0,9,27,0,36,0,0,48,2,50,0,9,75,2,86,82,0,82,168
03/04/2003,HKS,MS,ASO,CE,Federal Contract Tower,0,10,39,1,50,0,1,6,3,10,0,11,45,4,60,18,0,18,78
03/05/2003,HKS,MS,ASO,CE,Federal Contract Tower,0,10,26,2,38,0,0,1,1,2,0,10,27,3,40,0,0,0,40
03/06/2003,HKS,MS,ASO,CE,Federal Contract Tower,0,6,24,8,38,0,0,20,3,23,0,6,44,11,61,94,34,128,189
03/07/2003,HKS,MS,ASO,CE,Federal Contract Tower,0,10,20,4,34,0,1,56,8,65,0,11,76,12,99,236,16,252,351
03/08/2003,HKS,MS,ASO,CE,Federal Contract Tower,0,0,20,3,23,0,0,31,5,36,0,0,51,8,59,96,38,134,193
03/09/2003,HKS,MS,ASO,CE,Federal Contract Tower,0,0,18,0,18,0,0,30,8,38,0,0,48,8,56,76,2,78,134
03/10/2003,HKS,MS,ASO,CE,Federal Contract Tower,0,10,19,0,29,0,0,50,5,55,0,10,69,5,84,96,0,96,180
03/11/2003,HKS,MS,ASO,CE,Federal Contract Tower,0,9,21,0,30,0,0,70,3,73,0,9,91,3,103,116,0,116,219
03/12/2003,HKS,MS,ASO,CE,Federal Contract Tower,0,11,17,3,31,0,0,57,14,71,0,11,74,17,102,140,22,162,264
03/13/2003,HKS,MS,ASO,CE,Federal Contract Tower,0,5,20,1,26,0,0,4,4,8,0,5,24,5,34,6,18,24,58
03/14/2003,HKS,MS,ASO,CE,Federal Contract Tower,0,14,15,1,30,0,0,11,34,45,0,14,26,35,75,62,30,92,167
03/15/2003,HKS,MS,ASO,CE,Federal Contract Tower,0,1,9,1,11,0,0,56,14,70,0,1,65,15,81,114,6,120,201
03/16/2003,HKS,MS,ASO,CE,Federal Contract Tower,0,0,21,0,21,0,0,36,2,38,0,0,57,2,59,58,0,58,117
03/17/2003,HKS,MS,ASO,CE,Federal Contract Tower,0,9,20,0,29,0,0,6,0,6,0,9,26,0,35,24,0,24,59
03/18/2003,HKS,MS,ASO,CE,Federal Contract Tower,0,6,17,1,24,0,0,21,10,31,0,6,38,11,55,74,0,74,129
03/19/2003,HKS,MS,ASO,CE,Federal Contract Tower,0,8,20,1,29,0,0,43,15,58,0,8,63,16,87,132,2,134,221
03/20/2003,HKS,MS,ASO,CE,Federal Contract Tower,0,8,24,0,32,0,0,29,0,29,0,8,53,0,61,60,0,60,121
03/21/2003,HKS,MS,ASO,CE,Federal Contract Tower,0,11,23,5,39,0,0,45,9,54,0,11,68,14,93,128,2,130,223
03/22/2003,HKS,MS,ASO,CE,Federal Contract Tower,0,0,9,9,18,0,0,34,8,42,0,0,43,17,60,112,6,118,178
03/23/2003,HKS,MS,ASO,CE,Federal Contract Tower,0,0,9,3,12,0,0,41,13,54,0,0,50,16,66,48,12,60,126
03/24/2003,HKS,MS,ASO,CE,Federal Contract Tower,0,12,19,2,33,0,0,59,6,65,0,12,78,8,98,216,4,220,318
03/25/2003,HKS,MS,ASO,CE,Federal Contract Tower,0,7,20,5,32,0,0,65,21,86,0,7,85,26,118,152,40,192,310
03/26/2003,HKS,MS,ASO,CE,Federal Contract Tower,0,10,28,2,40,0,0,6,0,6,0,10,34,2,46,10,0,10,56
03/27/2003,HKS,MS,ASO,CE,Federal Contract Tower,0,5,30,9,44,0,1,57,20,78,0,6,87,29,122,86,18,104,226
03/28/2003,HKS,MS,ASO,CE,Federal Contract Tower,0,10,35,2,47,0,1,53,11,65,0,11,88,13,112,146,2,148,260
03/29/2003,HKS,MS,ASO,CE,Federal Contract Tower,0,0,17,1,18,0,0,41,2,43,0,0,58,3,61,82,0,82,143
03/30/2003,HKS,MS,ASO,CE,Federal Contract Tower,0,0,10,2,12,0,0,59,0,59,0,0,69,2,71,52,0,52,123
03/31/2003,HKS,MS,ASO,CE,Federal Contract Tower,0,10,21,0,31,0,1,54,0,55,0,11,75,0,86,94,0,94,180
04/01/2003,HKS,MS,ASO,CE,Federal Contract Tower,0,6,26,0,32,0,1,67,9,77,0,7,93,9,109,120,2,122,231
04/02/2003,HKS,MS,ASO,CE,Federal Contract Tower,0,6,22,1,29,0,0,42,1,43,0,6,64,2,72,54,0,54,126
04/03/2003,HKS,MS,ASO,CE,Federal Contract Tower,0,7,13,3,23,0,1,57,17,75,0,8,70,20,98,96,8,104,202
04/04/2003,HKS,MS,ASO,CE,Federal Contract Tower,0,12,18,0,30,0,1,27,5,33,0,13,45,5,63,58,0,58,121
04/05/2003,HKS,MS,ASO,CE,Federal Contract Tower,0,0,12,0,12,0,0,14,1,15,0,0,26,1,27,16,0,16,43
04/06/2003,HKS,MS,ASO,CE,Federal Contract Tower,0,1,7,1,9,0,0,2,5,7,0,1,9,6,16,0,0,0,16
04/07/2003,HKS,MS,ASO,CE,Federal Contract Tower,0,10,15,1,26,0,3,17,0,20,0,13,32,1,46,44,0,44,90
04/08/2003,HKS,MS,ASO,CE,Federal Contract Tower,0,8,13,2,23,0,0,9,5,14,0,8,22,7,37,0,18,18,55
04/09/2003,HKS,MS,ASO,CE,Federal Contract Tower,0,5,20,2,27,0,0,16,7,23,0,5,36,9,50,4,0,4,54
04/10/2003,HKS,MS,ASO,CE,Federal Contract Tower,0,9,20,4,33,0,0,77,9,86,0,9,97,13,119,70,4,74,193
04/11/2003,HKS,MS,ASO,CE,Federal Contract Tower,0,10,21,1,32,0,2,83,16,101,0,12,104,17,133,90,12,102,235
04/12/2003,HKS,MS,ASO,CE,Federal Contract Tower,0,0,16,1,17,0,0,65,11,76,0,0,81,12,93,90,8,98,191
04/13/2003,HKS,MS,ASO,CE,Federal Contract Tower,0,0,16,0,16,0,0,40,4,44,0,0,56,4,60,118,2,120,180
04/14/2003,HKS,MS,ASO,CE,Federal Contract Tower,0,9,13,0,22,0,0,30,0,30,0,9,43,0,52,66,0,66,118
04/15/2003,HKS,MS,ASO,CE,Federal Contract Tower,0,7,9,4,20,0,0,38,7,45,0,7,47,11,65,73,20,93,158
04/16/2003,HKS,MS,ASO,CE,Federal Contract Tower,0,9,28,4,41,0,2,29,13,44,0,11,57,17,85,40,14,54,139
04/17/2003,HKS,MS,ASO,CE,Federal Contract Tower,0,8,21,3,32,0,0,76,29,105,0,8,97,32,137,58,10,68,205
04/18/2003,HKS,MS,ASO,CE,Federal Contract Tower,0,10,17,2,29,0,0,79,12,91,0,10,96,14,120,128,10,138,258
04/19/2003,HKS,MS,ASO,CE,Federal Contract Tower,0,0,6,0,6,0,0,62,0,62,0,0,68,0,68,74,0,74,142
04/20/2003,HKS,MS,ASO,CE,Federal Contract Tower,0,0,8,0,8,0,2,11,0,13,0,2,19,0,21,12,0,12,33
04/21/2003,HKS,MS,ASO,CE,Federal Contract Tower,0,11,22,5,38,0,0,36,8,44,0,11,58,13,82,82,14,96,178
04/22/2003,HKS,MS,ASO,CE,Federal Contract Tower,0,7,22,6,35,0,0,80,11,91,0,7,102,17,126,130,0,130,256
04/23/2003,HKS,MS,ASO,CE,Federal Contract Tower,0,11,15,1,27,0,0,58,16,74,0,11,73,17,101,108,24,132,233
04/24/2003,HKS,MS,ASO,CE,Federal Contract Tower,0,7,11,2,20,0,2,13,3,18,0,9,24,5,38,0,20,20,58
04/25/2003,HKS,MS,ASO,CE,Federal Contract Tower,0,8,21,2,31,0,3,44,0,47,0,11,65,2,78,116,0,116,194
04/26/2003,HKS,MS,ASO,CE,Federal Contract Tower,0,1,25,1,27,0,0,51,0,51,0,1,76,1,78,152,0,152,230
04/27/2003,HKS,MS,ASO,CE,Federal Contract Tower,0,0,23,0,23,0,0,31,0,31,0,0,54,0,54,122,0,122,176
04/28/2003,HKS,MS,ASO,CE,Federal Contract Tower,0,11,13,1,25,0,2,56,0,58,0,13,69,1,83,104,0,104,187
04/29/2003,HKS,MS,ASO,CE,Federal Contract Tower,0,7,18,6,31,0,0,62,11,73,0,7,80,17,104,152,2,154,258
04/30/2003,HKS,MS,ASO,CE,Federal Contract Tower,0,7,15,0,22,0,0,56,11,67,0,7,71,11,89,162,0,162,251
05/01/2003,HKS,MS,ASO,CE,Federal Contract Tower,0,8,15,1,24,0,0,48,12,60,0,8,63,13,84,128,6,134,218
05/02/2003,HKS,MS,ASO,CE,Federal Contract Tower,0,10,16,2,28,0,0,54,9,63,0,10,70,11,91,108,0,108,199
05/03/2003,HKS,MS,ASO,CE,Federal Contract Tower,0,0,8,1,9,0,0,45,11,56,0,0,53,12,65,162,0,162,227
05/04/2003,HKS,MS,ASO,CE,Federal Contract Tower,0,0,13,0,13,0,0,25,0,25,0,0,38,0,38,6,0,6,44
05/05/2003,HKS,MS,ASO,CE,Federal Contract Tower,0,12,16,1,29,0,0,16,0,16,0,12,32,1,45,0,0,0,45
05/06/2003,HKS,MS,ASO,CE,Federal Contract Tower,0,10,22,2,34,0,0,30,6,36,0,10,52,8,70,84,12,96,166
05/07/2003,HKS,MS,ASO,CE,Federal Contract Tower,0,8,20,0,28,0,1,32,12,45,0,9,52,12,73,8,46,54,127
05/08/2003,HKS,MS,ASO,CE,Federal Contract Tower,0,9,38,1,48,0,0,50,10,60,0,9,88,11,108,116,18,134,242
05/09/2003,HKS,MS,ASO,CE,Federal Contract Tower,0,14,12,0,26,0,1,52,7,60,0,15,64,7,86,132,0,132,218
05/10/2003,HKS,MS,ASO,CE,Federal Contract Tower,0,2,17,2,21,0,0,60,2,62,0,2,77,4,83,103,0,103,186
05/11/2003,HKS,MS,ASO,CE,Federal Contract Tower,0,0,5,0,5,0,0,30,1,31,0,0,35,1,36,58,0,58,94
05/12/2003,HKS,MS,ASO,CE,Federal Contract Tower,0,11,25,0,36,0,1,69,10,80,0,12,94,10,116,110,2,112,228
05/13/2003,HKS,MS,ASO,CE,Federal Contract Tower,0,9,32,0,41,0,0,44,13,57,0,9,76,13,98,58,0,58,156
05/14/2003,HKS,MS,ASO,CE,Federal Contract Tower,0,8,16,2,26,0,0,26,9,35,0,8,42,11,61,46,0,46,107
05/15/2003,HKS,MS,ASO,CE,Federal Contract Tower,0,7,23,1,31,0,3,41,9,53,0,10,64,10,84,98,0,98,182
05/16/2003,HKS,MS,ASO,CE,Federal Contract Tower,0,14,12,0,26,0,0,57,4,61,0,14,69,4,87,78,0,78,165
05/17/2003,HKS,MS,ASO,CE,Federal Contract Tower,0,0,6,0,6,0,0,4,0,4,0,0,10,0,10,0,0,0,10
05/18/2003,HKS,MS,ASO,CE,Federal Contract Tower,0,3,18,2,23,0,0,27,3,30,0,3,45,5,53,92,0,92,145
05/19/2003,HKS,MS,ASO,CE,Federal Contract Tower,0,7,17,2,26,0,3,33,4,40,0,10,50,6,66,70,0,70,136
05/20/2003,HKS,MS,ASO,CE,Federal Contract Tower,0,7,15,2,24,0,0,5,1,6,0,7,20,3,30,42,0,42,72
05/21/2003,HKS,MS,ASO,CE,Federal Contract Tower,0,7,42,2,51,0,1,5,1,7,0,8,47,3,58,6,0,6,64
05/22/2003,HKS,MS,ASO,CE,Federal Contract Tower,0,10,27,2,39,0,0,75,6,81,0,10,102,8,120,62,0,62,182
05/23/2003,HKS,MS,ASO,CE,Federal Contract Tower,0,16,27,3,46,0,0,83,8,91,0,16,110,11,137,170,0,170,307
05/24/2003,HKS,MS,ASO,CE,Federal Contract Tower,0,1,18,0,19,0,0,75,6,81,0,1,93,6,100,94,0,94,194
05/25/2003,HKS,MS,ASO,CE,Federal Contract Tower,0,2,10,0,12,0,0,28,0,28,0,2,38,0,40,40,0,40,80
05/26/2003,HKS,MS,ASO,CE,Federal Contract Tower,0,0,6,0,6,0,0,9,1,10,0,0,15,1,16,12,0,12,28
05/27/2003,HKS,MS,ASO,CE,Federal Contract Tower,0,12,45,1,58,0,3,38,6,47,0,15,83,7,105,106,0,106,211
05/28/2003,HKS,MS,ASO,CE,Federal Contract Tower,0,7,7,2,16,0,0,104,7,111,0,7,111,9,127,138,0,138,265
05/29/2003,HKS,MS,ASO,CE,Federal Contract Tower,0,6,16,0,22,0,2,67,21,90,0,8,83,21,112,68,6,74,186
05/30/2003,HKS,MS,ASO,CE,Federal Contract Tower,0,13,16,1,30,0,0,77,12,89,0,13,93,13,119,128,0,128,247
05/31/2003,HKS,MS,ASO,CE,Federal Contract Tower,0,0,15,0,15,0,0,57,0,57,0,0,72,0,72,74,0,74,146
06/01/2003,HKS,MS,ASO,CE,Federal Contract Tower,0,0,14,0,14,0,0,45,3,48,0,0,59,3,62,136,0,136,198
06/02/2003,HKS,MS,ASO,CE,Federal Contract Tower,0,9,12,2,23,0,3,36,3,42,0,12,48,5,65,32,0,32,97
06/03/2003,HKS,MS,ASO,CE,Federal Contract Tower,0,9,20,1,30,0,0,27,1,28,0,9,47,2,58,74,0,74,132
06/04/2003,HKS,MS,ASO,CE,Federal Contract Tower,0,9,19,0,28,0,1,51,12,64,0,10,70,12,92,152,0,152,244
06/05/2003,HKS,MS,ASO,CE,Federal Contract Tower,0,9,15,0,24,0,1,64,13,78,0,10,79,13,102,66,8,74,176
06/06/2003,HKS,MS,ASO,CE,Federal Contract Tower,0,13,20,0,33,0,0,31,6,37,0,13,51,6,70,22,12,34,104
06/07/2003,HKS,MS,ASO,CE,Federal Contract Tower,0,4,28,2,34,0,0,34,4,38,0,4,62,6,72,200,4,204,276
06/08/2003,HKS,MS,ASO,CE,Federal Contract Tower,0,0,12,1,13,0,0,49,0,49,0,0,61,1,62,60,12,72,134
06/09/2003,HKS,MS,ASO,CE,Federal Contract Tower,0,11,18,0,29,0,0,58,7,65,0,11,76,7,94,118,4,122,216
06/10/2003,HKS,MS,ASO,CE,Federal Contract Tower,0,9,25,1,35,0,0,58,5,63,0,9,83,6,98,64,0,64,162
06/11/2003,HKS,MS,ASO,CE,Federal Contract Tower,0,6,14,0,20,0,3,32,6,41,0,9,46,6,61,18,0,18,79
06/12/2003,HKS,MS,ASO,CE,Federal Contract Tower,0,6,12,0,18,0,1,12,0,13,0,7,24,0,31,12,0,12,43
06/13/2003,HKS,MS,ASO,CE,Federal Contract Tower,0,16,18,5,39,0,2,35,10,47,0,18,53,15,86,76,2,78,164
06/14/2003,HKS,MS,ASO,CE,Federal Contract Tower,0,2,6,1,9,0,0,9,0,9,0,2,15,1,18,32,0,32,50
06/15/2003,HKS,MS,ASO,CE,Federal Contract Tower,0,0,7,3,10,0,0,22,4,26,0,0,29,7,36,36,18,54,90
06/16/2003,HKS,MS,ASO,CE,Federal Contract Tower,0,11,17,2,30,0,0,25,4,29,0,11,42,6,59,100,2,102,161
06/17/2003,HKS,MS,ASO,CE,Federal Contract Tower,0,9,22,2,33,0,0,38,2,40,0,9,60,4,73,66,0,66,139
06/18/2003,HKS,MS,ASO,CE,Federal Contract Tower,0,8,26,2,36,0,2,38,18,58,0,10,64,20,94,98,22,120,214
06/19/2003,HKS,MS,ASO,CE,Federal Contract Tower,0,10,20,4,34,0,0,39,8,47,0,10,59,12,81,74,8,82,163
06/20/2003,HKS,MS,ASO,CE,Federal Contract Tower,0,16,16,1,33,0,0,42,8,50,0,16,58,9,83,78,6,84,167
06/21/2003,HKS,MS,ASO,CE,Federal Contract Tower,0,0,7,4,11,0,0,78,2,80,0,0,85,6,91,104,0,104,195
06/22/2003,HKS,MS,ASO,CE,Federal Contract Tower,0,0,9,0,9,0,0,54,0,54,0,0,63,0,63,44,0,44,107
06/23/2003,HKS,MS,ASO,CE,Federal Contract Tower,0,11,20,5,36,0,0,42,10,52,0,11,62,15,88,134,0,134,222
06/24/2003,HKS,MS,ASO,CE,Federal Contract Tower,0,9,22,0,31,0,1,56,7,64,0,10,78,7,95,188,34,222,317
06/25/2003,HKS,MS,ASO,CE,Federal Contract Tower,0,12,36,2,50,0,1,35,8,44,0,13,71,10,94,104,6,110,204
06/26/2003,HKS,MS,ASO,CE,Federal Contract Tower,0,9,33,7,49,0,3,36,14,53,0,12,69,21,102,176,10,186,288
06/27/2003,HKS,MS,ASO,CE,Federal Contract Tower,0,15,18,0,33,0,0,27,3,30,0,15,45,3,63,120,0,120,183
06/28/2003,HKS,MS,ASO,CE,Federal Contract Tower,0,0,17,0,17,0,0,34,0,34,0,0,51,0,51,126,0,126,177
06/29/2003,HKS,MS,ASO,CE,Federal Contract Tower,0,3,10,0,13,0,1,26,0,27,0,4,36,0,40,76,0,76,116
06/30/2003,HKS,MS,ASO,CE,Federal Contract Tower,0,11,20,2,33,0,1,7,0,8,0,12,27,2,41,24,0,24,65
07/01/2003,HKS,MS,ASO,CE,Federal Contract Tower,0,8,13,4,25,0,2,25,8,35,0,10,38,12,60,96,14,110,170
07/02/2003,HKS,MS,ASO,CE,Federal Contract Tower,0,9,11,1,21,0,1,39,7,47,0,10,50,8,68,54,0,54,122
07/03/2003,HKS,MS,ASO,CE,Federal Contract Tower,0,10,22,0,32,0,1,63,8,72,0,11,85,8,104,138,0,138,242
07/04/2003,HKS,MS,ASO,CE,Federal Contract Tower,0,0,10,0,10,0,0,13,0,13,0,0,23,0,23,8,0,8,31
07/05/2003,HKS,MS,ASO,CE,Federal Contract Tower,0,0,14,0,14,0,0,14,0,14,0,0,28,0,28,82,0,82,110
07/06/2003,HKS,MS,ASO,CE,Federal Contract Tower,0,0,18,0,18,0,0,33,1,34,0,0,51,1,52,124,0,124,176
07/07/2003,HKS,MS,ASO,CE,Federal Contract Tower,0,8,26,2,36,0,5,24,0,29,0,13,50,2,65,56,0,56,121
07/08/2003,HKS,MS,ASO,CE,Federal Contract Tower,0,20,23,2,45,0,1,21,0,22,0,21,44,2,67,28,0,28,95
07/09/2003,HKS,MS,ASO,CE,Federal Contract Tower,0,14,32,4,50,0,1,43,6,50,0,15,75,10,100,80,0,80,180
07/10/2003,HKS,MS,ASO,CE,Federal Contract Tower,0,19,11,0,30,0,0,34,6,40,0,19,45,6,70,104,20,124,194
07/11/2003,HKS,MS,ASO,CE,Federal Contract Tower,0,21,23,2,46,0,0,54,12,66,0,21,77,14,112,124,16,140,252
07/12/2003,HKS,MS,ASO,CE,Federal Contract Tower,0,6,20,1,27,0,0,78,9,87,0,6,98,10,114,114,0,114,228
07/13/2003,HKS,MS,ASO,CE,Federal Contract Tower,0,0,13,0,13,0,0,46,10,56,0,0,59,10,69,110,0,110,179
07/14/2003,HKS,MS,ASO,CE,Federal Contract Tower,0,13,16,2,31,0,0,57,10,67,0,13,73,12,98,162,0,162,260
07/15/2003,HKS,MS,ASO,CE,Federal Contract Tower,0,10,30,3,43,0,0,60,10,70,0,10,90,13,113,148,4,152,265
07/16/2003,HKS,MS,ASO,CE,Federal Contract Tower,0,11,19,0,30,0,1,53,8,62,0,12,72,8,92,176,0,176,268
07/17/2003,HKS,MS,ASO,CE,Federal Contract Tower,0,12,23,5,40,0,0,55,10,65,0,12,78,15,105,66,4,70,175
07/18/2003,HKS,MS,ASO,CE,Federal Contract Tower,0,13,16,2,31,0,0,61,7,68,0,13,77,9,99,88,4,92,191
07/19/2003,HKS,MS,ASO,CE,Federal Contract Tower,0,2,10,2,14,0,0,57,1,58,0,2,67,3,72,136,0,136,208
07/20/2003,HKS,MS,ASO,CE,Federal Contract Tower,0,0,27,0,27,0,0,27,2,29,0,0,54,2,56,82,0,82,138
07/21/2003,HKS,MS,ASO,CE,Federal Contract Tower,0,11,16,4,31,0,1,51,4,56,0,12,67,8,87,70,0,70,157
07/22/2003,HKS,MS,ASO,CE,Federal Contract Tower,0,16,22,1,39,0,0,45,6,51,0,16,67,7,90,122,0,122,212
07/23/2003,HKS,MS,ASO,CE,Federal Contract Tower,0,15,27,3,45,0,1,36,20,57,0,16,63,23,102,78,26,104,206
07/24/2003,HKS,MS,ASO,CE,Federal Contract Tower,0,13,17,4,34,0,0,68,6,74,0,13,85,10,108,160,0,160,268
07/25/2003,HKS,MS,ASO,CE,Federal Contract Tower,0,14,19,4,37,0,0,52,7,59,0,14,71,11,96,136,0,136,232
07/26/2003,HKS,MS,ASO,CE,Federal Contract Tower,0,0,21,4,25,0,0,58,8,66,0,0,79,12,91,94,0,94,185
07/27/2003,HKS,MS,ASO,CE,Federal Contract Tower,0,0,13,5,18,0,0,59,9,68,0,0,72,14,86,82,28,110,196
07/28/2003,HKS,MS,ASO,CE,Federal Contract Tower,0,11,6,0,17,0,3,67,7,77,0,14,73,7,94,94,0,94,188
07/29/2003,HKS,MS,ASO,CE,Federal Contract Tower,0,15,11,7,33,0,0,51,31,82,0,15,62,38,115,68,48,116,231
07/30/2003,HKS,MS,ASO,CE,Federal Contract Tower,0,12,19,0,31,0,1,43,23,67,0,13,62,23,98,94,8,102,200
07/31/2003,HKS,MS,ASO,CE,Federal Contract Tower,0,11,21,2,34,0,0,53,13,66,0,11,74,15,100,76,24,100,200
08/01/2003,HKS,MS,ASO,CE,Federal Contract Tower,0,16,18,0,34,0,0,66,7,73,0,16,84,7,107,126,0,126,233
08/02/2003,HKS,MS,ASO,CE,Federal Contract Tower,0,2,12,0,14,0,0,68,4,72,0,2,80,4,86,102,10,112,198
08/03/2003,HKS,MS,ASO,CE,Federal Contract Tower,0,4,10,2,16,0,1,22,8,31,0,5,32,10,47,54,2,56,103
08/04/2003,HKS,MS,ASO,CE,Federal Contract Tower,0,15,25,1,41,0,0,63,0,63,0,15,88,1,104,168,0,168,272
08/05/2003,HKS,MS,ASO,CE,Federal Contract Tower,0,13,16,1,30,0,0,48,6,54,0,13,64,7,84,80,28,108,192
08/06/2003,HKS,MS,ASO,CE,Federal Contract Tower,0,18,19,2,39,0,0,50,16,66,0,18,69,18,105,138,20,158,263
08/07/2003,HKS,MS,ASO,CE,Federal Contract Tower,0,12,16,2,30,0,0,45,5,50,0,12,61,7,80,78,0,78,158
08/08/2003,HKS,MS,ASO,CE,Federal Contract Tower,0,18,12,1,31,0,0,62,6,68,0,18,74,7,99,118,2,120,219
08/09/2003,HKS,MS,ASO,CE,Federal Contract Tower,0,1,13,3,17,0,0,57,15,72,0,1,70,18,89,154,42,196,285
08/10/2003,HKS,MS,ASO,CE,Federal Contract Tower,0,3,10,1,14,0,0,64,1,65,0,3,74,2,79,100,0,100,179
08/11/2003,HKS,MS,ASO,CE,Federal Contract Tower,0,10,19,2,31,0,2,47,9,58,0,12,66,11,89,76,0,76,165
08/12/2003,HKS,MS,ASO,CE,Federal Contract Tower,0,9,17,5,31,0,0,18,9,27,0,9,35,14,58,2,20,22,80
08/13/2003,HKS,MS,ASO,CE,Federal Contract Tower,0,14,15,4,33,0,0,32,7,39,0,14,47,11,72,36,0,36,108
08/14/2003,HKS,MS,ASO,CE,Federal Contract Tower,0,16,32,7,55,0,0,64,19,83,0,16,96,26,138,120,19,139,277
08/15/2003,HKS,MS,ASO,CE,Federal Contract Tower,0,17,17,0,34,0,5,69,12,86,0,22,86,12,120,124,0,124,244
08/16/2003,HKS,MS,ASO,CE,Federal Contract Tower,0,0,19,0,19,0,0,63,1,64,0,0,82,1,83,142,0,142,225
08/17/2003,HKS,MS,ASO,CE,Federal Contract Tower,0,0,8,0,8,0,0,49,0,49,0,0,57,0,57,96,0,96,153
08/18/2003,HKS,MS,ASO,CE,Federal Contract Tower,0,15,5,2,22,0,5,41,4,50,0,20,46,6,72,52,0,52,124
08/19/2003,HKS,MS,ASO,CE,Federal Contract Tower,0,11,25,1,37,0,0,28,3,31,0,11,53,4,68,80,14,94,162
08/20/2003,HKS,MS,ASO,CE,Federal Contract Tower,0,18,18,8,44,0,1,38,11,50,0,19,56,19,94,142,42,184,278
08/21/2003,HKS,MS,ASO,CE,Federal Contract Tower,0,7,13,3,23,0,0,61,9,70,0,7,74,12,93,116,0,116,209
08/22/2003,HKS,MS,ASO,CE,Federal Contract Tower,0,17,13,1,31,0,3,67,21,91,0,20,80,22,122,94,4,98,220
08/23/2003,HKS,MS,ASO,CE,Federal Contract Tower,0,0,11,5,16,0,0,77,13,90,0,0,88,18,106,128,2,130,236
08/24/2003,HKS,MS,ASO,CE,Federal Contract Tower,0,1,15,1,17,0,1,53,8,62,0,2,68,9,79,118,8,126,205
08/25/2003,HKS,MS,ASO,CE,Federal Contract Tower,0,13,20,2,35,0,2,46,3,51,0,15,66,5,86,136,0,136,222
08/26/2003,HKS,MS,ASO,CE,Federal Contract Tower,0,16,33,0,49,0,0,71,14,85,0,16,104,14,134,58,0,58,192
08/27/2003,HKS,MS,ASO,CE,Federal Contract Tower,0,19,13,2,34,0,0,35,2,37,0,19,48,4,71,108,0,108,179
08/28/2003,HKS,MS,ASO,CE,Federal Contract Tower,0,26,12,2,40,0,1,55,10,66,0,27,67,12,106,80,10,90,196
08/29/2003,HKS,MS,ASO,CE,Federal Contract Tower,0,14,15,0,29,0,2,57,6,65,0,16,72,6,94,118,0,118,212
08/30/2003,HKS,MS,ASO,CE,Federal Contract Tower,0,1,12,0,13,0,0,41,0,41,0,1,53,0,54,192,2,194,248
08/31/2003,HKS,MS,ASO,CE,Federal Contract Tower,0,0,1,0,1,0,0,5,0,5,0,0,6,0,6,10,0,10,16
09/01/2003,HKS,MS,ASO,CE,Federal Contract Tower,0,2,11,0,13,0,0,18,0,18,0,2,29,0,31,28,0,28,59
09/02/2003,HKS,MS,ASO,CE,Federal Contract Tower,0,22,20,0,42,0,2,34,6,42,0,24,54,6,84,56,0,56,140
09/03/2003,HKS,MS,ASO,CE,Federal Contract Tower,0,13,13,3,29,0,0,34,25,59,0,13,47,28,88,140,14,154,242
09/04/2003,HKS,MS,ASO,CE,Federal Contract Tower,0,17,16,2,35,0,2,59,6,67,0,19,75,8,102,122,8,130,232
09/05/2003,HKS,MS,ASO,CE,Federal Contract Tower,0,21,28,4,53,0,0,73,21,94,0,21,101,25,147,82,2,84,231
09/06/2003,HKS,MS,ASO,CE,Federal Contract Tower,0,4,19,2,25,0,1,59,15,75,0,5,78,17,100,110,4,114,214
09/07/2003,HKS,MS,ASO,CE,Federal Contract Tower,0,0,13,0,13,0,0,26,5,31,0,0,39,5,44,56,8,64,108
09/08/2003,HKS,MS,ASO,CE,Federal Contract Tower,0,23,21,3,47,0,1,45,7,53,0,24,66,10,100,122,4,126,226
09/09/2003,HKS,MS,ASO,CE,Federal Contract Tower,0,25,34,0,59,0,0,62,13,75,0,25,96,13,134,166,2,168,302
09/10/2003,HKS,MS,ASO,CE,Federal Contract Tower,0,27,41,0,68,0,3,60,1,64,0,30,101,1,132,94,0,94,226
09/11/2003,HKS,MS,ASO,CE,Federal Contract Tower,0,25,26,4,55,0,0,37,7,44,0,25,63,11,99,58,0,58,157
09/12/2003,HKS,MS,ASO,CE,Federal Contract Tower,0,15,17,2,34,0,0,24,10,34,0,15,41,12,68,24,12,36,104
09/13/2003,HKS,MS,ASO,CE,Federal Contract Tower,0,1,5,2,8,0,0,50,12,62,0,1,55,14,70,104,14,118,188
09/14/2003,HKS,MS,ASO,CE,Federal Contract Tower,0,1,17,2,20,0,0,60,5,65,0,1,77,7,85,118,0,118,203
09/15/2003,HKS,MS,ASO,CE,Federal Contract Tower,0,22,21,0,43,0,0,45,2,47,0,22,66,2,90,112,0,112,202
09/16/2003,HKS,MS,ASO,CE,Federal Contract Tower,0,17,32,3,52,0,0,68,5,73,0,17,100,8,125,100,8,108,233
09/17/2003,HKS,MS,ASO,CE,Federal Contract Tower,0,16,27,0,43,0,2,60,7,69,0,18,87,7,112,174,10,184,296
09/18/2003,HKS,MS,ASO,CE,Federal Contract Tower,0,16,33,3,52,0,4,66,8,78,0,20,99,11,130,116,0,116,246
09/19/2003,HKS,MS,ASO,CE,Federal Contract Tower,0,19,15,1,35,0,2,62,29,93,0,21,77,30,128,106,2,108,236
09/20/2003,HKS,MS,ASO,CE,Federal Contract Tower,0,2,25,1,28,0,0,80,7,87,0,2,105,8,115,116,0,116,231
09/21/2003,HKS,MS,ASO,CE,Federal Contract Tower,0,2,17,0,19,0,0,1,0,1,0,2,18,0,20,20,0,20,40
09/22/2003,HKS,MS,ASO,CE,Federal Contract Tower,0,15,21,0,36,0,0,21,5,26,0,15,42,5,62,62,0,62,124
09/23/2003,HKS,MS,ASO,CE,Federal Contract Tower,0,14,15,2,31,0,0,63,8,71,0,14,78,10,102,230,14,244,346
09/24/2003,HKS,MS,ASO,CE,Federal Contract Tower,0,12,24,2,38,0,3,66,16,85,0,15,90,18,123,104,0,104,227
09/25/2003,HKS,MS,ASO,CE,Federal Contract Tower,0,13,34,2,49,0,0,80,15,95,0,13,114,17,144,122,8,130,274
09/26/2003,HKS,MS,ASO,CE,Federal Contract Tower,0,19,28,3,50,0,2,47,2,51,0,21,75,5,101,114,0,114,215
09/27/2003,HKS,MS,ASO,CE,Federal Contract Tower,0,3,19,0,22,0,0,64,1,65,0,3,83,1,87,186,0,186,273
09/28/2003,HKS,MS,ASO,CE,Federal Contract Tower,0,4,16,0,20,0,0,56,0,56,0,4,72,0,76,44,0,44,120
09/29/2003,HKS,MS,ASO,CE,Federal Contract Tower,0,27,31,4,62,0,1,53,4,58,0,28,84,8,120,128,0,128,248
09/30/2003,HKS,MS,ASO,CE,Federal Contract Tower,0,18,18,0,36,0,0,44,8,52,0,18,62,8,88,108,16,124,212
10/01/2003,HKS,MS,ASO,CE,Federal Contract Tower,0,14,30,2,46,0,0,46,10,56,0,14,76,12,102,44,4,48,150
10/02/2003,HKS,MS,ASO,CE,Federal Contract Tower,0,13,22,2,37,0,0,61,13,74,0,13,83,15,111,110,0,110,221
10/03/2003,HKS,MS,ASO,CE,Federal Contract Tower,0,13,21,2,36,0,2,95,0,97,0,15,116,2,133,134,0,134,267
10/04/2003,HKS,MS,ASO,CE,Federal Contract Tower,0,2,8,1,11,0,0,84,5,89,0,2,92,6,100,190,0,190,290
10/05/2003,HKS,MS,ASO,CE,Federal Contract Tower,0,2,10,1,13,0,0,42,5,47,0,2,52,6,60,96,0,96,156
10/06/2003,HKS,MS,ASO,CE,Federal Contract Tower,0,9,12,0,21,0,4,19,0,23,0,13,31,0,44,10,0,10,54
10/07/2003,HKS,MS,ASO,CE,Federal Contract Tower,0,18,27,2,47,0,1,36,0,37,0,19,63,2,84,88,0,88,172
10/08/2003,HKS,MS,ASO,CE,Federal Contract Tower,0,16,28,2,46,0,0,29,9,38,0,16,57,11,84,64,10,74,158
10/09/2003,HKS,MS,ASO,CE,Federal Contract Tower,0,18,27,2,47,0,0,7,15,22,0,18,34,17,69,85,28,113,182
10/10/2003,HKS,MS,ASO,CE,Federal Contract Tower,0,17,27,0,44,0,0,20,0,20,0,17,47,0,64,52,0,52,116
10/11/2003,HKS,MS,ASO,CE,Federal Contract Tower,0,5,11,0,16,0,0,29,0,29,0,5,40,0,45,190,0,190,235
10/12/2003,HKS,MS,ASO,CE,Federal Contract Tower,0,2,12,0,14,0,0,45,0,45,0,2,57,0,59,96,0,96,155
10/13/2003,HKS,MS,ASO,CE,Federal Contract Tower,0,12,18,0,30,0,0,65,0,65,0,12,83,0,95,98,0,98,193
10/14/2003,HKS,MS,ASO,CE,Federal Contract Tower,0,15,23,2,40,0,8,27,8,43,0,23,50,10,83,78,2,80,163
10/15/2003,HKS,MS,ASO,CE,Federal Contract Tower,0,13,21,2,36,0,4,43,18,65,0,17,64,20,101,124,10,134,235
10/16/2003,HKS,MS,ASO,CE,Federal Contract Tower,0,17,27,2,46,0,7,57,7,71,0,24,84,9,117,134,0,134,251
10/17/2003,HKS,MS,ASO,CE,Federal Contract Tower,0,12,20,1,33,0,7,34,6,47,0,19,54,7,80,56,18,74,154
10/18/2003,HKS,MS,ASO,CE,Federal Contract Tower,0,1,13,0,14,0,0,42,2,44,0,1,55,2,58,110,0,110,168
10/19/2003,HKS,MS,ASO,CE,Federal Contract Tower,0,1,13,0,14,0,0,65,4,69,0,1,78,4,83,104,2,106,189
10/20/2003,HKS,MS,ASO,CE,Federal Contract Tower,0,13,22,1,36,0,0,42,5,47,0,13,64,6,83,92,0,92,175
10/21/2003,HKS,MS,ASO,CE,Federal Contract Tower,0,12,32,1,45,0,0,65,21,86,0,12,97,22,131,126,14,140,271
10/22/2003,HKS,MS,ASO,CE,Federal Contract Tower,0,19,29,1,49,0,11,66,10,87,0,30,95,11,136,134,0,134,270
10/23/2003,HKS,MS,ASO,CE,Federal Contract Tower,0,19,30,1,50,0,8,69,3,80,0,27,99,4,130,155,0,155,285
10/24/2003,HKS,MS,ASO,CE,Federal Contract Tower,0,14,22,1,37,0,4,62,7,73,0,18,84,8,110,128,4,132,242
10/25/2003,HKS,MS,ASO,CE,Federal Contract Tower,0,6,25,1,32,0,0,73,8,81,0,6,98,9,113,78,0,78,191
10/26/2003,HKS,MS,ASO,CE,Federal Contract Tower,0,1,10,0,11,0,0,1,3,4,0,1,11,3,15,2,0,2,17
10/27/2003,HKS,MS,ASO,CE,Federal Contract Tower,0,16,25,1,42,0,3,37,3,43,0,19,62,4,85,38,6,44,129
10/28/2003,HKS,MS,ASO,CE,Federal Contract Tower,0,20,34,2,56,0,2,71,6,79,0,22,105,8,135,118,16,134,269
10/29/2003,HKS,MS,ASO,CE,Federal Contract Tower,0,20,34,2,56,0,10,47,9,66,0,30,81,11,122,142,0,142,264
10/30/2003,HKS,MS,ASO,CE,Federal Contract Tower,0,23,36,2,61,0,5,49,8,62,0,28,85,10,123,120,0,120,243
10/31/2003,HKS,MS,ASO,CE,Federal Contract Tower,0,21,35,2,58,0,6,43,8,57,0,27,78,10,115,132,0,132,247
11/01/2003,HKS,MS,ASO,CE,Federal Contract Tower,0,5,11,2,18,0,4,29,4,37,0,9,40,6,55,84,0,84,139
11/02/2003,HKS,MS,ASO,CE,Federal Contract Tower,0,7,18,2,27,0,0,55,6,61,0,7,73,8,88,54,0,54,142
11/03/2003,HKS,MS,ASO,CE,Federal Contract Tower,0,13,22,3,38,0,6,43,8,57,0,19,65,11,95,44,2,46,141
11/04/2003,HKS,MS,ASO,CE,Federal Contract Tower,0,18,31,4,53,0,7,73,4,84,0,25,104,8,137,158,0,158,295
11/05/2003,HKS,MS,ASO,CE,Federal Contract Tower,0,16,29,3,48,0,0,58,4,62,0,16,87,7,110,70,0,70,180
11/06/2003,HKS,MS,ASO,CE,Federal Contract Tower,0,13,23,3,39,0,4,36,4,44,0,17,59,7,83,64,0,64,147
11/07/2003,HKS,MS,ASO,CE,Federal Contract Tower,0,20,36,5,61,0,0,0,6,6,0,20,36,11,67,2,4,6,73
11/08/2003,HKS,MS,ASO,CE,Federal Contract Tower,0,4,21,3,28,0,0,64,2,66,0,4,85,5,94,164,0,164,258
11/09/2003,HKS,MS,ASO,CE,Federal Contract Tower,0,4,15,2,21,0,0,54,8,62,0,4,69,10,83,134,12,146,229
11/10/2003,HKS,MS,ASO,CE,Federal Contract Tower,0,11,21,0,32,0,2,26,0,28,0,13,47,0,60,48,0,48,108
11/11/2003,HKS,MS,ASO,CE,Federal Contract Tower,0,7,16,2,25,0,0,65,4,69,0,7,81,6,94,114,8,122,216
11/12/2003,HKS,MS,ASO,CE,Federal Contract Tower,0,15,26,3,44,0,1,33,17,51,0,16,59,20,95,78,8,86,181
11/13/2003,HKS,MS,ASO,CE,Federal Contract Tower,0,16,28,3,47,0,1,54,36,91,0,17,82,39,138,50,14,64,202
11/14/2003,HKS,MS,ASO,CE,Federal Contract Tower,0,16,31,3,50,0,2,50,7,59,0,18,81,10,109,52,0,52,161
11/15/2003,HKS,MS,ASO,CE,Federal Contract Tower,0,0,13,1,14,0,0,103,22,125,0,0,116,23,139,270,0,270,409
11/16/2003,HKS,MS,ASO,CE,Federal Contract Tower,0,1,18,1,20,0,0,10,1,11,0,1,28,2,31,14,0,14,45
11/17/2003,HKS,MS,ASO,CE,Federal Contract Tower,0,12,24,2,38,0,2,13,4,19,0,14,37,6,57,14,22,36,93
11/18/2003,HKS,MS,ASO,CE,Federal Contract Tower,0,11,15,1,27,0,10,0,16,26,0,21,15,17,53,0,52,52,105
11/19/2003,HKS,MS,ASO,CE,Federal Contract Tower,0,14,30,2,46,0,0,30,21,51,0,14,60,23,97,64,24,88,185
11/20/2003,HKS,MS,ASO,CE,Federal Contract Tower,0,14,27,2,43,0,6,53,10,69,0,20,80,12,112,108,2,110,222
11/21/2003,HKS,MS,ASO,CE,Federal Contract Tower,0,13,24,2,39,0,2,43,26,71,0,15,67,28,110,54,40,94,204
11/22/2003,HKS,MS,ASO,CE,Federal Contract Tower,0,7,16,1,24,0,0,50,3,53,0,7,66,4,77,152,0,152,229
11/23/2003,HKS,MS,ASO,CE,Federal Contract Tower,0,1,11,1,13,0,0,29,7,36,0,1,40,8,49,68,0,68,117
11/24/2003,HKS,MS,ASO,CE,Federal Contract Tower,0,13,24,2,39,0,2,40,0,42,0,15,64,2,81,38,0,38,119
11/25/2003,HKS,MS,ASO,CE,Federal Contract Tower,0,11,21,1,33,0,3,64,2,69,0,14,85,3,102,162,0,162,264
11/26/2003,HKS,MS,ASO,CE,Federal Contract Tower,0,13,25,0,38,0,5,32,0,37,0,18,57,0,75,72,0,72,147
11/27/2003,HKS,MS,ASO,CE,Federal Contract Tower,0,0,2,0,2,0,0,0,0,0,0,0,2,0,2,0,0,0,2
11/28/2003,HKS,MS,ASO,CE,Federal Contract Tower,0,7,14,0,21,0,8,43,0,51,0,15,57,0,72,36,0,36,108
11/29/2003,HKS,MS,ASO,CE,Federal Contract Tower,0,3,6,0,9,0,0,67,0,67,0,3,73,0,76,124,0,124,200
11/30/2003,HKS,MS,ASO,CE,Federal Contract Tower,0,1,11,0,12,0,0,69,0,69,0,1,80,0,81,148,0,148,229
12/01/2003,HKS,MS,ASO,CE,Federal Contract Tower,0,12,17,2,31,0,1,39,4,44,0,13,56,6,75,116,10,126,201
12/02/2003,HKS,MS,ASO,CE,Federal Contract Tower,0,15,29,3,47,0,0,59,11,70,0,15,88,14,117,54,18,72,189
12/03/2003,HKS,MS,ASO,CE,Federal Contract Tower,0,11,16,2,29,0,1,31,6,38,0,12,47,8,67,112,4,116,183
12/04/2003,HKS,MS,ASO,CE,Federal Contract Tower,0,13,13,2,28,0,5,0,10,15,0,18,13,12,43,0,0,0,43
12/05/2003,HKS,MS,ASO,CE,Federal Contract Tower,0,20,23,2,45,0,6,22,3,31,0,26,45,5,76,58,6,64,140
12/06/2003,HKS,MS,ASO,CE,Federal Contract Tower,0,7,8,1,16,0,1,17,4,22,0,8,25,5,38,172,0,172,210
12/07/2003,HKS,MS,ASO,CE,Federal Contract Tower,0,1,7,1,9,0,0,45,8,53,0,1,52,9,62,76,0,76,138
12/08/2003,HKS,MS,ASO,CE,Federal Contract Tower,0,21,25,2,48,0,4,33,2,39,0,25,58,4,87,80,0,80,167
12/09/2003,HKS,MS,ASO,CE,Federal Contract Tower,0,24,32,3,59,0,0,25,15,40,0,24,57,18,99,52,22,74,173
12/10/2003,HKS,MS,ASO,CE,Federal Contract Tower,0,15,18,2,35,0,11,12,14,37,0,26,30,16,72,4,64,68,140
12/11/2003,HKS,MS,ASO,CE,Federal Contract Tower,0,24,33,3,60,0,0,52,17,69,0,24,85,20,129,92,42,134,263
12/12/2003,HKS,MS,ASO,CE,Federal Contract Tower,0,24,29,3,56,0,4,29,0,33,0,28,58,3,89,118,30,148,237
12/13/2003,HKS,MS,ASO,CE,Federal Contract Tower,0,6,11,0,17,0,0,2,0,2,0,6,13,0,19,6,0,6,25
12/14/2003,HKS,MS,ASO,CE,Federal Contract Tower,0,1,7,1,9,0,0,55,4,59,0,1,62,5,68,98,0,98,166
12/15/2003,HKS,MS,ASO,CE,Federal Contract Tower,0,23,28,3,54,0,9,28,4,41,0,32,56,7,95,102,0,102,197
12/16/2003,HKS,MS,ASO,CE,Federal Contract Tower,0,20,25,2,47,0,0,18,18,36,0,20,43,20,83,36,16,52,135
12/17/2003,HKS,MS,ASO,CE,Federal Contract Tower,0,15,20,1,36,0,6,60,3,69,0,21,80,4,105,92,0,92,197
12/18/2003,HKS,MS,ASO,CE,Federal Contract Tower,0,19,24,1,44,0,5,65,5,75,0,24,89,6,119,88,0,88,207
12/19/2003,HKS,MS,ASO,CE,Federal Contract Tower,0,16,24,1,41,0,0,80,13,93,0,16,104,14,134,46,8,54,188
12/20/2003,HKS,MS,ASO,CE,Federal Contract Tower,0,4,11,0,15,0,0,70,2,72,0,4,81,2,87,196,2,198,285
12/21/2003,HKS,MS,ASO,CE,Federal Contract Tower,0,3,11,0,14,0,0,64,0,64,0,3,75,0,78,74,0,74,152
12/22/2003,HKS,MS,ASO,CE,Federal Contract Tower,0,15,19,0,34,0,10,30,0,40,0,25,49,0,74,106,0,106,180
12/23/2003,HKS,MS,ASO,CE,Federal Contract Tower,0,11,10,0,21,0,4,0,0,4,0,15,10,0,25,0,0,0,25
12/24/2003,HKS,MS,ASO,CE,Federal Contract Tower,0,9,11,0,20,0,2,58,0,60,0,11,69,0,80,88,0,88,168
12/25/2003,HKS,MS,ASO,CE,Federal Contract Tower,0,0,1,0,1,0,0,17,0,17,0,0,18,0,18,10,0,10,28
12/26/2003,HKS,MS,ASO,CE,Federal Contract Tower,0,13,18,0,31,0,0,66,0,66,0,13,84,0,97,144,0,144,241
12/27/2003,HKS,MS,ASO,CE,Federal Contract Tower,0,0,8,0,8,0,0,78,0,78,0,0,86,0,86,148,0,148,234
12/28/2003,HKS,MS,ASO,CE,Federal Contract Tower,0,0,11,0,11,0,0,33,2,35,0,0,44,2,46,108,0,108,154
12/29/2003,HKS,MS,ASO,CE,Federal Contract Tower,0,7,4,0,11,0,6,0,0,6,0,13,4,0,17,0,0,0,17
12/30/2003,HKS,MS,ASO,CE,Federal Contract Tower,0,11,13,0,24,0,0,67,11,78,0,11,80,11,102,128,0,128,230
12/31/2003,HKS,MS,ASO,CE,Federal Contract Tower,0,10,13,0,23,0,5,54,2,61,0,15,67,2,84,168,0,168,252
01/01/2004,HKS,MS,ASO,CE,Federal Contract Tower,0,0,6,0,6,0,0,29,0,29,0,0,35,0,35,104,0,104,139
01/02/2004,HKS,MS,ASO,CE,Federal Contract Tower,0,11,19,0,30,0,3,18,0,21,0,14,37,0,51,30,0,30,81
01/03/2004,HKS,MS,ASO,CE,Federal Contract Tower,0,1,21,2,24,0,0,38,2,40,0,1,59,4,64,132,0,132,196
01/04/2004,HKS,MS,ASO,CE,Federal Contract Tower,0,3,13,0,16,0,0,25,0,25,0,3,38,0,41,50,0,50,91
01/05/2004,HKS,MS,ASO,CE,Federal Contract Tower,0,15,16,0,31,0,16,0,0,16,0,31,16,0,47,22,0,22,69
01/06/2004,HKS,MS,ASO,CE,Federal Contract Tower,0,13,22,3,38,0,1,20,2,23,0,14,42,5,61,106,2,108,169
01/07/2004,HKS,MS,ASO,CE,Federal Contract Tower,0,13,23,3,39,0,4,50,10,64,0,17,73,13,103,84,4,88,191
01/08/2004,HKS,MS,ASO,CE,Federal Contract Tower,0,16,27,4,47,0,2,0,0,2,0,18,27,4,49,8,0,8,57
01/09/2004,HKS,MS,ASO,CE,Federal Contract Tower,0,16,33,4,53,0,0,23,9,32,0,16,56,13,85,68,0,68,153
01/10/2004,HKS,MS,ASO,CE,Federal Contract Tower,0,0,5,0,5,0,0,61,11,72,0,0,66,11,77,152,0,152,229
01/11/2004,HKS,MS,ASO,CE,Federal Contract Tower,0,0,7,0,7,0,0,49,7,56,0,0,56,7,63,118,12,130,193
01/12/2004,HKS,MS,ASO,CE,Federal Contract Tower,0,13,24,2,39,0,3,49,6,58,0,16,73,8,97,130,12,142,239
01/13/2004,HKS,MS,ASO,CE,Federal Contract Tower,0,16,27,2,45,0,0,34,6,40,0,16,61,8,85,56,2,58,143
01/14/2004,HKS,MS,ASO,CE,Federal Contract Tower,0,8,15,1,24,0,6,28,6,40,0,14,43,7,64,86,0,86,150
01/15/2004,HKS,MS,ASO,CE,Federal Contract Tower,0,14,32,2,48,0,0,60,6,66,0,14,92,8,114,110,0,110,224
01/16/2004,HKS,MS,ASO,CE,Federal Contract Tower,0,13,25,0,38,0,5,49,0,54,0,18,74,0,92,108,0,108,200
01/17/2004,HKS,MS,ASO,CE,Federal Contract Tower,0,0,4,0,4,0,0,1,0,1,0,0,5,0,5,4,0,4,9
01/18/2004,HKS,MS,ASO,CE,Federal Contract Tower,0,2,13,0,15,0,0,2,0,2,0,2,15,0,17,14,0,14,31
01/19/2004,HKS,MS,ASO,CE,Federal Contract Tower,0,4,14,0,18,0,0,34,2,36,0,4,48,2,54,38,0,38,92
01/20/2004,HKS,MS,ASO,CE,Federal Contract Tower,0,13,25,1,39,0,7,33,11,51,0,20,58,12,90,56,6,62,152
01/21/2004,HKS,MS,ASO,CE,Federal Contract Tower,0,12,24,1,37,0,3,48,11,62,0,15,72,12,99,134,14,148,247
01/22/2004,HKS,MS,ASO,CE,Federal Contract Tower,0,13,24,1,38,0,4,62,4,70,0,17,86,5,108,134,0,134,242
01/23/2004,HKS,MS,ASO,CE,Federal Contract Tower,0,8,15,1,24,0,8,40,5,53,0,16,55,6,77,102,0,102,179
01/24/2004,HKS,MS,ASO,CE,Federal Contract Tower,0,5,20,1,26,0,0,23,3,26,0,5,43,4,52,54,0,54,106
01/25/2004,HKS,MS,ASO,CE,Federal Contract Tower,0,4,12,0,16,0,0,34,8,42,0,4,46,8,58,104,14,118,176
01/26/2004,HKS,MS,ASO,CE,Federal Contract Tower,0,14,25,1,40,0,7,26,5,38,0,21,51,6,78,66,0,66,144
01/27/2004,HKS,MS,ASO,CE,Federal Contract Tower,0,16,30,2,48,0,2,45,6,53,0,18,75,8,101,22,0,22,123
01/28/2004,HKS,MS,ASO,CE,Federal Contract Tower,0,10,21,1,32,0,0,54,2,56,0,10,75,3,88,104,0,104,192
01/29/2004,HKS,MS,ASO,CE,Federal Contract Tower,0,11,22,1,34,0,1,65,9,75,0,12,87,10,109,54,0,54,163
01/30/2004,HKS,MS,ASO,CE,Federal Contract Tower,0,12,25,1,38,0,0,46,18,64,0,12,71,19,102,34,6,40,142
01/31/2004,HKS,MS,ASO,CE,Federal Contract Tower,0,7,13,0,20,0,7,58,7,72,0,14,71,7,92,176,0,176,268
02/01/2004,HKS,MS,ASO,CE,Federal Contract Tower,0,2,9,1,12,0,0,36,10,46,0,2,45,11,58,98,10,108,166
02/02/2004,HKS,MS,ASO,CE,Federal Contract Tower,0,12,21,1,34,0,8,4,0,12,0,20,25,1,46,22,0,22,68
02/03/2004,HKS,MS,ASO,CE,Federal Contract Tower,0,17,28,2,47,0,3,40,1,44,0,20,68,3,91,100,0,100,191
02/04/2004,HKS,MS,ASO,CE,Federal Contract Tower,0,15,27,2,44,0,6,35,6,47,0,21,62,8,91,10,0,10,101
02/05/2004,HKS,MS,ASO,CE,Federal Contract Tower,0,11,10,1,22,0,6,0,0,6,0,17,10,1,28,0,0,0,28
02/06/2004,HKS,MS,ASO,CE,Federal Contract Tower,0,17,26,2,45,0,1,38,1,40,0,18,64,3,85,18,12,30,115
02/07/2004,HKS,MS,ASO,CE,Federal Contract Tower,0,3,9,1,13,0,0,57,6,63,0,3,66,7,76,104,0,104,180
02/08/2004,HKS,MS,ASO,CE,Federal Contract Tower,0,1,9,1,11,0,0,30,3,33,0,1,39,4,44,118,12,130,174
02/09/2004,HKS,MS,ASO,CE,Federal Contract Tower,0,11,18,3,32,0,2,35,4,41,0,13,53,7,73,8,0,8,81
02/10/2004,HKS,MS,ASO,CE,Federal Contract Tower,0,16,27,2,45,0,0,2,0,2,0,16,29,2,47,4,0,4,51
02/11/2004,HKS,MS,ASO,CE,Federal Contract Tower,0,16,26,3,45,0,3,13,0,16,0,19,39,3,61,22,0,22,83
02/12/2004,HKS,MS,ASO,CE,Federal Contract Tower,0,11,25,2,38,0,0,13,3,16,0,11,38,5,54,46,0,46,100
02/13/2004,HKS,MS,ASO,CE,Federal Contract Tower,0,15,30,2,47,0,0,43,0,43,0,15,73,2,90,82,0,82,172
02/14/2004,HKS,MS,ASO,CE,Federal Contract Tower,0,3,9,0,12,0,0,7,1,8,0,3,16,1,20,6,0,6,26
02/15/2004,HKS,MS,ASO,CE,Federal Contract Tower,0,2,10,0,12,0,0,11,0,11,0,2,21,0,23,42,0,42,65
02/16/2004,HKS,MS,ASO,CE,Federal Contract Tower,0,6,17,0,23,0,0,45,0,45,0,6,62,0,68,128,0,128,196
02/17/2004,HKS,MS,ASO,CE,Federal Contract Tower,0,14,32,1,47,0,0,53,25,78,0,14,85,26,125,60,10,70,195
02/18/2004,HKS,MS,ASO,CE,Federal Contract Tower,0,12,21,1,34,0,5,55,7,67,0,17,76,8,101,108,0,108,209
02/19/2004,HKS,MS,ASO,CE,Federal Contract Tower,0,17,30,1,48,0,1,70,5,76,0,18,100,6,124,118,0,118,242
02/20/2004,HKS,MS,ASO,CE,Federal Contract Tower,0,17,29,1,47,0,0,31,20,51,0,17,60,21,98,104,20,124,222
02/21/2004,HKS,MS,ASO,CE,Federal Contract Tower,0,6,16,0,22,0,0,68,22,90,0,6,84,22,112,148,58,206,318
02/22/2004,HKS,MS,ASO,CE,Federal Contract Tower,0,4,12,0,16,0,0,52,21,73,0,4,64,21,89,132,28,160,249
02/23/2004,HKS,MS,ASO,CE,Federal Contract Tower,0,9,13,0,22,0,3,0,3,6,0,12,13,3,28,0,0,0,28
02/24/2004,HKS,MS,ASO,CE,Federal Contract Tower,0,13,24,1,38,0,3,2,1,6,0,16,26,2,44,2,2,4,48
02/25/2004,HKS,MS,ASO,CE,Federal Contract Tower,0,15,24,1,40,0,0,0,5,5,0,15,24,6,45,2,0,2,47
02/26/2004,HKS,MS,ASO,CE,Federal Contract Tower,0,13,26,1,40,0,0,9,16,25,0,13,35,17,65,2,12,14,79
02/27/2004,HKS,MS,ASO,CE,Federal Contract Tower,0,16,29,1,46,0,10,36,4,50,0,26,65,5,96,114,4,118,214
02/28/2004,HKS,MS,ASO,CE,Federal Contract Tower,0,6,16,0,22,0,0,98,0,98,0,6,114,0,120,218,0,218,338
02/29/2004,HKS,MS,ASO,CE,Federal Contract Tower,0,4,13,0,17,0,0,34,4,38,0,4,47,4,55,30,0,30,85
03/01/2004,HKS,MS,ASO,CE,Federal Contract Tower,0,8,16,0,24,0,5,15,0,20,0,13,31,0,44,18,0,18,62
03/02/2004,HKS,MS,ASO,CE,Federal Contract Tower,0,18,34,1,53,0,1,0,0,1,0,19,34,1,54,8,0,8,62
03/03/2004,HKS,MS,ASO,CE,Federal Contract Tower,0,14,28,2,44,0,5,17,2,24,0,19,45,4,68,78,0,78,146
03/04/2004,HKS,MS,ASO,CE,Federal Contract Tower,0,11,20,1,32,0,2,22,13,37,0,13,42,14,69,32,8,40,109
03/05/2004,HKS,MS,ASO,CE,Federal Contract Tower,0,8,14,0,22,0,5,26,0,31,0,13,40,0,53,40,8,48,101
03/06/2004,HKS,MS,ASO,CE,Federal Contract Tower,0,2,10,1,13,0,0,60,16,76,0,2,70,17,89,214,6,220,309
03/07/2004,HKS,MS,ASO,CE,Federal Contract Tower,0,2,11,1,14,0,0,56,10,66,0,2,67,11,80,156,8,164,244
03/08/2004,HKS,MS,ASO,CE,Federal Contract Tower,0,9,17,1,27,0,5,32,6,43,0,14,49,7,70,76,14,90,160
03/09/2004,HKS,MS,ASO,CE,Federal Contract Tower,0,12,29,2,43,0,0,38,12,50,0,12,67,14,93,70,36,106,199
03/10/2004,HKS,MS,ASO,CE,Federal Contract Tower,0,14,27,2,43,0,2,82,6,90,0,16,109,8,133,190,8,198,331
03/11/2004,HKS,MS,ASO,CE,Federal Contract Tower,0,11,35,2,48,0,0,72,1,73,0,11,107,3,121,108,0,108,229
03/12/2004,HKS,MS,ASO,CE,Federal Contract Tower,0,14,27,2,43,0,3,61,4,68,0,17,88,6,111,164,12,176,287
03/13/2004,HKS,MS,ASO,CE,Federal Contract Tower,0,2,19,1,22,0,0,73,9,82,0,2,92,10,104,204,0,204,308
03/14/2004,HKS,MS,ASO,CE,Federal Contract Tower,0,3,12,1,16,0,0,23,4,27,0,3,35,5,43,106,0,106,149
03/15/2004,HKS,MS,ASO,CE,Federal Contract Tower,0,10,18,0,28,0,5,10,0,15,0,15,28,0,43,16,0,16,59
03/16/2004,HKS,MS,ASO,CE,Federal Contract Tower,0,11,22,2,35,0,2,42,0,44,0,13,64,2,79,74,8,82,161
03/17/2004,HKS,MS,ASO,CE,Federal Contract Tower,0,13,32,2,47,0,0,89,5,94,0,13,121,7,141,116,8,124,265
03/18/2004,HKS,MS,ASO,CE,Federal Contract Tower,0,10,19,0,29,0,1,35,6,42,0,11,54,6,71,144,0,144,215
03/19/2004,HKS,MS,ASO,CE,Federal Contract Tower,0,14,28,1,43,0,1,59,13,73,0,15,87,14,116,148,0,148,264
03/20/2004,HKS,MS,ASO,CE,Federal Contract Tower,0,2,10,0,12,0,0,84,2,86,0,2,94,2,98,232,0,232,330
03/21/2004,HKS,MS,ASO,CE,Federal Contract Tower,0,3,9,0,12,0,0,23,2,25,0,3,32,2,37,20,0,20,57
03/22/2004,HKS,MS,ASO,CE,Federal Contract Tower,0,9,17,0,26,0,8,37,2,47,0,17,54,2,73,68,2,70,143
03/23/2004,HKS,MS,ASO,CE,Federal Contract Tower,0,12,25,1,38,0,4,56,11,71,0,16,81,12,109,142,14,156,265
03/24/2004,HKS,MS,ASO,CE,Federal Contract Tower,0,17,33,1,51,0,1,58,10,69,0,18,91,11,120,226,0,226,346
03/25/2004,HKS,MS,ASO,CE,Federal Contract Tower,0,13,26,1,40,0,5,35,3,43,0,18,61,4,83,126,0,126,209
03/26/2004,HKS,MS,ASO,CE,Federal Contract Tower,0,17,36,1,54,0,0,54,1,55,0,17,90,2,109,134,0,134,243
03/27/2004,HKS,MS,ASO,CE,Federal Contract Tower,0,6,17,0,23,0,0,45,4,49,0,6,62,4,72,142,0,142,214
03/28/2004,HKS,MS,ASO,CE,Federal Contract Tower,0,5,13,0,18,0,0,41,2,43,0,5,54,2,61,80,0,80,141
03/29/2004,HKS,MS,ASO,CE,Federal Contract Tower,0,14,29,1,44,0,2,1,1,4,0,16,30,2,48,20,0,20,68
03/30/2004,HKS,MS,ASO,CE,Federal Contract Tower,0,13,26,1,40,0,2,41,11,54,0,15,67,12,94,74,6,80,174
03/31/2004,HKS,MS,ASO,CE,Federal Contract Tower,0,12,24,1,37,0,7,57,10,74,0,19,81,11,111,54,20,74,185
04/01/2004,HKS,MS,ASO,CE,Federal Contract Tower,0,14,24,1,39,0,3,55,8,66,0,17,79,9,105,156,52,208,313
04/02/2004,HKS,MS,ASO,CE,Federal Contract Tower,0,17,27,1,45,0,4,47,12,63,0,21,74,13,108,114,2,116,224
04/03/2004,HKS,MS,ASO,CE,Federal Contract Tower,0,7,10,0,17,0,1,37,3,41,0,8,47,3,58,80,0,80,138
04/04/2004,HKS,MS,ASO,CE,Federal Contract Tower,0,2,10,1,13,0,0,68,0,68,0,2,78,1,81,104,0,104,185
04/05/2004,HKS,MS,ASO,CE,Federal Contract Tower,0,13,23,2,38,0,0,52,7,59,0,13,75,9,97,178,0,178,275
04/06/2004,HKS,MS,ASO,CE,Federal Contract Tower,0,14,24,2,40,0,4,43,5,52,0,18,67,7,92,216,0,216,308
04/07/2004,HKS,MS,ASO,CE,Federal Contract Tower,0,14,26,2,42,0,2,40,15,57,0,16,66,17,99,140,24,164,263
04/08/2004,HKS,MS,ASO,CE,Federal Contract Tower,0,13,23,2,38,0,1,35,8,44,0,14,58,10,82,34,6,40,122
04/09/2004,HKS,MS,ASO,CE,Federal Contract Tower,0,11,18,1,30,0,8,37,2,47,0,19,55,3,77,168,8,176,253
04/10/2004,HKS,MS,ASO,CE,Federal Contract Tower,0,4,8,1,13,0,0,75,3,78,0,4,83,4,91,164,0,164,255
04/11/2004,HKS,MS,ASO,CE,Federal Contract Tower,0,2,4,0,6,0,0,2,0,2,0,2,6,0,8,4,0,4,12
04/12/2004,HKS,MS,ASO,CE,Federal Contract Tower,0,16,32,0,48,0,0,7,0,7,0,16,39,0,55,4,0,4,59
04/13/2004,HKS,MS,ASO,CE,Federal Contract Tower,0,14,25,0,39,0,1,17,0,18,0,15,42,0,57,6,0,6,63
04/14/2004,HKS,MS,ASO,CE,Federal Contract Tower,0,16,32,2,50,0,0,54,4,58,0,16,86,6,108,96,0,96,204
04/15/2004,HKS,MS,ASO,CE,Federal Contract Tower,0,12,22,1,35,0,1,48,20,69,0,13,70,21,104,64,6,70,174
04/16/2004,HKS,MS,ASO,CE,Federal Contract Tower,0,13,27,1,41,0,0,54,15,69,0,13,81,16,110,106,0,106,216
04/17/2004,HKS,MS,ASO,CE,Federal Contract Tower,0,2,8,0,10,0,0,45,10,55,0,2,53,10,65,178,32,210,275
04/18/2004,HKS,MS,ASO,CE,Federal Contract Tower,0,2,7,0,9,0,0,48,6,54,0,2,55,6,63,62,2,64,127
04/19/2004,HKS,MS,ASO,CE,Federal Contract Tower,0,13,25,1,39,0,3,47,5,55,0,16,72,6,94,34,0,34,128
04/20/2004,HKS,MS,ASO,CE,Federal Contract Tower,0,12,23,1,36,0,3,30,23,56,0,15,53,24,92,32,56,88,180
04/21/2004,HKS,MS,ASO,CE,Federal Contract Tower,0,11,22,1,34,0,8,42,10,60,0,19,64,11,94,30,0,30,124
04/22/2004,HKS,MS,ASO,CE,Federal Contract Tower,0,16,29,1,46,0,3,34,10,47,0,19,63,11,93,38,0,38,131
04/23/2004,HKS,MS,ASO,CE,Federal Contract Tower,0,19,33,1,53,0,5,59,6,70,0,24,92,7,123,130,0,130,253
04/24/2004,HKS,MS,ASO,CE,Federal Contract Tower,0,4,7,0,11,0,4,53,0,57,0,8,60,0,68,154,0,154,222
04/25/2004,HKS,MS,ASO,CE,Federal Contract Tower,0,5,14,0,19,0,0,6,0,6,0,5,20,0,25,20,0,20,45
04/26/2004,HKS,MS,ASO,CE,Federal Contract Tower,0,12,24,1,37,0,7,44,3,54,0,19,68,4,91,84,0,84,175
04/27/2004,HKS,MS,ASO,CE,Federal Contract Tower,0,12,27,1,40,0,0,49,4,53,0,12,76,5,93,84,0,84,177
04/28/2004,HKS,MS,ASO,CE,Federal Contract Tower,0,13,25,1,39,0,1,71,0,72,0,14,96,1,111,164,0,164,275
04/29/2004,HKS,MS,ASO,CE,Federal Contract Tower,0,11,20,0,31,0,4,50,6,60,0,15,70,6,91,78,0,78,169
04/30/2004,HKS,MS,ASO,CE,Federal Contract Tower,0,12,22,1,35,0,2,16,12,30,0,14,38,13,65,26,14,40,105
05/01/2004,HKS,MS,ASO,CE,Federal Contract Tower,0,2,9,1,12,0,0,12,8,20,0,2,21,9,32,56,6,62,94
05/02/2004,HKS,MS,ASO,CE,Federal Contract Tower,0,5,8,1,14,0,1,22,6,29,0,6,30,7,43,22,0,22,65
05/03/2004,HKS,MS,ASO,CE,Federal Contract Tower,0,12,19,2,33,0,1,59,15,75,0,13,78,17,108,60,20,80,188
05/04/2004,HKS,MS,ASO,CE,Federal Contract Tower,0,10,28,2,40,0,0,76,11,87,0,10,104,13,127,94,8,102,229
05/05/2004,HKS,MS,ASO,CE,Federal Contract Tower,0,11,20,2,33,0,0,67,17,84,0,11,87,19,117,88,0,88,205
05/06/2004,HKS,MS,ASO,CE,Federal Contract Tower,0,8,11,1,20,0,0,61,16,77,0,8,72,17,97,54,0,54,151
05/07/2004,HKS,MS,ASO,CE,Federal Contract Tower,0,13,19,2,34,0,0,59,14,73,0,13,78,16,107,92,4,96,203
05/08/2004,HKS,MS,ASO,CE,Federal Contract Tower,0,4,14,1,19,0,0,61,3,64,0,4,75,4,83,114,0,114,197
05/09/2004,HKS,MS,ASO,CE,Federal Contract Tower,0,7,10,0,17,0,1,28,0,29,0,8,38,0,46,46,0,46,92
05/10/2004,HKS,MS,ASO,CE,Federal Contract Tower,0,13,18,3,34,0,9,15,1,25,0,22,33,4,59,46,10,56,115
05/11/2004,HKS,MS,ASO,CE,Federal Contract Tower,0,14,22,2,38,0,3,7,14,24,0,17,29,16,62,0,12,12,74
05/12/2004,HKS,MS,ASO,CE,Federal Contract Tower,0,14,22,2,38,0,2,2,1,5,0,16,24,3,43,12,8,20,63
05/13/2004,HKS,MS,ASO,CE,Federal Contract Tower,0,16,24,2,42,0,11,16,12,39,0,27,40,14,81,76,16,92,173
05/14/2004,HKS,MS,ASO,CE,Federal Contract Tower,0,14,22,0,36,0,8,3,0,11,0,22,25,0,47,50,0,50,97
05/15/2004,HKS,MS,ASO,CE,Federal Contract Tower,0,1,1,0,2,0,2,0,3,5,0,3,1,3,7,0,0,0,7
05/16/2004,HKS,MS,ASO,CE,Federal Contract Tower,0,8,13,0,21,0,0,22,0,22,0,8,35,0,43,40,0,40,83
05/17/2004,HKS,MS,ASO,CE,Federal Contract Tower,0,16,24,1,41,0,3,13,5,21,0,19,37,6,62,32,2,34,96
05/18/2004,HKS,MS,ASO,CE,Federal Contract Tower,0,11,19,1,31,0,9,22,6,37,0,20,41,7,68,72,34,106,174
05/19/2004,HKS,MS,ASO,CE,Federal Contract Tower,0,19,30,1,50,0,0,46,11,57,0,19,76,12,107,86,28,114,221
05/20/2004,HKS,MS,ASO,CE,Federal Contract Tower,0,19,29,1,49,0,3,38,12,53,0,22,67,13,102,122,22,144,246
05/21/2004,HKS,MS,ASO,CE,Federal Contract Tower,0,24,38,2,64,0,13,27,14,54,0,37,65,16,118,138,12,150,268
05/22/2004,HKS,MS,ASO,CE,Federal Contract Tower,0,4,10,0,14,0,0,49,21,70,0,4,59,21,84,104,2,106,190
05/23/2004,HKS,MS,ASO,CE,Federal Contract Tower,0,4,12,0,16,0,0,41,3,44,0,4,53,3,60,50,10,60,120
05/24/2004,HKS,MS,ASO,CE,Federal Contract Tower,0,12,20,1,33,0,3,34,1,38,0,15,54,2,71,64,0,64,135
05/25/2004,HKS,MS,ASO,CE,Federal Contract Tower,0,14,24,1,39,0,0,47,10,57,0,14,71,11,96,100,14,114,210
05/26/2004,HKS,MS,ASO,CE,Federal Contract Tower,0,16,29,1,46,0,0,45,8,53,0,16,74,9,99,122,10,132,231
05/27/2004,HKS,MS,ASO,CE,Federal Contract Tower,0,14,23,1,38,0,11,29,6,46,0,25,52,7,84,72,4,76,160
05/28/2004,HKS,MS,ASO,CE,Federal Contract Tower,0,18,27,1,46,0,8,22,10,40,0,26,49,11,86,92,12,104,190
05/29/2004,HKS,MS,ASO,CE,Federal Contract Tower,0,1,9,0,10,0,0,35,2,37,0,1,44,2,47,108,0,108,155
05/30/2004,HKS,MS,ASO,CE,Federal Contract Tower,0,3,16,0,19,0,0,37,0,37,0,3,53,0,56,48,0,48,104
05/31/2004,HKS,MS,ASO,CE,Federal Contract Tower,0,2,7,0,9,0,0,5,0,5,0,2,12,0,14,58,0,58,72
06/01/2004,HKS,MS,ASO,CE,Federal Contract Tower,0,10,24,2,36,0,6,23,7,36,0,16,47,9,72,38,18,56,128
06/02/2004,HKS,MS,ASO,CE,Federal Contract Tower,0,13,27,2,42,0,3,51,2,56,0,16,78,4,98,84,0,84,182
06/03/2004,HKS,MS,ASO,CE,Federal Contract Tower,0,14,28,2,44,0,1,71,3,75,0,15,99,5,119,104,0,104,223
06/04/2004,HKS,MS,ASO,CE,Federal Contract Tower,0,15,31,2,48,0,13,37,2,52,0,28,68,4,100,116,0,116,216
06/05/2004,HKS,MS,ASO,CE,Federal Contract Tower,0,2,9,1,12,0,0,72,2,74,0,2,81,3,86,168,0,168,254
06/06/2004,HKS,MS,ASO,CE,Federal Contract Tower,0,4,7,1,12,0,0,22,2,24,0,4,29,3,36,60,0,60,96
06/07/2004,HKS,MS,ASO,CE,Federal Contract Tower,0,8,16,1,25,0,7,30,9,46,0,15,46,10,71,28,0,28,99
06/08/2004,HKS,MS,ASO,CE,Federal Contract Tower,0,11,23,2,36,0,1,28,3,32,0,12,51,5,68,76,0,76,144
06/09/2004,HKS,MS,ASO,CE,Federal Contract Tower,0,12,24,2,38,0,0,53,1,54,0,12,77,3,92,96,0,96,188
06/10/2004,HKS,MS,ASO,CE,Federal Contract Tower,0,13,31,2,46,0,0,70,1,71,0,13,101,3,117,52,0,52,169
06/11/2004,HKS,MS,ASO,CE,Federal Contract Tower,0,10,20,2,32,0,6,38,0,44,0,16,58,2,76,78,0,78,154
06/12/2004,HKS,MS,ASO,CE,Federal Contract Tower,0,4,14,0,18,0,0,58,0,58,0,4,72,0,76,162,0,162,238
06/13/2004,HKS,MS,ASO,CE,Federal Contract Tower,0,3,9,1,13,0,0,25,1,26,0,3,34,2,39,64,0,64,103
06/14/2004,HKS,MS,ASO,CE,Federal Contract Tower,0,9,16,1,26,0,6,7,3,16,0,15,23,4,42,38,0,38,80
06/15/2004,HKS,MS,ASO,CE,Federal Contract Tower,0,15,32,2,49,0,0,24,1,25,0,15,56,3,74,110,0,110,184
06/16/2004,HKS,MS,ASO,CE,Federal Contract Tower,0,10,28,1,39,0,0,9,11,20,0,10,37,12,59,20,0,20,79
06/17/2004,HKS,MS,ASO,CE,Federal Contract Tower,0,10,20,0,30,0,3,19,4,26,0,13,39,4,56,78,0,78,134
06/18/2004,HKS,MS,ASO,CE,Federal Contract Tower,0,14,30,0,44,0,1,42,0,43,0,15,72,0,87,96,0,96,183
06/19/2004,HKS,MS,ASO,CE,Federal Contract Tower,0,2,10,0,12,0,0,32,0,32,0,2,42,0,44,94,0,94,138
06/20/2004,HKS,MS,ASO,CE,Federal Contract Tower,0,3,8,0,11,0,0,22,0,22,0,3,30,0,33,170,0,170,203
06/21/2004,HKS,MS,ASO,CE,Federal Contract Tower,0,14,29,1,44,0,1,37,4,42,0,15,66,5,86,64,0,64,150
06/22/2004,HKS,MS,ASO,CE,Federal Contract Tower,0,13,30,0,43,0,0,23,0,23,0,13,53,0,66,46,0,46,112
06/23/2004,HKS,MS,ASO,CE,Federal Contract Tower,0,10,19,0,29,0,1,26,6,33,0,11,45,6,62,32,6,38,100
06/24/2004,HKS,MS,ASO,CE,Federal Contract Tower,0,12,36,1,49,0,0,0,8,8,0,12,36,9,57,48,4,52,109
06/25/2004,HKS,MS,ASO,CE,Federal Contract Tower,0,10,23,1,34,0,3,15,9,27,0,13,38,10,61,84,8,92,153
06/26/2004,HKS,MS,ASO,CE,Federal Contract Tower,0,6,12,0,18,0,1,19,0,20,0,7,31,0,38,80,0,80,118
06/27/2004,HKS,MS,ASO,CE,Federal Contract Tower,0,2,13,0,15,0,0,13,0,13,0,2,26,0,28,78,0,78,106
06/28/2004,HKS,MS,ASO,CE,Federal Contract Tower,0,17,36,1,54,0,6,17,8,31,0,23,53,9,85,28,4,32,117
06/29/2004,HKS,MS,ASO,CE,Federal Contract Tower,0,15,32,1,48,0,3,36,11,50,0,18,68,12,98,110,18,128,226
06/30/2004,HKS,MS,ASO,CE,Federal Contract Tower,0,11,24,1,36,0,5,10,2,17,0,16,34,3,53,80,0,80,133
07/01/2004,HKS,MS,ASO,CE,Federal Contract Tower,0,12,29,2,43,0,0,5,5,10,0,12,34,7,53,60,10,70,123
07/02/2004,HKS,MS,ASO,CE,Federal Contract Tower,0,11,22,0,33,0,3,11,0,14,0,14,33,0,47,88,0,88,135
07/03/2004,HKS,MS,ASO,CE,Federal Contract Tower,0,2,11,0,13,0,0,29,0,29,0,2,40,0,42,156,0,156,198
07/04/2004,HKS,MS,ASO,CE,Federal Contract Tower,0,1,3,0,4,0,2,20,0,22,0,3,23,0,26,34,0,34,60
07/05/2004,HKS,MS,ASO,CE,Federal Contract Tower,0,3,10,0,13,0,0,25,0,25,0,3,35,0,38,192,0,192,230
07/06/2004,HKS,MS,ASO,CE,Federal Contract Tower,0,10,20,1,31,0,5,33,6,44,0,15,53,7,75,138,6,144,219
07/07/2004,HKS,MS,ASO,CE,Federal Contract Tower,0,11,22,2,35,0,3,27,3,33,0,14,49,5,68,106,0,106,174
07/08/2004,HKS,MS,ASO,CE,Federal Contract Tower,0,16,32,2,50,0,2,15,10,27,0,18,47,12,77,58,10,68,145
07/09/2004,HKS,MS,ASO,CE,Federal Contract Tower,0,11,20,1,32,0,2,20,6,28,0,13,40,7,60,166,2,168,228
07/10/2004,HKS,MS,ASO,CE,Federal Contract Tower,0,2,18,1,21,0,0,56,1,57,0,2,74,2,78,236,2,238,316
07/11/2004,HKS,MS,ASO,CE,Federal Contract Tower,0,4,23,0,27,0,0,56,0,56,0,4,79,0,83,72,0,72,155
07/12/2004,HKS,MS,ASO,CE,Federal Contract Tower,0,9,18,1,28,0,4,27,1,32,0,13,45,2,60,132,0,132,192
07/13/2004,HKS,MS,ASO,CE,Federal Contract Tower,0,10,24,2,36,0,0,38,4,42,0,10,62,6,78,74,12,86,164
07/14/2004,HKS,MS,ASO,CE,Federal Contract Tower,0,15,29,2,46,0,5,58,2,65,0,20,87,4,111,58,0,58,169
07/15/2004,HKS,MS,ASO,CE,Federal Contract Tower,0,13,27,2,42,0,0,45,6,51,0,13,72,8,93,50,0,50,143
07/16/2004,HKS,MS,ASO,CE,Federal Contract Tower,0,9,16,1,26,0,4,29,0,33,0,13,45,1,59,28,12,40,99
07/17/2004,HKS,MS,ASO,CE,Federal Contract Tower,0,3,18,0,21,0,0,19,12,31,0,3,37,12,52,118,22,140,192
07/18/2004,HKS,MS,ASO,CE,Federal Contract Tower,0,2,13,0,15,0,0,50,12,62,0,2,63,12,77,152,0,152,229
07/19/2004,HKS,MS,ASO,CE,Federal Contract Tower,0,8,17,0,25,0,5,28,5,38,0,13,45,5,63,56,0,56,119
07/20/2004,HKS,MS,ASO,CE,Federal Contract Tower,0,14,29,1,44,0,1,39,5,45,0,15,68,6,89,134,4,138,227
07/21/2004,HKS,MS,ASO,CE,Federal Contract Tower,0,11,23,1,35,0,0,50,6,56,0,11,73,7,91,184,16,200,291
07/22/2004,HKS,MS,ASO,CE,Federal Contract Tower,0,11,25,1,37,0,3,37,19,59,0,14,62,20,96,166,0,166,262
07/23/2004,HKS,MS,ASO,CE,Federal Contract Tower,0,10,19,0,29,0,5,32,5,42,0,15,51,5,71,106,8,114,185
07/24/2004,HKS,MS,ASO,CE,Federal Contract Tower,0,4,10,0,14,0,0,53,0,53,0,4,63,0,67,218,0,218,285
07/25/2004,HKS,MS,ASO,CE,Federal Contract Tower,0,4,12,0,16,0,0,19,4,23,0,4,31,4,39,112,0,112,151
07/26/2004,HKS,MS,ASO,CE,Federal Contract Tower,0,10,20,0,30,0,8,0,1,9,0,18,20,1,39,24,10,34,73
07/27/2004,HKS,MS,ASO,CE,Federal Contract Tower,0,12,32,1,45,0,0,22,2,24,0,12,54,3,69,78,8,86,155
07/28/2004,HKS,MS,ASO,CE,Federal Contract Tower,0,11,23,0,34,0,5,58,13,76,0,16,81,13,110,146,12,158,268
07/29/2004,HKS,MS,ASO,CE,Federal Contract Tower,0,11,25,1,37,0,3,40,2,45,0,14,65,3,82,76,0,76,158
07/30/2004,HKS,MS,ASO,CE,Federal Contract Tower,0,16,32,1,49,0,4,28,6,38,0,20,60,7,87,152,0,152,239
07/31/2004,HKS,MS,ASO,CE,Federal Contract Tower,0,2,19,0,21,0,0,44,11,55,0,2,63,11,76,108,0,108,184
08/01/2004,HKS,MS,ASO,CE,Federal Contract Tower,0,2,11,1,14,0,0,33,4,37,0,2,44,5,51,132,10,142,193
08/02/2004,HKS,MS,ASO,CE,Federal Contract Tower,0,12,23,2,37,0,6,36,1,43,0,18,59,3,80,142,0,142,222
08/03/2004,HKS,MS,ASO,CE,Federal Contract Tower,0,15,25,2,42,0,1,51,7,59,0,16,76,9,101,122,0,122,223
08/04/2004,HKS,MS,ASO,CE,Federal Contract Tower,0,10,14,1,25,0,3,58,16,77,0,13,72,17,102,70,8,78,180
08/05/2004,HKS,MS,ASO,CE,Federal Contract Tower,0,14,22,2,38,0,1,55,6,62,0,15,77,8,100,70,0,70,170
08/06/2004,HKS,MS,ASO,CE,Federal Contract Tower,0,12,20,2,34,0,5,74,14,93,0,17,94,16,127,72,2,74,201
08/07/2004,HKS,MS,ASO,CE,Federal Contract Tower,0,1,10,1,12,0,0,64,10,74,0,1,74,11,86,174,8,182,268
08/08/2004,HKS,MS,ASO,CE,Federal Contract Tower,0,4,7,1,12,0,1,62,4,67,0,5,69,5,79,98,4,102,181
08/09/2004,HKS,MS,ASO,CE,Federal Contract Tower,0,13,24,2,39,0,4,32,10,46,0,17,56,12,85,46,4,50,135
08/10/2004,HKS,MS,ASO,CE,Federal Contract Tower,0,11,23,2,36,0,0,41,10,51,0,11,64,12,87,36,18,54,141
08/11/2004,HKS,MS,ASO,CE,Federal Contract Tower,0,13,30,2,45,0,0,34,4,38,0,13,64,6,83,166,6,172,255
08/12/2004,HKS,MS,ASO,CE,Federal Contract Tower,0,9,19,2,30,0,0,34,4,38,0,9,53,6,68,176,8,184,252
08/13/2004,HKS,MS,ASO,CE,Federal Contract Tower,0,7,13,0,20,0,8,39,0,47,0,15,52,0,67,130,0,130,197
08/14/2004,HKS,MS,ASO,CE,Federal Contract Tower,0,3,8,0,11,0,0,84,5,89,0,3,92,5,100,84,0,84,184
08/15/2004,HKS,MS,ASO,CE,Federal Contract Tower,0,1,7,0,8,0,0,72,4,76,0,1,79,4,84,120,8,128,212
08/16/2004,HKS,MS,ASO,CE,Federal Contract Tower,0,12,24,1,37,0,3,40,7,50,0,15,64,8,87,46,0,46,133
08/17/2004,HKS,MS,ASO,CE,Federal Contract Tower,0,12,27,1,40,0,0,66,9,75,0,12,93,10,115,114,4,118,233
08/18/2004,HKS,MS,ASO,CE,Federal Contract Tower,0,11,22,1,34,0,7,52,0,59,0,18,74,1,93,194,0,194,287
08/19/2004,HKS,MS,ASO,CE,Federal Contract Tower,0,11,21,1,33,0,0,50,3,53,0,11,71,4,86,196,0,196,282
08/20/2004,HKS,MS,ASO,CE,Federal Contract Tower,0,15,27,1,43,0,0,10,5,15,0,15,37,6,58,50,8,58,116
08/21/2004,HKS,MS,ASO,CE,Federal Contract Tower,0,2,5,0,7,0,0,28,2,30,0,2,33,2,37,50,4,54,91
08/22/2004,HKS,MS,ASO,CE,Federal Contract Tower,0,5,18,0,23,0,0,51,3,54,0,5,69,3,77,174,0,174,251
08/23/2004,HKS,MS,ASO,CE,Federal Contract Tower,0,12,24,1,37,0,17,9,11,37,0,29,33,12,74,40,16,56,130
08/24/2004,HKS,MS,ASO,CE,Federal Contract Tower,0,16,29,1,46,0,2,38,10,50,0,18,67,11,96,158,6,164,260
08/25/2004,HKS,MS,ASO,CE,Federal Contract Tower,0,14,30,1,45,0,0,51,3,54,0,14,81,4,99,130,0,130,229
08/26/2004,HKS,MS,ASO,CE,Federal Contract Tower,0,13,24,1,38,0,2,48,6,56,0,15,72,7,94,128,0,128,222
08/27/2004,HKS,MS,ASO,CE,Federal Contract Tower,0,11,22,1,34,0,11,40,12,63,0,22,62,13,97,128,10,138,235
08/28/2004,HKS,MS,ASO,CE,Federal Contract Tower,0,8,14,0,22,0,1,44,7,52,0,9,58,7,74,148,16,164,238
08/29/2004,HKS,MS,ASO,CE,Federal Contract Tower,0,6,19,1,26,0,0,28,4,32,0,6,47,5,58,54,4,58,116
08/30/2004,HKS,MS,ASO,CE,Federal Contract Tower,0,13,24,1,38,0,6,30,1,37,0,19,54,2,75,24,0,24,99
08/31/2004,HKS,MS,ASO,CE,Federal Contract Tower,0,16,30,1,47,0,7,30,3,40,0,23,60,4,87,158,0,158,245
09/01/2004,HKS,MS,ASO,CE,Federal Contract Tower,0,11,28,1,40,0,0,62,7,69,0,11,90,8,109,98,2,100,209
09/02/2004,HKS,MS,ASO,CE,Federal Contract Tower,0,14,30,3,47,0,10,42,2,54,0,24,72,5,101,106,4,110,211
09/03/2004,HKS,MS,ASO,CE,Federal Contract Tower,0,15,32,3,50,0,8,32,2,42,0,23,64,5,92,90,2,92,184
09/04/2004,HKS,MS,ASO,CE,Federal Contract Tower,0,1,18,0,19,0,0,41,0,41,0,1,59,0,60,132,0,132,192
09/05/2004,HKS,MS,ASO,CE,Federal Contract Tower,0,4,12,0,16,0,0,60,0,60,0,4,72,0,76,84,0,84,160
09/06/2004,HKS,MS,ASO,CE,Federal Contract Tower,0,1,9,0,10,0,0,57,0,57,0,1,66,0,67,118,0,118,185
09/07/2004,HKS,MS,ASO,CE,Federal Contract Tower,0,12,25,2,39,0,5,30,1,36,0,17,55,3,75,92,0,92,167
09/08/2004,HKS,MS,ASO,CE,Federal Contract Tower,0,13,27,2,42,0,3,53,1,57,0,16,80,3,99,68,6,74,173
09/09/2004,HKS,MS,ASO,CE,Federal Contract Tower,0,9,19,2,30,0,2,35,5,42,0,11,54,7,72,50,0,50,122
09/10/2004,HKS,MS,ASO,CE,Federal Contract Tower,0,14,29,2,45,0,4,53,13,70,0,18,82,15,115,38,10,48,163
09/11/2004,HKS,MS,ASO,CE,Federal Contract Tower,0,1,8,1,10,0,0,50,23,73,0,1,58,24,83,76,22,98,181
09/12/2004,HKS,MS,ASO,CE,Federal Contract Tower,0,2,9,1,12,0,0,51,2,53,0,2,60,3,65,108,0,108,173
09/13/2004,HKS,MS,ASO,CE,Federal Contract Tower,0,13,26,1,40,0,4,40,0,44,0,17,66,1,84,4,0,4,88
09/14/2004,HKS,MS,ASO,CE,Federal Contract Tower,0,20,43,3,66,0,0,56,4,60,0,20,99,7,126,28,0,28,154
09/15/2004,HKS,MS,ASO,CE,Federal Contract Tower,0,12,24,2,38,0,2,32,13,47,0,14,56,15,85,66,16,82,167
09/16/2004,HKS,MS,ASO,CE,Federal Contract Tower,0,6,11,1,18,0,5,11,5,21,0,11,22,6,39,42,0,42,81
09/17/2004,HKS,MS,ASO,CE,Federal Contract Tower,0,13,25,2,40,0,6,63,6,75,0,19,88,8,115,31,0,31,146
09/18/2004,HKS,MS,ASO,CE,Federal Contract Tower,0,4,16,1,21,0,0,63,9,72,0,4,79,10,93,118,2,120,213
09/19/2004,HKS,MS,ASO,CE,Federal Contract Tower,0,4,10,0,14,0,0,57,3,60,0,4,67,3,74,114,0,114,188
09/20/2004,HKS,MS,ASO,CE,Federal Contract Tower,0,14,33,2,49,0,0,43,1,44,0,14,76,3,93,62,0,62,155
09/21/2004,HKS,MS,ASO,CE,Federal Contract Tower,0,10,22,1,33,0,10,49,5,64,0,20,71,6,97,52,0,52,149
09/22/2004,HKS,MS,ASO,CE,Federal Contract Tower,0,15,33,2,50,0,0,47,1,48,0,15,80,3,98,122,6,128,226
09/23/2004,HKS,MS,ASO,CE,Federal Contract Tower,0,11,29,1,41,0,0,44,6,50,0,11,73,7,91,154,0,154,245
09/24/2004,HKS,MS,ASO,CE,Federal Contract Tower,0,13,28,1,42,0,4,42,7,53,0,17,70,8,95,70,0,70,165
09/25/2004,HKS,MS,ASO,CE,Federal Contract Tower,0,3,23,0,26,0,0,103,0,103,0,3,126,0,129,190,0,190,319
09/26/2004,HKS,MS,ASO,CE,Federal Contract Tower,0,4,24,0,28,0,0,94,0,94,0,4,118,0,122,70,0,70,192
09/27/2004,HKS,MS,ASO,CE,Federal Contract Tower,0,15,32,2,49,0,7,54,0,61,0,22,86,2,110,112,0,112,222
09/28/2004,HKS,MS,ASO,CE,Federal Contract Tower,0,15,30,1,46,0,6,51,4,61,0,21,81,5,107,76,0,76,183
09/29/2004,HKS,MS,ASO,CE,Federal Contract Tower,0,15,33,2,50,0,10,43,6,59,0,25,76,8,109,64,0,64,173
09/30/2004,HKS,MS,ASO,CE,Federal Contract Tower,0,17,36,2,55,0,4,47,4,55,0,21,83,6,110,62,0,62,172
10/01/2004,HKS,MS,ASO,CE,Federal Contract Tower,0,24,30,0,54,0,0,43,14,57,0,24,73,14,111,70,0,70,181
10/02/2004,HKS,MS,ASO,CE,Federal Contract Tower,0,1,35,0,36,0,0,60,11,71,0,1,95,11,107,116,0,116,223
10/03/2004,HKS,MS,ASO,CE,Federal Contract Tower,0,1,32,0,33,0,2,41,6,49,0,3,73,6,82,146,0,146,228
10/04/2004,HKS,MS,ASO,CE,Federal Contract Tower,0,23,24,0,47,0,0,30,1,31,0,23,54,1,78,84,16,100,178
10/05/2004,HKS,MS,ASO,CE,Federal Contract Tower,0,19,25,0,44,0,0,51,5,56,0,19,76,5,100,102,0,102,202
10/06/2004,HKS,MS,ASO,CE,Federal Contract Tower,0,18,32,0,50,0,0,46,12,58,0,18,78,12,108,130,14,144,252
10/07/2004,HKS,MS,ASO,CE,Federal Contract Tower,0,27,33,0,60,0,1,55,7,63,0,28,88,7,123,115,0,115,238
10/08/2004,HKS,MS,ASO,CE,Federal Contract Tower,0,21,46,0,67,0,0,2,0,2,0,21,48,0,69,16,0,16,85
10/09/2004,HKS,MS,ASO,CE,Federal Contract Tower,0,4,19,0,23,0,0,2,0,2,0,4,21,0,25,4,0,4,29
10/10/2004,HKS,MS,ASO,CE,Federal Contract Tower,0,5,7,0,12,0,0,0,0,0,0,5,7,0,12,0,0,0,12
10/11/2004,HKS,MS,ASO,CE,Federal Contract Tower,0,4,29,0,33,0,1,19,0,20,0,5,48,0,53,50,0,50,103
10/12/2004,HKS,MS,ASO,CE,Federal Contract Tower,0,30,32,2,64,0,2,10,2,14,0,32,42,4,78,52,0,52,130
10/13/2004,HKS,MS,ASO,CE,Federal Contract Tower,0,13,20,0,33,0,0,48,6,54,0,13,68,6,87,40,14,54,141
10/14/2004,HKS,MS,ASO,CE,Federal Contract Tower,0,18,23,0,41,0,0,19,0,19,0,18,42,0,60,22,0,22,82
10/15/2004,HKS,MS,ASO,CE,Federal Contract Tower,0,15,21,0,36,0,0,39,10,49,0,15,60,10,85,76,6,82,167
10/16/2004,HKS,MS,ASO,CE,Federal Contract Tower,0,1,15,0,16,0,1,54,4,59,0,2,69,4,75,187,0,187,262
10/17/2004,HKS,MS,ASO,CE,Federal Contract Tower,0,0,17,0,17,0,1,36,7,44,0,1,53,7,61,82,2,84,145
10/18/2004,HKS,MS,ASO,CE,Federal Contract Tower,0,16,21,0,37,0,2,26,2,30,0,18,47,2,67,20,0,20,87
10/19/2004,HKS,MS,ASO,CE,Federal Contract Tower,0,12,18,0,30,0,0,28,4,32,0,12,46,4,62,40,16,56,118
10/20/2004,HKS,MS,ASO,CE,Federal Contract Tower,0,16,51,0,67,0,0,25,4,29,0,16,76,4,96,68,0,68,164
10/21/2004,HKS,MS,ASO,CE,Federal Contract Tower,0,15,31,1,47,0,0,29,5,34,0,15,60,6,81,112,0,112,193
10/22/2004,HKS,MS,ASO,CE,Federal Contract Tower,0,15,28,0,43,0,1,42,4,47,0,16,70,4,90,82,0,82,172
10/23/2004,HKS,MS,ASO,CE,Federal Contract Tower,0,1,11,0,12,0,0,21,0,21,0,1,32,0,33,108,0,108,141
10/24/2004,HKS,MS,ASO,CE,Federal Contract Tower,0,1,34,0,35,0,5,36,0,41,0,6,70,0,76,70,0,70,146
10/25/2004,HKS,MS,ASO,CE,Federal Contract Tower,0,10,20,0,30,0,2,27,0,29,0,12,47,0,59,44,0,44,103
10/26/2004,HKS,MS,ASO,CE,Federal Contract Tower,0,9,29,1,39,0,3,33,7,43,0,12,62,8,82,44,10,54,136
10/27/2004,HKS,MS,ASO,CE,Federal Contract Tower,0,10,39,3,52,0,0,44,6,50,0,10,83,9,102,106,0,106,208
10/28/2004,HKS,MS,ASO,CE,Federal Contract Tower,0,15,35,1,51,0,0,50,4,54,0,15,85,5,105,42,2,44,149
10/29/2004,HKS,MS,ASO,CE,Federal Contract Tower,0,20,27,6,53,0,0,36,3,39,0,20,63,9,92,54,0,54,146
10/30/2004,HKS,MS,ASO,CE,Federal Contract Tower,0,0,17,0,17,0,2,33,0,35,0,2,50,0,52,74,0,74,126
10/31/2004,HKS,MS,ASO,CE,Federal Contract Tower,0,3,23,4,30,0,2,22,0,24,0,5,45,4,54,78,0,78,132
11/01/2004,HKS,MS,ASO,CE,Federal Contract Tower,0,17,23,0,40,0,4,25,3,32,0,21,48,3,72,2,0,2,74
11/02/2004,HKS,MS,ASO,CE,Federal Contract Tower,0,16,22,0,38,0,0,31,1,32,0,16,53,1,70,16,0,16,86
11/03/2004,HKS,MS,ASO,CE,Federal Contract Tower,0,16,27,0,43,0,0,15,2,17,0,16,42,2,60,24,0,24,84
11/04/2004,HKS,MS,ASO,CE,Federal Contract Tower,0,13,15,2,30,0,1,36,11,48,0,14,51,13,78,68,4,72,150
11/05/2004,HKS,MS,ASO,CE,Federal Contract Tower,0,17,20,0,37,0,0,34,11,45,0,17,54,11,82,104,6,110,192
11/06/2004,HKS,MS,ASO,CE,Federal Contract Tower,0,0,27,1,28,0,0,67,8,75,0,0,94,9,103,146,2,148,251
11/07/2004,HKS,MS,ASO,CE,Federal Contract Tower,0,0,16,0,16,0,6,54,11,71,0,6,70,11,87,176,6,182,269
11/08/2004,HKS,MS,ASO,CE,Federal Contract Tower,0,14,26,0,40,0,2,39,0,41,0,16,65,0,81,38,0,38,119
11/09/2004,HKS,MS,ASO,CE,Federal Contract Tower,0,13,21,0,34,0,0,41,0,41,0,13,62,0,75,52,0,52,127
11/10/2004,HKS,MS,ASO,CE,Federal Contract Tower,0,10,26,0,36,0,0,28,5,33,0,10,54,5,69,28,0,28,97
11/11/2004,HKS,MS,ASO,CE,Federal Contract Tower,0,2,23,1,26,0,0,10,1,11,0,2,33,2,37,30,0,30,67
11/12/2004,HKS,MS,ASO,CE,Federal Contract Tower,0,15,12,0,27,0,1,11,0,12,0,16,23,0,39,0,0,0,39
11/13/2004,HKS,MS,ASO,CE,Federal Contract Tower,0,0,28,4,32,0,0,21,10,31,0,0,49,14,63,74,22,96,159
11/14/2004,HKS,MS,ASO,CE,Federal Contract Tower,0,0,22,5,27,0,0,28,5,33,0,0,50,10,60,54,0,54,114
11/15/2004,HKS,MS,ASO,CE,Federal Contract Tower,0,14,20,2,36,0,1,20,4,25,0,15,40,6,61,112,6,118,179
11/16/2004,HKS,MS,ASO,CE,Federal Contract Tower,0,23,28,0,51,0,2,44,13,59,0,25,72,13,110,152,6,158,268
11/17/2004,HKS,MS,ASO,CE,Federal Contract Tower,0,13,33,5,51,0,0,50,9,59,0,13,83,14,110,146,18,164,274
11/18/2004,HKS,MS,ASO,CE,Federal Contract Tower,0,16,28,0,44,0,0,34,8,42,0,16,62,8,86,56,2,58,144
11/19/2004,HKS,MS,ASO,CE,Federal Contract Tower,0,26,22,0,48,0,0,26,3,29,0,26,48,3,77,124,16,140,217
11/20/2004,HKS,MS,ASO,CE,Federal Contract Tower,0,0,14,0,14,0,0,1,0,1,0,0,15,0,15,0,0,0,15
11/21/2004,HKS,MS,ASO,CE,Federal Contract Tower,0,0,25,0,25,0,0,0,0,0,0,0,25,0,25,84,0,84,109
11/22/2004,HKS,MS,ASO,CE,Federal Contract Tower,0,16,16,0,32,0,0,2,0,2,0,16,18,0,34,0,0,0,34
11/23/2004,HKS,MS,ASO,CE,Federal Contract Tower,0,13,19,0,32,0,0,11,0,11,0,13,30,0,43,50,0,50,93
11/24/2004,HKS,MS,ASO,CE,Federal Contract Tower,0,10,27,0,37,0,0,14,3,17,0,10,41,3,54,32,0,32,86
11/25/2004,HKS,MS,ASO,CE,Federal Contract Tower,0,0,17,0,17,0,0,27,0,27,0,0,44,0,44,44,0,44,88
11/26/2004,HKS,MS,ASO,CE,Federal Contract Tower,0,13,19,0,32,0,0,87,0,87,0,13,106,0,119,54,0,54,173
11/27/2004,HKS,MS,ASO,CE,Federal Contract Tower,0,4,12,0,16,0,1,21,0,22,0,5,33,0,38,46,0,46,84
11/28/2004,HKS,MS,ASO,CE,Federal Contract Tower,0,0,23,0,23,0,2,36,0,38,0,2,59,0,61,136,0,136,197
11/29/2004,HKS,MS,ASO,CE,Federal Contract Tower,0,10,21,0,31,0,3,39,8,50,0,13,60,8,81,38,26,64,145
11/30/2004,HKS,MS,ASO,CE,Federal Contract Tower,0,14,13,0,27,0,0,10,5,15,0,14,23,5,42,30,20,50,92
12/01/2004,HKS,MS,ASO,CE,Federal Contract Tower,0,12,28,0,40,0,2,56,10,68,0,14,84,10,108,108,4,112,220
12/02/2004,HKS,MS,ASO,CE,Federal Contract Tower,0,16,41,0,57,0,0,60,2,62,0,16,101,2,119,150,0,150,269
12/03/2004,HKS,MS,ASO,CE,Federal Contract Tower,0,14,22,0,36,0,0,51,5,56,0,14,73,5,92,90,20,110,202
12/04/2004,HKS,MS,ASO,CE,Federal Contract Tower,0,1,19,0,20,0,0,67,13,80,0,1,86,13,100,118,4,122,222
12/05/2004,HKS,MS,ASO,CE,Federal Contract Tower,0,3,9,0,12,0,0,0,0,0,0,3,9,0,12,0,0,0,12
12/06/2004,HKS,MS,ASO,CE,Federal Contract Tower,0,14,17,0,31,0,0,4,0,4,0,14,21,0,35,16,0,16,51
12/07/2004,HKS,MS,ASO,CE,Federal Contract Tower,0,17,34,0,51,0,0,56,6,62,0,17,90,6,113,50,0,50,163
12/08/2004,HKS,MS,ASO,CE,Federal Contract Tower,0,15,24,0,39,0,0,43,4,47,0,15,67,4,86,130,0,130,216
12/09/2004,HKS,MS,ASO,CE,Federal Contract Tower,0,19,27,0,46,0,0,27,12,39,0,19,54,12,85,68,0,68,153
12/10/2004,HKS,MS,ASO,CE,Federal Contract Tower,0,18,14,0,32,0,0,57,0,57,0,18,71,0,89,70,0,70,159
12/11/2004,HKS,MS,ASO,CE,Federal Contract Tower,0,0,19,0,19,0,0,50,0,50,0,0,69,0,69,80,0,80,149
12/12/2004,HKS,MS,ASO,CE,Federal Contract Tower,0,0,15,0,15,0,1,69,2,72,0,1,84,2,87,96,0,96,183
12/13/2004,HKS,MS,ASO,CE,Federal Contract Tower,0,20,8,2,30,0,0,32,1,33,0,20,40,3,63,12,0,12,75
12/14/2004,HKS,MS,ASO,CE,Federal Contract Tower,0,14,14,1,29,0,0,37,12,49,0,14,51,13,78,48,26,74,152
12/15/2004,HKS,MS,ASO,CE,Federal Contract Tower,0,14,28,2,44,0,0,57,0,57,0,14,85,2,101,66,0,66,167
12/16/2004,HKS,MS,ASO,CE,Federal Contract Tower,0,14,17,4,35,0,0,32,6,38,0,14,49,10,73,52,10,62,135
12/17/2004,HKS,MS,ASO,CE,Federal Contract Tower,0,14,17,7,38,0,1,42,11,54,0,15,59,18,92,86,48,134,226
12/18/2004,HKS,MS,ASO,CE,Federal Contract Tower,0,0,21,3,24,0,0,90,10,100,0,0,111,13,124,102,0,102,226
12/19/2004,HKS,MS,ASO,CE,Federal Contract Tower,0,0,1,2,3,0,2,16,5,23,0,2,17,7,26,48,0,48,74
12/20/2004,HKS,MS,ASO,CE,Federal Contract Tower,0,18,17,0,35,0,0,41,0,41,0,18,58,0,76,76,0,76,152
12/21/2004,HKS,MS,ASO,CE,Federal Contract Tower,0,15,19,0,34,0,1,54,5,60,0,16,73,5,94,54,0,54,148
12/22/2004,HKS,MS,ASO,CE,Federal Contract Tower,0,12,9,0,21,0,0,10,3,13,0,12,19,3,34,70,0,70,104
12/23/2004,HKS,MS,ASO,CE,Federal Contract Tower,0,13,9,0,22,0,1,22,2,25,0,14,31,2,47,32,0,32,79
12/24/2004,HKS,MS,ASO,CE,Federal Contract Tower,0,11,8,0,19,0,0,14,0,14,0,11,22,0,33,26,0,26,59
12/25/2004,HKS,MS,ASO,CE,Federal Contract Tower,0,0,2,0,2,0,0,9,0,9,0,0,11,0,11,16,0,16,27
12/26/2004,HKS,MS,ASO,CE,Federal Contract Tower,0,2,22,0,24,0,4,25,0,29,0,6,47,0,53,34,0,34,87
12/27/2004,HKS,MS,ASO,CE,Federal Contract Tower,0,10,22,0,32,0,0,45,0,45,0,10,67,0,77,76,0,76,153
12/28/2004,HKS,MS,ASO,CE,Federal Contract Tower,0,9,15,1,25,0,0,40,8,48,0,9,55,9,73,44,0,44,117
12/29/2004,HKS,MS,ASO,CE,Federal Contract Tower,0,11,26,2,39,0,0,46,4,50,0,11,72,6,89,66,0,66,155
12/30/2004,HKS,MS,ASO,CE,Federal Contract Tower,0,9,11,0,20,0,0,35,7,42,0,9,46,7,62,54,0,54,116
12/31/2004,HKS,MS,ASO,CE,Federal Contract Tower,0,12,14,0,26,0,0,61,0,61,0,12,75,0,87,174,0,174,261
01/01/2005,HKS,MS,ASO,CE,Federal Contract Tower,0,0,18,0,18,0,0,19,0,19,0,0,37,0,37,34,0,34,71
01/02/2005,HKS,MS,ASO,CE,Federal Contract Tower,0,0,28,0,28,0,1,16,0,17,0,1,44,0,45,106,0,106,151
01/03/2005,HKS,MS,ASO,CE,Federal Contract Tower,0,12,9,0,21,0,1,28,0,29,0,13,37,0,50,94,0,94,144
01/04/2005,HKS,MS,ASO,CE,Federal Contract Tower,0,13,23,5,41,0,0,44,7,51,0,13,67,12,92,76,0,76,168
01/05/2005,HKS,MS,ASO,CE,Federal Contract Tower,0,12,24,2,38,0,3,25,2,30,0,15,49,4,68,12,0,12,80
01/06/2005,HKS,MS,ASO,CE,Federal Contract Tower,0,8,25,0,33,0,0,7,0,7,0,8,32,0,40,16,0,16,56
01/07/2005,HKS,MS,ASO,CE,Federal Contract Tower,0,18,18,0,36,0,0,6,0,6,0,18,24,0,42,0,0,0,42
01/08/2005,HKS,MS,ASO,CE,Federal Contract Tower,0,0,24,0,24,0,0,20,11,31,0,0,44,11,55,36,22,58,113
01/09/2005,HKS,MS,ASO,CE,Federal Contract Tower,0,3,25,3,31,0,0,44,4,48,0,3,69,7,79,96,2,98,177
01/10/2005,HKS,MS,ASO,CE,Federal Contract Tower,0,11,21,2,34,0,1,30,4,35,0,12,51,6,69,96,0,96,165
01/11/2005,HKS,MS,ASO,CE,Federal Contract Tower,0,14,40,2,56,0,2,29,3,34,0,16,69,5,90,68,0,68,158
01/12/2005,HKS,MS,ASO,CE,Federal Contract Tower,0,10,23,0,33,0,0,32,1,33,0,10,55,1,66,92,0,92,158
01/13/2005,HKS,MS,ASO,CE,Federal Contract Tower,0,12,10,3,25,0,0,6,0,6,0,12,16,3,31,26,0,26,57
01/14/2005,HKS,MS,ASO,CE,Federal Contract Tower,0,12,28,5,45,0,0,39,0,39,0,12,67,5,84,118,0,118,202
01/15/2005,HKS,MS,ASO,CE,Federal Contract Tower,0,0,18,1,19,0,0,66,0,66,0,0,84,1,85,120,0,120,205
01/16/2005,HKS,MS,ASO,CE,Federal Contract Tower,0,3,18,0,21,0,3,26,0,29,0,6,44,0,50,66,0,66,116
01/17/2005,HKS,MS,ASO,CE,Federal Contract Tower,0,5,25,0,30,0,1,51,0,52,0,6,76,0,82,74,0,74,156
01/18/2005,HKS,MS,ASO,CE,Federal Contract Tower,0,15,19,0,34,0,1,46,7,54,0,16,65,7,88,92,6,98,186
01/19/2005,HKS,MS,ASO,CE,Federal Contract Tower,0,13,25,0,38,0,1,45,10,56,0,14,70,10,94,80,0,80,174
01/20/2005,HKS,MS,ASO,CE,Federal Contract Tower,0,12,30,4,46,0,0,28,1,29,0,12,58,5,75,130,0,130,205
01/21/2005,HKS,MS,ASO,CE,Federal Contract Tower,0,19,24,0,43,0,0,43,4,47,0,19,67,4,90,156,0,156,246
01/22/2005,HKS,MS,ASO,CE,Federal Contract Tower,0,0,10,0,10,0,0,16,0,16,0,0,26,0,26,28,0,28,54
01/23/2005,HKS,MS,ASO,CE,Federal Contract Tower,0,2,12,3,17,0,1,49,7,57,0,3,61,10,74,116,36,152,226
01/24/2005,HKS,MS,ASO,CE,Federal Contract Tower,0,13,30,0,43,0,0,48,1,49,0,13,78,1,92,40,0,40,132
01/25/2005,HKS,MS,ASO,CE,Federal Contract Tower,0,16,30,0,46,0,0,38,5,43,0,16,68,5,89,64,0,64,153
01/26/2005,HKS,MS,ASO,CE,Federal Contract Tower,0,14,25,0,39,0,2,49,2,53,0,16,74,2,92,118,2,120,212
01/27/2005,HKS,MS,ASO,CE,Federal Contract Tower,0,10,23,6,39,0,1,44,7,52,0,11,67,13,91,50,2,52,143
01/28/2005,HKS,MS,ASO,CE,Federal Contract Tower,0,17,31,0,48,0,0,2,0,2,0,17,33,0,50,0,0,0,50
01/29/2005,HKS,MS,ASO,CE,Federal Contract Tower,0,2,9,0,11,0,0,0,0,0,0,2,9,0,11,8,0,8,19
01/30/2005,HKS,MS,ASO,CE,Federal Contract Tower,0,0,40,0,40,0,2,17,0,19,0,2,57,0,59,26,0,26,85
01/31/2005,HKS,MS,ASO,CE,Federal Contract Tower,0,17,15,0,32,0,0,0,0,0,0,17,15,0,32,0,0,0,32
02/01/2005,HKS,MS,ASO,CE,Federal Contract Tower,0,9,17,1,27,0,0,0,0,0,0,9,17,1,27,0,0,0,27
02/02/2005,HKS,MS,ASO,CE,Federal Contract Tower,0,17,15,0,32,0,0,0,0,0,0,17,15,0,32,0,0,0,32
02/03/2005,HKS,MS,ASO,CE,Federal Contract Tower,0,15,19,0,34,0,0,11,2,13,0,15,30,2,47,44,0,44,91
02/04/2005,HKS,MS,ASO,CE,Federal Contract Tower,0,12,19,1,32,0,0,31,8,39,0,12,50,9,71,106,0,106,177
02/05/2005,HKS,MS,ASO,CE,Federal Contract Tower,0,1,17,0,18,0,0,58,1,59,0,1,75,1,77,112,0,112,189
02/06/2005,HKS,MS,ASO,CE,Federal Contract Tower,0,1,15,1,17,0,0,35,2,37,0,1,50,3,54,116,0,116,170
02/07/2005,HKS,MS,ASO,CE,Federal Contract Tower,0,17,11,0,28,0,0,2,0,2,0,17,13,0,30,26,0,26,56
02/08/2005,HKS,MS,ASO,CE,Federal Contract Tower,0,14,27,2,43,0,0,2,10,12,0,14,29,12,55,0,2,2,57
02/09/2005,HKS,MS,ASO,CE,Federal Contract Tower,0,13,16,0,29,0,0,1,1,2,0,13,17,1,31,24,0,24,55
02/10/2005,HKS,MS,ASO,CE,Federal Contract Tower,0,10,27,0,37,0,3,53,6,62,0,13,80,6,99,80,6,86,185
02/11/2005,HKS,MS,ASO,CE,Federal Contract Tower,0,14,28,1,43,0,2,63,13,78,0,16,91,14,121,82,0,82,203
02/12/2005,HKS,MS,ASO,CE,Federal Contract Tower,0,0,25,0,25,0,0,64,8,72,0,0,89,8,97,116,0,116,213
02/13/2005,HKS,MS,ASO,CE,Federal Contract Tower,0,0,17,1,18,0,0,5,1,6,0,0,22,2,24,28,8,36,60
02/14/2005,HKS,MS,ASO,CE,Federal Contract Tower,0,9,15,0,24,0,6,19,4,29,0,15,34,4,53,50,0,50,103
02/15/2005,HKS,MS,ASO,CE,Federal Contract Tower,0,12,29,0,41,0,0,36,15,51,0,12,65,15,92,38,2,40,132
02/16/2005,HKS,MS,ASO,CE,Federal Contract Tower,0,10,21,1,32,0,0,24,1,25,0,10,45,2,57,28,0,28,85
02/17/2005,HKS,MS,ASO,CE,Federal Contract Tower,0,10,12,0,22,0,0,57,10,67,0,10,69,10,89,104,0,104,193
02/18/2005,HKS,MS,ASO,CE,Federal Contract Tower,0,12,23,0,35,0,2,63,16,81,0,14,86,16,116,74,0,74,190
02/19/2005,HKS,MS,ASO,CE,Federal Contract Tower,0,0,17,2,19,0,1,49,1,51,0,1,66,3,70,102,0,102,172
02/20/2005,HKS,MS,ASO,CE,Federal Contract Tower,0,0,13,0,13,0,4,6,0,10,0,4,19,0,23,72,0,72,95
02/21/2005,HKS,MS,ASO,CE,Federal Contract Tower,0,0,33,0,33,0,2,26,0,28,0,2,59,0,61,2,0,2,63
02/22/2005,HKS,MS,ASO,CE,Federal Contract Tower,0,14,22,0,36,0,0,25,2,27,0,14,47,2,63,36,0,36,99
02/23/2005,HKS,MS,ASO,CE,Federal Contract Tower,0,11,19,1,31,0,0,18,2,20,0,11,37,3,51,48,0,48,99
02/24/2005,HKS,MS,ASO,CE,Federal Contract Tower,0,11,18,1,30,0,0,0,1,1,0,11,18,2,31,2,2,4,35
02/25/2005,HKS,MS,ASO,CE,Federal Contract Tower,0,12,23,3,38,0,0,53,16,69,0,12,76,19,107,70,0,70,177
02/26/2005,HKS,MS,ASO,CE,Federal Contract Tower,0,1,24,0,25,0,1,58,8,67,0,2,82,8,92,132,0,132,224
02/27/2005,HKS,MS,ASO,CE,Federal Contract Tower,0,1,20,0,21,0,0,18,0,18,0,1,38,0,39,110,20,130,169
02/28/2005,HKS,MS,ASO,CE,Federal Contract Tower,0,11,13,0,24,0,3,41,1,45,0,14,54,1,69,92,0,92,161
03/01/2005,HKS,MS,ASO,CE,Federal Contract Tower,0,12,12,2,26,0,2,42,23,67,0,14,54,25,93,42,20,62,155
03/02/2005,HKS,MS,ASO,CE,Federal Contract Tower,0,11,35,0,46,0,0,45,2,47,0,11,80,2,93,120,0,120,213
03/03/2005,HKS,MS,ASO,CE,Federal Contract Tower,0,16,36,4,56,0,1,26,15,42,0,17,62,19,98,70,22,92,190
03/04/2005,HKS,MS,ASO,CE,Federal Contract Tower,0,16,35,2,53,0,0,41,6,47,0,16,76,8,100,76,2,78,178
03/05/2005,HKS,MS,ASO,CE,Federal Contract Tower,0,7,16,0,23,0,1,53,1,55,0,8,69,1,78,122,0,122,200
03/06/2005,HKS,MS,ASO,CE,Federal Contract Tower,0,0,20,0,20,0,0,57,4,61,0,0,77,4,81,84,0,84,165
03/07/2005,HKS,MS,ASO,CE,Federal Contract Tower,0,16,18,0,34,0,0,3,0,3,0,16,21,0,37,4,0,4,41
03/08/2005,HKS,MS,ASO,CE,Federal Contract Tower,0,15,20,2,37,0,1,60,14,75,0,16,80,16,112,134,8,142,254
03/09/2005,HKS,MS,ASO,CE,Federal Contract Tower,0,14,18,0,32,0,2,41,9,52,0,16,59,9,84,76,36,112,196
03/10/2005,HKS,MS,ASO,CE,Federal Contract Tower,0,14,19,6,39,0,0,53,15,68,0,14,72,21,107,162,6,168,275
03/11/2005,HKS,MS,ASO,CE,Federal Contract Tower,0,14,16,3,33,0,1,29,13,43,0,15,45,16,76,0,0,0,76
03/12/2005,HKS,MS,ASO,CE,Federal Contract Tower,0,0,18,0,18,0,0,48,3,51,0,0,66,3,69,24,0,24,93
03/13/2005,HKS,MS,ASO,CE,Federal Contract Tower,0,2,14,0,16,0,0,35,5,40,0,2,49,5,56,72,0,72,128
03/14/2005,HKS,MS,ASO,CE,Federal Contract Tower,0,12,18,0,30,0,2,28,0,30,0,14,46,0,60,66,0,66,126
03/15/2005,HKS,MS,ASO,CE,Federal Contract Tower,0,11,6,0,17,0,0,24,3,27,0,11,30,3,44,56,0,56,100
03/16/2005,HKS,MS,ASO,CE,Federal Contract Tower,0,15,24,2,41,0,0,1,0,1,0,15,25,2,42,0,8,8,50
03/17/2005,HKS,MS,ASO,CE,Federal Contract Tower,0,11,21,0,32,0,0,29,7,36,0,11,50,7,68,92,12,104,172
03/18/2005,HKS,MS,ASO,CE,Federal Contract Tower,0,11,27,2,40,0,1,54,16,71,0,12,81,18,111,78,8,86,197
03/19/2005,HKS,MS,ASO,CE,Federal Contract Tower,0,2,21,2,25,0,0,35,5,40,0,2,56,7,65,94,6,100,165
03/20/2005,HKS,MS,ASO,CE,Federal Contract Tower,0,0,9,0,9,0,0,1,0,1,0,0,10,0,10,0,0,0,10
03/21/2005,HKS,MS,ASO,CE,Federal Contract Tower,0,16,13,4,33,0,2,11,6,19,0,18,24,10,52,16,22,38,90
03/22/2005,HKS,MS,ASO,CE,Federal Contract Tower,0,12,12,1,25,0,0,21,3,24,0,12,33,4,49,128,0,128,177
03/23/2005,HKS,MS,ASO,CE,Federal Contract Tower,0,9,20,0,29,0,6,45,15,66,0,15,65,15,95,116,0,116,211
03/24/2005,HKS,MS,ASO,CE,Federal Contract Tower,0,11,26,0,37,0,1,43,7,51,0,12,69,7,88,128,0,128,216
03/25/2005,HKS,MS,ASO,CE,Federal Contract Tower,0,12,10,1,23,0,0,58,6,64,0,12,68,7,87,98,2,100,187
03/26/2005,HKS,MS,ASO,CE,Federal Contract Tower,0,0,19,0,19,0,0,32,0,32,0,0,51,0,51,124,0,124,175
03/27/2005,HKS,MS,ASO,CE,Federal Contract Tower,0,0,8,0,8,0,0,0,0,0,0,0,8,0,8,0,0,0,8
03/28/2005,HKS,MS,ASO,CE,Federal Contract Tower,0,17,22,0,39,0,3,34,0,37,0,20,56,0,76,66,0,66,142
03/29/2005,HKS,MS,ASO,CE,Federal Contract Tower,0,0,17,1,18,0,20,46,9,75,0,20,63,10,93,76,10,86,179
03/30/2005,HKS,MS,ASO,CE,Federal Contract Tower,0,14,36,6,56,0,4,26,21,51,0,18,62,27,107,56,18,74,181
03/31/2005,HKS,MS,ASO,CE,Federal Contract Tower,0,9,23,5,37,0,1,41,15,57,0,10,64,20,94,72,24,96,190
04/01/2005,HKS,MS,ASO,CE,Federal Contract Tower,0,12,18,1,31,0,0,10,4,14,0,12,28,5,45,62,8,70,115
04/02/2005,HKS,MS,ASO,CE,Federal Contract Tower,0,0,9,0,9,0,0,57,0,57,0,0,66,0,66,44,0,44,110
04/03/2005,HKS,MS,ASO,CE,Federal Contract Tower,0,3,22,0,25,0,0,56,0,56,0,3,78,0,81,118,0,118,199
04/04/2005,HKS,MS,ASO,CE,Federal Contract Tower,0,17,16,2,35,0,2,48,5,55,0,19,64,7,90,110,4,114,204
04/05/2005,HKS,MS,ASO,CE,Federal Contract Tower,0,11,19,3,33,0,0,49,16,65,0,11,68,19,98,74,10,84,182
04/06/2005,HKS,MS,ASO,CE,Federal Contract Tower,0,12,13,0,25,0,0,13,4,17,0,12,26,4,42,44,0,44,86
04/07/2005,HKS,MS,ASO,CE,Federal Contract Tower,0,12,16,3,31,0,0,24,12,36,0,12,40,15,67,140,0,140,207
04/08/2005,HKS,MS,ASO,CE,Federal Contract Tower,0,13,31,0,44,0,0,32,2,34,0,13,63,2,78,96,0,96,174
04/09/2005,HKS,MS,ASO,CE,Federal Contract Tower,0,2,14,1,17,0,0,70,1,71,0,2,84,2,88,124,0,124,212
04/10/2005,HKS,MS,ASO,CE,Federal Contract Tower,0,0,18,0,18,0,0,36,6,42,0,0,54,6,60,60,0,60,120
04/11/2005,HKS,MS,ASO,CE,Federal Contract Tower,0,12,9,0,21,0,0,12,0,12,0,12,21,0,33,16,0,16,49
04/12/2005,HKS,MS,ASO,CE,Federal Contract Tower,0,9,17,14,40,0,0,56,17,73,0,9,73,31,113,70,4,74,187
04/13/2005,HKS,MS,ASO,CE,Federal Contract Tower,0,10,17,2,29,0,0,46,18,64,0,10,63,20,93,58,0,58,151
04/14/2005,HKS,MS,ASO,CE,Federal Contract Tower,0,10,22,4,36,0,2,40,14,56,0,12,62,18,92,132,0,132,224
04/15/2005,HKS,MS,ASO,CE,Federal Contract Tower,0,13,18,2,33,0,1,37,4,42,0,14,55,6,75,102,0,102,177
04/16/2005,HKS,MS,ASO,CE,Federal Contract Tower,0,0,16,0,16,0,0,53,3,56,0,0,69,3,72,130,0,130,202
04/17/2005,HKS,MS,ASO,CE,Federal Contract Tower,0,1,22,0,23,0,3,70,0,73,0,4,92,0,96,50,0,50,146
04/18/2005,HKS,MS,ASO,CE,Federal Contract Tower,0,15,19,2,36,0,1,46,4,51,0,16,65,6,87,72,14,86,173
04/19/2005,HKS,MS,ASO,CE,Federal Contract Tower,0,16,21,4,41,0,0,48,9,57,0,16,69,13,98,48,6,54,152
04/20/2005,HKS,MS,ASO,CE,Federal Contract Tower,0,12,2,14,28,0,3,63,0,66,0,15,65,14,94,88,28,116,210
04/21/2005,HKS,MS,ASO,CE,Federal Contract Tower,0,10,34,3,47,0,0,45,8,53,0,10,79,11,100,80,0,80,180
04/22/2005,HKS,MS,ASO,CE,Federal Contract Tower,0,11,8,1,20,0,1,21,5,27,0,12,29,6,47,42,4,46,93
04/23/2005,HKS,MS,ASO,CE,Federal Contract Tower,0,0,22,0,22,0,2,53,2,57,0,2,75,2,79,132,0,132,211
04/24/2005,HKS,MS,ASO,CE,Federal Contract Tower,0,0,36,0,36,0,0,44,0,44,0,0,80,0,80,82,0,82,162
04/25/2005,HKS,MS,ASO,CE,Federal Contract Tower,0,16,23,0,39,0,1,34,3,38,0,17,57,3,77,66,24,90,167
04/26/2005,HKS,MS,ASO,CE,Federal Contract Tower,0,12,8,6,26,0,0,18,14,32,0,12,26,20,58,26,46,72,130
04/27/2005,HKS,MS,ASO,CE,Federal Contract Tower,0,12,33,3,48,0,1,68,7,76,0,13,101,10,124,108,48,156,280
04/28/2005,HKS,MS,ASO,CE,Federal Contract Tower,0,13,21,4,38,0,1,37,14,52,0,14,58,18,90,118,12,130,220
04/29/2005,HKS,MS,ASO,CE,Federal Contract Tower,0,11,17,3,31,0,2,22,13,37,0,13,39,16,68,46,20,66,134
04/30/2005,HKS,MS,ASO,CE,Federal Contract Tower,0,2,13,0,15,0,0,10,0,10,0,2,23,0,25,8,0,8,33
05/01/2005,HKS,MS,ASO,CE,Federal Contract Tower,0,1,14,1,16,0,2,57,3,62,0,3,71,4,78,102,0,102,180
05/02/2005,HKS,MS,ASO,CE,Federal Contract Tower,0,11,12,4,27,0,2,25,4,31,0,13,37,8,58,60,0,60,118
05/03/2005,HKS,MS,ASO,CE,Federal Contract Tower,0,18,36,1,55,0,0,32,8,40,0,18,68,9,95,84,10,94,189
05/04/2005,HKS,MS,ASO,CE,Federal Contract Tower,0,11,38,4,53,0,0,60,12,72,0,11,98,16,125,56,28,84,209
05/05/2005,HKS,MS,ASO,CE,Federal Contract Tower,0,9,29,2,40,0,0,68,7,75,0,9,97,9,115,52,4,56,171
05/06/2005,HKS,MS,ASO,CE,Federal Contract Tower,0,11,22,0,33,0,1,71,7,79,0,12,93,7,112,160,0,160,272
05/07/2005,HKS,MS,ASO,CE,Federal Contract Tower,0,0,19,0,19,0,0,43,1,44,0,0,62,1,63,122,0,122,185
05/08/2005,HKS,MS,ASO,CE,Federal Contract Tower,0,2,16,0,18,0,0,42,0,42,0,2,58,0,60,56,0,56,116
05/09/2005,HKS,MS,ASO,CE,Federal Contract Tower,0,11,14,0,25,0,0,24,1,25,0,11,38,1,50,52,0,52,102
05/10/2005,HKS,MS,ASO,CE,Federal Contract Tower,0,10,34,0,44,0,0,36,2,38,0,10,70,2,82,86,0,86,168
05/11/2005,HKS,MS,ASO,CE,Federal Contract Tower,0,12,40,2,54,0,0,47,1,48,0,12,87,3,102,122,0,122,224
05/12/2005,HKS,MS,ASO,CE,Federal Contract Tower,0,12,24,0,36,0,1,56,3,60,0,13,80,3,96,74,0,74,170
05/13/2005,HKS,MS,ASO,CE,Federal Contract Tower,0,14,22,5,41,0,0,61,2,63,0,14,83,7,104,120,0,120,224
05/14/2005,HKS,MS,ASO,CE,Federal Contract Tower,0,0,17,0,17,0,0,67,0,67,0,0,84,0,84,168,0,168,252
05/15/2005,HKS,MS,ASO,CE,Federal Contract Tower,0,0,23,0,23,0,0,30,6,36,0,0,53,6,59,76,0,76,135
05/16/2005,HKS,MS,ASO,CE,Federal Contract Tower,0,13,26,2,41,0,1,55,3,59,0,14,81,5,100,60,0,60,160
05/17/2005,HKS,MS,ASO,CE,Federal Contract Tower,0,10,21,0,31,0,1,67,3,71,0,11,88,3,102,110,0,110,212
05/18/2005,HKS,MS,ASO,CE,Federal Contract Tower,0,10,31,1,42,0,1,66,2,69,0,11,97,3,111,118,0,118,229
05/19/2005,HKS,MS,ASO,CE,Federal Contract Tower,0,10,37,2,49,0,0,41,6,47,0,10,78,8,96,114,2,116,212
05/20/2005,HKS,MS,ASO,CE,Federal Contract Tower,0,13,13,2,28,0,0,32,11,43,0,13,45,13,71,20,0,20,91
05/21/2005,HKS,MS,ASO,CE,Federal Contract Tower,0,1,12,0,13,0,0,50,2,52,0,1,62,2,65,154,0,154,219
05/22/2005,HKS,MS,ASO,CE,Federal Contract Tower,0,0,16,1,17,0,0,44,3,47,0,0,60,4,64,116,0,116,180
05/23/2005,HKS,MS,ASO,CE,Federal Contract Tower,0,10,28,0,38,0,0,54,34,88,0,10,82,34,126,64,0,64,190
05/24/2005,HKS,MS,ASO,CE,Federal Contract Tower,0,8,13,0,21,0,2,34,13,49,0,10,47,13,70,14,2,16,86
05/25/2005,HKS,MS,ASO,CE,Federal Contract Tower,0,13,30,2,45,0,0,61,15,76,0,13,91,17,121,102,0,102,223
05/26/2005,HKS,MS,ASO,CE,Federal Contract Tower,0,9,25,0,34,0,0,66,25,91,0,9,91,25,125,86,0,86,211
05/27/2005,HKS,MS,ASO,CE,Federal Contract Tower,0,13,17,0,30,0,0,53,3,56,0,13,70,3,86,34,0,34,120
05/28/2005,HKS,MS,ASO,CE,Federal Contract Tower,0,0,14,0,14,0,0,28,0,28,0,0,42,0,42,184,0,184,226
05/29/2005,HKS,MS,ASO,CE,Federal Contract Tower,0,0,15,0,15,0,0,12,0,12,0,0,27,0,27,10,0,10,37
05/30/2005,HKS,MS,ASO,CE,Federal Contract Tower,0,0,24,0,24,0,0,11,0,11,0,0,35,0,35,12,0,12,47
05/31/2005,HKS,MS,ASO,CE,Federal Contract Tower,0,10,19,2,31,0,0,9,3,12,0,10,28,5,43,4,0,4,47
06/01/2005,HKS,MS,ASO,CE,Federal Contract Tower,0,11,17,2,30,0,5,34,7,46,0,16,51,9,76,54,0,54,130
06/02/2005,HKS,MS,ASO,CE,Federal Contract Tower,0,11,15,5,31,0,0,57,6,63,0,11,72,11,94,82,4,86,180
06/03/2005,HKS,MS,ASO,CE,Federal Contract Tower,0,13,24,3,40,0,8,54,11,73,0,21,78,14,113,88,14,102,215
06/04/2005,HKS,MS,ASO,CE,Federal Contract Tower,0,0,14,0,14,0,0,69,0,69,0,0,83,0,83,44,0,44,127
06/05/2005,HKS,MS,ASO,CE,Federal Contract Tower,0,5,17,0,22,0,4,58,3,65,0,9,75,3,87,60,0,60,147
06/06/2005,HKS,MS,ASO,CE,Federal Contract Tower,0,15,19,1,35,0,0,12,3,15,0,15,31,4,50,36,0,36,86
06/07/2005,HKS,MS,ASO,CE,Federal Contract Tower,0,7,19,2,28,0,0,55,12,67,0,7,74,14,95,34,6,40,135
06/08/2005,HKS,MS,ASO,CE,Federal Contract Tower,0,11,18,0,29,0,1,37,5,43,0,12,55,5,72,56,0,56,128
06/09/2005,HKS,MS,ASO,CE,Federal Contract Tower,0,10,16,2,28,0,0,44,8,52,0,10,60,10,80,96,6,102,182
06/10/2005,HKS,MS,ASO,CE,Federal Contract Tower,0,11,17,1,29,0,0,41,4,45,0,11,58,5,74,66,0,66,140
06/11/2005,HKS,MS,ASO,CE,Federal Contract Tower,0,0,12,0,12,0,0,12,2,14,0,0,24,2,26,18,2,20,46
06/12/2005,HKS,MS,ASO,CE,Federal Contract Tower,0,0,21,0,21,0,0,36,6,42,0,0,57,6,63,24,4,28,91
06/13/2005,HKS,MS,ASO,CE,Federal Contract Tower,0,9,21,0,30,0,2,33,1,36,0,11,54,1,66,58,0,58,124
06/14/2005,HKS,MS,ASO,CE,Federal Contract Tower,0,9,27,2,38,0,0,50,8,58,0,9,77,10,96,58,0,58,154
06/15/2005,HKS,MS,ASO,CE,Federal Contract Tower,0,18,25,1,44,0,1,65,3,69,0,19,90,4,113,112,0,112,225
06/16/2005,HKS,MS,ASO,CE,Federal Contract Tower,0,10,24,5,39,0,0,67,22,89,0,10,91,27,128,74,46,120,248
06/17/2005,HKS,MS,ASO,CE,Federal Contract Tower,0,10,16,0,26,0,0,38,2,40,0,10,54,2,66,28,6,34,100
06/18/2005,HKS,MS,ASO,CE,Federal Contract Tower,0,0,11,2,13,0,0,51,0,51,0,0,62,2,64,104,0,104,168
06/19/2005,HKS,MS,ASO,CE,Federal Contract Tower,0,1,12,0,13,0,0,46,0,46,0,1,58,0,59,28,0,28,87
06/20/2005,HKS,MS,ASO,CE,Federal Contract Tower,0,11,14,0,25,0,0,28,3,31,0,11,42,3,56,74,0,74,130
06/21/2005,HKS,MS,ASO,CE,Federal Contract Tower,0,9,19,1,29,0,0,34,11,45,0,9,53,12,74,102,36,138,212
06/22/2005,HKS,MS,ASO,CE,Federal Contract Tower,0,13,25,3,41,0,1,54,6,61,0,14,79,9,102,80,30,110,212
06/23/2005,HKS,MS,ASO,CE,Federal Contract Tower,0,11,17,4,32,0,0,70,6,76,0,11,87,10,108,92,0,92,200
06/24/2005,HKS,MS,ASO,CE,Federal Contract Tower,0,17,18,2,37,0,0,61,15,76,0,17,79,17,113,96,6,102,215
06/25/2005,HKS,MS,ASO,CE,Federal Contract Tower,0,1,31,0,32,0,0,56,6,62,0,1,87,6,94,190,0,190,284
06/26/2005,HKS,MS,ASO,CE,Federal Contract Tower,0,0,20,1,21,0,0,25,0,25,0,0,45,1,46,88,0,88,134
06/27/2005,HKS,MS,ASO,CE,Federal Contract Tower,0,11,25,0,36,0,1,43,6,50,0,12,68,6,86,96,0,96,182
06/28/2005,HKS,MS,ASO,CE,Federal Contract Tower,0,10,28,3,41,0,0,60,9,69,0,10,88,12,110,82,12,94,204
06/29/2005,HKS,MS,ASO,CE,Federal Contract Tower,0,9,48,0,57,0,1,49,16,66,0,10,97,16,123,126,6,132,255
06/30/2005,HKS,MS,ASO,CE,Federal Contract Tower,0,11,26,0,37,0,1,52,10,63,0,12,78,10,100,152,0,152,252
07/01/2005,HKS,MS,ASO,CE,Federal Contract Tower,0,11,21,0,32,0,0,41,1,42,0,11,62,1,74,66,0,66,140
07/02/2005,HKS,MS,ASO,CE,Federal Contract Tower,0,1,13,0,14,0,0,44,0,44,0,1,57,0,58,120,0,120,178
07/03/2005,HKS,MS,ASO,CE,Federal Contract Tower,0,0,13,1,14,0,0,25,1,26,0,0,38,2,40,28,0,28,68
07/04/2005,HKS,MS,ASO,CE,Federal Contract Tower,0,0,24,0,24,0,0,50,0,50,0,0,74,0,74,78,0,78,152
07/05/2005,HKS,MS,ASO,CE,Federal Contract Tower,0,10,21,2,33,0,2,31,8,41,0,12,52,10,74,48,18,66,140
07/06/2005,HKS,MS,ASO,CE,Federal Contract Tower,0,9,8,1,18,0,0,21,3,24,0,9,29,4,42,60,0,60,102
07/07/2005,HKS,MS,ASO,CE,Federal Contract Tower,0,13,1,1,15,0,0,73,4,77,0,13,74,5,92,56,0,56,148
07/08/2005,HKS,MS,ASO,CE,Federal Contract Tower,0,14,17,5,36,0,0,45,2,47,0,14,62,7,83,122,0,122,205
07/09/2005,HKS,MS,ASO,CE,Federal Contract Tower,0,2,15,0,17,0,0,44,1,45,0,2,59,1,62,138,0,138,200
07/10/2005,HKS,MS,ASO,CE,Federal Contract Tower,0,1,5,0,6,0,0,18,1,19,0,1,23,1,25,20,0,20,45
07/11/2005,HKS,MS,ASO,CE,Federal Contract Tower,0,14,7,0,21,0,0,25,4,29,0,14,32,4,50,18,0,18,68
07/12/2005,HKS,MS,ASO,CE,Federal Contract Tower,0,15,30,0,45,0,2,58,8,68,0,17,88,8,113,42,0,42,155
07/13/2005,HKS,MS,ASO,CE,Federal Contract Tower,0,16,21,2,39,0,2,45,18,65,0,18,66,20,104,110,0,110,214
07/14/2005,HKS,MS,ASO,CE,Federal Contract Tower,0,15,29,2,46,0,1,41,14,56,0,16,70,16,102,74,10,84,186
07/15/2005,HKS,MS,ASO,CE,Federal Contract Tower,0,12,20,2,34,0,0,29,12,41,0,12,49,14,75,48,10,58,133
07/16/2005,HKS,MS,ASO,CE,Federal Contract Tower,0,1,15,0,16,0,0,40,2,42,0,1,55,2,58,86,0,86,144
07/17/2005,HKS,MS,ASO,CE,Federal Contract Tower,0,0,20,0,20,0,1,55,0,56,0,1,75,0,76,26,0,26,102
07/18/2005,HKS,MS,ASO,CE,Federal Contract Tower,0,11,31,0,42,0,1,55,2,58,0,12,86,2,100,120,0,120,220
07/19/2005,HKS,MS,ASO,CE,Federal Contract Tower,0,10,15,1,26,0,2,57,11,70,0,12,72,12,96,186,10,196,292
07/20/2005,HKS,MS,ASO,CE,Federal Contract Tower,0,12,21,1,34,0,1,58,13,72,0,13,79,14,106,52,8,60,166
07/21/2005,HKS,MS,ASO,CE,Federal Contract Tower,0,15,18,1,34,0,1,50,9,60,0,16,68,10,94,74,0,74,168
07/22/2005,HKS,MS,ASO,CE,Federal Contract Tower,0,18,31,1,50,0,2,48,11,61,0,20,79,12,111,116,14,130,241
07/23/2005,HKS,MS,ASO,CE,Federal Contract Tower,0,0,27,2,29,0,0,54,3,57,0,0,81,5,86,138,0,138,224
07/24/2005,HKS,MS,ASO,CE,Federal Contract Tower,0,2,21,0,23,0,0,35,2,37,0,2,56,2,60,110,0,110,170
07/25/2005,HKS,MS,ASO,CE,Federal Contract Tower,0,12,12,1,25,0,4,38,7,49,0,16,50,8,74,86,0,86,160
07/26/2005,HKS,MS,ASO,CE,Federal Contract Tower,0,13,14,3,30,0,0,52,12,64,0,13,66,15,94,58,14,72,166
07/27/2005,HKS,MS,ASO,CE,Federal Contract Tower,0,13,22,1,36,0,0,36,15,51,0,13,58,16,87,94,54,148,235
07/28/2005,HKS,MS,ASO,CE,Federal Contract Tower,0,13,17,1,31,0,2,45,6,53,0,15,62,7,84,70,0,70,154
07/29/2005,HKS,MS,ASO,CE,Federal Contract Tower,0,16,18,3,37,0,1,55,6,62,0,17,73,9,99,76,6,82,181
07/30/2005,HKS,MS,ASO,CE,Federal Contract Tower,0,0,14,0,14,0,0,55,2,57,0,0,69,2,71,172,0,172,243
07/31/2005,HKS,MS,ASO,CE,Federal Contract Tower,0,0,18,0,18,0,0,12,0,12,0,0,30,0,30,50,0,50,80
08/01/2005,HKS,MS,ASO,CE,Federal Contract Tower,0,13,18,0,31,0,4,24,1,29,0,17,42,1,60,68,0,68,128
08/02/2005,HKS,MS,ASO,CE,Federal Contract Tower,0,17,24,0,41,0,1,48,4,53,0,18,72,4,94,22,2,24,118
08/03/2005,HKS,MS,ASO,CE,Federal Contract Tower,0,17,31,0,48,0,0,41,10,51,0,17,72,10,99,60,2,62,161
08/04/2005,HKS,MS,ASO,CE,Federal Contract Tower,0,19,17,4,40,0,0,33,17,50,0,19,50,21,90,48,20,68,158
08/05/2005,HKS,MS,ASO,CE,Federal Contract Tower,0,18,23,1,42,0,0,36,5,41,0,18,59,6,83,40,4,44,127
08/06/2005,HKS,MS,ASO,CE,Federal Contract Tower,0,0,15,0,15,0,1,61,4,66,0,1,76,4,81,108,0,108,189
08/07/2005,HKS,MS,ASO,CE,Federal Contract Tower,0,4,17,0,21,0,1,47,0,48,0,5,64,0,69,102,30,132,201
08/08/2005,HKS,MS,ASO,CE,Federal Contract Tower,0,13,16,2,31,0,1,39,2,42,0,14,55,4,73,30,8,38,111
08/09/2005,HKS,MS,ASO,CE,Federal Contract Tower,0,19,23,7,49,0,3,37,19,59,0,22,60,26,108,26,22,48,156
08/10/2005,HKS,MS,ASO,CE,Federal Contract Tower,0,22,27,0,49,0,3,38,2,43,0,25,65,2,92,42,0,42,134
08/11/2005,HKS,MS,ASO,CE,Federal Contract Tower,0,16,21,2,39,0,3,68,4,75,0,19,89,6,114,64,0,64,178
08/12/2005,HKS,MS,ASO,CE,Federal Contract Tower,0,20,14,2,36,0,3,37,8,48,0,23,51,10,84,0,6,6,90
08/13/2005,HKS,MS,ASO,CE,Federal Contract Tower,0,0,24,0,24,0,0,34,2,36,0,0,58,2,60,120,0,120,180
08/14/2005,HKS,MS,ASO,CE,Federal Contract Tower,0,5,17,0,22,0,2,27,4,33,0,7,44,4,55,46,0,46,101
08/15/2005,HKS,MS,ASO,CE,Federal Contract Tower,0,16,22,0,38,0,0,39,0,39,0,16,61,0,77,10,0,10,87
08/16/2005,HKS,MS,ASO,CE,Federal Contract Tower,0,12,22,2,36,0,2,38,3,43,0,14,60,5,79,54,0,54,133
08/17/2005,HKS,MS,ASO,CE,Federal Contract Tower,0,11,23,7,41,0,0,43,6,49,0,11,66,13,90,35,8,43,133
08/18/2005,HKS,MS,ASO,CE,Federal Contract Tower,0,17,28,3,48,0,1,39,8,48,0,18,67,11,96,44,22,66,162
08/19/2005,HKS,MS,ASO,CE,Federal Contract Tower,0,15,25,2,42,0,3,50,27,80,0,18,75,29,122,118,46,164,286
08/20/2005,HKS,MS,ASO,CE,Federal Contract Tower,0,2,21,4,27,0,0,44,7,51,0,2,65,11,78,96,8,104,182
08/21/2005,HKS,MS,ASO,CE,Federal Contract Tower,0,4,25,9,38,0,0,40,15,55,0,4,65,24,93,48,20,68,161
08/22/2005,HKS,MS,ASO,CE,Federal Contract Tower,0,17,14,3,34,0,2,23,6,31,0,19,37,9,65,48,20,68,133
08/23/2005,HKS,MS,ASO,CE,Federal Contract Tower,0,10,35,3,48,0,1,41,7,49,0,11,76,10,97,82,14,96,193
08/24/2005,HKS,MS,ASO,CE,Federal Contract Tower,0,14,19,3,36,0,0,38,10,48,0,14,57,13,84,110,20,130,214
08/25/2005,HKS,MS,ASO,CE,Federal Contract Tower,0,16,22,7,45,0,2,35,14,51,0,18,57,21,96,26,34,60,156
08/26/2005,HKS,MS,ASO,CE,Federal Contract Tower,0,16,26,3,45,0,11,46,8,65,0,27,72,11,110,56,24,80,190
08/27/2005,HKS,MS,ASO,CE,Federal Contract Tower,0,0,9,0,9,0,0,49,1,50,0,0,58,1,59,26,0,26,85
08/28/2005,HKS,MS,ASO,CE,Federal Contract Tower,0,4,19,0,23,0,0,46,4,50,0,4,65,4,73,44,0,44,117
08/29/2005,HKS,MS,ASO,CE,Federal Contract Tower,0,1,0,0,1,0,0,0,0,0,0,1,0,0,1,0,0,0,1
08/30/2005,HKS,MS,ASO,CE,Federal Contract Tower,0,7,10,0,17,0,1,26,10,37,0,8,36,10,54,0,0,0,54
08/31/2005,HKS,MS,ASO,CE,Federal Contract Tower,0,12,21,9,42,0,6,61,23,90,0,18,82,32,132,12,0,12,144
09/01/2005,HKS,MS,ASO,CE,Federal Contract Tower,0,11,30,0,41,0,3,51,17,71,0,14,81,17,112,2,0,2,114
09/02/2005,HKS,MS,ASO,CE,Federal Contract Tower,0,13,28,1,42,0,2,70,10,82,0,15,98,11,124,6,0,6,130
09/03/2005,HKS,MS,ASO,CE,Federal Contract Tower,0,0,23,3,26,0,1,85,16,102,0,1,108,19,128,30,0,30,158
09/04/2005,HKS,MS,ASO,CE,Federal Contract Tower,0,2,11,0,13,0,0,77,26,103,0,2,88,26,116,20,28,48,164
09/05/2005,HKS,MS,ASO,CE,Federal Contract Tower,0,0,29,2,31,0,5,66,32,103,0,5,95,34,134,52,10,62,196
09/06/2005,HKS,MS,ASO,CE,Federal Contract Tower,0,11,32,0,43,0,5,86,32,123,0,16,118,32,166,12,0,12,178
09/07/2005,HKS,MS,ASO,CE,Federal Contract Tower,0,14,36,4,54,0,0,92,14,106,0,14,128,18,160,20,0,20,180
09/08/2005,HKS,MS,ASO,CE,Federal Contract Tower,0,13,37,2,52,0,0,94,13,107,0,13,131,15,159,20,0,20,179
09/09/2005,HKS,MS,ASO,CE,Federal Contract Tower,0,17,31,6,54,0,0,101,18,119,0,17,132,24,173,44,0,44,217
09/10/2005,HKS,MS,ASO,CE,Federal Contract Tower,0,2,22,2,26,0,0,94,8,102,0,2,116,10,128,52,0,52,180
09/11/2005,HKS,MS,ASO,CE,Federal Contract Tower,0,0,26,3,29,0,0,83,10,93,0,0,109,13,122,100,0,100,222
09/12/2005,HKS,MS,ASO,CE,Federal Contract Tower,0,14,28,0,42,0,2,58,5,65,0,16,86,5,107,10,2,12,119
09/13/2005,HKS,MS,ASO,CE,Federal Contract Tower,0,14,31,3,48,0,3,67,10,80,0,17,98,13,128,44,4,48,176
09/14/2005,HKS,MS,ASO,CE,Federal Contract Tower,0,10,20,1,31,0,2,76,10,88,0,12,96,11,119,30,0,30,149
09/15/2005,HKS,MS,ASO,CE,Federal Contract Tower,0,16,30,7,53,0,1,76,7,84,0,17,106,14,137,38,0,38,175
09/16/2005,HKS,MS,ASO,CE,Federal Contract Tower,0,11,27,0,38,0,0,67,6,73,0,11,94,6,111,38,22,60,171
09/17/2005,HKS,MS,ASO,CE,Federal Contract Tower,0,5,31,1,37,0,0,71,7,78,0,5,102,8,115,98,0,98,213
09/18/2005,HKS,MS,ASO,CE,Federal Contract Tower,0,1,19,0,20,0,0,67,13,80,0,1,86,13,100,76,4,80,180
09/19/2005,HKS,MS,ASO,CE,Federal Contract Tower,0,16,28,2,46,0,0,71,8,79,0,16,99,10,125,62,6,68,193
09/20/2005,HKS,MS,ASO,CE,Federal Contract Tower,0,19,25,6,50,0,0,70,7,77,0,19,95,13,127,50,0,50,177
09/21/2005,HKS,MS,ASO,CE,Federal Contract Tower,0,13,16,3,32,0,0,64,10,74,0,13,80,13,106,10,38,48,154
09/22/2005,HKS,MS,ASO,CE,Federal Contract Tower,0,18,31,4,53,0,0,89,22,111,0,18,120,26,164,98,20,118,282
09/23/2005,HKS,MS,ASO,CE,Federal Contract Tower,0,15,9,1,25,0,0,32,7,39,0,15,41,8,64,16,26,42,106
09/24/2005,HKS,MS,ASO,CE,Federal Contract Tower,0,0,0,0,0,0,0,6,0,6,0,0,6,0,6,0,0,0,6
09/25/2005,HKS,MS,ASO,CE,Federal Contract Tower,0,2,3,0,5,0,0,6,0,6,0,2,9,0,11,0,0,0,11
09/26/2005,HKS,MS,ASO,CE,Federal Contract Tower,0,14,26,0,40,0,0,61,3,64,0,14,87,3,104,30,2,32,136
09/27/2005,HKS,MS,ASO,CE,Federal Contract Tower,0,11,41,6,58,0,0,61,7,68,0,11,102,13,126,46,6,52,178
09/28/2005,HKS,MS,ASO,CE,Federal Contract Tower,0,13,37,3,53,0,0,58,8,66,0,13,95,11,119,46,0,46,165
09/29/2005,HKS,MS,ASO,CE,Federal Contract Tower,0,12,53,4,69,0,1,33,7,41,0,13,86,11,110,66,0,66,176
09/30/2005,HKS,MS,ASO,CE,Federal Contract Tower,0,13,29,7,49,0,1,81,14,96,0,14,110,21,145,88,16,104,249
10/01/2005,HKS,MS,ASO,CE,Federal Contract Tower,0,0,17,0,17,0,1,57,3,61,0,1,74,3,78,82,10,92,170
10/02/2005,HKS,MS,ASO,CE,Federal Contract Tower,0,0,22,4,26,0,3,61,0,64,0,3,83,4,90,52,0,52,142
10/03/2005,HKS,MS,ASO,CE,Federal Contract Tower,0,13,22,1,36,0,0,52,9,61,0,13,74,10,97,38,8,46,143
10/04/2005,HKS,MS,ASO,CE,Federal Contract Tower,0,15,24,7,46,0,0,36,9,45,0,15,60,16,91,38,28,66,157
10/05/2005,HKS,MS,ASO,CE,Federal Contract Tower,0,12,29,6,47,0,2,53,2,57,0,14,82,8,104,10,6,16,120
10/06/2005,HKS,MS,ASO,CE,Federal Contract Tower,0,12,33,6,51,0,1,49,3,53,0,13,82,9,104,86,0,86,190
10/07/2005,HKS,MS,ASO,CE,Federal Contract Tower,0,19,22,0,41,0,1,41,2,44,0,20,63,2,85,22,0,22,107
10/08/2005,HKS,MS,ASO,CE,Federal Contract Tower,0,1,13,0,14,0,0,65,3,68,0,1,78,3,82,130,0,130,212
10/09/2005,HKS,MS,ASO,CE,Federal Contract Tower,0,2,18,0,20,0,0,47,0,47,0,2,65,0,67,46,0,46,113
10/10/2005,HKS,MS,ASO,CE,Federal Contract Tower,0,2,22,0,24,0,0,61,0,61,0,2,83,0,85,70,0,70,155
10/11/2005,HKS,MS,ASO,CE,Federal Contract Tower,0,13,28,2,43,0,0,44,12,56,0,13,72,14,99,54,42,96,195
10/12/2005,HKS,MS,ASO,CE,Federal Contract Tower,0,9,24,5,38,0,1,58,7,66,0,10,82,12,104,58,6,64,168
10/13/2005,HKS,MS,ASO,CE,Federal Contract Tower,0,12,6,16,34,0,3,79,0,82,0,15,85,16,116,54,4,58,174
10/14/2005,HKS,MS,ASO,CE,Federal Contract Tower,0,13,27,1,41,0,1,67,3,71,0,14,94,4,112,26,4,30,142
10/15/2005,HKS,MS,ASO,CE,Federal Contract Tower,0,0,33,0,33,0,0,76,18,94,0,0,109,18,127,66,0,66,193
10/16/2005,HKS,MS,ASO,CE,Federal Contract Tower,0,0,25,0,25,0,0,48,8,56,0,0,73,8,81,74,0,74,155
10/17/2005,HKS,MS,ASO,CE,Federal Contract Tower,0,10,29,5,44,0,4,37,5,46,0,14,66,10,90,24,16,40,130
10/18/2005,HKS,MS,ASO,CE,Federal Contract Tower,0,13,28,5,46,0,0,49,5,54,0,13,77,10,100,102,12,114,214
10/19/2005,HKS,MS,ASO,CE,Federal Contract Tower,0,20,25,5,50,0,0,52,2,54,0,20,77,7,104,34,6,40,144
10/20/2005,HKS,MS,ASO,CE,Federal Contract Tower,0,16,35,2,53,0,3,42,12,57,0,19,77,14,110,36,8,44,154
10/21/2005,HKS,MS,ASO,CE,Federal Contract Tower,0,16,24,0,40,0,0,61,5,66,0,16,85,5,106,56,2,58,164
10/22/2005,HKS,MS,ASO,CE,Federal Contract Tower,0,4,20,1,25,0,1,42,2,45,0,5,62,3,70,82,0,82,152
10/23/2005,HKS,MS,ASO,CE,Federal Contract Tower,0,0,14,2,16,0,0,34,0,34,0,0,48,2,50,40,0,40,90
10/24/2005,HKS,MS,ASO,CE,Federal Contract Tower,0,14,22,2,38,0,0,27,1,28,0,14,49,3,66,16,0,16,82
10/25/2005,HKS,MS,ASO,CE,Federal Contract Tower,0,12,25,2,39,0,1,45,3,49,0,13,70,5,88,36,40,76,164
10/26/2005,HKS,MS,ASO,CE,Federal Contract Tower,0,18,22,1,41,0,0,64,10,74,0,18,86,11,115,62,2,64,179
10/27/2005,HKS,MS,ASO,CE,Federal Contract Tower,0,14,31,3,48,0,0,59,16,75,0,14,90,19,123,22,0,22,145
10/28/2005,HKS,MS,ASO,CE,Federal Contract Tower,0,16,21,2,39,0,0,52,2,54,0,16,73,4,93,50,14,64,157
10/29/2005,HKS,MS,ASO,CE,Federal Contract Tower,0,0,29,0,29,0,0,73,0,73,0,0,102,0,102,134,14,148,250
10/30/2005,HKS,MS,ASO,CE,Federal Contract Tower,0,0,23,2,25,0,4,37,6,47,0,4,60,8,72,86,0,86,158
10/31/2005,HKS,MS,ASO,CE,Federal Contract Tower,0,14,14,0,28,0,0,34,2,36,0,14,48,2,64,36,24,60,124
11/01/2005,HKS,MS,ASO,CE,Federal Contract Tower,0,13,23,3,39,0,0,25,11,36,0,13,48,14,75,74,56,130,205
11/02/2005,HKS,MS,ASO,CE,Federal Contract Tower,0,16,28,3,47,0,3,68,19,90,0,19,96,22,137,30,42,72,209
11/03/2005,HKS,MS,ASO,CE,Federal Contract Tower,0,23,32,2,57,0,2,60,13,75,0,25,92,15,132,124,0,124,256
11/04/2005,HKS,MS,ASO,CE,Federal Contract Tower,0,16,31,2,49,0,0,51,3,54,0,16,82,5,103,70,0,70,173
11/05/2005,HKS,MS,ASO,CE,Federal Contract Tower,0,1,21,2,24,0,1,12,6,19,0,2,33,8,43,60,0,60,103
11/06/2005,HKS,MS,ASO,CE,Federal Contract Tower,0,5,16,0,21,0,5,19,2,26,0,10,35,2,47,78,0,78,125
11/07/2005,HKS,MS,ASO,CE,Federal Contract Tower,0,17,19,1,37,0,0,66,0,66,0,17,85,1,103,30,0,30,133
11/08/2005,HKS,MS,ASO,CE,Federal Contract Tower,0,14,27,5,46,0,2,85,6,93,0,16,112,11,139,38,0,38,177
11/09/2005,HKS,MS,ASO,CE,Federal Contract Tower,0,14,24,3,41,0,0,93,7,100,0,14,117,10,141,36,6,42,183
11/10/2005,HKS,MS,ASO,CE,Federal Contract Tower,0,17,15,3,35,0,0,82,10,92,0,17,97,13,127,26,2,28,155
11/11/2005,HKS,MS,ASO,CE,Federal Contract Tower,0,1,14,0,15,0,0,69,8,77,0,1,83,8,92,46,0,46,138
11/12/2005,HKS,MS,ASO,CE,Federal Contract Tower,0,2,30,0,32,0,0,41,4,45,0,2,71,4,77,96,0,96,173
11/13/2005,HKS,MS,ASO,CE,Federal Contract Tower,0,0,22,0,22,0,2,11,0,13,0,2,33,0,35,58,0,58,93
11/14/2005,HKS,MS,ASO,CE,Federal Contract Tower,0,15,20,0,35,0,0,46,0,46,0,15,66,0,81,0,0,0,81
11/15/2005,HKS,MS,ASO,CE,Federal Contract Tower,0,12,16,1,29,0,0,41,11,52,0,12,57,12,81,4,8,12,93
11/16/2005,HKS,MS,ASO,CE,Federal Contract Tower,0,16,24,2,42,0,0,46,8,54,0,16,70,10,96,44,40,84,180
11/17/2005,HKS,MS,ASO,CE,Federal Contract Tower,0,13,31,4,48,0,1,68,30,99,0,14,99,34,147,50,45,95,242
11/18/2005,HKS,MS,ASO,CE,Federal Contract Tower,0,13,15,3,31,0,1,62,10,73,0,14,77,13,104,64,52,116,220
11/19/2005,HKS,MS,ASO,CE,Federal Contract Tower,0,0,16,4,20,0,0,42,16,58,0,0,58,20,78,70,0,70,148
11/20/2005,HKS,MS,ASO,CE,Federal Contract Tower,0,0,16,0,16,0,2,36,2,40,0,2,52,2,56,90,0,90,146
11/21/2005,HKS,MS,ASO,CE,Federal Contract Tower,0,21,22,0,43,0,2,65,0,67,0,23,87,0,110,38,0,38,148
11/22/2005,HKS,MS,ASO,CE,Federal Contract Tower,0,14,32,0,46,0,0,108,0,108,0,14,140,0,154,80,0,80,234
11/23/2005,HKS,MS,ASO,CE,Federal Contract Tower,0,13,17,2,32,0,4,65,3,72,0,17,82,5,104,38,0,38,142
11/24/2005,HKS,MS,ASO,CE,Federal Contract Tower,0,0,5,0,5,0,0,28,0,28,0,0,33,0,33,24,0,24,57
11/25/2005,HKS,MS,ASO,CE,Federal Contract Tower,0,12,16,0,28,0,1,53,2,56,0,13,69,2,84,34,0,34,118
11/26/2005,HKS,MS,ASO,CE,Federal Contract Tower,0,5,30,0,35,0,0,13,0,13,0,5,43,0,48,20,0,20,68
11/27/2005,HKS,MS,ASO,CE,Federal Contract Tower,0,3,24,0,27,0,0,1,0,1,0,3,25,0,28,12,0,12,40
11/28/2005,HKS,MS,ASO,CE,Federal Contract Tower,0,16,20,0,36,0,1,24,1,26,0,17,44,1,62,6,8,14,76
11/29/2005,HKS,MS,ASO,CE,Federal Contract Tower,0,16,18,2,36,0,0,42,14,56,0,16,60,16,92,74,52,126,218
11/30/2005,HKS,MS,ASO,CE,Federal Contract Tower,0,12,24,4,40,0,0,60,12,72,0,12,84,16,112,42,0,42,154
12/01/2005,HKS,MS,ASO,CE,Federal Contract Tower,0,13,18,0,31,0,0,51,9,60,0,13,69,9,91,40,4,44,135
12/02/2005,HKS,MS,ASO,CE,Federal Contract Tower,0,16,36,0,52,0,0,56,15,71,0,16,92,15,123,40,0,40,163
12/03/2005,HKS,MS,ASO,CE,Federal Contract Tower,0,0,21,0,21,0,0,14,10,24,0,0,35,10,45,66,42,108,153
12/04/2005,HKS,MS,ASO,CE,Federal Contract Tower,0,2,16,0,18,0,0,0,0,0,0,2,16,0,18,2,0,2,20
12/05/2005,HKS,MS,ASO,CE,Federal Contract Tower,0,16,14,2,32,0,1,17,0,18,0,17,31,2,50,16,0,16,66
12/06/2005,HKS,MS,ASO,CE,Federal Contract Tower,0,14,30,0,44,0,0,58,1,59,0,14,88,1,103,50,2,52,155
12/07/2005,HKS,MS,ASO,CE,Federal Contract Tower,0,17,11,1,29,0,0,37,2,39,0,17,48,3,68,38,0,38,106
12/08/2005,HKS,MS,ASO,CE,Federal Contract Tower,0,16,10,2,28,0,0,2,0,2,0,16,12,2,30,0,0,0,30
12/09/2005,HKS,MS,ASO,CE,Federal Contract Tower,0,18,19,2,39,0,0,42,1,43,0,18,61,3,82,48,0,48,130
12/10/2005,HKS,MS,ASO,CE,Federal Contract Tower,0,0,27,0,27,0,0,34,0,34,0,0,61,0,61,78,0,78,139
12/11/2005,HKS,MS,ASO,CE,Federal Contract Tower,0,0,11,0,11,0,0,37,0,37,0,0,48,0,48,28,0,28,76
12/12/2005,HKS,MS,ASO,CE,Federal Contract Tower,0,17,16,3,36,0,0,43,2,45,0,17,59,5,81,16,18,34,115
12/13/2005,HKS,MS,ASO,CE,Federal Contract Tower,0,18,29,0,47,0,0,57,10,67,0,18,86,10,114,66,40,106,220
12/14/2005,HKS,MS,ASO,CE,Federal Contract Tower,0,15,9,0,24,0,0,0,0,0,0,15,9,0,24,0,0,0,24
12/15/2005,HKS,MS,ASO,CE,Federal Contract Tower,0,21,19,2,42,0,0,39,14,53,0,21,58,16,95,30,88,118,213
12/16/2005,HKS,MS,ASO,CE,Federal Contract Tower,0,17,17,0,34,0,0,67,2,69,0,17,84,2,103,8,0,8,111
12/17/2005,HKS,MS,ASO,CE,Federal Contract Tower,0,0,7,2,9,0,0,33,0,33,0,0,40,2,42,42,0,42,84
12/18/2005,HKS,MS,ASO,CE,Federal Contract Tower,0,0,22,1,23,0,0,40,1,41,0,0,62,2,64,50,0,50,114
12/19/2005,HKS,MS,ASO,CE,Federal Contract Tower,0,21,15,0,36,0,0,56,1,57,0,21,71,1,93,12,0,12,105
12/20/2005,HKS,MS,ASO,CE,Federal Contract Tower,0,19,14,3,36,0,0,62,17,79,0,19,76,20,115,28,43,71,186
12/21/2005,HKS,MS,ASO,CE,Federal Contract Tower,0,14,11,0,25,0,0,51,0,51,0,14,62,0,76,6,0,6,82
12/22/2005,HKS,MS,ASO,CE,Federal Contract Tower,0,11,30,0,41,0,0,64,3,67,0,11,94,3,108,52,8,60,168
12/23/2005,HKS,MS,ASO,CE,Federal Contract Tower,0,13,10,0,23,0,0,52,0,52,0,13,62,0,75,70,0,70,145
12/24/2005,HKS,MS,ASO,CE,Federal Contract Tower,0,0,6,0,6,0,0,0,0,0,0,0,6,0,6,4,0,4,10
12/25/2005,HKS,MS,ASO,CE,Federal Contract Tower,0,0,6,0,6,0,2,4,0,6,0,2,10,0,12,2,0,2,14
12/26/2005,HKS,MS,ASO,CE,Federal Contract Tower,0,0,10,0,10,0,0,40,0,40,0,0,50,0,50,68,0,68,118
12/27/2005,HKS,MS,ASO,CE,Federal Contract Tower,0,12,6,2,20,0,0,39,1,40,0,12,45,3,60,78,18,96,156
12/28/2005,HKS,MS,ASO,CE,Federal Contract Tower,0,12,17,0,29,0,0,21,2,23,0,12,38,2,52,40,16,56,108
12/29/2005,HKS,MS,ASO,CE,Federal Contract Tower,0,12,21,0,33,0,0,50,1,51,0,12,71,1,84,92,0,92,176
12/30/2005,HKS,MS,ASO,CE,Federal Contract Tower,0,16,18,0,34,0,0,52,0,52,0,16,70,0,86,94,0,94,180
12/31/2005,HKS,MS,ASO,CE,Federal Contract Tower,0,0,17,0,17,0,0,77,0,77,0,0,94,0,94,68,0,68,162
01/01/2006,HKS,MS,ASO,CE,Federal Contract Tower,0,0,4,0,4,0,0,0,0,0,0,0,4,0,4,0,0,0,4
01/02/2006,HKS,MS,ASO,CE,Federal Contract Tower,0,0,9,0,9,0,0,23,0,23,0,0,32,0,32,38,0,38,70
01/03/2006,HKS,MS,ASO,CE,Federal Contract Tower,0,23,16,0,39,0,0,64,0,64,0,23,80,0,103,78,0,78,181
01/04/2006,HKS,MS,ASO,CE,Federal Contract Tower,0,16,5,1,22,0,2,61,3,66,0,18,66,4,88,38,0,38,126
01/05/2006,HKS,MS,ASO,CE,Federal Contract Tower,0,17,22,3,42,0,0,57,4,61,0,17,79,7,103,68,38,106,209
01/06/2006,HKS,MS,ASO,CE,Federal Contract Tower,0,18,12,1,31,0,0,35,12,47,0,18,47,13,78,36,18,54,132
01/07/2006,HKS,MS,ASO,CE,Federal Contract Tower,0,2,22,0,24,0,0,62,2,64,0,2,84,2,88,122,52,174,262
01/08/2006,HKS,MS,ASO,CE,Federal Contract Tower,0,0,7,0,7,0,0,6,7,13,0,0,13,7,20,8,98,106,126
01/09/2006,HKS,MS,ASO,CE,Federal Contract Tower,0,14,11,1,26,0,0,23,4,27,0,14,34,5,53,46,66,112,165
01/10/2006,HKS,MS,ASO,CE,Federal Contract Tower,0,16,31,4,51,0,0,6,2,8,0,16,37,6,59,58,0,58,117
01/11/2006,HKS,MS,ASO,CE,Federal Contract Tower,0,13,27,6,46,0,1,42,5,48,0,14,69,11,94,64,38,102,196
01/12/2006,HKS,MS,ASO,CE,Federal Contract Tower,0,15,20,9,44,0,0,37,3,40,0,15,57,12,84,44,10,54,138
01/13/2006,HKS,MS,ASO,CE,Federal Contract Tower,0,19,19,0,38,0,0,32,0,32,0,19,51,0,70,64,0,64,134
01/14/2006,HKS,MS,ASO,CE,Federal Contract Tower,0,3,11,0,14,0,0,49,0,49,0,3,60,0,63,116,0,116,179
01/15/2006,HKS,MS,ASO,CE,Federal Contract Tower,0,0,9,0,9,0,1,35,0,36,0,1,44,0,45,58,0,58,103
01/16/2006,HKS,MS,ASO,CE,Federal Contract Tower,0,2,32,0,34,0,0,8,1,9,0,2,40,1,43,88,0,88,131
01/17/2006,HKS,MS,ASO,CE,Federal Contract Tower,0,18,15,0,33,0,0,0,0,0,0,18,15,0,33,0,0,0,33
01/18/2006,HKS,MS,ASO,CE,Federal Contract Tower,0,14,24,4,42,0,0,52,18,70,0,14,76,22,112,56,32,88,200
01/19/2006,HKS,MS,ASO,CE,Federal Contract Tower,0,14,33,2,49,0,0,54,14,68,0,14,87,16,117,6,82,88,205
01/20/2006,HKS,MS,ASO,CE,Federal Contract Tower,0,19,21,6,46,0,0,48,12,60,0,19,69,18,106,34,20,54,160
01/21/2006,HKS,MS,ASO,CE,Federal Contract Tower,0,1,21,5,27,0,0,29,5,34,0,1,50,10,61,116,34,150,211
01/22/2006,HKS,MS,ASO,CE,Federal Contract Tower,0,2,10,11,23,0,0,2,2,4,0,2,12,13,27,0,16,16,43
01/23/2006,HKS,MS,ASO,CE,Federal Contract Tower,0,15,21,4,40,0,0,0,0,0,0,15,21,4,40,0,0,0,40
01/24/2006,HKS,MS,ASO,CE,Federal Contract Tower,0,12,36,8,56,0,0,61,13,74,0,12,97,21,130,68,25,93,223
01/25/2006,HKS,MS,ASO,CE,Federal Contract Tower,0,12,19,6,37,0,0,55,17,72,0,12,74,23,109,54,94,148,257
01/26/2006,HKS,MS,ASO,CE,Federal Contract Tower,0,14,20,4,38,0,0,55,9,64,0,14,75,13,102,118,2,120,222
01/27/2006,HKS,MS,ASO,CE,Federal Contract Tower,0,15,14,0,29,0,0,58,0,58,0,15,72,0,87,80,0,80,167
01/28/2006,HKS,MS,ASO,CE,Federal Contract Tower,0,2,14,2,18,0,0,29,1,30,0,2,43,3,48,86,0,86,134
01/29/2006,HKS,MS,ASO,CE,Federal Contract Tower,0,1,18,0,19,0,0,29,2,31,0,1,47,2,50,144,0,144,194
01/30/2006,HKS,MS,ASO,CE,Federal Contract Tower,0,15,19,0,34,0,2,30,0,32,0,17,49,0,66,26,0,26,92
01/31/2006,HKS,MS,ASO,CE,Federal Contract Tower,0,13,21,8,42,0,0,59,5,64,0,13,80,13,106,65,42,107,213
02/01/2006,HKS,MS,ASO,CE,Federal Contract Tower,0,13,24,4,41,0,0,43,18,61,0,13,67,22,102,52,105,157,259
02/02/2006,HKS,MS,ASO,CE,Federal Contract Tower,0,15,16,7,38,0,0,18,7,25,0,15,34,14,63,70,18,88,151
02/03/2006,HKS,MS,ASO,CE,Federal Contract Tower,0,19,15,5,39,0,0,21,7,28,0,19,36,12,67,80,12,92,159
02/04/2006,HKS,MS,ASO,CE,Federal Contract Tower,0,0,16,2,18,0,0,55,5,60,0,0,71,7,78,212,0,212,290
02/05/2006,HKS,MS,ASO,CE,Federal Contract Tower,0,0,19,0,19,0,0,46,0,46,0,0,65,0,65,106,0,106,171
02/06/2006,HKS,MS,ASO,CE,Federal Contract Tower,0,15,14,2,31,0,1,12,0,13,0,16,26,2,44,16,0,16,60
02/07/2006,HKS,MS,ASO,CE,Federal Contract Tower,0,13,17,2,32,0,0,62,2,64,0,13,79,4,96,120,0,120,216
02/08/2006,HKS,MS,ASO,CE,Federal Contract Tower,0,13,27,0,40,0,0,48,2,50,0,13,75,2,90,71,0,71,161
02/09/2006,HKS,MS,ASO,CE,Federal Contract Tower,0,17,21,5,43,0,0,46,12,58,0,17,67,17,101,98,0,98,199
02/10/2006,HKS,MS,ASO,CE,Federal Contract Tower,0,15,14,0,29,0,0,1,0,1,0,15,15,0,30,40,0,40,70
02/11/2006,HKS,MS,ASO,CE,Federal Contract Tower,0,1,15,1,17,0,0,41,2,43,0,1,56,3,60,86,0,86,146
02/12/2006,HKS,MS,ASO,CE,Federal Contract Tower,0,4,18,0,22,0,2,32,0,34,0,6,50,0,56,124,0,124,180
02/13/2006,HKS,MS,ASO,CE,Federal Contract Tower,0,12,26,0,38,0,0,0,0,0,0,12,26,0,38,26,0,26,64
02/14/2006,HKS,MS,ASO,CE,Federal Contract Tower,0,13,28,2,43,0,0,73,17,90,0,13,101,19,133,58,22,80,213
02/15/2006,HKS,MS,ASO,CE,Federal Contract Tower,0,17,44,3,64,0,0,60,13,73,0,17,104,16,137,100,46,146,283
02/16/2006,HKS,MS,ASO,CE,Federal Contract Tower,0,17,25,4,46,0,0,30,19,49,0,17,55,23,95,20,72,92,187
02/17/2006,HKS,MS,ASO,CE,Federal Contract Tower,0,22,31,4,57,0,0,39,10,49,0,22,70,14,106,68,66,134,240
02/18/2006,HKS,MS,ASO,CE,Federal Contract Tower,0,1,4,4,9,0,0,0,1,1,0,1,4,5,10,0,10,10,20
02/19/2006,HKS,MS,ASO,CE,Federal Contract Tower,0,0,14,1,15,0,0,15,8,23,0,0,29,9,38,38,0,38,76
02/20/2006,HKS,MS,ASO,CE,Federal Contract Tower,0,2,10,1,13,0,0,1,0,1,0,2,11,1,14,0,0,0,14
02/21/2006,HKS,MS,ASO,CE,Federal Contract Tower,0,18,36,2,56,0,0,15,6,21,0,18,51,8,77,14,56,70,147
02/22/2006,HKS,MS,ASO,CE,Federal Contract Tower,0,14,23,0,37,0,0,4,0,4,0,14,27,0,41,0,0,0,41
02/23/2006,HKS,MS,ASO,CE,Federal Contract Tower,0,13,42,3,58,0,0,47,22,69,0,13,89,25,127,34,104,138,265
02/24/2006,HKS,MS,ASO,CE,Federal Contract Tower,0,15,31,1,47,0,0,63,6,69,0,15,94,7,116,102,0,102,218
02/25/2006,HKS,MS,ASO,CE,Federal Contract Tower,0,1,14,0,15,0,0,0,0,0,0,1,14,0,15,4,0,4,19
02/26/2006,HKS,MS,ASO,CE,Federal Contract Tower,0,3,14,0,17,0,0,69,0,69,0,3,83,0,86,82,0,82,168
02/27/2006,HKS,MS,ASO,CE,Federal Contract Tower,0,13,14,0,27,0,1,38,1,40,0,14,52,1,67,84,20,104,171
02/28/2006,HKS,MS,ASO,CE,Federal Contract Tower,0,10,11,3,24,0,0,46,21,67,0,10,57,24,91,42,52,94,185
03/01/2006,HKS,MS,ASO,CE,Federal Contract Tower,0,13,28,7,48,0,0,44,23,67,0,13,72,30,115,38,70,108,223
03/02/2006,HKS,MS,ASO,CE,Federal Contract Tower,0,14,41,9,64,0,0,37,5,42,0,14,78,14,106,50,52,102,208
03/03/2006,HKS,MS,ASO,CE,Federal Contract Tower,0,13,25,4,42,0,0,30,8,38,0,13,55,12,80,38,82,120,200
03/04/2006,HKS,MS,ASO,CE,Federal Contract Tower,0,1,10,1,12,0,0,78,1,79,0,1,88,2,91,194,0,194,285
03/05/2006,HKS,MS,ASO,CE,Federal Contract Tower,0,0,7,0,7,0,0,41,12,53,0,0,48,12,60,94,0,94,154
03/06/2006,HKS,MS,ASO,CE,Federal Contract Tower,0,13,18,5,36,0,0,56,2,58,0,13,74,7,94,48,6,54,148
03/07/2006,HKS,MS,ASO,CE,Federal Contract Tower,0,11,21,6,38,0,0,61,17,78,0,11,82,23,116,72,72,144,260
03/08/2006,HKS,MS,ASO,CE,Federal Contract Tower,0,12,24,5,41,0,0,32,10,42,0,12,56,15,83,28,10,38,121
03/09/2006,HKS,MS,ASO,CE,Federal Contract Tower,0,13,11,3,27,0,0,15,4,19,0,13,26,7,46,0,22,22,68
03/10/2006,HKS,MS,ASO,CE,Federal Contract Tower,0,15,36,7,58,0,0,44,5,49,0,15,80,12,107,156,4,160,267
03/11/2006,HKS,MS,ASO,CE,Federal Contract Tower,0,0,17,2,19,0,0,28,3,31,0,0,45,5,50,194,4,198,248
03/12/2006,HKS,MS,ASO,CE,Federal Contract Tower,0,3,14,0,17,0,3,16,0,19,0,6,30,0,36,22,0,22,58
03/13/2006,HKS,MS,ASO,CE,Federal Contract Tower,0,13,10,0,23,0,1,16,0,17,0,14,26,0,40,26,0,26,66
03/14/2006,HKS,MS,ASO,CE,Federal Contract Tower,0,12,20,7,39,0,0,55,8,63,0,12,75,15,102,102,48,150,252
03/15/2006,HKS,MS,ASO,CE,Federal Contract Tower,0,10,25,4,39,0,1,55,8,64,0,11,80,12,103,10,2,12,115
03/16/2006,HKS,MS,ASO,CE,Federal Contract Tower,0,14,21,5,40,0,0,36,4,40,0,14,57,9,80,92,22,114,194
03/17/2006,HKS,MS,ASO,CE,Federal Contract Tower,0,11,11,1,23,0,0,57,5,62,0,11,68,6,85,52,42,94,179
03/18/2006,HKS,MS,ASO,CE,Federal Contract Tower,0,0,9,2,11,0,0,20,0,20,0,0,29,2,31,80,0,80,111
03/19/2006,HKS,MS,ASO,CE,Federal Contract Tower,0,0,11,2,13,0,1,0,0,1,0,1,11,2,14,0,0,0,14
03/20/2006,HKS,MS,ASO,CE,Federal Contract Tower,0,13,5,0,18,0,0,0,0,0,0,13,5,0,18,0,0,0,18
03/21/2006,HKS,MS,ASO,CE,Federal Contract Tower,0,9,24,5,38,0,0,38,12,50,0,9,62,17,88,58,64,122,210
03/22/2006,HKS,MS,ASO,CE,Federal Contract Tower,0,11,25,7,43,0,1,41,1,43,0,12,66,8,86,28,18,46,132
03/23/2006,HKS,MS,ASO,CE,Federal Contract Tower,0,8,23,3,34,0,0,42,22,64,0,8,65,25,98,50,78,128,226
03/24/2006,HKS,MS,ASO,CE,Federal Contract Tower,0,11,26,2,39,0,0,40,2,42,0,11,66,4,81,56,0,56,137
03/25/2006,HKS,MS,ASO,CE,Federal Contract Tower,0,3,11,1,15,0,0,82,2,84,0,3,93,3,99,142,0,142,241
03/26/2006,HKS,MS,ASO,CE,Federal Contract Tower,0,1,17,0,18,0,4,62,0,66,0,5,79,0,84,114,0,114,198
03/27/2006,HKS,MS,ASO,CE,Federal Contract Tower,0,12,15,0,27,0,0,0,0,0,0,12,15,0,27,68,0,68,95
03/28/2006,HKS,MS,ASO,CE,Federal Contract Tower,0,13,18,3,34,0,0,33,13,46,0,13,51,16,80,50,186,236,316
03/29/2006,HKS,MS,ASO,CE,Federal Contract Tower,0,10,17,4,31,0,0,40,23,63,0,10,57,27,94,106,40,146,240
03/30/2006,HKS,MS,ASO,CE,Federal Contract Tower,0,14,32,2,48,0,0,27,3,30,0,14,59,5,78,100,0,100,178
03/31/2006,HKS,MS,ASO,CE,Federal Contract Tower,0,13,27,1,41,0,0,29,12,41,0,13,56,13,82,98,74,172,254
04/01/2006,HKS,MS,ASO,CE,Federal Contract Tower,0,0,20,1,21,0,0,43,1,44,0,0,63,2,65,138,0,138,203
04/02/2006,HKS,MS,ASO,CE,Federal Contract Tower,0,0,12,0,12,0,1,24,1,26,0,1,36,1,38,150,0,150,188
04/03/2006,HKS,MS,ASO,CE,Federal Contract Tower,0,12,13,0,25,0,0,23,4,27,0,12,36,4,52,78,0,78,130
04/04/2006,HKS,MS,ASO,CE,Federal Contract Tower,0,8,24,6,38,0,0,55,4,59,0,8,79,10,97,46,14,60,157
04/05/2006,HKS,MS,ASO,CE,Federal Contract Tower,0,9,28,4,41,0,0,42,0,42,0,9,70,4,83,64,46,110,193
04/06/2006,HKS,MS,ASO,CE,Federal Contract Tower,0,11,19,5,35,0,0,52,16,68,0,11,71,21,103,70,98,168,271
04/07/2006,HKS,MS,ASO,CE,Federal Contract Tower,0,10,16,1,27,0,0,33,5,38,0,10,49,6,65,52,0,52,117
04/08/2006,HKS,MS,ASO,CE,Federal Contract Tower,0,0,14,0,14,0,0,36,4,40,0,0,50,4,54,84,12,96,150
04/09/2006,HKS,MS,ASO,CE,Federal Contract Tower,0,0,17,0,17,0,0,46,0,46,0,0,63,0,63,78,0,78,141
04/10/2006,HKS,MS,ASO,CE,Federal Contract Tower,0,10,16,1,27,0,0,29,2,31,0,10,45,3,58,58,18,76,134
04/11/2006,HKS,MS,ASO,CE,Federal Contract Tower,0,9,12,4,25,0,0,38,11,49,0,9,50,15,74,88,74,162,236
04/12/2006,HKS,MS,ASO,CE,Federal Contract Tower,0,14,21,0,35,0,0,51,7,58,0,14,72,7,93,108,48,156,249
04/13/2006,HKS,MS,ASO,CE,Federal Contract Tower,0,9,26,4,39,0,0,57,16,73,0,9,83,20,112,76,50,126,238
04/14/2006,HKS,MS,ASO,CE,Federal Contract Tower,0,9,23,3,35,0,0,59,8,67,0,9,82,11,102,28,4,32,134
04/15/2006,HKS,MS,ASO,CE,Federal Contract Tower,0,0,8,0,8,0,0,53,0,53,0,0,61,0,61,120,0,120,181
04/16/2006,HKS,MS,ASO,CE,Federal Contract Tower,0,0,11,0,11,0,0,19,0,19,0,0,30,0,30,24,0,24,54
04/17/2006,HKS,MS,ASO,CE,Federal Contract Tower,0,11,19,4,34,0,0,37,2,39,0,11,56,6,73,36,18,54,127
04/18/2006,HKS,MS,ASO,CE,Federal Contract Tower,0,11,16,10,37,0,0,56,14,70,0,11,72,24,107,54,34,88,195
04/19/2006,HKS,MS,ASO,CE,Federal Contract Tower,0,13,14,4,31,0,0,52,33,85,0,13,66,37,116,116,54,170,286
04/20/2006,HKS,MS,ASO,CE,Federal Contract Tower,0,8,33,3,44,0,0,44,3,47,0,8,77,6,91,52,10,62,153
04/21/2006,HKS,MS,ASO,CE,Federal Contract Tower,0,11,24,0,35,0,0,14,3,17,0,11,38,3,52,36,0,36,88
04/22/2006,HKS,MS,ASO,CE,Federal Contract Tower,0,0,18,0,18,0,0,44,0,44,0,0,62,0,62,74,0,74,136
04/23/2006,HKS,MS,ASO,CE,Federal Contract Tower,0,0,12,3,15,0,0,46,3,49,0,0,58,6,64,80,0,80,144
04/24/2006,HKS,MS,ASO,CE,Federal Contract Tower,0,8,20,0,28,0,2,40,0,42,0,10,60,0,70,30,0,30,100
04/25/2006,HKS,MS,ASO,CE,Federal Contract Tower,0,8,19,3,30,0,0,20,1,21,0,8,39,4,51,26,22,48,99
04/26/2006,HKS,MS,ASO,CE,Federal Contract Tower,0,13,25,0,38,0,0,5,0,5,0,13,30,0,43,0,0,0,43
04/27/2006,HKS,MS,ASO,CE,Federal Contract Tower,0,7,19,2,28,0,0,46,12,58,0,7,65,14,86,116,46,162,248
04/28/2006,HKS,MS,ASO,CE,Federal Contract Tower,0,14,11,3,28,0,0,62,10,72,0,14,73,13,100,102,60,162,262
04/29/2006,HKS,MS,ASO,CE,Federal Contract Tower,0,0,9,2,11,0,0,7,4,11,0,0,16,6,22,0,80,80,102
04/30/2006,HKS,MS,ASO,CE,Federal Contract Tower,0,5,20,7,32,0,0,33,1,34,0,5,53,8,66,34,2,36,102
05/01/2006,HKS,MS,ASO,CE,Federal Contract Tower,0,10,31,0,41,0,0,37,2,39,0,10,68,2,80,22,16,38,118
05/02/2006,HKS,MS,ASO,CE,Federal Contract Tower,0,8,30,10,48,0,0,42,10,52,0,8,72,20,100,64,42,106,206
05/03/2006,HKS,MS,ASO,CE,Federal Contract Tower,0,10,27,4,41,0,0,57,16,73,0,10,84,20,114,42,54,96,210
05/04/2006,HKS,MS,ASO,CE,Federal Contract Tower,0,10,27,9,46,0,0,59,14,73,0,10,86,23,119,86,66,152,271
05/05/2006,HKS,MS,ASO,CE,Federal Contract Tower,0,12,25,1,38,0,0,22,7,29,0,12,47,8,67,58,28,86,153
05/06/2006,HKS,MS,ASO,CE,Federal Contract Tower,0,1,16,0,17,0,0,18,0,18,0,1,34,0,35,44,0,44,79
05/07/2006,HKS,MS,ASO,CE,Federal Contract Tower,0,0,17,0,17,0,0,28,0,28,0,0,45,0,45,8,0,8,53
05/08/2006,HKS,MS,ASO,CE,Federal Contract Tower,0,14,21,0,35,0,0,18,0,18,0,14,39,0,53,76,0,76,129
05/09/2006,HKS,MS,ASO,CE,Federal Contract Tower,0,9,22,2,33,0,0,49,4,53,0,9,71,6,86,54,0,54,140
05/10/2006,HKS,MS,ASO,CE,Federal Contract Tower,0,9,13,3,25,0,0,7,4,11,0,9,20,7,36,16,10,26,62
05/11/2006,HKS,MS,ASO,CE,Federal Contract Tower,0,9,26,7,42,0,0,46,15,61,0,9,72,22,103,82,72,154,257
05/12/2006,HKS,MS,ASO,CE,Federal Contract Tower,0,12,28,1,41,0,0,71,18,89,0,12,99,19,130,100,10,110,240
05/13/2006,HKS,MS,ASO,CE,Federal Contract Tower,0,4,14,0,18,0,0,39,2,41,0,4,53,2,59,54,0,54,113
05/14/2006,HKS,MS,ASO,CE,Federal Contract Tower,0,0,13,0,13,0,0,19,0,19,0,0,32,0,32,44,0,44,76
05/15/2006,HKS,MS,ASO,CE,Federal Contract Tower,0,9,18,2,29,0,0,32,2,34,0,9,50,4,63,40,2,42,105
05/16/2006,HKS,MS,ASO,CE,Federal Contract Tower,0,12,13,4,29,0,0,48,2,50,0,12,61,6,79,46,2,48,127
05/17/2006,HKS,MS,ASO,CE,Federal Contract Tower,0,14,26,1,41,0,0,61,11,72,0,14,87,12,113,72,10,82,195
05/18/2006,HKS,MS,ASO,CE,Federal Contract Tower,0,8,24,2,34,0,0,66,5,71,0,8,90,7,105,38,6,44,149
05/19/2006,HKS,MS,ASO,CE,Federal Contract Tower,0,8,20,2,30,0,0,69,3,72,0,8,89,5,102,70,0,70,172
05/20/2006,HKS,MS,ASO,CE,Federal Contract Tower,0,0,11,1,12,0,0,65,7,72,0,0,76,8,84,96,0,96,180
05/21/2006,HKS,MS,ASO,CE,Federal Contract Tower,0,0,23,1,24,0,0,60,14,74,0,0,83,15,98,212,0,212,310
05/22/2006,HKS,MS,ASO,CE,Federal Contract Tower,0,8,13,0,21,0,0,45,9,54,0,8,58,9,75,76,0,76,151
05/23/2006,HKS,MS,ASO,CE,Federal Contract Tower,0,6,28,1,35,0,0,58,6,64,0,6,86,7,99,74,4,78,177
05/24/2006,HKS,MS,ASO,CE,Federal Contract Tower,0,8,18,1,27,0,1,58,11,70,0,9,76,12,97,56,18,74,171
05/25/2006,HKS,MS,ASO,CE,Federal Contract Tower,0,6,40,0,46,0,0,56,9,65,0,6,96,9,111,66,0,66,177
05/26/2006,HKS,MS,ASO,CE,Federal Contract Tower,0,9,19,2,30,0,0,50,10,60,0,9,69,12,90,102,10,112,202
05/27/2006,HKS,MS,ASO,CE,Federal Contract Tower,0,0,15,0,15,0,0,58,1,59,0,0,73,1,74,170,0,170,244
05/28/2006,HKS,MS,ASO,CE,Federal Contract Tower,0,0,9,0,9,0,0,7,1,8,0,0,16,1,17,26,8,34,51
05/29/2006,HKS,MS,ASO,CE,Federal Contract Tower,0,0,8,2,10,0,0,29,0,29,0,0,37,2,39,50,0,50,89
05/30/2006,HKS,MS,ASO,CE,Federal Contract Tower,0,9,21,0,30,0,0,68,20,88,0,9,89,20,118,60,8,68,186
05/31/2006,HKS,MS,ASO,CE,Federal Contract Tower,0,9,25,0,34,0,0,52,15,67,0,9,77,15,101,54,0,54,155
06/01/2006,HKS,MS,ASO,CE,Federal Contract Tower,0,6,37,5,48,0,0,22,6,28,0,6,59,11,76,0,16,16,92
06/02/2006,HKS,MS,ASO,CE,Federal Contract Tower,0,11,31,0,42,0,0,44,5,49,0,11,75,5,91,78,0,78,169
06/03/2006,HKS,MS,ASO,CE,Federal Contract Tower,0,1,20,0,21,0,0,54,3,57,0,1,74,3,78,82,0,82,160
06/04/2006,HKS,MS,ASO,CE,Federal Contract Tower,0,2,19,0,21,0,0,29,0,29,0,2,48,0,50,76,0,76,126
06/05/2006,HKS,MS,ASO,CE,Federal Contract Tower,0,11,16,0,27,0,1,49,6,56,0,12,65,6,83,60,0,60,143
06/06/2006,HKS,MS,ASO,CE,Federal Contract Tower,0,8,18,0,26,0,0,55,2,57,0,8,73,2,83,56,0,56,139
06/07/2006,HKS,MS,ASO,CE,Federal Contract Tower,0,12,10,0,22,0,0,50,3,53,0,12,60,3,75,178,0,178,253
06/08/2006,HKS,MS,ASO,CE,Federal Contract Tower,0,13,22,0,35,0,0,64,5,69,0,13,86,5,104,68,2,70,174
06/09/2006,HKS,MS,ASO,CE,Federal Contract Tower,0,12,31,0,43,0,0,49,3,52,0,12,80,3,95,50,0,50,145
06/10/2006,HKS,MS,ASO,CE,Federal Contract Tower,0,0,23,0,23,0,0,48,6,54,0,0,71,6,77,86,16,102,179
06/11/2006,HKS,MS,ASO,CE,Federal Contract Tower,0,0,22,0,22,0,0,26,2,28,0,0,48,2,50,90,0,90,140
06/12/2006,HKS,MS,ASO,CE,Federal Contract Tower,0,11,14,0,25,0,3,31,8,42,0,14,45,8,67,48,4,52,119
06/13/2006,HKS,MS,ASO,CE,Federal Contract Tower,0,12,21,2,35,0,0,39,6,45,0,12,60,8,80,112,30,142,222
06/14/2006,HKS,MS,ASO,CE,Federal Contract Tower,0,14,27,1,42,0,0,41,13,54,0,14,68,14,96,76,48,124,220
06/15/2006,HKS,MS,ASO,CE,Federal Contract Tower,0,10,25,7,42,0,0,43,9,52,0,10,68,16,94,28,54,82,176
06/16/2006,HKS,MS,ASO,CE,Federal Contract Tower,0,10,12,3,25,0,0,44,6,50,0,10,56,9,75,96,0,96,171
06/17/2006,HKS,MS,ASO,CE,Federal Contract Tower,0,2,15,1,18,0,0,39,2,41,0,2,54,3,59,68,2,70,129
06/18/2006,HKS,MS,ASO,CE,Federal Contract Tower,0,0,14,0,14,0,0,22,0,22,0,0,36,0,36,90,0,90,126
06/19/2006,HKS,MS,ASO,CE,Federal Contract Tower,0,14,30,0,44,0,1,30,1,32,0,15,60,1,76,52,0,52,128
06/20/2006,HKS,MS,ASO,CE,Federal Contract Tower,0,9,29,4,42,0,0,46,7,53,0,9,75,11,95,66,22,88,183
06/21/2006,HKS,MS,ASO,CE,Federal Contract Tower,0,10,29,1,40,0,0,53,7,60,0,10,82,8,100,36,10,46,146
06/22/2006,HKS,MS,ASO,CE,Federal Contract Tower,0,9,25,7,41,0,0,35,18,53,0,9,60,25,94,50,22,72,166
06/23/2006,HKS,MS,ASO,CE,Federal Contract Tower,0,12,20,2,34,0,0,46,11,57,0,12,66,13,91,58,46,104,195
06/24/2006,HKS,MS,ASO,CE,Federal Contract Tower,0,0,11,0,11,0,2,60,11,73,0,2,71,11,84,124,42,166,250
06/25/2006,HKS,MS,ASO,CE,Federal Contract Tower,0,1,9,3,13,0,1,41,3,45,0,2,50,6,58,82,0,82,140
06/26/2006,HKS,MS,ASO,CE,Federal Contract Tower,0,7,14,0,21,0,0,29,5,34,0,7,43,5,55,60,0,60,115
06/27/2006,HKS,MS,ASO,CE,Federal Contract Tower,0,13,32,5,50,0,0,49,13,62,0,13,81,18,112,50,50,100,212
06/28/2006,HKS,MS,ASO,CE,Federal Contract Tower,0,9,34,1,44,0,2,54,8,64,0,11,88,9,108,96,52,148,256
06/29/2006,HKS,MS,ASO,CE,Federal Contract Tower,0,7,26,6,39,0,0,85,14,99,0,7,111,20,138,80,16,96,234
06/30/2006,HKS,MS,ASO,CE,Federal Contract Tower,0,9,21,0,30,0,0,77,1,78,0,9,98,1,108,108,0,108,216
07/01/2006,HKS,MS,ASO,CE,Federal Contract Tower,0,7,22,0,29,0,0,55,0,55,0,7,77,0,84,104,2,106,190
07/02/2006,HKS,MS,ASO,CE,Federal Contract Tower,0,2,14,0,16,0,3,43,2,48,0,5,57,2,64,138,2,140,204
07/03/2006,HKS,MS,ASO,CE,Federal Contract Tower,0,7,20,0,27,0,0,30,1,31,0,7,50,1,58,76,0,76,134
07/04/2006,HKS,MS,ASO,CE,Federal Contract Tower,0,0,11,0,11,0,0,36,0,36,0,0,47,0,47,88,0,88,135
07/05/2006,HKS,MS,ASO,CE,Federal Contract Tower,0,9,20,0,29,0,0,19,0,19,0,9,39,0,48,16,0,16,64
07/06/2006,HKS,MS,ASO,CE,Federal Contract Tower,0,6,19,1,26,0,0,40,8,48,0,6,59,9,74,66,0,66,140
07/07/2006,HKS,MS,ASO,CE,Federal Contract Tower,0,10,15,0,25,0,0,66,7,73,0,10,81,7,98,42,10,52,150
07/08/2006,HKS,MS,ASO,CE,Federal Contract Tower,0,1,30,0,31,0,0,59,0,59,0,1,89,0,90,90,0,90,180
07/09/2006,HKS,MS,ASO,CE,Federal Contract Tower,0,0,5,0,5,0,0,19,0,19,0,0,24,0,24,30,0,30,54
07/10/2006,HKS,MS,ASO,CE,Federal Contract Tower,0,9,24,4,37,0,0,32,10,42,0,9,56,14,79,20,26,46,125
07/11/2006,HKS,MS,ASO,CE,Federal Contract Tower,0,7,12,2,21,0,0,65,24,89,0,7,77,26,110,34,48,82,192
07/12/2006,HKS,MS,ASO,CE,Federal Contract Tower,0,8,12,2,22,0,0,52,6,58,0,8,64,8,80,72,8,80,160
07/13/2006,HKS,MS,ASO,CE,Federal Contract Tower,0,10,26,4,40,0,0,51,12,63,0,10,77,16,103,64,48,112,215
07/14/2006,HKS,MS,ASO,CE,Federal Contract Tower,0,8,14,7,29,0,0,42,10,52,0,8,56,17,81,92,34,126,207
07/15/2006,HKS,MS,ASO,CE,Federal Contract Tower,0,0,17,2,19,0,0,41,0,41,0,0,58,2,60,102,0,102,162
07/16/2006,HKS,MS,ASO,CE,Federal Contract Tower,0,2,6,2,10,0,0,48,0,48,0,2,54,2,58,20,0,20,78
07/17/2006,HKS,MS,ASO,CE,Federal Contract Tower,0,9,19,0,28,0,0,47,4,51,0,9,66,4,79,32,0,32,111
07/18/2006,HKS,MS,ASO,CE,Federal Contract Tower,0,6,13,3,22,0,0,53,5,58,0,6,66,8,80,34,66,100,180
07/19/2006,HKS,MS,ASO,CE,Federal Contract Tower,0,11,13,4,28,0,0,29,4,33,0,11,42,8,61,42,8,50,111
07/20/2006,HKS,MS,ASO,CE,Federal Contract Tower,0,10,20,3,33,0,0,54,13,67,0,10,74,16,100,66,64,130,230
07/21/2006,HKS,MS,ASO,CE,Federal Contract Tower,0,10,8,7,25,0,0,53,10,63,0,10,61,17,88,60,36,96,184
07/22/2006,HKS,MS,ASO,CE,Federal Contract Tower,0,0,4,4,8,0,0,29,2,31,0,0,33,6,39,70,14,84,123
07/23/2006,HKS,MS,ASO,CE,Federal Contract Tower,0,1,7,2,10,0,0,47,10,57,0,1,54,12,67,38,8,46,113
07/24/2006,HKS,MS,ASO,CE,Federal Contract Tower,0,10,8,1,19,0,0,46,21,67,0,10,54,22,86,24,22,46,132
07/25/2006,HKS,MS,ASO,CE,Federal Contract Tower,0,15,15,2,32,0,0,63,15,78,0,15,78,17,110,26,0,26,136
07/26/2006,HKS,MS,ASO,CE,Federal Contract Tower,0,5,17,2,24,0,0,43,8,51,0,5,60,10,75,18,18,36,111
07/27/2006,HKS,MS,ASO,CE,Federal Contract Tower,0,10,26,0,36,0,0,36,6,42,0,10,62,6,78,22,22,44,122
07/28/2006,HKS,MS,ASO,CE,Federal Contract Tower,0,11,21,3,35,0,0,28,7,35,0,11,49,10,70,48,2,50,120
07/29/2006,HKS,MS,ASO,CE,Federal Contract Tower,0,0,16,1,17,0,0,55,0,55,0,0,71,1,72,78,0,78,150
07/30/2006,HKS,MS,ASO,CE,Federal Contract Tower,0,0,16,0,16,0,1,57,0,58,0,1,73,0,74,0,0,0,74
07/31/2006,HKS,MS,ASO,CE,Federal Contract Tower,0,6,20,2,28,0,0,34,2,36,0,6,54,4,64,28,0,28,92
08/01/2006,HKS,MS,ASO,CE,Federal Contract Tower,0,6,19,1,26,0,0,53,15,68,0,6,72,16,94,66,54,120,214
08/02/2006,HKS,MS,ASO,CE,Federal Contract Tower,0,11,22,1,34,0,0,52,5,57,0,11,74,6,91,30,40,70,161
08/03/2006,HKS,MS,ASO,CE,Federal Contract Tower,0,21,27,4,52,0,0,48,19,67,0,21,75,23,119,70,94,164,283
08/04/2006,HKS,MS,ASO,CE,Federal Contract Tower,0,14,20,2,36,0,0,59,10,69,0,14,79,12,105,154,40,194,299
08/05/2006,HKS,MS,ASO,CE,Federal Contract Tower,0,0,2,0,2,0,0,48,0,48,0,0,50,0,50,76,0,76,126
08/06/2006,HKS,MS,ASO,CE,Federal Contract Tower,0,2,5,0,7,0,0,36,0,36,0,2,41,0,43,24,0,24,67
08/07/2006,HKS,MS,ASO,CE,Federal Contract Tower,0,7,29,1,37,0,0,36,9,45,0,7,65,10,82,84,42,126,208
08/08/2006,HKS,MS,ASO,CE,Federal Contract Tower,0,10,14,7,31,0,0,64,5,69,0,10,78,12,100,70,14,84,184
08/09/2006,HKS,MS,ASO,CE,Federal Contract Tower,0,8,14,4,26,0,0,44,8,52,0,8,58,12,78,26,14,40,118
08/10/2006,HKS,MS,ASO,CE,Federal Contract Tower,0,10,20,4,34,0,0,28,26,54,0,10,48,30,88,30,44,74,162
08/11/2006,HKS,MS,ASO,CE,Federal Contract Tower,0,12,24,5,41,0,0,57,11,68,0,12,81,16,109,22,0,22,131
08/12/2006,HKS,MS,ASO,CE,Federal Contract Tower,0,0,17,0,17,0,0,55,0,55,0,0,72,0,72,124,0,124,196
08/13/2006,HKS,MS,ASO,CE,Federal Contract Tower,0,0,11,0,11,0,0,32,0,32,0,0,43,0,43,56,4,60,103
08/14/2006,HKS,MS,ASO,CE,Federal Contract Tower,0,7,23,0,30,0,0,28,3,31,0,7,51,3,61,32,0,32,93
08/15/2006,HKS,MS,ASO,CE,Federal Contract Tower,0,10,18,7,35,0,0,40,11,51,0,10,58,18,86,16,66,82,168
08/16/2006,HKS,MS,ASO,CE,Federal Contract Tower,0,9,24,2,35,0,1,66,12,79,0,10,90,14,114,20,0,20,134
08/17/2006,HKS,MS,ASO,CE,Federal Contract Tower,0,10,21,5,36,0,0,64,17,81,0,10,85,22,117,98,96,194,311
08/18/2006,HKS,MS,ASO,CE,Federal Contract Tower,0,13,17,6,36,0,0,57,8,65,0,13,74,14,101,86,64,150,251
08/19/2006,HKS,MS,ASO,CE,Federal Contract Tower,0,0,28,2,30,0,0,72,17,89,0,0,100,19,119,82,0,82,201
08/20/2006,HKS,MS,ASO,CE,Federal Contract Tower,0,2,25,2,29,0,0,31,1,32,0,2,56,3,61,52,2,54,115
08/21/2006,HKS,MS,ASO,CE,Federal Contract Tower,0,7,36,0,43,0,0,16,1,17,0,7,52,1,60,20,2,22,82
08/22/2006,HKS,MS,ASO,CE,Federal Contract Tower,0,14,29,4,47,0,0,46,16,62,0,14,75,20,109,46,110,156,265
08/23/2006,HKS,MS,ASO,CE,Federal Contract Tower,0,11,27,2,40,0,0,30,4,34,0,11,57,6,74,46,8,54,128
08/24/2006,HKS,MS,ASO,CE,Federal Contract Tower,0,11,14,0,25,0,0,55,8,63,0,11,69,8,88,24,22,46,134
08/25/2006,HKS,MS,ASO,CE,Federal Contract Tower,0,12,20,1,33,0,0,48,1,49,0,12,68,2,82,82,28,110,192
08/26/2006,HKS,MS,ASO,CE,Federal Contract Tower,0,1,30,0,31,0,0,65,0,65,0,1,95,0,96,128,0,128,224
08/27/2006,HKS,MS,ASO,CE,Federal Contract Tower,0,2,14,0,16,0,0,13,0,13,0,2,27,0,29,32,0,32,61
08/28/2006,HKS,MS,ASO,CE,Federal Contract Tower,0,12,15,0,27,0,0,34,8,42,0,12,49,8,69,32,6,38,107
08/29/2006,HKS,MS,ASO,CE,Federal Contract Tower,0,12,19,6,37,0,0,66,3,69,0,12,85,9,106,2,40,42,148
08/30/2006,HKS,MS,ASO,CE,Federal Contract Tower,0,13,15,6,34,0,0,44,12,56,0,13,59,18,90,6,48,54,144
08/31/2006,HKS,MS,ASO,CE,Federal Contract Tower,0,7,24,4,35,0,0,55,11,66,0,7,79,15,101,98,14,112,213
09/01/2006,HKS,MS,ASO,CE,Federal Contract Tower,0,10,24,1,35,0,0,44,4,48,0,10,68,5,83,50,40,90,173
09/02/2006,HKS,MS,ASO,CE,Federal Contract Tower,0,2,16,0,18,0,0,40,0,40,0,2,56,0,58,52,0,52,110
09/03/2006,HKS,MS,ASO,CE,Federal Contract Tower,0,0,8,0,8,0,2,33,0,35,0,2,41,0,43,38,0,38,81
09/04/2006,HKS,MS,ASO,CE,Federal Contract Tower,0,0,18,0,18,0,0,32,0,32,0,0,50,0,50,38,0,38,88
09/05/2006,HKS,MS,ASO,CE,Federal Contract Tower,0,9,16,2,27,0,0,58,10,68,0,9,74,12,95,62,0,62,157
09/06/2006,HKS,MS,ASO,CE,Federal Contract Tower,0,15,13,2,30,0,1,66,18,85,0,16,79,20,115,22,20,42,157
09/07/2006,HKS,MS,ASO,CE,Federal Contract Tower,0,9,15,1,25,0,0,48,6,54,0,9,63,7,79,84,24,108,187
09/08/2006,HKS,MS,ASO,CE,Federal Contract Tower,0,10,18,1,29,0,0,42,13,55,0,10,60,14,84,70,0,70,154
09/09/2006,HKS,MS,ASO,CE,Federal Contract Tower,0,0,19,1,20,0,0,54,0,54,0,0,73,1,74,86,6,92,166
09/10/2006,HKS,MS,ASO,CE,Federal Contract Tower,0,4,16,1,21,0,0,39,1,40,0,4,55,2,61,28,0,28,89
09/11/2006,HKS,MS,ASO,CE,Federal Contract Tower,0,9,6,0,15,0,1,26,3,30,0,10,32,3,45,60,0,60,105
09/12/2006,HKS,MS,ASO,CE,Federal Contract Tower,0,5,10,2,17,0,0,35,0,35,0,5,45,2,52,22,0,22,74
09/13/2006,HKS,MS,ASO,CE,Federal Contract Tower,0,8,26,3,37,0,0,23,2,25,0,8,49,5,62,28,0,28,90
09/14/2006,HKS,MS,ASO,CE,Federal Contract Tower,0,10,28,0,38,0,0,56,7,63,0,10,84,7,101,88,18,106,207
09/15/2006,HKS,MS,ASO,CE,Federal Contract Tower,0,9,38,2,49,0,0,57,0,57,0,9,95,2,106,70,0,70,176
09/16/2006,HKS,MS,ASO,CE,Federal Contract Tower,0,0,23,3,26,0,0,75,0,75,0,0,98,3,101,110,4,114,215
09/17/2006,HKS,MS,ASO,CE,Federal Contract Tower,0,2,27,2,31,0,5,4,1,10,0,7,31,3,41,32,0,32,73
09/18/2006,HKS,MS,ASO,CE,Federal Contract Tower,0,7,9,1,17,0,0,3,1,4,0,7,12,2,21,12,0,12,33
09/19/2006,HKS,MS,ASO,CE,Federal Contract Tower,0,11,18,0,29,0,0,53,13,66,0,11,71,13,95,80,50,130,225
09/20/2006,HKS,MS,ASO,CE,Federal Contract Tower,0,9,26,2,37,0,0,62,3,65,0,9,88,5,102,80,0,80,182
09/21/2006,HKS,MS,ASO,CE,Federal Contract Tower,0,12,26,2,40,0,0,64,7,71,0,12,90,9,111,76,16,92,203
09/22/2006,HKS,MS,ASO,CE,Federal Contract Tower,0,11,20,2,33,0,0,26,13,39,0,11,46,15,72,16,58,74,146
09/23/2006,HKS,MS,ASO,CE,Federal Contract Tower,0,0,10,4,14,0,0,35,6,41,0,0,45,10,55,30,36,66,121
09/24/2006,HKS,MS,ASO,CE,Federal Contract Tower,0,0,4,0,4,0,0,11,5,16,0,0,15,5,20,56,0,56,76
09/25/2006,HKS,MS,ASO,CE,Federal Contract Tower,0,10,16,0,26,0,0,37,7,44,0,10,53,7,70,30,8,38,108
09/26/2006,HKS,MS,ASO,CE,Federal Contract Tower,0,12,15,3,30,0,1,52,8,61,0,13,67,11,91,102,0,102,193
09/27/2006,HKS,MS,ASO,CE,Federal Contract Tower,0,12,27,4,43,0,0,65,18,83,0,12,92,22,126,62,2,64,190
09/28/2006,HKS,MS,ASO,CE,Federal Contract Tower,0,11,29,2,42,0,0,54,12,66,0,11,83,14,108,4,48,52,160
09/29/2006,HKS,MS,ASO,CE,Federal Contract Tower,0,11,10,0,21,0,0,59,3,62,0,11,69,3,83,52,0,52,135
09/30/2006,HKS,MS,ASO,CE,Federal Contract Tower,0,0,15,0,15,0,0,55,0,55,0,0,70,0,70,164,0,164,234
10/01/2006,HKS,MS,ASO,CE,Federal Contract Tower,0,1,24,0,25,0,1,21,0,22,0,2,45,0,47,96,0,96,143
10/02/2006,HKS,MS,ASO,CE,Federal Contract Tower,0,10,18,0,28,0,0,65,8,73,0,10,83,8,101,26,0,26,127
10/03/2006,HKS,MS,ASO,CE,Federal Contract Tower,0,12,19,2,33,0,0,46,11,57,0,12,65,13,90,56,28,84,174
10/04/2006,HKS,MS,ASO,CE,Federal Contract Tower,0,10,36,3,49,0,0,60,11,71,0,10,96,14,120,62,18,80,200
10/05/2006,HKS,MS,ASO,CE,Federal Contract Tower,0,9,27,0,36,0,0,50,0,50,0,9,77,0,86,100,0,100,186
10/06/2006,HKS,MS,ASO,CE,Federal Contract Tower,0,10,30,0,40,0,0,32,0,32,0,10,62,0,72,90,0,90,162
10/07/2006,HKS,MS,ASO,CE,Federal Contract Tower,0,0,24,0,24,0,0,45,0,45,0,0,69,0,69,104,0,104,173
10/08/2006,HKS,MS,ASO,CE,Federal Contract Tower,0,0,7,0,7,0,0,46,0,46,0,0,53,0,53,70,0,70,123
10/09/2006,HKS,MS,ASO,CE,Federal Contract Tower,0,2,11,0,13,0,0,44,0,44,0,2,55,0,57,64,0,64,121
10/10/2006,HKS,MS,ASO,CE,Federal Contract Tower,0,11,24,4,39,0,0,68,16,84,0,11,92,20,123,82,58,140,263
10/11/2006,HKS,MS,ASO,CE,Federal Contract Tower,0,8,6,1,15,0,0,47,5,52,0,8,53,6,67,80,46,126,193
10/12/2006,HKS,MS,ASO,CE,Federal Contract Tower,0,9,31,2,42,0,0,38,5,43,0,9,69,7,85,76,0,76,161
10/13/2006,HKS,MS,ASO,CE,Federal Contract Tower,0,11,19,3,33,0,0,55,10,65,0,11,74,13,98,28,28,56,154
10/14/2006,HKS,MS,ASO,CE,Federal Contract Tower,0,1,23,0,24,0,0,95,1,96,0,1,118,1,120,172,0,172,292
10/15/2006,HKS,MS,ASO,CE,Federal Contract Tower,0,0,7,0,7,0,48,0,0,48,0,48,7,0,55,8,4,12,67
10/16/2006,HKS,MS,ASO,CE,Federal Contract Tower,0,8,7,1,16,0,0,1,0,1,0,8,8,1,17,0,0,0,17
10/17/2006,HKS,MS,ASO,CE,Federal Contract Tower,0,7,17,4,28,0,0,59,7,66,0,7,76,11,94,98,28,126,220
10/18/2006,HKS,MS,ASO,CE,Federal Contract Tower,0,9,30,3,42,0,0,61,9,70,0,9,91,12,112,90,38,128,240
10/19/2006,HKS,MS,ASO,CE,Federal Contract Tower,0,6,10,2,18,0,0,0,0,0,0,6,10,2,18,2,0,2,20
10/20/2006,HKS,MS,ASO,CE,Federal Contract Tower,0,10,16,2,28,0,0,57,8,65,0,10,73,10,93,122,66,188,281
10/21/2006,HKS,MS,ASO,CE,Federal Contract Tower,0,0,17,0,17,0,0,63,10,73,0,0,80,10,90,160,30,190,280
10/22/2006,HKS,MS,ASO,CE,Federal Contract Tower,0,1,17,4,22,0,0,36,0,36,0,1,53,4,58,28,8,36,94
10/23/2006,HKS,MS,ASO,CE,Federal Contract Tower,0,12,20,0,32,0,0,41,1,42,0,12,61,1,74,40,2,42,116
10/24/2006,HKS,MS,ASO,CE,Federal Contract Tower,0,11,30,3,44,0,0,49,11,60,0,11,79,14,104,72,62,134,238
10/25/2006,HKS,MS,ASO,CE,Federal Contract Tower,0,9,26,1,36,0,5,34,7,46,0,14,60,8,82,44,58,102,184
10/26/2006,HKS,MS,ASO,CE,Federal Contract Tower,0,5,13,5,23,0,0,0,0,0,0,5,13,5,23,0,0,0,23
10/27/2006,HKS,MS,ASO,CE,Federal Contract Tower,0,11,9,1,21,0,0,28,7,35,0,11,37,8,56,2,46,48,104
10/28/2006,HKS,MS,ASO,CE,Federal Contract Tower,0,0,23,0,23,0,0,77,0,77,0,0,100,0,100,190,0,190,290
10/29/2006,HKS,MS,ASO,CE,Federal Contract Tower,0,0,29,0,29,0,0,41,0,41,0,0,70,0,70,60,0,60,130
10/30/2006,HKS,MS,ASO,CE,Federal Contract Tower,0,8,15,4,27,0,1,28,8,37,0,9,43,12,64,44,6,50,114
10/31/2006,HKS,MS,ASO,CE,Federal Contract Tower,0,6,27,2,35,0,0,48,6,54,0,6,75,8,89,120,14,134,223
11/01/2006,HKS,MS,ASO,CE,Federal Contract Tower,0,10,20,2,32,0,0,11,7,18,0,10,31,9,50,48,16,64,114
11/02/2006,HKS,MS,ASO,CE,Federal Contract Tower,0,12,31,2,45,0,0,38,9,47,0,12,69,11,92,50,20,70,162
11/03/2006,HKS,MS,ASO,CE,Federal Contract Tower,0,13,30,6,49,0,0,45,8,53,0,13,75,14,102,60,66,126,228
11/04/2006,HKS,MS,ASO,CE,Federal Contract Tower,0,3,16,0,19,0,0,44,3,47,0,3,60,3,66,204,0,204,270
11/05/2006,HKS,MS,ASO,CE,Federal Contract Tower,0,2,20,1,23,0,0,37,4,41,0,2,57,5,64,158,16,174,238
11/06/2006,HKS,MS,ASO,CE,Federal Contract Tower,0,6,18,0,24,0,0,0,0,0,0,6,18,0,24,6,0,6,30
11/07/2006,HKS,MS,ASO,CE,Federal Contract Tower,0,12,45,3,60,0,0,23,6,29,0,12,68,9,89,80,2,82,171
11/08/2006,HKS,MS,ASO,CE,Federal Contract Tower,0,11,30,2,43,0,0,35,7,42,0,11,65,9,85,118,18,136,221
11/09/2006,HKS,MS,ASO,CE,Federal Contract Tower,0,10,30,2,42,0,0,64,12,76,0,10,94,14,118,138,16,154,272
11/10/2006,HKS,MS,ASO,CE,Federal Contract Tower,0,13,26,1,40,0,0,37,6,43,0,13,63,7,83,128,8,136,219
11/11/2006,HKS,MS,ASO,CE,Federal Contract Tower,0,0,16,0,16,0,0,21,0,21,0,0,37,0,37,76,0,76,113
11/12/2006,HKS,MS,ASO,CE,Federal Contract Tower,0,4,13,0,17,0,0,48,1,49,0,4,61,1,66,122,0,122,188
11/13/2006,HKS,MS,ASO,CE,Federal Contract Tower,0,8,22,0,30,0,0,35,2,37,0,8,57,2,67,80,44,124,191
11/14/2006,HKS,MS,ASO,CE,Federal Contract Tower,0,15,46,4,65,0,0,19,5,24,0,15,65,9,89,82,38,120,209
11/15/2006,HKS,MS,ASO,CE,Federal Contract Tower,0,12,13,2,27,0,0,9,0,9,0,12,22,2,36,0,0,0,36
11/16/2006,HKS,MS,ASO,CE,Federal Contract Tower,0,7,18,1,26,0,0,40,13,53,0,7,58,14,79,88,34,122,201
11/17/2006,HKS,MS,ASO,CE,Federal Contract Tower,0,15,14,1,30,0,0,42,17,59,0,15,56,18,89,112,52,164,253
11/18/2006,HKS,MS,ASO,CE,Federal Contract Tower,0,4,22,0,26,0,5,44,3,52,0,9,66,3,78,100,0,100,178
11/19/2006,HKS,MS,ASO,CE,Federal Contract Tower,0,1,11,0,12,0,2,33,0,35,0,3,44,0,47,74,0,74,121
11/20/2006,HKS,MS,ASO,CE,Federal Contract Tower,0,17,11,0,28,0,0,31,0,31,0,17,42,0,59,40,0,40,99
11/21/2006,HKS,MS,ASO,CE,Federal Contract Tower,0,10,23,3,36,0,0,58,11,69,0,10,81,14,105,68,56,124,229
11/22/2006,HKS,MS,ASO,CE,Federal Contract Tower,0,7,12,0,19,0,0,32,2,34,0,7,44,2,53,38,22,60,113
11/23/2006,HKS,MS,ASO,CE,Federal Contract Tower,0,2,6,0,8,0,1,23,0,24,0,3,29,0,32,26,0,26,58
11/24/2006,HKS,MS,ASO,CE,Federal Contract Tower,0,7,9,0,16,0,0,37,0,37,0,7,46,0,53,12,0,12,65
11/25/2006,HKS,MS,ASO,CE,Federal Contract Tower,0,2,6,0,8,0,1,32,0,33,0,3,38,0,41,62,0,62,103
11/26/2006,HKS,MS,ASO,CE,Federal Contract Tower,0,2,24,0,26,0,2,32,0,34,0,4,56,0,60,40,0,40,100
11/27/2006,HKS,MS,ASO,CE,Federal Contract Tower,0,9,30,1,40,0,0,46,5,51,0,9,76,6,91,126,0,126,217
11/28/2006,HKS,MS,ASO,CE,Federal Contract Tower,0,11,46,6,63,0,0,35,22,57,0,11,81,28,120,10,46,56,176
11/29/2006,HKS,MS,ASO,CE,Federal Contract Tower,0,7,32,3,42,0,0,39,8,47,0,7,71,11,89,28,40,68,157
11/30/2006,HKS,MS,ASO,CE,Federal Contract Tower,0,10,17,0,27,0,0,7,1,8,0,10,24,1,35,0,0,0,35
12/01/2006,HKS,MS,ASO,CE,Federal Contract Tower,0,14,15,0,29,0,0,34,15,49,0,14,49,15,78,52,18,70,148
12/02/2006,HKS,MS,ASO,CE,Federal Contract Tower,0,6,21,1,28,0,0,55,3,58,0,6,76,4,86,88,0,88,174
12/03/2006,HKS,MS,ASO,CE,Federal Contract Tower,0,0,16,0,16,0,0,34,6,40,0,0,50,6,56,56,8,64,120
12/04/2006,HKS,MS,ASO,CE,Federal Contract Tower,0,9,19,0,28,0,0,46,1,47,0,9,65,1,75,64,0,64,139
12/05/2006,HKS,MS,ASO,CE,Federal Contract Tower,0,15,26,1,42,0,0,43,9,52,0,15,69,10,94,43,18,61,155
12/06/2006,HKS,MS,ASO,CE,Federal Contract Tower,0,7,28,0,35,0,1,38,8,47,0,8,66,8,82,34,36,70,152
12/07/2006,HKS,MS,ASO,CE,Federal Contract Tower,0,11,21,1,33,0,0,20,11,31,0,11,41,12,64,24,24,48,112
12/08/2006,HKS,MS,ASO,CE,Federal Contract Tower,0,8,18,0,26,0,0,37,5,42,0,8,55,5,68,60,2,62,130
12/09/2006,HKS,MS,ASO,CE,Federal Contract Tower,0,2,17,0,19,0,0,46,0,46,0,2,63,0,65,128,0,128,193
12/10/2006,HKS,MS,ASO,CE,Federal Contract Tower,0,1,21,0,22,0,0,25,0,25,0,1,46,0,47,164,0,164,211
12/11/2006,HKS,MS,ASO,CE,Federal Contract Tower,0,16,30,4,50,0,0,28,6,34,0,16,58,10,84,24,28,52,136
12/12/2006,HKS,MS,ASO,CE,Federal Contract Tower,0,12,20,5,37,0,0,8,4,12,0,12,28,9,49,22,52,74,123
12/13/2006,HKS,MS,ASO,CE,Federal Contract Tower,0,12,29,0,41,0,0,31,14,45,0,12,60,14,86,40,18,58,144
12/14/2006,HKS,MS,ASO,CE,Federal Contract Tower,0,16,37,4,57,0,0,18,23,41,0,16,55,27,98,40,72,112,210
12/15/2006,HKS,MS,ASO,CE,Federal Contract Tower,0,17,24,2,43,0,0,49,4,53,0,17,73,6,96,68,26,94,190
12/16/2006,HKS,MS,ASO,CE,Federal Contract Tower,0,3,24,0,27,0,0,36,0,36,0,3,60,0,63,80,0,80,143
12/17/2006,HKS,MS,ASO,CE,Federal Contract Tower,0,2,22,0,24,0,0,15,0,15,0,2,37,0,39,52,0,52,91
12/18/2006,HKS,MS,ASO,CE,Federal Contract Tower,0,12,29,0,41,0,0,27,0,27,0,12,56,0,68,74,0,74,142
12/19/2006,HKS,MS,ASO,CE,Federal Contract Tower,0,11,30,11,52,0,0,24,14,38,0,11,54,25,90,54,108,162,252
12/20/2006,HKS,MS,ASO,CE,Federal Contract Tower,0,18,27,2,47,0,0,36,3,39,0,18,63,5,86,58,30,88,174
12/21/2006,HKS,MS,ASO,CE,Federal Contract Tower,0,17,19,1,37,0,0,30,6,36,0,17,49,7,73,68,8,76,149
12/22/2006,HKS,MS,ASO,CE,Federal Contract Tower,0,17,20,0,37,0,0,47,8,55,0,17,67,8,92,30,4,34,126
12/23/2006,HKS,MS,ASO,CE,Federal Contract Tower,0,0,19,0,19,0,0,49,0,49,0,0,68,0,68,70,0,70,138
12/24/2006,HKS,MS,ASO,CE,Federal Contract Tower,0,0,11,0,11,0,0,5,0,5,0,0,16,0,16,10,0,10,26
12/25/2006,HKS,MS,ASO,CE,Federal Contract Tower,0,0,2,0,2,0,2,0,0,2,0,2,2,0,4,0,0,0,4
12/26/2006,HKS,MS,ASO,CE,Federal Contract Tower,0,6,18,0,24,0,0,34,0,34,0,6,52,0,58,48,0,48,106
12/27/2006,HKS,MS,ASO,CE,Federal Contract Tower,0,5,10,0,15,0,0,49,5,54,0,5,59,5,69,48,4,52,121
12/28/2006,HKS,MS,ASO,CE,Federal Contract Tower,0,8,18,0,26,0,0,39,2,41,0,8,57,2,67,38,0,38,105
12/29/2006,HKS,MS,ASO,CE,Federal Contract Tower,0,8,23,0,31,0,0,41,0,41,0,8,64,0,72,28,0,28,100
12/30/2006,HKS,MS,ASO,CE,Federal Contract Tower,0,0,0,0,0,0,0,4,0,4,0,0,4,0,4,0,0,0,4
12/31/2006,HKS,MS,ASO,CE,Federal Contract Tower,0,2,7,0,9,0,19,30,0,49,0,21,37,0,58,64,0,64,122
01/01/2007,HKS,MS,ASO,CE,Federal Contract Tower,0,0,12,0,12,0,4,17,0,21,0,4,29,0,33,8,0,8,41
01/02/2007,HKS,MS,ASO,CE,Federal Contract Tower,0,6,14,0,20,0,0,34,0,34,0,6,48,0,54,30,0,30,84
01/03/2007,HKS,MS,ASO,CE,Federal Contract Tower,0,9,22,2,33,0,0,26,5,31,0,9,48,7,64,20,4,24,88
01/04/2007,HKS,MS,ASO,CE,Federal Contract Tower,0,6,11,0,17,0,0,0,0,0,0,6,11,0,17,2,0,2,19
01/05/2007,HKS,MS,ASO,CE,Federal Contract Tower,0,8,28,1,37,0,0,27,4,31,0,8,55,5,68,44,0,44,112
01/06/2007,HKS,MS,ASO,CE,Federal Contract Tower,0,2,26,0,28,0,0,52,0,52,0,2,78,0,80,92,0,92,172
01/07/2007,HKS,MS,ASO,CE,Federal Contract Tower,0,0,6,0,6,0,0,4,0,4,0,0,10,0,10,4,0,4,14
01/08/2007,HKS,MS,ASO,CE,Federal Contract Tower,0,6,14,0,20,0,0,39,3,42,0,6,53,3,62,62,0,62,124
01/09/2007,HKS,MS,ASO,CE,Federal Contract Tower,0,8,13,2,23,0,0,33,9,42,0,8,46,11,65,22,2,24,89
01/10/2007,HKS,MS,ASO,CE,Federal Contract Tower,0,10,20,0,30,0,1,63,3,67,0,11,83,3,97,104,12,116,213
01/11/2007,HKS,MS,ASO,CE,Federal Contract Tower,0,7,20,2,29,0,0,35,11,46,0,7,55,13,75,48,12,60,135
01/12/2007,HKS,MS,ASO,CE,Federal Contract Tower,0,10,30,0,40,0,0,17,0,17,0,10,47,0,57,64,0,64,121
01/13/2007,HKS,MS,ASO,CE,Federal Contract Tower,0,2,20,0,22,0,0,30,0,30,0,2,50,0,52,104,0,104,156
01/14/2007,HKS,MS,ASO,CE,Federal Contract Tower,0,0,12,0,12,0,0,10,0,10,0,0,22,0,22,40,0,40,62
01/15/2007,HKS,MS,ASO,CE,Federal Contract Tower,0,0,9,0,9,0,0,2,0,2,0,0,11,0,11,0,0,0,11
01/16/2007,HKS,MS,ASO,CE,Federal Contract Tower,0,8,24,0,32,0,0,12,0,12,0,8,36,0,44,6,0,6,50
01/17/2007,HKS,MS,ASO,CE,Federal Contract Tower,0,9,23,0,32,0,0,9,0,9,0,9,32,0,41,4,0,4,45
01/18/2007,HKS,MS,ASO,CE,Federal Contract Tower,0,5,17,1,23,0,0,14,17,31,0,5,31,18,54,30,148,178,232
01/19/2007,HKS,MS,ASO,CE,Federal Contract Tower,0,8,29,3,40,0,0,44,9,53,0,8,73,12,93,38,42,80,173
01/20/2007,HKS,MS,ASO,CE,Federal Contract Tower,0,0,17,0,17,0,0,31,0,31,0,0,48,0,48,152,14,166,214
01/21/2007,HKS,MS,ASO,CE,Federal Contract Tower,0,0,7,0,7,0,0,0,0,0,0,0,7,0,7,6,0,6,13
01/22/2007,HKS,MS,ASO,CE,Federal Contract Tower,0,9,42,0,51,0,1,22,2,25,0,10,64,2,76,48,12,60,136
01/23/2007,HKS,MS,ASO,CE,Federal Contract Tower,0,10,31,3,44,0,0,36,5,41,0,10,67,8,85,72,22,94,179
01/24/2007,HKS,MS,ASO,CE,Federal Contract Tower,0,5,22,2,29,0,0,42,6,48,0,5,64,8,77,60,16,76,153
01/25/2007,HKS,MS,ASO,CE,Federal Contract Tower,0,8,24,2,34,0,0,53,6,59,0,8,77,8,93,40,16,56,149
01/26/2007,HKS,MS,ASO,CE,Federal Contract Tower,0,9,22,0,31,0,0,68,4,72,0,9,90,4,103,114,2,116,219
01/27/2007,HKS,MS,ASO,CE,Federal Contract Tower,0,3,27,1,31,0,0,26,0,26,0,3,53,1,57,120,0,120,177
01/28/2007,HKS,MS,ASO,CE,Federal Contract Tower,0,0,12,0,12,0,4,35,0,39,0,4,47,0,51,72,4,76,127
01/29/2007,HKS,MS,ASO,CE,Federal Contract Tower,0,10,22,3,35,0,2,46,1,49,0,12,68,4,84,76,0,76,160
01/30/2007,HKS,MS,ASO,CE,Federal Contract Tower,0,7,25,2,34,0,0,26,18,44,0,7,51,20,78,28,8,36,114
01/31/2007,HKS,MS,ASO,CE,Federal Contract Tower,0,12,31,0,43,0,0,39,4,43,0,12,70,4,86,56,12,68,154
02/01/2007,HKS,MS,ASO,CE,Federal Contract Tower,0,14,15,0,29,0,0,0,0,0,0,14,15,0,29,0,0,0,29
02/02/2007,HKS,MS,ASO,CE,Federal Contract Tower,0,18,17,1,36,0,0,12,1,13,0,18,29,2,49,42,0,42,91
02/03/2007,HKS,MS,ASO,CE,Federal Contract Tower,0,1,16,0,17,0,0,50,0,50,0,1,66,0,67,160,0,160,227
02/04/2007,HKS,MS,ASO,CE,Federal Contract Tower,0,3,9,0,12,0,3,25,0,28,0,6,34,0,40,36,0,36,76
02/05/2007,HKS,MS,ASO,CE,Federal Contract Tower,0,16,18,2,36,0,0,39,0,39,0,16,57,2,75,80,2,82,157
02/06/2007,HKS,MS,ASO,CE,Federal Contract Tower,0,5,41,0,46,0,0,53,2,55,0,5,94,2,101,84,0,84,185
02/07/2007,HKS,MS,ASO,CE,Federal Contract Tower,0,12,19,0,31,0,0,20,2,22,0,12,39,2,53,114,0,114,167
02/08/2007,HKS,MS,ASO,CE,Federal Contract Tower,0,16,28,0,44,0,0,19,0,19,0,16,47,0,63,104,0,104,167
02/09/2007,HKS,MS,ASO,CE,Federal Contract Tower,0,12,42,2,56,0,0,0,1,1,0,12,42,3,57,14,0,14,71
02/10/2007,HKS,MS,ASO,CE,Federal Contract Tower,0,0,19,0,19,0,0,59,0,59,0,0,78,0,78,124,0,124,202
02/11/2007,HKS,MS,ASO,CE,Federal Contract Tower,0,0,20,0,20,0,1,32,0,33,0,1,52,0,53,102,0,102,155
02/12/2007,HKS,MS,ASO,CE,Federal Contract Tower,0,10,18,0,28,0,0,32,0,32,0,10,50,0,60,102,0,102,162
02/13/2007,HKS,MS,ASO,CE,Federal Contract Tower,0,7,11,1,19,0,0,12,5,17,0,7,23,6,36,88,56,144,180
02/14/2007,HKS,MS,ASO,CE,Federal Contract Tower,0,9,18,2,29,0,0,18,4,22,0,9,36,6,51,44,0,44,95
02/15/2007,HKS,MS,ASO,CE,Federal Contract Tower,0,9,35,0,44,0,0,40,7,47,0,9,75,7,91,78,6,84,175
02/16/2007,HKS,MS,ASO,CE,Federal Contract Tower,0,8,16,0,24,0,0,38,3,41,0,8,54,3,65,54,14,68,133
02/17/2007,HKS,MS,ASO,CE,Federal Contract Tower,0,0,10,0,10,0,0,27,0,27,0,0,37,0,37,4,0,4,41
02/18/2007,HKS,MS,ASO,CE,Federal Contract Tower,0,0,20,0,20,0,0,32,1,33,0,0,52,1,53,78,0,78,131
02/19/2007,HKS,MS,ASO,CE,Federal Contract Tower,0,0,26,0,26,0,0,30,0,30,0,0,56,0,56,26,0,26,82
02/20/2007,HKS,MS,ASO,CE,Federal Contract Tower,0,7,14,0,21,0,0,28,12,40,0,7,42,12,61,32,0,32,93
02/21/2007,HKS,MS,ASO,CE,Federal Contract Tower,0,9,26,0,35,0,1,30,6,37,0,10,56,6,72,50,14,64,136
02/22/2007,HKS,MS,ASO,CE,Federal Contract Tower,0,11,22,5,38,0,0,57,9,66,0,11,79,14,104,88,30,118,222
02/23/2007,HKS,MS,ASO,CE,Federal Contract Tower,0,10,21,1,32,0,0,45,7,52,0,10,66,8,84,88,14,102,186
02/24/2007,HKS,MS,ASO,CE,Federal Contract Tower,0,0,2,0,2,0,0,14,5,19,0,0,16,5,21,42,12,54,75
02/25/2007,HKS,MS,ASO,CE,Federal Contract Tower,0,0,14,0,14,0,0,34,0,34,0,0,48,0,48,34,0,34,82
02/26/2007,HKS,MS,ASO,CE,Federal Contract Tower,0,6,22,1,29,0,0,53,1,54,0,6,75,2,83,24,0,24,107
02/27/2007,HKS,MS,ASO,CE,Federal Contract Tower,0,6,31,6,43,0,0,65,3,68,0,6,96,9,111,132,0,132,243
02/28/2007,HKS,MS,ASO,CE,Federal Contract Tower,0,7,20,5,32,0,0,35,10,45,0,7,55,15,77,26,58,84,161
03/01/2007,HKS,MS,ASO,CE,Federal Contract Tower,0,9,15,0,24,0,0,10,0,10,0,9,25,0,34,2,0,2,36
03/02/2007,HKS,MS,ASO,CE,Federal Contract Tower,0,15,33,8,56,0,0,38,7,45,0,15,71,15,101,66,22,88,189
03/03/2007,HKS,MS,ASO,CE,Federal Contract Tower,0,0,9,0,9,0,0,49,6,55,0,0,58,6,64,90,6,96,160
03/04/2007,HKS,MS,ASO,CE,Federal Contract Tower,0,0,24,4,28,0,0,41,8,49,0,0,65,12,77,42,42,84,161
03/05/2007,HKS,MS,ASO,CE,Federal Contract Tower,0,7,10,0,17,0,2,35,0,37,0,9,45,0,54,58,0,58,112
03/06/2007,HKS,MS,ASO,CE,Federal Contract Tower,0,13,22,1,36,0,0,52,5,57,0,13,74,6,93,60,0,60,153
03/07/2007,HKS,MS,ASO,CE,Federal Contract Tower,0,17,16,0,33,0,0,35,2,37,0,17,51,2,70,96,0,96,166
03/08/2007,HKS,MS,ASO,CE,Federal Contract Tower,0,14,16,3,33,0,0,51,5,56,0,14,67,8,89,56,20,76,165
03/09/2007,HKS,MS,ASO,CE,Federal Contract Tower,0,10,24,2,36,0,0,61,4,65,0,10,85,6,101,60,16,76,177
03/10/2007,HKS,MS,ASO,CE,Federal Contract Tower,0,2,26,0,28,0,0,38,0,38,0,2,64,0,66,76,0,76,142
03/11/2007,HKS,MS,ASO,CE,Federal Contract Tower,0,0,19,0,19,0,0,35,0,35,0,0,54,0,54,18,0,18,72
03/12/2007,HKS,MS,ASO,CE,Federal Contract Tower,0,8,28,0,36,0,1,33,0,34,0,9,61,0,70,18,0,18,88
03/13/2007,HKS,MS,ASO,CE,Federal Contract Tower,0,6,27,4,37,0,0,28,7,35,0,6,55,11,72,8,12,20,92
03/14/2007,HKS,MS,ASO,CE,Federal Contract Tower,0,12,13,0,25,0,0,19,0,19,0,12,32,0,44,0,10,10,54
03/15/2007,HKS,MS,ASO,CE,Federal Contract Tower,0,13,21,2,36,0,0,38,10,48,0,13,59,12,84,10,16,26,110
03/16/2007,HKS,MS,ASO,CE,Federal Contract Tower,0,14,25,2,41,0,0,37,5,42,0,14,62,7,83,16,44,60,143
03/17/2007,HKS,MS,ASO,CE,Federal Contract Tower,0,2,18,0,20,0,0,52,1,53,0,2,70,1,73,98,0,98,171
03/18/2007,HKS,MS,ASO,CE,Federal Contract Tower,0,0,17,0,17,0,0,34,5,39,0,0,51,5,56,64,0,64,120
03/19/2007,HKS,MS,ASO,CE,Federal Contract Tower,0,7,16,0,23,0,0,29,0,29,0,7,45,0,52,6,0,6,58
03/20/2007,HKS,MS,ASO,CE,Federal Contract Tower,0,10,26,3,39,0,0,39,3,42,0,10,65,6,81,68,20,88,169
03/21/2007,HKS,MS,ASO,CE,Federal Contract Tower,0,9,21,3,33,0,0,39,3,42,0,9,60,6,75,90,10,100,175
03/22/2007,HKS,MS,ASO,CE,Federal Contract Tower,0,14,21,1,36,0,0,50,16,66,0,14,71,17,102,40,27,67,169
03/23/2007,HKS,MS,ASO,CE,Federal Contract Tower,0,12,20,0,32,0,0,59,0,59,0,12,79,0,91,70,0,70,161
03/24/2007,HKS,MS,ASO,CE,Federal Contract Tower,0,0,22,0,22,0,0,56,0,56,0,0,78,0,78,94,0,94,172
03/25/2007,HKS,MS,ASO,CE,Federal Contract Tower,0,2,24,0,26,0,1,41,0,42,0,3,65,0,68,46,0,46,114
03/26/2007,HKS,MS,ASO,CE,Federal Contract Tower,0,11,19,0,30,0,0,56,0,56,0,11,75,0,86,90,0,90,176
03/27/2007,HKS,MS,ASO,CE,Federal Contract Tower,0,6,32,3,41,0,0,26,12,38,0,6,58,15,79,30,68,98,177
03/28/2007,HKS,MS,ASO,CE,Federal Contract Tower,0,17,20,1,38,0,0,42,9,51,0,17,62,10,89,30,52,82,171
03/29/2007,HKS,MS,ASO,CE,Federal Contract Tower,0,9,31,4,44,0,0,29,5,34,0,9,60,9,78,40,0,40,118
03/30/2007,HKS,MS,ASO,CE,Federal Contract Tower,0,15,18,0,33,0,0,42,7,49,0,15,60,7,82,48,0,48,130
03/31/2007,HKS,MS,ASO,CE,Federal Contract Tower,0,0,12,0,12,0,0,5,1,6,0,0,17,1,18,38,0,38,56
04/01/2007,HKS,MS,ASO,CE,Federal Contract Tower,0,0,11,0,11,0,0,7,0,7,0,0,18,0,18,42,0,42,60
04/02/2007,HKS,MS,ASO,CE,Federal Contract Tower,0,15,20,0,35,0,0,18,7,25,0,15,38,7,60,102,28,130,190
04/03/2007,HKS,MS,ASO,CE,Federal Contract Tower,0,6,14,4,24,0,0,13,7,20,0,6,27,11,44,26,24,50,94
04/04/2007,HKS,MS,ASO,CE,Federal Contract Tower,0,14,20,2,36,0,0,22,0,22,0,14,42,2,58,24,0,24,82
04/05/2007,HKS,MS,ASO,CE,Federal Contract Tower,0,9,33,2,44,0,0,49,3,52,0,9,82,5,96,60,26,86,182
04/06/2007,HKS,MS,ASO,CE,Federal Contract Tower,0,8,22,2,32,0,0,42,0,42,0,8,64,2,74,42,2,44,118
04/07/2007,HKS,MS,ASO,CE,Federal Contract Tower,0,1,15,0,16,0,0,24,2,26,0,1,39,2,42,42,4,46,88
04/08/2007,HKS,MS,ASO,CE,Federal Contract Tower,0,0,14,0,14,0,0,25,0,25,0,0,39,0,39,26,0,26,65
04/09/2007,HKS,MS,ASO,CE,Federal Contract Tower,0,12,26,0,38,0,0,44,2,46,0,12,70,2,84,38,0,38,122
04/10/2007,HKS,MS,ASO,CE,Federal Contract Tower,0,13,10,0,23,0,0,17,0,17,0,13,27,0,40,32,0,32,72
04/11/2007,HKS,MS,ASO,CE,Federal Contract Tower,0,12,27,0,39,0,2,29,0,31,0,14,56,0,70,12,10,22,92
04/12/2007,HKS,MS,ASO,CE,Federal Contract Tower,0,21,27,3,51,0,0,57,9,66,0,21,84,12,117,42,12,54,171
04/13/2007,HKS,MS,ASO,CE,Federal Contract Tower,0,10,16,7,33,0,0,44,8,52,0,10,60,15,85,44,20,64,149
04/14/2007,HKS,MS,ASO,CE,Federal Contract Tower,0,0,7,0,7,0,0,3,5,8,0,0,10,5,15,0,12,12,27
04/15/2007,HKS,MS,ASO,CE,Federal Contract Tower,0,0,11,0,11,0,0,8,1,9,0,0,19,1,20,14,0,14,34
04/16/2007,HKS,MS,ASO,CE,Federal Contract Tower,0,6,26,0,32,0,0,52,4,56,0,6,78,4,88,120,0,120,208
04/17/2007,HKS,MS,ASO,CE,Federal Contract Tower,0,6,33,1,40,0,0,28,3,31,0,6,61,4,71,10,0,10,81
04/18/2007,HKS,MS,ASO,CE,Federal Contract Tower,0,11,28,3,42,0,0,27,0,27,0,11,55,3,69,14,0,14,83
04/19/2007,HKS,MS,ASO,CE,Federal Contract Tower,0,10,29,1,40,0,0,51,1,52,0,10,80,2,92,100,2,102,194
04/20/2007,HKS,MS,ASO,CE,Federal Contract Tower,0,14,21,1,36,0,0,68,4,72,0,14,89,5,108,86,0,86,194
04/21/2007,HKS,MS,ASO,CE,Federal Contract Tower,0,0,25,0,25,0,0,59,2,61,0,0,84,2,86,112,0,112,198
04/22/2007,HKS,MS,ASO,CE,Federal Contract Tower,0,1,15,0,16,0,0,18,0,18,0,1,33,0,34,62,0,62,96
04/23/2007,HKS,MS,ASO,CE,Federal Contract Tower,0,5,22,0,27,0,0,21,0,21,0,5,43,0,48,30,0,30,78
04/24/2007,HKS,MS,ASO,CE,Federal Contract Tower,0,10,16,0,26,0,0,28,3,31,0,10,44,3,57,38,12,50,107
04/25/2007,HKS,MS,ASO,CE,Federal Contract Tower,0,11,11,1,23,0,0,17,7,24,0,11,28,8,47,24,8,32,79
04/26/2007,HKS,MS,ASO,CE,Federal Contract Tower,0,9,17,0,26,0,0,32,4,36,0,9,49,4,62,42,18,60,122
04/27/2007,HKS,MS,ASO,CE,Federal Contract Tower,0,10,28,0,38,0,0,67,4,71,0,10,95,4,109,22,0,22,131
04/28/2007,HKS,MS,ASO,CE,Federal Contract Tower,0,1,10,2,13,0,0,38,5,43,0,1,48,7,56,26,22,48,104
04/29/2007,HKS,MS,ASO,CE,Federal Contract Tower,0,1,5,0,6,0,11,34,0,45,0,12,39,0,51,98,0,98,149
04/30/2007,HKS,MS,ASO,CE,Federal Contract Tower,0,20,9,1,30,0,0,47,5,52,0,20,56,6,82,16,12,28,110
05/01/2007,HKS,MS,ASO,CE,Federal Contract Tower,0,10,23,4,37,0,0,55,13,68,0,10,78,17,105,30,28,58,163
05/02/2007,HKS,MS,ASO,CE,Federal Contract Tower,0,7,21,1,29,0,0,30,8,38,0,7,51,9,67,68,4,72,139
05/03/2007,HKS,MS,ASO,CE,Federal Contract Tower,0,6,31,1,38,0,0,18,5,23,0,6,49,6,61,4,32,36,97
05/04/2007,HKS,MS,ASO,CE,Federal Contract Tower,0,9,14,0,23,0,0,31,7,38,0,9,45,7,61,58,24,82,143
05/05/2007,HKS,MS,ASO,CE,Federal Contract Tower,0,0,26,0,26,0,0,13,0,13,0,0,39,0,39,30,0,30,69
05/06/2007,HKS,MS,ASO,CE,Federal Contract Tower,0,1,13,0,14,0,0,28,1,29,0,1,41,1,43,78,0,78,121
05/07/2007,HKS,MS,ASO,CE,Federal Contract Tower,0,10,10,0,20,0,0,16,0,16,0,10,26,0,36,0,0,0,36
05/08/2007,HKS,MS,ASO,CE,Federal Contract Tower,0,8,16,4,28,0,0,46,5,51,0,8,62,9,79,20,38,58,137
05/09/2007,HKS,MS,ASO,CE,Federal Contract Tower,0,13,25,3,41,0,0,21,6,27,0,13,46,9,68,54,4,58,126
05/10/2007,HKS,MS,ASO,CE,Federal Contract Tower,0,16,30,0,46,0,0,33,5,38,0,16,63,5,84,8,0,8,92
05/11/2007,HKS,MS,ASO,CE,Federal Contract Tower,0,15,15,2,32,0,0,44,1,45,0,15,59,3,77,20,2,22,99
05/12/2007,HKS,MS,ASO,CE,Federal Contract Tower,0,0,13,0,13,0,0,33,2,35,0,0,46,2,48,30,0,30,78
05/13/2007,HKS,MS,ASO,CE,Federal Contract Tower,0,0,13,0,13,0,3,7,1,11,0,3,20,1,24,40,0,40,64
05/14/2007,HKS,MS,ASO,CE,Federal Contract Tower,0,7,23,1,31,0,0,29,2,31,0,7,52,3,62,82,4,86,148
05/15/2007,HKS,MS,ASO,CE,Federal Contract Tower,0,7,18,2,27,0,0,26,4,30,0,7,44,6,57,8,18,26,83
05/16/2007,HKS,MS,ASO,CE,Federal Contract Tower,0,14,24,1,39,0,3,23,5,31,0,17,47,6,70,8,44,52,122
05/17/2007,HKS,MS,ASO,CE,Federal Contract Tower,0,9,34,2,45,0,1,50,7,58,0,10,84,9,103,62,38,100,203
05/18/2007,HKS,MS,ASO,CE,Federal Contract Tower,0,11,24,0,35,0,5,52,0,57,0,16,76,0,92,80,0,80,172
05/19/2007,HKS,MS,ASO,CE,Federal Contract Tower,0,0,22,1,23,0,0,57,2,59,0,0,79,3,82,80,0,80,162
05/20/2007,HKS,MS,ASO,CE,Federal Contract Tower,0,2,17,0,19,0,0,39,2,41,0,2,56,2,60,90,0,90,150
05/21/2007,HKS,MS,ASO,CE,Federal Contract Tower,0,12,24,0,36,0,0,29,1,30,0,12,53,1,66,52,2,54,120
05/22/2007,HKS,MS,ASO,CE,Federal Contract Tower,0,7,21,0,28,0,0,40,4,44,0,7,61,4,72,18,0,18,90
05/23/2007,HKS,MS,ASO,CE,Federal Contract Tower,0,12,33,3,48,0,1,33,7,41,0,13,66,10,89,6,38,44,133
05/24/2007,HKS,MS,ASO,CE,Federal Contract Tower,0,8,26,1,35,0,0,25,17,42,0,8,51,18,77,62,6,68,145
05/25/2007,HKS,MS,ASO,CE,Federal Contract Tower,0,5,19,0,24,0,3,48,3,54,0,8,67,3,78,96,0,96,174
05/26/2007,HKS,MS,ASO,CE,Federal Contract Tower,0,0,16,0,16,0,0,25,0,25,0,0,41,0,41,64,0,64,105
05/27/2007,HKS,MS,ASO,CE,Federal Contract Tower,0,0,14,0,14,0,0,15,0,15,0,0,29,0,29,34,0,34,63
05/28/2007,HKS,MS,ASO,CE,Federal Contract Tower,0,0,16,0,16,0,0,31,0,31,0,0,47,0,47,40,0,40,87
05/29/2007,HKS,MS,ASO,CE,Federal Contract Tower,0,8,11,0,19,0,2,33,0,35,0,10,44,0,54,34,0,34,88
05/30/2007,HKS,MS,ASO,CE,Federal Contract Tower,0,12,24,0,36,0,0,28,0,28,0,12,52,0,64,30,0,30,94
05/31/2007,HKS,MS,ASO,CE,Federal Contract Tower,0,7,14,1,22,0,0,21,5,26,0,7,35,6,48,44,4,48,96
06/01/2007,HKS,MS,ASO,CE,Federal Contract Tower,0,8,22,0,30,0,0,29,8,37,0,8,51,8,67,76,0,76,143
06/02/2007,HKS,MS,ASO,CE,Federal Contract Tower,0,0,21,0,21,0,0,33,5,38,0,0,54,5,59,50,0,50,109
06/03/2007,HKS,MS,ASO,CE,Federal Contract Tower,0,2,21,0,23,0,0,12,4,16,0,2,33,4,39,14,0,14,53
06/04/2007,HKS,MS,ASO,CE,Federal Contract Tower,0,8,18,2,28,0,0,31,0,31,0,8,49,2,59,6,0,6,65
06/05/2007,HKS,MS,ASO,CE,Federal Contract Tower,0,6,13,0,19,0,0,36,6,42,0,6,49,6,61,72,2,74,135
06/06/2007,HKS,MS,ASO,CE,Federal Contract Tower,0,9,13,0,22,0,0,45,13,58,0,9,58,13,80,53,6,59,139
06/07/2007,HKS,MS,ASO,CE,Federal Contract Tower,0,11,30,0,41,0,0,19,4,23,0,11,49,4,64,40,2,42,106
06/08/2007,HKS,MS,ASO,CE,Federal Contract Tower,0,8,24,0,32,0,0,26,3,29,0,8,50,3,61,48,0,48,109
06/09/2007,HKS,MS,ASO,CE,Federal Contract Tower,0,0,9,0,9,0,0,17,0,17,0,0,26,0,26,24,0,24,50
06/10/2007,HKS,MS,ASO,CE,Federal Contract Tower,0,0,11,0,11,0,0,26,0,26,0,0,37,0,37,38,0,38,75
06/11/2007,HKS,MS,ASO,CE,Federal Contract Tower,0,7,13,1,21,0,1,45,6,52,0,8,58,7,73,12,6,18,91
06/12/2007,HKS,MS,ASO,CE,Federal Contract Tower,0,7,15,0,22,0,3,24,3,30,0,10,39,3,52,8,0,8,60
06/13/2007,HKS,MS,ASO,CE,Federal Contract Tower,0,9,12,1,22,0,0,22,5,27,0,9,34,6,49,30,0,30,79
06/14/2007,HKS,MS,ASO,CE,Federal Contract Tower,0,10,34,0,44,0,0,44,6,50,0,10,78,6,94,62,20,82,176
06/15/2007,HKS,MS,ASO,CE,Federal Contract Tower,0,15,20,0,35,0,0,39,2,41,0,15,59,2,76,60,0,60,136
06/16/2007,HKS,MS,ASO,CE,Federal Contract Tower,0,0,12,0,12,0,0,28,0,28,0,0,40,0,40,94,0,94,134
06/17/2007,HKS,MS,ASO,CE,Federal Contract Tower,0,0,21,0,21,0,0,34,0,34,0,0,55,0,55,54,0,54,109
06/18/2007,HKS,MS,ASO,CE,Federal Contract Tower,0,7,26,0,33,0,0,24,1,25,0,7,50,1,58,20,0,20,78
06/19/2007,HKS,MS,ASO,CE,Federal Contract Tower,0,13,13,0,26,0,0,5,2,7,0,13,18,2,33,16,8,24,57
06/20/2007,HKS,MS,ASO,CE,Federal Contract Tower,0,15,22,0,37,0,2,59,20,81,0,17,81,20,118,68,20,88,206
06/21/2007,HKS,MS,ASO,CE,Federal Contract Tower,0,17,21,0,38,0,0,57,5,62,0,17,78,5,100,74,0,74,174
06/22/2007,HKS,MS,ASO,CE,Federal Contract Tower,0,12,34,1,47,0,1,46,3,50,0,13,80,4,97,58,0,58,155
06/23/2007,HKS,MS,ASO,CE,Federal Contract Tower,0,0,26,0,26,0,0,52,0,52,0,0,78,0,78,60,0,60,138
06/24/2007,HKS,MS,ASO,CE,Federal Contract Tower,0,0,10,0,10,0,0,31,8,39,0,0,41,8,49,42,0,42,91
06/25/2007,HKS,MS,ASO,CE,Federal Contract Tower,0,6,35,0,41,0,1,39,4,44,0,7,74,4,85,66,0,66,151
06/26/2007,HKS,MS,ASO,CE,Federal Contract Tower,0,6,16,1,23,0,0,28,1,29,0,6,44,2,52,20,0,20,72
06/27/2007,HKS,MS,ASO,CE,Federal Contract Tower,0,6,36,3,45,0,0,49,3,52,0,6,85,6,97,46,2,48,145
06/28/2007,HKS,MS,ASO,CE,Federal Contract Tower,0,8,25,0,33,0,0,38,7,45,0,8,63,7,78,108,0,108,186
06/29/2007,HKS,MS,ASO,CE,Federal Contract Tower,0,4,27,0,31,0,0,28,0,28,0,4,55,0,59,48,0,48,107
06/30/2007,HKS,MS,ASO,CE,Federal Contract Tower,0,0,9,0,9,0,0,30,0,30,0,0,39,0,39,66,0,66,105
07/01/2007,HKS,MS,ASO,CE,Federal Contract Tower,0,0,16,0,16,0,0,19,0,19,0,0,35,0,35,28,0,28,63
07/02/2007,HKS,MS,ASO,CE,Federal Contract Tower,0,5,10,0,15,0,0,26,15,41,0,5,36,15,56,8,0,8,64
07/03/2007,HKS,MS,ASO,CE,Federal Contract Tower,0,4,21,0,25,0,1,29,7,37,0,5,50,7,62,6,0,6,68
07/04/2007,HKS,MS,ASO,CE,Federal Contract Tower,0,0,15,0,15,0,0,8,0,8,0,0,23,0,23,32,0,32,55
07/05/2007,HKS,MS,ASO,CE,Federal Contract Tower,0,4,12,0,16,0,0,15,0,15,0,4,27,0,31,8,0,8,39
07/06/2007,HKS,MS,ASO,CE,Federal Contract Tower,0,6,26,0,32,0,0,4,0,4,0,6,30,0,36,54,0,54,90
07/07/2007,HKS,MS,ASO,CE,Federal Contract Tower,0,0,10,0,10,0,0,6,1,7,0,0,16,1,17,0,0,0,17
07/08/2007,HKS,MS,ASO,CE,Federal Contract Tower,0,0,12,0,12,0,1,17,1,19,0,1,29,1,31,76,0,76,107
07/09/2007,HKS,MS,ASO,CE,Federal Contract Tower,0,6,26,0,32,0,1,21,0,22,0,7,47,0,54,18,0,18,72
07/10/2007,HKS,MS,ASO,CE,Federal Contract Tower,0,8,17,1,26,0,0,20,12,32,0,8,37,13,58,14,10,24,82
07/11/2007,HKS,MS,ASO,CE,Federal Contract Tower,0,10,22,0,32,0,2,20,0,22,0,12,42,0,54,20,0,20,74
07/12/2007,HKS,MS,ASO,CE,Federal Contract Tower,0,11,17,0,28,0,1,22,0,23,0,12,39,0,51,58,0,58,109
07/13/2007,HKS,MS,ASO,CE,Federal Contract Tower,0,6,19,0,25,0,0,7,6,13,0,6,26,6,38,60,0,60,98
07/14/2007,HKS,MS,ASO,CE,Federal Contract Tower,0,0,15,0,15,0,0,0,0,0,0,0,15,0,15,18,0,18,33
07/15/2007,HKS,MS,ASO,CE,Federal Contract Tower,0,3,20,0,23,0,0,0,1,1,0,3,20,1,24,38,0,38,62
07/16/2007,HKS,MS,ASO,CE,Federal Contract Tower,0,7,16,0,23,0,1,23,2,26,0,8,39,2,49,44,0,44,93
07/17/2007,HKS,MS,ASO,CE,Federal Contract Tower,0,14,16,1,31,0,0,10,1,11,0,14,26,2,42,32,2,34,76
07/18/2007,HKS,MS,ASO,CE,Federal Contract Tower,0,6,18,0,24,0,0,38,0,38,0,6,56,0,62,24,0,24,86
07/19/2007,HKS,MS,ASO,CE,Federal Contract Tower,0,7,20,3,30,0,5,35,10,50,0,12,55,13,80,74,0,74,154
07/20/2007,HKS,MS,ASO,CE,Federal Contract Tower,0,8,30,0,38,0,0,34,12,46,0,8,64,12,84,72,10,82,166
07/21/2007,HKS,MS,ASO,CE,Federal Contract Tower,0,0,23,0,23,0,0,22,0,22,0,0,45,0,45,70,0,70,115
07/22/2007,HKS,MS,ASO,CE,Federal Contract Tower,0,0,12,1,13,0,0,22,1,23,0,0,34,2,36,168,0,168,204
07/23/2007,HKS,MS,ASO,CE,Federal Contract Tower,0,5,21,0,26,0,1,39,3,43,0,6,60,3,69,58,0,58,127
07/24/2007,HKS,MS,ASO,CE,Federal Contract Tower,0,9,20,0,29,0,3,28,6,37,0,12,48,6,66,48,0,48,114
07/25/2007,HKS,MS,ASO,CE,Federal Contract Tower,0,9,22,0,31,0,0,23,6,29,0,9,45,6,60,16,0,16,76
07/26/2007,HKS,MS,ASO,CE,Federal Contract Tower,0,9,11,0,20,0,0,34,4,38,0,9,45,4,58,44,0,44,102
07/27/2007,HKS,MS,ASO,CE,Federal Contract Tower,0,13,20,1,34,0,0,31,2,33,0,13,51,3,67,64,0,64,131
07/28/2007,HKS,MS,ASO,CE,Federal Contract Tower,0,2,20,0,22,0,0,13,0,13,0,2,33,0,35,106,0,106,141
07/29/2007,HKS,MS,ASO,CE,Federal Contract Tower,0,8,26,1,35,0,1,19,3,23,0,9,45,4,58,56,0,56,114
07/30/2007,HKS,MS,ASO,CE,Federal Contract Tower,0,4,14,0,18,0,0,26,2,28,0,4,40,2,46,26,0,26,72
07/31/2007,HKS,MS,ASO,CE,Federal Contract Tower,0,5,27,0,32,0,0,9,9,18,0,5,36,9,50,22,4,26,76
08/01/2007,HKS,MS,ASO,CE,Federal Contract Tower,0,7,22,0,29,0,1,26,3,30,0,8,48,3,59,34,0,34,93
08/02/2007,HKS,MS,ASO,CE,Federal Contract Tower,0,7,35,0,42,0,0,52,6,58,0,7,87,6,100,114,6,120,220
08/03/2007,HKS,MS,ASO,CE,Federal Contract Tower,0,5,39,0,44,0,0,54,5,59,0,5,93,5,103,38,0,38,141
08/04/2007,HKS,MS,ASO,CE,Federal Contract Tower,0,0,15,0,15,0,0,25,0,25,0,0,40,0,40,56,0,56,96
08/05/2007,HKS,MS,ASO,CE,Federal Contract Tower,0,2,14,0,16,0,1,26,0,27,0,3,40,0,43,72,0,72,115
08/06/2007,HKS,MS,ASO,CE,Federal Contract Tower,0,6,16,0,22,0,0,41,1,42,0,6,57,1,64,66,0,66,130
08/07/2007,HKS,MS,ASO,CE,Federal Contract Tower,0,9,25,1,35,0,0,46,3,49,0,9,71,4,84,58,0,58,142
08/08/2007,HKS,MS,ASO,CE,Federal Contract Tower,0,9,29,0,38,0,0,32,2,34,0,9,61,2,72,26,0,26,98
08/09/2007,HKS,MS,ASO,CE,Federal Contract Tower,0,7,20,1,28,0,3,33,6,42,0,10,53,7,70,30,0,30,100
08/10/2007,HKS,MS,ASO,CE,Federal Contract Tower,0,7,20,0,27,0,0,48,5,53,0,7,68,5,80,18,0,18,98
08/11/2007,HKS,MS,ASO,CE,Federal Contract Tower,0,0,16,1,17,0,1,40,1,42,0,1,56,2,59,12,0,12,71
08/12/2007,HKS,MS,ASO,CE,Federal Contract Tower,0,0,11,0,11,0,2,25,0,27,0,2,36,0,38,64,0,64,102
08/13/2007,HKS,MS,ASO,CE,Federal Contract Tower,0,5,12,0,17,0,2,27,2,31,0,7,39,2,48,14,0,14,62
08/14/2007,HKS,MS,ASO,CE,Federal Contract Tower,0,5,28,0,33,0,0,23,0,23,0,5,51,0,56,16,0,16,72
08/15/2007,HKS,MS,ASO,CE,Federal Contract Tower,0,1,12,0,13,0,0,19,0,19,0,1,31,0,32,18,0,18,50
08/16/2007,HKS,MS,ASO,CE,Federal Contract Tower,0,6,27,2,35,0,0,44,6,50,0,6,71,8,85,40,0,40,125
08/17/2007,HKS,MS,ASO,CE,Federal Contract Tower,0,10,26,0,36,0,1,38,4,43,0,11,64,4,79,94,0,94,173
08/18/2007,HKS,MS,ASO,CE,Federal Contract Tower,0,0,13,0,13,0,0,25,4,29,0,0,38,4,42,38,0,38,80
08/19/2007,HKS,MS,ASO,CE,Federal Contract Tower,0,0,7,0,7,0,2,22,2,26,0,2,29,2,33,52,0,52,85
08/20/2007,HKS,MS,ASO,CE,Federal Contract Tower,0,4,27,0,31,0,4,30,0,34,0,8,57,0,65,36,4,40,105
08/21/2007,HKS,MS,ASO,CE,Federal Contract Tower,0,7,13,0,20,0,0,28,3,31,0,7,41,3,51,22,18,40,91
08/22/2007,HKS,MS,ASO,CE,Federal Contract Tower,0,4,25,0,29,0,2,34,9,45,0,6,59,9,74,12,0,12,86
08/23/2007,HKS,MS,ASO,CE,Federal Contract Tower,0,13,29,2,44,0,4,35,6,45,0,17,64,8,89,2,2,4,93
08/24/2007,HKS,MS,ASO,CE,Federal Contract Tower,0,8,30,0,38,0,0,14,2,16,0,8,44,2,54,48,0,48,102
08/25/2007,HKS,MS,ASO,CE,Federal Contract Tower,0,0,14,0,14,0,0,38,1,39,0,0,52,1,53,62,0,62,115
08/26/2007,HKS,MS,ASO,CE,Federal Contract Tower,0,0,10,0,10,0,0,21,1,22,0,0,31,1,32,42,0,42,74
08/27/2007,HKS,MS,ASO,CE,Federal Contract Tower,0,9,12,0,21,0,1,32,1,34,0,10,44,1,55,12,0,12,67
08/28/2007,HKS,MS,ASO,CE,Federal Contract Tower,0,10,16,0,26,0,0,11,6,17,0,10,27,6,43,2,12,14,57
08/29/2007,HKS,MS,ASO,CE,Federal Contract Tower,0,7,15,0,22,0,2,24,1,27,0,9,39,1,49,46,0,46,95
08/30/2007,HKS,MS,ASO,CE,Federal Contract Tower,0,10,23,1,34,0,0,19,1,20,0,10,42,2,54,8,8,16,70
08/31/2007,HKS,MS,ASO,CE,Federal Contract Tower,0,12,34,0,46,0,0,36,3,39,0,12,70,3,85,28,0,28,113
09/01/2007,HKS,MS,ASO,CE,Federal Contract Tower,0,1,11,0,12,0,0,35,0,35,0,1,46,0,47,108,0,108,155
09/02/2007,HKS,MS,ASO,CE,Federal Contract Tower,0,0,11,0,11,0,2,13,8,23,0,2,24,8,34,70,0,70,104
09/03/2007,HKS,MS,ASO,CE,Federal Contract Tower,0,3,20,0,23,0,2,7,0,9,0,5,27,0,32,26,0,26,58
09/04/2007,HKS,MS,ASO,CE,Federal Contract Tower,0,8,16,2,26,0,1,14,7,22,0,9,30,9,48,48,4,52,100
09/05/2007,HKS,MS,ASO,CE,Federal Contract Tower,0,9,16,1,26,0,0,29,1,30,0,9,45,2,56,60,0,60,116
09/06/2007,HKS,MS,ASO,CE,Federal Contract Tower,0,7,19,0,26,0,0,19,0,19,0,7,38,0,45,56,0,56,101
09/07/2007,HKS,MS,ASO,CE,Federal Contract Tower,0,9,16,0,25,0,0,35,9,44,0,9,51,9,69,54,2,56,125
09/08/2007,HKS,MS,ASO,CE,Federal Contract Tower,0,0,24,0,24,0,0,18,1,19,0,0,42,1,43,94,0,94,137
09/09/2007,HKS,MS,ASO,CE,Federal Contract Tower,0,0,9,0,9,0,2,30,0,32,0,2,39,0,41,102,0,102,143
09/10/2007,HKS,MS,ASO,CE,Federal Contract Tower,0,8,5,0,13,0,0,30,0,30,0,8,35,0,43,36,0,36,79
09/11/2007,HKS,MS,ASO,CE,Federal Contract Tower,0,17,18,0,35,0,0,34,5,39,0,17,52,5,74,46,24,70,144
09/12/2007,HKS,MS,ASO,CE,Federal Contract Tower,0,18,21,2,41,0,1,25,0,26,0,19,46,2,67,48,52,100,167
09/13/2007,HKS,MS,ASO,CE,Federal Contract Tower,0,20,14,1,35,0,0,10,4,14,0,20,24,5,49,12,20,32,81
09/14/2007,HKS,MS,ASO,CE,Federal Contract Tower,0,15,23,0,38,0,0,11,2,13,0,15,34,2,51,8,2,10,61
09/15/2007,HKS,MS,ASO,CE,Federal Contract Tower,0,0,16,0,16,0,0,28,0,28,0,0,44,0,44,44,0,44,88
09/16/2007,HKS,MS,ASO,CE,Federal Contract Tower,0,0,16,0,16,0,10,46,0,56,0,10,62,0,72,46,0,46,118
09/17/2007,HKS,MS,ASO,CE,Federal Contract Tower,0,8,22,1,31,0,0,42,3,45,0,8,64,4,76,36,10,46,122
09/18/2007,HKS,MS,ASO,CE,Federal Contract Tower,0,18,28,4,50,0,0,46,6,52,0,18,74,10,102,32,4,36,138
09/19/2007,HKS,MS,ASO,CE,Federal Contract Tower,0,18,20,1,39,0,2,51,6,59,0,20,71,7,98,80,4,84,182
09/20/2007,HKS,MS,ASO,CE,Federal Contract Tower,0,13,21,0,34,0,0,48,16,64,0,13,69,16,98,54,8,62,160
09/21/2007,HKS,MS,ASO,CE,Federal Contract Tower,0,18,11,0,29,0,0,55,11,66,0,18,66,11,95,58,0,58,153
09/22/2007,HKS,MS,ASO,CE,Federal Contract Tower,0,1,12,0,13,0,0,14,0,14,0,1,26,0,27,56,0,56,83
09/23/2007,HKS,MS,ASO,CE,Federal Contract Tower,0,0,19,0,19,0,0,15,0,15,0,0,34,0,34,28,0,28,62
09/24/2007,HKS,MS,ASO,CE,Federal Contract Tower,0,13,34,0,47,0,0,24,1,25,0,13,58,1,72,32,0,32,104
09/25/2007,HKS,MS,ASO,CE,Federal Contract Tower,0,9,32,1,42,0,2,30,3,35,0,11,62,4,77,112,8,120,197
09/26/2007,HKS,MS,ASO,CE,Federal Contract Tower,0,13,28,0,41,0,1,30,5,36,0,14,58,5,77,44,0,44,121
09/27/2007,HKS,MS,ASO,CE,Federal Contract Tower,0,7,24,2,33,0,0,24,2,26,0,7,48,4,59,42,14,56,115
09/28/2007,HKS,MS,ASO,CE,Federal Contract Tower,0,13,20,1,34,0,0,52,6,58,0,13,72,7,92,44,8,52,144
09/29/2007,HKS,MS,ASO,CE,Federal Contract Tower,0,1,15,2,18,0,0,50,5,55,0,1,65,7,73,80,0,80,153
09/30/2007,HKS,MS,ASO,CE,Federal Contract Tower,0,3,16,0,19,0,0,20,3,23,0,3,36,3,42,32,0,32,74
10/01/2007,HKS,MS,ASO,CE,Federal Contract Tower,0,8,29,0,37,0,0,32,5,37,0,8,61,5,74,48,0,48,122
10/02/2007,HKS,MS,ASO,CE,Federal Contract Tower,0,8,24,1,33,0,0,55,9,64,0,8,79,10,97,88,0,88,185
10/03/2007,HKS,MS,ASO,CE,Federal Contract Tower,0,7,21,0,28,0,5,30,7,42,0,12,51,7,70,36,2,38,108
10/04/2007,HKS,MS,ASO,CE,Federal Contract Tower,0,11,23,3,37,0,0,16,5,21,0,11,39,8,58,14,0,14,72
10/05/2007,HKS,MS,ASO,CE,Federal Contract Tower,0,14,23,0,37,0,0,31,0,31,0,14,54,0,68,14,0,14,82
10/06/2007,HKS,MS,ASO,CE,Federal Contract Tower,0,2,10,0,12,0,0,31,0,31,0,2,41,0,43,46,0,46,89
10/07/2007,HKS,MS,ASO,CE,Federal Contract Tower,0,0,18,0,18,0,0,19,0,19,0,0,37,0,37,74,0,74,111
10/08/2007,HKS,MS,ASO,CE,Federal Contract Tower,0,11,29,0,40,0,0,31,0,31,0,11,60,0,71,116,0,116,187
10/09/2007,HKS,MS,ASO,CE,Federal Contract Tower,0,13,16,0,29,0,0,20,4,24,0,13,36,4,53,8,0,8,61
10/10/2007,HKS,MS,ASO,CE,Federal Contract Tower,0,8,14,0,22,0,0,39,6,45,0,8,53,6,67,44,0,44,111
10/11/2007,HKS,MS,ASO,CE,Federal Contract Tower,0,9,34,0,43,0,1,23,11,35,0,10,57,11,78,20,0,20,98
10/12/2007,HKS,MS,ASO,CE,Federal Contract Tower,0,10,17,0,27,0,1,47,4,52,0,11,64,4,79,22,6,28,107
10/13/2007,HKS,MS,ASO,CE,Federal Contract Tower,0,1,23,0,24,0,0,48,0,48,0,1,71,0,72,52,0,52,124
10/14/2007,HKS,MS,ASO,CE,Federal Contract Tower,0,0,19,0,19,0,2,26,3,31,0,2,45,3,50,68,0,68,118
10/15/2007,HKS,MS,ASO,CE,Federal Contract Tower,0,8,28,0,36,0,0,23,0,23,0,8,51,0,59,78,0,78,137
10/16/2007,HKS,MS,ASO,CE,Federal Contract Tower,0,12,28,0,40,0,0,10,3,13,0,12,38,3,53,38,2,40,93
10/17/2007,HKS,MS,ASO,CE,Federal Contract Tower,0,11,18,2,31,0,0,6,0,6,0,11,24,2,37,0,0,0,37
10/18/2007,HKS,MS,ASO,CE,Federal Contract Tower,0,13,34,0,47,0,0,21,0,21,0,13,55,0,68,26,0,26,94
10/19/2007,HKS,MS,ASO,CE,Federal Contract Tower,0,8,26,2,36,0,0,32,5,37,0,8,58,7,73,38,0,38,111
10/20/2007,HKS,MS,ASO,CE,Federal Contract Tower,0,0,21,0,21,0,2,38,2,42,0,2,59,2,63,62,4,66,129
10/21/2007,HKS,MS,ASO,CE,Federal Contract Tower,0,0,16,0,16,0,0,34,0,34,0,0,50,0,50,38,0,38,88
10/22/2007,HKS,MS,ASO,CE,Federal Contract Tower,0,13,9,0,22,0,3,0,0,3,0,16,9,0,25,0,0,0,25
10/23/2007,HKS,MS,ASO,CE,Federal Contract Tower,0,12,15,0,27,0,0,6,0,6,0,12,21,0,33,2,0,2,35
10/24/2007,HKS,MS,ASO,CE,Federal Contract Tower,0,15,38,0,53,0,0,5,0,5,0,15,43,0,58,0,0,0,58
10/25/2007,HKS,MS,ASO,CE,Federal Contract Tower,0,16,31,1,48,0,0,8,1,9,0,16,39,2,57,8,0,8,65
10/26/2007,HKS,MS,ASO,CE,Federal Contract Tower,0,12,19,0,31,0,0,41,2,43,0,12,60,2,74,84,0,84,158
10/27/2007,HKS,MS,ASO,CE,Federal Contract Tower,0,1,16,0,17,0,0,44,0,44,0,1,60,0,61,46,0,46,107
10/28/2007,HKS,MS,ASO,CE,Federal Contract Tower,0,1,19,0,20,0,0,27,0,27,0,1,46,0,47,72,0,72,119
10/29/2007,HKS,MS,ASO,CE,Federal Contract Tower,0,9,22,0,31,0,1,66,0,67,0,10,88,0,98,138,0,138,236
10/30/2007,HKS,MS,ASO,CE,Federal Contract Tower,0,10,18,1,29,0,0,30,4,34,0,10,48,5,63,92,34,126,189
10/31/2007,HKS,MS,ASO,CE,Federal Contract Tower,0,15,19,0,34,0,0,32,12,44,0,15,51,12,78,28,52,80,158
11/01/2007,HKS,MS,ASO,CE,Federal Contract Tower,0,10,31,1,42,0,0,44,2,46,0,10,75,3,88,46,10,56,144
11/02/2007,HKS,MS,ASO,CE,Federal Contract Tower,0,10,22,0,32,0,0,66,12,78,0,10,88,12,110,160,0,160,270
11/03/2007,HKS,MS,ASO,CE,Federal Contract Tower,0,0,16,0,16,0,0,39,0,39,0,0,55,0,55,14,0,14,69
11/04/2007,HKS,MS,ASO,CE,Federal Contract Tower,0,0,20,0,20,0,1,42,7,50,0,1,62,7,70,36,4,40,110
11/05/2007,HKS,MS,ASO,CE,Federal Contract Tower,0,7,32,1,40,0,0,35,2,37,0,7,67,3,77,28,0,28,105
11/06/2007,HKS,MS,ASO,CE,Federal Contract Tower,0,7,18,0,25,0,0,38,0,38,0,7,56,0,63,32,0,32,95
11/07/2007,HKS,MS,ASO,CE,Federal Contract Tower,0,9,19,1,29,0,1,43,5,49,0,10,62,6,78,36,0,36,114
11/08/2007,HKS,MS,ASO,CE,Federal Contract Tower,0,11,25,0,36,0,0,42,6,48,0,11,67,6,84,114,2,116,200
11/09/2007,HKS,MS,ASO,CE,Federal Contract Tower,0,8,28,0,36,0,0,35,2,37,0,8,63,2,73,122,0,122,195
11/10/2007,HKS,MS,ASO,CE,Federal Contract Tower,0,0,7,0,7,0,0,32,0,32,0,0,39,0,39,44,0,44,83
11/11/2007,HKS,MS,ASO,CE,Federal Contract Tower,0,0,13,0,13,0,0,29,0,29,0,0,42,0,42,56,0,56,98
11/12/2007,HKS,MS,ASO,CE,Federal Contract Tower,0,6,13,0,19,0,0,37,0,37,0,6,50,0,56,92,0,92,148
11/13/2007,HKS,MS,ASO,CE,Federal Contract Tower,0,11,18,0,29,0,2,28,4,34,0,13,46,4,63,26,0,26,89
11/14/2007,HKS,MS,ASO,CE,Federal Contract Tower,0,12,23,2,37,0,0,14,2,16,0,12,37,4,53,56,2,58,111
11/15/2007,HKS,MS,ASO,CE,Federal Contract Tower,0,15,23,0,38,0,0,31,9,40,0,15,54,9,78,22,42,64,142
11/16/2007,HKS,MS,ASO,CE,Federal Contract Tower,0,13,17,0,30,0,0,38,4,42,0,13,55,4,72,44,0,44,116
11/17/2007,HKS,MS,ASO,CE,Federal Contract Tower,0,2,19,1,22,0,0,30,0,30,0,2,49,1,52,94,0,94,146
11/18/2007,HKS,MS,ASO,CE,Federal Contract Tower,0,1,11,0,12,0,0,2,0,2,0,1,13,0,14,0,0,0,14
11/19/2007,HKS,MS,ASO,CE,Federal Contract Tower,0,8,24,0,32,0,2,26,0,28,0,10,50,0,60,64,0,64,124
11/20/2007,HKS,MS,ASO,CE,Federal Contract Tower,0,11,21,0,32,0,2,24,0,26,0,13,45,0,58,62,0,62,120
11/21/2007,HKS,MS,ASO,CE,Federal Contract Tower,0,9,13,0,22,0,0,15,0,15,0,9,28,0,37,46,0,46,83
11/22/2007,HKS,MS,ASO,CE,Federal Contract Tower,0,0,3,0,3,0,0,2,0,2,0,0,5,0,5,0,0,0,5
11/23/2007,HKS,MS,ASO,CE,Federal Contract Tower,0,7,10,0,17,0,0,40,5,45,0,7,50,5,62,44,0,44,106
11/24/2007,HKS,MS,ASO,CE,Federal Contract Tower,0,0,18,0,18,0,0,16,0,16,0,0,34,0,34,66,0,66,100
11/25/2007,HKS,MS,ASO,CE,Federal Contract Tower,0,0,18,0,18,0,0,0,0,0,0,0,18,0,18,0,0,0,18
11/26/2007,HKS,MS,ASO,CE,Federal Contract Tower,0,10,13,0,23,0,0,9,0,9,0,10,22,0,32,0,0,0,32
11/27/2007,HKS,MS,ASO,CE,Federal Contract Tower,0,11,26,1,38,0,0,36,13,49,0,11,62,14,87,126,22,148,235
11/28/2007,HKS,MS,ASO,CE,Federal Contract Tower,0,8,35,0,43,0,0,40,12,52,0,8,75,12,95,114,12,126,221
11/29/2007,HKS,MS,ASO,CE,Federal Contract Tower,0,18,21,0,39,0,0,37,4,41,0,18,58,4,80,58,4,62,142
11/30/2007,HKS,MS,ASO,CE,Federal Contract Tower,0,13,27,0,40,0,0,35,11,46,0,13,62,11,86,90,6,96,182
12/01/2007,HKS,MS,ASO,CE,Federal Contract Tower,0,2,11,0,13,0,0,21,5,26,0,2,32,5,39,54,4,58,97
12/02/2007,HKS,MS,ASO,CE,Federal Contract Tower,0,0,20,0,20,0,2,2,0,4,0,2,22,0,24,14,0,14,38
12/03/2007,HKS,MS,ASO,CE,Federal Contract Tower,0,7,19,1,27,0,0,45,5,50,0,7,64,6,77,92,0,92,169
12/04/2007,HKS,MS,ASO,CE,Federal Contract Tower,0,7,29,3,39,0,0,30,4,34,0,7,59,7,73,52,4,56,129
12/05/2007,HKS,MS,ASO,CE,Federal Contract Tower,0,11,33,2,46,0,1,46,8,55,0,12,79,10,101,96,16,112,213
12/06/2007,HKS,MS,ASO,CE,Federal Contract Tower,0,13,15,1,29,0,0,32,5,37,0,13,47,6,66,28,0,28,94
12/07/2007,HKS,MS,ASO,CE,Federal Contract Tower,0,6,27,2,35,0,0,35,1,36,0,6,62,3,71,86,2,88,159
12/08/2007,HKS,MS,ASO,CE,Federal Contract Tower,0,1,21,0,22,0,0,11,0,11,0,1,32,0,33,38,0,38,71
12/09/2007,HKS,MS,ASO,CE,Federal Contract Tower,0,0,17,0,17,0,0,21,0,21,0,0,38,0,38,48,0,48,86
12/10/2007,HKS,MS,ASO,CE,Federal Contract Tower,0,2,25,0,27,0,0,21,0,21,0,2,46,0,48,30,0,30,78
12/11/2007,HKS,MS,ASO,CE,Federal Contract Tower,0,12,29,2,43,0,0,30,8,38,0,12,59,10,81,36,4,40,121
12/12/2007,HKS,MS,ASO,CE,Federal Contract Tower,0,17,21,0,38,0,0,25,1,26,0,17,46,1,64,50,0,50,114
12/13/2007,HKS,MS,ASO,CE,Federal Contract Tower,0,11,24,2,37,0,1,10,1,12,0,12,34,3,49,4,18,22,71
12/14/2007,HKS,MS,ASO,CE,Federal Contract Tower,0,14,41,0,55,0,0,7,0,7,0,14,48,0,62,36,20,56,118
12/15/2007,HKS,MS,ASO,CE,Federal Contract Tower,0,0,7,0,7,0,0,1,0,1,0,0,8,0,8,0,0,0,8
12/16/2007,HKS,MS,ASO,CE,Federal Contract Tower,0,0,17,0,17,0,2,18,1,21,0,2,35,1,38,80,0,80,118
12/17/2007,HKS,MS,ASO,CE,Federal Contract Tower,0,5,33,0,38,0,2,38,0,40,0,7,71,0,78,70,0,70,148
12/18/2007,HKS,MS,ASO,CE,Federal Contract Tower,0,12,28,2,42,0,1,31,5,37,0,13,59,7,79,40,4,44,123
12/19/2007,HKS,MS,ASO,CE,Federal Contract Tower,0,8,17,6,31,0,0,19,4,23,0,8,36,10,54,30,2,32,86
12/20/2007,HKS,MS,ASO,CE,Federal Contract Tower,0,9,14,0,23,0,0,0,0,0,0,9,14,0,23,4,0,4,27
12/21/2007,HKS,MS,ASO,CE,Federal Contract Tower,0,10,28,0,38,0,0,22,10,32,0,10,50,10,70,34,12,46,116
12/22/2007,HKS,MS,ASO,CE,Federal Contract Tower,0,0,11,0,11,0,0,3,0,3,0,0,14,0,14,30,0,30,44
12/23/2007,HKS,MS,ASO,CE,Federal Contract Tower,0,0,17,0,17,0,0,30,0,30,0,0,47,0,47,68,0,68,115
12/24/2007,HKS,MS,ASO,CE,Federal Contract Tower,0,6,9,0,15,0,0,26,0,26,0,6,35,0,41,114,0,114,155
12/25/2007,HKS,MS,ASO,CE,Federal Contract Tower,0,0,0,0,0,0,0,8,0,8,0,0,8,0,8,40,0,40,48
12/26/2007,HKS,MS,ASO,CE,Federal Contract Tower,0,5,30,0,35,0,0,11,0,11,0,5,41,0,46,30,0,30,76
12/27/2007,HKS,MS,ASO,CE,Federal Contract Tower,0,8,26,0,34,0,0,14,0,14,0,8,40,0,48,12,0,12,60
12/28/2007,HKS,MS,ASO,CE,Federal Contract Tower,0,7,10,0,17,0,0,12,0,12,0,7,22,0,29,18,0,18,47
12/29/2007,HKS,MS,ASO,CE,Federal Contract Tower,0,0,16,0,16,0,0,24,0,24,0,0,40,0,40,44,0,44,84
12/30/2007,HKS,MS,ASO,CE,Federal Contract Tower,0,1,12,0,13,0,0,20,0,20,0,1,32,0,33,44,0,44,77
12/31/2007,HKS,MS,ASO,CE,Federal Contract Tower,0,6,17,0,23,0,4,18,0,22,0,10,35,0,45,70,0,70,115
01/01/2008,HKS,MS,ASO,CE,Federal Contract Tower,0,0,2,0,2,0,0,14,0,14,0,0,16,0,16,68,0,68,84
01/02/2008,HKS,MS,ASO,CE,Federal Contract Tower,0,8,13,0,21,0,0,11,0,11,0,8,24,0,32,22,0,22,54
01/03/2008,HKS,MS,ASO,CE,Federal Contract Tower,0,8,13,0,21,0,0,28,0,28,0,8,41,0,49,66,14,80,129
01/04/2008,HKS,MS,ASO,CE,Federal Contract Tower,0,10,19,0,29,0,11,25,4,40,0,21,44,4,69,30,0,30,99
01/05/2008,HKS,MS,ASO,CE,Federal Contract Tower,0,3,15,0,18,0,0,4,0,4,0,3,19,0,22,36,0,36,58
01/06/2008,HKS,MS,ASO,CE,Federal Contract Tower,0,0,19,0,19,0,4,3,0,7,0,4,22,0,26,92,0,92,118
01/07/2008,HKS,MS,ASO,CE,Federal Contract Tower,0,9,26,0,35,0,0,13,0,13,0,9,39,0,48,48,0,48,96
01/08/2008,HKS,MS,ASO,CE,Federal Contract Tower,0,9,8,0,17,0,1,9,2,12,0,10,17,2,29,2,20,22,51
01/09/2008,HKS,MS,ASO,CE,Federal Contract Tower,0,5,16,6,27,0,0,39,0,39,0,5,55,6,66,78,14,92,158
01/10/2008,HKS,MS,ASO,CE,Federal Contract Tower,0,8,9,2,19,0,0,2,0,2,0,8,11,2,21,6,0,6,27
01/11/2008,HKS,MS,ASO,CE,Federal Contract Tower,0,10,18,5,33,0,0,34,11,45,0,10,52,16,78,90,4,94,172
01/12/2008,HKS,MS,ASO,CE,Federal Contract Tower,0,1,20,0,21,0,1,36,2,39,0,2,56,2,60,58,8,66,126
01/13/2008,HKS,MS,ASO,CE,Federal Contract Tower,0,1,10,0,11,0,2,29,4,35,0,3,39,4,46,32,8,40,86
01/14/2008,HKS,MS,ASO,CE,Federal Contract Tower,0,9,24,0,33,0,0,37,0,37,0,9,61,0,70,34,0,34,104
01/15/2008,HKS,MS,ASO,CE,Federal Contract Tower,0,7,28,3,38,0,0,34,8,42,0,7,62,11,80,62,2,64,144
01/16/2008,HKS,MS,ASO,CE,Federal Contract Tower,0,15,14,2,31,0,0,0,0,0,0,15,14,2,31,4,0,4,35
01/17/2008,HKS,MS,ASO,CE,Federal Contract Tower,0,10,24,3,37,0,0,11,1,12,0,10,35,4,49,4,16,20,69
01/18/2008,HKS,MS,ASO,CE,Federal Contract Tower,0,9,4,2,15,0,0,40,5,45,0,9,44,7,60,30,0,30,90
01/19/2008,HKS,MS,ASO,CE,Federal Contract Tower,0,0,1,0,1,0,0,2,0,2,0,0,3,0,3,0,0,0,3
01/20/2008,HKS,MS,ASO,CE,Federal Contract Tower,0,2,7,0,9,0,4,15,4,23,0,6,22,4,32,32,0,32,64
01/21/2008,HKS,MS,ASO,CE,Federal Contract Tower,0,2,9,0,11,0,2,34,0,36,0,4,43,0,47,84,0,84,131
01/22/2008,HKS,MS,ASO,CE,Federal Contract Tower,0,7,14,0,21,0,0,0,0,0,0,7,14,0,21,0,0,0,21
01/23/2008,HKS,MS,ASO,CE,Federal Contract Tower,0,7,22,0,29,0,0,1,0,1,0,7,23,0,30,4,0,4,34
01/24/2008,HKS,MS,ASO,CE,Federal Contract Tower,0,12,22,3,37,0,1,20,3,24,0,13,42,6,61,124,14,138,199
01/25/2008,HKS,MS,ASO,CE,Federal Contract Tower,0,10,9,0,19,0,1,14,2,17,0,11,23,2,36,32,0,32,68
01/26/2008,HKS,MS,ASO,CE,Federal Contract Tower,0,0,10,0,10,0,0,0,0,0,0,0,10,0,10,4,0,4,14
01/27/2008,HKS,MS,ASO,CE,Federal Contract Tower,0,0,18,0,18,0,1,36,0,37,0,1,54,0,55,146,0,146,201
01/28/2008,HKS,MS,ASO,CE,Federal Contract Tower,0,5,23,1,29,0,0,29,0,29,0,5,52,1,58,24,0,24,82
01/29/2008,HKS,MS,ASO,CE,Federal Contract Tower,0,6,11,4,21,0,0,4,3,7,0,6,15,7,28,0,48,48,76
01/30/2008,HKS,MS,ASO,CE,Federal Contract Tower,0,6,25,5,36,0,0,25,12,37,0,6,50,17,73,36,8,44,117
01/31/2008,HKS,MS,ASO,CE,Federal Contract Tower,0,8,10,0,18,0,0,0,0,0,0,8,10,0,18,2,0,2,20
02/01/2008,HKS,MS,ASO,CE,Federal Contract Tower,0,10,24,2,36,0,0,55,4,59,0,10,79,6,95,88,4,92,187
02/02/2008,HKS,MS,ASO,CE,Federal Contract Tower,0,3,21,0,24,0,0,43,0,43,0,3,64,0,67,36,0,36,103
02/03/2008,HKS,MS,ASO,CE,Federal Contract Tower,0,0,8,0,8,0,0,0,0,0,0,0,8,0,8,36,0,36,44
02/04/2008,HKS,MS,ASO,CE,Federal Contract Tower,0,5,22,0,27,0,1,17,0,18,0,6,39,0,45,38,0,38,83
02/05/2008,HKS,MS,ASO,CE,Federal Contract Tower,0,5,6,0,11,0,3,6,0,9,0,8,12,0,20,2,0,2,22
02/06/2008,HKS,MS,ASO,CE,Federal Contract Tower,0,5,22,0,27,0,0,21,7,28,0,5,43,7,55,22,26,48,103
02/07/2008,HKS,MS,ASO,CE,Federal Contract Tower,0,9,18,1,28,0,1,43,8,52,0,10,61,9,80,46,12,58,138
02/08/2008,HKS,MS,ASO,CE,Federal Contract Tower,0,10,20,0,30,0,0,41,9,50,0,10,61,9,80,126,0,126,206
02/09/2008,HKS,MS,ASO,CE,Federal Contract Tower,0,0,14,0,14,0,0,39,9,48,0,0,53,9,62,94,0,94,156
02/10/2008,HKS,MS,ASO,CE,Federal Contract Tower,0,2,29,0,31,0,4,33,5,42,0,6,62,5,73,134,14,148,221
02/11/2008,HKS,MS,ASO,CE,Federal Contract Tower,0,6,20,0,26,0,0,29,1,30,0,6,49,1,56,32,10,42,98
02/12/2008,HKS,MS,ASO,CE,Federal Contract Tower,0,7,12,2,21,0,0,12,1,13,0,7,24,3,34,18,18,36,70
02/13/2008,HKS,MS,ASO,CE,Federal Contract Tower,0,8,23,4,35,0,0,32,1,33,0,8,55,5,68,62,8,70,138
02/14/2008,HKS,MS,ASO,CE,Federal Contract Tower,0,8,19,1,28,0,0,27,4,31,0,8,46,5,59,24,4,28,87
02/15/2008,HKS,MS,ASO,CE,Federal Contract Tower,0,5,20,1,26,0,0,14,2,16,0,5,34,3,42,36,12,48,90
02/16/2008,HKS,MS,ASO,CE,Federal Contract Tower,0,0,2,0,2,0,0,5,0,5,0,0,7,0,7,22,0,22,29
02/17/2008,HKS,MS,ASO,CE,Federal Contract Tower,0,0,11,0,11,0,0,6,0,6,0,0,17,0,17,16,0,16,33
02/18/2008,HKS,MS,ASO,CE,Federal Contract Tower,0,6,7,4,17,0,0,35,0,35,0,6,42,4,52,66,18,84,136
02/19/2008,HKS,MS,ASO,CE,Federal Contract Tower,0,6,25,3,34,0,0,29,5,34,0,6,54,8,68,52,2,54,122
02/20/2008,HKS,MS,ASO,CE,Federal Contract Tower,0,5,14,2,21,0,0,20,5,25,0,5,34,7,46,32,6,38,84
02/21/2008,HKS,MS,ASO,CE,Federal Contract Tower,0,4,17,2,23,0,0,1,0,1,0,4,18,2,24,2,0,2,26
02/22/2008,HKS,MS,ASO,CE,Federal Contract Tower,0,7,14,0,21,0,0,0,0,0,0,7,14,0,21,2,0,2,23
02/23/2008,HKS,MS,ASO,CE,Federal Contract Tower,0,0,14,0,14,0,0,27,2,29,0,0,41,2,43,44,0,44,87
02/24/2008,HKS,MS,ASO,CE,Federal Contract Tower,0,0,16,0,16,0,0,16,1,17,0,0,32,1,33,46,0,46,79
02/25/2008,HKS,MS,ASO,CE,Federal Contract Tower,0,3,17,0,20,0,1,23,1,25,0,4,40,1,45,40,0,40,85
02/26/2008,HKS,MS,ASO,CE,Federal Contract Tower,0,5,21,2,28,0,0,9,5,14,0,5,30,7,42,14,22,36,78
02/27/2008,HKS,MS,ASO,CE,Federal Contract Tower,0,6,26,4,36,0,0,33,3,36,0,6,59,7,72,34,18,52,124
02/28/2008,HKS,MS,ASO,CE,Federal Contract Tower,0,5,42,2,49,0,0,10,4,14,0,5,52,6,63,56,12,68,131
02/29/2008,HKS,MS,ASO,CE,Federal Contract Tower,0,6,17,0,23,0,0,11,6,17,0,6,28,6,40,30,2,32,72
03/01/2008,HKS,MS,ASO,CE,Federal Contract Tower,0,0,16,1,17,0,5,22,10,37,0,5,38,11,54,96,0,96,150
03/02/2008,HKS,MS,ASO,CE,Federal Contract Tower,0,0,11,2,13,0,0,27,4,31,0,0,38,6,44,58,0,58,102
03/03/2008,HKS,MS,ASO,CE,Federal Contract Tower,0,6,12,2,20,0,0,3,0,3,0,6,15,2,23,10,0,10,33
03/04/2008,HKS,MS,ASO,CE,Federal Contract Tower,0,9,15,4,28,0,0,11,2,13,0,9,26,6,41,22,6,28,69
03/05/2008,HKS,MS,ASO,CE,Federal Contract Tower,0,7,28,1,36,0,2,37,4,43,0,9,65,5,79,56,0,56,135
03/06/2008,HKS,MS,ASO,CE,Federal Contract Tower,0,6,29,6,41,0,0,32,10,42,0,6,61,16,83,80,12,92,175
03/07/2008,HKS,MS,ASO,CE,Federal Contract Tower,0,10,14,3,27,0,0,2,0,2,0,10,16,3,29,0,0,0,29
03/08/2008,HKS,MS,ASO,CE,Federal Contract Tower,0,0,10,0,10,0,0,16,4,20,0,0,26,4,30,30,0,30,60
03/09/2008,HKS,MS,ASO,CE,Federal Contract Tower,0,0,12,0,12,0,0,42,0,42,0,0,54,0,54,112,0,112,166
03/10/2008,HKS,MS,ASO,CE,Federal Contract Tower,0,3,8,0,11,0,0,27,0,27,0,3,35,0,38,100,0,100,138
03/11/2008,HKS,MS,ASO,CE,Federal Contract Tower,0,4,27,1,32,0,5,17,3,25,0,9,44,4,57,54,2,56,113
03/12/2008,HKS,MS,ASO,CE,Federal Contract Tower,0,4,13,2,19,0,0,35,2,37,0,4,48,4,56,92,0,92,148
03/13/2008,HKS,MS,ASO,CE,Federal Contract Tower,0,4,24,1,29,0,0,44,6,50,0,4,68,7,79,102,0,102,181
03/14/2008,HKS,MS,ASO,CE,Federal Contract Tower,0,6,20,0,26,0,0,23,0,23,0,6,43,0,49,68,0,68,117
03/15/2008,HKS,MS,ASO,CE,Federal Contract Tower,0,1,12,0,13,0,0,9,0,9,0,1,21,0,22,14,0,14,36
03/16/2008,HKS,MS,ASO,CE,Federal Contract Tower,0,0,20,0,20,0,0,35,0,35,0,0,55,0,55,98,0,98,153
03/17/2008,HKS,MS,ASO,CE,Federal Contract Tower,0,5,16,0,21,0,2,15,6,23,0,7,31,6,44,8,2,10,54
03/18/2008,HKS,MS,ASO,CE,Federal Contract Tower,0,4,20,1,25,0,0,14,3,17,0,4,34,4,42,18,14,32,74
03/19/2008,HKS,MS,ASO,CE,Federal Contract Tower,0,9,12,2,23,0,0,9,3,12,0,9,21,5,35,4,50,54,89
03/20/2008,HKS,MS,ASO,CE,Federal Contract Tower,0,5,20,1,26,0,1,57,14,72,0,6,77,15,98,48,0,48,146
03/21/2008,HKS,MS,ASO,CE,Federal Contract Tower,0,7,20,0,27,0,0,36,8,44,0,7,56,8,71,56,6,62,133
03/22/2008,HKS,MS,ASO,CE,Federal Contract Tower,0,0,16,0,16,0,0,35,0,35,0,0,51,0,51,48,0,48,99
03/23/2008,HKS,MS,ASO,CE,Federal Contract Tower,0,0,10,0,10,0,0,20,0,20,0,0,30,0,30,10,0,10,40
03/24/2008,HKS,MS,ASO,CE,Federal Contract Tower,0,5,21,0,26,0,0,33,0,33,0,5,54,0,59,28,0,28,87
03/25/2008,HKS,MS,ASO,CE,Federal Contract Tower,0,9,16,3,28,0,0,38,0,38,0,9,54,3,66,48,2,50,116
03/26/2008,HKS,MS,ASO,CE,Federal Contract Tower,0,4,26,2,32,0,0,19,6,25,0,4,45,8,57,20,0,20,77
03/27/2008,HKS,MS,ASO,CE,Federal Contract Tower,0,6,13,2,21,0,0,21,3,24,0,6,34,5,45,28,2,30,75
03/28/2008,HKS,MS,ASO,CE,Federal Contract Tower,0,5,24,2,31,0,3,17,0,20,0,8,41,2,51,18,4,22,73
03/29/2008,HKS,MS,ASO,CE,Federal Contract Tower,0,1,11,0,12,0,0,11,0,11,0,1,22,0,23,18,0,18,41
03/30/2008,HKS,MS,ASO,CE,Federal Contract Tower,0,0,16,0,16,0,0,22,1,23,0,0,38,1,39,124,0,124,163
03/31/2008,HKS,MS,ASO,CE,Federal Contract Tower,0,8,20,0,28,0,0,22,1,23,0,8,42,1,51,20,0,20,71
04/01/2008,HKS,MS,ASO,CE,Federal Contract Tower,0,5,19,3,27,0,1,16,0,17,0,6,35,3,44,8,0,8,52
04/02/2008,HKS,MS,ASO,CE,Federal Contract Tower,0,6,29,4,39,0,0,12,5,17,0,6,41,9,56,6,22,28,84
04/03/2008,HKS,MS,ASO,CE,Federal Contract Tower,0,8,37,3,48,0,0,29,2,31,0,8,66,5,79,26,0,26,105
04/04/2008,HKS,MS,ASO,CE,Federal Contract Tower,0,5,11,1,17,0,0,7,0,7,0,5,18,1,24,10,0,10,34
04/05/2008,HKS,MS,ASO,CE,Federal Contract Tower,0,2,12,0,14,0,0,3,0,3,0,2,15,0,17,6,0,6,23
04/06/2008,HKS,MS,ASO,CE,Federal Contract Tower,0,0,19,2,21,0,0,42,0,42,0,0,61,2,63,42,0,42,105
04/07/2008,HKS,MS,ASO,CE,Federal Contract Tower,0,3,21,2,26,0,1,54,0,55,0,4,75,2,81,63,0,63,144
04/08/2008,HKS,MS,ASO,CE,Federal Contract Tower,0,4,28,1,33,0,0,29,1,30,0,4,57,2,63,76,0,76,139
04/09/2008,HKS,MS,ASO,CE,Federal Contract Tower,0,8,20,4,32,0,0,41,4,45,0,8,61,8,77,84,0,84,161
04/10/2008,HKS,MS,ASO,CE,Federal Contract Tower,0,8,19,4,31,0,0,12,4,16,0,8,31,8,47,24,0,24,71
04/11/2008,HKS,MS,ASO,CE,Federal Contract Tower,0,8,8,1,17,0,0,6,1,7,0,8,14,2,24,4,0,4,28
04/12/2008,HKS,MS,ASO,CE,Federal Contract Tower,0,0,22,2,24,0,0,40,1,41,0,0,62,3,65,14,0,14,79
04/13/2008,HKS,MS,ASO,CE,Federal Contract Tower,0,0,18,0,18,0,0,27,0,27,0,0,45,0,45,78,0,78,123
04/14/2008,HKS,MS,ASO,CE,Federal Contract Tower,0,3,15,1,19,0,0,27,0,27,0,3,42,1,46,56,0,56,102
04/15/2008,HKS,MS,ASO,CE,Federal Contract Tower,0,8,17,2,27,0,0,51,10,61,0,8,68,12,88,106,34,140,228
04/16/2008,HKS,MS,ASO,CE,Federal Contract Tower,0,7,19,2,28,0,0,38,3,41,0,7,57,5,69,62,8,70,139
04/17/2008,HKS,MS,ASO,CE,Federal Contract Tower,0,6,20,2,28,0,0,38,11,49,0,6,58,13,77,44,44,88,165
04/18/2008,HKS,MS,ASO,CE,Federal Contract Tower,0,6,7,0,13,0,0,12,1,13,0,6,19,1,26,24,0,24,50
04/19/2008,HKS,MS,ASO,CE,Federal Contract Tower,0,0,10,0,10,0,0,53,0,53,0,0,63,0,63,94,0,94,157
04/20/2008,HKS,MS,ASO,CE,Federal Contract Tower,0,0,11,0,11,0,0,32,0,32,0,0,43,0,43,44,0,44,87
04/21/2008,HKS,MS,ASO,CE,Federal Contract Tower,0,4,11,0,15,0,0,44,0,44,0,4,55,0,59,32,0,32,91
04/22/2008,HKS,MS,ASO,CE,Federal Contract Tower,0,10,20,0,30,0,1,29,5,35,0,11,49,5,65,66,0,66,131
04/23/2008,HKS,MS,ASO,CE,Federal Contract Tower,0,5,17,1,23,0,0,34,5,39,0,5,51,6,62,118,8,126,188
04/24/2008,HKS,MS,ASO,CE,Federal Contract Tower,0,6,21,1,28,0,0,26,0,26,0,6,47,1,54,42,0,42,96
04/25/2008,HKS,MS,ASO,CE,Federal Contract Tower,0,6,19,2,27,0,0,51,2,53,0,6,70,4,80,20,0,20,100
04/26/2008,HKS,MS,ASO,CE,Federal Contract Tower,0,0,6,0,6,0,0,9,1,10,0,0,15,1,16,126,0,126,142
04/27/2008,HKS,MS,ASO,CE,Federal Contract Tower,0,0,13,0,13,0,0,16,0,16,0,0,29,0,29,4,0,4,33
04/28/2008,HKS,MS,ASO,CE,Federal Contract Tower,0,4,17,2,23,0,2,38,1,41,0,6,55,3,64,74,0,74,138
04/29/2008,HKS,MS,ASO,CE,Federal Contract Tower,0,4,25,1,30,0,0,53,0,53,0,4,78,1,83,46,0,46,129
04/30/2008,HKS,MS,ASO,CE,Federal Contract Tower,0,5,23,2,30,0,1,21,7,29,0,6,44,9,59,32,0,32,91
05/01/2008,HKS,MS,ASO,CE,Federal Contract Tower,0,5,30,1,36,0,0,15,0,15,0,5,45,1,51,48,0,48,99
05/02/2008,HKS,MS,ASO,CE,Federal Contract Tower,0,10,18,2,30,0,0,8,2,10,0,10,26,4,40,0,0,0,40
05/03/2008,HKS,MS,ASO,CE,Federal Contract Tower,0,0,19,0,19,0,0,33,0,33,0,0,52,0,52,92,0,92,144
05/04/2008,HKS,MS,ASO,CE,Federal Contract Tower,0,0,17,0,17,0,0,38,0,38,0,0,55,0,55,38,0,38,93
05/05/2008,HKS,MS,ASO,CE,Federal Contract Tower,0,4,17,0,21,0,2,36,0,38,0,6,53,0,59,68,0,68,127
05/06/2008,HKS,MS,ASO,CE,Federal Contract Tower,0,5,20,2,27,0,0,37,1,38,0,5,57,3,65,46,0,46,111
05/07/2008,HKS,MS,ASO,CE,Federal Contract Tower,0,4,25,3,32,0,0,38,1,39,0,4,63,4,71,222,0,222,293
05/08/2008,HKS,MS,ASO,CE,Federal Contract Tower,0,4,26,1,31,0,0,33,1,34,0,4,59,2,65,290,2,292,357
05/09/2008,HKS,MS,ASO,CE,Federal Contract Tower,0,8,23,0,31,0,2,27,4,33,0,10,50,4,64,124,0,124,188
05/10/2008,HKS,MS,ASO,CE,Federal Contract Tower,0,1,13,0,14,0,0,0,2,2,0,1,13,2,16,42,0,42,58
05/11/2008,HKS,MS,ASO,CE,Federal Contract Tower,0,1,7,0,8,0,2,18,0,20,0,3,25,0,28,54,0,54,82
05/12/2008,HKS,MS,ASO,CE,Federal Contract Tower,0,6,20,1,27,0,2,24,1,27,0,8,44,2,54,34,0,34,88
05/13/2008,HKS,MS,ASO,CE,Federal Contract Tower,0,4,24,3,31,0,0,24,6,30,0,4,48,9,61,18,46,64,125
05/14/2008,HKS,MS,ASO,CE,Federal Contract Tower,0,7,21,0,28,0,1,2,1,4,0,8,23,1,32,18,0,18,50
05/15/2008,HKS,MS,ASO,CE,Federal Contract Tower,0,6,10,6,22,0,0,12,0,12,0,6,22,6,34,38,8,46,80
05/16/2008,HKS,MS,ASO,CE,Federal Contract Tower,0,6,24,3,33,0,0,18,5,23,0,6,42,8,56,20,18,38,94
05/17/2008,HKS,MS,ASO,CE,Federal Contract Tower,0,2,18,0,20,0,1,34,13,48,0,3,52,13,68,30,0,30,98
05/18/2008,HKS,MS,ASO,CE,Federal Contract Tower,0,0,11,0,11,0,0,31,10,41,0,0,42,10,52,44,4,48,100
05/19/2008,HKS,MS,ASO,CE,Federal Contract Tower,0,3,21,1,25,0,1,45,6,52,0,4,66,7,77,68,4,72,149
05/20/2008,HKS,MS,ASO,CE,Federal Contract Tower,0,4,15,0,19,0,0,28,6,34,0,4,43,6,53,34,0,34,87
05/21/2008,HKS,MS,ASO,CE,Federal Contract Tower,0,4,19,0,23,0,3,38,4,45,0,7,57,4,68,84,16,100,168
05/22/2008,HKS,MS,ASO,CE,Federal Contract Tower,0,6,25,0,31,0,0,20,1,21,0,6,45,1,52,42,0,42,94
05/23/2008,HKS,MS,ASO,CE,Federal Contract Tower,0,5,30,2,37,0,0,16,6,22,0,5,46,8,59,54,0,54,113
05/24/2008,HKS,MS,ASO,CE,Federal Contract Tower,0,0,10,0,10,0,0,11,0,11,0,0,21,0,21,36,0,36,57
05/25/2008,HKS,MS,ASO,CE,Federal Contract Tower,0,0,14,0,14,0,0,9,0,9,0,0,23,0,23,8,0,8,31
05/26/2008,HKS,MS,ASO,CE,Federal Contract Tower,0,0,10,0,10,0,0,19,0,19,0,0,29,0,29,126,0,126,155
05/27/2008,HKS,MS,ASO,CE,Federal Contract Tower,0,6,18,1,25,0,0,24,19,43,0,6,42,20,68,56,2,58,126
05/28/2008,HKS,MS,ASO,CE,Federal Contract Tower,0,4,22,3,29,0,0,14,0,14,0,4,36,3,43,28,0,28,71
05/29/2008,HKS,MS,ASO,CE,Federal Contract Tower,0,4,30,1,35,0,2,33,5,40,0,6,63,6,75,80,2,82,157
05/30/2008,HKS,MS,ASO,CE,Federal Contract Tower,0,5,15,1,21,0,0,36,4,40,0,5,51,5,61,56,2,58,119
05/31/2008,HKS,MS,ASO,CE,Federal Contract Tower,0,2,8,0,10,0,0,35,0,35,0,2,43,0,45,80,0,80,125
06/01/2008,HKS,MS,ASO,CE,Federal Contract Tower,0,0,9,0,9,0,0,18,0,18,0,0,27,0,27,78,0,78,105
06/02/2008,HKS,MS,ASO,CE,Federal Contract Tower,0,6,23,0,29,0,0,35,3,38,0,6,58,3,67,116,0,116,183
06/03/2008,HKS,MS,ASO,CE,Federal Contract Tower,0,4,9,1,14,0,1,29,0,30,0,5,38,1,44,90,0,90,134
06/04/2008,HKS,MS,ASO,CE,Federal Contract Tower,0,6,13,1,20,0,0,22,2,24,0,6,35,3,44,12,8,20,64
06/05/2008,HKS,MS,ASO,CE,Federal Contract Tower,0,4,23,1,28,0,0,31,8,39,0,4,54,9,67,22,0,22,89
06/06/2008,HKS,MS,ASO,CE,Federal Contract Tower,0,11,17,4,32,0,0,18,10,28,0,11,35,14,60,90,12,102,162
06/07/2008,HKS,MS,ASO,CE,Federal Contract Tower,0,0,17,3,20,0,0,31,9,40,0,0,48,12,60,48,8,56,116
06/08/2008,HKS,MS,ASO,CE,Federal Contract Tower,0,0,13,0,13,0,0,17,2,19,0,0,30,2,32,36,0,36,68
06/09/2008,HKS,MS,ASO,CE,Federal Contract Tower,0,5,14,0,19,0,1,33,2,36,0,6,47,2,55,26,0,26,81
06/10/2008,HKS,MS,ASO,CE,Federal Contract Tower,0,8,28,2,38,0,3,28,4,35,0,11,56,6,73,60,0,60,133
06/11/2008,HKS,MS,ASO,CE,Federal Contract Tower,0,4,23,2,29,0,3,23,1,27,0,7,46,3,56,28,0,28,84
06/12/2008,HKS,MS,ASO,CE,Federal Contract Tower,0,6,17,0,23,0,4,22,5,31,0,10,39,5,54,40,4,44,98
06/13/2008,HKS,MS,ASO,CE,Federal Contract Tower,0,9,16,0,25,0,0,25,0,25,0,9,41,0,50,72,0,72,122
06/14/2008,HKS,MS,ASO,CE,Federal Contract Tower,0,2,22,0,24,0,0,14,0,14,0,2,36,0,38,50,0,50,88
06/15/2008,HKS,MS,ASO,CE,Federal Contract Tower,0,3,12,0,15,0,0,29,0,29,0,3,41,0,44,138,0,138,182
06/16/2008,HKS,MS,ASO,CE,Federal Contract Tower,0,3,17,0,20,0,0,22,0,22,0,3,39,0,42,60,0,60,102
06/17/2008,HKS,MS,ASO,CE,Federal Contract Tower,0,4,15,3,22,0,0,23,3,26,0,4,38,6,48,52,42,94,142
06/18/2008,HKS,MS,ASO,CE,Federal Contract Tower,0,4,16,0,20,0,0,36,4,40,0,4,52,4,60,66,12,78,138
06/19/2008,HKS,MS,ASO,CE,Federal Contract Tower,0,7,18,0,25,0,4,27,5,36,0,11,45,5,61,48,0,48,109
06/20/2008,HKS,MS,ASO,CE,Federal Contract Tower,0,6,12,0,18,0,0,32,0,32,0,6,44,0,50,28,0,28,78
06/21/2008,HKS,MS,ASO,CE,Federal Contract Tower,0,0,9,0,9,0,0,35,0,35,0,0,44,0,44,66,0,66,110
06/22/2008,HKS,MS,ASO,CE,Federal Contract Tower,0,0,19,0,19,0,0,28,0,28,0,0,47,0,47,122,0,122,169
06/23/2008,HKS,MS,ASO,CE,Federal Contract Tower,0,3,18,1,22,0,0,24,9,33,0,3,42,10,55,32,30,62,117
06/24/2008,HKS,MS,ASO,CE,Federal Contract Tower,0,5,19,5,29,0,2,25,4,31,0,7,44,9,60,26,60,86,146
06/25/2008,HKS,MS,ASO,CE,Federal Contract Tower,0,5,19,2,26,0,0,20,5,25,0,5,39,7,51,26,2,28,79
06/26/2008,HKS,MS,ASO,CE,Federal Contract Tower,0,6,19,2,27,0,0,37,8,45,0,6,56,10,72,48,20,68,140
06/27/2008,HKS,MS,ASO,CE,Federal Contract Tower,0,5,15,1,21,0,0,25,9,34,0,5,40,10,55,42,6,48,103
06/28/2008,HKS,MS,ASO,CE,Federal Contract Tower,0,0,8,0,8,0,0,14,0,14,0,0,22,0,22,64,0,64,86
06/29/2008,HKS,MS,ASO,CE,Federal Contract Tower,0,0,10,1,11,0,0,6,0,6,0,0,16,1,17,14,0,14,31
06/30/2008,HKS,MS,ASO,CE,Federal Contract Tower,0,2,14,2,18,0,1,28,13,42,0,3,42,15,60,48,6,54,114
07/01/2008,HKS,MS,ASO,CE,Federal Contract Tower,0,10,26,2,38,0,0,28,7,35,0,10,54,9,73,42,6,48,121
07/02/2008,HKS,MS,ASO,CE,Federal Contract Tower,0,4,13,14,31,0,0,21,5,26,0,4,34,19,57,46,6,52,109
07/03/2008,HKS,MS,ASO,CE,Federal Contract Tower,0,4,11,3,18,0,0,27,5,32,0,4,38,8,50,28,4,32,82
07/04/2008,HKS,MS,ASO,CE,Federal Contract Tower,0,2,9,0,11,0,0,13,0,13,0,2,22,0,24,32,0,32,56
07/05/2008,HKS,MS,ASO,CE,Federal Contract Tower,0,0,10,0,10,0,0,29,1,30,0,0,39,1,40,72,0,72,112
07/06/2008,HKS,MS,ASO,CE,Federal Contract Tower,0,0,14,0,14,0,0,3,0,3,0,0,17,0,17,2,0,2,19
07/07/2008,HKS,MS,ASO,CE,Federal Contract Tower,0,5,21,0,26,0,0,24,4,28,0,5,45,4,54,60,0,60,114
07/08/2008,HKS,MS,ASO,CE,Federal Contract Tower,0,5,18,4,27,0,0,44,5,49,0,5,62,9,76,52,16,68,144
07/09/2008,HKS,MS,ASO,CE,Federal Contract Tower,0,8,21,3,32,0,1,40,0,41,0,9,61,3,73,62,0,62,135
07/10/2008,HKS,MS,ASO,CE,Federal Contract Tower,0,5,13,3,21,0,0,32,7,39,0,5,45,10,60,80,36,116,176
07/11/2008,HKS,MS,ASO,CE,Federal Contract Tower,0,4,26,0,30,0,0,38,5,43,0,4,64,5,73,62,6,68,141
07/12/2008,HKS,MS,ASO,CE,Federal Contract Tower,0,4,5,1,10,0,1,29,2,32,0,5,34,3,42,26,2,28,70
07/13/2008,HKS,MS,ASO,CE,Federal Contract Tower,0,0,21,0,21,0,0,13,0,13,0,0,34,0,34,38,0,38,72
07/14/2008,HKS,MS,ASO,CE,Federal Contract Tower,0,5,14,0,19,0,0,27,3,30,0,5,41,3,49,106,0,106,155
07/15/2008,HKS,MS,ASO,CE,Federal Contract Tower,0,8,171,1,180,0,0,29,1,30,0,8,200,2,210,58,10,68,278
07/16/2008,HKS,MS,ASO,CE,Federal Contract Tower,0,9,25,0,34,0,0,42,1,43,0,9,67,1,77,70,0,70,147
07/17/2008,HKS,MS,ASO,CE,Federal Contract Tower,0,4,14,7,25,0,0,33,8,41,0,4,47,15,66,16,14,30,96
07/18/2008,HKS,MS,ASO,CE,Federal Contract Tower,0,5,28,1,34,0,0,27,4,31,0,5,55,5,65,14,0,14,79
07/19/2008,HKS,MS,ASO,CE,Federal Contract Tower,0,0,16,1,17,0,0,41,8,49,0,0,57,9,66,30,4,34,100
07/20/2008,HKS,MS,ASO,CE,Federal Contract Tower,0,0,12,0,12,0,0,28,0,28,0,0,40,0,40,14,0,14,54
07/21/2008,HKS,MS,ASO,CE,Federal Contract Tower,0,10,14,0,24,0,1,24,1,26,0,11,38,1,50,22,0,22,72
07/22/2008,HKS,MS,ASO,CE,Federal Contract Tower,0,6,14,0,20,0,0,22,2,24,0,6,36,2,44,14,4,18,62
07/23/2008,HKS,MS,ASO,CE,Federal Contract Tower,0,6,18,0,24,0,0,25,1,26,0,6,43,1,50,54,0,54,104
07/24/2008,HKS,MS,ASO,CE,Federal Contract Tower,0,6,14,0,20,0,0,22,4,26,0,6,36,4,46,22,0,22,68
07/25/2008,HKS,MS,ASO,CE,Federal Contract Tower,0,5,8,1,14,0,0,26,2,28,0,5,34,3,42,28,0,28,70
07/26/2008,HKS,MS,ASO,CE,Federal Contract Tower,0,0,22,3,25,0,0,23,0,23,0,0,45,3,48,68,0,68,116
07/27/2008,HKS,MS,ASO,CE,Federal Contract Tower,0,0,12,2,14,0,0,21,0,21,0,0,33,2,35,24,0,24,59
07/28/2008,HKS,MS,ASO,CE,Federal Contract Tower,0,3,9,1,13,0,0,31,1,32,0,3,40,2,45,38,0,38,83
07/29/2008,HKS,MS,ASO,CE,Federal Contract Tower,0,4,16,2,22,0,0,28,5,33,0,4,44,7,55,26,14,40,95
07/30/2008,HKS,MS,ASO,CE,Federal Contract Tower,0,4,33,0,37,0,1,35,1,37,0,5,68,1,74,80,0,80,154
07/31/2008,HKS,MS,ASO,CE,Federal Contract Tower,0,6,22,4,32,0,1,25,0,26,0,7,47,4,58,16,12,28,86
08/01/2008,HKS,MS,ASO,CE,Federal Contract Tower,0,6,16,0,22,0,0,18,3,21,0,6,34,3,43,16,0,16,59
08/02/2008,HKS,MS,ASO,CE,Federal Contract Tower,0,0,10,0,10,0,0,20,0,20,0,0,30,0,30,44,0,44,74
08/03/2008,HKS,MS,ASO,CE,Federal Contract Tower,0,0,13,0,13,0,0,12,0,12,0,0,25,0,25,4,0,4,29
08/04/2008,HKS,MS,ASO,CE,Federal Contract Tower,0,6,14,1,21,0,0,26,3,29,0,6,40,4,50,22,0,22,72
08/05/2008,HKS,MS,ASO,CE,Federal Contract Tower,0,4,12,2,18,0,0,21,0,21,0,4,33,2,39,12,0,12,51
08/06/2008,HKS,MS,ASO,CE,Federal Contract Tower,0,6,20,1,27,0,0,25,0,25,0,6,45,1,52,38,0,38,90
08/07/2008,HKS,MS,ASO,CE,Federal Contract Tower,0,6,14,0,20,0,0,30,1,31,0,6,44,1,51,48,0,48,99
08/08/2008,HKS,MS,ASO,CE,Federal Contract Tower,0,4,20,1,25,0,0,21,4,25,0,4,41,5,50,16,0,16,66
08/09/2008,HKS,MS,ASO,CE,Federal Contract Tower,0,2,5,0,7,0,1,45,0,46,0,3,50,0,53,106,0,106,159
08/10/2008,HKS,MS,ASO,CE,Federal Contract Tower,0,0,22,3,25,0,0,10,6,16,0,0,32,9,41,56,0,56,97
08/11/2008,HKS,MS,ASO,CE,Federal Contract Tower,0,3,9,5,17,0,0,6,4,10,0,3,15,9,27,0,0,0,27
08/12/2008,HKS,MS,ASO,CE,Federal Contract Tower,0,4,12,0,16,0,0,0,0,0,0,4,12,0,16,0,0,0,16
08/13/2008,HKS,MS,ASO,CE,Federal Contract Tower,0,4,30,0,34,0,0,22,0,22,0,4,52,0,56,4,0,4,60
08/14/2008,HKS,MS,ASO,CE,Federal Contract Tower,0,4,21,1,26,0,0,51,2,53,0,4,72,3,79,66,0,66,145
08/15/2008,HKS,MS,ASO,CE,Federal Contract Tower,0,5,22,2,29,0,0,36,1,37,0,5,58,3,66,50,0,50,116
08/16/2008,HKS,MS,ASO,CE,Federal Contract Tower,0,0,15,1,16,0,0,2,9,11,0,0,17,10,27,32,0,32,59
08/17/2008,HKS,MS,ASO,CE,Federal Contract Tower,0,2,20,0,22,0,1,13,0,14,0,3,33,0,36,42,0,42,78
08/18/2008,HKS,MS,ASO,CE,Federal Contract Tower,0,4,25,2,31,0,0,30,2,32,0,4,55,4,63,30,0,30,93
08/19/2008,HKS,MS,ASO,CE,Federal Contract Tower,0,5,17,4,26,0,0,11,13,24,0,5,28,17,50,36,40,76,126
08/20/2008,HKS,MS,ASO,CE,Federal Contract Tower,0,5,15,2,22,0,0,6,3,9,0,5,21,5,31,6,8,14,45
08/21/2008,HKS,MS,ASO,CE,Federal Contract Tower,0,6,25,2,33,0,0,41,21,62,0,6,66,23,95,80,2,82,177
08/22/2008,HKS,MS,ASO,CE,Federal Contract Tower,0,5,25,1,31,0,0,45,16,61,0,5,70,17,92,56,4,60,152
08/23/2008,HKS,MS,ASO,CE,Federal Contract Tower,0,1,4,2,7,0,0,19,3,22,0,1,23,5,29,74,6,80,109
08/24/2008,HKS,MS,ASO,CE,Federal Contract Tower,0,0,1,0,1,0,0,0,0,0,0,0,1,0,1,2,0,2,3
08/25/2008,HKS,MS,ASO,CE,Federal Contract Tower,0,3,10,0,13,0,1,5,2,8,0,4,15,2,21,0,0,0,21
08/26/2008,HKS,MS,ASO,CE,Federal Contract Tower,0,6,25,12,43,0,0,17,15,32,0,6,42,27,75,38,34,72,147
08/27/2008,HKS,MS,ASO,CE,Federal Contract Tower,0,4,31,2,37,0,0,27,17,44,0,4,58,19,81,78,8,86,167
08/28/2008,HKS,MS,ASO,CE,Federal Contract Tower,0,4,25,6,35,0,0,32,18,50,0,4,57,24,85,24,22,46,131
08/29/2008,HKS,MS,ASO,CE,Federal Contract Tower,0,6,20,2,28,0,1,36,7,44,0,7,56,9,72,90,0,90,162
08/30/2008,HKS,MS,ASO,CE,Federal Contract Tower,0,1,15,0,16,0,0,28,6,34,0,1,43,6,50,18,0,18,68
08/31/2008,HKS,MS,ASO,CE,Federal Contract Tower,0,1,24,0,25,0,0,31,16,47,0,1,55,16,72,38,0,38,110
09/01/2008,HKS,MS,ASO,CE,Federal Contract Tower,0,0,4,0,4,0,0,0,1,1,0,0,4,1,5,0,0,0,5
09/02/2008,HKS,MS,ASO,CE,Federal Contract Tower,0,3,2,2,7,0,0,0,2,2,0,3,2,4,9,0,10,10,19
09/03/2008,HKS,MS,ASO,CE,Federal Contract Tower,0,5,15,1,21,0,0,11,7,18,0,5,26,8,39,18,2,20,59
09/04/2008,HKS,MS,ASO,CE,Federal Contract Tower,0,6,27,3,36,0,1,24,13,38,0,7,51,16,74,52,6,58,132
09/05/2008,HKS,MS,ASO,CE,Federal Contract Tower,0,5,28,4,37,0,1,16,12,29,0,6,44,16,66,66,10,76,142
09/06/2008,HKS,MS,ASO,CE,Federal Contract Tower,0,0,19,10,29,0,0,6,8,14,0,0,25,18,43,22,8,30,73
09/07/2008,HKS,MS,ASO,CE,Federal Contract Tower,0,0,19,2,21,0,0,28,5,33,0,0,47,7,54,44,2,46,100
09/08/2008,HKS,MS,ASO,CE,Federal Contract Tower,0,3,22,0,25,0,1,25,4,30,0,4,47,4,55,72,0,72,127
09/09/2008,HKS,MS,ASO,CE,Federal Contract Tower,0,5,30,10,45,0,0,18,11,29,0,5,48,21,74,22,36,58,132
09/10/2008,HKS,MS,ASO,CE,Federal Contract Tower,0,4,20,3,27,0,0,26,9,35,0,4,46,12,62,26,8,34,96
09/11/2008,HKS,MS,ASO,CE,Federal Contract Tower,0,4,16,5,25,0,0,31,17,48,0,4,47,22,73,48,30,78,151
09/12/2008,HKS,MS,ASO,CE,Federal Contract Tower,0,6,13,0,19,0,0,2,1,3,0,6,15,1,22,0,0,0,22
09/13/2008,HKS,MS,ASO,CE,Federal Contract Tower,0,0,6,0,6,0,0,1,0,1,0,0,7,0,7,0,0,0,7
09/14/2008,HKS,MS,ASO,CE,Federal Contract Tower,0,0,6,0,6,0,0,1,5,6,0,0,7,5,12,4,0,4,16
09/15/2008,HKS,MS,ASO,CE,Federal Contract Tower,0,3,12,3,18,0,0,15,4,19,0,3,27,7,37,20,10,30,67
09/16/2008,HKS,MS,ASO,CE,Federal Contract Tower,0,6,23,2,31,0,0,31,5,36,0,6,54,7,67,56,0,56,123
09/17/2008,HKS,MS,ASO,CE,Federal Contract Tower,0,4,20,1,25,0,0,32,4,36,0,4,52,5,61,86,12,98,159
09/18/2008,HKS,MS,ASO,CE,Federal Contract Tower,0,4,26,5,35,0,0,44,13,57,0,4,70,18,92,82,24,106,198
09/19/2008,HKS,MS,ASO,CE,Federal Contract Tower,0,7,34,5,46,0,0,21,1,22,0,7,55,6,68,22,0,22,90
09/20/2008,HKS,MS,ASO,CE,Federal Contract Tower,0,2,11,0,13,0,0,17,1,18,0,2,28,1,31,10,0,10,41
09/21/2008,HKS,MS,ASO,CE,Federal Contract Tower,0,2,25,0,27,0,0,26,2,28,0,2,51,2,55,42,0,42,97
09/22/2008,HKS,MS,ASO,CE,Federal Contract Tower,0,5,17,0,22,0,0,46,6,52,0,5,63,6,74,46,0,46,120
09/23/2008,HKS,MS,ASO,CE,Federal Contract Tower,0,4,13,7,24,0,3,42,15,60,0,7,55,22,84,26,46,72,156
09/24/2008,HKS,MS,ASO,CE,Federal Contract Tower,0,5,24,3,32,0,0,41,13,54,0,5,65,16,86,134,12,146,232
09/25/2008,HKS,MS,ASO,CE,Federal Contract Tower,0,6,23,5,34,0,0,26,8,34,0,6,49,13,68,92,0,92,160
09/26/2008,HKS,MS,ASO,CE,Federal Contract Tower,0,12,19,2,33,0,0,23,4,27,0,12,42,6,60,58,2,60,120
09/27/2008,HKS,MS,ASO,CE,Federal Contract Tower,0,0,10,0,10,0,0,44,0,44,0,0,54,0,54,64,0,64,118
09/28/2008,HKS,MS,ASO,CE,Federal Contract Tower,0,0,19,0,19,0,0,29,0,29,0,0,48,0,48,54,0,54,102
09/29/2008,HKS,MS,ASO,CE,Federal Contract Tower,0,3,10,2,15,0,0,19,6,25,0,3,29,8,40,32,0,32,72
09/30/2008,HKS,MS,ASO,CE,Federal Contract Tower,0,4,29,0,33,0,0,24,12,36,0,4,53,12,69,52,24,76,145
10/01/2008,HKS,MS,ASO,CE,Federal Contract Tower,0,4,17,0,21,0,0,44,7,51,0,4,61,7,72,66,0,66,138
10/02/2008,HKS,MS,ASO,CE,Federal Contract Tower,0,7,22,2,31,0,1,32,4,37,0,8,54,6,68,30,2,32,100
10/03/2008,HKS,MS,ASO,CE,Federal Contract Tower,0,7,20,0,27,0,0,33,2,35,0,7,53,2,62,6,0,6,68
10/04/2008,HKS,MS,ASO,CE,Federal Contract Tower,0,0,17,0,17,0,0,42,12,54,0,0,59,12,71,50,4,54,125
10/05/2008,HKS,MS,ASO,CE,Federal Contract Tower,0,2,25,0,27,0,0,32,2,34,0,2,57,2,61,46,0,46,107
10/06/2008,HKS,MS,ASO,CE,Federal Contract Tower,0,5,21,4,30,0,0,28,1,29,0,5,49,5,59,42,0,42,101
10/07/2008,HKS,MS,ASO,CE,Federal Contract Tower,0,7,14,2,23,0,0,14,4,18,0,7,28,6,41,14,38,52,93
10/08/2008,HKS,MS,ASO,CE,Federal Contract Tower,0,4,26,2,32,0,0,21,11,32,0,4,47,13,64,20,18,38,102
10/09/2008,HKS,MS,ASO,CE,Federal Contract Tower,0,5,29,2,36,0,0,36,14,50,0,5,65,16,86,92,20,112,198
10/10/2008,HKS,MS,ASO,CE,Federal Contract Tower,0,8,22,0,30,0,0,37,2,39,0,8,59,2,69,56,0,56,125
10/11/2008,HKS,MS,ASO,CE,Federal Contract Tower,0,0,16,2,18,0,1,25,16,42,0,1,41,18,60,10,6,16,76
10/12/2008,HKS,MS,ASO,CE,Federal Contract Tower,0,1,9,0,10,0,2,5,9,16,0,3,14,9,26,32,0,32,58
10/13/2008,HKS,MS,ASO,CE,Federal Contract Tower,0,3,26,0,29,0,2,12,0,14,0,5,38,0,43,44,0,44,87
10/14/2008,HKS,MS,ASO,CE,Federal Contract Tower,0,3,24,4,31,0,0,27,18,45,0,3,51,22,76,60,40,100,176
10/15/2008,HKS,MS,ASO,CE,Federal Contract Tower,0,7,23,3,33,0,3,40,4,47,0,10,63,7,80,40,0,40,120
10/16/2008,HKS,MS,ASO,CE,Federal Contract Tower,0,6,23,2,31,0,0,7,2,9,0,6,30,4,40,60,0,60,100
10/17/2008,HKS,MS,ASO,CE,Federal Contract Tower,0,5,23,3,31,0,0,17,10,27,0,5,40,13,58,24,6,30,88
10/18/2008,HKS,MS,ASO,CE,Federal Contract Tower,0,2,5,1,8,0,0,27,3,30,0,2,32,4,38,62,0,62,100
10/19/2008,HKS,MS,ASO,CE,Federal Contract Tower,0,0,15,0,15,0,0,44,2,46,0,0,59,2,61,76,0,76,137
10/20/2008,HKS,MS,ASO,CE,Federal Contract Tower,0,3,21,0,24,0,0,41,2,43,0,3,62,2,67,24,0,24,91
10/21/2008,HKS,MS,ASO,CE,Federal Contract Tower,0,8,20,3,31,0,2,50,6,58,0,10,70,9,89,54,28,82,171
10/22/2008,HKS,MS,ASO,CE,Federal Contract Tower,0,5,31,8,44,0,1,42,3,46,0,6,73,11,90,50,18,68,158
10/23/2008,HKS,MS,ASO,CE,Federal Contract Tower,0,5,36,4,45,0,0,0,0,0,0,5,36,4,45,2,24,26,71
10/24/2008,HKS,MS,ASO,CE,Federal Contract Tower,0,6,16,0,22,1,0,25,0,26,1,6,41,0,48,22,0,22,70
10/25/2008,HKS,MS,ASO,CE,Federal Contract Tower,0,1,13,0,14,0,0,25,0,25,0,1,38,0,39,112,0,112,151
10/26/2008,HKS,MS,ASO,CE,Federal Contract Tower,0,0,19,0,19,0,0,58,0,58,0,0,77,0,77,64,0,64,141
10/27/2008,HKS,MS,ASO,CE,Federal Contract Tower,0,5,9,0,14,0,1,19,1,21,0,6,28,1,35,24,4,28,63
10/28/2008,HKS,MS,ASO,CE,Federal Contract Tower,0,3,13,7,23,0,1,32,9,42,0,4,45,16,65,28,14,42,107
10/29/2008,HKS,MS,ASO,CE,Federal Contract Tower,0,8,11,3,22,0,0,27,2,29,0,8,38,5,51,58,0,58,109
10/30/2008,HKS,MS,ASO,CE,Federal Contract Tower,0,5,33,6,44,0,0,24,6,30,0,5,57,12,74,30,10,40,114
10/31/2008,HKS,MS,ASO,CE,Federal Contract Tower,0,6,20,2,28,0,0,29,8,37,0,6,49,10,65,16,6,22,87
11/01/2008,HKS,MS,ASO,CE,Federal Contract Tower,0,0,9,3,12,0,1,27,9,37,0,1,36,12,49,40,18,58,107
11/02/2008,HKS,MS,ASO,CE,Federal Contract Tower,0,0,9,0,9,0,1,19,12,32,0,1,28,12,41,34,14,48,89
11/03/2008,HKS,MS,ASO,CE,Federal Contract Tower,0,3,26,0,29,0,0,19,0,19,0,3,45,0,48,54,0,54,102
11/04/2008,HKS,MS,ASO,CE,Federal Contract Tower,0,4,13,5,22,0,1,25,11,37,0,5,38,16,59,50,14,64,123
11/05/2008,HKS,MS,ASO,CE,Federal Contract Tower,0,3,18,2,23,0,0,30,2,32,0,3,48,4,55,32,0,32,87
11/06/2008,HKS,MS,ASO,CE,Federal Contract Tower,0,5,25,1,31,0,0,21,9,30,0,5,46,10,61,46,8,54,115
11/07/2008,HKS,MS,ASO,CE,Federal Contract Tower,0,4,18,2,24,0,0,10,3,13,0,4,28,5,37,22,0,22,59
11/08/2008,HKS,MS,ASO,CE,Federal Contract Tower,0,0,17,3,20,0,0,31,4,35,0,0,48,7,55,78,0,78,133
11/09/2008,HKS,MS,ASO,CE,Federal Contract Tower,0,2,10,5,17,0,0,21,4,25,0,2,31,9,42,14,16,30,72
11/10/2008,HKS,MS,ASO,CE,Federal Contract Tower,0,4,18,0,22,0,0,21,5,26,0,4,39,5,48,12,6,18,66
11/11/2008,HKS,MS,ASO,CE,Federal Contract Tower,0,2,19,0,21,0,0,14,4,18,0,2,33,4,39,56,0,56,95
11/12/2008,HKS,MS,ASO,CE,Federal Contract Tower,0,4,14,2,20,0,0,2,0,2,0,4,16,2,22,0,0,0,22
11/13/2008,HKS,MS,ASO,CE,Federal Contract Tower,0,3,14,2,19,0,0,18,9,27,0,3,32,11,46,32,36,68,114
11/14/2008,HKS,MS,ASO,CE,Federal Contract Tower,0,4,34,5,43,0,0,6,1,7,0,4,40,6,50,24,0,24,74
11/15/2008,HKS,MS,ASO,CE,Federal Contract Tower,0,0,11,0,11,0,0,14,0,14,0,0,25,0,25,46,0,46,71
11/16/2008,HKS,MS,ASO,CE,Federal Contract Tower,0,2,11,0,13,0,0,37,0,37,0,2,48,0,50,24,0,24,74
11/17/2008,HKS,MS,ASO,CE,Federal Contract Tower,0,4,23,1,28,0,0,35,1,36,0,4,58,2,64,20,0,20,84
11/18/2008,HKS,MS,ASO,CE,Federal Contract Tower,0,11,21,4,36,0,0,41,12,53,0,11,62,16,89,36,12,48,137
11/19/2008,HKS,MS,ASO,CE,Federal Contract Tower,0,3,21,4,28,0,0,39,7,46,0,3,60,11,74,48,8,56,130
11/20/2008,HKS,MS,ASO,CE,Federal Contract Tower,0,5,37,8,50,0,1,26,8,35,0,6,63,16,85,22,40,62,147
11/21/2008,HKS,MS,ASO,CE,Federal Contract Tower,0,4,29,3,36,0,1,36,9,46,0,5,65,12,82,16,0,16,98
11/22/2008,HKS,MS,ASO,CE,Federal Contract Tower,0,4,10,0,14,0,0,40,0,40,0,4,50,0,54,36,0,36,90
11/23/2008,HKS,MS,ASO,CE,Federal Contract Tower,0,0,19,0,19,0,0,18,0,18,0,0,37,0,37,58,0,58,95
11/24/2008,HKS,MS,ASO,CE,Federal Contract Tower,0,4,13,2,19,0,2,23,4,29,0,6,36,6,48,10,2,12,60
11/25/2008,HKS,MS,ASO,CE,Federal Contract Tower,0,5,12,0,17,0,0,37,4,41,0,5,49,4,58,40,6,46,104
11/26/2008,HKS,MS,ASO,CE,Federal Contract Tower,0,4,15,1,20,0,0,34,0,34,0,4,49,1,54,44,0,44,98
11/27/2008,HKS,MS,ASO,CE,Federal Contract Tower,0,1,5,0,6,0,0,2,0,2,0,1,7,0,8,0,0,0,8
11/28/2008,HKS,MS,ASO,CE,Federal Contract Tower,0,4,4,0,8,0,0,0,0,0,0,4,4,0,8,0,0,0,8
11/29/2008,HKS,MS,ASO,CE,Federal Contract Tower,0,0,4,0,4,0,0,0,0,0,0,0,4,0,4,0,0,0,4
11/30/2008,HKS,MS,ASO,CE,Federal Contract Tower,0,0,17,1,18,0,0,1,0,1,0,0,18,1,19,10,0,10,29
12/01/2008,HKS,MS,ASO,CE,Federal Contract Tower,0,3,6,1,10,0,2,19,0,21,0,5,25,1,31,20,0,20,51
12/02/2008,HKS,MS,ASO,CE,Federal Contract Tower,0,6,41,5,52,0,4,38,10,52,0,10,79,15,104,44,24,68,172
12/03/2008,HKS,MS,ASO,CE,Federal Contract Tower,0,8,18,4,30,0,2,27,3,32,0,10,45,7,62,2,30,32,94
12/04/2008,HKS,MS,ASO,CE,Federal Contract Tower,0,4,15,1,20,0,0,7,3,10,0,4,22,4,30,12,10,22,52
12/05/2008,HKS,MS,ASO,CE,Federal Contract Tower,0,4,10,2,16,0,0,30,9,39,0,4,40,11,55,46,4,50,105
12/06/2008,HKS,MS,ASO,CE,Federal Contract Tower,0,0,24,2,26,0,0,31,8,39,0,0,55,10,65,66,2,68,133
12/07/2008,HKS,MS,ASO,CE,Federal Contract Tower,0,0,18,1,19,0,0,25,10,35,0,0,43,11,54,32,0,32,86
12/08/2008,HKS,MS,ASO,CE,Federal Contract Tower,0,5,12,1,18,0,0,17,5,22,0,5,29,6,40,8,2,10,50
12/09/2008,HKS,MS,ASO,CE,Federal Contract Tower,0,7,4,2,13,0,0,5,0,5,0,7,9,2,18,0,0,0,18
12/10/2008,HKS,MS,ASO,CE,Federal Contract Tower,0,2,18,2,22,0,0,0,0,0,0,2,18,2,22,0,0,0,22
12/11/2008,HKS,MS,ASO,CE,Federal Contract Tower,0,5,5,0,10,0,0,7,0,7,0,5,12,0,17,2,0,2,19
12/12/2008,HKS,MS,ASO,CE,Federal Contract Tower,0,5,21,0,26,0,0,32,5,37,0,5,53,5,63,10,0,10,73
12/13/2008,HKS,MS,ASO,CE,Federal Contract Tower,0,3,18,0,21,0,0,33,0,33,0,3,51,0,54,76,0,76,130
12/14/2008,HKS,MS,ASO,CE,Federal Contract Tower,0,2,25,2,29,0,0,16,0,16,0,2,41,2,45,72,16,88,133
12/15/2008,HKS,MS,ASO,CE,Federal Contract Tower,0,6,23,0,29,0,0,1,0,1,0,6,24,0,30,36,0,36,66
12/16/2008,HKS,MS,ASO,CE,Federal Contract Tower,0,3,16,0,19,0,0,0,0,0,0,3,16,0,19,2,12,14,33
12/17/2008,HKS,MS,ASO,CE,Federal Contract Tower,0,3,7,0,10,0,0,0,0,0,0,3,7,0,10,0,8,8,18
12/18/2008,HKS,MS,ASO,CE,Federal Contract Tower,0,5,28,2,35,0,0,10,0,10,0,5,38,2,45,26,0,26,71
12/19/2008,HKS,MS,ASO,CE,Federal Contract Tower,0,4,11,4,19,0,0,14,16,30,0,4,25,20,49,40,10,50,99
12/20/2008,HKS,MS,ASO,CE,Federal Contract Tower,0,0,22,0,22,0,0,13,0,13,0,0,35,0,35,42,0,42,77
12/21/2008,HKS,MS,ASO,CE,Federal Contract Tower,0,0,13,0,13,0,0,6,0,6,0,0,19,0,19,24,0,24,43
12/22/2008,HKS,MS,ASO,CE,Federal Contract Tower,0,5,9,0,14,0,0,14,2,16,0,5,23,2,30,14,2,16,46
12/23/2008,HKS,MS,ASO,CE,Federal Contract Tower,0,3,11,0,14,0,0,11,0,11,0,3,22,0,25,4,0,4,29
12/24/2008,HKS,MS,ASO,CE,Federal Contract Tower,0,4,7,0,11,0,0,0,0,0,0,4,7,0,11,0,0,0,11
12/25/2008,HKS,MS,ASO,CE,Federal Contract Tower,0,0,3,0,3,0,0,0,0,0,0,0,3,0,3,6,0,6,9
12/26/2008,HKS,MS,ASO,CE,Federal Contract Tower,0,5,12,0,17,0,0,29,0,29,0,5,41,0,46,26,0,26,72
12/27/2008,HKS,MS,ASO,CE,Federal Contract Tower,0,0,6,0,6,0,0,4,0,4,0,0,10,0,10,0,0,0,10
12/28/2008,HKS,MS,ASO,CE,Federal Contract Tower,0,0,16,0,16,0,1,24,0,25,0,1,40,0,41,50,0,50,91
12/29/2008,HKS,MS,ASO,CE,Federal Contract Tower,0,3,13,0,16,0,0,28,0,28,0,3,41,0,44,76,0,76,120
12/30/2008,HKS,MS,ASO,CE,Federal Contract Tower,0,5,20,0,25,0,0,29,0,29,0,5,49,0,54,18,0,18,72
12/31/2008,HKS,MS,ASO,CE,Federal Contract Tower,0,3,25,0,28,0,0,34,0,34,0,3,59,0,62,14,0,14,76
01/01/2009,HKS,MS,ASO,CE,Federal Contract Tower,0,0,15,0,15,0,0,33,0,33,0,0,48,0,48,122,0,122,170
01/02/2009,HKS,MS,ASO,CE,Federal Contract Tower,0,7,16,0,23,0,0,10,0,10,0,7,26,0,33,72,0,72,105
01/03/2009,HKS,MS,ASO,CE,Federal Contract Tower,0,1,9,0,10,0,0,1,0,1,0,1,10,0,11,22,0,22,33
01/04/2009,HKS,MS,ASO,CE,Federal Contract Tower,0,2,12,4,18,0,0,5,1,6,0,2,17,5,24,18,10,28,52
01/05/2009,HKS,MS,ASO,CE,Federal Contract Tower,0,3,19,0,22,0,0,0,0,0,0,3,19,0,22,0,0,0,22
01/06/2009,HKS,MS,ASO,CE,Federal Contract Tower,0,3,15,1,19,0,0,0,0,0,0,3,15,1,19,0,0,0,19
01/07/2009,HKS,MS,ASO,CE,Federal Contract Tower,0,5,18,2,25,0,0,16,10,26,0,5,34,12,51,22,36,58,109
01/08/2009,HKS,MS,ASO,CE,Federal Contract Tower,0,5,31,2,38,0,0,27,4,31,0,5,58,6,69,66,8,74,143
01/09/2009,HKS,MS,ASO,CE,Federal Contract Tower,0,4,29,4,37,0,0,55,18,73,0,4,84,22,110,36,38,74,184
01/10/2009,HKS,MS,ASO,CE,Federal Contract Tower,0,0,9,2,11,0,0,4,0,4,0,0,13,2,15,4,46,50,65
01/11/2009,HKS,MS,ASO,CE,Federal Contract Tower,0,0,17,3,20,0,0,23,10,33,0,0,40,13,53,66,54,120,173
01/12/2009,HKS,MS,ASO,CE,Federal Contract Tower,0,2,13,1,16,0,0,40,0,40,0,2,53,1,56,122,0,122,178
01/13/2009,HKS,MS,ASO,CE,Federal Contract Tower,0,3,21,6,30,0,0,29,6,35,0,3,50,12,65,20,32,52,117
01/14/2009,HKS,MS,ASO,CE,Federal Contract Tower,0,4,20,1,25,0,0,25,3,28,0,4,45,4,53,44,8,52,105
01/15/2009,HKS,MS,ASO,CE,Federal Contract Tower,0,8,15,0,23,0,0,23,0,23,0,8,38,0,46,20,0,20,66
01/16/2009,HKS,MS,ASO,CE,Federal Contract Tower,0,4,18,0,22,0,0,24,5,29,0,4,42,5,51,22,4,26,77
01/17/2009,HKS,MS,ASO,CE,Federal Contract Tower,0,0,22,0,22,0,0,27,0,27,0,0,49,0,49,70,0,70,119
01/18/2009,HKS,MS,ASO,CE,Federal Contract Tower,0,0,9,0,9,0,0,17,0,17,0,0,26,0,26,14,0,14,40
01/19/2009,HKS,MS,ASO,CE,Federal Contract Tower,0,5,10,0,15,0,0,14,0,14,0,5,24,0,29,18,0,18,47
01/20/2009,HKS,MS,ASO,CE,Federal Contract Tower,0,3,10,2,15,0,0,28,0,28,0,3,38,2,43,8,0,8,51
01/21/2009,HKS,MS,ASO,CE,Federal Contract Tower,0,5,26,2,33,0,0,35,1,36,0,5,61,3,69,58,0,58,127
01/22/2009,HKS,MS,ASO,CE,Federal Contract Tower,0,5,25,3,33,0,0,35,6,41,0,5,60,9,74,10,8,18,92
01/23/2009,HKS,MS,ASO,CE,Federal Contract Tower,0,5,21,2,28,0,0,20,0,20,0,5,41,2,48,42,0,42,90
01/24/2009,HKS,MS,ASO,CE,Federal Contract Tower,0,1,20,0,21,0,0,0,0,0,0,1,20,0,21,16,0,16,37
01/25/2009,HKS,MS,ASO,CE,Federal Contract Tower,0,1,10,2,13,0,2,10,2,14,0,3,20,4,27,66,0,66,93
01/26/2009,HKS,MS,ASO,CE,Federal Contract Tower,0,8,29,4,41,0,0,20,6,26,0,8,49,10,67,70,0,70,137
01/27/2009,HKS,MS,ASO,CE,Federal Contract Tower,0,6,25,2,33,0,0,18,6,24,0,6,43,8,57,30,4,34,91
01/28/2009,HKS,MS,ASO,CE,Federal Contract Tower,0,3,13,2,18,0,0,5,1,6,0,3,18,3,24,0,0,0,24
01/29/2009,HKS,MS,ASO,CE,Federal Contract Tower,0,5,31,6,42,0,0,35,12,47,0,5,66,18,89,114,14,128,217
01/30/2009,HKS,MS,ASO,CE,Federal Contract Tower,0,4,10,1,15,0,3,29,11,43,0,7,39,12,58,60,0,60,118
01/31/2009,HKS,MS,ASO,CE,Federal Contract Tower,0,0,14,1,15,0,0,48,7,55,0,0,62,8,70,60,0,60,130
02/01/2009,HKS,MS,ASO,CE,Federal Contract Tower,0,0,16,0,16,0,1,18,4,23,0,1,34,4,39,16,8,24,63
02/02/2009,HKS,MS,ASO,CE,Federal Contract Tower,0,3,10,0,13,0,0,8,0,8,0,3,18,0,21,18,34,52,73
02/03/2009,HKS,MS,ASO,CE,Federal Contract Tower,0,3,20,3,26,0,0,16,10,26,0,3,36,13,52,26,16,42,94
02/04/2009,HKS,MS,ASO,CE,Federal Contract Tower,0,3,26,0,29,0,0,27,2,29,0,3,53,2,58,40,4,44,102
02/05/2009,HKS,MS,ASO,CE,Federal Contract Tower,0,5,15,1,21,0,2,44,7,53,0,7,59,8,74,48,28,76,150
02/06/2009,HKS,MS,ASO,CE,Federal Contract Tower,0,7,11,2,20,0,0,39,5,44,0,7,50,7,64,2,26,28,92
02/07/2009,HKS,MS,ASO,CE,Federal Contract Tower,0,0,29,5,34,0,0,62,6,68,0,0,91,11,102,60,0,60,162
02/08/2009,HKS,MS,ASO,CE,Federal Contract Tower,0,1,13,3,17,0,0,30,12,42,0,1,43,15,59,36,0,36,95
02/09/2009,HKS,MS,ASO,CE,Federal Contract Tower,0,6,11,2,19,0,0,15,0,15,0,6,26,2,34,18,0,18,52
02/10/2009,HKS,MS,ASO,CE,Federal Contract Tower,0,4,18,5,27,0,3,22,11,36,0,7,40,16,63,34,40,74,137
02/11/2009,HKS,MS,ASO,CE,Federal Contract Tower,0,4,18,2,24,0,2,16,0,18,0,6,34,2,42,8,0,8,50
02/12/2009,HKS,MS,ASO,CE,Federal Contract Tower,0,3,20,4,27,0,0,33,14,47,0,3,53,18,74,80,30,110,184
02/13/2009,HKS,MS,ASO,CE,Federal Contract Tower,0,5,22,0,27,0,0,5,0,5,0,5,27,0,32,30,8,38,70
02/14/2009,HKS,MS,ASO,CE,Federal Contract Tower,0,0,21,0,21,0,0,5,0,5,0,0,26,0,26,38,0,38,64
02/15/2009,HKS,MS,ASO,CE,Federal Contract Tower,0,1,26,0,27,0,0,23,0,23,0,1,49,0,50,38,0,38,88
02/16/2009,HKS,MS,ASO,CE,Federal Contract Tower,0,2,6,2,10,0,2,36,0,38,0,4,42,2,48,38,0,38,86
02/17/2009,HKS,MS,ASO,CE,Federal Contract Tower,0,4,16,3,23,0,2,30,4,36,0,6,46,7,59,38,16,54,113
02/18/2009,HKS,MS,ASO,CE,Federal Contract Tower,0,6,21,2,29,0,1,20,0,21,0,7,41,2,50,4,4,8,58
02/19/2009,HKS,MS,ASO,CE,Federal Contract Tower,0,7,21,3,31,0,0,37,9,46,0,7,58,12,77,26,4,30,107
02/20/2009,HKS,MS,ASO,CE,Federal Contract Tower,0,6,24,8,38,0,1,44,5,50,0,7,68,13,88,102,10,112,200
02/21/2009,HKS,MS,ASO,CE,Federal Contract Tower,0,1,12,2,15,0,1,33,8,42,0,2,45,10,57,94,86,180,237
02/22/2009,HKS,MS,ASO,CE,Federal Contract Tower,0,0,20,1,21,0,0,36,3,39,0,0,56,4,60,32,6,38,98
02/23/2009,HKS,MS,ASO,CE,Federal Contract Tower,0,3,18,2,23,0,2,28,0,30,0,5,46,2,53,62,0,62,115
02/24/2009,HKS,MS,ASO,CE,Federal Contract Tower,0,3,20,3,26,0,0,41,2,43,0,3,61,5,69,78,0,78,147
02/25/2009,HKS,MS,ASO,CE,Federal Contract Tower,0,4,20,3,27,0,0,27,2,29,0,4,47,5,56,32,10,42,98
02/26/2009,HKS,MS,ASO,CE,Federal Contract Tower,0,4,14,5,23,0,0,25,6,31,0,4,39,11,54,70,24,94,148
02/27/2009,HKS,MS,ASO,CE,Federal Contract Tower,0,4,14,0,18,0,0,8,0,8,0,4,22,0,26,52,0,52,78
02/28/2009,HKS,MS,ASO,CE,Federal Contract Tower,0,1,13,0,14,0,0,1,0,1,0,1,14,0,15,22,0,22,37
03/01/2009,HKS,MS,ASO,CE,Federal Contract Tower,0,0,9,0,9,0,0,15,0,15,0,0,24,0,24,18,0,18,42
03/02/2009,HKS,MS,ASO,CE,Federal Contract Tower,0,6,20,2,28,0,0,38,0,38,0,6,58,2,66,96,0,96,162
03/03/2009,HKS,MS,ASO,CE,Federal Contract Tower,0,5,34,5,44,0,0,35,4,39,0,5,69,9,83,42,8,50,133
03/04/2009,HKS,MS,ASO,CE,Federal Contract Tower,0,4,22,2,28,0,0,42,4,46,0,4,64,6,74,42,34,76,150
03/05/2009,HKS,MS,ASO,CE,Federal Contract Tower,0,7,26,3,36,0,2,34,10,46,0,9,60,13,82,42,44,86,168
03/06/2009,HKS,MS,ASO,CE,Federal Contract Tower,0,6,33,2,41,0,0,47,2,49,0,6,80,4,90,150,8,158,248
03/07/2009,HKS,MS,ASO,CE,Federal Contract Tower,0,0,21,0,21,0,1,34,9,44,0,1,55,9,65,62,2,64,129
03/08/2009,HKS,MS,ASO,CE,Federal Contract Tower,0,3,27,1,31,0,0,15,6,21,0,3,42,7,52,28,0,28,80
03/09/2009,HKS,MS,ASO,CE,Federal Contract Tower,0,3,23,5,31,0,0,13,0,13,0,3,36,5,44,72,0,72,116
03/10/2009,HKS,MS,ASO,CE,Federal Contract Tower,0,6,17,4,27,0,0,26,1,27,0,6,43,5,54,66,68,134,188
03/11/2009,HKS,MS,ASO,CE,Federal Contract Tower,0,4,22,2,28,0,0,2,2,4,0,4,24,4,32,28,68,96,128
03/12/2009,HKS,MS,ASO,CE,Federal Contract Tower,0,6,23,1,30,0,0,10,3,13,0,6,33,4,43,10,128,138,181
03/13/2009,HKS,MS,ASO,CE,Federal Contract Tower,0,6,15,2,23,0,0,0,0,0,0,6,15,2,23,0,0,0,23
03/14/2009,HKS,MS,ASO,CE,Federal Contract Tower,0,0,5,0,5,0,0,0,0,0,0,0,5,0,5,4,0,4,9
03/15/2009,HKS,MS,ASO,CE,Federal Contract Tower,0,1,33,1,35,0,0,3,0,3,0,1,36,1,38,14,70,84,122
03/16/2009,HKS,MS,ASO,CE,Federal Contract Tower,0,4,14,1,19,0,0,0,0,0,0,4,14,1,19,4,0,4,23
03/17/2009,HKS,MS,ASO,CE,Federal Contract Tower,0,3,26,1,30,0,1,28,2,31,0,4,54,3,61,14,2,16,77
03/18/2009,HKS,MS,ASO,CE,Federal Contract Tower,0,3,25,0,28,0,1,47,6,54,0,4,72,6,82,88,102,190,272
03/19/2009,HKS,MS,ASO,CE,Federal Contract Tower,0,2,29,3,34,0,1,46,2,49,0,3,75,5,83,30,0,30,113
03/20/2009,HKS,MS,ASO,CE,Federal Contract Tower,0,3,21,0,24,0,3,38,0,41,0,6,59,0,65,88,0,88,153
03/21/2009,HKS,MS,ASO,CE,Federal Contract Tower,0,0,22,0,22,0,0,36,1,37,0,0,58,1,59,120,0,120,179
03/22/2009,HKS,MS,ASO,CE,Federal Contract Tower,0,0,31,0,31,0,0,39,0,39,0,0,70,0,70,48,0,48,118
03/23/2009,HKS,MS,ASO,CE,Federal Contract Tower,0,4,14,2,20,0,0,24,0,24,0,4,38,2,44,80,0,80,124
03/24/2009,HKS,MS,ASO,CE,Federal Contract Tower,0,5,24,1,30,0,0,6,9,15,0,5,30,10,45,0,60,60,105
03/25/2009,HKS,MS,ASO,CE,Federal Contract Tower,0,4,11,0,15,0,1,0,3,4,0,5,11,3,19,0,28,28,47
03/26/2009,HKS,MS,ASO,CE,Federal Contract Tower,0,9,8,1,18,0,1,12,2,15,0,10,20,3,33,26,0,26,59
03/27/2009,HKS,MS,ASO,CE,Federal Contract Tower,0,9,15,3,27,0,1,13,3,17,0,10,28,6,44,16,10,26,70
03/28/2009,HKS,MS,ASO,CE,Federal Contract Tower,0,0,16,2,18,0,0,10,2,12,0,0,26,4,30,38,0,38,68
03/29/2009,HKS,MS,ASO,CE,Federal Contract Tower,0,0,20,0,20,0,0,14,0,14,0,0,34,0,34,44,0,44,78
03/30/2009,HKS,MS,ASO,CE,Federal Contract Tower,0,5,20,1,26,0,2,26,3,31,0,7,46,4,57,114,8,122,179
03/31/2009,HKS,MS,ASO,CE,Federal Contract Tower,0,4,15,1,20,0,1,13,9,23,0,5,28,10,43,12,26,38,81
04/01/2009,HKS,MS,ASO,CE,Federal Contract Tower,0,4,29,1,34,0,0,40,4,44,0,4,69,5,78,44,0,44,122
04/02/2009,HKS,MS,ASO,CE,Federal Contract Tower,0,2,4,0,6,0,0,9,2,11,0,2,13,2,17,0,0,0,17
04/03/2009,HKS,MS,ASO,CE,Federal Contract Tower,0,6,26,0,32,0,2,42,7,51,0,8,68,7,83,40,0,40,123
04/04/2009,HKS,MS,ASO,CE,Federal Contract Tower,0,0,21,1,22,0,0,52,4,56,0,0,73,5,78,86,0,86,164
04/05/2009,HKS,MS,ASO,CE,Federal Contract Tower,0,0,20,0,20,0,0,7,0,7,0,0,27,0,27,12,0,12,39
04/06/2009,HKS,MS,ASO,CE,Federal Contract Tower,0,3,12,2,17,0,1,24,1,26,0,4,36,3,43,14,2,16,59
04/07/2009,HKS,MS,ASO,CE,Federal Contract Tower,0,6,26,1,33,0,0,51,5,56,0,6,77,6,89,60,4,64,153
04/08/2009,HKS,MS,ASO,CE,Federal Contract Tower,0,3,26,2,31,0,1,35,10,46,0,4,61,12,77,108,0,108,185
04/09/2009,HKS,MS,ASO,CE,Federal Contract Tower,0,3,25,2,30,0,2,25,15,42,0,5,50,17,72,50,32,82,154
04/10/2009,HKS,MS,ASO,CE,Federal Contract Tower,0,2,13,2,17,0,0,8,0,8,0,2,21,2,25,0,0,0,25
04/11/2009,HKS,MS,ASO,CE,Federal Contract Tower,0,1,16,0,17,0,2,38,0,40,0,3,54,0,57,236,0,236,293
04/12/2009,HKS,MS,ASO,CE,Federal Contract Tower,0,0,10,0,10,0,5,1,0,6,0,5,11,0,16,2,0,2,18
04/13/2009,HKS,MS,ASO,CE,Federal Contract Tower,0,2,17,2,21,0,7,27,2,36,0,9,44,4,57,84,2,86,143
04/14/2009,HKS,MS,ASO,CE,Federal Contract Tower,0,6,21,0,27,0,4,39,8,51,0,10,60,8,78,98,2,100,178
04/15/2009,HKS,MS,ASO,CE,Federal Contract Tower,0,2,27,3,32,0,2,34,13,49,0,4,61,16,81,92,30,122,203
04/16/2009,HKS,MS,ASO,CE,Federal Contract Tower,0,2,30,4,36,0,0,48,10,58,0,2,78,14,94,118,54,172,266
04/17/2009,HKS,MS,ASO,CE,Federal Contract Tower,0,3,21,2,26,0,2,31,5,38,0,5,52,7,64,64,4,68,132
04/18/2009,HKS,MS,ASO,CE,Federal Contract Tower,0,2,18,0,20,0,0,0,0,0,0,2,18,0,20,38,0,38,58
04/19/2009,HKS,MS,ASO,CE,Federal Contract Tower,0,1,12,0,13,0,0,7,0,7,0,1,19,0,20,14,0,14,34
04/20/2009,HKS,MS,ASO,CE,Federal Contract Tower,0,4,10,0,14,0,6,32,0,38,0,10,42,0,52,76,0,76,128
04/21/2009,HKS,MS,ASO,CE,Federal Contract Tower,0,2,19,2,23,0,5,35,8,48,0,7,54,10,71,58,16,74,145
04/22/2009,HKS,MS,ASO,CE,Federal Contract Tower,0,2,24,2,28,0,3,36,2,41,0,5,60,4,69,46,0,46,115
04/23/2009,HKS,MS,ASO,CE,Federal Contract Tower,0,2,23,0,25,0,0,48,1,49,0,2,71,1,74,64,0,64,138
04/24/2009,HKS,MS,ASO,CE,Federal Contract Tower,0,2,20,1,23,0,0,40,17,57,0,2,60,18,80,54,46,100,180
04/25/2009,HKS,MS,ASO,CE,Federal Contract Tower,0,0,25,0,25,0,0,35,5,40,0,0,60,5,65,34,4,38,103
04/26/2009,HKS,MS,ASO,CE,Federal Contract Tower,0,1,15,2,18,0,10,23,10,43,0,11,38,12,61,70,10,80,141
04/27/2009,HKS,MS,ASO,CE,Federal Contract Tower,0,3,11,2,16,0,1,23,3,27,0,4,34,5,43,84,0,84,127
04/28/2009,HKS,MS,ASO,CE,Federal Contract Tower,0,2,16,3,21,0,2,14,8,24,0,4,30,11,45,14,6,20,65
04/29/2009,HKS,MS,ASO,CE,Federal Contract Tower,0,4,34,1,39,0,0,39,10,49,0,4,73,11,88,20,4,24,112
04/30/2009,HKS,MS,ASO,CE,Federal Contract Tower,0,4,16,4,24,0,2,26,5,33,0,6,42,9,57,30,8,38,95
05/01/2009,HKS,MS,ASO,CE,Federal Contract Tower,0,3,27,4,34,0,7,29,24,60,0,10,56,28,94,32,20,52,146
05/02/2009,HKS,MS,ASO,CE,Federal Contract Tower,0,0,14,0,14,0,0,16,0,16,0,0,30,0,30,142,0,142,172
05/03/2009,HKS,MS,ASO,CE,Federal Contract Tower,0,0,7,3,10,0,0,0,1,1,0,0,7,4,11,24,8,32,43
05/04/2009,HKS,MS,ASO,CE,Federal Contract Tower,0,3,12,1,16,0,0,30,0,30,0,3,42,1,46,250,0,250,296
05/05/2009,HKS,MS,ASO,CE,Federal Contract Tower,0,4,29,3,36,0,0,36,11,47,0,4,65,14,83,176,20,196,279
05/06/2009,HKS,MS,ASO,CE,Federal Contract Tower,0,3,9,2,14,0,0,17,0,17,0,3,26,2,31,40,0,40,71
05/07/2009,HKS,MS,ASO,CE,Federal Contract Tower,0,4,36,3,43,0,3,21,7,31,0,7,57,10,74,36,10,46,120
05/08/2009,HKS,MS,ASO,CE,Federal Contract Tower,0,3,19,1,23,0,0,33,5,38,0,3,52,6,61,40,0,40,101
05/09/2009,HKS,MS,ASO,CE,Federal Contract Tower,0,0,14,1,15,0,0,22,29,51,0,0,36,30,66,164,0,164,230
05/10/2009,HKS,MS,ASO,CE,Federal Contract Tower,0,1,19,0,20,0,0,7,0,7,0,1,26,0,27,14,0,14,41
05/11/2009,HKS,MS,ASO,CE,Federal Contract Tower,0,2,12,0,14,0,0,11,0,11,0,2,23,0,25,34,0,34,59
05/12/2009,HKS,MS,ASO,CE,Federal Contract Tower,0,5,29,4,38,0,3,16,5,24,0,8,45,9,62,20,0,20,82
05/13/2009,HKS,MS,ASO,CE,Federal Contract Tower,0,3,28,0,31,0,0,34,7,41,0,3,62,7,72,54,0,54,126
05/14/2009,HKS,MS,ASO,CE,Federal Contract Tower,0,4,20,7,31,0,1,29,3,33,0,5,49,10,64,8,0,8,72
05/15/2009,HKS,MS,ASO,CE,Federal Contract Tower,0,4,17,5,26,0,0,23,15,38,0,4,40,20,64,46,0,46,110
05/16/2009,HKS,MS,ASO,CE,Federal Contract Tower,0,0,17,1,18,0,0,20,16,36,0,0,37,17,54,40,0,40,94
05/17/2009,HKS,MS,ASO,CE,Federal Contract Tower,0,0,11,0,11,0,0,7,8,15,0,0,18,8,26,6,0,6,32
05/18/2009,HKS,MS,ASO,CE,Federal Contract Tower,0,2,18,1,21,0,0,40,22,62,0,2,58,23,83,56,4,60,143
05/19/2009,HKS,MS,ASO,CE,Federal Contract Tower,0,2,16,3,21,0,2,52,4,58,0,4,68,7,79,82,8,90,169
05/20/2009,HKS,MS,ASO,CE,Federal Contract Tower,0,2,20,2,24,0,0,50,3,53,0,2,70,5,77,74,0,74,151
05/21/2009,HKS,MS,ASO,CE,Federal Contract Tower,0,3,22,2,27,0,0,17,21,38,0,3,39,23,65,12,0,12,77
05/22/2009,HKS,MS,ASO,CE,Federal Contract Tower,0,2,16,0,18,0,0,6,0,6,0,2,22,0,24,6,0,6,30
05/23/2009,HKS,MS,ASO,CE,Federal Contract Tower,0,1,12,0,13,0,0,2,0,2,0,1,14,0,15,4,0,4,19
05/24/2009,HKS,MS,ASO,CE,Federal Contract Tower,0,0,6,0,6,0,0,2,0,2,0,0,8,0,8,18,0,18,26
05/25/2009,HKS,MS,ASO,CE,Federal Contract Tower,0,2,16,0,18,0,2,11,1,14,0,4,27,1,32,56,4,60,92
05/26/2009,HKS,MS,ASO,CE,Federal Contract Tower,0,4,16,1,21,0,2,23,4,29,0,6,39,5,50,8,12,20,70
05/27/2009,HKS,MS,ASO,CE,Federal Contract Tower,0,2,18,1,21,0,0,31,3,34,0,2,49,4,55,106,0,106,161
05/28/2009,HKS,MS,ASO,CE,Federal Contract Tower,0,3,33,6,42,0,3,51,7,61,0,6,84,13,103,30,0,30,133
05/29/2009,HKS,MS,ASO,CE,Federal Contract Tower,0,2,19,0,21,0,0,44,4,48,0,2,63,4,69,22,0,22,91
05/30/2009,HKS,MS,ASO,CE,Federal Contract Tower,0,1,41,1,43,0,0,55,2,57,0,1,96,3,100,108,0,108,208
05/31/2009,HKS,MS,ASO,CE,Federal Contract Tower,0,0,17,0,17,0,2,35,1,38,0,2,52,1,55,28,0,28,83
06/01/2009,HKS,MS,ASO,CE,Federal Contract Tower,0,2,21,0,23,0,5,26,0,31,0,7,47,0,54,40,0,40,94
06/02/2009,HKS,MS,ASO,CE,Federal Contract Tower,0,2,40,0,42,0,1,36,14,51,0,3,76,14,93,54,64,118,211
06/03/2009,HKS,MS,ASO,CE,Federal Contract Tower,0,3,22,0,25,0,3,34,4,41,0,6,56,4,66,30,0,30,96
06/04/2009,HKS,MS,ASO,CE,Federal Contract Tower,0,8,15,0,23,0,0,0,2,2,0,8,15,2,25,4,16,20,45
06/05/2009,HKS,MS,ASO,CE,Federal Contract Tower,0,4,19,0,23,0,5,22,2,29,0,9,41,2,52,22,0,22,74
06/06/2009,HKS,MS,ASO,CE,Federal Contract Tower,0,0,10,0,10,0,0,26,3,29,0,0,36,3,39,34,0,34,73
06/07/2009,HKS,MS,ASO,CE,Federal Contract Tower,0,0,12,0,12,0,3,21,0,24,0,3,33,0,36,8,0,8,44
06/08/2009,HKS,MS,ASO,CE,Federal Contract Tower,0,3,12,6,21,0,0,37,7,44,0,3,49,13,65,22,54,76,141
06/09/2009,HKS,MS,ASO,CE,Federal Contract Tower,0,3,15,3,21,0,0,31,7,38,0,3,46,10,59,26,2,28,87
06/10/2009,HKS,MS,ASO,CE,Federal Contract Tower,0,6,31,0,37,0,1,35,9,45,0,7,66,9,82,42,0,42,124
06/11/2009,HKS,MS,ASO,CE,Federal Contract Tower,0,3,19,2,24,0,0,35,7,42,0,3,54,9,66,8,38,46,112
06/12/2009,HKS,MS,ASO,CE,Federal Contract Tower,0,4,16,3,23,0,1,30,3,34,0,5,46,6,57,62,2,64,121
06/13/2009,HKS,MS,ASO,CE,Federal Contract Tower,0,0,16,0,16,0,0,21,2,23,0,0,37,2,39,64,0,64,103
06/14/2009,HKS,MS,ASO,CE,Federal Contract Tower,0,0,20,2,22,0,4,18,0,22,0,4,38,2,44,52,0,52,96
06/15/2009,HKS,MS,ASO,CE,Federal Contract Tower,0,6,37,1,44,0,0,33,2,35,0,6,70,3,79,24,0,24,103
06/16/2009,HKS,MS,ASO,CE,Federal Contract Tower,0,3,29,1,33,0,0,23,9,32,0,3,52,10,65,36,10,46,111
06/17/2009,HKS,MS,ASO,CE,Federal Contract Tower,0,4,20,2,26,0,1,33,3,37,0,5,53,5,63,26,6,32,95
06/18/2009,HKS,MS,ASO,CE,Federal Contract Tower,0,3,23,0,26,0,1,33,4,38,0,4,56,4,64,8,6,14,78
06/19/2009,HKS,MS,ASO,CE,Federal Contract Tower,0,2,15,1,18,0,0,33,7,40,0,2,48,8,58,34,14,48,106
06/20/2009,HKS,MS,ASO,CE,Federal Contract Tower,0,2,25,0,27,0,0,40,0,40,0,2,65,0,67,22,0,22,89
06/21/2009,HKS,MS,ASO,CE,Federal Contract Tower,0,0,24,0,24,0,0,16,0,16,0,0,40,0,40,24,0,24,64
06/22/2009,HKS,MS,ASO,CE,Federal Contract Tower,0,3,13,2,18,0,1,41,6,48,0,4,54,8,66,12,0,12,78
06/23/2009,HKS,MS,ASO,CE,Federal Contract Tower,0,6,23,4,33,0,0,39,12,51,0,6,62,16,84,50,8,58,142
06/24/2009,HKS,MS,ASO,CE,Federal Contract Tower,0,6,15,3,24,0,0,46,1,47,0,6,61,4,71,48,0,48,119
06/25/2009,HKS,MS,ASO,CE,Federal Contract Tower,0,4,18,0,22,0,0,24,7,31,0,4,42,7,53,22,26,48,101
06/26/2009,HKS,MS,ASO,CE,Federal Contract Tower,0,4,16,4,24,0,2,32,3,37,0,6,48,7,61,46,0,46,107
06/27/2009,HKS,MS,ASO,CE,Federal Contract Tower,0,0,21,2,23,0,0,16,0,16,0,0,37,2,39,40,0,40,79
06/28/2009,HKS,MS,ASO,CE,Federal Contract Tower,0,0,4,0,4,0,0,17,0,17,0,0,21,0,21,48,10,58,79
06/29/2009,HKS,MS,ASO,CE,Federal Contract Tower,0,2,9,0,11,0,5,26,1,32,0,7,35,1,43,56,0,56,99
06/30/2009,HKS,MS,ASO,CE,Federal Contract Tower,0,4,16,2,22,0,1,53,3,57,0,5,69,5,79,70,2,72,151
07/01/2009,HKS,MS,ASO,CE,Federal Contract Tower,0,1,15,2,18,0,1,38,4,43,0,2,53,6,61,32,22,54,115
07/02/2009,HKS,MS,ASO,CE,Federal Contract Tower,0,2,20,3,25,0,1,31,5,37,0,3,51,8,62,36,56,92,154
07/03/2009,HKS,MS,ASO,CE,Federal Contract Tower,0,0,21,0,21,0,0,27,0,27,0,0,48,0,48,50,0,50,98
07/04/2009,HKS,MS,ASO,CE,Federal Contract Tower,0,0,9,0,9,0,0,21,4,25,0,0,30,4,34,92,0,92,126
07/05/2009,HKS,MS,ASO,CE,Federal Contract Tower,0,0,11,0,11,0,3,11,0,14,0,3,22,0,25,6,0,6,31
07/06/2009,HKS,MS,ASO,CE,Federal Contract Tower,0,2,14,0,16,0,0,6,0,6,0,2,20,0,22,20,0,20,42
07/07/2009,HKS,MS,ASO,CE,Federal Contract Tower,0,3,24,4,31,0,1,25,10,36,0,4,49,14,67,40,2,42,109
07/08/2009,HKS,MS,ASO,CE,Federal Contract Tower,0,3,19,3,25,0,4,32,15,51,0,7,51,18,76,128,6,134,210
07/09/2009,HKS,MS,ASO,CE,Federal Contract Tower,0,2,26,7,35,0,5,23,1,29,0,7,49,8,64,8,26,34,98
07/10/2009,HKS,MS,ASO,CE,Federal Contract Tower,0,2,15,3,20,0,0,23,3,26,0,2,38,6,46,22,20,42,88
07/11/2009,HKS,MS,ASO,CE,Federal Contract Tower,0,0,10,3,13,0,3,30,4,37,0,3,40,7,50,32,10,42,92
07/12/2009,HKS,MS,ASO,CE,Federal Contract Tower,0,0,16,0,16,0,3,12,5,20,0,3,28,5,36,66,0,66,102
07/13/2009,HKS,MS,ASO,CE,Federal Contract Tower,0,1,21,0,22,0,2,21,0,23,0,3,42,0,45,42,0,42,87
07/14/2009,HKS,MS,ASO,CE,Federal Contract Tower,0,5,14,7,26,0,1,13,3,17,0,6,27,10,43,64,14,78,121
07/15/2009,HKS,MS,ASO,CE,Federal Contract Tower,0,0,20,3,23,0,4,18,6,28,0,4,38,9,51,44,0,44,95
07/16/2009,HKS,MS,ASO,CE,Federal Contract Tower,0,1,25,0,26,0,0,43,5,48,0,1,68,5,74,50,0,50,124
07/17/2009,HKS,MS,ASO,CE,Federal Contract Tower,0,1,16,1,18,0,0,22,4,26,0,1,38,5,44,92,28,120,164
07/18/2009,HKS,MS,ASO,CE,Federal Contract Tower,0,0,11,2,13,0,0,26,3,29,0,0,37,5,42,32,0,32,74
07/19/2009,HKS,MS,ASO,CE,Federal Contract Tower,0,0,18,0,18,0,0,27,0,27,0,0,45,0,45,96,0,96,141
07/20/2009,HKS,MS,ASO,CE,Federal Contract Tower,0,5,33,3,41,0,0,28,6,34,0,5,61,9,75,48,10,58,133
07/21/2009,HKS,MS,ASO,CE,Federal Contract Tower,0,1,9,1,11,0,1,20,2,23,0,2,29,3,34,44,0,44,78
07/22/2009,HKS,MS,ASO,CE,Federal Contract Tower,0,1,18,8,27,0,4,30,2,36,0,5,48,10,63,54,22,76,139
07/23/2009,HKS,MS,ASO,CE,Federal Contract Tower,0,0,25,5,30,0,6,45,13,64,0,6,70,18,94,140,0,140,234
07/24/2009,HKS,MS,ASO,CE,Federal Contract Tower,0,0,33,0,33,0,3,44,0,47,0,3,77,0,80,108,0,108,188
07/25/2009,HKS,MS,ASO,CE,Federal Contract Tower,0,2,14,0,16,0,2,44,0,46,0,4,58,0,62,52,0,52,114
07/26/2009,HKS,MS,ASO,CE,Federal Contract Tower,0,0,6,0,6,0,0,11,0,11,0,0,17,0,17,38,0,38,55
07/27/2009,HKS,MS,ASO,CE,Federal Contract Tower,0,2,17,0,19,0,1,16,2,19,0,3,33,2,38,34,0,34,72
07/28/2009,HKS,MS,ASO,CE,Federal Contract Tower,0,5,11,0,16,0,0,12,0,12,0,5,23,0,28,32,0,32,60
07/29/2009,HKS,MS,ASO,CE,Federal Contract Tower,0,6,19,2,27,0,1,6,0,7,0,7,25,2,34,18,0,18,52
07/30/2009,HKS,MS,ASO,CE,Federal Contract Tower,0,2,18,1,21,0,1,23,5,29,0,3,41,6,50,14,2,16,66
07/31/2009,HKS,MS,ASO,CE,Federal Contract Tower,0,4,22,2,28,0,0,11,0,11,0,4,33,2,39,24,0,24,63
08/01/2009,HKS,MS,ASO,CE,Federal Contract Tower,0,0,14,3,17,0,1,19,3,23,0,1,33,6,40,66,0,66,106
08/02/2009,HKS,MS,ASO,CE,Federal Contract Tower,0,1,6,0,7,0,0,9,0,9,0,1,15,0,16,74,36,110,126
08/03/2009,HKS,MS,ASO,CE,Federal Contract Tower,0,2,13,2,17,0,0,25,12,37,0,2,38,14,54,52,0,52,106
08/04/2009,HKS,MS,ASO,CE,Federal Contract Tower,0,4,26,4,34,0,0,35,12,47,0,4,61,16,81,46,0,46,127
08/05/2009,HKS,MS,ASO,CE,Federal Contract Tower,0,5,24,2,31,0,2,16,3,21,0,7,40,5,52,0,6,6,58
08/06/2009,HKS,MS,ASO,CE,Federal Contract Tower,0,3,15,2,20,0,6,35,7,48,0,9,50,9,68,44,0,44,112
08/07/2009,HKS,MS,ASO,CE,Federal Contract Tower,0,5,21,1,27,0,0,35,1,36,0,5,56,2,63,20,38,58,121
08/08/2009,HKS,MS,ASO,CE,Federal Contract Tower,0,0,9,0,9,0,0,20,0,20,0,0,29,0,29,56,0,56,85
08/09/2009,HKS,MS,ASO,CE,Federal Contract Tower,0,1,5,2,8,0,4,15,0,19,0,5,20,2,27,82,0,82,109
08/10/2009,HKS,MS,ASO,CE,Federal Contract Tower,0,2,23,2,27,0,3,25,1,29,0,5,48,3,56,12,0,12,68
08/11/2009,HKS,MS,ASO,CE,Federal Contract Tower,0,9,30,4,43,0,7,38,14,59,0,16,68,18,102,56,14,70,172
08/12/2009,HKS,MS,ASO,CE,Federal Contract Tower,0,6,18,5,29,0,2,40,7,49,0,8,58,12,78,94,34,128,206
08/13/2009,HKS,MS,ASO,CE,Federal Contract Tower,0,3,20,7,30,0,7,30,4,41,0,10,50,11,71,60,46,106,177
08/14/2009,HKS,MS,ASO,CE,Federal Contract Tower,0,2,21,0,23,0,5,33,0,38,0,7,54,0,61,44,0,44,105
08/15/2009,HKS,MS,ASO,CE,Federal Contract Tower,0,0,10,0,10,0,0,17,0,17,0,0,27,0,27,20,0,20,47
08/16/2009,HKS,MS,ASO,CE,Federal Contract Tower,0,0,6,0,6,0,1,8,0,9,0,1,14,0,15,18,0,18,33
08/17/2009,HKS,MS,ASO,CE,Federal Contract Tower,0,3,16,2,21,0,0,25,3,28,0,3,41,5,49,8,0,8,57
08/18/2009,HKS,MS,ASO,CE,Federal Contract Tower,0,3,21,4,28,0,0,18,3,21,0,3,39,7,49,28,28,56,105
08/19/2009,HKS,MS,ASO,CE,Federal Contract Tower,0,8,24,3,35,0,0,11,3,14,0,8,35,6,49,4,0,4,53
08/20/2009,HKS,MS,ASO,CE,Federal Contract Tower,0,2,16,2,20,0,0,3,1,4,0,2,19,3,24,0,0,0,24
08/21/2009,HKS,MS,ASO,CE,Federal Contract Tower,0,3,14,2,19,0,1,25,4,30,0,4,39,6,49,30,10,40,89
08/22/2009,HKS,MS,ASO,CE,Federal Contract Tower,0,0,22,2,24,0,2,46,3,51,0,2,68,5,75,128,10,138,213
08/23/2009,HKS,MS,ASO,CE,Federal Contract Tower,0,3,13,0,16,0,2,40,0,42,0,5,53,0,58,88,0,88,146
08/24/2009,HKS,MS,ASO,CE,Federal Contract Tower,0,3,23,0,26,0,0,30,3,33,0,3,53,3,59,42,0,42,101
08/25/2009,HKS,MS,ASO,CE,Federal Contract Tower,0,4,28,3,35,0,1,37,5,43,0,5,65,8,78,74,4,78,156
08/26/2009,HKS,MS,ASO,CE,Federal Contract Tower,0,4,25,3,32,0,0,36,3,39,0,4,61,6,71,60,32,92,163
08/27/2009,HKS,MS,ASO,CE,Federal Contract Tower,0,3,36,11,50,0,1,34,16,51,0,4,70,27,101,44,30,74,175
08/28/2009,HKS,MS,ASO,CE,Federal Contract Tower,0,2,21,3,26,0,0,24,7,31,0,2,45,10,57,6,28,34,91
08/29/2009,HKS,MS,ASO,CE,Federal Contract Tower,0,0,18,0,18,0,0,28,0,28,0,0,46,0,46,102,0,102,148
08/30/2009,HKS,MS,ASO,CE,Federal Contract Tower,0,0,10,0,10,0,0,9,0,9,0,0,19,0,19,12,0,12,31
08/31/2009,HKS,MS,ASO,CE,Federal Contract Tower,0,5,21,7,33,0,0,47,8,55,0,5,68,15,88,48,24,72,160
09/01/2009,HKS,MS,ASO,CE,Federal Contract Tower,0,3,36,4,43,0,0,44,7,51,0,3,80,11,94,58,24,82,176
09/02/2009,HKS,MS,ASO,CE,Federal Contract Tower,0,3,31,3,37,0,3,37,4,44,0,6,68,7,81,64,40,104,185
09/03/2009,HKS,MS,ASO,CE,Federal Contract Tower,0,7,25,3,35,0,6,41,5,52,0,13,66,8,87,84,24,108,195
09/04/2009,HKS,MS,ASO,CE,Federal Contract Tower,0,6,14,0,20,0,2,48,0,50,0,8,62,0,70,84,0,84,154
09/05/2009,HKS,MS,ASO,CE,Federal Contract Tower,0,3,9,0,12,0,0,10,0,10,0,3,19,0,22,18,0,18,40
09/06/2009,HKS,MS,ASO,CE,Federal Contract Tower,0,3,11,0,14,0,4,3,0,7,0,7,14,0,21,2,0,2,23
09/07/2009,HKS,MS,ASO,CE,Federal Contract Tower,0,0,15,0,15,0,0,23,0,23,0,0,38,0,38,64,0,64,102
09/08/2009,HKS,MS,ASO,CE,Federal Contract Tower,0,3,23,0,26,0,0,38,21,59,0,3,61,21,85,50,0,50,135
09/09/2009,HKS,MS,ASO,CE,Federal Contract Tower,0,4,15,0,19,0,2,44,18,64,0,6,59,18,83,60,54,114,197
09/10/2009,HKS,MS,ASO,CE,Federal Contract Tower,0,2,20,5,27,0,0,20,18,38,0,2,40,23,65,34,14,48,113
09/11/2009,HKS,MS,ASO,CE,Federal Contract Tower,0,3,19,2,24,0,0,18,11,29,0,3,37,13,53,0,10,10,63
09/12/2009,HKS,MS,ASO,CE,Federal Contract Tower,0,0,20,1,21,0,0,6,3,9,0,0,26,4,30,18,0,18,48
09/13/2009,HKS,MS,ASO,CE,Federal Contract Tower,0,0,24,0,24,0,0,3,0,3,0,0,27,0,27,12,0,12,39
09/14/2009,HKS,MS,ASO,CE,Federal Contract Tower,0,2,19,0,21,0,0,9,0,9,0,2,28,0,30,6,4,10,40
09/15/2009,HKS,MS,ASO,CE,Federal Contract Tower,0,4,22,4,30,0,0,10,3,13,0,4,32,7,43,6,46,52,95
09/16/2009,HKS,MS,ASO,CE,Federal Contract Tower,0,4,25,2,31,0,0,12,2,14,0,4,37,4,45,30,18,48,93
09/17/2009,HKS,MS,ASO,CE,Federal Contract Tower,0,7,24,3,34,0,0,9,9,18,0,7,33,12,52,16,26,42,94
09/18/2009,HKS,MS,ASO,CE,Federal Contract Tower,0,9,21,0,30,0,0,2,6,8,0,9,23,6,38,2,30,32,70
09/19/2009,HKS,MS,ASO,CE,Federal Contract Tower,0,0,21,0,21,0,0,3,0,3,0,0,24,0,24,6,0,6,30
09/20/2009,HKS,MS,ASO,CE,Federal Contract Tower,0,0,14,0,14,0,0,8,0,8,0,0,22,0,22,14,0,14,36
09/21/2009,HKS,MS,ASO,CE,Federal Contract Tower,0,7,13,4,24,0,0,13,2,15,0,7,26,6,39,8,0,8,47
09/22/2009,HKS,MS,ASO,CE,Federal Contract Tower,0,2,20,0,22,0,0,6,1,7,0,2,26,1,29,8,14,22,51
09/23/2009,HKS,MS,ASO,CE,Federal Contract Tower,0,4,18,2,24,0,0,8,8,16,0,4,26,10,40,4,60,64,104
09/24/2009,HKS,MS,ASO,CE,Federal Contract Tower,0,2,27,6,35,0,0,10,6,16,0,2,37,12,51,38,56,94,145
09/25/2009,HKS,MS,ASO,CE,Federal Contract Tower,0,6,23,0,29,0,0,11,1,12,0,6,34,1,41,4,46,50,91
09/26/2009,HKS,MS,ASO,CE,Federal Contract Tower,0,0,8,0,8,0,0,10,0,10,0,0,18,0,18,4,0,4,22
09/27/2009,HKS,MS,ASO,CE,Federal Contract Tower,0,2,21,0,23,0,0,28,0,28,0,2,49,0,51,46,0,46,97
09/28/2009,HKS,MS,ASO,CE,Federal Contract Tower,0,2,21,2,25,0,0,20,14,34,0,2,41,16,59,82,70,152,211
09/29/2009,HKS,MS,ASO,CE,Federal Contract Tower,0,3,20,3,26,0,0,42,6,48,0,3,62,9,74,144,12,156,230
09/30/2009,HKS,MS,ASO,CE,Federal Contract Tower,0,5,22,3,30,0,0,42,2,44,0,5,64,5,74,70,10,80,154
10/01/2009,HKS,MS,ASO,CE,Federal Contract Tower,0,8,22,3,33,0,0,49,11,60,0,8,71,14,93,86,42,128,221
10/02/2009,HKS,MS,ASO,CE,Federal Contract Tower,0,8,6,0,14,0,18,40,8,66,0,26,46,8,80,56,2,58,138
10/03/2009,HKS,MS,ASO,CE,Federal Contract Tower,0,0,4,0,4,0,1,23,1,25,0,1,27,1,29,2,0,2,31
10/04/2009,HKS,MS,ASO,CE,Federal Contract Tower,0,0,9,0,9,0,1,15,1,17,0,1,24,1,26,2,0,2,28
10/05/2009,HKS,MS,ASO,CE,Federal Contract Tower,0,4,31,0,35,0,0,0,0,0,0,4,31,0,35,4,0,4,39
10/06/2009,HKS,MS,ASO,CE,Federal Contract Tower,0,2,29,2,33,0,0,6,2,8,0,2,35,4,41,24,0,24,65
10/07/2009,HKS,MS,ASO,CE,Federal Contract Tower,0,3,29,4,36,0,0,22,1,23,0,3,51,5,59,12,2,14,73
10/08/2009,HKS,MS,ASO,CE,Federal Contract Tower,0,4,13,4,21,0,0,26,8,34,0,4,39,12,55,16,18,34,89
10/09/2009,HKS,MS,ASO,CE,Federal Contract Tower,0,4,13,2,19,0,0,5,2,7,0,4,18,4,26,10,20,30,56
10/10/2009,HKS,MS,ASO,CE,Federal Contract Tower,0,1,9,0,10,0,0,0,0,0,0,1,9,0,10,4,0,4,14
10/11/2009,HKS,MS,ASO,CE,Federal Contract Tower,0,1,17,0,18,0,0,0,0,0,0,1,17,0,18,12,0,12,30
10/12/2009,HKS,MS,ASO,CE,Federal Contract Tower,0,5,7,0,12,0,0,3,0,3,0,5,10,0,15,2,0,2,17
10/13/2009,HKS,MS,ASO,CE,Federal Contract Tower,0,3,22,3,28,0,0,0,0,0,0,3,22,3,28,4,0,4,32
10/14/2009,HKS,MS,ASO,CE,Federal Contract Tower,0,3,16,1,20,0,0,5,1,6,0,3,21,2,26,14,0,14,40
10/15/2009,HKS,MS,ASO,CE,Federal Contract Tower,0,6,29,1,36,0,0,2,0,2,0,6,31,1,38,4,0,4,42
10/16/2009,HKS,MS,ASO,CE,Federal Contract Tower,0,2,28,2,32,0,0,12,7,19,0,2,40,9,51,2,8,10,61
10/17/2009,HKS,MS,ASO,CE,Federal Contract Tower,0,0,19,1,20,0,1,23,3,27,0,1,42,4,47,14,6,20,67
10/18/2009,HKS,MS,ASO,CE,Federal Contract Tower,0,0,21,2,23,0,1,27,7,35,0,1,48,9,58,20,4,24,82
10/19/2009,HKS,MS,ASO,CE,Federal Contract Tower,0,2,24,2,28,0,0,26,0,26,0,2,50,2,54,44,0,44,98
10/20/2009,HKS,MS,ASO,CE,Federal Contract Tower,0,4,26,2,32,0,0,33,6,39,0,4,59,8,71,62,34,96,167
10/21/2009,HKS,MS,ASO,CE,Federal Contract Tower,0,2,35,1,38,0,0,34,4,38,0,2,69,5,76,46,10,56,132
10/22/2009,HKS,MS,ASO,CE,Federal Contract Tower,0,2,26,4,32,0,1,3,2,6,0,3,29,6,38,6,0,6,44
10/23/2009,HKS,MS,ASO,CE,Federal Contract Tower,0,9,23,2,34,0,2,11,4,17,0,11,34,6,51,20,0,20,71
10/24/2009,HKS,MS,ASO,CE,Federal Contract Tower,0,0,12,2,14,0,2,17,9,28,0,2,29,11,42,52,14,66,108
10/25/2009,HKS,MS,ASO,CE,Federal Contract Tower,0,0,26,0,26,0,0,40,0,40,0,0,66,0,66,78,0,78,144
10/26/2009,HKS,MS,ASO,CE,Federal Contract Tower,0,3,27,2,32,0,0,16,5,21,0,3,43,7,53,48,0,48,101
10/27/2009,HKS,MS,ASO,CE,Federal Contract Tower,0,3,27,1,31,0,0,2,0,2,0,3,29,1,33,16,54,70,103
10/28/2009,HKS,MS,ASO,CE,Federal Contract Tower,0,2,27,2,31,0,4,30,7,41,0,6,57,9,72,38,0,38,110
10/29/2009,HKS,MS,ASO,CE,Federal Contract Tower,0,5,17,2,24,0,0,10,0,10,0,5,27,2,34,8,0,8,42
10/30/2009,HKS,MS,ASO,CE,Federal Contract Tower,0,4,12,0,16,0,1,1,1,3,0,5,13,1,19,0,12,12,31
10/31/2009,HKS,MS,ASO,CE,Federal Contract Tower,0,0,7,0,7,0,2,24,0,26,0,2,31,0,33,16,0,16,49
11/01/2009,HKS,MS,ASO,CE,Federal Contract Tower,0,0,10,0,10,0,6,12,0,18,0,6,22,0,28,46,0,46,74
11/02/2009,HKS,MS,ASO,CE,Federal Contract Tower,0,1,27,2,30,0,5,35,3,43,0,6,62,5,73,34,10,44,117
11/03/2009,HKS,MS,ASO,CE,Federal Contract Tower,0,3,29,3,35,0,0,41,5,46,0,3,70,8,81,30,20,50,131
11/04/2009,HKS,MS,ASO,CE,Federal Contract Tower,0,3,21,1,25,0,10,29,5,44,0,13,50,6,69,44,0,44,113
11/05/2009,HKS,MS,ASO,CE,Federal Contract Tower,0,3,10,0,13,0,11,29,12,52,0,14,39,12,65,36,8,44,109
11/06/2009,HKS,MS,ASO,CE,Federal Contract Tower,0,2,23,1,26,0,6,41,10,57,0,8,64,11,83,18,52,70,153
11/07/2009,HKS,MS,ASO,CE,Federal Contract Tower,0,0,14,0,14,0,0,43,7,50,0,0,57,7,64,62,0,62,126
11/08/2009,HKS,MS,ASO,CE,Federal Contract Tower,0,1,16,0,17,0,0,33,0,33,0,1,49,0,50,46,0,46,96
11/09/2009,HKS,MS,ASO,CE,Federal Contract Tower,0,0,16,2,18,0,0,9,2,11,0,0,25,4,29,16,8,24,53
11/10/2009,HKS,MS,ASO,CE,Federal Contract Tower,0,0,14,2,16,0,0,15,8,23,0,0,29,10,39,36,0,36,75
11/11/2009,HKS,MS,ASO,CE,Federal Contract Tower,0,0,13,0,13,0,2,23,2,27,0,2,36,2,40,32,10,42,82
11/12/2009,HKS,MS,ASO,CE,Federal Contract Tower,0,0,22,4,26,0,0,27,14,41,0,0,49,18,67,10,2,12,79
11/13/2009,HKS,MS,ASO,CE,Federal Contract Tower,0,0,14,2,16,0,0,31,2,33,0,0,45,4,49,28,10,38,87
11/14/2009,HKS,MS,ASO,CE,Federal Contract Tower,0,0,16,0,16,0,4,28,0,32,0,4,44,0,48,42,0,42,90
11/15/2009,HKS,MS,ASO,CE,Federal Contract Tower,0,0,22,0,22,0,1,23,0,24,0,1,45,0,46,100,0,100,146
11/16/2009,HKS,MS,ASO,CE,Federal Contract Tower,0,0,12,1,13,0,1,4,0,5,0,1,16,1,18,22,0,22,40
11/17/2009,HKS,MS,ASO,CE,Federal Contract Tower,0,1,18,5,24,0,2,24,17,43,0,3,42,22,67,62,20,82,149
11/18/2009,HKS,MS,ASO,CE,Federal Contract Tower,0,0,20,2,22,0,0,20,9,29,0,0,40,11,51,58,10,68,119
11/19/2009,HKS,MS,ASO,CE,Federal Contract Tower,0,2,22,3,27,0,1,36,8,45,0,3,58,11,72,4,14,18,90
11/20/2009,HKS,MS,ASO,CE,Federal Contract Tower,0,1,25,1,27,0,0,38,7,45,0,1,63,8,72,68,0,68,140
11/21/2009,HKS,MS,ASO,CE,Federal Contract Tower,0,2,8,0,10,0,2,9,2,13,0,4,17,2,23,24,10,34,57
11/22/2009,HKS,MS,ASO,CE,Federal Contract Tower,0,1,12,0,13,0,1,0,0,1,0,2,12,0,14,0,0,0,14
11/23/2009,HKS,MS,ASO,CE,Federal Contract Tower,0,1,25,0,26,0,0,21,0,21,0,1,46,0,47,84,0,84,131
11/24/2009,HKS,MS,ASO,CE,Federal Contract Tower,0,3,20,3,26,0,0,14,4,18,0,3,34,7,44,2,6,8,52
11/25/2009,HKS,MS,ASO,CE,Federal Contract Tower,0,3,31,0,34,0,0,38,0,38,0,3,69,0,72,32,0,32,104
11/26/2009,HKS,MS,ASO,CE,Federal Contract Tower,0,0,3,0,3,0,0,6,0,6,0,0,9,0,9,26,0,26,35
11/27/2009,HKS,MS,ASO,CE,Federal Contract Tower,0,0,9,0,9,0,2,33,0,35,0,2,42,0,44,80,0,80,124
11/28/2009,HKS,MS,ASO,CE,Federal Contract Tower,0,0,24,0,24,0,1,21,0,22,0,1,45,0,46,24,0,24,70
11/29/2009,HKS,MS,ASO,CE,Federal Contract Tower,0,0,13,0,13,0,2,16,0,18,0,2,29,0,31,30,0,30,61
11/30/2009,HKS,MS,ASO,CE,Federal Contract Tower,0,1,13,0,14,0,0,6,0,6,0,1,19,0,20,28,0,28,48
12/01/2009,HKS,MS,ASO,CE,Federal Contract Tower,0,0,26,4,30,0,0,27,4,31,0,0,53,8,61,40,30,70,131
12/02/2009,HKS,MS,ASO,CE,Federal Contract Tower,0,2,16,1,19,0,0,2,1,3,0,2,18,2,22,2,8,10,32
12/03/2009,HKS,MS,ASO,CE,Federal Contract Tower,0,0,23,1,24,0,4,15,15,34,0,4,38,16,58,74,6,80,138
12/04/2009,HKS,MS,ASO,CE,Federal Contract Tower,0,0,12,2,14,0,0,27,10,37,0,0,39,12,51,58,10,68,119
12/05/2009,HKS,MS,ASO,CE,Federal Contract Tower,0,0,9,0,9,0,2,17,2,21,0,2,26,2,30,48,0,48,78
12/06/2009,HKS,MS,ASO,CE,Federal Contract Tower,0,0,13,0,13,0,0,12,7,19,0,0,25,7,32,96,8,104,136
12/07/2009,HKS,MS,ASO,CE,Federal Contract Tower,0,1,21,0,22,0,0,0,0,0,0,1,21,0,22,2,0,2,24
12/08/2009,HKS,MS,ASO,CE,Federal Contract Tower,0,0,21,0,21,0,0,0,0,0,0,0,21,0,21,2,0,2,23
12/09/2009,HKS,MS,ASO,CE,Federal Contract Tower,0,2,26,2,30,0,0,21,14,35,0,2,47,16,65,14,64,78,143
12/10/2009,HKS,MS,ASO,CE,Federal Contract Tower,0,0,22,2,24,0,1,17,16,34,0,1,39,18,58,50,12,62,120
12/11/2009,HKS,MS,ASO,CE,Federal Contract Tower,0,2,23,2,27,0,1,11,4,16,0,3,34,6,43,46,22,68,111
12/12/2009,HKS,MS,ASO,CE,Federal Contract Tower,0,1,9,0,10,0,0,0,0,0,0,1,9,0,10,8,0,8,18
12/13/2009,HKS,MS,ASO,CE,Federal Contract Tower,0,0,12,0,12,0,0,0,0,0,0,0,12,0,12,2,0,2,14
12/14/2009,HKS,MS,ASO,CE,Federal Contract Tower,0,2,9,0,11,0,0,0,0,0,0,2,9,0,11,4,0,4,15
12/15/2009,HKS,MS,ASO,CE,Federal Contract Tower,0,2,13,4,19,0,0,0,0,0,0,2,13,4,19,4,0,4,23
12/16/2009,HKS,MS,ASO,CE,Federal Contract Tower,0,0,26,0,26,0,0,31,5,36,0,0,57,5,62,18,0,18,80
12/17/2009,HKS,MS,ASO,CE,Federal Contract Tower,0,0,27,4,31,0,0,18,16,34,0,0,45,20,65,70,23,93,158
12/18/2009,HKS,MS,ASO,CE,Federal Contract Tower,0,2,27,0,29,0,0,12,0,12,0,2,39,0,41,28,0,28,69
12/19/2009,HKS,MS,ASO,CE,Federal Contract Tower,0,4,15,0,19,0,0,23,0,23,0,4,38,0,42,56,0,56,98
12/20/2009,HKS,MS,ASO,CE,Federal Contract Tower,0,0,10,0,10,0,0,22,0,22,0,0,32,0,32,40,0,40,72
12/21/2009,HKS,MS,ASO,CE,Federal Contract Tower,0,1,20,0,21,0,1,33,4,38,0,2,53,4,59,48,0,48,107
12/22/2009,HKS,MS,ASO,CE,Federal Contract Tower,0,2,13,4,19,0,0,29,7,36,0,2,42,11,55,18,26,44,99
12/23/2009,HKS,MS,ASO,CE,Federal Contract Tower,0,2,19,0,21,0,0,8,3,11,0,2,27,3,32,10,10,20,52
12/24/2009,HKS,MS,ASO,CE,Federal Contract Tower,0,0,3,0,3,0,0,1,0,1,0,0,4,0,4,0,0,0,4
12/25/2009,HKS,MS,ASO,CE,Federal Contract Tower,0,0,0,0,0,0,0,1,0,1,0,0,1,0,1,0,0,0,1
12/26/2009,HKS,MS,ASO,CE,Federal Contract Tower,0,0,10,0,10,0,0,34,0,34,0,0,44,0,44,22,0,22,66
12/27/2009,HKS,MS,ASO,CE,Federal Contract Tower,0,0,20,0,20,0,3,6,0,9,0,3,26,0,29,4,0,4,33
12/28/2009,HKS,MS,ASO,CE,Federal Contract Tower,0,0,16,0,16,0,4,23,0,27,0,4,39,0,43,30,0,30,73
12/29/2009,HKS,MS,ASO,CE,Federal Contract Tower,0,0,15,0,15,0,0,23,2,25,0,0,38,2,40,56,0,56,96
12/30/2009,HKS,MS,ASO,CE,Federal Contract Tower,0,0,20,0,20,0,0,3,2,5,0,0,23,2,25,4,0,4,29
12/31/2009,HKS,MS,ASO,CE,Federal Contract Tower,0,1,16,0,17,0,2,3,0,5,0,3,19,0,22,10,0,10,32
01/01/2010,HKS,MS,ASO,CE,Federal Contract Tower,0,2,10,0,12,0,1,7,0,8,0,3,17,0,20,32,0,32,52
01/02/2010,HKS,MS,ASO,CE,Federal Contract Tower,0,0,17,0,17,0,2,19,0,21,0,2,36,0,38,50,0,50,88
01/03/2010,HKS,MS,ASO,CE,Federal Contract Tower,0,0,11,0,11,0,4,6,0,10,0,4,17,0,21,42,0,42,63
01/04/2010,HKS,MS,ASO,CE,Federal Contract Tower,0,0,5,2,7,0,0,10,0,10,0,0,15,2,17,0,0,0,17
01/05/2010,HKS,MS,ASO,CE,Federal Contract Tower,0,1,17,0,18,0,7,23,4,34,0,8,40,4,52,4,0,4,56
01/06/2010,HKS,MS,ASO,CE,Federal Contract Tower,0,0,14,0,14,0,7,33,5,45,0,7,47,5,59,2,12,14,73
01/07/2010,HKS,MS,ASO,CE,Federal Contract Tower,0,0,7,0,7,0,2,2,0,4,0,2,9,0,11,2,0,2,13
01/08/2010,HKS,MS,ASO,CE,Federal Contract Tower,0,2,8,3,13,0,6,12,0,18,0,8,20,3,31,2,0,2,33
01/09/2010,HKS,MS,ASO,CE,Federal Contract Tower,0,0,7,0,7,0,2,5,0,7,0,2,12,0,14,2,0,2,16
01/10/2010,HKS,MS,ASO,CE,Federal Contract Tower,0,1,9,0,10,0,2,10,0,12,0,3,19,0,22,10,0,10,32
01/11/2010,HKS,MS,ASO,CE,Federal Contract Tower,0,0,16,1,17,1,3,16,4,24,1,3,32,5,41,48,0,48,89
01/12/2010,HKS,MS,ASO,CE,Federal Contract Tower,0,2,33,2,37,0,6,36,4,46,0,8,69,6,83,50,0,50,133
01/13/2010,HKS,MS,ASO,CE,Federal Contract Tower,0,0,27,4,31,0,5,30,11,46,0,5,57,15,77,68,0,68,145
01/14/2010,HKS,MS,ASO,CE,Federal Contract Tower,0,0,27,1,28,1,9,26,8,44,1,9,53,9,72,52,16,68,140
01/15/2010,HKS,MS,ASO,CE,Federal Contract Tower,0,2,27,1,30,0,3,26,4,33,0,5,53,5,63,12,14,26,89
01/16/2010,HKS,MS,ASO,CE,Federal Contract Tower,0,1,7,0,8,0,0,0,0,0,0,1,7,0,8,0,0,0,8
01/17/2010,HKS,MS,ASO,CE,Federal Contract Tower,0,0,15,0,15,0,0,1,0,1,0,0,16,0,16,0,0,0,16
01/18/2010,HKS,MS,ASO,CE,Federal Contract Tower,0,1,28,0,29,0,2,23,0,25,0,3,51,0,54,112,0,112,166
01/19/2010,HKS,MS,ASO,CE,Federal Contract Tower,0,2,28,6,36,0,1,12,16,29,0,3,40,22,65,44,18,62,127
01/20/2010,HKS,MS,ASO,CE,Federal Contract Tower,0,2,14,4,20,0,0,2,2,4,0,2,16,6,24,0,36,36,60
01/21/2010,HKS,MS,ASO,CE,Federal Contract Tower,0,0,21,7,28,0,1,18,16,35,0,1,39,23,63,54,22,76,139
01/22/2010,HKS,MS,ASO,CE,Federal Contract Tower,0,1,22,0,23,0,2,30,7,39,0,3,52,7,62,48,12,60,122
01/23/2010,HKS,MS,ASO,CE,Federal Contract Tower,0,1,2,0,3,0,0,6,0,6,0,1,8,0,9,6,0,6,15
01/24/2010,HKS,MS,ASO,CE,Federal Contract Tower,0,0,7,0,7,0,0,13,0,13,0,0,20,0,20,76,0,76,96
01/25/2010,HKS,MS,ASO,CE,Federal Contract Tower,0,0,20,2,22,0,1,20,1,22,0,1,40,3,44,12,4,16,60
01/26/2010,HKS,MS,ASO,CE,Federal Contract Tower,0,0,22,5,27,0,1,25,16,42,0,1,47,21,69,30,6,36,105
01/27/2010,HKS,MS,ASO,CE,Federal Contract Tower,0,0,24,6,30,0,0,32,3,35,0,0,56,9,65,72,8,80,145
01/28/2010,HKS,MS,ASO,CE,Federal Contract Tower,0,3,30,1,34,0,2,28,5,35,0,5,58,6,69,108,14,122,191
01/29/2010,HKS,MS,ASO,CE,Federal Contract Tower,0,2,12,0,14,0,0,0,0,0,0,2,12,0,14,0,0,0,14
01/30/2010,HKS,MS,ASO,CE,Federal Contract Tower,0,0,1,0,1,0,0,5,0,5,0,0,6,0,6,6,0,6,12
01/31/2010,HKS,MS,ASO,CE,Federal Contract Tower,0,0,17,0,17,0,4,17,0,21,0,4,34,0,38,86,0,86,124
02/01/2010,HKS,MS,ASO,CE,Federal Contract Tower,0,0,19,2,21,0,0,10,0,10,0,0,29,2,31,40,0,40,71
02/02/2010,HKS,MS,ASO,CE,Federal Contract Tower,0,1,26,0,27,0,1,28,0,29,0,2,54,0,56,48,0,48,104
02/03/2010,HKS,MS,ASO,CE,Federal Contract Tower,0,1,22,3,26,0,0,19,5,24,0,1,41,8,50,24,2,26,76
02/04/2010,HKS,MS,ASO,CE,Federal Contract Tower,0,1,23,0,24,0,0,0,0,0,0,1,23,0,24,0,0,0,24
02/05/2010,HKS,MS,ASO,CE,Federal Contract Tower,0,1,37,2,40,0,0,1,2,3,0,1,38,4,43,10,30,40,83
02/06/2010,HKS,MS,ASO,CE,Federal Contract Tower,0,2,7,2,11,0,1,2,3,6,0,3,9,5,17,0,0,0,17
02/07/2010,HKS,MS,ASO,CE,Federal Contract Tower,0,0,12,0,12,0,1,12,5,18,0,1,24,5,30,66,0,66,96
02/08/2010,HKS,MS,ASO,CE,Federal Contract Tower,0,4,28,0,32,0,0,19,9,28,0,4,47,9,60,62,0,62,122
02/09/2010,HKS,MS,ASO,CE,Federal Contract Tower,0,0,8,4,12,0,2,15,1,18,0,2,23,5,30,14,0,14,44
02/10/2010,HKS,MS,ASO,CE,Federal Contract Tower,0,0,18,0,18,0,1,30,6,37,0,1,48,6,55,22,12,34,89
02/11/2010,HKS,MS,ASO,CE,Federal Contract Tower,0,0,14,1,15,0,0,12,3,15,0,0,26,4,30,6,0,6,36
02/12/2010,HKS,MS,ASO,CE,Federal Contract Tower,0,0,3,0,3,0,1,13,0,14,0,1,16,0,17,10,0,10,27
02/13/2010,HKS,MS,ASO,CE,Federal Contract Tower,0,0,4,0,4,0,2,9,0,11,0,2,13,0,15,18,0,18,33
02/14/2010,HKS,MS,ASO,CE,Federal Contract Tower,0,0,11,0,11,0,2,5,0,7,0,2,16,0,18,48,0,48,66
02/15/2010,HKS,MS,ASO,CE,Federal Contract Tower,0,2,9,2,13,0,0,10,0,10,0,2,19,2,23,6,0,6,29
02/16/2010,HKS,MS,ASO,CE,Federal Contract Tower,0,2,21,1,24,0,3,30,4,37,0,5,51,5,61,44,14,58,119
02/17/2010,HKS,MS,ASO,CE,Federal Contract Tower,0,0,26,5,31,0,0,25,3,28,0,0,51,8,59,32,10,42,101
02/18/2010,HKS,MS,ASO,CE,Federal Contract Tower,0,0,30,1,31,0,0,29,3,32,0,0,59,4,63,74,4,78,141
02/19/2010,HKS,MS,ASO,CE,Federal Contract Tower,0,3,29,3,35,0,0,35,2,37,0,3,64,5,72,96,0,96,168
02/20/2010,HKS,MS,ASO,CE,Federal Contract Tower,0,2,41,0,43,0,0,70,0,70,0,2,111,0,113,108,0,108,221
02/21/2010,HKS,MS,ASO,CE,Federal Contract Tower,0,0,12,0,12,0,0,14,8,22,0,0,26,8,34,20,0,20,54
02/22/2010,HKS,MS,ASO,CE,Federal Contract Tower,0,0,18,2,20,0,0,0,2,2,0,0,18,4,22,6,4,10,32
02/23/2010,HKS,MS,ASO,CE,Federal Contract Tower,0,0,20,3,23,0,2,17,8,27,0,2,37,11,50,56,12,68,118
02/24/2010,HKS,MS,ASO,CE,Federal Contract Tower,0,2,7,3,12,0,4,14,7,25,0,6,21,10,37,8,2,10,47
02/25/2010,HKS,MS,ASO,CE,Federal Contract Tower,0,2,25,1,28,0,2,38,7,47,0,4,63,8,75,100,0,100,175
02/26/2010,HKS,MS,ASO,CE,Federal Contract Tower,0,0,14,2,16,0,3,26,3,32,0,3,40,5,48,44,0,44,92
02/27/2010,HKS,MS,ASO,CE,Federal Contract Tower,0,0,12,0,12,0,0,29,2,31,0,0,41,2,43,62,2,64,107
02/28/2010,HKS,MS,ASO,CE,Federal Contract Tower,0,0,16,0,16,0,0,14,0,14,0,0,30,0,30,62,0,62,92
03/01/2010,HKS,MS,ASO,CE,Federal Contract Tower,0,0,12,5,17,0,0,1,0,1,0,0,13,5,18,6,0,6,24
03/02/2010,HKS,MS,ASO,CE,Federal Contract Tower,0,2,17,2,21,0,2,7,7,16,0,4,24,9,37,6,8,14,51
03/03/2010,HKS,MS,ASO,CE,Federal Contract Tower,0,0,24,2,26,0,0,22,16,38,0,0,46,18,64,50,12,62,126
03/04/2010,HKS,MS,ASO,CE,Federal Contract Tower,0,4,29,3,36,0,0,25,5,30,0,4,54,8,66,60,4,64,130
03/05/2010,HKS,MS,ASO,CE,Federal Contract Tower,0,0,27,5,32,0,2,44,13,59,0,2,71,18,91,90,2,92,183
03/06/2010,HKS,MS,ASO,CE,Federal Contract Tower,0,3,21,5,29,0,0,2,41,43,0,3,23,46,72,128,0,128,200
03/07/2010,HKS,MS,ASO,CE,Federal Contract Tower,0,0,16,4,20,0,2,46,5,53,0,2,62,9,73,58,2,60,133
03/08/2010,HKS,MS,ASO,CE,Federal Contract Tower,0,0,17,0,17,0,2,33,2,37,0,2,50,2,54,22,0,22,76
03/09/2010,HKS,MS,ASO,CE,Federal Contract Tower,0,4,15,0,19,0,0,0,0,0,0,4,15,0,19,0,0,0,19
03/10/2010,HKS,MS,ASO,CE,Federal Contract Tower,0,1,10,1,12,0,0,6,7,13,0,1,16,8,25,2,12,14,39
03/11/2010,HKS,MS,ASO,CE,Federal Contract Tower,0,0,26,1,27,0,0,35,8,43,0,0,61,9,70,37,6,43,113
03/12/2010,HKS,MS,ASO,CE,Federal Contract Tower,0,5,25,0,30,0,1,30,7,38,0,6,55,7,68,38,10,48,116
03/13/2010,HKS,MS,ASO,CE,Federal Contract Tower,0,0,23,0,23,0,0,25,0,25,0,0,48,0,48,36,0,36,84
03/14/2010,HKS,MS,ASO,CE,Federal Contract Tower,0,0,25,1,26,0,1,16,0,17,0,1,41,1,43,62,0,62,105
03/15/2010,HKS,MS,ASO,CE,Federal Contract Tower,0,2,14,1,17,0,5,23,7,35,0,7,37,8,52,30,12,42,94
03/16/2010,HKS,MS,ASO,CE,Federal Contract Tower,0,0,32,5,37,0,2,12,4,18,0,2,44,9,55,6,4,10,65
03/17/2010,HKS,MS,ASO,CE,Federal Contract Tower,0,2,35,7,44,0,0,14,7,21,0,2,49,14,65,22,20,42,107
03/18/2010,HKS,MS,ASO,CE,Federal Contract Tower,0,1,26,2,29,0,0,25,3,28,0,1,51,5,57,82,18,100,157
03/19/2010,HKS,MS,ASO,CE,Federal Contract Tower,0,0,32,0,32,0,0,26,3,29,0,0,58,3,61,44,0,44,105
03/20/2010,HKS,MS,ASO,CE,Federal Contract Tower,0,0,25,0,25,0,3,12,3,18,0,3,37,3,43,16,0,16,59
03/21/2010,HKS,MS,ASO,CE,Federal Contract Tower,0,0,7,0,7,0,0,2,0,2,0,0,9,0,9,0,0,0,9
03/22/2010,HKS,MS,ASO,CE,Federal Contract Tower,0,0,10,2,12,0,0,5,0,5,0,0,15,2,17,26,0,26,43
03/23/2010,HKS,MS,ASO,CE,Federal Contract Tower,0,0,36,8,44,0,4,35,2,41,0,4,71,10,85,66,8,74,159
03/24/2010,HKS,MS,ASO,CE,Federal Contract Tower,0,2,30,6,38,0,2,33,10,45,0,4,63,16,83,60,12,72,155
03/25/2010,HKS,MS,ASO,CE,Federal Contract Tower,0,7,17,2,26,0,0,14,6,20,0,7,31,8,46,14,0,14,60
03/26/2010,HKS,MS,ASO,CE,Federal Contract Tower,0,4,18,0,22,0,1,27,1,29,0,5,45,1,51,10,8,18,69
03/27/2010,HKS,MS,ASO,CE,Federal Contract Tower,0,0,14,0,14,0,1,20,0,21,0,1,34,0,35,28,10,38,73
03/28/2010,HKS,MS,ASO,CE,Federal Contract Tower,0,2,13,1,16,0,0,21,0,21,0,2,34,1,37,34,0,34,71
03/29/2010,HKS,MS,ASO,CE,Federal Contract Tower,0,2,22,6,30,0,1,31,7,39,0,3,53,13,69,38,14,52,121
03/30/2010,HKS,MS,ASO,CE,Federal Contract Tower,0,2,23,4,29,0,0,28,8,36,0,2,51,12,65,24,12,36,101
03/31/2010,HKS,MS,ASO,CE,Federal Contract Tower,0,4,20,0,24,0,2,36,5,43,0,6,56,5,67,24,22,46,113
04/01/2010,HKS,MS,ASO,CE,Federal Contract Tower,0,5,38,2,45,0,0,23,8,31,0,5,61,10,76,32,12,44,120
04/02/2010,HKS,MS,ASO,CE,Federal Contract Tower,0,4,26,2,32,0,1,16,0,17,0,5,42,2,49,54,0,54,103
04/03/2010,HKS,MS,ASO,CE,Federal Contract Tower,0,0,11,0,11,0,0,16,0,16,0,0,27,0,27,22,0,22,49
04/04/2010,HKS,MS,ASO,CE,Federal Contract Tower,0,0,18,0,18,0,0,16,0,16,0,0,34,0,34,90,0,90,124
04/05/2010,HKS,MS,ASO,CE,Federal Contract Tower,0,4,17,3,24,0,2,9,0,11,0,6,26,3,35,22,0,22,57
04/06/2010,HKS,MS,ASO,CE,Federal Contract Tower,0,3,32,6,41,0,0,31,5,36,0,3,63,11,77,50,58,108,185
04/07/2010,HKS,MS,ASO,CE,Federal Contract Tower,0,2,26,2,30,0,0,16,5,21,0,2,42,7,51,20,46,66,117
04/08/2010,HKS,MS,ASO,CE,Federal Contract Tower,0,3,16,3,22,0,2,14,5,21,0,5,30,8,43,14,20,34,77
04/09/2010,HKS,MS,ASO,CE,Federal Contract Tower,0,7,16,3,26,0,0,31,7,38,0,7,47,10,64,40,4,44,108
04/10/2010,HKS,MS,ASO,CE,Federal Contract Tower,0,0,23,1,24,0,5,43,3,51,0,5,66,4,75,20,0,20,95
04/11/2010,HKS,MS,ASO,CE,Federal Contract Tower,0,0,13,0,13,0,1,40,5,46,0,1,53,5,59,78,0,78,137
04/12/2010,HKS,MS,ASO,CE,Federal Contract Tower,0,6,11,6,23,0,3,24,9,36,0,9,35,15,59,44,18,62,121
04/13/2010,HKS,MS,ASO,CE,Federal Contract Tower,0,2,26,3,31,0,0,45,5,50,0,2,71,8,81,28,38,66,147
04/14/2010,HKS,MS,ASO,CE,Federal Contract Tower,0,4,34,3,41,0,0,39,3,42,0,4,73,6,83,24,8,32,115
04/15/2010,HKS,MS,ASO,CE,Federal Contract Tower,0,4,35,4,43,0,0,34,8,42,0,4,69,12,85,32,12,44,129
04/16/2010,HKS,MS,ASO,CE,Federal Contract Tower,0,2,25,3,30,0,2,24,6,32,0,4,49,9,62,32,18,50,112
04/17/2010,HKS,MS,ASO,CE,Federal Contract Tower,0,0,5,2,7,0,2,22,0,24,0,2,27,2,31,20,0,20,51
04/18/2010,HKS,MS,ASO,CE,Federal Contract Tower,0,0,16,2,18,0,0,28,3,31,0,0,44,5,49,16,2,18,67
04/19/2010,HKS,MS,ASO,CE,Federal Contract Tower,0,2,15,1,18,0,2,17,2,21,0,4,32,3,39,38,0,38,77
04/20/2010,HKS,MS,ASO,CE,Federal Contract Tower,0,4,30,1,35,0,2,33,17,52,0,6,63,18,87,38,8,46,133
04/21/2010,HKS,MS,ASO,CE,Federal Contract Tower,0,2,21,0,23,0,2,18,4,24,0,4,39,4,47,42,42,84,131
04/22/2010,HKS,MS,ASO,CE,Federal Contract Tower,0,5,18,0,23,0,0,30,10,40,0,5,48,10,63,38,64,102,165
04/23/2010,HKS,MS,ASO,CE,Federal Contract Tower,0,3,20,0,23,0,0,5,0,5,0,3,25,0,28,0,0,0,28
04/24/2010,HKS,MS,ASO,CE,Federal Contract Tower,0,0,0,0,0,0,1,0,4,5,0,1,0,4,5,0,0,0,5
04/25/2010,HKS,MS,ASO,CE,Federal Contract Tower,0,0,11,1,12,0,0,23,14,37,0,0,34,15,49,38,0,38,87
04/26/2010,HKS,MS,ASO,CE,Federal Contract Tower,0,5,11,4,20,0,0,29,6,35,0,5,40,10,55,34,0,34,89
04/27/2010,HKS,MS,ASO,CE,Federal Contract Tower,0,2,19,6,27,0,0,29,5,34,0,2,48,11,61,36,34,70,131
04/28/2010,HKS,MS,ASO,CE,Federal Contract Tower,0,2,25,4,31,0,0,34,13,47,0,2,59,17,78,36,30,66,144
04/29/2010,HKS,MS,ASO,CE,Federal Contract Tower,0,4,35,4,43,0,4,29,3,36,0,8,64,7,79,56,30,86,165
04/30/2010,HKS,MS,ASO,CE,Federal Contract Tower,0,5,6,3,14,0,0,2,5,7,0,5,8,8,21,0,0,0,21
05/01/2010,HKS,MS,ASO,CE,Federal Contract Tower,0,0,0,2,2,0,0,3,0,3,0,0,3,2,5,0,34,34,39
05/02/2010,HKS,MS,ASO,CE,Federal Contract Tower,0,0,4,0,4,0,0,1,2,3,0,0,5,2,7,0,0,0,7
05/03/2010,HKS,MS,ASO,CE,Federal Contract Tower,0,7,21,1,29,0,0,25,5,30,0,7,46,6,59,64,16,80,139
05/04/2010,HKS,MS,ASO,CE,Federal Contract Tower,0,6,23,4,33,0,0,29,7,36,0,6,52,11,69,46,18,64,133
05/05/2010,HKS,MS,ASO,CE,Federal Contract Tower,0,3,21,5,29,0,0,32,11,43,0,3,53,16,72,48,64,112,184
05/06/2010,HKS,MS,ASO,CE,Federal Contract Tower,0,6,25,2,33,0,2,33,3,38,0,8,58,5,71,70,10,80,151
05/07/2010,HKS,MS,ASO,CE,Federal Contract Tower,0,2,20,1,23,0,2,19,18,39,0,4,39,19,62,20,0,20,82
05/08/2010,HKS,MS,ASO,CE,Federal Contract Tower,0,0,3,0,3,0,0,19,2,21,0,0,22,2,24,0,0,0,24
05/09/2010,HKS,MS,ASO,CE,Federal Contract Tower,0,0,10,0,10,0,4,17,3,24,0,4,27,3,34,100,0,100,134
05/10/2010,HKS,MS,ASO,CE,Federal Contract Tower,0,6,29,1,36,0,7,31,7,45,0,13,60,8,81,36,4,40,121
05/11/2010,HKS,MS,ASO,CE,Federal Contract Tower,0,4,15,5,24,0,0,24,4,28,0,4,39,9,52,34,20,54,106
05/12/2010,HKS,MS,ASO,CE,Federal Contract Tower,0,3,15,1,19,0,8,11,6,25,0,11,26,7,44,24,16,40,84
05/13/2010,HKS,MS,ASO,CE,Federal Contract Tower,0,2,34,0,36,0,0,23,16,39,0,2,57,16,75,26,26,52,127
05/14/2010,HKS,MS,ASO,CE,Federal Contract Tower,0,2,24,1,27,0,0,22,6,28,0,2,46,7,55,22,6,28,83
05/15/2010,HKS,MS,ASO,CE,Federal Contract Tower,0,0,21,0,21,0,2,13,3,18,0,2,34,3,39,32,2,34,73
05/16/2010,HKS,MS,ASO,CE,Federal Contract Tower,0,0,12,0,12,0,0,3,0,3,0,0,15,0,15,12,0,12,27
05/17/2010,HKS,MS,ASO,CE,Federal Contract Tower,0,3,17,7,27,0,3,16,0,19,0,6,33,7,46,30,10,40,86
05/18/2010,HKS,MS,ASO,CE,Federal Contract Tower,0,2,17,8,27,0,3,29,7,39,0,5,46,15,66,48,92,140,206
05/19/2010,HKS,MS,ASO,CE,Federal Contract Tower,0,3,24,3,30,0,0,30,11,41,0,3,54,14,71,90,16,106,177
05/20/2010,HKS,MS,ASO,CE,Federal Contract Tower,0,3,18,4,25,0,0,6,3,9,0,3,24,7,34,18,10,28,62
05/21/2010,HKS,MS,ASO,CE,Federal Contract Tower,0,2,26,3,31,0,2,22,16,40,0,4,48,19,71,20,16,36,107
05/22/2010,HKS,MS,ASO,CE,Federal Contract Tower,0,0,11,2,13,0,4,22,25,51,0,4,33,27,64,18,0,18,82
05/23/2010,HKS,MS,ASO,CE,Federal Contract Tower,0,1,22,1,24,0,1,43,25,69,0,2,65,26,93,112,6,118,211
05/24/2010,HKS,MS,ASO,CE,Federal Contract Tower,0,2,13,1,16,0,3,30,14,47,0,5,43,15,63,62,16,78,141
05/25/2010,HKS,MS,ASO,CE,Federal Contract Tower,0,4,30,4,38,0,0,24,8,32,0,4,54,12,70,48,52,100,170
05/26/2010,HKS,MS,ASO,CE,Federal Contract Tower,0,2,30,2,34,0,1,26,4,31,0,3,56,6,65,58,56,114,179
05/27/2010,HKS,MS,ASO,CE,Federal Contract Tower,0,2,30,3,35,0,0,23,4,27,0,2,53,7,62,54,24,78,140
05/28/2010,HKS,MS,ASO,CE,Federal Contract Tower,0,2,22,0,24,0,3,28,0,31,0,5,50,0,55,26,0,26,81
05/29/2010,HKS,MS,ASO,CE,Federal Contract Tower,0,0,10,0,10,0,4,25,0,29,0,4,35,0,39,84,0,84,123
05/30/2010,HKS,MS,ASO,CE,Federal Contract Tower,0,1,9,4,14,0,0,12,0,12,0,1,21,4,26,58,10,68,94
05/31/2010,HKS,MS,ASO,CE,Federal Contract Tower,0,1,20,4,25,0,2,19,2,23,0,3,39,6,48,40,14,54,102
06/01/2010,HKS,MS,ASO,CE,Federal Contract Tower,0,2,16,3,21,0,0,20,4,24,0,2,36,7,45,32,8,40,85
06/02/2010,HKS,MS,ASO,CE,Federal Contract Tower,0,2,12,5,19,0,3,11,9,23,0,5,23,14,42,16,28,44,86
06/03/2010,HKS,MS,ASO,CE,Federal Contract Tower,0,2,27,8,37,0,2,19,9,30,0,4,46,17,67,28,24,52,119
06/04/2010,HKS,MS,ASO,CE,Federal Contract Tower,0,2,24,1,27,0,0,6,3,9,0,2,30,4,36,4,48,52,88
06/05/2010,HKS,MS,ASO,CE,Federal Contract Tower,0,3,10,2,15,0,0,4,0,4,0,3,14,2,19,48,2,50,69
06/06/2010,HKS,MS,ASO,CE,Federal Contract Tower,0,0,15,0,15,0,2,13,2,17,0,2,28,2,32,50,0,50,82
06/07/2010,HKS,MS,ASO,CE,Federal Contract Tower,0,4,19,7,30,0,2,26,3,31,0,6,45,10,61,48,12,60,121
06/08/2010,HKS,MS,ASO,CE,Federal Contract Tower,0,4,11,6,21,0,1,23,9,33,0,5,34,15,54,100,38,138,192
06/09/2010,HKS,MS,ASO,CE,Federal Contract Tower,0,3,17,1,21,0,3,23,18,44,0,6,40,19,65,58,36,94,159
06/10/2010,HKS,MS,ASO,CE,Federal Contract Tower,0,4,25,3,32,0,0,17,6,23,0,4,42,9,55,62,20,82,137
06/11/2010,HKS,MS,ASO,CE,Federal Contract Tower,0,2,23,0,25,0,3,27,5,35,0,5,50,5,60,8,10,18,78
06/12/2010,HKS,MS,ASO,CE,Federal Contract Tower,0,1,22,2,25,0,0,28,2,30,0,1,50,4,55,42,0,42,97
06/13/2010,HKS,MS,ASO,CE,Federal Contract Tower,0,2,14,0,16,0,2,17,0,19,0,4,31,0,35,42,0,42,77
06/14/2010,HKS,MS,ASO,CE,Federal Contract Tower,0,4,30,5,39,0,1,23,9,33,0,5,53,14,72,100,4,104,176
06/15/2010,HKS,MS,ASO,CE,Federal Contract Tower,0,3,19,4,26,0,0,11,2,13,0,3,30,6,39,36,24,60,99
06/16/2010,HKS,MS,ASO,CE,Federal Contract Tower,0,4,38,10,52,0,0,28,21,49,0,4,66,31,101,94,56,150,251
06/17/2010,HKS,MS,ASO,CE,Federal Contract Tower,0,2,28,4,34,0,2,27,8,37,0,4,55,12,71,76,28,104,175
06/18/2010,HKS,MS,ASO,CE,Federal Contract Tower,0,2,14,1,17,0,0,28,1,29,0,2,42,2,46,70,4,74,120
06/19/2010,HKS,MS,ASO,CE,Federal Contract Tower,0,3,14,0,17,0,1,30,0,31,0,4,44,0,48,42,0,42,90
06/20/2010,HKS,MS,ASO,CE,Federal Contract Tower,0,0,9,0,9,0,2,28,0,30,0,2,37,0,39,34,0,34,73
06/21/2010,HKS,MS,ASO,CE,Federal Contract Tower,0,2,4,5,11,0,2,24,5,31,0,4,28,10,42,80,12,92,134
06/22/2010,HKS,MS,ASO,CE,Federal Contract Tower,0,2,14,2,18,0,2,18,10,30,0,4,32,12,48,60,80,140,188
06/23/2010,HKS,MS,ASO,CE,Federal Contract Tower,0,2,22,5,29,0,0,9,4,13,0,2,31,9,42,12,44,56,98
06/24/2010,HKS,MS,ASO,CE,Federal Contract Tower,0,2,15,2,19,0,4,36,21,61,0,6,51,23,80,40,0,40,120
06/25/2010,HKS,MS,ASO,CE,Federal Contract Tower,0,6,19,3,28,0,12,23,8,43,0,18,42,11,71,86,8,94,165
06/26/2010,HKS,MS,ASO,CE,Federal Contract Tower,0,0,9,0,9,0,0,37,0,37,0,0,46,0,46,42,0,42,88
06/27/2010,HKS,MS,ASO,CE,Federal Contract Tower,0,0,14,0,14,0,0,25,0,25,0,0,39,0,39,114,0,114,153
06/28/2010,HKS,MS,ASO,CE,Federal Contract Tower,0,4,31,2,37,0,0,23,3,26,0,4,54,5,63,22,0,22,85
06/29/2010,HKS,MS,ASO,CE,Federal Contract Tower,0,3,23,1,27,0,0,10,2,12,0,3,33,3,39,2,0,2,41
06/30/2010,HKS,MS,ASO,CE,Federal Contract Tower,0,2,17,1,20,0,0,6,2,8,0,2,23,3,28,16,10,26,54
07/01/2010,HKS,MS,ASO,CE,Federal Contract Tower,0,5,25,2,32,0,5,7,8,20,0,10,32,10,52,22,6,28,80
07/02/2010,HKS,MS,ASO,CE,Federal Contract Tower,0,4,11,0,15,0,0,24,0,24,0,4,35,0,39,114,0,114,153
07/03/2010,HKS,MS,ASO,CE,Federal Contract Tower,0,0,7,0,7,0,0,35,0,35,0,0,42,0,42,32,0,32,74
07/04/2010,HKS,MS,ASO,CE,Federal Contract Tower,0,0,5,0,5,0,2,14,0,16,0,2,19,0,21,12,0,12,33
07/05/2010,HKS,MS,ASO,CE,Federal Contract Tower,0,1,14,0,15,0,0,16,0,16,0,1,30,0,31,16,0,16,47
07/06/2010,HKS,MS,ASO,CE,Federal Contract Tower,0,2,19,1,22,0,0,4,6,10,0,2,23,7,32,2,0,2,34
07/07/2010,HKS,MS,ASO,CE,Federal Contract Tower,0,2,12,5,19,0,0,15,9,24,0,2,27,14,43,0,20,20,63
07/08/2010,HKS,MS,ASO,CE,Federal Contract Tower,0,2,27,4,33,0,0,33,8,41,0,2,60,12,74,32,20,52,126
07/09/2010,HKS,MS,ASO,CE,Federal Contract Tower,0,3,17,2,22,0,0,22,0,22,0,3,39,2,44,44,0,44,88
07/10/2010,HKS,MS,ASO,CE,Federal Contract Tower,0,5,14,2,21,0,0,29,3,32,0,5,43,5,53,36,0,36,89
07/11/2010,HKS,MS,ASO,CE,Federal Contract Tower,0,0,11,1,12,0,0,14,1,15,0,0,25,2,27,40,0,40,67
07/12/2010,HKS,MS,ASO,CE,Federal Contract Tower,0,4,14,0,18,0,3,16,2,21,0,7,30,2,39,54,6,60,99
07/13/2010,HKS,MS,ASO,CE,Federal Contract Tower,0,2,33,2,37,0,0,24,10,34,0,2,57,12,71,60,0,60,131
07/14/2010,HKS,MS,ASO,CE,Federal Contract Tower,0,9,20,4,33,0,1,29,6,36,0,10,49,10,69,4,6,10,79
07/15/2010,HKS,MS,ASO,CE,Federal Contract Tower,0,8,26,2,36,0,0,24,5,29,0,8,50,7,65,54,2,56,121
07/16/2010,HKS,MS,ASO,CE,Federal Contract Tower,0,4,22,0,26,0,0,11,3,14,0,4,33,3,40,12,12,24,64
07/17/2010,HKS,MS,ASO,CE,Federal Contract Tower,0,2,5,0,7,0,0,7,2,9,0,2,12,2,16,14,0,14,30
07/18/2010,HKS,MS,ASO,CE,Federal Contract Tower,0,0,19,2,21,0,0,15,2,17,0,0,34,4,38,58,0,58,96
07/19/2010,HKS,MS,ASO,CE,Federal Contract Tower,0,3,15,4,22,0,0,25,5,30,0,3,40,9,52,36,0,36,88
07/20/2010,HKS,MS,ASO,CE,Federal Contract Tower,0,4,29,4,37,0,0,23,7,30,0,4,52,11,67,66,0,66,133
07/21/2010,HKS,MS,ASO,CE,Federal Contract Tower,0,6,22,2,30,0,3,35,6,44,0,9,57,8,74,60,0,60,134
07/22/2010,HKS,MS,ASO,CE,Federal Contract Tower,0,4,31,2,37,0,2,34,6,42,0,6,65,8,79,18,0,18,97
07/23/2010,HKS,MS,ASO,CE,Federal Contract Tower,0,5,24,2,31,0,1,29,8,38,0,6,53,10,69,34,0,34,103
07/24/2010,HKS,MS,ASO,CE,Federal Contract Tower,0,0,28,1,29,0,1,23,0,24,0,1,51,1,53,54,0,54,107
07/25/2010,HKS,MS,ASO,CE,Federal Contract Tower,0,1,15,0,16,0,2,12,0,14,0,3,27,0,30,16,0,16,46
07/26/2010,HKS,MS,ASO,CE,Federal Contract Tower,0,4,14,3,21,0,0,10,2,12,0,4,24,5,33,30,0,30,63
07/27/2010,HKS,MS,ASO,CE,Federal Contract Tower,0,4,21,4,29,0,0,12,0,12,0,4,33,4,41,8,0,8,49
07/28/2010,HKS,MS,ASO,CE,Federal Contract Tower,0,2,27,4,33,0,0,30,8,38,0,2,57,12,71,50,2,52,123
07/29/2010,HKS,MS,ASO,CE,Federal Contract Tower,0,2,27,1,30,0,0,21,7,28,0,2,48,8,58,18,4,22,80
07/30/2010,HKS,MS,ASO,CE,Federal Contract Tower,0,7,26,2,35,0,2,28,2,32,0,9,54,4,67,28,0,28,95
07/31/2010,HKS,MS,ASO,CE,Federal Contract Tower,0,0,10,0,10,0,0,25,1,26,0,0,35,1,36,40,0,40,76
08/01/2010,HKS,MS,ASO,CE,Federal Contract Tower,0,0,14,1,15,0,2,29,1,32,0,2,43,2,47,14,0,14,61
08/02/2010,HKS,MS,ASO,CE,Federal Contract Tower,0,5,13,1,19,0,2,30,5,37,0,7,43,6,56,50,0,50,106
08/03/2010,HKS,MS,ASO,CE,Federal Contract Tower,0,3,13,7,23,0,1,33,7,41,0,4,46,14,64,30,4,34,98
08/04/2010,HKS,MS,ASO,CE,Federal Contract Tower,0,4,13,0,17,0,0,20,1,21,0,4,33,1,38,12,8,20,58
08/05/2010,HKS,MS,ASO,CE,Federal Contract Tower,0,3,22,0,25,0,0,18,1,19,0,3,40,1,44,52,4,56,100
08/06/2010,HKS,MS,ASO,CE,Federal Contract Tower,0,6,23,1,30,0,2,34,2,38,0,8,57,3,68,90,0,90,158
08/07/2010,HKS,MS,ASO,CE,Federal Contract Tower,0,1,17,0,18,0,2,14,0,16,0,3,31,0,34,34,0,34,68
08/08/2010,HKS,MS,ASO,CE,Federal Contract Tower,0,0,14,2,16,0,0,15,0,15,0,0,29,2,31,10,0,10,41
08/09/2010,HKS,MS,ASO,CE,Federal Contract Tower,0,3,21,0,24,0,0,21,2,23,0,3,42,2,47,34,0,34,81
08/10/2010,HKS,MS,ASO,CE,Federal Contract Tower,0,3,14,4,21,0,1,31,10,42,0,4,45,14,63,22,22,44,107
08/11/2010,HKS,MS,ASO,CE,Federal Contract Tower,0,5,12,4,21,0,2,22,11,35,0,7,34,15,56,60,14,74,130
08/12/2010,HKS,MS,ASO,CE,Federal Contract Tower,0,6,11,3,20,0,0,24,7,31,0,6,35,10,51,4,28,32,83
08/13/2010,HKS,MS,ASO,CE,Federal Contract Tower,0,3,16,1,20,0,0,9,0,9,0,3,25,1,29,30,0,30,59
08/14/2010,HKS,MS,ASO,CE,Federal Contract Tower,0,0,2,0,2,0,0,11,8,19,0,0,13,8,21,6,0,6,27
08/15/2010,HKS,MS,ASO,CE,Federal Contract Tower,0,2,5,0,7,0,0,7,0,7,0,2,12,0,14,4,0,4,18
08/16/2010,HKS,MS,ASO,CE,Federal Contract Tower,0,4,15,4,23,0,0,32,15,47,0,4,47,19,70,32,16,48,118
08/17/2010,HKS,MS,ASO,CE,Federal Contract Tower,0,2,21,1,24,0,0,12,4,16,0,2,33,5,40,20,0,20,60
08/18/2010,HKS,MS,ASO,CE,Federal Contract Tower,0,2,20,0,22,0,0,0,0,0,0,2,20,0,22,0,0,0,22
08/19/2010,HKS,MS,ASO,CE,Federal Contract Tower,0,2,33,3,38,0,0,7,5,12,0,2,40,8,50,88,30,118,168
08/20/2010,HKS,MS,ASO,CE,Federal Contract Tower,0,2,19,2,23,0,0,24,5,29,0,2,43,7,52,62,10,72,124
08/21/2010,HKS,MS,ASO,CE,Federal Contract Tower,0,0,25,0,25,0,0,28,0,28,0,0,53,0,53,58,0,58,111
08/22/2010,HKS,MS,ASO,CE,Federal Contract Tower,0,0,11,0,11,0,4,19,0,23,0,4,30,0,34,34,0,34,68
08/23/2010,HKS,MS,ASO,CE,Federal Contract Tower,0,4,27,0,31,0,0,29,2,31,0,4,56,2,62,44,0,44,106
08/24/2010,HKS,MS,ASO,CE,Federal Contract Tower,0,3,15,0,18,0,2,34,4,40,0,5,49,4,58,98,0,98,156
08/25/2010,HKS,MS,ASO,CE,Federal Contract Tower,0,4,27,3,34,0,2,22,10,34,0,6,49,13,68,58,0,58,126
08/26/2010,HKS,MS,ASO,CE,Federal Contract Tower,0,4,25,2,31,0,0,25,4,29,0,4,50,6,60,68,0,68,128
08/27/2010,HKS,MS,ASO,CE,Federal Contract Tower,0,6,24,2,32,0,1,28,3,32,0,7,52,5,64,88,0,88,152
08/28/2010,HKS,MS,ASO,CE,Federal Contract Tower,0,0,10,0,10,0,2,13,2,17,0,2,23,2,27,18,6,24,51
08/29/2010,HKS,MS,ASO,CE,Federal Contract Tower,0,0,10,0,10,0,6,1,0,7,0,6,11,0,17,2,0,2,19
08/30/2010,HKS,MS,ASO,CE,Federal Contract Tower,0,2,18,2,22,0,2,15,3,20,0,4,33,5,42,34,0,34,76
08/31/2010,HKS,MS,ASO,CE,Federal Contract Tower,0,4,17,3,24,0,2,27,10,39,0,6,44,13,63,40,10,50,113
09/01/2010,HKS,MS,ASO,CE,Federal Contract Tower,0,4,10,2,16,0,2,29,7,38,0,6,39,9,54,68,6,74,128
09/02/2010,HKS,MS,ASO,CE,Federal Contract Tower,0,3,19,5,27,0,0,30,4,34,0,3,49,9,61,52,12,64,125
09/03/2010,HKS,MS,ASO,CE,Federal Contract Tower,0,7,21,1,29,0,3,7,0,10,0,10,28,1,39,32,2,34,73
09/04/2010,HKS,MS,ASO,CE,Federal Contract Tower,0,0,11,0,11,0,0,24,0,24,0,0,35,0,35,36,0,36,71
09/05/2010,HKS,MS,ASO,CE,Federal Contract Tower,0,0,11,0,11,0,0,20,0,20,0,0,31,0,31,22,0,22,53
09/06/2010,HKS,MS,ASO,CE,Federal Contract Tower,0,0,9,0,9,0,0,17,0,17,0,0,26,0,26,0,0,0,26
09/07/2010,HKS,MS,ASO,CE,Federal Contract Tower,0,2,22,0,24,0,0,15,6,21,0,2,37,6,45,52,0,52,97
09/08/2010,HKS,MS,ASO,CE,Federal Contract Tower,0,4,25,3,32,0,1,14,6,21,0,5,39,9,53,100,34,134,187
09/09/2010,HKS,MS,ASO,CE,Federal Contract Tower,0,2,20,1,23,0,0,23,6,29,0,2,43,7,52,26,14,40,92
09/10/2010,HKS,MS,ASO,CE,Federal Contract Tower,0,2,22,2,26,0,2,21,2,25,0,4,43,4,51,62,58,120,171
09/11/2010,HKS,MS,ASO,CE,Federal Contract Tower,0,0,9,0,9,0,0,18,2,20,0,0,27,2,29,50,0,50,79
09/12/2010,HKS,MS,ASO,CE,Federal Contract Tower,0,0,8,0,8,0,1,11,1,13,0,1,19,1,21,14,0,14,35
09/13/2010,HKS,MS,ASO,CE,Federal Contract Tower,0,2,18,2,22,0,3,26,2,31,0,5,44,4,53,74,26,100,153
09/14/2010,HKS,MS,ASO,CE,Federal Contract Tower,0,9,29,4,42,0,0,34,9,43,0,9,63,13,85,78,62,140,225
09/15/2010,HKS,MS,ASO,CE,Federal Contract Tower,0,5,22,5,32,0,0,20,4,24,0,5,42,9,56,50,54,104,160
09/16/2010,HKS,MS,ASO,CE,Federal Contract Tower,0,4,10,4,18,0,2,28,4,34,0,6,38,8,52,42,14,56,108
09/17/2010,HKS,MS,ASO,CE,Federal Contract Tower,0,6,24,3,33,0,0,33,1,34,0,6,57,4,67,58,10,68,135
09/18/2010,HKS,MS,ASO,CE,Federal Contract Tower,0,0,17,3,20,0,0,13,1,14,0,0,30,4,34,26,2,28,62
09/19/2010,HKS,MS,ASO,CE,Federal Contract Tower,0,0,9,2,11,0,0,22,0,22,0,0,31,2,33,8,0,8,41
09/20/2010,HKS,MS,ASO,CE,Federal Contract Tower,0,4,15,4,23,0,3,26,1,30,0,7,41,5,53,24,38,62,115
09/21/2010,HKS,MS,ASO,CE,Federal Contract Tower,0,4,27,3,34,0,2,21,10,33,0,6,48,13,67,84,30,114,181
09/22/2010,HKS,MS,ASO,CE,Federal Contract Tower,0,4,16,2,22,0,0,20,5,25,0,4,36,7,47,36,20,56,103
09/23/2010,HKS,MS,ASO,CE,Federal Contract Tower,0,2,31,1,34,0,2,36,9,47,0,4,67,10,81,60,8,68,149
09/24/2010,HKS,MS,ASO,CE,Federal Contract Tower,0,6,31,1,38,0,0,33,6,39,0,6,64,7,77,38,12,50,127
09/25/2010,HKS,MS,ASO,CE,Federal Contract Tower,0,0,7,0,7,0,0,15,0,15,0,0,22,0,22,28,0,28,50
09/26/2010,HKS,MS,ASO,CE,Federal Contract Tower,0,0,7,0,7,0,0,7,0,7,0,0,14,0,14,12,0,12,26
09/27/2010,HKS,MS,ASO,CE,Federal Contract Tower,0,2,15,1,18,0,2,31,14,47,0,4,46,15,65,76,22,98,163
09/28/2010,HKS,MS,ASO,CE,Federal Contract Tower,0,3,31,3,37,0,2,30,8,40,0,5,61,11,77,32,40,72,149
09/29/2010,HKS,MS,ASO,CE,Federal Contract Tower,0,8,14,6,28,0,0,21,8,29,0,8,35,14,57,36,20,56,113
09/30/2010,HKS,MS,ASO,CE,Federal Contract Tower,0,4,13,3,20,0,0,22,6,28,0,4,35,9,48,38,26,64,112
10/01/2010,HKS,MS,ASO,CE,Federal Contract Tower,0,2,13,1,16,0,1,22,8,31,0,3,35,9,47,48,32,80,127
10/02/2010,HKS,MS,ASO,CE,Federal Contract Tower,0,0,5,2,7,0,2,26,9,37,0,2,31,11,44,6,8,14,58
10/03/2010,HKS,MS,ASO,CE,Federal Contract Tower,0,0,12,3,15,0,1,15,5,21,0,1,27,8,36,8,0,8,44
10/04/2010,HKS,MS,ASO,CE,Federal Contract Tower,0,3,20,0,23,0,0,30,0,30,0,3,50,0,53,34,0,34,87
10/05/2010,HKS,MS,ASO,CE,Federal Contract Tower,0,2,23,1,26,0,0,19,9,28,0,2,42,10,54,18,0,18,72
10/06/2010,HKS,MS,ASO,CE,Federal Contract Tower,0,2,17,3,22,0,0,27,8,35,0,2,44,11,57,64,6,70,127
10/07/2010,HKS,MS,ASO,CE,Federal Contract Tower,0,2,17,5,24,0,0,27,1,28,0,2,44,6,52,34,0,34,86
10/08/2010,HKS,MS,ASO,CE,Federal Contract Tower,0,3,24,0,27,0,3,54,4,61,0,6,78,4,88,82,0,82,170
10/09/2010,HKS,MS,ASO,CE,Federal Contract Tower,0,0,17,4,21,0,0,29,2,31,0,0,46,6,52,44,0,44,96
10/10/2010,HKS,MS,ASO,CE,Federal Contract Tower,0,0,11,0,11,0,0,27,15,42,0,0,38,15,53,24,0,24,77
10/11/2010,HKS,MS,ASO,CE,Federal Contract Tower,0,4,20,0,24,0,5,31,1,37,0,9,51,1,61,68,8,76,137
10/12/2010,HKS,MS,ASO,CE,Federal Contract Tower,0,4,18,0,22,0,0,16,5,21,0,4,34,5,43,0,0,0,43
10/13/2010,HKS,MS,ASO,CE,Federal Contract Tower,0,6,6,1,13,0,1,21,5,27,0,7,27,6,40,46,10,56,96
10/14/2010,HKS,MS,ASO,CE,Federal Contract Tower,0,3,15,0,18,0,1,30,11,42,0,4,45,11,60,34,16,50,110
10/15/2010,HKS,MS,ASO,CE,Federal Contract Tower,0,3,14,2,19,0,0,22,8,30,0,3,36,10,49,22,26,48,97
10/16/2010,HKS,MS,ASO,CE,Federal Contract Tower,0,0,8,0,8,0,2,18,0,20,0,2,26,0,28,28,0,28,56
10/17/2010,HKS,MS,ASO,CE,Federal Contract Tower,0,2,22,0,24,0,0,42,0,42,0,2,64,0,66,34,0,34,100
10/18/2010,HKS,MS,ASO,CE,Federal Contract Tower,0,2,10,3,15,0,1,26,0,27,0,3,36,3,42,12,0,12,54
10/19/2010,HKS,MS,ASO,CE,Federal Contract Tower,0,1,12,0,13,0,0,33,1,34,0,1,45,1,47,18,0,18,65
10/20/2010,HKS,MS,ASO,CE,Federal Contract Tower,0,2,21,0,23,0,0,27,9,36,0,2,48,9,59,18,12,30,89
10/21/2010,HKS,MS,ASO,CE,Federal Contract Tower,0,2,20,5,27,0,0,29,16,45,0,2,49,21,72,4,30,34,106
10/22/2010,HKS,MS,ASO,CE,Federal Contract Tower,0,2,17,0,19,0,0,14,5,19,0,2,31,5,38,22,0,22,60
10/23/2010,HKS,MS,ASO,CE,Federal Contract Tower,0,0,8,0,8,0,4,27,0,31,0,4,35,0,39,22,0,22,61
10/24/2010,HKS,MS,ASO,CE,Federal Contract Tower,0,0,22,2,24,0,0,14,0,14,0,0,36,2,38,8,0,8,46
10/25/2010,HKS,MS,ASO,CE,Federal Contract Tower,0,4,17,2,23,0,0,27,11,38,0,4,44,13,61,22,36,58,119
10/26/2010,HKS,MS,ASO,CE,Federal Contract Tower,0,2,9,1,12,0,0,6,2,8,0,2,15,3,20,0,0,0,20
10/27/2010,HKS,MS,ASO,CE,Federal Contract Tower,0,3,11,0,14,0,0,6,3,9,0,3,17,3,23,6,22,28,51
10/28/2010,HKS,MS,ASO,CE,Federal Contract Tower,0,3,24,4,31,0,1,22,15,38,0,4,46,19,69,34,82,116,185
10/29/2010,HKS,MS,ASO,CE,Federal Contract Tower,0,5,17,3,25,0,0,39,5,44,0,5,56,8,69,78,16,94,163
10/30/2010,HKS,MS,ASO,CE,Federal Contract Tower,0,0,18,2,20,0,0,35,0,35,0,0,53,2,55,26,0,26,81
10/31/2010,HKS,MS,ASO,CE,Federal Contract Tower,0,0,11,0,11,0,0,32,0,32,0,0,43,0,43,42,0,42,85
11/01/2010,HKS,MS,ASO,CE,Federal Contract Tower,0,4,16,2,22,0,0,35,2,37,0,4,51,4,59,28,16,44,103
11/02/2010,HKS,MS,ASO,CE,Federal Contract Tower,0,2,16,0,18,0,0,0,0,0,0,2,16,0,18,2,0,2,20
11/03/2010,HKS,MS,ASO,CE,Federal Contract Tower,0,2,21,0,23,0,0,0,0,0,0,2,21,0,23,4,0,4,27
11/04/2010,HKS,MS,ASO,CE,Federal Contract Tower,0,4,22,3,29,0,0,19,14,33,0,4,41,17,62,22,114,136,198
11/05/2010,HKS,MS,ASO,CE,Federal Contract Tower,0,2,13,5,20,0,0,24,3,27,0,2,37,8,47,36,28,64,111
11/06/2010,HKS,MS,ASO,CE,Federal Contract Tower,0,0,24,2,26,0,0,25,0,25,0,0,49,2,51,80,0,80,131
11/07/2010,HKS,MS,ASO,CE,Federal Contract Tower,0,1,10,2,13,0,0,34,0,34,0,1,44,2,47,56,0,56,103
11/08/2010,HKS,MS,ASO,CE,Federal Contract Tower,0,2,14,1,17,0,0,46,7,53,0,2,60,8,70,82,66,148,218
11/09/2010,HKS,MS,ASO,CE,Federal Contract Tower,0,2,22,3,27,0,0,44,10,54,0,2,66,13,81,82,8,90,171
11/10/2010,HKS,MS,ASO,CE,Federal Contract Tower,0,4,30,10,44,0,0,34,16,50,0,4,64,26,94,10,64,74,168
11/11/2010,HKS,MS,ASO,CE,Federal Contract Tower,0,3,19,0,22,0,0,20,2,22,0,3,39,2,44,48,0,48,92
11/12/2010,HKS,MS,ASO,CE,Federal Contract Tower,0,3,24,2,29,0,0,28,2,30,0,3,52,4,59,26,6,32,91
11/13/2010,HKS,MS,ASO,CE,Federal Contract Tower,0,1,10,0,11,0,0,8,4,12,0,1,18,4,23,10,0,10,33
11/14/2010,HKS,MS,ASO,CE,Federal Contract Tower,0,0,30,0,30,0,0,18,0,18,0,0,48,0,48,78,0,78,126
11/15/2010,HKS,MS,ASO,CE,Federal Contract Tower,0,3,12,3,18,0,0,0,0,0,0,3,12,3,18,6,2,8,26
11/16/2010,HKS,MS,ASO,CE,Federal Contract Tower,0,3,18,2,23,0,0,1,0,1,0,3,19,2,24,6,28,34,58
11/17/2010,HKS,MS,ASO,CE,Federal Contract Tower,0,2,21,5,28,0,4,27,11,42,0,6,48,16,70,28,18,46,116
11/18/2010,HKS,MS,ASO,CE,Federal Contract Tower,0,3,32,2,37,0,1,3,5,9,0,4,35,7,46,18,4,22,68
11/19/2010,HKS,MS,ASO,CE,Federal Contract Tower,0,2,20,0,22,0,0,11,2,13,0,2,31,2,35,32,0,32,67
11/20/2010,HKS,MS,ASO,CE,Federal Contract Tower,0,0,5,0,5,0,0,17,0,17,0,0,22,0,22,0,0,0,22
11/21/2010,HKS,MS,ASO,CE,Federal Contract Tower,0,0,12,0,12,0,3,22,2,27,0,3,34,2,39,40,0,40,79
11/22/2010,HKS,MS,ASO,CE,Federal Contract Tower,0,2,17,9,28,0,0,14,3,17,0,2,31,12,45,20,0,20,65
11/23/2010,HKS,MS,ASO,CE,Federal Contract Tower,0,2,15,3,20,0,2,11,1,14,0,4,26,4,34,42,0,42,76
11/24/2010,HKS,MS,ASO,CE,Federal Contract Tower,0,2,16,0,18,0,0,15,0,15,0,2,31,0,33,30,0,30,63
11/25/2010,HKS,MS,ASO,CE,Federal Contract Tower,0,0,5,0,5,0,0,0,0,0,0,0,5,0,5,0,0,0,5
11/26/2010,HKS,MS,ASO,CE,Federal Contract Tower,0,2,12,0,14,0,0,6,0,6,0,2,18,0,20,8,0,8,28
11/27/2010,HKS,MS,ASO,CE,Federal Contract Tower,0,1,7,0,8,0,0,26,0,26,0,1,33,0,34,82,0,82,116
11/28/2010,HKS,MS,ASO,CE,Federal Contract Tower,0,0,14,0,14,0,0,24,0,24,0,0,38,0,38,54,0,54,92
11/29/2010,HKS,MS,ASO,CE,Federal Contract Tower,0,5,9,2,16,0,0,0,0,0,0,5,9,2,16,4,0,4,20
11/30/2010,HKS,MS,ASO,CE,Federal Contract Tower,0,5,15,0,20,0,0,4,0,4,0,5,19,0,24,6,0,6,30
12/01/2010,HKS,MS,ASO,CE,Federal Contract Tower,0,2,17,2,21,0,0,18,4,22,0,2,35,6,43,36,0,36,79
12/02/2010,HKS,MS,ASO,CE,Federal Contract Tower,0,3,23,4,30,0,2,22,16,40,0,5,45,20,70,16,20,36,106
12/03/2010,HKS,MS,ASO,CE,Federal Contract Tower,0,2,15,2,19,0,0,36,0,36,0,2,51,2,55,52,0,52,107
12/04/2010,HKS,MS,ASO,CE,Federal Contract Tower,0,0,13,2,15,0,0,11,0,11,0,0,24,2,26,4,0,4,30
12/05/2010,HKS,MS,ASO,CE,Federal Contract Tower,0,0,5,0,5,0,0,17,2,19,0,0,22,2,24,24,0,24,48
12/06/2010,HKS,MS,ASO,CE,Federal Contract Tower,0,3,18,3,24,0,2,13,2,17,0,5,31,5,41,18,6,24,65
12/07/2010,HKS,MS,ASO,CE,Federal Contract Tower,0,2,20,0,22,0,0,26,5,31,0,2,46,5,53,58,0,58,111
12/08/2010,HKS,MS,ASO,CE,Federal Contract Tower,0,5,13,4,22,0,0,23,2,25,0,5,36,6,47,32,4,36,83
12/09/2010,HKS,MS,ASO,CE,Federal Contract Tower,0,6,15,3,24,0,2,28,2,32,0,8,43,5,56,26,6,32,88
12/10/2010,HKS,MS,ASO,CE,Federal Contract Tower,0,3,23,1,27,0,1,22,3,26,0,4,45,4,53,18,4,22,75
12/11/2010,HKS,MS,ASO,CE,Federal Contract Tower,0,4,13,0,17,0,1,13,0,14,0,5,26,0,31,2,0,2,33
12/12/2010,HKS,MS,ASO,CE,Federal Contract Tower,0,1,5,0,6,0,0,6,0,6,0,1,11,0,12,14,0,14,26
12/13/2010,HKS,MS,ASO,CE,Federal Contract Tower,0,2,20,0,22,0,2,20,0,22,0,4,40,0,44,18,0,18,62
12/14/2010,HKS,MS,ASO,CE,Federal Contract Tower,0,2,13,2,17,0,2,28,2,32,0,4,41,4,49,74,10,84,133
12/15/2010,HKS,MS,ASO,CE,Federal Contract Tower,0,6,18,5,29,0,2,16,7,25,0,8,34,12,54,42,2,44,98
12/16/2010,HKS,MS,ASO,CE,Federal Contract Tower,0,2,19,0,21,0,4,14,2,20,0,6,33,2,41,42,0,42,83
12/17/2010,HKS,MS,ASO,CE,Federal Contract Tower,0,3,19,1,23,0,1,20,0,21,0,4,39,1,44,74,20,94,138
12/18/2010,HKS,MS,ASO,CE,Federal Contract Tower,0,0,14,0,14,0,1,19,0,20,0,1,33,0,34,18,0,18,52
12/19/2010,HKS,MS,ASO,CE,Federal Contract Tower,0,0,9,0,9,0,0,15,0,15,0,0,24,0,24,50,0,50,74
12/20/2010,HKS,MS,ASO,CE,Federal Contract Tower,0,4,23,3,30,0,0,21,1,22,0,4,44,4,52,70,12,82,134
12/21/2010,HKS,MS,ASO,CE,Federal Contract Tower,0,5,32,1,38,0,3,10,0,13,0,8,42,1,51,78,0,78,129
12/22/2010,HKS,MS,ASO,CE,Federal Contract Tower,0,6,20,0,26,0,1,7,0,8,0,7,27,0,34,62,0,62,96
12/23/2010,HKS,MS,ASO,CE,Federal Contract Tower,0,2,17,0,19,0,0,20,0,20,0,2,37,0,39,172,0,172,211
12/24/2010,HKS,MS,ASO,CE,Federal Contract Tower,0,0,9,0,9,0,0,9,0,9,0,0,18,0,18,58,0,58,76
12/25/2010,HKS,MS,ASO,CE,Federal Contract Tower,0,0,0,0,0,0,0,0,0,0,0,0,0,0,0,0,0,0,0
12/26/2010,HKS,MS,ASO,CE,Federal Contract Tower,0,2,4,0,6,0,0,1,0,1,0,2,5,0,7,0,0,0,7
12/27/2010,HKS,MS,ASO,CE,Federal Contract Tower,0,2,23,0,25,0,0,30,0,30,0,2,53,0,55,76,0,76,131
12/28/2010,HKS,MS,ASO,CE,Federal Contract Tower,0,3,23,0,26,0,0,12,2,14,0,3,35,2,40,58,6,64,104
12/29/2010,HKS,MS,ASO,CE,Federal Contract Tower,0,2,17,0,19,0,0,15,0,15,0,2,32,0,34,94,0,94,128
12/30/2010,HKS,MS,ASO,CE,Federal Contract Tower,0,2,12,0,14,0,0,5,0,5,0,2,17,0,19,8,0,8,27
12/31/2010,HKS,MS,ASO,CE,Federal Contract Tower,0,0,8,0,8,0,0,0,0,0,0,0,8,0,8,4,0,4,12
01/01/2011,HKS,MS,ASO,CE,Federal Contract Tower,0,0,3,0,3,0,1,3,0,4,0,1,6,0,7,20,0,20,27
01/02/2011,HKS,MS,ASO,CE,Federal Contract Tower,0,0,23,0,23,0,5,38,0,43,0,5,61,0,66,100,0,100,166
01/03/2011,HKS,MS,ASO,CE,Federal Contract Tower,0,2,11,0,13,0,0,25,0,25,0,2,36,0,38,42,0,42,80
01/04/2011,HKS,MS,ASO,CE,Federal Contract Tower,0,2,19,1,22,0,0,28,7,35,0,2,47,8,57,114,0,114,171
01/05/2011,HKS,MS,ASO,CE,Federal Contract Tower,0,3,25,2,30,0,0,3,0,3,0,3,28,2,33,10,2,12,45
01/06/2011,HKS,MS,ASO,CE,Federal Contract Tower,0,2,11,0,13,0,0,19,4,23,0,2,30,4,36,46,0,46,82
01/07/2011,HKS,MS,ASO,CE,Federal Contract Tower,0,3,20,0,23,0,0,19,0,19,0,3,39,0,42,58,0,58,100
01/08/2011,HKS,MS,ASO,CE,Federal Contract Tower,0,0,20,0,20,0,2,35,0,37,0,2,55,0,57,72,0,72,129
01/09/2011,HKS,MS,ASO,CE,Federal Contract Tower,0,0,0,0,0,0,0,0,0,0,0,0,0,0,0,0,0,0,0
01/10/2011,HKS,MS,ASO,CE,Federal Contract Tower,0,2,4,0,6,0,0,0,0,0,0,2,4,0,6,0,0,0,6
01/11/2011,HKS,MS,ASO,CE,Federal Contract Tower,0,2,13,0,15,0,1,13,5,19,0,3,26,5,34,0,0,0,34
01/12/2011,HKS,MS,ASO,CE,Federal Contract Tower,0,2,25,0,27,0,0,28,0,28,0,2,53,0,55,88,0,88,143
01/13/2011,HKS,MS,ASO,CE,Federal Contract Tower,0,2,25,1,28,0,2,32,0,34,0,4,57,1,62,92,16,108,170
01/14/2011,HKS,MS,ASO,CE,Federal Contract Tower,0,2,17,0,19,0,2,32,0,34,0,4,49,0,53,78,0,78,131
01/15/2011,HKS,MS,ASO,CE,Federal Contract Tower,0,0,28,0,28,0,0,19,0,19,0,0,47,0,47,36,0,36,83
01/16/2011,HKS,MS,ASO,CE,Federal Contract Tower,0,0,14,0,14,0,0,0,0,0,0,0,14,0,14,14,0,14,28
01/17/2011,HKS,MS,ASO,CE,Federal Contract Tower,0,2,13,2,17,0,2,14,1,17,0,4,27,3,34,28,0,28,62
01/18/2011,HKS,MS,ASO,CE,Federal Contract Tower,0,4,18,2,24,0,0,1,0,1,0,4,19,2,25,0,0,0,25
01/19/2011,HKS,MS,ASO,CE,Federal Contract Tower,0,5,38,0,43,0,0,2,0,2,0,5,40,0,45,8,0,8,53
01/20/2011,HKS,MS,ASO,CE,Federal Contract Tower,0,3,21,0,24,0,0,4,0,4,0,3,25,0,28,4,12,16,44
01/21/2011,HKS,MS,ASO,CE,Federal Contract Tower,0,2,23,0,25,0,5,34,4,43,0,7,57,4,68,58,2,60,128
01/22/2011,HKS,MS,ASO,CE,Federal Contract Tower,0,0,22,0,22,0,0,28,0,28,0,0,50,0,50,66,0,66,116
01/23/2011,HKS,MS,ASO,CE,Federal Contract Tower,0,0,10,0,10,0,2,18,0,20,0,2,28,0,30,46,0,46,76
01/24/2011,HKS,MS,ASO,CE,Federal Contract Tower,0,2,23,0,25,0,0,11,0,11,0,2,34,0,36,54,0,54,90
01/25/2011,HKS,MS,ASO,CE,Federal Contract Tower,0,2,16,0,18,0,0,0,0,0,0,2,16,0,18,0,0,0,18
01/26/2011,HKS,MS,ASO,CE,Federal Contract Tower,0,3,13,0,16,0,2,18,2,22,0,5,31,2,38,32,0,32,70
01/27/2011,HKS,MS,ASO,CE,Federal Contract Tower,0,2,20,2,24,0,0,28,6,34,0,2,48,8,58,0,4,4,62
01/28/2011,HKS,MS,ASO,CE,Federal Contract Tower,0,2,14,3,19,0,4,24,3,31,0,6,38,6,50,68,4,72,122
01/29/2011,HKS,MS,ASO,CE,Federal Contract Tower,0,5,12,1,18,0,0,49,4,53,0,5,61,5,71,70,0,70,141
01/30/2011,HKS,MS,ASO,CE,Federal Contract Tower,0,0,4,2,6,0,0,2,0,2,0,0,6,2,8,0,0,0,8
01/31/2011,HKS,MS,ASO,CE,Federal Contract Tower,0,2,21,2,25,0,0,5,0,5,0,2,26,2,30,26,0,26,56
02/01/2011,HKS,MS,ASO,CE,Federal Contract Tower,0,2,6,0,8,0,0,0,0,0,0,2,6,0,8,4,0,4,12
02/02/2011,HKS,MS,ASO,CE,Federal Contract Tower,0,2,17,4,23,0,3,19,5,27,0,5,36,9,50,36,58,94,144
02/03/2011,HKS,MS,ASO,CE,Federal Contract Tower,0,3,13,3,19,0,0,1,12,13,0,3,14,15,32,0,28,28,60
02/04/2011,HKS,MS,ASO,CE,Federal Contract Tower,0,2,4,0,6,0,0,0,0,0,0,2,4,0,6,0,0,0,6
02/05/2011,HKS,MS,ASO,CE,Federal Contract Tower,0,0,2,0,2,0,3,16,2,21,0,3,18,2,23,30,0,30,53
02/06/2011,HKS,MS,ASO,CE,Federal Contract Tower,0,0,11,0,11,0,1,17,1,19,0,1,28,1,30,52,0,52,82
02/07/2011,HKS,MS,ASO,CE,Federal Contract Tower,0,2,9,0,11,0,0,4,0,4,0,2,13,0,15,0,0,0,15
02/08/2011,HKS,MS,ASO,CE,Federal Contract Tower,0,4,25,3,32,0,0,36,2,38,0,4,61,5,70,74,8,82,152
02/09/2011,HKS,MS,ASO,CE,Federal Contract Tower,0,2,12,0,14,0,0,8,0,8,0,2,20,0,22,22,0,22,44
02/10/2011,HKS,MS,ASO,CE,Federal Contract Tower,0,2,11,1,14,0,0,2,0,2,0,2,13,1,16,0,0,0,16
02/11/2011,HKS,MS,ASO,CE,Federal Contract Tower,0,2,31,0,33,0,2,19,4,25,0,4,50,4,58,46,6,52,110
02/12/2011,HKS,MS,ASO,CE,Federal Contract Tower,0,0,12,0,12,0,1,27,3,31,0,1,39,3,43,68,4,72,115
02/13/2011,HKS,MS,ASO,CE,Federal Contract Tower,0,0,18,0,18,0,0,31,0,31,0,0,49,0,49,130,0,130,179
02/14/2011,HKS,MS,ASO,CE,Federal Contract Tower,0,2,7,3,12,0,0,19,0,19,0,2,26,3,31,12,2,14,45
02/15/2011,HKS,MS,ASO,CE,Federal Contract Tower,0,2,29,0,31,0,0,30,3,33,0,2,59,3,64,66,2,68,132
02/16/2011,HKS,MS,ASO,CE,Federal Contract Tower,0,4,42,0,46,0,0,23,0,23,0,4,65,0,69,28,0,28,97
02/17/2011,HKS,MS,ASO,CE,Federal Contract Tower,0,3,30,2,35,0,3,11,4,18,0,6,41,6,53,32,6,38,91
02/18/2011,HKS,MS,ASO,CE,Federal Contract Tower,0,2,23,0,25,0,0,20,0,20,0,2,43,0,45,78,0,78,123
02/19/2011,HKS,MS,ASO,CE,Federal Contract Tower,0,0,24,0,24,0,0,31,0,31,0,0,55,0,55,80,0,80,135
02/20/2011,HKS,MS,ASO,CE,Federal Contract Tower,0,0,11,0,11,0,0,28,0,28,0,0,39,0,39,18,0,18,57
02/21/2011,HKS,MS,ASO,CE,Federal Contract Tower,0,2,15,0,17,0,2,10,0,12,0,4,25,0,29,16,0,16,45
02/22/2011,HKS,MS,ASO,CE,Federal Contract Tower,0,2,16,0,18,0,2,34,3,39,0,4,50,3,57,36,0,36,93
02/23/2011,HKS,MS,ASO,CE,Federal Contract Tower,0,3,26,0,29,0,2,24,0,26,0,5,50,0,55,60,0,60,115
02/24/2011,HKS,MS,ASO,CE,Federal Contract Tower,0,2,23,0,25,0,0,5,0,5,0,2,28,0,30,6,0,6,36
02/25/2011,HKS,MS,ASO,CE,Federal Contract Tower,0,2,18,1,21,0,0,18,2,20,0,2,36,3,41,76,2,78,119
02/26/2011,HKS,MS,ASO,CE,Federal Contract Tower,0,0,26,0,26,0,6,47,0,53,0,6,73,0,79,46,0,46,125
02/27/2011,HKS,MS,ASO,CE,Federal Contract Tower,0,0,8,0,8,0,0,5,10,15,0,0,13,10,23,6,0,6,29
02/28/2011,HKS,MS,ASO,CE,Federal Contract Tower,0,2,8,0,10,0,1,4,0,5,0,3,12,0,15,0,0,0,15
03/01/2011,HKS,MS,ASO,CE,Federal Contract Tower,0,4,11,0,15,0,2,20,25,47,0,6,31,25,62,36,4,40,102
03/02/2011,HKS,MS,ASO,CE,Federal Contract Tower,0,6,24,0,30,0,0,21,7,28,0,6,45,7,58,64,0,64,122
03/03/2011,HKS,MS,ASO,CE,Federal Contract Tower,0,3,26,3,32,0,10,21,3,34,0,13,47,6,66,42,4,46,112
03/04/2011,HKS,MS,ASO,CE,Federal Contract Tower,0,3,16,0,19,0,0,5,2,7,0,3,21,2,26,16,0,16,42
03/05/2011,HKS,MS,ASO,CE,Federal Contract Tower,0,0,3,1,4,0,0,0,0,0,0,0,3,1,4,2,20,22,26
03/06/2011,HKS,MS,ASO,CE,Federal Contract Tower,0,4,19,1,24,0,2,17,1,20,0,6,36,2,44,54,10,64,108
03/07/2011,HKS,MS,ASO,CE,Federal Contract Tower,0,2,21,0,23,0,2,27,1,30,0,4,48,1,53,12,0,12,65
03/08/2011,HKS,MS,ASO,CE,Federal Contract Tower,0,5,15,0,20,0,0,1,0,1,0,5,16,0,21,10,0,10,31
03/09/2011,HKS,MS,ASO,CE,Federal Contract Tower,0,3,25,2,30,0,1,20,0,21,0,4,45,2,51,22,0,22,73
03/10/2011,HKS,MS,ASO,CE,Federal Contract Tower,0,5,27,4,36,0,0,19,2,21,0,5,46,6,57,28,4,32,89
03/11/2011,HKS,MS,ASO,CE,Federal Contract Tower,0,4,20,1,25,0,2,32,2,36,0,6,52,3,61,44,2,46,107
03/12/2011,HKS,MS,ASO,CE,Federal Contract Tower,0,0,15,0,15,0,1,26,0,27,0,1,41,0,42,26,0,26,68
03/13/2011,HKS,MS,ASO,CE,Federal Contract Tower,0,1,21,0,22,0,0,22,0,22,0,1,43,0,44,46,0,46,90
03/14/2011,HKS,MS,ASO,CE,Federal Contract Tower,0,6,16,0,22,0,0,2,0,2,0,6,18,0,24,6,0,6,30
03/15/2011,HKS,MS,ASO,CE,Federal Contract Tower,0,6,14,0,20,0,0,21,0,21,0,6,35,0,41,74,0,74,115
03/16/2011,HKS,MS,ASO,CE,Federal Contract Tower,0,5,20,0,25,0,0,26,2,28,0,5,46,2,53,100,0,100,153
03/17/2011,HKS,MS,ASO,CE,Federal Contract Tower,0,3,26,4,33,0,1,33,3,37,0,4,59,7,70,20,10,30,100
03/18/2011,HKS,MS,ASO,CE,Federal Contract Tower,0,5,21,2,28,0,2,16,1,19,0,7,37,3,47,4,0,4,51
03/19/2011,HKS,MS,ASO,CE,Federal Contract Tower,0,0,19,0,19,0,0,32,0,32,0,0,51,0,51,30,0,30,81
03/20/2011,HKS,MS,ASO,CE,Federal Contract Tower,0,2,19,0,21,0,0,24,0,24,0,2,43,0,45,38,0,38,83
03/21/2011,HKS,MS,ASO,CE,Federal Contract Tower,0,3,12,0,15,0,0,30,0,30,0,3,42,0,45,24,0,24,69
03/22/2011,HKS,MS,ASO,CE,Federal Contract Tower,0,2,25,0,27,0,2,23,2,27,0,4,48,2,54,12,0,12,66
03/23/2011,HKS,MS,ASO,CE,Federal Contract Tower,0,6,23,0,29,0,0,13,3,16,0,6,36,3,45,32,0,32,77
03/24/2011,HKS,MS,ASO,CE,Federal Contract Tower,0,7,34,0,41,0,0,40,0,40,0,7,74,0,81,100,0,100,181
03/25/2011,HKS,MS,ASO,CE,Federal Contract Tower,0,6,36,2,44,0,0,27,0,27,0,6,63,2,71,50,0,50,121
03/26/2011,HKS,MS,ASO,CE,Federal Contract Tower,0,0,14,0,14,0,0,5,0,5,0,0,19,0,19,12,0,12,31
03/27/2011,HKS,MS,ASO,CE,Federal Contract Tower,0,0,11,0,11,0,0,0,0,0,0,0,11,0,11,12,0,12,23
03/28/2011,HKS,MS,ASO,CE,Federal Contract Tower,0,5,30,0,35,0,1,7,0,8,0,6,37,0,43,2,0,2,45
03/29/2011,HKS,MS,ASO,CE,Federal Contract Tower,0,3,26,1,30,0,0,0,0,0,0,3,26,1,30,8,0,8,38
03/30/2011,HKS,MS,ASO,CE,Federal Contract Tower,0,5,16,2,23,0,1,1,0,2,0,6,17,2,25,0,0,0,25
03/31/2011,HKS,MS,ASO,CE,Federal Contract Tower,0,3,24,2,29,0,0,23,1,24,0,3,47,3,53,82,2,84,137
04/01/2011,HKS,MS,ASO,CE,Federal Contract Tower,0,2,22,0,24,0,3,32,0,35,0,5,54,0,59,90,0,90,149
04/02/2011,HKS,MS,ASO,CE,Federal Contract Tower,0,0,22,2,24,0,0,28,3,31,0,0,50,5,55,22,50,72,127
04/03/2011,HKS,MS,ASO,CE,Federal Contract Tower,0,0,14,0,14,0,3,13,2,18,0,3,27,2,32,12,4,16,48
04/04/2011,HKS,MS,ASO,CE,Federal Contract Tower,0,2,4,0,6,0,0,4,0,4,0,2,8,0,10,2,0,2,12
04/05/2011,HKS,MS,ASO,CE,Federal Contract Tower,0,2,12,3,17,0,0,30,8,38,0,2,42,11,55,30,12,42,97
04/06/2011,HKS,MS,ASO,CE,Federal Contract Tower,0,3,12,4,19,0,0,27,6,33,0,3,39,10,52,24,22,46,98
04/07/2011,HKS,MS,ASO,CE,Federal Contract Tower,0,4,19,2,25,0,0,22,0,22,0,4,41,2,47,24,0,24,71
04/08/2011,HKS,MS,ASO,CE,Federal Contract Tower,0,4,32,1,37,0,0,13,1,14,0,4,45,2,51,24,8,32,83
04/09/2011,HKS,MS,ASO,CE,Federal Contract Tower,0,1,13,0,14,0,0,15,0,15,0,1,28,0,29,26,0,26,55
04/10/2011,HKS,MS,ASO,CE,Federal Contract Tower,0,0,15,0,15,0,0,15,0,15,0,0,30,0,30,26,0,26,56
04/11/2011,HKS,MS,ASO,CE,Federal Contract Tower,0,4,17,2,23,0,0,8,1,9,0,4,25,3,32,4,0,4,36
04/12/2011,HKS,MS,ASO,CE,Federal Contract Tower,0,4,25,1,30,0,0,30,5,35,0,4,55,6,65,64,32,96,161
04/13/2011,HKS,MS,ASO,CE,Federal Contract Tower,0,2,22,1,25,0,0,35,2,37,0,2,57,3,62,120,2,122,184
04/14/2011,HKS,MS,ASO,CE,Federal Contract Tower,0,2,19,2,23,0,2,35,1,38,0,4,54,3,61,42,0,42,103
04/15/2011,HKS,MS,ASO,CE,Federal Contract Tower,0,3,11,2,16,0,0,0,0,0,0,3,11,2,16,0,4,4,20
04/16/2011,HKS,MS,ASO,CE,Federal Contract Tower,0,0,9,0,9,0,0,24,0,24,0,0,33,0,33,20,0,20,53
04/17/2011,HKS,MS,ASO,CE,Federal Contract Tower,0,0,15,0,15,0,0,27,0,27,0,0,42,0,42,18,0,18,60
04/18/2011,HKS,MS,ASO,CE,Federal Contract Tower,0,2,16,0,18,0,4,14,0,18,0,6,30,0,36,24,0,24,60
04/19/2011,HKS,MS,ASO,CE,Federal Contract Tower,0,2,25,2,29,0,0,18,4,22,0,2,43,6,51,34,0,34,85
04/20/2011,HKS,MS,ASO,CE,Federal Contract Tower,0,4,24,4,32,0,0,13,1,14,0,4,37,5,46,14,10,24,70
04/21/2011,HKS,MS,ASO,CE,Federal Contract Tower,0,2,21,0,23,0,0,4,0,4,0,2,25,0,27,6,0,6,33
04/22/2011,HKS,MS,ASO,CE,Federal Contract Tower,0,4,20,0,24,0,2,11,2,15,0,6,31,2,39,40,4,44,83
04/23/2011,HKS,MS,ASO,CE,Federal Contract Tower,0,2,8,0,10,0,2,27,0,29,0,4,35,0,39,20,0,20,59
04/24/2011,HKS,MS,ASO,CE,Federal Contract Tower,0,0,10,0,10,0,0,10,0,10,0,0,20,0,20,16,0,16,36
04/25/2011,HKS,MS,ASO,CE,Federal Contract Tower,0,2,29,0,31,0,0,11,0,11,0,2,40,0,42,16,0,16,58
04/26/2011,HKS,MS,ASO,CE,Federal Contract Tower,0,4,12,0,16,0,0,14,2,16,0,4,26,2,32,6,0,6,38
04/27/2011,HKS,MS,ASO,CE,Federal Contract Tower,0,2,13,2,17,0,0,16,0,16,0,2,29,2,33,0,0,0,33
04/28/2011,HKS,MS,ASO,CE,Federal Contract Tower,0,3,24,2,29,0,2,40,7,49,0,5,64,9,78,62,2,64,142
04/29/2011,HKS,MS,ASO,CE,Federal Contract Tower,0,3,20,0,23,0,37,6,0,43,0,40,26,0,66,84,0,84,150
04/30/2011,HKS,MS,ASO,CE,Federal Contract Tower,0,0,8,0,8,0,1,43,2,46,0,1,51,2,54,44,0,44,98
05/01/2011,HKS,MS,ASO,CE,Federal Contract Tower,0,1,17,0,18,0,2,14,0,16,0,3,31,0,34,50,0,50,84
05/02/2011,HKS,MS,ASO,CE,Federal Contract Tower,0,2,14,0,16,0,2,12,0,14,0,4,26,0,30,22,0,22,52
05/03/2011,HKS,MS,ASO,CE,Federal Contract Tower,0,5,12,0,17,0,0,5,5,10,0,5,17,5,27,0,6,6,33
05/04/2011,HKS,MS,ASO,CE,Federal Contract Tower,0,2,14,4,20,0,0,40,3,43,0,2,54,7,63,66,8,74,137
05/05/2011,HKS,MS,ASO,CE,Federal Contract Tower,0,4,16,0,20,0,0,25,9,34,0,4,41,9,54,36,56,92,146
05/06/2011,HKS,MS,ASO,CE,Federal Contract Tower,0,3,11,0,14,0,2,34,0,36,0,5,45,0,50,128,0,128,178
05/07/2011,HKS,MS,ASO,CE,Federal Contract Tower,0,0,16,0,16,0,0,32,0,32,0,0,48,0,48,4,0,4,52
05/08/2011,HKS,MS,ASO,CE,Federal Contract Tower,0,0,8,0,8,0,1,29,0,30,0,1,37,0,38,28,0,28,66
05/09/2011,HKS,MS,ASO,CE,Federal Contract Tower,0,2,16,5,23,0,0,23,3,26,0,2,39,8,49,90,6,96,145
05/10/2011,HKS,MS,ASO,CE,Federal Contract Tower,0,1,18,1,20,0,0,17,5,22,0,1,35,6,42,26,0,26,68
05/11/2011,HKS,MS,ASO,CE,Federal Contract Tower,0,3,28,0,31,0,2,23,7,32,0,5,51,7,63,62,0,62,125
05/12/2011,HKS,MS,ASO,CE,Federal Contract Tower,0,7,19,1,27,0,0,18,8,26,0,7,37,9,53,96,0,96,149
05/13/2011,HKS,MS,ASO,CE,Federal Contract Tower,0,5,15,0,20,0,0,22,3,25,0,5,37,3,45,44,0,44,89
05/14/2011,HKS,MS,ASO,CE,Federal Contract Tower,0,0,9,0,9,0,0,26,2,28,0,0,35,2,37,10,12,22,59
05/15/2011,HKS,MS,ASO,CE,Federal Contract Tower,0,1,13,2,16,0,4,33,3,40,0,5,46,5,56,64,0,64,120
05/16/2011,HKS,MS,ASO,CE,Federal Contract Tower,0,4,12,0,16,0,0,16,6,22,0,4,28,6,38,34,0,34,72
05/17/2011,HKS,MS,ASO,CE,Federal Contract Tower,0,4,5,1,10,0,0,31,12,43,0,4,36,13,53,26,44,70,123
05/18/2011,HKS,MS,ASO,CE,Federal Contract Tower,0,6,16,0,22,0,0,20,8,28,0,6,36,8,50,0,24,24,74
05/19/2011,HKS,MS,ASO,CE,Federal Contract Tower,0,2,34,2,38,0,2,61,15,78,0,4,95,17,116,42,2,44,160
05/20/2011,HKS,MS,ASO,CE,Federal Contract Tower,0,2,23,2,27,0,0,39,7,46,0,2,62,9,73,30,8,38,111
05/21/2011,HKS,MS,ASO,CE,Federal Contract Tower,0,2,4,0,6,0,2,56,18,76,0,4,60,18,82,0,6,6,88
05/22/2011,HKS,MS,ASO,CE,Federal Contract Tower,0,0,15,0,15,0,0,37,12,49,0,0,52,12,64,12,0,12,76
05/23/2011,HKS,MS,ASO,CE,Federal Contract Tower,0,6,16,1,23,0,0,25,27,52,0,6,41,28,75,34,0,34,109
05/24/2011,HKS,MS,ASO,CE,Federal Contract Tower,0,2,20,1,23,0,0,32,9,41,0,2,52,10,64,34,10,44,108
05/25/2011,HKS,MS,ASO,CE,Federal Contract Tower,0,2,14,0,16,0,0,28,2,30,0,2,42,2,46,60,0,60,106
05/26/2011,HKS,MS,ASO,CE,Federal Contract Tower,0,2,14,1,17,0,0,26,3,29,0,2,40,4,46,48,30,78,124
05/27/2011,HKS,MS,ASO,CE,Federal Contract Tower,0,4,14,0,18,0,0,53,5,58,0,4,67,5,76,82,0,82,158
05/28/2011,HKS,MS,ASO,CE,Federal Contract Tower,0,0,11,0,11,0,0,14,6,20,0,0,25,6,31,20,0,20,51
05/29/2011,HKS,MS,ASO,CE,Federal Contract Tower,0,1,11,0,12,0,0,14,0,14,0,1,25,0,26,8,0,8,34
05/30/2011,HKS,MS,ASO,CE,Federal Contract Tower,0,0,7,0,7,0,4,22,22,48,0,4,29,22,55,8,0,8,63
05/31/2011,HKS,MS,ASO,CE,Federal Contract Tower,0,4,14,0,18,0,0,21,8,29,0,4,35,8,47,36,20,56,103
06/01/2011,HKS,MS,ASO,CE,Federal Contract Tower,0,5,17,2,24,0,2,18,6,26,0,7,35,8,50,52,20,72,122
06/02/2011,HKS,MS,ASO,CE,Federal Contract Tower,0,5,26,4,35,0,0,26,5,31,0,5,52,9,66,78,26,104,170
06/03/2011,HKS,MS,ASO,CE,Federal Contract Tower,0,2,20,4,26,0,0,20,4,24,0,2,40,8,50,136,38,174,224
06/04/2011,HKS,MS,ASO,CE,Federal Contract Tower,0,0,9,0,9,0,0,25,4,29,0,0,34,4,38,28,8,36,74
06/05/2011,HKS,MS,ASO,CE,Federal Contract Tower,0,0,8,1,9,0,0,20,3,23,0,0,28,4,32,24,0,24,56
06/06/2011,HKS,MS,ASO,CE,Federal Contract Tower,0,2,8,2,12,0,0,24,2,26,0,2,32,4,38,92,2,94,132
06/07/2011,HKS,MS,ASO,CE,Federal Contract Tower,0,3,18,1,22,0,0,21,1,22,0,3,39,2,44,52,0,52,96
06/08/2011,HKS,MS,ASO,CE,Federal Contract Tower,0,2,33,0,35,0,2,28,8,38,0,4,61,8,73,192,0,192,265
06/09/2011,HKS,MS,ASO,CE,Federal Contract Tower,0,4,14,2,20,0,4,16,2,22,0,8,30,4,42,40,30,70,112
06/10/2011,HKS,MS,ASO,CE,Federal Contract Tower,0,2,20,0,22,0,0,27,2,29,0,2,47,2,51,52,32,84,135
06/11/2011,HKS,MS,ASO,CE,Federal Contract Tower,0,0,14,0,14,0,0,15,0,15,0,0,29,0,29,12,0,12,41
06/12/2011,HKS,MS,ASO,CE,Federal Contract Tower,0,0,20,0,20,0,0,21,0,21,0,0,41,0,41,58,0,58,99
06/13/2011,HKS,MS,ASO,CE,Federal Contract Tower,0,5,13,2,20,0,0,26,0,26,0,5,39,2,46,86,0,86,132
06/14/2011,HKS,MS,ASO,CE,Federal Contract Tower,0,4,17,3,24,0,5,17,3,25,0,9,34,6,49,96,12,108,157
06/15/2011,HKS,MS,ASO,CE,Federal Contract Tower,0,3,22,2,27,0,4,11,3,18,0,7,33,5,45,2,26,28,73
06/16/2011,HKS,MS,ASO,CE,Federal Contract Tower,0,4,14,0,18,0,1,18,5,24,0,5,32,5,42,86,8,94,136
06/17/2011,HKS,MS,ASO,CE,Federal Contract Tower,0,4,15,0,19,0,2,15,1,18,0,6,30,1,37,22,0,22,59
06/18/2011,HKS,MS,ASO,CE,Federal Contract Tower,0,1,29,0,30,0,2,12,0,14,0,3,41,0,44,36,0,36,80
06/19/2011,HKS,MS,ASO,CE,Federal Contract Tower,0,1,7,3,11,0,0,17,0,17,0,1,24,3,28,12,2,14,42
06/20/2011,HKS,MS,ASO,CE,Federal Contract Tower,0,3,12,2,17,0,0,13,4,17,0,3,25,6,34,56,8,64,98
06/21/2011,HKS,MS,ASO,CE,Federal Contract Tower,0,3,18,1,22,0,0,6,0,6,0,3,24,1,28,16,4,20,48
06/22/2011,HKS,MS,ASO,CE,Federal Contract Tower,0,2,12,0,14,0,0,7,2,9,0,2,19,2,23,14,16,30,53
06/23/2011,HKS,MS,ASO,CE,Federal Contract Tower,0,4,18,2,24,0,2,19,6,27,0,6,37,8,51,64,44,108,159
06/24/2011,HKS,MS,ASO,CE,Federal Contract Tower,0,2,30,0,32,0,0,22,1,23,0,2,52,1,55,100,8,108,163
06/25/2011,HKS,MS,ASO,CE,Federal Contract Tower,0,0,11,0,11,0,0,41,0,41,0,0,52,0,52,94,0,94,146
06/26/2011,HKS,MS,ASO,CE,Federal Contract Tower,0,1,17,0,18,0,0,17,0,17,0,1,34,0,35,96,0,96,131
06/27/2011,HKS,MS,ASO,CE,Federal Contract Tower,0,5,16,0,21,0,0,16,1,17,0,5,32,1,38,86,0,86,124
06/28/2011,HKS,MS,ASO,CE,Federal Contract Tower,0,2,13,0,15,0,2,26,2,30,0,4,39,2,45,52,8,60,105
06/29/2011,HKS,MS,ASO,CE,Federal Contract Tower,0,4,11,0,15,0,2,21,0,23,0,6,32,0,38,152,30,182,220
06/30/2011,HKS,MS,ASO,CE,Federal Contract Tower,0,2,22,2,26,0,4,22,2,28,0,6,44,4,54,48,26,74,128
07/01/2011,HKS,MS,ASO,CE,Federal Contract Tower,0,2,22,0,24,0,2,20,0,22,0,4,42,0,46,142,0,142,188
07/02/2011,HKS,MS,ASO,CE,Federal Contract Tower,0,1,20,0,21,0,0,18,0,18,0,1,38,0,39,42,0,42,81
07/03/2011,HKS,MS,ASO,CE,Federal Contract Tower,0,0,10,0,10,0,2,10,0,12,0,2,20,0,22,32,0,32,54
07/04/2011,HKS,MS,ASO,CE,Federal Contract Tower,0,2,3,0,5,0,3,20,0,23,0,5,23,0,28,26,0,26,54
07/05/2011,HKS,MS,ASO,CE,Federal Contract Tower,0,2,23,1,26,0,4,18,3,25,0,6,41,4,51,6,4,10,61
07/06/2011,HKS,MS,ASO,CE,Federal Contract Tower,0,4,17,2,23,0,2,13,4,19,0,6,30,6,42,26,14,40,82
07/07/2011,HKS,MS,ASO,CE,Federal Contract Tower,0,2,16,0,18,0,5,20,4,29,0,7,36,4,47,74,4,78,125
07/08/2011,HKS,MS,ASO,CE,Federal Contract Tower,0,2,21,3,26,0,0,17,0,17,0,2,38,3,43,14,2,16,59
07/09/2011,HKS,MS,ASO,CE,Federal Contract Tower,0,0,13,0,13,0,4,28,0,32,0,4,41,0,45,8,0,8,53
07/10/2011,HKS,MS,ASO,CE,Federal Contract Tower,0,2,12,0,14,0,0,17,0,17,0,2,29,0,31,26,0,26,57
07/11/2011,HKS,MS,ASO,CE,Federal Contract Tower,0,4,10,0,14,0,0,16,1,17,0,4,26,1,31,6,0,6,37
07/12/2011,HKS,MS,ASO,CE,Federal Contract Tower,0,3,14,4,21,0,2,23,1,26,0,5,37,5,47,8,0,8,55
07/13/2011,HKS,MS,ASO,CE,Federal Contract Tower,0,3,7,7,17,0,0,12,4,16,0,3,19,11,33,50,10,60,93
07/14/2011,HKS,MS,ASO,CE,Federal Contract Tower,0,2,14,6,22,0,0,25,4,29,0,2,39,10,51,20,14,34,85
07/15/2011,HKS,MS,ASO,CE,Federal Contract Tower,0,2,11,2,15,0,0,11,3,14,0,2,22,5,29,48,32,80,109
07/16/2011,HKS,MS,ASO,CE,Federal Contract Tower,0,0,6,4,10,0,0,8,7,15,0,0,14,11,25,34,12,46,71
07/17/2011,HKS,MS,ASO,CE,Federal Contract Tower,0,0,15,2,17,0,0,9,6,15,0,0,24,8,32,18,4,22,54
07/18/2011,HKS,MS,ASO,CE,Federal Contract Tower,0,2,10,4,16,0,0,10,1,11,0,2,20,5,27,46,0,46,73
07/19/2011,HKS,MS,ASO,CE,Federal Contract Tower,0,2,25,1,28,0,0,34,3,37,0,2,59,4,65,128,4,132,197
07/20/2011,HKS,MS,ASO,CE,Federal Contract Tower,0,2,23,2,27,0,0,19,6,25,0,2,42,8,52,54,6,60,112
07/21/2011,HKS,MS,ASO,CE,Federal Contract Tower,0,2,29,1,32,0,2,17,5,24,0,4,46,6,56,40,0,40,96
07/22/2011,HKS,MS,ASO,CE,Federal Contract Tower,0,2,21,2,25,0,4,9,5,18,0,6,30,7,43,52,38,90,133
07/23/2011,HKS,MS,ASO,CE,Federal Contract Tower,0,1,8,0,9,0,1,5,0,6,0,2,13,0,15,22,0,22,37
07/24/2011,HKS,MS,ASO,CE,Federal Contract Tower,0,0,15,0,15,0,0,5,0,5,0,0,20,0,20,2,0,2,22
07/25/2011,HKS,MS,ASO,CE,Federal Contract Tower,0,3,26,0,29,0,0,7,1,8,0,3,33,1,37,14,0,14,51
07/26/2011,HKS,MS,ASO,CE,Federal Contract Tower,0,3,24,2,29,0,0,11,5,16,0,3,35,7,45,36,8,44,89
07/27/2011,HKS,MS,ASO,CE,Federal Contract Tower,0,2,11,2,15,0,2,10,0,12,0,4,21,2,27,16,0,16,43
07/28/2011,HKS,MS,ASO,CE,Federal Contract Tower,0,7,20,4,31,0,0,11,8,19,0,7,31,12,50,34,6,40,90
07/29/2011,HKS,MS,ASO,CE,Federal Contract Tower,0,3,24,6,33,0,0,8,3,11,0,3,32,9,44,40,6,46,90
07/30/2011,HKS,MS,ASO,CE,Federal Contract Tower,0,4,12,3,19,0,0,34,2,36,0,4,46,5,55,56,0,56,111
07/31/2011,HKS,MS,ASO,CE,Federal Contract Tower,0,0,16,0,16,0,0,16,0,16,0,0,32,0,32,56,0,56,88
08/01/2011,HKS,MS,ASO,CE,Federal Contract Tower,0,2,14,2,18,0,0,17,2,19,0,2,31,4,37,26,0,26,63
08/02/2011,HKS,MS,ASO,CE,Federal Contract Tower,0,4,9,2,15,0,0,23,2,25,0,4,32,4,40,26,0,26,66
08/03/2011,HKS,MS,ASO,CE,Federal Contract Tower,0,3,26,2,31,0,1,18,6,25,0,4,44,8,56,60,12,72,128
08/04/2011,HKS,MS,ASO,CE,Federal Contract Tower,0,2,17,1,20,0,0,10,3,13,0,2,27,4,33,108,30,138,171
08/05/2011,HKS,MS,ASO,CE,Federal Contract Tower,0,2,29,0,31,0,0,18,3,21,0,2,47,3,52,34,0,34,86
08/06/2011,HKS,MS,ASO,CE,Federal Contract Tower,0,2,19,0,21,0,2,23,0,25,0,4,42,0,46,80,0,80,126
08/07/2011,HKS,MS,ASO,CE,Federal Contract Tower,0,0,6,1,7,0,0,16,3,19,0,0,22,4,26,16,0,16,42
08/08/2011,HKS,MS,ASO,CE,Federal Contract Tower,0,2,14,0,16,0,2,21,1,24,0,4,35,1,40,54,0,54,94
08/09/2011,HKS,MS,ASO,CE,Federal Contract Tower,0,4,12,0,16,0,2,13,2,17,0,6,25,2,33,66,0,66,99
08/10/2011,HKS,MS,ASO,CE,Federal Contract Tower,0,2,16,1,19,0,0,13,0,13,0,2,29,1,32,36,0,36,68
08/11/2011,HKS,MS,ASO,CE,Federal Contract Tower,0,4,19,1,24,0,0,9,3,12,0,4,28,4,36,64,0,64,100
08/12/2011,HKS,MS,ASO,CE,Federal Contract Tower,0,6,12,0,18,0,1,28,3,32,0,7,40,3,50,116,2,118,168
08/13/2011,HKS,MS,ASO,CE,Federal Contract Tower,0,0,3,0,3,0,2,19,0,21,0,2,22,0,24,0,0,0,24
08/14/2011,HKS,MS,ASO,CE,Federal Contract Tower,0,0,13,0,13,0,0,18,1,19,0,0,31,1,32,56,0,56,88
08/15/2011,HKS,MS,ASO,CE,Federal Contract Tower,0,3,15,2,20,0,0,24,0,24,0,3,39,2,44,16,12,28,72
08/16/2011,HKS,MS,ASO,CE,Federal Contract Tower,0,3,21,2,26,0,0,33,3,36,0,3,54,5,62,74,26,100,162
08/17/2011,HKS,MS,ASO,CE,Federal Contract Tower,0,10,23,0,33,0,0,18,0,18,0,10,41,0,51,88,0,88,139
08/18/2011,HKS,MS,ASO,CE,Federal Contract Tower,0,3,15,0,18,0,0,21,0,21,0,3,36,0,39,20,0,20,59
08/19/2011,HKS,MS,ASO,CE,Federal Contract Tower,0,2,19,1,22,0,0,17,2,19,0,2,36,3,41,114,0,114,155
08/20/2011,HKS,MS,ASO,CE,Federal Contract Tower,0,0,7,0,7,0,0,33,0,33,0,0,40,0,40,22,0,22,62
08/21/2011,HKS,MS,ASO,CE,Federal Contract Tower,0,0,11,0,11,0,0,31,0,31,0,0,42,0,42,48,12,60,102
08/22/2011,HKS,MS,ASO,CE,Federal Contract Tower,0,4,17,1,22,0,0,25,3,28,0,4,42,4,50,20,4,24,74
08/23/2011,HKS,MS,ASO,CE,Federal Contract Tower,0,3,13,2,18,0,0,20,1,21,0,3,33,3,39,26,0,26,65
08/24/2011,HKS,MS,ASO,CE,Federal Contract Tower,0,6,18,4,28,0,0,16,1,17,0,6,34,5,45,6,0,6,51
08/25/2011,HKS,MS,ASO,CE,Federal Contract Tower,0,4,27,0,31,0,0,19,0,19,0,4,46,0,50,38,0,38,88
08/26/2011,HKS,MS,ASO,CE,Federal Contract Tower,0,4,11,0,15,0,0,25,0,25,0,4,36,0,40,116,0,116,156
08/27/2011,HKS,MS,ASO,CE,Federal Contract Tower,0,0,17,0,17,0,0,44,0,44,0,0,61,0,61,82,0,82,143
08/28/2011,HKS,MS,ASO,CE,Federal Contract Tower,0,0,12,0,12,0,0,28,0,28,0,0,40,0,40,36,0,36,76
08/29/2011,HKS,MS,ASO,CE,Federal Contract Tower,0,2,19,2,23,0,0,18,2,20,0,2,37,4,43,40,0,40,83
08/30/2011,HKS,MS,ASO,CE,Federal Contract Tower,0,5,11,1,17,0,0,24,5,29,0,5,35,6,46,48,6,54,100
08/31/2011,HKS,MS,ASO,CE,Federal Contract Tower,0,4,22,2,28,0,3,25,0,28,0,7,47,2,56,28,0,28,84
09/01/2011,HKS,MS,ASO,CE,Federal Contract Tower,0,9,17,0,26,0,2,31,0,33,0,11,48,0,59,56,0,56,115
09/02/2011,HKS,MS,ASO,CE,Federal Contract Tower,0,7,15,2,24,0,9,17,0,26,0,16,32,2,50,54,0,54,104
09/03/2011,HKS,MS,ASO,CE,Federal Contract Tower,0,1,3,0,4,0,0,2,0,2,0,1,5,0,6,34,0,34,40
09/04/2011,HKS,MS,ASO,CE,Federal Contract Tower,0,0,4,0,4,0,0,1,0,1,0,0,5,0,5,0,0,0,5
09/05/2011,HKS,MS,ASO,CE,Federal Contract Tower,0,0,5,0,5,0,0,1,0,1,0,0,6,0,6,0,0,0,6
09/06/2011,HKS,MS,ASO,CE,Federal Contract Tower,0,2,15,2,19,0,9,16,1,26,0,11,31,3,45,32,0,32,77
09/07/2011,HKS,MS,ASO,CE,Federal Contract Tower,0,2,18,0,20,0,1,29,0,30,0,3,47,0,50,20,0,20,70
09/08/2011,HKS,MS,ASO,CE,Federal Contract Tower,0,4,29,3,36,0,0,31,2,33,0,4,60,5,69,46,0,46,115
09/09/2011,HKS,MS,ASO,CE,Federal Contract Tower,0,6,38,0,44,0,0,31,3,34,0,6,69,3,78,108,0,108,186
09/10/2011,HKS,MS,ASO,CE,Federal Contract Tower,0,0,5,0,5,0,0,34,2,36,0,0,39,2,41,96,0,96,137
09/11/2011,HKS,MS,ASO,CE,Federal Contract Tower,0,0,10,0,10,0,0,32,2,34,0,0,42,2,44,28,0,28,72
09/12/2011,HKS,MS,ASO,CE,Federal Contract Tower,0,2,18,0,20,0,0,21,6,27,0,2,39,6,47,64,0,64,111
09/13/2011,HKS,MS,ASO,CE,Federal Contract Tower,0,2,19,0,21,0,0,26,4,30,0,2,45,4,51,68,0,68,119
09/14/2011,HKS,MS,ASO,CE,Federal Contract Tower,0,9,21,0,30,0,0,19,0,19,0,9,40,0,49,10,0,10,59
09/15/2011,HKS,MS,ASO,CE,Federal Contract Tower,0,6,25,2,33,0,0,16,0,16,0,6,41,2,49,6,0,6,55
09/16/2011,HKS,MS,ASO,CE,Federal Contract Tower,0,3,21,2,26,0,10,10,5,25,0,13,31,7,51,28,40,68,119
09/17/2011,HKS,MS,ASO,CE,Federal Contract Tower,0,0,22,0,22,0,0,28,0,28,0,0,50,0,50,80,0,80,130
09/18/2011,HKS,MS,ASO,CE,Federal Contract Tower,0,0,16,0,16,0,2,15,0,17,0,2,31,0,33,20,0,20,53
09/19/2011,HKS,MS,ASO,CE,Federal Contract Tower,0,2,18,0,20,0,3,13,1,17,0,5,31,1,37,16,0,16,53
09/20/2011,HKS,MS,ASO,CE,Federal Contract Tower,0,6,13,0,19,0,0,15,5,20,0,6,28,5,39,52,27,79,118
09/21/2011,HKS,MS,ASO,CE,Federal Contract Tower,0,4,17,5,26,0,2,20,3,25,0,6,37,8,51,134,40,174,225
09/22/2011,HKS,MS,ASO,CE,Federal Contract Tower,0,3,29,1,33,0,2,28,8,38,0,5,57,9,71,44,0,44,115
09/23/2011,HKS,MS,ASO,CE,Federal Contract Tower,0,7,24,2,33,0,0,22,0,22,0,7,46,2,55,46,0,46,101
09/24/2011,HKS,MS,ASO,CE,Federal Contract Tower,0,1,12,0,13,0,2,20,0,22,0,3,32,0,35,34,0,34,69
09/25/2011,HKS,MS,ASO,CE,Federal Contract Tower,0,1,14,0,15,0,0,19,0,19,0,1,33,0,34,30,0,30,64
09/26/2011,HKS,MS,ASO,CE,Federal Contract Tower,0,5,11,0,16,0,0,11,2,13,0,5,22,2,29,28,6,34,63
09/27/2011,HKS,MS,ASO,CE,Federal Contract Tower,0,5,15,0,20,0,0,19,5,24,0,5,34,5,44,68,14,82,126
09/28/2011,HKS,MS,ASO,CE,Federal Contract Tower,0,5,34,0,39,0,0,25,2,27,0,5,59,2,66,54,12,66,132
09/29/2011,HKS,MS,ASO,CE,Federal Contract Tower,0,9,17,1,27,0,0,30,2,32,0,9,47,3,59,22,20,42,101
09/30/2011,HKS,MS,ASO,CE,Federal Contract Tower,0,11,16,0,27,0,0,97,2,99,0,11,113,2,126,32,0,32,158
10/01/2011,HKS,MS,ASO,CE,Federal Contract Tower,0,0,4,0,4,0,0,23,5,28,0,0,27,5,32,4,2,6,38
10/02/2011,HKS,MS,ASO,CE,Federal Contract Tower,0,0,5,0,5,0,2,45,4,51,0,2,50,4,56,6,2,8,64
10/03/2011,HKS,MS,ASO,CE,Federal Contract Tower,0,4,17,0,21,0,2,36,0,38,0,6,53,0,59,20,0,20,79
10/04/2011,HKS,MS,ASO,CE,Federal Contract Tower,0,2,16,3,21,0,2,24,3,29,0,4,40,6,50,60,0,60,110
10/05/2011,HKS,MS,ASO,CE,Federal Contract Tower,0,3,12,2,17,0,0,22,0,22,0,3,34,2,39,66,0,66,105
10/06/2011,HKS,MS,ASO,CE,Federal Contract Tower,0,2,16,0,18,0,1,31,2,34,0,3,47,2,52,10,2,12,64
10/07/2011,HKS,MS,ASO,CE,Federal Contract Tower,0,4,27,2,33,0,0,34,0,34,0,4,61,2,67,28,0,28,95
10/08/2011,HKS,MS,ASO,CE,Federal Contract Tower,0,0,11,0,11,0,0,31,0,31,0,0,42,0,42,18,0,18,60
10/09/2011,HKS,MS,ASO,CE,Federal Contract Tower,0,0,7,0,7,0,3,32,0,35,0,3,39,0,42,32,0,32,74
10/10/2011,HKS,MS,ASO,CE,Federal Contract Tower,0,2,22,0,24,0,8,19,0,27,0,10,41,0,51,16,0,16,67
10/11/2011,HKS,MS,ASO,CE,Federal Contract Tower,0,2,19,2,23,0,0,9,3,12,0,2,28,5,35,70,0,70,105
10/12/2011,HKS,MS,ASO,CE,Federal Contract Tower,0,5,27,7,39,0,0,18,3,21,0,5,45,10,60,4,0,4,64
10/13/2011,HKS,MS,ASO,CE,Federal Contract Tower,0,9,26,2,37,0,2,20,2,24,0,11,46,4,61,48,0,48,109
10/14/2011,HKS,MS,ASO,CE,Federal Contract Tower,0,5,15,0,20,0,0,28,4,32,0,5,43,4,52,42,8,50,102
10/15/2011,HKS,MS,ASO,CE,Federal Contract Tower,0,0,12,0,12,0,0,15,0,15,0,0,27,0,27,50,0,50,77
10/16/2011,HKS,MS,ASO,CE,Federal Contract Tower,0,0,17,0,17,0,3,18,0,21,0,3,35,0,38,22,0,22,60
10/17/2011,HKS,MS,ASO,CE,Federal Contract Tower,0,4,21,4,29,0,0,22,0,22,0,4,43,4,51,46,8,54,105
10/18/2011,HKS,MS,ASO,CE,Federal Contract Tower,0,2,13,2,17,0,0,5,0,5,0,2,18,2,22,6,36,42,64
10/19/2011,HKS,MS,ASO,CE,Federal Contract Tower,0,5,16,9,30,0,0,2,0,2,0,5,18,9,32,0,2,2,34
10/20/2011,HKS,MS,ASO,CE,Federal Contract Tower,0,4,22,1,27,0,0,33,7,40,0,4,55,8,67,28,14,42,109
10/21/2011,HKS,MS,ASO,CE,Federal Contract Tower,0,2,16,0,18,0,0,28,2,30,0,2,44,2,48,56,0,56,104
10/22/2011,HKS,MS,ASO,CE,Federal Contract Tower,0,0,12,0,12,0,0,31,0,31,0,0,43,0,43,30,0,30,73
10/23/2011,HKS,MS,ASO,CE,Federal Contract Tower,0,0,15,0,15,0,0,28,0,28,0,0,43,0,43,46,0,46,89
10/24/2011,HKS,MS,ASO,CE,Federal Contract Tower,0,6,17,0,23,0,0,21,3,24,0,6,38,3,47,42,2,44,91
10/25/2011,HKS,MS,ASO,CE,Federal Contract Tower,0,5,13,0,18,0,0,19,7,26,0,5,32,7,44,36,8,44,88
10/26/2011,HKS,MS,ASO,CE,Federal Contract Tower,0,5,20,4,29,0,1,16,2,19,0,6,36,6,48,35,9,44,92
10/27/2011,HKS,MS,ASO,CE,Federal Contract Tower,0,4,26,2,32,0,0,12,1,13,0,4,38,3,45,8,0,8,53
10/28/2011,HKS,MS,ASO,CE,Federal Contract Tower,0,3,22,2,27,0,1,1,0,2,0,4,23,2,29,4,4,8,37
10/29/2011,HKS,MS,ASO,CE,Federal Contract Tower,0,0,10,0,10,0,2,28,1,31,0,2,38,1,41,20,0,20,61
10/30/2011,HKS,MS,ASO,CE,Federal Contract Tower,0,0,17,3,20,0,0,22,0,22,0,0,39,3,42,30,0,30,72
10/31/2011,HKS,MS,ASO,CE,Federal Contract Tower,0,2,13,3,18,0,2,9,0,11,0,4,22,3,29,30,0,30,59
11/01/2011,HKS,MS,ASO,CE,Federal Contract Tower,0,2,12,0,14,0,2,28,0,30,0,4,40,0,44,4,0,4,48
11/02/2011,HKS,MS,ASO,CE,Federal Contract Tower,0,7,17,2,26,0,4,7,0,11,0,11,24,2,37,8,0,8,45
11/03/2011,HKS,MS,ASO,CE,Federal Contract Tower,0,4,22,0,26,0,0,4,0,4,0,4,26,0,30,20,0,20,50
11/04/2011,HKS,MS,ASO,CE,Federal Contract Tower,0,2,26,0,28,0,0,13,3,16,0,2,39,3,44,42,0,42,86
11/05/2011,HKS,MS,ASO,CE,Federal Contract Tower,0,0,13,2,15,0,0,29,4,33,0,0,42,6,48,36,0,36,84
11/06/2011,HKS,MS,ASO,CE,Federal Contract Tower,0,0,11,0,11,0,0,16,0,16,0,0,27,0,27,46,0,46,73
11/07/2011,HKS,MS,ASO,CE,Federal Contract Tower,0,2,21,0,23,0,0,23,0,23,0,2,44,0,46,28,0,28,74
11/08/2011,HKS,MS,ASO,CE,Federal Contract Tower,0,2,23,0,25,0,2,15,3,20,0,4,38,3,45,12,18,30,75
11/09/2011,HKS,MS,ASO,CE,Federal Contract Tower,0,4,17,3,24,0,0,16,6,22,0,4,33,9,46,6,16,22,68
11/10/2011,HKS,MS,ASO,CE,Federal Contract Tower,0,4,19,6,29,0,0,8,6,14,0,4,27,12,43,10,2,12,55
11/11/2011,HKS,MS,ASO,CE,Federal Contract Tower,0,4,19,0,23,0,0,27,0,27,0,4,46,0,50,42,0,42,92
11/12/2011,HKS,MS,ASO,CE,Federal Contract Tower,0,2,15,0,17,0,8,25,0,33,0,10,40,0,50,18,0,18,68
11/13/2011,HKS,MS,ASO,CE,Federal Contract Tower,0,0,10,2,12,0,0,15,0,15,0,0,25,2,27,4,0,4,31
11/14/2011,HKS,MS,ASO,CE,Federal Contract Tower,0,2,19,0,21,0,0,10,2,12,0,2,29,2,33,20,32,52,85
11/15/2011,HKS,MS,ASO,CE,Federal Contract Tower,0,3,11,3,17,0,2,1,2,5,0,5,12,5,22,0,38,38,60
11/16/2011,HKS,MS,ASO,CE,Federal Contract Tower,0,6,16,3,25,0,0,6,0,6,0,6,22,3,31,6,0,6,37
11/17/2011,HKS,MS,ASO,CE,Federal Contract Tower,0,4,21,0,25,0,0,19,2,21,0,4,40,2,46,14,0,14,60
11/18/2011,HKS,MS,ASO,CE,Federal Contract Tower,0,2,20,3,25,0,0,25,1,26,0,2,45,4,51,48,10,58,109
11/19/2011,HKS,MS,ASO,CE,Federal Contract Tower,0,0,18,0,18,0,0,16,0,16,0,0,34,0,34,32,0,32,66
11/20/2011,HKS,MS,ASO,CE,Federal Contract Tower,0,0,15,0,15,0,0,5,0,5,0,0,20,0,20,10,0,10,30
11/21/2011,HKS,MS,ASO,CE,Federal Contract Tower,0,4,30,1,35,0,0,9,8,17,0,4,39,9,52,26,34,60,112
11/22/2011,HKS,MS,ASO,CE,Federal Contract Tower,0,4,17,0,21,0,0,0,3,3,0,4,17,3,24,4,56,60,84
11/23/2011,HKS,MS,ASO,CE,Federal Contract Tower,0,4,19,1,24,0,2,15,1,18,0,6,34,2,42,40,0,40,82
11/24/2011,HKS,MS,ASO,CE,Federal Contract Tower,0,0,6,0,6,0,0,10,0,10,0,0,16,0,16,8,0,8,24
11/25/2011,HKS,MS,ASO,CE,Federal Contract Tower,0,2,12,0,14,0,2,20,0,22,0,4,32,0,36,34,0,34,70
11/26/2011,HKS,MS,ASO,CE,Federal Contract Tower,0,2,12,0,14,0,0,4,2,6,0,2,16,2,20,46,0,46,66
11/27/2011,HKS,MS,ASO,CE,Federal Contract Tower,0,1,7,0,8,0,0,0,0,0,0,1,7,0,8,6,0,6,14
11/28/2011,HKS,MS,ASO,CE,Federal Contract Tower,0,3,10,0,13,0,0,1,0,1,0,3,11,0,14,0,0,0,14
11/29/2011,HKS,MS,ASO,CE,Federal Contract Tower,0,3,23,0,26,0,2,12,10,24,0,5,35,10,50,64,28,92,142
11/30/2011,HKS,MS,ASO,CE,Federal Contract Tower,0,7,34,5,46,0,0,25,2,27,0,7,59,7,73,36,18,54,127
12/01/2011,HKS,MS,ASO,CE,Federal Contract Tower,0,2,21,2,25,0,2,25,4,31,0,4,46,6,56,78,4,82,138
12/02/2011,HKS,MS,ASO,CE,Federal Contract Tower,0,4,18,4,26,0,2,25,0,27,0,6,43,4,53,56,0,56,109
12/03/2011,HKS,MS,ASO,CE,Federal Contract Tower,0,0,7,1,8,0,4,13,3,20,0,4,20,4,28,2,2,4,32
12/04/2011,HKS,MS,ASO,CE,Federal Contract Tower,0,0,4,0,4,0,0,8,0,8,0,0,12,0,12,16,0,16,28
12/05/2011,HKS,MS,ASO,CE,Federal Contract Tower,0,4,15,1,20,0,0,0,0,0,0,4,15,1,20,0,0,0,20
12/06/2011,HKS,MS,ASO,CE,Federal Contract Tower,0,5,14,1,20,0,0,0,0,0,0,5,14,1,20,2,0,2,22
12/07/2011,HKS,MS,ASO,CE,Federal Contract Tower,0,3,9,0,12,0,0,5,0,5,0,3,14,0,17,0,0,0,17
12/08/2011,HKS,MS,ASO,CE,Federal Contract Tower,0,2,19,4,25,0,0,9,13,22,0,2,28,17,47,14,88,102,149
12/09/2011,HKS,MS,ASO,CE,Federal Contract Tower,0,6,33,3,42,0,0,15,1,16,0,6,48,4,58,17,50,67,125
12/10/2011,HKS,MS,ASO,CE,Federal Contract Tower,0,0,9,0,9,0,1,22,1,24,0,1,31,1,33,28,0,28,61
12/11/2011,HKS,MS,ASO,CE,Federal Contract Tower,0,0,8,0,8,0,0,14,0,14,0,0,22,0,22,50,0,50,72
12/12/2011,HKS,MS,ASO,CE,Federal Contract Tower,0,2,21,0,23,0,0,14,0,14,0,2,35,0,37,32,0,32,69
12/13/2011,HKS,MS,ASO,CE,Federal Contract Tower,0,2,30,3,35,0,0,0,6,6,0,2,30,9,41,16,38,54,95
12/14/2011,HKS,MS,ASO,CE,Federal Contract Tower,0,2,22,4,28,0,2,8,2,12,0,4,30,6,40,32,52,84,124
12/15/2011,HKS,MS,ASO,CE,Federal Contract Tower,0,2,15,4,21,0,0,1,3,4,0,2,16,7,25,0,24,24,49
12/16/2011,HKS,MS,ASO,CE,Federal Contract Tower,0,1,12,2,15,0,0,1,0,1,0,1,13,2,16,6,0,6,22
12/17/2011,HKS,MS,ASO,CE,Federal Contract Tower,0,3,22,1,26,0,2,45,0,47,0,5,67,1,73,68,2,70,143
12/18/2011,HKS,MS,ASO,CE,Federal Contract Tower,0,0,10,0,10,0,0,23,0,23,0,0,33,0,33,46,0,46,79
12/19/2011,HKS,MS,ASO,CE,Federal Contract Tower,0,2,21,0,23,0,0,20,4,24,0,2,41,4,47,40,14,54,101
12/20/2011,HKS,MS,ASO,CE,Federal Contract Tower,0,3,23,0,26,0,0,2,0,2,0,3,25,0,28,0,0,0,28
12/21/2011,HKS,MS,ASO,CE,Federal Contract Tower,0,2,21,0,23,0,0,23,3,26,0,2,44,3,49,62,26,88,137
12/22/2011,HKS,MS,ASO,CE,Federal Contract Tower,0,4,4,0,8,0,0,0,0,0,0,4,4,0,8,0,0,0,8
12/23/2011,HKS,MS,ASO,CE,Federal Contract Tower,0,2,15,0,17,0,0,0,0,0,0,2,15,0,17,26,0,26,43
12/24/2011,HKS,MS,ASO,CE,Federal Contract Tower,0,2,10,0,12,0,0,5,0,5,0,2,15,0,17,4,0,4,21
12/25/2011,HKS,MS,ASO,CE,Federal Contract Tower,0,0,2,0,2,0,0,0,0,0,0,0,2,0,2,0,0,0,2
12/26/2011,HKS,MS,ASO,CE,Federal Contract Tower,0,0,8,0,8,0,0,0,0,0,0,0,8,0,8,0,0,0,8
12/27/2011,HKS,MS,ASO,CE,Federal Contract Tower,0,2,21,0,23,0,0,10,0,10,0,2,31,0,33,54,0,54,87
12/28/2011,HKS,MS,ASO,CE,Federal Contract Tower,0,7,16,2,25,0,1,19,1,21,0,8,35,3,46,70,6,76,122
12/29/2011,HKS,MS,ASO,CE,Federal Contract Tower,0,4,15,0,19,0,4,26,0,30,0,8,41,0,49,60,0,60,109
12/30/2011,HKS,MS,ASO,CE,Federal Contract Tower,0,2,13,0,15,0,0,9,0,9,0,2,22,0,24,56,0,56,80
12/31/2011,HKS,MS,ASO,CE,Federal Contract Tower,0,3,13,0,16,0,0,19,0,19,0,3,32,0,35,70,0,70,105
01/01/2012,HKS,MS,ASO,CE,Federal Contract Tower,0,0,14,0,14,0,0,11,0,11,0,0,25,0,25,0,0,0,25
01/02/2012,HKS,MS,ASO,CE,Federal Contract Tower,0,2,11,0,13,0,5,17,0,22,0,7,28,0,35,28,0,28,63
01/03/2012,HKS,MS,ASO,CE,Federal Contract Tower,0,6,18,0,24,0,2,21,0,23,0,8,39,0,47,24,0,24,71
01/04/2012,HKS,MS,ASO,CE,Federal Contract Tower,0,2,17,2,21,0,4,22,1,27,0,6,39,3,48,8,0,8,56
01/05/2012,HKS,MS,ASO,CE,Federal Contract Tower,0,2,16,0,18,0,4,28,4,36,0,6,44,4,54,12,4,16,70
01/06/2012,HKS,MS,ASO,CE,Federal Contract Tower,0,2,16,4,22,0,0,22,0,22,0,2,38,4,44,124,28,152,196
01/07/2012,HKS,MS,ASO,CE,Federal Contract Tower,0,0,21,0,21,0,0,21,6,27,0,0,42,6,48,64,0,64,112
01/08/2012,HKS,MS,ASO,CE,Federal Contract Tower,0,1,9,0,10,0,0,2,0,2,0,1,11,0,12,4,0,4,16
01/09/2012,HKS,MS,ASO,CE,Federal Contract Tower,0,2,10,0,12,0,0,0,1,1,0,2,10,1,13,4,0,4,17
01/10/2012,HKS,MS,ASO,CE,Federal Contract Tower,0,3,12,0,15,0,0,0,1,1,0,3,12,1,16,0,26,26,42
01/11/2012,HKS,MS,ASO,CE,Federal Contract Tower,0,3,31,7,41,0,2,2,0,4,0,5,33,7,45,2,6,8,53
01/12/2012,HKS,MS,ASO,CE,Federal Contract Tower,0,3,21,3,27,0,0,16,3,19,0,3,37,6,46,8,0,8,54
01/13/2012,HKS,MS,ASO,CE,Federal Contract Tower,0,2,25,4,31,0,0,17,0,17,0,2,42,4,48,4,2,6,54
01/14/2012,HKS,MS,ASO,CE,Federal Contract Tower,0,1,6,2,9,0,0,24,0,24,0,1,30,2,33,24,0,24,57
01/15/2012,HKS,MS,ASO,CE,Federal Contract Tower,0,0,12,4,16,0,1,19,0,20,0,1,31,4,36,10,2,12,48
01/16/2012,HKS,MS,ASO,CE,Federal Contract Tower,0,2,22,0,24,0,0,21,0,21,0,2,43,0,45,34,0,34,79
01/17/2012,HKS,MS,ASO,CE,Federal Contract Tower,0,2,24,0,26,0,0,0,0,0,0,2,24,0,26,0,0,0,26
01/18/2012,HKS,MS,ASO,CE,Federal Contract Tower,0,4,23,2,29,0,0,18,2,20,0,4,41,4,49,68,6,74,123
01/19/2012,HKS,MS,ASO,CE,Federal Contract Tower,0,2,30,0,32,0,0,19,1,20,0,2,49,1,52,60,50,110,162
01/20/2012,HKS,MS,ASO,CE,Federal Contract Tower,0,3,25,8,36,0,2,8,0,10,0,5,33,8,46,12,26,38,84
01/21/2012,HKS,MS,ASO,CE,Federal Contract Tower,0,0,22,3,25,0,0,5,0,5,0,0,27,3,30,48,0,48,78
01/22/2012,HKS,MS,ASO,CE,Federal Contract Tower,0,0,10,0,10,0,0,2,2,4,0,0,12,2,14,4,0,4,18
01/23/2012,HKS,MS,ASO,CE,Federal Contract Tower,0,2,18,0,20,0,0,19,0,19,0,2,37,0,39,14,0,14,53
01/24/2012,HKS,MS,ASO,CE,Federal Contract Tower,0,5,23,0,28,0,1,26,6,33,0,6,49,6,61,58,4,62,123
01/25/2012,HKS,MS,ASO,CE,Federal Contract Tower,0,4,24,3,31,0,0,0,8,8,0,4,24,11,39,2,40,42,81
01/26/2012,HKS,MS,ASO,CE,Federal Contract Tower,0,5,19,1,25,0,0,1,1,2,0,5,20,2,27,24,24,48,75
01/27/2012,HKS,MS,ASO,CE,Federal Contract Tower,0,2,21,2,25,0,0,24,2,26,0,2,45,4,51,52,18,70,121
01/28/2012,HKS,MS,ASO,CE,Federal Contract Tower,0,0,16,0,16,0,2,47,0,49,0,2,63,0,65,64,0,64,129
01/29/2012,HKS,MS,ASO,CE,Federal Contract Tower,0,0,17,0,17,0,0,31,0,31,0,0,48,0,48,46,0,46,94
01/30/2012,HKS,MS,ASO,CE,Federal Contract Tower,0,2,21,1,24,0,2,22,6,30,0,4,43,7,54,52,0,52,106
01/31/2012,HKS,MS,ASO,CE,Federal Contract Tower,0,2,24,3,29,0,2,20,3,25,0,4,44,6,54,54,58,112,166
02/01/2012,HKS,MS,ASO,CE,Federal Contract Tower,0,4,14,4,22,0,0,2,3,5,0,4,16,7,27,34,30,64,91
02/02/2012,HKS,MS,ASO,CE,Federal Contract Tower,0,4,35,3,42,0,1,19,6,26,0,5,54,9,68,32,72,104,172
02/03/2012,HKS,MS,ASO,CE,Federal Contract Tower,0,2,6,2,10,0,0,0,0,0,0,2,6,2,10,0,0,0,10
02/04/2012,HKS,MS,ASO,CE,Federal Contract Tower,0,0,6,0,6,0,1,0,0,1,0,1,6,0,7,2,0,2,9
02/05/2012,HKS,MS,ASO,CE,Federal Contract Tower,0,0,2,0,2,0,0,9,2,11,0,0,11,2,13,52,0,52,65
02/06/2012,HKS,MS,ASO,CE,Federal Contract Tower,0,6,16,0,22,0,1,27,0,28,0,7,43,0,50,64,0,64,114
02/07/2012,HKS,MS,ASO,CE,Federal Contract Tower,0,2,21,2,25,0,0,16,8,24,0,2,37,10,49,40,54,94,143
02/08/2012,HKS,MS,ASO,CE,Federal Contract Tower,0,8,15,4,27,0,1,13,4,18,0,9,28,8,45,16,16,32,77
02/09/2012,HKS,MS,ASO,CE,Federal Contract Tower,0,4,32,4,40,0,0,14,2,16,0,4,46,6,56,46,12,58,114
02/10/2012,HKS,MS,ASO,CE,Federal Contract Tower,0,6,33,3,42,0,2,15,0,17,0,8,48,3,59,38,14,52,111
02/11/2012,HKS,MS,ASO,CE,Federal Contract Tower,0,0,15,1,16,0,0,11,0,11,0,0,26,1,27,78,0,78,105
02/12/2012,HKS,MS,ASO,CE,Federal Contract Tower,0,3,18,0,21,0,0,32,0,32,0,3,50,0,53,134,0,134,187
02/13/2012,HKS,MS,ASO,CE,Federal Contract Tower,0,4,16,0,20,0,0,2,2,4,0,4,18,2,24,0,36,36,60
02/14/2012,HKS,MS,ASO,CE,Federal Contract Tower,0,2,22,2,26,0,0,17,3,20,0,2,39,5,46,77,4,81,127
02/15/2012,HKS,MS,ASO,CE,Federal Contract Tower,0,4,22,5,31,0,0,10,1,11,0,4,32,6,42,2,38,40,82
02/16/2012,HKS,MS,ASO,CE,Federal Contract Tower,0,5,30,3,38,0,2,22,7,31,0,7,52,10,69,120,50,170,239
02/17/2012,HKS,MS,ASO,CE,Federal Contract Tower,0,4,26,0,30,0,0,19,0,19,0,4,45,0,49,40,0,40,89
02/18/2012,HKS,MS,ASO,CE,Federal Contract Tower,0,0,3,0,3,0,0,0,0,0,0,0,3,0,3,0,0,0,3
02/19/2012,HKS,MS,ASO,CE,Federal Contract Tower,0,2,11,0,13,0,0,16,0,16,0,2,27,0,29,60,0,60,89
02/20/2012,HKS,MS,ASO,CE,Federal Contract Tower,0,2,24,0,26,0,0,20,0,20,0,2,44,0,46,126,0,126,172
02/21/2012,HKS,MS,ASO,CE,Federal Contract Tower,0,3,31,3,37,0,0,17,14,31,0,3,48,17,68,64,52,116,184
02/22/2012,HKS,MS,ASO,CE,Federal Contract Tower,0,5,29,2,36,0,2,8,5,15,0,7,37,7,51,36,50,86,137
02/23/2012,HKS,MS,ASO,CE,Federal Contract Tower,0,6,23,9,38,0,0,4,13,17,0,6,27,22,55,26,34,60,115
02/24/2012,HKS,MS,ASO,CE,Federal Contract Tower,0,4,16,3,23,0,0,22,1,23,0,4,38,4,46,22,24,46,92
02/25/2012,HKS,MS,ASO,CE,Federal Contract Tower,0,2,20,0,22,0,2,56,0,58,0,4,76,0,80,98,0,98,178
02/26/2012,HKS,MS,ASO,CE,Federal Contract Tower,0,1,20,0,21,0,11,29,0,40,0,12,49,0,61,50,0,50,111
02/27/2012,HKS,MS,ASO,CE,Federal Contract Tower,0,2,19,1,22,0,2,8,5,15,0,4,27,6,37,42,34,76,113
02/28/2012,HKS,MS,ASO,CE,Federal Contract Tower,0,2,22,0,24,0,0,0,0,0,0,2,22,0,24,0,0,0,24
02/29/2012,HKS,MS,ASO,CE,Federal Contract Tower,0,4,20,0,24,0,0,12,2,14,0,4,32,2,38,36,52,88,126
03/01/2012,HKS,MS,ASO,CE,Federal Contract Tower,0,15,23,4,42,0,4,15,6,25,0,19,38,10,67,50,106,156,223
03/02/2012,HKS,MS,ASO,CE,Federal Contract Tower,0,10,13,0,23,0,0,16,4,20,0,10,29,4,43,2,0,2,45
03/03/2012,HKS,MS,ASO,CE,Federal Contract Tower,0,0,10,0,10,0,0,24,6,30,0,0,34,6,40,48,0,48,88
03/04/2012,HKS,MS,ASO,CE,Federal Contract Tower,0,0,25,0,25,0,0,13,0,13,0,0,38,0,38,56,0,56,94
03/05/2012,HKS,MS,ASO,CE,Federal Contract Tower,0,3,26,0,29,0,0,24,0,24,0,3,50,0,53,42,0,42,95
03/06/2012,HKS,MS,ASO,CE,Federal Contract Tower,0,3,25,3,31,0,4,11,8,23,0,7,36,11,54,58,30,88,142
03/07/2012,HKS,MS,ASO,CE,Federal Contract Tower,0,2,31,5,38,0,3,21,4,28,0,5,52,9,66,82,34,116,182
03/08/2012,HKS,MS,ASO,CE,Federal Contract Tower,0,4,25,4,33,0,1,8,13,22,0,5,33,17,55,18,26,44,99
03/09/2012,HKS,MS,ASO,CE,Federal Contract Tower,0,9,14,1,24,0,1,10,5,16,0,10,24,6,40,32,24,56,96
03/10/2012,HKS,MS,ASO,CE,Federal Contract Tower,0,0,13,0,13,0,0,17,0,17,0,0,30,0,30,56,0,56,86
03/11/2012,HKS,MS,ASO,CE,Federal Contract Tower,0,0,19,0,19,0,0,7,1,8,0,0,26,1,27,60,0,60,87
03/12/2012,HKS,MS,ASO,CE,Federal Contract Tower,0,2,10,0,12,0,2,15,6,23,0,4,25,6,35,26,50,76,111
03/13/2012,HKS,MS,ASO,CE,Federal Contract Tower,0,8,27,1,36,0,4,17,7,28,0,12,44,8,64,112,22,134,198
03/14/2012,HKS,MS,ASO,CE,Federal Contract Tower,0,5,28,1,34,0,0,17,4,21,0,5,45,5,55,18,0,18,73
03/15/2012,HKS,MS,ASO,CE,Federal Contract Tower,0,6,29,3,38,0,0,17,5,22,0,6,46,8,60,62,20,82,142
03/16/2012,HKS,MS,ASO,CE,Federal Contract Tower,0,9,20,2,31,0,2,13,7,22,0,11,33,9,53,22,38,60,113
03/17/2012,HKS,MS,ASO,CE,Federal Contract Tower,0,0,24,0,24,0,2,21,0,23,0,2,45,0,47,22,0,22,69
03/18/2012,HKS,MS,ASO,CE,Federal Contract Tower,0,0,14,0,14,0,4,16,0,20,0,4,30,0,34,10,0,10,44
03/19/2012,HKS,MS,ASO,CE,Federal Contract Tower,0,3,15,0,18,0,0,17,0,17,0,3,32,0,35,18,0,18,53
03/20/2012,HKS,MS,ASO,CE,Federal Contract Tower,0,4,14,2,20,0,2,14,6,22,0,6,28,8,42,24,32,56,98
03/21/2012,HKS,MS,ASO,CE,Federal Contract Tower,0,2,9,2,13,0,0,2,3,5,0,2,11,5,18,0,18,18,36
03/22/2012,HKS,MS,ASO,CE,Federal Contract Tower,0,5,9,2,16,0,0,13,1,14,0,5,22,3,30,48,0,48,78
03/23/2012,HKS,MS,ASO,CE,Federal Contract Tower,0,11,28,4,43,0,2,18,8,28,0,13,46,12,71,36,80,116,187
03/24/2012,HKS,MS,ASO,CE,Federal Contract Tower,0,2,14,1,17,0,0,40,1,41,0,2,54,2,58,62,26,88,146
03/25/2012,HKS,MS,ASO,CE,Federal Contract Tower,0,0,8,0,8,0,0,22,0,22,0,0,30,0,30,114,0,114,144
03/26/2012,HKS,MS,ASO,CE,Federal Contract Tower,0,5,26,0,31,0,0,19,13,32,0,5,45,13,63,56,38,94,157
03/27/2012,HKS,MS,ASO,CE,Federal Contract Tower,0,4,33,8,45,0,0,16,12,28,0,4,49,20,73,98,70,168,241
03/28/2012,HKS,MS,ASO,CE,Federal Contract Tower,0,3,35,5,43,0,0,10,2,12,0,3,45,7,55,16,38,54,109
03/29/2012,HKS,MS,ASO,CE,Federal Contract Tower,0,5,24,4,33,0,2,13,5,20,0,7,37,9,53,44,60,104,157
03/30/2012,HKS,MS,ASO,CE,Federal Contract Tower,0,2,30,3,35,0,0,5,1,6,0,2,35,4,41,8,8,16,57
03/31/2012,HKS,MS,ASO,CE,Federal Contract Tower,0,0,23,3,26,0,0,18,0,18,0,0,41,3,44,68,0,68,112
04/01/2012,HKS,MS,ASO,CE,Federal Contract Tower,0,0,21,2,23,0,0,21,0,21,0,0,42,2,44,30,0,30,74
04/02/2012,HKS,MS,ASO,CE,Federal Contract Tower,0,7,28,2,37,0,0,6,0,6,0,7,34,2,43,18,0,18,61
04/03/2012,HKS,MS,ASO,CE,Federal Contract Tower,0,7,23,2,32,0,0,12,7,19,0,7,35,9,51,0,62,62,113
04/04/2012,HKS,MS,ASO,CE,Federal Contract Tower,0,5,12,0,17,0,0,16,7,23,0,5,28,7,40,12,12,24,64
04/05/2012,HKS,MS,ASO,CE,Federal Contract Tower,0,2,17,0,19,0,0,18,7,25,0,2,35,7,44,8,14,22,66
04/06/2012,HKS,MS,ASO,CE,Federal Contract Tower,0,3,27,0,30,0,3,22,4,29,0,6,49,4,59,56,4,60,119
04/07/2012,HKS,MS,ASO,CE,Federal Contract Tower,0,0,8,0,8,0,4,33,2,39,0,4,41,2,47,54,0,54,101
04/08/2012,HKS,MS,ASO,CE,Federal Contract Tower,0,0,13,0,13,0,2,10,0,12,0,2,23,0,25,10,0,10,35
04/09/2012,HKS,MS,ASO,CE,Federal Contract Tower,0,7,13,2,22,0,1,24,2,27,0,8,37,4,49,8,6,14,63
04/10/2012,HKS,MS,ASO,CE,Federal Contract Tower,0,2,28,2,32,0,0,20,6,26,0,2,48,8,58,38,24,62,120
04/11/2012,HKS,MS,ASO,CE,Federal Contract Tower,0,3,23,0,26,0,1,7,0,8,0,4,30,0,34,2,0,2,36
04/12/2012,HKS,MS,ASO,CE,Federal Contract Tower,0,3,27,1,31,0,0,17,4,21,0,3,44,5,52,44,0,44,96
04/13/2012,HKS,MS,ASO,CE,Federal Contract Tower,0,6,28,2,36,0,2,17,4,23,0,8,45,6,59,18,22,40,99
04/14/2012,HKS,MS,ASO,CE,Federal Contract Tower,0,2,7,0,9,0,0,13,0,13,0,2,20,0,22,24,98,122,144
04/15/2012,HKS,MS,ASO,CE,Federal Contract Tower,0,3,17,0,20,0,2,11,4,17,0,5,28,4,37,24,0,24,61
04/16/2012,HKS,MS,ASO,CE,Federal Contract Tower,0,3,17,0,20,0,2,6,0,8,0,5,23,0,28,2,0,2,30
04/17/2012,HKS,MS,ASO,CE,Federal Contract Tower,0,7,16,0,23,0,0,2,0,2,0,7,18,0,25,0,0,0,25
04/18/2012,HKS,MS,ASO,CE,Federal Contract Tower,0,3,29,0,32,0,2,12,2,16,0,5,41,2,48,70,0,70,118
04/19/2012,HKS,MS,ASO,CE,Federal Contract Tower,0,7,25,0,32,0,0,35,2,37,0,7,60,2,69,52,0,52,121
04/20/2012,HKS,MS,ASO,CE,Federal Contract Tower,0,9,20,0,29,0,4,14,0,18,0,13,34,0,47,68,0,68,115
04/21/2012,HKS,MS,ASO,CE,Federal Contract Tower,0,1,4,0,5,0,0,0,1,1,0,1,4,1,6,42,0,42,48
04/22/2012,HKS,MS,ASO,CE,Federal Contract Tower,0,1,12,0,13,0,0,19,0,19,0,1,31,0,32,62,0,62,94
04/23/2012,HKS,MS,ASO,CE,Federal Contract Tower,0,4,18,0,22,0,2,23,5,30,0,6,41,5,52,17,14,31,83
04/24/2012,HKS,MS,ASO,CE,Federal Contract Tower,0,5,33,0,38,0,0,28,10,38,0,5,61,10,76,48,18,66,142
04/25/2012,HKS,MS,ASO,CE,Federal Contract Tower,0,8,12,7,27,0,0,23,6,29,0,8,35,13,56,34,22,56,112
04/26/2012,HKS,MS,ASO,CE,Federal Contract Tower,0,6,21,1,28,0,0,18,3,21,0,6,39,4,49,75,0,75,124
04/27/2012,HKS,MS,ASO,CE,Federal Contract Tower,0,3,27,4,34,0,0,29,4,33,0,3,56,8,67,86,22,108,175
04/28/2012,HKS,MS,ASO,CE,Federal Contract Tower,0,0,9,0,9,0,2,26,0,28,0,2,35,0,37,46,0,46,83
04/29/2012,HKS,MS,ASO,CE,Federal Contract Tower,0,0,20,0,20,0,0,22,0,22,0,0,42,0,42,52,0,52,94
04/30/2012,HKS,MS,ASO,CE,Federal Contract Tower,0,2,34,0,36,0,0,11,0,11,0,2,45,0,47,22,0,22,69
05/01/2012,HKS,MS,ASO,CE,Federal Contract Tower,0,2,22,0,24,0,0,19,9,28,0,2,41,9,52,92,40,132,184
05/02/2012,HKS,MS,ASO,CE,Federal Contract Tower,0,3,24,0,27,0,0,6,2,8,0,3,30,2,35,10,0,10,45
05/03/2012,HKS,MS,ASO,CE,Federal Contract Tower,0,4,29,8,41,0,0,12,5,17,0,4,41,13,58,62,24,86,144
05/04/2012,HKS,MS,ASO,CE,Federal Contract Tower,0,6,26,2,34,0,0,11,2,13,0,6,37,4,47,60,28,88,135
05/05/2012,HKS,MS,ASO,CE,Federal Contract Tower,0,2,31,0,33,0,0,31,0,31,0,2,62,0,64,94,0,94,158
05/06/2012,HKS,MS,ASO,CE,Federal Contract Tower,0,0,17,0,17,0,1,16,6,23,0,1,33,6,40,26,10,36,76
05/07/2012,HKS,MS,ASO,CE,Federal Contract Tower,0,3,15,1,19,0,0,10,3,13,0,3,25,4,32,4,10,14,46
05/08/2012,HKS,MS,ASO,CE,Federal Contract Tower,0,3,20,2,25,0,0,7,7,14,0,3,27,9,39,52,82,134,173
05/09/2012,HKS,MS,ASO,CE,Federal Contract Tower,0,9,25,7,41,0,1,11,1,13,0,10,36,8,54,26,22,48,102
05/10/2012,HKS,MS,ASO,CE,Federal Contract Tower,0,6,12,0,18,0,0,20,7,27,0,6,32,7,45,70,2,72,117
05/11/2012,HKS,MS,ASO,CE,Federal Contract Tower,0,5,14,0,19,0,1,26,5,32,0,6,40,5,51,24,4,28,79
05/12/2012,HKS,MS,ASO,CE,Federal Contract Tower,0,0,6,0,6,0,0,2,0,2,0,0,8,0,8,0,0,0,8
05/13/2012,HKS,MS,ASO,CE,Federal Contract Tower,0,4,10,0,14,0,1,0,0,1,0,5,10,0,15,6,0,6,21
05/14/2012,HKS,MS,ASO,CE,Federal Contract Tower,0,4,31,0,35,0,0,21,0,21,0,4,52,0,56,26,0,26,82
05/15/2012,HKS,MS,ASO,CE,Federal Contract Tower,0,3,26,5,34,0,0,24,9,33,0,3,50,14,67,96,30,126,193
05/16/2012,HKS,MS,ASO,CE,Federal Contract Tower,0,7,24,3,34,0,0,32,5,37,0,7,56,8,71,34,18,52,123
05/17/2012,HKS,MS,ASO,CE,Federal Contract Tower,0,9,19,2,30,0,0,17,0,17,0,9,36,2,47,36,2,38,85
05/18/2012,HKS,MS,ASO,CE,Federal Contract Tower,0,10,29,2,41,0,2,29,2,33,0,12,58,4,74,38,20,58,132
05/19/2012,HKS,MS,ASO,CE,Federal Contract Tower,0,0,13,1,14,0,4,32,1,37,0,4,45,2,51,44,0,44,95
05/20/2012,HKS,MS,ASO,CE,Federal Contract Tower,0,1,14,0,15,0,0,30,0,30,0,1,44,0,45,72,0,72,117
05/21/2012,HKS,MS,ASO,CE,Federal Contract Tower,0,5,16,0,21,0,2,21,2,25,0,7,37,2,46,18,0,18,64
05/22/2012,HKS,MS,ASO,CE,Federal Contract Tower,0,4,23,2,29,0,0,36,7,43,0,4,59,9,72,20,34,54,126
05/23/2012,HKS,MS,ASO,CE,Federal Contract Tower,0,8,15,0,23,0,4,21,5,30,0,12,36,5,53,26,20,46,99
05/24/2012,HKS,MS,ASO,CE,Federal Contract Tower,0,12,27,0,39,0,0,21,4,25,0,12,48,4,64,34,0,34,98
05/25/2012,HKS,MS,ASO,CE,Federal Contract Tower,0,13,29,0,42,0,5,28,0,33,0,18,57,0,75,18,0,18,93
05/26/2012,HKS,MS,ASO,CE,Federal Contract Tower,0,0,8,0,8,0,0,20,0,20,0,0,28,0,28,58,0,58,86
05/27/2012,HKS,MS,ASO,CE,Federal Contract Tower,0,1,17,0,18,0,0,15,3,18,0,1,32,3,36,40,0,40,76
05/28/2012,HKS,MS,ASO,CE,Federal Contract Tower,0,2,15,0,17,0,2,14,0,16,0,4,29,0,33,14,0,14,47
05/29/2012,HKS,MS,ASO,CE,Federal Contract Tower,0,4,24,2,30,0,0,19,8,27,0,4,43,10,57,66,0,66,123
05/30/2012,HKS,MS,ASO,CE,Federal Contract Tower,0,6,18,0,24,0,0,15,0,15,0,6,33,0,39,0,0,0,39
05/31/2012,HKS,MS,ASO,CE,Federal Contract Tower,0,2,9,2,13,0,0,6,0,6,0,2,15,2,19,16,18,34,53
06/01/2012,HKS,MS,ASO,CE,Federal Contract Tower,0,6,12,0,18,0,0,21,2,23,0,6,33,2,41,6,4,10,51
06/02/2012,HKS,MS,ASO,CE,Federal Contract Tower,0,2,12,0,14,0,0,55,4,59,0,2,67,4,73,30,0,30,103
06/03/2012,HKS,MS,ASO,CE,Federal Contract Tower,0,2,2,0,4,0,0,17,0,17,0,2,19,0,21,22,0,22,43
06/04/2012,HKS,MS,ASO,CE,Federal Contract Tower,0,10,13,0,23,0,1,13,7,21,0,11,26,7,44,6,0,6,50
06/05/2012,HKS,MS,ASO,CE,Federal Contract Tower,0,6,15,0,21,0,0,21,4,25,0,6,36,4,46,42,0,42,88
06/06/2012,HKS,MS,ASO,CE,Federal Contract Tower,0,4,18,0,22,0,1,35,2,38,0,5,53,2,60,14,0,14,74
06/07/2012,HKS,MS,ASO,CE,Federal Contract Tower,0,11,13,2,26,0,4,24,2,30,0,15,37,4,56,38,4,42,98
06/08/2012,HKS,MS,ASO,CE,Federal Contract Tower,0,11,8,0,19,0,0,15,3,18,0,11,23,3,37,10,0,10,47
06/09/2012,HKS,MS,ASO,CE,Federal Contract Tower,0,4,10,2,16,0,0,5,0,5,0,4,15,2,21,6,0,6,27
06/10/2012,HKS,MS,ASO,CE,Federal Contract Tower,0,4,9,0,13,0,0,5,0,5,0,4,14,0,18,26,16,42,60
06/11/2012,HKS,MS,ASO,CE,Federal Contract Tower,0,5,23,0,28,0,4,21,0,25,0,9,44,0,53,14,8,22,75
06/12/2012,HKS,MS,ASO,CE,Federal Contract Tower,0,4,15,0,19,0,1,4,1,6,0,5,19,1,25,0,4,4,29
06/13/2012,HKS,MS,ASO,CE,Federal Contract Tower,0,4,23,0,27,0,2,22,2,26,0,6,45,2,53,22,0,22,75
06/14/2012,HKS,MS,ASO,CE,Federal Contract Tower,0,4,26,0,30,0,2,33,6,41,0,6,59,6,71,38,0,38,109
06/15/2012,HKS,MS,ASO,CE,Federal Contract Tower,0,3,18,0,21,0,2,16,0,18,0,5,34,0,39,8,0,8,47
06/16/2012,HKS,MS,ASO,CE,Federal Contract Tower,0,3,5,0,8,0,0,25,3,28,0,3,30,3,36,44,0,44,80
06/17/2012,HKS,MS,ASO,CE,Federal Contract Tower,0,1,4,1,6,0,4,37,0,41,0,5,41,1,47,64,0,64,111
06/18/2012,HKS,MS,ASO,CE,Federal Contract Tower,0,4,25,0,29,0,0,25,9,34,0,4,50,9,63,70,8,78,141
06/19/2012,HKS,MS,ASO,CE,Federal Contract Tower,0,6,15,0,21,0,0,24,6,30,0,6,39,6,51,40,0,40,91
06/20/2012,HKS,MS,ASO,CE,Federal Contract Tower,0,8,13,2,23,0,2,15,2,19,0,10,28,4,42,24,10,34,76
06/21/2012,HKS,MS,ASO,CE,Federal Contract Tower,0,12,24,0,36,0,0,15,3,18,0,12,39,3,54,24,0,24,78
06/22/2012,HKS,MS,ASO,CE,Federal Contract Tower,0,15,18,2,35,0,1,22,4,27,0,16,40,6,62,10,8,18,80
06/23/2012,HKS,MS,ASO,CE,Federal Contract Tower,0,4,12,1,17,0,1,20,0,21,0,5,32,1,38,48,0,48,86
06/24/2012,HKS,MS,ASO,CE,Federal Contract Tower,0,2,16,0,18,0,2,21,0,23,0,4,37,0,41,106,0,106,147
06/25/2012,HKS,MS,ASO,CE,Federal Contract Tower,0,6,9,0,15,0,0,17,2,19,0,6,26,2,34,36,0,36,70
06/26/2012,HKS,MS,ASO,CE,Federal Contract Tower,0,7,18,2,27,0,2,27,13,42,0,9,45,15,69,28,40,68,137
06/27/2012,HKS,MS,ASO,CE,Federal Contract Tower,0,6,17,7,30,0,2,25,10,37,0,8,42,17,67,8,34,42,109
06/28/2012,HKS,MS,ASO,CE,Federal Contract Tower,0,7,25,3,35,0,0,21,6,27,0,7,46,9,62,36,60,96,158
06/29/2012,HKS,MS,ASO,CE,Federal Contract Tower,0,6,16,0,22,0,0,17,3,20,0,6,33,3,42,26,6,32,74
06/30/2012,HKS,MS,ASO,CE,Federal Contract Tower,0,2,17,0,19,0,0,20,0,20,0,2,37,0,39,48,0,48,87
07/01/2012,HKS,MS,ASO,CE,Federal Contract Tower,0,0,14,0,14,0,1,20,0,21,0,1,34,0,35,60,0,60,95
07/02/2012,HKS,MS,ASO,CE,Federal Contract Tower,0,2,11,1,14,0,0,22,1,23,0,2,33,2,37,2,12,14,51
07/03/2012,HKS,MS,ASO,CE,Federal Contract Tower,0,8,15,4,27,0,0,11,5,16,0,8,26,9,43,24,60,84,127
07/04/2012,HKS,MS,ASO,CE,Federal Contract Tower,0,2,5,0,7,0,0,15,0,15,0,2,20,0,22,6,0,6,28
07/05/2012,HKS,MS,ASO,CE,Federal Contract Tower,0,2,7,3,12,0,0,17,11,28,0,2,24,14,40,24,24,48,88
07/06/2012,HKS,MS,ASO,CE,Federal Contract Tower,0,2,8,1,11,0,0,22,3,25,0,2,30,4,36,32,6,38,74
07/07/2012,HKS,MS,ASO,CE,Federal Contract Tower,0,0,10,0,10,0,0,21,0,21,0,0,31,0,31,58,0,58,89
07/08/2012,HKS,MS,ASO,CE,Federal Contract Tower,0,0,14,0,14,0,0,11,0,11,0,0,25,0,25,0,0,0,25
07/09/2012,HKS,MS,ASO,CE,Federal Contract Tower,0,3,11,0,14,0,0,6,0,6,0,3,17,0,20,16,0,16,36
07/10/2012,HKS,MS,ASO,CE,Federal Contract Tower,0,3,16,1,20,0,2,5,11,18,0,5,21,12,38,0,28,28,66
07/11/2012,HKS,MS,ASO,CE,Federal Contract Tower,0,4,17,2,23,0,0,5,5,10,0,4,22,7,33,10,8,18,51
07/12/2012,HKS,MS,ASO,CE,Federal Contract Tower,0,6,20,0,26,0,0,7,7,14,0,6,27,7,40,0,26,26,66
07/13/2012,HKS,MS,ASO,CE,Federal Contract Tower,0,3,8,3,14,0,0,16,0,16,0,3,24,3,30,26,10,36,66
07/14/2012,HKS,MS,ASO,CE,Federal Contract Tower,0,2,6,2,10,0,0,13,0,13,0,2,19,2,23,84,10,94,117
07/15/2012,HKS,MS,ASO,CE,Federal Contract Tower,0,0,10,0,10,0,0,9,0,9,0,0,19,0,19,12,0,12,31
07/16/2012,HKS,MS,ASO,CE,Federal Contract Tower,0,8,15,0,23,0,0,21,7,28,0,8,36,7,51,44,0,44,95
07/17/2012,HKS,MS,ASO,CE,Federal Contract Tower,0,3,16,0,19,0,0,26,9,35,0,3,42,9,54,32,30,62,116
07/18/2012,HKS,MS,ASO,CE,Federal Contract Tower,0,4,22,0,26,0,2,25,10,37,0,6,47,10,63,32,48,80,143
07/19/2012,HKS,MS,ASO,CE,Federal Contract Tower,0,9,17,1,27,0,0,13,7,20,0,9,30,8,47,2,20,22,69
07/20/2012,HKS,MS,ASO,CE,Federal Contract Tower,0,9,12,2,23,0,2,22,4,28,0,11,34,6,51,40,18,58,109
07/21/2012,HKS,MS,ASO,CE,Federal Contract Tower,0,0,10,1,11,0,0,26,5,31,0,0,36,6,42,14,0,14,56
07/22/2012,HKS,MS,ASO,CE,Federal Contract Tower,0,0,21,2,23,0,0,15,0,15,0,0,36,2,38,34,0,34,72
07/23/2012,HKS,MS,ASO,CE,Federal Contract Tower,0,6,8,0,14,0,0,9,0,9,0,6,17,0,23,4,0,4,27
07/24/2012,HKS,MS,ASO,CE,Federal Contract Tower,0,3,14,1,18,0,0,36,6,42,0,3,50,7,60,54,20,74,134
07/25/2012,HKS,MS,ASO,CE,Federal Contract Tower,0,6,21,2,29,0,0,27,5,32,0,6,48,7,61,62,12,74,135
07/26/2012,HKS,MS,ASO,CE,Federal Contract Tower,0,5,16,8,29,0,7,20,7,34,0,12,36,15,63,26,40,66,129
07/27/2012,HKS,MS,ASO,CE,Federal Contract Tower,0,3,10,2,15,0,2,13,12,27,0,5,23,14,42,16,0,16,58
07/28/2012,HKS,MS,ASO,CE,Federal Contract Tower,0,5,13,0,18,0,0,23,0,23,0,5,36,0,41,80,0,80,121
07/29/2012,HKS,MS,ASO,CE,Federal Contract Tower,0,0,13,0,13,0,0,14,0,14,0,0,27,0,27,12,0,12,39
07/30/2012,HKS,MS,ASO,CE,Federal Contract Tower,0,2,18,4,24,0,3,16,3,22,0,5,34,7,46,30,22,52,98
07/31/2012,HKS,MS,ASO,CE,Federal Contract Tower,0,7,13,2,22,0,1,19,7,27,0,8,32,9,49,96,4,100,149
08/01/2012,HKS,MS,ASO,CE,Federal Contract Tower,0,3,12,1,16,0,0,17,8,25,0,3,29,9,41,42,92,134,175
08/02/2012,HKS,MS,ASO,CE,Federal Contract Tower,0,5,12,2,19,0,0,10,13,23,0,5,22,15,42,10,8,18,60
08/03/2012,HKS,MS,ASO,CE,Federal Contract Tower,0,4,7,0,11,0,0,17,5,22,0,4,24,5,33,24,28,52,85
08/04/2012,HKS,MS,ASO,CE,Federal Contract Tower,0,2,5,0,7,0,2,23,7,32,0,4,28,7,39,38,76,114,153
08/05/2012,HKS,MS,ASO,CE,Federal Contract Tower,0,11,0,0,11,0,0,14,3,17,0,11,14,3,28,8,0,8,36
08/06/2012,HKS,MS,ASO,CE,Federal Contract Tower,0,5,7,0,12,0,0,13,4,17,0,5,20,4,29,2,8,10,39
08/07/2012,HKS,MS,ASO,CE,Federal Contract Tower,0,2,34,4,40,0,2,21,17,40,0,4,55,21,80,22,28,50,130
08/08/2012,HKS,MS,ASO,CE,Federal Contract Tower,0,6,16,1,23,0,3,18,4,25,0,9,34,5,48,74,34,108,156
08/09/2012,HKS,MS,ASO,CE,Federal Contract Tower,0,2,16,3,21,0,0,9,6,15,0,2,25,9,36,24,10,34,70
08/10/2012,HKS,MS,ASO,CE,Federal Contract Tower,0,4,16,2,22,0,1,11,4,16,0,5,27,6,38,24,40,64,102
08/11/2012,HKS,MS,ASO,CE,Federal Contract Tower,0,3,8,0,11,0,0,31,0,31,0,3,39,0,42,4,0,4,46
08/12/2012,HKS,MS,ASO,CE,Federal Contract Tower,0,0,9,0,9,0,4,21,2,27,0,4,30,2,36,42,4,46,82
08/13/2012,HKS,MS,ASO,CE,Federal Contract Tower,0,8,14,5,27,0,0,5,3,8,0,8,19,8,35,2,8,10,45
08/14/2012,HKS,MS,ASO,CE,Federal Contract Tower,0,12,27,2,41,0,0,10,5,15,0,12,37,7,56,42,14,56,112
08/15/2012,HKS,MS,ASO,CE,Federal Contract Tower,0,5,9,2,16,0,1,9,5,15,0,6,18,7,31,36,0,36,67
08/16/2012,HKS,MS,ASO,CE,Federal Contract Tower,0,8,24,1,33,0,2,8,8,18,0,10,32,9,51,26,60,86,137
08/17/2012,HKS,MS,ASO,CE,Federal Contract Tower,0,9,12,0,21,0,0,7,2,9,0,9,19,2,30,6,0,6,36
08/18/2012,HKS,MS,ASO,CE,Federal Contract Tower,0,2,6,0,8,0,0,12,0,12,0,2,18,0,20,20,0,20,40
08/19/2012,HKS,MS,ASO,CE,Federal Contract Tower,0,4,16,0,20,0,1,11,0,12,0,5,27,0,32,8,0,8,40
08/20/2012,HKS,MS,ASO,CE,Federal Contract Tower,0,6,23,0,29,0,0,3,0,3,0,6,26,0,32,0,0,0,32
08/21/2012,HKS,MS,ASO,CE,Federal Contract Tower,0,4,24,2,30,0,0,33,10,43,0,4,57,12,73,68,36,104,177
08/22/2012,HKS,MS,ASO,CE,Federal Contract Tower,0,5,31,2,38,0,0,34,4,38,0,5,65,6,76,20,24,44,120
08/23/2012,HKS,MS,ASO,CE,Federal Contract Tower,0,3,16,4,23,0,0,24,5,29,0,3,40,9,52,74,2,76,128
08/24/2012,HKS,MS,ASO,CE,Federal Contract Tower,0,4,21,4,29,0,2,11,8,21,0,6,32,12,50,18,36,54,104
08/25/2012,HKS,MS,ASO,CE,Federal Contract Tower,0,6,17,1,24,0,0,16,13,29,0,6,33,14,53,16,12,28,81
08/26/2012,HKS,MS,ASO,CE,Federal Contract Tower,0,0,14,4,18,0,0,23,5,28,0,0,37,9,46,10,8,18,64
08/27/2012,HKS,MS,ASO,CE,Federal Contract Tower,0,11,8,0,19,0,0,9,3,12,0,11,17,3,31,4,2,6,37
08/28/2012,HKS,MS,ASO,CE,Federal Contract Tower,0,7,8,0,15,0,0,3,0,3,0,7,11,0,18,0,34,34,52
08/29/2012,HKS,MS,ASO,CE,Federal Contract Tower,0,0,1,0,1,0,0,1,0,1,0,0,2,0,2,0,0,0,2
08/30/2012,HKS,MS,ASO,CE,Federal Contract Tower,0,4,0,0,4,0,0,0,2,2,0,4,0,2,6,0,0,0,6
08/31/2012,HKS,MS,ASO,CE,Federal Contract Tower,0,4,12,0,16,0,0,8,3,11,0,4,20,3,27,2,0,2,29
09/01/2012,HKS,MS,ASO,CE,Federal Contract Tower,0,0,15,0,15,0,0,10,10,20,0,0,25,10,35,18,0,18,53
09/02/2012,HKS,MS,ASO,CE,Federal Contract Tower,0,0,6,0,6,0,0,15,1,16,0,0,21,1,22,10,0,10,32
09/03/2012,HKS,MS,ASO,CE,Federal Contract Tower,0,0,20,2,22,0,0,14,1,15,0,0,34,3,37,6,0,6,43
09/04/2012,HKS,MS,ASO,CE,Federal Contract Tower,0,5,26,3,34,0,0,16,9,25,0,5,42,12,59,34,82,116,175
09/05/2012,HKS,MS,ASO,CE,Federal Contract Tower,0,3,13,6,22,0,1,12,8,21,0,4,25,14,43,6,24,30,73
09/06/2012,HKS,MS,ASO,CE,Federal Contract Tower,0,2,16,2,20,0,0,14,4,18,0,2,30,6,38,10,16,26,64
09/07/2012,HKS,MS,ASO,CE,Federal Contract Tower,0,2,14,2,18,0,2,9,3,14,0,4,23,5,32,24,20,44,76
09/08/2012,HKS,MS,ASO,CE,Federal Contract Tower,0,0,12,2,14,0,0,4,8,12,0,0,16,10,26,16,0,16,42
09/09/2012,HKS,MS,ASO,CE,Federal Contract Tower,0,0,16,2,18,0,0,22,2,24,0,0,38,4,42,22,0,22,64
09/10/2012,HKS,MS,ASO,CE,Federal Contract Tower,0,2,10,2,14,0,2,24,4,30,0,4,34,6,44,24,0,24,68
09/11/2012,HKS,MS,ASO,CE,Federal Contract Tower,0,4,16,9,29,0,0,32,14,46,0,4,48,23,75,12,30,42,117
09/12/2012,HKS,MS,ASO,CE,Federal Contract Tower,0,6,29,2,37,0,0,27,9,36,0,6,56,11,73,40,12,52,125
09/13/2012,HKS,MS,ASO,CE,Federal Contract Tower,0,4,31,4,39,0,0,15,18,33,0,4,46,22,72,22,42,64,136
09/14/2012,HKS,MS,ASO,CE,Federal Contract Tower,0,2,18,3,23,0,0,22,5,27,0,2,40,8,50,38,8,46,96
09/15/2012,HKS,MS,ASO,CE,Federal Contract Tower,0,0,6,0,6,0,0,33,0,33,0,0,39,0,39,76,0,76,115
09/16/2012,HKS,MS,ASO,CE,Federal Contract Tower,0,2,13,0,15,0,0,20,0,20,0,2,33,0,35,30,0,30,65
09/17/2012,HKS,MS,ASO,CE,Federal Contract Tower,0,2,9,0,11,0,0,0,0,0,0,2,9,0,11,2,0,2,13
09/18/2012,HKS,MS,ASO,CE,Federal Contract Tower,0,2,18,2,22,0,0,13,0,13,0,2,31,2,35,6,0,6,41
09/19/2012,HKS,MS,ASO,CE,Federal Contract Tower,0,2,23,2,27,0,0,24,5,29,0,2,47,7,56,12,2,14,70
09/20/2012,HKS,MS,ASO,CE,Federal Contract Tower,0,5,19,0,24,0,0,30,1,31,0,5,49,1,55,42,2,44,99
09/21/2012,HKS,MS,ASO,CE,Federal Contract Tower,0,2,14,1,17,0,0,18,1,19,0,2,32,2,36,12,10,22,58
09/22/2012,HKS,MS,ASO,CE,Federal Contract Tower,0,2,6,2,10,0,0,18,0,18,0,2,24,2,28,80,0,80,108
09/23/2012,HKS,MS,ASO,CE,Federal Contract Tower,0,1,18,0,19,0,1,22,0,23,0,2,40,0,42,54,0,54,96
09/24/2012,HKS,MS,ASO,CE,Federal Contract Tower,0,4,19,1,24,0,0,12,2,14,0,4,31,3,38,0,22,22,60
09/25/2012,HKS,MS,ASO,CE,Federal Contract Tower,0,5,14,6,25,0,4,22,0,26,0,9,36,6,51,18,34,52,103
09/26/2012,HKS,MS,ASO,CE,Federal Contract Tower,0,2,29,4,35,0,0,30,1,31,0,2,59,5,66,22,10,32,98
09/27/2012,HKS,MS,ASO,CE,Federal Contract Tower,0,6,11,1,18,0,1,23,4,28,0,7,34,5,46,66,14,80,126
09/28/2012,HKS,MS,ASO,CE,Federal Contract Tower,0,3,18,5,26,0,2,16,4,22,0,5,34,9,48,20,4,24,72
09/29/2012,HKS,MS,ASO,CE,Federal Contract Tower,0,2,11,0,13,0,0,13,0,13,0,2,24,0,26,32,0,32,58
09/30/2012,HKS,MS,ASO,CE,Federal Contract Tower,0,0,3,2,5,0,0,0,0,0,0,0,3,2,5,4,0,4,9
10/01/2012,HKS,MS,ASO,CE,Federal Contract Tower,0,8,17,0,25,0,0,1,0,1,0,8,18,0,26,2,0,2,28
10/02/2012,HKS,MS,ASO,CE,Federal Contract Tower,0,8,20,5,33,0,0,19,9,28,0,8,39,14,61,34,16,50,111
10/03/2012,HKS,MS,ASO,CE,Federal Contract Tower,0,6,18,1,25,0,1,19,5,25,0,7,37,6,50,40,4,44,94
10/04/2012,HKS,MS,ASO,CE,Federal Contract Tower,0,3,26,5,34,0,1,25,7,33,0,4,51,12,67,22,4,26,93
10/05/2012,HKS,MS,ASO,CE,Federal Contract Tower,0,2,17,0,19,0,0,25,5,30,0,2,42,5,49,82,8,90,139
10/06/2012,HKS,MS,ASO,CE,Federal Contract Tower,0,1,12,0,13,0,0,6,5,11,0,1,18,5,24,10,0,10,34
10/07/2012,HKS,MS,ASO,CE,Federal Contract Tower,0,1,21,0,22,0,0,2,0,2,0,1,23,0,24,18,0,18,42
10/08/2012,HKS,MS,ASO,CE,Federal Contract Tower,0,6,18,0,24,0,0,14,0,14,0,6,32,0,38,16,0,16,54
10/09/2012,HKS,MS,ASO,CE,Federal Contract Tower,0,6,28,4,38,0,0,31,4,35,0,6,59,8,73,44,0,44,117
10/10/2012,HKS,MS,ASO,CE,Federal Contract Tower,0,4,20,3,27,0,0,15,3,18,0,4,35,6,45,68,14,82,127
10/11/2012,HKS,MS,ASO,CE,Federal Contract Tower,0,5,19,2,26,0,2,16,4,22,0,7,35,6,48,58,20,78,126
10/12/2012,HKS,MS,ASO,CE,Federal Contract Tower,0,5,16,0,21,0,0,16,2,18,0,5,32,2,39,10,0,10,49
10/13/2012,HKS,MS,ASO,CE,Federal Contract Tower,0,0,17,0,17,0,0,19,0,19,0,0,36,0,36,38,0,38,74
10/14/2012,HKS,MS,ASO,CE,Federal Contract Tower,0,2,11,0,13,0,0,5,0,5,0,2,16,0,18,14,0,14,32
10/15/2012,HKS,MS,ASO,CE,Federal Contract Tower,0,5,13,0,18,0,2,9,0,11,0,7,22,0,29,14,0,14,43
10/16/2012,HKS,MS,ASO,CE,Federal Contract Tower,0,5,21,5,31,0,4,33,8,45,0,9,54,13,76,42,90,132,208
10/17/2012,HKS,MS,ASO,CE,Federal Contract Tower,0,5,24,1,30,0,0,21,4,25,0,5,45,5,55,30,10,40,95
10/18/2012,HKS,MS,ASO,CE,Federal Contract Tower,0,7,17,0,24,0,0,10,5,15,0,7,27,5,39,4,8,12,51
10/19/2012,HKS,MS,ASO,CE,Federal Contract Tower,0,4,22,2,28,0,1,19,3,23,0,5,41,5,51,4,0,4,55
10/20/2012,HKS,MS,ASO,CE,Federal Contract Tower,0,1,3,0,4,0,0,25,0,25,0,1,28,0,29,2,0,2,31
10/21/2012,HKS,MS,ASO,CE,Federal Contract Tower,0,4,17,2,23,0,3,23,0,26,0,7,40,2,49,10,0,10,59
10/22/2012,HKS,MS,ASO,CE,Federal Contract Tower,0,4,16,0,20,0,0,13,1,14,0,4,29,1,34,54,36,90,124
10/23/2012,HKS,MS,ASO,CE,Federal Contract Tower,0,6,10,5,21,0,0,15,3,18,0,6,25,8,39,68,44,112,151
10/24/2012,HKS,MS,ASO,CE,Federal Contract Tower,0,9,18,4,31,0,0,20,2,22,0,9,38,6,53,50,24,74,127
10/25/2012,HKS,MS,ASO,CE,Federal Contract Tower,0,13,17,3,33,0,2,23,4,29,0,15,40,7,62,38,8,46,108
10/26/2012,HKS,MS,ASO,CE,Federal Contract Tower,0,18,32,6,56,0,0,15,2,17,0,18,47,8,73,30,16,46,119
10/27/2012,HKS,MS,ASO,CE,Federal Contract Tower,0,0,10,2,12,0,1,13,2,16,0,1,23,4,28,16,4,20,48
10/28/2012,HKS,MS,ASO,CE,Federal Contract Tower,0,0,22,1,23,0,2,21,3,26,0,2,43,4,49,30,6,36,85
10/29/2012,HKS,MS,ASO,CE,Federal Contract Tower,0,5,12,0,17,0,0,10,0,10,0,5,22,0,27,16,0,16,43
10/30/2012,HKS,MS,ASO,CE,Federal Contract Tower,0,6,18,0,24,0,1,14,8,23,0,7,32,8,47,10,22,32,79
10/31/2012,HKS,MS,ASO,CE,Federal Contract Tower,0,3,15,4,22,0,1,13,8,22,0,4,28,12,44,4,16,20,64
11/01/2012,HKS,MS,ASO,CE,Federal Contract Tower,0,3,12,0,15,0,1,12,2,15,0,4,24,2,30,24,0,24,54
11/02/2012,HKS,MS,ASO,CE,Federal Contract Tower,0,4,6,3,13,0,0,16,4,20,0,4,22,7,33,16,0,16,49
11/03/2012,HKS,MS,ASO,CE,Federal Contract Tower,0,1,14,1,16,0,0,36,5,41,0,1,50,6,57,20,0,20,77
11/04/2012,HKS,MS,ASO,CE,Federal Contract Tower,0,2,17,0,19,0,2,8,1,11,0,4,25,1,30,24,0,24,54
11/05/2012,HKS,MS,ASO,CE,Federal Contract Tower,0,6,14,0,20,0,0,2,0,2,0,6,16,0,22,2,0,2,24
11/06/2012,HKS,MS,ASO,CE,Federal Contract Tower,0,7,10,3,20,0,7,5,6,18,0,14,15,9,38,16,28,44,82
11/07/2012,HKS,MS,ASO,CE,Federal Contract Tower,0,6,14,1,21,0,7,21,4,32,0,13,35,5,53,12,20,32,85
11/08/2012,HKS,MS,ASO,CE,Federal Contract Tower,0,7,25,0,32,0,2,32,4,38,0,9,57,4,70,46,0,46,116
11/09/2012,HKS,MS,ASO,CE,Federal Contract Tower,0,6,13,0,19,0,0,19,1,20,0,6,32,1,39,16,0,16,55
11/10/2012,HKS,MS,ASO,CE,Federal Contract Tower,0,0,8,0,8,0,0,22,1,23,0,0,30,1,31,26,0,26,57
11/11/2012,HKS,MS,ASO,CE,Federal Contract Tower,0,2,18,0,20,0,0,6,0,6,0,2,24,0,26,6,0,6,32
11/12/2012,HKS,MS,ASO,CE,Federal Contract Tower,0,6,8,0,14,0,7,2,0,9,0,13,10,0,23,4,0,4,27
11/13/2012,HKS,MS,ASO,CE,Federal Contract Tower,0,7,15,2,24,0,0,33,7,40,0,7,48,9,64,6,64,70,134
11/14/2012,HKS,MS,ASO,CE,Federal Contract Tower,0,31,35,0,66,0,4,21,10,35,0,35,56,10,101,10,8,18,119
11/15/2012,HKS,MS,ASO,CE,Federal Contract Tower,0,11,17,1,29,0,5,31,14,50,0,16,48,15,79,8,34,42,121
11/16/2012,HKS,MS,ASO,CE,Federal Contract Tower,0,7,4,0,11,0,2,22,0,24,0,9,26,0,35,28,0,28,63
11/17/2012,HKS,MS,ASO,CE,Federal Contract Tower,0,0,8,0,8,0,4,30,0,34,0,4,38,0,42,58,0,58,100
11/18/2012,HKS,MS,ASO,CE,Federal Contract Tower,0,1,22,0,23,0,2,21,0,23,0,3,43,0,46,36,0,36,82
11/19/2012,HKS,MS,ASO,CE,Federal Contract Tower,0,2,9,1,12,0,0,22,17,39,0,2,31,18,51,36,48,84,135
11/20/2012,HKS,MS,ASO,CE,Federal Contract Tower,0,6,13,3,22,0,0,21,16,37,0,6,34,19,59,58,28,86,145
11/21/2012,HKS,MS,ASO,CE,Federal Contract Tower,0,9,15,0,24,0,1,24,0,25,0,10,39,0,49,50,0,50,99
11/22/2012,HKS,MS,ASO,CE,Federal Contract Tower,0,0,10,0,10,0,0,6,0,6,0,0,16,0,16,4,0,4,20
11/23/2012,HKS,MS,ASO,CE,Federal Contract Tower,0,3,8,0,11,0,0,3,0,3,0,3,11,0,14,6,0,6,20
11/24/2012,HKS,MS,ASO,CE,Federal Contract Tower,0,0,13,0,13,0,0,18,0,18,0,0,31,0,31,18,0,18,49
11/25/2012,HKS,MS,ASO,CE,Federal Contract Tower,0,0,12,0,12,0,0,18,0,18,0,0,30,0,30,30,0,30,60
11/26/2012,HKS,MS,ASO,CE,Federal Contract Tower,0,3,6,2,11,0,0,4,0,4,0,3,10,2,15,2,0,2,17
11/27/2012,HKS,MS,ASO,CE,Federal Contract Tower,0,2,11,2,15,0,0,1,2,3,0,2,12,4,18,0,4,4,22
11/28/2012,HKS,MS,ASO,CE,Federal Contract Tower,0,6,15,3,24,0,0,15,10,25,0,6,30,13,49,16,40,56,105
11/29/2012,HKS,MS,ASO,CE,Federal Contract Tower,0,3,25,1,29,0,2,18,2,22,0,5,43,3,51,30,18,48,99
11/30/2012,HKS,MS,ASO,CE,Federal Contract Tower,0,2,25,1,28,0,0,22,3,25,0,2,47,4,53,48,6,54,107
12/01/2012,HKS,MS,ASO,CE,Federal Contract Tower,0,2,7,1,10,0,0,17,11,28,0,2,24,12,38,26,4,30,68
12/02/2012,HKS,MS,ASO,CE,Federal Contract Tower,0,1,13,2,16,0,3,13,1,17,0,4,26,3,33,14,6,20,53
12/03/2012,HKS,MS,ASO,CE,Federal Contract Tower,0,5,8,1,14,0,2,8,1,11,0,7,16,2,25,4,24,28,53
12/04/2012,HKS,MS,ASO,CE,Federal Contract Tower,0,4,11,10,25,0,0,5,10,15,0,4,16,20,40,0,120,120,160
12/05/2012,HKS,MS,ASO,CE,Federal Contract Tower,0,8,17,4,29,0,0,0,0,0,0,8,17,4,29,4,8,12,41
12/06/2012,HKS,MS,ASO,CE,Federal Contract Tower,0,8,14,1,23,0,0,4,9,13,0,8,18,10,36,0,46,46,82
12/07/2012,HKS,MS,ASO,CE,Federal Contract Tower,0,6,19,4,29,0,0,8,5,13,0,6,27,9,42,63,10,73,115
12/08/2012,HKS,MS,ASO,CE,Federal Contract Tower,0,0,10,0,10,0,0,6,2,8,0,0,16,2,18,2,0,2,20
12/09/2012,HKS,MS,ASO,CE,Federal Contract Tower,0,0,17,2,19,0,0,3,8,11,0,0,20,10,30,6,0,6,36
12/10/2012,HKS,MS,ASO,CE,Federal Contract Tower,0,5,7,2,14,0,0,2,0,2,0,5,9,2,16,2,0,2,18
12/11/2012,HKS,MS,ASO,CE,Federal Contract Tower,0,3,34,4,41,0,2,17,14,33,0,5,51,18,74,18,50,68,142
12/12/2012,HKS,MS,ASO,CE,Federal Contract Tower,0,8,21,1,30,0,0,20,9,29,0,8,41,10,59,8,72,80,139
12/13/2012,HKS,MS,ASO,CE,Federal Contract Tower,0,9,10,3,22,0,0,14,13,27,0,9,24,16,49,16,38,54,103
12/14/2012,HKS,MS,ASO,CE,Federal Contract Tower,0,13,22,2,37,0,1,14,5,20,0,14,36,7,57,20,16,36,93
12/15/2012,HKS,MS,ASO,CE,Federal Contract Tower,0,4,17,2,23,0,0,10,0,10,0,4,27,2,33,24,4,28,61
12/16/2012,HKS,MS,ASO,CE,Federal Contract Tower,0,2,7,0,9,0,0,0,0,0,0,2,7,0,9,2,0,2,11
12/17/2012,HKS,MS,ASO,CE,Federal Contract Tower,0,4,14,3,21,0,0,7,3,10,0,4,21,6,31,8,16,24,55
12/18/2012,HKS,MS,ASO,CE,Federal Contract Tower,0,6,20,3,29,0,0,28,9,37,0,6,48,12,66,16,8,24,90
12/19/2012,HKS,MS,ASO,CE,Federal Contract Tower,0,9,13,3,25,0,0,24,7,31,0,9,37,10,56,2,8,10,66
12/20/2012,HKS,MS,ASO,CE,Federal Contract Tower,0,10,8,6,24,0,0,2,11,13,0,10,10,17,37,0,14,14,51
12/21/2012,HKS,MS,ASO,CE,Federal Contract Tower,5,8,3,0,16,0,0,12,4,16,5,8,15,4,32,54,30,84,116
12/22/2012,HKS,MS,ASO,CE,Federal Contract Tower,0,4,8,0,12,0,0,19,0,19,0,4,27,0,31,26,0,26,57
12/23/2012,HKS,MS,ASO,CE,Federal Contract Tower,0,0,8,0,8,0,0,3,0,3,0,0,11,0,11,0,0,0,11
12/24/2012,HKS,MS,ASO,CE,Federal Contract Tower,0,2,8,0,10,0,0,9,2,11,0,2,17,2,21,22,0,22,43
12/25/2012,HKS,MS,ASO,CE,Federal Contract Tower,0,2,0,0,2,0,0,0,0,0,0,2,0,0,2,0,0,0,2
12/26/2012,HKS,MS,ASO,CE,Federal Contract Tower,0,2,4,0,6,0,0,2,4,6,0,2,6,4,12,0,12,12,24
12/27/2012,HKS,MS,ASO,CE,Federal Contract Tower,0,2,8,0,10,0,2,6,6,14,0,4,14,6,24,8,6,14,38
12/28/2012,HKS,MS,ASO,CE,Federal Contract Tower,0,2,2,0,4,0,0,0,2,2,0,2,2,2,6,0,34,34,40
12/29/2012,HKS,MS,ASO,CE,Federal Contract Tower,0,0,6,0,6,0,0,8,0,8,0,0,14,0,14,46,0,46,60
12/30/2012,HKS,MS,ASO,CE,Federal Contract Tower,0,0,8,0,8,0,2,21,0,23,0,2,29,0,31,42,0,42,73
12/31/2012,HKS,MS,ASO,CE,Federal Contract Tower,0,2,6,0,8,0,0,8,0,8,0,2,14,0,16,4,0,4,20
01/01/2013,HKS,MS,ASO,CE,Federal Contract Tower,0,0,0,0,0,0,0,0,0,0,0,0,0,0,0,0,0,0,0
01/02/2013,HKS,MS,ASO,CE,Federal Contract Tower,0,2,16,1,19,0,0,0,1,1,0,2,16,2,20,0,0,0,20
01/03/2013,HKS,MS,ASO,CE,Federal Contract Tower,0,4,12,6,22,0,0,11,5,16,0,4,23,11,38,16,12,28,66
01/04/2013,HKS,MS,ASO,CE,Federal Contract Tower,0,2,13,2,17,0,0,14,0,14,0,2,27,2,31,36,18,54,85
01/05/2013,HKS,MS,ASO,CE,Federal Contract Tower,0,3,20,0,23,0,0,4,0,4,0,3,24,0,27,10,0,10,37
01/06/2013,HKS,MS,ASO,CE,Federal Contract Tower,0,0,10,0,10,0,0,13,0,13,0,0,23,0,23,36,0,36,59
01/07/2013,HKS,MS,ASO,CE,Federal Contract Tower,0,3,20,0,23,0,0,29,0,29,0,3,49,0,52,28,0,28,80
01/08/2013,HKS,MS,ASO,CE,Federal Contract Tower,0,6,20,3,29,0,2,26,11,39,0,8,46,14,68,12,40,52,120
01/09/2013,HKS,MS,ASO,CE,Federal Contract Tower,0,6,13,1,20,0,0,0,0,0,0,6,13,1,20,0,24,24,44
01/10/2013,HKS,MS,ASO,CE,Federal Contract Tower,0,2,7,0,9,0,0,0,0,0,0,2,7,0,9,0,0,0,9
01/11/2013,HKS,MS,ASO,CE,Federal Contract Tower,0,4,20,2,26,0,0,12,3,15,0,4,32,5,41,40,36,76,117
01/12/2013,HKS,MS,ASO,CE,Federal Contract Tower,0,2,13,1,16,0,0,9,0,9,0,2,22,1,25,24,0,24,49
01/13/2013,HKS,MS,ASO,CE,Federal Contract Tower,0,2,4,3,9,0,0,0,0,0,0,2,4,3,9,0,0,0,9
01/14/2013,HKS,MS,ASO,CE,Federal Contract Tower,0,2,8,0,10,0,0,0,0,0,0,2,8,0,10,0,0,0,10
01/15/2013,HKS,MS,ASO,CE,Federal Contract Tower,0,8,9,0,17,0,0,0,0,0,0,8,9,0,17,0,0,0,17
01/16/2013,HKS,MS,ASO,CE,Federal Contract Tower,0,8,12,0,20,0,0,0,0,0,0,8,12,0,20,0,0,0,20
01/17/2013,HKS,MS,ASO,CE,Federal Contract Tower,0,5,20,3,28,0,0,17,12,29,0,5,37,15,57,20,30,50,107
01/18/2013,HKS,MS,ASO,CE,Federal Contract Tower,0,8,19,0,27,0,1,21,1,23,0,9,40,1,50,6,0,6,56
01/19/2013,HKS,MS,ASO,CE,Federal Contract Tower,0,0,6,0,6,0,0,29,0,29,0,0,35,0,35,70,0,70,105
01/20/2013,HKS,MS,ASO,CE,Federal Contract Tower,0,0,9,0,9,0,2,19,0,21,0,2,28,0,30,10,0,10,40
01/21/2013,HKS,MS,ASO,CE,Federal Contract Tower,0,5,14,0,19,0,0,19,2,21,0,5,33,2,40,42,8,50,90
01/22/2013,HKS,MS,ASO,CE,Federal Contract Tower,0,2,25,5,32,0,2,8,6,16,0,4,33,11,48,6,22,28,76
01/23/2013,HKS,MS,ASO,CE,Federal Contract Tower,0,2,17,3,22,0,2,12,7,21,0,4,29,10,43,30,12,42,85
01/24/2013,HKS,MS,ASO,CE,Federal Contract Tower,0,2,26,0,28,0,0,9,3,12,0,2,35,3,40,2,0,2,42
01/25/2013,HKS,MS,ASO,CE,Federal Contract Tower,0,4,18,10,32,0,0,11,10,21,0,4,29,20,53,14,114,128,181
01/26/2013,HKS,MS,ASO,CE,Federal Contract Tower,0,0,19,0,19,0,0,0,0,0,0,0,19,0,19,10,0,10,29
01/27/2013,HKS,MS,ASO,CE,Federal Contract Tower,0,0,9,1,10,0,0,15,4,19,0,0,24,5,29,40,8,48,77
01/28/2013,HKS,MS,ASO,CE,Federal Contract Tower,0,2,25,3,30,0,1,12,3,16,0,3,37,6,46,42,8,50,96
01/29/2013,HKS,MS,ASO,CE,Federal Contract Tower,0,5,18,9,32,0,0,9,9,18,0,5,27,18,50,14,74,88,138
01/30/2013,HKS,MS,ASO,CE,Federal Contract Tower,0,5,4,4,13,0,0,5,4,9,0,5,9,8,22,0,0,0,22
01/31/2013,HKS,MS,ASO,CE,Federal Contract Tower,0,2,27,10,39,0,2,28,11,41,0,4,55,21,80,96,50,146,226
02/01/2013,HKS,MS,ASO,CE,Federal Contract Tower,0,3,15,2,20,0,0,21,1,22,0,3,36,3,42,34,0,34,76
02/02/2013,HKS,MS,ASO,CE,Federal Contract Tower,0,0,12,0,12,0,0,17,0,17,0,0,29,0,29,32,0,32,61
02/03/2013,HKS,MS,ASO,CE,Federal Contract Tower,0,0,7,0,7,0,0,16,0,16,0,0,23,0,23,22,0,22,45
02/04/2013,HKS,MS,ASO,CE,Federal Contract Tower,0,3,19,0,22,0,2,8,2,12,0,5,27,2,34,8,0,8,42
02/05/2013,HKS,MS,ASO,CE,Federal Contract Tower,0,5,17,3,25,0,0,4,8,12,0,5,21,11,37,72,32,104,141
02/06/2013,HKS,MS,ASO,CE,Federal Contract Tower,0,6,23,6,35,0,0,6,5,11,0,6,29,11,46,30,0,30,76
02/07/2013,HKS,MS,ASO,CE,Federal Contract Tower,0,7,19,2,28,0,0,12,4,16,0,7,31,6,44,34,2,36,80
02/08/2013,HKS,MS,ASO,CE,Federal Contract Tower,0,4,20,3,27,0,0,16,2,18,0,4,36,5,45,46,2,48,93
02/09/2013,HKS,MS,ASO,CE,Federal Contract Tower,0,0,10,2,12,0,0,19,4,23,0,0,29,6,35,48,8,56,91
02/10/2013,HKS,MS,ASO,CE,Federal Contract Tower,0,1,4,0,5,0,0,0,0,0,0,1,4,0,5,2,0,2,7
02/11/2013,HKS,MS,ASO,CE,Federal Contract Tower,0,6,11,3,20,0,0,2,1,3,0,6,13,4,23,10,40,50,73
02/12/2013,HKS,MS,ASO,CE,Federal Contract Tower,0,3,14,0,17,0,0,0,0,0,0,3,14,0,17,0,0,0,17
02/13/2013,HKS,MS,ASO,CE,Federal Contract Tower,0,9,21,2,32,0,0,13,14,27,0,9,34,16,59,2,106,108,167
02/14/2013,HKS,MS,ASO,CE,Federal Contract Tower,0,2,24,0,26,0,0,24,7,31,0,2,48,7,57,4,0,4,61
02/15/2013,HKS,MS,ASO,CE,Federal Contract Tower,0,8,17,0,25,0,0,19,0,19,0,8,36,0,44,22,0,22,66
02/16/2013,HKS,MS,ASO,CE,Federal Contract Tower,0,2,7,0,9,0,0,24,0,24,0,2,31,0,33,32,0,32,65
02/17/2013,HKS,MS,ASO,CE,Federal Contract Tower,0,0,3,0,3,0,0,21,0,21,0,0,24,0,24,28,0,28,52
02/18/2013,HKS,MS,ASO,CE,Federal Contract Tower,0,4,6,0,10,0,2,6,0,8,0,6,12,0,18,0,0,0,18
02/19/2013,HKS,MS,ASO,CE,Federal Contract Tower,0,7,9,2,18,0,3,17,8,28,0,10,26,10,46,42,24,66,112
02/20/2013,HKS,MS,ASO,CE,Federal Contract Tower,0,2,19,0,21,0,0,11,2,13,0,2,30,2,34,20,0,20,54
02/21/2013,HKS,MS,ASO,CE,Federal Contract Tower,0,6,10,0,16,0,0,1,0,1,0,6,11,0,17,0,0,0,17
02/22/2013,HKS,MS,ASO,CE,Federal Contract Tower,0,8,7,1,16,0,0,12,5,17,0,8,19,6,33,42,94,136,169
02/23/2013,HKS,MS,ASO,CE,Federal Contract Tower,0,0,13,0,13,0,0,26,0,26,0,0,39,0,39,114,0,114,153
02/24/2013,HKS,MS,ASO,CE,Federal Contract Tower,0,1,7,0,8,0,0,23,0,23,0,1,30,0,31,20,0,20,51
02/25/2013,HKS,MS,ASO,CE,Federal Contract Tower,0,6,5,3,14,0,0,0,2,2,0,6,5,5,16,0,0,0,16
02/26/2013,HKS,MS,ASO,CE,Federal Contract Tower,0,4,9,8,21,0,0,10,20,30,0,4,19,28,51,2,48,50,101
02/27/2013,HKS,MS,ASO,CE,Federal Contract Tower,0,6,12,2,20,0,0,27,3,30,0,6,39,5,50,22,16,38,88
02/28/2013,HKS,MS,ASO,CE,Federal Contract Tower,0,2,14,5,21,0,2,27,15,44,0,4,41,20,65,28,96,124,189
03/01/2013,HKS,MS,ASO,CE,Federal Contract Tower,0,6,18,1,25,0,1,19,14,34,0,7,37,15,59,18,18,36,95
03/02/2013,HKS,MS,ASO,CE,Federal Contract Tower,0,1,12,0,13,0,2,20,2,24,0,3,32,2,37,40,2,42,79
03/03/2013,HKS,MS,ASO,CE,Federal Contract Tower,0,1,14,0,15,0,3,42,0,45,0,4,56,0,60,50,0,50,110
03/04/2013,HKS,MS,ASO,CE,Federal Contract Tower,0,3,23,0,26,0,0,25,0,25,0,3,48,0,51,20,0,20,71
03/05/2013,HKS,MS,ASO,CE,Federal Contract Tower,0,2,13,11,26,0,0,10,5,15,0,2,23,16,41,10,54,64,105
03/06/2013,HKS,MS,ASO,CE,Federal Contract Tower,0,2,21,3,26,0,0,35,8,43,0,2,56,11,69,18,40,58,127
03/07/2013,HKS,MS,ASO,CE,Federal Contract Tower,0,3,12,3,18,0,0,34,10,44,0,3,46,13,62,22,38,60,122
03/08/2013,HKS,MS,ASO,CE,Federal Contract Tower,0,9,9,3,21,0,0,16,22,38,0,9,25,25,59,64,14,78,137
03/09/2013,HKS,MS,ASO,CE,Federal Contract Tower,0,0,9,3,12,0,1,22,4,27,0,1,31,7,39,36,2,38,77
03/10/2013,HKS,MS,ASO,CE,Federal Contract Tower,0,0,6,1,7,0,0,2,4,6,0,0,8,5,13,0,28,28,41
03/11/2013,HKS,MS,ASO,CE,Federal Contract Tower,0,9,10,0,19,0,0,22,2,24,0,9,32,2,43,30,28,58,101
03/12/2013,HKS,MS,ASO,CE,Federal Contract Tower,0,6,17,3,26,0,0,30,3,33,0,6,47,6,59,20,16,36,95
03/13/2013,HKS,MS,ASO,CE,Federal Contract Tower,0,6,7,3,16,0,2,23,4,29,0,8,30,7,45,2,4,6,51
03/14/2013,HKS,MS,ASO,CE,Federal Contract Tower,0,8,25,3,36,0,0,23,4,27,0,8,48,7,63,26,6,32,95
03/15/2013,HKS,MS,ASO,CE,Federal Contract Tower,0,5,13,2,20,0,1,30,9,40,0,6,43,11,60,26,30,56,116
03/16/2013,HKS,MS,ASO,CE,Federal Contract Tower,0,0,7,0,7,0,0,36,5,41,0,0,43,5,48,24,0,24,72
03/17/2013,HKS,MS,ASO,CE,Federal Contract Tower,0,0,18,0,18,0,0,28,2,30,0,0,46,2,48,18,0,18,66
03/18/2013,HKS,MS,ASO,CE,Federal Contract Tower,0,11,5,0,16,0,0,7,0,7,0,11,12,0,23,0,0,0,23
03/19/2013,HKS,MS,ASO,CE,Federal Contract Tower,0,10,10,2,22,0,0,16,4,20,0,10,26,6,42,4,42,46,88
03/20/2013,HKS,MS,ASO,CE,Federal Contract Tower,0,5,11,2,18,0,1,5,0,6,0,6,16,2,24,16,26,42,66
03/21/2013,HKS,MS,ASO,CE,Federal Contract Tower,0,2,14,5,21,0,0,15,7,22,0,2,29,12,43,6,42,48,91
03/22/2013,HKS,MS,ASO,CE,Federal Contract Tower,0,2,11,0,13,0,0,2,0,2,0,2,13,0,15,0,0,0,15
03/23/2013,HKS,MS,ASO,CE,Federal Contract Tower,0,0,2,0,2,0,0,2,0,2,0,0,4,0,4,4,0,4,8
03/24/2013,HKS,MS,ASO,CE,Federal Contract Tower,0,2,10,4,16,0,0,1,0,1,0,2,11,4,17,0,0,0,17
03/25/2013,HKS,MS,ASO,CE,Federal Contract Tower,0,4,9,0,13,0,0,17,0,17,0,4,26,0,30,0,0,0,30
03/26/2013,HKS,MS,ASO,CE,Federal Contract Tower,0,5,26,2,33,0,2,25,6,33,0,7,51,8,66,12,88,100,166
03/27/2013,HKS,MS,ASO,CE,Federal Contract Tower,0,8,21,2,31,0,0,29,6,35,0,8,50,8,66,14,0,14,80
03/28/2013,HKS,MS,ASO,CE,Federal Contract Tower,0,5,15,5,25,0,3,20,4,27,0,8,35,9,52,4,6,10,62
03/29/2013,HKS,MS,ASO,CE,Federal Contract Tower,0,2,12,4,18,0,0,18,0,18,0,2,30,4,36,34,0,34,70
03/30/2013,HKS,MS,ASO,CE,Federal Contract Tower,0,0,10,0,10,0,0,18,0,18,0,0,28,0,28,38,0,38,66
03/31/2013,HKS,MS,ASO,CE,Federal Contract Tower,0,0,6,0,6,0,0,5,0,5,0,0,11,0,11,0,0,0,11
04/01/2013,HKS,MS,ASO,CE,Federal Contract Tower,0,2,11,0,13,0,0,17,0,17,0,2,28,0,30,4,0,4,34
04/02/2013,HKS,MS,ASO,CE,Federal Contract Tower,0,5,14,1,20,0,2,31,12,45,0,7,45,13,65,50,64,114,179
04/03/2013,HKS,MS,ASO,CE,Federal Contract Tower,0,3,14,0,17,0,1,0,7,8,0,4,14,7,25,2,12,14,39
04/04/2013,HKS,MS,ASO,CE,Federal Contract Tower,0,12,13,0,25,0,0,0,0,0,0,12,13,0,25,2,0,2,27
04/05/2013,HKS,MS,ASO,CE,Federal Contract Tower,0,4,28,3,35,0,0,22,8,30,0,4,50,11,65,10,8,18,83
04/06/2013,HKS,MS,ASO,CE,Federal Contract Tower,0,1,10,1,12,0,8,28,0,36,0,9,38,1,48,39,2,41,89
04/07/2013,HKS,MS,ASO,CE,Federal Contract Tower,0,2,9,2,13,0,0,17,0,17,0,2,26,2,30,12,0,12,42
04/08/2013,HKS,MS,ASO,CE,Federal Contract Tower,0,3,26,5,34,0,0,13,4,17,0,3,39,9,51,34,28,62,113
04/09/2013,HKS,MS,ASO,CE,Federal Contract Tower,0,8,11,0,19,0,3,8,12,23,0,11,19,12,42,16,32,48,90
04/10/2013,HKS,MS,ASO,CE,Federal Contract Tower,0,3,17,5,25,0,0,14,8,22,0,3,31,13,47,8,48,56,103
04/11/2013,HKS,MS,ASO,CE,Federal Contract Tower,0,5,6,0,11,0,0,0,0,0,0,5,6,0,11,2,0,2,13
04/12/2013,HKS,MS,ASO,CE,Federal Contract Tower,0,2,15,1,18,0,0,26,4,30,0,2,41,5,48,18,16,34,82
04/13/2013,HKS,MS,ASO,CE,Federal Contract Tower,0,0,10,0,10,0,0,29,0,29,0,0,39,0,39,64,0,64,103
04/14/2013,HKS,MS,ASO,CE,Federal Contract Tower,0,1,3,1,5,0,0,4,6,10,0,1,7,7,15,0,0,0,15
04/15/2013,HKS,MS,ASO,CE,Federal Contract Tower,0,4,17,0,21,0,0,23,0,23,0,4,40,0,44,72,0,72,116
04/16/2013,HKS,MS,ASO,CE,Federal Contract Tower,0,3,19,9,31,0,2,10,9,21,0,5,29,18,52,18,60,78,130
04/17/2013,HKS,MS,ASO,CE,Federal Contract Tower,0,3,22,4,29,0,0,24,8,32,0,3,46,12,61,8,54,62,123
04/18/2013,HKS,MS,ASO,CE,Federal Contract Tower,0,3,24,1,28,0,0,24,5,29,0,3,48,6,57,10,10,20,77
04/19/2013,HKS,MS,ASO,CE,Federal Contract Tower,0,6,19,6,31,0,3,11,1,15,0,9,30,7,46,0,14,14,60
04/20/2013,HKS,MS,ASO,CE,Federal Contract Tower,0,2,16,0,18,0,5,26,6,37,0,7,42,6,55,16,8,24,79
04/21/2013,HKS,MS,ASO,CE,Federal Contract Tower,0,0,12,0,12,0,0,27,0,27,0,0,39,0,39,24,0,24,63
04/22/2013,HKS,MS,ASO,CE,Federal Contract Tower,0,3,12,0,15,0,0,21,3,24,0,3,33,3,39,66,14,80,119
04/23/2013,HKS,MS,ASO,CE,Federal Contract Tower,0,6,27,5,38,0,2,17,7,26,0,8,44,12,64,86,22,108,172
04/24/2013,HKS,MS,ASO,CE,Federal Contract Tower,0,6,16,0,22,0,1,9,3,13,0,7,25,3,35,0,24,24,59
04/25/2013,HKS,MS,ASO,CE,Federal Contract Tower,0,7,19,2,28,0,1,32,8,41,0,8,51,10,69,20,22,42,111
04/26/2013,HKS,MS,ASO,CE,Federal Contract Tower,0,4,11,1,16,0,1,37,5,43,0,5,48,6,59,44,12,56,115
04/27/2013,HKS,MS,ASO,CE,Federal Contract Tower,0,1,11,0,12,0,0,5,4,9,0,1,16,4,21,44,10,54,75
04/28/2013,HKS,MS,ASO,CE,Federal Contract Tower,0,2,12,1,15,0,0,4,0,4,0,2,16,1,19,20,2,22,41
04/29/2013,HKS,MS,ASO,CE,Federal Contract Tower,0,5,8,0,13,0,6,15,0,21,0,11,23,0,34,64,0,64,98
04/30/2013,HKS,MS,ASO,CE,Federal Contract Tower,0,6,11,7,24,0,0,22,5,27,0,6,33,12,51,20,38,58,109
05/01/2013,HKS,MS,ASO,CE,Federal Contract Tower,0,3,5,2,10,0,0,2,3,5,0,3,7,5,15,2,48,50,65
05/02/2013,HKS,MS,ASO,CE,Federal Contract Tower,0,4,26,4,34,0,0,4,8,12,0,4,30,12,46,0,70,70,116
05/03/2013,HKS,MS,ASO,CE,Federal Contract Tower,0,7,9,0,16,0,0,0,0,0,0,7,9,0,16,0,0,0,16
05/04/2013,HKS,MS,ASO,CE,Federal Contract Tower,0,0,7,0,7,0,0,11,0,11,0,0,18,0,18,22,0,22,40
05/05/2013,HKS,MS,ASO,CE,Federal Contract Tower,0,0,13,0,13,0,0,6,0,6,0,0,19,0,19,32,0,32,51
05/06/2013,HKS,MS,ASO,CE,Federal Contract Tower,0,3,10,3,16,0,0,21,3,24,0,3,31,6,40,40,0,40,80
05/07/2013,HKS,MS,ASO,CE,Federal Contract Tower,0,9,25,2,36,0,3,11,7,21,0,12,36,9,57,44,64,108,165
05/08/2013,HKS,MS,ASO,CE,Federal Contract Tower,0,5,26,2,33,0,0,21,4,25,0,5,47,6,58,32,42,74,132
05/09/2013,HKS,MS,ASO,CE,Federal Contract Tower,0,5,22,6,33,0,3,25,24,52,0,8,47,30,85,30,54,84,169
05/10/2013,HKS,MS,ASO,CE,Federal Contract Tower,0,11,10,1,22,0,0,8,4,12,0,11,18,5,34,4,12,16,50
05/11/2013,HKS,MS,ASO,CE,Federal Contract Tower,0,0,7,0,7,0,0,7,0,7,0,0,14,0,14,0,0,0,14
05/12/2013,HKS,MS,ASO,CE,Federal Contract Tower,0,1,11,0,12,0,0,6,0,6,0,1,17,0,18,2,0,2,20
05/13/2013,HKS,MS,ASO,CE,Federal Contract Tower,0,3,10,0,13,0,0,16,0,16,0,3,26,0,29,54,0,54,83
05/14/2013,HKS,MS,ASO,CE,Federal Contract Tower,0,5,12,8,25,0,1,25,19,45,0,6,37,27,70,74,46,120,190
05/15/2013,HKS,MS,ASO,CE,Federal Contract Tower,0,5,10,4,19,0,0,33,11,44,0,5,43,15,63,54,80,134,197
05/16/2013,HKS,MS,ASO,CE,Federal Contract Tower,0,3,23,5,31,0,0,17,14,31,0,3,40,19,62,12,28,40,102
05/17/2013,HKS,MS,ASO,CE,Federal Contract Tower,0,8,19,7,34,0,2,2,11,15,0,10,21,18,49,4,52,56,105
05/18/2013,HKS,MS,ASO,CE,Federal Contract Tower,0,0,14,2,16,0,0,22,3,25,0,0,36,5,41,62,0,62,103
05/19/2013,HKS,MS,ASO,CE,Federal Contract Tower,0,2,19,3,24,0,3,21,7,31,0,5,40,10,55,28,6,34,89
05/20/2013,HKS,MS,ASO,CE,Federal Contract Tower,0,3,15,8,26,0,2,27,5,34,0,5,42,13,60,56,58,114,174
05/21/2013,HKS,MS,ASO,CE,Federal Contract Tower,0,3,23,1,27,0,3,29,9,41,0,6,52,10,68,36,38,74,142
05/22/2013,HKS,MS,ASO,CE,Federal Contract Tower,0,2,8,2,12,0,0,5,14,19,0,2,13,16,31,6,62,68,99
05/23/2013,HKS,MS,ASO,CE,Federal Contract Tower,0,4,16,5,25,0,0,16,1,17,0,4,32,6,42,16,34,50,92
05/24/2013,HKS,MS,ASO,CE,Federal Contract Tower,0,6,23,0,29,0,15,17,0,32,0,21,40,0,61,10,0,10,71
05/25/2013,HKS,MS,ASO,CE,Federal Contract Tower,0,1,5,0,6,0,4,15,0,19,0,5,20,0,25,60,0,60,85
05/26/2013,HKS,MS,ASO,CE,Federal Contract Tower,0,0,5,0,5,0,0,24,0,24,0,0,29,0,29,22,0,22,51
05/27/2013,HKS,MS,ASO,CE,Federal Contract Tower,0,2,9,0,11,0,1,21,0,22,0,3,30,0,33,22,0,22,55
05/28/2013,HKS,MS,ASO,CE,Federal Contract Tower,0,3,12,4,19,0,0,19,11,30,0,3,31,15,49,30,20,50,99
05/29/2013,HKS,MS,ASO,CE,Federal Contract Tower,0,8,12,6,26,0,2,21,9,32,0,10,33,15,58,18,20,38,96
05/30/2013,HKS,MS,ASO,CE,Federal Contract Tower,0,3,14,7,24,0,0,12,6,18,0,3,26,13,42,0,76,76,118
05/31/2013,HKS,MS,ASO,CE,Federal Contract Tower,0,2,22,2,26,0,4,17,8,29,0,6,39,10,55,62,26,88,143
06/01/2013,HKS,MS,ASO,CE,Federal Contract Tower,0,4,13,0,17,0,0,17,0,17,0,4,30,0,34,28,0,28,62
06/02/2013,HKS,MS,ASO,CE,Federal Contract Tower,0,0,10,1,11,0,0,11,0,11,0,0,21,1,22,54,2,56,78
06/03/2013,HKS,MS,ASO,CE,Federal Contract Tower,0,7,20,2,29,0,6,21,11,38,0,13,41,13,67,30,18,48,115
06/04/2013,HKS,MS,ASO,CE,Federal Contract Tower,0,5,21,3,29,0,2,21,16,39,0,7,42,19,68,26,50,76,144
06/05/2013,HKS,MS,ASO,CE,Federal Contract Tower,0,3,13,2,18,0,0,10,4,14,0,3,23,6,32,18,68,86,118
06/06/2013,HKS,MS,ASO,CE,Federal Contract Tower,0,3,14,3,20,0,8,7,7,22,0,11,21,10,42,6,30,36,78
06/07/2013,HKS,MS,ASO,CE,Federal Contract Tower,0,5,17,7,29,0,0,10,10,20,0,5,27,17,49,6,48,54,103
06/08/2013,HKS,MS,ASO,CE,Federal Contract Tower,0,0,14,0,14,0,0,20,0,20,0,0,34,0,34,20,0,20,54
06/09/2013,HKS,MS,ASO,CE,Federal Contract Tower,0,0,5,0,5,0,0,0,0,0,0,0,5,0,5,0,0,0,5
06/10/2013,HKS,MS,ASO,CE,Federal Contract Tower,0,5,12,0,17,0,0,14,0,14,0,5,26,0,31,58,0,58,89
06/11/2013,HKS,MS,ASO,CE,Federal Contract Tower,0,6,21,5,32,0,2,15,8,25,0,8,36,13,57,30,40,70,127
06/12/2013,HKS,MS,ASO,CE,Federal Contract Tower,0,3,18,7,28,0,0,13,12,25,0,3,31,19,53,6,38,44,97
06/13/2013,HKS,MS,ASO,CE,Federal Contract Tower,0,3,15,4,22,0,1,23,9,33,0,4,38,13,55,24,10,34,89
06/14/2013,HKS,MS,ASO,CE,Federal Contract Tower,0,4,14,2,20,0,4,13,3,20,0,8,27,5,40,38,30,68,108
06/15/2013,HKS,MS,ASO,CE,Federal Contract Tower,0,2,8,1,11,0,0,20,0,20,0,2,28,1,31,52,0,52,83
06/16/2013,HKS,MS,ASO,CE,Federal Contract Tower,0,0,15,2,17,0,5,10,0,15,0,5,25,2,32,0,0,0,32
06/17/2013,HKS,MS,ASO,CE,Federal Contract Tower,0,3,12,5,20,0,0,8,10,18,0,3,20,15,38,6,76,82,120
06/18/2013,HKS,MS,ASO,CE,Federal Contract Tower,0,6,21,0,27,0,0,4,12,16,0,6,25,12,43,16,22,38,81
06/19/2013,HKS,MS,ASO,CE,Federal Contract Tower,0,7,11,2,20,0,2,7,7,16,0,9,18,9,36,0,80,80,116
06/20/2013,HKS,MS,ASO,CE,Federal Contract Tower,0,4,25,7,36,0,6,17,6,29,0,10,42,13,65,12,38,50,115
06/21/2013,HKS,MS,ASO,CE,Federal Contract Tower,0,2,25,4,31,0,3,23,10,36,0,5,48,14,67,68,60,128,195
06/22/2013,HKS,MS,ASO,CE,Federal Contract Tower,0,0,5,0,5,0,0,5,0,5,0,0,10,0,10,22,0,22,32
06/23/2013,HKS,MS,ASO,CE,Federal Contract Tower,0,1,10,0,11,0,0,15,0,15,0,1,25,0,26,38,0,38,64
06/24/2013,HKS,MS,ASO,CE,Federal Contract Tower,0,4,10,4,18,0,2,16,0,18,0,6,26,4,36,14,0,14,50
06/25/2013,HKS,MS,ASO,CE,Federal Contract Tower,0,4,14,5,23,0,2,11,13,26,0,6,25,18,49,0,96,96,145
06/26/2013,HKS,MS,ASO,CE,Federal Contract Tower,0,3,21,3,27,0,0,15,11,26,0,3,36,14,53,20,66,86,139
06/27/2013,HKS,MS,ASO,CE,Federal Contract Tower,0,4,15,2,21,0,2,15,5,22,0,6,30,7,43,32,54,86,129
06/28/2013,HKS,MS,ASO,CE,Federal Contract Tower,0,7,16,2,25,0,0,9,11,20,0,7,25,13,45,28,82,110,155
06/29/2013,HKS,MS,ASO,CE,Federal Contract Tower,0,0,5,4,9,0,2,19,9,30,0,2,24,13,39,32,18,50,89
06/30/2013,HKS,MS,ASO,CE,Federal Contract Tower,0,1,15,5,21,0,0,12,4,16,0,1,27,9,37,24,32,56,93
07/01/2013,HKS,MS,ASO,CE,Federal Contract Tower,0,2,5,18,25,0,0,14,12,26,0,2,19,30,51,14,82,96,147
07/02/2013,HKS,MS,ASO,CE,Federal Contract Tower,0,2,12,5,19,0,0,28,8,36,0,2,40,13,55,68,46,114,169
07/03/2013,HKS,MS,ASO,CE,Federal Contract Tower,0,2,23,1,26,0,2,23,2,27,0,4,46,3,53,24,14,38,91
07/04/2013,HKS,MS,ASO,CE,Federal Contract Tower,0,0,6,0,6,0,0,9,0,9,0,0,15,0,15,4,0,4,19
07/05/2013,HKS,MS,ASO,CE,Federal Contract Tower,0,2,6,0,8,0,2,6,0,8,0,4,12,0,16,50,0,50,66
07/06/2013,HKS,MS,ASO,CE,Federal Contract Tower,0,0,5,0,5,0,0,17,0,17,0,0,22,0,22,18,0,18,40
07/07/2013,HKS,MS,ASO,CE,Federal Contract Tower,0,2,18,0,20,0,0,13,0,13,0,2,31,0,33,46,0,46,79
07/08/2013,HKS,MS,ASO,CE,Federal Contract Tower,0,1,13,0,14,0,0,20,3,23,0,1,33,3,37,32,2,34,71
07/09/2013,HKS,MS,ASO,CE,Federal Contract Tower,0,2,26,4,32,0,0,16,17,33,0,2,42,21,65,14,22,36,101
07/10/2013,HKS,MS,ASO,CE,Federal Contract Tower,0,6,22,2,30,0,2,25,6,33,0,8,47,8,63,92,28,120,183
07/11/2013,HKS,MS,ASO,CE,Federal Contract Tower,0,2,19,1,22,0,0,11,4,15,0,2,30,5,37,4,0,4,41
07/12/2013,HKS,MS,ASO,CE,Federal Contract Tower,0,3,9,3,15,0,0,11,13,24,0,3,20,16,39,24,24,48,87
07/13/2013,HKS,MS,ASO,CE,Federal Contract Tower,0,1,11,1,13,0,2,14,3,19,0,3,25,4,32,2,0,2,34
07/14/2013,HKS,MS,ASO,CE,Federal Contract Tower,0,0,13,2,15,0,0,14,0,14,0,0,27,2,29,0,0,0,29
07/15/2013,HKS,MS,ASO,CE,Federal Contract Tower,0,3,11,2,16,0,0,8,0,8,0,3,19,2,24,0,0,0,24
07/16/2013,HKS,MS,ASO,CE,Federal Contract Tower,0,4,15,3,22,0,0,10,1,11,0,4,25,4,33,18,0,18,51
07/17/2013,HKS,MS,ASO,CE,Federal Contract Tower,0,2,15,1,18,0,0,16,4,20,0,2,31,5,38,74,18,92,130
07/18/2013,HKS,MS,ASO,CE,Federal Contract Tower,0,0,13,1,14,0,0,9,4,13,0,0,22,5,27,8,0,8,35
07/19/2013,HKS,MS,ASO,CE,Federal Contract Tower,0,2,9,1,12,0,0,6,0,6,0,2,15,1,18,26,0,26,44
07/20/2013,HKS,MS,ASO,CE,Federal Contract Tower,0,0,5,0,5,0,0,11,8,19,0,0,16,8,24,40,0,40,64
07/21/2013,HKS,MS,ASO,CE,Federal Contract Tower,0,1,10,0,11,0,0,20,2,22,0,1,30,2,33,80,0,80,113
07/22/2013,HKS,MS,ASO,CE,Federal Contract Tower,8,15,0,0,23,0,0,11,2,13,8,15,11,2,36,20,0,20,56
07/23/2013,HKS,MS,ASO,CE,Federal Contract Tower,0,5,9,0,14,0,0,11,0,11,0,5,20,0,25,0,0,0,25
07/24/2013,HKS,MS,ASO,CE,Federal Contract Tower,0,3,9,1,13,0,0,4,10,14,0,3,13,11,27,0,48,48,75
07/25/2013,HKS,MS,ASO,CE,Federal Contract Tower,0,4,12,0,16,0,4,14,0,18,0,8,26,0,34,46,0,46,80
07/26/2013,HKS,MS,ASO,CE,Federal Contract Tower,0,4,9,2,15,0,0,16,14,30,0,4,25,16,45,44,2,46,91
07/27/2013,HKS,MS,ASO,CE,Federal Contract Tower,0,0,4,0,4,0,0,2,0,2,0,0,6,0,6,0,0,0,6
07/28/2013,HKS,MS,ASO,CE,Federal Contract Tower,0,0,20,0,20,0,0,15,0,15,0,0,35,0,35,78,0,78,113
07/29/2013,HKS,MS,ASO,CE,Federal Contract Tower,0,3,10,3,16,0,0,21,1,22,0,3,31,4,38,32,8,40,78
07/30/2013,HKS,MS,ASO,CE,Federal Contract Tower,0,7,12,4,23,0,5,28,5,38,0,12,40,9,61,56,10,66,127
07/31/2013,HKS,MS,ASO,CE,Federal Contract Tower,0,4,12,7,23,0,0,23,7,30,0,4,35,14,53,14,26,40,93
08/01/2013,HKS,MS,ASO,CE,Federal Contract Tower,0,2,9,3,14,0,3,25,11,39,0,5,34,14,53,8,38,46,99
08/02/2013,HKS,MS,ASO,CE,Federal Contract Tower,0,7,6,2,15,0,0,24,7,31,0,7,30,9,46,56,36,92,138
08/03/2013,HKS,MS,ASO,CE,Federal Contract Tower,0,0,6,0,6,0,0,21,0,21,0,0,27,0,27,8,0,8,35
08/04/2013,HKS,MS,ASO,CE,Federal Contract Tower,0,0,5,0,5,0,0,15,0,15,0,0,20,0,20,16,0,16,36
08/05/2013,HKS,MS,ASO,CE,Federal Contract Tower,0,5,11,0,16,0,0,22,0,22,0,5,33,0,38,14,0,14,52
08/06/2013,HKS,MS,ASO,CE,Federal Contract Tower,0,3,20,6,29,0,0,22,12,34,0,3,42,18,63,24,18,42,105
08/07/2013,HKS,MS,ASO,CE,Federal Contract Tower,0,6,10,8,24,0,0,19,8,27,0,6,29,16,51,50,52,102,153
08/08/2013,HKS,MS,ASO,CE,Federal Contract Tower,0,11,8,6,25,0,2,15,12,29,0,13,23,18,54,22,42,64,118
08/09/2013,HKS,MS,ASO,CE,Federal Contract Tower,0,2,11,1,14,0,0,15,3,18,0,2,26,4,32,26,16,42,74
08/10/2013,HKS,MS,ASO,CE,Federal Contract Tower,0,0,14,3,17,0,0,17,18,35,0,0,31,21,52,14,28,42,94
08/11/2013,HKS,MS,ASO,CE,Federal Contract Tower,0,0,11,3,14,0,0,14,4,18,0,0,25,7,32,14,26,40,72
08/12/2013,HKS,MS,ASO,CE,Federal Contract Tower,0,5,4,2,11,0,4,13,0,17,0,9,17,2,28,110,0,110,138
08/13/2013,HKS,MS,ASO,CE,Federal Contract Tower,0,4,10,4,18,0,2,8,8,18,0,6,18,12,36,42,116,158,194
08/14/2013,HKS,MS,ASO,CE,Federal Contract Tower,0,4,14,1,19,0,5,10,4,19,0,9,24,5,38,14,12,26,64
08/15/2013,HKS,MS,ASO,CE,Federal Contract Tower,0,3,15,6,24,0,2,48,7,57,0,5,63,13,81,42,16,58,139
08/16/2013,HKS,MS,ASO,CE,Federal Contract Tower,0,6,18,4,28,0,0,22,7,29,0,6,40,11,57,24,32,56,113
08/17/2013,HKS,MS,ASO,CE,Federal Contract Tower,0,0,5,1,6,0,2,16,2,20,0,2,21,3,26,10,32,42,68
08/18/2013,HKS,MS,ASO,CE,Federal Contract Tower,0,0,15,0,15,0,0,20,0,20,0,0,35,0,35,51,0,51,86
08/19/2013,HKS,MS,ASO,CE,Federal Contract Tower,0,2,10,0,12,0,0,22,0,22,0,2,32,0,34,14,0,14,48
08/20/2013,HKS,MS,ASO,CE,Federal Contract Tower,0,4,13,9,26,0,0,19,24,43,0,4,32,33,69,70,84,154,223
08/21/2013,HKS,MS,ASO,CE,Federal Contract Tower,0,4,11,4,19,0,2,10,8,20,0,6,21,12,39,10,38,48,87
08/22/2013,HKS,MS,ASO,CE,Federal Contract Tower,0,3,6,5,14,0,0,11,21,32,0,3,17,26,46,8,86,94,140
08/23/2013,HKS,MS,ASO,CE,Federal Contract Tower,0,2,17,1,20,0,0,18,1,19,0,2,35,2,39,40,0,40,79
08/24/2013,HKS,MS,ASO,CE,Federal Contract Tower,0,4,6,0,10,0,0,12,0,12,0,4,18,0,22,52,0,52,74
08/25/2013,HKS,MS,ASO,CE,Federal Contract Tower,0,1,11,0,12,0,1,24,0,25,0,2,35,0,37,4,0,4,41
08/26/2013,HKS,MS,ASO,CE,Federal Contract Tower,0,7,6,0,13,0,0,20,2,22,0,7,26,2,35,10,18,28,63
08/27/2013,HKS,MS,ASO,CE,Federal Contract Tower,0,7,11,3,21,0,2,29,14,45,0,9,40,17,66,32,52,84,150
08/28/2013,HKS,MS,ASO,CE,Federal Contract Tower,0,7,17,6,30,0,2,19,7,28,0,9,36,13,58,28,50,78,136
08/29/2013,HKS,MS,ASO,CE,Federal Contract Tower,0,9,15,8,32,0,2,23,16,41,0,11,38,24,73,80,70,150,223
08/30/2013,HKS,MS,ASO,CE,Federal Contract Tower,0,5,22,0,27,0,0,23,0,23,0,5,45,0,50,68,0,68,118
08/31/2013,HKS,MS,ASO,CE,Federal Contract Tower,0,0,6,0,6,0,0,21,0,21,0,0,27,0,27,34,0,34,61
09/01/2013,HKS,MS,ASO,CE,Federal Contract Tower,0,2,7,0,9,0,1,16,0,17,0,3,23,0,26,0,0,0,26
09/02/2013,HKS,MS,ASO,CE,Federal Contract Tower,0,0,13,0,13,0,0,14,0,14,0,0,27,0,27,36,0,36,63
09/03/2013,HKS,MS,ASO,CE,Federal Contract Tower,0,6,5,0,11,1,0,12,3,16,1,6,17,3,27,18,20,38,65
09/04/2013,HKS,MS,ASO,CE,Federal Contract Tower,0,12,27,4,43,0,0,10,5,15,0,12,37,9,58,30,28,58,116
09/05/2013,HKS,MS,ASO,CE,Federal Contract Tower,0,5,27,9,41,0,0,18,9,27,0,5,45,18,68,28,74,102,170
09/06/2013,HKS,MS,ASO,CE,Federal Contract Tower,0,4,16,2,22,0,0,27,11,38,0,4,43,13,60,38,32,70,130
09/07/2013,HKS,MS,ASO,CE,Federal Contract Tower,0,4,18,2,24,0,0,18,6,24,0,4,36,8,48,18,44,62,110
09/08/2013,HKS,MS,ASO,CE,Federal Contract Tower,0,0,11,4,15,0,0,23,17,40,0,0,34,21,55,46,54,100,155
09/09/2013,HKS,MS,ASO,CE,Federal Contract Tower,0,4,17,4,25,0,0,11,3,14,0,4,28,7,39,22,14,36,75
09/10/2013,HKS,MS,ASO,CE,Federal Contract Tower,0,4,12,2,18,0,0,16,10,26,0,4,28,12,44,8,16,24,68
09/11/2013,HKS,MS,ASO,CE,Federal Contract Tower,0,7,22,0,29,0,3,19,1,23,0,10,41,1,52,30,20,50,102
09/12/2013,HKS,MS,ASO,CE,Federal Contract Tower,0,4,21,1,26,0,0,19,8,27,0,4,40,9,53,28,24,52,105
09/13/2013,HKS,MS,ASO,CE,Federal Contract Tower,0,4,7,0,11,0,0,8,1,9,0,4,15,1,20,0,24,24,44
09/14/2013,HKS,MS,ASO,CE,Federal Contract Tower,0,0,10,0,10,0,2,15,13,30,0,2,25,13,40,22,0,22,62
09/15/2013,HKS,MS,ASO,CE,Federal Contract Tower,0,2,13,0,15,0,0,20,0,20,0,2,33,0,35,60,0,60,95
09/16/2013,HKS,MS,ASO,CE,Federal Contract Tower,0,8,5,0,13,0,2,11,5,18,0,10,16,5,31,6,28,34,65
09/17/2013,HKS,MS,ASO,CE,Federal Contract Tower,0,9,17,0,26,0,1,28,16,45,0,10,45,16,71,12,28,40,111
09/18/2013,HKS,MS,ASO,CE,Federal Contract Tower,0,4,13,1,18,0,0,16,4,20,0,4,29,5,38,30,6,36,74
09/19/2013,HKS,MS,ASO,CE,Federal Contract Tower,0,13,15,3,31,0,2,19,10,31,0,15,34,13,62,40,68,108,170
09/20/2013,HKS,MS,ASO,CE,Federal Contract Tower,0,11,8,4,23,0,0,4,7,11,0,11,12,11,34,0,36,36,70
09/21/2013,HKS,MS,ASO,CE,Federal Contract Tower,0,0,0,0,0,0,0,5,0,5,0,0,5,0,5,2,0,2,7
09/22/2013,HKS,MS,ASO,CE,Federal Contract Tower,0,0,16,0,16,0,0,18,0,18,0,0,34,0,34,12,0,12,46
09/23/2013,HKS,MS,ASO,CE,Federal Contract Tower,0,4,11,0,15,0,2,19,2,23,0,6,30,2,38,28,4,32,70
09/24/2013,HKS,MS,ASO,CE,Federal Contract Tower,0,8,12,0,20,0,0,1,2,3,0,8,13,2,23,0,22,22,45
09/25/2013,HKS,MS,ASO,CE,Federal Contract Tower,0,2,19,2,23,0,1,17,10,28,0,3,36,12,51,18,50,68,119
09/26/2013,HKS,MS,ASO,CE,Federal Contract Tower,0,2,15,5,22,0,0,26,7,33,0,2,41,12,55,16,54,70,125
09/27/2013,HKS,MS,ASO,CE,Federal Contract Tower,0,2,16,0,18,0,0,26,2,28,0,2,42,2,46,20,10,30,76
09/28/2013,HKS,MS,ASO,CE,Federal Contract Tower,0,0,11,0,11,0,0,13,0,13,0,0,24,0,24,22,0,22,46
09/29/2013,HKS,MS,ASO,CE,Federal Contract Tower,0,0,10,0,10,0,0,18,0,18,0,0,28,0,28,16,0,16,44
09/30/2013,HKS,MS,ASO,CE,Federal Contract Tower,0,6,10,0,16,0,0,6,0,6,0,6,16,0,22,46,0,46,68
10/01/2013,HKS,MS,ASO,CE,Federal Contract Tower,0,7,17,0,24,0,3,10,0,13,0,10,27,0,37,18,0,18,55
10/02/2013,HKS,MS,ASO,CE,Federal Contract Tower,0,3,2,0,5,0,1,16,0,17,0,4,18,0,22,12,0,12,34
10/03/2013,HKS,MS,ASO,CE,Federal Contract Tower,0,13,24,0,37,0,0,12,0,12,0,13,36,0,49,0,0,0,49
10/04/2013,HKS,MS,ASO,CE,Federal Contract Tower,0,4,18,0,22,0,0,27,0,27,0,4,45,0,49,24,0,24,73
10/05/2013,HKS,MS,ASO,CE,Federal Contract Tower,0,0,21,0,21,0,0,18,0,18,0,0,39,0,39,52,0,52,91
10/06/2013,HKS,MS,ASO,CE,Federal Contract Tower,0,0,3,0,3,0,0,4,0,4,0,0,7,0,7,0,0,0,7
10/07/2013,HKS,MS,ASO,CE,Federal Contract Tower,0,7,7,0,14,0,1,17,0,18,0,8,24,0,32,16,0,16,48
10/08/2013,HKS,MS,ASO,CE,Federal Contract Tower,0,3,20,0,23,0,0,20,0,20,0,3,40,0,43,126,0,126,169
10/09/2013,HKS,MS,ASO,CE,Federal Contract Tower,0,5,26,0,31,0,0,18,0,18,0,5,44,0,49,34,0,34,83
10/10/2013,HKS,MS,ASO,CE,Federal Contract Tower,0,6,17,0,23,0,0,9,0,9,0,6,26,0,32,12,0,12,44
10/11/2013,HKS,MS,ASO,CE,Federal Contract Tower,0,5,23,0,28,0,0,12,0,12,0,5,35,0,40,6,0,6,46
10/12/2013,HKS,MS,ASO,CE,Federal Contract Tower,0,0,8,0,8,0,0,15,0,15,0,0,23,0,23,34,0,34,57
10/13/2013,HKS,MS,ASO,CE,Federal Contract Tower,0,0,11,0,11,0,0,19,0,19,0,0,30,0,30,0,0,0,30
10/14/2013,HKS,MS,ASO,CE,Federal Contract Tower,0,4,11,0,15,0,0,3,0,3,0,4,14,0,18,0,0,0,18
10/15/2013,HKS,MS,ASO,CE,Federal Contract Tower,0,3,13,0,16,0,3,17,0,20,0,6,30,0,36,16,0,16,52
10/16/2013,HKS,MS,ASO,CE,Federal Contract Tower,0,5,22,0,27,0,0,1,0,1,0,5,23,0,28,14,0,14,42
10/17/2013,HKS,MS,ASO,CE,Federal Contract Tower,0,5,14,0,19,0,0,2,0,2,0,5,16,0,21,0,0,0,21
10/18/2013,HKS,MS,ASO,CE,Federal Contract Tower,0,2,17,0,19,0,0,9,0,9,0,2,26,0,28,10,0,10,38
10/19/2013,HKS,MS,ASO,CE,Federal Contract Tower,0,1,10,0,11,0,0,17,0,17,0,1,27,0,28,22,0,22,50
10/20/2013,HKS,MS,ASO,CE,Federal Contract Tower,0,0,11,1,12,0,2,14,0,16,0,2,25,1,28,16,0,16,44
10/21/2013,HKS,MS,ASO,CE,Federal Contract Tower,0,10,7,1,18,0,2,15,0,17,0,12,22,1,35,24,0,24,59
10/22/2013,HKS,MS,ASO,CE,Federal Contract Tower,0,5,19,2,26,0,2,14,0,16,0,7,33,2,42,2,0,2,44
10/23/2013,HKS,MS,ASO,CE,Federal Contract Tower,0,9,19,2,30,0,0,31,12,43,0,9,50,14,73,20,22,42,115
10/24/2013,HKS,MS,ASO,CE,Federal Contract Tower,0,6,13,3,22,0,0,19,4,23,0,6,32,7,45,0,10,10,55
10/25/2013,HKS,MS,ASO,CE,Federal Contract Tower,0,6,18,5,29,0,0,22,2,24,0,6,40,7,53,28,10,38,91
10/26/2013,HKS,MS,ASO,CE,Federal Contract Tower,0,2,2,1,5,0,0,9,0,9,0,2,11,1,14,8,0,8,22
10/27/2013,HKS,MS,ASO,CE,Federal Contract Tower,0,0,13,0,13,0,0,16,0,16,0,0,29,0,29,38,0,38,67
10/28/2013,HKS,MS,ASO,CE,Federal Contract Tower,0,8,20,0,28,0,1,14,0,15,0,9,34,0,43,30,0,30,73
10/29/2013,HKS,MS,ASO,CE,Federal Contract Tower,0,6,14,3,23,0,0,19,3,22,0,6,33,6,45,26,38,64,109
10/30/2013,HKS,MS,ASO,CE,Federal Contract Tower,0,1,13,4,18,0,0,14,2,16,0,1,27,6,34,4,18,22,56
10/31/2013,HKS,MS,ASO,CE,Federal Contract Tower,0,7,6,6,19,0,0,0,0,0,0,7,6,6,19,0,28,28,47
11/01/2013,HKS,MS,ASO,CE,Federal Contract Tower,0,6,6,3,15,0,2,26,11,39,0,8,32,14,54,12,96,108,162
11/02/2013,HKS,MS,ASO,CE,Federal Contract Tower,0,0,9,2,11,0,0,20,9,29,0,0,29,11,40,60,42,102,142
11/03/2013,HKS,MS,ASO,CE,Federal Contract Tower,0,0,6,2,8,0,2,29,0,31,0,2,35,2,39,44,0,44,83
11/04/2013,HKS,MS,ASO,CE,Federal Contract Tower,0,4,13,4,21,0,0,14,8,22,0,4,27,12,43,10,32,42,85
11/05/2013,HKS,MS,ASO,CE,Federal Contract Tower,0,3,13,8,24,0,1,13,22,36,0,4,26,30,60,0,124,124,184
11/06/2013,HKS,MS,ASO,CE,Federal Contract Tower,0,9,15,5,29,0,0,5,8,13,0,9,20,13,42,0,78,78,120
11/07/2013,HKS,MS,ASO,CE,Federal Contract Tower,0,11,29,6,46,0,0,17,2,19,0,11,46,8,65,8,24,32,97
11/08/2013,HKS,MS,ASO,CE,Federal Contract Tower,0,2,13,2,17,0,0,14,0,14,0,2,27,2,31,58,0,58,89
11/09/2013,HKS,MS,ASO,CE,Federal Contract Tower,0,0,12,0,12,0,2,32,0,34,0,2,44,0,46,22,0,22,68
11/10/2013,HKS,MS,ASO,CE,Federal Contract Tower,0,7,7,0,14,0,0,25,0,25,0,7,32,0,39,48,0,48,87
11/11/2013,HKS,MS,ASO,CE,Federal Contract Tower,0,3,19,1,23,0,0,24,0,24,0,3,43,1,47,50,0,50,97
11/12/2013,HKS,MS,ASO,CE,Federal Contract Tower,0,4,10,12,26,0,2,5,20,27,0,6,15,32,53,0,88,88,141
11/13/2013,HKS,MS,ASO,CE,Federal Contract Tower,0,6,23,5,34,0,0,16,12,28,0,6,39,17,62,12,52,64,126
11/14/2013,HKS,MS,ASO,CE,Federal Contract Tower,0,8,30,5,43,0,3,30,20,53,0,11,60,25,96,28,80,108,204
11/15/2013,HKS,MS,ASO,CE,Federal Contract Tower,0,2,18,3,23,0,0,13,18,31,0,2,31,21,54,2,130,132,186
11/16/2013,HKS,MS,ASO,CE,Federal Contract Tower,0,0,5,1,6,0,0,7,7,14,0,0,12,8,20,6,54,60,80
11/17/2013,HKS,MS,ASO,CE,Federal Contract Tower,0,0,10,0,10,0,0,0,0,0,0,0,10,0,10,0,0,0,10
11/18/2013,HKS,MS,ASO,CE,Federal Contract Tower,0,4,24,5,33,0,0,16,5,21,0,4,40,10,54,20,64,84,138
11/19/2013,HKS,MS,ASO,CE,Federal Contract Tower,0,3,16,5,24,0,2,15,10,27,0,5,31,15,51,6,70,76,127
11/20/2013,HKS,MS,ASO,CE,Federal Contract Tower,0,12,19,8,39,0,0,19,9,28,0,12,38,17,67,4,74,78,145
11/21/2013,HKS,MS,ASO,CE,Federal Contract Tower,0,3,15,4,22,0,0,7,5,12,0,3,22,9,34,4,56,60,94
11/22/2013,HKS,MS,ASO,CE,Federal Contract Tower,0,6,9,0,15,0,0,0,0,0,0,6,9,0,15,2,0,2,17
11/23/2013,HKS,MS,ASO,CE,Federal Contract Tower,0,0,15,0,15,0,0,0,0,0,0,0,15,0,15,4,0,4,19
11/24/2013,HKS,MS,ASO,CE,Federal Contract Tower,0,0,1,0,1,0,2,11,10,23,0,2,12,10,24,0,36,36,60
11/25/2013,HKS,MS,ASO,CE,Federal Contract Tower,0,3,3,0,6,1,0,1,0,2,1,3,4,0,8,2,0,2,10
11/26/2013,HKS,MS,ASO,CE,Federal Contract Tower,0,3,1,0,4,0,0,0,0,0,0,3,1,0,4,0,0,0,4
11/27/2013,HKS,MS,ASO,CE,Federal Contract Tower,0,7,8,0,15,0,0,4,4,8,0,7,12,4,23,4,20,24,47
11/28/2013,HKS,MS,ASO,CE,Federal Contract Tower,0,0,3,0,3,0,4,9,0,13,0,4,12,0,16,8,0,8,24
11/29/2013,HKS,MS,ASO,CE,Federal Contract Tower,0,2,5,0,7,0,1,12,0,13,0,3,17,0,20,0,0,0,20
11/30/2013,HKS,MS,ASO,CE,Federal Contract Tower,0,0,10,0,10,0,3,26,0,29,0,3,36,0,39,22,0,22,61
12/01/2013,HKS,MS,ASO,CE,Federal Contract Tower,0,0,11,0,11,0,0,11,0,11,0,0,22,0,22,16,0,16,38
12/02/2013,HKS,MS,ASO,CE,Federal Contract Tower,0,5,8,2,15,0,2,4,6,12,0,7,12,8,27,24,16,40,67
12/03/2013,HKS,MS,ASO,CE,Federal Contract Tower,0,5,21,2,28,0,0,19,18,37,0,5,40,20,65,32,128,160,225
12/04/2013,HKS,MS,ASO,CE,Federal Contract Tower,0,7,15,3,25,0,0,4,12,16,0,7,19,15,41,6,76,82,123
12/05/2013,HKS,MS,ASO,CE,Federal Contract Tower,0,9,23,2,34,0,0,4,2,6,0,9,27,4,40,0,34,34,74
12/06/2013,HKS,MS,ASO,CE,Federal Contract Tower,0,5,5,2,12,0,0,0,0,0,0,5,5,2,12,0,0,0,12
12/07/2013,HKS,MS,ASO,CE,Federal Contract Tower,0,0,3,2,5,0,0,0,0,0,0,0,3,2,5,0,0,0,5
12/08/2013,HKS,MS,ASO,CE,Federal Contract Tower,0,2,2,0,4,0,0,0,0,0,0,2,2,0,4,0,0,0,4
12/09/2013,HKS,MS,ASO,CE,Federal Contract Tower,0,3,16,0,19,0,0,0,0,0,0,3,16,0,19,0,0,0,19
12/10/2013,HKS,MS,ASO,CE,Federal Contract Tower,0,5,24,2,31,0,1,13,7,21,0,6,37,9,52,14,0,14,66
12/11/2013,HKS,MS,ASO,CE,Federal Contract Tower,0,9,21,7,37,0,0,17,10,27,0,9,38,17,64,38,30,68,132
12/12/2013,HKS,MS,ASO,CE,Federal Contract Tower,0,14,12,10,36,0,0,19,9,28,0,14,31,19,64,0,26,26,90
12/13/2013,HKS,MS,ASO,CE,Federal Contract Tower,0,7,4,11,22,0,2,10,16,28,0,9,14,27,50,10,62,72,122
12/14/2013,HKS,MS,ASO,CE,Federal Contract Tower,0,1,7,6,14,0,0,0,8,8,0,1,7,14,22,0,92,92,114
12/15/2013,HKS,MS,ASO,CE,Federal Contract Tower,0,0,6,2,8,0,0,9,0,9,0,0,15,2,17,0,0,0,17
12/16/2013,HKS,MS,ASO,CE,Federal Contract Tower,0,7,10,7,24,0,2,20,16,38,0,9,30,23,62,16,66,82,144
12/17/2013,HKS,MS,ASO,CE,Federal Contract Tower,0,3,15,7,25,0,0,24,17,41,0,3,39,24,66,8,92,100,166
12/18/2013,HKS,MS,ASO,CE,Federal Contract Tower,0,9,15,2,26,0,0,12,2,14,0,9,27,4,40,10,16,26,66
12/19/2013,HKS,MS,ASO,CE,Federal Contract Tower,0,7,20,9,36,0,1,11,21,33,0,8,31,30,69,6,112,118,187
12/20/2013,HKS,MS,ASO,CE,Federal Contract Tower,0,5,15,6,26,0,0,12,3,15,0,5,27,9,41,2,38,40,81
12/21/2013,HKS,MS,ASO,CE,Federal Contract Tower,0,0,3,0,3,0,0,1,0,1,0,0,4,0,4,0,0,0,4
12/22/2013,HKS,MS,ASO,CE,Federal Contract Tower,0,0,2,0,2,0,0,3,0,3,0,0,5,0,5,0,0,0,5
12/23/2013,HKS,MS,ASO,CE,Federal Contract Tower,0,2,8,0,10,0,0,11,0,11,0,2,19,0,21,14,0,14,35
12/24/2013,HKS,MS,ASO,CE,Federal Contract Tower,0,2,7,0,9,0,0,11,0,11,0,2,18,0,20,20,0,20,40
12/25/2013,HKS,MS,ASO,CE,Federal Contract Tower,0,0,0,0,0,0,0,0,0,0,0,0,0,0,0,0,0,0,0
12/26/2013,HKS,MS,ASO,CE,Federal Contract Tower,0,3,14,0,17,0,2,30,2,34,0,5,44,2,51,42,2,44,95
12/27/2013,HKS,MS,ASO,CE,Federal Contract Tower,0,5,9,0,14,0,0,19,4,23,0,5,28,4,37,6,8,14,51
12/28/2013,HKS,MS,ASO,CE,Federal Contract Tower,0,1,15,0,16,0,0,0,0,0,0,1,15,0,16,4,0,4,20
12/29/2013,HKS,MS,ASO,CE,Federal Contract Tower,0,0,11,0,11,0,0,15,0,15,0,0,26,0,26,66,0,66,92
12/30/2013,HKS,MS,ASO,CE,Federal Contract Tower,0,2,16,2,20,0,1,9,2,12,0,3,25,4,32,0,0,0,32
12/31/2013,HKS,MS,ASO,CE,Federal Contract Tower,0,2,7,0,9,0,0,11,0,11,0,2,18,0,20,18,0,18,38
01/01/2014,HKS,MS,ASO,CE,Federal Contract Tower,0,2,10,0,12,0,1,14,2,17,0,3,24,2,29,10,0,10,39
01/02/2014,HKS,MS,ASO,CE,Federal Contract Tower,0,3,8,2,13,0,2,5,2,9,0,5,13,4,22,4,0,4,26
01/03/2014,HKS,MS,ASO,CE,Federal Contract Tower,0,4,5,3,12,0,0,20,6,26,0,4,25,9,38,40,38,78,116
01/04/2014,HKS,MS,ASO,CE,Federal Contract Tower,0,0,7,0,7,0,0,22,0,22,0,0,29,0,29,36,0,36,65
01/05/2014,HKS,MS,ASO,CE,Federal Contract Tower,0,0,3,0,3,0,0,3,0,3,0,0,6,0,6,4,0,4,10
01/06/2014,HKS,MS,ASO,CE,Federal Contract Tower,0,2,8,0,10,0,0,4,0,4,0,2,12,0,14,0,0,0,14
01/07/2014,HKS,MS,ASO,CE,Federal Contract Tower,0,8,12,5,25,0,0,19,8,27,0,8,31,13,52,14,20,34,86
01/08/2014,HKS,MS,ASO,CE,Federal Contract Tower,0,7,12,5,24,0,0,13,5,18,0,7,25,10,42,2,66,68,110
01/09/2014,HKS,MS,ASO,CE,Federal Contract Tower,0,10,10,9,29,0,2,13,15,30,0,12,23,24,59,24,4,28,87
01/10/2014,HKS,MS,ASO,CE,Federal Contract Tower,0,6,10,2,18,0,1,3,0,4,0,7,13,2,22,12,0,12,34
01/11/2014,HKS,MS,ASO,CE,Federal Contract Tower,0,3,3,4,10,0,0,7,14,21,0,3,10,18,31,16,38,54,85
01/12/2014,HKS,MS,ASO,CE,Federal Contract Tower,0,0,3,6,9,0,2,20,0,22,0,2,23,6,31,48,6,54,85
01/13/2014,HKS,MS,ASO,CE,Federal Contract Tower,0,2,12,1,15,0,0,2,1,3,0,2,14,2,18,4,12,16,34
01/14/2014,HKS,MS,ASO,CE,Federal Contract Tower,0,4,11,1,16,0,0,21,14,35,0,4,32,15,51,24,30,54,105
01/15/2014,HKS,MS,ASO,CE,Federal Contract Tower,0,4,18,4,26,0,0,11,12,23,0,4,29,16,49,12,34,46,95
01/16/2014,HKS,MS,ASO,CE,Federal Contract Tower,0,2,15,1,18,0,0,14,11,25,0,2,29,12,43,18,26,44,87
01/17/2014,HKS,MS,ASO,CE,Federal Contract Tower,0,6,11,0,17,0,1,21,0,22,0,7,32,0,39,38,0,38,77
01/18/2014,HKS,MS,ASO,CE,Federal Contract Tower,0,0,19,0,19,0,2,24,0,26,0,2,43,0,45,56,0,56,101
01/19/2014,HKS,MS,ASO,CE,Federal Contract Tower,0,0,16,0,16,0,0,18,0,18,0,0,34,0,34,46,0,46,80
01/20/2014,HKS,MS,ASO,CE,Federal Contract Tower,0,2,15,0,17,0,0,17,0,17,0,2,32,0,34,50,0,50,84
01/21/2014,HKS,MS,ASO,CE,Federal Contract Tower,0,3,6,7,16,0,0,18,19,37,0,3,24,26,53,6,40,46,99
01/22/2014,HKS,MS,ASO,CE,Federal Contract Tower,0,4,19,1,24,0,2,10,6,18,0,6,29,7,42,35,48,83,125
01/23/2014,HKS,MS,ASO,CE,Federal Contract Tower,0,4,16,3,23,0,0,6,7,13,0,4,22,10,36,10,34,44,80
01/24/2014,HKS,MS,ASO,CE,Federal Contract Tower,0,2,7,4,13,0,0,14,8,22,0,2,21,12,35,28,32,60,95
01/25/2014,HKS,MS,ASO,CE,Federal Contract Tower,0,2,7,0,9,0,3,11,7,21,0,5,18,7,30,24,10,34,64
01/26/2014,HKS,MS,ASO,CE,Federal Contract Tower,0,0,11,4,15,0,2,14,24,40,0,2,25,28,55,70,18,88,143
01/27/2014,HKS,MS,ASO,CE,Federal Contract Tower,0,4,12,7,23,0,0,8,13,21,0,4,20,20,44,2,54,56,100
01/28/2014,HKS,MS,ASO,CE,Federal Contract Tower,0,4,2,0,6,0,0,0,0,0,0,4,2,0,6,0,0,0,6
01/29/2014,HKS,MS,ASO,CE,Federal Contract Tower,0,2,0,0,2,0,0,7,8,15,0,2,7,8,17,0,24,24,41
01/30/2014,HKS,MS,ASO,CE,Federal Contract Tower,0,3,16,0,19,0,2,19,18,39,0,5,35,18,58,40,24,64,122
01/31/2014,HKS,MS,ASO,CE,Federal Contract Tower,0,4,19,3,26,0,2,20,11,33,0,6,39,14,59,44,64,108,167
02/01/2014,HKS,MS,ASO,CE,Federal Contract Tower,0,0,7,0,7,0,2,17,6,25,0,2,24,6,32,46,0,46,78
02/02/2014,HKS,MS,ASO,CE,Federal Contract Tower,0,1,5,0,6,0,1,0,0,1,0,2,5,0,7,4,0,4,11
02/03/2014,HKS,MS,ASO,CE,Federal Contract Tower,0,4,15,0,19,0,0,3,0,3,0,4,18,0,22,4,0,4,26
02/04/2014,HKS,MS,ASO,CE,Federal Contract Tower,0,4,13,2,19,0,0,0,0,0,0,4,13,2,19,0,0,0,19
02/05/2014,HKS,MS,ASO,CE,Federal Contract Tower,0,6,16,3,25,0,0,4,4,8,0,6,20,7,33,6,72,78,111
02/06/2014,HKS,MS,ASO,CE,Federal Contract Tower,0,3,17,3,23,0,0,1,14,15,0,3,18,17,38,8,62,70,108
02/07/2014,HKS,MS,ASO,CE,Federal Contract Tower,0,5,13,4,22,0,2,9,10,21,0,7,22,14,43,4,42,46,89
02/08/2014,HKS,MS,ASO,CE,Federal Contract Tower,0,0,12,3,15,0,0,20,3,23,0,0,32,6,38,44,2,46,84
02/09/2014,HKS,MS,ASO,CE,Federal Contract Tower,0,2,8,2,12,0,1,34,2,37,0,3,42,4,49,38,0,38,87
02/10/2014,HKS,MS,ASO,CE,Federal Contract Tower,0,2,10,2,14,0,0,1,4,5,0,2,11,6,19,0,78,78,97
02/11/2014,HKS,MS,ASO,CE,Federal Contract Tower,0,4,4,0,8,0,0,0,0,0,0,4,4,0,8,0,0,0,8
02/12/2014,HKS,MS,ASO,CE,Federal Contract Tower,0,2,3,0,5,0,0,0,0,0,0,2,3,0,5,0,0,0,5
02/13/2014,HKS,MS,ASO,CE,Federal Contract Tower,0,2,12,1,15,0,4,20,14,38,0,6,32,15,53,26,8,34,87
02/14/2014,HKS,MS,ASO,CE,Federal Contract Tower,0,4,22,0,26,0,0,9,0,9,0,4,31,0,35,6,0,6,41
02/15/2014,HKS,MS,ASO,CE,Federal Contract Tower,0,0,11,0,11,0,2,25,0,27,0,2,36,0,38,34,0,34,72
02/16/2014,HKS,MS,ASO,CE,Federal Contract Tower,0,0,9,0,9,0,2,24,0,26,0,2,33,0,35,12,0,12,47
02/17/2014,HKS,MS,ASO,CE,Federal Contract Tower,0,2,14,2,18,0,0,12,0,12,0,2,26,2,30,10,0,10,40
02/18/2014,HKS,MS,ASO,CE,Federal Contract Tower,0,3,28,10,41,0,8,7,11,26,0,11,35,21,67,16,46,62,129
02/19/2014,HKS,MS,ASO,CE,Federal Contract Tower,0,4,19,10,33,0,6,13,6,25,0,10,32,16,58,26,24,50,108
02/20/2014,HKS,MS,ASO,CE,Federal Contract Tower,0,5,13,11,29,0,6,4,9,19,0,11,17,20,48,2,76,78,126
02/21/2014,HKS,MS,ASO,CE,Federal Contract Tower,0,2,8,5,15,0,0,26,15,41,0,2,34,20,56,42,54,96,152
02/22/2014,HKS,MS,ASO,CE,Federal Contract Tower,0,0,15,6,21,0,0,27,23,50,0,0,42,29,71,38,46,84,155
02/23/2014,HKS,MS,ASO,CE,Federal Contract Tower,0,0,7,1,8,0,2,11,8,21,0,2,18,9,29,4,8,12,41
02/24/2014,HKS,MS,ASO,CE,Federal Contract Tower,0,5,18,6,29,0,0,19,8,27,0,5,37,14,56,4,30,34,90
02/25/2014,HKS,MS,ASO,CE,Federal Contract Tower,0,2,15,5,22,0,2,8,21,31,0,4,23,26,53,20,82,102,155
02/26/2014,HKS,MS,ASO,CE,Federal Contract Tower,0,5,15,2,22,0,5,12,5,22,0,10,27,7,44,2,90,92,136
02/27/2014,HKS,MS,ASO,CE,Federal Contract Tower,0,4,28,0,32,0,0,23,18,41,0,4,51,18,73,26,52,78,151
02/28/2014,HKS,MS,ASO,CE,Federal Contract Tower,0,4,16,8,28,0,0,17,18,35,0,4,33,26,63,32,58,90,153
03/01/2014,HKS,MS,ASO,CE,Federal Contract Tower,0,0,11,6,17,0,2,17,6,25,0,2,28,12,42,16,16,32,74
03/02/2014,HKS,MS,ASO,CE,Federal Contract Tower,0,0,8,7,15,0,0,12,7,19,0,0,20,14,34,0,56,56,90
03/03/2014,HKS,MS,ASO,CE,Federal Contract Tower,0,3,5,1,9,0,0,0,0,0,0,3,5,1,9,0,0,0,9
03/04/2014,HKS,MS,ASO,CE,Federal Contract Tower,0,5,17,4,26,0,0,7,3,10,0,5,24,7,36,22,62,84,120
03/05/2014,HKS,MS,ASO,CE,Federal Contract Tower,0,7,18,8,33,0,0,10,10,20,0,7,28,18,53,32,38,70,123
03/06/2014,HKS,MS,ASO,CE,Federal Contract Tower,0,4,15,0,19,0,0,0,0,0,0,4,15,0,19,0,0,0,19
03/07/2014,HKS,MS,ASO,CE,Federal Contract Tower,0,5,34,7,46,0,2,13,6,21,0,7,47,13,67,64,66,130,197
03/08/2014,HKS,MS,ASO,CE,Federal Contract Tower,0,0,8,0,8,0,2,11,0,13,0,2,19,0,21,56,20,76,97
03/09/2014,HKS,MS,ASO,CE,Federal Contract Tower,0,0,10,0,10,0,0,30,0,30,0,0,40,0,40,58,0,58,98
03/10/2014,HKS,MS,ASO,CE,Federal Contract Tower,0,5,19,5,29,0,0,12,12,24,0,5,31,17,53,22,50,72,125
03/11/2014,HKS,MS,ASO,CE,Federal Contract Tower,0,3,12,10,25,0,0,2,6,8,0,3,14,16,33,2,14,16,49
03/12/2014,HKS,MS,ASO,CE,Federal Contract Tower,0,5,9,2,16,0,0,11,13,24,0,5,20,15,40,2,42,44,84
03/13/2014,HKS,MS,ASO,CE,Federal Contract Tower,0,5,11,2,18,0,0,14,18,32,0,5,25,20,50,18,34,52,102
03/14/2014,HKS,MS,ASO,CE,Federal Contract Tower,0,3,8,0,11,0,0,26,10,36,0,3,34,10,47,10,0,10,57
03/15/2014,HKS,MS,ASO,CE,Federal Contract Tower,0,0,12,3,15,0,0,15,4,19,0,0,27,7,34,62,12,74,108
03/16/2014,HKS,MS,ASO,CE,Federal Contract Tower,0,1,10,0,11,0,0,10,0,10,0,1,20,0,21,30,0,30,51
03/17/2014,HKS,MS,ASO,CE,Federal Contract Tower,0,2,16,2,20,0,0,3,0,3,0,2,19,2,23,14,0,14,37
03/18/2014,HKS,MS,ASO,CE,Federal Contract Tower,0,4,24,4,32,0,0,11,11,22,0,4,35,15,54,44,48,92,146
03/19/2014,HKS,MS,ASO,CE,Federal Contract Tower,0,4,16,4,24,0,0,21,1,22,0,4,37,5,46,86,12,98,144
03/20/2014,HKS,MS,ASO,CE,Federal Contract Tower,0,6,16,10,32,0,2,16,12,30,0,8,32,22,62,14,56,70,132
03/21/2014,HKS,MS,ASO,CE,Federal Contract Tower,0,2,15,7,24,0,4,15,6,25,0,6,30,13,49,14,52,66,115
03/22/2014,HKS,MS,ASO,CE,Federal Contract Tower,0,0,11,0,11,0,2,36,0,38,0,2,47,0,49,66,0,66,115
03/23/2014,HKS,MS,ASO,CE,Federal Contract Tower,0,0,5,0,5,0,0,11,0,11,0,0,16,0,16,0,0,0,16
03/24/2014,HKS,MS,ASO,CE,Federal Contract Tower,0,2,13,6,21,0,0,15,0,15,0,2,28,6,36,24,6,30,66
03/25/2014,HKS,MS,ASO,CE,Federal Contract Tower,0,2,13,5,20,0,0,24,17,41,0,2,37,22,61,52,70,122,183
03/26/2014,HKS,MS,ASO,CE,Federal Contract Tower,0,5,17,3,25,0,0,42,10,52,0,5,59,13,77,66,46,112,189
03/27/2014,HKS,MS,ASO,CE,Federal Contract Tower,0,4,17,5,26,0,0,7,12,19,0,4,24,17,45,34,38,72,117
03/28/2014,HKS,MS,ASO,CE,Federal Contract Tower,0,2,19,7,28,0,2,7,17,26,0,4,26,24,54,20,28,48,102
03/29/2014,HKS,MS,ASO,CE,Federal Contract Tower,0,0,3,4,7,0,0,6,11,17,0,0,9,15,24,0,42,42,66
03/30/2014,HKS,MS,ASO,CE,Federal Contract Tower,0,2,11,5,18,0,1,21,12,34,0,3,32,17,52,42,42,84,136
03/31/2014,HKS,MS,ASO,CE,Federal Contract Tower,0,3,5,2,10,0,5,10,0,15,0,8,15,2,25,24,0,24,49
04/01/2014,HKS,MS,ASO,CE,Federal Contract Tower,0,3,21,7,31,0,8,19,9,36,0,11,40,16,67,16,5,21,88
04/02/2014,HKS,MS,ASO,CE,Federal Contract Tower,0,5,14,6,25,0,0,14,7,21,0,5,28,13,46,38,92,130,176
04/03/2014,HKS,MS,ASO,CE,Federal Contract Tower,0,2,18,11,31,0,0,11,12,23,0,2,29,23,54,6,62,68,122
04/04/2014,HKS,MS,ASO,CE,Federal Contract Tower,0,8,11,2,21,0,0,18,2,20,0,8,29,4,41,0,6,6,47
04/05/2014,HKS,MS,ASO,CE,Federal Contract Tower,0,0,9,2,11,0,6,17,0,23,0,6,26,2,34,46,0,46,80
04/06/2014,HKS,MS,ASO,CE,Federal Contract Tower,0,0,7,0,7,0,0,0,0,0,0,0,7,0,7,0,0,0,7
04/07/2014,HKS,MS,ASO,CE,Federal Contract Tower,0,2,17,1,20,0,1,3,3,7,0,3,20,4,27,26,8,34,61
04/08/2014,HKS,MS,ASO,CE,Federal Contract Tower,0,4,7,8,19,0,0,8,16,24,0,4,15,24,43,12,24,36,79
04/09/2014,HKS,MS,ASO,CE,Federal Contract Tower,0,2,19,4,25,0,2,26,7,35,0,4,45,11,60,50,60,110,170
04/10/2014,HKS,MS,ASO,CE,Federal Contract Tower,0,5,22,7,34,0,0,21,8,29,0,5,43,15,63,8,52,60,123
04/11/2014,HKS,MS,ASO,CE,Federal Contract Tower,0,5,20,9,34,0,0,16,22,38,0,5,36,31,72,66,88,154,226
04/12/2014,HKS,MS,ASO,CE,Federal Contract Tower,0,0,20,8,28,0,0,12,14,26,0,0,32,22,54,30,68,98,152
04/13/2014,HKS,MS,ASO,CE,Federal Contract Tower,0,3,12,2,17,0,2,13,2,17,0,5,25,4,34,14,6,20,54
04/14/2014,HKS,MS,ASO,CE,Federal Contract Tower,0,1,2,0,3,0,0,0,0,0,0,1,2,0,3,0,0,0,3
04/15/2014,HKS,MS,ASO,CE,Federal Contract Tower,0,2,14,5,21,0,0,13,9,22,0,2,27,14,43,8,80,88,131
04/16/2014,HKS,MS,ASO,CE,Federal Contract Tower,0,6,23,11,40,0,4,21,8,33,0,10,44,19,73,24,52,76,149
04/17/2014,HKS,MS,ASO,CE,Federal Contract Tower,0,0,34,7,41,0,2,28,17,47,0,2,62,24,88,6,58,64,152
04/18/2014,HKS,MS,ASO,CE,Federal Contract Tower,0,2,16,6,24,0,2,11,8,21,0,4,27,14,45,8,56,64,109
04/19/2014,HKS,MS,ASO,CE,Federal Contract Tower,0,0,7,0,7,0,4,24,0,28,0,4,31,0,35,22,0,22,57
04/20/2014,HKS,MS,ASO,CE,Federal Contract Tower,0,0,5,4,9,0,3,18,4,25,0,3,23,8,34,6,0,6,40
04/21/2014,HKS,MS,ASO,CE,Federal Contract Tower,0,3,28,4,35,0,0,22,8,30,0,3,50,12,65,22,56,78,143
04/22/2014,HKS,MS,ASO,CE,Federal Contract Tower,0,2,22,3,27,0,0,11,9,20,0,2,33,12,47,20,14,34,81
04/23/2014,HKS,MS,ASO,CE,Federal Contract Tower,0,2,20,0,22,0,0,22,10,32,0,2,42,10,54,24,14,38,92
04/24/2014,HKS,MS,ASO,CE,Federal Contract Tower,0,5,16,1,22,0,0,34,0,34,0,5,50,1,56,40,0,40,96
04/25/2014,HKS,MS,ASO,CE,Federal Contract Tower,0,2,6,3,11,0,0,24,11,35,0,2,30,14,46,48,72,120,166
04/26/2014,HKS,MS,ASO,CE,Federal Contract Tower,0,0,12,0,12,0,0,36,1,37,0,0,48,1,49,50,6,56,105
04/27/2014,HKS,MS,ASO,CE,Federal Contract Tower,0,1,4,0,5,0,0,4,4,8,0,1,8,4,13,16,0,16,29
04/28/2014,HKS,MS,ASO,CE,Federal Contract Tower,0,5,12,0,17,0,0,0,1,1,0,5,12,1,18,0,0,0,18
04/29/2014,HKS,MS,ASO,CE,Federal Contract Tower,0,2,12,0,14,0,0,8,6,14,0,2,20,6,28,4,2,6,34
04/30/2014,HKS,MS,ASO,CE,Federal Contract Tower,0,2,18,4,24,0,2,18,10,30,0,4,36,14,54,12,12,24,78
05/01/2014,HKS,MS,ASO,CE,Federal Contract Tower,0,2,20,0,22,0,0,22,0,22,0,2,42,0,44,20,0,20,64
05/02/2014,HKS,MS,ASO,CE,Federal Contract Tower,0,2,27,0,29,0,2,21,3,26,0,4,48,3,55,52,2,54,109
05/03/2014,HKS,MS,ASO,CE,Federal Contract Tower,0,0,13,0,13,0,2,14,0,16,0,2,27,0,29,74,0,74,103
05/04/2014,HKS,MS,ASO,CE,Federal Contract Tower,0,0,9,0,9,0,0,15,0,15,0,0,24,0,24,34,0,34,58
05/05/2014,HKS,MS,ASO,CE,Federal Contract Tower,0,2,10,0,12,0,3,21,2,26,0,5,31,2,38,18,0,18,56
05/06/2014,HKS,MS,ASO,CE,Federal Contract Tower,0,2,22,2,26,0,0,22,0,22,0,2,44,2,48,2,0,2,50
05/07/2014,HKS,MS,ASO,CE,Federal Contract Tower,0,3,11,3,17,0,0,5,0,5,0,3,16,3,22,0,12,12,34
05/08/2014,HKS,MS,ASO,CE,Federal Contract Tower,0,3,14,2,19,0,0,8,7,15,0,3,22,9,34,8,0,8,42
05/09/2014,HKS,MS,ASO,CE,Federal Contract Tower,0,2,1,0,3,0,0,1,0,1,0,2,2,0,4,0,0,0,4
05/10/2014,HKS,MS,ASO,CE,Federal Contract Tower,0,0,12,0,12,0,0,6,0,6,0,0,18,0,18,38,0,38,56
05/11/2014,HKS,MS,ASO,CE,Federal Contract Tower,0,0,11,1,12,0,4,6,0,10,0,4,17,1,22,26,2,28,50
05/12/2014,HKS,MS,ASO,CE,Federal Contract Tower,0,2,16,2,20,0,0,17,0,17,0,2,33,2,37,32,0,32,69
05/13/2014,HKS,MS,ASO,CE,Federal Contract Tower,0,3,20,1,24,0,0,13,7,20,0,3,33,8,44,8,52,60,104
05/14/2014,HKS,MS,ASO,CE,Federal Contract Tower,0,3,17,1,21,0,2,0,3,5,0,5,17,4,26,0,32,32,58
05/15/2014,HKS,MS,ASO,CE,Federal Contract Tower,0,5,23,3,31,0,0,25,11,36,0,5,48,14,67,60,22,82,149
05/16/2014,HKS,MS,ASO,CE,Federal Contract Tower,0,3,23,4,30,0,2,29,11,42,0,5,52,15,72,74,92,166,238
05/17/2014,HKS,MS,ASO,CE,Federal Contract Tower,0,2,11,0,13,0,3,28,7,38,0,5,39,7,51,46,10,56,107
05/18/2014,HKS,MS,ASO,CE,Federal Contract Tower,0,0,14,1,15,0,0,24,11,35,0,0,38,12,50,74,0,74,124
05/19/2014,HKS,MS,ASO,CE,Federal Contract Tower,0,4,17,5,26,0,2,32,16,50,0,6,49,21,76,50,16,66,142
05/20/2014,HKS,MS,ASO,CE,Federal Contract Tower,0,3,14,11,28,0,0,30,16,46,0,3,44,27,74,70,102,172,246
05/21/2014,HKS,MS,ASO,CE,Federal Contract Tower,0,2,14,7,23,0,0,18,7,25,0,2,32,14,48,42,56,98,146
05/22/2014,HKS,MS,ASO,CE,Federal Contract Tower,0,2,24,3,29,0,0,24,8,32,0,2,48,11,61,24,22,46,107
05/23/2014,HKS,MS,ASO,CE,Federal Contract Tower,0,2,10,0,12,0,2,28,0,30,0,4,38,0,42,68,0,68,110
05/24/2014,HKS,MS,ASO,CE,Federal Contract Tower,0,0,9,0,9,0,0,23,0,23,0,0,32,0,32,74,0,74,106
05/25/2014,HKS,MS,ASO,CE,Federal Contract Tower,0,0,7,0,7,0,0,27,0,27,0,0,34,0,34,56,0,56,90
05/26/2014,HKS,MS,ASO,CE,Federal Contract Tower,0,0,14,0,14,0,2,30,0,32,0,2,44,0,46,30,0,30,76
05/27/2014,HKS,MS,ASO,CE,Federal Contract Tower,0,2,17,11,30,0,0,16,12,28,0,2,33,23,58,56,110,166,224
05/28/2014,HKS,MS,ASO,CE,Federal Contract Tower,0,3,19,2,24,0,0,4,4,8,0,3,23,6,32,34,18,52,84
05/29/2014,HKS,MS,ASO,CE,Federal Contract Tower,0,3,11,8,22,0,0,5,8,13,0,3,16,16,35,0,16,16,51
05/30/2014,HKS,MS,ASO,CE,Federal Contract Tower,0,3,20,6,29,0,0,7,17,24,0,3,27,23,53,36,112,148,201
05/31/2014,HKS,MS,ASO,CE,Federal Contract Tower,0,0,18,0,18,0,0,7,0,7,0,0,25,0,25,26,0,26,51
06/01/2014,HKS,MS,ASO,CE,Federal Contract Tower,0,1,7,0,8,0,0,3,0,3,0,1,10,0,11,42,0,42,53
06/02/2014,HKS,MS,ASO,CE,Federal Contract Tower,0,3,17,3,23,0,0,9,10,19,0,3,26,13,42,18,44,62,104
06/03/2014,HKS,MS,ASO,CE,Federal Contract Tower,0,2,30,5,37,0,0,15,14,29,0,2,45,19,66,48,54,102,168
06/04/2014,HKS,MS,ASO,CE,Federal Contract Tower,0,4,18,5,27,0,0,22,11,33,0,4,40,16,60,18,108,126,186
06/05/2014,HKS,MS,ASO,CE,Federal Contract Tower,0,3,16,6,25,0,2,12,8,22,0,5,28,14,47,60,26,86,133
06/06/2014,HKS,MS,ASO,CE,Federal Contract Tower,0,2,13,4,19,0,0,10,4,14,0,2,23,8,33,92,6,98,131
06/07/2014,HKS,MS,ASO,CE,Federal Contract Tower,0,1,7,3,11,0,2,20,17,39,0,3,27,20,50,50,40,90,140
06/08/2014,HKS,MS,ASO,CE,Federal Contract Tower,0,0,8,0,8,0,0,15,0,15,0,0,23,0,23,60,0,60,83
06/09/2014,HKS,MS,ASO,CE,Federal Contract Tower,0,2,9,2,13,0,0,14,12,26,0,2,23,14,39,22,0,22,61
06/10/2014,HKS,MS,ASO,CE,Federal Contract Tower,0,4,11,0,15,0,1,6,10,17,0,5,17,10,32,0,0,0,32
06/11/2014,HKS,MS,ASO,CE,Federal Contract Tower,0,1,19,4,24,0,0,22,14,36,0,1,41,18,60,78,78,156,216
06/12/2014,HKS,MS,ASO,CE,Federal Contract Tower,0,4,20,5,29,0,2,16,14,32,0,6,36,19,61,36,52,88,149
06/13/2014,HKS,MS,ASO,CE,Federal Contract Tower,0,2,12,4,18,0,0,6,7,13,0,2,18,11,31,34,52,86,117
06/14/2014,HKS,MS,ASO,CE,Federal Contract Tower,0,0,12,0,12,0,0,20,0,20,0,0,32,0,32,74,0,74,106
06/15/2014,HKS,MS,ASO,CE,Federal Contract Tower,0,0,6,2,8,0,4,16,0,20,0,4,22,2,28,72,0,72,100
06/16/2014,HKS,MS,ASO,CE,Federal Contract Tower,0,2,17,1,20,0,0,18,5,23,0,2,35,6,43,8,44,52,95
06/17/2014,HKS,MS,ASO,CE,Federal Contract Tower,0,5,19,3,27,0,0,15,11,26,0,5,34,14,53,32,104,136,189
06/18/2014,HKS,MS,ASO,CE,Federal Contract Tower,0,8,25,5,38,0,0,16,6,22,0,8,41,11,60,10,90,100,160
06/19/2014,HKS,MS,ASO,CE,Federal Contract Tower,0,4,22,0,26,0,0,12,5,17,0,4,34,5,43,4,30,34,77
06/20/2014,HKS,MS,ASO,CE,Federal Contract Tower,0,4,18,3,25,0,0,29,4,33,0,4,47,7,58,44,12,56,114
06/21/2014,HKS,MS,ASO,CE,Federal Contract Tower,0,0,8,0,8,0,0,28,3,31,0,0,36,3,39,88,0,88,127
06/22/2014,HKS,MS,ASO,CE,Federal Contract Tower,0,0,9,0,9,0,0,11,0,11,0,0,20,0,20,26,0,26,46
06/23/2014,HKS,MS,ASO,CE,Federal Contract Tower,0,2,14,0,16,0,2,18,0,20,0,4,32,0,36,56,0,56,92
06/24/2014,HKS,MS,ASO,CE,Federal Contract Tower,0,3,13,3,19,0,0,15,4,19,0,3,28,7,38,82,18,100,138
06/25/2014,HKS,MS,ASO,CE,Federal Contract Tower,0,2,15,2,19,0,1,8,5,14,0,3,23,7,33,10,14,24,57
06/26/2014,HKS,MS,ASO,CE,Federal Contract Tower,0,3,15,2,20,0,0,6,5,11,0,3,21,7,31,48,14,62,93
06/27/2014,HKS,MS,ASO,CE,Federal Contract Tower,0,2,20,8,30,0,0,11,8,19,0,2,31,16,49,14,50,64,113
06/28/2014,HKS,MS,ASO,CE,Federal Contract Tower,0,0,6,4,10,0,0,12,3,15,0,0,18,7,25,40,4,44,69
06/29/2014,HKS,MS,ASO,CE,Federal Contract Tower,0,0,11,0,11,0,0,13,2,15,0,0,24,2,26,24,2,26,52
06/30/2014,HKS,MS,ASO,CE,Federal Contract Tower,0,2,16,4,22,0,2,22,0,24,0,4,38,4,46,60,10,70,116
07/01/2014,HKS,MS,ASO,CE,Federal Contract Tower,0,2,10,5,17,0,2,20,17,39,0,4,30,22,56,50,16,66,122
07/02/2014,HKS,MS,ASO,CE,Federal Contract Tower,0,2,13,4,19,0,4,11,2,17,0,6,24,6,36,20,40,60,96
07/03/2014,HKS,MS,ASO,CE,Federal Contract Tower,0,2,12,3,17,0,7,10,0,17,0,9,22,3,34,70,8,78,112
07/04/2014,HKS,MS,ASO,CE,Federal Contract Tower,0,0,8,0,8,0,0,14,0,14,0,0,22,0,22,64,0,64,86
07/05/2014,HKS,MS,ASO,CE,Federal Contract Tower,0,0,5,0,5,0,0,18,0,18,0,0,23,0,23,40,0,40,63
07/06/2014,HKS,MS,ASO,CE,Federal Contract Tower,0,0,6,0,6,0,0,32,0,32,0,0,38,0,38,6,0,6,44
07/07/2014,HKS,MS,ASO,CE,Federal Contract Tower,0,1,20,0,21,0,0,33,0,33,0,1,53,0,54,48,0,48,102
07/08/2014,HKS,MS,ASO,CE,Federal Contract Tower,0,2,30,6,38,0,0,27,14,41,0,2,57,20,79,66,42,108,187
07/09/2014,HKS,MS,ASO,CE,Federal Contract Tower,0,4,16,1,21,0,6,4,6,16,0,10,20,7,37,0,52,52,89
07/10/2014,HKS,MS,ASO,CE,Federal Contract Tower,0,2,13,3,18,0,2,12,9,23,0,4,25,12,41,24,28,52,93
07/11/2014,HKS,MS,ASO,CE,Federal Contract Tower,0,2,6,0,8,0,2,20,6,28,0,4,26,6,36,36,14,50,86
07/12/2014,HKS,MS,ASO,CE,Federal Contract Tower,0,0,17,2,19,0,0,17,1,18,0,0,34,3,37,34,2,36,73
07/13/2014,HKS,MS,ASO,CE,Federal Contract Tower,0,0,12,1,13,0,2,27,2,31,0,2,39,3,44,64,0,64,108
07/14/2014,HKS,MS,ASO,CE,Federal Contract Tower,0,4,12,3,19,0,0,21,8,29,0,4,33,11,48,44,44,88,136
07/15/2014,HKS,MS,ASO,CE,Federal Contract Tower,0,4,11,4,19,0,0,5,14,19,0,4,16,18,38,18,14,32,70
07/16/2014,HKS,MS,ASO,CE,Federal Contract Tower,0,0,19,2,21,0,1,17,12,30,0,1,36,14,51,66,20,86,137
07/17/2014,HKS,MS,ASO,CE,Federal Contract Tower,0,2,17,3,22,0,2,19,15,36,0,4,36,18,58,64,26,90,148
07/18/2014,HKS,MS,ASO,CE,Federal Contract Tower,0,4,7,0,11,0,0,0,0,0,0,4,7,0,11,0,0,0,11
07/19/2014,HKS,MS,ASO,CE,Federal Contract Tower,0,0,27,0,27,0,0,0,0,0,0,0,27,0,27,24,0,24,51
07/20/2014,HKS,MS,ASO,CE,Federal Contract Tower,0,0,10,0,10,0,1,22,0,23,0,1,32,0,33,60,0,60,93
07/21/2014,HKS,MS,ASO,CE,Federal Contract Tower,0,2,12,0,14,0,1,18,0,19,0,3,30,0,33,44,0,44,77
07/22/2014,HKS,MS,ASO,CE,Federal Contract Tower,0,2,15,1,18,0,2,25,6,33,0,4,40,7,51,18,6,24,75
07/23/2014,HKS,MS,ASO,CE,Federal Contract Tower,0,7,13,2,22,0,0,11,4,15,0,7,24,6,37,0,8,8,45
07/24/2014,HKS,MS,ASO,CE,Federal Contract Tower,0,3,10,2,15,0,0,9,5,14,0,3,19,7,29,14,36,50,79
07/25/2014,HKS,MS,ASO,CE,Federal Contract Tower,0,2,24,0,26,0,0,17,3,20,0,2,41,3,46,38,0,38,84
07/26/2014,HKS,MS,ASO,CE,Federal Contract Tower,0,0,9,0,9,0,2,15,6,23,0,2,24,6,32,46,14,60,92
07/27/2014,HKS,MS,ASO,CE,Federal Contract Tower,0,0,8,2,10,0,0,14,1,15,0,0,22,3,25,54,12,66,91
07/28/2014,HKS,MS,ASO,CE,Federal Contract Tower,0,2,14,5,21,0,0,17,5,22,0,2,31,10,43,16,34,50,93
07/29/2014,HKS,MS,ASO,CE,Federal Contract Tower,0,9,11,0,20,0,0,20,8,28,0,9,31,8,48,22,26,48,96
07/30/2014,HKS,MS,ASO,CE,Federal Contract Tower,0,5,13,8,26,0,1,17,6,24,0,6,30,14,50,40,30,70,120
07/31/2014,HKS,MS,ASO,CE,Federal Contract Tower,0,3,20,4,27,0,0,13,3,16,0,3,33,7,43,34,24,58,101
08/01/2014,HKS,MS,ASO,CE,Federal Contract Tower,0,2,21,0,23,0,2,9,3,14,0,4,30,3,37,26,0,26,63
08/02/2014,HKS,MS,ASO,CE,Federal Contract Tower,0,0,16,0,16,0,0,12,0,12,0,0,28,0,28,40,0,40,68
08/03/2014,HKS,MS,ASO,CE,Federal Contract Tower,0,0,17,2,19,0,4,9,0,13,0,4,26,2,32,10,0,10,42
08/04/2014,HKS,MS,ASO,CE,Federal Contract Tower,0,2,11,0,13,0,2,10,0,12,0,4,21,0,25,42,0,42,67
08/05/2014,HKS,MS,ASO,CE,Federal Contract Tower,0,2,32,5,39,0,0,28,3,31,0,2,60,8,70,44,24,68,138
08/06/2014,HKS,MS,ASO,CE,Federal Contract Tower,0,2,21,0,23,0,2,14,0,16,0,4,35,0,39,32,0,32,71
08/07/2014,HKS,MS,ASO,CE,Federal Contract Tower,0,2,25,3,30,0,0,8,4,12,0,2,33,7,42,62,34,96,138
08/08/2014,HKS,MS,ASO,CE,Federal Contract Tower,0,2,16,6,24,0,2,7,4,13,0,4,23,10,37,94,72,166,203
08/09/2014,HKS,MS,ASO,CE,Federal Contract Tower,0,2,14,2,18,0,0,11,1,12,0,2,25,3,30,38,20,58,88
08/10/2014,HKS,MS,ASO,CE,Federal Contract Tower,0,0,4,1,5,0,0,23,2,25,0,0,27,3,30,30,34,64,94
08/11/2014,HKS,MS,ASO,CE,Federal Contract Tower,0,2,9,2,13,0,0,9,0,9,0,2,18,2,22,8,6,14,36
08/12/2014,HKS,MS,ASO,CE,Federal Contract Tower,0,3,18,6,27,0,0,24,8,32,0,3,42,14,59,54,60,114,173
08/13/2014,HKS,MS,ASO,CE,Federal Contract Tower,0,2,24,3,29,0,0,18,4,22,0,2,42,7,51,38,10,48,99
08/14/2014,HKS,MS,ASO,CE,Federal Contract Tower,0,3,20,3,26,0,2,29,5,36,0,5,49,8,62,12,36,48,110
08/15/2014,HKS,MS,ASO,CE,Federal Contract Tower,0,2,17,2,21,0,3,25,4,32,0,5,42,6,53,42,22,64,117
08/16/2014,HKS,MS,ASO,CE,Federal Contract Tower,0,0,2,0,2,0,3,4,7,14,0,3,6,7,16,12,4,16,32
08/17/2014,HKS,MS,ASO,CE,Federal Contract Tower,0,1,6,0,7,0,0,10,2,12,0,1,16,2,19,30,0,30,49
08/18/2014,HKS,MS,ASO,CE,Federal Contract Tower,0,3,11,0,14,0,0,5,0,5,0,3,16,0,19,12,0,12,31
08/19/2014,HKS,MS,ASO,CE,Federal Contract Tower,0,3,21,4,28,0,0,20,9,29,0,3,41,13,57,24,12,36,93
08/20/2014,HKS,MS,ASO,CE,Federal Contract Tower,0,2,25,1,28,0,3,19,8,30,0,5,44,9,58,30,42,72,130
08/21/2014,HKS,MS,ASO,CE,Federal Contract Tower,0,3,20,1,24,0,1,12,5,18,0,4,32,6,42,14,6,20,62
08/22/2014,HKS,MS,ASO,CE,Federal Contract Tower,0,5,14,2,21,0,4,11,0,15,0,9,25,2,36,32,0,32,68
08/23/2014,HKS,MS,ASO,CE,Federal Contract Tower,0,0,15,0,15,0,0,28,0,28,0,0,43,0,43,40,0,40,83
08/24/2014,HKS,MS,ASO,CE,Federal Contract Tower,0,0,5,0,5,0,0,11,0,11,0,0,16,0,16,10,0,10,26
08/25/2014,HKS,MS,ASO,CE,Federal Contract Tower,0,2,18,2,22,0,0,8,5,13,0,2,26,7,35,24,20,44,79
08/26/2014,HKS,MS,ASO,CE,Federal Contract Tower,0,3,10,2,15,0,0,15,9,24,0,3,25,11,39,10,24,34,73
08/27/2014,HKS,MS,ASO,CE,Federal Contract Tower,0,5,16,4,25,0,0,29,6,35,0,5,45,10,60,2,22,24,84
08/28/2014,HKS,MS,ASO,CE,Federal Contract Tower,0,3,17,6,26,0,0,16,1,17,0,3,33,7,43,30,0,30,73
08/29/2014,HKS,MS,ASO,CE,Federal Contract Tower,0,2,20,0,22,0,4,27,0,31,0,6,47,0,53,72,0,72,125
08/30/2014,HKS,MS,ASO,CE,Federal Contract Tower,0,1,4,0,5,0,0,1,0,1,0,1,5,0,6,12,0,12,18
08/31/2014,HKS,MS,ASO,CE,Federal Contract Tower,0,0,6,0,6,0,2,5,0,7,0,2,11,0,13,28,0,28,41
09/01/2014,HKS,MS,ASO,CE,Federal Contract Tower,0,0,13,0,13,0,0,10,0,10,0,0,23,0,23,18,0,18,41
09/02/2014,HKS,MS,ASO,CE,Federal Contract Tower,0,3,13,2,18,0,1,7,1,9,0,4,20,3,27,34,0,34,61
09/03/2014,HKS,MS,ASO,CE,Federal Contract Tower,0,2,19,3,24,0,0,15,3,18,0,2,34,6,42,32,32,64,106
09/04/2014,HKS,MS,ASO,CE,Federal Contract Tower,0,4,25,3,32,0,2,24,9,35,0,6,49,12,67,12,50,62,129
09/05/2014,HKS,MS,ASO,CE,Federal Contract Tower,0,2,14,3,19,0,0,5,3,8,0,2,19,6,27,20,34,54,81
09/06/2014,HKS,MS,ASO,CE,Federal Contract Tower,0,0,8,0,8,0,0,16,0,16,0,0,24,0,24,20,0,20,44
09/07/2014,HKS,MS,ASO,CE,Federal Contract Tower,0,2,11,0,13,0,0,0,10,10,0,2,11,10,23,0,0,0,23
09/08/2014,HKS,MS,ASO,CE,Federal Contract Tower,0,2,11,2,15,0,8,12,3,23,0,10,23,5,38,34,2,36,74
09/09/2014,HKS,MS,ASO,CE,Federal Contract Tower,0,3,23,0,26,0,2,17,6,25,0,5,40,6,51,20,38,58,109
09/10/2014,HKS,MS,ASO,CE,Federal Contract Tower,0,5,16,3,24,0,4,13,0,17,0,9,29,3,41,42,0,42,83
09/11/2014,HKS,MS,ASO,CE,Federal Contract Tower,0,2,8,4,14,0,6,23,2,31,0,8,31,6,45,46,0,46,91
09/12/2014,HKS,MS,ASO,CE,Federal Contract Tower,0,4,16,1,21,0,0,2,3,5,0,4,18,4,26,4,8,12,38
09/13/2014,HKS,MS,ASO,CE,Federal Contract Tower,0,1,23,0,24,0,0,0,0,0,0,1,23,0,24,38,0,38,62
09/14/2014,HKS,MS,ASO,CE,Federal Contract Tower,0,0,13,0,13,0,2,22,0,24,0,2,35,0,37,60,0,60,97
09/15/2014,HKS,MS,ASO,CE,Federal Contract Tower,0,2,21,0,23,0,0,8,0,8,0,2,29,0,31,46,0,46,77
09/16/2014,HKS,MS,ASO,CE,Federal Contract Tower,0,5,11,2,18,0,5,8,1,14,0,10,19,3,32,60,0,60,92
09/17/2014,HKS,MS,ASO,CE,Federal Contract Tower,0,6,16,3,25,0,5,23,4,32,0,11,39,7,57,24,30,54,111
09/18/2014,HKS,MS,ASO,CE,Federal Contract Tower,0,5,18,4,27,0,0,6,11,17,0,5,24,15,44,42,18,60,104
09/19/2014,HKS,MS,ASO,CE,Federal Contract Tower,0,6,25,4,35,0,4,21,2,27,0,10,46,6,62,34,4,38,100
09/20/2014,HKS,MS,ASO,CE,Federal Contract Tower,0,0,8,0,8,0,2,25,6,33,0,2,33,6,41,68,0,68,109
09/21/2014,HKS,MS,ASO,CE,Federal Contract Tower,0,0,17,0,17,0,4,17,0,21,0,4,34,0,38,70,0,70,108
09/22/2014,HKS,MS,ASO,CE,Federal Contract Tower,0,2,22,7,31,0,0,7,5,12,0,2,29,12,43,6,2,8,51
09/23/2014,HKS,MS,ASO,CE,Federal Contract Tower,0,2,17,10,29,0,0,38,22,60,0,2,55,32,89,52,64,116,205
09/24/2014,HKS,MS,ASO,CE,Federal Contract Tower,0,4,16,4,24,0,0,23,8,31,0,4,39,12,55,40,14,54,109
09/25/2014,HKS,MS,ASO,CE,Federal Contract Tower,0,5,13,1,19,0,0,27,5,32,0,5,40,6,51,44,16,60,111
09/26/2014,HKS,MS,ASO,CE,Federal Contract Tower,0,2,16,0,18,0,0,7,0,7,0,2,23,0,25,12,0,12,37
09/27/2014,HKS,MS,ASO,CE,Federal Contract Tower,0,0,5,1,6,0,2,8,8,18,0,2,13,9,24,28,20,48,72
09/28/2014,HKS,MS,ASO,CE,Federal Contract Tower,0,0,5,3,8,0,0,8,2,10,0,0,13,5,18,2,4,6,24
09/29/2014,HKS,MS,ASO,CE,Federal Contract Tower,0,2,18,0,20,0,2,19,0,21,0,4,37,0,41,30,0,30,71
09/30/2014,HKS,MS,ASO,CE,Federal Contract Tower,0,6,24,5,35,0,2,19,2,23,0,8,43,7,58,34,0,34,92
10/01/2014,HKS,MS,ASO,CE,Federal Contract Tower,0,13,40,5,58,0,1,17,2,20,0,14,57,7,78,30,2,32,110
10/02/2014,HKS,MS,ASO,CE,Federal Contract Tower,0,5,10,3,18,0,0,3,12,15,0,5,13,15,33,6,48,54,87
10/03/2014,HKS,MS,ASO,CE,Federal Contract Tower,0,5,18,4,27,0,0,6,2,8,0,5,24,6,35,2,18,20,55
10/04/2014,HKS,MS,ASO,CE,Federal Contract Tower,0,0,10,0,10,0,0,17,2,19,0,0,27,2,29,18,0,18,47
10/05/2014,HKS,MS,ASO,CE,Federal Contract Tower,0,4,24,0,28,0,2,15,0,17,0,6,39,0,45,28,2,30,75
10/06/2014,HKS,MS,ASO,CE,Federal Contract Tower,0,2,12,0,14,0,4,14,5,23,0,6,26,5,37,0,24,24,61
10/07/2014,HKS,MS,ASO,CE,Federal Contract Tower,0,4,16,5,25,0,2,19,12,33,0,6,35,17,58,24,76,100,158
10/08/2014,HKS,MS,ASO,CE,Federal Contract Tower,0,7,19,5,31,0,0,17,11,28,0,7,36,16,59,2,44,46,105
10/09/2014,HKS,MS,ASO,CE,Federal Contract Tower,0,2,20,8,30,0,5,20,8,33,0,7,40,16,63,4,62,66,129
10/10/2014,HKS,MS,ASO,CE,Federal Contract Tower,0,3,23,0,26,0,0,15,0,15,0,3,38,0,41,16,0,16,57
10/11/2014,HKS,MS,ASO,CE,Federal Contract Tower,0,0,2,0,2,0,0,12,0,12,0,0,14,0,14,86,0,86,100
10/12/2014,HKS,MS,ASO,CE,Federal Contract Tower,0,0,9,0,9,0,1,12,0,13,0,1,21,0,22,8,0,8,30
10/13/2014,HKS,MS,ASO,CE,Federal Contract Tower,0,6,8,0,14,0,0,5,0,5,0,6,13,0,19,0,0,0,19
10/14/2014,HKS,MS,ASO,CE,Federal Contract Tower,0,9,14,2,25,0,0,10,2,12,0,9,24,4,37,8,0,8,45
10/15/2014,HKS,MS,ASO,CE,Federal Contract Tower,0,4,22,4,30,0,1,15,4,20,0,5,37,8,50,6,8,14,64
10/16/2014,HKS,MS,ASO,CE,Federal Contract Tower,0,5,23,5,33,0,2,24,7,33,0,7,47,12,66,64,62,126,192
10/17/2014,HKS,MS,ASO,CE,Federal Contract Tower,0,6,24,10,40,0,1,29,12,42,0,7,53,22,82,52,28,80,162
10/18/2014,HKS,MS,ASO,CE,Federal Contract Tower,0,3,10,0,13,0,1,26,0,27,0,4,36,0,40,22,0,22,62
10/19/2014,HKS,MS,ASO,CE,Federal Contract Tower,0,4,9,0,13,0,0,20,0,20,0,4,29,0,33,106,0,106,139
10/20/2014,HKS,MS,ASO,CE,Federal Contract Tower,0,0,16,0,16,0,0,19,6,25,0,0,35,6,41,32,18,50,91
10/21/2014,HKS,MS,ASO,CE,Federal Contract Tower,0,3,18,4,25,0,0,29,13,42,0,3,47,17,67,68,100,168,235
10/22/2014,HKS,MS,ASO,CE,Federal Contract Tower,0,3,14,5,22,0,0,17,9,26,0,3,31,14,48,42,50,92,140
10/23/2014,HKS,MS,ASO,CE,Federal Contract Tower,0,4,25,7,36,0,5,29,10,44,0,9,54,17,80,68,48,116,196
10/24/2014,HKS,MS,ASO,CE,Federal Contract Tower,0,3,14,2,19,0,5,19,22,46,0,8,33,24,65,26,46,72,137
10/25/2014,HKS,MS,ASO,CE,Federal Contract Tower,0,0,5,2,7,0,1,28,32,61,0,1,33,34,68,14,46,60,128
10/26/2014,HKS,MS,ASO,CE,Federal Contract Tower,0,0,10,2,12,0,0,25,10,35,0,0,35,12,47,38,0,38,85
10/27/2014,HKS,MS,ASO,CE,Federal Contract Tower,0,4,16,2,22,0,0,9,0,9,0,4,25,2,31,16,0,16,47
10/28/2014,HKS,MS,ASO,CE,Federal Contract Tower,0,3,13,3,19,0,6,19,12,37,0,9,32,15,56,30,132,162,218
10/29/2014,HKS,MS,ASO,CE,Federal Contract Tower,0,2,17,7,26,0,2,7,2,11,0,4,24,9,37,16,28,44,81
10/30/2014,HKS,MS,ASO,CE,Federal Contract Tower,0,4,12,3,19,0,0,25,10,35,0,4,37,13,54,36,32,68,122
10/31/2014,HKS,MS,ASO,CE,Federal Contract Tower,0,2,14,2,18,0,9,16,9,34,0,11,30,11,52,48,18,66,118
11/01/2014,HKS,MS,ASO,CE,Federal Contract Tower,0,0,3,0,3,0,4,20,0,24,0,4,23,0,27,66,0,66,93
11/02/2014,HKS,MS,ASO,CE,Federal Contract Tower,0,0,5,0,5,0,0,28,0,28,0,0,33,0,33,30,0,30,63
11/03/2014,HKS,MS,ASO,CE,Federal Contract Tower,0,2,19,5,26,0,0,24,1,25,0,2,43,6,51,34,34,68,119
11/04/2014,HKS,MS,ASO,CE,Federal Contract Tower,0,7,19,3,29,0,0,10,3,13,0,7,29,6,42,16,40,56,98
11/05/2014,HKS,MS,ASO,CE,Federal Contract Tower,0,3,13,2,18,0,0,15,10,25,0,3,28,12,43,4,30,34,77
11/06/2014,HKS,MS,ASO,CE,Federal Contract Tower,0,6,16,0,22,0,2,12,9,23,0,8,28,9,45,4,26,30,75
11/07/2014,HKS,MS,ASO,CE,Federal Contract Tower,0,2,9,0,11,0,0,15,7,22,0,2,24,7,33,2,38,40,73
11/08/2014,HKS,MS,ASO,CE,Federal Contract Tower,0,0,4,0,4,0,0,33,0,33,0,0,37,0,37,52,0,52,89
11/09/2014,HKS,MS,ASO,CE,Federal Contract Tower,0,2,7,0,9,0,2,30,0,32,0,4,37,0,41,46,0,46,87
11/10/2014,HKS,MS,ASO,CE,Federal Contract Tower,0,2,13,0,15,0,0,24,0,24,0,2,37,0,39,18,0,18,57
11/11/2014,HKS,MS,ASO,CE,Federal Contract Tower,0,3,15,0,18,0,0,16,0,16,0,3,31,0,34,14,0,14,48
11/12/2014,HKS,MS,ASO,CE,Federal Contract Tower,0,4,15,4,23,0,0,6,19,25,0,4,21,23,48,2,104,106,154
11/13/2014,HKS,MS,ASO,CE,Federal Contract Tower,0,4,13,2,19,0,3,8,8,19,0,7,21,10,38,14,12,26,64
11/14/2014,HKS,MS,ASO,CE,Federal Contract Tower,0,4,17,2,23,0,0,9,7,16,0,4,26,9,39,10,22,32,71
11/15/2014,HKS,MS,ASO,CE,Federal Contract Tower,0,0,9,3,12,0,0,20,4,24,0,0,29,7,36,60,10,70,106
11/16/2014,HKS,MS,ASO,CE,Federal Contract Tower,0,0,6,0,6,0,0,0,1,1,0,0,6,1,7,0,0,0,7
11/17/2014,HKS,MS,ASO,CE,Federal Contract Tower,4,22,5,0,31,0,2,10,9,21,4,24,15,9,52,2,36,38,90
11/18/2014,HKS,MS,ASO,CE,Federal Contract Tower,0,6,21,4,31,0,0,18,10,28,0,6,39,14,59,20,20,40,99
11/19/2014,HKS,MS,ASO,CE,Federal Contract Tower,0,3,12,0,15,0,2,12,13,27,0,5,24,13,42,16,62,78,120
11/20/2014,HKS,MS,ASO,CE,Federal Contract Tower,0,6,14,7,27,0,1,20,20,41,0,7,34,27,68,30,164,194,262
11/21/2014,HKS,MS,ASO,CE,Federal Contract Tower,0,6,7,5,18,0,1,15,10,26,0,7,22,15,44,18,80,98,142
11/22/2014,HKS,MS,ASO,CE,Federal Contract Tower,0,1,10,0,11,0,6,20,0,26,0,7,30,0,37,24,0,24,61
11/23/2014,HKS,MS,ASO,CE,Federal Contract Tower,0,0,3,0,3,0,0,0,0,0,0,0,3,0,3,0,0,0,3
11/24/2014,HKS,MS,ASO,CE,Federal Contract Tower,0,2,13,0,15,0,0,12,0,12,0,2,25,0,27,0,0,0,27
11/25/2014,HKS,MS,ASO,CE,Federal Contract Tower,0,3,15,1,19,0,12,11,7,30,0,15,26,8,49,16,20,36,85
11/26/2014,HKS,MS,ASO,CE,Federal Contract Tower,0,6,8,0,14,0,7,9,2,18,0,13,17,2,32,22,10,32,64
11/27/2014,HKS,MS,ASO,CE,Federal Contract Tower,0,0,4,0,4,0,2,3,0,5,0,2,7,0,9,10,0,10,19
11/28/2014,HKS,MS,ASO,CE,Federal Contract Tower,0,2,10,0,12,0,4,20,0,24,0,6,30,0,36,24,0,24,60
11/29/2014,HKS,MS,ASO,CE,Federal Contract Tower,0,5,5,0,10,0,2,21,0,23,0,7,26,0,33,32,0,32,65
11/30/2014,HKS,MS,ASO,CE,Federal Contract Tower,0,0,13,0,13,0,3,13,0,16,0,3,26,0,29,20,0,20,49
12/01/2014,HKS,MS,ASO,CE,Federal Contract Tower,0,2,6,5,13,0,0,5,7,12,0,2,11,12,25,2,26,28,53
12/02/2014,HKS,MS,ASO,CE,Federal Contract Tower,0,5,12,3,20,0,0,0,6,6,0,5,12,9,26,2,42,44,70
12/03/2014,HKS,MS,ASO,CE,Federal Contract Tower,0,6,26,2,34,0,0,17,7,24,0,6,43,9,58,18,66,84,142
12/04/2014,HKS,MS,ASO,CE,Federal Contract Tower,0,5,12,4,21,0,0,21,10,31,0,5,33,14,52,50,60,110,162
12/05/2014,HKS,MS,ASO,CE,Federal Contract Tower,0,4,17,4,25,0,0,5,2,7,0,4,22,6,32,20,56,76,108
12/06/2014,HKS,MS,ASO,CE,Federal Contract Tower,0,0,6,1,7,0,0,3,5,8,0,0,9,6,15,0,2,2,17
12/07/2014,HKS,MS,ASO,CE,Federal Contract Tower,0,1,10,0,11,0,0,15,2,17,0,1,25,2,28,34,0,34,62
12/08/2014,HKS,MS,ASO,CE,Federal Contract Tower,0,7,15,0,22,0,1,15,0,16,0,8,30,0,38,0,0,0,38
12/09/2014,HKS,MS,ASO,CE,Federal Contract Tower,0,6,15,6,27,0,0,14,8,22,0,6,29,14,49,20,24,44,93
12/10/2014,HKS,MS,ASO,CE,Federal Contract Tower,0,8,22,3,33,0,0,12,5,17,0,8,34,8,50,8,2,10,60
12/11/2014,HKS,MS,ASO,CE,Federal Contract Tower,0,5,16,5,26,0,0,16,5,21,0,5,32,10,47,22,0,22,69
12/12/2014,HKS,MS,ASO,CE,Federal Contract Tower,0,5,11,8,24,0,0,6,15,21,0,5,17,23,45,50,92,142,187
12/13/2014,HKS,MS,ASO,CE,Federal Contract Tower,0,3,16,9,28,0,2,19,7,28,0,5,35,16,56,18,58,76,132
12/14/2014,HKS,MS,ASO,CE,Federal Contract Tower,0,0,4,6,10,0,1,14,4,19,0,1,18,10,29,20,46,66,95
12/15/2014,HKS,MS,ASO,CE,Federal Contract Tower,0,3,12,9,24,0,0,3,4,7,0,3,15,13,31,0,24,24,55
12/16/2014,HKS,MS,ASO,CE,Federal Contract Tower,0,7,22,4,33,0,2,9,10,21,0,9,31,14,54,26,10,36,90
12/17/2014,HKS,MS,ASO,CE,Federal Contract Tower,0,4,23,1,28,0,0,14,3,17,0,4,37,4,45,16,16,32,77
12/18/2014,HKS,MS,ASO,CE,Federal Contract Tower,0,6,21,5,32,0,0,7,12,19,0,6,28,17,51,2,46,48,99
12/19/2014,HKS,MS,ASO,CE,Federal Contract Tower,0,3,6,2,11,0,0,3,4,7,0,3,9,6,18,18,12,30,48
12/20/2014,HKS,MS,ASO,CE,Federal Contract Tower,0,0,8,0,8,0,0,7,0,7,0,0,15,0,15,8,0,8,23
12/21/2014,HKS,MS,ASO,CE,Federal Contract Tower,0,1,12,0,13,0,0,18,0,18,0,1,30,0,31,4,0,4,35
12/22/2014,HKS,MS,ASO,CE,Federal Contract Tower,0,3,6,0,9,0,0,0,0,0,0,3,6,0,9,2,0,2,11
12/23/2014,HKS,MS,ASO,CE,Federal Contract Tower,0,0,3,0,3,0,0,0,0,0,0,0,3,0,3,2,0,2,5
12/24/2014,HKS,MS,ASO,CE,Federal Contract Tower,0,2,9,0,11,0,0,12,0,12,0,2,21,0,23,0,0,0,23
12/25/2014,HKS,MS,ASO,CE,Federal Contract Tower,0,0,3,0,3,0,2,8,0,10,0,2,11,0,13,10,0,10,23
12/26/2014,HKS,MS,ASO,CE,Federal Contract Tower,0,2,23,0,25,0,4,24,0,28,0,6,47,0,53,22,0,22,75
12/27/2014,HKS,MS,ASO,CE,Federal Contract Tower,0,0,13,0,13,0,0,0,0,0,0,0,13,0,13,2,0,2,15
12/28/2014,HKS,MS,ASO,CE,Federal Contract Tower,0,0,4,0,4,0,0,0,0,0,0,0,4,0,4,0,0,0,4
12/29/2014,HKS,MS,ASO,CE,Federal Contract Tower,0,2,11,0,13,0,0,0,0,0,0,2,11,0,13,0,0,0,13
12/30/2014,HKS,MS,ASO,CE,Federal Contract Tower,0,2,16,0,18,0,2,4,0,6,0,4,20,0,24,2,0,2,26
12/31/2014,HKS,MS,ASO,CE,Federal Contract Tower,0,2,9,0,11,0,0,12,2,14,0,2,21,2,25,10,10,20,45
01/01/2015,HKS,MS,ASO,CE,Federal Contract Tower,0,2,10,0,12,0,0,8,0,8,0,2,18,0,20,26,0,26,46
01/02/2015,HKS,MS,ASO,CE,Federal Contract Tower,0,0,8,0,8,0,0,0,0,0,0,0,8,0,8,0,0,0,8
01/03/2015,HKS,MS,ASO,CE,Federal Contract Tower,0,0,1,0,1,0,0,0,0,0,0,0,1,0,1,0,0,0,1
01/04/2015,HKS,MS,ASO,CE,Federal Contract Tower,0,1,19,0,20,0,0,11,0,11,0,1,30,0,31,24,0,24,55
01/05/2015,HKS,MS,ASO,CE,Federal Contract Tower,0,2,9,4,15,0,2,10,0,12,0,4,19,4,27,6,0,6,33
01/06/2015,HKS,MS,ASO,CE,Federal Contract Tower,0,2,5,2,9,0,1,10,12,23,0,3,15,14,32,26,66,92,124
01/07/2015,HKS,MS,ASO,CE,Federal Contract Tower,0,3,13,3,19,0,0,2,9,11,0,3,15,12,30,0,16,16,46
01/08/2015,HKS,MS,ASO,CE,Federal Contract Tower,0,4,16,0,20,0,0,5,16,21,0,4,21,16,41,2,32,34,75
01/09/2015,HKS,MS,ASO,CE,Federal Contract Tower,0,2,10,4,16,0,2,9,12,23,0,4,19,16,39,8,68,76,115
01/10/2015,HKS,MS,ASO,CE,Federal Contract Tower,0,0,9,0,9,0,2,16,17,35,0,2,25,17,44,38,20,58,102
01/11/2015,HKS,MS,ASO,CE,Federal Contract Tower,0,2,4,0,6,0,1,9,5,15,0,3,13,5,21,16,18,34,55
01/12/2015,HKS,MS,ASO,CE,Federal Contract Tower,0,3,5,0,8,0,0,0,0,0,0,3,5,0,8,0,0,0,8
01/13/2015,HKS,MS,ASO,CE,Federal Contract Tower,0,3,24,0,27,0,0,0,0,0,0,3,24,0,27,4,0,4,31
01/14/2015,HKS,MS,ASO,CE,Federal Contract Tower,0,4,20,4,28,0,2,5,4,11,0,6,25,8,39,6,20,26,65
01/15/2015,HKS,MS,ASO,CE,Federal Contract Tower,0,3,21,5,29,0,0,6,7,13,0,3,27,12,42,8,32,40,82
01/16/2015,HKS,MS,ASO,CE,Federal Contract Tower,0,2,21,0,23,0,0,17,0,17,0,2,38,0,40,22,0,22,62
01/17/2015,HKS,MS,ASO,CE,Federal Contract Tower,0,0,5,1,6,0,0,21,0,21,0,0,26,1,27,28,2,30,57
01/18/2015,HKS,MS,ASO,CE,Federal Contract Tower,0,0,6,0,6,0,0,14,0,14,0,0,20,0,20,0,0,0,20
01/19/2015,HKS,MS,ASO,CE,Federal Contract Tower,0,2,20,0,22,0,0,13,0,13,0,2,33,0,35,42,0,42,77
01/20/2015,HKS,MS,ASO,CE,Federal Contract Tower,0,2,19,3,24,0,1,16,17,34,0,3,35,20,58,6,86,92,150
01/21/2015,HKS,MS,ASO,CE,Federal Contract Tower,0,6,17,3,26,0,0,13,11,24,0,6,30,14,50,6,26,32,82
01/22/2015,HKS,MS,ASO,CE,Federal Contract Tower,0,7,12,7,26,0,0,4,6,10,0,7,16,13,36,0,42,42,78
01/23/2015,HKS,MS,ASO,CE,Federal Contract Tower,0,3,4,0,7,0,0,0,0,0,0,3,4,0,7,0,0,0,7
01/24/2015,HKS,MS,ASO,CE,Federal Contract Tower,0,0,12,2,14,0,0,14,9,23,0,0,26,11,37,46,32,78,115
01/25/2015,HKS,MS,ASO,CE,Federal Contract Tower,0,0,6,4,10,0,0,8,2,10,0,0,14,6,20,12,20,32,52
01/26/2015,HKS,MS,ASO,CE,Federal Contract Tower,0,6,15,1,22,0,0,17,15,32,0,6,32,16,54,14,46,60,114
01/27/2015,HKS,MS,ASO,CE,Federal Contract Tower,0,3,12,0,15,0,2,16,9,27,0,5,28,9,42,14,62,76,118
01/28/2015,HKS,MS,ASO,CE,Federal Contract Tower,0,6,16,3,25,0,0,22,12,34,0,6,38,15,59,28,54,82,141
01/29/2015,HKS,MS,ASO,CE,Federal Contract Tower,0,5,14,1,20,0,0,17,18,35,0,5,31,19,55,8,38,46,101
01/30/2015,HKS,MS,ASO,CE,Federal Contract Tower,0,2,5,1,8,0,0,11,11,22,0,2,16,12,30,34,46,80,110
01/31/2015,HKS,MS,ASO,CE,Federal Contract Tower,0,0,3,0,3,0,0,18,1,19,0,0,21,1,22,26,0,26,48
02/01/2015,HKS,MS,ASO,CE,Federal Contract Tower,0,0,5,2,7,0,0,0,0,0,0,0,5,2,7,2,0,2,9
02/02/2015,HKS,MS,ASO,CE,Federal Contract Tower,0,2,8,0,10,0,0,15,0,15,0,2,23,0,25,10,0,10,35
02/03/2015,HKS,MS,ASO,CE,Federal Contract Tower,0,6,21,6,33,0,0,20,13,33,0,6,41,19,66,32,54,86,152
02/04/2015,HKS,MS,ASO,CE,Federal Contract Tower,0,5,16,11,32,0,0,8,7,15,0,5,24,18,47,12,54,66,113
02/05/2015,HKS,MS,ASO,CE,Federal Contract Tower,0,2,22,6,30,0,0,7,9,16,0,2,29,15,46,14,8,22,68
02/06/2015,HKS,MS,ASO,CE,Federal Contract Tower,0,2,18,5,25,0,2,25,7,34,0,4,43,12,59,34,12,46,105
02/07/2015,HKS,MS,ASO,CE,Federal Contract Tower,0,1,12,9,22,0,3,19,15,37,0,4,31,24,59,26,44,70,129
02/08/2015,HKS,MS,ASO,CE,Federal Contract Tower,0,0,6,2,8,0,3,17,4,24,0,3,23,6,32,8,18,26,58
02/09/2015,HKS,MS,ASO,CE,Federal Contract Tower,0,2,19,3,24,0,4,8,11,23,0,6,27,14,47,10,30,40,87
02/10/2015,HKS,MS,ASO,CE,Federal Contract Tower,0,2,14,7,23,0,0,16,16,32,0,2,30,23,55,78,66,144,199
02/11/2015,HKS,MS,ASO,CE,Federal Contract Tower,0,4,12,5,21,0,0,24,11,35,0,4,36,16,56,14,46,60,116
02/12/2015,HKS,MS,ASO,CE,Federal Contract Tower,0,4,16,6,26,0,3,12,7,22,0,7,28,13,48,14,2,16,64
02/13/2015,HKS,MS,ASO,CE,Federal Contract Tower,0,5,17,0,22,0,0,14,0,14,0,5,31,0,36,30,0,30,66
02/14/2015,HKS,MS,ASO,CE,Federal Contract Tower,0,0,7,0,7,0,0,25,1,26,0,0,32,1,33,40,2,42,75
02/15/2015,HKS,MS,ASO,CE,Federal Contract Tower,0,0,12,1,13,0,0,27,0,27,0,0,39,1,40,18,0,18,58
02/16/2015,HKS,MS,ASO,CE,Federal Contract Tower,0,0,7,0,7,0,0,0,0,0,0,0,7,0,7,0,0,0,7
02/17/2015,HKS,MS,ASO,CE,Federal Contract Tower,0,2,13,0,15,0,0,6,11,17,0,2,19,11,32,8,14,22,54
02/18/2015,HKS,MS,ASO,CE,Federal Contract Tower,0,7,18,2,27,0,1,16,6,23,0,8,34,8,50,4,10,14,64
02/19/2015,HKS,MS,ASO,CE,Federal Contract Tower,0,3,5,1,9,0,1,24,15,40,0,4,29,16,49,10,34,44,93
02/20/2015,HKS,MS,ASO,CE,Federal Contract Tower,0,3,7,2,12,0,1,9,6,16,0,4,16,8,28,18,40,58,86
02/21/2015,HKS,MS,ASO,CE,Federal Contract Tower,0,2,2,2,6,0,2,0,10,12,0,4,2,12,18,0,44,44,62
02/22/2015,HKS,MS,ASO,CE,Federal Contract Tower,0,0,11,4,15,0,0,0,0,0,0,0,11,4,15,0,0,0,15
02/23/2015,HKS,MS,ASO,CE,Federal Contract Tower,0,0,9,0,9,0,0,0,0,0,0,0,9,0,9,0,10,10,19
02/24/2015,HKS,MS,ASO,CE,Federal Contract Tower,0,1,9,2,12,0,0,0,0,0,0,1,9,2,12,0,0,0,12
02/25/2015,HKS,MS,ASO,CE,Federal Contract Tower,0,0,4,0,4,0,0,0,0,0,0,0,4,0,4,0,0,0,4
02/26/2015,HKS,MS,ASO,CE,Federal Contract Tower,0,4,12,2,18,0,0,4,9,13,0,4,16,11,31,0,34,34,65
02/27/2015,HKS,MS,ASO,CE,Federal Contract Tower,0,4,21,1,26,0,2,14,1,17,0,6,35,2,43,8,56,64,107
02/28/2015,HKS,MS,ASO,CE,Federal Contract Tower,0,0,24,0,24,0,0,30,2,32,0,0,54,2,56,52,0,52,108
03/01/2015,HKS,MS,ASO,CE,Federal Contract Tower,0,2,9,0,11,0,0,0,0,0,0,2,9,0,11,20,0,20,31
03/02/2015,HKS,MS,ASO,CE,Federal Contract Tower,0,7,6,0,13,0,0,0,0,0,0,7,6,0,13,0,0,0,13
03/03/2015,HKS,MS,ASO,CE,Federal Contract Tower,0,5,13,0,18,0,0,2,5,7,0,5,15,5,25,10,36,46,71
03/04/2015,HKS,MS,ASO,CE,Federal Contract Tower,0,3,10,2,15,0,0,3,4,7,0,3,13,6,22,18,18,36,58
03/05/2015,HKS,MS,ASO,CE,Federal Contract Tower,0,5,4,0,9,0,0,0,0,0,0,5,4,0,9,0,0,0,9
03/06/2015,HKS,MS,ASO,CE,Federal Contract Tower,0,2,21,3,26,0,5,13,9,27,0,7,34,12,53,10,30,40,93
03/07/2015,HKS,MS,ASO,CE,Federal Contract Tower,0,1,14,3,18,0,4,33,8,45,0,5,47,11,63,34,50,84,147
03/08/2015,HKS,MS,ASO,CE,Federal Contract Tower,0,2,7,1,10,0,0,23,5,28,0,2,30,6,38,46,4,50,88
03/09/2015,HKS,MS,ASO,CE,Federal Contract Tower,0,2,18,5,25,0,0,0,3,3,0,2,18,8,28,2,2,4,32
03/10/2015,HKS,MS,ASO,CE,Federal Contract Tower,0,3,20,0,23,0,0,0,8,8,0,3,20,8,31,6,74,80,111
03/11/2015,HKS,MS,ASO,CE,Federal Contract Tower,0,5,21,0,26,0,0,0,0,0,0,5,21,0,26,4,10,14,40
03/12/2015,HKS,MS,ASO,CE,Federal Contract Tower,0,5,12,0,17,0,0,3,9,12,0,5,15,9,29,2,68,70,99
03/13/2015,HKS,MS,ASO,CE,Federal Contract Tower,0,5,17,0,22,0,0,3,0,3,0,5,20,0,25,0,0,0,25
03/14/2015,HKS,MS,ASO,CE,Federal Contract Tower,0,0,10,0,10,0,0,3,0,3,0,0,13,0,13,26,0,26,39
03/15/2015,HKS,MS,ASO,CE,Federal Contract Tower,0,1,21,0,22,0,2,15,0,17,0,3,36,0,39,66,0,66,105
03/16/2015,HKS,MS,ASO,CE,Federal Contract Tower,0,3,11,0,14,0,0,28,0,28,0,3,39,0,42,48,0,48,90
03/17/2015,HKS,MS,ASO,CE,Federal Contract Tower,0,4,25,0,29,0,3,29,13,45,0,7,54,13,74,30,20,50,124
03/18/2015,HKS,MS,ASO,CE,Federal Contract Tower,0,1,21,2,24,0,0,11,6,17,0,1,32,8,41,28,16,44,85
03/19/2015,HKS,MS,ASO,CE,Federal Contract Tower,0,5,24,1,30,0,0,5,9,14,0,5,29,10,44,30,70,100,144
03/20/2015,HKS,MS,ASO,CE,Federal Contract Tower,0,2,9,6,17,0,0,3,6,9,0,2,12,12,26,10,32,42,68
03/21/2015,HKS,MS,ASO,CE,Federal Contract Tower,0,0,4,4,8,0,0,0,0,0,0,0,4,4,8,0,0,0,8
03/22/2015,HKS,MS,ASO,CE,Federal Contract Tower,0,0,3,0,3,0,0,0,0,0,0,0,3,0,3,0,0,0,3
03/23/2015,HKS,MS,ASO,CE,Federal Contract Tower,0,3,18,4,25,0,0,14,8,22,0,3,32,12,47,28,32,60,107
03/24/2015,HKS,MS,ASO,CE,Federal Contract Tower,0,4,21,2,27,0,0,28,11,39,0,4,49,13,66,28,62,90,156
03/25/2015,HKS,MS,ASO,CE,Federal Contract Tower,0,5,20,2,27,0,0,19,6,25,0,5,39,8,52,48,32,80,132
03/26/2015,HKS,MS,ASO,CE,Federal Contract Tower,0,2,13,1,16,0,0,9,5,14,0,2,22,6,30,20,26,46,76
03/27/2015,HKS,MS,ASO,CE,Federal Contract Tower,0,2,17,2,21,0,0,17,5,22,0,2,34,7,43,6,20,26,69
03/28/2015,HKS,MS,ASO,CE,Federal Contract Tower,0,0,13,0,13,0,0,19,1,20,0,0,32,1,33,38,0,38,71
03/29/2015,HKS,MS,ASO,CE,Federal Contract Tower,0,0,13,0,13,0,0,22,0,22,0,0,35,0,35,26,0,26,61
03/30/2015,HKS,MS,ASO,CE,Federal Contract Tower,0,7,16,0,23,0,0,16,1,17,0,7,32,1,40,34,0,34,74
03/31/2015,HKS,MS,ASO,CE,Federal Contract Tower,0,5,22,3,30,0,0,16,11,27,0,5,38,14,57,18,38,56,113
04/01/2015,HKS,MS,ASO,CE,Federal Contract Tower,0,9,18,0,27,0,1,19,4,24,0,10,37,4,51,38,16,54,105
04/02/2015,HKS,MS,ASO,CE,Federal Contract Tower,0,2,22,2,26,0,2,7,13,22,0,4,29,15,48,28,98,126,174
04/03/2015,HKS,MS,ASO,CE,Federal Contract Tower,0,2,16,4,22,0,0,3,6,9,0,2,19,10,31,6,22,28,59
04/04/2015,HKS,MS,ASO,CE,Federal Contract Tower,0,0,6,0,6,0,0,25,0,25,0,0,31,0,31,44,0,44,75
04/05/2015,HKS,MS,ASO,CE,Federal Contract Tower,0,0,5,0,5,0,0,5,0,5,0,0,10,0,10,2,0,2,12
04/06/2015,HKS,MS,ASO,CE,Federal Contract Tower,0,2,24,2,28,0,0,3,5,8,0,2,27,7,36,0,40,40,76
04/07/2015,HKS,MS,ASO,CE,Federal Contract Tower,0,2,21,9,32,0,2,11,33,46,0,4,32,42,78,10,12,22,100
04/08/2015,HKS,MS,ASO,CE,Federal Contract Tower,0,2,14,2,18,0,0,20,8,28,0,2,34,10,46,12,52,64,110
04/09/2015,HKS,MS,ASO,CE,Federal Contract Tower,0,2,20,2,24,0,0,16,7,23,0,2,36,9,47,2,60,62,109
04/10/2015,HKS,MS,ASO,CE,Federal Contract Tower,0,5,17,0,22,0,0,2,0,2,0,5,19,0,24,24,0,24,48
04/11/2015,HKS,MS,ASO,CE,Federal Contract Tower,0,2,10,0,12,0,0,37,15,52,0,2,47,15,64,64,166,230,294
04/12/2015,HKS,MS,ASO,CE,Federal Contract Tower,0,0,12,0,12,0,0,8,0,8,0,0,20,0,20,14,0,14,34
04/13/2015,HKS,MS,ASO,CE,Federal Contract Tower,0,6,6,0,12,0,0,0,0,0,0,6,6,0,12,2,0,2,14
04/14/2015,HKS,MS,ASO,CE,Federal Contract Tower,0,5,9,0,14,0,0,1,0,1,0,5,10,0,15,0,0,0,15
04/15/2015,HKS,MS,ASO,CE,Federal Contract Tower,0,2,24,4,30,0,0,3,11,14,0,2,27,15,44,0,66,66,110
04/16/2015,HKS,MS,ASO,CE,Federal Contract Tower,0,4,11,0,15,0,0,1,0,1,0,4,12,0,16,0,0,0,16
04/17/2015,HKS,MS,ASO,CE,Federal Contract Tower,0,5,22,4,31,0,0,6,3,9,0,5,28,7,40,10,32,42,82
04/18/2015,HKS,MS,ASO,CE,Federal Contract Tower,0,0,1,0,1,0,0,5,2,7,0,0,6,2,8,0,0,0,8
04/19/2015,HKS,MS,ASO,CE,Federal Contract Tower,0,0,11,0,11,0,0,12,0,12,0,0,23,0,23,18,0,18,41
04/20/2015,HKS,MS,ASO,CE,Federal Contract Tower,0,2,22,1,25,0,0,21,4,25,0,2,43,5,50,8,6,14,64
04/21/2015,HKS,MS,ASO,CE,Federal Contract Tower,0,3,21,0,24,0,0,17,11,28,0,3,38,11,52,16,60,76,128
04/22/2015,HKS,MS,ASO,CE,Federal Contract Tower,0,2,24,3,29,0,0,19,14,33,0,2,43,17,62,68,56,124,186
04/23/2015,HKS,MS,ASO,CE,Federal Contract Tower,0,8,19,3,30,0,0,8,6,14,0,8,27,9,44,26,54,80,124
04/24/2015,HKS,MS,ASO,CE,Federal Contract Tower,0,7,24,2,33,0,1,20,7,28,0,8,44,9,61,118,0,118,179
04/25/2015,HKS,MS,ASO,CE,Federal Contract Tower,0,0,1,0,1,0,1,9,0,10,0,1,10,0,11,96,0,96,107
04/26/2015,HKS,MS,ASO,CE,Federal Contract Tower,0,0,15,0,15,0,0,20,0,20,0,0,35,0,35,22,0,22,57
04/27/2015,HKS,MS,ASO,CE,Federal Contract Tower,0,4,6,1,11,0,0,17,2,19,0,4,23,3,30,54,18,72,102
04/28/2015,HKS,MS,ASO,CE,Federal Contract Tower,0,11,12,0,23,0,0,8,9,17,0,11,20,9,40,68,0,68,108
04/29/2015,HKS,MS,ASO,CE,Federal Contract Tower,0,7,23,0,30,0,0,20,4,24,0,7,43,4,54,58,10,68,122
04/30/2015,HKS,MS,ASO,CE,Federal Contract Tower,0,11,6,2,19,0,1,34,9,44,0,12,40,11,63,32,14,46,109
05/01/2015,HKS,MS,ASO,CE,Federal Contract Tower,0,8,10,1,19,0,2,23,1,26,0,10,33,2,45,78,0,78,123
05/02/2015,HKS,MS,ASO,CE,Federal Contract Tower,0,0,11,0,11,0,2,37,0,39,0,2,48,0,50,88,0,88,138
05/03/2015,HKS,MS,ASO,CE,Federal Contract Tower,0,0,10,0,10,0,2,23,0,25,0,2,33,0,35,60,0,60,95
05/04/2015,HKS,MS,ASO,CE,Federal Contract Tower,0,3,15,1,19,0,2,24,4,30,0,5,39,5,49,50,8,58,107
05/05/2015,HKS,MS,ASO,CE,Federal Contract Tower,0,2,11,3,16,0,0,14,10,24,0,2,25,13,40,64,20,84,124
05/06/2015,HKS,MS,ASO,CE,Federal Contract Tower,0,3,17,7,27,0,0,25,9,34,0,3,42,16,61,64,26,90,151
05/07/2015,HKS,MS,ASO,CE,Federal Contract Tower,0,4,20,3,27,0,0,14,9,23,0,4,34,12,50,16,38,54,104
05/08/2015,HKS,MS,ASO,CE,Federal Contract Tower,0,5,20,3,28,0,2,42,2,46,0,7,62,5,74,112,2,114,188
05/09/2015,HKS,MS,ASO,CE,Federal Contract Tower,0,0,7,0,7,0,0,26,0,26,0,0,33,0,33,84,0,84,117
05/10/2015,HKS,MS,ASO,CE,Federal Contract Tower,0,0,7,0,7,0,0,19,1,20,0,0,26,1,27,70,0,70,97
05/11/2015,HKS,MS,ASO,CE,Federal Contract Tower,0,4,22,0,26,0,0,6,0,6,0,4,28,0,32,24,0,24,56
05/12/2015,HKS,MS,ASO,CE,Federal Contract Tower,0,4,15,3,22,0,0,6,7,13,0,4,21,10,35,0,42,42,77
05/13/2015,HKS,MS,ASO,CE,Federal Contract Tower,0,2,18,4,24,0,2,21,7,30,0,4,39,11,54,28,14,42,96
05/14/2015,HKS,MS,ASO,CE,Federal Contract Tower,0,3,19,0,22,0,6,13,7,26,0,9,32,7,48,54,62,116,164
05/15/2015,HKS,MS,ASO,CE,Federal Contract Tower,0,2,12,4,18,0,2,18,12,32,0,4,30,16,50,34,66,100,150
05/16/2015,HKS,MS,ASO,CE,Federal Contract Tower,0,0,2,2,4,0,0,12,23,35,0,0,14,25,39,8,36,44,83
05/17/2015,HKS,MS,ASO,CE,Federal Contract Tower,0,19,2,0,21,0,0,12,15,27,0,19,14,15,48,12,0,12,60
05/18/2015,HKS,MS,ASO,CE,Federal Contract Tower,0,3,7,0,10,0,0,0,2,2,0,3,7,2,12,8,40,48,60
05/19/2015,HKS,MS,ASO,CE,Federal Contract Tower,0,7,15,4,26,0,0,20,7,27,0,7,35,11,53,42,42,84,137
05/20/2015,HKS,MS,ASO,CE,Federal Contract Tower,0,3,15,3,21,0,0,12,9,21,0,3,27,12,42,6,10,16,58
05/21/2015,HKS,MS,ASO,CE,Federal Contract Tower,0,7,17,5,29,0,0,2,1,3,0,7,19,6,32,0,14,14,46
05/22/2015,HKS,MS,ASO,CE,Federal Contract Tower,0,4,29,0,33,0,0,22,0,22,0,4,51,0,55,32,0,32,87
05/23/2015,HKS,MS,ASO,CE,Federal Contract Tower,0,4,11,0,15,0,3,30,3,36,0,7,41,3,51,56,0,56,107
05/24/2015,HKS,MS,ASO,CE,Federal Contract Tower,0,0,7,0,7,0,2,8,0,10,0,2,15,0,17,26,0,26,43
05/25/2015,HKS,MS,ASO,CE,Federal Contract Tower,0,0,7,0,7,0,0,1,4,5,0,0,8,4,12,50,22,72,84
05/26/2015,HKS,MS,ASO,CE,Federal Contract Tower,0,2,12,4,18,0,0,9,17,26,0,2,21,21,44,54,36,90,134
05/27/2015,HKS,MS,ASO,CE,Federal Contract Tower,0,4,7,2,13,0,0,9,5,14,0,4,16,7,27,46,34,80,107
05/28/2015,HKS,MS,ASO,CE,Federal Contract Tower,0,2,12,4,18,0,0,9,11,20,0,2,21,15,38,50,60,110,148
05/29/2015,HKS,MS,ASO,CE,Federal Contract Tower,0,4,25,1,30,0,0,19,8,27,0,4,44,9,57,98,50,148,205
05/30/2015,HKS,MS,ASO,CE,Federal Contract Tower,0,0,8,0,8,0,0,16,2,18,0,0,24,2,26,28,18,46,72
05/31/2015,HKS,MS,ASO,CE,Federal Contract Tower,0,0,7,4,11,0,0,8,3,11,0,0,15,7,22,36,12,48,70
06/01/2015,HKS,MS,ASO,CE,Federal Contract Tower,0,6,15,22,43,0,4,17,6,27,0,10,32,28,70,10,36,46,116
06/02/2015,HKS,MS,ASO,CE,Federal Contract Tower,0,7,22,2,31,0,1,10,8,19,0,8,32,10,50,8,42,50,100
06/03/2015,HKS,MS,ASO,CE,Federal Contract Tower,0,4,23,5,32,0,0,18,11,29,0,4,41,16,61,44,112,156,217
06/04/2015,HKS,MS,ASO,CE,Federal Contract Tower,0,3,19,0,22,0,1,19,6,26,0,4,38,6,48,38,34,72,120
06/05/2015,HKS,MS,ASO,CE,Federal Contract Tower,0,2,28,0,30,0,0,13,1,14,0,2,41,1,44,16,0,16,60
06/06/2015,HKS,MS,ASO,CE,Federal Contract Tower,0,0,4,0,4,0,3,16,0,19,0,3,20,0,23,16,0,16,39
06/07/2015,HKS,MS,ASO,CE,Federal Contract Tower,0,0,10,0,10,0,0,15,0,15,0,0,25,0,25,0,0,0,25
06/08/2015,HKS,MS,ASO,CE,Federal Contract Tower,0,4,6,0,10,0,0,7,0,7,0,4,13,0,17,0,0,0,17
06/09/2015,HKS,MS,ASO,CE,Federal Contract Tower,0,6,16,2,24,0,0,7,11,18,0,6,23,13,42,16,36,52,94
06/10/2015,HKS,MS,ASO,CE,Federal Contract Tower,0,5,20,3,28,0,0,17,6,23,0,5,37,9,51,58,32,90,141
06/11/2015,HKS,MS,ASO,CE,Federal Contract Tower,0,2,14,3,19,0,1,15,3,19,0,3,29,6,38,12,36,48,86
06/12/2015,HKS,MS,ASO,CE,Federal Contract Tower,0,2,17,1,20,0,0,7,10,17,0,2,24,11,37,6,56,62,99
06/13/2015,HKS,MS,ASO,CE,Federal Contract Tower,0,0,17,2,19,0,0,6,2,8,0,0,23,4,27,0,30,30,57
06/14/2015,HKS,MS,ASO,CE,Federal Contract Tower,0,0,10,0,10,0,0,17,0,17,0,0,27,0,27,38,0,38,65
06/15/2015,HKS,MS,ASO,CE,Federal Contract Tower,0,2,14,1,17,0,0,5,7,12,0,2,19,8,29,18,16,34,63
06/16/2015,HKS,MS,ASO,CE,Federal Contract Tower,0,2,14,2,18,0,2,11,11,24,0,4,25,13,42,10,42,52,94
06/17/2015,HKS,MS,ASO,CE,Federal Contract Tower,0,4,13,1,18,0,0,18,4,22,0,4,31,5,40,32,34,66,106
06/18/2015,HKS,MS,ASO,CE,Federal Contract Tower,0,3,16,0,19,0,0,23,15,38,0,3,39,15,57,0,52,52,109
06/19/2015,HKS,MS,ASO,CE,Federal Contract Tower,0,6,18,3,27,0,3,5,4,12,0,9,23,7,39,4,26,30,69
06/20/2015,HKS,MS,ASO,CE,Federal Contract Tower,0,3,4,0,7,0,0,16,0,16,0,3,20,0,23,40,0,40,63
06/21/2015,HKS,MS,ASO,CE,Federal Contract Tower,0,0,8,0,8,0,0,32,0,32,0,0,40,0,40,18,0,18,58
06/22/2015,HKS,MS,ASO,CE,Federal Contract Tower,0,5,9,0,14,0,1,13,0,14,0,6,22,0,28,14,0,14,42
06/23/2015,HKS,MS,ASO,CE,Federal Contract Tower,0,3,10,1,14,0,2,19,5,26,0,5,29,6,40,30,0,30,70
06/24/2015,HKS,MS,ASO,CE,Federal Contract Tower,0,7,17,0,24,0,2,5,0,7,0,9,22,0,31,4,0,4,35
06/25/2015,HKS,MS,ASO,CE,Federal Contract Tower,0,2,11,2,15,0,3,24,5,32,0,5,35,7,47,40,8,48,95
06/26/2015,HKS,MS,ASO,CE,Federal Contract Tower,0,4,18,1,23,0,3,9,2,14,0,7,27,3,37,0,0,0,37
06/27/2015,HKS,MS,ASO,CE,Federal Contract Tower,0,0,7,0,7,0,4,3,0,7,0,4,10,0,14,2,0,2,16
06/28/2015,HKS,MS,ASO,CE,Federal Contract Tower,0,0,9,0,9,0,4,20,0,24,0,4,29,0,33,30,0,30,63
06/29/2015,HKS,MS,ASO,CE,Federal Contract Tower,0,2,19,0,21,0,0,14,0,14,0,2,33,0,35,22,0,22,57
06/30/2015,HKS,MS,ASO,CE,Federal Contract Tower,0,2,12,0,14,0,0,4,2,6,0,2,16,2,20,38,18,56,76
07/01/2015,HKS,MS,ASO,CE,Federal Contract Tower,0,2,11,2,15,0,2,16,7,25,0,4,27,9,40,32,14,46,86
07/02/2015,HKS,MS,ASO,CE,Federal Contract Tower,0,2,19,0,21,0,2,5,0,7,0,4,24,0,28,14,0,14,42
07/03/2015,HKS,MS,ASO,CE,Federal Contract Tower,0,2,19,0,21,0,2,19,0,21,0,4,38,0,42,20,0,20,62
07/04/2015,HKS,MS,ASO,CE,Federal Contract Tower,0,0,1,0,1,0,0,0,0,0,0,0,1,0,1,0,0,0,1
07/05/2015,HKS,MS,ASO,CE,Federal Contract Tower,0,0,4,0,4,0,0,0,0,0,0,0,4,0,4,0,0,0,4
07/06/2015,HKS,MS,ASO,CE,Federal Contract Tower,0,4,19,0,23,0,0,12,0,12,0,4,31,0,35,0,0,0,35
07/07/2015,HKS,MS,ASO,CE,Federal Contract Tower,0,2,19,4,25,0,0,16,6,22,0,2,35,10,47,0,22,22,69
07/08/2015,HKS,MS,ASO,CE,Federal Contract Tower,0,2,15,1,18,0,2,14,3,19,0,4,29,4,37,22,22,44,81
07/09/2015,HKS,MS,ASO,CE,Federal Contract Tower,0,2,16,2,20,0,2,23,12,37,0,4,39,14,57,18,38,56,113
07/10/2015,HKS,MS,ASO,CE,Federal Contract Tower,0,2,16,0,18,0,0,16,14,30,0,2,32,14,48,10,16,26,74
07/11/2015,HKS,MS,ASO,CE,Federal Contract Tower,0,0,14,0,14,0,5,17,0,22,0,5,31,0,36,18,0,18,54
07/12/2015,HKS,MS,ASO,CE,Federal Contract Tower,0,0,6,0,6,0,4,8,0,12,0,4,14,0,18,0,0,0,18
07/13/2015,HKS,MS,ASO,CE,Federal Contract Tower,0,4,10,0,14,0,0,14,7,21,0,4,24,7,35,30,0,30,65
07/14/2015,HKS,MS,ASO,CE,Federal Contract Tower,0,2,13,4,19,0,0,18,9,27,0,2,31,13,46,52,42,94,140
07/15/2015,HKS,MS,ASO,CE,Federal Contract Tower,0,4,13,2,19,0,3,12,8,23,0,7,25,10,42,28,34,62,104
07/16/2015,HKS,MS,ASO,CE,Federal Contract Tower,0,2,6,0,8,0,0,20,11,31,0,2,26,11,39,62,28,90,129
07/17/2015,HKS,MS,ASO,CE,Federal Contract Tower,0,4,16,1,21,0,0,15,6,21,0,4,31,7,42,8,16,24,66
07/18/2015,HKS,MS,ASO,CE,Federal Contract Tower,0,0,9,0,9,0,3,25,10,38,0,3,34,10,47,32,4,36,83
07/19/2015,HKS,MS,ASO,CE,Federal Contract Tower,0,0,3,0,3,0,0,18,14,32,0,0,21,14,35,14,76,90,125
07/20/2015,HKS,MS,ASO,CE,Federal Contract Tower,0,4,25,0,29,0,2,13,0,15,0,6,38,0,44,14,0,14,58
07/21/2015,HKS,MS,ASO,CE,Federal Contract Tower,0,4,17,4,25,0,6,10,1,17,0,10,27,5,42,60,0,60,102
07/22/2015,HKS,MS,ASO,CE,Federal Contract Tower,0,2,19,1,22,0,0,7,11,18,0,2,26,12,40,2,36,38,78
07/23/2015,HKS,MS,ASO,CE,Federal Contract Tower,0,4,15,1,20,0,0,16,23,39,0,4,31,24,59,36,12,48,107
07/24/2015,HKS,MS,ASO,CE,Federal Contract Tower,0,2,13,0,15,0,2,27,4,33,0,4,40,4,48,46,4,50,98
07/25/2015,HKS,MS,ASO,CE,Federal Contract Tower,0,0,15,0,15,0,2,36,0,38,0,2,51,0,53,84,0,84,137
07/26/2015,HKS,MS,ASO,CE,Federal Contract Tower,0,0,15,0,15,0,6,21,2,29,0,6,36,2,44,74,0,74,118
07/27/2015,HKS,MS,ASO,CE,Federal Contract Tower,0,7,24,0,31,0,3,17,5,25,0,10,41,5,56,56,0,56,112
07/28/2015,HKS,MS,ASO,CE,Federal Contract Tower,0,4,20,0,24,0,1,30,5,36,0,5,50,5,60,56,66,122,182
07/29/2015,HKS,MS,ASO,CE,Federal Contract Tower,0,3,19,1,23,0,2,11,5,18,0,5,30,6,41,26,36,62,103
07/30/2015,HKS,MS,ASO,CE,Federal Contract Tower,0,3,19,3,25,0,0,16,6,22,0,3,35,9,47,16,52,68,115
07/31/2015,HKS,MS,ASO,CE,Federal Contract Tower,0,4,25,4,33,0,3,19,7,29,0,7,44,11,62,14,12,26,88
08/01/2015,HKS,MS,ASO,CE,Federal Contract Tower,0,0,16,0,16,0,0,19,4,23,0,0,35,4,39,66,0,66,105
08/02/2015,HKS,MS,ASO,CE,Federal Contract Tower,0,0,8,0,8,0,0,29,0,29,0,0,37,0,37,70,0,70,107
08/03/2015,HKS,MS,ASO,CE,Federal Contract Tower,0,2,11,0,13,0,0,9,5,14,0,2,20,5,27,32,0,32,59
08/04/2015,HKS,MS,ASO,CE,Federal Contract Tower,0,7,9,2,18,0,2,13,10,25,0,9,22,12,43,40,6,46,89
08/05/2015,HKS,MS,ASO,CE,Federal Contract Tower,0,7,18,4,29,0,3,22,3,28,0,10,40,7,57,40,22,62,119
08/06/2015,HKS,MS,ASO,CE,Federal Contract Tower,0,5,17,0,22,0,1,5,6,12,0,6,22,6,34,0,0,0,34
08/07/2015,HKS,MS,ASO,CE,Federal Contract Tower,0,4,9,0,13,0,4,19,9,32,0,8,28,9,45,20,2,22,67
08/08/2015,HKS,MS,ASO,CE,Federal Contract Tower,0,3,7,0,10,0,10,26,6,42,0,13,33,6,52,40,0,40,92
08/09/2015,HKS,MS,ASO,CE,Federal Contract Tower,0,0,8,0,8,0,0,11,2,13,0,0,19,2,21,20,0,20,41
08/10/2015,HKS,MS,ASO,CE,Federal Contract Tower,0,2,9,2,13,0,1,18,4,23,0,3,27,6,36,10,42,52,88
08/11/2015,HKS,MS,ASO,CE,Federal Contract Tower,0,5,12,3,20,0,2,4,6,12,0,7,16,9,32,0,38,38,70
08/12/2015,HKS,MS,ASO,CE,Federal Contract Tower,0,4,15,0,19,0,0,21,9,30,0,4,36,9,49,32,60,92,141
08/13/2015,HKS,MS,ASO,CE,Federal Contract Tower,0,2,11,1,14,0,0,34,14,48,0,2,45,15,62,40,52,92,154
08/14/2015,HKS,MS,ASO,CE,Federal Contract Tower,0,6,10,5,21,0,3,12,6,21,0,9,22,11,42,18,34,52,94
08/15/2015,HKS,MS,ASO,CE,Federal Contract Tower,0,0,6,0,6,0,0,32,29,61,0,0,38,29,67,32,44,76,143
08/16/2015,HKS,MS,ASO,CE,Federal Contract Tower,0,0,7,0,7,0,1,18,0,19,0,1,25,0,26,28,0,28,54
08/17/2015,HKS,MS,ASO,CE,Federal Contract Tower,0,2,9,0,11,0,2,5,0,7,0,4,14,0,18,6,0,6,24
08/18/2015,HKS,MS,ASO,CE,Federal Contract Tower,0,5,17,7,29,0,1,7,12,20,0,6,24,19,49,0,40,40,89
08/19/2015,HKS,MS,ASO,CE,Federal Contract Tower,0,6,16,6,28,0,0,9,3,12,0,6,25,9,40,0,10,10,50
08/20/2015,HKS,MS,ASO,CE,Federal Contract Tower,0,12,26,2,40,0,0,8,18,26,0,12,34,20,66,16,22,38,104
08/21/2015,HKS,MS,ASO,CE,Federal Contract Tower,0,3,12,1,16,0,0,6,3,9,0,3,18,4,25,0,0,0,25
08/22/2015,HKS,MS,ASO,CE,Federal Contract Tower,0,0,14,1,15,0,0,15,0,15,0,0,29,1,30,28,0,28,58
08/23/2015,HKS,MS,ASO,CE,Federal Contract Tower,0,0,16,1,17,0,0,17,1,18,0,0,33,2,35,32,4,36,71
08/24/2015,HKS,MS,ASO,CE,Federal Contract Tower,0,4,16,0,20,0,0,5,6,11,0,4,21,6,31,2,26,28,59
08/25/2015,HKS,MS,ASO,CE,Federal Contract Tower,0,2,12,2,16,0,0,27,5,32,0,2,39,7,48,30,22,52,100
08/26/2015,HKS,MS,ASO,CE,Federal Contract Tower,0,10,10,2,22,0,2,20,5,27,0,12,30,7,49,28,0,28,77
08/27/2015,HKS,MS,ASO,CE,Federal Contract Tower,0,4,5,3,12,0,2,12,1,15,0,6,17,4,27,22,12,34,61
08/28/2015,HKS,MS,ASO,CE,Federal Contract Tower,0,6,13,0,19,0,2,23,9,34,0,8,36,9,53,26,0,26,79
08/29/2015,HKS,MS,ASO,CE,Federal Contract Tower,0,0,2,0,2,0,5,28,5,38,0,5,30,5,40,34,0,34,74
08/30/2015,HKS,MS,ASO,CE,Federal Contract Tower,0,3,11,0,14,0,7,16,0,23,0,10,27,0,37,14,0,14,51
08/31/2015,HKS,MS,ASO,CE,Federal Contract Tower,0,4,14,0,18,0,0,19,0,19,0,4,33,0,37,24,0,24,61
09/01/2015,HKS,MS,ASO,CE,Federal Contract Tower,0,4,9,0,13,0,0,10,8,18,0,4,19,8,31,26,26,52,83
09/02/2015,HKS,MS,ASO,CE,Federal Contract Tower,0,5,23,1,29,0,1,12,3,16,0,6,35,4,45,38,32,70,115
09/03/2015,HKS,MS,ASO,CE,Federal Contract Tower,0,8,34,2,44,0,6,16,10,32,0,14,50,12,76,16,50,66,142
09/04/2015,HKS,MS,ASO,CE,Federal Contract Tower,0,1,15,2,18,0,0,17,6,23,0,1,32,8,41,32,0,32,73
09/05/2015,HKS,MS,ASO,CE,Federal Contract Tower,0,0,4,0,4,0,0,23,0,23,0,0,27,0,27,52,0,52,79
09/06/2015,HKS,MS,ASO,CE,Federal Contract Tower,0,0,1,0,1,0,0,28,0,28,0,0,29,0,29,20,0,20,49
09/07/2015,HKS,MS,ASO,CE,Federal Contract Tower,0,0,18,1,19,0,0,18,0,18,0,0,36,1,37,8,2,10,47
09/08/2015,HKS,MS,ASO,CE,Federal Contract Tower,0,3,18,3,24,0,0,12,4,16,0,3,30,7,40,46,8,54,94
09/09/2015,HKS,MS,ASO,CE,Federal Contract Tower,0,2,14,6,22,0,2,13,7,22,0,4,27,13,44,46,46,92,136
09/10/2015,HKS,MS,ASO,CE,Federal Contract Tower,0,4,13,2,19,0,0,5,4,9,0,4,18,6,28,2,26,28,56
09/11/2015,HKS,MS,ASO,CE,Federal Contract Tower,0,5,15,0,20,0,2,9,0,11,0,7,24,0,31,4,0,4,35
09/12/2015,HKS,MS,ASO,CE,Federal Contract Tower,0,1,12,0,13,0,7,20,2,29,0,8,32,2,42,52,0,52,94
09/13/2015,HKS,MS,ASO,CE,Federal Contract Tower,0,0,6,0,6,0,2,13,0,15,0,2,19,0,21,0,0,0,21
09/14/2015,HKS,MS,ASO,CE,Federal Contract Tower,0,2,10,0,12,0,0,7,0,7,0,2,17,0,19,28,0,28,47
09/15/2015,HKS,MS,ASO,CE,Federal Contract Tower,0,4,8,7,19,0,0,20,12,32,0,4,28,19,51,30,12,42,93
09/16/2015,HKS,MS,ASO,CE,Federal Contract Tower,0,3,13,1,17,0,5,21,14,40,0,8,34,15,57,0,54,54,111
09/17/2015,HKS,MS,ASO,CE,Federal Contract Tower,0,6,20,4,30,0,4,9,10,23,0,10,29,14,53,12,14,26,79
09/18/2015,HKS,MS,ASO,CE,Federal Contract Tower,0,2,17,3,22,0,3,22,6,31,0,5,39,9,53,0,38,38,91
09/19/2015,HKS,MS,ASO,CE,Federal Contract Tower,0,1,10,0,11,0,5,21,0,26,0,6,31,0,37,20,0,20,57
09/20/2015,HKS,MS,ASO,CE,Federal Contract Tower,0,0,11,0,11,0,1,24,0,25,0,1,35,0,36,12,0,12,48
09/21/2015,HKS,MS,ASO,CE,Federal Contract Tower,0,2,7,0,9,0,2,16,0,18,0,4,23,0,27,0,0,0,27
09/22/2015,HKS,MS,ASO,CE,Federal Contract Tower,0,6,14,0,20,0,5,16,0,21,0,11,30,0,41,22,0,22,63
09/23/2015,HKS,MS,ASO,CE,Federal Contract Tower,0,3,33,2,38,0,0,12,2,14,0,3,45,4,52,10,4,14,66
09/24/2015,HKS,MS,ASO,CE,Federal Contract Tower,0,1,6,4,11,0,6,19,5,30,0,7,25,9,41,0,8,8,49
09/25/2015,HKS,MS,ASO,CE,Federal Contract Tower,0,2,11,0,13,0,2,14,0,16,0,4,25,0,29,20,0,20,49
09/26/2015,HKS,MS,ASO,CE,Federal Contract Tower,0,1,15,0,16,0,5,23,0,28,0,6,38,0,44,12,0,12,56
09/27/2015,HKS,MS,ASO,CE,Federal Contract Tower,0,1,6,2,9,0,2,11,0,13,0,3,17,2,22,6,0,6,28
09/28/2015,HKS,MS,ASO,CE,Federal Contract Tower,0,0,25,1,26,0,0,6,0,6,0,0,31,1,32,6,0,6,38
09/29/2015,HKS,MS,ASO,CE,Federal Contract Tower,0,0,23,0,23,0,0,11,0,11,0,0,34,0,34,16,14,30,64
09/30/2015,HKS,MS,ASO,CE,Federal Contract Tower,0,7,5,3,15,0,7,11,3,21,0,14,16,6,36,8,12,20,56
10/01/2015,HKS,MS,ASO,CE,Federal Contract Tower,0,6,17,0,23,0,2,11,1,14,0,8,28,1,37,10,0,10,47
10/02/2015,HKS,MS,ASO,CE,Federal Contract Tower,0,4,24,0,28,0,0,9,6,15,0,4,33,6,43,16,20,36,79
10/03/2015,HKS,MS,ASO,CE,Federal Contract Tower,0,0,17,0,17,0,0,2,5,7,0,0,19,5,24,4,0,4,28
10/04/2015,HKS,MS,ASO,CE,Federal Contract Tower,0,1,11,4,16,0,3,6,0,9,0,4,17,4,25,0,0,0,25
10/05/2015,HKS,MS,ASO,CE,Federal Contract Tower,0,2,28,5,35,0,0,17,0,17,0,2,45,5,52,18,0,18,70
10/06/2015,HKS,MS,ASO,CE,Federal Contract Tower,0,2,14,6,22,0,3,21,7,31,0,5,35,13,53,30,80,110,163
10/07/2015,HKS,MS,ASO,CE,Federal Contract Tower,0,4,19,4,27,0,1,24,2,27,0,5,43,6,54,10,20,30,84
10/08/2015,HKS,MS,ASO,CE,Federal Contract Tower,0,4,26,0,30,0,2,20,6,28,0,6,46,6,58,30,30,60,118
10/09/2015,HKS,MS,ASO,CE,Federal Contract Tower,0,3,15,0,18,0,0,16,0,16,0,3,31,0,34,10,0,10,44
10/10/2015,HKS,MS,ASO,CE,Federal Contract Tower,0,0,9,0,9,0,3,9,0,12,0,3,18,0,21,10,0,10,31
10/11/2015,HKS,MS,ASO,CE,Federal Contract Tower,0,0,21,0,21,0,3,11,0,14,0,3,32,0,35,4,0,4,39
10/12/2015,HKS,MS,ASO,CE,Federal Contract Tower,0,4,6,0,10,0,0,14,0,14,0,4,20,0,24,16,0,16,40
10/13/2015,HKS,MS,ASO,CE,Federal Contract Tower,0,5,17,3,25,0,0,29,12,41,0,5,46,15,66,32,68,100,166
10/14/2015,HKS,MS,ASO,CE,Federal Contract Tower,0,4,14,1,19,0,2,21,8,31,0,6,35,9,50,48,56,104,154
10/15/2015,HKS,MS,ASO,CE,Federal Contract Tower,0,2,25,7,34,0,0,22,16,38,0,2,47,23,72,58,34,92,164
10/16/2015,HKS,MS,ASO,CE,Federal Contract Tower,0,2,14,1,17,0,0,26,14,40,0,2,40,15,57,28,36,64,121
10/17/2015,HKS,MS,ASO,CE,Federal Contract Tower,0,4,7,1,12,0,3,15,1,19,0,7,22,2,31,4,0,4,35
10/18/2015,HKS,MS,ASO,CE,Federal Contract Tower,0,2,10,0,12,0,1,24,0,25,0,3,34,0,37,32,0,32,69
10/19/2015,HKS,MS,ASO,CE,Federal Contract Tower,0,6,19,0,25,0,1,15,3,19,0,7,34,3,44,46,16,62,106
10/20/2015,HKS,MS,ASO,CE,Federal Contract Tower,0,4,14,3,21,0,0,31,10,41,0,4,45,13,62,44,14,58,120
10/21/2015,HKS,MS,ASO,CE,Federal Contract Tower,0,2,30,3,35,0,2,6,7,15,0,4,36,10,50,26,42,68,118
10/22/2015,HKS,MS,ASO,CE,Federal Contract Tower,0,4,26,3,33,0,0,22,6,28,0,4,48,9,61,8,11,19,80
10/23/2015,HKS,MS,ASO,CE,Federal Contract Tower,0,2,18,2,22,0,4,19,4,27,0,6,37,6,49,30,12,42,91
10/24/2015,HKS,MS,ASO,CE,Federal Contract Tower,0,2,16,0,18,0,0,11,4,15,0,2,27,4,33,10,22,32,65
10/25/2015,HKS,MS,ASO,CE,Federal Contract Tower,0,1,7,5,13,0,0,2,1,3,0,1,9,6,16,0,30,30,46
10/26/2015,HKS,MS,ASO,CE,Federal Contract Tower,0,8,6,0,14,0,0,2,0,2,0,8,8,0,16,0,0,0,16
10/27/2015,HKS,MS,ASO,CE,Federal Contract Tower,0,4,25,2,31,0,0,0,1,1,0,4,25,3,32,12,10,22,54
10/28/2015,HKS,MS,ASO,CE,Federal Contract Tower,0,4,34,5,43,0,1,12,5,18,0,5,46,10,61,26,18,44,105
10/29/2015,HKS,MS,ASO,CE,Federal Contract Tower,0,6,16,3,25,0,0,9,17,26,0,6,25,20,51,2,8,10,61
10/30/2015,HKS,MS,ASO,CE,Federal Contract Tower,0,2,16,1,19,0,0,19,1,20,0,2,35,2,39,60,18,78,117
10/31/2015,HKS,MS,ASO,CE,Federal Contract Tower,0,0,4,0,4,0,0,0,0,0,0,0,4,0,4,0,0,0,4
11/01/2015,HKS,MS,ASO,CE,Federal Contract Tower,0,2,8,0,10,0,0,0,0,0,0,2,8,0,10,0,0,0,10
11/02/2015,HKS,MS,ASO,CE,Federal Contract Tower,0,5,15,5,25,0,0,0,7,7,0,5,15,12,32,6,48,54,86
11/03/2015,HKS,MS,ASO,CE,Federal Contract Tower,0,8,27,0,35,0,2,8,18,28,0,10,35,18,63,18,48,66,129
11/04/2015,HKS,MS,ASO,CE,Federal Contract Tower,0,6,21,2,29,0,0,22,8,30,0,6,43,10,59,72,32,104,163
11/05/2015,HKS,MS,ASO,CE,Federal Contract Tower,0,7,21,3,31,0,0,6,17,23,0,7,27,20,54,8,30,38,92
11/06/2015,HKS,MS,ASO,CE,Federal Contract Tower,0,13,9,0,22,0,1,2,0,3,0,14,11,0,25,0,0,0,25
11/07/2015,HKS,MS,ASO,CE,Federal Contract Tower,0,2,9,0,11,0,0,0,0,0,0,2,9,0,11,0,0,0,11
11/08/2015,HKS,MS,ASO,CE,Federal Contract Tower,0,2,17,0,19,0,0,9,1,10,0,2,26,1,29,4,0,4,33
11/09/2015,HKS,MS,ASO,CE,Federal Contract Tower,0,7,18,0,25,0,0,0,0,0,0,7,18,0,25,0,0,0,25
11/10/2015,HKS,MS,ASO,CE,Federal Contract Tower,0,5,27,0,32,0,0,23,0,23,0,5,50,0,55,54,0,54,109
11/11/2015,HKS,MS,ASO,CE,Federal Contract Tower,0,5,10,0,15,0,1,4,0,5,0,6,14,0,20,48,0,48,68
11/12/2015,HKS,MS,ASO,CE,Federal Contract Tower,0,3,21,1,25,0,0,17,6,23,0,3,38,7,48,14,0,14,62
11/13/2015,HKS,MS,ASO,CE,Federal Contract Tower,0,7,16,3,26,0,3,14,1,18,0,10,30,4,44,64,0,64,108
11/14/2015,HKS,MS,ASO,CE,Federal Contract Tower,0,0,7,0,7,0,1,17,0,18,0,1,24,0,25,24,0,24,49
11/15/2015,HKS,MS,ASO,CE,Federal Contract Tower,0,0,11,0,11,0,2,15,2,19,0,2,26,2,30,42,0,42,72
11/16/2015,HKS,MS,ASO,CE,Federal Contract Tower,0,6,22,0,28,0,0,7,15,22,0,6,29,15,50,40,70,110,160
11/17/2015,HKS,MS,ASO,CE,Federal Contract Tower,0,5,12,1,18,0,0,1,2,3,0,5,13,3,21,0,18,18,39
11/18/2015,HKS,MS,ASO,CE,Federal Contract Tower,0,5,12,2,19,0,0,14,12,26,0,5,26,14,45,2,30,32,77
11/19/2015,HKS,MS,ASO,CE,Federal Contract Tower,0,7,34,3,44,0,2,20,8,30,0,9,54,11,74,52,44,96,170
11/20/2015,HKS,MS,ASO,CE,Federal Contract Tower,0,5,26,0,31,0,10,20,0,30,0,15,46,0,61,28,0,28,89
11/21/2015,HKS,MS,ASO,CE,Federal Contract Tower,0,0,11,0,11,0,3,20,0,23,0,3,31,0,34,30,0,30,64
11/22/2015,HKS,MS,ASO,CE,Federal Contract Tower,0,0,12,0,12,0,6,35,0,41,0,6,47,0,53,10,0,10,63
11/23/2015,HKS,MS,ASO,CE,Federal Contract Tower,0,6,8,0,14,0,2,4,0,6,0,8,12,0,20,12,0,12,32
11/24/2015,HKS,MS,ASO,CE,Federal Contract Tower,0,5,17,0,22,0,8,19,10,37,0,13,36,10,59,16,6,22,81
11/25/2015,HKS,MS,ASO,CE,Federal Contract Tower,0,5,16,3,24,0,0,15,3,18,0,5,31,6,42,14,14,28,70
11/26/2015,HKS,MS,ASO,CE,Federal Contract Tower,0,0,1,0,1,0,3,3,0,6,0,3,4,0,7,0,0,0,7
11/27/2015,HKS,MS,ASO,CE,Federal Contract Tower,0,2,18,0,20,0,1,16,0,17,0,3,34,0,37,26,0,26,63
11/28/2015,HKS,MS,ASO,CE,Federal Contract Tower,0,0,12,0,12,0,2,18,0,20,0,2,30,0,32,40,0,40,72
11/29/2015,HKS,MS,ASO,CE,Federal Contract Tower,0,0,7,0,7,0,0,0,0,0,0,0,7,0,7,0,0,0,7
11/30/2015,HKS,MS,ASO,CE,Federal Contract Tower,0,3,21,4,28,0,1,4,1,6,0,4,25,5,34,4,8,12,46
12/01/2015,HKS,MS,ASO,CE,Federal Contract Tower,0,6,23,0,29,0,0,0,0,0,0,6,23,0,29,8,0,8,37
12/02/2015,HKS,MS,ASO,CE,Federal Contract Tower,0,5,18,6,29,0,6,9,8,23,0,11,27,14,52,0,30,30,82
12/03/2015,HKS,MS,ASO,CE,Federal Contract Tower,0,6,13,2,21,0,4,16,4,24,0,10,29,6,45,12,6,18,63
12/04/2015,HKS,MS,ASO,CE,Federal Contract Tower,0,4,12,2,18,0,7,5,0,12,0,11,17,2,30,2,0,2,32
12/05/2015,HKS,MS,ASO,CE,Federal Contract Tower,0,2,11,0,13,0,6,23,4,33,0,8,34,4,46,22,30,52,98
12/06/2015,HKS,MS,ASO,CE,Federal Contract Tower,0,0,6,0,6,0,0,16,0,16,0,0,22,0,22,6,0,6,28
12/07/2015,HKS,MS,ASO,CE,Federal Contract Tower,0,2,20,2,24,0,15,16,0,31,0,17,36,2,55,24,0,24,79
12/08/2015,HKS,MS,ASO,CE,Federal Contract Tower,0,4,16,6,26,0,1,5,9,15,0,5,21,15,41,36,38,74,115
12/09/2015,HKS,MS,ASO,CE,Federal Contract Tower,0,12,23,2,37,0,4,12,10,26,0,16,35,12,63,2,70,72,135
12/10/2015,HKS,MS,ASO,CE,Federal Contract Tower,0,7,24,6,37,0,4,10,15,29,0,11,34,21,66,10,56,66,132
12/11/2015,HKS,MS,ASO,CE,Federal Contract Tower,0,2,9,6,17,0,3,8,6,17,0,5,17,12,34,30,24,54,88
12/12/2015,HKS,MS,ASO,CE,Federal Contract Tower,0,0,5,0,5,0,3,10,0,13,0,3,15,0,18,4,0,4,22
12/13/2015,HKS,MS,ASO,CE,Federal Contract Tower,0,0,3,0,3,0,0,2,0,2,0,0,5,0,5,0,0,0,5
12/14/2015,HKS,MS,ASO,CE,Federal Contract Tower,0,2,14,3,19,0,3,2,6,11,0,5,16,9,30,0,38,38,68
12/15/2015,HKS,MS,ASO,CE,Federal Contract Tower,0,4,26,4,34,0,2,15,16,33,0,6,41,20,67,24,40,64,131
12/16/2015,HKS,MS,ASO,CE,Federal Contract Tower,0,2,16,0,18,0,0,0,0,0,0,2,16,0,18,0,0,0,18
12/17/2015,HKS,MS,ASO,CE,Federal Contract Tower,0,5,27,3,35,0,8,17,15,40,0,13,44,18,75,14,70,84,159
12/18/2015,HKS,MS,ASO,CE,Federal Contract Tower,0,6,19,0,25,0,4,22,10,36,0,10,41,10,61,20,8,28,89
12/19/2015,HKS,MS,ASO,CE,Federal Contract Tower,0,2,11,0,13,0,1,15,0,16,0,3,26,0,29,16,0,16,45
12/20/2015,HKS,MS,ASO,CE,Federal Contract Tower,0,2,9,0,11,0,5,10,0,15,0,7,19,0,26,24,0,24,50
12/21/2015,HKS,MS,ASO,CE,Federal Contract Tower,0,4,12,0,16,0,2,0,0,2,0,6,12,0,18,0,0,0,18
12/22/2015,HKS,MS,ASO,CE,Federal Contract Tower,0,3,11,0,14,0,0,0,0,0,0,3,11,0,14,8,0,8,22
12/23/2015,HKS,MS,ASO,CE,Federal Contract Tower,0,5,2,0,7,0,1,0,0,1,0,6,2,0,8,0,0,0,8
12/24/2015,HKS,MS,ASO,CE,Federal Contract Tower,0,2,7,0,9,0,0,0,0,0,0,2,7,0,9,6,0,6,15
12/25/2015,HKS,MS,ASO,CE,Federal Contract Tower,0,0,0,0,0,0,0,1,0,1,0,0,1,0,1,0,0,0,1
12/26/2015,HKS,MS,ASO,CE,Federal Contract Tower,0,2,5,0,7,0,0,3,0,3,0,2,8,0,10,12,0,12,22
12/27/2015,HKS,MS,ASO,CE,Federal Contract Tower,0,0,5,0,5,0,0,0,0,0,0,0,5,0,5,0,0,0,5
12/28/2015,HKS,MS,ASO,CE,Federal Contract Tower,0,2,3,0,5,0,0,8,0,8,0,2,11,0,13,2,0,2,15
12/29/2015,HKS,MS,ASO,CE,Federal Contract Tower,0,2,13,4,19,0,0,9,0,9,0,2,22,4,28,8,0,8,36
12/30/2015,HKS,MS,ASO,CE,Federal Contract Tower,0,2,8,0,10,0,4,11,0,15,0,6,19,0,25,50,0,50,75
12/31/2015,HKS,MS,ASO,CE,Federal Contract Tower,0,2,5,0,7,0,7,6,0,13,0,9,11,0,20,6,0,6,26
01/01/2016,HKS,MS,ASO,CE,Federal Contract Tower,0,0,8,0,8,0,4,1,0,5,0,4,9,0,13,2,0,2,15
01/02/2016,HKS,MS,ASO,CE,Federal Contract Tower,0,1,6,0,7,0,9,9,0,18,0,10,15,0,25,46,0,46,71
01/03/2016,HKS,MS,ASO,CE,Federal Contract Tower,0,3,8,0,11,0,2,9,0,11,0,5,17,0,22,40,0,40,62
01/04/2016,HKS,MS,ASO,CE,Federal Contract Tower,0,3,16,0,19,0,3,8,2,13,0,6,24,2,32,28,0,28,60
01/05/2016,HKS,MS,ASO,CE,Federal Contract Tower,0,4,9,2,15,0,1,8,9,18,0,5,17,11,33,16,12,28,61
01/06/2016,HKS,MS,ASO,CE,Federal Contract Tower,0,5,23,1,29,0,1,20,7,28,0,6,43,8,57,10,16,26,83
01/07/2016,HKS,MS,ASO,CE,Federal Contract Tower,0,5,12,2,19,0,0,3,3,6,0,5,15,5,25,20,8,28,53
01/08/2016,HKS,MS,ASO,CE,Federal Contract Tower,0,2,21,0,23,0,0,5,0,5,0,2,26,0,28,28,0,28,56
01/09/2016,HKS,MS,ASO,CE,Federal Contract Tower,0,3,12,2,17,0,0,0,11,11,0,3,12,13,28,2,52,54,82
01/10/2016,HKS,MS,ASO,CE,Federal Contract Tower,0,2,8,0,10,0,5,21,4,30,0,7,29,4,40,8,0,8,48
01/11/2016,HKS,MS,ASO,CE,Federal Contract Tower,0,4,12,1,17,0,0,1,2,3,0,4,13,3,20,10,8,18,38
01/12/2016,HKS,MS,ASO,CE,Federal Contract Tower,0,3,22,3,28,0,5,12,9,26,0,8,34,12,54,8,14,22,76
01/13/2016,HKS,MS,ASO,CE,Federal Contract Tower,0,3,17,1,21,0,4,12,2,18,0,7,29,3,39,10,8,18,57
01/14/2016,HKS,MS,ASO,CE,Federal Contract Tower,0,10,17,0,27,0,0,8,6,14,0,10,25,6,41,14,10,24,65
01/15/2016,HKS,MS,ASO,CE,Federal Contract Tower,0,5,20,0,25,0,4,3,0,7,0,9,23,0,32,16,0,16,48
01/16/2016,HKS,MS,ASO,CE,Federal Contract Tower,0,0,2,0,2,0,0,9,0,9,0,0,11,0,11,34,0,34,45
01/17/2016,HKS,MS,ASO,CE,Federal Contract Tower,0,0,12,0,12,0,0,11,1,12,0,0,23,1,24,0,0,0,24
01/18/2016,HKS,MS,ASO,CE,Federal Contract Tower,0,3,22,0,25,0,4,12,0,16,0,7,34,0,41,34,0,34,75
01/19/2016,HKS,MS,ASO,CE,Federal Contract Tower,0,7,10,2,19,0,3,15,19,37,0,10,25,21,56,6,80,86,142
01/20/2016,HKS,MS,ASO,CE,Federal Contract Tower,0,2,15,0,17,0,2,2,1,5,0,4,17,1,22,0,16,16,38
01/21/2016,HKS,MS,ASO,CE,Federal Contract Tower,0,2,4,0,6,0,0,0,0,0,0,2,4,0,6,0,0,0,6
01/22/2016,HKS,MS,ASO,CE,Federal Contract Tower,0,2,4,0,6,0,0,0,2,2,0,2,4,2,8,0,10,10,18
01/23/2016,HKS,MS,ASO,CE,Federal Contract Tower,0,1,2,0,3,0,0,4,1,5,0,1,6,1,8,20,0,20,28
01/24/2016,HKS,MS,ASO,CE,Federal Contract Tower,0,0,8,2,10,0,2,28,0,30,0,2,36,2,40,20,0,20,60
01/25/2016,HKS,MS,ASO,CE,Federal Contract Tower,0,6,11,5,22,0,0,8,2,10,0,6,19,7,32,14,20,34,66
01/26/2016,HKS,MS,ASO,CE,Federal Contract Tower,0,4,14,0,18,0,0,1,0,1,0,4,15,0,19,0,0,0,19
01/27/2016,HKS,MS,ASO,CE,Federal Contract Tower,0,5,31,4,40,0,3,9,8,20,0,8,40,12,60,6,0,6,66
01/28/2016,HKS,MS,ASO,CE,Federal Contract Tower,0,2,14,5,21,0,2,21,8,31,0,4,35,13,52,20,12,32,84
01/29/2016,HKS,MS,ASO,CE,Federal Contract Tower,0,3,11,0,14,0,3,14,5,22,0,6,25,5,36,40,34,74,110
01/30/2016,HKS,MS,ASO,CE,Federal Contract Tower,0,1,15,3,19,0,3,23,5,31,0,4,38,8,50,20,14,34,84
01/31/2016,HKS,MS,ASO,CE,Federal Contract Tower,0,0,14,0,14,0,6,9,4,19,0,6,23,4,33,42,0,42,75
02/01/2016,HKS,MS,ASO,CE,Federal Contract Tower,0,2,7,2,11,0,1,3,1,5,0,3,10,3,16,0,4,4,20
02/02/2016,HKS,MS,ASO,CE,Federal Contract Tower,0,2,8,0,10,0,0,0,0,0,0,2,8,0,10,0,0,0,10
02/03/2016,HKS,MS,ASO,CE,Federal Contract Tower,0,3,15,3,21,0,0,22,13,35,0,3,37,16,56,10,26,36,92
02/04/2016,HKS,MS,ASO,CE,Federal Contract Tower,0,2,24,0,26,0,2,10,4,16,0,4,34,4,42,4,0,4,46
02/05/2016,HKS,MS,ASO,CE,Federal Contract Tower,0,3,14,3,20,0,3,16,10,29,0,6,30,13,49,72,28,100,149
02/06/2016,HKS,MS,ASO,CE,Federal Contract Tower,0,1,3,0,4,0,3,21,6,30,0,4,24,6,34,46,0,46,80
02/07/2016,HKS,MS,ASO,CE,Federal Contract Tower,0,2,11,0,13,0,1,22,6,29,0,3,33,6,42,42,0,42,84
02/08/2016,HKS,MS,ASO,CE,Federal Contract Tower,0,2,12,2,16,0,9,7,2,18,0,11,19,4,34,0,8,8,42
02/09/2016,HKS,MS,ASO,CE,Federal Contract Tower,0,2,6,2,10,0,3,11,15,29,0,5,17,17,39,0,26,26,65
02/10/2016,HKS,MS,ASO,CE,Federal Contract Tower,0,3,12,3,18,0,2,27,5,34,0,5,39,8,52,10,0,10,62
02/11/2016,HKS,MS,ASO,CE,Federal Contract Tower,0,2,27,0,29,0,2,15,3,20,0,4,42,3,49,28,0,28,77
02/12/2016,HKS,MS,ASO,CE,Federal Contract Tower,0,2,10,1,13,0,0,15,0,15,0,2,25,1,28,36,0,36,64
02/13/2016,HKS,MS,ASO,CE,Federal Contract Tower,0,0,15,0,15,0,6,18,0,24,0,6,33,0,39,30,0,30,69
02/14/2016,HKS,MS,ASO,CE,Federal Contract Tower,0,0,8,0,8,0,5,3,0,8,0,5,11,0,16,28,0,28,44
02/15/2016,HKS,MS,ASO,CE,Federal Contract Tower,0,2,7,0,9,0,0,0,0,0,0,2,7,0,9,4,0,4,13
02/16/2016,HKS,MS,ASO,CE,Federal Contract Tower,0,2,9,2,13,0,2,9,7,18,0,4,18,9,31,0,24,24,55
02/17/2016,HKS,MS,ASO,CE,Federal Contract Tower,0,4,11,1,16,0,0,22,6,28,0,4,33,7,44,26,32,58,102
02/18/2016,HKS,MS,ASO,CE,Federal Contract Tower,0,2,23,4,29,0,2,15,11,28,0,4,38,15,57,34,10,44,101
02/19/2016,HKS,MS,ASO,CE,Federal Contract Tower,0,4,12,2,18,0,2,16,0,18,0,6,28,2,36,38,0,38,74
02/20/2016,HKS,MS,ASO,CE,Federal Contract Tower,0,2,8,0,10,0,0,8,2,10,0,2,16,2,20,12,0,12,32
02/21/2016,HKS,MS,ASO,CE,Federal Contract Tower,0,1,13,0,14,0,2,0,2,4,0,3,13,2,18,8,0,8,26
02/22/2016,HKS,MS,ASO,CE,Federal Contract Tower,0,3,10,9,22,0,0,0,0,0,0,3,10,9,22,2,18,20,42
02/23/2016,HKS,MS,ASO,CE,Federal Contract Tower,0,6,6,0,12,0,0,0,0,0,0,6,6,0,12,0,0,0,12
02/24/2016,HKS,MS,ASO,CE,Federal Contract Tower,0,4,10,3,17,0,2,8,5,15,0,6,18,8,32,0,42,42,74
02/25/2016,HKS,MS,ASO,CE,Federal Contract Tower,0,8,14,3,25,0,2,32,4,38,0,10,46,7,63,16,36,52,115
02/26/2016,HKS,MS,ASO,CE,Federal Contract Tower,0,6,15,2,23,0,1,17,15,33,0,7,32,17,56,32,20,52,108
02/27/2016,HKS,MS,ASO,CE,Federal Contract Tower,0,0,10,0,10,0,3,29,11,43,0,3,39,11,53,36,24,60,113
02/28/2016,HKS,MS,ASO,CE,Federal Contract Tower,0,1,8,3,12,0,6,16,3,25,0,7,24,6,37,12,28,40,77
02/29/2016,HKS,MS,ASO,CE,Federal Contract Tower,0,3,17,0,20,0,2,7,0,9,0,5,24,0,29,12,0,12,41
03/01/2016,HKS,MS,ASO,CE,Federal Contract Tower,0,3,17,0,20,0,2,7,0,9,0,5,24,0,29,12,0,12,41
03/02/2016,HKS,MS,ASO,CE,Federal Contract Tower,0,2,10,2,14,0,5,14,10,29,0,7,24,12,43,54,30,84,127
03/03/2016,HKS,MS,ASO,CE,Federal Contract Tower,0,2,10,0,12,0,2,3,3,8,0,4,13,3,20,2,14,16,36
03/04/2016,HKS,MS,ASO,CE,Federal Contract Tower,0,7,19,0,26,0,8,18,7,33,0,15,37,7,59,6,74,80,139
03/05/2016,HKS,MS,ASO,CE,Federal Contract Tower,0,0,5,0,5,0,4,29,14,47,0,4,34,14,52,32,14,46,98
03/06/2016,HKS,MS,ASO,CE,Federal Contract Tower,0,0,24,0,24,0,2,19,4,25,0,2,43,4,49,40,0,40,89
03/07/2016,HKS,MS,ASO,CE,Federal Contract Tower,0,4,26,0,30,0,7,15,6,28,0,11,41,6,58,12,12,24,82
03/08/2016,HKS,MS,ASO,CE,Federal Contract Tower,0,4,14,1,19,0,1,7,17,25,0,5,21,18,44,14,36,50,94
03/09/2016,HKS,MS,ASO,CE,Federal Contract Tower,0,7,15,1,23,0,2,0,5,7,0,9,15,6,30,0,40,40,70
03/10/2016,HKS,MS,ASO,CE,Federal Contract Tower,0,7,1,1,9,0,0,0,0,0,0,7,1,1,9,0,0,0,9
03/11/2016,HKS,MS,ASO,CE,Federal Contract Tower,0,5,8,0,13,0,0,1,0,1,0,5,9,0,14,0,0,0,14
03/12/2016,HKS,MS,ASO,CE,Federal Contract Tower,0,0,3,0,3,0,0,1,2,3,0,0,4,2,6,0,0,0,6
03/13/2016,HKS,MS,ASO,CE,Federal Contract Tower,0,0,8,3,11,0,2,13,7,22,0,2,21,10,33,16,0,16,49
03/14/2016,HKS,MS,ASO,CE,Federal Contract Tower,0,8,18,0,26,0,8,11,0,19,0,16,29,0,45,30,0,30,75
03/15/2016,HKS,MS,ASO,CE,Federal Contract Tower,0,10,9,4,23,0,8,22,13,43,0,18,31,17,66,10,90,100,166
03/16/2016,HKS,MS,ASO,CE,Federal Contract Tower,0,5,14,5,24,0,13,9,4,26,0,18,23,9,50,18,106,124,174
03/17/2016,HKS,MS,ASO,CE,Federal Contract Tower,0,9,10,2,21,0,0,14,4,18,0,9,24,6,39,30,26,56,95
03/18/2016,HKS,MS,ASO,CE,Federal Contract Tower,0,2,12,1,15,0,10,2,0,12,0,12,14,1,27,8,12,20,47
03/19/2016,HKS,MS,ASO,CE,Federal Contract Tower,0,1,9,0,10,0,2,6,1,9,0,3,15,1,19,0,0,0,19
03/20/2016,HKS,MS,ASO,CE,Federal Contract Tower,0,1,8,0,9,0,6,17,0,23,0,7,25,0,32,6,0,6,38
03/21/2016,HKS,MS,ASO,CE,Federal Contract Tower,0,8,13,2,23,0,4,15,3,22,0,12,28,5,45,74,44,118,163
03/22/2016,HKS,MS,ASO,CE,Federal Contract Tower,0,7,17,6,30,0,0,9,18,27,0,7,26,24,57,2,92,94,151
03/23/2016,HKS,MS,ASO,CE,Federal Contract Tower,0,3,21,7,31,0,3,21,11,35,0,6,42,18,66,13,80,93,159
03/24/2016,HKS,MS,ASO,CE,Federal Contract Tower,0,2,16,1,19,0,0,5,2,7,0,2,21,3,26,4,38,42,68
03/25/2016,HKS,MS,ASO,CE,Federal Contract Tower,0,2,17,1,20,0,4,20,12,36,0,6,37,13,56,32,46,78,134
03/26/2016,HKS,MS,ASO,CE,Federal Contract Tower,0,1,12,0,13,0,3,25,0,28,0,4,37,0,41,58,0,58,99
03/27/2016,HKS,MS,ASO,CE,Federal Contract Tower,0,0,1,0,1,0,0,0,0,0,0,0,1,0,1,0,0,0,1
03/28/2016,HKS,MS,ASO,CE,Federal Contract Tower,0,4,24,2,30,0,3,13,0,16,0,7,37,2,46,70,0,70,116
03/29/2016,HKS,MS,ASO,CE,Federal Contract Tower,0,4,19,5,28,0,6,23,9,38,0,10,42,14,66,46,48,94,160
03/30/2016,HKS,MS,ASO,CE,Federal Contract Tower,0,2,13,8,23,0,3,8,4,15,0,5,21,12,38,2,52,54,92
03/31/2016,HKS,MS,ASO,CE,Federal Contract Tower,0,2,15,0,17,0,4,1,2,7,0,6,16,2,24,4,24,28,52
04/01/2016,HKS,MS,ASO,CE,Federal Contract Tower,0,2,16,5,23,0,0,5,4,9,0,2,21,9,32,10,42,52,84
04/02/2016,HKS,MS,ASO,CE,Federal Contract Tower,0,0,15,5,20,0,0,26,8,34,0,0,41,13,54,84,0,84,138
04/03/2016,HKS,MS,ASO,CE,Federal Contract Tower,0,1,28,5,34,0,11,37,1,49,0,12,65,6,83,72,6,78,161
04/04/2016,HKS,MS,ASO,CE,Federal Contract Tower,0,2,22,0,24,0,0,12,10,22,0,2,34,10,46,44,2,46,92
04/05/2016,HKS,MS,ASO,CE,Federal Contract Tower,0,3,23,4,30,0,7,22,23,52,0,10,45,27,82,34,56,90,172
04/06/2016,HKS,MS,ASO,CE,Federal Contract Tower,0,2,17,5,24,0,4,6,9,19,0,6,23,14,43,42,38,80,123
04/07/2016,HKS,MS,ASO,CE,Federal Contract Tower,0,3,19,6,28,0,4,15,12,31,0,7,34,18,59,4,20,24,83
04/08/2016,HKS,MS,ASO,CE,Federal Contract Tower,0,9,23,3,35,0,3,24,7,34,0,12,47,10,69,64,0,64,133
04/09/2016,HKS,MS,ASO,CE,Federal Contract Tower,0,0,19,0,19,0,6,27,0,33,0,6,46,0,52,130,0,130,182
04/10/2016,HKS,MS,ASO,CE,Federal Contract Tower,0,1,6,0,7,0,6,17,0,23,0,7,23,0,30,48,0,48,78
04/11/2016,HKS,MS,ASO,CE,Federal Contract Tower,0,3,6,0,9,0,1,0,0,1,0,4,6,0,10,0,0,0,10
04/12/2016,HKS,MS,ASO,CE,Federal Contract Tower,0,2,28,5,35,0,2,15,5,22,0,4,43,10,57,18,44,62,119
04/13/2016,HKS,MS,ASO,CE,Federal Contract Tower,0,4,14,4,22,0,0,15,2,17,0,4,29,6,39,12,0,12,51
04/14/2016,HKS,MS,ASO,CE,Federal Contract Tower,0,2,19,2,23,0,0,0,0,0,0,2,19,2,23,0,0,0,23
04/15/2016,HKS,MS,ASO,CE,Federal Contract Tower,0,3,11,0,14,0,0,0,0,0,0,3,11,0,14,0,0,0,14
04/16/2016,HKS,MS,ASO,CE,Federal Contract Tower,0,0,15,0,15,0,6,4,4,14,0,6,19,4,29,14,64,78,107
04/17/2016,HKS,MS,ASO,CE,Federal Contract Tower,0,0,14,0,14,0,2,15,0,17,0,2,29,0,31,30,0,30,61
04/18/2016,HKS,MS,ASO,CE,Federal Contract Tower,0,2,10,2,14,0,0,6,2,8,0,2,16,4,22,14,10,24,46
04/19/2016,HKS,MS,ASO,CE,Federal Contract Tower,0,5,20,4,29,0,0,2,3,5,0,5,22,7,34,12,8,20,54
04/20/2016,HKS,MS,ASO,CE,Federal Contract Tower,0,2,27,2,31,0,0,10,3,13,0,2,37,5,44,16,20,36,80
04/21/2016,HKS,MS,ASO,CE,Federal Contract Tower,0,5,10,6,21,0,1,16,1,18,0,6,26,7,39,50,18,68,107
04/22/2016,HKS,MS,ASO,CE,Federal Contract Tower,0,5,8,0,13,0,8,19,3,30,0,13,27,3,43,22,8,30,73
04/23/2016,HKS,MS,ASO,CE,Federal Contract Tower,0,2,6,0,8,0,3,19,2,24,0,5,25,2,32,58,16,74,106
04/24/2016,HKS,MS,ASO,CE,Federal Contract Tower,0,2,11,0,13,0,1,36,0,37,0,3,47,0,50,54,0,54,104
04/25/2016,HKS,MS,ASO,CE,Federal Contract Tower,0,5,10,0,15,0,16,27,0,43,0,21,37,0,58,52,0,52,110
04/26/2016,HKS,MS,ASO,CE,Federal Contract Tower,0,2,26,5,33,0,0,14,39,53,0,2,40,44,86,46,38,84,170
04/27/2016,HKS,MS,ASO,CE,Federal Contract Tower,0,5,10,0,15,0,2,7,0,9,0,7,17,0,24,2,0,2,26
04/28/2016,HKS,MS,ASO,CE,Federal Contract Tower,0,4,14,3,21,0,9,14,11,34,0,13,28,14,55,16,18,34,89
04/29/2016,HKS,MS,ASO,CE,Federal Contract Tower,0,2,18,0,20,0,0,9,3,12,0,2,27,3,32,40,14,54,86
04/30/2016,HKS,MS,ASO,CE,Federal Contract Tower,0,0,2,0,2,0,6,0,0,6,0,6,2,0,8,12,0,12,20
05/01/2016,HKS,MS,ASO,CE,Federal Contract Tower,0,0,7,0,7,0,0,6,0,6,0,0,13,0,13,0,0,0,13
05/02/2016,HKS,MS,ASO,CE,Federal Contract Tower,0,3,20,0,23,0,0,4,2,6,0,3,24,2,29,0,0,0,29
05/03/2016,HKS,MS,ASO,CE,Federal Contract Tower,0,4,22,4,30,0,2,12,10,24,0,6,34,14,54,48,18,66,120
05/04/2016,HKS,MS,ASO,CE,Federal Contract Tower,0,3,21,0,24,0,4,23,0,27,0,7,44,0,51,50,0,50,101
05/05/2016,HKS,MS,ASO,CE,Federal Contract Tower,0,3,10,2,15,0,8,16,12,36,0,11,26,14,51,28,16,44,95
05/06/2016,HKS,MS,ASO,CE,Federal Contract Tower,0,4,21,0,25,0,3,12,6,21,0,7,33,6,46,80,8,88,134
05/07/2016,HKS,MS,ASO,CE,Federal Contract Tower,0,2,7,0,9,0,6,25,1,32,0,8,32,1,41,128,0,128,169
05/08/2016,HKS,MS,ASO,CE,Federal Contract Tower,0,1,17,0,18,0,9,21,0,30,0,10,38,0,48,50,0,50,98
05/09/2016,HKS,MS,ASO,CE,Federal Contract Tower,0,3,14,2,19,0,7,14,1,22,0,10,28,3,41,26,0,26,67
05/10/2016,HKS,MS,ASO,CE,Federal Contract Tower,0,7,8,5,20,0,5,7,6,18,0,12,15,11,38,10,12,22,60
05/11/2016,HKS,MS,ASO,CE,Federal Contract Tower,0,4,26,2,32,0,0,6,0,6,0,4,32,2,38,80,0,80,118
05/12/2016,HKS,MS,ASO,CE,Federal Contract Tower,0,3,22,4,29,0,0,15,10,25,0,3,37,14,54,26,12,38,92
05/13/2016,HKS,MS,ASO,CE,Federal Contract Tower,0,6,12,4,22,0,3,19,4,26,0,9,31,8,48,70,6,76,124
05/14/2016,HKS,MS,ASO,CE,Federal Contract Tower,0,0,4,0,4,0,0,19,9,28,0,0,23,9,32,34,0,34,66
05/15/2016,HKS,MS,ASO,CE,Federal Contract Tower,0,0,13,0,13,0,7,30,1,38,0,7,43,1,51,56,8,64,115
05/16/2016,HKS,MS,ASO,CE,Federal Contract Tower,0,4,15,2,21,0,5,16,0,21,0,9,31,2,42,70,0,70,112
05/17/2016,HKS,MS,ASO,CE,Federal Contract Tower,0,4,15,1,20,0,0,0,1,1,0,4,15,2,21,0,0,0,21
05/18/2016,HKS,MS,ASO,CE,Federal Contract Tower,0,2,18,0,20,0,4,7,1,12,0,6,25,1,32,2,0,2,34
05/19/2016,HKS,MS,ASO,CE,Federal Contract Tower,0,6,9,6,21,0,2,14,9,25,0,8,23,15,46,108,18,126,172
05/20/2016,HKS,MS,ASO,CE,Federal Contract Tower,0,3,17,0,20,0,6,17,10,33,0,9,34,10,53,30,10,40,93
05/21/2016,HKS,MS,ASO,CE,Federal Contract Tower,0,0,7,0,7,0,8,29,9,46,0,8,36,9,53,40,0,40,93
05/22/2016,HKS,MS,ASO,CE,Federal Contract Tower,0,0,16,0,16,0,2,35,3,40,0,2,51,3,56,20,0,20,76
05/23/2016,HKS,MS,ASO,CE,Federal Contract Tower,0,2,23,0,25,0,8,38,1,47,0,10,61,1,72,98,0,98,170
05/24/2016,HKS,MS,ASO,CE,Federal Contract Tower,0,2,23,4,29,0,0,29,6,35,0,2,52,10,64,100,14,114,178
05/25/2016,HKS,MS,ASO,CE,Federal Contract Tower,0,2,27,2,31,0,3,8,3,14,0,5,35,5,45,4,0,4,49
05/26/2016,HKS,MS,ASO,CE,Federal Contract Tower,0,2,13,8,23,0,9,25,5,39,0,11,38,13,62,90,10,100,162
05/27/2016,HKS,MS,ASO,CE,Federal Contract Tower,0,4,7,2,13,0,5,8,2,15,0,9,15,4,28,18,8,26,54
05/28/2016,HKS,MS,ASO,CE,Federal Contract Tower,0,0,9,0,9,0,8,20,0,28,0,8,29,0,37,78,0,78,115
05/29/2016,HKS,MS,ASO,CE,Federal Contract Tower,0,0,8,0,8,0,3,15,0,18,0,3,23,0,26,96,0,96,122
05/30/2016,HKS,MS,ASO,CE,Federal Contract Tower,0,1,5,0,6,0,5,17,0,22,0,6,22,0,28,42,0,42,70
05/31/2016,HKS,MS,ASO,CE,Federal Contract Tower,0,2,18,4,24,0,5,17,7,29,0,7,35,11,53,60,20,80,133
06/01/2016,HKS,MS,ASO,CE,Federal Contract Tower,0,2,16,0,18,0,6,13,3,22,0,8,29,3,40,0,4,4,44
06/02/2016,HKS,MS,ASO,CE,Federal Contract Tower,0,4,11,4,19,0,3,17,11,31,0,7,28,15,50,54,32,86,136
06/03/2016,HKS,MS,ASO,CE,Federal Contract Tower,0,2,12,3,17,0,4,9,6,19,0,6,21,9,36,22,16,38,74
06/04/2016,HKS,MS,ASO,CE,Federal Contract Tower,0,1,8,0,9,0,0,10,4,14,0,1,18,4,23,22,0,22,45
06/05/2016,HKS,MS,ASO,CE,Federal Contract Tower,0,0,9,0,9,0,2,4,0,6,0,2,13,0,15,74,0,74,89
06/06/2016,HKS,MS,ASO,CE,Federal Contract Tower,0,2,9,0,11,0,0,16,0,16,0,2,25,0,27,16,10,26,53
06/07/2016,HKS,MS,ASO,CE,Federal Contract Tower,0,2,9,2,13,0,0,19,9,28,0,2,28,11,41,42,8,50,91
06/08/2016,HKS,MS,ASO,CE,Federal Contract Tower,0,4,9,2,15,0,10,17,3,30,0,14,26,5,45,50,8,58,103
06/09/2016,HKS,MS,ASO,CE,Federal Contract Tower,0,2,16,1,19,0,6,26,3,35,0,8,42,4,54,80,12,92,146
06/10/2016,HKS,MS,ASO,CE,Federal Contract Tower,0,2,24,2,28,0,0,17,0,17,0,2,41,2,45,74,0,74,119
06/11/2016,HKS,MS,ASO,CE,Federal Contract Tower,0,0,9,0,9,0,9,4,2,15,0,9,13,2,24,8,0,8,32
06/12/2016,HKS,MS,ASO,CE,Federal Contract Tower,0,1,9,2,12,0,6,7,0,13,0,7,16,2,25,42,0,42,67
06/13/2016,HKS,MS,ASO,CE,Federal Contract Tower,0,2,11,0,13,0,6,4,8,18,0,8,15,8,31,40,0,40,71
06/14/2016,HKS,MS,ASO,CE,Federal Contract Tower,0,2,10,0,12,0,0,0,0,0,0,2,10,0,12,16,0,16,28
06/15/2016,HKS,MS,ASO,CE,Federal Contract Tower,0,4,24,3,31,0,4,7,6,17,0,8,31,9,48,6,0,6,54
06/16/2016,HKS,MS,ASO,CE,Federal Contract Tower,0,6,19,5,30,0,10,15,7,32,0,16,34,12,62,38,8,46,108
06/17/2016,HKS,MS,ASO,CE,Federal Contract Tower,0,2,15,2,19,0,3,18,4,25,0,5,33,6,44,30,0,30,74
06/18/2016,HKS,MS,ASO,CE,Federal Contract Tower,0,0,10,1,11,0,4,24,0,28,0,4,34,1,39,38,0,38,77
06/19/2016,HKS,MS,ASO,CE,Federal Contract Tower,0,0,9,1,10,0,3,4,0,7,0,3,13,1,17,18,0,18,35
06/20/2016,HKS,MS,ASO,CE,Federal Contract Tower,0,2,15,0,17,0,0,17,0,17,0,2,32,0,34,58,0,58,92
06/21/2016,HKS,MS,ASO,CE,Federal Contract Tower,0,4,6,7,17,0,3,22,7,32,0,7,28,14,49,22,24,46,95
06/22/2016,HKS,MS,ASO,CE,Federal Contract Tower,0,4,28,2,34,0,0,8,0,8,0,4,36,2,42,20,0,20,62
06/23/2016,HKS,MS,ASO,CE,Federal Contract Tower,0,4,25,5,34,0,5,16,12,33,0,9,41,17,67,6,24,30,97
06/24/2016,HKS,MS,ASO,CE,Federal Contract Tower,0,4,15,2,21,0,5,22,3,30,0,9,37,5,51,36,48,84,135
06/25/2016,HKS,MS,ASO,CE,Federal Contract Tower,0,0,12,0,12,0,2,21,0,23,0,2,33,0,35,42,0,42,77
06/26/2016,HKS,MS,ASO,CE,Federal Contract Tower,0,0,12,0,12,0,2,18,0,20,0,2,30,0,32,10,0,10,42
06/27/2016,HKS,MS,ASO,CE,Federal Contract Tower,0,2,13,1,16,0,2,8,3,13,0,4,21,4,29,20,46,66,95
06/28/2016,HKS,MS,ASO,CE,Federal Contract Tower,0,5,20,4,29,0,4,5,12,21,0,9,25,16,50,4,32,36,86
06/29/2016,HKS,MS,ASO,CE,Federal Contract Tower,0,2,12,3,17,0,0,5,3,8,0,2,17,6,25,34,4,38,63
06/30/2016,HKS,MS,ASO,CE,Federal Contract Tower,0,2,22,3,27,0,6,15,8,29,0,8,37,11,56,60,2,62,118
07/01/2016,HKS,MS,ASO,CE,Federal Contract Tower,0,2,21,0,23,0,3,18,0,21,0,5,39,0,44,26,0,26,70
07/02/2016,HKS,MS,ASO,CE,Federal Contract Tower,0,0,6,0,6,0,4,11,0,15,0,4,17,0,21,14,0,14,35
07/03/2016,HKS,MS,ASO,CE,Federal Contract Tower,0,0,9,0,9,0,2,13,0,15,0,2,22,0,24,10,0,10,34
07/04/2016,HKS,MS,ASO,CE,Federal Contract Tower,0,0,4,0,4,0,0,9,0,9,0,0,13,0,13,2,0,2,15
07/05/2016,HKS,MS,ASO,CE,Federal Contract Tower,0,2,19,4,25,0,0,13,11,24,0,2,32,15,49,18,16,34,83
07/06/2016,HKS,MS,ASO,CE,Federal Contract Tower,0,3,21,2,26,0,4,12,2,18,0,7,33,4,44,10,12,22,66
07/07/2016,HKS,MS,ASO,CE,Federal Contract Tower,0,4,34,8,46,1,13,2,0,16,1,17,36,8,62,38,6,44,106
07/08/2016,HKS,MS,ASO,CE,Federal Contract Tower,0,2,14,1,17,0,4,14,8,26,0,6,28,9,43,36,52,88,131
07/09/2016,HKS,MS,ASO,CE,Federal Contract Tower,0,2,12,2,16,0,0,25,5,30,0,2,37,7,46,32,12,44,90
07/10/2016,HKS,MS,ASO,CE,Federal Contract Tower,0,0,5,1,6,0,0,7,6,13,0,0,12,7,19,26,30,56,75
07/11/2016,HKS,MS,ASO,CE,Federal Contract Tower,0,7,18,4,29,0,2,9,3,14,0,9,27,7,43,34,8,42,85
07/12/2016,HKS,MS,ASO,CE,Federal Contract Tower,0,2,10,2,14,0,5,14,14,33,0,7,24,16,47,4,40,44,91
07/13/2016,HKS,MS,ASO,CE,Federal Contract Tower,0,2,13,1,16,0,2,16,4,22,0,4,29,5,38,58,10,68,106
07/14/2016,HKS,MS,ASO,CE,Federal Contract Tower,0,11,13,6,30,0,2,21,5,28,0,13,34,11,58,20,12,32,90
07/15/2016,HKS,MS,ASO,CE,Federal Contract Tower,0,9,13,14,36,0,6,15,2,23,0,15,28,16,59,66,12,78,137
07/16/2016,HKS,MS,ASO,CE,Federal Contract Tower,0,0,9,0,9,0,9,4,0,13,0,9,13,0,22,28,0,28,50
07/17/2016,HKS,MS,ASO,CE,Federal Contract Tower,0,0,15,0,15,0,6,22,1,29,0,6,37,1,44,34,0,34,78
07/18/2016,HKS,MS,ASO,CE,Federal Contract Tower,0,4,24,0,28,0,4,15,0,19,0,8,39,0,47,92,0,92,139
07/19/2016,HKS,MS,ASO,CE,Federal Contract Tower,0,2,12,2,16,0,2,21,15,38,0,4,33,17,54,26,48,74,128
07/20/2016,HKS,MS,ASO,CE,Federal Contract Tower,0,2,8,0,10,0,2,17,2,21,0,4,25,2,31,0,0,0,31
07/21/2016,HKS,MS,ASO,CE,Federal Contract Tower,0,4,27,11,42,0,2,22,1,25,0,6,49,12,67,12,4,16,83
07/22/2016,HKS,MS,ASO,CE,Federal Contract Tower,0,4,14,3,21,0,0,11,8,19,0,4,25,11,40,16,22,38,78
07/23/2016,HKS,MS,ASO,CE,Federal Contract Tower,0,0,17,0,17,0,2,16,0,18,0,2,33,0,35,60,0,60,95
07/24/2016,HKS,MS,ASO,CE,Federal Contract Tower,0,0,15,0,15,0,0,4,0,4,0,0,19,0,19,0,0,0,19
07/25/2016,HKS,MS,ASO,CE,Federal Contract Tower,0,2,13,3,18,0,0,9,7,16,0,2,22,10,34,28,14,42,76
07/26/2016,HKS,MS,ASO,CE,Federal Contract Tower,0,2,12,4,18,0,0,14,22,36,0,2,26,26,54,10,20,30,84
07/27/2016,HKS,MS,ASO,CE,Federal Contract Tower,0,2,11,0,13,0,0,2,0,2,0,2,13,0,15,0,0,0,15
07/28/2016,HKS,MS,ASO,CE,Federal Contract Tower,0,4,13,2,19,0,0,1,2,3,0,4,14,4,22,4,0,4,26
07/29/2016,HKS,MS,ASO,CE,Federal Contract Tower,0,3,15,4,22,0,7,19,6,32,0,10,34,10,54,48,8,56,110
07/30/2016,HKS,MS,ASO,CE,Federal Contract Tower,0,0,5,0,5,0,4,11,0,15,0,4,16,0,20,2,0,2,22
07/31/2016,HKS,MS,ASO,CE,Federal Contract Tower,0,0,13,0,13,0,1,10,0,11,0,1,23,0,24,22,0,22,46
08/01/2016,HKS,MS,ASO,CE,Federal Contract Tower,0,3,6,0,9,0,2,8,0,10,0,5,14,0,19,4,0,4,23
08/02/2016,HKS,MS,ASO,CE,Federal Contract Tower,0,2,19,1,22,0,0,10,5,15,0,2,29,6,37,64,28,92,129
08/03/2016,HKS,MS,ASO,CE,Federal Contract Tower,0,1,16,2,19,0,4,8,2,14,0,5,24,4,33,32,0,32,65
08/04/2016,HKS,MS,ASO,CE,Federal Contract Tower,0,2,21,3,26,0,0,10,4,14,0,2,31,7,40,34,0,34,74
08/05/2016,HKS,MS,ASO,CE,Federal Contract Tower,0,4,12,1,17,0,6,10,10,26,0,10,22,11,43,36,8,44,87
08/06/2016,HKS,MS,ASO,CE,Federal Contract Tower,0,0,8,0,8,0,0,12,4,16,0,0,20,4,24,14,0,14,38
08/07/2016,HKS,MS,ASO,CE,Federal Contract Tower,0,0,8,0,8,0,0,2,0,2,0,0,10,0,10,0,0,0,10
08/08/2016,HKS,MS,ASO,CE,Federal Contract Tower,0,2,19,8,29,0,0,3,5,8,0,2,22,13,37,4,8,12,49
08/09/2016,HKS,MS,ASO,CE,Federal Contract Tower,0,3,13,6,22,0,1,21,9,31,0,4,34,15,53,42,8,50,103
08/10/2016,HKS,MS,ASO,CE,Federal Contract Tower,0,4,16,0,20,0,0,2,0,2,0,4,18,0,22,6,0,6,28
08/11/2016,HKS,MS,ASO,CE,Federal Contract Tower,0,3,19,1,23,0,0,4,4,8,0,3,23,5,31,28,0,28,59
08/12/2016,HKS,MS,ASO,CE,Federal Contract Tower,0,2,13,0,15,0,0,2,2,4,0,2,15,2,19,0,4,4,23
08/13/2016,HKS,MS,ASO,CE,Federal Contract Tower,0,1,7,5,13,0,0,1,9,10,0,1,8,14,23,0,28,28,51
08/14/2016,HKS,MS,ASO,CE,Federal Contract Tower,0,0,5,1,6,0,0,2,3,5,0,0,7,4,11,2,16,18,29
08/15/2016,HKS,MS,ASO,CE,Federal Contract Tower,0,4,16,0,20,0,0,4,0,4,0,4,20,0,24,16,0,16,40
08/16/2016,HKS,MS,ASO,CE,Federal Contract Tower,0,6,18,4,28,0,0,10,7,17,0,6,28,11,45,26,4,30,75
08/17/2016,HKS,MS,ASO,CE,Federal Contract Tower,0,2,12,2,16,0,0,4,4,8,0,2,16,6,24,22,8,30,54
08/18/2016,HKS,MS,ASO,CE,Federal Contract Tower,0,3,13,1,17,0,0,10,2,12,0,3,23,3,29,36,24,60,89
08/19/2016,HKS,MS,ASO,CE,Federal Contract Tower,0,3,16,1,20,0,1,9,1,11,0,4,25,2,31,52,20,72,103
08/20/2016,HKS,MS,ASO,CE,Federal Contract Tower,0,2,8,0,10,0,2,20,0,22,0,4,28,0,32,44,0,44,76
08/21/2016,HKS,MS,ASO,CE,Federal Contract Tower,0,1,9,0,10,0,0,10,0,10,0,1,19,0,20,32,0,32,52
08/22/2016,HKS,MS,ASO,CE,Federal Contract Tower,0,2,20,8,30,0,2,3,3,8,0,4,23,11,38,46,12,58,96
08/23/2016,HKS,MS,ASO,CE,Federal Contract Tower,0,2,20,2,24,0,0,17,14,31,0,2,37,16,55,76,30,106,161
08/24/2016,HKS,MS,ASO,CE,Federal Contract Tower,0,3,14,0,17,0,6,9,0,15,0,9,23,0,32,72,0,72,104
08/25/2016,HKS,MS,ASO,CE,Federal Contract Tower,0,2,20,5,27,0,2,20,9,31,0,4,40,14,58,94,46,140,198
08/26/2016,HKS,MS,ASO,CE,Federal Contract Tower,0,4,13,2,19,0,6,17,7,30,0,10,30,9,49,32,18,50,99
08/27/2016,HKS,MS,ASO,CE,Federal Contract Tower,0,4,9,0,13,0,0,22,0,22,0,4,31,0,35,50,0,50,85
08/28/2016,HKS,MS,ASO,CE,Federal Contract Tower,0,0,6,0,6,0,11,21,0,32,0,11,27,0,38,68,0,68,106
08/29/2016,HKS,MS,ASO,CE,Federal Contract Tower,0,3,11,0,14,0,2,15,1,18,0,5,26,1,32,26,0,26,58
08/30/2016,HKS,MS,ASO,CE,Federal Contract Tower,0,2,30,0,32,0,5,22,11,38,0,7,52,11,70,24,12,36,106
08/31/2016,HKS,MS,ASO,CE,Federal Contract Tower,0,3,17,1,21,0,3,21,3,27,0,6,38,4,48,34,14,48,96
09/01/2016,HKS,MS,ASO,CE,Federal Contract Tower,0,4,12,0,16,0,5,13,8,26,0,9,25,8,42,24,14,38,80
09/02/2016,HKS,MS,ASO,CE,Federal Contract Tower,0,3,10,2,15,0,1,6,6,13,0,4,16,8,28,16,0,16,44
09/03/2016,HKS,MS,ASO,CE,Federal Contract Tower,0,0,11,0,11,0,2,21,0,23,0,2,32,0,34,36,0,36,70
09/04/2016,HKS,MS,ASO,CE,Federal Contract Tower,0,0,6,0,6,0,4,8,0,12,0,4,14,0,18,32,0,32,50
09/05/2016,HKS,MS,ASO,CE,Federal Contract Tower,0,0,13,0,13,0,0,7,2,9,0,0,20,2,22,20,0,20,42
09/06/2016,HKS,MS,ASO,CE,Federal Contract Tower,0,2,15,2,19,0,7,1,7,15,0,9,16,9,34,22,8,30,64
09/07/2016,HKS,MS,ASO,CE,Federal Contract Tower,0,7,11,0,18,0,2,8,9,19,0,9,19,9,37,48,20,68,105
09/08/2016,HKS,MS,ASO,CE,Federal Contract Tower,0,7,23,4,34,0,3,19,19,41,0,10,42,23,75,14,30,44,119
09/09/2016,HKS,MS,ASO,CE,Federal Contract Tower,0,4,20,3,27,0,4,19,17,40,0,8,39,20,67,44,6,50,117
09/10/2016,HKS,MS,ASO,CE,Federal Contract Tower,0,0,17,0,17,0,0,12,18,30,0,0,29,18,47,46,46,92,139
09/11/2016,HKS,MS,ASO,CE,Federal Contract Tower,0,0,19,0,19,0,0,13,2,15,0,0,32,2,34,4,0,4,38
09/12/2016,HKS,MS,ASO,CE,Federal Contract Tower,0,4,9,0,13,0,4,5,0,9,0,8,14,0,22,4,0,4,26
09/13/2016,HKS,MS,ASO,CE,Federal Contract Tower,0,2,20,0,22,0,2,2,2,6,0,4,22,2,28,48,0,48,76
09/14/2016,HKS,MS,ASO,CE,Federal Contract Tower,0,7,19,0,26,0,0,13,2,15,0,7,32,2,41,74,0,74,115
09/15/2016,HKS,MS,ASO,CE,Federal Contract Tower,0,3,16,2,21,0,2,13,3,18,0,5,29,5,39,26,24,50,89
09/16/2016,HKS,MS,ASO,CE,Federal Contract Tower,0,4,20,2,26,0,0,8,7,15,0,4,28,9,41,12,20,32,73
09/17/2016,HKS,MS,ASO,CE,Federal Contract Tower,0,0,14,0,14,0,0,5,4,9,0,0,19,4,23,10,0,10,33
09/18/2016,HKS,MS,ASO,CE,Federal Contract Tower,0,0,13,0,13,0,0,4,0,4,0,0,17,0,17,10,0,10,27
09/19/2016,HKS,MS,ASO,CE,Federal Contract Tower,0,4,21,0,25,0,0,17,1,18,0,4,38,1,43,32,0,32,75
09/20/2016,HKS,MS,ASO,CE,Federal Contract Tower,0,2,11,2,15,0,0,4,9,13,0,2,15,11,28,34,32,66,94
09/21/2016,HKS,MS,ASO,CE,Federal Contract Tower,0,3,12,1,16,0,5,13,2,20,0,8,25,3,36,10,0,10,46
09/22/2016,HKS,MS,ASO,CE,Federal Contract Tower,0,2,26,1,29,0,3,22,10,35,0,5,48,11,64,72,0,72,136
09/23/2016,HKS,MS,ASO,CE,Federal Contract Tower,0,4,23,1,28,0,4,21,5,30,0,8,44,6,58,6,6,12,70
09/24/2016,HKS,MS,ASO,CE,Federal Contract Tower,0,0,13,0,13,0,7,10,0,17,0,7,23,0,30,74,0,74,104
09/25/2016,HKS,MS,ASO,CE,Federal Contract Tower,0,0,7,0,7,0,6,13,0,19,0,6,20,0,26,24,0,24,50
09/26/2016,HKS,MS,ASO,CE,Federal Contract Tower,0,4,10,0,14,0,2,20,0,22,0,6,30,0,36,36,0,36,72
09/27/2016,HKS,MS,ASO,CE,Federal Contract Tower,0,2,8,0,10,0,4,27,1,32,0,6,35,1,42,48,0,48,90
09/28/2016,HKS,MS,ASO,CE,Federal Contract Tower,0,7,18,2,27,0,4,4,9,17,0,11,22,11,44,48,6,54,98
09/29/2016,HKS,MS,ASO,CE,Federal Contract Tower,0,3,16,6,25,0,1,20,1,22,0,4,36,7,47,42,0,42,89
09/30/2016,HKS,MS,ASO,CE,Federal Contract Tower,0,2,17,0,19,0,1,14,0,15,0,3,31,0,34,54,0,54,88
10/01/2016,HKS,MS,ASO,CE,Federal Contract Tower,0,1,7,0,8,0,4,10,0,14,0,5,17,0,22,90,0,90,112
10/02/2016,HKS,MS,ASO,CE,Federal Contract Tower,0,2,7,0,9,0,0,31,0,31,0,2,38,0,40,38,0,38,78
10/03/2016,HKS,MS,ASO,CE,Federal Contract Tower,0,2,21,0,23,0,2,20,2,24,0,4,41,2,47,44,0,44,91
10/04/2016,HKS,MS,ASO,CE,Federal Contract Tower,0,4,17,0,21,0,0,16,2,18,0,4,33,2,39,28,12,40,79
10/05/2016,HKS,MS,ASO,CE,Federal Contract Tower,0,3,26,0,29,0,0,16,4,20,0,3,42,4,49,52,0,52,101
10/06/2016,HKS,MS,ASO,CE,Federal Contract Tower,0,7,21,1,29,0,6,17,6,29,0,13,38,7,58,8,20,28,86
10/07/2016,HKS,MS,ASO,CE,Federal Contract Tower,0,8,13,0,21,0,5,20,1,26,0,13,33,1,47,26,0,26,73
10/08/2016,HKS,MS,ASO,CE,Federal Contract Tower,0,0,9,0,9,0,0,19,0,19,0,0,28,0,28,10,0,10,38
10/09/2016,HKS,MS,ASO,CE,Federal Contract Tower,0,0,11,0,11,0,2,7,1,10,0,2,18,1,21,0,0,0,21
10/10/2016,HKS,MS,ASO,CE,Federal Contract Tower,0,2,9,0,11,0,2,15,0,17,0,4,24,0,28,6,0,6,34
10/11/2016,HKS,MS,ASO,CE,Federal Contract Tower,0,3,20,5,28,0,4,13,12,29,0,7,33,17,57,38,26,64,121
10/12/2016,HKS,MS,ASO,CE,Federal Contract Tower,0,4,23,0,27,0,11,20,3,34,0,15,43,3,61,26,0,26,87
10/13/2016,HKS,MS,ASO,CE,Federal Contract Tower,0,4,28,4,36,0,0,14,8,22,0,4,42,12,58,14,6,20,78
10/14/2016,HKS,MS,ASO,CE,Federal Contract Tower,0,4,15,2,21,0,3,10,5,18,0,7,25,7,39,38,30,68,107
10/15/2016,HKS,MS,ASO,CE,Federal Contract Tower,0,0,10,4,14,0,2,28,13,43,0,2,38,17,57,66,6,72,129
10/16/2016,HKS,MS,ASO,CE,Federal Contract Tower,0,2,10,0,12,0,4,23,2,29,0,6,33,2,41,24,4,28,69
10/17/2016,HKS,MS,ASO,CE,Federal Contract Tower,0,4,12,0,16,0,0,1,3,4,0,4,13,3,20,2,0,2,22
10/18/2016,HKS,MS,ASO,CE,Federal Contract Tower,0,2,13,6,21,0,6,14,10,30,0,8,27,16,51,34,2,36,87
10/19/2016,HKS,MS,ASO,CE,Federal Contract Tower,0,2,16,0,18,0,1,19,2,22,0,3,35,2,40,0,0,0,40
10/20/2016,HKS,MS,ASO,CE,Federal Contract Tower,0,4,18,0,22,0,1,5,5,11,0,5,23,5,33,0,44,44,77
10/21/2016,HKS,MS,ASO,CE,Federal Contract Tower,0,2,18,0,20,0,4,14,2,20,0,6,32,2,40,12,0,12,52
10/22/2016,HKS,MS,ASO,CE,Federal Contract Tower,0,0,7,0,7,0,8,22,4,34,0,8,29,4,41,66,4,70,111
10/23/2016,HKS,MS,ASO,CE,Federal Contract Tower,0,0,16,0,16,0,2,16,3,21,0,2,32,3,37,34,0,34,71
10/24/2016,HKS,MS,ASO,CE,Federal Contract Tower,0,2,20,0,22,0,2,18,2,22,0,4,38,2,44,26,0,26,70
10/25/2016,HKS,MS,ASO,CE,Federal Contract Tower,0,3,20,5,28,0,4,28,10,42,0,7,48,15,70,52,26,78,148
10/26/2016,HKS,MS,ASO,CE,Federal Contract Tower,0,2,27,0,29,0,6,22,3,31,0,8,49,3,60,8,0,8,68
10/27/2016,HKS,MS,ASO,CE,Federal Contract Tower,0,4,20,3,27,0,3,10,9,22,0,7,30,12,49,0,6,6,55
10/28/2016,HKS,MS,ASO,CE,Federal Contract Tower,0,5,15,0,20,0,8,20,6,34,0,13,35,6,54,42,4,46,100
10/29/2016,HKS,MS,ASO,CE,Federal Contract Tower,0,4,6,0,10,0,1,25,5,31,0,5,31,5,41,40,10,50,91
10/30/2016,HKS,MS,ASO,CE,Federal Contract Tower,0,0,14,0,14,0,2,22,2,26,0,2,36,2,40,26,10,36,76
10/31/2016,HKS,MS,ASO,CE,Federal Contract Tower,0,3,9,0,12,0,2,6,2,10,0,5,15,2,22,8,0,8,30
11/01/2016,HKS,MS,ASO,CE,Federal Contract Tower,0,11,17,3,31,0,9,22,11,42,0,20,39,14,73,4,30,34,107
11/02/2016,HKS,MS,ASO,CE,Federal Contract Tower,0,5,28,5,38,0,13,10,1,24,0,18,38,6,62,18,14,32,94
11/03/2016,HKS,MS,ASO,CE,Federal Contract Tower,0,5,26,5,36,0,1,11,8,20,0,6,37,13,56,28,34,62,118
11/04/2016,HKS,MS,ASO,CE,Federal Contract Tower,0,3,26,0,29,0,7,19,11,37,0,10,45,11,66,4,34,38,104
11/05/2016,HKS,MS,ASO,CE,Federal Contract Tower,0,0,8,0,8,0,8,28,4,40,0,8,36,4,48,4,4,8,56
11/06/2016,HKS,MS,ASO,CE,Federal Contract Tower,0,0,19,1,20,0,1,19,3,23,0,1,38,4,43,24,0,24,67
11/07/2016,HKS,MS,ASO,CE,Federal Contract Tower,0,7,9,0,16,0,4,3,2,9,0,11,12,2,25,14,0,14,39
11/08/2016,HKS,MS,ASO,CE,Federal Contract Tower,0,4,18,7,29,0,0,3,7,10,0,4,21,14,39,6,18,24,63
11/09/2016,HKS,MS,ASO,CE,Federal Contract Tower,0,2,17,2,21,0,2,13,10,25,0,4,30,12,46,16,0,16,62
11/10/2016,HKS,MS,ASO,CE,Federal Contract Tower,0,4,15,1,20,0,5,22,3,30,0,9,37,4,50,22,0,22,72
11/11/2016,HKS,MS,ASO,CE,Federal Contract Tower,0,2,14,0,16,0,5,9,0,14,0,7,23,0,30,22,0,22,52
11/12/2016,HKS,MS,ASO,CE,Federal Contract Tower,0,2,10,0,12,0,4,17,0,21,0,6,27,0,33,10,0,10,43
11/13/2016,HKS,MS,ASO,CE,Federal Contract Tower,0,1,18,0,19,0,2,5,0,7,0,3,23,0,26,22,0,22,48
11/14/2016,HKS,MS,ASO,CE,Federal Contract Tower,0,4,13,2,19,0,1,9,2,12,0,5,22,4,31,76,18,94,125
11/15/2016,HKS,MS,ASO,CE,Federal Contract Tower,0,11,13,2,26,0,5,14,15,34,0,16,27,17,60,22,34,56,116
11/16/2016,HKS,MS,ASO,CE,Federal Contract Tower,0,4,14,0,18,0,6,9,2,17,0,10,23,2,35,20,0,20,55
11/17/2016,HKS,MS,ASO,CE,Federal Contract Tower,0,2,15,5,22,0,0,16,13,29,0,2,31,18,51,40,46,86,137
11/18/2016,HKS,MS,ASO,CE,Federal Contract Tower,0,2,25,4,31,0,0,19,1,20,0,2,44,5,51,20,0,20,71
11/19/2016,HKS,MS,ASO,CE,Federal Contract Tower,0,0,5,0,5,0,8,9,0,17,0,8,14,0,22,6,0,6,28
11/20/2016,HKS,MS,ASO,CE,Federal Contract Tower,0,2,6,0,8,0,7,26,0,33,0,9,32,0,41,48,0,48,89
11/21/2016,HKS,MS,ASO,CE,Federal Contract Tower,0,4,11,0,15,0,2,11,0,13,0,6,22,0,28,30,0,30,58
11/22/2016,HKS,MS,ASO,CE,Federal Contract Tower,0,3,23,3,29,0,2,15,1,18,0,5,38,4,47,38,0,38,85
11/23/2016,HKS,MS,ASO,CE,Federal Contract Tower,0,6,13,0,19,0,5,6,0,11,0,11,19,0,30,2,0,2,32
11/24/2016,HKS,MS,ASO,CE,Federal Contract Tower,0,0,3,0,3,0,2,8,0,10,0,2,11,0,13,8,0,8,21
11/25/2016,HKS,MS,ASO,CE,Federal Contract Tower,0,2,5,0,7,0,0,11,0,11,0,2,16,0,18,34,0,34,52
11/26/2016,HKS,MS,ASO,CE,Federal Contract Tower,0,0,7,0,7,0,0,13,0,13,0,0,20,0,20,26,0,26,46
11/27/2016,HKS,MS,ASO,CE,Federal Contract Tower,0,0,18,0,18,0,3,15,0,18,0,3,33,0,36,26,0,26,62
11/28/2016,HKS,MS,ASO,CE,Federal Contract Tower,0,2,5,2,9,0,0,2,1,3,0,2,7,3,12,0,10,10,22
11/29/2016,HKS,MS,ASO,CE,Federal Contract Tower,0,3,17,0,20,0,0,11,0,11,0,3,28,0,31,2,18,20,51
11/30/2016,HKS,MS,ASO,CE,Federal Contract Tower,0,4,9,1,14,0,0,8,13,21,0,4,17,14,35,24,26,50,85
12/01/2016,HKS,MS,ASO,CE,Federal Contract Tower,0,3,11,5,19,0,4,17,6,27,0,7,28,11,46,12,28,40,86
12/02/2016,HKS,MS,ASO,CE,Federal Contract Tower,0,1,13,1,15,0,4,9,4,17,0,5,22,5,32,36,14,50,82
12/03/2016,HKS,MS,ASO,CE,Federal Contract Tower,0,0,11,0,11,0,0,3,6,9,0,0,14,6,20,4,68,72,92
12/04/2016,HKS,MS,ASO,CE,Federal Contract Tower,0,4,7,0,11,0,0,0,0,0,0,4,7,0,11,0,0,0,11
12/05/2016,HKS,MS,ASO,CE,Federal Contract Tower,0,2,6,0,8,0,0,0,0,0,0,2,6,0,8,0,0,0,8
12/06/2016,HKS,MS,ASO,CE,Federal Contract Tower,0,7,23,6,36,0,0,1,10,11,0,7,24,16,47,6,122,128,175
12/07/2016,HKS,MS,ASO,CE,Federal Contract Tower,0,2,20,1,23,0,0,2,0,2,0,2,22,1,25,2,0,2,27
12/08/2016,HKS,MS,ASO,CE,Federal Contract Tower,0,4,18,9,31,0,2,2,13,17,0,6,20,22,48,2,46,48,96
12/09/2016,HKS,MS,ASO,CE,Federal Contract Tower,0,9,11,3,23,0,2,8,9,19,0,11,19,12,42,0,2,2,44
12/10/2016,HKS,MS,ASO,CE,Federal Contract Tower,0,0,11,0,11,0,2,19,0,21,0,2,30,0,32,96,0,96,128
12/11/2016,HKS,MS,ASO,CE,Federal Contract Tower,0,2,8,0,10,0,2,9,0,11,0,4,17,0,21,10,0,10,31
12/12/2016,HKS,MS,ASO,CE,Federal Contract Tower,0,4,11,0,15,0,0,0,0,0,0,4,11,0,15,0,0,0,15
12/13/2016,HKS,MS,ASO,CE,Federal Contract Tower,0,7,15,2,24,0,0,0,0,0,0,7,15,2,24,0,0,0,24
12/14/2016,HKS,MS,ASO,CE,Federal Contract Tower,0,6,18,9,33,0,0,0,4,4,0,6,18,13,37,0,66,66,103
12/15/2016,HKS,MS,ASO,CE,Federal Contract Tower,0,8,10,3,21,0,0,18,11,29,0,8,28,14,50,0,42,42,92
12/16/2016,HKS,MS,ASO,CE,Federal Contract Tower,0,3,30,1,34,0,2,25,4,31,0,5,55,5,65,14,8,22,87
12/17/2016,HKS,MS,ASO,CE,Federal Contract Tower,0,0,2,0,2,0,2,3,0,5,0,2,5,0,7,0,0,0,7
12/18/2016,HKS,MS,ASO,CE,Federal Contract Tower,0,3,5,0,8,0,1,4,0,5,0,4,9,0,13,0,0,0,13
12/19/2016,HKS,MS,ASO,CE,Federal Contract Tower,0,4,7,0,11,0,3,9,0,12,0,7,16,0,23,22,0,22,45
12/20/2016,HKS,MS,ASO,CE,Federal Contract Tower,0,1,13,3,17,0,3,25,13,41,0,4,38,16,58,48,22,70,128
12/21/2016,HKS,MS,ASO,CE,Federal Contract Tower,0,5,16,0,21,0,0,12,0,12,0,5,28,0,33,40,0,40,73
12/22/2016,HKS,MS,ASO,CE,Federal Contract Tower,0,2,13,0,15,0,1,9,0,10,0,3,22,0,25,40,0,40,65
12/23/2016,HKS,MS,ASO,CE,Federal Contract Tower,0,4,19,0,23,0,0,8,0,8,0,4,27,0,31,24,0,24,55
12/24/2016,HKS,MS,ASO,CE,Federal Contract Tower,0,0,10,0,10,0,2,10,0,12,0,2,20,0,22,6,0,6,28
12/25/2016,HKS,MS,ASO,CE,Federal Contract Tower,0,0,0,0,0,0,2,2,0,4,0,2,2,0,4,0,0,0,4
12/26/2016,HKS,MS,ASO,CE,Federal Contract Tower,0,0,3,0,3,0,0,11,0,11,0,0,14,0,14,0,0,0,14
12/27/2016,HKS,MS,ASO,CE,Federal Contract Tower,0,2,11,0,13,0,2,7,0,9,0,4,18,0,22,30,0,30,52
12/28/2016,HKS,MS,ASO,CE,Federal Contract Tower,0,2,11,0,13,0,1,0,0,1,0,3,11,0,14,10,0,10,24
12/29/2016,HKS,MS,ASO,CE,Federal Contract Tower,0,4,12,0,16,0,6,5,0,11,0,10,17,0,27,4,0,4,31
12/30/2016,HKS,MS,ASO,CE,Federal Contract Tower,0,3,9,0,12,0,3,22,0,25,0,6,31,0,37,28,0,28,65
12/31/2016,HKS,MS,ASO,CE,Federal Contract Tower,0,1,1,0,2,0,0,4,0,4,0,1,5,0,6,0,0,0,6
01/01/2017,HKS,MS,ASO,CE,Federal Contract Tower,0,1,5,0,6,0,0,0,0,0,0,1,5,0,6,4,0,4,10
01/02/2017,HKS,MS,ASO,CE,Federal Contract Tower,0,1,0,0,1,0,2,5,0,7,0,3,5,0,8,8,0,8,16
01/03/2017,HKS,MS,ASO,CE,Federal Contract Tower,0,6,16,3,25,0,0,21,8,29,0,6,37,11,54,56,6,62,116
01/04/2017,HKS,MS,ASO,CE,Federal Contract Tower,0,4,21,0,25,0,0,11,3,14,0,4,32,3,39,44,8,52,91
01/05/2017,HKS,MS,ASO,CE,Federal Contract Tower,0,6,22,6,34,0,0,3,4,7,0,6,25,10,41,10,0,10,51
01/06/2017,HKS,MS,ASO,CE,Federal Contract Tower,0,0,2,0,2,0,0,0,0,0,0,0,2,0,2,0,0,0,2
01/07/2017,HKS,MS,ASO,CE,Federal Contract Tower,0,2,1,0,3,0,3,7,0,10,0,5,8,0,13,0,0,0,13
01/08/2017,HKS,MS,ASO,CE,Federal Contract Tower,0,0,7,0,7,0,0,6,0,6,0,0,13,0,13,8,0,8,21
01/09/2017,HKS,MS,ASO,CE,Federal Contract Tower,0,6,5,4,15,0,2,13,8,23,0,8,18,12,38,24,42,66,104
01/10/2017,HKS,MS,ASO,CE,Federal Contract Tower,0,2,16,5,23,0,3,10,21,34,0,5,26,26,57,14,68,82,139
01/11/2017,HKS,MS,ASO,CE,Federal Contract Tower,0,2,19,3,24,0,0,9,6,15,0,2,28,9,39,0,32,32,71
01/12/2017,HKS,MS,ASO,CE,Federal Contract Tower,0,4,35,2,41,0,2,16,12,30,0,6,51,14,71,42,24,66,137
01/13/2017,HKS,MS,ASO,CE,Federal Contract Tower,0,2,21,0,23,0,0,6,0,6,0,2,27,0,29,26,0,26,55
01/14/2017,HKS,MS,ASO,CE,Federal Contract Tower,0,0,12,0,12,0,1,23,0,24,0,1,35,0,36,28,0,28,64
01/15/2017,HKS,MS,ASO,CE,Federal Contract Tower,0,1,19,0,20,0,2,6,2,10,0,3,25,2,30,28,0,28,58
01/16/2017,HKS,MS,ASO,CE,Federal Contract Tower,0,2,9,0,11,0,1,1,0,2,0,3,10,0,13,4,0,4,17
01/17/2017,HKS,MS,ASO,CE,Federal Contract Tower,0,2,7,0,9,0,2,0,15,17,0,4,7,15,26,6,64,70,96
01/18/2017,HKS,MS,ASO,CE,Federal Contract Tower,0,9,26,0,35,0,0,0,0,0,0,9,26,0,35,8,6,14,49
01/19/2017,HKS,MS,ASO,CE,Federal Contract Tower,0,2,3,0,5,0,0,0,0,0,0,2,3,0,5,0,0,0,5
01/20/2017,HKS,MS,ASO,CE,Federal Contract Tower,0,2,12,4,18,0,9,15,8,32,0,11,27,12,50,6,30,36,86
01/21/2017,HKS,MS,ASO,CE,Federal Contract Tower,0,1,18,0,19,0,1,9,8,18,0,2,27,8,37,48,12,60,97
01/22/2017,HKS,MS,ASO,CE,Federal Contract Tower,0,1,8,0,9,0,1,0,0,1,0,2,8,0,10,4,0,4,14
01/23/2017,HKS,MS,ASO,CE,Federal Contract Tower,0,3,11,3,17,0,3,4,5,12,0,6,15,8,29,20,0,20,49
01/24/2017,HKS,MS,ASO,CE,Federal Contract Tower,0,3,20,3,26,0,2,8,17,27,0,5,28,20,53,32,28,60,113
01/25/2017,HKS,MS,ASO,CE,Federal Contract Tower,0,2,17,2,21,0,0,0,0,0,0,2,17,2,21,0,0,0,21
01/26/2017,HKS,MS,ASO,CE,Federal Contract Tower,0,2,7,3,12,0,0,24,12,36,0,2,31,15,48,12,28,40,88
01/27/2017,HKS,MS,ASO,CE,Federal Contract Tower,0,4,15,1,20,0,0,15,4,19,0,4,30,5,39,18,30,48,87
01/28/2017,HKS,MS,ASO,CE,Federal Contract Tower,0,2,4,0,6,0,5,13,2,20,0,7,17,2,26,16,0,16,42
01/29/2017,HKS,MS,ASO,CE,Federal Contract Tower,0,0,12,0,12,0,2,8,0,10,0,2,20,0,22,0,0,0,22
01/30/2017,HKS,MS,ASO,CE,Federal Contract Tower,0,2,8,0,10,0,6,14,0,20,0,8,22,0,30,16,0,16,46
01/31/2017,HKS,MS,ASO,CE,Federal Contract Tower,0,2,21,5,28,0,0,24,18,42,0,2,45,23,70,38,28,66,136
02/01/2017,HKS,MS,ASO,CE,Federal Contract Tower,0,7,21,0,28,0,2,14,10,26,0,9,35,10,54,34,22,56,110
02/02/2017,HKS,MS,ASO,CE,Federal Contract Tower,0,2,40,8,50,0,0,0,0,0,0,2,40,8,50,6,24,30,80
02/03/2017,HKS,MS,ASO,CE,Federal Contract Tower,0,2,17,3,22,0,4,20,19,43,0,6,37,22,65,18,64,82,147
02/04/2017,HKS,MS,ASO,CE,Federal Contract Tower,0,0,16,0,16,0,2,26,4,32,0,2,42,4,48,70,0,70,118
02/05/2017,HKS,MS,ASO,CE,Federal Contract Tower,0,2,7,0,9,0,2,2,0,4,0,4,9,0,13,4,0,4,17
02/06/2017,HKS,MS,ASO,CE,Federal Contract Tower,0,2,17,2,21,0,7,10,3,20,0,9,27,5,41,14,4,18,59
02/07/2017,HKS,MS,ASO,CE,Federal Contract Tower,0,2,9,0,11,0,2,4,12,18,0,4,13,12,29,6,56,62,91
02/08/2017,HKS,MS,ASO,CE,Federal Contract Tower,0,3,22,3,28,0,1,3,5,9,0,4,25,8,37,10,14,24,61
02/09/2017,HKS,MS,ASO,CE,Federal Contract Tower,0,4,15,0,19,0,8,19,10,37,0,12,34,10,56,26,22,48,104
02/10/2017,HKS,MS,ASO,CE,Federal Contract Tower,0,3,21,1,25,0,3,18,7,28,0,6,39,8,53,26,0,26,79
02/11/2017,HKS,MS,ASO,CE,Federal Contract Tower,0,0,5,1,6,0,4,14,6,24,0,4,19,7,30,50,0,50,80
02/12/2017,HKS,MS,ASO,CE,Federal Contract Tower,0,0,12,0,12,0,5,6,4,15,0,5,18,4,27,58,0,58,85
02/13/2017,HKS,MS,ASO,CE,Federal Contract Tower,0,2,16,0,18,0,0,19,0,19,0,2,35,0,37,62,0,62,99
02/14/2017,HKS,MS,ASO,CE,Federal Contract Tower,0,5,23,6,34,0,4,11,7,22,0,9,34,13,56,30,36,66,122
02/15/2017,HKS,MS,ASO,CE,Federal Contract Tower,0,12,15,2,29,0,0,11,4,15,0,12,26,6,44,12,12,24,68
02/16/2017,HKS,MS,ASO,CE,Federal Contract Tower,0,3,34,3,40,0,2,11,9,22,0,5,45,12,62,18,14,32,94
02/17/2017,HKS,MS,ASO,CE,Federal Contract Tower,0,3,24,2,29,0,0,22,8,30,0,3,46,10,59,72,18,90,149
02/18/2017,HKS,MS,ASO,CE,Federal Contract Tower,0,0,20,0,20,0,2,13,0,15,0,2,33,0,35,8,0,8,43
02/19/2017,HKS,MS,ASO,CE,Federal Contract Tower,0,0,16,0,16,0,7,26,0,33,0,7,42,0,49,32,0,32,81
02/20/2017,HKS,MS,ASO,CE,Federal Contract Tower,0,5,16,0,21,0,2,17,0,19,0,7,33,0,40,42,0,42,82
02/21/2017,HKS,MS,ASO,CE,Federal Contract Tower,0,4,16,5,25,0,2,2,11,15,0,6,18,16,40,0,58,58,98
02/22/2017,HKS,MS,ASO,CE,Federal Contract Tower,0,7,25,3,35,0,6,11,4,21,0,13,36,7,56,20,16,36,92
02/23/2017,HKS,MS,ASO,CE,Federal Contract Tower,0,6,23,8,37,0,7,22,13,42,0,13,45,21,79,62,54,116,195
02/24/2017,HKS,MS,ASO,CE,Federal Contract Tower,0,10,22,0,32,0,8,11,0,19,0,18,33,0,51,12,0,12,63
02/25/2017,HKS,MS,ASO,CE,Federal Contract Tower,0,1,22,0,23,0,4,39,0,43,0,5,61,0,66,74,0,74,140
02/26/2017,HKS,MS,ASO,CE,Federal Contract Tower,0,0,18,0,18,0,2,25,0,27,0,2,43,0,45,20,0,20,65
02/27/2017,HKS,MS,ASO,CE,Federal Contract Tower,0,3,16,1,20,0,2,3,0,5,0,5,19,1,25,18,0,18,43
02/28/2017,HKS,MS,ASO,CE,Federal Contract Tower,0,3,8,5,16,0,2,7,25,34,0,5,15,30,50,0,100,100,150
03/01/2017,HKS,MS,ASO,CE,Federal Contract Tower,0,2,11,2,15,0,0,3,9,12,0,2,14,11,27,0,44,44,71
03/02/2017,HKS,MS,ASO,CE,Federal Contract Tower,0,3,20,1,24,0,0,17,6,23,0,3,37,7,47,24,30,54,101
03/03/2017,HKS,MS,ASO,CE,Federal Contract Tower,0,4,16,5,25,0,6,17,13,36,0,10,33,18,61,56,26,82,143
03/04/2017,HKS,MS,ASO,CE,Federal Contract Tower,0,0,19,1,20,0,2,35,9,46,0,2,54,10,66,42,0,42,108
03/05/2017,HKS,MS,ASO,CE,Federal Contract Tower,0,2,16,0,18,0,3,7,0,10,0,5,23,0,28,28,0,28,56
03/06/2017,HKS,MS,ASO,CE,Federal Contract Tower,0,4,7,5,16,0,5,7,4,16,0,9,14,9,32,20,38,58,90
03/07/2017,HKS,MS,ASO,CE,Federal Contract Tower,0,3,10,0,13,0,0,0,0,0,0,3,10,0,13,0,36,36,49
03/08/2017,HKS,MS,ASO,CE,Federal Contract Tower,0,3,17,6,26,0,4,19,16,39,0,7,36,22,65,40,18,58,123
03/09/2017,HKS,MS,ASO,CE,Federal Contract Tower,0,2,23,4,29,0,0,13,18,31,0,2,36,22,60,4,20,24,84
03/10/2017,HKS,MS,ASO,CE,Federal Contract Tower,0,4,24,5,33,0,4,12,3,19,0,8,36,8,52,40,26,66,118
03/11/2017,HKS,MS,ASO,CE,Federal Contract Tower,0,0,15,0,15,0,1,3,0,4,0,1,18,0,19,0,0,0,19
03/12/2017,HKS,MS,ASO,CE,Federal Contract Tower,0,2,12,0,14,0,6,7,0,13,0,8,19,0,27,26,0,26,53
03/13/2017,HKS,MS,ASO,CE,Federal Contract Tower,0,5,9,0,14,0,0,1,0,1,0,5,10,0,15,0,0,0,15
03/14/2017,HKS,MS,ASO,CE,Federal Contract Tower,0,2,7,0,9,0,0,3,0,3,0,2,10,0,12,4,0,4,16
03/15/2017,HKS,MS,ASO,CE,Federal Contract Tower,0,3,19,2,24,0,11,13,3,27,0,14,32,5,51,20,0,20,71
03/16/2017,HKS,MS,ASO,CE,Federal Contract Tower,0,4,14,3,21,0,2,12,13,27,0,6,26,16,48,56,38,94,142
03/17/2017,HKS,MS,ASO,CE,Federal Contract Tower,0,3,20,0,23,0,12,11,14,37,0,15,31,14,60,64,18,82,142
03/18/2017,HKS,MS,ASO,CE,Federal Contract Tower,0,0,8,0,8,0,4,11,1,16,0,4,19,1,24,54,0,54,78
03/19/2017,HKS,MS,ASO,CE,Federal Contract Tower,0,2,22,0,24,0,4,27,0,31,0,6,49,0,55,24,0,24,79
03/20/2017,HKS,MS,ASO,CE,Federal Contract Tower,0,2,12,2,16,0,6,4,2,12,0,8,16,4,28,20,0,20,48
03/21/2017,HKS,MS,ASO,CE,Federal Contract Tower,0,6,13,2,21,0,10,16,4,30,0,16,29,6,51,68,12,80,131
03/22/2017,HKS,MS,ASO,CE,Federal Contract Tower,0,2,21,0,23,0,5,19,4,28,0,7,40,4,51,42,0,42,93
03/23/2017,HKS,MS,ASO,CE,Federal Contract Tower,0,3,13,3,19,0,5,14,7,26,0,8,27,10,45,74,4,78,123
03/24/2017,HKS,MS,ASO,CE,Federal Contract Tower,0,2,15,1,18,0,3,3,1,7,0,5,18,2,25,12,6,18,43
03/25/2017,HKS,MS,ASO,CE,Federal Contract Tower,0,2,4,0,6,0,0,1,0,1,0,2,5,0,7,0,0,0,7
03/26/2017,HKS,MS,ASO,CE,Federal Contract Tower,0,0,21,1,22,0,2,15,3,20,0,2,36,4,42,36,0,36,78
03/27/2017,HKS,MS,ASO,CE,Federal Contract Tower,0,2,10,0,12,0,0,4,0,4,0,2,14,0,16,2,0,2,18
03/28/2017,HKS,MS,ASO,CE,Federal Contract Tower,0,5,17,0,22,0,0,14,0,14,0,5,31,0,36,26,0,26,62
03/29/2017,HKS,MS,ASO,CE,Federal Contract Tower,0,4,15,2,21,0,0,10,3,13,0,4,25,5,34,44,0,44,78
03/30/2017,HKS,MS,ASO,CE,Federal Contract Tower,0,9,9,0,18,0,0,2,0,2,0,9,11,0,20,32,0,32,52
03/31/2017,HKS,MS,ASO,CE,Federal Contract Tower,0,2,15,1,18,0,0,31,16,47,0,2,46,17,65,80,0,80,145
04/01/2017,HKS,MS,ASO,CE,Federal Contract Tower,0,0,16,0,16,0,2,37,2,41,0,2,53,2,57,68,0,68,125
04/02/2017,HKS,MS,ASO,CE,Federal Contract Tower,0,0,10,0,10,0,0,2,9,11,0,0,12,9,21,24,0,24,45
04/03/2017,HKS,MS,ASO,CE,Federal Contract Tower,0,2,5,0,7,0,0,4,4,8,0,2,9,4,15,10,0,10,25
04/04/2017,HKS,MS,ASO,CE,Federal Contract Tower,0,4,18,1,23,0,5,15,5,25,0,9,33,6,48,34,18,52,100
04/05/2017,HKS,MS,ASO,CE,Federal Contract Tower,0,2,5,0,7,0,2,12,3,17,0,4,17,3,24,0,0,0,24
04/06/2017,HKS,MS,ASO,CE,Federal Contract Tower,0,6,13,0,19,0,0,8,0,8,0,6,21,0,27,12,0,12,39
04/07/2017,HKS,MS,ASO,CE,Federal Contract Tower,0,2,14,0,16,0,0,26,5,31,0,2,40,5,47,54,0,54,101
04/08/2017,HKS,MS,ASO,CE,Federal Contract Tower,0,0,11,0,11,0,0,18,5,23,0,0,29,5,34,28,0,28,62
04/09/2017,HKS,MS,ASO,CE,Federal Contract Tower,0,18,0,0,18,0,4,15,1,20,0,22,15,1,38,18,0,18,56
04/10/2017,HKS,MS,ASO,CE,Federal Contract Tower,0,2,12,0,14,0,0,18,0,18,0,2,30,0,32,28,0,28,60
04/11/2017,HKS,MS,ASO,CE,Federal Contract Tower,0,4,17,0,21,0,5,8,2,15,0,9,25,2,36,6,0,6,42
04/12/2017,HKS,MS,ASO,CE,Federal Contract Tower,0,2,11,3,16,0,7,14,5,26,0,9,25,8,42,16,14,30,72
04/13/2017,HKS,MS,ASO,CE,Federal Contract Tower,0,3,21,0,24,0,5,16,7,28,0,8,37,7,52,50,22,72,124
04/14/2017,HKS,MS,ASO,CE,Federal Contract Tower,0,2,12,0,14,0,5,22,0,27,0,7,34,0,41,28,0,28,69
04/15/2017,HKS,MS,ASO,CE,Federal Contract Tower,0,0,15,0,15,0,6,28,0,34,0,6,43,0,49,46,0,46,95
04/16/2017,HKS,MS,ASO,CE,Federal Contract Tower,0,0,2,0,2,0,4,18,0,22,0,4,20,0,24,24,0,24,48
04/17/2017,HKS,MS,ASO,CE,Federal Contract Tower,0,2,17,0,19,0,0,1,0,1,0,2,18,0,20,0,0,0,20
04/18/2017,HKS,MS,ASO,CE,Federal Contract Tower,0,2,12,9,23,0,0,5,15,20,0,2,17,24,43,6,54,60,103
04/19/2017,HKS,MS,ASO,CE,Federal Contract Tower,0,4,20,0,24,0,4,17,11,32,0,8,37,11,56,50,34,84,140
04/20/2017,HKS,MS,ASO,CE,Federal Contract Tower,0,4,19,11,34,0,0,11,12,23,0,4,30,23,57,12,52,64,121
04/21/2017,HKS,MS,ASO,CE,Federal Contract Tower,0,2,13,2,17,0,4,30,4,38,0,6,43,6,55,38,18,56,111
04/22/2017,HKS,MS,ASO,CE,Federal Contract Tower,0,5,2,0,7,0,4,0,0,4,0,9,2,0,11,10,0,10,21
04/23/2017,HKS,MS,ASO,CE,Federal Contract Tower,0,0,21,0,21,0,4,5,0,9,0,4,26,0,30,2,0,2,32
04/24/2017,HKS,MS,ASO,CE,Federal Contract Tower,0,2,16,0,18,0,2,18,0,20,0,4,34,0,38,8,0,8,46
04/25/2017,HKS,MS,ASO,CE,Federal Contract Tower,0,2,23,9,34,0,4,26,18,48,0,6,49,27,82,32,34,66,148
04/26/2017,HKS,MS,ASO,CE,Federal Contract Tower,0,2,15,1,18,0,2,4,4,10,0,4,19,5,28,30,0,30,58
04/27/2017,HKS,MS,ASO,CE,Federal Contract Tower,0,2,18,5,25,0,0,9,3,12,0,2,27,8,37,50,12,62,99
04/28/2017,HKS,MS,ASO,CE,Federal Contract Tower,0,2,26,1,29,0,6,1,0,7,0,8,27,1,36,0,30,30,66
04/29/2017,HKS,MS,ASO,CE,Federal Contract Tower,0,2,18,0,20,0,2,0,1,3,0,4,18,1,23,0,0,0,23
04/30/2017,HKS,MS,ASO,CE,Federal Contract Tower,0,1,5,0,6,0,0,0,0,0,0,1,5,0,6,0,0,0,6
05/01/2017,HKS,MS,ASO,CE,Federal Contract Tower,0,2,12,2,16,0,4,5,0,9,0,6,17,2,25,16,2,18,43
05/02/2017,HKS,MS,ASO,CE,Federal Contract Tower,0,4,12,3,19,0,4,16,4,24,0,8,28,7,43,68,0,68,111
05/03/2017,HKS,MS,ASO,CE,Federal Contract Tower,0,2,14,0,16,0,0,12,0,12,0,2,26,0,28,34,0,34,62
05/04/2017,HKS,MS,ASO,CE,Federal Contract Tower,0,6,16,5,27,0,0,1,1,2,0,6,17,6,29,2,4,6,35
05/05/2017,HKS,MS,ASO,CE,Federal Contract Tower,0,2,16,0,18,0,2,8,6,16,0,4,24,6,34,0,16,16,50
05/06/2017,HKS,MS,ASO,CE,Federal Contract Tower,0,1,20,0,21,0,0,16,1,17,0,1,36,1,38,14,0,14,52
05/07/2017,HKS,MS,ASO,CE,Federal Contract Tower,0,1,23,0,24,0,1,33,4,38,0,2,56,4,62,18,0,18,80
05/08/2017,HKS,MS,ASO,CE,Federal Contract Tower,0,2,23,2,27,0,5,22,0,27,0,7,45,2,54,18,0,18,72
05/09/2017,HKS,MS,ASO,CE,Federal Contract Tower,0,4,18,1,23,0,2,11,5,18,0,6,29,6,41,18,16,34,75
05/10/2017,HKS,MS,ASO,CE,Federal Contract Tower,0,2,18,2,22,0,2,19,2,23,0,4,37,4,45,36,4,40,85
05/11/2017,HKS,MS,ASO,CE,Federal Contract Tower,0,2,21,4,27,0,6,11,5,22,0,8,32,9,49,34,16,50,99
05/12/2017,HKS,MS,ASO,CE,Federal Contract Tower,0,2,12,0,14,0,0,2,0,2,0,2,14,0,16,0,0,0,16
05/13/2017,HKS,MS,ASO,CE,Federal Contract Tower,0,0,4,14,18,0,1,5,0,6,0,1,9,14,24,8,2,10,34
05/14/2017,HKS,MS,ASO,CE,Federal Contract Tower,0,0,11,0,11,0,8,18,3,29,0,8,29,3,40,26,0,26,66
05/15/2017,HKS,MS,ASO,CE,Federal Contract Tower,0,2,20,0,22,0,5,18,2,25,0,7,38,2,47,30,38,68,115
05/16/2017,HKS,MS,ASO,CE,Federal Contract Tower,0,3,26,2,31,0,6,19,15,40,0,9,45,17,71,38,10,48,119
05/17/2017,HKS,MS,ASO,CE,Federal Contract Tower,0,4,26,0,30,0,3,18,4,25,0,7,44,4,55,38,0,38,93
05/18/2017,HKS,MS,ASO,CE,Federal Contract Tower,0,7,18,7,32,0,4,7,10,21,0,11,25,17,53,8,14,22,75
05/19/2017,HKS,MS,ASO,CE,Federal Contract Tower,0,2,14,5,21,0,0,7,11,18,0,2,21,16,39,6,28,34,73
05/20/2017,HKS,MS,ASO,CE,Federal Contract Tower,0,0,12,0,12,0,2,14,0,16,0,2,26,0,28,6,0,6,34
05/21/2017,HKS,MS,ASO,CE,Federal Contract Tower,0,0,8,0,8,0,0,7,3,10,0,0,15,3,18,44,0,44,62
05/22/2017,HKS,MS,ASO,CE,Federal Contract Tower,0,2,8,4,14,0,2,2,9,13,0,4,10,13,27,10,8,18,45
05/23/2017,HKS,MS,ASO,CE,Federal Contract Tower,0,2,16,7,25,0,0,6,4,10,0,2,22,11,35,8,20,28,63
05/24/2017,HKS,MS,ASO,CE,Federal Contract Tower,0,2,14,3,19,0,5,6,0,11,0,7,20,3,30,20,16,36,66
05/25/2017,HKS,MS,ASO,CE,Federal Contract Tower,0,4,19,3,26,0,3,31,3,37,0,7,50,6,63,22,12,34,97
05/26/2017,HKS,MS,ASO,CE,Federal Contract Tower,0,4,18,0,22,0,4,17,0,21,0,8,35,0,43,26,0,26,69
05/27/2017,HKS,MS,ASO,CE,Federal Contract Tower,0,0,7,0,7,0,9,23,0,32,0,9,30,0,39,56,0,56,95
05/28/2017,HKS,MS,ASO,CE,Federal Contract Tower,0,1,4,0,5,0,0,2,0,2,0,1,6,0,7,4,0,4,11
05/29/2017,HKS,MS,ASO,CE,Federal Contract Tower,0,3,8,0,11,0,2,10,0,12,0,5,18,0,23,6,0,6,29
05/30/2017,HKS,MS,ASO,CE,Federal Contract Tower,0,2,14,4,20,0,0,12,7,19,0,2,26,11,39,22,48,70,109
05/31/2017,HKS,MS,ASO,CE,Federal Contract Tower,0,2,23,2,27,0,4,9,2,15,0,6,32,4,42,10,4,14,56
06/01/2017,HKS,MS,ASO,CE,Federal Contract Tower,0,3,17,0,20,0,0,6,0,6,0,3,23,0,26,4,24,28,54
06/02/2017,HKS,MS,ASO,CE,Federal Contract Tower,0,2,32,2,36,0,1,16,5,22,0,3,48,7,58,22,2,24,82
06/03/2017,HKS,MS,ASO,CE,Federal Contract Tower,0,1,4,0,5,0,4,0,0,4,0,5,4,0,9,4,24,28,37
06/04/2017,HKS,MS,ASO,CE,Federal Contract Tower,0,0,6,0,6,0,2,6,0,8,0,2,12,0,14,46,8,54,68
06/05/2017,HKS,MS,ASO,CE,Federal Contract Tower,0,3,6,0,9,0,0,1,0,1,0,3,7,0,10,0,0,0,10
06/06/2017,HKS,MS,ASO,CE,Federal Contract Tower,0,5,7,2,14,0,2,1,9,12,0,7,8,11,26,0,26,26,52
06/07/2017,HKS,MS,ASO,CE,Federal Contract Tower,0,2,21,4,27,0,5,25,10,40,0,7,46,14,67,22,6,28,95
06/08/2017,HKS,MS,ASO,CE,Federal Contract Tower,0,7,24,8,39,0,6,32,0,38,0,13,56,8,77,40,6,46,123
06/09/2017,HKS,MS,ASO,CE,Federal Contract Tower,0,5,17,5,27,0,6,37,8,51,0,11,54,13,78,72,10,82,160
06/10/2017,HKS,MS,ASO,CE,Federal Contract Tower,0,0,17,0,17,0,6,28,0,34,0,6,45,0,51,14,0,14,65
06/11/2017,HKS,MS,ASO,CE,Federal Contract Tower,0,0,11,0,11,0,2,10,0,12,0,2,21,0,23,14,0,14,37
06/12/2017,HKS,MS,ASO,CE,Federal Contract Tower,0,2,3,0,5,0,0,2,4,6,0,2,5,4,11,0,8,8,19
06/13/2017,HKS,MS,ASO,CE,Federal Contract Tower,0,3,9,6,18,0,4,6,11,21,0,7,15,17,39,30,24,54,93
06/14/2017,HKS,MS,ASO,CE,Federal Contract Tower,0,2,18,9,29,0,1,18,5,24,0,3,36,14,53,42,22,64,117
06/15/2017,HKS,MS,ASO,CE,Federal Contract Tower,0,5,17,5,27,0,3,12,5,20,0,8,29,10,47,8,40,48,95
06/16/2017,HKS,MS,ASO,CE,Federal Contract Tower,0,5,17,5,27,0,3,12,5,20,0,8,29,10,47,8,40,48,95
06/17/2017,HKS,MS,ASO,CE,Federal Contract Tower,0,2,14,0,16,0,3,12,0,15,0,5,26,0,31,38,0,38,69
06/18/2017,HKS,MS,ASO,CE,Federal Contract Tower,0,0,13,0,13,0,4,3,0,7,0,4,16,0,20,6,0,6,26
06/19/2017,HKS,MS,ASO,CE,Federal Contract Tower,0,2,7,0,9,0,3,9,0,12,0,5,16,0,21,36,0,36,57
06/20/2017,HKS,MS,ASO,CE,Federal Contract Tower,0,5,18,0,23,0,0,11,10,21,0,5,29,10,44,16,22,38,82
06/21/2017,HKS,MS,ASO,CE,Federal Contract Tower,0,2,12,0,14,0,0,0,0,0,0,2,12,0,14,0,0,0,14
06/22/2017,HKS,MS,ASO,CE,Federal Contract Tower,0,2,2,0,4,0,0,1,5,6,0,2,3,5,10,0,8,8,18
06/23/2017,HKS,MS,ASO,CE,Federal Contract Tower,0,5,6,0,11,0,0,0,0,0,0,5,6,0,11,38,0,38,49
06/24/2017,HKS,MS,ASO,CE,Federal Contract Tower,0,1,14,0,15,0,2,4,0,6,0,3,18,0,21,22,0,22,43
06/25/2017,HKS,MS,ASO,CE,Federal Contract Tower,0,1,20,0,21,0,2,3,0,5,0,3,23,0,26,34,0,34,60
06/26/2017,HKS,MS,ASO,CE,Federal Contract Tower,0,1,14,6,21,0,6,13,7,26,0,7,27,13,47,6,40,46,93
06/27/2017,HKS,MS,ASO,CE,Federal Contract Tower,0,2,26,1,29,0,1,13,13,27,0,3,39,14,56,30,10,40,96
06/28/2017,HKS,MS,ASO,CE,Federal Contract Tower,0,2,22,1,25,0,0,10,7,17,0,2,32,8,42,4,0,4,46
06/29/2017,HKS,MS,ASO,CE,Federal Contract Tower,0,2,16,0,18,0,0,0,3,3,0,2,16,3,21,0,16,16,37
06/30/2017,HKS,MS,ASO,CE,Federal Contract Tower,0,2,20,6,28,0,0,7,5,12,0,2,27,11,40,4,0,4,44
07/01/2017,HKS,MS,ASO,CE,Federal Contract Tower,0,0,13,0,13,0,3,13,0,16,0,3,26,0,29,52,0,52,81
07/02/2017,HKS,MS,ASO,CE,Federal Contract Tower,0,0,7,0,7,0,4,21,0,25,0,4,28,0,32,38,0,38,70
07/03/2017,HKS,MS,ASO,CE,Federal Contract Tower,0,2,6,0,8,0,3,14,0,17,0,5,20,0,25,36,0,36,61
07/04/2017,HKS,MS,ASO,CE,Federal Contract Tower,0,0,8,0,8,0,2,18,0,20,0,2,26,0,28,30,0,30,58
07/05/2017,HKS,MS,ASO,CE,Federal Contract Tower,0,2,17,0,19,0,2,6,0,8,0,4,23,0,27,10,0,10,37
07/06/2017,HKS,MS,ASO,CE,Federal Contract Tower,0,4,13,8,25,0,2,9,3,14,0,6,22,11,39,20,42,62,101
07/07/2017,HKS,MS,ASO,CE,Federal Contract Tower,0,2,15,3,20,0,2,11,5,18,0,4,26,8,38,10,12,22,60
07/08/2017,HKS,MS,ASO,CE,Federal Contract Tower,0,0,8,0,8,0,5,16,2,23,0,5,24,2,31,12,0,12,43
07/09/2017,HKS,MS,ASO,CE,Federal Contract Tower,0,0,14,0,14,0,0,11,0,11,0,0,25,0,25,60,0,60,85
07/10/2017,HKS,MS,ASO,CE,Federal Contract Tower,0,3,8,6,17,0,4,14,7,25,0,7,22,13,42,20,26,46,88
07/11/2017,HKS,MS,ASO,CE,Federal Contract Tower,0,2,7,3,12,0,0,10,5,15,0,2,17,8,27,0,18,18,45
07/12/2017,HKS,MS,ASO,CE,Federal Contract Tower,0,2,12,2,16,0,2,7,12,21,0,4,19,14,37,36,16,52,89
07/13/2017,HKS,MS,ASO,CE,Federal Contract Tower,0,5,11,5,21,0,0,11,2,13,0,5,22,7,34,24,16,40,74
07/14/2017,HKS,MS,ASO,CE,Federal Contract Tower,0,3,13,0,16,0,2,17,3,22,0,5,30,3,38,36,8,44,82
07/15/2017,HKS,MS,ASO,CE,Federal Contract Tower,0,2,18,1,21,0,4,8,1,13,0,6,26,2,34,36,0,36,70
07/16/2017,HKS,MS,ASO,CE,Federal Contract Tower,0,2,11,0,13,0,3,19,0,22,0,5,30,0,35,68,0,68,103
07/17/2017,HKS,MS,ASO,CE,Federal Contract Tower,0,2,21,0,23,0,0,14,0,14,0,2,35,0,37,108,0,108,145
07/18/2017,HKS,MS,ASO,CE,Federal Contract Tower,0,4,10,6,20,0,3,15,6,24,0,7,25,12,44,122,0,122,166
07/19/2017,HKS,MS,ASO,CE,Federal Contract Tower,0,2,16,3,21,0,0,20,3,23,0,2,36,6,44,76,0,76,120
07/20/2017,HKS,MS,ASO,CE,Federal Contract Tower,0,2,2,2,6,0,3,21,5,29,0,5,23,7,35,70,0,70,105
07/21/2017,HKS,MS,ASO,CE,Federal Contract Tower,0,2,17,2,21,0,0,21,2,23,0,2,38,4,44,60,8,68,112
07/22/2017,HKS,MS,ASO,CE,Federal Contract Tower,0,0,9,3,12,0,4,33,1,38,0,4,42,4,50,80,0,80,130
07/23/2017,HKS,MS,ASO,CE,Federal Contract Tower,0,0,17,2,19,0,4,6,0,10,0,4,23,2,29,4,0,4,33
07/24/2017,HKS,MS,ASO,CE,Federal Contract Tower,0,2,16,4,22,0,0,2,0,2,0,2,18,4,24,4,10,14,38
07/25/2017,HKS,MS,ASO,CE,Federal Contract Tower,0,3,15,2,20,0,0,3,7,10,0,3,18,9,30,0,28,28,58
07/26/2017,HKS,MS,ASO,CE,Federal Contract Tower,0,3,8,1,12,0,4,23,4,31,0,7,31,5,43,30,14,44,87
07/27/2017,HKS,MS,ASO,CE,Federal Contract Tower,0,3,13,3,19,0,3,15,6,24,0,6,28,9,43,10,14,24,67
07/28/2017,HKS,MS,ASO,CE,Federal Contract Tower,0,2,10,0,12,0,0,9,5,14,0,2,19,5,26,16,10,26,52
07/29/2017,HKS,MS,ASO,CE,Federal Contract Tower,0,0,2,0,2,0,4,2,0,6,0,4,4,0,8,28,0,28,36
07/30/2017,HKS,MS,ASO,CE,Federal Contract Tower,0,0,13,0,13,0,2,24,0,26,0,2,37,0,39,20,0,20,59
07/31/2017,HKS,MS,ASO,CE,Federal Contract Tower,0,4,4,4,12,0,4,6,0,10,0,8,10,4,22,50,0,50,72
08/01/2017,HKS,MS,ASO,CE,Federal Contract Tower,0,4,10,5,19,0,2,17,14,33,0,6,27,19,52,26,58,84,136
08/02/2017,HKS,MS,ASO,CE,Federal Contract Tower,0,2,15,3,20,0,2,11,4,17,0,4,26,7,37,26,26,52,89
08/03/2017,HKS,MS,ASO,CE,Federal Contract Tower,0,3,16,2,21,0,2,18,9,29,0,5,34,11,50,70,40,110,160
08/04/2017,HKS,MS,ASO,CE,Federal Contract Tower,0,2,7,5,14,0,4,10,5,19,0,6,17,10,33,64,8,72,105
08/05/2017,HKS,MS,ASO,CE,Federal Contract Tower,0,1,7,0,8,0,0,21,0,21,0,1,28,0,29,74,0,74,103
08/06/2017,HKS,MS,ASO,CE,Federal Contract Tower,0,1,12,0,13,0,2,5,0,7,0,3,17,0,20,22,0,22,42
08/07/2017,HKS,MS,ASO,CE,Federal Contract Tower,0,2,11,3,16,0,1,1,2,4,0,3,12,5,20,0,20,20,40
08/08/2017,HKS,MS,ASO,CE,Federal Contract Tower,0,2,6,1,9,0,3,1,0,4,0,5,7,1,13,0,30,30,43
08/09/2017,HKS,MS,ASO,CE,Federal Contract Tower,0,2,5,4,11,0,2,4,2,8,0,4,9,6,19,6,12,18,37
08/10/2017,HKS,MS,ASO,CE,Federal Contract Tower,0,4,18,4,26,0,0,4,2,6,0,4,22,6,32,0,0,0,32
08/11/2017,HKS,MS,ASO,CE,Federal Contract Tower,0,4,14,2,20,0,0,13,5,18,0,4,27,7,38,34,2,36,74
08/12/2017,HKS,MS,ASO,CE,Federal Contract Tower,0,1,14,2,17,0,6,14,4,24,0,7,28,6,41,58,0,58,99
08/13/2017,HKS,MS,ASO,CE,Federal Contract Tower,0,1,10,2,13,0,1,10,2,13,0,2,20,4,26,24,8,32,58
08/14/2017,HKS,MS,ASO,CE,Federal Contract Tower,0,2,10,0,12,0,0,14,0,14,0,2,24,0,26,30,0,30,56
08/15/2017,HKS,MS,ASO,CE,Federal Contract Tower,0,4,14,3,21,0,1,7,12,20,0,5,21,15,41,14,44,58,99
08/16/2017,HKS,MS,ASO,CE,Federal Contract Tower,0,2,15,2,19,0,0,5,0,5,0,2,20,2,24,14,0,14,38
08/17/2017,HKS,MS,ASO,CE,Federal Contract Tower,0,2,6,2,10,0,2,11,11,24,0,4,17,13,34,22,46,68,102
08/18/2017,HKS,MS,ASO,CE,Federal Contract Tower,0,2,15,3,20,0,0,7,2,9,0,2,22,5,29,20,8,28,57
08/19/2017,HKS,MS,ASO,CE,Federal Contract Tower,0,0,5,0,5,0,0,10,0,10,0,0,15,0,15,44,0,44,59
08/20/2017,HKS,MS,ASO,CE,Federal Contract Tower,0,0,17,0,17,0,12,21,0,33,0,12,38,0,50,72,0,72,122
08/21/2017,HKS,MS,ASO,CE,Federal Contract Tower,0,2,24,3,29,0,4,17,0,21,0,6,41,3,50,44,34,78,128
08/22/2017,HKS,MS,ASO,CE,Federal Contract Tower,0,5,8,9,22,0,0,19,8,27,0,5,27,17,49,52,14,66,115
08/23/2017,HKS,MS,ASO,CE,Federal Contract Tower,0,2,22,0,24,0,2,6,7,15,0,4,28,7,39,26,6,32,71
08/24/2017,HKS,MS,ASO,CE,Federal Contract Tower,0,5,23,3,31,0,5,22,6,33,0,10,45,9,64,82,28,110,174
08/25/2017,HKS,MS,ASO,CE,Federal Contract Tower,0,3,21,4,28,0,1,19,5,25,0,4,40,9,53,42,14,56,109
08/26/2017,HKS,MS,ASO,CE,Federal Contract Tower,0,0,1,0,1,0,0,8,0,8,0,0,9,0,9,18,0,18,27
08/27/2017,HKS,MS,ASO,CE,Federal Contract Tower,0,0,13,0,13,0,4,8,0,12,0,4,21,0,25,12,0,12,37
08/28/2017,HKS,MS,ASO,CE,Federal Contract Tower,0,5,10,0,15,0,3,5,0,8,0,8,15,0,23,10,0,10,33
08/29/2017,HKS,MS,ASO,CE,Federal Contract Tower,0,5,8,3,16,0,0,3,4,7,0,5,11,7,23,2,34,36,59
08/30/2017,HKS,MS,ASO,CE,Federal Contract Tower,0,3,11,0,14,0,0,0,0,0,0,3,11,0,14,4,0,4,18
08/31/2017,HKS,MS,ASO,CE,Federal Contract Tower,0,3,7,0,10,0,0,0,0,0,0,3,7,0,10,2,0,2,12
09/01/2017,HKS,MS,ASO,CE,Federal Contract Tower,0,3,20,5,28,0,1,15,0,16,0,4,35,5,44,32,0,32,76
09/02/2017,HKS,MS,ASO,CE,Federal Contract Tower,0,0,6,0,6,0,6,17,0,23,0,6,23,0,29,24,0,24,53
09/03/2017,HKS,MS,ASO,CE,Federal Contract Tower,0,0,3,0,3,0,7,10,0,17,0,7,13,0,20,0,0,0,20
09/04/2017,HKS,MS,ASO,CE,Federal Contract Tower,0,0,17,0,17,0,4,20,0,24,0,4,37,0,41,72,0,72,113
09/05/2017,HKS,MS,ASO,CE,Federal Contract Tower,0,2,9,2,13,0,0,13,4,17,0,2,22,6,30,30,36,66,96
09/06/2017,HKS,MS,ASO,CE,Federal Contract Tower,0,2,11,2,15,0,0,11,1,12,0,2,22,3,27,8,4,12,39
09/07/2017,HKS,MS,ASO,CE,Federal Contract Tower,0,3,11,6,20,0,3,23,8,34,0,6,34,14,54,44,24,68,122
09/08/2017,HKS,MS,ASO,CE,Federal Contract Tower,0,3,28,3,34,0,5,15,3,23,0,8,43,6,57,38,18,56,113
09/09/2017,HKS,MS,ASO,CE,Federal Contract Tower,0,0,12,0,12,0,3,28,4,35,0,3,40,4,47,76,22,98,145
09/10/2017,HKS,MS,ASO,CE,Federal Contract Tower,0,0,13,3,16,0,7,17,2,26,0,7,30,5,42,0,12,12,54
09/11/2017,HKS,MS,ASO,CE,Federal Contract Tower,0,0,6,10,16,0,6,12,2,20,0,6,18,12,36,2,0,2,38
09/12/2017,HKS,MS,ASO,CE,Federal Contract Tower,0,2,10,7,19,0,0,5,9,14,0,2,15,16,33,0,54,54,87
09/13/2017,HKS,MS,ASO,CE,Federal Contract Tower,0,4,27,0,31,0,1,24,0,25,0,5,51,0,56,22,0,22,78
09/14/2017,HKS,MS,ASO,CE,Federal Contract Tower,0,5,25,4,34,0,2,12,7,21,0,7,37,11,55,12,0,12,67
09/15/2017,HKS,MS,ASO,CE,Federal Contract Tower,0,8,16,1,25,0,6,7,3,16,0,14,23,4,41,42,0,42,83
09/16/2017,HKS,MS,ASO,CE,Federal Contract Tower,0,1,18,0,19,0,0,3,0,3,0,1,21,0,22,24,0,24,46
09/17/2017,HKS,MS,ASO,CE,Federal Contract Tower,0,0,18,0,18,0,7,17,0,24,0,7,35,0,42,30,0,30,72
09/18/2017,HKS,MS,ASO,CE,Federal Contract Tower,0,2,10,0,12,0,0,5,5,10,0,2,15,5,22,30,0,30,52
09/19/2017,HKS,MS,ASO,CE,Federal Contract Tower,0,4,8,2,14,0,2,13,8,23,0,6,21,10,37,34,0,34,71
09/20/2017,HKS,MS,ASO,CE,Federal Contract Tower,0,4,16,1,21,0,2,11,2,15,0,6,27,3,36,30,4,34,70
09/21/2017,HKS,MS,ASO,CE,Federal Contract Tower,0,7,25,0,32,0,4,12,4,20,0,11,37,4,52,60,0,60,112
09/22/2017,HKS,MS,ASO,CE,Federal Contract Tower,0,13,20,0,33,0,2,15,6,23,0,15,35,6,56,36,12,48,104
09/23/2017,HKS,MS,ASO,CE,Federal Contract Tower,0,5,7,0,12,0,7,15,0,22,0,12,22,0,34,78,0,78,112
09/24/2017,HKS,MS,ASO,CE,Federal Contract Tower,0,0,12,0,12,0,0,10,0,10,0,0,22,0,22,4,0,4,26
09/25/2017,HKS,MS,ASO,CE,Federal Contract Tower,0,6,6,0,12,0,4,19,0,23,0,10,25,0,35,136,0,136,171
09/26/2017,HKS,MS,ASO,CE,Federal Contract Tower,0,5,9,2,16,0,1,10,8,19,0,6,19,10,35,36,0,36,71
09/27/2017,HKS,MS,ASO,CE,Federal Contract Tower,0,4,20,0,24,0,1,14,0,15,0,5,34,0,39,30,0,30,69
09/28/2017,HKS,MS,ASO,CE,Federal Contract Tower,0,5,12,1,18,0,2,16,5,23,0,7,28,6,41,40,0,40,81
09/29/2017,HKS,MS,ASO,CE,Federal Contract Tower,0,5,18,0,23,0,3,21,5,29,0,8,39,5,52,30,12,42,94
09/30/2017,HKS,MS,ASO,CE,Federal Contract Tower,0,0,9,0,9,0,0,23,0,23,0,0,32,0,32,68,0,68,100
10/01/2017,HKS,MS,ASO,CE,Federal Contract Tower,0,2,9,0,11,0,0,12,0,12,0,2,21,0,23,44,0,44,67
10/02/2017,HKS,MS,ASO,CE,Federal Contract Tower,0,4,18,0,22,0,4,10,6,20,0,8,28,6,42,34,24,58,100
10/03/2017,HKS,MS,ASO,CE,Federal Contract Tower,0,6,6,2,14,0,1,12,2,15,0,7,18,4,29,4,0,4,33
10/04/2017,HKS,MS,ASO,CE,Federal Contract Tower,0,2,14,0,16,0,2,15,0,17,0,4,29,0,33,10,0,10,43
10/05/2017,HKS,MS,ASO,CE,Federal Contract Tower,0,6,15,0,21,0,2,20,2,24,0,8,35,2,45,38,18,56,101
10/06/2017,HKS,MS,ASO,CE,Federal Contract Tower,0,6,14,0,20,0,2,20,0,22,0,8,34,0,42,32,0,32,74
10/07/2017,HKS,MS,ASO,CE,Federal Contract Tower,0,1,6,0,7,0,0,10,0,10,0,1,16,0,17,16,0,16,33
10/08/2017,HKS,MS,ASO,CE,Federal Contract Tower,0,0,2,0,2,0,2,5,0,7,0,2,7,0,9,40,0,40,49
10/09/2017,HKS,MS,ASO,CE,Federal Contract Tower,0,6,7,0,13,0,5,8,0,13,0,11,15,0,26,64,0,64,90
10/10/2017,HKS,MS,ASO,CE,Federal Contract Tower,0,2,18,0,20,0,0,7,0,7,0,2,25,0,27,4,0,4,31
10/11/2017,HKS,MS,ASO,CE,Federal Contract Tower,0,5,23,7,35,0,2,14,2,18,0,7,37,9,53,18,0,18,71
10/12/2017,HKS,MS,ASO,CE,Federal Contract Tower,0,5,15,2,22,0,0,9,11,20,0,5,24,13,42,14,46,60,102
10/13/2017,HKS,MS,ASO,CE,Federal Contract Tower,0,2,15,5,22,0,2,22,5,29,0,4,37,10,51,34,8,42,93
10/14/2017,HKS,MS,ASO,CE,Federal Contract Tower,0,0,2,0,2,0,6,30,16,52,0,6,32,16,54,76,0,76,130
10/15/2017,HKS,MS,ASO,CE,Federal Contract Tower,0,0,16,2,18,0,4,16,1,21,0,4,32,3,39,40,4,44,83
10/16/2017,HKS,MS,ASO,CE,Federal Contract Tower,0,4,6,3,13,0,10,8,1,19,0,14,14,4,32,70,0,70,102
10/17/2017,HKS,MS,ASO,CE,Federal Contract Tower,0,2,10,1,13,0,6,19,7,32,0,8,29,8,45,46,4,50,95
10/18/2017,HKS,MS,ASO,CE,Federal Contract Tower,0,5,13,2,20,0,8,12,4,24,0,13,25,6,44,10,8,18,62
10/19/2017,HKS,MS,ASO,CE,Federal Contract Tower,0,3,25,1,29,0,6,20,4,30,0,9,45,5,59,84,8,92,151
10/20/2017,HKS,MS,ASO,CE,Federal Contract Tower,0,3,14,0,17,0,4,23,0,27,0,7,37,0,44,46,0,46,90
10/21/2017,HKS,MS,ASO,CE,Federal Contract Tower,0,0,14,0,14,0,0,6,0,6,0,0,20,0,20,20,0,20,40
10/22/2017,HKS,MS,ASO,CE,Federal Contract Tower,0,0,5,0,5,0,0,0,0,0,0,0,5,0,5,0,0,0,5
10/23/2017,HKS,MS,ASO,CE,Federal Contract Tower,0,4,8,0,12,0,4,10,0,14,0,8,18,0,26,58,0,58,84
10/24/2017,HKS,MS,ASO,CE,Federal Contract Tower,0,2,11,1,14,0,6,9,8,23,0,8,20,9,37,6,18,24,61
10/25/2017,HKS,MS,ASO,CE,Federal Contract Tower,0,5,16,1,22,0,0,15,3,18,0,5,31,4,40,14,0,14,54
10/26/2017,HKS,MS,ASO,CE,Federal Contract Tower,0,7,11,2,20,0,3,21,5,29,0,10,32,7,49,32,4,36,85
10/27/2017,HKS,MS,ASO,CE,Federal Contract Tower,0,2,20,0,22,0,0,10,2,12,0,2,30,2,34,16,0,16,50
10/28/2017,HKS,MS,ASO,CE,Federal Contract Tower,0,2,4,0,6,0,2,12,0,14,0,4,16,0,20,40,0,40,60
10/29/2017,HKS,MS,ASO,CE,Federal Contract Tower,0,0,10,0,10,0,10,21,0,31,0,10,31,0,41,14,0,14,55
10/30/2017,HKS,MS,ASO,CE,Federal Contract Tower,0,5,5,2,12,0,0,14,0,14,0,5,19,2,26,56,0,56,82
10/31/2017,HKS,MS,ASO,CE,Federal Contract Tower,0,4,6,0,10,0,2,7,5,14,0,6,13,5,24,0,0,0,24
11/01/2017,HKS,MS,ASO,CE,Federal Contract Tower,0,0,7,13,20,0,0,3,11,14,0,0,10,24,34,0,28,28,62
11/02/2017,HKS,MS,ASO,CE,Federal Contract Tower,0,4,23,0,27,0,2,9,3,14,0,6,32,3,41,16,28,44,85
11/03/2017,HKS,MS,ASO,CE,Federal Contract Tower,0,2,19,0,21,0,0,7,0,7,0,2,26,0,28,0,0,0,28
11/04/2017,HKS,MS,ASO,CE,Federal Contract Tower,0,0,11,0,11,0,2,11,0,13,0,2,22,0,24,8,0,8,32
11/05/2017,HKS,MS,ASO,CE,Federal Contract Tower,0,1,15,0,16,0,0,17,0,17,0,1,32,0,33,26,0,26,59
11/06/2017,HKS,MS,ASO,CE,Federal Contract Tower,0,6,12,0,18,0,1,12,0,13,0,7,24,0,31,54,0,54,85
11/07/2017,HKS,MS,ASO,CE,Federal Contract Tower,0,3,11,1,15,0,0,10,9,19,0,3,21,10,34,26,42,68,102
11/08/2017,HKS,MS,ASO,CE,Federal Contract Tower,0,6,10,0,16,0,0,0,0,0,0,6,10,0,16,2,0,2,18
11/09/2017,HKS,MS,ASO,CE,Federal Contract Tower,0,3,18,4,25,0,7,7,2,16,0,10,25,6,41,8,2,10,51
11/10/2017,HKS,MS,ASO,CE,Federal Contract Tower,0,2,5,0,7,0,5,12,0,17,0,7,17,0,24,0,0,0,24
11/11/2017,HKS,MS,ASO,CE,Federal Contract Tower,0,0,4,0,4,0,0,26,0,26,0,0,30,0,30,36,0,36,66
11/12/2017,HKS,MS,ASO,CE,Federal Contract Tower,0,0,12,0,12,0,0,17,0,17,0,0,29,0,29,30,0,30,59
11/13/2017,HKS,MS,ASO,CE,Federal Contract Tower,0,6,8,0,14,0,1,11,6,18,0,7,19,6,32,36,34,70,102
11/14/2017,HKS,MS,ASO,CE,Federal Contract Tower,0,3,8,2,13,0,7,14,9,30,0,10,22,11,43,18,28,46,89
11/15/2017,HKS,MS,ASO,CE,Federal Contract Tower,0,3,11,2,16,0,0,10,2,12,0,3,21,4,28,48,0,48,76
11/16/2017,HKS,MS,ASO,CE,Federal Contract Tower,0,2,18,2,22,0,0,12,2,14,0,2,30,4,36,22,0,22,58
11/17/2017,HKS,MS,ASO,CE,Federal Contract Tower,0,5,15,2,22,0,2,14,6,22,0,7,29,8,44,30,0,30,74
11/18/2017,HKS,MS,ASO,CE,Federal Contract Tower,0,0,4,0,4,0,0,2,0,2,0,0,6,0,6,0,0,0,6
11/19/2017,HKS,MS,ASO,CE,Federal Contract Tower,0,0,16,2,18,0,0,4,0,4,0,0,20,2,22,16,0,16,38
11/20/2017,HKS,MS,ASO,CE,Federal Contract Tower,0,6,5,0,11,0,6,14,0,20,0,12,19,0,31,126,0,126,157
11/21/2017,HKS,MS,ASO,CE,Federal Contract Tower,0,0,4,12,16,0,2,15,3,20,0,2,19,15,36,28,0,28,64
11/22/2017,HKS,MS,ASO,CE,Federal Contract Tower,0,2,17,0,19,0,2,16,0,18,0,4,33,0,37,10,0,10,47
11/23/2017,HKS,MS,ASO,CE,Federal Contract Tower,0,0,4,0,4,0,5,6,0,11,0,5,10,0,15,0,0,0,15
11/24/2017,HKS,MS,ASO,CE,Federal Contract Tower,0,2,3,0,5,0,2,9,0,11,0,4,12,0,16,14,0,14,30
11/25/2017,HKS,MS,ASO,CE,Federal Contract Tower,0,0,7,0,7,0,7,12,0,19,0,7,19,0,26,4,0,4,30
11/26/2017,HKS,MS,ASO,CE,Federal Contract Tower,0,0,14,0,14,0,10,14,0,24,0,10,28,0,38,28,0,28,66
11/27/2017,HKS,MS,ASO,CE,Federal Contract Tower,0,2,6,1,9,0,6,12,11,29,0,8,18,12,38,16,20,36,74
11/28/2017,HKS,MS,ASO,CE,Federal Contract Tower,0,3,17,5,25,0,5,25,10,40,0,8,42,15,65,78,60,138,203
11/30/2017,HKS,MS,ASO,CE,Federal Contract Tower,0,4,13,6,23,0,0,1,17,18,0,4,14,23,41,10,50,60,101
12/01/2017,HKS,MS,ASO,CE,Federal Contract Tower,0,4,8,2,14,0,0,10,5,15,0,4,18,7,29,12,22,34,63
12/02/2017,HKS,MS,ASO,CE,Federal Contract Tower,0,1,6,0,7,0,0,8,0,8,0,1,14,0,15,32,0,32,47
12/03/2017,HKS,MS,ASO,CE,Federal Contract Tower,0,0,12,0,12,0,2,17,0,19,0,2,29,0,31,14,0,14,45
12/04/2017,HKS,MS,ASO,CE,Federal Contract Tower,0,2,18,0,20,0,0,10,2,12,0,2,28,2,32,36,0,36,68
12/05/2017,HKS,MS,ASO,CE,Federal Contract Tower,0,5,8,0,13,0,0,0,4,4,0,5,8,4,17,0,20,20,37
12/06/2017,HKS,MS,ASO,CE,Federal Contract Tower,0,7,16,1,24,0,0,9,1,10,0,7,25,2,34,26,0,26,60
12/07/2017,HKS,MS,ASO,CE,Federal Contract Tower,0,4,18,5,27,0,0,6,4,10,0,4,24,9,37,10,0,10,47
12/08/2017,HKS,MS,ASO,CE,Federal Contract Tower,0,4,14,0,18,0,0,1,0,1,0,4,15,0,19,8,0,8,27
12/09/2017,HKS,MS,ASO,CE,Federal Contract Tower,0,0,7,0,7,0,2,7,0,9,0,2,14,0,16,6,0,6,22
12/10/2017,HKS,MS,ASO,CE,Federal Contract Tower,0,0,6,0,6,0,0,16,0,16,0,0,22,0,22,38,0,38,60
12/11/2017,HKS,MS,ASO,CE,Federal Contract Tower,0,2,11,1,14,0,2,17,4,23,0,4,28,5,37,34,0,34,71
12/12/2017,HKS,MS,ASO,CE,Federal Contract Tower,0,3,13,4,20,0,7,10,7,24,0,10,23,11,44,36,4,40,84
12/13/2017,HKS,MS,ASO,CE,Federal Contract Tower,0,5,14,0,19,0,8,20,4,32,0,13,34,4,51,4,0,4,55
12/14/2017,HKS,MS,ASO,CE,Federal Contract Tower,0,0,16,0,16,0,7,18,12,37,0,7,34,12,53,78,0,78,131
12/15/2017,HKS,MS,ASO,CE,Federal Contract Tower,0,4,17,2,23,0,4,11,5,20,0,8,28,7,43,46,10,56,99
12/16/2017,HKS,MS,ASO,CE,Federal Contract Tower,0,0,7,2,9,0,1,32,1,34,0,1,39,3,43,46,0,46,89
12/17/2017,HKS,MS,ASO,CE,Federal Contract Tower,0,3,12,0,15,0,0,0,0,0,0,3,12,0,15,10,0,10,25
12/18/2017,HKS,MS,ASO,CE,Federal Contract Tower,0,4,14,0,18,0,0,0,0,0,0,4,14,0,18,6,0,6,24
12/19/2017,HKS,MS,ASO,CE,Federal Contract Tower,0,12,12,0,24,0,0,0,0,0,0,12,12,0,24,4,0,4,28
12/20/2017,HKS,MS,ASO,CE,Federal Contract Tower,0,3,4,0,7,0,2,8,0,10,0,5,12,0,17,4,0,4,21
12/21/2017,HKS,MS,ASO,CE,Federal Contract Tower,0,4,14,1,19,0,2,17,4,23,0,6,31,5,42,78,14,92,134
12/22/2017,HKS,MS,ASO,CE,Federal Contract Tower,0,3,7,0,10,0,4,5,0,9,0,7,12,0,19,0,0,0,19
12/23/2017,HKS,MS,ASO,CE,Federal Contract Tower,0,0,2,0,2,0,2,0,0,2,0,2,2,0,4,0,0,0,4
12/24/2017,HKS,MS,ASO,CE,Federal Contract Tower,0,1,2,0,3,0,4,2,0,6,0,5,4,0,9,0,0,0,9
12/25/2017,HKS,MS,ASO,CE,Federal Contract Tower,0,0,1,0,1,0,2,2,0,4,0,2,3,0,5,2,0,2,7
12/26/2017,HKS,MS,ASO,CE,Federal Contract Tower,0,4,9,0,13,0,3,6,0,9,0,7,15,0,22,20,0,20,42
12/27/2017,HKS,MS,ASO,CE,Federal Contract Tower,0,2,5,0,7,0,0,0,5,5,0,2,5,5,12,4,0,4,16
12/28/2017,HKS,MS,ASO,CE,Federal Contract Tower,0,2,9,0,11,0,5,8,0,13,0,7,17,0,24,32,0,32,56
12/29/2017,HKS,MS,ASO,CE,Federal Contract Tower,0,3,16,0,19,0,0,18,0,18,0,3,34,0,37,90,0,90,127
12/30/2017,HKS,MS,ASO,CE,Federal Contract Tower,0,0,15,0,15,0,2,4,0,6,0,2,19,0,21,28,0,28,49
12/31/2017,HKS,MS,ASO,CE,Federal Contract Tower,0,0,1,0,1,0,0,0,0,0,0,0,1,0,1,0,0,0,1
01/01/2018,HKS,MS,ASO,CE,Federal Contract Tower,0,1,5,0,6,0,3,4,0,7,0,4,9,0,13,4,0,4,17
01/02/2018,HKS,MS,ASO,CE,Federal Contract Tower,0,3,2,5,10,0,0,8,1,9,0,3,10,6,19,18,28,46,65
01/03/2018,HKS,MS,ASO,CE,Federal Contract Tower,0,2,3,0,5,0,0,5,0,5,0,2,8,0,10,0,0,0,10
01/04/2018,HKS,MS,ASO,CE,Federal Contract Tower,0,2,8,0,10,0,12,6,9,27,0,14,14,9,37,0,14,14,51
01/05/2018,HKS,MS,ASO,CE,Federal Contract Tower,0,2,5,0,7,0,2,13,2,17,0,4,18,2,24,2,0,2,26
01/06/2018,HKS,MS,ASO,CE,Federal Contract Tower,0,2,11,0,13,0,2,15,4,21,0,4,26,4,34,68,0,68,102
01/07/2018,HKS,MS,ASO,CE,Federal Contract Tower,0,0,3,0,3,0,4,10,2,16,0,4,13,2,19,28,0,28,47
01/08/2018,HKS,MS,ASO,CE,Federal Contract Tower,0,4,6,0,10,0,0,0,0,0,0,4,6,0,10,0,0,0,10
01/09/2018,HKS,MS,ASO,CE,Federal Contract Tower,0,6,11,0,17,0,0,0,0,0,0,6,11,0,17,2,0,2,19
01/10/2018,HKS,MS,ASO,CE,Federal Contract Tower,0,5,9,0,14,0,1,0,0,1,0,6,9,0,15,2,0,2,17
01/11/2018,HKS,MS,ASO,CE,Federal Contract Tower,0,5,10,0,15,0,0,4,0,4,0,5,14,0,19,12,8,20,39
01/12/2018,HKS,MS,ASO,CE,Federal Contract Tower,0,2,8,0,10,0,0,0,1,1,0,2,8,1,11,0,0,0,11
01/13/2018,HKS,MS,ASO,CE,Federal Contract Tower,0,0,7,0,7,0,2,27,1,30,0,2,34,1,37,76,0,76,113
01/14/2018,HKS,MS,ASO,CE,Federal Contract Tower,0,0,5,0,5,0,4,10,0,14,0,4,15,0,19,28,0,28,47
01/15/2018,HKS,MS,ASO,CE,Federal Contract Tower,0,2,7,0,9,0,0,20,0,20,0,2,27,0,29,34,0,34,63
01/16/2018,HKS,MS,ASO,CE,Federal Contract Tower,0,0,1,0,1,0,0,0,0,0,0,0,1,0,1,0,0,0,1
01/17/2018,HKS,MS,ASO,CE,Federal Contract Tower,0,0,7,0,7,0,9,2,0,11,0,9,9,0,18,4,0,4,22
01/18/2018,HKS,MS,ASO,CE,Federal Contract Tower,0,4,15,2,21,0,4,8,7,19,0,8,23,9,40,16,12,28,68
01/19/2018,HKS,MS,ASO,CE,Federal Contract Tower,0,6,14,0,20,0,14,19,0,33,0,20,33,0,53,48,46,94,147
01/20/2018,HKS,MS,ASO,CE,Federal Contract Tower,0,0,12,0,12,0,2,7,0,9,0,2,19,0,21,16,0,16,37
01/21/2018,HKS,MS,ASO,CE,Federal Contract Tower,0,2,11,0,13,0,7,7,0,14,0,9,18,0,27,24,0,24,51
01/22/2018,HKS,MS,ASO,CE,Federal Contract Tower,0,4,15,0,19,0,6,10,0,16,0,10,25,0,35,24,0,24,59
01/23/2018,HKS,MS,ASO,CE,Federal Contract Tower,0,2,18,0,20,0,1,10,0,11,0,3,28,0,31,16,0,16,47
01/24/2018,HKS,MS,ASO,CE,Federal Contract Tower,0,2,21,2,25,0,3,7,14,24,0,5,28,16,49,48,24,72,121
01/25/2018,HKS,MS,ASO,CE,Federal Contract Tower,0,2,23,2,27,0,4,15,9,28,0,6,38,11,55,12,16,28,83
01/26/2018,HKS,MS,ASO,CE,Federal Contract Tower,0,2,14,2,18,0,7,9,3,19,0,9,23,5,37,12,0,12,49
01/27/2018,HKS,MS,ASO,CE,Federal Contract Tower,0,1,2,0,3,0,0,0,0,0,0,1,2,0,3,4,0,4,7
01/28/2018,HKS,MS,ASO,CE,Federal Contract Tower,0,0,0,0,0,0,0,0,0,0,0,0,0,0,0,0,0,0,0
01/29/2018,HKS,MS,ASO,CE,Federal Contract Tower,0,2,9,5,16,0,4,6,1,11,0,6,15,6,27,50,0,50,77
01/30/2018,HKS,MS,ASO,CE,Federal Contract Tower,0,4,9,1,14,0,2,16,7,25,0,6,25,8,39,52,12,64,103
01/31/2018,HKS,MS,ASO,CE,Federal Contract Tower,0,2,14,0,16,0,6,14,2,22,0,8,28,2,38,10,0,10,48
02/01/2018,HKS,MS,ASO,CE,Federal Contract Tower,0,2,13,2,17,0,3,12,2,17,0,5,25,4,34,18,12,30,64
02/02/2018,HKS,MS,ASO,CE,Federal Contract Tower,0,2,10,1,13,0,4,19,9,32,0,6,29,10,45,24,36,60,105
02/03/2018,HKS,MS,ASO,CE,Federal Contract Tower,0,2,3,0,5,0,2,13,5,20,0,4,16,5,25,32,6,38,63
02/04/2018,HKS,MS,ASO,CE,Federal Contract Tower,0,0,7,0,7,0,0,6,0,6,0,0,13,0,13,64,0,64,77
02/05/2018,HKS,MS,ASO,CE,Federal Contract Tower,0,2,12,0,14,0,4,13,6,23,0,6,25,6,37,42,28,70,107
02/06/2018,HKS,MS,ASO,CE,Federal Contract Tower,0,4,11,6,21,0,6,1,6,13,0,10,12,12,34,2,16,18,52
02/07/2018,HKS,MS,ASO,CE,Federal Contract Tower,0,3,6,0,9,0,0,0,1,1,0,3,6,1,10,0,0,0,10
02/08/2018,HKS,MS,ASO,CE,Federal Contract Tower,0,7,18,2,27,0,5,16,6,27,0,12,34,8,54,12,0,12,66
02/09/2018,HKS,MS,ASO,CE,Federal Contract Tower,0,4,12,4,20,0,2,1,3,6,0,6,13,7,26,0,20,20,46
02/10/2018,HKS,MS,ASO,CE,Federal Contract Tower,0,4,3,0,7,0,0,0,0,0,0,4,3,0,7,0,0,0,7
02/11/2018,HKS,MS,ASO,CE,Federal Contract Tower,0,0,8,0,8,0,0,0,0,0,0,0,8,0,8,0,0,0,8
02/12/2018,HKS,MS,ASO,CE,Federal Contract Tower,0,3,16,0,19,0,0,0,0,0,0,3,16,0,19,4,0,4,23
02/13/2018,HKS,MS,ASO,CE,Federal Contract Tower,0,2,21,1,24,0,0,5,7,12,0,2,26,8,36,28,8,36,72
02/14/2018,HKS,MS,ASO,CE,Federal Contract Tower,0,4,17,0,21,0,2,0,0,2,0,6,17,0,23,10,0,10,33
02/15/2018,HKS,MS,ASO,CE,Federal Contract Tower,0,4,12,0,16,0,2,7,7,16,0,6,19,7,32,2,12,14,46
02/16/2018,HKS,MS,ASO,CE,Federal Contract Tower,0,11,19,0,30,0,1,1,3,5,0,12,20,3,35,24,10,34,69
02/17/2018,HKS,MS,ASO,CE,Federal Contract Tower,0,2,6,0,8,0,0,3,0,3,0,2,9,0,11,4,0,4,15
02/18/2018,HKS,MS,ASO,CE,Federal Contract Tower,0,1,15,0,16,0,0,0,0,0,0,1,15,0,16,6,0,6,22
02/19/2018,HKS,MS,ASO,CE,Federal Contract Tower,0,2,13,0,15,0,8,11,0,19,0,10,24,0,34,22,0,22,56
02/20/2018,HKS,MS,ASO,CE,Federal Contract Tower,0,2,13,4,19,0,7,9,10,26,0,9,22,14,45,28,10,38,83
02/21/2018,HKS,MS,ASO,CE,Federal Contract Tower,0,4,6,2,12,0,0,5,5,10,0,4,11,7,22,20,2,22,44
02/22/2018,HKS,MS,ASO,CE,Federal Contract Tower,0,3,13,2,18,0,0,13,1,14,0,3,26,3,32,70,8,78,110
02/23/2018,HKS,MS,ASO,CE,Federal Contract Tower,0,4,18,5,27,0,0,2,2,4,0,4,20,7,31,22,0,22,53
02/24/2018,HKS,MS,ASO,CE,Federal Contract Tower,0,0,6,0,6,0,0,4,0,4,0,0,10,0,10,0,0,0,10
02/25/2018,HKS,MS,ASO,CE,Federal Contract Tower,0,0,11,0,11,0,0,0,0,0,0,0,11,0,11,4,0,4,15
02/26/2018,HKS,MS,ASO,CE,Federal Contract Tower,0,7,13,0,20,0,4,13,0,17,0,11,26,0,37,20,0,20,57
02/27/2018,HKS,MS,ASO,CE,Federal Contract Tower,0,7,11,0,18,0,1,8,6,15,0,8,19,6,33,24,8,32,65
02/28/2018,HKS,MS,ASO,CE,Federal Contract Tower,0,0,8,1,9,0,1,2,3,6,0,1,10,4,15,0,12,12,27
03/01/2018,HKS,MS,ASO,CE,Federal Contract Tower,0,7,9,2,18,0,3,11,2,16,0,10,20,4,34,0,0,0,34
03/02/2018,HKS,MS,ASO,CE,Federal Contract Tower,0,6,17,0,23,0,3,17,5,25,0,9,34,5,48,34,0,34,82
03/03/2018,HKS,MS,ASO,CE,Federal Contract Tower,0,0,9,0,9,0,3,29,0,32,0,3,38,0,41,64,0,64,105
03/04/2018,HKS,MS,ASO,CE,Federal Contract Tower,0,2,9,2,13,0,2,27,0,29,0,4,36,2,42,62,4,66,108
03/05/2018,HKS,MS,ASO,CE,Federal Contract Tower,0,5,10,2,17,0,2,10,10,22,0,7,20,12,39,16,12,28,67
03/06/2018,HKS,MS,ASO,CE,Federal Contract Tower,0,6,11,2,19,0,2,19,6,27,0,8,30,8,46,28,26,54,100
03/07/2018,HKS,MS,ASO,CE,Federal Contract Tower,0,3,11,2,16,0,0,23,3,26,0,3,34,5,42,36,0,36,78
03/08/2018,HKS,MS,ASO,CE,Federal Contract Tower,0,5,14,0,19,0,4,29,3,36,0,9,43,3,55,80,38,118,173
03/09/2018,HKS,MS,ASO,CE,Federal Contract Tower,0,6,22,3,31,0,2,35,7,44,0,8,57,10,75,40,10,50,125
03/10/2018,HKS,MS,ASO,CE,Federal Contract Tower,0,2,7,0,9,0,2,11,0,13,0,4,18,0,22,22,0,22,44
03/11/2018,HKS,MS,ASO,CE,Federal Contract Tower,0,2,13,0,15,0,0,0,0,0,0,2,13,0,15,2,0,2,17
03/12/2018,HKS,MS,ASO,CE,Federal Contract Tower,0,4,19,0,23,0,0,10,0,10,0,4,29,0,33,8,0,8,41
03/13/2018,HKS,MS,ASO,CE,Federal Contract Tower,0,2,8,2,12,0,8,18,5,31,0,10,26,7,43,30,16,46,89
03/14/2018,HKS,MS,ASO,CE,Federal Contract Tower,0,2,16,0,18,0,0,16,10,26,0,2,32,10,44,28,0,28,72
03/15/2018,HKS,MS,ASO,CE,Federal Contract Tower,0,2,14,0,16,0,8,14,3,25,0,10,28,3,41,32,56,88,129
03/16/2018,HKS,MS,ASO,CE,Federal Contract Tower,0,2,6,1,9,0,0,0,0,0,0,2,6,1,9,0,0,0,9
03/17/2018,HKS,MS,ASO,CE,Federal Contract Tower,0,0,7,0,7,0,0,6,0,6,0,0,13,0,13,26,0,26,39
03/18/2018,HKS,MS,ASO,CE,Federal Contract Tower,0,0,13,0,13,0,0,0,0,0,0,0,13,0,13,0,0,0,13
03/19/2018,HKS,MS,ASO,CE,Federal Contract Tower,0,2,17,0,19,0,4,0,6,10,0,6,17,6,29,0,2,2,31
03/20/2018,HKS,MS,ASO,CE,Federal Contract Tower,0,3,5,0,8,0,0,6,4,10,0,3,11,4,18,4,0,4,22
03/21/2018,HKS,MS,ASO,CE,Federal Contract Tower,0,2,11,0,13,0,2,13,9,24,0,4,24,9,37,28,20,48,85
03/22/2018,HKS,MS,ASO,CE,Federal Contract Tower,0,4,13,0,17,0,0,19,4,23,0,4,32,4,40,24,32,56,96
03/23/2018,HKS,MS,ASO,CE,Federal Contract Tower,0,2,18,0,20,0,5,20,4,29,0,7,38,4,49,58,2,60,109
03/24/2018,HKS,MS,ASO,CE,Federal Contract Tower,0,0,7,0,7,0,4,2,4,10,0,4,9,4,17,4,8,12,29
03/25/2018,HKS,MS,ASO,CE,Federal Contract Tower,0,0,14,0,14,0,0,6,0,6,0,0,20,0,20,98,0,98,118
03/26/2018,HKS,MS,ASO,CE,Federal Contract Tower,0,5,14,0,19,0,5,6,0,11,0,10,20,0,30,0,0,0,30
03/27/2018,HKS,MS,ASO,CE,Federal Contract Tower,0,3,11,5,19,0,3,10,2,15,0,6,21,7,34,2,4,6,40
03/28/2018,HKS,MS,ASO,CE,Federal Contract Tower,0,3,17,0,20,0,0,4,0,4,0,3,21,0,24,20,0,20,44
03/29/2018,HKS,MS,ASO,CE,Federal Contract Tower,0,2,5,0,7,0,0,2,0,2,0,2,7,0,9,0,0,0,9
03/30/2018,HKS,MS,ASO,CE,Federal Contract Tower,0,3,13,0,16,0,9,9,0,18,0,12,22,0,34,38,0,38,72
03/31/2018,HKS,MS,ASO,CE,Federal Contract Tower,0,1,7,0,8,0,1,21,0,22,0,2,28,0,30,50,0,50,80
04/01/2018,HKS,MS,ASO,CE,Federal Contract Tower,0,0,6,0,6,0,0,0,0,0,0,0,6,0,6,24,0,24,30
04/02/2018,HKS,MS,ASO,CE,Federal Contract Tower,0,2,20,0,22,0,4,10,1,15,0,6,30,1,37,26,0,26,63
04/03/2018,HKS,MS,ASO,CE,Federal Contract Tower,0,3,3,0,6,0,5,4,4,13,0,8,7,4,19,18,0,18,37
04/04/2018,HKS,MS,ASO,CE,Federal Contract Tower,0,3,10,0,13,0,6,7,3,16,0,9,17,3,29,58,2,60,89
04/05/2018,HKS,MS,ASO,CE,Federal Contract Tower,0,2,20,0,22,0,6,19,4,29,0,8,39,4,51,28,8,36,87
04/06/2018,HKS,MS,ASO,CE,Federal Contract Tower,0,6,18,5,29,0,0,8,6,14,0,6,26,11,43,38,14,52,95
04/07/2018,HKS,MS,ASO,CE,Federal Contract Tower,0,9,3,0,12,0,0,0,0,0,0,9,3,0,12,2,0,2,14
04/08/2018,HKS,MS,ASO,CE,Federal Contract Tower,0,2,19,1,22,0,6,18,2,26,0,8,37,3,48,92,0,92,140
04/09/2018,HKS,MS,ASO,CE,Federal Contract Tower,0,7,5,3,15,0,1,6,0,7,0,8,11,3,22,6,2,8,30
04/10/2018,HKS,MS,ASO,CE,Federal Contract Tower,0,4,5,3,12,0,2,14,11,27,0,6,19,14,39,72,52,124,163
04/11/2018,HKS,MS,ASO,CE,Federal Contract Tower,0,2,13,0,15,0,4,16,2,22,0,6,29,2,37,42,16,58,95
04/12/2018,HKS,MS,ASO,CE,Federal Contract Tower,0,7,15,2,24,0,5,10,4,19,0,12,25,6,43,20,8,28,71
04/13/2018,HKS,MS,ASO,CE,Federal Contract Tower,0,6,9,0,15,0,0,6,4,10,0,6,15,4,25,6,0,6,31
04/14/2018,HKS,MS,ASO,CE,Federal Contract Tower,0,0,4,0,4,0,0,0,0,0,0,0,4,0,4,4,0,4,8
04/15/2018,HKS,MS,ASO,CE,Federal Contract Tower,0,2,13,0,15,0,4,19,0,23,0,6,32,0,38,8,0,8,46
04/16/2018,HKS,MS,ASO,CE,Federal Contract Tower,0,3,19,1,23,0,0,11,5,16,0,3,30,6,39,0,0,0,39
04/17/2018,HKS,MS,ASO,CE,Federal Contract Tower,0,7,16,2,25,0,2,18,5,25,0,9,34,7,50,42,36,78,128
04/18/2018,HKS,MS,ASO,CE,Federal Contract Tower,0,4,15,0,19,0,4,9,0,13,0,8,24,0,32,0,0,0,32
04/19/2018,HKS,MS,ASO,CE,Federal Contract Tower,0,3,19,0,22,0,5,16,0,21,0,8,35,0,43,24,8,32,75
04/20/2018,HKS,MS,ASO,CE,Federal Contract Tower,0,4,19,1,24,0,3,29,10,42,0,7,48,11,66,32,36,68,134
04/21/2018,HKS,MS,ASO,CE,Federal Contract Tower,0,2,14,2,18,0,3,27,2,32,0,5,41,4,50,8,8,16,66
04/22/2018,HKS,MS,ASO,CE,Federal Contract Tower,0,1,17,0,18,0,0,2,0,2,0,1,19,0,20,16,0,16,36
04/23/2018,HKS,MS,ASO,CE,Federal Contract Tower,0,8,13,0,21,0,0,8,0,8,0,8,21,0,29,22,0,22,51
04/24/2018,HKS,MS,ASO,CE,Federal Contract Tower,0,5,14,2,21,0,2,12,5,19,0,7,26,7,40,12,16,28,68
04/25/2018,HKS,MS,ASO,CE,Federal Contract Tower,0,6,16,0,22,0,3,18,2,23,0,9,34,2,45,46,0,46,91
04/26/2018,HKS,MS,ASO,CE,Federal Contract Tower,0,2,18,7,27,0,4,7,1,12,0,6,25,8,39,4,18,22,61
04/27/2018,HKS,MS,ASO,CE,Federal Contract Tower,0,2,18,1,21,0,6,21,5,32,0,8,39,6,53,12,12,24,77
04/28/2018,HKS,MS,ASO,CE,Federal Contract Tower,0,2,14,0,16,0,4,34,0,38,0,6,48,0,54,60,0,60,114
04/29/2018,HKS,MS,ASO,CE,Federal Contract Tower,0,0,10,0,10,0,6,15,0,21,0,6,25,0,31,68,0,68,99
04/30/2018,HKS,MS,ASO,CE,Federal Contract Tower,0,4,12,0,16,0,2,18,4,24,0,6,30,4,40,4,6,10,50
05/01/2018,HKS,MS,ASO,CE,Federal Contract Tower,0,6,7,0,13,0,2,7,18,27,0,8,14,18,40,0,28,28,68
05/02/2018,HKS,MS,ASO,CE,Federal Contract Tower,0,4,9,0,13,0,1,3,0,4,0,5,12,0,17,8,0,8,25
05/03/2018,HKS,MS,ASO,CE,Federal Contract Tower,0,4,13,3,20,0,4,16,5,25,0,8,29,8,45,22,0,22,67
05/04/2018,HKS,MS,ASO,CE,Federal Contract Tower,0,2,19,4,25,0,0,7,0,7,0,2,26,4,32,20,0,20,52
05/05/2018,HKS,MS,ASO,CE,Federal Contract Tower,0,0,2,0,2,0,2,1,0,3,0,2,3,0,5,2,0,2,7
05/06/2018,HKS,MS,ASO,CE,Federal Contract Tower,0,0,15,0,15,0,4,35,0,39,0,4,50,0,54,42,0,42,96
05/07/2018,HKS,MS,ASO,CE,Federal Contract Tower,0,4,13,0,17,0,0,12,0,12,0,4,25,0,29,4,0,4,33
05/08/2018,HKS,MS,ASO,CE,Federal Contract Tower,0,5,28,2,35,0,1,22,16,39,0,6,50,18,74,14,6,20,94
05/09/2018,HKS,MS,ASO,CE,Federal Contract Tower,0,5,33,2,40,0,5,11,0,16,0,10,44,2,56,10,0,10,66
05/10/2018,HKS,MS,ASO,CE,Federal Contract Tower,0,4,24,3,31,0,12,19,9,40,0,16,43,12,71,18,34,52,123
05/11/2018,HKS,MS,ASO,CE,Federal Contract Tower,0,6,19,1,26,0,2,15,7,24,0,8,34,8,50,10,0,10,60
05/12/2018,HKS,MS,ASO,CE,Federal Contract Tower,0,0,6,0,6,0,4,18,0,22,0,4,24,0,28,36,0,36,64
05/13/2018,HKS,MS,ASO,CE,Federal Contract Tower,0,3,19,0,22,0,0,14,0,14,0,3,33,0,36,42,0,42,78
05/14/2018,HKS,MS,ASO,CE,Federal Contract Tower,0,3,18,1,22,0,9,11,1,21,0,12,29,2,43,4,14,18,61
05/15/2018,HKS,MS,ASO,CE,Federal Contract Tower,0,7,5,1,13,0,9,26,11,46,0,16,31,12,59,14,6,20,79
05/16/2018,HKS,MS,ASO,CE,Federal Contract Tower,0,11,12,0,23,0,0,15,7,22,0,11,27,7,45,4,0,4,49
05/17/2018,HKS,MS,ASO,CE,Federal Contract Tower,0,5,15,0,20,0,0,12,2,14,0,5,27,2,34,2,4,6,40
05/18/2018,HKS,MS,ASO,CE,Federal Contract Tower,0,5,9,0,14,0,5,32,3,40,0,10,41,3,54,22,0,22,76
05/19/2018,HKS,MS,ASO,CE,Federal Contract Tower,0,0,10,0,10,0,2,21,11,34,0,2,31,11,44,6,0,6,50
05/20/2018,HKS,MS,ASO,CE,Federal Contract Tower,0,0,7,1,8,0,4,14,3,21,0,4,21,4,29,18,0,18,47
05/21/2018,HKS,MS,ASO,CE,Federal Contract Tower,0,2,2,0,4,0,0,3,21,24,0,2,5,21,28,22,0,22,50
05/22/2018,HKS,MS,ASO,CE,Federal Contract Tower,0,3,14,2,19,0,0,3,7,10,0,3,17,9,29,2,28,30,59
05/23/2018,HKS,MS,ASO,CE,Federal Contract Tower,0,5,19,0,24,0,0,3,2,5,0,5,22,2,29,24,0,24,53
05/24/2018,HKS,MS,ASO,CE,Federal Contract Tower,0,4,24,0,28,0,3,9,3,15,0,7,33,3,43,32,0,32,75
05/25/2018,HKS,MS,ASO,CE,Federal Contract Tower,0,4,7,0,11,0,0,9,0,9,0,4,16,0,20,32,0,32,52
05/26/2018,HKS,MS,ASO,CE,Federal Contract Tower,0,0,10,0,10,0,2,1,0,3,0,2,11,0,13,6,0,6,19
05/27/2018,HKS,MS,ASO,CE,Federal Contract Tower,0,2,4,0,6,0,9,9,0,18,0,11,13,0,24,6,0,6,30
05/28/2018,HKS,MS,ASO,CE,Federal Contract Tower,0,2,9,0,11,0,5,24,0,29,0,7,33,0,40,38,0,38,78
05/29/2018,HKS,MS,ASO,CE,Federal Contract Tower,0,3,12,9,24,0,3,7,2,12,0,6,19,11,36,0,8,8,44
05/30/2018,HKS,MS,ASO,CE,Federal Contract Tower,0,2,15,0,17,0,5,17,2,24,0,7,32,2,41,24,6,30,71
05/31/2018,HKS,MS,ASO,CE,Federal Contract Tower,0,3,11,2,16,0,8,12,10,30,0,11,23,12,46,46,24,70,116
06/01/2018,HKS,MS,ASO,CE,Federal Contract Tower,0,5,17,0,22,0,10,6,10,26,0,15,23,10,48,12,4,16,64
06/02/2018,HKS,MS,ASO,CE,Federal Contract Tower,0,0,9,0,9,0,4,17,0,21,0,4,26,0,30,42,0,42,72
06/03/2018,HKS,MS,ASO,CE,Federal Contract Tower,0,0,17,0,17,0,6,10,0,16,0,6,27,0,33,18,0,18,51
06/04/2018,HKS,MS,ASO,CE,Federal Contract Tower,0,4,10,0,14,0,2,21,0,23,0,6,31,0,37,44,0,44,81
06/05/2018,HKS,MS,ASO,CE,Federal Contract Tower,0,2,13,1,16,0,2,5,0,7,0,4,18,1,23,4,0,4,27
06/06/2018,HKS,MS,ASO,CE,Federal Contract Tower,0,5,17,3,25,0,5,19,7,31,0,10,36,10,56,46,0,46,102
06/07/2018,HKS,MS,ASO,CE,Federal Contract Tower,0,3,17,0,20,0,1,8,4,13,0,4,25,4,33,12,2,14,47
06/08/2018,HKS,MS,ASO,CE,Federal Contract Tower,0,2,20,1,23,0,9,26,8,43,0,11,46,9,66,76,4,80,146
06/09/2018,HKS,MS,ASO,CE,Federal Contract Tower,0,0,11,0,11,0,4,29,4,37,0,4,40,4,48,18,8,26,74
06/10/2018,HKS,MS,ASO,CE,Federal Contract Tower,0,0,11,0,11,0,2,19,3,24,0,2,30,3,35,34,0,34,69
06/11/2018,HKS,MS,ASO,CE,Federal Contract Tower,0,2,17,0,19,0,8,11,0,19,0,10,28,0,38,4,0,4,42
06/12/2018,HKS,MS,ASO,CE,Federal Contract Tower,0,8,13,2,23,0,2,13,6,21,0,10,26,8,44,40,20,60,104
06/13/2018,HKS,MS,ASO,CE,Federal Contract Tower,0,3,16,0,19,0,2,2,0,4,0,5,18,0,23,6,0,6,29
06/14/2018,HKS,MS,ASO,CE,Federal Contract Tower,0,6,24,0,30,0,3,9,6,18,0,9,33,6,48,24,26,50,98
06/15/2018,HKS,MS,ASO,CE,Federal Contract Tower,0,7,17,2,26,0,2,18,4,24,0,9,35,6,50,20,4,24,74
06/16/2018,HKS,MS,ASO,CE,Federal Contract Tower,0,0,21,0,21,0,2,23,0,25,0,2,44,0,46,38,0,38,84
06/17/2018,HKS,MS,ASO,CE,Federal Contract Tower,0,0,9,0,9,0,2,8,2,12,0,2,17,2,21,18,0,18,39
06/18/2018,HKS,MS,ASO,CE,Federal Contract Tower,0,3,9,0,12,0,4,6,0,10,0,7,15,0,22,0,0,0,22
06/19/2018,HKS,MS,ASO,CE,Federal Contract Tower,0,7,22,6,35,0,3,12,7,22,0,10,34,13,57,30,22,52,109
06/20/2018,HKS,MS,ASO,CE,Federal Contract Tower,0,5,15,0,20,0,2,4,4,10,0,7,19,4,30,2,0,2,32
06/21/2018,HKS,MS,ASO,CE,Federal Contract Tower,0,2,14,2,18,0,0,8,3,11,0,2,22,5,29,2,0,2,31
06/22/2018,HKS,MS,ASO,CE,Federal Contract Tower,0,2,14,2,18,0,0,1,2,3,0,2,15,4,21,12,0,12,33
06/23/2018,HKS,MS,ASO,CE,Federal Contract Tower,0,2,8,3,13,0,0,12,4,16,0,2,20,7,29,32,0,32,61
06/24/2018,HKS,MS,ASO,CE,Federal Contract Tower,0,0,13,0,13,0,0,8,0,8,0,0,21,0,21,26,0,26,47
06/25/2018,HKS,MS,ASO,CE,Federal Contract Tower,0,3,7,1,11,0,0,14,2,16,0,3,21,3,27,30,0,30,57
06/26/2018,HKS,MS,ASO,CE,Federal Contract Tower,0,3,3,4,10,0,5,15,7,27,0,8,18,11,37,0,20,20,57
06/27/2018,HKS,MS,ASO,CE,Federal Contract Tower,0,2,13,0,15,0,0,20,2,22,0,2,33,2,37,40,0,40,77
06/28/2018,HKS,MS,ASO,CE,Federal Contract Tower,0,2,15,2,19,0,5,17,9,31,0,7,32,11,50,32,18,50,100
06/29/2018,HKS,MS,ASO,CE,Federal Contract Tower,0,2,14,1,17,0,4,13,2,19,0,6,27,3,36,16,0,16,52
06/30/2018,HKS,MS,ASO,CE,Federal Contract Tower,0,0,7,0,7,0,6,18,0,24,0,6,25,0,31,16,0,16,47
07/01/2018,HKS,MS,ASO,CE,Federal Contract Tower,0,0,8,0,8,0,2,18,0,20,0,2,26,0,28,16,0,16,44
07/02/2018,HKS,MS,ASO,CE,Federal Contract Tower,0,2,6,0,8,0,7,8,0,15,0,9,14,0,23,4,0,4,27
07/03/2018,HKS,MS,ASO,CE,Federal Contract Tower,0,3,11,1,15,0,2,2,1,5,0,5,13,2,20,0,0,0,20
07/04/2018,HKS,MS,ASO,CE,Federal Contract Tower,0,0,6,0,6,0,3,9,0,12,0,3,15,0,18,28,0,28,46
07/05/2018,HKS,MS,ASO,CE,Federal Contract Tower,0,2,15,3,20,0,5,13,3,21,0,7,28,6,41,40,8,48,89
07/06/2018,HKS,MS,ASO,CE,Federal Contract Tower,0,2,14,3,19,0,1,8,3,12,0,3,22,6,31,10,0,10,41
07/07/2018,HKS,MS,ASO,CE,Federal Contract Tower,0,0,8,0,8,0,2,7,0,9,0,2,15,0,17,32,0,32,49
07/08/2018,HKS,MS,ASO,CE,Federal Contract Tower,0,0,14,0,14,0,2,3,0,5,0,2,17,0,19,4,0,4,23
07/09/2018,HKS,MS,ASO,CE,Federal Contract Tower,0,2,9,5,16,0,2,2,0,4,0,4,11,5,20,0,0,0,20
07/10/2018,HKS,MS,ASO,CE,Federal Contract Tower,0,5,7,1,13,0,6,18,10,34,0,11,25,11,47,16,38,54,101
07/11/2018,HKS,MS,ASO,CE,Federal Contract Tower,0,3,12,0,15,0,1,12,4,17,0,4,24,4,32,26,4,30,62
07/12/2018,HKS,MS,ASO,CE,Federal Contract Tower,0,2,15,0,17,0,0,9,6,15,0,2,24,6,32,10,16,26,58
07/13/2018,HKS,MS,ASO,CE,Federal Contract Tower,0,2,14,1,17,0,6,14,3,23,0,8,28,4,40,26,10,36,76
07/14/2018,HKS,MS,ASO,CE,Federal Contract Tower,0,0,8,0,8,0,2,19,4,25,0,2,27,4,33,60,0,60,93
07/15/2018,HKS,MS,ASO,CE,Federal Contract Tower,0,0,13,3,16,0,3,17,0,20,0,3,30,3,36,62,0,62,98
07/16/2018,HKS,MS,ASO,CE,Federal Contract Tower,0,2,10,0,12,0,10,1,0,11,0,12,11,0,23,24,0,24,47
07/17/2018,HKS,MS,ASO,CE,Federal Contract Tower,0,3,5,6,14,0,3,0,18,21,0,6,5,24,35,18,36,54,89
07/18/2018,HKS,MS,ASO,CE,Federal Contract Tower,0,4,15,1,20,0,2,8,2,12,0,6,23,3,32,16,0,16,48
07/19/2018,HKS,MS,ASO,CE,Federal Contract Tower,0,2,14,7,23,0,3,19,0,22,0,5,33,7,45,42,26,68,113
07/20/2018,HKS,MS,ASO,CE,Federal Contract Tower,0,2,23,0,25,0,2,9,0,11,0,4,32,0,36,62,0,62,98
07/21/2018,HKS,MS,ASO,CE,Federal Contract Tower,0,0,14,0,14,0,9,19,12,40,0,9,33,12,54,40,64,104,158
07/22/2018,HKS,MS,ASO,CE,Federal Contract Tower,0,0,9,6,15,0,2,13,0,15,0,2,22,6,30,78,8,86,116
07/23/2018,HKS,MS,ASO,CE,Federal Contract Tower,0,6,19,4,29,0,7,25,6,38,0,13,44,10,67,24,32,56,123
07/24/2018,HKS,MS,ASO,CE,Federal Contract Tower,0,4,17,2,23,0,7,12,3,22,0,11,29,5,45,30,24,54,99
07/25/2018,HKS,MS,ASO,CE,Federal Contract Tower,0,3,8,0,11,0,0,7,2,9,0,3,15,2,20,0,0,0,20
07/26/2018,HKS,MS,ASO,CE,Federal Contract Tower,0,2,8,1,11,0,3,17,5,25,0,5,25,6,36,12,0,12,48
07/27/2018,HKS,MS,ASO,CE,Federal Contract Tower,0,2,5,1,8,0,4,15,0,19,0,6,20,1,27,28,0,28,55
07/28/2018,HKS,MS,ASO,CE,Federal Contract Tower,0,0,7,0,7,0,0,9,0,9,0,0,16,0,16,50,0,50,66
07/29/2018,HKS,MS,ASO,CE,Federal Contract Tower,0,0,12,0,12,0,0,6,0,6,0,0,18,0,18,64,0,64,82
07/30/2018,HKS,MS,ASO,CE,Federal Contract Tower,0,2,9,2,13,0,0,8,0,8,0,2,17,2,21,16,4,20,41
07/31/2018,HKS,MS,ASO,CE,Federal Contract Tower,0,4,5,9,18,0,0,1,15,16,0,4,6,24,34,32,100,132,166
08/01/2018,HKS,MS,ASO,CE,Federal Contract Tower,0,2,11,0,13,0,0,11,2,13,0,2,22,2,26,12,2,14,40
08/02/2018,HKS,MS,ASO,CE,Federal Contract Tower,0,2,12,1,15,0,9,4,4,17,0,11,16,5,32,30,48,78,110
08/03/2018,HKS,MS,ASO,CE,Federal Contract Tower,0,4,17,1,22,0,2,7,5,14,0,6,24,6,36,24,6,30,66
08/04/2018,HKS,MS,ASO,CE,Federal Contract Tower,0,0,3,2,5,0,4,16,16,36,0,4,19,18,41,52,24,76,117
08/05/2018,HKS,MS,ASO,CE,Federal Contract Tower,0,0,11,0,11,0,1,22,4,27,0,1,33,4,38,24,0,24,62
08/06/2018,HKS,MS,ASO,CE,Federal Contract Tower,0,4,8,1,13,0,0,9,5,14,0,4,17,6,27,8,24,32,59
08/07/2018,HKS,MS,ASO,CE,Federal Contract Tower,0,2,11,0,13,0,0,25,6,31,0,2,36,6,44,26,10,36,80
08/08/2018,HKS,MS,ASO,CE,Federal Contract Tower,0,2,10,2,14,0,0,8,6,14,0,2,18,8,28,0,34,34,62
08/09/2018,HKS,MS,ASO,CE,Federal Contract Tower,0,3,10,1,14,0,6,15,4,25,0,9,25,5,39,36,0,36,75
08/10/2018,HKS,MS,ASO,CE,Federal Contract Tower,0,4,12,0,16,0,1,13,3,17,0,5,25,3,33,24,46,70,103
08/11/2018,HKS,MS,ASO,CE,Federal Contract Tower,0,0,9,0,9,0,2,10,0,12,0,2,19,0,21,40,0,40,61
08/12/2018,HKS,MS,ASO,CE,Federal Contract Tower,0,0,8,0,8,0,0,10,0,10,0,0,18,0,18,0,0,0,18
08/13/2018,HKS,MS,ASO,CE,Federal Contract Tower,0,7,4,0,11,0,10,18,5,33,0,17,22,5,44,4,0,4,48
08/14/2018,HKS,MS,ASO,CE,Federal Contract Tower,0,3,5,3,11,0,6,23,6,35,0,9,28,9,46,8,4,12,58
08/15/2018,HKS,MS,ASO,CE,Federal Contract Tower,0,2,19,1,22,0,6,12,2,20,0,8,31,3,42,34,2,36,78
08/16/2018,HKS,MS,ASO,CE,Federal Contract Tower,0,3,14,0,17,0,0,16,0,16,0,3,30,0,33,30,0,30,63
08/17/2018,HKS,MS,ASO,CE,Federal Contract Tower,0,1,19,4,24,0,0,13,2,15,0,1,32,6,39,40,12,52,91
08/18/2018,HKS,MS,ASO,CE,Federal Contract Tower,0,1,12,0,13,0,0,7,1,8,0,1,19,1,21,24,0,24,45
08/19/2018,HKS,MS,ASO,CE,Federal Contract Tower,0,0,7,0,7,0,0,17,0,17,0,0,24,0,24,40,0,40,64
08/20/2018,HKS,MS,ASO,CE,Federal Contract Tower,0,2,10,0,12,0,1,5,0,6,0,3,15,0,18,2,0,2,20
08/21/2018,HKS,MS,ASO,CE,Federal Contract Tower,0,5,12,3,20,0,0,10,8,18,0,5,22,11,38,32,20,52,90
08/22/2018,HKS,MS,ASO,CE,Federal Contract Tower,0,2,10,0,12,0,2,8,0,10,0,4,18,0,22,26,0,26,48
08/23/2018,HKS,MS,ASO,CE,Federal Contract Tower,0,2,6,2,10,0,0,16,0,16,0,2,22,2,26,36,0,36,62
08/24/2018,HKS,MS,ASO,CE,Federal Contract Tower,0,5,13,0,18,0,2,14,4,20,0,7,27,4,38,22,0,22,60
08/25/2018,HKS,MS,ASO,CE,Federal Contract Tower,0,0,9,0,9,0,7,20,0,27,0,7,29,0,36,52,0,52,88
08/26/2018,HKS,MS,ASO,CE,Federal Contract Tower,0,0,7,0,7,0,0,9,0,9,0,0,16,0,16,8,0,8,24
08/27/2018,HKS,MS,ASO,CE,Federal Contract Tower,0,2,15,0,17,0,4,15,0,19,0,6,30,0,36,4,0,4,40
08/28/2018,HKS,MS,ASO,CE,Federal Contract Tower,0,4,13,4,21,0,5,7,8,20,0,9,20,12,41,14,20,34,75
08/29/2018,HKS,MS,ASO,CE,Federal Contract Tower,0,7,10,0,17,0,0,10,4,14,0,7,20,4,31,58,0,58,89
08/30/2018,HKS,MS,ASO,CE,Federal Contract Tower,0,9,31,0,40,0,1,1,4,6,0,10,32,4,46,6,0,6,52
08/31/2018,HKS,MS,ASO,CE,Federal Contract Tower,0,2,14,2,18,0,0,9,3,12,0,2,23,5,30,2,32,34,64
09/01/2018,HKS,MS,ASO,CE,Federal Contract Tower,0,2,4,0,6,0,0,3,0,3,0,2,7,0,9,54,0,54,63
09/02/2018,HKS,MS,ASO,CE,Federal Contract Tower,0,0,6,0,6,0,0,3,0,3,0,0,9,0,9,16,0,16,25
09/03/2018,HKS,MS,ASO,CE,Federal Contract Tower,0,0,14,1,15,0,0,12,2,14,0,0,26,3,29,34,4,38,67
09/04/2018,HKS,MS,ASO,CE,Federal Contract Tower,0,3,11,5,19,0,3,4,0,7,0,6,15,5,26,4,18,22,48
09/05/2018,HKS,MS,ASO,CE,Federal Contract Tower,0,6,3,0,9,0,0,0,0,0,0,6,3,0,9,0,0,0,9
09/06/2018,HKS,MS,ASO,CE,Federal Contract Tower,0,4,10,1,15,0,4,3,3,10,0,8,13,4,25,18,22,40,65
09/07/2018,HKS,MS,ASO,CE,Federal Contract Tower,0,2,12,6,20,0,4,11,10,25,0,6,23,16,45,42,46,88,133
09/08/2018,HKS,MS,ASO,CE,Federal Contract Tower,0,0,15,0,15,0,2,5,0,7,0,2,20,0,22,50,0,50,72
09/09/2018,HKS,MS,ASO,CE,Federal Contract Tower,0,0,13,0,13,0,0,3,0,3,0,0,16,0,16,20,0,20,36
09/10/2018,HKS,MS,ASO,CE,Federal Contract Tower,0,2,9,0,11,0,4,0,0,4,0,6,9,0,15,10,0,10,25
09/11/2018,HKS,MS,ASO,CE,Federal Contract Tower,0,2,8,2,12,0,3,8,8,19,0,5,16,10,31,12,0,12,43
09/12/2018,HKS,MS,ASO,CE,Federal Contract Tower,0,0,15,1,16,0,1,14,4,19,0,1,29,5,35,6,30,36,71
09/13/2018,HKS,MS,ASO,CE,Federal Contract Tower,0,5,10,4,19,0,2,4,23,29,0,7,14,27,48,18,10,28,76
09/14/2018,HKS,MS,ASO,CE,Federal Contract Tower,0,2,10,6,18,0,2,20,2,24,0,4,30,8,42,70,34,104,146
09/15/2018,HKS,MS,ASO,CE,Federal Contract Tower,0,0,9,0,9,0,0,24,0,24,0,0,33,0,33,34,0,34,67
09/16/2018,HKS,MS,ASO,CE,Federal Contract Tower,0,2,10,5,17,0,3,13,4,20,0,5,23,9,37,22,4,26,63
09/17/2018,HKS,MS,ASO,CE,Federal Contract Tower,0,3,16,9,28,0,0,12,1,13,0,3,28,10,41,22,14,36,77
09/18/2018,HKS,MS,ASO,CE,Federal Contract Tower,0,3,9,7,19,0,2,13,7,22,0,5,22,14,41,56,76,132,173
09/19/2018,HKS,MS,ASO,CE,Federal Contract Tower,0,3,16,4,23,0,6,7,12,25,0,9,23,16,48,18,22,40,88
09/20/2018,HKS,MS,ASO,CE,Federal Contract Tower,0,9,21,2,32,0,7,17,5,29,0,16,38,7,61,68,28,96,157
09/21/2018,HKS,MS,ASO,CE,Federal Contract Tower,0,2,14,3,19,0,2,6,8,16,0,4,20,11,35,36,36,72,107
09/22/2018,HKS,MS,ASO,CE,Federal Contract Tower,0,0,17,6,23,0,0,9,1,10,0,0,26,7,33,50,2,52,85
09/23/2018,HKS,MS,ASO,CE,Federal Contract Tower,0,0,20,0,20,0,2,8,0,10,0,2,28,0,30,30,0,30,60
09/24/2018,HKS,MS,ASO,CE,Federal Contract Tower,0,5,9,0,14,0,2,3,0,5,0,7,12,0,19,30,0,30,49
09/25/2018,HKS,MS,ASO,CE,Federal Contract Tower,0,6,6,1,13,0,0,5,6,11,0,6,11,7,24,16,22,38,62
09/26/2018,HKS,MS,ASO,CE,Federal Contract Tower,0,4,21,0,25,0,0,0,0,0,0,4,21,0,25,0,0,0,25
09/27/2018,HKS,MS,ASO,CE,Federal Contract Tower,0,3,12,2,17,0,0,1,3,4,0,3,13,5,21,0,16,16,37
09/28/2018,HKS,MS,ASO,CE,Federal Contract Tower,0,10,18,3,31,0,2,9,1,12,0,12,27,4,43,14,0,14,57
09/29/2018,HKS,MS,ASO,CE,Federal Contract Tower,0,0,8,0,8,0,6,15,0,21,0,6,23,0,29,58,0,58,87
09/30/2018,HKS,MS,ASO,CE,Federal Contract Tower,0,0,12,0,12,0,0,20,0,20,0,0,32,0,32,48,0,48,80
10/01/2018,HKS,MS,ASO,CE,Federal Contract Tower,0,3,13,0,16,0,4,19,0,23,0,7,32,0,39,24,0,24,63
10/02/2018,HKS,MS,ASO,CE,Federal Contract Tower,0,3,9,0,12,0,0,14,0,14,0,3,23,0,26,28,0,28,54
10/03/2018,HKS,MS,ASO,CE,Federal Contract Tower,0,5,16,0,21,0,8,20,0,28,0,13,36,0,49,36,0,36,85
10/04/2018,HKS,MS,ASO,CE,Federal Contract Tower,0,3,13,0,16,0,1,18,2,21,0,4,31,2,37,24,0,24,61
10/05/2018,HKS,MS,ASO,CE,Federal Contract Tower,0,3,31,0,34,0,8,28,0,36,0,11,59,0,70,26,0,26,96
10/06/2018,HKS,MS,ASO,CE,Federal Contract Tower,0,0,5,0,5,0,2,12,0,14,0,2,17,0,19,14,0,14,33
10/07/2018,HKS,MS,ASO,CE,Federal Contract Tower,0,0,16,0,16,0,10,16,0,26,0,10,32,0,42,42,0,42,84
10/08/2018,HKS,MS,ASO,CE,Federal Contract Tower,0,4,11,0,15,0,4,10,0,14,0,8,21,0,29,16,0,16,45
10/09/2018,HKS,MS,ASO,CE,Federal Contract Tower,0,3,19,1,23,0,0,9,18,27,0,3,28,19,50,14,96,110,160
10/10/2018,HKS,MS,ASO,CE,Federal Contract Tower,0,4,10,1,15,0,7,15,15,37,0,11,25,16,52,54,88,142,194
10/11/2018,HKS,MS,ASO,CE,Federal Contract Tower,0,5,6,3,14,0,9,19,14,42,0,14,25,17,56,36,34,70,126
10/12/2018,HKS,MS,ASO,CE,Federal Contract Tower,0,4,10,6,20,0,3,16,3,22,0,7,26,9,42,20,2,22,64
10/13/2018,HKS,MS,ASO,CE,Federal Contract Tower,0,0,3,1,4,0,0,25,2,27,0,0,28,3,31,6,0,6,37
10/14/2018,HKS,MS,ASO,CE,Federal Contract Tower,0,0,8,1,9,0,5,15,2,22,0,5,23,3,31,38,0,38,69
10/15/2018,HKS,MS,ASO,CE,Federal Contract Tower,0,2,12,3,17,0,4,11,13,28,0,6,23,16,45,12,74,86,131
10/16/2018,HKS,MS,ASO,CE,Federal Contract Tower,0,6,8,2,16,0,0,0,0,0,0,6,8,2,16,4,0,4,20
10/17/2018,HKS,MS,ASO,CE,Federal Contract Tower,0,3,17,1,21,0,0,0,13,13,0,3,17,14,34,4,8,12,46
10/18/2018,HKS,MS,ASO,CE,Federal Contract Tower,0,3,20,1,24,0,3,16,12,31,0,6,36,13,55,30,18,48,103
10/19/2018,HKS,MS,ASO,CE,Federal Contract Tower,0,4,17,0,21,0,2,6,0,8,0,6,23,0,29,8,0,8,37
10/20/2018,HKS,MS,ASO,CE,Federal Contract Tower,0,0,9,0,9,0,0,4,0,4,0,0,13,0,13,0,0,0,13
10/21/2018,HKS,MS,ASO,CE,Federal Contract Tower,0,0,18,0,18,0,1,20,0,21,0,1,38,0,39,16,0,16,55
10/22/2018,HKS,MS,ASO,CE,Federal Contract Tower,0,5,14,0,19,0,6,19,0,25,0,11,33,0,44,20,0,20,64
10/23/2018,HKS,MS,ASO,CE,Federal Contract Tower,0,5,13,2,20,0,3,21,10,34,0,8,34,12,54,78,18,96,150
10/24/2018,HKS,MS,ASO,CE,Federal Contract Tower,0,3,13,2,18,0,2,12,6,20,0,5,25,8,38,14,0,14,52
10/25/2018,HKS,MS,ASO,CE,Federal Contract Tower,0,4,7,4,15,0,0,0,0,0,0,4,7,4,15,0,0,0,15
10/26/2018,HKS,MS,ASO,CE,Federal Contract Tower,0,8,29,0,37,0,3,9,0,12,0,11,38,0,49,6,0,6,55
10/27/2018,HKS,MS,ASO,CE,Federal Contract Tower,0,1,12,0,13,0,6,42,0,48,0,7,54,0,61,66,0,66,127
10/28/2018,HKS,MS,ASO,CE,Federal Contract Tower,0,5,19,0,24,0,0,43,0,43,0,5,62,0,67,54,0,54,121
10/29/2018,HKS,MS,ASO,CE,Federal Contract Tower,0,2,14,1,17,0,6,41,7,54,0,8,55,8,71,56,28,84,155
10/30/2018,HKS,MS,ASO,CE,Federal Contract Tower,0,5,17,2,24,0,5,18,14,37,0,10,35,16,61,24,16,40,101
10/31/2018,HKS,MS,ASO,CE,Federal Contract Tower,0,2,13,0,15,0,0,2,4,6,0,2,15,4,21,2,0,2,23
11/01/2018,HKS,MS,ASO,CE,Federal Contract Tower,0,8,6,4,18,0,0,1,2,3,0,8,7,6,21,0,2,2,23
11/02/2018,HKS,MS,ASO,CE,Federal Contract Tower,0,5,22,4,31,0,4,13,8,25,0,9,35,12,56,50,32,82,138
11/03/2018,HKS,MS,ASO,CE,Federal Contract Tower,0,2,10,3,15,0,1,25,8,34,0,3,35,11,49,28,32,60,109
11/04/2018,HKS,MS,ASO,CE,Federal Contract Tower,0,4,9,0,13,0,0,0,0,0,0,4,9,0,13,2,0,2,15
11/05/2018,HKS,MS,ASO,CE,Federal Contract Tower,0,2,9,0,11,0,2,8,0,10,0,4,17,0,21,22,0,22,43
11/06/2018,HKS,MS,ASO,CE,Federal Contract Tower,0,4,21,3,28,0,3,11,6,20,0,7,32,9,48,30,0,30,78
11/07/2018,HKS,MS,ASO,CE,Federal Contract Tower,0,6,6,0,12,0,0,0,0,0,0,6,6,0,12,0,0,0,12
11/08/2018,HKS,MS,ASO,CE,Federal Contract Tower,0,7,18,0,25,0,0,0,0,0,0,7,18,0,25,4,0,4,29
11/09/2018,HKS,MS,ASO,CE,Federal Contract Tower,0,4,12,0,16,0,2,1,0,3,0,6,13,0,19,2,0,2,21
11/10/2018,HKS,MS,ASO,CE,Federal Contract Tower,0,0,8,0,8,0,0,22,0,22,0,0,30,0,30,40,0,40,70
11/11/2018,HKS,MS,ASO,CE,Federal Contract Tower,0,0,11,0,11,0,0,20,0,20,0,0,31,0,31,80,0,80,111
11/12/2018,HKS,MS,ASO,CE,Federal Contract Tower,0,2,3,0,5,0,0,0,0,0,0,2,3,0,5,0,0,0,5
11/13/2018,HKS,MS,ASO,CE,Federal Contract Tower,0,7,12,0,19,0,0,0,0,0,0,7,12,0,19,0,0,0,19
11/14/2018,HKS,MS,ASO,CE,Federal Contract Tower,0,10,10,0,20,0,0,0,2,2,0,10,10,2,22,0,0,0,22
11/15/2018,HKS,MS,ASO,CE,Federal Contract Tower,0,5,10,1,16,0,2,10,10,22,0,7,20,11,38,14,4,18,56
11/16/2018,HKS,MS,ASO,CE,Federal Contract Tower,0,4,18,0,22,0,2,39,2,43,0,6,57,2,65,56,12,68,133
11/17/2018,HKS,MS,ASO,CE,Federal Contract Tower,0,0,8,0,8,0,5,25,0,30,0,5,33,0,38,36,0,36,74
11/18/2018,HKS,MS,ASO,CE,Federal Contract Tower,0,1,19,1,21,0,1,1,13,15,0,2,20,14,36,70,0,70,106
11/19/2018,HKS,MS,ASO,CE,Federal Contract Tower,0,4,16,0,20,0,0,2,0,2,0,4,18,0,22,6,0,6,28
11/20/2018,HKS,MS,ASO,CE,Federal Contract Tower,0,3,20,0,23,0,2,14,4,20,0,5,34,4,43,44,8,52,95
11/21/2018,HKS,MS,ASO,CE,Federal Contract Tower,0,5,12,0,17,0,4,10,0,14,0,9,22,0,31,56,0,56,87
11/22/2018,HKS,MS,ASO,CE,Federal Contract Tower,0,0,6,0,6,0,2,8,0,10,0,2,14,0,16,8,0,8,24
11/23/2018,HKS,MS,ASO,CE,Federal Contract Tower,0,2,13,0,15,0,0,10,0,10,0,2,23,0,25,32,0,32,57
11/24/2018,HKS,MS,ASO,CE,Federal Contract Tower,0,0,16,0,16,0,0,10,1,11,0,0,26,1,27,56,0,56,83
11/25/2018,HKS,MS,ASO,CE,Federal Contract Tower,0,1,6,0,7,0,0,0,3,3,0,1,6,3,10,0,0,0,10
11/26/2018,HKS,MS,ASO,CE,Federal Contract Tower,0,4,18,3,25,0,10,7,2,19,0,14,25,5,44,18,8,26,70
11/27/2018,HKS,MS,ASO,CE,Federal Contract Tower,0,6,12,1,19,0,2,17,13,32,0,8,29,14,51,62,18,80,131
11/28/2018,HKS,MS,ASO,CE,Federal Contract Tower,0,13,12,0,25,0,3,23,7,33,0,16,35,7,58,88,14,102,160
11/29/2018,HKS,MS,ASO,CE,Federal Contract Tower,0,7,12,2,21,0,7,7,2,16,0,14,19,4,37,18,0,18,55
11/30/2018,HKS,MS,ASO,CE,Federal Contract Tower,0,9,24,0,33,0,5,2,0,7,0,14,26,0,40,16,0,16,56
12/01/2018,HKS,MS,ASO,CE,Federal Contract Tower,0,0,14,2,16,0,1,12,10,23,0,1,26,12,39,8,36,44,83
12/02/2018,HKS,MS,ASO,CE,Federal Contract Tower,0,0,7,0,7,0,2,37,0,39,0,2,44,0,46,58,0,58,104
12/03/2018,HKS,MS,ASO,CE,Federal Contract Tower,0,2,24,0,26,0,8,19,8,35,0,10,43,8,61,56,10,66,127
12/04/2018,HKS,MS,ASO,CE,Federal Contract Tower,0,4,16,4,24,0,0,29,27,56,0,4,45,31,80,62,32,94,174
12/05/2018,HKS,MS,ASO,CE,Federal Contract Tower,0,2,11,0,13,0,0,15,7,22,0,2,26,7,35,32,0,32,67
12/06/2018,HKS,MS,ASO,CE,Federal Contract Tower,0,7,21,0,28,0,0,34,10,44,0,7,55,10,72,48,10,58,130
12/07/2018,HKS,MS,ASO,CE,Federal Contract Tower,0,8,17,1,26,0,0,6,8,14,0,8,23,9,40,16,12,28,68
12/08/2018,HKS,MS,ASO,CE,Federal Contract Tower,0,1,2,1,4,0,0,0,0,0,0,1,2,1,4,0,0,0,4
12/09/2018,HKS,MS,ASO,CE,Federal Contract Tower,0,3,4,1,8,0,0,0,0,0,0,3,4,1,8,0,0,0,8
12/10/2018,HKS,MS,ASO,CE,Federal Contract Tower,0,2,21,1,24,0,2,16,7,25,0,4,37,8,49,20,70,90,139
12/11/2018,HKS,MS,ASO,CE,Federal Contract Tower,0,5,20,2,27,0,2,22,14,38,0,7,42,16,65,16,20,36,101
12/12/2018,HKS,MS,ASO,CE,Federal Contract Tower,0,7,12,1,20,0,0,11,13,24,0,7,23,14,44,26,0,26,70
12/13/2018,HKS,MS,ASO,CE,Federal Contract Tower,0,5,16,1,22,0,0,0,1,1,0,5,16,2,23,8,4,12,35
12/14/2018,HKS,MS,ASO,CE,Federal Contract Tower,0,4,17,2,23,0,2,3,0,5,0,6,20,2,28,14,20,34,62
12/15/2018,HKS,MS,ASO,CE,Federal Contract Tower,0,0,8,0,8,0,0,0,0,0,0,0,8,0,8,10,0,10,18
12/16/2018,HKS,MS,ASO,CE,Federal Contract Tower,0,2,15,0,17,0,0,15,0,15,0,2,30,0,32,28,0,28,60
12/17/2018,HKS,MS,ASO,CE,Federal Contract Tower,0,3,16,0,19,0,6,15,0,21,0,9,31,0,40,42,0,42,82
12/18/2018,HKS,MS,ASO,CE,Federal Contract Tower,0,4,18,1,23,0,6,8,12,26,0,10,26,13,49,64,50,114,163
12/19/2018,HKS,MS,ASO,CE,Federal Contract Tower,0,2,10,2,14,0,2,0,1,3,0,4,10,3,17,4,0,4,21
12/20/2018,HKS,MS,ASO,CE,Federal Contract Tower,0,7,14,3,24,0,0,0,0,0,0,7,14,3,24,12,0,12,36
12/21/2018,HKS,MS,ASO,CE,Federal Contract Tower,0,6,6,0,12,0,2,3,0,5,0,8,9,0,17,2,0,2,19
12/22/2018,HKS,MS,ASO,CE,Federal Contract Tower,0,0,16,0,16,0,2,22,14,38,0,2,38,14,54,76,0,76,130
12/23/2018,HKS,MS,ASO,CE,Federal Contract Tower,0,1,8,0,9,0,0,12,0,12,0,1,20,0,21,8,0,8,29
12/24/2018,HKS,MS,ASO,CE,Federal Contract Tower,0,2,4,0,6,0,2,15,0,17,0,4,19,0,23,14,0,14,37
12/25/2018,HKS,MS,ASO,CE,Federal Contract Tower,0,1,2,0,3,0,2,2,0,4,0,3,4,0,7,4,0,4,11
12/26/2018,HKS,MS,ASO,CE,Federal Contract Tower,0,2,13,0,15,0,6,2,0,8,0,8,15,0,23,0,14,14,37
12/27/2018,HKS,MS,ASO,CE,Federal Contract Tower,0,2,3,0,5,0,0,0,0,0,0,2,3,0,5,0,0,0,5
12/28/2018,HKS,MS,ASO,CE,Federal Contract Tower,0,4,13,0,17,0,0,0,0,0,0,4,13,0,17,18,0,18,35
12/29/2018,HKS,MS,ASO,CE,Federal Contract Tower,0,0,12,0,12,0,0,18,0,18,0,0,30,0,30,34,0,34,64
12/30/2018,HKS,MS,ASO,CE,Federal Contract Tower,0,0,7,0,7,0,0,0,0,0,0,0,7,0,7,0,0,0,7
12/31/2018,HKS,MS,ASO,CE,Federal Contract Tower,0,2,5,0,7,0,3,0,0,3,0,5,5,0,10,2,0,2,12
01/01/2019,HKS,MS,ASO,CE,Federal Contract Tower,0,0,15,0,15,0,0,12,0,12,0,0,27,0,27,56,0,56,83
01/02/2019,HKS,MS,ASO,CE,Federal Contract Tower,0,3,6,0,9,0,0,0,0,0,0,3,6,0,9,6,0,6,15
01/03/2019,HKS,MS,ASO,CE,Federal Contract Tower,0,2,2,0,4,0,0,0,0,0,0,2,2,0,4,0,0,0,4
01/04/2019,HKS,MS,ASO,CE,Federal Contract Tower,0,2,11,0,13,0,5,2,0,7,0,7,13,0,20,8,0,8,28
01/05/2019,HKS,MS,ASO,CE,Federal Contract Tower,0,2,19,0,21,0,3,21,2,26,0,5,40,2,47,38,2,40,87
01/06/2019,HKS,MS,ASO,CE,Federal Contract Tower,0,0,13,0,13,0,0,22,0,22,0,0,35,0,35,106,0,106,141
01/07/2019,HKS,MS,ASO,CE,Federal Contract Tower,0,2,4,2,8,0,2,8,2,12,0,4,12,4,20,10,30,40,60
01/08/2019,HKS,MS,ASO,CE,Federal Contract Tower,0,3,20,0,23,0,6,15,19,40,0,9,35,19,63,8,28,36,99
01/09/2019,HKS,MS,ASO,CE,Federal Contract Tower,0,5,11,0,16,0,6,14,2,22,0,11,25,2,38,14,0,14,52
01/10/2019,HKS,MS,ASO,CE,Federal Contract Tower,0,3,19,0,22,0,2,16,4,22,0,5,35,4,44,34,0,34,78
01/11/2019,HKS,MS,ASO,CE,Federal Contract Tower,0,3,11,0,14,0,0,14,2,16,0,3,25,2,30,46,0,46,76
01/12/2019,HKS,MS,ASO,CE,Federal Contract Tower,0,0,2,1,3,0,0,0,0,0,0,0,2,1,3,0,0,0,3
01/13/2019,HKS,MS,ASO,CE,Federal Contract Tower,0,0,12,0,12,0,0,0,3,3,0,0,12,3,15,2,0,2,17
01/14/2019,HKS,MS,ASO,CE,Federal Contract Tower,0,2,17,0,19,0,2,8,0,10,0,4,25,0,29,34,0,34,63
01/15/2019,HKS,MS,ASO,CE,Federal Contract Tower,0,6,12,1,19,0,1,10,8,19,0,7,22,9,38,16,24,40,78
01/16/2019,HKS,MS,ASO,CE,Federal Contract Tower,0,4,9,2,15,0,0,13,7,20,0,4,22,9,35,18,0,18,53
01/17/2019,HKS,MS,ASO,CE,Federal Contract Tower,0,5,16,2,23,0,0,0,0,0,0,5,16,2,23,2,0,2,25
01/18/2019,HKS,MS,ASO,CE,Federal Contract Tower,0,3,17,6,26,0,0,3,0,3,0,3,20,6,29,4,0,4,33
01/19/2019,HKS,MS,ASO,CE,Federal Contract Tower,0,0,1,0,1,0,0,0,0,0,0,0,1,0,1,0,0,0,1
01/20/2019,HKS,MS,ASO,CE,Federal Contract Tower,0,2,10,0,12,0,9,13,2,24,0,11,23,2,36,60,0,60,96
01/21/2019,HKS,MS,ASO,CE,Federal Contract Tower,0,6,12,1,19,0,4,31,3,38,0,10,43,4,57,88,0,88,145
01/22/2019,HKS,MS,ASO,CE,Federal Contract Tower,0,4,16,0,20,0,3,2,4,9,0,7,18,4,29,6,0,6,35
01/23/2019,HKS,MS,ASO,CE,Federal Contract Tower,0,2,10,0,12,0,0,0,0,0,0,2,10,0,12,0,0,0,12
01/24/2019,HKS,MS,ASO,CE,Federal Contract Tower,0,5,18,0,23,0,3,7,8,18,0,8,25,8,41,18,4,22,63
01/25/2019,HKS,MS,ASO,CE,Federal Contract Tower,0,5,18,0,23,0,6,13,3,22,0,11,31,3,45,18,12,30,75
01/26/2019,HKS,MS,ASO,CE,Federal Contract Tower,0,2,15,0,17,0,3,12,6,21,0,5,27,6,38,78,0,78,116
01/27/2019,HKS,MS,ASO,CE,Federal Contract Tower,0,5,8,0,13,0,2,16,7,25,0,7,24,7,38,24,0,24,62
01/28/2019,HKS,MS,ASO,CE,Federal Contract Tower,0,4,21,0,25,0,12,13,9,34,0,16,34,9,59,56,0,56,115
01/29/2019,HKS,MS,ASO,CE,Federal Contract Tower,0,3,9,0,12,0,2,11,0,13,0,5,20,0,25,2,0,2,27
01/30/2019,HKS,MS,ASO,CE,Federal Contract Tower,0,13,20,0,33,0,0,5,0,5,0,13,25,0,38,8,0,8,46
01/31/2019,HKS,MS,ASO,CE,Federal Contract Tower,0,2,19,1,22,0,0,8,3,11,0,2,27,4,33,18,10,28,61
02/01/2019,HKS,MS,ASO,CE,Federal Contract Tower,0,7,15,0,22,0,3,4,0,7,0,10,19,0,29,44,0,44,73
02/02/2019,HKS,MS,ASO,CE,Federal Contract Tower,0,1,18,0,19,0,2,5,0,7,0,3,23,0,26,36,0,36,62
02/03/2019,HKS,MS,ASO,CE,Federal Contract Tower,0,0,14,0,14,0,0,4,0,4,0,0,18,0,18,6,0,6,24
02/04/2019,HKS,MS,ASO,CE,Federal Contract Tower,0,2,8,4,14,0,0,2,3,5,0,2,10,7,19,4,6,10,29
02/05/2019,HKS,MS,ASO,CE,Federal Contract Tower,0,2,7,8,17,0,0,0,0,0,0,2,7,8,17,6,6,12,29
02/06/2019,HKS,MS,ASO,CE,Federal Contract Tower,0,4,17,3,24,0,2,0,3,5,0,6,17,6,29,2,10,12,41
02/07/2019,HKS,MS,ASO,CE,Federal Contract Tower,0,2,10,2,14,0,4,0,0,4,0,6,10,2,18,8,0,8,26
02/08/2019,HKS,MS,ASO,CE,Federal Contract Tower,0,7,20,1,28,0,4,6,0,10,0,11,26,1,38,22,0,22,60
02/09/2019,HKS,MS,ASO,CE,Federal Contract Tower,0,0,17,2,19,0,6,25,5,36,0,6,42,7,55,48,6,54,109
02/10/2019,HKS,MS,ASO,CE,Federal Contract Tower,0,3,17,0,20,0,2,6,0,8,0,5,23,0,28,36,0,36,64
02/11/2019,HKS,MS,ASO,CE,Federal Contract Tower,0,3,16,1,20,0,0,3,0,3,0,3,19,1,23,22,0,22,45
02/12/2019,HKS,MS,ASO,CE,Federal Contract Tower,0,2,7,3,12,0,7,3,6,16,0,9,10,9,28,2,16,18,46
02/13/2019,HKS,MS,ASO,CE,Federal Contract Tower,0,5,15,1,21,0,0,31,1,32,0,5,46,2,53,26,0,26,79
02/14/2019,HKS,MS,ASO,CE,Federal Contract Tower,0,3,13,2,18,0,6,12,4,22,0,9,25,6,40,14,6,20,60
02/15/2019,HKS,MS,ASO,CE,Federal Contract Tower,0,3,18,1,22,0,2,4,3,9,0,5,22,4,31,12,22,34,65
02/16/2019,HKS,MS,ASO,CE,Federal Contract Tower,0,4,9,0,13,0,1,2,0,3,0,5,11,0,16,6,0,6,22
02/17/2019,HKS,MS,ASO,CE,Federal Contract Tower,0,1,8,0,9,0,0,0,0,0,0,1,8,0,9,0,0,0,9
02/18/2019,HKS,MS,ASO,CE,Federal Contract Tower,0,2,12,2,16,0,5,18,0,23,0,7,30,2,39,82,0,82,121
02/19/2019,HKS,MS,ASO,CE,Federal Contract Tower,0,2,10,0,12,0,0,0,0,0,0,2,10,0,12,0,0,0,12
02/20/2019,HKS,MS,ASO,CE,Federal Contract Tower,0,2,6,0,8,0,0,0,0,0,0,2,6,0,8,0,0,0,8
02/21/2019,HKS,MS,ASO,CE,Federal Contract Tower,0,6,14,1,21,0,0,0,2,2,0,6,14,3,23,0,6,6,29
02/22/2019,HKS,MS,ASO,CE,Federal Contract Tower,0,2,6,0,8,0,0,1,0,1,0,2,7,0,9,2,0,2,11
02/23/2019,HKS,MS,ASO,CE,Federal Contract Tower,0,2,4,0,6,0,0,0,0,0,0,2,4,0,6,6,0,6,12
02/24/2019,HKS,MS,ASO,CE,Federal Contract Tower,0,0,18,4,22,0,4,22,2,28,0,4,40,6,50,70,8,78,128
02/25/2019,HKS,MS,ASO,CE,Federal Contract Tower,0,2,16,2,20,0,3,11,0,14,0,5,27,2,34,44,0,44,78
02/26/2019,HKS,MS,ASO,CE,Federal Contract Tower,0,3,22,3,28,0,2,24,4,30,0,5,46,7,58,66,22,88,146
02/27/2019,HKS,MS,ASO,CE,Federal Contract Tower,0,3,25,3,31,0,4,11,4,19,0,7,36,7,50,36,26,62,112
02/28/2019,HKS,MS,ASO,CE,Federal Contract Tower,0,5,21,10,36,0,0,2,4,6,0,5,23,14,42,6,22,28,70
03/01/2019,HKS,MS,ASO,CE,Federal Contract Tower,0,3,12,0,15,0,2,0,0,2,0,5,12,0,17,10,0,10,27
03/02/2019,HKS,MS,ASO,CE,Federal Contract Tower,0,4,10,9,23,0,2,2,0,4,0,6,12,9,27,8,0,8,35
03/03/2019,HKS,MS,ASO,CE,Federal Contract Tower,0,0,4,0,4,0,0,0,0,0,0,0,4,0,4,0,0,0,4
03/04/2019,HKS,MS,ASO,CE,Federal Contract Tower,0,2,13,0,15,0,2,7,2,11,0,4,20,2,26,34,0,34,60
03/05/2019,HKS,MS,ASO,CE,Federal Contract Tower,0,2,22,2,26,0,2,9,11,22,0,4,31,13,48,22,0,22,70
03/06/2019,HKS,MS,ASO,CE,Federal Contract Tower,0,2,15,0,17,0,2,16,2,20,0,4,31,2,37,38,0,38,75
03/07/2019,HKS,MS,ASO,CE,Federal Contract Tower,0,6,28,1,35,0,3,5,2,10,0,9,33,3,45,22,0,22,67
03/08/2019,HKS,MS,ASO,CE,Federal Contract Tower,0,2,14,2,18,0,0,2,6,8,0,2,16,8,26,14,28,42,68
03/09/2019,HKS,MS,ASO,CE,Federal Contract Tower,0,2,8,0,10,0,6,1,0,7,0,8,9,0,17,2,0,2,19
03/10/2019,HKS,MS,ASO,CE,Federal Contract Tower,0,0,8,0,8,0,4,15,2,21,0,4,23,2,29,22,0,22,51
03/11/2019,HKS,MS,ASO,CE,Federal Contract Tower,0,3,5,0,8,0,0,0,0,0,0,3,5,0,8,4,0,4,12
03/12/2019,HKS,MS,ASO,CE,Federal Contract Tower,0,2,14,3,19,0,7,10,18,35,0,9,24,21,54,36,42,78,132
03/14/2019,HKS,MS,ASO,CE,Federal Contract Tower,0,3,7,2,12,0,0,2,1,3,0,3,9,3,15,14,0,14,29
03/15/2019,HKS,MS,ASO,CE,Federal Contract Tower,0,7,8,4,19,0,0,19,2,21,0,7,27,6,40,6,38,44,84
03/16/2019,HKS,MS,ASO,CE,Federal Contract Tower,0,0,9,0,9,0,14,36,0,50,0,14,45,0,59,48,0,48,107
03/17/2019,HKS,MS,ASO,CE,Federal Contract Tower,0,0,10,0,10,0,0,24,1,25,0,0,34,1,35,20,0,20,55
03/18/2019,HKS,MS,ASO,CE,Federal Contract Tower,0,5,16,1,22,0,2,15,7,24,0,7,31,8,46,24,0,24,70
03/19/2019,HKS,MS,ASO,CE,Federal Contract Tower,0,3,10,0,13,0,2,10,2,14,0,5,20,2,27,40,0,40,67
03/20/2019,HKS,MS,ASO,CE,Federal Contract Tower,0,3,19,4,26,0,0,18,2,20,0,3,37,6,46,34,22,56,102
03/21/2019,HKS,MS,ASO,CE,Federal Contract Tower,0,2,16,2,20,0,2,13,5,20,0,4,29,7,40,14,0,14,54
03/22/2019,HKS,MS,ASO,CE,Federal Contract Tower,0,2,19,2,23,0,5,16,0,21,0,7,35,2,44,24,0,24,68
03/23/2019,HKS,MS,ASO,CE,Federal Contract Tower,0,2,11,0,13,0,2,20,2,24,0,4,31,2,37,94,0,94,131
03/24/2019,HKS,MS,ASO,CE,Federal Contract Tower,0,1,11,0,12,0,2,7,0,9,0,3,18,0,21,16,0,16,37
03/25/2019,HKS,MS,ASO,CE,Federal Contract Tower,0,2,10,0,12,0,6,0,1,7,0,8,10,1,19,2,0,2,21
03/26/2019,HKS,MS,ASO,CE,Federal Contract Tower,0,2,26,3,31,0,6,10,2,18,0,8,36,5,49,24,0,24,73
03/27/2019,HKS,MS,ASO,CE,Federal Contract Tower,0,4,13,2,19,0,3,34,3,40,0,7,47,5,59,47,0,47,106
03/28/2019,HKS,MS,ASO,CE,Federal Contract Tower,0,6,23,2,31,0,3,18,2,23,0,9,41,4,54,22,87,109,163
03/30/2019,HKS,MS,ASO,CE,Federal Contract Tower,0,0,10,0,10,0,0,0,0,0,0,0,10,0,10,0,0,0,10
03/31/2019,HKS,MS,ASO,CE,Federal Contract Tower,0,0,12,0,12,0,1,12,0,13,0,1,24,0,25,10,0,10,35
04/01/2019,HKS,MS,ASO,CE,Federal Contract Tower,0,3,10,1,14,0,2,19,11,32,0,5,29,12,46,56,16,72,118
04/02/2019,HKS,MS,ASO,CE,Federal Contract Tower,0,2,11,0,13,0,7,24,15,46,0,9,35,15,59,26,32,58,117
04/03/2019,HKS,MS,ASO,CE,Federal Contract Tower,0,7,18,2,27,0,4,12,6,22,0,11,30,8,49,38,0,38,87
04/04/2019,HKS,MS,ASO,CE,Federal Contract Tower,0,5,2,0,7,0,0,0,0,0,0,5,2,0,7,0,0,0,7
04/05/2019,HKS,MS,ASO,CE,Federal Contract Tower,0,2,16,2,20,0,4,7,1,12,0,6,23,3,32,12,10,22,54
04/06/2019,HKS,MS,ASO,CE,Federal Contract Tower,0,2,2,2,6,0,0,0,0,0,0,2,2,2,6,0,0,0,6
04/07/2019,HKS,MS,ASO,CE,Federal Contract Tower,0,1,11,4,16,0,0,5,0,5,0,1,16,4,21,0,4,4,25
04/08/2019,HKS,MS,ASO,CE,Federal Contract Tower,0,2,4,3,9,0,1,5,0,6,0,3,9,3,15,2,6,8,23
04/09/2019,HKS,MS,ASO,CE,Federal Contract Tower,0,4,4,3,11,0,4,12,4,20,0,8,16,7,31,38,26,64,95
04/10/2019,HKS,MS,ASO,CE,Federal Contract Tower,0,3,16,6,25,0,1,16,0,17,0,4,32,6,42,30,4,34,76
04/11/2019,HKS,MS,ASO,CE,Federal Contract Tower,0,2,12,1,15,0,5,18,5,28,0,7,30,6,43,20,4,24,67
04/12/2019,HKS,MS,ASO,CE,Federal Contract Tower,0,2,20,0,22,0,0,8,0,8,0,2,28,0,30,22,0,22,52
04/13/2019,HKS,MS,ASO,CE,Federal Contract Tower,0,0,1,0,1,0,0,0,0,0,0,0,1,0,1,0,0,0,1
04/14/2019,HKS,MS,ASO,CE,Federal Contract Tower,0,0,9,0,9,0,5,1,0,6,0,5,10,0,15,0,0,0,15
04/15/2019,HKS,MS,ASO,CE,Federal Contract Tower,0,2,15,2,19,0,3,26,5,34,0,5,41,7,53,80,0,80,133
04/16/2019,HKS,MS,ASO,CE,Federal Contract Tower,0,2,6,3,11,0,0,49,8,57,0,2,55,11,68,76,8,84,152
04/17/2019,HKS,MS,ASO,CE,Federal Contract Tower,0,2,18,2,22,0,9,8,0,17,0,11,26,2,39,36,0,36,75
04/18/2019,HKS,MS,ASO,CE,Federal Contract Tower,0,3,3,1,7,0,4,0,2,6,0,7,3,3,13,0,2,2,15
04/19/2019,HKS,MS,ASO,CE,Federal Contract Tower,0,2,15,0,17,0,8,0,4,12,0,10,15,4,29,4,4,8,37
04/20/2019,HKS,MS,ASO,CE,Federal Contract Tower,0,0,18,0,18,0,1,38,0,39,0,1,56,0,57,34,0,34,91
04/21/2019,HKS,MS,ASO,CE,Federal Contract Tower,0,2,8,0,10,0,2,15,0,17,0,4,23,0,27,42,0,42,69
04/22/2019,HKS,MS,ASO,CE,Federal Contract Tower,0,4,21,0,25,0,0,12,0,12,0,4,33,0,37,68,0,68,105
04/23/2019,HKS,MS,ASO,CE,Federal Contract Tower,0,2,12,2,16,0,2,16,10,28,0,4,28,12,44,10,22,32,76
04/24/2019,HKS,MS,ASO,CE,Federal Contract Tower,0,7,16,2,25,0,0,12,2,14,0,7,28,4,39,34,0,34,73
04/25/2019,HKS,MS,ASO,CE,Federal Contract Tower,0,7,6,0,13,0,2,2,0,4,0,9,8,0,17,0,0,0,17
04/26/2019,HKS,MS,ASO,CE,Federal Contract Tower,0,4,13,0,17,0,2,8,0,10,0,6,21,0,27,8,0,8,35
04/27/2019,HKS,MS,ASO,CE,Federal Contract Tower,0,0,20,0,20,0,2,18,0,20,0,2,38,0,40,36,0,36,76
04/28/2019,HKS,MS,ASO,CE,Federal Contract Tower,0,0,10,0,10,0,4,10,0,14,0,4,20,0,24,12,0,12,36
04/29/2019,HKS,MS,ASO,CE,Federal Contract Tower,0,4,12,5,21,0,9,11,6,26,0,13,23,11,47,44,16,60,107
04/30/2019,HKS,MS,ASO,CE,Federal Contract Tower,0,4,15,4,23,0,2,5,2,9,0,6,20,6,32,10,44,54,86
05/01/2019,HKS,MS,ASO,CE,Federal Contract Tower,0,4,15,0,19,0,4,3,2,9,0,8,18,2,28,12,8,20,48
05/02/2019,HKS,MS,ASO,CE,Federal Contract Tower,0,5,19,5,29,0,3,8,9,20,0,8,27,14,49,22,40,62,111
05/03/2019,HKS,MS,ASO,CE,Federal Contract Tower,0,5,19,2,26,0,3,4,1,8,0,8,23,3,34,20,0,20,54
05/04/2019,HKS,MS,ASO,CE,Federal Contract Tower,1,7,0,0,8,0,0,0,0,0,1,7,0,0,8,4,0,4,12
05/05/2019,HKS,MS,ASO,CE,Federal Contract Tower,0,0,21,1,22,0,1,14,1,16,0,1,35,2,38,20,0,20,58
05/06/2019,HKS,MS,ASO,CE,Federal Contract Tower,0,3,22,0,25,0,5,25,0,30,0,8,47,0,55,26,0,26,81
05/07/2019,HKS,MS,ASO,CE,Federal Contract Tower,0,4,14,2,20,0,6,28,7,41,0,10,42,9,61,68,26,94,155
05/08/2019,HKS,MS,ASO,CE,Federal Contract Tower,0,3,11,2,16,0,0,9,0,9,0,3,20,2,25,14,0,14,39
05/09/2019,HKS,MS,ASO,CE,Federal Contract Tower,0,3,8,0,11,0,0,0,0,0,0,3,8,0,11,2,0,2,13
05/10/2019,HKS,MS,ASO,CE,Federal Contract Tower,0,3,2,0,5,0,0,0,0,0,0,3,2,0,5,0,0,0,5
05/11/2019,HKS,MS,ASO,CE,Federal Contract Tower,0,0,1,0,1,0,0,1,0,1,0,0,2,0,2,2,0,2,4
05/12/2019,HKS,MS,ASO,CE,Federal Contract Tower,0,0,7,0,7,0,0,5,0,5,0,0,12,0,12,6,0,6,18
05/13/2019,HKS,MS,ASO,CE,Federal Contract Tower,0,2,5,0,7,0,4,19,0,23,0,6,24,0,30,44,0,44,74
05/14/2019,HKS,MS,ASO,CE,Federal Contract Tower,0,5,14,1,20,0,4,22,6,32,0,9,36,7,52,22,8,30,82
05/15/2019,HKS,MS,ASO,CE,Federal Contract Tower,0,6,16,1,23,0,6,12,6,24,0,12,28,7,47,46,0,46,93
05/16/2019,HKS,MS,ASO,CE,Federal Contract Tower,0,4,21,2,27,0,10,6,0,16,0,14,27,2,43,26,20,46,89
05/17/2019,HKS,MS,ASO,CE,Federal Contract Tower,0,2,14,2,18,0,0,20,13,33,0,2,34,15,51,6,22,28,79
05/18/2019,HKS,MS,ASO,CE,Federal Contract Tower,0,0,16,3,19,0,2,18,7,27,0,2,34,10,46,8,18,26,72
05/19/2019,HKS,MS,ASO,CE,Federal Contract Tower,0,0,7,0,7,0,0,3,0,3,0,0,10,0,10,2,0,2,12
05/20/2019,HKS,MS,ASO,CE,Federal Contract Tower,0,4,17,0,21,0,2,15,17,34,0,6,32,17,55,18,0,18,73
05/21/2019,HKS,MS,ASO,CE,Federal Contract Tower,0,2,8,1,11,0,10,8,6,24,0,12,16,7,35,6,8,14,49
05/22/2019,HKS,MS,ASO,CE,Federal Contract Tower,0,5,22,2,29,0,4,3,0,7,0,9,25,2,36,16,0,16,52
05/23/2019,HKS,MS,ASO,CE,Federal Contract Tower,0,5,25,2,32,0,8,11,7,26,0,13,36,9,58,22,32,54,112
05/24/2019,HKS,MS,ASO,CE,Federal Contract Tower,0,3,17,2,22,0,4,13,2,19,0,7,30,4,41,10,0,10,51
05/25/2019,HKS,MS,ASO,CE,Federal Contract Tower,0,2,11,0,13,0,4,12,0,16,0,6,23,0,29,30,0,30,59
05/26/2019,HKS,MS,ASO,CE,Federal Contract Tower,0,0,13,0,13,0,9,14,0,23,0,9,27,0,36,38,0,38,74
05/27/2019,HKS,MS,ASO,CE,Federal Contract Tower,0,0,10,0,10,0,6,9,0,15,0,6,19,0,25,42,0,42,67
05/28/2019,HKS,MS,ASO,CE,Federal Contract Tower,0,2,14,4,20,0,7,13,3,23,0,9,27,7,43,28,8,36,79
05/29/2019,HKS,MS,ASO,CE,Federal Contract Tower,0,2,13,0,15,0,8,6,2,16,0,10,19,2,31,10,0,10,41
05/30/2019,HKS,MS,ASO,CE,Federal Contract Tower,0,2,22,2,26,0,5,15,5,25,0,7,37,7,51,44,20,64,115
05/31/2019,HKS,MS,ASO,CE,Federal Contract Tower,0,2,20,1,23,0,1,13,3,17,0,3,33,4,40,20,0,20,60
06/01/2019,HKS,MS,ASO,CE,Federal Contract Tower,0,0,18,0,18,0,4,26,0,30,0,4,44,0,48,34,0,34,82
06/02/2019,HKS,MS,ASO,CE,Federal Contract Tower,0,2,7,0,9,0,6,14,0,20,0,8,21,0,29,34,0,34,63
06/03/2019,HKS,MS,ASO,CE,Federal Contract Tower,0,2,15,0,17,0,4,8,2,14,0,6,23,2,31,20,0,20,51
06/04/2019,HKS,MS,ASO,CE,Federal Contract Tower,0,3,12,2,17,0,0,24,9,33,0,3,36,11,50,60,0,60,110
06/05/2019,HKS,MS,ASO,CE,Federal Contract Tower,0,2,13,0,15,0,4,4,1,9,0,6,17,1,24,6,0,6,30
06/06/2019,HKS,MS,ASO,CE,Federal Contract Tower,0,4,11,2,17,0,2,2,2,6,0,6,13,4,23,6,0,6,29
06/07/2019,HKS,MS,ASO,CE,Federal Contract Tower,0,2,9,4,15,0,0,3,0,3,0,2,12,4,18,4,0,4,22
06/08/2019,HKS,MS,ASO,CE,Federal Contract Tower,0,0,9,0,9,0,3,3,1,7,0,3,12,1,16,4,0,4,20
06/09/2019,HKS,MS,ASO,CE,Federal Contract Tower,0,0,8,2,10,0,6,10,0,16,0,6,18,2,26,118,0,118,144
06/10/2019,HKS,MS,ASO,CE,Federal Contract Tower,0,3,13,4,20,0,8,11,5,24,0,11,24,9,44,12,16,28,72
06/11/2019,HKS,MS,ASO,CE,Federal Contract Tower,0,4,21,4,29,0,6,18,7,31,0,10,39,11,60,14,18,32,92
06/12/2019,HKS,MS,ASO,CE,Federal Contract Tower,0,2,12,2,16,0,2,24,3,29,0,4,36,5,45,92,10,102,147
06/13/2019,HKS,MS,ASO,CE,Federal Contract Tower,0,7,16,2,25,0,4,25,7,36,0,11,41,9,61,18,10,28,89
06/14/2019,HKS,MS,ASO,CE,Federal Contract Tower,0,3,22,2,27,0,3,24,7,34,0,6,46,9,61,44,2,46,107
06/15/2019,HKS,MS,ASO,CE,Federal Contract Tower,0,2,11,0,13,0,3,9,0,12,0,5,20,0,25,24,0,24,49
06/16/2019,HKS,MS,ASO,CE,Federal Contract Tower,0,2,18,0,20,0,0,2,0,2,0,2,20,0,22,22,0,22,44
06/17/2019,HKS,MS,ASO,CE,Federal Contract Tower,0,2,6,0,8,0,0,7,0,7,0,2,13,0,15,14,0,14,29
06/18/2019,HKS,MS,ASO,CE,Federal Contract Tower,0,6,9,2,17,0,10,7,4,21,0,16,16,6,38,2,42,44,82
06/19/2019,HKS,MS,ASO,CE,Federal Contract Tower,0,4,9,1,14,0,4,8,2,14,0,8,17,3,28,0,0,0,28
06/20/2019,HKS,MS,ASO,CE,Federal Contract Tower,0,2,23,2,27,0,9,4,0,13,0,11,27,2,40,4,26,30,70
06/21/2019,HKS,MS,ASO,CE,Federal Contract Tower,0,2,18,2,22,0,6,11,7,24,0,8,29,9,46,18,46,64,110
06/22/2019,HKS,MS,ASO,CE,Federal Contract Tower,0,2,16,3,21,0,2,12,2,16,0,4,28,5,37,2,2,4,41
06/23/2019,HKS,MS,ASO,CE,Federal Contract Tower,0,0,12,5,17,0,4,12,2,18,0,4,24,7,35,10,24,34,69
06/24/2019,HKS,MS,ASO,CE,Federal Contract Tower,0,2,11,4,17,0,10,7,5,22,0,12,18,9,39,12,40,52,91
06/25/2019,HKS,MS,ASO,CE,Federal Contract Tower,0,2,10,1,13,0,2,6,9,17,0,4,16,10,30,20,38,58,88
06/26/2019,HKS,MS,ASO,CE,Federal Contract Tower,0,2,19,1,22,0,7,9,2,18,0,9,28,3,40,30,0,30,70
06/27/2019,HKS,MS,ASO,CE,Federal Contract Tower,0,2,8,3,13,0,0,12,9,21,0,2,20,12,34,14,0,14,48
06/28/2019,HKS,MS,ASO,CE,Federal Contract Tower,0,2,11,3,16,0,2,1,3,6,0,4,12,6,22,0,16,16,38
06/29/2019,HKS,MS,ASO,CE,Federal Contract Tower,0,0,21,0,21,0,4,17,0,21,0,4,38,0,42,58,0,58,100
06/30/2019,HKS,MS,ASO,CE,Federal Contract Tower,0,0,8,0,8,0,4,7,0,11,0,4,15,0,19,10,0,10,29
07/01/2019,HKS,MS,ASO,CE,Federal Contract Tower,0,4,11,0,15,0,4,5,0,9,0,8,16,0,24,34,0,34,58
07/02/2019,HKS,MS,ASO,CE,Federal Contract Tower,0,2,25,2,29,0,0,9,0,9,0,2,34,2,38,20,0,20,58
07/03/2019,HKS,MS,ASO,CE,Federal Contract Tower,0,2,15,0,17,0,4,5,0,9,0,6,20,0,26,22,0,22,48
07/04/2019,HKS,MS,ASO,CE,Federal Contract Tower,0,0,9,0,9,0,0,10,0,10,0,0,19,0,19,30,0,30,49
07/05/2019,HKS,MS,ASO,CE,Federal Contract Tower,0,2,10,0,12,0,2,13,0,15,0,4,23,0,27,48,0,48,75
07/06/2019,HKS,MS,ASO,CE,Federal Contract Tower,0,0,14,0,14,0,4,13,0,17,0,4,27,0,31,6,0,6,37
07/07/2019,HKS,MS,ASO,CE,Federal Contract Tower,0,0,13,0,13,0,0,4,0,4,0,0,17,0,17,2,0,2,19
07/08/2019,HKS,MS,ASO,CE,Federal Contract Tower,0,4,18,6,28,0,2,11,0,13,0,6,29,6,41,42,4,46,87
07/09/2019,HKS,MS,ASO,CE,Federal Contract Tower,0,0,23,6,29,0,4,13,15,32,0,4,36,21,61,20,4,24,85
07/10/2019,HKS,MS,ASO,CE,Federal Contract Tower,0,2,13,7,22,0,0,9,2,11,0,2,22,9,33,16,18,34,67
07/11/2019,HKS,MS,ASO,CE,Federal Contract Tower,0,4,12,2,18,0,2,8,8,18,0,6,20,10,36,22,4,26,62
07/12/2019,HKS,MS,ASO,CE,Federal Contract Tower,0,4,11,0,15,0,3,13,4,20,0,7,24,4,35,42,66,108,143
07/13/2019,HKS,MS,ASO,CE,Federal Contract Tower,0,0,4,0,4,0,0,0,0,0,0,0,4,0,4,4,0,4,8
07/14/2019,HKS,MS,ASO,CE,Federal Contract Tower,0,0,2,0,2,0,0,0,0,0,0,0,2,0,2,0,0,0,2
07/15/2019,HKS,MS,ASO,CE,Federal Contract Tower,0,5,2,0,7,0,0,0,0,0,0,5,2,0,7,0,0,0,7
07/16/2019,HKS,MS,ASO,CE,Federal Contract Tower,0,2,14,4,20,0,4,5,6,15,0,6,19,10,35,10,26,36,71
07/17/2019,HKS,MS,ASO,CE,Federal Contract Tower,0,5,11,3,19,0,2,19,2,23,0,7,30,5,42,28,0,28,70
07/18/2019,HKS,MS,ASO,CE,Federal Contract Tower,0,3,18,3,24,0,4,6,4,14,0,7,24,7,38,22,8,30,68
07/19/2019,HKS,MS,ASO,CE,Federal Contract Tower,0,2,14,1,17,0,10,14,2,26,0,12,28,3,43,44,26,70,113
07/20/2019,HKS,MS,ASO,CE,Federal Contract Tower,0,2,15,0,17,0,2,9,0,11,0,4,24,0,28,12,0,12,40
07/21/2019,HKS,MS,ASO,CE,Federal Contract Tower,0,0,6,0,6,0,0,5,0,5,0,0,11,0,11,8,0,8,19
07/22/2019,HKS,MS,ASO,CE,Federal Contract Tower,0,2,14,6,22,0,3,16,2,21,0,5,30,8,43,18,6,24,67
07/23/2019,HKS,MS,ASO,CE,Federal Contract Tower,0,4,20,4,28,0,3,2,6,11,0,7,22,10,39,12,16,28,67
07/24/2019,HKS,MS,ASO,CE,Federal Contract Tower,0,2,18,3,23,0,2,10,1,13,0,4,28,4,36,24,0,24,60
07/25/2019,HKS,MS,ASO,CE,Federal Contract Tower,0,2,14,4,20,0,0,24,2,26,0,2,38,6,46,26,6,32,78
07/26/2019,HKS,MS,ASO,CE,Federal Contract Tower,0,4,12,1,17,0,6,20,2,28,0,10,32,3,45,46,18,64,109
07/27/2019,HKS,MS,ASO,CE,Federal Contract Tower,0,0,12,0,12,0,7,10,3,20,0,7,22,3,32,14,0,14,46
07/28/2019,HKS,MS,ASO,CE,Federal Contract Tower,0,0,16,0,16,0,6,13,0,19,0,6,29,0,35,22,0,22,57
07/29/2019,HKS,MS,ASO,CE,Federal Contract Tower,0,3,10,0,13,0,0,11,2,13,0,3,21,2,26,26,0,26,52
07/30/2019,HKS,MS,ASO,CE,Federal Contract Tower,0,4,16,1,21,0,4,4,3,11,0,8,20,4,32,6,10,16,48
07/31/2019,HKS,MS,ASO,CE,Federal Contract Tower,0,0,19,2,21,0,5,8,0,13,0,5,27,2,34,4,28,32,66
08/01/2019,HKS,MS,ASO,CE,Federal Contract Tower,0,4,13,2,19,0,4,4,3,11,0,8,17,5,30,44,0,44,74
08/02/2019,HKS,MS,ASO,CE,Federal Contract Tower,0,2,14,0,16,0,2,15,2,19,0,4,29,2,35,50,10,60,95
08/03/2019,HKS,MS,ASO,CE,Federal Contract Tower,0,0,8,0,8,0,6,8,0,14,0,6,16,0,22,4,0,4,26
08/04/2019,HKS,MS,ASO,CE,Federal Contract Tower,0,0,4,0,4,0,4,8,0,12,0,4,12,0,16,46,0,46,62
08/05/2019,HKS,MS,ASO,CE,Federal Contract Tower,0,2,12,0,14,0,4,19,3,26,0,6,31,3,40,42,6,48,88
08/06/2019,HKS,MS,ASO,CE,Federal Contract Tower,0,2,18,2,22,0,5,23,9,37,0,7,41,11,59,50,48,98,157
08/07/2019,HKS,MS,ASO,CE,Federal Contract Tower,0,4,15,1,20,0,6,13,0,19,0,10,28,1,39,22,0,22,61
08/08/2019,HKS,MS,ASO,CE,Federal Contract Tower,0,2,15,3,20,0,2,11,5,18,0,4,26,8,38,28,18,46,84
08/09/2019,HKS,MS,ASO,CE,Federal Contract Tower,0,2,15,2,19,0,0,15,2,17,0,2,30,4,36,46,8,54,90
08/10/2019,HKS,MS,ASO,CE,Federal Contract Tower,0,0,3,3,6,0,4,9,5,18,0,4,12,8,24,18,6,24,48
08/11/2019,HKS,MS,ASO,CE,Federal Contract Tower,0,0,16,0,16,0,6,17,0,23,0,6,33,0,39,50,0,50,89
08/12/2019,HKS,MS,ASO,CE,Federal Contract Tower,0,2,6,0,8,0,1,7,0,8,0,3,13,0,16,12,0,12,28
08/13/2019,HKS,MS,ASO,CE,Federal Contract Tower,0,3,12,2,17,0,2,11,8,21,0,5,23,10,38,18,28,46,84
08/14/2019,HKS,MS,ASO,CE,Federal Contract Tower,0,2,13,2,17,0,0,4,2,6,0,2,17,4,23,18,0,18,41
08/15/2019,HKS,MS,ASO,CE,Federal Contract Tower,0,5,16,3,24,0,0,20,1,21,0,5,36,4,45,36,0,36,81
08/16/2019,HKS,MS,ASO,CE,Federal Contract Tower,0,2,10,1,13,0,0,3,4,7,0,2,13,5,20,2,8,10,30
08/17/2019,HKS,MS,ASO,CE,Federal Contract Tower,0,0,7,0,7,0,8,25,0,33,0,8,32,0,40,62,0,62,102
08/18/2019,HKS,MS,ASO,CE,Federal Contract Tower,0,0,5,0,5,0,1,5,0,6,0,1,10,0,11,6,0,6,17
08/19/2019,HKS,MS,ASO,CE,Federal Contract Tower,0,4,6,0,10,0,0,0,2,2,0,4,6,2,12,6,0,6,18
08/20/2019,HKS,MS,ASO,CE,Federal Contract Tower,0,0,20,0,20,0,3,9,3,15,0,3,29,3,35,14,0,14,49
08/21/2019,HKS,MS,ASO,CE,Federal Contract Tower,0,2,15,2,19,0,0,7,0,7,0,2,22,2,26,12,16,28,54
08/22/2019,HKS,MS,ASO,CE,Federal Contract Tower,0,2,20,2,24,0,0,9,0,9,0,2,29,2,33,36,0,36,69
08/23/2019,HKS,MS,ASO,CE,Federal Contract Tower,0,2,16,2,20,0,2,5,2,9,0,4,21,4,29,20,0,20,49
08/24/2019,HKS,MS,ASO,CE,Federal Contract Tower,0,2,4,0,6,0,2,9,0,11,0,4,13,0,17,14,0,14,31
08/25/2019,HKS,MS,ASO,CE,Federal Contract Tower,0,0,15,0,15,0,0,6,0,6,0,0,21,0,21,14,0,14,35
08/26/2019,HKS,MS,ASO,CE,Federal Contract Tower,0,2,11,0,13,0,0,0,0,0,0,2,11,0,13,4,0,4,17
08/27/2019,HKS,MS,ASO,CE,Federal Contract Tower,0,2,17,2,21,0,6,3,4,13,0,8,20,6,34,4,0,4,38
08/28/2019,HKS,MS,ASO,CE,Federal Contract Tower,0,2,21,2,25,0,6,4,1,11,0,8,25,3,36,34,0,34,70
08/29/2019,HKS,MS,ASO,CE,Federal Contract Tower,0,3,17,2,22,0,6,6,8,20,0,9,23,10,42,16,8,24,66
08/30/2019,HKS,MS,ASO,CE,Federal Contract Tower,0,4,16,2,22,0,3,11,9,23,0,7,27,11,45,14,18,32,77
08/31/2019,HKS,MS,ASO,CE,Federal Contract Tower,0,0,12,0,12,0,2,16,0,18,0,2,28,0,30,48,0,48,78
09/01/2019,HKS,MS,ASO,CE,Federal Contract Tower,0,0,3,0,3,0,3,9,0,12,0,3,12,0,15,8,0,8,23
09/02/2019,HKS,MS,ASO,CE,Federal Contract Tower,0,2,14,0,16,0,6,24,0,30,0,8,38,0,46,28,0,28,74
09/03/2019,HKS,MS,ASO,CE,Federal Contract Tower,0,2,25,0,27,0,4,15,0,19,0,6,40,0,46,22,0,22,68
09/04/2019,HKS,MS,ASO,CE,Federal Contract Tower,0,2,14,2,18,0,4,24,4,32,0,6,38,6,50,40,4,44,94
09/05/2019,HKS,MS,ASO,CE,Federal Contract Tower,0,4,15,0,19,0,12,10,2,24,0,16,25,2,43,18,20,38,81
09/06/2019,HKS,MS,ASO,CE,Federal Contract Tower,0,4,15,2,21,0,5,10,3,18,0,9,25,5,39,0,4,4,43
09/07/2019,HKS,MS,ASO,CE,Federal Contract Tower,0,2,11,0,13,0,0,13,4,17,0,2,24,4,30,18,0,18,48
09/08/2019,HKS,MS,ASO,CE,Federal Contract Tower,0,0,8,0,8,0,2,18,0,20,0,2,26,0,28,6,0,6,34
09/10/2019,HKS,MS,ASO,CE,Federal Contract Tower,0,3,6,1,10,0,5,15,1,21,0,8,21,2,31,12,28,40,71
09/11/2019,HKS,MS,ASO,CE,Federal Contract Tower,0,5,15,0,20,0,9,13,6,28,0,14,28,6,48,52,50,102,150
09/12/2019,HKS,MS,ASO,CE,Federal Contract Tower,0,6,20,4,30,0,5,19,0,24,0,11,39,4,54,22,14,36,90
09/13/2019,HKS,MS,ASO,CE,Federal Contract Tower,0,2,16,6,24,0,2,10,3,15,0,4,26,9,39,34,16,50,89
09/14/2019,HKS,MS,ASO,CE,Federal Contract Tower,0,4,9,0,13,0,3,28,2,33,0,7,37,2,46,24,0,24,70
09/15/2019,HKS,MS,ASO,CE,Federal Contract Tower,0,0,14,1,15,0,6,18,2,26,0,6,32,3,41,9,26,35,76
09/16/2019,HKS,MS,ASO,CE,Federal Contract Tower,0,2,10,2,14,0,9,10,4,23,0,11,20,6,37,52,0,52,89
09/17/2019,HKS,MS,ASO,CE,Federal Contract Tower,0,2,9,2,13,0,6,16,10,32,0,8,25,12,45,48,14,62,107
09/18/2019,HKS,MS,ASO,CE,Federal Contract Tower,0,6,14,2,22,0,0,8,8,16,0,6,22,10,38,22,8,30,68
09/19/2019,HKS,MS,ASO,CE,Federal Contract Tower,0,4,12,2,18,0,0,15,2,17,0,4,27,4,35,8,30,38,73
09/20/2019,HKS,MS,ASO,CE,Federal Contract Tower,0,4,16,3,23,0,7,8,0,15,0,11,24,3,38,14,18,32,70
09/21/2019,HKS,MS,ASO,CE,Federal Contract Tower,0,0,8,2,10,0,7,25,0,32,0,7,33,2,42,2,0,2,44
09/22/2019,HKS,MS,ASO,CE,Federal Contract Tower,0,0,13,0,13,0,6,15,0,21,0,6,28,0,34,34,0,34,68
09/23/2019,HKS,MS,ASO,CE,Federal Contract Tower,0,6,13,0,19,0,8,11,0,19,0,14,24,0,38,32,0,32,70
09/24/2019,HKS,MS,ASO,CE,Federal Contract Tower,0,4,13,2,19,0,3,23,5,31,0,7,36,7,50,50,8,58,108
09/25/2019,HKS,MS,ASO,CE,Federal Contract Tower,0,3,18,3,24,0,0,8,6,14,0,3,26,9,38,34,6,40,78
09/26/2019,HKS,MS,ASO,CE,Federal Contract Tower,0,2,13,4,19,0,4,12,14,30,0,6,25,18,49,46,0,46,95
09/27/2019,HKS,MS,ASO,CE,Federal Contract Tower,0,3,11,2,16,0,6,15,5,26,0,9,26,7,42,20,12,32,74
09/28/2019,HKS,MS,ASO,CE,Federal Contract Tower,0,2,6,0,8,0,3,23,0,26,0,5,29,0,34,66,0,66,100
09/29/2019,HKS,MS,ASO,CE,Federal Contract Tower,0,0,8,0,8,0,2,11,2,15,0,2,19,2,23,50,0,50,73
09/30/2019,HKS,MS,ASO,CE,Federal Contract Tower,0,4,13,2,19,0,0,21,2,23,0,4,34,4,42,76,2,78,120
10/01/2019,HKS,MS,ASO,CE,Federal Contract Tower,0,6,17,5,28,0,0,7,10,17,0,6,24,15,45,18,20,38,83
10/02/2019,HKS,MS,ASO,CE,Federal Contract Tower,0,8,23,0,31,0,0,10,4,14,0,8,33,4,45,14,2,16,61
10/03/2019,HKS,MS,ASO,CE,Federal Contract Tower,0,7,24,1,32,0,1,16,22,39,0,8,40,23,71,82,16,98,169
10/04/2019,HKS,MS,ASO,CE,Federal Contract Tower,0,7,19,1,27,0,6,11,5,22,0,13,30,6,49,6,8,14,63
10/05/2019,HKS,MS,ASO,CE,Federal Contract Tower,0,1,6,0,7,0,5,18,4,27,0,6,24,4,34,84,8,92,126
10/06/2019,HKS,MS,ASO,CE,Federal Contract Tower,0,1,12,0,13,0,10,10,0,20,0,11,22,0,33,8,0,8,41
10/07/2019,HKS,MS,ASO,CE,Federal Contract Tower,0,3,10,0,13,0,2,9,3,14,0,5,19,3,27,26,8,34,61
10/08/2019,HKS,MS,ASO,CE,Federal Contract Tower,0,2,10,1,13,0,8,19,2,29,0,10,29,3,42,50,0,50,92
10/09/2019,HKS,MS,ASO,CE,Federal Contract Tower,0,2,12,0,14,0,8,13,2,23,0,10,25,2,37,16,0,16,53
10/10/2019,HKS,MS,ASO,CE,Federal Contract Tower,0,3,9,0,12,0,0,13,5,18,0,3,22,5,30,18,0,18,48
10/11/2019,HKS,MS,ASO,CE,Federal Contract Tower,0,4,7,0,11,0,4,4,0,8,0,8,11,0,19,0,0,0,19
10/12/2019,HKS,MS,ASO,CE,Federal Contract Tower,0,0,9,0,9,0,2,6,0,8,0,2,15,0,17,30,0,30,47
10/13/2019,HKS,MS,ASO,CE,Federal Contract Tower,0,0,9,0,9,0,2,6,0,8,0,2,15,0,17,58,0,58,75
10/14/2019,HKS,MS,ASO,CE,Federal Contract Tower,0,2,6,0,8,0,3,5,0,8,0,5,11,0,16,16,0,16,32
10/15/2019,HKS,MS,ASO,CE,Federal Contract Tower,0,2,6,0,8,0,0,0,0,0,0,2,6,0,8,0,0,0,8
10/16/2019,HKS,MS,ASO,CE,Federal Contract Tower,0,4,19,1,24,0,0,6,1,7,0,4,25,2,31,40,0,40,71
10/17/2019,HKS,MS,ASO,CE,Federal Contract Tower,0,8,23,0,31,0,3,15,10,28,0,11,38,10,59,26,14,40,99
10/18/2019,HKS,MS,ASO,CE,Federal Contract Tower,0,8,17,2,27,0,5,14,2,21,0,13,31,4,48,12,0,12,60
10/19/2019,HKS,MS,ASO,CE,Federal Contract Tower,0,0,14,0,14,0,3,13,0,16,0,3,27,0,30,42,0,42,72
10/20/2019,HKS,MS,ASO,CE,Federal Contract Tower,0,2,18,0,20,0,4,5,0,9,0,6,23,0,29,30,0,30,59
10/21/2019,HKS,MS,ASO,CE,Federal Contract Tower,0,4,8,2,14,0,0,0,0,0,0,4,8,2,14,6,0,6,20
10/22/2019,HKS,MS,ASO,CE,Federal Contract Tower,0,8,12,5,25,0,0,25,6,31,0,8,37,11,56,64,44,108,164
10/23/2019,HKS,MS,ASO,CE,Federal Contract Tower,0,6,20,3,29,0,4,22,5,31,0,10,42,8,60,38,2,40,100
10/24/2019,HKS,MS,ASO,CE,Federal Contract Tower,0,7,17,3,27,0,7,4,5,16,0,14,21,8,43,20,6,26,69
10/25/2019,HKS,MS,ASO,CE,Federal Contract Tower,0,5,4,0,9,0,0,0,0,0,0,5,4,0,9,0,0,0,9
10/26/2019,HKS,MS,ASO,CE,Federal Contract Tower,0,0,6,0,6,0,0,0,0,0,0,0,6,0,6,2,0,2,8
10/27/2019,HKS,MS,ASO,CE,Federal Contract Tower,0,0,15,0,15,0,1,7,0,8,0,1,22,0,23,68,0,68,91
10/28/2019,HKS,MS,ASO,CE,Federal Contract Tower,0,4,16,1,21,0,1,0,5,6,0,5,16,6,27,22,16,38,65
10/29/2019,HKS,MS,ASO,CE,Federal Contract Tower,0,5,13,4,22,0,0,22,6,28,0,5,35,10,50,48,56,104,154
10/30/2019,HKS,MS,ASO,CE,Federal Contract Tower,0,3,12,2,17,0,2,0,0,2,0,5,12,2,19,16,0,16,35
10/31/2019,HKS,MS,ASO,CE,Federal Contract Tower,0,4,5,0,9,0,1,3,0,4,0,5,8,0,13,4,0,4,17
11/01/2019,HKS,MS,ASO,CE,Federal Contract Tower,0,5,20,2,27,0,8,21,2,31,0,13,41,4,58,104,0,104,162
11/02/2019,HKS,MS,ASO,CE,Federal Contract Tower,0,0,10,0,10,0,15,35,0,50,0,15,45,0,60,70,0,70,130
11/03/2019,HKS,MS,ASO,CE,Federal Contract Tower,0,0,15,0,15,0,7,20,2,29,0,7,35,2,44,112,0,112,156
11/04/2019,HKS,MS,ASO,CE,Federal Contract Tower,0,3,16,0,19,0,8,14,0,22,0,11,30,0,41,28,0,28,69
11/05/2019,HKS,MS,ASO,CE,Federal Contract Tower,0,3,15,0,18,0,6,18,14,38,0,9,33,14,56,34,30,64,120
11/06/2019,HKS,MS,ASO,CE,Federal Contract Tower,0,4,22,2,28,0,7,20,1,28,0,11,42,3,56,76,0,76,132
11/07/2019,HKS,MS,ASO,CE,Federal Contract Tower,0,2,10,2,14,0,0,0,0,0,0,2,10,2,14,10,0,10,24
11/08/2019,HKS,MS,ASO,CE,Federal Contract Tower,0,2,13,3,18,0,2,3,5,10,0,4,16,8,28,2,70,72,100
11/09/2019,HKS,MS,ASO,CE,Federal Contract Tower,0,0,15,1,16,0,8,16,1,25,0,8,31,2,41,74,0,74,115
11/10/2019,HKS,MS,ASO,CE,Federal Contract Tower,0,0,15,0,15,0,2,12,0,14,0,2,27,0,29,40,0,40,69
11/11/2019,HKS,MS,ASO,CE,Federal Contract Tower,0,2,8,2,12,0,2,7,0,9,0,4,15,2,21,24,0,24,45
11/12/2019,HKS,MS,ASO,CE,Federal Contract Tower,0,2,13,2,17,0,0,0,10,10,0,2,13,12,27,0,26,26,53
11/13/2019,HKS,MS,ASO,CE,Federal Contract Tower,0,2,18,5,25,0,5,7,9,21,0,7,25,14,46,12,14,26,72
11/14/2019,HKS,MS,ASO,CE,Federal Contract Tower,0,4,10,5,19,0,0,10,7,17,0,4,20,12,36,0,12,12,48
11/15/2019,HKS,MS,ASO,CE,Federal Contract Tower,0,3,11,0,14,0,4,20,11,35,0,7,31,11,49,20,8,28,77
11/16/2019,HKS,MS,ASO,CE,Federal Contract Tower,0,0,10,0,10,0,4,20,7,31,0,4,30,7,41,74,0,74,115
11/17/2019,HKS,MS,ASO,CE,Federal Contract Tower,0,2,17,0,19,0,1,20,0,21,0,3,37,0,40,36,0,36,76
11/18/2019,HKS,MS,ASO,CE,Federal Contract Tower,0,2,6,1,9,0,12,22,0,34,0,14,28,1,43,62,0,62,105
11/19/2019,HKS,MS,ASO,CE,Federal Contract Tower,0,2,23,4,29,0,1,22,7,30,0,3,45,11,59,36,2,38,97
11/20/2019,HKS,MS,ASO,CE,Federal Contract Tower,0,3,13,2,18,0,2,9,5,16,0,5,22,7,34,14,0,14,48
11/21/2019,HKS,MS,ASO,CE,Federal Contract Tower,0,3,23,2,28,0,0,16,5,21,0,3,39,7,49,48,20,68,117
11/22/2019,HKS,MS,ASO,CE,Federal Contract Tower,0,2,16,4,22,0,0,0,0,0,0,2,16,4,22,12,6,18,40
11/23/2019,HKS,MS,ASO,CE,Federal Contract Tower,0,0,13,1,14,0,2,5,0,7,0,2,18,1,21,12,0,12,33
11/24/2019,HKS,MS,ASO,CE,Federal Contract Tower,0,0,15,0,15,0,1,22,0,23,0,1,37,0,38,68,0,68,106
11/25/2019,HKS,MS,ASO,CE,Federal Contract Tower,0,2,23,1,26,0,3,18,3,24,0,5,41,4,50,24,6,30,80
11/26/2019,HKS,MS,ASO,CE,Federal Contract Tower,0,3,16,2,21,0,0,0,5,5,0,3,16,7,26,4,0,4,30
11/27/2019,HKS,MS,ASO,CE,Federal Contract Tower,0,4,12,0,16,0,1,12,0,13,0,5,24,0,29,26,0,26,55
11/28/2019,HKS,MS,ASO,CE,Federal Contract Tower,0,0,2,0,2,0,5,5,0,10,0,5,7,0,12,16,0,16,28
11/29/2019,HKS,MS,ASO,CE,Federal Contract Tower,0,4,6,0,10,0,3,17,0,20,0,7,23,0,30,28,0,28,58
11/30/2019,HKS,MS,ASO,CE,Federal Contract Tower,0,0,6,0,6,0,4,7,0,11,0,4,13,0,17,2,0,2,19
12/01/2019,HKS,MS,ASO,CE,Federal Contract Tower,0,0,10,0,10,0,2,16,0,18,0,2,26,0,28,34,0,34,62
12/02/2019,HKS,MS,ASO,CE,Federal Contract Tower,0,6,14,0,20,0,2,6,0,8,0,8,20,0,28,32,0,32,60
12/03/2019,HKS,MS,ASO,CE,Federal Contract Tower,0,3,22,3,28,0,16,5,7,28,0,19,27,10,56,84,38,122,178
12/04/2019,HKS,MS,ASO,CE,Federal Contract Tower,0,9,13,0,22,0,3,13,3,19,0,12,26,3,41,18,58,76,117
12/05/2019,HKS,MS,ASO,CE,Federal Contract Tower,0,4,6,0,10,0,4,12,4,20,0,8,18,4,30,36,102,138,168
12/06/2019,HKS,MS,ASO,CE,Federal Contract Tower,0,3,9,0,12,0,2,0,10,12,0,5,9,10,24,2,50,52,76
12/07/2019,HKS,MS,ASO,CE,Federal Contract Tower,0,0,9,0,9,0,0,0,0,0,0,0,9,0,9,0,0,0,9
12/08/2019,HKS,MS,ASO,CE,Federal Contract Tower,0,3,9,0,12,0,6,16,0,22,0,9,25,0,34,82,0,82,116
12/09/2019,HKS,MS,ASO,CE,Federal Contract Tower,0,2,19,1,22,0,2,4,0,6,0,4,23,1,28,2,0,2,30
12/10/2019,HKS,MS,ASO,CE,Federal Contract Tower,0,1,9,0,10,0,0,0,0,0,0,1,9,0,10,0,0,0,10
12/11/2019,HKS,MS,ASO,CE,Federal Contract Tower,0,3,18,0,21,0,10,17,0,27,0,13,35,0,48,34,0,34,82
12/12/2019,HKS,MS,ASO,CE,Federal Contract Tower,0,3,10,2,15,0,8,11,10,29,0,11,21,12,44,62,13,75,119
12/13/2019,HKS,MS,ASO,CE,Federal Contract Tower,0,2,11,0,13,0,0,0,0,0,0,2,11,0,13,8,0,8,21
12/14/2019,HKS,MS,ASO,CE,Federal Contract Tower,0,0,9,0,9,0,4,11,0,15,0,4,20,0,24,52,0,52,76
12/15/2019,HKS,MS,ASO,CE,Federal Contract Tower,0,0,11,0,11,0,2,1,0,3,0,2,12,0,14,40,0,40,54
12/16/2019,HKS,MS,ASO,CE,Federal Contract Tower,0,3,6,0,9,0,0,0,0,0,0,3,6,0,9,0,0,0,9
12/17/2019,HKS,MS,ASO,CE,Federal Contract Tower,0,2,16,1,19,0,0,1,11,12,0,2,17,12,31,0,38,38,69
12/18/2019,HKS,MS,ASO,CE,Federal Contract Tower,0,5,19,0,24,0,6,22,6,34,0,11,41,6,58,56,16,72,130
12/19/2019,HKS,MS,ASO,CE,Federal Contract Tower,0,7,9,1,17,0,2,13,4,19,0,9,22,5,36,38,24,62,98
12/20/2019,HKS,MS,ASO,CE,Federal Contract Tower,0,6,16,0,22,0,0,24,2,26,0,6,40,2,48,12,0,12,60
12/21/2019,HKS,MS,ASO,CE,Federal Contract Tower,0,0,13,0,13,0,4,6,0,10,0,4,19,0,23,22,0,22,45
12/22/2019,HKS,MS,ASO,CE,Federal Contract Tower,0,0,0,0,0,0,0,0,0,0,0,0,0,0,0,0,0,0,0
12/23/2019,HKS,MS,ASO,CE,Federal Contract Tower,0,2,16,0,18,0,0,0,0,0,0,2,16,0,18,4,0,4,22
12/24/2019,HKS,MS,ASO,CE,Federal Contract Tower,0,2,11,0,13,0,4,6,0,10,0,6,17,0,23,18,0,18,41
12/25/2019,HKS,MS,ASO,CE,Federal Contract Tower,0,0,1,0,1,0,0,0,0,0,0,0,1,0,1,0,0,0,1
12/26/2019,HKS,MS,ASO,CE,Federal Contract Tower,0,2,10,0,12,0,4,3,0,7,0,6,13,0,19,34,10,44,63
12/27/2019,HKS,MS,ASO,CE,Federal Contract Tower,0,2,7,0,9,0,0,7,0,7,0,2,14,0,16,2,0,2,18
12/28/2019,HKS,MS,ASO,CE,Federal Contract Tower,0,1,8,0,9,0,0,0,0,0,0,1,8,0,9,6,0,6,15
12/29/2019,HKS,MS,ASO,CE,Federal Contract Tower,0,0,2,0,2,0,0,0,0,0,0,0,2,0,2,0,0,0,2
12/30/2019,HKS,MS,ASO,CE,Federal Contract Tower,0,5,8,0,13,0,20,0,0,20,0,25,8,0,33,34,0,34,67
12/31/2019,HKS,MS,ASO,CE,Federal Contract Tower,0,3,11,0,14,0,0,22,0,22,0,3,33,0,36,68,0,68,104
01/01/2020,HKS,MS,ASO,CE,Federal Contract Tower,0,0,6,0,6,0,4,29,0,33,0,4,35,0,39,96,0,96,135
01/02/2020,HKS,MS,ASO,CE,Federal Contract Tower,0,0,3,0,3,0,0,0,0,0,0,0,3,0,3,0,0,0,3
01/03/2020,HKS,MS,ASO,CE,Federal Contract Tower,0,4,5,0,9,0,0,0,0,0,0,4,5,0,9,0,0,0,9
01/04/2020,HKS,MS,ASO,CE,Federal Contract Tower,0,0,15,0,15,0,2,22,0,24,0,2,37,0,39,44,0,44,83
01/05/2020,HKS,MS,ASO,CE,Federal Contract Tower,0,0,7,0,7,0,0,15,0,15,0,0,22,0,22,90,0,90,112
01/06/2020,HKS,MS,ASO,CE,Federal Contract Tower,0,3,8,0,11,0,0,11,4,15,0,3,19,4,26,10,0,10,36
01/07/2020,HKS,MS,ASO,CE,Federal Contract Tower,0,5,9,2,16,0,4,8,13,25,0,9,17,15,41,10,40,50,91
01/08/2020,HKS,MS,ASO,CE,Federal Contract Tower,0,4,24,4,32,0,6,22,3,31,0,10,46,7,63,108,4,112,175
01/09/2020,HKS,MS,ASO,CE,Federal Contract Tower,0,8,22,3,33,0,10,9,1,20,0,18,31,4,53,22,6,28,81
01/10/2020,HKS,MS,ASO,CE,Federal Contract Tower,0,2,6,0,8,0,3,2,0,5,0,5,8,0,13,8,0,8,21
01/11/2020,HKS,MS,ASO,CE,Federal Contract Tower,0,0,4,0,4,0,4,1,6,11,0,4,5,6,15,0,52,52,67
01/12/2020,HKS,MS,ASO,CE,Federal Contract Tower,0,2,16,1,19,0,0,16,1,17,0,2,32,2,36,64,0,64,100
01/13/2020,HKS,MS,ASO,CE,Federal Contract Tower,0,2,14,0,16,0,0,0,0,0,0,2,14,0,16,0,0,0,16
01/14/2020,HKS,MS,ASO,CE,Federal Contract Tower,0,0,6,0,6,0,0,0,0,0,0,0,6,0,6,0,0,0,6
01/15/2020,HKS,MS,ASO,CE,Federal Contract Tower,0,4,15,0,19,0,6,10,0,16,0,10,25,0,35,34,0,34,69
01/16/2020,HKS,MS,ASO,CE,Federal Contract Tower,0,7,3,2,12,0,10,2,6,18,0,17,5,8,30,0,14,14,44
01/17/2020,HKS,MS,ASO,CE,Federal Contract Tower,0,5,12,1,18,0,2,16,7,25,0,7,28,8,43,12,6,18,61
01/18/2020,HKS,MS,ASO,CE,Federal Contract Tower,0,0,5,0,5,0,0,0,0,0,0,0,5,0,5,6,0,6,11
01/19/2020,HKS,MS,ASO,CE,Federal Contract Tower,0,4,4,0,8,0,2,8,0,10,0,6,12,0,18,2,0,2,20
01/20/2020,HKS,MS,ASO,CE,Federal Contract Tower,0,2,8,0,10,0,4,20,0,24,0,6,28,0,34,24,0,24,58
01/21/2020,HKS,MS,ASO,CE,Federal Contract Tower,0,4,18,6,28,0,2,15,15,32,0,6,33,21,60,28,50,78,138
01/22/2020,HKS,MS,ASO,CE,Federal Contract Tower,0,6,18,1,25,0,0,18,4,22,0,6,36,5,47,44,0,44,91
01/23/2020,HKS,MS,ASO,CE,Federal Contract Tower,0,3,18,0,21,0,0,0,6,6,0,3,18,6,27,2,36,38,65
01/24/2020,HKS,MS,ASO,CE,Federal Contract Tower,0,4,23,0,27,0,2,13,8,23,0,6,36,8,50,32,8,40,90
01/25/2020,HKS,MS,ASO,CE,Federal Contract Tower,0,0,14,0,14,0,1,22,0,23,0,1,36,0,37,50,0,50,87
01/26/2020,HKS,MS,ASO,CE,Federal Contract Tower,0,3,13,0,16,0,0,0,0,0,0,3,13,0,16,6,0,6,22
01/27/2020,HKS,MS,ASO,CE,Federal Contract Tower,0,2,12,1,15,0,2,5,5,12,0,4,17,6,27,14,16,30,57
01/28/2020,HKS,MS,ASO,CE,Federal Contract Tower,0,10,17,6,33,0,2,8,13,23,0,12,25,19,56,14,82,96,152
01/29/2020,HKS,MS,ASO,CE,Federal Contract Tower,0,6,11,0,17,0,0,1,2,3,0,6,12,2,20,8,0,8,28
01/30/2020,HKS,MS,ASO,CE,Federal Contract Tower,0,4,10,2,16,0,2,1,2,5,0,6,11,4,21,8,16,24,45
01/31/2020,HKS,MS,ASO,CE,Federal Contract Tower,0,6,15,0,21,0,0,0,3,3,0,6,15,3,24,6,4,10,34
02/01/2020,HKS,MS,ASO,ES,Federal Contract Tower,0,0,15,0,15,0,3,27,0,30,0,3,42,0,45,82,0,82,127
02/02/2020,HKS,MS,ASO,ES,Federal Contract Tower,0,0,6,0,6,0,5,29,0,34,0,5,35,0,40,26,0,26,66
02/03/2020,HKS,MS,ASO,ES,Federal Contract Tower,0,3,15,2,20,0,4,12,10,26,0,7,27,12,46,20,8,28,74
02/04/2020,HKS,MS,ASO,ES,Federal Contract Tower,0,3,11,1,15,0,6,4,11,21,0,9,15,12,36,6,60,66,102
02/05/2020,HKS,MS,ASO,ES,Federal Contract Tower,0,5,8,0,13,0,1,0,0,1,0,6,8,0,14,0,0,0,14
02/06/2020,HKS,MS,ASO,ES,Federal Contract Tower,0,3,16,2,21,0,0,0,0,0,0,3,16,2,21,12,0,12,33
02/07/2020,HKS,MS,ASO,ES,Federal Contract Tower,0,6,17,0,23,0,2,14,13,29,0,8,31,13,52,22,26,48,100
02/08/2020,HKS,MS,ASO,ES,Federal Contract Tower,0,0,11,0,11,0,6,15,4,25,0,6,26,4,36,12,0,12,48
02/09/2020,HKS,MS,ASO,ES,Federal Contract Tower,0,2,11,2,15,0,0,14,9,23,0,2,25,11,38,10,0,10,48
02/10/2020,HKS,MS,ASO,ES,Federal Contract Tower,0,3,3,0,6,0,0,0,0,0,0,3,3,0,6,0,0,0,6
02/11/2020,HKS,MS,ASO,ES,Federal Contract Tower,0,6,3,0,9,0,0,0,0,0,0,6,3,0,9,0,0,0,9
02/12/2020,HKS,MS,ASO,ES,Federal Contract Tower,0,4,4,0,8,0,0,0,1,1,0,4,4,1,9,0,16,16,25
02/13/2020,HKS,MS,ASO,ES,Federal Contract Tower,0,8,18,0,26,0,2,1,8,11,0,10,19,8,37,2,0,2,39
02/14/2020,HKS,MS,ASO,ES,Federal Contract Tower,0,8,13,0,21,0,5,25,2,32,0,13,38,2,53,36,26,62,115
02/15/2020,HKS,MS,ASO,ES,Federal Contract Tower,0,2,15,1,18,0,3,28,1,32,0,5,43,2,50,76,0,76,126
02/16/2020,HKS,MS,ASO,ES,Federal Contract Tower,0,4,15,0,19,0,0,8,0,8,0,4,23,0,27,10,0,10,37
02/17/2020,HKS,MS,ASO,ES,Federal Contract Tower,0,1,18,0,19,0,2,0,0,2,0,3,18,0,21,14,0,14,35
02/18/2020,HKS,MS,ASO,ES,Federal Contract Tower,0,5,12,0,17,0,0,0,0,0,0,5,12,0,17,4,0,4,21
02/19/2020,HKS,MS,ASO,ES,Federal Contract Tower,0,4,19,0,23,0,0,0,0,0,0,4,19,0,23,4,0,4,27
02/20/2020,HKS,MS,ASO,ES,Federal Contract Tower,0,4,8,1,13,0,0,0,0,0,0,4,8,1,13,0,0,0,13
02/21/2020,HKS,MS,ASO,ES,Federal Contract Tower,0,8,20,1,29,0,4,23,6,33,0,12,43,7,62,104,8,112,174
02/22/2020,HKS,MS,ASO,ES,Federal Contract Tower,0,0,21,0,21,0,10,19,0,29,0,10,40,0,50,42,0,42,92
02/23/2020,HKS,MS,ASO,ES,Federal Contract Tower,0,0,10,0,10,0,4,17,0,21,0,4,27,0,31,42,0,42,73
02/24/2020,HKS,MS,ASO,ES,Federal Contract Tower,0,4,8,0,12,0,0,3,0,3,0,4,11,0,15,0,0,0,15
02/25/2020,HKS,MS,ASO,ES,Federal Contract Tower,0,2,21,5,28,0,8,12,12,32,0,10,33,17,60,54,20,74,134
02/26/2020,HKS,MS,ASO,ES,Federal Contract Tower,0,4,9,0,13,0,2,3,0,5,0,6,12,0,18,16,0,16,34
02/27/2020,HKS,MS,ASO,ES,Federal Contract Tower,0,4,13,1,18,0,3,17,9,29,0,7,30,10,47,14,12,26,73
02/28/2020,HKS,MS,ASO,ES,Federal Contract Tower,0,2,17,0,19,0,6,15,5,26,0,8,32,5,45,16,2,18,63
02/29/2020,HKS,MS,ASO,ES,Federal Contract Tower,0,2,14,0,16,0,5,17,1,23,0,7,31,1,39,14,0,14,53
03/01/2020,HKS,MS,ASO,ES,Federal Contract Tower,0,2,16,0,18,0,12,9,0,21,0,14,25,0,39,0,0,0,39
03/02/2020,HKS,MS,ASO,ES,Federal Contract Tower,0,8,13,0,21,0,1,0,0,1,0,9,13,0,22,2,0,2,24
03/03/2020,HKS,MS,ASO,ES,Federal Contract Tower,0,4,11,4,19,0,2,4,0,6,0,6,15,4,25,12,16,28,53
03/04/2020,HKS,MS,ASO,ES,Federal Contract Tower,0,5,4,0,9,0,0,0,0,0,0,5,4,0,9,0,0,0,9
03/05/2020,HKS,MS,ASO,ES,Federal Contract Tower,0,5,15,4,24,0,0,11,8,19,0,5,26,12,43,16,6,22,65
03/06/2020,HKS,MS,ASO,ES,Federal Contract Tower,0,3,14,1,18,0,2,32,4,38,0,5,46,5,56,24,14,38,94
03/07/2020,HKS,MS,ASO,ES,Federal Contract Tower,0,0,8,0,8,0,4,21,0,25,0,4,29,0,33,32,0,32,65
03/08/2020,HKS,MS,ASO,ES,Federal Contract Tower,0,4,15,0,19,0,2,18,0,20,0,6,33,0,39,32,0,32,71
03/09/2020,HKS,MS,ASO,ES,Federal Contract Tower,0,6,14,0,20,0,2,1,2,5,0,8,15,2,25,6,8,14,39
03/10/2020,HKS,MS,ASO,ES,Federal Contract Tower,0,5,12,2,19,0,6,3,4,13,0,11,15,6,32,6,26,32,64
03/11/2020,HKS,MS,ASO,ES,Federal Contract Tower,0,6,17,0,23,0,0,7,0,7,0,6,24,0,30,10,0,10,40
03/12/2020,HKS,MS,ASO,ES,Federal Contract Tower,0,4,10,2,16,0,5,7,0,12,0,9,17,2,28,2,0,2,30
03/13/2020,HKS,MS,ASO,ES,Federal Contract Tower,0,4,19,1,24,0,4,7,6,17,0,8,26,7,41,26,0,26,67
03/14/2020,HKS,MS,ASO,ES,Federal Contract Tower,0,2,20,0,22,0,6,10,0,16,0,8,30,0,38,10,0,10,48
03/15/2020,HKS,MS,ASO,ES,Federal Contract Tower,0,3,9,1,13,0,0,17,0,17,0,3,26,1,30,24,0,24,54
03/16/2020,HKS,MS,ASO,ES,Federal Contract Tower,0,2,7,2,11,0,7,2,8,17,0,9,9,10,28,16,12,28,56
03/17/2020,HKS,MS,ASO,ES,Federal Contract Tower,0,3,11,0,14,0,0,11,8,19,0,3,22,8,33,32,32,64,97
03/18/2020,HKS,MS,ASO,ES,Federal Contract Tower,0,2,10,0,12,0,2,2,2,6,0,4,12,2,18,8,8,16,34
03/19/2020,HKS,MS,ASO,ES,Federal Contract Tower,0,2,5,5,12,0,5,7,3,15,0,7,12,8,27,10,20,30,57
03/20/2020,HKS,MS,ASO,ES,Federal Contract Tower,0,2,2,0,4,0,0,0,0,0,0,2,2,0,4,0,0,0,4
03/21/2020,HKS,MS,ASO,ES,Federal Contract Tower,0,1,12,0,13,0,2,1,0,3,0,3,13,0,16,10,0,10,26
03/22/2020,HKS,MS,ASO,ES,Federal Contract Tower,0,2,9,0,11,0,0,0,0,0,0,2,9,0,11,14,0,14,25
03/23/2020,HKS,MS,ASO,ES,Federal Contract Tower,0,3,9,0,12,0,3,4,0,7,0,6,13,0,19,14,0,14,33
03/24/2020,HKS,MS,ASO,ES,Federal Contract Tower,0,3,5,4,12,0,4,12,6,22,0,7,17,10,34,12,34,46,80
03/25/2020,HKS,MS,ASO,ES,Federal Contract Tower,0,2,20,1,23,0,6,6,1,13,0,8,26,2,36,12,2,14,50
03/26/2020,HKS,MS,ASO,ES,Federal Contract Tower,0,2,1,2,5,0,3,31,4,38,0,5,32,6,43,26,4,30,73
03/27/2020,HKS,MS,ASO,ES,Federal Contract Tower,0,4,4,1,9,0,4,11,6,21,0,8,15,7,30,22,12,34,64
03/28/2020,HKS,MS,ASO,ES,Federal Contract Tower,0,0,0,0,0,0,1,10,4,15,0,1,10,4,15,12,0,12,27
03/29/2020,HKS,MS,ASO,ES,Federal Contract Tower,0,0,4,0,4,0,13,19,0,32,0,13,23,0,36,40,0,40,76
03/30/2020,HKS,MS,ASO,ES,Federal Contract Tower,0,2,4,0,6,0,4,2,0,6,0,6,6,0,12,2,4,6,18
03/31/2020,HKS,MS,ASO,ES,Federal Contract Tower,0,2,7,4,13,0,4,0,7,11,0,6,7,11,24,4,28,32,56
04/01/2020,HKS,MS,ASO,ES,Federal Contract Tower,0,2,6,0,8,0,2,28,2,32,0,4,34,2,40,16,0,16,56
04/02/2020,HKS,MS,ASO,ES,Federal Contract Tower,0,2,6,0,8,0,2,8,0,10,0,4,14,0,18,2,0,2,20
04/03/2020,HKS,MS,ASO,ES,Federal Contract Tower,0,2,2,0,4,0,0,9,0,9,0,2,11,0,13,24,0,24,37
04/04/2020,HKS,MS,ASO,ES,Federal Contract Tower,0,0,2,0,2,0,2,5,0,7,0,2,7,0,9,4,0,4,13
04/05/2020,HKS,MS,ASO,ES,Federal Contract Tower,0,0,2,0,2,0,6,7,0,13,0,6,9,0,15,0,0,0,15
04/06/2020,HKS,MS,ASO,ES,Federal Contract Tower,0,1,0,0,1,0,2,18,2,22,0,3,18,2,23,20,0,20,43
04/07/2020,HKS,MS,ASO,ES,Federal Contract Tower,0,2,0,1,3,0,2,2,1,5,0,4,2,2,8,6,0,6,14
04/08/2020,HKS,MS,ASO,ES,Federal Contract Tower,0,4,14,0,18,0,8,10,0,18,0,12,24,0,36,34,0,34,70
04/09/2020,HKS,MS,ASO,ES,Federal Contract Tower,0,4,5,3,12,0,1,18,1,20,0,5,23,4,32,38,16,54,86
04/10/2020,HKS,MS,ASO,ES,Federal Contract Tower,0,4,9,0,13,0,3,11,0,14,0,7,20,0,27,12,0,12,39
04/11/2020,HKS,MS,ASO,ES,Federal Contract Tower,0,0,14,0,14,0,3,16,0,19,0,3,30,0,33,46,0,46,79
04/12/2020,HKS,MS,ASO,ES,Federal Contract Tower,0,0,0,0,0,0,0,0,0,0,0,0,0,0,0,0,0,0,0
04/13/2020,HKS,MS,ASO,ES,Federal Contract Tower,0,2,7,0,9,0,2,0,2,4,0,4,7,2,13,4,0,4,17
04/14/2020,HKS,MS,ASO,ES,Federal Contract Tower,0,2,7,0,9,0,6,9,9,24,0,8,16,9,33,24,12,36,69
04/15/2020,HKS,MS,ASO,ES,Federal Contract Tower,0,4,8,0,12,0,6,18,1,25,0,10,26,1,37,10,0,10,47
04/16/2020,HKS,MS,ASO,ES,Federal Contract Tower,0,4,17,0,21,0,7,24,3,34,0,11,41,3,55,42,6,48,103
04/17/2020,HKS,MS,ASO,ES,Federal Contract Tower,0,2,13,0,15,0,0,21,7,28,0,2,34,7,43,22,12,34,77
04/18/2020,HKS,MS,ASO,ES,Federal Contract Tower,0,1,10,0,11,0,0,15,0,15,0,1,25,0,26,8,0,8,34
04/19/2020,HKS,MS,ASO,ES,Federal Contract Tower,0,0,0,0,0,0,0,0,0,0,0,0,0,0,0,0,0,0,0
04/20/2020,HKS,MS,ASO,ES,Federal Contract Tower,0,2,4,0,6,0,0,8,0,8,0,2,12,0,14,10,0,10,24
04/21/2020,HKS,MS,ASO,ES,Federal Contract Tower,0,2,14,2,18,0,0,19,9,28,0,2,33,11,46,46,80,126,172
04/22/2020,HKS,MS,ASO,ES,Federal Contract Tower,0,2,4,0,6,0,0,4,2,6,0,2,8,2,12,18,10,28,40
04/23/2020,HKS,MS,ASO,ES,Federal Contract Tower,0,3,8,0,11,0,6,2,0,8,0,9,10,0,19,8,0,8,27
04/24/2020,HKS,MS,ASO,ES,Federal Contract Tower,0,2,12,0,14,0,0,7,6,13,0,2,19,6,27,16,6,22,49
04/25/2020,HKS,MS,ASO,ES,Federal Contract Tower,0,0,6,1,7,0,0,17,0,17,0,0,23,1,24,56,2,58,82
04/26/2020,HKS,MS,ASO,ES,Federal Contract Tower,0,0,10,0,10,0,6,31,0,37,0,6,41,0,47,86,0,86,133
04/27/2020,HKS,MS,ASO,ES,Federal Contract Tower,0,2,8,0,10,0,3,20,1,24,0,5,28,1,34,36,10,46,80
04/28/2020,HKS,MS,ASO,ES,Federal Contract Tower,0,1,11,1,13,0,0,12,7,19,0,1,23,8,32,30,68,98,130
04/29/2020,HKS,MS,ASO,ES,Federal Contract Tower,0,2,4,0,6,0,0,5,0,5,0,2,9,0,11,26,0,26,37
04/30/2020,HKS,MS,ASO,ES,Federal Contract Tower,0,2,8,2,12,0,3,14,7,24,0,5,22,9,36,18,20,38,74
05/01/2020,HKS,MS,ASO,ES,Federal Contract Tower,0,2,7,1,10,0,0,27,0,27,0,2,34,1,37,56,2,58,95
05/02/2020,HKS,MS,ASO,ES,Federal Contract Tower,0,3,5,0,8,0,5,24,0,29,0,8,29,0,37,86,0,86,123
05/03/2020,HKS,MS,ASO,ES,Federal Contract Tower,0,0,7,0,7,0,2,15,0,17,0,2,22,0,24,76,0,76,100
05/04/2020,HKS,MS,ASO,ES,Federal Contract Tower,0,1,7,0,8,0,7,7,0,14,0,8,14,0,22,4,0,4,26
05/05/2020,HKS,MS,ASO,ES,Federal Contract Tower,0,3,7,1,11,0,0,2,7,9,0,3,9,8,20,28,28,56,76
05/06/2020,HKS,MS,ASO,ES,Federal Contract Tower,0,4,8,0,12,0,2,8,5,15,0,6,16,5,27,2,2,4,31
05/07/2020,HKS,MS,ASO,ES,Federal Contract Tower,0,5,13,3,21,0,4,28,5,37,0,9,41,8,58,54,22,76,134
05/08/2020,HKS,MS,ASO,ES,Federal Contract Tower,0,4,4,0,8,0,0,0,0,0,0,4,4,0,8,0,0,0,8
05/09/2020,HKS,MS,ASO,ES,Federal Contract Tower,0,1,11,0,12,0,4,20,0,24,0,5,31,0,36,36,0,36,72
05/10/2020,HKS,MS,ASO,ES,Federal Contract Tower,0,0,7,0,7,0,5,24,0,29,0,5,31,0,36,72,0,72,108
05/11/2020,HKS,MS,ASO,ES,Federal Contract Tower,0,2,9,0,11,0,4,10,4,18,0,6,19,4,29,44,0,44,73
05/12/2020,HKS,MS,ASO,ES,Federal Contract Tower,0,2,5,0,7,0,2,21,14,37,0,4,26,14,44,26,22,48,92
05/13/2020,HKS,MS,ASO,ES,Federal Contract Tower,0,1,12,0,13,0,4,7,2,13,0,5,19,2,26,6,14,20,46
05/14/2020,HKS,MS,ASO,ES,Federal Contract Tower,0,2,7,0,9,0,1,1,4,6,0,3,8,4,15,0,6,6,21
05/15/2020,HKS,MS,ASO,ES,Federal Contract Tower,0,0,7,2,9,0,2,5,5,12,0,2,12,7,21,0,30,30,51
05/16/2020,HKS,MS,ASO,ES,Federal Contract Tower,0,2,8,0,10,0,6,10,0,16,0,8,18,0,26,32,0,32,58
05/17/2020,HKS,MS,ASO,ES,Federal Contract Tower,0,0,5,0,5,0,1,2,0,3,0,1,7,0,8,12,0,12,20
05/18/2020,HKS,MS,ASO,ES,Federal Contract Tower,0,1,6,0,7,0,8,7,0,15,0,9,13,0,22,24,0,24,46
05/19/2020,HKS,MS,ASO,ES,Federal Contract Tower,0,0,5,0,5,0,4,14,10,28,0,4,19,10,33,20,100,120,153
05/20/2020,HKS,MS,ASO,ES,Federal Contract Tower,0,0,9,0,9,0,11,22,5,38,0,11,31,5,47,40,8,48,95
05/21/2020,HKS,MS,ASO,ES,Federal Contract Tower,0,0,1,0,1,0,6,11,4,21,0,6,12,4,22,12,6,18,40
05/22/2020,HKS,MS,ASO,ES,Federal Contract Tower,0,1,13,0,14,0,3,4,2,9,0,4,17,2,23,10,0,10,33
05/23/2020,HKS,MS,ASO,ES,Federal Contract Tower,0,1,4,0,5,0,0,2,0,2,0,1,6,0,7,10,0,10,17
05/24/2020,HKS,MS,ASO,ES,Federal Contract Tower,0,0,4,0,4,0,3,8,0,11,0,3,12,0,15,48,0,48,63
05/25/2020,HKS,MS,ASO,ES,Federal Contract Tower,0,0,9,0,9,0,5,4,0,9,0,5,13,0,18,4,0,4,22
05/26/2020,HKS,MS,ASO,ES,Federal Contract Tower,0,0,5,0,5,0,2,3,17,22,0,2,8,17,27,2,74,76,103
05/27/2020,HKS,MS,ASO,ES,Federal Contract Tower,0,2,5,0,7,0,2,2,9,13,0,4,7,9,20,2,6,8,28
05/28/2020,HKS,MS,ASO,ES,Federal Contract Tower,0,4,11,3,18,0,10,14,6,30,0,14,25,9,48,14,0,14,62
05/29/2020,HKS,MS,ASO,ES,Federal Contract Tower,0,2,2,1,5,0,8,7,12,27,0,10,9,13,32,34,32,66,98
05/30/2020,HKS,MS,ASO,ES,Federal Contract Tower,0,0,7,0,7,0,4,24,0,28,0,4,31,0,35,20,0,20,55
05/31/2020,HKS,MS,ASO,ES,Federal Contract Tower,0,0,6,0,6,0,4,10,0,14,0,4,16,0,20,16,0,16,36
06/01/2020,HKS,MS,ASO,ES,Federal Contract Tower,0,0,11,0,11,0,4,16,0,20,0,4,27,0,31,42,0,42,73
06/02/2020,HKS,MS,ASO,ES,Federal Contract Tower,0,3,11,2,16,0,5,8,20,33,0,8,19,22,49,2,92,94,143
06/03/2020,HKS,MS,ASO,ES,Federal Contract Tower,0,0,3,0,3,0,5,1,1,7,0,5,4,1,10,0,0,0,10
06/04/2020,HKS,MS,ASO,ES,Federal Contract Tower,0,0,8,3,11,0,5,5,3,13,0,5,13,6,24,22,0,22,46
06/05/2020,HKS,MS,ASO,ES,Federal Contract Tower,0,2,3,2,7,0,4,13,7,24,0,6,16,9,31,16,0,16,47
06/06/2020,HKS,MS,ASO,ES,Federal Contract Tower,0,3,18,0,21,0,3,17,2,22,0,6,35,2,43,20,0,20,63
06/07/2020,HKS,MS,ASO,ES,Federal Contract Tower,0,0,7,2,9,0,2,4,0,6,0,2,11,2,15,0,0,0,15
06/08/2020,HKS,MS,ASO,ES,Federal Contract Tower,0,0,0,0,0,0,3,0,0,3,0,3,0,0,3,0,0,0,3
06/09/2020,HKS,MS,ASO,ES,Federal Contract Tower,0,0,6,4,10,0,4,1,18,23,0,4,7,22,33,0,20,20,53
06/10/2020,HKS,MS,ASO,ES,Federal Contract Tower,0,0,3,0,3,0,6,5,6,17,0,6,8,6,20,6,6,12,32
06/11/2020,HKS,MS,ASO,ES,Federal Contract Tower,0,0,8,0,8,0,6,12,11,29,0,6,20,11,37,4,0,4,41
06/12/2020,HKS,MS,ASO,ES,Federal Contract Tower,0,0,12,0,12,0,8,4,2,14,0,8,16,2,26,2,8,10,36
06/13/2020,HKS,MS,ASO,ES,Federal Contract Tower,0,2,7,0,9,0,6,21,0,27,0,8,28,0,36,16,0,16,52
06/14/2020,HKS,MS,ASO,ES,Federal Contract Tower,0,2,7,0,9,0,5,19,0,24,0,7,26,0,33,0,0,0,33
06/15/2020,HKS,MS,ASO,ES,Federal Contract Tower,0,1,5,0,6,0,2,9,0,11,0,3,14,0,17,6,0,6,23
06/16/2020,HKS,MS,ASO,ES,Federal Contract Tower,0,0,8,3,11,0,4,10,7,21,0,4,18,10,32,6,18,24,56
06/17/2020,HKS,MS,ASO,ES,Federal Contract Tower,0,2,9,0,11,0,1,9,7,17,0,3,18,7,28,16,0,16,44
06/18/2020,HKS,MS,ASO,ES,Federal Contract Tower,0,1,8,2,11,0,4,15,5,24,0,5,23,7,35,20,4,24,59
06/19/2020,HKS,MS,ASO,ES,Federal Contract Tower,0,0,5,0,5,0,2,13,6,21,0,2,18,6,26,6,4,10,36
06/20/2020,HKS,MS,ASO,ES,Federal Contract Tower,0,1,6,0,7,0,9,20,0,29,0,10,26,0,36,26,0,26,62
06/21/2020,HKS,MS,ASO,ES,Federal Contract Tower,0,0,4,0,4,0,7,12,0,19,0,7,16,0,23,20,0,20,43
06/22/2020,HKS,MS,ASO,ES,Federal Contract Tower,0,0,7,0,7,0,0,2,0,2,0,0,9,0,9,4,26,30,39
06/23/2020,HKS,MS,ASO,ES,Federal Contract Tower,0,2,4,3,9,0,3,6,17,26,0,5,10,20,35,4,62,66,101
06/24/2020,HKS,MS,ASO,ES,Federal Contract Tower,0,2,6,0,8,0,2,1,2,5,0,4,7,2,13,4,0,4,17
06/25/2020,HKS,MS,ASO,ES,Federal Contract Tower,0,2,6,1,9,0,3,7,2,12,0,5,13,3,21,0,12,12,33
06/26/2020,HKS,MS,ASO,ES,Federal Contract Tower,0,2,8,0,10,0,6,9,2,17,0,8,17,2,27,20,52,72,99
06/27/2020,HKS,MS,ASO,ES,Federal Contract Tower,0,0,9,0,9,0,6,12,0,18,0,6,21,0,27,16,0,16,43
06/28/2020,HKS,MS,ASO,ES,Federal Contract Tower,0,2,12,0,14,0,3,15,0,18,0,5,27,0,32,52,0,52,84
06/29/2020,HKS,MS,ASO,ES,Federal Contract Tower,0,2,13,0,15,0,10,8,0,18,0,12,21,0,33,4,0,4,37
06/30/2020,HKS,MS,ASO,ES,Federal Contract Tower,0,0,5,3,8,0,5,18,19,42,0,5,23,22,50,48,32,80,130
07/01/2020,HKS,MS,ASO,ES,Federal Contract Tower,0,0,11,0,11,0,10,8,0,18,0,10,19,0,29,2,0,2,31
07/02/2020,HKS,MS,ASO,ES,Federal Contract Tower,0,1,8,0,9,0,6,3,0,9,0,7,11,0,18,0,0,0,18
07/03/2020,HKS,MS,ASO,ES,Federal Contract Tower,0,1,4,0,5,0,2,5,0,7,0,3,9,0,12,28,0,28,40
07/04/2020,HKS,MS,ASO,ES,Federal Contract Tower,0,0,5,0,5,0,2,5,0,7,0,2,10,0,12,22,0,22,34
07/06/2020,HKS,MS,ASO,ES,Federal Contract Tower,0,5,7,0,12,0,5,4,6,15,0,10,11,6,27,2,24,26,53
07/07/2020,HKS,MS,ASO,ES,Federal Contract Tower,0,0,6,2,8,0,6,4,0,10,0,6,10,2,18,4,0,4,22
07/08/2020,HKS,MS,ASO,ES,Federal Contract Tower,0,4,3,0,7,0,1,2,0,3,0,5,5,0,10,0,0,0,10
07/09/2020,HKS,MS,ASO,ES,Federal Contract Tower,0,2,5,1,8,0,5,4,6,15,0,7,9,7,23,18,30,48,71
07/10/2020,HKS,MS,ASO,ES,Federal Contract Tower,0,0,12,0,12,0,4,11,1,16,0,4,23,1,28,4,0,4,32
07/11/2020,HKS,MS,ASO,ES,Federal Contract Tower,0,1,6,0,7,0,4,18,2,24,0,5,24,2,31,24,0,24,55
07/12/2020,HKS,MS,ASO,ES,Federal Contract Tower,0,0,3,0,3,0,8,4,0,12,0,8,7,0,15,0,0,0,15
07/13/2020,HKS,MS,ASO,ES,Federal Contract Tower,0,0,9,0,9,0,4,10,0,14,0,4,19,0,23,36,0,36,59
07/14/2020,HKS,MS,ASO,ES,Federal Contract Tower,0,0,9,2,11,0,6,15,25,46,0,6,24,27,57,18,36,54,111
07/15/2020,HKS,MS,ASO,ES,Federal Contract Tower,0,2,10,0,12,0,0,11,3,14,0,2,21,3,26,10,4,14,40
07/16/2020,HKS,MS,ASO,ES,Federal Contract Tower,0,2,9,0,11,0,6,13,12,31,0,8,22,12,42,52,18,70,112
07/17/2020,HKS,MS,ASO,ES,Federal Contract Tower,0,1,7,2,10,0,6,9,9,24,0,7,16,11,34,0,30,30,64
07/18/2020,HKS,MS,ASO,ES,Federal Contract Tower,0,0,8,0,8,0,6,30,0,36,0,6,38,0,44,28,0,28,72
07/19/2020,HKS,MS,ASO,ES,Federal Contract Tower,0,0,8,0,8,0,4,14,0,18,0,4,22,0,26,20,0,20,46
07/20/2020,HKS,MS,ASO,ES,Federal Contract Tower,0,0,1,0,1,0,8,6,2,16,0,8,7,2,17,12,0,12,29
07/21/2020,HKS,MS,ASO,ES,Federal Contract Tower,0,3,2,1,6,0,10,5,9,24,0,13,7,10,30,2,12,14,44
07/22/2020,HKS,MS,ASO,ES,Federal Contract Tower,0,3,8,0,11,0,7,12,2,21,0,10,20,2,32,32,0,32,64
07/23/2020,HKS,MS,ASO,ES,Federal Contract Tower,0,1,4,1,6,0,6,10,7,23,0,7,14,8,29,36,0,36,65
07/24/2020,HKS,MS,ASO,ES,Federal Contract Tower,0,1,2,0,3,0,5,3,0,8,0,6,5,0,11,6,0,6,17
07/25/2020,HKS,MS,ASO,ES,Federal Contract Tower,0,1,9,0,10,0,3,4,0,7,0,4,13,0,17,10,0,10,27
07/26/2020,HKS,MS,ASO,ES,Federal Contract Tower,0,3,3,0,6,0,5,12,2,19,0,8,15,2,25,16,0,16,41
07/27/2020,HKS,MS,ASO,ES,Federal Contract Tower,0,5,3,0,8,0,3,1,0,4,0,8,4,0,12,28,0,28,40
07/28/2020,HKS,MS,ASO,ES,Federal Contract Tower,0,0,2,0,2,0,2,3,4,9,0,2,5,4,11,0,2,2,13
07/29/2020,HKS,MS,ASO,ES,Federal Contract Tower,0,1,5,0,6,0,3,4,1,8,0,4,9,1,14,2,0,2,16
07/30/2020,HKS,MS,ASO,ES,Federal Contract Tower,0,0,4,0,4,0,3,16,2,21,0,3,20,2,25,8,0,8,33
07/31/2020,HKS,MS,ASO,ES,Federal Contract Tower,0,0,9,0,9,0,6,11,2,19,0,6,20,2,28,22,0,22,50
08/01/2020,HKS,MS,ASO,ES,Federal Contract Tower,0,0,5,0,5,0,4,6,0,10,0,4,11,0,15,20,0,20,35
08/02/2020,HKS,MS,ASO,ES,Federal Contract Tower,0,2,6,0,8,0,2,29,0,31,0,4,35,0,39,108,0,108,147
08/03/2020,HKS,MS,ASO,ES,Federal Contract Tower,0,0,8,1,9,0,0,3,3,6,0,0,11,4,15,26,0,26,41
08/04/2020,HKS,MS,ASO,ES,Federal Contract Tower,0,2,9,0,11,0,1,5,13,19,0,3,14,13,30,18,18,36,66
08/05/2020,HKS,MS,ASO,ES,Federal Contract Tower,0,2,2,0,4,0,2,16,2,20,0,4,18,2,24,56,0,56,80
08/06/2020,HKS,MS,ASO,ES,Federal Contract Tower,0,2,10,0,12,0,4,17,2,23,0,6,27,2,35,32,24,56,91
08/07/2020,HKS,MS,ASO,ES,Federal Contract Tower,0,3,1,0,4,0,6,14,2,22,0,9,15,2,26,26,12,38,64
08/08/2020,HKS,MS,ASO,ES,Federal Contract Tower,0,0,16,0,16,0,10,15,4,29,0,10,31,4,45,46,0,46,91
08/09/2020,HKS,MS,ASO,ES,Federal Contract Tower,0,0,10,0,10,0,2,19,0,21,0,2,29,0,31,40,0,40,71
08/10/2020,HKS,MS,ASO,ES,Federal Contract Tower,0,5,7,0,12,0,5,8,0,13,0,10,15,0,25,12,0,12,37
08/11/2020,HKS,MS,ASO,ES,Federal Contract Tower,0,6,7,0,13,0,8,6,5,19,0,14,13,5,32,12,20,32,64
08/12/2020,HKS,MS,ASO,ES,Federal Contract Tower,0,2,5,0,7,0,3,9,0,12,0,5,14,0,19,6,0,6,25
08/13/2020,HKS,MS,ASO,ES,Federal Contract Tower,0,2,3,0,5,0,1,12,3,16,0,3,15,3,21,6,28,34,55
08/14/2020,HKS,MS,ASO,ES,Federal Contract Tower,0,4,10,0,14,0,1,3,1,5,0,5,13,1,19,2,18,20,39
08/17/2020,HKS,MS,ASO,ES,Federal Contract Tower,0,1,8,0,9,0,6,17,2,25,0,7,25,2,34,72,0,72,106
08/18/2020,HKS,MS,ASO,ES,Federal Contract Tower,0,2,11,0,13,0,6,14,10,30,0,8,25,10,43,26,8,34,77
08/19/2020,HKS,MS,ASO,ES,Federal Contract Tower,0,1,10,0,11,0,5,13,5,23,0,6,23,5,34,26,8,34,68
08/20/2020,HKS,MS,ASO,ES,Federal Contract Tower,0,1,10,0,11,0,1,4,6,11,0,2,14,6,22,28,22,50,72
08/21/2020,HKS,MS,ASO,ES,Federal Contract Tower,0,1,8,0,9,0,0,0,0,0,0,1,8,0,9,0,0,0,9
08/22/2020,HKS,MS,ASO,ES,Federal Contract Tower,0,2,13,0,15,0,7,17,2,26,0,9,30,2,41,68,0,68,109
08/23/2020,HKS,MS,ASO,ES,Federal Contract Tower,0,1,9,0,10,0,9,12,2,23,0,10,21,2,33,50,0,50,83
08/24/2020,HKS,MS,ASO,ES,Federal Contract Tower,0,0,4,0,4,0,9,8,18,35,0,9,12,18,39,26,0,26,65
08/25/2020,HKS,MS,ASO,ES,Federal Contract Tower,0,6,0,0,6,0,5,2,0,7,0,11,2,0,13,6,12,18,31
08/26/2020,HKS,MS,ASO,ES,Federal Contract Tower,0,0,2,1,3,0,4,3,13,20,0,4,5,14,23,0,22,22,45
08/28/2020,HKS,MS,ASO,ES,Federal Contract Tower,0,3,4,2,9,0,5,0,3,8,0,8,4,5,17,2,16,18,35
08/29/2020,HKS,MS,ASO,ES,Federal Contract Tower,0,2,9,0,11,0,5,6,0,11,0,7,15,0,22,10,0,10,32
08/30/2020,HKS,MS,ASO,ES,Federal Contract Tower,0,1,8,0,9,0,1,1,0,2,0,2,9,0,11,8,0,8,19
08/31/2020,HKS,MS,ASO,ES,Federal Contract Tower,0,3,4,0,7,0,4,7,6,17,0,7,11,6,24,4,10,14,38
09/01/2020,HKS,MS,ASO,ES,Federal Contract Tower,0,3,2,6,11,0,3,15,5,23,0,6,17,11,34,46,18,64,98
09/02/2020,HKS,MS,ASO,ES,Federal Contract Tower,0,3,5,0,8,0,10,15,4,29,0,13,20,4,37,26,0,26,63
09/03/2020,HKS,MS,ASO,ES,Federal Contract Tower,0,0,6,0,6,0,5,18,2,25,0,5,24,2,31,38,8,46,77
09/04/2020,HKS,MS,ASO,ES,Federal Contract Tower,0,3,6,0,9,0,2,14,0,16,0,5,20,0,25,36,0,36,61
09/05/2020,HKS,MS,ASO,ES,Federal Contract Tower,0,0,3,0,3,0,0,14,0,14,0,0,17,0,17,22,0,22,39
09/06/2020,HKS,MS,ASO,ES,Federal Contract Tower,0,0,4,0,4,0,5,13,0,18,0,5,17,0,22,8,0,8,30
09/07/2020,HKS,MS,ASO,ES,Federal Contract Tower,0,0,8,0,8,0,4,12,0,16,0,4,20,0,24,20,0,20,44
09/08/2020,HKS,MS,ASO,ES,Federal Contract Tower,0,2,12,0,14,0,4,14,2,20,0,6,26,2,34,24,4,28,62
09/09/2020,HKS,MS,ASO,ES,Federal Contract Tower,0,1,7,0,8,0,3,12,7,22,0,4,19,7,30,26,4,30,60
09/10/2020,HKS,MS,ASO,ES,Federal Contract Tower,0,2,8,0,10,0,6,13,0,19,0,8,21,0,29,20,0,20,49
09/11/2020,HKS,MS,ASO,ES,Federal Contract Tower,0,3,3,0,6,0,0,12,6,18,0,3,15,6,24,10,0,10,34
09/12/2020,HKS,MS,ASO,ES,Federal Contract Tower,0,1,1,0,2,0,3,16,3,22,0,4,17,3,24,26,0,26,50
09/13/2020,HKS,MS,ASO,ES,Federal Contract Tower,0,3,7,0,10,0,3,8,0,11,0,6,15,0,21,14,0,14,35
09/14/2020,HKS,MS,ASO,ES,Federal Contract Tower,0,2,4,0,6,0,0,10,9,19,0,2,14,9,25,2,0,2,27
09/15/2020,HKS,MS,ASO,ES,Federal Contract Tower,0,2,1,0,3,0,1,2,4,7,0,3,3,4,10,0,16,16,26
09/16/2020,HKS,MS,ASO,ES,Federal Contract Tower,0,0,5,2,7,0,4,3,3,10,0,4,8,5,17,12,6,18,35
09/17/2020,HKS,MS,ASO,ES,Federal Contract Tower,0,1,6,1,8,0,9,3,10,22,0,10,9,11,30,4,12,16,46
09/18/2020,HKS,MS,ASO,ES,Federal Contract Tower,0,0,11,0,11,0,3,11,0,14,0,3,22,0,25,42,0,42,67
09/19/2020,HKS,MS,ASO,ES,Federal Contract Tower,0,2,6,0,8,0,8,7,0,15,0,10,13,0,23,8,0,8,31
09/20/2020,HKS,MS,ASO,ES,Federal Contract Tower,0,0,5,0,5,0,4,16,0,20,0,4,21,0,25,30,0,30,55
09/21/2020,HKS,MS,ASO,ES,Federal Contract Tower,0,3,5,0,8,0,3,2,2,7,0,6,7,2,15,2,4,6,21
09/22/2020,HKS,MS,ASO,ES,Federal Contract Tower,0,5,1,2,8,0,6,5,7,18,0,11,6,9,26,62,36,98,124
09/24/2020,HKS,MS,ASO,ES,Federal Contract Tower,0,0,2,0,2,0,0,0,0,0,0,0,2,0,2,0,0,0,2
09/25/2020,HKS,MS,ASO,ES,Federal Contract Tower,0,1,6,1,8,0,7,1,5,13,0,8,7,6,21,40,0,40,61
09/26/2020,HKS,MS,ASO,ES,Federal Contract Tower,0,1,6,0,7,0,3,8,0,11,0,4,14,0,18,28,0,28,46
09/27/2020,HKS,MS,ASO,ES,Federal Contract Tower,0,1,0,0,1,0,8,7,0,15,0,9,7,0,16,4,0,4,20
09/28/2020,HKS,MS,ASO,ES,Federal Contract Tower,0,6,3,0,9,0,2,1,0,3,0,8,4,0,12,0,0,0,12
09/29/2020,HKS,MS,ASO,ES,Federal Contract Tower,0,2,7,0,9,0,4,19,2,25,0,6,26,2,34,60,0,60,94
09/30/2020,HKS,MS,ASO,ES,Federal Contract Tower,0,1,9,0,10,0,3,16,0,19,0,4,25,0,29,24,0,24,53
10/01/2020,HKS,MS,ASO,ES,Federal Contract Tower,0,4,4,0,8,0,7,10,4,21,0,11,14,4,29,10,0,10,39
10/02/2020,HKS,MS,ASO,ES,Federal Contract Tower,0,2,10,0,12,0,3,9,0,12,0,5,19,0,24,28,0,28,52
10/03/2020,HKS,MS,ASO,ES,Federal Contract Tower,0,0,1,0,1,0,5,18,0,23,0,5,19,0,24,28,0,28,52
10/04/2020,HKS,MS,ASO,ES,Federal Contract Tower,0,2,6,0,8,0,3,30,0,33,0,5,36,0,41,18,0,18,59
10/05/2020,HKS,MS,ASO,ES,Federal Contract Tower,0,1,6,0,7,0,7,18,0,25,0,8,24,0,32,6,0,6,38
10/06/2020,HKS,MS,ASO,ES,Federal Contract Tower,0,1,8,0,9,0,6,13,10,29,0,7,21,10,38,26,36,62,100
10/07/2020,HKS,MS,ASO,ES,Federal Contract Tower,0,3,6,2,11,0,8,18,4,30,0,11,24,6,41,14,8,22,63
10/08/2020,HKS,MS,ASO,ES,Federal Contract Tower,0,1,7,6,14,0,3,11,7,21,0,4,18,13,35,14,20,34,69
10/09/2020,HKS,MS,ASO,ES,Federal Contract Tower,0,2,4,0,6,0,2,0,0,2,0,4,4,0,8,2,0,2,10
10/11/2020,HKS,MS,ASO,ES,Federal Contract Tower,0,2,7,0,9,0,3,1,0,4,0,5,8,0,13,4,0,4,17
10/12/2020,HKS,MS,ASO,ES,Federal Contract Tower,0,2,4,0,6,0,6,12,0,18,0,8,16,0,24,14,0,14,38
10/13/2020,HKS,MS,ASO,ES,Federal Contract Tower,0,1,7,0,8,0,4,32,17,53,0,5,39,17,61,58,12,70,131
10/14/2020,HKS,MS,ASO,ES,Federal Contract Tower,0,0,4,2,6,0,7,16,3,26,0,7,20,5,32,38,0,38,70
10/15/2020,HKS,MS,ASO,ES,Federal Contract Tower,0,4,9,2,15,0,7,4,10,21,0,11,13,12,36,28,32,60,96
10/16/2020,HKS,MS,ASO,ES,Federal Contract Tower,0,2,13,1,16,0,6,9,6,21,0,8,22,7,37,12,44,56,93
10/17/2020,HKS,MS,ASO,ES,Federal Contract Tower,0,1,10,0,11,0,4,21,8,33,0,5,31,8,44,44,0,44,88
10/18/2020,HKS,MS,ASO,ES,Federal Contract Tower,0,0,8,0,8,0,1,22,22,45,0,1,30,22,53,24,26,50,103
10/19/2020,HKS,MS,ASO,ES,Federal Contract Tower,0,0,0,0,0,0,9,10,0,19,0,9,10,0,19,0,0,0,19
10/20/2020,HKS,MS,ASO,ES,Federal Contract Tower,0,0,0,0,0,0,7,2,6,15,0,7,2,6,15,0,0,0,15
10/21/2020,HKS,MS,ASO,ES,Federal Contract Tower,0,0,1,0,1,0,8,0,5,13,0,8,1,5,14,2,0,2,16
10/22/2020,HKS,MS,ASO,ES,Federal Contract Tower,0,0,0,1,1,0,9,0,11,20,0,9,0,12,21,0,0,0,21
10/23/2020,HKS,MS,ASO,ES,Federal Contract Tower,0,1,0,0,1,0,6,0,4,10,0,7,0,4,11,0,0,0,11
10/25/2020,HKS,MS,ASO,ES,Federal Contract Tower,0,0,0,0,0,0,4,0,0,4,0,4,0,0,4,0,0,0,4
10/26/2020,HKS,MS,ASO,ES,Federal Contract Tower,0,0,0,0,0,0,7,0,1,8,0,7,0,1,8,0,0,0,8
10/27/2020,HKS,MS,ASO,ES,Federal Contract Tower,0,0,2,3,5,0,7,0,21,28,0,7,2,24,33,0,26,26,59
10/28/2020,HKS,MS,ASO,ES,Federal Contract Tower,0,2,2,0,4,0,0,3,0,3,0,2,5,0,7,0,0,0,7
10/29/2020,HKS,MS,ASO,ES,Federal Contract Tower,0,0,0,0,0,0,2,11,9,22,0,2,11,9,22,6,52,58,80
10/30/2020,HKS,MS,ASO,ES,Federal Contract Tower,0,1,7,0,8,0,1,12,7,20,0,2,19,7,28,32,12,44,72
10/31/2020,HKS,MS,ASO,ES,Federal Contract Tower,0,2,1,0,3,0,5,23,2,30,0,7,24,2,33,32,0,32,65
11/01/2020,HKS,MS,ASO,ES,Federal Contract Tower,0,0,7,0,7,0,2,14,0,16,0,2,21,0,23,20,0,20,43
11/02/2020,HKS,MS,ASO,ES,Federal Contract Tower,0,0,6,0,6,0,0,16,0,16,0,0,22,0,22,12,0,12,34
11/03/2020,HKS,MS,ASO,ES,Federal Contract Tower,0,4,6,3,13,0,2,16,24,42,0,6,22,27,55,50,10,60,115
11/04/2020,HKS,MS,ASO,ES,Federal Contract Tower,0,0,7,1,8,0,4,8,1,13,0,4,15,2,21,20,0,20,41
11/05/2020,HKS,MS,ASO,ES,Federal Contract Tower,0,3,4,2,9,0,4,7,7,18,0,7,11,9,27,24,0,24,51
11/06/2020,HKS,MS,ASO,ES,Federal Contract Tower,0,3,6,2,11,0,4,12,4,20,0,7,18,6,31,32,0,32,63
11/07/2020,HKS,MS,ASO,ES,Federal Contract Tower,0,1,2,0,3,0,2,14,2,18,0,3,16,2,21,66,0,66,87
11/08/2020,HKS,MS,ASO,ES,Federal Contract Tower,0,4,7,0,11,0,3,7,4,14,0,7,14,4,25,10,0,10,35
11/09/2020,HKS,MS,ASO,ES,Federal Contract Tower,0,2,6,2,10,0,0,2,0,2,0,2,8,2,12,24,0,24,36
11/10/2020,HKS,MS,ASO,ES,Federal Contract Tower,0,3,9,0,12,0,3,4,1,8,0,6,13,1,20,48,0,48,68
11/11/2020,HKS,MS,ASO,ES,Federal Contract Tower,0,0,8,0,8,0,0,11,0,11,0,0,19,0,19,44,0,44,63
11/12/2020,HKS,MS,ASO,ES,Federal Contract Tower,0,2,9,1,12,0,0,20,15,35,0,2,29,16,47,34,68,102,149
11/13/2020,HKS,MS,ASO,ES,Federal Contract Tower,0,2,6,0,8,0,2,18,21,41,0,4,24,21,49,12,14,26,75
11/14/2020,HKS,MS,ASO,ES,Federal Contract Tower,0,1,4,4,9,0,1,13,11,25,0,2,17,15,34,10,16,26,60
11/15/2020,HKS,MS,ASO,ES,Federal Contract Tower,0,2,4,0,6,0,2,3,2,7,0,4,7,2,13,0,4,4,17
11/16/2020,HKS,MS,ASO,ES,Federal Contract Tower,0,0,11,1,12,0,3,11,0,14,0,3,22,1,26,22,0,22,48
11/17/2020,HKS,MS,ASO,ES,Federal Contract Tower,0,1,8,3,12,0,10,12,16,38,0,11,20,19,50,26,20,46,96
11/18/2020,HKS,MS,ASO,ES,Federal Contract Tower,0,4,8,5,17,0,6,8,10,24,0,10,16,15,41,46,20,66,107
11/19/2020,HKS,MS,ASO,ES,Federal Contract Tower,0,1,12,2,15,0,4,13,9,26,0,5,25,11,41,70,92,162,203
11/20/2020,HKS,MS,ASO,ES,Federal Contract Tower,0,0,9,0,9,0,2,13,1,16,0,2,22,1,25,16,0,16,41
11/21/2020,HKS,MS,ASO,ES,Federal Contract Tower,0,1,9,0,10,0,4,40,0,44,0,5,49,0,54,72,0,72,126
11/22/2020,HKS,MS,ASO,ES,Federal Contract Tower,0,3,9,0,12,0,5,17,0,22,0,8,26,0,34,14,0,14,48
11/23/2020,HKS,MS,ASO,ES,Federal Contract Tower,0,4,3,0,7,0,3,6,3,12,0,7,9,3,19,4,0,4,23
11/24/2020,HKS,MS,ASO,ES,Federal Contract Tower,0,3,6,0,9,0,9,8,0,17,0,12,14,0,26,2,0,2,28
11/25/2020,HKS,MS,ASO,ES,Federal Contract Tower,0,1,2,0,3,0,3,6,0,9,0,4,8,0,12,0,0,0,12
11/26/2020,HKS,MS,ASO,ES,Federal Contract Tower,0,0,3,0,3,0,2,6,0,8,0,2,9,0,11,0,0,0,11
11/27/2020,HKS,MS,ASO,ES,Federal Contract Tower,0,1,1,0,2,0,0,0,0,0,0,1,1,0,2,0,0,0,2
11/28/2020,HKS,MS,ASO,ES,Federal Contract Tower,0,1,6,0,7,0,0,2,0,2,0,1,8,0,9,32,0,32,41
11/29/2020,HKS,MS,ASO,ES,Federal Contract Tower,0,0,1,0,1,0,0,0,0,0,0,0,1,0,1,0,0,0,1
11/30/2020,HKS,MS,ASO,ES,Federal Contract Tower,0,1,8,0,9,0,6,6,0,12,0,7,14,0,21,0,0,0,21
12/01/2020,HKS,MS,ASO,ES,Federal Contract Tower,0,3,9,3,15,0,16,4,16,36,0,19,13,19,51,0,12,12,63
12/02/2020,HKS,MS,ASO,ES,Federal Contract Tower,0,3,2,2,7,0,6,11,2,19,0,9,13,4,26,30,28,58,84
12/03/2020,HKS,MS,ASO,ES,Federal Contract Tower,0,1,4,2,7,0,0,0,1,1,0,1,4,3,8,2,20,22,30
12/04/2020,HKS,MS,ASO,ES,Federal Contract Tower,0,0,12,0,12,0,1,13,4,18,0,1,25,4,30,38,10,48,78
12/05/2020,HKS,MS,ASO,ES,Federal Contract Tower,0,0,6,0,6,0,0,15,19,34,0,0,21,19,40,24,10,34,74
12/06/2020,HKS,MS,ASO,ES,Federal Contract Tower,0,1,2,0,3,0,2,2,0,4,0,3,4,0,7,34,0,34,41
12/07/2020,HKS,MS,ASO,ES,Federal Contract Tower,0,0,8,3,11,0,1,4,10,15,0,1,12,13,26,12,2,14,40
12/08/2020,HKS,MS,ASO,ES,Federal Contract Tower,0,1,6,1,8,0,3,22,2,27,0,4,28,3,35,44,40,84,119
12/09/2020,HKS,MS,ASO,ES,Federal Contract Tower,0,4,8,0,12,0,3,11,2,16,0,7,19,2,28,42,6,48,76
12/10/2020,HKS,MS,ASO,ES,Federal Contract Tower,0,2,10,2,14,0,4,15,5,24,0,6,25,7,38,46,46,92,130
12/11/2020,HKS,MS,ASO,ES,Federal Contract Tower,0,3,5,0,8,0,7,10,8,25,0,10,15,8,33,46,20,66,99
12/12/2020,HKS,MS,ASO,ES,Federal Contract Tower,0,1,6,0,7,0,2,3,0,5,0,3,9,0,12,2,0,2,14
12/13/2020,HKS,MS,ASO,ES,Federal Contract Tower,0,0,3,0,3,0,0,4,0,4,0,0,7,0,7,14,0,14,21
12/14/2020,HKS,MS,ASO,ES,Federal Contract Tower,0,1,5,2,8,0,5,2,1,8,0,6,7,3,16,16,0,16,32
12/15/2020,HKS,MS,ASO,ES,Federal Contract Tower,0,0,7,1,8,0,2,5,1,8,0,2,12,2,16,34,0,34,50
12/16/2020,HKS,MS,ASO,ES,Federal Contract Tower,0,1,5,0,6,0,5,1,0,6,0,6,6,0,12,2,0,2,14
12/17/2020,HKS,MS,ASO,ES,Federal Contract Tower,0,2,7,0,9,0,6,30,0,36,0,8,37,0,45,52,4,56,101
12/18/2020,HKS,MS,ASO,ES,Federal Contract Tower,0,0,6,0,6,0,7,17,0,24,0,7,23,0,30,22,0,22,52
12/19/2020,HKS,MS,ASO,ES,Federal Contract Tower,0,2,4,0,6,0,10,9,0,19,0,12,13,0,25,36,0,36,61
12/20/2020,HKS,MS,ASO,ES,Federal Contract Tower,0,1,10,0,11,0,1,0,0,1,0,2,10,0,12,14,0,14,26
12/21/2020,HKS,MS,ASO,ES,Federal Contract Tower,0,2,10,0,12,0,6,17,0,23,0,8,27,0,35,48,0,48,83
12/22/2020,HKS,MS,ASO,ES,Federal Contract Tower,0,2,21,0,23,0,5,13,0,18,0,7,34,0,41,52,0,52,93
12/23/2020,HKS,MS,ASO,ES,Federal Contract Tower,0,0,12,0,12,0,1,3,0,4,0,1,15,0,16,0,0,0,16
12/24/2020,HKS,MS,ASO,ES,Federal Contract Tower,0,2,2,0,4,0,3,1,0,4,0,5,3,0,8,0,0,0,8
12/25/2020,HKS,MS,ASO,ES,Federal Contract Tower,0,1,2,0,3,0,1,2,0,3,0,2,4,0,6,0,0,0,6
12/26/2020,HKS,MS,ASO,ES,Federal Contract Tower,0,0,4,0,4,0,4,27,0,31,0,4,31,0,35,46,0,46,81
12/27/2020,HKS,MS,ASO,ES,Federal Contract Tower,0,3,4,0,7,0,0,12,0,12,0,3,16,0,19,34,0,34,53
12/28/2020,HKS,MS,ASO,ES,Federal Contract Tower,0,3,11,0,14,0,1,7,0,8,0,4,18,0,22,12,0,12,34
12/29/2020,HKS,MS,ASO,ES,Federal Contract Tower,0,2,6,0,8,0,1,7,0,8,0,3,13,0,16,0,0,0,16
12/30/2020,HKS,MS,ASO,ES,Federal Contract Tower,0,4,4,0,8,0,4,0,0,4,0,8,4,0,12,10,0,10,22
12/31/2020,HKS,MS,ASO,ES,Federal Contract Tower,0,3,2,0,5,0,0,0,0,0,0,3,2,0,5,2,0,2,7
01/01/2021,HKS,MS,ASO,ES,Federal Contract Tower,0,3,5,0,8,0,0,8,0,8,0,3,13,0,16,12,0,12,28
01/02/2021,HKS,MS,ASO,ES,Federal Contract Tower,0,3,8,3,14,0,0,3,0,3,0,3,11,3,17,8,0,8,25
01/03/2021,HKS,MS,ASO,ES,Federal Contract Tower,0,1,10,1,12,0,3,15,0,18,0,4,25,1,30,42,0,42,72
01/04/2021,HKS,MS,ASO,ES,Federal Contract Tower,0,1,4,0,5,0,3,4,0,7,0,4,8,0,12,0,0,0,12
01/05/2021,HKS,MS,ASO,ES,Federal Contract Tower,0,3,7,0,10,0,3,11,7,21,0,6,18,7,31,6,56,62,93
01/06/2021,HKS,MS,ASO,ES,Federal Contract Tower,0,2,7,2,11,0,5,6,0,11,0,7,13,2,22,10,0,10,32
01/07/2021,HKS,MS,ASO,ES,Federal Contract Tower,0,0,2,0,2,0,0,0,0,0,0,0,2,0,2,0,0,0,2
01/08/2021,HKS,MS,ASO,ES,Federal Contract Tower,0,1,5,0,6,0,3,1,2,6,0,4,6,2,12,0,4,4,16
01/09/2021,HKS,MS,ASO,ES,Federal Contract Tower,0,1,9,0,10,0,8,17,11,36,0,9,26,11,46,34,12,46,92
01/10/2021,HKS,MS,ASO,ES,Federal Contract Tower,0,0,6,0,6,0,2,1,4,7,0,2,7,4,13,14,0,14,27
01/11/2021,HKS,MS,ASO,ES,Federal Contract Tower,0,0,0,0,0,0,0,0,0,0,0,0,0,0,0,0,0,0,0
01/12/2021,HKS,MS,ASO,ES,Federal Contract Tower,0,0,10,2,12,0,0,1,0,1,0,0,11,2,13,18,0,18,31
01/13/2021,HKS,MS,ASO,ES,Federal Contract Tower,0,0,8,2,10,0,2,3,2,7,0,2,11,4,17,2,0,2,19
01/14/2021,HKS,MS,ASO,ES,Federal Contract Tower,0,3,10,6,19,0,4,3,8,15,0,7,13,14,34,0,40,40,74
01/15/2021,HKS,MS,ASO,ES,Federal Contract Tower,0,0,6,0,6,0,0,10,3,13,0,0,16,3,19,4,12,16,35
01/16/2021,HKS,MS,ASO,ES,Federal Contract Tower,0,2,4,0,6,0,1,6,0,7,0,3,10,0,13,0,0,0,13
01/17/2021,HKS,MS,ASO,ES,Federal Contract Tower,0,5,7,0,12,0,1,11,0,12,0,6,18,0,24,58,0,58,82
01/18/2021,HKS,MS,ASO,ES,Federal Contract Tower,0,2,2,0,4,0,7,8,0,15,0,9,10,0,19,28,0,28,47
01/19/2021,HKS,MS,ASO,ES,Federal Contract Tower,0,3,6,0,9,0,2,13,14,29,0,5,19,14,38,0,72,72,110
01/20/2021,HKS,MS,ASO,ES,Federal Contract Tower,0,3,16,3,22,0,2,3,0,5,0,5,19,3,27,36,22,58,85
01/21/2021,HKS,MS,ASO,ES,Federal Contract Tower,0,1,2,0,3,0,0,0,0,0,0,1,2,0,3,0,0,0,3
01/22/2021,HKS,MS,ASO,ES,Federal Contract Tower,0,0,1,0,1,0,0,0,0,0,0,0,1,0,1,0,0,0,1
01/23/2021,HKS,MS,ASO,ES,Federal Contract Tower,0,5,6,0,11,0,1,21,5,27,0,6,27,5,38,42,0,42,80
01/24/2021,HKS,MS,ASO,ES,Federal Contract Tower,0,4,4,0,8,0,1,0,0,1,0,5,4,0,9,14,0,14,23
01/25/2021,HKS,MS,ASO,ES,Federal Contract Tower,0,0,4,0,4,0,2,0,0,2,0,2,4,0,6,0,0,0,6
01/26/2021,HKS,MS,ASO,ES,Federal Contract Tower,0,1,8,1,10,0,7,8,18,33,0,8,16,19,43,30,28,58,101
01/27/2021,HKS,MS,ASO,ES,Federal Contract Tower,0,1,11,0,12,0,6,0,4,10,0,7,11,4,22,2,6,8,30
01/28/2021,HKS,MS,ASO,ES,Federal Contract Tower,0,0,6,6,12,0,3,19,15,37,0,3,25,21,49,6,48,54,103
01/29/2021,HKS,MS,ASO,ES,Federal Contract Tower,0,2,2,0,4,0,0,15,0,15,0,2,17,0,19,14,22,36,55
01/30/2021,HKS,MS,ASO,ES,Federal Contract Tower,0,2,1,0,3,0,5,12,0,17,0,7,13,0,20,40,0,40,60
01/31/2021,HKS,MS,ASO,ES,Federal Contract Tower,0,2,4,0,6,0,5,4,0,9,0,7,8,0,15,38,0,38,53
02/01/2021,HKS,MS,ASO,ES,Federal Contract Tower,0,2,3,0,5,0,1,8,6,15,0,3,11,6,20,0,18,18,38
02/02/2021,HKS,MS,ASO,ES,Federal Contract Tower,0,2,3,0,5,0,4,16,14,34,0,6,19,14,39,42,74,116,155
02/03/2021,HKS,MS,ASO,ES,Federal Contract Tower,0,1,9,3,13,0,0,17,4,21,0,1,26,7,34,82,2,84,118
02/04/2021,HKS,MS,ASO,ES,Federal Contract Tower,0,1,4,2,7,0,3,6,5,14,0,4,10,7,21,10,16,26,47
02/05/2021,HKS,MS,ASO,ES,Federal Contract Tower,0,1,3,0,4,0,1,14,2,17,0,2,17,2,21,21,24,45,66
02/06/2021,HKS,MS,ASO,ES,Federal Contract Tower,0,3,2,0,5,0,0,6,0,6,0,3,8,0,11,28,0,28,39
02/07/2021,HKS,MS,ASO,ES,Federal Contract Tower,0,0,2,0,2,0,4,3,0,7,0,4,5,0,9,10,0,10,19
02/08/2021,HKS,MS,ASO,ES,Federal Contract Tower,0,2,8,0,10,0,0,15,0,15,0,2,23,0,25,0,0,0,25
02/09/2021,HKS,MS,ASO,ES,Federal Contract Tower,0,3,1,0,4,0,0,5,7,12,0,3,6,7,16,0,70,70,86
02/10/2021,HKS,MS,ASO,ES,Federal Contract Tower,0,1,4,0,5,0,1,8,3,12,0,2,12,3,17,26,4,30,47
02/11/2021,HKS,MS,ASO,ES,Federal Contract Tower,0,0,1,0,1,0,0,0,0,0,0,0,1,0,1,0,0,0,1
02/12/2021,HKS,MS,ASO,ES,Federal Contract Tower,0,1,0,0,1,0,0,0,0,0,0,1,0,0,1,0,0,0,1
02/13/2021,HKS,MS,ASO,ES,Federal Contract Tower,0,0,1,0,1,0,0,0,0,0,0,0,1,0,1,0,0,0,1
02/14/2021,HKS,MS,ASO,ES,Federal Contract Tower,0,0,0,0,0,0,0,0,0,0,0,0,0,0,0,0,0,0,0
02/15/2021,HKS,MS,ASO,ES,Federal Contract Tower,0,0,0,0,0,0,0,0,0,0,0,0,0,0,0,0,0,0,0
02/16/2021,HKS,MS,ASO,ES,Federal Contract Tower,0,0,0,0,0,0,0,2,0,2,0,0,2,0,2,0,0,0,2
02/17/2021,HKS,MS,ASO,ES,Federal Contract Tower,0,0,0,0,0,0,0,0,0,0,0,0,0,0,0,0,0,0,0
02/18/2021,HKS,MS,ASO,ES,Federal Contract Tower,0,0,0,0,0,0,0,0,0,0,0,0,0,0,0,0,0,0,0
02/19/2021,HKS,MS,ASO,ES,Federal Contract Tower,0,0,0,0,0,0,4,0,0,4,0,4,0,0,4,0,0,0,4
02/20/2021,HKS,MS,ASO,ES,Federal Contract Tower,0,1,4,0,5,0,5,2,2,9,0,6,6,2,14,6,0,6,20
02/21/2021,HKS,MS,ASO,ES,Federal Contract Tower,0,0,5,0,5,0,2,11,0,13,0,2,16,0,18,8,0,8,26
02/22/2021,HKS,MS,ASO,ES,Federal Contract Tower,0,4,4,0,8,0,2,4,0,6,0,6,8,0,14,34,0,34,48
02/23/2021,HKS,MS,ASO,ES,Federal Contract Tower,0,0,6,1,7,0,4,10,11,25,0,4,16,12,32,56,88,144,176
02/24/2021,HKS,MS,ASO,ES,Federal Contract Tower,0,1,5,0,6,0,2,9,6,17,0,3,14,6,23,6,8,14,37
02/25/2021,HKS,MS,ASO,ES,Federal Contract Tower,0,10,4,1,15,0,1,14,14,29,0,11,18,15,44,44,24,68,112
02/26/2021,HKS,MS,ASO,ES,Federal Contract Tower,0,3,1,0,4,0,13,4,2,19,0,16,5,2,23,12,0,12,35
02/27/2021,HKS,MS,ASO,ES,Federal Contract Tower,0,0,4,0,4,0,2,7,4,13,0,2,11,4,17,10,34,44,61
02/28/2021,HKS,MS,ASO,ES,Federal Contract Tower,0,1,5,3,9,0,1,3,1,5,0,2,8,4,14,4,6,10,24
03/01/2021,HKS,MS,ASO,ES,Federal Contract Tower,0,4,2,0,6,0,0,0,2,2,0,4,2,2,8,0,16,16,24
03/02/2021,HKS,MS,ASO,ES,Federal Contract Tower,0,3,0,0,3,0,0,0,2,2,0,3,0,2,5,4,10,14,19
03/03/2021,HKS,MS,ASO,ES,Federal Contract Tower,0,0,7,0,7,0,0,16,6,22,0,0,23,6,29,64,10,74,103
03/04/2021,HKS,MS,ASO,ES,Federal Contract Tower,0,0,4,6,10,0,2,18,11,31,0,2,22,17,41,36,14,50,91
03/05/2021,HKS,MS,ASO,ES,Federal Contract Tower,0,2,6,0,8,0,8,8,10,26,0,10,14,10,34,24,4,28,62
03/06/2021,HKS,MS,ASO,ES,Federal Contract Tower,0,0,4,0,4,0,8,6,9,23,0,8,10,9,27,22,0,22,49
03/07/2021,HKS,MS,ASO,ES,Federal Contract Tower,0,0,3,0,3,0,0,25,0,25,0,0,28,0,28,48,10,58,86
03/08/2021,HKS,MS,ASO,ES,Federal Contract Tower,0,0,5,0,5,0,1,17,0,18,0,1,22,0,23,52,2,54,77
03/09/2021,HKS,MS,ASO,ES,Federal Contract Tower,0,0,8,1,9,0,2,20,8,30,0,2,28,9,39,52,124,176,215
03/10/2021,HKS,MS,ASO,ES,Federal Contract Tower,0,2,6,0,8,0,3,3,2,8,0,5,9,2,16,0,0,0,16
03/11/2021,HKS,MS,ASO,ES,Federal Contract Tower,0,1,5,2,8,0,0,11,16,27,0,1,16,18,35,28,34,62,97
03/12/2021,HKS,MS,ASO,ES,Federal Contract Tower,0,0,11,3,14,0,3,9,6,18,0,3,20,9,32,44,2,46,78
03/13/2021,HKS,MS,ASO,ES,Federal Contract Tower,0,1,9,0,10,0,6,12,0,18,0,7,21,0,28,6,0,6,34
03/14/2021,HKS,MS,ASO,ES,Federal Contract Tower,0,0,9,0,9,0,1,1,0,2,0,1,10,0,11,0,0,0,11
03/15/2021,HKS,MS,ASO,ES,Federal Contract Tower,0,0,0,0,0,0,3,2,6,11,0,3,2,6,11,0,30,30,41
03/16/2021,HKS,MS,ASO,ES,Federal Contract Tower,0,0,4,1,5,0,3,3,7,13,0,3,7,8,18,0,0,0,18
03/17/2021,HKS,MS,ASO,ES,Federal Contract Tower,0,0,3,0,3,0,2,0,0,2,0,2,3,0,5,0,0,0,5
03/18/2021,HKS,MS,ASO,ES,Federal Contract Tower,0,2,9,0,11,0,6,16,8,30,0,8,25,8,41,0,2,2,43
03/19/2021,HKS,MS,ASO,ES,Federal Contract Tower,0,1,7,0,8,0,2,0,0,2,0,3,7,0,10,10,0,10,20
03/20/2021,HKS,MS,ASO,ES,Federal Contract Tower,0,0,6,0,6,0,4,7,0,11,0,4,13,0,17,18,0,18,35
03/21/2021,HKS,MS,ASO,ES,Federal Contract Tower,0,0,9,0,9,0,5,9,0,14,0,5,18,0,23,18,0,18,41
03/22/2021,HKS,MS,ASO,ES,Federal Contract Tower,0,0,10,0,10,0,6,9,0,15,0,6,19,0,25,2,28,30,55
03/23/2021,HKS,MS,ASO,ES,Federal Contract Tower,0,2,2,0,4,0,1,0,0,1,0,3,2,0,5,0,0,0,5
03/24/2021,HKS,MS,ASO,ES,Federal Contract Tower,0,0,3,0,3,0,1,8,0,9,0,1,11,0,12,8,0,8,20
03/25/2021,HKS,MS,ASO,ES,Federal Contract Tower,0,0,0,0,0,0,2,0,0,2,0,2,0,0,2,0,0,0,2
03/26/2021,HKS,MS,ASO,ES,Federal Contract Tower,0,0,6,0,6,0,0,11,2,13,0,0,17,2,19,28,0,28,47
03/27/2021,HKS,MS,ASO,ES,Federal Contract Tower,0,1,2,0,3,0,2,0,4,6,0,3,2,4,9,0,18,18,27
03/28/2021,HKS,MS,ASO,ES,Federal Contract Tower,0,0,2,0,2,0,2,5,2,9,0,2,7,2,11,0,0,0,11
03/29/2021,HKS,MS,ASO,ES,Federal Contract Tower,0,0,5,1,6,0,3,18,4,25,0,3,23,5,31,24,8,32,63
03/30/2021,HKS,MS,ASO,ES,Federal Contract Tower,0,1,1,3,5,0,2,1,4,7,0,3,2,7,12,0,10,10,22
03/31/2021,HKS,MS,ASO,ES,Federal Contract Tower,0,0,0,0,0,0,0,0,0,0,0,0,0,0,0,0,0,0,0
04/01/2021,HKS,MS,ASO,ES,Federal Contract Tower,0,0,10,2,12,0,2,6,19,27,0,2,16,21,39,18,20,38,77
04/02/2021,HKS,MS,ASO,ES,Federal Contract Tower,0,0,4,2,6,0,0,10,3,13,0,0,14,5,19,6,58,64,83
04/03/2021,HKS,MS,ASO,ES,Federal Contract Tower,0,0,13,0,13,0,0,33,2,35,0,0,46,2,48,62,0,62,110
04/04/2021,HKS,MS,ASO,ES,Federal Contract Tower,0,0,1,0,1,0,1,3,0,4,0,1,4,0,5,24,0,24,29
04/05/2021,HKS,MS,ASO,ES,Federal Contract Tower,0,0,10,0,10,0,9,11,2,22,0,9,21,2,32,76,0,76,108
04/06/2021,HKS,MS,ASO,ES,Federal Contract Tower,0,0,5,4,9,0,0,9,10,19,0,0,14,14,28,22,32,54,82
04/07/2021,HKS,MS,ASO,ES,Federal Contract Tower,0,1,9,10,20,0,0,2,7,9,0,1,11,17,29,0,0,0,29
04/08/2021,HKS,MS,ASO,ES,Federal Contract Tower,0,1,10,2,13,0,3,11,9,23,0,4,21,11,36,28,6,34,70
04/09/2021,HKS,MS,ASO,ES,Federal Contract Tower,0,0,4,0,4,0,2,4,5,11,0,2,8,5,15,0,18,18,33
04/10/2021,HKS,MS,ASO,ES,Federal Contract Tower,0,0,1,0,1,0,1,10,0,11,0,1,11,0,12,0,0,0,12
04/11/2021,HKS,MS,ASO,ES,Federal Contract Tower,0,2,5,0,7,0,2,16,0,18,0,4,21,0,25,40,0,40,65
04/12/2021,HKS,MS,ASO,ES,Federal Contract Tower,0,0,7,0,7,0,2,11,3,16,0,2,18,3,23,62,24,86,109
04/13/2021,HKS,MS,ASO,ES,Federal Contract Tower,0,0,11,1,12,0,6,11,13,30,0,6,22,14,42,0,22,22,64
04/14/2021,HKS,MS,ASO,ES,Federal Contract Tower,0,1,1,0,2,0,0,0,0,0,0,1,1,0,2,0,0,0,2
04/15/2021,HKS,MS,ASO,ES,Federal Contract Tower,0,1,12,6,19,0,3,6,11,20,0,4,18,17,39,16,36,52,91
04/16/2021,HKS,MS,ASO,ES,Federal Contract Tower,0,0,3,0,3,0,3,2,3,8,0,3,5,3,11,0,0,0,11
04/17/2021,HKS,MS,ASO,ES,Federal Contract Tower,0,1,5,3,9,0,2,3,2,7,0,3,8,5,16,12,10,22,38
04/18/2021,HKS,MS,ASO,ES,Federal Contract Tower,0,0,6,0,6,0,4,9,3,16,0,4,15,3,22,0,0,0,22
04/19/2021,HKS,MS,ASO,ES,Federal Contract Tower,0,0,8,0,8,0,4,14,7,25,0,4,22,7,33,24,0,24,57
04/20/2021,HKS,MS,ASO,ES,Federal Contract Tower,0,0,2,0,2,0,3,16,4,23,0,3,18,4,25,16,0,16,41
04/21/2021,HKS,MS,ASO,ES,Federal Contract Tower,0,4,10,0,14,0,2,4,6,12,0,6,14,6,26,4,8,12,38
04/22/2021,HKS,MS,ASO,ES,Federal Contract Tower,0,2,4,0,6,0,2,11,3,16,0,4,15,3,22,0,0,0,22
04/23/2021,HKS,MS,ASO,ES,Federal Contract Tower,0,0,2,0,2,0,0,4,3,7,0,0,6,3,9,16,8,24,33
04/24/2021,HKS,MS,ASO,ES,Federal Contract Tower,0,1,0,1,2,0,1,5,4,10,0,2,5,5,12,0,0,0,12
04/25/2021,HKS,MS,ASO,ES,Federal Contract Tower,0,2,9,0,11,0,6,11,0,17,0,8,20,0,28,18,0,18,46
04/26/2021,HKS,MS,ASO,ES,Federal Contract Tower,0,0,8,0,8,0,6,10,4,20,0,6,18,4,28,2,0,2,30
04/27/2021,HKS,MS,ASO,ES,Federal Contract Tower,0,2,7,2,11,0,2,5,4,11,0,4,12,6,22,0,0,0,22
04/28/2021,HKS,MS,ASO,ES,Federal Contract Tower,0,1,8,0,9,0,9,1,19,29,0,10,9,19,38,2,0,2,40
04/29/2021,HKS,MS,ASO,ES,Federal Contract Tower,0,2,8,3,13,0,7,3,5,15,0,9,11,8,28,20,0,20,48
04/30/2021,HKS,MS,ASO,ES,Federal Contract Tower,0,2,5,0,7,0,6,3,0,9,0,8,8,0,16,4,0,4,20
05/01/2021,HKS,MS,ASO,ES,Federal Contract Tower,0,2,6,0,8,0,5,26,0,31,0,7,32,0,39,16,0,16,55
05/02/2021,HKS,MS,ASO,ES,Federal Contract Tower,0,1,5,0,6,0,0,0,0,0,0,1,5,0,6,0,0,0,6
05/03/2021,HKS,MS,ASO,ES,Federal Contract Tower,0,1,5,0,6,0,15,0,0,15,0,16,5,0,21,0,0,0,21
05/04/2021,HKS,MS,ASO,ES,Federal Contract Tower,0,1,1,0,2,0,0,0,0,0,0,1,1,0,2,0,0,0,2
05/05/2021,HKS,MS,ASO,ES,Federal Contract Tower,0,1,16,0,17,0,2,24,5,31,0,3,40,5,48,12,0,12,60
05/06/2021,HKS,MS,ASO,ES,Federal Contract Tower,0,0,6,1,7,0,2,21,5,28,0,2,27,6,35,16,46,62,97
05/07/2021,HKS,MS,ASO,ES,Federal Contract Tower,0,0,9,0,9,0,5,18,2,25,0,5,27,2,34,58,0,58,92
05/08/2021,HKS,MS,ASO,ES,Federal Contract Tower,0,1,6,0,7,0,7,19,0,26,0,8,25,0,33,68,0,68,101
05/09/2021,HKS,MS,ASO,ES,Federal Contract Tower,0,0,11,0,11,0,1,0,0,1,0,1,11,0,12,0,0,0,12
05/10/2021,HKS,MS,ASO,ES,Federal Contract Tower,0,1,4,0,5,0,10,2,0,12,0,11,6,0,17,12,0,12,29
05/11/2021,HKS,MS,ASO,ES,Federal Contract Tower,0,2,6,0,8,0,2,4,1,7,0,4,10,1,15,30,0,30,45
05/12/2021,HKS,MS,ASO,ES,Federal Contract Tower,0,3,14,0,17,0,0,3,2,5,0,3,17,2,22,40,28,68,90
05/13/2021,HKS,MS,ASO,ES,Federal Contract Tower,0,2,14,0,16,0,1,22,2,25,0,3,36,2,41,16,12,28,69
05/14/2021,HKS,MS,ASO,ES,Federal Contract Tower,0,7,7,0,14,0,4,19,0,23,0,11,26,0,37,34,0,34,71
05/15/2021,HKS,MS,ASO,ES,Federal Contract Tower,0,3,6,0,9,0,6,26,0,32,0,9,32,0,41,12,0,12,53
05/16/2021,HKS,MS,ASO,ES,Federal Contract Tower,0,2,5,0,7,0,11,36,0,47,0,13,41,0,54,2,0,2,56
05/17/2021,HKS,MS,ASO,ES,Federal Contract Tower,0,5,4,0,9,0,0,0,3,3,0,5,4,3,12,0,0,0,12
05/18/2021,HKS,MS,ASO,ES,Federal Contract Tower,0,0,7,2,9,0,2,0,2,4,0,2,7,4,13,2,22,24,37
05/19/2021,HKS,MS,ASO,ES,Federal Contract Tower,0,0,7,0,7,0,0,2,0,2,0,0,9,0,9,8,2,10,19
05/20/2021,HKS,MS,ASO,ES,Federal Contract Tower,0,0,9,3,12,0,1,6,3,10,0,1,15,6,22,24,52,76,98
05/21/2021,HKS,MS,ASO,ES,Federal Contract Tower,0,1,4,2,7,0,8,7,3,18,0,9,11,5,25,20,44,64,89
05/22/2021,HKS,MS,ASO,ES,Federal Contract Tower,0,1,3,0,4,0,4,26,0,30,0,5,29,0,34,48,0,48,82
05/23/2021,HKS,MS,ASO,ES,Federal Contract Tower,0,4,4,0,8,0,2,24,0,26,0,6,28,0,34,48,0,48,82
05/25/2021,HKS,MS,ASO,ES,Federal Contract Tower,0,2,9,3,14,0,2,7,12,21,0,4,16,15,35,4,46,50,85
05/26/2021,HKS,MS,ASO,ES,Federal Contract Tower,0,4,10,0,14,0,1,13,2,16,0,5,23,2,30,58,22,80,110
05/27/2021,HKS,MS,ASO,ES,Federal Contract Tower,0,0,12,1,13,0,0,9,9,18,0,0,21,10,31,66,6,72,103
05/28/2021,HKS,MS,ASO,ES,Federal Contract Tower,0,6,15,0,21,0,9,4,0,13,0,15,19,0,34,10,0,10,44
05/29/2021,HKS,MS,ASO,ES,Federal Contract Tower,0,1,12,0,13,0,3,20,0,23,0,4,32,0,36,46,0,46,82
05/30/2021,HKS,MS,ASO,ES,Federal Contract Tower,0,2,9,0,11,0,3,9,0,12,0,5,18,0,23,26,0,26,49
05/31/2021,HKS,MS,ASO,ES,Federal Contract Tower,0,0,12,0,12,0,6,8,0,14,0,6,20,0,26,66,0,66,92
06/01/2021,HKS,MS,ASO,ES,Federal Contract Tower,0,1,14,3,18,0,0,12,1,13,0,1,26,4,31,6,10,16,47
06/02/2021,HKS,MS,ASO,ES,Federal Contract Tower,0,1,6,3,10,0,1,2,8,11,0,2,8,11,21,12,22,34,55
06/03/2021,HKS,MS,ASO,ES,Federal Contract Tower,0,5,15,0,20,0,0,18,5,23,0,5,33,5,43,32,42,74,117
06/05/2021,HKS,MS,ASO,ES,Federal Contract Tower,0,4,14,1,19,0,5,3,4,12,0,9,17,5,31,32,0,32,63
06/06/2021,HKS,MS,ASO,ES,Federal Contract Tower,0,3,6,0,9,0,0,0,0,0,0,3,6,0,9,0,0,0,9
06/07/2021,HKS,MS,ASO,ES,Federal Contract Tower,0,5,8,2,15,0,0,0,0,0,0,5,8,2,15,0,0,0,15
06/09/2021,HKS,MS,ASO,ES,Federal Contract Tower,0,1,22,2,25,0,0,2,0,2,0,1,24,2,27,36,26,62,89
06/10/2021,HKS,MS,ASO,ES,Federal Contract Tower,0,5,15,3,23,0,4,4,2,10,0,9,19,5,33,18,8,26,59
06/11/2021,HKS,MS,ASO,ES,Federal Contract Tower,0,6,15,2,23,0,5,9,0,14,0,11,24,2,37,12,0,12,49
06/12/2021,HKS,MS,ASO,ES,Federal Contract Tower,0,0,11,0,11,0,4,39,0,43,0,4,50,0,54,60,0,60,114
06/14/2021,HKS,MS,ASO,ES,Federal Contract Tower,0,1,9,0,10,0,7,8,0,15,0,8,17,0,25,4,0,4,29
06/15/2021,HKS,MS,ASO,ES,Federal Contract Tower,0,5,8,1,14,0,2,15,2,19,0,7,23,3,33,14,4,18,51
06/16/2021,HKS,MS,ASO,ES,Federal Contract Tower,0,2,5,0,7,0,1,18,0,19,0,3,23,0,26,0,0,0,26
06/17/2021,HKS,MS,ASO,ES,Federal Contract Tower,0,3,4,2,9,0,5,19,1,25,0,8,23,3,34,2,2,4,38
06/18/2021,HKS,MS,ASO,ES,Federal Contract Tower,0,1,12,0,13,0,1,8,0,9,0,2,20,0,22,0,0,0,22
06/19/2021,HKS,MS,ASO,ES,Federal Contract Tower,0,1,9,0,10,0,3,2,0,5,0,4,11,0,15,4,0,4,19
06/20/2021,HKS,MS,ASO,ES,Federal Contract Tower,0,0,6,0,6,0,4,16,4,24,0,4,22,4,30,0,0,0,30
06/21/2021,HKS,MS,ASO,ES,Federal Contract Tower,0,1,4,2,7,0,2,3,1,6,0,3,7,3,13,12,28,40,53
06/22/2021,HKS,MS,ASO,ES,Federal Contract Tower,0,1,15,2,18,0,2,22,6,30,0,3,37,8,48,26,36,62,110
06/23/2021,HKS,MS,ASO,ES,Federal Contract Tower,0,3,9,0,12,0,5,14,0,19,0,8,23,0,31,0,0,0,31
06/24/2021,HKS,MS,ASO,ES,Federal Contract Tower,0,1,15,6,22,0,0,4,10,14,0,1,19,16,36,28,30,58,94
06/25/2021,HKS,MS,ASO,ES,Federal Contract Tower,0,0,8,1,9,0,2,2,1,5,0,2,10,2,14,14,0,14,28
06/26/2021,HKS,MS,ASO,ES,Federal Contract Tower,0,2,2,0,4,0,8,8,0,16,0,10,10,0,20,22,0,22,42
06/27/2021,HKS,MS,ASO,ES,Federal Contract Tower,0,0,5,0,5,0,2,8,0,10,0,2,13,0,15,42,0,42,57
06/28/2021,HKS,MS,ASO,ES,Federal Contract Tower,0,2,12,0,14,0,5,12,4,21,0,7,24,4,35,2,0,2,37
06/29/2021,HKS,MS,ASO,ES,Federal Contract Tower,0,4,3,1,8,0,2,15,2,19,0,6,18,3,27,18,14,32,59
06/30/2021,HKS,MS,ASO,ES,Federal Contract Tower,0,0,9,2,11,0,0,10,0,10,0,0,19,2,21,20,0,20,41
07/01/2021,HKS,MS,ASO,ES,Federal Contract Tower,0,2,18,4,24,0,3,9,2,14,0,5,27,6,38,44,14,58,96
07/02/2021,HKS,MS,ASO,ES,Federal Contract Tower,0,1,15,0,16,0,2,2,2,6,0,3,17,2,22,0,4,4,26
07/03/2021,HKS,MS,ASO,ES,Federal Contract Tower,0,0,11,0,11,0,6,23,1,30,0,6,34,1,41,4,0,4,45
07/04/2021,HKS,MS,ASO,ES,Federal Contract Tower,0,1,5,0,6,0,1,7,0,8,0,2,12,0,14,6,0,6,20
07/05/2021,HKS,MS,ASO,ES,Federal Contract Tower,0,0,20,0,20,0,3,17,0,20,0,3,37,0,40,28,0,28,68
07/06/2021,HKS,MS,ASO,ES,Federal Contract Tower,0,1,16,1,18,0,0,7,1,8,0,1,23,2,26,4,21,25,51
07/07/2021,HKS,MS,ASO,ES,Federal Contract Tower,0,7,2,0,9,0,0,0,0,0,0,7,2,0,9,0,8,8,17
07/08/2021,HKS,MS,ASO,ES,Federal Contract Tower,0,0,10,0,10,0,0,15,6,21,0,0,25,6,31,0,22,22,53
07/09/2021,HKS,MS,ASO,ES,Federal Contract Tower,0,1,11,0,12,0,1,11,4,16,0,2,22,4,28,2,0,2,30
07/10/2021,HKS,MS,ASO,ES,Federal Contract Tower,0,2,4,0,6,0,0,3,0,3,0,2,7,0,9,22,0,22,31
07/11/2021,HKS,MS,ASO,ES,Federal Contract Tower,0,0,3,0,3,0,2,0,0,2,0,2,3,0,5,16,0,16,21
07/12/2021,HKS,MS,ASO,ES,Federal Contract Tower,0,1,11,0,12,0,0,14,0,14,0,1,25,0,26,14,0,14,40
07/13/2021,HKS,MS,ASO,ES,Federal Contract Tower,0,0,10,2,12,0,3,18,10,31,0,3,28,12,43,28,18,46,89
07/14/2021,HKS,MS,ASO,ES,Federal Contract Tower,0,0,9,1,10,0,0,39,19,58,0,0,48,20,68,8,0,8,76
07/15/2021,HKS,MS,ASO,ES,Federal Contract Tower,0,2,10,5,17,0,8,24,7,39,0,10,34,12,56,0,6,6,62
07/16/2021,HKS,MS,ASO,ES,Federal Contract Tower,0,1,6,0,7,0,0,6,6,12,0,1,12,6,19,0,0,0,19
07/17/2021,HKS,MS,ASO,ES,Federal Contract Tower,0,1,9,0,10,0,0,3,0,3,0,1,12,0,13,10,0,10,23
07/18/2021,HKS,MS,ASO,ES,Federal Contract Tower,0,1,11,0,12,0,6,7,0,13,0,7,18,0,25,20,0,20,45
07/19/2021,HKS,MS,ASO,ES,Federal Contract Tower,0,2,6,0,8,0,3,4,0,7,0,5,10,0,15,22,0,22,37
07/20/2021,HKS,MS,ASO,ES,Federal Contract Tower,0,3,11,1,15,0,0,0,3,3,0,3,11,4,18,16,0,16,34
07/21/2021,HKS,MS,ASO,ES,Federal Contract Tower,0,0,15,2,17,0,6,4,0,10,0,6,19,2,27,18,0,18,45
07/22/2021,HKS,MS,ASO,ES,Federal Contract Tower,0,2,5,1,8,0,2,13,1,16,0,4,18,2,24,20,0,20,44
07/23/2021,HKS,MS,ASO,ES,Federal Contract Tower,0,2,12,1,15,0,6,10,4,20,0,8,22,5,35,20,10,30,65
07/24/2021,HKS,MS,ASO,ES,Federal Contract Tower,0,1,10,0,11,0,1,15,0,16,0,2,25,0,27,20,0,20,47
07/25/2021,HKS,MS,ASO,ES,Federal Contract Tower,0,5,6,0,11,0,4,18,0,22,0,9,24,0,33,56,0,56,89
07/26/2021,HKS,MS,ASO,ES,Federal Contract Tower,0,3,10,0,13,0,9,14,0,23,0,12,24,0,36,16,0,16,52
07/27/2021,HKS,MS,ASO,ES,Federal Contract Tower,0,2,12,1,15,0,3,6,3,12,0,5,18,4,27,10,0,10,37
07/28/2021,HKS,MS,ASO,ES,Federal Contract Tower,0,2,16,0,18,0,4,10,4,18,0,6,26,4,36,18,0,18,54
07/29/2021,HKS,MS,ASO,ES,Federal Contract Tower,0,1,5,1,7,0,2,22,10,34,0,3,27,11,41,56,0,56,97
07/30/2021,HKS,MS,ASO,ES,Federal Contract Tower,0,0,16,0,16,0,1,30,5,36,0,1,46,5,52,22,8,30,82
07/31/2021,HKS,MS,ASO,ES,Federal Contract Tower,0,3,15,0,18,1,15,0,0,16,1,18,15,0,34,10,0,10,44
08/01/2021,HKS,MS,ASO,ES,Federal Contract Tower,0,2,6,0,8,0,2,16,0,18,0,4,22,0,26,16,0,16,42
08/02/2021,HKS,MS,ASO,ES,Federal Contract Tower,0,0,7,0,7,0,2,6,0,8,0,2,13,0,15,24,0,24,39
08/03/2021,HKS,MS,ASO,ES,Federal Contract Tower,0,0,20,1,21,0,2,11,12,25,0,2,31,13,46,0,0,0,46
08/04/2021,HKS,MS,ASO,ES,Federal Contract Tower,0,2,7,0,9,0,4,21,2,27,0,6,28,2,36,46,8,54,90
08/05/2021,HKS,MS,ASO,ES,Federal Contract Tower,0,1,10,2,13,0,4,29,7,40,0,5,39,9,53,24,32,56,109
08/06/2021,HKS,MS,ASO,ES,Federal Contract Tower,0,3,12,4,19,0,7,17,10,34,0,10,29,14,53,94,40,134,187
08/07/2021,HKS,MS,ASO,ES,Federal Contract Tower,0,3,9,0,12,0,4,11,7,22,0,7,20,7,34,68,24,92,126
08/08/2021,HKS,MS,ASO,ES,Federal Contract Tower,0,1,17,0,18,0,0,12,2,14,0,1,29,2,32,4,0,4,36
08/09/2021,HKS,MS,ASO,ES,Federal Contract Tower,0,0,2,0,2,0,3,16,0,19,0,3,18,0,21,46,0,46,67
08/10/2021,HKS,MS,ASO,ES,Federal Contract Tower,0,5,12,2,19,0,5,15,10,30,0,10,27,12,49,24,12,36,85
08/11/2021,HKS,MS,ASO,ES,Federal Contract Tower,0,3,13,0,16,0,1,15,2,18,0,4,28,2,34,6,12,18,52
08/12/2021,HKS,MS,ASO,ES,Federal Contract Tower,0,3,17,3,23,0,7,16,11,34,0,10,33,14,57,8,4,12,69
08/13/2021,HKS,MS,ASO,ES,Federal Contract Tower,0,2,14,2,18,0,2,25,2,29,0,4,39,4,47,0,4,4,51
08/14/2021,HKS,MS,ASO,ES,Federal Contract Tower,0,0,3,0,3,0,2,10,0,12,0,2,13,0,15,0,0,0,15
08/15/2021,HKS,MS,ASO,ES,Federal Contract Tower,0,0,15,0,15,0,1,5,0,6,0,1,20,0,21,38,0,38,59
08/16/2021,HKS,MS,ASO,ES,Federal Contract Tower,0,5,8,2,15,0,1,7,5,13,0,6,15,7,28,20,6,26,54
08/17/2021,HKS,MS,ASO,ES,Federal Contract Tower,0,0,26,1,27,0,1,22,13,36,0,1,48,14,63,38,18,56,119
08/18/2021,HKS,MS,ASO,ES,Federal Contract Tower,0,0,6,2,8,0,0,10,2,12,0,0,16,4,20,30,0,30,50
08/19/2021,HKS,MS,ASO,ES,Federal Contract Tower,0,2,12,1,15,0,3,4,7,14,0,5,16,8,29,16,12,28,57
08/20/2021,HKS,MS,ASO,ES,Federal Contract Tower,0,2,11,1,14,0,1,5,1,7,0,3,16,2,21,20,4,24,45
08/21/2021,HKS,MS,ASO,ES,Federal Contract Tower,0,1,2,0,3,0,6,28,0,34,0,7,30,0,37,12,0,12,49
08/22/2021,HKS,MS,ASO,ES,Federal Contract Tower,0,0,7,2,9,0,8,22,0,30,0,8,29,2,39,24,0,24,63
08/23/2021,HKS,MS,ASO,ES,Federal Contract Tower,0,6,11,0,17,0,7,13,0,20,0,13,24,0,37,20,0,20,57
08/24/2021,HKS,MS,ASO,ES,Federal Contract Tower,0,1,14,2,17,0,0,18,17,35,0,1,32,19,52,14,2,16,68
08/25/2021,HKS,MS,ASO,ES,Federal Contract Tower,0,1,12,0,13,0,8,12,2,22,0,9,24,2,35,20,0,20,55
08/26/2021,HKS,MS,ASO,ES,Federal Contract Tower,0,2,18,4,24,0,0,6,7,13,0,2,24,11,37,32,14,46,83
08/27/2021,HKS,MS,ASO,ES,Federal Contract Tower,0,3,13,0,16,0,1,20,2,23,0,4,33,2,39,10,6,16,55
08/28/2021,HKS,MS,ASO,ES,Federal Contract Tower,0,0,11,0,11,0,9,31,0,40,0,9,42,0,51,26,0,26,77
08/29/2021,HKS,MS,ASO,ES,Federal Contract Tower,0,0,8,0,8,0,0,4,0,4,0,0,12,0,12,8,0,8,20
08/31/2021,HKS,MS,ASO,ES,Federal Contract Tower,0,2,8,2,12,0,3,11,9,23,0,5,19,11,35,6,10,16,51
09/01/2021,HKS,MS,ASO,ES,Federal Contract Tower,0,1,10,1,12,0,2,33,2,37,0,3,43,3,49,64,0,64,113
09/02/2021,HKS,MS,ASO,ES,Federal Contract Tower,0,5,9,0,14,0,10,31,2,43,0,15,40,2,57,44,10,54,111
09/03/2021,HKS,MS,ASO,ES,Federal Contract Tower,0,3,12,0,15,0,6,23,0,29,0,9,35,0,44,6,0,6,50
09/04/2021,HKS,MS,ASO,ES,Federal Contract Tower,0,0,11,1,12,0,12,22,3,37,0,12,33,4,49,46,0,46,95
09/05/2021,HKS,MS,ASO,ES,Federal Contract Tower,0,1,6,0,7,0,3,18,0,21,0,4,24,0,28,52,0,52,80
09/06/2021,HKS,MS,ASO,ES,Federal Contract Tower,0,2,15,0,17,0,4,12,0,16,0,6,27,0,33,30,0,30,63
09/07/2021,HKS,MS,ASO,ES,Federal Contract Tower,0,10,9,0,19,0,2,28,13,43,0,12,37,13,62,50,0,50,112
09/08/2021,HKS,MS,ASO,ES,Federal Contract Tower,0,6,6,0,12,0,3,34,3,40,0,9,40,3,52,72,0,72,124
09/09/2021,HKS,MS,ASO,ES,Federal Contract Tower,0,1,11,2,14,0,6,36,12,54,0,7,47,14,68,36,10,46,114
09/10/2021,HKS,MS,ASO,ES,Federal Contract Tower,0,6,7,0,13,0,9,32,10,51,0,15,39,10,64,26,8,34,98
09/11/2021,HKS,MS,ASO,ES,Federal Contract Tower,0,0,7,0,7,0,3,23,7,33,0,3,30,7,40,28,4,32,72
09/12/2021,HKS,MS,ASO,ES,Federal Contract Tower,0,2,10,0,12,0,5,17,1,23,0,7,27,1,35,12,0,12,47
09/13/2021,HKS,MS,ASO,ES,Federal Contract Tower,0,3,8,0,11,0,6,10,2,18,0,9,18,2,29,4,0,4,33
09/14/2021,HKS,MS,ASO,ES,Federal Contract Tower,0,5,2,0,7,0,3,9,1,13,0,8,11,1,20,18,0,18,38
09/15/2021,HKS,MS,ASO,ES,Federal Contract Tower,0,5,8,0,13,0,0,0,0,0,0,5,8,0,13,2,0,2,15
09/16/2021,HKS,MS,ASO,ES,Federal Contract Tower,0,2,21,0,23,0,0,3,1,4,0,2,24,1,27,6,0,6,33
09/17/2021,HKS,MS,ASO,ES,Federal Contract Tower,0,7,8,0,15,0,2,5,2,9,0,9,13,2,24,16,4,20,44
09/18/2021,HKS,MS,ASO,ES,Federal Contract Tower,0,3,4,0,7,0,6,3,0,9,0,9,7,0,16,14,0,14,30
09/19/2021,HKS,MS,ASO,ES,Federal Contract Tower,0,0,7,0,7,0,12,7,0,19,0,12,14,0,26,16,0,16,42
09/20/2021,HKS,MS,ASO,ES,Federal Contract Tower,0,1,13,0,14,0,7,8,0,15,0,8,21,0,29,42,0,42,71
09/21/2021,HKS,MS,ASO,ES,Federal Contract Tower,0,2,5,0,7,0,0,5,0,5,0,2,10,0,12,2,0,2,14
09/22/2021,HKS,MS,ASO,ES,Federal Contract Tower,0,1,9,0,10,0,2,2,0,4,0,3,11,0,14,2,0,2,16
09/23/2021,HKS,MS,ASO,ES,Federal Contract Tower,0,2,13,2,17,0,0,28,9,37,0,2,41,11,54,46,12,58,112
09/24/2021,HKS,MS,ASO,ES,Federal Contract Tower,0,0,6,0,6,0,0,30,0,30,0,0,36,0,36,12,0,12,48
09/25/2021,HKS,MS,ASO,ES,Federal Contract Tower,0,0,9,0,9,0,9,14,0,23,0,9,23,0,32,14,0,14,46
09/26/2021,HKS,MS,ASO,ES,Federal Contract Tower,0,1,10,0,11,0,3,22,0,25,0,4,32,0,36,12,0,12,48
09/27/2021,HKS,MS,ASO,ES,Federal Contract Tower,0,0,3,0,3,0,5,18,2,25,0,5,21,2,28,22,4,26,54
09/28/2021,HKS,MS,ASO,ES,Federal Contract Tower,0,0,8,0,8,0,2,3,5,10,0,2,11,5,18,0,50,50,68
09/29/2021,HKS,MS,ASO,ES,Federal Contract Tower,0,3,5,0,8,0,0,2,0,2,0,3,7,0,10,22,0,22,32
09/30/2021,HKS,MS,ASO,ES,Federal Contract Tower,0,1,7,0,8,0,0,2,2,4,0,1,9,2,12,0,6,6,18
10/01/2021,HKS,MS,ASO,ES,Federal Contract Tower,0,11,2,0,13,0,5,20,1,26,0,16,22,1,39,18,0,18,57
10/02/2021,HKS,MS,ASO,ES,Federal Contract Tower,0,2,4,0,6,0,8,10,0,18,0,10,14,0,24,22,0,22,46
10/03/2021,HKS,MS,ASO,ES,Federal Contract Tower,0,2,7,0,9,0,3,4,0,7,0,5,11,0,16,4,0,4,20
10/04/2021,HKS,MS,ASO,ES,Federal Contract Tower,0,2,10,0,12,0,5,10,0,15,0,7,20,0,27,12,0,12,39
10/05/2021,HKS,MS,ASO,ES,Federal Contract Tower,0,3,7,1,11,0,10,8,3,21,0,13,15,4,32,10,6,16,48
10/06/2021,HKS,MS,ASO,ES,Federal Contract Tower,0,1,7,0,8,0,2,16,2,20,0,3,23,2,28,26,0,26,54
10/07/2021,HKS,MS,ASO,ES,Federal Contract Tower,0,6,11,0,17,0,8,19,9,36,0,14,30,9,53,16,24,40,93
10/08/2021,HKS,MS,ASO,ES,Federal Contract Tower,0,1,12,1,14,0,3,19,3,25,0,4,31,4,39,8,4,12,51
10/09/2021,HKS,MS,ASO,ES,Federal Contract Tower,0,0,7,0,7,0,5,35,2,42,0,5,42,2,49,28,8,36,85
10/10/2021,HKS,MS,ASO,ES,Federal Contract Tower,0,1,10,0,11,0,4,22,0,26,0,5,32,0,37,26,0,26,63
10/11/2021,HKS,MS,ASO,ES,Federal Contract Tower,0,4,4,0,8,0,3,7,0,10,0,7,11,0,18,4,0,4,22
10/12/2021,HKS,MS,ASO,ES,Federal Contract Tower,0,3,11,5,19,0,3,3,18,24,0,6,14,23,43,4,34,38,81
10/13/2021,HKS,MS,ASO,ES,Federal Contract Tower,0,3,11,1,15,0,1,13,2,16,0,4,24,3,31,26,12,38,69
10/14/2021,HKS,MS,ASO,ES,Federal Contract Tower,0,1,7,4,12,0,6,6,8,20,0,7,13,12,32,36,14,50,82
10/15/2021,HKS,MS,ASO,ES,Federal Contract Tower,0,2,10,2,14,0,3,6,2,11,0,5,16,4,25,0,8,8,33
10/16/2021,HKS,MS,ASO,ES,Federal Contract Tower,0,2,7,0,9,0,6,19,0,25,0,8,26,0,34,20,0,20,54
10/17/2021,HKS,MS,ASO,ES,Federal Contract Tower,0,1,14,0,15,0,7,16,0,23,0,8,30,0,38,10,0,10,48
10/18/2021,HKS,MS,ASO,ES,Federal Contract Tower,0,0,11,0,11,0,5,15,0,20,0,5,26,0,31,12,0,12,43
10/19/2021,HKS,MS,ASO,ES,Federal Contract Tower,0,1,11,1,13,0,7,26,7,40,0,8,37,8,53,26,20,46,99
10/20/2021,HKS,MS,ASO,ES,Federal Contract Tower,0,3,10,0,13,0,4,4,4,12,0,7,14,4,25,18,0,18,43
10/21/2021,HKS,MS,ASO,ES,Federal Contract Tower,0,1,2,0,3,0,2,12,3,17,0,3,14,3,20,10,0,10,30
10/22/2021,HKS,MS,ASO,ES,Federal Contract Tower,0,3,5,0,8,0,7,13,4,24,0,10,18,4,32,44,0,44,76
10/23/2021,HKS,MS,ASO,ES,Federal Contract Tower,0,0,7,0,7,0,0,20,2,22,0,0,27,2,29,32,0,32,61
10/24/2021,HKS,MS,ASO,ES,Federal Contract Tower,0,0,10,0,10,0,2,13,6,21,0,2,23,6,31,2,0,2,33
10/25/2021,HKS,MS,ASO,ES,Federal Contract Tower,0,0,9,2,11,0,1,9,3,13,0,1,18,5,24,4,12,16,40
10/26/2021,HKS,MS,ASO,ES,Federal Contract Tower,0,7,14,6,27,0,3,25,15,43,0,10,39,21,70,54,34,88,158
10/27/2021,HKS,MS,ASO,ES,Federal Contract Tower,0,2,4,4,10,0,2,12,11,25,0,4,16,15,35,8,24,32,67
10/28/2021,HKS,MS,ASO,ES,Federal Contract Tower,0,1,4,0,5,0,2,5,4,11,0,3,9,4,16,0,20,20,36
10/29/2021,HKS,MS,ASO,ES,Federal Contract Tower,0,1,2,2,5,0,2,3,5,10,0,3,5,7,15,2,10,12,27
10/30/2021,HKS,MS,ASO,ES,Federal Contract Tower,0,2,3,0,5,0,4,5,0,9,0,6,8,0,14,44,0,44,58
10/31/2021,HKS,MS,ASO,ES,Federal Contract Tower,0,1,5,0,6,0,1,20,0,21,0,2,25,0,27,56,0,56,83
11/01/2021,HKS,MS,ASO,ES,Federal Contract Tower,0,3,3,0,6,0,2,22,0,24,0,5,25,0,30,26,0,26,56
11/02/2021,HKS,MS,ASO,ES,Federal Contract Tower,0,0,10,1,11,0,4,19,11,34,0,4,29,12,45,26,26,52,97
11/03/2021,HKS,MS,ASO,ES,Federal Contract Tower,0,2,4,0,6,0,1,15,12,28,0,3,19,12,34,0,16,16,50
11/04/2021,HKS,MS,ASO,ES,Federal Contract Tower,0,0,8,2,10,0,0,5,11,16,0,0,13,13,26,0,24,24,50
11/05/2021,HKS,MS,ASO,ES,Federal Contract Tower,0,6,15,3,24,0,0,2,0,2,0,6,17,3,26,2,6,8,34
11/06/2021,HKS,MS,ASO,ES,Federal Contract Tower,0,2,4,1,7,0,4,9,4,17,0,6,13,5,24,26,4,30,54
11/07/2021,HKS,MS,ASO,ES,Federal Contract Tower,0,0,7,0,7,0,2,29,0,31,0,2,36,0,38,26,0,26,64
11/09/2021,HKS,MS,ASO,ES,Federal Contract Tower,0,5,19,2,26,0,4,11,6,21,0,9,30,8,47,10,94,104,151
11/10/2021,HKS,MS,ASO,ES,Federal Contract Tower,0,2,8,0,10,0,4,18,3,25,0,6,26,3,35,22,4,26,61
11/11/2021,HKS,MS,ASO,ES,Federal Contract Tower,0,3,6,0,9,0,3,1,0,4,0,6,7,0,13,18,0,18,31
11/12/2021,HKS,MS,ASO,ES,Federal Contract Tower,0,0,4,0,4,0,0,15,10,25,0,0,19,10,29,40,0,40,69
11/13/2021,HKS,MS,ASO,ES,Federal Contract Tower,0,0,13,0,13,0,5,29,0,34,0,5,42,0,47,28,0,28,75
11/14/2021,HKS,MS,ASO,ES,Federal Contract Tower,0,3,3,0,6,0,7,22,2,31,0,10,25,2,37,38,0,38,75
11/15/2021,HKS,MS,ASO,ES,Federal Contract Tower,0,1,8,0,9,0,2,22,0,24,0,3,30,0,33,8,0,8,41
11/16/2021,HKS,MS,ASO,ES,Federal Contract Tower,0,4,11,3,18,0,3,15,20,38,0,7,26,23,56,20,70,90,146
11/17/2021,HKS,MS,ASO,ES,Federal Contract Tower,0,3,11,0,14,0,1,16,8,25,0,4,27,8,39,14,12,26,65
11/18/2021,HKS,MS,ASO,ES,Federal Contract Tower,0,5,5,0,10,0,2,5,6,13,0,7,10,6,23,0,32,32,55
11/19/2021,HKS,MS,ASO,ES,Federal Contract Tower,0,5,9,2,16,0,13,23,10,46,0,18,32,12,62,28,18,46,108
11/20/2021,HKS,MS,ASO,ES,Federal Contract Tower,0,0,7,0,7,0,1,26,9,36,0,1,33,9,43,10,6,16,59
11/21/2021,HKS,MS,ASO,ES,Federal Contract Tower,0,1,11,0,12,0,6,4,2,12,0,7,15,2,24,2,0,2,26
11/22/2021,HKS,MS,ASO,ES,Federal Contract Tower,0,2,22,1,25,0,4,13,10,27,0,6,35,11,52,30,24,54,106
11/23/2021,HKS,MS,ASO,ES,Federal Contract Tower,0,3,7,3,13,0,7,20,1,28,0,10,27,4,41,34,18,52,93
11/24/2021,HKS,MS,ASO,ES,Federal Contract Tower,0,5,11,0,16,0,10,26,0,36,0,15,37,0,52,44,0,44,96
11/25/2021,HKS,MS,ASO,ES,Federal Contract Tower,0,2,1,0,3,0,1,2,0,3,0,3,3,0,6,4,0,4,10
11/26/2021,HKS,MS,ASO,ES,Federal Contract Tower,0,0,8,0,8,0,8,13,0,21,0,8,21,0,29,14,2,16,45
11/27/2021,HKS,MS,ASO,ES,Federal Contract Tower,0,0,12,0,12,0,1,22,0,23,0,1,34,0,35,28,0,28,63
11/28/2021,HKS,MS,ASO,ES,Federal Contract Tower,0,0,9,0,9,0,6,8,0,14,0,6,17,0,23,10,0,10,33
11/29/2021,HKS,MS,ASO,ES,Federal Contract Tower,0,4,12,0,16,0,5,7,0,12,0,9,19,0,28,44,0,44,72
11/30/2021,HKS,MS,ASO,ES,Federal Contract Tower,0,3,7,0,10,0,2,11,13,26,0,5,18,13,36,30,18,48,84
12/01/2021,HKS,MS,ASO,ES,Federal Contract Tower,0,1,8,0,9,0,4,3,2,9,0,5,11,2,18,20,14,34,52
12/02/2021,HKS,MS,ASO,ES,Federal Contract Tower,0,1,12,0,13,0,1,6,18,25,0,2,18,18,38,32,20,52,90
12/03/2021,HKS,MS,ASO,ES,Federal Contract Tower,0,4,12,1,17,0,2,14,3,19,0,6,26,4,36,26,0,26,62
12/04/2021,HKS,MS,ASO,ES,Federal Contract Tower,0,4,2,0,6,0,0,10,0,10,0,4,12,0,16,14,0,14,30
12/05/2021,HKS,MS,ASO,ES,Federal Contract Tower,0,6,6,0,12,0,3,11,1,15,0,9,17,1,27,54,2,56,83
12/06/2021,HKS,MS,ASO,ES,Federal Contract Tower,0,2,3,0,5,0,0,0,0,0,0,2,3,0,5,0,0,0,5
12/07/2021,HKS,MS,ASO,ES,Federal Contract Tower,0,4,11,2,17,0,3,0,8,11,0,7,11,10,28,0,42,42,70
12/08/2021,HKS,MS,ASO,ES,Federal Contract Tower,0,4,16,0,20,0,0,3,5,8,0,4,19,5,28,2,0,2,30
12/09/2021,HKS,MS,ASO,ES,Federal Contract Tower,0,5,12,2,19,0,0,1,4,5,0,5,13,6,24,28,48,76,100
12/10/2021,HKS,MS,ASO,ES,Federal Contract Tower,0,2,5,2,9,0,1,4,0,5,0,3,9,2,14,0,42,42,56
12/11/2021,HKS,MS,ASO,ES,Federal Contract Tower,0,2,0,0,2,0,2,0,0,2,0,4,0,0,4,0,0,0,4
12/12/2021,HKS,MS,ASO,ES,Federal Contract Tower,0,0,9,0,9,0,2,19,0,21,0,2,28,0,30,30,0,30,60
12/13/2021,HKS,MS,ASO,ES,Federal Contract Tower,0,0,7,0,7,0,0,33,0,33,0,0,40,0,40,34,0,34,74
12/14/2021,HKS,MS,ASO,ES,Federal Contract Tower,0,2,13,3,18,0,1,11,20,32,0,3,24,23,50,8,22,30,80
12/15/2021,HKS,MS,ASO,ES,Federal Contract Tower,0,5,10,0,15,0,3,2,0,5,0,8,12,0,20,0,0,0,20
12/16/2021,HKS,MS,ASO,ES,Federal Contract Tower,0,6,24,1,31,0,6,7,9,22,0,12,31,10,53,62,6,68,121
12/17/2021,HKS,MS,ASO,ES,Federal Contract Tower,0,5,14,0,19,0,3,8,4,15,0,8,22,4,34,8,48,56,90
12/18/2021,HKS,MS,ASO,ES,Federal Contract Tower,0,0,1,0,1,0,3,6,0,9,0,3,7,0,10,8,0,8,18
12/19/2021,HKS,MS,ASO,ES,Federal Contract Tower,0,1,8,0,9,0,0,7,0,7,0,1,15,0,16,20,0,20,36
12/20/2021,HKS,MS,ASO,ES,Federal Contract Tower,0,3,8,1,12,0,1,9,2,12,0,4,17,3,24,56,0,56,80
12/21/2021,HKS,MS,ASO,ES,Federal Contract Tower,0,0,7,2,9,0,3,9,1,13,0,3,16,3,22,8,6,14,36
12/22/2021,HKS,MS,ASO,ES,Federal Contract Tower,0,0,7,0,7,0,6,22,4,32,0,6,29,4,39,24,0,24,63
12/23/2021,HKS,MS,ASO,ES,Federal Contract Tower,0,4,10,0,14,0,2,26,0,28,0,6,36,0,42,56,0,56,98
12/24/2021,HKS,MS,ASO,ES,Federal Contract Tower,0,1,3,0,4,0,4,2,0,6,0,5,5,0,10,2,0,2,12
12/25/2021,HKS,MS,ASO,ES,Federal Contract Tower,0,1,1,0,2,0,0,22,0,22,0,1,23,0,24,0,0,0,24
12/26/2021,HKS,MS,ASO,ES,Federal Contract Tower,0,1,10,0,11,0,5,4,0,9,0,6,14,0,20,26,0,26,46
12/27/2021,HKS,MS,ASO,ES,Federal Contract Tower,0,0,8,0,8,0,5,14,2,21,0,5,22,2,29,2,0,2,31
12/28/2021,HKS,MS,ASO,ES,Federal Contract Tower,0,5,10,0,15,0,0,4,0,4,0,5,14,0,19,0,0,0,19
12/29/2021,HKS,MS,ASO,ES,Federal Contract Tower,0,0,5,0,5,0,2,2,0,4,0,2,7,0,9,4,0,4,13
12/30/2021,HKS,MS,ASO,ES,Federal Contract Tower,0,0,13,0,13,0,5,8,0,13,0,5,21,0,26,2,0,2,28
12/31/2021,HKS,MS,ASO,ES,Federal Contract Tower,0,0,2,0,2,0,5,1,0,6,0,5,3,0,8,2,0,2,10
01/01/2022,HKS,MS,ASO,ES,Federal Contract Tower,0,1,2,0,3,0,1,0,0,1,0,2,2,0,4,0,0,0,4
01/02/2022,HKS,MS,ASO,ES,Federal Contract Tower,0,0,3,0,3,0,0,0,0,0,0,0,3,0,3,0,0,0,3
01/03/2022,HKS,MS,ASO,ES,Federal Contract Tower,0,5,4,0,9,0,4,2,0,6,0,9,6,0,15,2,0,2,17
01/04/2022,HKS,MS,ASO,ES,Federal Contract Tower,0,5,7,5,17,0,2,3,10,15,0,7,10,15,32,14,24,38,70
01/05/2022,HKS,MS,ASO,ES,Federal Contract Tower,0,3,3,0,6,0,3,8,4,15,0,6,11,4,21,4,6,10,31
01/06/2022,HKS,MS,ASO,ES,Federal Contract Tower,0,3,7,7,17,0,1,0,1,2,0,4,7,8,19,2,8,10,29
01/07/2022,HKS,MS,ASO,ES,Federal Contract Tower,0,1,3,0,4,0,4,19,12,35,0,5,22,12,39,24,16,40,79
01/08/2022,HKS,MS,ASO,ES,Federal Contract Tower,0,1,7,1,9,0,2,12,13,27,0,3,19,14,36,22,6,28,64
01/09/2022,HKS,MS,ASO,ES,Federal Contract Tower,0,0,3,1,4,0,0,1,0,1,0,0,4,1,5,0,0,0,5
01/10/2022,HKS,MS,ASO,ES,Federal Contract Tower,0,3,7,0,10,0,0,17,0,17,0,3,24,0,27,18,0,18,45
01/11/2022,HKS,MS,ASO,ES,Federal Contract Tower,0,1,1,0,2,0,6,21,14,41,0,7,22,14,43,28,68,96,139
01/12/2022,HKS,MS,ASO,ES,Federal Contract Tower,0,4,7,1,12,0,9,8,4,21,0,13,15,5,33,26,26,52,85
01/13/2022,HKS,MS,ASO,ES,Federal Contract Tower,0,0,13,0,13,0,6,14,20,40,0,6,27,20,53,24,20,44,97
01/14/2022,HKS,MS,ASO,ES,Federal Contract Tower,0,1,6,1,8,0,8,24,6,38,0,9,30,7,46,6,10,16,62
01/15/2022,HKS,MS,ASO,ES,Federal Contract Tower,0,0,3,0,3,0,0,0,0,0,0,0,3,0,3,0,0,0,3
01/16/2022,HKS,MS,ASO,ES,Federal Contract Tower,0,3,1,0,4,0,0,1,0,1,0,3,2,0,5,0,0,0,5
01/17/2022,HKS,MS,ASO,ES,Federal Contract Tower,0,0,5,0,5,0,7,30,0,37,0,7,35,0,42,46,0,46,88
01/18/2022,HKS,MS,ASO,ES,Federal Contract Tower,0,3,5,0,8,0,3,16,4,23,0,6,21,4,31,20,0,20,51
01/19/2022,HKS,MS,ASO,ES,Federal Contract Tower,0,1,2,0,3,0,4,10,2,16,0,5,12,2,19,6,2,8,27
01/20/2022,HKS,MS,ASO,ES,Federal Contract Tower,0,1,8,1,10,0,7,0,0,7,0,8,8,1,17,0,0,0,17
01/21/2022,HKS,MS,ASO,ES,Federal Contract Tower,0,2,6,1,9,0,2,15,1,18,0,4,21,2,27,22,0,22,49
01/22/2022,HKS,MS,ASO,ES,Federal Contract Tower,0,0,8,0,8,0,0,15,2,17,0,0,23,2,25,28,0,28,53
01/23/2022,HKS,MS,ASO,ES,Federal Contract Tower,0,2,11,0,13,0,0,10,0,10,0,2,21,0,23,8,0,8,31
01/24/2022,HKS,MS,ASO,ES,Federal Contract Tower,0,1,5,0,6,0,3,13,0,16,0,4,18,0,22,0,0,0,22
01/25/2022,HKS,MS,ASO,ES,Federal Contract Tower,0,3,2,2,7,0,4,1,6,11,0,7,3,8,18,0,82,82,100
01/26/2022,HKS,MS,ASO,ES,Federal Contract Tower,0,7,13,1,21,0,2,22,3,27,0,9,35,4,48,12,28,40,88
01/27/2022,HKS,MS,ASO,ES,Federal Contract Tower,0,5,8,3,16,0,3,23,21,47,0,8,31,24,63,46,24,70,133
01/28/2022,HKS,MS,ASO,ES,Federal Contract Tower,0,1,12,0,13,0,0,15,4,19,0,1,27,4,32,6,6,12,44
01/29/2022,HKS,MS,ASO,ES,Federal Contract Tower,0,0,5,0,5,0,7,28,5,40,0,7,33,5,45,44,0,44,89
01/30/2022,HKS,MS,ASO,ES,Federal Contract Tower,0,0,9,0,9,0,0,16,0,16,0,0,25,0,25,8,0,8,33
01/31/2022,HKS,MS,ASO,ES,Federal Contract Tower,0,0,18,3,21,0,1,16,6,23,0,1,34,9,44,60,0,60,104
02/01/2022,HKS,MS,ASO,ES,Federal Contract Tower,0,5,6,3,14,0,3,14,12,29,0,8,20,15,43,2,24,26,69
02/02/2022,HKS,MS,ASO,ES,Federal Contract Tower,0,8,10,0,18,0,0,1,0,1,0,8,11,0,19,2,0,2,21
02/03/2022,HKS,MS,ASO,ES,Federal Contract Tower,0,0,0,0,0,0,0,0,0,0,0,0,0,0,0,0,0,0,0
02/04/2022,HKS,MS,ASO,ES,Federal Contract Tower,0,4,7,0,11,0,2,1,0,3,0,6,8,0,14,0,0,0,14
02/05/2022,HKS,MS,ASO,ES,Federal Contract Tower,0,1,6,0,7,0,9,21,6,36,0,10,27,6,43,20,0,20,63
02/06/2022,HKS,MS,ASO,ES,Federal Contract Tower,0,1,10,0,11,0,2,29,0,31,0,3,39,0,42,14,0,14,56
02/07/2022,HKS,MS,ASO,ES,Federal Contract Tower,0,0,6,0,6,0,2,19,0,21,0,2,25,0,27,34,0,34,61
02/08/2022,HKS,MS,ASO,ES,Federal Contract Tower,0,1,17,0,18,0,4,22,11,37,0,5,39,11,55,28,8,36,91
02/09/2022,HKS,MS,ASO,ES,Federal Contract Tower,0,4,8,0,12,0,2,16,8,26,0,6,24,8,38,4,0,4,42
02/10/2022,HKS,MS,ASO,ES,Federal Contract Tower,0,0,7,0,7,0,3,21,2,26,0,3,28,2,33,62,0,62,95
02/11/2022,HKS,MS,ASO,ES,Federal Contract Tower,0,5,10,0,15,0,5,19,4,28,0,10,29,4,43,0,0,0,43
02/12/2022,HKS,MS,ASO,ES,Federal Contract Tower,0,0,5,0,5,0,6,5,0,11,0,6,10,0,16,0,0,0,16
02/13/2022,HKS,MS,ASO,ES,Federal Contract Tower,0,1,5,1,7,0,3,14,7,24,0,4,19,8,31,2,0,2,33
02/14/2022,HKS,MS,ASO,ES,Federal Contract Tower,0,6,3,3,12,0,4,17,9,30,0,10,20,12,42,10,20,30,72
02/15/2022,HKS,MS,ASO,ES,Federal Contract Tower,0,7,12,3,22,0,8,21,14,43,0,15,33,17,65,26,42,68,133
02/16/2022,HKS,MS,ASO,ES,Federal Contract Tower,0,3,4,0,7,0,2,4,9,15,0,5,8,9,22,0,24,24,46
02/17/2022,HKS,MS,ASO,ES,Federal Contract Tower,0,0,6,0,6,0,0,0,0,0,0,0,6,0,6,0,0,0,6
02/18/2022,HKS,MS,ASO,ES,Federal Contract Tower,0,2,7,0,9,0,5,10,0,15,0,7,17,0,24,0,0,0,24
02/19/2022,HKS,MS,ASO,ES,Federal Contract Tower,0,0,5,0,5,0,4,34,0,38,0,4,39,0,43,10,0,10,53
02/20/2022,HKS,MS,ASO,ES,Federal Contract Tower,0,2,3,1,6,0,2,22,0,24,0,4,25,1,30,12,0,12,42
02/21/2022,HKS,MS,ASO,ES,Federal Contract Tower,0,2,3,0,5,0,0,2,0,2,0,2,5,0,7,0,0,0,7
02/22/2022,HKS,MS,ASO,ES,Federal Contract Tower,0,5,5,0,10,0,7,3,7,17,0,12,8,7,27,0,26,26,53
02/23/2022,HKS,MS,ASO,ES,Federal Contract Tower,0,3,9,0,12,0,0,0,0,0,0,3,9,0,12,0,0,0,12
02/24/2022,HKS,MS,ASO,ES,Federal Contract Tower,0,4,7,0,11,0,3,2,0,5,0,7,9,0,16,14,0,14,30
02/25/2022,HKS,MS,ASO,ES,Federal Contract Tower,0,4,10,0,14,0,0,7,3,10,0,4,17,3,24,14,0,14,38
02/26/2022,HKS,MS,ASO,ES,Federal Contract Tower,0,2,10,0,12,0,3,1,0,4,0,5,11,0,16,2,0,2,18
02/27/2022,HKS,MS,ASO,ES,Federal Contract Tower,0,4,3,0,7,0,0,7,0,7,0,4,10,0,14,2,0,2,16
02/28/2022,HKS,MS,ASO,ES,Federal Contract Tower,0,3,7,3,13,0,5,15,9,29,0,8,22,12,42,4,26,30,72
03/01/2022,HKS,MS,ASO,ES,Federal Contract Tower,0,4,17,3,24,0,36,0,0,36,0,40,17,3,60,58,86,144,204
03/02/2022,HKS,MS,ASO,ES,Federal Contract Tower,0,2,8,1,11,0,10,25,4,39,0,12,33,5,50,68,22,90,140
03/03/2022,HKS,MS,ASO,ES,Federal Contract Tower,0,1,3,2,6,0,3,27,16,46,0,4,30,18,52,72,30,102,154
03/04/2022,HKS,MS,ASO,ES,Federal Contract Tower,0,3,12,2,17,0,2,32,3,37,0,5,44,5,54,24,0,24,78
03/05/2022,HKS,MS,ASO,ES,Federal Contract Tower,0,3,9,3,15,0,2,3,2,7,0,5,12,5,22,22,0,22,44
03/06/2022,HKS,MS,ASO,ES,Federal Contract Tower,0,3,20,1,24,0,7,4,0,11,0,10,24,1,35,10,2,12,47
03/07/2022,HKS,MS,ASO,ES,Federal Contract Tower,0,9,2,0,11,0,4,2,0,6,0,13,4,0,17,0,0,0,17
03/08/2022,HKS,MS,ASO,ES,Federal Contract Tower,0,0,1,3,4,0,0,0,0,0,0,0,1,3,4,0,14,14,18
03/09/2022,HKS,MS,ASO,ES,Federal Contract Tower,0,4,9,0,13,0,2,5,5,12,0,6,14,5,25,24,18,42,67
03/10/2022,HKS,MS,ASO,ES,Federal Contract Tower,0,1,9,0,10,0,5,34,14,53,0,6,43,14,63,80,32,112,175
03/11/2022,HKS,MS,ASO,ES,Federal Contract Tower,0,2,14,2,18,0,10,9,6,25,0,12,23,8,43,2,4,6,49
03/12/2022,HKS,MS,ASO,ES,Federal Contract Tower,0,0,7,0,7,0,7,10,1,18,0,7,17,1,25,22,0,22,47
03/13/2022,HKS,MS,ASO,ES,Federal Contract Tower,0,14,0,0,14,0,0,19,4,23,0,14,19,4,37,46,8,54,91
03/14/2022,HKS,MS,ASO,ES,Federal Contract Tower,0,0,6,1,7,0,0,15,3,18,0,0,21,4,25,16,16,32,57
03/15/2022,HKS,MS,ASO,ES,Federal Contract Tower,0,4,5,2,11,0,0,1,5,6,0,4,6,7,17,0,22,22,39
03/16/2022,HKS,MS,ASO,ES,Federal Contract Tower,0,2,25,1,28,0,0,6,2,8,0,2,31,3,36,10,0,10,46
03/17/2022,HKS,MS,ASO,ES,Federal Contract Tower,0,0,10,1,11,0,0,15,5,20,0,0,25,6,31,2,0,2,33
03/18/2022,HKS,MS,ASO,ES,Federal Contract Tower,0,4,6,0,10,0,4,6,0,10,0,8,12,0,20,16,0,16,36
03/19/2022,HKS,MS,ASO,ES,Federal Contract Tower,0,0,9,0,9,0,2,13,0,15,0,2,22,0,24,32,0,32,56
03/20/2022,HKS,MS,ASO,ES,Federal Contract Tower,0,0,1,0,1,0,4,22,0,26,0,4,23,0,27,10,0,10,37
03/21/2022,HKS,MS,ASO,ES,Federal Contract Tower,0,0,6,0,6,0,12,18,0,30,0,12,24,0,36,26,0,26,62
03/22/2022,HKS,MS,ASO,ES,Federal Contract Tower,0,1,0,0,1,0,0,0,0,0,0,1,0,0,1,0,0,0,1
03/23/2022,HKS,MS,ASO,ES,Federal Contract Tower,0,7,19,0,26,0,5,6,12,23,0,12,25,12,49,0,36,36,85
03/24/2022,HKS,MS,ASO,ES,Federal Contract Tower,0,1,15,1,17,0,3,23,7,33,0,4,38,8,50,6,6,12,62
03/25/2022,HKS,MS,ASO,ES,Federal Contract Tower,0,3,10,1,14,0,5,26,4,35,0,8,36,5,49,8,6,14,63
03/26/2022,HKS,MS,ASO,ES,Federal Contract Tower,0,0,6,0,6,0,6,22,0,28,0,6,28,0,34,26,0,26,60
03/27/2022,HKS,MS,ASO,ES,Federal Contract Tower,0,2,9,0,11,0,3,14,2,19,0,5,23,2,30,6,0,6,36
03/28/2022,HKS,MS,ASO,ES,Federal Contract Tower,0,2,10,2,14,0,0,24,8,32,0,2,34,10,46,12,12,24,70
03/29/2022,HKS,MS,ASO,ES,Federal Contract Tower,0,0,7,3,10,0,4,10,13,27,0,4,17,16,37,10,56,66,103
03/30/2022,HKS,MS,ASO,ES,Federal Contract Tower,0,0,2,0,2,0,0,2,0,2,0,0,4,0,4,0,0,0,4
03/31/2022,HKS,MS,ASO,ES,Federal Contract Tower,0,0,14,3,17,0,3,15,16,34,0,3,29,19,51,60,36,96,147
04/01/2022,HKS,MS,ASO,ES,Federal Contract Tower,0,0,13,0,13,0,1,41,4,46,0,1,54,4,59,54,10,64,123
04/02/2022,HKS,MS,ASO,ES,Federal Contract Tower,0,1,5,0,6,0,3,24,3,30,0,4,29,3,36,32,26,58,94
04/03/2022,HKS,MS,ASO,ES,Federal Contract Tower,0,0,5,2,7,0,2,38,1,41,0,2,43,3,48,10,34,44,92
04/04/2022,HKS,MS,ASO,ES,Federal Contract Tower,0,2,8,0,10,0,2,16,0,18,0,4,24,0,28,6,0,6,34
04/05/2022,HKS,MS,ASO,ES,Federal Contract Tower,0,1,2,1,4,0,0,5,2,7,0,1,7,3,11,0,8,8,19
04/06/2022,HKS,MS,ASO,ES,Federal Contract Tower,0,2,9,2,13,0,2,6,2,10,0,4,15,4,23,26,14,40,63
04/07/2022,HKS,MS,ASO,ES,Federal Contract Tower,0,1,13,3,17,0,8,17,13,38,0,9,30,16,55,12,20,32,87
04/08/2022,HKS,MS,ASO,ES,Federal Contract Tower,0,3,9,5,17,0,9,9,6,24,0,12,18,11,41,4,34,38,79
04/09/2022,HKS,MS,ASO,ES,Federal Contract Tower,0,0,8,0,8,0,7,23,0,30,0,7,31,0,38,6,0,6,44
04/10/2022,HKS,MS,ASO,ES,Federal Contract Tower,0,0,10,0,10,0,4,23,0,27,0,4,33,0,37,14,0,14,51
04/11/2022,HKS,MS,ASO,ES,Federal Contract Tower,0,0,8,1,9,0,2,4,5,11,0,2,12,6,20,0,12,12,32
04/12/2022,HKS,MS,ASO,ES,Federal Contract Tower,0,2,12,2,16,0,5,1,12,18,0,7,13,14,34,0,40,40,74
04/13/2022,HKS,MS,ASO,ES,Federal Contract Tower,0,2,8,0,10,0,2,1,0,3,0,4,9,0,13,0,0,0,13
04/14/2022,HKS,MS,ASO,ES,Federal Contract Tower,0,4,6,2,12,0,4,17,8,29,0,8,23,10,41,34,44,78,119
04/15/2022,HKS,MS,ASO,ES,Federal Contract Tower,0,2,11,2,15,0,7,13,10,30,0,9,24,12,45,8,4,12,57
04/16/2022,HKS,MS,ASO,ES,Federal Contract Tower,0,2,4,0,6,0,0,0,0,0,0,2,4,0,6,0,0,0,6
04/17/2022,HKS,MS,ASO,ES,Federal Contract Tower,0,1,3,0,4,0,2,1,0,3,0,3,4,0,7,0,0,0,7
04/18/2022,HKS,MS,ASO,ES,Federal Contract Tower,0,0,15,0,15,0,1,10,0,11,0,1,25,0,26,22,0,22,48
04/19/2022,HKS,MS,ASO,ES,Federal Contract Tower,0,2,7,2,11,0,6,25,6,37,0,8,32,8,48,24,10,34,82
04/20/2022,HKS,MS,ASO,ES,Federal Contract Tower,0,5,11,0,16,0,4,15,2,21,0,9,26,2,37,30,0,30,67
04/21/2022,HKS,MS,ASO,ES,Federal Contract Tower,0,2,22,0,24,0,9,24,18,51,0,11,46,18,75,42,14,56,131
04/22/2022,HKS,MS,ASO,ES,Federal Contract Tower,0,4,11,0,15,0,2,19,3,24,0,6,30,3,39,34,0,34,73
04/23/2022,HKS,MS,ASO,ES,Federal Contract Tower,0,0,4,0,4,0,1,19,0,20,0,1,23,0,24,18,0,18,42
04/24/2022,HKS,MS,ASO,ES,Federal Contract Tower,0,1,8,0,9,0,7,11,1,19,0,8,19,1,28,10,0,10,38
04/25/2022,HKS,MS,ASO,ES,Federal Contract Tower,0,2,2,0,4,0,2,0,2,4,0,4,2,2,8,6,0,6,14
04/26/2022,HKS,MS,ASO,ES,Federal Contract Tower,0,1,15,0,16,0,6,12,12,30,0,7,27,12,46,8,6,14,60
04/27/2022,HKS,MS,ASO,ES,Federal Contract Tower,0,3,8,0,11,0,7,19,5,31,0,10,27,5,42,48,0,48,90
04/28/2022,HKS,MS,ASO,ES,Federal Contract Tower,0,0,18,0,18,0,1,12,4,17,0,1,30,4,35,70,0,70,105
04/29/2022,HKS,MS,ASO,ES,Federal Contract Tower,0,0,7,0,7,0,4,20,3,27,0,4,27,3,34,26,0,26,60
04/30/2022,HKS,MS,ASO,ES,Federal Contract Tower,0,2,9,0,11,0,12,10,3,25,0,14,19,3,36,2,0,2,38
05/01/2022,HKS,MS,ASO,ES,Federal Contract Tower,0,2,7,0,9,0,4,9,4,17,0,6,16,4,26,0,0,0,26
05/02/2022,HKS,MS,ASO,ES,Federal Contract Tower,0,0,11,0,11,0,0,7,0,7,0,0,18,0,18,32,0,32,50
05/03/2022,HKS,MS,ASO,ES,Federal Contract Tower,0,5,11,0,16,0,0,6,1,7,0,5,17,1,23,14,0,14,37
05/04/2022,HKS,MS,ASO,ES,Federal Contract Tower,0,4,13,6,23,0,7,17,6,30,0,11,30,12,53,64,8,72,125
05/05/2022,HKS,MS,ASO,ES,Federal Contract Tower,0,3,13,4,20,0,2,7,9,18,0,5,20,13,38,26,40,66,104
05/06/2022,HKS,MS,ASO,ES,Federal Contract Tower,0,3,3,0,6,0,17,4,0,21,0,20,7,0,27,0,0,0,27
05/07/2022,HKS,MS,ASO,ES,Federal Contract Tower,0,2,9,1,12,0,10,25,1,36,0,12,34,2,48,6,0,6,54
05/08/2022,HKS,MS,ASO,ES,Federal Contract Tower,0,1,6,0,7,0,1,12,0,13,0,2,18,0,20,10,0,10,30
05/09/2022,HKS,MS,ASO,ES,Federal Contract Tower,0,2,6,2,10,0,1,12,1,14,0,3,18,3,24,0,12,12,36
05/10/2022,HKS,MS,ASO,ES,Federal Contract Tower,0,0,14,3,17,0,3,17,7,27,0,3,31,10,44,32,4,36,80
05/11/2022,HKS,MS,ASO,ES,Federal Contract Tower,0,0,15,0,15,0,6,12,2,20,0,6,27,2,35,44,4,48,83
05/12/2022,HKS,MS,ASO,ES,Federal Contract Tower,0,0,14,2,16,0,10,18,6,34,0,10,32,8,50,16,18,34,84
05/13/2022,HKS,MS,ASO,ES,Federal Contract Tower,0,2,12,0,14,0,2,3,0,5,0,4,15,0,19,16,0,16,35
05/14/2022,HKS,MS,ASO,ES,Federal Contract Tower,0,3,2,0,5,0,4,17,0,21,0,7,19,0,26,24,0,24,50
05/15/2022,HKS,MS,ASO,ES,Federal Contract Tower,0,2,12,0,14,0,7,14,0,21,0,9,26,0,35,12,0,12,47
05/16/2022,HKS,MS,ASO,ES,Federal Contract Tower,0,0,7,0,7,0,9,15,4,28,0,9,22,4,35,12,0,12,47
05/17/2022,HKS,MS,ASO,ES,Federal Contract Tower,0,4,7,0,11,0,3,18,0,21,0,7,25,0,32,24,0,24,56
05/18/2022,HKS,MS,ASO,ES,Federal Contract Tower,0,1,9,0,10,0,6,11,6,23,0,7,20,6,33,0,8,8,41
05/19/2022,HKS,MS,ASO,ES,Federal Contract Tower,0,3,10,0,13,0,10,8,0,18,0,13,18,0,31,10,0,10,41
05/20/2022,HKS,MS,ASO,ES,Federal Contract Tower,0,0,14,0,14,0,2,20,1,23,0,2,34,1,37,12,0,12,49
05/21/2022,HKS,MS,ASO,ES,Federal Contract Tower,0,2,10,0,12,0,2,11,13,26,0,4,21,13,38,6,10,16,54
05/22/2022,HKS,MS,ASO,ES,Federal Contract Tower,0,1,8,0,9,0,1,2,1,4,0,2,10,1,13,4,0,4,17
05/23/2022,HKS,MS,ASO,ES,Federal Contract Tower,0,2,5,0,7,0,5,3,0,8,0,7,8,0,15,2,0,2,17
05/24/2022,HKS,MS,ASO,ES,Federal Contract Tower,0,4,9,2,15,0,3,3,7,13,0,7,12,9,28,10,2,12,40
05/25/2022,HKS,MS,ASO,ES,Federal Contract Tower,0,4,5,1,10,0,4,8,1,13,0,8,13,2,23,0,0,0,23
05/26/2022,HKS,MS,ASO,ES,Federal Contract Tower,0,2,7,2,11,0,4,6,4,14,0,6,13,6,25,6,36,42,67
05/27/2022,HKS,MS,ASO,ES,Federal Contract Tower,0,3,12,0,15,0,1,15,4,20,0,4,27,4,35,40,0,40,75
05/28/2022,HKS,MS,ASO,ES,Federal Contract Tower,0,0,1,0,1,0,2,11,1,14,0,2,12,1,15,0,0,0,15
05/29/2022,HKS,MS,ASO,ES,Federal Contract Tower,0,0,1,0,1,0,0,14,1,15,0,0,15,1,16,8,0,8,24
05/30/2022,HKS,MS,ASO,ES,Federal Contract Tower,0,1,8,0,9,0,10,14,0,24,0,11,22,0,33,26,0,26,59
05/31/2022,HKS,MS,ASO,ES,Federal Contract Tower,0,2,12,1,15,0,3,9,11,23,0,5,21,12,38,8,20,28,66
06/01/2022,HKS,MS,ASO,ES,Federal Contract Tower,0,2,10,0,12,0,2,14,1,17,0,4,24,1,29,4,14,18,47
06/02/2022,HKS,MS,ASO,ES,Federal Contract Tower,0,1,2,3,6,0,1,7,13,21,0,2,9,16,27,0,70,70,97
06/03/2022,HKS,MS,ASO,ES,Federal Contract Tower,0,1,3,1,5,0,6,11,3,20,0,7,14,4,25,30,14,44,69
06/04/2022,HKS,MS,ASO,ES,Federal Contract Tower,0,0,2,0,2,0,0,25,7,32,0,0,27,7,34,60,0,60,94
06/05/2022,HKS,MS,ASO,ES,Federal Contract Tower,0,3,11,0,14,0,3,14,0,17,0,6,25,0,31,24,0,24,55
06/06/2022,HKS,MS,ASO,ES,Federal Contract Tower,0,0,8,1,9,0,5,9,0,14,0,5,17,1,23,2,0,2,25
06/07/2022,HKS,MS,ASO,ES,Federal Contract Tower,0,2,4,3,9,0,8,14,9,31,0,10,18,12,40,14,18,32,72
06/08/2022,HKS,MS,ASO,ES,Federal Contract Tower,0,0,19,0,19,0,6,10,0,16,0,6,29,0,35,20,8,28,63
06/09/2022,HKS,MS,ASO,ES,Federal Contract Tower,0,0,14,2,16,0,6,17,13,36,0,6,31,15,52,30,24,54,106
06/10/2022,HKS,MS,ASO,ES,Federal Contract Tower,0,0,3,0,3,0,0,6,2,8,0,0,9,2,11,6,6,12,23
06/11/2022,HKS,MS,ASO,ES,Federal Contract Tower,0,1,5,0,6,0,2,17,0,19,0,3,22,0,25,52,0,52,77
06/12/2022,HKS,MS,ASO,ES,Federal Contract Tower,0,3,5,0,8,0,1,17,0,18,0,4,22,0,26,2,0,2,28
06/13/2022,HKS,MS,ASO,ES,Federal Contract Tower,0,0,13,0,13,0,6,21,0,27,0,6,34,0,40,18,0,18,58
06/14/2022,HKS,MS,ASO,ES,Federal Contract Tower,0,0,13,1,14,0,6,15,8,29,0,6,28,9,43,2,28,30,73
06/15/2022,HKS,MS,ASO,ES,Federal Contract Tower,0,3,5,5,13,0,7,17,3,27,0,10,22,8,40,16,6,22,62
06/16/2022,HKS,MS,ASO,ES,Federal Contract Tower,0,0,9,0,9,0,7,36,11,54,0,7,45,11,63,2,24,26,89
06/17/2022,HKS,MS,ASO,ES,Federal Contract Tower,0,0,9,3,12,0,6,16,12,34,0,6,25,15,46,8,24,32,78
06/18/2022,HKS,MS,ASO,ES,Federal Contract Tower,0,2,0,0,2,0,2,10,0,12,0,4,10,0,14,4,0,4,18
06/19/2022,HKS,MS,ASO,ES,Federal Contract Tower,0,1,8,0,9,0,5,9,0,14,0,6,17,0,23,4,0,4,27
06/20/2022,HKS,MS,ASO,ES,Federal Contract Tower,0,2,9,0,11,0,4,12,0,16,0,6,21,0,27,6,0,6,33
06/21/2022,HKS,MS,ASO,ES,Federal Contract Tower,0,1,6,2,9,0,8,17,14,39,0,9,23,16,48,10,36,46,94
06/22/2022,HKS,MS,ASO,ES,Federal Contract Tower,0,1,7,0,8,0,1,16,9,26,0,2,23,9,34,4,32,36,70
06/23/2022,HKS,MS,ASO,ES,Federal Contract Tower,0,0,12,0,12,0,2,16,15,33,0,2,28,15,45,18,62,80,125
06/24/2022,HKS,MS,ASO,ES,Federal Contract Tower,0,3,6,0,9,0,3,19,9,31,0,6,25,9,40,10,54,64,104
06/25/2022,HKS,MS,ASO,ES,Federal Contract Tower,0,0,8,0,8,0,5,10,0,15,0,5,18,0,23,6,0,6,29
06/26/2022,HKS,MS,ASO,ES,Federal Contract Tower,0,0,12,0,12,0,1,7,0,8,0,1,19,0,20,14,0,14,34
06/27/2022,HKS,MS,ASO,ES,Federal Contract Tower,0,0,8,0,8,0,3,5,0,8,0,3,13,0,16,4,0,4,20
06/28/2022,HKS,MS,ASO,ES,Federal Contract Tower,0,2,8,1,11,0,3,12,18,33,0,5,20,19,44,12,42,54,98
06/29/2022,HKS,MS,ASO,ES,Federal Contract Tower,0,0,2,2,4,0,2,3,7,12,0,2,5,9,16,0,24,24,40
06/30/2022,HKS,MS,ASO,ES,Federal Contract Tower,0,0,10,2,12,0,1,17,6,24,0,1,27,8,36,0,24,24,60
07/01/2022,HKS,MS,ASO,ES,Federal Contract Tower,0,1,10,0,11,0,2,0,0,2,0,3,10,0,13,4,0,4,17
07/02/2022,HKS,MS,ASO,ES,Federal Contract Tower,0,1,4,0,5,0,4,6,0,10,0,5,10,0,15,0,0,0,15
07/03/2022,HKS,MS,ASO,ES,Federal Contract Tower,0,0,5,0,5,0,1,7,0,8,0,1,12,0,13,14,0,14,27
07/04/2022,HKS,MS,ASO,ES,Federal Contract Tower,0,0,1,0,1,0,0,5,0,5,0,0,6,0,6,6,0,6,12
07/05/2022,HKS,MS,ASO,ES,Federal Contract Tower,0,0,9,2,11,0,1,13,9,23,0,1,22,11,34,2,46,48,82
07/06/2022,HKS,MS,ASO,ES,Federal Contract Tower,0,8,4,0,12,0,2,11,5,18,0,10,15,5,30,0,16,16,46
07/07/2022,HKS,MS,ASO,ES,Federal Contract Tower,0,0,10,4,14,0,2,17,10,29,0,2,27,14,43,28,34,62,105
07/08/2022,HKS,MS,ASO,ES,Federal Contract Tower,0,0,15,6,21,0,3,15,0,18,0,3,30,6,39,6,8,14,53
07/09/2022,HKS,MS,ASO,ES,Federal Contract Tower,0,0,6,0,6,0,10,12,0,22,0,10,18,0,28,20,0,20,48
07/10/2022,HKS,MS,ASO,ES,Federal Contract Tower,0,3,1,0,4,0,10,9,0,19,0,13,10,0,23,6,0,6,29
07/11/2022,HKS,MS,ASO,ES,Federal Contract Tower,0,0,7,0,7,0,12,11,0,23,0,12,18,0,30,8,0,8,38
07/12/2022,HKS,MS,ASO,ES,Federal Contract Tower,0,0,8,0,8,0,2,13,0,15,0,2,21,0,23,34,0,34,57
07/13/2022,HKS,MS,ASO,ES,Federal Contract Tower,0,3,13,0,16,0,2,10,0,12,0,5,23,0,28,4,0,4,32
07/14/2022,HKS,MS,ASO,ES,Federal Contract Tower,0,0,2,0,2,0,9,5,1,15,0,9,7,1,17,16,8,24,41
07/15/2022,HKS,MS,ASO,ES,Federal Contract Tower,0,3,8,0,11,0,3,9,0,12,0,6,17,0,23,32,0,32,55
07/16/2022,HKS,MS,ASO,ES,Federal Contract Tower,0,1,10,0,11,0,4,9,0,13,0,5,19,0,24,6,0,6,30
07/17/2022,HKS,MS,ASO,ES,Federal Contract Tower,0,1,7,0,8,0,4,3,0,7,0,5,10,0,15,24,0,24,39
07/18/2022,HKS,MS,ASO,ES,Federal Contract Tower,0,1,2,0,3,0,5,12,0,17,0,6,14,0,20,32,0,32,52
07/19/2022,HKS,MS,ASO,ES,Federal Contract Tower,0,1,16,0,17,0,2,9,3,14,0,3,25,3,31,8,22,30,61
07/20/2022,HKS,MS,ASO,ES,Federal Contract Tower,0,2,9,0,11,0,4,16,0,20,0,6,25,0,31,20,0,20,51
07/21/2022,HKS,MS,ASO,ES,Federal Contract Tower,0,2,5,0,7,0,6,11,2,19,0,8,16,2,26,8,4,12,38
07/22/2022,HKS,MS,ASO,ES,Federal Contract Tower,0,1,14,0,15,0,5,17,2,24,0,6,31,2,39,30,4,34,73
07/23/2022,HKS,MS,ASO,ES,Federal Contract Tower,0,4,8,0,12,0,0,1,0,1,0,4,9,0,13,2,0,2,15
07/24/2022,HKS,MS,ASO,ES,Federal Contract Tower,0,3,6,0,9,0,6,10,0,16,0,9,16,0,25,12,0,12,37
07/25/2022,HKS,MS,ASO,ES,Federal Contract Tower,0,1,3,0,4,0,3,8,0,11,0,4,11,0,15,16,0,16,31
07/26/2022,HKS,MS,ASO,ES,Federal Contract Tower,0,2,7,0,9,0,4,17,5,26,0,6,24,5,35,36,14,50,85
07/27/2022,HKS,MS,ASO,ES,Federal Contract Tower,0,0,8,0,8,0,7,19,2,28,0,7,27,2,36,14,2,16,52
07/28/2022,HKS,MS,ASO,ES,Federal Contract Tower,0,5,6,0,11,0,5,10,0,15,0,10,16,0,26,8,0,8,34
07/29/2022,HKS,MS,ASO,ES,Federal Contract Tower,0,3,5,0,8,0,8,6,0,14,0,11,11,0,22,32,0,32,54
07/30/2022,HKS,MS,ASO,ES,Federal Contract Tower,0,0,8,0,8,0,1,7,0,8,0,1,15,0,16,12,0,12,28
07/31/2022,HKS,MS,ASO,ES,Federal Contract Tower,0,0,8,0,8,0,3,12,0,15,0,3,20,0,23,2,0,2,25
08/01/2022,HKS,MS,ASO,ES,Federal Contract Tower,0,0,10,5,15,0,0,4,6,10,0,0,14,11,25,0,14,14,39
08/02/2022,HKS,MS,ASO,ES,Federal Contract Tower,0,0,3,2,5,0,0,3,19,22,0,0,6,21,27,0,30,30,57
08/03/2022,HKS,MS,ASO,ES,Federal Contract Tower,0,2,3,0,5,0,0,0,0,0,0,2,3,0,5,2,0,2,7
08/04/2022,HKS,MS,ASO,ES,Federal Contract Tower,0,2,12,5,19,0,1,0,6,7,0,3,12,11,26,32,2,34,60
08/05/2022,HKS,MS,ASO,ES,Federal Contract Tower,0,2,16,3,21,0,5,20,1,26,0,7,36,4,47,8,4,12,59
08/06/2022,HKS,MS,ASO,ES,Federal Contract Tower,0,0,9,4,13,0,2,30,4,36,0,2,39,8,49,16,0,16,65
08/07/2022,HKS,MS,ASO,ES,Federal Contract Tower,0,0,7,0,7,0,3,15,4,22,0,3,22,4,29,10,0,10,39
08/08/2022,HKS,MS,ASO,ES,Federal Contract Tower,0,1,6,0,7,0,0,20,2,22,0,1,26,2,29,32,0,32,61
08/09/2022,HKS,MS,ASO,ES,Federal Contract Tower,0,1,8,0,9,0,1,8,8,17,0,2,16,8,26,6,26,32,58
08/10/2022,HKS,MS,ASO,ES,Federal Contract Tower,0,4,11,0,15,0,3,6,3,12,0,7,17,3,27,10,0,10,37
08/11/2022,HKS,MS,ASO,ES,Federal Contract Tower,0,0,15,0,15,0,3,2,2,7,0,3,17,2,22,40,0,40,62
08/12/2022,HKS,MS,ASO,ES,Federal Contract Tower,0,3,4,0,7,0,1,15,4,20,0,4,19,4,27,38,8,46,73
08/13/2022,HKS,MS,ASO,ES,Federal Contract Tower,0,0,6,1,7,0,3,14,2,19,0,3,20,3,26,12,6,18,44
08/14/2022,HKS,MS,ASO,ES,Federal Contract Tower,0,3,9,0,12,0,8,15,0,23,0,11,24,0,35,58,0,58,93
08/15/2022,HKS,MS,ASO,ES,Federal Contract Tower,0,0,20,0,20,0,5,7,3,15,0,5,27,3,35,20,0,20,55
08/16/2022,HKS,MS,ASO,ES,Federal Contract Tower,0,2,4,0,6,0,6,19,8,33,0,8,23,8,39,32,12,44,83
08/17/2022,HKS,MS,ASO,ES,Federal Contract Tower,0,0,14,0,14,0,2,9,0,11,0,2,23,0,25,20,0,20,45
08/18/2022,HKS,MS,ASO,ES,Federal Contract Tower,0,0,6,2,8,0,2,1,2,5,0,2,7,4,13,8,0,8,21
08/19/2022,HKS,MS,ASO,ES,Federal Contract Tower,0,2,7,2,11,0,2,6,2,10,0,4,13,4,21,38,0,38,59
08/20/2022,HKS,MS,ASO,ES,Federal Contract Tower,0,2,9,0,11,0,2,7,0,9,0,4,16,0,20,14,0,14,34
08/21/2022,HKS,MS,ASO,ES,Federal Contract Tower,0,2,9,0,11,0,0,7,0,7,0,2,16,0,18,14,0,14,32
08/22/2022,HKS,MS,ASO,ES,Federal Contract Tower,0,0,3,0,3,0,0,1,0,1,0,0,4,0,4,0,0,0,4
08/23/2022,HKS,MS,ASO,ES,Federal Contract Tower,0,2,2,0,4,0,0,0,0,0,0,2,2,0,4,0,0,0,4
08/24/2022,HKS,MS,ASO,ES,Federal Contract Tower,0,2,2,0,4,0,0,0,0,0,0,2,2,0,4,2,0,2,6
08/25/2022,HKS,MS,ASO,ES,Federal Contract Tower,0,3,4,0,7,0,1,2,3,6,0,4,6,3,13,0,20,20,33
08/26/2022,HKS,MS,ASO,ES,Federal Contract Tower,0,2,4,0,6,0,0,7,0,7,0,2,11,0,13,28,0,28,41
08/27/2022,HKS,MS,ASO,ES,Federal Contract Tower,0,2,3,0,5,0,0,12,0,12,0,2,15,0,17,4,0,4,21
08/28/2022,HKS,MS,ASO,ES,Federal Contract Tower,0,0,4,0,4,0,2,5,0,7,0,2,9,0,11,16,0,16,27
08/29/2022,HKS,MS,ASO,ES,Federal Contract Tower,0,3,6,0,9,0,0,16,5,21,0,3,22,5,30,68,16,84,114
08/30/2022,HKS,MS,ASO,ES,Federal Contract Tower,0,2,3,1,6,0,5,14,10,29,0,7,17,11,35,8,32,40,75
08/31/2022,HKS,MS,ASO,ES,Federal Contract Tower,0,3,5,1,9,0,10,15,3,28,0,13,20,4,37,50,0,50,87
09/01/2022,HKS,MS,ASO,ES,Federal Contract Tower,0,5,12,1,18,0,4,27,1,32,0,9,39,2,50,70,0,70,120
09/02/2022,HKS,MS,ASO,ES,Federal Contract Tower,0,3,10,0,13,0,7,16,0,23,0,10,26,0,36,40,0,40,76
09/03/2022,HKS,MS,ASO,ES,Federal Contract Tower,0,5,3,0,8,0,7,10,0,17,0,12,13,0,25,8,0,8,33
09/04/2022,HKS,MS,ASO,ES,Federal Contract Tower,0,0,5,0,5,0,4,6,0,10,0,4,11,0,15,14,0,14,29
09/05/2022,HKS,MS,ASO,ES,Federal Contract Tower,0,2,8,0,10,0,3,7,0,10,0,5,15,0,20,42,0,42,62
09/06/2022,HKS,MS,ASO,ES,Federal Contract Tower,0,1,2,2,5,0,1,8,10,19,0,2,10,12,24,0,58,58,82
09/07/2022,HKS,MS,ASO,ES,Federal Contract Tower,0,0,4,6,10,0,2,16,3,21,0,2,20,9,31,32,8,40,71
09/08/2022,HKS,MS,ASO,ES,Federal Contract Tower,0,0,8,2,10,0,2,19,8,29,0,2,27,10,39,66,4,70,109
09/09/2022,HKS,MS,ASO,ES,Federal Contract Tower,0,0,2,0,2,0,0,7,2,9,0,0,9,2,11,8,0,8,19
09/10/2022,HKS,MS,ASO,ES,Federal Contract Tower,0,2,4,3,9,0,4,6,10,20,0,6,10,13,29,36,4,40,69
09/11/2022,HKS,MS,ASO,ES,Federal Contract Tower,0,1,3,0,4,0,6,7,1,14,0,7,10,1,18,8,0,8,26
09/12/2022,HKS,MS,ASO,ES,Federal Contract Tower,0,1,4,2,7,0,2,9,2,13,0,3,13,4,20,0,0,0,20
09/13/2022,HKS,MS,ASO,ES,Federal Contract Tower,0,0,7,1,8,0,4,13,13,30,0,4,20,14,38,20,20,40,78
09/14/2022,HKS,MS,ASO,ES,Federal Contract Tower,0,0,10,0,10,0,0,10,5,15,0,0,20,5,25,12,0,12,37
09/15/2022,HKS,MS,ASO,ES,Federal Contract Tower,0,1,12,2,15,0,3,22,0,25,0,4,34,2,40,56,6,62,102
09/16/2022,HKS,MS,ASO,ES,Federal Contract Tower,0,0,6,0,6,0,3,17,4,24,0,3,23,4,30,78,2,80,110
09/17/2022,HKS,MS,ASO,ES,Federal Contract Tower,0,6,1,0,7,0,2,21,0,23,0,8,22,0,30,34,0,34,64
09/18/2022,HKS,MS,ASO,ES,Federal Contract Tower,0,0,8,0,8,0,4,23,6,33,0,4,31,6,41,42,0,42,83
09/19/2022,HKS,MS,ASO,ES,Federal Contract Tower,0,0,8,0,8,0,6,17,0,23,0,6,25,0,31,0,0,0,31
09/20/2022,HKS,MS,ASO,ES,Federal Contract Tower,0,1,9,0,10,0,7,12,0,19,0,8,21,0,29,30,0,30,59
09/21/2022,HKS,MS,ASO,ES,Federal Contract Tower,0,7,6,0,13,0,3,9,2,14,0,10,15,2,27,44,0,44,71
09/22/2022,HKS,MS,ASO,ES,Federal Contract Tower,0,5,16,0,21,0,6,9,2,17,0,11,25,2,38,80,6,86,124
09/23/2022,HKS,MS,ASO,ES,Federal Contract Tower,0,2,14,0,16,0,2,27,1,30,0,4,41,1,46,44,0,44,90
09/24/2022,HKS,MS,ASO,ES,Federal Contract Tower,0,2,2,0,4,0,8,27,0,35,0,10,29,0,39,28,0,28,67
09/25/2022,HKS,MS,ASO,ES,Federal Contract Tower,0,1,12,0,13,0,2,20,0,22,0,3,32,0,35,80,0,80,115
09/26/2022,HKS,MS,ASO,ES,Federal Contract Tower,0,1,9,0,10,0,3,17,4,24,0,4,26,4,34,16,14,30,64
09/27/2022,HKS,MS,ASO,ES,Federal Contract Tower,0,0,19,0,19,0,2,17,2,21,0,2,36,2,40,10,0,10,50
09/28/2022,HKS,MS,ASO,ES,Federal Contract Tower,0,0,6,0,6,0,4,18,0,22,0,4,24,0,28,56,8,64,92
09/29/2022,HKS,MS,ASO,ES,Federal Contract Tower,0,3,15,0,18,0,2,17,6,25,0,5,32,6,43,68,16,84,127
09/30/2022,HKS,MS,ASO,ES,Federal Contract Tower,0,0,8,0,8,0,4,18,0,22,0,4,26,0,30,22,0,22,52
10/01/2022,HKS,MS,ASO,ES,Federal Contract Tower,0,1,1,0,2,0,4,15,0,19,0,5,16,0,21,28,0,28,49
10/02/2022,HKS,MS,ASO,ES,Federal Contract Tower,0,0,10,0,10,0,0,16,0,16,0,0,26,0,26,50,0,50,76
10/03/2022,HKS,MS,ASO,ES,Federal Contract Tower,0,2,11,0,13,0,7,13,0,20,0,9,24,0,33,0,0,0,33
10/04/2022,HKS,MS,ASO,ES,Federal Contract Tower,0,3,11,1,15,0,0,26,1,27,0,3,37,2,42,20,0,20,62
10/05/2022,HKS,MS,ASO,ES,Federal Contract Tower,0,4,7,0,11,0,8,22,0,30,0,12,29,0,41,12,0,12,53
10/06/2022,HKS,MS,ASO,ES,Federal Contract Tower,0,2,15,0,17,0,9,21,7,37,0,11,36,7,54,12,28,40,94
10/07/2022,HKS,MS,ASO,ES,Federal Contract Tower,0,3,13,0,16,0,12,19,4,35,0,15,32,4,51,2,0,2,53
10/08/2022,HKS,MS,ASO,ES,Federal Contract Tower,0,2,6,0,8,0,1,13,0,14,0,3,19,0,22,2,0,2,24
10/09/2022,HKS,MS,ASO,ES,Federal Contract Tower,0,4,14,1,19,0,3,15,1,19,0,7,29,2,38,42,2,44,82
10/10/2022,HKS,MS,ASO,ES,Federal Contract Tower,0,5,8,0,13,0,5,12,2,19,0,10,20,2,32,10,0,10,42
10/11/2022,HKS,MS,ASO,ES,Federal Contract Tower,0,2,16,9,27,0,3,19,11,33,0,5,35,20,60,14,40,54,114
10/12/2022,HKS,MS,ASO,ES,Federal Contract Tower,0,0,12,4,16,0,0,4,3,7,0,0,16,7,23,24,20,44,67
10/13/2022,HKS,MS,ASO,ES,Federal Contract Tower,0,2,7,2,11,0,4,11,18,33,0,6,18,20,44,14,8,22,66
10/14/2022,HKS,MS,ASO,ES,Federal Contract Tower,0,3,9,0,12,0,12,17,8,37,0,15,26,8,49,18,0,18,67
10/15/2022,HKS,MS,ASO,ES,Federal Contract Tower,0,0,5,0,5,0,4,12,3,19,0,4,17,3,24,4,0,4,28
10/16/2022,HKS,MS,ASO,ES,Federal Contract Tower,0,0,7,0,7,0,7,7,0,14,0,7,14,0,21,36,0,36,57
10/17/2022,HKS,MS,ASO,ES,Federal Contract Tower,0,2,17,0,19,0,12,9,0,21,0,14,26,0,40,2,0,2,42
10/18/2022,HKS,MS,ASO,ES,Federal Contract Tower,0,4,4,3,11,0,5,11,14,30,0,9,15,17,41,14,32,46,87
10/19/2022,HKS,MS,ASO,ES,Federal Contract Tower,0,6,13,2,21,0,5,20,4,29,0,11,33,6,50,48,6,54,104
10/20/2022,HKS,MS,ASO,ES,Federal Contract Tower,0,6,9,2,17,0,8,13,15,36,0,14,22,17,53,70,52,122,175
10/21/2022,HKS,MS,ASO,ES,Federal Contract Tower,0,6,13,4,23,0,4,18,12,34,0,10,31,16,57,18,18,36,93
10/22/2022,HKS,MS,ASO,ES,Federal Contract Tower,0,1,5,0,6,0,5,15,0,20,0,6,20,0,26,32,0,32,58
10/23/2022,HKS,MS,ASO,ES,Federal Contract Tower,0,2,8,0,10,0,11,24,1,36,0,13,32,1,46,12,0,12,58
10/24/2022,HKS,MS,ASO,ES,Federal Contract Tower,0,1,9,2,12,0,1,4,7,12,0,2,13,9,24,32,28,60,84
10/25/2022,HKS,MS,ASO,ES,Federal Contract Tower,0,3,3,1,7,0,7,6,15,28,0,10,9,16,35,14,42,56,91
10/26/2022,HKS,MS,ASO,ES,Federal Contract Tower,0,2,15,2,19,0,4,19,3,26,0,6,34,5,45,32,8,40,85
10/27/2022,HKS,MS,ASO,ES,Federal Contract Tower,0,5,14,2,21,0,5,13,15,33,0,10,27,17,54,8,28,36,90
10/28/2022,HKS,MS,ASO,ES,Federal Contract Tower,0,1,6,0,7,0,7,20,8,35,0,8,26,8,42,10,0,10,52
10/29/2022,HKS,MS,ASO,ES,Federal Contract Tower,0,1,2,1,4,0,3,0,3,6,0,4,2,4,10,0,0,0,10
10/30/2022,HKS,MS,ASO,ES,Federal Contract Tower,0,1,11,0,12,0,2,2,0,4,0,3,13,0,16,8,0,8,24
10/31/2022,HKS,MS,ASO,ES,Federal Contract Tower,0,2,12,0,14,0,1,15,2,18,0,3,27,2,32,44,0,44,76
11/01/2022,HKS,MS,ASO,ES,Federal Contract Tower,0,3,8,1,12,0,2,11,27,40,0,5,19,28,52,6,24,30,82
11/02/2022,HKS,MS,ASO,ES,Federal Contract Tower,0,3,14,1,18,0,1,30,10,41,0,4,44,11,59,32,16,48,107
11/03/2022,HKS,MS,ASO,ES,Federal Contract Tower,0,2,11,2,15,0,6,15,14,35,0,8,26,16,50,54,116,170,220
11/04/2022,HKS,MS,ASO,ES,Federal Contract Tower,0,5,8,2,15,0,7,3,7,17,0,12,11,9,32,0,20,20,52
11/05/2022,HKS,MS,ASO,ES,Federal Contract Tower,0,0,2,0,2,0,0,1,3,4,0,0,3,3,6,0,0,0,6
11/06/2022,HKS,MS,ASO,ES,Federal Contract Tower,0,2,17,3,22,0,4,5,0,9,0,6,22,3,31,26,0,26,57
11/07/2022,HKS,MS,ASO,ES,Federal Contract Tower,0,2,13,0,15,0,5,27,3,35,0,7,40,3,50,12,6,18,68
11/08/2022,HKS,MS,ASO,ES,Federal Contract Tower,0,2,8,1,11,0,2,17,17,36,0,4,25,18,47,14,68,82,129
11/09/2022,HKS,MS,ASO,ES,Federal Contract Tower,0,1,6,0,7,0,2,15,0,17,0,3,21,0,24,18,0,18,42
11/10/2022,HKS,MS,ASO,ES,Federal Contract Tower,0,0,12,0,12,0,2,14,6,22,0,2,26,6,34,32,0,32,66
11/11/2022,HKS,MS,ASO,ES,Federal Contract Tower,0,1,7,0,8,0,3,16,3,22,0,4,23,3,30,10,0,10,40
11/12/2022,HKS,MS,ASO,ES,Federal Contract Tower,0,1,2,4,7,0,1,3,11,15,0,2,5,15,22,0,40,40,62
11/13/2022,HKS,MS,ASO,ES,Federal Contract Tower,0,1,11,0,12,0,1,15,24,40,0,2,26,24,52,6,10,16,68
11/14/2022,HKS,MS,ASO,ES,Federal Contract Tower,0,4,6,0,10,0,0,5,0,5,0,4,11,0,15,0,0,0,15
11/15/2022,HKS,MS,ASO,ES,Federal Contract Tower,0,3,5,0,8,0,0,2,1,3,0,3,7,1,11,2,22,24,35
11/16/2022,HKS,MS,ASO,ES,Federal Contract Tower,0,3,8,2,13,0,3,13,23,39,0,6,21,25,52,6,44,50,102
11/17/2022,HKS,MS,ASO,ES,Federal Contract Tower,0,2,20,2,24,0,7,13,18,38,0,9,33,20,62,20,52,72,134
11/18/2022,HKS,MS,ASO,ES,Federal Contract Tower,0,0,13,2,15,0,5,16,7,28,0,5,29,9,43,16,28,44,87
11/19/2022,HKS,MS,ASO,ES,Federal Contract Tower,0,1,9,0,10,0,2,12,2,16,0,3,21,2,26,6,0,6,32
11/20/2022,HKS,MS,ASO,ES,Federal Contract Tower,0,3,10,0,13,0,8,17,2,27,0,11,27,2,40,12,0,12,52
11/21/2022,HKS,MS,ASO,ES,Federal Contract Tower,0,0,12,0,12,0,6,7,7,20,0,6,19,7,32,10,12,22,54
11/22/2022,HKS,MS,ASO,ES,Federal Contract Tower,0,2,11,2,15,0,1,20,16,37,0,3,31,18,52,16,18,34,86
11/23/2022,HKS,MS,ASO,ES,Federal Contract Tower,0,5,8,0,13,0,8,21,0,29,0,13,29,0,42,32,0,32,74
11/24/2022,HKS,MS,ASO,ES,Federal Contract Tower,0,0,2,0,2,0,1,0,0,1,0,1,2,0,3,4,0,4,7
11/25/2022,HKS,MS,ASO,ES,Federal Contract Tower,0,2,5,0,7,0,2,1,0,3,0,4,6,0,10,0,0,0,10
11/26/2022,HKS,MS,ASO,ES,Federal Contract Tower,0,4,3,0,7,0,0,0,0,0,0,4,3,0,7,0,0,0,7
11/27/2022,HKS,MS,ASO,ES,Federal Contract Tower,0,3,2,0,5,0,2,15,0,17,0,5,17,0,22,4,0,4,26
11/28/2022,HKS,MS,ASO,ES,Federal Contract Tower,0,0,6,0,6,0,0,17,8,25,0,0,23,8,31,22,40,62,93
11/29/2022,HKS,MS,ASO,ES,Federal Contract Tower,0,2,2,0,4,0,0,0,0,0,0,2,2,0,4,0,0,0,4
11/30/2022,HKS,MS,ASO,ES,Federal Contract Tower,0,3,10,4,17,0,2,11,10,23,0,5,21,14,40,18,48,66,106
12/01/2022,HKS,MS,ASO,ES,Federal Contract Tower,0,3,15,1,19,0,6,16,6,28,0,9,31,7,47,48,54,102,149
12/02/2022,HKS,MS,ASO,ES,Federal Contract Tower,0,0,20,0,20,0,6,17,13,36,0,6,37,13,56,20,32,52,108
12/03/2022,HKS,MS,ASO,ES,Federal Contract Tower,0,2,14,0,16,0,2,4,7,13,0,4,18,7,29,8,10,18,47
12/04/2022,HKS,MS,ASO,ES,Federal Contract Tower,0,1,4,0,5,0,0,4,0,4,0,1,8,0,9,2,0,2,11
12/05/2022,HKS,MS,ASO,ES,Federal Contract Tower,0,2,12,2,16,0,3,1,1,5,0,5,13,3,21,6,0,6,27
12/06/2022,HKS,MS,ASO,ES,Federal Contract Tower,0,6,14,6,26,0,2,16,11,29,0,8,30,17,55,8,74,82,137
12/07/2022,HKS,MS,ASO,ES,Federal Contract Tower,0,4,15,2,21,0,2,1,9,12,0,6,16,11,33,14,24,38,71
12/08/2022,HKS,MS,ASO,ES,Federal Contract Tower,0,4,13,4,21,0,11,14,12,37,0,15,27,16,58,22,30,52,110
12/09/2022,HKS,MS,ASO,ES,Federal Contract Tower,0,0,15,5,20,0,0,5,5,10,0,0,20,10,30,28,0,28,58
12/10/2022,HKS,MS,ASO,ES,Federal Contract Tower,0,4,21,0,25,0,0,10,0,10,0,4,31,0,35,46,0,46,81
12/11/2022,HKS,MS,ASO,ES,Federal Contract Tower,0,2,5,0,7,0,1,0,0,1,0,3,5,0,8,2,0,2,10
12/12/2022,HKS,MS,ASO,ES,Federal Contract Tower,0,0,5,0,5,0,0,0,0,0,0,0,5,0,5,16,0,16,21
12/13/2022,HKS,MS,ASO,ES,Federal Contract Tower,0,0,8,9,17,0,0,7,6,13,0,0,15,15,30,0,30,30,60
12/14/2022,HKS,MS,ASO,ES,Federal Contract Tower,0,1,3,0,4,0,0,1,0,1,0,1,4,0,5,2,0,2,7
12/15/2022,HKS,MS,ASO,ES,Federal Contract Tower,0,7,14,3,24,0,3,29,5,37,0,10,43,8,61,14,12,26,87
12/17/2022,HKS,MS,ASO,ES,Federal Contract Tower,0,0,9,0,9,0,2,21,0,23,0,2,30,0,32,8,0,8,40
12/18/2022,HKS,MS,ASO,ES,Federal Contract Tower,0,2,8,0,10,0,7,22,0,29,0,9,30,0,39,36,0,36,75
12/19/2022,HKS,MS,ASO,ES,Federal Contract Tower,0,2,3,0,5,0,0,3,5,8,0,2,6,5,13,0,12,12,25
12/20/2022,HKS,MS,ASO,ES,Federal Contract Tower,0,5,1,0,6,0,0,0,0,0,0,5,1,0,6,0,0,0,6
12/21/2022,HKS,MS,ASO,ES,Federal Contract Tower,0,2,4,0,6,0,0,0,0,0,0,2,4,0,6,0,0,0,6
12/22/2022,HKS,MS,ASO,ES,Federal Contract Tower,0,2,5,0,7,0,1,3,0,4,0,3,8,0,11,12,0,12,23
12/24/2022,HKS,MS,ASO,ES,Federal Contract Tower,0,0,0,0,0,0,6,1,0,7,0,6,1,0,7,0,0,0,7
12/25/2022,HKS,MS,ASO,ES,Federal Contract Tower,0,0,1,0,1,0,5,4,0,9,0,5,5,0,10,0,0,0,10
12/26/2022,HKS,MS,ASO,ES,Federal Contract Tower,0,1,4,0,5,0,3,9,0,12,0,4,13,0,17,24,0,24,41
12/27/2022,HKS,MS,ASO,ES,Federal Contract Tower,0,1,6,0,7,0,1,16,1,18,0,2,22,1,25,0,0,0,25
12/28/2022,HKS,MS,ASO,ES,Federal Contract Tower,0,1,16,0,17,0,5,10,0,15,0,6,26,0,32,4,0,4,36
12/29/2022,HKS,MS,ASO,ES,Federal Contract Tower,0,4,8,0,12,0,5,10,0,15,0,9,18,0,27,24,0,24,51
12/30/2022,HKS,MS,ASO,ES,Federal Contract Tower,0,2,2,0,4,0,0,2,0,2,0,2,4,0,6,0,0,0,6
12/31/2022,HKS,MS,ASO,ES,Federal Contract Tower,0,3,4,0,7,0,3,8,0,11,0,6,12,0,18,6,0,6,24
01/01/2023,HKS,MS,ASO,ES,Federal Contract Tower,0,2,8,0,10,0,5,26,0,31,0,7,34,0,41,24,0,24,65
01/02/2023,HKS,MS,ASO,ES,Federal Contract Tower,0,0,11,0,11,0,0,3,0,3,0,0,14,0,14,2,0,2,16
01/03/2023,HKS,MS,ASO,ES,Federal Contract Tower,0,4,0,0,4,0,0,0,8,8,0,4,0,8,12,0,50,50,62
01/04/2023,HKS,MS,ASO,ES,Federal Contract Tower,0,2,13,1,16,0,0,8,3,11,0,2,21,4,27,44,22,66,93
01/05/2023,HKS,MS,ASO,ES,Federal Contract Tower,0,4,8,1,13,0,6,23,11,40,0,10,31,12,53,8,18,26,79
01/06/2023,HKS,MS,ASO,ES,Federal Contract Tower,0,0,11,0,11,0,10,23,2,35,0,10,34,2,46,22,0,22,68
01/07/2023,HKS,MS,ASO,ES,Federal Contract Tower,0,2,2,0,4,0,0,10,1,11,0,2,12,1,15,12,0,12,27
01/08/2023,HKS,MS,ASO,ES,Federal Contract Tower,0,0,6,0,6,0,0,1,0,1,0,0,7,0,7,0,0,0,7
01/09/2023,HKS,MS,ASO,ES,Federal Contract Tower,0,0,14,0,14,0,3,17,0,20,0,3,31,0,34,10,0,10,44
01/10/2023,HKS,MS,ASO,ES,Federal Contract Tower,0,1,8,0,9,0,1,11,9,21,0,2,19,9,30,14,12,26,56
01/11/2023,HKS,MS,ASO,ES,Federal Contract Tower,0,4,7,1,12,0,8,7,0,15,0,12,14,1,27,18,2,20,47
01/12/2023,HKS,MS,ASO,ES,Federal Contract Tower,0,2,5,0,7,0,2,2,2,6,0,4,7,2,13,0,0,0,13
01/13/2023,HKS,MS,ASO,ES,Federal Contract Tower,0,0,7,0,7,0,4,19,1,24,0,4,26,1,31,6,0,6,37
01/14/2023,HKS,MS,ASO,ES,Federal Contract Tower,0,1,4,0,5,0,6,27,3,36,0,7,31,3,41,18,0,18,59
01/15/2023,HKS,MS,ASO,ES,Federal Contract Tower,0,1,10,0,11,0,0,18,5,23,0,1,28,5,34,20,0,20,54
01/16/2023,HKS,MS,ASO,ES,Federal Contract Tower,0,2,6,0,8,0,4,9,0,13,0,6,15,0,21,4,0,4,25
01/17/2023,HKS,MS,ASO,ES,Federal Contract Tower,0,2,10,3,15,0,5,3,11,19,0,7,13,14,34,16,66,82,116
01/18/2023,HKS,MS,ASO,ES,Federal Contract Tower,0,0,7,0,7,0,3,1,4,8,0,3,8,4,15,4,0,4,19
01/19/2023,HKS,MS,ASO,ES,Federal Contract Tower,0,2,9,1,12,0,1,12,6,19,0,3,21,7,31,10,12,22,53
01/20/2023,HKS,MS,ASO,ES,Federal Contract Tower,0,0,15,0,15,0,0,18,2,20,0,0,33,2,35,14,0,14,49
01/21/2023,HKS,MS,ASO,ES,Federal Contract Tower,0,0,3,0,3,0,0,14,0,14,0,0,17,0,17,4,0,4,21
01/22/2023,HKS,MS,ASO,ES,Federal Contract Tower,0,0,15,0,15,0,4,1,0,5,0,4,16,0,20,2,46,48,68
01/23/2023,HKS,MS,ASO,ES,Federal Contract Tower,0,2,12,0,14,0,3,13,2,18,0,5,25,2,32,8,0,8,40
01/24/2023,HKS,MS,ASO,ES,Federal Contract Tower,0,1,4,3,8,0,0,5,3,8,0,1,9,6,16,0,18,18,34
01/25/2023,HKS,MS,ASO,ES,Federal Contract Tower,0,4,13,0,17,0,3,2,2,7,0,7,15,2,24,0,0,0,24
01/26/2023,HKS,MS,ASO,ES,Federal Contract Tower,0,2,3,1,6,0,7,22,16,45,0,9,25,17,51,14,14,28,79
01/27/2023,HKS,MS,ASO,ES,Federal Contract Tower,0,1,7,2,10,0,10,25,9,44,0,11,32,11,54,8,14,22,76
01/28/2023,HKS,MS,ASO,ES,Federal Contract Tower,0,0,14,0,14,0,2,20,2,24,0,2,34,2,38,62,0,62,100
01/29/2023,HKS,MS,ASO,ES,Federal Contract Tower,0,0,1,0,1,0,0,0,0,0,0,0,1,0,1,0,0,0,1
01/30/2023,HKS,MS,ASO,ES,Federal Contract Tower,0,0,19,0,19,0,0,0,0,0,0,0,19,0,19,0,0,0,19
01/31/2023,HKS,MS,ASO,ES,Federal Contract Tower,0,1,3,0,4,0,0,0,0,0,0,1,3,0,4,0,0,0,4
02/01/2023,HKS,MS,ASO,ES,Federal Contract Tower,0,2,4,0,6,0,0,0,0,0,0,2,4,0,6,0,0,0,6
02/02/2023,HKS,MS,ASO,ES,Federal Contract Tower,0,5,2,0,7,0,0,0,0,0,0,5,2,0,7,0,0,0,7
02/03/2023,HKS,MS,ASO,ES,Federal Contract Tower,0,2,14,0,16,0,4,39,5,48,0,6,53,5,64,80,18,98,162
02/04/2023,HKS,MS,ASO,ES,Federal Contract Tower,0,1,17,0,18,0,0,22,0,22,0,1,39,0,40,34,0,34,74
02/05/2023,HKS,MS,ASO,ES,Federal Contract Tower,0,0,13,0,13,0,2,13,0,15,0,2,26,0,28,6,0,6,34
02/06/2023,HKS,MS,ASO,ES,Federal Contract Tower,0,1,12,0,13,0,8,12,1,21,0,9,24,1,34,38,0,38,72
02/07/2023,HKS,MS,ASO,ES,Federal Contract Tower,0,4,9,2,15,0,3,13,6,22,0,7,22,8,37,6,0,6,43
02/08/2023,HKS,MS,ASO,ES,Federal Contract Tower,0,4,6,0,10,0,2,1,0,3,0,6,7,0,13,0,0,0,13
02/09/2023,HKS,MS,ASO,ES,Federal Contract Tower,0,7,9,3,19,0,2,15,3,20,0,9,24,6,39,34,0,34,73
02/10/2023,HKS,MS,ASO,ES,Federal Contract Tower,0,1,9,1,11,0,1,25,12,38,0,2,34,13,49,68,42,110,159
02/11/2023,HKS,MS,ASO,ES,Federal Contract Tower,0,2,5,0,7,0,2,0,0,2,0,4,5,0,9,24,0,24,33
02/12/2023,HKS,MS,ASO,ES,Federal Contract Tower,0,1,5,0,6,0,12,6,6,24,0,13,11,6,30,60,8,68,98
02/13/2023,HKS,MS,ASO,ES,Federal Contract Tower,0,0,20,1,21,0,6,28,0,34,0,6,48,1,55,56,0,56,111
02/14/2023,HKS,MS,ASO,ES,Federal Contract Tower,0,0,9,3,12,0,1,0,3,4,0,1,9,6,16,0,0,0,16
02/15/2023,HKS,MS,ASO,ES,Federal Contract Tower,0,0,12,0,12,0,0,4,0,4,0,0,16,0,16,4,0,4,20
02/16/2023,HKS,MS,ASO,ES,Federal Contract Tower,0,1,1,0,2,0,0,0,0,0,0,1,1,0,2,0,0,0,2
02/17/2023,HKS,MS,ASO,ES,Federal Contract Tower,0,2,4,0,6,0,6,11,1,18,0,8,15,1,24,2,0,2,26
02/18/2023,HKS,MS,ASO,ES,Federal Contract Tower,0,0,16,0,16,0,3,21,0,24,0,3,37,0,40,30,0,30,70
02/19/2023,HKS,MS,ASO,ES,Federal Contract Tower,0,8,0,0,8,0,5,23,0,28,0,13,23,0,36,44,0,44,80
02/20/2023,HKS,MS,ASO,ES,Federal Contract Tower,0,2,15,0,17,0,1,4,0,5,0,3,19,0,22,0,0,0,22
02/21/2023,HKS,MS,ASO,ES,Federal Contract Tower,0,0,6,2,8,0,1,5,7,13,0,1,11,9,21,0,10,10,31
02/22/2023,HKS,MS,ASO,ES,Federal Contract Tower,0,0,9,0,9,0,2,0,2,4,0,2,9,2,13,0,26,26,39
02/23/2023,HKS,MS,ASO,ES,Federal Contract Tower,0,2,21,0,23,0,5,19,3,27,0,7,40,3,50,42,0,42,92
02/24/2023,HKS,MS,ASO,ES,Federal Contract Tower,0,0,6,3,9,0,3,14,2,19,0,3,20,5,28,22,40,62,90
02/25/2023,HKS,MS,ASO,ES,Federal Contract Tower,0,0,6,0,6,0,3,17,0,20,0,3,23,0,26,28,0,28,54
02/26/2023,HKS,MS,ASO,ES,Federal Contract Tower,0,2,10,0,12,0,3,11,0,14,0,5,21,0,26,0,0,0,26
02/27/2023,HKS,MS,ASO,ES,Federal Contract Tower,0,2,8,3,13,0,2,2,5,9,0,4,10,8,22,2,22,24,46
02/28/2023,HKS,MS,ASO,ES,Federal Contract Tower,0,0,11,2,13,0,4,26,7,37,0,4,37,9,50,60,12,72,122
03/01/2023,HKS,MS,ASO,ES,Federal Contract Tower,0,0,11,0,11,0,0,12,0,12,0,0,23,0,23,24,24,48,71
03/02/2023,HKS,MS,ASO,ES,Federal Contract Tower,0,1,3,0,4,0,6,4,2,12,0,7,7,2,16,48,4,52,68
03/03/2023,HKS,MS,ASO,ES,Federal Contract Tower,0,0,3,3,6,0,0,4,12,16,0,0,7,15,22,46,0,46,68
03/04/2023,HKS,MS,ASO,ES,Federal Contract Tower,0,0,7,0,7,0,4,24,6,34,0,4,31,6,41,24,2,26,67
03/05/2023,HKS,MS,ASO,ES,Federal Contract Tower,0,0,5,0,5,0,4,39,2,45,0,4,44,2,50,6,0,6,56
03/06/2023,HKS,MS,ASO,ES,Federal Contract Tower,0,1,15,4,20,0,7,13,0,20,0,8,28,4,40,24,0,24,64
03/07/2023,HKS,MS,ASO,ES,Federal Contract Tower,0,0,7,5,12,0,10,17,16,43,0,10,24,21,55,60,30,90,145
03/08/2023,HKS,MS,ASO,ES,Federal Contract Tower,0,1,6,0,7,0,0,4,0,4,0,1,10,0,11,0,6,6,17
03/09/2023,HKS,MS,ASO,ES,Federal Contract Tower,0,4,17,5,26,0,6,7,14,27,0,10,24,19,53,40,44,84,137
03/10/2023,HKS,MS,ASO,ES,Federal Contract Tower,0,2,12,0,14,0,1,0,0,1,0,3,12,0,15,10,0,10,25
03/11/2023,HKS,MS,ASO,ES,Federal Contract Tower,0,2,9,0,11,0,5,12,1,18,0,7,21,1,29,20,0,20,49
03/12/2023,HKS,MS,ASO,ES,Federal Contract Tower,0,0,7,0,7,0,0,1,0,1,0,0,8,0,8,0,0,0,8
03/13/2023,HKS,MS,ASO,ES,Federal Contract Tower,0,0,15,0,15,0,2,10,2,14,0,2,25,2,29,6,12,18,47
03/14/2023,HKS,MS,ASO,ES,Federal Contract Tower,0,1,14,4,19,0,2,11,11,24,0,3,25,15,43,6,28,34,77
03/15/2023,HKS,MS,ASO,ES,Federal Contract Tower,0,0,19,0,19,0,0,20,5,25,0,0,39,5,44,18,4,22,66
03/16/2023,HKS,MS,ASO,ES,Federal Contract Tower,0,0,4,0,4,0,3,15,4,22,0,3,19,4,26,2,16,18,44
03/18/2023,HKS,MS,ASO,ES,Federal Contract Tower,0,0,14,2,16,0,2,20,3,25,0,2,34,5,41,10,0,10,51
03/19/2023,HKS,MS,ASO,ES,Federal Contract Tower,0,0,2,0,2,0,2,13,0,15,0,2,15,0,17,20,0,20,37
03/20/2023,HKS,MS,ASO,ES,Federal Contract Tower,0,0,5,0,5,0,2,13,0,15,0,2,18,0,20,10,0,10,30
03/21/2023,HKS,MS,ASO,ES,Federal Contract Tower,0,2,2,0,4,0,3,20,13,36,0,5,22,13,40,14,28,42,82
03/22/2023,HKS,MS,ASO,ES,Federal Contract Tower,0,3,11,0,14,0,4,10,5,19,0,7,21,5,33,6,8,14,47
03/23/2023,HKS,MS,ASO,ES,Federal Contract Tower,0,4,14,0,18,0,6,12,6,24,0,10,26,6,42,70,8,78,120
03/24/2023,HKS,MS,ASO,ES,Federal Contract Tower,0,2,12,1,15,0,1,1,6,8,0,3,13,7,23,2,0,2,25
03/25/2023,HKS,MS,ASO,ES,Federal Contract Tower,0,0,14,0,14,0,3,19,2,24,0,3,33,2,38,28,0,28,66
03/26/2023,HKS,MS,ASO,ES,Federal Contract Tower,0,0,7,0,7,0,0,4,0,4,0,0,11,0,11,12,0,12,23
03/27/2023,HKS,MS,ASO,ES,Federal Contract Tower,0,2,4,0,6,0,2,21,4,27,0,4,25,4,33,36,8,44,77
03/28/2023,HKS,MS,ASO,ES,Federal Contract Tower,0,0,4,1,5,0,3,20,9,32,0,3,24,10,37,36,18,54,91
03/29/2023,HKS,MS,ASO,ES,Federal Contract Tower,0,1,27,1,29,0,1,14,1,16,0,2,41,2,45,52,0,52,97
03/30/2023,HKS,MS,ASO,ES,Federal Contract Tower,0,1,8,1,10,0,3,25,9,37,0,4,33,10,47,66,12,78,125
03/31/2023,HKS,MS,ASO,ES,Federal Contract Tower,0,3,10,0,13,0,7,4,1,12,0,10,14,1,25,4,2,6,31
04/01/2023,HKS,MS,ASO,ES,Federal Contract Tower,0,0,15,0,15,0,3,23,0,26,0,3,38,0,41,36,0,36,77
04/02/2023,HKS,MS,ASO,ES,Federal Contract Tower,0,1,21,0,22,0,0,21,0,21,0,1,42,0,43,96,0,96,139
04/03/2023,HKS,MS,ASO,ES,Federal Contract Tower,0,0,15,0,15,0,3,1,0,4,0,3,16,0,19,22,0,22,41
04/04/2023,HKS,MS,ASO,ES,Federal Contract Tower,0,0,15,3,18,0,8,5,7,20,0,8,20,10,38,8,16,24,62
04/05/2023,HKS,MS,ASO,ES,Federal Contract Tower,0,2,8,1,11,0,6,2,0,8,0,8,10,1,19,0,24,24,43
04/06/2023,HKS,MS,ASO,ES,Federal Contract Tower,0,0,9,0,9,0,0,1,0,1,0,0,10,0,10,2,0,2,12
04/07/2023,HKS,MS,ASO,ES,Federal Contract Tower,0,0,4,0,4,0,0,0,0,0,0,0,4,0,4,0,0,0,4
04/08/2023,HKS,MS,ASO,ES,Federal Contract Tower,0,0,2,0,2,0,0,0,0,0,0,0,2,0,2,0,0,0,2
04/09/2023,HKS,MS,ASO,ES,Federal Contract Tower,0,1,7,0,8,0,4,13,0,17,0,5,20,0,25,4,0,4,29
04/10/2023,HKS,MS,ASO,ES,Federal Contract Tower,0,0,14,0,14,0,2,13,1,16,0,2,27,1,30,32,12,44,74
04/11/2023,HKS,MS,ASO,ES,Federal Contract Tower,0,3,19,0,22,0,8,18,6,32,0,11,37,6,54,12,2,14,68
04/12/2023,HKS,MS,ASO,ES,Federal Contract Tower,0,2,10,0,12,0,4,11,3,18,0,6,21,3,30,48,0,48,78
04/13/2023,HKS,MS,ASO,ES,Federal Contract Tower,0,2,6,2,10,0,0,0,0,0,0,2,6,2,10,0,0,0,10
04/14/2023,HKS,MS,ASO,ES,Federal Contract Tower,0,2,11,0,13,0,1,8,4,13,0,3,19,4,26,10,0,10,36
04/15/2023,HKS,MS,ASO,ES,Federal Contract Tower,0,0,0,0,0,0,0,7,0,7,0,0,7,0,7,0,0,0,7
04/16/2023,HKS,MS,ASO,ES,Federal Contract Tower,0,0,10,1,11,0,2,14,9,25,0,2,24,10,36,10,4,14,50
04/17/2023,HKS,MS,ASO,ES,Federal Contract Tower,0,2,5,1,8,0,3,15,0,18,0,5,20,1,26,30,2,32,58
04/18/2023,HKS,MS,ASO,ES,Federal Contract Tower,0,3,10,0,13,0,4,16,0,20,0,7,26,0,33,44,0,44,77
04/19/2023,HKS,MS,ASO,ES,Federal Contract Tower,0,1,12,0,13,0,6,22,10,38,0,7,34,10,51,28,32,60,111
04/20/2023,HKS,MS,ASO,ES,Federal Contract Tower,0,2,9,0,11,0,1,21,5,27,0,3,30,5,38,6,0,6,44
04/21/2023,HKS,MS,ASO,ES,Federal Contract Tower,0,0,6,0,6,0,2,2,0,4,0,2,8,0,10,0,0,0,10
04/22/2023,HKS,MS,ASO,ES,Federal Contract Tower,0,0,4,0,4,0,0,21,1,22,0,0,25,1,26,60,0,60,86
04/23/2023,HKS,MS,ASO,ES,Federal Contract Tower,0,4,10,1,15,0,2,10,0,12,0,6,20,1,27,2,0,2,29
04/24/2023,HKS,MS,ASO,ES,Federal Contract Tower,0,0,12,0,12,0,1,13,4,18,0,1,25,4,30,24,0,24,54
04/25/2023,HKS,MS,ASO,ES,Federal Contract Tower,0,1,8,0,9,0,0,13,6,19,0,1,21,6,28,26,8,34,62
04/26/2023,HKS,MS,ASO,ES,Federal Contract Tower,0,2,8,0,10,0,1,4,5,10,0,3,12,5,20,8,0,8,28
04/27/2023,HKS,MS,ASO,ES,Federal Contract Tower,0,6,0,0,6,0,3,1,2,6,0,9,1,2,12,6,0,6,18
04/28/2023,HKS,MS,ASO,ES,Federal Contract Tower,0,0,8,0,8,0,2,15,0,17,0,2,23,0,25,14,0,14,39
04/29/2023,HKS,MS,ASO,ES,Federal Contract Tower,0,0,8,0,8,0,4,0,0,4,0,4,8,0,12,20,0,20,32
04/30/2023,HKS,MS,ASO,ES,Federal Contract Tower,0,2,5,0,7,0,2,12,0,14,0,4,17,0,21,4,0,4,25
05/01/2023,HKS,MS,ASO,ES,Federal Contract Tower,0,0,10,0,10,0,4,20,0,24,0,4,30,0,34,6,0,6,40
05/02/2023,HKS,MS,ASO,ES,Federal Contract Tower,0,2,8,0,10,0,4,15,1,20,0,6,23,1,30,46,0,46,76
05/03/2023,HKS,MS,ASO,ES,Federal Contract Tower,0,0,23,0,23,0,1,21,5,27,0,1,44,5,50,50,2,52,102
05/04/2023,HKS,MS,ASO,ES,Federal Contract Tower,0,0,19,2,21,0,1,22,6,29,0,1,41,8,50,58,14,72,122
05/05/2023,HKS,MS,ASO,ES,Federal Contract Tower,0,2,9,0,11,0,6,4,0,10,0,8,13,0,21,4,0,4,25
05/06/2023,HKS,MS,ASO,ES,Federal Contract Tower,0,0,13,0,13,0,0,1,0,1,0,0,14,0,14,2,0,2,16
05/07/2023,HKS,MS,ASO,ES,Federal Contract Tower,0,0,4,0,4,0,2,7,0,9,0,2,11,0,13,0,0,0,13
05/08/2023,HKS,MS,ASO,ES,Federal Contract Tower,0,2,8,0,10,0,4,3,3,10,0,6,11,3,20,6,16,22,42
05/09/2023,HKS,MS,ASO,ES,Federal Contract Tower,0,2,5,1,8,0,1,6,19,26,0,3,11,20,34,6,28,34,68
05/10/2023,HKS,MS,ASO,ES,Federal Contract Tower,0,0,4,6,10,0,1,2,1,4,0,1,6,7,14,4,2,6,20
05/11/2023,HKS,MS,ASO,ES,Federal Contract Tower,0,0,8,5,13,0,0,1,7,8,0,0,9,12,21,6,12,18,39
05/12/2023,HKS,MS,ASO,ES,Federal Contract Tower,0,0,5,2,7,0,0,8,2,10,0,0,13,4,17,28,2,30,47
05/13/2023,HKS,MS,ASO,ES,Federal Contract Tower,0,0,9,0,9,0,0,15,0,15,0,0,24,0,24,22,0,22,46
05/14/2023,HKS,MS,ASO,ES,Federal Contract Tower,0,0,6,0,6,0,2,16,0,18,0,2,22,0,24,4,0,4,28
05/15/2023,HKS,MS,ASO,ES,Federal Contract Tower,0,0,14,0,14,0,0,15,0,15,0,0,29,0,29,14,0,14,43
05/16/2023,HKS,MS,ASO,ES,Federal Contract Tower,0,0,12,2,14,0,4,12,8,24,0,4,24,10,38,6,14,20,58
05/17/2023,HKS,MS,ASO,ES,Federal Contract Tower,0,0,9,0,9,0,3,10,4,17,0,3,19,4,26,6,0,6,32
05/18/2023,HKS,MS,ASO,ES,Federal Contract Tower,0,2,15,0,17,0,4,17,1,22,0,6,32,1,39,15,0,15,54
05/19/2023,HKS,MS,ASO,ES,Federal Contract Tower,0,2,8,0,10,0,6,27,10,43,0,8,35,10,53,38,28,66,119
05/20/2023,HKS,MS,ASO,ES,Federal Contract Tower,0,0,6,0,6,0,1,11,7,19,0,1,17,7,25,16,0,16,41
05/21/2023,HKS,MS,ASO,ES,Federal Contract Tower,0,2,11,3,16,0,3,10,9,22,0,5,21,12,38,72,6,78,116
05/22/2023,HKS,MS,ASO,ES,Federal Contract Tower,0,0,8,4,12,0,4,18,2,24,0,4,26,6,36,8,2,10,46
05/23/2023,HKS,MS,ASO,ES,Federal Contract Tower,0,0,15,5,20,0,6,22,9,37,0,6,37,14,57,26,24,50,107
05/24/2023,HKS,MS,ASO,ES,Federal Contract Tower,0,0,15,6,21,0,2,4,4,10,0,2,19,10,31,0,0,0,31
05/25/2023,HKS,MS,ASO,ES,Federal Contract Tower,0,4,7,0,11,0,7,20,0,27,0,11,27,0,38,12,0,12,50
05/26/2023,HKS,MS,ASO,ES,Federal Contract Tower,0,2,16,0,18,0,7,20,0,27,0,9,36,0,45,22,0,22,67
05/27/2023,HKS,MS,ASO,ES,Federal Contract Tower,0,0,8,0,8,0,1,12,0,13,0,1,20,0,21,4,0,4,25
05/28/2023,HKS,MS,ASO,ES,Federal Contract Tower,0,0,9,0,9,0,3,18,0,21,0,3,27,0,30,0,0,0,30
05/29/2023,HKS,MS,ASO,ES,Federal Contract Tower,0,0,6,0,6,0,3,18,0,21,0,3,24,0,27,0,0,0,27
05/30/2023,HKS,MS,ASO,ES,Federal Contract Tower,0,1,11,1,13,0,3,27,10,40,0,4,38,11,53,70,18,88,141
05/31/2023,HKS,MS,ASO,ES,Federal Contract Tower,0,0,14,0,14,0,0,7,1,8,0,0,21,1,22,12,0,12,34
06/01/2023,HKS,MS,ASO,ES,Federal Contract Tower,0,0,12,0,12,0,4,19,12,35,0,4,31,12,47,10,10,20,67
06/02/2023,HKS,MS,ASO,ES,Federal Contract Tower,0,0,7,0,7,0,9,13,6,28,0,9,20,6,35,22,0,22,57
06/03/2023,HKS,MS,ASO,ES,Federal Contract Tower,0,0,8,0,8,0,8,20,2,30,0,8,28,2,38,12,0,12,50
06/04/2023,HKS,MS,ASO,ES,Federal Contract Tower,0,0,11,0,11,0,5,16,0,21,0,5,27,0,32,14,0,14,46
06/05/2023,HKS,MS,ASO,ES,Federal Contract Tower,0,0,10,2,12,0,4,5,7,16,0,4,15,9,28,4,0,4,32
06/06/2023,HKS,MS,ASO,ES,Federal Contract Tower,0,0,16,0,16,0,0,15,4,19,0,0,31,4,35,6,8,14,49
06/07/2023,HKS,MS,ASO,ES,Federal Contract Tower,0,0,14,0,14,0,0,13,4,17,0,0,27,4,31,10,0,10,41
06/08/2023,HKS,MS,ASO,ES,Federal Contract Tower,0,2,8,0,10,0,7,15,6,28,0,9,23,6,38,28,0,28,66
06/09/2023,HKS,MS,ASO,ES,Federal Contract Tower,0,13,1,0,14,0,5,19,3,27,0,18,20,3,41,26,0,26,67
06/10/2023,HKS,MS,ASO,ES,Federal Contract Tower,0,0,8,0,8,0,2,8,0,10,0,2,16,0,18,28,0,28,46
06/11/2023,HKS,MS,ASO,ES,Federal Contract Tower,0,0,8,0,8,0,10,10,1,21,0,10,18,1,29,6,0,6,35
06/12/2023,HKS,MS,ASO,ES,Federal Contract Tower,0,2,13,0,15,0,2,7,0,9,0,4,20,0,24,6,0,6,30
06/13/2023,HKS,MS,ASO,ES,Federal Contract Tower,0,0,2,0,2,0,2,6,9,17,0,2,8,9,19,2,56,58,77
06/15/2023,HKS,MS,ASO,ES,Federal Contract Tower,0,0,11,0,11,0,5,8,2,15,0,5,19,2,26,16,0,16,42
06/16/2023,HKS,MS,ASO,ES,Federal Contract Tower,0,0,12,0,12,0,2,7,2,11,0,2,19,2,23,10,0,10,33
06/17/2023,HKS,MS,ASO,ES,Federal Contract Tower,0,0,12,0,12,0,1,19,1,21,0,1,31,1,33,20,0,20,53
06/18/2023,HKS,MS,ASO,ES,Federal Contract Tower,0,0,0,0,0,0,0,0,0,0,0,0,0,0,0,0,0,0,0
06/19/2023,HKS,MS,ASO,ES,Federal Contract Tower,0,0,11,0,11,0,2,8,3,13,0,2,19,3,24,12,0,12,36
06/20/2023,HKS,MS,ASO,ES,Federal Contract Tower,0,0,10,2,12,0,4,16,10,30,0,4,26,12,42,24,14,38,80
06/21/2023,HKS,MS,ASO,ES,Federal Contract Tower,0,2,9,0,11,0,6,21,2,29,0,8,30,2,40,24,6,30,70
06/22/2023,HKS,MS,ASO,ES,Federal Contract Tower,0,0,20,0,20,0,0,17,5,22,0,0,37,5,42,60,6,66,108
06/23/2023,HKS,MS,ASO,ES,Federal Contract Tower,0,0,10,0,10,0,2,13,0,15,0,2,23,0,25,14,0,14,39
06/24/2023,HKS,MS,ASO,ES,Federal Contract Tower,0,0,0,0,0,0,1,27,2,30,0,1,27,2,30,10,0,10,40
06/25/2023,HKS,MS,ASO,ES,Federal Contract Tower,0,0,10,0,10,0,2,10,4,16,0,2,20,4,26,16,10,26,52
06/26/2023,HKS,MS,ASO,ES,Federal Contract Tower,0,2,5,0,7,0,3,7,0,10,0,5,12,0,17,2,0,2,19
06/27/2023,HKS,MS,ASO,ES,Federal Contract Tower,0,1,10,0,11,0,0,10,4,14,0,1,20,4,25,18,14,32,57
06/28/2023,HKS,MS,ASO,ES,Federal Contract Tower,0,4,14,0,18,0,6,11,2,19,0,10,25,2,37,0,0,0,37
06/29/2023,HKS,MS,ASO,ES,Federal Contract Tower,0,0,16,1,17,0,3,14,7,24,0,3,30,8,41,6,6,12,53
06/30/2023,HKS,MS,ASO,ES,Federal Contract Tower,0,0,7,2,9,0,0,14,0,14,0,0,21,2,23,0,0,0,23
07/01/2023,HKS,MS,ASO,ES,Federal Contract Tower,0,0,11,0,11,0,3,7,0,10,0,3,18,0,21,6,0,6,27
07/02/2023,HKS,MS,ASO,ES,Federal Contract Tower,0,0,5,0,5,0,8,4,0,12,0,8,9,0,17,0,0,0,17
07/03/2023,HKS,MS,ASO,ES,Federal Contract Tower,0,0,4,0,4,0,3,3,0,6,0,3,7,0,10,8,0,8,18
07/04/2023,HKS,MS,ASO,ES,Federal Contract Tower,0,1,3,0,4,0,3,5,0,8,0,4,8,0,12,2,0,2,14
07/05/2023,HKS,MS,ASO,ES,Federal Contract Tower,0,0,9,0,9,0,3,12,3,18,0,3,21,3,27,4,0,4,31
07/06/2023,HKS,MS,ASO,ES,Federal Contract Tower,0,0,4,1,5,0,1,3,11,15,0,1,7,12,20,14,6,20,40
07/07/2023,HKS,MS,ASO,ES,Federal Contract Tower,0,0,10,0,10,0,2,5,3,10,0,2,15,3,20,8,0,8,28
07/08/2023,HKS,MS,ASO,ES,Federal Contract Tower,0,0,4,0,4,0,1,14,1,16,0,1,18,1,20,30,0,30,50
07/09/2023,HKS,MS,ASO,ES,Federal Contract Tower,0,0,4,0,4,0,0,3,1,4,0,0,7,1,8,4,0,4,12
07/10/2023,HKS,MS,ASO,ES,Federal Contract Tower,0,0,15,0,15,0,1,8,0,9,0,1,23,0,24,16,0,16,40
07/11/2023,HKS,MS,ASO,ES,Federal Contract Tower,0,2,6,0,8,0,0,2,6,8,0,2,8,6,16,4,12,16,32
07/12/2023,HKS,MS,ASO,ES,Federal Contract Tower,0,2,6,0,8,0,1,9,1,11,0,3,15,1,19,4,0,4,23
07/13/2023,HKS,MS,ASO,ES,Federal Contract Tower,0,0,6,0,6,0,0,10,0,10,0,0,16,0,16,4,0,4,20
07/14/2023,HKS,MS,ASO,ES,Federal Contract Tower,0,0,9,0,9,0,1,15,10,26,0,1,24,10,35,28,0,28,63
07/15/2023,HKS,MS,ASO,ES,Federal Contract Tower,0,0,1,0,1,0,4,16,0,20,0,4,17,0,21,54,0,54,75
07/16/2023,HKS,MS,ASO,ES,Federal Contract Tower,0,2,7,0,9,0,3,11,0,14,0,5,18,0,23,24,0,24,47
07/17/2023,HKS,MS,ASO,ES,Federal Contract Tower,0,0,17,1,18,0,1,7,0,8,0,1,24,1,26,18,0,18,44
07/18/2023,HKS,MS,ASO,ES,Federal Contract Tower,0,0,12,2,14,0,0,13,3,16,0,0,25,5,30,20,12,32,62
07/19/2023,HKS,MS,ASO,ES,Federal Contract Tower,0,4,3,0,7,0,8,1,2,11,0,12,4,2,18,42,0,42,60
07/20/2023,HKS,MS,ASO,ES,Federal Contract Tower,0,0,11,1,12,0,2,16,2,20,0,2,27,3,32,20,8,28,60
07/21/2023,HKS,MS,ASO,ES,Federal Contract Tower,0,0,9,0,9,0,0,0,0,0,0,0,9,0,9,12,0,12,21
07/22/2023,HKS,MS,ASO,ES,Federal Contract Tower,0,0,10,0,10,0,0,5,0,5,0,0,15,0,15,6,0,6,21
07/23/2023,HKS,MS,ASO,ES,Federal Contract Tower,0,0,6,0,6,0,2,9,0,11,0,2,15,0,17,8,0,8,25
07/24/2023,HKS,MS,ASO,ES,Federal Contract Tower,0,0,9,0,9,0,0,13,0,13,0,0,22,0,22,42,0,42,64
07/25/2023,HKS,MS,ASO,ES,Federal Contract Tower,0,2,9,0,11,0,8,17,9,34,0,10,26,9,45,2,18,20,65
07/26/2023,HKS,MS,ASO,ES,Federal Contract Tower,0,2,11,0,13,0,0,6,0,6,0,2,17,0,19,12,0,12,31
07/27/2023,HKS,MS,ASO,ES,Federal Contract Tower,0,1,19,1,21,0,3,15,1,19,0,4,34,2,40,30,6,36,76
07/28/2023,HKS,MS,ASO,ES,Federal Contract Tower,0,0,3,1,4,0,3,9,0,12,0,3,12,1,16,0,4,4,20
07/29/2023,HKS,MS,ASO,ES,Federal Contract Tower,0,0,6,0,6,0,2,5,0,7,0,2,11,0,13,8,0,8,21
07/30/2023,HKS,MS,ASO,ES,Federal Contract Tower,0,0,10,0,10,0,1,8,0,9,0,1,18,0,19,0,0,0,19
07/31/2023,HKS,MS,ASO,ES,Federal Contract Tower,0,0,14,0,14,0,4,15,3,22,0,4,29,3,36,28,8,36,72
08/01/2023,HKS,MS,ASO,ES,Federal Contract Tower,0,0,6,0,6,0,8,11,7,26,0,8,17,7,32,4,6,10,42
08/02/2023,HKS,MS,ASO,ES,Federal Contract Tower,0,0,10,0,10,0,6,11,4,21,0,6,21,4,31,12,0,12,43
08/03/2023,HKS,MS,ASO,ES,Federal Contract Tower,0,0,17,1,18,0,6,12,2,20,0,6,29,3,38,38,0,38,76
08/04/2023,HKS,MS,ASO,ES,Federal Contract Tower,0,0,10,1,11,0,7,15,4,26,0,7,25,5,37,2,0,2,39
08/05/2023,HKS,MS,ASO,ES,Federal Contract Tower,0,0,5,0,5,0,2,21,3,26,0,2,26,3,31,12,0,12,43
08/06/2023,HKS,MS,ASO,ES,Federal Contract Tower,0,0,7,0,7,0,3,7,3,13,0,3,14,3,20,16,0,16,36
08/07/2023,HKS,MS,ASO,ES,Federal Contract Tower,0,1,8,0,9,0,0,6,0,6,0,1,14,0,15,16,0,16,31
08/08/2023,HKS,MS,ASO,ES,Federal Contract Tower,0,0,10,1,11,0,2,11,5,18,0,2,21,6,29,16,18,34,63
08/09/2023,HKS,MS,ASO,ES,Federal Contract Tower,0,0,16,0,16,0,6,4,2,12,0,6,20,2,28,4,14,18,46
08/10/2023,HKS,MS,ASO,ES,Federal Contract Tower,0,2,15,0,17,0,4,8,6,18,0,6,23,6,35,26,12,38,73
08/11/2023,HKS,MS,ASO,ES,Federal Contract Tower,0,4,9,0,13,0,7,17,3,27,0,11,26,3,40,8,0,8,48
08/12/2023,HKS,MS,ASO,ES,Federal Contract Tower,0,0,13,0,13,0,8,12,0,20,0,8,25,0,33,36,0,36,69
08/13/2023,HKS,MS,ASO,ES,Federal Contract Tower,0,0,9,0,9,0,7,17,0,24,0,7,26,0,33,14,0,14,47
08/14/2023,HKS,MS,ASO,ES,Federal Contract Tower,0,0,11,0,11,0,2,13,3,18,0,2,24,3,29,30,6,36,65
08/15/2023,HKS,MS,ASO,ES,Federal Contract Tower,0,0,8,1,9,0,3,16,7,26,0,3,24,8,35,4,18,22,57
08/16/2023,HKS,MS,ASO,ES,Federal Contract Tower,0,0,12,0,12,0,8,21,8,37,0,8,33,8,49,32,0,32,81
08/17/2023,HKS,MS,ASO,ES,Federal Contract Tower,0,0,10,0,10,0,2,16,4,22,0,2,26,4,32,36,0,36,68
08/18/2023,HKS,MS,ASO,ES,Federal Contract Tower,0,0,13,0,13,0,0,25,15,40,0,0,38,15,53,40,36,76,129
08/19/2023,HKS,MS,ASO,ES,Federal Contract Tower,0,0,4,0,4,0,0,19,7,26,0,0,23,7,30,40,10,50,80
08/20/2023,HKS,MS,ASO,ES,Federal Contract Tower,0,0,8,0,8,0,1,18,0,19,0,1,26,0,27,32,0,32,59
08/21/2023,HKS,MS,ASO,ES,Federal Contract Tower,0,0,0,0,0,0,4,15,2,21,0,4,15,2,21,24,0,24,45
08/22/2023,HKS,MS,ASO,ES,Federal Contract Tower,0,0,7,0,7,0,4,8,3,15,0,4,15,3,22,0,6,6,28
08/23/2023,HKS,MS,ASO,ES,Federal Contract Tower,0,0,8,0,8,0,5,11,13,29,0,5,19,13,37,20,10,30,67
08/24/2023,HKS,MS,ASO,ES,Federal Contract Tower,0,0,4,1,5,0,2,3,5,10,0,2,7,6,15,0,28,28,43
08/25/2023,HKS,MS,ASO,ES,Federal Contract Tower,0,2,10,1,13,0,2,8,6,16,0,4,18,7,29,8,14,22,51
08/26/2023,HKS,MS,ASO,ES,Federal Contract Tower,0,1,12,4,17,0,5,15,0,20,0,6,27,4,37,26,0,26,63
08/27/2023,HKS,MS,ASO,ES,Federal Contract Tower,0,0,8,0,8,0,6,12,0,18,0,6,20,0,26,2,0,2,28
08/28/2023,HKS,MS,ASO,ES,Federal Contract Tower,0,2,5,0,7,0,7,10,2,19,0,9,15,2,26,2,6,8,34
08/29/2023,HKS,MS,ASO,ES,Federal Contract Tower,0,0,9,3,12,0,0,9,8,17,0,0,18,11,29,2,8,10,39
08/30/2023,HKS,MS,ASO,ES,Federal Contract Tower,0,0,11,2,13,0,6,12,0,18,0,6,23,2,31,14,0,14,45
08/31/2023,HKS,MS,ASO,ES,Federal Contract Tower,0,3,13,1,17,0,8,19,2,29,0,11,32,3,46,30,0,30,76
