01/01/2000,HLG,WV,AEA,CE,Federal Contract Tower,0,0,1,0,1,0,0,48,0,48,0,0,49,0,49,114,0,114,163
01/02/2000,HLG,WV,AEA,CE,Federal Contract Tower,0,0,0,0,0,0,0,15,0,15,0,0,15,0,15,30,0,30,45
01/03/2000,HLG,WV,AEA,CE,Federal Contract Tower,0,1,3,0,4,0,2,41,0,43,0,3,44,0,47,128,0,128,175
01/04/2000,HLG,WV,AEA,CE,Federal Contract Tower,0,0,1,0,1,0,0,0,2,2,0,0,1,2,3,0,0,0,3
01/05/2000,HLG,WV,AEA,CE,Federal Contract Tower,0,0,2,0,2,0,0,31,0,31,0,0,33,0,33,12,0,12,45
01/06/2000,HLG,WV,AEA,CE,Federal Contract Tower,0,0,6,3,9,0,0,31,30,61,0,0,37,33,70,40,0,40,110
01/07/2000,HLG,WV,AEA,CE,Federal Contract Tower,0,0,4,0,4,0,1,8,19,28,0,1,12,19,32,38,80,118,150
01/08/2000,HLG,WV,AEA,CE,Federal Contract Tower,0,0,6,2,8,0,0,58,30,88,0,0,64,32,96,63,36,99,195
01/09/2000,HLG,WV,AEA,CE,Federal Contract Tower,0,0,3,0,3,0,0,36,11,47,0,0,39,11,50,20,36,56,106
01/10/2000,HLG,WV,AEA,CE,Federal Contract Tower,0,0,3,0,3,0,0,4,2,6,0,0,7,2,9,4,0,4,13
01/11/2000,HLG,WV,AEA,CE,Federal Contract Tower,0,0,3,0,3,0,0,0,5,5,0,0,3,5,8,4,4,8,16
01/12/2000,HLG,WV,AEA,CE,Federal Contract Tower,0,0,6,2,8,0,0,47,0,47,0,0,53,2,55,50,8,58,113
01/13/2000,HLG,WV,AEA,CE,Federal Contract Tower,0,0,6,0,6,0,1,3,0,4,0,1,9,0,10,0,0,0,10
01/14/2000,HLG,WV,AEA,CE,Federal Contract Tower,0,0,2,0,2,0,0,21,0,21,0,0,23,0,23,71,0,71,94
01/15/2000,HLG,WV,AEA,CE,Federal Contract Tower,0,0,5,0,5,0,0,47,0,47,0,0,52,0,52,107,0,107,159
01/16/2000,HLG,WV,AEA,CE,Federal Contract Tower,0,0,0,0,0,0,0,6,0,6,0,0,6,0,6,10,0,10,16
01/17/2000,HLG,WV,AEA,CE,Federal Contract Tower,0,0,6,0,6,0,0,68,0,68,0,0,74,0,74,160,0,160,234
01/18/2000,HLG,WV,AEA,CE,Federal Contract Tower,0,0,9,3,12,0,0,20,5,25,0,0,29,8,37,18,26,44,81
01/19/2000,HLG,WV,AEA,CE,Federal Contract Tower,0,0,1,0,1,0,0,55,3,58,0,0,56,3,59,36,0,36,95
01/20/2000,HLG,WV,AEA,CE,Federal Contract Tower,0,0,2,0,2,0,0,6,0,6,0,0,8,0,8,0,0,0,8
01/21/2000,HLG,WV,AEA,CE,Federal Contract Tower,0,0,10,2,12,0,2,12,2,16,0,2,22,4,28,82,38,120,148
01/22/2000,HLG,WV,AEA,CE,Federal Contract Tower,0,0,0,0,0,0,0,20,16,36,0,0,20,16,36,37,114,151,187
01/23/2000,HLG,WV,AEA,CE,Federal Contract Tower,0,0,0,0,0,0,0,6,4,10,0,0,6,4,10,10,154,164,174
01/24/2000,HLG,WV,AEA,CE,Federal Contract Tower,0,0,5,0,5,0,0,12,0,12,0,0,17,0,17,0,0,0,17
01/25/2000,HLG,WV,AEA,CE,Federal Contract Tower,0,0,8,2,10,0,0,18,6,24,0,0,26,8,34,40,34,74,108
01/26/2000,HLG,WV,AEA,CE,Federal Contract Tower,0,0,6,1,7,0,0,12,3,15,0,0,18,4,22,4,42,46,68
01/27/2000,HLG,WV,AEA,CE,Federal Contract Tower,0,0,8,3,11,0,0,31,28,59,0,0,39,31,70,26,50,76,146
01/28/2000,HLG,WV,AEA,CE,Federal Contract Tower,0,0,7,2,9,0,2,22,10,34,0,2,29,12,43,42,166,208,251
01/29/2000,HLG,WV,AEA,CE,Federal Contract Tower,0,0,4,0,4,0,0,27,4,31,0,0,31,4,35,6,0,6,41
01/30/2000,HLG,WV,AEA,CE,Federal Contract Tower,0,0,0,0,0,0,0,0,0,0,0,0,0,0,0,2,0,2,2
01/31/2000,HLG,WV,AEA,CE,Federal Contract Tower,0,0,6,1,7,0,0,4,16,20,0,0,10,17,27,0,86,86,113
02/01/2000,HLG,WV,AEA,CE,Federal Contract Tower,0,0,2,0,2,0,0,2,0,2,0,0,4,0,4,0,0,0,4
02/02/2000,HLG,WV,AEA,CE,Federal Contract Tower,0,0,5,1,6,0,0,51,5,56,0,0,56,6,62,10,14,24,86
02/03/2000,HLG,WV,AEA,CE,Federal Contract Tower,0,0,2,0,2,0,2,0,0,2,0,2,2,0,4,0,0,0,4
02/04/2000,HLG,WV,AEA,CE,Federal Contract Tower,0,0,0,0,0,0,2,0,18,20,0,2,0,18,20,0,90,90,110
02/05/2000,HLG,WV,AEA,CE,Federal Contract Tower,0,0,3,0,3,0,0,22,21,43,0,0,25,21,46,12,175,187,233
02/06/2000,HLG,WV,AEA,CE,Federal Contract Tower,0,0,4,0,4,0,0,39,19,58,0,0,43,19,62,86,144,230,292
02/07/2000,HLG,WV,AEA,CE,Federal Contract Tower,0,0,5,0,5,0,0,31,0,31,0,0,36,0,36,12,0,12,48
02/08/2000,HLG,WV,AEA,CE,Federal Contract Tower,0,1,6,0,7,0,0,76,20,96,0,1,82,20,103,54,24,78,181
02/09/2000,HLG,WV,AEA,CE,Federal Contract Tower,0,0,4,0,4,0,0,43,7,50,0,0,47,7,54,2,0,2,56
02/10/2000,HLG,WV,AEA,CE,Federal Contract Tower,0,0,3,0,3,0,0,13,12,25,0,0,16,12,28,84,0,84,112
02/11/2000,HLG,WV,AEA,CE,Federal Contract Tower,0,0,4,0,4,0,0,0,0,0,0,0,4,0,4,54,0,54,58
02/12/2000,HLG,WV,AEA,CE,Federal Contract Tower,0,0,5,0,5,0,0,50,0,50,0,0,55,0,55,139,0,139,194
02/13/2000,HLG,WV,AEA,CE,Federal Contract Tower,0,0,6,0,6,0,0,7,1,8,0,0,13,1,14,0,0,0,14
02/14/2000,HLG,WV,AEA,CE,Federal Contract Tower,0,0,0,0,0,0,0,0,0,0,0,0,0,0,0,0,0,0,0
02/15/2000,HLG,WV,AEA,CE,Federal Contract Tower,0,1,5,0,6,0,1,16,2,19,0,2,21,2,25,16,0,16,41
02/16/2000,HLG,WV,AEA,CE,Federal Contract Tower,0,0,6,0,6,0,0,19,2,21,0,0,25,2,27,4,4,8,35
02/17/2000,HLG,WV,AEA,CE,Federal Contract Tower,0,1,4,0,5,0,7,57,2,66,0,8,61,2,71,80,0,80,151
02/18/2000,HLG,WV,AEA,CE,Federal Contract Tower,0,0,2,0,2,0,2,0,0,2,0,2,2,0,4,0,0,0,4
02/19/2000,HLG,WV,AEA,CE,Federal Contract Tower,0,0,5,0,5,0,0,11,5,16,0,0,16,5,21,96,8,104,125
02/20/2000,HLG,WV,AEA,CE,Federal Contract Tower,0,0,2,0,2,0,0,10,5,15,0,0,12,5,17,61,0,61,78
02/21/2000,HLG,WV,AEA,CE,Federal Contract Tower,0,0,5,0,5,0,0,62,1,63,0,0,67,1,68,96,0,96,164
02/22/2000,HLG,WV,AEA,CE,Federal Contract Tower,0,2,5,0,7,0,1,37,12,50,0,3,42,12,57,50,4,54,111
02/23/2000,HLG,WV,AEA,CE,Federal Contract Tower,0,0,4,0,4,0,0,52,0,52,0,0,56,0,56,69,0,69,125
02/24/2000,HLG,WV,AEA,CE,Federal Contract Tower,0,1,4,6,11,0,0,58,8,66,0,1,62,14,77,35,10,45,122
02/25/2000,HLG,WV,AEA,CE,Federal Contract Tower,0,4,7,6,17,0,3,34,27,64,0,7,41,33,81,122,98,220,301
02/26/2000,HLG,WV,AEA,CE,Federal Contract Tower,0,0,4,0,4,0,0,31,22,53,0,0,35,22,57,84,60,144,201
02/27/2000,HLG,WV,AEA,CE,Federal Contract Tower,0,0,0,0,0,0,0,4,7,11,0,0,4,7,11,12,88,100,111
02/28/2000,HLG,WV,AEA,CE,Federal Contract Tower,0,0,2,0,2,0,4,63,4,71,0,4,65,4,73,44,0,44,117
02/29/2000,HLG,WV,AEA,CE,Federal Contract Tower,0,0,5,0,5,0,0,65,2,67,0,0,70,2,72,44,0,44,116
03/01/2000,HLG,WV,AEA,CE,Federal Contract Tower,0,0,8,1,9,0,2,32,5,39,0,2,40,6,48,4,10,14,62
03/02/2000,HLG,WV,AEA,CE,Federal Contract Tower,0,0,4,0,4,0,1,18,0,19,0,1,22,0,23,16,0,16,39
03/03/2000,HLG,WV,AEA,CE,Federal Contract Tower,0,0,8,1,9,0,1,32,4,37,0,1,40,5,46,104,0,104,150
03/04/2000,HLG,WV,AEA,CE,Federal Contract Tower,0,0,2,0,2,0,4,75,0,79,0,4,77,0,81,104,0,104,185
03/05/2000,HLG,WV,AEA,CE,Federal Contract Tower,0,0,4,1,5,0,0,84,5,89,0,0,88,6,94,90,0,90,184
03/06/2000,HLG,WV,AEA,CE,Federal Contract Tower,0,0,5,0,5,0,0,59,0,59,0,0,64,0,64,98,0,98,162
03/07/2000,HLG,WV,AEA,CE,Federal Contract Tower,0,0,2,1,3,0,0,60,1,61,0,0,62,2,64,43,0,43,107
03/08/2000,HLG,WV,AEA,CE,Federal Contract Tower,0,0,7,1,8,0,0,54,17,71,0,0,61,18,79,96,50,146,225
03/09/2000,HLG,WV,AEA,CE,Federal Contract Tower,0,0,4,1,5,0,2,1,21,24,0,2,5,22,29,8,121,129,158
03/10/2000,HLG,WV,AEA,CE,Federal Contract Tower,0,0,5,0,5,0,4,22,9,35,0,4,27,9,40,134,86,220,260
03/11/2000,HLG,WV,AEA,CE,Federal Contract Tower,0,0,0,0,0,0,0,2,0,2,0,0,2,0,2,0,160,160,162
03/12/2000,HLG,WV,AEA,CE,Federal Contract Tower,0,0,4,0,4,0,0,8,0,8,0,0,12,0,12,20,78,98,110
03/13/2000,HLG,WV,AEA,CE,Federal Contract Tower,0,0,8,0,8,0,0,22,5,27,0,0,30,5,35,24,10,34,69
03/14/2000,HLG,WV,AEA,CE,Federal Contract Tower,0,0,5,0,5,0,0,16,18,34,0,0,21,18,39,46,82,128,167
03/15/2000,HLG,WV,AEA,CE,Federal Contract Tower,0,0,10,0,10,0,0,60,7,67,0,0,70,7,77,32,60,92,169
03/16/2000,HLG,WV,AEA,CE,Federal Contract Tower,0,0,9,0,9,0,0,13,3,16,0,0,22,3,25,2,66,68,93
03/17/2000,HLG,WV,AEA,CE,Federal Contract Tower,0,0,8,0,8,0,4,12,19,35,0,4,20,19,43,72,68,140,183
03/18/2000,HLG,WV,AEA,CE,Federal Contract Tower,0,0,3,0,3,0,0,60,47,107,0,0,63,47,110,86,171,257,367
03/19/2000,HLG,WV,AEA,CE,Federal Contract Tower,0,0,1,0,1,0,0,24,26,50,0,0,25,26,51,151,180,331,382
03/20/2000,HLG,WV,AEA,CE,Federal Contract Tower,0,0,3,0,3,0,0,0,0,0,0,0,3,0,3,0,0,0,3
03/21/2000,HLG,WV,AEA,CE,Federal Contract Tower,0,0,3,2,5,0,0,26,0,26,0,0,29,2,31,14,52,66,97
03/22/2000,HLG,WV,AEA,CE,Federal Contract Tower,0,0,7,0,7,0,0,59,3,62,0,0,66,3,69,54,0,54,123
03/23/2000,HLG,WV,AEA,CE,Federal Contract Tower,0,0,15,0,15,0,6,30,17,53,0,6,45,17,68,64,0,64,132
03/24/2000,HLG,WV,AEA,CE,Federal Contract Tower,0,0,9,0,9,0,0,73,16,89,0,0,82,16,98,42,8,50,148
03/25/2000,HLG,WV,AEA,CE,Federal Contract Tower,0,0,2,0,2,0,0,25,0,25,0,0,27,0,27,59,0,59,86
03/26/2000,HLG,WV,AEA,CE,Federal Contract Tower,0,0,3,0,3,0,0,39,0,39,0,0,42,0,42,66,0,66,108
03/27/2000,HLG,WV,AEA,CE,Federal Contract Tower,0,0,13,0,13,0,0,29,3,32,0,0,42,3,45,32,0,32,77
03/28/2000,HLG,WV,AEA,CE,Federal Contract Tower,0,0,12,0,12,0,6,5,0,11,0,6,17,0,23,24,0,24,47
03/29/2000,HLG,WV,AEA,CE,Federal Contract Tower,0,0,4,0,4,0,0,51,4,55,0,0,55,4,59,24,4,28,87
03/30/2000,HLG,WV,AEA,CE,Federal Contract Tower,0,0,13,0,13,0,0,41,11,52,0,0,54,11,65,32,20,52,117
03/31/2000,HLG,WV,AEA,CE,Federal Contract Tower,0,0,0,0,0,0,0,54,8,62,0,0,54,8,62,22,30,52,114
04/01/2000,HLG,WV,AEA,CE,Federal Contract Tower,0,0,9,2,11,0,0,74,18,92,0,0,83,20,103,84,0,84,187
04/02/2000,HLG,WV,AEA,CE,Federal Contract Tower,0,0,2,0,2,0,0,6,0,6,0,0,8,0,8,8,0,8,16
04/03/2000,HLG,WV,AEA,CE,Federal Contract Tower,0,0,4,1,5,0,0,29,6,35,0,0,33,7,40,12,0,12,52
04/04/2000,HLG,WV,AEA,CE,Federal Contract Tower,0,0,8,0,8,0,0,7,0,7,0,0,15,0,15,0,0,0,15
04/05/2000,HLG,WV,AEA,CE,Federal Contract Tower,0,0,8,1,9,0,0,52,4,56,0,0,60,5,65,32,0,32,97
04/06/2000,HLG,WV,AEA,CE,Federal Contract Tower,0,0,4,1,5,0,4,19,12,35,0,4,23,13,40,0,0,0,40
04/07/2000,HLG,WV,AEA,CE,Federal Contract Tower,0,0,8,1,9,0,2,21,30,53,0,2,29,31,62,10,63,73,135
04/08/2000,HLG,WV,AEA,CE,Federal Contract Tower,0,0,0,0,0,0,0,2,0,2,0,0,2,0,2,0,76,76,78
04/09/2000,HLG,WV,AEA,CE,Federal Contract Tower,0,0,5,1,6,0,0,13,8,21,0,0,18,9,27,0,8,8,35
04/10/2000,HLG,WV,AEA,CE,Federal Contract Tower,0,0,8,1,9,0,1,55,5,61,0,1,63,6,70,18,58,76,146
04/11/2000,HLG,WV,AEA,CE,Federal Contract Tower,0,3,4,3,10,0,0,5,0,5,0,3,9,3,15,0,8,8,23
04/12/2000,HLG,WV,AEA,CE,Federal Contract Tower,0,0,8,1,9,0,0,45,2,47,0,0,53,3,56,16,48,64,120
04/13/2000,HLG,WV,AEA,CE,Federal Contract Tower,0,0,8,0,8,0,2,56,6,64,0,2,64,6,72,58,34,92,164
04/14/2000,HLG,WV,AEA,CE,Federal Contract Tower,0,4,15,1,20,0,0,59,0,59,0,4,74,1,79,48,0,48,127
04/15/2000,HLG,WV,AEA,CE,Federal Contract Tower,0,0,7,1,8,0,0,80,13,93,0,0,87,14,101,48,0,48,149
04/16/2000,HLG,WV,AEA,CE,Federal Contract Tower,0,0,3,0,3,0,2,50,8,60,0,2,53,8,63,72,8,80,143
04/17/2000,HLG,WV,AEA,CE,Federal Contract Tower,0,0,5,0,5,0,0,1,0,1,0,0,6,0,6,0,0,0,6
04/18/2000,HLG,WV,AEA,CE,Federal Contract Tower,0,3,9,1,13,0,5,31,11,47,0,8,40,12,60,34,0,34,94
04/19/2000,HLG,WV,AEA,CE,Federal Contract Tower,0,0,6,1,7,0,0,36,5,41,0,0,42,6,48,24,0,24,72
04/20/2000,HLG,WV,AEA,CE,Federal Contract Tower,0,0,5,0,5,0,1,19,13,33,0,1,24,13,38,12,48,60,98
04/21/2000,HLG,WV,AEA,CE,Federal Contract Tower,0,0,6,0,6,0,4,1,0,5,0,4,7,0,11,44,0,44,55
04/22/2000,HLG,WV,AEA,CE,Federal Contract Tower,0,0,6,0,6,0,0,21,0,21,0,0,27,0,27,72,0,72,99
04/23/2000,HLG,WV,AEA,CE,Federal Contract Tower,0,0,6,0,6,0,0,30,0,30,0,0,36,0,36,0,0,0,36
04/24/2000,HLG,WV,AEA,CE,Federal Contract Tower,0,2,9,2,13,0,1,35,8,44,0,3,44,10,57,8,2,10,67
04/25/2000,HLG,WV,AEA,CE,Federal Contract Tower,0,0,6,0,6,0,2,38,12,52,0,2,44,12,58,20,12,32,90
04/26/2000,HLG,WV,AEA,CE,Federal Contract Tower,0,0,6,2,8,0,0,67,4,71,0,0,73,6,79,42,38,80,159
04/27/2000,HLG,WV,AEA,CE,Federal Contract Tower,0,0,8,0,8,0,3,54,8,65,0,3,62,8,73,125,35,160,233
04/28/2000,HLG,WV,AEA,CE,Federal Contract Tower,0,2,10,3,15,0,0,45,19,64,0,2,55,22,79,58,118,176,255
04/29/2000,HLG,WV,AEA,CE,Federal Contract Tower,0,0,3,0,3,0,0,61,23,84,0,0,64,23,87,40,40,80,167
04/30/2000,HLG,WV,AEA,CE,Federal Contract Tower,0,0,3,0,3,0,0,38,9,47,0,0,41,9,50,32,116,148,198
05/01/2000,HLG,WV,AEA,CE,Federal Contract Tower,0,0,8,0,8,0,0,45,4,49,0,0,53,4,57,18,4,22,79
05/02/2000,HLG,WV,AEA,CE,Federal Contract Tower,0,0,4,0,4,0,0,24,1,25,0,0,28,1,29,38,0,38,67
05/03/2000,HLG,WV,AEA,CE,Federal Contract Tower,0,0,8,0,8,0,0,60,2,62,0,0,68,2,70,44,26,70,140
05/04/2000,HLG,WV,AEA,CE,Federal Contract Tower,0,3,9,1,13,0,1,47,1,49,0,4,56,2,62,105,0,105,167
05/05/2000,HLG,WV,AEA,CE,Federal Contract Tower,0,2,11,1,14,0,0,48,5,53,0,2,59,6,67,106,0,106,173
05/06/2000,HLG,WV,AEA,CE,Federal Contract Tower,0,0,5,1,6,0,4,49,7,60,0,4,54,8,66,118,16,134,200
05/07/2000,HLG,WV,AEA,CE,Federal Contract Tower,0,0,0,0,0,0,0,29,2,31,0,0,29,2,31,68,0,68,99
05/08/2000,HLG,WV,AEA,CE,Federal Contract Tower,0,0,6,0,6,0,5,17,0,22,0,5,23,0,28,58,0,58,86
05/09/2000,HLG,WV,AEA,CE,Federal Contract Tower,0,0,7,1,8,0,0,26,22,48,0,0,33,23,56,50,2,52,108
05/10/2000,HLG,WV,AEA,CE,Federal Contract Tower,0,0,11,1,12,0,0,42,3,45,0,0,53,4,57,14,22,36,93
05/11/2000,HLG,WV,AEA,CE,Federal Contract Tower,0,2,11,5,18,0,0,81,1,82,0,2,92,6,100,94,16,110,210
05/12/2000,HLG,WV,AEA,CE,Federal Contract Tower,0,0,10,0,10,0,0,52,8,60,0,0,62,8,70,66,18,84,154
05/13/2000,HLG,WV,AEA,CE,Federal Contract Tower,0,0,4,0,4,0,3,31,20,54,0,3,35,20,58,24,0,24,82
05/14/2000,HLG,WV,AEA,CE,Federal Contract Tower,0,0,1,0,1,0,4,51,0,55,0,4,52,0,56,36,0,36,92
05/15/2000,HLG,WV,AEA,CE,Federal Contract Tower,0,0,9,0,9,0,0,74,2,76,0,0,83,2,85,40,0,40,125
05/16/2000,HLG,WV,AEA,CE,Federal Contract Tower,0,0,7,0,7,0,0,53,7,60,0,0,60,7,67,80,0,80,147
05/17/2000,HLG,WV,AEA,CE,Federal Contract Tower,0,0,9,0,9,0,1,79,1,81,0,1,88,1,90,62,0,62,152
05/18/2000,HLG,WV,AEA,CE,Federal Contract Tower,0,0,10,0,10,0,4,26,0,30,0,4,36,0,40,22,0,22,62
05/19/2000,HLG,WV,AEA,CE,Federal Contract Tower,0,0,9,0,9,0,4,11,0,15,0,4,20,0,24,12,0,12,36
05/20/2000,HLG,WV,AEA,CE,Federal Contract Tower,0,2,11,0,13,0,2,2,9,13,0,4,13,9,26,38,12,50,76
05/21/2000,HLG,WV,AEA,CE,Federal Contract Tower,0,0,6,0,6,0,1,47,2,50,0,1,53,2,56,84,0,84,140
05/22/2000,HLG,WV,AEA,CE,Federal Contract Tower,0,0,6,0,6,0,0,23,0,23,0,0,29,0,29,20,0,20,49
05/23/2000,HLG,WV,AEA,CE,Federal Contract Tower,0,0,12,0,12,0,0,23,0,23,0,0,35,0,35,12,0,12,47
05/24/2000,HLG,WV,AEA,CE,Federal Contract Tower,0,2,12,0,14,0,3,49,2,54,0,5,61,2,68,26,0,26,94
05/25/2000,HLG,WV,AEA,CE,Federal Contract Tower,0,2,11,0,13,0,3,34,3,40,0,5,45,3,53,70,0,70,123
05/26/2000,HLG,WV,AEA,CE,Federal Contract Tower,0,2,14,0,16,0,1,74,17,92,0,3,88,17,108,98,20,118,226
05/27/2000,HLG,WV,AEA,CE,Federal Contract Tower,0,0,3,0,3,0,0,12,0,12,0,0,15,0,15,58,0,58,73
05/28/2000,HLG,WV,AEA,CE,Federal Contract Tower,0,0,0,0,0,0,0,0,0,0,0,0,0,0,0,10,0,10,10
05/29/2000,HLG,WV,AEA,CE,Federal Contract Tower,0,0,8,0,8,0,0,43,6,49,0,0,51,6,57,22,0,22,79
05/30/2000,HLG,WV,AEA,CE,Federal Contract Tower,0,2,11,0,13,0,1,59,0,60,0,3,70,0,73,28,0,28,101
05/31/2000,HLG,WV,AEA,CE,Federal Contract Tower,0,0,0,0,0,0,0,73,2,75,0,0,73,2,75,72,0,72,147
06/01/2000,HLG,WV,AEA,CE,Federal Contract Tower,0,1,3,0,4,0,1,43,4,48,0,2,46,4,52,58,0,58,110
06/02/2000,HLG,WV,AEA,CE,Federal Contract Tower,0,0,7,7,14,0,0,49,0,49,0,0,56,7,63,22,0,22,85
06/03/2000,HLG,WV,AEA,CE,Federal Contract Tower,0,0,3,0,3,0,0,70,13,83,0,0,73,13,86,137,0,137,223
06/04/2000,HLG,WV,AEA,CE,Federal Contract Tower,0,0,7,0,7,0,0,67,5,72,0,0,74,5,79,111,0,111,190
06/05/2000,HLG,WV,AEA,CE,Federal Contract Tower,0,0,9,4,13,0,0,26,0,26,0,0,35,4,39,72,6,78,117
06/06/2000,HLG,WV,AEA,CE,Federal Contract Tower,0,0,13,0,13,0,0,1,5,6,0,0,14,5,19,8,14,22,41
06/07/2000,HLG,WV,AEA,CE,Federal Contract Tower,0,0,7,0,7,0,0,81,10,91,0,0,88,10,98,71,38,109,207
06/08/2000,HLG,WV,AEA,CE,Federal Contract Tower,0,0,15,0,15,0,0,50,22,72,0,0,65,22,87,62,56,118,205
06/09/2000,HLG,WV,AEA,CE,Federal Contract Tower,0,0,8,0,8,0,1,76,9,86,0,1,84,9,94,58,56,114,208
06/10/2000,HLG,WV,AEA,CE,Federal Contract Tower,0,0,9,0,9,0,0,71,0,71,0,0,80,0,80,165,0,165,245
06/11/2000,HLG,WV,AEA,CE,Federal Contract Tower,0,0,4,0,4,0,0,17,1,18,0,0,21,1,22,12,0,12,34
06/12/2000,HLG,WV,AEA,CE,Federal Contract Tower,0,0,3,0,3,0,0,3,0,3,0,0,6,0,6,22,0,22,28
06/13/2000,HLG,WV,AEA,CE,Federal Contract Tower,0,0,6,0,6,0,14,8,0,22,0,14,14,0,28,8,0,8,36
06/14/2000,HLG,WV,AEA,CE,Federal Contract Tower,0,0,13,0,13,0,0,72,5,77,0,0,85,5,90,64,18,82,172
06/15/2000,HLG,WV,AEA,CE,Federal Contract Tower,0,0,6,0,6,0,2,17,8,27,0,2,23,8,33,52,35,87,120
06/16/2000,HLG,WV,AEA,CE,Federal Contract Tower,0,0,9,0,9,0,1,22,2,25,0,1,31,2,34,8,10,18,52
06/17/2000,HLG,WV,AEA,CE,Federal Contract Tower,0,0,10,0,10,0,0,33,4,37,0,0,43,4,47,78,0,78,125
06/18/2000,HLG,WV,AEA,CE,Federal Contract Tower,0,0,4,0,4,0,3,0,0,3,0,3,4,0,7,0,0,0,7
06/19/2000,HLG,WV,AEA,CE,Federal Contract Tower,0,0,5,0,5,0,2,58,0,60,0,2,63,0,65,76,0,76,141
06/20/2000,HLG,WV,AEA,CE,Federal Contract Tower,0,0,3,0,3,0,0,75,10,85,0,0,78,10,88,36,2,38,126
06/21/2000,HLG,WV,AEA,CE,Federal Contract Tower,0,0,9,0,9,0,1,58,3,62,0,1,67,3,71,18,0,18,89
06/22/2000,HLG,WV,AEA,CE,Federal Contract Tower,0,0,15,0,15,0,0,27,2,29,0,0,42,2,44,0,0,0,44
06/23/2000,HLG,WV,AEA,CE,Federal Contract Tower,0,0,11,0,11,0,1,70,17,88,0,1,81,17,99,42,20,62,161
06/24/2000,HLG,WV,AEA,CE,Federal Contract Tower,0,0,10,0,10,0,0,73,8,81,0,0,83,8,91,149,0,149,240
06/25/2000,HLG,WV,AEA,CE,Federal Contract Tower,0,0,3,0,3,0,0,19,2,21,0,0,22,2,24,153,0,153,177
06/26/2000,HLG,WV,AEA,CE,Federal Contract Tower,0,0,8,0,8,0,0,20,0,20,0,0,28,0,28,26,0,26,54
06/27/2000,HLG,WV,AEA,CE,Federal Contract Tower,0,0,14,1,15,0,0,91,1,92,0,0,105,2,107,14,4,18,125
06/28/2000,HLG,WV,AEA,CE,Federal Contract Tower,0,0,10,0,10,0,0,76,2,78,0,0,86,2,88,61,0,61,149
06/29/2000,HLG,WV,AEA,CE,Federal Contract Tower,0,0,7,0,7,0,0,90,17,107,0,0,97,17,114,45,10,55,169
06/30/2000,HLG,WV,AEA,CE,Federal Contract Tower,0,0,5,0,5,0,7,95,8,110,0,7,100,8,115,276,10,286,401
07/01/2000,HLG,WV,AEA,CE,Federal Contract Tower,0,0,1,1,2,0,0,177,7,184,0,0,178,8,186,130,21,151,337
07/02/2000,HLG,WV,AEA,CE,Federal Contract Tower,0,0,0,1,1,0,0,211,3,214,0,0,211,4,215,164,0,164,379
07/03/2000,HLG,WV,AEA,CE,Federal Contract Tower,0,0,1,0,1,0,0,12,0,12,0,0,13,0,13,10,0,10,23
07/04/2000,HLG,WV,AEA,CE,Federal Contract Tower,0,0,8,0,8,0,0,292,2,294,0,0,300,2,302,56,0,56,358
07/05/2000,HLG,WV,AEA,CE,Federal Contract Tower,0,0,4,0,4,0,0,89,1,90,0,0,93,1,94,42,0,42,136
07/06/2000,HLG,WV,AEA,CE,Federal Contract Tower,0,0,5,0,5,0,3,64,19,86,0,3,69,19,91,72,0,72,163
07/07/2000,HLG,WV,AEA,CE,Federal Contract Tower,0,0,5,0,5,0,0,56,3,59,0,0,61,3,64,100,0,100,164
07/08/2000,HLG,WV,AEA,CE,Federal Contract Tower,0,0,6,0,6,0,0,55,0,55,0,0,61,0,61,18,0,18,79
07/09/2000,HLG,WV,AEA,CE,Federal Contract Tower,0,0,7,0,7,0,1,41,0,42,0,1,48,0,49,56,0,56,105
07/10/2000,HLG,WV,AEA,CE,Federal Contract Tower,0,0,6,0,6,0,1,29,0,30,0,1,35,0,36,38,0,38,74
07/11/2000,HLG,WV,AEA,CE,Federal Contract Tower,0,4,9,2,15,0,3,18,0,21,0,7,27,2,36,2,0,2,38
07/12/2000,HLG,WV,AEA,CE,Federal Contract Tower,0,0,11,0,11,0,0,57,4,61,0,0,68,4,72,76,12,88,160
07/13/2000,HLG,WV,AEA,CE,Federal Contract Tower,0,0,6,0,6,0,2,35,3,40,0,2,41,3,46,0,0,0,46
07/14/2000,HLG,WV,AEA,CE,Federal Contract Tower,0,4,10,6,20,0,3,13,2,18,0,7,23,8,38,0,12,12,50
07/15/2000,HLG,WV,AEA,CE,Federal Contract Tower,0,0,7,0,7,0,0,10,10,20,0,0,17,10,27,82,0,82,109
07/16/2000,HLG,WV,AEA,CE,Federal Contract Tower,0,0,4,0,4,0,0,15,3,18,0,0,19,3,22,36,12,48,70
07/17/2000,HLG,WV,AEA,CE,Federal Contract Tower,0,0,10,0,10,0,4,37,0,41,0,4,47,0,51,52,0,52,103
07/18/2000,HLG,WV,AEA,CE,Federal Contract Tower,0,0,7,0,7,0,0,16,7,23,0,0,23,7,30,30,0,30,60
07/19/2000,HLG,WV,AEA,CE,Federal Contract Tower,0,0,13,0,13,0,0,27,0,27,0,0,40,0,40,2,30,32,72
07/20/2000,HLG,WV,AEA,CE,Federal Contract Tower,0,0,9,0,9,0,4,51,29,84,0,4,60,29,93,30,14,44,137
07/21/2000,HLG,WV,AEA,CE,Federal Contract Tower,0,0,12,0,12,0,0,42,8,50,0,0,54,8,62,0,0,0,62
07/22/2000,HLG,WV,AEA,CE,Federal Contract Tower,0,0,2,0,2,0,0,82,0,82,0,0,84,0,84,58,0,58,142
07/23/2000,HLG,WV,AEA,CE,Federal Contract Tower,0,0,6,0,6,0,2,54,4,60,0,2,60,4,66,43,0,43,109
07/24/2000,HLG,WV,AEA,CE,Federal Contract Tower,0,0,12,0,12,0,0,69,8,77,0,0,81,8,89,54,26,80,169
07/25/2000,HLG,WV,AEA,CE,Federal Contract Tower,0,0,13,0,13,0,0,34,4,38,0,0,47,4,51,12,44,56,107
07/26/2000,HLG,WV,AEA,CE,Federal Contract Tower,0,0,15,0,15,0,0,36,5,41,0,0,51,5,56,26,0,26,82
07/27/2000,HLG,WV,AEA,CE,Federal Contract Tower,0,0,8,0,8,0,5,34,17,56,0,5,42,17,64,24,40,64,128
07/28/2000,HLG,WV,AEA,CE,Federal Contract Tower,0,0,8,0,8,0,1,50,4,55,0,1,58,4,63,38,30,68,131
07/29/2000,HLG,WV,AEA,CE,Federal Contract Tower,0,0,2,0,2,0,0,12,0,12,0,0,14,0,14,58,26,84,98
07/30/2000,HLG,WV,AEA,CE,Federal Contract Tower,0,0,8,0,8,0,0,36,0,36,0,0,44,0,44,32,84,116,160
07/31/2000,HLG,WV,AEA,CE,Federal Contract Tower,0,0,11,0,11,0,0,62,0,62,0,0,73,0,73,206,0,206,279
08/01/2000,HLG,WV,AEA,CE,Federal Contract Tower,0,0,2,0,2,0,0,9,6,15,0,0,11,6,17,32,2,34,51
08/02/2000,HLG,WV,AEA,CE,Federal Contract Tower,0,0,5,0,5,0,0,52,8,60,0,0,57,8,65,50,2,52,117
08/03/2000,HLG,WV,AEA,CE,Federal Contract Tower,0,1,5,0,6,0,0,17,22,39,0,1,22,22,45,32,66,98,143
08/04/2000,HLG,WV,AEA,CE,Federal Contract Tower,0,0,8,0,8,0,0,46,7,53,0,0,54,7,61,53,60,113,174
08/05/2000,HLG,WV,AEA,CE,Federal Contract Tower,0,0,2,0,2,0,0,87,9,96,0,0,89,9,98,74,18,92,190
08/06/2000,HLG,WV,AEA,CE,Federal Contract Tower,0,0,6,0,6,0,0,8,3,11,0,0,14,3,17,17,0,17,34
08/07/2000,HLG,WV,AEA,CE,Federal Contract Tower,0,0,2,0,2,0,5,12,0,17,0,5,14,0,19,20,0,20,39
08/08/2000,HLG,WV,AEA,CE,Federal Contract Tower,0,0,7,5,12,0,0,20,10,30,0,0,27,15,42,6,32,38,80
08/09/2000,HLG,WV,AEA,CE,Federal Contract Tower,0,0,6,0,6,0,0,21,2,23,0,0,27,2,29,20,0,20,49
08/10/2000,HLG,WV,AEA,CE,Federal Contract Tower,0,3,9,2,14,0,0,29,22,51,0,3,38,24,65,48,58,106,171
08/11/2000,HLG,WV,AEA,CE,Federal Contract Tower,0,0,5,0,5,0,2,42,4,48,0,2,47,4,53,60,18,78,131
08/12/2000,HLG,WV,AEA,CE,Federal Contract Tower,0,0,2,0,2,0,0,46,11,57,0,0,48,11,59,51,0,51,110
08/13/2000,HLG,WV,AEA,CE,Federal Contract Tower,0,0,2,0,2,0,0,50,2,52,0,0,52,2,54,142,0,142,196
08/14/2000,HLG,WV,AEA,CE,Federal Contract Tower,0,0,3,0,3,0,0,61,0,61,0,0,64,0,64,42,0,42,106
08/15/2000,HLG,WV,AEA,CE,Federal Contract Tower,0,0,5,0,5,0,2,31,8,41,0,2,36,8,46,0,2,2,48
08/16/2000,HLG,WV,AEA,CE,Federal Contract Tower,0,0,5,4,9,0,1,63,2,66,0,1,68,6,75,36,0,36,111
08/17/2000,HLG,WV,AEA,CE,Federal Contract Tower,0,0,8,0,8,0,0,33,9,42,0,0,41,9,50,25,0,25,75
08/18/2000,HLG,WV,AEA,CE,Federal Contract Tower,0,0,6,0,6,0,0,8,2,10,0,0,14,2,16,0,0,0,16
08/19/2000,HLG,WV,AEA,CE,Federal Contract Tower,0,0,4,0,4,0,0,68,0,68,0,0,72,0,72,57,0,57,129
08/20/2000,HLG,WV,AEA,CE,Federal Contract Tower,0,0,3,0,3,0,0,52,5,57,0,0,55,5,60,54,10,64,124
08/21/2000,HLG,WV,AEA,CE,Federal Contract Tower,0,0,2,0,2,0,0,45,8,53,0,0,47,8,55,23,2,25,80
08/22/2000,HLG,WV,AEA,CE,Federal Contract Tower,0,0,8,5,13,0,4,17,8,29,0,4,25,13,42,4,14,18,60
08/23/2000,HLG,WV,AEA,CE,Federal Contract Tower,0,0,7,2,9,0,2,31,0,33,0,2,38,2,42,10,0,10,52
08/24/2000,HLG,WV,AEA,CE,Federal Contract Tower,0,4,8,2,14,0,0,30,5,35,0,4,38,7,49,9,4,13,62
08/25/2000,HLG,WV,AEA,CE,Federal Contract Tower,0,0,7,4,11,0,3,49,11,63,0,3,56,15,74,42,0,42,116
08/26/2000,HLG,WV,AEA,CE,Federal Contract Tower,0,0,6,0,6,0,0,62,21,83,0,0,68,21,89,78,16,94,183
08/27/2000,HLG,WV,AEA,CE,Federal Contract Tower,0,0,8,0,8,0,2,16,0,18,0,2,24,0,26,16,150,166,192
08/28/2000,HLG,WV,AEA,CE,Federal Contract Tower,0,0,4,0,4,0,0,65,1,66,0,0,69,1,70,96,0,96,166
08/29/2000,HLG,WV,AEA,CE,Federal Contract Tower,0,0,7,0,7,0,4,56,9,69,0,4,63,9,76,32,52,84,160
08/30/2000,HLG,WV,AEA,CE,Federal Contract Tower,0,0,6,0,6,0,0,40,11,51,0,0,46,11,57,36,0,36,93
08/31/2000,HLG,WV,AEA,CE,Federal Contract Tower,0,0,7,0,7,0,0,27,3,30,0,0,34,3,37,36,4,40,77
09/01/2000,HLG,WV,AEA,CE,Federal Contract Tower,0,0,10,0,10,0,0,24,0,24,0,0,34,0,34,64,0,64,98
09/02/2000,HLG,WV,AEA,CE,Federal Contract Tower,0,0,4,0,4,0,0,59,0,59,0,0,63,0,63,76,0,76,139
09/03/2000,HLG,WV,AEA,CE,Federal Contract Tower,0,0,5,0,5,0,2,35,0,37,0,2,40,0,42,40,0,40,82
09/04/2000,HLG,WV,AEA,CE,Federal Contract Tower,0,0,3,0,3,0,0,27,0,27,0,0,30,0,30,31,0,31,61
09/05/2000,HLG,WV,AEA,CE,Federal Contract Tower,0,0,4,1,5,0,0,32,5,37,0,0,36,6,42,0,4,4,46
09/06/2000,HLG,WV,AEA,CE,Federal Contract Tower,0,0,9,0,9,0,0,66,0,66,0,0,75,0,75,50,0,50,125
09/07/2000,HLG,WV,AEA,CE,Federal Contract Tower,0,0,11,1,12,0,2,60,3,65,0,2,71,4,77,55,0,55,132
09/08/2000,HLG,WV,AEA,CE,Federal Contract Tower,0,0,8,0,8,0,5,33,0,38,0,5,41,0,46,20,0,20,66
09/09/2000,HLG,WV,AEA,CE,Federal Contract Tower,0,0,7,1,8,0,2,27,2,31,0,2,34,3,39,0,0,0,39
09/10/2000,HLG,WV,AEA,CE,Federal Contract Tower,0,0,6,1,7,0,3,29,1,33,0,3,35,2,40,26,0,26,66
09/11/2000,HLG,WV,AEA,CE,Federal Contract Tower,0,0,9,1,10,0,0,53,5,58,0,0,62,6,68,30,12,42,110
09/12/2000,HLG,WV,AEA,CE,Federal Contract Tower,0,0,8,0,8,0,0,11,0,11,0,0,19,0,19,0,0,0,19
09/13/2000,HLG,WV,AEA,CE,Federal Contract Tower,0,0,24,2,26,0,0,101,24,125,0,0,125,26,151,60,20,80,231
09/14/2000,HLG,WV,AEA,CE,Federal Contract Tower,0,0,9,4,13,0,1,44,9,54,0,1,53,13,67,22,40,62,129
09/15/2000,HLG,WV,AEA,CE,Federal Contract Tower,0,0,8,0,8,0,3,22,15,40,0,3,30,15,48,20,179,199,247
09/16/2000,HLG,WV,AEA,CE,Federal Contract Tower,0,0,10,1,11,0,0,49,11,60,0,0,59,12,71,16,20,36,107
09/17/2000,HLG,WV,AEA,CE,Federal Contract Tower,0,0,5,0,5,0,0,46,5,51,0,0,51,5,56,0,6,6,62
09/18/2000,HLG,WV,AEA,CE,Federal Contract Tower,0,0,7,0,7,0,0,30,0,30,0,0,37,0,37,2,0,2,39
09/19/2000,HLG,WV,AEA,CE,Federal Contract Tower,0,0,4,0,4,0,4,39,5,48,0,4,43,5,52,26,8,34,86
09/20/2000,HLG,WV,AEA,CE,Federal Contract Tower,0,0,3,0,3,0,1,36,3,40,0,1,39,3,43,10,8,18,61
09/21/2000,HLG,WV,AEA,CE,Federal Contract Tower,0,0,6,0,6,0,0,38,6,44,0,0,44,6,50,42,22,64,114
09/22/2000,HLG,WV,AEA,CE,Federal Contract Tower,0,0,14,1,15,0,0,71,22,93,0,0,85,23,108,139,46,185,293
09/23/2000,HLG,WV,AEA,CE,Federal Contract Tower,0,0,4,0,4,0,0,23,7,30,0,0,27,7,34,38,86,124,158
09/24/2000,HLG,WV,AEA,CE,Federal Contract Tower,0,0,9,0,9,0,8,11,1,20,0,8,20,1,29,6,188,194,223
09/25/2000,HLG,WV,AEA,CE,Federal Contract Tower,0,3,12,1,16,0,0,18,3,21,0,3,30,4,37,0,0,0,37
09/26/2000,HLG,WV,AEA,CE,Federal Contract Tower,0,0,2,0,2,0,0,17,2,19,0,0,19,2,21,36,0,36,57
09/27/2000,HLG,WV,AEA,CE,Federal Contract Tower,0,0,9,0,9,0,0,37,3,40,0,0,46,3,49,48,2,50,99
09/28/2000,HLG,WV,AEA,CE,Federal Contract Tower,0,0,9,0,9,0,0,64,6,70,0,0,73,6,79,82,0,82,161
09/29/2000,HLG,WV,AEA,CE,Federal Contract Tower,0,0,10,0,10,0,2,52,4,58,0,2,62,4,68,33,31,64,132
09/30/2000,HLG,WV,AEA,CE,Federal Contract Tower,0,0,0,0,0,0,0,22,0,22,0,0,22,0,22,0,0,0,22
10/01/2000,HLG,WV,AEA,CE,Federal Contract Tower,0,0,2,0,2,0,0,22,0,22,0,0,24,0,24,0,0,0,24
10/02/2000,HLG,WV,AEA,CE,Federal Contract Tower,0,0,6,0,6,0,0,29,4,33,0,0,35,4,39,32,0,32,71
10/03/2000,HLG,WV,AEA,CE,Federal Contract Tower,0,0,6,0,6,0,0,29,0,29,0,0,35,0,35,4,0,4,39
10/04/2000,HLG,WV,AEA,CE,Federal Contract Tower,0,0,11,0,11,0,0,56,9,65,0,0,67,9,76,40,4,44,120
10/05/2000,HLG,WV,AEA,CE,Federal Contract Tower,0,0,4,0,4,0,0,9,0,9,0,0,13,0,13,14,44,58,71
10/06/2000,HLG,WV,AEA,CE,Federal Contract Tower,0,0,10,1,11,0,0,32,1,33,0,0,42,2,44,0,0,0,44
10/07/2000,HLG,WV,AEA,CE,Federal Contract Tower,0,0,4,0,4,0,0,26,0,26,0,0,30,0,30,8,0,8,38
10/08/2000,HLG,WV,AEA,CE,Federal Contract Tower,0,0,8,0,8,0,4,16,0,20,0,4,24,0,28,20,0,20,48
10/09/2000,HLG,WV,AEA,CE,Federal Contract Tower,0,0,8,0,8,0,1,5,0,6,0,1,13,0,14,6,0,6,20
10/10/2000,HLG,WV,AEA,CE,Federal Contract Tower,0,0,6,1,7,0,3,29,13,45,0,3,35,14,52,27,2,29,81
10/11/2000,HLG,WV,AEA,CE,Federal Contract Tower,0,0,3,1,4,0,1,55,3,59,0,1,58,4,63,82,0,82,145
10/12/2000,HLG,WV,AEA,CE,Federal Contract Tower,0,0,5,0,5,0,0,48,0,48,0,0,53,0,53,88,4,92,145
10/13/2000,HLG,WV,AEA,CE,Federal Contract Tower,0,0,3,1,4,0,0,41,25,66,0,0,44,26,70,24,30,54,124
10/14/2000,HLG,WV,AEA,CE,Federal Contract Tower,0,0,2,1,3,0,2,56,3,61,0,2,58,4,64,58,14,72,136
10/15/2000,HLG,WV,AEA,CE,Federal Contract Tower,0,0,1,1,2,0,0,38,17,55,0,0,39,18,57,28,44,72,129
10/16/2000,HLG,WV,AEA,CE,Federal Contract Tower,0,0,3,0,3,0,1,10,0,11,0,1,13,0,14,28,0,28,42
10/17/2000,HLG,WV,AEA,CE,Federal Contract Tower,0,0,2,1,3,0,0,2,1,3,0,0,4,2,6,0,6,6,12
10/18/2000,HLG,WV,AEA,CE,Federal Contract Tower,0,0,10,0,10,0,0,34,4,38,0,0,44,4,48,20,8,28,76
10/19/2000,HLG,WV,AEA,CE,Federal Contract Tower,0,0,4,0,4,0,0,59,2,61,0,0,63,2,65,38,0,38,103
10/20/2000,HLG,WV,AEA,CE,Federal Contract Tower,0,0,10,0,10,0,0,50,6,56,0,0,60,6,66,45,8,53,119
10/21/2000,HLG,WV,AEA,CE,Federal Contract Tower,0,0,2,0,2,0,0,77,21,98,0,0,79,21,100,38,20,58,158
10/22/2000,HLG,WV,AEA,CE,Federal Contract Tower,0,0,7,0,7,0,0,53,21,74,0,0,60,21,81,60,72,132,213
10/23/2000,HLG,WV,AEA,CE,Federal Contract Tower,0,0,7,0,7,0,1,36,6,43,0,1,43,6,50,56,0,56,106
10/24/2000,HLG,WV,AEA,CE,Federal Contract Tower,0,0,7,0,7,0,1,4,0,5,0,1,11,0,12,14,0,14,26
10/25/2000,HLG,WV,AEA,CE,Federal Contract Tower,0,0,9,0,9,0,0,36,12,48,0,0,45,12,57,54,0,54,111
10/26/2000,HLG,WV,AEA,CE,Federal Contract Tower,0,0,17,0,17,0,1,47,23,71,0,1,64,23,88,61,12,73,161
10/27/2000,HLG,WV,AEA,CE,Federal Contract Tower,0,0,6,0,6,0,0,37,7,44,0,0,43,7,50,24,4,28,78
10/28/2000,HLG,WV,AEA,CE,Federal Contract Tower,0,0,7,0,7,0,0,18,0,18,0,0,25,0,25,10,0,10,35
10/29/2000,HLG,WV,AEA,CE,Federal Contract Tower,0,0,2,0,2,0,4,50,3,57,0,4,52,3,59,28,4,32,91
10/30/2000,HLG,WV,AEA,CE,Federal Contract Tower,0,0,13,0,13,0,4,19,15,38,0,4,32,15,51,40,0,40,91
10/31/2000,HLG,WV,AEA,CE,Federal Contract Tower,0,0,3,0,3,0,0,54,3,57,0,0,57,3,60,4,0,4,64
11/01/2000,HLG,WV,AEA,CE,Federal Contract Tower,0,0,9,1,10,0,0,80,11,91,0,0,89,12,101,84,12,96,197
11/02/2000,HLG,WV,AEA,CE,Federal Contract Tower,0,0,8,1,9,0,0,59,5,64,0,0,67,6,73,98,0,98,171
11/03/2000,HLG,WV,AEA,CE,Federal Contract Tower,0,0,8,1,9,0,0,43,13,56,0,0,51,14,65,14,46,60,125
11/04/2000,HLG,WV,AEA,CE,Federal Contract Tower,0,0,7,1,8,0,0,66,34,100,0,0,73,35,108,56,0,56,164
11/05/2000,HLG,WV,AEA,CE,Federal Contract Tower,0,0,0,0,0,0,0,24,18,42,0,0,24,18,42,0,0,0,42
11/06/2000,HLG,WV,AEA,CE,Federal Contract Tower,0,4,7,1,12,0,0,23,3,26,0,4,30,4,38,36,6,42,80
11/07/2000,HLG,WV,AEA,CE,Federal Contract Tower,0,0,9,1,10,0,0,13,2,15,0,0,22,3,25,19,86,105,130
11/08/2000,HLG,WV,AEA,CE,Federal Contract Tower,0,0,2,1,3,0,0,28,1,29,0,0,30,2,32,24,4,28,60
11/09/2000,HLG,WV,AEA,CE,Federal Contract Tower,0,0,6,0,6,0,0,8,0,8,0,0,14,0,14,8,0,8,22
11/10/2000,HLG,WV,AEA,CE,Federal Contract Tower,0,0,3,0,3,0,3,2,0,5,0,3,5,0,8,0,0,0,8
11/11/2000,HLG,WV,AEA,CE,Federal Contract Tower,0,0,2,1,3,0,0,49,7,56,0,0,51,8,59,33,20,53,112
11/12/2000,HLG,WV,AEA,CE,Federal Contract Tower,0,0,4,0,4,0,0,35,0,35,0,0,39,0,39,24,0,24,63
11/13/2000,HLG,WV,AEA,CE,Federal Contract Tower,0,0,3,0,3,0,0,7,6,13,0,0,10,6,16,22,28,50,66
11/14/2000,HLG,WV,AEA,CE,Federal Contract Tower,0,0,5,0,5,0,1,28,16,45,0,1,33,16,50,58,0,58,108
11/15/2000,HLG,WV,AEA,CE,Federal Contract Tower,0,0,9,1,10,0,0,53,0,53,0,0,62,1,63,25,0,25,88
11/16/2000,HLG,WV,AEA,CE,Federal Contract Tower,0,0,6,0,6,0,0,57,1,58,0,0,63,1,64,20,1,21,85
11/17/2000,HLG,WV,AEA,CE,Federal Contract Tower,0,5,7,0,12,0,0,16,17,33,0,5,23,17,45,20,54,74,119
11/18/2000,HLG,WV,AEA,CE,Federal Contract Tower,0,0,6,0,6,0,0,19,24,43,0,0,25,24,49,44,28,72,121
11/19/2000,HLG,WV,AEA,CE,Federal Contract Tower,0,0,1,0,1,0,0,66,13,79,0,0,67,13,80,9,138,147,227
11/20/2000,HLG,WV,AEA,CE,Federal Contract Tower,0,0,1,0,1,0,0,2,0,2,0,0,3,0,3,0,0,0,3
11/21/2000,HLG,WV,AEA,CE,Federal Contract Tower,0,0,2,0,2,0,2,0,2,4,0,2,2,2,6,0,0,0,6
11/22/2000,HLG,WV,AEA,CE,Federal Contract Tower,0,0,6,0,6,0,0,27,0,27,0,0,33,0,33,8,0,8,41
11/23/2000,HLG,WV,AEA,CE,Federal Contract Tower,0,0,0,0,0,0,0,25,0,25,0,0,25,0,25,98,0,98,123
11/24/2000,HLG,WV,AEA,CE,Federal Contract Tower,0,0,4,0,4,0,0,98,0,98,0,0,102,0,102,84,0,84,186
11/25/2000,HLG,WV,AEA,CE,Federal Contract Tower,0,0,2,0,2,0,0,14,0,14,0,0,16,0,16,16,0,16,32
11/26/2000,HLG,WV,AEA,CE,Federal Contract Tower,0,0,4,0,4,0,2,9,0,11,0,2,13,0,15,0,0,0,15
11/27/2000,HLG,WV,AEA,CE,Federal Contract Tower,0,0,8,0,8,0,0,8,0,8,0,0,16,0,16,0,0,0,16
11/28/2000,HLG,WV,AEA,CE,Federal Contract Tower,0,0,3,0,3,0,0,8,4,12,0,0,11,4,15,40,0,40,55
11/29/2000,HLG,WV,AEA,CE,Federal Contract Tower,0,0,7,0,7,0,2,13,4,19,0,2,20,4,26,63,41,104,130
11/30/2000,HLG,WV,AEA,CE,Federal Contract Tower,0,0,5,0,5,0,0,22,5,27,0,0,27,5,32,40,36,76,108
12/01/2000,HLG,WV,AEA,CE,Federal Contract Tower,0,0,9,1,10,0,0,6,1,7,0,0,15,2,17,42,0,42,59
12/02/2000,HLG,WV,AEA,CE,Federal Contract Tower,0,0,5,0,5,0,0,61,0,61,0,0,66,0,66,86,0,86,152
12/03/2000,HLG,WV,AEA,CE,Federal Contract Tower,0,0,2,1,3,0,0,77,11,88,0,0,79,12,91,22,0,22,113
12/04/2000,HLG,WV,AEA,CE,Federal Contract Tower,0,3,12,2,17,0,0,44,9,53,0,3,56,11,70,28,18,46,116
12/05/2000,HLG,WV,AEA,CE,Federal Contract Tower,0,0,3,1,4,0,0,8,6,14,0,0,11,7,18,16,10,26,44
12/06/2000,HLG,WV,AEA,CE,Federal Contract Tower,0,0,4,1,5,0,0,70,4,74,0,0,74,5,79,126,10,136,215
12/07/2000,HLG,WV,AEA,CE,Federal Contract Tower,0,0,1,1,2,0,0,9,3,12,0,0,10,4,14,2,36,38,52
12/08/2000,HLG,WV,AEA,CE,Federal Contract Tower,0,0,5,1,6,0,2,19,30,51,0,2,24,31,57,38,186,224,281
12/09/2000,HLG,WV,AEA,CE,Federal Contract Tower,0,0,3,1,4,0,7,55,21,83,0,7,58,22,87,16,8,24,111
12/10/2000,HLG,WV,AEA,CE,Federal Contract Tower,0,0,0,0,0,0,0,7,9,16,0,0,7,9,16,8,24,32,48
12/11/2000,HLG,WV,AEA,CE,Federal Contract Tower,0,4,12,2,18,0,7,31,2,40,0,11,43,4,58,18,39,57,115
12/12/2000,HLG,WV,AEA,CE,Federal Contract Tower,0,0,1,0,1,0,4,3,0,7,0,4,4,0,8,0,0,0,8
12/13/2000,HLG,WV,AEA,CE,Federal Contract Tower,0,0,5,0,5,0,1,26,4,31,0,1,31,4,36,32,6,38,74
12/14/2000,HLG,WV,AEA,CE,Federal Contract Tower,0,0,5,0,5,0,0,8,0,8,0,0,13,0,13,0,0,0,13
12/15/2000,HLG,WV,AEA,CE,Federal Contract Tower,0,2,5,0,7,0,2,48,4,54,0,4,53,4,61,44,0,44,105
12/16/2000,HLG,WV,AEA,CE,Federal Contract Tower,0,0,1,0,1,0,0,1,0,1,0,0,2,0,2,0,0,0,2
12/17/2000,HLG,WV,AEA,CE,Federal Contract Tower,0,0,0,0,0,0,0,0,0,0,0,0,0,0,0,0,0,0,0
12/18/2000,HLG,WV,AEA,CE,Federal Contract Tower,0,0,9,1,10,0,0,50,7,57,0,0,59,8,67,18,17,35,102
12/19/2000,HLG,WV,AEA,CE,Federal Contract Tower,0,0,4,0,4,0,0,7,10,17,0,0,11,10,21,16,82,98,119
12/20/2000,HLG,WV,AEA,CE,Federal Contract Tower,0,3,11,1,15,0,6,22,4,32,0,9,33,5,47,226,42,268,315
12/21/2000,HLG,WV,AEA,CE,Federal Contract Tower,0,0,5,0,5,0,1,18,0,19,0,1,23,0,24,180,0,180,204
12/22/2000,HLG,WV,AEA,CE,Federal Contract Tower,0,0,3,0,3,0,0,1,0,1,0,0,4,0,4,104,0,104,108
12/23/2000,HLG,WV,AEA,CE,Federal Contract Tower,0,2,5,0,7,0,3,34,0,37,0,5,39,0,44,136,0,136,180
12/24/2000,HLG,WV,AEA,CE,Federal Contract Tower,0,0,0,0,0,0,0,0,0,0,0,0,0,0,0,0,0,0,0
12/25/2000,HLG,WV,AEA,CE,Federal Contract Tower,0,0,0,0,0,0,0,6,0,6,0,0,6,0,6,0,0,0,6
12/26/2000,HLG,WV,AEA,CE,Federal Contract Tower,0,0,1,0,1,0,0,32,2,34,0,0,33,2,35,36,0,36,71
12/27/2000,HLG,WV,AEA,CE,Federal Contract Tower,0,0,2,0,2,0,0,50,12,62,0,0,52,12,64,52,50,102,166
12/28/2000,HLG,WV,AEA,CE,Federal Contract Tower,0,0,3,0,3,0,4,28,2,34,0,4,31,2,37,28,0,28,65
12/29/2000,HLG,WV,AEA,CE,Federal Contract Tower,0,0,2,0,2,0,0,25,2,27,0,0,27,2,29,22,0,22,51
12/30/2000,HLG,WV,AEA,CE,Federal Contract Tower,0,0,0,0,0,0,0,4,0,4,0,0,4,0,4,26,0,26,30
12/31/2000,HLG,WV,AEA,CE,Federal Contract Tower,0,0,0,0,0,0,0,0,0,0,0,0,0,0,0,0,0,0,0
01/01/2001,HLG,WV,AEA,CE,Federal Contract Tower,0,0,0,0,0,0,0,10,0,10,0,0,10,0,10,28,0,28,38
01/02/2001,HLG,WV,AEA,CE,Federal Contract Tower,0,0,4,0,4,0,0,66,4,70,0,0,70,4,74,30,50,80,154
01/03/2001,HLG,WV,AEA,CE,Federal Contract Tower,0,0,0,0,0,0,0,22,8,30,0,0,22,8,30,38,0,38,68
01/04/2001,HLG,WV,AEA,CE,Federal Contract Tower,0,0,0,0,0,0,0,4,0,4,0,0,4,0,4,14,0,14,18
01/05/2001,HLG,WV,AEA,CE,Federal Contract Tower,0,0,1,0,1,0,1,0,9,10,0,1,1,9,11,0,114,114,125
01/06/2001,HLG,WV,AEA,CE,Federal Contract Tower,0,0,2,0,2,0,0,22,10,32,0,0,24,10,34,70,18,88,122
01/07/2001,HLG,WV,AEA,CE,Federal Contract Tower,0,0,4,0,4,0,0,57,13,70,0,0,61,13,74,0,8,8,82
01/08/2001,HLG,WV,AEA,CE,Federal Contract Tower,0,0,0,0,0,0,4,4,0,8,0,4,4,0,8,101,0,101,109
01/09/2001,HLG,WV,AEA,CE,Federal Contract Tower,0,0,7,0,7,0,1,35,9,45,0,1,42,9,52,110,66,176,228
01/10/2001,HLG,WV,AEA,CE,Federal Contract Tower,0,0,5,0,5,0,4,52,15,71,0,4,57,15,76,106,13,119,195
01/11/2001,HLG,WV,AEA,CE,Federal Contract Tower,0,0,8,0,8,0,0,40,13,53,0,0,48,13,61,148,26,174,235
01/12/2001,HLG,WV,AEA,CE,Federal Contract Tower,0,0,9,0,9,0,2,34,5,41,0,2,43,5,50,20,22,42,92
01/13/2001,HLG,WV,AEA,CE,Federal Contract Tower,0,0,7,0,7,0,0,85,0,85,0,0,92,0,92,44,0,44,136
01/14/2001,HLG,WV,AEA,CE,Federal Contract Tower,0,0,1,0,1,0,0,22,2,24,0,0,23,2,25,26,0,26,51
01/15/2001,HLG,WV,AEA,CE,Federal Contract Tower,0,0,2,0,2,0,2,18,2,22,0,2,20,2,24,40,0,40,64
01/16/2001,HLG,WV,AEA,CE,Federal Contract Tower,0,0,4,0,4,0,2,20,8,30,0,2,24,8,34,146,34,180,214
01/17/2001,HLG,WV,AEA,CE,Federal Contract Tower,0,0,5,0,5,0,1,8,0,9,0,1,13,0,14,62,28,90,104
01/18/2001,HLG,WV,AEA,CE,Federal Contract Tower,0,0,10,0,10,0,0,9,4,13,0,0,19,4,23,6,6,12,35
01/19/2001,HLG,WV,AEA,CE,Federal Contract Tower,0,0,0,0,0,0,2,0,0,2,0,2,0,0,2,0,0,0,2
01/20/2001,HLG,WV,AEA,CE,Federal Contract Tower,0,0,0,0,0,0,0,5,0,5,0,0,5,0,5,16,0,16,21
01/21/2001,HLG,WV,AEA,CE,Federal Contract Tower,0,0,6,0,6,0,0,23,0,23,0,0,29,0,29,0,0,0,29
01/22/2001,HLG,WV,AEA,CE,Federal Contract Tower,0,0,6,0,6,0,2,51,0,53,0,2,57,0,59,86,0,86,145
01/23/2001,HLG,WV,AEA,CE,Federal Contract Tower,0,0,3,0,3,0,0,44,7,51,0,0,47,7,54,16,2,18,72
01/24/2001,HLG,WV,AEA,CE,Federal Contract Tower,0,0,10,0,10,0,4,21,17,42,0,4,31,17,52,72,0,72,124
01/25/2001,HLG,WV,AEA,CE,Federal Contract Tower,0,0,4,0,4,0,0,7,16,23,0,0,11,16,27,130,8,138,165
01/26/2001,HLG,WV,AEA,CE,Federal Contract Tower,0,2,0,9,11,0,0,55,0,55,0,2,55,9,66,56,0,56,122
01/27/2001,HLG,WV,AEA,CE,Federal Contract Tower,0,0,0,0,0,0,0,0,0,0,0,0,0,0,0,10,0,10,10
01/28/2001,HLG,WV,AEA,CE,Federal Contract Tower,0,0,4,0,4,0,0,22,0,22,0,0,26,0,26,0,0,0,26
01/29/2001,HLG,WV,AEA,CE,Federal Contract Tower,0,0,4,0,4,0,1,36,0,37,0,1,40,0,41,24,0,24,65
01/30/2001,HLG,WV,AEA,CE,Federal Contract Tower,0,0,7,0,7,0,0,41,1,42,0,0,48,1,49,126,10,136,185
01/31/2001,HLG,WV,AEA,CE,Federal Contract Tower,0,0,2,0,2,0,4,2,12,18,0,4,4,12,20,46,0,46,66
02/01/2001,HLG,WV,AEA,CE,Federal Contract Tower,0,0,3,0,3,0,0,12,0,12,0,0,15,0,15,126,0,126,141
02/02/2001,HLG,WV,AEA,CE,Federal Contract Tower,0,0,2,0,2,0,1,3,0,4,0,1,5,0,6,0,0,0,6
02/03/2001,HLG,WV,AEA,CE,Federal Contract Tower,0,0,3,1,4,0,0,53,1,54,0,0,56,2,58,78,0,78,136
02/04/2001,HLG,WV,AEA,CE,Federal Contract Tower,0,0,0,1,1,0,0,50,3,53,0,0,50,4,54,92,0,92,146
02/05/2001,HLG,WV,AEA,CE,Federal Contract Tower,0,2,1,1,4,0,0,29,3,32,0,2,30,4,36,10,0,10,46
02/06/2001,HLG,WV,AEA,CE,Federal Contract Tower,0,0,1,0,1,0,0,14,0,14,0,0,15,0,15,46,4,50,65
02/07/2001,HLG,WV,AEA,CE,Federal Contract Tower,0,2,2,1,5,0,3,56,13,72,0,5,58,14,77,104,8,112,189
02/08/2001,HLG,WV,AEA,CE,Federal Contract Tower,0,0,2,1,3,0,0,49,23,72,0,0,51,24,75,112,0,112,187
02/09/2001,HLG,WV,AEA,CE,Federal Contract Tower,0,0,1,0,1,0,2,21,11,34,0,2,22,11,35,72,12,84,119
02/10/2001,HLG,WV,AEA,CE,Federal Contract Tower,0,0,3,0,3,0,0,33,4,37,0,0,36,4,40,28,0,28,68
02/11/2001,HLG,WV,AEA,CE,Federal Contract Tower,0,0,1,0,1,0,0,90,16,106,0,0,91,16,107,34,0,34,141
02/12/2001,HLG,WV,AEA,CE,Federal Contract Tower,0,0,1,0,1,0,0,44,0,44,0,0,45,0,45,40,0,40,85
02/13/2001,HLG,WV,AEA,CE,Federal Contract Tower,0,3,5,0,8,0,1,43,10,54,0,4,48,10,62,74,20,94,156
02/14/2001,HLG,WV,AEA,CE,Federal Contract Tower,0,4,4,0,8,0,3,0,0,3,0,7,4,0,11,0,0,0,11
02/15/2001,HLG,WV,AEA,CE,Federal Contract Tower,0,0,5,0,5,0,0,5,4,9,0,0,10,4,14,0,0,0,14
02/16/2001,HLG,WV,AEA,CE,Federal Contract Tower,0,0,1,0,1,0,0,1,0,1,0,0,2,0,2,0,0,0,2
02/17/2001,HLG,WV,AEA,CE,Federal Contract Tower,0,2,2,0,4,0,3,9,0,12,0,5,11,0,16,14,0,14,30
02/18/2001,HLG,WV,AEA,CE,Federal Contract Tower,0,0,8,0,8,0,0,64,12,76,0,0,72,12,84,94,0,94,178
02/19/2001,HLG,WV,AEA,CE,Federal Contract Tower,0,2,4,0,6,0,4,49,0,53,0,6,53,0,59,30,0,30,89
02/20/2001,HLG,WV,AEA,CE,Federal Contract Tower,0,2,4,0,6,0,4,44,0,48,0,6,48,0,54,138,8,146,200
02/21/2001,HLG,WV,AEA,CE,Federal Contract Tower,0,1,5,0,6,0,0,38,0,38,0,1,43,0,44,96,0,96,140
02/22/2001,HLG,WV,AEA,CE,Federal Contract Tower,0,1,4,0,5,0,0,8,5,13,0,1,12,5,18,0,0,0,18
02/23/2001,HLG,WV,AEA,CE,Federal Contract Tower,0,0,0,0,0,0,2,18,4,24,0,2,18,4,24,6,8,14,38
02/24/2001,HLG,WV,AEA,CE,Federal Contract Tower,0,0,0,0,0,0,0,37,2,39,0,0,37,2,39,28,0,28,67
02/25/2001,HLG,WV,AEA,CE,Federal Contract Tower,0,0,0,0,0,0,2,1,0,3,0,2,1,0,3,0,0,0,3
02/26/2001,HLG,WV,AEA,CE,Federal Contract Tower,0,2,6,0,8,0,1,61,0,62,0,3,67,0,70,56,0,56,126
02/27/2001,HLG,WV,AEA,CE,Federal Contract Tower,0,5,11,0,16,0,0,59,0,59,0,5,70,0,75,370,0,370,445
02/28/2001,HLG,WV,AEA,CE,Federal Contract Tower,0,2,6,0,8,0,0,53,19,72,0,2,59,19,80,170,28,198,278
03/01/2001,HLG,WV,AEA,CE,Federal Contract Tower,0,1,7,0,8,0,0,37,3,40,0,1,44,3,48,24,0,24,72
03/02/2001,HLG,WV,AEA,CE,Federal Contract Tower,0,2,8,1,11,0,6,25,5,36,0,8,33,6,47,54,0,54,101
03/03/2001,HLG,WV,AEA,CE,Federal Contract Tower,0,2,5,0,7,0,0,64,0,64,0,2,69,0,71,196,0,196,267
03/04/2001,HLG,WV,AEA,CE,Federal Contract Tower,0,0,2,0,2,0,0,0,0,0,0,0,2,0,2,58,0,58,60
03/05/2001,HLG,WV,AEA,CE,Federal Contract Tower,0,0,0,0,0,0,0,4,0,4,0,0,4,0,4,50,0,50,54
03/06/2001,HLG,WV,AEA,CE,Federal Contract Tower,0,0,0,0,0,0,0,0,0,0,0,0,0,0,0,0,0,0,0
03/07/2001,HLG,WV,AEA,CE,Federal Contract Tower,0,0,2,1,3,0,0,39,1,40,0,0,41,2,43,132,44,176,219
03/08/2001,HLG,WV,AEA,CE,Federal Contract Tower,0,2,6,1,9,0,0,33,9,42,0,2,39,10,51,96,4,100,151
03/09/2001,HLG,WV,AEA,CE,Federal Contract Tower,0,0,2,0,2,0,2,7,0,9,0,2,9,0,11,120,50,170,181
03/10/2001,HLG,WV,AEA,CE,Federal Contract Tower,0,0,4,1,5,0,0,70,11,81,0,0,74,12,86,66,112,178,264
03/11/2001,HLG,WV,AEA,CE,Federal Contract Tower,0,0,2,0,2,0,0,14,7,21,0,0,16,7,23,26,86,112,135
03/12/2001,HLG,WV,AEA,CE,Federal Contract Tower,0,0,4,0,4,0,2,76,3,81,0,2,80,3,85,84,8,92,177
03/13/2001,HLG,WV,AEA,CE,Federal Contract Tower,0,0,1,0,1,0,2,0,2,4,0,2,1,2,5,0,0,0,5
03/14/2001,HLG,WV,AEA,CE,Federal Contract Tower,0,0,4,0,4,0,4,22,11,37,0,4,26,11,41,64,4,68,109
03/15/2001,HLG,WV,AEA,CE,Federal Contract Tower,0,0,6,0,6,0,6,42,3,51,0,6,48,3,57,340,14,354,411
03/16/2001,HLG,WV,AEA,CE,Federal Contract Tower,0,1,6,0,7,0,0,13,2,15,0,1,19,2,22,132,0,132,154
03/17/2001,HLG,WV,AEA,CE,Federal Contract Tower,0,0,7,0,7,0,0,15,0,15,0,0,22,0,22,72,0,72,94
03/18/2001,HLG,WV,AEA,CE,Federal Contract Tower,0,2,6,0,8,0,0,73,2,75,0,2,79,2,83,158,0,158,241
03/19/2001,HLG,WV,AEA,CE,Federal Contract Tower,0,0,15,0,15,0,0,61,6,67,0,0,76,6,82,52,2,54,136
03/20/2001,HLG,WV,AEA,CE,Federal Contract Tower,0,2,8,0,10,0,0,66,4,70,0,2,74,4,80,178,2,180,260
03/21/2001,HLG,WV,AEA,CE,Federal Contract Tower,0,2,10,0,12,0,6,10,0,16,0,8,20,0,28,78,0,78,106
03/22/2001,HLG,WV,AEA,CE,Federal Contract Tower,0,0,2,0,2,0,1,22,10,33,0,1,24,10,35,34,0,34,69
03/23/2001,HLG,WV,AEA,CE,Federal Contract Tower,0,1,7,0,8,0,1,43,10,54,0,2,50,10,62,0,51,51,113
03/24/2001,HLG,WV,AEA,CE,Federal Contract Tower,0,0,2,0,2,0,0,16,14,30,0,0,18,14,32,84,80,164,196
03/25/2001,HLG,WV,AEA,CE,Federal Contract Tower,0,0,3,0,3,0,0,30,15,45,0,0,33,15,48,80,74,154,202
03/26/2001,HLG,WV,AEA,CE,Federal Contract Tower,0,0,3,0,3,0,3,28,6,37,0,3,31,6,40,28,34,62,102
03/27/2001,HLG,WV,AEA,CE,Federal Contract Tower,0,0,6,0,6,0,7,44,31,82,0,7,50,31,88,134,28,162,250
03/28/2001,HLG,WV,AEA,CE,Federal Contract Tower,0,0,11,0,11,0,0,84,38,122,0,0,95,38,133,128,8,136,269
03/29/2001,HLG,WV,AEA,CE,Federal Contract Tower,0,2,16,0,18,0,1,42,0,43,0,3,58,0,61,12,8,20,81
03/30/2001,HLG,WV,AEA,CE,Federal Contract Tower,0,0,7,0,7,0,2,13,2,17,0,2,20,2,24,0,16,16,40
03/31/2001,HLG,WV,AEA,CE,Federal Contract Tower,0,0,2,0,2,0,0,32,5,37,0,0,34,5,39,88,0,88,127
04/01/2001,HLG,WV,AEA,CE,Federal Contract Tower,0,0,1,0,1,0,0,14,0,14,0,0,15,0,15,0,0,0,15
04/02/2001,HLG,WV,AEA,CE,Federal Contract Tower,0,0,7,0,7,0,0,19,3,22,0,0,26,3,29,70,0,70,99
04/03/2001,HLG,WV,AEA,CE,Federal Contract Tower,0,0,0,0,0,0,0,66,7,73,0,0,66,7,73,44,42,86,159
04/04/2001,HLG,WV,AEA,CE,Federal Contract Tower,0,2,4,3,9,0,10,98,11,119,0,12,102,14,128,114,54,168,296
04/05/2001,HLG,WV,AEA,CE,Federal Contract Tower,0,2,6,3,11,0,0,53,15,68,0,2,59,18,79,106,16,122,201
04/06/2001,HLG,WV,AEA,CE,Federal Contract Tower,0,2,0,0,2,0,0,2,0,2,0,2,2,0,4,0,0,0,4
04/07/2001,HLG,WV,AEA,CE,Federal Contract Tower,0,0,6,0,6,0,0,39,0,39,0,0,45,0,45,104,4,108,153
04/08/2001,HLG,WV,AEA,CE,Federal Contract Tower,0,0,5,0,5,0,0,22,10,32,0,0,27,10,37,0,0,0,37
04/09/2001,HLG,WV,AEA,CE,Federal Contract Tower,0,0,1,0,1,0,3,37,0,40,0,3,38,0,41,68,0,68,109
04/10/2001,HLG,WV,AEA,CE,Federal Contract Tower,0,0,6,1,7,0,0,22,3,25,0,0,28,4,32,12,0,12,44
04/11/2001,HLG,WV,AEA,CE,Federal Contract Tower,0,1,6,2,9,0,6,21,0,27,0,7,27,2,36,26,0,26,62
04/12/2001,HLG,WV,AEA,CE,Federal Contract Tower,0,0,5,0,5,0,1,13,0,14,0,1,18,0,19,4,0,4,23
04/13/2001,HLG,WV,AEA,CE,Federal Contract Tower,0,2,5,0,7,0,0,42,2,44,0,2,47,2,51,75,4,79,130
04/14/2001,HLG,WV,AEA,CE,Federal Contract Tower,0,0,0,0,0,0,0,36,0,36,0,0,36,0,36,62,0,62,98
04/15/2001,HLG,WV,AEA,CE,Federal Contract Tower,0,0,3,0,3,0,0,4,0,4,0,0,7,0,7,10,0,10,17
04/16/2001,HLG,WV,AEA,CE,Federal Contract Tower,0,0,6,0,6,0,0,50,0,50,0,0,56,0,56,154,0,154,210
04/17/2001,HLG,WV,AEA,CE,Federal Contract Tower,0,0,4,2,6,0,0,12,1,13,0,0,16,3,19,14,12,26,45
04/18/2001,HLG,WV,AEA,CE,Federal Contract Tower,0,0,6,4,10,0,1,53,22,76,0,1,59,26,86,80,40,120,206
04/19/2001,HLG,WV,AEA,CE,Federal Contract Tower,0,0,7,2,9,0,4,36,4,44,0,4,43,6,53,110,20,130,183
04/20/2001,HLG,WV,AEA,CE,Federal Contract Tower,0,0,6,2,8,0,1,18,5,24,0,1,24,7,32,50,31,81,113
04/21/2001,HLG,WV,AEA,CE,Federal Contract Tower,0,0,2,0,2,0,0,34,7,41,0,0,36,7,43,82,76,158,201
04/22/2001,HLG,WV,AEA,CE,Federal Contract Tower,0,0,3,2,5,0,0,29,27,56,0,0,32,29,61,8,30,38,99
04/23/2001,HLG,WV,AEA,CE,Federal Contract Tower,0,2,2,0,4,0,4,72,6,82,0,6,74,6,86,22,6,28,114
04/24/2001,HLG,WV,AEA,CE,Federal Contract Tower,0,1,8,0,9,0,0,56,9,65,0,1,64,9,74,50,30,80,154
04/25/2001,HLG,WV,AEA,CE,Federal Contract Tower,0,0,7,0,7,0,2,86,10,98,0,2,93,10,105,90,0,90,195
04/26/2001,HLG,WV,AEA,CE,Federal Contract Tower,0,2,5,1,8,0,1,71,20,92,0,3,76,21,100,178,0,178,278
04/27/2001,HLG,WV,AEA,CE,Federal Contract Tower,0,0,7,0,7,0,0,40,0,40,0,0,47,0,47,89,0,89,136
04/28/2001,HLG,WV,AEA,CE,Federal Contract Tower,0,0,2,0,2,0,0,56,4,60,0,0,58,4,62,76,0,76,138
04/29/2001,HLG,WV,AEA,CE,Federal Contract Tower,0,0,7,0,7,0,3,52,0,55,0,3,59,0,62,8,0,8,70
04/30/2001,HLG,WV,AEA,CE,Federal Contract Tower,0,0,0,0,0,0,0,69,3,72,0,0,69,3,72,82,0,82,154
05/01/2001,HLG,WV,AEA,CE,Federal Contract Tower,0,0,4,2,6,0,0,70,22,92,0,0,74,24,98,146,39,185,283
05/02/2001,HLG,WV,AEA,CE,Federal Contract Tower,0,0,2,1,3,0,0,66,12,78,0,0,68,13,81,127,10,137,218
05/03/2001,HLG,WV,AEA,CE,Federal Contract Tower,0,2,2,0,4,0,8,34,0,42,0,10,36,0,46,40,0,40,86
05/04/2001,HLG,WV,AEA,CE,Federal Contract Tower,0,0,5,0,5,0,2,62,2,66,0,2,67,2,71,16,0,16,87
05/05/2001,HLG,WV,AEA,CE,Federal Contract Tower,0,0,6,0,6,0,2,79,18,99,0,2,85,18,105,0,0,0,105
05/06/2001,HLG,WV,AEA,CE,Federal Contract Tower,0,0,2,0,2,0,0,37,18,55,0,0,39,18,57,8,0,8,65
05/07/2001,HLG,WV,AEA,CE,Federal Contract Tower,0,0,4,0,4,0,0,61,0,61,0,0,65,0,65,74,0,74,139
05/08/2001,HLG,WV,AEA,CE,Federal Contract Tower,0,5,8,0,13,0,1,11,0,12,0,6,19,0,25,18,0,18,43
05/09/2001,HLG,WV,AEA,CE,Federal Contract Tower,0,4,6,0,10,0,0,29,4,33,0,4,35,4,43,76,2,78,121
05/10/2001,HLG,WV,AEA,CE,Federal Contract Tower,0,0,5,0,5,0,0,36,19,55,0,0,41,19,60,64,0,64,124
05/11/2001,HLG,WV,AEA,CE,Federal Contract Tower,0,0,5,1,6,0,1,29,8,38,0,1,34,9,44,17,74,91,135
05/12/2001,HLG,WV,AEA,CE,Federal Contract Tower,0,1,3,0,4,0,4,29,15,48,0,5,32,15,52,108,43,151,203
05/13/2001,HLG,WV,AEA,CE,Federal Contract Tower,0,0,2,0,2,0,0,48,3,51,0,0,50,3,53,20,82,102,155
05/14/2001,HLG,WV,AEA,CE,Federal Contract Tower,0,0,7,0,7,0,0,59,7,66,0,0,66,7,73,62,16,78,151
05/15/2001,HLG,WV,AEA,CE,Federal Contract Tower,0,1,3,0,4,0,0,14,2,16,0,1,17,2,20,68,18,86,106
05/16/2001,HLG,WV,AEA,CE,Federal Contract Tower,0,3,2,0,5,0,1,20,0,21,0,4,22,0,26,52,0,52,78
05/17/2001,HLG,WV,AEA,CE,Federal Contract Tower,0,5,9,0,14,0,1,5,4,10,0,6,14,4,24,0,14,14,38
05/18/2001,HLG,WV,AEA,CE,Federal Contract Tower,0,6,3,0,9,0,0,25,2,27,0,6,28,2,36,8,0,8,44
05/19/2001,HLG,WV,AEA,CE,Federal Contract Tower,0,0,3,0,3,0,4,46,6,56,0,4,49,6,59,110,22,132,191
05/20/2001,HLG,WV,AEA,CE,Federal Contract Tower,0,0,5,0,5,0,0,68,5,73,0,0,73,5,78,88,0,88,166
05/21/2001,HLG,WV,AEA,CE,Federal Contract Tower,0,1,4,2,7,0,0,49,3,52,0,1,53,5,59,36,4,40,99
05/22/2001,HLG,WV,AEA,CE,Federal Contract Tower,0,0,1,0,1,0,0,7,12,19,0,0,8,12,20,10,50,60,80
05/23/2001,HLG,WV,AEA,CE,Federal Contract Tower,0,0,2,2,4,0,0,27,2,29,0,0,29,4,33,30,62,92,125
05/24/2001,HLG,WV,AEA,CE,Federal Contract Tower,0,1,5,0,6,0,0,35,0,35,0,1,40,0,41,200,0,200,241
05/25/2001,HLG,WV,AEA,CE,Federal Contract Tower,0,0,0,0,0,0,0,18,6,24,0,0,18,6,24,104,2,106,130
05/26/2001,HLG,WV,AEA,CE,Federal Contract Tower,0,0,2,0,2,0,0,18,2,20,0,0,20,2,22,34,0,34,56
05/27/2001,HLG,WV,AEA,CE,Federal Contract Tower,0,0,5,0,5,0,0,27,0,27,0,0,32,0,32,8,0,8,40
05/28/2001,HLG,WV,AEA,CE,Federal Contract Tower,0,0,8,0,8,0,0,68,11,79,0,0,76,11,87,66,20,86,173
05/29/2001,HLG,WV,AEA,CE,Federal Contract Tower,0,0,0,4,4,0,0,32,2,34,0,0,32,6,38,84,6,90,128
05/30/2001,HLG,WV,AEA,CE,Federal Contract Tower,0,4,0,0,4,0,2,83,22,107,0,6,83,22,111,180,30,210,321
05/31/2001,HLG,WV,AEA,CE,Federal Contract Tower,0,0,2,0,2,0,0,29,2,31,0,0,31,2,33,38,4,42,75
06/01/2001,HLG,WV,AEA,CE,Federal Contract Tower,0,0,5,1,6,0,1,14,5,20,0,1,19,6,26,0,0,0,26
06/02/2001,HLG,WV,AEA,CE,Federal Contract Tower,0,0,6,0,6,0,0,13,2,15,0,0,19,2,21,24,0,24,45
06/03/2001,HLG,WV,AEA,CE,Federal Contract Tower,0,0,2,5,7,0,3,12,32,47,0,3,14,37,54,26,10,36,90
06/04/2001,HLG,WV,AEA,CE,Federal Contract Tower,0,0,4,0,4,0,1,53,0,54,0,1,57,0,58,178,0,178,236
06/05/2001,HLG,WV,AEA,CE,Federal Contract Tower,0,5,5,0,10,0,1,59,29,89,0,6,64,29,99,22,56,78,177
06/06/2001,HLG,WV,AEA,CE,Federal Contract Tower,0,2,1,0,3,0,1,0,0,1,0,3,1,0,4,0,152,152,156
06/07/2001,HLG,WV,AEA,CE,Federal Contract Tower,0,0,5,0,5,0,2,23,16,41,0,2,28,16,46,116,197,313,359
06/08/2001,HLG,WV,AEA,CE,Federal Contract Tower,0,0,7,1,8,0,0,72,9,81,0,0,79,10,89,84,12,96,185
06/09/2001,HLG,WV,AEA,CE,Federal Contract Tower,0,4,9,0,13,0,0,48,1,49,0,4,57,1,62,90,0,90,152
06/10/2001,HLG,WV,AEA,CE,Federal Contract Tower,0,0,6,0,6,0,0,68,0,68,0,0,74,0,74,458,0,458,532
06/11/2001,HLG,WV,AEA,CE,Federal Contract Tower,0,0,4,1,5,0,0,50,4,54,0,0,54,5,59,70,0,70,129
06/12/2001,HLG,WV,AEA,CE,Federal Contract Tower,0,3,3,0,6,0,0,38,8,46,0,3,41,8,52,46,39,85,137
06/13/2001,HLG,WV,AEA,CE,Federal Contract Tower,0,2,9,4,15,0,0,66,42,108,0,2,75,46,123,252,32,284,407
06/14/2001,HLG,WV,AEA,CE,Federal Contract Tower,0,3,5,0,8,0,0,32,4,36,0,3,37,4,44,96,0,96,140
06/15/2001,HLG,WV,AEA,CE,Federal Contract Tower,0,6,5,0,11,0,0,19,4,23,0,6,24,4,34,20,28,48,82
06/16/2001,HLG,WV,AEA,CE,Federal Contract Tower,0,1,0,1,2,0,0,34,0,34,0,1,34,1,36,82,0,82,118
06/17/2001,HLG,WV,AEA,CE,Federal Contract Tower,0,0,5,0,5,0,2,112,12,126,0,2,117,12,131,8,0,8,139
06/18/2001,HLG,WV,AEA,CE,Federal Contract Tower,0,2,7,0,9,0,0,65,0,65,0,2,72,0,74,86,14,100,174
06/19/2001,HLG,WV,AEA,CE,Federal Contract Tower,0,1,3,0,4,0,0,55,0,55,0,1,58,0,59,68,4,72,131
06/20/2001,HLG,WV,AEA,CE,Federal Contract Tower,0,2,4,0,6,0,0,14,0,14,0,2,18,0,20,70,0,70,90
06/21/2001,HLG,WV,AEA,CE,Federal Contract Tower,0,0,10,0,10,0,0,20,8,28,0,0,30,8,38,114,0,114,152
06/22/2001,HLG,WV,AEA,CE,Federal Contract Tower,0,0,11,0,11,0,4,40,0,44,0,4,51,0,55,168,0,168,223
06/23/2001,HLG,WV,AEA,CE,Federal Contract Tower,0,0,18,0,18,0,1,37,0,38,0,1,55,0,56,136,0,136,192
06/24/2001,HLG,WV,AEA,CE,Federal Contract Tower,0,0,4,0,4,0,0,91,6,97,0,0,95,6,101,114,0,114,215
06/25/2001,HLG,WV,AEA,CE,Federal Contract Tower,0,0,4,0,4,0,1,95,6,102,0,1,99,6,106,130,2,132,238
06/26/2001,HLG,WV,AEA,CE,Federal Contract Tower,0,0,5,2,7,0,1,125,0,126,0,1,130,2,133,20,0,20,153
06/27/2001,HLG,WV,AEA,CE,Federal Contract Tower,0,1,4,0,5,0,3,72,24,99,0,4,76,24,104,88,8,96,200
06/28/2001,HLG,WV,AEA,CE,Federal Contract Tower,0,0,6,0,6,0,0,31,6,37,0,0,37,6,43,28,0,28,71
06/29/2001,HLG,WV,AEA,CE,Federal Contract Tower,0,0,8,0,8,0,1,39,3,43,0,1,47,3,51,44,0,44,95
06/30/2001,HLG,WV,AEA,CE,Federal Contract Tower,0,0,1,0,1,0,0,37,1,38,0,0,38,1,39,86,0,86,125
07/01/2001,HLG,WV,AEA,CE,Federal Contract Tower,0,0,2,0,2,0,0,21,0,21,0,0,23,0,23,14,0,14,37
07/02/2001,HLG,WV,AEA,CE,Federal Contract Tower,0,0,3,0,3,0,0,74,0,74,0,0,77,0,77,54,0,54,131
07/03/2001,HLG,WV,AEA,CE,Federal Contract Tower,0,2,6,0,8,0,1,80,2,83,0,3,86,2,91,42,0,42,133
07/04/2001,HLG,WV,AEA,CE,Federal Contract Tower,0,0,4,2,6,0,0,20,0,20,0,0,24,2,26,72,0,72,98
07/05/2001,HLG,WV,AEA,CE,Federal Contract Tower,0,1,4,0,5,0,0,37,9,46,0,1,41,9,51,232,0,232,283
07/06/2001,HLG,WV,AEA,CE,Federal Contract Tower,0,0,2,0,2,0,2,88,10,100,0,2,90,10,102,222,0,222,324
07/07/2001,HLG,WV,AEA,CE,Federal Contract Tower,0,4,2,0,6,0,0,61,1,62,0,4,63,1,68,58,0,58,126
07/08/2001,HLG,WV,AEA,CE,Federal Contract Tower,0,2,2,0,4,0,6,12,4,22,0,8,14,4,26,62,0,62,88
07/09/2001,HLG,WV,AEA,CE,Federal Contract Tower,0,0,10,0,10,0,0,71,5,76,0,0,81,5,86,72,0,72,158
07/10/2001,HLG,WV,AEA,CE,Federal Contract Tower,0,0,2,0,2,0,0,24,0,24,0,0,26,0,26,30,0,30,56
07/11/2001,HLG,WV,AEA,CE,Federal Contract Tower,0,2,6,0,8,0,0,54,5,59,0,2,60,5,67,37,0,37,104
07/12/2001,HLG,WV,AEA,CE,Federal Contract Tower,0,3,11,2,16,0,2,58,11,71,0,5,69,13,87,36,12,48,135
07/13/2001,HLG,WV,AEA,CE,Federal Contract Tower,0,0,1,0,1,0,0,41,4,45,0,0,42,4,46,56,0,56,102
07/14/2001,HLG,WV,AEA,CE,Federal Contract Tower,0,0,4,0,4,0,0,93,5,98,0,0,97,5,102,130,0,130,232
07/15/2001,HLG,WV,AEA,CE,Federal Contract Tower,0,0,5,0,5,0,6,70,2,78,0,6,75,2,83,134,0,134,217
07/16/2001,HLG,WV,AEA,CE,Federal Contract Tower,0,2,8,0,10,0,4,72,1,77,0,6,80,1,87,122,0,122,209
07/17/2001,HLG,WV,AEA,CE,Federal Contract Tower,0,0,7,2,9,0,0,53,3,56,0,0,60,5,65,44,0,44,109
07/18/2001,HLG,WV,AEA,CE,Federal Contract Tower,0,0,11,2,13,0,0,52,11,63,0,0,63,13,76,86,10,96,172
07/19/2001,HLG,WV,AEA,CE,Federal Contract Tower,0,12,5,1,18,0,2,87,9,98,0,14,92,10,116,78,0,78,194
07/20/2001,HLG,WV,AEA,CE,Federal Contract Tower,0,0,7,2,9,0,2,53,0,55,0,2,60,2,64,44,0,44,108
07/21/2001,HLG,WV,AEA,CE,Federal Contract Tower,0,3,5,0,8,0,2,69,0,71,0,5,74,0,79,62,0,62,141
07/22/2001,HLG,WV,AEA,CE,Federal Contract Tower,0,1,3,0,4,0,0,72,0,72,0,1,75,0,76,40,0,40,116
07/23/2001,HLG,WV,AEA,CE,Federal Contract Tower,0,1,7,0,8,0,0,60,5,65,0,1,67,5,73,58,0,58,131
07/24/2001,HLG,WV,AEA,CE,Federal Contract Tower,0,0,12,0,12,0,0,51,0,51,0,0,63,0,63,34,0,34,97
07/25/2001,HLG,WV,AEA,CE,Federal Contract Tower,0,0,5,0,5,0,0,5,1,6,0,0,10,1,11,54,0,54,65
07/26/2001,HLG,WV,AEA,CE,Federal Contract Tower,0,5,2,1,8,0,18,65,16,99,0,23,67,17,107,120,0,120,227
07/27/2001,HLG,WV,AEA,CE,Federal Contract Tower,0,2,7,0,9,0,2,76,1,79,0,4,83,1,88,367,0,367,455
07/28/2001,HLG,WV,AEA,CE,Federal Contract Tower,0,1,9,0,10,0,2,114,0,116,0,3,123,0,126,90,0,90,216
07/29/2001,HLG,WV,AEA,CE,Federal Contract Tower,0,0,1,0,1,0,0,7,4,11,0,0,8,4,12,12,0,12,24
07/30/2001,HLG,WV,AEA,CE,Federal Contract Tower,0,2,11,0,13,0,0,50,0,50,0,2,61,0,63,96,0,96,159
07/31/2001,HLG,WV,AEA,CE,Federal Contract Tower,0,4,5,0,9,0,1,73,3,77,0,5,78,3,86,158,0,158,244
08/01/2001,HLG,WV,AEA,CE,Federal Contract Tower,0,1,5,3,9,0,0,64,7,71,0,1,69,10,80,86,22,108,188
08/02/2001,HLG,WV,AEA,CE,Federal Contract Tower,0,1,3,5,9,0,1,45,7,53,0,2,48,12,62,39,8,47,109
08/03/2001,HLG,WV,AEA,CE,Federal Contract Tower,0,6,6,7,19,0,1,14,5,20,0,7,20,12,39,24,30,54,93
08/04/2001,HLG,WV,AEA,CE,Federal Contract Tower,0,0,5,0,5,0,0,46,11,57,0,0,51,11,62,107,37,144,206
08/05/2001,HLG,WV,AEA,CE,Federal Contract Tower,0,0,2,0,2,0,0,61,13,74,0,0,63,13,76,64,136,200,276
08/06/2001,HLG,WV,AEA,CE,Federal Contract Tower,0,0,7,0,7,0,0,35,0,35,0,0,42,0,42,36,0,36,78
08/07/2001,HLG,WV,AEA,CE,Federal Contract Tower,0,6,7,0,13,0,1,93,2,96,0,7,100,2,109,62,0,62,171
08/08/2001,HLG,WV,AEA,CE,Federal Contract Tower,0,1,4,0,5,0,1,65,0,66,0,2,69,0,71,18,0,18,89
08/09/2001,HLG,WV,AEA,CE,Federal Contract Tower,0,2,9,1,12,0,4,48,2,54,0,6,57,3,66,112,4,116,182
08/10/2001,HLG,WV,AEA,CE,Federal Contract Tower,0,3,7,1,11,0,0,14,2,16,0,3,21,3,27,12,58,70,97
08/11/2001,HLG,WV,AEA,CE,Federal Contract Tower,0,0,3,0,3,0,0,85,18,103,0,0,88,18,106,144,0,144,250
08/12/2001,HLG,WV,AEA,CE,Federal Contract Tower,0,0,2,0,2,0,4,7,2,13,0,4,9,2,15,10,0,10,25
08/13/2001,HLG,WV,AEA,CE,Federal Contract Tower,0,0,2,0,2,0,0,52,0,52,0,0,54,0,54,64,0,64,118
08/14/2001,HLG,WV,AEA,CE,Federal Contract Tower,0,2,7,0,9,0,10,108,8,126,0,12,115,8,135,136,24,160,295
08/15/2001,HLG,WV,AEA,CE,Federal Contract Tower,0,1,0,0,1,0,0,90,6,96,0,1,90,6,97,34,4,38,135
08/16/2001,HLG,WV,AEA,CE,Federal Contract Tower,0,0,8,0,8,0,0,42,5,47,0,0,50,5,55,88,36,124,179
08/17/2001,HLG,WV,AEA,CE,Federal Contract Tower,0,1,3,0,4,0,0,52,9,61,0,1,55,9,65,82,4,86,151
08/18/2001,HLG,WV,AEA,CE,Federal Contract Tower,0,1,6,1,8,0,5,57,34,96,0,6,63,35,104,192,288,480,584
08/19/2001,HLG,WV,AEA,CE,Federal Contract Tower,0,0,1,0,1,0,0,58,19,77,0,0,59,19,78,116,98,214,292
08/20/2001,HLG,WV,AEA,CE,Federal Contract Tower,0,1,11,0,12,0,0,56,2,58,0,1,67,2,70,56,10,66,136
08/21/2001,HLG,WV,AEA,CE,Federal Contract Tower,0,1,14,0,15,0,0,95,16,111,0,1,109,16,126,169,32,201,327
08/22/2001,HLG,WV,AEA,CE,Federal Contract Tower,0,0,0,0,0,0,1,62,13,76,0,1,62,13,76,66,0,66,142
08/23/2001,HLG,WV,AEA,CE,Federal Contract Tower,0,2,3,0,5,0,0,62,15,77,0,2,65,15,82,56,32,88,170
08/24/2001,HLG,WV,AEA,CE,Federal Contract Tower,0,2,10,0,12,0,3,57,0,60,0,5,67,0,72,147,0,147,219
08/25/2001,HLG,WV,AEA,CE,Federal Contract Tower,0,1,8,1,10,0,6,254,12,272,0,7,262,13,282,212,6,218,500
08/26/2001,HLG,WV,AEA,CE,Federal Contract Tower,0,1,2,1,4,0,0,11,1,12,0,1,13,2,16,150,0,150,166
08/27/2001,HLG,WV,AEA,CE,Federal Contract Tower,0,4,10,0,14,0,0,56,0,56,0,4,66,0,70,86,0,86,156
08/28/2001,HLG,WV,AEA,CE,Federal Contract Tower,0,2,3,1,6,0,2,60,4,66,0,4,63,5,72,86,28,114,186
08/29/2001,HLG,WV,AEA,CE,Federal Contract Tower,0,4,6,1,11,0,0,92,10,102,0,4,98,11,113,126,12,138,251
08/30/2001,HLG,WV,AEA,CE,Federal Contract Tower,0,14,10,7,31,0,4,83,22,109,0,18,93,29,140,184,4,188,328
08/31/2001,HLG,WV,AEA,CE,Federal Contract Tower,0,1,9,1,11,0,0,11,1,12,0,1,20,2,23,18,0,18,41
09/01/2001,HLG,WV,AEA,CE,Federal Contract Tower,0,0,0,0,0,0,0,52,0,52,0,0,52,0,52,0,0,0,52
09/02/2001,HLG,WV,AEA,CE,Federal Contract Tower,0,2,0,0,2,0,0,73,2,75,0,2,73,2,77,0,0,0,77
09/03/2001,HLG,WV,AEA,CE,Federal Contract Tower,0,0,3,0,3,0,2,68,0,70,0,2,71,0,73,0,0,0,73
09/04/2001,HLG,WV,AEA,CE,Federal Contract Tower,0,0,4,3,7,0,0,35,0,35,0,0,39,3,42,0,0,0,42
09/05/2001,HLG,WV,AEA,CE,Federal Contract Tower,0,0,4,0,4,0,0,66,4,70,0,0,70,4,74,0,0,0,74
09/06/2001,HLG,WV,AEA,CE,Federal Contract Tower,0,0,8,0,8,0,0,72,8,80,0,0,80,8,88,0,0,0,88
09/07/2001,HLG,WV,AEA,CE,Federal Contract Tower,0,6,6,2,14,0,3,57,7,67,0,9,63,9,81,0,0,0,81
09/08/2001,HLG,WV,AEA,CE,Federal Contract Tower,0,0,6,0,6,0,5,42,4,51,0,5,48,4,57,0,0,0,57
09/09/2001,HLG,WV,AEA,CE,Federal Contract Tower,0,0,2,0,2,0,0,35,0,35,0,0,37,0,37,0,0,0,37
09/10/2001,HLG,WV,AEA,CE,Federal Contract Tower,0,2,7,2,11,0,0,69,3,72,0,2,76,5,83,0,0,0,83
09/11/2001,HLG,WV,AEA,CE,Federal Contract Tower,0,0,0,0,0,0,0,1,0,1,0,0,1,0,1,0,0,0,1
09/12/2001,HLG,WV,AEA,CE,Federal Contract Tower,0,0,0,0,0,0,0,0,0,0,0,0,0,0,0,0,0,0,0
09/13/2001,HLG,WV,AEA,CE,Federal Contract Tower,0,0,0,0,0,0,0,0,0,0,0,0,0,0,0,0,0,0,0
09/14/2001,HLG,WV,AEA,CE,Federal Contract Tower,0,0,0,0,0,0,6,0,4,10,0,6,0,4,10,0,0,0,10
09/15/2001,HLG,WV,AEA,CE,Federal Contract Tower,0,0,10,1,11,0,2,0,7,9,0,2,10,8,20,0,0,0,20
09/16/2001,HLG,WV,AEA,CE,Federal Contract Tower,0,5,12,8,25,0,1,1,18,20,0,6,13,26,45,0,0,0,45
09/17/2001,HLG,WV,AEA,CE,Federal Contract Tower,0,0,9,0,9,0,0,0,0,0,0,0,9,0,9,0,0,0,9
09/18/2001,HLG,WV,AEA,CE,Federal Contract Tower,0,0,15,2,17,0,0,0,0,0,0,0,15,2,17,0,0,0,17
09/19/2001,HLG,WV,AEA,CE,Federal Contract Tower,0,0,14,0,14,0,0,9,0,9,0,0,23,0,23,0,0,0,23
09/20/2001,HLG,WV,AEA,CE,Federal Contract Tower,0,1,10,2,13,0,0,31,26,57,0,1,41,28,70,0,0,0,70
09/21/2001,HLG,WV,AEA,CE,Federal Contract Tower,0,2,8,3,13,0,0,37,25,62,0,2,45,28,75,0,0,0,75
09/22/2001,HLG,WV,AEA,CE,Federal Contract Tower,0,0,10,0,10,0,5,61,2,68,0,5,71,2,78,0,0,0,78
09/23/2001,HLG,WV,AEA,CE,Federal Contract Tower,0,3,9,0,12,0,0,55,23,78,0,3,64,23,90,0,0,0,90
09/24/2001,HLG,WV,AEA,CE,Federal Contract Tower,0,2,15,0,17,0,0,4,0,4,0,2,19,0,21,0,0,0,21
09/25/2001,HLG,WV,AEA,CE,Federal Contract Tower,0,2,7,0,9,0,0,41,0,41,0,2,48,0,50,0,0,0,50
09/26/2001,HLG,WV,AEA,CE,Federal Contract Tower,0,2,10,2,14,0,1,42,13,56,0,3,52,15,70,0,0,0,70
09/27/2001,HLG,WV,AEA,CE,Federal Contract Tower,0,0,20,0,20,0,0,50,0,50,0,0,70,0,70,0,0,0,70
09/28/2001,HLG,WV,AEA,CE,Federal Contract Tower,0,0,12,2,14,0,0,32,4,36,0,0,44,6,50,0,0,0,50
09/29/2001,HLG,WV,AEA,CE,Federal Contract Tower,0,0,7,0,7,0,4,54,9,67,0,4,61,9,74,0,0,0,74
09/30/2001,HLG,WV,AEA,CE,Federal Contract Tower,0,6,6,0,12,0,0,89,8,97,0,6,95,8,109,0,0,0,109
10/01/2001,HLG,WV,AEA,CE,Federal Contract Tower,0,2,9,1,12,0,1,38,1,40,0,3,47,2,52,54,0,54,106
10/02/2001,HLG,WV,AEA,CE,Federal Contract Tower,0,0,7,2,9,0,7,48,12,67,0,7,55,14,76,122,24,146,222
10/03/2001,HLG,WV,AEA,CE,Federal Contract Tower,0,0,7,3,10,0,1,47,1,49,0,1,54,4,59,68,18,86,145
10/04/2001,HLG,WV,AEA,CE,Federal Contract Tower,0,5,6,0,11,0,2,66,13,81,0,7,72,13,92,58,0,58,150
10/05/2001,HLG,WV,AEA,CE,Federal Contract Tower,0,2,2,0,4,0,0,25,5,30,0,2,27,5,34,18,0,18,52
10/06/2001,HLG,WV,AEA,CE,Federal Contract Tower,0,1,5,0,6,0,0,36,0,36,0,1,41,0,42,103,0,103,145
10/07/2001,HLG,WV,AEA,CE,Federal Contract Tower,0,0,6,0,6,0,0,44,0,44,0,0,50,0,50,102,0,102,152
10/08/2001,HLG,WV,AEA,CE,Federal Contract Tower,0,2,13,0,15,0,0,51,0,51,0,2,64,0,66,68,0,68,134
10/09/2001,HLG,WV,AEA,CE,Federal Contract Tower,0,2,4,0,6,0,5,49,0,54,0,7,53,0,60,118,0,118,178
10/10/2001,HLG,WV,AEA,CE,Federal Contract Tower,0,0,8,0,8,0,4,43,10,57,0,4,51,10,65,46,0,46,111
10/11/2001,HLG,WV,AEA,CE,Federal Contract Tower,0,2,15,1,18,0,0,25,11,36,0,2,40,12,54,10,0,10,64
10/12/2001,HLG,WV,AEA,CE,Federal Contract Tower,0,5,19,0,24,0,3,33,0,36,0,8,52,0,60,30,0,30,90
10/13/2001,HLG,WV,AEA,CE,Federal Contract Tower,0,2,12,0,14,0,0,66,3,69,0,2,78,3,83,92,6,98,181
10/14/2001,HLG,WV,AEA,CE,Federal Contract Tower,0,0,1,0,1,0,0,6,0,6,0,0,7,0,7,0,0,0,7
10/15/2001,HLG,WV,AEA,CE,Federal Contract Tower,0,0,5,0,5,0,0,46,0,46,0,0,51,0,51,60,0,60,111
10/16/2001,HLG,WV,AEA,CE,Federal Contract Tower,0,2,5,0,7,0,5,8,0,13,0,7,13,0,20,0,0,0,20
10/17/2001,HLG,WV,AEA,CE,Federal Contract Tower,0,2,7,0,9,0,0,36,0,36,0,2,43,0,45,28,0,28,73
10/18/2001,HLG,WV,AEA,CE,Federal Contract Tower,0,0,9,0,9,0,0,63,11,74,0,0,72,11,83,58,48,106,189
10/19/2001,HLG,WV,AEA,CE,Federal Contract Tower,0,2,13,0,15,0,0,56,11,67,0,2,69,11,82,50,70,120,202
10/20/2001,HLG,WV,AEA,CE,Federal Contract Tower,0,2,1,0,3,0,4,81,17,102,0,6,82,17,105,169,59,228,333
10/21/2001,HLG,WV,AEA,CE,Federal Contract Tower,0,4,6,0,10,0,0,43,13,56,0,4,49,13,66,46,97,143,209
10/22/2001,HLG,WV,AEA,CE,Federal Contract Tower,0,0,6,0,6,0,2,51,0,53,0,2,57,0,59,42,0,42,101
10/23/2001,HLG,WV,AEA,CE,Federal Contract Tower,0,2,3,0,5,0,0,21,8,29,0,2,24,8,34,32,36,68,102
10/24/2001,HLG,WV,AEA,CE,Federal Contract Tower,0,1,18,0,19,0,0,39,0,39,0,1,57,0,58,56,0,56,114
10/25/2001,HLG,WV,AEA,CE,Federal Contract Tower,0,6,3,0,9,0,1,18,6,25,0,7,21,6,34,0,0,0,34
10/26/2001,HLG,WV,AEA,CE,Federal Contract Tower,0,2,3,2,7,0,0,2,4,6,0,2,5,6,13,0,74,74,87
10/27/2001,HLG,WV,AEA,CE,Federal Contract Tower,0,0,3,0,3,0,0,14,4,18,0,0,17,4,21,28,0,28,49
10/28/2001,HLG,WV,AEA,CE,Federal Contract Tower,0,2,6,0,8,0,0,47,4,51,0,2,53,4,59,0,0,0,59
10/29/2001,HLG,WV,AEA,CE,Federal Contract Tower,0,0,8,2,10,0,0,43,5,48,0,0,51,7,58,16,42,58,116
10/30/2001,HLG,WV,AEA,CE,Federal Contract Tower,0,0,9,0,9,0,0,64,16,80,0,0,73,16,89,80,71,151,240
10/31/2001,HLG,WV,AEA,CE,Federal Contract Tower,0,2,5,3,10,0,0,55,3,58,0,2,60,6,68,70,8,78,146
11/01/2001,HLG,WV,AEA,CE,Federal Contract Tower,0,5,9,0,14,0,4,29,5,38,0,9,38,5,52,0,56,56,108
11/02/2001,HLG,WV,AEA,CE,Federal Contract Tower,0,7,6,1,14,0,2,29,9,40,0,9,35,10,54,6,64,70,124
11/03/2001,HLG,WV,AEA,CE,Federal Contract Tower,0,0,1,0,1,0,0,104,50,154,0,0,105,50,155,79,320,399,554
11/04/2001,HLG,WV,AEA,CE,Federal Contract Tower,0,2,6,2,10,0,4,70,16,90,0,6,76,18,100,105,88,193,293
11/05/2001,HLG,WV,AEA,CE,Federal Contract Tower,0,1,7,2,10,0,0,61,13,74,0,1,68,15,84,40,169,209,293
11/06/2001,HLG,WV,AEA,CE,Federal Contract Tower,0,5,5,1,11,0,0,65,15,80,0,5,70,16,91,83,49,132,223
11/07/2001,HLG,WV,AEA,CE,Federal Contract Tower,0,3,9,0,12,0,1,57,3,61,0,4,66,3,73,55,24,79,152
11/08/2001,HLG,WV,AEA,CE,Federal Contract Tower,0,5,4,7,16,0,0,74,31,105,0,5,78,38,121,50,78,128,249
11/09/2001,HLG,WV,AEA,CE,Federal Contract Tower,0,2,7,0,9,0,5,99,31,135,0,7,106,31,144,48,164,212,356
11/10/2001,HLG,WV,AEA,CE,Federal Contract Tower,0,2,5,0,7,0,4,26,12,42,0,6,31,12,49,46,60,106,155
11/11/2001,HLG,WV,AEA,CE,Federal Contract Tower,0,2,9,0,11,0,0,75,16,91,0,2,84,16,102,46,142,188,290
11/12/2001,HLG,WV,AEA,CE,Federal Contract Tower,0,8,7,0,15,0,2,49,0,51,0,10,56,0,66,34,0,34,100
11/13/2001,HLG,WV,AEA,CE,Federal Contract Tower,0,2,7,2,11,0,0,68,2,70,0,2,75,4,81,60,0,60,141
11/14/2001,HLG,WV,AEA,CE,Federal Contract Tower,0,1,14,2,17,0,0,45,36,81,0,1,59,38,98,34,24,58,156
11/15/2001,HLG,WV,AEA,CE,Federal Contract Tower,0,5,6,0,11,0,0,64,13,77,0,5,70,13,88,105,0,105,193
11/16/2001,HLG,WV,AEA,CE,Federal Contract Tower,0,0,7,0,7,0,0,49,22,71,0,0,56,22,78,26,268,294,372
11/17/2001,HLG,WV,AEA,CE,Federal Contract Tower,0,0,17,0,17,0,6,14,5,25,0,6,31,5,42,4,154,158,200
11/18/2001,HLG,WV,AEA,CE,Federal Contract Tower,0,0,0,0,0,0,0,54,19,73,0,0,54,19,73,56,174,230,303
11/19/2001,HLG,WV,AEA,CE,Federal Contract Tower,0,1,2,0,3,0,0,14,0,14,0,1,16,0,17,58,0,58,75
11/20/2001,HLG,WV,AEA,CE,Federal Contract Tower,0,0,6,0,6,0,0,16,7,23,0,0,22,7,29,6,4,10,39
11/21/2001,HLG,WV,AEA,CE,Federal Contract Tower,0,1,4,1,6,0,0,53,10,63,0,1,57,11,69,18,20,38,107
11/22/2001,HLG,WV,AEA,CE,Federal Contract Tower,0,0,1,0,1,0,0,34,0,34,0,0,35,0,35,32,0,32,67
11/23/2001,HLG,WV,AEA,CE,Federal Contract Tower,0,1,13,0,14,0,0,112,0,112,0,1,125,0,126,108,0,108,234
11/24/2001,HLG,WV,AEA,CE,Federal Contract Tower,0,0,3,0,3,0,0,59,0,59,0,0,62,0,62,102,0,102,164
11/25/2001,HLG,WV,AEA,CE,Federal Contract Tower,0,1,3,0,4,0,0,7,0,7,0,1,10,0,11,18,0,18,29
11/26/2001,HLG,WV,AEA,CE,Federal Contract Tower,0,2,12,2,16,0,2,46,3,51,0,4,58,5,67,34,4,38,105
11/27/2001,HLG,WV,AEA,CE,Federal Contract Tower,0,0,15,2,17,0,0,23,6,29,0,0,38,8,46,12,164,176,222
11/28/2001,HLG,WV,AEA,CE,Federal Contract Tower,0,0,11,0,11,0,0,1,0,1,0,0,12,0,12,6,0,6,18
11/29/2001,HLG,WV,AEA,CE,Federal Contract Tower,0,2,10,0,12,0,1,32,0,33,0,3,42,0,45,26,0,26,71
11/30/2001,HLG,WV,AEA,CE,Federal Contract Tower,0,2,2,0,4,0,0,9,1,10,0,2,11,1,14,0,0,0,14
12/01/2001,HLG,WV,AEA,CE,Federal Contract Tower,0,0,10,0,10,0,0,69,0,69,0,0,79,0,79,76,0,76,155
12/02/2001,HLG,WV,AEA,CE,Federal Contract Tower,0,0,0,1,1,0,4,87,15,106,0,4,87,16,107,6,0,6,113
12/03/2001,HLG,WV,AEA,CE,Federal Contract Tower,0,1,8,0,9,0,0,51,2,53,0,1,59,2,62,64,2,66,128
12/04/2001,HLG,WV,AEA,CE,Federal Contract Tower,0,0,6,0,6,0,0,49,12,61,0,0,55,12,67,26,68,94,161
12/05/2001,HLG,WV,AEA,CE,Federal Contract Tower,0,0,0,0,0,0,0,44,6,50,0,0,44,6,50,36,6,42,92
12/06/2001,HLG,WV,AEA,CE,Federal Contract Tower,0,0,4,0,4,0,0,13,7,20,0,0,17,7,24,0,80,80,104
12/07/2001,HLG,WV,AEA,CE,Federal Contract Tower,0,0,11,0,11,0,0,42,12,54,0,0,53,12,65,50,50,100,165
12/08/2001,HLG,WV,AEA,CE,Federal Contract Tower,0,0,4,0,4,0,0,3,1,4,0,0,7,1,8,8,0,8,16
12/09/2001,HLG,WV,AEA,CE,Federal Contract Tower,0,0,3,0,3,0,2,17,5,24,0,2,20,5,27,34,16,50,77
12/10/2001,HLG,WV,AEA,CE,Federal Contract Tower,0,1,4,0,5,0,0,59,1,60,0,1,63,1,65,26,0,26,91
12/11/2001,HLG,WV,AEA,CE,Federal Contract Tower,0,1,9,1,11,0,0,48,13,61,0,1,57,14,72,20,10,30,102
12/12/2001,HLG,WV,AEA,CE,Federal Contract Tower,0,0,13,0,13,0,0,39,1,40,0,0,52,1,53,20,0,20,73
12/13/2001,HLG,WV,AEA,CE,Federal Contract Tower,0,1,19,0,20,0,0,8,2,10,0,1,27,2,30,0,26,26,56
12/14/2001,HLG,WV,AEA,CE,Federal Contract Tower,0,0,13,1,14,0,0,11,7,18,0,0,24,8,32,10,101,111,143
12/15/2001,HLG,WV,AEA,CE,Federal Contract Tower,0,0,9,0,9,0,0,56,43,99,0,0,65,43,108,40,16,56,164
12/16/2001,HLG,WV,AEA,CE,Federal Contract Tower,0,0,2,0,2,0,0,15,19,34,0,0,17,19,36,14,82,96,132
12/17/2001,HLG,WV,AEA,CE,Federal Contract Tower,0,3,9,0,12,0,0,0,0,0,0,3,9,0,12,0,0,0,12
12/18/2001,HLG,WV,AEA,CE,Federal Contract Tower,0,0,3,0,3,0,1,37,10,48,0,1,40,10,51,16,16,32,83
12/19/2001,HLG,WV,AEA,CE,Federal Contract Tower,0,0,13,2,15,0,0,43,2,45,0,0,56,4,60,20,16,36,96
12/20/2001,HLG,WV,AEA,CE,Federal Contract Tower,0,0,3,0,3,0,4,6,4,14,0,4,9,4,17,2,14,16,33
12/21/2001,HLG,WV,AEA,CE,Federal Contract Tower,0,0,7,0,7,0,0,22,0,22,0,0,29,0,29,0,0,0,29
12/22/2001,HLG,WV,AEA,CE,Federal Contract Tower,0,0,8,0,8,0,0,65,0,65,0,0,73,0,73,58,0,58,131
12/23/2001,HLG,WV,AEA,CE,Federal Contract Tower,0,1,3,0,4,0,0,0,0,0,0,1,3,0,4,0,0,0,4
12/24/2001,HLG,WV,AEA,CE,Federal Contract Tower,0,0,6,0,6,0,0,12,0,12,0,0,18,0,18,0,0,0,18
12/25/2001,HLG,WV,AEA,CE,Federal Contract Tower,0,0,2,0,2,0,0,3,0,3,0,0,5,0,5,0,0,0,5
12/26/2001,HLG,WV,AEA,CE,Federal Contract Tower,0,0,5,0,5,0,0,33,2,35,0,0,38,2,40,44,0,44,84
12/27/2001,HLG,WV,AEA,CE,Federal Contract Tower,0,1,8,0,9,0,0,8,0,8,0,1,16,0,17,0,0,0,17
12/28/2001,HLG,WV,AEA,CE,Federal Contract Tower,0,1,2,0,3,0,0,6,0,6,0,1,8,0,9,0,0,0,9
12/29/2001,HLG,WV,AEA,CE,Federal Contract Tower,0,0,5,0,5,0,2,29,0,31,0,2,34,0,36,30,0,30,66
12/30/2001,HLG,WV,AEA,CE,Federal Contract Tower,0,0,3,0,3,0,0,6,0,6,0,0,9,0,9,0,0,0,9
12/31/2001,HLG,WV,AEA,CE,Federal Contract Tower,0,0,3,0,3,0,0,0,0,0,0,0,3,0,3,12,0,12,15
01/01/2002,HLG,WV,AEA,CE,Federal Contract Tower,0,0,0,0,0,0,0,14,0,14,0,0,14,0,14,8,0,8,22
01/02/2002,HLG,WV,AEA,CE,Federal Contract Tower,0,1,3,2,6,0,0,29,0,29,0,1,32,2,35,26,4,30,65
01/03/2002,HLG,WV,AEA,CE,Federal Contract Tower,0,5,7,0,12,0,0,26,2,28,0,5,33,2,40,42,0,42,82
01/04/2002,HLG,WV,AEA,CE,Federal Contract Tower,0,3,10,0,13,0,0,61,0,61,0,3,71,0,74,88,0,88,162
01/05/2002,HLG,WV,AEA,CE,Federal Contract Tower,0,2,2,1,5,0,3,83,25,111,0,5,85,26,116,82,0,82,198
01/06/2002,HLG,WV,AEA,CE,Federal Contract Tower,0,0,0,0,0,0,0,0,0,0,0,0,0,0,0,0,0,0,0
01/07/2002,HLG,WV,AEA,CE,Federal Contract Tower,0,0,2,0,2,0,0,2,0,2,0,0,4,0,4,0,0,0,4
01/08/2002,HLG,WV,AEA,CE,Federal Contract Tower,0,0,10,0,10,0,2,19,4,25,0,2,29,4,35,10,10,20,55
01/09/2002,HLG,WV,AEA,CE,Federal Contract Tower,0,2,6,0,8,0,0,22,0,22,0,2,28,0,30,16,0,16,46
01/10/2002,HLG,WV,AEA,CE,Federal Contract Tower,0,1,10,0,11,0,0,29,11,40,0,1,39,11,51,14,0,14,65
01/11/2002,HLG,WV,AEA,CE,Federal Contract Tower,0,2,3,0,5,0,0,12,8,20,0,2,15,8,25,22,102,124,149
01/12/2002,HLG,WV,AEA,CE,Federal Contract Tower,0,0,0,0,0,0,0,38,21,59,0,0,38,21,59,13,68,81,140
01/13/2002,HLG,WV,AEA,CE,Federal Contract Tower,0,0,0,0,0,0,4,43,18,65,0,4,43,18,65,8,4,12,77
01/14/2002,HLG,WV,AEA,CE,Federal Contract Tower,0,1,5,0,6,0,0,18,7,25,0,1,23,7,31,33,10,43,74
01/15/2002,HLG,WV,AEA,CE,Federal Contract Tower,0,0,6,0,6,0,0,10,0,10,0,0,16,0,16,6,45,51,67
01/16/2002,HLG,WV,AEA,CE,Federal Contract Tower,0,1,11,0,12,0,0,21,3,24,0,1,32,3,36,12,12,24,60
01/17/2002,HLG,WV,AEA,CE,Federal Contract Tower,0,0,6,0,6,0,0,24,7,31,0,0,30,7,37,110,22,132,169
01/18/2002,HLG,WV,AEA,CE,Federal Contract Tower,0,0,2,0,2,0,6,48,3,57,0,6,50,3,59,168,2,170,229
01/19/2002,HLG,WV,AEA,CE,Federal Contract Tower,0,0,1,0,1,0,0,2,0,2,0,0,3,0,3,15,0,15,18
01/20/2002,HLG,WV,AEA,CE,Federal Contract Tower,0,0,2,0,2,0,0,22,0,22,0,0,24,0,24,0,0,0,24
01/21/2002,HLG,WV,AEA,CE,Federal Contract Tower,0,0,2,0,2,0,0,0,0,0,0,0,2,0,2,0,0,0,2
01/22/2002,HLG,WV,AEA,CE,Federal Contract Tower,0,3,9,7,19,0,1,38,17,56,0,4,47,24,75,50,16,66,141
01/23/2002,HLG,WV,AEA,CE,Federal Contract Tower,0,0,13,0,13,0,0,28,0,28,0,0,41,0,41,28,0,28,69
01/24/2002,HLG,WV,AEA,CE,Federal Contract Tower,0,5,4,5,14,0,0,0,2,2,0,5,4,7,16,0,80,80,96
01/25/2002,HLG,WV,AEA,CE,Federal Contract Tower,0,4,5,0,9,0,2,40,30,72,0,6,45,30,81,0,224,224,305
01/26/2002,HLG,WV,AEA,CE,Federal Contract Tower,0,0,7,0,7,0,4,113,42,159,0,4,120,42,166,196,14,210,376
01/27/2002,HLG,WV,AEA,CE,Federal Contract Tower,0,0,2,0,2,0,2,121,35,158,0,2,123,35,160,74,10,84,244
01/28/2002,HLG,WV,AEA,CE,Federal Contract Tower,0,4,3,1,8,0,0,60,5,65,0,4,63,6,73,26,14,40,113
01/29/2002,HLG,WV,AEA,CE,Federal Contract Tower,0,1,2,0,3,0,2,41,18,61,0,3,43,18,64,23,52,75,139
01/30/2002,HLG,WV,AEA,CE,Federal Contract Tower,0,0,3,1,4,0,0,0,0,0,0,0,3,1,4,2,10,12,16
01/31/2002,HLG,WV,AEA,CE,Federal Contract Tower,0,0,8,0,8,0,0,19,2,21,0,0,27,2,29,2,0,2,31
02/01/2002,HLG,WV,AEA,CE,Federal Contract Tower,0,1,0,2,3,0,3,0,0,3,0,4,0,2,6,0,0,0,6
02/02/2002,HLG,WV,AEA,CE,Federal Contract Tower,0,1,5,0,6,0,4,94,0,98,0,5,99,0,104,214,0,214,318
02/03/2002,HLG,WV,AEA,CE,Federal Contract Tower,0,0,2,0,2,0,0,41,0,41,0,0,43,0,43,34,0,34,77
02/04/2002,HLG,WV,AEA,CE,Federal Contract Tower,0,0,3,0,3,0,0,0,0,0,0,0,3,0,3,0,0,0,3
02/05/2002,HLG,WV,AEA,CE,Federal Contract Tower,0,0,7,1,8,0,0,21,1,22,0,0,28,2,30,32,12,44,74
02/06/2002,HLG,WV,AEA,CE,Federal Contract Tower,0,1,5,1,7,0,0,45,3,48,0,1,50,4,55,18,14,32,87
02/07/2002,HLG,WV,AEA,CE,Federal Contract Tower,0,6,1,1,8,0,0,42,22,64,0,6,43,23,72,80,0,80,152
02/08/2002,HLG,WV,AEA,CE,Federal Contract Tower,0,0,9,0,9,0,8,38,29,75,0,8,47,29,84,128,228,356,440
02/09/2002,HLG,WV,AEA,CE,Federal Contract Tower,0,2,3,0,5,0,1,92,30,123,0,3,95,30,128,22,86,108,236
02/10/2002,HLG,WV,AEA,CE,Federal Contract Tower,0,0,3,0,3,0,0,12,33,45,0,0,15,33,48,0,278,278,326
02/11/2002,HLG,WV,AEA,CE,Federal Contract Tower,0,2,7,1,10,0,0,27,1,28,0,2,34,2,38,44,12,56,94
02/12/2002,HLG,WV,AEA,CE,Federal Contract Tower,0,0,6,2,8,0,2,12,3,17,0,2,18,5,25,2,2,4,29
02/13/2002,HLG,WV,AEA,CE,Federal Contract Tower,0,2,8,3,13,0,2,32,15,49,0,4,40,18,62,48,34,82,144
02/14/2002,HLG,WV,AEA,CE,Federal Contract Tower,0,8,1,0,9,0,4,38,2,44,0,12,39,2,53,60,20,80,133
02/15/2002,HLG,WV,AEA,CE,Federal Contract Tower,0,12,0,0,12,0,2,13,3,18,0,14,13,3,30,0,0,0,30
02/16/2002,HLG,WV,AEA,CE,Federal Contract Tower,0,0,5,0,5,0,0,52,0,52,0,0,57,0,57,94,0,94,151
02/17/2002,HLG,WV,AEA,CE,Federal Contract Tower,0,0,4,0,4,0,0,9,0,9,0,0,13,0,13,48,0,48,61
02/18/2002,HLG,WV,AEA,CE,Federal Contract Tower,0,0,1,0,1,0,0,71,1,72,0,0,72,1,73,56,0,56,129
02/19/2002,HLG,WV,AEA,CE,Federal Contract Tower,0,0,2,2,4,0,4,36,16,56,0,4,38,18,60,62,14,76,136
02/20/2002,HLG,WV,AEA,CE,Federal Contract Tower,0,0,0,0,0,0,0,3,7,10,0,0,3,7,10,4,76,80,90
02/21/2002,HLG,WV,AEA,CE,Federal Contract Tower,0,0,2,0,2,0,0,3,10,13,0,0,5,10,15,84,18,102,117
02/22/2002,HLG,WV,AEA,CE,Federal Contract Tower,0,0,3,0,3,0,2,3,2,7,0,2,6,2,10,24,118,142,152
02/23/2002,HLG,WV,AEA,CE,Federal Contract Tower,0,0,1,0,1,0,0,82,33,115,0,0,83,33,116,136,222,358,474
02/24/2002,HLG,WV,AEA,CE,Federal Contract Tower,0,0,2,0,2,0,0,88,32,120,0,0,90,32,122,66,40,106,228
02/25/2002,HLG,WV,AEA,CE,Federal Contract Tower,0,1,9,2,12,0,1,57,9,67,0,2,66,11,79,26,18,44,123
02/26/2002,HLG,WV,AEA,CE,Federal Contract Tower,0,0,7,0,7,0,0,2,6,8,0,0,9,6,15,2,4,6,21
02/27/2002,HLG,WV,AEA,CE,Federal Contract Tower,0,0,2,0,2,0,0,0,0,0,0,0,2,0,2,2,0,2,4
02/28/2002,HLG,WV,AEA,CE,Federal Contract Tower,0,11,0,0,11,0,0,13,3,16,0,11,13,3,27,114,0,114,141
03/01/2002,HLG,WV,AEA,CE,Federal Contract Tower,0,2,5,0,7,0,0,38,0,38,0,2,43,0,45,66,0,66,111
03/02/2002,HLG,WV,AEA,CE,Federal Contract Tower,0,0,3,0,3,0,0,25,0,25,0,0,28,0,28,30,0,30,58
03/03/2002,HLG,WV,AEA,CE,Federal Contract Tower,0,0,0,0,0,0,0,0,0,0,0,0,0,0,0,0,0,0,0
03/04/2002,HLG,WV,AEA,CE,Federal Contract Tower,0,1,0,0,1,0,1,0,4,5,0,2,0,4,6,8,8,16,22
03/05/2002,HLG,WV,AEA,CE,Federal Contract Tower,0,1,0,0,1,0,0,15,12,27,0,1,15,12,28,20,52,72,100
03/06/2002,HLG,WV,AEA,CE,Federal Contract Tower,0,0,5,0,5,0,0,27,12,39,0,0,32,12,44,22,18,40,84
03/07/2002,HLG,WV,AEA,CE,Federal Contract Tower,0,8,6,0,14,0,1,57,30,88,0,9,63,30,102,74,90,164,266
03/08/2002,HLG,WV,AEA,CE,Federal Contract Tower,0,4,1,2,7,0,8,86,23,117,0,12,87,25,124,18,204,222,346
03/09/2002,HLG,WV,AEA,CE,Federal Contract Tower,0,0,2,1,3,0,4,15,24,43,0,4,17,25,46,10,14,24,70
03/10/2002,HLG,WV,AEA,CE,Federal Contract Tower,0,1,2,0,3,0,0,1,1,2,0,1,3,1,5,0,0,0,5
03/11/2002,HLG,WV,AEA,CE,Federal Contract Tower,0,0,12,0,12,0,3,58,10,71,0,3,70,10,83,304,2,306,389
03/12/2002,HLG,WV,AEA,CE,Federal Contract Tower,0,0,3,2,5,0,0,25,6,31,0,0,28,8,36,54,8,62,98
03/13/2002,HLG,WV,AEA,CE,Federal Contract Tower,0,0,9,2,11,0,3,32,21,56,0,3,41,23,67,64,8,72,139
03/14/2002,HLG,WV,AEA,CE,Federal Contract Tower,0,2,10,0,12,0,0,52,8,60,0,2,62,8,72,250,4,254,326
03/15/2002,HLG,WV,AEA,CE,Federal Contract Tower,0,0,2,0,2,0,0,0,4,4,0,0,2,4,6,0,0,0,6
03/16/2002,HLG,WV,AEA,CE,Federal Contract Tower,0,0,3,0,3,0,0,9,4,13,0,0,12,4,16,137,0,137,153
03/17/2002,HLG,WV,AEA,CE,Federal Contract Tower,0,2,0,0,2,0,0,0,2,2,0,2,0,2,4,0,0,0,4
03/18/2002,HLG,WV,AEA,CE,Federal Contract Tower,0,4,7,5,16,0,0,57,5,62,0,4,64,10,78,72,0,72,150
03/19/2002,HLG,WV,AEA,CE,Federal Contract Tower,0,1,5,2,8,0,0,46,4,50,0,1,51,6,58,46,50,96,154
03/20/2002,HLG,WV,AEA,CE,Federal Contract Tower,0,1,7,0,8,0,0,4,0,4,0,1,11,0,12,0,0,0,12
03/21/2002,HLG,WV,AEA,CE,Federal Contract Tower,0,6,6,0,12,0,3,14,5,22,0,9,20,5,34,0,82,82,116
03/22/2002,HLG,WV,AEA,CE,Federal Contract Tower,0,0,9,2,11,0,0,13,13,26,0,0,22,15,37,0,344,344,381
03/23/2002,HLG,WV,AEA,CE,Federal Contract Tower,0,0,1,0,1,0,4,7,29,40,0,4,8,29,41,0,82,82,123
03/24/2002,HLG,WV,AEA,CE,Federal Contract Tower,0,1,1,0,2,0,0,39,22,61,0,1,40,22,63,6,64,70,133
03/25/2002,HLG,WV,AEA,CE,Federal Contract Tower,0,0,2,0,2,0,0,0,0,0,0,0,2,0,2,0,0,0,2
03/26/2002,HLG,WV,AEA,CE,Federal Contract Tower,0,1,1,0,2,0,0,0,0,0,0,1,1,0,2,2,0,2,4
03/27/2002,HLG,WV,AEA,CE,Federal Contract Tower,0,0,1,1,2,0,0,15,6,21,0,0,16,7,23,10,66,76,99
03/28/2002,HLG,WV,AEA,CE,Federal Contract Tower,0,3,7,1,11,0,0,89,20,109,0,3,96,21,120,277,174,451,571
03/29/2002,HLG,WV,AEA,CE,Federal Contract Tower,0,0,4,0,4,0,8,51,16,75,0,8,55,16,79,63,22,85,164
03/30/2002,HLG,WV,AEA,CE,Federal Contract Tower,0,0,6,0,6,0,4,61,2,67,0,4,67,2,73,46,0,46,119
03/31/2002,HLG,WV,AEA,CE,Federal Contract Tower,0,0,1,0,1,0,4,10,2,16,0,4,11,2,17,0,0,0,17
04/01/2002,HLG,WV,AEA,CE,Federal Contract Tower,0,0,6,1,7,0,0,65,6,71,0,0,71,7,78,46,18,64,142
04/02/2002,HLG,WV,AEA,CE,Federal Contract Tower,0,1,2,0,3,0,0,42,32,74,0,1,44,32,77,8,62,70,147
04/03/2002,HLG,WV,AEA,CE,Federal Contract Tower,0,2,6,0,8,0,0,32,5,37,0,2,38,5,45,16,52,68,113
04/04/2002,HLG,WV,AEA,CE,Federal Contract Tower,0,1,10,0,11,0,0,72,11,83,0,1,82,11,94,110,0,110,204
04/05/2002,HLG,WV,AEA,CE,Federal Contract Tower,0,1,4,0,5,0,0,9,10,19,0,1,13,10,24,0,9,9,33
04/06/2002,HLG,WV,AEA,CE,Federal Contract Tower,0,0,4,0,4,0,4,32,0,36,0,4,36,0,40,34,0,34,74
04/07/2002,HLG,WV,AEA,CE,Federal Contract Tower,0,0,2,0,2,0,0,33,0,33,0,0,35,0,35,30,0,30,65
04/08/2002,HLG,WV,AEA,CE,Federal Contract Tower,0,0,14,0,14,0,0,43,3,46,0,0,57,3,60,77,0,77,137
04/09/2002,HLG,WV,AEA,CE,Federal Contract Tower,0,0,7,2,9,0,0,5,15,20,0,0,12,17,29,2,18,20,49
04/10/2002,HLG,WV,AEA,CE,Federal Contract Tower,0,0,4,0,4,0,0,49,11,60,0,0,53,11,64,42,10,52,116
04/11/2002,HLG,WV,AEA,CE,Federal Contract Tower,0,3,4,2,9,0,0,42,20,62,0,3,46,22,71,32,0,32,103
04/12/2002,HLG,WV,AEA,CE,Federal Contract Tower,0,3,6,1,10,0,3,77,30,110,0,6,83,31,120,12,248,260,380
04/13/2002,HLG,WV,AEA,CE,Federal Contract Tower,0,0,3,0,3,0,4,5,19,28,0,4,8,19,31,0,118,118,149
04/14/2002,HLG,WV,AEA,CE,Federal Contract Tower,0,0,4,2,6,0,0,2,8,10,0,0,6,10,16,0,4,4,20
04/15/2002,HLG,WV,AEA,CE,Federal Contract Tower,0,6,5,4,15,0,0,51,4,55,0,6,56,8,70,24,18,42,112
04/16/2002,HLG,WV,AEA,CE,Federal Contract Tower,0,2,9,0,11,0,0,44,12,56,0,2,53,12,67,24,14,38,105
04/17/2002,HLG,WV,AEA,CE,Federal Contract Tower,0,3,8,1,12,0,0,42,18,60,0,3,50,19,72,12,20,32,104
04/18/2002,HLG,WV,AEA,CE,Federal Contract Tower,0,1,1,0,2,0,0,54,15,69,0,1,55,15,71,144,72,216,287
04/19/2002,HLG,WV,AEA,CE,Federal Contract Tower,0,1,1,5,7,0,4,15,15,34,0,5,16,20,41,0,0,0,41
04/20/2002,HLG,WV,AEA,CE,Federal Contract Tower,0,0,5,1,6,0,0,22,4,26,0,0,27,5,32,80,0,80,112
04/21/2002,HLG,WV,AEA,CE,Federal Contract Tower,0,0,2,0,2,0,0,4,0,4,0,0,6,0,6,0,0,0,6
04/22/2002,HLG,WV,AEA,CE,Federal Contract Tower,0,2,5,0,7,0,0,29,2,31,0,2,34,2,38,32,0,32,70
04/23/2002,HLG,WV,AEA,CE,Federal Contract Tower,0,0,9,1,10,0,0,24,11,35,0,0,33,12,45,34,12,46,91
04/24/2002,HLG,WV,AEA,CE,Federal Contract Tower,0,1,5,1,7,0,6,71,9,86,0,7,76,10,93,52,14,66,159
04/25/2002,HLG,WV,AEA,CE,Federal Contract Tower,0,7,1,0,8,0,2,21,3,26,0,9,22,3,34,126,4,130,164
04/26/2002,HLG,WV,AEA,CE,Federal Contract Tower,0,0,4,5,9,0,0,33,17,50,0,0,37,22,59,28,138,166,225
04/27/2002,HLG,WV,AEA,CE,Federal Contract Tower,0,0,5,0,5,0,2,35,9,46,0,2,40,9,51,102,22,124,175
04/28/2002,HLG,WV,AEA,CE,Federal Contract Tower,0,1,1,0,2,0,0,1,6,7,0,1,2,6,9,0,12,12,21
04/29/2002,HLG,WV,AEA,CE,Federal Contract Tower,0,0,2,0,2,0,0,25,2,27,0,0,27,2,29,14,0,14,43
04/30/2002,HLG,WV,AEA,CE,Federal Contract Tower,0,2,11,2,15,0,0,10,7,17,0,2,21,9,32,8,18,26,58
05/01/2002,HLG,WV,AEA,CE,Federal Contract Tower,0,1,12,2,15,0,0,52,8,60,0,1,64,10,75,16,28,44,119
05/02/2002,HLG,WV,AEA,CE,Federal Contract Tower,0,2,2,0,4,0,2,19,0,21,0,4,21,0,25,34,0,34,59
05/03/2002,HLG,WV,AEA,CE,Federal Contract Tower,0,1,0,0,1,0,2,42,10,54,0,3,42,10,55,0,2,2,57
05/04/2002,HLG,WV,AEA,CE,Federal Contract Tower,0,1,10,2,13,0,0,65,21,86,0,1,75,23,99,57,0,57,156
05/05/2002,HLG,WV,AEA,CE,Federal Contract Tower,0,0,5,0,5,0,0,49,5,54,0,0,54,5,59,54,0,54,113
05/06/2002,HLG,WV,AEA,CE,Federal Contract Tower,0,2,5,0,7,0,0,57,9,66,0,2,62,9,73,26,0,26,99
05/07/2002,HLG,WV,AEA,CE,Federal Contract Tower,0,4,5,0,9,0,0,16,4,20,0,4,21,4,29,70,2,72,101
05/08/2002,HLG,WV,AEA,CE,Federal Contract Tower,0,5,12,0,17,0,0,24,7,31,0,5,36,7,48,2,0,2,50
05/09/2002,HLG,WV,AEA,CE,Federal Contract Tower,0,1,4,0,5,0,0,7,27,34,0,1,11,27,39,0,0,0,39
05/10/2002,HLG,WV,AEA,CE,Federal Contract Tower,0,0,4,0,4,0,0,65,19,84,0,0,69,19,88,64,0,64,152
05/11/2002,HLG,WV,AEA,CE,Federal Contract Tower,0,2,3,0,5,0,0,65,19,84,0,2,68,19,89,32,52,84,173
05/12/2002,HLG,WV,AEA,CE,Federal Contract Tower,0,0,1,0,1,0,0,3,0,3,0,0,4,0,4,56,0,56,60
05/13/2002,HLG,WV,AEA,CE,Federal Contract Tower,0,0,2,0,2,0,0,1,0,1,0,0,3,0,3,0,0,0,3
05/14/2002,HLG,WV,AEA,CE,Federal Contract Tower,0,1,4,0,5,0,0,18,2,20,0,1,22,2,25,18,12,30,55
05/15/2002,HLG,WV,AEA,CE,Federal Contract Tower,0,5,16,1,22,0,0,88,9,97,0,5,104,10,119,56,0,56,175
05/16/2002,HLG,WV,AEA,CE,Federal Contract Tower,0,8,7,0,15,0,0,33,0,33,0,8,40,0,48,34,0,34,82
05/17/2002,HLG,WV,AEA,CE,Federal Contract Tower,0,3,8,0,11,0,0,19,0,19,0,3,27,0,30,4,0,4,34
05/18/2002,HLG,WV,AEA,CE,Federal Contract Tower,0,0,9,0,9,0,2,29,0,31,0,2,38,0,40,108,0,108,148
05/19/2002,HLG,WV,AEA,CE,Federal Contract Tower,0,0,1,0,1,0,0,24,1,25,0,0,25,1,26,2,0,2,28
05/20/2002,HLG,WV,AEA,CE,Federal Contract Tower,0,1,3,0,4,0,1,72,0,73,0,2,75,0,77,50,0,50,127
05/21/2002,HLG,WV,AEA,CE,Federal Contract Tower,0,0,3,0,3,0,0,43,6,49,0,0,46,6,52,64,0,64,116
05/22/2002,HLG,WV,AEA,CE,Federal Contract Tower,0,0,9,0,9,0,0,65,2,67,0,0,74,2,76,46,0,46,122
05/23/2002,HLG,WV,AEA,CE,Federal Contract Tower,0,4,7,1,12,0,2,88,38,128,0,6,95,39,140,154,0,154,294
05/24/2002,HLG,WV,AEA,CE,Federal Contract Tower,0,2,4,0,6,0,0,32,22,54,0,2,36,22,60,16,172,188,248
05/25/2002,HLG,WV,AEA,CE,Federal Contract Tower,0,0,1,0,1,0,2,11,0,13,0,2,12,0,14,46,0,46,60
05/26/2002,HLG,WV,AEA,CE,Federal Contract Tower,0,0,5,0,5,0,0,25,0,25,0,0,30,0,30,0,0,0,30
05/27/2002,HLG,WV,AEA,CE,Federal Contract Tower,0,0,6,0,6,0,4,58,1,63,0,4,64,1,69,62,0,62,131
05/28/2002,HLG,WV,AEA,CE,Federal Contract Tower,0,5,4,0,9,0,0,35,2,37,0,5,39,2,46,50,2,52,98
05/29/2002,HLG,WV,AEA,CE,Federal Contract Tower,0,3,8,3,14,0,0,45,17,62,0,3,53,20,76,16,12,28,104
05/30/2002,HLG,WV,AEA,CE,Federal Contract Tower,0,0,3,0,3,0,0,31,7,38,0,0,34,7,41,70,0,70,111
05/31/2002,HLG,WV,AEA,CE,Federal Contract Tower,0,8,6,0,14,0,1,33,0,34,0,9,39,0,48,16,0,16,64
06/01/2002,HLG,WV,AEA,CE,Federal Contract Tower,0,0,0,0,0,0,0,59,0,59,0,0,59,0,59,106,0,106,165
06/02/2002,HLG,WV,AEA,CE,Federal Contract Tower,0,0,3,0,3,0,0,49,0,49,0,0,52,0,52,40,0,40,92
06/03/2002,HLG,WV,AEA,CE,Federal Contract Tower,0,0,7,0,7,0,0,49,0,49,0,0,56,0,56,35,0,35,91
06/04/2002,HLG,WV,AEA,CE,Federal Contract Tower,0,0,1,0,1,0,0,35,1,36,0,0,36,1,37,26,0,26,63
06/05/2002,HLG,WV,AEA,CE,Federal Contract Tower,0,3,7,3,13,0,0,35,3,38,0,3,42,6,51,14,0,14,65
06/06/2002,HLG,WV,AEA,CE,Federal Contract Tower,0,9,9,1,19,0,0,8,7,15,0,9,17,8,34,0,0,0,34
06/07/2002,HLG,WV,AEA,CE,Federal Contract Tower,0,8,3,2,13,0,2,85,21,108,0,10,88,23,121,68,40,108,229
06/08/2002,HLG,WV,AEA,CE,Federal Contract Tower,0,0,2,0,2,0,0,86,4,90,0,0,88,4,92,162,0,162,254
06/09/2002,HLG,WV,AEA,CE,Federal Contract Tower,0,2,3,0,5,0,0,49,46,95,0,2,52,46,100,40,4,44,144
06/10/2002,HLG,WV,AEA,CE,Federal Contract Tower,0,0,1,0,1,0,0,34,1,35,0,0,35,1,36,36,0,36,72
06/11/2002,HLG,WV,AEA,CE,Federal Contract Tower,0,2,3,0,5,0,0,41,9,50,0,2,44,9,55,28,24,52,107
06/12/2002,HLG,WV,AEA,CE,Federal Contract Tower,0,3,2,1,6,0,0,44,3,47,0,3,46,4,53,34,8,42,95
06/13/2002,HLG,WV,AEA,CE,Federal Contract Tower,0,3,10,0,13,0,0,16,0,16,0,3,26,0,29,68,0,68,97
06/14/2002,HLG,WV,AEA,CE,Federal Contract Tower,0,10,6,0,16,0,5,26,6,37,0,15,32,6,53,0,0,0,53
06/15/2002,HLG,WV,AEA,CE,Federal Contract Tower,0,0,5,0,5,0,0,20,0,20,0,0,25,0,25,46,0,46,71
06/16/2002,HLG,WV,AEA,CE,Federal Contract Tower,0,0,2,1,3,0,4,18,1,23,0,4,20,2,26,0,0,0,26
06/17/2002,HLG,WV,AEA,CE,Federal Contract Tower,0,1,4,0,5,0,0,32,4,36,0,1,36,4,41,32,0,32,73
06/18/2002,HLG,WV,AEA,CE,Federal Contract Tower,0,2,7,0,9,0,4,40,20,64,0,6,47,20,73,110,26,136,209
06/19/2002,HLG,WV,AEA,CE,Federal Contract Tower,0,0,9,0,9,0,0,62,4,66,0,0,71,4,75,72,4,76,151
06/20/2002,HLG,WV,AEA,CE,Federal Contract Tower,0,0,7,0,7,0,0,45,3,48,0,0,52,3,55,60,0,60,115
06/21/2002,HLG,WV,AEA,CE,Federal Contract Tower,0,4,6,0,10,0,0,38,24,62,0,4,44,24,72,47,38,85,157
06/22/2002,HLG,WV,AEA,CE,Federal Contract Tower,0,2,5,0,7,0,2,57,30,89,0,4,62,30,96,124,94,218,314
06/23/2002,HLG,WV,AEA,CE,Federal Contract Tower,0,0,1,0,1,0,0,42,45,87,0,0,43,45,88,24,60,84,172
06/24/2002,HLG,WV,AEA,CE,Federal Contract Tower,0,0,0,0,0,0,3,61,0,64,0,3,61,0,64,46,0,46,110
06/25/2002,HLG,WV,AEA,CE,Federal Contract Tower,0,0,4,0,4,0,0,61,8,69,0,0,65,8,73,22,16,38,111
06/26/2002,HLG,WV,AEA,CE,Federal Contract Tower,0,0,1,0,1,0,0,37,7,44,0,0,38,7,45,36,16,52,97
06/27/2002,HLG,WV,AEA,CE,Federal Contract Tower,0,0,5,0,5,0,0,10,11,21,0,0,15,11,26,0,0,0,26
06/28/2002,HLG,WV,AEA,CE,Federal Contract Tower,0,5,12,0,17,0,0,62,24,86,0,5,74,24,103,80,0,80,183
06/29/2002,HLG,WV,AEA,CE,Federal Contract Tower,0,0,0,0,0,0,0,71,4,75,0,0,71,4,75,124,0,124,199
06/30/2002,HLG,WV,AEA,CE,Federal Contract Tower,0,2,6,0,8,0,0,69,5,74,0,2,75,5,82,0,0,0,82
07/01/2002,HLG,WV,AEA,CE,Federal Contract Tower,0,2,7,0,9,0,2,29,0,31,0,4,36,0,40,14,0,14,54
07/02/2002,HLG,WV,AEA,CE,Federal Contract Tower,0,2,9,1,12,0,0,44,3,47,0,2,53,4,59,34,10,44,103
07/03/2002,HLG,WV,AEA,CE,Federal Contract Tower,0,0,8,0,8,0,0,47,4,51,0,0,55,4,59,20,0,20,79
07/04/2002,HLG,WV,AEA,CE,Federal Contract Tower,0,0,3,0,3,0,0,80,0,80,0,0,83,0,83,56,0,56,139
07/05/2002,HLG,WV,AEA,CE,Federal Contract Tower,0,0,7,0,7,0,4,39,0,43,0,4,46,0,50,84,0,84,134
07/06/2002,HLG,WV,AEA,CE,Federal Contract Tower,0,0,10,0,10,0,4,90,0,94,0,4,100,0,104,78,0,78,182
07/07/2002,HLG,WV,AEA,CE,Federal Contract Tower,0,3,0,0,3,0,0,92,0,92,0,3,92,0,95,30,0,30,125
07/08/2002,HLG,WV,AEA,CE,Federal Contract Tower,0,3,7,0,10,0,0,58,4,62,0,3,65,4,72,24,0,24,96
07/09/2002,HLG,WV,AEA,CE,Federal Contract Tower,0,2,11,2,15,0,0,20,10,30,0,2,31,12,45,2,13,15,60
07/10/2002,HLG,WV,AEA,CE,Federal Contract Tower,0,1,9,0,10,0,0,54,3,57,0,1,63,3,67,24,0,24,91
07/11/2002,HLG,WV,AEA,CE,Federal Contract Tower,0,0,7,1,8,0,4,78,13,95,0,4,85,14,103,10,6,16,119
07/12/2002,HLG,WV,AEA,CE,Federal Contract Tower,0,1,8,0,9,0,0,90,6,96,0,1,98,6,105,7,0,7,112
07/13/2002,HLG,WV,AEA,CE,Federal Contract Tower,0,0,5,0,5,0,0,54,11,65,0,0,59,11,70,60,0,60,130
07/14/2002,HLG,WV,AEA,CE,Federal Contract Tower,0,2,8,0,10,0,0,35,0,35,0,2,43,0,45,92,0,92,137
07/15/2002,HLG,WV,AEA,CE,Federal Contract Tower,0,0,19,0,19,0,1,48,7,56,0,1,67,7,75,46,0,46,121
07/16/2002,HLG,WV,AEA,CE,Federal Contract Tower,0,3,12,0,15,0,0,51,5,56,0,3,63,5,71,70,0,70,141
07/17/2002,HLG,WV,AEA,CE,Federal Contract Tower,0,2,1,0,3,0,0,59,4,63,0,2,60,4,66,16,40,56,122
07/18/2002,HLG,WV,AEA,CE,Federal Contract Tower,0,7,2,0,9,0,3,34,2,39,0,10,36,2,48,22,10,32,80
07/19/2002,HLG,WV,AEA,CE,Federal Contract Tower,0,7,8,2,17,0,0,19,3,22,0,7,27,5,39,0,0,0,39
07/20/2002,HLG,WV,AEA,CE,Federal Contract Tower,0,1,8,0,9,0,4,65,7,76,0,5,73,7,85,76,8,84,169
07/21/2002,HLG,WV,AEA,CE,Federal Contract Tower,0,0,9,0,9,0,4,50,0,54,0,4,59,0,63,0,0,0,63
07/22/2002,HLG,WV,AEA,CE,Federal Contract Tower,0,2,0,0,2,0,0,38,0,38,0,2,38,0,40,24,0,24,64
07/23/2002,HLG,WV,AEA,CE,Federal Contract Tower,0,0,4,2,6,0,1,16,2,19,0,1,20,4,25,0,0,0,25
07/24/2002,HLG,WV,AEA,CE,Federal Contract Tower,0,0,11,0,11,0,0,62,2,64,0,0,73,2,75,50,0,50,125
07/25/2002,HLG,WV,AEA,CE,Federal Contract Tower,0,0,8,3,11,0,4,65,18,87,0,4,73,21,98,198,0,198,296
07/26/2002,HLG,WV,AEA,CE,Federal Contract Tower,0,2,7,0,9,0,0,29,7,36,0,2,36,7,45,66,88,154,199
07/27/2002,HLG,WV,AEA,CE,Federal Contract Tower,0,0,3,0,3,0,0,22,29,51,0,0,25,29,54,131,170,301,355
07/28/2002,HLG,WV,AEA,CE,Federal Contract Tower,0,2,1,0,3,0,0,49,9,58,0,2,50,9,61,120,42,162,223
07/29/2002,HLG,WV,AEA,CE,Federal Contract Tower,0,0,3,0,3,0,0,52,3,55,0,0,55,3,58,54,32,86,144
07/30/2002,HLG,WV,AEA,CE,Federal Contract Tower,0,2,5,0,7,0,0,39,5,44,0,2,44,5,51,82,2,84,135
07/31/2002,HLG,WV,AEA,CE,Federal Contract Tower,0,2,7,4,13,0,0,66,6,72,0,2,73,10,85,62,34,96,181
08/01/2002,HLG,WV,AEA,CE,Federal Contract Tower,0,1,5,0,6,0,4,62,15,81,0,5,67,15,87,118,30,148,235
08/02/2002,HLG,WV,AEA,CE,Federal Contract Tower,0,4,5,0,9,0,2,46,2,50,0,6,51,2,59,236,52,288,347
08/03/2002,HLG,WV,AEA,CE,Federal Contract Tower,0,0,1,0,1,0,0,24,0,24,0,0,25,0,25,24,0,24,49
08/04/2002,HLG,WV,AEA,CE,Federal Contract Tower,0,0,7,0,7,0,0,39,0,39,0,0,46,0,46,0,0,0,46
08/05/2002,HLG,WV,AEA,CE,Federal Contract Tower,0,0,0,0,0,0,0,34,5,39,0,0,34,5,39,36,2,38,77
08/06/2002,HLG,WV,AEA,CE,Federal Contract Tower,0,0,2,1,3,0,2,42,2,46,0,2,44,3,49,16,0,16,65
08/07/2002,HLG,WV,AEA,CE,Federal Contract Tower,0,2,5,0,7,0,0,74,18,92,0,2,79,18,99,36,54,90,189
08/08/2002,HLG,WV,AEA,CE,Federal Contract Tower,0,0,8,3,11,0,0,65,31,96,0,0,73,34,107,66,42,108,215
08/09/2002,HLG,WV,AEA,CE,Federal Contract Tower,0,3,7,0,10,0,0,57,9,66,0,3,64,9,76,62,0,62,138
08/10/2002,HLG,WV,AEA,CE,Federal Contract Tower,0,0,9,1,10,0,0,76,14,90,0,0,85,15,100,116,0,116,216
08/11/2002,HLG,WV,AEA,CE,Federal Contract Tower,0,2,10,0,12,0,0,44,10,54,0,2,54,10,66,14,18,32,98
08/12/2002,HLG,WV,AEA,CE,Federal Contract Tower,0,0,5,0,5,0,0,35,2,37,0,0,40,2,42,22,2,24,66
08/13/2002,HLG,WV,AEA,CE,Federal Contract Tower,0,2,9,0,11,0,0,49,8,57,0,2,58,8,68,26,0,26,94
08/14/2002,HLG,WV,AEA,CE,Federal Contract Tower,0,0,6,0,6,0,4,36,4,44,0,4,42,4,50,48,4,52,102
08/15/2002,HLG,WV,AEA,CE,Federal Contract Tower,0,2,7,0,9,0,0,45,1,46,0,2,52,1,55,66,0,66,121
08/16/2002,HLG,WV,AEA,CE,Federal Contract Tower,0,10,11,0,21,0,4,56,12,72,0,14,67,12,93,31,10,41,134
08/17/2002,HLG,WV,AEA,CE,Federal Contract Tower,0,2,0,0,2,0,0,33,0,33,0,2,33,0,35,176,0,176,211
08/18/2002,HLG,WV,AEA,CE,Federal Contract Tower,0,1,3,0,4,0,0,6,7,13,0,1,9,7,17,0,14,14,31
08/19/2002,HLG,WV,AEA,CE,Federal Contract Tower,0,0,6,0,6,0,0,30,0,30,0,0,36,0,36,12,0,12,48
08/20/2002,HLG,WV,AEA,CE,Federal Contract Tower,0,4,9,1,14,0,2,100,7,109,0,6,109,8,123,66,18,84,207
08/21/2002,HLG,WV,AEA,CE,Federal Contract Tower,0,2,10,0,12,0,2,66,0,68,0,4,76,0,80,32,0,32,112
08/22/2002,HLG,WV,AEA,CE,Federal Contract Tower,0,5,4,0,9,0,3,30,22,55,0,8,34,22,64,116,24,140,204
08/23/2002,HLG,WV,AEA,CE,Federal Contract Tower,0,7,6,0,13,0,5,27,6,38,0,12,33,6,51,40,0,40,91
08/24/2002,HLG,WV,AEA,CE,Federal Contract Tower,0,4,3,2,9,0,19,141,16,176,0,23,144,18,185,306,0,306,491
08/25/2002,HLG,WV,AEA,CE,Federal Contract Tower,0,0,6,0,6,0,6,303,9,318,0,6,309,9,324,86,52,138,462
08/26/2002,HLG,WV,AEA,CE,Federal Contract Tower,0,0,12,0,12,0,6,60,7,73,0,6,72,7,85,128,0,128,213
08/27/2002,HLG,WV,AEA,CE,Federal Contract Tower,0,0,4,0,4,0,0,45,14,59,0,0,49,14,63,60,44,104,167
08/28/2002,HLG,WV,AEA,CE,Federal Contract Tower,0,2,2,3,7,0,0,66,9,75,0,2,68,12,82,100,10,110,192
08/29/2002,HLG,WV,AEA,CE,Federal Contract Tower,0,0,11,2,13,0,0,64,12,76,0,0,75,14,89,60,0,60,149
08/30/2002,HLG,WV,AEA,CE,Federal Contract Tower,0,0,9,0,9,0,2,68,0,70,0,2,77,0,79,124,0,124,203
08/31/2002,HLG,WV,AEA,CE,Federal Contract Tower,0,0,6,0,6,0,9,66,0,75,0,9,72,0,81,176,0,176,257
09/01/2002,HLG,WV,AEA,CE,Federal Contract Tower,0,0,2,0,2,0,0,20,0,20,0,0,22,0,22,24,0,24,46
09/02/2002,HLG,WV,AEA,CE,Federal Contract Tower,0,0,2,0,2,0,0,87,0,87,0,0,89,0,89,76,0,76,165
09/03/2002,HLG,WV,AEA,CE,Federal Contract Tower,0,0,2,0,2,0,0,39,4,43,0,0,41,4,45,0,0,0,45
09/04/2002,HLG,WV,AEA,CE,Federal Contract Tower,0,5,5,3,13,0,4,66,8,78,0,9,71,11,91,125,2,127,218
09/05/2002,HLG,WV,AEA,CE,Federal Contract Tower,0,0,7,1,8,0,0,88,11,99,0,0,95,12,107,86,61,147,254
09/06/2002,HLG,WV,AEA,CE,Federal Contract Tower,0,7,2,0,9,0,6,102,10,118,0,13,104,10,127,60,22,82,209
09/07/2002,HLG,WV,AEA,CE,Federal Contract Tower,0,0,5,0,5,0,8,96,1,105,0,8,101,1,110,146,0,146,256
09/08/2002,HLG,WV,AEA,CE,Federal Contract Tower,0,1,4,0,5,0,0,68,0,68,0,1,72,0,73,10,0,10,83
09/09/2002,HLG,WV,AEA,CE,Federal Contract Tower,0,2,9,0,11,0,2,74,0,76,0,4,83,0,87,32,0,32,119
09/10/2002,HLG,WV,AEA,CE,Federal Contract Tower,0,0,5,2,7,0,2,32,7,41,0,2,37,9,48,4,57,61,109
09/11/2002,HLG,WV,AEA,CE,Federal Contract Tower,0,0,3,2,5,0,4,48,10,62,0,4,51,12,67,8,18,26,93
09/12/2002,HLG,WV,AEA,CE,Federal Contract Tower,0,8,3,2,13,0,2,57,23,82,0,10,60,25,95,10,10,20,115
09/13/2002,HLG,WV,AEA,CE,Federal Contract Tower,0,2,3,3,8,0,0,53,3,56,0,2,56,6,64,50,0,50,114
09/14/2002,HLG,WV,AEA,CE,Federal Contract Tower,0,0,3,0,3,0,2,40,12,54,0,2,43,12,57,36,68,104,161
09/15/2002,HLG,WV,AEA,CE,Federal Contract Tower,0,0,3,0,3,0,4,9,3,16,0,4,12,3,19,48,16,64,83
09/16/2002,HLG,WV,AEA,CE,Federal Contract Tower,0,3,6,0,9,0,1,6,3,10,0,4,12,3,19,48,16,64,83
09/17/2002,HLG,WV,AEA,CE,Federal Contract Tower,0,0,2,1,3,0,5,51,0,56,0,5,53,1,59,16,0,16,75
09/18/2002,HLG,WV,AEA,CE,Federal Contract Tower,0,0,2,1,3,0,0,66,6,72,0,0,68,7,75,30,8,38,113
09/19/2002,HLG,WV,AEA,CE,Federal Contract Tower,0,0,3,2,5,0,0,45,26,71,0,0,48,28,76,90,30,120,196
09/20/2002,HLG,WV,AEA,CE,Federal Contract Tower,0,0,4,0,4,0,4,54,10,68,0,4,58,10,72,40,0,40,112
09/21/2002,HLG,WV,AEA,CE,Federal Contract Tower,0,1,2,0,3,0,4,29,0,33,0,5,31,0,36,58,0,58,94
09/22/2002,HLG,WV,AEA,CE,Federal Contract Tower,0,0,14,0,14,0,0,46,0,46,0,0,60,0,60,8,0,8,68
09/23/2002,HLG,WV,AEA,CE,Federal Contract Tower,0,0,4,2,6,0,0,84,7,91,0,0,88,9,97,58,0,58,155
09/24/2002,HLG,WV,AEA,CE,Federal Contract Tower,0,1,5,3,9,0,0,59,15,74,0,1,64,18,83,76,34,110,193
09/25/2002,HLG,WV,AEA,CE,Federal Contract Tower,0,2,5,0,7,0,0,51,3,54,0,2,56,3,61,74,10,84,145
09/26/2002,HLG,WV,AEA,CE,Federal Contract Tower,0,0,8,4,12,0,2,6,6,14,0,2,14,10,26,10,8,18,44
09/27/2002,HLG,WV,AEA,CE,Federal Contract Tower,0,0,4,0,4,0,0,0,0,0,0,0,4,0,4,0,0,0,4
09/28/2002,HLG,WV,AEA,CE,Federal Contract Tower,0,0,6,0,6,0,2,40,0,42,0,2,46,0,48,138,0,138,186
09/29/2002,HLG,WV,AEA,CE,Federal Contract Tower,0,2,5,0,7,0,6,69,0,75,0,8,74,0,82,110,0,110,192
09/30/2002,HLG,WV,AEA,CE,Federal Contract Tower,0,0,12,0,12,0,0,57,0,57,0,0,69,0,69,50,0,50,119
10/01/2002,HLG,WV,AEA,CE,Federal Contract Tower,0,3,7,0,10,0,1,56,2,59,0,4,63,2,69,68,2,70,139
10/02/2002,HLG,WV,AEA,CE,Federal Contract Tower,0,0,19,2,21,0,0,38,3,41,0,0,57,5,62,88,8,96,158
10/03/2002,HLG,WV,AEA,CE,Federal Contract Tower,0,2,6,0,8,0,4,54,0,58,0,6,60,0,66,49,0,49,115
10/04/2002,HLG,WV,AEA,CE,Federal Contract Tower,0,0,5,2,7,0,0,26,6,32,0,0,31,8,39,46,38,84,123
10/05/2002,HLG,WV,AEA,CE,Federal Contract Tower,0,0,10,0,10,0,0,55,15,70,0,0,65,15,80,104,60,164,244
10/06/2002,HLG,WV,AEA,CE,Federal Contract Tower,0,0,11,0,11,0,4,91,12,107,0,4,102,12,118,120,118,238,356
10/07/2002,HLG,WV,AEA,CE,Federal Contract Tower,2,2,4,0,8,0,0,53,1,54,2,2,57,1,62,66,0,66,128
10/08/2002,HLG,WV,AEA,CE,Federal Contract Tower,0,2,5,1,8,0,0,61,9,70,0,2,66,10,78,44,20,64,142
10/09/2002,HLG,WV,AEA,CE,Federal Contract Tower,0,2,4,0,6,0,0,53,9,62,0,2,57,9,68,50,26,76,144
10/10/2002,HLG,WV,AEA,CE,Federal Contract Tower,0,4,2,1,7,0,0,29,7,36,0,4,31,8,43,32,0,32,75
10/11/2002,HLG,WV,AEA,CE,Federal Contract Tower,0,4,7,0,11,0,0,16,1,17,0,4,23,1,28,10,0,10,38
10/12/2002,HLG,WV,AEA,CE,Federal Contract Tower,0,0,14,2,16,0,0,19,0,19,0,0,33,2,35,68,0,68,103
10/13/2002,HLG,WV,AEA,CE,Federal Contract Tower,0,0,1,0,1,0,0,14,0,14,0,0,15,0,15,22,0,22,37
10/14/2002,HLG,WV,AEA,CE,Federal Contract Tower,0,0,1,0,1,0,0,56,0,56,0,0,57,0,57,26,0,26,83
10/15/2002,HLG,WV,AEA,CE,Federal Contract Tower,0,2,3,0,5,0,4,44,6,54,0,6,47,6,59,95,26,121,180
10/16/2002,HLG,WV,AEA,CE,Federal Contract Tower,0,1,3,0,4,0,0,0,0,0,0,1,3,0,4,0,0,0,4
10/17/2002,HLG,WV,AEA,CE,Federal Contract Tower,0,2,1,0,3,0,0,13,4,17,0,2,14,4,20,104,0,104,124
10/18/2002,HLG,WV,AEA,CE,Federal Contract Tower,0,3,0,0,3,0,2,33,20,55,0,5,33,20,58,0,58,58,116
10/19/2002,HLG,WV,AEA,CE,Federal Contract Tower,0,0,2,0,2,0,0,4,2,6,0,0,6,2,8,56,24,80,88
10/20/2002,HLG,WV,AEA,CE,Federal Contract Tower,0,1,5,0,6,0,0,48,14,62,0,1,53,14,68,18,0,18,86
10/21/2002,HLG,WV,AEA,CE,Federal Contract Tower,0,4,5,0,9,0,2,51,7,60,0,6,56,7,69,68,0,68,137
10/22/2002,HLG,WV,AEA,CE,Federal Contract Tower,0,0,5,3,8,0,0,66,9,75,0,0,71,12,83,52,62,114,197
10/23/2002,HLG,WV,AEA,CE,Federal Contract Tower,0,0,1,0,1,0,0,30,9,39,0,0,31,9,40,6,38,44,84
10/24/2002,HLG,WV,AEA,CE,Federal Contract Tower,0,4,6,2,12,0,2,55,23,80,0,6,61,25,92,85,20,105,197
10/25/2002,HLG,WV,AEA,CE,Federal Contract Tower,0,4,4,0,8,0,0,35,7,42,0,4,39,7,50,56,52,108,158
10/26/2002,HLG,WV,AEA,CE,Federal Contract Tower,0,3,5,0,8,0,0,11,0,11,0,3,16,0,19,72,0,72,91
10/27/2002,HLG,WV,AEA,CE,Federal Contract Tower,0,0,3,0,3,0,0,55,6,61,0,0,58,6,64,52,0,52,116
10/28/2002,HLG,WV,AEA,CE,Federal Contract Tower,0,0,2,0,2,0,0,33,5,38,0,0,35,5,40,32,0,32,72
10/29/2002,HLG,WV,AEA,CE,Federal Contract Tower,0,1,3,0,4,0,0,0,4,4,0,1,3,4,8,0,0,0,8
10/30/2002,HLG,WV,AEA,CE,Federal Contract Tower,0,2,2,0,4,0,0,0,2,2,0,2,2,2,6,0,44,44,50
10/31/2002,HLG,WV,AEA,CE,Federal Contract Tower,0,4,7,0,11,0,0,13,4,17,0,4,20,4,28,6,2,8,36
11/01/2002,HLG,WV,AEA,CE,Federal Contract Tower,0,1,8,0,9,0,0,16,3,19,0,1,24,3,28,8,0,8,36
11/02/2002,HLG,WV,AEA,CE,Federal Contract Tower,0,0,13,1,14,0,0,57,12,69,0,0,70,13,83,102,2,104,187
11/03/2002,HLG,WV,AEA,CE,Federal Contract Tower,0,0,2,2,4,0,0,66,8,74,0,0,68,10,78,44,0,44,122
11/04/2002,HLG,WV,AEA,CE,Federal Contract Tower,0,0,0,0,0,0,0,0,0,0,0,0,0,0,0,0,0,0,0
11/05/2002,HLG,WV,AEA,CE,Federal Contract Tower,0,2,0,4,6,0,2,2,12,16,0,4,2,16,22,0,32,32,54
11/06/2002,HLG,WV,AEA,CE,Federal Contract Tower,0,2,3,1,6,0,2,9,3,14,0,4,12,4,20,24,0,24,44
11/07/2002,HLG,WV,AEA,CE,Federal Contract Tower,0,2,2,0,4,0,4,11,5,20,0,6,13,5,24,26,66,92,116
11/08/2002,HLG,WV,AEA,CE,Federal Contract Tower,0,0,5,0,5,0,0,25,32,57,0,0,30,32,62,56,140,196,258
11/09/2002,HLG,WV,AEA,CE,Federal Contract Tower,0,0,5,0,5,0,0,46,27,73,0,0,51,27,78,64,112,176,254
11/10/2002,HLG,WV,AEA,CE,Federal Contract Tower,0,2,0,0,2,0,0,0,22,22,0,2,0,22,24,0,71,71,95
11/11/2002,HLG,WV,AEA,CE,Federal Contract Tower,0,0,1,0,1,0,0,59,0,59,0,0,60,0,60,68,0,68,128
11/12/2002,HLG,WV,AEA,CE,Federal Contract Tower,0,2,0,2,4,0,1,30,8,39,0,3,30,10,43,148,68,216,259
11/13/2002,HLG,WV,AEA,CE,Federal Contract Tower,0,2,8,0,10,0,0,62,0,62,0,2,70,0,72,56,0,56,128
11/14/2002,HLG,WV,AEA,CE,Federal Contract Tower,0,1,7,0,8,0,6,24,13,43,0,7,31,13,51,92,68,160,211
11/15/2002,HLG,WV,AEA,CE,Federal Contract Tower,0,2,2,4,8,0,0,6,18,24,0,2,8,22,32,6,274,280,312
11/16/2002,HLG,WV,AEA,CE,Federal Contract Tower,0,1,2,7,10,0,0,0,6,6,0,1,2,13,16,0,216,216,232
11/17/2002,HLG,WV,AEA,CE,Federal Contract Tower,0,0,0,3,3,0,0,0,2,2,0,0,0,5,5,0,159,159,164
11/18/2002,HLG,WV,AEA,CE,Federal Contract Tower,0,0,2,1,3,0,0,46,6,52,0,0,48,7,55,20,112,132,187
11/19/2002,HLG,WV,AEA,CE,Federal Contract Tower,0,2,4,3,9,0,1,37,18,56,0,3,41,21,65,24,110,134,199
11/20/2002,HLG,WV,AEA,CE,Federal Contract Tower,0,1,0,7,8,0,9,66,9,84,0,10,66,16,92,44,32,76,168
11/21/2002,HLG,WV,AEA,CE,Federal Contract Tower,0,4,6,1,11,0,1,22,9,32,0,5,28,10,43,51,30,81,124
11/22/2002,HLG,WV,AEA,CE,Federal Contract Tower,0,6,3,0,9,0,2,6,6,14,0,8,9,6,23,24,24,48,71
11/23/2002,HLG,WV,AEA,CE,Federal Contract Tower,0,3,8,0,11,0,8,50,0,58,0,11,58,0,69,66,0,66,135
11/24/2002,HLG,WV,AEA,CE,Federal Contract Tower,0,0,4,0,4,0,0,95,0,95,0,0,99,0,99,142,0,142,241
11/25/2002,HLG,WV,AEA,CE,Federal Contract Tower,0,0,5,3,8,0,0,16,16,32,0,0,21,19,40,66,6,72,112
11/26/2002,HLG,WV,AEA,CE,Federal Contract Tower,0,0,0,2,2,0,0,15,10,25,0,0,15,12,27,22,0,22,49
11/27/2002,HLG,WV,AEA,CE,Federal Contract Tower,0,0,6,0,6,0,0,4,0,4,0,0,10,0,10,0,0,0,10
11/28/2002,HLG,WV,AEA,CE,Federal Contract Tower,0,0,4,0,4,0,0,6,0,6,0,0,10,0,10,0,0,0,10
11/29/2002,HLG,WV,AEA,CE,Federal Contract Tower,0,2,1,0,3,0,4,24,0,28,0,6,25,0,31,0,0,0,31
11/30/2002,HLG,WV,AEA,CE,Federal Contract Tower,0,0,0,0,0,0,0,12,0,12,0,0,12,0,12,8,0,8,20
12/01/2002,HLG,WV,AEA,CE,Federal Contract Tower,0,0,2,0,2,0,0,14,5,19,0,0,16,5,21,0,0,0,21
12/02/2002,HLG,WV,AEA,CE,Federal Contract Tower,0,0,2,0,2,0,6,25,0,31,0,6,27,0,33,20,0,20,53
12/03/2002,HLG,WV,AEA,CE,Federal Contract Tower,0,0,0,0,0,0,0,50,7,57,0,0,50,7,57,24,18,42,99
12/04/2002,HLG,WV,AEA,CE,Federal Contract Tower,0,3,8,0,11,0,1,37,0,38,0,4,45,0,49,30,0,30,79
12/05/2002,HLG,WV,AEA,CE,Federal Contract Tower,0,2,1,0,3,0,0,8,0,8,0,2,9,0,11,18,0,18,29
12/06/2002,HLG,WV,AEA,CE,Federal Contract Tower,0,1,3,3,7,0,0,23,13,36,0,1,26,16,43,92,92,184,227
12/07/2002,HLG,WV,AEA,CE,Federal Contract Tower,0,0,2,2,4,0,0,74,15,89,0,0,76,17,93,240,28,268,361
12/08/2002,HLG,WV,AEA,CE,Federal Contract Tower,0,2,0,2,4,0,0,6,23,29,0,2,6,25,33,0,88,88,121
12/09/2002,HLG,WV,AEA,CE,Federal Contract Tower,0,0,4,0,4,0,0,33,2,35,0,0,37,2,39,82,0,82,121
12/10/2002,HLG,WV,AEA,CE,Federal Contract Tower,0,0,10,2,12,0,0,39,5,44,0,0,49,7,56,126,0,126,182
12/11/2002,HLG,WV,AEA,CE,Federal Contract Tower,0,0,2,0,2,0,0,0,0,0,0,0,2,0,2,0,0,0,2
12/12/2002,HLG,WV,AEA,CE,Federal Contract Tower,0,5,2,0,7,0,0,19,6,25,0,5,21,6,32,184,16,200,232
12/13/2002,HLG,WV,AEA,CE,Federal Contract Tower,0,2,2,0,4,0,0,16,15,31,0,2,18,15,35,10,320,330,365
12/14/2002,HLG,WV,AEA,CE,Federal Contract Tower,0,1,0,0,1,0,0,7,4,11,0,1,7,4,12,162,150,312,324
12/15/2002,HLG,WV,AEA,CE,Federal Contract Tower,0,3,3,0,6,0,2,25,1,28,0,5,28,1,34,52,0,52,86
12/16/2002,HLG,WV,AEA,CE,Federal Contract Tower,0,0,2,0,2,0,0,28,0,28,0,0,30,0,30,290,0,290,320
12/17/2002,HLG,WV,AEA,CE,Federal Contract Tower,0,1,18,0,19,0,0,56,19,75,0,1,74,19,94,107,142,249,343
12/18/2002,HLG,WV,AEA,CE,Federal Contract Tower,0,2,8,0,10,0,0,51,2,53,0,2,59,2,63,48,2,50,113
12/19/2002,HLG,WV,AEA,CE,Federal Contract Tower,0,3,2,0,5,0,0,14,3,17,0,3,16,3,22,80,0,80,102
12/20/2002,HLG,WV,AEA,CE,Federal Contract Tower,0,2,6,0,8,0,0,27,0,27,0,2,33,0,35,14,0,14,49
12/21/2002,HLG,WV,AEA,CE,Federal Contract Tower,0,2,1,0,3,0,2,20,0,22,0,4,21,0,25,0,0,0,25
12/22/2002,HLG,WV,AEA,CE,Federal Contract Tower,0,3,1,0,4,0,0,0,0,0,0,3,1,0,4,0,0,0,4
12/23/2002,HLG,WV,AEA,CE,Federal Contract Tower,0,0,2,0,2,0,0,8,0,8,0,0,10,0,10,6,0,6,16
12/24/2002,HLG,WV,AEA,CE,Federal Contract Tower,0,0,4,0,4,0,0,11,0,11,0,0,15,0,15,64,0,64,79
12/25/2002,HLG,WV,AEA,CE,Federal Contract Tower,0,0,0,0,0,0,0,0,0,0,0,0,0,0,0,0,0,0,0
12/26/2002,HLG,WV,AEA,CE,Federal Contract Tower,0,1,10,0,11,0,0,34,0,34,0,1,44,0,45,114,0,114,159
12/27/2002,HLG,WV,AEA,CE,Federal Contract Tower,0,0,4,1,5,0,0,41,1,42,0,0,45,2,47,146,2,148,195
12/28/2002,HLG,WV,AEA,CE,Federal Contract Tower,0,0,8,0,8,0,0,23,0,23,0,0,31,0,31,58,0,58,89
12/29/2002,HLG,WV,AEA,CE,Federal Contract Tower,0,0,9,0,9,0,0,55,2,57,0,0,64,2,66,24,0,24,90
12/30/2002,HLG,WV,AEA,CE,Federal Contract Tower,0,0,0,0,0,0,0,15,0,15,0,0,15,0,15,25,0,25,40
12/31/2002,HLG,WV,AEA,CE,Federal Contract Tower,0,0,2,0,2,0,0,16,0,16,0,0,18,0,18,84,0,84,102
01/01/2003,HLG,WV,AEA,CE,Federal Contract Tower,0,0,0,0,0,0,0,0,0,0,0,0,0,0,0,0,0,0,0
01/02/2003,HLG,WV,AEA,CE,Federal Contract Tower,0,2,0,0,2,0,0,0,0,0,0,2,0,0,2,0,0,0,2
01/03/2003,HLG,WV,AEA,CE,Federal Contract Tower,0,2,0,0,2,0,0,0,6,6,0,2,0,6,8,0,103,103,111
01/04/2003,HLG,WV,AEA,CE,Federal Contract Tower,0,0,0,0,0,0,0,4,0,4,0,0,4,0,4,80,0,80,84
01/05/2003,HLG,WV,AEA,CE,Federal Contract Tower,0,0,2,0,2,0,0,1,0,1,0,0,3,0,3,0,0,0,3
01/06/2003,HLG,WV,AEA,CE,Federal Contract Tower,0,0,0,0,0,0,0,0,0,0,0,0,0,0,0,0,0,0,0
01/07/2003,HLG,WV,AEA,CE,Federal Contract Tower,0,0,2,3,5,0,0,23,18,41,0,0,25,21,46,0,14,14,60
01/08/2003,HLG,WV,AEA,CE,Federal Contract Tower,0,2,2,1,5,0,0,14,1,15,0,2,16,2,20,22,2,24,44
01/09/2003,HLG,WV,AEA,CE,Federal Contract Tower,0,3,2,0,5,0,1,15,4,20,0,4,17,4,25,10,28,38,63
01/10/2003,HLG,WV,AEA,CE,Federal Contract Tower,0,1,2,0,3,0,0,5,7,12,0,1,7,7,15,0,0,0,15
01/11/2003,HLG,WV,AEA,CE,Federal Contract Tower,0,1,6,0,7,0,0,30,4,34,0,1,36,4,41,32,4,36,77
01/12/2003,HLG,WV,AEA,CE,Federal Contract Tower,0,0,2,0,2,0,0,63,4,67,0,0,65,4,69,108,0,108,177
01/13/2003,HLG,WV,AEA,CE,Federal Contract Tower,0,0,0,0,0,0,0,43,2,45,0,0,43,2,45,36,0,36,81
01/14/2003,HLG,WV,AEA,CE,Federal Contract Tower,0,0,4,0,4,0,0,6,2,8,0,0,10,2,12,26,52,78,90
01/15/2003,HLG,WV,AEA,CE,Federal Contract Tower,0,1,2,0,3,0,1,13,4,18,0,2,15,4,21,18,40,58,79
01/16/2003,HLG,WV,AEA,CE,Federal Contract Tower,0,2,2,2,6,0,2,34,18,54,0,4,36,20,60,28,120,148,208
01/17/2003,HLG,WV,AEA,CE,Federal Contract Tower,0,3,2,2,7,0,0,13,9,22,0,3,15,11,29,0,30,30,59
01/18/2003,HLG,WV,AEA,CE,Federal Contract Tower,0,1,1,0,2,0,0,60,1,61,0,1,61,1,63,300,0,300,363
01/19/2003,HLG,WV,AEA,CE,Federal Contract Tower,0,0,2,0,2,0,4,15,0,19,0,4,17,0,21,130,0,130,151
01/20/2003,HLG,WV,AEA,CE,Federal Contract Tower,0,0,5,0,5,0,0,0,0,0,0,0,5,0,5,0,0,0,5
01/21/2003,HLG,WV,AEA,CE,Federal Contract Tower,0,1,7,0,8,0,0,5,0,5,0,1,12,0,13,6,0,6,19
01/22/2003,HLG,WV,AEA,CE,Federal Contract Tower,0,1,6,2,9,0,0,33,6,39,0,1,39,8,48,2,90,92,140
01/23/2003,HLG,WV,AEA,CE,Federal Contract Tower,0,4,5,0,9,0,0,15,4,19,0,4,20,4,28,10,80,90,118
01/24/2003,HLG,WV,AEA,CE,Federal Contract Tower,0,1,0,0,1,0,0,4,16,20,0,1,4,16,21,0,370,370,391
01/25/2003,HLG,WV,AEA,CE,Federal Contract Tower,0,0,2,1,3,0,2,46,44,92,0,2,48,45,95,122,234,356,451
01/26/2003,HLG,WV,AEA,CE,Federal Contract Tower,0,0,0,0,0,0,0,0,0,0,0,0,0,0,0,0,172,172,172
01/27/2003,HLG,WV,AEA,CE,Federal Contract Tower,0,2,13,0,15,0,0,20,0,20,0,2,33,0,35,136,0,136,171
01/28/2003,HLG,WV,AEA,CE,Federal Contract Tower,0,0,1,0,1,0,0,7,11,18,0,0,8,11,19,0,32,32,51
01/29/2003,HLG,WV,AEA,CE,Federal Contract Tower,0,0,0,1,1,0,0,4,7,11,0,0,4,8,12,0,0,0,12
01/30/2003,HLG,WV,AEA,CE,Federal Contract Tower,0,0,1,8,9,0,0,21,7,28,0,0,22,15,37,66,32,98,135
01/31/2003,HLG,WV,AEA,CE,Federal Contract Tower,0,1,6,0,7,0,5,29,2,36,0,6,35,2,43,186,20,206,249
02/01/2003,HLG,WV,AEA,CE,Federal Contract Tower,0,0,2,0,2,0,0,0,0,0,0,0,2,0,2,0,0,0,2
02/02/2003,HLG,WV,AEA,CE,Federal Contract Tower,0,0,5,5,10,0,0,1,4,5,0,0,6,9,15,0,0,0,15
02/03/2003,HLG,WV,AEA,CE,Federal Contract Tower,0,0,9,0,9,0,0,25,4,29,0,0,34,4,38,12,0,12,50
02/04/2003,HLG,WV,AEA,CE,Federal Contract Tower,0,0,1,0,1,0,0,0,0,0,0,0,1,0,1,0,0,0,1
02/05/2003,HLG,WV,AEA,CE,Federal Contract Tower,0,4,12,0,16,0,0,37,3,40,0,4,49,3,56,34,0,34,90
02/06/2003,HLG,WV,AEA,CE,Federal Contract Tower,0,0,2,0,2,0,0,6,8,14,0,0,8,8,16,0,0,0,16
02/07/2003,HLG,WV,AEA,CE,Federal Contract Tower,0,0,4,2,6,0,0,13,21,34,0,0,17,23,40,0,102,102,142
02/08/2003,HLG,WV,AEA,CE,Federal Contract Tower,0,1,10,0,11,0,0,59,13,72,0,1,69,13,83,191,4,195,278
02/09/2003,HLG,WV,AEA,CE,Federal Contract Tower,0,2,2,0,4,0,8,13,28,49,0,10,15,28,53,204,20,224,277
02/10/2003,HLG,WV,AEA,CE,Federal Contract Tower,0,0,0,0,0,0,0,0,0,0,0,0,0,0,0,0,0,0,0
02/11/2003,HLG,WV,AEA,CE,Federal Contract Tower,0,1,3,0,4,0,0,0,6,6,0,1,3,6,10,0,24,24,34
02/12/2003,HLG,WV,AEA,CE,Federal Contract Tower,0,0,0,1,1,0,0,2,1,3,0,0,2,2,4,0,0,0,4
02/13/2003,HLG,WV,AEA,CE,Federal Contract Tower,0,0,5,0,5,0,0,15,6,21,0,0,20,6,26,22,2,24,50
02/14/2003,HLG,WV,AEA,CE,Federal Contract Tower,0,0,7,0,7,0,0,38,0,38,0,0,45,0,45,42,0,42,87
02/15/2003,HLG,WV,AEA,CE,Federal Contract Tower,0,1,0,0,1,0,0,28,0,28,0,1,28,0,29,106,0,106,135
02/16/2003,HLG,WV,AEA,CE,Federal Contract Tower,0,0,0,0,0,0,0,0,0,0,0,0,0,0,0,0,0,0,0
02/17/2003,HLG,WV,AEA,CE,Federal Contract Tower,0,0,1,0,1,0,0,0,0,0,0,0,1,0,1,0,0,0,1
02/18/2003,HLG,WV,AEA,CE,Federal Contract Tower,0,0,4,0,4,0,0,2,0,2,0,0,6,0,6,0,0,0,6
02/19/2003,HLG,WV,AEA,CE,Federal Contract Tower,0,2,0,0,2,0,4,0,4,8,0,6,0,4,10,0,0,0,10
02/20/2003,HLG,WV,AEA,CE,Federal Contract Tower,0,6,3,0,9,0,0,29,6,35,0,6,32,6,44,24,0,24,68
02/21/2003,HLG,WV,AEA,CE,Federal Contract Tower,0,1,4,10,15,0,7,14,7,28,0,8,18,17,43,6,18,24,67
02/22/2003,HLG,WV,AEA,CE,Federal Contract Tower,0,0,6,0,6,0,0,20,0,20,0,0,26,0,26,14,0,14,40
02/23/2003,HLG,WV,AEA,CE,Federal Contract Tower,0,2,0,0,2,0,0,1,0,1,0,2,1,0,3,0,0,0,3
02/24/2003,HLG,WV,AEA,CE,Federal Contract Tower,0,1,2,0,3,0,0,0,0,0,0,1,2,0,3,0,0,0,3
02/25/2003,HLG,WV,AEA,CE,Federal Contract Tower,0,4,7,0,11,0,0,5,11,16,0,4,12,11,27,4,12,16,43
02/26/2003,HLG,WV,AEA,CE,Federal Contract Tower,0,7,3,0,10,0,1,16,8,25,0,8,19,8,35,22,119,141,176
02/27/2003,HLG,WV,AEA,CE,Federal Contract Tower,0,3,15,4,22,0,0,21,24,45,0,3,36,28,67,30,40,70,137
02/28/2003,HLG,WV,AEA,CE,Federal Contract Tower,0,1,4,0,5,0,0,28,7,35,0,1,32,7,40,12,40,52,92
03/01/2003,HLG,WV,AEA,CE,Federal Contract Tower,0,0,3,0,3,0,0,8,0,8,0,0,11,0,11,125,0,125,136
03/02/2003,HLG,WV,AEA,CE,Federal Contract Tower,0,0,0,1,1,0,0,1,5,6,0,0,1,6,7,0,0,0,7
03/03/2003,HLG,WV,AEA,CE,Federal Contract Tower,0,1,2,0,3,0,0,26,4,30,0,1,28,4,33,14,4,18,51
03/04/2003,HLG,WV,AEA,CE,Federal Contract Tower,0,3,5,1,9,0,0,40,23,63,0,3,45,24,72,38,60,98,170
03/05/2003,HLG,WV,AEA,CE,Federal Contract Tower,0,1,0,1,2,0,0,0,5,5,0,1,0,6,7,0,228,228,235
03/06/2003,HLG,WV,AEA,CE,Federal Contract Tower,0,1,3,0,4,0,0,11,7,18,0,1,14,7,22,38,38,76,98
03/07/2003,HLG,WV,AEA,CE,Federal Contract Tower,0,0,4,0,4,0,4,33,16,53,0,4,37,16,57,28,55,83,140
03/08/2003,HLG,WV,AEA,CE,Federal Contract Tower,0,0,2,1,3,0,0,112,41,153,0,0,114,42,156,104,292,396,552
03/09/2003,HLG,WV,AEA,CE,Federal Contract Tower,0,0,1,0,1,0,0,14,13,27,0,0,15,13,28,6,200,206,234
03/10/2003,HLG,WV,AEA,CE,Federal Contract Tower,0,1,9,0,10,0,0,27,17,44,0,1,36,17,54,8,0,8,62
03/11/2003,HLG,WV,AEA,CE,Federal Contract Tower,0,1,3,1,5,0,0,53,16,69,0,1,56,17,74,10,96,106,180
03/12/2003,HLG,WV,AEA,CE,Federal Contract Tower,0,2,6,0,8,0,0,66,1,67,0,2,72,1,75,68,0,68,143
03/13/2003,HLG,WV,AEA,CE,Federal Contract Tower,0,0,6,4,10,0,0,0,0,0,0,0,6,4,10,0,12,12,22
03/14/2003,HLG,WV,AEA,CE,Federal Contract Tower,0,1,7,0,8,0,0,72,5,77,0,1,79,5,85,66,56,122,207
03/15/2003,HLG,WV,AEA,CE,Federal Contract Tower,0,1,2,2,5,0,0,113,32,145,0,1,115,34,150,420,0,420,570
03/16/2003,HLG,WV,AEA,CE,Federal Contract Tower,0,1,1,0,2,0,0,107,1,108,0,1,108,1,110,377,0,377,487
03/17/2003,HLG,WV,AEA,CE,Federal Contract Tower,0,0,3,0,3,0,0,51,0,51,0,0,54,0,54,80,0,80,134
03/18/2003,HLG,WV,AEA,CE,Federal Contract Tower,0,1,4,0,5,0,0,57,13,70,0,1,61,13,75,88,22,110,185
03/19/2003,HLG,WV,AEA,CE,Federal Contract Tower,0,3,2,1,6,0,0,17,27,44,0,3,19,28,50,0,0,0,50
03/20/2003,HLG,WV,AEA,CE,Federal Contract Tower,0,2,6,0,8,0,0,32,1,33,0,2,38,1,41,36,0,36,77
03/21/2003,HLG,WV,AEA,CE,Federal Contract Tower,0,2,5,0,7,0,6,23,11,40,0,8,28,11,47,18,60,78,125
03/22/2003,HLG,WV,AEA,CE,Federal Contract Tower,0,0,11,0,11,0,4,74,8,86,0,4,85,8,97,170,0,170,267
03/23/2003,HLG,WV,AEA,CE,Federal Contract Tower,0,0,8,0,8,0,0,70,1,71,0,0,78,1,79,70,0,70,149
03/24/2003,HLG,WV,AEA,CE,Federal Contract Tower,0,2,5,4,11,0,0,74,14,88,0,2,79,18,99,46,34,80,179
03/25/2003,HLG,WV,AEA,CE,Federal Contract Tower,0,9,11,0,20,0,0,50,11,61,0,9,61,11,81,16,30,46,127
03/26/2003,HLG,WV,AEA,CE,Federal Contract Tower,0,2,8,0,10,0,0,43,2,45,0,2,51,2,55,76,30,106,161
03/27/2003,HLG,WV,AEA,CE,Federal Contract Tower,0,3,11,0,14,0,4,71,7,82,0,7,82,7,96,22,0,22,118
03/28/2003,HLG,WV,AEA,CE,Federal Contract Tower,0,3,2,0,5,0,2,13,4,19,0,5,15,4,24,0,0,0,24
03/29/2003,HLG,WV,AEA,CE,Federal Contract Tower,0,0,4,0,4,0,0,16,0,16,0,0,20,0,20,40,0,40,60
03/30/2003,HLG,WV,AEA,CE,Federal Contract Tower,0,0,2,0,2,0,0,6,2,8,0,0,8,2,10,0,0,0,10
03/31/2003,HLG,WV,AEA,CE,Federal Contract Tower,0,1,4,0,5,0,0,4,0,4,0,1,8,0,9,66,0,66,75
04/01/2003,HLG,WV,AEA,CE,Federal Contract Tower,0,3,1,0,4,0,1,17,17,35,0,4,18,17,39,12,0,12,51
04/02/2003,HLG,WV,AEA,CE,Federal Contract Tower,0,2,2,3,7,0,0,24,37,61,0,2,26,40,68,18,0,18,86
04/03/2003,HLG,WV,AEA,CE,Federal Contract Tower,0,2,10,0,12,0,0,56,6,62,0,2,66,6,74,24,81,105,179
04/04/2003,HLG,WV,AEA,CE,Federal Contract Tower,0,1,7,0,8,0,0,14,5,19,0,1,21,5,27,40,40,80,107
04/05/2003,HLG,WV,AEA,CE,Federal Contract Tower,0,0,2,0,2,0,0,18,1,19,0,0,20,1,21,50,0,50,71
04/06/2003,HLG,WV,AEA,CE,Federal Contract Tower,0,0,14,0,14,0,2,32,8,42,0,2,46,8,56,34,0,34,90
04/07/2003,HLG,WV,AEA,CE,Federal Contract Tower,0,1,1,1,3,0,0,0,1,1,0,1,1,2,4,0,50,50,54
04/08/2003,HLG,WV,AEA,CE,Federal Contract Tower,0,1,4,0,5,0,0,9,11,20,0,1,13,11,25,116,36,152,177
04/09/2003,HLG,WV,AEA,CE,Federal Contract Tower,0,2,7,0,9,0,0,18,5,23,0,2,25,5,32,0,59,59,91
04/10/2003,HLG,WV,AEA,CE,Federal Contract Tower,0,0,2,7,9,0,12,28,41,81,0,12,30,48,90,0,44,44,134
04/11/2003,HLG,WV,AEA,CE,Federal Contract Tower,0,1,7,0,8,0,0,43,15,58,0,1,50,15,66,78,46,124,190
04/12/2003,HLG,WV,AEA,CE,Federal Contract Tower,0,0,4,1,5,0,0,134,23,157,0,0,138,24,162,172,0,172,334
04/13/2003,HLG,WV,AEA,CE,Federal Contract Tower,0,1,3,0,4,0,4,107,5,116,0,5,110,5,120,28,0,28,148
04/14/2003,HLG,WV,AEA,CE,Federal Contract Tower,0,4,5,1,10,0,0,106,5,111,0,4,111,6,121,48,34,82,203
04/15/2003,HLG,WV,AEA,CE,Federal Contract Tower,0,9,11,0,20,0,3,78,9,90,0,12,89,9,110,24,32,56,166
04/16/2003,HLG,WV,AEA,CE,Federal Contract Tower,0,0,1,0,1,0,0,42,8,50,0,0,43,8,51,136,0,136,187
04/17/2003,HLG,WV,AEA,CE,Federal Contract Tower,0,4,9,0,13,0,0,5,0,5,0,4,14,0,18,0,0,0,18
04/18/2003,HLG,WV,AEA,CE,Federal Contract Tower,0,3,9,0,12,0,0,8,0,8,0,3,17,0,20,6,0,6,26
04/19/2003,HLG,WV,AEA,CE,Federal Contract Tower,0,0,1,0,1,0,0,89,1,90,0,0,90,1,91,232,0,232,323
04/20/2003,HLG,WV,AEA,CE,Federal Contract Tower,0,0,1,0,1,0,0,26,5,31,0,0,27,5,32,48,0,48,80
04/21/2003,HLG,WV,AEA,CE,Federal Contract Tower,0,1,4,1,6,0,0,15,13,28,0,1,19,14,34,22,8,30,64
04/22/2003,HLG,WV,AEA,CE,Federal Contract Tower,0,0,5,1,6,0,0,20,3,23,0,0,25,4,29,90,42,132,161
04/23/2003,HLG,WV,AEA,CE,Federal Contract Tower,0,0,4,0,4,0,1,50,11,62,0,1,54,11,66,32,4,36,102
04/24/2003,HLG,WV,AEA,CE,Federal Contract Tower,0,0,6,0,6,0,0,75,6,81,0,0,81,6,87,100,18,118,205
04/25/2003,HLG,WV,AEA,CE,Federal Contract Tower,0,2,1,1,4,0,4,37,43,84,0,6,38,44,88,20,142,162,250
04/26/2003,HLG,WV,AEA,CE,Federal Contract Tower,0,0,2,2,4,0,0,61,16,77,0,0,63,18,81,46,30,76,157
04/27/2003,HLG,WV,AEA,CE,Federal Contract Tower,0,3,4,0,7,0,0,90,14,104,0,3,94,14,111,22,22,44,155
04/28/2003,HLG,WV,AEA,CE,Federal Contract Tower,0,1,5,0,6,0,0,55,1,56,0,1,60,1,62,64,0,64,126
04/29/2003,HLG,WV,AEA,CE,Federal Contract Tower,0,2,6,0,8,0,10,30,10,50,0,12,36,10,58,14,30,44,102
04/30/2003,HLG,WV,AEA,CE,Federal Contract Tower,0,8,8,1,17,0,0,64,19,83,0,8,72,20,100,22,0,22,122
05/01/2003,HLG,WV,AEA,CE,Federal Contract Tower,0,0,7,2,9,0,0,32,0,32,0,0,39,2,41,32,6,38,79
05/02/2003,HLG,WV,AEA,CE,Federal Contract Tower,0,2,2,1,5,0,0,27,9,36,0,2,29,10,41,34,2,36,77
05/03/2003,HLG,WV,AEA,CE,Federal Contract Tower,0,0,4,1,5,0,4,60,20,84,0,4,64,21,89,54,42,96,185
05/04/2003,HLG,WV,AEA,CE,Federal Contract Tower,0,2,3,0,5,0,8,65,7,80,0,10,68,7,85,70,0,70,155
05/05/2003,HLG,WV,AEA,CE,Federal Contract Tower,0,1,3,1,5,0,0,16,7,23,0,1,19,8,28,4,0,4,32
05/06/2003,HLG,WV,AEA,CE,Federal Contract Tower,0,3,2,0,5,0,0,33,11,44,0,3,35,11,49,102,20,122,171
05/07/2003,HLG,WV,AEA,CE,Federal Contract Tower,0,5,1,1,7,0,0,11,0,11,0,5,12,1,18,80,68,148,166
05/08/2003,HLG,WV,AEA,CE,Federal Contract Tower,0,1,5,2,8,0,0,16,16,32,0,1,21,18,40,34,8,42,82
05/09/2003,HLG,WV,AEA,CE,Federal Contract Tower,0,0,0,0,0,0,10,22,0,32,0,10,22,0,32,60,0,60,92
05/10/2003,HLG,WV,AEA,CE,Federal Contract Tower,0,0,1,0,1,0,0,8,0,8,0,0,9,0,9,0,0,0,9
05/11/2003,HLG,WV,AEA,CE,Federal Contract Tower,0,0,0,0,0,0,0,4,0,4,0,0,4,0,4,0,0,0,4
05/12/2003,HLG,WV,AEA,CE,Federal Contract Tower,0,0,3,0,3,0,0,4,0,4,0,0,7,0,7,0,0,0,7
05/13/2003,HLG,WV,AEA,CE,Federal Contract Tower,0,2,6,0,8,0,1,37,20,58,0,3,43,20,66,54,76,130,196
05/14/2003,HLG,WV,AEA,CE,Federal Contract Tower,0,1,10,2,13,0,0,78,51,129,0,1,88,53,142,46,18,64,206
05/15/2003,HLG,WV,AEA,CE,Federal Contract Tower,0,2,8,5,15,0,0,42,17,59,0,2,50,22,74,28,6,34,108
05/16/2003,HLG,WV,AEA,CE,Federal Contract Tower,0,4,4,4,12,0,0,36,5,41,0,4,40,9,53,102,12,114,167
05/17/2003,HLG,WV,AEA,CE,Federal Contract Tower,0,1,11,3,15,0,0,75,17,92,0,1,86,20,107,60,84,144,251
05/18/2003,HLG,WV,AEA,CE,Federal Contract Tower,0,1,2,1,4,0,0,21,8,29,0,1,23,9,33,0,0,0,33
05/19/2003,HLG,WV,AEA,CE,Federal Contract Tower,0,2,5,0,7,0,1,47,12,60,0,3,52,12,67,68,2,70,137
05/20/2003,HLG,WV,AEA,CE,Federal Contract Tower,0,3,8,0,11,0,1,5,0,6,0,4,13,0,17,4,0,4,21
05/21/2003,HLG,WV,AEA,CE,Federal Contract Tower,0,4,5,0,9,0,4,49,9,62,0,8,54,9,71,42,0,42,113
05/22/2003,HLG,WV,AEA,CE,Federal Contract Tower,0,3,8,1,12,0,0,80,26,106,0,3,88,27,118,70,16,86,204
05/23/2003,HLG,WV,AEA,CE,Federal Contract Tower,0,0,9,0,9,0,0,29,13,42,0,0,38,13,51,26,4,30,81
05/24/2003,HLG,WV,AEA,CE,Federal Contract Tower,0,1,6,0,7,0,0,62,0,62,0,1,68,0,69,94,0,94,163
05/25/2003,HLG,WV,AEA,CE,Federal Contract Tower,0,1,6,0,7,0,2,61,2,65,0,3,67,2,72,106,0,106,178
05/26/2003,HLG,WV,AEA,CE,Federal Contract Tower,0,0,2,0,2,0,0,34,4,38,0,0,36,4,40,60,2,62,102
05/27/2003,HLG,WV,AEA,CE,Federal Contract Tower,0,2,13,0,15,0,0,63,3,66,0,2,76,3,81,162,0,162,243
05/28/2003,HLG,WV,AEA,CE,Federal Contract Tower,0,5,3,0,8,0,1,30,11,42,0,6,33,11,50,52,34,86,136
05/29/2003,HLG,WV,AEA,CE,Federal Contract Tower,0,1,7,1,9,0,4,35,3,42,0,5,42,4,51,40,0,40,91
05/30/2003,HLG,WV,AEA,CE,Federal Contract Tower,0,4,10,0,14,0,0,55,6,61,0,4,65,6,75,82,0,82,157
05/31/2003,HLG,WV,AEA,CE,Federal Contract Tower,0,0,1,0,1,0,0,4,0,4,0,0,5,0,5,26,0,26,31
06/01/2003,HLG,WV,AEA,CE,Federal Contract Tower,0,0,5,0,5,0,0,48,0,48,0,0,53,0,53,20,0,20,73
06/02/2003,HLG,WV,AEA,CE,Federal Contract Tower,0,0,5,0,5,0,0,47,8,55,0,0,52,8,60,148,0,148,208
06/03/2003,HLG,WV,AEA,CE,Federal Contract Tower,0,4,11,2,17,0,0,1,0,1,0,4,12,2,18,4,0,4,22
06/04/2003,HLG,WV,AEA,CE,Federal Contract Tower,0,2,14,0,16,0,0,38,2,40,0,2,52,2,56,92,22,114,170
06/05/2003,HLG,WV,AEA,CE,Federal Contract Tower,0,0,8,2,10,0,0,46,1,47,0,0,54,3,57,102,0,102,159
06/06/2003,HLG,WV,AEA,CE,Federal Contract Tower,0,0,5,0,5,0,0,64,0,64,0,0,69,0,69,74,28,102,171
06/07/2003,HLG,WV,AEA,CE,Federal Contract Tower,0,0,14,0,14,0,0,15,0,15,0,0,29,0,29,88,0,88,117
06/08/2003,HLG,WV,AEA,CE,Federal Contract Tower,0,0,11,0,11,0,0,30,3,33,0,0,41,3,44,26,0,26,70
06/09/2003,HLG,WV,AEA,CE,Federal Contract Tower,0,3,13,0,16,0,0,45,1,46,0,3,58,1,62,62,2,64,126
06/10/2003,HLG,WV,AEA,CE,Federal Contract Tower,0,3,8,0,11,0,0,54,2,56,0,3,62,2,67,118,0,118,185
06/11/2003,HLG,WV,AEA,CE,Federal Contract Tower,0,2,15,2,19,0,0,29,0,29,0,2,44,2,48,37,14,51,99
06/12/2003,HLG,WV,AEA,CE,Federal Contract Tower,0,0,7,1,8,0,0,24,3,27,0,0,31,4,35,144,0,144,179
06/13/2003,HLG,WV,AEA,CE,Federal Contract Tower,0,8,8,2,18,0,1,31,2,34,0,9,39,4,52,220,72,292,344
06/14/2003,HLG,WV,AEA,CE,Federal Contract Tower,0,2,10,1,13,0,0,33,28,61,0,2,43,29,74,122,130,252,326
06/15/2003,HLG,WV,AEA,CE,Federal Contract Tower,0,2,6,0,8,0,0,40,19,59,0,2,46,19,67,32,88,120,187
06/16/2003,HLG,WV,AEA,CE,Federal Contract Tower,0,0,2,1,3,0,0,34,1,35,0,0,36,2,38,70,18,88,126
06/17/2003,HLG,WV,AEA,CE,Federal Contract Tower,0,4,8,1,13,0,0,0,1,1,0,4,8,2,14,8,0,8,22
06/18/2003,HLG,WV,AEA,CE,Federal Contract Tower,0,2,3,0,5,0,0,12,9,21,0,2,15,9,26,6,19,25,51
06/19/2003,HLG,WV,AEA,CE,Federal Contract Tower,0,0,1,0,1,0,0,13,1,14,0,0,14,1,15,20,0,20,35
06/20/2003,HLG,WV,AEA,CE,Federal Contract Tower,0,0,9,2,11,0,0,62,9,71,0,0,71,11,82,76,42,118,200
06/21/2003,HLG,WV,AEA,CE,Federal Contract Tower,0,1,6,0,7,0,0,69,9,78,0,1,75,9,85,129,14,143,228
06/22/2003,HLG,WV,AEA,CE,Federal Contract Tower,0,0,9,0,9,0,0,60,13,73,0,0,69,13,82,44,46,90,172
06/23/2003,HLG,WV,AEA,CE,Federal Contract Tower,0,2,2,0,4,0,3,80,1,84,0,5,82,1,88,157,0,157,245
06/24/2003,HLG,WV,AEA,CE,Federal Contract Tower,0,1,15,0,16,0,0,198,5,203,0,1,213,5,219,16,20,36,255
06/25/2003,HLG,WV,AEA,CE,Federal Contract Tower,0,0,2,0,2,0,0,35,4,39,0,0,37,4,41,64,18,82,123
06/26/2003,HLG,WV,AEA,CE,Federal Contract Tower,0,5,8,3,16,0,4,48,8,60,0,9,56,11,76,48,16,64,140
06/27/2003,HLG,WV,AEA,CE,Federal Contract Tower,0,3,8,0,11,0,0,37,13,50,0,3,45,13,61,26,18,44,105
06/28/2003,HLG,WV,AEA,CE,Federal Contract Tower,0,0,3,0,3,0,4,82,2,88,0,4,85,2,91,126,0,126,217
06/29/2003,HLG,WV,AEA,CE,Federal Contract Tower,0,0,7,0,7,0,0,27,2,29,0,0,34,2,36,64,0,64,100
06/30/2003,HLG,WV,AEA,CE,Federal Contract Tower,0,0,7,0,7,0,0,64,0,64,0,0,71,0,71,96,0,96,167
07/01/2003,HLG,WV,AEA,CE,Federal Contract Tower,0,3,3,0,6,0,0,51,16,67,0,3,54,16,73,56,46,102,175
07/02/2003,HLG,WV,AEA,CE,Federal Contract Tower,0,6,2,0,8,0,4,24,0,28,0,10,26,0,36,0,0,0,36
07/03/2003,HLG,WV,AEA,CE,Federal Contract Tower,0,0,6,0,6,0,4,46,3,53,0,4,52,3,59,38,12,50,109
07/04/2003,HLG,WV,AEA,CE,Federal Contract Tower,0,0,2,0,2,0,0,12,0,12,0,0,14,0,14,74,0,74,88
07/05/2003,HLG,WV,AEA,CE,Federal Contract Tower,0,0,3,0,3,0,5,24,0,29,0,5,27,0,32,2,0,2,34
07/06/2003,HLG,WV,AEA,CE,Federal Contract Tower,0,0,5,0,5,0,0,42,7,49,0,0,47,7,54,72,0,72,126
07/07/2003,HLG,WV,AEA,CE,Federal Contract Tower,0,0,11,0,11,0,0,42,7,49,0,0,53,7,60,32,0,32,92
07/08/2003,HLG,WV,AEA,CE,Federal Contract Tower,0,2,4,0,6,0,0,25,5,30,0,2,29,5,36,0,42,42,78
07/09/2003,HLG,WV,AEA,CE,Federal Contract Tower,0,8,3,6,17,0,0,10,5,15,0,8,13,11,32,20,0,20,52
07/10/2003,HLG,WV,AEA,CE,Federal Contract Tower,0,1,11,1,13,0,0,16,1,17,0,1,27,2,30,12,0,12,42
07/11/2003,HLG,WV,AEA,CE,Federal Contract Tower,0,1,5,0,6,0,1,19,7,27,0,2,24,7,33,20,0,20,53
07/12/2003,HLG,WV,AEA,CE,Federal Contract Tower,0,0,6,0,6,0,0,66,10,76,0,0,72,10,82,0,58,58,140
07/13/2003,HLG,WV,AEA,CE,Federal Contract Tower,0,0,6,2,8,0,0,87,22,109,0,0,93,24,117,64,24,88,205
07/14/2003,HLG,WV,AEA,CE,Federal Contract Tower,0,0,6,0,6,0,3,46,15,64,0,3,52,15,70,64,98,162,232
07/15/2003,HLG,WV,AEA,CE,Federal Contract Tower,0,4,12,2,18,0,1,64,20,85,0,5,76,22,103,18,72,90,193
07/16/2003,HLG,WV,AEA,CE,Federal Contract Tower,0,4,3,0,7,0,0,48,6,54,0,4,51,6,61,91,10,101,162
07/17/2003,HLG,WV,AEA,CE,Federal Contract Tower,0,0,24,2,26,0,0,48,10,58,0,0,72,12,84,74,28,102,186
07/18/2003,HLG,WV,AEA,CE,Federal Contract Tower,0,2,15,0,17,0,0,25,3,28,0,2,40,3,45,38,12,50,95
07/19/2003,HLG,WV,AEA,CE,Federal Contract Tower,0,2,8,0,10,0,4,76,7,87,0,6,84,7,97,78,98,176,273
07/20/2003,HLG,WV,AEA,CE,Federal Contract Tower,0,0,9,0,9,0,0,54,19,73,0,0,63,19,82,40,4,44,126
07/21/2003,HLG,WV,AEA,CE,Federal Contract Tower,0,0,8,0,8,0,2,35,0,37,0,2,43,0,45,60,0,60,105
07/22/2003,HLG,WV,AEA,CE,Federal Contract Tower,0,4,0,0,4,0,0,10,10,20,0,4,10,10,24,26,66,92,116
07/23/2003,HLG,WV,AEA,CE,Federal Contract Tower,0,4,6,0,10,0,0,0,0,0,0,4,6,0,10,24,0,24,34
07/24/2003,HLG,WV,AEA,CE,Federal Contract Tower,0,1,13,0,14,0,0,46,0,46,0,1,59,0,60,52,0,52,112
07/25/2003,HLG,WV,AEA,CE,Federal Contract Tower,0,2,11,0,13,0,0,55,5,60,0,2,66,5,73,58,0,58,131
07/26/2003,HLG,WV,AEA,CE,Federal Contract Tower,0,2,7,3,12,0,2,65,11,78,0,4,72,14,90,22,0,22,112
07/27/2003,HLG,WV,AEA,CE,Federal Contract Tower,0,0,5,0,5,0,4,17,2,23,0,4,22,2,28,0,0,0,28
07/28/2003,HLG,WV,AEA,CE,Federal Contract Tower,0,4,4,0,8,0,0,42,0,42,0,4,46,0,50,56,0,56,106
07/29/2003,HLG,WV,AEA,CE,Federal Contract Tower,0,6,7,2,15,0,5,48,12,65,0,11,55,14,80,34,36,70,150
07/30/2003,HLG,WV,AEA,CE,Federal Contract Tower,0,4,5,0,9,0,0,56,10,66,0,4,61,10,75,108,0,108,183
07/31/2003,HLG,WV,AEA,CE,Federal Contract Tower,0,1,11,0,12,0,2,23,0,25,0,3,34,0,37,16,0,16,53
08/01/2003,HLG,WV,AEA,CE,Federal Contract Tower,0,0,13,1,14,0,0,28,1,29,0,0,41,2,43,28,0,28,71
08/02/2003,HLG,WV,AEA,CE,Federal Contract Tower,0,0,6,0,6,0,0,33,0,33,0,0,39,0,39,78,0,78,117
08/03/2003,HLG,WV,AEA,CE,Federal Contract Tower,0,6,3,0,9,0,0,11,0,11,0,6,14,0,20,38,0,38,58
08/04/2003,HLG,WV,AEA,CE,Federal Contract Tower,0,0,12,0,12,0,0,46,4,50,0,0,58,4,62,57,64,121,183
08/05/2003,HLG,WV,AEA,CE,Federal Contract Tower,0,1,4,0,5,0,0,40,8,48,0,1,44,8,53,22,102,124,177
08/06/2003,HLG,WV,AEA,CE,Federal Contract Tower,0,0,5,0,5,0,0,27,2,29,0,0,32,2,34,26,0,26,60
08/07/2003,HLG,WV,AEA,CE,Federal Contract Tower,0,2,7,0,9,0,0,15,5,20,0,2,22,5,29,4,6,10,39
08/08/2003,HLG,WV,AEA,CE,Federal Contract Tower,0,3,2,0,5,0,0,6,9,15,0,3,8,9,20,14,148,162,182
08/09/2003,HLG,WV,AEA,CE,Federal Contract Tower,0,4,6,1,11,0,3,14,25,42,0,7,20,26,53,0,52,52,105
08/10/2003,HLG,WV,AEA,CE,Federal Contract Tower,0,1,4,0,5,0,0,23,18,41,0,1,27,18,46,14,30,44,90
08/11/2003,HLG,WV,AEA,CE,Federal Contract Tower,0,0,3,5,8,0,0,33,10,43,0,0,36,15,51,92,58,150,201
08/12/2003,HLG,WV,AEA,CE,Federal Contract Tower,0,1,5,1,7,0,0,24,6,30,0,1,29,7,37,32,28,60,97
08/13/2003,HLG,WV,AEA,CE,Federal Contract Tower,0,2,8,0,10,0,0,12,0,12,0,2,20,0,22,49,20,69,91
08/14/2003,HLG,WV,AEA,CE,Federal Contract Tower,0,1,10,0,11,0,0,41,14,55,0,1,51,14,66,12,42,54,120
08/15/2003,HLG,WV,AEA,CE,Federal Contract Tower,0,3,15,0,18,0,1,33,21,55,0,4,48,21,73,16,98,114,187
08/16/2003,HLG,WV,AEA,CE,Federal Contract Tower,0,0,9,0,9,0,0,23,15,38,0,0,32,15,47,34,118,152,199
08/17/2003,HLG,WV,AEA,CE,Federal Contract Tower,0,0,7,0,7,0,0,43,10,53,0,0,50,10,60,46,82,128,188
08/18/2003,HLG,WV,AEA,CE,Federal Contract Tower,0,3,11,0,14,0,2,61,0,63,0,5,72,0,77,88,0,88,165
08/19/2003,HLG,WV,AEA,CE,Federal Contract Tower,0,0,7,0,7,0,0,27,4,31,0,0,34,4,38,32,20,52,90
08/20/2003,HLG,WV,AEA,CE,Federal Contract Tower,0,0,15,1,16,0,0,60,25,85,0,0,75,26,101,44,26,70,171
08/21/2003,HLG,WV,AEA,CE,Federal Contract Tower,0,1,14,0,15,0,0,30,10,40,0,1,44,10,55,8,34,42,97
08/22/2003,HLG,WV,AEA,CE,Federal Contract Tower,0,2,2,0,4,0,0,6,0,6,0,2,8,0,10,10,0,10,20
08/23/2003,HLG,WV,AEA,CE,Federal Contract Tower,0,0,10,1,11,0,0,71,7,78,0,0,81,8,89,46,0,46,135
08/24/2003,HLG,WV,AEA,CE,Federal Contract Tower,0,2,6,0,8,0,0,73,3,76,0,2,79,3,84,74,14,88,172
08/25/2003,HLG,WV,AEA,CE,Federal Contract Tower,0,2,9,0,11,0,0,75,3,78,0,2,84,3,89,77,0,77,166
08/26/2003,HLG,WV,AEA,CE,Federal Contract Tower,0,1,11,0,12,0,0,17,6,23,0,1,28,6,35,8,24,32,67
08/27/2003,HLG,WV,AEA,CE,Federal Contract Tower,0,4,1,0,5,0,0,13,0,13,0,4,14,0,18,40,0,40,58
08/28/2003,HLG,WV,AEA,CE,Federal Contract Tower,0,1,12,2,15,0,0,35,7,42,0,1,47,9,57,24,28,52,109
08/29/2003,HLG,WV,AEA,CE,Federal Contract Tower,0,2,6,0,8,0,0,19,2,21,0,2,25,2,29,8,0,8,37
08/30/2003,HLG,WV,AEA,CE,Federal Contract Tower,0,0,6,0,6,0,0,31,0,31,0,0,37,0,37,10,0,10,47
08/31/2003,HLG,WV,AEA,CE,Federal Contract Tower,0,0,5,0,5,0,0,62,4,66,0,0,67,4,71,30,52,82,153
09/01/2003,HLG,WV,AEA,CE,Federal Contract Tower,0,0,3,0,3,0,0,1,0,1,0,0,4,0,4,8,0,8,12
09/02/2003,HLG,WV,AEA,CE,Federal Contract Tower,0,0,12,0,12,0,0,6,0,6,0,0,18,0,18,10,0,10,28
09/03/2003,HLG,WV,AEA,CE,Federal Contract Tower,0,4,2,7,13,0,0,29,12,41,0,4,31,19,54,31,0,31,85
09/04/2003,HLG,WV,AEA,CE,Federal Contract Tower,0,8,7,0,15,0,0,63,5,68,0,8,70,5,83,48,0,48,131
09/05/2003,HLG,WV,AEA,CE,Federal Contract Tower,0,0,7,1,8,0,0,38,8,46,0,0,45,9,54,50,0,50,104
09/06/2003,HLG,WV,AEA,CE,Federal Contract Tower,0,0,6,1,7,0,0,66,7,73,0,0,72,8,80,30,0,30,110
09/07/2003,HLG,WV,AEA,CE,Federal Contract Tower,0,0,2,0,2,0,0,72,6,78,0,0,74,6,80,0,0,0,80
09/08/2003,HLG,WV,AEA,CE,Federal Contract Tower,0,1,22,1,24,0,0,87,14,101,0,1,109,15,125,124,0,124,249
09/09/2003,HLG,WV,AEA,CE,Federal Contract Tower,0,0,7,4,11,0,0,45,10,55,0,0,52,14,66,26,32,58,124
09/10/2003,HLG,WV,AEA,CE,Federal Contract Tower,0,1,0,1,2,0,10,48,2,60,0,11,48,3,62,77,16,93,155
09/11/2003,HLG,WV,AEA,CE,Federal Contract Tower,0,3,20,1,24,0,4,63,30,97,0,7,83,31,121,10,92,102,223
09/12/2003,HLG,WV,AEA,CE,Federal Contract Tower,0,4,5,0,9,0,0,94,16,110,0,4,99,16,119,10,72,82,201
09/13/2003,HLG,WV,AEA,CE,Federal Contract Tower,0,1,2,0,3,0,0,48,19,67,0,1,50,19,70,50,0,50,120
09/14/2003,HLG,WV,AEA,CE,Federal Contract Tower,0,2,7,0,9,0,3,47,12,62,0,5,54,12,71,0,0,0,71
09/15/2003,HLG,WV,AEA,CE,Federal Contract Tower,0,4,9,0,13,0,0,29,2,31,0,4,38,2,44,58,0,58,102
09/16/2003,HLG,WV,AEA,CE,Federal Contract Tower,0,8,7,1,16,0,2,135,36,173,0,10,142,37,189,46,36,82,271
09/17/2003,HLG,WV,AEA,CE,Federal Contract Tower,0,0,6,0,6,0,0,61,11,72,0,0,67,11,78,24,40,64,142
09/18/2003,HLG,WV,AEA,CE,Federal Contract Tower,0,0,7,0,7,0,0,21,19,40,0,0,28,19,47,14,0,14,61
09/19/2003,HLG,WV,AEA,CE,Federal Contract Tower,0,0,8,0,8,0,0,12,8,20,0,0,20,8,28,0,10,10,38
09/20/2003,HLG,WV,AEA,CE,Federal Contract Tower,0,1,1,1,3,0,4,61,24,89,0,5,62,25,92,16,2,18,110
09/21/2003,HLG,WV,AEA,CE,Federal Contract Tower,0,0,0,1,1,0,0,64,31,95,0,0,64,32,96,54,18,72,168
09/22/2003,HLG,WV,AEA,CE,Federal Contract Tower,0,1,13,0,14,0,0,12,0,12,0,1,25,0,26,14,0,14,40
09/23/2003,HLG,WV,AEA,CE,Federal Contract Tower,0,1,12,9,22,0,0,35,12,47,0,1,47,21,69,42,4,46,115
09/24/2003,HLG,WV,AEA,CE,Federal Contract Tower,0,4,6,0,10,0,4,40,14,58,0,8,46,14,68,20,14,34,102
09/25/2003,HLG,WV,AEA,CE,Federal Contract Tower,0,6,15,2,23,0,2,22,0,24,0,8,37,2,47,58,18,76,123
09/26/2003,HLG,WV,AEA,CE,Federal Contract Tower,0,1,11,0,12,0,0,29,1,30,0,1,40,1,42,52,0,52,94
09/27/2003,HLG,WV,AEA,CE,Federal Contract Tower,0,3,5,0,8,0,0,36,0,36,0,3,41,0,44,28,0,28,72
09/28/2003,HLG,WV,AEA,CE,Federal Contract Tower,0,0,2,0,2,0,0,28,0,28,0,0,30,0,30,110,0,110,140
09/29/2003,HLG,WV,AEA,CE,Federal Contract Tower,0,1,10,0,11,0,4,43,4,51,0,5,53,4,62,50,0,50,112
09/30/2003,HLG,WV,AEA,CE,Federal Contract Tower,0,4,7,0,11,0,2,43,20,65,0,6,50,20,76,42,60,102,178
10/01/2003,HLG,WV,AEA,CE,Federal Contract Tower,0,0,3,6,9,0,0,11,2,13,0,0,14,8,22,8,4,12,34
10/02/2003,HLG,WV,AEA,CE,Federal Contract Tower,0,2,8,1,11,0,0,19,4,23,0,2,27,5,34,20,22,42,76
10/03/2003,HLG,WV,AEA,CE,Federal Contract Tower,0,3,13,0,16,0,0,68,2,70,0,3,81,2,86,38,2,40,126
10/04/2003,HLG,WV,AEA,CE,Federal Contract Tower,0,0,2,0,2,0,0,30,0,30,0,0,32,0,32,84,0,84,116
10/05/2003,HLG,WV,AEA,CE,Federal Contract Tower,0,0,4,0,4,0,2,109,2,113,0,2,113,2,117,176,0,176,293
10/06/2003,HLG,WV,AEA,CE,Federal Contract Tower,0,2,5,0,7,0,0,57,5,62,0,2,62,5,69,44,48,92,161
10/07/2003,HLG,WV,AEA,CE,Federal Contract Tower,0,2,9,1,12,0,0,50,6,56,0,2,59,7,68,14,6,20,88
10/08/2003,HLG,WV,AEA,CE,Federal Contract Tower,0,6,4,0,10,0,0,60,1,61,0,6,64,1,71,22,0,22,93
10/09/2003,HLG,WV,AEA,CE,Federal Contract Tower,0,2,5,1,8,0,4,36,14,54,0,6,41,15,62,0,20,20,82
10/10/2003,HLG,WV,AEA,CE,Federal Contract Tower,0,3,12,1,16,0,6,42,3,51,0,9,54,4,67,2,0,2,69
10/11/2003,HLG,WV,AEA,CE,Federal Contract Tower,0,0,11,0,11,0,0,80,1,81,0,0,91,1,92,60,0,60,152
10/12/2003,HLG,WV,AEA,CE,Federal Contract Tower,0,2,4,0,6,0,0,50,1,51,0,2,54,1,57,18,0,18,75
10/13/2003,HLG,WV,AEA,CE,Federal Contract Tower,0,3,15,0,18,0,0,51,2,53,0,3,66,2,71,62,0,62,133
10/14/2003,HLG,WV,AEA,CE,Federal Contract Tower,0,0,3,0,3,0,0,13,0,13,0,0,16,0,16,2,0,2,18
10/15/2003,HLG,WV,AEA,CE,Federal Contract Tower,0,5,5,1,11,0,0,13,11,24,0,5,18,12,35,28,0,28,63
10/16/2003,HLG,WV,AEA,CE,Federal Contract Tower,0,1,12,0,13,0,0,70,5,75,0,1,82,5,88,38,14,52,140
10/17/2003,HLG,WV,AEA,CE,Federal Contract Tower,0,1,6,0,7,0,0,3,15,18,0,1,9,15,25,0,40,40,65
10/18/2003,HLG,WV,AEA,CE,Federal Contract Tower,0,1,4,2,7,0,0,53,28,81,0,1,57,30,88,52,144,196,284
10/19/2003,HLG,WV,AEA,CE,Federal Contract Tower,0,0,10,0,10,0,0,107,38,145,0,0,117,38,155,98,50,148,303
10/20/2003,HLG,WV,AEA,CE,Federal Contract Tower,0,0,3,0,3,0,2,73,2,77,0,2,76,2,80,117,0,117,197
10/21/2003,HLG,WV,AEA,CE,Federal Contract Tower,0,2,1,1,4,0,4,9,1,14,0,6,10,2,18,10,8,18,36
10/22/2003,HLG,WV,AEA,CE,Federal Contract Tower,0,5,2,1,8,0,0,12,3,15,0,5,14,4,23,0,0,0,23
10/23/2003,HLG,WV,AEA,CE,Federal Contract Tower,0,3,13,2,18,0,0,41,13,54,0,3,54,15,72,52,0,52,124
10/24/2003,HLG,WV,AEA,CE,Federal Contract Tower,0,4,11,0,15,0,0,35,3,38,0,4,46,3,53,18,20,38,91
10/25/2003,HLG,WV,AEA,CE,Federal Contract Tower,0,0,3,0,3,0,0,61,2,63,0,0,64,2,66,56,0,56,122
10/26/2003,HLG,WV,AEA,CE,Federal Contract Tower,0,0,1,0,1,0,0,0,0,0,0,0,1,0,1,0,0,0,1
10/27/2003,HLG,WV,AEA,CE,Federal Contract Tower,0,0,13,0,13,0,0,31,1,32,0,0,44,1,45,40,0,40,85
10/28/2003,HLG,WV,AEA,CE,Federal Contract Tower,0,0,12,2,14,0,2,8,12,22,0,2,20,14,36,4,52,56,92
10/29/2003,HLG,WV,AEA,CE,Federal Contract Tower,0,6,5,1,12,0,4,38,35,77,0,10,43,36,89,38,34,72,161
10/30/2003,HLG,WV,AEA,CE,Federal Contract Tower,0,4,5,2,11,0,6,41,4,51,0,10,46,6,62,12,0,12,74
10/31/2003,HLG,WV,AEA,CE,Federal Contract Tower,0,2,12,0,14,0,0,48,1,49,0,2,60,1,63,102,0,102,165
11/01/2003,HLG,WV,AEA,CE,Federal Contract Tower,0,0,12,0,12,0,0,26,8,34,0,0,38,8,46,18,0,18,64
11/02/2003,HLG,WV,AEA,CE,Federal Contract Tower,0,4,4,0,8,0,0,63,0,63,0,4,67,0,71,60,0,60,131
11/03/2003,HLG,WV,AEA,CE,Federal Contract Tower,0,0,5,0,5,0,0,32,2,34,0,0,37,2,39,4,0,4,43
11/04/2003,HLG,WV,AEA,CE,Federal Contract Tower,0,0,7,1,8,0,0,44,10,54,0,0,51,11,62,52,16,68,130
11/05/2003,HLG,WV,AEA,CE,Federal Contract Tower,0,1,16,0,17,0,0,0,2,2,0,1,16,2,19,6,0,6,25
11/06/2003,HLG,WV,AEA,CE,Federal Contract Tower,0,2,6,6,14,0,0,0,8,8,0,2,6,14,22,0,48,48,70
11/07/2003,HLG,WV,AEA,CE,Federal Contract Tower,0,1,6,2,9,0,0,29,33,62,0,1,35,35,71,66,112,178,249
11/08/2003,HLG,WV,AEA,CE,Federal Contract Tower,0,1,9,0,10,0,0,39,31,70,0,1,48,31,80,54,154,208,288
11/09/2003,HLG,WV,AEA,CE,Federal Contract Tower,0,4,1,0,5,0,0,61,27,88,0,4,62,27,93,36,184,220,313
11/10/2003,HLG,WV,AEA,CE,Federal Contract Tower,0,0,8,0,8,0,0,54,1,55,0,0,62,1,63,90,0,90,153
11/11/2003,HLG,WV,AEA,CE,Federal Contract Tower,0,0,4,4,8,0,0,2,2,4,0,0,6,6,12,22,0,22,34
11/12/2003,HLG,WV,AEA,CE,Federal Contract Tower,0,0,5,2,7,0,0,4,3,7,0,0,9,5,14,0,56,56,70
11/13/2003,HLG,WV,AEA,CE,Federal Contract Tower,0,2,0,0,2,0,0,0,0,0,0,2,0,0,2,0,0,0,2
11/14/2003,HLG,WV,AEA,CE,Federal Contract Tower,0,3,3,0,6,0,13,27,4,44,0,16,30,4,50,34,12,46,96
11/15/2003,HLG,WV,AEA,CE,Federal Contract Tower,0,0,10,2,12,0,0,62,38,100,0,0,72,40,112,68,0,68,180
11/16/2003,HLG,WV,AEA,CE,Federal Contract Tower,0,0,8,0,8,0,0,23,8,31,0,0,31,8,39,186,75,261,300
11/17/2003,HLG,WV,AEA,CE,Federal Contract Tower,0,0,9,0,9,0,8,48,0,56,0,8,57,0,65,24,0,24,89
11/18/2003,HLG,WV,AEA,CE,Federal Contract Tower,0,0,7,0,7,0,4,27,17,48,0,4,34,17,55,38,121,159,214
11/19/2003,HLG,WV,AEA,CE,Federal Contract Tower,0,1,3,0,4,0,0,1,0,1,0,1,4,0,5,0,0,0,5
11/20/2003,HLG,WV,AEA,CE,Federal Contract Tower,0,2,6,2,10,0,1,45,44,90,0,3,51,46,100,64,162,226,326
11/21/2003,HLG,WV,AEA,CE,Federal Contract Tower,0,2,3,2,7,0,0,60,42,102,0,2,63,44,109,71,164,235,344
11/22/2003,HLG,WV,AEA,CE,Federal Contract Tower,0,0,0,1,1,0,0,63,31,94,0,0,63,32,95,80,36,116,211
11/23/2003,HLG,WV,AEA,CE,Federal Contract Tower,0,2,3,0,5,0,2,56,47,105,0,4,59,47,110,113,72,185,295
11/24/2003,HLG,WV,AEA,CE,Federal Contract Tower,0,6,6,0,12,0,1,0,0,1,0,7,6,0,13,0,0,0,13
11/25/2003,HLG,WV,AEA,CE,Federal Contract Tower,0,0,0,0,0,0,7,44,5,56,0,7,44,5,56,100,32,132,188
11/26/2003,HLG,WV,AEA,CE,Federal Contract Tower,0,3,7,1,11,0,9,52,17,78,0,12,59,18,89,54,0,54,143
11/27/2003,HLG,WV,AEA,CE,Federal Contract Tower,0,0,1,0,1,0,0,8,0,8,0,0,9,0,9,8,0,8,17
11/28/2003,HLG,WV,AEA,CE,Federal Contract Tower,0,0,2,0,2,0,0,0,0,0,0,0,2,0,2,0,0,0,2
11/29/2003,HLG,WV,AEA,CE,Federal Contract Tower,0,0,0,0,0,0,0,2,0,2,0,0,2,0,2,0,0,0,2
11/30/2003,HLG,WV,AEA,CE,Federal Contract Tower,0,0,6,0,6,0,0,25,0,25,0,0,31,0,31,12,0,12,43
12/01/2003,HLG,WV,AEA,CE,Federal Contract Tower,0,2,1,1,4,0,0,6,0,6,0,2,7,1,10,0,0,0,10
12/02/2003,HLG,WV,AEA,CE,Federal Contract Tower,0,4,2,1,7,0,4,39,7,50,0,8,41,8,57,36,4,40,97
12/03/2003,HLG,WV,AEA,CE,Federal Contract Tower,0,4,4,2,10,0,0,57,2,59,0,4,61,4,69,18,0,18,87
12/04/2003,HLG,WV,AEA,CE,Federal Contract Tower,0,0,8,0,8,0,9,22,2,33,0,9,30,2,41,16,0,16,57
12/05/2003,HLG,WV,AEA,CE,Federal Contract Tower,0,2,4,0,6,0,0,3,0,3,0,2,7,0,9,44,0,44,53
12/06/2003,HLG,WV,AEA,CE,Federal Contract Tower,0,0,10,0,10,0,0,32,19,51,0,0,42,19,61,34,30,64,125
12/07/2003,HLG,WV,AEA,CE,Federal Contract Tower,0,0,0,0,0,0,0,17,2,19,0,0,17,2,19,98,18,116,135
12/08/2003,HLG,WV,AEA,CE,Federal Contract Tower,0,6,4,0,10,0,2,23,9,34,0,8,27,9,44,8,6,14,58
12/09/2003,HLG,WV,AEA,CE,Federal Contract Tower,0,1,8,0,9,0,0,1,10,11,0,1,9,10,20,0,36,36,56
12/10/2003,HLG,WV,AEA,CE,Federal Contract Tower,0,6,3,0,9,0,0,10,3,13,0,6,13,3,22,6,0,6,28
12/11/2003,HLG,WV,AEA,CE,Federal Contract Tower,0,4,4,0,8,0,0,5,0,5,0,4,9,0,13,10,0,10,23
12/12/2003,HLG,WV,AEA,CE,Federal Contract Tower,0,0,11,1,12,0,0,36,19,55,0,0,47,20,67,6,26,32,99
12/13/2003,HLG,WV,AEA,CE,Federal Contract Tower,0,0,3,0,3,0,0,40,12,52,0,0,43,12,55,22,16,38,93
12/14/2003,HLG,WV,AEA,CE,Federal Contract Tower,0,0,0,0,0,0,0,0,0,0,0,0,0,0,0,0,0,0,0
12/15/2003,HLG,WV,AEA,CE,Federal Contract Tower,0,0,1,0,1,0,5,0,0,5,0,5,1,0,6,0,0,0,6
12/16/2003,HLG,WV,AEA,CE,Federal Contract Tower,0,6,2,0,8,0,4,5,21,30,0,10,7,21,38,0,16,16,54
12/17/2003,HLG,WV,AEA,CE,Federal Contract Tower,0,6,3,0,9,0,0,2,0,2,0,6,5,0,11,0,0,0,11
12/18/2003,HLG,WV,AEA,CE,Federal Contract Tower,0,0,13,0,13,0,2,10,6,18,0,2,23,6,31,16,60,76,107
12/19/2003,HLG,WV,AEA,CE,Federal Contract Tower,0,0,3,2,5,0,4,0,0,4,0,4,3,2,9,0,0,0,9
12/20/2003,HLG,WV,AEA,CE,Federal Contract Tower,0,0,4,0,4,0,0,13,0,13,0,0,17,0,17,20,0,20,37
12/21/2003,HLG,WV,AEA,CE,Federal Contract Tower,0,1,5,1,7,0,2,25,2,29,0,3,30,3,36,20,0,20,56
12/22/2003,HLG,WV,AEA,CE,Federal Contract Tower,0,4,14,2,20,0,0,28,7,35,0,4,42,9,55,0,8,8,63
12/23/2003,HLG,WV,AEA,CE,Federal Contract Tower,0,3,3,0,6,0,0,5,0,5,0,3,8,0,11,6,0,6,17
12/24/2003,HLG,WV,AEA,CE,Federal Contract Tower,0,0,1,0,1,0,0,12,0,12,0,0,13,0,13,77,0,77,90
12/25/2003,HLG,WV,AEA,CE,Federal Contract Tower,0,0,1,0,1,0,0,0,0,0,0,0,1,0,1,0,0,0,1
12/26/2003,HLG,WV,AEA,CE,Federal Contract Tower,0,0,1,0,1,0,0,20,0,20,0,0,21,0,21,86,0,86,107
12/27/2003,HLG,WV,AEA,CE,Federal Contract Tower,0,0,1,0,1,0,3,114,0,117,0,3,115,0,118,192,0,192,310
12/28/2003,HLG,WV,AEA,CE,Federal Contract Tower,0,0,0,0,0,0,0,43,5,48,0,0,43,5,48,34,0,34,82
12/29/2003,HLG,WV,AEA,CE,Federal Contract Tower,0,2,5,0,7,0,2,41,0,43,0,4,46,0,50,0,0,0,50
12/30/2003,HLG,WV,AEA,CE,Federal Contract Tower,0,2,3,1,6,0,0,8,2,10,0,2,11,3,16,4,8,12,28
12/31/2003,HLG,WV,AEA,CE,Federal Contract Tower,0,0,2,0,2,0,2,46,0,48,0,2,48,0,50,106,0,106,156
01/01/2004,HLG,WV,AEA,CE,Federal Contract Tower,0,0,2,0,2,0,2,30,0,32,0,2,32,0,34,52,0,52,86
01/02/2004,HLG,WV,AEA,CE,Federal Contract Tower,0,0,4,0,4,0,0,0,0,0,0,0,4,0,4,4,0,4,8
01/03/2004,HLG,WV,AEA,CE,Federal Contract Tower,0,0,8,4,12,0,0,6,0,6,0,0,14,4,18,24,0,24,42
01/04/2004,HLG,WV,AEA,CE,Federal Contract Tower,0,0,0,0,0,0,0,0,0,0,0,0,0,0,0,0,0,0,0
01/05/2004,HLG,WV,AEA,CE,Federal Contract Tower,0,2,0,0,2,0,2,7,2,11,0,4,7,2,13,4,0,4,17
01/06/2004,HLG,WV,AEA,CE,Federal Contract Tower,0,6,2,1,9,0,3,7,9,19,0,9,9,10,28,0,36,36,64
01/07/2004,HLG,WV,AEA,CE,Federal Contract Tower,0,1,6,2,9,0,0,29,8,37,0,1,35,10,46,0,94,94,140
01/08/2004,HLG,WV,AEA,CE,Federal Contract Tower,0,1,9,1,11,0,0,31,5,36,0,1,40,6,47,16,36,52,99
01/09/2004,HLG,WV,AEA,CE,Federal Contract Tower,0,0,14,0,14,0,0,15,9,24,0,0,29,9,38,24,18,42,80
01/10/2004,HLG,WV,AEA,CE,Federal Contract Tower,0,0,1,0,1,0,0,64,25,89,0,0,65,25,90,22,206,228,318
01/11/2004,HLG,WV,AEA,CE,Federal Contract Tower,0,0,4,1,5,0,2,16,26,44,0,2,20,27,49,0,150,150,199
01/12/2004,HLG,WV,AEA,CE,Federal Contract Tower,0,0,2,6,8,0,0,0,0,0,0,0,2,6,8,0,8,8,16
01/13/2004,HLG,WV,AEA,CE,Federal Contract Tower,0,1,4,0,5,0,0,4,9,13,0,1,8,9,18,20,183,203,221
01/14/2004,HLG,WV,AEA,CE,Federal Contract Tower,0,1,1,0,2,0,2,22,20,44,0,3,23,20,46,16,110,126,172
01/15/2004,HLG,WV,AEA,CE,Federal Contract Tower,0,2,0,4,6,0,0,7,6,13,0,2,7,10,19,12,54,66,85
01/16/2004,HLG,WV,AEA,CE,Federal Contract Tower,0,0,9,3,12,0,0,22,7,29,0,0,31,10,41,28,12,40,81
01/17/2004,HLG,WV,AEA,CE,Federal Contract Tower,0,0,5,0,5,0,0,14,0,14,0,0,19,0,19,46,0,46,65
01/18/2004,HLG,WV,AEA,CE,Federal Contract Tower,0,1,0,0,1,0,0,2,2,4,0,1,2,2,5,0,10,10,15
01/19/2004,HLG,WV,AEA,CE,Federal Contract Tower,0,2,3,1,6,0,0,7,2,9,0,2,10,3,15,18,0,18,33
01/20/2004,HLG,WV,AEA,CE,Federal Contract Tower,0,11,2,0,13,0,0,24,0,24,0,11,26,0,37,30,0,30,67
01/21/2004,HLG,WV,AEA,CE,Federal Contract Tower,0,5,2,0,7,0,0,47,8,55,0,5,49,8,62,126,142,268,330
01/22/2004,HLG,WV,AEA,CE,Federal Contract Tower,0,0,0,3,3,0,0,21,11,32,0,0,21,14,35,74,0,74,109
01/23/2004,HLG,WV,AEA,CE,Federal Contract Tower,0,2,6,2,10,0,0,13,10,23,0,2,19,12,33,14,100,114,147
01/24/2004,HLG,WV,AEA,CE,Federal Contract Tower,0,4,8,1,13,0,0,12,20,32,0,4,20,21,45,40,232,272,317
01/25/2004,HLG,WV,AEA,CE,Federal Contract Tower,0,3,0,0,3,0,0,4,56,60,0,3,4,56,63,2,80,82,145
01/26/2004,HLG,WV,AEA,CE,Federal Contract Tower,0,0,0,0,0,0,0,0,0,0,0,0,0,0,0,0,0,0,0
01/27/2004,HLG,WV,AEA,CE,Federal Contract Tower,0,0,0,0,0,0,0,0,0,0,0,0,0,0,0,0,0,0,0
01/28/2004,HLG,WV,AEA,CE,Federal Contract Tower,0,8,2,2,12,0,0,1,0,1,0,8,3,2,13,0,0,0,13
01/29/2004,HLG,WV,AEA,CE,Federal Contract Tower,0,2,4,2,8,0,0,7,3,10,0,2,11,5,18,0,4,4,22
01/30/2004,HLG,WV,AEA,CE,Federal Contract Tower,0,1,2,0,3,0,0,0,0,0,0,1,2,0,3,0,0,0,3
01/31/2004,HLG,WV,AEA,CE,Federal Contract Tower,0,0,5,0,5,0,4,28,2,34,0,4,33,2,39,152,0,152,191
02/01/2004,HLG,WV,AEA,CE,Federal Contract Tower,0,4,1,0,5,0,0,50,4,54,0,4,51,4,59,88,29,117,176
02/02/2004,HLG,WV,AEA,CE,Federal Contract Tower,0,5,8,2,15,0,0,35,2,37,0,5,43,4,52,52,0,52,104
02/03/2004,HLG,WV,AEA,CE,Federal Contract Tower,0,6,1,1,8,0,0,0,0,0,0,6,1,1,8,0,0,0,8
02/04/2004,HLG,WV,AEA,CE,Federal Contract Tower,0,6,4,0,10,0,2,40,7,49,0,8,44,7,59,70,12,82,141
02/05/2004,HLG,WV,AEA,CE,Federal Contract Tower,0,1,11,2,14,0,0,15,4,19,0,1,26,6,33,0,0,0,33
02/06/2004,HLG,WV,AEA,CE,Federal Contract Tower,0,3,3,1,7,0,0,0,1,1,0,3,3,2,8,0,0,0,8
02/07/2004,HLG,WV,AEA,CE,Federal Contract Tower,0,0,5,0,5,0,0,14,0,14,0,0,19,0,19,38,0,38,57
02/08/2004,HLG,WV,AEA,CE,Federal Contract Tower,0,1,6,0,7,0,0,42,5,47,0,1,48,5,54,30,0,30,84
02/09/2004,HLG,WV,AEA,CE,Federal Contract Tower,0,6,7,0,13,0,0,7,0,7,0,6,14,0,20,16,0,16,36
02/10/2004,HLG,WV,AEA,CE,Federal Contract Tower,0,1,7,1,9,0,0,13,8,21,0,1,20,9,30,42,6,48,78
02/11/2004,HLG,WV,AEA,CE,Federal Contract Tower,0,2,9,1,12,0,0,35,9,44,0,2,44,10,56,42,0,42,98
02/12/2004,HLG,WV,AEA,CE,Federal Contract Tower,0,0,1,2,3,0,0,12,0,12,0,0,13,2,15,18,0,18,33
02/13/2004,HLG,WV,AEA,CE,Federal Contract Tower,0,0,2,0,2,0,2,41,10,53,0,2,43,10,55,55,24,79,134
02/14/2004,HLG,WV,AEA,CE,Federal Contract Tower,0,0,5,0,5,0,0,73,0,73,0,0,78,0,78,202,0,202,280
02/15/2004,HLG,WV,AEA,CE,Federal Contract Tower,0,0,1,0,1,0,0,27,10,37,0,0,28,10,38,32,0,32,70
02/16/2004,HLG,WV,AEA,CE,Federal Contract Tower,0,0,8,0,8,0,0,31,0,31,0,0,39,0,39,20,0,20,59
02/17/2004,HLG,WV,AEA,CE,Federal Contract Tower,0,4,13,0,17,0,0,25,18,43,0,4,38,18,60,86,60,146,206
02/18/2004,HLG,WV,AEA,CE,Federal Contract Tower,0,6,6,1,13,0,0,49,2,51,0,6,55,3,64,40,0,40,104
02/19/2004,HLG,WV,AEA,CE,Federal Contract Tower,0,6,1,0,7,0,0,54,9,63,0,6,55,9,70,34,136,170,240
02/20/2004,HLG,WV,AEA,CE,Federal Contract Tower,0,3,10,1,14,0,0,56,31,87,0,3,66,32,101,68,120,188,289
02/21/2004,HLG,WV,AEA,CE,Federal Contract Tower,0,0,1,0,1,0,0,3,22,25,0,0,4,22,26,30,169,199,225
02/22/2004,HLG,WV,AEA,CE,Federal Contract Tower,0,0,12,1,13,0,0,26,12,38,0,0,38,13,51,60,94,154,205
02/23/2004,HLG,WV,AEA,CE,Federal Contract Tower,0,1,10,0,11,0,0,16,2,18,0,1,26,2,29,162,0,162,191
02/24/2004,HLG,WV,AEA,CE,Federal Contract Tower,0,2,7,2,11,0,0,11,32,43,0,2,18,34,54,2,0,2,56
02/25/2004,HLG,WV,AEA,CE,Federal Contract Tower,0,5,6,0,11,0,0,34,9,43,0,5,40,9,54,68,8,76,130
02/26/2004,HLG,WV,AEA,CE,Federal Contract Tower,0,2,12,1,15,0,0,41,16,57,0,2,53,17,72,58,32,90,162
02/27/2004,HLG,WV,AEA,CE,Federal Contract Tower,0,1,10,0,11,0,0,71,17,88,0,1,81,17,99,111,56,167,266
02/28/2004,HLG,WV,AEA,CE,Federal Contract Tower,0,0,8,0,8,0,0,102,21,123,0,0,110,21,131,294,88,382,513
02/29/2004,HLG,WV,AEA,CE,Federal Contract Tower,0,0,2,2,4,0,0,52,11,63,0,0,54,13,67,80,122,202,269
03/01/2004,HLG,WV,AEA,CE,Federal Contract Tower,0,4,3,0,7,0,0,17,0,17,0,4,20,0,24,2,0,2,26
03/02/2004,HLG,WV,AEA,CE,Federal Contract Tower,0,3,9,0,12,0,0,20,5,25,0,3,29,5,37,18,28,46,83
03/03/2004,HLG,WV,AEA,CE,Federal Contract Tower,0,1,3,0,4,0,3,22,0,25,0,4,25,0,29,162,0,162,191
03/04/2004,HLG,WV,AEA,CE,Federal Contract Tower,0,6,8,0,14,0,0,13,0,13,0,6,21,0,27,36,20,56,83
03/05/2004,HLG,WV,AEA,CE,Federal Contract Tower,0,2,0,0,2,0,0,18,0,18,0,2,18,0,20,2,0,2,22
03/06/2004,HLG,WV,AEA,CE,Federal Contract Tower,0,0,1,2,3,0,0,1,1,2,0,0,2,3,5,0,0,0,5
03/07/2004,HLG,WV,AEA,CE,Federal Contract Tower,0,0,5,0,5,0,0,1,0,1,0,0,6,0,6,0,0,0,6
03/08/2004,HLG,WV,AEA,CE,Federal Contract Tower,0,0,2,0,2,0,2,2,0,4,0,2,4,0,6,0,0,0,6
03/09/2004,HLG,WV,AEA,CE,Federal Contract Tower,0,0,3,1,4,0,0,13,1,14,0,0,16,2,18,56,4,60,78
03/10/2004,HLG,WV,AEA,CE,Federal Contract Tower,0,5,2,4,11,0,1,35,4,40,0,6,37,8,51,4,0,4,55
03/11/2004,HLG,WV,AEA,CE,Federal Contract Tower,0,0,4,0,4,0,2,19,10,31,0,2,23,10,35,0,0,0,35
03/12/2004,HLG,WV,AEA,CE,Federal Contract Tower,0,0,0,0,0,0,4,12,6,22,0,4,12,6,22,180,36,216,238
03/13/2004,HLG,WV,AEA,CE,Federal Contract Tower,0,1,1,0,2,0,4,40,10,54,0,5,41,10,56,212,4,216,272
03/14/2004,HLG,WV,AEA,CE,Federal Contract Tower,0,1,0,0,1,0,0,7,4,11,0,1,7,4,12,12,0,12,24
03/15/2004,HLG,WV,AEA,CE,Federal Contract Tower,0,4,3,0,7,0,2,38,2,42,0,6,41,2,49,34,0,34,83
03/16/2004,HLG,WV,AEA,CE,Federal Contract Tower,0,0,0,0,0,0,0,0,0,0,0,0,0,0,0,0,0,0,0
03/17/2004,HLG,WV,AEA,CE,Federal Contract Tower,0,1,1,0,2,0,0,3,0,3,0,1,4,0,5,4,0,4,9
03/18/2004,HLG,WV,AEA,CE,Federal Contract Tower,0,6,10,0,16,0,0,10,8,18,0,6,20,8,34,6,0,6,40
03/19/2004,HLG,WV,AEA,CE,Federal Contract Tower,0,2,7,0,9,0,2,49,1,52,0,4,56,1,61,58,0,58,119
03/20/2004,HLG,WV,AEA,CE,Federal Contract Tower,0,2,4,0,6,0,0,33,0,33,0,2,37,0,39,36,0,36,75
03/21/2004,HLG,WV,AEA,CE,Federal Contract Tower,0,0,0,0,0,0,0,2,0,2,0,0,2,0,2,18,0,18,20
03/22/2004,HLG,WV,AEA,CE,Federal Contract Tower,0,2,12,4,18,0,4,15,5,24,0,6,27,9,42,30,0,30,72
03/23/2004,HLG,WV,AEA,CE,Federal Contract Tower,0,5,8,0,13,0,1,31,14,46,0,6,39,14,59,44,50,94,153
03/24/2004,HLG,WV,AEA,CE,Federal Contract Tower,0,2,5,0,7,0,2,26,12,40,0,4,31,12,47,22,98,120,167
03/25/2004,HLG,WV,AEA,CE,Federal Contract Tower,0,2,6,3,11,0,0,33,5,38,0,2,39,8,49,44,58,102,151
03/26/2004,HLG,WV,AEA,CE,Federal Contract Tower,0,0,0,0,0,0,0,39,20,59,0,0,39,20,59,254,150,404,463
03/27/2004,HLG,WV,AEA,CE,Federal Contract Tower,0,2,12,4,18,0,0,36,31,67,0,2,48,35,85,90,176,266,351
03/28/2004,HLG,WV,AEA,CE,Federal Contract Tower,0,1,0,0,1,0,0,123,25,148,0,1,123,25,149,260,34,294,443
03/29/2004,HLG,WV,AEA,CE,Federal Contract Tower,0,3,3,0,6,0,0,27,6,33,0,3,30,6,39,102,0,102,141
03/30/2004,HLG,WV,AEA,CE,Federal Contract Tower,0,7,5,8,20,0,0,8,10,18,0,7,13,18,38,66,82,148,186
03/31/2004,HLG,WV,AEA,CE,Federal Contract Tower,0,3,2,0,5,0,0,2,2,4,0,3,4,2,9,2,42,44,53
04/01/2004,HLG,WV,AEA,CE,Federal Contract Tower,0,0,3,0,3,0,0,0,0,0,0,0,3,0,3,0,0,0,3
04/02/2004,HLG,WV,AEA,CE,Federal Contract Tower,0,0,24,0,24,0,0,5,0,5,0,0,29,0,29,0,0,0,29
04/03/2004,HLG,WV,AEA,CE,Federal Contract Tower,0,0,4,1,5,0,0,50,1,51,0,0,54,2,56,26,0,26,82
04/04/2004,HLG,WV,AEA,CE,Federal Contract Tower,0,0,2,0,2,0,0,5,0,5,0,0,7,0,7,38,0,38,45
04/05/2004,HLG,WV,AEA,CE,Federal Contract Tower,0,3,4,0,7,0,0,19,0,19,0,3,23,0,26,12,0,12,38
04/06/2004,HLG,WV,AEA,CE,Federal Contract Tower,0,5,7,0,12,0,0,40,9,49,0,5,47,9,61,84,24,108,169
04/07/2004,HLG,WV,AEA,CE,Federal Contract Tower,0,1,9,0,10,0,2,59,6,67,0,3,68,6,77,58,20,78,155
04/08/2004,HLG,WV,AEA,CE,Federal Contract Tower,0,3,8,2,13,0,2,10,4,16,0,5,18,6,29,0,12,12,41
04/09/2004,HLG,WV,AEA,CE,Federal Contract Tower,0,0,12,0,12,0,2,77,14,93,0,2,89,14,105,6,28,34,139
04/10/2004,HLG,WV,AEA,CE,Federal Contract Tower,0,0,3,0,3,0,0,53,0,53,0,0,56,0,56,82,0,82,138
04/11/2004,HLG,WV,AEA,CE,Federal Contract Tower,0,0,1,0,1,0,0,14,0,14,0,0,15,0,15,18,0,18,33
04/12/2004,HLG,WV,AEA,CE,Federal Contract Tower,0,1,5,2,8,0,0,5,2,7,0,1,10,4,15,0,0,0,15
04/13/2004,HLG,WV,AEA,CE,Federal Contract Tower,0,4,13,4,21,0,0,0,0,0,0,4,13,4,21,0,0,0,21
04/14/2004,HLG,WV,AEA,CE,Federal Contract Tower,0,6,8,1,15,0,4,27,1,32,0,10,35,2,47,4,0,4,51
04/15/2004,HLG,WV,AEA,CE,Federal Contract Tower,0,3,8,1,12,0,0,90,12,102,0,3,98,13,114,107,14,121,235
04/16/2004,HLG,WV,AEA,CE,Federal Contract Tower,0,0,8,1,9,0,0,57,20,77,0,0,65,21,86,64,70,134,220
04/17/2004,HLG,WV,AEA,CE,Federal Contract Tower,0,0,5,0,5,0,0,64,29,93,0,0,69,29,98,60,130,190,288
04/18/2004,HLG,WV,AEA,CE,Federal Contract Tower,0,0,13,0,13,0,2,38,18,58,0,2,51,18,71,30,106,136,207
04/19/2004,HLG,WV,AEA,CE,Federal Contract Tower,0,2,4,0,6,0,0,5,2,7,0,2,9,2,13,0,0,0,13
04/20/2004,HLG,WV,AEA,CE,Federal Contract Tower,0,4,2,0,6,0,0,31,4,35,0,4,33,4,41,0,22,22,63
04/21/2004,HLG,WV,AEA,CE,Federal Contract Tower,0,3,1,1,5,0,0,18,13,31,0,3,19,14,36,4,0,4,40
04/22/2004,HLG,WV,AEA,CE,Federal Contract Tower,0,1,6,3,10,0,4,15,8,27,0,5,21,11,37,24,82,106,143
04/23/2004,HLG,WV,AEA,CE,Federal Contract Tower,0,0,6,3,9,0,0,1,8,9,0,0,7,11,18,0,68,68,86
04/24/2004,HLG,WV,AEA,CE,Federal Contract Tower,0,0,5,0,5,0,0,82,6,88,0,0,87,6,93,128,0,128,221
04/25/2004,HLG,WV,AEA,CE,Federal Contract Tower,0,1,6,0,7,0,5,12,12,29,0,6,18,12,36,18,66,84,120
04/26/2004,HLG,WV,AEA,CE,Federal Contract Tower,0,1,14,0,15,0,0,42,8,50,0,1,56,8,65,100,24,124,189
04/27/2004,HLG,WV,AEA,CE,Federal Contract Tower,0,1,9,2,12,0,2,19,21,42,0,3,28,23,54,0,128,128,182
04/28/2004,HLG,WV,AEA,CE,Federal Contract Tower,0,8,9,2,19,0,6,63,13,82,0,14,72,15,101,30,88,118,219
04/29/2004,HLG,WV,AEA,CE,Federal Contract Tower,0,4,8,0,12,0,0,63,10,73,0,4,71,10,85,58,26,84,169
04/30/2004,HLG,WV,AEA,CE,Federal Contract Tower,0,6,4,0,10,0,0,43,8,51,0,6,47,8,61,86,50,136,197
05/01/2004,HLG,WV,AEA,CE,Federal Contract Tower,0,0,2,0,2,0,6,42,0,48,0,6,44,0,50,98,0,98,148
05/02/2004,HLG,WV,AEA,CE,Federal Contract Tower,0,2,4,0,6,0,0,5,0,5,0,2,9,0,11,118,0,118,129
05/03/2004,HLG,WV,AEA,CE,Federal Contract Tower,0,0,18,0,18,0,0,11,6,17,0,0,29,6,35,40,42,82,117
05/04/2004,HLG,WV,AEA,CE,Federal Contract Tower,0,1,7,1,9,0,0,45,12,57,0,1,52,13,66,96,22,118,184
05/05/2004,HLG,WV,AEA,CE,Federal Contract Tower,0,8,15,3,26,0,0,41,20,61,0,8,56,23,87,74,52,126,213
05/06/2004,HLG,WV,AEA,CE,Federal Contract Tower,0,1,6,0,7,0,0,68,6,74,0,1,74,6,81,170,64,234,315
05/07/2004,HLG,WV,AEA,CE,Federal Contract Tower,0,3,0,0,3,0,2,11,8,21,0,5,11,8,24,0,16,16,40
05/08/2004,HLG,WV,AEA,CE,Federal Contract Tower,0,2,8,0,10,0,2,91,4,97,0,4,99,4,107,92,20,112,219
05/09/2004,HLG,WV,AEA,CE,Federal Contract Tower,0,4,9,0,13,0,0,45,0,45,0,4,54,0,58,16,0,16,74
05/10/2004,HLG,WV,AEA,CE,Federal Contract Tower,0,7,7,0,14,0,2,44,5,51,0,9,51,5,65,62,12,74,139
05/11/2004,HLG,WV,AEA,CE,Federal Contract Tower,0,0,5,0,5,0,4,25,11,40,0,4,30,11,45,40,64,104,149
05/12/2004,HLG,WV,AEA,CE,Federal Contract Tower,0,0,9,0,9,0,0,64,3,67,0,0,73,3,76,54,0,54,130
05/13/2004,HLG,WV,AEA,CE,Federal Contract Tower,0,2,13,0,15,0,0,46,5,51,0,2,59,5,66,52,14,66,132
05/14/2004,HLG,WV,AEA,CE,Federal Contract Tower,0,3,16,0,19,0,0,41,12,53,0,3,57,12,72,16,26,42,114
05/15/2004,HLG,WV,AEA,CE,Federal Contract Tower,0,1,5,12,18,0,0,6,12,18,0,1,11,24,36,0,258,258,294
05/16/2004,HLG,WV,AEA,CE,Federal Contract Tower,0,4,5,4,13,0,0,14,2,16,0,4,19,6,29,0,106,106,135
05/17/2004,HLG,WV,AEA,CE,Federal Contract Tower,0,3,14,2,19,0,0,38,1,39,0,3,52,3,58,0,0,0,58
05/18/2004,HLG,WV,AEA,CE,Federal Contract Tower,0,6,6,0,12,0,0,7,6,13,0,6,13,6,25,26,37,63,88
05/19/2004,HLG,WV,AEA,CE,Federal Contract Tower,0,2,8,0,10,0,0,43,5,48,0,2,51,5,58,93,0,93,151
05/20/2004,HLG,WV,AEA,CE,Federal Contract Tower,0,0,11,2,13,0,2,5,2,9,0,2,16,4,22,0,0,0,22
05/21/2004,HLG,WV,AEA,CE,Federal Contract Tower,0,4,4,2,10,0,2,38,17,57,0,6,42,19,67,32,24,56,123
05/22/2004,HLG,WV,AEA,CE,Federal Contract Tower,0,0,3,3,6,0,5,52,5,62,0,5,55,8,68,88,62,150,218
05/23/2004,HLG,WV,AEA,CE,Federal Contract Tower,0,2,15,0,17,0,0,26,12,38,0,2,41,12,55,106,0,106,161
05/24/2004,HLG,WV,AEA,CE,Federal Contract Tower,0,1,5,0,6,0,0,18,5,23,0,1,23,5,29,0,0,0,29
05/25/2004,HLG,WV,AEA,CE,Federal Contract Tower,0,6,5,0,11,0,0,51,10,61,0,6,56,10,72,118,30,148,220
05/26/2004,HLG,WV,AEA,CE,Federal Contract Tower,0,2,6,5,13,0,0,16,10,26,0,2,22,15,39,18,85,103,142
05/27/2004,HLG,WV,AEA,CE,Federal Contract Tower,0,1,9,1,11,0,4,8,9,21,0,5,17,10,32,0,34,34,66
05/28/2004,HLG,WV,AEA,CE,Federal Contract Tower,0,1,15,0,16,0,0,1,3,4,0,1,16,3,20,0,0,0,20
05/29/2004,HLG,WV,AEA,CE,Federal Contract Tower,0,0,10,0,10,0,0,182,0,182,0,0,192,0,192,90,0,90,282
05/30/2004,HLG,WV,AEA,CE,Federal Contract Tower,0,4,0,0,4,0,4,93,0,97,0,8,93,0,101,114,0,114,215
05/31/2004,HLG,WV,AEA,CE,Federal Contract Tower,0,1,18,0,19,0,4,7,2,13,0,5,25,2,32,2,30,32,64
06/01/2004,HLG,WV,AEA,CE,Federal Contract Tower,0,4,8,0,12,0,0,24,3,27,0,4,32,3,39,2,0,2,41
06/02/2004,HLG,WV,AEA,CE,Federal Contract Tower,0,3,2,0,5,0,0,11,0,11,0,3,13,0,16,12,0,12,28
06/03/2004,HLG,WV,AEA,CE,Federal Contract Tower,0,7,10,0,17,0,0,38,7,45,0,7,48,7,62,26,28,54,116
06/04/2004,HLG,WV,AEA,CE,Federal Contract Tower,0,2,8,0,10,0,4,29,13,46,0,6,37,13,56,58,22,80,136
06/05/2004,HLG,WV,AEA,CE,Federal Contract Tower,0,0,7,1,8,0,0,4,1,5,0,0,11,2,13,60,134,194,207
06/06/2004,HLG,WV,AEA,CE,Federal Contract Tower,0,1,7,0,8,0,2,44,9,55,0,3,51,9,63,14,26,40,103
06/07/2004,HLG,WV,AEA,CE,Federal Contract Tower,0,2,3,4,9,0,0,6,12,18,0,2,9,16,27,0,14,14,41
06/08/2004,HLG,WV,AEA,CE,Federal Contract Tower,0,4,9,0,13,0,6,29,17,52,0,10,38,17,65,20,36,56,121
06/09/2004,HLG,WV,AEA,CE,Federal Contract Tower,0,0,4,0,4,0,0,25,8,33,0,0,29,8,37,28,0,28,65
06/10/2004,HLG,WV,AEA,CE,Federal Contract Tower,0,4,3,2,9,0,1,20,9,30,0,5,23,11,39,88,4,92,131
06/11/2004,HLG,WV,AEA,CE,Federal Contract Tower,0,2,3,0,5,0,0,1,0,1,0,2,4,0,6,2,0,2,8
06/12/2004,HLG,WV,AEA,CE,Federal Contract Tower,0,0,4,0,4,0,0,30,3,33,0,0,34,3,37,98,0,98,135
06/13/2004,HLG,WV,AEA,CE,Federal Contract Tower,0,0,7,0,7,0,2,31,0,33,0,2,38,0,40,30,0,30,70
06/14/2004,HLG,WV,AEA,CE,Federal Contract Tower,0,1,4,2,7,0,0,15,9,24,0,1,19,11,31,14,0,14,45
06/15/2004,HLG,WV,AEA,CE,Federal Contract Tower,0,2,9,2,13,0,0,13,8,21,0,2,22,10,34,26,30,56,90
06/16/2004,HLG,WV,AEA,CE,Federal Contract Tower,0,4,5,4,13,0,4,18,8,30,0,8,23,12,43,74,0,74,117
06/17/2004,HLG,WV,AEA,CE,Federal Contract Tower,0,2,8,3,13,0,2,19,6,27,0,4,27,9,40,24,0,24,64
06/18/2004,HLG,WV,AEA,CE,Federal Contract Tower,0,5,6,1,12,0,0,59,8,67,0,5,65,9,79,218,0,218,297
06/19/2004,HLG,WV,AEA,CE,Federal Contract Tower,0,3,7,0,10,0,0,52,9,61,0,3,59,9,71,152,18,170,241
06/20/2004,HLG,WV,AEA,CE,Federal Contract Tower,0,3,4,0,7,0,0,78,2,80,0,3,82,2,87,126,0,126,213
06/21/2004,HLG,WV,AEA,CE,Federal Contract Tower,0,0,6,4,10,0,0,31,1,32,0,0,37,5,42,86,0,86,128
06/22/2004,HLG,WV,AEA,CE,Federal Contract Tower,0,1,6,0,7,0,0,26,10,36,0,1,32,10,43,38,22,60,103
06/23/2004,HLG,WV,AEA,CE,Federal Contract Tower,0,4,16,0,20,0,4,69,2,75,0,8,85,2,95,110,6,116,211
06/24/2004,HLG,WV,AEA,CE,Federal Contract Tower,0,2,2,0,4,0,0,63,8,71,0,2,65,8,75,112,2,114,189
06/25/2004,HLG,WV,AEA,CE,Federal Contract Tower,0,3,1,0,4,0,0,30,21,51,0,3,31,21,55,34,32,66,121
06/26/2004,HLG,WV,AEA,CE,Federal Contract Tower,0,0,4,4,8,0,4,85,12,101,0,4,89,16,109,86,30,116,225
06/27/2004,HLG,WV,AEA,CE,Federal Contract Tower,0,0,4,0,4,0,0,84,3,87,0,0,88,3,91,14,0,14,105
06/28/2004,HLG,WV,AEA,CE,Federal Contract Tower,0,5,7,0,12,0,4,35,6,45,0,9,42,6,57,22,0,22,79
06/29/2004,HLG,WV,AEA,CE,Federal Contract Tower,0,3,11,7,21,0,2,119,17,138,0,5,130,24,159,4,10,14,173
06/30/2004,HLG,WV,AEA,CE,Federal Contract Tower,0,11,4,5,20,0,4,62,18,84,0,15,66,23,104,139,44,183,287
07/01/2004,HLG,WV,AEA,CE,Federal Contract Tower,0,1,6,2,9,0,0,54,15,69,0,1,60,17,78,61,32,93,171
07/02/2004,HLG,WV,AEA,CE,Federal Contract Tower,0,0,15,0,15,0,2,44,0,46,0,2,59,0,61,72,0,72,133
07/03/2004,HLG,WV,AEA,CE,Federal Contract Tower,0,0,3,5,8,0,0,151,6,157,0,0,154,11,165,34,0,34,199
07/04/2004,HLG,WV,AEA,CE,Federal Contract Tower,0,0,0,0,0,0,0,139,0,139,0,0,139,0,139,24,0,24,163
07/05/2004,HLG,WV,AEA,CE,Federal Contract Tower,0,0,4,0,4,0,0,29,0,29,0,0,33,0,33,57,0,57,90
07/06/2004,HLG,WV,AEA,CE,Federal Contract Tower,0,2,10,3,15,0,4,40,3,47,0,6,50,6,62,52,0,52,114
07/07/2004,HLG,WV,AEA,CE,Federal Contract Tower,0,7,5,4,16,0,0,21,7,28,0,7,26,11,44,62,108,170,214
07/08/2004,HLG,WV,AEA,CE,Federal Contract Tower,0,4,5,1,10,0,0,56,18,74,0,4,61,19,84,66,6,72,156
07/09/2004,HLG,WV,AEA,CE,Federal Contract Tower,0,2,8,2,12,0,4,57,24,85,0,6,65,26,97,46,72,118,215
07/10/2004,HLG,WV,AEA,CE,Federal Contract Tower,0,0,5,2,7,0,0,44,18,62,0,0,49,20,69,70,0,70,139
07/11/2004,HLG,WV,AEA,CE,Federal Contract Tower,0,3,5,0,8,0,0,37,0,37,0,3,42,0,45,188,0,188,233
07/12/2004,HLG,WV,AEA,CE,Federal Contract Tower,0,7,6,3,16,0,1,20,0,21,0,8,26,3,37,28,0,28,65
07/13/2004,HLG,WV,AEA,CE,Federal Contract Tower,0,5,19,0,24,0,0,21,2,23,0,5,40,2,47,26,0,26,73
07/14/2004,HLG,WV,AEA,CE,Federal Contract Tower,0,7,3,0,10,0,18,15,4,37,0,25,18,4,47,34,0,34,81
07/15/2004,HLG,WV,AEA,CE,Federal Contract Tower,0,0,5,0,5,0,0,28,1,29,0,0,33,1,34,10,0,10,44
07/16/2004,HLG,WV,AEA,CE,Federal Contract Tower,0,0,15,0,15,0,0,34,5,39,0,0,49,5,54,12,20,32,86
07/17/2004,HLG,WV,AEA,CE,Federal Contract Tower,0,0,11,3,14,0,0,6,0,6,0,0,17,3,20,16,0,16,36
07/18/2004,HLG,WV,AEA,CE,Federal Contract Tower,0,5,7,0,12,0,0,1,4,5,0,5,8,4,17,0,18,18,35
07/19/2004,HLG,WV,AEA,CE,Federal Contract Tower,0,0,2,7,9,0,6,29,14,49,0,6,31,21,58,12,20,32,90
07/20/2004,HLG,WV,AEA,CE,Federal Contract Tower,0,3,4,0,7,0,0,30,18,48,0,3,34,18,55,24,18,42,97
07/21/2004,HLG,WV,AEA,CE,Federal Contract Tower,0,7,3,0,10,0,0,23,17,40,0,7,26,17,50,48,38,86,136
07/22/2004,HLG,WV,AEA,CE,Federal Contract Tower,0,1,12,2,15,0,0,4,0,4,0,1,16,2,19,4,0,4,23
07/23/2004,HLG,WV,AEA,CE,Federal Contract Tower,0,0,11,0,11,0,0,31,13,44,0,0,42,13,55,56,70,126,181
07/24/2004,HLG,WV,AEA,CE,Federal Contract Tower,0,2,2,0,4,0,0,41,5,46,0,2,43,5,50,0,0,0,50
07/25/2004,HLG,WV,AEA,CE,Federal Contract Tower,0,2,8,0,10,0,4,79,6,89,0,6,87,6,99,40,10,50,149
07/26/2004,HLG,WV,AEA,CE,Federal Contract Tower,0,0,3,0,3,0,0,2,0,2,0,0,5,0,5,0,0,0,5
07/27/2004,HLG,WV,AEA,CE,Federal Contract Tower,0,0,1,2,3,0,0,2,2,4,0,0,3,4,7,18,8,26,33
07/28/2004,HLG,WV,AEA,CE,Federal Contract Tower,0,4,5,4,13,0,1,57,18,76,0,5,62,22,89,154,0,154,243
07/29/2004,HLG,WV,AEA,CE,Federal Contract Tower,0,0,9,1,10,0,6,112,8,126,0,6,121,9,136,38,16,54,190
07/30/2004,HLG,WV,AEA,CE,Federal Contract Tower,0,1,14,0,15,0,0,25,7,32,0,1,39,7,47,44,40,84,131
07/31/2004,HLG,WV,AEA,CE,Federal Contract Tower,0,5,2,0,7,0,1,1,2,4,0,6,3,2,11,0,32,32,43
08/01/2004,HLG,WV,AEA,CE,Federal Contract Tower,0,2,6,1,9,0,4,42,8,54,0,6,48,9,63,0,36,36,99
08/02/2004,HLG,WV,AEA,CE,Federal Contract Tower,0,1,7,2,10,0,0,42,0,42,0,1,49,2,52,76,0,76,128
08/03/2004,HLG,WV,AEA,CE,Federal Contract Tower,0,4,5,0,9,0,4,27,6,37,0,8,32,6,46,78,0,78,124
08/04/2004,HLG,WV,AEA,CE,Federal Contract Tower,0,3,5,0,8,0,0,30,0,30,0,3,35,0,38,16,0,16,54
08/05/2004,HLG,WV,AEA,CE,Federal Contract Tower,0,3,7,5,15,0,3,48,3,54,0,6,55,8,69,72,0,72,141
08/06/2004,HLG,WV,AEA,CE,Federal Contract Tower,0,1,9,6,16,0,0,54,7,61,0,1,63,13,77,88,8,96,173
08/07/2004,HLG,WV,AEA,CE,Federal Contract Tower,0,0,15,0,15,0,0,101,3,104,0,0,116,3,119,220,0,220,339
08/08/2004,HLG,WV,AEA,CE,Federal Contract Tower,0,0,3,4,7,0,0,84,2,86,0,0,87,6,93,120,0,120,213
08/09/2004,HLG,WV,AEA,CE,Federal Contract Tower,0,6,2,0,8,0,6,38,0,44,0,12,40,0,52,36,0,36,88
08/10/2004,HLG,WV,AEA,CE,Federal Contract Tower,0,0,0,1,1,0,0,24,2,26,0,0,24,3,27,60,0,60,87
08/11/2004,HLG,WV,AEA,CE,Federal Contract Tower,0,16,10,6,32,0,1,101,0,102,0,17,111,6,134,70,0,70,204
08/12/2004,HLG,WV,AEA,CE,Federal Contract Tower,0,6,17,1,24,0,0,22,1,23,0,6,39,2,47,50,0,50,97
08/13/2004,HLG,WV,AEA,CE,Federal Contract Tower,0,2,14,0,16,0,0,23,12,35,0,2,37,12,51,18,64,82,133
08/14/2004,HLG,WV,AEA,CE,Federal Contract Tower,0,2,9,0,11,0,1,74,2,77,0,3,83,2,88,108,0,108,196
08/15/2004,HLG,WV,AEA,CE,Federal Contract Tower,0,3,9,0,12,0,0,83,22,105,0,3,92,22,117,88,148,236,353
08/16/2004,HLG,WV,AEA,CE,Federal Contract Tower,0,0,4,2,6,0,0,52,8,60,0,0,56,10,66,110,0,110,176
08/17/2004,HLG,WV,AEA,CE,Federal Contract Tower,0,2,0,1,3,0,4,43,15,62,0,6,43,16,65,102,0,102,167
08/18/2004,HLG,WV,AEA,CE,Federal Contract Tower,0,13,12,0,25,0,7,44,8,59,0,20,56,8,84,114,16,130,214
08/19/2004,HLG,WV,AEA,CE,Federal Contract Tower,0,8,6,2,16,0,1,44,5,50,0,9,50,7,66,91,0,91,157
08/20/2004,HLG,WV,AEA,CE,Federal Contract Tower,0,8,5,0,13,0,5,44,15,64,0,13,49,15,77,28,12,40,117
08/21/2004,HLG,WV,AEA,CE,Federal Contract Tower,0,5,16,0,21,0,4,70,4,78,0,9,86,4,99,16,23,39,138
08/22/2004,HLG,WV,AEA,CE,Federal Contract Tower,0,2,6,0,8,0,2,89,9,100,0,4,95,9,108,18,0,18,126
08/23/2004,HLG,WV,AEA,CE,Federal Contract Tower,0,0,9,0,9,0,0,35,2,37,0,0,44,2,46,8,0,8,54
08/24/2004,HLG,WV,AEA,CE,Federal Contract Tower,0,6,5,0,11,0,0,43,5,48,0,6,48,5,59,8,14,22,81
08/25/2004,HLG,WV,AEA,CE,Federal Contract Tower,0,8,7,0,15,0,1,63,8,72,0,9,70,8,87,10,0,10,97
08/26/2004,HLG,WV,AEA,CE,Federal Contract Tower,0,1,0,4,5,0,0,8,10,18,0,1,8,14,23,8,46,54,77
08/27/2004,HLG,WV,AEA,CE,Federal Contract Tower,0,3,2,3,8,0,0,21,39,60,0,3,23,42,68,26,32,58,126
08/28/2004,HLG,WV,AEA,CE,Federal Contract Tower,0,0,1,3,4,0,0,33,20,53,0,0,34,23,57,64,8,72,129
08/29/2004,HLG,WV,AEA,CE,Federal Contract Tower,2,2,1,2,7,0,0,33,13,46,2,2,34,15,53,24,34,58,111
08/30/2004,HLG,WV,AEA,CE,Federal Contract Tower,0,0,18,6,24,0,0,0,0,0,0,0,18,6,24,0,0,0,24
08/31/2004,HLG,WV,AEA,CE,Federal Contract Tower,0,2,12,2,16,0,0,55,20,75,0,2,67,22,91,70,6,76,167
09/01/2004,HLG,WV,AEA,CE,Federal Contract Tower,0,7,9,0,16,0,7,82,15,104,0,14,91,15,120,56,0,56,176
09/02/2004,HLG,WV,AEA,CE,Federal Contract Tower,0,0,9,1,10,0,2,54,20,76,0,2,63,21,86,44,8,52,138
09/03/2004,HLG,WV,AEA,CE,Federal Contract Tower,0,4,13,6,23,0,2,61,5,68,0,6,74,11,91,92,2,94,185
09/04/2004,HLG,WV,AEA,CE,Federal Contract Tower,0,0,3,0,3,0,4,55,0,59,0,4,58,0,62,14,0,14,76
09/05/2004,HLG,WV,AEA,CE,Federal Contract Tower,0,0,1,0,1,0,0,41,2,43,0,0,42,2,44,48,0,48,92
09/06/2004,HLG,WV,AEA,CE,Federal Contract Tower,0,2,6,0,8,0,0,13,0,13,0,2,19,0,21,38,0,38,59
09/07/2004,HLG,WV,AEA,CE,Federal Contract Tower,0,2,2,1,5,0,0,15,1,16,0,2,17,2,21,12,0,12,33
09/08/2004,HLG,WV,AEA,CE,Federal Contract Tower,0,2,0,0,2,0,0,0,0,0,0,2,0,0,2,0,0,0,2
09/09/2004,HLG,WV,AEA,CE,Federal Contract Tower,0,1,3,0,4,0,2,12,14,28,0,3,15,14,32,12,22,34,66
09/10/2004,HLG,WV,AEA,CE,Federal Contract Tower,0,0,6,0,6,0,0,26,41,67,0,0,32,41,73,2,109,111,184
09/11/2004,HLG,WV,AEA,CE,Federal Contract Tower,0,0,3,0,3,0,0,98,33,131,0,0,101,33,134,30,78,108,242
09/12/2004,HLG,WV,AEA,CE,Federal Contract Tower,0,0,1,1,2,0,0,41,36,77,0,0,42,37,79,12,138,150,229
09/13/2004,HLG,WV,AEA,CE,Federal Contract Tower,0,0,3,6,9,0,0,53,9,62,0,0,56,15,71,0,14,14,85
09/14/2004,HLG,WV,AEA,CE,Federal Contract Tower,0,2,10,1,13,0,2,84,9,95,0,4,94,10,108,12,0,12,120
09/15/2004,HLG,WV,AEA,CE,Federal Contract Tower,0,0,4,3,7,0,4,52,12,68,0,4,56,15,75,46,68,114,189
09/16/2004,HLG,WV,AEA,CE,Federal Contract Tower,0,6,0,0,6,0,4,25,18,47,0,10,25,18,53,28,74,102,155
09/17/2004,HLG,WV,AEA,CE,Federal Contract Tower,0,3,0,1,4,0,1,0,81,82,0,4,0,82,86,0,0,0,86
09/18/2004,HLG,WV,AEA,CE,Federal Contract Tower,0,0,2,1,3,0,0,31,89,120,0,0,33,90,123,0,0,0,123
09/19/2004,HLG,WV,AEA,CE,Federal Contract Tower,0,3,0,2,5,0,0,100,56,156,0,3,100,58,161,6,0,6,167
09/20/2004,HLG,WV,AEA,CE,Federal Contract Tower,0,2,9,0,11,0,0,51,63,114,0,2,60,63,125,6,12,18,143
09/21/2004,HLG,WV,AEA,CE,Federal Contract Tower,0,2,8,4,14,0,0,33,26,59,0,2,41,30,73,10,4,14,87
09/22/2004,HLG,WV,AEA,CE,Federal Contract Tower,0,5,3,8,16,0,3,25,25,53,0,8,28,33,69,0,0,0,69
09/23/2004,HLG,WV,AEA,CE,Federal Contract Tower,0,3,11,4,18,0,0,47,11,58,0,3,58,15,76,46,0,46,122
09/24/2004,HLG,WV,AEA,CE,Federal Contract Tower,0,5,13,1,19,0,0,34,38,72,0,5,47,39,91,0,0,0,91
09/25/2004,HLG,WV,AEA,CE,Federal Contract Tower,0,0,4,0,4,0,8,34,41,83,0,8,38,41,87,58,0,58,145
09/26/2004,HLG,WV,AEA,CE,Federal Contract Tower,0,2,10,0,12,0,0,39,24,63,0,2,49,24,75,38,0,38,113
09/27/2004,HLG,WV,AEA,CE,Federal Contract Tower,0,1,4,0,5,0,0,14,7,21,0,1,18,7,26,0,0,0,26
09/28/2004,HLG,WV,AEA,CE,Federal Contract Tower,0,5,3,0,8,0,0,10,6,16,0,5,13,6,24,8,0,8,32
09/29/2004,HLG,WV,AEA,CE,Federal Contract Tower,0,3,3,3,9,0,2,13,33,48,0,5,16,36,57,10,38,48,105
09/30/2004,HLG,WV,AEA,CE,Federal Contract Tower,0,6,6,3,15,0,2,28,7,37,0,8,34,10,52,8,4,12,64
10/01/2004,HLG,WV,AEA,CE,Federal Contract Tower,0,4,28,3,35,0,0,39,16,55,0,4,67,19,90,56,51,107,197
10/02/2004,HLG,WV,AEA,CE,Federal Contract Tower,0,0,5,2,7,0,0,24,6,30,0,0,29,8,37,36,0,36,73
10/03/2004,HLG,WV,AEA,CE,Federal Contract Tower,0,4,6,0,10,0,2,68,0,70,0,6,74,0,80,20,0,20,100
10/04/2004,HLG,WV,AEA,CE,Federal Contract Tower,0,4,17,0,21,0,0,29,4,33,0,4,46,4,54,2,0,2,56
10/05/2004,HLG,WV,AEA,CE,Federal Contract Tower,0,0,3,0,3,0,4,23,11,38,0,4,26,11,41,12,28,40,81
10/06/2004,HLG,WV,AEA,CE,Federal Contract Tower,0,4,6,4,14,0,1,20,8,29,0,5,26,12,43,24,20,44,87
10/07/2004,HLG,WV,AEA,CE,Federal Contract Tower,0,8,17,0,25,0,0,40,7,47,0,8,57,7,72,40,0,40,112
10/08/2004,HLG,WV,AEA,CE,Federal Contract Tower,0,6,9,0,15,0,1,51,0,52,0,7,60,0,67,10,4,14,81
10/09/2004,HLG,WV,AEA,CE,Federal Contract Tower,0,0,3,0,3,0,2,55,2,59,0,2,58,2,62,64,0,64,126
10/10/2004,HLG,WV,AEA,CE,Federal Contract Tower,0,3,4,0,7,0,3,47,0,50,0,6,51,0,57,42,0,42,99
10/11/2004,HLG,WV,AEA,CE,Federal Contract Tower,0,0,4,0,4,0,0,20,0,20,0,0,24,0,24,14,0,14,38
10/12/2004,HLG,WV,AEA,CE,Federal Contract Tower,0,2,5,2,9,0,0,32,14,46,0,2,37,16,55,48,10,58,113
10/13/2004,HLG,WV,AEA,CE,Federal Contract Tower,0,8,2,2,12,0,0,7,2,9,0,8,9,4,21,0,42,42,63
10/14/2004,HLG,WV,AEA,CE,Federal Contract Tower,0,6,10,0,16,0,4,0,1,5,0,10,10,1,21,0,0,0,21
10/15/2004,HLG,WV,AEA,CE,Federal Contract Tower,0,4,5,0,9,0,2,5,0,7,0,6,10,0,16,0,0,0,16
10/16/2004,HLG,WV,AEA,CE,Federal Contract Tower,0,2,8,0,10,0,1,27,0,28,0,3,35,0,38,0,0,0,38
10/17/2004,HLG,WV,AEA,CE,Federal Contract Tower,0,1,0,0,1,0,4,10,4,18,0,5,10,4,19,0,0,0,19
10/18/2004,HLG,WV,AEA,CE,Federal Contract Tower,0,2,6,0,8,0,0,16,2,18,0,2,22,2,26,0,0,0,26
10/19/2004,HLG,WV,AEA,CE,Federal Contract Tower,0,2,12,0,14,0,0,4,39,43,0,2,16,39,57,2,138,140,197
10/20/2004,HLG,WV,AEA,CE,Federal Contract Tower,0,2,5,2,9,0,1,36,28,65,0,3,41,30,74,214,22,236,310
10/21/2004,HLG,WV,AEA,CE,Federal Contract Tower,0,3,11,24,38,0,2,13,0,15,0,5,24,24,53,20,39,59,112
10/22/2004,HLG,WV,AEA,CE,Federal Contract Tower,0,0,12,0,12,0,0,25,9,34,0,0,37,9,46,0,16,16,62
10/23/2004,HLG,WV,AEA,CE,Federal Contract Tower,0,1,7,0,8,0,0,63,17,80,0,1,70,17,88,144,30,174,262
10/24/2004,HLG,WV,AEA,CE,Federal Contract Tower,0,0,22,11,33,0,0,36,0,36,0,0,58,11,69,98,96,194,263
10/25/2004,HLG,WV,AEA,CE,Federal Contract Tower,0,2,14,0,16,0,0,53,2,55,0,2,67,2,71,84,0,84,155
10/26/2004,HLG,WV,AEA,CE,Federal Contract Tower,0,0,5,0,5,0,9,36,6,51,0,9,41,6,56,72,0,72,128
10/27/2004,HLG,WV,AEA,CE,Federal Contract Tower,0,0,3,0,3,0,0,9,4,13,0,0,12,4,16,6,0,6,22
10/28/2004,HLG,WV,AEA,CE,Federal Contract Tower,0,2,5,2,9,0,0,34,4,38,0,2,39,6,47,82,0,82,129
10/29/2004,HLG,WV,AEA,CE,Federal Contract Tower,0,1,7,0,8,0,0,0,0,0,0,1,7,0,8,0,0,0,8
10/30/2004,HLG,WV,AEA,CE,Federal Contract Tower,0,0,1,0,1,0,2,1,0,3,0,2,2,0,4,115,0,115,119
10/31/2004,HLG,WV,AEA,CE,Federal Contract Tower,0,1,10,0,11,0,0,8,0,8,0,1,18,0,19,24,0,24,43
11/01/2004,HLG,WV,AEA,CE,Federal Contract Tower,0,7,9,2,18,0,6,19,12,37,0,13,28,14,55,24,25,49,104
11/02/2004,HLG,WV,AEA,CE,Federal Contract Tower,0,0,0,5,5,0,0,8,1,9,0,0,8,6,14,56,0,56,70
11/03/2004,HLG,WV,AEA,CE,Federal Contract Tower,0,0,4,2,6,0,0,27,12,39,0,0,31,14,45,0,78,78,123
11/04/2004,HLG,WV,AEA,CE,Federal Contract Tower,0,2,0,0,2,0,0,0,0,0,0,2,0,0,2,0,0,0,2
11/05/2004,HLG,WV,AEA,CE,Federal Contract Tower,0,5,5,0,10,0,2,14,35,51,0,7,19,35,61,0,38,38,99
11/06/2004,HLG,WV,AEA,CE,Federal Contract Tower,0,0,9,0,9,0,2,56,26,84,0,2,65,26,93,126,214,340,433
11/07/2004,HLG,WV,AEA,CE,Federal Contract Tower,0,0,1,3,4,0,0,41,9,50,0,0,42,12,54,152,26,178,232
11/08/2004,HLG,WV,AEA,CE,Federal Contract Tower,0,4,3,0,7,0,0,18,0,18,0,4,21,0,25,44,0,44,69
11/09/2004,HLG,WV,AEA,CE,Federal Contract Tower,0,4,5,7,16,0,2,34,20,56,0,6,39,27,72,48,42,90,162
11/10/2004,HLG,WV,AEA,CE,Federal Contract Tower,0,7,8,3,18,0,0,29,9,38,0,7,37,12,56,84,12,96,152
11/11/2004,HLG,WV,AEA,CE,Federal Contract Tower,0,1,9,0,10,0,0,24,2,26,0,1,33,2,36,12,10,22,58
11/12/2004,HLG,WV,AEA,CE,Federal Contract Tower,0,2,4,0,6,0,0,0,0,0,0,2,4,0,6,0,0,0,6
11/13/2004,HLG,WV,AEA,CE,Federal Contract Tower,0,0,1,0,1,0,2,95,0,97,0,2,96,0,98,50,0,50,148
11/14/2004,HLG,WV,AEA,CE,Federal Contract Tower,0,0,5,0,5,0,0,72,1,73,0,0,77,1,78,28,0,28,106
11/15/2004,HLG,WV,AEA,CE,Federal Contract Tower,0,4,14,0,18,0,4,44,0,48,0,8,58,0,66,42,0,42,108
11/16/2004,HLG,WV,AEA,CE,Federal Contract Tower,0,1,10,1,12,0,0,13,6,19,0,1,23,7,31,0,64,64,95
11/17/2004,HLG,WV,AEA,CE,Federal Contract Tower,0,1,10,1,12,0,0,13,6,19,0,1,23,7,31,0,64,64,95
11/18/2004,HLG,WV,AEA,CE,Federal Contract Tower,0,0,1,0,1,0,0,0,0,0,0,0,1,0,1,0,0,0,1
11/19/2004,HLG,WV,AEA,CE,Federal Contract Tower,0,3,0,0,3,0,0,0,0,0,0,3,0,0,3,0,0,0,3
11/20/2004,HLG,WV,AEA,CE,Federal Contract Tower,0,1,10,1,12,0,0,46,48,94,0,1,56,49,106,54,76,130,236
11/21/2004,HLG,WV,AEA,CE,Federal Contract Tower,0,0,5,2,7,0,0,28,20,48,0,0,33,22,55,70,58,128,183
11/22/2004,HLG,WV,AEA,CE,Federal Contract Tower,0,1,3,0,4,0,3,6,3,12,0,4,9,3,16,10,0,10,26
11/23/2004,HLG,WV,AEA,CE,Federal Contract Tower,0,1,1,5,7,0,0,31,3,34,0,1,32,8,41,110,38,148,189
11/24/2004,HLG,WV,AEA,CE,Federal Contract Tower,0,4,3,0,7,0,0,39,0,39,0,4,42,0,46,58,0,58,104
11/25/2004,HLG,WV,AEA,CE,Federal Contract Tower,0,0,0,0,0,0,0,0,0,0,0,0,0,0,0,0,0,0,0
11/26/2004,HLG,WV,AEA,CE,Federal Contract Tower,0,0,10,1,11,0,0,23,1,24,0,0,33,2,35,8,0,8,43
11/27/2004,HLG,WV,AEA,CE,Federal Contract Tower,0,3,10,0,13,0,0,48,0,48,0,3,58,0,61,42,0,42,103
11/28/2004,HLG,WV,AEA,CE,Federal Contract Tower,0,0,0,0,0,0,2,12,0,14,0,2,12,0,14,44,0,44,58
11/29/2004,HLG,WV,AEA,CE,Federal Contract Tower,0,4,3,0,7,0,0,31,3,34,0,4,34,3,41,118,0,118,159
11/30/2004,HLG,WV,AEA,CE,Federal Contract Tower,0,5,1,0,6,0,4,12,17,33,0,9,13,17,39,56,24,80,119
12/01/2004,HLG,WV,AEA,CE,Federal Contract Tower,0,4,0,2,6,0,1,6,5,12,0,5,6,7,18,0,30,30,48
12/02/2004,HLG,WV,AEA,CE,Federal Contract Tower,0,9,6,0,15,0,3,45,5,53,0,12,51,5,68,153,0,153,221
12/03/2004,HLG,WV,AEA,CE,Federal Contract Tower,0,3,4,3,10,0,0,31,18,49,0,3,35,21,59,0,100,100,159
12/04/2004,HLG,WV,AEA,CE,Federal Contract Tower,0,0,6,0,6,0,0,69,12,81,0,0,75,12,87,76,10,86,173
12/05/2004,HLG,WV,AEA,CE,Federal Contract Tower,0,0,2,0,2,0,0,102,0,102,0,0,104,0,104,162,0,162,266
12/06/2004,HLG,WV,AEA,CE,Federal Contract Tower,0,0,10,10,20,0,0,0,0,0,0,0,10,10,20,0,62,62,82
12/07/2004,HLG,WV,AEA,CE,Federal Contract Tower,0,0,0,0,0,0,0,1,14,15,0,0,1,14,15,0,10,10,25
12/08/2004,HLG,WV,AEA,CE,Federal Contract Tower,0,7,5,5,17,0,0,34,8,42,0,7,39,13,59,59,6,65,124
12/09/2004,HLG,WV,AEA,CE,Federal Contract Tower,0,0,2,6,8,0,0,15,1,16,0,0,17,7,24,16,58,74,98
12/10/2004,HLG,WV,AEA,CE,Federal Contract Tower,0,0,1,2,3,0,0,13,17,30,0,0,14,19,33,0,76,76,109
12/11/2004,HLG,WV,AEA,CE,Federal Contract Tower,0,0,0,0,0,0,0,0,0,0,0,0,0,0,0,0,0,0,0
12/12/2004,HLG,WV,AEA,CE,Federal Contract Tower,0,0,1,0,1,0,0,4,0,4,0,0,5,0,5,0,0,0,5
12/13/2004,HLG,WV,AEA,CE,Federal Contract Tower,0,0,1,0,1,0,0,0,6,6,0,0,1,6,7,0,0,0,7
12/14/2004,HLG,WV,AEA,CE,Federal Contract Tower,0,2,6,2,10,0,0,10,8,18,0,2,16,10,28,0,96,96,124
12/15/2004,HLG,WV,AEA,CE,Federal Contract Tower,0,0,6,0,6,0,0,31,20,51,0,0,37,20,57,12,66,78,135
12/16/2004,HLG,WV,AEA,CE,Federal Contract Tower,0,0,5,3,8,0,0,39,11,50,0,0,44,14,58,8,0,8,66
12/17/2004,HLG,WV,AEA,CE,Federal Contract Tower,0,0,3,2,5,0,3,47,27,77,0,3,50,29,82,22,38,60,142
12/18/2004,HLG,WV,AEA,CE,Federal Contract Tower,0,2,7,0,9,0,0,71,12,83,0,2,78,12,92,80,0,80,172
12/19/2004,HLG,WV,AEA,CE,Federal Contract Tower,0,0,0,0,0,0,0,0,0,0,0,0,0,0,0,0,0,0,0
12/20/2004,HLG,WV,AEA,CE,Federal Contract Tower,0,5,9,0,14,0,0,46,0,46,0,5,55,0,60,0,0,0,60
12/21/2004,HLG,WV,AEA,CE,Federal Contract Tower,0,2,9,0,11,0,0,24,19,43,0,2,33,19,54,20,38,58,112
12/22/2004,HLG,WV,AEA,CE,Federal Contract Tower,0,1,4,0,5,0,0,0,1,1,0,1,4,1,6,0,17,17,23
12/23/2004,HLG,WV,AEA,CE,Federal Contract Tower,0,0,0,0,0,0,0,2,0,2,0,0,2,0,2,40,0,40,42
12/24/2004,HLG,WV,AEA,CE,Federal Contract Tower,0,0,1,0,1,0,0,5,0,5,0,0,6,0,6,0,0,0,6
12/25/2004,HLG,WV,AEA,CE,Federal Contract Tower,0,0,2,0,2,0,0,4,0,4,0,0,6,0,6,0,0,0,6
12/26/2004,HLG,WV,AEA,CE,Federal Contract Tower,0,0,0,0,0,0,0,14,0,14,0,0,14,0,14,42,0,42,56
12/27/2004,HLG,WV,AEA,CE,Federal Contract Tower,0,0,0,0,0,0,0,34,2,36,0,0,34,2,36,0,0,0,36
12/28/2004,HLG,WV,AEA,CE,Federal Contract Tower,0,2,2,5,9,0,0,33,16,49,0,2,35,21,58,26,22,48,106
12/29/2004,HLG,WV,AEA,CE,Federal Contract Tower,0,0,3,2,5,0,6,19,7,32,0,6,22,9,37,21,38,59,96
12/30/2004,HLG,WV,AEA,CE,Federal Contract Tower,0,1,10,2,13,0,5,18,7,30,0,6,28,9,43,26,10,36,79
12/31/2004,HLG,WV,AEA,CE,Federal Contract Tower,0,0,6,0,6,0,0,7,0,7,0,0,13,0,13,13,20,33,46
01/01/2005,HLG,WV,AEA,CE,Federal Contract Tower,0,2,0,0,2,0,0,75,0,75,0,2,75,0,77,78,0,78,155
01/02/2005,HLG,WV,AEA,CE,Federal Contract Tower,0,0,3,0,3,0,0,71,3,74,0,0,74,3,77,68,0,68,145
01/03/2005,HLG,WV,AEA,CE,Federal Contract Tower,0,4,5,0,9,0,0,1,0,1,0,4,6,0,10,0,0,0,10
01/04/2005,HLG,WV,AEA,CE,Federal Contract Tower,0,1,3,1,5,0,0,0,0,0,0,1,3,1,5,0,70,70,75
01/05/2005,HLG,WV,AEA,CE,Federal Contract Tower,0,3,2,0,5,0,0,1,0,1,0,3,3,0,6,0,0,0,6
01/06/2005,HLG,WV,AEA,CE,Federal Contract Tower,0,2,3,2,7,0,0,1,6,7,0,2,4,8,14,0,0,0,14
01/07/2005,HLG,WV,AEA,CE,Federal Contract Tower,0,0,9,0,9,0,0,76,74,150,0,0,85,74,159,34,56,90,249
01/08/2005,HLG,WV,AEA,CE,Federal Contract Tower,0,4,2,3,9,0,0,16,41,57,0,4,18,44,66,40,98,138,204
01/09/2005,HLG,WV,AEA,CE,Federal Contract Tower,0,0,8,4,12,0,0,32,43,75,0,0,40,47,87,90,228,318,405
01/10/2005,HLG,WV,AEA,CE,Federal Contract Tower,0,3,6,3,12,0,0,2,3,5,0,3,8,6,17,0,0,0,17
01/11/2005,HLG,WV,AEA,CE,Federal Contract Tower,0,0,0,0,0,0,0,0,0,0,0,0,0,0,0,0,10,10,10
01/12/2005,HLG,WV,AEA,CE,Federal Contract Tower,0,2,0,4,6,0,6,6,20,32,0,8,6,24,38,14,0,14,52
01/13/2005,HLG,WV,AEA,CE,Federal Contract Tower,0,2,2,0,4,0,0,17,5,22,0,2,19,5,26,0,18,18,44
01/14/2005,HLG,WV,AEA,CE,Federal Contract Tower,0,4,5,1,10,0,5,15,12,32,0,9,20,13,42,0,0,0,42
01/15/2005,HLG,WV,AEA,CE,Federal Contract Tower,0,0,0,0,0,0,0,44,4,48,0,0,44,4,48,39,0,39,87
01/16/2005,HLG,WV,AEA,CE,Federal Contract Tower,0,0,0,0,0,0,0,0,0,0,0,0,0,0,0,0,0,0,0
01/17/2005,HLG,WV,AEA,CE,Federal Contract Tower,0,3,2,0,5,0,0,9,0,9,0,3,11,0,14,0,0,0,14
01/18/2005,HLG,WV,AEA,CE,Federal Contract Tower,0,1,6,0,7,0,0,31,11,42,0,1,37,11,49,0,30,30,79
01/19/2005,HLG,WV,AEA,CE,Federal Contract Tower,0,6,1,2,9,0,1,1,0,2,0,7,2,2,11,0,12,12,23
01/20/2005,HLG,WV,AEA,CE,Federal Contract Tower,0,5,0,0,5,0,2,5,0,7,0,7,5,0,12,0,0,0,12
01/21/2005,HLG,WV,AEA,CE,Federal Contract Tower,0,4,6,2,12,0,10,45,23,78,0,14,51,25,90,12,0,12,102
01/22/2005,HLG,WV,AEA,CE,Federal Contract Tower,0,0,0,0,0,0,0,0,0,0,0,0,0,0,0,0,0,0,0
01/23/2005,HLG,WV,AEA,CE,Federal Contract Tower,0,2,6,0,8,0,0,17,22,39,0,2,23,22,47,0,86,86,133
01/24/2005,HLG,WV,AEA,CE,Federal Contract Tower,0,0,0,0,0,0,0,10,2,12,0,0,10,2,12,0,0,0,12
01/25/2005,HLG,WV,AEA,CE,Federal Contract Tower,0,6,9,0,15,0,0,11,10,21,0,6,20,10,36,4,42,46,82
01/26/2005,HLG,WV,AEA,CE,Federal Contract Tower,0,3,0,0,3,0,0,2,9,11,0,3,2,9,14,30,17,47,61
01/27/2005,HLG,WV,AEA,CE,Federal Contract Tower,0,4,2,0,6,0,0,37,19,56,0,4,39,19,62,10,66,76,138
01/28/2005,HLG,WV,AEA,CE,Federal Contract Tower,0,2,9,1,12,0,2,37,16,55,0,4,46,17,67,70,21,91,158
01/29/2005,HLG,WV,AEA,CE,Federal Contract Tower,0,0,0,0,0,0,0,48,0,48,0,0,48,0,48,260,0,260,308
01/30/2005,HLG,WV,AEA,CE,Federal Contract Tower,0,0,3,0,3,0,0,45,4,49,0,0,48,4,52,272,8,280,332
01/31/2005,HLG,WV,AEA,CE,Federal Contract Tower,0,0,6,3,9,0,0,31,4,35,0,0,37,7,44,198,6,204,248
02/01/2005,HLG,WV,AEA,CE,Federal Contract Tower,0,3,10,0,13,0,0,29,14,43,0,3,39,14,56,44,72,116,172
02/02/2005,HLG,WV,AEA,CE,Federal Contract Tower,0,2,2,3,7,0,0,21,11,32,0,2,23,14,39,6,24,30,69
02/03/2005,HLG,WV,AEA,CE,Federal Contract Tower,0,4,0,0,4,0,0,2,0,2,0,4,2,0,6,0,0,0,6
02/04/2005,HLG,WV,AEA,CE,Federal Contract Tower,0,3,10,0,13,0,0,57,10,67,0,3,67,10,80,34,44,78,158
02/05/2005,HLG,WV,AEA,CE,Federal Contract Tower,0,2,2,4,8,0,2,50,19,71,0,4,52,23,79,132,34,166,245
02/06/2005,HLG,WV,AEA,CE,Federal Contract Tower,0,1,6,0,7,0,0,66,8,74,0,1,72,8,81,42,0,42,123
02/07/2005,HLG,WV,AEA,CE,Federal Contract Tower,0,3,6,0,9,0,4,11,13,28,0,7,17,13,37,56,26,82,119
02/08/2005,HLG,WV,AEA,CE,Federal Contract Tower,0,0,2,0,2,0,0,2,0,2,0,0,4,0,4,0,52,52,56
02/09/2005,HLG,WV,AEA,CE,Federal Contract Tower,0,3,0,0,3,0,0,0,0,0,0,3,0,0,3,0,0,0,3
02/10/2005,HLG,WV,AEA,CE,Federal Contract Tower,0,8,1,0,9,0,0,4,0,4,0,8,5,0,13,0,0,0,13
02/11/2005,HLG,WV,AEA,CE,Federal Contract Tower,0,4,4,1,9,0,0,9,14,23,0,4,13,15,32,0,74,74,106
02/12/2005,HLG,WV,AEA,CE,Federal Contract Tower,0,0,3,1,4,0,0,46,30,76,0,0,49,31,80,46,12,58,138
02/13/2005,HLG,WV,AEA,CE,Federal Contract Tower,0,0,2,0,2,0,0,43,39,82,0,0,45,39,84,114,44,158,242
02/14/2005,HLG,WV,AEA,CE,Federal Contract Tower,0,8,6,0,14,0,0,0,0,0,0,8,6,0,14,0,0,0,14
02/15/2005,HLG,WV,AEA,CE,Federal Contract Tower,0,4,2,0,6,0,0,27,13,40,0,4,29,13,46,34,0,34,80
02/16/2005,HLG,WV,AEA,CE,Federal Contract Tower,0,4,0,1,5,0,3,6,5,14,0,7,6,6,19,0,0,0,19
02/17/2005,HLG,WV,AEA,CE,Federal Contract Tower,0,4,0,0,4,0,0,16,0,16,0,4,16,0,20,30,0,30,50
02/18/2005,HLG,WV,AEA,CE,Federal Contract Tower,0,7,3,0,10,7,27,0,0,34,7,34,3,0,44,62,0,62,106
02/19/2005,HLG,WV,AEA,CE,Federal Contract Tower,0,4,3,0,7,0,1,47,8,56,0,5,50,8,63,64,0,64,127
02/20/2005,HLG,WV,AEA,CE,Federal Contract Tower,0,0,0,0,0,0,0,24,0,24,0,0,24,0,24,0,0,0,24
02/21/2005,HLG,WV,AEA,CE,Federal Contract Tower,0,1,3,0,4,0,0,0,0,0,0,1,3,0,4,0,0,0,4
02/22/2005,HLG,WV,AEA,CE,Federal Contract Tower,0,6,1,0,7,0,1,10,2,13,0,7,11,2,20,20,0,20,40
02/23/2005,HLG,WV,AEA,CE,Federal Contract Tower,0,6,1,0,7,0,0,4,14,18,0,6,5,14,25,0,90,90,115
02/24/2005,HLG,WV,AEA,CE,Federal Contract Tower,0,4,0,0,4,0,0,6,0,6,0,4,6,0,10,0,12,12,22
02/25/2005,HLG,WV,AEA,CE,Federal Contract Tower,0,5,3,0,8,0,0,4,2,6,0,5,7,2,14,4,0,4,18
02/26/2005,HLG,WV,AEA,CE,Federal Contract Tower,0,0,10,0,10,0,0,28,0,28,0,0,38,0,38,16,0,16,54
02/27/2005,HLG,WV,AEA,CE,Federal Contract Tower,0,1,8,0,9,0,0,79,0,79,0,1,87,0,88,54,0,54,142
02/28/2005,HLG,WV,AEA,CE,Federal Contract Tower,0,3,1,0,4,0,0,0,0,0,0,3,1,0,4,0,0,0,4
03/01/2005,HLG,WV,AEA,CE,Federal Contract Tower,0,0,0,0,0,0,0,0,0,0,0,0,0,0,0,0,0,0,0
03/02/2005,HLG,WV,AEA,CE,Federal Contract Tower,0,2,2,3,7,0,0,2,1,3,0,2,4,4,10,0,70,70,80
03/03/2005,HLG,WV,AEA,CE,Federal Contract Tower,0,4,16,0,20,0,4,28,6,38,0,8,44,6,58,28,118,146,204
03/04/2005,HLG,WV,AEA,CE,Federal Contract Tower,0,2,1,0,3,0,1,12,14,27,0,3,13,14,30,42,24,66,96
03/05/2005,HLG,WV,AEA,CE,Federal Contract Tower,0,2,3,5,10,0,0,28,27,55,0,2,31,32,65,16,32,48,113
03/06/2005,HLG,WV,AEA,CE,Federal Contract Tower,0,0,1,2,3,0,0,8,10,18,0,0,9,12,21,0,30,30,51
03/07/2005,HLG,WV,AEA,CE,Federal Contract Tower,0,1,1,0,2,0,0,0,1,1,0,1,1,1,3,0,0,0,3
03/08/2005,HLG,WV,AEA,CE,Federal Contract Tower,0,3,0,0,3,0,0,2,4,6,0,3,2,4,9,0,42,42,51
03/09/2005,HLG,WV,AEA,CE,Federal Contract Tower,0,2,2,6,10,0,0,29,13,42,0,2,31,19,52,0,0,0,52
03/10/2005,HLG,WV,AEA,CE,Federal Contract Tower,0,0,7,2,9,0,0,21,6,27,0,0,28,8,36,58,10,68,104
03/11/2005,HLG,WV,AEA,CE,Federal Contract Tower,0,0,2,0,2,0,0,0,0,0,0,0,2,0,2,0,0,0,2
03/12/2005,HLG,WV,AEA,CE,Federal Contract Tower,0,2,0,0,2,0,6,3,0,9,0,8,3,0,11,24,0,24,35
03/13/2005,HLG,WV,AEA,CE,Federal Contract Tower,0,0,10,0,10,0,0,28,0,28,0,0,38,0,38,70,0,70,108
03/14/2005,HLG,WV,AEA,CE,Federal Contract Tower,0,0,2,2,4,0,6,35,9,50,0,6,37,11,54,90,46,136,190
03/15/2005,HLG,WV,AEA,CE,Federal Contract Tower,0,7,1,0,8,0,0,45,9,54,0,7,46,9,62,62,0,62,124
03/16/2005,HLG,WV,AEA,CE,Federal Contract Tower,0,4,9,2,15,0,0,55,18,73,0,4,64,20,88,114,0,114,202
03/17/2005,HLG,WV,AEA,CE,Federal Contract Tower,0,3,9,0,12,0,0,79,10,89,0,3,88,10,101,16,52,68,169
03/18/2005,HLG,WV,AEA,CE,Federal Contract Tower,0,3,4,0,7,0,4,62,12,78,0,7,66,12,85,96,0,96,181
03/19/2005,HLG,WV,AEA,CE,Federal Contract Tower,0,0,1,0,1,0,0,14,8,22,0,0,15,8,23,70,48,118,141
03/20/2005,HLG,WV,AEA,CE,Federal Contract Tower,0,4,5,0,9,0,0,0,4,4,0,4,5,4,13,0,52,52,65
03/21/2005,HLG,WV,AEA,CE,Federal Contract Tower,0,2,3,0,5,0,0,30,0,30,0,2,33,0,35,78,0,78,113
03/22/2005,HLG,WV,AEA,CE,Federal Contract Tower,0,1,26,0,27,0,2,47,3,52,0,3,73,3,79,36,114,150,229
03/23/2005,HLG,WV,AEA,CE,Federal Contract Tower,0,2,1,0,3,0,0,4,0,4,0,2,5,0,7,120,0,120,127
03/24/2005,HLG,WV,AEA,CE,Federal Contract Tower,0,1,2,0,3,0,0,1,6,7,0,1,3,6,10,0,86,86,96
03/25/2005,HLG,WV,AEA,CE,Federal Contract Tower,0,0,5,0,5,0,0,5,0,5,0,0,10,0,10,0,34,34,44
03/26/2005,HLG,WV,AEA,CE,Federal Contract Tower,0,0,1,1,2,0,0,37,1,38,0,0,38,2,40,38,0,38,78
03/27/2005,HLG,WV,AEA,CE,Federal Contract Tower,0,0,1,0,1,0,0,5,0,5,0,0,6,0,6,22,0,22,28
03/28/2005,HLG,WV,AEA,CE,Federal Contract Tower,0,5,4,0,9,0,0,0,0,0,0,5,4,0,9,0,18,18,27
03/29/2005,HLG,WV,AEA,CE,Federal Contract Tower,0,4,2,0,6,0,0,68,25,93,0,4,70,25,99,96,158,254,353
03/30/2005,HLG,WV,AEA,CE,Federal Contract Tower,0,6,17,6,29,0,0,60,11,71,0,6,77,17,100,84,76,160,260
03/31/2005,HLG,WV,AEA,CE,Federal Contract Tower,0,3,2,2,7,0,0,15,4,19,0,3,17,6,26,38,10,48,74
04/01/2005,HLG,WV,AEA,CE,Federal Contract Tower,0,0,2,0,2,0,0,29,13,42,0,0,31,13,44,0,0,0,44
04/02/2005,HLG,WV,AEA,CE,Federal Contract Tower,0,0,3,0,3,0,0,0,6,6,0,0,3,6,9,0,82,82,91
04/03/2005,HLG,WV,AEA,CE,Federal Contract Tower,0,0,2,0,2,0,0,2,6,8,0,0,4,6,10,0,2,2,12
04/04/2005,HLG,WV,AEA,CE,Federal Contract Tower,0,6,2,0,8,0,0,38,19,57,0,6,40,19,65,64,54,118,183
04/05/2005,HLG,WV,AEA,CE,Federal Contract Tower,0,2,3,4,9,0,1,57,13,71,0,3,60,17,80,14,42,56,136
04/06/2005,HLG,WV,AEA,CE,Federal Contract Tower,0,3,4,4,11,0,0,34,21,55,0,3,38,25,66,62,14,76,142
04/07/2005,HLG,WV,AEA,CE,Federal Contract Tower,0,1,1,0,2,0,4,32,0,36,0,5,33,0,38,38,10,48,86
04/08/2005,HLG,WV,AEA,CE,Federal Contract Tower,0,0,3,2,5,0,0,25,12,37,0,0,28,14,42,2,72,74,116
04/09/2005,HLG,WV,AEA,CE,Federal Contract Tower,0,0,2,0,2,0,2,41,3,46,0,2,43,3,48,38,0,38,86
04/10/2005,HLG,WV,AEA,CE,Federal Contract Tower,0,0,4,0,4,0,0,73,0,73,0,0,77,0,77,60,0,60,137
04/11/2005,HLG,WV,AEA,CE,Federal Contract Tower,0,6,10,1,17,0,7,87,20,114,0,13,97,21,131,108,0,108,239
04/12/2005,HLG,WV,AEA,CE,Federal Contract Tower,0,1,0,3,4,0,7,39,2,48,0,8,39,5,52,76,54,130,182
04/13/2005,HLG,WV,AEA,CE,Federal Contract Tower,0,4,1,4,9,0,0,29,17,46,0,4,30,21,55,16,54,70,125
04/14/2005,HLG,WV,AEA,CE,Federal Contract Tower,0,1,2,2,5,0,2,52,13,67,0,3,54,15,72,82,0,82,154
04/15/2005,HLG,WV,AEA,CE,Federal Contract Tower,0,3,14,4,21,0,4,59,13,76,0,7,73,17,97,8,18,26,123
04/16/2005,HLG,WV,AEA,CE,Federal Contract Tower,0,1,1,0,2,0,0,39,11,50,0,1,40,11,52,32,76,108,160
04/17/2005,HLG,WV,AEA,CE,Federal Contract Tower,0,2,8,0,10,0,2,60,3,65,0,4,68,3,75,52,0,52,127
04/18/2005,HLG,WV,AEA,CE,Federal Contract Tower,0,2,1,0,3,0,4,68,2,74,0,6,69,2,77,20,0,20,97
04/19/2005,HLG,WV,AEA,CE,Federal Contract Tower,0,3,7,1,11,0,4,59,28,91,0,7,66,29,102,0,140,140,242
04/20/2005,HLG,WV,AEA,CE,Federal Contract Tower,0,2,7,0,9,0,0,4,4,8,0,2,11,4,17,0,4,4,21
04/21/2005,HLG,WV,AEA,CE,Federal Contract Tower,0,2,4,6,12,0,2,2,4,8,0,4,6,10,20,4,0,4,24
04/22/2005,HLG,WV,AEA,CE,Federal Contract Tower,0,0,2,0,2,0,0,1,6,7,0,0,3,6,9,0,58,58,67
04/23/2005,HLG,WV,AEA,CE,Federal Contract Tower,0,0,4,0,4,0,0,0,0,0,0,0,4,0,4,0,0,0,4
04/24/2005,HLG,WV,AEA,CE,Federal Contract Tower,0,0,0,0,0,0,0,0,0,0,0,0,0,0,0,0,0,0,0
04/25/2005,HLG,WV,AEA,CE,Federal Contract Tower,0,4,0,0,4,0,4,2,0,6,0,8,2,0,10,0,0,0,10
04/26/2005,HLG,WV,AEA,CE,Federal Contract Tower,0,2,8,0,10,0,0,49,30,79,0,2,57,30,89,0,30,30,119
04/27/2005,HLG,WV,AEA,CE,Federal Contract Tower,0,3,5,0,8,0,2,16,2,20,0,5,21,2,28,42,0,42,70
04/28/2005,HLG,WV,AEA,CE,Federal Contract Tower,0,2,5,0,7,0,0,34,8,42,0,2,39,8,49,68,4,72,121
04/29/2005,HLG,WV,AEA,CE,Federal Contract Tower,0,2,1,0,3,0,0,12,10,22,0,2,13,10,25,0,0,0,25
04/30/2005,HLG,WV,AEA,CE,Federal Contract Tower,0,0,10,0,10,0,0,0,0,0,0,0,10,0,10,30,0,30,40
05/01/2005,HLG,WV,AEA,CE,Federal Contract Tower,0,0,6,0,6,0,0,18,0,18,0,0,24,0,24,48,0,48,72
05/02/2005,HLG,WV,AEA,CE,Federal Contract Tower,0,3,3,2,8,0,0,47,1,48,0,3,50,3,56,0,0,0,56
05/03/2005,HLG,WV,AEA,CE,Federal Contract Tower,0,1,1,0,2,0,0,40,7,47,0,1,41,7,49,6,42,48,97
05/04/2005,HLG,WV,AEA,CE,Federal Contract Tower,0,2,10,2,14,0,4,30,5,39,0,6,40,7,53,58,0,58,111
05/05/2005,HLG,WV,AEA,CE,Federal Contract Tower,0,2,7,2,11,0,3,73,13,89,0,5,80,15,100,34,16,50,150
05/06/2005,HLG,WV,AEA,CE,Federal Contract Tower,0,1,3,0,4,0,0,74,8,82,0,1,77,8,86,0,4,4,90
05/07/2005,HLG,WV,AEA,CE,Federal Contract Tower,0,0,6,0,6,0,0,64,2,66,0,0,70,2,72,54,0,54,126
05/08/2005,HLG,WV,AEA,CE,Federal Contract Tower,0,1,5,0,6,0,6,59,7,72,0,7,64,7,78,47,4,51,129
05/09/2005,HLG,WV,AEA,CE,Federal Contract Tower,0,11,2,0,13,0,9,66,8,83,0,20,68,8,96,112,86,198,294
05/10/2005,HLG,WV,AEA,CE,Federal Contract Tower,0,3,2,0,5,0,0,62,2,64,0,3,64,2,69,104,70,174,243
05/11/2005,HLG,WV,AEA,CE,Federal Contract Tower,0,3,13,0,16,0,6,55,9,70,0,9,68,9,86,26,24,50,136
05/12/2005,HLG,WV,AEA,CE,Federal Contract Tower,0,1,7,0,8,0,0,37,8,45,0,1,44,8,53,118,24,142,195
05/13/2005,HLG,WV,AEA,CE,Federal Contract Tower,0,1,0,0,1,0,0,58,18,76,0,1,58,18,77,56,36,92,169
05/14/2005,HLG,WV,AEA,CE,Federal Contract Tower,0,0,0,0,0,0,0,17,4,21,0,0,17,4,21,32,62,94,115
05/15/2005,HLG,WV,AEA,CE,Federal Contract Tower,0,0,8,0,8,0,2,23,9,34,0,2,31,9,42,30,24,54,96
05/16/2005,HLG,WV,AEA,CE,Federal Contract Tower,0,2,2,0,4,0,0,39,2,41,0,2,41,2,45,0,0,0,45
05/17/2005,HLG,WV,AEA,CE,Federal Contract Tower,0,3,0,0,3,0,2,70,10,82,0,5,70,10,85,56,54,110,195
05/18/2005,HLG,WV,AEA,CE,Federal Contract Tower,0,5,11,4,20,0,0,76,21,97,0,5,87,25,117,70,22,92,209
05/19/2005,HLG,WV,AEA,CE,Federal Contract Tower,0,10,15,0,25,0,4,59,12,75,0,14,74,12,100,136,38,174,274
05/20/2005,HLG,WV,AEA,CE,Federal Contract Tower,0,2,14,3,19,0,0,3,4,7,0,2,17,7,26,0,48,48,74
05/21/2005,HLG,WV,AEA,CE,Federal Contract Tower,0,1,7,0,8,0,0,48,16,64,0,1,55,16,72,112,0,112,184
05/22/2005,HLG,WV,AEA,CE,Federal Contract Tower,0,1,7,0,8,0,4,36,6,46,0,5,43,6,54,22,0,22,76
05/23/2005,HLG,WV,AEA,CE,Federal Contract Tower,0,4,2,0,6,0,0,8,0,8,0,4,10,0,14,90,4,94,108
05/24/2005,HLG,WV,AEA,CE,Federal Contract Tower,0,4,1,4,9,0,0,4,8,12,0,4,5,12,21,0,0,0,21
05/25/2005,HLG,WV,AEA,CE,Federal Contract Tower,0,1,5,0,6,0,0,46,12,58,0,1,51,12,64,8,0,8,72
05/26/2005,HLG,WV,AEA,CE,Federal Contract Tower,0,2,11,0,13,0,6,69,14,89,0,8,80,14,102,78,28,106,208
05/27/2005,HLG,WV,AEA,CE,Federal Contract Tower,0,4,4,0,8,0,8,46,8,62,0,12,50,8,70,36,10,46,116
05/28/2005,HLG,WV,AEA,CE,Federal Contract Tower,0,2,2,0,4,0,0,24,2,26,0,2,26,2,30,0,0,0,30
05/29/2005,HLG,WV,AEA,CE,Federal Contract Tower,0,1,0,0,1,0,1,50,3,54,0,2,50,3,55,30,8,38,93
05/30/2005,HLG,WV,AEA,CE,Federal Contract Tower,0,4,2,0,6,0,4,16,0,20,0,8,18,0,26,76,0,76,102
05/31/2005,HLG,WV,AEA,CE,Federal Contract Tower,0,15,6,0,21,0,0,89,9,98,0,15,95,9,119,192,22,214,333
06/01/2005,HLG,WV,AEA,CE,Federal Contract Tower,0,4,4,0,8,0,1,60,11,72,0,5,64,11,80,6,4,10,90
06/02/2005,HLG,WV,AEA,CE,Federal Contract Tower,0,2,1,0,3,0,0,26,5,31,0,2,27,5,34,66,28,94,128
06/03/2005,HLG,WV,AEA,CE,Federal Contract Tower,0,1,8,3,12,0,0,16,6,22,0,1,24,9,34,16,16,32,66
06/04/2005,HLG,WV,AEA,CE,Federal Contract Tower,0,2,8,4,14,0,10,50,26,86,0,12,58,30,100,126,124,250,350
06/05/2005,HLG,WV,AEA,CE,Federal Contract Tower,0,0,0,0,0,0,0,68,2,70,0,0,68,2,70,76,2,78,148
06/06/2005,HLG,WV,AEA,CE,Federal Contract Tower,0,8,8,0,16,0,0,20,11,31,0,8,28,11,47,70,32,102,149
06/07/2005,HLG,WV,AEA,CE,Federal Contract Tower,0,11,1,0,12,0,1,99,13,113,0,12,100,13,125,108,0,108,233
06/08/2005,HLG,WV,AEA,CE,Federal Contract Tower,0,0,12,0,12,0,0,55,5,60,0,0,67,5,72,134,24,158,230
06/09/2005,HLG,WV,AEA,CE,Federal Contract Tower,0,1,3,14,18,0,7,44,4,55,0,8,47,18,73,62,58,120,193
06/10/2005,HLG,WV,AEA,CE,Federal Contract Tower,0,0,3,0,3,0,0,52,6,58,0,0,55,6,61,144,2,146,207
06/11/2005,HLG,WV,AEA,CE,Federal Contract Tower,0,0,16,0,16,0,0,39,0,39,0,0,55,0,55,46,0,46,101
06/12/2005,HLG,WV,AEA,CE,Federal Contract Tower,0,1,3,0,4,0,0,37,2,39,0,1,40,2,43,0,0,0,43
06/13/2005,HLG,WV,AEA,CE,Federal Contract Tower,0,5,1,2,8,0,0,32,2,34,0,5,33,4,42,8,8,16,58
06/14/2005,HLG,WV,AEA,CE,Federal Contract Tower,0,1,4,2,7,0,0,53,14,67,0,1,57,16,74,44,36,80,154
06/15/2005,HLG,WV,AEA,CE,Federal Contract Tower,0,6,12,2,20,0,0,35,8,43,0,6,47,10,63,52,4,56,119
06/16/2005,HLG,WV,AEA,CE,Federal Contract Tower,0,1,5,3,9,0,2,14,7,23,0,3,19,10,32,0,124,124,156
06/17/2005,HLG,WV,AEA,CE,Federal Contract Tower,0,1,7,2,10,0,6,48,3,57,0,7,55,5,67,26,2,28,95
06/18/2005,HLG,WV,AEA,CE,Federal Contract Tower,0,0,1,0,1,0,6,61,0,67,0,6,62,0,68,66,0,66,134
06/19/2005,HLG,WV,AEA,CE,Federal Contract Tower,0,4,2,0,6,0,0,52,0,52,0,4,54,0,58,74,0,74,132
06/20/2005,HLG,WV,AEA,CE,Federal Contract Tower,0,0,7,1,8,0,0,91,5,96,0,0,98,6,104,78,0,78,182
06/21/2005,HLG,WV,AEA,CE,Federal Contract Tower,0,7,5,2,14,0,0,81,17,98,0,7,86,19,112,24,0,24,136
06/22/2005,HLG,WV,AEA,CE,Federal Contract Tower,0,2,1,4,7,0,0,27,2,29,0,2,28,6,36,30,0,30,66
06/23/2005,HLG,WV,AEA,CE,Federal Contract Tower,0,2,4,2,8,0,0,62,5,67,0,2,66,7,75,74,28,102,177
06/24/2005,HLG,WV,AEA,CE,Federal Contract Tower,0,3,4,4,11,0,0,31,11,42,0,3,35,15,53,36,36,72,125
06/25/2005,HLG,WV,AEA,CE,Federal Contract Tower,0,0,2,0,2,0,0,34,11,45,0,0,36,11,47,52,30,82,129
06/26/2005,HLG,WV,AEA,CE,Federal Contract Tower,0,1,3,0,4,0,0,44,0,44,0,1,47,0,48,106,0,106,154
06/27/2005,HLG,WV,AEA,CE,Federal Contract Tower,0,1,6,2,9,0,0,81,3,84,0,1,87,5,93,42,0,42,135
06/28/2005,HLG,WV,AEA,CE,Federal Contract Tower,0,2,5,0,7,0,0,28,0,28,0,2,33,0,35,0,50,50,85
06/29/2005,HLG,WV,AEA,CE,Federal Contract Tower,0,3,4,4,11,0,4,21,9,34,0,7,25,13,45,28,12,40,85
06/30/2005,HLG,WV,AEA,CE,Federal Contract Tower,0,3,6,1,10,0,0,10,0,10,0,3,16,1,20,0,0,0,20
07/01/2005,HLG,WV,AEA,CE,Federal Contract Tower,0,0,3,0,3,0,0,6,0,6,0,0,9,0,9,12,0,12,21
07/02/2005,HLG,WV,AEA,CE,Federal Contract Tower,0,0,0,0,0,0,0,47,0,47,0,0,47,0,47,130,0,130,177
07/03/2005,HLG,WV,AEA,CE,Federal Contract Tower,0,4,3,0,7,0,0,59,0,59,0,4,62,0,66,124,0,124,190
07/04/2005,HLG,WV,AEA,CE,Federal Contract Tower,0,1,5,0,6,0,0,63,10,73,0,1,68,10,79,6,10,16,95
07/05/2005,HLG,WV,AEA,CE,Federal Contract Tower,0,0,6,0,6,0,0,52,0,52,0,0,58,0,58,0,90,90,148
07/06/2005,HLG,WV,AEA,CE,Federal Contract Tower,0,1,5,0,6,0,4,43,5,52,0,5,48,5,58,20,4,24,82
07/07/2005,HLG,WV,AEA,CE,Federal Contract Tower,0,0,4,1,5,0,0,38,5,43,0,0,42,6,48,58,16,74,122
07/08/2005,HLG,WV,AEA,CE,Federal Contract Tower,0,2,7,4,13,0,8,23,6,37,0,10,30,10,50,6,18,24,74
07/09/2005,HLG,WV,AEA,CE,Federal Contract Tower,0,0,9,2,11,0,2,42,8,52,0,2,51,10,63,66,12,78,141
07/10/2005,HLG,WV,AEA,CE,Federal Contract Tower,0,0,2,0,2,0,0,67,42,109,0,0,69,42,111,0,32,32,143
07/11/2005,HLG,WV,AEA,CE,Federal Contract Tower,0,4,1,2,7,0,0,62,2,64,0,4,63,4,71,20,0,20,91
07/12/2005,HLG,WV,AEA,CE,Federal Contract Tower,0,6,3,0,9,0,0,39,5,44,0,6,42,5,53,24,2,26,79
07/13/2005,HLG,WV,AEA,CE,Federal Contract Tower,0,3,5,0,8,0,0,19,0,19,0,3,24,0,27,10,0,10,37
07/14/2005,HLG,WV,AEA,CE,Federal Contract Tower,0,5,5,4,14,0,0,24,12,36,0,5,29,16,50,72,80,152,202
07/15/2005,HLG,WV,AEA,CE,Federal Contract Tower,0,6,2,0,8,0,1,12,19,32,0,7,14,19,40,38,0,38,78
07/16/2005,HLG,WV,AEA,CE,Federal Contract Tower,0,2,8,0,10,0,0,34,0,34,0,2,42,0,44,72,0,72,116
07/17/2005,HLG,WV,AEA,CE,Federal Contract Tower,0,4,14,1,19,0,4,33,3,40,0,8,47,4,59,40,0,40,99
07/18/2005,HLG,WV,AEA,CE,Federal Contract Tower,0,3,2,0,5,0,0,39,0,39,0,3,41,0,44,30,0,30,74
07/19/2005,HLG,WV,AEA,CE,Federal Contract Tower,0,12,3,0,15,0,0,40,14,54,0,12,43,14,69,90,38,128,197
07/20/2005,HLG,WV,AEA,CE,Federal Contract Tower,0,4,7,0,11,0,0,64,4,68,0,4,71,4,79,142,0,142,221
07/21/2005,HLG,WV,AEA,CE,Federal Contract Tower,0,8,3,4,15,0,0,47,8,55,0,8,50,12,70,92,16,108,178
07/22/2005,HLG,WV,AEA,CE,Federal Contract Tower,0,1,11,3,15,0,0,31,10,41,0,1,42,13,56,2,100,102,158
07/23/2005,HLG,WV,AEA,CE,Federal Contract Tower,0,0,3,0,3,0,0,54,13,67,0,0,57,13,70,52,52,104,174
07/24/2005,HLG,WV,AEA,CE,Federal Contract Tower,0,3,1,1,5,0,0,61,3,64,0,3,62,4,69,10,20,30,99
07/25/2005,HLG,WV,AEA,CE,Federal Contract Tower,0,4,2,0,6,0,1,10,7,18,0,5,12,7,24,48,54,102,126
07/26/2005,HLG,WV,AEA,CE,Federal Contract Tower,0,3,6,0,9,0,0,50,3,53,0,3,56,3,62,38,38,76,138
07/27/2005,HLG,WV,AEA,CE,Federal Contract Tower,0,1,8,2,11,0,0,21,1,22,0,1,29,3,33,68,2,70,103
07/28/2005,HLG,WV,AEA,CE,Federal Contract Tower,0,1,9,2,12,0,2,59,13,74,0,3,68,15,86,122,52,174,260
07/29/2005,HLG,WV,AEA,CE,Federal Contract Tower,0,0,13,0,13,0,0,49,0,49,0,0,62,0,62,80,0,80,142
07/30/2005,HLG,WV,AEA,CE,Federal Contract Tower,0,0,3,0,3,0,2,47,0,49,0,2,50,0,52,184,0,184,236
07/31/2005,HLG,WV,AEA,CE,Federal Contract Tower,0,2,5,1,8,0,0,72,12,84,0,2,77,13,92,32,0,32,124
08/01/2005,HLG,WV,AEA,CE,Federal Contract Tower,0,1,5,0,6,0,0,71,4,75,0,1,76,4,81,30,0,30,111
08/02/2005,HLG,WV,AEA,CE,Federal Contract Tower,0,0,0,0,0,0,0,81,0,81,0,0,81,0,81,40,0,40,121
08/03/2005,HLG,WV,AEA,CE,Federal Contract Tower,0,3,6,4,13,0,0,29,8,37,0,3,35,12,50,40,4,44,94
08/04/2005,HLG,WV,AEA,CE,Federal Contract Tower,0,8,9,0,17,0,0,49,9,58,0,8,58,9,75,106,30,136,211
08/05/2005,HLG,WV,AEA,CE,Federal Contract Tower,0,4,19,0,23,0,0,17,9,26,0,4,36,9,49,20,40,60,109
08/06/2005,HLG,WV,AEA,CE,Federal Contract Tower,0,0,7,0,7,0,0,29,19,48,0,0,36,19,55,124,30,154,209
08/07/2005,HLG,WV,AEA,CE,Federal Contract Tower,0,3,2,0,5,0,0,60,4,64,0,3,62,4,69,108,0,108,177
08/08/2005,HLG,WV,AEA,CE,Federal Contract Tower,0,2,0,0,2,0,0,50,2,52,0,2,50,2,54,84,16,100,154
08/09/2005,HLG,WV,AEA,CE,Federal Contract Tower,0,3,2,0,5,0,0,76,7,83,0,3,78,7,88,128,0,128,216
08/10/2005,HLG,WV,AEA,CE,Federal Contract Tower,0,5,7,0,12,0,0,101,16,117,0,5,108,16,129,50,0,50,179
08/11/2005,HLG,WV,AEA,CE,Federal Contract Tower,0,6,9,0,15,0,2,37,11,50,0,8,46,11,65,120,0,120,185
08/12/2005,HLG,WV,AEA,CE,Federal Contract Tower,0,0,8,0,8,0,0,25,0,25,0,0,33,0,33,24,0,24,57
08/13/2005,HLG,WV,AEA,CE,Federal Contract Tower,0,2,2,1,5,0,4,27,1,32,0,6,29,2,37,212,4,216,253
08/14/2005,HLG,WV,AEA,CE,Federal Contract Tower,0,1,4,0,5,0,0,63,2,65,0,1,67,2,70,54,0,54,124
08/15/2005,HLG,WV,AEA,CE,Federal Contract Tower,0,4,5,1,10,0,0,70,5,75,0,4,75,6,85,40,38,78,163
08/16/2005,HLG,WV,AEA,CE,Federal Contract Tower,0,1,8,2,11,0,0,44,25,69,0,1,52,27,80,70,50,120,200
08/17/2005,HLG,WV,AEA,CE,Federal Contract Tower,0,0,26,1,27,0,2,32,22,56,0,2,58,23,83,32,12,44,127
08/18/2005,HLG,WV,AEA,CE,Federal Contract Tower,0,3,10,6,19,0,0,43,46,89,0,3,53,52,108,158,104,262,370
08/19/2005,HLG,WV,AEA,CE,Federal Contract Tower,0,4,10,5,19,0,0,43,23,66,0,4,53,28,85,108,40,148,233
08/20/2005,HLG,WV,AEA,CE,Federal Contract Tower,0,1,0,0,1,0,0,36,8,44,0,1,36,8,45,96,24,120,165
08/21/2005,HLG,WV,AEA,CE,Federal Contract Tower,0,3,0,0,3,0,0,68,12,80,0,3,68,12,83,122,14,136,219
08/22/2005,HLG,WV,AEA,CE,Federal Contract Tower,0,5,1,0,6,0,0,56,0,56,0,5,57,0,62,32,0,32,94
08/23/2005,HLG,WV,AEA,CE,Federal Contract Tower,0,3,2,6,11,0,0,50,14,64,0,3,52,20,75,76,108,184,259
08/24/2005,HLG,WV,AEA,CE,Federal Contract Tower,0,3,5,3,11,0,0,41,9,50,0,3,46,12,61,78,10,88,149
08/25/2005,HLG,WV,AEA,CE,Federal Contract Tower,0,1,7,4,12,0,1,35,10,46,0,2,42,14,58,58,62,120,178
08/26/2005,HLG,WV,AEA,CE,Federal Contract Tower,0,5,3,1,9,0,0,33,11,44,0,5,36,12,53,70,36,106,159
08/27/2005,HLG,WV,AEA,CE,Federal Contract Tower,0,0,11,0,11,0,0,7,0,7,0,0,18,0,18,48,0,48,66
08/28/2005,HLG,WV,AEA,CE,Federal Contract Tower,0,6,2,0,8,0,0,42,0,42,0,6,44,0,50,20,0,20,70
08/29/2005,HLG,WV,AEA,CE,Federal Contract Tower,0,5,4,2,11,0,0,3,0,3,0,5,7,2,14,34,0,34,48
08/30/2005,HLG,WV,AEA,CE,Federal Contract Tower,0,2,3,0,5,0,0,5,3,8,0,2,8,3,13,12,62,74,87
08/31/2005,HLG,WV,AEA,CE,Federal Contract Tower,0,2,6,0,8,0,2,8,10,20,0,4,14,10,28,118,0,118,146
09/01/2005,HLG,WV,AEA,CE,Federal Contract Tower,0,3,11,2,16,0,0,36,9,45,0,3,47,11,61,38,80,118,179
09/02/2005,HLG,WV,AEA,CE,Federal Contract Tower,0,3,9,2,14,0,2,35,28,65,0,5,44,30,79,54,92,146,225
09/03/2005,HLG,WV,AEA,CE,Federal Contract Tower,0,0,9,0,9,0,2,48,4,54,0,2,57,4,63,114,0,114,177
09/04/2005,HLG,WV,AEA,CE,Federal Contract Tower,0,0,2,0,2,0,0,60,0,60,0,0,62,0,62,32,0,32,94
09/05/2005,HLG,WV,AEA,CE,Federal Contract Tower,0,4,9,1,14,0,1,84,0,85,0,5,93,1,99,100,0,100,199
09/06/2005,HLG,WV,AEA,CE,Federal Contract Tower,0,10,3,5,18,0,3,71,12,86,0,13,74,17,104,76,38,114,218
09/07/2005,HLG,WV,AEA,CE,Federal Contract Tower,0,5,2,0,7,0,0,55,8,63,0,5,57,8,70,68,60,128,198
09/08/2005,HLG,WV,AEA,CE,Federal Contract Tower,0,2,3,2,7,0,6,41,5,52,0,8,44,7,59,22,36,58,117
09/09/2005,HLG,WV,AEA,CE,Federal Contract Tower,0,5,2,4,11,0,8,41,13,62,0,13,43,17,73,52,106,158,231
09/10/2005,HLG,WV,AEA,CE,Federal Contract Tower,0,4,14,0,18,0,0,93,16,109,0,4,107,16,127,84,32,116,243
09/11/2005,HLG,WV,AEA,CE,Federal Contract Tower,0,3,6,2,11,0,0,62,16,78,0,3,68,18,89,26,198,224,313
09/12/2005,HLG,WV,AEA,CE,Federal Contract Tower,0,9,7,0,16,0,4,42,2,48,0,13,49,2,64,72,0,72,136
09/13/2005,HLG,WV,AEA,CE,Federal Contract Tower,0,0,4,0,4,0,0,85,0,85,0,0,89,0,89,92,68,160,249
09/14/2005,HLG,WV,AEA,CE,Federal Contract Tower,0,2,7,1,10,0,0,63,6,69,0,2,70,7,79,0,10,10,89
09/15/2005,HLG,WV,AEA,CE,Federal Contract Tower,0,7,3,4,14,0,5,74,14,93,0,12,77,18,107,0,32,32,139
09/16/2005,HLG,WV,AEA,CE,Federal Contract Tower,0,5,8,4,17,0,0,21,9,30,0,5,29,13,47,20,56,76,123
09/17/2005,HLG,WV,AEA,CE,Federal Contract Tower,0,6,8,0,14,0,0,4,0,4,0,6,12,0,18,2,0,2,20
09/18/2005,HLG,WV,AEA,CE,Federal Contract Tower,0,3,1,0,4,0,0,66,0,66,0,3,67,0,70,116,0,116,186
09/19/2005,HLG,WV,AEA,CE,Federal Contract Tower,0,4,4,0,8,0,0,58,16,74,0,4,62,16,82,50,0,50,132
09/20/2005,HLG,WV,AEA,CE,Federal Contract Tower,0,0,5,2,7,0,4,55,21,80,0,4,60,23,87,34,20,54,141
09/21/2005,HLG,WV,AEA,CE,Federal Contract Tower,0,0,3,1,4,0,0,56,9,65,0,0,59,10,69,38,0,38,107
09/22/2005,HLG,WV,AEA,CE,Federal Contract Tower,0,10,1,0,11,0,0,30,16,46,0,10,31,16,57,26,0,26,83
09/23/2005,HLG,WV,AEA,CE,Federal Contract Tower,0,8,2,0,10,0,1,23,2,26,0,9,25,2,36,36,0,36,72
09/24/2005,HLG,WV,AEA,CE,Federal Contract Tower,0,2,4,0,6,0,0,47,0,47,0,2,51,0,53,160,0,160,213
09/25/2005,HLG,WV,AEA,CE,Federal Contract Tower,0,4,2,0,6,0,0,2,0,2,0,4,4,0,8,0,0,0,8
09/26/2005,HLG,WV,AEA,CE,Federal Contract Tower,0,1,6,0,7,0,0,2,0,2,0,1,8,0,9,44,0,44,53
09/27/2005,HLG,WV,AEA,CE,Federal Contract Tower,0,5,2,0,7,0,5,98,12,115,0,10,100,12,122,168,46,214,336
09/28/2005,HLG,WV,AEA,CE,Federal Contract Tower,0,6,3,0,9,0,4,49,18,71,0,10,52,18,80,48,50,98,178
09/29/2005,HLG,WV,AEA,CE,Federal Contract Tower,0,7,3,0,10,0,0,9,6,15,0,7,12,6,25,0,8,8,33
09/30/2005,HLG,WV,AEA,CE,Federal Contract Tower,0,6,6,0,12,0,0,56,7,63,0,6,62,7,75,28,24,52,127
10/01/2005,HLG,WV,AEA,CE,Federal Contract Tower,0,2,4,0,6,0,0,39,0,39,0,2,43,0,45,8,0,8,53
10/02/2005,HLG,WV,AEA,CE,Federal Contract Tower,0,2,5,0,7,0,0,70,2,72,0,2,75,2,79,26,0,26,105
10/03/2005,HLG,WV,AEA,CE,Federal Contract Tower,0,4,2,0,6,0,4,41,2,47,0,8,43,2,53,30,16,46,99
10/04/2005,HLG,WV,AEA,CE,Federal Contract Tower,0,6,2,0,8,0,4,33,0,37,0,10,35,0,45,38,0,38,83
10/05/2005,HLG,WV,AEA,CE,Federal Contract Tower,0,3,1,0,4,0,2,32,0,34,0,5,33,0,38,64,0,64,102
10/06/2005,HLG,WV,AEA,CE,Federal Contract Tower,0,9,2,0,11,0,0,60,4,64,0,9,62,4,75,54,0,54,129
10/07/2005,HLG,WV,AEA,CE,Federal Contract Tower,0,6,1,0,7,0,0,4,0,4,0,6,5,0,11,0,0,0,11
10/08/2005,HLG,WV,AEA,CE,Federal Contract Tower,0,1,2,0,3,0,0,0,0,0,0,1,2,0,3,0,0,0,3
10/09/2005,HLG,WV,AEA,CE,Federal Contract Tower,0,4,1,0,5,0,0,2,0,2,0,4,3,0,7,0,0,0,7
10/10/2005,HLG,WV,AEA,CE,Federal Contract Tower,0,10,0,0,10,0,2,30,0,32,0,12,30,0,42,50,0,50,92
10/11/2005,HLG,WV,AEA,CE,Federal Contract Tower,0,1,4,20,25,0,0,0,0,0,0,1,4,20,25,0,90,90,115
10/12/2005,HLG,WV,AEA,CE,Federal Contract Tower,0,5,6,4,15,0,0,32,8,40,0,5,38,12,55,0,0,0,55
10/13/2005,HLG,WV,AEA,CE,Federal Contract Tower,0,6,7,0,13,0,0,53,11,64,0,6,60,11,77,62,114,176,253
10/14/2005,HLG,WV,AEA,CE,Federal Contract Tower,0,1,5,0,6,0,0,35,15,50,0,1,40,15,56,14,74,88,144
10/15/2005,HLG,WV,AEA,CE,Federal Contract Tower,0,0,2,0,2,0,0,30,27,57,0,0,32,27,59,156,62,218,277
10/16/2005,HLG,WV,AEA,CE,Federal Contract Tower,0,4,2,1,7,0,0,7,24,31,0,4,9,25,38,38,102,140,178
10/17/2005,HLG,WV,AEA,CE,Federal Contract Tower,0,3,16,0,19,0,2,62,6,70,0,5,78,6,89,40,8,48,137
10/18/2005,HLG,WV,AEA,CE,Federal Contract Tower,0,2,8,2,12,0,0,44,40,84,0,2,52,42,96,38,96,134,230
10/19/2005,HLG,WV,AEA,CE,Federal Contract Tower,0,12,6,0,18,0,0,98,25,123,0,12,104,25,141,68,60,128,269
10/20/2005,HLG,WV,AEA,CE,Federal Contract Tower,0,2,8,1,11,0,0,47,9,56,0,2,55,10,67,0,18,18,85
10/21/2005,HLG,WV,AEA,CE,Federal Contract Tower,0,6,13,4,23,0,0,7,4,11,0,6,20,8,34,0,152,152,186
10/22/2005,HLG,WV,AEA,CE,Federal Contract Tower,0,3,11,0,14,0,0,0,0,0,0,3,11,0,14,6,0,6,20
10/23/2005,HLG,WV,AEA,CE,Federal Contract Tower,0,2,2,0,4,0,0,30,31,61,0,2,32,31,65,0,6,6,71
10/24/2005,HLG,WV,AEA,CE,Federal Contract Tower,0,0,4,0,4,0,0,0,0,0,0,0,4,0,4,0,0,0,4
10/25/2005,HLG,WV,AEA,CE,Federal Contract Tower,0,4,5,0,9,0,0,5,0,5,0,4,10,0,14,0,0,0,14
10/26/2005,HLG,WV,AEA,CE,Federal Contract Tower,0,1,5,5,11,0,0,20,29,49,0,1,25,34,60,42,112,154,214
10/27/2005,HLG,WV,AEA,CE,Federal Contract Tower,0,3,12,0,15,0,0,79,20,99,0,3,91,20,114,72,28,100,214
10/28/2005,HLG,WV,AEA,CE,Federal Contract Tower,0,1,3,0,4,0,0,54,14,68,0,1,57,14,72,36,0,36,108
10/29/2005,HLG,WV,AEA,CE,Federal Contract Tower,0,2,6,2,10,0,0,52,15,67,0,2,58,17,77,54,8,62,139
10/30/2005,HLG,WV,AEA,CE,Federal Contract Tower,0,3,8,0,11,0,9,51,11,71,0,12,59,11,82,134,6,140,222
10/31/2005,HLG,WV,AEA,CE,Federal Contract Tower,0,2,5,0,7,0,0,47,9,56,0,2,52,9,63,86,0,86,149
11/01/2005,HLG,WV,AEA,CE,Federal Contract Tower,0,6,1,0,7,0,0,3,0,3,0,6,4,0,10,0,0,0,10
11/02/2005,HLG,WV,AEA,CE,Federal Contract Tower,0,2,11,4,17,0,5,52,11,68,0,7,63,15,85,104,0,104,189
11/03/2005,HLG,WV,AEA,CE,Federal Contract Tower,0,4,10,4,18,0,0,9,9,18,0,4,19,13,36,8,0,8,44
11/04/2005,HLG,WV,AEA,CE,Federal Contract Tower,0,5,3,2,10,0,0,43,41,84,0,5,46,43,94,74,142,216,310
11/05/2005,HLG,WV,AEA,CE,Federal Contract Tower,0,0,8,2,10,0,0,47,16,63,0,0,55,18,73,26,20,46,119
11/06/2005,HLG,WV,AEA,CE,Federal Contract Tower,0,4,2,0,6,0,0,2,0,2,0,4,4,0,8,0,0,0,8
11/07/2005,HLG,WV,AEA,CE,Federal Contract Tower,0,0,7,0,7,0,61,21,0,82,0,61,28,0,89,14,0,14,103
11/08/2005,HLG,WV,AEA,CE,Federal Contract Tower,0,2,9,0,11,0,0,13,27,40,0,2,22,27,51,46,132,178,229
11/09/2005,HLG,WV,AEA,CE,Federal Contract Tower,0,5,2,2,9,0,0,16,5,21,0,5,18,7,30,26,40,66,96
11/10/2005,HLG,WV,AEA,CE,Federal Contract Tower,0,8,0,1,9,0,0,8,4,12,0,8,8,5,21,18,0,18,39
11/11/2005,HLG,WV,AEA,CE,Federal Contract Tower,0,2,4,0,6,0,0,67,5,72,0,2,71,5,78,74,28,102,180
11/12/2005,HLG,WV,AEA,CE,Federal Contract Tower,0,1,8,0,9,0,0,66,1,67,0,1,74,1,76,112,0,112,188
11/13/2005,HLG,WV,AEA,CE,Federal Contract Tower,0,2,2,0,4,0,0,3,0,3,0,2,5,0,7,22,0,22,29
11/14/2005,HLG,WV,AEA,CE,Federal Contract Tower,0,3,7,2,12,0,0,69,10,79,0,3,76,12,91,64,0,64,155
11/15/2005,HLG,WV,AEA,CE,Federal Contract Tower,0,2,0,4,6,0,0,37,41,78,0,2,37,45,84,62,96,158,242
11/16/2005,HLG,WV,AEA,CE,Federal Contract Tower,0,6,1,0,7,0,0,3,15,18,0,6,4,15,25,10,0,10,35
11/17/2005,HLG,WV,AEA,CE,Federal Contract Tower,0,2,1,1,4,0,0,9,4,13,0,2,10,5,17,0,36,36,53
11/18/2005,HLG,WV,AEA,CE,Federal Contract Tower,0,2,1,3,6,0,0,40,12,52,0,2,41,15,58,50,112,162,220
11/19/2005,HLG,WV,AEA,CE,Federal Contract Tower,0,2,1,0,3,0,0,36,12,48,0,2,37,12,51,34,22,56,107
11/20/2005,HLG,WV,AEA,CE,Federal Contract Tower,0,0,4,0,4,0,0,36,20,56,0,0,40,20,60,64,0,64,124
11/21/2005,HLG,WV,AEA,CE,Federal Contract Tower,0,6,0,0,6,0,0,38,14,52,0,6,38,14,58,74,4,78,136
11/22/2005,HLG,WV,AEA,CE,Federal Contract Tower,0,0,2,1,3,0,0,0,3,3,0,0,2,4,6,0,0,0,6
11/23/2005,HLG,WV,AEA,CE,Federal Contract Tower,0,0,2,1,3,0,0,0,3,3,0,0,2,4,6,12,0,12,18
11/24/2005,HLG,WV,AEA,CE,Federal Contract Tower,0,0,1,0,1,0,0,1,0,1,0,0,2,0,2,0,0,0,2
11/25/2005,HLG,WV,AEA,CE,Federal Contract Tower,0,0,6,0,6,0,0,31,0,31,0,0,37,0,37,30,0,30,67
11/26/2005,HLG,WV,AEA,CE,Federal Contract Tower,0,0,8,0,8,0,0,26,0,26,0,0,34,0,34,44,0,44,78
11/27/2005,HLG,WV,AEA,CE,Federal Contract Tower,0,2,4,0,6,0,0,33,0,33,0,2,37,0,39,46,0,46,85
11/28/2005,HLG,WV,AEA,CE,Federal Contract Tower,0,2,4,1,7,0,0,21,0,21,0,2,25,1,28,44,0,44,72
11/29/2005,HLG,WV,AEA,CE,Federal Contract Tower,0,0,0,0,0,0,0,16,0,16,0,0,16,0,16,72,0,72,88
11/30/2005,HLG,WV,AEA,CE,Federal Contract Tower,0,2,4,1,7,0,0,15,11,26,0,2,19,12,33,58,64,122,155
12/01/2005,HLG,WV,AEA,CE,Federal Contract Tower,0,7,1,0,8,0,0,13,1,14,0,7,14,1,22,0,0,0,22
12/02/2005,HLG,WV,AEA,CE,Federal Contract Tower,0,0,2,0,2,0,0,4,2,6,0,0,6,2,8,6,10,16,24
12/03/2005,HLG,WV,AEA,CE,Federal Contract Tower,0,0,5,0,5,0,0,28,8,36,0,0,33,8,41,94,18,112,153
12/04/2005,HLG,WV,AEA,CE,Federal Contract Tower,0,3,1,0,4,0,0,0,0,0,0,3,1,0,4,0,0,0,4
12/05/2005,HLG,WV,AEA,CE,Federal Contract Tower,0,0,1,0,1,0,0,0,0,0,0,0,1,0,1,0,0,0,1
12/06/2005,HLG,WV,AEA,CE,Federal Contract Tower,0,0,6,0,6,0,0,27,4,31,0,0,33,4,37,88,0,88,125
12/07/2005,HLG,WV,AEA,CE,Federal Contract Tower,0,5,4,0,9,0,0,19,6,25,0,5,23,6,34,0,10,10,44
12/08/2005,HLG,WV,AEA,CE,Federal Contract Tower,0,6,1,3,10,0,2,12,9,23,0,8,13,12,33,0,24,24,57
12/09/2005,HLG,WV,AEA,CE,Federal Contract Tower,0,4,0,0,4,0,0,6,0,6,0,4,6,0,10,18,0,18,28
12/10/2005,HLG,WV,AEA,CE,Federal Contract Tower,0,2,1,0,3,0,0,13,6,19,0,2,14,6,22,62,0,62,84
12/11/2005,HLG,WV,AEA,CE,Federal Contract Tower,0,6,0,0,6,0,0,0,0,0,0,6,0,0,6,0,0,0,6
12/12/2005,HLG,WV,AEA,CE,Federal Contract Tower,0,0,6,0,6,0,4,15,2,21,0,4,21,2,27,82,0,82,109
12/13/2005,HLG,WV,AEA,CE,Federal Contract Tower,0,5,4,8,17,0,2,52,11,65,0,7,56,19,82,190,66,256,338
12/14/2005,HLG,WV,AEA,CE,Federal Contract Tower,0,9,7,0,16,0,0,30,6,36,0,9,37,6,52,236,80,316,368
12/15/2005,HLG,WV,AEA,CE,Federal Contract Tower,0,9,0,0,9,0,0,2,0,2,0,9,2,0,11,12,0,12,23
12/16/2005,HLG,WV,AEA,CE,Federal Contract Tower,0,0,2,0,2,0,0,0,0,0,0,0,2,0,2,0,0,0,2
12/17/2005,HLG,WV,AEA,CE,Federal Contract Tower,0,0,13,0,13,0,0,53,8,61,0,0,66,8,74,140,0,140,214
12/18/2005,HLG,WV,AEA,CE,Federal Contract Tower,0,0,0,0,0,0,4,27,6,37,0,4,27,6,37,28,64,92,129
12/19/2005,HLG,WV,AEA,CE,Federal Contract Tower,0,5,1,0,6,0,0,38,5,43,0,5,39,5,49,42,74,116,165
12/20/2005,HLG,WV,AEA,CE,Federal Contract Tower,0,5,3,0,8,0,0,47,5,52,0,5,50,5,60,106,0,106,166
12/21/2005,HLG,WV,AEA,CE,Federal Contract Tower,0,7,6,7,20,0,2,46,14,62,0,9,52,21,82,166,0,166,248
12/22/2005,HLG,WV,AEA,CE,Federal Contract Tower,0,2,4,0,6,0,0,25,3,28,0,2,29,3,34,92,2,94,128
12/23/2005,HLG,WV,AEA,CE,Federal Contract Tower,0,2,2,0,4,0,0,30,0,30,0,2,32,0,34,84,0,84,118
12/24/2005,HLG,WV,AEA,CE,Federal Contract Tower,0,0,0,0,0,0,0,35,0,35,0,0,35,0,35,86,0,86,121
12/25/2005,HLG,WV,AEA,CE,Federal Contract Tower,0,0,0,0,0,0,0,0,0,0,0,0,0,0,0,0,0,0,0
12/26/2005,HLG,WV,AEA,CE,Federal Contract Tower,0,0,2,0,2,0,0,0,0,0,0,0,2,0,2,42,0,42,44
12/27/2005,HLG,WV,AEA,CE,Federal Contract Tower,0,4,4,1,9,0,0,67,4,71,0,4,71,5,80,58,0,58,138
12/28/2005,HLG,WV,AEA,CE,Federal Contract Tower,0,6,2,0,8,0,0,48,0,48,0,6,50,0,56,126,0,126,182
12/29/2005,HLG,WV,AEA,CE,Federal Contract Tower,0,0,2,3,5,0,0,0,3,3,0,0,2,6,8,0,0,0,8
12/30/2005,HLG,WV,AEA,CE,Federal Contract Tower,0,0,1,0,1,0,0,38,4,42,0,0,39,4,43,148,0,148,191
12/31/2005,HLG,WV,AEA,CE,Federal Contract Tower,0,2,0,0,2,0,2,30,2,34,0,4,30,2,36,150,0,150,186
01/01/2006,HLG,WV,AEA,CE,Federal Contract Tower,0,0,0,0,0,0,0,47,0,47,0,0,47,0,47,126,0,126,173
01/02/2006,HLG,WV,AEA,CE,Federal Contract Tower,0,0,2,0,2,0,0,0,0,0,0,0,2,0,2,0,0,0,2
01/03/2006,HLG,WV,AEA,CE,Federal Contract Tower,0,2,0,0,2,0,0,0,0,0,0,2,0,0,2,0,0,0,2
01/04/2006,HLG,WV,AEA,CE,Federal Contract Tower,0,4,13,0,17,0,0,21,12,33,0,4,34,12,50,50,142,192,242
01/05/2006,HLG,WV,AEA,CE,Federal Contract Tower,0,0,0,4,4,0,0,1,31,32,0,0,1,35,36,4,34,38,74
01/06/2006,HLG,WV,AEA,CE,Federal Contract Tower,0,2,3,0,5,0,0,1,16,17,0,2,4,16,22,0,0,0,22
01/07/2006,HLG,WV,AEA,CE,Federal Contract Tower,0,0,4,0,4,0,0,48,24,72,0,0,52,24,76,50,108,158,234
01/08/2006,HLG,WV,AEA,CE,Federal Contract Tower,0,2,4,0,6,0,0,42,24,66,0,2,46,24,72,92,120,212,284
01/09/2006,HLG,WV,AEA,CE,Federal Contract Tower,0,3,4,2,9,0,0,16,24,40,0,3,20,26,49,0,246,246,295
01/10/2006,HLG,WV,AEA,CE,Federal Contract Tower,0,4,3,2,9,0,2,51,16,69,0,6,54,18,78,192,94,286,364
01/11/2006,HLG,WV,AEA,CE,Federal Contract Tower,0,2,0,0,2,0,0,20,7,27,0,2,20,7,29,44,78,122,151
01/12/2006,HLG,WV,AEA,CE,Federal Contract Tower,0,4,0,2,6,0,0,61,12,73,0,4,61,14,79,80,32,112,191
01/13/2006,HLG,WV,AEA,CE,Federal Contract Tower,0,6,2,0,8,0,0,34,17,51,0,6,36,17,59,62,190,252,311
01/14/2006,HLG,WV,AEA,CE,Federal Contract Tower,0,0,2,0,2,0,0,10,0,10,0,0,12,0,12,0,0,0,12
01/15/2006,HLG,WV,AEA,CE,Federal Contract Tower,0,0,0,0,0,0,0,42,2,44,0,0,42,2,44,36,0,36,80
01/16/2006,HLG,WV,AEA,CE,Federal Contract Tower,0,2,2,0,4,0,0,55,0,55,0,2,57,0,59,132,0,132,191
01/17/2006,HLG,WV,AEA,CE,Federal Contract Tower,0,0,2,0,2,0,0,14,9,23,0,0,16,9,25,30,102,132,157
01/18/2006,HLG,WV,AEA,CE,Federal Contract Tower,0,1,0,0,1,0,0,0,6,6,0,1,0,6,7,0,118,118,125
01/19/2006,HLG,WV,AEA,CE,Federal Contract Tower,0,6,0,0,6,0,4,56,25,85,0,10,56,25,91,12,80,92,183
01/20/2006,HLG,WV,AEA,CE,Federal Contract Tower,0,5,10,0,15,0,0,53,13,66,0,5,63,13,81,90,92,182,263
01/21/2006,HLG,WV,AEA,CE,Federal Contract Tower,0,2,0,0,2,0,0,14,13,27,0,2,14,13,29,72,16,88,117
01/22/2006,HLG,WV,AEA,CE,Federal Contract Tower,0,2,1,0,3,0,0,74,2,76,0,2,75,2,79,0,66,66,145
01/23/2006,HLG,WV,AEA,CE,Federal Contract Tower,0,6,0,0,6,0,0,41,10,51,0,6,41,10,57,22,116,138,195
01/24/2006,HLG,WV,AEA,CE,Federal Contract Tower,0,6,0,0,6,0,0,1,15,16,0,6,1,15,22,0,86,86,108
01/25/2006,HLG,WV,AEA,CE,Federal Contract Tower,0,5,0,4,9,0,0,0,29,29,0,5,0,33,38,0,148,148,186
01/26/2006,HLG,WV,AEA,CE,Federal Contract Tower,0,6,4,5,15,0,0,45,31,76,0,6,49,36,91,52,82,134,225
01/27/2006,HLG,WV,AEA,CE,Federal Contract Tower,0,8,7,3,18,0,0,55,31,86,0,8,62,34,104,42,40,82,186
01/28/2006,HLG,WV,AEA,CE,Federal Contract Tower,0,0,3,2,5,0,0,60,21,81,0,0,63,23,86,96,36,132,218
01/29/2006,HLG,WV,AEA,CE,Federal Contract Tower,0,0,0,0,0,0,0,2,0,2,0,0,2,0,2,0,0,0,2
01/30/2006,HLG,WV,AEA,CE,Federal Contract Tower,0,4,0,2,6,0,0,12,18,30,0,4,12,20,36,18,54,72,108
01/31/2006,HLG,WV,AEA,CE,Federal Contract Tower,0,5,1,0,6,0,0,16,28,44,0,5,17,28,50,0,156,156,206
02/01/2006,HLG,WV,AEA,CE,Federal Contract Tower,0,2,7,2,11,0,0,15,26,41,0,2,22,28,52,18,134,152,204
02/02/2006,HLG,WV,AEA,CE,Federal Contract Tower,0,2,5,4,11,0,0,51,35,86,0,2,56,39,97,42,170,212,309
02/03/2006,HLG,WV,AEA,CE,Federal Contract Tower,0,1,1,0,2,0,0,8,18,26,0,1,9,18,28,0,44,44,72
02/04/2006,HLG,WV,AEA,CE,Federal Contract Tower,0,0,7,2,9,0,4,11,29,44,0,4,18,31,53,32,176,208,261
02/05/2006,HLG,WV,AEA,CE,Federal Contract Tower,0,0,0,3,3,0,0,0,5,5,0,0,0,8,8,0,102,102,110
02/06/2006,HLG,WV,AEA,CE,Federal Contract Tower,0,3,1,1,5,0,0,13,16,29,0,3,14,17,34,0,116,116,150
02/07/2006,HLG,WV,AEA,CE,Federal Contract Tower,0,2,2,5,9,0,0,29,21,50,0,2,31,26,59,40,136,176,235
02/08/2006,HLG,WV,AEA,CE,Federal Contract Tower,0,3,4,0,7,0,0,9,21,30,0,3,13,21,37,18,92,110,147
02/09/2006,HLG,WV,AEA,CE,Federal Contract Tower,0,5,1,6,12,0,0,10,39,49,0,5,11,45,61,2,230,232,293
02/10/2006,HLG,WV,AEA,CE,Federal Contract Tower,0,3,2,0,5,0,0,36,24,60,0,3,38,24,65,16,152,168,233
02/11/2006,HLG,WV,AEA,CE,Federal Contract Tower,0,0,4,6,10,0,0,10,16,26,0,0,14,22,36,76,80,156,192
02/12/2006,HLG,WV,AEA,CE,Federal Contract Tower,0,1,0,2,3,0,0,0,2,2,0,1,0,4,5,0,6,6,11
02/13/2006,HLG,WV,AEA,CE,Federal Contract Tower,0,4,1,0,5,0,0,39,8,47,0,4,40,8,52,14,114,128,180
02/14/2006,HLG,WV,AEA,CE,Federal Contract Tower,0,3,0,6,9,0,0,63,24,87,0,3,63,30,96,42,230,272,368
02/15/2006,HLG,WV,AEA,CE,Federal Contract Tower,0,6,3,0,9,0,0,30,29,59,0,6,33,29,68,40,108,148,216
02/16/2006,HLG,WV,AEA,CE,Federal Contract Tower,0,4,3,3,10,0,0,35,26,61,0,4,38,29,71,12,106,118,189
02/17/2006,HLG,WV,AEA,CE,Federal Contract Tower,0,2,0,0,2,0,0,0,0,0,0,2,0,0,2,0,0,0,2
02/18/2006,HLG,WV,AEA,CE,Federal Contract Tower,0,0,0,0,0,0,0,2,0,2,0,0,2,0,2,20,0,20,22
02/19/2006,HLG,WV,AEA,CE,Federal Contract Tower,0,0,5,0,5,0,0,54,0,54,0,0,59,0,59,0,0,0,59
02/20/2006,HLG,WV,AEA,CE,Federal Contract Tower,0,2,6,0,8,0,0,61,1,62,0,2,67,1,70,40,0,40,110
02/21/2006,HLG,WV,AEA,CE,Federal Contract Tower,0,9,0,1,10,0,1,56,9,66,0,10,56,10,76,84,44,128,204
02/22/2006,HLG,WV,AEA,CE,Federal Contract Tower,0,0,2,0,2,0,0,14,8,22,0,0,16,8,24,16,60,76,100
02/23/2006,HLG,WV,AEA,CE,Federal Contract Tower,0,3,8,3,14,0,0,34,26,60,0,3,42,29,74,8,20,28,102
02/24/2006,HLG,WV,AEA,CE,Federal Contract Tower,0,1,7,0,8,0,0,36,14,50,0,1,43,14,58,43,38,81,139
02/25/2006,HLG,WV,AEA,CE,Federal Contract Tower,0,0,0,0,0,0,0,11,1,12,0,0,11,1,12,66,0,66,78
02/26/2006,HLG,WV,AEA,CE,Federal Contract Tower,0,0,4,0,4,0,2,29,0,31,0,2,33,0,35,0,0,0,35
02/27/2006,HLG,WV,AEA,CE,Federal Contract Tower,0,1,0,2,3,0,0,0,0,0,0,1,0,2,3,24,0,24,27
02/28/2006,HLG,WV,AEA,CE,Federal Contract Tower,0,0,4,3,7,0,0,45,13,58,0,0,49,16,65,42,6,48,113
03/01/2006,HLG,WV,AEA,CE,Federal Contract Tower,0,5,10,0,15,0,8,49,4,61,0,13,59,4,76,20,0,20,96
03/02/2006,HLG,WV,AEA,CE,Federal Contract Tower,0,9,1,0,10,0,0,0,2,2,0,9,1,2,12,0,0,0,12
03/03/2006,HLG,WV,AEA,CE,Federal Contract Tower,0,0,2,0,2,0,0,4,0,4,0,0,6,0,6,48,0,48,54
03/04/2006,HLG,WV,AEA,CE,Federal Contract Tower,0,0,1,0,1,0,0,43,6,49,0,0,44,6,50,220,8,228,278
03/05/2006,HLG,WV,AEA,CE,Federal Contract Tower,0,2,2,0,4,0,0,74,2,76,0,2,76,2,80,160,6,166,246
03/06/2006,HLG,WV,AEA,CE,Federal Contract Tower,0,0,2,0,2,0,0,2,0,2,0,0,4,0,4,12,0,12,16
03/07/2006,HLG,WV,AEA,CE,Federal Contract Tower,0,13,2,4,19,0,0,75,4,79,0,13,77,8,98,56,0,56,154
03/08/2006,HLG,WV,AEA,CE,Federal Contract Tower,0,2,1,0,3,0,6,29,0,35,0,8,30,0,38,10,0,10,48
03/09/2006,HLG,WV,AEA,CE,Federal Contract Tower,0,2,7,0,9,0,0,13,2,15,0,2,20,2,24,6,0,6,30
03/10/2006,HLG,WV,AEA,CE,Federal Contract Tower,0,2,0,0,2,0,0,11,0,11,0,2,11,0,13,0,0,0,13
03/11/2006,HLG,WV,AEA,CE,Federal Contract Tower,0,2,2,0,4,0,0,53,2,55,0,2,55,2,59,108,0,108,167
03/12/2006,HLG,WV,AEA,CE,Federal Contract Tower,0,0,0,0,0,0,0,0,0,0,0,0,0,0,0,0,0,0,0
03/13/2006,HLG,WV,AEA,CE,Federal Contract Tower,0,6,0,0,6,0,0,13,1,14,0,6,13,1,20,0,0,0,20
03/14/2006,HLG,WV,AEA,CE,Federal Contract Tower,0,5,0,0,5,0,0,6,3,9,0,5,6,3,14,0,0,0,14
03/15/2006,HLG,WV,AEA,CE,Federal Contract Tower,0,5,1,4,10,0,7,30,8,45,0,12,31,12,55,6,0,6,61
03/16/2006,HLG,WV,AEA,CE,Federal Contract Tower,0,3,5,6,14,0,0,23,17,40,0,3,28,23,54,0,0,0,54
03/17/2006,HLG,WV,AEA,CE,Federal Contract Tower,0,3,7,0,10,0,0,57,7,64,0,3,64,7,74,14,30,44,118
03/18/2006,HLG,WV,AEA,CE,Federal Contract Tower,0,0,11,0,11,0,0,56,0,56,0,0,67,0,67,124,0,124,191
03/19/2006,HLG,WV,AEA,CE,Federal Contract Tower,0,3,2,2,7,0,0,56,2,58,0,3,58,4,65,38,12,50,115
03/20/2006,HLG,WV,AEA,CE,Federal Contract Tower,0,2,7,0,9,0,0,46,0,46,0,2,53,0,55,194,0,194,249
03/21/2006,HLG,WV,AEA,CE,Federal Contract Tower,0,2,3,5,10,0,0,1,0,1,0,2,4,5,11,0,0,0,11
03/22/2006,HLG,WV,AEA,CE,Federal Contract Tower,2,2,3,5,12,0,0,76,0,76,2,2,79,5,88,0,0,0,88
03/23/2006,HLG,WV,AEA,CE,Federal Contract Tower,0,1,1,4,6,0,0,27,0,27,0,1,28,4,33,20,0,20,53
03/24/2006,HLG,WV,AEA,CE,Federal Contract Tower,0,5,0,4,9,0,0,0,0,0,0,5,0,4,9,0,0,0,9
03/25/2006,HLG,WV,AEA,CE,Federal Contract Tower,0,0,2,0,2,0,0,39,0,39,0,0,41,0,41,86,0,86,127
03/26/2006,HLG,WV,AEA,CE,Federal Contract Tower,0,2,1,0,3,0,0,25,0,25,0,2,26,0,28,54,0,54,82
03/27/2006,HLG,WV,AEA,CE,Federal Contract Tower,0,5,19,0,24,0,0,60,0,60,0,5,79,0,84,140,0,140,224
03/28/2006,HLG,WV,AEA,CE,Federal Contract Tower,0,8,9,0,17,0,0,22,0,22,0,8,31,0,39,118,0,118,157
03/29/2006,HLG,WV,AEA,CE,Federal Contract Tower,0,7,1,0,8,0,0,25,2,27,0,7,26,2,35,72,0,72,107
03/30/2006,HLG,WV,AEA,CE,Federal Contract Tower,0,6,23,0,29,0,1,49,7,57,0,7,72,7,86,34,0,34,120
03/31/2006,HLG,WV,AEA,CE,Federal Contract Tower,0,1,1,0,2,0,0,2,0,2,0,1,3,0,4,0,0,0,4
04/01/2006,HLG,WV,AEA,CE,Federal Contract Tower,0,1,5,0,6,0,0,21,0,21,0,1,26,0,27,102,0,102,129
04/02/2006,HLG,WV,AEA,CE,Federal Contract Tower,0,0,2,4,6,0,0,44,0,44,0,0,46,4,50,164,0,164,214
04/03/2006,HLG,WV,AEA,CE,Federal Contract Tower,0,8,0,0,8,0,0,1,0,1,0,8,1,0,9,0,0,0,9
04/04/2006,HLG,WV,AEA,CE,Federal Contract Tower,0,4,6,1,11,0,0,21,3,24,0,4,27,4,35,0,0,0,35
04/05/2006,HLG,WV,AEA,CE,Federal Contract Tower,0,6,5,0,11,0,0,46,0,46,0,6,51,0,57,16,0,16,73
04/06/2006,HLG,WV,AEA,CE,Federal Contract Tower,0,5,3,10,18,0,0,51,16,67,0,5,54,26,85,139,0,139,224
04/07/2006,HLG,WV,AEA,CE,Federal Contract Tower,0,3,0,0,3,0,4,6,0,10,0,7,6,0,13,30,0,30,43
04/08/2006,HLG,WV,AEA,CE,Federal Contract Tower,0,2,0,0,2,0,0,27,0,27,0,2,27,0,29,58,0,58,87
04/09/2006,HLG,WV,AEA,CE,Federal Contract Tower,0,0,1,0,1,0,0,65,0,65,0,0,66,0,66,104,0,104,170
04/10/2006,HLG,WV,AEA,CE,Federal Contract Tower,0,2,4,8,14,0,0,53,3,56,0,2,57,11,70,112,0,112,182
04/11/2006,HLG,WV,AEA,CE,Federal Contract Tower,0,2,0,0,2,0,0,69,13,82,0,2,69,13,84,82,0,82,166
04/12/2006,HLG,WV,AEA,CE,Federal Contract Tower,0,6,0,5,11,0,4,18,7,29,0,10,18,12,40,0,0,0,40
04/13/2006,HLG,WV,AEA,CE,Federal Contract Tower,0,1,3,0,4,0,0,53,6,59,0,1,56,6,63,76,0,76,139
04/14/2006,HLG,WV,AEA,CE,Federal Contract Tower,0,0,0,0,0,0,0,16,4,20,0,0,16,4,20,40,0,40,60
04/15/2006,HLG,WV,AEA,CE,Federal Contract Tower,0,1,4,0,5,0,0,28,0,28,0,1,32,0,33,76,0,76,109
04/16/2006,HLG,WV,AEA,CE,Federal Contract Tower,0,2,0,0,2,0,0,36,0,36,0,2,36,0,38,16,0,16,54
04/17/2006,HLG,WV,AEA,CE,Federal Contract Tower,0,0,1,0,1,0,0,57,2,59,0,0,58,2,60,126,0,126,186
04/18/2006,HLG,WV,AEA,CE,Federal Contract Tower,0,7,2,1,10,0,0,82,6,88,0,7,84,7,98,196,54,250,348
04/19/2006,HLG,WV,AEA,CE,Federal Contract Tower,0,12,4,2,18,0,0,68,0,68,0,12,72,2,86,30,0,30,116
04/20/2006,HLG,WV,AEA,CE,Federal Contract Tower,0,0,5,6,11,0,5,38,10,53,0,5,43,16,64,46,0,46,110
04/21/2006,HLG,WV,AEA,CE,Federal Contract Tower,0,2,7,0,9,0,0,28,1,29,0,2,35,1,38,18,0,18,56
04/22/2006,HLG,WV,AEA,CE,Federal Contract Tower,0,3,6,1,10,0,0,22,0,22,0,3,28,1,32,80,0,80,112
04/23/2006,HLG,WV,AEA,CE,Federal Contract Tower,0,0,0,0,0,0,0,46,0,46,0,0,46,0,46,18,0,18,64
04/24/2006,HLG,WV,AEA,CE,Federal Contract Tower,0,6,3,0,9,0,0,66,9,75,0,6,69,9,84,84,0,84,168
04/25/2006,HLG,WV,AEA,CE,Federal Contract Tower,0,9,1,5,15,0,0,24,6,30,0,9,25,11,45,56,0,56,101
04/26/2006,HLG,WV,AEA,CE,Federal Contract Tower,0,2,2,0,4,0,4,28,7,39,0,6,30,7,43,28,0,28,71
04/27/2006,HLG,WV,AEA,CE,Federal Contract Tower,0,9,7,2,18,0,0,39,4,43,0,9,46,6,61,18,0,18,79
04/28/2006,HLG,WV,AEA,CE,Federal Contract Tower,0,3,4,6,13,0,0,39,2,41,0,3,43,8,54,28,0,28,82
04/29/2006,HLG,WV,AEA,CE,Federal Contract Tower,0,1,1,0,2,0,0,77,0,77,0,1,78,0,79,204,0,204,283
04/30/2006,HLG,WV,AEA,CE,Federal Contract Tower,0,4,2,0,6,0,0,50,11,61,0,4,52,11,67,34,0,34,101
05/01/2006,HLG,WV,AEA,CE,Federal Contract Tower,0,0,2,2,4,0,0,62,5,67,0,0,64,7,71,144,0,144,215
05/02/2006,HLG,WV,AEA,CE,Federal Contract Tower,0,9,0,0,9,0,0,13,0,13,0,9,13,0,22,12,0,12,34
05/03/2006,HLG,WV,AEA,CE,Federal Contract Tower,0,5,35,0,40,0,8,18,0,26,0,13,53,0,66,54,0,54,120
05/04/2006,HLG,WV,AEA,CE,Federal Contract Tower,0,4,9,2,15,0,0,28,0,28,0,4,37,2,43,54,0,54,97
05/05/2006,HLG,WV,AEA,CE,Federal Contract Tower,0,4,4,2,10,0,6,25,4,35,0,10,29,6,45,50,28,78,123
05/06/2006,HLG,WV,AEA,CE,Federal Contract Tower,0,1,0,0,1,0,0,36,8,44,0,1,36,8,45,148,0,148,193
05/07/2006,HLG,WV,AEA,CE,Federal Contract Tower,0,2,1,0,3,0,0,55,2,57,0,2,56,2,60,0,12,12,72
05/08/2006,HLG,WV,AEA,CE,Federal Contract Tower,0,4,3,0,7,0,0,55,2,57,0,4,58,2,64,42,0,42,106
05/09/2006,HLG,WV,AEA,CE,Federal Contract Tower,0,4,18,3,25,0,0,42,3,45,0,4,60,6,70,36,0,36,106
05/10/2006,HLG,WV,AEA,CE,Federal Contract Tower,0,9,2,12,23,0,1,45,7,53,0,10,47,19,76,24,0,24,100
05/11/2006,HLG,WV,AEA,CE,Federal Contract Tower,0,2,0,2,4,0,0,2,2,4,0,2,2,4,8,0,0,0,8
05/12/2006,HLG,WV,AEA,CE,Federal Contract Tower,0,4,7,11,22,0,0,23,15,38,0,4,30,26,60,28,0,28,88
05/13/2006,HLG,WV,AEA,CE,Federal Contract Tower,0,3,17,0,20,0,0,37,0,37,0,3,54,0,57,144,0,144,201
05/14/2006,HLG,WV,AEA,CE,Federal Contract Tower,0,0,0,0,0,0,0,32,0,32,0,0,32,0,32,120,0,120,152
05/15/2006,HLG,WV,AEA,CE,Federal Contract Tower,0,6,3,0,9,0,0,0,0,0,0,6,3,0,9,0,0,0,9
05/16/2006,HLG,WV,AEA,CE,Federal Contract Tower,0,3,2,1,6,0,0,0,3,3,0,3,2,4,9,0,0,0,9
05/17/2006,HLG,WV,AEA,CE,Federal Contract Tower,0,0,4,0,4,0,0,12,0,12,0,0,16,0,16,86,0,86,102
05/18/2006,HLG,WV,AEA,CE,Federal Contract Tower,0,2,5,0,7,0,0,5,2,7,0,2,10,2,14,0,0,0,14
05/19/2006,HLG,WV,AEA,CE,Federal Contract Tower,0,3,7,0,10,0,2,12,0,14,0,5,19,0,24,12,0,12,36
05/20/2006,HLG,WV,AEA,CE,Federal Contract Tower,0,3,4,0,7,0,1,77,8,86,0,4,81,8,93,98,0,98,191
05/21/2006,HLG,WV,AEA,CE,Federal Contract Tower,0,0,0,0,0,0,0,25,2,27,0,0,25,2,27,0,8,8,35
05/22/2006,HLG,WV,AEA,CE,Federal Contract Tower,0,6,9,0,15,0,0,63,0,63,0,6,72,0,78,212,0,212,290
05/23/2006,HLG,WV,AEA,CE,Federal Contract Tower,0,7,0,3,10,0,5,69,1,75,0,12,69,4,85,284,0,284,369
05/24/2006,HLG,WV,AEA,CE,Federal Contract Tower,0,0,19,0,19,0,0,58,6,64,0,0,77,6,83,80,0,80,163
05/25/2006,HLG,WV,AEA,CE,Federal Contract Tower,0,5,2,0,7,0,0,31,2,33,0,5,33,2,40,168,0,168,208
05/26/2006,HLG,WV,AEA,CE,Federal Contract Tower,0,3,10,2,15,0,0,5,0,5,0,3,15,2,20,0,0,0,20
05/27/2006,HLG,WV,AEA,CE,Federal Contract Tower,0,2,16,0,18,0,0,64,0,64,0,2,80,0,82,184,0,184,266
05/28/2006,HLG,WV,AEA,CE,Federal Contract Tower,0,0,1,0,1,0,0,61,0,61,0,0,62,0,62,82,0,82,144
05/29/2006,HLG,WV,AEA,CE,Federal Contract Tower,0,0,6,2,8,0,0,71,4,75,0,0,77,6,83,144,0,144,227
05/30/2006,HLG,WV,AEA,CE,Federal Contract Tower,0,4,12,3,19,0,4,41,4,49,0,8,53,7,68,158,48,206,274
05/31/2006,HLG,WV,AEA,CE,Federal Contract Tower,0,10,5,0,15,0,0,4,2,6,0,10,9,2,21,38,0,38,59
06/01/2006,HLG,WV,AEA,CE,Federal Contract Tower,0,2,8,0,10,0,0,16,0,16,0,2,24,0,26,32,0,32,58
06/02/2006,HLG,WV,AEA,CE,Federal Contract Tower,0,2,1,0,3,0,0,0,0,0,0,2,1,0,3,0,0,0,3
06/03/2006,HLG,WV,AEA,CE,Federal Contract Tower,0,4,7,0,11,0,0,33,6,39,0,4,40,6,50,76,56,132,182
06/04/2006,HLG,WV,AEA,CE,Federal Contract Tower,0,1,2,0,3,0,0,6,8,14,0,1,8,8,17,84,0,84,101
06/05/2006,HLG,WV,AEA,CE,Federal Contract Tower,0,3,12,3,18,0,0,66,5,71,0,3,78,8,89,112,0,112,201
06/06/2006,HLG,WV,AEA,CE,Federal Contract Tower,0,2,2,2,6,0,2,90,4,96,0,4,92,6,102,194,0,194,296
06/07/2006,HLG,WV,AEA,CE,Federal Contract Tower,0,6,7,7,20,0,6,63,21,90,0,12,70,28,110,60,0,60,170
06/08/2006,HLG,WV,AEA,CE,Federal Contract Tower,0,10,12,2,24,0,0,50,7,57,0,10,62,9,81,128,4,132,213
06/09/2006,HLG,WV,AEA,CE,Federal Contract Tower,0,7,2,0,9,0,0,56,0,56,0,7,58,0,65,34,0,34,99
06/10/2006,HLG,WV,AEA,CE,Federal Contract Tower,0,0,0,0,0,0,2,49,4,55,0,2,49,4,55,56,0,56,111
06/11/2006,HLG,WV,AEA,CE,Federal Contract Tower,0,0,4,0,4,0,0,66,2,68,0,0,70,2,72,126,0,126,198
06/12/2006,HLG,WV,AEA,CE,Federal Contract Tower,0,0,0,4,4,0,0,64,0,64,0,0,64,4,68,168,0,168,236
06/13/2006,HLG,WV,AEA,CE,Federal Contract Tower,0,2,4,3,9,0,0,68,9,77,0,2,72,12,86,60,0,60,146
06/14/2006,HLG,WV,AEA,CE,Federal Contract Tower,0,5,3,3,11,0,0,68,7,75,0,5,71,10,86,36,0,36,122
06/15/2006,HLG,WV,AEA,CE,Federal Contract Tower,0,4,6,2,12,0,0,36,5,41,0,4,42,7,53,30,0,30,83
06/16/2006,HLG,WV,AEA,CE,Federal Contract Tower,0,3,13,3,19,0,0,50,5,55,0,3,63,8,74,58,0,58,132
06/17/2006,HLG,WV,AEA,CE,Federal Contract Tower,0,1,3,0,4,0,2,63,0,65,0,3,66,0,69,78,0,78,147
06/18/2006,HLG,WV,AEA,CE,Federal Contract Tower,0,1,0,0,1,0,0,27,0,27,0,1,27,0,28,30,0,30,58
06/19/2006,HLG,WV,AEA,CE,Federal Contract Tower,0,2,1,0,3,0,0,36,0,36,0,2,37,0,39,80,0,80,119
06/20/2006,HLG,WV,AEA,CE,Federal Contract Tower,0,6,5,10,21,0,2,79,2,83,0,8,84,12,104,0,0,0,104
06/21/2006,HLG,WV,AEA,CE,Federal Contract Tower,0,4,1,0,5,0,0,43,0,43,0,4,44,0,48,68,0,68,116
06/22/2006,HLG,WV,AEA,CE,Federal Contract Tower,0,2,1,2,5,0,0,28,0,28,0,2,29,2,33,86,0,86,119
06/23/2006,HLG,WV,AEA,CE,Federal Contract Tower,0,6,10,0,16,0,0,0,0,0,0,6,10,0,16,6,0,6,22
06/24/2006,HLG,WV,AEA,CE,Federal Contract Tower,0,2,2,0,4,0,2,52,0,54,0,4,54,0,58,60,0,60,118
06/25/2006,HLG,WV,AEA,CE,Federal Contract Tower,0,0,5,0,5,0,0,17,0,17,0,0,22,0,22,76,0,76,98
06/26/2006,HLG,WV,AEA,CE,Federal Contract Tower,0,1,2,0,3,0,0,12,0,12,0,1,14,0,15,32,0,32,47
06/27/2006,HLG,WV,AEA,CE,Federal Contract Tower,0,2,2,2,6,0,0,26,2,28,0,2,28,4,34,50,0,50,84
06/28/2006,HLG,WV,AEA,CE,Federal Contract Tower,0,4,4,0,8,0,4,54,0,58,0,8,58,0,66,72,0,72,138
06/29/2006,HLG,WV,AEA,CE,Federal Contract Tower,0,8,6,6,20,0,6,32,22,60,0,14,38,28,80,64,0,64,144
06/30/2006,HLG,WV,AEA,CE,Federal Contract Tower,0,3,4,0,7,0,0,54,0,54,0,3,58,0,61,50,0,50,111
07/01/2006,HLG,WV,AEA,CE,Federal Contract Tower,0,5,11,0,16,0,0,68,0,68,0,5,79,0,84,116,0,116,200
07/02/2006,HLG,WV,AEA,CE,Federal Contract Tower,0,0,2,0,2,0,0,44,1,45,0,0,46,1,47,46,0,46,93
07/03/2006,HLG,WV,AEA,CE,Federal Contract Tower,0,2,0,0,2,0,0,47,0,47,0,2,47,0,49,156,0,156,205
07/04/2006,HLG,WV,AEA,CE,Federal Contract Tower,0,2,0,0,2,0,0,0,4,4,0,2,0,4,6,0,20,20,26
07/05/2006,HLG,WV,AEA,CE,Federal Contract Tower,0,3,7,12,22,0,0,34,4,38,0,3,41,16,60,82,52,134,194
07/06/2006,HLG,WV,AEA,CE,Federal Contract Tower,0,10,2,0,12,0,0,74,3,77,0,10,76,3,89,12,0,12,101
07/07/2006,HLG,WV,AEA,CE,Federal Contract Tower,0,1,11,0,12,0,4,88,5,97,0,5,99,5,109,70,0,70,179
07/08/2006,HLG,WV,AEA,CE,Federal Contract Tower,0,2,0,0,2,0,0,52,0,52,0,2,52,0,54,154,0,154,208
07/09/2006,HLG,WV,AEA,CE,Federal Contract Tower,0,0,6,6,12,0,0,46,1,47,0,0,52,7,59,68,0,68,127
07/10/2006,HLG,WV,AEA,CE,Federal Contract Tower,0,3,5,0,8,0,1,29,0,30,0,4,34,0,38,104,49,153,191
07/11/2006,HLG,WV,AEA,CE,Federal Contract Tower,0,0,1,1,2,0,2,66,15,83,0,2,67,16,85,60,0,60,145
07/12/2006,HLG,WV,AEA,CE,Federal Contract Tower,0,6,5,0,11,0,2,1,0,3,0,8,6,0,14,0,0,0,14
07/13/2006,HLG,WV,AEA,CE,Federal Contract Tower,0,4,5,4,13,0,0,8,0,8,0,4,13,4,21,14,0,14,35
07/14/2006,HLG,WV,AEA,CE,Federal Contract Tower,0,6,9,0,15,0,0,42,0,42,0,6,51,0,57,126,0,126,183
07/15/2006,HLG,WV,AEA,CE,Federal Contract Tower,0,0,9,0,9,0,4,46,0,50,0,4,55,0,59,68,0,68,127
07/16/2006,HLG,WV,AEA,CE,Federal Contract Tower,0,0,4,0,4,0,0,75,0,75,0,0,79,0,79,94,0,94,173
07/17/2006,HLG,WV,AEA,CE,Federal Contract Tower,0,8,7,0,15,0,0,73,10,83,0,8,80,10,98,30,0,30,128
07/18/2006,HLG,WV,AEA,CE,Federal Contract Tower,0,8,3,0,11,0,1,61,0,62,0,9,64,0,73,28,0,28,101
07/19/2006,HLG,WV,AEA,CE,Federal Contract Tower,0,6,9,8,23,0,0,51,18,69,0,6,60,26,92,76,0,76,168
07/20/2006,HLG,WV,AEA,CE,Federal Contract Tower,0,3,6,0,9,0,0,2,0,2,0,3,8,0,11,42,0,42,53
07/21/2006,HLG,WV,AEA,CE,Federal Contract Tower,0,10,12,0,22,0,2,40,3,45,0,12,52,3,67,36,0,36,103
07/22/2006,HLG,WV,AEA,CE,Federal Contract Tower,0,4,2,1,7,0,0,30,1,31,0,4,32,2,38,16,0,16,54
07/23/2006,HLG,WV,AEA,CE,Federal Contract Tower,0,4,1,0,5,0,3,69,6,78,0,7,70,6,83,128,0,128,211
07/24/2006,HLG,WV,AEA,CE,Federal Contract Tower,0,3,0,0,3,0,1,58,0,59,0,4,58,0,62,122,0,122,184
07/25/2006,HLG,WV,AEA,CE,Federal Contract Tower,0,7,5,2,14,0,0,91,1,92,0,7,96,3,106,48,0,48,154
07/26/2006,HLG,WV,AEA,CE,Federal Contract Tower,0,6,4,1,11,0,0,62,0,62,0,6,66,1,73,74,0,74,147
07/27/2006,HLG,WV,AEA,CE,Federal Contract Tower,0,2,11,5,18,0,0,9,11,20,0,2,20,16,38,0,0,0,38
07/28/2006,HLG,WV,AEA,CE,Federal Contract Tower,0,3,2,0,5,0,8,19,0,27,0,11,21,0,32,55,0,55,87
07/29/2006,HLG,WV,AEA,CE,Federal Contract Tower,0,0,3,2,5,0,0,50,0,50,0,0,53,2,55,156,0,156,211
07/30/2006,HLG,WV,AEA,CE,Federal Contract Tower,0,0,0,0,0,0,0,58,0,58,0,0,58,0,58,114,0,114,172
07/31/2006,HLG,WV,AEA,CE,Federal Contract Tower,0,4,2,0,6,0,2,40,0,42,0,6,42,0,48,30,0,30,78
08/01/2006,HLG,WV,AEA,CE,Federal Contract Tower,0,8,8,3,19,0,0,62,3,65,0,8,70,6,84,50,28,78,162
08/02/2006,HLG,WV,AEA,CE,Federal Contract Tower,0,3,4,0,7,0,0,22,0,22,0,3,26,0,29,106,0,106,135
08/03/2006,HLG,WV,AEA,CE,Federal Contract Tower,0,2,7,0,9,0,0,27,2,29,0,2,34,2,38,16,0,16,54
08/04/2006,HLG,WV,AEA,CE,Federal Contract Tower,0,2,13,1,16,0,4,50,13,67,0,6,63,14,83,56,0,56,139
08/05/2006,HLG,WV,AEA,CE,Federal Contract Tower,0,4,3,0,7,0,0,90,10,100,0,4,93,10,107,136,16,152,259
08/06/2006,HLG,WV,AEA,CE,Federal Contract Tower,0,1,1,0,2,0,0,70,2,72,0,1,71,2,74,42,0,42,116
08/07/2006,HLG,WV,AEA,CE,Federal Contract Tower,0,7,1,2,10,0,2,35,0,37,0,9,36,2,47,10,0,10,57
08/08/2006,HLG,WV,AEA,CE,Federal Contract Tower,0,15,10,5,30,0,0,99,19,118,0,15,109,24,148,104,0,104,252
08/09/2006,HLG,WV,AEA,CE,Federal Contract Tower,0,2,0,2,4,0,0,83,19,102,0,2,83,21,106,144,0,144,250
08/10/2006,HLG,WV,AEA,CE,Federal Contract Tower,0,7,12,4,23,0,0,37,15,52,0,7,49,19,75,22,0,22,97
08/11/2006,HLG,WV,AEA,CE,Federal Contract Tower,0,4,12,0,16,0,0,79,12,91,0,4,91,12,107,146,4,150,257
08/12/2006,HLG,WV,AEA,CE,Federal Contract Tower,0,1,0,0,1,0,0,90,0,90,0,1,90,0,91,122,0,122,213
08/13/2006,HLG,WV,AEA,CE,Federal Contract Tower,0,2,3,0,5,0,0,72,0,72,0,2,75,0,77,118,0,118,195
08/14/2006,HLG,WV,AEA,CE,Federal Contract Tower,0,2,2,0,4,0,2,59,0,61,0,4,61,0,65,106,0,106,171
08/15/2006,HLG,WV,AEA,CE,Federal Contract Tower,0,8,5,3,16,0,2,77,9,88,0,10,82,12,104,154,0,154,258
08/16/2006,HLG,WV,AEA,CE,Federal Contract Tower,0,4,4,0,8,0,0,42,1,43,0,4,46,1,51,168,0,168,219
08/17/2006,HLG,WV,AEA,CE,Federal Contract Tower,0,6,5,8,19,0,2,45,10,57,0,8,50,18,76,54,14,68,144
08/18/2006,HLG,WV,AEA,CE,Federal Contract Tower,0,4,11,2,17,0,0,52,2,54,0,4,63,4,71,30,0,30,101
08/19/2006,HLG,WV,AEA,CE,Federal Contract Tower,0,0,4,6,10,0,0,45,16,61,0,0,49,22,71,114,0,114,185
08/20/2006,HLG,WV,AEA,CE,Federal Contract Tower,0,5,3,0,8,0,0,70,0,70,0,5,73,0,78,98,0,98,176
08/21/2006,HLG,WV,AEA,CE,Federal Contract Tower,0,11,0,0,11,0,1,71,4,76,0,12,71,4,87,52,0,52,139
08/22/2006,HLG,WV,AEA,CE,Federal Contract Tower,0,8,4,2,14,0,4,28,2,34,0,12,32,4,48,52,0,52,100
08/23/2006,HLG,WV,AEA,CE,Federal Contract Tower,0,9,4,8,21,0,0,40,6,46,0,9,44,14,67,46,0,46,113
08/24/2006,HLG,WV,AEA,CE,Federal Contract Tower,0,10,2,2,14,0,0,30,0,30,0,10,32,2,44,62,0,62,106
08/25/2006,HLG,WV,AEA,CE,Federal Contract Tower,0,4,4,0,8,0,5,39,4,48,0,9,43,4,56,78,0,78,134
08/26/2006,HLG,WV,AEA,CE,Federal Contract Tower,0,1,9,0,10,0,0,48,0,48,0,1,57,0,58,66,0,66,124
08/27/2006,HLG,WV,AEA,CE,Federal Contract Tower,0,3,1,0,4,0,0,5,0,5,0,3,6,0,9,0,0,0,9
08/28/2006,HLG,WV,AEA,CE,Federal Contract Tower,0,9,3,0,12,0,1,2,1,4,0,10,5,1,16,66,0,66,82
08/29/2006,HLG,WV,AEA,CE,Federal Contract Tower,0,9,4,1,14,0,0,25,3,28,0,9,29,4,42,22,12,34,76
08/30/2006,HLG,WV,AEA,CE,Federal Contract Tower,0,9,15,5,29,0,0,19,7,26,0,9,34,12,55,122,0,122,177
08/31/2006,HLG,WV,AEA,CE,Federal Contract Tower,0,5,18,0,23,0,5,32,0,37,0,10,50,0,60,92,0,92,152
09/01/2006,HLG,WV,AEA,CE,Federal Contract Tower,0,2,1,0,3,0,0,13,10,23,0,2,14,10,26,32,0,32,58
09/02/2006,HLG,WV,AEA,CE,Federal Contract Tower,0,3,4,0,7,0,0,12,0,12,0,3,16,0,19,0,0,0,19
09/03/2006,HLG,WV,AEA,CE,Federal Contract Tower,0,0,1,0,1,0,0,0,12,12,0,0,1,12,13,30,12,42,55
09/04/2006,HLG,WV,AEA,CE,Federal Contract Tower,0,2,4,0,6,0,8,48,0,56,0,10,52,0,62,172,0,172,234
09/05/2006,HLG,WV,AEA,CE,Federal Contract Tower,0,7,9,0,16,0,0,30,41,71,0,7,39,41,87,62,0,62,149
09/06/2006,HLG,WV,AEA,CE,Federal Contract Tower,0,3,4,8,15,0,1,18,23,42,0,4,22,31,57,102,12,114,171
09/07/2006,HLG,WV,AEA,CE,Federal Contract Tower,0,7,3,0,10,0,4,17,4,25,0,11,20,4,35,78,0,78,113
09/08/2006,HLG,WV,AEA,CE,Federal Contract Tower,0,2,3,0,5,0,0,53,7,60,0,2,56,7,65,80,0,80,145
09/09/2006,HLG,WV,AEA,CE,Federal Contract Tower,0,2,4,3,9,0,0,110,29,139,0,2,114,32,148,242,0,242,390
09/10/2006,HLG,WV,AEA,CE,Federal Contract Tower,0,3,2,4,9,0,0,68,18,86,0,3,70,22,95,20,0,20,115
09/11/2006,HLG,WV,AEA,CE,Federal Contract Tower,0,1,5,10,16,0,4,14,0,18,0,5,19,10,34,92,0,92,126
09/12/2006,HLG,WV,AEA,CE,Federal Contract Tower,0,8,3,2,13,0,2,4,2,8,0,10,7,4,21,0,0,0,21
09/13/2006,HLG,WV,AEA,CE,Federal Contract Tower,0,7,3,8,18,0,0,1,0,1,0,7,4,8,19,0,0,0,19
09/14/2006,HLG,WV,AEA,CE,Federal Contract Tower,0,2,1,8,11,0,0,4,0,4,0,2,5,8,15,8,0,8,23
09/15/2006,HLG,WV,AEA,CE,Federal Contract Tower,0,10,4,4,18,0,5,40,7,52,0,15,44,11,70,66,16,82,152
09/16/2006,HLG,WV,AEA,CE,Federal Contract Tower,0,3,5,0,8,0,0,12,0,12,0,3,17,0,20,40,0,40,60
09/17/2006,HLG,WV,AEA,CE,Federal Contract Tower,0,0,3,0,3,0,0,31,2,33,0,0,34,2,36,108,0,108,144
09/18/2006,HLG,WV,AEA,CE,Federal Contract Tower,0,4,1,0,5,0,0,71,6,77,0,4,72,6,82,94,0,94,176
09/19/2006,HLG,WV,AEA,CE,Federal Contract Tower,0,5,3,8,16,0,1,62,10,73,0,6,65,18,89,48,0,48,137
09/20/2006,HLG,WV,AEA,CE,Federal Contract Tower,0,4,3,0,7,0,0,33,0,33,0,4,36,0,40,46,0,46,86
09/21/2006,HLG,WV,AEA,CE,Federal Contract Tower,0,2,0,0,2,0,1,32,14,47,0,3,32,14,49,44,0,44,93
09/22/2006,HLG,WV,AEA,CE,Federal Contract Tower,0,6,20,10,36,0,0,34,11,45,0,6,54,21,81,94,0,94,175
09/23/2006,HLG,WV,AEA,CE,Federal Contract Tower,0,1,4,0,5,0,0,19,4,23,0,1,23,4,28,86,0,86,114
09/24/2006,HLG,WV,AEA,CE,Federal Contract Tower,0,9,1,0,10,0,0,17,0,17,0,9,18,0,27,0,0,0,27
09/25/2006,HLG,WV,AEA,CE,Federal Contract Tower,0,7,4,11,22,0,4,70,15,89,0,11,74,26,111,160,0,160,271
09/26/2006,HLG,WV,AEA,CE,Federal Contract Tower,0,3,3,3,9,0,0,71,3,74,0,3,74,6,83,94,4,98,181
09/27/2006,HLG,WV,AEA,CE,Federal Contract Tower,0,1,3,0,4,0,0,71,0,71,0,1,74,0,75,116,0,116,191
09/28/2006,HLG,WV,AEA,CE,Federal Contract Tower,0,9,0,0,9,0,0,11,0,11,0,9,11,0,20,0,0,0,20
09/29/2006,HLG,WV,AEA,CE,Federal Contract Tower,0,4,1,0,5,0,0,27,4,31,0,4,28,4,36,30,0,30,66
09/30/2006,HLG,WV,AEA,CE,Federal Contract Tower,0,4,7,0,11,0,0,24,0,24,0,4,31,0,35,58,0,58,93
10/01/2006,HLG,WV,AEA,CE,Federal Contract Tower,0,0,5,0,5,0,0,95,0,95,0,0,100,0,100,24,0,24,124
10/02/2006,HLG,WV,AEA,CE,Federal Contract Tower,0,2,4,0,6,0,2,77,0,79,0,4,81,0,85,136,0,136,221
10/03/2006,HLG,WV,AEA,CE,Federal Contract Tower,0,6,2,2,10,0,0,92,4,96,0,6,94,6,106,172,0,172,278
10/04/2006,HLG,WV,AEA,CE,Federal Contract Tower,0,4,8,0,12,0,0,32,0,32,0,4,40,0,44,10,0,10,54
10/05/2006,HLG,WV,AEA,CE,Federal Contract Tower,0,2,13,0,15,0,0,12,0,12,0,2,25,0,27,18,0,18,45
10/06/2006,HLG,WV,AEA,CE,Federal Contract Tower,0,2,4,0,6,0,4,49,0,53,0,6,53,0,59,50,0,50,109
10/07/2006,HLG,WV,AEA,CE,Federal Contract Tower,0,2,2,0,4,0,0,81,0,81,0,2,83,0,85,186,0,186,271
10/08/2006,HLG,WV,AEA,CE,Federal Contract Tower,0,0,2,0,2,0,0,60,0,60,0,0,62,0,62,162,0,162,224
10/09/2006,HLG,WV,AEA,CE,Federal Contract Tower,0,3,1,0,4,0,0,83,0,83,0,3,84,0,87,140,0,140,227
10/10/2006,HLG,WV,AEA,CE,Federal Contract Tower,0,6,0,6,12,0,1,87,2,90,0,7,87,8,102,192,0,192,294
10/11/2006,HLG,WV,AEA,CE,Federal Contract Tower,0,6,0,0,6,0,0,46,0,46,0,6,46,0,52,18,0,18,70
10/12/2006,HLG,WV,AEA,CE,Federal Contract Tower,0,2,1,0,3,0,0,10,10,20,0,2,11,10,23,0,36,36,59
10/13/2006,HLG,WV,AEA,CE,Federal Contract Tower,0,4,12,4,20,0,3,26,12,41,0,7,38,16,61,0,0,0,61
10/14/2006,HLG,WV,AEA,CE,Federal Contract Tower,0,2,2,2,6,0,0,35,0,35,0,2,37,2,41,118,0,118,159
10/15/2006,HLG,WV,AEA,CE,Federal Contract Tower,0,0,0,0,0,0,0,76,5,81,0,0,76,5,81,156,14,170,251
10/16/2006,HLG,WV,AEA,CE,Federal Contract Tower,0,5,5,4,14,0,0,68,4,72,0,5,73,8,86,48,0,48,134
10/17/2006,HLG,WV,AEA,CE,Federal Contract Tower,0,8,1,0,9,0,0,1,0,1,0,8,2,0,10,0,0,0,10
10/18/2006,HLG,WV,AEA,CE,Federal Contract Tower,0,5,7,0,12,0,0,13,4,17,0,5,20,4,29,14,0,14,43
10/19/2006,HLG,WV,AEA,CE,Federal Contract Tower,0,2,5,0,7,0,0,0,0,0,0,2,5,0,7,0,0,0,7
10/20/2006,HLG,WV,AEA,CE,Federal Contract Tower,0,1,3,0,4,0,0,2,0,2,0,1,5,0,6,0,0,0,6
10/21/2006,HLG,WV,AEA,CE,Federal Contract Tower,0,6,2,0,8,0,9,79,0,88,0,15,81,0,96,112,0,112,208
10/22/2006,HLG,WV,AEA,CE,Federal Contract Tower,0,5,1,0,6,0,1,3,0,4,0,6,4,0,10,0,0,0,10
10/23/2006,HLG,WV,AEA,CE,Federal Contract Tower,0,5,8,2,15,0,0,3,0,3,0,5,11,2,18,0,0,0,18
10/24/2006,HLG,WV,AEA,CE,Federal Contract Tower,0,4,0,9,13,0,0,9,15,24,0,4,9,24,37,8,0,8,45
10/25/2006,HLG,WV,AEA,CE,Federal Contract Tower,0,0,0,0,0,0,0,45,0,45,0,0,45,0,45,28,0,28,73
10/26/2006,HLG,WV,AEA,CE,Federal Contract Tower,0,5,2,0,7,0,0,9,0,9,0,5,11,0,16,0,0,0,16
10/27/2006,HLG,WV,AEA,CE,Federal Contract Tower,0,3,2,0,5,0,0,2,0,2,0,3,4,0,7,0,0,0,7
10/28/2006,HLG,WV,AEA,CE,Federal Contract Tower,0,2,0,0,2,0,0,0,0,0,0,2,0,0,2,0,0,0,2
10/29/2006,HLG,WV,AEA,CE,Federal Contract Tower,0,1,0,0,1,0,0,4,0,4,0,1,4,0,5,0,0,0,5
10/30/2006,HLG,WV,AEA,CE,Federal Contract Tower,0,1,0,1,2,0,14,92,5,111,0,15,92,6,113,130,0,130,243
10/31/2006,HLG,WV,AEA,CE,Federal Contract Tower,0,7,3,3,13,0,0,42,3,45,0,7,45,6,58,82,0,82,140
11/01/2006,HLG,WV,AEA,CE,Federal Contract Tower,0,5,3,2,10,0,2,31,25,58,0,7,34,27,68,28,0,28,96
11/02/2006,HLG,WV,AEA,CE,Federal Contract Tower,0,6,6,4,16,0,0,37,16,53,0,6,43,20,69,14,0,14,83
11/03/2006,HLG,WV,AEA,CE,Federal Contract Tower,0,3,5,0,8,0,2,46,6,54,0,5,51,6,62,8,0,8,70
11/04/2006,HLG,WV,AEA,CE,Federal Contract Tower,0,1,9,0,10,0,0,76,4,80,0,1,85,4,90,156,0,156,246
11/05/2006,HLG,WV,AEA,CE,Federal Contract Tower,0,0,2,1,3,0,0,52,9,61,0,0,54,10,64,72,0,72,136
11/06/2006,HLG,WV,AEA,CE,Federal Contract Tower,0,0,4,0,4,0,0,73,8,81,0,0,77,8,85,16,0,16,101
11/07/2006,HLG,WV,AEA,CE,Federal Contract Tower,0,5,0,0,5,0,0,25,9,34,0,5,25,9,39,24,0,24,63
11/08/2006,HLG,WV,AEA,CE,Federal Contract Tower,0,9,9,2,20,0,2,20,2,24,0,11,29,4,44,8,0,8,52
11/09/2006,HLG,WV,AEA,CE,Federal Contract Tower,0,2,4,0,6,0,0,27,8,35,0,2,31,8,41,6,0,6,47
11/10/2006,HLG,WV,AEA,CE,Federal Contract Tower,0,2,2,6,10,0,0,18,4,22,0,2,20,10,32,36,0,36,68
11/11/2006,HLG,WV,AEA,CE,Federal Contract Tower,0,1,6,0,7,0,0,18,0,18,0,1,24,0,25,12,0,12,37
11/12/2006,HLG,WV,AEA,CE,Federal Contract Tower,0,0,0,0,0,0,0,6,0,6,0,0,6,0,6,24,0,24,30
11/13/2006,HLG,WV,AEA,CE,Federal Contract Tower,0,3,2,0,5,0,0,0,0,0,0,3,2,0,5,0,0,0,5
11/14/2006,HLG,WV,AEA,CE,Federal Contract Tower,0,3,6,4,13,0,0,16,2,18,0,3,22,6,31,44,0,44,75
11/15/2006,HLG,WV,AEA,CE,Federal Contract Tower,0,3,4,8,15,0,0,3,4,7,0,3,7,12,22,0,0,0,22
11/16/2006,HLG,WV,AEA,CE,Federal Contract Tower,0,4,0,0,4,0,0,2,0,2,0,4,2,0,6,0,0,0,6
11/17/2006,HLG,WV,AEA,CE,Federal Contract Tower,0,6,1,0,7,0,0,8,0,8,0,6,9,0,15,0,0,0,15
11/18/2006,HLG,WV,AEA,CE,Federal Contract Tower,0,0,2,0,2,0,0,41,0,41,0,0,43,0,43,166,0,166,209
11/19/2006,HLG,WV,AEA,CE,Federal Contract Tower,0,5,2,0,7,0,0,7,0,7,0,5,9,0,14,52,8,60,74
11/20/2006,HLG,WV,AEA,CE,Federal Contract Tower,0,6,4,2,12,0,0,43,0,43,0,6,47,2,55,108,0,108,163
11/21/2006,HLG,WV,AEA,CE,Federal Contract Tower,0,6,11,4,21,0,0,76,10,86,0,6,87,14,107,184,0,184,291
11/22/2006,HLG,WV,AEA,CE,Federal Contract Tower,0,0,2,0,2,0,4,51,2,57,0,4,53,2,59,96,0,96,155
11/23/2006,HLG,WV,AEA,CE,Federal Contract Tower,0,2,4,0,6,0,0,19,0,19,0,2,23,0,25,32,0,32,57
11/24/2006,HLG,WV,AEA,CE,Federal Contract Tower,0,2,5,0,7,0,0,46,2,48,0,2,51,2,55,151,0,151,206
11/25/2006,HLG,WV,AEA,CE,Federal Contract Tower,0,0,10,0,10,0,4,96,6,106,0,4,106,6,116,140,8,148,264
11/26/2006,HLG,WV,AEA,CE,Federal Contract Tower,0,6,1,0,7,0,1,48,5,54,0,7,49,5,61,104,0,104,165
11/27/2006,HLG,WV,AEA,CE,Federal Contract Tower,0,0,2,0,2,0,1,64,0,65,0,1,66,0,67,132,0,132,199
11/28/2006,HLG,WV,AEA,CE,Federal Contract Tower,0,1,0,0,1,0,1,65,1,67,0,2,65,1,68,152,0,152,220
11/29/2006,HLG,WV,AEA,CE,Federal Contract Tower,0,7,8,3,18,0,2,66,4,72,0,9,74,7,90,106,0,106,196
11/30/2006,HLG,WV,AEA,CE,Federal Contract Tower,0,3,0,16,19,0,0,5,0,5,0,3,5,16,24,0,0,0,24
12/01/2006,HLG,WV,AEA,CE,Federal Contract Tower,0,7,0,0,7,0,0,0,2,2,0,7,0,2,9,0,0,0,9
12/02/2006,HLG,WV,AEA,CE,Federal Contract Tower,0,4,2,1,7,0,0,22,2,24,0,4,24,3,31,0,0,0,31
12/03/2006,HLG,WV,AEA,CE,Federal Contract Tower,0,0,0,0,0,0,2,60,0,62,0,2,60,0,62,70,0,70,132
12/04/2006,HLG,WV,AEA,CE,Federal Contract Tower,0,5,5,0,10,0,0,65,0,65,0,5,70,0,75,64,0,64,139
12/05/2006,HLG,WV,AEA,CE,Federal Contract Tower,0,8,3,5,16,0,0,56,9,65,0,8,59,14,81,42,0,42,123
12/06/2006,HLG,WV,AEA,CE,Federal Contract Tower,0,3,3,8,14,0,0,6,4,10,0,3,9,12,24,6,0,6,30
12/07/2006,HLG,WV,AEA,CE,Federal Contract Tower,0,7,0,0,7,0,0,0,0,0,0,7,0,0,7,0,0,0,7
12/08/2006,HLG,WV,AEA,CE,Federal Contract Tower,0,3,3,0,6,0,0,5,0,5,0,3,8,0,11,4,0,4,15
12/09/2006,HLG,WV,AEA,CE,Federal Contract Tower,0,1,2,0,3,0,0,83,0,83,0,1,85,0,86,148,0,148,234
12/10/2006,HLG,WV,AEA,CE,Federal Contract Tower,0,5,1,0,6,0,0,55,2,57,0,5,56,2,63,98,0,98,161
12/11/2006,HLG,WV,AEA,CE,Federal Contract Tower,0,4,1,0,5,0,0,45,13,58,0,4,46,13,63,56,0,56,119
12/12/2006,HLG,WV,AEA,CE,Federal Contract Tower,0,5,0,0,5,0,3,49,12,64,0,8,49,12,69,56,56,112,181
12/13/2006,HLG,WV,AEA,CE,Federal Contract Tower,0,3,4,5,12,0,12,36,16,64,0,15,40,21,76,38,0,38,114
12/14/2006,HLG,WV,AEA,CE,Federal Contract Tower,0,0,0,0,0,0,0,32,8,40,0,0,32,8,40,2,0,2,42
12/15/2006,HLG,WV,AEA,CE,Federal Contract Tower,0,7,5,0,12,0,2,6,0,8,0,9,11,0,20,0,0,0,20
12/16/2006,HLG,WV,AEA,CE,Federal Contract Tower,0,1,0,0,1,0,0,49,6,55,0,1,49,6,56,68,0,68,124
12/17/2006,HLG,WV,AEA,CE,Federal Contract Tower,0,3,3,1,7,0,0,30,1,31,0,3,33,2,38,0,0,0,38
12/18/2006,HLG,WV,AEA,CE,Federal Contract Tower,0,7,3,0,10,0,0,24,0,24,0,7,27,0,34,50,0,50,84
12/19/2006,HLG,WV,AEA,CE,Federal Contract Tower,0,7,1,2,10,0,5,26,12,43,0,12,27,14,53,8,0,8,61
12/20/2006,HLG,WV,AEA,CE,Federal Contract Tower,0,3,2,2,7,0,4,55,12,71,0,7,57,14,78,106,12,118,196
12/21/2006,HLG,WV,AEA,CE,Federal Contract Tower,0,2,2,2,6,0,6,0,12,18,0,8,2,14,24,0,0,0,24
12/22/2006,HLG,WV,AEA,CE,Federal Contract Tower,0,6,0,0,6,0,0,0,2,2,0,6,0,2,8,0,0,0,8
12/23/2006,HLG,WV,AEA,CE,Federal Contract Tower,0,0,7,0,7,0,0,30,0,30,0,0,37,0,37,90,0,90,127
12/24/2006,HLG,WV,AEA,CE,Federal Contract Tower,0,0,1,0,1,0,0,24,0,24,0,0,25,0,25,64,0,64,89
12/25/2006,HLG,WV,AEA,CE,Federal Contract Tower,0,0,2,0,2,0,0,5,0,5,0,0,7,0,7,0,0,0,7
12/26/2006,HLG,WV,AEA,CE,Federal Contract Tower,0,0,0,0,0,0,0,0,0,0,0,0,0,0,0,0,0,0,0
12/27/2006,HLG,WV,AEA,CE,Federal Contract Tower,0,0,1,8,9,0,0,38,6,44,0,0,39,14,53,124,0,124,177
12/28/2006,HLG,WV,AEA,CE,Federal Contract Tower,0,1,1,4,6,0,0,43,42,85,0,1,44,46,91,24,0,24,115
12/29/2006,HLG,WV,AEA,CE,Federal Contract Tower,0,1,3,0,4,0,5,109,0,114,0,6,112,0,118,26,0,26,144
12/30/2006,HLG,WV,AEA,CE,Federal Contract Tower,0,0,0,0,0,0,4,74,0,78,0,4,74,0,78,190,0,190,268
12/31/2006,HLG,WV,AEA,CE,Federal Contract Tower,0,0,0,0,0,0,0,36,0,36,0,0,36,0,36,50,0,50,86
01/01/2007,HLG,WV,AEA,CE,Federal Contract Tower,0,0,0,0,0,0,0,3,0,3,0,0,3,0,3,0,0,0,3
01/02/2007,HLG,WV,AEA,CE,Federal Contract Tower,0,2,0,0,2,0,0,70,8,78,0,2,70,8,80,74,0,74,154
01/03/2007,HLG,WV,AEA,CE,Federal Contract Tower,0,2,9,4,15,0,1,46,4,51,0,3,55,8,66,100,14,114,180
01/04/2007,HLG,WV,AEA,CE,Federal Contract Tower,0,3,4,0,7,0,0,27,2,29,0,3,31,2,36,54,0,54,90
01/05/2007,HLG,WV,AEA,CE,Federal Contract Tower,0,3,0,0,3,0,0,0,0,0,0,3,0,0,3,0,0,0,3
01/06/2007,HLG,WV,AEA,CE,Federal Contract Tower,0,2,12,0,14,0,0,7,0,7,0,2,19,0,21,24,0,24,45
01/07/2007,HLG,WV,AEA,CE,Federal Contract Tower,0,2,3,0,5,0,0,52,4,56,0,2,55,4,61,110,64,174,235
01/08/2007,HLG,WV,AEA,CE,Federal Contract Tower,0,1,0,0,1,0,0,0,2,2,0,1,0,2,3,0,0,0,3
01/09/2007,HLG,WV,AEA,CE,Federal Contract Tower,0,1,3,3,7,0,1,3,7,11,0,2,6,10,18,0,0,0,18
01/10/2007,HLG,WV,AEA,CE,Federal Contract Tower,0,8,2,2,12,0,5,41,8,54,0,13,43,10,66,100,0,100,166
01/11/2007,HLG,WV,AEA,CE,Federal Contract Tower,0,0,2,8,10,0,0,40,18,58,0,0,42,26,68,40,0,40,108
01/12/2007,HLG,WV,AEA,CE,Federal Contract Tower,0,0,7,0,7,0,0,11,0,11,0,0,18,0,18,4,0,4,22
01/13/2007,HLG,WV,AEA,CE,Federal Contract Tower,0,1,2,0,3,0,0,0,0,0,0,1,2,0,3,0,0,0,3
01/14/2007,HLG,WV,AEA,CE,Federal Contract Tower,0,0,0,0,0,0,0,0,0,0,0,0,0,0,0,0,0,0,0
01/15/2007,HLG,WV,AEA,CE,Federal Contract Tower,0,2,0,0,2,0,0,2,0,2,0,2,2,0,4,28,0,28,32
01/16/2007,HLG,WV,AEA,CE,Federal Contract Tower,0,3,1,0,4,0,1,14,0,15,0,4,15,0,19,24,0,24,43
01/17/2007,HLG,WV,AEA,CE,Federal Contract Tower,0,4,0,0,4,0,0,38,0,38,0,4,38,0,42,62,0,62,104
01/18/2007,HLG,WV,AEA,CE,Federal Contract Tower,0,7,2,0,9,0,1,19,6,26,0,8,21,6,35,28,0,28,63
01/19/2007,HLG,WV,AEA,CE,Federal Contract Tower,0,1,1,0,2,0,2,0,0,2,0,3,1,0,4,0,0,0,4
01/20/2007,HLG,WV,AEA,CE,Federal Contract Tower,0,0,3,0,3,0,0,34,0,34,0,0,37,0,37,60,0,60,97
01/21/2007,HLG,WV,AEA,CE,Federal Contract Tower,0,0,1,0,1,0,0,0,2,2,0,0,1,2,3,0,2,2,5
01/22/2007,HLG,WV,AEA,CE,Federal Contract Tower,0,0,0,0,0,0,0,0,0,0,0,0,0,0,0,0,0,0,0
01/23/2007,HLG,WV,AEA,CE,Federal Contract Tower,0,7,3,0,10,0,0,8,0,8,0,7,11,0,18,18,0,18,36
01/24/2007,HLG,WV,AEA,CE,Federal Contract Tower,0,1,0,0,1,0,0,0,0,0,0,1,0,0,1,0,0,0,1
01/25/2007,HLG,WV,AEA,CE,Federal Contract Tower,0,3,0,0,3,0,0,2,0,2,0,3,2,0,5,0,0,0,5
01/26/2007,HLG,WV,AEA,CE,Federal Contract Tower,0,3,1,0,4,0,0,3,0,3,0,3,4,0,7,0,0,0,7
01/27/2007,HLG,WV,AEA,CE,Federal Contract Tower,0,0,1,4,5,0,0,16,0,16,0,0,17,4,21,54,0,54,75
01/28/2007,HLG,WV,AEA,CE,Federal Contract Tower,0,0,0,0,0,0,0,0,0,0,0,0,0,0,0,0,0,0,0
01/29/2007,HLG,WV,AEA,CE,Federal Contract Tower,0,4,0,0,4,0,0,6,0,6,0,4,6,0,10,18,0,18,28
01/30/2007,HLG,WV,AEA,CE,Federal Contract Tower,0,6,0,0,6,0,0,0,0,0,0,6,0,0,6,0,0,0,6
01/31/2007,HLG,WV,AEA,CE,Federal Contract Tower,0,7,4,5,16,0,0,23,0,23,0,7,27,5,39,14,0,14,53
02/01/2007,HLG,WV,AEA,CE,Federal Contract Tower,0,3,3,4,10,0,0,14,6,20,0,3,17,10,30,28,0,28,58
02/02/2007,HLG,WV,AEA,CE,Federal Contract Tower,0,0,0,4,4,0,0,0,0,0,0,0,0,4,4,0,0,0,4
02/03/2007,HLG,WV,AEA,CE,Federal Contract Tower,0,1,0,0,1,0,0,2,0,2,0,1,2,0,3,2,0,2,5
02/04/2007,HLG,WV,AEA,CE,Federal Contract Tower,0,2,0,0,2,0,0,17,6,23,0,2,17,6,25,30,36,66,91
02/05/2007,HLG,WV,AEA,CE,Federal Contract Tower,0,1,0,0,1,0,0,1,0,1,0,1,1,0,2,0,0,0,2
02/06/2007,HLG,WV,AEA,CE,Federal Contract Tower,0,1,1,0,2,0,1,14,0,15,0,2,15,0,17,32,0,32,49
02/07/2007,HLG,WV,AEA,CE,Federal Contract Tower,0,4,0,10,14,0,2,10,4,16,0,6,10,14,30,42,0,42,72
02/08/2007,HLG,WV,AEA,CE,Federal Contract Tower,0,3,0,4,7,0,4,9,0,13,0,7,9,4,20,0,0,0,20
02/09/2007,HLG,WV,AEA,CE,Federal Contract Tower,0,0,4,0,4,0,0,12,0,12,0,0,16,0,16,8,0,8,24
02/10/2007,HLG,WV,AEA,CE,Federal Contract Tower,0,0,4,0,4,0,0,47,0,47,0,0,51,0,51,66,0,66,117
02/11/2007,HLG,WV,AEA,CE,Federal Contract Tower,0,0,8,0,8,0,0,31,0,31,0,0,39,0,39,56,0,56,95
02/12/2007,HLG,WV,AEA,CE,Federal Contract Tower,0,2,2,0,4,0,0,25,0,25,0,2,27,0,29,54,0,54,83
02/13/2007,HLG,WV,AEA,CE,Federal Contract Tower,0,0,0,0,0,0,0,0,0,0,0,0,0,0,0,0,0,0,0
02/14/2007,HLG,WV,AEA,CE,Federal Contract Tower,0,0,0,0,0,0,0,0,0,0,0,0,0,0,0,0,0,0,0
02/15/2007,HLG,WV,AEA,CE,Federal Contract Tower,0,0,3,0,3,0,0,1,0,1,0,0,4,0,4,0,0,0,4
02/16/2007,HLG,WV,AEA,CE,Federal Contract Tower,0,0,5,0,5,0,0,4,0,4,0,0,9,0,9,10,0,10,19
02/17/2007,HLG,WV,AEA,CE,Federal Contract Tower,0,0,1,0,1,0,0,4,0,4,0,0,5,0,5,4,0,4,9
02/18/2007,HLG,WV,AEA,CE,Federal Contract Tower,0,0,0,0,0,0,0,0,0,0,0,0,0,0,0,0,0,0,0
02/19/2007,HLG,WV,AEA,CE,Federal Contract Tower,0,3,1,0,4,0,0,8,0,8,0,3,9,0,12,0,0,0,12
02/20/2007,HLG,WV,AEA,CE,Federal Contract Tower,0,2,1,0,3,0,0,2,0,2,0,2,3,0,5,0,0,0,5
02/21/2007,HLG,WV,AEA,CE,Federal Contract Tower,0,1,4,0,5,0,0,4,0,4,0,1,8,0,9,22,0,22,31
02/22/2007,HLG,WV,AEA,CE,Federal Contract Tower,0,5,3,0,8,0,0,5,14,19,0,5,8,14,27,0,6,6,33
02/23/2007,HLG,WV,AEA,CE,Federal Contract Tower,0,0,2,0,2,0,0,14,7,21,0,0,16,7,23,4,0,4,27
02/24/2007,HLG,WV,AEA,CE,Federal Contract Tower,0,0,3,0,3,0,0,77,0,77,0,0,80,0,80,242,0,242,322
02/25/2007,HLG,WV,AEA,CE,Federal Contract Tower,0,0,0,0,0,0,0,31,0,31,0,0,31,0,31,32,0,32,63
02/26/2007,HLG,WV,AEA,CE,Federal Contract Tower,0,0,0,0,0,0,0,2,0,2,0,0,2,0,2,0,0,0,2
02/27/2007,HLG,WV,AEA,CE,Federal Contract Tower,0,3,5,1,9,0,0,9,27,36,0,3,14,28,45,0,0,0,45
02/28/2007,HLG,WV,AEA,CE,Federal Contract Tower,0,2,8,0,10,0,0,55,0,55,0,2,63,0,65,118,0,118,183
03/01/2007,HLG,WV,AEA,CE,Federal Contract Tower,0,3,0,2,5,0,0,7,6,13,0,3,7,8,18,0,0,0,18
03/02/2007,HLG,WV,AEA,CE,Federal Contract Tower,0,0,3,0,3,0,0,0,2,2,0,0,3,2,5,0,0,0,5
03/03/2007,HLG,WV,AEA,CE,Federal Contract Tower,0,0,1,5,6,0,0,13,3,16,0,0,14,8,22,20,6,26,48
03/04/2007,HLG,WV,AEA,CE,Federal Contract Tower,0,0,1,0,1,0,0,0,0,0,0,0,1,0,1,0,0,0,1
03/05/2007,HLG,WV,AEA,CE,Federal Contract Tower,0,2,0,0,2,0,0,0,0,0,0,2,0,0,2,0,0,0,2
03/06/2007,HLG,WV,AEA,CE,Federal Contract Tower,0,3,10,4,17,0,2,75,4,81,0,5,85,8,98,60,0,60,158
03/07/2007,HLG,WV,AEA,CE,Federal Contract Tower,0,4,0,0,4,0,0,0,0,0,0,4,0,0,4,0,0,0,4
03/08/2007,HLG,WV,AEA,CE,Federal Contract Tower,0,6,1,3,10,0,2,28,12,42,0,8,29,15,52,72,0,72,124
03/09/2007,HLG,WV,AEA,CE,Federal Contract Tower,0,2,5,0,7,0,0,82,7,89,0,2,87,7,96,66,18,84,180
03/10/2007,HLG,WV,AEA,CE,Federal Contract Tower,0,0,13,0,13,0,0,19,0,19,0,0,32,0,32,30,0,30,62
03/11/2007,HLG,WV,AEA,CE,Federal Contract Tower,0,4,12,0,16,0,0,66,0,66,0,4,78,0,82,94,0,94,176
03/12/2007,HLG,WV,AEA,CE,Federal Contract Tower,0,1,2,0,3,0,6,78,0,84,0,7,80,0,87,128,0,128,215
03/13/2007,HLG,WV,AEA,CE,Federal Contract Tower,0,3,6,0,9,0,1,87,2,90,0,4,93,2,99,220,0,220,319
03/14/2007,HLG,WV,AEA,CE,Federal Contract Tower,0,1,9,0,10,0,0,7,0,7,0,1,16,0,17,0,0,0,17
03/15/2007,HLG,WV,AEA,CE,Federal Contract Tower,0,2,1,0,3,0,0,7,0,7,0,2,8,0,10,76,0,76,86
03/16/2007,HLG,WV,AEA,CE,Federal Contract Tower,0,2,0,0,2,0,0,0,0,0,0,2,0,0,2,0,0,0,2
03/17/2007,HLG,WV,AEA,CE,Federal Contract Tower,0,0,0,0,0,0,0,7,0,7,0,0,7,0,7,32,0,32,39
03/18/2007,HLG,WV,AEA,CE,Federal Contract Tower,0,0,6,0,6,0,0,49,0,49,0,0,55,0,55,106,0,106,161
03/19/2007,HLG,WV,AEA,CE,Federal Contract Tower,0,2,0,0,2,0,0,13,0,13,0,2,13,0,15,12,0,12,27
03/20/2007,HLG,WV,AEA,CE,Federal Contract Tower,0,8,9,1,18,0,0,105,7,112,0,8,114,8,130,338,0,338,468
03/21/2007,HLG,WV,AEA,CE,Federal Contract Tower,0,4,6,0,10,0,2,39,0,41,0,6,45,0,51,60,0,60,111
03/22/2007,HLG,WV,AEA,CE,Federal Contract Tower,0,2,3,1,6,0,0,0,3,3,0,2,3,4,9,0,0,0,9
03/23/2007,HLG,WV,AEA,CE,Federal Contract Tower,0,8,2,0,10,0,0,0,0,0,0,8,2,0,10,0,0,0,10
03/24/2007,HLG,WV,AEA,CE,Federal Contract Tower,0,0,0,0,0,0,0,26,0,26,0,0,26,0,26,78,0,78,104
03/25/2007,HLG,WV,AEA,CE,Federal Contract Tower,0,0,7,0,7,0,0,64,0,64,0,0,71,0,71,190,0,190,261
03/26/2007,HLG,WV,AEA,CE,Federal Contract Tower,0,0,9,0,9,0,0,17,0,17,0,0,26,0,26,40,0,40,66
03/27/2007,HLG,WV,AEA,CE,Federal Contract Tower,0,2,1,6,9,0,8,29,16,53,0,10,30,22,62,68,0,68,130
03/28/2007,HLG,WV,AEA,CE,Federal Contract Tower,0,3,0,0,3,0,1,43,0,44,0,4,43,0,47,70,0,70,117
03/29/2007,HLG,WV,AEA,CE,Federal Contract Tower,0,7,5,0,12,0,0,56,0,56,0,7,61,0,68,112,0,112,180
03/30/2007,HLG,WV,AEA,CE,Federal Contract Tower,0,0,12,0,12,0,0,59,12,71,0,0,71,12,83,80,0,80,163
03/31/2007,HLG,WV,AEA,CE,Federal Contract Tower,0,2,0,4,6,0,0,74,5,79,0,2,74,9,85,150,6,156,241
04/01/2007,HLG,WV,AEA,CE,Federal Contract Tower,0,2,2,0,4,0,0,36,0,36,0,2,38,0,40,86,0,86,126
04/02/2007,HLG,WV,AEA,CE,Federal Contract Tower,0,4,1,0,5,0,4,54,1,59,0,8,55,1,64,88,0,88,152
04/03/2007,HLG,WV,AEA,CE,Federal Contract Tower,0,4,6,1,11,0,0,79,1,80,0,4,85,2,91,142,0,142,233
04/04/2007,HLG,WV,AEA,CE,Federal Contract Tower,0,4,0,4,8,0,0,2,2,4,0,4,2,6,12,46,0,46,58
04/05/2007,HLG,WV,AEA,CE,Federal Contract Tower,0,6,0,2,8,0,0,0,0,0,0,6,0,2,8,0,0,0,8
04/06/2007,HLG,WV,AEA,CE,Federal Contract Tower,0,0,4,0,4,0,0,3,0,3,0,0,7,0,7,0,0,0,7
04/07/2007,HLG,WV,AEA,CE,Federal Contract Tower,0,0,2,0,2,0,0,53,0,53,0,0,55,0,55,32,0,32,87
04/08/2007,HLG,WV,AEA,CE,Federal Contract Tower,0,0,0,0,0,0,2,3,0,5,0,2,3,0,5,0,0,0,5
04/09/2007,HLG,WV,AEA,CE,Federal Contract Tower,0,2,4,0,6,0,0,15,0,15,0,2,19,0,21,0,0,0,21
04/10/2007,HLG,WV,AEA,CE,Federal Contract Tower,0,5,9,6,20,0,1,100,28,129,0,6,109,34,149,174,0,174,323
04/11/2007,HLG,WV,AEA,CE,Federal Contract Tower,0,6,6,0,12,0,0,12,0,12,0,6,18,0,24,0,0,0,24
04/12/2007,HLG,WV,AEA,CE,Federal Contract Tower,0,0,1,0,1,0,0,4,0,4,0,0,5,0,5,0,0,0,5
04/13/2007,HLG,WV,AEA,CE,Federal Contract Tower,0,5,3,0,8,0,0,24,0,24,0,5,27,0,32,42,0,42,74
04/14/2007,HLG,WV,AEA,CE,Federal Contract Tower,0,0,12,4,16,0,0,46,16,62,0,0,58,20,78,78,0,78,156
04/15/2007,HLG,WV,AEA,CE,Federal Contract Tower,0,2,1,2,5,0,0,0,2,2,0,2,1,4,7,0,50,50,57
04/16/2007,HLG,WV,AEA,CE,Federal Contract Tower,0,4,2,0,6,0,0,5,0,5,0,4,7,0,11,0,0,0,11
04/17/2007,HLG,WV,AEA,CE,Federal Contract Tower,0,9,3,0,12,0,2,45,30,77,0,11,48,30,89,0,0,0,89
04/18/2007,HLG,WV,AEA,CE,Federal Contract Tower,0,12,3,0,15,0,0,61,4,65,0,12,64,4,80,68,0,68,148
04/19/2007,HLG,WV,AEA,CE,Federal Contract Tower,0,3,1,9,13,0,0,26,5,31,0,3,27,14,44,120,0,120,164
04/20/2007,HLG,WV,AEA,CE,Federal Contract Tower,0,10,3,0,13,0,0,111,0,111,0,10,114,0,124,248,0,248,372
04/21/2007,HLG,WV,AEA,CE,Federal Contract Tower,0,1,8,0,9,0,3,77,0,80,0,4,85,0,89,130,0,130,219
04/22/2007,HLG,WV,AEA,CE,Federal Contract Tower,0,1,5,0,6,0,0,45,0,45,0,1,50,0,51,94,0,94,145
04/23/2007,HLG,WV,AEA,CE,Federal Contract Tower,0,1,3,0,4,0,1,24,4,29,0,2,27,4,33,0,0,0,33
04/24/2007,HLG,WV,AEA,CE,Federal Contract Tower,0,0,8,5,13,0,0,61,13,74,0,0,69,18,87,18,0,18,105
04/25/2007,HLG,WV,AEA,CE,Federal Contract Tower,0,8,3,2,13,0,2,9,4,15,0,10,12,6,28,0,0,0,28
04/26/2007,HLG,WV,AEA,CE,Federal Contract Tower,0,5,5,2,12,0,1,9,16,26,0,6,14,18,38,30,24,54,92
04/27/2007,HLG,WV,AEA,CE,Federal Contract Tower,0,2,8,0,10,0,0,25,4,29,0,2,33,4,39,8,0,8,47
04/28/2007,HLG,WV,AEA,CE,Federal Contract Tower,0,2,2,0,4,0,4,70,0,74,0,6,72,0,78,106,0,106,184
04/29/2007,HLG,WV,AEA,CE,Federal Contract Tower,0,4,6,0,10,0,0,65,0,65,0,4,71,0,75,132,0,132,207
04/30/2007,HLG,WV,AEA,CE,Federal Contract Tower,0,1,10,0,11,0,0,59,0,59,0,1,69,0,70,96,0,96,166
05/01/2007,HLG,WV,AEA,CE,Federal Contract Tower,0,0,1,1,2,0,0,15,7,22,0,0,16,8,24,0,0,0,24
05/02/2007,HLG,WV,AEA,CE,Federal Contract Tower,0,2,2,0,4,0,4,37,0,41,0,6,39,0,45,56,0,56,101
05/03/2007,HLG,WV,AEA,CE,Federal Contract Tower,0,8,16,4,28,0,0,52,8,60,0,8,68,12,88,38,0,38,126
05/04/2007,HLG,WV,AEA,CE,Federal Contract Tower,0,6,5,2,13,0,0,44,6,50,0,6,49,8,63,62,0,62,125
05/05/2007,HLG,WV,AEA,CE,Federal Contract Tower,0,0,6,0,6,0,0,49,4,53,0,0,55,4,59,134,0,134,193
05/06/2007,HLG,WV,AEA,CE,Federal Contract Tower,0,0,3,0,3,0,0,58,0,58,0,0,61,0,61,36,0,36,97
05/07/2007,HLG,WV,AEA,CE,Federal Contract Tower,0,4,7,0,11,0,0,81,0,81,0,4,88,0,92,102,0,102,194
05/08/2007,HLG,WV,AEA,CE,Federal Contract Tower,0,7,5,0,12,0,6,65,6,77,0,13,70,6,89,50,0,50,139
05/09/2007,HLG,WV,AEA,CE,Federal Contract Tower,0,0,2,2,4,0,1,73,14,88,0,1,75,16,92,88,0,88,180
05/10/2007,HLG,WV,AEA,CE,Federal Contract Tower,0,1,1,0,2,0,1,26,0,27,0,2,27,0,29,138,0,138,167
05/11/2007,HLG,WV,AEA,CE,Federal Contract Tower,0,2,4,0,6,0,0,31,0,31,0,2,35,0,37,38,0,38,75
05/12/2007,HLG,WV,AEA,CE,Federal Contract Tower,0,2,2,0,4,0,0,70,0,70,0,2,72,0,74,158,0,158,232
05/13/2007,HLG,WV,AEA,CE,Federal Contract Tower,0,0,2,0,2,0,0,52,0,52,0,0,54,0,54,128,0,128,182
05/14/2007,HLG,WV,AEA,CE,Federal Contract Tower,0,2,0,0,2,0,0,56,0,56,0,2,56,0,58,94,0,94,152
05/15/2007,HLG,WV,AEA,CE,Federal Contract Tower,0,4,5,0,9,0,0,51,6,57,0,4,56,6,66,90,0,90,156
05/16/2007,HLG,WV,AEA,CE,Federal Contract Tower,0,3,19,0,22,0,6,13,0,19,0,9,32,0,41,0,0,0,41
05/17/2007,HLG,WV,AEA,CE,Federal Contract Tower,0,5,3,8,16,0,0,28,18,46,0,5,31,26,62,52,0,52,114
05/18/2007,HLG,WV,AEA,CE,Federal Contract Tower,0,4,6,0,10,0,0,41,10,51,0,4,47,10,61,118,14,132,193
05/19/2007,HLG,WV,AEA,CE,Federal Contract Tower,0,0,2,0,2,0,0,66,2,68,0,0,68,2,70,106,0,106,176
05/20/2007,HLG,WV,AEA,CE,Federal Contract Tower,0,2,0,0,2,0,0,37,0,37,0,2,37,0,39,14,0,14,53
05/21/2007,HLG,WV,AEA,CE,Federal Contract Tower,0,1,5,2,8,0,0,70,0,70,0,1,75,2,78,212,12,224,302
05/22/2007,HLG,WV,AEA,CE,Federal Contract Tower,0,1,1,2,4,0,0,70,2,72,0,1,71,4,76,82,4,86,162
05/23/2007,HLG,WV,AEA,CE,Federal Contract Tower,0,3,5,2,10,0,5,60,6,71,0,8,65,8,81,82,0,82,163
05/24/2007,HLG,WV,AEA,CE,Federal Contract Tower,0,6,4,0,10,0,0,47,13,60,0,6,51,13,70,70,0,70,140
05/25/2007,HLG,WV,AEA,CE,Federal Contract Tower,0,5,2,0,7,0,0,54,0,54,0,5,56,0,61,10,0,10,71
05/26/2007,HLG,WV,AEA,CE,Federal Contract Tower,0,0,6,0,6,0,0,55,0,55,0,0,61,0,61,204,0,204,265
05/27/2007,HLG,WV,AEA,CE,Federal Contract Tower,0,3,0,0,3,0,0,22,0,22,0,3,22,0,25,4,0,4,29
05/28/2007,HLG,WV,AEA,CE,Federal Contract Tower,0,3,5,0,8,0,0,51,0,51,0,3,56,0,59,48,0,48,107
05/29/2007,HLG,WV,AEA,CE,Federal Contract Tower,0,8,0,0,8,0,0,78,2,80,0,8,78,2,88,162,0,162,250
05/30/2007,HLG,WV,AEA,CE,Federal Contract Tower,0,4,0,0,4,0,0,52,7,59,0,4,52,7,63,102,0,102,165
05/31/2007,HLG,WV,AEA,CE,Federal Contract Tower,0,4,5,2,11,0,13,32,13,58,0,17,37,15,69,44,0,44,113
06/01/2007,HLG,WV,AEA,CE,Federal Contract Tower,0,8,1,0,9,0,2,28,7,37,0,10,29,7,46,0,0,0,46
06/02/2007,HLG,WV,AEA,CE,Federal Contract Tower,0,0,6,2,8,0,0,36,2,38,0,0,42,4,46,44,0,44,90
06/03/2007,HLG,WV,AEA,CE,Federal Contract Tower,0,2,4,2,8,0,0,38,5,43,0,2,42,7,51,60,60,120,171
06/04/2007,HLG,WV,AEA,CE,Federal Contract Tower,0,11,5,0,16,0,1,61,4,66,0,12,66,4,82,44,0,44,126
06/05/2007,HLG,WV,AEA,CE,Federal Contract Tower,0,7,0,4,11,0,0,68,8,76,0,7,68,12,87,62,0,62,149
06/06/2007,HLG,WV,AEA,CE,Federal Contract Tower,0,7,13,0,20,0,8,93,22,123,0,15,106,22,143,114,0,114,257
06/07/2007,HLG,WV,AEA,CE,Federal Contract Tower,0,7,11,0,18,0,4,37,11,52,0,11,48,11,70,26,0,26,96
06/08/2007,HLG,WV,AEA,CE,Federal Contract Tower,0,8,2,0,10,0,4,54,0,58,0,12,56,0,68,94,0,94,162
06/09/2007,HLG,WV,AEA,CE,Federal Contract Tower,0,0,10,0,10,0,4,70,0,74,0,4,80,0,84,106,0,106,190
06/10/2007,HLG,WV,AEA,CE,Federal Contract Tower,0,0,2,0,2,0,0,61,0,61,0,0,63,0,63,118,0,118,181
06/11/2007,HLG,WV,AEA,CE,Federal Contract Tower,0,6,7,0,13,0,4,88,0,92,0,10,95,0,105,166,0,166,271
06/12/2007,HLG,WV,AEA,CE,Federal Contract Tower,0,1,5,0,6,0,0,21,0,21,0,1,26,0,27,30,0,30,57
06/13/2007,HLG,WV,AEA,CE,Federal Contract Tower,0,3,12,0,15,0,0,48,0,48,0,3,60,0,63,0,0,0,63
06/14/2007,HLG,WV,AEA,CE,Federal Contract Tower,0,2,0,0,2,0,0,22,2,24,0,2,22,2,26,78,0,78,104
06/15/2007,HLG,WV,AEA,CE,Federal Contract Tower,0,3,3,2,8,0,1,27,0,28,0,4,30,2,36,30,0,30,66
06/16/2007,HLG,WV,AEA,CE,Federal Contract Tower,0,0,1,0,1,0,2,70,0,72,0,2,71,0,73,100,0,100,173
06/17/2007,HLG,WV,AEA,CE,Federal Contract Tower,0,0,5,0,5,0,0,51,0,51,0,0,56,0,56,20,0,20,76
06/18/2007,HLG,WV,AEA,CE,Federal Contract Tower,0,1,4,2,7,0,0,33,0,33,0,1,37,2,40,52,0,52,92
06/19/2007,HLG,WV,AEA,CE,Federal Contract Tower,0,5,7,0,12,0,1,18,2,21,0,6,25,2,33,0,0,0,33
06/20/2007,HLG,WV,AEA,CE,Federal Contract Tower,0,12,0,0,12,0,0,44,2,46,0,12,44,2,58,0,0,0,58
06/21/2007,HLG,WV,AEA,CE,Federal Contract Tower,0,9,2,0,11,0,0,39,7,46,0,9,41,7,57,10,42,52,109
06/22/2007,HLG,WV,AEA,CE,Federal Contract Tower,0,2,2,0,4,0,0,45,2,47,0,2,47,2,51,68,0,68,119
06/23/2007,HLG,WV,AEA,CE,Federal Contract Tower,0,1,6,0,7,0,0,57,0,57,0,1,63,0,64,138,0,138,202
06/24/2007,HLG,WV,AEA,CE,Federal Contract Tower,0,3,3,0,6,0,0,33,0,33,0,3,36,0,39,48,0,48,87
06/25/2007,HLG,WV,AEA,CE,Federal Contract Tower,0,4,5,1,10,0,0,64,4,68,0,4,69,5,78,144,0,144,222
06/26/2007,HLG,WV,AEA,CE,Federal Contract Tower,0,4,7,0,11,0,0,68,0,68,0,4,75,0,79,26,0,26,105
06/27/2007,HLG,WV,AEA,CE,Federal Contract Tower,0,1,8,0,9,0,0,10,0,10,0,1,18,0,19,0,0,0,19
06/28/2007,HLG,WV,AEA,CE,Federal Contract Tower,0,4,1,2,7,0,0,7,0,7,0,4,8,2,14,0,0,0,14
06/29/2007,HLG,WV,AEA,CE,Federal Contract Tower,0,2,3,0,5,0,0,32,0,32,0,2,35,0,37,42,0,42,79
06/30/2007,HLG,WV,AEA,CE,Federal Contract Tower,0,0,0,0,0,0,64,0,0,64,0,64,0,0,64,140,0,140,204
07/01/2007,HLG,WV,AEA,CE,Federal Contract Tower,0,1,4,0,5,0,0,68,2,70,0,1,72,2,75,102,0,102,177
07/02/2007,HLG,WV,AEA,CE,Federal Contract Tower,0,3,0,0,3,0,2,79,0,81,0,5,79,0,84,50,0,50,134
07/03/2007,HLG,WV,AEA,CE,Federal Contract Tower,0,0,4,5,9,0,0,67,13,80,0,0,71,18,89,196,0,196,285
07/04/2007,HLG,WV,AEA,CE,Federal Contract Tower,0,0,6,0,6,0,2,2,4,8,0,2,8,4,14,0,30,30,44
07/05/2007,HLG,WV,AEA,CE,Federal Contract Tower,0,0,0,0,0,0,0,3,0,3,0,0,3,0,3,22,0,22,25
07/06/2007,HLG,WV,AEA,CE,Federal Contract Tower,0,4,2,0,6,0,0,22,0,22,0,4,24,0,28,0,0,0,28
07/07/2007,HLG,WV,AEA,CE,Federal Contract Tower,0,0,3,0,3,0,0,36,0,36,0,0,39,0,39,38,0,38,77
07/08/2007,HLG,WV,AEA,CE,Federal Contract Tower,0,1,2,0,3,0,4,43,0,47,0,5,45,0,50,0,0,0,50
07/09/2007,HLG,WV,AEA,CE,Federal Contract Tower,0,2,24,0,26,0,4,60,0,64,0,6,84,0,90,56,0,56,146
07/10/2007,HLG,WV,AEA,CE,Federal Contract Tower,0,3,6,5,14,0,0,60,7,67,0,3,66,12,81,142,0,142,223
07/11/2007,HLG,WV,AEA,CE,Federal Contract Tower,0,4,6,2,12,0,4,4,2,10,0,8,10,4,22,0,0,0,22
07/12/2007,HLG,WV,AEA,CE,Federal Contract Tower,0,3,4,6,13,0,0,40,8,48,0,3,44,14,61,110,0,110,171
07/13/2007,HLG,WV,AEA,CE,Federal Contract Tower,0,2,5,0,7,0,12,28,3,43,0,14,33,3,50,48,0,48,98
07/14/2007,HLG,WV,AEA,CE,Federal Contract Tower,0,2,0,0,2,0,0,67,0,67,0,2,67,0,69,46,16,62,131
07/15/2007,HLG,WV,AEA,CE,Federal Contract Tower,0,0,0,2,2,0,1,63,0,64,0,1,63,2,66,68,0,68,134
07/16/2007,HLG,WV,AEA,CE,Federal Contract Tower,0,3,6,0,9,0,0,63,0,63,0,3,69,0,72,130,0,130,202
07/17/2007,HLG,WV,AEA,CE,Federal Contract Tower,0,9,6,5,20,0,1,72,11,84,0,10,78,16,104,120,0,120,224
07/18/2007,HLG,WV,AEA,CE,Federal Contract Tower,0,1,2,0,3,0,0,38,0,38,0,1,40,0,41,0,0,0,41
07/19/2007,HLG,WV,AEA,CE,Federal Contract Tower,0,10,0,4,14,0,0,4,4,8,0,10,4,8,22,28,0,28,50
07/20/2007,HLG,WV,AEA,CE,Federal Contract Tower,0,3,4,0,7,0,2,43,2,47,0,5,47,2,54,8,0,8,62
07/21/2007,HLG,WV,AEA,CE,Federal Contract Tower,0,1,2,2,5,0,1,37,13,51,0,2,39,15,56,20,10,30,86
07/22/2007,HLG,WV,AEA,CE,Federal Contract Tower,0,0,4,0,4,0,4,48,0,52,0,4,52,0,56,94,0,94,150
07/23/2007,HLG,WV,AEA,CE,Federal Contract Tower,0,1,2,0,3,0,0,64,0,64,0,1,66,0,67,108,0,108,175
07/24/2007,HLG,WV,AEA,CE,Federal Contract Tower,0,0,5,4,9,0,0,55,8,63,0,0,60,12,72,32,0,32,104
07/25/2007,HLG,WV,AEA,CE,Federal Contract Tower,0,0,16,6,22,0,0,29,6,35,0,0,45,12,57,0,0,0,57
07/26/2007,HLG,WV,AEA,CE,Federal Contract Tower,0,0,3,4,7,0,0,31,16,47,0,0,34,20,54,12,0,12,66
07/27/2007,HLG,WV,AEA,CE,Federal Contract Tower,0,4,2,11,17,0,2,14,0,16,0,6,16,11,33,34,0,34,67
07/28/2007,HLG,WV,AEA,CE,Federal Contract Tower,0,3,3,0,6,0,0,40,0,40,0,3,43,0,46,0,0,0,46
07/29/2007,HLG,WV,AEA,CE,Federal Contract Tower,0,1,2,0,3,0,0,33,0,33,0,1,35,0,36,0,0,0,36
07/30/2007,HLG,WV,AEA,CE,Federal Contract Tower,0,3,4,0,7,0,2,26,0,28,0,5,30,0,35,0,0,0,35
07/31/2007,HLG,WV,AEA,CE,Federal Contract Tower,0,0,3,3,6,0,0,78,7,85,0,0,81,10,91,78,0,78,169
08/01/2007,HLG,WV,AEA,CE,Federal Contract Tower,0,7,8,0,15,0,0,51,6,57,0,7,59,6,72,78,0,78,150
08/02/2007,HLG,WV,AEA,CE,Federal Contract Tower,0,3,5,2,10,0,6,61,18,85,0,9,66,20,95,74,0,74,169
08/03/2007,HLG,WV,AEA,CE,Federal Contract Tower,0,0,3,4,7,0,4,29,11,44,0,4,32,15,51,18,0,18,69
08/04/2007,HLG,WV,AEA,CE,Federal Contract Tower,0,0,1,0,1,0,2,52,5,59,0,2,53,5,60,104,0,104,164
08/05/2007,HLG,WV,AEA,CE,Federal Contract Tower,0,4,6,0,10,0,0,0,0,0,0,4,6,0,10,0,0,0,10
08/06/2007,HLG,WV,AEA,CE,Federal Contract Tower,0,2,1,0,3,0,0,6,0,6,0,2,7,0,9,0,0,0,9
08/07/2007,HLG,WV,AEA,CE,Federal Contract Tower,0,2,12,1,15,0,0,49,3,52,0,2,61,4,67,12,0,12,79
08/08/2007,HLG,WV,AEA,CE,Federal Contract Tower,0,0,5,2,7,0,0,22,1,23,0,0,27,3,30,34,0,34,64
08/09/2007,HLG,WV,AEA,CE,Federal Contract Tower,0,3,8,0,11,0,0,2,0,2,0,3,10,0,13,2,0,2,15
08/10/2007,HLG,WV,AEA,CE,Federal Contract Tower,0,11,7,0,18,0,0,20,0,20,0,11,27,0,38,12,0,12,50
08/11/2007,HLG,WV,AEA,CE,Federal Contract Tower,0,1,1,0,2,0,0,61,4,65,0,1,62,4,67,86,0,86,153
08/12/2007,HLG,WV,AEA,CE,Federal Contract Tower,0,3,2,0,5,0,0,62,2,64,0,3,64,2,69,30,0,30,99
08/13/2007,HLG,WV,AEA,CE,Federal Contract Tower,0,4,3,0,7,0,2,75,0,77,0,6,78,0,84,52,0,52,136
08/14/2007,HLG,WV,AEA,CE,Federal Contract Tower,0,1,3,0,4,0,0,65,0,65,0,1,68,0,69,96,0,96,165
08/15/2007,HLG,WV,AEA,CE,Federal Contract Tower,0,6,4,0,10,0,0,62,4,66,0,6,66,4,76,38,0,38,114
08/16/2007,HLG,WV,AEA,CE,Federal Contract Tower,0,3,2,0,5,0,0,3,2,5,0,3,5,2,10,0,0,0,10
08/17/2007,HLG,WV,AEA,CE,Federal Contract Tower,0,7,2,0,9,0,0,63,4,67,0,7,65,4,76,18,0,18,94
08/18/2007,HLG,WV,AEA,CE,Federal Contract Tower,0,3,2,0,5,0,2,70,3,75,0,5,72,3,80,78,0,78,158
08/19/2007,HLG,WV,AEA,CE,Federal Contract Tower,0,4,1,0,5,0,0,35,0,35,0,4,36,0,40,42,0,42,82
08/20/2007,HLG,WV,AEA,CE,Federal Contract Tower,0,2,0,0,2,0,0,0,0,0,0,2,0,0,2,0,0,0,2
08/21/2007,HLG,WV,AEA,CE,Federal Contract Tower,0,0,7,0,7,0,0,27,0,27,0,0,34,0,34,58,0,58,92
08/22/2007,HLG,WV,AEA,CE,Federal Contract Tower,0,4,2,2,8,0,0,3,0,3,0,4,5,2,11,14,0,14,25
08/23/2007,HLG,WV,AEA,CE,Federal Contract Tower,0,5,7,0,12,0,0,4,0,4,0,5,11,0,16,0,0,0,16
08/24/2007,HLG,WV,AEA,CE,Federal Contract Tower,0,8,3,2,13,0,2,36,4,42,0,10,39,6,55,28,0,28,83
08/25/2007,HLG,WV,AEA,CE,Federal Contract Tower,0,0,0,0,0,0,3,0,0,3,0,3,0,0,3,0,0,0,3
08/26/2007,HLG,WV,AEA,CE,Federal Contract Tower,0,0,0,0,0,0,0,19,0,19,0,0,19,0,19,0,0,0,19
08/27/2007,HLG,WV,AEA,CE,Federal Contract Tower,0,4,4,0,8,0,2,63,5,70,0,6,67,5,78,32,0,32,110
08/28/2007,HLG,WV,AEA,CE,Federal Contract Tower,0,2,6,1,9,0,0,47,11,58,0,2,53,12,67,92,0,92,159
08/29/2007,HLG,WV,AEA,CE,Federal Contract Tower,0,2,5,0,7,0,0,51,2,53,0,2,56,2,60,26,0,26,86
08/30/2007,HLG,WV,AEA,CE,Federal Contract Tower,0,3,0,0,3,0,4,32,0,36,0,7,32,0,39,30,0,30,69
08/31/2007,HLG,WV,AEA,CE,Federal Contract Tower,0,2,6,6,14,0,4,46,0,50,0,6,52,6,64,80,2,82,146
09/01/2007,HLG,WV,AEA,CE,Federal Contract Tower,0,0,0,0,0,0,0,96,0,96,0,0,96,0,96,26,0,26,122
09/02/2007,HLG,WV,AEA,CE,Federal Contract Tower,0,1,6,0,7,0,0,58,0,58,0,1,64,0,65,46,0,46,111
09/03/2007,HLG,WV,AEA,CE,Federal Contract Tower,0,0,0,0,0,0,0,44,0,44,0,0,44,0,44,18,0,18,62
09/04/2007,HLG,WV,AEA,CE,Federal Contract Tower,0,6,7,5,18,0,0,61,9,70,0,6,68,14,88,130,0,130,218
09/05/2007,HLG,WV,AEA,CE,Federal Contract Tower,0,0,2,0,2,0,2,60,6,68,0,2,62,6,70,56,0,56,126
09/06/2007,HLG,WV,AEA,CE,Federal Contract Tower,0,8,8,8,24,0,4,53,16,73,0,12,61,24,97,80,0,80,177
09/07/2007,HLG,WV,AEA,CE,Federal Contract Tower,0,1,21,2,24,0,0,149,6,155,0,1,170,8,179,198,0,198,377
09/08/2007,HLG,WV,AEA,CE,Federal Contract Tower,0,0,14,0,14,0,0,130,0,130,0,0,144,0,144,158,0,158,302
09/09/2007,HLG,WV,AEA,CE,Federal Contract Tower,0,4,10,0,14,0,0,50,0,50,0,4,60,0,64,50,0,50,114
09/10/2007,HLG,WV,AEA,CE,Federal Contract Tower,0,1,7,2,10,0,0,17,0,17,0,1,24,2,27,0,0,0,27
09/11/2007,HLG,WV,AEA,CE,Federal Contract Tower,0,4,2,0,6,0,0,17,0,17,0,4,19,0,23,76,0,76,99
09/12/2007,HLG,WV,AEA,CE,Federal Contract Tower,0,4,17,2,23,0,0,55,6,61,0,4,72,8,84,146,0,146,230
09/13/2007,HLG,WV,AEA,CE,Federal Contract Tower,0,1,10,0,11,0,6,93,12,111,0,7,103,12,122,78,0,78,200
09/14/2007,HLG,WV,AEA,CE,Federal Contract Tower,0,4,3,0,7,0,0,36,6,42,0,4,39,6,49,36,0,36,85
09/15/2007,HLG,WV,AEA,CE,Federal Contract Tower,0,2,9,0,11,0,0,52,0,52,0,2,61,0,63,62,0,62,125
09/16/2007,HLG,WV,AEA,CE,Federal Contract Tower,0,1,6,0,7,0,0,55,2,57,0,1,61,2,64,60,0,60,124
09/17/2007,HLG,WV,AEA,CE,Federal Contract Tower,0,10,4,0,14,0,2,88,0,90,0,12,92,0,104,118,0,118,222
09/18/2007,HLG,WV,AEA,CE,Federal Contract Tower,0,10,0,4,14,0,0,65,7,72,0,10,65,11,86,74,40,114,200
09/19/2007,HLG,WV,AEA,CE,Federal Contract Tower,0,4,7,2,13,0,4,48,6,58,0,8,55,8,71,26,0,26,97
09/20/2007,HLG,WV,AEA,CE,Federal Contract Tower,0,6,3,0,9,0,0,52,2,54,0,6,55,2,63,24,0,24,87
09/21/2007,HLG,WV,AEA,CE,Federal Contract Tower,0,7,5,0,12,0,4,56,0,60,0,11,61,0,72,44,0,44,116
09/22/2007,HLG,WV,AEA,CE,Federal Contract Tower,0,0,0,0,0,0,0,64,0,64,0,0,64,0,64,40,0,40,104
09/23/2007,HLG,WV,AEA,CE,Federal Contract Tower,0,2,2,0,4,0,0,76,0,76,0,2,78,0,80,98,0,98,178
09/24/2007,HLG,WV,AEA,CE,Federal Contract Tower,0,6,2,2,10,0,0,76,0,76,0,6,78,2,86,110,0,110,196
09/25/2007,HLG,WV,AEA,CE,Federal Contract Tower,0,7,3,0,10,0,0,81,0,81,0,7,84,0,91,140,0,140,231
09/26/2007,HLG,WV,AEA,CE,Federal Contract Tower,0,5,6,0,11,0,0,52,18,70,0,5,58,18,81,30,0,30,111
09/27/2007,HLG,WV,AEA,CE,Federal Contract Tower,0,6,2,0,8,0,0,3,0,3,0,6,5,0,11,34,0,34,45
09/28/2007,HLG,WV,AEA,CE,Federal Contract Tower,0,7,2,0,9,0,2,32,0,34,0,9,34,0,43,36,0,36,79
09/29/2007,HLG,WV,AEA,CE,Federal Contract Tower,0,4,6,0,10,0,0,89,0,89,0,4,95,0,99,196,0,196,295
09/30/2007,HLG,WV,AEA,CE,Federal Contract Tower,0,4,12,1,17,0,3,161,0,164,0,7,173,1,181,140,0,140,321
10/01/2007,HLG,WV,AEA,CE,Federal Contract Tower,0,10,1,0,11,0,0,78,0,78,0,10,79,0,89,46,0,46,135
10/02/2007,HLG,WV,AEA,CE,Federal Contract Tower,0,6,11,0,17,0,0,79,16,95,0,6,90,16,112,154,0,154,266
10/03/2007,HLG,WV,AEA,CE,Federal Contract Tower,0,11,3,0,14,0,0,50,8,58,0,11,53,8,72,46,0,46,118
10/04/2007,HLG,WV,AEA,CE,Federal Contract Tower,0,8,7,4,19,0,0,56,0,56,0,8,63,4,75,57,0,57,132
10/05/2007,HLG,WV,AEA,CE,Federal Contract Tower,0,2,8,0,10,0,3,53,4,60,0,5,61,4,70,86,0,86,156
10/06/2007,HLG,WV,AEA,CE,Federal Contract Tower,0,2,8,0,10,0,3,70,0,73,0,5,78,0,83,78,0,78,161
10/07/2007,HLG,WV,AEA,CE,Federal Contract Tower,0,1,5,0,6,0,0,59,0,59,0,1,64,0,65,74,0,74,139
10/08/2007,HLG,WV,AEA,CE,Federal Contract Tower,0,5,2,0,7,0,0,72,0,72,0,5,74,0,79,160,0,160,239
10/09/2007,HLG,WV,AEA,CE,Federal Contract Tower,0,3,5,1,9,0,0,83,3,86,0,3,88,4,95,76,0,76,171
10/10/2007,HLG,WV,AEA,CE,Federal Contract Tower,0,5,4,6,15,0,0,70,4,74,0,5,74,10,89,136,0,136,225
10/11/2007,HLG,WV,AEA,CE,Federal Contract Tower,0,10,23,0,33,0,0,0,0,0,0,10,23,0,33,46,0,46,79
10/12/2007,HLG,WV,AEA,CE,Federal Contract Tower,0,10,2,0,12,0,1,43,0,44,0,11,45,0,56,58,0,58,114
10/13/2007,HLG,WV,AEA,CE,Federal Contract Tower,0,2,3,8,13,0,0,53,1,54,0,2,56,9,67,122,2,124,191
10/14/2007,HLG,WV,AEA,CE,Federal Contract Tower,0,6,0,0,6,0,0,64,0,64,0,6,64,0,70,102,0,102,172
10/15/2007,HLG,WV,AEA,CE,Federal Contract Tower,0,1,6,0,7,0,0,71,2,73,0,1,77,2,80,60,0,60,140
10/16/2007,HLG,WV,AEA,CE,Federal Contract Tower,0,14,2,1,17,0,1,65,3,69,0,15,67,4,86,122,0,122,208
10/17/2007,HLG,WV,AEA,CE,Federal Contract Tower,0,9,1,2,12,0,0,43,0,43,0,9,44,2,55,32,0,32,87
10/18/2007,HLG,WV,AEA,CE,Federal Contract Tower,0,13,7,4,24,0,0,5,2,7,0,13,12,6,31,0,0,0,31
10/19/2007,HLG,WV,AEA,CE,Federal Contract Tower,0,2,4,0,6,0,3,11,0,14,0,5,15,0,20,92,0,92,112
10/20/2007,HLG,WV,AEA,CE,Federal Contract Tower,0,11,17,0,28,0,0,47,2,49,0,11,64,2,77,144,0,144,221
10/21/2007,HLG,WV,AEA,CE,Federal Contract Tower,0,3,2,2,7,0,0,82,0,82,0,3,84,2,89,38,0,38,127
10/22/2007,HLG,WV,AEA,CE,Federal Contract Tower,0,5,1,0,6,0,5,22,4,31,0,10,23,4,37,16,2,18,55
10/23/2007,HLG,WV,AEA,CE,Federal Contract Tower,0,8,3,2,13,0,1,0,2,3,0,9,3,4,16,2,0,2,18
10/24/2007,HLG,WV,AEA,CE,Federal Contract Tower,0,7,6,8,21,0,0,10,0,10,0,7,16,8,31,44,0,44,75
10/25/2007,HLG,WV,AEA,CE,Federal Contract Tower,0,11,1,4,16,0,0,25,0,25,0,11,26,4,41,102,0,102,143
10/26/2007,HLG,WV,AEA,CE,Federal Contract Tower,0,0,2,2,4,0,0,0,0,0,0,0,2,2,4,0,0,0,4
10/27/2007,HLG,WV,AEA,CE,Federal Contract Tower,0,5,5,0,10,0,0,1,0,1,0,5,6,0,11,0,0,0,11
10/28/2007,HLG,WV,AEA,CE,Federal Contract Tower,0,2,3,0,5,0,0,35,0,35,0,2,38,0,40,46,0,46,86
10/29/2007,HLG,WV,AEA,CE,Federal Contract Tower,0,5,1,0,6,0,0,32,0,32,0,5,33,0,38,18,0,18,56
10/30/2007,HLG,WV,AEA,CE,Federal Contract Tower,0,3,0,0,3,0,2,84,0,86,0,5,84,0,89,128,0,128,217
10/31/2007,HLG,WV,AEA,CE,Federal Contract Tower,0,3,0,0,3,0,0,23,0,23,0,3,23,0,26,30,0,30,56
11/01/2007,HLG,WV,AEA,CE,Federal Contract Tower,0,4,1,2,7,0,0,40,2,42,0,4,41,4,49,72,0,72,121
11/02/2007,HLG,WV,AEA,CE,Federal Contract Tower,0,9,1,2,12,0,2,70,12,84,0,11,71,14,96,54,20,74,170
11/03/2007,HLG,WV,AEA,CE,Federal Contract Tower,0,0,12,4,16,0,0,60,14,74,0,0,72,18,90,162,18,180,270
11/04/2007,HLG,WV,AEA,CE,Federal Contract Tower,0,1,7,2,10,0,0,44,22,66,0,1,51,24,76,102,138,240,316
11/05/2007,HLG,WV,AEA,CE,Federal Contract Tower,0,2,1,0,3,0,0,4,1,5,0,2,5,1,8,0,0,0,8
11/06/2007,HLG,WV,AEA,CE,Federal Contract Tower,0,2,1,2,5,0,0,2,0,2,0,2,3,2,7,12,0,12,19
11/07/2007,HLG,WV,AEA,CE,Federal Contract Tower,0,6,1,0,7,0,0,29,2,31,0,6,30,2,38,34,0,34,72
11/08/2007,HLG,WV,AEA,CE,Federal Contract Tower,0,8,0,0,8,0,0,37,2,39,0,8,37,2,47,40,0,40,87
11/09/2007,HLG,WV,AEA,CE,Federal Contract Tower,0,3,0,0,3,0,0,36,6,42,0,3,36,6,45,22,18,40,85
11/10/2007,HLG,WV,AEA,CE,Federal Contract Tower,0,4,13,0,17,0,0,36,0,36,0,4,49,0,53,140,0,140,193
11/11/2007,HLG,WV,AEA,CE,Federal Contract Tower,0,2,3,0,5,0,0,31,0,31,0,2,34,0,36,0,0,0,36
11/12/2007,HLG,WV,AEA,CE,Federal Contract Tower,0,3,8,4,15,0,0,52,0,52,0,3,60,4,67,174,0,174,241
11/13/2007,HLG,WV,AEA,CE,Federal Contract Tower,0,6,0,4,10,0,0,57,0,57,0,6,57,4,67,168,0,168,235
11/14/2007,HLG,WV,AEA,CE,Federal Contract Tower,0,2,6,0,8,0,0,15,0,15,0,2,21,0,23,62,0,62,85
11/15/2007,HLG,WV,AEA,CE,Federal Contract Tower,0,7,4,0,11,0,0,12,0,12,0,7,16,0,23,28,0,28,51
11/16/2007,HLG,WV,AEA,CE,Federal Contract Tower,0,0,0,0,0,0,0,24,3,27,0,0,24,3,27,30,6,36,63
11/17/2007,HLG,WV,AEA,CE,Federal Contract Tower,0,1,3,0,4,0,0,38,0,38,0,1,41,0,42,150,0,150,192
11/18/2007,HLG,WV,AEA,CE,Federal Contract Tower,0,0,3,0,3,0,0,1,0,1,0,0,4,0,4,6,0,6,10
11/19/2007,HLG,WV,AEA,CE,Federal Contract Tower,0,3,15,0,18,0,0,66,0,66,0,3,81,0,84,112,0,112,196
11/20/2007,HLG,WV,AEA,CE,Federal Contract Tower,0,2,6,0,8,0,0,21,0,21,0,2,27,0,29,96,0,96,125
11/21/2007,HLG,WV,AEA,CE,Federal Contract Tower,0,2,8,10,20,0,0,32,10,42,0,2,40,20,62,36,0,36,98
11/22/2007,HLG,WV,AEA,CE,Federal Contract Tower,0,0,0,0,0,0,0,0,0,0,0,0,0,0,0,0,0,0,0
11/23/2007,HLG,WV,AEA,CE,Federal Contract Tower,0,6,0,0,6,0,0,5,0,5,0,6,5,0,11,14,0,14,25
11/24/2007,HLG,WV,AEA,CE,Federal Contract Tower,0,0,6,0,6,0,2,53,0,55,0,2,59,0,61,52,0,52,113
11/25/2007,HLG,WV,AEA,CE,Federal Contract Tower,0,1,4,0,5,0,1,67,0,68,0,2,71,0,73,96,0,96,169
11/26/2007,HLG,WV,AEA,CE,Federal Contract Tower,0,4,0,0,4,0,0,0,0,0,0,4,0,0,4,0,0,0,4
11/27/2007,HLG,WV,AEA,CE,Federal Contract Tower,0,0,3,4,7,0,0,43,2,45,0,0,46,6,52,42,0,42,94
11/28/2007,HLG,WV,AEA,CE,Federal Contract Tower,0,4,0,0,4,0,0,59,0,59,0,4,59,0,63,116,0,116,179
11/29/2007,HLG,WV,AEA,CE,Federal Contract Tower,0,3,0,0,3,0,0,23,30,53,0,3,23,30,56,6,0,6,62
11/30/2007,HLG,WV,AEA,CE,Federal Contract Tower,0,6,8,0,14,0,0,33,16,49,0,6,41,16,63,42,42,84,147
12/01/2007,HLG,WV,AEA,CE,Federal Contract Tower,0,0,3,0,3,0,0,53,0,53,0,0,56,0,56,114,0,114,170
12/02/2007,HLG,WV,AEA,CE,Federal Contract Tower,0,1,1,0,2,0,0,0,0,0,0,1,1,0,2,0,0,0,2
12/03/2007,HLG,WV,AEA,CE,Federal Contract Tower,0,8,2,0,10,0,0,0,0,0,0,8,2,0,10,0,0,0,10
12/04/2007,HLG,WV,AEA,CE,Federal Contract Tower,0,3,0,5,8,0,0,7,5,12,0,3,7,10,20,0,0,0,20
12/05/2007,HLG,WV,AEA,CE,Federal Contract Tower,0,1,0,0,1,0,0,0,0,0,0,1,0,0,1,0,0,0,1
12/06/2007,HLG,WV,AEA,CE,Federal Contract Tower,0,6,6,2,14,0,4,31,16,51,0,10,37,18,65,30,0,30,95
12/07/2007,HLG,WV,AEA,CE,Federal Contract Tower,0,0,0,0,0,0,0,0,0,0,0,0,0,0,0,0,0,0,0
12/08/2007,HLG,WV,AEA,CE,Federal Contract Tower,0,0,0,7,7,0,0,40,14,54,0,0,40,21,61,58,96,154,215
12/09/2007,HLG,WV,AEA,CE,Federal Contract Tower,0,0,0,0,0,0,0,0,0,0,0,0,0,0,0,0,0,0,0
12/10/2007,HLG,WV,AEA,CE,Federal Contract Tower,0,0,0,0,0,0,6,0,0,6,0,6,0,0,6,0,0,0,6
12/11/2007,HLG,WV,AEA,CE,Federal Contract Tower,0,11,2,0,13,0,1,5,0,6,0,12,7,0,19,0,0,0,19
12/12/2007,HLG,WV,AEA,CE,Federal Contract Tower,0,10,3,6,19,0,2,16,4,22,0,12,19,10,41,18,34,52,93
12/13/2007,HLG,WV,AEA,CE,Federal Contract Tower,0,5,0,2,7,0,0,1,0,1,0,5,1,2,8,0,0,0,8
12/14/2007,HLG,WV,AEA,CE,Federal Contract Tower,0,3,5,0,8,0,0,25,10,35,0,3,30,10,43,46,24,70,113
12/15/2007,HLG,WV,AEA,CE,Federal Contract Tower,0,0,8,0,8,0,0,9,0,9,0,0,17,0,17,8,0,8,25
12/16/2007,HLG,WV,AEA,CE,Federal Contract Tower,0,2,0,0,2,0,0,0,0,0,0,2,0,0,2,0,0,0,2
12/17/2007,HLG,WV,AEA,CE,Federal Contract Tower,0,4,0,0,4,0,0,30,4,34,0,4,30,4,38,82,0,82,120
12/18/2007,HLG,WV,AEA,CE,Federal Contract Tower,0,7,4,4,15,0,0,72,20,92,0,7,76,24,107,236,32,268,375
12/19/2007,HLG,WV,AEA,CE,Federal Contract Tower,0,3,3,0,6,0,4,49,17,70,0,7,52,17,76,56,102,158,234
12/20/2007,HLG,WV,AEA,CE,Federal Contract Tower,0,7,4,4,15,0,0,34,8,42,0,7,38,12,57,56,0,56,113
12/21/2007,HLG,WV,AEA,CE,Federal Contract Tower,0,8,0,0,8,0,5,36,12,53,0,13,36,12,61,54,130,184,245
12/22/2007,HLG,WV,AEA,CE,Federal Contract Tower,0,1,4,0,5,0,0,58,3,61,0,1,62,3,66,108,0,108,174
12/23/2007,HLG,WV,AEA,CE,Federal Contract Tower,0,2,1,0,3,0,0,0,0,0,0,2,1,0,3,0,0,0,3
12/24/2007,HLG,WV,AEA,CE,Federal Contract Tower,0,0,0,0,0,0,0,2,0,2,0,0,2,0,2,0,0,0,2
12/25/2007,HLG,WV,AEA,CE,Federal Contract Tower,0,0,0,0,0,0,0,7,0,7,0,0,7,0,7,0,0,0,7
12/26/2007,HLG,WV,AEA,CE,Federal Contract Tower,0,2,2,0,4,0,8,42,0,50,0,10,44,0,54,92,0,92,146
12/27/2007,HLG,WV,AEA,CE,Federal Contract Tower,0,2,0,0,2,0,0,2,0,2,0,2,2,0,4,0,0,0,4
12/28/2007,HLG,WV,AEA,CE,Federal Contract Tower,0,2,12,0,14,0,0,36,0,36,0,2,48,0,50,104,0,104,154
12/29/2007,HLG,WV,AEA,CE,Federal Contract Tower,0,0,0,0,0,0,0,59,0,59,0,0,59,0,59,168,0,168,227
12/30/2007,HLG,WV,AEA,CE,Federal Contract Tower,0,0,2,0,2,0,4,34,0,38,0,4,36,0,40,120,0,120,160
12/31/2007,HLG,WV,AEA,CE,Federal Contract Tower,0,0,2,0,2,0,0,38,2,40,0,0,40,2,42,236,0,236,278
01/01/2008,HLG,WV,AEA,CE,Federal Contract Tower,0,0,0,0,0,0,0,4,0,4,0,0,4,0,4,92,0,92,96
01/02/2008,HLG,WV,AEA,CE,Federal Contract Tower,0,4,0,0,4,0,0,2,0,2,0,4,2,0,6,0,0,0,6
01/03/2008,HLG,WV,AEA,CE,Federal Contract Tower,0,2,0,5,7,0,0,9,13,22,0,2,9,18,29,0,40,40,69
01/04/2008,HLG,WV,AEA,CE,Federal Contract Tower,0,1,10,0,11,0,2,34,18,54,0,3,44,18,65,40,168,208,273
01/05/2008,HLG,WV,AEA,CE,Federal Contract Tower,0,0,7,2,9,0,0,34,14,48,0,0,41,16,57,42,62,104,161
01/06/2008,HLG,WV,AEA,CE,Federal Contract Tower,0,0,2,1,3,0,0,26,35,61,0,0,28,36,64,116,164,280,344
01/07/2008,HLG,WV,AEA,CE,Federal Contract Tower,0,2,0,0,2,0,0,46,0,46,0,2,46,0,48,94,0,94,142
01/08/2008,HLG,WV,AEA,CE,Federal Contract Tower,0,4,1,5,10,0,0,50,21,71,0,4,51,26,81,50,58,108,189
01/09/2008,HLG,WV,AEA,CE,Federal Contract Tower,0,0,2,1,3,0,0,27,11,38,0,0,29,12,41,28,0,28,69
01/10/2008,HLG,WV,AEA,CE,Federal Contract Tower,0,12,3,4,19,0,14,47,20,81,0,26,50,24,100,36,94,130,230
01/11/2008,HLG,WV,AEA,CE,Federal Contract Tower,0,10,1,4,15,0,0,26,11,37,0,10,27,15,52,20,84,104,156
01/12/2008,HLG,WV,AEA,CE,Federal Contract Tower,0,0,4,0,4,0,0,63,59,122,0,0,67,59,126,172,100,272,398
01/13/2008,HLG,WV,AEA,CE,Federal Contract Tower,0,0,0,0,0,0,0,9,4,13,0,0,9,4,13,12,44,56,69
01/14/2008,HLG,WV,AEA,CE,Federal Contract Tower,0,5,1,0,6,0,0,0,0,0,0,5,1,0,6,0,0,0,6
01/15/2008,HLG,WV,AEA,CE,Federal Contract Tower,0,1,3,0,4,0,0,2,0,2,0,1,5,0,6,32,0,32,38
01/16/2008,HLG,WV,AEA,CE,Federal Contract Tower,0,3,1,0,4,0,0,45,8,53,0,3,46,8,57,24,6,30,87
01/17/2008,HLG,WV,AEA,CE,Federal Contract Tower,0,2,3,0,5,0,0,0,0,0,0,2,3,0,5,0,0,0,5
01/18/2008,HLG,WV,AEA,CE,Federal Contract Tower,0,0,0,0,0,0,2,6,2,10,0,2,6,2,10,30,8,38,48
01/19/2008,HLG,WV,AEA,CE,Federal Contract Tower,0,1,6,0,7,0,0,36,4,40,0,1,42,4,47,88,12,100,147
01/20/2008,HLG,WV,AEA,CE,Federal Contract Tower,0,0,0,0,0,0,0,20,0,20,0,0,20,0,20,10,0,10,30
01/21/2008,HLG,WV,AEA,CE,Federal Contract Tower,0,4,1,0,5,0,0,55,0,55,0,4,56,0,60,118,0,118,178
01/22/2008,HLG,WV,AEA,CE,Federal Contract Tower,0,6,0,0,6,0,0,0,0,0,0,6,0,0,6,0,0,0,6
01/23/2008,HLG,WV,AEA,CE,Federal Contract Tower,0,9,1,2,12,0,0,9,0,9,0,9,10,2,21,36,0,36,57
01/24/2008,HLG,WV,AEA,CE,Federal Contract Tower,0,2,0,4,6,0,2,3,8,13,0,4,3,12,19,0,46,46,65
01/25/2008,HLG,WV,AEA,CE,Federal Contract Tower,0,10,9,1,20,0,0,36,6,42,0,10,45,7,62,54,46,100,162
01/26/2008,HLG,WV,AEA,CE,Federal Contract Tower,0,0,0,0,0,0,2,35,5,42,0,2,35,5,42,16,0,16,58
01/27/2008,HLG,WV,AEA,CE,Federal Contract Tower,0,0,0,0,0,0,0,0,0,0,0,0,0,0,0,0,0,0,0
01/28/2008,HLG,WV,AEA,CE,Federal Contract Tower,0,2,0,4,6,0,0,48,14,62,0,2,48,18,68,54,0,54,122
01/29/2008,HLG,WV,AEA,CE,Federal Contract Tower,0,0,0,8,8,0,0,21,16,37,0,0,21,24,45,20,46,66,111
01/30/2008,HLG,WV,AEA,CE,Federal Contract Tower,0,1,0,0,1,0,0,12,3,15,0,1,12,3,16,0,26,26,42
01/31/2008,HLG,WV,AEA,CE,Federal Contract Tower,0,11,8,7,26,0,0,47,15,62,0,11,55,22,88,24,26,50,138
02/01/2008,HLG,WV,AEA,CE,Federal Contract Tower,0,0,0,0,0,0,0,0,2,2,0,0,0,2,2,0,36,36,38
02/02/2008,HLG,WV,AEA,CE,Federal Contract Tower,0,2,0,2,4,0,6,10,11,27,0,8,10,13,31,16,92,108,139
02/03/2008,HLG,WV,AEA,CE,Federal Contract Tower,0,0,7,4,11,0,0,65,16,81,0,0,72,20,92,158,94,252,344
02/04/2008,HLG,WV,AEA,CE,Federal Contract Tower,0,3,3,0,6,0,0,0,0,0,0,3,3,0,6,0,0,0,6
02/05/2008,HLG,WV,AEA,CE,Federal Contract Tower,0,0,1,0,1,0,0,0,0,0,0,0,1,0,1,0,0,0,1
02/06/2008,HLG,WV,AEA,CE,Federal Contract Tower,0,2,0,0,2,0,0,2,2,4,0,2,2,2,6,0,0,0,6
02/07/2008,HLG,WV,AEA,CE,Federal Contract Tower,0,3,0,4,7,0,0,0,0,0,0,3,0,4,7,0,0,0,7
02/08/2008,HLG,WV,AEA,CE,Federal Contract Tower,0,2,0,1,3,0,0,1,7,8,0,2,1,8,11,0,94,94,105
02/09/2008,HLG,WV,AEA,CE,Federal Contract Tower,0,0,0,4,4,0,0,20,11,31,0,0,20,15,35,76,82,158,193
02/10/2008,HLG,WV,AEA,CE,Federal Contract Tower,0,0,0,0,0,0,0,0,0,0,0,0,0,0,0,0,0,0,0
02/11/2008,HLG,WV,AEA,CE,Federal Contract Tower,0,7,6,0,13,0,2,55,0,57,0,9,61,0,70,98,0,98,168
02/12/2008,HLG,WV,AEA,CE,Federal Contract Tower,0,0,0,0,0,0,0,0,0,0,0,0,0,0,0,0,0,0,0
02/13/2008,HLG,WV,AEA,CE,Federal Contract Tower,0,1,0,0,1,0,0,0,0,0,0,1,0,0,1,0,0,0,1
02/14/2008,HLG,WV,AEA,CE,Federal Contract Tower,0,5,9,6,20,0,2,34,8,44,0,7,43,14,64,54,0,54,118
02/15/2008,HLG,WV,AEA,CE,Federal Contract Tower,0,7,1,0,8,0,2,19,0,21,0,9,20,0,29,50,0,50,79
02/16/2008,HLG,WV,AEA,CE,Federal Contract Tower,0,6,6,0,12,0,0,77,4,81,0,6,83,4,93,180,0,180,273
02/17/2008,HLG,WV,AEA,CE,Federal Contract Tower,0,0,0,0,0,0,0,4,0,4,0,0,4,0,4,14,0,14,18
02/18/2008,HLG,WV,AEA,CE,Federal Contract Tower,0,0,0,0,0,0,0,2,0,2,0,0,2,0,2,0,0,0,2
02/19/2008,HLG,WV,AEA,CE,Federal Contract Tower,0,0,0,5,5,0,0,47,17,64,0,0,47,22,69,28,24,52,121
02/20/2008,HLG,WV,AEA,CE,Federal Contract Tower,0,0,1,0,1,0,1,0,0,1,0,1,1,0,2,0,100,100,102
02/21/2008,HLG,WV,AEA,CE,Federal Contract Tower,0,7,2,5,14,0,2,22,20,44,0,9,24,25,58,46,50,96,154
02/22/2008,HLG,WV,AEA,CE,Federal Contract Tower,0,1,0,0,1,0,0,0,0,0,0,1,0,0,1,0,0,0,1
02/23/2008,HLG,WV,AEA,CE,Federal Contract Tower,0,1,5,0,6,0,0,35,10,45,0,1,40,10,51,182,22,204,255
02/24/2008,HLG,WV,AEA,CE,Federal Contract Tower,0,1,9,0,10,0,0,48,2,50,0,1,57,2,60,194,0,194,254
02/25/2008,HLG,WV,AEA,CE,Federal Contract Tower,0,5,0,0,5,0,0,14,0,14,0,5,14,0,19,34,0,34,53
02/26/2008,HLG,WV,AEA,CE,Federal Contract Tower,0,2,0,2,4,0,0,0,0,0,0,2,0,2,4,0,0,0,4
02/27/2008,HLG,WV,AEA,CE,Federal Contract Tower,0,2,0,0,2,0,0,0,0,0,0,2,0,0,2,0,0,0,2
02/28/2008,HLG,WV,AEA,CE,Federal Contract Tower,0,2,0,8,10,0,0,10,7,17,0,2,10,15,27,0,0,0,27
02/29/2008,HLG,WV,AEA,CE,Federal Contract Tower,0,8,0,0,8,0,0,0,0,0,0,8,0,0,8,0,0,0,8
03/01/2008,HLG,WV,AEA,CE,Federal Contract Tower,0,0,0,4,4,0,0,5,0,5,0,0,5,4,9,4,4,8,17
03/02/2008,HLG,WV,AEA,CE,Federal Contract Tower,0,0,2,1,3,0,0,61,22,83,0,0,63,23,86,192,32,224,310
03/03/2008,HLG,WV,AEA,CE,Federal Contract Tower,0,3,0,0,3,0,4,57,12,73,0,7,57,12,76,108,48,156,232
03/04/2008,HLG,WV,AEA,CE,Federal Contract Tower,0,0,0,0,0,0,0,0,0,0,0,0,0,0,0,0,0,0,0
03/05/2008,HLG,WV,AEA,CE,Federal Contract Tower,0,4,0,0,4,0,18,8,6,32,0,22,8,6,36,0,90,90,126
03/06/2008,HLG,WV,AEA,CE,Federal Contract Tower,0,3,7,0,10,0,4,37,6,47,0,7,44,6,57,50,62,112,169
03/07/2008,HLG,WV,AEA,CE,Federal Contract Tower,0,1,0,0,1,0,0,1,12,13,0,1,1,12,14,0,0,0,14
03/08/2008,HLG,WV,AEA,CE,Federal Contract Tower,0,0,0,0,0,0,0,0,0,0,0,0,0,0,0,0,0,0,0
03/09/2008,HLG,WV,AEA,CE,Federal Contract Tower,0,2,3,1,6,0,8,45,18,71,0,10,48,19,77,144,116,260,337
03/10/2008,HLG,WV,AEA,CE,Federal Contract Tower,0,0,1,0,1,0,0,35,0,35,0,0,36,0,36,112,0,112,148
03/11/2008,HLG,WV,AEA,CE,Federal Contract Tower,0,4,4,2,10,0,0,46,6,52,0,4,50,8,62,150,106,256,318
03/12/2008,HLG,WV,AEA,CE,Federal Contract Tower,0,12,1,0,13,0,0,42,0,42,0,12,43,0,55,166,0,166,221
03/13/2008,HLG,WV,AEA,CE,Federal Contract Tower,0,7,3,8,18,0,5,40,5,50,0,12,43,13,68,0,0,0,68
03/14/2008,HLG,WV,AEA,CE,Federal Contract Tower,0,6,0,0,6,0,0,23,5,28,0,6,23,5,34,106,0,106,140
03/15/2008,HLG,WV,AEA,CE,Federal Contract Tower,0,0,10,0,10,0,0,0,0,0,0,0,10,0,10,0,0,0,10
03/16/2008,HLG,WV,AEA,CE,Federal Contract Tower,0,2,5,0,7,0,0,64,0,64,0,2,69,0,71,174,0,174,245
03/17/2008,HLG,WV,AEA,CE,Federal Contract Tower,0,2,7,0,9,0,1,76,18,95,0,3,83,18,104,159,44,203,307
03/18/2008,HLG,WV,AEA,CE,Federal Contract Tower,0,8,3,4,15,0,0,18,14,32,0,8,21,18,47,12,56,68,115
03/19/2008,HLG,WV,AEA,CE,Federal Contract Tower,0,4,11,0,15,0,0,7,0,7,0,4,18,0,22,0,0,0,22
03/20/2008,HLG,WV,AEA,CE,Federal Contract Tower,0,2,4,4,10,0,0,4,8,12,0,2,8,12,22,0,24,24,46
03/21/2008,HLG,WV,AEA,CE,Federal Contract Tower,0,0,8,0,8,0,2,22,8,32,0,2,30,8,40,48,0,48,88
03/22/2008,HLG,WV,AEA,CE,Federal Contract Tower,0,0,1,0,1,0,0,0,0,0,0,0,1,0,1,0,0,0,1
03/23/2008,HLG,WV,AEA,CE,Federal Contract Tower,0,1,0,0,1,0,4,42,0,46,0,5,42,0,47,152,0,152,199
03/24/2008,HLG,WV,AEA,CE,Federal Contract Tower,0,6,0,0,6,0,0,51,18,69,0,6,51,18,75,160,108,268,343
03/25/2008,HLG,WV,AEA,CE,Federal Contract Tower,0,0,2,0,2,0,0,36,10,46,0,0,38,10,48,66,0,66,114
03/26/2008,HLG,WV,AEA,CE,Federal Contract Tower,0,4,1,3,8,0,0,41,18,59,0,4,42,21,67,44,28,72,139
03/27/2008,HLG,WV,AEA,CE,Federal Contract Tower,0,5,2,0,7,0,0,0,10,10,0,5,2,10,17,0,126,126,143
03/28/2008,HLG,WV,AEA,CE,Federal Contract Tower,0,3,4,0,7,0,0,0,0,0,0,3,4,0,7,12,0,12,19
03/29/2008,HLG,WV,AEA,CE,Federal Contract Tower,0,0,12,0,12,0,0,62,0,62,0,0,74,0,74,210,0,210,284
03/30/2008,HLG,WV,AEA,CE,Federal Contract Tower,0,0,2,0,2,0,0,21,0,21,0,0,23,0,23,68,0,68,91
03/31/2008,HLG,WV,AEA,CE,Federal Contract Tower,0,6,4,0,10,0,0,49,2,51,0,6,53,2,61,122,0,122,183
04/01/2008,HLG,WV,AEA,CE,Federal Contract Tower,0,3,0,0,3,0,0,0,0,0,0,3,0,0,3,0,60,60,63
04/02/2008,HLG,WV,AEA,CE,Federal Contract Tower,0,3,8,14,25,0,2,42,20,64,0,5,50,34,89,136,0,136,225
04/03/2008,HLG,WV,AEA,CE,Federal Contract Tower,0,5,0,0,5,0,4,23,0,27,0,9,23,0,32,0,0,0,32
04/04/2008,HLG,WV,AEA,CE,Federal Contract Tower,0,4,9,2,15,0,0,22,11,33,0,4,31,13,48,0,74,74,122
04/05/2008,HLG,WV,AEA,CE,Federal Contract Tower,0,0,6,0,6,0,0,78,10,88,0,0,84,10,94,138,24,162,256
04/06/2008,HLG,WV,AEA,CE,Federal Contract Tower,0,0,1,4,5,0,0,55,21,76,0,0,56,25,81,188,36,224,305
04/07/2008,HLG,WV,AEA,CE,Federal Contract Tower,0,5,2,0,7,0,6,75,6,87,0,11,77,6,94,246,8,254,348
04/08/2008,HLG,WV,AEA,CE,Federal Contract Tower,0,8,3,0,11,0,2,54,14,70,0,10,57,14,81,190,20,210,291
04/09/2008,HLG,WV,AEA,CE,Federal Contract Tower,0,2,3,0,5,0,6,20,4,30,0,8,23,4,35,0,68,68,103
04/10/2008,HLG,WV,AEA,CE,Federal Contract Tower,0,4,2,8,14,0,4,43,22,69,0,8,45,30,83,84,64,148,231
04/11/2008,HLG,WV,AEA,CE,Federal Contract Tower,0,7,0,0,7,0,1,15,4,20,0,8,15,4,27,72,40,112,139
04/12/2008,HLG,WV,AEA,CE,Federal Contract Tower,0,1,0,0,1,0,0,36,0,36,0,1,36,0,37,168,0,168,205
04/13/2008,HLG,WV,AEA,CE,Federal Contract Tower,0,0,1,0,1,0,2,15,0,17,0,2,16,0,18,72,0,72,90
04/14/2008,HLG,WV,AEA,CE,Federal Contract Tower,0,14,1,0,15,0,4,71,2,77,0,18,72,2,92,90,0,90,182
04/15/2008,HLG,WV,AEA,CE,Federal Contract Tower,0,6,0,4,10,0,0,80,22,102,0,6,80,26,112,164,0,164,276
04/16/2008,HLG,WV,AEA,CE,Federal Contract Tower,0,4,0,2,6,0,4,58,6,68,0,8,58,8,74,116,0,116,190
04/17/2008,HLG,WV,AEA,CE,Federal Contract Tower,0,9,0,0,9,0,0,45,0,45,0,9,45,0,54,20,0,20,74
04/18/2008,HLG,WV,AEA,CE,Federal Contract Tower,0,4,6,2,12,0,2,45,2,49,0,6,51,4,61,114,0,114,175
04/19/2008,HLG,WV,AEA,CE,Federal Contract Tower,0,0,7,0,7,0,0,25,1,26,0,0,32,1,33,66,0,66,99
04/20/2008,HLG,WV,AEA,CE,Federal Contract Tower,0,0,2,3,5,0,0,8,0,8,0,0,10,3,13,0,0,0,13
04/21/2008,HLG,WV,AEA,CE,Federal Contract Tower,0,13,2,2,17,0,0,58,5,63,0,13,60,7,80,158,142,300,380
04/22/2008,HLG,WV,AEA,CE,Federal Contract Tower,0,4,1,7,12,0,0,67,41,108,0,4,68,48,120,90,108,198,318
04/23/2008,HLG,WV,AEA,CE,Federal Contract Tower,0,5,1,4,10,0,2,42,31,75,0,7,43,35,85,0,28,28,113
04/24/2008,HLG,WV,AEA,CE,Federal Contract Tower,0,8,2,10,20,0,2,29,20,51,0,10,31,30,71,0,86,86,157
04/25/2008,HLG,WV,AEA,CE,Federal Contract Tower,0,8,3,0,11,0,2,28,10,40,0,10,31,10,51,0,0,0,51
04/26/2008,HLG,WV,AEA,CE,Federal Contract Tower,0,0,2,0,2,0,0,14,0,14,0,0,16,0,16,56,0,56,72
04/27/2008,HLG,WV,AEA,CE,Federal Contract Tower,0,1,4,0,5,0,1,49,2,52,0,2,53,2,57,116,0,116,173
04/28/2008,HLG,WV,AEA,CE,Federal Contract Tower,0,5,2,0,7,0,0,21,0,21,0,5,23,0,28,88,0,88,116
04/29/2008,HLG,WV,AEA,CE,Federal Contract Tower,0,0,3,5,8,0,1,46,23,70,0,1,49,28,78,66,124,190,268
04/30/2008,HLG,WV,AEA,CE,Federal Contract Tower,0,3,2,0,5,0,0,23,10,33,0,3,25,10,38,8,44,52,90
05/01/2008,HLG,WV,AEA,CE,Federal Contract Tower,0,4,5,5,14,0,0,28,22,50,0,4,33,27,64,20,164,184,248
05/02/2008,HLG,WV,AEA,CE,Federal Contract Tower,0,3,20,10,33,0,0,42,14,56,0,3,62,24,89,6,0,6,95
05/03/2008,HLG,WV,AEA,CE,Federal Contract Tower,0,0,2,0,2,0,63,2,0,65,0,63,4,0,67,94,0,94,161
05/04/2008,HLG,WV,AEA,CE,Federal Contract Tower,0,1,0,0,1,0,7,49,0,56,0,8,49,0,57,156,0,156,213
05/05/2008,HLG,WV,AEA,CE,Federal Contract Tower,0,10,0,0,10,0,0,66,16,82,0,10,66,16,92,110,44,154,246
05/06/2008,HLG,WV,AEA,CE,Federal Contract Tower,0,1,1,1,3,0,0,61,17,78,0,1,62,18,81,204,0,204,285
05/07/2008,HLG,WV,AEA,CE,Federal Contract Tower,0,4,2,0,6,0,4,28,5,37,0,8,30,5,43,22,24,46,89
05/08/2008,HLG,WV,AEA,CE,Federal Contract Tower,0,10,2,2,14,0,0,6,0,6,0,10,8,2,20,30,0,30,50
05/09/2008,HLG,WV,AEA,CE,Federal Contract Tower,0,3,0,2,5,0,0,8,5,13,0,3,8,7,18,18,0,18,36
05/10/2008,HLG,WV,AEA,CE,Federal Contract Tower,0,5,2,0,7,0,0,60,0,60,0,5,62,0,67,194,0,194,261
05/11/2008,HLG,WV,AEA,CE,Federal Contract Tower,0,3,0,0,3,0,0,0,0,0,0,3,0,0,3,0,0,0,3
05/12/2008,HLG,WV,AEA,CE,Federal Contract Tower,0,2,0,4,6,0,0,36,3,39,0,2,36,7,45,120,100,220,265
05/13/2008,HLG,WV,AEA,CE,Federal Contract Tower,0,3,4,2,9,0,4,82,34,120,0,7,86,36,129,136,206,342,471
05/14/2008,HLG,WV,AEA,CE,Federal Contract Tower,0,0,6,0,6,0,0,23,14,37,0,0,29,14,43,40,146,186,229
05/15/2008,HLG,WV,AEA,CE,Federal Contract Tower,0,4,10,1,15,0,2,23,13,38,0,6,33,14,53,16,102,118,171
05/16/2008,HLG,WV,AEA,CE,Federal Contract Tower,0,2,3,0,5,0,0,17,10,27,0,2,20,10,32,38,150,188,220
05/17/2008,HLG,WV,AEA,CE,Federal Contract Tower,0,2,0,4,6,0,2,23,8,33,0,4,23,12,39,56,72,128,167
05/18/2008,HLG,WV,AEA,CE,Federal Contract Tower,0,0,1,0,1,0,2,39,10,51,0,2,40,10,52,84,20,104,156
05/19/2008,HLG,WV,AEA,CE,Federal Contract Tower,0,2,5,0,7,0,0,49,6,55,0,2,54,6,62,116,28,144,206
05/20/2008,HLG,WV,AEA,CE,Federal Contract Tower,0,4,0,0,4,0,0,58,0,58,0,4,58,0,62,148,0,148,210
05/21/2008,HLG,WV,AEA,CE,Federal Contract Tower,0,4,6,2,12,0,0,49,4,53,0,4,55,6,65,118,0,118,183
05/22/2008,HLG,WV,AEA,CE,Federal Contract Tower,0,4,2,0,6,0,2,45,10,57,0,6,47,10,63,44,46,90,153
05/23/2008,HLG,WV,AEA,CE,Federal Contract Tower,0,2,9,0,11,0,0,36,4,40,0,2,45,4,51,82,0,82,133
05/24/2008,HLG,WV,AEA,CE,Federal Contract Tower,0,1,3,2,6,0,0,78,3,81,0,1,81,5,87,178,0,178,265
05/25/2008,HLG,WV,AEA,CE,Federal Contract Tower,0,0,12,0,12,0,0,66,4,70,0,0,78,4,82,144,0,144,226
05/26/2008,HLG,WV,AEA,CE,Federal Contract Tower,0,1,3,0,4,0,0,25,0,25,0,1,28,0,29,98,0,98,127
05/27/2008,HLG,WV,AEA,CE,Federal Contract Tower,0,3,12,4,19,0,0,42,7,49,0,3,54,11,68,168,62,230,298
05/28/2008,HLG,WV,AEA,CE,Federal Contract Tower,0,2,10,0,12,0,4,49,7,60,0,6,59,7,72,99,0,99,171
05/29/2008,HLG,WV,AEA,CE,Federal Contract Tower,0,3,4,1,8,0,7,43,2,52,0,10,47,3,60,0,0,0,60
05/30/2008,HLG,WV,AEA,CE,Federal Contract Tower,0,5,12,0,17,0,0,34,14,48,0,5,46,14,65,12,0,12,77
05/31/2008,HLG,WV,AEA,CE,Federal Contract Tower,0,0,0,0,0,0,0,4,0,4,0,0,4,0,4,36,0,36,40
06/01/2008,HLG,WV,AEA,CE,Federal Contract Tower,0,1,2,0,3,0,0,28,0,28,0,1,30,0,31,78,0,78,109
06/02/2008,HLG,WV,AEA,CE,Federal Contract Tower,0,0,0,0,0,0,0,54,2,56,0,0,54,2,56,174,0,174,230
06/03/2008,HLG,WV,AEA,CE,Federal Contract Tower,0,6,5,0,11,0,0,18,4,22,0,6,23,4,33,0,38,38,71
06/04/2008,HLG,WV,AEA,CE,Federal Contract Tower,0,7,2,0,9,0,0,11,8,19,0,7,13,8,28,12,28,40,68
06/05/2008,HLG,WV,AEA,CE,Federal Contract Tower,0,5,3,0,8,0,6,34,7,47,0,11,37,7,55,44,0,44,99
06/06/2008,HLG,WV,AEA,CE,Federal Contract Tower,0,3,0,0,3,0,1,52,6,59,0,4,52,6,62,112,0,112,174
06/07/2008,HLG,WV,AEA,CE,Federal Contract Tower,0,1,3,0,4,0,0,43,2,45,0,1,46,2,49,122,0,122,171
06/08/2008,HLG,WV,AEA,CE,Federal Contract Tower,0,1,2,0,3,0,0,29,2,31,0,1,31,2,34,60,0,60,94
06/09/2008,HLG,WV,AEA,CE,Federal Contract Tower,0,2,1,0,3,0,2,45,5,52,0,4,46,5,55,130,0,130,185
06/10/2008,HLG,WV,AEA,CE,Federal Contract Tower,0,0,0,0,0,0,0,10,8,18,0,0,10,8,18,50,0,50,68
06/11/2008,HLG,WV,AEA,CE,Federal Contract Tower,0,7,4,2,13,0,0,57,2,59,0,7,61,4,72,86,0,86,158
06/12/2008,HLG,WV,AEA,CE,Federal Contract Tower,0,7,3,0,10,0,7,45,8,60,0,14,48,8,70,28,68,96,166
06/13/2008,HLG,WV,AEA,CE,Federal Contract Tower,0,2,1,0,3,0,0,48,16,64,0,2,49,16,67,106,0,106,173
06/14/2008,HLG,WV,AEA,CE,Federal Contract Tower,0,7,2,0,9,0,0,6,0,6,0,7,8,0,15,28,0,28,43
06/15/2008,HLG,WV,AEA,CE,Federal Contract Tower,0,0,0,0,0,0,0,39,2,41,0,0,39,2,41,8,0,8,49
06/16/2008,HLG,WV,AEA,CE,Federal Contract Tower,0,5,0,0,5,0,0,2,0,2,0,5,2,0,7,22,0,22,29
06/17/2008,HLG,WV,AEA,CE,Federal Contract Tower,0,4,0,0,4,0,0,52,10,62,0,4,52,10,66,154,0,154,220
06/18/2008,HLG,WV,AEA,CE,Federal Contract Tower,0,0,0,4,4,0,0,34,8,42,0,0,34,12,46,38,0,38,84
06/19/2008,HLG,WV,AEA,CE,Federal Contract Tower,0,5,3,2,10,0,0,40,8,48,0,5,43,10,58,18,0,18,76
06/20/2008,HLG,WV,AEA,CE,Federal Contract Tower,0,1,17,0,18,0,0,60,4,64,0,1,77,4,82,80,0,80,162
06/21/2008,HLG,WV,AEA,CE,Federal Contract Tower,0,0,1,0,1,0,0,49,4,53,0,0,50,4,54,148,0,148,202
06/22/2008,HLG,WV,AEA,CE,Federal Contract Tower,0,0,0,0,0,0,0,53,0,53,0,0,53,0,53,120,0,120,173
06/23/2008,HLG,WV,AEA,CE,Federal Contract Tower,0,8,8,0,16,0,4,72,0,76,0,12,80,0,92,214,0,214,306
06/24/2008,HLG,WV,AEA,CE,Federal Contract Tower,0,3,4,1,8,0,5,76,5,86,0,8,80,6,94,78,0,78,172
06/25/2008,HLG,WV,AEA,CE,Federal Contract Tower,0,12,2,0,14,0,8,48,2,58,0,20,50,2,72,62,0,62,134
06/26/2008,HLG,WV,AEA,CE,Federal Contract Tower,0,7,2,0,9,0,0,56,6,62,0,7,58,6,71,44,0,44,115
06/27/2008,HLG,WV,AEA,CE,Federal Contract Tower,0,2,13,0,15,0,0,20,5,25,0,2,33,5,40,40,40,80,120
06/28/2008,HLG,WV,AEA,CE,Federal Contract Tower,0,1,2,0,3,0,0,23,5,28,0,1,25,5,31,48,0,48,79
06/29/2008,HLG,WV,AEA,CE,Federal Contract Tower,0,1,2,0,3,0,0,10,0,10,0,1,12,0,13,40,0,40,53
06/30/2008,HLG,WV,AEA,CE,Federal Contract Tower,0,5,4,0,9,0,0,44,0,44,0,5,48,0,53,92,0,92,145
07/01/2008,HLG,WV,AEA,CE,Federal Contract Tower,0,2,2,0,4,0,0,60,4,64,0,2,62,4,68,164,0,164,232
07/02/2008,HLG,WV,AEA,CE,Federal Contract Tower,0,17,5,0,22,0,0,48,4,52,0,17,53,4,74,18,20,38,112
07/03/2008,HLG,WV,AEA,CE,Federal Contract Tower,0,5,1,0,6,0,0,1,2,3,0,5,2,2,9,0,0,0,9
07/04/2008,HLG,WV,AEA,CE,Federal Contract Tower,0,2,2,0,4,0,0,0,0,0,0,2,2,0,4,0,0,0,4
07/05/2008,HLG,WV,AEA,CE,Federal Contract Tower,0,0,1,0,1,0,0,30,0,30,0,0,31,0,31,208,0,208,239
07/06/2008,HLG,WV,AEA,CE,Federal Contract Tower,0,1,0,0,1,0,0,26,0,26,0,1,26,0,27,122,0,122,149
07/07/2008,HLG,WV,AEA,CE,Federal Contract Tower,0,5,4,0,9,0,1,67,8,76,0,6,71,8,85,176,24,200,285
07/08/2008,HLG,WV,AEA,CE,Federal Contract Tower,0,5,0,4,9,0,0,52,12,64,0,5,52,16,73,156,0,156,229
07/09/2008,HLG,WV,AEA,CE,Federal Contract Tower,0,11,4,0,15,0,0,44,4,48,0,11,48,4,63,28,50,78,141
07/10/2008,HLG,WV,AEA,CE,Federal Contract Tower,0,6,2,0,8,0,0,15,5,20,0,6,17,5,28,16,76,92,120
07/11/2008,HLG,WV,AEA,CE,Federal Contract Tower,0,3,4,1,8,0,2,39,26,67,0,5,43,27,75,54,170,224,299
07/12/2008,HLG,WV,AEA,CE,Federal Contract Tower,0,0,2,4,6,0,0,23,12,35,0,0,25,16,41,66,22,88,129
07/13/2008,HLG,WV,AEA,CE,Federal Contract Tower,0,0,0,0,0,0,0,22,2,24,0,0,22,2,24,112,36,148,172
07/14/2008,HLG,WV,AEA,CE,Federal Contract Tower,0,1,2,0,3,0,0,58,0,58,0,1,60,0,61,168,0,168,229
07/15/2008,HLG,WV,AEA,CE,Federal Contract Tower,0,2,0,0,2,0,0,44,4,48,0,2,44,4,50,170,0,170,220
07/16/2008,HLG,WV,AEA,CE,Federal Contract Tower,0,4,0,2,6,0,2,46,10,58,0,6,46,12,64,4,0,4,68
07/17/2008,HLG,WV,AEA,CE,Federal Contract Tower,0,7,7,4,18,0,0,59,4,63,0,7,66,8,81,86,0,86,167
07/18/2008,HLG,WV,AEA,CE,Federal Contract Tower,0,6,0,0,6,0,2,43,8,53,0,8,43,8,59,84,44,128,187
07/19/2008,HLG,WV,AEA,CE,Federal Contract Tower,0,0,2,0,2,0,0,31,4,35,0,0,33,4,37,84,0,84,121
07/20/2008,HLG,WV,AEA,CE,Federal Contract Tower,0,1,4,0,5,0,0,16,4,20,0,1,20,4,25,50,0,50,75
07/21/2008,HLG,WV,AEA,CE,Federal Contract Tower,0,4,2,0,6,0,0,51,11,62,0,4,53,11,68,124,88,212,280
07/22/2008,HLG,WV,AEA,CE,Federal Contract Tower,0,0,1,6,7,0,0,39,10,49,0,0,40,16,56,94,86,180,236
07/23/2008,HLG,WV,AEA,CE,Federal Contract Tower,0,5,1,0,6,0,0,30,13,43,0,5,31,13,49,26,40,66,115
07/24/2008,HLG,WV,AEA,CE,Federal Contract Tower,0,4,9,5,18,0,0,57,25,82,0,4,66,30,100,10,68,78,178
07/25/2008,HLG,WV,AEA,CE,Federal Contract Tower,0,4,2,2,8,0,0,48,12,60,0,4,50,14,68,24,46,70,138
07/26/2008,HLG,WV,AEA,CE,Federal Contract Tower,0,0,3,0,3,0,0,36,0,36,0,0,39,0,39,30,0,30,69
07/27/2008,HLG,WV,AEA,CE,Federal Contract Tower,0,0,4,0,4,0,0,45,2,47,0,0,49,2,51,132,0,132,183
07/28/2008,HLG,WV,AEA,CE,Federal Contract Tower,0,7,0,0,7,0,0,90,23,113,0,7,90,23,120,154,0,154,274
07/29/2008,HLG,WV,AEA,CE,Federal Contract Tower,0,4,0,8,12,0,2,66,12,80,0,6,66,20,92,124,0,124,216
07/30/2008,HLG,WV,AEA,CE,Federal Contract Tower,0,7,3,4,14,0,0,47,8,55,0,7,50,12,69,46,8,54,123
07/31/2008,HLG,WV,AEA,CE,Federal Contract Tower,0,4,2,0,6,0,32,43,14,89,0,36,45,14,95,20,32,52,147
08/01/2008,HLG,WV,AEA,CE,Federal Contract Tower,0,5,3,2,10,0,3,28,8,39,0,8,31,10,49,38,8,46,95
08/02/2008,HLG,WV,AEA,CE,Federal Contract Tower,0,1,0,0,1,0,2,51,10,63,0,3,51,10,64,146,152,298,362
08/03/2008,HLG,WV,AEA,CE,Federal Contract Tower,0,3,0,0,3,0,40,51,8,99,0,43,51,8,102,148,62,210,312
08/04/2008,HLG,WV,AEA,CE,Federal Contract Tower,0,2,1,0,3,0,16,62,9,87,0,18,63,9,90,134,0,134,224
08/05/2008,HLG,WV,AEA,CE,Federal Contract Tower,0,10,2,0,12,0,6,66,8,80,0,16,68,8,92,222,42,264,356
08/06/2008,HLG,WV,AEA,CE,Federal Contract Tower,0,2,5,9,16,0,20,43,9,72,0,22,48,18,88,30,28,58,146
08/07/2008,HLG,WV,AEA,CE,Federal Contract Tower,0,3,9,2,14,0,4,20,4,28,0,7,29,6,42,2,6,8,50
08/08/2008,HLG,WV,AEA,CE,Federal Contract Tower,0,2,13,0,15,0,0,14,0,14,0,2,27,0,29,60,12,72,101
08/09/2008,HLG,WV,AEA,CE,Federal Contract Tower,0,2,5,1,8,0,0,62,0,62,0,2,67,1,70,200,0,200,270
08/10/2008,HLG,WV,AEA,CE,Federal Contract Tower,0,1,2,0,3,0,0,31,4,35,0,1,33,4,38,0,8,8,46
08/11/2008,HLG,WV,AEA,CE,Federal Contract Tower,0,3,3,0,6,0,0,29,0,29,0,3,32,0,35,0,0,0,35
08/12/2008,HLG,WV,AEA,CE,Federal Contract Tower,0,7,6,4,17,0,0,68,28,96,0,7,74,32,113,204,84,288,401
08/13/2008,HLG,WV,AEA,CE,Federal Contract Tower,0,2,7,0,9,0,0,39,16,55,0,2,46,16,64,4,24,28,92
08/14/2008,HLG,WV,AEA,CE,Federal Contract Tower,0,13,7,8,28,0,0,30,16,46,0,13,37,24,74,0,24,24,98
08/15/2008,HLG,WV,AEA,CE,Federal Contract Tower,0,7,2,0,9,0,4,54,22,80,0,11,56,22,89,12,98,110,199
08/16/2008,HLG,WV,AEA,CE,Federal Contract Tower,0,6,0,2,8,0,4,35,15,54,0,10,35,17,62,16,36,52,114
08/17/2008,HLG,WV,AEA,CE,Federal Contract Tower,0,0,2,0,2,0,0,44,12,56,0,0,46,12,58,0,16,16,74
08/18/2008,HLG,WV,AEA,CE,Federal Contract Tower,0,4,0,0,4,0,0,52,0,52,0,4,52,0,56,0,0,0,56
08/19/2008,HLG,WV,AEA,CE,Federal Contract Tower,0,0,3,2,5,0,0,56,0,56,0,0,59,2,61,0,0,0,61
08/20/2008,HLG,WV,AEA,CE,Federal Contract Tower,0,6,2,0,8,0,6,47,16,69,0,12,49,16,77,26,4,30,107
08/21/2008,HLG,WV,AEA,CE,Federal Contract Tower,0,5,6,6,17,0,5,56,10,71,0,10,62,16,88,0,0,0,88
08/22/2008,HLG,WV,AEA,CE,Federal Contract Tower,0,1,4,0,5,0,12,41,8,61,0,13,45,8,66,34,18,52,118
08/23/2008,HLG,WV,AEA,CE,Federal Contract Tower,0,2,1,0,3,0,2,23,2,27,0,4,24,2,30,30,8,38,68
08/24/2008,HLG,WV,AEA,CE,Federal Contract Tower,0,3,12,0,15,0,24,68,2,94,0,27,80,2,109,126,0,126,235
08/25/2008,HLG,WV,AEA,CE,Federal Contract Tower,0,5,0,0,5,0,22,58,0,80,0,27,58,0,85,110,0,110,195
08/26/2008,HLG,WV,AEA,CE,Federal Contract Tower,0,8,0,6,14,0,0,65,12,77,0,8,65,18,91,16,30,46,137
08/27/2008,HLG,WV,AEA,CE,Federal Contract Tower,0,3,5,0,8,0,12,25,11,48,0,15,30,11,56,74,16,90,146
08/28/2008,HLG,WV,AEA,CE,Federal Contract Tower,0,2,2,0,4,0,8,13,0,21,0,10,15,0,25,28,0,28,53
08/29/2008,HLG,WV,AEA,CE,Federal Contract Tower,0,1,7,2,10,0,4,41,9,54,0,5,48,11,64,20,0,20,84
08/30/2008,HLG,WV,AEA,CE,Federal Contract Tower,0,2,1,1,4,0,0,91,3,94,0,2,92,4,98,174,16,190,288
08/31/2008,HLG,WV,AEA,CE,Federal Contract Tower,0,1,2,2,5,0,17,65,2,84,0,18,67,4,89,190,8,198,287
09/01/2008,HLG,WV,AEA,CE,Federal Contract Tower,0,0,0,0,0,0,2,50,2,54,0,2,50,2,54,114,0,114,168
09/02/2008,HLG,WV,AEA,CE,Federal Contract Tower,0,2,1,2,5,0,0,58,8,66,0,2,59,10,71,210,0,210,281
09/03/2008,HLG,WV,AEA,CE,Federal Contract Tower,0,2,1,0,3,0,8,40,0,48,0,10,41,0,51,0,0,0,51
09/04/2008,HLG,WV,AEA,CE,Federal Contract Tower,0,6,4,8,18,0,5,95,0,100,0,11,99,8,118,0,0,0,118
09/05/2008,HLG,WV,AEA,CE,Federal Contract Tower,0,0,6,0,6,0,2,33,0,35,0,2,39,0,41,0,0,0,41
09/06/2008,HLG,WV,AEA,CE,Federal Contract Tower,0,1,2,0,3,0,4,20,0,24,0,5,22,0,27,42,0,42,69
09/07/2008,HLG,WV,AEA,CE,Federal Contract Tower,0,1,0,0,1,0,2,62,0,64,0,3,62,0,65,122,0,122,187
09/08/2008,HLG,WV,AEA,CE,Federal Contract Tower,0,1,7,0,8,0,1,76,4,81,0,2,83,4,89,184,0,184,273
09/09/2008,HLG,WV,AEA,CE,Federal Contract Tower,0,5,15,5,25,0,0,50,24,74,0,5,65,29,99,136,0,136,235
09/10/2008,HLG,WV,AEA,CE,Federal Contract Tower,0,12,2,6,20,0,0,51,12,63,0,12,53,18,83,58,20,78,161
09/11/2008,HLG,WV,AEA,CE,Federal Contract Tower,0,5,6,0,11,0,1,31,4,36,0,6,37,4,47,0,0,0,47
09/12/2008,HLG,WV,AEA,CE,Federal Contract Tower,0,2,6,0,8,0,0,2,2,4,0,2,8,2,12,0,20,20,32
09/13/2008,HLG,WV,AEA,CE,Federal Contract Tower,0,2,10,0,12,0,0,10,2,12,0,2,20,2,24,6,0,6,30
09/14/2008,HLG,WV,AEA,CE,Federal Contract Tower,0,2,10,0,12,0,1,34,0,35,0,3,44,0,47,40,0,40,87
09/15/2008,HLG,WV,AEA,CE,Federal Contract Tower,0,4,0,0,4,0,0,24,0,24,0,4,24,0,28,0,0,0,28
09/16/2008,HLG,WV,AEA,CE,Federal Contract Tower,0,0,3,4,7,0,2,6,0,8,0,2,9,4,15,0,0,0,15
09/17/2008,HLG,WV,AEA,CE,Federal Contract Tower,0,2,7,7,16,0,10,66,8,84,0,12,73,15,100,68,44,112,212
09/18/2008,HLG,WV,AEA,CE,Federal Contract Tower,0,5,1,0,6,0,6,54,5,65,0,11,55,5,71,70,64,134,205
09/19/2008,HLG,WV,AEA,CE,Federal Contract Tower,0,5,2,0,7,0,3,51,0,54,0,8,53,0,61,78,0,78,139
09/20/2008,HLG,WV,AEA,CE,Federal Contract Tower,0,0,8,0,8,0,1,65,0,66,0,1,73,0,74,142,0,142,216
09/21/2008,HLG,WV,AEA,CE,Federal Contract Tower,0,0,3,0,3,0,1,66,1,68,0,1,69,1,71,138,10,148,219
09/22/2008,HLG,WV,AEA,CE,Federal Contract Tower,0,0,3,0,3,0,0,34,0,34,0,0,37,0,37,104,0,104,141
09/23/2008,HLG,WV,AEA,CE,Federal Contract Tower,0,0,3,4,7,0,0,46,10,56,0,0,49,14,63,112,38,150,213
09/24/2008,HLG,WV,AEA,CE,Federal Contract Tower,0,1,6,2,9,0,1,48,7,56,0,2,54,9,65,80,8,88,153
09/25/2008,HLG,WV,AEA,CE,Federal Contract Tower,0,2,1,0,3,0,4,45,18,67,0,6,46,18,70,24,14,38,108
09/26/2008,HLG,WV,AEA,CE,Federal Contract Tower,0,3,2,0,5,0,3,34,8,45,0,6,36,8,50,30,0,30,80
09/27/2008,HLG,WV,AEA,CE,Federal Contract Tower,0,2,3,0,5,0,0,33,0,33,0,2,36,0,38,164,0,164,202
09/28/2008,HLG,WV,AEA,CE,Federal Contract Tower,0,0,6,0,6,0,1,110,0,111,0,1,116,0,117,260,0,260,377
09/29/2008,HLG,WV,AEA,CE,Federal Contract Tower,0,3,1,0,4,0,0,66,8,74,0,3,67,8,78,100,22,122,200
09/30/2008,HLG,WV,AEA,CE,Federal Contract Tower,0,6,0,0,6,0,0,52,10,62,0,6,52,10,68,150,38,188,256
10/01/2008,HLG,WV,AEA,CE,Federal Contract Tower,0,5,0,0,5,0,1,28,0,29,0,6,28,0,34,78,0,78,112
10/02/2008,HLG,WV,AEA,CE,Federal Contract Tower,0,3,3,0,6,0,4,12,6,22,0,7,15,6,28,12,20,32,60
10/03/2008,HLG,WV,AEA,CE,Federal Contract Tower,0,2,0,0,2,0,1,18,6,25,0,3,18,6,27,64,30,94,121
10/04/2008,HLG,WV,AEA,CE,Federal Contract Tower,0,0,0,4,4,0,0,44,12,56,0,0,44,16,60,126,0,126,186
10/05/2008,HLG,WV,AEA,CE,Federal Contract Tower,0,0,2,0,2,0,0,52,14,66,0,0,54,14,68,78,28,106,174
10/06/2008,HLG,WV,AEA,CE,Federal Contract Tower,0,5,1,0,6,0,0,64,0,64,0,5,65,0,70,190,0,190,260
10/07/2008,HLG,WV,AEA,CE,Federal Contract Tower,0,0,0,5,5,0,0,91,12,103,0,0,91,17,108,176,38,214,322
10/08/2008,HLG,WV,AEA,CE,Federal Contract Tower,0,11,2,0,13,0,0,4,0,4,0,11,6,0,17,0,0,0,17
10/09/2008,HLG,WV,AEA,CE,Federal Contract Tower,0,1,6,2,9,0,20,45,13,78,0,21,51,15,87,42,118,160,247
10/10/2008,HLG,WV,AEA,CE,Federal Contract Tower,0,2,4,0,6,0,9,50,9,68,0,11,54,9,74,98,0,98,172
10/11/2008,HLG,WV,AEA,CE,Federal Contract Tower,0,4,1,0,5,0,2,55,0,57,0,6,56,0,62,180,0,180,242
10/12/2008,HLG,WV,AEA,CE,Federal Contract Tower,0,3,4,0,7,0,2,46,0,48,0,5,50,0,55,168,0,168,223
10/13/2008,HLG,WV,AEA,CE,Federal Contract Tower,0,7,6,0,13,0,4,94,5,103,0,11,100,5,116,190,0,190,306
10/14/2008,HLG,WV,AEA,CE,Federal Contract Tower,0,4,6,2,12,0,2,72,12,86,0,6,78,14,98,188,44,232,330
10/15/2008,HLG,WV,AEA,CE,Federal Contract Tower,0,3,4,8,15,0,1,48,8,57,0,4,52,16,72,128,32,160,232
10/16/2008,HLG,WV,AEA,CE,Federal Contract Tower,0,3,0,0,3,0,6,43,8,57,0,9,43,8,60,18,10,28,88
10/17/2008,HLG,WV,AEA,CE,Federal Contract Tower,0,6,6,0,12,0,1,32,4,37,0,7,38,4,49,12,6,18,67
10/18/2008,HLG,WV,AEA,CE,Federal Contract Tower,0,0,2,0,2,0,0,23,3,26,0,0,25,3,28,40,0,40,68
10/19/2008,HLG,WV,AEA,CE,Federal Contract Tower,0,1,0,0,1,0,6,47,14,67,0,7,47,14,68,120,66,186,254
10/20/2008,HLG,WV,AEA,CE,Federal Contract Tower,0,4,4,2,10,0,4,40,0,44,0,8,44,2,54,160,0,160,214
10/21/2008,HLG,WV,AEA,CE,Federal Contract Tower,0,7,1,0,8,0,0,50,0,50,0,7,51,0,58,156,0,156,214
10/22/2008,HLG,WV,AEA,CE,Federal Contract Tower,0,2,1,6,9,0,0,62,8,70,0,2,63,14,79,156,0,156,235
10/23/2008,HLG,WV,AEA,CE,Federal Contract Tower,0,4,5,0,9,0,4,18,4,26,0,8,23,4,35,0,16,16,51
10/24/2008,HLG,WV,AEA,CE,Federal Contract Tower,0,2,6,0,8,0,6,48,10,64,0,8,54,10,72,26,78,104,176
10/25/2008,HLG,WV,AEA,CE,Federal Contract Tower,0,0,2,0,2,0,2,16,4,22,0,2,18,4,24,8,0,8,32
10/26/2008,HLG,WV,AEA,CE,Federal Contract Tower,0,2,0,0,2,0,0,4,2,6,0,2,4,2,8,18,0,18,26
10/27/2008,HLG,WV,AEA,CE,Federal Contract Tower,0,7,0,1,8,0,2,27,9,38,0,9,27,10,46,0,0,0,46
10/28/2008,HLG,WV,AEA,CE,Federal Contract Tower,0,2,0,0,2,0,0,7,0,7,0,2,7,0,9,0,0,0,9
10/29/2008,HLG,WV,AEA,CE,Federal Contract Tower,0,3,1,4,8,0,6,31,29,66,0,9,32,33,74,20,102,122,196
10/30/2008,HLG,WV,AEA,CE,Federal Contract Tower,0,4,0,8,12,0,7,47,15,69,0,11,47,23,81,8,104,112,193
10/31/2008,HLG,WV,AEA,CE,Federal Contract Tower,0,3,2,0,5,0,2,31,16,49,0,5,33,16,54,26,68,94,148
11/01/2008,HLG,WV,AEA,CE,Federal Contract Tower,0,2,0,0,2,0,2,34,40,76,0,4,34,40,78,30,78,108,186
11/02/2008,HLG,WV,AEA,CE,Federal Contract Tower,0,0,2,2,4,0,2,54,14,70,0,2,56,16,74,142,32,174,248
11/03/2008,HLG,WV,AEA,CE,Federal Contract Tower,0,5,0,0,5,0,0,37,34,71,0,5,37,34,76,46,224,270,346
11/04/2008,HLG,WV,AEA,CE,Federal Contract Tower,0,5,0,0,5,0,4,51,20,75,0,9,51,20,80,98,82,180,260
11/05/2008,HLG,WV,AEA,CE,Federal Contract Tower,0,2,0,0,2,0,0,38,6,44,0,2,38,6,46,12,116,128,174
11/06/2008,HLG,WV,AEA,CE,Federal Contract Tower,0,1,0,4,5,0,4,38,6,48,0,5,38,10,53,38,76,114,167
11/07/2008,HLG,WV,AEA,CE,Federal Contract Tower,0,2,1,0,3,0,2,42,4,48,0,4,43,4,51,42,0,42,93
11/08/2008,HLG,WV,AEA,CE,Federal Contract Tower,0,0,2,0,2,0,0,45,13,58,0,0,47,13,60,74,0,74,134
11/09/2008,HLG,WV,AEA,CE,Federal Contract Tower,0,0,1,0,1,0,0,9,0,9,0,0,10,0,10,0,0,0,10
11/10/2008,HLG,WV,AEA,CE,Federal Contract Tower,0,4,0,0,4,0,4,1,2,7,0,8,1,2,11,0,0,0,11
11/11/2008,HLG,WV,AEA,CE,Federal Contract Tower,0,0,2,0,2,0,6,55,0,61,0,6,57,0,63,40,0,40,103
11/12/2008,HLG,WV,AEA,CE,Federal Contract Tower,0,3,1,0,4,0,4,34,7,45,0,7,35,7,49,10,0,10,59
11/13/2008,HLG,WV,AEA,CE,Federal Contract Tower,0,4,4,0,8,0,8,18,10,36,0,12,22,10,44,0,28,28,72
11/14/2008,HLG,WV,AEA,CE,Federal Contract Tower,0,0,3,0,3,0,14,29,8,51,0,14,32,8,54,8,38,46,100
11/15/2008,HLG,WV,AEA,CE,Federal Contract Tower,0,0,0,0,0,0,0,0,0,0,0,0,0,0,0,0,0,0,0
11/16/2008,HLG,WV,AEA,CE,Federal Contract Tower,0,0,0,0,0,0,0,14,4,18,0,0,14,4,18,30,108,138,156
11/17/2008,HLG,WV,AEA,CE,Federal Contract Tower,0,4,0,4,8,0,0,15,6,21,0,4,15,10,29,0,50,50,79
11/18/2008,HLG,WV,AEA,CE,Federal Contract Tower,0,2,1,7,10,0,0,25,25,50,0,2,26,32,60,40,168,208,268
11/19/2008,HLG,WV,AEA,CE,Federal Contract Tower,0,4,0,0,4,0,0,47,12,59,0,4,47,12,63,0,128,128,191
11/20/2008,HLG,WV,AEA,CE,Federal Contract Tower,0,1,2,4,7,0,2,25,4,31,0,3,27,8,38,0,0,0,38
11/21/2008,HLG,WV,AEA,CE,Federal Contract Tower,0,1,4,0,5,0,2,5,0,7,0,3,9,0,12,34,0,34,46
11/22/2008,HLG,WV,AEA,CE,Federal Contract Tower,0,0,1,0,1,0,10,22,0,32,0,10,23,0,33,20,0,20,53
11/23/2008,HLG,WV,AEA,CE,Federal Contract Tower,0,0,1,0,1,0,4,20,2,26,0,4,21,2,27,40,0,40,67
11/24/2008,HLG,WV,AEA,CE,Federal Contract Tower,0,1,2,0,3,0,0,35,4,39,0,1,37,4,42,0,62,62,104
11/25/2008,HLG,WV,AEA,CE,Federal Contract Tower,0,0,0,4,4,0,0,4,0,4,0,0,4,4,8,22,0,22,30
11/26/2008,HLG,WV,AEA,CE,Federal Contract Tower,0,3,0,0,3,0,2,0,0,2,0,5,0,0,5,0,0,0,5
11/27/2008,HLG,WV,AEA,CE,Federal Contract Tower,0,0,0,0,0,0,0,7,0,7,0,0,7,0,7,0,0,0,7
11/28/2008,HLG,WV,AEA,CE,Federal Contract Tower,0,3,6,0,9,0,4,29,0,33,0,7,35,0,42,18,0,18,60
11/29/2008,HLG,WV,AEA,CE,Federal Contract Tower,0,1,0,0,1,0,4,44,12,60,0,5,44,12,61,40,6,46,107
11/30/2008,HLG,WV,AEA,CE,Federal Contract Tower,0,0,1,0,1,0,0,5,0,5,0,0,6,0,6,22,0,22,28
12/01/2008,HLG,WV,AEA,CE,Federal Contract Tower,0,3,0,0,3,0,4,9,5,18,0,7,9,5,21,0,0,0,21
12/02/2008,HLG,WV,AEA,CE,Federal Contract Tower,0,3,0,0,3,0,0,0,40,40,0,3,0,40,43,0,0,0,43
12/03/2008,HLG,WV,AEA,CE,Federal Contract Tower,0,9,0,2,11,0,0,33,10,43,0,9,33,12,54,24,28,52,106
12/04/2008,HLG,WV,AEA,CE,Federal Contract Tower,0,0,0,0,0,0,1,0,6,7,0,1,0,6,7,0,60,60,67
12/05/2008,HLG,WV,AEA,CE,Federal Contract Tower,0,1,18,0,19,0,2,8,2,12,0,3,26,2,31,0,0,0,31
12/06/2008,HLG,WV,AEA,CE,Federal Contract Tower,0,3,5,8,16,0,1,18,2,21,0,4,23,10,37,0,12,12,49
12/07/2008,HLG,WV,AEA,CE,Federal Contract Tower,0,3,0,0,3,0,1,5,0,6,0,4,5,0,9,0,0,0,9
12/08/2008,HLG,WV,AEA,CE,Federal Contract Tower,0,1,20,0,21,0,0,50,21,71,0,1,70,21,92,0,98,98,190
12/09/2008,HLG,WV,AEA,CE,Federal Contract Tower,0,0,2,2,4,0,0,34,22,56,0,0,36,24,60,60,194,254,314
12/10/2008,HLG,WV,AEA,CE,Federal Contract Tower,0,32,9,28,69,0,0,0,0,0,0,32,9,28,69,0,0,0,69
12/11/2008,HLG,WV,AEA,CE,Federal Contract Tower,0,1,0,0,1,0,0,0,0,0,0,1,0,0,1,0,0,0,1
12/12/2008,HLG,WV,AEA,CE,Federal Contract Tower,0,4,0,0,4,0,2,0,5,7,0,6,0,5,11,0,54,54,65
12/13/2008,HLG,WV,AEA,CE,Federal Contract Tower,0,0,0,0,0,0,3,29,4,36,0,3,29,4,36,18,44,62,98
12/14/2008,HLG,WV,AEA,CE,Federal Contract Tower,0,6,2,0,8,0,0,39,1,40,0,6,41,1,48,70,0,70,118
12/15/2008,HLG,WV,AEA,CE,Federal Contract Tower,0,0,1,0,1,0,0,0,4,4,0,0,1,4,5,0,60,60,65
12/16/2008,HLG,WV,AEA,CE,Federal Contract Tower,0,1,2,8,11,0,0,7,5,12,0,1,9,13,23,12,48,60,83
12/17/2008,HLG,WV,AEA,CE,Federal Contract Tower,0,3,0,0,3,0,0,0,2,2,0,3,0,2,5,0,20,20,25
12/18/2008,HLG,WV,AEA,CE,Federal Contract Tower,0,0,0,8,8,0,2,25,6,33,0,2,25,14,41,0,0,0,41
12/19/2008,HLG,WV,AEA,CE,Federal Contract Tower,0,0,1,0,1,0,0,0,0,0,0,0,1,0,1,0,0,0,1
12/20/2008,HLG,WV,AEA,CE,Federal Contract Tower,0,0,7,0,7,0,0,15,0,15,0,0,22,0,22,10,0,10,32
12/21/2008,HLG,WV,AEA,CE,Federal Contract Tower,0,0,0,0,0,0,4,0,0,4,0,4,0,0,4,0,0,0,4
12/22/2008,HLG,WV,AEA,CE,Federal Contract Tower,0,0,0,0,0,0,0,9,7,16,0,0,9,7,16,8,68,76,92
12/23/2008,HLG,WV,AEA,CE,Federal Contract Tower,0,0,2,0,2,0,0,30,0,30,0,0,32,0,32,32,0,32,64
12/24/2008,HLG,WV,AEA,CE,Federal Contract Tower,0,0,0,0,0,0,0,0,0,0,0,0,0,0,0,0,0,0,0
12/25/2008,HLG,WV,AEA,CE,Federal Contract Tower,0,2,2,0,4,0,9,16,0,25,0,11,18,0,29,8,0,8,37
12/26/2008,HLG,WV,AEA,CE,Federal Contract Tower,0,1,2,0,3,0,6,19,0,25,0,7,21,0,28,12,0,12,40
12/27/2008,HLG,WV,AEA,CE,Federal Contract Tower,0,0,1,0,1,0,1,17,0,18,0,1,18,0,19,26,0,26,45
12/28/2008,HLG,WV,AEA,CE,Federal Contract Tower,0,1,0,0,1,0,0,1,0,1,0,1,1,0,2,0,0,0,2
12/29/2008,HLG,WV,AEA,CE,Federal Contract Tower,0,0,0,0,0,0,2,39,0,41,0,2,39,0,41,82,0,82,123
12/30/2008,HLG,WV,AEA,CE,Federal Contract Tower,0,3,7,0,10,0,8,73,14,95,0,11,80,14,105,164,10,174,279
12/31/2008,HLG,WV,AEA,CE,Federal Contract Tower,0,2,0,0,2,0,0,0,0,0,0,2,0,0,2,0,0,0,2
01/01/2009,HLG,WV,AEA,CE,Federal Contract Tower,0,0,0,0,0,0,4,6,0,10,0,4,6,0,10,0,0,0,10
01/02/2009,HLG,WV,AEA,CE,Federal Contract Tower,0,4,0,0,4,0,3,2,0,5,0,7,2,0,9,20,0,20,29
01/03/2009,HLG,WV,AEA,CE,Federal Contract Tower,0,1,3,0,4,0,0,65,0,65,0,1,68,0,69,116,0,116,185
01/04/2009,HLG,WV,AEA,CE,Federal Contract Tower,0,2,0,0,2,0,0,0,0,0,0,2,0,0,2,0,0,0,2
01/05/2009,HLG,WV,AEA,CE,Federal Contract Tower,0,4,5,0,9,0,6,60,13,79,0,10,65,13,88,140,46,186,274
01/06/2009,HLG,WV,AEA,CE,Federal Contract Tower,0,2,0,0,2,0,0,0,0,0,0,2,0,0,2,0,0,0,2
01/07/2009,HLG,WV,AEA,CE,Federal Contract Tower,0,2,0,0,2,0,0,0,0,0,0,2,0,0,2,0,0,0,2
01/08/2009,HLG,WV,AEA,CE,Federal Contract Tower,0,0,1,0,1,0,2,0,2,4,0,2,1,2,5,0,30,30,35
01/09/2009,HLG,WV,AEA,CE,Federal Contract Tower,0,0,0,0,0,0,2,13,7,22,0,2,13,7,22,0,88,88,110
01/10/2009,HLG,WV,AEA,CE,Federal Contract Tower,0,4,0,0,4,0,0,0,0,0,0,4,0,0,4,0,0,0,4
01/11/2009,HLG,WV,AEA,CE,Federal Contract Tower,0,0,0,0,0,0,0,0,0,0,0,0,0,0,0,0,0,0,0
01/12/2009,HLG,WV,AEA,CE,Federal Contract Tower,0,3,1,0,4,0,0,0,6,6,0,3,1,6,10,0,30,30,40
01/13/2009,HLG,WV,AEA,CE,Federal Contract Tower,0,11,1,2,14,0,0,0,3,3,0,11,1,5,17,0,6,6,23
01/14/2009,HLG,WV,AEA,CE,Federal Contract Tower,0,2,6,4,12,0,0,5,4,9,0,2,11,8,21,0,26,26,47
01/15/2009,HLG,WV,AEA,CE,Federal Contract Tower,0,2,1,0,3,0,10,6,2,18,0,12,7,2,21,0,16,16,37
01/16/2009,HLG,WV,AEA,CE,Federal Contract Tower,0,3,1,2,6,0,0,2,8,10,0,3,3,10,16,0,20,20,36
01/17/2009,HLG,WV,AEA,CE,Federal Contract Tower,0,1,9,0,10,0,0,32,2,34,0,1,41,2,44,86,0,86,130
01/18/2009,HLG,WV,AEA,CE,Federal Contract Tower,0,3,0,0,3,0,0,0,0,0,0,3,0,0,3,0,0,0,3
01/19/2009,HLG,WV,AEA,CE,Federal Contract Tower,0,4,1,0,5,0,2,3,3,8,0,6,4,3,13,36,28,64,77
01/20/2009,HLG,WV,AEA,CE,Federal Contract Tower,0,0,0,2,2,0,0,0,0,0,0,0,0,2,2,0,0,0,2
01/21/2009,HLG,WV,AEA,CE,Federal Contract Tower,0,2,4,0,6,0,13,7,4,24,0,15,11,4,30,0,78,78,108
01/22/2009,HLG,WV,AEA,CE,Federal Contract Tower,0,1,3,4,8,0,1,13,28,42,0,2,16,32,50,4,160,164,214
01/23/2009,HLG,WV,AEA,CE,Federal Contract Tower,0,3,0,2,5,0,1,58,14,73,0,4,58,16,78,20,118,138,216
01/24/2009,HLG,WV,AEA,CE,Federal Contract Tower,0,0,2,0,2,0,0,30,4,34,0,0,32,4,36,14,24,38,74
01/25/2009,HLG,WV,AEA,CE,Federal Contract Tower,0,0,9,0,9,0,2,4,6,12,0,2,13,6,21,0,0,0,21
01/26/2009,HLG,WV,AEA,CE,Federal Contract Tower,0,2,5,0,7,0,0,0,0,0,0,2,5,0,7,0,0,0,7
01/27/2009,HLG,WV,AEA,CE,Federal Contract Tower,0,0,0,4,4,0,0,0,4,4,0,0,0,8,8,0,0,0,8
01/28/2009,HLG,WV,AEA,CE,Federal Contract Tower,0,0,0,0,0,0,20,0,0,20,0,20,0,0,20,20,0,20,40
01/29/2009,HLG,WV,AEA,CE,Federal Contract Tower,0,2,2,0,4,0,0,0,0,0,0,2,2,0,4,0,0,0,4
01/30/2009,HLG,WV,AEA,CE,Federal Contract Tower,0,2,0,0,2,0,0,0,0,0,0,2,0,0,2,0,0,0,2
01/31/2009,HLG,WV,AEA,CE,Federal Contract Tower,0,0,0,0,0,0,0,10,0,10,0,0,10,0,10,0,0,0,10
02/01/2009,HLG,WV,AEA,CE,Federal Contract Tower,0,0,2,0,2,0,1,34,16,51,0,1,36,16,53,106,0,106,159
02/02/2009,HLG,WV,AEA,CE,Federal Contract Tower,0,1,0,0,1,0,4,10,24,38,0,5,10,24,39,0,106,106,145
02/03/2009,HLG,WV,AEA,CE,Federal Contract Tower,0,1,0,8,9,0,3,14,13,30,0,4,14,21,39,0,132,132,171
02/04/2009,HLG,WV,AEA,CE,Federal Contract Tower,0,1,0,0,1,0,0,0,0,0,0,1,0,0,1,0,0,0,1
02/05/2009,HLG,WV,AEA,CE,Federal Contract Tower,0,0,0,1,1,0,2,37,19,58,0,2,37,20,59,0,126,126,185
02/06/2009,HLG,WV,AEA,CE,Federal Contract Tower,0,1,2,6,9,0,4,52,9,65,0,5,54,15,74,0,44,44,118
02/07/2009,HLG,WV,AEA,CE,Federal Contract Tower,0,0,0,0,0,0,0,16,36,52,0,0,16,36,52,16,194,210,262
02/08/2009,HLG,WV,AEA,CE,Federal Contract Tower,0,0,0,0,0,0,2,44,43,89,0,2,44,43,89,98,178,276,365
02/09/2009,HLG,WV,AEA,CE,Federal Contract Tower,0,6,2,2,10,0,4,21,15,40,0,10,23,17,50,40,108,148,198
02/10/2009,HLG,WV,AEA,CE,Federal Contract Tower,0,0,2,2,4,0,0,21,20,41,0,0,23,22,45,2,188,190,235
02/11/2009,HLG,WV,AEA,CE,Federal Contract Tower,0,2,2,0,4,0,0,17,11,28,0,2,19,11,32,0,98,98,130
02/12/2009,HLG,WV,AEA,CE,Federal Contract Tower,0,2,0,0,2,0,0,0,4,4,0,2,0,4,6,0,0,0,6
02/13/2009,HLG,WV,AEA,CE,Federal Contract Tower,0,0,4,0,4,0,2,20,10,32,0,2,24,10,36,0,86,86,122
02/14/2009,HLG,WV,AEA,CE,Federal Contract Tower,0,0,2,0,2,0,0,7,0,7,0,0,9,0,9,8,0,8,17
02/15/2009,HLG,WV,AEA,CE,Federal Contract Tower,0,2,0,0,2,0,0,24,0,24,0,2,24,0,26,108,0,108,134
02/16/2009,HLG,WV,AEA,CE,Federal Contract Tower,0,5,9,0,14,0,4,21,0,25,0,9,30,0,39,114,0,114,153
02/17/2009,HLG,WV,AEA,CE,Federal Contract Tower,0,0,4,20,24,0,4,40,9,53,0,4,44,29,77,138,36,174,251
02/18/2009,HLG,WV,AEA,CE,Federal Contract Tower,0,1,2,0,3,0,0,0,5,5,0,1,2,5,8,0,82,82,90
02/19/2009,HLG,WV,AEA,CE,Federal Contract Tower,0,5,3,0,8,0,0,0,0,0,0,5,3,0,8,0,18,18,26
02/20/2009,HLG,WV,AEA,CE,Federal Contract Tower,0,2,0,2,4,0,2,5,13,20,0,4,5,15,24,0,110,110,134
02/21/2009,HLG,WV,AEA,CE,Federal Contract Tower,0,0,0,0,0,0,2,34,14,50,0,2,34,14,50,92,112,204,254
02/22/2009,HLG,WV,AEA,CE,Federal Contract Tower,0,0,0,0,0,0,0,6,12,18,0,0,6,12,18,0,188,188,206
02/23/2009,HLG,WV,AEA,CE,Federal Contract Tower,0,3,0,0,3,0,0,0,0,0,0,3,0,0,3,70,0,70,73
02/24/2009,HLG,WV,AEA,CE,Federal Contract Tower,0,3,2,4,9,0,0,48,11,59,0,3,50,15,68,70,62,132,200
02/25/2009,HLG,WV,AEA,CE,Federal Contract Tower,0,4,0,2,6,0,2,12,13,27,0,6,12,15,33,12,80,92,125
02/26/2009,HLG,WV,AEA,CE,Federal Contract Tower,0,3,2,12,17,0,0,16,16,32,0,3,18,28,49,0,114,114,163
02/27/2009,HLG,WV,AEA,CE,Federal Contract Tower,0,0,0,0,0,0,0,2,0,2,0,0,2,0,2,0,0,0,2
02/28/2009,HLG,WV,AEA,CE,Federal Contract Tower,0,2,0,0,2,0,4,15,8,27,0,6,15,8,29,26,8,34,63
03/01/2009,HLG,WV,AEA,CE,Federal Contract Tower,0,1,2,0,3,0,5,26,0,31,0,6,28,0,34,44,0,44,78
03/02/2009,HLG,WV,AEA,CE,Federal Contract Tower,0,4,1,0,5,0,0,10,4,14,0,4,11,4,19,0,16,16,35
03/03/2009,HLG,WV,AEA,CE,Federal Contract Tower,0,5,8,6,19,0,3,53,21,77,0,8,61,27,96,14,48,62,158
03/04/2009,HLG,WV,AEA,CE,Federal Contract Tower,0,0,0,0,0,0,0,38,4,42,0,0,38,4,42,0,30,30,72
03/05/2009,HLG,WV,AEA,CE,Federal Contract Tower,0,5,1,0,6,0,0,20,17,37,0,5,21,17,43,0,88,88,131
03/06/2009,HLG,WV,AEA,CE,Federal Contract Tower,0,3,0,6,9,0,0,30,8,38,0,3,30,14,47,0,90,90,137
03/07/2009,HLG,WV,AEA,CE,Federal Contract Tower,0,0,3,0,3,0,6,31,12,49,0,6,34,12,52,20,0,20,72
03/08/2009,HLG,WV,AEA,CE,Federal Contract Tower,0,2,0,0,2,0,2,18,3,23,0,4,18,3,25,92,14,106,131
03/09/2009,HLG,WV,AEA,CE,Federal Contract Tower,0,1,2,0,3,0,0,43,0,43,0,1,45,0,46,88,0,88,134
03/10/2009,HLG,WV,AEA,CE,Federal Contract Tower,0,7,1,7,15,0,0,21,18,39,0,7,22,25,54,0,0,0,54
03/11/2009,HLG,WV,AEA,CE,Federal Contract Tower,0,1,1,4,6,0,2,0,12,14,0,3,1,16,20,0,30,30,50
03/12/2009,HLG,WV,AEA,CE,Federal Contract Tower,0,1,6,0,7,0,6,35,2,43,0,7,41,2,50,0,0,0,50
03/13/2009,HLG,WV,AEA,CE,Federal Contract Tower,0,2,17,0,19,0,5,24,6,35,0,7,41,6,54,0,0,0,54
03/14/2009,HLG,WV,AEA,CE,Federal Contract Tower,0,0,5,0,5,0,0,78,0,78,0,0,83,0,83,124,0,124,207
03/15/2009,HLG,WV,AEA,CE,Federal Contract Tower,0,0,8,0,8,0,2,41,0,43,0,2,49,0,51,128,0,128,179
03/16/2009,HLG,WV,AEA,CE,Federal Contract Tower,0,1,4,0,5,0,4,26,7,37,0,5,30,7,42,14,66,80,122
03/17/2009,HLG,WV,AEA,CE,Federal Contract Tower,0,1,1,12,14,0,0,39,7,46,0,1,40,19,60,48,128,176,236
03/18/2009,HLG,WV,AEA,CE,Federal Contract Tower,0,5,0,2,7,0,4,28,6,38,0,9,28,8,45,8,72,80,125
03/19/2009,HLG,WV,AEA,CE,Federal Contract Tower,0,1,0,10,11,0,4,17,14,35,0,5,17,24,46,16,82,98,144
03/20/2009,HLG,WV,AEA,CE,Federal Contract Tower,0,2,1,0,3,0,4,21,12,37,0,6,22,12,40,26,92,118,158
03/21/2009,HLG,WV,AEA,CE,Federal Contract Tower,0,0,6,2,8,0,3,64,7,74,0,3,70,9,82,146,0,146,228
03/22/2009,HLG,WV,AEA,CE,Federal Contract Tower,0,0,6,0,6,0,0,64,4,68,0,0,70,4,74,14,0,14,88
03/23/2009,HLG,WV,AEA,CE,Federal Contract Tower,0,3,2,0,5,0,0,14,27,41,0,3,16,27,46,0,112,112,158
03/24/2009,HLG,WV,AEA,CE,Federal Contract Tower,0,4,0,0,4,0,1,56,4,61,0,5,56,4,65,130,42,172,237
03/25/2009,HLG,WV,AEA,CE,Federal Contract Tower,0,1,3,3,7,0,0,0,0,0,0,1,3,3,7,0,0,0,7
03/26/2009,HLG,WV,AEA,CE,Federal Contract Tower,0,0,2,2,4,0,0,0,0,0,0,0,2,2,4,0,0,0,4
03/27/2009,HLG,WV,AEA,CE,Federal Contract Tower,0,0,4,0,4,0,12,16,5,33,0,12,20,5,37,122,66,188,225
03/28/2009,HLG,WV,AEA,CE,Federal Contract Tower,0,0,0,0,0,0,2,17,2,21,0,2,17,2,21,18,0,18,39
03/29/2009,HLG,WV,AEA,CE,Federal Contract Tower,0,0,0,0,0,0,0,4,0,4,0,0,4,0,4,54,0,54,58
03/30/2009,HLG,WV,AEA,CE,Federal Contract Tower,0,1,0,0,1,0,16,40,0,56,0,17,40,0,57,52,0,52,109
03/31/2009,HLG,WV,AEA,CE,Federal Contract Tower,0,2,1,10,13,0,0,42,26,68,0,2,43,36,81,138,164,302,383
04/01/2009,HLG,WV,AEA,CE,Federal Contract Tower,0,9,2,0,11,0,2,44,4,50,0,11,46,4,61,70,26,96,157
04/02/2009,HLG,WV,AEA,CE,Federal Contract Tower,0,7,2,3,12,0,0,52,18,70,0,7,54,21,82,6,98,104,186
04/03/2009,HLG,WV,AEA,CE,Federal Contract Tower,0,1,0,0,1,0,0,0,0,0,0,1,0,0,1,0,0,0,1
04/04/2009,HLG,WV,AEA,CE,Federal Contract Tower,0,0,1,0,1,0,0,20,44,64,0,0,21,44,65,54,96,150,215
04/05/2009,HLG,WV,AEA,CE,Federal Contract Tower,0,1,2,0,3,0,0,62,5,67,0,1,64,5,70,158,0,158,228
04/06/2009,HLG,WV,AEA,CE,Federal Contract Tower,0,1,2,0,3,0,0,0,0,0,0,1,2,0,3,0,28,28,31
04/07/2009,HLG,WV,AEA,CE,Federal Contract Tower,0,0,0,8,8,0,0,7,4,11,0,0,7,12,19,0,12,12,31
04/08/2009,HLG,WV,AEA,CE,Federal Contract Tower,0,5,8,0,13,0,4,24,6,34,0,9,32,6,47,0,0,0,47
04/09/2009,HLG,WV,AEA,CE,Federal Contract Tower,0,2,1,2,5,0,0,48,15,63,0,2,49,17,68,4,44,48,116
04/10/2009,HLG,WV,AEA,CE,Federal Contract Tower,0,0,6,0,6,0,2,0,0,2,0,2,6,0,8,0,0,0,8
04/11/2009,HLG,WV,AEA,CE,Federal Contract Tower,0,0,1,0,1,0,0,40,0,40,0,0,41,0,41,104,0,104,145
04/12/2009,HLG,WV,AEA,CE,Federal Contract Tower,0,2,0,0,2,0,0,36,0,36,0,2,36,0,38,0,0,0,38
04/13/2009,HLG,WV,AEA,CE,Federal Contract Tower,0,5,6,2,13,0,0,44,0,44,0,5,50,2,57,0,0,0,57
04/14/2009,HLG,WV,AEA,CE,Federal Contract Tower,0,4,2,4,10,0,0,5,4,9,0,4,7,8,19,0,0,0,19
04/15/2009,HLG,WV,AEA,CE,Federal Contract Tower,0,4,2,0,6,0,0,0,0,0,0,4,2,0,6,0,0,0,6
04/16/2009,HLG,WV,AEA,CE,Federal Contract Tower,0,2,5,8,15,0,2,50,13,65,0,4,55,21,80,10,100,110,190
04/17/2009,HLG,WV,AEA,CE,Federal Contract Tower,0,8,4,2,14,0,4,41,7,52,0,12,45,9,66,98,58,156,222
04/18/2009,HLG,WV,AEA,CE,Federal Contract Tower,0,0,0,0,0,0,10,70,0,80,0,10,70,0,80,158,0,158,238
04/19/2009,HLG,WV,AEA,CE,Federal Contract Tower,0,0,0,0,0,0,0,34,0,34,0,0,34,0,34,118,0,118,152
04/20/2009,HLG,WV,AEA,CE,Federal Contract Tower,0,4,0,0,4,0,0,36,0,36,0,4,36,0,40,40,0,40,80
04/21/2009,HLG,WV,AEA,CE,Federal Contract Tower,0,2,2,4,8,0,0,22,6,28,0,2,24,10,36,0,96,96,132
04/22/2009,HLG,WV,AEA,CE,Federal Contract Tower,0,8,3,1,12,0,2,4,2,8,0,10,7,3,20,0,0,0,20
04/23/2009,HLG,WV,AEA,CE,Federal Contract Tower,0,0,12,12,24,0,8,43,9,60,0,8,55,21,84,42,0,42,126
04/24/2009,HLG,WV,AEA,CE,Federal Contract Tower,0,4,2,12,18,0,1,34,11,46,0,5,36,23,64,6,68,74,138
04/25/2009,HLG,WV,AEA,CE,Federal Contract Tower,0,0,4,0,4,0,4,38,0,42,0,4,42,0,46,158,0,158,204
04/26/2009,HLG,WV,AEA,CE,Federal Contract Tower,0,0,1,3,4,0,0,26,0,26,0,0,27,3,30,58,0,58,88
04/27/2009,HLG,WV,AEA,CE,Federal Contract Tower,0,0,0,0,0,0,0,57,0,57,0,0,57,0,57,92,58,150,207
04/28/2009,HLG,WV,AEA,CE,Federal Contract Tower,0,2,1,0,3,0,1,2,0,3,0,3,3,0,6,0,0,0,6
04/29/2009,HLG,WV,AEA,CE,Federal Contract Tower,0,4,4,4,12,0,0,6,0,6,0,4,10,4,18,0,0,0,18
04/30/2009,HLG,WV,AEA,CE,Federal Contract Tower,0,2,0,2,4,0,1,11,3,15,0,3,11,5,19,0,0,0,19
05/01/2009,HLG,WV,AEA,CE,Federal Contract Tower,0,0,7,0,7,0,2,12,19,33,0,2,19,19,40,10,28,38,78
05/02/2009,HLG,WV,AEA,CE,Federal Contract Tower,0,0,7,4,11,0,0,56,2,58,0,0,63,6,69,128,16,144,213
05/03/2009,HLG,WV,AEA,CE,Federal Contract Tower,0,1,2,0,3,0,0,34,0,34,0,1,36,0,37,0,0,0,37
05/04/2009,HLG,WV,AEA,CE,Federal Contract Tower,0,7,7,4,18,0,0,52,0,52,0,7,59,4,70,146,0,146,216
05/05/2009,HLG,WV,AEA,CE,Federal Contract Tower,0,0,9,3,12,0,2,48,0,50,0,2,57,3,62,146,0,146,208
05/06/2009,HLG,WV,AEA,CE,Federal Contract Tower,0,2,6,4,12,0,0,15,7,22,0,2,21,11,34,26,40,66,100
05/07/2009,HLG,WV,AEA,CE,Federal Contract Tower,0,0,8,8,16,0,0,12,10,22,0,0,20,18,38,26,36,62,100
05/08/2009,HLG,WV,AEA,CE,Federal Contract Tower,0,0,1,0,1,0,2,31,4,37,0,2,32,4,38,14,26,40,78
05/09/2009,HLG,WV,AEA,CE,Federal Contract Tower,0,0,2,0,2,0,2,10,0,12,0,2,12,0,14,20,0,20,34
05/10/2009,HLG,WV,AEA,CE,Federal Contract Tower,0,0,0,0,0,0,0,14,6,20,0,0,14,6,20,22,12,34,54
05/11/2009,HLG,WV,AEA,CE,Federal Contract Tower,0,3,1,0,4,0,0,35,5,40,0,3,36,5,44,126,0,126,170
05/12/2009,HLG,WV,AEA,CE,Federal Contract Tower,0,3,2,8,13,0,0,54,8,62,0,3,56,16,75,162,0,162,237
05/13/2009,HLG,WV,AEA,CE,Federal Contract Tower,0,9,3,0,12,0,0,28,22,50,0,9,31,22,62,8,64,72,134
05/14/2009,HLG,WV,AEA,CE,Federal Contract Tower,0,2,2,8,12,0,0,18,7,25,0,2,20,15,37,0,38,38,75
05/15/2009,HLG,WV,AEA,CE,Federal Contract Tower,0,2,4,2,8,0,1,31,2,34,0,3,35,4,42,62,18,80,122
05/16/2009,HLG,WV,AEA,CE,Federal Contract Tower,0,0,1,2,3,0,2,5,5,12,0,2,6,7,15,0,20,20,35
05/17/2009,HLG,WV,AEA,CE,Federal Contract Tower,0,0,0,0,0,0,0,34,2,36,0,0,34,2,36,0,0,0,36
05/18/2009,HLG,WV,AEA,CE,Federal Contract Tower,0,3,0,0,3,0,4,51,8,63,0,7,51,8,66,32,46,78,144
05/19/2009,HLG,WV,AEA,CE,Federal Contract Tower,0,0,5,4,9,0,0,69,9,78,0,0,74,13,87,170,52,222,309
05/20/2009,HLG,WV,AEA,CE,Federal Contract Tower,0,5,2,4,11,0,1,42,10,53,0,6,44,14,64,58,36,94,158
05/21/2009,HLG,WV,AEA,CE,Federal Contract Tower,0,2,1,1,4,0,0,40,14,54,0,2,41,15,58,70,50,120,178
05/22/2009,HLG,WV,AEA,CE,Federal Contract Tower,0,0,7,0,7,0,3,30,3,36,0,3,37,3,43,22,0,22,65
05/23/2009,HLG,WV,AEA,CE,Federal Contract Tower,0,0,3,0,3,0,0,62,4,66,0,0,65,4,69,124,0,124,193
05/24/2009,HLG,WV,AEA,CE,Federal Contract Tower,0,0,0,0,0,0,0,12,0,12,0,0,12,0,12,22,0,22,34
05/25/2009,HLG,WV,AEA,CE,Federal Contract Tower,0,0,7,4,11,0,0,25,15,40,0,0,32,19,51,12,54,66,117
05/26/2009,HLG,WV,AEA,CE,Federal Contract Tower,0,1,2,11,14,0,0,18,3,21,0,1,20,14,35,28,0,28,63
05/27/2009,HLG,WV,AEA,CE,Federal Contract Tower,0,0,1,0,1,0,1,19,6,26,0,1,20,6,27,70,66,136,163
05/28/2009,HLG,WV,AEA,CE,Federal Contract Tower,0,1,2,0,3,0,2,15,19,36,0,3,17,19,39,0,28,28,67
05/29/2009,HLG,WV,AEA,CE,Federal Contract Tower,0,1,4,1,6,0,8,39,8,55,0,9,43,9,61,12,72,84,145
05/30/2009,HLG,WV,AEA,CE,Federal Contract Tower,0,0,6,0,6,0,0,40,0,40,0,0,46,0,46,96,0,96,142
05/31/2009,HLG,WV,AEA,CE,Federal Contract Tower,0,0,0,0,0,0,0,44,0,44,0,0,44,0,44,62,0,62,106
06/01/2009,HLG,WV,AEA,CE,Federal Contract Tower,0,8,1,2,11,0,0,107,9,116,0,8,108,11,127,148,24,172,299
06/02/2009,HLG,WV,AEA,CE,Federal Contract Tower,0,3,3,8,14,0,2,51,6,59,0,5,54,14,73,20,66,86,159
06/03/2009,HLG,WV,AEA,CE,Federal Contract Tower,0,6,2,6,14,0,0,26,5,31,0,6,28,11,45,8,36,44,89
06/04/2009,HLG,WV,AEA,CE,Federal Contract Tower,0,0,0,6,6,0,4,23,10,37,0,4,23,16,43,16,0,16,59
06/05/2009,HLG,WV,AEA,CE,Federal Contract Tower,0,3,3,7,13,0,2,21,12,35,0,5,24,19,48,0,122,122,170
06/06/2009,HLG,WV,AEA,CE,Federal Contract Tower,0,4,2,5,11,0,0,76,22,98,0,4,78,27,109,168,0,168,277
06/07/2009,HLG,WV,AEA,CE,Federal Contract Tower,0,0,0,0,0,0,0,76,4,80,0,0,76,4,80,106,0,106,186
06/08/2009,HLG,WV,AEA,CE,Federal Contract Tower,0,2,23,1,26,0,2,63,4,69,0,4,86,5,95,70,22,92,187
06/09/2009,HLG,WV,AEA,CE,Federal Contract Tower,0,6,0,10,16,0,0,50,18,68,0,6,50,28,84,134,92,226,310
06/10/2009,HLG,WV,AEA,CE,Federal Contract Tower,0,6,4,0,10,0,0,17,0,17,0,6,21,0,27,0,12,12,39
06/11/2009,HLG,WV,AEA,CE,Federal Contract Tower,0,3,1,8,12,0,2,4,0,6,0,5,5,8,18,0,0,0,18
06/12/2009,HLG,WV,AEA,CE,Federal Contract Tower,0,4,1,0,5,0,0,15,9,24,0,4,16,9,29,28,0,28,57
06/13/2009,HLG,WV,AEA,CE,Federal Contract Tower,0,3,1,2,6,0,0,58,14,72,0,3,59,16,78,138,0,138,216
06/14/2009,HLG,WV,AEA,CE,Federal Contract Tower,0,4,6,2,12,0,1,45,0,46,0,5,51,2,58,126,0,126,184
06/15/2009,HLG,WV,AEA,CE,Federal Contract Tower,0,5,2,4,11,0,0,45,3,48,0,5,47,7,59,90,12,102,161
06/16/2009,HLG,WV,AEA,CE,Federal Contract Tower,0,5,6,5,16,0,12,52,22,86,0,17,58,27,102,144,0,144,246
06/17/2009,HLG,WV,AEA,CE,Federal Contract Tower,0,1,4,4,9,0,0,14,6,20,0,1,18,10,29,0,0,0,29
06/18/2009,HLG,WV,AEA,CE,Federal Contract Tower,0,6,4,4,14,0,1,20,5,26,0,7,24,9,40,0,0,0,40
06/19/2009,HLG,WV,AEA,CE,Federal Contract Tower,0,4,0,0,4,0,4,0,0,4,0,8,0,0,8,0,0,0,8
06/20/2009,HLG,WV,AEA,CE,Federal Contract Tower,0,4,4,0,8,0,0,40,4,44,0,4,44,4,52,122,12,134,186
06/21/2009,HLG,WV,AEA,CE,Federal Contract Tower,0,0,2,0,2,0,0,38,0,38,0,0,40,0,40,40,0,40,80
06/22/2009,HLG,WV,AEA,CE,Federal Contract Tower,0,3,5,3,11,0,9,28,20,57,0,12,33,23,68,22,16,38,106
06/23/2009,HLG,WV,AEA,CE,Federal Contract Tower,0,7,6,0,13,0,0,77,9,86,0,7,83,9,99,0,0,0,99
06/24/2009,HLG,WV,AEA,CE,Federal Contract Tower,0,4,10,1,15,0,0,69,15,84,0,4,79,16,99,0,0,0,99
06/25/2009,HLG,WV,AEA,CE,Federal Contract Tower,0,8,6,6,20,0,4,48,11,63,0,12,54,17,83,32,14,46,129
06/26/2009,HLG,WV,AEA,CE,Federal Contract Tower,0,4,1,1,6,0,0,10,2,12,0,4,11,3,18,0,0,0,18
06/27/2009,HLG,WV,AEA,CE,Federal Contract Tower,0,0,2,0,2,0,0,38,13,51,0,0,40,13,53,14,0,14,67
06/28/2009,HLG,WV,AEA,CE,Federal Contract Tower,0,0,3,0,3,0,4,45,1,50,0,4,48,1,53,70,0,70,123
06/29/2009,HLG,WV,AEA,CE,Federal Contract Tower,0,4,0,2,6,0,0,52,21,73,0,4,52,23,79,166,64,230,309
06/30/2009,HLG,WV,AEA,CE,Federal Contract Tower,0,7,0,6,13,0,0,42,22,64,0,7,42,28,77,84,52,136,213
07/01/2009,HLG,WV,AEA,CE,Federal Contract Tower,0,3,1,2,6,0,0,27,11,38,0,3,28,13,44,0,54,54,98
07/02/2009,HLG,WV,AEA,CE,Federal Contract Tower,0,4,0,8,12,0,0,25,10,35,0,4,25,18,47,24,0,24,71
07/03/2009,HLG,WV,AEA,CE,Federal Contract Tower,0,0,22,0,22,0,5,43,0,48,0,5,65,0,70,20,0,20,90
07/04/2009,HLG,WV,AEA,CE,Federal Contract Tower,0,0,5,0,5,0,0,60,13,73,0,0,65,13,78,26,0,26,104
07/05/2009,HLG,WV,AEA,CE,Federal Contract Tower,0,1,2,0,3,0,0,35,6,41,0,1,37,6,44,56,8,64,108
07/06/2009,HLG,WV,AEA,CE,Federal Contract Tower,0,5,8,0,13,0,0,89,0,89,0,5,97,0,102,132,0,132,234
07/07/2009,HLG,WV,AEA,CE,Federal Contract Tower,0,2,4,0,6,0,1,64,2,67,0,3,68,2,73,44,0,44,117
07/08/2009,HLG,WV,AEA,CE,Federal Contract Tower,0,7,4,4,15,0,0,47,9,56,0,7,51,13,71,126,14,140,211
07/09/2009,HLG,WV,AEA,CE,Federal Contract Tower,0,8,2,0,10,0,0,42,4,46,0,8,44,4,56,58,0,58,114
07/10/2009,HLG,WV,AEA,CE,Federal Contract Tower,0,2,0,0,2,0,1,39,6,46,0,3,39,6,48,53,20,73,121
07/11/2009,HLG,WV,AEA,CE,Federal Contract Tower,0,1,2,5,8,0,3,15,11,29,0,4,17,16,37,39,20,59,96
07/12/2009,HLG,WV,AEA,CE,Federal Contract Tower,0,0,1,0,1,0,0,36,6,42,0,0,37,6,43,96,46,142,185
07/13/2009,HLG,WV,AEA,CE,Federal Contract Tower,0,4,0,0,4,0,1,74,0,75,0,5,74,0,79,166,0,166,245
07/14/2009,HLG,WV,AEA,CE,Federal Contract Tower,0,5,2,0,7,0,0,51,2,53,0,5,53,2,60,106,22,128,188
07/15/2009,HLG,WV,AEA,CE,Federal Contract Tower,0,0,12,0,12,0,2,47,2,51,0,2,59,2,63,132,0,132,195
07/16/2009,HLG,WV,AEA,CE,Federal Contract Tower,0,4,0,4,8,0,0,25,8,33,0,4,25,12,41,2,46,48,89
07/17/2009,HLG,WV,AEA,CE,Federal Contract Tower,0,6,2,0,8,0,4,14,0,18,0,10,16,0,26,42,0,42,68
07/18/2009,HLG,WV,AEA,CE,Federal Contract Tower,0,0,3,0,3,0,0,54,2,56,0,0,57,2,59,122,8,130,189
07/19/2009,HLG,WV,AEA,CE,Federal Contract Tower,0,3,6,0,9,0,5,54,2,61,0,8,60,2,70,144,0,144,214
07/20/2009,HLG,WV,AEA,CE,Federal Contract Tower,0,2,0,3,5,0,0,42,4,46,0,2,42,7,51,138,0,138,189
07/21/2009,HLG,WV,AEA,CE,Federal Contract Tower,0,1,1,0,2,0,0,35,10,45,0,1,36,10,47,38,0,38,85
07/22/2009,HLG,WV,AEA,CE,Federal Contract Tower,0,4,4,8,16,0,0,29,8,37,0,4,33,16,53,0,0,0,53
07/23/2009,HLG,WV,AEA,CE,Federal Contract Tower,0,6,18,2,26,0,0,21,0,21,0,6,39,2,47,6,0,6,53
07/24/2009,HLG,WV,AEA,CE,Federal Contract Tower,0,0,7,0,7,0,0,35,4,39,0,0,42,4,46,84,40,124,170
07/25/2009,HLG,WV,AEA,CE,Federal Contract Tower,0,1,1,4,6,0,0,24,6,30,0,1,25,10,36,32,64,96,132
07/26/2009,HLG,WV,AEA,CE,Federal Contract Tower,0,0,2,0,2,0,4,34,2,40,0,4,36,2,42,0,0,0,42
07/27/2009,HLG,WV,AEA,CE,Federal Contract Tower,0,11,0,0,11,0,0,79,0,79,0,11,79,0,90,270,0,270,360
07/28/2009,HLG,WV,AEA,CE,Federal Contract Tower,0,9,0,9,18,0,0,74,8,82,0,9,74,17,100,144,46,190,290
07/29/2009,HLG,WV,AEA,CE,Federal Contract Tower,0,1,2,0,3,0,0,0,0,0,0,1,2,0,3,0,0,0,3
07/30/2009,HLG,WV,AEA,CE,Federal Contract Tower,0,5,9,0,14,0,1,7,0,8,0,6,16,0,22,30,0,30,52
07/31/2009,HLG,WV,AEA,CE,Federal Contract Tower,0,0,6,1,7,0,0,29,6,35,0,0,35,7,42,42,34,76,118
08/01/2009,HLG,WV,AEA,CE,Federal Contract Tower,0,3,3,2,8,0,2,53,0,55,0,5,56,2,63,70,0,70,133
08/02/2009,HLG,WV,AEA,CE,Federal Contract Tower,0,0,4,0,4,0,0,42,10,52,0,0,46,10,56,112,0,112,168
08/03/2009,HLG,WV,AEA,CE,Federal Contract Tower,0,1,4,0,5,0,0,70,8,78,0,1,74,8,83,128,30,158,241
08/04/2009,HLG,WV,AEA,CE,Federal Contract Tower,0,5,0,7,12,0,8,72,16,96,0,13,72,23,108,156,0,156,264
08/05/2009,HLG,WV,AEA,CE,Federal Contract Tower,0,3,8,3,14,0,2,10,1,13,0,5,18,4,27,50,0,50,77
08/06/2009,HLG,WV,AEA,CE,Federal Contract Tower,0,1,2,0,3,0,6,48,4,58,0,7,50,4,61,8,46,54,115
08/07/2009,HLG,WV,AEA,CE,Federal Contract Tower,0,0,7,0,7,0,4,31,4,39,0,4,38,4,46,8,56,64,110
08/08/2009,HLG,WV,AEA,CE,Federal Contract Tower,0,0,2,0,2,0,0,40,20,60,0,0,42,20,62,52,56,108,170
08/09/2009,HLG,WV,AEA,CE,Federal Contract Tower,0,0,4,0,4,0,0,47,6,53,0,0,51,6,57,90,20,110,167
08/10/2009,HLG,WV,AEA,CE,Federal Contract Tower,0,0,0,0,0,0,0,48,8,56,0,0,48,8,56,118,24,142,198
08/11/2009,HLG,WV,AEA,CE,Federal Contract Tower,0,4,2,3,9,0,0,21,9,30,0,4,23,12,39,22,64,86,125
08/12/2009,HLG,WV,AEA,CE,Federal Contract Tower,0,0,3,0,3,0,0,2,3,5,0,0,5,3,8,0,0,0,8
08/13/2009,HLG,WV,AEA,CE,Federal Contract Tower,0,4,10,0,14,0,2,30,4,36,0,6,40,4,50,70,0,70,120
08/14/2009,HLG,WV,AEA,CE,Federal Contract Tower,0,3,14,2,19,0,7,63,0,70,0,10,77,2,89,64,0,64,153
08/15/2009,HLG,WV,AEA,CE,Federal Contract Tower,0,4,1,1,6,0,5,39,0,44,0,9,40,1,50,36,0,36,86
08/16/2009,HLG,WV,AEA,CE,Federal Contract Tower,0,0,1,0,1,0,0,50,1,51,0,0,51,1,52,8,0,8,60
08/17/2009,HLG,WV,AEA,CE,Federal Contract Tower,0,2,3,0,5,0,0,58,1,59,0,2,61,1,64,120,0,120,184
08/18/2009,HLG,WV,AEA,CE,Federal Contract Tower,0,3,9,0,12,0,0,61,0,61,0,3,70,0,73,140,0,140,213
08/19/2009,HLG,WV,AEA,CE,Federal Contract Tower,0,5,17,4,26,0,0,14,11,25,0,5,31,15,51,0,0,0,51
08/20/2009,HLG,WV,AEA,CE,Federal Contract Tower,0,4,3,0,7,0,0,15,0,15,0,4,18,0,22,0,0,0,22
08/21/2009,HLG,WV,AEA,CE,Federal Contract Tower,0,0,1,1,2,0,4,15,8,27,0,4,16,9,29,0,92,92,121
08/22/2009,HLG,WV,AEA,CE,Federal Contract Tower,0,1,0,0,1,0,5,35,12,52,0,6,35,12,53,148,52,200,253
08/23/2009,HLG,WV,AEA,CE,Federal Contract Tower,0,0,4,0,4,0,0,57,2,59,0,0,61,2,63,130,0,130,193
08/24/2009,HLG,WV,AEA,CE,Federal Contract Tower,0,9,1,0,10,0,0,42,10,52,0,9,43,10,62,140,46,186,248
08/25/2009,HLG,WV,AEA,CE,Federal Contract Tower,0,2,0,0,2,0,0,38,10,48,0,2,38,10,50,104,60,164,214
08/26/2009,HLG,WV,AEA,CE,Federal Contract Tower,0,7,12,7,26,0,1,34,3,38,0,8,46,10,64,8,0,8,72
08/27/2009,HLG,WV,AEA,CE,Federal Contract Tower,0,12,6,5,23,0,8,7,6,21,0,20,13,11,44,0,0,0,44
08/28/2009,HLG,WV,AEA,CE,Federal Contract Tower,0,1,2,1,4,0,0,0,0,0,0,1,2,1,4,0,0,0,4
08/29/2009,HLG,WV,AEA,CE,Federal Contract Tower,0,0,5,0,5,0,1,28,0,29,0,1,33,0,34,70,0,70,104
08/30/2009,HLG,WV,AEA,CE,Federal Contract Tower,0,0,2,0,2,0,1,53,2,56,0,1,55,2,58,124,0,124,182
08/31/2009,HLG,WV,AEA,CE,Federal Contract Tower,0,3,10,0,13,0,0,52,5,57,0,3,62,5,70,152,0,152,222
09/01/2009,HLG,WV,AEA,CE,Federal Contract Tower,0,6,14,0,20,0,0,50,6,56,0,6,64,6,76,110,0,110,186
09/02/2009,HLG,WV,AEA,CE,Federal Contract Tower,0,8,1,12,21,0,4,41,5,50,0,12,42,17,71,12,44,56,127
09/03/2009,HLG,WV,AEA,CE,Federal Contract Tower,0,0,4,0,4,0,5,64,14,83,0,5,68,14,87,82,0,82,169
09/04/2009,HLG,WV,AEA,CE,Federal Contract Tower,0,0,5,2,7,0,9,32,6,47,0,9,37,8,54,34,12,46,100
09/05/2009,HLG,WV,AEA,CE,Federal Contract Tower,0,0,1,0,1,0,0,61,0,61,0,0,62,0,62,118,0,118,180
09/06/2009,HLG,WV,AEA,CE,Federal Contract Tower,0,2,7,0,9,0,0,55,0,55,0,2,62,0,64,144,0,144,208
09/07/2009,HLG,WV,AEA,CE,Federal Contract Tower,0,0,30,0,30,0,0,54,0,54,0,0,84,0,84,120,0,120,204
09/08/2009,HLG,WV,AEA,CE,Federal Contract Tower,0,6,0,3,9,0,0,61,0,61,0,6,61,3,70,140,18,158,228
09/09/2009,HLG,WV,AEA,CE,Federal Contract Tower,0,3,12,0,15,0,2,75,14,91,0,5,87,14,106,54,0,54,160
09/10/2009,HLG,WV,AEA,CE,Federal Contract Tower,0,7,2,4,13,0,4,58,5,67,0,11,60,9,80,0,0,0,80
09/11/2009,HLG,WV,AEA,CE,Federal Contract Tower,0,10,3,6,19,0,0,121,10,131,0,10,124,16,150,174,0,174,324
09/12/2009,HLG,WV,AEA,CE,Federal Contract Tower,0,0,38,11,49,0,1,85,20,106,0,1,123,31,155,192,66,258,413
09/13/2009,HLG,WV,AEA,CE,Federal Contract Tower,0,3,3,0,6,0,0,123,0,123,0,3,126,0,129,142,0,142,271
09/14/2009,HLG,WV,AEA,CE,Federal Contract Tower,0,5,6,2,13,0,0,53,16,69,0,5,59,18,82,154,62,216,298
09/15/2009,HLG,WV,AEA,CE,Federal Contract Tower,0,1,2,1,4,0,0,66,6,72,0,1,68,7,76,170,0,170,246
09/16/2009,HLG,WV,AEA,CE,Federal Contract Tower,0,2,8,0,10,0,0,52,16,68,0,2,60,16,78,70,20,90,168
09/17/2009,HLG,WV,AEA,CE,Federal Contract Tower,0,2,2,2,6,0,0,35,6,41,0,2,37,8,47,0,58,58,105
09/18/2009,HLG,WV,AEA,CE,Federal Contract Tower,0,2,7,0,9,0,6,34,6,46,0,8,41,6,55,34,22,56,111
09/19/2009,HLG,WV,AEA,CE,Federal Contract Tower,0,2,0,0,2,0,2,25,6,33,0,4,25,6,35,20,0,20,55
09/20/2009,HLG,WV,AEA,CE,Federal Contract Tower,0,0,2,0,2,0,2,27,6,35,0,2,29,6,37,0,0,0,37
09/21/2009,HLG,WV,AEA,CE,Federal Contract Tower,0,1,5,0,6,0,1,9,11,21,0,2,14,11,27,12,0,12,39
09/22/2009,HLG,WV,AEA,CE,Federal Contract Tower,0,1,7,0,8,0,0,28,1,29,0,1,35,1,37,64,16,80,117
09/23/2009,HLG,WV,AEA,CE,Federal Contract Tower,0,6,10,6,22,0,0,33,13,46,0,6,43,19,68,26,26,52,120
09/24/2009,HLG,WV,AEA,CE,Federal Contract Tower,0,7,1,0,8,0,0,0,6,6,0,7,1,6,14,0,90,90,104
09/25/2009,HLG,WV,AEA,CE,Federal Contract Tower,0,7,3,0,10,0,8,1,1,10,0,15,4,1,20,0,52,52,72
09/26/2009,HLG,WV,AEA,CE,Federal Contract Tower,0,3,11,0,14,0,0,4,4,8,0,3,15,4,22,22,2,24,46
09/27/2009,HLG,WV,AEA,CE,Federal Contract Tower,0,2,1,1,4,0,1,30,5,36,0,3,31,6,40,104,0,104,144
09/28/2009,HLG,WV,AEA,CE,Federal Contract Tower,0,1,1,0,2,0,0,4,2,6,0,1,5,2,8,0,0,0,8
09/29/2009,HLG,WV,AEA,CE,Federal Contract Tower,0,5,3,2,10,0,0,4,3,7,0,5,7,5,17,14,42,56,73
09/30/2009,HLG,WV,AEA,CE,Federal Contract Tower,0,4,13,0,17,0,2,21,8,31,0,6,34,8,48,6,24,30,78
10/01/2009,HLG,WV,AEA,CE,Federal Contract Tower,0,6,3,4,13,0,4,54,7,65,0,10,57,11,78,26,0,26,104
10/02/2009,HLG,WV,AEA,CE,Federal Contract Tower,0,4,2,4,10,0,0,8,0,8,0,4,10,4,18,8,0,8,26
10/03/2009,HLG,WV,AEA,CE,Federal Contract Tower,0,2,2,0,4,0,2,15,12,29,0,4,17,12,33,26,0,26,59
10/04/2009,HLG,WV,AEA,CE,Federal Contract Tower,0,6,0,0,6,0,0,10,2,12,0,6,10,2,18,0,0,0,18
10/05/2009,HLG,WV,AEA,CE,Federal Contract Tower,0,4,2,0,6,0,0,59,3,62,0,4,61,3,68,198,0,198,266
10/06/2009,HLG,WV,AEA,CE,Federal Contract Tower,0,1,3,7,11,0,0,70,10,80,0,1,73,17,91,152,8,160,251
10/07/2009,HLG,WV,AEA,CE,Federal Contract Tower,0,6,0,0,6,0,2,2,0,4,0,8,2,0,10,0,0,0,10
10/08/2009,HLG,WV,AEA,CE,Federal Contract Tower,0,2,10,5,17,0,0,34,10,44,0,2,44,15,61,0,42,42,103
10/09/2009,HLG,WV,AEA,CE,Federal Contract Tower,0,1,5,0,6,0,0,0,0,0,0,1,5,0,6,0,0,0,6
10/10/2009,HLG,WV,AEA,CE,Federal Contract Tower,0,0,5,0,5,0,0,53,0,53,0,0,58,0,58,162,0,162,220
10/11/2009,HLG,WV,AEA,CE,Federal Contract Tower,0,3,6,0,9,0,4,53,1,58,0,7,59,1,67,118,0,118,185
10/12/2009,HLG,WV,AEA,CE,Federal Contract Tower,0,4,14,0,18,0,0,63,3,66,0,4,77,3,84,94,42,136,220
10/13/2009,HLG,WV,AEA,CE,Federal Contract Tower,0,3,4,10,17,0,4,53,10,67,0,7,57,20,84,112,48,160,244
10/14/2009,HLG,WV,AEA,CE,Federal Contract Tower,0,4,5,4,13,0,8,15,6,29,0,12,20,10,42,36,64,100,142
10/15/2009,HLG,WV,AEA,CE,Federal Contract Tower,0,3,0,2,5,0,0,0,4,4,0,3,0,6,9,0,18,18,27
10/16/2009,HLG,WV,AEA,CE,Federal Contract Tower,0,1,0,0,1,0,0,0,6,6,0,1,0,6,7,0,96,96,103
10/17/2009,HLG,WV,AEA,CE,Federal Contract Tower,0,1,6,4,11,0,0,22,4,26,0,1,28,8,37,16,0,16,53
10/18/2009,HLG,WV,AEA,CE,Federal Contract Tower,0,1,5,0,6,0,0,56,10,66,0,1,61,10,72,132,74,206,278
10/19/2009,HLG,WV,AEA,CE,Federal Contract Tower,0,1,4,2,7,0,6,56,0,62,0,7,60,2,69,160,6,166,235
10/20/2009,HLG,WV,AEA,CE,Federal Contract Tower,0,4,2,0,6,0,0,66,18,84,0,4,68,18,90,152,78,230,320
10/21/2009,HLG,WV,AEA,CE,Federal Contract Tower,0,0,6,8,14,0,0,62,8,70,0,0,68,16,84,170,8,178,262
10/22/2009,HLG,WV,AEA,CE,Federal Contract Tower,0,3,1,1,5,0,7,35,12,54,0,10,36,13,59,58,60,118,177
10/23/2009,HLG,WV,AEA,CE,Federal Contract Tower,0,9,4,0,13,0,0,2,1,3,0,9,6,1,16,0,8,8,24
10/24/2009,HLG,WV,AEA,CE,Federal Contract Tower,0,0,3,0,3,0,22,8,0,30,0,22,11,0,33,0,0,0,33
10/25/2009,HLG,WV,AEA,CE,Federal Contract Tower,0,0,5,0,5,0,0,70,1,71,0,0,75,1,76,132,0,132,208
10/26/2009,HLG,WV,AEA,CE,Federal Contract Tower,0,3,6,0,9,0,0,68,2,70,0,3,74,2,79,198,0,198,277
10/27/2009,HLG,WV,AEA,CE,Federal Contract Tower,0,1,0,2,3,0,2,75,4,81,0,3,75,6,84,134,0,134,218
10/28/2009,HLG,WV,AEA,CE,Federal Contract Tower,0,3,3,2,8,0,4,18,2,24,0,7,21,4,32,0,0,0,32
10/29/2009,HLG,WV,AEA,CE,Federal Contract Tower,0,1,6,7,14,0,0,23,14,37,0,1,29,21,51,50,8,58,109
10/30/2009,HLG,WV,AEA,CE,Federal Contract Tower,0,0,0,0,0,0,0,29,11,40,0,0,29,11,40,20,38,58,98
10/31/2009,HLG,WV,AEA,CE,Federal Contract Tower,0,0,2,0,2,0,0,9,4,13,0,0,11,4,15,16,12,28,43
11/01/2009,HLG,WV,AEA,CE,Federal Contract Tower,0,0,0,1,1,0,0,55,2,57,0,0,55,3,58,130,0,130,188
11/02/2009,HLG,WV,AEA,CE,Federal Contract Tower,0,8,0,0,8,0,0,75,5,80,0,8,75,5,88,166,48,214,302
11/03/2009,HLG,WV,AEA,CE,Federal Contract Tower,0,7,0,1,8,0,0,45,9,54,0,7,45,10,62,140,28,168,230
11/04/2009,HLG,WV,AEA,CE,Federal Contract Tower,0,0,0,0,0,0,6,13,2,21,0,6,13,2,21,20,10,30,51
11/05/2009,HLG,WV,AEA,CE,Federal Contract Tower,0,2,4,8,14,0,3,26,7,36,0,5,30,15,50,8,60,68,118
11/06/2009,HLG,WV,AEA,CE,Federal Contract Tower,0,0,0,0,0,0,2,36,9,47,0,2,36,9,47,50,50,100,147
11/07/2009,HLG,WV,AEA,CE,Federal Contract Tower,0,2,1,4,7,0,0,61,24,85,0,2,62,28,92,112,80,192,284
11/08/2009,HLG,WV,AEA,CE,Federal Contract Tower,0,0,0,0,0,0,0,67,3,70,0,0,67,3,70,152,62,214,284
11/09/2009,HLG,WV,AEA,CE,Federal Contract Tower,0,5,2,0,7,0,0,72,2,74,0,5,74,2,81,154,40,194,275
11/10/2009,HLG,WV,AEA,CE,Federal Contract Tower,0,0,2,3,5,0,8,49,3,60,0,8,51,6,65,98,44,142,207
11/11/2009,HLG,WV,AEA,CE,Federal Contract Tower,0,7,2,0,9,0,2,40,0,42,0,9,42,0,51,58,0,58,109
11/12/2009,HLG,WV,AEA,CE,Federal Contract Tower,0,4,1,4,9,0,2,50,8,60,0,6,51,12,69,72,32,104,173
11/13/2009,HLG,WV,AEA,CE,Federal Contract Tower,0,5,0,2,7,0,2,45,12,59,0,7,45,14,66,44,62,106,172
11/14/2009,HLG,WV,AEA,CE,Federal Contract Tower,0,2,0,0,2,0,2,60,0,62,0,4,60,0,64,170,0,170,234
11/15/2009,HLG,WV,AEA,CE,Federal Contract Tower,0,3,4,0,7,0,0,53,0,53,0,3,57,0,60,160,0,160,220
11/16/2009,HLG,WV,AEA,CE,Federal Contract Tower,0,8,3,0,11,0,0,78,8,86,0,8,81,8,97,176,72,248,345
11/17/2009,HLG,WV,AEA,CE,Federal Contract Tower,0,1,8,4,13,0,4,67,4,75,0,5,75,8,88,154,58,212,300
11/18/2009,HLG,WV,AEA,CE,Federal Contract Tower,0,6,4,3,13,0,0,36,9,45,0,6,40,12,58,40,48,88,146
11/19/2009,HLG,WV,AEA,CE,Federal Contract Tower,0,4,4,9,17,0,0,29,3,32,0,4,33,12,49,0,36,36,85
11/20/2009,HLG,WV,AEA,CE,Federal Contract Tower,0,9,1,0,10,0,0,53,9,62,0,9,54,9,72,34,86,120,192
11/21/2009,HLG,WV,AEA,CE,Federal Contract Tower,0,0,9,4,13,0,0,35,24,59,0,0,44,28,72,18,14,32,104
11/22/2009,HLG,WV,AEA,CE,Federal Contract Tower,0,5,4,0,9,0,0,60,4,64,0,5,64,4,73,184,20,204,277
11/23/2009,HLG,WV,AEA,CE,Federal Contract Tower,0,7,1,0,8,0,2,40,0,42,0,9,41,0,50,110,0,110,160
11/24/2009,HLG,WV,AEA,CE,Federal Contract Tower,0,3,9,0,12,0,2,66,4,72,0,5,75,4,84,198,112,310,394
11/25/2009,HLG,WV,AEA,CE,Federal Contract Tower,0,2,4,0,6,0,2,24,5,31,0,4,28,5,37,8,56,64,101
11/26/2009,HLG,WV,AEA,CE,Federal Contract Tower,0,0,0,0,0,0,0,9,0,9,0,0,9,0,9,0,0,0,9
11/27/2009,HLG,WV,AEA,CE,Federal Contract Tower,0,2,2,0,4,0,2,0,0,2,0,4,2,0,6,0,0,0,6
11/28/2009,HLG,WV,AEA,CE,Federal Contract Tower,0,0,1,0,1,0,0,62,0,62,0,0,63,0,63,89,0,89,152
11/29/2009,HLG,WV,AEA,CE,Federal Contract Tower,0,0,7,0,7,0,2,55,0,57,0,2,62,0,64,118,0,118,182
11/30/2009,HLG,WV,AEA,CE,Federal Contract Tower,0,2,1,0,3,0,2,50,0,52,0,4,51,0,55,112,0,112,167
12/01/2009,HLG,WV,AEA,CE,Federal Contract Tower,0,2,1,0,3,0,0,37,2,39,0,2,38,2,42,100,0,100,142
12/02/2009,HLG,WV,AEA,CE,Federal Contract Tower,0,8,6,0,14,0,0,16,2,18,0,8,22,2,32,30,0,30,62
12/03/2009,HLG,WV,AEA,CE,Federal Contract Tower,0,0,0,0,0,0,0,0,0,0,0,0,0,0,0,0,0,0,0
12/04/2009,HLG,WV,AEA,CE,Federal Contract Tower,0,2,2,3,7,0,4,23,11,38,0,6,25,14,45,68,44,112,157
12/05/2009,HLG,WV,AEA,CE,Federal Contract Tower,0,1,0,0,1,0,0,1,0,1,0,1,1,0,2,0,0,0,2
12/06/2009,HLG,WV,AEA,CE,Federal Contract Tower,0,1,2,0,3,0,22,54,0,76,0,23,56,0,79,162,0,162,241
12/07/2009,HLG,WV,AEA,CE,Federal Contract Tower,0,5,1,0,6,0,8,10,4,22,0,13,11,4,28,36,18,54,82
12/08/2009,HLG,WV,AEA,CE,Federal Contract Tower,0,2,2,0,4,0,0,26,2,28,0,2,28,2,32,108,42,150,182
12/09/2009,HLG,WV,AEA,CE,Federal Contract Tower,0,4,0,0,4,0,0,0,0,0,0,4,0,0,4,0,0,0,4
12/10/2009,HLG,WV,AEA,CE,Federal Contract Tower,0,4,0,0,4,0,2,0,0,2,0,6,0,0,6,0,0,0,6
12/11/2009,HLG,WV,AEA,CE,Federal Contract Tower,0,4,0,0,4,0,2,2,11,15,0,6,2,11,19,0,86,86,105
12/12/2009,HLG,WV,AEA,CE,Federal Contract Tower,0,0,0,0,0,0,0,38,12,50,0,0,38,12,50,146,70,216,266
12/13/2009,HLG,WV,AEA,CE,Federal Contract Tower,0,0,0,0,0,0,0,0,2,2,0,0,0,2,2,0,20,20,22
12/14/2009,HLG,WV,AEA,CE,Federal Contract Tower,0,2,1,0,3,0,0,64,1,65,0,2,65,1,68,240,0,240,308
12/15/2009,HLG,WV,AEA,CE,Federal Contract Tower,0,0,0,0,0,0,1,49,16,66,0,1,49,16,66,116,110,226,292
12/16/2009,HLG,WV,AEA,CE,Federal Contract Tower,0,6,6,8,20,0,1,65,11,77,0,7,71,19,97,148,58,206,303
12/17/2009,HLG,WV,AEA,CE,Federal Contract Tower,0,0,1,0,1,0,2,12,2,16,0,2,13,2,17,0,68,68,85
12/18/2009,HLG,WV,AEA,CE,Federal Contract Tower,0,2,0,0,2,0,0,25,5,30,0,2,25,5,32,0,0,0,32
12/19/2009,HLG,WV,AEA,CE,Federal Contract Tower,0,0,0,0,0,0,0,0,0,0,0,0,0,0,0,18,0,18,18
12/20/2009,HLG,WV,AEA,CE,Federal Contract Tower,0,0,1,0,1,0,0,18,1,19,0,0,19,1,20,38,0,38,58
12/21/2009,HLG,WV,AEA,CE,Federal Contract Tower,0,3,2,1,6,0,0,0,0,0,0,3,2,1,6,0,0,0,6
12/22/2009,HLG,WV,AEA,CE,Federal Contract Tower,0,7,0,2,9,0,0,2,4,6,0,7,2,6,15,0,0,0,15
12/23/2009,HLG,WV,AEA,CE,Federal Contract Tower,0,4,4,0,8,0,4,30,1,35,0,8,34,1,43,20,0,20,63
12/24/2009,HLG,WV,AEA,CE,Federal Contract Tower,0,0,0,0,0,0,0,4,1,5,0,0,4,1,5,4,0,4,9
12/25/2009,HLG,WV,AEA,CE,Federal Contract Tower,0,0,0,0,0,0,4,0,0,4,0,4,0,0,4,0,0,0,4
12/26/2009,HLG,WV,AEA,CE,Federal Contract Tower,0,1,1,0,2,0,0,12,2,14,0,1,13,2,16,32,0,32,48
12/27/2009,HLG,WV,AEA,CE,Federal Contract Tower,0,0,3,0,3,0,0,53,2,55,0,0,56,2,58,130,0,130,188
12/28/2009,HLG,WV,AEA,CE,Federal Contract Tower,0,2,2,0,4,0,0,14,0,14,0,2,16,0,18,42,0,42,60
12/29/2009,HLG,WV,AEA,CE,Federal Contract Tower,0,0,0,0,0,0,0,6,0,6,0,0,6,0,6,6,0,6,12
12/30/2009,HLG,WV,AEA,CE,Federal Contract Tower,0,2,0,4,6,0,4,35,8,47,0,6,35,12,53,0,0,0,53
12/31/2009,HLG,WV,AEA,CE,Federal Contract Tower,0,0,0,0,0,0,0,0,0,0,0,0,0,0,0,0,0,0,0
01/01/2010,HLG,WV,AEA,CE,Federal Contract Tower,0,0,0,0,0,0,0,0,0,0,0,0,0,0,0,0,0,0,0
01/02/2010,HLG,WV,AEA,CE,Federal Contract Tower,0,0,16,0,16,0,0,13,0,13,0,0,29,0,29,26,0,26,55
01/03/2010,HLG,WV,AEA,CE,Federal Contract Tower,0,1,1,0,2,0,0,0,0,0,0,1,1,0,2,16,0,16,18
01/04/2010,HLG,WV,AEA,CE,Federal Contract Tower,0,2,0,0,2,0,0,0,0,0,0,2,0,0,2,0,0,0,2
01/05/2010,HLG,WV,AEA,CE,Federal Contract Tower,0,4,0,0,4,0,0,0,0,0,0,4,0,0,4,0,0,0,4
01/06/2010,HLG,WV,AEA,CE,Federal Contract Tower,0,2,2,2,6,0,0,6,0,6,0,2,8,2,12,48,0,48,60
01/07/2010,HLG,WV,AEA,CE,Federal Contract Tower,0,0,0,0,0,0,8,0,0,8,0,8,0,0,8,0,4,4,12
01/08/2010,HLG,WV,AEA,CE,Federal Contract Tower,0,2,0,2,4,0,0,0,0,0,0,2,0,2,4,0,0,0,4
01/09/2010,HLG,WV,AEA,CE,Federal Contract Tower,0,0,2,2,4,0,0,19,21,40,0,0,21,23,44,26,118,144,188
01/10/2010,HLG,WV,AEA,CE,Federal Contract Tower,0,2,0,0,2,0,0,20,16,36,0,2,20,16,38,58,144,202,240
01/11/2010,HLG,WV,AEA,CE,Federal Contract Tower,0,0,0,6,6,0,2,4,5,11,0,2,4,11,17,0,34,34,51
01/12/2010,HLG,WV,AEA,CE,Federal Contract Tower,0,0,0,0,0,0,2,13,13,28,0,2,13,13,28,38,130,168,196
01/13/2010,HLG,WV,AEA,CE,Federal Contract Tower,0,1,1,0,2,2,0,2,2,6,2,1,3,2,8,0,0,0,8
01/14/2010,HLG,WV,AEA,CE,Federal Contract Tower,0,4,3,3,10,0,10,24,6,40,0,14,27,9,50,0,56,56,106
01/15/2010,HLG,WV,AEA,CE,Federal Contract Tower,0,0,1,0,1,0,9,26,0,35,0,9,27,0,36,46,0,46,82
01/16/2010,HLG,WV,AEA,CE,Federal Contract Tower,0,0,6,0,6,0,0,70,2,72,0,0,76,2,78,194,4,198,276
01/17/2010,HLG,WV,AEA,CE,Federal Contract Tower,0,2,0,0,2,0,0,0,0,0,0,2,0,0,2,0,0,0,2
01/18/2010,HLG,WV,AEA,CE,Federal Contract Tower,0,2,1,0,3,0,0,12,0,12,0,2,13,0,15,70,0,70,85
01/19/2010,HLG,WV,AEA,CE,Federal Contract Tower,0,3,2,10,15,0,0,40,6,46,0,3,42,16,61,0,60,60,121
01/20/2010,HLG,WV,AEA,CE,Federal Contract Tower,0,4,7,10,21,0,3,50,8,61,0,7,57,18,82,26,80,106,188
01/21/2010,HLG,WV,AEA,CE,Federal Contract Tower,0,1,2,12,15,0,0,29,18,47,0,1,31,30,62,0,196,196,258
01/22/2010,HLG,WV,AEA,CE,Federal Contract Tower,0,3,0,5,8,0,0,16,7,23,0,3,16,12,31,0,90,90,121
01/23/2010,HLG,WV,AEA,CE,Federal Contract Tower,0,3,0,0,3,0,1,56,0,57,0,4,56,0,60,180,0,180,240
01/24/2010,HLG,WV,AEA,CE,Federal Contract Tower,0,0,2,0,2,0,0,0,0,0,0,0,2,0,2,0,0,0,2
01/25/2010,HLG,WV,AEA,CE,Federal Contract Tower,0,2,3,3,8,0,1,55,6,62,0,3,58,9,70,10,40,50,120
01/26/2010,HLG,WV,AEA,CE,Federal Contract Tower,0,4,1,0,5,0,0,4,2,6,0,4,5,2,11,0,56,56,67
01/27/2010,HLG,WV,AEA,CE,Federal Contract Tower,0,2,4,4,10,0,0,34,4,38,0,2,38,8,48,56,12,68,116
01/28/2010,HLG,WV,AEA,CE,Federal Contract Tower,0,0,2,0,2,0,0,3,2,5,0,0,5,2,7,0,0,0,7
01/29/2010,HLG,WV,AEA,CE,Federal Contract Tower,0,0,2,2,4,0,0,20,16,36,0,0,22,18,40,50,20,70,110
01/30/2010,HLG,WV,AEA,CE,Federal Contract Tower,0,3,2,0,5,0,4,24,9,37,0,7,26,9,42,70,46,116,158
01/31/2010,HLG,WV,AEA,CE,Federal Contract Tower,0,1,0,2,3,0,0,40,6,46,0,1,40,8,49,86,8,94,143
02/01/2010,HLG,WV,AEA,CE,Federal Contract Tower,0,1,0,6,7,0,0,32,4,36,0,1,32,10,43,50,0,50,93
02/02/2010,HLG,WV,AEA,CE,Federal Contract Tower,0,4,0,2,6,0,0,50,4,54,0,4,50,6,60,124,12,136,196
02/03/2010,HLG,WV,AEA,CE,Federal Contract Tower,0,2,0,7,9,0,2,24,2,28,0,4,24,9,37,28,0,28,65
02/04/2010,HLG,WV,AEA,CE,Federal Contract Tower,0,0,2,0,2,0,2,41,23,66,0,2,43,23,68,62,90,152,220
02/05/2010,HLG,WV,AEA,CE,Federal Contract Tower,0,0,6,0,6,0,0,5,5,10,0,0,11,5,16,0,142,142,158
02/06/2010,HLG,WV,AEA,CE,Federal Contract Tower,0,0,0,0,0,0,4,0,0,4,0,4,0,0,4,0,0,0,4
02/07/2010,HLG,WV,AEA,CE,Federal Contract Tower,0,0,0,0,0,0,4,7,0,11,0,4,7,0,11,0,0,0,11
02/08/2010,HLG,WV,AEA,CE,Federal Contract Tower,0,0,2,2,4,0,0,18,6,24,0,0,20,8,28,0,48,48,76
02/09/2010,HLG,WV,AEA,CE,Federal Contract Tower,0,0,0,0,0,0,4,4,2,10,0,4,4,2,10,0,12,12,22
02/10/2010,HLG,WV,AEA,CE,Federal Contract Tower,0,0,0,0,0,0,0,0,0,0,0,0,0,0,0,0,0,0,0
02/11/2010,HLG,WV,AEA,CE,Federal Contract Tower,0,2,0,0,2,0,0,0,0,0,0,2,0,0,2,0,0,0,2
02/12/2010,HLG,WV,AEA,CE,Federal Contract Tower,0,6,0,2,8,0,4,0,0,4,0,10,0,2,12,0,0,0,12
02/13/2010,HLG,WV,AEA,CE,Federal Contract Tower,0,0,10,0,10,0,0,8,0,8,0,0,18,0,18,40,0,40,58
02/14/2010,HLG,WV,AEA,CE,Federal Contract Tower,0,0,0,0,0,0,0,0,0,0,0,0,0,0,0,0,0,0,0
02/15/2010,HLG,WV,AEA,CE,Federal Contract Tower,0,2,0,0,2,0,0,0,2,2,0,2,0,2,4,0,0,0,4
02/16/2010,HLG,WV,AEA,CE,Federal Contract Tower,0,0,0,0,0,0,0,0,0,0,0,0,0,0,0,0,0,0,0
02/17/2010,HLG,WV,AEA,CE,Federal Contract Tower,0,2,0,0,2,0,0,6,2,8,0,2,6,2,10,10,26,36,46
02/18/2010,HLG,WV,AEA,CE,Federal Contract Tower,0,7,1,0,8,0,0,0,8,8,0,7,1,8,16,0,68,68,84
02/19/2010,HLG,WV,AEA,CE,Federal Contract Tower,0,4,4,0,8,0,4,3,9,16,0,8,7,9,24,0,56,56,80
02/20/2010,HLG,WV,AEA,CE,Federal Contract Tower,0,0,2,2,4,0,1,31,16,48,0,1,33,18,52,94,76,170,222
02/21/2010,HLG,WV,AEA,CE,Federal Contract Tower,0,2,0,0,2,0,0,37,12,49,0,2,37,12,51,110,60,170,221
02/22/2010,HLG,WV,AEA,CE,Federal Contract Tower,0,3,0,0,3,0,0,0,0,0,0,3,0,0,3,0,0,0,3
02/23/2010,HLG,WV,AEA,CE,Federal Contract Tower,0,1,0,0,1,0,0,0,2,2,0,1,0,2,3,0,30,30,33
02/24/2010,HLG,WV,AEA,CE,Federal Contract Tower,0,3,2,2,7,0,0,25,10,35,0,3,27,12,42,34,24,58,100
02/25/2010,HLG,WV,AEA,CE,Federal Contract Tower,0,4,0,0,4,0,0,0,0,0,0,4,0,0,4,0,0,0,4
02/26/2010,HLG,WV,AEA,CE,Federal Contract Tower,0,4,0,0,4,0,0,0,0,0,0,4,0,0,4,0,0,0,4
02/27/2010,HLG,WV,AEA,CE,Federal Contract Tower,0,0,4,0,4,0,0,2,0,2,0,0,6,0,6,6,0,6,12
02/28/2010,HLG,WV,AEA,CE,Federal Contract Tower,0,4,2,0,6,0,0,2,0,2,0,4,4,0,8,0,0,0,8
03/01/2010,HLG,WV,AEA,CE,Federal Contract Tower,0,12,0,4,16,0,2,39,5,46,0,14,39,9,62,0,0,0,62
03/02/2010,HLG,WV,AEA,CE,Federal Contract Tower,0,5,2,6,13,0,0,48,24,72,0,5,50,30,85,160,126,286,371
03/03/2010,HLG,WV,AEA,CE,Federal Contract Tower,0,1,1,0,2,0,0,13,8,21,0,1,14,8,23,38,50,88,111
03/04/2010,HLG,WV,AEA,CE,Federal Contract Tower,0,0,3,0,3,0,2,28,16,46,0,2,31,16,49,52,66,118,167
03/05/2010,HLG,WV,AEA,CE,Federal Contract Tower,0,0,1,0,1,0,0,33,8,41,0,0,34,8,42,20,0,20,62
03/06/2010,HLG,WV,AEA,CE,Federal Contract Tower,0,0,6,0,6,0,0,50,0,50,0,0,56,0,56,144,0,144,200
03/07/2010,HLG,WV,AEA,CE,Federal Contract Tower,0,0,2,0,2,0,1,51,14,66,0,1,53,14,68,164,60,224,292
03/08/2010,HLG,WV,AEA,CE,Federal Contract Tower,0,3,0,4,7,0,0,56,14,70,0,3,56,18,77,166,146,312,389
03/09/2010,HLG,WV,AEA,CE,Federal Contract Tower,0,0,1,3,4,0,0,64,44,108,0,0,65,47,112,164,214,378,490
03/10/2010,HLG,WV,AEA,CE,Federal Contract Tower,0,1,4,0,5,0,7,36,11,54,0,8,40,11,59,34,74,108,167
03/11/2010,HLG,WV,AEA,CE,Federal Contract Tower,0,6,8,4,18,0,0,29,10,39,0,6,37,14,57,76,76,152,209
03/12/2010,HLG,WV,AEA,CE,Federal Contract Tower,0,0,2,6,8,0,0,29,14,43,0,0,31,20,51,24,46,70,121
03/13/2010,HLG,WV,AEA,CE,Federal Contract Tower,0,3,5,1,9,0,0,0,0,0,0,3,5,1,9,0,0,0,9
03/14/2010,HLG,WV,AEA,CE,Federal Contract Tower,0,2,8,1,11,0,0,0,0,0,0,2,8,1,11,0,0,0,11
03/15/2010,HLG,WV,AEA,CE,Federal Contract Tower,0,2,0,0,2,0,0,31,0,31,0,2,31,0,33,0,0,0,33
03/16/2010,HLG,WV,AEA,CE,Federal Contract Tower,0,7,2,0,9,0,0,89,36,125,0,7,91,36,134,172,198,370,504
03/17/2010,HLG,WV,AEA,CE,Federal Contract Tower,0,1,3,6,10,0,1,50,14,65,0,2,53,20,75,56,46,102,177
03/18/2010,HLG,WV,AEA,CE,Federal Contract Tower,0,1,2,0,3,0,4,46,6,56,0,5,48,6,59,32,0,32,91
03/19/2010,HLG,WV,AEA,CE,Federal Contract Tower,0,3,2,4,9,0,3,30,9,42,0,6,32,13,51,20,44,64,115
03/20/2010,HLG,WV,AEA,CE,Federal Contract Tower,0,0,3,0,3,0,0,71,1,72,0,0,74,1,75,96,0,96,171
03/21/2010,HLG,WV,AEA,CE,Federal Contract Tower,0,0,1,0,1,0,0,79,0,79,0,0,80,0,80,186,0,186,266
03/22/2010,HLG,WV,AEA,CE,Federal Contract Tower,0,3,4,0,7,0,4,42,1,47,0,7,46,1,54,146,126,272,326
03/23/2010,HLG,WV,AEA,CE,Federal Contract Tower,0,2,0,2,4,0,0,3,2,5,0,2,3,4,9,0,42,42,51
03/24/2010,HLG,WV,AEA,CE,Federal Contract Tower,0,7,1,1,9,0,0,39,14,53,0,7,40,15,62,40,50,90,152
03/25/2010,HLG,WV,AEA,CE,Federal Contract Tower,0,2,3,2,7,0,4,23,12,39,0,6,26,14,46,20,50,70,116
03/26/2010,HLG,WV,AEA,CE,Federal Contract Tower,0,2,2,0,4,0,0,7,3,10,0,2,9,3,14,8,16,24,38
03/27/2010,HLG,WV,AEA,CE,Federal Contract Tower,0,6,0,0,6,0,0,82,7,89,0,6,82,7,95,212,8,220,315
03/28/2010,HLG,WV,AEA,CE,Federal Contract Tower,0,2,4,0,6,0,0,5,4,9,0,2,9,4,15,6,6,12,27
03/29/2010,HLG,WV,AEA,CE,Federal Contract Tower,0,4,13,3,20,0,0,0,0,0,0,4,13,3,20,0,0,0,20
03/30/2010,HLG,WV,AEA,CE,Federal Contract Tower,0,2,0,4,6,0,0,55,19,74,0,2,55,23,80,100,106,206,286
03/31/2010,HLG,WV,AEA,CE,Federal Contract Tower,0,4,0,0,4,0,0,57,12,69,0,4,57,12,73,40,58,98,171
04/01/2010,HLG,WV,AEA,CE,Federal Contract Tower,0,3,5,0,8,0,8,56,21,85,0,11,61,21,93,18,86,104,197
04/02/2010,HLG,WV,AEA,CE,Federal Contract Tower,0,0,0,2,2,0,0,51,0,51,0,0,51,2,53,12,0,12,65
04/03/2010,HLG,WV,AEA,CE,Federal Contract Tower,0,2,5,0,7,0,0,50,8,58,0,2,55,8,65,36,42,78,143
04/04/2010,HLG,WV,AEA,CE,Federal Contract Tower,0,3,0,0,3,0,0,8,1,9,0,3,8,1,12,0,0,0,12
04/05/2010,HLG,WV,AEA,CE,Federal Contract Tower,0,3,11,0,14,0,0,49,8,57,0,3,60,8,71,0,40,40,111
04/06/2010,HLG,WV,AEA,CE,Federal Contract Tower,0,9,0,0,9,0,2,68,34,104,0,11,68,34,113,100,96,196,309
04/07/2010,HLG,WV,AEA,CE,Federal Contract Tower,0,3,10,3,16,0,16,33,16,65,0,19,43,19,81,104,96,200,281
04/08/2010,HLG,WV,AEA,CE,Federal Contract Tower,0,5,2,4,11,0,0,30,7,37,0,5,32,11,48,0,54,54,102
04/09/2010,HLG,WV,AEA,CE,Federal Contract Tower,0,5,7,0,12,0,0,36,11,47,0,5,43,11,59,0,60,60,119
04/10/2010,HLG,WV,AEA,CE,Federal Contract Tower,0,3,1,4,8,0,0,99,10,109,0,3,100,14,117,74,72,146,263
04/11/2010,HLG,WV,AEA,CE,Federal Contract Tower,0,4,2,0,6,0,0,42,4,46,0,4,44,4,52,106,18,124,176
04/12/2010,HLG,WV,AEA,CE,Federal Contract Tower,0,1,4,3,8,0,0,56,12,68,0,1,60,15,76,120,102,222,298
04/13/2010,HLG,WV,AEA,CE,Federal Contract Tower,0,4,5,2,11,0,0,52,5,57,0,4,57,7,68,54,56,110,178
04/14/2010,HLG,WV,AEA,CE,Federal Contract Tower,0,5,7,0,12,0,0,27,7,34,0,5,34,7,46,0,0,0,46
04/15/2010,HLG,WV,AEA,CE,Federal Contract Tower,0,2,5,7,14,0,10,46,16,72,0,12,51,23,86,12,40,52,138
04/16/2010,HLG,WV,AEA,CE,Federal Contract Tower,0,4,0,2,6,0,0,33,9,42,0,4,33,11,48,0,30,30,78
04/17/2010,HLG,WV,AEA,CE,Federal Contract Tower,0,0,6,0,6,0,0,26,0,26,0,0,32,0,32,0,0,0,32
04/18/2010,HLG,WV,AEA,CE,Federal Contract Tower,0,0,3,0,3,0,0,10,0,10,0,0,13,0,13,0,0,0,13
04/19/2010,HLG,WV,AEA,CE,Federal Contract Tower,0,3,1,0,4,0,0,60,0,60,0,3,61,0,64,70,0,70,134
04/20/2010,HLG,WV,AEA,CE,Federal Contract Tower,0,1,2,2,5,0,6,81,21,108,0,7,83,23,113,136,24,160,273
04/21/2010,HLG,WV,AEA,CE,Federal Contract Tower,0,3,2,4,9,0,0,51,14,65,0,3,53,18,74,34,56,90,164
04/22/2010,HLG,WV,AEA,CE,Federal Contract Tower,0,4,0,0,4,0,0,27,6,33,0,4,27,6,37,8,4,12,49
04/23/2010,HLG,WV,AEA,CE,Federal Contract Tower,0,0,0,2,2,0,1,48,5,54,0,1,48,7,56,30,50,80,136
04/24/2010,HLG,WV,AEA,CE,Federal Contract Tower,0,0,2,0,2,0,4,8,2,14,0,4,10,2,16,0,0,0,16
04/25/2010,HLG,WV,AEA,CE,Federal Contract Tower,0,4,1,0,5,0,0,9,0,9,0,4,10,0,14,0,0,0,14
04/26/2010,HLG,WV,AEA,CE,Federal Contract Tower,0,6,2,0,8,0,0,0,0,0,0,6,2,0,8,0,0,0,8
04/27/2010,HLG,WV,AEA,CE,Federal Contract Tower,0,6,2,9,17,0,0,20,10,30,0,6,22,19,47,0,60,60,107
04/28/2010,HLG,WV,AEA,CE,Federal Contract Tower,0,7,1,4,12,0,0,45,20,65,0,7,46,24,77,60,6,66,143
04/29/2010,HLG,WV,AEA,CE,Federal Contract Tower,0,3,1,2,6,0,0,47,6,53,0,3,48,8,59,0,46,46,105
04/30/2010,HLG,WV,AEA,CE,Federal Contract Tower,0,3,1,0,4,0,2,43,7,52,0,5,44,7,56,0,40,40,96
05/01/2010,HLG,WV,AEA,CE,Federal Contract Tower,0,0,2,2,4,0,0,58,8,66,0,0,60,10,70,20,0,20,90
05/02/2010,HLG,WV,AEA,CE,Federal Contract Tower,0,2,2,0,4,0,0,0,0,0,0,2,2,0,4,0,0,0,4
05/03/2010,HLG,WV,AEA,CE,Federal Contract Tower,0,2,0,0,2,0,0,36,8,44,0,2,36,8,46,0,50,50,96
05/04/2010,HLG,WV,AEA,CE,Federal Contract Tower,0,10,12,12,34,0,0,39,10,49,0,10,51,22,83,10,40,50,133
05/05/2010,HLG,WV,AEA,CE,Federal Contract Tower,0,2,3,0,5,0,0,42,10,52,0,2,45,10,57,44,40,84,141
05/06/2010,HLG,WV,AEA,CE,Federal Contract Tower,0,5,6,10,21,0,0,40,9,49,0,5,46,19,70,8,40,48,118
05/07/2010,HLG,WV,AEA,CE,Federal Contract Tower,0,8,4,0,12,0,6,26,11,43,0,14,30,11,55,0,28,28,83
05/08/2010,HLG,WV,AEA,CE,Federal Contract Tower,0,0,0,0,0,0,0,2,2,4,0,0,2,2,4,0,0,0,4
05/09/2010,HLG,WV,AEA,CE,Federal Contract Tower,0,0,0,0,0,0,0,4,0,4,0,0,4,0,4,8,0,8,12
05/10/2010,HLG,WV,AEA,CE,Federal Contract Tower,0,6,4,0,10,0,0,35,0,35,0,6,39,0,45,0,0,0,45
05/11/2010,HLG,WV,AEA,CE,Federal Contract Tower,0,0,2,2,4,0,0,0,0,0,0,0,2,2,4,0,0,0,4
05/12/2010,HLG,WV,AEA,CE,Federal Contract Tower,0,2,0,0,2,0,0,39,4,43,0,2,39,4,45,0,40,40,85
05/13/2010,HLG,WV,AEA,CE,Federal Contract Tower,0,2,5,4,11,0,0,26,19,45,0,2,31,23,56,0,108,108,164
05/14/2010,HLG,WV,AEA,CE,Federal Contract Tower,0,0,4,0,4,0,0,0,5,5,0,0,4,5,9,0,48,48,57
05/15/2010,HLG,WV,AEA,CE,Federal Contract Tower,0,0,3,0,3,0,0,53,2,55,0,0,56,2,58,168,0,168,226
05/16/2010,HLG,WV,AEA,CE,Federal Contract Tower,0,1,1,0,2,0,0,44,2,46,0,1,45,2,48,0,0,0,48
05/17/2010,HLG,WV,AEA,CE,Federal Contract Tower,0,4,2,0,6,0,0,0,0,0,0,4,2,0,6,0,0,0,6
05/18/2010,HLG,WV,AEA,CE,Federal Contract Tower,0,3,0,1,4,0,0,16,6,22,0,3,16,7,26,70,40,110,136
05/19/2010,HLG,WV,AEA,CE,Federal Contract Tower,0,2,5,1,8,0,0,26,3,29,0,2,31,4,37,0,0,0,37
05/20/2010,HLG,WV,AEA,CE,Federal Contract Tower,0,0,5,0,5,0,7,34,11,52,0,7,39,11,57,12,30,42,99
05/21/2010,HLG,WV,AEA,CE,Federal Contract Tower,0,2,0,0,2,0,0,0,0,0,0,2,0,0,2,0,0,0,2
05/22/2010,HLG,WV,AEA,CE,Federal Contract Tower,0,0,4,2,6,0,0,2,0,2,0,0,6,2,8,16,0,16,24
05/23/2010,HLG,WV,AEA,CE,Federal Contract Tower,0,2,1,0,3,0,0,20,31,51,0,2,21,31,54,0,134,134,188
05/24/2010,HLG,WV,AEA,CE,Federal Contract Tower,0,6,4,0,10,0,0,55,4,59,0,6,59,4,69,24,28,52,121
05/25/2010,HLG,WV,AEA,CE,Federal Contract Tower,0,0,0,0,0,0,0,64,5,69,0,0,64,5,69,32,28,60,129
05/26/2010,HLG,WV,AEA,CE,Federal Contract Tower,0,7,5,2,14,0,0,62,11,73,0,7,67,13,87,44,24,68,155
05/27/2010,HLG,WV,AEA,CE,Federal Contract Tower,0,9,2,4,15,0,0,48,16,64,0,9,50,20,79,28,30,58,137
05/28/2010,HLG,WV,AEA,CE,Federal Contract Tower,0,1,3,0,4,0,6,50,12,68,0,7,53,12,72,0,34,34,106
05/29/2010,HLG,WV,AEA,CE,Federal Contract Tower,0,0,7,1,8,0,0,59,18,77,0,0,66,19,85,210,0,210,295
05/30/2010,HLG,WV,AEA,CE,Federal Contract Tower,0,0,2,0,2,0,0,33,3,36,0,0,35,3,38,6,0,6,44
05/31/2010,HLG,WV,AEA,CE,Federal Contract Tower,0,0,3,0,3,0,0,56,3,59,0,0,59,3,62,92,20,112,174
06/01/2010,HLG,WV,AEA,CE,Federal Contract Tower,0,3,4,3,10,0,0,83,7,90,0,3,87,10,100,118,0,118,218
06/02/2010,HLG,WV,AEA,CE,Federal Contract Tower,0,2,6,0,8,0,0,3,2,5,0,2,9,2,13,0,12,12,25
06/03/2010,HLG,WV,AEA,CE,Federal Contract Tower,0,0,5,0,5,0,2,16,8,26,0,2,21,8,31,12,20,32,63
06/04/2010,HLG,WV,AEA,CE,Federal Contract Tower,0,4,0,3,7,0,0,29,6,35,0,4,29,9,42,28,12,40,82
06/05/2010,HLG,WV,AEA,CE,Federal Contract Tower,0,1,2,0,3,0,0,9,0,9,0,1,11,0,12,0,0,0,12
06/06/2010,HLG,WV,AEA,CE,Federal Contract Tower,0,2,10,0,12,0,2,44,0,46,0,4,54,0,58,80,0,80,138
06/07/2010,HLG,WV,AEA,CE,Federal Contract Tower,0,4,2,0,6,0,2,92,7,101,0,6,94,7,107,148,20,168,275
06/08/2010,HLG,WV,AEA,CE,Federal Contract Tower,0,2,20,9,31,0,0,57,60,117,0,2,77,69,148,68,214,282,430
06/09/2010,HLG,WV,AEA,CE,Federal Contract Tower,0,2,1,0,3,0,0,21,5,26,0,2,22,5,29,0,20,20,49
06/10/2010,HLG,WV,AEA,CE,Federal Contract Tower,0,2,7,6,15,0,4,50,21,75,0,6,57,27,90,16,80,96,186
06/11/2010,HLG,WV,AEA,CE,Federal Contract Tower,0,3,11,0,14,0,0,50,11,61,0,3,61,11,75,38,62,100,175
06/12/2010,HLG,WV,AEA,CE,Federal Contract Tower,0,0,0,1,1,0,0,54,4,58,0,0,54,5,59,64,10,74,133
06/13/2010,HLG,WV,AEA,CE,Federal Contract Tower,0,1,2,0,3,0,2,7,0,9,0,3,9,0,12,0,0,0,12
06/14/2010,HLG,WV,AEA,CE,Federal Contract Tower,0,3,2,2,7,0,0,51,8,59,0,3,53,10,66,32,30,62,128
06/15/2010,HLG,WV,AEA,CE,Federal Contract Tower,0,2,0,4,6,0,0,65,6,71,0,2,65,10,77,70,40,110,187
06/16/2010,HLG,WV,AEA,CE,Federal Contract Tower,0,0,7,14,21,0,0,37,11,48,0,0,44,25,69,0,62,62,131
06/17/2010,HLG,WV,AEA,CE,Federal Contract Tower,0,2,9,6,17,0,2,52,19,73,0,4,61,25,90,38,50,88,178
06/18/2010,HLG,WV,AEA,CE,Federal Contract Tower,0,2,11,2,15,0,0,35,5,40,0,2,46,7,55,22,0,22,77
06/19/2010,HLG,WV,AEA,CE,Federal Contract Tower,0,0,0,0,0,0,0,38,0,38,0,0,38,0,38,88,0,88,126
06/20/2010,HLG,WV,AEA,CE,Federal Contract Tower,0,1,7,0,8,0,0,7,0,7,0,1,14,0,15,0,0,0,15
06/21/2010,HLG,WV,AEA,CE,Federal Contract Tower,0,2,4,0,6,0,0,42,4,46,0,2,46,4,52,80,4,84,136
06/22/2010,HLG,WV,AEA,CE,Federal Contract Tower,0,0,0,2,2,0,0,50,17,67,0,0,50,19,69,12,76,88,157
06/23/2010,HLG,WV,AEA,CE,Federal Contract Tower,0,7,2,1,10,0,6,24,11,41,0,13,26,12,51,8,62,70,121
06/24/2010,HLG,WV,AEA,CE,Federal Contract Tower,0,0,1,0,1,0,2,39,9,50,0,2,40,9,51,52,0,52,103
06/25/2010,HLG,WV,AEA,CE,Federal Contract Tower,0,2,0,4,6,0,10,46,9,65,0,12,46,13,71,28,12,40,111
06/26/2010,HLG,WV,AEA,CE,Federal Contract Tower,0,2,3,0,5,0,6,23,0,29,0,8,26,0,34,28,0,28,62
06/27/2010,HLG,WV,AEA,CE,Federal Contract Tower,0,1,1,0,2,0,8,12,1,21,0,9,13,1,23,6,0,6,29
06/28/2010,HLG,WV,AEA,CE,Federal Contract Tower,0,0,4,1,5,0,0,27,7,34,0,0,31,8,39,40,8,48,87
06/29/2010,HLG,WV,AEA,CE,Federal Contract Tower,0,3,3,0,6,0,2,26,17,45,0,5,29,17,51,20,72,92,143
06/30/2010,HLG,WV,AEA,CE,Federal Contract Tower,0,2,6,4,12,0,0,41,10,51,0,2,47,14,63,8,20,28,91
07/01/2010,HLG,WV,AEA,CE,Federal Contract Tower,0,4,2,2,8,0,0,45,6,51,0,4,47,8,59,10,20,30,89
07/02/2010,HLG,WV,AEA,CE,Federal Contract Tower,0,2,2,0,4,0,6,51,7,64,0,8,53,7,68,0,30,30,98
07/03/2010,HLG,WV,AEA,CE,Federal Contract Tower,0,0,0,0,0,0,0,59,0,59,0,0,59,0,59,140,0,140,199
07/04/2010,HLG,WV,AEA,CE,Federal Contract Tower,0,0,3,0,3,0,0,43,2,45,0,0,46,2,48,32,0,32,80
07/05/2010,HLG,WV,AEA,CE,Federal Contract Tower,0,0,0,0,0,0,2,42,0,44,0,2,42,0,44,10,0,10,54
07/06/2010,HLG,WV,AEA,CE,Federal Contract Tower,0,4,2,0,6,0,0,70,0,70,0,4,72,0,76,28,0,28,104
07/07/2010,HLG,WV,AEA,CE,Federal Contract Tower,0,2,8,0,10,0,0,47,14,61,0,2,55,14,71,6,78,84,155
07/08/2010,HLG,WV,AEA,CE,Federal Contract Tower,0,0,2,7,9,0,4,30,5,39,0,4,32,12,48,20,0,20,68
07/09/2010,HLG,WV,AEA,CE,Federal Contract Tower,0,1,3,4,8,0,0,32,8,40,0,1,35,12,48,36,36,72,120
07/10/2010,HLG,WV,AEA,CE,Federal Contract Tower,0,0,2,4,6,0,0,26,8,34,0,0,28,12,40,56,0,56,96
07/11/2010,HLG,WV,AEA,CE,Federal Contract Tower,0,0,2,2,4,0,0,46,14,60,0,0,48,16,64,12,50,62,126
07/12/2010,HLG,WV,AEA,CE,Federal Contract Tower,0,0,1,0,1,0,0,37,0,37,0,0,38,0,38,76,0,76,114
07/13/2010,HLG,WV,AEA,CE,Federal Contract Tower,0,5,1,4,10,0,0,39,0,39,0,5,40,4,49,34,0,34,83
07/14/2010,HLG,WV,AEA,CE,Federal Contract Tower,0,6,0,2,8,0,0,28,2,30,0,6,28,4,38,32,20,52,90
07/15/2010,HLG,WV,AEA,CE,Federal Contract Tower,0,3,3,0,6,0,7,29,0,36,0,10,32,0,42,16,0,16,58
07/16/2010,HLG,WV,AEA,CE,Federal Contract Tower,0,3,6,4,13,0,0,17,2,19,0,3,23,6,32,8,0,8,40
07/17/2010,HLG,WV,AEA,CE,Federal Contract Tower,0,0,1,0,1,0,0,66,0,66,0,0,67,0,67,134,0,134,201
07/18/2010,HLG,WV,AEA,CE,Federal Contract Tower,0,0,2,0,2,0,0,0,0,0,0,0,2,0,2,20,0,20,22
07/19/2010,HLG,WV,AEA,CE,Federal Contract Tower,0,6,0,0,6,0,0,42,10,52,0,6,42,10,58,18,0,18,76
07/20/2010,HLG,WV,AEA,CE,Federal Contract Tower,0,2,2,0,4,0,2,50,8,60,0,4,52,8,64,0,30,30,94
07/21/2010,HLG,WV,AEA,CE,Federal Contract Tower,0,7,2,7,16,0,0,43,10,53,0,7,45,17,69,42,46,88,157
07/22/2010,HLG,WV,AEA,CE,Federal Contract Tower,0,2,2,0,4,0,0,42,12,54,0,2,44,12,58,64,52,116,174
07/23/2010,HLG,WV,AEA,CE,Federal Contract Tower,0,0,2,2,4,0,0,44,19,63,0,0,46,21,67,0,48,48,115
07/24/2010,HLG,WV,AEA,CE,Federal Contract Tower,0,1,1,0,2,0,4,72,4,80,0,5,73,4,82,152,0,152,234
07/25/2010,HLG,WV,AEA,CE,Federal Contract Tower,0,0,4,0,4,0,0,36,0,36,0,0,40,0,40,66,0,66,106
07/26/2010,HLG,WV,AEA,CE,Federal Contract Tower,0,1,1,8,10,0,12,64,16,92,0,13,65,24,102,110,30,140,242
07/27/2010,HLG,WV,AEA,CE,Federal Contract Tower,0,3,0,0,3,0,0,53,17,70,0,3,53,17,73,112,68,180,253
07/28/2010,HLG,WV,AEA,CE,Federal Contract Tower,0,3,0,8,11,0,0,29,16,45,0,3,29,24,56,0,60,60,116
07/29/2010,HLG,WV,AEA,CE,Federal Contract Tower,0,3,1,9,13,0,0,40,7,47,0,3,41,16,60,8,60,68,128
07/30/2010,HLG,WV,AEA,CE,Federal Contract Tower,0,4,1,2,7,0,0,57,4,61,0,4,58,6,68,2,28,30,98
07/31/2010,HLG,WV,AEA,CE,Federal Contract Tower,0,0,2,0,2,0,0,44,0,44,0,0,46,0,46,28,0,28,74
08/01/2010,HLG,WV,AEA,CE,Federal Contract Tower,0,2,0,0,2,0,0,64,0,64,0,2,64,0,66,132,0,132,198
08/02/2010,HLG,WV,AEA,CE,Federal Contract Tower,0,0,3,0,3,0,4,64,6,74,0,4,67,6,77,110,50,160,237
08/03/2010,HLG,WV,AEA,CE,Federal Contract Tower,0,5,0,0,5,0,4,65,3,72,0,9,65,3,77,90,40,130,207
08/04/2010,HLG,WV,AEA,CE,Federal Contract Tower,0,5,0,0,5,0,0,27,7,34,0,5,27,7,39,22,38,60,99
08/05/2010,HLG,WV,AEA,CE,Federal Contract Tower,0,0,3,0,3,0,0,50,13,63,0,0,53,13,66,12,84,96,162
08/06/2010,HLG,WV,AEA,CE,Federal Contract Tower,0,4,10,0,14,0,0,44,5,49,0,4,54,5,63,60,0,60,123
08/07/2010,HLG,WV,AEA,CE,Federal Contract Tower,0,2,0,4,6,0,0,79,18,97,0,2,79,22,103,116,80,196,299
08/08/2010,HLG,WV,AEA,CE,Federal Contract Tower,0,3,3,0,6,0,2,61,6,69,0,5,64,6,75,110,36,146,221
08/09/2010,HLG,WV,AEA,CE,Federal Contract Tower,0,2,0,0,2,0,4,90,6,100,0,6,90,6,102,142,34,176,278
08/10/2010,HLG,WV,AEA,CE,Federal Contract Tower,0,0,1,4,5,0,0,66,14,80,0,0,67,18,85,96,78,174,259
08/11/2010,HLG,WV,AEA,CE,Federal Contract Tower,0,5,19,0,24,0,0,42,2,44,0,5,61,2,68,20,18,38,106
08/12/2010,HLG,WV,AEA,CE,Federal Contract Tower,0,4,0,0,4,0,0,42,4,46,0,4,42,4,50,4,30,34,84
08/13/2010,HLG,WV,AEA,CE,Federal Contract Tower,0,2,0,0,2,0,0,30,4,34,0,2,30,4,36,6,30,36,72
08/14/2010,HLG,WV,AEA,CE,Federal Contract Tower,0,2,2,0,4,0,0,36,0,36,0,2,38,0,40,20,0,20,60
08/15/2010,HLG,WV,AEA,CE,Federal Contract Tower,0,0,6,0,6,0,0,2,0,2,0,0,8,0,8,0,0,0,8
08/16/2010,HLG,WV,AEA,CE,Federal Contract Tower,0,4,5,0,9,0,2,83,2,87,0,6,88,2,96,84,0,84,180
08/17/2010,HLG,WV,AEA,CE,Federal Contract Tower,0,2,4,6,12,0,2,63,17,82,0,4,67,23,94,64,118,182,276
08/18/2010,HLG,WV,AEA,CE,Federal Contract Tower,0,4,0,0,4,0,0,50,16,66,0,4,50,16,70,24,104,128,198
08/19/2010,HLG,WV,AEA,CE,Federal Contract Tower,0,7,4,6,17,0,10,48,12,70,0,17,52,18,87,8,46,54,141
08/20/2010,HLG,WV,AEA,CE,Federal Contract Tower,0,4,4,0,8,0,4,28,7,39,0,8,32,7,47,10,64,74,121
08/21/2010,HLG,WV,AEA,CE,Federal Contract Tower,0,2,2,0,4,0,0,21,0,21,0,2,23,0,25,24,0,24,49
08/22/2010,HLG,WV,AEA,CE,Federal Contract Tower,0,0,10,0,10,0,2,60,0,62,0,2,70,0,72,166,0,166,238
08/23/2010,HLG,WV,AEA,CE,Federal Contract Tower,0,7,0,8,15,0,0,63,6,69,0,7,63,14,84,106,60,166,250
08/24/2010,HLG,WV,AEA,CE,Federal Contract Tower,0,3,4,6,13,0,0,70,22,92,0,3,74,28,105,90,194,284,389
08/25/2010,HLG,WV,AEA,CE,Federal Contract Tower,0,2,3,2,7,0,0,59,6,65,0,2,62,8,72,20,8,28,100
08/26/2010,HLG,WV,AEA,CE,Federal Contract Tower,0,5,4,4,13,0,0,64,12,76,0,5,68,16,89,72,72,144,233
08/27/2010,HLG,WV,AEA,CE,Federal Contract Tower,0,7,8,0,15,0,0,38,1,39,0,7,46,1,54,24,0,24,78
08/28/2010,HLG,WV,AEA,CE,Federal Contract Tower,0,1,1,0,2,0,4,101,1,106,0,5,102,1,108,72,0,72,180
08/29/2010,HLG,WV,AEA,CE,Federal Contract Tower,0,1,0,0,1,0,0,121,0,121,0,1,121,0,122,62,0,62,184
08/30/2010,HLG,WV,AEA,CE,Federal Contract Tower,0,3,2,2,7,0,0,53,2,55,0,3,55,4,62,100,14,114,176
08/31/2010,HLG,WV,AEA,CE,Federal Contract Tower,0,4,2,4,10,0,4,52,22,78,0,8,54,26,88,142,10,152,240
09/01/2010,HLG,WV,AEA,CE,Federal Contract Tower,0,3,2,1,6,0,4,38,12,54,0,7,40,13,60,8,58,66,126
09/02/2010,HLG,WV,AEA,CE,Federal Contract Tower,0,6,0,4,10,0,4,41,3,48,0,10,41,7,58,0,0,0,58
09/03/2010,HLG,WV,AEA,CE,Federal Contract Tower,0,4,3,0,7,0,2,35,3,40,0,6,38,3,47,20,12,32,79
09/04/2010,HLG,WV,AEA,CE,Federal Contract Tower,0,0,2,0,2,0,0,6,0,6,0,0,8,0,8,0,0,0,8
09/05/2010,HLG,WV,AEA,CE,Federal Contract Tower,0,0,1,0,1,0,0,62,0,62,0,0,63,0,63,10,0,10,73
09/06/2010,HLG,WV,AEA,CE,Federal Contract Tower,0,5,1,0,6,0,4,80,0,84,0,9,81,0,90,148,0,148,238
09/07/2010,HLG,WV,AEA,CE,Federal Contract Tower,0,4,4,8,16,0,0,0,4,4,0,4,4,12,20,0,0,0,20
09/08/2010,HLG,WV,AEA,CE,Federal Contract Tower,0,10,1,0,11,0,4,1,0,5,0,14,2,0,16,0,0,0,16
09/09/2010,HLG,WV,AEA,CE,Federal Contract Tower,0,13,4,0,17,0,0,24,19,43,0,13,28,19,60,8,132,140,200
09/10/2010,HLG,WV,AEA,CE,Federal Contract Tower,0,9,0,8,17,0,0,37,9,46,0,9,37,17,63,0,50,50,113
09/11/2010,HLG,WV,AEA,CE,Federal Contract Tower,0,1,0,0,1,0,0,67,6,73,0,1,67,6,74,142,0,142,216
09/12/2010,HLG,WV,AEA,CE,Federal Contract Tower,0,4,0,0,4,0,4,59,1,64,0,8,59,1,68,84,0,84,152
09/13/2010,HLG,WV,AEA,CE,Federal Contract Tower,0,3,1,0,4,0,0,72,0,72,0,3,73,0,76,94,0,94,170
09/14/2010,HLG,WV,AEA,CE,Federal Contract Tower,0,7,8,8,23,0,2,53,35,90,0,9,61,43,113,44,96,140,253
09/15/2010,HLG,WV,AEA,CE,Federal Contract Tower,0,7,23,0,30,0,4,47,2,53,0,11,70,2,83,32,0,32,115
09/16/2010,HLG,WV,AEA,CE,Federal Contract Tower,0,0,1,4,5,0,0,8,22,30,0,0,9,26,35,0,0,0,35
09/17/2010,HLG,WV,AEA,CE,Federal Contract Tower,0,8,1,0,9,0,0,24,8,32,0,8,25,8,41,14,0,14,55
09/18/2010,HLG,WV,AEA,CE,Federal Contract Tower,0,0,1,0,1,0,2,52,4,58,0,2,53,4,59,26,8,34,93
09/19/2010,HLG,WV,AEA,CE,Federal Contract Tower,0,5,2,0,7,0,0,48,1,49,0,5,50,1,56,6,10,16,72
09/20/2010,HLG,WV,AEA,CE,Federal Contract Tower,0,4,2,0,6,0,0,21,0,21,0,4,23,0,27,0,46,46,73
09/21/2010,HLG,WV,AEA,CE,Federal Contract Tower,0,4,1,3,8,0,0,53,1,54,0,4,54,4,62,66,58,124,186
09/22/2010,HLG,WV,AEA,CE,Federal Contract Tower,0,4,1,0,5,0,4,3,2,9,0,8,4,2,14,0,20,20,34
09/23/2010,HLG,WV,AEA,CE,Federal Contract Tower,0,2,1,0,3,0,0,42,5,47,0,2,43,5,50,0,8,8,58
09/24/2010,HLG,WV,AEA,CE,Federal Contract Tower,0,4,2,0,6,0,2,23,4,29,0,6,25,4,35,0,0,0,35
09/25/2010,HLG,WV,AEA,CE,Federal Contract Tower,0,1,0,0,1,0,0,59,0,59,0,1,59,0,60,76,0,76,136
09/26/2010,HLG,WV,AEA,CE,Federal Contract Tower,0,0,0,0,0,0,0,154,0,154,0,0,154,0,154,20,0,20,174
09/27/2010,HLG,WV,AEA,CE,Federal Contract Tower,0,2,8,0,10,0,0,0,0,0,0,2,8,0,10,0,0,0,10
09/28/2010,HLG,WV,AEA,CE,Federal Contract Tower,0,6,9,0,15,0,0,11,15,26,0,6,20,15,41,10,104,114,155
09/29/2010,HLG,WV,AEA,CE,Federal Contract Tower,0,5,7,1,13,0,0,48,7,55,0,5,55,8,68,70,54,124,192
09/30/2010,HLG,WV,AEA,CE,Federal Contract Tower,0,2,7,0,9,0,0,5,2,7,0,2,12,2,16,14,18,32,48
10/01/2010,HLG,WV,AEA,CE,Federal Contract Tower,0,1,0,0,1,0,2,30,0,32,0,3,30,0,33,0,0,0,33
10/02/2010,HLG,WV,AEA,CE,Federal Contract Tower,0,3,5,0,8,0,5,66,0,71,0,8,71,0,79,102,0,102,181
10/03/2010,HLG,WV,AEA,CE,Federal Contract Tower,0,1,2,2,5,0,0,4,0,4,0,1,6,2,9,16,0,16,25
10/04/2010,HLG,WV,AEA,CE,Federal Contract Tower,0,5,14,4,23,0,0,51,9,60,0,5,65,13,83,58,62,120,203
10/05/2010,HLG,WV,AEA,CE,Federal Contract Tower,0,6,2,0,8,0,0,56,0,56,0,6,58,0,64,70,0,70,134
10/06/2010,HLG,WV,AEA,CE,Federal Contract Tower,0,3,7,4,14,0,0,10,3,13,0,3,17,7,27,0,40,40,67
10/07/2010,HLG,WV,AEA,CE,Federal Contract Tower,0,3,6,0,9,0,4,51,14,69,0,7,57,14,78,76,126,202,280
10/08/2010,HLG,WV,AEA,CE,Federal Contract Tower,0,2,3,0,5,0,6,59,7,72,0,8,62,7,77,6,60,66,143
10/09/2010,HLG,WV,AEA,CE,Federal Contract Tower,0,0,6,0,6,0,4,73,1,78,0,4,79,1,84,150,0,150,234
10/10/2010,HLG,WV,AEA,CE,Federal Contract Tower,0,2,2,0,4,0,0,57,2,59,0,2,59,2,63,38,0,38,101
10/11/2010,HLG,WV,AEA,CE,Federal Contract Tower,0,10,0,0,10,0,0,74,3,77,0,10,74,3,87,126,50,176,263
10/12/2010,HLG,WV,AEA,CE,Federal Contract Tower,0,5,2,4,11,0,0,62,11,73,0,5,64,15,84,102,32,134,218
10/13/2010,HLG,WV,AEA,CE,Federal Contract Tower,0,3,14,1,18,0,0,60,10,70,0,3,74,11,88,30,62,92,180
10/14/2010,HLG,WV,AEA,CE,Federal Contract Tower,0,6,2,7,15,0,0,48,13,61,0,6,50,20,76,22,100,122,198
10/15/2010,HLG,WV,AEA,CE,Federal Contract Tower,0,0,3,0,3,0,0,8,8,16,0,0,11,8,19,0,0,0,19
10/16/2010,HLG,WV,AEA,CE,Federal Contract Tower,0,1,2,0,3,0,0,70,6,76,0,1,72,6,79,132,20,152,231
10/17/2010,HLG,WV,AEA,CE,Federal Contract Tower,0,0,0,0,0,0,0,69,0,69,0,0,69,0,69,60,0,60,129
10/18/2010,HLG,WV,AEA,CE,Federal Contract Tower,0,4,4,0,8,0,0,44,0,44,0,4,48,0,52,0,0,0,52
10/19/2010,HLG,WV,AEA,CE,Federal Contract Tower,0,0,3,1,4,0,0,26,8,34,0,0,29,9,38,0,0,0,38
10/20/2010,HLG,WV,AEA,CE,Federal Contract Tower,0,4,10,2,16,0,0,11,28,39,0,4,21,30,55,26,110,136,191
10/21/2010,HLG,WV,AEA,CE,Federal Contract Tower,0,10,4,6,20,0,0,9,4,13,0,10,13,10,33,16,6,22,55
10/22/2010,HLG,WV,AEA,CE,Federal Contract Tower,0,2,1,0,3,0,0,43,10,53,0,2,44,10,56,66,48,114,170
10/23/2010,HLG,WV,AEA,CE,Federal Contract Tower,0,2,0,0,2,0,6,76,2,84,0,8,76,2,86,160,0,160,246
10/24/2010,HLG,WV,AEA,CE,Federal Contract Tower,0,0,2,0,2,0,0,72,0,72,0,0,74,0,74,114,0,114,188
10/25/2010,HLG,WV,AEA,CE,Federal Contract Tower,0,14,9,4,27,0,0,17,0,17,0,14,26,4,44,50,0,50,94
10/26/2010,HLG,WV,AEA,CE,Federal Contract Tower,0,6,0,0,6,0,0,3,0,3,0,6,3,0,9,0,0,0,9
10/27/2010,HLG,WV,AEA,CE,Federal Contract Tower,0,1,14,1,16,0,0,17,7,24,0,1,31,8,40,0,70,70,110
10/28/2010,HLG,WV,AEA,CE,Federal Contract Tower,0,5,3,4,12,0,0,5,22,27,0,5,8,26,39,0,150,150,189
10/29/2010,HLG,WV,AEA,CE,Federal Contract Tower,0,6,0,2,8,0,0,9,10,19,0,6,9,12,27,0,2,2,29
10/30/2010,HLG,WV,AEA,CE,Federal Contract Tower,0,5,3,0,8,0,0,54,2,56,0,5,57,2,64,42,12,54,118
10/31/2010,HLG,WV,AEA,CE,Federal Contract Tower,0,4,2,0,6,0,0,64,2,66,0,4,66,2,72,104,8,112,184
11/01/2010,HLG,WV,AEA,CE,Federal Contract Tower,0,2,17,8,27,0,0,76,16,92,0,2,93,24,119,74,88,162,281
11/02/2010,HLG,WV,AEA,CE,Federal Contract Tower,0,4,0,1,5,0,4,88,8,100,0,8,88,9,105,134,12,146,251
11/03/2010,HLG,WV,AEA,CE,Federal Contract Tower,0,3,2,6,11,0,0,52,14,66,0,3,54,20,77,62,86,148,225
11/04/2010,HLG,WV,AEA,CE,Federal Contract Tower,0,4,0,0,4,0,0,23,11,34,0,4,23,11,38,0,96,96,134
11/05/2010,HLG,WV,AEA,CE,Federal Contract Tower,0,4,3,2,9,0,0,7,13,20,0,4,10,15,29,18,188,206,235
11/06/2010,HLG,WV,AEA,CE,Federal Contract Tower,0,0,4,4,8,0,2,19,0,21,0,2,23,4,29,50,0,50,79
11/07/2010,HLG,WV,AEA,CE,Federal Contract Tower,0,2,3,0,5,0,4,58,6,68,0,6,61,6,73,112,28,140,213
11/08/2010,HLG,WV,AEA,CE,Federal Contract Tower,0,1,9,4,14,0,0,33,1,34,0,1,42,5,48,62,0,62,110
11/09/2010,HLG,WV,AEA,CE,Federal Contract Tower,0,6,7,10,23,0,0,71,0,71,0,6,78,10,94,136,0,136,230
11/10/2010,HLG,WV,AEA,CE,Federal Contract Tower,0,11,9,4,24,0,0,35,13,48,0,11,44,17,72,8,78,86,158
11/11/2010,HLG,WV,AEA,CE,Federal Contract Tower,0,3,8,0,11,0,0,18,7,25,0,3,26,7,36,28,12,40,76
11/12/2010,HLG,WV,AEA,CE,Federal Contract Tower,0,2,3,0,5,0,0,19,15,34,0,2,22,15,39,10,0,10,49
11/13/2010,HLG,WV,AEA,CE,Federal Contract Tower,0,0,0,0,0,0,0,94,0,94,0,0,94,0,94,190,0,190,284
11/14/2010,HLG,WV,AEA,CE,Federal Contract Tower,0,0,9,0,9,0,0,1,0,1,0,0,10,0,10,0,0,0,10
11/15/2010,HLG,WV,AEA,CE,Federal Contract Tower,0,2,1,0,3,0,0,17,7,24,0,2,18,7,27,0,32,32,59
11/16/2010,HLG,WV,AEA,CE,Federal Contract Tower,0,7,0,0,7,0,0,32,4,36,0,7,32,4,43,0,72,72,115
11/17/2010,HLG,WV,AEA,CE,Federal Contract Tower,0,3,2,0,5,0,0,37,10,47,0,3,39,10,52,30,132,162,214
11/18/2010,HLG,WV,AEA,CE,Federal Contract Tower,0,2,0,6,8,0,2,4,11,17,0,4,4,17,25,6,120,126,151
11/19/2010,HLG,WV,AEA,CE,Federal Contract Tower,0,1,0,4,5,0,0,41,16,57,0,1,41,20,62,30,86,116,178
11/20/2010,HLG,WV,AEA,CE,Federal Contract Tower,0,2,5,1,8,0,0,44,0,44,0,2,49,1,52,108,0,108,160
11/21/2010,HLG,WV,AEA,CE,Federal Contract Tower,0,2,1,0,3,0,0,64,0,64,0,2,65,0,67,120,0,120,187
11/22/2010,HLG,WV,AEA,CE,Federal Contract Tower,0,4,1,6,11,0,0,60,2,62,0,4,61,8,73,80,0,80,153
11/23/2010,HLG,WV,AEA,CE,Federal Contract Tower,0,1,10,6,17,0,0,64,11,75,0,1,74,17,92,38,78,116,208
11/24/2010,HLG,WV,AEA,CE,Federal Contract Tower,0,3,2,0,5,0,0,43,0,43,0,3,45,0,48,70,0,70,118
11/25/2010,HLG,WV,AEA,CE,Federal Contract Tower,0,0,0,0,0,0,0,0,0,0,0,0,0,0,0,0,0,0,0
11/26/2010,HLG,WV,AEA,CE,Federal Contract Tower,0,2,0,0,2,0,0,22,3,25,0,2,22,3,27,4,0,4,31
11/27/2010,HLG,WV,AEA,CE,Federal Contract Tower,0,0,4,0,4,0,0,17,0,17,0,0,21,0,21,0,0,0,21
11/28/2010,HLG,WV,AEA,CE,Federal Contract Tower,0,0,5,0,5,0,0,56,0,56,0,0,61,0,61,80,0,80,141
11/29/2010,HLG,WV,AEA,CE,Federal Contract Tower,0,3,2,0,5,0,0,71,8,79,0,3,73,8,84,136,58,194,278
11/30/2010,HLG,WV,AEA,CE,Federal Contract Tower,0,0,8,0,8,0,0,0,0,0,0,0,8,0,8,0,0,0,8
12/01/2010,HLG,WV,AEA,CE,Federal Contract Tower,0,6,0,2,8,0,0,12,16,28,0,6,12,18,36,6,0,6,42
12/02/2010,HLG,WV,AEA,CE,Federal Contract Tower,0,5,2,0,7,0,0,24,6,30,0,5,26,6,37,8,38,46,83
12/03/2010,HLG,WV,AEA,CE,Federal Contract Tower,0,6,4,0,10,0,0,13,10,23,0,6,17,10,33,16,100,116,149
12/04/2010,HLG,WV,AEA,CE,Federal Contract Tower,0,0,3,0,3,0,0,54,8,62,0,0,57,8,65,110,0,110,175
12/05/2010,HLG,WV,AEA,CE,Federal Contract Tower,0,2,0,0,2,0,0,41,0,41,0,2,41,0,43,70,0,70,113
12/06/2010,HLG,WV,AEA,CE,Federal Contract Tower,0,4,2,3,9,0,0,21,5,26,0,4,23,8,35,0,28,28,63
12/07/2010,HLG,WV,AEA,CE,Federal Contract Tower,0,0,6,6,12,0,0,6,26,32,0,0,12,32,44,0,130,130,174
12/08/2010,HLG,WV,AEA,CE,Federal Contract Tower,0,4,2,1,7,0,4,26,20,50,0,8,28,21,57,4,133,137,194
12/09/2010,HLG,WV,AEA,CE,Federal Contract Tower,0,12,1,2,15,0,0,20,15,35,0,12,21,17,50,0,42,42,92
12/10/2010,HLG,WV,AEA,CE,Federal Contract Tower,0,1,0,4,5,0,0,30,4,34,0,1,30,8,39,28,8,36,75
12/11/2010,HLG,WV,AEA,CE,Federal Contract Tower,0,0,8,0,8,0,0,72,2,74,0,0,80,2,82,138,0,138,220
12/12/2010,HLG,WV,AEA,CE,Federal Contract Tower,0,0,0,0,0,0,0,0,0,0,0,0,0,0,0,0,0,0,0
12/13/2010,HLG,WV,AEA,CE,Federal Contract Tower,0,2,0,0,2,0,0,0,0,0,0,2,0,0,2,0,0,0,2
12/14/2010,HLG,WV,AEA,CE,Federal Contract Tower,0,2,1,10,13,0,0,45,21,66,0,2,46,31,79,106,92,198,277
12/15/2010,HLG,WV,AEA,CE,Federal Contract Tower,0,2,3,0,5,0,0,38,11,49,0,2,41,11,54,58,70,128,182
12/16/2010,HLG,WV,AEA,CE,Federal Contract Tower,0,3,8,0,11,0,0,38,13,51,0,3,46,13,62,58,78,136,198
12/17/2010,HLG,WV,AEA,CE,Federal Contract Tower,0,1,1,0,2,0,0,15,10,25,0,1,16,10,27,12,52,64,91
12/18/2010,HLG,WV,AEA,CE,Federal Contract Tower,0,0,4,0,4,0,0,66,2,68,0,0,70,2,72,122,0,122,194
12/19/2010,HLG,WV,AEA,CE,Federal Contract Tower,0,0,1,0,1,0,0,6,0,6,0,0,7,0,7,84,0,84,91
12/20/2010,HLG,WV,AEA,CE,Federal Contract Tower,0,4,7,4,15,2,0,57,4,63,2,4,64,8,78,106,10,116,194
12/21/2010,HLG,WV,AEA,CE,Federal Contract Tower,0,2,4,0,6,0,0,70,7,77,0,2,74,7,83,184,24,208,291
12/22/2010,HLG,WV,AEA,CE,Federal Contract Tower,0,2,16,2,20,0,2,30,7,39,0,4,46,9,59,120,52,172,231
12/23/2010,HLG,WV,AEA,CE,Federal Contract Tower,0,0,0,0,0,0,0,8,2,10,0,0,8,2,10,12,8,20,30
12/24/2010,HLG,WV,AEA,CE,Federal Contract Tower,0,0,0,0,0,0,0,2,0,2,0,0,2,0,2,10,0,10,12
12/25/2010,HLG,WV,AEA,CE,Federal Contract Tower,0,0,0,0,0,0,0,0,0,0,0,0,0,0,0,0,0,0,0
12/26/2010,HLG,WV,AEA,CE,Federal Contract Tower,0,2,2,0,4,0,4,4,0,8,0,6,6,0,12,0,0,0,12
12/27/2010,HLG,WV,AEA,CE,Federal Contract Tower,0,0,0,0,0,0,0,10,0,10,0,0,10,0,10,90,0,90,100
12/28/2010,HLG,WV,AEA,CE,Federal Contract Tower,0,0,4,4,8,0,0,64,0,64,0,0,68,4,72,106,0,106,178
12/29/2010,HLG,WV,AEA,CE,Federal Contract Tower,0,10,11,0,21,0,0,67,8,75,0,10,78,8,96,116,112,228,324
12/30/2010,HLG,WV,AEA,CE,Federal Contract Tower,0,0,0,0,0,0,0,2,0,2,0,0,2,0,2,20,0,20,22
12/31/2010,HLG,WV,AEA,CE,Federal Contract Tower,0,0,5,1,6,0,2,37,4,43,0,2,42,5,49,198,0,198,247
01/01/2011,HLG,WV,AEA,CE,Federal Contract Tower,0,0,1,0,1,0,0,0,0,0,0,0,1,0,1,56,0,56,57
01/02/2011,HLG,WV,AEA,CE,Federal Contract Tower,0,0,1,0,1,0,0,34,2,36,0,0,35,2,37,58,8,66,103
01/03/2011,HLG,WV,AEA,CE,Federal Contract Tower,0,2,0,0,2,0,2,74,18,94,0,4,74,18,96,174,78,252,348
01/04/2011,HLG,WV,AEA,CE,Federal Contract Tower,0,0,0,8,8,0,6,96,12,114,0,6,96,20,122,216,0,216,338
01/05/2011,HLG,WV,AEA,CE,Federal Contract Tower,0,0,8,0,8,0,4,28,6,38,0,4,36,6,46,66,6,72,118
01/06/2011,HLG,WV,AEA,CE,Federal Contract Tower,0,1,0,2,3,0,0,9,20,29,0,1,9,22,32,4,52,56,88
01/07/2011,HLG,WV,AEA,CE,Federal Contract Tower,0,0,0,0,0,0,0,12,13,25,0,0,12,13,25,20,4,24,49
01/08/2011,HLG,WV,AEA,CE,Federal Contract Tower,0,2,2,0,4,0,0,2,0,2,0,2,4,0,6,8,0,8,14
01/09/2011,HLG,WV,AEA,CE,Federal Contract Tower,0,0,0,0,0,0,0,26,6,32,0,0,26,6,32,96,20,116,148
01/10/2011,HLG,WV,AEA,CE,Federal Contract Tower,0,2,0,0,2,0,0,68,10,78,0,2,68,10,80,166,18,184,264
01/11/2011,HLG,WV,AEA,CE,Federal Contract Tower,0,2,0,0,2,0,2,1,0,3,0,4,1,0,5,0,0,0,5
01/12/2011,HLG,WV,AEA,CE,Federal Contract Tower,0,2,0,0,2,0,0,0,0,0,0,2,0,0,2,0,0,0,2
01/13/2011,HLG,WV,AEA,CE,Federal Contract Tower,0,2,1,0,3,0,2,24,8,34,0,4,25,8,37,18,0,18,55
01/14/2011,HLG,WV,AEA,CE,Federal Contract Tower,0,2,2,0,4,0,0,44,4,48,0,2,46,4,52,20,0,20,72
01/15/2011,HLG,WV,AEA,CE,Federal Contract Tower,0,0,0,0,0,0,0,40,0,40,0,0,40,0,40,70,0,70,110
01/16/2011,HLG,WV,AEA,CE,Federal Contract Tower,0,0,1,1,2,0,0,43,0,43,0,0,44,1,45,106,0,106,151
01/17/2011,HLG,WV,AEA,CE,Federal Contract Tower,0,1,0,0,1,0,0,48,14,62,0,1,48,14,63,142,26,168,231
01/18/2011,HLG,WV,AEA,CE,Federal Contract Tower,0,4,6,0,10,0,0,19,4,23,0,4,25,4,33,30,0,30,63
01/19/2011,HLG,WV,AEA,CE,Federal Contract Tower,0,2,0,0,2,0,0,0,0,0,0,2,0,0,2,0,0,0,2
01/20/2011,HLG,WV,AEA,CE,Federal Contract Tower,0,2,10,0,12,0,0,8,0,8,0,2,18,0,20,10,0,10,30
01/21/2011,HLG,WV,AEA,CE,Federal Contract Tower,0,0,1,6,7,0,0,0,2,2,0,0,1,8,9,0,0,0,9
01/22/2011,HLG,WV,AEA,CE,Federal Contract Tower,0,0,1,6,7,0,8,52,3,63,0,8,53,9,70,142,6,148,218
01/23/2011,HLG,WV,AEA,CE,Federal Contract Tower,0,0,0,0,0,0,4,43,0,47,0,4,43,0,47,108,0,108,155
01/24/2011,HLG,WV,AEA,CE,Federal Contract Tower,0,2,0,4,6,0,0,0,0,0,0,2,0,4,6,0,0,0,6
01/25/2011,HLG,WV,AEA,CE,Federal Contract Tower,0,4,0,0,4,0,0,34,0,34,0,4,34,0,38,70,0,70,108
01/26/2011,HLG,WV,AEA,CE,Federal Contract Tower,0,2,0,0,2,0,0,0,0,0,0,2,0,0,2,0,0,0,2
01/27/2011,HLG,WV,AEA,CE,Federal Contract Tower,0,2,0,0,2,0,2,0,8,10,0,4,0,8,12,0,0,0,12
01/28/2011,HLG,WV,AEA,CE,Federal Contract Tower,0,3,1,0,4,0,0,6,0,6,0,3,7,0,10,0,74,74,84
01/29/2011,HLG,WV,AEA,CE,Federal Contract Tower,0,0,2,0,2,0,0,19,0,19,0,0,21,0,21,0,0,0,21
01/30/2011,HLG,WV,AEA,CE,Federal Contract Tower,0,0,0,0,0,0,0,6,0,6,0,0,6,0,6,54,0,54,60
01/31/2011,HLG,WV,AEA,CE,Federal Contract Tower,0,6,0,2,8,0,0,58,12,70,0,6,58,14,78,158,76,234,312
02/01/2011,HLG,WV,AEA,CE,Federal Contract Tower,0,0,0,0,0,0,0,0,0,0,0,0,0,0,0,0,0,0,0
02/02/2011,HLG,WV,AEA,CE,Federal Contract Tower,0,2,0,0,2,0,0,0,4,4,0,2,0,4,6,0,32,32,38
02/03/2011,HLG,WV,AEA,CE,Federal Contract Tower,0,3,0,2,5,0,4,26,8,38,0,7,26,10,43,16,28,44,87
02/04/2011,HLG,WV,AEA,CE,Federal Contract Tower,0,7,5,2,14,0,4,56,18,78,0,11,61,20,92,0,20,20,112
02/05/2011,HLG,WV,AEA,CE,Federal Contract Tower,0,0,5,2,7,0,0,9,20,29,0,0,14,22,36,12,114,126,162
02/06/2011,HLG,WV,AEA,CE,Federal Contract Tower,0,4,0,0,4,0,0,18,4,22,0,4,18,4,26,0,0,0,26
02/07/2011,HLG,WV,AEA,CE,Federal Contract Tower,0,2,0,0,2,0,0,4,4,8,0,2,4,4,10,0,70,70,80
02/08/2011,HLG,WV,AEA,CE,Federal Contract Tower,0,2,0,10,12,0,0,0,0,0,0,2,0,10,12,0,0,0,12
02/09/2011,HLG,WV,AEA,CE,Federal Contract Tower,0,0,0,1,1,0,0,17,8,25,0,0,17,9,26,26,42,68,94
02/10/2011,HLG,WV,AEA,CE,Federal Contract Tower,0,5,1,2,8,0,4,47,11,62,0,9,48,13,70,32,52,84,154
02/11/2011,HLG,WV,AEA,CE,Federal Contract Tower,0,7,5,0,12,0,0,42,9,51,0,7,47,9,63,34,0,34,97
02/12/2011,HLG,WV,AEA,CE,Federal Contract Tower,0,0,2,0,2,0,0,30,0,30,0,0,32,0,32,14,0,14,46
02/13/2011,HLG,WV,AEA,CE,Federal Contract Tower,0,0,2,0,2,0,0,15,4,19,0,0,17,4,21,0,0,0,21
02/14/2011,HLG,WV,AEA,CE,Federal Contract Tower,0,3,0,12,15,0,0,14,0,14,0,3,14,12,29,0,0,0,29
02/15/2011,HLG,WV,AEA,CE,Federal Contract Tower,0,4,8,8,20,0,2,55,8,65,0,6,63,16,85,50,0,50,135
02/16/2011,HLG,WV,AEA,CE,Federal Contract Tower,0,2,14,1,17,0,2,40,7,49,0,4,54,8,66,38,0,38,104
02/17/2011,HLG,WV,AEA,CE,Federal Contract Tower,0,2,2,6,10,0,0,36,7,43,0,2,38,13,53,0,28,28,81
02/18/2011,HLG,WV,AEA,CE,Federal Contract Tower,0,0,1,4,5,0,0,17,4,21,0,0,18,8,26,0,8,8,34
02/19/2011,HLG,WV,AEA,CE,Federal Contract Tower,0,0,0,0,0,0,2,34,0,36,0,2,34,0,36,38,0,38,74
02/20/2011,HLG,WV,AEA,CE,Federal Contract Tower,0,2,2,0,4,0,2,37,0,39,0,4,39,0,43,90,0,90,133
02/21/2011,HLG,WV,AEA,CE,Federal Contract Tower,0,2,0,0,2,0,0,0,0,0,0,2,0,0,2,0,0,0,2
02/22/2011,HLG,WV,AEA,CE,Federal Contract Tower,0,2,5,7,14,0,0,16,7,23,0,2,21,14,37,0,2,2,39
02/23/2011,HLG,WV,AEA,CE,Federal Contract Tower,0,2,14,0,16,0,0,39,4,43,0,2,53,4,59,8,0,8,67
02/24/2011,HLG,WV,AEA,CE,Federal Contract Tower,0,2,5,0,7,0,0,15,4,19,0,2,20,4,26,0,0,0,26
02/25/2011,HLG,WV,AEA,CE,Federal Contract Tower,0,2,0,0,2,0,0,0,0,0,0,2,0,0,2,0,0,0,2
02/26/2011,HLG,WV,AEA,CE,Federal Contract Tower,0,0,1,0,1,0,0,55,0,55,0,0,56,0,56,112,0,112,168
02/27/2011,HLG,WV,AEA,CE,Federal Contract Tower,0,2,2,0,4,0,0,63,0,63,0,2,65,0,67,142,0,142,209
02/28/2011,HLG,WV,AEA,CE,Federal Contract Tower,0,4,6,2,12,0,0,0,0,0,0,4,6,2,12,0,0,0,12
03/01/2011,HLG,WV,AEA,CE,Federal Contract Tower,0,6,2,6,14,0,0,57,5,62,0,6,59,11,76,110,0,110,186
03/02/2011,HLG,WV,AEA,CE,Federal Contract Tower,0,1,7,4,12,0,0,41,1,42,0,1,48,5,54,26,0,26,80
03/03/2011,HLG,WV,AEA,CE,Federal Contract Tower,0,1,8,2,11,0,8,62,7,77,0,9,70,9,88,20,0,20,108
03/04/2011,HLG,WV,AEA,CE,Federal Contract Tower,0,4,4,0,8,0,0,50,0,50,0,4,54,0,58,28,0,28,86
03/05/2011,HLG,WV,AEA,CE,Federal Contract Tower,0,0,14,0,14,0,0,1,0,1,0,0,15,0,15,4,0,4,19
03/06/2011,HLG,WV,AEA,CE,Federal Contract Tower,0,0,0,0,0,0,0,0,0,0,0,0,0,0,0,0,0,0,0
03/07/2011,HLG,WV,AEA,CE,Federal Contract Tower,0,0,14,16,30,0,0,67,6,73,0,0,81,22,103,116,0,116,219
03/08/2011,HLG,WV,AEA,CE,Federal Contract Tower,0,12,4,2,18,0,0,72,4,76,0,12,76,6,94,86,0,86,180
03/09/2011,HLG,WV,AEA,CE,Federal Contract Tower,0,0,0,12,12,0,0,0,0,0,0,0,0,12,12,0,0,0,12
03/10/2011,HLG,WV,AEA,CE,Federal Contract Tower,0,2,2,8,12,0,0,2,0,2,0,2,4,8,14,0,0,0,14
03/11/2011,HLG,WV,AEA,CE,Federal Contract Tower,0,0,6,0,6,0,0,0,0,0,0,0,6,0,6,0,0,0,6
03/12/2011,HLG,WV,AEA,CE,Federal Contract Tower,0,0,17,0,17,0,0,60,0,60,0,0,77,0,77,120,0,120,197
03/13/2011,HLG,WV,AEA,CE,Federal Contract Tower,0,2,2,0,4,0,6,20,0,26,0,8,22,0,30,18,0,18,48
03/14/2011,HLG,WV,AEA,CE,Federal Contract Tower,0,2,9,0,11,0,0,80,12,92,0,2,89,12,103,42,0,42,145
03/15/2011,HLG,WV,AEA,CE,Federal Contract Tower,0,3,2,9,14,0,0,1,9,10,0,3,3,18,24,10,20,30,54
03/16/2011,HLG,WV,AEA,CE,Federal Contract Tower,0,3,5,8,16,0,15,3,2,20,0,18,8,10,36,0,62,62,98
03/17/2011,HLG,WV,AEA,CE,Federal Contract Tower,0,3,1,0,4,0,0,30,0,30,0,3,31,0,34,18,0,18,52
03/18/2011,HLG,WV,AEA,CE,Federal Contract Tower,0,4,9,4,17,0,0,69,6,75,0,4,78,10,92,22,0,22,114
03/19/2011,HLG,WV,AEA,CE,Federal Contract Tower,0,7,2,0,9,0,0,85,0,85,0,7,87,0,94,138,0,138,232
03/20/2011,HLG,WV,AEA,CE,Federal Contract Tower,0,0,0,0,0,0,0,63,4,67,0,0,63,4,67,118,0,118,185
03/21/2011,HLG,WV,AEA,CE,Federal Contract Tower,0,4,3,0,7,0,0,20,0,20,0,4,23,0,27,0,0,0,27
03/22/2011,HLG,WV,AEA,CE,Federal Contract Tower,0,2,1,6,9,0,0,52,1,53,0,2,53,7,62,90,12,102,164
03/23/2011,HLG,WV,AEA,CE,Federal Contract Tower,0,0,5,0,5,0,0,9,2,11,0,0,14,2,16,0,0,0,16
03/24/2011,HLG,WV,AEA,CE,Federal Contract Tower,0,0,0,0,0,0,0,35,2,37,0,0,35,2,37,0,0,0,37
03/25/2011,HLG,WV,AEA,CE,Federal Contract Tower,0,2,4,1,7,0,0,49,2,51,0,2,53,3,58,50,6,56,114
03/26/2011,HLG,WV,AEA,CE,Federal Contract Tower,0,4,0,10,14,0,2,70,0,72,0,6,70,10,86,156,0,156,242
03/27/2011,HLG,WV,AEA,CE,Federal Contract Tower,0,0,0,0,0,0,0,37,2,39,0,0,37,2,39,90,0,90,129
03/28/2011,HLG,WV,AEA,CE,Federal Contract Tower,0,2,13,7,22,0,0,67,2,69,0,2,80,9,91,142,0,142,233
03/29/2011,HLG,WV,AEA,CE,Federal Contract Tower,0,0,8,0,8,0,0,42,2,44,0,0,50,2,52,100,6,106,158
03/30/2011,HLG,WV,AEA,CE,Federal Contract Tower,0,14,0,0,14,0,0,15,1,16,0,14,15,1,30,22,0,22,52
03/31/2011,HLG,WV,AEA,CE,Federal Contract Tower,0,0,2,4,6,0,0,2,4,6,0,0,4,8,12,0,0,0,12
04/01/2011,HLG,WV,AEA,CE,Federal Contract Tower,0,4,0,1,5,0,2,5,1,8,0,6,5,2,13,24,0,24,37
04/02/2011,HLG,WV,AEA,CE,Federal Contract Tower,0,2,8,0,10,0,0,16,2,18,0,2,24,2,28,20,0,20,48
04/03/2011,HLG,WV,AEA,CE,Federal Contract Tower,0,2,2,1,5,0,0,46,0,46,0,2,48,1,51,112,0,112,163
04/04/2011,HLG,WV,AEA,CE,Federal Contract Tower,0,1,2,13,16,0,0,2,0,2,0,1,4,13,18,0,0,0,18
04/05/2011,HLG,WV,AEA,CE,Federal Contract Tower,0,6,5,0,11,0,0,2,0,2,0,6,7,0,13,0,0,0,13
04/06/2011,HLG,WV,AEA,CE,Federal Contract Tower,0,4,8,4,16,0,2,11,0,13,0,6,19,4,29,8,0,8,37
04/07/2011,HLG,WV,AEA,CE,Federal Contract Tower,0,5,8,6,19,0,6,39,18,63,0,11,47,24,82,36,0,36,118
04/08/2011,HLG,WV,AEA,CE,Federal Contract Tower,0,4,6,0,10,0,0,4,0,4,0,4,10,0,14,18,0,18,32
04/09/2011,HLG,WV,AEA,CE,Federal Contract Tower,0,0,20,0,20,0,0,0,0,0,0,0,20,0,20,6,0,6,26
04/10/2011,HLG,WV,AEA,CE,Federal Contract Tower,0,2,1,0,3,0,6,41,0,47,0,8,42,0,50,18,0,18,68
04/11/2011,HLG,WV,AEA,CE,Federal Contract Tower,0,3,0,10,13,0,0,11,4,15,0,3,11,14,28,0,0,0,28
04/12/2011,HLG,WV,AEA,CE,Federal Contract Tower,0,7,0,7,14,0,0,0,0,0,0,7,0,7,14,0,0,0,14
04/13/2011,HLG,WV,AEA,CE,Federal Contract Tower,0,1,28,12,41,0,0,13,0,13,0,1,41,12,54,40,0,40,94
04/14/2011,HLG,WV,AEA,CE,Federal Contract Tower,0,6,7,20,33,0,4,85,11,100,0,10,92,31,133,52,0,52,185
04/15/2011,HLG,WV,AEA,CE,Federal Contract Tower,0,1,5,4,10,0,0,31,6,37,0,1,36,10,47,0,0,0,47
04/16/2011,HLG,WV,AEA,CE,Federal Contract Tower,0,0,0,0,0,0,0,0,0,0,0,0,0,0,0,0,0,0,0
04/17/2011,HLG,WV,AEA,CE,Federal Contract Tower,0,1,2,0,3,0,0,0,0,0,0,1,2,0,3,0,0,0,3
04/18/2011,HLG,WV,AEA,CE,Federal Contract Tower,0,1,18,0,19,0,4,48,0,52,0,5,66,0,71,0,0,0,71
04/19/2011,HLG,WV,AEA,CE,Federal Contract Tower,0,3,2,0,5,0,0,0,0,0,0,3,2,0,5,0,0,0,5
04/20/2011,HLG,WV,AEA,CE,Federal Contract Tower,0,2,0,0,2,0,0,0,0,0,0,2,0,0,2,0,0,0,2
04/21/2011,HLG,WV,AEA,CE,Federal Contract Tower,0,15,2,0,17,0,4,54,12,70,0,19,56,12,87,42,10,52,139
04/22/2011,HLG,WV,AEA,CE,Federal Contract Tower,0,4,16,0,20,0,0,24,0,24,0,4,40,0,44,20,0,20,64
04/23/2011,HLG,WV,AEA,CE,Federal Contract Tower,0,0,0,2,2,0,0,13,2,15,0,0,13,4,17,8,6,14,31
04/24/2011,HLG,WV,AEA,CE,Federal Contract Tower,0,3,2,0,5,0,0,0,0,0,0,3,2,0,5,0,0,0,5
04/25/2011,HLG,WV,AEA,CE,Federal Contract Tower,0,6,0,0,6,0,4,67,2,73,0,10,67,2,79,86,0,86,165
04/26/2011,HLG,WV,AEA,CE,Federal Contract Tower,0,1,1,4,6,0,0,20,10,30,0,1,21,14,36,0,0,0,36
04/27/2011,HLG,WV,AEA,CE,Federal Contract Tower,0,4,2,0,6,0,4,2,4,10,0,8,4,4,16,24,0,24,40
04/28/2011,HLG,WV,AEA,CE,Federal Contract Tower,0,2,2,4,8,0,4,0,0,4,0,6,2,4,12,0,0,0,12
04/29/2011,HLG,WV,AEA,CE,Federal Contract Tower,0,0,13,1,14,0,6,45,4,55,0,6,58,5,69,18,0,18,87
04/30/2011,HLG,WV,AEA,CE,Federal Contract Tower,0,0,0,0,0,0,4,75,4,83,0,4,75,4,83,102,0,102,185
05/01/2011,HLG,WV,AEA,CE,Federal Contract Tower,0,0,3,0,3,0,0,1,0,1,0,0,4,0,4,0,0,0,4
05/02/2011,HLG,WV,AEA,CE,Federal Contract Tower,0,2,2,0,4,0,4,71,3,78,0,6,73,3,82,146,0,146,228
05/03/2011,HLG,WV,AEA,CE,Federal Contract Tower,0,4,0,0,4,0,0,0,0,0,0,4,0,0,4,0,0,0,4
05/04/2011,HLG,WV,AEA,CE,Federal Contract Tower,0,4,9,0,13,0,2,47,0,49,0,6,56,0,62,0,0,0,62
05/05/2011,HLG,WV,AEA,CE,Federal Contract Tower,0,3,0,0,3,0,2,35,17,54,0,5,35,17,57,0,54,54,111
05/06/2011,HLG,WV,AEA,CE,Federal Contract Tower,0,0,7,2,9,0,2,26,4,32,0,2,33,6,41,48,0,48,89
05/07/2011,HLG,WV,AEA,CE,Federal Contract Tower,0,0,1,1,2,0,0,52,0,52,0,0,53,1,54,112,0,112,166
05/08/2011,HLG,WV,AEA,CE,Federal Contract Tower,0,2,0,0,2,0,0,66,1,67,0,2,66,1,69,144,2,146,215
05/09/2011,HLG,WV,AEA,CE,Federal Contract Tower,0,2,0,0,2,0,0,63,9,72,0,2,63,9,74,72,16,88,162
05/10/2011,HLG,WV,AEA,CE,Federal Contract Tower,0,2,0,0,2,0,2,82,5,89,0,4,82,5,91,112,30,142,233
05/11/2011,HLG,WV,AEA,CE,Federal Contract Tower,0,2,17,9,28,0,2,63,12,77,0,4,80,21,105,42,6,48,153
05/12/2011,HLG,WV,AEA,CE,Federal Contract Tower,0,0,3,0,3,0,4,38,4,46,0,4,41,4,49,0,26,26,75
05/13/2011,HLG,WV,AEA,CE,Federal Contract Tower,0,5,0,0,5,0,0,51,0,51,0,5,51,0,56,10,0,10,66
05/14/2011,HLG,WV,AEA,CE,Federal Contract Tower,0,0,2,4,6,0,0,49,6,55,0,0,51,10,61,50,26,76,137
05/15/2011,HLG,WV,AEA,CE,Federal Contract Tower,0,4,4,0,8,0,0,24,0,24,0,4,28,0,32,50,0,50,82
05/16/2011,HLG,WV,AEA,CE,Federal Contract Tower,0,5,13,4,22,0,0,2,0,2,0,5,15,4,24,24,0,24,48
05/17/2011,HLG,WV,AEA,CE,Federal Contract Tower,0,9,0,0,9,0,0,0,0,0,0,9,0,0,9,0,0,0,9
05/18/2011,HLG,WV,AEA,CE,Federal Contract Tower,0,6,11,4,21,0,2,61,2,65,0,8,72,6,86,6,0,6,92
05/19/2011,HLG,WV,AEA,CE,Federal Contract Tower,0,5,2,0,7,0,2,33,4,39,0,7,35,4,46,0,40,40,86
05/20/2011,HLG,WV,AEA,CE,Federal Contract Tower,0,0,10,0,10,0,0,35,6,41,0,0,45,6,51,22,0,22,73
05/21/2011,HLG,WV,AEA,CE,Federal Contract Tower,0,0,3,6,9,0,0,97,4,101,0,0,100,10,110,134,0,134,244
05/22/2011,HLG,WV,AEA,CE,Federal Contract Tower,0,1,4,0,5,0,8,71,0,79,0,9,75,0,84,138,0,138,222
05/23/2011,HLG,WV,AEA,CE,Federal Contract Tower,0,4,1,4,9,0,0,67,0,67,0,4,68,4,76,110,0,110,186
05/24/2011,HLG,WV,AEA,CE,Federal Contract Tower,0,0,4,12,16,0,4,66,8,78,0,4,70,20,94,60,68,128,222
05/25/2011,HLG,WV,AEA,CE,Federal Contract Tower,0,9,19,6,34,0,6,49,4,59,0,15,68,10,93,56,8,64,157
05/26/2011,HLG,WV,AEA,CE,Federal Contract Tower,0,2,0,4,6,0,4,37,0,41,0,6,37,4,47,44,0,44,91
05/27/2011,HLG,WV,AEA,CE,Federal Contract Tower,0,3,7,0,10,0,4,32,4,40,0,7,39,4,50,0,14,14,64
05/28/2011,HLG,WV,AEA,CE,Federal Contract Tower,0,1,9,0,10,0,4,72,2,78,0,5,81,2,88,172,0,172,260
05/29/2011,HLG,WV,AEA,CE,Federal Contract Tower,0,1,0,0,1,0,0,51,0,51,0,1,51,0,52,80,0,80,132
05/30/2011,HLG,WV,AEA,CE,Federal Contract Tower,0,0,5,0,5,0,8,85,0,93,0,8,90,0,98,138,0,138,236
05/31/2011,HLG,WV,AEA,CE,Federal Contract Tower,0,4,11,8,23,0,4,96,4,104,0,8,107,12,127,226,10,236,363
06/01/2011,HLG,WV,AEA,CE,Federal Contract Tower,0,0,2,0,2,0,2,52,6,60,0,2,54,6,62,46,0,46,108
06/02/2011,HLG,WV,AEA,CE,Federal Contract Tower,0,5,9,12,26,0,4,72,10,86,0,9,81,22,112,20,40,60,172
06/03/2011,HLG,WV,AEA,CE,Federal Contract Tower,0,2,1,0,3,0,0,40,0,40,0,2,41,0,43,36,0,36,79
06/04/2011,HLG,WV,AEA,CE,Federal Contract Tower,0,1,0,1,2,0,0,60,0,60,0,1,60,1,62,120,0,120,182
06/05/2011,HLG,WV,AEA,CE,Federal Contract Tower,0,0,3,0,3,0,0,38,0,38,0,0,41,0,41,34,0,34,75
06/06/2011,HLG,WV,AEA,CE,Federal Contract Tower,0,6,1,8,15,0,4,75,15,94,0,10,76,23,109,112,16,128,237
06/07/2011,HLG,WV,AEA,CE,Federal Contract Tower,0,5,1,0,6,0,0,53,3,56,0,5,54,3,62,104,0,104,166
06/08/2011,HLG,WV,AEA,CE,Federal Contract Tower,0,4,3,12,19,0,8,44,29,81,0,12,47,41,100,80,8,88,188
06/09/2011,HLG,WV,AEA,CE,Federal Contract Tower,0,2,2,1,5,0,4,50,13,67,0,6,52,14,72,0,0,0,72
06/10/2011,HLG,WV,AEA,CE,Federal Contract Tower,0,2,1,0,3,0,0,53,19,72,0,2,54,19,75,60,10,70,145
06/11/2011,HLG,WV,AEA,CE,Federal Contract Tower,0,2,2,0,4,0,0,19,0,19,0,2,21,0,23,48,0,48,71
06/12/2011,HLG,WV,AEA,CE,Federal Contract Tower,0,0,3,0,3,0,0,64,0,64,0,0,67,0,67,130,0,130,197
06/13/2011,HLG,WV,AEA,CE,Federal Contract Tower,0,5,0,2,7,0,2,84,26,112,0,7,84,28,119,178,80,258,377
06/14/2011,HLG,WV,AEA,CE,Federal Contract Tower,0,2,1,10,13,0,4,86,5,95,0,6,87,15,108,168,0,168,276
06/15/2011,HLG,WV,AEA,CE,Federal Contract Tower,0,2,4,0,6,0,4,63,8,75,0,6,67,8,81,146,0,146,227
06/16/2011,HLG,WV,AEA,CE,Federal Contract Tower,0,7,0,11,18,0,4,42,6,52,0,11,42,17,70,10,36,46,116
06/17/2011,HLG,WV,AEA,CE,Federal Contract Tower,0,1,0,0,1,0,10,43,2,55,0,11,43,2,56,80,0,80,136
06/18/2011,HLG,WV,AEA,CE,Federal Contract Tower,0,0,7,1,8,0,0,25,0,25,0,0,32,1,33,30,0,30,63
06/19/2011,HLG,WV,AEA,CE,Federal Contract Tower,0,3,4,0,7,0,0,0,0,0,0,3,4,0,7,0,0,0,7
06/20/2011,HLG,WV,AEA,CE,Federal Contract Tower,0,5,6,0,11,0,0,45,4,49,0,5,51,4,60,60,0,60,120
06/21/2011,HLG,WV,AEA,CE,Federal Contract Tower,0,7,2,5,14,0,4,94,4,102,0,11,96,9,116,152,0,152,268
06/22/2011,HLG,WV,AEA,CE,Federal Contract Tower,0,2,14,0,16,0,4,89,20,113,0,6,103,20,129,170,0,170,299
06/23/2011,HLG,WV,AEA,CE,Federal Contract Tower,0,2,4,0,6,0,0,22,6,28,0,2,26,6,34,24,24,48,82
06/24/2011,HLG,WV,AEA,CE,Federal Contract Tower,0,0,6,0,6,0,0,12,2,14,0,0,18,2,20,72,8,80,100
06/25/2011,HLG,WV,AEA,CE,Federal Contract Tower,0,1,2,0,3,0,0,47,2,49,0,1,49,2,52,26,0,26,78
06/26/2011,HLG,WV,AEA,CE,Federal Contract Tower,0,0,4,0,4,0,0,51,6,57,0,0,55,6,61,130,30,160,221
06/27/2011,HLG,WV,AEA,CE,Federal Contract Tower,0,1,5,2,8,0,4,77,7,88,0,5,82,9,96,120,62,182,278
06/28/2011,HLG,WV,AEA,CE,Federal Contract Tower,0,5,0,0,5,0,4,93,4,101,0,9,93,4,106,170,0,170,276
06/29/2011,HLG,WV,AEA,CE,Federal Contract Tower,0,2,4,0,6,0,6,48,6,60,0,8,52,6,66,54,0,54,120
06/30/2011,HLG,WV,AEA,CE,Federal Contract Tower,0,2,8,12,22,0,10,69,18,97,0,12,77,30,119,120,0,120,239
07/01/2011,HLG,WV,AEA,CE,Federal Contract Tower,0,2,6,0,8,0,10,60,6,76,0,12,66,6,84,58,20,78,162
07/02/2011,HLG,WV,AEA,CE,Federal Contract Tower,0,3,11,0,14,0,0,63,0,63,0,3,74,0,77,8,0,8,85
07/03/2011,HLG,WV,AEA,CE,Federal Contract Tower,0,0,14,0,14,0,0,59,0,59,0,0,73,0,73,140,0,140,213
07/04/2011,HLG,WV,AEA,CE,Federal Contract Tower,0,2,0,0,2,0,0,58,8,66,0,2,58,8,68,36,0,36,104
07/05/2011,HLG,WV,AEA,CE,Federal Contract Tower,0,4,3,12,19,0,0,81,6,87,0,4,84,18,106,152,0,152,258
07/06/2011,HLG,WV,AEA,CE,Federal Contract Tower,0,3,5,4,12,0,2,51,6,59,0,5,56,10,71,46,0,46,117
07/07/2011,HLG,WV,AEA,CE,Federal Contract Tower,0,7,18,4,29,0,2,60,14,76,0,9,78,18,105,42,0,42,147
07/08/2011,HLG,WV,AEA,CE,Federal Contract Tower,0,7,3,2,12,0,0,0,0,0,0,7,3,2,12,0,0,0,12
07/09/2011,HLG,WV,AEA,CE,Federal Contract Tower,0,0,2,0,2,0,2,49,2,53,0,2,51,2,55,34,0,34,89
07/10/2011,HLG,WV,AEA,CE,Federal Contract Tower,0,4,0,0,4,0,2,67,0,69,0,6,67,0,73,26,0,26,99
07/11/2011,HLG,WV,AEA,CE,Federal Contract Tower,0,10,4,0,14,0,2,75,4,81,0,12,79,4,95,58,0,58,153
07/12/2011,HLG,WV,AEA,CE,Federal Contract Tower,0,6,2,11,19,0,0,91,4,95,0,6,93,15,114,130,0,130,244
07/13/2011,HLG,WV,AEA,CE,Federal Contract Tower,0,5,2,4,11,0,0,52,2,54,0,5,54,6,65,86,0,86,151
07/14/2011,HLG,WV,AEA,CE,Federal Contract Tower,0,4,12,4,20,0,2,66,0,68,0,6,78,4,88,82,0,82,170
07/15/2011,HLG,WV,AEA,CE,Federal Contract Tower,0,4,0,0,4,0,6,61,6,73,0,10,61,6,77,0,20,20,97
07/16/2011,HLG,WV,AEA,CE,Federal Contract Tower,0,7,6,0,13,0,0,83,0,83,0,7,89,0,96,18,0,18,114
07/17/2011,HLG,WV,AEA,CE,Federal Contract Tower,0,4,2,0,6,0,0,74,2,76,0,4,76,2,82,182,0,182,264
07/18/2011,HLG,WV,AEA,CE,Federal Contract Tower,0,1,6,1,8,0,0,29,4,33,0,1,35,5,41,28,0,28,69
07/19/2011,HLG,WV,AEA,CE,Federal Contract Tower,0,1,10,2,13,0,4,30,0,34,0,5,40,2,47,18,0,18,65
07/20/2011,HLG,WV,AEA,CE,Federal Contract Tower,0,11,4,0,15,0,0,0,0,0,0,11,4,0,15,0,0,0,15
07/21/2011,HLG,WV,AEA,CE,Federal Contract Tower,0,7,2,7,16,0,0,43,10,53,0,7,45,17,69,42,46,88,157
07/22/2011,HLG,WV,AEA,CE,Federal Contract Tower,0,2,3,0,5,0,0,38,3,41,0,2,41,3,46,46,0,46,92
07/23/2011,HLG,WV,AEA,CE,Federal Contract Tower,0,1,9,0,10,0,0,30,0,30,0,1,39,0,40,38,0,38,78
07/24/2011,HLG,WV,AEA,CE,Federal Contract Tower,0,3,1,0,4,0,0,66,2,68,0,3,67,2,72,70,12,82,154
07/25/2011,HLG,WV,AEA,CE,Federal Contract Tower,0,3,7,6,16,0,0,72,0,72,0,3,79,6,88,96,0,96,184
07/26/2011,HLG,WV,AEA,CE,Federal Contract Tower,0,3,1,28,32,0,0,91,8,99,0,3,92,36,131,150,0,150,281
07/27/2011,HLG,WV,AEA,CE,Federal Contract Tower,0,4,0,2,6,0,2,63,10,75,0,6,63,12,81,60,0,60,141
07/28/2011,HLG,WV,AEA,CE,Federal Contract Tower,0,3,0,4,7,0,0,2,0,2,0,3,2,4,9,0,0,0,9
07/29/2011,HLG,WV,AEA,CE,Federal Contract Tower,0,0,5,0,5,0,0,43,0,43,0,0,48,0,48,8,0,8,56
07/30/2011,HLG,WV,AEA,CE,Federal Contract Tower,0,0,10,0,10,0,0,51,0,51,0,0,61,0,61,80,0,80,141
07/31/2011,HLG,WV,AEA,CE,Federal Contract Tower,0,0,1,0,1,0,0,58,3,61,0,0,59,3,62,48,4,52,114
08/01/2011,HLG,WV,AEA,CE,Federal Contract Tower,0,15,0,0,15,0,2,83,0,85,0,17,83,0,100,154,0,154,254
08/02/2011,HLG,WV,AEA,CE,Federal Contract Tower,0,0,3,0,3,0,0,82,6,88,0,0,85,6,91,114,0,114,205
08/03/2011,HLG,WV,AEA,CE,Federal Contract Tower,0,2,19,0,21,0,2,5,0,7,0,4,24,0,28,36,0,36,64
08/04/2011,HLG,WV,AEA,CE,Federal Contract Tower,0,0,2,2,4,0,0,51,4,55,0,0,53,6,59,28,0,28,87
08/05/2011,HLG,WV,AEA,CE,Federal Contract Tower,0,2,3,0,5,0,0,39,8,47,0,2,42,8,52,14,54,68,120
08/06/2011,HLG,WV,AEA,CE,Federal Contract Tower,0,0,8,2,10,0,0,8,0,8,0,0,16,2,18,22,0,22,40
08/07/2011,HLG,WV,AEA,CE,Federal Contract Tower,0,1,7,0,8,0,0,24,0,24,0,1,31,0,32,0,0,0,32
08/08/2011,HLG,WV,AEA,CE,Federal Contract Tower,0,3,9,2,14,0,0,75,4,79,0,3,84,6,93,110,6,116,209
08/09/2011,HLG,WV,AEA,CE,Federal Contract Tower,0,4,6,8,18,0,0,77,4,81,0,4,83,12,99,152,0,152,251
08/10/2011,HLG,WV,AEA,CE,Federal Contract Tower,0,5,1,2,8,0,6,50,4,60,0,11,51,6,68,28,0,28,96
08/11/2011,HLG,WV,AEA,CE,Federal Contract Tower,0,2,3,20,25,0,0,46,7,53,0,2,49,27,78,22,0,22,100
08/12/2011,HLG,WV,AEA,CE,Federal Contract Tower,0,0,9,10,19,0,0,67,6,73,0,0,76,16,92,54,0,54,146
08/13/2011,HLG,WV,AEA,CE,Federal Contract Tower,0,0,2,0,2,0,0,47,0,47,0,0,49,0,49,50,0,50,99
08/14/2011,HLG,WV,AEA,CE,Federal Contract Tower,0,0,0,0,0,0,0,20,0,20,0,0,20,0,20,0,0,0,20
08/15/2011,HLG,WV,AEA,CE,Federal Contract Tower,0,3,16,3,22,0,0,8,0,8,0,3,24,3,30,56,0,56,86
08/16/2011,HLG,WV,AEA,CE,Federal Contract Tower,0,7,3,2,12,0,0,60,6,66,0,7,63,8,78,60,28,88,166
08/17/2011,HLG,WV,AEA,CE,Federal Contract Tower,0,3,1,10,14,0,0,50,8,58,0,3,51,18,72,68,20,88,160
08/18/2011,HLG,WV,AEA,CE,Federal Contract Tower,0,1,1,11,13,0,4,37,6,47,0,5,38,17,60,60,0,60,120
08/19/2011,HLG,WV,AEA,CE,Federal Contract Tower,0,3,0,8,11,0,4,29,2,35,0,7,29,10,46,8,0,8,54
08/20/2011,HLG,WV,AEA,CE,Federal Contract Tower,0,1,12,0,13,0,0,60,0,60,0,1,72,0,73,102,0,102,175
08/21/2011,HLG,WV,AEA,CE,Federal Contract Tower,0,0,7,0,7,0,0,16,0,16,0,0,23,0,23,0,0,0,23
08/22/2011,HLG,WV,AEA,CE,Federal Contract Tower,0,5,10,2,17,0,0,64,0,64,0,5,74,2,81,114,0,114,195
08/23/2011,HLG,WV,AEA,CE,Federal Contract Tower,0,3,3,5,11,0,10,64,5,79,0,13,67,10,90,170,0,170,260
08/24/2011,HLG,WV,AEA,CE,Federal Contract Tower,0,3,0,0,3,0,4,43,4,51,0,7,43,4,54,0,0,0,54
08/25/2011,HLG,WV,AEA,CE,Federal Contract Tower,0,3,2,0,5,0,0,39,4,43,0,3,41,4,48,38,20,58,106
08/26/2011,HLG,WV,AEA,CE,Federal Contract Tower,0,2,5,0,7,0,8,47,14,69,0,10,52,14,76,8,34,42,118
08/27/2011,HLG,WV,AEA,CE,Federal Contract Tower,0,0,8,2,10,0,0,85,0,85,0,0,93,2,95,150,0,150,245
08/28/2011,HLG,WV,AEA,CE,Federal Contract Tower,0,0,0,0,0,0,0,47,8,55,0,0,47,8,55,0,0,0,55
08/29/2011,HLG,WV,AEA,CE,Federal Contract Tower,0,6,2,4,12,0,4,75,14,93,0,10,77,18,105,142,0,142,247
08/30/2011,HLG,WV,AEA,CE,Federal Contract Tower,0,0,11,8,19,0,0,72,10,82,0,0,83,18,101,160,14,174,275
08/31/2011,HLG,WV,AEA,CE,Federal Contract Tower,0,2,10,2,14,0,0,60,0,60,0,2,70,2,74,10,0,10,84
09/01/2011,HLG,WV,AEA,CE,Federal Contract Tower,0,9,2,8,19,0,0,70,17,87,0,9,72,25,106,0,8,8,114
09/02/2011,HLG,WV,AEA,CE,Federal Contract Tower,0,3,3,2,8,0,0,57,4,61,0,3,60,6,69,86,8,94,163
09/03/2011,HLG,WV,AEA,CE,Federal Contract Tower,0,0,6,0,6,0,0,46,2,48,0,0,52,2,54,96,0,96,150
09/04/2011,HLG,WV,AEA,CE,Federal Contract Tower,0,0,0,0,0,0,0,12,0,12,0,0,12,0,12,42,0,42,54
09/05/2011,HLG,WV,AEA,CE,Federal Contract Tower,0,4,3,0,7,0,0,2,0,2,0,4,5,0,9,0,0,0,9
09/06/2011,HLG,WV,AEA,CE,Federal Contract Tower,0,5,9,2,16,0,0,7,6,13,0,5,16,8,29,0,16,16,45
09/07/2011,HLG,WV,AEA,CE,Federal Contract Tower,0,2,5,2,9,0,0,5,0,5,0,2,10,2,14,0,0,0,14
09/08/2011,HLG,WV,AEA,CE,Federal Contract Tower,0,10,3,0,13,0,0,8,6,14,0,10,11,6,27,12,0,12,39
09/09/2011,HLG,WV,AEA,CE,Federal Contract Tower,0,2,2,1,5,0,0,108,0,108,0,2,110,1,113,0,0,0,113
09/10/2011,HLG,WV,AEA,CE,Federal Contract Tower,0,2,14,0,16,0,0,50,6,56,0,2,64,6,72,66,0,66,138
09/11/2011,HLG,WV,AEA,CE,Federal Contract Tower,0,2,0,0,2,0,0,18,0,18,0,2,18,0,20,30,0,30,50
09/12/2011,HLG,WV,AEA,CE,Federal Contract Tower,0,4,5,1,10,0,0,64,7,71,0,4,69,8,81,28,0,28,109
09/13/2011,HLG,WV,AEA,CE,Federal Contract Tower,0,2,2,4,8,0,0,62,0,62,0,2,64,4,70,70,0,70,140
09/14/2011,HLG,WV,AEA,CE,Federal Contract Tower,0,12,10,2,24,0,4,38,3,45,0,16,48,5,69,74,0,74,143
09/15/2011,HLG,WV,AEA,CE,Federal Contract Tower,0,2,5,2,9,0,0,2,2,4,0,2,7,4,13,0,16,16,29
09/16/2011,HLG,WV,AEA,CE,Federal Contract Tower,0,4,3,0,7,0,0,22,3,25,0,4,25,3,32,50,0,50,82
09/17/2011,HLG,WV,AEA,CE,Federal Contract Tower,0,2,6,0,8,0,0,53,7,60,0,2,59,7,68,8,0,8,76
09/18/2011,HLG,WV,AEA,CE,Federal Contract Tower,0,3,1,0,4,0,0,26,0,26,0,3,27,0,30,6,0,6,36
09/19/2011,HLG,WV,AEA,CE,Federal Contract Tower,0,3,6,0,9,0,4,38,0,42,0,7,44,0,51,118,0,118,169
09/20/2011,HLG,WV,AEA,CE,Federal Contract Tower,0,7,16,10,33,0,0,61,4,65,0,7,77,14,98,90,0,90,188
09/21/2011,HLG,WV,AEA,CE,Federal Contract Tower,0,6,3,6,15,0,0,67,4,71,0,6,70,10,86,98,0,98,184
09/22/2011,HLG,WV,AEA,CE,Federal Contract Tower,0,4,0,0,4,0,0,52,2,54,0,4,52,2,58,20,0,20,78
09/23/2011,HLG,WV,AEA,CE,Federal Contract Tower,0,0,1,1,2,0,0,3,0,3,0,0,4,1,5,38,0,38,43
09/24/2011,HLG,WV,AEA,CE,Federal Contract Tower,0,0,12,0,12,0,0,55,0,55,0,0,67,0,67,96,0,96,163
09/25/2011,HLG,WV,AEA,CE,Federal Contract Tower,0,0,0,0,0,0,0,77,8,85,0,0,77,8,85,60,0,60,145
09/26/2011,HLG,WV,AEA,CE,Federal Contract Tower,0,1,4,0,5,0,0,47,2,49,0,1,51,2,54,26,0,26,80
09/27/2011,HLG,WV,AEA,CE,Federal Contract Tower,0,5,2,0,7,0,0,70,9,79,0,5,72,9,86,84,0,84,170
09/28/2011,HLG,WV,AEA,CE,Federal Contract Tower,0,2,1,6,9,0,0,34,0,34,0,2,35,6,43,12,0,12,55
09/29/2011,HLG,WV,AEA,CE,Federal Contract Tower,0,6,4,0,10,0,0,47,0,47,0,6,51,0,57,10,0,10,67
09/30/2011,HLG,WV,AEA,CE,Federal Contract Tower,0,3,1,0,4,0,0,26,4,30,0,3,27,4,34,20,12,32,66
10/01/2011,HLG,WV,AEA,CE,Federal Contract Tower,0,1,19,0,20,0,0,0,0,0,0,1,19,0,20,0,0,0,20
10/02/2011,HLG,WV,AEA,CE,Federal Contract Tower,0,0,10,0,10,0,0,0,0,0,0,0,10,0,10,24,0,24,34
10/03/2011,HLG,WV,AEA,CE,Federal Contract Tower,0,0,14,0,14,0,0,0,0,0,0,0,14,0,14,0,0,0,14
10/04/2011,HLG,WV,AEA,CE,Federal Contract Tower,0,1,8,0,9,0,0,30,0,30,0,1,38,0,39,48,0,48,87
10/05/2011,HLG,WV,AEA,CE,Federal Contract Tower,0,8,14,0,22,0,0,64,2,66,0,8,78,2,88,34,52,86,174
10/06/2011,HLG,WV,AEA,CE,Federal Contract Tower,0,3,3,4,10,0,8,36,10,54,0,11,39,14,64,36,50,86,150
10/07/2011,HLG,WV,AEA,CE,Federal Contract Tower,0,3,0,0,3,0,8,54,4,66,0,11,54,4,69,64,0,64,133
10/08/2011,HLG,WV,AEA,CE,Federal Contract Tower,0,0,2,0,2,0,0,44,0,44,0,0,46,0,46,108,0,108,154
10/09/2011,HLG,WV,AEA,CE,Federal Contract Tower,0,1,4,3,8,0,2,43,0,45,0,3,47,3,53,22,0,22,75
10/10/2011,HLG,WV,AEA,CE,Federal Contract Tower,0,0,12,0,12,0,0,32,0,32,0,0,44,0,44,34,0,34,78
10/11/2011,HLG,WV,AEA,CE,Federal Contract Tower,0,3,6,4,13,0,0,10,4,14,0,3,16,8,27,32,0,32,59
10/12/2011,HLG,WV,AEA,CE,Federal Contract Tower,0,4,13,4,21,0,0,0,0,0,0,4,13,4,21,0,0,0,21
10/13/2011,HLG,WV,AEA,CE,Federal Contract Tower,0,8,10,0,18,0,4,45,0,49,0,12,55,0,67,0,0,0,67
10/14/2011,HLG,WV,AEA,CE,Federal Contract Tower,0,1,0,0,1,0,4,42,2,48,0,5,42,2,49,0,0,0,49
10/15/2011,HLG,WV,AEA,CE,Federal Contract Tower,0,0,0,0,0,0,0,8,10,18,0,0,8,10,18,28,0,28,46
10/16/2011,HLG,WV,AEA,CE,Federal Contract Tower,0,0,8,0,8,0,0,28,5,33,0,0,36,5,41,80,12,92,133
10/17/2011,HLG,WV,AEA,CE,Federal Contract Tower,0,2,6,8,16,0,0,77,0,77,0,2,83,8,93,156,0,156,249
10/18/2011,HLG,WV,AEA,CE,Federal Contract Tower,0,1,3,0,4,0,0,61,1,62,0,1,64,1,66,142,0,142,208
10/19/2011,HLG,WV,AEA,CE,Federal Contract Tower,0,8,15,2,25,0,0,4,0,4,0,8,19,2,29,72,0,72,101
10/20/2011,HLG,WV,AEA,CE,Federal Contract Tower,0,3,3,0,6,0,0,1,4,5,0,3,4,4,11,0,20,20,31
10/21/2011,HLG,WV,AEA,CE,Federal Contract Tower,0,1,0,0,1,0,0,34,7,41,0,1,34,7,42,22,74,96,138
10/22/2011,HLG,WV,AEA,CE,Federal Contract Tower,0,0,4,0,4,0,4,82,0,86,0,4,86,0,90,148,0,148,238
10/23/2011,HLG,WV,AEA,CE,Federal Contract Tower,0,7,1,0,8,0,0,68,0,68,0,7,69,0,76,118,0,118,194
10/24/2011,HLG,WV,AEA,CE,Federal Contract Tower,0,6,0,0,6,0,6,40,0,46,0,12,40,0,52,28,10,38,90
10/25/2011,HLG,WV,AEA,CE,Federal Contract Tower,0,1,3,0,4,0,0,108,0,108,0,1,111,0,112,146,0,146,258
10/26/2011,HLG,WV,AEA,CE,Federal Contract Tower,0,3,0,0,3,0,2,49,3,54,0,5,49,3,57,0,0,0,57
10/27/2011,HLG,WV,AEA,CE,Federal Contract Tower,0,2,0,10,12,0,0,0,0,0,0,2,0,10,12,0,0,0,12
10/28/2011,HLG,WV,AEA,CE,Federal Contract Tower,0,4,0,1,5,0,4,48,2,54,0,8,48,3,59,36,0,36,95
10/29/2011,HLG,WV,AEA,CE,Federal Contract Tower,0,0,0,1,1,0,0,20,0,20,0,0,20,1,21,22,0,22,43
10/30/2011,HLG,WV,AEA,CE,Federal Contract Tower,0,3,1,1,5,0,0,34,2,36,0,3,35,3,41,70,0,70,111
10/31/2011,HLG,WV,AEA,CE,Federal Contract Tower,0,2,0,0,2,0,0,34,3,37,0,2,34,3,39,0,0,0,39
11/01/2011,HLG,WV,AEA,CE,Federal Contract Tower,0,6,5,11,22,0,0,79,4,83,0,6,84,15,105,140,10,150,255
11/02/2011,HLG,WV,AEA,CE,Federal Contract Tower,0,2,4,2,8,0,49,3,0,52,0,51,7,2,60,68,0,68,128
11/03/2011,HLG,WV,AEA,CE,Federal Contract Tower,0,3,1,8,12,0,2,63,13,78,0,5,64,21,90,40,42,82,172
11/04/2011,HLG,WV,AEA,CE,Federal Contract Tower,0,0,0,2,2,0,4,46,14,64,0,4,46,16,66,26,10,36,102
11/05/2011,HLG,WV,AEA,CE,Federal Contract Tower,0,1,2,12,15,0,4,111,14,129,0,5,113,26,144,214,0,214,358
11/06/2011,HLG,WV,AEA,CE,Federal Contract Tower,0,0,2,0,2,0,0,63,8,71,0,0,65,8,73,122,0,122,195
11/07/2011,HLG,WV,AEA,CE,Federal Contract Tower,0,4,0,2,6,0,8,59,0,67,0,12,59,2,73,138,0,138,211
11/08/2011,HLG,WV,AEA,CE,Federal Contract Tower,0,9,6,0,15,0,0,67,2,69,0,9,73,2,84,142,0,142,226
11/09/2011,HLG,WV,AEA,CE,Federal Contract Tower,0,1,18,8,27,0,8,76,6,90,0,9,94,14,117,12,0,12,129
11/10/2011,HLG,WV,AEA,CE,Federal Contract Tower,0,3,3,0,6,0,4,50,19,73,0,7,53,19,79,54,0,54,133
11/11/2011,HLG,WV,AEA,CE,Federal Contract Tower,0,7,3,0,10,0,4,54,7,65,0,11,57,7,75,14,30,44,119
11/12/2011,HLG,WV,AEA,CE,Federal Contract Tower,0,0,12,8,20,0,2,76,2,80,0,2,88,10,100,174,8,182,282
11/13/2011,HLG,WV,AEA,CE,Federal Contract Tower,0,2,0,0,2,0,0,26,6,32,0,2,26,6,34,6,22,28,62
11/14/2011,HLG,WV,AEA,CE,Federal Contract Tower,0,8,3,0,11,0,6,48,6,60,0,14,51,6,71,8,16,24,95
11/15/2011,HLG,WV,AEA,CE,Federal Contract Tower,0,5,0,0,5,0,0,32,4,36,0,5,32,4,41,0,0,0,41
11/16/2011,HLG,WV,AEA,CE,Federal Contract Tower,0,7,9,0,16,0,0,15,0,15,0,7,24,0,31,0,0,0,31
11/17/2011,HLG,WV,AEA,CE,Federal Contract Tower,0,7,3,0,10,0,4,46,6,56,0,11,49,6,66,6,38,44,110
11/18/2011,HLG,WV,AEA,CE,Federal Contract Tower,0,4,0,0,4,0,10,71,0,81,0,14,71,0,85,36,0,36,121
11/19/2011,HLG,WV,AEA,CE,Federal Contract Tower,0,4,3,0,7,0,0,80,0,80,0,4,83,0,87,130,0,130,217
11/20/2011,HLG,WV,AEA,CE,Federal Contract Tower,0,5,2,0,7,0,0,32,0,32,0,5,34,0,39,0,0,0,39
11/21/2011,HLG,WV,AEA,CE,Federal Contract Tower,0,1,10,0,11,0,0,0,0,0,0,1,10,0,11,0,0,0,11
11/22/2011,HLG,WV,AEA,CE,Federal Contract Tower,0,3,0,4,7,0,0,0,0,0,0,3,0,4,7,0,0,0,7
11/23/2011,HLG,WV,AEA,CE,Federal Contract Tower,0,9,5,0,14,0,4,48,0,52,0,13,53,0,66,36,0,36,102
11/24/2011,HLG,WV,AEA,CE,Federal Contract Tower,0,6,0,0,6,0,2,0,0,2,0,8,0,0,8,0,0,0,8
11/25/2011,HLG,WV,AEA,CE,Federal Contract Tower,0,7,2,0,9,0,4,71,3,78,0,11,73,3,87,108,0,108,195
11/26/2011,HLG,WV,AEA,CE,Federal Contract Tower,0,4,4,0,8,0,0,92,0,92,0,4,96,0,100,202,0,202,302
11/27/2011,HLG,WV,AEA,CE,Federal Contract Tower,0,0,0,0,0,0,0,2,0,2,0,0,2,0,2,10,0,10,12
11/28/2011,HLG,WV,AEA,CE,Federal Contract Tower,0,2,2,0,4,0,0,17,0,17,0,2,19,0,21,14,0,14,35
11/29/2011,HLG,WV,AEA,CE,Federal Contract Tower,0,3,1,4,8,0,0,38,2,40,0,3,39,6,48,0,12,12,60
11/30/2011,HLG,WV,AEA,CE,Federal Contract Tower,0,2,2,6,10,0,0,2,0,2,0,2,4,6,12,0,6,6,18
12/01/2011,HLG,WV,AEA,CE,Federal Contract Tower,0,3,1,12,16,0,8,60,6,74,0,11,61,18,90,34,42,76,166
12/02/2011,HLG,WV,AEA,CE,Federal Contract Tower,0,5,3,0,8,0,0,48,3,51,0,5,51,3,59,40,0,40,99
12/03/2011,HLG,WV,AEA,CE,Federal Contract Tower,0,1,10,3,14,0,1,76,9,86,0,2,86,12,100,132,16,148,248
12/04/2011,HLG,WV,AEA,CE,Federal Contract Tower,0,7,2,0,9,0,0,69,4,73,0,7,71,4,82,124,20,144,226
12/05/2011,HLG,WV,AEA,CE,Federal Contract Tower,0,0,2,0,2,0,0,72,0,72,0,0,74,0,74,124,48,172,246
12/06/2011,HLG,WV,AEA,CE,Federal Contract Tower,0,8,0,0,8,0,0,0,12,12,0,8,0,12,20,0,0,0,20
12/07/2011,HLG,WV,AEA,CE,Federal Contract Tower,0,0,2,2,4,0,0,0,0,0,0,0,2,2,4,14,0,14,18
12/08/2011,HLG,WV,AEA,CE,Federal Contract Tower,0,6,12,4,22,0,49,7,0,56,0,55,19,4,78,58,44,102,180
12/09/2011,HLG,WV,AEA,CE,Federal Contract Tower,0,2,1,0,3,0,0,34,6,40,0,2,35,6,43,92,24,116,159
12/10/2011,HLG,WV,AEA,CE,Federal Contract Tower,0,3,8,0,11,0,4,77,2,83,0,7,85,2,94,152,10,162,256
12/11/2011,HLG,WV,AEA,CE,Federal Contract Tower,0,2,2,0,4,0,0,71,3,74,0,2,73,3,78,102,0,102,180
12/12/2011,HLG,WV,AEA,CE,Federal Contract Tower,0,8,1,0,9,0,0,99,0,99,0,8,100,0,108,180,0,180,288
12/13/2011,HLG,WV,AEA,CE,Federal Contract Tower,0,6,2,0,8,0,0,86,6,92,0,6,88,6,100,130,80,210,310
12/14/2011,HLG,WV,AEA,CE,Federal Contract Tower,0,2,2,14,18,0,0,0,2,2,0,2,2,16,20,0,8,8,28
12/15/2011,HLG,WV,AEA,CE,Federal Contract Tower,0,6,2,1,9,0,0,1,10,11,0,6,3,11,20,0,0,0,20
12/16/2011,HLG,WV,AEA,CE,Federal Contract Tower,0,4,1,7,12,0,0,42,14,56,0,4,43,21,68,66,30,96,164
12/17/2011,HLG,WV,AEA,CE,Federal Contract Tower,0,2,3,0,5,0,0,13,5,18,0,2,16,5,23,18,6,24,47
12/18/2011,HLG,WV,AEA,CE,Federal Contract Tower,0,1,4,0,5,0,0,54,0,54,0,1,58,0,59,148,0,148,207
12/19/2011,HLG,WV,AEA,CE,Federal Contract Tower,0,2,2,0,4,0,0,63,1,64,0,2,65,1,68,104,0,104,172
12/20/2011,HLG,WV,AEA,CE,Federal Contract Tower,0,5,0,0,5,0,0,0,0,0,0,5,0,0,5,0,0,0,5
12/21/2011,HLG,WV,AEA,CE,Federal Contract Tower,0,3,2,0,5,0,0,9,0,9,0,3,11,0,14,8,0,8,22
12/22/2011,HLG,WV,AEA,CE,Federal Contract Tower,0,0,5,0,5,0,0,2,0,2,0,0,7,0,7,0,0,0,7
12/23/2011,HLG,WV,AEA,CE,Federal Contract Tower,0,0,0,0,0,0,0,2,0,2,0,0,2,0,2,40,0,40,42
12/24/2011,HLG,WV,AEA,CE,Federal Contract Tower,0,0,0,0,0,0,0,24,0,24,0,0,24,0,24,38,0,38,62
12/25/2011,HLG,WV,AEA,CE,Federal Contract Tower,0,0,0,0,0,0,0,6,0,6,0,0,6,0,6,0,0,0,6
12/26/2011,HLG,WV,AEA,CE,Federal Contract Tower,0,2,0,0,2,0,0,82,0,82,0,2,82,0,84,238,0,238,322
12/27/2011,HLG,WV,AEA,CE,Federal Contract Tower,0,0,0,0,0,0,0,0,0,0,0,0,0,0,0,0,0,0,0
12/28/2011,HLG,WV,AEA,CE,Federal Contract Tower,0,3,0,4,7,0,0,31,6,37,0,3,31,10,44,42,0,42,86
12/29/2011,HLG,WV,AEA,CE,Federal Contract Tower,0,5,9,4,18,0,0,33,13,46,0,5,42,17,64,24,0,24,88
12/30/2011,HLG,WV,AEA,CE,Federal Contract Tower,0,1,1,0,2,0,4,34,6,44,0,5,35,6,46,4,38,42,88
12/31/2011,HLG,WV,AEA,CE,Federal Contract Tower,0,0,6,0,6,0,0,2,0,2,0,0,8,0,8,6,0,6,14
01/01/2012,HLG,WV,AEA,CE,Federal Contract Tower,0,0,1,0,1,0,0,2,0,2,0,0,3,0,3,0,0,0,3
01/02/2012,HLG,WV,AEA,CE,Federal Contract Tower,0,1,0,0,1,0,0,4,0,4,0,1,4,0,5,0,0,0,5
01/03/2012,HLG,WV,AEA,CE,Federal Contract Tower,0,2,0,4,6,0,0,0,0,0,0,2,0,4,6,0,0,0,6
01/04/2012,HLG,WV,AEA,CE,Federal Contract Tower,0,5,1,0,6,0,0,24,0,24,0,5,25,0,30,88,0,88,118
01/05/2012,HLG,WV,AEA,CE,Federal Contract Tower,0,5,1,4,10,0,0,36,8,44,0,5,37,12,54,14,0,14,68
01/06/2012,HLG,WV,AEA,CE,Federal Contract Tower,0,4,2,2,8,0,4,58,0,62,0,8,60,2,70,72,0,72,142
01/07/2012,HLG,WV,AEA,CE,Federal Contract Tower,0,0,2,0,2,0,0,57,10,67,0,0,59,10,69,34,58,92,161
01/08/2012,HLG,WV,AEA,CE,Federal Contract Tower,0,0,4,1,5,0,0,81,0,81,0,0,85,1,86,136,0,136,222
01/09/2012,HLG,WV,AEA,CE,Federal Contract Tower,0,2,4,0,6,0,0,86,2,88,0,2,90,2,94,120,0,120,214
01/10/2012,HLG,WV,AEA,CE,Federal Contract Tower,0,5,2,0,7,0,0,68,11,79,0,5,70,11,86,138,64,202,288
01/11/2012,HLG,WV,AEA,CE,Federal Contract Tower,0,5,0,1,6,0,0,29,5,34,0,5,29,6,40,60,32,92,132
01/12/2012,HLG,WV,AEA,CE,Federal Contract Tower,0,2,0,4,6,0,0,17,2,19,0,2,17,6,25,0,0,0,25
01/13/2012,HLG,WV,AEA,CE,Federal Contract Tower,0,9,0,0,9,0,0,0,0,0,0,9,0,0,9,0,0,0,9
01/14/2012,HLG,WV,AEA,CE,Federal Contract Tower,0,0,2,0,2,0,0,15,0,15,0,0,17,0,17,24,0,24,41
01/15/2012,HLG,WV,AEA,CE,Federal Contract Tower,0,3,0,0,3,0,0,49,0,49,0,3,49,0,52,128,0,128,180
01/16/2012,HLG,WV,AEA,CE,Federal Contract Tower,0,0,2,0,2,0,0,28,0,28,0,0,30,0,30,24,0,24,54
01/17/2012,HLG,WV,AEA,CE,Federal Contract Tower,0,4,0,0,4,0,0,17,4,21,0,4,17,4,25,0,38,38,63
01/18/2012,HLG,WV,AEA,CE,Federal Contract Tower,0,2,0,0,2,0,0,34,2,36,0,2,34,2,38,52,0,52,90
01/19/2012,HLG,WV,AEA,CE,Federal Contract Tower,0,0,4,4,8,0,4,30,5,39,0,4,34,9,47,0,62,62,109
01/20/2012,HLG,WV,AEA,CE,Federal Contract Tower,0,11,2,2,15,0,14,11,15,40,0,25,13,17,55,14,50,64,119
01/21/2012,HLG,WV,AEA,CE,Federal Contract Tower,0,0,0,0,0,0,0,0,0,0,0,0,0,0,0,0,0,0,0
01/22/2012,HLG,WV,AEA,CE,Federal Contract Tower,0,1,2,0,3,0,4,32,0,36,0,5,34,0,39,30,0,30,69
01/23/2012,HLG,WV,AEA,CE,Federal Contract Tower,0,0,0,0,0,0,0,20,0,20,0,0,20,0,20,28,0,28,48
01/24/2012,HLG,WV,AEA,CE,Federal Contract Tower,0,9,4,16,29,0,0,74,20,94,0,9,78,36,123,86,116,202,325
01/25/2012,HLG,WV,AEA,CE,Federal Contract Tower,0,5,0,4,9,0,0,42,9,51,0,5,42,13,60,62,46,108,168
01/26/2012,HLG,WV,AEA,CE,Federal Contract Tower,0,0,0,5,5,0,0,0,0,0,0,0,0,5,5,0,0,0,5
01/27/2012,HLG,WV,AEA,CE,Federal Contract Tower,0,3,3,4,10,0,4,2,4,10,0,7,5,8,20,0,0,0,20
01/28/2012,HLG,WV,AEA,CE,Federal Contract Tower,0,1,3,0,4,0,0,22,0,22,0,1,25,0,26,16,0,16,42
01/29/2012,HLG,WV,AEA,CE,Federal Contract Tower,0,0,3,4,7,0,0,8,0,8,0,0,11,4,15,0,0,0,15
01/30/2012,HLG,WV,AEA,CE,Federal Contract Tower,0,2,11,4,17,0,2,75,5,82,0,4,86,9,99,150,62,212,311
01/31/2012,HLG,WV,AEA,CE,Federal Contract Tower,0,1,4,10,15,0,4,71,4,79,0,5,75,14,94,156,0,156,250
02/01/2012,HLG,WV,AEA,CE,Federal Contract Tower,0,1,1,16,18,0,4,56,2,62,0,5,57,18,80,34,0,34,114
02/02/2012,HLG,WV,AEA,CE,Federal Contract Tower,0,5,19,4,28,0,5,53,6,64,0,10,72,10,92,16,12,28,120
02/03/2012,HLG,WV,AEA,CE,Federal Contract Tower,0,0,15,0,15,0,8,74,0,82,0,8,89,0,97,110,0,110,207
02/04/2012,HLG,WV,AEA,CE,Federal Contract Tower,0,0,0,0,0,0,0,0,0,0,0,0,0,0,0,0,0,0,0
02/05/2012,HLG,WV,AEA,CE,Federal Contract Tower,0,3,0,0,3,0,0,68,4,72,0,3,68,4,75,174,0,174,249
02/06/2012,HLG,WV,AEA,CE,Federal Contract Tower,0,3,7,8,18,0,0,85,9,94,0,3,92,17,112,188,0,188,300
02/07/2012,HLG,WV,AEA,CE,Federal Contract Tower,0,1,5,8,14,0,0,84,4,88,0,1,89,12,102,170,0,170,272
02/08/2012,HLG,WV,AEA,CE,Federal Contract Tower,0,3,0,0,3,0,0,6,0,6,0,3,6,0,9,0,0,0,9
02/09/2012,HLG,WV,AEA,CE,Federal Contract Tower,0,4,6,4,14,0,0,41,6,47,0,4,47,10,61,8,44,52,113
02/10/2012,HLG,WV,AEA,CE,Federal Contract Tower,0,5,12,0,17,0,0,33,5,38,0,5,45,5,55,38,0,38,93
02/11/2012,HLG,WV,AEA,CE,Federal Contract Tower,0,0,0,0,0,0,0,0,1,1,0,0,0,1,1,0,0,0,1
02/12/2012,HLG,WV,AEA,CE,Federal Contract Tower,0,0,0,4,4,0,0,0,0,0,0,0,0,4,4,0,0,0,4
02/13/2012,HLG,WV,AEA,CE,Federal Contract Tower,0,1,4,0,5,0,0,67,6,73,0,1,71,6,78,118,44,162,240
02/14/2012,HLG,WV,AEA,CE,Federal Contract Tower,0,3,0,0,3,0,0,3,2,5,0,3,3,2,8,0,0,0,8
02/15/2012,HLG,WV,AEA,CE,Federal Contract Tower,0,5,6,0,11,0,2,42,14,58,0,7,48,14,69,86,64,150,219
02/16/2012,HLG,WV,AEA,CE,Federal Contract Tower,0,5,0,4,9,0,0,8,5,13,0,5,8,9,22,0,30,30,52
02/17/2012,HLG,WV,AEA,CE,Federal Contract Tower,0,5,11,2,18,0,6,48,13,67,0,11,59,15,85,54,34,88,173
02/18/2012,HLG,WV,AEA,CE,Federal Contract Tower,0,1,2,0,3,0,6,77,0,83,0,7,79,0,86,158,0,158,244
02/19/2012,HLG,WV,AEA,CE,Federal Contract Tower,0,5,5,0,10,0,0,47,0,47,0,5,52,0,57,114,0,114,171
02/20/2012,HLG,WV,AEA,CE,Federal Contract Tower,0,7,12,0,19,0,8,86,0,94,0,15,98,0,113,154,0,154,267
02/21/2012,HLG,WV,AEA,CE,Federal Contract Tower,0,6,3,4,13,0,0,55,0,55,0,6,58,4,68,104,0,104,172
02/22/2012,HLG,WV,AEA,CE,Federal Contract Tower,0,0,10,0,10,0,4,43,4,51,0,4,53,4,61,18,6,24,85
02/23/2012,HLG,WV,AEA,CE,Federal Contract Tower,0,7,15,0,22,0,4,29,4,37,0,11,44,4,59,0,0,0,59
02/24/2012,HLG,WV,AEA,CE,Federal Contract Tower,0,2,6,0,8,0,0,0,8,8,0,2,6,8,16,0,0,0,16
02/25/2012,HLG,WV,AEA,CE,Federal Contract Tower,0,1,0,0,1,0,0,0,0,0,0,1,0,0,1,0,0,0,1
02/26/2012,HLG,WV,AEA,CE,Federal Contract Tower,0,2,8,0,10,0,0,87,0,87,0,2,95,0,97,180,0,180,277
02/27/2012,HLG,WV,AEA,CE,Federal Contract Tower,0,5,0,6,11,0,0,27,5,32,0,5,27,11,43,36,56,92,135
02/28/2012,HLG,WV,AEA,CE,Federal Contract Tower,0,2,0,2,4,0,0,65,9,74,0,2,65,11,78,106,84,190,268
02/29/2012,HLG,WV,AEA,CE,Federal Contract Tower,0,1,2,4,7,0,0,37,3,40,0,1,39,7,47,46,0,46,93
03/01/2012,HLG,WV,AEA,CE,Federal Contract Tower,0,24,0,4,28,0,0,10,9,19,0,24,10,13,47,0,84,84,131
03/02/2012,HLG,WV,AEA,CE,Federal Contract Tower,0,2,6,0,8,0,14,60,6,80,0,16,66,6,88,50,30,80,168
03/03/2012,HLG,WV,AEA,CE,Federal Contract Tower,0,0,1,0,1,0,2,2,6,10,0,2,3,6,11,0,0,0,11
03/04/2012,HLG,WV,AEA,CE,Federal Contract Tower,0,4,6,4,14,0,0,12,2,14,0,4,18,6,28,0,12,12,40
03/05/2012,HLG,WV,AEA,CE,Federal Contract Tower,0,1,1,2,4,0,8,55,0,63,0,9,56,2,67,26,0,26,93
03/06/2012,HLG,WV,AEA,CE,Federal Contract Tower,0,4,3,0,7,0,2,65,12,79,0,6,68,12,86,28,40,68,154
03/07/2012,HLG,WV,AEA,CE,Federal Contract Tower,0,2,0,12,14,0,0,45,12,57,0,2,45,24,71,8,44,52,123
03/08/2012,HLG,WV,AEA,CE,Federal Contract Tower,0,0,0,4,4,0,0,2,6,8,0,0,2,10,12,0,48,48,60
03/09/2012,HLG,WV,AEA,CE,Federal Contract Tower,0,10,4,0,14,0,0,55,27,82,0,10,59,27,96,6,80,86,182
03/10/2012,HLG,WV,AEA,CE,Federal Contract Tower,0,3,4,0,7,0,3,65,0,68,0,6,69,0,75,178,0,178,253
03/11/2012,HLG,WV,AEA,CE,Federal Contract Tower,0,3,0,1,4,0,0,75,8,83,0,3,75,9,87,98,32,130,217
03/12/2012,HLG,WV,AEA,CE,Federal Contract Tower,0,3,9,0,12,0,0,19,0,19,0,3,28,0,31,0,0,0,31
03/13/2012,HLG,WV,AEA,CE,Federal Contract Tower,0,8,0,4,12,0,4,79,23,106,0,12,79,27,118,124,98,222,340
03/14/2012,HLG,WV,AEA,CE,Federal Contract Tower,0,0,10,0,10,0,4,81,11,96,0,4,91,11,106,62,56,118,224
03/15/2012,HLG,WV,AEA,CE,Federal Contract Tower,0,17,0,0,17,0,7,38,6,51,0,24,38,6,68,16,62,78,146
03/16/2012,HLG,WV,AEA,CE,Federal Contract Tower,0,0,2,2,4,0,2,51,7,60,0,2,53,9,64,0,0,0,64
03/17/2012,HLG,WV,AEA,CE,Federal Contract Tower,0,2,2,0,4,0,0,68,8,76,0,2,70,8,80,84,52,136,216
03/18/2012,HLG,WV,AEA,CE,Federal Contract Tower,0,8,1,0,9,0,0,46,0,46,0,8,47,0,55,86,0,86,141
03/19/2012,HLG,WV,AEA,CE,Federal Contract Tower,0,7,6,2,15,0,4,82,0,86,0,11,88,2,101,152,0,152,253
03/20/2012,HLG,WV,AEA,CE,Federal Contract Tower,0,0,0,5,5,0,0,74,9,83,0,0,74,14,88,132,30,162,250
03/21/2012,HLG,WV,AEA,CE,Federal Contract Tower,0,2,15,16,33,0,0,79,18,97,0,2,94,34,130,98,72,170,300
03/22/2012,HLG,WV,AEA,CE,Federal Contract Tower,0,4,17,9,30,0,0,57,8,65,0,4,74,17,95,42,0,42,137
03/23/2012,HLG,WV,AEA,CE,Federal Contract Tower,0,0,4,0,4,0,4,43,1,48,0,4,47,1,52,66,0,66,118
03/24/2012,HLG,WV,AEA,CE,Federal Contract Tower,0,2,4,0,6,0,4,53,0,57,0,6,57,0,63,102,0,102,165
03/25/2012,HLG,WV,AEA,CE,Federal Contract Tower,0,9,0,0,9,0,1,34,0,35,0,10,34,0,44,90,0,90,134
03/26/2012,HLG,WV,AEA,CE,Federal Contract Tower,0,5,1,2,8,0,4,38,6,48,0,9,39,8,56,0,0,0,56
03/27/2012,HLG,WV,AEA,CE,Federal Contract Tower,0,1,3,4,8,0,0,70,8,78,0,1,73,12,86,80,16,96,182
03/28/2012,HLG,WV,AEA,CE,Federal Contract Tower,0,1,1,8,10,0,0,28,4,32,0,1,29,12,42,36,12,48,90
03/29/2012,HLG,WV,AEA,CE,Federal Contract Tower,0,2,2,4,8,0,2,56,4,62,0,4,58,8,70,26,20,46,116
03/30/2012,HLG,WV,AEA,CE,Federal Contract Tower,0,3,2,2,7,0,0,21,2,23,0,3,23,4,30,28,0,28,58
03/31/2012,HLG,WV,AEA,CE,Federal Contract Tower,0,4,7,0,11,0,0,46,0,46,0,4,53,0,57,24,0,24,81
04/01/2012,HLG,WV,AEA,CE,Federal Contract Tower,0,2,2,0,4,0,0,10,2,12,0,2,12,2,16,24,0,24,40
04/02/2012,HLG,WV,AEA,CE,Federal Contract Tower,0,5,3,0,8,0,0,79,0,79,0,5,82,0,87,172,0,172,259
04/03/2012,HLG,WV,AEA,CE,Federal Contract Tower,0,6,0,0,6,0,0,83,14,97,0,6,83,14,103,132,90,222,325
04/04/2012,HLG,WV,AEA,CE,Federal Contract Tower,0,2,0,8,10,0,0,39,14,53,0,2,39,22,63,46,0,46,109
04/05/2012,HLG,WV,AEA,CE,Federal Contract Tower,0,2,6,4,12,0,0,48,10,58,0,2,54,14,70,54,56,110,180
04/06/2012,HLG,WV,AEA,CE,Federal Contract Tower,0,2,2,0,4,0,8,79,11,98,0,10,81,11,102,114,24,138,240
04/07/2012,HLG,WV,AEA,CE,Federal Contract Tower,0,5,0,1,6,0,0,75,2,77,0,5,75,3,83,120,10,130,213
04/08/2012,HLG,WV,AEA,CE,Federal Contract Tower,0,2,2,0,4,0,0,15,0,15,0,2,17,0,19,0,0,0,19
04/09/2012,HLG,WV,AEA,CE,Federal Contract Tower,0,3,1,0,4,0,4,83,6,93,0,7,84,6,97,78,0,78,175
04/10/2012,HLG,WV,AEA,CE,Federal Contract Tower,0,0,0,2,2,0,0,40,10,50,0,0,40,12,52,0,60,60,112
04/11/2012,HLG,WV,AEA,CE,Federal Contract Tower,0,2,11,1,14,0,8,36,6,50,0,10,47,7,64,0,48,48,112
04/12/2012,HLG,WV,AEA,CE,Federal Contract Tower,0,2,2,4,8,0,0,51,9,60,0,2,53,13,68,36,58,94,162
04/13/2012,HLG,WV,AEA,CE,Federal Contract Tower,0,2,3,4,9,0,6,64,16,86,0,8,67,20,95,78,68,146,241
04/14/2012,HLG,WV,AEA,CE,Federal Contract Tower,0,0,7,1,8,0,2,32,6,40,0,2,39,7,48,40,70,110,158
04/15/2012,HLG,WV,AEA,CE,Federal Contract Tower,0,1,2,5,8,0,0,37,14,51,0,1,39,19,59,8,60,68,127
04/16/2012,HLG,WV,AEA,CE,Federal Contract Tower,0,2,0,0,2,0,6,12,2,20,0,8,12,2,22,0,8,8,30
04/17/2012,HLG,WV,AEA,CE,Federal Contract Tower,0,3,1,3,7,0,0,31,14,45,0,3,32,17,52,2,42,44,96
04/18/2012,HLG,WV,AEA,CE,Federal Contract Tower,0,4,4,4,12,0,8,71,7,86,0,12,75,11,98,46,12,58,156
04/19/2012,HLG,WV,AEA,CE,Federal Contract Tower,0,4,13,0,17,0,0,35,5,40,0,4,48,5,57,66,0,66,123
04/20/2012,HLG,WV,AEA,CE,Federal Contract Tower,0,0,5,4,9,0,4,52,13,69,0,4,57,17,78,46,46,92,170
04/21/2012,HLG,WV,AEA,CE,Federal Contract Tower,0,0,6,0,6,0,0,0,0,0,0,0,6,0,6,42,0,42,48
04/22/2012,HLG,WV,AEA,CE,Federal Contract Tower,0,0,0,0,0,0,0,4,0,4,0,0,4,0,4,0,0,0,4
04/23/2012,HLG,WV,AEA,CE,Federal Contract Tower,0,1,0,0,1,0,0,1,0,1,0,1,1,0,2,0,0,0,2
04/24/2012,HLG,WV,AEA,CE,Federal Contract Tower,0,1,0,8,9,0,8,90,10,108,0,9,90,18,117,0,0,0,117
04/25/2012,HLG,WV,AEA,CE,Federal Contract Tower,0,1,0,0,1,0,0,55,5,60,0,1,55,5,61,14,0,14,75
04/26/2012,HLG,WV,AEA,CE,Federal Contract Tower,0,0,1,4,5,0,6,50,3,59,0,6,51,7,64,0,0,0,64
04/27/2012,HLG,WV,AEA,CE,Federal Contract Tower,0,6,1,0,7,0,6,41,7,54,0,12,42,7,61,0,56,56,117
04/28/2012,HLG,WV,AEA,CE,Federal Contract Tower,0,0,0,0,0,0,0,37,4,41,0,0,37,4,41,108,14,122,163
04/29/2012,HLG,WV,AEA,CE,Federal Contract Tower,0,2,0,0,2,0,0,66,6,72,0,2,66,6,74,144,0,144,218
04/30/2012,HLG,WV,AEA,CE,Federal Contract Tower,0,1,2,0,3,0,4,65,0,69,0,5,67,0,72,162,0,162,234
05/01/2012,HLG,WV,AEA,CE,Federal Contract Tower,0,1,2,4,7,0,4,75,8,87,0,5,77,12,94,162,56,218,312
05/02/2012,HLG,WV,AEA,CE,Federal Contract Tower,0,5,0,0,5,0,4,54,5,63,0,9,54,5,68,56,0,56,124
05/03/2012,HLG,WV,AEA,CE,Federal Contract Tower,0,10,0,4,14,0,4,55,3,62,0,14,55,7,76,42,0,42,118
05/04/2012,HLG,WV,AEA,CE,Federal Contract Tower,0,5,1,4,10,0,4,34,6,44,0,9,35,10,54,30,0,30,84
05/05/2012,HLG,WV,AEA,CE,Federal Contract Tower,0,1,3,5,9,0,0,29,0,29,0,1,32,5,38,0,0,0,38
05/06/2012,HLG,WV,AEA,CE,Federal Contract Tower,0,0,0,0,0,0,0,74,4,78,0,0,74,4,78,170,0,170,248
05/07/2012,HLG,WV,AEA,CE,Federal Contract Tower,0,3,6,0,9,0,4,66,0,70,0,7,72,0,79,136,0,136,215
05/08/2012,HLG,WV,AEA,CE,Federal Contract Tower,0,3,1,4,8,0,0,14,10,24,0,3,15,14,32,0,32,32,64
05/09/2012,HLG,WV,AEA,CE,Federal Contract Tower,0,0,0,0,0,0,0,15,0,15,0,0,15,0,15,28,0,28,43
05/10/2012,HLG,WV,AEA,CE,Federal Contract Tower,0,3,0,0,3,0,4,40,10,54,0,7,40,10,57,30,64,94,151
05/11/2012,HLG,WV,AEA,CE,Federal Contract Tower,0,5,3,0,8,0,6,43,2,51,0,11,46,2,59,26,8,34,93
05/12/2012,HLG,WV,AEA,CE,Federal Contract Tower,0,0,3,1,4,0,0,56,1,57,0,0,59,2,61,16,4,20,81
05/13/2012,HLG,WV,AEA,CE,Federal Contract Tower,0,1,0,0,1,0,0,2,0,2,0,1,2,0,3,0,0,0,3
05/14/2012,HLG,WV,AEA,CE,Federal Contract Tower,0,0,10,0,10,0,0,81,0,81,0,0,91,0,91,132,0,132,223
05/15/2012,HLG,WV,AEA,CE,Federal Contract Tower,0,6,2,8,16,0,0,80,6,86,0,6,82,14,102,80,24,104,206
05/16/2012,HLG,WV,AEA,CE,Federal Contract Tower,0,8,1,6,15,0,0,48,0,48,0,8,49,6,63,14,0,14,77
05/17/2012,HLG,WV,AEA,CE,Federal Contract Tower,0,7,2,0,9,0,2,43,17,62,0,9,45,17,71,14,38,52,123
05/18/2012,HLG,WV,AEA,CE,Federal Contract Tower,0,3,7,0,10,0,0,47,2,49,0,3,54,2,59,0,0,0,59
05/19/2012,HLG,WV,AEA,CE,Federal Contract Tower,0,0,9,0,9,0,0,85,0,85,0,0,94,0,94,148,0,148,242
05/20/2012,HLG,WV,AEA,CE,Federal Contract Tower,0,0,5,0,5,0,0,81,0,81,0,0,86,0,86,150,0,150,236
05/21/2012,HLG,WV,AEA,CE,Federal Contract Tower,0,1,8,0,9,0,0,81,8,89,0,1,89,8,98,192,0,192,290
05/22/2012,HLG,WV,AEA,CE,Federal Contract Tower,0,8,9,11,28,0,0,14,4,18,0,8,23,15,46,0,30,30,76
05/23/2012,HLG,WV,AEA,CE,Federal Contract Tower,0,5,5,0,10,0,0,50,25,75,0,5,55,25,85,22,40,62,147
05/24/2012,HLG,WV,AEA,CE,Federal Contract Tower,0,9,9,6,24,0,8,56,9,73,0,17,65,15,97,34,72,106,203
05/25/2012,HLG,WV,AEA,CE,Federal Contract Tower,0,0,7,0,7,0,0,57,4,61,0,0,64,4,68,14,16,30,98
05/26/2012,HLG,WV,AEA,CE,Federal Contract Tower,0,4,3,0,7,0,8,79,5,92,0,12,82,5,99,66,0,66,165
05/27/2012,HLG,WV,AEA,CE,Federal Contract Tower,0,2,6,0,8,0,0,56,1,57,0,2,62,1,65,88,0,88,153
05/28/2012,HLG,WV,AEA,CE,Federal Contract Tower,0,0,3,0,3,0,12,50,0,62,0,12,53,0,65,20,0,20,85
05/29/2012,HLG,WV,AEA,CE,Federal Contract Tower,0,11,0,4,15,0,0,46,8,54,0,11,46,12,69,0,56,56,125
05/30/2012,HLG,WV,AEA,CE,Federal Contract Tower,0,1,5,0,6,0,4,61,4,69,0,5,66,4,75,84,0,84,159
05/31/2012,HLG,WV,AEA,CE,Federal Contract Tower,0,2,3,5,10,0,0,71,8,79,0,2,74,13,89,44,0,44,133
06/01/2012,HLG,WV,AEA,CE,Federal Contract Tower,0,2,0,4,6,0,0,8,0,8,0,2,8,4,14,0,0,0,14
06/02/2012,HLG,WV,AEA,CE,Federal Contract Tower,0,0,0,4,4,0,0,22,22,44,0,0,22,26,48,20,8,28,76
06/03/2012,HLG,WV,AEA,CE,Federal Contract Tower,0,0,3,0,3,0,0,17,4,21,0,0,20,4,24,8,28,36,60
06/04/2012,HLG,WV,AEA,CE,Federal Contract Tower,0,3,0,4,7,0,2,76,6,84,0,5,76,10,91,120,46,166,257
06/05/2012,HLG,WV,AEA,CE,Federal Contract Tower,0,8,10,4,22,0,0,61,6,67,0,8,71,10,89,140,56,196,285
06/06/2012,HLG,WV,AEA,CE,Federal Contract Tower,0,3,6,1,10,0,12,67,20,99,0,15,73,21,109,76,30,106,215
06/07/2012,HLG,WV,AEA,CE,Federal Contract Tower,0,4,0,0,4,0,0,49,7,56,0,4,49,7,60,32,38,70,130
06/08/2012,HLG,WV,AEA,CE,Federal Contract Tower,0,4,0,0,4,0,4,29,8,41,0,8,29,8,45,38,0,38,83
06/09/2012,HLG,WV,AEA,CE,Federal Contract Tower,0,2,0,0,2,0,0,29,1,30,0,2,29,1,32,36,0,36,68
06/10/2012,HLG,WV,AEA,CE,Federal Contract Tower,0,3,0,0,3,0,0,64,2,66,0,3,64,2,69,78,0,78,147
06/11/2012,HLG,WV,AEA,CE,Federal Contract Tower,0,1,2,1,4,0,0,46,2,48,0,1,48,3,52,70,20,90,142
06/12/2012,HLG,WV,AEA,CE,Federal Contract Tower,0,4,3,8,15,0,0,64,7,71,0,4,67,15,86,108,42,150,236
06/13/2012,HLG,WV,AEA,CE,Federal Contract Tower,0,2,7,0,9,0,2,67,22,91,0,4,74,22,100,74,64,138,238
06/14/2012,HLG,WV,AEA,CE,Federal Contract Tower,0,1,3,1,5,0,6,56,11,73,0,7,59,12,78,32,58,90,168
06/15/2012,HLG,WV,AEA,CE,Federal Contract Tower,0,5,1,0,6,0,4,79,6,89,0,9,80,6,95,42,4,46,141
06/16/2012,HLG,WV,AEA,CE,Federal Contract Tower,0,0,0,0,0,0,0,38,0,38,0,0,38,0,38,22,0,22,60
06/17/2012,HLG,WV,AEA,CE,Federal Contract Tower,0,2,2,0,4,0,2,22,0,24,0,4,24,0,28,0,0,0,28
06/18/2012,HLG,WV,AEA,CE,Federal Contract Tower,0,6,15,3,24,0,4,53,9,66,0,10,68,12,90,0,34,34,124
06/19/2012,HLG,WV,AEA,CE,Federal Contract Tower,0,3,1,2,6,0,6,68,8,82,0,9,69,10,88,26,36,62,150
06/20/2012,HLG,WV,AEA,CE,Federal Contract Tower,0,23,9,2,34,0,4,88,1,93,0,27,97,3,127,0,0,0,127
06/21/2012,HLG,WV,AEA,CE,Federal Contract Tower,0,14,0,0,14,0,0,47,10,57,0,14,47,10,71,54,36,90,161
06/22/2012,HLG,WV,AEA,CE,Federal Contract Tower,0,3,0,2,5,0,0,50,8,58,0,3,50,10,63,18,18,36,99
06/23/2012,HLG,WV,AEA,CE,Federal Contract Tower,0,0,6,0,6,0,0,69,2,71,0,0,75,2,77,112,0,112,189
06/24/2012,HLG,WV,AEA,CE,Federal Contract Tower,0,0,2,0,2,0,0,63,6,69,0,0,65,6,71,88,0,88,159
06/25/2012,HLG,WV,AEA,CE,Federal Contract Tower,0,4,0,6,10,0,2,89,8,99,0,6,89,14,109,70,0,70,179
06/26/2012,HLG,WV,AEA,CE,Federal Contract Tower,0,6,2,8,16,0,0,80,0,80,0,6,82,8,96,110,0,110,206
06/27/2012,HLG,WV,AEA,CE,Federal Contract Tower,0,4,11,4,19,0,0,82,16,98,0,4,93,20,117,0,0,0,117
06/28/2012,HLG,WV,AEA,CE,Federal Contract Tower,0,4,1,2,7,0,0,56,9,65,0,4,57,11,72,32,12,44,116
06/29/2012,HLG,WV,AEA,CE,Federal Contract Tower,0,6,2,0,8,0,2,38,6,46,0,8,40,6,54,26,44,70,124
06/30/2012,HLG,WV,AEA,CE,Federal Contract Tower,0,4,3,0,7,0,0,33,2,35,0,4,36,2,42,26,14,40,82
07/01/2012,HLG,WV,AEA,CE,Federal Contract Tower,0,1,9,0,10,0,10,61,2,73,0,11,70,2,83,38,0,38,121
07/02/2012,HLG,WV,AEA,CE,Federal Contract Tower,0,5,0,0,5,0,0,36,0,36,0,5,36,0,41,0,0,0,41
07/03/2012,HLG,WV,AEA,CE,Federal Contract Tower,0,2,1,8,11,0,0,9,4,13,0,2,10,12,24,0,0,0,24
07/04/2012,HLG,WV,AEA,CE,Federal Contract Tower,0,0,0,0,0,0,0,36,0,36,0,0,36,0,36,0,0,0,36
07/05/2012,HLG,WV,AEA,CE,Federal Contract Tower,0,2,0,0,2,0,0,44,2,46,0,2,44,2,48,0,0,0,48
07/06/2012,HLG,WV,AEA,CE,Federal Contract Tower,0,1,4,0,5,0,4,55,0,59,0,5,59,0,64,34,0,34,98
07/07/2012,HLG,WV,AEA,CE,Federal Contract Tower,0,0,1,0,1,0,0,36,13,49,0,0,37,13,50,74,66,140,190
07/08/2012,HLG,WV,AEA,CE,Federal Contract Tower,0,0,0,0,0,0,0,35,12,47,0,0,35,12,47,40,6,46,93
07/09/2012,HLG,WV,AEA,CE,Federal Contract Tower,0,12,16,0,28,0,0,62,8,70,0,12,78,8,98,8,0,8,106
07/10/2012,HLG,WV,AEA,CE,Federal Contract Tower,0,5,3,0,8,0,6,49,6,61,0,11,52,6,69,26,38,64,133
07/11/2012,HLG,WV,AEA,CE,Federal Contract Tower,0,2,0,12,14,0,4,63,20,87,0,6,63,32,101,30,48,78,179
07/12/2012,HLG,WV,AEA,CE,Federal Contract Tower,0,7,5,0,12,0,4,65,11,80,0,11,70,11,92,0,24,24,116
07/13/2012,HLG,WV,AEA,CE,Federal Contract Tower,0,1,0,0,1,0,0,46,6,52,0,1,46,6,53,22,16,38,91
07/14/2012,HLG,WV,AEA,CE,Federal Contract Tower,0,1,11,0,12,0,10,4,0,14,0,11,15,0,26,0,0,0,26
07/15/2012,HLG,WV,AEA,CE,Federal Contract Tower,0,2,2,0,4,0,0,2,0,2,0,2,4,0,6,0,0,0,6
07/16/2012,HLG,WV,AEA,CE,Federal Contract Tower,0,11,1,0,12,0,0,42,9,51,0,11,43,9,63,0,8,8,71
07/17/2012,HLG,WV,AEA,CE,Federal Contract Tower,0,11,2,11,24,0,1,21,18,40,0,12,23,29,64,0,54,54,118
07/18/2012,HLG,WV,AEA,CE,Federal Contract Tower,0,4,0,8,12,0,0,31,12,43,0,4,31,20,55,0,38,38,93
07/19/2012,HLG,WV,AEA,CE,Federal Contract Tower,0,2,0,2,4,0,0,2,4,6,0,2,2,6,10,0,0,0,10
07/20/2012,HLG,WV,AEA,CE,Federal Contract Tower,0,4,1,0,5,0,0,2,0,2,0,4,3,0,7,0,0,0,7
07/21/2012,HLG,WV,AEA,CE,Federal Contract Tower,0,1,4,2,7,0,2,21,2,25,0,3,25,4,32,0,0,0,32
07/22/2012,HLG,WV,AEA,CE,Federal Contract Tower,0,0,5,2,7,0,0,40,6,46,0,0,45,8,53,40,0,40,93
07/23/2012,HLG,WV,AEA,CE,Federal Contract Tower,0,5,0,4,9,0,0,52,7,59,0,5,52,11,68,0,36,36,104
07/24/2012,HLG,WV,AEA,CE,Federal Contract Tower,0,5,0,4,9,0,0,43,6,49,0,5,43,10,58,0,34,34,92
07/25/2012,HLG,WV,AEA,CE,Federal Contract Tower,0,8,3,0,11,0,0,75,14,89,0,8,78,14,100,68,32,100,200
07/26/2012,HLG,WV,AEA,CE,Federal Contract Tower,0,5,3,4,12,0,0,34,17,51,0,5,37,21,63,0,38,38,101
07/27/2012,HLG,WV,AEA,CE,Federal Contract Tower,0,0,7,0,7,0,2,42,0,44,0,2,49,0,51,0,0,0,51
07/28/2012,HLG,WV,AEA,CE,Federal Contract Tower,0,0,0,0,0,0,0,2,2,4,0,0,2,2,4,0,0,0,4
07/29/2012,HLG,WV,AEA,CE,Federal Contract Tower,0,4,0,0,4,0,0,42,7,49,0,4,42,7,53,26,0,26,79
07/30/2012,HLG,WV,AEA,CE,Federal Contract Tower,0,9,1,0,10,0,8,63,0,71,0,17,64,0,81,22,10,32,113
07/31/2012,HLG,WV,AEA,CE,Federal Contract Tower,0,3,6,10,19,0,0,33,16,49,0,3,39,26,68,0,20,20,88
08/01/2012,HLG,WV,AEA,CE,Federal Contract Tower,0,4,3,0,7,0,4,56,0,60,0,8,59,0,67,10,0,10,77
08/02/2012,HLG,WV,AEA,CE,Federal Contract Tower,0,0,2,8,10,0,0,60,8,68,0,0,62,16,78,20,16,36,114
08/03/2012,HLG,WV,AEA,CE,Federal Contract Tower,0,8,7,1,16,0,0,54,6,60,0,8,61,7,76,26,16,42,118
08/04/2012,HLG,WV,AEA,CE,Federal Contract Tower,0,0,0,4,4,0,0,58,22,80,0,0,58,26,84,8,48,56,140
08/05/2012,HLG,WV,AEA,CE,Federal Contract Tower,0,0,0,0,0,0,4,0,0,4,0,4,0,0,4,0,0,0,4
08/06/2012,HLG,WV,AEA,CE,Federal Contract Tower,0,7,0,4,11,0,6,69,8,83,0,13,69,12,94,6,38,44,138
08/07/2012,HLG,WV,AEA,CE,Federal Contract Tower,0,4,2,0,6,0,4,58,8,70,0,8,60,8,76,0,78,78,154
08/08/2012,HLG,WV,AEA,CE,Federal Contract Tower,0,8,2,0,10,0,12,67,1,80,0,20,69,1,90,30,12,42,132
08/09/2012,HLG,WV,AEA,CE,Federal Contract Tower,0,4,2,0,6,0,4,58,4,66,0,8,60,4,72,14,0,14,86
08/10/2012,HLG,WV,AEA,CE,Federal Contract Tower,0,16,3,1,20,0,0,59,4,63,0,16,62,5,83,32,0,32,115
08/11/2012,HLG,WV,AEA,CE,Federal Contract Tower,0,4,0,1,5,0,0,1,2,3,0,4,1,3,8,0,0,0,8
08/12/2012,HLG,WV,AEA,CE,Federal Contract Tower,0,1,0,0,1,0,0,50,0,50,0,1,50,0,51,28,0,28,79
08/13/2012,HLG,WV,AEA,CE,Federal Contract Tower,0,5,2,2,9,0,2,33,5,40,0,7,35,7,49,16,0,16,65
08/14/2012,HLG,WV,AEA,CE,Federal Contract Tower,0,8,0,6,14,0,0,22,4,26,0,8,22,10,40,0,0,0,40
08/15/2012,HLG,WV,AEA,CE,Federal Contract Tower,0,10,1,6,17,0,2,27,0,29,0,12,28,6,46,16,0,16,62
08/16/2012,HLG,WV,AEA,CE,Federal Contract Tower,0,5,0,1,6,0,3,44,10,57,0,8,44,11,63,18,4,22,85
08/17/2012,HLG,WV,AEA,CE,Federal Contract Tower,0,2,2,0,4,0,4,32,8,44,0,6,34,8,48,24,74,98,146
08/18/2012,HLG,WV,AEA,CE,Federal Contract Tower,0,2,0,1,3,0,0,36,3,39,0,2,36,4,42,32,0,32,74
08/19/2012,HLG,WV,AEA,CE,Federal Contract Tower,0,0,3,0,3,0,0,48,2,50,0,0,51,2,53,36,0,36,89
08/20/2012,HLG,WV,AEA,CE,Federal Contract Tower,0,4,0,0,4,0,6,54,13,73,0,10,54,13,77,0,48,48,125
08/21/2012,HLG,WV,AEA,CE,Federal Contract Tower,0,6,5,4,15,0,8,79,18,105,0,14,84,22,120,0,16,16,136
08/22/2012,HLG,WV,AEA,CE,Federal Contract Tower,0,5,1,4,10,0,0,54,30,84,0,5,55,34,94,10,88,98,192
08/23/2012,HLG,WV,AEA,CE,Federal Contract Tower,0,1,0,7,8,0,4,63,33,100,0,5,63,40,108,24,96,120,228
08/24/2012,HLG,WV,AEA,CE,Federal Contract Tower,0,5,0,2,7,0,54,58,11,123,0,59,58,13,130,16,36,52,182
08/25/2012,HLG,WV,AEA,CE,Federal Contract Tower,0,3,0,0,3,0,0,36,0,36,0,3,36,0,39,0,0,0,39
08/26/2012,HLG,WV,AEA,CE,Federal Contract Tower,0,2,1,0,3,0,0,49,2,51,0,2,50,2,54,84,0,84,138
08/27/2012,HLG,WV,AEA,CE,Federal Contract Tower,0,4,4,0,8,0,8,40,0,48,0,12,44,0,56,0,0,0,56
08/28/2012,HLG,WV,AEA,CE,Federal Contract Tower,0,7,2,2,11,0,10,32,11,53,0,17,34,13,64,0,72,72,136
08/29/2012,HLG,WV,AEA,CE,Federal Contract Tower,0,8,1,6,15,0,2,52,6,60,0,10,53,12,75,10,12,22,97
08/30/2012,HLG,WV,AEA,CE,Federal Contract Tower,0,3,2,8,13,0,4,65,14,83,0,7,67,22,96,12,78,90,186
08/31/2012,HLG,WV,AEA,CE,Federal Contract Tower,0,0,9,2,11,0,2,45,10,57,0,2,54,12,68,18,80,98,166
09/01/2012,HLG,WV,AEA,CE,Federal Contract Tower,0,1,5,0,6,0,0,32,0,32,0,1,37,0,38,0,0,0,38
09/02/2012,HLG,WV,AEA,CE,Federal Contract Tower,0,0,1,0,1,0,0,3,0,3,0,0,4,0,4,0,0,0,4
09/03/2012,HLG,WV,AEA,CE,Federal Contract Tower,0,0,6,0,6,0,0,26,0,26,0,0,32,0,32,0,0,0,32
09/04/2012,HLG,WV,AEA,CE,Federal Contract Tower,0,12,7,2,21,0,2,34,5,41,0,14,41,7,62,0,60,60,122
09/05/2012,HLG,WV,AEA,CE,Federal Contract Tower,0,8,7,4,19,0,2,48,5,55,0,10,55,9,74,0,40,40,114
09/06/2012,HLG,WV,AEA,CE,Federal Contract Tower,0,4,5,0,9,0,4,26,6,36,0,8,31,6,45,0,0,0,45
09/07/2012,HLG,WV,AEA,CE,Federal Contract Tower,0,9,6,0,15,0,0,29,4,33,0,9,35,4,48,0,32,32,80
09/08/2012,HLG,WV,AEA,CE,Federal Contract Tower,0,0,0,0,0,0,0,0,0,0,0,0,0,0,0,0,0,0,0
09/09/2012,HLG,WV,AEA,CE,Federal Contract Tower,0,7,4,0,11,0,2,22,0,24,0,9,26,0,35,0,0,0,35
09/10/2012,HLG,WV,AEA,CE,Federal Contract Tower,0,6,5,4,15,0,4,48,12,64,0,10,53,16,79,0,0,0,79
09/11/2012,HLG,WV,AEA,CE,Federal Contract Tower,0,3,19,0,22,0,4,39,7,50,0,7,58,7,72,30,12,42,114
09/12/2012,HLG,WV,AEA,CE,Federal Contract Tower,0,19,9,6,34,0,10,53,3,66,0,29,62,9,100,10,0,10,110
09/13/2012,HLG,WV,AEA,CE,Federal Contract Tower,0,4,13,0,17,0,2,43,4,49,0,6,56,4,66,0,44,44,110
09/14/2012,HLG,WV,AEA,CE,Federal Contract Tower,0,4,16,7,27,0,0,30,29,59,0,4,46,36,86,26,42,68,154
09/15/2012,HLG,WV,AEA,CE,Federal Contract Tower,0,4,2,0,6,0,0,33,26,59,0,4,35,26,65,10,48,58,123
09/16/2012,HLG,WV,AEA,CE,Federal Contract Tower,0,3,1,0,4,0,0,31,1,32,0,3,32,1,36,0,6,6,42
09/17/2012,HLG,WV,AEA,CE,Federal Contract Tower,0,4,8,1,13,0,7,9,9,25,0,11,17,10,38,0,40,40,78
09/18/2012,HLG,WV,AEA,CE,Federal Contract Tower,0,5,6,4,15,0,4,11,0,15,0,9,17,4,30,0,0,0,30
09/19/2012,HLG,WV,AEA,CE,Federal Contract Tower,0,1,2,0,3,0,1,47,16,64,0,2,49,16,67,0,28,28,95
09/20/2012,HLG,WV,AEA,CE,Federal Contract Tower,0,3,0,4,7,0,2,45,6,53,0,5,45,10,60,20,28,48,108
09/21/2012,HLG,WV,AEA,CE,Federal Contract Tower,0,2,0,2,4,0,0,45,1,46,0,2,45,3,50,28,0,28,78
09/22/2012,HLG,WV,AEA,CE,Federal Contract Tower,0,0,0,0,0,0,4,12,0,16,0,4,12,0,16,0,0,0,16
09/23/2012,HLG,WV,AEA,CE,Federal Contract Tower,0,4,2,3,9,0,0,39,4,43,0,4,41,7,52,8,6,14,66
09/24/2012,HLG,WV,AEA,CE,Federal Contract Tower,0,6,2,0,8,0,0,35,7,42,0,6,37,7,50,0,6,6,56
09/25/2012,HLG,WV,AEA,CE,Federal Contract Tower,0,1,4,11,16,0,2,47,13,62,0,3,51,24,78,22,90,112,190
09/26/2012,HLG,WV,AEA,CE,Federal Contract Tower,0,6,0,0,6,0,0,22,16,38,0,6,22,16,44,0,94,94,138
09/27/2012,HLG,WV,AEA,CE,Federal Contract Tower,0,5,0,2,7,0,0,0,4,4,0,5,0,6,11,0,38,38,49
09/28/2012,HLG,WV,AEA,CE,Federal Contract Tower,0,2,7,0,9,0,0,4,6,10,0,2,11,6,19,0,62,62,81
09/29/2012,HLG,WV,AEA,CE,Federal Contract Tower,0,6,2,0,8,0,0,46,4,50,0,6,48,4,58,4,8,12,70
09/30/2012,HLG,WV,AEA,CE,Federal Contract Tower,0,2,0,0,2,0,0,31,2,33,0,2,31,2,35,60,6,66,101
10/01/2012,HLG,WV,AEA,CE,Federal Contract Tower,0,1,0,0,1,0,1,23,1,25,0,2,23,1,26,20,16,36,62
10/02/2012,HLG,WV,AEA,CE,Federal Contract Tower,0,3,0,4,7,0,13,0,8,21,0,16,0,12,28,0,20,20,48
10/03/2012,HLG,WV,AEA,CE,Federal Contract Tower,0,14,3,0,17,0,0,23,6,29,0,14,26,6,46,14,44,58,104
10/04/2012,HLG,WV,AEA,CE,Federal Contract Tower,0,6,2,8,16,0,0,48,15,63,0,6,50,23,79,0,88,88,167
10/05/2012,HLG,WV,AEA,CE,Federal Contract Tower,0,2,2,2,6,0,0,40,10,50,0,2,42,12,56,6,70,76,132
10/06/2012,HLG,WV,AEA,CE,Federal Contract Tower,0,1,3,0,4,0,4,20,0,24,0,5,23,0,28,0,0,0,28
10/07/2012,HLG,WV,AEA,CE,Federal Contract Tower,0,1,0,0,1,0,0,8,0,8,0,1,8,0,9,0,0,0,9
10/08/2012,HLG,WV,AEA,CE,Federal Contract Tower,0,3,1,0,4,0,2,22,4,28,0,5,23,4,32,0,50,50,82
10/09/2012,HLG,WV,AEA,CE,Federal Contract Tower,0,0,5,0,5,0,4,14,3,21,0,4,19,3,26,0,50,50,76
10/10/2012,HLG,WV,AEA,CE,Federal Contract Tower,0,6,4,8,18,0,4,31,4,39,0,10,35,12,57,0,12,12,69
10/11/2012,HLG,WV,AEA,CE,Federal Contract Tower,0,10,4,0,14,0,0,49,6,55,0,10,53,6,69,0,24,24,93
10/12/2012,HLG,WV,AEA,CE,Federal Contract Tower,0,4,1,2,7,0,0,53,5,58,0,4,54,7,65,22,20,42,107
10/13/2012,HLG,WV,AEA,CE,Federal Contract Tower,0,0,3,2,5,0,0,41,16,57,0,0,44,18,62,20,22,42,104
10/14/2012,HLG,WV,AEA,CE,Federal Contract Tower,0,0,6,0,6,0,4,37,4,45,0,4,43,4,51,16,18,34,85
10/15/2012,HLG,WV,AEA,CE,Federal Contract Tower,0,8,2,0,10,0,6,24,0,30,0,14,26,0,40,0,0,0,40
10/16/2012,HLG,WV,AEA,CE,Federal Contract Tower,0,6,2,1,9,0,3,12,2,17,0,9,14,3,26,0,80,80,106
10/17/2012,HLG,WV,AEA,CE,Federal Contract Tower,0,5,8,4,17,0,0,37,0,37,0,5,45,4,54,0,74,74,128
10/18/2012,HLG,WV,AEA,CE,Federal Contract Tower,0,9,0,2,11,0,0,7,0,7,0,9,7,2,18,0,0,0,18
10/19/2012,HLG,WV,AEA,CE,Federal Contract Tower,0,0,16,10,26,0,0,20,7,27,0,0,36,17,53,0,28,28,81
10/20/2012,HLG,WV,AEA,CE,Federal Contract Tower,0,0,2,0,2,0,0,16,0,16,0,0,18,0,18,0,0,0,18
10/21/2012,HLG,WV,AEA,CE,Federal Contract Tower,0,0,4,0,4,0,4,40,3,47,0,4,44,3,51,14,0,14,65
10/22/2012,HLG,WV,AEA,CE,Federal Contract Tower,0,2,2,0,4,0,8,40,0,48,0,10,42,0,52,0,0,0,52
10/23/2012,HLG,WV,AEA,CE,Federal Contract Tower,0,4,4,1,9,0,0,40,7,47,0,4,44,8,56,0,72,72,128
10/24/2012,HLG,WV,AEA,CE,Federal Contract Tower,0,3,0,4,7,0,0,46,4,50,0,3,46,8,57,0,12,12,69
10/25/2012,HLG,WV,AEA,CE,Federal Contract Tower,0,2,5,8,15,0,0,49,5,54,0,2,54,13,69,12,58,70,139
10/26/2012,HLG,WV,AEA,CE,Federal Contract Tower,0,2,2,2,6,0,4,11,13,28,0,6,13,15,34,0,82,82,116
10/27/2012,HLG,WV,AEA,CE,Federal Contract Tower,0,2,0,0,2,0,0,0,0,0,0,2,0,0,2,0,0,0,2
10/28/2012,HLG,WV,AEA,CE,Federal Contract Tower,0,0,0,0,0,0,0,0,0,0,0,0,0,0,0,0,0,0,0
10/29/2012,HLG,WV,AEA,CE,Federal Contract Tower,0,0,0,0,0,0,0,0,0,0,0,0,0,0,0,0,0,0,0
10/30/2012,HLG,WV,AEA,CE,Federal Contract Tower,0,4,0,0,4,0,0,0,0,0,0,4,0,0,4,0,0,0,4
10/31/2012,HLG,WV,AEA,CE,Federal Contract Tower,0,2,0,0,2,0,0,0,0,0,0,2,0,0,2,0,0,0,2
11/01/2012,HLG,WV,AEA,CE,Federal Contract Tower,0,2,4,3,9,0,0,0,2,2,0,2,4,5,11,0,0,0,11
11/02/2012,HLG,WV,AEA,CE,Federal Contract Tower,0,8,1,0,9,0,2,37,11,50,0,10,38,11,59,8,80,88,147
11/03/2012,HLG,WV,AEA,CE,Federal Contract Tower,0,0,0,1,1,0,4,18,13,35,0,4,18,14,36,0,0,0,36
11/04/2012,HLG,WV,AEA,CE,Federal Contract Tower,0,2,0,1,3,0,0,17,13,30,0,2,17,14,33,10,8,18,51
11/05/2012,HLG,WV,AEA,CE,Federal Contract Tower,0,0,2,0,2,0,4,28,18,50,0,4,30,18,52,0,162,162,214
11/06/2012,HLG,WV,AEA,CE,Federal Contract Tower,0,2,0,0,2,0,2,47,22,71,0,4,47,22,73,0,140,140,213
11/07/2012,HLG,WV,AEA,CE,Federal Contract Tower,0,1,0,0,1,0,0,22,1,23,0,1,22,1,24,10,40,50,74
11/08/2012,HLG,WV,AEA,CE,Federal Contract Tower,0,3,3,0,6,0,0,47,16,63,0,3,50,16,69,6,34,40,109
11/09/2012,HLG,WV,AEA,CE,Federal Contract Tower,0,7,2,0,9,0,2,51,6,59,0,9,53,6,68,20,50,70,138
11/10/2012,HLG,WV,AEA,CE,Federal Contract Tower,0,1,1,0,2,0,0,29,0,29,0,1,30,0,31,32,0,32,63
11/11/2012,HLG,WV,AEA,CE,Federal Contract Tower,0,0,7,0,7,0,0,30,2,32,0,0,37,2,39,20,20,40,79
11/12/2012,HLG,WV,AEA,CE,Federal Contract Tower,0,5,0,0,5,0,0,0,0,0,0,5,0,0,5,0,0,0,5
11/13/2012,HLG,WV,AEA,CE,Federal Contract Tower,0,4,0,4,8,0,0,2,6,8,0,4,2,10,16,10,34,44,60
11/14/2012,HLG,WV,AEA,CE,Federal Contract Tower,0,4,8,8,20,0,4,48,10,62,0,8,56,18,82,0,56,56,138
11/15/2012,HLG,WV,AEA,CE,Federal Contract Tower,8,1,2,0,11,0,4,41,8,53,8,5,43,8,64,0,52,52,116
11/16/2012,HLG,WV,AEA,CE,Federal Contract Tower,0,10,6,1,17,0,0,52,7,59,0,10,58,8,76,6,58,64,140
11/17/2012,HLG,WV,AEA,CE,Federal Contract Tower,0,2,4,1,7,0,4,58,6,68,0,6,62,7,75,30,20,50,125
11/18/2012,HLG,WV,AEA,CE,Federal Contract Tower,0,4,4,3,11,0,6,48,7,61,0,10,52,10,72,26,0,26,98
11/19/2012,HLG,WV,AEA,CE,Federal Contract Tower,0,7,8,2,17,0,4,43,12,59,0,11,51,14,76,0,56,56,132
11/20/2012,HLG,WV,AEA,CE,Federal Contract Tower,0,2,0,2,4,0,4,8,5,17,0,6,8,7,21,4,32,36,57
11/21/2012,HLG,WV,AEA,CE,Federal Contract Tower,0,5,8,0,13,0,4,48,2,54,0,9,56,2,67,0,22,22,89
11/22/2012,HLG,WV,AEA,CE,Federal Contract Tower,0,0,2,0,2,0,0,39,2,41,0,0,41,2,43,4,0,4,47
11/23/2012,HLG,WV,AEA,CE,Federal Contract Tower,0,3,7,0,10,0,2,32,0,34,0,5,39,0,44,0,0,0,44
11/24/2012,HLG,WV,AEA,CE,Federal Contract Tower,0,4,0,0,4,0,0,0,0,0,0,4,0,0,4,0,0,0,4
11/25/2012,HLG,WV,AEA,CE,Federal Contract Tower,0,2,3,0,5,0,0,21,0,21,0,2,24,0,26,0,0,0,26
11/26/2012,HLG,WV,AEA,CE,Federal Contract Tower,0,3,6,0,9,0,0,32,0,32,0,3,38,0,41,22,0,22,63
11/27/2012,HLG,WV,AEA,CE,Federal Contract Tower,0,2,0,6,8,0,4,7,11,22,0,6,7,17,30,0,86,86,116
11/28/2012,HLG,WV,AEA,CE,Federal Contract Tower,0,11,0,2,13,0,0,28,0,28,0,11,28,2,41,0,0,0,41
11/29/2012,HLG,WV,AEA,CE,Federal Contract Tower,0,1,6,0,7,0,8,39,3,50,0,9,45,3,57,20,34,54,111
11/30/2012,HLG,WV,AEA,CE,Federal Contract Tower,0,3,6,0,9,0,4,56,13,73,0,7,62,13,82,10,120,130,212
12/01/2012,HLG,WV,AEA,CE,Federal Contract Tower,0,0,6,2,8,0,6,50,16,72,0,6,56,18,80,64,18,82,162
12/02/2012,HLG,WV,AEA,CE,Federal Contract Tower,0,0,0,0,0,0,0,2,0,2,0,0,2,0,2,0,0,0,2
12/03/2012,HLG,WV,AEA,CE,Federal Contract Tower,0,1,1,0,2,0,0,5,15,20,0,1,6,15,22,0,138,138,160
12/04/2012,HLG,WV,AEA,CE,Federal Contract Tower,0,0,1,4,5,0,0,0,3,3,0,0,1,7,8,0,0,0,8
12/05/2012,HLG,WV,AEA,CE,Federal Contract Tower,0,3,2,0,5,0,2,28,14,44,0,5,30,14,49,0,48,48,97
12/06/2012,HLG,WV,AEA,CE,Federal Contract Tower,0,3,1,6,10,0,0,9,10,19,0,3,10,16,29,4,8,12,41
12/07/2012,HLG,WV,AEA,CE,Federal Contract Tower,0,0,0,1,1,0,0,0,12,12,0,0,0,13,13,0,88,88,101
12/08/2012,HLG,WV,AEA,CE,Federal Contract Tower,0,0,4,0,4,0,0,0,0,0,0,0,4,0,4,0,0,0,4
12/09/2012,HLG,WV,AEA,CE,Federal Contract Tower,0,0,0,0,0,0,0,22,0,22,0,0,22,0,22,0,0,0,22
12/10/2012,HLG,WV,AEA,CE,Federal Contract Tower,0,11,0,0,11,0,0,0,0,0,0,11,0,0,11,0,0,0,11
12/11/2012,HLG,WV,AEA,CE,Federal Contract Tower,0,7,0,2,9,0,0,6,12,18,0,7,6,14,27,18,98,116,143
12/12/2012,HLG,WV,AEA,CE,Federal Contract Tower,0,8,0,0,8,0,4,47,13,64,0,12,47,13,72,6,0,6,78
12/13/2012,HLG,WV,AEA,CE,Federal Contract Tower,0,2,3,3,8,0,0,43,8,51,0,2,46,11,59,0,24,24,83
12/14/2012,HLG,WV,AEA,CE,Federal Contract Tower,0,5,2,0,7,0,6,40,4,50,0,11,42,4,57,16,38,54,111
12/15/2012,HLG,WV,AEA,CE,Federal Contract Tower,0,4,10,1,15,0,0,29,1,30,0,4,39,2,45,0,0,0,45
12/16/2012,HLG,WV,AEA,CE,Federal Contract Tower,0,2,0,0,2,0,0,6,0,6,0,2,6,0,8,0,0,0,8
12/17/2012,HLG,WV,AEA,CE,Federal Contract Tower,0,7,2,0,9,0,4,21,2,27,0,11,23,2,36,0,96,96,132
12/18/2012,HLG,WV,AEA,CE,Federal Contract Tower,0,11,0,2,13,0,14,12,3,29,0,25,12,5,42,0,38,38,80
12/19/2012,HLG,WV,AEA,CE,Federal Contract Tower,0,5,4,0,9,0,0,25,4,29,0,5,29,4,38,0,16,16,54
12/20/2012,HLG,WV,AEA,CE,Federal Contract Tower,0,5,0,2,7,0,2,0,4,6,0,7,0,6,13,0,50,50,63
12/21/2012,HLG,WV,AEA,CE,Federal Contract Tower,0,2,0,0,2,0,0,0,0,0,0,2,0,0,2,0,0,0,2
12/22/2012,HLG,WV,AEA,CE,Federal Contract Tower,0,0,0,0,0,0,0,2,0,2,0,0,2,0,2,0,0,0,2
12/23/2012,HLG,WV,AEA,CE,Federal Contract Tower,0,1,2,0,3,0,0,29,0,29,0,1,31,0,32,16,0,16,48
12/24/2012,HLG,WV,AEA,CE,Federal Contract Tower,0,0,0,0,0,0,0,0,0,0,0,0,0,0,0,0,0,0,0
12/25/2012,HLG,WV,AEA,CE,Federal Contract Tower,0,0,0,0,0,0,0,2,0,2,0,0,2,0,2,0,0,0,2
12/26/2012,HLG,WV,AEA,CE,Federal Contract Tower,0,2,0,0,2,0,0,0,0,0,0,2,0,0,2,0,0,0,2
12/27/2012,HLG,WV,AEA,CE,Federal Contract Tower,0,0,0,0,0,0,0,0,0,0,0,0,0,0,0,0,0,0,0
12/28/2012,HLG,WV,AEA,CE,Federal Contract Tower,0,4,6,2,12,0,0,0,6,6,0,4,6,8,18,0,16,16,34
12/29/2012,HLG,WV,AEA,CE,Federal Contract Tower,0,0,0,0,0,0,0,0,0,0,0,0,0,0,0,0,0,0,0
12/30/2012,HLG,WV,AEA,CE,Federal Contract Tower,0,0,0,0,0,0,0,2,0,2,0,0,2,0,2,0,0,0,2
12/31/2012,HLG,WV,AEA,CE,Federal Contract Tower,0,3,0,0,3,0,0,2,0,2,0,3,2,0,5,0,0,0,5
01/01/2013,HLG,WV,AEA,CE,Federal Contract Tower,0,2,0,0,2,0,4,0,0,4,0,6,0,0,6,0,0,0,6
01/02/2013,HLG,WV,AEA,CE,Federal Contract Tower,0,3,0,0,3,0,4,0,6,10,0,7,0,6,13,0,76,76,89
01/03/2013,HLG,WV,AEA,CE,Federal Contract Tower,0,4,0,4,8,0,0,4,8,12,0,4,4,12,20,0,66,66,86
01/04/2013,HLG,WV,AEA,CE,Federal Contract Tower,0,7,0,0,7,0,4,0,16,20,0,11,0,16,27,0,150,150,177
01/05/2013,HLG,WV,AEA,CE,Federal Contract Tower,0,3,2,2,7,0,2,21,9,32,0,5,23,11,39,12,98,110,149
01/06/2013,HLG,WV,AEA,CE,Federal Contract Tower,0,0,2,4,6,0,0,8,19,27,0,0,10,23,33,0,34,34,67
01/07/2013,HLG,WV,AEA,CE,Federal Contract Tower,0,3,0,0,3,0,2,2,18,22,0,5,2,18,25,0,118,118,143
01/08/2013,HLG,WV,AEA,CE,Federal Contract Tower,0,6,0,3,9,0,6,29,6,41,0,12,29,9,50,12,32,44,94
01/09/2013,HLG,WV,AEA,CE,Federal Contract Tower,0,2,4,0,6,0,4,5,11,20,0,6,9,11,26,0,40,40,66
01/10/2013,HLG,WV,AEA,CE,Federal Contract Tower,0,5,0,4,9,0,1,11,15,27,0,6,11,19,36,10,16,26,62
01/11/2013,HLG,WV,AEA,CE,Federal Contract Tower,0,6,0,0,6,0,4,0,13,17,0,10,0,13,23,8,36,44,67
01/12/2013,HLG,WV,AEA,CE,Federal Contract Tower,0,0,10,0,10,0,2,23,6,31,0,2,33,6,41,90,12,102,143
01/13/2013,HLG,WV,AEA,CE,Federal Contract Tower,0,0,4,0,4,0,0,2,2,4,0,0,6,2,8,0,12,12,20
01/14/2013,HLG,WV,AEA,CE,Federal Contract Tower,0,1,0,0,1,0,12,36,0,48,0,13,36,0,49,6,0,6,55
01/15/2013,HLG,WV,AEA,CE,Federal Contract Tower,0,2,0,0,2,0,0,4,6,10,0,2,4,6,12,0,118,118,130
01/16/2013,HLG,WV,AEA,CE,Federal Contract Tower,0,3,0,0,3,0,0,0,0,0,0,3,0,0,3,0,0,0,3
01/17/2013,HLG,WV,AEA,CE,Federal Contract Tower,0,0,0,6,6,0,0,4,0,4,0,0,4,6,10,0,0,0,10
01/18/2013,HLG,WV,AEA,CE,Federal Contract Tower,0,2,0,9,11,0,8,14,9,31,0,10,14,18,42,18,12,30,72
01/19/2013,HLG,WV,AEA,CE,Federal Contract Tower,0,1,0,0,1,0,2,4,5,11,0,3,4,5,12,0,0,0,12
01/20/2013,HLG,WV,AEA,CE,Federal Contract Tower,0,0,4,0,4,0,0,4,0,4,0,0,8,0,8,0,0,0,8
01/21/2013,HLG,WV,AEA,CE,Federal Contract Tower,0,1,0,0,1,0,2,0,0,2,0,3,0,0,3,0,0,0,3
01/22/2013,HLG,WV,AEA,CE,Federal Contract Tower,0,4,0,0,4,0,0,6,6,12,0,4,6,6,16,0,38,38,54
01/23/2013,HLG,WV,AEA,CE,Federal Contract Tower,0,2,6,4,12,0,4,47,9,60,0,6,53,13,72,0,56,56,128
01/24/2013,HLG,WV,AEA,CE,Federal Contract Tower,0,2,0,6,8,0,4,13,10,27,0,6,13,16,35,0,28,28,63
01/25/2013,HLG,WV,AEA,CE,Federal Contract Tower,0,2,0,0,2,0,0,0,8,8,0,2,0,8,10,0,74,74,84
01/26/2013,HLG,WV,AEA,CE,Federal Contract Tower,0,0,1,0,1,0,0,0,0,0,0,0,1,0,1,0,0,0,1
01/27/2013,HLG,WV,AEA,CE,Federal Contract Tower,0,1,2,7,10,0,2,17,1,20,0,3,19,8,30,0,8,8,38
01/28/2013,HLG,WV,AEA,CE,Federal Contract Tower,0,1,0,0,1,0,0,0,0,0,0,1,0,0,1,0,10,10,11
01/29/2013,HLG,WV,AEA,CE,Federal Contract Tower,0,7,0,14,21,0,4,17,14,35,0,11,17,28,56,0,38,38,94
01/30/2013,HLG,WV,AEA,CE,Federal Contract Tower,0,3,0,2,5,0,4,8,1,13,0,7,8,3,18,0,16,16,34
01/31/2013,HLG,WV,AEA,CE,Federal Contract Tower,0,4,0,0,4,0,2,0,4,6,0,6,0,4,10,0,26,26,36
02/01/2013,HLG,WV,AEA,CE,Federal Contract Tower,0,0,0,0,0,0,6,0,32,38,0,6,0,32,38,0,84,84,122
02/02/2013,HLG,WV,AEA,CE,Federal Contract Tower,0,0,2,0,2,0,0,5,15,20,0,0,7,15,22,0,50,50,72
02/03/2013,HLG,WV,AEA,CE,Federal Contract Tower,0,0,0,0,0,0,0,0,0,0,0,0,0,0,0,0,0,0,0
02/04/2013,HLG,WV,AEA,CE,Federal Contract Tower,0,3,0,0,3,0,0,4,0,4,0,3,4,0,7,0,0,0,7
02/05/2013,HLG,WV,AEA,CE,Federal Contract Tower,0,0,0,0,0,0,0,0,0,0,0,0,0,0,0,0,0,0,0
02/06/2013,HLG,WV,AEA,CE,Federal Contract Tower,0,3,0,0,3,0,2,14,5,21,0,5,14,5,24,0,24,24,48
02/07/2013,HLG,WV,AEA,CE,Federal Contract Tower,0,4,0,4,8,0,8,37,9,54,0,12,37,13,62,0,46,46,108
02/08/2013,HLG,WV,AEA,CE,Federal Contract Tower,0,4,2,0,6,0,0,16,4,20,0,4,18,4,26,0,38,38,64
02/09/2013,HLG,WV,AEA,CE,Federal Contract Tower,0,0,4,0,4,0,4,20,0,24,0,4,24,0,28,8,0,8,36
02/10/2013,HLG,WV,AEA,CE,Federal Contract Tower,0,0,1,0,1,0,4,29,2,35,0,4,30,2,36,38,30,68,104
02/11/2013,HLG,WV,AEA,CE,Federal Contract Tower,0,2,1,4,7,0,8,0,7,15,0,10,1,11,22,0,50,50,72
02/12/2013,HLG,WV,AEA,CE,Federal Contract Tower,0,1,0,2,3,0,0,24,4,28,0,1,24,6,31,20,38,58,89
02/13/2013,HLG,WV,AEA,CE,Federal Contract Tower,0,6,10,0,16,0,4,26,6,36,0,10,36,6,52,0,82,82,134
02/14/2013,HLG,WV,AEA,CE,Federal Contract Tower,0,3,2,0,5,0,8,30,7,45,0,11,32,7,50,10,58,68,118
02/15/2013,HLG,WV,AEA,CE,Federal Contract Tower,0,3,10,0,13,0,0,12,10,22,0,3,22,10,35,0,98,98,133
02/16/2013,HLG,WV,AEA,CE,Federal Contract Tower,0,0,1,0,1,0,0,0,6,6,0,0,1,6,7,0,50,50,57
02/17/2013,HLG,WV,AEA,CE,Federal Contract Tower,0,0,0,0,0,0,0,4,0,4,0,0,4,0,4,0,0,0,4
02/18/2013,HLG,WV,AEA,CE,Federal Contract Tower,0,0,10,0,10,0,10,45,2,57,0,10,55,2,67,36,24,60,127
02/19/2013,HLG,WV,AEA,CE,Federal Contract Tower,0,6,0,4,10,0,0,0,0,0,0,6,0,4,10,0,0,0,10
02/20/2013,HLG,WV,AEA,CE,Federal Contract Tower,0,1,0,8,9,0,4,17,4,25,0,5,17,12,34,0,54,54,88
02/21/2013,HLG,WV,AEA,CE,Federal Contract Tower,0,2,0,9,11,0,0,17,14,31,0,2,17,23,42,0,68,68,110
02/22/2013,HLG,WV,AEA,CE,Federal Contract Tower,0,1,0,0,1,0,0,19,10,29,0,1,19,10,30,0,108,108,138
02/23/2013,HLG,WV,AEA,CE,Federal Contract Tower,0,0,0,0,0,0,0,6,16,22,0,0,6,16,22,0,132,132,154
02/24/2013,HLG,WV,AEA,CE,Federal Contract Tower,0,3,0,0,3,0,0,12,6,18,0,3,12,6,21,0,0,0,21
02/25/2013,HLG,WV,AEA,CE,Federal Contract Tower,0,4,4,4,12,0,10,59,7,76,0,14,63,11,88,44,16,60,148
02/26/2013,HLG,WV,AEA,CE,Federal Contract Tower,0,3,0,0,3,0,0,14,0,14,0,3,14,0,17,0,0,0,17
02/27/2013,HLG,WV,AEA,CE,Federal Contract Tower,0,4,0,12,16,0,4,32,4,40,0,8,32,16,56,0,62,62,118
02/28/2013,HLG,WV,AEA,CE,Federal Contract Tower,0,2,0,0,2,0,0,0,0,0,0,2,0,0,2,0,0,0,2
03/01/2013,HLG,WV,AEA,CE,Federal Contract Tower,0,5,0,0,5,0,4,11,10,25,0,9,11,10,30,14,132,146,176
03/02/2013,HLG,WV,AEA,CE,Federal Contract Tower,0,1,2,0,3,0,0,15,42,57,0,1,17,42,60,8,266,274,334
03/03/2013,HLG,WV,AEA,CE,Federal Contract Tower,0,2,0,0,2,0,0,10,12,22,0,2,10,12,24,0,8,8,32
03/04/2013,HLG,WV,AEA,CE,Federal Contract Tower,0,4,0,0,4,0,12,49,14,75,0,16,49,14,79,0,70,70,149
03/05/2013,HLG,WV,AEA,CE,Federal Contract Tower,0,4,0,12,16,0,0,32,33,65,0,4,32,45,81,0,38,38,119
03/06/2013,HLG,WV,AEA,CE,Federal Contract Tower,0,2,0,0,2,0,0,28,3,31,0,2,28,3,33,0,18,18,51
03/07/2013,HLG,WV,AEA,CE,Federal Contract Tower,0,7,0,8,15,0,2,17,11,30,0,9,17,19,45,0,24,24,69
03/08/2013,HLG,WV,AEA,CE,Federal Contract Tower,0,5,0,1,6,0,0,28,11,39,0,5,28,12,45,0,70,70,115
03/09/2013,HLG,WV,AEA,CE,Federal Contract Tower,0,0,3,0,3,0,0,52,0,52,0,0,55,0,55,106,0,106,161
03/10/2013,HLG,WV,AEA,CE,Federal Contract Tower,0,2,0,0,2,0,26,4,0,30,0,28,4,0,32,8,12,20,52
03/11/2013,HLG,WV,AEA,CE,Federal Contract Tower,0,3,0,4,7,0,0,13,28,41,0,3,13,32,48,0,64,64,112
03/12/2013,HLG,WV,AEA,CE,Federal Contract Tower,0,3,0,0,3,0,6,0,8,14,0,9,0,8,17,0,70,70,87
03/13/2013,HLG,WV,AEA,CE,Federal Contract Tower,0,6,1,10,17,0,8,12,14,34,0,14,13,24,51,0,0,0,51
03/14/2013,HLG,WV,AEA,CE,Federal Contract Tower,0,4,0,10,14,0,4,21,14,39,0,8,21,24,53,0,44,44,97
03/15/2013,HLG,WV,AEA,CE,Federal Contract Tower,0,2,2,0,4,0,0,27,13,40,0,2,29,13,44,12,46,58,102
03/16/2013,HLG,WV,AEA,CE,Federal Contract Tower,0,0,2,2,4,0,0,0,0,0,0,0,2,2,4,0,0,0,4
03/17/2013,HLG,WV,AEA,CE,Federal Contract Tower,0,0,1,0,1,0,8,9,2,19,0,8,10,2,20,0,0,0,20
03/18/2013,HLG,WV,AEA,CE,Federal Contract Tower,0,1,0,0,1,0,0,0,0,0,0,1,0,0,1,0,0,0,1
03/19/2013,HLG,WV,AEA,CE,Federal Contract Tower,0,2,2,13,17,0,0,2,13,15,0,2,4,26,32,0,48,48,80
03/20/2013,HLG,WV,AEA,CE,Federal Contract Tower,0,1,2,0,3,0,0,9,10,19,0,1,11,10,22,0,72,72,94
03/21/2013,HLG,WV,AEA,CE,Federal Contract Tower,0,4,0,10,14,0,4,21,25,50,0,8,21,35,64,0,80,80,144
03/22/2013,HLG,WV,AEA,CE,Federal Contract Tower,0,1,5,1,7,0,0,17,8,25,0,1,22,9,32,0,48,48,80
03/23/2013,HLG,WV,AEA,CE,Federal Contract Tower,0,0,4,0,4,0,0,30,0,30,0,0,34,0,34,26,0,26,60
03/24/2013,HLG,WV,AEA,CE,Federal Contract Tower,0,1,0,1,2,0,6,0,0,6,0,7,0,1,8,0,0,0,8
03/25/2013,HLG,WV,AEA,CE,Federal Contract Tower,0,2,0,0,2,0,0,0,0,0,0,2,0,0,2,0,20,20,22
03/26/2013,HLG,WV,AEA,CE,Federal Contract Tower,0,5,0,4,9,0,0,37,18,55,0,5,37,22,64,0,128,128,192
03/27/2013,HLG,WV,AEA,CE,Federal Contract Tower,0,2,0,0,2,0,4,48,5,57,0,6,48,5,59,0,38,38,97
03/28/2013,HLG,WV,AEA,CE,Federal Contract Tower,0,7,0,0,7,0,0,35,13,48,0,7,35,13,55,0,40,40,95
03/29/2013,HLG,WV,AEA,CE,Federal Contract Tower,0,5,1,8,14,0,0,29,4,33,0,5,30,12,47,0,14,14,61
03/30/2013,HLG,WV,AEA,CE,Federal Contract Tower,0,0,0,0,0,0,0,45,4,49,0,0,45,4,49,56,0,56,105
03/31/2013,HLG,WV,AEA,CE,Federal Contract Tower,0,5,0,0,5,0,4,1,0,5,0,9,1,0,10,0,0,0,10
04/01/2013,HLG,WV,AEA,CE,Federal Contract Tower,0,2,0,0,2,0,0,8,0,8,0,2,8,0,10,0,0,0,10
04/02/2013,HLG,WV,AEA,CE,Federal Contract Tower,0,5,1,4,10,0,0,6,6,12,0,5,7,10,22,0,26,26,48
04/03/2013,HLG,WV,AEA,CE,Federal Contract Tower,0,2,4,4,10,0,0,16,0,16,0,2,20,4,26,0,10,10,36
04/04/2013,HLG,WV,AEA,CE,Federal Contract Tower,0,1,7,8,16,0,2,26,20,48,0,3,33,28,64,0,132,132,196
04/05/2013,HLG,WV,AEA,CE,Federal Contract Tower,0,2,6,3,11,0,4,33,17,54,0,6,39,20,65,4,86,90,155
04/06/2013,HLG,WV,AEA,CE,Federal Contract Tower,0,0,3,8,11,0,0,33,2,35,0,0,36,10,46,38,0,38,84
04/07/2013,HLG,WV,AEA,CE,Federal Contract Tower,0,0,0,0,0,0,0,8,0,8,0,0,8,0,8,0,0,0,8
04/08/2013,HLG,WV,AEA,CE,Federal Contract Tower,0,4,24,0,28,0,0,32,11,43,0,4,56,11,71,0,48,48,119
04/09/2013,HLG,WV,AEA,CE,Federal Contract Tower,0,2,6,0,8,0,4,36,6,46,0,6,42,6,54,18,94,112,166
04/10/2013,HLG,WV,AEA,CE,Federal Contract Tower,0,4,2,4,10,0,0,20,17,37,0,4,22,21,47,0,32,32,79
04/11/2013,HLG,WV,AEA,CE,Federal Contract Tower,0,0,0,0,0,0,0,13,9,22,0,0,13,9,22,18,78,96,118
04/12/2013,HLG,WV,AEA,CE,Federal Contract Tower,0,2,6,4,12,0,0,0,0,0,0,2,6,4,12,0,0,0,12
04/13/2013,HLG,WV,AEA,CE,Federal Contract Tower,0,0,1,0,1,0,0,13,0,13,0,0,14,0,14,0,0,0,14
04/14/2013,HLG,WV,AEA,CE,Federal Contract Tower,0,0,5,18,23,0,2,17,0,19,0,2,22,18,42,34,0,34,76
04/15/2013,HLG,WV,AEA,CE,Federal Contract Tower,0,6,0,4,10,0,0,15,4,19,0,6,15,8,29,0,0,0,29
04/16/2013,HLG,WV,AEA,CE,Federal Contract Tower,0,3,2,4,9,0,0,41,12,53,0,3,43,16,62,0,16,16,78
04/17/2013,HLG,WV,AEA,CE,Federal Contract Tower,0,5,5,2,12,0,2,20,0,22,0,7,25,2,34,0,0,0,34
04/18/2013,HLG,WV,AEA,CE,Federal Contract Tower,0,4,0,0,4,0,11,24,6,41,0,15,24,6,45,10,12,22,67
04/19/2013,HLG,WV,AEA,CE,Federal Contract Tower,0,2,0,0,2,0,0,4,8,12,0,2,4,8,14,0,78,78,92
04/20/2013,HLG,WV,AEA,CE,Federal Contract Tower,0,0,0,0,0,0,0,4,5,9,0,0,4,5,9,0,28,28,37
04/21/2013,HLG,WV,AEA,CE,Federal Contract Tower,0,0,0,0,0,0,0,19,0,19,0,0,19,0,19,0,0,0,19
04/22/2013,HLG,WV,AEA,CE,Federal Contract Tower,0,4,0,0,4,0,0,21,6,27,0,4,21,6,31,0,16,16,47
04/23/2013,HLG,WV,AEA,CE,Federal Contract Tower,0,1,5,2,8,0,4,49,21,74,0,5,54,23,82,0,24,24,106
04/24/2013,HLG,WV,AEA,CE,Federal Contract Tower,0,5,0,4,9,0,0,0,0,0,0,5,0,4,9,0,0,0,9
04/25/2013,HLG,WV,AEA,CE,Federal Contract Tower,0,5,3,0,8,0,2,21,2,25,0,7,24,2,33,0,8,8,41
04/26/2013,HLG,WV,AEA,CE,Federal Contract Tower,0,4,6,0,10,0,1,30,0,31,0,5,36,0,41,16,0,16,57
04/27/2013,HLG,WV,AEA,CE,Federal Contract Tower,0,1,2,0,3,0,0,46,2,48,0,1,48,2,51,0,46,46,97
04/28/2013,HLG,WV,AEA,CE,Federal Contract Tower,0,1,2,0,3,0,0,2,0,2,0,1,4,0,5,0,0,0,5
04/29/2013,HLG,WV,AEA,CE,Federal Contract Tower,0,7,4,0,11,0,0,39,11,50,0,7,43,11,61,0,46,46,107
04/30/2013,HLG,WV,AEA,CE,Federal Contract Tower,0,7,3,0,10,0,0,40,3,43,0,7,43,3,53,0,26,26,79
05/01/2013,HLG,WV,AEA,CE,Federal Contract Tower,0,3,4,0,7,0,0,25,4,29,0,3,29,4,36,8,0,8,44
05/02/2013,HLG,WV,AEA,CE,Federal Contract Tower,0,4,3,4,11,0,0,34,4,38,0,4,37,8,49,8,0,8,57
05/03/2013,HLG,WV,AEA,CE,Federal Contract Tower,0,1,3,4,8,0,2,46,2,50,0,3,49,6,58,0,0,0,58
05/04/2013,HLG,WV,AEA,CE,Federal Contract Tower,0,0,2,2,4,0,0,21,6,27,0,0,23,8,31,8,0,8,39
05/05/2013,HLG,WV,AEA,CE,Federal Contract Tower,0,0,0,0,0,0,0,23,2,25,0,0,23,2,25,0,4,4,29
05/06/2013,HLG,WV,AEA,CE,Federal Contract Tower,0,2,0,0,2,0,2,40,0,42,0,4,40,0,44,0,0,0,44
05/07/2013,HLG,WV,AEA,CE,Federal Contract Tower,0,8,0,8,16,0,0,10,14,24,0,8,10,22,40,0,30,30,70
05/08/2013,HLG,WV,AEA,CE,Federal Contract Tower,0,8,0,2,10,0,0,18,7,25,0,8,18,9,35,0,14,14,49
05/09/2013,HLG,WV,AEA,CE,Federal Contract Tower,0,9,7,0,16,0,10,27,14,51,0,19,34,14,67,4,18,22,89
05/10/2013,HLG,WV,AEA,CE,Federal Contract Tower,0,4,0,0,4,0,0,9,4,13,0,4,9,4,17,0,4,4,21
05/11/2013,HLG,WV,AEA,CE,Federal Contract Tower,0,0,4,0,4,0,0,1,0,1,0,0,5,0,5,0,8,8,13
05/12/2013,HLG,WV,AEA,CE,Federal Contract Tower,0,3,0,0,3,0,4,2,0,6,0,7,2,0,9,8,0,8,17
05/13/2013,HLG,WV,AEA,CE,Federal Contract Tower,0,2,4,2,8,0,0,10,2,12,0,2,14,4,20,0,26,26,46
05/14/2013,HLG,WV,AEA,CE,Federal Contract Tower,0,7,5,0,12,0,0,35,8,43,0,7,40,8,55,0,74,74,129
05/15/2013,HLG,WV,AEA,CE,Federal Contract Tower,0,5,2,4,11,0,0,15,4,19,0,5,17,8,30,0,16,16,46
05/16/2013,HLG,WV,AEA,CE,Federal Contract Tower,0,3,4,2,9,0,4,18,8,30,0,7,22,10,39,14,50,64,103
05/17/2013,HLG,WV,AEA,CE,Federal Contract Tower,0,5,1,7,13,0,0,8,26,34,0,5,9,33,47,0,86,86,133
05/18/2013,HLG,WV,AEA,CE,Federal Contract Tower,0,0,7,0,7,0,2,28,11,41,0,2,35,11,48,6,56,62,110
05/19/2013,HLG,WV,AEA,CE,Federal Contract Tower,0,3,2,0,5,0,4,30,0,34,0,7,32,0,39,16,0,16,55
05/20/2013,HLG,WV,AEA,CE,Federal Contract Tower,0,0,0,0,0,0,0,0,1,1,0,0,0,1,1,0,0,0,1
05/21/2013,HLG,WV,AEA,CE,Federal Contract Tower,0,0,2,2,4,0,4,9,9,22,0,4,11,11,26,0,16,16,42
05/22/2013,HLG,WV,AEA,CE,Federal Contract Tower,0,1,6,0,7,0,0,5,0,5,0,1,11,0,12,28,0,28,40
05/23/2013,HLG,WV,AEA,CE,Federal Contract Tower,0,4,3,7,14,0,0,0,12,12,0,4,3,19,26,0,62,62,88
05/24/2013,HLG,WV,AEA,CE,Federal Contract Tower,0,2,2,4,8,0,4,20,2,26,0,6,22,6,34,0,0,0,34
05/25/2013,HLG,WV,AEA,CE,Federal Contract Tower,0,0,3,0,3,0,0,24,0,24,0,0,27,0,27,4,0,4,31
05/26/2013,HLG,WV,AEA,CE,Federal Contract Tower,0,0,0,0,0,0,0,18,0,18,0,0,18,0,18,0,0,0,18
05/27/2013,HLG,WV,AEA,CE,Federal Contract Tower,0,4,5,0,9,0,6,34,0,40,0,10,39,0,49,0,0,0,49
05/28/2013,HLG,WV,AEA,CE,Federal Contract Tower,0,6,1,0,7,0,2,6,3,11,0,8,7,3,18,0,18,18,36
05/29/2013,HLG,WV,AEA,CE,Federal Contract Tower,0,3,5,8,16,0,0,18,11,29,0,3,23,19,45,0,34,34,79
05/30/2013,HLG,WV,AEA,CE,Federal Contract Tower,0,14,1,2,17,0,0,40,8,48,0,14,41,10,65,6,46,52,117
05/31/2013,HLG,WV,AEA,CE,Federal Contract Tower,0,2,4,0,6,0,6,39,14,59,0,8,43,14,65,18,0,18,83
06/01/2013,HLG,WV,AEA,CE,Federal Contract Tower,0,1,2,4,7,0,0,17,26,43,0,1,19,30,50,8,80,88,138
06/02/2013,HLG,WV,AEA,CE,Federal Contract Tower,0,2,0,0,2,0,2,9,5,16,0,4,9,5,18,0,6,6,24
06/03/2013,HLG,WV,AEA,CE,Federal Contract Tower,0,1,7,0,8,0,0,27,7,34,0,1,34,7,42,0,42,42,84
06/04/2013,HLG,WV,AEA,CE,Federal Contract Tower,0,2,0,4,6,0,0,64,30,94,0,2,64,34,100,20,70,90,190
06/05/2013,HLG,WV,AEA,CE,Federal Contract Tower,0,0,1,0,1,0,0,32,11,43,0,0,33,11,44,12,24,36,80
06/06/2013,HLG,WV,AEA,CE,Federal Contract Tower,0,3,10,0,13,0,0,5,9,14,0,3,15,9,27,0,44,44,71
06/07/2013,HLG,WV,AEA,CE,Federal Contract Tower,0,4,2,0,6,0,2,2,0,4,0,6,4,0,10,0,0,0,10
06/08/2013,HLG,WV,AEA,CE,Federal Contract Tower,0,0,0,1,1,0,4,38,0,42,0,4,38,1,43,0,0,0,43
06/09/2013,HLG,WV,AEA,CE,Federal Contract Tower,0,1,1,0,2,0,0,50,0,50,0,1,51,0,52,4,0,4,56
06/10/2013,HLG,WV,AEA,CE,Federal Contract Tower,0,6,3,8,17,0,4,14,2,20,0,10,17,10,37,0,0,0,37
06/11/2013,HLG,WV,AEA,CE,Federal Contract Tower,0,15,4,2,21,0,0,19,2,21,0,15,23,4,42,0,8,8,50
06/12/2013,HLG,WV,AEA,CE,Federal Contract Tower,0,0,1,4,5,0,0,40,21,61,0,0,41,25,66,22,16,38,104
06/13/2013,HLG,WV,AEA,CE,Federal Contract Tower,0,1,3,4,8,0,0,0,6,6,0,1,3,10,14,0,28,28,42
06/14/2013,HLG,WV,AEA,CE,Federal Contract Tower,0,10,0,2,12,0,2,22,4,28,0,12,22,6,40,6,22,28,68
06/15/2013,HLG,WV,AEA,CE,Federal Contract Tower,0,3,1,1,5,0,0,44,2,46,0,3,45,3,51,30,0,30,81
06/16/2013,HLG,WV,AEA,CE,Federal Contract Tower,0,5,1,0,6,0,0,4,0,4,0,5,5,0,10,16,0,16,26
06/17/2013,HLG,WV,AEA,CE,Federal Contract Tower,0,4,2,0,6,0,0,14,6,20,0,4,16,6,26,8,10,18,44
06/18/2013,HLG,WV,AEA,CE,Federal Contract Tower,0,4,5,0,9,0,4,20,12,36,0,8,25,12,45,0,8,8,53
06/19/2013,HLG,WV,AEA,CE,Federal Contract Tower,0,4,5,0,9,0,0,48,12,60,0,4,53,12,69,4,48,52,121
06/20/2013,HLG,WV,AEA,CE,Federal Contract Tower,0,3,8,0,11,0,0,49,4,53,0,3,57,4,64,10,20,30,94
06/21/2013,HLG,WV,AEA,CE,Federal Contract Tower,0,4,4,2,10,0,0,45,3,48,0,4,49,5,58,0,0,0,58
06/22/2013,HLG,WV,AEA,CE,Federal Contract Tower,0,0,1,0,1,0,4,16,0,20,0,4,17,0,21,16,0,16,37
06/23/2013,HLG,WV,AEA,CE,Federal Contract Tower,0,1,7,0,8,0,0,25,1,26,0,1,32,1,34,38,0,38,72
06/24/2013,HLG,WV,AEA,CE,Federal Contract Tower,0,6,3,2,11,0,0,26,3,29,0,6,29,5,40,0,22,22,62
06/25/2013,HLG,WV,AEA,CE,Federal Contract Tower,0,6,3,2,11,0,0,26,3,29,0,6,29,5,40,0,22,22,62
06/26/2013,HLG,WV,AEA,CE,Federal Contract Tower,0,8,2,4,14,0,0,19,3,22,0,8,21,7,36,0,34,34,70
06/27/2013,HLG,WV,AEA,CE,Federal Contract Tower,0,2,0,2,4,0,0,0,8,8,0,2,0,10,12,0,62,62,74
06/28/2013,HLG,WV,AEA,CE,Federal Contract Tower,0,2,0,0,2,0,0,17,2,19,0,2,17,2,21,0,26,26,47
06/29/2013,HLG,WV,AEA,CE,Federal Contract Tower,0,0,0,0,0,0,0,10,0,10,0,0,10,0,10,12,0,12,22
06/30/2013,HLG,WV,AEA,CE,Federal Contract Tower,0,0,6,0,6,0,4,16,2,22,0,4,22,2,28,16,10,26,54
07/01/2013,HLG,WV,AEA,CE,Federal Contract Tower,0,3,9,0,12,0,2,14,0,16,0,5,23,0,28,38,0,38,66
07/02/2013,HLG,WV,AEA,CE,Federal Contract Tower,0,1,2,10,13,0,0,21,15,36,0,1,23,25,49,0,82,82,131
07/03/2013,HLG,WV,AEA,CE,Federal Contract Tower,0,6,1,4,11,0,0,33,5,38,0,6,34,9,49,20,30,50,99
07/04/2013,HLG,WV,AEA,CE,Federal Contract Tower,0,0,0,0,0,0,0,42,0,42,0,0,42,0,42,18,0,18,60
07/05/2013,HLG,WV,AEA,CE,Federal Contract Tower,0,0,0,0,0,0,0,4,2,6,0,0,4,2,6,12,0,12,18
07/06/2013,HLG,WV,AEA,CE,Federal Contract Tower,0,1,0,0,1,0,4,13,4,21,0,5,13,4,22,46,0,46,68
07/07/2013,HLG,WV,AEA,CE,Federal Contract Tower,0,3,2,0,5,0,0,0,0,0,0,3,2,0,5,0,0,0,5
07/08/2013,HLG,WV,AEA,CE,Federal Contract Tower,0,1,0,6,7,0,6,10,0,16,0,7,10,6,23,0,0,0,23
07/09/2013,HLG,WV,AEA,CE,Federal Contract Tower,0,4,0,0,4,0,7,18,0,25,0,11,18,0,29,0,12,12,41
07/10/2013,HLG,WV,AEA,CE,Federal Contract Tower,0,3,1,0,4,0,4,18,2,24,0,7,19,2,28,0,0,0,28
07/11/2013,HLG,WV,AEA,CE,Federal Contract Tower,0,5,7,1,13,0,2,17,13,32,0,7,24,14,45,0,54,54,99
07/12/2013,HLG,WV,AEA,CE,Federal Contract Tower,0,2,1,2,5,0,2,28,26,56,0,4,29,28,61,18,48,66,127
07/13/2013,HLG,WV,AEA,CE,Federal Contract Tower,0,2,5,1,8,0,4,56,3,63,0,6,61,4,71,30,22,52,123
07/14/2013,HLG,WV,AEA,CE,Federal Contract Tower,0,0,15,4,19,0,2,43,12,57,0,2,58,16,76,108,26,134,210
07/15/2013,HLG,WV,AEA,CE,Federal Contract Tower,0,0,1,2,3,0,0,46,13,59,0,0,47,15,62,10,22,32,94
07/16/2013,HLG,WV,AEA,CE,Federal Contract Tower,0,5,6,12,23,0,0,40,21,61,0,5,46,33,84,0,26,26,110
07/17/2013,HLG,WV,AEA,CE,Federal Contract Tower,0,6,4,6,16,0,0,39,15,54,0,6,43,21,70,26,40,66,136
07/18/2013,HLG,WV,AEA,CE,Federal Contract Tower,0,3,1,4,8,0,0,33,12,45,0,3,34,16,53,0,40,40,93
07/19/2013,HLG,WV,AEA,CE,Federal Contract Tower,0,3,6,2,11,0,0,31,4,35,0,3,37,6,46,28,30,58,104
07/20/2013,HLG,WV,AEA,CE,Federal Contract Tower,0,6,4,0,10,0,2,17,4,23,0,8,21,4,33,0,12,12,45
07/21/2013,HLG,WV,AEA,CE,Federal Contract Tower,0,0,3,2,5,0,0,19,12,31,0,0,22,14,36,64,36,100,136
07/22/2013,HLG,WV,AEA,CE,Federal Contract Tower,0,0,0,5,5,0,0,0,2,2,0,0,0,7,7,0,16,16,23
07/23/2013,HLG,WV,AEA,CE,Federal Contract Tower,0,3,0,2,5,0,0,20,1,21,0,3,20,3,26,36,0,36,62
07/24/2013,HLG,WV,AEA,CE,Federal Contract Tower,0,6,6,4,16,0,0,43,19,62,0,6,49,23,78,36,34,70,148
07/25/2013,HLG,WV,AEA,CE,Federal Contract Tower,0,7,5,4,16,0,3,43,11,57,0,10,48,15,73,24,16,40,113
07/26/2013,HLG,WV,AEA,CE,Federal Contract Tower,0,2,6,5,13,0,4,34,13,51,0,6,40,18,64,4,26,30,94
07/27/2013,HLG,WV,AEA,CE,Federal Contract Tower,0,0,3,4,7,0,4,16,4,24,0,4,19,8,31,30,0,30,61
07/28/2013,HLG,WV,AEA,CE,Federal Contract Tower,0,2,1,0,3,0,6,42,0,48,0,8,43,0,51,6,0,6,57
07/29/2013,HLG,WV,AEA,CE,Federal Contract Tower,0,1,8,0,9,0,0,19,2,21,0,1,27,2,30,0,30,30,60
07/30/2013,HLG,WV,AEA,CE,Federal Contract Tower,0,2,5,12,19,0,4,80,14,98,0,6,85,26,117,26,34,60,177
07/31/2013,HLG,WV,AEA,CE,Federal Contract Tower,0,2,5,2,9,0,0,36,25,61,0,2,41,27,70,28,28,56,126
08/01/2013,HLG,WV,AEA,CE,Federal Contract Tower,0,3,2,0,5,0,8,31,30,69,0,11,33,30,74,12,66,78,152
08/02/2013,HLG,WV,AEA,CE,Federal Contract Tower,0,2,2,6,10,0,0,34,16,50,0,2,36,22,60,0,52,52,112
08/03/2013,HLG,WV,AEA,CE,Federal Contract Tower,0,1,5,4,10,0,0,6,3,9,0,1,11,7,19,0,10,10,29
08/04/2013,HLG,WV,AEA,CE,Federal Contract Tower,0,3,3,0,6,0,0,13,15,28,0,3,16,15,34,12,12,24,58
08/05/2013,HLG,WV,AEA,CE,Federal Contract Tower,0,0,2,2,4,0,0,25,21,46,0,0,27,23,50,4,90,94,144
08/06/2013,HLG,WV,AEA,CE,Federal Contract Tower,0,5,4,0,9,0,0,0,0,0,0,5,4,0,9,30,64,94,103
08/07/2013,HLG,WV,AEA,CE,Federal Contract Tower,0,11,3,2,16,0,4,25,1,30,0,15,28,3,46,0,10,10,56
08/08/2013,HLG,WV,AEA,CE,Federal Contract Tower,0,6,1,0,7,0,3,21,5,29,0,9,22,5,36,0,34,34,70
08/09/2013,HLG,WV,AEA,CE,Federal Contract Tower,0,1,0,2,3,0,0,0,6,6,0,1,0,8,9,0,24,24,33
08/10/2013,HLG,WV,AEA,CE,Federal Contract Tower,0,0,2,4,6,0,0,47,4,51,0,0,49,8,57,54,12,66,123
08/11/2013,HLG,WV,AEA,CE,Federal Contract Tower,0,0,2,1,3,0,0,59,0,59,0,0,61,1,62,0,0,0,62
08/12/2013,HLG,WV,AEA,CE,Federal Contract Tower,0,5,8,0,13,0,0,21,4,25,0,5,29,4,38,0,16,16,54
08/13/2013,HLG,WV,AEA,CE,Federal Contract Tower,0,10,0,3,13,0,0,30,2,32,0,10,30,5,45,0,38,38,83
08/14/2013,HLG,WV,AEA,CE,Federal Contract Tower,0,8,2,4,14,0,0,16,9,25,0,8,18,13,39,0,86,86,125
08/15/2013,HLG,WV,AEA,CE,Federal Contract Tower,0,4,4,4,12,0,0,24,8,32,0,4,28,12,44,0,62,62,106
08/16/2013,HLG,WV,AEA,CE,Federal Contract Tower,0,1,10,0,11,0,0,30,8,38,0,1,40,8,49,0,30,30,79
08/17/2013,HLG,WV,AEA,CE,Federal Contract Tower,0,0,10,1,11,0,4,58,7,69,0,4,68,8,80,0,0,0,80
08/18/2013,HLG,WV,AEA,CE,Federal Contract Tower,0,4,2,0,6,0,0,3,0,3,0,4,5,0,9,0,0,0,9
08/19/2013,HLG,WV,AEA,CE,Federal Contract Tower,0,4,0,0,4,0,4,0,0,4,0,8,0,0,8,0,0,0,8
08/20/2013,HLG,WV,AEA,CE,Federal Contract Tower,0,6,1,1,8,0,4,51,13,68,0,10,52,14,76,0,0,0,76
08/21/2013,HLG,WV,AEA,CE,Federal Contract Tower,0,3,6,4,13,0,0,29,4,33,0,3,35,8,46,14,0,14,60
08/22/2013,HLG,WV,AEA,CE,Federal Contract Tower,0,6,1,0,7,0,0,12,14,26,0,6,13,14,33,0,70,70,103
08/23/2013,HLG,WV,AEA,CE,Federal Contract Tower,0,1,16,2,19,0,0,22,3,25,0,1,38,5,44,18,0,18,62
08/24/2013,HLG,WV,AEA,CE,Federal Contract Tower,0,1,6,2,9,0,0,57,13,70,0,1,63,15,79,4,16,20,99
08/25/2013,HLG,WV,AEA,CE,Federal Contract Tower,0,6,2,0,8,0,0,70,39,109,0,6,72,39,117,4,26,30,147
08/26/2013,HLG,WV,AEA,CE,Federal Contract Tower,0,0,2,0,2,0,10,37,6,53,0,10,39,6,55,0,54,54,109
08/27/2013,HLG,WV,AEA,CE,Federal Contract Tower,0,2,2,4,8,0,4,36,5,45,0,6,38,9,53,0,34,34,87
08/28/2013,HLG,WV,AEA,CE,Federal Contract Tower,0,7,0,2,9,0,0,8,10,18,0,7,8,12,27,0,22,22,49
08/29/2013,HLG,WV,AEA,CE,Federal Contract Tower,0,11,3,3,17,0,0,21,14,35,0,11,24,17,52,6,18,24,76
08/30/2013,HLG,WV,AEA,CE,Federal Contract Tower,0,3,2,4,9,0,4,72,14,90,0,7,74,18,99,0,28,28,127
08/31/2013,HLG,WV,AEA,CE,Federal Contract Tower,0,4,1,0,5,0,4,62,0,66,0,8,63,0,71,12,0,12,83
09/01/2013,HLG,WV,AEA,CE,Federal Contract Tower,0,0,1,0,1,0,0,37,0,37,0,0,38,0,38,0,0,0,38
09/02/2013,HLG,WV,AEA,CE,Federal Contract Tower,0,4,2,0,6,0,0,6,0,6,0,4,8,0,12,20,0,20,32
09/03/2013,HLG,WV,AEA,CE,Federal Contract Tower,0,3,4,6,13,0,4,0,0,4,0,7,4,6,17,0,0,0,17
09/04/2013,HLG,WV,AEA,CE,Federal Contract Tower,0,6,4,8,18,0,0,38,18,56,0,6,42,26,74,0,52,52,126
09/05/2013,HLG,WV,AEA,CE,Federal Contract Tower,0,4,9,4,17,0,12,37,20,69,0,16,46,24,86,0,92,92,178
09/06/2013,HLG,WV,AEA,CE,Federal Contract Tower,0,5,0,0,5,0,0,18,7,25,0,5,18,7,30,14,38,52,82
09/07/2013,HLG,WV,AEA,CE,Federal Contract Tower,0,1,2,0,3,0,0,8,2,10,0,1,10,2,13,4,18,22,35
09/08/2013,HLG,WV,AEA,CE,Federal Contract Tower,0,0,2,1,3,0,0,23,4,27,0,0,25,5,30,0,12,12,42
09/09/2013,HLG,WV,AEA,CE,Federal Contract Tower,0,1,0,0,1,0,0,16,6,22,0,1,16,6,23,0,26,26,49
09/10/2013,HLG,WV,AEA,CE,Federal Contract Tower,0,7,8,0,15,0,0,7,6,13,0,7,15,6,28,0,60,60,88
09/11/2013,HLG,WV,AEA,CE,Federal Contract Tower,0,4,0,0,4,0,4,7,6,17,0,8,7,6,21,0,40,40,61
09/12/2013,HLG,WV,AEA,CE,Federal Contract Tower,0,4,10,4,18,0,0,4,4,8,0,4,14,8,26,0,0,0,26
09/13/2013,HLG,WV,AEA,CE,Federal Contract Tower,0,6,1,0,7,0,0,22,0,22,0,6,23,0,29,4,0,4,33
09/14/2013,HLG,WV,AEA,CE,Federal Contract Tower,0,2,5,0,7,0,2,62,2,66,0,4,67,2,73,0,0,0,73
09/15/2013,HLG,WV,AEA,CE,Federal Contract Tower,0,5,2,0,7,0,0,65,0,65,0,5,67,0,72,0,0,0,72
09/16/2013,HLG,WV,AEA,CE,Federal Contract Tower,0,4,0,4,8,0,0,38,0,38,0,4,38,4,46,20,1,21,67
09/17/2013,HLG,WV,AEA,CE,Federal Contract Tower,0,3,0,12,15,0,0,41,8,49,0,3,41,20,64,0,20,20,84
09/18/2013,HLG,WV,AEA,CE,Federal Contract Tower,0,7,12,6,25,0,0,23,4,27,0,7,35,10,52,8,34,42,94
09/19/2013,HLG,WV,AEA,CE,Federal Contract Tower,0,6,6,12,24,0,0,7,2,9,0,6,13,14,33,8,0,8,41
09/20/2013,HLG,WV,AEA,CE,Federal Contract Tower,0,7,2,3,12,0,6,2,0,8,0,13,4,3,20,0,0,0,20
09/21/2013,HLG,WV,AEA,CE,Federal Contract Tower,0,2,4,0,6,0,0,0,0,0,0,2,4,0,6,0,0,0,6
09/22/2013,HLG,WV,AEA,CE,Federal Contract Tower,0,2,12,0,14,0,6,18,0,24,0,8,30,0,38,16,0,16,54
09/23/2013,HLG,WV,AEA,CE,Federal Contract Tower,0,2,2,0,4,0,0,4,0,4,0,2,6,0,8,0,0,0,8
09/24/2013,HLG,WV,AEA,CE,Federal Contract Tower,0,13,0,0,13,0,7,52,10,69,0,20,52,10,82,4,0,4,86
09/25/2013,HLG,WV,AEA,CE,Federal Contract Tower,0,0,10,2,12,0,0,17,4,21,0,0,27,6,33,8,40,48,81
09/26/2013,HLG,WV,AEA,CE,Federal Contract Tower,0,0,5,0,5,0,0,28,8,36,0,0,33,8,41,0,32,32,73
09/27/2013,HLG,WV,AEA,CE,Federal Contract Tower,0,4,5,0,9,0,13,22,23,58,0,17,27,23,67,0,34,34,101
09/28/2013,HLG,WV,AEA,CE,Federal Contract Tower,0,4,2,0,6,0,0,21,1,22,0,4,23,1,28,26,0,26,54
09/29/2013,HLG,WV,AEA,CE,Federal Contract Tower,0,0,6,0,6,0,6,48,1,55,0,6,54,1,61,0,3,3,64
09/30/2013,HLG,WV,AEA,CE,Federal Contract Tower,0,0,3,0,3,0,18,43,0,61,0,18,46,0,64,50,0,50,114
10/01/2013,HLG,WV,AEA,CE,Federal Contract Tower,0,5,2,0,7,0,0,20,0,20,0,5,22,0,27,0,0,0,27
10/02/2013,HLG,WV,AEA,CE,Federal Contract Tower,0,12,7,0,19,0,0,11,0,11,0,12,18,0,30,0,0,0,30
10/03/2013,HLG,WV,AEA,CE,Federal Contract Tower,0,1,5,0,6,0,0,37,0,37,0,1,42,0,43,0,0,0,43
10/04/2013,HLG,WV,AEA,CE,Federal Contract Tower,0,1,5,0,6,0,12,30,0,42,0,13,35,0,48,14,0,14,62
10/05/2013,HLG,WV,AEA,CE,Federal Contract Tower,0,0,2,0,2,0,2,20,0,22,0,2,22,0,24,18,0,18,42
10/06/2013,HLG,WV,AEA,CE,Federal Contract Tower,0,10,1,0,11,0,0,37,0,37,0,10,38,0,48,50,0,50,98
10/07/2013,HLG,WV,AEA,CE,Federal Contract Tower,0,3,0,0,3,0,4,10,0,14,0,7,10,0,17,0,0,0,17
10/08/2013,HLG,WV,AEA,CE,Federal Contract Tower,0,0,8,0,8,0,6,5,27,38,0,6,13,27,46,0,10,10,56
10/09/2013,HLG,WV,AEA,CE,Federal Contract Tower,0,4,0,0,4,0,8,32,0,40,0,12,32,0,44,14,0,14,58
10/10/2013,HLG,WV,AEA,CE,Federal Contract Tower,0,11,2,0,13,0,6,49,0,55,0,17,51,0,68,20,0,20,88
10/11/2013,HLG,WV,AEA,CE,Federal Contract Tower,0,1,0,0,1,0,0,25,0,25,0,1,25,0,26,8,0,8,34
10/12/2013,HLG,WV,AEA,CE,Federal Contract Tower,0,0,13,2,15,0,4,21,0,25,0,4,34,2,40,22,0,22,62
10/13/2013,HLG,WV,AEA,CE,Federal Contract Tower,0,3,4,0,7,0,6,33,0,39,0,9,37,0,46,0,0,0,46
10/14/2013,HLG,WV,AEA,CE,Federal Contract Tower,0,9,2,0,11,0,0,9,0,9,0,9,11,0,20,0,0,0,20
10/15/2013,HLG,WV,AEA,CE,Federal Contract Tower,0,1,3,0,4,0,0,2,0,2,0,1,5,0,6,0,0,0,6
10/16/2013,HLG,WV,AEA,CE,Federal Contract Tower,0,3,10,0,13,0,0,1,0,1,0,3,11,0,14,0,0,0,14
10/17/2013,HLG,WV,AEA,CE,Federal Contract Tower,0,5,15,0,20,0,2,14,0,16,0,7,29,0,36,0,0,0,36
10/18/2013,HLG,WV,AEA,CE,Federal Contract Tower,0,5,2,8,15,0,6,31,4,41,0,11,33,12,56,0,0,0,56
10/19/2013,HLG,WV,AEA,CE,Federal Contract Tower,0,1,12,0,13,0,6,8,0,14,0,7,20,0,27,28,0,28,55
10/20/2013,HLG,WV,AEA,CE,Federal Contract Tower,0,2,0,0,2,0,4,15,3,22,0,6,15,3,24,6,0,6,30
10/21/2013,HLG,WV,AEA,CE,Federal Contract Tower,0,3,0,0,3,0,8,7,4,19,0,11,7,4,22,0,106,106,128
10/22/2013,HLG,WV,AEA,CE,Federal Contract Tower,0,3,0,14,17,0,0,2,13,15,0,3,2,27,32,0,102,102,134
10/23/2013,HLG,WV,AEA,CE,Federal Contract Tower,0,0,0,0,0,0,0,0,8,8,0,0,0,8,8,0,50,50,58
10/24/2013,HLG,WV,AEA,CE,Federal Contract Tower,0,3,9,13,25,0,0,15,12,27,0,3,24,25,52,0,50,50,102
10/25/2013,HLG,WV,AEA,CE,Federal Contract Tower,0,2,6,0,8,0,0,18,14,32,0,2,24,14,40,0,10,10,50
10/26/2013,HLG,WV,AEA,CE,Federal Contract Tower,0,2,1,0,3,0,2,14,2,18,0,4,15,2,21,0,18,18,39
10/27/2013,HLG,WV,AEA,CE,Federal Contract Tower,0,1,2,1,4,0,14,35,0,49,0,15,37,1,53,0,0,0,53
10/28/2013,HLG,WV,AEA,CE,Federal Contract Tower,0,6,0,0,6,0,6,25,6,37,0,12,25,6,43,4,18,22,65
10/29/2013,HLG,WV,AEA,CE,Federal Contract Tower,0,9,4,8,21,0,8,18,24,50,0,17,22,32,71,32,90,122,193
10/30/2013,HLG,WV,AEA,CE,Federal Contract Tower,0,7,0,0,7,0,2,11,2,15,0,9,11,2,22,8,20,28,50
10/31/2013,HLG,WV,AEA,CE,Federal Contract Tower,0,1,0,1,2,0,2,0,8,10,0,3,0,9,12,0,32,32,44
11/01/2013,HLG,WV,AEA,CE,Federal Contract Tower,0,5,0,0,5,0,0,11,13,24,0,5,11,13,29,0,68,68,97
11/02/2013,HLG,WV,AEA,CE,Federal Contract Tower,0,0,0,4,4,0,0,10,17,27,0,0,10,21,31,0,14,14,45
11/03/2013,HLG,WV,AEA,CE,Federal Contract Tower,0,0,3,0,3,0,2,47,6,55,0,2,50,6,58,62,8,70,128
11/04/2013,HLG,WV,AEA,CE,Federal Contract Tower,0,1,2,7,10,0,0,14,6,20,0,1,16,13,30,0,32,32,62
11/05/2013,HLG,WV,AEA,CE,Federal Contract Tower,0,5,0,8,13,0,0,7,10,17,0,5,7,18,30,6,68,74,104
11/06/2013,HLG,WV,AEA,CE,Federal Contract Tower,0,5,0,4,9,0,0,15,7,22,0,5,15,11,31,8,10,18,49
11/07/2013,HLG,WV,AEA,CE,Federal Contract Tower,0,5,0,0,5,0,0,15,0,15,0,5,15,0,20,0,0,0,20
11/08/2013,HLG,WV,AEA,CE,Federal Contract Tower,0,6,0,4,10,0,0,4,2,6,0,6,4,6,16,0,32,32,48
11/09/2013,HLG,WV,AEA,CE,Federal Contract Tower,0,0,0,0,0,0,6,9,0,15,0,6,9,0,15,0,0,0,15
11/10/2013,HLG,WV,AEA,CE,Federal Contract Tower,0,2,0,0,2,0,0,4,0,4,0,2,4,0,6,2,0,2,8
11/11/2013,HLG,WV,AEA,CE,Federal Contract Tower,0,5,2,0,7,0,0,3,0,3,0,5,5,0,10,0,0,0,10
11/12/2013,HLG,WV,AEA,CE,Federal Contract Tower,0,3,0,4,7,0,0,0,4,4,0,3,0,8,11,0,52,52,63
11/13/2013,HLG,WV,AEA,CE,Federal Contract Tower,0,3,9,0,12,0,4,15,0,19,0,7,24,0,31,0,10,10,41
11/14/2013,HLG,WV,AEA,CE,Federal Contract Tower,0,2,0,0,2,0,0,24,5,29,0,2,24,5,31,0,14,14,45
11/15/2013,HLG,WV,AEA,CE,Federal Contract Tower,0,2,0,0,2,0,0,22,8,30,0,2,22,8,32,0,48,48,80
11/16/2013,HLG,WV,AEA,CE,Federal Contract Tower,0,0,2,2,4,0,4,22,6,32,0,4,24,8,36,38,0,38,74
11/17/2013,HLG,WV,AEA,CE,Federal Contract Tower,0,1,0,2,3,0,0,0,0,0,0,1,0,2,3,0,0,0,3
11/18/2013,HLG,WV,AEA,CE,Federal Contract Tower,0,3,1,0,4,0,0,8,0,8,0,3,9,0,12,0,0,0,12
11/19/2013,HLG,WV,AEA,CE,Federal Contract Tower,0,2,0,10,12,0,0,4,4,8,0,2,4,14,20,0,34,34,54
11/20/2013,HLG,WV,AEA,CE,Federal Contract Tower,0,6,6,1,13,0,1,22,14,37,0,7,28,15,50,0,72,72,122
11/21/2013,HLG,WV,AEA,CE,Federal Contract Tower,0,13,2,10,25,0,2,16,11,29,0,15,18,21,54,0,54,54,108
11/22/2013,HLG,WV,AEA,CE,Federal Contract Tower,0,7,5,0,12,0,0,0,2,2,0,7,5,2,14,0,20,20,34
11/23/2013,HLG,WV,AEA,CE,Federal Contract Tower,0,2,2,0,4,0,0,13,2,15,0,2,15,2,19,26,0,26,45
11/24/2013,HLG,WV,AEA,CE,Federal Contract Tower,0,1,0,0,1,0,0,4,1,5,0,1,4,1,6,0,14,14,20
11/25/2013,HLG,WV,AEA,CE,Federal Contract Tower,0,7,0,1,8,0,0,6,8,14,0,7,6,9,22,0,4,4,26
11/26/2013,HLG,WV,AEA,CE,Federal Contract Tower,0,1,0,0,1,0,0,0,0,0,0,1,0,0,1,0,0,0,1
11/27/2013,HLG,WV,AEA,CE,Federal Contract Tower,0,0,0,0,0,0,0,0,2,2,0,0,0,2,2,0,10,10,12
11/28/2013,HLG,WV,AEA,CE,Federal Contract Tower,0,2,2,0,4,0,0,0,0,0,0,2,2,0,4,0,0,0,4
11/29/2013,HLG,WV,AEA,CE,Federal Contract Tower,0,0,1,0,1,0,0,6,4,10,0,0,7,4,11,0,20,20,31
11/30/2013,HLG,WV,AEA,CE,Federal Contract Tower,0,3,1,0,4,0,4,12,0,16,0,7,13,0,20,0,0,0,20
12/01/2013,HLG,WV,AEA,CE,Federal Contract Tower,0,2,3,0,5,0,0,18,0,18,0,2,21,0,23,6,0,6,29
12/02/2013,HLG,WV,AEA,CE,Federal Contract Tower,0,3,0,0,3,0,0,5,0,5,0,3,5,0,8,0,0,0,8
12/03/2013,HLG,WV,AEA,CE,Federal Contract Tower,0,9,6,15,30,0,0,5,7,12,0,9,11,22,42,12,142,154,196
12/04/2013,HLG,WV,AEA,CE,Federal Contract Tower,0,6,4,2,12,0,5,23,4,32,0,11,27,6,44,36,18,54,98
12/05/2013,HLG,WV,AEA,CE,Federal Contract Tower,0,4,3,16,23,0,0,0,8,8,0,4,3,24,31,0,10,10,41
12/06/2013,HLG,WV,AEA,CE,Federal Contract Tower,0,2,2,0,4,0,0,0,0,0,0,2,2,0,4,0,0,0,4
12/07/2013,HLG,WV,AEA,CE,Federal Contract Tower,0,1,0,4,5,0,2,7,9,18,0,3,7,13,23,0,20,20,43
12/08/2013,HLG,WV,AEA,CE,Federal Contract Tower,0,0,0,0,0,0,0,0,0,0,0,0,0,0,0,0,0,0,0
12/09/2013,HLG,WV,AEA,CE,Federal Contract Tower,0,0,0,2,2,0,0,0,0,0,0,0,0,2,2,0,72,72,74
12/10/2013,HLG,WV,AEA,CE,Federal Contract Tower,0,5,0,0,5,0,0,2,0,2,0,5,2,0,7,0,0,0,7
12/11/2013,HLG,WV,AEA,CE,Federal Contract Tower,0,13,0,0,13,0,2,17,7,26,0,15,17,7,39,20,40,60,99
12/12/2013,HLG,WV,AEA,CE,Federal Contract Tower,0,2,3,0,5,0,0,13,7,20,0,2,16,7,25,0,56,56,81
12/13/2013,HLG,WV,AEA,CE,Federal Contract Tower,0,6,3,4,13,0,2,23,6,31,0,8,26,10,44,0,40,40,84
12/14/2013,HLG,WV,AEA,CE,Federal Contract Tower,0,1,0,0,1,0,0,0,0,0,0,1,0,0,1,0,0,0,1
12/15/2013,HLG,WV,AEA,CE,Federal Contract Tower,0,2,0,0,2,0,2,0,0,2,0,4,0,0,4,0,0,0,4
12/16/2013,HLG,WV,AEA,CE,Federal Contract Tower,0,2,0,7,9,0,0,0,1,1,0,2,0,8,10,0,0,0,10
12/17/2013,HLG,WV,AEA,CE,Federal Contract Tower,0,4,0,0,4,0,1,8,1,10,0,5,8,1,14,90,110,200,214
12/18/2013,HLG,WV,AEA,CE,Federal Contract Tower,0,11,2,6,19,0,1,15,8,24,0,12,17,14,43,0,30,30,73
12/19/2013,HLG,WV,AEA,CE,Federal Contract Tower,0,4,5,0,9,0,2,20,12,34,0,6,25,12,43,0,24,24,67
12/20/2013,HLG,WV,AEA,CE,Federal Contract Tower,0,5,1,0,6,0,0,6,6,12,0,5,7,6,18,0,56,56,74
12/21/2013,HLG,WV,AEA,CE,Federal Contract Tower,0,2,0,0,2,0,6,0,0,6,0,8,0,0,8,0,0,0,8
12/22/2013,HLG,WV,AEA,CE,Federal Contract Tower,0,4,0,0,4,0,0,0,0,0,0,4,0,0,4,0,0,0,4
12/23/2013,HLG,WV,AEA,CE,Federal Contract Tower,0,2,0,0,2,0,0,1,2,3,0,2,1,2,5,0,0,0,5
12/24/2013,HLG,WV,AEA,CE,Federal Contract Tower,0,0,0,0,0,0,0,2,0,2,0,0,2,0,2,0,0,0,2
12/25/2013,HLG,WV,AEA,CE,Federal Contract Tower,0,0,0,0,0,0,0,6,0,6,0,0,6,0,6,0,0,0,6
12/26/2013,HLG,WV,AEA,CE,Federal Contract Tower,0,2,0,0,2,0,0,2,0,2,0,2,2,0,4,0,0,0,4
12/27/2013,HLG,WV,AEA,CE,Federal Contract Tower,0,4,0,0,4,0,0,11,4,15,0,4,11,4,19,0,18,18,37
12/28/2013,HLG,WV,AEA,CE,Federal Contract Tower,0,2,7,0,9,0,4,44,2,50,0,6,51,2,59,36,8,44,103
12/29/2013,HLG,WV,AEA,CE,Federal Contract Tower,0,0,0,0,0,0,0,0,0,0,0,0,0,0,0,0,0,0,0
12/30/2013,HLG,WV,AEA,CE,Federal Contract Tower,0,2,0,2,4,0,0,0,0,0,0,2,0,2,4,0,20,20,24
12/31/2013,HLG,WV,AEA,CE,Federal Contract Tower,0,2,0,0,2,0,4,30,0,34,0,6,30,0,36,0,0,0,36
01/01/2014,HLG,WV,AEA,CE,Federal Contract Tower,0,2,0,0,2,0,0,42,0,42,0,2,42,0,44,12,0,12,56
01/02/2014,HLG,WV,AEA,CE,Federal Contract Tower,0,2,0,0,2,0,0,0,0,0,0,2,0,0,2,0,0,0,2
01/03/2014,HLG,WV,AEA,CE,Federal Contract Tower,0,5,0,0,5,0,0,0,0,0,0,5,0,0,5,0,0,0,5
01/04/2014,HLG,WV,AEA,CE,Federal Contract Tower,0,2,0,0,2,0,0,18,0,18,0,2,18,0,20,0,0,0,20
01/05/2014,HLG,WV,AEA,CE,Federal Contract Tower,0,2,0,0,2,0,2,38,2,42,0,4,38,2,44,20,0,20,64
01/06/2014,HLG,WV,AEA,CE,Federal Contract Tower,0,2,0,0,2,0,0,0,0,0,0,2,0,0,2,0,0,0,2
01/07/2014,HLG,WV,AEA,CE,Federal Contract Tower,0,3,0,0,3,0,0,0,0,0,0,3,0,0,3,0,0,0,3
01/08/2014,HLG,WV,AEA,CE,Federal Contract Tower,0,1,0,0,1,0,0,10,0,10,0,1,10,0,11,12,6,18,29
01/09/2014,HLG,WV,AEA,CE,Federal Contract Tower,0,8,0,18,26,0,6,12,3,21,0,14,12,21,47,12,88,100,147
01/10/2014,HLG,WV,AEA,CE,Federal Contract Tower,0,6,0,0,6,0,0,0,2,2,0,6,0,2,8,0,18,18,26
01/11/2014,HLG,WV,AEA,CE,Federal Contract Tower,0,0,0,0,0,0,0,0,0,0,0,0,0,0,0,0,0,0,0
01/12/2014,HLG,WV,AEA,CE,Federal Contract Tower,0,2,2,0,4,0,0,12,2,14,0,2,14,2,18,0,18,18,36
01/13/2014,HLG,WV,AEA,CE,Federal Contract Tower,0,5,1,2,8,0,0,3,0,3,0,5,4,2,11,0,24,24,35
01/14/2014,HLG,WV,AEA,CE,Federal Contract Tower,0,9,0,4,13,0,14,2,40,56,0,23,2,44,69,0,182,182,251
01/15/2014,HLG,WV,AEA,CE,Federal Contract Tower,0,5,5,6,16,0,0,15,0,15,0,5,20,6,31,18,0,18,49
01/16/2014,HLG,WV,AEA,CE,Federal Contract Tower,0,11,6,19,36,0,4,19,18,41,0,15,25,37,77,0,52,52,129
01/17/2014,HLG,WV,AEA,CE,Federal Contract Tower,0,2,4,0,6,0,0,8,8,16,0,2,12,8,22,0,36,36,58
01/18/2014,HLG,WV,AEA,CE,Federal Contract Tower,0,0,7,0,7,0,0,10,2,12,0,0,17,2,19,0,14,14,33
01/19/2014,HLG,WV,AEA,CE,Federal Contract Tower,0,0,0,1,1,0,0,0,0,0,0,0,0,1,1,0,0,0,1
01/20/2014,HLG,WV,AEA,CE,Federal Contract Tower,0,5,1,0,6,0,0,3,0,3,0,5,4,0,9,0,0,0,9
01/21/2014,HLG,WV,AEA,CE,Federal Contract Tower,0,2,2,0,4,0,0,1,0,1,0,2,3,0,5,0,0,0,5
01/22/2014,HLG,WV,AEA,CE,Federal Contract Tower,0,4,2,2,8,0,0,1,1,2,0,4,3,3,10,2,4,6,16
01/23/2014,HLG,WV,AEA,CE,Federal Contract Tower,0,1,3,5,9,0,0,1,2,3,0,1,4,7,12,0,58,58,70
01/24/2014,HLG,WV,AEA,CE,Federal Contract Tower,0,2,6,12,20,0,2,8,10,20,0,4,14,22,40,0,64,64,104
01/25/2014,HLG,WV,AEA,CE,Federal Contract Tower,0,0,0,0,0,0,0,0,0,0,0,0,0,0,0,0,0,0,0
01/26/2014,HLG,WV,AEA,CE,Federal Contract Tower,0,0,4,0,4,0,0,0,0,0,0,0,4,0,4,0,0,0,4
01/27/2014,HLG,WV,AEA,CE,Federal Contract Tower,0,6,0,0,6,0,0,0,2,2,0,6,0,2,8,0,8,8,16
01/28/2014,HLG,WV,AEA,CE,Federal Contract Tower,0,1,6,6,13,0,4,10,0,14,0,5,16,6,27,0,12,12,39
01/29/2014,HLG,WV,AEA,CE,Federal Contract Tower,0,2,4,0,6,0,0,6,6,12,0,2,10,6,18,8,10,18,36
01/30/2014,HLG,WV,AEA,CE,Federal Contract Tower,0,0,0,2,2,0,8,25,14,47,0,8,25,16,49,0,50,50,99
01/31/2014,HLG,WV,AEA,CE,Federal Contract Tower,0,5,0,6,11,0,0,4,16,20,0,5,4,22,31,0,74,74,105
02/01/2014,HLG,WV,AEA,CE,Federal Contract Tower,0,2,0,0,2,0,2,21,19,42,0,4,21,19,44,16,20,36,80
02/02/2014,HLG,WV,AEA,CE,Federal Contract Tower,0,0,0,0,0,0,0,0,0,0,0,0,0,0,0,0,0,0,0
02/03/2014,HLG,WV,AEA,CE,Federal Contract Tower,0,4,0,0,4,0,2,0,0,2,0,6,0,0,6,0,0,0,6
02/04/2014,HLG,WV,AEA,CE,Federal Contract Tower,0,2,0,0,2,0,10,1,5,16,0,12,1,5,18,20,0,20,38
02/05/2014,HLG,WV,AEA,CE,Federal Contract Tower,0,0,0,0,0,0,0,2,0,2,0,0,2,0,2,0,0,0,2
02/06/2014,HLG,WV,AEA,CE,Federal Contract Tower,0,3,1,0,4,0,0,10,6,16,0,3,11,6,20,0,58,58,78
02/07/2014,HLG,WV,AEA,CE,Federal Contract Tower,0,5,1,15,21,0,0,11,14,25,0,5,12,29,46,0,50,50,96
02/08/2014,HLG,WV,AEA,CE,Federal Contract Tower,0,0,0,0,0,0,0,2,11,13,0,0,2,11,13,4,82,86,99
02/09/2014,HLG,WV,AEA,CE,Federal Contract Tower,0,0,0,0,0,0,0,0,0,0,0,0,0,0,0,0,0,0,0
02/10/2014,HLG,WV,AEA,CE,Federal Contract Tower,0,0,4,4,8,0,0,1,3,4,0,0,5,7,12,0,18,18,30
02/11/2014,HLG,WV,AEA,CE,Federal Contract Tower,0,4,1,8,13,0,0,4,19,23,0,4,5,27,36,0,146,146,182
02/12/2014,HLG,WV,AEA,CE,Federal Contract Tower,0,8,0,11,19,0,0,5,13,18,0,8,5,24,37,0,58,58,95
02/13/2014,HLG,WV,AEA,CE,Federal Contract Tower,0,2,0,2,4,0,0,9,16,25,0,2,9,18,29,4,222,226,255
02/14/2014,HLG,WV,AEA,CE,Federal Contract Tower,0,2,0,7,9,0,0,2,7,9,0,2,2,14,18,0,60,60,78
02/15/2014,HLG,WV,AEA,CE,Federal Contract Tower,0,0,0,0,0,0,0,0,0,0,0,0,0,0,0,0,0,0,0
02/16/2014,HLG,WV,AEA,CE,Federal Contract Tower,0,3,0,0,3,0,0,0,0,0,0,3,0,0,3,0,0,0,3
02/17/2014,HLG,WV,AEA,CE,Federal Contract Tower,0,5,0,0,5,0,0,0,0,0,0,5,0,0,5,0,0,0,5
02/18/2014,HLG,WV,AEA,CE,Federal Contract Tower,0,14,0,12,26,0,0,2,17,19,0,14,2,29,45,0,170,170,215
02/19/2014,HLG,WV,AEA,CE,Federal Contract Tower,0,4,2,4,10,0,0,10,10,20,0,4,12,14,30,10,60,70,100
02/20/2014,HLG,WV,AEA,CE,Federal Contract Tower,0,3,6,0,9,0,4,5,12,21,0,7,11,12,30,0,144,144,174
02/21/2014,HLG,WV,AEA,CE,Federal Contract Tower,0,1,3,0,4,0,0,2,4,6,0,1,5,4,10,0,30,30,40
02/22/2014,HLG,WV,AEA,CE,Federal Contract Tower,0,0,2,0,2,0,0,40,2,42,0,0,42,2,44,18,0,18,62
02/23/2014,HLG,WV,AEA,CE,Federal Contract Tower,0,0,3,0,3,0,0,10,0,10,0,0,13,0,13,0,0,0,13
02/24/2014,HLG,WV,AEA,CE,Federal Contract Tower,0,1,0,0,1,0,0,8,14,22,0,1,8,14,23,0,30,30,53
02/25/2014,HLG,WV,AEA,CE,Federal Contract Tower,0,6,0,4,10,0,0,2,17,19,0,6,2,21,29,0,132,132,161
02/26/2014,HLG,WV,AEA,CE,Federal Contract Tower,0,4,2,0,6,0,0,11,8,19,0,4,13,8,25,0,60,60,85
02/27/2014,HLG,WV,AEA,CE,Federal Contract Tower,0,2,0,0,2,0,0,0,6,6,0,2,0,6,8,0,34,34,42
02/28/2014,HLG,WV,AEA,CE,Federal Contract Tower,0,9,0,0,9,0,2,24,23,49,0,11,24,23,58,0,162,162,220
03/01/2014,HLG,WV,AEA,CE,Federal Contract Tower,0,1,0,4,5,0,0,5,14,19,0,1,5,18,24,0,78,78,102
03/02/2014,HLG,WV,AEA,CE,Federal Contract Tower,0,0,0,0,0,0,0,0,0,0,0,0,0,0,0,0,0,0,0
03/03/2014,HLG,WV,AEA,CE,Federal Contract Tower,0,0,1,0,1,0,0,9,0,9,0,0,10,0,10,0,34,34,44
03/04/2014,HLG,WV,AEA,CE,Federal Contract Tower,0,6,0,8,14,0,0,19,23,42,0,6,19,31,56,0,20,20,76
03/05/2014,HLG,WV,AEA,CE,Federal Contract Tower,0,0,4,4,8,0,0,12,0,12,0,0,16,4,20,0,0,0,20
03/06/2014,HLG,WV,AEA,CE,Federal Contract Tower,0,4,1,15,20,0,0,7,17,24,0,4,8,32,44,6,74,80,124
03/07/2014,HLG,WV,AEA,CE,Federal Contract Tower,0,0,0,0,0,0,0,19,12,31,0,0,19,12,31,0,40,40,71
03/08/2014,HLG,WV,AEA,CE,Federal Contract Tower,0,0,0,0,0,0,0,52,4,56,0,0,52,4,56,30,0,30,86
03/09/2014,HLG,WV,AEA,CE,Federal Contract Tower,0,5,1,0,6,0,2,7,4,13,0,7,8,4,19,48,14,62,81
03/10/2014,HLG,WV,AEA,CE,Federal Contract Tower,0,5,0,1,6,0,4,13,7,24,0,9,13,8,30,0,14,14,44
03/11/2014,HLG,WV,AEA,CE,Federal Contract Tower,0,6,4,4,14,0,2,14,4,20,0,8,18,8,34,0,50,50,84
03/12/2014,HLG,WV,AEA,CE,Federal Contract Tower,0,1,0,0,1,0,0,0,0,0,0,1,0,0,1,0,0,0,1
03/13/2014,HLG,WV,AEA,CE,Federal Contract Tower,0,7,1,0,8,0,2,13,6,21,0,9,14,6,29,10,22,32,61
03/14/2014,HLG,WV,AEA,CE,Federal Contract Tower,0,0,5,0,5,0,0,12,22,34,0,0,17,22,39,0,72,72,111
03/15/2014,HLG,WV,AEA,CE,Federal Contract Tower,0,0,2,4,6,0,0,15,4,19,0,0,17,8,25,0,36,36,61
03/16/2014,HLG,WV,AEA,CE,Federal Contract Tower,0,2,2,6,10,0,2,13,5,20,0,4,15,11,30,0,36,36,66
03/17/2014,HLG,WV,AEA,CE,Federal Contract Tower,0,5,3,0,8,0,0,2,0,2,0,5,5,0,10,10,0,10,20
03/18/2014,HLG,WV,AEA,CE,Federal Contract Tower,0,6,0,4,10,0,8,6,10,24,0,14,6,14,34,0,40,40,74
03/19/2014,HLG,WV,AEA,CE,Federal Contract Tower,0,10,0,0,10,0,0,0,2,2,0,10,0,2,12,0,6,6,18
03/20/2014,HLG,WV,AEA,CE,Federal Contract Tower,0,5,0,4,9,0,0,4,0,4,0,5,4,4,13,0,0,0,13
03/21/2014,HLG,WV,AEA,CE,Federal Contract Tower,0,6,0,0,6,0,0,16,2,18,0,6,16,2,24,6,12,18,42
03/22/2014,HLG,WV,AEA,CE,Federal Contract Tower,0,0,0,2,2,0,0,18,0,18,0,0,18,2,20,26,0,26,46
03/23/2014,HLG,WV,AEA,CE,Federal Contract Tower,0,3,0,0,3,0,0,19,0,19,0,3,19,0,22,18,0,18,40
03/24/2014,HLG,WV,AEA,CE,Federal Contract Tower,0,1,0,0,1,0,0,7,6,13,0,1,7,6,14,6,22,28,42
03/25/2014,HLG,WV,AEA,CE,Federal Contract Tower,0,1,0,0,1,0,0,7,20,27,0,1,7,20,28,0,64,64,92
03/26/2014,HLG,WV,AEA,CE,Federal Contract Tower,0,0,3,0,3,0,0,12,4,16,0,0,15,4,19,0,0,0,19
03/27/2014,HLG,WV,AEA,CE,Federal Contract Tower,0,2,0,8,10,0,4,31,12,47,0,6,31,20,57,0,50,50,107
03/28/2014,HLG,WV,AEA,CE,Federal Contract Tower,0,4,3,4,11,0,0,8,11,19,0,4,11,15,30,0,26,26,56
03/29/2014,HLG,WV,AEA,CE,Federal Contract Tower,0,0,2,0,2,0,0,13,4,17,0,0,15,4,19,0,30,30,49
03/30/2014,HLG,WV,AEA,CE,Federal Contract Tower,0,0,6,0,6,0,0,2,0,2,0,0,8,0,8,0,0,0,8
03/31/2014,HLG,WV,AEA,CE,Federal Contract Tower,0,1,2,0,3,0,0,31,0,31,0,1,33,0,34,22,22,44,78
04/01/2014,HLG,WV,AEA,CE,Federal Contract Tower,0,0,0,14,14,0,0,4,12,16,0,0,4,26,30,0,74,74,104
04/02/2014,HLG,WV,AEA,CE,Federal Contract Tower,0,9,11,1,21,0,0,18,1,19,0,9,29,2,40,0,6,6,46
04/03/2014,HLG,WV,AEA,CE,Federal Contract Tower,0,3,0,1,4,0,0,0,10,10,0,3,0,11,14,0,48,48,62
04/04/2014,HLG,WV,AEA,CE,Federal Contract Tower,0,5,0,0,5,0,0,0,8,8,0,5,0,8,13,0,78,78,91
04/05/2014,HLG,WV,AEA,CE,Federal Contract Tower,0,1,1,0,2,0,4,10,2,16,0,5,11,2,18,0,22,22,40
04/06/2014,HLG,WV,AEA,CE,Federal Contract Tower,0,2,4,6,12,0,0,21,5,26,0,2,25,11,38,0,36,36,74
04/07/2014,HLG,WV,AEA,CE,Federal Contract Tower,0,0,0,6,6,0,0,2,0,2,0,0,2,6,8,0,0,0,8
04/08/2014,HLG,WV,AEA,CE,Federal Contract Tower,0,2,0,12,14,0,8,15,12,35,0,10,15,24,49,0,30,30,79
04/09/2014,HLG,WV,AEA,CE,Federal Contract Tower,0,3,1,2,6,0,0,27,0,27,0,3,28,2,33,12,0,12,45
04/10/2014,HLG,WV,AEA,CE,Federal Contract Tower,0,6,7,8,21,0,0,20,10,30,0,6,27,18,51,8,18,26,77
04/11/2014,HLG,WV,AEA,CE,Federal Contract Tower,0,4,7,1,12,0,4,13,3,20,0,8,20,4,32,0,8,8,40
04/12/2014,HLG,WV,AEA,CE,Federal Contract Tower,0,0,3,2,5,0,4,16,5,25,0,4,19,7,30,10,30,40,70
04/13/2014,HLG,WV,AEA,CE,Federal Contract Tower,0,0,4,0,4,0,0,15,4,19,0,0,19,4,23,0,18,18,41
04/14/2014,HLG,WV,AEA,CE,Federal Contract Tower,0,2,0,7,9,0,0,1,2,3,0,2,1,9,12,0,8,8,20
04/15/2014,HLG,WV,AEA,CE,Federal Contract Tower,0,2,0,0,2,0,0,0,2,2,0,2,0,2,4,0,2,2,6
04/16/2014,HLG,WV,AEA,CE,Federal Contract Tower,0,2,0,0,2,0,4,25,25,54,0,6,25,25,56,0,52,52,108
04/17/2014,HLG,WV,AEA,CE,Federal Contract Tower,0,2,3,10,15,0,0,33,14,47,0,2,36,24,62,0,28,28,90
04/18/2014,HLG,WV,AEA,CE,Federal Contract Tower,0,0,5,0,5,0,4,33,2,39,0,4,38,2,44,0,16,16,60
04/19/2014,HLG,WV,AEA,CE,Federal Contract Tower,0,2,5,0,7,0,2,29,0,31,0,4,34,0,38,0,0,0,38
04/20/2014,HLG,WV,AEA,CE,Federal Contract Tower,0,0,0,0,0,0,0,15,0,15,0,0,15,0,15,14,0,14,29
04/21/2014,HLG,WV,AEA,CE,Federal Contract Tower,0,4,4,0,8,0,0,39,7,46,0,4,43,7,54,8,18,26,80
04/22/2014,HLG,WV,AEA,CE,Federal Contract Tower,0,4,2,4,10,0,0,2,7,9,0,4,4,11,19,2,6,8,27
04/23/2014,HLG,WV,AEA,CE,Federal Contract Tower,0,7,2,0,9,0,0,22,5,27,0,7,24,5,36,0,30,30,66
04/24/2014,HLG,WV,AEA,CE,Federal Contract Tower,0,5,10,2,17,0,6,27,5,38,0,11,37,7,55,6,42,48,103
04/25/2014,HLG,WV,AEA,CE,Federal Contract Tower,0,5,1,6,12,0,0,12,10,22,0,5,13,16,34,0,18,18,52
04/26/2014,HLG,WV,AEA,CE,Federal Contract Tower,0,5,4,0,9,0,0,19,0,19,0,5,23,0,28,8,0,8,36
04/27/2014,HLG,WV,AEA,CE,Federal Contract Tower,0,0,1,1,2,0,4,28,3,35,0,4,29,4,37,16,0,16,53
04/28/2014,HLG,WV,AEA,CE,Federal Contract Tower,0,0,2,0,2,0,0,4,2,6,0,0,6,2,8,0,6,6,14
04/29/2014,HLG,WV,AEA,CE,Federal Contract Tower,0,2,0,11,13,0,0,0,4,4,0,2,0,15,17,0,28,28,45
04/30/2014,HLG,WV,AEA,CE,Federal Contract Tower,0,4,0,6,10,0,0,0,0,0,0,4,0,6,10,0,0,0,10
05/01/2014,HLG,WV,AEA,CE,Federal Contract Tower,0,6,6,2,14,0,0,23,2,25,0,6,29,4,39,0,26,26,65
05/02/2014,HLG,WV,AEA,CE,Federal Contract Tower,0,3,2,2,7,0,4,22,13,39,0,7,24,15,46,0,92,92,138
05/03/2014,HLG,WV,AEA,CE,Federal Contract Tower,0,0,5,4,9,0,8,14,27,49,0,8,19,31,58,0,60,60,118
05/04/2014,HLG,WV,AEA,CE,Federal Contract Tower,0,4,7,0,11,0,0,12,5,17,0,4,19,5,28,4,18,22,50
05/05/2014,HLG,WV,AEA,CE,Federal Contract Tower,0,5,4,2,11,0,0,33,17,50,0,5,37,19,61,0,36,36,97
05/06/2014,HLG,WV,AEA,CE,Federal Contract Tower,0,2,2,0,4,0,0,20,25,45,0,2,22,25,49,0,56,56,105
05/07/2014,HLG,WV,AEA,CE,Federal Contract Tower,0,7,0,0,7,0,4,22,20,46,0,11,22,20,53,0,154,154,207
05/08/2014,HLG,WV,AEA,CE,Federal Contract Tower,0,4,8,1,13,0,0,23,20,43,0,4,31,21,56,0,98,98,154
05/09/2014,HLG,WV,AEA,CE,Federal Contract Tower,0,12,0,4,16,0,4,23,22,49,0,16,23,26,65,0,74,74,139
05/10/2014,HLG,WV,AEA,CE,Federal Contract Tower,0,2,0,0,2,0,0,0,0,0,0,2,0,0,2,0,0,0,2
05/11/2014,HLG,WV,AEA,CE,Federal Contract Tower,0,1,0,0,1,0,0,4,9,13,0,1,4,9,14,0,0,0,14
05/12/2014,HLG,WV,AEA,CE,Federal Contract Tower,0,4,2,0,6,0,0,9,2,11,0,4,11,2,17,0,10,10,27
05/13/2014,HLG,WV,AEA,CE,Federal Contract Tower,0,3,3,0,6,0,0,20,10,30,0,3,23,10,36,0,12,12,48
05/14/2014,HLG,WV,AEA,CE,Federal Contract Tower,0,11,1,1,13,0,0,21,2,23,0,11,22,3,36,0,30,30,66
05/15/2014,HLG,WV,AEA,CE,Federal Contract Tower,0,4,2,2,8,0,12,0,0,12,0,16,2,2,20,0,0,0,20
05/16/2014,HLG,WV,AEA,CE,Federal Contract Tower,0,2,1,0,3,0,8,25,7,40,0,10,26,7,43,0,30,30,73
05/17/2014,HLG,WV,AEA,CE,Federal Contract Tower,0,2,0,0,2,0,0,16,7,23,0,2,16,7,25,0,72,72,97
05/18/2014,HLG,WV,AEA,CE,Federal Contract Tower,0,3,1,0,4,0,0,26,8,34,0,3,27,8,38,0,12,12,50
05/19/2014,HLG,WV,AEA,CE,Federal Contract Tower,0,10,0,0,10,0,0,25,5,30,0,10,25,5,40,0,58,58,98
05/20/2014,HLG,WV,AEA,CE,Federal Contract Tower,0,5,0,1,6,0,0,33,11,44,0,5,33,12,50,14,28,42,92
05/21/2014,HLG,WV,AEA,CE,Federal Contract Tower,0,10,0,0,10,0,0,23,7,30,0,10,23,7,40,0,42,42,82
05/22/2014,HLG,WV,AEA,CE,Federal Contract Tower,0,2,2,0,4,0,2,25,16,43,0,4,27,16,47,6,44,50,97
05/23/2014,HLG,WV,AEA,CE,Federal Contract Tower,0,10,5,7,22,0,2,34,7,43,0,12,39,14,65,4,28,32,97
05/24/2014,HLG,WV,AEA,CE,Federal Contract Tower,0,0,6,0,6,0,4,31,2,37,0,4,37,2,43,10,0,10,53
05/25/2014,HLG,WV,AEA,CE,Federal Contract Tower,0,0,0,0,0,0,0,26,6,32,0,0,26,6,32,6,0,6,38
05/26/2014,HLG,WV,AEA,CE,Federal Contract Tower,0,1,3,0,4,0,4,42,0,46,0,5,45,0,50,34,0,34,84
05/27/2014,HLG,WV,AEA,CE,Federal Contract Tower,0,4,2,0,6,0,5,12,18,35,0,9,14,18,41,6,48,54,95
05/28/2014,HLG,WV,AEA,CE,Federal Contract Tower,0,1,3,1,5,0,0,14,2,16,0,1,17,3,21,0,20,20,41
05/29/2014,HLG,WV,AEA,CE,Federal Contract Tower,0,9,3,0,12,0,1,19,16,36,0,10,22,16,48,0,48,48,96
05/30/2014,HLG,WV,AEA,CE,Federal Contract Tower,0,5,9,11,25,0,2,32,7,41,0,7,41,18,66,12,62,74,140
05/31/2014,HLG,WV,AEA,CE,Federal Contract Tower,0,3,1,0,4,0,4,28,10,42,0,7,29,10,46,28,8,36,82
06/01/2014,HLG,WV,AEA,CE,Federal Contract Tower,0,5,2,0,7,0,0,41,1,42,0,5,43,1,49,48,12,60,109
06/02/2014,HLG,WV,AEA,CE,Federal Contract Tower,0,8,0,0,8,0,0,20,5,25,0,8,20,5,33,4,22,26,59
06/03/2014,HLG,WV,AEA,CE,Federal Contract Tower,0,12,2,5,19,0,2,21,3,26,0,14,23,8,45,0,24,24,69
06/04/2014,HLG,WV,AEA,CE,Federal Contract Tower,0,2,0,1,3,0,0,14,9,23,0,2,14,10,26,0,47,47,73
06/05/2014,HLG,WV,AEA,CE,Federal Contract Tower,0,10,15,5,30,0,4,33,11,48,0,14,48,16,78,0,58,58,136
06/06/2014,HLG,WV,AEA,CE,Federal Contract Tower,0,2,0,1,3,0,4,40,14,58,0,6,40,15,61,4,18,22,83
06/07/2014,HLG,WV,AEA,CE,Federal Contract Tower,0,0,0,0,0,0,2,28,12,42,0,2,28,12,42,16,50,66,108
06/08/2014,HLG,WV,AEA,CE,Federal Contract Tower,0,3,6,0,9,0,0,14,9,23,0,3,20,9,32,20,36,56,88
06/09/2014,HLG,WV,AEA,CE,Federal Contract Tower,0,5,0,8,13,0,0,4,14,18,0,5,4,22,31,0,62,62,93
06/10/2014,HLG,WV,AEA,CE,Federal Contract Tower,0,1,1,6,8,0,0,19,10,29,0,1,20,16,37,0,0,0,37
06/11/2014,HLG,WV,AEA,CE,Federal Contract Tower,0,1,1,0,2,0,0,24,3,27,0,1,25,3,29,0,58,58,87
06/12/2014,HLG,WV,AEA,CE,Federal Contract Tower,0,2,5,7,14,0,0,16,6,22,0,2,21,13,36,0,86,86,122
06/13/2014,HLG,WV,AEA,CE,Federal Contract Tower,0,3,0,5,8,0,4,23,7,34,0,7,23,12,42,14,32,46,88
06/14/2014,HLG,WV,AEA,CE,Federal Contract Tower,0,1,1,1,3,0,14,35,1,50,0,15,36,2,53,62,0,62,115
06/15/2014,HLG,WV,AEA,CE,Federal Contract Tower,0,2,2,0,4,0,0,29,0,29,0,2,31,0,33,42,0,42,75
06/16/2014,HLG,WV,AEA,CE,Federal Contract Tower,0,9,3,0,12,0,0,23,5,28,0,9,26,5,40,44,0,44,84
06/17/2014,HLG,WV,AEA,CE,Federal Contract Tower,0,7,2,0,9,0,0,7,3,10,0,7,9,3,19,6,42,48,67
06/18/2014,HLG,WV,AEA,CE,Federal Contract Tower,0,4,2,0,6,0,5,50,9,64,0,9,52,9,70,14,12,26,96
06/19/2014,HLG,WV,AEA,CE,Federal Contract Tower,0,6,0,0,6,0,0,15,7,22,0,6,15,7,28,0,88,88,116
06/20/2014,HLG,WV,AEA,CE,Federal Contract Tower,0,7,2,0,9,0,2,26,4,32,0,9,28,4,41,46,18,64,105
06/21/2014,HLG,WV,AEA,CE,Federal Contract Tower,0,2,5,0,7,0,0,18,0,18,0,2,23,0,25,38,0,38,63
06/22/2014,HLG,WV,AEA,CE,Federal Contract Tower,0,0,1,0,1,0,0,29,1,30,0,0,30,1,31,52,0,52,83
06/23/2014,HLG,WV,AEA,CE,Federal Contract Tower,0,4,2,2,8,0,1,11,0,12,0,5,13,2,20,44,10,54,74
06/24/2014,HLG,WV,AEA,CE,Federal Contract Tower,0,2,0,1,3,0,6,19,4,29,0,8,19,5,32,40,26,66,98
06/25/2014,HLG,WV,AEA,CE,Federal Contract Tower,0,3,5,0,8,0,0,2,0,2,0,3,7,0,10,0,0,0,10
06/26/2014,HLG,WV,AEA,CE,Federal Contract Tower,0,4,10,7,21,0,4,37,5,46,0,8,47,12,67,0,10,10,77
06/27/2014,HLG,WV,AEA,CE,Federal Contract Tower,0,7,7,0,14,0,0,35,0,35,0,7,42,0,49,0,0,0,49
06/28/2014,HLG,WV,AEA,CE,Federal Contract Tower,0,0,0,0,0,0,0,17,6,23,0,0,17,6,23,16,54,70,93
06/29/2014,HLG,WV,AEA,CE,Federal Contract Tower,0,4,2,0,6,0,0,17,7,24,0,4,19,7,30,10,78,88,118
06/30/2014,HLG,WV,AEA,CE,Federal Contract Tower,0,7,1,0,8,0,0,12,0,12,0,7,13,0,20,24,0,24,44
07/01/2014,HLG,WV,AEA,CE,Federal Contract Tower,0,2,4,0,6,0,0,13,2,15,0,2,17,2,21,30,42,72,93
07/02/2014,HLG,WV,AEA,CE,Federal Contract Tower,0,6,4,0,10,0,3,38,5,46,0,9,42,5,56,10,26,36,92
07/03/2014,HLG,WV,AEA,CE,Federal Contract Tower,0,3,2,0,5,0,2,30,2,34,0,5,32,2,39,14,18,32,71
07/04/2014,HLG,WV,AEA,CE,Federal Contract Tower,0,1,0,0,1,0,2,37,0,39,0,3,37,0,40,6,0,6,46
07/05/2014,HLG,WV,AEA,CE,Federal Contract Tower,0,0,0,0,0,0,0,32,0,32,0,0,32,0,32,78,0,78,110
07/06/2014,HLG,WV,AEA,CE,Federal Contract Tower,0,1,2,0,3,0,0,30,0,30,0,1,32,0,33,56,0,56,89
07/07/2014,HLG,WV,AEA,CE,Federal Contract Tower,0,10,3,2,15,0,2,35,8,45,0,12,38,10,60,48,0,48,108
07/08/2014,HLG,WV,AEA,CE,Federal Contract Tower,0,4,3,3,10,0,2,15,5,22,0,6,18,8,32,20,28,48,80
07/09/2014,HLG,WV,AEA,CE,Federal Contract Tower,0,3,1,0,4,0,4,37,4,45,0,7,38,4,49,0,28,28,77
07/10/2014,HLG,WV,AEA,CE,Federal Contract Tower,0,8,0,0,8,0,4,36,13,53,0,12,36,13,61,0,36,36,97
07/11/2014,HLG,WV,AEA,CE,Federal Contract Tower,0,11,0,8,19,0,4,33,11,48,0,15,33,19,67,0,30,30,97
07/12/2014,HLG,WV,AEA,CE,Federal Contract Tower,0,0,2,2,4,0,0,18,32,50,0,0,20,34,54,30,62,92,146
07/13/2014,HLG,WV,AEA,CE,Federal Contract Tower,0,2,2,0,4,0,0,18,12,30,0,2,20,12,34,22,52,74,108
07/14/2014,HLG,WV,AEA,CE,Federal Contract Tower,0,7,2,0,9,0,0,16,1,17,0,7,18,1,26,18,60,78,104
07/15/2014,HLG,WV,AEA,CE,Federal Contract Tower,0,3,0,0,3,0,0,11,5,16,0,3,11,5,19,18,78,96,115
07/16/2014,HLG,WV,AEA,CE,Federal Contract Tower,0,4,4,2,10,0,4,33,7,44,0,8,37,9,54,4,46,50,104
07/17/2014,HLG,WV,AEA,CE,Federal Contract Tower,0,3,1,0,4,0,4,41,2,47,0,7,42,2,51,10,0,10,61
07/18/2014,HLG,WV,AEA,CE,Federal Contract Tower,0,5,1,0,6,0,0,34,4,38,0,5,35,4,44,0,14,14,58
07/19/2014,HLG,WV,AEA,CE,Federal Contract Tower,0,1,0,0,1,0,4,7,4,15,0,5,7,4,16,0,50,50,66
07/20/2014,HLG,WV,AEA,CE,Federal Contract Tower,0,0,0,0,0,0,2,30,0,32,0,2,30,0,32,8,52,60,92
07/21/2014,HLG,WV,AEA,CE,Federal Contract Tower,0,2,1,3,6,0,0,6,1,7,0,2,7,4,13,0,0,0,13
07/22/2014,HLG,WV,AEA,CE,Federal Contract Tower,0,6,3,4,13,0,0,29,14,43,0,6,32,18,56,0,48,48,104
07/23/2014,HLG,WV,AEA,CE,Federal Contract Tower,0,5,1,2,8,0,0,34,3,37,0,5,35,5,45,8,34,42,87
07/24/2014,HLG,WV,AEA,CE,Federal Contract Tower,0,4,4,6,14,0,2,23,15,40,0,6,27,21,54,14,112,126,180
07/25/2014,HLG,WV,AEA,CE,Federal Contract Tower,0,2,3,2,7,0,0,23,8,31,0,2,26,10,38,24,44,68,106
07/26/2014,HLG,WV,AEA,CE,Federal Contract Tower,0,0,2,0,2,0,0,24,4,28,0,0,26,4,30,10,52,62,92
07/27/2014,HLG,WV,AEA,CE,Federal Contract Tower,0,3,1,5,9,0,6,12,9,27,0,9,13,14,36,12,22,34,70
07/28/2014,HLG,WV,AEA,CE,Federal Contract Tower,0,4,1,4,9,0,1,6,2,9,0,5,7,6,18,2,34,36,54
07/29/2014,HLG,WV,AEA,CE,Federal Contract Tower,0,3,3,11,17,0,0,15,7,22,0,3,18,18,39,24,46,70,109
07/30/2014,HLG,WV,AEA,CE,Federal Contract Tower,0,10,3,4,17,0,2,23,18,43,0,12,26,22,60,0,42,42,102
07/31/2014,HLG,WV,AEA,CE,Federal Contract Tower,0,4,10,8,22,0,0,27,7,34,0,4,37,15,56,0,34,34,90
08/01/2014,HLG,WV,AEA,CE,Federal Contract Tower,0,6,8,2,16,0,4,31,14,49,0,10,39,16,65,0,66,66,131
08/02/2014,HLG,WV,AEA,CE,Federal Contract Tower,0,0,0,1,1,0,1,14,6,21,0,1,14,7,22,12,14,26,48
08/03/2014,HLG,WV,AEA,CE,Federal Contract Tower,0,7,1,0,8,0,2,12,1,15,0,9,13,1,23,0,54,54,77
08/04/2014,HLG,WV,AEA,CE,Federal Contract Tower,0,1,1,0,2,0,1,13,4,18,0,2,14,4,20,22,40,62,82
08/05/2014,HLG,WV,AEA,CE,Federal Contract Tower,0,1,2,3,6,0,0,17,7,24,0,1,19,10,30,6,34,40,70
08/06/2014,HLG,WV,AEA,CE,Federal Contract Tower,0,5,0,5,10,0,0,30,2,32,0,5,30,7,42,4,0,4,46
08/07/2014,HLG,WV,AEA,CE,Federal Contract Tower,0,3,1,0,4,0,4,25,4,33,0,7,26,4,37,0,6,6,43
08/08/2014,HLG,WV,AEA,CE,Federal Contract Tower,0,2,1,0,3,0,2,35,0,37,0,4,36,0,40,14,0,14,54
08/09/2014,HLG,WV,AEA,CE,Federal Contract Tower,0,3,3,0,6,0,4,16,5,25,0,7,19,5,31,14,12,26,57
08/10/2014,HLG,WV,AEA,CE,Federal Contract Tower,0,0,1,0,1,0,0,19,1,20,0,0,20,1,21,30,0,30,51
08/11/2014,HLG,WV,AEA,CE,Federal Contract Tower,0,9,2,0,11,0,0,2,0,2,0,9,4,0,13,28,0,28,41
08/12/2014,HLG,WV,AEA,CE,Federal Contract Tower,0,7,0,0,7,0,0,6,0,6,0,7,6,0,13,42,0,42,55
08/13/2014,HLG,WV,AEA,CE,Federal Contract Tower,0,1,3,4,8,0,0,29,9,38,0,1,32,13,46,0,34,34,80
08/14/2014,HLG,WV,AEA,CE,Federal Contract Tower,0,5,7,0,12,0,6,42,12,60,0,11,49,12,72,0,8,8,80
08/15/2014,HLG,WV,AEA,CE,Federal Contract Tower,0,2,3,3,8,0,2,32,0,34,0,4,35,3,42,18,0,18,60
08/16/2014,HLG,WV,AEA,CE,Federal Contract Tower,0,0,8,0,8,0,17,2,0,19,0,17,10,0,27,18,22,40,67
08/17/2014,HLG,WV,AEA,CE,Federal Contract Tower,0,1,0,4,5,0,0,8,0,8,0,1,8,4,13,16,0,16,29
08/18/2014,HLG,WV,AEA,CE,Federal Contract Tower,0,12,0,0,12,0,0,12,0,12,0,12,12,0,24,10,50,60,84
08/19/2014,HLG,WV,AEA,CE,Federal Contract Tower,0,8,0,4,12,0,2,30,1,33,0,10,30,5,45,2,42,44,89
08/20/2014,HLG,WV,AEA,CE,Federal Contract Tower,0,4,0,1,5,0,0,37,6,43,0,4,37,7,48,0,24,24,72
08/21/2014,HLG,WV,AEA,CE,Federal Contract Tower,0,6,1,0,7,0,0,24,2,26,0,6,25,2,33,14,4,18,51
08/22/2014,HLG,WV,AEA,CE,Federal Contract Tower,0,5,0,1,6,0,0,12,2,14,0,5,12,3,20,0,0,0,20
08/23/2014,HLG,WV,AEA,CE,Federal Contract Tower,0,1,0,1,2,0,0,30,0,30,0,1,30,1,32,22,0,22,54
08/24/2014,HLG,WV,AEA,CE,Federal Contract Tower,0,0,1,0,1,0,4,35,4,43,0,4,36,4,44,24,0,24,68
08/25/2014,HLG,WV,AEA,CE,Federal Contract Tower,0,2,4,0,6,0,0,51,2,53,0,2,55,2,59,0,44,44,103
08/26/2014,HLG,WV,AEA,CE,Federal Contract Tower,0,6,7,0,13,0,0,39,8,47,0,6,46,8,60,10,26,36,96
08/27/2014,HLG,WV,AEA,CE,Federal Contract Tower,0,10,6,4,20,0,4,36,6,46,0,14,42,10,66,0,46,46,112
08/28/2014,HLG,WV,AEA,CE,Federal Contract Tower,0,2,6,4,12,0,0,44,7,51,0,2,50,11,63,10,24,34,97
08/29/2014,HLG,WV,AEA,CE,Federal Contract Tower,0,3,1,0,4,0,0,47,6,53,0,3,48,6,57,18,0,18,75
08/30/2014,HLG,WV,AEA,CE,Federal Contract Tower,0,2,0,0,2,0,8,21,0,29,0,10,21,0,31,22,0,22,53
08/31/2014,HLG,WV,AEA,CE,Federal Contract Tower,0,1,0,0,1,0,0,14,0,14,0,1,14,0,15,14,0,14,29
09/01/2014,HLG,WV,AEA,CE,Federal Contract Tower,0,2,2,0,4,0,2,2,0,4,0,4,4,0,8,0,0,0,8
09/02/2014,HLG,WV,AEA,CE,Federal Contract Tower,0,2,0,0,2,0,0,16,2,18,0,2,16,2,20,12,0,12,32
09/03/2014,HLG,WV,AEA,CE,Federal Contract Tower,0,5,0,0,5,0,2,28,0,30,0,7,28,0,35,14,0,14,49
09/04/2014,HLG,WV,AEA,CE,Federal Contract Tower,0,6,2,4,12,0,4,25,12,41,0,10,27,16,53,0,52,52,105
09/05/2014,HLG,WV,AEA,CE,Federal Contract Tower,0,6,1,1,8,0,0,10,4,14,0,6,11,5,22,4,30,34,56
09/06/2014,HLG,WV,AEA,CE,Federal Contract Tower,0,0,2,0,2,0,0,18,5,23,0,0,20,5,25,0,40,40,65
09/07/2014,HLG,WV,AEA,CE,Federal Contract Tower,0,2,2,0,4,0,0,47,7,54,0,2,49,7,58,0,0,0,58
09/08/2014,HLG,WV,AEA,CE,Federal Contract Tower,0,0,0,0,0,0,0,52,1,53,0,0,52,1,53,26,50,76,129
09/09/2014,HLG,WV,AEA,CE,Federal Contract Tower,0,10,2,1,13,0,1,33,6,40,0,11,35,7,53,4,66,70,123
09/10/2014,HLG,WV,AEA,CE,Federal Contract Tower,0,8,3,4,15,0,2,30,9,41,0,10,33,13,56,0,44,44,100
09/11/2014,HLG,WV,AEA,CE,Federal Contract Tower,0,3,0,1,4,0,0,10,4,14,0,3,10,5,18,0,72,72,90
09/12/2014,HLG,WV,AEA,CE,Federal Contract Tower,0,6,2,2,10,0,0,27,12,39,0,6,29,14,49,0,24,24,73
09/13/2014,HLG,WV,AEA,CE,Federal Contract Tower,0,7,0,5,12,0,0,7,1,8,0,7,7,6,20,0,0,0,20
09/14/2014,HLG,WV,AEA,CE,Federal Contract Tower,0,1,2,3,6,0,4,22,0,26,0,5,24,3,32,12,0,12,44
09/15/2014,HLG,WV,AEA,CE,Federal Contract Tower,0,7,1,0,8,0,2,25,20,47,0,9,26,20,55,6,60,66,121
09/16/2014,HLG,WV,AEA,CE,Federal Contract Tower,0,4,3,0,7,0,0,6,9,15,0,4,9,9,22,0,110,110,132
09/17/2014,HLG,WV,AEA,CE,Federal Contract Tower,0,2,3,5,10,0,0,29,29,58,0,2,32,34,68,0,70,70,138
09/18/2014,HLG,WV,AEA,CE,Federal Contract Tower,0,8,2,6,16,0,4,19,22,45,0,12,21,28,61,14,58,72,133
09/19/2014,HLG,WV,AEA,CE,Federal Contract Tower,0,10,0,0,10,0,2,25,11,38,0,12,25,11,48,0,50,50,98
09/20/2014,HLG,WV,AEA,CE,Federal Contract Tower,0,10,0,0,10,0,4,23,0,27,0,14,23,0,37,32,0,32,69
09/21/2014,HLG,WV,AEA,CE,Federal Contract Tower,0,0,0,0,0,0,0,5,0,5,0,0,5,0,5,0,0,0,5
09/22/2014,HLG,WV,AEA,CE,Federal Contract Tower,0,2,0,0,2,0,0,20,2,22,0,2,20,2,24,0,10,10,34
09/23/2014,HLG,WV,AEA,CE,Federal Contract Tower,0,10,0,0,10,0,0,23,10,33,0,10,23,10,43,10,30,40,83
09/24/2014,HLG,WV,AEA,CE,Federal Contract Tower,0,3,2,2,7,0,0,36,10,46,0,3,38,12,53,12,36,48,101
09/25/2014,HLG,WV,AEA,CE,Federal Contract Tower,0,1,0,2,3,0,0,36,9,45,0,1,36,11,48,0,8,8,56
09/26/2014,HLG,WV,AEA,CE,Federal Contract Tower,0,6,2,0,8,0,0,40,8,48,0,6,42,8,56,2,36,38,94
09/27/2014,HLG,WV,AEA,CE,Federal Contract Tower,0,0,2,0,2,0,0,23,5,28,0,0,25,5,30,10,14,24,54
09/28/2014,HLG,WV,AEA,CE,Federal Contract Tower,0,0,2,6,8,0,0,14,0,14,0,0,16,6,22,6,0,6,28
09/29/2014,HLG,WV,AEA,CE,Federal Contract Tower,0,3,2,3,8,0,0,25,2,27,0,3,27,5,35,8,36,44,79
09/30/2014,HLG,WV,AEA,CE,Federal Contract Tower,0,1,4,0,5,0,0,12,6,18,0,1,16,6,23,28,30,58,81
10/01/2014,HLG,WV,AEA,CE,Federal Contract Tower,0,6,0,5,11,0,4,13,4,21,0,10,13,9,32,0,0,0,32
10/02/2014,HLG,WV,AEA,CE,Federal Contract Tower,0,1,11,0,12,0,2,22,6,30,0,3,33,6,42,22,12,34,76
10/03/2014,HLG,WV,AEA,CE,Federal Contract Tower,0,1,1,0,2,0,6,16,0,22,0,7,17,0,24,0,0,0,24
10/04/2014,HLG,WV,AEA,CE,Federal Contract Tower,0,2,1,0,3,0,2,1,0,3,0,4,2,0,6,0,0,0,6
10/05/2014,HLG,WV,AEA,CE,Federal Contract Tower,0,1,1,0,2,0,0,12,0,12,0,1,13,0,14,4,0,4,18
10/06/2014,HLG,WV,AEA,CE,Federal Contract Tower,0,4,0,0,4,0,0,16,0,16,0,4,16,0,20,0,10,10,30
10/07/2014,HLG,WV,AEA,CE,Federal Contract Tower,0,6,0,2,8,0,0,6,0,6,0,6,6,2,14,0,56,56,70
10/08/2014,HLG,WV,AEA,CE,Federal Contract Tower,0,3,2,0,5,0,2,4,0,6,0,5,6,0,11,0,0,0,11
10/09/2014,HLG,WV,AEA,CE,Federal Contract Tower,0,2,2,4,8,0,2,30,2,34,0,4,32,6,42,0,0,0,42
10/10/2014,HLG,WV,AEA,CE,Federal Contract Tower,0,1,13,2,16,0,8,27,0,35,0,9,40,2,51,10,0,10,61
10/11/2014,HLG,WV,AEA,CE,Federal Contract Tower,0,2,0,2,4,0,4,16,0,20,0,6,16,2,24,4,0,4,28
10/12/2014,HLG,WV,AEA,CE,Federal Contract Tower,0,3,2,0,5,0,0,29,0,29,0,3,31,0,34,12,0,12,46
10/13/2014,HLG,WV,AEA,CE,Federal Contract Tower,0,1,0,0,1,0,0,27,0,27,0,1,27,0,28,0,0,0,28
10/14/2014,HLG,WV,AEA,CE,Federal Contract Tower,0,5,0,2,7,0,0,29,5,34,0,5,29,7,41,34,98,132,173
10/15/2014,HLG,WV,AEA,CE,Federal Contract Tower,0,3,2,0,5,0,6,14,8,28,0,9,16,8,33,0,0,0,33
10/16/2014,HLG,WV,AEA,CE,Federal Contract Tower,0,7,2,0,9,0,0,17,3,20,0,7,19,3,29,0,84,84,113
10/17/2014,HLG,WV,AEA,CE,Federal Contract Tower,0,12,0,0,12,0,6,5,11,22,0,18,5,11,34,0,110,110,144
10/18/2014,HLG,WV,AEA,CE,Federal Contract Tower,0,2,0,1,3,0,0,8,7,15,0,2,8,8,18,0,104,104,122
10/19/2014,HLG,WV,AEA,CE,Federal Contract Tower,0,2,3,0,5,0,0,18,16,34,0,2,21,16,39,4,34,38,77
10/20/2014,HLG,WV,AEA,CE,Federal Contract Tower,0,4,0,1,5,0,0,18,9,27,0,4,18,10,32,0,82,82,114
10/21/2014,HLG,WV,AEA,CE,Federal Contract Tower,0,6,1,6,13,0,0,5,0,5,0,6,6,6,18,2,46,48,66
10/22/2014,HLG,WV,AEA,CE,Federal Contract Tower,0,8,0,0,8,0,0,16,3,19,0,8,16,3,27,4,40,44,71
10/23/2014,HLG,WV,AEA,CE,Federal Contract Tower,0,3,3,7,13,0,0,19,9,28,0,3,22,16,41,8,90,98,139
10/24/2014,HLG,WV,AEA,CE,Federal Contract Tower,0,4,5,2,11,0,0,19,7,26,0,4,24,9,37,6,52,58,95
10/25/2014,HLG,WV,AEA,CE,Federal Contract Tower,0,5,7,2,14,0,0,23,6,29,0,5,30,8,43,14,96,110,153
10/26/2014,HLG,WV,AEA,CE,Federal Contract Tower,0,1,0,0,1,0,0,14,2,16,0,1,14,2,17,0,30,30,47
10/27/2014,HLG,WV,AEA,CE,Federal Contract Tower,0,1,2,1,4,0,0,24,1,25,0,1,26,2,29,2,40,42,71
10/28/2014,HLG,WV,AEA,CE,Federal Contract Tower,0,3,5,0,8,0,0,28,3,31,0,3,33,3,39,0,134,134,173
10/29/2014,HLG,WV,AEA,CE,Federal Contract Tower,0,2,1,1,4,0,4,19,15,38,0,6,20,16,42,14,116,130,172
10/30/2014,HLG,WV,AEA,CE,Federal Contract Tower,0,6,1,0,7,0,0,14,4,18,0,6,15,4,25,0,6,6,31
10/31/2014,HLG,WV,AEA,CE,Federal Contract Tower,0,0,0,2,2,0,0,23,5,28,0,0,23,7,30,0,40,40,70
11/01/2014,HLG,WV,AEA,CE,Federal Contract Tower,0,1,0,0,1,0,0,6,0,6,0,1,6,0,7,0,0,0,7
11/02/2014,HLG,WV,AEA,CE,Federal Contract Tower,0,0,1,1,2,0,0,4,0,4,0,0,5,1,6,14,0,14,20
11/03/2014,HLG,WV,AEA,CE,Federal Contract Tower,0,9,0,0,9,0,0,29,2,31,0,9,29,2,40,0,96,96,136
11/04/2014,HLG,WV,AEA,CE,Federal Contract Tower,0,1,0,4,5,0,0,18,2,20,0,1,18,6,25,0,190,190,215
11/05/2014,HLG,WV,AEA,CE,Federal Contract Tower,0,6,1,2,9,0,0,17,13,30,0,6,18,15,39,0,94,94,133
11/06/2014,HLG,WV,AEA,CE,Federal Contract Tower,0,5,0,0,5,0,0,2,0,2,0,5,2,0,7,4,0,4,11
11/07/2014,HLG,WV,AEA,CE,Federal Contract Tower,0,3,1,2,6,0,0,8,17,25,0,3,9,19,31,0,82,82,113
11/08/2014,HLG,WV,AEA,CE,Federal Contract Tower,0,19,8,2,29,0,4,13,2,19,0,23,21,4,48,0,6,6,54
11/09/2014,HLG,WV,AEA,CE,Federal Contract Tower,0,0,5,0,5,2,21,0,0,23,2,21,5,0,28,18,0,18,46
11/10/2014,HLG,WV,AEA,CE,Federal Contract Tower,0,0,0,0,0,0,2,15,1,18,0,2,15,1,18,10,0,10,28
11/11/2014,HLG,WV,AEA,CE,Federal Contract Tower,0,7,5,0,12,0,3,38,0,41,0,10,43,0,53,40,0,40,93
11/12/2014,HLG,WV,AEA,CE,Federal Contract Tower,0,3,0,0,3,0,2,13,2,17,0,5,13,2,20,0,24,24,44
11/13/2014,HLG,WV,AEA,CE,Federal Contract Tower,0,6,1,4,11,0,4,20,12,36,0,10,21,16,47,0,48,48,95
11/14/2014,HLG,WV,AEA,CE,Federal Contract Tower,0,7,0,0,7,0,0,15,11,26,0,7,15,11,33,4,42,46,79
11/15/2014,HLG,WV,AEA,CE,Federal Contract Tower,0,30,0,0,30,2,27,22,0,51,2,57,22,0,81,6,40,46,127
11/16/2014,HLG,WV,AEA,CE,Federal Contract Tower,0,4,0,0,4,0,0,7,2,9,0,4,7,2,13,14,12,26,39
11/17/2014,HLG,WV,AEA,CE,Federal Contract Tower,0,1,0,0,1,0,0,0,0,0,0,1,0,0,1,0,0,0,1
11/18/2014,HLG,WV,AEA,CE,Federal Contract Tower,0,10,0,0,10,0,0,2,4,6,0,10,2,4,16,0,10,10,26
11/19/2014,HLG,WV,AEA,CE,Federal Contract Tower,0,4,2,0,6,0,0,28,17,45,0,4,30,17,51,14,24,38,89
11/20/2014,HLG,WV,AEA,CE,Federal Contract Tower,0,14,2,2,18,0,2,13,11,26,0,16,15,13,44,0,40,40,84
11/21/2014,HLG,WV,AEA,CE,Federal Contract Tower,0,8,1,4,13,0,4,34,0,38,0,12,35,4,51,0,0,0,51
11/22/2014,HLG,WV,AEA,CE,Federal Contract Tower,0,2,0,0,2,0,0,3,0,3,0,2,3,0,5,18,0,18,23
11/23/2014,HLG,WV,AEA,CE,Federal Contract Tower,0,0,4,0,4,0,0,14,1,15,0,0,18,1,19,30,0,30,49
11/24/2014,HLG,WV,AEA,CE,Federal Contract Tower,0,6,0,0,6,0,0,1,0,1,0,6,1,0,7,0,0,0,7
11/25/2014,HLG,WV,AEA,CE,Federal Contract Tower,0,9,3,2,14,0,2,23,5,30,0,11,26,7,44,12,0,12,56
11/26/2014,HLG,WV,AEA,CE,Federal Contract Tower,0,1,2,0,3,0,3,4,0,7,0,4,6,0,10,0,0,0,10
11/27/2014,HLG,WV,AEA,CE,Federal Contract Tower,0,0,1,0,1,0,0,1,0,1,0,0,2,0,2,0,0,0,2
11/28/2014,HLG,WV,AEA,CE,Federal Contract Tower,0,2,0,0,2,0,0,1,0,1,0,2,1,0,3,2,0,2,5
11/29/2014,HLG,WV,AEA,CE,Federal Contract Tower,0,3,2,0,5,0,2,22,0,24,0,5,24,0,29,14,0,14,43
11/30/2014,HLG,WV,AEA,CE,Federal Contract Tower,0,2,0,0,2,0,0,2,0,2,0,2,2,0,4,0,0,0,4
12/01/2014,HLG,WV,AEA,CE,Federal Contract Tower,0,3,1,0,4,0,0,2,0,2,0,3,3,0,6,0,0,0,6
12/02/2014,HLG,WV,AEA,CE,Federal Contract Tower,0,2,0,0,2,0,0,0,0,0,0,2,0,0,2,0,0,0,2
12/03/2014,HLG,WV,AEA,CE,Federal Contract Tower,0,8,0,0,8,0,4,14,0,18,0,12,14,0,26,0,0,0,26
12/04/2014,HLG,WV,AEA,CE,Federal Contract Tower,0,5,0,2,7,0,0,21,1,22,0,5,21,3,29,2,0,2,31
12/05/2014,HLG,WV,AEA,CE,Federal Contract Tower,0,3,0,0,3,0,0,0,0,0,0,3,0,0,3,0,0,0,3
12/06/2014,HLG,WV,AEA,CE,Federal Contract Tower,0,0,0,0,0,0,0,0,0,0,0,0,0,0,0,0,0,0,0
12/07/2014,HLG,WV,AEA,CE,Federal Contract Tower,0,22,2,0,24,0,0,23,5,28,0,22,25,5,52,22,6,28,80
12/08/2014,HLG,WV,AEA,CE,Federal Contract Tower,0,3,0,0,3,0,0,9,0,9,0,3,9,0,12,22,3,25,37
12/09/2014,HLG,WV,AEA,CE,Federal Contract Tower,0,2,0,0,2,0,2,19,0,21,0,4,19,0,23,32,0,32,55
12/10/2014,HLG,WV,AEA,CE,Federal Contract Tower,0,6,0,0,6,0,0,5,0,5,0,6,5,0,11,14,0,14,25
12/11/2014,HLG,WV,AEA,CE,Federal Contract Tower,0,0,1,0,1,0,0,19,3,22,0,0,20,3,23,0,20,20,43
12/12/2014,HLG,WV,AEA,CE,Federal Contract Tower,0,0,0,0,0,0,0,4,0,4,0,0,4,0,4,0,0,0,4
12/13/2014,HLG,WV,AEA,CE,Federal Contract Tower,0,2,0,0,2,0,0,0,0,0,0,2,0,0,2,0,0,0,2
12/14/2014,HLG,WV,AEA,CE,Federal Contract Tower,0,0,0,0,0,0,0,0,0,0,0,0,0,0,0,0,0,0,0
12/15/2014,HLG,WV,AEA,CE,Federal Contract Tower,0,3,14,0,17,0,0,0,0,0,0,3,14,0,17,0,0,0,17
12/16/2014,HLG,WV,AEA,CE,Federal Contract Tower,0,2,1,3,6,0,0,6,0,6,0,2,7,3,12,0,20,20,32
12/17/2014,HLG,WV,AEA,CE,Federal Contract Tower,0,3,1,0,4,0,0,11,1,12,0,3,12,1,16,0,16,16,32
12/18/2014,HLG,WV,AEA,CE,Federal Contract Tower,0,2,2,0,4,0,6,2,0,8,0,8,4,0,12,0,0,0,12
12/19/2014,HLG,WV,AEA,CE,Federal Contract Tower,0,3,0,0,3,0,0,8,0,8,0,3,8,0,11,0,0,0,11
12/20/2014,HLG,WV,AEA,CE,Federal Contract Tower,0,0,0,1,1,0,0,6,1,7,0,0,6,2,8,22,0,22,30
12/21/2014,HLG,WV,AEA,CE,Federal Contract Tower,0,1,2,0,3,0,0,2,0,2,0,1,4,0,5,0,0,0,5
12/22/2014,HLG,WV,AEA,CE,Federal Contract Tower,0,0,2,0,2,0,0,30,0,30,0,0,32,0,32,30,26,56,88
12/23/2014,HLG,WV,AEA,CE,Federal Contract Tower,0,2,0,1,3,0,2,22,3,27,0,4,22,4,30,12,48,60,90
12/24/2014,HLG,WV,AEA,CE,Federal Contract Tower,0,0,0,0,0,0,0,6,0,6,0,0,6,0,6,0,0,0,6
12/25/2014,HLG,WV,AEA,CE,Federal Contract Tower,0,0,0,0,0,0,0,0,0,0,0,0,0,0,0,0,0,0,0
12/26/2014,HLG,WV,AEA,CE,Federal Contract Tower,0,0,0,0,0,0,6,14,0,20,0,6,14,0,20,6,0,6,26
12/27/2014,HLG,WV,AEA,CE,Federal Contract Tower,0,6,0,0,6,0,2,10,0,12,0,8,10,0,18,6,0,6,24
12/28/2014,HLG,WV,AEA,CE,Federal Contract Tower,0,0,3,0,3,0,0,2,0,2,0,0,5,0,5,0,0,0,5
12/29/2014,HLG,WV,AEA,CE,Federal Contract Tower,0,0,0,0,0,0,7,2,9,18,0,7,2,9,18,2,0,2,20
12/30/2014,HLG,WV,AEA,CE,Federal Contract Tower,0,0,0,0,0,0,2,14,0,16,0,2,14,0,16,0,0,0,16
12/31/2014,HLG,WV,AEA,CE,Federal Contract Tower,0,3,0,0,3,0,4,7,0,11,0,7,7,0,14,0,0,0,14
01/01/2015,HLG,WV,AEA,CE,Federal Contract Tower,0,1,1,0,2,0,0,2,0,2,0,1,3,0,4,0,0,0,4
01/02/2015,HLG,WV,AEA,CE,Federal Contract Tower,0,2,2,0,4,0,2,22,0,24,0,4,24,0,28,4,0,4,32
01/03/2015,HLG,WV,AEA,CE,Federal Contract Tower,0,2,0,0,2,0,0,2,0,2,0,2,2,0,4,8,0,8,12
01/04/2015,HLG,WV,AEA,CE,Federal Contract Tower,0,0,0,0,0,0,0,2,0,2,0,0,2,0,2,0,0,0,2
01/05/2015,HLG,WV,AEA,CE,Federal Contract Tower,0,5,0,1,6,0,0,16,6,22,0,5,16,7,28,8,26,34,62
01/06/2015,HLG,WV,AEA,CE,Federal Contract Tower,0,4,0,0,4,0,0,2,0,2,0,4,2,0,6,0,40,40,46
01/07/2015,HLG,WV,AEA,CE,Federal Contract Tower,0,2,0,0,2,0,0,0,0,0,0,2,0,0,2,0,0,0,2
01/08/2015,HLG,WV,AEA,CE,Federal Contract Tower,0,4,0,0,4,0,0,20,5,25,0,4,20,5,29,0,68,68,97
01/09/2015,HLG,WV,AEA,CE,Federal Contract Tower,0,2,0,0,2,0,2,0,8,10,0,4,0,8,12,0,94,94,106
01/10/2015,HLG,WV,AEA,CE,Federal Contract Tower,0,1,0,1,2,0,0,4,2,6,0,1,4,3,8,0,180,180,188
01/11/2015,HLG,WV,AEA,CE,Federal Contract Tower,0,2,1,0,3,0,0,4,10,14,0,2,5,10,17,0,36,36,53
01/12/2015,HLG,WV,AEA,CE,Federal Contract Tower,0,2,0,4,6,0,0,0,0,0,0,2,0,4,6,0,0,0,6
01/13/2015,HLG,WV,AEA,CE,Federal Contract Tower,0,3,0,0,3,0,0,20,2,22,0,3,20,2,25,0,0,0,25
01/14/2015,HLG,WV,AEA,CE,Federal Contract Tower,0,5,0,6,11,0,2,4,0,6,0,7,4,6,17,0,12,12,29
01/15/2015,HLG,WV,AEA,CE,Federal Contract Tower,0,2,3,1,6,0,0,22,6,28,0,2,25,7,34,4,22,26,60
01/16/2015,HLG,WV,AEA,CE,Federal Contract Tower,0,4,0,2,6,0,6,13,3,22,0,10,13,5,28,0,42,42,70
01/17/2015,HLG,WV,AEA,CE,Federal Contract Tower,0,2,2,2,6,0,2,23,0,25,0,4,25,2,31,24,0,24,55
01/18/2015,HLG,WV,AEA,CE,Federal Contract Tower,0,0,0,0,0,0,0,6,0,6,0,0,6,0,6,0,0,0,6
01/19/2015,HLG,WV,AEA,CE,Federal Contract Tower,0,0,0,0,0,0,2,3,2,7,0,2,3,2,7,0,0,0,7
01/20/2015,HLG,WV,AEA,CE,Federal Contract Tower,0,2,0,0,2,0,0,11,4,15,0,2,11,4,17,0,56,56,73
01/21/2015,HLG,WV,AEA,CE,Federal Contract Tower,0,5,0,0,5,0,0,0,0,0,0,5,0,0,5,0,0,0,5
01/22/2015,HLG,WV,AEA,CE,Federal Contract Tower,0,13,0,0,13,0,5,11,0,16,0,18,11,0,29,0,0,0,29
01/23/2015,HLG,WV,AEA,CE,Federal Contract Tower,0,4,1,2,7,0,9,27,0,36,0,13,28,2,43,0,0,0,43
01/24/2015,HLG,WV,AEA,CE,Federal Contract Tower,0,0,0,0,0,0,0,0,0,0,0,0,0,0,0,0,0,0,0
01/25/2015,HLG,WV,AEA,CE,Federal Contract Tower,0,2,0,0,2,0,0,0,0,0,0,2,0,0,2,0,0,0,2
01/26/2015,HLG,WV,AEA,CE,Federal Contract Tower,0,0,0,0,0,0,0,0,0,0,0,0,0,0,0,0,0,0,0
01/27/2015,HLG,WV,AEA,CE,Federal Contract Tower,0,0,0,0,0,0,0,7,0,7,0,0,7,0,7,0,0,0,7
01/28/2015,HLG,WV,AEA,CE,Federal Contract Tower,0,1,3,3,7,0,0,27,1,28,0,1,30,4,35,0,0,0,35
01/29/2015,HLG,WV,AEA,CE,Federal Contract Tower,0,2,0,0,2,0,0,0,0,0,0,2,0,0,2,0,0,0,2
01/30/2015,HLG,WV,AEA,CE,Federal Contract Tower,0,0,0,0,0,0,4,10,0,14,0,4,10,0,14,0,6,6,20
01/31/2015,HLG,WV,AEA,CE,Federal Contract Tower,0,1,0,0,1,0,0,11,2,13,0,1,11,2,14,8,0,8,22
02/01/2015,HLG,WV,AEA,CE,Federal Contract Tower,0,0,0,0,0,0,0,0,0,0,0,0,0,0,0,0,0,0,0
02/02/2015,HLG,WV,AEA,CE,Federal Contract Tower,0,0,0,0,0,0,0,0,4,4,0,0,0,4,4,0,36,36,40
02/03/2015,HLG,WV,AEA,CE,Federal Contract Tower,0,2,2,0,4,0,0,18,9,27,0,2,20,9,31,0,24,24,55
02/04/2015,HLG,WV,AEA,CE,Federal Contract Tower,0,5,8,2,15,0,10,30,15,55,0,15,38,17,70,4,92,96,166
02/05/2015,HLG,WV,AEA,CE,Federal Contract Tower,0,10,0,0,10,0,2,13,7,22,0,12,13,7,32,0,72,72,104
02/06/2015,HLG,WV,AEA,CE,Federal Contract Tower,0,3,2,0,5,0,0,17,9,26,0,3,19,9,31,0,0,0,31
02/07/2015,HLG,WV,AEA,CE,Federal Contract Tower,0,0,0,0,0,0,0,11,33,44,0,0,11,33,44,8,128,136,180
02/08/2015,HLG,WV,AEA,CE,Federal Contract Tower,0,0,1,0,1,0,0,9,12,21,0,0,10,12,22,12,90,102,124
02/09/2015,HLG,WV,AEA,CE,Federal Contract Tower,0,1,0,0,1,0,0,1,2,3,0,1,1,2,4,0,24,24,28
02/10/2015,HLG,WV,AEA,CE,Federal Contract Tower,0,3,1,2,6,0,12,2,0,14,0,15,3,2,20,0,20,20,40
02/11/2015,HLG,WV,AEA,CE,Federal Contract Tower,0,3,1,1,5,0,2,11,10,23,0,5,12,11,28,0,92,92,120
02/12/2015,HLG,WV,AEA,CE,Federal Contract Tower,0,3,1,4,8,0,0,4,2,6,0,3,5,6,14,0,18,18,32
02/13/2015,HLG,WV,AEA,CE,Federal Contract Tower,0,2,1,0,3,0,4,26,4,34,0,6,27,4,37,0,28,28,65
02/14/2015,HLG,WV,AEA,CE,Federal Contract Tower,0,0,0,0,0,0,0,0,0,0,0,0,0,0,0,0,0,0,0
02/15/2015,HLG,WV,AEA,CE,Federal Contract Tower,0,0,0,0,0,0,2,4,0,6,0,2,4,0,6,0,0,0,6
02/16/2015,HLG,WV,AEA,CE,Federal Contract Tower,0,2,1,0,3,0,0,12,0,12,0,2,13,0,15,0,0,0,15
02/17/2015,HLG,WV,AEA,CE,Federal Contract Tower,0,5,1,2,8,0,1,19,5,25,0,6,20,7,33,0,14,14,47
02/18/2015,HLG,WV,AEA,CE,Federal Contract Tower,0,1,0,0,1,0,0,0,0,0,0,1,0,0,1,0,0,0,1
02/19/2015,HLG,WV,AEA,CE,Federal Contract Tower,0,2,6,0,8,0,4,15,11,30,0,6,21,11,38,14,34,48,86
02/20/2015,HLG,WV,AEA,CE,Federal Contract Tower,0,2,4,0,6,0,4,21,0,25,0,6,25,0,31,0,0,0,31
02/21/2015,HLG,WV,AEA,CE,Federal Contract Tower,0,0,0,0,0,0,0,0,0,0,0,0,0,0,0,0,0,0,0
02/22/2015,HLG,WV,AEA,CE,Federal Contract Tower,0,0,0,0,0,0,5,5,0,10,0,5,5,0,10,0,0,0,10
02/23/2015,HLG,WV,AEA,CE,Federal Contract Tower,0,7,4,0,11,0,0,12,4,16,0,7,16,4,27,0,22,22,49
02/24/2015,HLG,WV,AEA,CE,Federal Contract Tower,0,1,0,6,7,0,0,8,15,23,0,1,8,21,30,0,90,90,120
02/25/2015,HLG,WV,AEA,CE,Federal Contract Tower,0,6,2,0,8,0,6,32,18,56,0,12,34,18,64,0,24,24,88
02/26/2015,HLG,WV,AEA,CE,Federal Contract Tower,0,3,0,2,5,0,0,15,17,32,0,3,15,19,37,0,54,54,91
02/27/2015,HLG,WV,AEA,CE,Federal Contract Tower,0,3,1,0,4,0,0,16,15,31,0,3,17,15,35,2,24,26,61
02/28/2015,HLG,WV,AEA,CE,Federal Contract Tower,0,1,2,0,3,0,0,15,0,15,0,1,17,0,18,32,0,32,50
03/01/2015,HLG,WV,AEA,CE,Federal Contract Tower,0,0,0,0,0,0,0,0,0,0,0,0,0,0,0,0,0,0,0
03/02/2015,HLG,WV,AEA,CE,Federal Contract Tower,0,0,0,0,0,0,0,10,6,16,0,0,10,6,16,0,86,86,102
03/03/2015,HLG,WV,AEA,CE,Federal Contract Tower,0,3,0,0,3,0,0,10,2,12,0,3,10,2,15,0,10,10,25
03/04/2015,HLG,WV,AEA,CE,Federal Contract Tower,0,0,0,0,0,0,0,0,2,2,0,0,0,2,2,0,20,20,22
03/05/2015,HLG,WV,AEA,CE,Federal Contract Tower,0,3,0,0,3,0,0,8,14,22,0,3,8,14,25,6,66,72,97
03/06/2015,HLG,WV,AEA,CE,Federal Contract Tower,0,0,0,0,0,0,2,23,22,47,0,2,23,22,47,0,140,140,187
03/07/2015,HLG,WV,AEA,CE,Federal Contract Tower,0,0,8,4,12,0,0,13,20,33,0,0,21,24,45,12,92,104,149
03/08/2015,HLG,WV,AEA,CE,Federal Contract Tower,0,0,0,0,0,0,0,12,21,33,0,0,12,21,33,0,10,10,43
03/09/2015,HLG,WV,AEA,CE,Federal Contract Tower,0,0,0,0,0,0,6,13,12,31,0,6,13,12,31,12,26,38,69
03/10/2015,HLG,WV,AEA,CE,Federal Contract Tower,0,1,0,0,1,0,0,5,0,5,0,1,5,0,6,0,0,0,6
03/11/2015,HLG,WV,AEA,CE,Federal Contract Tower,0,0,0,0,0,0,4,2,0,6,0,4,2,0,6,0,0,0,6
03/12/2015,HLG,WV,AEA,CE,Federal Contract Tower,0,10,0,0,10,0,8,34,24,66,0,18,34,24,76,24,40,64,140
03/13/2015,HLG,WV,AEA,CE,Federal Contract Tower,0,3,6,1,10,0,4,21,19,44,0,7,27,20,54,10,28,38,92
03/14/2015,HLG,WV,AEA,CE,Federal Contract Tower,0,3,0,1,4,0,0,0,0,0,0,3,0,1,4,0,0,0,4
03/15/2015,HLG,WV,AEA,CE,Federal Contract Tower,0,1,2,0,3,0,0,11,2,13,0,1,13,2,16,0,4,4,20
03/16/2015,HLG,WV,AEA,CE,Federal Contract Tower,0,4,0,0,4,0,2,18,2,22,0,6,18,2,26,2,42,44,70
03/17/2015,HLG,WV,AEA,CE,Federal Contract Tower,0,10,3,1,14,0,4,18,4,26,0,14,21,5,40,0,2,2,42
03/18/2015,HLG,WV,AEA,CE,Federal Contract Tower,0,2,2,0,4,0,0,30,6,36,0,2,32,6,40,36,18,54,94
03/19/2015,HLG,WV,AEA,CE,Federal Contract Tower,0,2,1,1,4,0,4,42,3,49,0,6,43,4,53,74,18,92,145
03/20/2015,HLG,WV,AEA,CE,Federal Contract Tower,0,1,0,0,1,0,0,2,13,15,0,1,2,13,16,0,106,106,122
03/21/2015,HLG,WV,AEA,CE,Federal Contract Tower,0,0,0,2,2,0,4,6,15,25,0,4,6,17,27,0,72,72,99
03/22/2015,HLG,WV,AEA,CE,Federal Contract Tower,0,0,5,5,10,0,2,23,10,35,0,2,28,15,45,16,74,90,135
03/23/2015,HLG,WV,AEA,CE,Federal Contract Tower,0,0,2,0,2,0,0,30,14,44,0,0,32,14,46,6,22,28,74
03/24/2015,HLG,WV,AEA,CE,Federal Contract Tower,0,2,1,0,3,0,2,15,22,39,0,4,16,22,42,8,64,72,114
03/25/2015,HLG,WV,AEA,CE,Federal Contract Tower,0,2,0,0,2,0,4,19,6,29,0,6,19,6,31,0,32,32,63
03/26/2015,HLG,WV,AEA,CE,Federal Contract Tower,0,0,0,0,0,0,0,0,0,0,0,0,0,0,0,0,0,0,0
03/27/2015,HLG,WV,AEA,CE,Federal Contract Tower,0,3,3,0,6,0,4,12,0,16,0,7,15,0,22,8,0,8,30
03/28/2015,HLG,WV,AEA,CE,Federal Contract Tower,0,0,6,0,6,0,0,13,0,13,0,0,19,0,19,0,0,0,19
03/29/2015,HLG,WV,AEA,CE,Federal Contract Tower,0,1,1,0,2,0,0,27,0,27,0,1,28,0,29,14,0,14,43
03/30/2015,HLG,WV,AEA,CE,Federal Contract Tower,0,0,0,0,0,0,2,8,0,10,0,2,8,0,10,0,0,0,10
03/31/2015,HLG,WV,AEA,CE,Federal Contract Tower,0,0,0,6,6,0,0,0,8,8,0,0,0,14,14,0,0,0,14
04/01/2015,HLG,WV,AEA,CE,Federal Contract Tower,0,2,2,6,10,0,6,36,16,58,0,8,38,22,68,20,38,58,126
04/02/2015,HLG,WV,AEA,CE,Federal Contract Tower,0,6,1,10,17,0,0,25,10,35,0,6,26,20,52,8,30,38,90
04/03/2015,HLG,WV,AEA,CE,Federal Contract Tower,0,0,2,2,4,0,0,16,6,22,0,0,18,8,26,2,16,18,44
04/04/2015,HLG,WV,AEA,CE,Federal Contract Tower,0,0,0,0,0,0,0,18,1,19,0,0,18,1,19,0,8,8,27
04/05/2015,HLG,WV,AEA,CE,Federal Contract Tower,0,4,0,0,4,0,4,11,0,15,0,8,11,0,19,6,0,6,25
04/06/2015,HLG,WV,AEA,CE,Federal Contract Tower,0,0,0,2,2,0,0,9,8,17,0,0,9,10,19,24,20,44,63
04/07/2015,HLG,WV,AEA,CE,Federal Contract Tower,0,0,0,4,4,0,0,0,4,4,0,0,0,8,8,0,40,40,48
04/08/2015,HLG,WV,AEA,CE,Federal Contract Tower,0,1,4,9,14,0,0,19,10,29,0,1,23,19,43,2,52,54,97
04/09/2015,HLG,WV,AEA,CE,Federal Contract Tower,0,1,0,4,5,0,4,5,22,31,0,5,5,26,36,0,56,56,92
04/10/2015,HLG,WV,AEA,CE,Federal Contract Tower,0,1,4,4,9,0,4,11,10,25,0,5,15,14,34,0,30,30,64
04/11/2015,HLG,WV,AEA,CE,Federal Contract Tower,0,4,11,10,25,0,8,26,20,54,0,12,37,30,79,4,64,68,147
04/12/2015,HLG,WV,AEA,CE,Federal Contract Tower,0,1,1,0,2,0,2,33,8,43,0,3,34,8,45,10,0,10,55
04/13/2015,HLG,WV,AEA,CE,Federal Contract Tower,0,4,0,6,10,0,8,8,8,24,0,12,8,14,34,4,46,50,84
04/14/2015,HLG,WV,AEA,CE,Federal Contract Tower,0,1,5,0,6,0,4,18,12,34,0,5,23,12,40,0,34,34,74
04/15/2015,HLG,WV,AEA,CE,Federal Contract Tower,0,3,3,8,14,0,2,17,15,34,0,5,20,23,48,8,62,70,118
04/16/2015,HLG,WV,AEA,CE,Federal Contract Tower,0,1,9,15,25,0,0,15,20,35,0,1,24,35,60,0,60,60,120
04/17/2015,HLG,WV,AEA,CE,Federal Contract Tower,0,4,1,2,7,0,4,29,10,43,0,8,30,12,50,0,42,42,92
04/18/2015,HLG,WV,AEA,CE,Federal Contract Tower,0,2,1,7,10,0,2,18,12,32,0,4,19,19,42,4,64,68,110
04/19/2015,HLG,WV,AEA,CE,Federal Contract Tower,0,0,0,0,0,0,4,9,15,28,0,4,9,15,28,0,32,32,60
04/21/2015,HLG,WV,AEA,CE,Federal Contract Tower,0,4,9,5,18,0,0,10,14,24,0,4,19,19,42,2,42,44,86
04/22/2015,HLG,WV,AEA,CE,Federal Contract Tower,0,0,1,2,3,0,0,0,7,7,0,0,1,9,10,0,0,0,10
04/23/2015,HLG,WV,AEA,CE,Federal Contract Tower,0,3,4,4,11,0,4,31,21,56,0,7,35,25,67,26,40,66,133
04/24/2015,HLG,WV,AEA,CE,Federal Contract Tower,0,0,12,4,16,0,0,30,15,45,0,0,42,19,61,4,36,40,101
04/25/2015,HLG,WV,AEA,CE,Federal Contract Tower,0,1,8,0,9,0,0,11,2,13,0,1,19,2,22,0,8,8,30
04/26/2015,HLG,WV,AEA,CE,Federal Contract Tower,0,1,4,0,5,0,6,13,5,24,0,7,17,5,29,0,0,0,29
04/27/2015,HLG,WV,AEA,CE,Federal Contract Tower,0,6,2,1,9,0,2,19,15,36,0,8,21,16,45,0,56,56,101
04/28/2015,HLG,WV,AEA,CE,Federal Contract Tower,0,4,5,7,16,0,4,20,35,59,0,8,25,42,75,0,116,116,191
04/29/2015,HLG,WV,AEA,CE,Federal Contract Tower,0,2,3,2,7,0,0,25,38,63,0,2,28,40,70,18,136,154,224
04/30/2015,HLG,WV,AEA,CE,Federal Contract Tower,0,4,0,4,8,0,0,29,23,52,0,4,29,27,60,6,72,78,138
05/01/2015,HLG,WV,AEA,CE,Federal Contract Tower,0,2,4,0,6,0,4,16,14,34,0,6,20,14,40,2,66,68,108
05/02/2015,HLG,WV,AEA,CE,Federal Contract Tower,0,2,1,0,3,0,4,21,20,45,0,6,22,20,48,12,128,140,188
05/03/2015,HLG,WV,AEA,CE,Federal Contract Tower,0,0,2,0,2,0,2,24,7,33,0,2,26,7,35,10,12,22,57
05/04/2015,HLG,WV,AEA,CE,Federal Contract Tower,0,4,9,0,13,0,0,23,5,28,0,4,32,5,41,18,0,18,59
05/05/2015,HLG,WV,AEA,CE,Federal Contract Tower,0,5,5,4,14,0,0,26,16,42,0,5,31,20,56,0,36,36,92
05/06/2015,HLG,WV,AEA,CE,Federal Contract Tower,0,6,6,0,12,0,2,20,0,22,0,8,26,0,34,0,0,0,34
05/07/2015,HLG,WV,AEA,CE,Federal Contract Tower,0,4,2,3,9,0,4,36,13,53,0,8,38,16,62,0,68,68,130
05/08/2015,HLG,WV,AEA,CE,Federal Contract Tower,0,1,2,0,3,0,13,32,0,45,0,14,34,0,48,0,0,0,48
05/09/2015,HLG,WV,AEA,CE,Federal Contract Tower,0,4,0,1,5,0,7,22,1,30,0,11,22,2,35,12,0,12,47
05/10/2015,HLG,WV,AEA,CE,Federal Contract Tower,0,2,3,0,5,0,0,23,0,23,0,2,26,0,28,10,0,10,38
05/11/2015,HLG,WV,AEA,CE,Federal Contract Tower,0,0,6,0,6,0,3,30,4,37,0,3,36,4,43,0,4,4,47
05/12/2015,HLG,WV,AEA,CE,Federal Contract Tower,0,3,2,0,5,0,0,22,17,39,0,3,24,17,44,20,80,100,144
05/13/2015,HLG,WV,AEA,CE,Federal Contract Tower,0,0,6,0,6,0,0,27,6,33,0,0,33,6,39,0,0,0,39
05/14/2015,HLG,WV,AEA,CE,Federal Contract Tower,0,5,4,5,14,0,11,36,9,56,0,16,40,14,70,0,54,54,124
05/15/2015,HLG,WV,AEA,CE,Federal Contract Tower,0,4,3,0,7,0,2,25,6,33,0,6,28,6,40,0,68,68,108
05/16/2015,HLG,WV,AEA,CE,Federal Contract Tower,0,5,5,2,12,0,0,11,0,11,0,5,16,2,23,6,0,6,29
05/17/2015,HLG,WV,AEA,CE,Federal Contract Tower,0,1,0,2,3,0,0,5,0,5,0,1,5,2,8,0,0,0,8
05/18/2015,HLG,WV,AEA,CE,Federal Contract Tower,0,3,2,0,5,0,2,13,9,24,0,5,15,9,29,8,26,34,63
05/19/2015,HLG,WV,AEA,CE,Federal Contract Tower,0,4,4,0,8,0,0,16,14,30,0,4,20,14,38,0,60,60,98
05/20/2015,HLG,WV,AEA,CE,Federal Contract Tower,0,6,4,0,10,0,0,27,7,34,0,6,31,7,44,0,76,76,120
05/21/2015,HLG,WV,AEA,CE,Federal Contract Tower,0,7,2,6,15,0,0,24,12,36,0,7,26,18,51,0,0,0,51
05/22/2015,HLG,WV,AEA,CE,Federal Contract Tower,0,0,4,0,4,0,8,16,0,24,0,8,20,0,28,0,0,0,28
05/23/2015,HLG,WV,AEA,CE,Federal Contract Tower,0,0,4,0,4,0,2,26,0,28,0,2,30,0,32,8,0,8,40
05/24/2015,HLG,WV,AEA,CE,Federal Contract Tower,0,0,4,0,4,0,0,29,0,29,0,0,33,0,33,8,0,8,41
05/25/2015,HLG,WV,AEA,CE,Federal Contract Tower,0,0,3,0,3,0,5,15,2,22,0,5,18,2,25,0,6,6,31
05/26/2015,HLG,WV,AEA,CE,Federal Contract Tower,0,0,0,4,4,0,2,16,12,30,0,2,16,16,34,0,22,22,56
05/27/2015,HLG,WV,AEA,CE,Federal Contract Tower,0,4,7,0,11,0,0,10,8,18,0,4,17,8,29,0,10,10,39
05/28/2015,HLG,WV,AEA,CE,Federal Contract Tower,0,4,6,0,10,0,8,24,3,35,0,12,30,3,45,32,16,48,93
05/29/2015,HLG,WV,AEA,CE,Federal Contract Tower,0,1,2,0,3,0,4,41,2,47,0,5,43,2,50,0,20,20,70
05/30/2015,HLG,WV,AEA,CE,Federal Contract Tower,0,2,0,0,2,0,0,11,2,13,0,2,11,2,15,0,0,0,15
05/31/2015,HLG,WV,AEA,CE,Federal Contract Tower,0,2,1,2,5,0,0,14,3,17,0,2,15,5,22,6,10,16,38
06/01/2015,HLG,WV,AEA,CE,Federal Contract Tower,0,1,2,2,5,0,0,3,2,5,0,1,5,4,10,0,4,4,14
06/02/2015,HLG,WV,AEA,CE,Federal Contract Tower,0,3,9,2,14,0,2,4,2,8,0,5,13,4,22,0,18,18,40
06/03/2015,HLG,WV,AEA,CE,Federal Contract Tower,0,2,10,2,14,0,2,21,7,30,0,4,31,9,44,12,48,60,104
06/04/2015,HLG,WV,AEA,CE,Federal Contract Tower,0,6,2,0,8,0,13,36,9,58,0,19,38,9,66,6,24,30,96
06/05/2015,HLG,WV,AEA,CE,Federal Contract Tower,0,2,5,0,7,0,0,14,15,29,0,2,19,15,36,0,70,70,106
06/06/2015,HLG,WV,AEA,CE,Federal Contract Tower,0,2,4,2,8,0,1,17,7,25,0,3,21,9,33,16,64,80,113
06/07/2015,HLG,WV,AEA,CE,Federal Contract Tower,0,5,2,0,7,0,0,28,2,30,0,5,30,2,37,4,22,26,63
06/08/2015,HLG,WV,AEA,CE,Federal Contract Tower,0,4,7,0,11,0,2,20,34,56,0,6,27,34,67,0,128,128,195
06/09/2015,HLG,WV,AEA,CE,Federal Contract Tower,0,3,10,2,15,0,3,22,6,31,0,6,32,8,46,0,16,16,62
06/10/2015,HLG,WV,AEA,CE,Federal Contract Tower,0,4,0,2,6,0,6,27,16,49,0,10,27,18,55,0,60,60,115
06/11/2015,HLG,WV,AEA,CE,Federal Contract Tower,0,5,5,0,10,0,0,36,6,42,0,5,41,6,52,0,56,56,108
06/12/2015,HLG,WV,AEA,CE,Federal Contract Tower,0,2,0,2,4,0,1,19,18,38,0,3,19,20,42,0,44,44,86
06/13/2015,HLG,WV,AEA,CE,Federal Contract Tower,0,1,5,2,8,0,0,12,4,16,0,1,17,6,24,0,26,26,50
06/14/2015,HLG,WV,AEA,CE,Federal Contract Tower,0,4,2,1,7,0,0,6,14,20,0,4,8,15,27,0,0,0,27
06/15/2015,HLG,WV,AEA,CE,Federal Contract Tower,0,3,6,0,9,0,2,0,8,10,0,5,6,8,19,0,38,38,57
06/16/2015,HLG,WV,AEA,CE,Federal Contract Tower,0,5,4,2,11,0,2,8,10,20,0,7,12,12,31,8,20,28,59
06/17/2015,HLG,WV,AEA,CE,Federal Contract Tower,0,1,4,2,7,0,0,10,11,21,0,1,14,13,28,0,34,34,62
06/18/2015,HLG,WV,AEA,CE,Federal Contract Tower,0,3,2,0,5,0,4,14,4,22,0,7,16,4,27,0,10,10,37
06/19/2015,HLG,WV,AEA,CE,Federal Contract Tower,0,3,12,0,15,0,3,4,0,7,0,6,16,0,22,0,0,0,22
06/20/2015,HLG,WV,AEA,CE,Federal Contract Tower,0,2,0,0,2,0,2,4,0,6,0,4,4,0,8,4,0,4,12
06/21/2015,HLG,WV,AEA,CE,Federal Contract Tower,0,1,0,0,1,0,3,10,0,13,0,4,10,0,14,2,0,2,16
06/22/2015,HLG,WV,AEA,CE,Federal Contract Tower,0,8,14,4,26,0,2,23,12,37,0,10,37,16,63,0,12,12,75
06/23/2015,HLG,WV,AEA,CE,Federal Contract Tower,0,1,0,0,1,0,0,18,7,25,0,1,18,7,26,0,20,20,46
06/24/2015,HLG,WV,AEA,CE,Federal Contract Tower,0,10,1,0,11,0,5,38,11,54,0,15,39,11,65,6,36,42,107
06/25/2015,HLG,WV,AEA,CE,Federal Contract Tower,0,0,3,0,3,0,0,5,2,7,0,0,8,2,10,2,6,8,18
06/26/2015,HLG,WV,AEA,CE,Federal Contract Tower,0,1,3,0,4,0,6,20,14,40,0,7,23,14,44,0,56,56,100
06/27/2015,HLG,WV,AEA,CE,Federal Contract Tower,0,2,0,0,2,0,0,5,0,5,0,2,5,0,7,0,0,0,7
06/28/2015,HLG,WV,AEA,CE,Federal Contract Tower,0,0,0,0,0,0,0,4,0,4,0,0,4,0,4,0,0,0,4
06/29/2015,HLG,WV,AEA,CE,Federal Contract Tower,0,2,4,0,6,0,1,22,0,23,0,3,26,0,29,0,0,0,29
06/30/2015,HLG,WV,AEA,CE,Federal Contract Tower,0,0,0,0,0,0,0,10,0,10,0,0,10,0,10,0,0,0,10
07/01/2015,HLG,WV,AEA,CE,Federal Contract Tower,0,4,11,0,15,0,4,17,13,34,0,8,28,13,49,0,52,52,101
07/02/2015,HLG,WV,AEA,CE,Federal Contract Tower,0,2,5,4,11,0,0,14,8,22,0,2,19,12,33,6,26,32,65
07/03/2015,HLG,WV,AEA,CE,Federal Contract Tower,0,3,3,0,6,0,0,27,0,27,0,3,30,0,33,4,0,4,37
07/04/2015,HLG,WV,AEA,CE,Federal Contract Tower,0,1,1,0,2,0,2,20,0,22,0,3,21,0,24,30,0,30,54
07/05/2015,HLG,WV,AEA,CE,Federal Contract Tower,0,5,0,0,5,0,4,36,0,40,0,9,36,0,45,62,0,62,107
07/06/2015,HLG,WV,AEA,CE,Federal Contract Tower,0,7,7,0,14,0,0,15,0,15,0,7,22,0,29,0,0,0,29
07/07/2015,HLG,WV,AEA,CE,Federal Contract Tower,0,1,3,0,4,0,0,8,3,11,0,1,11,3,15,0,18,18,33
07/08/2015,HLG,WV,AEA,CE,Federal Contract Tower,0,1,6,9,16,0,4,8,1,13,0,5,14,10,29,0,0,0,29
07/09/2015,HLG,WV,AEA,CE,Federal Contract Tower,0,4,1,0,5,0,0,4,0,4,0,4,5,0,9,0,0,0,9
07/10/2015,HLG,WV,AEA,CE,Federal Contract Tower,0,1,10,0,11,0,4,2,0,6,0,5,12,0,17,0,0,0,17
07/12/2015,HLG,WV,AEA,CE,Federal Contract Tower,0,0,3,1,4,0,4,16,24,44,0,4,19,25,48,26,50,76,124
07/13/2015,HLG,WV,AEA,CE,Federal Contract Tower,0,1,2,0,3,0,0,11,9,20,0,1,13,9,23,0,32,32,55
07/14/2015,HLG,WV,AEA,CE,Federal Contract Tower,0,10,2,2,14,0,0,6,13,19,0,10,8,15,33,0,0,0,33
07/15/2015,HLG,WV,AEA,CE,Federal Contract Tower,0,4,2,0,6,0,1,18,6,25,0,5,20,6,31,24,0,24,55
07/16/2015,HLG,WV,AEA,CE,Federal Contract Tower,0,2,1,2,5,0,0,51,7,58,0,2,52,9,63,0,0,0,63
07/17/2015,HLG,WV,AEA,CE,Federal Contract Tower,0,3,2,3,8,0,4,48,12,64,0,7,50,15,72,0,32,32,104
07/18/2015,HLG,WV,AEA,CE,Federal Contract Tower,0,3,2,2,7,0,3,30,8,41,0,6,32,10,48,28,12,40,88
07/19/2015,HLG,WV,AEA,CE,Federal Contract Tower,0,4,1,0,5,0,0,33,29,62,0,4,34,29,67,22,70,92,159
07/20/2015,HLG,WV,AEA,CE,Federal Contract Tower,0,0,0,4,4,0,7,17,48,72,0,7,17,52,76,10,86,96,172
07/21/2015,HLG,WV,AEA,CE,Federal Contract Tower,0,0,0,2,2,0,0,3,12,15,0,0,3,14,17,0,44,44,61
07/22/2015,HLG,WV,AEA,CE,Federal Contract Tower,0,1,5,1,7,0,2,31,13,46,0,3,36,14,53,6,40,46,99
07/23/2015,HLG,WV,AEA,CE,Federal Contract Tower,0,1,2,0,3,0,10,23,14,47,0,11,25,14,50,0,54,54,104
07/24/2015,HLG,WV,AEA,CE,Federal Contract Tower,0,4,4,1,9,0,6,30,3,39,0,10,34,4,48,0,30,30,78
07/25/2015,HLG,WV,AEA,CE,Federal Contract Tower,0,4,0,1,5,0,0,34,0,34,0,4,34,1,39,22,0,22,61
07/26/2015,HLG,WV,AEA,CE,Federal Contract Tower,0,1,1,4,6,0,0,24,0,24,0,1,25,4,30,14,0,14,44
07/27/2015,HLG,WV,AEA,CE,Federal Contract Tower,0,6,1,0,7,0,5,33,2,40,0,11,34,2,47,12,0,12,59
07/28/2015,HLG,WV,AEA,CE,Federal Contract Tower,0,3,8,0,11,0,11,24,15,50,0,14,32,15,61,0,4,4,65
07/29/2015,HLG,WV,AEA,CE,Federal Contract Tower,0,5,2,0,7,0,0,20,15,35,0,5,22,15,42,4,44,48,90
07/30/2015,HLG,WV,AEA,CE,Federal Contract Tower,0,1,5,4,10,0,4,25,27,56,0,5,30,31,66,0,72,72,138
07/31/2015,HLG,WV,AEA,CE,Federal Contract Tower,0,0,4,0,4,0,6,32,8,46,0,6,36,8,50,4,32,36,86
08/01/2015,HLG,WV,AEA,CE,Federal Contract Tower,0,3,2,0,5,0,6,30,13,49,0,9,32,13,54,0,30,30,84
08/02/2015,HLG,WV,AEA,CE,Federal Contract Tower,0,2,6,0,8,0,1,33,8,42,0,3,39,8,50,28,8,36,86
08/03/2015,HLG,WV,AEA,CE,Federal Contract Tower,0,5,6,2,13,0,5,10,15,30,0,10,16,17,43,0,18,18,61
08/04/2015,HLG,WV,AEA,CE,Federal Contract Tower,0,3,4,0,7,0,9,24,0,33,0,12,28,0,40,6,0,6,46
08/05/2015,HLG,WV,AEA,CE,Federal Contract Tower,0,6,5,3,14,0,0,32,8,40,0,6,37,11,54,0,54,54,108
08/06/2015,HLG,WV,AEA,CE,Federal Contract Tower,0,4,2,1,7,0,8,19,9,36,0,12,21,10,43,0,36,36,79
08/07/2015,HLG,WV,AEA,CE,Federal Contract Tower,0,0,5,2,7,0,8,10,6,24,0,8,15,8,31,0,20,20,51
08/08/2015,HLG,WV,AEA,CE,Federal Contract Tower,0,1,0,0,1,0,2,29,0,31,0,3,29,0,32,28,0,28,60
08/09/2015,HLG,WV,AEA,CE,Federal Contract Tower,0,5,2,0,7,0,0,28,0,28,0,5,30,0,35,14,0,14,49
08/10/2015,HLG,WV,AEA,CE,Federal Contract Tower,0,5,8,1,14,0,0,9,4,13,0,5,17,5,27,0,2,2,29
08/11/2015,HLG,WV,AEA,CE,Federal Contract Tower,0,3,7,2,12,0,1,16,7,24,0,4,23,9,36,0,8,8,44
08/12/2015,HLG,WV,AEA,CE,Federal Contract Tower,0,3,0,3,6,0,4,28,10,42,0,7,28,13,48,36,18,54,102
08/13/2015,HLG,WV,AEA,CE,Federal Contract Tower,0,2,1,1,4,0,4,28,14,46,0,6,29,15,50,8,68,76,126
08/14/2015,HLG,WV,AEA,CE,Federal Contract Tower,0,0,2,1,3,0,0,19,15,34,0,0,21,16,37,2,62,64,101
08/15/2015,HLG,WV,AEA,CE,Federal Contract Tower,0,0,1,1,2,0,4,33,1,38,0,4,34,2,40,26,0,26,66
08/16/2015,HLG,WV,AEA,CE,Federal Contract Tower,0,3,4,0,7,0,0,33,3,36,0,3,37,3,43,24,0,24,67
08/17/2015,HLG,WV,AEA,CE,Federal Contract Tower,0,1,4,0,5,0,2,10,11,23,0,3,14,11,28,0,4,4,32
08/18/2015,HLG,WV,AEA,CE,Federal Contract Tower,0,3,1,0,4,0,0,2,2,4,0,3,3,2,8,0,0,0,8
08/19/2015,HLG,WV,AEA,CE,Federal Contract Tower,0,4,2,0,6,0,2,30,2,34,0,6,32,2,40,6,0,6,46
08/20/2015,HLG,WV,AEA,CE,Federal Contract Tower,0,9,1,1,11,0,0,19,19,38,0,9,20,20,49,0,94,94,143
08/21/2015,HLG,WV,AEA,CE,Federal Contract Tower,0,0,8,0,8,0,0,50,3,53,0,0,58,3,61,10,0,10,71
08/22/2015,HLG,WV,AEA,CE,Federal Contract Tower,0,2,2,0,4,0,0,85,18,103,0,2,87,18,107,48,12,60,167
08/23/2015,HLG,WV,AEA,CE,Federal Contract Tower,0,5,1,0,6,0,8,26,6,40,0,13,27,6,46,32,12,44,90
08/24/2015,HLG,WV,AEA,CE,Federal Contract Tower,0,2,2,0,4,0,4,14,3,21,0,6,16,3,25,6,0,6,31
08/25/2015,HLG,WV,AEA,CE,Federal Contract Tower,0,3,3,0,6,0,8,19,2,29,0,11,22,2,35,0,0,0,35
08/26/2015,HLG,WV,AEA,CE,Federal Contract Tower,0,7,8,0,15,0,5,30,8,43,0,12,38,8,58,0,8,8,66
08/27/2015,HLG,WV,AEA,CE,Federal Contract Tower,0,1,2,0,3,0,0,28,9,37,0,1,30,9,40,8,14,22,62
08/28/2015,HLG,WV,AEA,CE,Federal Contract Tower,0,3,7,2,12,0,2,37,6,45,0,5,44,8,57,18,26,44,101
08/29/2015,HLG,WV,AEA,CE,Federal Contract Tower,0,0,1,0,1,0,8,31,2,41,0,8,32,2,42,30,4,34,76
08/30/2015,HLG,WV,AEA,CE,Federal Contract Tower,0,3,2,0,5,0,0,15,0,15,0,3,17,0,20,0,0,0,20
08/31/2015,HLG,WV,AEA,CE,Federal Contract Tower,0,2,2,1,5,0,8,31,12,51,0,10,33,13,56,16,0,16,72
09/01/2015,HLG,WV,AEA,CE,Federal Contract Tower,0,3,10,0,13,0,4,9,9,22,0,7,19,9,35,8,20,28,63
09/02/2015,HLG,WV,AEA,CE,Federal Contract Tower,0,2,8,0,10,0,2,20,6,28,0,4,28,6,38,12,30,42,80
09/03/2015,HLG,WV,AEA,CE,Federal Contract Tower,0,3,2,3,8,0,6,26,6,38,0,9,28,9,46,4,34,38,84
09/04/2015,HLG,WV,AEA,CE,Federal Contract Tower,0,4,0,0,4,0,4,27,2,33,0,8,27,2,37,8,0,8,45
09/05/2015,HLG,WV,AEA,CE,Federal Contract Tower,0,0,0,0,0,0,18,22,0,40,0,18,22,0,40,34,0,34,74
09/06/2015,HLG,WV,AEA,CE,Federal Contract Tower,0,2,1,0,3,0,4,28,0,32,0,6,29,0,35,34,0,34,69
09/07/2015,HLG,WV,AEA,CE,Federal Contract Tower,0,3,3,1,7,0,1,29,0,30,0,4,32,1,37,0,0,0,37
09/08/2015,HLG,WV,AEA,CE,Federal Contract Tower,0,1,7,0,8,0,0,25,0,25,0,1,32,0,33,0,0,0,33
09/09/2015,HLG,WV,AEA,CE,Federal Contract Tower,0,1,2,0,3,0,12,19,6,37,0,13,21,6,40,0,20,20,60
09/10/2015,HLG,WV,AEA,CE,Federal Contract Tower,0,9,11,6,26,0,0,9,5,14,0,9,20,11,40,0,58,58,98
09/11/2015,HLG,WV,AEA,CE,Federal Contract Tower,0,2,4,7,13,0,6,22,33,61,0,8,26,40,74,0,144,144,218
09/12/2015,HLG,WV,AEA,CE,Federal Contract Tower,0,2,1,2,5,0,0,2,7,9,0,2,3,9,14,0,54,54,68
09/13/2015,HLG,WV,AEA,CE,Federal Contract Tower,0,0,4,2,6,0,2,12,0,14,0,2,16,2,20,10,0,10,30
09/14/2015,HLG,WV,AEA,CE,Federal Contract Tower,0,1,5,0,6,0,6,26,14,46,0,7,31,14,52,0,22,22,74
09/15/2015,HLG,WV,AEA,CE,Federal Contract Tower,0,2,5,4,11,0,6,19,22,47,0,8,24,26,58,30,100,130,188
09/16/2015,HLG,WV,AEA,CE,Federal Contract Tower,0,3,8,6,17,0,0,42,12,54,0,3,50,18,71,14,12,26,97
09/17/2015,HLG,WV,AEA,CE,Federal Contract Tower,0,4,6,2,12,0,0,31,3,34,0,4,37,5,46,6,0,6,52
09/18/2015,HLG,WV,AEA,CE,Federal Contract Tower,0,2,5,0,7,0,4,38,10,52,0,6,43,10,59,0,8,8,67
09/19/2015,HLG,WV,AEA,CE,Federal Contract Tower,0,0,3,0,3,0,2,16,13,31,0,2,19,13,34,6,70,76,110
09/20/2015,HLG,WV,AEA,CE,Federal Contract Tower,0,0,4,0,4,0,0,28,4,32,0,0,32,4,36,0,16,16,52
09/21/2015,HLG,WV,AEA,CE,Federal Contract Tower,0,1,14,0,15,0,4,31,8,43,0,5,45,8,58,26,6,32,90
09/22/2015,HLG,WV,AEA,CE,Federal Contract Tower,0,0,4,3,7,0,0,27,2,29,0,0,31,5,36,12,0,12,48
09/23/2015,HLG,WV,AEA,CE,Federal Contract Tower,0,8,4,0,12,0,8,25,7,40,0,16,29,7,52,12,6,18,70
09/24/2015,HLG,WV,AEA,CE,Federal Contract Tower,0,1,3,0,4,0,4,28,4,36,0,5,31,4,40,0,16,16,56
09/25/2015,HLG,WV,AEA,CE,Federal Contract Tower,0,1,1,6,8,0,0,27,2,29,0,1,28,8,37,0,16,16,53
09/26/2015,HLG,WV,AEA,CE,Federal Contract Tower,0,1,0,0,1,0,0,8,0,8,0,1,8,0,9,32,0,32,41
09/27/2015,HLG,WV,AEA,CE,Federal Contract Tower,0,1,1,0,2,0,0,12,0,12,0,1,13,0,14,14,0,14,28
09/28/2015,HLG,WV,AEA,CE,Federal Contract Tower,0,2,0,0,2,0,0,4,0,4,0,2,4,0,6,0,0,0,6
09/29/2015,HLG,WV,AEA,CE,Federal Contract Tower,0,4,3,2,9,0,0,0,0,0,0,4,3,2,9,0,0,0,9
09/30/2015,HLG,WV,AEA,CE,Federal Contract Tower,0,6,2,1,9,0,6,7,2,15,0,12,9,3,24,0,0,0,24
10/01/2015,HLG,WV,AEA,CE,Federal Contract Tower,0,1,2,0,3,0,0,17,8,25,0,1,19,8,28,0,28,28,56
10/02/2015,HLG,WV,AEA,CE,Federal Contract Tower,0,4,2,0,6,0,2,22,1,25,0,6,24,1,31,0,0,0,31
10/03/2015,HLG,WV,AEA,CE,Federal Contract Tower,0,0,3,0,3,0,0,0,0,0,0,0,3,0,3,0,0,0,3
10/04/2015,HLG,WV,AEA,CE,Federal Contract Tower,0,2,0,3,5,0,2,11,5,18,0,4,11,8,23,4,8,12,35
10/05/2015,HLG,WV,AEA,CE,Federal Contract Tower,0,1,1,1,3,0,2,31,2,35,0,3,32,3,38,4,10,14,52
10/06/2015,HLG,WV,AEA,CE,Federal Contract Tower,0,4,8,1,13,0,4,26,0,30,0,8,34,1,43,2,0,2,45
10/08/2015,HLG,WV,AEA,CE,Federal Contract Tower,0,0,5,4,9,0,0,29,4,33,0,0,34,8,42,12,0,12,54
10/09/2015,HLG,WV,AEA,CE,Federal Contract Tower,0,0,4,0,4,0,1,4,0,5,0,1,8,0,9,12,0,12,21
10/10/2015,HLG,WV,AEA,CE,Federal Contract Tower,0,2,1,1,4,0,4,20,1,25,0,6,21,2,29,10,0,10,39
10/11/2015,HLG,WV,AEA,CE,Federal Contract Tower,0,0,2,0,2,0,8,31,1,40,0,8,33,1,42,0,0,0,42
10/12/2015,HLG,WV,AEA,CE,Federal Contract Tower,0,1,0,0,1,0,0,12,0,12,0,1,12,0,13,0,0,0,13
10/13/2015,HLG,WV,AEA,CE,Federal Contract Tower,0,0,2,0,2,0,2,18,2,22,0,2,20,2,24,0,0,0,24
10/14/2015,HLG,WV,AEA,CE,Federal Contract Tower,0,4,4,4,12,0,12,13,4,29,0,16,17,8,41,0,28,28,69
10/15/2015,HLG,WV,AEA,CE,Federal Contract Tower,0,1,1,1,3,0,0,27,11,38,0,1,28,12,41,4,24,28,69
10/16/2015,HLG,WV,AEA,CE,Federal Contract Tower,0,0,0,6,6,0,10,24,12,46,0,10,24,18,52,10,24,34,86
10/17/2015,HLG,WV,AEA,CE,Federal Contract Tower,0,1,5,2,8,0,0,26,35,61,0,1,31,37,69,0,88,88,157
10/18/2015,HLG,WV,AEA,CE,Federal Contract Tower,0,0,4,0,4,0,0,29,2,31,0,0,33,2,35,34,6,40,75
10/19/2015,HLG,WV,AEA,CE,Federal Contract Tower,0,1,7,0,8,0,0,31,5,36,0,1,38,5,44,0,8,8,52
10/20/2015,HLG,WV,AEA,CE,Federal Contract Tower,0,5,3,0,8,0,4,20,26,50,0,9,23,26,58,0,28,28,86
10/21/2015,HLG,WV,AEA,CE,Federal Contract Tower,0,1,4,1,6,0,4,45,9,58,0,5,49,10,64,0,26,26,90
10/22/2015,HLG,WV,AEA,CE,Federal Contract Tower,0,4,1,4,9,0,2,29,14,45,0,6,30,18,54,6,42,48,102
10/23/2015,HLG,WV,AEA,CE,Federal Contract Tower,0,2,2,0,4,0,10,34,10,54,0,12,36,10,58,22,26,48,106
10/24/2015,HLG,WV,AEA,CE,Federal Contract Tower,0,1,1,0,2,0,4,18,1,23,0,5,19,1,25,8,0,8,33
10/25/2015,HLG,WV,AEA,CE,Federal Contract Tower,0,0,0,0,0,0,6,11,0,17,0,6,11,0,17,0,0,0,17
10/26/2015,HLG,WV,AEA,CE,Federal Contract Tower,0,4,1,0,5,0,0,24,13,37,0,4,25,13,42,0,30,30,72
10/27/2015,HLG,WV,AEA,CE,Federal Contract Tower,0,1,9,0,10,0,0,18,19,37,0,1,27,19,47,4,90,94,141
10/28/2015,HLG,WV,AEA,CE,Federal Contract Tower,0,8,1,0,9,0,0,8,10,18,0,8,9,10,27,0,26,26,53
10/29/2015,HLG,WV,AEA,CE,Federal Contract Tower,0,0,2,3,5,0,2,21,16,39,0,2,23,19,44,0,52,52,96
10/30/2015,HLG,WV,AEA,CE,Federal Contract Tower,0,1,14,4,19,0,12,15,20,47,0,13,29,24,66,16,94,110,176
10/31/2015,HLG,WV,AEA,CE,Federal Contract Tower,0,1,4,1,6,0,0,36,9,45,0,1,40,10,51,36,8,44,95
11/01/2015,HLG,WV,AEA,CE,Federal Contract Tower,0,2,2,3,7,0,2,11,5,18,0,4,13,8,25,30,0,30,55
11/02/2015,HLG,WV,AEA,CE,Federal Contract Tower,0,4,2,0,6,0,7,16,9,32,0,11,18,9,38,6,16,22,60
11/03/2015,HLG,WV,AEA,CE,Federal Contract Tower,0,0,0,5,5,0,10,19,20,49,0,10,19,25,54,20,74,94,148
11/04/2015,HLG,WV,AEA,CE,Federal Contract Tower,0,6,5,3,14,0,2,25,16,43,0,8,30,19,57,0,50,50,107
11/05/2015,HLG,WV,AEA,CE,Federal Contract Tower,0,2,5,4,11,0,0,21,7,28,0,2,26,11,39,10,22,32,71
11/06/2015,HLG,WV,AEA,CE,Federal Contract Tower,0,1,4,0,5,0,0,9,0,9,0,1,13,0,14,14,0,14,28
11/07/2015,HLG,WV,AEA,CE,Federal Contract Tower,0,3,0,0,3,0,2,24,8,34,0,5,24,8,37,4,26,30,67
11/08/2015,HLG,WV,AEA,CE,Federal Contract Tower,0,2,3,0,5,0,2,42,5,49,0,4,45,5,54,0,0,0,54
11/09/2015,HLG,WV,AEA,CE,Federal Contract Tower,0,5,0,4,9,0,18,40,11,69,0,23,40,15,78,10,8,18,96
11/10/2015,HLG,WV,AEA,CE,Federal Contract Tower,0,1,5,0,6,0,0,0,0,0,0,1,5,0,6,0,20,20,26
11/11/2015,HLG,WV,AEA,CE,Federal Contract Tower,0,0,2,0,2,0,8,2,0,10,0,8,4,0,12,0,0,0,12
11/12/2015,HLG,WV,AEA,CE,Federal Contract Tower,0,6,2,0,8,0,0,9,4,13,0,6,11,4,21,14,0,14,35
11/13/2015,HLG,WV,AEA,CE,Federal Contract Tower,0,2,0,2,4,0,0,8,54,62,0,2,8,56,66,0,124,124,190
11/14/2015,HLG,WV,AEA,CE,Federal Contract Tower,0,1,3,0,4,0,0,21,35,56,0,1,24,35,60,6,78,84,144
11/15/2015,HLG,WV,AEA,CE,Federal Contract Tower,0,1,0,1,2,0,0,36,18,54,0,1,36,19,56,56,88,144,200
11/16/2015,HLG,WV,AEA,CE,Federal Contract Tower,0,1,3,0,4,0,2,26,10,38,0,3,29,10,42,4,24,28,70
11/17/2015,HLG,WV,AEA,CE,Federal Contract Tower,0,4,1,6,11,0,8,14,10,32,0,12,15,16,43,0,16,16,59
11/18/2015,HLG,WV,AEA,CE,Federal Contract Tower,0,5,1,0,6,0,10,27,2,39,0,15,28,2,45,22,0,22,67
11/19/2015,HLG,WV,AEA,CE,Federal Contract Tower,0,1,1,3,5,0,6,20,11,37,0,7,21,14,42,18,14,32,74
11/20/2015,HLG,WV,AEA,CE,Federal Contract Tower,0,4,4,0,8,0,0,26,7,33,0,4,30,7,41,0,22,22,63
11/21/2015,HLG,WV,AEA,CE,Federal Contract Tower,0,3,0,0,3,0,4,28,0,32,0,7,28,0,35,28,0,28,63
11/22/2015,HLG,WV,AEA,CE,Federal Contract Tower,0,1,0,0,1,0,0,8,6,14,0,1,8,6,15,0,6,6,21
11/23/2015,HLG,WV,AEA,CE,Federal Contract Tower,0,6,1,5,12,0,14,15,4,33,0,20,16,9,45,12,6,18,63
11/24/2015,HLG,WV,AEA,CE,Federal Contract Tower,0,1,2,2,5,0,6,30,23,59,0,7,32,25,64,10,70,80,144
11/25/2015,HLG,WV,AEA,CE,Federal Contract Tower,0,1,4,8,13,0,10,30,0,40,0,11,34,8,53,26,0,26,79
11/26/2015,HLG,WV,AEA,CE,Federal Contract Tower,0,2,0,0,2,0,2,20,0,22,0,4,20,0,24,0,0,0,24
11/27/2015,HLG,WV,AEA,CE,Federal Contract Tower,0,2,2,4,8,0,2,18,2,22,0,4,20,6,30,0,0,0,30
11/28/2015,HLG,WV,AEA,CE,Federal Contract Tower,0,2,0,0,2,0,0,0,0,0,0,2,0,0,2,0,0,0,2
11/29/2015,HLG,WV,AEA,CE,Federal Contract Tower,0,1,0,0,1,0,2,0,0,2,0,3,0,0,3,0,0,0,3
11/30/2015,HLG,WV,AEA,CE,Federal Contract Tower,0,0,9,0,9,0,0,9,0,9,0,0,18,0,18,0,0,0,18
12/01/2015,HLG,WV,AEA,CE,Federal Contract Tower,0,2,0,2,4,0,0,2,2,4,0,2,2,4,8,0,4,4,12
12/02/2015,HLG,WV,AEA,CE,Federal Contract Tower,0,9,4,2,15,0,4,7,0,11,0,13,11,2,26,16,0,16,42
12/03/2015,HLG,WV,AEA,CE,Federal Contract Tower,0,2,0,0,2,0,0,14,4,18,0,2,14,4,20,2,12,14,34
12/04/2015,HLG,WV,AEA,CE,Federal Contract Tower,0,3,6,2,11,0,4,19,6,29,0,7,25,8,40,6,28,34,74
12/05/2015,HLG,WV,AEA,CE,Federal Contract Tower,0,5,2,2,9,0,0,19,0,19,0,5,21,2,28,34,0,34,62
12/06/2015,HLG,WV,AEA,CE,Federal Contract Tower,0,1,1,0,2,0,0,26,4,30,0,1,27,4,32,14,0,14,46
12/07/2015,HLG,WV,AEA,CE,Federal Contract Tower,0,0,0,0,0,0,6,24,7,37,0,6,24,7,37,0,36,36,73
12/08/2015,HLG,WV,AEA,CE,Federal Contract Tower,0,1,1,3,5,0,5,6,4,15,0,6,7,7,20,0,4,4,24
12/09/2015,HLG,WV,AEA,CE,Federal Contract Tower,0,0,3,0,3,0,0,11,1,12,0,0,14,1,15,0,6,6,21
12/10/2015,HLG,WV,AEA,CE,Federal Contract Tower,0,1,0,4,5,0,0,0,16,16,0,1,0,20,21,0,44,44,65
12/11/2015,HLG,WV,AEA,CE,Federal Contract Tower,0,6,4,0,10,0,0,15,7,22,0,6,19,7,32,0,32,32,64
12/12/2015,HLG,WV,AEA,CE,Federal Contract Tower,0,0,3,0,3,0,2,18,8,28,0,2,21,8,31,0,50,50,81
12/13/2015,HLG,WV,AEA,CE,Federal Contract Tower,0,3,0,0,3,0,0,26,14,40,0,3,26,14,43,20,50,70,113
12/14/2015,HLG,WV,AEA,CE,Federal Contract Tower,0,1,0,2,3,0,0,2,4,6,0,1,2,6,9,0,32,32,41
12/15/2015,HLG,WV,AEA,CE,Federal Contract Tower,0,4,6,0,10,0,4,19,0,23,0,8,25,0,33,0,0,0,33
12/16/2015,HLG,WV,AEA,CE,Federal Contract Tower,0,5,3,0,8,0,2,17,6,25,0,7,20,6,33,14,0,14,47
12/17/2015,HLG,WV,AEA,CE,Federal Contract Tower,0,3,3,0,6,0,0,0,0,0,0,3,3,0,6,0,0,0,6
12/18/2015,HLG,WV,AEA,CE,Federal Contract Tower,0,4,1,0,5,0,2,18,1,21,0,6,19,1,26,0,14,14,40
12/19/2015,HLG,WV,AEA,CE,Federal Contract Tower,0,0,0,0,0,0,2,5,2,9,0,2,5,2,9,0,0,0,9
12/20/2015,HLG,WV,AEA,CE,Federal Contract Tower,0,0,4,0,4,0,9,20,1,30,0,9,24,1,34,10,0,10,44
12/21/2015,HLG,WV,AEA,CE,Federal Contract Tower,0,6,3,6,15,0,2,11,8,21,0,8,14,14,36,0,14,14,50
12/22/2015,HLG,WV,AEA,CE,Federal Contract Tower,0,1,2,9,12,0,0,9,9,18,0,1,11,18,30,4,22,26,56
12/23/2015,HLG,WV,AEA,CE,Federal Contract Tower,0,2,1,0,3,0,0,6,0,6,0,2,7,0,9,0,0,0,9
12/24/2015,HLG,WV,AEA,CE,Federal Contract Tower,0,0,6,0,6,0,4,18,0,22,0,4,24,0,28,0,0,0,28
12/25/2015,HLG,WV,AEA,CE,Federal Contract Tower,0,0,0,0,0,0,4,6,0,10,0,4,6,0,10,0,0,0,10
12/26/2015,HLG,WV,AEA,CE,Federal Contract Tower,0,5,1,0,6,0,4,7,0,11,0,9,8,0,17,8,0,8,25
12/27/2015,HLG,WV,AEA,CE,Federal Contract Tower,0,1,1,0,2,0,4,0,0,4,0,5,1,0,6,0,0,0,6
12/28/2015,HLG,WV,AEA,CE,Federal Contract Tower,0,1,0,0,1,0,2,16,0,18,0,3,16,0,19,0,0,0,19
12/29/2015,HLG,WV,AEA,CE,Federal Contract Tower,0,4,1,6,11,0,4,13,3,20,0,8,14,9,31,0,18,18,49
12/30/2015,HLG,WV,AEA,CE,Federal Contract Tower,0,3,2,2,7,0,6,19,3,28,0,9,21,5,35,16,4,20,55
12/31/2015,HLG,WV,AEA,CE,Federal Contract Tower,0,0,0,2,2,0,2,5,2,9,0,2,5,4,11,0,0,0,11
01/01/2016,HLG,WV,AEA,CE,Federal Contract Tower,0,3,0,0,3,0,4,13,0,17,0,7,13,0,20,10,0,10,30
01/02/2016,HLG,WV,AEA,CE,Federal Contract Tower,0,4,0,0,4,0,0,19,4,23,0,4,19,4,27,8,0,8,35
01/03/2016,HLG,WV,AEA,CE,Federal Contract Tower,0,1,6,0,7,0,4,15,3,22,0,5,21,3,29,8,6,14,43
01/04/2016,HLG,WV,AEA,CE,Federal Contract Tower,0,2,9,0,11,0,2,7,0,9,0,4,16,0,20,0,0,0,20
01/05/2016,HLG,WV,AEA,CE,Federal Contract Tower,0,2,0,0,2,0,4,10,7,21,0,6,10,7,23,0,18,18,41
01/06/2016,HLG,WV,AEA,CE,Federal Contract Tower,0,1,0,1,2,0,4,32,0,36,0,5,32,1,38,16,0,16,54
01/07/2016,HLG,WV,AEA,CE,Federal Contract Tower,0,1,7,9,17,0,6,30,7,43,0,7,37,16,60,46,6,52,112
01/08/2016,HLG,WV,AEA,CE,Federal Contract Tower,0,0,0,0,0,0,2,17,19,38,0,2,17,19,38,0,86,86,124
01/09/2016,HLG,WV,AEA,CE,Federal Contract Tower,0,0,0,2,2,0,0,29,7,36,0,0,29,9,38,20,16,36,74
01/10/2016,HLG,WV,AEA,CE,Federal Contract Tower,0,1,0,0,1,0,0,1,0,1,0,1,1,0,2,0,0,0,2
01/11/2016,HLG,WV,AEA,CE,Federal Contract Tower,0,1,2,0,3,0,0,3,25,28,0,1,5,25,31,0,200,200,231
01/12/2016,HLG,WV,AEA,CE,Federal Contract Tower,0,1,0,0,1,0,0,0,0,0,0,1,0,0,1,0,0,0,1
01/13/2016,HLG,WV,AEA,CE,Federal Contract Tower,0,1,2,0,3,0,2,5,14,21,0,3,7,14,24,0,0,0,24
01/14/2016,HLG,WV,AEA,CE,Federal Contract Tower,0,0,4,2,6,0,6,19,11,36,0,6,23,13,42,6,0,6,48
01/15/2016,HLG,WV,AEA,CE,Federal Contract Tower,0,1,1,0,2,0,4,34,0,38,0,5,35,0,40,0,0,0,40
01/16/2016,HLG,WV,AEA,CE,Federal Contract Tower,0,1,0,0,1,0,0,0,0,0,0,1,0,0,1,0,0,0,1
01/17/2016,HLG,WV,AEA,CE,Federal Contract Tower,0,1,0,0,1,0,0,5,2,7,0,1,5,2,8,6,0,6,14
01/18/2016,HLG,WV,AEA,CE,Federal Contract Tower,0,2,4,0,6,0,4,2,2,8,0,6,6,2,14,0,6,6,20
01/19/2016,HLG,WV,AEA,CE,Federal Contract Tower,0,1,5,3,9,0,2,6,9,17,0,3,11,12,26,0,0,0,26
01/20/2016,HLG,WV,AEA,CE,Federal Contract Tower,0,0,4,4,8,0,0,6,11,17,0,0,10,15,25,0,38,38,63
01/21/2016,HLG,WV,AEA,CE,Federal Contract Tower,0,3,1,8,12,0,2,0,6,8,0,5,1,14,20,0,10,10,30
01/22/2016,HLG,WV,AEA,CE,Federal Contract Tower,0,0,0,4,4,0,4,9,6,19,0,4,9,10,23,0,42,42,65
01/23/2016,HLG,WV,AEA,CE,Federal Contract Tower,0,0,0,0,0,0,8,0,3,11,0,8,0,3,11,0,22,22,33
01/24/2016,HLG,WV,AEA,CE,Federal Contract Tower,0,0,0,0,0,0,0,3,4,7,0,0,3,4,7,0,10,10,17
01/25/2016,HLG,WV,AEA,CE,Federal Contract Tower,0,2,1,2,5,0,12,6,6,24,0,14,7,8,29,0,24,24,53
01/26/2016,HLG,WV,AEA,CE,Federal Contract Tower,0,6,1,2,9,0,2,7,4,13,0,8,8,6,22,0,38,38,60
01/27/2016,HLG,WV,AEA,CE,Federal Contract Tower,0,1,0,2,3,0,0,9,12,21,0,1,9,14,24,0,56,56,80
01/28/2016,HLG,WV,AEA,CE,Federal Contract Tower,0,3,7,0,10,0,6,15,2,23,0,9,22,2,33,0,14,14,47
01/29/2016,HLG,WV,AEA,CE,Federal Contract Tower,0,1,3,0,4,0,0,7,3,10,0,1,10,3,14,0,16,16,30
01/30/2016,HLG,WV,AEA,CE,Federal Contract Tower,0,1,4,0,5,0,2,19,2,23,0,3,23,2,28,8,0,8,36
01/31/2016,HLG,WV,AEA,CE,Federal Contract Tower,0,0,0,0,0,0,0,29,4,33,0,0,29,4,33,16,0,16,49
02/01/2016,HLG,WV,AEA,CE,Federal Contract Tower,0,0,0,2,2,0,4,15,3,22,0,4,15,5,24,4,20,24,48
02/02/2016,HLG,WV,AEA,CE,Federal Contract Tower,0,1,4,12,17,0,13,24,23,60,0,14,28,35,77,0,62,62,139
02/03/2016,HLG,WV,AEA,CE,Federal Contract Tower,0,7,6,0,13,0,6,14,6,26,0,13,20,6,39,0,20,20,59
02/04/2016,HLG,WV,AEA,CE,Federal Contract Tower,0,4,6,8,18,0,2,19,10,31,0,6,25,18,49,0,44,44,93
02/05/2016,HLG,WV,AEA,CE,Federal Contract Tower,0,1,3,2,6,0,6,19,22,47,0,7,22,24,53,0,106,106,159
02/06/2016,HLG,WV,AEA,CE,Federal Contract Tower,0,0,5,0,5,0,0,26,16,42,0,0,31,16,47,22,46,68,115
02/07/2016,HLG,WV,AEA,CE,Federal Contract Tower,0,0,1,0,1,0,2,20,7,29,0,2,21,7,30,14,46,60,90
02/08/2016,HLG,WV,AEA,CE,Federal Contract Tower,0,3,1,2,6,0,4,9,8,21,0,7,10,10,27,0,20,20,47
02/09/2016,HLG,WV,AEA,CE,Federal Contract Tower,0,2,0,0,2,0,0,0,0,0,0,2,0,0,2,0,20,20,22
02/10/2016,HLG,WV,AEA,CE,Federal Contract Tower,0,2,0,0,2,0,0,0,0,0,0,2,0,0,2,0,0,0,2
02/11/2016,HLG,WV,AEA,CE,Federal Contract Tower,0,3,1,0,4,0,2,11,10,23,0,5,12,10,27,0,50,50,77
02/12/2016,HLG,WV,AEA,CE,Federal Contract Tower,0,0,2,0,2,0,2,10,5,17,0,2,12,5,19,0,16,16,35
02/13/2016,HLG,WV,AEA,CE,Federal Contract Tower,0,1,0,0,1,0,0,2,0,2,0,1,2,0,3,0,0,0,3
02/14/2016,HLG,WV,AEA,CE,Federal Contract Tower,0,0,0,0,0,0,0,8,0,8,0,0,8,0,8,8,0,8,16
02/15/2016,HLG,WV,AEA,CE,Federal Contract Tower,0,0,0,0,0,0,2,3,0,5,0,2,3,0,5,0,0,0,5
02/16/2016,HLG,WV,AEA,CE,Federal Contract Tower,0,1,0,0,1,0,0,0,0,0,0,1,0,0,1,0,0,0,1
02/17/2016,HLG,WV,AEA,CE,Federal Contract Tower,0,1,0,0,1,0,0,1,0,1,0,1,1,0,2,0,0,0,2
02/18/2016,HLG,WV,AEA,CE,Federal Contract Tower,0,0,4,3,7,0,4,11,16,31,0,4,15,19,38,0,60,60,98
02/19/2016,HLG,WV,AEA,CE,Federal Contract Tower,0,5,0,4,9,0,2,9,33,44,0,7,9,37,53,0,134,134,187
02/20/2016,HLG,WV,AEA,CE,Federal Contract Tower,0,0,0,0,0,0,2,15,15,32,0,2,15,15,32,8,48,56,88
02/21/2016,HLG,WV,AEA,CE,Federal Contract Tower,0,2,8,0,10,0,0,13,8,21,0,2,21,8,31,4,42,46,77
02/22/2016,HLG,WV,AEA,CE,Federal Contract Tower,0,2,1,1,4,0,5,13,4,22,0,7,14,5,26,0,6,6,32
02/23/2016,HLG,WV,AEA,CE,Federal Contract Tower,0,5,1,2,8,0,4,14,12,30,0,9,15,14,38,0,56,56,94
02/24/2016,HLG,WV,AEA,CE,Federal Contract Tower,0,2,0,0,2,0,0,0,0,0,0,2,0,0,2,0,0,0,2
02/25/2016,HLG,WV,AEA,CE,Federal Contract Tower,0,2,1,0,3,0,0,0,0,0,0,2,1,0,3,0,0,0,3
02/26/2016,HLG,WV,AEA,CE,Federal Contract Tower,0,5,9,0,14,0,8,12,10,30,0,13,21,10,44,10,36,46,90
02/27/2016,HLG,WV,AEA,CE,Federal Contract Tower,0,0,2,0,2,0,4,19,2,25,0,4,21,2,27,28,6,34,61
02/28/2016,HLG,WV,AEA,CE,Federal Contract Tower,0,1,5,0,6,0,2,13,2,17,0,3,18,2,23,12,0,12,35
02/29/2016,HLG,WV,AEA,CE,Federal Contract Tower,0,2,8,0,10,0,0,4,0,4,0,2,12,0,14,0,0,0,14
03/01/2016,HLG,WV,AEA,CE,Federal Contract Tower,0,3,5,1,9,0,2,17,6,25,0,5,22,7,34,0,16,16,50
03/02/2016,HLG,WV,AEA,CE,Federal Contract Tower,0,2,0,6,8,0,8,10,6,24,0,10,10,12,32,6,30,36,68
03/03/2016,HLG,WV,AEA,CE,Federal Contract Tower,0,2,0,1,3,0,2,8,9,19,0,4,8,10,22,0,58,58,80
03/04/2016,HLG,WV,AEA,CE,Federal Contract Tower,0,2,0,0,2,0,4,14,39,57,0,6,14,39,59,0,108,108,167
03/05/2016,HLG,WV,AEA,CE,Federal Contract Tower,0,0,0,2,2,0,4,6,18,28,0,4,6,20,30,0,118,118,148
03/06/2016,HLG,WV,AEA,CE,Federal Contract Tower,0,3,0,0,3,0,2,17,21,40,0,5,17,21,43,8,30,38,81
03/07/2016,HLG,WV,AEA,CE,Federal Contract Tower,0,2,2,1,5,0,2,30,17,49,0,4,32,18,54,0,72,72,126
03/08/2016,HLG,WV,AEA,CE,Federal Contract Tower,0,6,1,4,11,0,2,21,6,29,0,8,22,10,40,0,8,8,48
03/09/2016,HLG,WV,AEA,CE,Federal Contract Tower,0,0,1,0,1,0,8,18,11,37,0,8,19,11,38,6,10,16,54
03/10/2016,HLG,WV,AEA,CE,Federal Contract Tower,0,0,0,0,0,0,0,6,11,17,0,0,6,11,17,0,78,78,95
03/11/2016,HLG,WV,AEA,CE,Federal Contract Tower,0,0,5,0,5,0,2,19,7,28,0,2,24,7,33,0,28,28,61
03/12/2016,HLG,WV,AEA,CE,Federal Contract Tower,0,0,6,2,8,0,0,22,0,22,0,0,28,2,30,24,0,24,54
03/13/2016,HLG,WV,AEA,CE,Federal Contract Tower,0,0,0,0,0,0,0,12,3,15,0,0,12,3,15,0,18,18,33
03/14/2016,HLG,WV,AEA,CE,Federal Contract Tower,0,2,1,1,4,0,4,12,2,18,0,6,13,3,22,10,4,14,36
03/15/2016,HLG,WV,AEA,CE,Federal Contract Tower,0,0,0,11,11,0,0,12,0,12,0,0,12,11,23,12,16,28,51
03/16/2016,HLG,WV,AEA,CE,Federal Contract Tower,0,10,0,0,10,0,10,15,3,28,0,20,15,3,38,0,0,0,38
03/17/2016,HLG,WV,AEA,CE,Federal Contract Tower,0,0,3,0,3,0,4,20,12,36,0,4,23,12,39,0,4,4,43
03/18/2016,HLG,WV,AEA,CE,Federal Contract Tower,0,6,2,0,8,0,2,24,14,40,0,8,26,14,48,2,60,62,110
03/19/2016,HLG,WV,AEA,CE,Federal Contract Tower,0,1,2,2,5,0,0,0,3,3,0,1,2,5,8,0,18,18,26
03/20/2016,HLG,WV,AEA,CE,Federal Contract Tower,0,0,0,0,0,0,0,0,0,0,0,0,0,0,0,0,0,0,0
03/21/2016,HLG,WV,AEA,CE,Federal Contract Tower,0,1,20,0,21,0,2,14,1,17,0,3,34,1,38,0,0,0,38
03/22/2016,HLG,WV,AEA,CE,Federal Contract Tower,0,2,0,2,4,0,2,7,15,24,0,4,7,17,28,0,48,48,76
03/23/2016,HLG,WV,AEA,CE,Federal Contract Tower,0,2,0,10,12,0,10,31,6,47,0,12,31,16,59,6,28,34,93
03/24/2016,HLG,WV,AEA,CE,Federal Contract Tower,0,0,0,4,4,0,10,11,2,23,0,10,11,6,27,0,10,10,37
03/25/2016,HLG,WV,AEA,CE,Federal Contract Tower,0,0,0,4,4,0,2,16,0,18,0,2,16,4,22,0,0,0,22
03/26/2016,HLG,WV,AEA,CE,Federal Contract Tower,0,0,4,0,4,0,0,48,6,54,0,0,52,6,58,20,0,20,78
03/27/2016,HLG,WV,AEA,CE,Federal Contract Tower,0,1,1,0,2,0,2,25,2,29,0,3,26,2,31,46,0,46,77
03/28/2016,HLG,WV,AEA,CE,Federal Contract Tower,0,0,0,0,0,0,6,9,2,17,0,6,9,2,17,0,6,6,23
03/29/2016,HLG,WV,AEA,CE,Federal Contract Tower,0,3,9,4,16,0,6,15,2,23,0,9,24,6,39,12,6,18,57
03/30/2016,HLG,WV,AEA,CE,Federal Contract Tower,0,0,1,2,3,0,8,29,8,45,0,8,30,10,48,6,14,20,68
03/31/2016,HLG,WV,AEA,CE,Federal Contract Tower,0,6,0,2,8,0,6,3,23,32,0,12,3,25,40,0,76,76,116
04/01/2016,HLG,WV,AEA,CE,Federal Contract Tower,0,3,3,0,6,0,6,20,27,53,0,9,23,27,59,6,118,124,183
04/02/2016,HLG,WV,AEA,CE,Federal Contract Tower,0,1,0,0,1,0,2,6,2,10,0,3,6,2,11,0,0,0,11
04/03/2016,HLG,WV,AEA,CE,Federal Contract Tower,0,0,4,2,6,0,2,15,10,27,0,2,19,12,33,0,20,20,53
04/04/2016,HLG,WV,AEA,CE,Federal Contract Tower,0,9,0,0,9,0,8,13,17,38,0,17,13,17,47,0,30,30,77
04/05/2016,HLG,WV,AEA,CE,Federal Contract Tower,0,0,1,4,5,0,4,155,17,176,0,4,156,21,181,0,58,58,239
04/06/2016,HLG,WV,AEA,CE,Federal Contract Tower,0,4,1,0,5,0,2,6,15,23,0,6,7,15,28,0,42,42,70
04/07/2016,HLG,WV,AEA,CE,Federal Contract Tower,0,1,1,4,6,0,0,0,8,8,0,1,1,12,14,0,22,22,36
04/08/2016,HLG,WV,AEA,CE,Federal Contract Tower,0,0,2,0,2,0,6,13,2,21,0,6,15,2,23,0,6,6,29
04/09/2016,HLG,WV,AEA,CE,Federal Contract Tower,0,0,0,0,0,0,0,1,1,2,0,0,1,1,2,14,16,30,32
04/10/2016,HLG,WV,AEA,CE,Federal Contract Tower,0,0,1,0,1,0,4,18,8,30,0,4,19,8,31,12,0,12,43
04/11/2016,HLG,WV,AEA,CE,Federal Contract Tower,0,1,3,4,8,0,2,4,18,24,0,3,7,22,32,0,52,52,84
04/12/2016,HLG,WV,AEA,CE,Federal Contract Tower,0,0,0,0,0,0,4,9,13,26,0,4,9,13,26,16,46,62,88
04/13/2016,HLG,WV,AEA,CE,Federal Contract Tower,0,3,11,0,14,0,12,28,10,50,0,15,39,10,64,26,44,70,134
04/14/2016,HLG,WV,AEA,CE,Federal Contract Tower,0,4,9,1,14,0,2,31,4,37,0,6,40,5,51,4,10,14,65
04/15/2016,HLG,WV,AEA,CE,Federal Contract Tower,0,0,0,0,0,0,4,29,2,35,0,4,29,2,35,8,20,28,63
04/16/2016,HLG,WV,AEA,CE,Federal Contract Tower,0,1,0,2,3,0,14,34,3,51,0,15,34,5,54,18,12,30,84
04/17/2016,HLG,WV,AEA,CE,Federal Contract Tower,0,1,2,0,3,0,0,24,6,30,0,1,26,6,33,16,0,16,49
04/18/2016,HLG,WV,AEA,CE,Federal Contract Tower,0,0,0,8,8,0,8,21,3,32,0,8,21,11,40,4,8,12,52
04/19/2016,HLG,WV,AEA,CE,Federal Contract Tower,0,1,1,8,10,0,12,26,15,53,0,13,27,23,63,0,12,12,75
04/20/2016,HLG,WV,AEA,CE,Federal Contract Tower,0,1,2,6,9,0,2,40,15,57,0,3,42,21,66,12,24,36,102
04/21/2016,HLG,WV,AEA,CE,Federal Contract Tower,0,3,3,6,12,0,6,26,9,41,0,9,29,15,53,0,22,22,75
04/22/2016,HLG,WV,AEA,CE,Federal Contract Tower,0,2,2,11,15,0,2,21,17,40,0,4,23,28,55,0,82,82,137
04/23/2016,HLG,WV,AEA,CE,Federal Contract Tower,0,1,2,0,3,0,0,14,0,14,0,1,16,0,17,4,0,4,21
04/24/2016,HLG,WV,AEA,CE,Federal Contract Tower,0,3,6,0,9,0,2,24,5,31,0,5,30,5,40,38,0,38,78
04/25/2016,HLG,WV,AEA,CE,Federal Contract Tower,0,3,0,0,3,0,10,22,21,53,0,13,22,21,56,2,50,52,108
04/26/2016,HLG,WV,AEA,CE,Federal Contract Tower,0,7,3,0,10,0,2,16,15,33,0,9,19,15,43,0,38,38,81
04/27/2016,HLG,WV,AEA,CE,Federal Contract Tower,0,7,4,10,21,0,2,22,10,34,0,9,26,20,55,0,28,28,83
04/28/2016,HLG,WV,AEA,CE,Federal Contract Tower,0,5,0,2,7,0,8,6,0,14,0,13,6,2,21,0,0,0,21
04/29/2016,HLG,WV,AEA,CE,Federal Contract Tower,0,1,5,2,8,0,4,7,0,11,0,5,12,2,19,0,0,0,19
04/30/2016,HLG,WV,AEA,CE,Federal Contract Tower,0,1,10,1,12,0,0,19,1,20,0,1,29,2,32,10,4,14,46
05/01/2016,HLG,WV,AEA,CE,Federal Contract Tower,0,2,9,0,11,0,0,11,0,11,0,2,20,0,22,0,0,0,22
05/02/2016,HLG,WV,AEA,CE,Federal Contract Tower,0,2,3,4,9,0,9,16,4,29,0,11,19,8,38,22,8,30,68
05/03/2016,HLG,WV,AEA,CE,Federal Contract Tower,0,2,2,4,8,0,8,10,8,26,0,10,12,12,34,24,54,78,112
05/04/2016,HLG,WV,AEA,CE,Federal Contract Tower,0,7,0,4,11,0,4,16,2,22,0,11,16,6,33,0,6,6,39
05/05/2016,HLG,WV,AEA,CE,Federal Contract Tower,0,12,1,9,22,0,0,8,0,8,0,12,9,9,30,0,0,0,30
05/06/2016,HLG,WV,AEA,CE,Federal Contract Tower,0,2,0,3,5,0,10,16,10,36,0,12,16,13,41,0,20,20,61
05/07/2016,HLG,WV,AEA,CE,Federal Contract Tower,0,2,2,0,4,0,2,30,0,32,0,4,32,0,36,34,0,34,70
05/08/2016,HLG,WV,AEA,CE,Federal Contract Tower,0,1,1,0,2,0,0,20,0,20,0,1,21,0,22,0,0,0,22
05/09/2016,HLG,WV,AEA,CE,Federal Contract Tower,0,1,3,0,4,0,8,11,12,31,0,9,14,12,35,0,122,122,157
05/10/2016,HLG,WV,AEA,CE,Federal Contract Tower,0,2,0,2,4,0,0,24,9,33,0,2,24,11,37,0,32,32,69
05/11/2016,HLG,WV,AEA,CE,Federal Contract Tower,0,9,3,0,12,0,6,11,3,20,0,15,14,3,32,6,12,18,50
05/12/2016,HLG,WV,AEA,CE,Federal Contract Tower,0,1,2,0,3,0,14,25,2,41,0,15,27,2,44,12,26,38,82
05/13/2016,HLG,WV,AEA,CE,Federal Contract Tower,0,0,0,4,4,0,10,24,8,42,0,10,24,12,46,0,42,42,88
05/14/2016,HLG,WV,AEA,CE,Federal Contract Tower,0,0,0,4,4,0,0,0,9,9,0,0,0,13,13,0,42,42,55
05/15/2016,HLG,WV,AEA,CE,Federal Contract Tower,0,0,1,0,1,0,4,14,8,26,0,4,15,8,27,0,56,56,83
05/16/2016,HLG,WV,AEA,CE,Federal Contract Tower,0,3,3,0,6,0,8,24,17,49,0,11,27,17,55,2,50,52,107
05/17/2016,HLG,WV,AEA,CE,Federal Contract Tower,0,0,4,0,4,0,2,7,12,21,0,2,11,12,25,22,40,62,87
05/18/2016,HLG,WV,AEA,CE,Federal Contract Tower,0,5,2,8,15,0,10,7,9,26,0,15,9,17,41,0,14,14,55
05/19/2016,HLG,WV,AEA,CE,Federal Contract Tower,0,3,10,3,16,0,6,41,7,54,0,9,51,10,70,14,26,40,110
05/20/2016,HLG,WV,AEA,CE,Federal Contract Tower,0,2,4,0,6,0,4,29,4,37,0,6,33,4,43,0,28,28,71
05/21/2016,HLG,WV,AEA,CE,Federal Contract Tower,0,0,2,0,2,0,0,0,0,0,0,0,2,0,2,0,0,0,2
05/22/2016,HLG,WV,AEA,CE,Federal Contract Tower,0,2,3,1,6,0,4,17,12,33,0,6,20,13,39,14,86,100,139
05/23/2016,HLG,WV,AEA,CE,Federal Contract Tower,0,2,2,0,4,0,8,18,7,33,0,10,20,7,37,58,18,76,113
05/24/2016,HLG,WV,AEA,CE,Federal Contract Tower,0,1,2,2,5,0,6,16,24,46,0,7,18,26,51,0,98,98,149
05/25/2016,HLG,WV,AEA,CE,Federal Contract Tower,0,5,3,0,8,0,6,32,3,41,0,11,35,3,49,4,6,10,59
05/26/2016,HLG,WV,AEA,CE,Federal Contract Tower,0,5,2,4,11,0,8,25,14,47,0,13,27,18,58,0,18,18,76
05/27/2016,HLG,WV,AEA,CE,Federal Contract Tower,0,0,1,0,1,0,10,23,0,33,0,10,24,0,34,0,0,0,34
05/28/2016,HLG,WV,AEA,CE,Federal Contract Tower,0,0,0,0,0,0,4,19,1,24,0,4,19,1,24,14,8,22,46
05/29/2016,HLG,WV,AEA,CE,Federal Contract Tower,0,0,6,0,6,0,0,11,0,11,0,0,17,0,17,0,0,0,17
05/30/2016,HLG,WV,AEA,CE,Federal Contract Tower,0,0,0,0,0,0,0,27,0,27,0,0,27,0,27,40,0,40,67
05/31/2016,HLG,WV,AEA,CE,Federal Contract Tower,0,7,3,0,10,0,7,28,12,47,0,14,31,12,57,0,60,60,117
06/01/2016,HLG,WV,AEA,CE,Federal Contract Tower,0,2,2,11,15,0,6,34,2,42,0,8,36,13,57,8,9,17,74
06/02/2016,HLG,WV,AEA,CE,Federal Contract Tower,0,4,1,0,5,0,3,19,3,25,0,7,20,3,30,0,6,6,36
06/03/2016,HLG,WV,AEA,CE,Federal Contract Tower,0,3,3,4,10,0,12,15,4,31,0,15,18,8,41,0,18,18,59
06/04/2016,HLG,WV,AEA,CE,Federal Contract Tower,0,4,4,2,10,0,0,19,7,26,0,4,23,9,36,0,0,0,36
06/05/2016,HLG,WV,AEA,CE,Federal Contract Tower,0,0,0,4,4,0,2,12,4,18,0,2,12,8,22,0,0,0,22
06/06/2016,HLG,WV,AEA,CE,Federal Contract Tower,0,4,6,0,10,0,19,16,1,36,0,23,22,1,46,22,0,22,68
06/07/2016,HLG,WV,AEA,CE,Federal Contract Tower,0,10,2,2,14,0,4,20,7,31,0,14,22,9,45,0,8,8,53
06/08/2016,HLG,WV,AEA,CE,Federal Contract Tower,0,6,2,6,14,0,2,9,5,16,0,8,11,11,30,0,24,24,54
06/09/2016,HLG,WV,AEA,CE,Federal Contract Tower,0,1,2,4,7,0,4,24,8,36,0,5,26,12,43,0,20,20,63
06/10/2016,HLG,WV,AEA,CE,Federal Contract Tower,0,3,0,4,7,0,3,19,6,28,0,6,19,10,35,6,18,24,59
06/11/2016,HLG,WV,AEA,CE,Federal Contract Tower,0,1,2,2,5,0,7,13,5,25,0,8,15,7,30,14,0,14,44
06/12/2016,HLG,WV,AEA,CE,Federal Contract Tower,0,4,5,0,9,0,4,22,0,26,0,8,27,0,35,8,0,8,43
06/13/2016,HLG,WV,AEA,CE,Federal Contract Tower,0,3,6,0,9,0,2,25,5,32,0,5,31,5,41,0,24,24,65
06/14/2016,HLG,WV,AEA,CE,Federal Contract Tower,0,0,1,8,9,0,8,17,10,35,0,8,18,18,44,0,42,42,86
06/15/2016,HLG,WV,AEA,CE,Federal Contract Tower,0,4,0,4,8,0,5,19,4,28,0,9,19,8,36,10,12,22,58
06/16/2016,HLG,WV,AEA,CE,Federal Contract Tower,0,0,0,0,0,0,0,0,0,0,0,0,0,0,0,20,0,20,20
06/17/2016,HLG,WV,AEA,CE,Federal Contract Tower,0,3,0,6,9,0,6,22,10,38,0,9,22,16,47,10,20,30,77
06/18/2016,HLG,WV,AEA,CE,Federal Contract Tower,0,1,0,0,1,0,9,34,0,43,0,10,34,0,44,4,0,4,48
06/19/2016,HLG,WV,AEA,CE,Federal Contract Tower,0,2,2,0,4,0,4,23,2,29,0,6,25,2,33,16,0,16,49
06/20/2016,HLG,WV,AEA,CE,Federal Contract Tower,0,2,4,0,6,0,14,25,17,56,0,16,29,17,62,22,30,52,114
06/21/2016,HLG,WV,AEA,CE,Federal Contract Tower,0,3,0,0,3,0,2,8,9,19,0,5,8,9,22,0,44,44,66
06/22/2016,HLG,WV,AEA,CE,Federal Contract Tower,0,1,8,8,17,0,8,49,24,81,0,9,57,32,98,10,74,84,182
06/23/2016,HLG,WV,AEA,CE,Federal Contract Tower,0,6,4,2,12,0,0,0,4,4,0,6,4,6,16,0,48,48,64
06/24/2016,HLG,WV,AEA,CE,Federal Contract Tower,0,2,3,0,5,0,0,30,5,35,0,2,33,5,40,18,12,30,70
06/25/2016,HLG,WV,AEA,CE,Federal Contract Tower,0,3,0,0,3,0,2,21,10,33,0,5,21,10,36,4,44,48,84
06/26/2016,HLG,WV,AEA,CE,Federal Contract Tower,0,2,0,0,2,0,6,34,9,49,0,8,34,9,51,26,18,44,95
06/27/2016,HLG,WV,AEA,CE,Federal Contract Tower,0,1,0,0,1,0,4,4,5,13,0,5,4,5,14,0,8,8,22
06/28/2016,HLG,WV,AEA,CE,Federal Contract Tower,0,5,4,1,10,0,6,22,19,47,0,11,26,20,57,0,26,26,83
06/29/2016,HLG,WV,AEA,CE,Federal Contract Tower,0,7,2,0,9,0,6,25,14,45,0,13,27,14,54,20,40,60,114
06/30/2016,HLG,WV,AEA,CE,Federal Contract Tower,0,7,2,0,9,0,8,22,14,44,0,15,24,14,53,6,32,38,91
07/01/2016,HLG,WV,AEA,CE,Federal Contract Tower,0,2,1,0,3,0,6,18,10,34,0,8,19,10,37,0,40,40,77
07/02/2016,HLG,WV,AEA,CE,Federal Contract Tower,0,4,0,0,4,0,2,15,4,21,0,6,15,4,25,14,14,28,53
07/03/2016,HLG,WV,AEA,CE,Federal Contract Tower,0,0,4,0,4,0,4,21,0,25,0,4,25,0,29,22,0,22,51
07/04/2016,HLG,WV,AEA,CE,Federal Contract Tower,0,2,0,0,2,0,0,5,3,8,0,2,5,3,10,4,8,12,22
07/05/2016,HLG,WV,AEA,CE,Federal Contract Tower,0,2,2,0,4,0,6,4,2,12,0,8,6,2,16,0,4,4,20
07/06/2016,HLG,WV,AEA,CE,Federal Contract Tower,0,0,1,9,10,0,2,18,14,34,0,2,19,23,44,6,72,78,122
07/07/2016,HLG,WV,AEA,CE,Federal Contract Tower,0,2,5,12,19,0,0,12,4,16,0,2,17,16,35,0,8,8,43
07/08/2016,HLG,WV,AEA,CE,Federal Contract Tower,0,5,1,1,7,0,15,21,7,43,0,20,22,8,50,10,38,48,98
07/09/2016,HLG,WV,AEA,CE,Federal Contract Tower,0,0,2,2,4,0,12,21,2,35,0,12,23,4,39,18,18,36,75
07/10/2016,HLG,WV,AEA,CE,Federal Contract Tower,0,1,2,1,4,0,0,31,1,32,0,1,33,2,36,18,0,18,54
07/11/2016,HLG,WV,AEA,CE,Federal Contract Tower,0,2,1,0,3,0,8,20,2,30,0,10,21,2,33,46,4,50,83
07/12/2016,HLG,WV,AEA,CE,Federal Contract Tower,0,1,2,4,7,0,10,14,14,38,0,11,16,18,45,0,52,52,97
07/13/2016,HLG,WV,AEA,CE,Federal Contract Tower,0,3,1,2,6,0,10,18,10,38,0,13,19,12,44,0,12,12,56
07/14/2016,HLG,WV,AEA,CE,Federal Contract Tower,0,0,3,4,7,0,6,17,5,28,0,6,20,9,35,0,24,24,59
07/15/2016,HLG,WV,AEA,CE,Federal Contract Tower,0,5,8,1,14,0,10,1,0,11,0,15,9,1,25,0,0,0,25
07/16/2016,HLG,WV,AEA,CE,Federal Contract Tower,0,1,1,1,3,0,2,32,0,34,0,3,33,1,37,44,0,44,81
07/17/2016,HLG,WV,AEA,CE,Federal Contract Tower,0,6,0,0,6,0,6,24,3,33,0,12,24,3,39,16,0,16,55
07/18/2016,HLG,WV,AEA,CE,Federal Contract Tower,0,3,1,2,6,0,8,1,10,19,0,11,2,12,25,0,24,24,49
07/19/2016,HLG,WV,AEA,CE,Federal Contract Tower,0,2,2,0,4,0,18,13,12,43,0,20,15,12,47,26,2,28,75
07/20/2016,HLG,WV,AEA,CE,Federal Contract Tower,0,2,4,4,10,0,4,34,9,47,0,6,38,13,57,0,14,14,71
07/21/2016,HLG,WV,AEA,CE,Federal Contract Tower,0,2,6,0,8,0,8,36,5,49,0,10,42,5,57,16,4,20,77
07/22/2016,HLG,WV,AEA,CE,Federal Contract Tower,0,1,1,2,4,0,2,6,4,12,0,3,7,6,16,0,22,22,38
07/23/2016,HLG,WV,AEA,CE,Federal Contract Tower,0,0,0,0,0,0,0,10,0,10,0,0,10,0,10,28,0,28,38
07/24/2016,HLG,WV,AEA,CE,Federal Contract Tower,0,0,2,0,2,0,0,23,4,27,0,0,25,4,29,18,0,18,47
07/25/2016,HLG,WV,AEA,CE,Federal Contract Tower,0,0,2,0,2,0,4,19,4,27,0,4,21,4,29,6,14,20,49
07/26/2016,HLG,WV,AEA,CE,Federal Contract Tower,0,1,3,0,4,0,4,44,9,57,0,5,47,9,61,2,90,92,153
07/27/2016,HLG,WV,AEA,CE,Federal Contract Tower,0,1,3,6,10,0,0,16,24,40,0,1,19,30,50,0,38,38,88
07/28/2016,HLG,WV,AEA,CE,Federal Contract Tower,0,13,4,0,17,0,0,2,3,5,0,13,6,3,22,0,0,0,22
07/29/2016,HLG,WV,AEA,CE,Federal Contract Tower,0,7,6,4,17,0,2,19,8,29,0,9,25,12,46,0,26,26,72
07/30/2016,HLG,WV,AEA,CE,Federal Contract Tower,0,1,2,0,3,0,11,2,0,13,0,12,4,0,16,0,0,0,16
07/31/2016,HLG,WV,AEA,CE,Federal Contract Tower,0,5,2,0,7,0,4,17,6,27,0,9,19,6,34,2,0,2,36
08/01/2016,HLG,WV,AEA,CE,Federal Contract Tower,0,6,1,0,7,0,2,15,0,17,0,8,16,0,24,0,0,0,24
08/02/2016,HLG,WV,AEA,CE,Federal Contract Tower,0,1,0,0,1,0,4,21,2,27,0,5,21,2,28,8,6,14,42
08/03/2016,HLG,WV,AEA,CE,Federal Contract Tower,0,1,1,4,6,0,4,36,8,48,0,5,37,12,54,2,10,12,66
08/04/2016,HLG,WV,AEA,CE,Federal Contract Tower,0,1,0,0,1,0,12,37,6,55,0,13,37,6,56,34,32,66,122
08/05/2016,HLG,WV,AEA,CE,Federal Contract Tower,0,1,4,0,5,0,14,32,15,61,0,15,36,15,66,0,28,28,94
08/06/2016,HLG,WV,AEA,CE,Federal Contract Tower,0,4,0,8,12,0,2,29,15,46,0,6,29,23,58,24,78,102,160
08/07/2016,HLG,WV,AEA,CE,Federal Contract Tower,0,3,2,0,5,0,3,26,11,40,0,6,28,11,45,0,46,46,91
08/08/2016,HLG,WV,AEA,CE,Federal Contract Tower,0,3,0,0,3,0,2,18,22,42,0,5,18,22,45,0,62,62,107
08/09/2016,HLG,WV,AEA,CE,Federal Contract Tower,0,1,0,0,1,0,6,23,16,45,0,7,23,16,46,6,48,54,100
08/10/2016,HLG,WV,AEA,CE,Federal Contract Tower,0,5,0,0,5,0,3,26,32,61,0,8,26,32,66,10,24,34,100
08/11/2016,HLG,WV,AEA,CE,Federal Contract Tower,0,0,2,1,3,0,6,33,18,57,0,6,35,19,60,12,26,38,98
08/12/2016,HLG,WV,AEA,CE,Federal Contract Tower,0,1,19,4,24,0,0,13,5,18,0,1,32,9,42,0,16,16,58
08/13/2016,HLG,WV,AEA,CE,Federal Contract Tower,0,2,1,0,3,0,1,21,5,27,0,3,22,5,30,48,12,60,90
08/14/2016,HLG,WV,AEA,CE,Federal Contract Tower,0,0,1,0,1,0,2,19,0,21,0,2,20,0,22,8,0,8,30
08/15/2016,HLG,WV,AEA,CE,Federal Contract Tower,0,0,7,2,9,0,4,11,2,17,0,4,18,4,26,2,0,2,28
08/16/2016,HLG,WV,AEA,CE,Federal Contract Tower,0,7,3,2,12,0,17,11,5,33,0,24,14,7,45,28,4,32,77
08/17/2016,HLG,WV,AEA,CE,Federal Contract Tower,0,1,5,0,6,0,2,8,21,31,0,3,13,21,37,0,34,34,71
08/18/2016,HLG,WV,AEA,CE,Federal Contract Tower,0,15,3,4,22,0,0,18,39,57,0,15,21,43,79,6,50,56,135
08/19/2016,HLG,WV,AEA,CE,Federal Contract Tower,0,0,2,0,2,0,0,20,9,29,0,0,22,9,31,0,44,44,75
08/20/2016,HLG,WV,AEA,CE,Federal Contract Tower,0,3,2,1,6,0,0,31,11,42,0,3,33,12,48,14,28,42,90
08/21/2016,HLG,WV,AEA,CE,Federal Contract Tower,0,2,1,0,3,0,6,20,4,30,0,8,21,4,33,20,21,41,74
08/22/2016,HLG,WV,AEA,CE,Federal Contract Tower,0,4,0,0,4,0,16,30,2,48,0,20,30,2,52,4,14,18,70
08/23/2016,HLG,WV,AEA,CE,Federal Contract Tower,0,2,7,4,13,0,4,45,17,66,0,6,52,21,79,6,20,26,105
08/24/2016,HLG,WV,AEA,CE,Federal Contract Tower,0,3,3,0,6,0,2,39,20,61,0,5,42,20,67,43,50,93,160
08/25/2016,HLG,WV,AEA,CE,Federal Contract Tower,0,3,1,2,6,0,3,24,26,53,0,6,25,28,59,32,38,70,129
08/26/2016,HLG,WV,AEA,CE,Federal Contract Tower,0,1,0,0,1,0,6,67,2,75,0,7,67,2,76,14,6,20,96
08/27/2016,HLG,WV,AEA,CE,Federal Contract Tower,0,0,2,1,3,0,4,91,0,95,0,4,93,1,98,10,0,10,108
08/28/2016,HLG,WV,AEA,CE,Federal Contract Tower,0,2,0,0,2,0,4,43,2,49,0,6,43,2,51,38,0,38,89
08/29/2016,HLG,WV,AEA,CE,Federal Contract Tower,0,1,6,1,8,0,2,28,11,41,0,3,34,12,49,16,46,62,111
08/30/2016,HLG,WV,AEA,CE,Federal Contract Tower,0,4,3,0,7,0,14,26,15,55,0,18,29,15,62,18,40,58,120
08/31/2016,HLG,WV,AEA,CE,Federal Contract Tower,0,4,3,8,15,0,0,21,13,34,0,4,24,21,49,8,28,36,85
09/01/2016,HLG,WV,AEA,CE,Federal Contract Tower,0,0,0,0,0,0,6,46,15,67,0,6,46,15,67,0,48,48,115
09/02/2016,HLG,WV,AEA,CE,Federal Contract Tower,0,6,3,0,9,0,8,35,0,43,0,14,38,0,52,12,0,12,64
09/03/2016,HLG,WV,AEA,CE,Federal Contract Tower,0,1,1,1,3,0,11,37,1,49,0,12,38,2,52,16,0,16,68
09/04/2016,HLG,WV,AEA,CE,Federal Contract Tower,0,1,2,0,3,0,16,53,0,69,0,17,55,0,72,22,0,22,94
09/05/2016,HLG,WV,AEA,CE,Federal Contract Tower,0,0,2,1,3,0,15,38,0,53,0,15,40,1,56,52,0,52,108
09/06/2016,HLG,WV,AEA,CE,Federal Contract Tower,0,1,1,8,10,0,8,31,33,72,0,9,32,41,82,24,23,47,129
09/07/2016,HLG,WV,AEA,CE,Federal Contract Tower,0,5,9,3,17,0,8,27,4,39,0,13,36,7,56,18,18,36,92
09/08/2016,HLG,WV,AEA,CE,Federal Contract Tower,0,2,4,4,10,0,6,15,20,41,0,8,19,24,51,6,64,70,121
09/09/2016,HLG,WV,AEA,CE,Federal Contract Tower,0,2,2,4,8,0,0,12,10,22,0,2,14,14,30,0,66,66,96
09/10/2016,HLG,WV,AEA,CE,Federal Contract Tower,0,0,2,2,4,0,20,33,31,84,0,20,35,33,88,10,78,88,176
09/11/2016,HLG,WV,AEA,CE,Federal Contract Tower,0,0,2,8,10,0,13,33,28,74,0,13,35,36,84,23,23,46,130
09/12/2016,HLG,WV,AEA,CE,Federal Contract Tower,0,7,2,0,9,0,15,51,12,78,0,22,53,12,87,54,27,81,168
09/13/2016,HLG,WV,AEA,CE,Federal Contract Tower,0,1,2,5,8,0,11,24,15,50,0,12,26,20,58,46,69,115,173
09/14/2016,HLG,WV,AEA,CE,Federal Contract Tower,0,3,4,2,9,0,23,26,12,61,0,26,30,14,70,10,28,38,108
09/15/2016,HLG,WV,AEA,CE,Federal Contract Tower,0,6,0,0,6,0,4,26,21,51,0,10,26,21,57,0,30,30,87
09/16/2016,HLG,WV,AEA,CE,Federal Contract Tower,0,3,0,2,5,0,0,25,2,27,0,3,25,4,32,6,0,6,38
09/17/2016,HLG,WV,AEA,CE,Federal Contract Tower,0,1,0,0,1,0,14,30,0,44,0,15,30,0,45,24,0,24,69
09/18/2016,HLG,WV,AEA,CE,Federal Contract Tower,0,0,0,2,2,0,8,10,8,26,0,8,10,10,28,10,6,16,44
09/19/2016,HLG,WV,AEA,CE,Federal Contract Tower,0,1,3,6,10,0,19,23,4,46,0,20,26,10,56,16,0,16,72
09/20/2016,HLG,WV,AEA,CE,Federal Contract Tower,0,5,9,5,19,0,25,37,17,79,0,30,46,22,98,24,60,84,182
09/21/2016,HLG,WV,AEA,CE,Federal Contract Tower,0,2,1,1,4,0,9,18,16,43,0,11,19,17,47,7,20,27,74
09/22/2016,HLG,WV,AEA,CE,Federal Contract Tower,0,3,8,0,11,0,2,30,12,44,0,5,38,12,55,0,74,74,129
09/23/2016,HLG,WV,AEA,CE,Federal Contract Tower,0,1,3,0,4,0,4,21,15,40,0,5,24,15,44,0,86,86,130
09/24/2016,HLG,WV,AEA,CE,Federal Contract Tower,0,1,4,0,5,0,8,42,13,63,0,9,46,13,68,20,70,90,158
09/25/2016,HLG,WV,AEA,CE,Federal Contract Tower,0,2,0,1,3,0,13,39,8,60,0,15,39,9,63,28,26,54,117
09/26/2016,HLG,WV,AEA,CE,Federal Contract Tower,0,1,2,0,3,0,24,22,6,52,0,25,24,6,55,24,34,58,113
09/27/2016,HLG,WV,AEA,CE,Federal Contract Tower,0,5,6,0,11,0,18,31,13,62,0,23,37,13,73,15,33,48,121
09/28/2016,HLG,WV,AEA,CE,Federal Contract Tower,0,3,3,0,6,0,8,30,10,48,0,11,33,10,54,2,64,66,120
09/29/2016,HLG,WV,AEA,CE,Federal Contract Tower,0,4,1,4,9,0,0,0,8,8,0,4,1,12,17,0,46,46,63
09/30/2016,HLG,WV,AEA,CE,Federal Contract Tower,0,0,12,0,12,0,0,0,0,0,0,0,12,0,12,0,0,0,12
10/01/2016,HLG,WV,AEA,CE,Federal Contract Tower,0,4,6,0,10,0,16,21,5,42,0,20,27,5,52,22,4,26,78
10/02/2016,HLG,WV,AEA,CE,Federal Contract Tower,0,0,2,0,2,0,10,31,3,44,0,10,33,3,46,30,4,34,80
10/03/2016,HLG,WV,AEA,CE,Federal Contract Tower,0,1,2,0,3,0,24,22,5,51,0,25,24,5,54,34,10,44,98
10/04/2016,HLG,WV,AEA,CE,Federal Contract Tower,0,0,2,8,10,0,14,25,19,58,0,14,27,27,68,6,42,48,116
10/05/2016,HLG,WV,AEA,CE,Federal Contract Tower,0,3,6,0,9,0,8,21,1,30,0,11,27,1,39,0,0,0,39
10/06/2016,HLG,WV,AEA,CE,Federal Contract Tower,0,1,3,0,4,0,2,28,4,34,0,3,31,4,38,10,14,24,62
10/07/2016,HLG,WV,AEA,CE,Federal Contract Tower,0,3,3,0,6,0,4,18,2,24,0,7,21,2,30,20,0,20,50
10/08/2016,HLG,WV,AEA,CE,Federal Contract Tower,0,2,2,1,5,0,12,13,5,30,0,14,15,6,35,8,8,16,51
10/09/2016,HLG,WV,AEA,CE,Federal Contract Tower,0,0,1,0,1,0,18,33,5,56,0,18,34,5,57,36,8,44,101
10/10/2016,HLG,WV,AEA,CE,Federal Contract Tower,0,2,0,0,2,0,25,21,4,50,0,27,21,4,52,24,8,32,84
10/11/2016,HLG,WV,AEA,CE,Federal Contract Tower,0,1,3,0,4,0,9,12,35,56,0,10,15,35,60,6,92,98,158
10/12/2016,HLG,WV,AEA,CE,Federal Contract Tower,0,1,4,10,15,0,11,15,7,33,0,12,19,17,48,8,18,26,74
10/13/2016,HLG,WV,AEA,CE,Federal Contract Tower,0,5,6,3,14,0,13,9,7,29,0,18,15,10,43,6,50,56,99
10/14/2016,HLG,WV,AEA,CE,Federal Contract Tower,0,0,0,4,4,0,10,7,7,24,0,10,7,11,28,8,40,48,76
10/15/2016,HLG,WV,AEA,CE,Federal Contract Tower,0,0,1,4,5,0,22,22,6,50,0,22,23,10,55,32,26,58,113
10/16/2016,HLG,WV,AEA,CE,Federal Contract Tower,0,0,3,0,3,0,16,28,13,57,0,16,31,13,60,20,22,42,102
10/17/2016,HLG,WV,AEA,CE,Federal Contract Tower,0,2,2,0,4,0,24,26,11,61,0,26,28,11,65,16,22,38,103
10/18/2016,HLG,WV,AEA,CE,Federal Contract Tower,0,2,10,4,16,0,15,25,9,49,0,17,35,13,65,14,36,50,115
10/19/2016,HLG,WV,AEA,CE,Federal Contract Tower,0,3,5,5,13,0,10,13,13,36,0,13,18,18,49,2,16,18,67
10/20/2016,HLG,WV,AEA,CE,Federal Contract Tower,0,1,1,0,2,0,2,10,3,15,0,3,11,3,17,0,12,12,29
10/21/2016,HLG,WV,AEA,CE,Federal Contract Tower,0,1,5,0,6,0,0,0,12,12,0,1,5,12,18,0,122,122,140
10/22/2016,HLG,WV,AEA,CE,Federal Contract Tower,0,4,0,0,4,0,16,21,18,55,0,20,21,18,59,2,76,78,137
10/23/2016,HLG,WV,AEA,CE,Federal Contract Tower,0,6,1,0,7,0,14,24,9,47,0,20,25,9,54,32,34,66,120
10/24/2016,HLG,WV,AEA,CE,Federal Contract Tower,0,4,5,0,9,0,16,8,20,44,0,20,13,20,53,6,50,56,109
10/25/2016,HLG,WV,AEA,CE,Federal Contract Tower,0,4,3,0,7,0,16,20,27,63,0,20,23,27,70,10,88,98,168
10/26/2016,HLG,WV,AEA,CE,Federal Contract Tower,0,2,2,5,9,0,9,12,21,42,0,11,14,26,51,4,74,78,129
10/27/2016,HLG,WV,AEA,CE,Federal Contract Tower,0,1,2,6,9,0,0,0,17,17,0,1,2,23,26,0,62,62,88
10/28/2016,HLG,WV,AEA,CE,Federal Contract Tower,0,0,3,2,5,0,0,11,11,22,0,0,14,13,27,0,38,38,65
10/29/2016,HLG,WV,AEA,CE,Federal Contract Tower,0,0,5,0,5,0,15,19,3,37,0,15,24,3,42,20,14,34,76
10/30/2016,HLG,WV,AEA,CE,Federal Contract Tower,0,2,0,0,2,0,13,15,4,32,0,15,15,4,34,8,12,20,54
10/31/2016,HLG,WV,AEA,CE,Federal Contract Tower,0,9,4,0,13,0,20,13,15,48,0,29,17,15,61,10,42,52,113
11/01/2016,HLG,WV,AEA,CE,Federal Contract Tower,0,4,3,2,9,0,16,13,28,57,0,20,16,30,66,2,60,62,128
11/02/2016,HLG,WV,AEA,CE,Federal Contract Tower,0,2,5,4,11,0,16,18,11,45,0,18,23,15,56,6,40,46,102
11/03/2016,HLG,WV,AEA,CE,Federal Contract Tower,0,6,11,4,21,0,0,10,0,10,0,6,21,4,31,0,0,0,31
11/04/2016,HLG,WV,AEA,CE,Federal Contract Tower,0,2,2,1,5,0,14,15,32,61,0,16,17,33,66,0,130,130,196
11/05/2016,HLG,WV,AEA,CE,Federal Contract Tower,0,1,1,0,2,0,14,21,32,67,0,15,22,32,69,8,82,90,159
11/06/2016,HLG,WV,AEA,CE,Federal Contract Tower,0,0,0,13,13,0,12,22,32,66,0,12,22,45,79,14,70,84,163
11/07/2016,HLG,WV,AEA,CE,Federal Contract Tower,0,0,5,0,5,0,22,9,26,57,0,22,14,26,62,16,64,80,142
11/08/2016,HLG,WV,AEA,CE,Federal Contract Tower,0,1,2,0,3,0,7,11,16,34,0,8,13,16,37,2,56,58,95
11/09/2016,HLG,WV,AEA,CE,Federal Contract Tower,0,6,2,0,8,0,5,1,4,10,0,11,3,4,18,0,0,0,18
11/10/2016,HLG,WV,AEA,CE,Federal Contract Tower,0,4,4,5,13,0,4,20,4,28,0,8,24,9,41,20,14,34,75
11/11/2016,HLG,WV,AEA,CE,Federal Contract Tower,0,0,4,0,4,0,2,25,0,27,0,2,29,0,31,0,0,0,31
11/12/2016,HLG,WV,AEA,CE,Federal Contract Tower,0,4,1,1,6,0,14,30,0,44,0,18,31,1,50,26,12,38,88
11/13/2016,HLG,WV,AEA,CE,Federal Contract Tower,0,0,8,0,8,0,14,43,6,63,0,14,51,6,71,36,6,42,113
11/14/2016,HLG,WV,AEA,CE,Federal Contract Tower,0,6,3,0,9,0,25,21,6,52,0,31,24,6,61,24,30,54,115
11/15/2016,HLG,WV,AEA,CE,Federal Contract Tower,0,7,0,5,12,0,22,12,23,57,0,29,12,28,69,4,64,68,137
11/16/2016,HLG,WV,AEA,CE,Federal Contract Tower,0,12,5,4,21,0,0,21,23,44,0,12,26,27,65,0,32,32,97
11/17/2016,HLG,WV,AEA,CE,Federal Contract Tower,0,1,4,1,6,0,6,22,19,47,0,7,26,20,53,0,92,92,145
11/18/2016,HLG,WV,AEA,CE,Federal Contract Tower,0,2,3,0,5,0,8,38,45,91,0,10,41,45,96,18,102,120,216
11/19/2016,HLG,WV,AEA,CE,Federal Contract Tower,0,0,0,0,0,0,8,2,13,23,0,8,2,13,23,2,28,30,53
11/20/2016,HLG,WV,AEA,CE,Federal Contract Tower,0,0,1,0,1,0,7,0,10,17,0,7,1,10,18,0,36,36,54
11/21/2016,HLG,WV,AEA,CE,Federal Contract Tower,0,0,1,2,3,0,16,9,18,43,0,16,10,20,46,8,68,76,122
11/22/2016,HLG,WV,AEA,CE,Federal Contract Tower,0,3,2,17,22,0,19,26,12,57,0,22,28,29,79,18,50,68,147
11/23/2016,HLG,WV,AEA,CE,Federal Contract Tower,0,3,0,0,3,0,7,9,14,30,0,10,9,14,33,0,50,50,83
11/24/2016,HLG,WV,AEA,CE,Federal Contract Tower,0,0,1,0,1,0,0,0,0,0,0,0,1,0,1,0,0,0,1
11/25/2016,HLG,WV,AEA,CE,Federal Contract Tower,0,0,15,0,15,0,14,14,0,28,0,14,29,0,43,6,0,6,49
11/26/2016,HLG,WV,AEA,CE,Federal Contract Tower,0,1,1,0,2,0,18,13,3,34,0,19,14,3,36,8,14,22,58
11/27/2016,HLG,WV,AEA,CE,Federal Contract Tower,0,3,1,0,4,0,15,15,4,34,0,18,16,4,38,14,12,26,64
11/28/2016,HLG,WV,AEA,CE,Federal Contract Tower,0,0,0,4,4,0,21,7,8,36,0,21,7,12,40,10,28,38,78
11/29/2016,HLG,WV,AEA,CE,Federal Contract Tower,0,1,1,2,4,0,14,8,25,47,0,15,9,27,51,4,84,88,139
11/30/2016,HLG,WV,AEA,CE,Federal Contract Tower,0,4,5,0,9,0,16,6,3,25,0,20,11,3,34,6,0,6,40
12/01/2016,HLG,WV,AEA,CE,Federal Contract Tower,0,3,3,2,8,0,2,1,16,19,0,5,4,18,27,0,102,102,129
12/02/2016,HLG,WV,AEA,CE,Federal Contract Tower,0,3,3,0,6,0,0,3,22,25,0,3,6,22,31,6,92,98,129
12/03/2016,HLG,WV,AEA,CE,Federal Contract Tower,0,2,1,0,3,0,18,14,12,44,0,20,15,12,47,18,72,90,137
12/04/2016,HLG,WV,AEA,CE,Federal Contract Tower,0,0,1,4,5,0,12,21,11,44,0,12,22,15,49,4,50,54,103
12/05/2016,HLG,WV,AEA,CE,Federal Contract Tower,0,2,1,0,3,0,21,19,18,58,0,23,20,18,61,34,48,82,143
12/06/2016,HLG,WV,AEA,CE,Federal Contract Tower,0,3,0,0,3,0,16,7,8,31,0,19,7,8,34,0,34,34,68
12/07/2016,HLG,WV,AEA,CE,Federal Contract Tower,0,2,0,2,4,0,8,25,9,42,0,10,25,11,46,0,66,66,112
12/08/2016,HLG,WV,AEA,CE,Federal Contract Tower,0,5,0,1,6,0,0,9,25,34,0,5,9,26,40,0,44,44,84
12/09/2016,HLG,WV,AEA,CE,Federal Contract Tower,0,9,0,0,9,0,2,8,6,16,0,11,8,6,25,0,22,22,47
12/10/2016,HLG,WV,AEA,CE,Federal Contract Tower,0,3,4,1,8,0,12,6,6,24,0,15,10,7,32,0,28,28,60
12/11/2016,HLG,WV,AEA,CE,Federal Contract Tower,0,2,0,0,2,0,22,10,5,37,0,24,10,5,39,14,4,18,57
12/12/2016,HLG,WV,AEA,CE,Federal Contract Tower,0,2,0,5,7,0,17,5,17,39,0,19,5,22,46,6,66,72,118
12/13/2016,HLG,WV,AEA,CE,Federal Contract Tower,0,2,0,0,2,0,3,3,0,6,0,5,3,0,8,0,0,0,8
12/14/2016,HLG,WV,AEA,CE,Federal Contract Tower,0,3,1,0,4,0,10,6,4,20,0,13,7,4,24,0,24,24,48
12/15/2016,HLG,WV,AEA,CE,Federal Contract Tower,0,0,1,0,1,0,0,8,6,14,0,0,9,6,15,0,36,36,51
12/16/2016,HLG,WV,AEA,CE,Federal Contract Tower,0,0,0,0,0,0,2,4,21,27,0,2,4,21,27,0,96,96,123
12/17/2016,HLG,WV,AEA,CE,Federal Contract Tower,0,0,0,0,0,0,10,1,0,11,0,10,1,0,11,0,0,0,11
12/18/2016,HLG,WV,AEA,CE,Federal Contract Tower,0,0,0,2,2,0,16,1,31,48,0,16,1,33,50,0,76,76,126
12/19/2016,HLG,WV,AEA,CE,Federal Contract Tower,0,8,1,0,9,0,26,7,7,40,0,34,8,7,49,16,22,38,87
12/20/2016,HLG,WV,AEA,CE,Federal Contract Tower,0,8,1,1,10,0,15,24,16,55,0,23,25,17,65,20,34,54,119
12/21/2016,HLG,WV,AEA,CE,Federal Contract Tower,0,3,1,5,9,0,8,17,6,31,0,11,18,11,40,8,12,20,60
12/22/2016,HLG,WV,AEA,CE,Federal Contract Tower,0,0,2,0,2,0,0,7,5,12,0,0,9,5,14,0,6,6,20
12/23/2016,HLG,WV,AEA,CE,Federal Contract Tower,0,3,7,1,11,0,1,8,8,17,0,4,15,9,28,0,8,8,36
12/24/2016,HLG,WV,AEA,CE,Federal Contract Tower,0,0,0,0,0,0,12,1,2,15,0,12,1,2,15,0,10,10,25
12/25/2016,HLG,WV,AEA,CE,Federal Contract Tower,0,0,0,0,0,0,16,3,1,20,0,16,3,1,20,6,4,10,30
12/26/2016,HLG,WV,AEA,CE,Federal Contract Tower,0,3,8,0,11,0,11,15,0,26,0,14,23,0,37,22,0,22,59
12/27/2016,HLG,WV,AEA,CE,Federal Contract Tower,0,9,1,0,10,0,7,15,2,24,0,16,16,2,34,0,6,6,40
12/28/2016,HLG,WV,AEA,CE,Federal Contract Tower,0,2,3,0,5,0,12,13,0,25,0,14,16,0,30,18,0,18,48
12/29/2016,HLG,WV,AEA,CE,Federal Contract Tower,0,0,0,2,2,0,0,0,0,0,0,0,0,2,2,0,0,0,2
12/30/2016,HLG,WV,AEA,CE,Federal Contract Tower,0,1,0,2,3,0,0,0,0,0,0,1,0,2,3,0,0,0,3
12/31/2016,HLG,WV,AEA,CE,Federal Contract Tower,0,0,2,0,2,0,11,3,0,14,0,11,5,0,16,6,0,6,22
01/01/2017,HLG,WV,AEA,CE,Federal Contract Tower,0,0,1,0,1,0,11,7,0,18,0,11,8,0,19,12,0,12,31
01/02/2017,HLG,WV,AEA,CE,Federal Contract Tower,0,0,2,0,2,0,5,0,0,5,0,5,2,0,7,0,0,0,7
01/03/2017,HLG,WV,AEA,CE,Federal Contract Tower,0,0,1,0,1,0,3,0,0,3,0,3,1,0,4,0,10,10,14
01/04/2017,HLG,WV,AEA,CE,Federal Contract Tower,0,6,0,12,18,0,4,10,6,20,0,10,10,18,38,0,38,38,76
01/05/2017,HLG,WV,AEA,CE,Federal Contract Tower,0,0,0,0,0,0,2,2,6,10,0,2,2,6,10,0,26,26,36
01/06/2017,HLG,WV,AEA,CE,Federal Contract Tower,0,0,0,1,1,0,2,12,11,25,0,2,12,12,26,0,90,90,116
01/07/2017,HLG,WV,AEA,CE,Federal Contract Tower,0,2,1,6,9,0,15,13,28,56,0,17,14,34,65,4,48,52,117
01/08/2017,HLG,WV,AEA,CE,Federal Contract Tower,0,0,1,2,3,0,15,10,33,58,0,15,11,35,61,0,68,68,129
01/09/2017,HLG,WV,AEA,CE,Federal Contract Tower,0,1,1,0,2,0,23,11,13,47,0,24,12,13,49,8,40,48,97
01/10/2017,HLG,WV,AEA,CE,Federal Contract Tower,0,0,1,0,1,0,0,2,16,18,0,0,3,16,19,0,38,38,57
01/11/2017,HLG,WV,AEA,CE,Federal Contract Tower,0,2,0,0,2,0,10,2,10,22,0,12,2,10,24,0,36,36,60
01/12/2017,HLG,WV,AEA,CE,Federal Contract Tower,0,2,1,2,5,0,0,0,2,2,0,2,1,4,7,0,8,8,15
01/13/2017,HLG,WV,AEA,CE,Federal Contract Tower,0,2,0,1,3,0,4,28,2,34,0,6,28,3,37,26,0,26,63
01/14/2017,HLG,WV,AEA,CE,Federal Contract Tower,0,0,0,0,0,0,21,6,13,40,0,21,6,13,40,4,24,28,68
01/15/2017,HLG,WV,AEA,CE,Federal Contract Tower,0,2,2,0,4,0,17,20,2,39,0,19,22,2,43,50,8,58,101
01/16/2017,HLG,WV,AEA,CE,Federal Contract Tower,0,1,5,0,6,0,20,13,3,36,0,21,18,3,42,14,16,30,72
01/17/2017,HLG,WV,AEA,CE,Federal Contract Tower,0,1,0,11,12,0,21,3,11,35,0,22,3,22,47,0,42,42,89
01/18/2017,HLG,WV,AEA,CE,Federal Contract Tower,0,4,0,3,7,0,7,6,5,18,0,11,6,8,25,2,18,20,45
01/19/2017,HLG,WV,AEA,CE,Federal Contract Tower,0,2,2,16,20,0,0,0,0,0,0,2,2,16,20,0,0,0,20
01/20/2017,HLG,WV,AEA,CE,Federal Contract Tower,0,4,0,2,6,0,6,5,12,23,0,10,5,14,29,0,26,26,55
01/21/2017,HLG,WV,AEA,CE,Federal Contract Tower,0,1,0,2,3,0,18,22,15,55,0,19,22,17,58,28,62,90,148
01/22/2017,HLG,WV,AEA,CE,Federal Contract Tower,0,5,0,1,6,0,14,26,12,52,0,19,26,13,58,14,16,30,88
01/23/2017,HLG,WV,AEA,CE,Federal Contract Tower,0,3,0,2,5,0,15,9,4,28,0,18,9,6,33,0,0,0,33
01/24/2017,HLG,WV,AEA,CE,Federal Contract Tower,0,1,2,14,17,0,19,2,13,34,0,20,4,27,51,0,90,90,141
01/25/2017,HLG,WV,AEA,CE,Federal Contract Tower,0,1,0,4,5,0,5,11,8,24,0,6,11,12,29,4,50,54,83
01/26/2017,HLG,WV,AEA,CE,Federal Contract Tower,0,3,1,0,4,0,0,0,2,2,0,3,1,2,6,0,10,10,16
01/27/2017,HLG,WV,AEA,CE,Federal Contract Tower,0,5,0,4,9,0,8,0,2,10,0,13,0,6,19,0,0,0,19
01/28/2017,HLG,WV,AEA,CE,Federal Contract Tower,0,0,0,0,0,0,14,13,5,32,0,14,13,5,32,12,24,36,68
01/29/2017,HLG,WV,AEA,CE,Federal Contract Tower,0,6,2,0,8,0,15,6,5,26,0,21,8,5,34,4,24,28,62
01/30/2017,HLG,WV,AEA,CE,Federal Contract Tower,0,1,1,1,3,0,19,5,23,47,0,20,6,24,50,2,106,108,158
01/31/2017,HLG,WV,AEA,CE,Federal Contract Tower,0,4,2,0,6,0,14,2,15,31,0,18,4,15,37,4,48,52,89
02/01/2017,HLG,WV,AEA,CE,Federal Contract Tower,0,3,0,10,13,0,5,0,14,19,0,8,0,24,32,0,60,60,92
02/02/2017,HLG,WV,AEA,CE,Federal Contract Tower,0,1,0,0,1,0,8,11,29,48,0,9,11,29,49,0,72,72,121
02/03/2017,HLG,WV,AEA,CE,Federal Contract Tower,0,0,0,0,0,0,4,8,33,45,0,4,8,33,45,0,104,104,149
02/04/2017,HLG,WV,AEA,CE,Federal Contract Tower,0,1,0,2,3,0,18,27,27,72,0,19,27,29,75,26,132,158,233
02/05/2017,HLG,WV,AEA,CE,Federal Contract Tower,0,2,1,3,6,0,11,9,13,33,0,13,10,16,39,6,104,110,149
02/06/2017,HLG,WV,AEA,CE,Federal Contract Tower,0,0,3,3,6,0,23,14,30,67,0,23,17,33,73,24,90,114,187
02/07/2017,HLG,WV,AEA,CE,Federal Contract Tower,0,0,0,0,0,0,13,2,1,16,0,13,2,1,16,0,0,0,16
02/08/2017,HLG,WV,AEA,CE,Federal Contract Tower,0,3,2,2,7,0,9,8,25,42,0,12,10,27,49,0,94,94,143
02/09/2017,HLG,WV,AEA,CE,Federal Contract Tower,0,2,0,0,2,0,4,0,9,13,0,6,0,9,15,0,24,24,39
02/10/2017,HLG,WV,AEA,CE,Federal Contract Tower,0,0,0,0,0,0,6,15,7,28,0,6,15,7,28,0,42,42,70
02/11/2017,HLG,WV,AEA,CE,Federal Contract Tower,0,0,2,1,3,0,17,25,10,52,0,17,27,11,55,46,36,82,137
02/12/2017,HLG,WV,AEA,CE,Federal Contract Tower,0,0,2,0,2,0,15,3,16,34,0,15,5,16,36,4,152,156,192
02/13/2017,HLG,WV,AEA,CE,Federal Contract Tower,0,1,0,0,1,0,22,12,12,46,0,23,12,12,47,8,50,58,105
02/14/2017,HLG,WV,AEA,CE,Federal Contract Tower,0,2,0,2,4,0,17,12,8,37,0,19,12,10,41,14,12,26,67
02/15/2017,HLG,WV,AEA,CE,Federal Contract Tower,0,6,0,0,6,0,8,4,4,16,0,14,4,4,22,0,24,24,46
02/16/2017,HLG,WV,AEA,CE,Federal Contract Tower,0,6,0,6,12,0,4,4,13,21,0,10,4,19,33,0,72,72,105
02/17/2017,HLG,WV,AEA,CE,Federal Contract Tower,0,3,3,9,15,0,6,36,4,46,0,9,39,13,61,14,12,26,87
02/18/2017,HLG,WV,AEA,CE,Federal Contract Tower,0,1,0,0,1,0,17,28,10,55,0,18,28,10,56,24,50,74,130
02/19/2017,HLG,WV,AEA,CE,Federal Contract Tower,0,0,2,1,3,0,14,19,2,35,0,14,21,3,38,34,8,42,80
02/20/2017,HLG,WV,AEA,CE,Federal Contract Tower,0,1,2,0,3,0,11,11,2,24,0,12,13,2,27,16,6,22,49
02/21/2017,HLG,WV,AEA,CE,Federal Contract Tower,0,2,3,2,7,0,13,14,15,42,0,15,17,17,49,12,38,50,99
02/22/2017,HLG,WV,AEA,CE,Federal Contract Tower,0,4,1,2,7,0,7,12,19,38,0,11,13,21,45,0,56,56,101
02/23/2017,HLG,WV,AEA,CE,Federal Contract Tower,0,3,2,5,10,0,2,10,8,20,0,5,12,13,30,6,50,56,86
02/24/2017,HLG,WV,AEA,CE,Federal Contract Tower,0,4,4,3,11,0,6,15,10,31,0,10,19,13,42,0,44,44,86
02/25/2017,HLG,WV,AEA,CE,Federal Contract Tower,0,2,0,1,3,0,18,7,4,29,0,20,7,5,32,0,24,24,56
02/26/2017,HLG,WV,AEA,CE,Federal Contract Tower,0,4,2,2,8,0,16,31,10,57,0,20,33,12,65,42,32,74,139
02/27/2017,HLG,WV,AEA,CE,Federal Contract Tower,0,1,0,0,1,0,19,16,5,40,0,20,16,5,41,10,34,44,85
02/28/2017,HLG,WV,AEA,CE,Federal Contract Tower,0,4,2,0,6,0,25,11,15,51,0,29,13,15,57,8,56,64,121
03/01/2017,HLG,WV,AEA,CE,Federal Contract Tower,0,4,0,0,4,0,11,5,2,18,0,15,5,2,22,0,0,0,22
03/02/2017,HLG,WV,AEA,CE,Federal Contract Tower,0,1,1,0,2,0,10,11,6,27,0,11,12,6,29,0,10,10,39
03/03/2017,HLG,WV,AEA,CE,Federal Contract Tower,0,0,0,2,2,0,4,6,14,24,0,4,6,16,26,0,112,112,138
03/04/2017,HLG,WV,AEA,CE,Federal Contract Tower,0,0,2,8,10,0,21,19,18,58,0,21,21,26,68,24,96,120,188
03/05/2017,HLG,WV,AEA,CE,Federal Contract Tower,0,1,1,0,2,0,16,31,8,55,0,17,32,8,57,42,44,86,143
03/06/2017,HLG,WV,AEA,CE,Federal Contract Tower,0,2,3,2,7,0,11,9,21,41,0,13,12,23,48,0,96,96,144
03/07/2017,HLG,WV,AEA,CE,Federal Contract Tower,0,4,2,1,7,0,11,2,13,26,0,15,4,14,33,2,48,50,83
03/08/2017,HLG,WV,AEA,CE,Federal Contract Tower,0,2,0,0,2,0,2,4,4,10,0,4,4,4,12,0,4,4,16
03/09/2017,HLG,WV,AEA,CE,Federal Contract Tower,0,2,3,0,5,0,6,37,6,49,0,8,40,6,54,10,8,18,72
03/10/2017,HLG,WV,AEA,CE,Federal Contract Tower,0,1,8,0,9,0,0,2,0,2,0,1,10,0,11,0,0,0,11
03/11/2017,HLG,WV,AEA,CE,Federal Contract Tower,0,4,4,1,9,0,16,24,4,44,0,20,28,5,53,34,14,48,101
03/12/2017,HLG,WV,AEA,CE,Federal Contract Tower,0,1,0,0,1,0,16,22,3,41,0,17,22,3,42,42,14,56,98
03/13/2017,HLG,WV,AEA,CE,Federal Contract Tower,0,5,6,4,15,0,18,10,16,44,0,23,16,20,59,2,60,62,121
03/14/2017,HLG,WV,AEA,CE,Federal Contract Tower,0,6,0,0,6,0,15,5,7,27,0,21,5,7,33,0,20,20,53
03/15/2017,HLG,WV,AEA,CE,Federal Contract Tower,0,3,0,4,7,0,4,1,0,5,0,7,1,4,12,0,0,0,12
03/16/2017,HLG,WV,AEA,CE,Federal Contract Tower,0,2,1,0,3,0,4,8,22,34,0,6,9,22,37,0,84,84,121
03/17/2017,HLG,WV,AEA,CE,Federal Contract Tower,0,0,6,0,6,0,0,11,3,14,0,0,17,3,20,0,0,0,20
03/18/2017,HLG,WV,AEA,CE,Federal Contract Tower,0,0,1,0,1,0,10,6,3,19,0,10,7,3,20,2,18,20,40
03/19/2017,HLG,WV,AEA,CE,Federal Contract Tower,0,2,3,0,5,0,12,14,12,38,0,14,17,12,43,36,8,44,87
03/20/2017,HLG,WV,AEA,CE,Federal Contract Tower,0,3,2,0,5,0,20,16,8,44,0,23,18,8,49,22,8,30,79
03/21/2017,HLG,WV,AEA,CE,Federal Contract Tower,0,0,0,4,4,0,21,17,18,56,0,21,17,22,60,4,62,66,126
03/22/2017,HLG,WV,AEA,CE,Federal Contract Tower,0,8,3,1,12,0,14,18,5,37,0,22,21,6,49,0,0,0,49
03/23/2017,HLG,WV,AEA,CE,Federal Contract Tower,0,3,4,0,7,0,8,40,5,53,0,11,44,5,60,0,16,16,76
03/24/2017,HLG,WV,AEA,CE,Federal Contract Tower,0,1,5,0,6,0,0,11,2,13,0,1,16,2,19,0,12,12,31
03/25/2017,HLG,WV,AEA,CE,Federal Contract Tower,0,0,0,2,2,0,14,24,18,56,0,14,24,20,58,34,104,138,196
03/26/2017,HLG,WV,AEA,CE,Federal Contract Tower,0,1,0,0,1,0,19,15,18,52,0,20,15,18,53,4,100,104,157
03/27/2017,HLG,WV,AEA,CE,Federal Contract Tower,0,0,2,0,2,0,25,19,7,51,0,25,21,7,53,16,42,58,111
03/28/2017,HLG,WV,AEA,CE,Federal Contract Tower,0,6,1,5,12,0,14,3,12,29,0,20,4,17,41,0,34,34,75
03/29/2017,HLG,WV,AEA,CE,Federal Contract Tower,0,6,8,5,19,0,22,32,16,70,0,28,40,21,89,20,40,60,149
03/30/2017,HLG,WV,AEA,CE,Federal Contract Tower,0,5,0,6,11,0,4,15,4,23,0,9,15,10,34,0,14,14,48
03/31/2017,HLG,WV,AEA,CE,Federal Contract Tower,0,2,0,3,5,0,0,3,1,4,0,2,3,4,9,0,6,6,15
04/01/2017,HLG,WV,AEA,CE,Federal Contract Tower,0,0,11,0,11,0,14,8,7,29,0,14,19,7,40,16,18,34,74
04/02/2017,HLG,WV,AEA,CE,Federal Contract Tower,0,1,6,2,9,0,15,42,5,62,0,16,48,7,71,38,38,76,147
04/03/2017,HLG,WV,AEA,CE,Federal Contract Tower,0,1,1,0,2,0,14,22,2,38,0,15,23,2,40,16,8,24,64
04/04/2017,HLG,WV,AEA,CE,Federal Contract Tower,0,3,1,4,8,0,14,6,7,27,0,17,7,11,35,0,0,0,35
04/05/2017,HLG,WV,AEA,CE,Federal Contract Tower,0,6,7,2,15,0,16,24,4,44,0,22,31,6,59,0,12,12,71
04/06/2017,HLG,WV,AEA,CE,Federal Contract Tower,0,3,0,0,3,0,0,3,1,4,0,3,3,1,7,0,8,8,15
04/07/2017,HLG,WV,AEA,CE,Federal Contract Tower,0,1,2,0,3,0,4,0,3,7,0,5,2,3,10,0,10,10,20
04/08/2017,HLG,WV,AEA,CE,Federal Contract Tower,0,4,3,0,7,0,14,27,21,62,0,18,30,21,69,20,46,66,135
04/09/2017,HLG,WV,AEA,CE,Federal Contract Tower,0,1,2,0,3,0,11,26,16,53,0,12,28,16,56,6,56,62,118
04/10/2017,HLG,WV,AEA,CE,Federal Contract Tower,0,0,3,0,3,0,22,18,14,54,0,22,21,14,57,12,46,58,115
04/11/2017,HLG,WV,AEA,CE,Federal Contract Tower,0,5,5,0,10,0,8,6,14,28,0,13,11,14,38,0,32,32,70
04/12/2017,HLG,WV,AEA,CE,Federal Contract Tower,0,12,2,2,16,0,21,20,7,48,0,33,22,9,64,34,18,52,116
04/13/2017,HLG,WV,AEA,CE,Federal Contract Tower,0,2,0,4,6,0,6,29,7,42,0,8,29,11,48,0,62,62,110
04/14/2017,HLG,WV,AEA,CE,Federal Contract Tower,0,0,4,0,4,0,4,34,0,38,0,4,38,0,42,8,0,8,50
04/15/2017,HLG,WV,AEA,CE,Federal Contract Tower,0,2,0,0,2,0,15,19,7,41,0,17,19,7,43,18,14,32,75
04/16/2017,HLG,WV,AEA,CE,Federal Contract Tower,0,0,0,0,0,0,16,9,1,26,0,16,9,1,26,4,6,10,36
04/17/2017,HLG,WV,AEA,CE,Federal Contract Tower,0,9,1,2,12,0,19,28,6,53,0,28,29,8,65,26,34,60,125
04/18/2017,HLG,WV,AEA,CE,Federal Contract Tower,0,4,2,4,10,0,19,24,3,46,0,23,26,7,56,26,10,36,92
04/19/2017,HLG,WV,AEA,CE,Federal Contract Tower,0,9,2,2,13,0,8,26,4,38,0,17,28,6,51,0,0,0,51
04/20/2017,HLG,WV,AEA,CE,Federal Contract Tower,0,1,1,8,10,0,8,10,9,27,0,9,11,17,37,0,64,64,101
04/21/2017,HLG,WV,AEA,CE,Federal Contract Tower,0,2,10,0,12,0,6,15,0,21,0,8,25,0,33,0,0,0,33
04/22/2017,HLG,WV,AEA,CE,Federal Contract Tower,0,3,3,1,7,0,19,22,4,45,0,22,25,5,52,26,8,34,86
04/23/2017,HLG,WV,AEA,CE,Federal Contract Tower,0,1,5,1,7,0,24,33,9,66,0,25,38,10,73,34,28,62,135
04/24/2017,HLG,WV,AEA,CE,Federal Contract Tower,0,0,2,0,2,0,19,21,3,43,0,19,23,3,45,4,12,16,61
04/25/2017,HLG,WV,AEA,CE,Federal Contract Tower,0,3,2,0,5,0,26,20,3,49,0,29,22,3,54,20,14,34,88
04/26/2017,HLG,WV,AEA,CE,Federal Contract Tower,0,4,4,4,12,0,7,29,10,46,0,11,33,14,58,30,20,50,108
04/27/2017,HLG,WV,AEA,CE,Federal Contract Tower,0,3,4,0,7,0,4,22,3,29,0,7,26,3,36,0,0,0,36
04/28/2017,HLG,WV,AEA,CE,Federal Contract Tower,0,0,3,0,3,0,6,22,5,33,0,6,25,5,36,0,18,18,54
04/29/2017,HLG,WV,AEA,CE,Federal Contract Tower,0,0,0,0,0,0,16,14,6,36,0,16,14,6,36,30,20,50,86
04/30/2017,HLG,WV,AEA,CE,Federal Contract Tower,0,0,2,0,2,0,15,23,6,44,0,15,25,6,46,34,32,66,112
05/01/2017,HLG,WV,AEA,CE,Federal Contract Tower,0,2,0,0,2,0,16,5,2,23,0,18,5,2,25,4,6,10,35
05/02/2017,HLG,WV,AEA,CE,Federal Contract Tower,0,8,3,0,11,0,9,6,6,21,0,17,9,6,32,0,0,0,32
05/03/2017,HLG,WV,AEA,CE,Federal Contract Tower,0,6,0,0,6,0,6,32,6,44,0,12,32,6,50,4,14,18,68
05/04/2017,HLG,WV,AEA,CE,Federal Contract Tower,0,5,1,0,6,0,10,12,6,28,0,15,13,6,34,0,24,24,58
05/05/2017,HLG,WV,AEA,CE,Federal Contract Tower,0,1,3,2,6,0,4,5,4,13,0,5,8,6,19,0,32,32,51
05/06/2017,HLG,WV,AEA,CE,Federal Contract Tower,0,0,0,0,0,0,16,9,2,27,0,16,9,2,27,0,12,12,39
05/07/2017,HLG,WV,AEA,CE,Federal Contract Tower,0,0,7,2,9,0,17,31,7,55,0,17,38,9,64,22,28,50,114
05/08/2017,HLG,WV,AEA,CE,Federal Contract Tower,0,5,5,2,12,0,23,22,11,56,0,28,27,13,68,14,48,62,130
05/09/2017,HLG,WV,AEA,CE,Federal Contract Tower,0,5,2,0,7,0,21,24,12,57,0,26,26,12,64,18,42,60,124
05/10/2017,HLG,WV,AEA,CE,Federal Contract Tower,0,2,0,0,2,0,11,22,9,42,0,13,22,9,44,0,16,16,60
05/11/2017,HLG,WV,AEA,CE,Federal Contract Tower,0,4,3,0,7,0,0,3,0,3,0,4,6,0,10,0,0,0,10
05/12/2017,HLG,WV,AEA,CE,Federal Contract Tower,0,5,2,0,7,0,2,13,0,15,0,7,15,0,22,0,0,0,22
05/13/2017,HLG,WV,AEA,CE,Federal Contract Tower,0,1,2,0,3,0,16,19,10,45,0,17,21,10,48,14,40,54,102
05/14/2017,HLG,WV,AEA,CE,Federal Contract Tower,0,1,2,0,3,0,17,16,4,37,0,18,18,4,40,16,18,34,74
05/15/2017,HLG,WV,AEA,CE,Federal Contract Tower,0,1,1,0,2,0,23,25,13,61,0,24,26,13,63,36,44,80,143
05/16/2017,HLG,WV,AEA,CE,Federal Contract Tower,0,4,0,11,15,0,21,28,9,58,0,25,28,20,73,26,28,54,127
05/17/2017,HLG,WV,AEA,CE,Federal Contract Tower,0,7,4,4,15,0,7,29,4,40,0,14,33,8,55,0,0,0,55
05/18/2017,HLG,WV,AEA,CE,Federal Contract Tower,0,1,11,0,12,0,6,15,3,24,0,7,26,3,36,0,20,20,56
05/19/2017,HLG,WV,AEA,CE,Federal Contract Tower,0,0,2,0,2,0,11,20,8,39,0,11,22,8,41,8,30,38,79
05/20/2017,HLG,WV,AEA,CE,Federal Contract Tower,0,3,8,2,13,0,13,16,12,41,0,16,24,14,54,8,58,66,120
05/21/2017,HLG,WV,AEA,CE,Federal Contract Tower,0,1,3,0,4,0,12,19,8,39,0,13,22,8,43,12,26,38,81
05/22/2017,HLG,WV,AEA,CE,Federal Contract Tower,0,0,1,0,1,0,20,22,12,54,0,20,23,12,55,18,42,60,115
05/23/2017,HLG,WV,AEA,CE,Federal Contract Tower,0,4,1,13,18,0,22,25,14,61,0,26,26,27,79,30,42,72,151
05/24/2017,HLG,WV,AEA,CE,Federal Contract Tower,0,3,1,0,4,0,6,12,7,25,0,9,13,7,29,0,14,14,43
05/25/2017,HLG,WV,AEA,CE,Federal Contract Tower,0,1,2,2,5,0,4,10,10,24,0,5,12,12,29,0,36,36,65
05/26/2017,HLG,WV,AEA,CE,Federal Contract Tower,0,4,8,2,14,0,0,8,0,8,0,4,16,2,22,0,0,0,22
05/27/2017,HLG,WV,AEA,CE,Federal Contract Tower,0,0,0,0,0,0,15,9,2,26,0,15,9,2,26,14,16,30,56
05/28/2017,HLG,WV,AEA,CE,Federal Contract Tower,0,0,3,0,3,0,18,12,2,32,0,18,15,2,35,20,14,34,69
05/29/2017,HLG,WV,AEA,CE,Federal Contract Tower,0,3,3,0,6,0,19,29,6,54,0,22,32,6,60,34,26,60,120
05/30/2017,HLG,WV,AEA,CE,Federal Contract Tower,0,0,6,0,6,0,15,22,12,49,0,15,28,12,55,32,48,80,135
05/31/2017,HLG,WV,AEA,CE,Federal Contract Tower,0,1,4,0,5,0,8,7,7,22,0,9,11,7,27,0,18,18,45
06/01/2017,HLG,WV,AEA,CE,Federal Contract Tower,0,1,2,0,3,0,0,28,9,37,0,1,30,9,40,18,22,40,80
06/02/2017,HLG,WV,AEA,CE,Federal Contract Tower,0,4,1,2,7,0,4,34,2,40,0,8,35,4,47,14,0,14,61
06/03/2017,HLG,WV,AEA,CE,Federal Contract Tower,0,2,0,1,3,0,13,27,5,45,0,15,27,6,48,38,14,52,100
06/04/2017,HLG,WV,AEA,CE,Federal Contract Tower,0,0,3,0,3,0,14,27,7,48,0,14,30,7,51,42,22,64,115
06/05/2017,HLG,WV,AEA,CE,Federal Contract Tower,0,0,0,3,3,0,19,16,22,57,0,19,16,25,60,18,86,104,164
06/06/2017,HLG,WV,AEA,CE,Federal Contract Tower,0,2,2,0,4,0,20,10,13,43,0,22,12,13,47,14,46,60,107
06/07/2017,HLG,WV,AEA,CE,Federal Contract Tower,0,1,16,4,21,0,18,7,23,48,0,19,23,27,69,4,54,58,127
06/08/2017,HLG,WV,AEA,CE,Federal Contract Tower,0,1,7,0,8,0,2,28,20,50,0,3,35,20,58,10,50,60,118
06/09/2017,HLG,WV,AEA,CE,Federal Contract Tower,0,4,3,1,8,0,9,39,1,49,0,13,42,2,57,0,0,0,57
06/10/2017,HLG,WV,AEA,CE,Federal Contract Tower,0,0,2,0,2,0,15,13,15,43,0,15,15,15,45,12,40,52,97
06/11/2017,HLG,WV,AEA,CE,Federal Contract Tower,0,0,4,0,4,0,14,35,16,65,0,14,39,16,69,34,54,88,157
06/12/2017,HLG,WV,AEA,CE,Federal Contract Tower,0,2,2,0,4,0,20,28,8,56,0,22,30,8,60,22,34,56,116
06/13/2017,HLG,WV,AEA,CE,Federal Contract Tower,0,1,1,7,9,0,18,21,7,46,0,19,22,14,55,18,20,38,93
06/14/2017,HLG,WV,AEA,CE,Federal Contract Tower,0,0,2,0,2,0,5,15,11,31,0,5,17,11,33,6,54,60,93
06/15/2017,HLG,WV,AEA,CE,Federal Contract Tower,0,0,0,0,0,0,2,4,2,8,0,2,4,2,8,0,4,4,12
06/16/2017,HLG,WV,AEA,CE,Federal Contract Tower,0,2,1,4,7,0,0,6,2,8,0,2,7,6,15,0,0,0,15
06/17/2017,HLG,WV,AEA,CE,Federal Contract Tower,0,1,2,1,4,0,12,24,7,43,0,13,26,8,47,22,28,50,97
06/18/2017,HLG,WV,AEA,CE,Federal Contract Tower,0,2,0,0,2,0,12,11,3,26,0,14,11,3,28,14,4,18,46
06/19/2017,HLG,WV,AEA,CE,Federal Contract Tower,0,1,0,0,1,0,10,11,0,21,0,11,11,0,22,0,0,0,22
06/20/2017,HLG,WV,AEA,CE,Federal Contract Tower,0,5,2,0,7,0,18,125,11,154,0,23,127,11,161,20,26,46,207
06/21/2017,HLG,WV,AEA,CE,Federal Contract Tower,0,2,3,0,5,0,13,21,3,37,0,15,24,3,42,0,16,16,58
06/22/2017,HLG,WV,AEA,CE,Federal Contract Tower,0,3,3,0,6,0,10,32,6,48,0,13,35,6,54,0,24,24,78
06/23/2017,HLG,WV,AEA,CE,Federal Contract Tower,0,4,0,0,4,0,0,0,0,0,0,4,0,0,4,0,0,0,4
06/24/2017,HLG,WV,AEA,CE,Federal Contract Tower,0,4,0,1,5,0,16,51,7,74,0,20,51,8,79,42,36,78,157
06/25/2017,HLG,WV,AEA,CE,Federal Contract Tower,0,0,2,0,2,0,17,28,10,55,0,17,30,10,57,50,30,80,137
06/26/2017,HLG,WV,AEA,CE,Federal Contract Tower,0,7,1,0,8,0,18,30,11,59,0,25,31,11,67,12,42,54,121
06/27/2017,HLG,WV,AEA,CE,Federal Contract Tower,0,12,1,0,13,0,30,35,15,80,0,42,36,15,93,18,60,78,171
06/28/2017,HLG,WV,AEA,CE,Federal Contract Tower,0,8,0,2,10,0,8,30,9,47,0,16,30,11,57,0,26,26,83
06/29/2017,HLG,WV,AEA,CE,Federal Contract Tower,0,2,1,3,6,0,0,31,6,37,0,2,32,9,43,0,0,0,43
06/30/2017,HLG,WV,AEA,CE,Federal Contract Tower,0,0,2,0,2,0,0,18,0,18,0,0,20,0,20,10,0,10,30
07/01/2017,HLG,WV,AEA,CE,Federal Contract Tower,0,2,0,0,2,0,14,13,5,32,0,16,13,5,34,8,20,28,62
07/02/2017,HLG,WV,AEA,CE,Federal Contract Tower,0,1,3,0,4,0,14,28,3,45,0,15,31,3,49,40,10,50,99
07/03/2017,HLG,WV,AEA,CE,Federal Contract Tower,0,3,0,0,3,0,22,24,8,54,0,25,24,8,57,16,28,44,101
07/04/2017,HLG,WV,AEA,CE,Federal Contract Tower,0,1,5,0,6,0,19,26,5,50,0,20,31,5,56,30,10,40,96
07/05/2017,HLG,WV,AEA,CE,Federal Contract Tower,0,2,0,2,4,0,4,17,8,29,0,6,17,10,33,0,10,10,43
07/06/2017,HLG,WV,AEA,CE,Federal Contract Tower,0,0,3,2,5,0,2,3,0,5,0,2,6,2,10,0,24,24,34
07/07/2017,HLG,WV,AEA,CE,Federal Contract Tower,0,0,2,1,3,0,0,8,2,10,0,0,10,3,13,0,14,14,27
07/08/2017,HLG,WV,AEA,CE,Federal Contract Tower,0,1,8,0,9,0,10,17,3,30,0,11,25,3,39,6,10,16,55
07/09/2017,HLG,WV,AEA,CE,Federal Contract Tower,0,2,1,0,3,0,16,43,6,65,0,18,44,6,68,26,8,34,102
07/10/2017,HLG,WV,AEA,CE,Federal Contract Tower,0,8,0,2,10,0,15,14,3,32,0,23,14,5,42,2,8,10,52
07/11/2017,HLG,WV,AEA,CE,Federal Contract Tower,0,0,1,4,5,0,16,31,2,49,0,16,32,6,54,2,8,10,64
07/12/2017,HLG,WV,AEA,CE,Federal Contract Tower,0,1,0,0,1,0,9,17,2,28,0,10,17,2,29,0,0,0,29
07/13/2017,HLG,WV,AEA,CE,Federal Contract Tower,0,6,0,1,7,0,2,9,4,15,0,8,9,5,22,0,0,0,22
07/14/2017,HLG,WV,AEA,CE,Federal Contract Tower,0,7,2,0,9,0,2,8,15,25,0,9,10,15,34,0,26,26,60
07/15/2017,HLG,WV,AEA,CE,Federal Contract Tower,0,1,1,0,2,0,16,22,17,55,0,17,23,17,57,24,64,88,145
07/16/2017,HLG,WV,AEA,CE,Federal Contract Tower,0,3,9,2,14,0,14,32,16,62,0,17,41,18,76,46,48,94,170
07/17/2017,HLG,WV,AEA,CE,Federal Contract Tower,0,7,0,1,8,0,19,20,19,58,0,26,20,20,66,8,58,66,132
07/18/2017,HLG,WV,AEA,CE,Federal Contract Tower,0,4,0,3,7,0,16,21,11,48,0,20,21,14,55,24,38,62,117
07/19/2017,HLG,WV,AEA,CE,Federal Contract Tower,0,9,2,2,13,0,12,28,4,44,0,21,30,6,57,12,16,28,85
07/20/2017,HLG,WV,AEA,CE,Federal Contract Tower,0,6,2,1,9,0,2,22,11,35,0,8,24,12,44,6,8,14,58
07/21/2017,HLG,WV,AEA,CE,Federal Contract Tower,0,1,4,7,12,0,0,15,7,22,0,1,19,14,34,0,0,0,34
07/22/2017,HLG,WV,AEA,CE,Federal Contract Tower,0,0,2,0,2,0,7,6,7,20,0,7,8,7,22,8,38,46,68
07/23/2017,HLG,WV,AEA,CE,Federal Contract Tower,0,1,2,0,3,0,12,9,5,26,0,13,11,5,29,4,24,28,57
07/24/2017,HLG,WV,AEA,CE,Federal Contract Tower,0,3,0,1,4,0,19,16,22,57,0,22,16,23,61,12,58,70,131
07/25/2017,HLG,WV,AEA,CE,Federal Contract Tower,0,3,2,4,9,0,21,31,14,66,0,24,33,18,75,34,74,108,183
07/26/2017,HLG,WV,AEA,CE,Federal Contract Tower,0,2,0,2,4,0,10,16,14,40,0,12,16,16,44,6,22,28,72
07/27/2017,HLG,WV,AEA,CE,Federal Contract Tower,0,3,0,0,3,0,0,23,4,27,0,3,23,4,30,18,14,32,62
07/28/2017,HLG,WV,AEA,CE,Federal Contract Tower,0,4,3,0,7,0,6,14,9,29,0,10,17,9,36,0,48,48,84
07/29/2017,HLG,WV,AEA,CE,Federal Contract Tower,0,1,0,2,3,0,12,9,14,35,0,13,9,16,38,16,32,48,86
07/30/2017,HLG,WV,AEA,CE,Federal Contract Tower,0,3,0,0,3,0,15,37,20,72,0,18,37,20,75,32,42,74,149
07/31/2017,HLG,WV,AEA,CE,Federal Contract Tower,0,0,1,0,1,0,18,13,15,46,0,18,14,15,47,22,44,66,113
08/01/2017,HLG,WV,AEA,CE,Federal Contract Tower,0,2,1,8,11,0,16,15,22,53,0,18,16,30,64,6,76,82,146
08/02/2017,HLG,WV,AEA,CE,Federal Contract Tower,0,6,0,1,7,0,8,28,5,41,0,14,28,6,48,6,30,36,84
08/03/2017,HLG,WV,AEA,CE,Federal Contract Tower,0,3,3,1,7,0,12,21,6,39,0,15,24,7,46,0,14,14,60
08/04/2017,HLG,WV,AEA,CE,Federal Contract Tower,0,4,0,0,4,0,0,19,3,22,0,4,19,3,26,0,10,10,36
08/05/2017,HLG,WV,AEA,CE,Federal Contract Tower,0,0,0,0,0,0,18,30,7,55,0,18,30,7,55,20,26,46,101
08/06/2017,HLG,WV,AEA,CE,Federal Contract Tower,0,4,6,0,10,0,11,44,2,57,0,15,50,2,67,48,12,60,127
08/07/2017,HLG,WV,AEA,CE,Federal Contract Tower,0,6,0,5,11,0,11,6,4,21,0,17,6,9,32,0,6,6,38
08/08/2017,HLG,WV,AEA,CE,Federal Contract Tower,0,14,1,1,16,0,15,23,5,43,0,29,24,6,59,20,22,42,101
08/09/2017,HLG,WV,AEA,CE,Federal Contract Tower,0,4,0,0,4,0,10,27,1,38,0,14,27,1,42,8,0,8,50
08/10/2017,HLG,WV,AEA,CE,Federal Contract Tower,0,7,1,4,12,0,4,5,4,13,0,11,6,8,25,0,0,0,25
08/11/2017,HLG,WV,AEA,CE,Federal Contract Tower,0,1,4,4,9,0,0,0,0,0,0,1,4,4,9,0,0,0,9
08/12/2017,HLG,WV,AEA,CE,Federal Contract Tower,0,3,3,0,6,0,0,15,0,15,0,3,18,0,21,2,0,2,23
08/13/2017,HLG,WV,AEA,CE,Federal Contract Tower,0,0,0,2,2,0,0,16,1,17,0,0,16,3,19,0,0,0,19
08/15/2017,HLG,WV,AEA,CE,Federal Contract Tower,0,0,2,4,6,0,8,15,0,23,0,8,17,4,29,0,8,8,37
08/16/2017,HLG,WV,AEA,CE,Federal Contract Tower,0,2,0,4,6,0,6,21,2,29,0,8,21,6,35,8,0,8,43
08/17/2017,HLG,WV,AEA,CE,Federal Contract Tower,0,4,0,0,4,0,4,10,6,20,0,8,10,6,24,0,22,22,46
08/18/2017,HLG,WV,AEA,CE,Federal Contract Tower,0,1,1,4,6,0,0,4,0,4,0,1,5,4,10,0,0,0,10
08/19/2017,HLG,WV,AEA,CE,Federal Contract Tower,0,2,0,0,2,0,0,7,0,7,0,2,7,0,9,0,0,0,9
08/20/2017,HLG,WV,AEA,CE,Federal Contract Tower,0,1,4,1,6,0,13,22,2,37,0,14,26,3,43,40,8,48,91
08/21/2017,HLG,WV,AEA,CE,Federal Contract Tower,0,0,0,0,0,0,14,36,3,53,0,14,36,3,53,12,10,22,75
08/22/2017,HLG,WV,AEA,CE,Federal Contract Tower,0,3,1,0,4,0,21,25,0,46,0,24,26,0,50,0,0,0,50
08/23/2017,HLG,WV,AEA,CE,Federal Contract Tower,0,0,1,6,7,0,6,35,4,45,0,6,36,10,52,22,0,22,74
08/24/2017,HLG,WV,AEA,CE,Federal Contract Tower,0,3,0,0,3,0,4,41,0,45,0,7,41,0,48,0,6,6,54
08/25/2017,HLG,WV,AEA,CE,Federal Contract Tower,0,3,4,1,8,0,4,90,4,98,0,7,94,5,106,0,0,0,106
08/26/2017,HLG,WV,AEA,CE,Federal Contract Tower,0,1,0,1,2,0,12,25,2,39,0,13,25,3,41,26,6,32,73
08/27/2017,HLG,WV,AEA,CE,Federal Contract Tower,0,0,6,0,6,0,16,30,4,50,0,16,36,4,56,32,20,52,108
08/28/2017,HLG,WV,AEA,CE,Federal Contract Tower,0,3,2,0,5,0,16,29,7,52,0,19,31,7,57,24,26,50,107
08/29/2017,HLG,WV,AEA,CE,Federal Contract Tower,0,1,0,4,5,0,17,25,12,54,0,18,25,16,59,24,26,50,109
08/30/2017,HLG,WV,AEA,CE,Federal Contract Tower,0,8,0,0,8,0,7,29,4,40,0,15,29,4,48,8,6,14,62
08/31/2017,HLG,WV,AEA,CE,Federal Contract Tower,0,2,1,0,3,0,8,15,2,25,0,10,16,2,28,0,6,6,34
09/01/2017,HLG,WV,AEA,CE,Federal Contract Tower,0,6,10,0,16,0,4,21,2,27,0,10,31,2,43,0,12,12,55
09/02/2017,HLG,WV,AEA,CE,Federal Contract Tower,0,1,1,0,2,0,3,7,1,11,0,4,8,1,13,0,0,0,13
09/03/2017,HLG,WV,AEA,CE,Federal Contract Tower,0,6,6,0,12,0,14,20,1,35,0,20,26,1,47,22,6,28,75
09/04/2017,HLG,WV,AEA,CE,Federal Contract Tower,0,4,1,2,7,0,15,14,4,33,0,19,15,6,40,22,8,30,70
09/05/2017,HLG,WV,AEA,CE,Federal Contract Tower,0,4,0,0,4,0,15,11,9,35,0,19,11,9,39,8,38,46,85
09/06/2017,HLG,WV,AEA,CE,Federal Contract Tower,0,7,2,2,11,0,9,26,9,44,0,16,28,11,55,0,10,10,65
09/07/2017,HLG,WV,AEA,CE,Federal Contract Tower,0,3,6,2,11,0,0,14,11,25,0,3,20,13,36,0,32,32,68
09/08/2017,HLG,WV,AEA,CE,Federal Contract Tower,0,1,2,6,9,0,10,29,13,52,0,11,31,19,61,0,36,36,97
09/09/2017,HLG,WV,AEA,CE,Federal Contract Tower,0,2,0,0,2,0,12,25,23,60,0,14,25,23,62,26,88,114,176
09/10/2017,HLG,WV,AEA,CE,Federal Contract Tower,0,0,0,0,0,0,16,24,6,46,0,16,24,6,46,28,30,58,104
09/11/2017,HLG,WV,AEA,CE,Federal Contract Tower,0,5,0,0,5,0,14,15,20,49,0,19,15,20,54,18,74,92,146
09/12/2017,HLG,WV,AEA,CE,Federal Contract Tower,0,2,0,0,2,0,20,16,15,51,0,22,16,15,53,10,34,44,97
09/13/2017,HLG,WV,AEA,CE,Federal Contract Tower,0,3,0,0,3,0,10,20,6,36,0,13,20,6,39,18,4,22,61
09/14/2017,HLG,WV,AEA,CE,Federal Contract Tower,0,2,5,1,8,0,0,9,6,15,0,2,14,7,23,0,10,10,33
09/15/2017,HLG,WV,AEA,CE,Federal Contract Tower,0,5,5,0,10,0,6,14,1,21,0,11,19,1,31,0,6,6,37
09/16/2017,HLG,WV,AEA,CE,Federal Contract Tower,0,1,0,1,2,0,13,21,4,38,0,14,21,5,40,16,14,30,70
09/17/2017,HLG,WV,AEA,CE,Federal Contract Tower,0,2,2,0,4,0,14,17,2,33,0,16,19,2,37,28,10,38,75
09/18/2017,HLG,WV,AEA,CE,Federal Contract Tower,0,3,2,0,5,0,16,21,9,46,0,19,23,9,51,24,44,68,119
09/19/2017,HLG,WV,AEA,CE,Federal Contract Tower,0,3,2,0,5,0,16,14,13,43,0,19,16,13,48,10,54,64,112
09/20/2017,HLG,WV,AEA,CE,Federal Contract Tower,0,9,0,1,10,0,8,20,5,33,0,17,20,6,43,20,18,38,81
09/21/2017,HLG,WV,AEA,CE,Federal Contract Tower,0,4,7,2,13,0,0,17,8,25,0,4,24,10,38,0,30,30,68
09/22/2017,HLG,WV,AEA,CE,Federal Contract Tower,0,0,0,8,8,0,6,17,4,27,0,6,17,12,35,0,14,14,49
09/23/2017,HLG,WV,AEA,CE,Federal Contract Tower,0,3,3,0,6,0,9,23,4,36,0,12,26,4,42,16,18,34,76
09/24/2017,HLG,WV,AEA,CE,Federal Contract Tower,0,1,4,0,5,0,14,20,6,40,0,15,24,6,45,28,36,64,109
09/25/2017,HLG,WV,AEA,CE,Federal Contract Tower,0,2,4,0,6,0,14,17,24,55,0,16,21,24,61,8,94,102,163
09/26/2017,HLG,WV,AEA,CE,Federal Contract Tower,0,6,0,0,6,0,12,35,14,61,0,18,35,14,67,20,40,60,127
09/27/2017,HLG,WV,AEA,CE,Federal Contract Tower,0,2,1,0,3,0,12,29,8,49,0,14,30,8,52,16,30,46,98
09/28/2017,HLG,WV,AEA,CE,Federal Contract Tower,0,5,3,0,8,0,8,26,6,40,0,13,29,6,48,18,42,60,108
09/29/2017,HLG,WV,AEA,CE,Federal Contract Tower,0,3,1,2,6,0,2,39,4,45,0,5,40,6,51,0,0,0,51
09/30/2017,HLG,WV,AEA,CE,Federal Contract Tower,0,5,0,0,5,0,10,23,2,35,0,15,23,2,40,12,10,22,62
10/01/2017,HLG,WV,AEA,CE,Federal Contract Tower,0,0,2,0,2,0,12,26,2,40,0,12,28,2,42,40,6,46,88
10/02/2017,HLG,WV,AEA,CE,Federal Contract Tower,0,9,5,0,14,0,12,31,6,49,0,21,36,6,63,10,34,44,107
10/03/2017,HLG,WV,AEA,CE,Federal Contract Tower,0,2,2,0,4,0,25,28,5,58,0,27,30,5,62,22,30,52,114
10/04/2017,HLG,WV,AEA,CE,Federal Contract Tower,0,9,0,0,9,0,10,36,2,48,0,19,36,2,57,0,12,12,69
10/05/2017,HLG,WV,AEA,CE,Federal Contract Tower,0,6,6,0,12,0,0,4,0,4,0,6,10,0,16,0,0,0,16
10/06/2017,HLG,WV,AEA,CE,Federal Contract Tower,0,2,0,0,2,0,4,4,2,10,0,6,4,2,12,0,0,0,12
10/07/2017,HLG,WV,AEA,CE,Federal Contract Tower,0,0,2,0,2,0,11,26,5,42,0,11,28,5,44,10,14,24,68
10/08/2017,HLG,WV,AEA,CE,Federal Contract Tower,0,1,0,1,2,0,9,7,1,17,0,10,7,2,19,0,0,0,19
10/09/2017,HLG,WV,AEA,CE,Federal Contract Tower,0,3,0,0,3,0,13,10,4,27,0,16,10,4,30,0,14,14,44
10/10/2017,HLG,WV,AEA,CE,Federal Contract Tower,0,5,3,0,8,0,13,19,2,34,0,18,22,2,42,10,8,18,60
10/11/2017,HLG,WV,AEA,CE,Federal Contract Tower,0,6,4,2,12,0,4,14,1,19,0,10,18,3,31,0,6,6,37
10/12/2017,HLG,WV,AEA,CE,Federal Contract Tower,0,1,5,0,6,0,6,6,6,18,0,7,11,6,24,8,4,12,36
10/13/2017,HLG,WV,AEA,CE,Federal Contract Tower,0,0,2,2,4,0,6,19,1,26,0,6,21,3,30,0,0,0,30
10/14/2017,HLG,WV,AEA,CE,Federal Contract Tower,0,0,2,0,2,0,12,21,1,34,0,12,23,1,36,22,6,28,64
10/15/2017,HLG,WV,AEA,CE,Federal Contract Tower,0,0,2,0,2,0,12,7,1,20,0,12,9,1,22,0,0,0,22
10/16/2017,HLG,WV,AEA,CE,Federal Contract Tower,0,3,0,2,5,0,13,16,8,37,0,16,16,10,42,8,28,36,78
10/17/2017,HLG,WV,AEA,CE,Federal Contract Tower,0,5,0,2,7,0,12,15,17,44,0,17,15,19,51,20,58,78,129
10/18/2017,HLG,WV,AEA,CE,Federal Contract Tower,0,1,6,0,7,0,10,31,5,46,0,11,37,5,53,2,20,22,75
10/19/2017,HLG,WV,AEA,CE,Federal Contract Tower,0,0,2,1,3,0,6,29,13,48,0,6,31,14,51,14,4,18,69
10/20/2017,HLG,WV,AEA,CE,Federal Contract Tower,0,3,7,5,15,0,6,40,17,63,0,9,47,22,78,6,74,80,158
10/21/2017,HLG,WV,AEA,CE,Federal Contract Tower,0,2,0,0,2,0,10,29,18,57,0,12,29,18,59,14,100,114,173
10/22/2017,HLG,WV,AEA,CE,Federal Contract Tower,0,2,6,0,8,0,10,21,14,45,0,12,27,14,53,12,46,58,111
10/23/2017,HLG,WV,AEA,CE,Federal Contract Tower,0,3,0,0,3,0,11,5,0,16,0,14,5,0,19,0,0,0,19
10/24/2017,HLG,WV,AEA,CE,Federal Contract Tower,0,11,2,1,14,0,20,6,8,34,0,31,8,9,48,20,30,50,98
10/25/2017,HLG,WV,AEA,CE,Federal Contract Tower,0,5,2,2,9,0,6,16,14,36,0,11,18,16,45,0,44,44,89
10/26/2017,HLG,WV,AEA,CE,Federal Contract Tower,0,1,1,0,2,0,2,12,0,14,0,3,13,0,16,10,0,10,26
10/27/2017,HLG,WV,AEA,CE,Federal Contract Tower,0,3,1,0,4,0,2,14,2,18,0,5,15,2,22,0,4,4,26
10/28/2017,HLG,WV,AEA,CE,Federal Contract Tower,0,5,0,0,5,0,5,5,1,11,0,10,5,1,16,0,0,0,16
10/29/2017,HLG,WV,AEA,CE,Federal Contract Tower,0,1,2,0,3,0,7,3,6,16,0,8,5,6,19,0,40,40,59
10/30/2017,HLG,WV,AEA,CE,Federal Contract Tower,0,7,0,0,7,0,15,8,17,40,0,22,8,17,47,2,76,78,125
10/31/2017,HLG,WV,AEA,CE,Federal Contract Tower,0,3,0,0,3,0,14,16,14,44,0,17,16,14,47,16,58,74,121
11/01/2017,HLG,WV,AEA,CE,Federal Contract Tower,0,3,0,0,3,0,1,1,0,2,0,4,1,0,5,0,0,0,5
11/02/2017,HLG,WV,AEA,CE,Federal Contract Tower,0,6,4,0,10,0,0,10,0,10,0,6,14,0,20,8,14,22,42
11/03/2017,HLG,WV,AEA,CE,Federal Contract Tower,0,4,3,0,7,0,2,7,8,17,0,6,10,8,24,12,46,58,82
11/04/2017,HLG,WV,AEA,CE,Federal Contract Tower,0,2,2,2,6,0,14,14,37,65,0,16,16,39,71,10,126,136,207
11/05/2017,HLG,WV,AEA,CE,Federal Contract Tower,0,4,0,0,4,0,13,12,2,27,0,17,12,2,31,18,6,24,55
11/06/2017,HLG,WV,AEA,CE,Federal Contract Tower,0,1,0,2,3,0,12,7,9,28,0,13,7,11,31,0,20,20,51
11/07/2017,HLG,WV,AEA,CE,Federal Contract Tower,0,0,0,3,3,0,11,3,22,36,0,11,3,25,39,2,62,64,103
11/08/2017,HLG,WV,AEA,CE,Federal Contract Tower,0,6,0,2,8,0,8,19,9,36,0,14,19,11,44,0,10,10,54
11/09/2017,HLG,WV,AEA,CE,Federal Contract Tower,0,8,2,2,12,0,2,18,0,20,0,10,20,2,32,12,0,12,44
11/10/2017,HLG,WV,AEA,CE,Federal Contract Tower,0,1,0,0,1,0,0,9,1,10,0,1,9,1,11,0,0,0,11
11/11/2017,HLG,WV,AEA,CE,Federal Contract Tower,0,0,4,1,5,0,10,26,4,40,0,10,30,5,45,4,18,22,67
11/12/2017,HLG,WV,AEA,CE,Federal Contract Tower,0,2,1,0,3,0,9,14,2,25,0,11,15,2,28,4,10,14,42
11/13/2017,HLG,WV,AEA,CE,Federal Contract Tower,0,4,2,0,6,0,13,9,5,27,0,17,11,5,33,4,16,20,53
11/14/2017,HLG,WV,AEA,CE,Federal Contract Tower,0,3,0,0,3,0,12,18,13,43,0,15,18,13,46,18,52,70,116
11/15/2017,HLG,WV,AEA,CE,Federal Contract Tower,0,1,0,6,7,0,10,10,6,26,0,11,10,12,33,6,18,24,57
11/16/2017,HLG,WV,AEA,CE,Federal Contract Tower,0,7,0,0,7,0,0,2,0,2,0,7,2,0,9,0,0,0,9
11/17/2017,HLG,WV,AEA,CE,Federal Contract Tower,0,1,3,0,4,0,8,30,11,49,0,9,33,11,53,2,44,46,99
11/18/2017,HLG,WV,AEA,CE,Federal Contract Tower,0,5,1,5,11,0,8,6,12,26,0,13,7,17,37,0,94,94,131
11/19/2017,HLG,WV,AEA,CE,Federal Contract Tower,0,0,0,0,0,0,6,4,11,21,0,6,4,11,21,0,106,106,127
11/20/2017,HLG,WV,AEA,CE,Federal Contract Tower,0,2,0,0,2,0,13,11,12,36,0,15,11,12,38,6,40,46,84
11/21/2017,HLG,WV,AEA,CE,Federal Contract Tower,0,6,0,0,6,0,23,10,15,48,0,29,10,15,54,10,82,92,146
11/22/2017,HLG,WV,AEA,CE,Federal Contract Tower,0,5,1,0,6,0,4,1,0,5,0,9,2,0,11,0,0,0,11
11/23/2017,HLG,WV,AEA,CE,Federal Contract Tower,0,0,0,1,1,0,0,6,0,6,0,0,6,1,7,16,0,16,23
11/24/2017,HLG,WV,AEA,CE,Federal Contract Tower,0,1,0,5,6,0,0,25,0,25,0,1,25,5,31,18,0,18,49
11/25/2017,HLG,WV,AEA,CE,Federal Contract Tower,0,0,0,0,0,0,11,18,5,34,0,11,18,5,34,18,22,40,74
11/26/2017,HLG,WV,AEA,CE,Federal Contract Tower,0,6,2,0,8,0,11,25,4,40,0,17,27,4,48,28,22,50,98
11/27/2017,HLG,WV,AEA,CE,Federal Contract Tower,0,2,1,0,3,0,13,24,8,45,0,15,25,8,48,16,46,62,110
11/28/2017,HLG,WV,AEA,CE,Federal Contract Tower,0,7,1,0,8,0,19,27,6,52,0,26,28,6,60,14,24,38,98
11/29/2017,HLG,WV,AEA,CE,Federal Contract Tower,0,5,0,0,5,0,9,31,1,41,0,14,31,1,46,44,6,50,96
11/30/2017,HLG,WV,AEA,CE,Federal Contract Tower,0,4,4,0,8,0,3,17,0,20,0,7,21,0,28,0,0,0,28
12/01/2017,HLG,WV,AEA,CE,Federal Contract Tower,0,2,3,0,5,0,7,15,7,29,0,9,18,7,34,6,38,44,78
12/02/2017,HLG,WV,AEA,CE,Federal Contract Tower,0,1,0,0,1,0,11,21,3,35,0,12,21,3,36,18,20,38,74
12/03/2017,HLG,WV,AEA,CE,Federal Contract Tower,0,2,0,0,2,0,11,17,5,33,0,13,17,5,35,22,20,42,77
12/04/2017,HLG,WV,AEA,CE,Federal Contract Tower,0,0,3,7,10,0,13,20,22,55,0,13,23,29,65,8,66,74,139
12/05/2017,HLG,WV,AEA,CE,Federal Contract Tower,0,9,1,0,10,0,14,7,8,29,0,23,8,8,39,4,36,40,79
12/06/2017,HLG,WV,AEA,CE,Federal Contract Tower,0,3,0,0,3,0,11,15,2,28,0,14,15,2,31,4,48,52,83
12/07/2017,HLG,WV,AEA,CE,Federal Contract Tower,0,2,0,0,2,0,0,15,8,23,0,2,15,8,25,0,46,46,71
12/08/2017,HLG,WV,AEA,CE,Federal Contract Tower,0,0,0,0,0,0,0,15,9,24,0,0,15,9,24,0,10,10,34
12/09/2017,HLG,WV,AEA,CE,Federal Contract Tower,0,2,0,1,3,0,10,9,3,22,0,12,9,4,25,0,20,20,45
12/10/2017,HLG,WV,AEA,CE,Federal Contract Tower,0,0,0,0,0,0,12,21,3,36,0,12,21,3,36,0,18,18,54
12/11/2017,HLG,WV,AEA,CE,Federal Contract Tower,0,6,0,0,6,0,17,20,18,55,0,23,20,18,61,6,70,76,137
12/12/2017,HLG,WV,AEA,CE,Federal Contract Tower,0,7,0,0,7,0,12,4,9,25,0,19,4,9,32,0,36,36,68
12/13/2017,HLG,WV,AEA,CE,Federal Contract Tower,0,1,2,0,3,0,6,12,6,24,0,7,14,6,27,4,62,66,93
12/14/2017,HLG,WV,AEA,CE,Federal Contract Tower,0,5,2,0,7,0,6,6,18,30,0,11,8,18,37,0,36,36,73
12/15/2017,HLG,WV,AEA,CE,Federal Contract Tower,0,2,0,1,3,0,4,9,28,41,0,6,9,29,44,0,62,62,106
12/16/2017,HLG,WV,AEA,CE,Federal Contract Tower,0,0,2,0,2,0,9,15,13,37,0,9,17,13,39,6,46,52,91
12/17/2017,HLG,WV,AEA,CE,Federal Contract Tower,0,2,0,0,2,0,12,17,18,47,0,14,17,18,49,10,44,54,103
12/18/2017,HLG,WV,AEA,CE,Federal Contract Tower,0,3,0,0,3,0,14,8,5,27,0,17,8,5,30,4,38,42,72
12/19/2017,HLG,WV,AEA,CE,Federal Contract Tower,0,2,0,0,2,0,15,12,11,38,0,17,12,11,40,8,56,64,104
12/20/2017,HLG,WV,AEA,CE,Federal Contract Tower,0,2,0,0,2,0,18,12,7,37,0,20,12,7,39,16,36,52,91
12/21/2017,HLG,WV,AEA,CE,Federal Contract Tower,0,1,0,4,5,0,8,16,6,30,0,9,16,10,35,12,20,32,67
12/22/2017,HLG,WV,AEA,CE,Federal Contract Tower,0,3,0,0,3,0,0,0,0,0,0,3,0,0,3,0,0,0,3
12/23/2017,HLG,WV,AEA,CE,Federal Contract Tower,0,4,0,0,4,0,6,7,1,14,0,10,7,1,18,0,0,0,18
12/24/2017,HLG,WV,AEA,CE,Federal Contract Tower,0,0,0,0,0,0,10,12,3,25,0,10,12,3,25,10,8,18,43
12/25/2017,HLG,WV,AEA,CE,Federal Contract Tower,0,0,0,0,0,0,5,6,3,14,0,5,6,3,14,0,0,0,14
12/26/2017,HLG,WV,AEA,CE,Federal Contract Tower,0,2,0,0,2,0,16,12,1,29,0,18,12,1,31,0,0,0,31
12/27/2017,HLG,WV,AEA,CE,Federal Contract Tower,0,3,2,0,5,0,7,4,2,13,0,10,6,2,18,8,0,8,26
12/28/2017,HLG,WV,AEA,CE,Federal Contract Tower,0,0,0,0,0,0,15,6,2,23,0,15,6,2,23,0,6,6,29
12/29/2017,HLG,WV,AEA,CE,Federal Contract Tower,0,0,0,0,0,0,0,2,0,2,0,0,2,0,2,0,0,0,2
12/30/2017,HLG,WV,AEA,CE,Federal Contract Tower,0,0,0,0,0,0,15,5,2,22,0,15,5,2,22,0,0,0,22
12/31/2017,HLG,WV,AEA,CE,Federal Contract Tower,0,0,0,0,0,0,14,15,1,30,0,14,15,1,30,0,0,0,30
01/01/2018,HLG,WV,AEA,CE,Federal Contract Tower,0,0,0,0,0,0,17,9,1,27,0,17,9,1,27,0,0,0,27
01/02/2018,HLG,WV,AEA,CE,Federal Contract Tower,0,0,1,0,1,0,16,13,2,31,0,16,14,2,32,0,0,0,32
01/03/2018,HLG,WV,AEA,CE,Federal Contract Tower,0,0,0,0,0,0,11,25,6,42,0,11,25,6,42,4,26,30,72
01/04/2018,HLG,WV,AEA,CE,Federal Contract Tower,0,0,0,0,0,0,0,0,2,2,0,0,0,2,2,0,24,24,26
01/05/2018,HLG,WV,AEA,CE,Federal Contract Tower,0,2,3,0,5,0,0,7,22,29,0,2,10,22,34,10,62,72,106
01/06/2018,HLG,WV,AEA,CE,Federal Contract Tower,0,4,1,0,5,0,11,12,19,42,0,15,13,19,47,10,118,128,175
01/07/2018,HLG,WV,AEA,CE,Federal Contract Tower,0,0,2,1,3,0,14,26,19,59,0,14,28,20,62,16,82,98,160
01/08/2018,HLG,WV,AEA,CE,Federal Contract Tower,0,0,0,0,0,0,11,6,2,19,0,11,6,2,19,0,4,4,23
01/09/2018,HLG,WV,AEA,CE,Federal Contract Tower,0,3,0,1,4,0,14,8,12,34,0,17,8,13,38,0,62,62,100
01/10/2018,HLG,WV,AEA,CE,Federal Contract Tower,0,4,2,0,6,0,10,3,8,21,0,14,5,8,27,0,88,88,115
01/11/2018,HLG,WV,AEA,CE,Federal Contract Tower,0,1,1,5,7,0,0,6,9,15,0,1,7,14,22,0,42,42,64
01/12/2018,HLG,WV,AEA,CE,Federal Contract Tower,0,0,0,0,0,0,0,0,0,0,0,0,0,0,0,0,0,0,0
01/13/2018,HLG,WV,AEA,CE,Federal Contract Tower,0,2,0,0,2,0,13,5,0,18,0,15,5,0,20,0,0,0,20
01/14/2018,HLG,WV,AEA,CE,Federal Contract Tower,0,0,3,0,3,0,12,11,3,26,0,12,14,3,29,6,14,20,49
01/15/2018,HLG,WV,AEA,CE,Federal Contract Tower,0,0,0,0,0,0,14,7,0,21,0,14,7,0,21,0,0,0,21
01/16/2018,HLG,WV,AEA,CE,Federal Contract Tower,0,0,0,0,0,0,10,4,0,14,0,10,4,0,14,0,0,0,14
01/17/2018,HLG,WV,AEA,CE,Federal Contract Tower,0,0,1,0,1,0,13,6,3,22,0,13,7,3,23,0,0,0,23
01/18/2018,HLG,WV,AEA,CE,Federal Contract Tower,0,0,6,3,9,0,1,8,5,14,0,1,14,8,23,6,10,16,39
01/19/2018,HLG,WV,AEA,CE,Federal Contract Tower,0,7,1,4,12,0,6,16,16,38,0,13,17,20,50,0,48,48,98
01/20/2018,HLG,WV,AEA,CE,Federal Contract Tower,0,0,0,0,0,0,15,13,6,34,0,15,13,6,34,24,10,34,68
01/21/2018,HLG,WV,AEA,CE,Federal Contract Tower,0,1,1,0,2,0,15,17,2,34,0,16,18,2,36,14,8,22,58
01/22/2018,HLG,WV,AEA,CE,Federal Contract Tower,0,1,3,2,6,0,14,21,2,37,0,15,24,4,43,18,8,26,69
01/23/2018,HLG,WV,AEA,CE,Federal Contract Tower,0,2,0,0,2,0,16,9,5,30,0,18,9,5,32,6,32,38,70
01/24/2018,HLG,WV,AEA,CE,Federal Contract Tower,0,2,2,0,4,0,8,11,4,23,0,10,13,4,27,4,34,38,65
01/25/2018,HLG,WV,AEA,CE,Federal Contract Tower,0,4,0,0,4,0,0,20,0,20,0,4,20,0,24,0,0,0,24
01/26/2018,HLG,WV,AEA,CE,Federal Contract Tower,0,6,4,2,12,0,2,34,6,42,0,8,38,8,54,0,26,26,80
01/27/2018,HLG,WV,AEA,CE,Federal Contract Tower,0,7,0,0,7,0,13,10,3,26,0,20,10,3,33,8,16,24,57
01/28/2018,HLG,WV,AEA,CE,Federal Contract Tower,0,1,2,0,3,0,14,18,3,35,0,15,20,3,38,28,14,42,80
01/29/2018,HLG,WV,AEA,CE,Federal Contract Tower,0,6,0,6,12,0,12,25,12,49,0,18,25,18,61,8,44,52,113
01/30/2018,HLG,WV,AEA,CE,Federal Contract Tower,0,0,0,0,0,0,12,9,11,32,0,12,9,11,32,26,52,78,110
01/31/2018,HLG,WV,AEA,CE,Federal Contract Tower,0,5,3,0,8,0,4,25,4,33,0,9,28,4,41,22,14,36,77
02/01/2018,HLG,WV,AEA,CE,Federal Contract Tower,0,4,8,0,12,0,0,7,1,8,0,4,15,1,20,0,0,0,20
02/02/2018,HLG,WV,AEA,CE,Federal Contract Tower,0,0,0,0,0,0,0,18,22,40,0,0,18,22,40,0,34,34,74
02/03/2018,HLG,WV,AEA,CE,Federal Contract Tower,0,0,2,0,2,0,11,20,10,41,0,11,22,10,43,8,40,48,91
02/04/2018,HLG,WV,AEA,CE,Federal Contract Tower,0,0,0,0,0,0,10,4,1,15,0,10,4,1,15,0,0,0,15
02/05/2018,HLG,WV,AEA,CE,Federal Contract Tower,0,1,1,1,3,0,14,42,7,63,0,15,43,8,66,8,30,38,104
02/06/2018,HLG,WV,AEA,CE,Federal Contract Tower,0,4,0,2,6,0,12,31,7,50,0,16,31,9,56,2,38,40,96
02/07/2018,HLG,WV,AEA,CE,Federal Contract Tower,0,0,0,0,0,0,0,0,0,0,0,0,0,0,0,0,0,0,0
02/08/2018,HLG,WV,AEA,CE,Federal Contract Tower,0,1,1,1,3,0,0,4,5,9,0,1,5,6,12,0,18,18,30
02/09/2018,HLG,WV,AEA,CE,Federal Contract Tower,0,0,2,0,2,0,2,20,6,28,0,2,22,6,30,0,26,26,56
02/10/2018,HLG,WV,AEA,CE,Federal Contract Tower,0,0,0,0,0,0,11,15,3,29,0,11,15,3,29,6,14,20,49
02/11/2018,HLG,WV,AEA,CE,Federal Contract Tower,0,2,0,0,2,0,4,2,0,6,0,6,2,0,8,0,0,0,8
02/12/2018,HLG,WV,AEA,CE,Federal Contract Tower,0,4,1,0,5,0,12,22,2,36,0,16,23,2,41,14,14,28,69
02/13/2018,HLG,WV,AEA,CE,Federal Contract Tower,0,1,0,3,4,0,14,27,5,46,0,15,27,8,50,12,30,42,92
02/14/2018,HLG,WV,AEA,CE,Federal Contract Tower,0,0,0,4,4,0,4,7,3,14,0,4,7,7,18,0,22,22,40
02/15/2018,HLG,WV,AEA,CE,Federal Contract Tower,0,4,2,4,10,0,2,4,3,9,0,6,6,7,19,0,12,12,31
02/16/2018,HLG,WV,AEA,CE,Federal Contract Tower,0,2,3,0,5,0,0,2,0,2,0,2,5,0,7,0,0,0,7
02/17/2018,HLG,WV,AEA,CE,Federal Contract Tower,0,1,2,0,3,0,7,4,0,11,0,8,6,0,14,0,0,0,14
02/18/2018,HLG,WV,AEA,CE,Federal Contract Tower,0,1,2,0,3,0,18,24,2,44,0,19,26,2,47,22,14,36,83
02/19/2018,HLG,WV,AEA,CE,Federal Contract Tower,0,0,0,0,0,0,13,10,0,23,0,13,10,0,23,0,0,0,23
02/20/2018,HLG,WV,AEA,CE,Federal Contract Tower,0,7,2,3,12,0,14,21,29,64,0,21,23,32,76,6,90,96,172
02/21/2018,HLG,WV,AEA,CE,Federal Contract Tower,0,4,2,0,6,0,5,11,4,20,0,9,13,4,26,0,16,16,42
02/22/2018,HLG,WV,AEA,CE,Federal Contract Tower,0,0,0,2,2,0,0,2,0,2,0,0,2,2,4,0,0,0,4
02/23/2018,HLG,WV,AEA,CE,Federal Contract Tower,0,4,0,2,6,0,0,2,0,2,0,4,2,2,8,0,4,4,12
02/24/2018,HLG,WV,AEA,CE,Federal Contract Tower,0,0,5,0,5,0,0,0,0,0,0,0,5,0,5,0,0,0,5
02/25/2018,HLG,WV,AEA,CE,Federal Contract Tower,0,0,2,0,2,0,13,10,4,27,0,13,12,4,29,10,14,24,53
02/26/2018,HLG,WV,AEA,CE,Federal Contract Tower,0,1,1,0,2,0,22,21,8,51,0,23,22,8,53,18,40,58,111
02/27/2018,HLG,WV,AEA,CE,Federal Contract Tower,0,12,2,0,14,0,21,25,3,49,0,33,27,3,63,18,14,32,95
02/28/2018,HLG,WV,AEA,CE,Federal Contract Tower,0,6,3,2,11,0,15,42,7,64,0,21,45,9,75,20,24,44,119
03/01/2018,HLG,WV,AEA,CE,Federal Contract Tower,0,4,1,0,5,0,0,7,0,7,0,4,8,0,12,0,0,0,12
03/02/2018,HLG,WV,AEA,CE,Federal Contract Tower,0,0,0,0,0,0,0,4,28,32,0,0,4,28,32,0,70,70,102
03/03/2018,HLG,WV,AEA,CE,Federal Contract Tower,0,0,0,0,0,0,2,11,53,66,0,2,11,53,66,2,78,80,146
03/04/2018,HLG,WV,AEA,CE,Federal Contract Tower,0,0,0,0,0,0,4,20,17,41,0,4,20,17,41,0,36,36,77
03/06/2018,HLG,WV,AEA,CE,Federal Contract Tower,0,3,0,0,3,0,8,16,7,31,0,11,16,7,34,8,38,46,80
03/07/2018,HLG,WV,AEA,CE,Federal Contract Tower,0,1,2,0,3,0,6,2,3,11,0,7,4,3,14,0,12,12,26
03/08/2018,HLG,WV,AEA,CE,Federal Contract Tower,0,2,4,1,7,0,6,15,3,24,0,8,19,4,31,0,14,14,45
03/09/2018,HLG,WV,AEA,CE,Federal Contract Tower,0,0,3,0,3,0,7,3,10,20,0,7,6,10,23,0,38,38,61
03/10/2018,HLG,WV,AEA,CE,Federal Contract Tower,0,0,0,0,0,0,0,8,18,26,0,0,8,18,26,0,34,34,60
03/11/2018,HLG,WV,AEA,CE,Federal Contract Tower,0,1,2,0,3,0,0,22,0,22,0,1,24,0,25,18,0,18,43
03/12/2018,HLG,WV,AEA,CE,Federal Contract Tower,0,7,1,0,8,0,15,16,2,33,0,22,17,2,41,0,2,2,43
03/13/2018,HLG,WV,AEA,CE,Federal Contract Tower,0,2,0,0,2,0,0,23,5,28,0,2,23,5,30,0,30,30,60
03/14/2018,HLG,WV,AEA,CE,Federal Contract Tower,0,3,0,6,9,0,3,11,6,20,0,6,11,12,29,0,14,14,43
03/15/2018,HLG,WV,AEA,CE,Federal Contract Tower,0,4,0,0,4,0,5,21,6,32,0,9,21,6,36,0,50,50,86
03/16/2018,HLG,WV,AEA,CE,Federal Contract Tower,0,1,0,0,1,0,8,26,10,44,0,9,26,10,45,20,102,122,167
03/17/2018,HLG,WV,AEA,CE,Federal Contract Tower,0,0,0,0,0,0,0,2,4,6,0,0,2,4,6,0,10,10,16
03/18/2018,HLG,WV,AEA,CE,Federal Contract Tower,0,0,1,0,1,0,6,36,11,53,0,6,37,11,54,34,0,34,88
03/19/2018,HLG,WV,AEA,CE,Federal Contract Tower,0,0,0,0,0,0,0,0,0,0,0,0,0,0,0,12,37,49,49
03/20/2018,HLG,WV,AEA,CE,Federal Contract Tower,0,0,0,0,0,0,0,0,0,0,0,0,0,0,0,0,0,0,0
03/21/2018,HLG,WV,AEA,CE,Federal Contract Tower,0,0,0,0,0,0,0,0,0,0,0,0,0,0,0,0,0,0,0
03/22/2018,HLG,WV,AEA,CE,Federal Contract Tower,0,8,1,0,9,0,6,20,11,37,0,14,21,11,46,4,36,40,86
03/23/2018,HLG,WV,AEA,CE,Federal Contract Tower,0,2,1,0,3,0,8,14,6,28,0,10,15,6,31,4,28,32,63
03/24/2018,HLG,WV,AEA,CE,Federal Contract Tower,0,0,0,0,0,0,7,17,2,26,0,7,17,2,26,16,14,30,56
03/25/2018,HLG,WV,AEA,CE,Federal Contract Tower,0,0,0,0,0,0,0,0,0,0,0,0,0,0,0,0,0,0,0
03/26/2018,HLG,WV,AEA,CE,Federal Contract Tower,0,0,0,0,0,0,0,0,0,0,0,0,0,0,0,0,0,0,0
03/27/2018,HLG,WV,AEA,CE,Federal Contract Tower,0,0,0,0,0,0,0,0,0,0,0,0,0,0,0,0,16,16,16
03/28/2018,HLG,WV,AEA,CE,Federal Contract Tower,0,1,0,0,1,0,0,0,0,0,0,1,0,0,1,0,0,0,1
03/29/2018,HLG,WV,AEA,CE,Federal Contract Tower,0,6,2,3,11,0,2,0,0,2,0,8,2,3,13,4,0,4,17
03/30/2018,HLG,WV,AEA,CE,Federal Contract Tower,0,1,2,3,6,0,2,1,5,8,0,3,3,8,14,8,0,8,22
03/31/2018,HLG,WV,AEA,CE,Federal Contract Tower,0,0,0,0,0,0,0,0,0,0,0,0,0,0,0,0,0,0,0
04/01/2018,HLG,WV,AEA,CE,Federal Contract Tower,0,0,0,0,0,0,0,0,0,0,0,0,0,0,0,0,0,0,0
04/02/2018,HLG,WV,AEA,CE,Federal Contract Tower,0,0,0,0,0,0,0,0,0,0,0,0,0,0,0,0,33,33,33
04/03/2018,HLG,WV,AEA,CE,Federal Contract Tower,0,0,0,0,0,0,0,0,0,0,0,0,0,0,0,10,0,10,10
04/04/2018,HLG,WV,AEA,CE,Federal Contract Tower,0,5,3,0,8,0,4,7,7,18,0,9,10,7,26,0,20,20,46
04/05/2018,HLG,WV,AEA,CE,Federal Contract Tower,0,4,2,2,8,0,4,5,14,23,0,8,7,16,31,0,28,28,59
04/06/2018,HLG,WV,AEA,CE,Federal Contract Tower,0,2,0,0,2,0,8,16,3,27,0,10,16,3,29,0,12,12,41
04/07/2018,HLG,WV,AEA,CE,Federal Contract Tower,0,0,0,0,0,0,3,12,0,15,0,3,12,0,15,12,0,12,27
04/08/2018,HLG,WV,AEA,CE,Federal Contract Tower,0,0,0,0,0,0,0,0,0,0,0,0,0,0,0,0,0,0,0
04/09/2018,HLG,WV,AEA,CE,Federal Contract Tower,0,4,0,0,4,0,11,12,15,38,0,15,12,15,42,0,74,74,116
04/10/2018,HLG,WV,AEA,CE,Federal Contract Tower,0,0,0,0,0,0,0,0,0,0,0,0,0,0,0,0,20,20,20
04/11/2018,HLG,WV,AEA,CE,Federal Contract Tower,0,4,1,2,7,0,6,16,7,29,0,10,17,9,36,0,22,22,58
04/12/2018,HLG,WV,AEA,CE,Federal Contract Tower,0,1,0,3,4,0,4,8,5,17,0,5,8,8,21,0,14,14,35
04/13/2018,HLG,WV,AEA,CE,Federal Contract Tower,0,8,0,3,11,0,16,13,5,34,0,24,13,8,45,16,18,34,79
04/14/2018,HLG,WV,AEA,CE,Federal Contract Tower,0,0,0,0,0,0,0,0,0,0,0,0,0,0,0,0,0,0,0
04/15/2018,HLG,WV,AEA,CE,Federal Contract Tower,0,0,0,0,0,0,0,0,0,0,0,0,0,0,0,0,0,0,0
04/16/2018,HLG,WV,AEA,CE,Federal Contract Tower,0,0,0,0,0,0,0,0,0,0,0,0,0,0,0,0,11,11,11
04/17/2018,HLG,WV,AEA,CE,Federal Contract Tower,0,0,0,0,0,0,0,0,0,0,0,0,0,0,0,0,10,10,10
04/18/2018,HLG,WV,AEA,CE,Federal Contract Tower,0,7,0,0,7,0,8,16,0,24,0,15,16,0,31,24,0,24,55
04/19/2018,HLG,WV,AEA,CE,Federal Contract Tower,0,1,0,0,1,0,4,4,0,8,0,5,4,0,9,0,0,0,9
04/20/2018,HLG,WV,AEA,CE,Federal Contract Tower,0,2,2,0,4,0,10,23,31,64,0,12,25,31,68,10,116,126,194
04/21/2018,HLG,WV,AEA,CE,Federal Contract Tower,0,0,0,0,0,0,0,0,0,0,0,0,0,0,0,2,4,6,6
04/22/2018,HLG,WV,AEA,CE,Federal Contract Tower,0,0,0,0,0,0,0,0,0,0,0,0,0,0,0,0,0,0,0
04/23/2018,HLG,WV,AEA,CE,Federal Contract Tower,0,0,0,0,0,0,0,0,0,0,0,0,0,0,0,28,10,38,38
04/24/2018,HLG,WV,AEA,CE,Federal Contract Tower,0,0,0,0,0,0,0,0,0,0,0,0,0,0,0,0,56,56,56
04/25/2018,HLG,WV,AEA,CE,Federal Contract Tower,0,2,4,6,12,0,11,4,0,15,0,13,8,6,27,0,0,0,27
04/26/2018,HLG,WV,AEA,CE,Federal Contract Tower,0,4,1,0,5,0,6,30,5,41,0,10,31,5,46,12,40,52,98
04/27/2018,HLG,WV,AEA,CE,Federal Contract Tower,0,1,3,0,4,0,12,19,4,35,0,13,22,4,39,8,18,26,65
04/28/2018,HLG,WV,AEA,CE,Federal Contract Tower,0,0,1,0,1,0,6,0,0,6,0,6,1,0,7,0,0,0,7
04/29/2018,HLG,WV,AEA,CE,Federal Contract Tower,0,0,0,0,0,0,0,0,0,0,0,0,0,0,0,2,0,2,2
04/30/2018,HLG,WV,AEA,CE,Federal Contract Tower,0,0,0,0,0,0,0,0,0,0,0,0,0,0,0,14,36,50,50
05/01/2018,HLG,WV,AEA,CE,Federal Contract Tower,0,3,1,3,7,0,11,40,4,55,0,14,41,7,62,26,22,48,110
05/02/2018,HLG,WV,AEA,CE,Federal Contract Tower,0,2,0,0,2,0,7,11,5,23,0,9,11,5,25,0,0,0,25
05/03/2018,HLG,WV,AEA,CE,Federal Contract Tower,0,4,2,0,6,0,7,15,4,26,0,11,17,4,32,0,14,14,46
05/04/2018,HLG,WV,AEA,CE,Federal Contract Tower,0,3,0,0,3,0,7,10,25,42,0,10,10,25,45,0,62,62,107
05/05/2018,HLG,WV,AEA,CE,Federal Contract Tower,0,0,0,0,0,0,0,0,0,0,0,0,0,0,0,2,43,45,45
05/06/2018,HLG,WV,AEA,CE,Federal Contract Tower,0,0,0,0,0,0,0,0,0,0,0,0,0,0,0,5,38,43,43
05/07/2018,HLG,WV,AEA,CE,Federal Contract Tower,0,0,0,0,0,0,0,0,0,0,0,0,0,0,0,0,30,30,30
05/08/2018,HLG,WV,AEA,CE,Federal Contract Tower,0,0,0,0,0,0,0,0,0,0,0,0,0,0,0,10,24,34,34
05/09/2018,HLG,WV,AEA,CE,Federal Contract Tower,0,4,0,0,4,0,11,15,7,33,0,15,15,7,37,4,28,32,69
05/10/2018,HLG,WV,AEA,CE,Federal Contract Tower,0,0,1,0,1,0,7,14,8,29,0,7,15,8,30,0,22,22,52
05/11/2018,HLG,WV,AEA,CE,Federal Contract Tower,0,3,1,3,7,0,12,20,7,39,0,15,21,10,46,4,22,26,72
05/12/2018,HLG,WV,AEA,CE,Federal Contract Tower,0,0,0,0,0,0,0,0,0,0,0,0,0,0,0,0,0,0,0
05/13/2018,HLG,WV,AEA,CE,Federal Contract Tower,0,0,0,0,0,0,0,0,0,0,0,0,0,0,0,12,0,12,12
05/14/2018,HLG,WV,AEA,CE,Federal Contract Tower,0,0,0,0,0,0,0,0,0,0,0,0,0,0,0,0,0,0,0
05/15/2018,HLG,WV,AEA,CE,Federal Contract Tower,0,2,0,0,2,0,5,12,12,29,0,7,12,12,31,0,63,63,94
05/16/2018,HLG,WV,AEA,CE,Federal Contract Tower,0,4,0,2,6,0,7,4,5,16,0,11,4,7,22,0,36,36,58
05/17/2018,HLG,WV,AEA,CE,Federal Contract Tower,0,4,0,1,5,0,6,4,1,11,0,10,4,2,16,0,8,8,24
05/18/2018,HLG,WV,AEA,CE,Federal Contract Tower,0,5,0,0,5,0,13,20,4,37,0,18,20,4,42,6,8,14,56
05/19/2018,HLG,WV,AEA,CE,Federal Contract Tower,0,0,0,0,0,0,2,6,6,14,0,2,6,6,14,0,14,14,28
05/20/2018,HLG,WV,AEA,CE,Federal Contract Tower,0,3,0,2,5,0,0,14,7,21,0,3,14,9,26,0,26,26,52
05/21/2018,HLG,WV,AEA,CE,Federal Contract Tower,0,2,0,0,2,0,7,14,2,23,0,9,14,2,25,0,0,0,25
05/22/2018,HLG,WV,AEA,CE,Federal Contract Tower,0,3,2,0,5,0,2,6,0,8,0,5,8,0,13,0,0,0,13
05/23/2018,HLG,WV,AEA,CE,Federal Contract Tower,0,11,1,1,13,0,11,11,5,27,0,22,12,6,40,0,20,20,60
05/24/2018,HLG,WV,AEA,CE,Federal Contract Tower,0,8,0,0,8,0,14,8,9,31,0,22,8,9,39,10,14,24,63
05/25/2018,HLG,WV,AEA,CE,Federal Contract Tower,0,9,3,0,12,0,4,9,9,22,0,13,12,9,34,0,38,38,72
05/26/2018,HLG,WV,AEA,CE,Federal Contract Tower,0,0,0,0,0,0,0,16,3,19,0,0,16,3,19,0,2,2,21
05/27/2018,HLG,WV,AEA,CE,Federal Contract Tower,0,0,1,0,1,0,0,11,0,11,0,0,12,0,12,0,0,0,12
05/28/2018,HLG,WV,AEA,CE,Federal Contract Tower,0,2,8,0,10,0,8,23,1,32,0,10,31,1,42,30,0,30,72
05/29/2018,HLG,WV,AEA,CE,Federal Contract Tower,0,3,0,0,3,0,5,13,7,25,0,8,13,7,28,0,56,56,84
05/30/2018,HLG,WV,AEA,CE,Federal Contract Tower,0,2,2,0,4,0,12,24,0,36,0,14,26,0,40,0,0,0,40
05/31/2018,HLG,WV,AEA,CE,Federal Contract Tower,0,1,1,1,3,0,4,12,11,27,0,5,13,12,30,0,24,24,54
06/01/2018,HLG,WV,AEA,CE,Federal Contract Tower,0,4,6,0,10,0,9,19,5,33,0,13,25,5,43,8,24,32,75
06/02/2018,HLG,WV,AEA,CE,Federal Contract Tower,0,0,2,2,4,0,0,21,30,51,0,0,23,32,55,0,68,68,123
06/03/2018,HLG,WV,AEA,CE,Federal Contract Tower,0,0,7,0,7,0,2,21,24,47,0,2,28,24,54,0,44,44,98
06/04/2018,HLG,WV,AEA,CE,Federal Contract Tower,0,0,0,0,0,0,0,0,0,0,0,0,0,0,0,0,44,44,44
06/05/2018,HLG,WV,AEA,CE,Federal Contract Tower,0,0,0,0,0,0,9,15,14,38,0,9,15,14,38,0,38,38,76
06/06/2018,HLG,WV,AEA,CE,Federal Contract Tower,0,3,2,0,5,0,6,25,11,42,0,9,27,11,47,0,16,16,63
06/07/2018,HLG,WV,AEA,CE,Federal Contract Tower,0,2,3,4,9,0,11,19,49,79,0,13,22,53,88,0,86,86,174
06/08/2018,HLG,WV,AEA,CE,Federal Contract Tower,0,2,0,4,6,0,10,24,36,70,0,12,24,40,76,20,74,94,170
06/09/2018,HLG,WV,AEA,CE,Federal Contract Tower,0,2,1,0,3,0,1,6,0,7,0,3,7,0,10,0,0,0,10
06/10/2018,HLG,WV,AEA,CE,Federal Contract Tower,0,2,0,0,2,0,2,10,2,14,0,4,10,2,16,10,0,10,26
06/11/2018,HLG,WV,AEA,CE,Federal Contract Tower,0,3,0,0,3,0,7,2,6,15,0,10,2,6,18,0,6,6,24
06/12/2018,HLG,WV,AEA,CE,Federal Contract Tower,0,7,0,4,11,0,6,16,4,26,0,13,16,8,37,6,20,26,63
06/13/2018,HLG,WV,AEA,CE,Federal Contract Tower,0,1,1,4,6,0,9,8,6,23,0,10,9,10,29,0,20,20,49
06/14/2018,HLG,WV,AEA,CE,Federal Contract Tower,0,0,0,0,0,0,9,24,8,41,0,9,24,8,41,6,14,20,61
06/15/2018,HLG,WV,AEA,CE,Federal Contract Tower,0,6,0,1,7,0,6,26,10,42,0,12,26,11,49,12,42,54,103
06/16/2018,HLG,WV,AEA,CE,Federal Contract Tower,0,0,0,0,0,0,5,18,0,23,0,5,18,0,23,4,0,4,27
06/17/2018,HLG,WV,AEA,CE,Federal Contract Tower,0,1,0,0,1,0,7,17,0,24,0,8,17,0,25,2,0,2,27
06/18/2018,HLG,WV,AEA,CE,Federal Contract Tower,0,5,0,0,5,0,10,17,3,30,0,15,17,3,35,10,20,30,65
06/19/2018,HLG,WV,AEA,CE,Federal Contract Tower,0,6,0,0,6,0,8,10,10,28,0,14,10,10,34,0,26,26,60
06/20/2018,HLG,WV,AEA,CE,Federal Contract Tower,0,1,2,0,3,0,4,2,6,12,0,5,4,6,15,0,24,24,39
06/21/2018,HLG,WV,AEA,CE,Federal Contract Tower,0,0,0,4,4,0,5,8,12,25,0,5,8,16,29,0,36,36,65
06/22/2018,HLG,WV,AEA,CE,Federal Contract Tower,0,2,2,7,11,0,0,1,0,1,0,2,3,7,12,0,0,0,12
06/23/2018,HLG,WV,AEA,CE,Federal Contract Tower,0,2,0,0,2,0,0,9,0,9,0,2,9,0,11,12,0,12,23
06/24/2018,HLG,WV,AEA,CE,Federal Contract Tower,0,2,0,0,2,0,0,25,0,25,0,2,25,0,27,0,0,0,27
06/25/2018,HLG,WV,AEA,CE,Federal Contract Tower,0,4,2,3,9,0,9,12,2,23,0,13,14,5,32,6,8,14,46
06/26/2018,HLG,WV,AEA,CE,Federal Contract Tower,0,4,0,1,5,0,7,25,10,42,0,11,25,11,47,16,26,42,89
06/27/2018,HLG,WV,AEA,CE,Federal Contract Tower,0,4,3,4,11,0,4,3,9,16,0,8,6,13,27,0,24,24,51
06/28/2018,HLG,WV,AEA,CE,Federal Contract Tower,0,2,2,3,7,0,4,4,8,16,0,6,6,11,23,16,22,38,61
06/29/2018,HLG,WV,AEA,CE,Federal Contract Tower,0,4,3,0,7,0,7,32,11,50,0,11,35,11,57,18,28,46,103
06/30/2018,HLG,WV,AEA,CE,Federal Contract Tower,0,4,1,0,5,0,1,10,1,12,0,5,11,1,17,0,0,0,17
07/01/2018,HLG,WV,AEA,CE,Federal Contract Tower,0,1,0,0,1,0,0,5,0,5,0,1,5,0,6,6,0,6,12
07/02/2018,HLG,WV,AEA,CE,Federal Contract Tower,0,4,0,0,4,0,10,15,0,25,0,14,15,0,29,24,0,24,53
07/04/2018,HLG,WV,AEA,CE,Federal Contract Tower,0,0,0,0,0,0,6,12,2,20,0,6,12,2,20,4,6,10,30
07/05/2018,HLG,WV,AEA,CE,Federal Contract Tower,0,3,1,2,6,0,8,10,2,20,0,11,11,4,26,0,0,0,26
07/06/2018,HLG,WV,AEA,CE,Federal Contract Tower,0,0,6,1,7,0,7,18,1,26,0,7,24,2,33,4,6,10,43
07/07/2018,HLG,WV,AEA,CE,Federal Contract Tower,0,2,0,0,2,0,17,5,0,22,0,19,5,0,24,0,0,0,24
07/08/2018,HLG,WV,AEA,CE,Federal Contract Tower,0,3,0,0,3,0,20,1,0,21,0,23,1,0,24,12,6,18,42
07/09/2018,HLG,WV,AEA,CE,Federal Contract Tower,0,3,1,0,4,0,10,19,7,36,0,13,20,7,40,6,22,28,68
07/10/2018,HLG,WV,AEA,CE,Federal Contract Tower,0,11,0,0,11,0,9,15,4,28,0,20,15,4,39,4,14,18,57
07/11/2018,HLG,WV,AEA,CE,Federal Contract Tower,0,4,0,0,4,0,2,13,7,22,0,6,13,7,26,0,2,2,28
07/12/2018,HLG,WV,AEA,CE,Federal Contract Tower,0,1,4,0,5,0,9,21,9,39,0,10,25,9,44,4,28,32,76
07/13/2018,HLG,WV,AEA,CE,Federal Contract Tower,0,0,1,3,4,0,0,17,2,19,0,0,18,5,23,0,0,0,23
07/14/2018,HLG,WV,AEA,CE,Federal Contract Tower,0,0,0,2,2,0,11,13,30,54,0,11,13,32,56,4,56,60,116
07/15/2018,HLG,WV,AEA,CE,Federal Contract Tower,0,0,2,1,3,0,7,16,19,42,0,7,18,20,45,2,56,58,103
07/16/2018,HLG,WV,AEA,CE,Federal Contract Tower,0,0,0,0,0,0,8,13,5,26,0,8,13,5,26,0,12,12,38
07/17/2018,HLG,WV,AEA,CE,Federal Contract Tower,0,1,2,2,5,0,6,14,4,24,0,7,16,6,29,0,18,18,47
07/18/2018,HLG,WV,AEA,CE,Federal Contract Tower,0,5,1,1,7,0,2,12,9,23,0,7,13,10,30,0,22,22,52
07/19/2018,HLG,WV,AEA,CE,Federal Contract Tower,0,2,0,4,6,0,22,32,6,60,0,24,32,10,66,0,16,16,82
07/20/2018,HLG,WV,AEA,CE,Federal Contract Tower,0,8,3,0,11,0,2,22,0,24,0,10,25,0,35,0,0,0,35
07/21/2018,HLG,WV,AEA,CE,Federal Contract Tower,0,0,0,1,1,0,0,3,4,7,0,0,3,5,8,0,0,0,8
07/22/2018,HLG,WV,AEA,CE,Federal Contract Tower,0,2,2,0,4,0,3,10,0,13,0,5,12,0,17,0,0,0,17
07/23/2018,HLG,WV,AEA,CE,Federal Contract Tower,0,5,4,6,15,0,10,8,5,23,0,15,12,11,38,0,14,14,52
07/24/2018,HLG,WV,AEA,CE,Federal Contract Tower,0,9,3,4,16,0,8,14,10,32,0,17,17,14,48,0,36,36,84
07/25/2018,HLG,WV,AEA,CE,Federal Contract Tower,0,5,2,1,8,0,2,5,1,8,0,7,7,2,16,0,0,0,16
07/26/2018,HLG,WV,AEA,CE,Federal Contract Tower,0,9,5,4,18,0,12,16,10,38,0,21,21,14,56,32,22,54,110
07/27/2018,HLG,WV,AEA,CE,Federal Contract Tower,0,2,2,4,8,0,4,3,0,7,0,6,5,4,15,0,0,0,15
07/28/2018,HLG,WV,AEA,CE,Federal Contract Tower,0,1,2,0,3,0,8,21,0,29,0,9,23,0,32,0,0,0,32
07/29/2018,HLG,WV,AEA,CE,Federal Contract Tower,0,7,0,4,11,0,0,20,6,26,0,7,20,10,37,2,0,2,39
07/30/2018,HLG,WV,AEA,CE,Federal Contract Tower,0,3,0,0,3,0,1,6,0,7,0,4,6,0,10,0,0,0,10
07/31/2018,HLG,WV,AEA,CE,Federal Contract Tower,0,7,1,0,8,0,3,13,5,21,0,10,14,5,29,0,20,20,49
08/01/2018,HLG,WV,AEA,CE,Federal Contract Tower,0,8,2,2,12,0,0,6,4,10,0,8,8,6,22,0,6,6,28
08/02/2018,HLG,WV,AEA,CE,Federal Contract Tower,0,0,0,2,2,0,2,4,6,12,0,2,4,8,14,0,18,18,32
08/03/2018,HLG,WV,AEA,CE,Federal Contract Tower,0,5,4,4,13,0,0,7,8,15,0,5,11,12,28,0,14,14,42
08/04/2018,HLG,WV,AEA,CE,Federal Contract Tower,0,2,5,0,7,0,4,22,5,31,0,6,27,5,38,0,16,16,54
08/05/2018,HLG,WV,AEA,CE,Federal Contract Tower,0,4,2,2,8,0,5,12,5,22,0,9,14,7,30,12,0,12,42
08/06/2018,HLG,WV,AEA,CE,Federal Contract Tower,0,2,0,0,2,0,4,13,4,21,0,6,13,4,23,12,0,12,35
08/07/2018,HLG,WV,AEA,CE,Federal Contract Tower,0,3,0,0,3,0,2,21,0,23,0,5,21,0,26,0,0,0,26
08/08/2018,HLG,WV,AEA,CE,Federal Contract Tower,0,2,2,0,4,0,0,3,0,3,0,2,5,0,7,0,0,0,7
08/09/2018,HLG,WV,AEA,CE,Federal Contract Tower,0,2,2,1,5,0,1,12,2,15,0,3,14,3,20,0,4,4,24
08/10/2018,HLG,WV,AEA,CE,Federal Contract Tower,0,3,1,2,6,0,0,18,0,18,0,3,19,2,24,0,0,0,24
08/11/2018,HLG,WV,AEA,CE,Federal Contract Tower,0,1,0,0,1,0,1,11,0,12,0,2,11,0,13,0,0,0,13
08/12/2018,HLG,WV,AEA,CE,Federal Contract Tower,0,0,0,0,0,0,0,29,2,31,0,0,29,2,31,6,0,6,37
08/13/2018,HLG,WV,AEA,CE,Federal Contract Tower,0,2,1,0,3,0,4,25,2,31,0,6,26,2,34,10,0,10,44
08/14/2018,HLG,WV,AEA,CE,Federal Contract Tower,0,3,4,0,7,0,0,26,5,31,0,3,30,5,38,0,20,20,58
08/15/2018,HLG,WV,AEA,CE,Federal Contract Tower,0,2,2,0,4,0,2,22,4,28,0,4,24,4,32,8,10,18,50
08/16/2018,HLG,WV,AEA,CE,Federal Contract Tower,0,4,1,0,5,0,0,12,0,12,0,4,13,0,17,0,2,2,19
08/17/2018,HLG,WV,AEA,CE,Federal Contract Tower,0,1,2,4,7,0,2,22,3,27,0,3,24,7,34,0,4,4,38
08/18/2018,HLG,WV,AEA,CE,Federal Contract Tower,0,2,1,0,3,0,0,24,0,24,0,2,25,0,27,0,0,0,27
08/19/2018,HLG,WV,AEA,CE,Federal Contract Tower,0,3,0,0,3,0,1,27,0,28,0,4,27,0,31,0,0,0,31
08/20/2018,HLG,WV,AEA,CE,Federal Contract Tower,0,4,0,0,4,0,0,35,0,35,0,4,35,0,39,12,0,12,51
08/21/2018,HLG,WV,AEA,CE,Federal Contract Tower,0,5,0,1,6,0,0,0,1,1,0,5,0,2,7,0,6,6,13
08/22/2018,HLG,WV,AEA,CE,Federal Contract Tower,0,4,0,0,4,0,2,11,0,13,0,6,11,0,17,4,0,4,21
08/23/2018,HLG,WV,AEA,CE,Federal Contract Tower,0,3,0,0,3,0,5,58,3,66,0,8,58,3,69,14,4,18,87
08/24/2018,HLG,WV,AEA,CE,Federal Contract Tower,0,3,2,0,5,0,0,94,2,96,0,3,96,2,101,14,0,14,115
08/25/2018,HLG,WV,AEA,CE,Federal Contract Tower,0,2,0,0,2,0,4,25,1,30,0,6,25,1,32,0,0,0,32
08/26/2018,HLG,WV,AEA,CE,Federal Contract Tower,0,0,0,0,0,0,0,10,0,10,0,0,10,0,10,0,0,0,10
08/27/2018,HLG,WV,AEA,CE,Federal Contract Tower,0,0,2,0,2,0,0,31,7,38,0,0,33,7,40,0,4,4,44
08/28/2018,HLG,WV,AEA,CE,Federal Contract Tower,0,0,2,0,2,0,0,22,10,32,0,0,24,10,34,0,22,22,56
08/29/2018,HLG,WV,AEA,CE,Federal Contract Tower,0,0,0,0,0,0,0,19,2,21,0,0,19,2,21,14,10,24,45
08/30/2018,HLG,WV,AEA,CE,Federal Contract Tower,0,6,2,4,12,0,0,19,2,21,0,6,21,6,33,0,32,32,65
08/31/2018,HLG,WV,AEA,CE,Federal Contract Tower,0,2,2,0,4,0,8,19,0,27,0,10,21,0,31,12,0,12,43
09/01/2018,HLG,WV,AEA,CE,Federal Contract Tower,0,1,0,0,1,0,2,10,4,16,0,3,10,4,17,0,0,0,17
09/02/2018,HLG,WV,AEA,CE,Federal Contract Tower,0,1,0,0,1,0,0,14,2,16,0,1,14,2,17,0,0,0,17
09/03/2018,HLG,WV,AEA,CE,Federal Contract Tower,0,3,4,0,7,0,0,23,0,23,0,3,27,0,30,8,0,8,38
09/04/2018,HLG,WV,AEA,CE,Federal Contract Tower,0,1,0,0,1,0,4,20,6,30,0,5,20,6,31,5,36,41,72
09/05/2018,HLG,WV,AEA,CE,Federal Contract Tower,0,5,1,2,8,0,3,34,7,44,0,8,35,9,52,16,22,38,90
09/06/2018,HLG,WV,AEA,CE,Federal Contract Tower,0,5,3,0,8,0,0,9,3,12,0,5,12,3,20,0,10,10,30
09/07/2018,HLG,WV,AEA,CE,Federal Contract Tower,0,8,6,0,14,0,0,17,5,22,0,8,23,5,36,0,20,20,56
09/08/2018,HLG,WV,AEA,CE,Federal Contract Tower,0,2,0,1,3,0,0,0,5,5,0,2,0,6,8,0,18,18,26
09/09/2018,HLG,WV,AEA,CE,Federal Contract Tower,0,0,3,0,3,0,0,0,0,0,0,0,3,0,3,0,0,0,3
09/10/2018,HLG,WV,AEA,CE,Federal Contract Tower,0,2,3,0,5,0,2,18,0,20,0,4,21,0,25,1,6,7,32
09/11/2018,HLG,WV,AEA,CE,Federal Contract Tower,0,3,9,0,12,0,0,0,4,4,0,3,9,4,16,0,16,16,32
09/12/2018,HLG,WV,AEA,CE,Federal Contract Tower,0,7,0,3,10,0,7,10,5,22,0,14,10,8,32,0,22,22,54
09/13/2018,HLG,WV,AEA,CE,Federal Contract Tower,0,8,4,0,12,0,0,46,1,47,0,8,50,1,59,0,0,0,59
09/14/2018,HLG,WV,AEA,CE,Federal Contract Tower,0,4,5,0,9,0,0,28,18,46,0,4,33,18,55,0,26,26,81
09/15/2018,HLG,WV,AEA,CE,Federal Contract Tower,0,2,9,0,11,0,4,36,17,57,0,6,45,17,68,0,34,34,102
09/16/2018,HLG,WV,AEA,CE,Federal Contract Tower,0,1,5,0,6,0,0,21,1,22,0,1,26,1,28,0,32,32,60
09/17/2018,HLG,WV,AEA,CE,Federal Contract Tower,0,0,0,0,0,0,0,6,0,6,0,0,6,0,6,0,18,18,24
09/18/2018,HLG,WV,AEA,CE,Federal Contract Tower,0,3,2,0,5,0,0,13,3,16,0,3,15,3,21,0,16,16,37
09/19/2018,HLG,WV,AEA,CE,Federal Contract Tower,0,7,4,0,11,0,0,18,1,19,0,7,22,1,30,0,0,0,30
09/20/2018,HLG,WV,AEA,CE,Federal Contract Tower,0,10,6,0,16,0,6,12,5,23,0,16,18,5,39,0,6,6,45
09/21/2018,HLG,WV,AEA,CE,Federal Contract Tower,0,3,1,0,4,0,0,25,2,27,0,3,26,2,31,0,4,4,35
09/22/2018,HLG,WV,AEA,CE,Federal Contract Tower,0,1,0,0,1,0,0,35,1,36,0,1,35,1,37,0,2,2,39
09/23/2018,HLG,WV,AEA,CE,Federal Contract Tower,0,0,3,0,3,0,0,32,0,32,0,0,35,0,35,0,0,0,35
09/24/2018,HLG,WV,AEA,CE,Federal Contract Tower,0,0,0,0,0,0,0,13,0,13,0,0,13,0,13,0,24,24,37
09/25/2018,HLG,WV,AEA,CE,Federal Contract Tower,0,4,2,2,8,0,0,15,2,17,0,4,17,4,25,2,12,14,39
09/26/2018,HLG,WV,AEA,CE,Federal Contract Tower,0,4,1,2,7,0,0,3,3,6,0,4,4,5,13,16,4,20,33
09/27/2018,HLG,WV,AEA,CE,Federal Contract Tower,0,2,3,2,7,0,2,18,3,23,0,4,21,5,30,0,30,30,60
09/28/2018,HLG,WV,AEA,CE,Federal Contract Tower,0,5,3,5,13,0,0,35,3,38,0,5,38,8,51,10,0,10,61
09/29/2018,HLG,WV,AEA,CE,Federal Contract Tower,0,8,5,0,13,0,0,11,2,13,0,8,16,2,26,32,8,40,66
09/30/2018,HLG,WV,AEA,CE,Federal Contract Tower,0,4,1,2,7,0,1,31,0,32,0,5,32,2,39,12,28,40,79
10/01/2018,HLG,WV,AEA,CE,Federal Contract Tower,0,3,0,0,3,0,2,55,4,61,0,5,55,4,64,6,26,32,96
10/02/2018,HLG,WV,AEA,CE,Federal Contract Tower,0,8,2,1,11,0,0,15,4,19,0,8,17,5,30,2,24,26,56
10/03/2018,HLG,WV,AEA,CE,Federal Contract Tower,0,0,2,0,2,0,0,0,2,2,0,0,2,2,4,0,12,12,16
10/04/2018,HLG,WV,AEA,CE,Federal Contract Tower,0,0,0,0,0,0,0,2,8,10,0,0,2,8,10,0,20,20,30
10/05/2018,HLG,WV,AEA,CE,Federal Contract Tower,0,0,2,0,2,0,0,20,3,23,0,0,22,3,25,0,8,8,33
10/06/2018,HLG,WV,AEA,CE,Federal Contract Tower,0,0,1,0,1,0,0,11,0,11,0,0,12,0,12,0,16,16,28
10/07/2018,HLG,WV,AEA,CE,Federal Contract Tower,0,0,2,0,2,0,0,28,0,28,0,0,30,0,30,4,12,16,46
10/08/2018,HLG,WV,AEA,CE,Federal Contract Tower,0,0,3,0,3,0,0,34,0,34,0,0,37,0,37,12,16,28,65
10/09/2018,HLG,WV,AEA,CE,Federal Contract Tower,0,6,0,1,7,0,0,52,1,53,0,6,52,2,60,14,40,54,114
10/10/2018,HLG,WV,AEA,CE,Federal Contract Tower,0,6,2,1,9,0,0,14,5,19,0,6,16,6,28,0,8,8,36
10/11/2018,HLG,WV,AEA,CE,Federal Contract Tower,0,5,0,0,5,0,0,0,2,2,0,5,0,2,7,0,4,4,11
10/12/2018,HLG,WV,AEA,CE,Federal Contract Tower,0,0,3,1,4,0,6,20,2,28,0,6,23,3,32,0,0,0,32
10/13/2018,HLG,WV,AEA,CE,Federal Contract Tower,0,2,0,0,2,0,0,17,2,19,0,2,17,2,21,0,16,16,37
10/14/2018,HLG,WV,AEA,CE,Federal Contract Tower,0,0,2,1,3,0,0,8,0,8,0,0,10,1,11,14,0,14,25
10/15/2018,HLG,WV,AEA,CE,Federal Contract Tower,0,2,2,0,4,0,0,8,0,8,0,2,10,0,12,0,0,0,12
10/16/2018,HLG,WV,AEA,CE,Federal Contract Tower,0,2,0,0,2,0,8,50,0,58,0,10,50,0,60,0,18,18,78
10/17/2018,HLG,WV,AEA,CE,Federal Contract Tower,0,5,1,0,6,0,3,7,1,11,0,8,8,1,17,0,0,0,17
10/18/2018,HLG,WV,AEA,CE,Federal Contract Tower,0,0,3,0,3,0,2,52,1,55,0,2,55,1,58,12,0,12,70
10/19/2018,HLG,WV,AEA,CE,Federal Contract Tower,0,1,3,0,4,0,30,14,0,44,0,31,17,0,48,8,44,52,100
10/20/2018,HLG,WV,AEA,CE,Federal Contract Tower,0,4,0,3,7,0,1,10,3,14,0,5,10,6,21,0,21,21,42
10/21/2018,HLG,WV,AEA,CE,Federal Contract Tower,0,0,2,0,2,0,0,13,14,27,0,0,15,14,29,2,40,42,71
10/22/2018,HLG,WV,AEA,CE,Federal Contract Tower,0,1,0,0,1,0,4,39,4,47,0,5,39,4,48,0,24,24,72
10/23/2018,HLG,WV,AEA,CE,Federal Contract Tower,0,6,0,0,6,0,6,36,6,48,0,12,36,6,54,18,22,40,94
10/24/2018,HLG,WV,AEA,CE,Federal Contract Tower,0,1,1,0,2,0,2,44,4,50,0,3,45,4,52,0,0,0,52
10/25/2018,HLG,WV,AEA,CE,Federal Contract Tower,0,5,2,2,9,0,8,27,4,39,0,13,29,6,48,50,0,50,98
10/27/2018,HLG,WV,AEA,CE,Federal Contract Tower,0,2,0,0,2,0,0,0,0,0,0,2,0,0,2,0,0,0,2
10/28/2018,HLG,WV,AEA,CE,Federal Contract Tower,0,2,4,0,6,0,0,0,0,0,0,2,4,0,6,0,0,0,6
10/29/2018,HLG,WV,AEA,CE,Federal Contract Tower,0,6,0,0,6,0,0,21,5,26,0,6,21,5,32,0,48,48,80
10/30/2018,HLG,WV,AEA,CE,Federal Contract Tower,0,2,0,0,2,0,0,55,6,61,0,2,55,6,63,0,18,18,81
10/31/2018,HLG,WV,AEA,CE,Federal Contract Tower,0,2,4,3,9,0,0,14,4,18,0,2,18,7,27,0,12,12,39
11/01/2018,HLG,WV,AEA,CE,Federal Contract Tower,0,8,1,0,9,0,2,0,6,8,0,10,1,6,17,0,24,24,41
11/02/2018,HLG,WV,AEA,CE,Federal Contract Tower,0,2,0,4,6,0,5,7,9,21,0,7,7,13,27,0,30,30,57
11/03/2018,HLG,WV,AEA,CE,Federal Contract Tower,0,0,4,4,8,0,0,11,10,21,0,0,15,14,29,14,36,50,79
11/04/2018,HLG,WV,AEA,CE,Federal Contract Tower,0,0,1,5,6,0,0,20,5,25,0,0,21,10,31,12,0,12,43
11/05/2018,HLG,WV,AEA,CE,Federal Contract Tower,0,2,2,0,4,0,0,30,0,30,0,2,32,0,34,12,0,12,46
11/06/2018,HLG,WV,AEA,CE,Federal Contract Tower,0,0,0,1,1,0,0,2,6,8,0,0,2,7,9,0,52,52,61
11/07/2018,HLG,WV,AEA,CE,Federal Contract Tower,0,16,6,0,22,0,2,28,3,33,0,18,34,3,55,0,40,40,95
11/08/2018,HLG,WV,AEA,CE,Federal Contract Tower,0,3,2,0,5,0,2,22,5,29,0,5,24,5,34,8,14,22,56
11/09/2018,HLG,WV,AEA,CE,Federal Contract Tower,0,1,2,4,7,0,0,0,0,0,0,1,2,4,7,0,0,0,7
11/10/2018,HLG,WV,AEA,CE,Federal Contract Tower,0,2,0,0,2,0,0,2,0,2,0,2,2,0,4,0,0,0,4
11/11/2018,HLG,WV,AEA,CE,Federal Contract Tower,0,0,2,0,2,0,0,40,0,40,0,0,42,0,42,10,0,10,52
11/12/2018,HLG,WV,AEA,CE,Federal Contract Tower,0,2,0,0,2,0,0,11,2,13,0,2,11,2,15,0,10,10,25
11/13/2018,HLG,WV,AEA,CE,Federal Contract Tower,0,2,0,0,2,0,0,7,0,7,0,2,7,0,9,0,0,0,9
11/14/2018,HLG,WV,AEA,CE,Federal Contract Tower,0,4,0,3,7,0,2,38,0,40,0,6,38,3,47,2,0,2,49
11/15/2018,HLG,WV,AEA,CE,Federal Contract Tower,0,4,0,0,4,0,0,0,0,0,0,4,0,0,4,0,0,0,4
11/16/2018,HLG,WV,AEA,CE,Federal Contract Tower,0,0,3,0,3,0,0,6,0,6,0,0,9,0,9,0,0,0,9
11/17/2018,HLG,WV,AEA,CE,Federal Contract Tower,0,3,1,0,4,0,0,20,0,20,0,3,21,0,24,0,0,0,24
11/18/2018,HLG,WV,AEA,CE,Federal Contract Tower,0,0,0,0,0,0,0,25,1,26,0,0,25,1,26,2,0,2,28
11/19/2018,HLG,WV,AEA,CE,Federal Contract Tower,0,2,0,0,2,0,0,0,0,0,0,2,0,0,2,0,0,0,2
11/20/2018,HLG,WV,AEA,CE,Federal Contract Tower,0,3,0,1,4,0,13,5,0,18,0,16,5,1,22,0,28,28,50
11/21/2018,HLG,WV,AEA,CE,Federal Contract Tower,0,4,0,0,4,0,0,18,0,18,0,4,18,0,22,0,0,0,22
11/22/2018,HLG,WV,AEA,CE,Federal Contract Tower,0,0,0,0,0,0,0,0,0,0,0,0,0,0,0,8,0,8,8
11/23/2018,HLG,WV,AEA,CE,Federal Contract Tower,0,1,0,0,1,0,2,28,5,35,0,3,28,5,36,0,0,0,36
11/24/2018,HLG,WV,AEA,CE,Federal Contract Tower,0,1,2,0,3,0,0,0,0,0,0,1,2,0,3,0,0,0,3
11/25/2018,HLG,WV,AEA,CE,Federal Contract Tower,0,2,0,0,2,0,0,31,1,32,0,2,31,1,34,10,0,10,44
11/26/2018,HLG,WV,AEA,CE,Federal Contract Tower,0,6,0,0,6,0,0,12,0,12,0,6,12,0,18,0,0,0,18
11/27/2018,HLG,WV,AEA,CE,Federal Contract Tower,0,3,0,0,3,0,0,2,0,2,0,3,2,0,5,0,20,20,25
11/28/2018,HLG,WV,AEA,CE,Federal Contract Tower,0,4,2,0,6,0,0,4,0,4,0,4,6,0,10,0,0,0,10
11/29/2018,HLG,WV,AEA,CE,Federal Contract Tower,0,0,1,0,1,0,0,13,9,22,0,0,14,9,23,0,72,72,95
11/30/2018,HLG,WV,AEA,CE,Federal Contract Tower,0,6,2,0,8,0,0,1,32,33,0,6,3,32,41,0,80,80,121
12/01/2018,HLG,WV,AEA,CE,Federal Contract Tower,0,1,0,0,1,0,0,0,0,0,0,1,0,0,1,0,0,0,1
12/02/2018,HLG,WV,AEA,CE,Federal Contract Tower,0,1,0,0,1,0,1,28,11,40,0,2,28,11,41,4,32,36,77
12/03/2018,HLG,WV,AEA,CE,Federal Contract Tower,0,9,0,0,9,0,0,19,2,21,0,9,19,2,30,0,40,40,70
12/04/2018,HLG,WV,AEA,CE,Federal Contract Tower,0,6,0,1,7,0,0,15,10,25,0,6,15,11,32,0,48,48,80
12/05/2018,HLG,WV,AEA,CE,Federal Contract Tower,0,13,6,0,19,0,0,16,0,16,0,13,22,0,35,0,0,0,35
12/06/2018,HLG,WV,AEA,CE,Federal Contract Tower,0,1,0,0,1,0,8,12,12,32,0,9,12,12,33,0,44,44,77
12/07/2018,HLG,WV,AEA,CE,Federal Contract Tower,0,7,1,1,9,0,11,7,20,38,0,18,8,21,47,0,48,48,95
12/08/2018,HLG,WV,AEA,CE,Federal Contract Tower,0,0,0,0,0,0,0,10,8,18,0,0,10,8,18,0,24,24,42
12/09/2018,HLG,WV,AEA,CE,Federal Contract Tower,0,0,0,0,0,0,1,12,2,15,0,1,12,2,15,0,0,0,15
12/10/2018,HLG,WV,AEA,CE,Federal Contract Tower,0,3,0,0,3,0,0,17,5,22,0,3,17,5,25,0,20,20,45
12/11/2018,HLG,WV,AEA,CE,Federal Contract Tower,0,1,1,0,2,0,0,24,4,28,0,1,25,4,30,0,40,40,70
12/12/2018,HLG,WV,AEA,CE,Federal Contract Tower,0,2,2,0,4,0,4,34,6,44,0,6,36,6,48,0,18,18,66
12/13/2018,HLG,WV,AEA,CE,Federal Contract Tower,0,1,1,0,2,0,0,8,4,12,0,1,9,4,14,6,18,24,38
12/14/2018,HLG,WV,AEA,CE,Federal Contract Tower,0,2,0,2,4,0,4,6,3,13,0,6,6,5,17,6,10,16,33
12/15/2018,HLG,WV,AEA,CE,Federal Contract Tower,0,2,0,0,2,0,0,0,0,0,0,2,0,0,2,0,0,0,2
12/16/2018,HLG,WV,AEA,CE,Federal Contract Tower,0,2,0,0,2,0,0,8,0,8,0,2,8,0,10,0,0,0,10
12/17/2018,HLG,WV,AEA,CE,Federal Contract Tower,0,4,0,1,5,0,0,14,4,18,0,4,14,5,23,0,22,22,45
12/18/2018,HLG,WV,AEA,CE,Federal Contract Tower,0,0,0,1,1,0,0,42,4,46,0,0,42,5,47,0,28,28,75
12/19/2018,HLG,WV,AEA,CE,Federal Contract Tower,0,6,6,2,14,0,7,61,11,79,0,13,67,13,93,2,20,22,115
12/20/2018,HLG,WV,AEA,CE,Federal Contract Tower,0,2,0,0,2,0,0,10,6,16,0,2,10,6,18,0,22,22,40
12/21/2018,HLG,WV,AEA,CE,Federal Contract Tower,0,5,1,0,6,0,0,0,0,0,0,5,1,0,6,0,0,0,6
12/22/2018,HLG,WV,AEA,CE,Federal Contract Tower,0,6,0,0,6,0,0,0,0,0,0,6,0,0,6,0,0,0,6
12/23/2018,HLG,WV,AEA,CE,Federal Contract Tower,0,5,0,0,5,0,4,10,0,14,0,9,10,0,19,0,0,0,19
12/24/2018,HLG,WV,AEA,CE,Federal Contract Tower,0,3,0,0,3,0,0,12,0,12,0,3,12,0,15,0,0,0,15
12/25/2018,HLG,WV,AEA,CE,Federal Contract Tower,0,0,0,0,0,0,0,8,0,8,0,0,8,0,8,10,0,10,18
12/26/2018,HLG,WV,AEA,CE,Federal Contract Tower,0,1,0,0,1,0,2,30,0,32,0,3,30,0,33,24,0,24,57
12/27/2018,HLG,WV,AEA,CE,Federal Contract Tower,0,0,0,0,0,0,0,0,0,0,0,0,0,0,0,0,0,0,0
12/28/2018,HLG,WV,AEA,CE,Federal Contract Tower,0,0,0,0,0,0,0,10,0,10,0,0,10,0,10,0,0,0,10
12/29/2018,HLG,WV,AEA,CE,Federal Contract Tower,0,0,0,0,0,0,0,7,0,7,0,0,7,0,7,0,0,0,7
12/30/2018,HLG,WV,AEA,CE,Federal Contract Tower,0,0,0,0,0,0,0,30,0,30,0,0,30,0,30,4,0,4,34
12/31/2018,HLG,WV,AEA,CE,Federal Contract Tower,0,0,0,0,0,0,0,0,0,0,0,0,0,0,0,0,0,0,0
01/01/2019,HLG,WV,AEA,CE,Federal Contract Tower,0,0,0,0,0,0,0,6,0,6,0,0,6,0,6,0,0,0,6
01/02/2019,HLG,WV,AEA,CE,Federal Contract Tower,0,0,0,0,0,0,0,5,0,5,0,0,5,0,5,0,0,0,5
01/03/2019,HLG,WV,AEA,CE,Federal Contract Tower,0,0,4,0,4,0,0,10,17,27,0,0,14,17,31,0,64,64,95
01/04/2019,HLG,WV,AEA,CE,Federal Contract Tower,0,7,2,1,10,0,2,13,15,30,0,9,15,16,40,0,54,54,94
01/05/2019,HLG,WV,AEA,CE,Federal Contract Tower,0,5,0,0,5,0,0,27,29,56,0,5,27,29,61,4,56,60,121
01/06/2019,HLG,WV,AEA,CE,Federal Contract Tower,0,4,0,2,6,0,2,20,14,36,0,6,20,16,42,16,26,42,84
01/07/2019,HLG,WV,AEA,CE,Federal Contract Tower,0,0,2,0,2,0,0,11,0,11,0,0,13,0,13,12,0,12,25
01/08/2019,HLG,WV,AEA,CE,Federal Contract Tower,0,2,0,0,2,0,0,7,2,9,0,2,7,2,11,0,16,16,27
01/09/2019,HLG,WV,AEA,CE,Federal Contract Tower,0,0,0,0,0,0,0,4,0,4,0,0,4,0,4,0,0,0,4
01/10/2019,HLG,WV,AEA,CE,Federal Contract Tower,0,2,0,0,2,0,0,4,0,4,0,2,4,0,6,0,0,0,6
01/11/2019,HLG,WV,AEA,CE,Federal Contract Tower,0,3,0,1,4,0,2,10,6,18,0,5,10,7,22,6,22,28,50
01/12/2019,HLG,WV,AEA,CE,Federal Contract Tower,0,3,0,0,3,0,0,4,0,4,0,3,4,0,7,0,0,0,7
01/13/2019,HLG,WV,AEA,CE,Federal Contract Tower,0,2,0,0,2,0,3,0,0,3,0,5,0,0,5,0,0,0,5
01/14/2019,HLG,WV,AEA,CE,Federal Contract Tower,0,0,1,0,1,0,0,8,5,13,0,0,9,5,14,0,20,20,34
01/15/2019,HLG,WV,AEA,CE,Federal Contract Tower,0,0,2,2,4,0,0,3,16,19,0,0,5,18,23,0,140,140,163
01/16/2019,HLG,WV,AEA,CE,Federal Contract Tower,0,1,0,0,1,0,2,1,2,5,0,3,1,2,6,0,44,44,50
01/17/2019,HLG,WV,AEA,CE,Federal Contract Tower,0,2,0,9,11,0,0,0,19,19,0,2,0,28,30,0,52,52,82
01/18/2019,HLG,WV,AEA,CE,Federal Contract Tower,0,1,0,0,1,0,0,0,1,1,0,1,0,1,2,0,14,14,16
01/19/2019,HLG,WV,AEA,CE,Federal Contract Tower,0,0,0,0,0,0,0,2,2,4,0,0,2,2,4,0,4,4,8
01/20/2019,HLG,WV,AEA,CE,Federal Contract Tower,0,0,1,0,1,0,0,0,0,0,0,0,1,0,1,0,0,0,1
01/21/2019,HLG,WV,AEA,CE,Federal Contract Tower,0,0,0,0,0,0,2,15,2,19,0,2,15,2,19,0,0,0,19
01/22/2019,HLG,WV,AEA,CE,Federal Contract Tower,0,1,0,0,1,0,0,8,9,17,0,1,8,9,18,0,40,40,58
01/23/2019,HLG,WV,AEA,CE,Federal Contract Tower,1,2,1,0,4,0,0,0,0,0,1,2,1,0,4,0,0,0,4
01/24/2019,HLG,WV,AEA,CE,Federal Contract Tower,0,6,0,0,6,0,0,1,0,1,0,6,1,0,7,0,0,0,7
01/25/2019,HLG,WV,AEA,CE,Federal Contract Tower,0,2,1,4,7,0,2,13,5,20,0,4,14,9,27,0,4,4,31
01/26/2019,HLG,WV,AEA,CE,Federal Contract Tower,0,0,2,0,2,0,0,0,4,4,0,0,2,4,6,0,36,36,42
01/27/2019,HLG,WV,AEA,CE,Federal Contract Tower,0,0,1,0,1,0,4,5,0,9,0,4,6,0,10,18,0,18,28
01/28/2019,HLG,WV,AEA,CE,Federal Contract Tower,0,1,2,4,7,0,0,13,1,14,0,1,15,5,21,0,18,18,39
01/29/2019,HLG,WV,AEA,CE,Federal Contract Tower,0,0,0,2,2,0,0,0,6,6,0,0,0,8,8,0,90,90,98
01/30/2019,HLG,WV,AEA,CE,Federal Contract Tower,0,2,0,0,2,0,0,0,6,6,0,2,0,6,8,0,28,28,36
01/31/2019,HLG,WV,AEA,CE,Federal Contract Tower,0,6,0,0,6,0,0,8,3,11,0,6,8,3,17,0,8,8,25
02/01/2019,HLG,WV,AEA,CE,Federal Contract Tower,0,0,1,0,1,0,0,0,20,20,0,0,1,20,21,0,64,64,85
02/02/2019,HLG,WV,AEA,CE,Federal Contract Tower,0,0,1,0,1,0,0,6,14,20,0,0,7,14,21,0,102,102,123
02/03/2019,HLG,WV,AEA,CE,Federal Contract Tower,0,0,0,2,2,0,0,38,3,41,0,0,38,5,43,32,14,46,89
02/04/2019,HLG,WV,AEA,CE,Federal Contract Tower,0,0,2,4,6,0,0,45,8,53,0,0,47,12,59,14,24,38,97
02/05/2019,HLG,WV,AEA,CE,Federal Contract Tower,0,5,7,0,12,0,0,0,0,0,0,5,7,0,12,12,0,12,24
02/06/2019,HLG,WV,AEA,CE,Federal Contract Tower,0,9,0,0,9,0,0,0,0,0,0,9,0,0,9,0,0,0,9
02/07/2019,HLG,WV,AEA,CE,Federal Contract Tower,0,5,1,0,6,0,0,0,0,0,0,5,1,0,6,0,0,0,6
02/08/2019,HLG,WV,AEA,CE,Federal Contract Tower,0,0,0,0,0,0,4,2,2,8,0,4,2,2,8,6,0,6,14
02/09/2019,HLG,WV,AEA,CE,Federal Contract Tower,0,0,3,0,3,0,0,53,0,53,0,0,56,0,56,16,0,16,72
02/10/2019,HLG,WV,AEA,CE,Federal Contract Tower,0,0,10,0,10,0,0,28,6,34,0,0,38,6,44,0,32,32,76
02/11/2019,HLG,WV,AEA,CE,Federal Contract Tower,0,0,0,0,0,0,0,0,0,0,0,0,0,0,0,0,0,0,0
02/12/2019,HLG,WV,AEA,CE,Federal Contract Tower,0,6,1,0,7,0,0,2,0,2,0,6,3,0,9,0,0,0,9
02/13/2019,HLG,WV,AEA,CE,Federal Contract Tower,0,3,0,0,3,0,0,6,0,6,0,3,6,0,9,0,0,0,9
02/14/2019,HLG,WV,AEA,CE,Federal Contract Tower,0,2,1,1,4,0,0,10,5,15,0,2,11,6,19,0,18,18,37
02/15/2019,HLG,WV,AEA,CE,Federal Contract Tower,0,3,2,2,7,0,0,28,6,34,0,3,30,8,41,0,16,16,57
02/16/2019,HLG,WV,AEA,CE,Federal Contract Tower,0,0,0,0,0,0,0,13,0,13,0,0,13,0,13,18,0,18,31
02/17/2019,HLG,WV,AEA,CE,Federal Contract Tower,0,0,0,0,0,0,0,10,0,10,0,0,10,0,10,0,0,0,10
02/18/2019,HLG,WV,AEA,CE,Federal Contract Tower,0,3,1,0,4,0,0,11,0,11,0,3,12,0,15,8,0,8,23
02/19/2019,HLG,WV,AEA,CE,Federal Contract Tower,0,3,0,4,7,0,0,46,19,65,0,3,46,23,72,0,108,108,180
02/20/2019,HLG,WV,AEA,CE,Federal Contract Tower,0,3,0,0,3,0,0,0,0,0,0,3,0,0,3,0,0,0,3
02/21/2019,HLG,WV,AEA,CE,Federal Contract Tower,0,2,0,0,2,0,5,6,6,17,0,7,6,6,19,0,20,20,39
02/22/2019,HLG,WV,AEA,CE,Federal Contract Tower,0,1,2,6,9,0,0,27,6,33,0,1,29,12,42,2,12,14,56
02/23/2019,HLG,WV,AEA,CE,Federal Contract Tower,0,2,0,0,2,0,0,0,2,2,0,2,0,2,4,0,0,0,4
02/24/2019,HLG,WV,AEA,CE,Federal Contract Tower,0,1,2,0,3,0,0,1,0,1,0,1,3,0,4,0,0,0,4
02/25/2019,HLG,WV,AEA,CE,Federal Contract Tower,0,1,1,0,2,0,8,4,4,16,0,9,5,4,18,0,12,12,30
02/26/2019,HLG,WV,AEA,CE,Federal Contract Tower,0,0,0,0,0,0,0,29,4,33,0,0,29,4,33,8,18,26,59
02/27/2019,HLG,WV,AEA,CE,Federal Contract Tower,0,2,0,0,2,0,4,21,4,29,0,6,21,4,31,0,0,0,31
02/28/2019,HLG,WV,AEA,CE,Federal Contract Tower,0,1,0,0,1,0,0,10,3,13,0,1,10,3,14,0,0,0,14
03/01/2019,HLG,WV,AEA,CE,Federal Contract Tower,0,0,0,1,1,0,0,4,12,16,0,0,4,13,17,0,64,64,81
03/02/2019,HLG,WV,AEA,CE,Federal Contract Tower,0,2,0,1,3,0,0,3,25,28,0,2,3,26,31,0,96,96,127
03/03/2019,HLG,WV,AEA,CE,Federal Contract Tower,0,0,0,0,0,0,0,0,2,2,0,0,0,2,2,0,6,6,8
03/04/2019,HLG,WV,AEA,CE,Federal Contract Tower,0,0,0,0,0,0,0,11,4,15,0,0,11,4,15,0,15,15,30
03/05/2019,HLG,WV,AEA,CE,Federal Contract Tower,0,1,1,0,2,0,0,18,9,27,0,1,19,9,29,2,16,18,47
03/06/2019,HLG,WV,AEA,CE,Federal Contract Tower,0,3,0,2,5,0,0,10,4,14,0,3,10,6,19,0,12,12,31
03/07/2019,HLG,WV,AEA,CE,Federal Contract Tower,0,1,0,4,5,0,0,20,11,31,0,1,20,15,36,0,18,18,54
03/08/2019,HLG,WV,AEA,CE,Federal Contract Tower,0,3,2,0,5,0,2,9,4,15,0,5,11,4,20,0,6,6,26
03/09/2019,HLG,WV,AEA,CE,Federal Contract Tower,0,0,1,0,1,0,0,10,0,10,0,0,11,0,11,2,0,2,13
03/10/2019,HLG,WV,AEA,CE,Federal Contract Tower,0,0,3,0,3,0,0,15,0,15,0,0,18,0,18,16,0,16,34
03/11/2019,HLG,WV,AEA,CE,Federal Contract Tower,0,7,1,0,8,0,2,16,0,18,0,9,17,0,26,8,0,8,34
03/12/2019,HLG,WV,AEA,CE,Federal Contract Tower,0,8,2,2,12,0,2,20,16,38,0,10,22,18,50,0,86,86,136
03/13/2019,HLG,WV,AEA,CE,Federal Contract Tower,0,0,4,2,6,0,0,24,7,31,0,0,28,9,37,0,16,16,53
03/14/2019,HLG,WV,AEA,CE,Federal Contract Tower,0,0,2,4,6,0,0,9,14,23,0,0,11,18,29,0,36,36,65
03/15/2019,HLG,WV,AEA,CE,Federal Contract Tower,0,0,2,0,2,0,2,10,2,14,0,2,12,2,16,0,0,0,16
03/16/2019,HLG,WV,AEA,CE,Federal Contract Tower,0,0,0,0,0,0,0,14,0,14,0,0,14,0,14,24,0,24,38
03/17/2019,HLG,WV,AEA,CE,Federal Contract Tower,0,0,2,0,2,0,0,25,3,28,0,0,27,3,30,4,0,4,34
03/18/2019,HLG,WV,AEA,CE,Federal Contract Tower,0,0,8,0,8,0,0,30,0,30,0,0,38,0,38,12,0,12,50
03/19/2019,HLG,WV,AEA,CE,Federal Contract Tower,0,3,0,3,6,0,4,45,6,55,0,7,45,9,61,6,46,52,113
03/20/2019,HLG,WV,AEA,CE,Federal Contract Tower,0,5,2,0,7,0,0,20,9,29,0,5,22,9,36,0,8,8,44
03/21/2019,HLG,WV,AEA,CE,Federal Contract Tower,0,1,5,0,6,0,1,23,4,28,0,2,28,4,34,0,42,42,76
03/22/2019,HLG,WV,AEA,CE,Federal Contract Tower,0,1,0,0,1,0,0,6,0,6,0,1,6,0,7,0,6,6,13
03/23/2019,HLG,WV,AEA,CE,Federal Contract Tower,0,0,0,0,0,0,0,32,4,36,0,0,32,4,36,0,0,0,36
03/24/2019,HLG,WV,AEA,CE,Federal Contract Tower,0,0,2,0,2,0,0,36,2,38,0,0,38,2,40,42,0,42,82
03/25/2019,HLG,WV,AEA,CE,Federal Contract Tower,0,1,0,0,1,0,0,4,14,18,0,1,4,14,19,0,34,34,53
03/26/2019,HLG,WV,AEA,CE,Federal Contract Tower,0,3,2,4,9,0,4,32,15,51,0,7,34,19,60,14,86,100,160
03/27/2019,HLG,WV,AEA,CE,Federal Contract Tower,0,0,2,2,4,0,6,30,8,44,0,6,32,10,48,0,24,24,72
03/28/2019,HLG,WV,AEA,CE,Federal Contract Tower,0,5,1,2,8,0,0,16,17,33,0,5,17,19,41,6,28,34,75
03/29/2019,HLG,WV,AEA,CE,Federal Contract Tower,0,1,0,0,1,0,0,11,14,25,0,1,11,14,26,2,46,48,74
03/30/2019,HLG,WV,AEA,CE,Federal Contract Tower,0,0,0,0,0,0,0,6,0,6,0,0,6,0,6,20,0,20,26
03/31/2019,HLG,WV,AEA,CE,Federal Contract Tower,0,0,0,0,0,0,0,4,6,10,0,0,4,6,10,0,14,14,24
04/01/2019,HLG,WV,AEA,CE,Federal Contract Tower,0,5,0,0,5,0,3,39,0,42,0,8,39,0,47,18,0,18,65
04/03/2019,HLG,WV,AEA,CE,Federal Contract Tower,0,3,1,1,5,0,7,23,4,34,0,10,24,5,39,0,6,6,45
04/04/2019,HLG,WV,AEA,CE,Federal Contract Tower,0,3,1,0,4,0,0,17,0,17,0,3,18,0,21,4,0,4,25
04/05/2019,HLG,WV,AEA,CE,Federal Contract Tower,0,1,0,9,10,0,4,6,19,29,0,5,6,28,39,0,86,86,125
04/06/2019,HLG,WV,AEA,CE,Federal Contract Tower,0,1,6,1,8,0,0,11,6,17,0,1,17,7,25,8,2,10,35
04/07/2019,HLG,WV,AEA,CE,Federal Contract Tower,0,0,0,1,1,0,0,22,12,34,0,0,22,13,35,0,28,28,63
04/08/2019,HLG,WV,AEA,CE,Federal Contract Tower,0,0,0,0,0,0,0,18,3,21,0,0,18,3,21,2,8,10,31
04/09/2019,HLG,WV,AEA,CE,Federal Contract Tower,0,6,0,0,6,0,1,32,3,36,0,7,32,3,42,0,12,12,54
04/10/2019,HLG,WV,AEA,CE,Federal Contract Tower,0,2,2,0,4,0,0,26,16,42,0,2,28,16,46,2,12,14,60
04/11/2019,HLG,WV,AEA,CE,Federal Contract Tower,0,2,2,2,6,0,4,26,4,34,0,6,28,6,40,32,0,32,72
04/12/2019,HLG,WV,AEA,CE,Federal Contract Tower,0,0,0,0,0,0,0,0,0,0,0,0,0,0,0,0,0,0,0
04/13/2019,HLG,WV,AEA,CE,Federal Contract Tower,0,0,2,0,2,0,0,34,1,35,0,0,36,1,37,0,0,0,37
04/14/2019,HLG,WV,AEA,CE,Federal Contract Tower,0,0,0,0,0,0,0,4,0,4,0,0,4,0,4,0,0,0,4
04/15/2019,HLG,WV,AEA,CE,Federal Contract Tower,0,5,0,0,5,0,2,8,5,15,0,7,8,5,20,0,22,22,42
04/16/2019,HLG,WV,AEA,CE,Federal Contract Tower,0,2,2,0,4,0,1,61,6,68,0,3,63,6,72,6,48,54,126
04/17/2019,HLG,WV,AEA,CE,Federal Contract Tower,0,8,1,0,9,0,3,66,12,81,0,11,67,12,90,96,58,154,244
04/18/2019,HLG,WV,AEA,CE,Federal Contract Tower,0,7,1,0,8,0,0,29,5,34,0,7,30,5,42,56,58,114,156
04/19/2019,HLG,WV,AEA,CE,Federal Contract Tower,0,1,0,1,2,0,3,0,9,12,0,4,0,10,14,0,30,30,44
04/20/2019,HLG,WV,AEA,CE,Federal Contract Tower,0,0,0,0,0,0,4,9,0,13,0,4,9,0,13,0,0,0,13
04/21/2019,HLG,WV,AEA,CE,Federal Contract Tower,0,1,0,0,1,0,0,6,0,6,0,1,6,0,7,0,0,0,7
04/22/2019,HLG,WV,AEA,CE,Federal Contract Tower,0,5,4,0,9,0,0,68,0,68,0,5,72,0,77,6,0,6,83
04/23/2019,HLG,WV,AEA,CE,Federal Contract Tower,0,9,0,0,9,0,4,27,5,36,0,13,27,5,45,6,0,6,51
04/24/2019,HLG,WV,AEA,CE,Federal Contract Tower,0,5,3,5,13,0,2,76,6,84,0,7,79,11,97,22,8,30,127
04/25/2019,HLG,WV,AEA,CE,Federal Contract Tower,0,1,0,0,1,0,2,1,18,21,0,3,1,18,22,0,90,90,112
04/26/2019,HLG,WV,AEA,CE,Federal Contract Tower,0,0,0,0,0,0,0,0,0,0,0,0,0,0,0,0,0,0,0
04/27/2019,HLG,WV,AEA,CE,Federal Contract Tower,0,2,0,0,2,0,0,56,0,56,0,2,56,0,58,8,0,8,66
04/28/2019,HLG,WV,AEA,CE,Federal Contract Tower,0,1,3,0,4,0,0,5,2,7,0,1,8,2,11,0,0,0,11
04/29/2019,HLG,WV,AEA,CE,Federal Contract Tower,0,6,6,5,17,0,0,35,3,38,0,6,41,8,55,30,6,36,91
04/30/2019,HLG,WV,AEA,CE,Federal Contract Tower,0,3,4,1,8,0,0,16,3,19,0,3,20,4,27,0,56,56,83
05/01/2019,HLG,WV,AEA,CE,Federal Contract Tower,0,3,0,0,3,0,0,17,1,18,0,3,17,1,21,0,2,2,23
05/02/2019,HLG,WV,AEA,CE,Federal Contract Tower,0,4,0,1,5,0,6,12,7,25,0,10,12,8,30,22,22,44,74
05/03/2019,HLG,WV,AEA,CE,Federal Contract Tower,0,3,5,0,8,0,0,3,0,3,0,3,8,0,11,14,0,14,25
05/04/2019,HLG,WV,AEA,CE,Federal Contract Tower,0,0,4,0,4,0,0,8,0,8,0,0,12,0,12,0,0,0,12
05/05/2019,HLG,WV,AEA,CE,Federal Contract Tower,0,0,4,5,9,0,0,9,3,12,0,0,13,8,21,30,12,42,63
05/06/2019,HLG,WV,AEA,CE,Federal Contract Tower,0,8,6,0,14,0,2,59,7,68,0,10,65,7,82,6,22,28,110
05/07/2019,HLG,WV,AEA,CE,Federal Contract Tower,0,0,1,1,2,0,0,34,6,40,0,0,35,7,42,4,8,12,54
05/08/2019,HLG,WV,AEA,CE,Federal Contract Tower,0,3,1,0,4,0,0,31,8,39,0,3,32,8,43,2,46,48,91
05/09/2019,HLG,WV,AEA,CE,Federal Contract Tower,0,2,1,0,3,0,0,10,2,12,0,2,11,2,15,0,8,8,23
05/10/2019,HLG,WV,AEA,CE,Federal Contract Tower,0,1,0,0,1,0,0,3,0,3,0,1,3,0,4,2,0,2,6
05/11/2019,HLG,WV,AEA,CE,Federal Contract Tower,0,0,1,0,1,0,0,20,1,21,0,0,21,1,22,2,12,14,36
05/12/2019,HLG,WV,AEA,CE,Federal Contract Tower,0,2,0,0,2,0,0,0,0,0,0,2,0,0,2,0,0,0,2
05/13/2019,HLG,WV,AEA,CE,Federal Contract Tower,0,2,7,2,11,0,2,3,0,5,0,4,10,2,16,0,0,0,16
05/14/2019,HLG,WV,AEA,CE,Federal Contract Tower,0,2,2,2,6,0,0,23,5,28,0,2,25,7,34,8,26,34,68
05/15/2019,HLG,WV,AEA,CE,Federal Contract Tower,0,4,6,0,10,0,0,20,4,24,0,4,26,4,34,2,16,18,52
05/16/2019,HLG,WV,AEA,CE,Federal Contract Tower,0,4,0,0,4,0,0,36,6,42,0,4,36,6,46,10,22,32,78
05/17/2019,HLG,WV,AEA,CE,Federal Contract Tower,0,4,2,7,13,0,2,4,6,12,0,6,6,13,25,0,20,20,45
05/18/2019,HLG,WV,AEA,CE,Federal Contract Tower,0,0,4,3,7,0,0,26,0,26,0,0,30,3,33,0,4,4,37
05/19/2019,HLG,WV,AEA,CE,Federal Contract Tower,0,1,1,0,2,0,0,18,2,20,0,1,19,2,22,0,0,0,22
05/20/2019,HLG,WV,AEA,CE,Federal Contract Tower,0,6,1,0,7,0,4,14,1,19,0,10,15,1,26,0,0,0,26
05/21/2019,HLG,WV,AEA,CE,Federal Contract Tower,0,2,0,1,3,0,4,28,8,40,0,6,28,9,43,6,16,22,65
05/22/2019,HLG,WV,AEA,CE,Federal Contract Tower,0,2,3,0,5,0,0,27,5,32,0,2,30,5,37,6,4,10,47
05/23/2019,HLG,WV,AEA,CE,Federal Contract Tower,0,6,3,0,9,0,0,7,1,8,0,6,10,1,17,8,0,8,25
05/24/2019,HLG,WV,AEA,CE,Federal Contract Tower,0,6,2,1,9,0,2,13,0,15,0,8,15,1,24,6,0,6,30
05/25/2019,HLG,WV,AEA,CE,Federal Contract Tower,0,2,1,0,3,0,0,8,0,8,0,2,9,0,11,0,0,0,11
05/26/2019,HLG,WV,AEA,CE,Federal Contract Tower,0,0,0,0,0,0,0,2,6,8,0,0,2,6,8,0,40,40,48
05/27/2019,HLG,WV,AEA,CE,Federal Contract Tower,0,5,0,0,5,0,0,18,0,18,0,5,18,0,23,6,0,6,29
05/28/2019,HLG,WV,AEA,CE,Federal Contract Tower,0,3,1,0,4,0,4,13,4,21,0,7,14,4,25,0,32,32,57
05/29/2019,HLG,WV,AEA,CE,Federal Contract Tower,0,6,0,0,6,0,0,11,3,14,0,6,11,3,20,0,20,20,40
05/30/2019,HLG,WV,AEA,CE,Federal Contract Tower,0,5,6,0,11,0,2,0,0,2,0,7,6,0,13,0,0,0,13
05/31/2019,HLG,WV,AEA,CE,Federal Contract Tower,0,4,7,0,11,0,2,17,4,23,0,6,24,4,34,0,12,12,46
06/01/2019,HLG,WV,AEA,CE,Federal Contract Tower,0,0,5,0,5,0,0,17,10,27,0,0,22,10,32,6,16,22,54
06/02/2019,HLG,WV,AEA,CE,Federal Contract Tower,0,1,5,0,6,0,0,6,0,6,0,1,11,0,12,0,0,0,12
06/03/2019,HLG,WV,AEA,CE,Federal Contract Tower,0,5,1,0,6,0,0,24,6,30,0,5,25,6,36,18,20,38,74
06/04/2019,HLG,WV,AEA,CE,Federal Contract Tower,0,9,2,0,11,0,0,49,4,53,0,9,51,4,64,0,18,18,82
06/05/2019,HLG,WV,AEA,CE,Federal Contract Tower,0,4,2,1,7,0,0,8,5,13,0,4,10,6,20,0,6,6,26
06/06/2019,HLG,WV,AEA,CE,Federal Contract Tower,0,8,1,0,9,0,0,26,18,44,0,8,27,18,53,20,54,74,127
06/07/2019,HLG,WV,AEA,CE,Federal Contract Tower,0,5,2,0,7,0,0,25,11,36,0,5,27,11,43,8,18,26,69
06/08/2019,HLG,WV,AEA,CE,Federal Contract Tower,0,0,0,0,0,0,0,11,14,25,0,0,11,14,25,0,60,60,85
06/09/2019,HLG,WV,AEA,CE,Federal Contract Tower,0,1,3,1,5,0,0,8,16,24,0,1,11,17,29,0,28,28,57
06/10/2019,HLG,WV,AEA,CE,Federal Contract Tower,0,5,0,2,7,0,0,2,0,2,0,5,2,2,9,6,0,6,15
06/11/2019,HLG,WV,AEA,CE,Federal Contract Tower,0,2,0,2,4,0,5,24,9,38,0,7,24,11,42,8,34,42,84
06/12/2019,HLG,WV,AEA,CE,Federal Contract Tower,0,2,4,0,6,0,0,28,0,28,0,2,32,0,34,0,0,0,34
06/13/2019,HLG,WV,AEA,CE,Federal Contract Tower,0,4,2,0,6,0,2,4,12,18,0,6,6,12,24,0,60,60,84
06/14/2019,HLG,WV,AEA,CE,Federal Contract Tower,0,7,7,2,16,0,2,17,0,19,0,9,24,2,35,4,0,4,39
06/15/2019,HLG,WV,AEA,CE,Federal Contract Tower,0,0,2,0,2,0,0,18,0,18,0,0,20,0,20,20,0,20,40
06/16/2019,HLG,WV,AEA,CE,Federal Contract Tower,0,0,0,0,0,0,0,4,0,4,0,0,4,0,4,6,0,6,10
06/17/2019,HLG,WV,AEA,CE,Federal Contract Tower,0,1,0,2,3,0,0,14,1,15,0,1,14,3,18,10,0,10,28
06/18/2019,HLG,WV,AEA,CE,Federal Contract Tower,0,3,0,5,8,0,0,11,6,17,0,3,11,11,25,16,16,32,57
06/19/2019,HLG,WV,AEA,CE,Federal Contract Tower,0,3,4,2,9,0,0,11,0,11,0,3,15,2,20,8,2,10,30
06/20/2019,HLG,WV,AEA,CE,Federal Contract Tower,0,3,0,4,7,0,0,0,2,2,0,3,0,6,9,2,18,20,29
06/21/2019,HLG,WV,AEA,CE,Federal Contract Tower,0,4,3,1,8,0,4,19,12,35,0,8,22,13,43,6,40,46,89
06/22/2019,HLG,WV,AEA,CE,Federal Contract Tower,0,2,10,1,13,0,0,64,0,64,0,2,74,1,77,10,0,10,87
06/23/2019,HLG,WV,AEA,CE,Federal Contract Tower,0,0,0,0,0,0,0,11,0,11,0,0,11,0,11,4,0,4,15
06/24/2019,HLG,WV,AEA,CE,Federal Contract Tower,0,4,0,0,4,0,4,23,2,29,0,8,23,2,33,8,0,8,41
06/25/2019,HLG,WV,AEA,CE,Federal Contract Tower,0,6,2,2,10,0,0,28,2,30,0,6,30,4,40,4,18,22,62
06/26/2019,HLG,WV,AEA,CE,Federal Contract Tower,0,3,5,0,8,0,2,45,0,47,0,5,50,0,55,8,0,8,63
06/27/2019,HLG,WV,AEA,CE,Federal Contract Tower,0,4,0,0,4,0,32,16,0,48,0,36,16,0,52,8,50,58,110
06/28/2019,HLG,WV,AEA,CE,Federal Contract Tower,0,3,2,0,5,0,0,37,11,48,0,3,39,11,53,4,14,18,71
06/29/2019,HLG,WV,AEA,CE,Federal Contract Tower,0,2,0,0,2,0,0,13,6,19,0,2,13,6,21,14,14,28,49
06/30/2019,HLG,WV,AEA,CE,Federal Contract Tower,0,0,0,0,0,0,0,16,0,16,0,0,16,0,16,0,0,0,16
07/01/2019,HLG,WV,AEA,CE,Federal Contract Tower,0,1,0,0,1,0,2,30,1,33,0,3,30,1,34,12,0,12,46
07/02/2019,HLG,WV,AEA,CE,Federal Contract Tower,0,1,0,0,1,0,4,17,4,25,0,5,17,4,26,0,8,8,34
07/03/2019,HLG,WV,AEA,CE,Federal Contract Tower,0,1,3,0,4,0,0,11,2,13,0,1,14,2,17,6,10,16,33
07/04/2019,HLG,WV,AEA,CE,Federal Contract Tower,0,1,0,0,1,0,0,0,0,0,0,1,0,0,1,0,0,0,1
07/05/2019,HLG,WV,AEA,CE,Federal Contract Tower,0,0,2,0,2,0,0,6,0,6,0,0,8,0,8,0,0,0,8
07/06/2019,HLG,WV,AEA,CE,Federal Contract Tower,0,2,0,0,2,0,0,6,0,6,0,2,6,0,8,4,0,4,12
07/07/2019,HLG,WV,AEA,CE,Federal Contract Tower,0,1,2,0,3,0,0,3,0,3,0,1,5,0,6,6,0,6,12
07/08/2019,HLG,WV,AEA,CE,Federal Contract Tower,0,1,5,0,6,0,0,13,4,17,0,1,18,4,23,0,24,24,47
07/09/2019,HLG,WV,AEA,CE,Federal Contract Tower,0,0,0,0,0,0,0,17,7,24,0,0,17,7,24,6,38,44,68
07/10/2019,HLG,WV,AEA,CE,Federal Contract Tower,0,5,8,0,13,0,0,22,12,34,0,5,30,12,47,0,22,22,69
07/11/2019,HLG,WV,AEA,CE,Federal Contract Tower,0,2,0,3,5,0,0,1,0,1,0,2,1,3,6,0,0,0,6
07/12/2019,HLG,WV,AEA,CE,Federal Contract Tower,0,4,1,2,7,0,0,17,13,30,0,4,18,15,37,4,38,42,79
07/13/2019,HLG,WV,AEA,CE,Federal Contract Tower,0,2,2,0,4,0,0,5,0,5,0,2,7,0,9,2,0,2,11
07/14/2019,HLG,WV,AEA,CE,Federal Contract Tower,0,0,3,0,3,0,2,7,0,9,0,2,10,0,12,18,0,18,30
07/15/2019,HLG,WV,AEA,CE,Federal Contract Tower,0,4,2,0,6,0,0,11,6,17,0,4,13,6,23,4,38,42,65
07/16/2019,HLG,WV,AEA,CE,Federal Contract Tower,0,3,1,10,14,0,0,24,4,28,0,3,25,14,42,0,28,28,70
07/17/2019,HLG,WV,AEA,CE,Federal Contract Tower,0,2,3,0,5,0,0,7,2,9,0,2,10,2,14,0,4,4,18
07/18/2019,HLG,WV,AEA,CE,Federal Contract Tower,0,2,6,5,13,0,4,26,0,30,0,6,32,5,43,14,20,34,77
07/19/2019,HLG,WV,AEA,CE,Federal Contract Tower,0,0,6,4,10,0,2,17,8,27,0,2,23,12,37,0,28,28,65
07/20/2019,HLG,WV,AEA,CE,Federal Contract Tower,0,0,6,0,6,0,0,14,32,46,0,0,20,32,52,0,68,68,120
07/21/2019,HLG,WV,AEA,CE,Federal Contract Tower,0,0,4,0,4,0,0,5,0,5,0,0,9,0,9,0,0,0,9
07/22/2019,HLG,WV,AEA,CE,Federal Contract Tower,0,5,2,10,17,0,0,2,2,4,0,5,4,12,21,0,10,10,31
07/23/2019,HLG,WV,AEA,CE,Federal Contract Tower,0,9,1,3,13,0,0,22,8,30,0,9,23,11,43,12,38,50,93
07/24/2019,HLG,WV,AEA,CE,Federal Contract Tower,0,7,5,2,14,0,10,36,21,67,0,17,41,23,81,10,106,116,197
07/25/2019,HLG,WV,AEA,CE,Federal Contract Tower,0,6,7,4,17,0,0,49,14,63,0,6,56,18,80,8,46,54,134
07/26/2019,HLG,WV,AEA,CE,Federal Contract Tower,0,2,2,2,6,0,0,30,10,40,0,2,32,12,46,24,14,38,84
07/27/2019,HLG,WV,AEA,CE,Federal Contract Tower,0,2,2,0,4,0,0,17,2,19,0,2,19,2,23,10,4,14,37
07/28/2019,HLG,WV,AEA,CE,Federal Contract Tower,0,4,1,0,5,0,1,9,0,10,0,5,10,0,15,8,0,8,23
07/29/2019,HLG,WV,AEA,CE,Federal Contract Tower,0,7,10,1,18,0,0,23,5,28,0,7,33,6,46,0,0,0,46
07/30/2019,HLG,WV,AEA,CE,Federal Contract Tower,0,0,0,0,0,0,0,18,2,20,0,0,18,2,20,0,24,24,44
07/31/2019,HLG,WV,AEA,CE,Federal Contract Tower,0,0,7,6,13,0,4,8,0,12,0,4,15,6,25,0,0,0,25
08/01/2019,HLG,WV,AEA,CE,Federal Contract Tower,0,5,0,0,5,0,0,26,6,32,0,5,26,6,37,8,24,32,69
08/02/2019,HLG,WV,AEA,CE,Federal Contract Tower,0,3,2,0,5,0,0,26,9,35,0,3,28,9,40,22,26,48,88
08/03/2019,HLG,WV,AEA,CE,Federal Contract Tower,0,1,5,0,6,0,0,14,2,16,0,1,19,2,22,4,6,10,32
08/04/2019,HLG,WV,AEA,CE,Federal Contract Tower,0,3,7,0,10,0,0,22,0,22,0,3,29,0,32,18,0,18,50
08/05/2019,HLG,WV,AEA,CE,Federal Contract Tower,0,1,4,0,5,0,0,27,0,27,0,1,31,0,32,0,0,0,32
08/06/2019,HLG,WV,AEA,CE,Federal Contract Tower,0,0,0,0,0,0,0,22,0,22,0,0,22,0,22,0,0,0,22
08/07/2019,HLG,WV,AEA,CE,Federal Contract Tower,0,1,2,0,3,0,2,11,0,13,0,3,13,0,16,78,0,78,94
08/08/2019,HLG,WV,AEA,CE,Federal Contract Tower,0,8,3,0,11,0,17,12,0,29,0,25,15,0,40,8,0,8,48
08/09/2019,HLG,WV,AEA,CE,Federal Contract Tower,0,3,1,0,4,0,4,38,0,42,0,7,39,0,46,6,0,6,52
08/10/2019,HLG,WV,AEA,CE,Federal Contract Tower,0,0,0,0,0,0,0,28,4,32,0,0,28,4,32,30,2,32,64
08/11/2019,HLG,WV,AEA,CE,Federal Contract Tower,0,2,3,0,5,0,0,21,0,21,0,2,24,0,26,0,0,0,26
08/12/2019,HLG,WV,AEA,CE,Federal Contract Tower,0,0,7,0,7,0,2,35,0,37,0,2,42,0,44,22,0,22,66
08/13/2019,HLG,WV,AEA,CE,Federal Contract Tower,0,3,2,0,5,0,0,0,0,0,0,3,2,0,5,0,0,0,5
08/14/2019,HLG,WV,AEA,CE,Federal Contract Tower,0,3,2,0,5,0,2,13,2,17,0,5,15,2,22,0,0,0,22
08/15/2019,HLG,WV,AEA,CE,Federal Contract Tower,0,5,1,0,6,0,0,27,4,31,0,5,28,4,37,4,10,14,51
08/16/2019,HLG,WV,AEA,CE,Federal Contract Tower,0,5,2,0,7,0,0,22,4,26,0,5,24,4,33,6,0,6,39
08/17/2019,HLG,WV,AEA,CE,Federal Contract Tower,0,0,0,0,0,0,0,10,2,12,0,0,10,2,12,0,0,0,12
08/18/2019,HLG,WV,AEA,CE,Federal Contract Tower,0,0,0,0,0,0,0,23,0,23,0,0,23,0,23,4,0,4,27
08/19/2019,HLG,WV,AEA,CE,Federal Contract Tower,0,4,0,0,4,0,2,35,2,39,0,6,35,2,43,0,28,28,71
08/20/2019,HLG,WV,AEA,CE,Federal Contract Tower,0,2,0,0,2,0,6,20,4,30,0,8,20,4,32,0,36,36,68
08/21/2019,HLG,WV,AEA,CE,Federal Contract Tower,0,7,13,2,22,0,0,26,11,37,0,7,39,13,59,8,28,36,95
08/22/2019,HLG,WV,AEA,CE,Federal Contract Tower,0,3,3,0,6,0,4,54,0,58,0,7,57,0,64,0,0,0,64
08/23/2019,HLG,WV,AEA,CE,Federal Contract Tower,0,1,0,2,3,0,0,36,2,38,0,1,36,4,41,6,0,6,47
08/24/2019,HLG,WV,AEA,CE,Federal Contract Tower,0,2,2,0,4,0,0,51,0,51,0,2,53,0,55,12,0,12,67
08/25/2019,HLG,WV,AEA,CE,Federal Contract Tower,0,6,4,0,10,0,0,31,5,36,0,6,35,5,46,10,0,10,56
08/26/2019,HLG,WV,AEA,CE,Federal Contract Tower,0,3,0,1,4,0,0,26,1,27,0,3,26,2,31,0,8,8,39
08/27/2019,HLG,WV,AEA,CE,Federal Contract Tower,0,7,0,2,9,0,0,3,4,7,0,7,3,6,16,0,40,40,56
08/28/2019,HLG,WV,AEA,CE,Federal Contract Tower,0,4,1,5,10,0,0,31,7,38,0,4,32,12,48,0,20,20,68
08/29/2019,HLG,WV,AEA,CE,Federal Contract Tower,0,3,0,0,3,0,2,24,2,28,0,5,24,2,31,8,10,18,49
08/30/2019,HLG,WV,AEA,CE,Federal Contract Tower,0,1,4,1,6,0,0,104,6,110,0,1,108,7,116,26,20,46,162
08/31/2019,HLG,WV,AEA,CE,Federal Contract Tower,0,1,5,0,6,0,0,20,0,20,0,1,25,0,26,8,0,8,34
09/01/2019,HLG,WV,AEA,CE,Federal Contract Tower,0,2,0,0,2,0,0,5,0,5,0,2,5,0,7,0,0,0,7
09/02/2019,HLG,WV,AEA,CE,Federal Contract Tower,0,0,6,0,6,0,0,18,0,18,0,0,24,0,24,0,0,0,24
09/03/2019,HLG,WV,AEA,CE,Federal Contract Tower,0,0,0,0,0,0,0,22,0,22,0,0,22,0,22,0,0,0,22
09/04/2019,HLG,WV,AEA,CE,Federal Contract Tower,0,0,4,0,4,0,0,25,0,25,0,0,29,0,29,0,0,0,29
09/05/2019,HLG,WV,AEA,CE,Federal Contract Tower,0,0,3,0,3,0,0,29,0,29,0,0,32,0,32,10,0,10,42
09/06/2019,HLG,WV,AEA,CE,Federal Contract Tower,0,1,6,0,7,0,0,25,10,35,0,1,31,10,42,0,36,36,78
09/07/2019,HLG,WV,AEA,CE,Federal Contract Tower,0,0,3,0,3,0,0,13,7,20,0,0,16,7,23,0,6,6,29
09/08/2019,HLG,WV,AEA,CE,Federal Contract Tower,0,3,2,0,5,0,1,14,3,18,0,4,16,3,23,4,8,12,35
09/09/2019,HLG,WV,AEA,CE,Federal Contract Tower,0,4,2,0,6,0,6,22,4,32,0,10,24,4,38,8,30,38,76
09/10/2019,HLG,WV,AEA,CE,Federal Contract Tower,0,5,0,0,5,0,2,44,0,46,0,7,44,0,51,0,0,0,51
09/11/2019,HLG,WV,AEA,CE,Federal Contract Tower,0,2,10,0,12,0,0,36,0,36,0,2,46,0,48,0,0,0,48
09/12/2019,HLG,WV,AEA,CE,Federal Contract Tower,0,7,4,0,11,0,0,22,7,29,0,7,26,7,40,2,20,22,62
09/13/2019,HLG,WV,AEA,CE,Federal Contract Tower,0,4,1,0,5,0,0,13,6,19,0,4,14,6,24,7,22,29,53
09/14/2019,HLG,WV,AEA,CE,Federal Contract Tower,0,0,1,0,1,0,0,9,0,9,0,0,10,0,10,0,0,0,10
09/15/2019,HLG,WV,AEA,CE,Federal Contract Tower,0,1,8,0,9,0,0,23,0,23,0,1,31,0,32,0,0,0,32
09/16/2019,HLG,WV,AEA,CE,Federal Contract Tower,0,7,0,0,7,0,0,26,4,30,0,7,26,4,37,0,14,14,51
09/17/2019,HLG,WV,AEA,CE,Federal Contract Tower,0,6,0,2,8,0,3,13,6,22,0,9,13,8,30,0,28,28,58
09/18/2019,HLG,WV,AEA,CE,Federal Contract Tower,0,7,1,0,8,0,0,36,3,39,0,7,37,3,47,30,8,38,85
09/19/2019,HLG,WV,AEA,CE,Federal Contract Tower,0,2,0,0,2,0,0,33,5,38,0,2,33,5,40,28,20,48,88
09/20/2019,HLG,WV,AEA,CE,Federal Contract Tower,0,0,0,2,2,0,2,28,0,30,0,2,28,2,32,10,0,10,42
09/21/2019,HLG,WV,AEA,CE,Federal Contract Tower,0,0,2,0,2,0,0,15,1,16,0,0,17,1,18,2,0,2,20
09/22/2019,HLG,WV,AEA,CE,Federal Contract Tower,0,0,3,0,3,0,0,10,0,10,0,0,13,0,13,6,0,6,19
09/23/2019,HLG,WV,AEA,CE,Federal Contract Tower,0,3,2,0,5,0,2,1,0,3,0,5,3,0,8,0,0,0,8
09/24/2019,HLG,WV,AEA,CE,Federal Contract Tower,0,5,1,0,6,0,0,27,6,33,0,5,28,6,39,30,42,72,111
09/25/2019,HLG,WV,AEA,CE,Federal Contract Tower,0,9,4,0,13,0,5,42,0,47,0,14,46,0,60,10,0,10,70
09/26/2019,HLG,WV,AEA,CE,Federal Contract Tower,0,4,0,0,4,0,8,14,0,22,0,12,14,0,26,6,0,6,32
09/27/2019,HLG,WV,AEA,CE,Federal Contract Tower,0,3,2,0,5,0,0,30,6,36,0,3,32,6,41,4,6,10,51
09/28/2019,HLG,WV,AEA,CE,Federal Contract Tower,0,0,1,0,1,0,0,11,0,11,0,0,12,0,12,8,0,8,20
09/29/2019,HLG,WV,AEA,CE,Federal Contract Tower,0,2,6,0,8,0,0,10,3,13,0,2,16,3,21,0,0,0,21
09/30/2019,HLG,WV,AEA,CE,Federal Contract Tower,0,0,0,0,0,0,0,14,5,19,0,0,14,5,19,0,0,0,19
10/01/2019,HLG,WV,AEA,CE,Federal Contract Tower,0,11,2,0,13,0,2,13,2,17,0,13,15,2,30,4,0,4,34
10/02/2019,HLG,WV,AEA,CE,Federal Contract Tower,0,4,2,0,6,0,0,33,0,33,0,4,35,0,39,28,0,28,67
10/03/2019,HLG,WV,AEA,CE,Federal Contract Tower,0,2,1,0,3,0,5,24,2,31,0,7,25,2,34,6,0,6,40
10/04/2019,HLG,WV,AEA,CE,Federal Contract Tower,0,0,16,0,16,0,6,31,1,38,0,6,47,1,54,22,0,22,76
10/05/2019,HLG,WV,AEA,CE,Federal Contract Tower,0,0,6,0,6,0,5,11,0,16,0,5,17,0,22,0,0,0,22
10/06/2019,HLG,WV,AEA,CE,Federal Contract Tower,0,0,0,0,0,0,2,5,0,7,0,2,5,0,7,0,0,0,7
10/07/2019,HLG,WV,AEA,CE,Federal Contract Tower,0,2,0,0,2,0,0,4,0,4,0,2,4,0,6,0,0,0,6
10/08/2019,HLG,WV,AEA,CE,Federal Contract Tower,0,8,2,0,10,0,0,28,7,35,0,8,30,7,45,8,22,30,75
10/09/2019,HLG,WV,AEA,CE,Federal Contract Tower,0,3,2,2,7,0,2,39,2,43,0,5,41,4,50,76,0,76,126
10/10/2019,HLG,WV,AEA,CE,Federal Contract Tower,0,2,2,0,4,0,2,24,6,32,0,4,26,6,36,38,24,62,98
10/11/2019,HLG,WV,AEA,CE,Federal Contract Tower,0,4,2,0,6,0,0,32,1,33,0,4,34,1,39,92,0,92,131
10/12/2019,HLG,WV,AEA,CE,Federal Contract Tower,0,0,6,0,6,0,2,4,1,7,0,2,10,1,13,0,0,0,13
10/13/2019,HLG,WV,AEA,CE,Federal Contract Tower,0,0,3,0,3,0,0,9,0,9,0,0,12,0,12,2,0,2,14
10/14/2019,HLG,WV,AEA,CE,Federal Contract Tower,0,9,0,0,9,0,1,23,0,24,0,10,23,0,33,0,0,0,33
10/15/2019,HLG,WV,AEA,CE,Federal Contract Tower,0,2,4,0,6,0,0,33,2,35,0,2,37,2,41,2,18,20,61
10/16/2019,HLG,WV,AEA,CE,Federal Contract Tower,0,1,2,0,3,0,0,9,0,9,0,1,11,0,12,0,0,0,12
10/17/2019,HLG,WV,AEA,CE,Federal Contract Tower,0,0,0,0,0,0,0,8,9,17,0,0,8,9,17,0,40,40,57
10/18/2019,HLG,WV,AEA,CE,Federal Contract Tower,0,2,3,0,5,0,4,27,15,46,0,6,30,15,51,0,40,40,91
10/19/2019,HLG,WV,AEA,CE,Federal Contract Tower,0,0,14,2,16,0,0,17,8,25,0,0,31,10,41,0,40,40,81
10/20/2019,HLG,WV,AEA,CE,Federal Contract Tower,0,0,10,8,18,0,0,10,28,38,0,0,20,36,56,0,84,84,140
10/21/2019,HLG,WV,AEA,CE,Federal Contract Tower,0,0,0,0,0,0,0,10,4,14,0,0,10,4,14,0,46,46,60
10/22/2019,HLG,WV,AEA,CE,Federal Contract Tower,0,1,0,0,1,0,0,2,8,10,0,1,2,8,11,0,58,58,69
10/23/2019,HLG,WV,AEA,CE,Federal Contract Tower,0,1,2,0,3,0,0,21,7,28,0,1,23,7,31,0,34,34,65
10/24/2019,HLG,WV,AEA,CE,Federal Contract Tower,0,3,1,2,6,0,5,33,5,43,0,8,34,7,49,2,40,42,91
10/25/2019,HLG,WV,AEA,CE,Federal Contract Tower,0,3,0,0,3,0,0,18,17,35,0,3,18,17,38,4,32,36,74
10/26/2019,HLG,WV,AEA,CE,Federal Contract Tower,0,0,2,0,2,0,0,1,0,1,0,0,3,0,3,2,0,2,5
10/27/2019,HLG,WV,AEA,CE,Federal Contract Tower,0,0,0,0,0,0,0,4,0,4,0,0,4,0,4,4,0,4,8
10/28/2019,HLG,WV,AEA,CE,Federal Contract Tower,0,2,0,1,3,0,0,17,7,24,0,2,17,8,27,0,26,26,53
10/29/2019,HLG,WV,AEA,CE,Federal Contract Tower,0,3,2,0,5,0,0,30,8,38,0,3,32,8,43,0,38,38,81
10/30/2019,HLG,WV,AEA,CE,Federal Contract Tower,0,1,5,0,6,0,2,10,4,16,0,3,15,4,22,0,18,18,40
10/31/2019,HLG,WV,AEA,CE,Federal Contract Tower,0,1,1,0,2,0,0,0,0,0,0,1,1,0,2,0,0,0,2
11/01/2019,HLG,WV,AEA,CE,Federal Contract Tower,0,0,2,3,5,0,0,10,15,25,0,0,12,18,30,0,44,44,74
11/02/2019,HLG,WV,AEA,CE,Federal Contract Tower,0,1,0,4,5,0,0,6,8,14,0,1,6,12,19,6,36,42,61
11/03/2019,HLG,WV,AEA,CE,Federal Contract Tower,0,0,4,4,8,0,0,14,10,24,0,0,18,14,32,0,44,44,76
11/04/2019,HLG,WV,AEA,CE,Federal Contract Tower,0,0,0,0,0,0,0,14,10,24,0,0,14,10,24,0,24,24,48
11/05/2019,HLG,WV,AEA,CE,Federal Contract Tower,0,1,0,1,2,0,0,3,8,11,0,1,3,9,13,0,34,34,47
11/06/2019,HLG,WV,AEA,CE,Federal Contract Tower,0,2,4,1,7,0,4,49,3,56,0,6,53,4,63,4,18,22,85
11/07/2019,HLG,WV,AEA,CE,Federal Contract Tower,0,2,0,0,2,0,0,0,2,2,0,2,0,2,4,0,14,14,18
11/08/2019,HLG,WV,AEA,CE,Federal Contract Tower,0,0,0,4,4,0,0,16,3,19,0,0,16,7,23,6,0,6,29
11/09/2019,HLG,WV,AEA,CE,Federal Contract Tower,0,0,2,0,2,0,1,17,1,19,0,1,19,1,21,14,0,14,35
11/10/2019,HLG,WV,AEA,CE,Federal Contract Tower,0,3,2,0,5,0,0,20,0,20,0,3,22,0,25,0,0,0,25
11/11/2019,HLG,WV,AEA,CE,Federal Contract Tower,0,0,0,0,0,0,0,10,2,12,0,0,10,2,12,4,0,4,16
11/12/2019,HLG,WV,AEA,CE,Federal Contract Tower,0,0,1,1,2,0,0,10,1,11,0,0,11,2,13,0,12,12,25
11/13/2019,HLG,WV,AEA,CE,Federal Contract Tower,0,4,4,0,8,0,0,32,4,36,0,4,36,4,44,6,8,14,58
11/14/2019,HLG,WV,AEA,CE,Federal Contract Tower,0,4,0,0,4,0,0,14,7,21,0,4,14,7,25,12,10,22,47
11/15/2019,HLG,WV,AEA,CE,Federal Contract Tower,0,0,2,2,4,0,0,19,5,24,0,0,21,7,28,28,20,48,76
11/16/2019,HLG,WV,AEA,CE,Federal Contract Tower,0,1,1,0,2,0,0,30,1,31,0,1,31,1,33,22,0,22,55
11/17/2019,HLG,WV,AEA,CE,Federal Contract Tower,0,1,8,0,9,0,4,20,3,27,0,5,28,3,36,14,0,14,50
11/18/2019,HLG,WV,AEA,CE,Federal Contract Tower,0,13,0,2,15,0,0,27,2,29,0,13,27,4,44,8,16,24,68
11/19/2019,HLG,WV,AEA,CE,Federal Contract Tower,0,1,3,2,6,0,0,9,4,13,0,1,12,6,19,0,82,82,101
11/20/2019,HLG,WV,AEA,CE,Federal Contract Tower,0,2,4,0,6,0,4,33,4,41,0,6,37,4,47,32,12,44,91
11/21/2019,HLG,WV,AEA,CE,Federal Contract Tower,0,0,0,0,0,0,0,17,2,19,0,0,17,2,19,4,10,14,33
11/22/2019,HLG,WV,AEA,CE,Federal Contract Tower,0,4,0,0,4,0,0,9,1,10,0,4,9,1,14,4,6,10,24
11/23/2019,HLG,WV,AEA,CE,Federal Contract Tower,0,0,0,0,0,0,0,9,0,9,0,0,9,0,9,0,0,0,9
11/24/2019,HLG,WV,AEA,CE,Federal Contract Tower,0,2,0,0,2,0,0,11,0,11,0,2,11,0,13,14,0,14,27
11/25/2019,HLG,WV,AEA,CE,Federal Contract Tower,0,8,2,2,12,0,6,22,0,28,0,14,24,2,40,12,2,14,54
11/26/2019,HLG,WV,AEA,CE,Federal Contract Tower,0,2,0,2,4,0,2,36,3,41,0,4,36,5,45,10,6,16,61
11/27/2019,HLG,WV,AEA,CE,Federal Contract Tower,0,0,0,0,0,0,0,0,0,0,0,0,0,0,0,0,0,0,0
11/28/2019,HLG,WV,AEA,CE,Federal Contract Tower,0,0,0,0,0,0,2,6,0,8,0,2,6,0,8,0,0,0,8
11/29/2019,HLG,WV,AEA,CE,Federal Contract Tower,0,0,0,0,0,0,4,18,2,24,0,4,18,2,24,0,0,0,24
11/30/2019,HLG,WV,AEA,CE,Federal Contract Tower,0,0,0,0,0,0,0,10,0,10,0,0,10,0,10,0,0,0,10
12/01/2019,HLG,WV,AEA,CE,Federal Contract Tower,0,0,4,0,4,0,0,5,0,5,0,0,9,0,9,0,0,0,9
12/02/2019,HLG,WV,AEA,CE,Federal Contract Tower,0,0,0,0,0,0,0,8,0,8,0,0,8,0,8,0,0,0,8
12/03/2019,HLG,WV,AEA,CE,Federal Contract Tower,0,6,2,1,9,0,0,2,3,5,0,6,4,4,14,0,12,12,26
12/04/2019,HLG,WV,AEA,CE,Federal Contract Tower,0,1,0,1,2,0,0,9,1,10,0,1,9,2,12,0,12,12,24
12/05/2019,HLG,WV,AEA,CE,Federal Contract Tower,0,1,4,0,5,0,0,22,9,31,0,1,26,9,36,52,24,76,112
12/06/2019,HLG,WV,AEA,CE,Federal Contract Tower,0,3,2,0,5,0,4,15,9,28,0,7,17,9,33,0,16,16,49
12/07/2019,HLG,WV,AEA,CE,Federal Contract Tower,0,1,0,0,1,0,0,28,7,35,0,1,28,7,36,4,0,4,40
12/08/2019,HLG,WV,AEA,CE,Federal Contract Tower,0,0,0,0,0,0,0,7,0,7,0,0,7,0,7,0,0,0,7
12/09/2019,HLG,WV,AEA,CE,Federal Contract Tower,0,4,0,0,4,0,0,3,0,3,0,4,3,0,7,0,0,0,7
12/10/2019,HLG,WV,AEA,CE,Federal Contract Tower,0,2,0,0,2,0,2,10,4,16,0,4,10,4,18,0,38,38,56
12/11/2019,HLG,WV,AEA,CE,Federal Contract Tower,0,2,0,0,2,0,4,24,7,35,0,6,24,7,37,20,36,56,93
12/12/2019,HLG,WV,AEA,CE,Federal Contract Tower,0,2,2,7,11,0,0,20,4,24,0,2,22,11,35,8,18,26,61
12/13/2019,HLG,WV,AEA,CE,Federal Contract Tower,0,0,6,3,9,0,0,10,2,12,0,0,16,5,21,0,10,10,31
12/14/2019,HLG,WV,AEA,CE,Federal Contract Tower,0,0,0,0,0,0,0,6,0,6,0,0,6,0,6,0,0,0,6
12/15/2019,HLG,WV,AEA,CE,Federal Contract Tower,0,0,0,0,0,0,0,3,2,5,0,0,3,2,5,0,2,2,7
12/16/2019,HLG,WV,AEA,CE,Federal Contract Tower,0,0,0,0,0,0,0,9,2,11,0,0,9,2,11,0,14,14,25
12/17/2019,HLG,WV,AEA,CE,Federal Contract Tower,0,0,0,0,0,0,0,2,4,6,0,0,2,4,6,0,34,34,40
12/18/2019,HLG,WV,AEA,CE,Federal Contract Tower,0,1,7,2,10,0,0,6,0,6,0,1,13,2,16,14,10,24,40
12/19/2019,HLG,WV,AEA,CE,Federal Contract Tower,0,5,1,0,6,0,2,21,2,25,0,7,22,2,31,6,0,6,37
12/20/2019,HLG,WV,AEA,CE,Federal Contract Tower,0,2,2,0,4,0,8,12,2,22,0,10,14,2,26,6,0,6,32
12/21/2019,HLG,WV,AEA,CE,Federal Contract Tower,0,0,4,0,4,0,0,14,1,15,0,0,18,1,19,14,14,28,47
12/22/2019,HLG,WV,AEA,CE,Federal Contract Tower,0,4,2,0,6,0,0,29,0,29,0,4,31,0,35,0,0,0,35
12/23/2019,HLG,WV,AEA,CE,Federal Contract Tower,0,0,2,0,2,0,0,14,3,17,0,0,16,3,19,2,0,2,21
12/24/2019,HLG,WV,AEA,CE,Federal Contract Tower,0,0,0,0,0,0,0,0,0,0,0,0,0,0,0,0,0,0,0
12/25/2019,HLG,WV,AEA,CE,Federal Contract Tower,0,0,0,0,0,0,0,7,0,7,0,0,7,0,7,0,0,0,7
12/26/2019,HLG,WV,AEA,CE,Federal Contract Tower,0,1,14,0,15,0,0,10,0,10,0,1,24,0,25,0,0,0,25
12/27/2019,HLG,WV,AEA,CE,Federal Contract Tower,0,2,2,0,4,0,0,9,2,11,0,2,11,2,15,10,0,10,25
12/28/2019,HLG,WV,AEA,CE,Federal Contract Tower,0,0,2,0,2,0,0,0,0,0,0,0,2,0,2,0,0,0,2
12/29/2019,HLG,WV,AEA,CE,Federal Contract Tower,0,0,0,0,0,0,0,0,0,0,0,0,0,0,0,0,0,0,0
12/30/2019,HLG,WV,AEA,CE,Federal Contract Tower,0,1,3,0,4,0,2,13,1,16,0,3,16,1,20,2,0,2,22
12/31/2019,HLG,WV,AEA,CE,Federal Contract Tower,0,0,0,0,0,0,0,0,2,2,0,0,0,2,2,0,12,12,14
01/01/2020,HLG,WV,AEA,CE,Federal Contract Tower,0,0,0,0,0,0,6,6,0,12,0,6,6,0,12,4,0,4,16
01/02/2020,HLG,WV,AEA,CE,Federal Contract Tower,0,0,0,0,0,0,4,6,0,10,0,4,6,0,10,0,0,0,10
01/03/2020,HLG,WV,AEA,CE,Federal Contract Tower,0,2,2,0,4,0,0,0,0,0,0,2,2,0,4,0,0,0,4
01/04/2020,HLG,WV,AEA,CE,Federal Contract Tower,0,5,0,0,5,0,0,0,0,0,0,5,0,0,5,0,0,0,5
01/05/2020,HLG,WV,AEA,CE,Federal Contract Tower,0,0,3,0,3,0,0,8,1,9,0,0,11,1,12,4,10,14,26
01/06/2020,HLG,WV,AEA,CE,Federal Contract Tower,0,0,0,2,2,0,2,14,9,25,0,2,14,11,27,0,28,28,55
01/07/2020,HLG,WV,AEA,CE,Federal Contract Tower,0,0,2,6,8,0,0,12,6,18,0,0,14,12,26,0,18,18,44
01/08/2020,HLG,WV,AEA,CE,Federal Contract Tower,0,0,0,2,2,0,0,22,6,28,0,0,22,8,30,0,32,32,62
01/09/2020,HLG,WV,AEA,CE,Federal Contract Tower,0,1,1,0,2,0,1,7,3,11,0,2,8,3,13,0,6,6,19
01/10/2020,HLG,WV,AEA,CE,Federal Contract Tower,0,0,1,0,1,0,0,2,31,33,0,0,3,31,34,0,114,114,148
01/11/2020,HLG,WV,AEA,CE,Federal Contract Tower,0,0,0,1,1,0,0,4,0,4,0,0,4,1,5,0,0,0,5
01/12/2020,HLG,WV,AEA,CE,Federal Contract Tower,0,0,4,2,6,0,0,17,18,35,0,0,21,20,41,0,78,78,119
01/13/2020,HLG,WV,AEA,CE,Federal Contract Tower,0,2,0,1,3,0,2,21,12,35,0,4,21,13,38,26,50,76,114
01/14/2020,HLG,WV,AEA,CE,Federal Contract Tower,0,1,0,0,1,0,0,1,11,12,0,1,1,11,13,0,74,74,87
01/15/2020,HLG,WV,AEA,CE,Federal Contract Tower,0,2,3,4,9,0,0,0,1,1,0,2,3,5,10,0,22,22,32
01/16/2020,HLG,WV,AEA,CE,Federal Contract Tower,0,1,0,0,1,0,2,6,7,15,0,3,6,7,16,0,34,34,50
01/17/2020,HLG,WV,AEA,CE,Federal Contract Tower,0,1,0,2,3,0,0,15,12,27,0,1,15,14,30,8,36,44,74
01/18/2020,HLG,WV,AEA,CE,Federal Contract Tower,0,0,0,0,0,0,0,0,0,0,0,0,0,0,0,0,0,0,0
01/19/2020,HLG,WV,AEA,CE,Federal Contract Tower,0,0,0,0,0,0,0,4,0,4,0,0,4,0,4,0,0,0,4
01/20/2020,HLG,WV,AEA,CE,Federal Contract Tower,0,0,0,0,0,0,0,2,0,2,0,0,2,0,2,0,0,0,2
01/21/2020,HLG,WV,AEA,CE,Federal Contract Tower,0,5,1,0,6,0,0,15,8,23,0,5,16,8,29,0,40,40,69
01/22/2020,HLG,WV,AEA,CE,Federal Contract Tower,0,6,0,0,6,0,2,23,3,28,0,8,23,3,34,4,28,32,66
01/23/2020,HLG,WV,AEA,CE,Federal Contract Tower,0,3,0,0,3,0,0,14,0,14,0,3,14,0,17,0,0,0,17
01/24/2020,HLG,WV,AEA,CE,Federal Contract Tower,0,3,0,0,3,0,0,3,0,3,0,3,3,0,6,0,12,12,18
01/25/2020,HLG,WV,AEA,CE,Federal Contract Tower,0,0,1,0,1,0,0,2,0,2,0,0,3,0,3,0,0,0,3
01/26/2020,HLG,WV,AEA,CE,Federal Contract Tower,0,0,1,0,1,0,0,1,0,1,0,0,2,0,2,0,0,0,2
01/27/2020,HLG,WV,AEA,CE,Federal Contract Tower,0,0,0,0,0,0,0,0,2,2,0,0,0,2,2,0,32,32,34
01/28/2020,HLG,WV,AEA,CE,Federal Contract Tower,0,1,0,2,3,0,0,0,2,2,0,1,0,4,5,0,32,32,37
01/29/2020,HLG,WV,AEA,CE,Federal Contract Tower,0,5,1,7,13,0,4,7,9,20,0,9,8,16,33,8,92,100,133
01/30/2020,HLG,WV,AEA,CE,Federal Contract Tower,0,1,0,2,3,0,1,13,15,29,0,2,13,17,32,20,56,76,108
01/31/2020,HLG,WV,AEA,CE,Federal Contract Tower,0,0,0,4,4,0,0,4,8,12,0,0,4,12,16,0,56,56,72
02/01/2020,HLG,WV,AEA,CE,Federal Contract Tower,0,0,0,0,0,0,0,0,0,0,0,0,0,0,0,48,0,48,48
02/02/2020,HLG,WV,AEA,CE,Federal Contract Tower,0,0,0,1,1,0,0,5,12,17,0,0,5,13,18,0,56,56,74
02/03/2020,HLG,WV,AEA,CE,Federal Contract Tower,0,0,1,0,1,0,0,20,9,29,0,0,21,9,30,18,70,88,118
02/04/2020,HLG,WV,AEA,CE,Federal Contract Tower,0,1,2,3,6,0,0,0,10,10,0,1,2,13,16,0,48,48,64
02/05/2020,HLG,WV,AEA,CE,Federal Contract Tower,0,1,0,0,1,0,0,8,9,17,0,1,8,9,18,16,20,36,54
02/06/2020,HLG,WV,AEA,CE,Federal Contract Tower,0,1,0,0,1,0,0,0,0,0,0,1,0,0,1,0,0,0,1
02/07/2020,HLG,WV,AEA,CE,Federal Contract Tower,0,0,0,0,0,0,0,2,4,6,0,0,2,4,6,0,42,42,48
02/08/2020,HLG,WV,AEA,CE,Federal Contract Tower,0,0,0,0,0,0,0,2,6,8,0,0,2,6,8,0,46,46,54
02/09/2020,HLG,WV,AEA,CE,Federal Contract Tower,0,2,2,0,4,0,2,2,10,14,0,4,4,10,18,0,72,72,90
02/10/2020,HLG,WV,AEA,CE,Federal Contract Tower,0,4,0,0,4,0,0,0,0,0,0,4,0,0,4,0,0,0,4
02/11/2020,HLG,WV,AEA,CE,Federal Contract Tower,0,4,0,0,4,0,0,2,4,6,0,4,2,4,10,0,32,32,42
02/12/2020,HLG,WV,AEA,CE,Federal Contract Tower,0,1,1,0,2,0,0,7,2,9,0,1,8,2,11,0,16,16,27
02/13/2020,HLG,WV,AEA,CE,Federal Contract Tower,0,0,2,0,2,0,0,0,1,1,0,0,2,1,3,0,0,0,3
02/14/2020,HLG,WV,AEA,CE,Federal Contract Tower,0,0,0,1,1,0,0,20,0,20,0,0,20,1,21,8,0,8,29
02/15/2020,HLG,WV,AEA,CE,Federal Contract Tower,0,0,0,0,0,0,0,10,0,10,0,0,10,0,10,14,0,14,24
02/16/2020,HLG,WV,AEA,CE,Federal Contract Tower,0,0,2,0,2,0,0,7,0,7,0,0,9,0,9,2,0,2,11
02/17/2020,HLG,WV,AEA,CE,Federal Contract Tower,0,2,2,0,4,0,0,18,0,18,0,2,20,0,22,0,0,0,22
02/18/2020,HLG,WV,AEA,CE,Federal Contract Tower,0,0,2,2,4,0,0,0,2,2,0,0,2,4,6,0,4,4,10
02/19/2020,HLG,WV,AEA,CE,Federal Contract Tower,0,2,0,0,2,0,0,23,2,25,0,2,23,2,27,16,0,16,43
02/20/2020,HLG,WV,AEA,CE,Federal Contract Tower,0,2,0,0,2,0,2,33,0,35,0,4,33,0,37,2,0,2,39
02/21/2020,HLG,WV,AEA,CE,Federal Contract Tower,0,0,0,0,0,0,0,37,4,41,0,0,37,4,41,44,16,60,101
02/22/2020,HLG,WV,AEA,CE,Federal Contract Tower,0,0,0,0,0,0,0,14,0,14,0,0,14,0,14,8,0,8,22
02/23/2020,HLG,WV,AEA,CE,Federal Contract Tower,0,0,0,0,0,0,0,16,0,16,0,0,16,0,16,22,0,22,38
02/24/2020,HLG,WV,AEA,CE,Federal Contract Tower,0,3,3,0,6,0,6,24,1,31,0,9,27,1,37,18,0,18,55
02/25/2020,HLG,WV,AEA,CE,Federal Contract Tower,0,0,0,0,0,0,0,4,0,4,0,0,4,0,4,0,0,0,4
02/26/2020,HLG,WV,AEA,CE,Federal Contract Tower,0,4,0,0,4,0,0,0,4,4,0,4,0,4,8,0,30,30,38
02/27/2020,HLG,WV,AEA,CE,Federal Contract Tower,0,0,1,3,4,0,0,0,6,6,0,0,1,9,10,0,24,24,34
02/28/2020,HLG,WV,AEA,CE,Federal Contract Tower,0,0,4,0,4,0,0,10,4,14,0,0,14,4,18,8,20,28,46
02/29/2020,HLG,WV,AEA,CE,Federal Contract Tower,0,0,0,0,0,0,0,2,0,2,0,0,2,0,2,0,0,0,2
03/01/2020,HLG,WV,AEA,CE,Federal Contract Tower,0,3,0,0,3,0,2,20,0,22,0,5,20,0,25,48,0,48,73
03/02/2020,HLG,WV,AEA,CE,Federal Contract Tower,0,2,0,0,2,0,0,0,0,0,0,2,0,0,2,0,0,0,2
03/03/2020,HLG,WV,AEA,CE,Federal Contract Tower,0,0,0,0,0,0,0,0,2,2,0,0,0,2,2,0,14,14,16
03/04/2020,HLG,WV,AEA,CE,Federal Contract Tower,0,0,0,0,0,0,0,16,0,16,0,0,16,0,16,0,0,0,16
03/05/2020,HLG,WV,AEA,CE,Federal Contract Tower,0,0,2,3,5,0,4,21,20,45,0,4,23,23,50,6,78,84,134
03/06/2020,HLG,WV,AEA,CE,Federal Contract Tower,0,0,0,5,5,0,0,12,27,39,0,0,12,32,44,0,132,132,176
03/07/2020,HLG,WV,AEA,CE,Federal Contract Tower,0,0,0,0,0,0,0,4,5,9,0,0,4,5,9,0,18,18,27
03/08/2020,HLG,WV,AEA,CE,Federal Contract Tower,0,0,3,1,4,0,0,8,15,23,0,0,11,16,27,6,64,70,97
03/09/2020,HLG,WV,AEA,CE,Federal Contract Tower,0,0,0,0,0,0,4,12,6,22,0,4,12,6,22,0,16,16,38
03/10/2020,HLG,WV,AEA,CE,Federal Contract Tower,0,2,0,2,4,0,0,2,0,2,0,2,2,2,6,12,0,12,18
03/11/2020,HLG,WV,AEA,CE,Federal Contract Tower,0,2,2,0,4,0,0,0,1,1,0,2,2,1,5,0,0,0,5
03/12/2020,HLG,WV,AEA,CE,Federal Contract Tower,0,0,2,0,2,0,0,10,5,15,0,0,12,5,17,0,16,16,33
03/13/2020,HLG,WV,AEA,CE,Federal Contract Tower,0,0,2,0,2,0,2,26,1,29,0,2,28,1,31,2,0,2,33
03/14/2020,HLG,WV,AEA,CE,Federal Contract Tower,0,0,4,0,4,0,0,23,0,23,0,0,27,0,27,34,0,34,61
03/15/2020,HLG,WV,AEA,CE,Federal Contract Tower,0,0,6,0,6,0,0,7,0,7,0,0,13,0,13,6,0,6,19
03/16/2020,HLG,WV,AEA,CE,Federal Contract Tower,0,0,1,0,1,0,0,13,3,16,0,0,14,3,17,24,14,38,55
03/17/2020,HLG,WV,AEA,CE,Federal Contract Tower,0,6,1,0,7,0,2,0,2,4,0,8,1,2,11,0,32,32,43
03/18/2020,HLG,WV,AEA,CE,Federal Contract Tower,0,1,1,1,3,0,0,12,10,22,0,1,13,11,25,0,28,28,53
03/19/2020,HLG,WV,AEA,CE,Federal Contract Tower,0,3,5,0,8,0,0,9,0,9,0,3,14,0,17,26,0,26,43
03/20/2020,HLG,WV,AEA,CE,Federal Contract Tower,0,0,0,0,0,0,0,0,0,0,0,0,0,0,0,0,0,0,0
03/21/2020,HLG,WV,AEA,CE,Federal Contract Tower,0,0,4,0,4,0,0,16,0,16,0,0,20,0,20,14,0,14,34
03/22/2020,HLG,WV,AEA,CE,Federal Contract Tower,0,0,1,0,1,0,0,6,2,8,0,0,7,2,9,0,6,6,15
03/23/2020,HLG,WV,AEA,CE,Federal Contract Tower,0,0,0,0,0,0,0,0,0,0,0,0,0,0,0,0,0,0,0
03/24/2020,HLG,WV,AEA,CE,Federal Contract Tower,0,0,0,1,1,0,2,11,4,17,0,2,11,5,18,78,30,108,126
03/25/2020,HLG,WV,AEA,CE,Federal Contract Tower,0,4,0,0,4,0,0,12,0,12,0,4,12,0,16,90,0,90,106
03/26/2020,HLG,WV,AEA,CE,Federal Contract Tower,0,0,0,0,0,0,6,12,6,24,0,6,12,6,24,4,10,14,38
03/27/2020,HLG,WV,AEA,CE,Federal Contract Tower,0,0,2,6,8,0,2,11,1,14,0,2,13,7,22,0,6,6,28
03/28/2020,HLG,WV,AEA,CE,Federal Contract Tower,0,0,4,0,4,0,0,4,0,4,0,0,8,0,8,26,0,26,34
03/29/2020,HLG,WV,AEA,CE,Federal Contract Tower,0,3,0,0,3,0,1,3,0,4,0,4,3,0,7,8,0,8,15
03/30/2020,HLG,WV,AEA,CE,Federal Contract Tower,0,1,0,0,1,0,2,0,0,2,0,3,0,0,3,0,0,0,3
03/31/2020,HLG,WV,AEA,CE,Federal Contract Tower,0,0,0,0,0,0,0,6,2,8,0,0,6,2,8,0,24,24,32
04/01/2020,HLG,WV,AEA,CE,Federal Contract Tower,0,0,0,0,0,0,0,0,3,3,0,0,0,3,3,0,6,6,9
04/02/2020,HLG,WV,AEA,CE,Federal Contract Tower,0,0,2,0,2,0,0,13,3,16,0,0,15,3,18,16,8,24,42
04/03/2020,HLG,WV,AEA,CE,Federal Contract Tower,0,0,2,1,3,0,0,25,26,51,0,0,27,27,54,126,66,192,246
04/04/2020,HLG,WV,AEA,CE,Federal Contract Tower,0,0,1,1,2,0,0,10,8,18,0,0,11,9,20,34,12,46,66
04/05/2020,HLG,WV,AEA,CE,Federal Contract Tower,0,0,3,0,3,0,0,10,0,10,0,0,13,0,13,20,0,20,33
04/06/2020,HLG,WV,AEA,CE,Federal Contract Tower,0,0,0,0,0,0,0,14,0,14,0,0,14,0,14,6,0,6,20
04/07/2020,HLG,WV,AEA,CE,Federal Contract Tower,0,0,0,0,0,0,0,10,0,10,0,0,10,0,10,2,0,2,12
04/08/2020,HLG,WV,AEA,CE,Federal Contract Tower,0,0,2,0,2,0,0,10,0,10,0,0,12,0,12,6,0,6,18
04/09/2020,HLG,WV,AEA,CE,Federal Contract Tower,0,0,0,0,0,0,0,0,0,0,0,0,0,0,0,0,0,0,0
04/10/2020,HLG,WV,AEA,CE,Federal Contract Tower,0,0,1,2,3,0,0,0,10,10,0,0,1,12,13,0,54,54,67
04/11/2020,HLG,WV,AEA,CE,Federal Contract Tower,0,0,2,0,2,0,0,4,0,4,0,0,6,0,6,4,0,4,10
04/12/2020,HLG,WV,AEA,CE,Federal Contract Tower,0,0,0,0,0,0,0,4,0,4,0,0,4,0,4,0,0,0,4
04/13/2020,HLG,WV,AEA,CE,Federal Contract Tower,0,1,0,0,1,0,0,0,0,0,0,1,0,0,1,0,0,0,1
04/14/2020,HLG,WV,AEA,CE,Federal Contract Tower,0,0,2,0,2,0,0,18,2,20,0,0,20,2,22,26,40,66,88
04/15/2020,HLG,WV,AEA,CE,Federal Contract Tower,0,2,2,0,4,0,0,9,4,13,0,2,11,4,17,0,42,42,59
04/16/2020,HLG,WV,AEA,CE,Federal Contract Tower,0,1,1,3,5,0,0,13,0,13,0,1,14,3,18,0,0,0,18
04/17/2020,HLG,WV,AEA,CE,Federal Contract Tower,0,0,4,0,4,0,0,10,9,19,0,0,14,9,23,26,26,52,75
04/18/2020,HLG,WV,AEA,CE,Federal Contract Tower,0,0,7,2,9,0,0,11,1,12,0,0,18,3,21,0,0,0,21
04/19/2020,HLG,WV,AEA,CE,Federal Contract Tower,0,0,4,2,6,0,0,14,6,20,0,0,18,8,26,12,8,20,46
04/20/2020,HLG,WV,AEA,CE,Federal Contract Tower,0,0,0,0,0,0,0,22,1,23,0,0,22,1,23,10,4,14,37
04/21/2020,HLG,WV,AEA,CE,Federal Contract Tower,0,0,0,0,0,0,0,4,4,8,0,0,4,4,8,0,12,12,20
04/22/2020,HLG,WV,AEA,CE,Federal Contract Tower,0,2,0,0,2,0,0,13,0,13,0,2,13,0,15,6,0,6,21
04/23/2020,HLG,WV,AEA,CE,Federal Contract Tower,0,0,0,0,0,0,0,10,10,20,0,0,10,10,20,94,42,136,156
04/24/2020,HLG,WV,AEA,CE,Federal Contract Tower,0,0,0,0,0,0,0,2,1,3,0,0,2,1,3,4,0,4,7
04/25/2020,HLG,WV,AEA,CE,Federal Contract Tower,0,0,1,0,1,0,0,26,0,26,0,0,27,0,27,66,0,66,93
04/26/2020,HLG,WV,AEA,CE,Federal Contract Tower,0,0,0,0,0,0,0,0,0,0,0,0,0,0,0,0,0,0,0
04/27/2020,HLG,WV,AEA,CE,Federal Contract Tower,0,2,0,0,2,0,2,34,0,36,0,4,34,0,38,26,0,26,64
04/28/2020,HLG,WV,AEA,CE,Federal Contract Tower,0,0,0,0,0,0,0,12,11,23,0,0,12,11,23,0,64,64,87
04/29/2020,HLG,WV,AEA,CE,Federal Contract Tower,0,0,0,0,0,0,0,18,8,26,0,0,18,8,26,0,34,34,60
04/30/2020,HLG,WV,AEA,CE,Federal Contract Tower,0,2,0,3,5,0,0,17,6,23,0,2,17,9,28,40,36,76,104
05/01/2020,HLG,WV,AEA,CE,Federal Contract Tower,0,0,2,2,4,0,2,3,8,13,0,2,5,10,17,0,40,40,57
05/02/2020,HLG,WV,AEA,CE,Federal Contract Tower,0,0,1,0,1,0,2,13,4,19,0,2,14,4,20,6,10,16,36
05/03/2020,HLG,WV,AEA,CE,Federal Contract Tower,0,0,2,0,2,0,0,4,0,4,0,0,6,0,6,0,0,0,6
05/04/2020,HLG,WV,AEA,CE,Federal Contract Tower,0,0,0,0,0,0,0,28,13,41,0,0,28,13,41,0,60,60,101
05/05/2020,HLG,WV,AEA,CE,Federal Contract Tower,0,0,0,0,0,0,0,19,0,19,0,0,19,0,19,0,54,54,73
05/06/2020,HLG,WV,AEA,CE,Federal Contract Tower,0,0,2,0,2,0,2,2,0,4,0,2,4,0,6,2,0,2,8
05/07/2020,HLG,WV,AEA,CE,Federal Contract Tower,0,0,0,3,3,0,0,19,4,23,0,0,19,7,26,0,8,8,34
05/08/2020,HLG,WV,AEA,CE,Federal Contract Tower,0,0,0,0,0,0,0,8,2,10,0,0,8,2,10,0,14,14,24
05/09/2020,HLG,WV,AEA,CE,Federal Contract Tower,0,0,1,0,1,0,0,6,0,6,0,0,7,0,7,0,0,0,7
05/10/2020,HLG,WV,AEA,CE,Federal Contract Tower,0,0,0,0,0,0,0,8,0,8,0,0,8,0,8,0,0,0,8
05/11/2020,HLG,WV,AEA,CE,Federal Contract Tower,0,0,0,0,0,0,0,11,0,11,0,0,11,0,11,0,0,0,11
05/12/2020,HLG,WV,AEA,CE,Federal Contract Tower,0,0,3,0,3,0,0,16,13,29,0,0,19,13,32,94,72,166,198
05/13/2020,HLG,WV,AEA,CE,Federal Contract Tower,0,0,4,0,4,0,4,18,8,30,0,4,22,8,34,178,42,220,254
05/14/2020,HLG,WV,AEA,CE,Federal Contract Tower,0,2,0,1,3,0,0,0,18,18,0,2,0,19,21,0,94,94,115
05/15/2020,HLG,WV,AEA,CE,Federal Contract Tower,0,0,0,0,0,0,1,15,26,42,0,1,15,26,42,0,130,130,172
05/16/2020,HLG,WV,AEA,CE,Federal Contract Tower,0,0,8,0,8,0,0,14,8,22,0,0,22,8,30,6,40,46,76
05/17/2020,HLG,WV,AEA,CE,Federal Contract Tower,0,0,0,0,0,0,0,8,2,10,0,0,8,2,10,0,6,6,16
05/18/2020,HLG,WV,AEA,CE,Federal Contract Tower,0,0,0,0,0,0,0,4,2,6,0,0,4,2,6,0,6,6,12
05/19/2020,HLG,WV,AEA,CE,Federal Contract Tower,0,2,0,5,7,0,0,6,8,14,0,2,6,13,21,0,48,48,69
05/20/2020,HLG,WV,AEA,CE,Federal Contract Tower,0,2,0,1,3,0,0,2,14,16,0,2,2,15,19,0,84,84,103
05/21/2020,HLG,WV,AEA,CE,Federal Contract Tower,0,0,0,0,0,0,0,6,4,10,0,0,6,4,10,2,10,12,22
05/22/2020,HLG,WV,AEA,CE,Federal Contract Tower,0,2,7,6,15,0,2,3,0,5,0,4,10,6,20,0,0,0,20
05/23/2020,HLG,WV,AEA,CE,Federal Contract Tower,0,0,1,0,1,0,0,19,0,19,0,0,20,0,20,0,0,0,20
05/24/2020,HLG,WV,AEA,CE,Federal Contract Tower,0,0,0,0,0,0,0,10,0,10,0,0,10,0,10,0,0,0,10
05/25/2020,HLG,WV,AEA,CE,Federal Contract Tower,0,0,0,0,0,0,0,18,0,18,0,0,18,0,18,10,0,10,28
05/26/2020,HLG,WV,AEA,CE,Federal Contract Tower,0,2,0,0,2,0,2,18,9,29,0,4,18,9,31,0,26,26,57
05/27/2020,HLG,WV,AEA,CE,Federal Contract Tower,0,3,1,0,4,0,0,26,7,33,0,3,27,7,37,8,54,62,99
05/28/2020,HLG,WV,AEA,CE,Federal Contract Tower,0,0,0,0,0,0,0,5,0,5,0,0,5,0,5,0,0,0,5
05/29/2020,HLG,WV,AEA,CE,Federal Contract Tower,0,4,0,1,5,0,0,9,6,15,0,4,9,7,20,0,10,10,30
05/30/2020,HLG,WV,AEA,CE,Federal Contract Tower,0,0,2,0,2,0,2,9,0,11,0,2,11,0,13,0,0,0,13
05/31/2020,HLG,WV,AEA,CE,Federal Contract Tower,0,0,4,0,4,0,0,20,1,21,0,0,24,1,25,18,0,18,43
06/01/2020,HLG,WV,AEA,CE,Federal Contract Tower,0,1,0,0,1,0,1,23,10,34,0,2,23,10,35,8,64,72,107
06/02/2020,HLG,WV,AEA,CE,Federal Contract Tower,0,0,0,4,4,0,0,6,10,16,0,0,6,14,20,6,126,132,152
06/03/2020,HLG,WV,AEA,CE,Federal Contract Tower,0,0,0,2,2,0,0,14,14,28,0,0,14,16,30,0,56,56,86
06/04/2020,HLG,WV,AEA,CE,Federal Contract Tower,0,2,1,0,3,0,0,8,5,13,0,2,9,5,16,0,22,22,38
06/05/2020,HLG,WV,AEA,CE,Federal Contract Tower,0,3,0,4,7,0,0,5,18,23,0,3,5,22,30,0,86,86,116
06/06/2020,HLG,WV,AEA,CE,Federal Contract Tower,0,0,0,0,0,0,0,7,12,19,0,0,7,12,19,0,32,32,51
06/07/2020,HLG,WV,AEA,CE,Federal Contract Tower,0,1,0,0,1,0,0,7,0,7,0,1,7,0,8,4,0,4,12
06/08/2020,HLG,WV,AEA,CE,Federal Contract Tower,0,2,0,0,2,0,8,20,9,37,0,10,20,9,39,18,18,36,75
06/09/2020,HLG,WV,AEA,CE,Federal Contract Tower,0,2,2,0,4,0,0,30,7,37,0,2,32,7,41,90,30,120,161
06/10/2020,HLG,WV,AEA,CE,Federal Contract Tower,0,1,0,3,4,0,4,23,2,29,0,5,23,5,33,0,0,0,33
06/11/2020,HLG,WV,AEA,CE,Federal Contract Tower,0,4,2,0,6,0,0,45,11,56,0,4,47,11,62,14,46,60,122
06/12/2020,HLG,WV,AEA,CE,Federal Contract Tower,0,2,0,0,2,0,2,23,3,28,0,4,23,3,30,4,12,16,46
06/13/2020,HLG,WV,AEA,CE,Federal Contract Tower,0,0,0,2,2,0,0,18,1,19,0,0,18,3,21,12,18,30,51
06/14/2020,HLG,WV,AEA,CE,Federal Contract Tower,0,2,0,0,2,0,0,2,0,2,0,2,2,0,4,0,0,0,4
06/15/2020,HLG,WV,AEA,CE,Federal Contract Tower,0,0,0,2,2,0,0,21,0,21,0,0,21,2,23,22,0,22,45
06/16/2020,HLG,WV,AEA,CE,Federal Contract Tower,0,0,0,0,0,0,0,17,12,29,0,0,17,12,29,0,66,66,95
06/17/2020,HLG,WV,AEA,CE,Federal Contract Tower,0,2,0,1,3,0,0,10,10,20,0,2,10,11,23,0,24,24,47
06/18/2020,HLG,WV,AEA,CE,Federal Contract Tower,0,2,1,2,5,0,0,1,6,7,0,2,2,8,12,0,6,6,18
06/19/2020,HLG,WV,AEA,CE,Federal Contract Tower,0,0,0,1,1,0,2,6,15,23,0,2,6,16,24,0,90,90,114
06/20/2020,HLG,WV,AEA,CE,Federal Contract Tower,0,0,2,0,2,0,0,11,11,22,0,0,13,11,24,0,24,24,48
06/21/2020,HLG,WV,AEA,CE,Federal Contract Tower,0,1,1,0,2,0,0,7,4,11,0,1,8,4,13,2,22,24,37
06/22/2020,HLG,WV,AEA,CE,Federal Contract Tower,0,2,0,0,2,0,0,1,6,7,0,2,1,6,9,0,44,44,53
06/23/2020,HLG,WV,AEA,CE,Federal Contract Tower,0,2,0,0,2,0,0,4,5,9,0,2,4,5,11,0,30,30,41
06/24/2020,HLG,WV,AEA,CE,Federal Contract Tower,0,0,4,0,4,0,0,16,10,26,0,0,20,10,30,10,54,64,94
06/25/2020,HLG,WV,AEA,CE,Federal Contract Tower,0,4,0,0,4,0,2,25,0,27,0,6,25,0,31,12,0,12,43
06/26/2020,HLG,WV,AEA,CE,Federal Contract Tower,0,1,4,0,5,0,0,27,1,28,0,1,31,1,33,4,0,4,37
06/27/2020,HLG,WV,AEA,CE,Federal Contract Tower,0,2,2,0,4,0,0,1,2,3,0,2,3,2,7,0,0,0,7
06/28/2020,HLG,WV,AEA,CE,Federal Contract Tower,0,0,2,0,2,0,0,8,0,8,0,0,10,0,10,8,0,8,18
06/29/2020,HLG,WV,AEA,CE,Federal Contract Tower,0,0,0,0,0,0,0,25,0,25,0,0,25,0,25,4,0,4,29
06/30/2020,HLG,WV,AEA,CE,Federal Contract Tower,0,2,0,0,2,0,2,27,0,29,0,4,27,0,31,134,0,134,165
07/01/2020,HLG,WV,AEA,CE,Federal Contract Tower,0,0,1,0,1,0,2,30,13,45,0,2,31,13,46,142,12,154,200
07/02/2020,HLG,WV,AEA,CE,Federal Contract Tower,0,4,2,0,6,0,0,28,4,32,0,4,30,4,38,128,14,142,180
07/03/2020,HLG,WV,AEA,CE,Federal Contract Tower,0,0,0,0,0,0,0,32,0,32,0,0,32,0,32,86,0,86,118
07/04/2020,HLG,WV,AEA,CE,Federal Contract Tower,0,0,2,0,2,0,0,11,0,11,0,0,13,0,13,0,0,0,13
07/05/2020,HLG,WV,AEA,CE,Federal Contract Tower,0,0,1,0,1,0,2,8,1,11,0,2,9,1,12,0,0,0,12
07/06/2020,HLG,WV,AEA,CE,Federal Contract Tower,0,1,2,0,3,0,0,17,12,29,0,1,19,12,32,0,34,34,66
07/07/2020,HLG,WV,AEA,CE,Federal Contract Tower,0,4,0,0,4,0,7,5,1,13,0,11,5,1,17,36,0,36,53
07/08/2020,HLG,WV,AEA,CE,Federal Contract Tower,0,3,2,0,5,0,0,10,3,13,0,3,12,3,18,0,12,12,30
07/09/2020,HLG,WV,AEA,CE,Federal Contract Tower,0,1,4,0,5,0,0,31,0,31,0,1,35,0,36,0,0,0,36
07/10/2020,HLG,WV,AEA,CE,Federal Contract Tower,0,2,2,4,8,0,0,16,8,24,0,2,18,12,32,12,14,26,58
07/11/2020,HLG,WV,AEA,CE,Federal Contract Tower,0,3,6,0,9,0,0,5,0,5,0,3,11,0,14,0,0,0,14
07/12/2020,HLG,WV,AEA,CE,Federal Contract Tower,0,0,2,0,2,0,0,9,0,9,0,0,11,0,11,0,0,0,11
07/13/2020,HLG,WV,AEA,CE,Federal Contract Tower,0,0,0,0,0,0,0,10,2,12,0,0,10,2,12,0,0,0,12
07/14/2020,HLG,WV,AEA,CE,Federal Contract Tower,0,2,2,0,4,0,0,62,2,64,0,2,64,2,68,16,0,16,84
07/15/2020,HLG,WV,AEA,CE,Federal Contract Tower,0,0,0,0,0,0,0,20,3,23,0,0,20,3,23,0,18,18,41
07/16/2020,HLG,WV,AEA,CE,Federal Contract Tower,0,2,0,8,10,0,0,14,4,18,0,2,14,12,28,6,0,6,34
07/17/2020,HLG,WV,AEA,CE,Federal Contract Tower,0,0,0,0,0,0,6,26,5,37,0,6,26,5,37,20,0,20,57
07/18/2020,HLG,WV,AEA,CE,Federal Contract Tower,0,2,2,0,4,0,0,12,0,12,0,2,14,0,16,14,0,14,30
07/19/2020,HLG,WV,AEA,CE,Federal Contract Tower,0,0,0,0,0,0,0,12,0,12,0,0,12,0,12,24,0,24,36
07/20/2020,HLG,WV,AEA,CE,Federal Contract Tower,0,0,0,0,0,0,0,19,4,23,0,0,19,4,23,0,44,44,67
07/21/2020,HLG,WV,AEA,CE,Federal Contract Tower,0,0,0,0,0,0,0,12,4,16,0,0,12,4,16,36,40,76,92
07/22/2020,HLG,WV,AEA,CE,Federal Contract Tower,0,0,2,0,2,0,0,4,8,12,0,0,6,8,14,56,20,76,90
07/23/2020,HLG,WV,AEA,CE,Federal Contract Tower,0,1,7,2,10,0,0,0,12,12,0,1,7,14,22,0,54,54,76
07/24/2020,HLG,WV,AEA,CE,Federal Contract Tower,0,1,2,1,4,0,0,24,5,29,0,1,26,6,33,12,28,40,73
07/25/2020,HLG,WV,AEA,CE,Federal Contract Tower,0,0,6,0,6,0,0,8,0,8,0,0,14,0,14,0,0,0,14
07/26/2020,HLG,WV,AEA,CE,Federal Contract Tower,0,0,1,0,1,0,0,6,0,6,0,0,7,0,7,0,0,0,7
07/27/2020,HLG,WV,AEA,CE,Federal Contract Tower,0,0,1,1,2,0,0,8,1,9,0,0,9,2,11,6,0,6,17
07/28/2020,HLG,WV,AEA,CE,Federal Contract Tower,0,0,2,0,2,0,0,24,0,24,0,0,26,0,26,80,0,80,106
07/29/2020,HLG,WV,AEA,CE,Federal Contract Tower,0,4,3,0,7,0,0,110,0,110,0,4,113,0,117,10,0,10,127
07/30/2020,HLG,WV,AEA,CE,Federal Contract Tower,0,1,0,2,3,0,0,23,0,23,0,1,23,2,26,6,0,6,32
07/31/2020,HLG,WV,AEA,CE,Federal Contract Tower,0,1,0,2,3,0,0,14,6,20,0,1,14,8,23,14,0,14,37
08/01/2020,HLG,WV,AEA,CE,Federal Contract Tower,0,0,1,0,1,0,0,5,0,5,0,0,6,0,6,0,0,0,6
08/02/2020,HLG,WV,AEA,CE,Federal Contract Tower,0,0,1,0,1,0,0,3,4,7,0,0,4,4,8,0,0,0,8
08/03/2020,HLG,WV,AEA,CE,Federal Contract Tower,0,2,1,0,3,0,2,39,0,41,0,4,40,0,44,4,0,4,48
08/04/2020,HLG,WV,AEA,CE,Federal Contract Tower,0,2,3,4,9,0,0,11,0,11,0,2,14,4,20,50,0,50,70
08/05/2020,HLG,WV,AEA,CE,Federal Contract Tower,0,4,2,0,6,0,0,72,4,76,0,4,74,4,82,28,8,36,118
08/06/2020,HLG,WV,AEA,CE,Federal Contract Tower,0,3,2,0,5,0,2,9,0,11,0,5,11,0,16,24,0,24,40
08/08/2020,HLG,WV,AEA,CE,Federal Contract Tower,0,0,3,0,3,0,0,13,3,16,0,0,16,3,19,10,0,10,29
08/09/2020,HLG,WV,AEA,CE,Federal Contract Tower,0,0,0,0,0,0,0,18,0,18,0,0,18,0,18,8,0,8,26
08/10/2020,HLG,WV,AEA,CE,Federal Contract Tower,0,0,2,0,2,0,0,16,1,17,0,0,18,1,19,14,0,14,33
08/11/2020,HLG,WV,AEA,CE,Federal Contract Tower,0,3,1,0,4,0,0,32,5,37,0,3,33,5,41,32,16,48,89
08/12/2020,HLG,WV,AEA,CE,Federal Contract Tower,0,0,3,0,3,0,0,31,0,31,0,0,34,0,34,16,0,16,50
08/13/2020,HLG,WV,AEA,CE,Federal Contract Tower,0,2,2,0,4,0,0,20,4,24,0,2,22,4,28,32,50,82,110
08/14/2020,HLG,WV,AEA,CE,Federal Contract Tower,0,0,1,0,1,0,0,22,9,31,0,0,23,9,32,24,50,74,106
08/15/2020,HLG,WV,AEA,CE,Federal Contract Tower,0,0,2,0,2,0,0,13,0,13,0,0,15,0,15,48,0,48,63
08/16/2020,HLG,WV,AEA,CE,Federal Contract Tower,0,2,2,0,4,0,0,9,2,11,0,2,11,2,15,14,0,14,29
08/17/2020,HLG,WV,AEA,CE,Federal Contract Tower,0,0,1,2,3,0,0,12,6,18,0,0,13,8,21,0,20,20,41
08/18/2020,HLG,WV,AEA,CE,Federal Contract Tower,0,4,2,0,6,0,6,32,3,41,0,10,34,3,47,22,46,68,115
08/19/2020,HLG,WV,AEA,CE,Federal Contract Tower,0,1,0,2,3,0,2,45,1,48,0,3,45,3,51,28,12,40,91
08/20/2020,HLG,WV,AEA,CE,Federal Contract Tower,0,1,4,0,5,0,4,18,4,26,0,5,22,4,31,16,32,48,79
08/21/2020,HLG,WV,AEA,CE,Federal Contract Tower,0,2,0,0,2,0,0,23,6,29,0,2,23,6,31,8,0,8,39
08/22/2020,HLG,WV,AEA,CE,Federal Contract Tower,0,0,1,0,1,0,0,28,0,28,0,0,29,0,29,56,0,56,85
08/23/2020,HLG,WV,AEA,CE,Federal Contract Tower,0,0,2,0,2,0,0,25,0,25,0,0,27,0,27,28,0,28,55
08/24/2020,HLG,WV,AEA,CE,Federal Contract Tower,0,0,0,0,0,0,0,34,3,37,0,0,34,3,37,26,0,26,63
08/25/2020,HLG,WV,AEA,CE,Federal Contract Tower,0,0,0,2,2,0,0,12,11,23,0,0,12,13,25,38,44,82,107
08/26/2020,HLG,WV,AEA,CE,Federal Contract Tower,0,2,0,0,2,0,0,13,3,16,0,2,13,3,18,22,28,50,68
08/27/2020,HLG,WV,AEA,CE,Federal Contract Tower,0,0,0,3,3,0,0,17,7,24,0,0,17,10,27,48,44,92,119
08/28/2020,HLG,WV,AEA,CE,Federal Contract Tower,0,0,6,2,8,0,0,2,10,12,0,0,8,12,20,0,42,42,62
08/29/2020,HLG,WV,AEA,CE,Federal Contract Tower,0,1,0,0,1,0,0,4,0,4,0,1,4,0,5,4,0,4,9
08/30/2020,HLG,WV,AEA,CE,Federal Contract Tower,0,0,0,0,0,0,2,13,0,15,0,2,13,0,15,14,0,14,29
08/31/2020,HLG,WV,AEA,CE,Federal Contract Tower,0,1,0,0,1,0,0,11,7,18,0,1,11,7,19,10,20,30,49
09/01/2020,HLG,WV,AEA,CE,Federal Contract Tower,0,5,0,0,5,0,0,29,2,31,0,5,29,2,36,54,34,88,124
09/02/2020,HLG,WV,AEA,CE,Federal Contract Tower,0,1,0,0,1,0,0,4,0,4,0,1,4,0,5,22,0,22,27
09/03/2020,HLG,WV,AEA,CE,Federal Contract Tower,0,2,0,2,4,0,0,0,2,2,0,2,0,4,6,0,8,8,14
09/04/2020,HLG,WV,AEA,CE,Federal Contract Tower,0,1,3,3,7,0,0,17,10,27,0,1,20,13,34,30,24,54,88
09/05/2020,HLG,WV,AEA,CE,Federal Contract Tower,0,3,0,0,3,0,0,17,0,17,0,3,17,0,20,6,0,6,26
09/06/2020,HLG,WV,AEA,CE,Federal Contract Tower,0,0,0,0,0,0,2,25,0,27,0,2,25,0,27,12,0,12,39
09/07/2020,HLG,WV,AEA,CE,Federal Contract Tower,0,2,1,0,3,0,0,18,2,20,0,2,19,2,23,0,6,6,29
09/08/2020,HLG,WV,AEA,CE,Federal Contract Tower,0,3,0,0,3,0,0,33,4,37,0,3,33,4,40,2,16,18,58
09/09/2020,HLG,WV,AEA,CE,Federal Contract Tower,1,2,1,2,6,0,0,14,17,31,1,2,15,19,37,0,62,62,99
09/10/2020,HLG,WV,AEA,CE,Federal Contract Tower,0,3,5,0,8,0,0,23,18,41,0,3,28,18,49,0,64,64,113
09/11/2020,HLG,WV,AEA,CE,Federal Contract Tower,0,2,4,4,10,0,0,23,7,30,0,2,27,11,40,34,20,54,94
09/12/2020,HLG,WV,AEA,CE,Federal Contract Tower,0,0,2,0,2,0,0,7,1,8,0,0,9,1,10,0,0,0,10
09/13/2020,HLG,WV,AEA,CE,Federal Contract Tower,0,0,0,0,0,0,0,3,0,3,0,0,3,0,3,0,0,0,3
09/14/2020,HLG,WV,AEA,CE,Federal Contract Tower,0,1,1,3,5,0,0,39,8,47,0,1,40,11,52,130,26,156,208
09/15/2020,HLG,WV,AEA,CE,Federal Contract Tower,0,0,2,2,4,0,0,19,12,31,0,0,21,14,35,54,62,116,151
09/16/2020,HLG,WV,AEA,CE,Federal Contract Tower,0,0,0,0,0,0,4,28,5,37,0,4,28,5,37,88,36,124,161
09/17/2020,HLG,WV,AEA,CE,Federal Contract Tower,0,0,0,9,9,0,0,14,8,22,0,0,14,17,31,62,28,90,121
09/18/2020,HLG,WV,AEA,CE,Federal Contract Tower,0,2,1,5,8,0,2,7,16,25,0,4,8,21,33,0,44,44,77
09/19/2020,HLG,WV,AEA,CE,Federal Contract Tower,0,0,4,0,4,0,0,9,4,13,0,0,13,4,17,0,12,12,29
09/20/2020,HLG,WV,AEA,CE,Federal Contract Tower,0,0,2,1,3,0,0,21,8,29,0,0,23,9,32,0,38,38,70
09/21/2020,HLG,WV,AEA,CE,Federal Contract Tower,0,0,0,0,0,0,0,21,2,23,0,0,21,2,23,0,12,12,35
09/22/2020,HLG,WV,AEA,CE,Federal Contract Tower,0,8,0,0,8,0,0,16,4,20,0,8,16,4,28,20,76,96,124
09/23/2020,HLG,WV,AEA,CE,Federal Contract Tower,0,0,3,0,3,0,0,35,0,35,0,0,38,0,38,28,0,28,66
09/24/2020,HLG,WV,AEA,CE,Federal Contract Tower,0,0,0,0,0,0,0,14,0,14,0,0,14,0,14,26,0,26,40
09/25/2020,HLG,WV,AEA,CE,Federal Contract Tower,0,0,3,0,3,0,0,25,3,28,0,0,28,3,31,46,0,46,77
09/26/2020,HLG,WV,AEA,CE,Federal Contract Tower,0,0,0,0,0,0,0,22,0,22,0,0,22,0,22,6,0,6,28
09/27/2020,HLG,WV,AEA,CE,Federal Contract Tower,0,0,0,0,0,0,0,12,0,12,0,0,12,0,12,0,0,0,12
09/28/2020,HLG,WV,AEA,CE,Federal Contract Tower,0,2,2,0,4,0,0,23,2,25,0,2,25,2,29,0,12,12,41
09/29/2020,HLG,WV,AEA,CE,Federal Contract Tower,0,9,4,2,15,0,0,15,5,20,0,9,19,7,35,68,18,86,121
09/30/2020,HLG,WV,AEA,CE,Federal Contract Tower,0,2,0,0,2,0,0,7,12,19,0,2,7,12,21,0,40,40,61
10/01/2020,HLG,WV,AEA,CE,Federal Contract Tower,0,3,1,0,4,0,0,18,0,18,0,3,19,0,22,0,0,0,22
10/02/2020,HLG,WV,AEA,CE,Federal Contract Tower,0,0,5,0,5,0,0,6,2,8,0,0,11,2,13,0,0,0,13
10/03/2020,HLG,WV,AEA,CE,Federal Contract Tower,0,0,3,0,3,0,0,13,0,13,0,0,16,0,16,50,0,50,66
10/04/2020,HLG,WV,AEA,CE,Federal Contract Tower,0,0,4,0,4,0,0,7,0,7,0,0,11,0,11,2,0,2,13
10/05/2020,HLG,WV,AEA,CE,Federal Contract Tower,0,2,5,0,7,0,2,8,6,16,0,4,13,6,23,0,32,32,55
10/06/2020,HLG,WV,AEA,CE,Federal Contract Tower,0,0,6,0,6,0,0,18,4,22,0,0,24,4,28,0,6,6,34
10/07/2020,HLG,WV,AEA,CE,Federal Contract Tower,0,0,1,0,1,0,0,2,6,8,0,0,3,6,9,0,38,38,47
10/08/2020,HLG,WV,AEA,CE,Federal Contract Tower,0,2,3,0,5,0,0,22,6,28,0,2,25,6,33,0,34,34,67
10/09/2020,HLG,WV,AEA,CE,Federal Contract Tower,0,0,1,0,1,0,0,24,3,27,0,0,25,3,28,6,0,6,34
10/10/2020,HLG,WV,AEA,CE,Federal Contract Tower,0,0,1,0,1,0,0,6,2,8,0,0,7,2,9,0,0,0,9
10/11/2020,HLG,WV,AEA,CE,Federal Contract Tower,0,0,6,0,6,0,0,6,0,6,0,0,12,0,12,8,0,8,20
10/12/2020,HLG,WV,AEA,CE,Federal Contract Tower,0,4,0,0,4,0,0,12,0,12,0,4,12,0,16,38,0,38,54
10/13/2020,HLG,WV,AEA,CE,Federal Contract Tower,0,0,0,0,0,0,0,32,5,37,0,0,32,5,37,74,10,84,121
10/14/2020,HLG,WV,AEA,CE,Federal Contract Tower,0,0,0,0,0,0,4,20,2,26,0,4,20,2,26,0,8,8,34
10/15/2020,HLG,WV,AEA,CE,Federal Contract Tower,0,0,3,0,3,0,4,16,2,22,0,4,19,2,25,0,12,12,37
10/16/2020,HLG,WV,AEA,CE,Federal Contract Tower,0,2,3,7,12,0,4,16,14,34,0,6,19,21,46,10,34,44,90
10/17/2020,HLG,WV,AEA,CE,Federal Contract Tower,0,0,7,0,7,0,0,26,16,42,0,0,33,16,49,28,28,56,105
10/18/2020,HLG,WV,AEA,CE,Federal Contract Tower,0,0,4,0,4,0,0,25,8,33,0,0,29,8,37,50,28,78,115
10/19/2020,HLG,WV,AEA,CE,Federal Contract Tower,0,2,4,0,6,0,0,0,6,6,0,2,4,6,12,0,66,66,78
10/20/2020,HLG,WV,AEA,CE,Federal Contract Tower,0,4,0,0,4,0,0,0,0,0,0,4,0,0,4,0,0,0,4
10/21/2020,HLG,WV,AEA,CE,Federal Contract Tower,0,0,0,0,0,0,2,8,0,10,0,2,8,0,10,0,0,0,10
10/22/2020,HLG,WV,AEA,CE,Federal Contract Tower,0,3,6,0,9,0,0,36,0,36,0,3,42,0,45,8,0,8,53
10/23/2020,HLG,WV,AEA,CE,Federal Contract Tower,0,1,4,1,6,0,3,23,13,39,0,4,27,14,45,26,48,74,119
10/24/2020,HLG,WV,AEA,CE,Federal Contract Tower,0,2,0,4,6,0,0,6,7,13,0,2,6,11,19,0,64,64,83
10/25/2020,HLG,WV,AEA,CE,Federal Contract Tower,0,0,0,6,6,0,0,17,14,31,0,0,17,20,37,18,72,90,127
10/26/2020,HLG,WV,AEA,CE,Federal Contract Tower,0,0,0,0,0,0,0,0,0,0,0,0,0,0,0,0,0,0,0
10/27/2020,HLG,WV,AEA,CE,Federal Contract Tower,0,2,2,2,6,0,0,6,8,14,0,2,8,10,20,0,116,116,136
10/28/2020,HLG,WV,AEA,CE,Federal Contract Tower,0,6,2,0,8,0,2,4,0,6,0,8,6,0,14,0,0,0,14
10/29/2020,HLG,WV,AEA,CE,Federal Contract Tower,0,0,0,2,2,0,0,0,0,0,0,0,0,2,2,0,32,32,34
10/30/2020,HLG,WV,AEA,CE,Federal Contract Tower,0,2,0,1,3,0,0,9,6,15,0,2,9,7,18,0,0,0,18
10/31/2020,HLG,WV,AEA,CE,Federal Contract Tower,0,0,1,0,1,0,0,38,1,39,0,0,39,1,40,60,0,60,100
11/01/2020,HLG,WV,AEA,CE,Federal Contract Tower,0,0,0,0,0,0,0,0,0,0,0,0,0,0,0,0,0,0,0
11/02/2020,HLG,WV,AEA,CE,Federal Contract Tower,0,2,0,0,2,0,0,4,7,11,0,2,4,7,13,0,32,32,45
11/03/2020,HLG,WV,AEA,CE,Federal Contract Tower,0,0,0,0,0,0,0,16,2,18,0,0,16,2,18,6,6,12,30
11/04/2020,HLG,WV,AEA,CE,Federal Contract Tower,0,0,1,1,2,0,2,33,1,36,0,2,34,2,38,24,0,24,62
11/05/2020,HLG,WV,AEA,CE,Federal Contract Tower,0,0,0,0,0,0,0,10,10,20,0,0,10,10,20,16,30,46,66
11/06/2020,HLG,WV,AEA,CE,Federal Contract Tower,0,0,3,0,3,0,0,18,29,47,0,0,21,29,50,4,134,138,188
11/07/2020,HLG,WV,AEA,CE,Federal Contract Tower,0,0,2,3,5,0,0,43,14,57,0,0,45,17,62,0,20,20,82
11/08/2020,HLG,WV,AEA,CE,Federal Contract Tower,0,0,2,4,6,0,2,25,9,36,0,2,27,13,42,36,22,58,100
11/09/2020,HLG,WV,AEA,CE,Federal Contract Tower,0,1,0,0,1,0,0,21,10,31,0,1,21,10,32,20,78,98,130
11/10/2020,HLG,WV,AEA,CE,Federal Contract Tower,0,1,0,4,5,0,0,35,8,43,0,1,35,12,48,20,76,96,144
11/11/2020,HLG,WV,AEA,CE,Federal Contract Tower,0,2,0,2,4,0,0,0,3,3,0,2,0,5,7,0,12,12,19
11/12/2020,HLG,WV,AEA,CE,Federal Contract Tower,0,2,0,3,5,0,0,39,16,55,0,2,39,19,60,12,52,64,124
11/13/2020,HLG,WV,AEA,CE,Federal Contract Tower,0,6,0,1,7,0,0,28,10,38,0,6,28,11,45,12,34,46,91
11/14/2020,HLG,WV,AEA,CE,Federal Contract Tower,0,0,2,0,2,0,0,17,0,17,0,0,19,0,19,10,0,10,29
11/15/2020,HLG,WV,AEA,CE,Federal Contract Tower,0,0,0,0,0,0,0,0,0,0,0,0,0,0,0,0,0,0,0
11/16/2020,HLG,WV,AEA,CE,Federal Contract Tower,0,2,0,0,2,0,0,23,4,27,0,2,23,4,29,52,16,68,97
11/17/2020,HLG,WV,AEA,CE,Federal Contract Tower,0,0,0,0,0,0,0,9,8,17,0,0,9,8,17,0,4,4,21
11/18/2020,HLG,WV,AEA,CE,Federal Contract Tower,0,2,2,0,4,0,0,15,0,15,0,2,17,0,19,32,0,32,51
11/19/2020,HLG,WV,AEA,CE,Federal Contract Tower,2,0,0,0,2,0,0,26,3,29,2,0,26,3,31,52,12,64,95
11/20/2020,HLG,WV,AEA,CE,Federal Contract Tower,0,0,0,0,0,0,4,17,30,51,0,4,17,30,51,2,130,132,183
11/21/2020,HLG,WV,AEA,CE,Federal Contract Tower,0,2,10,2,14,0,0,0,10,10,0,2,10,12,24,0,116,116,140
11/22/2020,HLG,WV,AEA,CE,Federal Contract Tower,0,2,4,0,6,0,0,10,11,21,0,2,14,11,27,18,42,60,87
11/23/2020,HLG,WV,AEA,CE,Federal Contract Tower,0,0,0,4,4,0,2,7,7,16,0,2,7,11,20,0,26,26,46
11/24/2020,HLG,WV,AEA,CE,Federal Contract Tower,0,3,4,0,7,0,0,26,6,32,0,3,30,6,39,0,4,4,43
11/25/2020,HLG,WV,AEA,CE,Federal Contract Tower,0,2,1,0,3,0,2,6,0,8,0,4,7,0,11,0,0,0,11
11/26/2020,HLG,WV,AEA,CE,Federal Contract Tower,0,0,0,0,0,0,2,0,0,2,0,2,0,0,2,0,0,0,2
11/27/2020,HLG,WV,AEA,CE,Federal Contract Tower,0,1,0,0,1,0,0,10,0,10,0,1,10,0,11,0,0,0,11
11/28/2020,HLG,WV,AEA,CE,Federal Contract Tower,0,0,0,0,0,0,3,24,0,27,0,3,24,0,27,2,0,2,29
11/29/2020,HLG,WV,AEA,CE,Federal Contract Tower,0,0,6,0,6,0,0,52,2,54,0,0,58,2,60,22,0,22,82
11/30/2020,HLG,WV,AEA,CE,Federal Contract Tower,0,0,0,0,0,0,0,0,0,0,0,0,0,0,0,0,0,0,0
12/01/2020,HLG,WV,AEA,CE,Federal Contract Tower,0,0,0,0,0,0,0,0,0,0,0,0,0,0,0,0,0,0,0
12/02/2020,HLG,WV,AEA,CE,Federal Contract Tower,0,2,0,0,2,0,0,17,2,19,0,2,17,2,21,6,8,14,35
12/03/2020,HLG,WV,AEA,CE,Federal Contract Tower,0,4,2,0,6,0,6,28,0,34,0,10,30,0,40,24,0,24,64
12/04/2020,HLG,WV,AEA,CE,Federal Contract Tower,0,0,0,0,0,0,2,11,8,21,0,2,11,8,21,0,24,24,45
12/05/2020,HLG,WV,AEA,CE,Federal Contract Tower,0,0,2,0,2,0,6,10,0,16,0,6,12,0,18,0,0,0,18
12/06/2020,HLG,WV,AEA,CE,Federal Contract Tower,0,0,1,0,1,0,0,11,0,11,0,0,12,0,12,12,0,12,24
12/07/2020,HLG,WV,AEA,CE,Federal Contract Tower,0,2,0,0,2,0,0,16,0,16,0,2,16,0,18,28,40,68,86
12/08/2020,HLG,WV,AEA,CE,Federal Contract Tower,0,0,0,0,0,0,6,25,6,37,0,6,25,6,37,36,54,90,127
12/09/2020,HLG,WV,AEA,CE,Federal Contract Tower,0,2,1,0,3,0,0,12,7,19,0,2,13,7,22,44,24,68,90
12/10/2020,HLG,WV,AEA,CE,Federal Contract Tower,0,2,2,0,4,0,2,26,5,33,0,4,28,5,37,198,0,198,235
12/11/2020,HLG,WV,AEA,CE,Federal Contract Tower,0,0,2,0,2,0,2,24,9,35,0,2,26,9,37,10,60,70,107
12/12/2020,HLG,WV,AEA,CE,Federal Contract Tower,0,0,0,0,0,0,0,5,0,5,0,0,5,0,5,0,0,0,5
12/13/2020,HLG,WV,AEA,CE,Federal Contract Tower,0,0,1,0,1,0,0,2,2,4,0,0,3,2,5,0,0,0,5
12/14/2020,HLG,WV,AEA,CE,Federal Contract Tower,0,2,0,0,2,0,0,8,0,8,0,2,8,0,10,0,0,0,10
12/15/2020,HLG,WV,AEA,CE,Federal Contract Tower,0,4,2,4,10,0,0,15,16,31,0,4,17,20,41,18,66,84,125
12/16/2020,HLG,WV,AEA,CE,Federal Contract Tower,0,0,1,0,1,0,0,2,0,2,0,0,3,0,3,0,0,0,3
12/17/2020,HLG,WV,AEA,CE,Federal Contract Tower,0,0,0,0,0,0,0,0,0,0,0,0,0,0,0,0,0,0,0
12/18/2020,HLG,WV,AEA,CE,Federal Contract Tower,0,0,0,0,0,0,0,9,12,21,0,0,9,12,21,78,72,150,171
12/19/2020,HLG,WV,AEA,CE,Federal Contract Tower,0,1,2,0,3,0,0,18,15,33,0,1,20,15,36,22,22,44,80
12/20/2020,HLG,WV,AEA,CE,Federal Contract Tower,0,0,1,0,1,0,0,4,0,4,0,0,5,0,5,14,0,14,19
12/21/2020,HLG,WV,AEA,CE,Federal Contract Tower,0,2,2,0,4,0,0,6,4,10,0,2,8,4,14,0,24,24,38
12/22/2020,HLG,WV,AEA,CE,Federal Contract Tower,0,0,1,1,2,0,0,12,13,25,0,0,13,14,27,0,54,54,81
12/23/2020,HLG,WV,AEA,CE,Federal Contract Tower,0,0,0,0,0,0,0,27,5,32,0,0,27,5,32,73,0,73,105
12/24/2020,HLG,WV,AEA,CE,Federal Contract Tower,0,0,0,0,0,0,0,0,0,0,0,0,0,0,0,0,0,0,0
12/25/2020,HLG,WV,AEA,CE,Federal Contract Tower,0,0,0,0,0,0,0,0,0,0,0,0,0,0,0,0,0,0,0
12/26/2020,HLG,WV,AEA,CE,Federal Contract Tower,0,0,0,0,0,0,0,5,0,5,0,0,5,0,5,0,0,0,5
12/27/2020,HLG,WV,AEA,CE,Federal Contract Tower,0,0,0,0,0,0,0,12,0,12,0,0,12,0,12,18,0,18,30
12/28/2020,HLG,WV,AEA,CE,Federal Contract Tower,0,0,1,0,1,0,0,23,2,25,0,0,24,2,26,96,26,122,148
12/29/2020,HLG,WV,AEA,CE,Federal Contract Tower,0,0,0,1,1,0,2,27,2,31,0,2,27,3,32,8,0,8,40
12/30/2020,HLG,WV,AEA,CE,Federal Contract Tower,0,2,0,0,2,0,0,9,0,9,0,2,9,0,11,4,0,4,15
12/31/2020,HLG,WV,AEA,CE,Federal Contract Tower,0,0,0,0,0,0,0,12,0,12,0,0,12,0,12,0,0,0,12
01/01/2021,HLG,WV,AEA,CE,Federal Contract Tower,0,0,0,0,0,0,0,0,0,0,0,0,0,0,0,0,0,0,0
01/02/2021,HLG,WV,AEA,CE,Federal Contract Tower,0,0,6,0,6,0,0,2,0,2,0,0,8,0,8,0,0,0,8
01/03/2021,HLG,WV,AEA,CE,Federal Contract Tower,0,0,2,0,2,0,0,0,0,0,0,0,2,0,2,0,0,0,2
01/04/2021,HLG,WV,AEA,CE,Federal Contract Tower,0,0,0,0,0,0,0,2,0,2,0,0,2,0,2,0,0,0,2
01/05/2021,HLG,WV,AEA,CE,Federal Contract Tower,0,2,0,0,2,0,4,1,8,13,0,6,1,8,15,8,60,68,83
01/06/2021,HLG,WV,AEA,CE,Federal Contract Tower,0,0,0,0,0,0,0,10,3,13,0,0,10,3,13,14,22,36,49
01/07/2021,HLG,WV,AEA,CE,Federal Contract Tower,0,0,0,0,0,0,7,8,5,20,0,7,8,5,20,0,10,10,30
01/08/2021,HLG,WV,AEA,CE,Federal Contract Tower,0,0,2,1,3,0,0,13,6,19,0,0,15,7,22,2,16,18,40
01/09/2021,HLG,WV,AEA,CE,Federal Contract Tower,0,0,6,3,9,0,0,18,5,23,0,0,24,8,32,24,12,36,68
01/10/2021,HLG,WV,AEA,CE,Federal Contract Tower,0,0,10,11,21,0,0,27,16,43,0,0,37,27,64,12,18,30,94
01/11/2021,HLG,WV,AEA,CE,Federal Contract Tower,0,0,0,0,0,0,0,21,2,23,0,0,21,2,23,0,22,22,45
01/12/2021,HLG,WV,AEA,CE,Federal Contract Tower,0,1,0,0,1,0,0,3,8,11,0,1,3,8,12,0,32,32,44
01/13/2021,HLG,WV,AEA,CE,Federal Contract Tower,0,0,0,0,0,0,0,14,6,20,0,0,14,6,20,0,40,40,60
01/14/2021,HLG,WV,AEA,CE,Federal Contract Tower,0,0,0,0,0,0,2,15,2,19,0,2,15,2,19,8,18,26,45
01/15/2021,HLG,WV,AEA,CE,Federal Contract Tower,0,0,0,0,0,0,0,0,2,2,0,0,0,2,2,0,0,0,2
01/16/2021,HLG,WV,AEA,CE,Federal Contract Tower,0,0,0,0,0,0,0,4,0,4,0,0,4,0,4,4,0,4,8
01/17/2021,HLG,WV,AEA,CE,Federal Contract Tower,0,0,0,2,2,0,0,2,0,2,0,0,2,2,4,0,0,0,4
01/18/2021,HLG,WV,AEA,CE,Federal Contract Tower,0,1,0,0,1,0,0,9,0,9,0,1,9,0,10,0,0,0,10
01/19/2021,HLG,WV,AEA,CE,Federal Contract Tower,0,2,0,0,2,0,0,12,2,14,0,2,12,2,16,0,0,0,16
01/20/2021,HLG,WV,AEA,CE,Federal Contract Tower,0,0,0,0,0,0,0,8,3,11,0,0,8,3,11,10,14,24,35
01/21/2021,HLG,WV,AEA,CE,Federal Contract Tower,0,2,2,0,4,0,0,18,7,25,0,2,20,7,29,0,62,62,91
01/22/2021,HLG,WV,AEA,CE,Federal Contract Tower,0,0,3,0,3,0,4,21,11,36,0,4,24,11,39,0,54,54,93
01/23/2021,HLG,WV,AEA,CE,Federal Contract Tower,0,0,3,3,6,0,0,23,12,35,0,0,26,15,41,6,28,34,75
01/24/2021,HLG,WV,AEA,CE,Federal Contract Tower,0,0,7,2,9,0,0,11,9,20,0,0,18,11,29,4,46,50,79
01/25/2021,HLG,WV,AEA,CE,Federal Contract Tower,0,0,0,0,0,0,0,0,0,0,0,0,0,0,0,0,0,0,0
01/26/2021,HLG,WV,AEA,CE,Federal Contract Tower,0,0,0,0,0,0,0,0,8,8,0,0,0,8,8,0,76,76,84
01/27/2021,HLG,WV,AEA,CE,Federal Contract Tower,0,0,3,0,3,0,0,32,11,43,0,0,35,11,46,66,66,132,178
01/28/2021,HLG,WV,AEA,CE,Federal Contract Tower,0,2,0,1,3,0,0,7,10,17,0,2,7,11,20,0,90,90,110
01/29/2021,HLG,WV,AEA,CE,Federal Contract Tower,0,0,1,2,3,0,0,18,5,23,0,0,19,7,26,0,32,32,58
01/30/2021,HLG,WV,AEA,CE,Federal Contract Tower,0,0,1,0,1,0,0,24,1,25,0,0,25,1,26,10,0,10,36
01/31/2021,HLG,WV,AEA,CE,Federal Contract Tower,0,0,0,0,0,0,0,0,0,0,0,0,0,0,0,0,0,0,0
02/01/2021,HLG,WV,AEA,CE,Federal Contract Tower,0,2,0,0,2,0,0,0,0,0,0,2,0,0,2,0,0,0,2
02/02/2021,HLG,WV,AEA,CE,Federal Contract Tower,0,0,2,0,2,0,0,14,8,22,0,0,16,8,24,0,0,0,24
02/03/2021,HLG,WV,AEA,CE,Federal Contract Tower,0,0,0,2,2,0,0,5,2,7,0,0,5,4,9,0,8,8,17
02/04/2021,HLG,WV,AEA,CE,Federal Contract Tower,0,0,2,0,2,0,0,18,7,25,0,0,20,7,27,12,26,38,65
02/05/2021,HLG,WV,AEA,CE,Federal Contract Tower,0,0,0,3,3,0,0,5,34,39,0,0,5,37,42,0,136,136,178
02/06/2021,HLG,WV,AEA,CE,Federal Contract Tower,0,0,4,1,5,0,0,14,12,26,0,0,18,13,31,36,40,76,107
02/07/2021,HLG,WV,AEA,CE,Federal Contract Tower,0,0,4,0,4,0,0,13,6,19,0,0,17,6,23,0,4,4,27
02/08/2021,HLG,WV,AEA,CE,Federal Contract Tower,0,0,0,0,0,0,4,13,2,19,0,4,13,2,19,4,0,4,23
02/09/2021,HLG,WV,AEA,CE,Federal Contract Tower,0,0,0,0,0,0,0,0,0,0,0,0,0,0,0,0,0,0,0
02/10/2021,HLG,WV,AEA,CE,Federal Contract Tower,0,2,2,0,4,0,0,2,0,2,0,2,4,0,6,0,0,0,6
02/11/2021,HLG,WV,AEA,CE,Federal Contract Tower,0,0,0,0,0,0,0,2,0,2,0,0,2,0,2,0,0,0,2
02/12/2021,HLG,WV,AEA,CE,Federal Contract Tower,0,0,0,0,0,0,0,6,2,8,0,0,6,2,8,0,0,0,8
02/13/2021,HLG,WV,AEA,CE,Federal Contract Tower,0,0,0,0,0,0,0,2,0,2,0,0,2,0,2,0,0,0,2
02/14/2021,HLG,WV,AEA,CE,Federal Contract Tower,0,0,0,0,0,0,0,3,0,3,0,0,3,0,3,0,0,0,3
02/15/2021,HLG,WV,AEA,CE,Federal Contract Tower,0,0,0,0,0,0,0,0,0,0,0,0,0,0,0,0,0,0,0
02/16/2021,HLG,WV,AEA,CE,Federal Contract Tower,0,0,0,0,0,0,0,0,0,0,0,0,0,0,0,0,0,0,0
02/17/2021,HLG,WV,AEA,CE,Federal Contract Tower,0,0,0,0,0,0,4,8,3,15,0,4,8,3,15,0,8,8,23
02/18/2021,HLG,WV,AEA,CE,Federal Contract Tower,0,0,0,0,0,0,0,0,0,0,0,0,0,0,0,0,0,0,0
02/19/2021,HLG,WV,AEA,CE,Federal Contract Tower,0,0,0,2,2,0,0,3,17,20,0,0,3,19,22,0,80,80,102
02/20/2021,HLG,WV,AEA,CE,Federal Contract Tower,0,0,0,0,0,0,0,0,17,17,0,0,0,17,17,0,118,118,135
02/21/2021,HLG,WV,AEA,CE,Federal Contract Tower,0,0,2,3,5,0,0,25,8,33,0,0,27,11,38,8,22,30,68
02/22/2021,HLG,WV,AEA,CE,Federal Contract Tower,0,0,0,0,0,0,0,0,0,0,0,0,0,0,0,0,0,0,0
02/23/2021,HLG,WV,AEA,CE,Federal Contract Tower,0,0,1,0,1,0,0,4,9,13,0,0,5,9,14,0,74,74,88
02/24/2021,HLG,WV,AEA,CE,Federal Contract Tower,0,4,0,1,5,0,0,4,11,15,0,4,4,12,20,0,38,38,58
02/25/2021,HLG,WV,AEA,CE,Federal Contract Tower,0,4,2,0,6,0,0,17,11,28,0,4,19,11,34,2,42,44,78
02/26/2021,HLG,WV,AEA,CE,Federal Contract Tower,0,0,0,2,2,0,4,4,10,18,0,4,4,12,20,0,38,38,58
02/27/2021,HLG,WV,AEA,CE,Federal Contract Tower,0,0,0,0,0,0,0,4,0,4,0,0,4,0,4,22,0,22,26
02/28/2021,HLG,WV,AEA,CE,Federal Contract Tower,0,0,0,0,0,0,0,0,0,0,0,0,0,0,0,0,0,0,0
03/01/2021,HLG,WV,AEA,CE,Federal Contract Tower,0,0,2,0,2,0,0,0,0,0,0,0,2,0,2,0,0,0,2
03/02/2021,HLG,WV,AEA,CE,Federal Contract Tower,0,0,4,0,4,0,0,12,1,13,0,0,16,1,17,14,0,14,31
03/03/2021,HLG,WV,AEA,CE,Federal Contract Tower,0,0,1,0,1,0,1,17,2,20,0,1,18,2,21,0,0,0,21
03/04/2021,HLG,WV,AEA,CE,Federal Contract Tower,0,0,0,0,0,0,2,6,4,12,0,2,6,4,12,0,28,28,40
03/05/2021,HLG,WV,AEA,CE,Federal Contract Tower,0,1,1,0,2,0,0,16,22,38,0,1,17,22,40,0,96,96,136
03/06/2021,HLG,WV,AEA,CE,Federal Contract Tower,0,0,4,6,10,0,0,14,20,34,0,0,18,26,44,0,64,64,108
03/07/2021,HLG,WV,AEA,CE,Federal Contract Tower,0,0,7,1,8,0,0,29,15,44,0,0,36,16,52,22,70,92,144
03/08/2021,HLG,WV,AEA,CE,Federal Contract Tower,0,0,0,0,0,0,0,19,13,32,0,0,19,13,32,0,52,52,84
03/09/2021,HLG,WV,AEA,CE,Federal Contract Tower,0,3,2,0,5,0,0,18,4,22,0,3,20,4,27,0,78,78,105
03/10/2021,HLG,WV,AEA,CE,Federal Contract Tower,0,1,0,2,3,0,0,6,16,22,0,1,6,18,25,0,84,84,109
03/11/2021,HLG,WV,AEA,CE,Federal Contract Tower,0,0,0,1,1,0,0,0,10,10,0,0,0,11,11,0,46,46,57
03/12/2021,HLG,WV,AEA,CE,Federal Contract Tower,0,0,0,0,0,0,4,34,14,52,0,4,34,14,52,0,46,46,98
03/13/2021,HLG,WV,AEA,CE,Federal Contract Tower,0,2,4,0,6,0,0,10,0,10,0,2,14,0,16,0,0,0,16
03/14/2021,HLG,WV,AEA,CE,Federal Contract Tower,0,1,5,0,6,0,0,7,0,7,0,1,12,0,13,0,0,0,13
03/15/2021,HLG,WV,AEA,CE,Federal Contract Tower,0,0,1,0,1,0,0,13,0,13,0,0,14,0,14,4,0,4,18
03/16/2021,HLG,WV,AEA,CE,Federal Contract Tower,0,1,5,2,8,0,0,10,0,10,0,1,15,2,18,4,8,12,30
03/17/2021,HLG,WV,AEA,CE,Federal Contract Tower,0,3,4,0,7,0,0,32,3,35,0,3,36,3,42,2,4,6,48
03/18/2021,HLG,WV,AEA,CE,Federal Contract Tower,0,0,0,0,0,0,0,0,0,0,0,0,0,0,0,0,0,0,0
03/19/2021,HLG,WV,AEA,CE,Federal Contract Tower,0,0,4,2,6,0,0,11,13,24,0,0,15,15,30,0,72,72,102
03/20/2021,HLG,WV,AEA,CE,Federal Contract Tower,0,0,0,7,7,0,0,16,10,26,0,0,16,17,33,0,30,30,63
03/21/2021,HLG,WV,AEA,CE,Federal Contract Tower,0,0,4,6,10,0,0,38,8,46,0,0,42,14,56,36,18,54,110
03/22/2021,HLG,WV,AEA,CE,Federal Contract Tower,0,2,0,0,2,0,0,33,4,37,0,2,33,4,39,30,12,42,81
03/23/2021,HLG,WV,AEA,CE,Federal Contract Tower,0,0,0,0,0,0,0,19,3,22,0,0,19,3,22,6,18,24,46
03/24/2021,HLG,WV,AEA,CE,Federal Contract Tower,0,2,2,0,4,0,0,17,4,21,0,2,19,4,25,22,8,30,55
03/25/2021,HLG,WV,AEA,CE,Federal Contract Tower,0,0,0,0,0,0,0,19,3,22,0,0,19,3,22,30,10,40,62
03/26/2021,HLG,WV,AEA,CE,Federal Contract Tower,0,0,0,0,0,0,0,2,0,2,0,0,2,0,2,0,0,0,2
03/27/2021,HLG,WV,AEA,CE,Federal Contract Tower,0,0,0,0,0,0,0,14,0,14,0,0,14,0,14,0,0,0,14
03/28/2021,HLG,WV,AEA,CE,Federal Contract Tower,0,0,0,0,0,0,0,0,0,0,0,0,0,0,0,0,0,0,0
03/29/2021,HLG,WV,AEA,CE,Federal Contract Tower,0,0,0,0,0,0,0,33,2,35,0,0,33,2,35,2,0,2,37
03/30/2021,HLG,WV,AEA,CE,Federal Contract Tower,0,0,1,2,3,0,4,22,9,35,0,4,23,11,38,20,56,76,114
03/31/2021,HLG,WV,AEA,CE,Federal Contract Tower,0,0,1,2,3,0,0,0,1,1,0,0,1,3,4,0,68,68,72
04/01/2021,HLG,WV,AEA,CE,Federal Contract Tower,0,0,0,2,2,0,0,5,4,9,0,0,5,6,11,0,64,64,75
04/02/2021,HLG,WV,AEA,CE,Federal Contract Tower,0,0,0,2,2,0,14,32,2,48,0,14,32,4,50,18,20,38,88
04/03/2021,HLG,WV,AEA,CE,Federal Contract Tower,0,1,0,0,1,0,0,11,3,14,0,1,11,3,15,22,0,22,37
04/04/2021,HLG,WV,AEA,CE,Federal Contract Tower,0,0,0,0,0,0,4,13,0,17,0,4,13,0,17,10,0,10,27
04/05/2021,HLG,WV,AEA,CE,Federal Contract Tower,0,0,0,0,0,0,0,22,0,22,0,0,22,0,22,2,0,2,24
04/06/2021,HLG,WV,AEA,CE,Federal Contract Tower,0,3,1,0,4,0,2,28,2,32,0,5,29,2,36,44,0,44,80
04/07/2021,HLG,WV,AEA,CE,Federal Contract Tower,0,2,4,0,6,0,0,46,6,52,0,2,50,6,58,4,38,42,100
04/08/2021,HLG,WV,AEA,CE,Federal Contract Tower,0,2,0,0,2,0,0,14,9,23,0,2,14,9,25,6,26,32,57
04/09/2021,HLG,WV,AEA,CE,Federal Contract Tower,0,2,7,1,10,0,4,8,21,33,0,6,15,22,43,4,100,104,147
04/10/2021,HLG,WV,AEA,CE,Federal Contract Tower,0,0,5,0,5,0,0,11,0,11,0,0,16,0,16,4,0,4,20
04/11/2021,HLG,WV,AEA,CE,Federal Contract Tower,0,0,4,6,10,0,0,5,6,11,0,0,9,12,21,0,24,24,45
04/12/2021,HLG,WV,AEA,CE,Federal Contract Tower,0,1,3,0,4,0,0,2,2,4,0,1,5,2,8,0,42,42,50
04/13/2021,HLG,WV,AEA,CE,Federal Contract Tower,0,1,0,0,1,0,0,20,6,26,0,1,20,6,27,0,34,34,61
04/14/2021,HLG,WV,AEA,CE,Federal Contract Tower,0,0,0,0,0,0,2,13,2,17,0,2,13,2,17,0,0,0,17
04/15/2021,HLG,WV,AEA,CE,Federal Contract Tower,0,3,0,0,3,0,1,18,0,19,0,4,18,0,22,8,0,8,30
04/16/2021,HLG,WV,AEA,CE,Federal Contract Tower,0,2,0,0,2,0,2,14,9,25,0,4,14,9,27,4,18,22,49
04/17/2021,HLG,WV,AEA,CE,Federal Contract Tower,0,0,2,0,2,0,0,12,4,16,0,0,14,4,18,0,4,4,22
04/18/2021,HLG,WV,AEA,CE,Federal Contract Tower,0,0,11,0,11,0,1,28,5,34,0,1,39,5,45,20,18,38,83
04/19/2021,HLG,WV,AEA,CE,Federal Contract Tower,0,0,3,0,3,0,0,29,1,30,0,0,32,1,33,14,0,14,47
04/20/2021,HLG,WV,AEA,CE,Federal Contract Tower,0,0,0,0,0,0,0,17,6,23,0,0,17,6,23,0,4,4,27
04/21/2021,HLG,WV,AEA,CE,Federal Contract Tower,0,2,0,0,2,0,0,2,1,3,0,2,2,1,5,0,0,0,5
04/22/2021,HLG,WV,AEA,CE,Federal Contract Tower,0,4,0,0,4,0,0,25,2,27,0,4,25,2,31,0,8,8,39
04/23/2021,HLG,WV,AEA,CE,Federal Contract Tower,0,0,3,8,11,0,6,27,12,45,0,6,30,20,56,4,8,12,68
04/24/2021,HLG,WV,AEA,CE,Federal Contract Tower,0,0,2,0,2,0,2,15,0,17,0,2,17,0,19,12,0,12,31
04/25/2021,HLG,WV,AEA,CE,Federal Contract Tower,0,2,2,0,4,0,0,15,2,17,0,2,17,2,21,26,32,58,79
04/26/2021,HLG,WV,AEA,CE,Federal Contract Tower,0,2,2,0,4,0,0,28,0,28,0,2,30,0,32,2,0,2,34
04/27/2021,HLG,WV,AEA,CE,Federal Contract Tower,0,0,0,0,0,0,0,15,5,20,0,0,15,5,20,0,16,16,36
04/28/2021,HLG,WV,AEA,CE,Federal Contract Tower,0,0,0,0,0,0,0,15,2,17,0,0,15,2,17,2,4,6,23
04/29/2021,HLG,WV,AEA,CE,Federal Contract Tower,0,0,0,0,0,0,0,0,0,0,0,0,0,0,0,0,0,0,0
04/30/2021,HLG,WV,AEA,CE,Federal Contract Tower,0,1,2,0,3,0,4,4,10,18,0,5,6,10,21,0,6,6,27
05/01/2021,HLG,WV,AEA,CE,Federal Contract Tower,0,1,1,0,2,0,0,25,3,28,0,1,26,3,30,34,10,44,74
05/02/2021,HLG,WV,AEA,CE,Federal Contract Tower,0,0,0,0,0,0,2,19,7,28,0,2,19,7,28,14,10,24,52
05/03/2021,HLG,WV,AEA,CE,Federal Contract Tower,0,2,0,4,6,0,0,2,2,4,0,2,2,6,10,0,0,0,10
05/04/2021,HLG,WV,AEA,CE,Federal Contract Tower,0,2,0,0,2,0,0,2,0,2,0,2,2,0,4,0,26,26,30
05/05/2021,HLG,WV,AEA,CE,Federal Contract Tower,0,0,0,1,1,0,0,4,6,10,0,0,4,7,11,0,24,24,35
05/06/2021,HLG,WV,AEA,CE,Federal Contract Tower,0,0,0,0,0,0,0,39,6,45,0,0,39,6,45,18,24,42,87
05/07/2021,HLG,WV,AEA,CE,Federal Contract Tower,0,0,1,4,5,0,2,6,7,15,0,2,7,11,20,0,30,30,50
05/08/2021,HLG,WV,AEA,CE,Federal Contract Tower,0,0,3,0,3,0,0,11,0,11,0,0,14,0,14,22,0,22,36
05/09/2021,HLG,WV,AEA,CE,Federal Contract Tower,0,0,2,0,2,0,0,0,0,0,0,0,2,0,2,0,0,0,2
05/10/2021,HLG,WV,AEA,CE,Federal Contract Tower,0,0,0,2,2,0,0,2,6,8,0,0,2,8,10,0,26,26,36
05/11/2021,HLG,WV,AEA,CE,Federal Contract Tower,0,0,0,0,0,0,0,8,14,22,0,0,8,14,22,0,52,52,74
05/12/2021,HLG,WV,AEA,CE,Federal Contract Tower,0,0,3,0,3,0,2,33,4,39,0,2,36,4,42,2,12,14,56
05/13/2021,HLG,WV,AEA,CE,Federal Contract Tower,0,4,12,1,17,0,0,39,7,46,0,4,51,8,63,12,36,48,111
05/14/2021,HLG,WV,AEA,CE,Federal Contract Tower,0,0,0,0,0,0,0,31,3,34,0,0,31,3,34,0,24,24,58
05/15/2021,HLG,WV,AEA,CE,Federal Contract Tower,0,0,2,0,2,0,0,24,0,24,0,0,26,0,26,14,0,14,40
05/16/2021,HLG,WV,AEA,CE,Federal Contract Tower,0,0,3,0,3,0,0,14,0,14,0,0,17,0,17,2,0,2,19
05/17/2021,HLG,WV,AEA,CE,Federal Contract Tower,0,2,0,0,2,0,0,9,0,9,0,2,9,0,11,0,22,22,33
05/18/2021,HLG,WV,AEA,CE,Federal Contract Tower,0,5,0,0,5,0,0,24,3,27,0,5,24,3,32,0,16,16,48
05/19/2021,HLG,WV,AEA,CE,Federal Contract Tower,0,0,4,0,4,0,1,22,6,29,0,1,26,6,33,10,0,10,43
05/20/2021,HLG,WV,AEA,CE,Federal Contract Tower,0,4,0,2,6,0,0,20,7,27,0,4,20,9,33,0,30,30,63
05/21/2021,HLG,WV,AEA,CE,Federal Contract Tower,0,1,0,2,3,0,2,19,7,28,0,3,19,9,31,18,12,30,61
05/22/2021,HLG,WV,AEA,CE,Federal Contract Tower,0,0,1,0,1,0,2,15,0,17,0,2,16,0,18,6,0,6,24
05/23/2021,HLG,WV,AEA,CE,Federal Contract Tower,0,2,4,0,6,0,4,14,0,18,0,6,18,0,24,6,0,6,30
05/24/2021,HLG,WV,AEA,CE,Federal Contract Tower,0,0,0,4,4,0,0,1,4,5,0,0,1,8,9,0,0,0,9
05/25/2021,HLG,WV,AEA,CE,Federal Contract Tower,0,0,4,1,5,0,0,10,2,12,0,0,14,3,17,24,36,60,77
05/26/2021,HLG,WV,AEA,CE,Federal Contract Tower,0,0,3,0,3,0,0,9,2,11,0,0,12,2,14,0,4,4,18
05/27/2021,HLG,WV,AEA,CE,Federal Contract Tower,0,0,4,6,10,0,0,17,7,24,0,0,21,13,34,14,38,52,86
05/28/2021,HLG,WV,AEA,CE,Federal Contract Tower,0,0,0,0,0,0,0,0,0,0,0,0,0,0,0,0,0,0,0
05/29/2021,HLG,WV,AEA,CE,Federal Contract Tower,0,0,5,0,5,0,0,0,0,0,0,0,5,0,5,0,0,0,5
05/30/2021,HLG,WV,AEA,CE,Federal Contract Tower,0,0,0,0,0,0,0,6,2,8,0,0,6,2,8,16,2,18,26
05/31/2021,HLG,WV,AEA,CE,Federal Contract Tower,0,0,5,0,5,0,6,27,0,33,0,6,32,0,38,0,0,0,38
06/01/2021,HLG,WV,AEA,CE,Federal Contract Tower,0,2,1,0,3,0,2,31,2,35,0,4,32,2,38,42,0,42,80
06/02/2021,HLG,WV,AEA,CE,Federal Contract Tower,0,0,1,0,1,0,0,1,0,1,0,0,2,0,2,0,0,0,2
06/03/2021,HLG,WV,AEA,CE,Federal Contract Tower,0,0,0,0,0,0,0,2,0,2,0,0,2,0,2,8,0,8,10
06/04/2021,HLG,WV,AEA,CE,Federal Contract Tower,0,4,1,0,5,0,4,10,8,22,0,8,11,8,27,0,20,20,47
06/06/2021,HLG,WV,AEA,CE,Federal Contract Tower,0,0,0,0,0,0,5,16,2,23,0,5,16,2,23,20,6,26,49
06/07/2021,HLG,WV,AEA,CE,Federal Contract Tower,0,2,2,8,12,0,0,17,19,36,0,2,19,27,48,4,48,52,100
06/08/2021,HLG,WV,AEA,CE,Federal Contract Tower,0,2,2,2,6,0,0,8,13,21,0,2,10,15,27,0,38,38,65
06/09/2021,HLG,WV,AEA,CE,Federal Contract Tower,0,1,0,2,3,0,2,6,13,21,0,3,6,15,24,10,60,70,94
06/10/2021,HLG,WV,AEA,CE,Federal Contract Tower,0,1,0,1,2,0,0,4,20,24,0,1,4,21,26,0,72,72,98
06/11/2021,HLG,WV,AEA,CE,Federal Contract Tower,0,1,0,0,1,0,0,0,19,19,0,1,0,19,20,0,82,82,102
06/12/2021,HLG,WV,AEA,CE,Federal Contract Tower,0,0,3,0,3,0,0,19,14,33,0,0,22,14,36,0,46,46,82
06/13/2021,HLG,WV,AEA,CE,Federal Contract Tower,0,1,1,0,2,0,0,7,0,7,0,1,8,0,9,8,0,8,17
06/14/2021,HLG,WV,AEA,CE,Federal Contract Tower,0,0,2,0,2,0,0,18,8,26,0,0,20,8,28,0,30,30,58
06/15/2021,HLG,WV,AEA,CE,Federal Contract Tower,0,0,0,1,1,0,0,13,12,25,0,0,13,13,26,12,46,58,84
06/16/2021,HLG,WV,AEA,CE,Federal Contract Tower,0,1,2,0,3,0,0,23,0,23,0,1,25,0,26,10,0,10,36
06/17/2021,HLG,WV,AEA,CE,Federal Contract Tower,0,4,0,0,4,0,0,44,4,48,0,4,44,4,52,54,12,66,118
06/18/2021,HLG,WV,AEA,CE,Federal Contract Tower,0,7,2,0,9,0,0,9,17,26,0,7,11,17,35,0,24,24,59
06/19/2021,HLG,WV,AEA,CE,Federal Contract Tower,0,1,1,0,2,0,0,6,0,6,0,1,7,0,8,0,0,0,8
06/20/2021,HLG,WV,AEA,CE,Federal Contract Tower,0,1,1,0,2,0,0,4,2,6,0,1,5,2,8,0,0,0,8
06/21/2021,HLG,WV,AEA,CE,Federal Contract Tower,0,4,0,0,4,0,0,6,0,6,0,4,6,0,10,0,8,8,18
06/22/2021,HLG,WV,AEA,CE,Federal Contract Tower,0,4,0,0,4,0,0,3,0,3,0,4,3,0,7,0,0,0,7
06/23/2021,HLG,WV,AEA,CE,Federal Contract Tower,0,0,2,0,2,0,0,39,4,43,0,0,41,4,45,22,14,36,81
06/24/2021,HLG,WV,AEA,CE,Federal Contract Tower,0,4,21,0,25,0,0,28,2,30,0,4,49,2,55,20,4,24,79
06/25/2021,HLG,WV,AEA,CE,Federal Contract Tower,0,5,2,0,7,0,4,6,6,16,0,9,8,6,23,0,0,0,23
06/26/2021,HLG,WV,AEA,CE,Federal Contract Tower,0,0,0,0,0,0,0,19,0,19,0,0,19,0,19,4,0,4,23
06/27/2021,HLG,WV,AEA,CE,Federal Contract Tower,0,0,11,0,11,0,4,11,0,15,0,4,22,0,26,0,0,0,26
06/28/2021,HLG,WV,AEA,CE,Federal Contract Tower,0,0,4,0,4,0,0,15,4,19,0,0,19,4,23,0,0,0,23
06/29/2021,HLG,WV,AEA,CE,Federal Contract Tower,0,1,0,0,1,0,0,17,14,31,0,1,17,14,32,0,26,26,58
06/30/2021,HLG,WV,AEA,CE,Federal Contract Tower,0,3,2,0,5,0,0,4,0,4,0,3,6,0,9,0,0,0,9
07/01/2021,HLG,WV,AEA,CE,Federal Contract Tower,0,0,0,0,0,0,4,0,0,4,0,4,0,0,4,0,0,0,4
07/02/2021,HLG,WV,AEA,CE,Federal Contract Tower,0,6,0,0,6,0,2,20,5,27,0,8,20,5,33,0,0,0,33
07/03/2021,HLG,WV,AEA,CE,Federal Contract Tower,0,0,2,0,2,0,0,10,4,14,0,0,12,4,16,14,10,24,40
07/04/2021,HLG,WV,AEA,CE,Federal Contract Tower,0,0,0,0,0,0,0,2,0,2,0,0,2,0,2,0,0,0,2
07/05/2021,HLG,WV,AEA,CE,Federal Contract Tower,0,2,2,0,4,0,4,32,4,40,0,6,34,4,44,14,14,28,72
07/06/2021,HLG,WV,AEA,CE,Federal Contract Tower,0,2,0,0,2,0,0,22,10,32,0,2,22,10,34,8,12,20,54
07/07/2021,HLG,WV,AEA,CE,Federal Contract Tower,0,0,0,0,0,0,2,13,2,17,0,2,13,2,17,0,12,12,29
07/08/2021,HLG,WV,AEA,CE,Federal Contract Tower,0,0,0,0,0,0,0,0,0,0,0,0,0,0,0,0,0,0,0
07/09/2021,HLG,WV,AEA,CE,Federal Contract Tower,0,3,0,1,4,0,10,13,25,48,0,13,13,26,52,4,78,82,134
07/10/2021,HLG,WV,AEA,CE,Federal Contract Tower,0,3,5,0,8,0,2,18,14,34,0,5,23,14,42,10,22,32,74
07/11/2021,HLG,WV,AEA,CE,Federal Contract Tower,0,0,3,0,3,0,2,8,4,14,0,2,11,4,17,0,0,0,17
07/12/2021,HLG,WV,AEA,CE,Federal Contract Tower,0,2,0,0,2,0,0,2,14,16,0,2,2,14,18,0,62,62,80
07/13/2021,HLG,WV,AEA,CE,Federal Contract Tower,0,0,0,0,0,0,1,0,5,6,0,1,0,5,6,0,12,12,18
07/14/2021,HLG,WV,AEA,CE,Federal Contract Tower,0,4,7,0,11,0,0,38,2,40,0,4,45,2,51,22,10,32,83
07/15/2021,HLG,WV,AEA,CE,Federal Contract Tower,0,0,0,0,0,0,0,18,10,28,0,0,18,10,28,0,34,34,62
07/16/2021,HLG,WV,AEA,CE,Federal Contract Tower,0,2,0,2,4,0,0,24,6,30,0,2,24,8,34,6,30,36,70
07/17/2021,HLG,WV,AEA,CE,Federal Contract Tower,0,0,0,0,0,0,0,2,0,2,0,0,2,0,2,0,0,0,2
07/18/2021,HLG,WV,AEA,CE,Federal Contract Tower,0,0,2,0,2,0,0,27,1,28,0,0,29,1,30,52,0,52,82
07/19/2021,HLG,WV,AEA,CE,Federal Contract Tower,0,2,2,2,6,0,0,28,10,38,0,2,30,12,44,16,30,46,90
07/20/2021,HLG,WV,AEA,CE,Federal Contract Tower,0,1,4,4,9,0,3,19,9,31,0,4,23,13,40,0,34,34,74
07/21/2021,HLG,WV,AEA,CE,Federal Contract Tower,0,0,7,3,10,0,2,26,5,33,0,2,33,8,43,0,36,36,79
07/22/2021,HLG,WV,AEA,CE,Federal Contract Tower,0,1,4,0,5,0,1,48,11,60,0,2,52,11,65,40,34,74,139
07/23/2021,HLG,WV,AEA,CE,Federal Contract Tower,0,1,0,0,1,0,0,34,14,48,0,1,34,14,49,33,51,84,133
07/24/2021,HLG,WV,AEA,CE,Federal Contract Tower,0,3,3,3,9,0,0,53,7,60,0,3,56,10,69,82,22,104,173
07/25/2021,HLG,WV,AEA,CE,Federal Contract Tower,0,1,2,0,3,0,2,15,0,17,0,3,17,0,20,20,0,20,40
07/26/2021,HLG,WV,AEA,CE,Federal Contract Tower,0,3,0,4,7,0,0,23,9,32,0,3,23,13,39,0,44,44,83
07/27/2021,HLG,WV,AEA,CE,Federal Contract Tower,0,1,7,2,10,0,0,42,6,48,0,1,49,8,58,6,20,26,84
07/28/2021,HLG,WV,AEA,CE,Federal Contract Tower,0,3,0,10,13,0,2,20,10,32,0,5,20,20,45,6,14,20,65
07/29/2021,HLG,WV,AEA,CE,Federal Contract Tower,0,1,0,4,5,0,4,7,11,22,0,5,7,15,27,0,48,48,75
07/30/2021,HLG,WV,AEA,CE,Federal Contract Tower,0,6,0,0,6,0,0,27,4,31,0,6,27,4,37,4,24,28,65
07/31/2021,HLG,WV,AEA,CE,Federal Contract Tower,0,0,0,0,0,0,0,14,0,14,0,0,14,0,14,2,0,2,16
08/01/2021,HLG,WV,AEA,CE,Federal Contract Tower,0,0,0,0,0,0,0,13,0,13,0,0,13,0,13,0,0,0,13
08/02/2021,HLG,WV,AEA,CE,Federal Contract Tower,0,2,0,0,2,0,0,19,7,26,0,2,19,7,28,0,42,42,70
08/03/2021,HLG,WV,AEA,CE,Federal Contract Tower,0,4,0,6,10,0,1,33,9,43,0,5,33,15,53,8,50,58,111
08/04/2021,HLG,WV,AEA,CE,Federal Contract Tower,0,0,2,4,6,0,0,28,9,37,0,0,30,13,43,50,28,78,121
08/05/2021,HLG,WV,AEA,CE,Federal Contract Tower,0,2,0,0,2,0,0,33,6,39,0,2,33,6,41,0,20,20,61
08/06/2021,HLG,WV,AEA,CE,Federal Contract Tower,0,0,0,0,0,0,0,67,13,80,0,0,67,13,80,10,98,108,188
08/07/2021,HLG,WV,AEA,CE,Federal Contract Tower,0,0,2,0,2,0,0,23,12,35,0,0,25,12,37,18,4,22,59
08/08/2021,HLG,WV,AEA,CE,Federal Contract Tower,0,0,1,0,1,0,0,21,0,21,0,0,22,0,22,0,0,0,22
08/09/2021,HLG,WV,AEA,CE,Federal Contract Tower,0,2,2,0,4,0,0,19,5,24,0,2,21,5,28,6,40,46,74
08/10/2021,HLG,WV,AEA,CE,Federal Contract Tower,0,4,0,0,4,0,4,2,0,6,0,8,2,0,10,0,0,0,10
08/11/2021,HLG,WV,AEA,CE,Federal Contract Tower,0,0,0,0,0,0,0,4,0,4,0,0,4,0,4,0,0,0,4
08/12/2021,HLG,WV,AEA,CE,Federal Contract Tower,0,2,1,0,3,0,0,2,4,6,0,2,3,4,9,0,6,6,15
08/13/2021,HLG,WV,AEA,CE,Federal Contract Tower,0,0,0,1,1,0,0,15,2,17,0,0,15,3,18,0,0,0,18
08/14/2021,HLG,WV,AEA,CE,Federal Contract Tower,0,2,3,0,5,0,0,19,3,22,0,2,22,3,27,4,4,8,35
08/15/2021,HLG,WV,AEA,CE,Federal Contract Tower,0,1,7,0,8,0,0,23,2,25,0,1,30,2,33,2,0,2,35
08/16/2021,HLG,WV,AEA,CE,Federal Contract Tower,0,0,0,0,0,0,0,2,0,2,0,0,2,0,2,0,0,0,2
08/17/2021,HLG,WV,AEA,CE,Federal Contract Tower,0,0,2,4,6,0,4,8,5,17,0,4,10,9,23,0,20,20,43
08/18/2021,HLG,WV,AEA,CE,Federal Contract Tower,0,4,0,0,4,0,0,1,0,1,0,4,1,0,5,0,0,0,5
08/19/2021,HLG,WV,AEA,CE,Federal Contract Tower,0,0,3,2,5,0,0,10,2,12,0,0,13,4,17,14,8,22,39
08/20/2021,HLG,WV,AEA,CE,Federal Contract Tower,0,3,3,0,6,0,0,28,9,37,0,3,31,9,43,20,22,42,85
08/21/2021,HLG,WV,AEA,CE,Federal Contract Tower,0,0,0,0,0,0,0,27,5,32,0,0,27,5,32,20,18,38,70
08/22/2021,HLG,WV,AEA,CE,Federal Contract Tower,0,1,0,0,1,0,0,13,0,13,0,1,13,0,14,24,0,24,38
08/23/2021,HLG,WV,AEA,CE,Federal Contract Tower,0,0,0,8,8,0,0,25,4,29,0,0,25,12,37,0,0,0,37
08/24/2021,HLG,WV,AEA,CE,Federal Contract Tower,0,0,2,0,2,0,0,30,3,33,0,0,32,3,35,8,46,54,89
08/25/2021,HLG,WV,AEA,CE,Federal Contract Tower,0,2,0,0,2,0,0,26,6,32,0,2,26,6,34,22,4,26,60
08/26/2021,HLG,WV,AEA,CE,Federal Contract Tower,0,0,4,10,14,0,2,12,2,16,0,2,16,12,30,20,8,28,58
08/27/2021,HLG,WV,AEA,CE,Federal Contract Tower,0,1,4,0,5,0,4,15,12,31,0,5,19,12,36,10,32,42,78
08/28/2021,HLG,WV,AEA,CE,Federal Contract Tower,0,1,0,0,1,0,0,27,0,27,0,1,27,0,28,26,0,26,54
08/29/2021,HLG,WV,AEA,CE,Federal Contract Tower,0,0,3,0,3,0,0,10,2,12,0,0,13,2,15,0,0,0,15
08/30/2021,HLG,WV,AEA,CE,Federal Contract Tower,0,2,2,0,4,0,0,5,1,6,0,2,7,1,10,62,0,62,72
08/31/2021,HLG,WV,AEA,CE,Federal Contract Tower,0,2,0,2,4,0,0,0,0,0,0,2,0,2,4,0,0,0,4
09/01/2021,HLG,WV,AEA,CE,Federal Contract Tower,0,0,0,0,0,0,0,0,0,0,0,0,0,0,0,0,0,0,0
09/02/2021,HLG,WV,AEA,CE,Federal Contract Tower,0,2,2,0,4,0,0,18,3,21,0,2,20,3,25,12,0,12,37
09/03/2021,HLG,WV,AEA,CE,Federal Contract Tower,0,0,3,0,3,0,4,26,1,31,0,4,29,1,34,14,0,14,48
09/04/2021,HLG,WV,AEA,CE,Federal Contract Tower,0,2,1,0,3,0,0,13,0,13,0,2,14,0,16,2,0,2,18
09/05/2021,HLG,WV,AEA,CE,Federal Contract Tower,0,1,0,0,1,0,0,0,0,0,0,1,0,0,1,0,0,0,1
09/06/2021,HLG,WV,AEA,CE,Federal Contract Tower,0,1,2,0,3,0,0,19,1,20,0,1,21,1,23,26,0,26,49
09/07/2021,HLG,WV,AEA,CE,Federal Contract Tower,0,0,4,4,8,0,0,26,5,31,0,0,30,9,39,0,0,0,39
09/08/2021,HLG,WV,AEA,CE,Federal Contract Tower,0,2,2,6,10,0,0,15,2,17,0,2,17,8,27,0,0,0,27
09/09/2021,HLG,WV,AEA,CE,Federal Contract Tower,0,0,6,3,9,0,0,17,20,37,0,0,23,23,46,8,20,28,74
09/10/2021,HLG,WV,AEA,CE,Federal Contract Tower,0,1,0,1,2,0,1,16,25,42,0,2,16,26,44,20,60,80,124
09/11/2021,HLG,WV,AEA,CE,Federal Contract Tower,0,0,2,0,2,0,4,83,18,105,0,4,85,18,107,0,16,16,123
09/12/2021,HLG,WV,AEA,CE,Federal Contract Tower,0,1,0,1,2,0,0,19,0,19,0,1,19,1,21,10,2,12,33
09/13/2021,HLG,WV,AEA,CE,Federal Contract Tower,0,2,1,0,3,0,0,8,6,14,0,2,9,6,17,0,24,24,41
09/14/2021,HLG,WV,AEA,CE,Federal Contract Tower,0,0,2,1,3,0,1,23,3,27,0,1,25,4,30,4,0,4,34
09/15/2021,HLG,WV,AEA,CE,Federal Contract Tower,0,2,0,0,2,0,0,7,6,13,0,2,7,6,15,0,12,12,27
09/16/2021,HLG,WV,AEA,CE,Federal Contract Tower,0,1,2,0,3,0,0,20,6,26,0,1,22,6,29,72,6,78,107
09/17/2021,HLG,WV,AEA,CE,Federal Contract Tower,0,3,1,0,4,0,0,25,7,32,0,3,26,7,36,12,18,30,66
09/18/2021,HLG,WV,AEA,CE,Federal Contract Tower,0,2,6,0,8,0,0,15,1,16,0,2,21,1,24,22,0,22,46
09/19/2021,HLG,WV,AEA,CE,Federal Contract Tower,0,0,4,0,4,0,0,25,0,25,0,0,29,0,29,0,0,0,29
09/20/2021,HLG,WV,AEA,CE,Federal Contract Tower,0,2,0,0,2,0,2,3,3,8,0,4,3,3,10,0,6,6,16
09/21/2021,HLG,WV,AEA,CE,Federal Contract Tower,0,0,0,0,0,0,0,0,0,0,0,0,0,0,0,0,0,0,0
09/22/2021,HLG,WV,AEA,CE,Federal Contract Tower,0,4,0,4,8,0,0,0,0,0,0,4,0,4,8,0,0,0,8
09/23/2021,HLG,WV,AEA,CE,Federal Contract Tower,0,2,3,0,5,0,0,11,0,11,0,2,14,0,16,48,0,48,64
09/24/2021,HLG,WV,AEA,CE,Federal Contract Tower,0,4,4,1,9,0,0,17,3,20,0,4,21,4,29,42,16,58,87
09/25/2021,HLG,WV,AEA,CE,Federal Contract Tower,0,1,2,0,3,0,0,34,3,37,0,1,36,3,40,64,8,72,112
09/26/2021,HLG,WV,AEA,CE,Federal Contract Tower,0,1,3,0,4,0,0,17,0,17,0,1,20,0,21,0,0,0,21
09/27/2021,HLG,WV,AEA,CE,Federal Contract Tower,0,5,0,0,5,0,0,18,3,21,0,5,18,3,26,2,12,14,40
09/28/2021,HLG,WV,AEA,CE,Federal Contract Tower,0,0,4,2,6,0,0,14,2,16,0,0,18,4,22,0,6,6,28
09/29/2021,HLG,WV,AEA,CE,Federal Contract Tower,0,5,2,0,7,0,6,27,4,37,0,11,29,4,44,0,0,0,44
09/30/2021,HLG,WV,AEA,CE,Federal Contract Tower,0,3,1,0,4,0,4,24,4,32,0,7,25,4,36,0,16,16,52
10/01/2021,HLG,WV,AEA,CE,Federal Contract Tower,0,5,3,0,8,0,0,26,1,27,0,5,29,1,35,14,0,14,49
10/02/2021,HLG,WV,AEA,CE,Federal Contract Tower,0,2,0,0,2,0,0,17,0,17,0,2,17,0,19,4,0,4,23
10/03/2021,HLG,WV,AEA,CE,Federal Contract Tower,0,0,0,0,0,0,0,2,0,2,0,0,2,0,2,0,0,0,2
10/04/2021,HLG,WV,AEA,CE,Federal Contract Tower,0,0,0,0,0,0,0,7,0,7,0,0,7,0,7,4,0,4,11
10/05/2021,HLG,WV,AEA,CE,Federal Contract Tower,0,2,1,0,3,0,0,19,0,19,0,2,20,0,22,0,0,0,22
10/06/2021,HLG,WV,AEA,CE,Federal Contract Tower,0,0,0,4,4,0,0,11,0,11,0,0,11,4,15,0,0,0,15
10/07/2021,HLG,WV,AEA,CE,Federal Contract Tower,0,4,2,0,6,0,2,23,0,25,0,6,25,0,31,0,0,0,31
10/08/2021,HLG,WV,AEA,CE,Federal Contract Tower,0,3,0,0,3,0,0,17,0,17,0,3,17,0,20,0,0,0,20
10/09/2021,HLG,WV,AEA,CE,Federal Contract Tower,0,0,1,0,1,0,0,6,0,6,0,0,7,0,7,0,0,0,7
10/10/2021,HLG,WV,AEA,CE,Federal Contract Tower,0,0,4,0,4,0,0,17,4,21,0,0,21,4,25,34,10,44,69
10/11/2021,HLG,WV,AEA,CE,Federal Contract Tower,0,2,4,1,7,0,6,15,0,21,0,8,19,1,28,0,0,0,28
10/12/2021,HLG,WV,AEA,CE,Federal Contract Tower,0,5,2,0,7,0,0,37,0,37,0,5,39,0,44,12,0,12,56
10/13/2021,HLG,WV,AEA,CE,Federal Contract Tower,0,2,2,0,4,0,0,6,4,10,0,2,8,4,14,0,12,12,26
10/14/2021,HLG,WV,AEA,CE,Federal Contract Tower,0,6,2,0,8,0,1,27,2,30,0,7,29,2,38,8,8,16,54
10/15/2021,HLG,WV,AEA,CE,Federal Contract Tower,0,2,3,0,5,0,10,18,20,48,0,12,21,20,53,28,60,88,141
10/16/2021,HLG,WV,AEA,CE,Federal Contract Tower,0,0,0,8,8,0,0,4,6,10,0,0,4,14,18,12,22,34,52
10/17/2021,HLG,WV,AEA,CE,Federal Contract Tower,0,2,3,1,6,0,0,19,35,54,0,2,22,36,60,16,40,56,116
10/18/2021,HLG,WV,AEA,CE,Federal Contract Tower,0,4,2,0,6,0,0,9,8,17,0,4,11,8,23,4,48,52,75
10/19/2021,HLG,WV,AEA,CE,Federal Contract Tower,0,4,0,2,6,0,0,11,5,16,0,4,11,7,22,0,8,8,30
10/20/2021,HLG,WV,AEA,CE,Federal Contract Tower,0,0,2,4,6,0,0,14,1,15,0,0,16,5,21,0,14,14,35
10/21/2021,HLG,WV,AEA,CE,Federal Contract Tower,0,0,1,0,1,0,0,19,13,32,0,0,20,13,33,0,42,42,75
10/22/2021,HLG,WV,AEA,CE,Federal Contract Tower,0,0,2,0,2,0,0,4,12,16,0,0,6,12,18,0,66,66,84
10/23/2021,HLG,WV,AEA,CE,Federal Contract Tower,0,2,4,0,6,0,0,16,22,38,0,2,20,22,44,56,50,106,150
10/24/2021,HLG,WV,AEA,CE,Federal Contract Tower,0,4,2,1,7,0,0,14,14,28,0,4,16,15,35,0,62,62,97
10/25/2021,HLG,WV,AEA,CE,Federal Contract Tower,0,1,1,0,2,0,0,12,3,15,0,1,13,3,17,0,36,36,53
10/26/2021,HLG,WV,AEA,CE,Federal Contract Tower,0,1,0,0,1,0,0,8,9,17,0,1,8,9,18,0,28,28,46
10/27/2021,HLG,WV,AEA,CE,Federal Contract Tower,0,6,1,0,7,0,0,2,0,2,0,6,3,0,9,4,0,4,13
10/28/2021,HLG,WV,AEA,CE,Federal Contract Tower,0,0,4,0,4,0,0,25,2,27,0,0,29,2,31,12,0,12,43
10/29/2021,HLG,WV,AEA,CE,Federal Contract Tower,0,0,0,0,0,0,0,0,0,0,0,0,0,0,0,0,0,0,0
10/30/2021,HLG,WV,AEA,CE,Federal Contract Tower,0,0,5,0,5,0,0,2,0,2,0,0,7,0,7,0,0,0,7
10/31/2021,HLG,WV,AEA,CE,Federal Contract Tower,0,2,4,0,6,0,0,9,0,9,0,2,13,0,15,0,0,0,15
11/01/2021,HLG,WV,AEA,CE,Federal Contract Tower,0,2,0,0,2,0,0,19,9,28,0,2,19,9,30,6,50,56,86
11/02/2021,HLG,WV,AEA,CE,Federal Contract Tower,0,2,2,4,8,0,2,21,1,24,0,4,23,5,32,6,0,6,38
11/03/2021,HLG,WV,AEA,CE,Federal Contract Tower,0,7,2,0,9,0,0,12,7,19,0,7,14,7,28,0,16,16,44
11/04/2021,HLG,WV,AEA,CE,Federal Contract Tower,0,0,0,0,0,0,0,21,15,36,0,0,21,15,36,0,76,76,112
11/05/2021,HLG,WV,AEA,CE,Federal Contract Tower,0,0,0,4,4,0,0,31,17,48,0,0,31,21,52,48,48,96,148
11/06/2021,HLG,WV,AEA,CE,Federal Contract Tower,0,0,1,0,1,0,4,13,8,25,0,4,14,8,26,4,24,28,54
11/07/2021,HLG,WV,AEA,CE,Federal Contract Tower,0,0,5,0,5,0,2,42,5,49,0,2,47,5,54,0,0,0,54
11/08/2021,HLG,WV,AEA,CE,Federal Contract Tower,0,1,3,0,4,0,0,20,6,26,0,1,23,6,30,8,42,50,80
11/09/2021,HLG,WV,AEA,CE,Federal Contract Tower,0,1,0,0,1,0,4,15,4,23,0,5,15,4,24,8,16,24,48
11/10/2021,HLG,WV,AEA,CE,Federal Contract Tower,0,2,2,1,5,0,4,6,1,11,0,6,8,2,16,0,0,0,16
11/11/2021,HLG,WV,AEA,CE,Federal Contract Tower,0,0,0,0,0,0,6,16,0,22,0,6,16,0,22,0,0,0,22
11/12/2021,HLG,WV,AEA,CE,Federal Contract Tower,0,3,0,0,3,0,4,9,5,18,0,7,9,5,21,0,36,36,57
11/13/2021,HLG,WV,AEA,CE,Federal Contract Tower,0,0,0,0,0,0,0,10,0,10,0,0,10,0,10,0,0,0,10
11/14/2021,HLG,WV,AEA,CE,Federal Contract Tower,0,0,1,0,1,0,0,2,0,2,0,0,3,0,3,0,0,0,3
11/15/2021,HLG,WV,AEA,CE,Federal Contract Tower,0,2,1,0,3,0,0,0,0,0,0,2,1,0,3,0,26,26,29
11/16/2021,HLG,WV,AEA,CE,Federal Contract Tower,0,2,0,0,2,0,2,28,4,34,0,4,28,4,36,0,22,22,58
11/17/2021,HLG,WV,AEA,CE,Federal Contract Tower,0,0,1,0,1,0,2,18,13,33,0,2,19,13,34,0,48,48,82
11/18/2021,HLG,WV,AEA,CE,Federal Contract Tower,0,0,2,0,2,0,0,0,0,0,0,0,2,0,2,0,0,0,2
11/19/2021,HLG,WV,AEA,CE,Federal Contract Tower,0,0,1,1,2,0,0,30,9,39,0,0,31,10,41,0,20,20,61
11/20/2021,HLG,WV,AEA,CE,Federal Contract Tower,0,0,1,2,3,0,0,40,10,50,0,0,41,12,53,30,44,74,127
11/21/2021,HLG,WV,AEA,CE,Federal Contract Tower,0,0,0,0,0,0,0,1,0,1,0,0,1,0,1,0,0,0,1
11/22/2021,HLG,WV,AEA,CE,Federal Contract Tower,0,3,0,0,3,0,0,14,2,16,0,3,14,2,19,0,24,24,43
11/23/2021,HLG,WV,AEA,CE,Federal Contract Tower,0,3,1,2,6,0,0,37,11,48,0,3,38,13,54,28,28,56,110
11/24/2021,HLG,WV,AEA,CE,Federal Contract Tower,0,3,8,0,11,0,0,15,0,15,0,3,23,0,26,0,0,0,26
11/25/2021,HLG,WV,AEA,CE,Federal Contract Tower,0,0,0,0,0,0,0,0,0,0,0,0,0,0,0,0,0,0,0
11/26/2021,HLG,WV,AEA,CE,Federal Contract Tower,0,2,2,0,4,0,0,4,0,4,0,2,6,0,8,0,0,0,8
11/27/2021,HLG,WV,AEA,CE,Federal Contract Tower,0,3,0,1,4,0,0,9,0,9,0,3,9,1,13,12,0,12,25
11/28/2021,HLG,WV,AEA,CE,Federal Contract Tower,0,0,1,0,1,0,0,6,0,6,0,0,7,0,7,0,0,0,7
11/29/2021,HLG,WV,AEA,CE,Federal Contract Tower,0,3,2,0,5,0,0,20,0,20,0,3,22,0,25,0,0,0,25
11/30/2021,HLG,WV,AEA,CE,Federal Contract Tower,0,2,0,0,2,0,2,2,0,4,0,4,2,0,6,0,0,0,6
12/01/2021,HLG,WV,AEA,CE,Federal Contract Tower,0,2,4,1,7,0,0,4,0,4,0,2,8,1,11,0,0,0,11
12/02/2021,HLG,WV,AEA,CE,Federal Contract Tower,0,0,0,0,0,0,0,9,3,12,0,0,9,3,12,0,32,32,44
12/03/2021,HLG,WV,AEA,CE,Federal Contract Tower,0,4,3,1,8,0,0,18,22,40,0,4,21,23,48,4,38,42,90
12/04/2021,HLG,WV,AEA,CE,Federal Contract Tower,0,1,0,1,2,0,0,31,7,38,0,1,31,8,40,2,36,38,78
12/05/2021,HLG,WV,AEA,CE,Federal Contract Tower,0,2,2,0,4,0,0,15,2,17,0,2,17,2,21,22,8,30,51
12/06/2021,HLG,WV,AEA,CE,Federal Contract Tower,0,0,0,0,0,0,0,1,6,7,0,0,1,6,7,0,44,44,51
12/07/2021,HLG,WV,AEA,CE,Federal Contract Tower,0,0,2,0,2,0,0,21,0,21,0,0,23,0,23,0,0,0,23
12/08/2021,HLG,WV,AEA,CE,Federal Contract Tower,0,6,0,0,6,0,0,12,0,12,0,6,12,0,18,4,0,4,22
12/09/2021,HLG,WV,AEA,CE,Federal Contract Tower,0,9,1,0,10,0,0,18,3,21,0,9,19,3,31,0,0,0,31
12/10/2021,HLG,WV,AEA,CE,Federal Contract Tower,0,1,2,0,3,0,0,12,2,14,0,1,14,2,17,10,0,10,27
12/11/2021,HLG,WV,AEA,CE,Federal Contract Tower,0,0,0,0,0,0,0,0,0,0,0,0,0,0,0,0,0,0,0
12/12/2021,HLG,WV,AEA,CE,Federal Contract Tower,0,0,4,0,4,0,0,13,0,13,0,0,17,0,17,4,0,4,21
12/13/2021,HLG,WV,AEA,CE,Federal Contract Tower,0,0,1,0,1,0,0,29,14,43,0,0,30,14,44,16,40,56,100
12/14/2021,HLG,WV,AEA,CE,Federal Contract Tower,0,4,0,0,4,0,2,16,4,22,0,6,16,4,26,0,8,8,34
12/15/2021,HLG,WV,AEA,CE,Federal Contract Tower,0,2,1,0,3,0,2,18,2,22,0,4,19,2,25,2,12,14,39
12/16/2021,HLG,WV,AEA,CE,Federal Contract Tower,0,0,0,0,0,0,0,5,0,5,0,0,5,0,5,0,0,0,5
12/17/2021,HLG,WV,AEA,CE,Federal Contract Tower,0,0,2,0,2,0,0,9,6,15,0,0,11,6,17,10,12,22,39
12/18/2021,HLG,WV,AEA,CE,Federal Contract Tower,0,0,0,0,0,0,0,0,0,0,0,0,0,0,0,0,0,0,0
12/19/2021,HLG,WV,AEA,CE,Federal Contract Tower,0,0,0,0,0,0,0,4,0,4,0,0,4,0,4,0,0,0,4
12/20/2021,HLG,WV,AEA,CE,Federal Contract Tower,0,2,0,0,2,0,0,20,10,30,0,2,20,10,32,8,36,44,76
12/21/2021,HLG,WV,AEA,CE,Federal Contract Tower,0,2,0,1,3,0,0,12,8,20,0,2,12,9,23,0,34,34,57
12/22/2021,HLG,WV,AEA,CE,Federal Contract Tower,0,0,0,0,0,0,8,8,0,16,0,8,8,0,16,0,0,0,16
12/23/2021,HLG,WV,AEA,CE,Federal Contract Tower,0,0,1,0,1,0,0,12,0,12,0,0,13,0,13,0,0,0,13
12/24/2021,HLG,WV,AEA,CE,Federal Contract Tower,0,0,0,0,0,0,0,11,0,11,0,0,11,0,11,0,0,0,11
12/25/2021,HLG,WV,AEA,CE,Federal Contract Tower,0,0,0,0,0,0,0,0,0,0,0,0,0,0,0,0,0,0,0
12/26/2021,HLG,WV,AEA,CE,Federal Contract Tower,0,0,0,0,0,0,0,8,0,8,0,0,8,0,8,6,0,6,14
12/27/2021,HLG,WV,AEA,CE,Federal Contract Tower,0,4,0,0,4,0,0,2,0,2,0,4,2,0,6,0,0,0,6
12/28/2021,HLG,WV,AEA,CE,Federal Contract Tower,0,2,0,0,2,0,0,8,2,10,0,2,8,2,12,0,12,12,24
12/29/2021,HLG,WV,AEA,CE,Federal Contract Tower,0,0,0,0,0,0,0,0,0,0,0,0,0,0,0,0,0,0,0
12/30/2021,HLG,WV,AEA,CE,Federal Contract Tower,0,0,2,0,2,0,0,12,2,14,0,0,14,2,16,2,0,2,18
12/31/2021,HLG,WV,AEA,CE,Federal Contract Tower,0,1,3,0,4,0,2,10,2,14,0,3,13,2,18,0,0,0,18
01/01/2022,HLG,WV,AEA,CE,Federal Contract Tower,0,0,0,0,0,0,0,0,0,0,0,0,0,0,0,0,0,0,0
01/02/2022,HLG,WV,AEA,CE,Federal Contract Tower,0,0,0,0,0,0,0,2,0,2,0,0,2,0,2,8,0,8,10
01/03/2022,HLG,WV,AEA,CE,Federal Contract Tower,0,2,0,0,2,0,2,10,0,12,0,4,10,0,14,0,0,0,14
01/04/2022,HLG,WV,AEA,CE,Federal Contract Tower,0,0,0,0,0,0,0,11,4,15,0,0,11,4,15,4,16,20,35
01/05/2022,HLG,WV,AEA,CE,Federal Contract Tower,0,0,2,0,2,0,0,0,0,0,0,0,2,0,2,0,0,0,2
01/06/2022,HLG,WV,AEA,CE,Federal Contract Tower,0,0,0,0,0,0,2,12,2,16,0,2,12,2,16,0,20,20,36
01/07/2022,HLG,WV,AEA,CE,Federal Contract Tower,0,0,1,6,7,0,0,1,32,33,0,0,2,38,40,0,96,96,136
01/08/2022,HLG,WV,AEA,CE,Federal Contract Tower,0,0,2,2,4,0,0,16,20,36,0,0,18,22,40,8,80,88,128
01/09/2022,HLG,WV,AEA,CE,Federal Contract Tower,0,0,0,0,0,0,0,0,0,0,0,0,0,0,0,0,0,0,0
01/10/2022,HLG,WV,AEA,CE,Federal Contract Tower,0,0,2,0,2,0,0,0,10,10,0,0,2,10,12,0,46,46,58
01/11/2022,HLG,WV,AEA,CE,Federal Contract Tower,0,0,4,0,4,0,0,25,13,38,0,0,29,13,42,2,42,44,86
01/12/2022,HLG,WV,AEA,CE,Federal Contract Tower,0,0,2,0,2,0,0,7,4,11,0,0,9,4,13,0,36,36,49
01/13/2022,HLG,WV,AEA,CE,Federal Contract Tower,0,2,1,0,3,0,2,14,7,23,0,4,15,7,26,0,42,42,68
01/14/2022,HLG,WV,AEA,CE,Federal Contract Tower,0,2,0,0,2,0,0,8,3,11,0,2,8,3,13,0,8,8,21
01/15/2022,HLG,WV,AEA,CE,Federal Contract Tower,0,1,0,0,1,0,0,15,2,17,0,1,15,2,18,0,0,0,18
01/16/2022,HLG,WV,AEA,CE,Federal Contract Tower,0,0,0,0,0,0,0,4,0,4,0,0,4,0,4,0,0,0,4
01/17/2022,HLG,WV,AEA,CE,Federal Contract Tower,0,2,0,0,2,0,0,0,0,0,0,2,0,0,2,0,0,0,2
01/18/2022,HLG,WV,AEA,CE,Federal Contract Tower,0,2,0,1,3,0,4,2,1,7,0,6,2,2,10,0,0,0,10
01/19/2022,HLG,WV,AEA,CE,Federal Contract Tower,0,4,2,0,6,0,0,2,0,2,0,4,4,0,8,0,0,0,8
01/20/2022,HLG,WV,AEA,CE,Federal Contract Tower,0,2,0,0,2,0,0,2,0,2,0,2,2,0,4,0,0,0,4
01/21/2022,HLG,WV,AEA,CE,Federal Contract Tower,0,0,0,0,0,0,0,0,4,4,0,0,0,4,4,0,12,12,16
01/22/2022,HLG,WV,AEA,CE,Federal Contract Tower,0,1,3,1,5,0,0,17,4,21,0,1,20,5,26,0,8,8,34
01/23/2022,HLG,WV,AEA,CE,Federal Contract Tower,0,0,0,0,0,0,0,0,4,4,0,0,0,4,4,0,26,26,30
01/24/2022,HLG,WV,AEA,CE,Federal Contract Tower,0,0,2,0,2,0,0,0,0,0,0,0,2,0,2,0,0,0,2
01/25/2022,HLG,WV,AEA,CE,Federal Contract Tower,0,0,0,0,0,0,0,2,12,14,0,0,2,12,14,0,38,38,52
01/26/2022,HLG,WV,AEA,CE,Federal Contract Tower,0,0,0,1,1,0,0,5,6,11,0,0,5,7,12,0,26,26,38
01/27/2022,HLG,WV,AEA,CE,Federal Contract Tower,0,0,1,0,1,0,2,10,13,25,0,2,11,13,26,8,60,68,94
01/28/2022,HLG,WV,AEA,CE,Federal Contract Tower,0,0,0,0,0,0,0,2,0,2,0,0,2,0,2,0,0,0,2
01/29/2022,HLG,WV,AEA,CE,Federal Contract Tower,0,0,4,0,4,0,0,2,0,2,0,0,6,0,6,0,0,0,6
01/30/2022,HLG,WV,AEA,CE,Federal Contract Tower,0,1,1,0,2,0,0,8,0,8,0,1,9,0,10,0,0,0,10
01/31/2022,HLG,WV,AEA,CE,Federal Contract Tower,0,3,0,0,3,0,0,11,2,13,0,3,11,2,16,0,16,16,32
02/01/2022,HLG,WV,AEA,CE,Federal Contract Tower,0,6,0,0,6,0,0,17,2,19,0,6,17,2,25,12,12,24,49
02/02/2022,HLG,WV,AEA,CE,Federal Contract Tower,0,0,0,2,2,0,0,16,0,16,0,0,16,2,18,0,0,0,18
02/03/2022,HLG,WV,AEA,CE,Federal Contract Tower,0,0,0,0,0,0,0,0,0,0,0,0,0,0,0,0,0,0,0
02/04/2022,HLG,WV,AEA,CE,Federal Contract Tower,0,0,0,0,0,0,0,2,0,2,0,0,2,0,2,0,0,0,2
02/05/2022,HLG,WV,AEA,CE,Federal Contract Tower,0,0,0,0,0,0,0,0,0,0,0,0,0,0,0,0,26,26,26
02/06/2022,HLG,WV,AEA,CE,Federal Contract Tower,0,0,0,0,0,0,0,18,27,45,0,0,18,27,45,0,66,66,111
02/07/2022,HLG,WV,AEA,CE,Federal Contract Tower,0,0,0,0,0,0,0,6,8,14,0,0,6,8,14,0,68,68,82
02/08/2022,HLG,WV,AEA,CE,Federal Contract Tower,0,0,0,0,0,0,4,4,18,26,0,4,4,18,26,0,116,116,142
02/09/2022,HLG,WV,AEA,CE,Federal Contract Tower,0,6,0,4,10,0,0,4,12,16,0,6,4,16,26,0,48,48,74
02/10/2022,HLG,WV,AEA,CE,Federal Contract Tower,0,0,0,1,1,0,2,9,20,31,0,2,9,21,32,0,90,90,122
02/11/2022,HLG,WV,AEA,CE,Federal Contract Tower,0,0,0,0,0,0,4,12,5,21,0,4,12,5,21,0,22,22,43
02/12/2022,HLG,WV,AEA,CE,Federal Contract Tower,0,0,2,0,2,0,0,2,1,3,0,0,4,1,5,8,0,8,13
02/13/2022,HLG,WV,AEA,CE,Federal Contract Tower,0,0,4,0,4,0,0,8,4,12,0,0,12,4,16,0,0,0,16
02/14/2022,HLG,WV,AEA,CE,Federal Contract Tower,0,2,0,0,2,0,0,13,6,19,0,2,13,6,21,2,24,26,47
02/15/2022,HLG,WV,AEA,CE,Federal Contract Tower,0,2,2,0,4,0,0,24,10,34,0,2,26,10,38,0,18,18,56
02/16/2022,HLG,WV,AEA,CE,Federal Contract Tower,0,0,3,0,3,0,0,0,8,8,0,0,3,8,11,0,26,26,37
02/17/2022,HLG,WV,AEA,CE,Federal Contract Tower,0,2,0,0,2,0,0,0,0,0,0,2,0,0,2,0,0,0,2
02/18/2022,HLG,WV,AEA,CE,Federal Contract Tower,0,0,2,0,2,0,0,8,1,9,0,0,10,1,11,0,0,0,11
02/19/2022,HLG,WV,AEA,CE,Federal Contract Tower,0,0,2,0,2,0,0,0,0,0,0,0,2,0,2,0,0,0,2
02/20/2022,HLG,WV,AEA,CE,Federal Contract Tower,0,1,6,0,7,0,0,32,1,33,0,1,38,1,40,4,0,4,44
02/21/2022,HLG,WV,AEA,CE,Federal Contract Tower,0,0,0,0,0,0,0,13,2,15,0,0,13,2,15,8,0,8,23
02/22/2022,HLG,WV,AEA,CE,Federal Contract Tower,0,4,0,2,6,0,0,0,0,0,0,4,0,2,6,0,0,0,6
02/23/2022,HLG,WV,AEA,CE,Federal Contract Tower,0,2,3,0,5,0,0,21,4,25,0,2,24,4,30,28,34,62,92
02/24/2022,HLG,WV,AEA,CE,Federal Contract Tower,0,0,1,0,1,0,0,6,4,10,0,0,7,4,11,0,8,8,19
02/25/2022,HLG,WV,AEA,CE,Federal Contract Tower,0,2,0,0,2,0,0,0,0,0,0,2,0,0,2,0,10,10,12
02/26/2022,HLG,WV,AEA,CE,Federal Contract Tower,0,0,0,0,0,0,0,11,1,12,0,0,11,1,12,0,0,0,12
02/27/2022,HLG,WV,AEA,CE,Federal Contract Tower,0,0,2,0,2,0,0,5,1,6,0,0,7,1,8,0,0,0,8
02/28/2022,HLG,WV,AEA,CE,Federal Contract Tower,0,0,0,0,0,0,0,20,2,22,0,0,20,2,22,6,0,6,28
03/01/2022,HLG,WV,AEA,CE,Federal Contract Tower,0,0,0,0,0,0,0,12,8,20,0,0,12,8,20,0,30,30,50
03/02/2022,HLG,WV,AEA,CE,Federal Contract Tower,0,5,0,0,5,0,0,20,15,35,0,5,20,15,40,8,8,16,56
03/03/2022,HLG,WV,AEA,CE,Federal Contract Tower,0,5,0,0,5,0,4,8,2,14,0,9,8,2,19,0,16,16,35
03/04/2022,HLG,WV,AEA,CE,Federal Contract Tower,0,1,2,3,6,0,2,24,19,45,0,3,26,22,51,22,32,54,105
03/05/2022,HLG,WV,AEA,CE,Federal Contract Tower,0,0,2,0,2,0,0,14,5,19,0,0,16,5,21,6,0,6,27
03/06/2022,HLG,WV,AEA,CE,Federal Contract Tower,0,0,1,0,1,0,0,2,4,6,0,0,3,4,7,0,6,6,13
03/07/2022,HLG,WV,AEA,CE,Federal Contract Tower,0,4,2,0,6,0,0,0,0,0,0,4,2,0,6,0,0,0,6
03/08/2022,HLG,WV,AEA,CE,Federal Contract Tower,0,0,0,0,0,0,0,4,2,6,0,0,4,2,6,0,0,0,6
03/09/2022,HLG,WV,AEA,CE,Federal Contract Tower,0,5,0,0,5,0,0,0,0,0,0,5,0,0,5,0,0,0,5
03/10/2022,HLG,WV,AEA,CE,Federal Contract Tower,0,0,3,0,3,0,0,21,6,27,0,0,24,6,30,16,8,24,54
03/11/2022,HLG,WV,AEA,CE,Federal Contract Tower,0,0,0,0,0,0,0,17,0,17,0,0,17,0,17,22,0,22,39
03/12/2022,HLG,WV,AEA,CE,Federal Contract Tower,0,0,0,0,0,0,4,1,0,5,0,4,1,0,5,0,0,0,5
03/13/2022,HLG,WV,AEA,CE,Federal Contract Tower,0,0,0,0,0,0,0,4,0,4,0,0,4,0,4,0,0,0,4
03/14/2022,HLG,WV,AEA,CE,Federal Contract Tower,0,1,1,2,4,0,0,10,11,21,0,1,11,13,25,12,28,40,65
03/15/2022,HLG,WV,AEA,CE,Federal Contract Tower,0,3,0,0,3,0,0,25,4,29,0,3,25,4,32,22,28,50,82
03/16/2022,HLG,WV,AEA,CE,Federal Contract Tower,0,0,0,0,0,0,0,24,12,36,0,0,24,12,36,12,42,54,90
03/17/2022,HLG,WV,AEA,CE,Federal Contract Tower,0,4,4,0,8,0,0,24,2,26,0,4,28,2,34,8,4,12,46
03/18/2022,HLG,WV,AEA,CE,Federal Contract Tower,0,0,0,0,0,0,0,16,12,28,0,0,16,12,28,0,62,62,90
03/19/2022,HLG,WV,AEA,CE,Federal Contract Tower,0,0,4,0,4,0,0,5,5,10,0,0,9,5,14,16,26,42,56
03/20/2022,HLG,WV,AEA,CE,Federal Contract Tower,0,0,2,1,3,0,0,5,13,18,0,0,7,14,21,8,58,66,87
03/21/2022,HLG,WV,AEA,CE,Federal Contract Tower,0,0,3,0,3,0,6,35,11,52,0,6,38,11,55,0,16,16,71
03/22/2022,HLG,WV,AEA,CE,Federal Contract Tower,0,3,0,0,3,0,0,12,1,13,0,3,12,1,16,0,0,0,16
03/23/2022,HLG,WV,AEA,CE,Federal Contract Tower,0,0,1,0,1,0,0,0,0,0,0,0,1,0,1,0,0,0,1
03/24/2022,HLG,WV,AEA,CE,Federal Contract Tower,0,1,2,0,3,0,2,15,2,19,0,3,17,2,22,14,8,22,44
03/25/2022,HLG,WV,AEA,CE,Federal Contract Tower,0,0,3,0,3,0,0,6,6,12,0,0,9,6,15,0,0,0,15
03/26/2022,HLG,WV,AEA,CE,Federal Contract Tower,0,0,0,0,0,0,0,0,0,0,0,0,0,0,0,0,0,0,0
03/27/2022,HLG,WV,AEA,CE,Federal Contract Tower,0,0,0,0,0,0,0,2,0,2,0,0,2,0,2,0,0,0,2
03/28/2022,HLG,WV,AEA,CE,Federal Contract Tower,0,3,0,0,3,0,0,5,2,7,0,3,5,2,10,0,0,0,10
03/29/2022,HLG,WV,AEA,CE,Federal Contract Tower,0,2,4,0,6,0,0,29,1,30,0,2,33,1,36,4,16,20,56
03/30/2022,HLG,WV,AEA,CE,Federal Contract Tower,0,4,2,0,6,0,0,7,6,13,0,4,9,6,19,6,36,42,61
03/31/2022,HLG,WV,AEA,CE,Federal Contract Tower,0,4,0,4,8,0,0,0,6,6,0,4,0,10,14,0,40,40,54
04/01/2022,HLG,WV,AEA,CE,Federal Contract Tower,0,4,3,0,7,0,0,1,1,2,0,4,4,1,9,0,0,0,9
04/02/2022,HLG,WV,AEA,CE,Federal Contract Tower,0,0,3,0,3,0,0,30,7,37,0,0,33,7,40,0,6,6,46
04/03/2022,HLG,WV,AEA,CE,Federal Contract Tower,0,2,1,4,7,0,0,3,12,15,0,2,4,16,22,0,42,42,64
04/04/2022,HLG,WV,AEA,CE,Federal Contract Tower,0,2,0,0,2,0,0,13,6,19,0,2,13,6,21,2,92,94,115
04/05/2022,HLG,WV,AEA,CE,Federal Contract Tower,0,2,2,0,4,0,0,14,0,14,0,2,16,0,18,0,0,0,18
04/06/2022,HLG,WV,AEA,CE,Federal Contract Tower,0,0,2,0,2,0,2,4,0,6,0,2,6,0,8,14,0,14,22
04/07/2022,HLG,WV,AEA,CE,Federal Contract Tower,0,0,0,0,0,0,0,7,5,12,0,0,7,5,12,0,8,8,20
04/08/2022,HLG,WV,AEA,CE,Federal Contract Tower,0,0,1,0,1,0,0,5,4,9,0,0,6,4,10,12,6,18,28
04/09/2022,HLG,WV,AEA,CE,Federal Contract Tower,0,0,1,0,1,0,0,2,0,2,0,0,3,0,3,6,0,6,9
04/10/2022,HLG,WV,AEA,CE,Federal Contract Tower,0,0,4,0,4,0,0,32,0,32,0,0,36,0,36,34,0,34,70
04/11/2022,HLG,WV,AEA,CE,Federal Contract Tower,0,0,0,0,0,0,0,6,8,14,0,0,6,8,14,8,22,30,44
04/12/2022,HLG,WV,AEA,CE,Federal Contract Tower,0,0,9,0,9,0,0,16,7,23,0,0,25,7,32,4,26,30,62
04/13/2022,HLG,WV,AEA,CE,Federal Contract Tower,0,4,0,0,4,0,0,10,0,10,0,4,10,0,14,0,0,0,14
04/14/2022,HLG,WV,AEA,CE,Federal Contract Tower,0,3,1,0,4,0,1,13,0,14,0,4,14,0,18,6,0,6,24
04/15/2022,HLG,WV,AEA,CE,Federal Contract Tower,0,0,1,0,1,0,4,18,6,28,0,4,19,6,29,0,0,0,29
04/16/2022,HLG,WV,AEA,CE,Federal Contract Tower,0,0,8,0,8,0,0,4,0,4,0,0,12,0,12,0,0,0,12
04/17/2022,HLG,WV,AEA,CE,Federal Contract Tower,0,1,7,0,8,0,2,20,0,22,0,3,27,0,30,24,0,24,54
04/18/2022,HLG,WV,AEA,CE,Federal Contract Tower,0,1,0,0,1,0,0,0,0,0,0,1,0,0,1,0,0,0,1
04/19/2022,HLG,WV,AEA,CE,Federal Contract Tower,0,0,0,0,0,0,0,1,0,1,0,0,1,0,1,0,0,0,1
04/20/2022,HLG,WV,AEA,CE,Federal Contract Tower,0,6,1,2,9,0,0,34,8,42,0,6,35,10,51,6,30,36,87
04/21/2022,HLG,WV,AEA,CE,Federal Contract Tower,0,0,0,0,0,0,0,8,0,8,0,0,8,0,8,0,0,0,8
04/22/2022,HLG,WV,AEA,CE,Federal Contract Tower,0,8,7,0,15,0,0,28,13,41,0,8,35,13,56,10,22,32,88
04/23/2022,HLG,WV,AEA,CE,Federal Contract Tower,0,2,1,2,5,0,0,15,7,22,0,2,16,9,27,2,26,28,55
04/24/2022,HLG,WV,AEA,CE,Federal Contract Tower,0,0,3,3,6,0,1,13,5,19,0,1,16,8,25,0,10,10,35
04/25/2022,HLG,WV,AEA,CE,Federal Contract Tower,0,2,0,2,4,0,4,15,2,21,0,6,15,4,25,6,42,48,73
04/26/2022,HLG,WV,AEA,CE,Federal Contract Tower,0,3,1,0,4,0,0,6,0,6,0,3,7,0,10,16,0,16,26
04/27/2022,HLG,WV,AEA,CE,Federal Contract Tower,0,2,1,0,3,0,0,2,4,6,0,2,3,4,9,0,2,2,11
04/28/2022,HLG,WV,AEA,CE,Federal Contract Tower,0,3,1,0,4,0,0,18,4,22,0,3,19,4,26,20,0,20,46
04/29/2022,HLG,WV,AEA,CE,Federal Contract Tower,0,3,0,0,3,0,2,21,1,24,0,5,21,1,27,6,0,6,33
04/30/2022,HLG,WV,AEA,CE,Federal Contract Tower,0,0,3,0,3,0,0,14,0,14,0,0,17,0,17,6,0,6,23
05/01/2022,HLG,WV,AEA,CE,Federal Contract Tower,0,1,3,0,4,0,0,6,0,6,0,1,9,0,10,4,0,4,14
05/02/2022,HLG,WV,AEA,CE,Federal Contract Tower,0,0,2,0,2,0,0,13,0,13,0,0,15,0,15,8,0,8,23
05/03/2022,HLG,WV,AEA,CE,Federal Contract Tower,0,2,0,0,2,0,0,8,0,8,0,2,8,0,10,6,0,6,16
05/04/2022,HLG,WV,AEA,CE,Federal Contract Tower,0,4,0,0,4,0,0,6,0,6,0,4,6,0,10,4,0,4,14
05/05/2022,HLG,WV,AEA,CE,Federal Contract Tower,0,6,2,0,8,0,0,18,4,22,0,6,20,4,30,0,0,0,30
05/06/2022,HLG,WV,AEA,CE,Federal Contract Tower,0,3,1,0,4,0,0,0,0,0,0,3,1,0,4,0,0,0,4
05/07/2022,HLG,WV,AEA,CE,Federal Contract Tower,0,0,5,0,5,0,0,4,21,25,0,0,9,21,30,0,40,40,70
05/08/2022,HLG,WV,AEA,CE,Federal Contract Tower,0,2,2,0,4,0,0,10,24,34,0,2,12,24,38,0,70,70,108
05/09/2022,HLG,WV,AEA,CE,Federal Contract Tower,0,4,0,2,6,0,0,15,2,17,0,4,15,4,23,8,8,16,39
05/10/2022,HLG,WV,AEA,CE,Federal Contract Tower,0,2,4,0,6,0,0,8,2,10,0,2,12,2,16,12,24,36,52
05/11/2022,HLG,WV,AEA,CE,Federal Contract Tower,0,6,1,2,9,0,0,35,4,39,0,6,36,6,48,6,0,6,54
05/12/2022,HLG,WV,AEA,CE,Federal Contract Tower,0,0,0,0,0,0,0,13,2,15,0,0,13,2,15,4,16,20,35
05/13/2022,HLG,WV,AEA,CE,Federal Contract Tower,0,6,1,0,7,0,0,30,4,34,0,6,31,4,41,8,16,24,65
05/14/2022,HLG,WV,AEA,CE,Federal Contract Tower,0,0,2,0,2,0,0,13,0,13,0,0,15,0,15,0,0,0,15
05/15/2022,HLG,WV,AEA,CE,Federal Contract Tower,0,4,6,0,10,0,0,18,0,18,0,4,24,0,28,0,0,0,28
05/16/2022,HLG,WV,AEA,CE,Federal Contract Tower,0,0,0,0,0,0,0,5,4,9,0,0,5,4,9,0,4,4,13
05/17/2022,HLG,WV,AEA,CE,Federal Contract Tower,0,0,0,0,0,0,0,9,4,13,0,0,9,4,13,2,32,34,47
05/18/2022,HLG,WV,AEA,CE,Federal Contract Tower,0,0,2,0,2,0,0,8,7,15,0,0,10,7,17,0,34,34,51
05/19/2022,HLG,WV,AEA,CE,Federal Contract Tower,0,2,4,0,6,0,0,17,12,29,0,2,21,12,35,22,38,60,95
05/20/2022,HLG,WV,AEA,CE,Federal Contract Tower,0,6,4,0,10,0,4,8,6,18,0,10,12,6,28,8,14,22,50
05/21/2022,HLG,WV,AEA,CE,Federal Contract Tower,0,0,0,1,1,0,0,27,5,32,0,0,27,6,33,6,14,20,53
05/22/2022,HLG,WV,AEA,CE,Federal Contract Tower,0,1,2,0,3,0,0,8,6,14,0,1,10,6,17,0,20,20,37
05/23/2022,HLG,WV,AEA,CE,Federal Contract Tower,0,4,0,0,4,0,0,24,2,26,0,4,24,2,30,8,4,12,42
05/24/2022,HLG,WV,AEA,CE,Federal Contract Tower,0,0,0,0,0,0,0,16,5,21,0,0,16,5,21,0,4,4,25
05/25/2022,HLG,WV,AEA,CE,Federal Contract Tower,0,0,3,0,3,0,4,6,4,14,0,4,9,4,17,0,16,16,33
05/26/2022,HLG,WV,AEA,CE,Federal Contract Tower,0,6,5,0,11,0,1,18,2,21,0,7,23,2,32,30,0,30,62
05/27/2022,HLG,WV,AEA,CE,Federal Contract Tower,0,2,0,0,2,0,0,1,0,1,0,2,1,0,3,0,0,0,3
05/28/2022,HLG,WV,AEA,CE,Federal Contract Tower,0,0,0,0,0,0,0,5,0,5,0,0,5,0,5,2,0,2,7
05/29/2022,HLG,WV,AEA,CE,Federal Contract Tower,0,0,0,0,0,0,2,20,0,22,0,2,20,0,22,2,0,2,24
05/30/2022,HLG,WV,AEA,CE,Federal Contract Tower,0,1,3,2,6,0,0,18,4,22,0,1,21,6,28,0,8,8,36
05/31/2022,HLG,WV,AEA,CE,Federal Contract Tower,0,2,0,0,2,0,0,16,5,21,0,2,16,5,23,4,10,14,37
06/01/2022,HLG,WV,AEA,CE,Federal Contract Tower,0,2,3,0,5,0,0,11,4,15,0,2,14,4,20,0,20,20,40
06/02/2022,HLG,WV,AEA,CE,Federal Contract Tower,0,2,3,0,5,0,0,6,2,8,0,2,9,2,13,0,6,6,19
06/03/2022,HLG,WV,AEA,CE,Federal Contract Tower,0,0,0,0,0,0,0,25,4,29,0,0,25,4,29,6,0,6,35
06/04/2022,HLG,WV,AEA,CE,Federal Contract Tower,0,0,0,7,7,0,0,11,25,36,0,0,11,32,43,0,50,50,93
06/05/2022,HLG,WV,AEA,CE,Federal Contract Tower,0,2,0,1,3,0,6,20,13,39,0,8,20,14,42,12,32,44,86
06/06/2022,HLG,WV,AEA,CE,Federal Contract Tower,0,0,1,1,2,0,0,16,13,29,0,0,17,14,31,2,68,70,101
06/07/2022,HLG,WV,AEA,CE,Federal Contract Tower,0,1,5,2,8,0,0,0,0,0,0,1,5,2,8,0,14,14,22
06/08/2022,HLG,WV,AEA,CE,Federal Contract Tower,0,1,4,0,5,0,0,11,5,16,0,1,15,5,21,2,30,32,53
06/09/2022,HLG,WV,AEA,CE,Federal Contract Tower,0,1,2,0,3,0,0,13,2,15,0,1,15,2,18,0,16,16,34
06/10/2022,HLG,WV,AEA,CE,Federal Contract Tower,0,0,3,0,3,0,6,30,2,38,0,6,33,2,41,20,0,20,61
06/11/2022,HLG,WV,AEA,CE,Federal Contract Tower,0,1,0,0,1,0,0,30,0,30,0,1,30,0,31,20,0,20,51
06/12/2022,HLG,WV,AEA,CE,Federal Contract Tower,0,0,2,0,2,0,3,25,1,29,0,3,27,1,31,0,0,0,31
06/13/2022,HLG,WV,AEA,CE,Federal Contract Tower,0,0,0,0,0,0,0,15,8,23,0,0,15,8,23,0,58,58,81
06/14/2022,HLG,WV,AEA,CE,Federal Contract Tower,0,4,0,0,4,0,0,6,0,6,0,4,6,0,10,12,0,12,22
06/15/2022,HLG,WV,AEA,CE,Federal Contract Tower,0,2,0,0,2,0,0,17,3,20,0,2,17,3,22,4,0,4,26
06/16/2022,HLG,WV,AEA,CE,Federal Contract Tower,0,1,0,1,2,0,0,20,2,22,0,1,20,3,24,20,6,26,50
06/17/2022,HLG,WV,AEA,CE,Federal Contract Tower,0,2,0,0,2,0,0,8,5,13,0,2,8,5,15,0,20,20,35
06/18/2022,HLG,WV,AEA,CE,Federal Contract Tower,0,0,1,0,1,0,0,7,0,7,0,0,8,0,8,0,0,0,8
06/19/2022,HLG,WV,AEA,CE,Federal Contract Tower,0,0,0,0,0,0,0,14,0,14,0,0,14,0,14,0,0,0,14
06/20/2022,HLG,WV,AEA,CE,Federal Contract Tower,0,2,1,0,3,0,4,21,0,25,0,6,22,0,28,0,0,0,28
06/21/2022,HLG,WV,AEA,CE,Federal Contract Tower,0,1,1,0,2,0,4,9,8,21,0,5,10,8,23,0,8,8,31
06/22/2022,HLG,WV,AEA,CE,Federal Contract Tower,0,2,1,0,3,0,5,7,3,15,0,7,8,3,18,24,12,36,54
06/23/2022,HLG,WV,AEA,CE,Federal Contract Tower,0,7,0,0,7,0,2,17,4,23,0,9,17,4,30,4,4,8,38
06/24/2022,HLG,WV,AEA,CE,Federal Contract Tower,0,6,0,1,7,0,4,38,6,48,0,10,38,7,55,14,8,22,77
06/25/2022,HLG,WV,AEA,CE,Federal Contract Tower,0,4,0,0,4,0,2,31,6,39,0,6,31,6,43,14,12,26,69
06/26/2022,HLG,WV,AEA,CE,Federal Contract Tower,0,0,1,0,1,0,0,4,0,4,0,0,5,0,5,0,0,0,5
06/27/2022,HLG,WV,AEA,CE,Federal Contract Tower,0,1,1,0,2,0,0,22,5,27,0,1,23,5,29,4,34,38,67
06/28/2022,HLG,WV,AEA,CE,Federal Contract Tower,0,1,1,0,2,0,2,20,1,23,0,3,21,1,25,8,0,8,33
06/29/2022,HLG,WV,AEA,CE,Federal Contract Tower,0,0,2,0,2,0,7,31,0,38,0,7,33,0,40,40,0,40,80
06/30/2022,HLG,WV,AEA,CE,Federal Contract Tower,0,8,0,0,8,0,0,8,2,10,0,8,8,2,18,0,4,4,22
07/01/2022,HLG,WV,AEA,CE,Federal Contract Tower,0,2,0,0,2,0,0,5,5,10,0,2,5,5,12,8,0,8,20
07/02/2022,HLG,WV,AEA,CE,Federal Contract Tower,0,1,10,0,11,0,2,10,0,12,0,3,20,0,23,8,0,8,31
07/03/2022,HLG,WV,AEA,CE,Federal Contract Tower,0,0,0,0,0,0,2,10,0,12,0,2,10,0,12,4,0,4,16
07/04/2022,HLG,WV,AEA,CE,Federal Contract Tower,0,0,2,0,2,0,0,24,0,24,0,0,26,0,26,8,0,8,34
07/05/2022,HLG,WV,AEA,CE,Federal Contract Tower,0,0,2,0,2,0,0,6,0,6,0,0,8,0,8,0,0,0,8
07/06/2022,HLG,WV,AEA,CE,Federal Contract Tower,0,0,0,0,0,0,0,1,0,1,0,0,1,0,1,0,0,0,1
07/07/2022,HLG,WV,AEA,CE,Federal Contract Tower,0,2,3,0,5,0,0,14,5,19,0,2,17,5,24,0,8,8,32
07/08/2022,HLG,WV,AEA,CE,Federal Contract Tower,0,2,0,3,5,0,0,5,23,28,0,2,5,26,33,0,66,66,99
07/09/2022,HLG,WV,AEA,CE,Federal Contract Tower,0,0,0,0,0,0,6,16,5,27,0,6,16,5,27,0,36,36,63
07/10/2022,HLG,WV,AEA,CE,Federal Contract Tower,0,2,4,0,6,0,0,10,8,18,0,2,14,8,24,0,4,4,28
07/11/2022,HLG,WV,AEA,CE,Federal Contract Tower,0,0,0,0,0,0,0,16,15,31,0,0,16,15,31,10,28,38,69
07/12/2022,HLG,WV,AEA,CE,Federal Contract Tower,0,0,0,0,0,0,0,2,8,10,0,0,2,8,10,0,38,38,48
07/13/2022,HLG,WV,AEA,CE,Federal Contract Tower,0,2,2,1,5,0,0,21,16,37,0,2,23,17,42,26,26,52,94
07/14/2022,HLG,WV,AEA,CE,Federal Contract Tower,0,0,1,0,1,0,3,6,7,16,0,3,7,7,17,0,8,8,25
07/15/2022,HLG,WV,AEA,CE,Federal Contract Tower,0,0,2,0,2,0,0,39,33,72,0,0,41,33,74,6,38,44,118
07/16/2022,HLG,WV,AEA,CE,Federal Contract Tower,0,4,2,0,6,0,0,4,6,10,0,4,6,6,16,0,8,8,24
07/17/2022,HLG,WV,AEA,CE,Federal Contract Tower,0,0,0,2,2,0,0,2,0,2,0,0,2,2,4,8,0,8,12
07/18/2022,HLG,WV,AEA,CE,Federal Contract Tower,0,4,0,2,6,0,0,0,8,8,0,4,0,10,14,0,72,72,86
07/19/2022,HLG,WV,AEA,CE,Federal Contract Tower,0,2,1,0,3,0,4,7,3,14,0,6,8,3,17,0,46,46,63
07/20/2022,HLG,WV,AEA,CE,Federal Contract Tower,0,5,5,0,10,0,4,17,12,33,0,9,22,12,43,12,26,38,81
07/21/2022,HLG,WV,AEA,CE,Federal Contract Tower,0,8,0,1,9,0,4,23,15,42,0,12,23,16,51,0,36,36,87
07/22/2022,HLG,WV,AEA,CE,Federal Contract Tower,0,0,1,0,1,0,0,16,8,24,0,0,17,8,25,4,8,12,37
07/23/2022,HLG,WV,AEA,CE,Federal Contract Tower,0,0,3,0,3,0,0,15,0,15,0,0,18,0,18,0,0,0,18
07/24/2022,HLG,WV,AEA,CE,Federal Contract Tower,0,0,1,0,1,0,0,7,2,9,0,0,8,2,10,6,0,6,16
07/25/2022,HLG,WV,AEA,CE,Federal Contract Tower,0,2,0,0,2,0,0,12,0,12,0,2,12,0,14,28,0,28,42
07/26/2022,HLG,WV,AEA,CE,Federal Contract Tower,0,2,5,0,7,0,0,57,0,57,0,2,62,0,64,32,0,32,96
07/27/2022,HLG,WV,AEA,CE,Federal Contract Tower,0,3,3,0,6,0,2,10,2,14,0,5,13,2,20,0,0,0,20
07/28/2022,HLG,WV,AEA,CE,Federal Contract Tower,0,4,1,3,8,0,4,13,0,17,0,8,14,3,25,0,0,0,25
07/29/2022,HLG,WV,AEA,CE,Federal Contract Tower,0,2,1,0,3,0,15,1,0,16,0,17,2,0,19,4,0,4,23
07/30/2022,HLG,WV,AEA,CE,Federal Contract Tower,0,4,0,0,4,0,0,22,0,22,0,4,22,0,26,18,0,18,44
07/31/2022,HLG,WV,AEA,CE,Federal Contract Tower,0,3,6,0,9,0,0,14,0,14,0,3,20,0,23,12,0,12,35
08/01/2022,HLG,WV,AEA,CE,Federal Contract Tower,0,2,0,0,2,0,0,9,1,10,0,2,9,1,12,18,0,18,30
08/02/2022,HLG,WV,AEA,CE,Federal Contract Tower,0,0,0,1,1,0,4,35,2,41,0,4,35,3,42,14,4,18,60
08/03/2022,HLG,WV,AEA,CE,Federal Contract Tower,0,0,4,0,4,0,4,25,5,34,0,4,29,5,38,6,0,6,44
08/04/2022,HLG,WV,AEA,CE,Federal Contract Tower,0,0,2,0,2,0,0,6,0,6,0,0,8,0,8,0,0,0,8
08/05/2022,HLG,WV,AEA,CE,Federal Contract Tower,0,2,0,0,2,0,0,3,10,13,0,2,3,10,15,0,30,30,45
08/06/2022,HLG,WV,AEA,CE,Federal Contract Tower,0,0,1,1,2,0,0,14,2,16,0,0,15,3,18,16,8,24,42
08/07/2022,HLG,WV,AEA,CE,Federal Contract Tower,0,2,0,1,3,0,0,21,3,24,0,2,21,4,27,22,4,26,53
08/08/2022,HLG,WV,AEA,CE,Federal Contract Tower,0,1,0,0,1,0,0,22,12,34,0,1,22,12,35,0,36,36,71
08/09/2022,HLG,WV,AEA,CE,Federal Contract Tower,0,1,0,2,3,0,0,6,2,8,0,1,6,4,11,0,0,0,11
08/10/2022,HLG,WV,AEA,CE,Federal Contract Tower,0,0,1,0,1,0,0,19,0,19,0,0,20,0,20,0,0,0,20
08/11/2022,HLG,WV,AEA,CE,Federal Contract Tower,0,0,2,0,2,0,2,52,0,54,0,2,54,0,56,8,0,8,64
08/12/2022,HLG,WV,AEA,CE,Federal Contract Tower,0,0,1,4,5,0,0,44,2,46,0,0,45,6,51,4,8,12,63
08/13/2022,HLG,WV,AEA,CE,Federal Contract Tower,0,0,4,0,4,0,0,16,1,17,0,0,20,1,21,0,0,0,21
08/14/2022,HLG,WV,AEA,CE,Federal Contract Tower,0,2,0,0,2,0,2,9,0,11,0,4,9,0,13,4,0,4,17
08/15/2022,HLG,WV,AEA,CE,Federal Contract Tower,0,2,0,2,4,0,0,14,4,18,0,2,14,6,22,24,2,26,48
08/16/2022,HLG,WV,AEA,CE,Federal Contract Tower,0,0,2,4,6,0,2,12,0,14,0,2,14,4,20,0,0,0,20
08/17/2022,HLG,WV,AEA,CE,Federal Contract Tower,0,4,5,0,9,0,0,16,4,20,0,4,21,4,29,58,16,74,103
08/18/2022,HLG,WV,AEA,CE,Federal Contract Tower,0,2,1,3,6,0,0,67,9,76,0,2,68,12,82,8,14,22,104
08/19/2022,HLG,WV,AEA,CE,Federal Contract Tower,0,2,4,4,10,0,2,30,6,38,0,4,34,10,48,2,0,2,50
08/20/2022,HLG,WV,AEA,CE,Federal Contract Tower,0,0,1,0,1,0,0,7,0,7,0,0,8,0,8,14,0,14,22
08/21/2022,HLG,WV,AEA,CE,Federal Contract Tower,0,0,0,0,0,0,0,2,0,2,0,0,2,0,2,0,0,0,2
08/22/2022,HLG,WV,AEA,CE,Federal Contract Tower,0,1,0,0,1,0,0,2,4,6,0,1,2,4,7,6,12,18,25
08/23/2022,HLG,WV,AEA,CE,Federal Contract Tower,0,1,0,3,4,0,0,17,2,19,0,1,17,5,23,4,0,4,27
08/24/2022,HLG,WV,AEA,CE,Federal Contract Tower,0,0,0,0,0,0,4,18,2,24,0,4,18,2,24,28,0,28,52
08/25/2022,HLG,WV,AEA,CE,Federal Contract Tower,0,4,0,0,4,0,0,21,0,21,0,4,21,0,25,8,0,8,33
08/26/2022,HLG,WV,AEA,CE,Federal Contract Tower,0,0,1,2,3,0,0,5,6,11,0,0,6,8,14,0,12,12,26
08/27/2022,HLG,WV,AEA,CE,Federal Contract Tower,0,2,6,0,8,0,0,26,3,29,0,2,32,3,37,12,4,16,53
08/28/2022,HLG,WV,AEA,CE,Federal Contract Tower,0,0,3,0,3,0,0,31,0,31,0,0,34,0,34,4,0,4,38
08/29/2022,HLG,WV,AEA,CE,Federal Contract Tower,0,0,3,0,3,0,0,25,0,25,0,0,28,0,28,0,0,0,28
08/30/2022,HLG,WV,AEA,CE,Federal Contract Tower,0,4,0,0,4,0,0,6,0,6,0,4,6,0,10,8,0,8,18
08/31/2022,HLG,WV,AEA,CE,Federal Contract Tower,0,1,2,1,4,0,2,11,6,19,0,3,13,7,23,0,16,16,39
09/01/2022,HLG,WV,AEA,CE,Federal Contract Tower,0,0,0,2,2,0,0,26,2,28,0,0,26,4,30,6,8,14,44
09/02/2022,HLG,WV,AEA,CE,Federal Contract Tower,0,4,2,0,6,0,0,12,7,19,0,4,14,7,25,0,4,4,29
09/03/2022,HLG,WV,AEA,CE,Federal Contract Tower,0,2,0,0,2,0,0,14,0,14,0,2,14,0,16,14,0,14,30
09/04/2022,HLG,WV,AEA,CE,Federal Contract Tower,0,0,2,0,2,0,0,2,0,2,0,0,4,0,4,0,0,0,4
09/05/2022,HLG,WV,AEA,CE,Federal Contract Tower,0,1,2,0,3,0,4,4,0,8,0,5,6,0,11,0,0,0,11
09/06/2022,HLG,WV,AEA,CE,Federal Contract Tower,0,1,2,0,3,0,0,3,0,3,0,1,5,0,6,0,0,0,6
09/07/2022,HLG,WV,AEA,CE,Federal Contract Tower,0,3,1,0,4,0,2,16,0,18,0,5,17,0,22,0,0,0,22
09/08/2022,HLG,WV,AEA,CE,Federal Contract Tower,0,2,1,0,3,0,2,13,0,15,0,4,14,0,18,10,0,10,28
09/09/2022,HLG,WV,AEA,CE,Federal Contract Tower,0,4,3,0,7,0,2,21,5,28,0,6,24,5,35,0,0,0,35
09/10/2022,HLG,WV,AEA,CE,Federal Contract Tower,0,1,7,0,8,0,0,22,0,22,0,1,29,0,30,10,0,10,40
09/11/2022,HLG,WV,AEA,CE,Federal Contract Tower,0,2,1,0,3,0,0,4,0,4,0,2,5,0,7,2,0,2,9
09/12/2022,HLG,WV,AEA,CE,Federal Contract Tower,0,0,5,0,5,0,0,13,6,19,0,0,18,6,24,0,42,42,66
09/13/2022,HLG,WV,AEA,CE,Federal Contract Tower,0,3,3,0,6,0,0,4,3,7,0,3,7,3,13,0,30,30,43
09/14/2022,HLG,WV,AEA,CE,Federal Contract Tower,0,4,0,0,4,0,0,11,0,11,0,4,11,0,15,16,0,16,31
09/15/2022,HLG,WV,AEA,CE,Federal Contract Tower,0,1,0,2,3,0,0,6,0,6,0,1,6,2,9,6,0,6,15
09/16/2022,HLG,WV,AEA,CE,Federal Contract Tower,0,1,3,0,4,0,2,17,5,24,0,3,20,5,28,2,16,18,46
09/17/2022,HLG,WV,AEA,CE,Federal Contract Tower,0,0,0,0,0,0,0,14,0,14,0,0,14,0,14,0,0,0,14
09/18/2022,HLG,WV,AEA,CE,Federal Contract Tower,0,0,5,0,5,0,0,11,0,11,0,0,16,0,16,0,0,0,16
09/19/2022,HLG,WV,AEA,CE,Federal Contract Tower,0,2,1,0,3,0,2,2,4,8,0,4,3,4,11,8,32,40,51
09/20/2022,HLG,WV,AEA,CE,Federal Contract Tower,0,2,0,1,3,0,4,8,1,13,0,6,8,2,16,0,0,0,16
09/21/2022,HLG,WV,AEA,CE,Federal Contract Tower,0,1,0,0,1,0,0,3,0,3,0,1,3,0,4,0,0,0,4
09/22/2022,HLG,WV,AEA,CE,Federal Contract Tower,0,2,5,0,7,0,0,8,0,8,0,2,13,0,15,12,0,12,27
09/23/2022,HLG,WV,AEA,CE,Federal Contract Tower,0,3,1,0,4,0,0,17,8,25,0,3,18,8,29,14,18,32,61
09/24/2022,HLG,WV,AEA,CE,Federal Contract Tower,0,0,1,1,2,0,0,101,6,107,0,0,102,7,109,2,26,28,137
09/25/2022,HLG,WV,AEA,CE,Federal Contract Tower,0,0,1,0,1,0,0,3,2,5,0,0,4,2,6,0,0,0,6
09/26/2022,HLG,WV,AEA,CE,Federal Contract Tower,0,0,0,1,1,0,0,10,7,17,0,0,10,8,18,12,16,28,46
09/27/2022,HLG,WV,AEA,CE,Federal Contract Tower,0,0,1,0,1,0,0,4,0,4,0,0,5,0,5,0,0,0,5
09/28/2022,HLG,WV,AEA,CE,Federal Contract Tower,0,2,1,1,4,0,0,2,1,3,0,2,3,2,7,0,14,14,21
09/29/2022,HLG,WV,AEA,CE,Federal Contract Tower,0,0,1,0,1,0,0,13,2,15,0,0,14,2,16,16,0,16,32
09/30/2022,HLG,WV,AEA,CE,Federal Contract Tower,0,0,0,0,0,0,2,21,0,23,0,2,21,0,23,0,0,0,23
10/01/2022,HLG,WV,AEA,CE,Federal Contract Tower,0,0,0,0,0,0,0,0,0,0,0,0,0,0,0,0,0,0,0
10/02/2022,HLG,WV,AEA,CE,Federal Contract Tower,0,2,0,0,2,0,0,8,0,8,0,2,8,0,10,12,0,12,22
10/03/2022,HLG,WV,AEA,CE,Federal Contract Tower,0,0,0,0,0,0,0,32,4,36,0,0,32,4,36,8,42,50,86
10/04/2022,HLG,WV,AEA,CE,Federal Contract Tower,0,4,0,0,4,0,0,22,2,24,0,4,22,2,28,22,0,22,50
10/05/2022,HLG,WV,AEA,CE,Federal Contract Tower,0,0,5,0,5,0,2,33,0,35,0,2,38,0,40,34,0,34,74
10/06/2022,HLG,WV,AEA,CE,Federal Contract Tower,0,1,1,0,2,0,2,28,0,30,0,3,29,0,32,48,0,48,80
10/07/2022,HLG,WV,AEA,CE,Federal Contract Tower,0,4,2,1,7,0,0,4,0,4,0,4,6,1,11,4,0,4,15
10/08/2022,HLG,WV,AEA,CE,Federal Contract Tower,0,0,8,0,8,0,0,18,1,19,0,0,26,1,27,6,0,6,33
10/09/2022,HLG,WV,AEA,CE,Federal Contract Tower,0,0,1,0,1,0,0,22,0,22,0,0,23,0,23,14,0,14,37
10/10/2022,HLG,WV,AEA,CE,Federal Contract Tower,0,0,0,0,0,0,0,19,6,25,0,0,19,6,25,0,14,14,39
10/11/2022,HLG,WV,AEA,CE,Federal Contract Tower,0,2,0,0,2,0,0,13,0,13,0,2,13,0,15,28,0,28,43
10/12/2022,HLG,WV,AEA,CE,Federal Contract Tower,0,3,1,0,4,0,0,7,0,7,0,3,8,0,11,0,0,0,11
10/13/2022,HLG,WV,AEA,CE,Federal Contract Tower,0,1,0,0,1,0,4,10,0,14,0,5,10,0,15,12,0,12,27
10/14/2022,HLG,WV,AEA,CE,Federal Contract Tower,0,1,2,1,4,0,0,14,30,44,0,1,16,31,48,8,12,20,68
10/15/2022,HLG,WV,AEA,CE,Federal Contract Tower,0,0,4,0,4,0,2,13,16,31,0,2,17,16,35,16,34,50,85
10/16/2022,HLG,WV,AEA,CE,Federal Contract Tower,0,2,0,0,2,0,2,8,12,22,0,4,8,12,24,4,30,34,58
10/17/2022,HLG,WV,AEA,CE,Federal Contract Tower,0,4,0,0,4,0,4,3,10,17,0,8,3,10,21,0,46,46,67
10/18/2022,HLG,WV,AEA,CE,Federal Contract Tower,0,0,0,0,0,0,0,2,0,2,0,0,2,0,2,0,0,0,2
10/19/2022,HLG,WV,AEA,CE,Federal Contract Tower,0,0,0,3,3,0,0,0,3,3,0,0,0,6,6,0,22,22,28
10/20/2022,HLG,WV,AEA,CE,Federal Contract Tower,0,0,0,0,0,0,6,6,6,18,0,6,6,6,18,0,16,16,34
10/21/2022,HLG,WV,AEA,CE,Federal Contract Tower,0,0,1,0,1,0,2,25,17,44,0,2,26,17,45,8,54,62,107
10/22/2022,HLG,WV,AEA,CE,Federal Contract Tower,0,0,1,0,1,0,0,25,6,31,0,0,26,6,32,30,12,42,74
10/23/2022,HLG,WV,AEA,CE,Federal Contract Tower,0,0,5,1,6,0,0,28,3,31,0,0,33,4,37,12,6,18,55
10/24/2022,HLG,WV,AEA,CE,Federal Contract Tower,0,0,0,0,0,0,0,22,2,24,0,0,22,2,24,0,0,0,24
10/25/2022,HLG,WV,AEA,CE,Federal Contract Tower,0,6,0,0,6,0,2,15,9,26,0,8,15,9,32,0,20,20,52
10/26/2022,HLG,WV,AEA,CE,Federal Contract Tower,0,2,0,0,2,0,0,0,1,1,0,2,0,1,3,0,4,4,7
10/27/2022,HLG,WV,AEA,CE,Federal Contract Tower,0,3,0,0,3,0,0,8,2,10,0,3,8,2,13,18,0,18,31
10/28/2022,HLG,WV,AEA,CE,Federal Contract Tower,0,2,0,0,2,0,2,16,8,26,0,4,16,8,28,0,32,32,60
10/29/2022,HLG,WV,AEA,CE,Federal Contract Tower,0,1,3,0,4,0,0,12,0,12,0,1,15,0,16,0,0,0,16
10/30/2022,HLG,WV,AEA,CE,Federal Contract Tower,0,0,4,0,4,0,4,15,0,19,0,4,19,0,23,12,0,12,35
10/31/2022,HLG,WV,AEA,CE,Federal Contract Tower,0,0,0,0,0,0,0,0,2,2,0,0,0,2,2,0,48,48,50
11/01/2022,HLG,WV,AEA,CE,Federal Contract Tower,0,10,2,2,14,0,0,10,0,10,0,10,12,2,24,10,0,10,34
11/02/2022,HLG,WV,AEA,CE,Federal Contract Tower,0,0,0,0,0,0,0,15,3,18,0,0,15,3,18,56,36,92,110
11/03/2022,HLG,WV,AEA,CE,Federal Contract Tower,0,2,2,1,5,0,2,19,14,35,0,4,21,15,40,20,54,74,114
11/04/2022,HLG,WV,AEA,CE,Federal Contract Tower,0,0,0,1,1,0,0,26,24,50,0,0,26,25,51,2,46,48,99
11/05/2022,HLG,WV,AEA,CE,Federal Contract Tower,0,0,0,4,4,0,0,0,15,15,0,0,0,19,19,0,34,34,53
11/06/2022,HLG,WV,AEA,CE,Federal Contract Tower,0,0,0,2,2,0,0,12,8,20,0,0,12,10,22,18,14,32,54
11/07/2022,HLG,WV,AEA,CE,Federal Contract Tower,0,0,3,0,3,0,0,6,10,16,0,0,9,10,19,0,54,54,73
11/08/2022,HLG,WV,AEA,CE,Federal Contract Tower,0,0,0,4,4,0,4,21,8,33,0,4,21,12,37,18,14,32,69
11/09/2022,HLG,WV,AEA,CE,Federal Contract Tower,0,4,0,0,4,0,0,27,12,39,0,4,27,12,43,32,26,58,101
11/10/2022,HLG,WV,AEA,CE,Federal Contract Tower,0,0,0,0,0,0,2,12,6,20,0,2,12,6,20,8,16,24,44
11/11/2022,HLG,WV,AEA,CE,Federal Contract Tower,0,0,0,0,0,0,0,0,0,0,0,0,0,0,0,0,0,0,0
11/12/2022,HLG,WV,AEA,CE,Federal Contract Tower,0,1,0,0,1,0,0,2,0,2,0,1,2,0,3,0,0,0,3
11/13/2022,HLG,WV,AEA,CE,Federal Contract Tower,0,2,1,0,3,0,0,13,0,13,0,2,14,0,16,32,0,32,48
11/14/2022,HLG,WV,AEA,CE,Federal Contract Tower,0,5,1,1,7,0,0,10,10,20,0,5,11,11,27,0,58,58,85
11/15/2022,HLG,WV,AEA,CE,Federal Contract Tower,0,3,0,0,3,0,0,10,0,10,0,3,10,0,13,0,0,0,13
11/16/2022,HLG,WV,AEA,CE,Federal Contract Tower,0,2,0,0,2,0,0,0,13,13,0,2,0,13,15,12,64,76,91
11/17/2022,HLG,WV,AEA,CE,Federal Contract Tower,0,0,0,0,0,0,0,2,17,19,0,0,2,17,19,0,46,46,65
11/18/2022,HLG,WV,AEA,CE,Federal Contract Tower,0,4,0,0,4,0,0,2,9,11,0,4,2,9,15,0,50,50,65
11/19/2022,HLG,WV,AEA,CE,Federal Contract Tower,0,3,0,0,3,0,0,3,6,9,0,3,3,6,12,0,20,20,32
11/20/2022,HLG,WV,AEA,CE,Federal Contract Tower,0,0,0,0,0,0,0,15,1,16,0,0,15,1,16,2,2,4,20
11/21/2022,HLG,WV,AEA,CE,Federal Contract Tower,0,0,2,0,2,0,14,21,3,38,0,14,23,3,40,0,6,6,46
11/22/2022,HLG,WV,AEA,CE,Federal Contract Tower,0,0,0,0,0,0,2,37,0,39,0,2,37,0,39,2,0,2,41
11/23/2022,HLG,WV,AEA,CE,Federal Contract Tower,0,5,2,0,7,0,0,20,2,22,0,5,22,2,29,12,0,12,41
11/24/2022,HLG,WV,AEA,CE,Federal Contract Tower,0,0,0,0,0,0,0,8,0,8,0,0,8,0,8,0,0,0,8
11/25/2022,HLG,WV,AEA,CE,Federal Contract Tower,0,1,4,0,5,0,0,13,0,13,0,1,17,0,18,4,0,4,22
11/26/2022,HLG,WV,AEA,CE,Federal Contract Tower,0,4,3,0,7,0,0,30,2,32,0,4,33,2,39,24,0,24,63
11/27/2022,HLG,WV,AEA,CE,Federal Contract Tower,0,0,0,0,0,0,0,0,0,0,0,0,0,0,0,0,0,0,0
11/28/2022,HLG,WV,AEA,CE,Federal Contract Tower,0,1,0,0,1,0,0,2,0,2,0,1,2,0,3,0,0,0,3
11/29/2022,HLG,WV,AEA,CE,Federal Contract Tower,0,0,0,0,0,0,4,14,2,20,0,4,14,2,20,6,0,6,26
11/30/2022,HLG,WV,AEA,CE,Federal Contract Tower,0,0,2,0,2,0,0,2,2,4,0,0,4,2,6,0,0,0,6
12/01/2022,HLG,WV,AEA,CE,Federal Contract Tower,0,0,0,0,0,0,9,30,2,41,0,9,30,2,41,38,0,38,79
12/02/2022,HLG,WV,AEA,CE,Federal Contract Tower,0,2,0,5,7,0,0,7,36,43,0,2,7,41,50,8,92,100,150
12/03/2022,HLG,WV,AEA,CE,Federal Contract Tower,0,2,0,6,8,0,0,2,20,22,0,2,2,26,30,0,66,66,96
12/04/2022,HLG,WV,AEA,CE,Federal Contract Tower,0,0,3,0,3,0,0,26,2,28,0,0,29,2,31,0,0,0,31
12/05/2022,HLG,WV,AEA,CE,Federal Contract Tower,0,0,0,0,0,0,0,8,12,20,0,0,8,12,20,8,38,46,66
12/06/2022,HLG,WV,AEA,CE,Federal Contract Tower,0,6,0,0,6,0,0,0,0,0,0,6,0,0,6,0,0,0,6
12/07/2022,HLG,WV,AEA,CE,Federal Contract Tower,0,1,0,2,3,0,0,1,0,1,0,1,1,2,4,0,0,0,4
12/08/2022,HLG,WV,AEA,CE,Federal Contract Tower,0,4,4,0,8,0,0,1,2,3,0,4,5,2,11,0,0,0,11
12/09/2022,HLG,WV,AEA,CE,Federal Contract Tower,0,0,3,0,3,0,0,22,2,24,0,0,25,2,27,42,0,42,69
12/10/2022,HLG,WV,AEA,CE,Federal Contract Tower,0,0,0,0,0,0,0,2,0,2,0,0,2,0,2,0,0,0,2
12/11/2022,HLG,WV,AEA,CE,Federal Contract Tower,0,0,2,0,2,0,0,4,0,4,0,0,6,0,6,0,0,0,6
12/12/2022,HLG,WV,AEA,CE,Federal Contract Tower,0,0,0,0,0,0,2,8,10,20,0,2,8,10,20,0,12,12,32
12/13/2022,HLG,WV,AEA,CE,Federal Contract Tower,0,0,3,1,4,0,0,21,3,24,0,0,24,4,28,2,4,6,34
12/14/2022,HLG,WV,AEA,CE,Federal Contract Tower,0,5,1,2,8,0,0,15,0,15,0,5,16,2,23,16,0,16,39
12/15/2022,HLG,WV,AEA,CE,Federal Contract Tower,0,1,0,0,1,0,0,0,0,0,0,1,0,0,1,0,0,0,1
12/16/2022,HLG,WV,AEA,CE,Federal Contract Tower,0,4,0,0,4,0,0,11,0,11,0,4,11,0,15,8,0,8,23
12/17/2022,HLG,WV,AEA,CE,Federal Contract Tower,0,3,0,2,5,0,0,2,6,8,0,3,2,8,13,0,18,18,31
12/18/2022,HLG,WV,AEA,CE,Federal Contract Tower,0,1,2,0,3,0,0,8,4,12,0,1,10,4,15,0,14,14,29
12/19/2022,HLG,WV,AEA,CE,Federal Contract Tower,0,1,0,0,1,0,0,22,0,22,0,1,22,0,23,10,0,10,33
12/20/2022,HLG,WV,AEA,CE,Federal Contract Tower,0,0,1,0,1,0,0,49,0,49,0,0,50,0,50,0,0,0,50
12/21/2022,HLG,WV,AEA,CE,Federal Contract Tower,0,0,3,0,3,0,0,47,1,48,0,0,50,1,51,0,0,0,51
12/22/2022,HLG,WV,AEA,CE,Federal Contract Tower,0,0,0,0,0,0,0,0,0,0,0,0,0,0,0,0,0,0,0
12/23/2022,HLG,WV,AEA,CE,Federal Contract Tower,0,0,0,0,0,0,0,0,0,0,0,0,0,0,0,0,0,0,0
12/24/2022,HLG,WV,AEA,CE,Federal Contract Tower,0,0,0,0,0,0,0,0,0,0,0,0,0,0,0,0,0,0,0
12/25/2022,HLG,WV,AEA,CE,Federal Contract Tower,0,0,0,0,0,0,0,0,0,0,0,0,0,0,0,0,0,0,0
12/26/2022,HLG,WV,AEA,CE,Federal Contract Tower,0,0,1,0,1,0,0,6,0,6,0,0,7,0,7,0,0,0,7
12/27/2022,HLG,WV,AEA,CE,Federal Contract Tower,0,4,0,0,4,0,0,2,0,2,0,4,2,0,6,0,0,0,6
12/28/2022,HLG,WV,AEA,CE,Federal Contract Tower,0,0,2,0,2,0,0,14,0,14,0,0,16,0,16,0,0,0,16
12/29/2022,HLG,WV,AEA,CE,Federal Contract Tower,0,0,2,0,2,0,2,15,2,19,0,2,17,2,21,28,0,28,49
12/30/2022,HLG,WV,AEA,CE,Federal Contract Tower,0,0,0,0,0,0,0,4,0,4,0,0,4,0,4,8,0,8,12
12/31/2022,HLG,WV,AEA,CE,Federal Contract Tower,0,0,0,0,0,0,0,0,0,0,0,0,0,0,0,0,0,0,0
01/01/2023,HLG,WV,AEA,CE,Federal Contract Tower,0,0,2,0,2,0,0,2,0,2,0,0,4,0,4,0,0,0,4
01/02/2023,HLG,WV,AEA,CE,Federal Contract Tower,0,3,0,0,3,0,0,4,0,4,0,3,4,0,7,0,0,0,7
01/03/2023,HLG,WV,AEA,CE,Federal Contract Tower,0,1,2,0,3,0,0,0,0,0,0,1,2,0,3,0,0,0,3
01/04/2023,HLG,WV,AEA,CE,Federal Contract Tower,0,0,0,0,0,0,2,0,0,2,0,2,0,0,2,0,0,0,2
01/05/2023,HLG,WV,AEA,CE,Federal Contract Tower,0,2,0,0,2,0,4,14,2,20,0,6,14,2,22,0,6,6,28
01/06/2023,HLG,WV,AEA,CE,Federal Contract Tower,0,0,0,0,0,0,0,2,12,14,0,0,2,12,14,0,46,46,60
01/07/2023,HLG,WV,AEA,CE,Federal Contract Tower,0,0,0,0,0,0,0,2,20,22,0,0,2,20,22,0,80,80,102
01/08/2023,HLG,WV,AEA,CE,Federal Contract Tower,0,2,2,0,4,0,6,12,10,28,0,8,14,10,32,34,14,48,80
01/09/2023,HLG,WV,AEA,CE,Federal Contract Tower,0,3,0,2,5,0,0,16,11,27,0,3,16,13,32,6,22,28,60
01/10/2023,HLG,WV,AEA,CE,Federal Contract Tower,0,5,0,0,5,0,0,24,8,32,0,5,24,8,37,22,32,54,91
01/11/2023,HLG,WV,AEA,CE,Federal Contract Tower,0,0,0,2,2,0,0,16,6,22,0,0,16,8,24,0,16,16,40
01/12/2023,HLG,WV,AEA,CE,Federal Contract Tower,0,0,0,0,0,0,0,0,2,2,0,0,0,2,2,0,44,44,46
01/13/2023,HLG,WV,AEA,CE,Federal Contract Tower,0,0,2,0,2,0,0,0,2,2,0,0,2,2,4,0,10,10,14
01/14/2023,HLG,WV,AEA,CE,Federal Contract Tower,0,0,1,0,1,0,0,4,2,6,0,0,5,2,7,0,0,0,7
01/15/2023,HLG,WV,AEA,CE,Federal Contract Tower,0,0,7,0,7,0,0,37,0,37,0,0,44,0,44,26,0,26,70
01/16/2023,HLG,WV,AEA,CE,Federal Contract Tower,0,2,1,0,3,0,0,12,2,14,0,2,13,2,17,2,0,2,19
01/17/2023,HLG,WV,AEA,CE,Federal Contract Tower,0,2,0,0,2,0,0,2,0,2,0,2,2,0,4,0,0,0,4
01/18/2023,HLG,WV,AEA,CE,Federal Contract Tower,0,0,1,2,3,0,0,6,7,13,0,0,7,9,16,0,28,28,44
01/19/2023,HLG,WV,AEA,CE,Federal Contract Tower,0,4,8,0,12,0,4,7,0,11,0,8,15,0,23,8,0,8,31
01/20/2023,HLG,WV,AEA,CE,Federal Contract Tower,0,0,0,0,0,0,0,0,4,4,0,0,0,4,4,0,22,22,26
01/21/2023,HLG,WV,AEA,CE,Federal Contract Tower,0,0,0,0,0,0,0,6,5,11,0,0,6,5,11,8,10,18,29
01/22/2023,HLG,WV,AEA,CE,Federal Contract Tower,0,0,0,0,0,0,0,0,0,0,0,0,0,0,0,0,0,0,0
01/23/2023,HLG,WV,AEA,CE,Federal Contract Tower,0,0,0,1,1,0,0,2,3,5,0,0,2,4,6,0,30,30,36
01/24/2023,HLG,WV,AEA,CE,Federal Contract Tower,0,4,0,0,4,0,0,2,3,5,0,4,2,3,9,2,0,2,11
01/25/2023,HLG,WV,AEA,CE,Federal Contract Tower,0,0,1,0,1,0,0,0,0,0,0,0,1,0,1,0,0,0,1
01/26/2023,HLG,WV,AEA,CE,Federal Contract Tower,0,0,0,0,0,0,0,0,0,0,0,0,0,0,0,0,0,0,0
01/27/2023,HLG,WV,AEA,CE,Federal Contract Tower,0,2,1,3,6,0,0,9,2,11,0,2,10,5,17,0,10,10,27
01/28/2023,HLG,WV,AEA,CE,Federal Contract Tower,0,1,0,0,1,0,0,7,0,7,0,1,7,0,8,6,0,6,14
01/29/2023,HLG,WV,AEA,CE,Federal Contract Tower,0,0,0,0,0,0,0,6,0,6,0,0,6,0,6,94,0,94,100
01/30/2023,HLG,WV,AEA,CE,Federal Contract Tower,0,0,0,0,0,0,0,0,0,0,0,0,0,0,0,0,20,20,20
01/31/2023,HLG,WV,AEA,CE,Federal Contract Tower,0,0,0,3,3,0,0,2,2,4,0,0,2,5,7,0,0,0,7
02/01/2023,HLG,WV,AEA,CE,Federal Contract Tower,0,0,1,0,1,0,0,12,0,12,0,0,13,0,13,6,0,6,19
02/02/2023,HLG,WV,AEA,CE,Federal Contract Tower,0,0,5,0,5,0,0,20,2,22,0,0,25,2,27,4,0,4,31
02/03/2023,HLG,WV,AEA,CE,Federal Contract Tower,0,0,2,5,7,0,0,15,22,37,0,0,17,27,44,0,64,64,108
02/04/2023,HLG,WV,AEA,CE,Federal Contract Tower,0,2,0,5,7,0,0,18,11,29,0,2,18,16,36,0,10,10,46
02/05/2023,HLG,WV,AEA,CE,Federal Contract Tower,0,0,0,3,3,0,0,6,9,15,0,0,6,12,18,24,20,44,62
02/06/2023,HLG,WV,AEA,CE,Federal Contract Tower,0,1,0,2,3,0,0,7,11,18,0,1,7,13,21,2,52,54,75
02/07/2023,HLG,WV,AEA,CE,Federal Contract Tower,0,3,0,0,3,0,0,0,1,1,0,3,0,1,4,0,0,0,4
02/08/2023,HLG,WV,AEA,CE,Federal Contract Tower,0,4,2,2,8,0,0,1,15,16,0,4,3,17,24,6,0,6,30
02/09/2023,HLG,WV,AEA,CE,Federal Contract Tower,0,1,0,2,3,0,0,2,2,4,0,1,2,4,7,0,0,0,7
02/10/2023,HLG,WV,AEA,CE,Federal Contract Tower,0,0,0,6,6,0,0,5,12,17,0,0,5,18,23,4,46,50,73
02/11/2023,HLG,WV,AEA,CE,Federal Contract Tower,0,0,6,1,7,0,0,20,2,22,0,0,26,3,29,14,2,16,45
02/12/2023,HLG,WV,AEA,CE,Federal Contract Tower,0,0,5,0,5,0,2,12,2,16,0,2,17,2,21,48,0,48,69
02/13/2023,HLG,WV,AEA,CE,Federal Contract Tower,0,0,3,3,6,0,0,11,7,18,0,0,14,10,24,0,34,34,58
02/14/2023,HLG,WV,AEA,CE,Federal Contract Tower,0,2,4,3,9,0,0,32,10,42,0,2,36,13,51,18,44,62,113
02/15/2023,HLG,WV,AEA,CE,Federal Contract Tower,0,1,0,0,1,0,0,7,7,14,0,1,7,7,15,0,26,26,41
02/16/2023,HLG,WV,AEA,CE,Federal Contract Tower,0,0,0,8,8,0,0,0,0,0,0,0,0,8,8,0,0,0,8
02/17/2023,HLG,WV,AEA,CE,Federal Contract Tower,0,0,0,0,0,0,0,2,0,2,0,0,2,0,2,2,0,2,4
02/18/2023,HLG,WV,AEA,CE,Federal Contract Tower,0,0,1,0,1,0,0,16,0,16,0,0,17,0,17,16,0,16,33
02/19/2023,HLG,WV,AEA,CE,Federal Contract Tower,0,2,0,0,2,0,0,5,0,5,0,2,5,0,7,0,0,0,7
02/20/2023,HLG,WV,AEA,CE,Federal Contract Tower,0,0,1,0,1,0,0,12,0,12,0,0,13,0,13,0,0,0,13
02/21/2023,HLG,WV,AEA,CE,Federal Contract Tower,0,2,0,4,6,0,0,2,9,11,0,2,2,13,17,0,32,32,49
02/22/2023,HLG,WV,AEA,CE,Federal Contract Tower,0,4,0,0,4,0,0,0,0,0,0,4,0,0,4,0,0,0,4
02/23/2023,HLG,WV,AEA,CE,Federal Contract Tower,0,6,1,0,7,0,2,3,0,5,0,8,4,0,12,0,0,0,12
02/24/2023,HLG,WV,AEA,CE,Federal Contract Tower,0,2,1,0,3,0,0,11,4,15,0,2,12,4,18,0,8,8,26
02/25/2023,HLG,WV,AEA,CE,Federal Contract Tower,0,0,2,0,2,0,0,24,0,24,0,0,26,0,26,10,0,10,36
02/26/2023,HLG,WV,AEA,CE,Federal Contract Tower,0,3,4,0,7,0,0,8,0,8,0,3,12,0,15,12,0,12,27
02/27/2023,HLG,WV,AEA,CE,Federal Contract Tower,0,1,3,0,4,0,0,2,0,2,0,1,5,0,6,0,0,0,6
02/28/2023,HLG,WV,AEA,CE,Federal Contract Tower,0,0,2,0,2,0,0,8,2,10,0,0,10,2,12,0,0,0,12
03/01/2023,HLG,WV,AEA,CE,Federal Contract Tower,0,0,0,0,0,0,0,27,5,32,0,0,27,5,32,4,36,40,72
03/02/2023,HLG,WV,AEA,CE,Federal Contract Tower,0,0,5,1,6,0,2,15,11,28,0,2,20,12,34,4,40,44,78
03/03/2023,HLG,WV,AEA,CE,Federal Contract Tower,0,0,0,0,0,0,0,0,4,4,0,0,0,4,4,0,16,16,20
03/04/2023,HLG,WV,AEA,CE,Federal Contract Tower,0,2,2,3,7,0,0,4,19,23,0,2,6,22,30,0,36,36,66
03/05/2023,HLG,WV,AEA,CE,Federal Contract Tower,0,0,2,0,2,0,0,33,15,48,0,0,35,15,50,14,20,34,84
03/06/2023,HLG,WV,AEA,CE,Federal Contract Tower,0,0,0,2,2,0,0,8,17,25,0,0,8,19,27,8,48,56,83
03/07/2023,HLG,WV,AEA,CE,Federal Contract Tower,0,4,2,0,6,0,2,4,4,10,0,6,6,4,16,0,0,0,16
03/08/2023,HLG,WV,AEA,CE,Federal Contract Tower,0,2,1,0,3,0,0,15,2,17,0,2,16,2,20,0,8,8,28
03/09/2023,HLG,WV,AEA,CE,Federal Contract Tower,0,2,5,0,7,0,0,19,3,22,0,2,24,3,29,10,4,14,43
03/10/2023,HLG,WV,AEA,CE,Federal Contract Tower,0,0,0,0,0,0,0,0,0,0,0,0,0,0,0,0,0,0,0
03/11/2023,HLG,WV,AEA,CE,Federal Contract Tower,0,0,2,0,2,0,0,13,1,14,0,0,15,1,16,16,0,16,32
03/12/2023,HLG,WV,AEA,CE,Federal Contract Tower,0,2,0,0,2,0,0,0,2,2,0,2,0,2,4,0,0,0,4
03/13/2023,HLG,WV,AEA,CE,Federal Contract Tower,0,0,0,1,1,0,0,0,3,3,0,0,0,4,4,0,6,6,10
03/14/2023,HLG,WV,AEA,CE,Federal Contract Tower,0,0,0,0,0,0,0,0,0,0,0,0,0,0,0,0,0,0,0
03/15/2023,HLG,WV,AEA,CE,Federal Contract Tower,0,0,3,0,3,0,0,10,1,11,0,0,13,1,14,0,0,0,14
03/16/2023,HLG,WV,AEA,CE,Federal Contract Tower,0,2,3,0,5,0,0,17,2,19,0,2,20,2,24,16,0,16,40
03/17/2023,HLG,WV,AEA,CE,Federal Contract Tower,0,0,0,0,0,0,0,0,0,0,0,0,0,0,0,0,0,0,0
03/18/2023,HLG,WV,AEA,CE,Federal Contract Tower,0,0,0,0,0,0,0,1,0,1,0,0,1,0,1,0,0,0,1
03/19/2023,HLG,WV,AEA,CE,Federal Contract Tower,0,0,1,0,1,0,0,7,1,8,0,0,8,1,9,6,0,6,15
03/20/2023,HLG,WV,AEA,CE,Federal Contract Tower,0,2,0,0,2,0,0,33,4,37,0,2,33,4,39,0,22,22,61
03/21/2023,HLG,WV,AEA,CE,Federal Contract Tower,0,4,2,0,6,0,0,21,3,24,0,4,23,3,30,10,8,18,48
03/22/2023,HLG,WV,AEA,CE,Federal Contract Tower,0,0,1,0,1,0,0,9,0,9,0,0,10,0,10,0,8,8,18
03/23/2023,HLG,WV,AEA,CE,Federal Contract Tower,0,0,0,0,0,0,0,0,0,0,0,0,0,0,0,0,0,0,0
03/24/2023,HLG,WV,AEA,CE,Federal Contract Tower,0,2,0,2,4,0,0,2,0,2,0,2,2,2,6,0,0,0,6
03/25/2023,HLG,WV,AEA,CE,Federal Contract Tower,0,0,0,0,0,0,0,1,0,1,0,0,1,0,1,0,0,0,1
03/26/2023,HLG,WV,AEA,CE,Federal Contract Tower,0,0,2,0,2,0,0,22,0,22,0,0,24,0,24,14,0,14,38
03/27/2023,HLG,WV,AEA,CE,Federal Contract Tower,0,4,4,0,8,0,0,8,13,21,0,4,12,13,29,4,22,26,55
03/28/2023,HLG,WV,AEA,CE,Federal Contract Tower,0,4,1,0,5,0,0,15,2,17,0,4,16,2,22,0,6,6,28
03/29/2023,HLG,WV,AEA,CE,Federal Contract Tower,0,2,2,1,5,0,8,18,9,35,0,10,20,10,40,0,28,28,68
03/30/2023,HLG,WV,AEA,CE,Federal Contract Tower,0,7,3,2,12,0,1,29,9,39,0,8,32,11,51,16,18,34,85
03/31/2023,HLG,WV,AEA,CE,Federal Contract Tower,0,0,1,0,1,0,0,1,6,7,0,0,2,6,8,0,30,30,38
04/01/2023,HLG,WV,AEA,CE,Federal Contract Tower,0,2,0,0,2,0,0,1,6,7,0,2,1,6,9,0,8,8,17
04/02/2023,HLG,WV,AEA,CE,Federal Contract Tower,0,0,0,0,0,0,0,29,8,37,0,0,29,8,37,62,10,72,109
04/03/2023,HLG,WV,AEA,CE,Federal Contract Tower,0,0,0,0,0,0,0,16,4,20,0,0,16,4,20,4,18,22,42
04/04/2023,HLG,WV,AEA,CE,Federal Contract Tower,0,1,0,0,1,0,2,14,0,16,0,3,14,0,17,2,0,2,19
04/05/2023,HLG,WV,AEA,CE,Federal Contract Tower,0,0,1,0,1,0,0,10,4,14,0,0,11,4,15,0,48,48,63
04/06/2023,HLG,WV,AEA,CE,Federal Contract Tower,0,0,0,0,0,0,0,6,0,6,0,0,6,0,6,4,0,4,10
04/07/2023,HLG,WV,AEA,CE,Federal Contract Tower,0,1,6,0,7,0,4,16,1,21,0,5,22,1,28,10,0,10,38
04/08/2023,HLG,WV,AEA,CE,Federal Contract Tower,0,1,1,0,2,0,2,39,5,46,0,3,40,5,48,8,0,8,56
04/09/2023,HLG,WV,AEA,CE,Federal Contract Tower,0,2,0,0,2,0,0,21,0,21,0,2,21,0,23,16,0,16,39
04/10/2023,HLG,WV,AEA,CE,Federal Contract Tower,0,5,0,0,5,0,0,10,8,18,0,5,10,8,23,0,6,6,29
04/11/2023,HLG,WV,AEA,CE,Federal Contract Tower,0,2,0,0,2,0,4,11,6,21,0,6,11,6,23,0,30,30,53
04/12/2023,HLG,WV,AEA,CE,Federal Contract Tower,0,13,1,0,14,0,0,21,2,23,0,13,22,2,37,20,24,44,81
04/13/2023,HLG,WV,AEA,CE,Federal Contract Tower,0,0,0,0,0,0,2,46,3,51,0,2,46,3,51,2,48,50,101
04/14/2023,HLG,WV,AEA,CE,Federal Contract Tower,0,1,0,0,1,0,2,20,7,29,0,3,20,7,30,0,12,12,42
04/15/2023,HLG,WV,AEA,CE,Federal Contract Tower,0,3,0,0,3,0,0,7,0,7,0,3,7,0,10,0,0,0,10
04/16/2023,HLG,WV,AEA,CE,Federal Contract Tower,0,2,6,1,9,0,0,26,0,26,0,2,32,1,35,26,0,26,61
04/17/2023,HLG,WV,AEA,CE,Federal Contract Tower,0,0,0,0,0,0,0,6,2,8,0,0,6,2,8,0,8,8,16
04/18/2023,HLG,WV,AEA,CE,Federal Contract Tower,0,3,1,0,4,0,0,23,4,27,0,3,24,4,31,0,12,12,43
04/19/2023,HLG,WV,AEA,CE,Federal Contract Tower,0,1,1,0,2,0,0,53,0,53,0,1,54,0,55,54,0,54,109
04/20/2023,HLG,WV,AEA,CE,Federal Contract Tower,0,1,1,3,5,0,10,31,11,52,0,11,32,14,57,0,34,34,91
04/21/2023,HLG,WV,AEA,CE,Federal Contract Tower,0,3,2,0,5,0,2,12,6,20,0,5,14,6,25,18,22,40,65
04/22/2023,HLG,WV,AEA,CE,Federal Contract Tower,0,0,0,4,4,0,0,4,5,9,0,0,4,9,13,0,20,20,33
04/23/2023,HLG,WV,AEA,CE,Federal Contract Tower,0,4,4,0,8,0,0,11,1,12,0,4,15,1,20,8,0,8,28
04/24/2023,HLG,WV,AEA,CE,Federal Contract Tower,0,3,3,0,6,0,0,8,6,14,0,3,11,6,20,6,50,56,76
04/25/2023,HLG,WV,AEA,CE,Federal Contract Tower,0,4,2,0,6,0,0,15,7,22,0,4,17,7,28,22,26,48,76
04/26/2023,HLG,WV,AEA,CE,Federal Contract Tower,0,0,1,4,5,0,0,30,5,35,0,0,31,9,40,12,0,12,52
04/27/2023,HLG,WV,AEA,CE,Federal Contract Tower,0,5,1,4,10,0,0,24,4,28,0,5,25,8,38,16,20,36,74
04/28/2023,HLG,WV,AEA,CE,Federal Contract Tower,0,2,0,0,2,0,0,0,0,0,0,2,0,0,2,0,0,0,2
04/29/2023,HLG,WV,AEA,CE,Federal Contract Tower,0,0,7,0,7,0,0,4,3,7,0,0,11,3,14,10,0,10,24
04/30/2023,HLG,WV,AEA,CE,Federal Contract Tower,0,0,6,2,8,0,0,8,2,10,0,0,14,4,18,0,0,0,18
05/01/2023,HLG,WV,AEA,CE,Federal Contract Tower,0,1,0,0,1,0,4,2,0,6,0,5,2,0,7,0,0,0,7
05/02/2023,HLG,WV,AEA,CE,Federal Contract Tower,0,0,0,0,0,0,0,4,0,4,0,0,4,0,4,0,0,0,4
05/03/2023,HLG,WV,AEA,CE,Federal Contract Tower,0,0,0,0,0,0,0,4,0,4,0,0,4,0,4,0,0,0,4
05/04/2023,HLG,WV,AEA,CE,Federal Contract Tower,0,2,4,0,6,0,0,15,2,17,0,2,19,2,23,8,0,8,31
05/05/2023,HLG,WV,AEA,CE,Federal Contract Tower,0,0,1,0,1,0,0,21,7,28,0,0,22,7,29,2,8,10,39
05/06/2023,HLG,WV,AEA,CE,Federal Contract Tower,0,3,2,0,5,0,0,42,0,42,0,3,44,0,47,36,0,36,83
05/07/2023,HLG,WV,AEA,CE,Federal Contract Tower,0,2,2,0,4,0,0,2,5,7,0,2,4,5,11,6,0,6,17
05/08/2023,HLG,WV,AEA,CE,Federal Contract Tower,0,0,2,6,8,0,0,10,17,27,0,0,12,23,35,6,74,80,115
05/09/2023,HLG,WV,AEA,CE,Federal Contract Tower,0,4,0,0,4,0,0,9,10,19,0,4,9,10,23,0,30,30,53
05/10/2023,HLG,WV,AEA,CE,Federal Contract Tower,0,0,0,2,2,0,0,27,16,43,0,0,27,18,45,6,22,28,73
05/11/2023,HLG,WV,AEA,CE,Federal Contract Tower,0,1,0,8,9,0,0,21,16,37,0,1,21,24,46,10,28,38,84
05/12/2023,HLG,WV,AEA,CE,Federal Contract Tower,0,4,0,0,4,0,0,34,2,36,0,4,34,2,40,10,0,10,50
05/13/2023,HLG,WV,AEA,CE,Federal Contract Tower,0,1,2,0,3,0,0,2,0,2,0,1,4,0,5,0,0,0,5
05/14/2023,HLG,WV,AEA,CE,Federal Contract Tower,0,0,0,0,0,0,0,18,2,20,0,0,18,2,20,22,0,22,42
05/15/2023,HLG,WV,AEA,CE,Federal Contract Tower,0,7,0,0,7,0,0,18,2,20,0,7,18,2,27,10,0,10,37
05/16/2023,HLG,WV,AEA,CE,Federal Contract Tower,0,0,0,0,0,0,1,7,4,12,0,1,7,4,12,2,16,18,30
05/17/2023,HLG,WV,AEA,CE,Federal Contract Tower,0,2,0,0,2,0,0,14,0,14,0,2,14,0,16,0,0,0,16
05/18/2023,HLG,WV,AEA,CE,Federal Contract Tower,0,12,1,0,13,0,0,20,0,20,0,12,21,0,33,12,0,12,45
05/19/2023,HLG,WV,AEA,CE,Federal Contract Tower,0,0,0,0,0,0,0,4,1,5,0,0,4,1,5,0,0,0,5
05/20/2023,HLG,WV,AEA,CE,Federal Contract Tower,0,0,1,0,1,0,0,0,0,0,0,0,1,0,1,0,0,0,1
05/21/2023,HLG,WV,AEA,CE,Federal Contract Tower,0,2,4,0,6,0,0,40,0,40,0,2,44,0,46,48,0,48,94
05/22/2023,HLG,WV,AEA,CE,Federal Contract Tower,0,0,6,0,6,0,0,12,9,21,0,0,18,9,27,0,42,42,69
05/23/2023,HLG,WV,AEA,CE,Federal Contract Tower,0,5,1,0,6,0,0,17,4,21,0,5,18,4,27,4,8,12,39
05/24/2023,HLG,WV,AEA,CE,Federal Contract Tower,0,2,1,1,4,0,0,24,3,27,0,2,25,4,31,4,4,8,39
05/25/2023,HLG,WV,AEA,CE,Federal Contract Tower,0,0,0,2,2,0,0,14,1,15,0,0,14,3,17,16,0,16,33
05/26/2023,HLG,WV,AEA,CE,Federal Contract Tower,0,2,2,0,4,0,6,23,8,37,0,8,25,8,41,10,0,10,51
05/27/2023,HLG,WV,AEA,CE,Federal Contract Tower,0,0,0,0,0,0,0,24,0,24,0,0,24,0,24,24,0,24,48
05/28/2023,HLG,WV,AEA,CE,Federal Contract Tower,0,0,0,0,0,0,0,10,0,10,0,0,10,0,10,4,0,4,14
05/29/2023,HLG,WV,AEA,CE,Federal Contract Tower,0,3,2,0,5,0,2,24,0,26,0,5,26,0,31,20,0,20,51
05/30/2023,HLG,WV,AEA,CE,Federal Contract Tower,0,0,0,1,1,0,0,20,15,35,0,0,20,16,36,2,24,26,62
05/31/2023,HLG,WV,AEA,CE,Federal Contract Tower,0,2,2,0,4,0,0,27,3,30,0,2,29,3,34,0,8,8,42
06/01/2023,HLG,WV,AEA,CE,Federal Contract Tower,0,1,2,0,3,0,0,26,6,32,0,1,28,6,35,16,38,54,89
06/02/2023,HLG,WV,AEA,CE,Federal Contract Tower,0,0,2,1,3,0,0,22,16,38,0,0,24,17,41,16,42,58,99
06/03/2023,HLG,WV,AEA,CE,Federal Contract Tower,0,0,2,1,3,0,4,17,13,34,0,4,19,14,37,2,2,4,41
06/04/2023,HLG,WV,AEA,CE,Federal Contract Tower,0,0,2,1,3,0,2,14,7,23,0,2,16,8,26,24,22,46,72
06/05/2023,HLG,WV,AEA,CE,Federal Contract Tower,0,3,2,0,5,0,0,14,7,21,0,3,16,7,26,20,12,32,58
06/06/2023,HLG,WV,AEA,CE,Federal Contract Tower,0,4,3,0,7,0,3,4,4,11,0,7,7,4,18,6,0,6,24
06/07/2023,HLG,WV,AEA,CE,Federal Contract Tower,0,0,0,0,0,0,0,2,6,8,0,0,2,6,8,0,24,24,32
06/08/2023,HLG,WV,AEA,CE,Federal Contract Tower,0,0,5,0,5,0,0,26,0,26,0,0,31,0,31,8,0,8,39
06/09/2023,HLG,WV,AEA,CE,Federal Contract Tower,0,0,2,0,2,0,0,24,1,25,0,0,26,1,27,12,0,12,39
06/10/2023,HLG,WV,AEA,CE,Federal Contract Tower,0,0,2,0,2,0,0,14,0,14,0,0,16,0,16,8,0,8,24
06/11/2023,HLG,WV,AEA,CE,Federal Contract Tower,0,0,0,0,0,0,0,13,0,13,0,0,13,0,13,0,0,0,13
06/12/2023,HLG,WV,AEA,CE,Federal Contract Tower,0,0,0,0,0,0,0,4,1,5,0,0,4,1,5,4,4,8,13
06/13/2023,HLG,WV,AEA,CE,Federal Contract Tower,0,3,1,2,6,0,0,10,0,10,0,3,11,2,16,0,0,0,16
06/14/2023,HLG,WV,AEA,CE,Federal Contract Tower,0,0,4,0,4,0,0,3,4,7,0,0,7,4,11,4,2,6,17
06/15/2023,HLG,WV,AEA,CE,Federal Contract Tower,0,4,0,0,4,0,0,17,6,23,0,4,17,6,27,0,6,6,33
06/16/2023,HLG,WV,AEA,CE,Federal Contract Tower,0,2,2,8,12,0,1,5,0,6,0,3,7,8,18,0,0,0,18
06/17/2023,HLG,WV,AEA,CE,Federal Contract Tower,0,0,1,0,1,0,0,4,0,4,0,0,5,0,5,0,0,0,5
06/18/2023,HLG,WV,AEA,CE,Federal Contract Tower,0,0,1,0,1,0,0,16,0,16,0,0,17,0,17,6,0,6,23
06/19/2023,HLG,WV,AEA,CE,Federal Contract Tower,0,2,2,0,4,0,0,20,4,24,0,2,22,4,28,32,0,32,60
06/20/2023,HLG,WV,AEA,CE,Federal Contract Tower,0,0,1,0,1,0,0,5,0,5,0,0,6,0,6,0,0,0,6
06/21/2023,HLG,WV,AEA,CE,Federal Contract Tower,0,2,0,0,2,0,0,4,2,6,0,2,4,2,8,0,8,8,16
06/22/2023,HLG,WV,AEA,CE,Federal Contract Tower,0,2,1,4,7,0,0,10,9,19,0,2,11,13,26,0,14,14,40
06/23/2023,HLG,WV,AEA,CE,Federal Contract Tower,0,2,2,2,6,0,0,10,0,10,0,2,12,2,16,14,0,14,30
06/24/2023,HLG,WV,AEA,CE,Federal Contract Tower,0,0,11,0,11,0,1,54,0,55,0,1,65,0,66,4,0,4,70
06/25/2023,HLG,WV,AEA,CE,Federal Contract Tower,0,2,0,0,2,0,0,19,0,19,0,2,19,0,21,14,0,14,35
06/26/2023,HLG,WV,AEA,CE,Federal Contract Tower,0,3,0,0,3,0,0,1,2,3,0,3,1,2,6,0,24,24,30
06/27/2023,HLG,WV,AEA,CE,Federal Contract Tower,0,0,2,0,2,0,0,0,0,0,0,0,2,0,2,0,0,0,2
06/28/2023,HLG,WV,AEA,CE,Federal Contract Tower,0,0,8,9,17,0,0,0,1,1,0,0,8,10,18,10,0,10,28
06/29/2023,HLG,WV,AEA,CE,Federal Contract Tower,0,0,13,0,13,0,0,7,0,7,0,0,20,0,20,16,0,16,36
06/30/2023,HLG,WV,AEA,CE,Federal Contract Tower,0,0,0,0,0,0,0,17,0,17,0,0,17,0,17,0,0,0,17
07/01/2023,HLG,WV,AEA,CE,Federal Contract Tower,0,0,0,0,0,0,0,8,0,8,0,0,8,0,8,0,0,0,8
07/02/2023,HLG,WV,AEA,CE,Federal Contract Tower,0,0,3,0,3,0,0,2,0,2,0,0,5,0,5,0,0,0,5
07/03/2023,HLG,WV,AEA,CE,Federal Contract Tower,0,3,1,0,4,0,0,7,0,7,0,3,8,0,11,16,0,16,27
07/04/2023,HLG,WV,AEA,CE,Federal Contract Tower,0,0,1,0,1,0,0,6,0,6,0,0,7,0,7,0,0,0,7
07/05/2023,HLG,WV,AEA,CE,Federal Contract Tower,0,2,8,0,10,0,0,32,0,32,0,2,40,0,42,0,0,0,42
07/06/2023,HLG,WV,AEA,CE,Federal Contract Tower,0,1,2,1,4,0,0,9,0,9,0,1,11,1,13,16,0,16,29
07/07/2023,HLG,WV,AEA,CE,Federal Contract Tower,0,4,0,6,10,0,0,6,12,18,0,4,6,18,28,0,18,18,46
07/08/2023,HLG,WV,AEA,CE,Federal Contract Tower,0,2,4,0,6,0,0,13,5,18,0,2,17,5,24,12,6,18,42
07/09/2023,HLG,WV,AEA,CE,Federal Contract Tower,0,0,4,4,8,0,0,4,0,4,0,0,8,4,12,0,0,0,12
07/10/2023,HLG,WV,AEA,CE,Federal Contract Tower,0,2,2,0,4,0,0,15,2,17,0,2,17,2,21,16,4,20,41
07/11/2023,HLG,WV,AEA,CE,Federal Contract Tower,0,2,0,0,2,0,0,13,3,16,0,2,13,3,18,0,0,0,18
07/12/2023,HLG,WV,AEA,CE,Federal Contract Tower,0,4,7,0,11,0,1,15,2,18,0,5,22,2,29,10,8,18,47
07/13/2023,HLG,WV,AEA,CE,Federal Contract Tower,0,2,2,0,4,0,2,16,2,20,0,4,18,2,24,0,0,0,24
07/14/2023,HLG,WV,AEA,CE,Federal Contract Tower,0,0,1,0,1,0,0,12,0,12,0,0,13,0,13,0,0,0,13
07/15/2023,HLG,WV,AEA,CE,Federal Contract Tower,0,0,2,0,2,0,0,10,1,11,0,0,12,1,13,4,6,10,23
07/16/2023,HLG,WV,AEA,CE,Federal Contract Tower,0,0,5,0,5,0,0,7,0,7,0,0,12,0,12,28,0,28,40
07/17/2023,HLG,WV,AEA,CE,Federal Contract Tower,0,0,0,3,3,0,0,4,1,5,0,0,4,4,8,0,0,0,8
07/18/2023,HLG,WV,AEA,CE,Federal Contract Tower,0,0,0,1,1,0,2,2,8,12,0,2,2,9,13,0,0,0,13
07/19/2023,HLG,WV,AEA,CE,Federal Contract Tower,0,4,0,0,4,0,0,8,0,8,0,4,8,0,12,8,0,8,20
07/20/2023,HLG,WV,AEA,CE,Federal Contract Tower,0,0,2,2,4,0,4,23,0,27,0,4,25,2,31,20,0,20,51
07/21/2023,HLG,WV,AEA,CE,Federal Contract Tower,0,0,7,4,11,0,0,26,0,26,0,0,33,4,37,10,0,10,47
07/22/2023,HLG,WV,AEA,CE,Federal Contract Tower,0,0,5,0,5,0,0,5,2,7,0,0,10,2,12,6,4,10,22
07/23/2023,HLG,WV,AEA,CE,Federal Contract Tower,0,2,3,0,5,0,0,23,1,24,0,2,26,1,29,12,2,14,43
07/24/2023,HLG,WV,AEA,CE,Federal Contract Tower,0,6,0,0,6,0,0,25,1,26,0,6,25,1,32,10,0,10,42
07/25/2023,HLG,WV,AEA,CE,Federal Contract Tower,0,0,0,2,2,0,4,39,0,43,0,4,39,2,45,0,0,0,45
07/26/2023,HLG,WV,AEA,CE,Federal Contract Tower,0,4,0,0,4,0,0,19,3,22,0,4,19,3,26,0,4,4,30
07/27/2023,HLG,WV,AEA,CE,Federal Contract Tower,0,0,6,2,8,0,0,8,2,10,0,0,14,4,18,0,0,0,18
07/28/2023,HLG,WV,AEA,CE,Federal Contract Tower,0,1,3,0,4,0,2,13,3,18,0,3,16,3,22,6,4,10,32
07/29/2023,HLG,WV,AEA,CE,Federal Contract Tower,0,1,0,0,1,0,0,8,0,8,0,1,8,0,9,2,0,2,11
07/30/2023,HLG,WV,AEA,CE,Federal Contract Tower,0,1,0,0,1,0,0,19,4,23,0,1,19,4,24,32,0,32,56
07/31/2023,HLG,WV,AEA,CE,Federal Contract Tower,0,3,0,0,3,0,0,18,8,26,0,3,18,8,29,2,24,26,55
08/01/2023,HLG,WV,AEA,CE,Federal Contract Tower,0,0,2,0,2,0,0,14,2,16,0,0,16,2,18,4,0,4,22
08/02/2023,HLG,WV,AEA,CE,Federal Contract Tower,0,4,2,0,6,0,0,7,0,7,0,4,9,0,13,0,0,0,13
08/03/2023,HLG,WV,AEA,CE,Federal Contract Tower,0,0,2,0,2,0,0,26,0,26,0,0,28,0,28,8,0,8,36
08/04/2023,HLG,WV,AEA,CE,Federal Contract Tower,0,0,1,0,1,0,0,28,9,37,0,0,29,9,38,0,10,10,48
08/05/2023,HLG,WV,AEA,CE,Federal Contract Tower,0,2,3,0,5,0,4,36,0,40,0,6,39,0,45,18,0,18,63
08/06/2023,HLG,WV,AEA,CE,Federal Contract Tower,0,2,1,1,4,0,0,23,0,23,0,2,24,1,27,14,0,14,41
08/07/2023,HLG,WV,AEA,CE,Federal Contract Tower,0,1,4,0,5,0,0,2,0,2,0,1,6,0,7,0,0,0,7
08/08/2023,HLG,WV,AEA,CE,Federal Contract Tower,0,0,5,0,5,0,0,35,0,35,0,0,40,0,40,18,0,18,58
08/09/2023,HLG,WV,AEA,CE,Federal Contract Tower,0,0,4,0,4,0,0,14,4,18,0,0,18,4,22,14,0,14,36
08/10/2023,HLG,WV,AEA,CE,Federal Contract Tower,0,0,2,0,2,0,3,3,21,27,0,3,5,21,29,6,96,102,131
08/11/2023,HLG,WV,AEA,CE,Federal Contract Tower,0,2,0,2,4,0,0,19,22,41,0,2,19,24,45,0,50,50,95
08/12/2023,HLG,WV,AEA,CE,Federal Contract Tower,0,0,0,2,2,0,0,6,17,23,0,0,6,19,25,6,46,52,77
08/13/2023,HLG,WV,AEA,CE,Federal Contract Tower,0,0,4,0,4,0,0,18,4,22,0,0,22,4,26,10,0,10,36
08/14/2023,HLG,WV,AEA,CE,Federal Contract Tower,0,1,0,0,1,0,0,8,3,11,0,1,8,3,12,0,0,0,12
08/15/2023,HLG,WV,AEA,CE,Federal Contract Tower,0,2,10,1,13,0,6,18,0,24,0,8,28,1,37,12,0,12,49
08/16/2023,HLG,WV,AEA,CE,Federal Contract Tower,0,2,3,0,5,0,0,14,4,18,0,2,17,4,23,6,2,8,31
08/17/2023,HLG,WV,AEA,CE,Federal Contract Tower,0,14,0,0,14,0,0,14,4,18,0,14,14,4,32,0,0,0,32
08/18/2023,HLG,WV,AEA,CE,Federal Contract Tower,0,5,2,0,7,0,1,24,11,36,0,6,26,11,43,28,16,44,87
08/19/2023,HLG,WV,AEA,CE,Federal Contract Tower,0,2,4,0,6,0,0,13,0,13,0,2,17,0,19,0,0,0,19
08/20/2023,HLG,WV,AEA,CE,Federal Contract Tower,0,0,1,0,1,0,0,13,0,13,0,0,14,0,14,8,0,8,22
08/21/2023,HLG,WV,AEA,CE,Federal Contract Tower,0,3,2,0,5,0,0,19,2,21,0,3,21,2,26,8,8,16,42
08/22/2023,HLG,WV,AEA,CE,Federal Contract Tower,0,0,0,2,2,0,0,12,3,15,0,0,12,5,17,2,0,2,19
08/23/2023,HLG,WV,AEA,CE,Federal Contract Tower,0,2,1,0,3,0,0,17,4,21,0,2,18,4,24,6,4,10,34
08/24/2023,HLG,WV,AEA,CE,Federal Contract Tower,0,2,1,1,4,0,0,10,2,12,0,2,11,3,16,0,6,6,22
08/25/2023,HLG,WV,AEA,CE,Federal Contract Tower,0,0,2,1,3,0,0,13,2,15,0,0,15,3,18,0,6,6,24
08/26/2023,HLG,WV,AEA,CE,Federal Contract Tower,0,0,2,0,2,0,0,15,8,23,0,0,17,8,25,4,4,8,33
08/27/2023,HLG,WV,AEA,CE,Federal Contract Tower,0,0,0,0,0,0,0,16,2,18,0,0,16,2,18,30,0,30,48
08/28/2023,HLG,WV,AEA,CE,Federal Contract Tower,0,0,3,0,3,0,0,24,10,34,0,0,27,10,37,14,38,52,89
08/29/2023,HLG,WV,AEA,CE,Federal Contract Tower,0,1,2,0,3,0,2,6,6,14,0,3,8,6,17,8,24,32,49
08/30/2023,HLG,WV,AEA,CE,Federal Contract Tower,0,1,3,2,6,0,0,17,8,25,0,1,20,10,31,28,34,62,93
08/31/2023,HLG,WV,AEA,CE,Federal Contract Tower,0,5,0,0,5,0,3,8,4,15,0,8,8,4,20,0,8,8,28
