01/01/2000,HLN,MT,ANM,WE,Combination Non-Radar Approach Control & Tower w/o Radar,3,13,7,0,23,6,0,28,0,34,9,13,35,0,57,16,0,16,73
01/02/2000,HLN,MT,ANM,WE,Combination Non-Radar Approach Control & Tower w/o Radar,2,8,6,0,16,6,0,31,0,37,8,8,37,0,53,28,0,28,81
01/03/2000,HLN,MT,ANM,WE,Combination Non-Radar Approach Control & Tower w/o Radar,8,28,14,4,54,0,10,28,8,46,8,38,42,12,100,38,32,70,170
01/04/2000,HLN,MT,ANM,WE,Combination Non-Radar Approach Control & Tower w/o Radar,10,38,19,5,72,0,10,18,11,39,10,48,37,16,111,48,4,52,163
01/05/2000,HLN,MT,ANM,WE,Combination Non-Radar Approach Control & Tower w/o Radar,10,30,16,3,59,0,17,12,0,29,10,47,28,3,88,16,0,16,104
01/06/2000,HLN,MT,ANM,WE,Combination Non-Radar Approach Control & Tower w/o Radar,10,35,19,5,69,0,12,45,15,72,10,47,64,20,141,62,16,78,219
01/07/2000,HLN,MT,ANM,WE,Combination Non-Radar Approach Control & Tower w/o Radar,12,32,17,3,64,0,11,20,29,60,12,43,37,32,124,16,26,42,166
01/08/2000,HLN,MT,ANM,WE,Combination Non-Radar Approach Control & Tower w/o Radar,9,22,12,1,44,3,0,18,19,40,12,22,30,20,84,20,28,48,132
01/09/2000,HLN,MT,ANM,WE,Combination Non-Radar Approach Control & Tower w/o Radar,5,13,7,1,26,3,1,11,9,24,8,14,18,10,50,18,8,26,76
01/10/2000,HLN,MT,ANM,WE,Combination Non-Radar Approach Control & Tower w/o Radar,8,27,14,5,54,0,10,30,6,46,8,37,44,11,100,40,10,50,150
01/11/2000,HLN,MT,ANM,WE,Combination Non-Radar Approach Control & Tower w/o Radar,9,32,17,2,60,0,13,16,11,40,9,45,33,13,100,52,24,76,176
01/12/2000,HLN,MT,ANM,WE,Combination Non-Radar Approach Control & Tower w/o Radar,10,35,18,2,65,0,16,22,12,50,10,51,40,14,115,42,18,60,175
01/13/2000,HLN,MT,ANM,WE,Combination Non-Radar Approach Control & Tower w/o Radar,10,30,16,2,58,0,22,44,12,78,10,52,60,14,136,80,2,82,218
01/14/2000,HLN,MT,ANM,WE,Combination Non-Radar Approach Control & Tower w/o Radar,11,30,16,2,59,0,16,17,11,44,11,46,33,13,103,60,4,64,167
01/15/2000,HLN,MT,ANM,WE,Combination Non-Radar Approach Control & Tower w/o Radar,5,15,8,0,28,2,4,21,0,27,7,19,29,0,55,92,0,92,147
01/16/2000,HLN,MT,ANM,WE,Combination Non-Radar Approach Control & Tower w/o Radar,8,7,0,0,15,0,5,38,0,43,8,12,38,0,58,20,0,20,78
01/17/2000,HLN,MT,ANM,WE,Combination Non-Radar Approach Control & Tower w/o Radar,5,15,8,0,28,3,11,31,0,45,8,26,39,0,73,64,0,64,137
01/18/2000,HLN,MT,ANM,WE,Combination Non-Radar Approach Control & Tower w/o Radar,8,24,12,2,46,2,19,46,6,73,10,43,58,8,119,86,6,92,211
01/19/2000,HLN,MT,ANM,WE,Combination Non-Radar Approach Control & Tower w/o Radar,10,29,14,2,55,0,24,64,4,92,10,53,78,6,147,78,6,84,231
01/20/2000,HLN,MT,ANM,WE,Combination Non-Radar Approach Control & Tower w/o Radar,10,36,17,3,66,0,10,28,4,42,10,46,45,7,108,10,0,10,118
01/21/2000,HLN,MT,ANM,WE,Combination Non-Radar Approach Control & Tower w/o Radar,9,28,13,2,52,1,10,24,21,56,10,38,37,23,108,28,12,40,148
01/22/2000,HLN,MT,ANM,WE,Combination Non-Radar Approach Control & Tower w/o Radar,8,20,10,1,39,0,0,17,12,29,8,20,27,13,68,50,10,60,128
01/23/2000,HLN,MT,ANM,WE,Combination Non-Radar Approach Control & Tower w/o Radar,5,9,7,1,22,3,0,78,6,87,8,9,85,7,109,66,4,70,179
01/24/2000,HLN,MT,ANM,WE,Combination Non-Radar Approach Control & Tower w/o Radar,8,32,15,2,57,0,13,58,6,77,8,45,73,8,134,58,4,62,196
01/25/2000,HLN,MT,ANM,WE,Combination Non-Radar Approach Control & Tower w/o Radar,10,39,19,3,71,0,4,62,7,73,10,43,81,10,144,28,14,42,186
01/26/2000,HLN,MT,ANM,WE,Combination Non-Radar Approach Control & Tower w/o Radar,10,43,22,3,78,0,4,39,3,46,10,47,61,6,124,54,4,58,182
01/27/2000,HLN,MT,ANM,WE,Combination Non-Radar Approach Control & Tower w/o Radar,10,42,21,3,76,0,5,24,4,33,10,47,45,7,109,26,0,26,135
01/28/2000,HLN,MT,ANM,WE,Combination Non-Radar Approach Control & Tower w/o Radar,11,37,19,3,70,0,9,49,33,91,11,46,68,36,161,46,30,76,237
01/29/2000,HLN,MT,ANM,WE,Combination Non-Radar Approach Control & Tower w/o Radar,7,20,10,1,38,2,2,91,12,107,9,22,101,13,145,96,10,106,251
01/30/2000,HLN,MT,ANM,WE,Combination Non-Radar Approach Control & Tower w/o Radar,3,11,6,0,20,5,1,53,0,59,8,12,59,0,79,46,0,46,125
01/31/2000,HLN,MT,ANM,WE,Combination Non-Radar Approach Control & Tower w/o Radar,8,22,11,1,42,0,13,47,5,65,8,35,58,6,107,68,18,86,193
02/01/2000,HLN,MT,ANM,WE,Combination Non-Radar Approach Control & Tower w/o Radar,8,29,12,3,52,0,14,52,0,66,8,43,64,3,118,80,12,92,210
02/02/2000,HLN,MT,ANM,WE,Combination Non-Radar Approach Control & Tower w/o Radar,10,38,14,4,66,0,8,26,0,34,10,46,40,4,100,28,0,28,128
02/03/2000,HLN,MT,ANM,WE,Combination Non-Radar Approach Control & Tower w/o Radar,12,41,15,2,70,0,7,62,0,69,12,48,77,2,139,70,0,70,209
02/04/2000,HLN,MT,ANM,WE,Combination Non-Radar Approach Control & Tower w/o Radar,10,30,12,3,55,2,15,68,6,91,12,45,80,9,146,38,0,38,184
02/05/2000,HLN,MT,ANM,WE,Combination Non-Radar Approach Control & Tower w/o Radar,6,19,8,2,35,4,0,46,11,61,10,19,54,13,96,26,38,64,160
02/06/2000,HLN,MT,ANM,WE,Combination Non-Radar Approach Control & Tower w/o Radar,3,10,4,2,19,5,0,42,27,74,8,10,46,29,93,20,32,52,145
02/07/2000,HLN,MT,ANM,WE,Combination Non-Radar Approach Control & Tower w/o Radar,7,24,9,3,43,1,12,39,14,66,8,36,48,17,109,24,24,48,157
02/08/2000,HLN,MT,ANM,WE,Combination Non-Radar Approach Control & Tower w/o Radar,10,33,13,4,60,0,12,53,1,66,10,45,66,5,126,62,10,72,198
02/09/2000,HLN,MT,ANM,WE,Combination Non-Radar Approach Control & Tower w/o Radar,10,38,15,4,67,0,11,32,2,45,10,49,47,6,112,34,8,42,154
02/10/2000,HLN,MT,ANM,WE,Combination Non-Radar Approach Control & Tower w/o Radar,10,35,15,4,64,0,10,34,3,47,10,45,49,7,111,58,6,64,175
02/11/2000,HLN,MT,ANM,WE,Combination Non-Radar Approach Control & Tower w/o Radar,8,35,15,4,62,0,7,17,4,28,8,42,32,8,90,4,0,4,94
02/12/2000,HLN,MT,ANM,WE,Combination Non-Radar Approach Control & Tower w/o Radar,7,21,10,3,41,3,1,8,4,16,10,22,18,7,57,56,0,56,113
02/13/2000,HLN,MT,ANM,WE,Combination Non-Radar Approach Control & Tower w/o Radar,4,8,5,2,19,6,0,19,3,28,10,8,24,5,47,30,0,30,77
02/14/2000,HLN,MT,ANM,WE,Combination Non-Radar Approach Control & Tower w/o Radar,7,29,14,4,54,0,0,16,2,18,7,29,30,6,72,22,4,26,98
02/15/2000,HLN,MT,ANM,WE,Combination Non-Radar Approach Control & Tower w/o Radar,9,38,17,3,67,0,5,32,0,37,9,43,49,3,104,18,6,24,128
02/16/2000,HLN,MT,ANM,WE,Combination Non-Radar Approach Control & Tower w/o Radar,10,30,13,3,56,0,6,66,10,82,10,36,79,13,138,54,24,78,216
02/17/2000,HLN,MT,ANM,WE,Combination Non-Radar Approach Control & Tower w/o Radar,10,28,13,2,53,2,15,53,3,73,12,43,66,5,126,66,8,74,200
02/18/2000,HLN,MT,ANM,WE,Combination Non-Radar Approach Control & Tower w/o Radar,8,29,13,2,52,0,7,70,3,80,8,36,83,5,132,74,20,94,226
02/19/2000,HLN,MT,ANM,WE,Combination Non-Radar Approach Control & Tower w/o Radar,6,15,7,0,28,4,9,90,0,103,10,24,97,0,131,106,0,106,237
02/20/2000,HLN,MT,ANM,WE,Combination Non-Radar Approach Control & Tower w/o Radar,4,12,6,1,23,4,0,54,5,63,8,12,60,6,86,74,18,92,178
02/21/2000,HLN,MT,ANM,WE,Combination Non-Radar Approach Control & Tower w/o Radar,7,18,8,1,34,1,9,47,0,57,8,27,55,1,91,66,0,66,157
02/22/2000,HLN,MT,ANM,WE,Combination Non-Radar Approach Control & Tower w/o Radar,8,27,12,2,49,0,15,36,9,60,8,42,48,11,109,40,14,54,163
02/23/2000,HLN,MT,ANM,WE,Combination Non-Radar Approach Control & Tower w/o Radar,10,30,13,2,55,0,13,44,19,76,10,43,57,21,131,36,36,72,203
02/24/2000,HLN,MT,ANM,WE,Combination Non-Radar Approach Control & Tower w/o Radar,12,38,17,3,70,0,2,10,10,22,12,40,27,13,92,2,8,10,102
02/25/2000,HLN,MT,ANM,WE,Combination Non-Radar Approach Control & Tower w/o Radar,10,37,16,3,66,0,8,14,18,40,10,45,30,21,106,12,30,42,148
02/26/2000,HLN,MT,ANM,WE,Combination Non-Radar Approach Control & Tower w/o Radar,7,20,8,1,36,1,6,52,13,72,8,26,60,14,108,64,6,70,178
02/27/2000,HLN,MT,ANM,WE,Combination Non-Radar Approach Control & Tower w/o Radar,4,10,4,0,18,2,3,40,1,46,6,13,44,1,64,50,0,50,114
02/28/2000,HLN,MT,ANM,WE,Combination Non-Radar Approach Control & Tower w/o Radar,8,28,11,2,49,0,7,33,16,56,8,35,44,18,105,50,30,80,185
02/29/2000,HLN,MT,ANM,WE,Combination Non-Radar Approach Control & Tower w/o Radar,10,31,12,3,56,0,15,60,10,85,10,46,72,13,141,50,18,68,209
03/01/2000,HLN,MT,ANM,WE,Combination Non-Radar Approach Control & Tower w/o Radar,10,33,17,1,61,0,17,50,0,67,10,50,67,1,128,58,0,58,186
03/02/2000,HLN,MT,ANM,WE,Combination Non-Radar Approach Control & Tower w/o Radar,9,29,15,3,56,1,15,91,7,114,10,44,106,10,170,42,4,46,216
03/03/2000,HLN,MT,ANM,WE,Combination Non-Radar Approach Control & Tower w/o Radar,7,24,12,2,45,3,10,59,12,84,10,34,71,14,129,22,12,34,163
03/04/2000,HLN,MT,ANM,WE,Combination Non-Radar Approach Control & Tower w/o Radar,7,18,10,2,37,3,0,110,32,145,10,18,120,34,182,70,74,144,326
03/05/2000,HLN,MT,ANM,WE,Combination Non-Radar Approach Control & Tower w/o Radar,3,14,8,2,27,5,2,30,6,43,8,16,38,8,70,46,8,54,124
03/06/2000,HLN,MT,ANM,WE,Combination Non-Radar Approach Control & Tower w/o Radar,8,23,13,2,46,0,14,47,13,74,8,37,60,15,120,52,16,68,188
03/07/2000,HLN,MT,ANM,WE,Combination Non-Radar Approach Control & Tower w/o Radar,10,31,18,3,62,0,12,62,11,85,10,43,80,14,147,74,26,100,247
03/08/2000,HLN,MT,ANM,WE,Combination Non-Radar Approach Control & Tower w/o Radar,10,34,19,4,67,0,12,10,7,29,10,46,29,11,96,70,34,104,200
03/09/2000,HLN,MT,ANM,WE,Combination Non-Radar Approach Control & Tower w/o Radar,12,32,18,3,65,0,14,31,10,55,12,46,49,13,120,54,40,94,214
03/10/2000,HLN,MT,ANM,WE,Combination Non-Radar Approach Control & Tower w/o Radar,12,34,19,4,69,0,8,38,13,59,12,42,57,17,128,80,18,98,226
03/11/2000,HLN,MT,ANM,WE,Combination Non-Radar Approach Control & Tower w/o Radar,7,18,11,1,37,1,3,19,0,23,8,21,30,1,60,22,14,36,96
03/12/2000,HLN,MT,ANM,WE,Combination Non-Radar Approach Control & Tower w/o Radar,4,11,6,1,22,4,3,27,1,35,8,14,33,2,57,20,0,20,77
03/13/2000,HLN,MT,ANM,WE,Combination Non-Radar Approach Control & Tower w/o Radar,8,24,14,3,49,0,8,17,4,29,8,32,31,7,78,26,8,34,112
03/14/2000,HLN,MT,ANM,WE,Combination Non-Radar Approach Control & Tower w/o Radar,10,32,18,3,63,0,15,16,5,36,10,47,34,8,99,30,24,54,153
03/15/2000,HLN,MT,ANM,WE,Combination Non-Radar Approach Control & Tower w/o Radar,10,37,21,3,71,0,15,57,18,90,10,52,78,21,161,66,20,86,247
03/16/2000,HLN,MT,ANM,WE,Combination Non-Radar Approach Control & Tower w/o Radar,9,35,20,3,67,0,3,43,8,54,9,38,63,11,121,72,16,88,209
03/17/2000,HLN,MT,ANM,WE,Combination Non-Radar Approach Control & Tower w/o Radar,10,31,17,2,60,0,9,13,8,30,10,40,30,10,90,12,20,32,122
03/18/2000,HLN,MT,ANM,WE,Combination Non-Radar Approach Control & Tower w/o Radar,7,18,10,1,36,3,2,30,0,35,10,20,40,1,71,46,0,46,117
03/19/2000,HLN,MT,ANM,WE,Combination Non-Radar Approach Control & Tower w/o Radar,5,8,7,0,20,3,0,9,0,12,8,8,16,0,32,0,0,0,32
03/20/2000,HLN,MT,ANM,WE,Combination Non-Radar Approach Control & Tower w/o Radar,7,25,15,2,49,0,18,56,16,90,7,43,71,18,139,94,30,124,263
03/21/2000,HLN,MT,ANM,WE,Combination Non-Radar Approach Control & Tower w/o Radar,10,29,16,2,57,0,16,70,26,112,10,45,86,28,169,74,28,102,271
03/22/2000,HLN,MT,ANM,WE,Combination Non-Radar Approach Control & Tower w/o Radar,9,25,13,2,49,1,22,106,27,156,10,47,119,29,205,108,14,122,327
03/23/2000,HLN,MT,ANM,WE,Combination Non-Radar Approach Control & Tower w/o Radar,10,32,16,2,60,0,14,27,8,49,10,46,43,10,109,22,20,42,151
03/24/2000,HLN,MT,ANM,WE,Combination Non-Radar Approach Control & Tower w/o Radar,8,25,13,2,48,0,10,48,16,74,8,35,61,18,122,60,22,82,204
03/25/2000,HLN,MT,ANM,WE,Combination Non-Radar Approach Control & Tower w/o Radar,6,15,7,1,29,4,7,59,11,81,10,22,66,12,110,26,0,26,136
03/26/2000,HLN,MT,ANM,WE,Combination Non-Radar Approach Control & Tower w/o Radar,6,16,9,0,31,2,0,54,0,56,8,16,63,0,87,24,0,24,111
03/27/2000,HLN,MT,ANM,WE,Combination Non-Radar Approach Control & Tower w/o Radar,7,19,9,1,36,1,14,54,3,72,8,33,63,4,108,72,6,78,186
03/28/2000,HLN,MT,ANM,WE,Combination Non-Radar Approach Control & Tower w/o Radar,10,42,22,3,77,0,6,21,5,32,10,48,43,8,109,34,0,34,143
03/29/2000,HLN,MT,ANM,WE,Combination Non-Radar Approach Control & Tower w/o Radar,10,32,17,2,61,0,4,8,13,25,10,36,25,15,86,18,6,24,110
03/30/2000,HLN,MT,ANM,WE,Combination Non-Radar Approach Control & Tower w/o Radar,10,29,15,2,56,0,17,42,18,77,10,46,57,20,133,42,2,44,177
03/31/2000,HLN,MT,ANM,WE,Combination Non-Radar Approach Control & Tower w/o Radar,8,25,13,2,48,2,22,92,6,122,10,47,105,8,170,60,20,80,250
04/01/2000,HLN,MT,ANM,WE,Combination Non-Radar Approach Control & Tower w/o Radar,1,22,8,0,31,9,8,20,0,37,10,30,28,0,68,18,0,18,86
04/02/2000,HLN,MT,ANM,WE,Combination Non-Radar Approach Control & Tower w/o Radar,1,9,4,0,14,5,0,34,0,39,6,9,38,0,53,12,0,12,65
04/03/2000,HLN,MT,ANM,WE,Combination Non-Radar Approach Control & Tower w/o Radar,1,32,9,3,45,0,17,72,12,101,1,49,81,15,146,36,6,42,188
04/04/2000,HLN,MT,ANM,WE,Combination Non-Radar Approach Control & Tower w/o Radar,0,31,10,2,43,0,16,63,2,81,0,47,73,4,124,8,4,12,136
04/05/2000,HLN,MT,ANM,WE,Combination Non-Radar Approach Control & Tower w/o Radar,0,37,12,3,52,0,10,52,5,67,0,47,64,8,119,12,30,42,161
04/06/2000,HLN,MT,ANM,WE,Combination Non-Radar Approach Control & Tower w/o Radar,0,43,14,4,61,0,6,16,0,22,0,49,30,4,83,8,4,12,95
04/07/2000,HLN,MT,ANM,WE,Combination Non-Radar Approach Control & Tower w/o Radar,0,38,13,3,54,0,9,46,21,76,0,47,59,24,130,52,26,78,208
04/08/2000,HLN,MT,ANM,WE,Combination Non-Radar Approach Control & Tower w/o Radar,0,20,7,2,29,0,13,76,23,112,0,33,83,25,141,92,24,116,257
04/09/2000,HLN,MT,ANM,WE,Combination Non-Radar Approach Control & Tower w/o Radar,0,18,6,2,26,0,6,65,5,76,0,24,71,7,102,30,0,30,132
04/10/2000,HLN,MT,ANM,WE,Combination Non-Radar Approach Control & Tower w/o Radar,0,37,12,3,52,0,0,42,7,49,0,37,54,10,101,26,0,26,127
04/11/2000,HLN,MT,ANM,WE,Combination Non-Radar Approach Control & Tower w/o Radar,0,41,8,3,52,0,10,73,1,84,0,51,81,4,136,52,0,52,188
04/12/2000,HLN,MT,ANM,WE,Combination Non-Radar Approach Control & Tower w/o Radar,0,46,16,5,67,0,3,62,0,65,0,49,78,5,132,36,0,36,168
04/13/2000,HLN,MT,ANM,WE,Combination Non-Radar Approach Control & Tower w/o Radar,0,41,24,2,67,0,0,4,4,8,0,41,28,6,75,2,6,8,83
04/14/2000,HLN,MT,ANM,WE,Combination Non-Radar Approach Control & Tower w/o Radar,0,37,21,1,59,0,5,6,0,11,0,42,27,1,70,6,0,6,76
04/15/2000,HLN,MT,ANM,WE,Combination Non-Radar Approach Control & Tower w/o Radar,0,33,10,0,43,0,1,45,0,46,0,34,55,0,89,58,0,58,147
04/16/2000,HLN,MT,ANM,WE,Combination Non-Radar Approach Control & Tower w/o Radar,0,20,2,0,22,0,2,43,0,45,0,22,45,0,67,64,0,64,131
04/17/2000,HLN,MT,ANM,WE,Combination Non-Radar Approach Control & Tower w/o Radar,0,32,11,4,47,0,9,65,0,74,0,41,76,4,121,24,0,24,145
04/18/2000,HLN,MT,ANM,WE,Combination Non-Radar Approach Control & Tower w/o Radar,0,40,13,4,57,0,8,48,1,57,0,48,61,5,114,44,12,56,170
04/19/2000,HLN,MT,ANM,WE,Combination Non-Radar Approach Control & Tower w/o Radar,0,36,12,3,51,0,19,48,17,84,0,55,60,20,135,48,20,68,203
04/20/2000,HLN,MT,ANM,WE,Combination Non-Radar Approach Control & Tower w/o Radar,0,34,15,2,51,0,17,53,16,86,0,51,68,18,137,56,18,74,211
04/21/2000,HLN,MT,ANM,WE,Combination Non-Radar Approach Control & Tower w/o Radar,0,37,9,4,50,0,12,74,3,89,0,49,83,7,139,62,0,62,201
04/22/2000,HLN,MT,ANM,WE,Combination Non-Radar Approach Control & Tower w/o Radar,0,29,5,0,34,0,9,55,0,64,0,38,60,0,98,26,0,26,124
04/23/2000,HLN,MT,ANM,WE,Combination Non-Radar Approach Control & Tower w/o Radar,0,19,0,0,19,0,0,27,0,27,0,19,27,0,46,32,0,32,78
04/24/2000,HLN,MT,ANM,WE,Combination Non-Radar Approach Control & Tower w/o Radar,0,33,12,9,54,0,6,44,7,57,0,39,56,16,111,20,10,30,141
04/25/2000,HLN,MT,ANM,WE,Combination Non-Radar Approach Control & Tower w/o Radar,0,37,8,2,47,0,19,45,11,75,0,56,53,13,122,56,6,62,184
04/26/2000,HLN,MT,ANM,WE,Combination Non-Radar Approach Control & Tower w/o Radar,0,38,9,1,48,0,11,62,18,91,0,49,71,19,139,48,18,66,205
04/27/2000,HLN,MT,ANM,WE,Combination Non-Radar Approach Control & Tower w/o Radar,0,33,17,2,52,0,15,76,15,106,0,48,93,17,158,88,14,102,260
04/28/2000,HLN,MT,ANM,WE,Combination Non-Radar Approach Control & Tower w/o Radar,0,37,8,4,49,0,6,40,9,55,0,43,48,13,104,20,8,28,132
04/29/2000,HLN,MT,ANM,WE,Combination Non-Radar Approach Control & Tower w/o Radar,0,30,5,0,35,0,0,18,13,31,0,30,23,13,66,26,16,42,108
04/30/2000,HLN,MT,ANM,WE,Combination Non-Radar Approach Control & Tower w/o Radar,0,16,1,0,17,0,6,96,0,102,0,22,97,0,119,36,0,36,155
05/01/2000,HLN,MT,ANM,WE,Combination Non-Radar Approach Control & Tower w/o Radar,0,19,10,1,30,0,24,63,10,97,0,43,73,11,127,16,6,22,149
05/02/2000,HLN,MT,ANM,WE,Combination Non-Radar Approach Control & Tower w/o Radar,0,36,7,0,43,0,19,35,6,60,0,55,42,6,103,40,8,48,151
05/03/2000,HLN,MT,ANM,WE,Combination Non-Radar Approach Control & Tower w/o Radar,0,33,11,0,44,0,23,70,8,101,0,56,81,8,145,48,0,48,193
05/04/2000,HLN,MT,ANM,WE,Combination Non-Radar Approach Control & Tower w/o Radar,0,39,14,0,53,0,13,34,11,58,0,52,48,11,111,48,10,58,169
05/05/2000,HLN,MT,ANM,WE,Combination Non-Radar Approach Control & Tower w/o Radar,0,44,11,3,58,0,7,15,10,32,0,51,26,13,90,2,4,6,96
05/06/2000,HLN,MT,ANM,WE,Combination Non-Radar Approach Control & Tower w/o Radar,0,32,5,0,37,0,2,39,14,55,0,34,44,14,92,20,26,46,138
05/07/2000,HLN,MT,ANM,WE,Combination Non-Radar Approach Control & Tower w/o Radar,0,19,5,2,26,0,1,71,0,72,0,20,76,2,98,24,0,24,122
05/08/2000,HLN,MT,ANM,WE,Combination Non-Radar Approach Control & Tower w/o Radar,0,24,3,1,28,0,13,49,10,72,0,37,52,11,100,8,16,24,124
05/09/2000,HLN,MT,ANM,WE,Combination Non-Radar Approach Control & Tower w/o Radar,0,41,14,1,56,0,9,45,12,66,0,50,59,13,122,60,6,66,188
05/10/2000,HLN,MT,ANM,WE,Combination Non-Radar Approach Control & Tower w/o Radar,0,45,17,2,64,0,7,43,17,67,0,52,60,19,131,30,14,44,175
05/11/2000,HLN,MT,ANM,WE,Combination Non-Radar Approach Control & Tower w/o Radar,0,50,22,0,72,0,11,11,15,37,0,61,33,15,109,6,8,14,123
05/12/2000,HLN,MT,ANM,WE,Combination Non-Radar Approach Control & Tower w/o Radar,0,49,21,3,73,0,1,27,6,34,0,50,48,9,107,50,4,54,161
05/13/2000,HLN,MT,ANM,WE,Combination Non-Radar Approach Control & Tower w/o Radar,0,28,6,0,34,0,4,80,9,93,0,32,86,9,127,50,2,52,179
05/14/2000,HLN,MT,ANM,WE,Combination Non-Radar Approach Control & Tower w/o Radar,0,21,3,1,25,0,1,43,0,44,0,22,46,1,69,30,0,30,99
05/15/2000,HLN,MT,ANM,WE,Combination Non-Radar Approach Control & Tower w/o Radar,0,26,8,5,39,0,17,61,8,86,0,43,69,13,125,26,6,32,157
05/16/2000,HLN,MT,ANM,WE,Combination Non-Radar Approach Control & Tower w/o Radar,0,31,17,2,50,0,13,51,6,70,0,44,68,8,120,40,0,40,160
05/17/2000,HLN,MT,ANM,WE,Combination Non-Radar Approach Control & Tower w/o Radar,0,38,13,3,54,0,6,35,8,49,0,44,48,11,103,46,20,66,169
05/18/2000,HLN,MT,ANM,WE,Combination Non-Radar Approach Control & Tower w/o Radar,0,41,10,3,54,0,12,75,14,101,0,53,85,17,155,46,8,54,209
05/19/2000,HLN,MT,ANM,WE,Combination Non-Radar Approach Control & Tower w/o Radar,0,40,17,5,62,0,14,53,19,86,0,54,70,24,148,0,18,18,166
05/20/2000,HLN,MT,ANM,WE,Combination Non-Radar Approach Control & Tower w/o Radar,0,30,6,3,39,0,6,38,15,59,0,36,44,18,98,44,24,68,166
05/21/2000,HLN,MT,ANM,WE,Combination Non-Radar Approach Control & Tower w/o Radar,0,21,7,0,28,0,0,34,2,36,0,21,41,2,64,50,4,54,118
05/22/2000,HLN,MT,ANM,WE,Combination Non-Radar Approach Control & Tower w/o Radar,0,29,7,2,38,0,16,44,9,69,0,45,51,11,107,14,6,20,127
05/23/2000,HLN,MT,ANM,WE,Combination Non-Radar Approach Control & Tower w/o Radar,0,38,11,2,51,0,15,56,19,90,0,53,67,21,141,32,8,40,181
05/24/2000,HLN,MT,ANM,WE,Combination Non-Radar Approach Control & Tower w/o Radar,0,37,15,4,56,0,19,82,11,112,0,56,97,15,168,22,18,40,208
05/25/2000,HLN,MT,ANM,WE,Combination Non-Radar Approach Control & Tower w/o Radar,0,38,11,3,52,0,16,66,31,113,0,54,77,34,165,30,18,48,213
05/26/2000,HLN,MT,ANM,WE,Combination Non-Radar Approach Control & Tower w/o Radar,0,48,21,2,71,0,0,62,17,79,0,48,83,19,150,8,0,8,158
05/27/2000,HLN,MT,ANM,WE,Combination Non-Radar Approach Control & Tower w/o Radar,0,28,6,0,34,0,4,71,0,75,0,32,77,0,109,44,0,44,153
05/28/2000,HLN,MT,ANM,WE,Combination Non-Radar Approach Control & Tower w/o Radar,0,19,0,0,19,0,0,18,0,18,0,19,18,0,37,4,0,4,41
05/29/2000,HLN,MT,ANM,WE,Combination Non-Radar Approach Control & Tower w/o Radar,0,21,1,0,22,0,3,41,0,44,0,24,42,0,66,28,0,28,94
05/30/2000,HLN,MT,ANM,WE,Combination Non-Radar Approach Control & Tower w/o Radar,0,41,14,0,55,0,1,48,10,59,0,42,62,10,114,18,8,26,140
05/31/2000,HLN,MT,ANM,WE,Combination Non-Radar Approach Control & Tower w/o Radar,0,48,30,0,78,0,5,2,2,9,0,53,32,2,87,0,2,2,89
06/01/2000,HLN,MT,ANM,WE,Combination Non-Radar Approach Control & Tower w/o Radar,0,37,8,0,45,0,9,49,6,64,0,46,57,6,109,22,16,38,147
06/02/2000,HLN,MT,ANM,WE,Combination Non-Radar Approach Control & Tower w/o Radar,0,41,18,2,61,0,8,104,11,123,0,49,122,13,184,20,10,30,214
06/03/2000,HLN,MT,ANM,WE,Combination Non-Radar Approach Control & Tower w/o Radar,0,24,4,2,30,0,9,83,6,98,0,33,87,8,128,50,2,52,180
06/04/2000,HLN,MT,ANM,WE,Combination Non-Radar Approach Control & Tower w/o Radar,0,17,5,0,22,0,4,73,15,92,0,21,78,15,114,12,0,12,126
06/05/2000,HLN,MT,ANM,WE,Combination Non-Radar Approach Control & Tower w/o Radar,0,22,10,1,33,0,20,48,12,80,0,42,58,13,113,42,2,44,157
06/06/2000,HLN,MT,ANM,WE,Combination Non-Radar Approach Control & Tower w/o Radar,4,30,12,3,49,0,26,69,15,110,4,56,81,18,159,62,18,80,239
06/07/2000,HLN,MT,ANM,WE,Combination Non-Radar Approach Control & Tower w/o Radar,6,26,13,2,47,1,26,71,5,103,7,52,84,7,150,58,12,70,220
06/08/2000,HLN,MT,ANM,WE,Combination Non-Radar Approach Control & Tower w/o Radar,6,28,16,4,54,0,23,52,9,84,6,51,68,13,138,88,12,100,238
06/09/2000,HLN,MT,ANM,WE,Combination Non-Radar Approach Control & Tower w/o Radar,6,28,16,2,52,0,24,45,1,70,6,52,61,3,122,8,28,36,158
06/10/2000,HLN,MT,ANM,WE,Combination Non-Radar Approach Control & Tower w/o Radar,6,16,6,4,32,0,5,51,27,83,6,21,57,31,115,6,8,14,129
06/11/2000,HLN,MT,ANM,WE,Combination Non-Radar Approach Control & Tower w/o Radar,5,11,5,3,24,0,1,34,8,43,5,12,39,11,67,12,12,24,91
06/12/2000,HLN,MT,ANM,WE,Combination Non-Radar Approach Control & Tower w/o Radar,3,31,12,1,47,0,7,27,42,76,3,38,39,43,123,38,4,42,165
06/13/2000,HLN,MT,ANM,WE,Combination Non-Radar Approach Control & Tower w/o Radar,6,33,4,2,45,0,13,50,20,83,6,46,54,22,128,26,22,48,176
06/14/2000,HLN,MT,ANM,WE,Combination Non-Radar Approach Control & Tower w/o Radar,6,35,14,3,58,0,7,54,15,76,6,42,68,18,134,56,26,82,216
06/15/2000,HLN,MT,ANM,WE,Combination Non-Radar Approach Control & Tower w/o Radar,7,42,20,2,71,0,8,28,11,47,7,50,48,13,118,86,8,94,212
06/16/2000,HLN,MT,ANM,WE,Combination Non-Radar Approach Control & Tower w/o Radar,6,39,24,6,75,0,2,39,2,43,6,41,63,8,118,68,14,82,200
06/17/2000,HLN,MT,ANM,WE,Combination Non-Radar Approach Control & Tower w/o Radar,6,23,11,0,40,0,3,62,0,65,6,26,73,0,105,92,0,92,197
06/18/2000,HLN,MT,ANM,WE,Combination Non-Radar Approach Control & Tower w/o Radar,4,13,6,0,23,5,2,51,2,60,9,15,57,2,83,2,0,2,85
06/19/2000,HLN,MT,ANM,WE,Combination Non-Radar Approach Control & Tower w/o Radar,9,24,12,2,47,0,8,36,0,44,9,32,48,2,91,10,0,10,101
06/20/2000,HLN,MT,ANM,WE,Combination Non-Radar Approach Control & Tower w/o Radar,12,25,11,1,49,0,12,31,2,45,12,37,42,3,94,12,0,12,106
06/21/2000,HLN,MT,ANM,WE,Combination Non-Radar Approach Control & Tower w/o Radar,10,24,8,3,45,0,28,102,10,140,10,52,110,13,185,116,4,120,305
06/22/2000,HLN,MT,ANM,WE,Combination Non-Radar Approach Control & Tower w/o Radar,12,23,17,5,57,0,24,70,15,109,12,47,87,20,166,112,18,130,296
06/23/2000,HLN,MT,ANM,WE,Combination Non-Radar Approach Control & Tower w/o Radar,12,25,38,2,77,0,23,75,8,106,12,48,113,10,183,52,16,68,251
06/24/2000,HLN,MT,ANM,WE,Combination Non-Radar Approach Control & Tower w/o Radar,12,16,8,2,38,0,5,56,2,63,12,21,64,4,101,46,0,46,147
06/25/2000,HLN,MT,ANM,WE,Combination Non-Radar Approach Control & Tower w/o Radar,10,6,3,0,19,0,2,53,0,55,10,8,56,0,74,40,0,40,114
06/26/2000,HLN,MT,ANM,WE,Combination Non-Radar Approach Control & Tower w/o Radar,10,12,11,1,34,0,13,92,4,109,10,25,103,5,143,82,10,92,235
06/27/2000,HLN,MT,ANM,WE,Combination Non-Radar Approach Control & Tower w/o Radar,10,27,14,1,52,0,13,101,7,121,10,40,115,8,173,126,4,130,303
06/28/2000,HLN,MT,ANM,WE,Combination Non-Radar Approach Control & Tower w/o Radar,12,17,9,1,39,0,17,90,4,111,12,34,99,5,150,92,0,92,242
06/29/2000,HLN,MT,ANM,WE,Combination Non-Radar Approach Control & Tower w/o Radar,12,24,18,4,58,0,23,91,16,130,12,47,109,20,188,60,30,90,278
06/30/2000,HLN,MT,ANM,WE,Combination Non-Radar Approach Control & Tower w/o Radar,9,31,15,2,57,3,14,66,8,91,12,45,81,10,148,14,0,14,162
07/01/2000,HLN,MT,ANM,WE,Combination Non-Radar Approach Control & Tower w/o Radar,12,13,6,0,31,1,7,80,2,90,13,20,86,2,121,60,0,60,181
07/02/2000,HLN,MT,ANM,WE,Combination Non-Radar Approach Control & Tower w/o Radar,9,6,4,0,19,1,1,49,0,51,10,7,53,0,70,22,0,22,92
07/03/2000,HLN,MT,ANM,WE,Combination Non-Radar Approach Control & Tower w/o Radar,10,22,7,0,39,0,1,23,0,24,10,23,30,0,63,8,0,8,71
07/04/2000,HLN,MT,ANM,WE,Combination Non-Radar Approach Control & Tower w/o Radar,12,13,5,0,30,0,0,62,2,64,12,13,67,2,94,42,2,44,138
07/05/2000,HLN,MT,ANM,WE,Combination Non-Radar Approach Control & Tower w/o Radar,12,17,9,0,38,0,26,60,8,94,12,43,69,8,132,86,8,94,226
07/06/2000,HLN,MT,ANM,WE,Combination Non-Radar Approach Control & Tower w/o Radar,12,26,19,0,57,0,25,38,4,67,12,51,57,4,124,94,4,98,222
07/07/2000,HLN,MT,ANM,WE,Combination Non-Radar Approach Control & Tower w/o Radar,12,26,6,2,46,0,8,67,11,86,12,34,73,13,132,54,6,60,192
07/08/2000,HLN,MT,ANM,WE,Combination Non-Radar Approach Control & Tower w/o Radar,12,13,5,6,36,0,8,79,18,105,12,21,84,24,141,62,8,70,211
07/09/2000,HLN,MT,ANM,WE,Combination Non-Radar Approach Control & Tower w/o Radar,10,6,5,4,25,0,2,47,14,63,10,8,52,18,88,70,24,94,182
07/10/2000,HLN,MT,ANM,WE,Combination Non-Radar Approach Control & Tower w/o Radar,10,21,4,2,37,0,18,67,4,89,10,39,71,6,126,30,0,30,156
07/11/2000,HLN,MT,ANM,WE,Combination Non-Radar Approach Control & Tower w/o Radar,12,20,12,1,45,0,15,108,4,127,12,35,120,5,172,72,0,72,244
07/12/2000,HLN,MT,ANM,WE,Combination Non-Radar Approach Control & Tower w/o Radar,12,19,9,7,47,0,17,83,0,100,12,36,92,7,147,102,2,104,251
07/13/2000,HLN,MT,ANM,WE,Combination Non-Radar Approach Control & Tower w/o Radar,12,20,23,5,60,0,22,135,20,177,12,42,158,25,237,90,22,112,349
07/14/2000,HLN,MT,ANM,WE,Combination Non-Radar Approach Control & Tower w/o Radar,12,19,15,6,52,0,25,102,10,137,12,44,117,16,189,26,8,34,223
07/15/2000,HLN,MT,ANM,WE,Combination Non-Radar Approach Control & Tower w/o Radar,12,7,8,2,29,0,10,92,2,104,12,17,100,4,133,22,0,22,155
07/16/2000,HLN,MT,ANM,WE,Combination Non-Radar Approach Control & Tower w/o Radar,8,4,6,4,22,0,4,132,2,138,8,8,138,6,160,56,2,58,218
07/17/2000,HLN,MT,ANM,WE,Combination Non-Radar Approach Control & Tower w/o Radar,10,15,11,2,38,0,19,84,5,108,10,34,95,7,146,56,0,56,202
07/18/2000,HLN,MT,ANM,WE,Combination Non-Radar Approach Control & Tower w/o Radar,12,24,19,7,62,0,11,77,2,90,12,35,96,9,152,88,8,96,248
07/19/2000,HLN,MT,ANM,WE,Combination Non-Radar Approach Control & Tower w/o Radar,12,25,26,4,67,0,20,125,38,183,12,45,151,42,250,78,30,108,358
07/20/2000,HLN,MT,ANM,WE,Combination Non-Radar Approach Control & Tower w/o Radar,12,18,10,4,44,0,22,90,10,122,12,40,100,14,166,106,14,120,286
07/21/2000,HLN,MT,ANM,WE,Combination Non-Radar Approach Control & Tower w/o Radar,12,19,14,4,49,0,9,69,4,82,12,28,83,8,131,96,32,128,259
07/22/2000,HLN,MT,ANM,WE,Combination Non-Radar Approach Control & Tower w/o Radar,12,10,14,3,39,0,10,96,22,128,12,20,110,25,167,14,42,56,223
07/23/2000,HLN,MT,ANM,WE,Combination Non-Radar Approach Control & Tower w/o Radar,10,7,1,0,18,0,0,118,4,122,10,7,119,4,140,16,0,16,156
07/24/2000,HLN,MT,ANM,WE,Combination Non-Radar Approach Control & Tower w/o Radar,10,11,12,0,33,0,27,216,8,251,10,38,228,8,284,4,0,4,288
07/25/2000,HLN,MT,ANM,WE,Combination Non-Radar Approach Control & Tower w/o Radar,14,25,14,1,54,0,12,124,6,142,14,37,138,7,196,32,0,32,228
07/26/2000,HLN,MT,ANM,WE,Combination Non-Radar Approach Control & Tower w/o Radar,12,22,25,3,62,0,14,156,22,192,12,36,181,25,254,64,0,64,318
07/27/2000,HLN,MT,ANM,WE,Combination Non-Radar Approach Control & Tower w/o Radar,12,16,12,0,40,2,26,196,36,260,14,42,208,36,300,58,0,58,358
07/28/2000,HLN,MT,ANM,WE,Combination Non-Radar Approach Control & Tower w/o Radar,11,17,11,0,39,0,27,154,26,207,11,44,165,26,246,16,0,16,262
07/29/2000,HLN,MT,ANM,WE,Combination Non-Radar Approach Control & Tower w/o Radar,12,38,8,2,60,0,7,180,6,193,12,45,188,8,253,62,0,62,315
07/30/2000,HLN,MT,ANM,WE,Combination Non-Radar Approach Control & Tower w/o Radar,10,10,8,0,28,0,5,128,8,141,10,15,136,8,169,26,0,26,195
07/31/2000,HLN,MT,ANM,WE,Combination Non-Radar Approach Control & Tower w/o Radar,10,20,14,4,48,0,14,125,12,151,10,34,139,16,199,26,4,30,229
08/01/2000,HLN,MT,ANM,WE,Combination Non-Radar Approach Control & Tower w/o Radar,12,20,10,0,42,0,10,116,19,145,12,30,126,19,187,78,4,82,269
08/02/2000,HLN,MT,ANM,WE,Combination Non-Radar Approach Control & Tower w/o Radar,12,24,8,4,48,0,21,210,29,260,12,45,218,33,308,88,0,88,396
08/03/2000,HLN,MT,ANM,WE,Combination Non-Radar Approach Control & Tower w/o Radar,9,32,21,0,62,1,16,180,31,228,10,48,201,31,290,16,2,18,308
08/04/2000,HLN,MT,ANM,WE,Combination Non-Radar Approach Control & Tower w/o Radar,11,36,20,2,69,0,6,129,30,165,11,42,149,32,234,22,0,22,256
08/05/2000,HLN,MT,ANM,WE,Combination Non-Radar Approach Control & Tower w/o Radar,12,15,17,3,47,0,9,120,33,162,12,24,137,36,209,6,34,40,249
08/06/2000,HLN,MT,ANM,WE,Combination Non-Radar Approach Control & Tower w/o Radar,10,6,8,4,28,0,0,117,24,141,10,6,125,28,169,16,0,16,185
08/07/2000,HLN,MT,ANM,WE,Combination Non-Radar Approach Control & Tower w/o Radar,9,19,18,3,49,1,6,97,19,123,10,25,115,22,172,36,0,36,208
08/08/2000,HLN,MT,ANM,WE,Combination Non-Radar Approach Control & Tower w/o Radar,12,32,19,0,63,1,7,106,3,117,13,39,125,3,180,76,0,76,256
08/09/2000,HLN,MT,ANM,WE,Combination Non-Radar Approach Control & Tower w/o Radar,12,35,24,8,79,0,2,38,12,52,12,37,62,20,131,38,0,38,169
08/10/2000,HLN,MT,ANM,WE,Combination Non-Radar Approach Control & Tower w/o Radar,14,35,21,4,74,0,9,76,15,100,14,44,97,19,174,70,4,74,248
08/11/2000,HLN,MT,ANM,WE,Combination Non-Radar Approach Control & Tower w/o Radar,10,30,16,0,56,0,7,55,14,76,10,37,71,14,132,16,2,18,150
08/12/2000,HLN,MT,ANM,WE,Combination Non-Radar Approach Control & Tower w/o Radar,13,15,12,7,47,0,4,94,6,104,13,19,106,13,151,58,6,64,215
08/13/2000,HLN,MT,ANM,WE,Combination Non-Radar Approach Control & Tower w/o Radar,11,4,1,3,19,0,0,67,18,85,11,4,68,21,104,12,2,14,118
08/14/2000,HLN,MT,ANM,WE,Combination Non-Radar Approach Control & Tower w/o Radar,10,18,17,2,47,0,9,85,14,108,10,27,102,16,155,58,0,58,213
08/15/2000,HLN,MT,ANM,WE,Combination Non-Radar Approach Control & Tower w/o Radar,11,29,18,6,64,0,13,95,16,124,11,42,113,22,188,44,0,44,232
08/16/2000,HLN,MT,ANM,WE,Combination Non-Radar Approach Control & Tower w/o Radar,11,28,20,3,62,0,15,98,19,132,11,43,118,22,194,76,22,98,292
08/17/2000,HLN,MT,ANM,WE,Combination Non-Radar Approach Control & Tower w/o Radar,10,30,19,5,64,0,4,78,17,99,10,34,97,22,163,54,4,58,221
08/18/2000,HLN,MT,ANM,WE,Combination Non-Radar Approach Control & Tower w/o Radar,12,35,17,1,65,0,8,62,7,77,12,43,79,8,142,54,2,56,198
08/19/2000,HLN,MT,ANM,WE,Combination Non-Radar Approach Control & Tower w/o Radar,12,16,12,5,45,0,5,143,27,175,12,21,155,32,220,54,0,54,274
08/20/2000,HLN,MT,ANM,WE,Combination Non-Radar Approach Control & Tower w/o Radar,10,7,12,5,34,0,0,96,16,112,10,7,108,21,146,40,0,40,186
08/21/2000,HLN,MT,ANM,WE,Combination Non-Radar Approach Control & Tower w/o Radar,10,16,15,2,43,0,16,61,22,99,10,32,76,24,142,10,0,10,152
08/22/2000,HLN,MT,ANM,WE,Combination Non-Radar Approach Control & Tower w/o Radar,11,26,32,5,74,0,19,91,23,133,11,45,123,28,207,78,0,78,285
08/23/2000,HLN,MT,ANM,WE,Combination Non-Radar Approach Control & Tower w/o Radar,11,42,25,1,79,0,7,79,21,107,11,49,104,22,186,108,48,156,342
08/24/2000,HLN,MT,ANM,WE,Combination Non-Radar Approach Control & Tower w/o Radar,11,30,21,4,66,0,14,59,15,88,11,44,80,19,154,30,0,30,184
08/25/2000,HLN,MT,ANM,WE,Combination Non-Radar Approach Control & Tower w/o Radar,14,29,13,6,62,0,15,117,36,168,14,44,130,42,230,42,0,42,272
08/26/2000,HLN,MT,ANM,WE,Combination Non-Radar Approach Control & Tower w/o Radar,12,17,9,4,42,0,8,117,28,153,12,25,126,32,195,62,14,76,271
08/27/2000,HLN,MT,ANM,WE,Combination Non-Radar Approach Control & Tower w/o Radar,10,7,1,5,23,0,1,80,28,109,10,8,81,33,132,56,16,72,204
08/28/2000,HLN,MT,ANM,WE,Combination Non-Radar Approach Control & Tower w/o Radar,9,15,11,3,38,0,11,81,18,110,9,26,92,21,148,56,0,56,204
08/29/2000,HLN,MT,ANM,WE,Combination Non-Radar Approach Control & Tower w/o Radar,10,25,28,7,70,0,15,59,29,103,10,40,87,36,173,42,8,50,223
08/30/2000,HLN,MT,ANM,WE,Combination Non-Radar Approach Control & Tower w/o Radar,12,28,17,5,62,0,10,102,29,141,12,38,119,34,203,56,0,56,259
08/31/2000,HLN,MT,ANM,WE,Combination Non-Radar Approach Control & Tower w/o Radar,12,25,14,3,54,0,12,91,29,132,12,37,105,32,186,74,0,74,260
09/01/2000,HLN,MT,ANM,WE,Combination Non-Radar Approach Control & Tower w/o Radar,9,27,16,6,58,1,17,49,18,85,10,44,65,24,143,10,6,16,159
09/02/2000,HLN,MT,ANM,WE,Combination Non-Radar Approach Control & Tower w/o Radar,11,16,6,0,33,1,3,54,6,64,12,19,60,6,97,6,0,6,103
09/03/2000,HLN,MT,ANM,WE,Combination Non-Radar Approach Control & Tower w/o Radar,7,6,7,0,20,1,0,72,6,79,8,6,79,6,99,48,6,54,153
09/04/2000,HLN,MT,ANM,WE,Combination Non-Radar Approach Control & Tower w/o Radar,9,10,4,2,25,1,0,77,4,82,10,10,81,6,107,48,0,48,155
09/05/2000,HLN,MT,ANM,WE,Combination Non-Radar Approach Control & Tower w/o Radar,13,25,13,3,54,0,13,56,6,75,13,38,69,9,129,12,0,12,141
09/06/2000,HLN,MT,ANM,WE,Combination Non-Radar Approach Control & Tower w/o Radar,12,29,14,3,58,0,10,39,13,62,12,39,53,16,120,46,14,60,180
09/07/2000,HLN,MT,ANM,WE,Combination Non-Radar Approach Control & Tower w/o Radar,10,24,11,5,50,0,17,113,32,162,10,41,124,37,212,86,22,108,320
09/08/2000,HLN,MT,ANM,WE,Combination Non-Radar Approach Control & Tower w/o Radar,12,28,13,3,56,0,17,42,6,65,12,45,55,9,121,4,0,4,125
09/09/2000,HLN,MT,ANM,WE,Combination Non-Radar Approach Control & Tower w/o Radar,11,15,10,1,37,0,2,20,7,29,11,17,30,8,66,10,10,20,86
09/10/2000,HLN,MT,ANM,WE,Combination Non-Radar Approach Control & Tower w/o Radar,10,4,3,1,18,0,0,29,2,31,10,4,32,3,49,40,0,40,89
09/11/2000,HLN,MT,ANM,WE,Combination Non-Radar Approach Control & Tower w/o Radar,10,20,15,6,51,0,8,38,10,56,10,28,53,16,107,24,0,24,131
09/12/2000,HLN,MT,ANM,WE,Combination Non-Radar Approach Control & Tower w/o Radar,12,25,13,2,52,0,6,72,7,85,12,31,85,9,137,92,0,92,229
09/13/2000,HLN,MT,ANM,WE,Combination Non-Radar Approach Control & Tower w/o Radar,12,25,9,0,46,0,13,98,10,121,12,38,107,10,167,108,10,118,285
09/14/2000,HLN,MT,ANM,WE,Combination Non-Radar Approach Control & Tower w/o Radar,12,24,17,2,55,0,13,103,12,128,12,37,120,14,183,90,28,118,301
09/15/2000,HLN,MT,ANM,WE,Combination Non-Radar Approach Control & Tower w/o Radar,12,26,18,2,58,0,15,84,9,108,12,41,102,11,166,38,0,38,204
09/16/2000,HLN,MT,ANM,WE,Combination Non-Radar Approach Control & Tower w/o Radar,11,12,6,1,30,1,1,82,50,134,12,13,88,51,164,50,28,78,242
09/17/2000,HLN,MT,ANM,WE,Combination Non-Radar Approach Control & Tower w/o Radar,11,7,6,1,25,0,0,81,8,89,11,7,87,9,114,26,0,26,140
09/18/2000,HLN,MT,ANM,WE,Combination Non-Radar Approach Control & Tower w/o Radar,10,19,15,3,47,0,7,23,5,35,10,26,38,8,82,10,6,16,98
09/19/2000,HLN,MT,ANM,WE,Combination Non-Radar Approach Control & Tower w/o Radar,12,33,12,0,57,0,8,56,9,73,12,41,68,9,130,42,10,52,182
09/20/2000,HLN,MT,ANM,WE,Combination Non-Radar Approach Control & Tower w/o Radar,12,36,6,0,54,0,6,78,2,86,12,42,84,2,140,60,0,60,200
09/21/2000,HLN,MT,ANM,WE,Combination Non-Radar Approach Control & Tower w/o Radar,11,36,22,5,74,0,7,10,16,33,11,43,32,21,107,0,52,52,159
09/22/2000,HLN,MT,ANM,WE,Combination Non-Radar Approach Control & Tower w/o Radar,12,32,18,3,65,0,6,22,7,35,12,38,40,10,100,40,8,48,148
09/23/2000,HLN,MT,ANM,WE,Combination Non-Radar Approach Control & Tower w/o Radar,13,18,8,5,44,0,3,66,3,72,13,21,74,8,116,36,14,50,166
09/24/2000,HLN,MT,ANM,WE,Combination Non-Radar Approach Control & Tower w/o Radar,10,6,2,4,22,0,1,70,0,71,10,7,72,4,93,16,0,16,109
09/25/2000,HLN,MT,ANM,WE,Combination Non-Radar Approach Control & Tower w/o Radar,10,14,7,0,31,0,13,51,0,64,10,27,58,0,95,22,0,22,117
09/26/2000,HLN,MT,ANM,WE,Combination Non-Radar Approach Control & Tower w/o Radar,12,22,11,0,45,0,17,85,7,109,12,39,96,7,154,52,2,54,208
09/27/2000,HLN,MT,ANM,WE,Combination Non-Radar Approach Control & Tower w/o Radar,12,23,5,0,40,0,17,91,5,113,12,40,96,5,153,122,10,132,285
09/28/2000,HLN,MT,ANM,WE,Combination Non-Radar Approach Control & Tower w/o Radar,10,22,14,4,50,0,19,103,12,134,10,41,117,16,184,68,40,108,292
09/29/2000,HLN,MT,ANM,WE,Combination Non-Radar Approach Control & Tower w/o Radar,10,20,17,5,52,0,23,66,5,94,10,43,83,10,146,28,26,54,200
09/30/2000,HLN,MT,ANM,WE,Combination Non-Radar Approach Control & Tower w/o Radar,12,13,5,0,30,0,5,27,2,34,12,18,32,2,64,26,0,26,90
10/01/2000,HLN,MT,ANM,WE,Combination Non-Radar Approach Control & Tower w/o Radar,9,10,0,3,22,1,0,7,0,8,10,10,7,3,30,4,0,4,34
10/02/2000,HLN,MT,ANM,WE,Combination Non-Radar Approach Control & Tower w/o Radar,6,24,13,3,46,0,7,36,1,44,6,31,49,4,90,40,2,42,132
10/03/2000,HLN,MT,ANM,WE,Combination Non-Radar Approach Control & Tower w/o Radar,8,26,14,4,52,0,17,85,7,109,8,43,99,11,161,78,6,84,245
10/04/2000,HLN,MT,ANM,WE,Combination Non-Radar Approach Control & Tower w/o Radar,10,37,12,5,64,0,0,46,8,54,10,37,58,13,118,14,2,16,134
10/05/2000,HLN,MT,ANM,WE,Combination Non-Radar Approach Control & Tower w/o Radar,10,35,16,5,66,0,5,80,11,96,10,40,96,16,162,110,8,118,280
10/06/2000,HLN,MT,ANM,WE,Combination Non-Radar Approach Control & Tower w/o Radar,10,27,37,2,76,0,14,90,8,112,10,41,127,10,188,66,2,68,256
10/07/2000,HLN,MT,ANM,WE,Combination Non-Radar Approach Control & Tower w/o Radar,10,12,5,4,31,0,13,101,0,114,10,25,106,4,145,62,2,64,209
10/08/2000,HLN,MT,ANM,WE,Combination Non-Radar Approach Control & Tower w/o Radar,10,2,6,0,18,0,5,107,0,112,10,7,113,0,130,66,0,66,196
10/09/2000,HLN,MT,ANM,WE,Combination Non-Radar Approach Control & Tower w/o Radar,5,16,6,1,28,0,4,86,0,90,5,20,92,1,118,76,0,76,194
10/10/2000,HLN,MT,ANM,WE,Combination Non-Radar Approach Control & Tower w/o Radar,9,20,20,2,51,1,18,69,6,94,10,38,89,8,145,54,4,58,203
10/11/2000,HLN,MT,ANM,WE,Combination Non-Radar Approach Control & Tower w/o Radar,9,39,16,0,64,0,4,22,0,26,9,43,38,0,90,92,0,92,182
10/12/2000,HLN,MT,ANM,WE,Combination Non-Radar Approach Control & Tower w/o Radar,10,42,11,2,65,0,0,4,0,4,10,42,15,2,69,0,0,0,69
10/13/2000,HLN,MT,ANM,WE,Combination Non-Radar Approach Control & Tower w/o Radar,10,37,15,22,84,0,4,12,16,32,10,41,27,38,116,0,50,50,166
10/14/2000,HLN,MT,ANM,WE,Combination Non-Radar Approach Control & Tower w/o Radar,10,19,18,5,52,0,1,25,19,45,10,20,43,24,97,60,56,116,213
10/15/2000,HLN,MT,ANM,WE,Combination Non-Radar Approach Control & Tower w/o Radar,10,6,3,8,27,0,0,79,2,81,10,6,82,10,108,26,14,40,148
10/16/2000,HLN,MT,ANM,WE,Combination Non-Radar Approach Control & Tower w/o Radar,8,22,19,2,51,0,9,42,12,63,8,31,61,14,114,18,12,30,144
10/17/2000,HLN,MT,ANM,WE,Combination Non-Radar Approach Control & Tower w/o Radar,10,25,7,0,42,0,11,97,11,119,10,36,104,11,161,114,18,132,293
10/18/2000,HLN,MT,ANM,WE,Combination Non-Radar Approach Control & Tower w/o Radar,10,25,17,5,57,0,16,61,1,78,10,41,78,6,135,20,6,26,161
10/19/2000,HLN,MT,ANM,WE,Combination Non-Radar Approach Control & Tower w/o Radar,10,23,16,2,51,0,23,51,6,80,10,46,67,8,131,48,0,48,179
10/20/2000,HLN,MT,ANM,WE,Combination Non-Radar Approach Control & Tower w/o Radar,10,30,20,7,67,0,19,63,5,87,10,49,83,12,154,46,2,48,202
10/21/2000,HLN,MT,ANM,WE,Combination Non-Radar Approach Control & Tower w/o Radar,9,19,4,0,32,1,5,14,0,20,10,24,18,0,52,0,0,0,52
10/22/2000,HLN,MT,ANM,WE,Combination Non-Radar Approach Control & Tower w/o Radar,8,8,5,2,23,0,0,29,1,30,8,8,34,3,53,24,0,24,77
10/23/2000,HLN,MT,ANM,WE,Combination Non-Radar Approach Control & Tower w/o Radar,10,16,6,6,38,0,5,63,6,74,10,21,69,12,112,26,12,38,150
10/24/2000,HLN,MT,ANM,WE,Combination Non-Radar Approach Control & Tower w/o Radar,10,27,16,1,54,0,20,95,14,129,10,47,111,15,183,54,22,76,259
10/25/2000,HLN,MT,ANM,WE,Combination Non-Radar Approach Control & Tower w/o Radar,9,34,34,2,79,0,10,74,6,90,9,44,108,8,169,60,6,66,235
10/26/2000,HLN,MT,ANM,WE,Combination Non-Radar Approach Control & Tower w/o Radar,10,33,26,3,72,0,13,83,6,102,10,46,109,9,174,84,8,92,266
10/27/2000,HLN,MT,ANM,WE,Combination Non-Radar Approach Control & Tower w/o Radar,10,28,14,7,59,0,8,69,7,84,10,36,83,14,143,52,22,74,217
10/28/2000,HLN,MT,ANM,WE,Combination Non-Radar Approach Control & Tower w/o Radar,10,9,10,2,31,0,12,66,4,82,10,21,76,6,113,38,2,40,153
10/29/2000,HLN,MT,ANM,WE,Combination Non-Radar Approach Control & Tower w/o Radar,7,8,4,0,19,0,0,23,0,23,7,8,27,0,42,10,0,10,52
10/30/2000,HLN,MT,ANM,WE,Combination Non-Radar Approach Control & Tower w/o Radar,8,24,25,0,57,0,2,4,1,7,8,26,29,1,64,10,0,10,74
10/31/2000,HLN,MT,ANM,WE,Combination Non-Radar Approach Control & Tower w/o Radar,10,40,24,0,74,0,9,58,11,78,10,49,82,11,152,98,8,106,258
11/01/2000,HLN,MT,ANM,WE,Combination Non-Radar Approach Control & Tower w/o Radar,9,40,18,1,68,1,2,11,7,21,10,42,29,8,89,16,26,42,131
11/02/2000,HLN,MT,ANM,WE,Combination Non-Radar Approach Control & Tower w/o Radar,9,34,13,0,56,0,10,47,10,67,9,44,60,10,123,50,14,64,187
11/03/2000,HLN,MT,ANM,WE,Combination Non-Radar Approach Control & Tower w/o Radar,10,31,12,2,55,0,9,83,14,106,10,40,95,16,161,98,26,124,285
11/04/2000,HLN,MT,ANM,WE,Combination Non-Radar Approach Control & Tower w/o Radar,9,17,3,1,30,0,12,57,5,74,9,29,60,6,104,44,8,52,156
11/05/2000,HLN,MT,ANM,WE,Combination Non-Radar Approach Control & Tower w/o Radar,8,8,0,2,18,0,0,3,6,9,8,8,3,8,27,0,0,0,27
11/06/2000,HLN,MT,ANM,WE,Combination Non-Radar Approach Control & Tower w/o Radar,8,27,14,0,49,0,3,24,4,31,8,30,38,4,80,30,6,36,116
11/07/2000,HLN,MT,ANM,WE,Combination Non-Radar Approach Control & Tower w/o Radar,10,29,9,3,51,0,13,74,7,94,10,42,83,10,145,80,18,98,243
11/08/2000,HLN,MT,ANM,WE,Combination Non-Radar Approach Control & Tower w/o Radar,10,41,11,6,68,0,3,28,0,31,10,44,39,6,99,44,2,46,145
11/09/2000,HLN,MT,ANM,WE,Combination Non-Radar Approach Control & Tower w/o Radar,9,37,10,0,56,0,1,5,2,8,9,38,15,2,64,2,0,2,66
11/10/2000,HLN,MT,ANM,WE,Combination Non-Radar Approach Control & Tower w/o Radar,6,36,15,1,58,0,11,15,0,26,6,47,30,1,84,10,0,10,94
11/11/2000,HLN,MT,ANM,WE,Combination Non-Radar Approach Control & Tower w/o Radar,5,21,15,1,42,0,3,31,0,34,5,24,46,1,76,32,0,32,108
11/12/2000,HLN,MT,ANM,WE,Combination Non-Radar Approach Control & Tower w/o Radar,8,8,3,0,19,0,1,17,0,18,8,9,20,0,37,10,0,10,47
11/13/2000,HLN,MT,ANM,WE,Combination Non-Radar Approach Control & Tower w/o Radar,8,21,20,1,50,0,9,45,4,58,8,30,65,5,108,40,12,52,160
11/14/2000,HLN,MT,ANM,WE,Combination Non-Radar Approach Control & Tower w/o Radar,9,35,6,3,53,0,7,34,4,45,9,42,40,7,98,26,14,40,138
11/15/2000,HLN,MT,ANM,WE,Combination Non-Radar Approach Control & Tower w/o Radar,10,38,14,0,62,0,6,2,0,8,10,44,16,0,70,0,0,0,70
11/16/2000,HLN,MT,ANM,WE,Combination Non-Radar Approach Control & Tower w/o Radar,9,27,21,3,60,0,7,21,3,31,9,34,42,6,91,24,0,24,115
11/17/2000,HLN,MT,ANM,WE,Combination Non-Radar Approach Control & Tower w/o Radar,10,37,20,3,70,0,6,49,18,73,10,43,69,21,143,36,16,52,195
11/18/2000,HLN,MT,ANM,WE,Combination Non-Radar Approach Control & Tower w/o Radar,10,19,5,3,37,0,6,42,28,76,10,25,47,31,113,40,26,66,179
11/19/2000,HLN,MT,ANM,WE,Combination Non-Radar Approach Control & Tower w/o Radar,8,8,7,2,25,0,0,68,3,71,8,8,75,5,96,54,0,54,150
11/20/2000,HLN,MT,ANM,WE,Combination Non-Radar Approach Control & Tower w/o Radar,8,25,20,2,55,0,8,37,6,51,8,33,57,8,106,40,22,62,168
11/21/2000,HLN,MT,ANM,WE,Combination Non-Radar Approach Control & Tower w/o Radar,10,33,16,3,62,0,7,32,3,42,10,40,48,6,104,16,6,22,126
11/22/2000,HLN,MT,ANM,WE,Combination Non-Radar Approach Control & Tower w/o Radar,8,23,19,0,50,0,3,16,0,19,8,26,35,0,69,0,0,0,69
11/23/2000,HLN,MT,ANM,WE,Combination Non-Radar Approach Control & Tower w/o Radar,5,10,5,0,20,0,2,23,0,25,5,12,28,0,45,20,0,20,65
11/24/2000,HLN,MT,ANM,WE,Combination Non-Radar Approach Control & Tower w/o Radar,4,21,6,0,31,0,9,50,0,59,4,30,56,0,90,18,0,18,108
11/25/2000,HLN,MT,ANM,WE,Combination Non-Radar Approach Control & Tower w/o Radar,10,15,5,0,30,0,4,53,0,57,10,19,58,0,87,24,0,24,111
11/26/2000,HLN,MT,ANM,WE,Combination Non-Radar Approach Control & Tower w/o Radar,8,8,6,0,22,0,4,29,0,33,8,12,35,0,55,6,0,6,61
11/27/2000,HLN,MT,ANM,WE,Combination Non-Radar Approach Control & Tower w/o Radar,8,26,13,3,50,0,5,23,7,35,8,31,36,10,85,30,26,56,141
11/28/2000,HLN,MT,ANM,WE,Combination Non-Radar Approach Control & Tower w/o Radar,9,27,15,0,51,0,14,35,11,60,9,41,50,11,111,22,18,40,151
11/29/2000,HLN,MT,ANM,WE,Combination Non-Radar Approach Control & Tower w/o Radar,10,31,13,4,58,0,12,41,4,57,10,43,54,8,115,70,10,80,195
11/30/2000,HLN,MT,ANM,WE,Combination Non-Radar Approach Control & Tower w/o Radar,10,38,23,4,75,0,13,31,19,63,10,51,54,23,138,66,20,86,224
12/01/2000,HLN,MT,ANM,WE,Combination Non-Radar Approach Control & Tower w/o Radar,11,29,12,2,54,0,16,76,9,101,11,45,88,11,155,102,22,124,279
12/02/2000,HLN,MT,ANM,WE,Combination Non-Radar Approach Control & Tower w/o Radar,11,17,6,4,38,0,10,45,11,66,11,27,51,15,104,64,24,88,192
12/03/2000,HLN,MT,ANM,WE,Combination Non-Radar Approach Control & Tower w/o Radar,9,9,3,2,23,0,1,40,0,41,9,10,43,2,64,26,0,26,90
12/04/2000,HLN,MT,ANM,WE,Combination Non-Radar Approach Control & Tower w/o Radar,7,16,22,3,48,0,13,18,5,36,7,29,40,8,84,32,12,44,128
12/05/2000,HLN,MT,ANM,WE,Combination Non-Radar Approach Control & Tower w/o Radar,10,30,25,5,70,0,9,58,5,72,10,39,83,10,142,50,38,88,230
12/06/2000,HLN,MT,ANM,WE,Combination Non-Radar Approach Control & Tower w/o Radar,10,35,25,0,70,0,14,88,0,102,10,49,113,0,172,114,0,114,286
12/07/2000,HLN,MT,ANM,WE,Combination Non-Radar Approach Control & Tower w/o Radar,12,35,19,4,70,0,12,32,12,56,12,47,51,16,126,50,30,80,206
12/08/2000,HLN,MT,ANM,WE,Combination Non-Radar Approach Control & Tower w/o Radar,10,41,14,7,72,0,8,57,9,74,10,49,71,16,146,52,16,68,214
12/09/2000,HLN,MT,ANM,WE,Combination Non-Radar Approach Control & Tower w/o Radar,11,18,5,0,34,0,0,0,6,6,11,18,5,6,40,0,6,6,46
12/10/2000,HLN,MT,ANM,WE,Combination Non-Radar Approach Control & Tower w/o Radar,6,8,6,1,21,0,0,0,0,0,6,8,6,1,21,0,0,0,21
12/11/2000,HLN,MT,ANM,WE,Combination Non-Radar Approach Control & Tower w/o Radar,8,24,6,4,42,0,10,20,13,43,8,34,26,17,85,0,20,20,105
12/12/2000,HLN,MT,ANM,WE,Combination Non-Radar Approach Control & Tower w/o Radar,8,35,17,10,70,0,6,10,2,18,8,41,27,12,88,0,48,48,136
12/13/2000,HLN,MT,ANM,WE,Combination Non-Radar Approach Control & Tower w/o Radar,10,42,30,1,83,0,2,16,13,31,10,44,46,14,114,10,20,30,144
12/14/2000,HLN,MT,ANM,WE,Combination Non-Radar Approach Control & Tower w/o Radar,7,35,27,4,73,0,15,25,11,51,7,50,52,15,124,48,20,68,192
12/15/2000,HLN,MT,ANM,WE,Combination Non-Radar Approach Control & Tower w/o Radar,11,29,13,1,54,0,6,1,4,11,11,35,14,5,65,0,22,22,87
12/16/2000,HLN,MT,ANM,WE,Combination Non-Radar Approach Control & Tower w/o Radar,10,23,7,2,42,0,2,2,0,4,10,25,9,2,46,0,0,0,46
12/17/2000,HLN,MT,ANM,WE,Combination Non-Radar Approach Control & Tower w/o Radar,8,9,5,0,22,0,0,1,0,1,8,9,6,0,23,0,0,0,23
12/18/2000,HLN,MT,ANM,WE,Combination Non-Radar Approach Control & Tower w/o Radar,8,24,16,2,50,0,17,54,8,79,8,41,70,10,129,72,10,82,211
12/19/2000,HLN,MT,ANM,WE,Combination Non-Radar Approach Control & Tower w/o Radar,9,39,25,0,73,0,4,45,14,63,9,43,70,14,136,20,34,54,190
12/20/2000,HLN,MT,ANM,WE,Combination Non-Radar Approach Control & Tower w/o Radar,9,35,19,2,65,0,10,57,3,70,9,45,76,5,135,54,12,66,201
12/21/2000,HLN,MT,ANM,WE,Combination Non-Radar Approach Control & Tower w/o Radar,9,30,22,0,61,0,14,45,16,75,9,44,67,16,136,40,22,62,198
12/22/2000,HLN,MT,ANM,WE,Combination Non-Radar Approach Control & Tower w/o Radar,9,39,12,0,60,0,2,21,3,26,9,41,33,3,86,64,0,64,150
12/23/2000,HLN,MT,ANM,WE,Combination Non-Radar Approach Control & Tower w/o Radar,9,27,6,0,42,0,2,48,0,50,9,29,54,0,92,36,0,36,128
12/24/2000,HLN,MT,ANM,WE,Combination Non-Radar Approach Control & Tower w/o Radar,8,9,4,0,21,0,0,0,0,0,8,9,4,0,21,0,0,0,21
12/25/2000,HLN,MT,ANM,WE,Combination Non-Radar Approach Control & Tower w/o Radar,6,10,0,0,16,0,0,15,0,15,6,10,15,0,31,0,0,0,31
12/26/2000,HLN,MT,ANM,WE,Combination Non-Radar Approach Control & Tower w/o Radar,9,31,1,2,43,0,2,24,4,30,9,33,25,6,73,28,8,36,109
12/27/2000,HLN,MT,ANM,WE,Combination Non-Radar Approach Control & Tower w/o Radar,10,32,9,0,51,0,8,30,8,46,10,40,39,8,97,26,6,32,129
12/28/2000,HLN,MT,ANM,WE,Combination Non-Radar Approach Control & Tower w/o Radar,9,32,24,1,66,0,17,46,10,73,9,49,70,11,139,44,24,68,207
12/29/2000,HLN,MT,ANM,WE,Combination Non-Radar Approach Control & Tower w/o Radar,6,31,13,1,51,0,6,42,8,56,6,37,55,9,107,32,18,50,157
12/30/2000,HLN,MT,ANM,WE,Combination Non-Radar Approach Control & Tower w/o Radar,7,21,11,0,39,2,3,21,0,26,9,24,32,0,65,8,0,8,73
12/31/2000,HLN,MT,ANM,WE,Combination Non-Radar Approach Control & Tower w/o Radar,6,12,3,0,21,0,2,6,0,8,6,14,9,0,29,2,0,2,31
01/01/2001,HLN,MT,ANM,WE,Combination Non-Radar Approach Control & Tower w/o Radar,6,11,4,0,21,1,0,23,0,24,7,11,27,0,45,2,0,2,47
01/02/2001,HLN,MT,ANM,WE,Combination Non-Radar Approach Control & Tower w/o Radar,9,29,25,5,68,1,12,33,2,48,10,41,58,7,116,38,0,38,154
01/03/2001,HLN,MT,ANM,WE,Combination Non-Radar Approach Control & Tower w/o Radar,6,31,17,2,56,1,18,37,0,56,7,49,54,2,112,2,0,2,114
01/04/2001,HLN,MT,ANM,WE,Combination Non-Radar Approach Control & Tower w/o Radar,7,33,17,7,64,1,13,44,7,65,8,46,61,14,129,42,14,56,185
01/05/2001,HLN,MT,ANM,WE,Combination Non-Radar Approach Control & Tower w/o Radar,9,31,15,1,56,1,10,20,17,48,10,41,35,18,104,24,38,62,166
01/06/2001,HLN,MT,ANM,WE,Combination Non-Radar Approach Control & Tower w/o Radar,9,15,3,7,34,1,7,19,19,46,10,22,22,26,80,10,44,54,134
01/07/2001,HLN,MT,ANM,WE,Combination Non-Radar Approach Control & Tower w/o Radar,8,7,2,4,21,0,3,95,14,112,8,10,97,18,133,52,12,64,197
01/08/2001,HLN,MT,ANM,WE,Combination Non-Radar Approach Control & Tower w/o Radar,8,20,8,1,37,0,12,40,7,59,8,32,48,8,96,48,2,50,146
01/09/2001,HLN,MT,ANM,WE,Combination Non-Radar Approach Control & Tower w/o Radar,10,36,8,4,58,0,6,39,4,49,10,42,47,8,107,36,10,46,153
01/10/2001,HLN,MT,ANM,WE,Combination Non-Radar Approach Control & Tower w/o Radar,5,36,7,6,54,0,8,16,3,27,5,44,23,9,81,16,8,24,105
01/11/2001,HLN,MT,ANM,WE,Combination Non-Radar Approach Control & Tower w/o Radar,9,33,20,1,63,0,5,39,13,57,9,38,59,14,120,66,4,70,190
01/12/2001,HLN,MT,ANM,WE,Combination Non-Radar Approach Control & Tower w/o Radar,8,39,19,4,70,0,0,26,6,32,8,39,45,10,102,6,16,22,124
01/13/2001,HLN,MT,ANM,WE,Combination Non-Radar Approach Control & Tower w/o Radar,11,16,4,0,31,0,2,23,0,25,11,18,27,0,56,48,0,48,104
01/14/2001,HLN,MT,ANM,WE,Combination Non-Radar Approach Control & Tower w/o Radar,6,8,7,2,23,0,0,26,0,26,6,8,33,2,49,46,0,46,95
01/15/2001,HLN,MT,ANM,WE,Combination Non-Radar Approach Control & Tower w/o Radar,6,19,20,1,46,0,5,18,0,23,6,24,38,1,69,14,0,14,83
01/16/2001,HLN,MT,ANM,WE,Combination Non-Radar Approach Control & Tower w/o Radar,7,24,13,1,45,0,9,36,5,50,7,33,49,6,95,20,26,46,141
01/17/2001,HLN,MT,ANM,WE,Combination Non-Radar Approach Control & Tower w/o Radar,8,37,17,5,67,0,7,21,10,38,8,44,38,15,105,22,8,30,135
01/18/2001,HLN,MT,ANM,WE,Combination Non-Radar Approach Control & Tower w/o Radar,7,38,20,1,66,1,4,24,10,39,8,42,44,11,105,32,14,46,151
01/19/2001,HLN,MT,ANM,WE,Combination Non-Radar Approach Control & Tower w/o Radar,8,32,24,1,65,0,7,23,3,33,8,39,47,4,98,66,14,80,178
01/20/2001,HLN,MT,ANM,WE,Combination Non-Radar Approach Control & Tower w/o Radar,9,18,8,1,36,0,4,38,0,42,9,22,46,1,78,48,0,48,126
01/21/2001,HLN,MT,ANM,WE,Combination Non-Radar Approach Control & Tower w/o Radar,6,8,6,3,23,0,0,54,1,55,6,8,60,4,78,44,14,58,136
01/22/2001,HLN,MT,ANM,WE,Combination Non-Radar Approach Control & Tower w/o Radar,6,23,10,6,45,0,11,42,4,57,6,34,52,10,102,24,4,28,130
01/23/2001,HLN,MT,ANM,WE,Combination Non-Radar Approach Control & Tower w/o Radar,6,17,11,0,34,0,0,6,4,10,6,17,17,4,44,2,0,2,46
01/24/2001,HLN,MT,ANM,WE,Combination Non-Radar Approach Control & Tower w/o Radar,5,41,19,2,67,0,5,17,6,28,5,46,36,8,95,22,26,48,143
01/25/2001,HLN,MT,ANM,WE,Combination Non-Radar Approach Control & Tower w/o Radar,8,42,11,3,64,0,5,18,8,31,8,47,29,11,95,8,18,26,121
01/26/2001,HLN,MT,ANM,WE,Combination Non-Radar Approach Control & Tower w/o Radar,8,44,8,11,71,0,4,46,10,60,8,48,54,21,131,52,26,78,209
01/27/2001,HLN,MT,ANM,WE,Combination Non-Radar Approach Control & Tower w/o Radar,5,14,10,0,29,0,2,23,3,28,5,16,33,3,57,18,14,32,89
01/28/2001,HLN,MT,ANM,WE,Combination Non-Radar Approach Control & Tower w/o Radar,6,8,5,1,20,0,4,17,0,21,6,12,22,1,41,18,0,18,59
01/29/2001,HLN,MT,ANM,WE,Combination Non-Radar Approach Control & Tower w/o Radar,6,27,17,1,51,0,6,33,1,40,6,33,50,2,91,44,0,44,135
01/30/2001,HLN,MT,ANM,WE,Combination Non-Radar Approach Control & Tower w/o Radar,8,40,25,5,78,0,6,10,7,23,8,46,35,12,101,60,6,66,167
01/31/2001,HLN,MT,ANM,WE,Combination Non-Radar Approach Control & Tower w/o Radar,8,40,23,1,72,0,7,32,19,58,8,47,55,20,130,86,14,100,230
02/01/2001,HLN,MT,ANM,WE,Combination Non-Radar Approach Control & Tower w/o Radar,8,33,13,0,54,0,9,48,14,71,8,42,61,14,125,70,14,84,209
02/02/2001,HLN,MT,ANM,WE,Combination Non-Radar Approach Control & Tower w/o Radar,9,33,18,7,67,0,3,24,11,38,9,36,42,18,105,40,28,68,173
02/03/2001,HLN,MT,ANM,WE,Combination Non-Radar Approach Control & Tower w/o Radar,9,15,11,5,40,0,6,5,20,31,9,21,16,25,71,2,40,42,113
02/04/2001,HLN,MT,ANM,WE,Combination Non-Radar Approach Control & Tower w/o Radar,6,7,2,3,18,0,1,23,5,29,6,8,25,8,47,50,12,62,109
02/05/2001,HLN,MT,ANM,WE,Combination Non-Radar Approach Control & Tower w/o Radar,6,31,9,0,46,0,4,24,3,31,6,35,33,3,77,34,2,36,113
02/06/2001,HLN,MT,ANM,WE,Combination Non-Radar Approach Control & Tower w/o Radar,8,42,15,2,67,0,7,5,8,20,8,49,20,10,87,0,26,26,113
02/07/2001,HLN,MT,ANM,WE,Combination Non-Radar Approach Control & Tower w/o Radar,7,35,24,2,68,0,7,33,7,47,7,42,57,9,115,38,14,52,167
02/08/2001,HLN,MT,ANM,WE,Combination Non-Radar Approach Control & Tower w/o Radar,8,35,27,2,72,0,0,36,7,43,8,35,63,9,115,48,8,56,171
02/09/2001,HLN,MT,ANM,WE,Combination Non-Radar Approach Control & Tower w/o Radar,8,28,14,9,59,0,9,37,9,55,8,37,51,18,114,54,22,76,190
02/10/2001,HLN,MT,ANM,WE,Combination Non-Radar Approach Control & Tower w/o Radar,9,18,11,3,41,0,0,32,14,46,9,18,43,17,87,86,16,102,189
02/11/2001,HLN,MT,ANM,WE,Combination Non-Radar Approach Control & Tower w/o Radar,6,8,6,1,21,0,0,30,4,34,6,8,36,5,55,66,0,66,121
02/12/2001,HLN,MT,ANM,WE,Combination Non-Radar Approach Control & Tower w/o Radar,6,27,25,1,59,0,8,38,4,50,6,35,63,5,109,30,22,52,161
02/13/2001,HLN,MT,ANM,WE,Combination Non-Radar Approach Control & Tower w/o Radar,8,36,13,5,62,0,12,36,10,58,8,48,49,15,120,56,24,80,200
02/14/2001,HLN,MT,ANM,WE,Combination Non-Radar Approach Control & Tower w/o Radar,8,34,19,4,65,0,13,45,7,65,8,47,64,11,130,44,6,50,180
02/15/2001,HLN,MT,ANM,WE,Combination Non-Radar Approach Control & Tower w/o Radar,7,41,17,2,67,0,1,4,10,15,7,42,21,12,82,0,32,32,114
02/16/2001,HLN,MT,ANM,WE,Combination Non-Radar Approach Control & Tower w/o Radar,8,33,14,0,55,0,4,10,5,19,8,37,24,5,74,10,14,24,98
02/17/2001,HLN,MT,ANM,WE,Combination Non-Radar Approach Control & Tower w/o Radar,5,17,9,0,31,4,2,60,0,66,9,19,69,0,97,82,0,82,179
02/18/2001,HLN,MT,ANM,WE,Combination Non-Radar Approach Control & Tower w/o Radar,4,8,8,0,20,4,0,15,0,19,8,8,23,0,39,68,0,68,107
02/19/2001,HLN,MT,ANM,WE,Combination Non-Radar Approach Control & Tower w/o Radar,6,22,12,0,40,0,4,57,0,61,6,26,69,0,101,112,0,112,213
02/20/2001,HLN,MT,ANM,WE,Combination Non-Radar Approach Control & Tower w/o Radar,10,29,21,6,66,0,5,41,9,55,10,34,62,15,121,24,28,52,173
02/21/2001,HLN,MT,ANM,WE,Combination Non-Radar Approach Control & Tower w/o Radar,10,40,19,0,69,0,3,26,7,36,10,43,45,7,105,16,0,16,121
02/22/2001,HLN,MT,ANM,WE,Combination Non-Radar Approach Control & Tower w/o Radar,10,36,24,2,72,0,4,19,8,31,10,40,43,10,103,8,26,34,137
02/23/2001,HLN,MT,ANM,WE,Combination Non-Radar Approach Control & Tower w/o Radar,10,33,16,2,61,0,5,41,17,63,10,38,57,19,124,46,38,84,208
02/24/2001,HLN,MT,ANM,WE,Combination Non-Radar Approach Control & Tower w/o Radar,9,19,7,1,36,0,2,17,4,23,9,21,24,5,59,60,14,74,133
02/25/2001,HLN,MT,ANM,WE,Combination Non-Radar Approach Control & Tower w/o Radar,8,8,6,0,22,0,0,12,0,12,8,8,18,0,34,24,0,24,58
02/26/2001,HLN,MT,ANM,WE,Combination Non-Radar Approach Control & Tower w/o Radar,8,25,14,9,56,0,7,22,6,35,8,32,36,15,91,22,24,46,137
02/27/2001,HLN,MT,ANM,WE,Combination Non-Radar Approach Control & Tower w/o Radar,10,26,11,2,49,0,13,58,5,76,10,39,69,7,125,54,8,62,187
02/28/2001,HLN,MT,ANM,WE,Combination Non-Radar Approach Control & Tower w/o Radar,6,26,11,2,45,0,14,53,1,68,6,40,64,3,113,70,0,70,183
03/01/2001,HLN,MT,ANM,WE,Combination Non-Radar Approach Control & Tower w/o Radar,7,24,13,1,45,1,8,37,10,56,8,32,50,11,101,32,24,56,157
03/02/2001,HLN,MT,ANM,WE,Combination Non-Radar Approach Control & Tower w/o Radar,8,32,14,0,54,1,0,30,12,43,9,32,44,12,97,44,10,54,151
03/03/2001,HLN,MT,ANM,WE,Combination Non-Radar Approach Control & Tower w/o Radar,9,17,7,0,33,0,6,40,12,58,9,23,47,12,91,70,26,96,187
03/04/2001,HLN,MT,ANM,WE,Combination Non-Radar Approach Control & Tower w/o Radar,8,12,8,3,31,0,2,83,5,90,8,14,91,8,121,90,2,92,213
03/05/2001,HLN,MT,ANM,WE,Combination Non-Radar Approach Control & Tower w/o Radar,7,19,5,5,36,1,15,48,0,64,8,34,53,5,100,46,22,68,168
03/06/2001,HLN,MT,ANM,WE,Combination Non-Radar Approach Control & Tower w/o Radar,8,27,11,0,46,1,17,63,8,89,9,44,74,8,135,42,4,46,181
03/07/2001,HLN,MT,ANM,WE,Combination Non-Radar Approach Control & Tower w/o Radar,9,32,7,7,55,1,17,91,13,122,10,49,98,20,177,56,16,72,249
03/08/2001,HLN,MT,ANM,WE,Combination Non-Radar Approach Control & Tower w/o Radar,10,28,14,3,55,0,19,75,11,105,10,47,89,14,160,84,28,112,272
03/09/2001,HLN,MT,ANM,WE,Combination Non-Radar Approach Control & Tower w/o Radar,12,31,20,1,64,0,8,22,2,32,12,39,42,3,96,14,0,14,110
03/10/2001,HLN,MT,ANM,WE,Combination Non-Radar Approach Control & Tower w/o Radar,9,20,6,1,36,0,2,29,1,32,9,22,35,2,68,42,0,42,110
03/11/2001,HLN,MT,ANM,WE,Combination Non-Radar Approach Control & Tower w/o Radar,8,7,5,1,21,0,2,33,1,36,8,9,38,2,57,40,0,40,97
03/12/2001,HLN,MT,ANM,WE,Combination Non-Radar Approach Control & Tower w/o Radar,8,24,9,2,43,0,5,14,10,29,8,29,23,12,72,0,14,14,86
03/13/2001,HLN,MT,ANM,WE,Combination Non-Radar Approach Control & Tower w/o Radar,10,34,13,4,61,0,8,30,28,66,10,42,43,32,127,32,44,76,203
03/14/2001,HLN,MT,ANM,WE,Combination Non-Radar Approach Control & Tower w/o Radar,9,40,13,3,65,1,3,0,5,9,10,43,13,8,74,0,12,12,86
03/15/2001,HLN,MT,ANM,WE,Combination Non-Radar Approach Control & Tower w/o Radar,8,31,14,6,59,0,17,54,6,77,8,48,68,12,136,52,26,78,214
03/16/2001,HLN,MT,ANM,WE,Combination Non-Radar Approach Control & Tower w/o Radar,10,28,13,1,52,0,4,66,17,87,10,32,79,18,139,60,10,70,209
03/17/2001,HLN,MT,ANM,WE,Combination Non-Radar Approach Control & Tower w/o Radar,9,16,9,0,34,0,7,60,0,67,9,23,69,0,101,32,0,32,133
03/18/2001,HLN,MT,ANM,WE,Combination Non-Radar Approach Control & Tower w/o Radar,8,8,4,0,20,0,0,33,0,33,8,8,37,0,53,28,0,28,81
03/19/2001,HLN,MT,ANM,WE,Combination Non-Radar Approach Control & Tower w/o Radar,8,21,9,5,43,0,9,19,4,32,8,30,28,9,75,0,16,16,91
03/20/2001,HLN,MT,ANM,WE,Combination Non-Radar Approach Control & Tower w/o Radar,10,33,16,5,64,0,17,44,6,67,10,50,60,11,131,12,24,36,167
03/21/2001,HLN,MT,ANM,WE,Combination Non-Radar Approach Control & Tower w/o Radar,8,23,16,2,49,0,24,59,2,85,8,47,75,4,134,30,0,30,164
03/22/2001,HLN,MT,ANM,WE,Combination Non-Radar Approach Control & Tower w/o Radar,10,27,19,2,58,0,20,59,19,98,10,47,78,21,156,86,18,104,260
03/23/2001,HLN,MT,ANM,WE,Combination Non-Radar Approach Control & Tower w/o Radar,10,33,15,3,61,0,1,46,9,56,10,34,61,12,117,20,16,36,153
03/24/2001,HLN,MT,ANM,WE,Combination Non-Radar Approach Control & Tower w/o Radar,9,24,15,2,50,0,2,24,3,29,9,26,39,5,79,42,0,42,121
03/25/2001,HLN,MT,ANM,WE,Combination Non-Radar Approach Control & Tower w/o Radar,8,8,4,3,23,0,0,17,1,18,8,8,21,4,41,40,6,46,87
03/26/2001,HLN,MT,ANM,WE,Combination Non-Radar Approach Control & Tower w/o Radar,8,32,12,2,54,0,6,28,7,41,8,38,40,9,95,18,22,40,135
03/27/2001,HLN,MT,ANM,WE,Combination Non-Radar Approach Control & Tower w/o Radar,8,29,14,0,51,0,17,33,8,58,8,46,47,8,109,40,0,40,149
03/28/2001,HLN,MT,ANM,WE,Combination Non-Radar Approach Control & Tower w/o Radar,10,36,16,3,65,0,7,10,9,26,10,43,26,12,91,44,16,60,151
03/29/2001,HLN,MT,ANM,WE,Combination Non-Radar Approach Control & Tower w/o Radar,10,32,13,0,55,0,11,52,7,70,10,43,65,7,125,22,12,34,159
03/30/2001,HLN,MT,ANM,WE,Combination Non-Radar Approach Control & Tower w/o Radar,0,0,0,0,0,0,0,0,0,0,0,0,0,0,0,22,46,68,68
03/31/2001,HLN,MT,ANM,WE,Combination Non-Radar Approach Control & Tower w/o Radar,0,0,0,0,0,0,0,0,0,0,0,0,0,0,0,78,6,84,84
04/01/2001,HLN,MT,ANM,WE,Combination Non-Radar Approach Control & Tower w/o Radar,8,8,3,1,20,0,0,21,0,21,8,8,24,1,41,12,0,12,53
04/02/2001,HLN,MT,ANM,WE,Combination Non-Radar Approach Control & Tower w/o Radar,8,28,9,7,52,0,6,16,7,29,8,34,25,14,81,0,50,50,131
04/03/2001,HLN,MT,ANM,WE,Combination Non-Radar Approach Control & Tower w/o Radar,10,42,13,1,66,0,4,22,2,28,10,46,35,3,94,30,12,42,136
04/04/2001,HLN,MT,ANM,WE,Combination Non-Radar Approach Control & Tower w/o Radar,10,33,16,3,62,0,11,37,6,54,10,44,53,9,116,42,8,50,166
04/05/2001,HLN,MT,ANM,WE,Combination Non-Radar Approach Control & Tower w/o Radar,10,32,23,2,67,0,12,54,5,71,10,44,77,7,138,24,4,28,166
04/06/2001,HLN,MT,ANM,WE,Combination Non-Radar Approach Control & Tower w/o Radar,10,30,21,3,64,0,8,55,15,78,10,38,76,18,142,36,16,52,194
04/07/2001,HLN,MT,ANM,WE,Combination Non-Radar Approach Control & Tower w/o Radar,9,17,9,4,39,0,3,64,10,77,9,20,73,14,116,60,44,104,220
04/08/2001,HLN,MT,ANM,WE,Combination Non-Radar Approach Control & Tower w/o Radar,8,10,9,2,29,0,0,3,2,5,8,10,12,4,34,0,0,0,34
04/09/2001,HLN,MT,ANM,WE,Combination Non-Radar Approach Control & Tower w/o Radar,8,26,8,9,51,0,11,5,7,23,8,37,13,16,74,0,38,38,112
04/10/2001,HLN,MT,ANM,WE,Combination Non-Radar Approach Control & Tower w/o Radar,10,36,11,7,64,0,9,45,14,68,10,45,56,21,132,20,30,50,182
04/11/2001,HLN,MT,ANM,WE,Combination Non-Radar Approach Control & Tower w/o Radar,10,40,18,3,71,0,4,3,0,7,10,44,21,3,78,0,0,0,78
04/12/2001,HLN,MT,ANM,WE,Combination Non-Radar Approach Control & Tower w/o Radar,10,38,13,5,66,1,3,22,5,31,11,41,35,10,97,6,14,20,117
04/13/2001,HLN,MT,ANM,WE,Combination Non-Radar Approach Control & Tower w/o Radar,10,30,13,2,55,0,7,32,7,46,10,37,45,9,101,34,18,52,153
04/14/2001,HLN,MT,ANM,WE,Combination Non-Radar Approach Control & Tower w/o Radar,9,23,10,0,42,0,2,28,0,30,9,25,38,0,72,26,0,26,98
04/15/2001,HLN,MT,ANM,WE,Combination Non-Radar Approach Control & Tower w/o Radar,8,8,2,0,18,0,0,47,0,47,8,8,49,0,65,50,0,50,115
04/16/2001,HLN,MT,ANM,WE,Combination Non-Radar Approach Control & Tower w/o Radar,8,21,15,9,53,0,12,74,5,91,8,33,89,14,144,54,10,64,208
04/17/2001,HLN,MT,ANM,WE,Combination Non-Radar Approach Control & Tower w/o Radar,9,25,10,0,44,0,20,62,5,87,9,45,72,5,131,68,10,78,209
04/18/2001,HLN,MT,ANM,WE,Combination Non-Radar Approach Control & Tower w/o Radar,10,25,20,1,56,0,16,69,2,87,10,41,89,3,143,92,0,92,235
04/19/2001,HLN,MT,ANM,WE,Combination Non-Radar Approach Control & Tower w/o Radar,10,35,27,3,75,0,5,28,1,34,10,40,55,4,109,46,0,46,155
04/20/2001,HLN,MT,ANM,WE,Combination Non-Radar Approach Control & Tower w/o Radar,10,34,24,2,70,0,2,15,6,23,10,36,39,8,93,18,28,46,139
04/21/2001,HLN,MT,ANM,WE,Combination Non-Radar Approach Control & Tower w/o Radar,10,21,6,2,39,0,0,14,30,44,10,21,20,32,83,0,132,132,215
04/22/2001,HLN,MT,ANM,WE,Combination Non-Radar Approach Control & Tower w/o Radar,8,8,19,1,36,0,2,62,0,64,8,10,81,1,100,34,0,34,134
04/23/2001,HLN,MT,ANM,WE,Combination Non-Radar Approach Control & Tower w/o Radar,8,30,13,1,52,0,6,49,15,70,8,36,62,16,122,38,24,62,184
04/24/2001,HLN,MT,ANM,WE,Combination Non-Radar Approach Control & Tower w/o Radar,10,22,17,0,49,0,26,57,20,103,10,48,74,20,152,64,60,124,276
04/25/2001,HLN,MT,ANM,WE,Combination Non-Radar Approach Control & Tower w/o Radar,10,25,15,2,52,0,19,97,25,141,10,44,112,27,193,58,30,88,281
04/26/2001,HLN,MT,ANM,WE,Combination Non-Radar Approach Control & Tower w/o Radar,10,24,21,0,55,0,14,76,18,108,10,38,97,18,163,60,8,68,231
04/27/2001,HLN,MT,ANM,WE,Combination Non-Radar Approach Control & Tower w/o Radar,10,25,15,0,50,0,12,71,17,100,10,37,86,17,150,36,2,38,188
04/28/2001,HLN,MT,ANM,WE,Combination Non-Radar Approach Control & Tower w/o Radar,9,20,8,4,41,0,5,84,8,97,9,25,92,12,138,44,14,58,196
04/29/2001,HLN,MT,ANM,WE,Combination Non-Radar Approach Control & Tower w/o Radar,8,8,8,0,24,0,0,76,1,77,8,8,84,1,101,36,2,38,139
04/30/2001,HLN,MT,ANM,WE,Combination Non-Radar Approach Control & Tower w/o Radar,8,24,22,1,55,0,0,40,0,40,8,24,62,1,95,36,16,52,147
05/01/2001,HLN,MT,ANM,WE,Combination Non-Radar Approach Control & Tower w/o Radar,10,28,13,3,54,0,14,30,0,44,10,42,43,3,98,4,20,24,122
05/02/2001,HLN,MT,ANM,WE,Combination Non-Radar Approach Control & Tower w/o Radar,9,33,7,0,49,0,3,39,0,42,9,36,46,0,91,8,0,8,99
05/03/2001,HLN,MT,ANM,WE,Combination Non-Radar Approach Control & Tower w/o Radar,10,26,14,0,50,0,8,77,6,91,10,34,91,6,141,68,12,80,221
05/04/2001,HLN,MT,ANM,WE,Combination Non-Radar Approach Control & Tower w/o Radar,7,27,5,5,44,0,12,75,13,100,7,39,80,18,144,40,12,52,196
05/05/2001,HLN,MT,ANM,WE,Combination Non-Radar Approach Control & Tower w/o Radar,9,15,2,4,30,0,5,36,30,71,9,20,38,34,101,46,38,84,185
05/06/2001,HLN,MT,ANM,WE,Combination Non-Radar Approach Control & Tower w/o Radar,6,8,0,4,18,0,0,38,5,43,6,8,38,9,61,6,10,16,77
05/07/2001,HLN,MT,ANM,WE,Combination Non-Radar Approach Control & Tower w/o Radar,8,20,11,6,45,0,10,56,6,72,8,30,67,12,117,12,8,20,137
05/08/2001,HLN,MT,ANM,WE,Combination Non-Radar Approach Control & Tower w/o Radar,10,22,11,2,45,0,19,43,8,70,10,41,54,10,115,22,0,22,137
05/09/2001,HLN,MT,ANM,WE,Combination Non-Radar Approach Control & Tower w/o Radar,10,22,14,1,47,0,16,45,7,68,10,38,59,8,115,80,0,80,195
05/10/2001,HLN,MT,ANM,WE,Combination Non-Radar Approach Control & Tower w/o Radar,10,29,12,4,55,0,9,66,7,82,10,38,78,11,137,120,6,126,263
05/11/2001,HLN,MT,ANM,WE,Combination Non-Radar Approach Control & Tower w/o Radar,10,24,12,2,48,0,16,69,6,91,10,40,81,8,139,178,4,182,321
05/12/2001,HLN,MT,ANM,WE,Combination Non-Radar Approach Control & Tower w/o Radar,7,15,8,0,30,2,4,67,0,73,9,19,75,0,103,52,0,52,155
05/13/2001,HLN,MT,ANM,WE,Combination Non-Radar Approach Control & Tower w/o Radar,10,10,5,0,25,0,0,50,0,50,10,10,55,0,75,10,0,10,85
05/14/2001,HLN,MT,ANM,WE,Combination Non-Radar Approach Control & Tower w/o Radar,8,20,13,4,45,0,12,52,14,78,8,32,65,18,123,18,8,26,149
05/15/2001,HLN,MT,ANM,WE,Combination Non-Radar Approach Control & Tower w/o Radar,10,31,14,2,57,0,10,23,8,41,10,41,37,10,98,16,16,32,130
05/16/2001,HLN,MT,ANM,WE,Combination Non-Radar Approach Control & Tower w/o Radar,10,28,20,3,61,0,16,15,5,36,10,44,35,8,97,0,10,10,107
05/17/2001,HLN,MT,ANM,WE,Combination Non-Radar Approach Control & Tower w/o Radar,9,28,8,2,47,0,13,42,11,66,9,41,50,13,113,36,10,46,159
05/18/2001,HLN,MT,ANM,WE,Combination Non-Radar Approach Control & Tower w/o Radar,10,25,20,6,61,0,14,42,8,64,10,39,62,14,125,20,16,36,161
05/19/2001,HLN,MT,ANM,WE,Combination Non-Radar Approach Control & Tower w/o Radar,7,13,11,0,31,0,8,59,10,77,7,21,70,10,108,102,14,116,224
05/20/2001,HLN,MT,ANM,WE,Combination Non-Radar Approach Control & Tower w/o Radar,8,8,8,0,24,0,0,14,0,14,8,8,22,0,38,8,0,8,46
05/21/2001,HLN,MT,ANM,WE,Combination Non-Radar Approach Control & Tower w/o Radar,8,20,9,1,38,0,15,68,6,89,8,35,77,7,127,48,0,48,175
05/22/2001,HLN,MT,ANM,WE,Combination Non-Radar Approach Control & Tower w/o Radar,10,28,9,0,47,0,13,84,8,105,10,41,93,8,152,128,4,132,284
05/23/2001,HLN,MT,ANM,WE,Combination Non-Radar Approach Control & Tower w/o Radar,10,17,16,1,44,0,26,70,6,102,10,43,86,7,146,116,16,132,278
05/24/2001,HLN,MT,ANM,WE,Combination Non-Radar Approach Control & Tower w/o Radar,10,25,10,2,47,0,17,76,15,108,10,42,86,17,155,160,2,162,317
05/25/2001,HLN,MT,ANM,WE,Combination Non-Radar Approach Control & Tower w/o Radar,9,28,9,4,50,0,12,72,6,90,9,40,81,10,140,58,2,60,200
05/26/2001,HLN,MT,ANM,WE,Combination Non-Radar Approach Control & Tower w/o Radar,8,14,9,2,33,0,5,62,2,69,8,19,71,4,102,40,4,44,146
05/27/2001,HLN,MT,ANM,WE,Combination Non-Radar Approach Control & Tower w/o Radar,5,8,3,0,16,0,0,70,0,70,5,8,73,0,86,48,0,48,134
05/28/2001,HLN,MT,ANM,WE,Combination Non-Radar Approach Control & Tower w/o Radar,8,11,3,2,24,0,6,56,1,63,8,17,59,3,87,28,0,28,115
05/29/2001,HLN,MT,ANM,WE,Combination Non-Radar Approach Control & Tower w/o Radar,10,21,10,0,41,0,14,36,5,55,10,35,46,5,96,22,0,22,118
05/30/2001,HLN,MT,ANM,WE,Combination Non-Radar Approach Control & Tower w/o Radar,9,21,24,0,54,0,15,50,4,69,9,36,74,4,123,78,6,84,207
05/31/2001,HLN,MT,ANM,WE,Combination Non-Radar Approach Control & Tower w/o Radar,9,25,18,5,57,0,8,51,1,60,9,33,69,6,117,44,14,58,175
06/01/2001,HLN,MT,ANM,WE,Combination Non-Radar Approach Control & Tower w/o Radar,12,20,6,4,42,0,18,61,6,85,12,38,67,10,127,28,0,28,155
06/02/2001,HLN,MT,ANM,WE,Combination Non-Radar Approach Control & Tower w/o Radar,11,14,6,3,34,0,3,33,7,43,11,17,39,10,77,10,26,36,113
06/03/2001,HLN,MT,ANM,WE,Combination Non-Radar Approach Control & Tower w/o Radar,10,6,9,5,30,0,0,5,7,12,10,6,14,12,42,18,0,18,60
06/04/2001,HLN,MT,ANM,WE,Combination Non-Radar Approach Control & Tower w/o Radar,10,26,7,4,47,0,8,23,8,39,10,34,30,12,86,10,2,12,98
06/05/2001,HLN,MT,ANM,WE,Combination Non-Radar Approach Control & Tower w/o Radar,12,31,24,6,73,0,16,45,10,71,12,47,69,16,144,46,6,52,196
06/06/2001,HLN,MT,ANM,WE,Combination Non-Radar Approach Control & Tower w/o Radar,12,29,15,2,58,0,13,23,2,38,12,42,38,4,96,34,0,34,130
06/07/2001,HLN,MT,ANM,WE,Combination Non-Radar Approach Control & Tower w/o Radar,12,24,11,1,48,0,18,91,18,127,12,42,102,19,175,106,8,114,289
06/08/2001,HLN,MT,ANM,WE,Combination Non-Radar Approach Control & Tower w/o Radar,12,23,16,6,57,0,15,70,28,113,12,38,86,34,170,218,32,250,420
06/09/2001,HLN,MT,ANM,WE,Combination Non-Radar Approach Control & Tower w/o Radar,11,16,7,6,40,0,0,108,0,108,11,16,115,6,148,80,6,86,234
06/10/2001,HLN,MT,ANM,WE,Combination Non-Radar Approach Control & Tower w/o Radar,12,6,4,0,22,0,0,79,4,83,12,6,83,4,105,66,4,70,175
06/11/2001,HLN,MT,ANM,WE,Combination Non-Radar Approach Control & Tower w/o Radar,10,24,13,2,49,0,14,40,3,57,10,38,53,5,106,56,4,60,166
06/12/2001,HLN,MT,ANM,WE,Combination Non-Radar Approach Control & Tower w/o Radar,11,40,27,1,79,0,2,18,4,24,11,42,45,5,103,70,8,78,181
06/13/2001,HLN,MT,ANM,WE,Combination Non-Radar Approach Control & Tower w/o Radar,11,40,16,0,67,0,2,10,3,15,11,42,26,3,82,28,2,30,112
06/14/2001,HLN,MT,ANM,WE,Combination Non-Radar Approach Control & Tower w/o Radar,12,31,19,0,62,0,7,51,18,76,12,38,70,18,138,14,14,28,166
06/15/2001,HLN,MT,ANM,WE,Combination Non-Radar Approach Control & Tower w/o Radar,12,28,12,1,53,0,12,59,27,98,12,40,71,28,151,52,8,60,211
06/16/2001,HLN,MT,ANM,WE,Combination Non-Radar Approach Control & Tower w/o Radar,13,8,10,5,36,0,10,92,16,118,13,18,102,21,154,100,28,128,282
06/17/2001,HLN,MT,ANM,WE,Combination Non-Radar Approach Control & Tower w/o Radar,10,8,8,4,30,0,5,86,6,97,10,13,94,10,127,84,16,100,227
06/18/2001,HLN,MT,ANM,WE,Combination Non-Radar Approach Control & Tower w/o Radar,10,22,21,0,53,0,12,74,2,88,10,34,95,2,141,140,0,140,281
06/19/2001,HLN,MT,ANM,WE,Combination Non-Radar Approach Control & Tower w/o Radar,9,21,12,5,47,2,19,87,7,115,11,40,99,12,162,22,4,26,188
06/20/2001,HLN,MT,ANM,WE,Combination Non-Radar Approach Control & Tower w/o Radar,11,26,4,2,43,0,19,97,10,126,11,45,101,12,169,138,22,160,329
06/21/2001,HLN,MT,ANM,WE,Combination Non-Radar Approach Control & Tower w/o Radar,12,14,12,2,40,0,29,78,20,127,12,43,90,22,167,100,6,106,273
06/22/2001,HLN,MT,ANM,WE,Combination Non-Radar Approach Control & Tower w/o Radar,11,21,13,1,46,0,18,89,19,126,11,39,102,20,172,138,4,142,314
06/23/2001,HLN,MT,ANM,WE,Combination Non-Radar Approach Control & Tower w/o Radar,12,17,3,0,32,0,3,65,7,75,12,20,68,7,107,106,6,112,219
06/24/2001,HLN,MT,ANM,WE,Combination Non-Radar Approach Control & Tower w/o Radar,10,6,8,0,24,0,0,37,0,37,10,6,45,0,61,4,0,4,65
06/25/2001,HLN,MT,ANM,WE,Combination Non-Radar Approach Control & Tower w/o Radar,9,22,12,2,45,0,24,75,6,105,9,46,87,8,150,18,4,22,172
06/26/2001,HLN,MT,ANM,WE,Combination Non-Radar Approach Control & Tower w/o Radar,11,22,14,0,47,0,20,71,5,96,11,42,85,5,143,68,0,68,211
06/27/2001,HLN,MT,ANM,WE,Combination Non-Radar Approach Control & Tower w/o Radar,11,26,14,2,53,0,19,59,9,87,11,45,73,11,140,72,8,80,220
06/28/2001,HLN,MT,ANM,WE,Combination Non-Radar Approach Control & Tower w/o Radar,11,26,35,0,72,0,12,61,2,75,11,38,96,2,147,78,0,78,225
06/29/2001,HLN,MT,ANM,WE,Combination Non-Radar Approach Control & Tower w/o Radar,12,26,16,1,55,0,18,103,17,138,12,44,119,18,193,146,10,156,349
06/30/2001,HLN,MT,ANM,WE,Combination Non-Radar Approach Control & Tower w/o Radar,11,10,11,0,32,0,10,74,1,85,11,20,85,1,117,66,0,66,183
07/01/2001,HLN,MT,ANM,WE,Combination Non-Radar Approach Control & Tower w/o Radar,9,8,6,0,23,1,5,76,10,92,10,13,82,10,115,60,0,60,175
07/02/2001,HLN,MT,ANM,WE,Combination Non-Radar Approach Control & Tower w/o Radar,10,20,8,0,38,1,15,72,0,88,11,35,80,0,126,82,0,82,208
07/03/2001,HLN,MT,ANM,WE,Combination Non-Radar Approach Control & Tower w/o Radar,9,19,15,1,44,1,25,94,1,121,10,44,109,2,165,120,2,122,287
07/04/2001,HLN,MT,ANM,WE,Combination Non-Radar Approach Control & Tower w/o Radar,10,11,7,0,28,1,5,49,1,56,11,16,56,1,84,54,0,54,138
07/05/2001,HLN,MT,ANM,WE,Combination Non-Radar Approach Control & Tower w/o Radar,12,17,15,5,49,0,20,83,4,107,12,37,98,9,156,66,6,72,228
07/06/2001,HLN,MT,ANM,WE,Combination Non-Radar Approach Control & Tower w/o Radar,12,18,29,0,59,0,17,78,8,103,12,35,107,8,162,132,0,132,294
07/07/2001,HLN,MT,ANM,WE,Combination Non-Radar Approach Control & Tower w/o Radar,11,9,11,0,31,0,12,113,8,133,11,21,124,8,164,102,0,102,266
07/08/2001,HLN,MT,ANM,WE,Combination Non-Radar Approach Control & Tower w/o Radar,7,8,6,0,21,0,3,69,0,72,7,11,75,0,93,18,0,18,111
07/09/2001,HLN,MT,ANM,WE,Combination Non-Radar Approach Control & Tower w/o Radar,9,19,7,1,36,0,11,62,0,73,9,30,69,1,109,36,0,36,145
07/10/2001,HLN,MT,ANM,WE,Combination Non-Radar Approach Control & Tower w/o Radar,12,23,23,4,62,0,15,52,10,77,12,38,75,14,139,122,2,124,263
07/11/2001,HLN,MT,ANM,WE,Combination Non-Radar Approach Control & Tower w/o Radar,12,26,17,1,56,0,11,82,6,99,12,37,99,7,155,122,8,130,285
07/12/2001,HLN,MT,ANM,WE,Combination Non-Radar Approach Control & Tower w/o Radar,11,18,12,1,42,1,22,109,7,139,12,40,121,8,181,56,0,56,237
07/13/2001,HLN,MT,ANM,WE,Combination Non-Radar Approach Control & Tower w/o Radar,12,27,9,2,50,0,11,62,5,78,12,38,71,7,128,58,12,70,198
07/14/2001,HLN,MT,ANM,WE,Combination Non-Radar Approach Control & Tower w/o Radar,12,12,6,0,30,0,6,84,2,92,12,18,90,2,122,102,0,102,224
07/15/2001,HLN,MT,ANM,WE,Combination Non-Radar Approach Control & Tower w/o Radar,7,6,3,0,16,0,0,57,4,61,7,6,60,4,77,56,0,56,133
07/16/2001,HLN,MT,ANM,WE,Combination Non-Radar Approach Control & Tower w/o Radar,8,22,12,0,42,1,6,75,2,84,9,28,87,2,126,66,0,66,192
07/17/2001,HLN,MT,ANM,WE,Combination Non-Radar Approach Control & Tower w/o Radar,11,26,17,1,55,1,21,49,2,73,12,47,66,3,128,76,0,76,204
07/18/2001,HLN,MT,ANM,WE,Combination Non-Radar Approach Control & Tower w/o Radar,12,16,17,3,48,0,14,100,12,126,12,30,117,15,174,112,8,120,294
07/19/2001,HLN,MT,ANM,WE,Combination Non-Radar Approach Control & Tower w/o Radar,11,29,13,1,54,0,12,120,11,143,11,41,133,12,197,100,4,104,301
07/20/2001,HLN,MT,ANM,WE,Combination Non-Radar Approach Control & Tower w/o Radar,12,26,14,1,53,0,5,79,13,97,12,31,93,14,150,40,20,60,210
07/21/2001,HLN,MT,ANM,WE,Combination Non-Radar Approach Control & Tower w/o Radar,11,10,14,6,41,0,6,96,8,110,11,16,110,14,151,24,0,24,175
07/22/2001,HLN,MT,ANM,WE,Combination Non-Radar Approach Control & Tower w/o Radar,10,10,5,0,25,0,0,106,1,107,10,10,111,1,132,52,0,52,184
07/23/2001,HLN,MT,ANM,WE,Combination Non-Radar Approach Control & Tower w/o Radar,9,16,10,1,36,1,21,75,3,100,10,37,85,4,136,44,6,50,186
07/24/2001,HLN,MT,ANM,WE,Combination Non-Radar Approach Control & Tower w/o Radar,10,22,14,1,47,0,16,95,7,118,10,38,109,8,165,100,0,100,265
07/25/2001,HLN,MT,ANM,WE,Combination Non-Radar Approach Control & Tower w/o Radar,11,19,14,0,44,0,20,62,4,86,11,39,76,4,130,64,6,70,200
07/26/2001,HLN,MT,ANM,WE,Combination Non-Radar Approach Control & Tower w/o Radar,11,22,9,2,44,0,12,68,6,86,11,34,77,8,130,62,14,76,206
07/27/2001,HLN,MT,ANM,WE,Combination Non-Radar Approach Control & Tower w/o Radar,11,25,16,2,54,0,17,96,6,119,11,42,112,8,173,30,4,34,207
07/28/2001,HLN,MT,ANM,WE,Combination Non-Radar Approach Control & Tower w/o Radar,11,19,3,0,33,0,5,82,0,87,11,24,85,0,120,40,0,40,160
07/29/2001,HLN,MT,ANM,WE,Combination Non-Radar Approach Control & Tower w/o Radar,10,6,4,0,20,0,0,52,1,53,10,6,56,1,73,22,0,22,95
07/30/2001,HLN,MT,ANM,WE,Combination Non-Radar Approach Control & Tower w/o Radar,10,24,9,2,45,0,9,50,5,64,10,33,59,7,109,54,2,56,165
07/31/2001,HLN,MT,ANM,WE,Combination Non-Radar Approach Control & Tower w/o Radar,11,32,20,2,65,0,11,30,0,41,11,43,50,2,106,40,0,40,146
08/01/2001,HLN,MT,ANM,WE,Combination Non-Radar Approach Control & Tower w/o Radar,11,23,18,0,52,1,20,99,0,120,12,43,117,0,172,86,0,86,258
08/02/2001,HLN,MT,ANM,WE,Combination Non-Radar Approach Control & Tower w/o Radar,10,19,10,5,44,2,22,121,16,161,12,41,131,21,205,132,20,152,357
08/03/2001,HLN,MT,ANM,WE,Combination Non-Radar Approach Control & Tower w/o Radar,10,18,16,2,46,2,18,99,18,137,12,36,115,20,183,136,6,142,325
08/04/2001,HLN,MT,ANM,WE,Combination Non-Radar Approach Control & Tower w/o Radar,10,14,4,0,28,2,4,94,15,115,12,18,98,15,143,106,18,124,267
08/05/2001,HLN,MT,ANM,WE,Combination Non-Radar Approach Control & Tower w/o Radar,9,6,9,2,26,1,0,70,6,77,10,6,79,8,103,36,6,42,145
08/06/2001,HLN,MT,ANM,WE,Combination Non-Radar Approach Control & Tower w/o Radar,9,12,10,4,35,1,17,77,6,101,10,29,87,10,136,74,10,84,220
08/07/2001,HLN,MT,ANM,WE,Combination Non-Radar Approach Control & Tower w/o Radar,11,21,25,0,57,1,17,73,10,101,12,38,98,10,158,36,10,46,204
08/08/2001,HLN,MT,ANM,WE,Combination Non-Radar Approach Control & Tower w/o Radar,11,18,20,0,49,1,18,64,11,94,12,36,84,11,143,40,6,46,189
08/09/2001,HLN,MT,ANM,WE,Combination Non-Radar Approach Control & Tower w/o Radar,12,31,24,4,71,0,14,91,12,117,12,45,115,16,188,80,14,94,282
08/10/2001,HLN,MT,ANM,WE,Combination Non-Radar Approach Control & Tower w/o Radar,11,21,21,6,59,1,22,107,14,144,12,43,128,20,203,90,32,122,325
08/11/2001,HLN,MT,ANM,WE,Combination Non-Radar Approach Control & Tower w/o Radar,10,11,8,4,33,1,14,72,8,95,11,25,80,12,128,58,10,68,196
08/12/2001,HLN,MT,ANM,WE,Combination Non-Radar Approach Control & Tower w/o Radar,9,10,3,0,22,1,6,81,2,90,10,16,84,2,112,42,0,42,154
08/13/2001,HLN,MT,ANM,WE,Combination Non-Radar Approach Control & Tower w/o Radar,9,13,10,5,37,0,10,65,6,81,9,23,75,11,118,80,8,88,206
08/14/2001,HLN,MT,ANM,WE,Combination Non-Radar Approach Control & Tower w/o Radar,11,22,18,2,53,0,21,65,7,93,11,43,83,9,146,66,10,76,222
08/15/2001,HLN,MT,ANM,WE,Combination Non-Radar Approach Control & Tower w/o Radar,8,17,14,2,41,0,26,111,22,159,8,43,125,24,200,128,16,144,344
08/16/2001,HLN,MT,ANM,WE,Combination Non-Radar Approach Control & Tower w/o Radar,11,19,15,4,49,0,18,75,3,96,11,37,90,7,145,88,2,90,235
08/17/2001,HLN,MT,ANM,WE,Combination Non-Radar Approach Control & Tower w/o Radar,12,15,12,7,46,0,27,107,10,144,12,42,119,17,190,54,18,72,262
08/18/2001,HLN,MT,ANM,WE,Combination Non-Radar Approach Control & Tower w/o Radar,12,9,10,2,33,0,13,144,9,166,12,22,154,11,199,110,4,114,313
08/19/2001,HLN,MT,ANM,WE,Combination Non-Radar Approach Control & Tower w/o Radar,10,4,5,0,19,0,7,85,10,102,10,11,90,10,121,40,0,40,161
08/20/2001,HLN,MT,ANM,WE,Combination Non-Radar Approach Control & Tower w/o Radar,9,11,13,4,37,0,20,100,4,124,9,31,113,8,161,140,0,140,301
08/21/2001,HLN,MT,ANM,WE,Combination Non-Radar Approach Control & Tower w/o Radar,10,21,16,0,47,0,20,71,13,104,10,41,87,13,151,44,2,46,197
08/22/2001,HLN,MT,ANM,WE,Combination Non-Radar Approach Control & Tower w/o Radar,10,20,12,1,43,0,22,126,15,163,10,42,138,16,206,158,18,176,382
08/23/2001,HLN,MT,ANM,WE,Combination Non-Radar Approach Control & Tower w/o Radar,11,23,13,3,50,0,14,66,11,91,11,37,79,14,141,68,6,74,215
08/24/2001,HLN,MT,ANM,WE,Combination Non-Radar Approach Control & Tower w/o Radar,11,25,10,5,51,0,18,78,19,115,11,43,88,24,166,90,24,114,280
08/25/2001,HLN,MT,ANM,WE,Combination Non-Radar Approach Control & Tower w/o Radar,12,11,6,1,30,0,9,109,19,137,12,20,115,20,167,52,12,64,231
08/26/2001,HLN,MT,ANM,WE,Combination Non-Radar Approach Control & Tower w/o Radar,10,6,9,0,25,0,4,55,10,69,10,10,64,10,94,30,0,30,124
08/27/2001,HLN,MT,ANM,WE,Combination Non-Radar Approach Control & Tower w/o Radar,9,15,11,2,37,0,13,64,15,92,9,28,75,17,129,14,14,28,157
08/28/2001,HLN,MT,ANM,WE,Combination Non-Radar Approach Control & Tower w/o Radar,12,14,7,1,34,0,19,54,9,82,12,33,61,10,116,14,2,16,132
08/29/2001,HLN,MT,ANM,WE,Combination Non-Radar Approach Control & Tower w/o Radar,12,23,7,2,44,0,18,67,11,96,12,41,74,13,140,42,20,62,202
08/30/2001,HLN,MT,ANM,WE,Combination Non-Radar Approach Control & Tower w/o Radar,9,17,9,0,35,0,22,80,10,112,9,39,89,10,147,26,0,26,173
08/31/2001,HLN,MT,ANM,WE,Combination Non-Radar Approach Control & Tower w/o Radar,12,23,11,0,46,0,22,117,2,141,12,45,128,2,187,44,0,44,231
09/01/2001,HLN,MT,ANM,WE,Combination Non-Radar Approach Control & Tower w/o Radar,9,10,4,0,23,1,9,79,2,91,10,19,83,2,114,48,0,48,162
09/02/2001,HLN,MT,ANM,WE,Combination Non-Radar Approach Control & Tower w/o Radar,7,2,5,0,14,1,7,59,2,69,8,9,64,2,83,18,2,20,103
09/03/2001,HLN,MT,ANM,WE,Combination Non-Radar Approach Control & Tower w/o Radar,9,8,3,0,20,1,7,73,0,81,10,15,76,0,101,36,0,36,137
09/04/2001,HLN,MT,ANM,WE,Combination Non-Radar Approach Control & Tower w/o Radar,10,19,11,0,40,0,4,120,1,125,10,23,131,1,165,44,2,46,211
09/05/2001,HLN,MT,ANM,WE,Combination Non-Radar Approach Control & Tower w/o Radar,10,27,12,2,51,1,5,59,0,65,11,32,71,2,116,70,0,70,186
09/06/2001,HLN,MT,ANM,WE,Combination Non-Radar Approach Control & Tower w/o Radar,12,35,26,4,77,1,2,31,3,37,13,37,57,7,114,46,0,46,160
09/07/2001,HLN,MT,ANM,WE,Combination Non-Radar Approach Control & Tower w/o Radar,10,31,17,2,60,0,3,25,4,32,10,34,42,6,92,4,0,4,96
09/08/2001,HLN,MT,ANM,WE,Combination Non-Radar Approach Control & Tower w/o Radar,12,14,7,2,35,0,10,105,28,143,12,24,112,30,178,104,24,128,306
09/09/2001,HLN,MT,ANM,WE,Combination Non-Radar Approach Control & Tower w/o Radar,10,4,3,4,21,0,1,73,7,81,10,5,76,11,102,56,28,84,186
09/10/2001,HLN,MT,ANM,WE,Combination Non-Radar Approach Control & Tower w/o Radar,7,20,9,2,38,3,3,65,18,89,10,23,74,20,127,64,20,84,211
09/11/2001,HLN,MT,ANM,WE,Combination Non-Radar Approach Control & Tower w/o Radar,4,7,7,1,19,0,1,8,1,10,4,8,15,2,29,0,6,6,35
09/12/2001,HLN,MT,ANM,WE,Combination Non-Radar Approach Control & Tower w/o Radar,0,2,0,0,2,0,0,1,0,1,0,2,1,0,3,0,0,0,3
09/13/2001,HLN,MT,ANM,WE,Combination Non-Radar Approach Control & Tower w/o Radar,0,5,3,4,12,0,0,0,0,0,0,5,3,4,12,0,0,0,12
09/14/2001,HLN,MT,ANM,WE,Combination Non-Radar Approach Control & Tower w/o Radar,5,48,3,6,62,0,4,8,13,25,5,52,11,19,87,0,8,8,95
09/15/2001,HLN,MT,ANM,WE,Combination Non-Radar Approach Control & Tower w/o Radar,9,22,10,13,54,0,2,2,30,34,9,24,12,43,88,4,30,34,122
09/16/2001,HLN,MT,ANM,WE,Combination Non-Radar Approach Control & Tower w/o Radar,8,9,6,5,28,0,0,0,2,2,8,9,6,7,30,0,0,0,30
09/17/2001,HLN,MT,ANM,WE,Combination Non-Radar Approach Control & Tower w/o Radar,8,32,1,2,43,0,0,0,0,0,8,32,1,2,43,0,0,0,43
09/18/2001,HLN,MT,ANM,WE,Combination Non-Radar Approach Control & Tower w/o Radar,10,46,25,0,81,0,10,0,0,10,10,56,25,0,91,0,0,0,91
09/19/2001,HLN,MT,ANM,WE,Combination Non-Radar Approach Control & Tower w/o Radar,10,41,31,14,96,0,0,1,0,1,10,41,32,14,97,0,20,20,117
09/20/2001,HLN,MT,ANM,WE,Combination Non-Radar Approach Control & Tower w/o Radar,10,33,16,3,62,0,1,24,14,39,10,34,40,17,101,4,16,20,121
09/21/2001,HLN,MT,ANM,WE,Combination Non-Radar Approach Control & Tower w/o Radar,9,34,11,3,57,0,16,27,9,52,9,50,38,12,109,10,24,34,143
09/22/2001,HLN,MT,ANM,WE,Combination Non-Radar Approach Control & Tower w/o Radar,11,18,5,0,34,0,0,31,0,31,11,18,36,0,65,20,0,20,85
09/23/2001,HLN,MT,ANM,WE,Combination Non-Radar Approach Control & Tower w/o Radar,8,6,3,0,17,0,0,58,0,58,8,6,61,0,75,36,0,36,111
09/24/2001,HLN,MT,ANM,WE,Combination Non-Radar Approach Control & Tower w/o Radar,8,22,4,1,35,0,3,65,1,69,8,25,69,2,104,58,0,58,162
09/25/2001,HLN,MT,ANM,WE,Combination Non-Radar Approach Control & Tower w/o Radar,9,31,13,3,56,0,5,69,4,78,9,36,82,7,134,42,0,42,176
09/26/2001,HLN,MT,ANM,WE,Combination Non-Radar Approach Control & Tower w/o Radar,10,35,15,4,64,0,9,57,2,68,10,44,72,6,132,66,0,66,198
09/27/2001,HLN,MT,ANM,WE,Combination Non-Radar Approach Control & Tower w/o Radar,10,31,16,2,59,0,10,106,8,124,10,41,122,10,183,152,0,152,335
09/28/2001,HLN,MT,ANM,WE,Combination Non-Radar Approach Control & Tower w/o Radar,10,32,7,1,50,0,8,91,8,107,10,40,98,9,157,60,4,64,221
09/29/2001,HLN,MT,ANM,WE,Combination Non-Radar Approach Control & Tower w/o Radar,11,18,3,0,32,0,4,81,0,85,11,22,84,0,117,68,0,68,185
09/30/2001,HLN,MT,ANM,WE,Combination Non-Radar Approach Control & Tower w/o Radar,8,6,1,0,15,0,1,70,0,71,8,7,71,0,86,32,0,32,118
10/01/2001,HLN,MT,ANM,WE,Combination Non-Radar Approach Control & Tower w/o Radar,8,27,9,2,46,0,14,89,0,103,8,41,98,2,149,44,0,44,193
10/02/2001,HLN,MT,ANM,WE,Combination Non-Radar Approach Control & Tower w/o Radar,8,32,12,5,57,0,10,89,9,108,8,42,101,14,165,38,24,62,227
10/03/2001,HLN,MT,ANM,WE,Combination Non-Radar Approach Control & Tower w/o Radar,7,28,10,4,49,1,10,105,4,120,8,38,115,8,169,30,8,38,207
10/04/2001,HLN,MT,ANM,WE,Combination Non-Radar Approach Control & Tower w/o Radar,8,40,14,3,65,0,11,35,8,54,8,51,49,11,119,34,10,44,163
10/05/2001,HLN,MT,ANM,WE,Combination Non-Radar Approach Control & Tower w/o Radar,10,32,14,1,57,0,11,56,4,71,10,43,70,5,128,54,8,62,190
10/06/2001,HLN,MT,ANM,WE,Combination Non-Radar Approach Control & Tower w/o Radar,9,16,9,2,36,0,5,61,0,66,9,21,70,2,102,30,0,30,132
10/07/2001,HLN,MT,ANM,WE,Combination Non-Radar Approach Control & Tower w/o Radar,6,4,5,0,15,0,0,62,0,62,6,4,67,0,77,26,0,26,103
10/08/2001,HLN,MT,ANM,WE,Combination Non-Radar Approach Control & Tower w/o Radar,6,18,4,2,30,0,0,40,0,40,6,18,44,2,70,102,0,102,172
10/09/2001,HLN,MT,ANM,WE,Combination Non-Radar Approach Control & Tower w/o Radar,7,31,9,4,51,0,3,29,6,38,7,34,38,10,89,16,8,24,113
10/10/2001,HLN,MT,ANM,WE,Combination Non-Radar Approach Control & Tower w/o Radar,8,38,10,9,65,0,7,73,7,87,8,45,83,16,152,88,26,114,266
10/11/2001,HLN,MT,ANM,WE,Combination Non-Radar Approach Control & Tower w/o Radar,7,45,16,8,76,0,2,20,3,25,7,47,36,11,101,18,38,56,157
10/12/2001,HLN,MT,ANM,WE,Combination Non-Radar Approach Control & Tower w/o Radar,8,42,19,8,77,0,2,30,18,50,8,44,49,26,127,18,18,36,163
10/13/2001,HLN,MT,ANM,WE,Combination Non-Radar Approach Control & Tower w/o Radar,9,20,4,5,38,0,2,10,4,16,9,22,14,9,54,0,24,24,78
10/14/2001,HLN,MT,ANM,WE,Combination Non-Radar Approach Control & Tower w/o Radar,9,5,12,1,27,0,5,8,13,26,9,10,20,14,53,0,12,12,65
10/15/2001,HLN,MT,ANM,WE,Combination Non-Radar Approach Control & Tower w/o Radar,6,24,9,2,41,0,11,67,15,93,6,35,76,17,134,36,36,72,206
10/16/2001,HLN,MT,ANM,WE,Combination Non-Radar Approach Control & Tower w/o Radar,8,33,12,4,57,0,11,41,10,62,8,44,53,14,119,24,30,54,173
10/17/2001,HLN,MT,ANM,WE,Combination Non-Radar Approach Control & Tower w/o Radar,8,35,12,4,59,0,7,44,16,67,8,42,56,20,126,14,28,42,168
10/18/2001,HLN,MT,ANM,WE,Combination Non-Radar Approach Control & Tower w/o Radar,8,38,11,4,61,0,11,51,9,71,8,49,62,13,132,52,28,80,212
10/19/2001,HLN,MT,ANM,WE,Combination Non-Radar Approach Control & Tower w/o Radar,8,46,15,6,75,0,0,22,10,32,8,46,37,16,107,0,18,18,125
10/20/2001,HLN,MT,ANM,WE,Combination Non-Radar Approach Control & Tower w/o Radar,9,18,5,4,36,0,5,46,10,61,9,23,51,14,97,24,32,56,153
10/21/2001,HLN,MT,ANM,WE,Combination Non-Radar Approach Control & Tower w/o Radar,6,5,3,3,17,0,1,38,5,44,6,6,41,8,61,50,2,52,113
10/22/2001,HLN,MT,ANM,WE,Combination Non-Radar Approach Control & Tower w/o Radar,6,36,11,5,58,0,6,29,13,48,6,42,40,18,106,58,44,102,208
10/23/2001,HLN,MT,ANM,WE,Combination Non-Radar Approach Control & Tower w/o Radar,8,38,10,1,57,0,0,4,0,4,8,38,14,1,61,0,0,0,61
10/24/2001,HLN,MT,ANM,WE,Combination Non-Radar Approach Control & Tower w/o Radar,8,49,17,1,75,0,3,10,4,17,8,52,27,5,92,6,4,10,102
10/25/2001,HLN,MT,ANM,WE,Combination Non-Radar Approach Control & Tower w/o Radar,8,43,12,2,65,0,11,59,10,80,8,54,71,12,145,86,10,96,241
10/26/2001,HLN,MT,ANM,WE,Combination Non-Radar Approach Control & Tower w/o Radar,8,40,4,9,61,0,9,70,13,92,8,49,74,22,153,110,44,154,307
10/27/2001,HLN,MT,ANM,WE,Combination Non-Radar Approach Control & Tower w/o Radar,9,14,3,8,34,0,6,52,0,58,9,20,55,8,92,8,52,60,152
10/28/2001,HLN,MT,ANM,WE,Combination Non-Radar Approach Control & Tower w/o Radar,6,4,2,0,12,0,0,2,0,2,6,4,4,0,14,22,0,22,36
10/29/2001,HLN,MT,ANM,WE,Combination Non-Radar Approach Control & Tower w/o Radar,6,28,8,0,42,0,1,46,3,50,6,29,54,3,92,80,8,88,180
10/30/2001,HLN,MT,ANM,WE,Combination Non-Radar Approach Control & Tower w/o Radar,10,41,17,2,70,0,5,40,6,51,10,46,57,8,121,78,4,82,203
10/31/2001,HLN,MT,ANM,WE,Combination Non-Radar Approach Control & Tower w/o Radar,8,40,11,2,61,0,4,23,4,31,8,44,34,6,92,12,4,16,108
11/01/2001,HLN,MT,ANM,WE,Combination Non-Radar Approach Control & Tower w/o Radar,7,37,16,3,63,1,8,50,7,66,8,45,66,10,129,58,12,70,199
11/02/2001,HLN,MT,ANM,WE,Combination Non-Radar Approach Control & Tower w/o Radar,8,40,17,3,68,0,7,69,19,95,8,47,86,22,163,54,26,80,243
11/03/2001,HLN,MT,ANM,WE,Combination Non-Radar Approach Control & Tower w/o Radar,9,14,3,9,35,0,7,80,34,121,9,21,83,43,156,74,74,148,304
11/04/2001,HLN,MT,ANM,WE,Combination Non-Radar Approach Control & Tower w/o Radar,6,4,2,4,16,0,0,63,12,75,6,4,65,16,91,46,0,46,137
11/05/2001,HLN,MT,ANM,WE,Combination Non-Radar Approach Control & Tower w/o Radar,6,29,9,8,52,0,12,64,14,90,6,41,73,22,142,42,18,60,202
11/06/2001,HLN,MT,ANM,WE,Combination Non-Radar Approach Control & Tower w/o Radar,8,41,16,2,67,0,5,81,14,100,8,46,97,16,167,84,4,88,255
11/07/2001,HLN,MT,ANM,WE,Combination Non-Radar Approach Control & Tower w/o Radar,8,44,13,1,66,0,6,53,26,85,8,50,66,27,151,72,26,98,249
11/08/2001,HLN,MT,ANM,WE,Combination Non-Radar Approach Control & Tower w/o Radar,8,43,7,1,59,0,5,66,11,82,8,48,73,12,141,92,18,110,251
11/09/2001,HLN,MT,ANM,WE,Combination Non-Radar Approach Control & Tower w/o Radar,8,33,1,14,56,0,4,66,22,92,8,37,67,36,148,130,38,168,316
11/10/2001,HLN,MT,ANM,WE,Combination Non-Radar Approach Control & Tower w/o Radar,9,21,1,11,42,0,1,61,13,75,9,22,62,24,117,72,34,106,223
11/11/2001,HLN,MT,ANM,WE,Combination Non-Radar Approach Control & Tower w/o Radar,6,4,5,0,15,0,2,59,0,61,6,6,64,0,76,88,0,88,164
11/12/2001,HLN,MT,ANM,WE,Combination Non-Radar Approach Control & Tower w/o Radar,6,21,3,2,32,0,1,54,5,60,6,22,57,7,92,114,0,114,206
11/13/2001,HLN,MT,ANM,WE,Combination Non-Radar Approach Control & Tower w/o Radar,8,30,12,8,58,0,12,64,2,78,8,42,76,10,136,68,32,100,236
11/14/2001,HLN,MT,ANM,WE,Combination Non-Radar Approach Control & Tower w/o Radar,8,35,15,4,62,0,7,58,6,71,8,42,73,10,133,48,0,48,181
11/15/2001,HLN,MT,ANM,WE,Combination Non-Radar Approach Control & Tower w/o Radar,8,43,10,4,65,0,2,44,14,60,8,45,54,18,125,58,18,76,201
11/16/2001,HLN,MT,ANM,WE,Combination Non-Radar Approach Control & Tower w/o Radar,8,36,8,7,59,0,3,83,21,107,8,39,91,28,166,68,14,82,248
11/17/2001,HLN,MT,ANM,WE,Combination Non-Radar Approach Control & Tower w/o Radar,9,20,1,2,32,0,0,50,23,73,9,20,51,25,105,86,16,102,207
11/18/2001,HLN,MT,ANM,WE,Combination Non-Radar Approach Control & Tower w/o Radar,6,9,2,3,20,0,0,35,4,39,6,9,37,7,59,22,14,36,95
11/19/2001,HLN,MT,ANM,WE,Combination Non-Radar Approach Control & Tower w/o Radar,6,25,3,11,45,0,4,58,10,72,6,29,61,21,117,60,2,62,179
11/20/2001,HLN,MT,ANM,WE,Combination Non-Radar Approach Control & Tower w/o Radar,8,35,6,5,54,0,6,59,14,79,8,41,65,19,133,82,10,92,225
11/21/2001,HLN,MT,ANM,WE,Combination Non-Radar Approach Control & Tower w/o Radar,8,43,4,9,64,0,5,51,5,61,8,48,55,14,125,62,22,84,209
11/22/2001,HLN,MT,ANM,WE,Combination Non-Radar Approach Control & Tower w/o Radar,9,17,6,0,32,0,5,23,0,28,9,22,29,0,60,82,0,82,142
11/23/2001,HLN,MT,ANM,WE,Combination Non-Radar Approach Control & Tower w/o Radar,5,1,24,0,30,0,36,0,0,36,5,37,24,0,66,44,0,44,110
11/24/2001,HLN,MT,ANM,WE,Combination Non-Radar Approach Control & Tower w/o Radar,9,19,4,0,32,0,3,37,0,40,9,22,41,0,72,56,0,56,128
11/25/2001,HLN,MT,ANM,WE,Combination Non-Radar Approach Control & Tower w/o Radar,3,8,3,0,14,3,0,0,0,3,6,8,3,0,17,0,0,0,17
11/26/2001,HLN,MT,ANM,WE,Combination Non-Radar Approach Control & Tower w/o Radar,7,30,10,4,51,0,0,24,12,36,7,30,34,16,87,42,38,80,167
11/27/2001,HLN,MT,ANM,WE,Combination Non-Radar Approach Control & Tower w/o Radar,6,37,15,11,69,0,0,12,16,28,6,37,27,27,97,40,46,86,183
11/28/2001,HLN,MT,ANM,WE,Combination Non-Radar Approach Control & Tower w/o Radar,8,48,17,1,74,0,4,33,30,67,8,52,50,31,141,8,44,52,193
11/29/2001,HLN,MT,ANM,WE,Combination Non-Radar Approach Control & Tower w/o Radar,7,46,16,2,71,0,8,37,18,63,7,54,53,20,134,12,18,30,164
11/30/2001,HLN,MT,ANM,WE,Combination Non-Radar Approach Control & Tower w/o Radar,10,42,7,11,70,0,5,36,6,47,10,47,43,17,117,68,12,80,197
12/01/2001,HLN,MT,ANM,WE,Combination Non-Radar Approach Control & Tower w/o Radar,6,19,3,0,28,1,0,9,2,12,7,19,12,2,40,0,0,0,40
12/02/2001,HLN,MT,ANM,WE,Combination Non-Radar Approach Control & Tower w/o Radar,5,11,6,2,24,1,0,17,0,18,6,11,23,2,42,14,0,14,56
12/03/2001,HLN,MT,ANM,WE,Combination Non-Radar Approach Control & Tower w/o Radar,6,26,9,0,41,0,5,18,12,35,6,31,27,12,76,14,42,56,132
12/04/2001,HLN,MT,ANM,WE,Combination Non-Radar Approach Control & Tower w/o Radar,8,41,24,4,77,0,6,33,8,47,8,47,57,12,124,52,8,60,184
12/05/2001,HLN,MT,ANM,WE,Combination Non-Radar Approach Control & Tower w/o Radar,8,39,16,6,69,0,6,40,15,61,8,45,56,21,130,28,26,54,184
12/06/2001,HLN,MT,ANM,WE,Combination Non-Radar Approach Control & Tower w/o Radar,9,40,16,6,71,0,4,12,13,29,9,44,28,19,100,26,16,42,142
12/07/2001,HLN,MT,ANM,WE,Combination Non-Radar Approach Control & Tower w/o Radar,9,37,7,14,67,0,5,14,12,31,9,42,21,26,98,2,30,32,130
12/08/2001,HLN,MT,ANM,WE,Combination Non-Radar Approach Control & Tower w/o Radar,9,21,6,8,44,0,4,64,1,69,9,25,70,9,113,60,4,64,177
12/09/2001,HLN,MT,ANM,WE,Combination Non-Radar Approach Control & Tower w/o Radar,3,8,3,1,15,2,0,19,3,24,5,8,22,4,39,18,0,18,57
12/10/2001,HLN,MT,ANM,WE,Combination Non-Radar Approach Control & Tower w/o Radar,7,30,8,2,47,0,6,72,10,88,7,36,80,12,135,32,16,48,183
12/11/2001,HLN,MT,ANM,WE,Combination Non-Radar Approach Control & Tower w/o Radar,8,36,11,3,58,0,4,17,12,33,8,40,28,15,91,24,22,46,137
12/12/2001,HLN,MT,ANM,WE,Combination Non-Radar Approach Control & Tower w/o Radar,9,41,6,6,62,0,6,45,4,55,9,47,51,10,117,16,46,62,179
12/13/2001,HLN,MT,ANM,WE,Combination Non-Radar Approach Control & Tower w/o Radar,7,45,15,2,69,0,0,25,0,25,7,45,40,2,94,12,0,12,106
12/14/2001,HLN,MT,ANM,WE,Combination Non-Radar Approach Control & Tower w/o Radar,7,38,13,3,61,0,2,20,0,22,7,40,33,3,83,12,8,20,103
12/15/2001,HLN,MT,ANM,WE,Combination Non-Radar Approach Control & Tower w/o Radar,8,20,4,2,34,0,3,54,1,58,8,23,58,3,92,94,0,94,186
12/16/2001,HLN,MT,ANM,WE,Combination Non-Radar Approach Control & Tower w/o Radar,8,8,3,0,19,0,0,31,0,31,8,8,34,0,50,86,0,86,136
12/17/2001,HLN,MT,ANM,WE,Combination Non-Radar Approach Control & Tower w/o Radar,8,30,8,2,48,0,11,22,5,38,8,41,30,7,86,22,20,42,128
12/18/2001,HLN,MT,ANM,WE,Combination Non-Radar Approach Control & Tower w/o Radar,9,41,3,12,65,0,4,63,8,75,9,45,66,20,140,60,24,84,224
12/19/2001,HLN,MT,ANM,WE,Combination Non-Radar Approach Control & Tower w/o Radar,12,41,8,11,72,0,5,66,17,88,12,46,74,28,160,114,54,168,328
12/20/2001,HLN,MT,ANM,WE,Combination Non-Radar Approach Control & Tower w/o Radar,7,40,21,3,71,0,9,63,29,101,7,49,84,32,172,56,48,104,276
12/21/2001,HLN,MT,ANM,WE,Combination Non-Radar Approach Control & Tower w/o Radar,9,37,11,0,57,1,0,18,6,25,10,37,29,6,82,14,0,14,96
12/22/2001,HLN,MT,ANM,WE,Combination Non-Radar Approach Control & Tower w/o Radar,9,20,4,0,33,0,0,37,1,38,9,20,41,1,71,46,0,46,117
12/23/2001,HLN,MT,ANM,WE,Combination Non-Radar Approach Control & Tower w/o Radar,9,8,6,0,23,0,0,20,0,20,9,8,26,0,43,20,0,20,63
12/24/2001,HLN,MT,ANM,WE,Combination Non-Radar Approach Control & Tower w/o Radar,8,27,5,0,40,0,8,14,0,22,8,35,19,0,62,20,0,20,82
12/25/2001,HLN,MT,ANM,WE,Combination Non-Radar Approach Control & Tower w/o Radar,10,12,4,0,26,0,1,12,0,13,10,13,16,0,39,12,0,12,51
12/26/2001,HLN,MT,ANM,WE,Combination Non-Radar Approach Control & Tower w/o Radar,10,32,6,0,48,0,3,30,2,35,10,35,36,2,83,14,2,16,99
12/27/2001,HLN,MT,ANM,WE,Combination Non-Radar Approach Control & Tower w/o Radar,10,42,10,2,64,0,6,11,5,22,10,48,21,7,86,10,10,20,106
12/28/2001,HLN,MT,ANM,WE,Combination Non-Radar Approach Control & Tower w/o Radar,10,42,5,0,57,0,5,30,10,45,10,47,35,10,102,30,18,48,150
12/29/2001,HLN,MT,ANM,WE,Combination Non-Radar Approach Control & Tower w/o Radar,7,24,0,0,31,0,0,12,0,12,7,24,12,0,43,0,0,0,43
12/30/2001,HLN,MT,ANM,WE,Combination Non-Radar Approach Control & Tower w/o Radar,9,10,3,0,22,0,0,19,0,19,9,10,22,0,41,24,0,24,65
12/31/2001,HLN,MT,ANM,WE,Combination Non-Radar Approach Control & Tower w/o Radar,7,27,9,0,43,0,7,24,0,31,7,34,33,0,74,50,0,50,124
01/01/2002,HLN,MT,ANM,WE,Combination Non-Radar Approach Control & Tower w/o Radar,7,13,3,0,23,0,0,25,0,25,7,13,28,0,48,124,0,124,172
01/02/2002,HLN,MT,ANM,WE,Combination Non-Radar Approach Control & Tower w/o Radar,10,35,3,2,50,0,2,41,4,47,10,37,44,6,97,30,8,38,135
01/03/2002,HLN,MT,ANM,WE,Combination Non-Radar Approach Control & Tower w/o Radar,9,41,6,0,56,1,9,21,4,35,10,50,27,4,91,18,0,18,109
01/04/2002,HLN,MT,ANM,WE,Combination Non-Radar Approach Control & Tower w/o Radar,12,37,18,2,69,0,8,20,18,46,12,45,38,20,115,48,10,58,173
01/05/2002,HLN,MT,ANM,WE,Combination Non-Radar Approach Control & Tower w/o Radar,9,19,11,3,42,0,0,11,15,26,9,19,22,18,68,62,28,90,158
01/06/2002,HLN,MT,ANM,WE,Combination Non-Radar Approach Control & Tower w/o Radar,10,6,3,1,20,0,2,33,9,44,10,8,36,10,64,84,24,108,172
01/07/2002,HLN,MT,ANM,WE,Combination Non-Radar Approach Control & Tower w/o Radar,8,26,7,2,43,0,9,26,2,37,8,35,33,4,80,22,2,24,104
01/08/2002,HLN,MT,ANM,WE,Combination Non-Radar Approach Control & Tower w/o Radar,9,39,5,0,53,0,3,37,1,41,9,42,42,1,94,34,10,44,138
01/09/2002,HLN,MT,ANM,WE,Combination Non-Radar Approach Control & Tower w/o Radar,9,41,11,0,61,0,3,22,0,25,9,44,33,0,86,42,0,42,128
01/10/2002,HLN,MT,ANM,WE,Combination Non-Radar Approach Control & Tower w/o Radar,9,41,12,2,64,1,5,53,5,64,10,46,65,7,128,92,10,102,230
01/11/2002,HLN,MT,ANM,WE,Combination Non-Radar Approach Control & Tower w/o Radar,10,42,9,1,62,0,3,37,1,41,10,45,46,2,103,76,0,76,179
01/12/2002,HLN,MT,ANM,WE,Combination Non-Radar Approach Control & Tower w/o Radar,9,20,3,1,33,0,0,32,8,40,9,20,35,9,73,38,4,42,115
01/13/2002,HLN,MT,ANM,WE,Combination Non-Radar Approach Control & Tower w/o Radar,7,12,6,4,29,0,0,7,0,7,7,12,13,4,36,6,0,6,42
01/14/2002,HLN,MT,ANM,WE,Combination Non-Radar Approach Control & Tower w/o Radar,7,33,10,12,62,0,1,15,4,20,7,34,25,16,82,48,32,80,162
01/15/2002,HLN,MT,ANM,WE,Combination Non-Radar Approach Control & Tower w/o Radar,10,42,6,0,58,0,3,38,12,53,10,45,44,12,111,60,28,88,199
01/16/2002,HLN,MT,ANM,WE,Combination Non-Radar Approach Control & Tower w/o Radar,10,39,7,15,71,0,6,47,16,69,10,45,54,31,140,44,38,82,222
01/17/2002,HLN,MT,ANM,WE,Combination Non-Radar Approach Control & Tower w/o Radar,9,42,17,4,72,0,2,8,6,16,9,44,25,10,88,34,36,70,158
01/18/2002,HLN,MT,ANM,WE,Combination Non-Radar Approach Control & Tower w/o Radar,9,39,25,0,73,0,7,26,9,42,9,46,51,9,115,22,6,28,143
01/19/2002,HLN,MT,ANM,WE,Combination Non-Radar Approach Control & Tower w/o Radar,8,21,4,3,36,0,2,19,1,22,8,23,23,4,58,0,8,8,66
01/20/2002,HLN,MT,ANM,WE,Combination Non-Radar Approach Control & Tower w/o Radar,8,4,0,2,14,0,0,4,0,4,8,4,4,2,18,0,0,0,18
01/21/2002,HLN,MT,ANM,WE,Combination Non-Radar Approach Control & Tower w/o Radar,6,23,13,0,42,0,2,23,1,26,6,25,36,1,68,44,0,44,112
01/22/2002,HLN,MT,ANM,WE,Combination Non-Radar Approach Control & Tower w/o Radar,9,31,9,2,51,0,7,17,1,25,9,38,26,3,76,54,0,54,130
01/23/2002,HLN,MT,ANM,WE,Combination Non-Radar Approach Control & Tower w/o Radar,10,40,23,0,73,0,6,24,0,30,10,46,47,0,103,40,0,40,143
01/24/2002,HLN,MT,ANM,WE,Combination Non-Radar Approach Control & Tower w/o Radar,8,53,5,3,69,0,2,37,3,42,8,55,42,6,111,48,0,48,159
01/25/2002,HLN,MT,ANM,WE,Combination Non-Radar Approach Control & Tower w/o Radar,10,42,6,2,60,0,2,28,0,30,10,44,34,2,90,86,0,86,176
01/26/2002,HLN,MT,ANM,WE,Combination Non-Radar Approach Control & Tower w/o Radar,9,20,4,0,33,0,3,15,4,22,9,23,19,4,55,98,0,98,153
01/27/2002,HLN,MT,ANM,WE,Combination Non-Radar Approach Control & Tower w/o Radar,6,10,4,4,24,0,0,36,0,36,6,10,40,4,60,58,0,58,118
01/28/2002,HLN,MT,ANM,WE,Combination Non-Radar Approach Control & Tower w/o Radar,8,26,7,2,43,0,8,40,0,48,8,34,47,2,91,26,0,26,117
01/29/2002,HLN,MT,ANM,WE,Combination Non-Radar Approach Control & Tower w/o Radar,9,41,15,3,68,0,8,41,3,52,9,49,56,6,120,86,12,98,218
01/30/2002,HLN,MT,ANM,WE,Combination Non-Radar Approach Control & Tower w/o Radar,9,46,19,5,79,0,1,23,1,25,9,47,42,6,104,40,14,54,158
01/31/2002,HLN,MT,ANM,WE,Combination Non-Radar Approach Control & Tower w/o Radar,10,41,18,0,69,0,0,58,6,64,10,41,76,6,133,82,2,84,217
02/01/2002,HLN,MT,ANM,WE,Combination Non-Radar Approach Control & Tower w/o Radar,11,36,17,4,68,0,3,40,2,45,11,39,57,6,113,74,0,74,187
02/02/2002,HLN,MT,ANM,WE,Combination Non-Radar Approach Control & Tower w/o Radar,11,18,8,0,37,0,1,37,2,40,11,19,45,2,77,136,16,152,229
02/03/2002,HLN,MT,ANM,WE,Combination Non-Radar Approach Control & Tower w/o Radar,8,8,2,4,22,0,1,65,0,66,8,9,67,4,88,128,0,128,216
02/04/2002,HLN,MT,ANM,WE,Combination Non-Radar Approach Control & Tower w/o Radar,8,27,10,0,45,0,8,20,0,28,8,35,30,0,73,0,0,0,73
02/05/2002,HLN,MT,ANM,WE,Combination Non-Radar Approach Control & Tower w/o Radar,10,31,2,5,48,0,14,65,3,82,10,45,67,8,130,58,0,58,188
02/06/2002,HLN,MT,ANM,WE,Combination Non-Radar Approach Control & Tower w/o Radar,10,37,11,1,59,0,8,65,1,74,10,45,76,2,133,58,6,64,197
02/07/2002,HLN,MT,ANM,WE,Combination Non-Radar Approach Control & Tower w/o Radar,10,41,9,5,65,0,11,24,3,38,10,52,33,8,103,4,6,10,113
02/08/2002,HLN,MT,ANM,WE,Combination Non-Radar Approach Control & Tower w/o Radar,10,32,15,2,59,0,6,10,3,19,10,38,25,5,78,10,0,10,88
02/09/2002,HLN,MT,ANM,WE,Combination Non-Radar Approach Control & Tower w/o Radar,8,21,2,0,31,0,1,29,4,34,8,22,31,4,65,76,2,78,143
02/10/2002,HLN,MT,ANM,WE,Combination Non-Radar Approach Control & Tower w/o Radar,4,8,4,0,16,4,0,26,6,36,8,8,30,6,52,84,0,84,136
02/11/2002,HLN,MT,ANM,WE,Combination Non-Radar Approach Control & Tower w/o Radar,8,33,8,2,51,0,1,23,7,31,8,34,31,9,82,26,8,34,116
02/12/2002,HLN,MT,ANM,WE,Combination Non-Radar Approach Control & Tower w/o Radar,10,41,11,5,67,0,4,46,16,66,10,45,57,21,133,62,12,74,207
02/13/2002,HLN,MT,ANM,WE,Combination Non-Radar Approach Control & Tower w/o Radar,10,43,5,6,64,0,4,55,18,77,10,47,60,24,141,58,34,92,233
02/14/2002,HLN,MT,ANM,WE,Combination Non-Radar Approach Control & Tower w/o Radar,10,38,20,1,69,0,9,45,0,54,10,47,65,1,123,24,0,24,147
02/15/2002,HLN,MT,ANM,WE,Combination Non-Radar Approach Control & Tower w/o Radar,8,35,4,3,50,0,6,48,0,54,8,41,52,3,104,74,0,74,178
02/16/2002,HLN,MT,ANM,WE,Combination Non-Radar Approach Control & Tower w/o Radar,10,17,3,0,30,0,3,70,4,77,10,20,73,4,107,58,0,58,165
02/17/2002,HLN,MT,ANM,WE,Combination Non-Radar Approach Control & Tower w/o Radar,8,6,1,0,15,0,2,36,4,42,8,8,37,4,57,66,0,66,123
02/18/2002,HLN,MT,ANM,WE,Combination Non-Radar Approach Control & Tower w/o Radar,6,25,2,0,33,0,0,51,2,53,6,25,53,2,86,90,2,92,178
02/19/2002,HLN,MT,ANM,WE,Combination Non-Radar Approach Control & Tower w/o Radar,9,34,10,2,55,0,8,59,8,75,9,42,69,10,130,82,12,94,224
02/20/2002,HLN,MT,ANM,WE,Combination Non-Radar Approach Control & Tower w/o Radar,10,38,5,0,53,0,7,27,3,37,10,45,32,3,90,20,4,24,114
02/21/2002,HLN,MT,ANM,WE,Combination Non-Radar Approach Control & Tower w/o Radar,11,40,14,2,67,0,7,57,6,70,11,47,71,8,137,68,2,70,207
02/22/2002,HLN,MT,ANM,WE,Combination Non-Radar Approach Control & Tower w/o Radar,7,43,1,0,51,0,1,9,5,15,7,44,10,5,66,2,22,24,90
02/23/2002,HLN,MT,ANM,WE,Combination Non-Radar Approach Control & Tower w/o Radar,6,16,1,0,23,0,0,1,4,5,6,16,2,4,28,0,0,0,28
02/24/2002,HLN,MT,ANM,WE,Combination Non-Radar Approach Control & Tower w/o Radar,10,7,2,0,19,0,0,0,0,0,10,7,2,0,19,0,0,0,19
02/25/2002,HLN,MT,ANM,WE,Combination Non-Radar Approach Control & Tower w/o Radar,8,32,11,3,54,0,3,24,4,31,8,35,35,7,85,12,0,12,97
02/26/2002,HLN,MT,ANM,WE,Combination Non-Radar Approach Control & Tower w/o Radar,10,38,12,4,64,0,11,29,2,42,10,49,41,6,106,28,6,34,140
02/27/2002,HLN,MT,ANM,WE,Combination Non-Radar Approach Control & Tower w/o Radar,7,40,9,2,58,0,6,26,4,36,7,46,35,6,94,20,14,34,128
02/28/2002,HLN,MT,ANM,WE,Combination Non-Radar Approach Control & Tower w/o Radar,8,48,14,5,75,0,2,11,5,18,8,50,25,10,93,12,12,24,117
03/01/2002,HLN,MT,ANM,WE,Combination Non-Radar Approach Control & Tower w/o Radar,9,37,10,2,58,0,0,16,10,26,9,37,26,12,84,10,0,10,94
03/02/2002,HLN,MT,ANM,WE,Combination Non-Radar Approach Control & Tower w/o Radar,7,23,6,1,37,2,0,31,17,50,9,23,37,18,87,26,28,54,141
03/03/2002,HLN,MT,ANM,WE,Combination Non-Radar Approach Control & Tower w/o Radar,8,11,1,4,24,0,1,25,4,30,8,12,26,8,54,48,0,48,102
03/04/2002,HLN,MT,ANM,WE,Combination Non-Radar Approach Control & Tower w/o Radar,8,27,8,3,46,0,3,34,0,37,8,30,42,3,83,68,4,72,155
03/05/2002,HLN,MT,ANM,WE,Combination Non-Radar Approach Control & Tower w/o Radar,9,40,16,3,68,0,3,28,0,31,9,43,44,3,99,32,8,40,139
03/06/2002,HLN,MT,ANM,WE,Combination Non-Radar Approach Control & Tower w/o Radar,9,45,9,0,63,0,3,6,2,11,9,48,15,2,74,0,0,0,74
03/07/2002,HLN,MT,ANM,WE,Combination Non-Radar Approach Control & Tower w/o Radar,9,51,15,2,77,0,1,3,1,5,9,52,18,3,82,0,0,0,82
03/08/2002,HLN,MT,ANM,WE,Combination Non-Radar Approach Control & Tower w/o Radar,9,39,10,4,62,0,1,11,2,14,9,40,21,6,76,24,4,28,104
03/09/2002,HLN,MT,ANM,WE,Combination Non-Radar Approach Control & Tower w/o Radar,9,15,4,3,31,0,5,22,1,28,9,20,26,4,59,18,0,18,77
03/10/2002,HLN,MT,ANM,WE,Combination Non-Radar Approach Control & Tower w/o Radar,8,8,2,6,24,0,1,21,0,22,8,9,23,6,46,30,0,30,76
03/11/2002,HLN,MT,ANM,WE,Combination Non-Radar Approach Control & Tower w/o Radar,8,32,8,2,50,0,2,21,8,31,8,34,29,10,81,60,14,74,155
03/12/2002,HLN,MT,ANM,WE,Combination Non-Radar Approach Control & Tower w/o Radar,10,45,9,2,66,0,3,14,2,19,10,48,23,4,85,6,14,20,105
03/13/2002,HLN,MT,ANM,WE,Combination Non-Radar Approach Control & Tower w/o Radar,10,41,15,1,67,0,10,41,9,60,10,51,56,10,127,52,8,60,187
03/14/2002,HLN,MT,ANM,WE,Combination Non-Radar Approach Control & Tower w/o Radar,8,41,19,1,69,0,2,25,10,37,8,43,44,11,106,108,18,126,232
03/15/2002,HLN,MT,ANM,WE,Combination Non-Radar Approach Control & Tower w/o Radar,9,47,5,1,62,0,0,47,11,58,9,47,52,12,120,50,14,64,184
03/16/2002,HLN,MT,ANM,WE,Combination Non-Radar Approach Control & Tower w/o Radar,9,19,0,0,28,0,2,10,0,12,9,21,10,0,40,48,0,48,88
03/17/2002,HLN,MT,ANM,WE,Combination Non-Radar Approach Control & Tower w/o Radar,7,6,0,0,13,0,0,18,0,18,7,6,18,0,31,36,0,36,67
03/18/2002,HLN,MT,ANM,WE,Combination Non-Radar Approach Control & Tower w/o Radar,9,33,9,2,53,0,1,35,3,39,9,34,44,5,92,28,8,36,128
03/19/2002,HLN,MT,ANM,WE,Combination Non-Radar Approach Control & Tower w/o Radar,9,49,7,0,65,0,2,5,0,7,9,51,12,0,72,0,0,0,72
03/20/2002,HLN,MT,ANM,WE,Combination Non-Radar Approach Control & Tower w/o Radar,9,45,13,2,69,0,0,0,0,0,9,45,13,2,69,0,0,0,69
03/21/2002,HLN,MT,ANM,WE,Combination Non-Radar Approach Control & Tower w/o Radar,9,36,5,2,52,0,0,15,13,28,9,36,20,15,80,18,16,34,114
03/22/2002,HLN,MT,ANM,WE,Combination Non-Radar Approach Control & Tower w/o Radar,9,39,9,2,59,0,3,78,13,94,9,42,87,15,153,54,34,88,241
03/23/2002,HLN,MT,ANM,WE,Combination Non-Radar Approach Control & Tower w/o Radar,6,20,5,1,32,2,3,53,4,62,8,23,58,5,94,34,6,40,134
03/24/2002,HLN,MT,ANM,WE,Combination Non-Radar Approach Control & Tower w/o Radar,8,7,4,2,21,0,0,35,1,36,8,7,39,3,57,52,2,54,111
03/25/2002,HLN,MT,ANM,WE,Combination Non-Radar Approach Control & Tower w/o Radar,6,32,7,4,49,0,4,36,4,44,6,36,43,8,93,46,22,68,161
03/26/2002,HLN,MT,ANM,WE,Combination Non-Radar Approach Control & Tower w/o Radar,9,42,12,7,70,0,5,59,15,79,9,47,71,22,149,68,30,98,247
03/27/2002,HLN,MT,ANM,WE,Combination Non-Radar Approach Control & Tower w/o Radar,10,50,11,2,73,0,3,23,3,29,10,53,34,5,102,18,6,24,126
03/28/2002,HLN,MT,ANM,WE,Combination Non-Radar Approach Control & Tower w/o Radar,9,46,7,0,62,0,0,23,17,40,9,46,30,17,102,6,38,44,146
03/29/2002,HLN,MT,ANM,WE,Combination Non-Radar Approach Control & Tower w/o Radar,8,35,5,0,48,1,0,23,2,26,9,35,28,2,74,54,2,56,130
03/30/2002,HLN,MT,ANM,WE,Combination Non-Radar Approach Control & Tower w/o Radar,9,22,2,0,33,0,2,13,0,15,9,24,15,0,48,64,0,64,112
03/31/2002,HLN,MT,ANM,WE,Combination Non-Radar Approach Control & Tower w/o Radar,8,8,0,0,16,0,0,31,0,31,8,8,31,0,47,40,0,40,87
04/01/2002,HLN,MT,ANM,WE,Combination Non-Radar Approach Control & Tower w/o Radar,7,28,1,1,37,1,0,2,0,3,8,28,3,1,40,0,0,0,40
04/02/2002,HLN,MT,ANM,WE,Combination Non-Radar Approach Control & Tower w/o Radar,10,40,9,4,63,0,12,62,4,78,10,52,71,8,141,50,8,58,199
04/03/2002,HLN,MT,ANM,WE,Combination Non-Radar Approach Control & Tower w/o Radar,12,41,13,1,67,0,15,41,0,56,12,56,54,1,123,52,0,52,175
04/04/2002,HLN,MT,ANM,WE,Combination Non-Radar Approach Control & Tower w/o Radar,10,38,4,3,55,0,15,76,3,94,10,53,80,6,149,84,10,94,243
04/05/2002,HLN,MT,ANM,WE,Combination Non-Radar Approach Control & Tower w/o Radar,11,39,0,2,52,0,1,77,8,86,11,40,77,10,138,78,2,80,218
04/06/2002,HLN,MT,ANM,WE,Combination Non-Radar Approach Control & Tower w/o Radar,9,15,1,0,25,0,5,29,16,50,9,20,30,16,75,22,14,36,111
04/07/2002,HLN,MT,ANM,WE,Combination Non-Radar Approach Control & Tower w/o Radar,9,10,1,3,23,0,1,15,6,22,9,11,16,9,45,36,4,40,85
04/08/2002,HLN,MT,ANM,WE,Combination Non-Radar Approach Control & Tower w/o Radar,9,30,11,1,51,0,4,53,18,75,9,34,64,19,126,54,10,64,190
04/09/2002,HLN,MT,ANM,WE,Combination Non-Radar Approach Control & Tower w/o Radar,10,41,22,8,81,0,7,66,13,86,10,48,88,21,167,90,16,106,273
04/10/2002,HLN,MT,ANM,WE,Combination Non-Radar Approach Control & Tower w/o Radar,11,37,6,4,58,1,12,27,17,57,12,49,33,21,115,26,30,56,171
04/11/2002,HLN,MT,ANM,WE,Combination Non-Radar Approach Control & Tower w/o Radar,10,42,18,2,72,0,11,52,20,83,10,53,70,22,155,60,10,70,225
04/12/2002,HLN,MT,ANM,WE,Combination Non-Radar Approach Control & Tower w/o Radar,10,35,8,3,56,0,2,45,22,69,10,37,53,25,125,66,16,82,207
04/13/2002,HLN,MT,ANM,WE,Combination Non-Radar Approach Control & Tower w/o Radar,9,18,8,4,39,0,4,36,30,70,9,22,44,34,109,10,36,46,155
04/14/2002,HLN,MT,ANM,WE,Combination Non-Radar Approach Control & Tower w/o Radar,8,8,3,13,32,0,0,17,4,21,8,8,20,17,53,6,20,26,79
04/15/2002,HLN,MT,ANM,WE,Combination Non-Radar Approach Control & Tower w/o Radar,11,38,13,7,69,0,16,35,11,62,11,54,48,18,131,48,8,56,187
04/16/2002,HLN,MT,ANM,WE,Combination Non-Radar Approach Control & Tower w/o Radar,9,45,10,8,72,0,4,52,5,61,9,49,62,13,133,60,8,68,201
04/17/2002,HLN,MT,ANM,WE,Combination Non-Radar Approach Control & Tower w/o Radar,9,42,5,2,58,0,3,20,5,28,9,45,25,7,86,28,32,60,146
04/18/2002,HLN,MT,ANM,WE,Combination Non-Radar Approach Control & Tower w/o Radar,9,45,11,5,70,0,4,22,5,31,9,49,33,10,101,50,24,74,175
04/19/2002,HLN,MT,ANM,WE,Combination Non-Radar Approach Control & Tower w/o Radar,9,35,6,1,51,0,12,48,10,70,9,47,54,11,121,62,14,76,197
04/20/2002,HLN,MT,ANM,WE,Combination Non-Radar Approach Control & Tower w/o Radar,9,18,3,0,30,0,7,91,0,98,9,25,94,0,128,84,0,84,212
04/21/2002,HLN,MT,ANM,WE,Combination Non-Radar Approach Control & Tower w/o Radar,8,8,2,2,20,0,2,42,6,50,8,10,44,8,70,32,0,32,102
04/22/2002,HLN,MT,ANM,WE,Combination Non-Radar Approach Control & Tower w/o Radar,8,31,3,1,43,0,0,25,11,36,8,31,28,12,79,70,12,82,161
04/23/2002,HLN,MT,ANM,WE,Combination Non-Radar Approach Control & Tower w/o Radar,10,42,10,3,65,0,0,19,14,33,10,42,29,17,98,14,4,18,116
04/24/2002,HLN,MT,ANM,WE,Combination Non-Radar Approach Control & Tower w/o Radar,10,40,4,1,55,0,8,52,23,83,10,48,56,24,138,40,42,82,220
04/25/2002,HLN,MT,ANM,WE,Combination Non-Radar Approach Control & Tower w/o Radar,10,39,18,1,68,0,5,62,25,92,10,44,80,26,160,46,34,80,240
04/26/2002,HLN,MT,ANM,WE,Combination Non-Radar Approach Control & Tower w/o Radar,10,37,5,3,55,0,1,47,23,71,10,38,52,26,126,42,16,58,184
04/27/2002,HLN,MT,ANM,WE,Combination Non-Radar Approach Control & Tower w/o Radar,8,22,0,0,30,0,0,2,4,6,8,22,2,4,36,0,16,16,52
04/28/2002,HLN,MT,ANM,WE,Combination Non-Radar Approach Control & Tower w/o Radar,4,12,3,0,19,4,2,31,0,37,8,14,34,0,56,54,0,54,110
04/29/2002,HLN,MT,ANM,WE,Combination Non-Radar Approach Control & Tower w/o Radar,8,31,9,0,48,0,8,57,10,75,8,39,66,10,123,36,2,38,161
04/30/2002,HLN,MT,ANM,WE,Combination Non-Radar Approach Control & Tower w/o Radar,10,38,14,1,63,0,10,51,6,67,10,48,65,7,130,68,10,78,208
05/01/2002,HLN,MT,ANM,WE,Combination Non-Radar Approach Control & Tower w/o Radar,8,43,13,1,65,1,13,67,0,81,9,56,80,1,146,96,0,96,242
05/02/2002,HLN,MT,ANM,WE,Combination Non-Radar Approach Control & Tower w/o Radar,9,35,8,4,56,1,8,45,5,59,10,43,53,9,115,24,0,24,139
05/03/2002,HLN,MT,ANM,WE,Combination Non-Radar Approach Control & Tower w/o Radar,9,42,5,4,60,1,10,46,5,62,10,52,51,9,122,54,4,58,180
05/04/2002,HLN,MT,ANM,WE,Combination Non-Radar Approach Control & Tower w/o Radar,8,18,3,6,35,1,2,44,27,74,9,20,47,33,109,80,20,100,209
05/05/2002,HLN,MT,ANM,WE,Combination Non-Radar Approach Control & Tower w/o Radar,9,9,3,2,23,1,0,6,0,7,10,9,9,2,30,20,0,20,50
05/06/2002,HLN,MT,ANM,WE,Combination Non-Radar Approach Control & Tower w/o Radar,9,31,6,1,47,1,4,21,4,30,10,35,27,5,77,54,6,60,137
05/07/2002,HLN,MT,ANM,WE,Combination Non-Radar Approach Control & Tower w/o Radar,13,40,7,2,62,1,0,0,0,1,14,40,7,2,63,0,0,0,63
05/08/2002,HLN,MT,ANM,WE,Combination Non-Radar Approach Control & Tower w/o Radar,9,45,5,2,61,0,2,5,3,10,9,47,10,5,71,14,0,14,85
05/09/2002,HLN,MT,ANM,WE,Combination Non-Radar Approach Control & Tower w/o Radar,10,40,15,1,66,0,7,59,6,72,10,47,74,7,138,78,8,86,224
05/10/2002,HLN,MT,ANM,WE,Combination Non-Radar Approach Control & Tower w/o Radar,10,35,12,0,57,0,11,60,6,77,10,46,72,6,134,68,0,68,202
05/11/2002,HLN,MT,ANM,WE,Combination Non-Radar Approach Control & Tower w/o Radar,9,16,6,1,32,0,7,49,0,56,9,23,55,1,88,28,2,30,118
05/12/2002,HLN,MT,ANM,WE,Combination Non-Radar Approach Control & Tower w/o Radar,8,8,9,1,26,0,0,82,0,82,8,8,91,1,108,42,2,44,152
05/13/2002,HLN,MT,ANM,WE,Combination Non-Radar Approach Control & Tower w/o Radar,8,26,11,0,45,0,11,64,1,76,8,37,75,1,121,34,0,34,155
05/14/2002,HLN,MT,ANM,WE,Combination Non-Radar Approach Control & Tower w/o Radar,10,34,9,0,53,0,14,34,1,49,10,48,43,1,102,26,6,32,134
05/15/2002,HLN,MT,ANM,WE,Combination Non-Radar Approach Control & Tower w/o Radar,10,32,10,1,53,0,15,53,5,73,10,47,63,6,126,56,4,60,186
05/16/2002,HLN,MT,ANM,WE,Combination Non-Radar Approach Control & Tower w/o Radar,8,38,9,2,57,0,10,51,8,69,8,48,60,10,126,76,4,80,206
05/17/2002,HLN,MT,ANM,WE,Combination Non-Radar Approach Control & Tower w/o Radar,8,41,2,1,52,0,11,69,5,85,8,52,71,6,137,30,6,36,173
05/18/2002,HLN,MT,ANM,WE,Combination Non-Radar Approach Control & Tower w/o Radar,9,17,3,2,31,0,2,78,5,85,9,19,81,7,116,44,0,44,160
05/19/2002,HLN,MT,ANM,WE,Combination Non-Radar Approach Control & Tower w/o Radar,8,10,9,0,27,0,0,60,15,75,8,10,69,15,102,28,6,34,136
05/20/2002,HLN,MT,ANM,WE,Combination Non-Radar Approach Control & Tower w/o Radar,8,29,4,3,44,0,15,35,1,51,8,44,39,4,95,80,40,120,215
05/21/2002,HLN,MT,ANM,WE,Combination Non-Radar Approach Control & Tower w/o Radar,9,40,10,0,59,0,1,23,0,24,9,41,33,0,83,2,0,2,85
05/22/2002,HLN,MT,ANM,WE,Combination Non-Radar Approach Control & Tower w/o Radar,10,43,7,0,60,0,1,0,0,1,10,44,7,0,61,0,0,0,61
05/23/2002,HLN,MT,ANM,WE,Combination Non-Radar Approach Control & Tower w/o Radar,10,44,12,2,68,0,0,50,12,62,10,44,62,14,130,90,0,90,220
05/24/2002,HLN,MT,ANM,WE,Combination Non-Radar Approach Control & Tower w/o Radar,10,39,11,1,61,0,7,60,10,77,10,46,71,11,138,50,2,52,190
05/25/2002,HLN,MT,ANM,WE,Combination Non-Radar Approach Control & Tower w/o Radar,9,19,9,0,37,0,2,54,7,63,9,21,63,7,100,44,0,44,144
05/26/2002,HLN,MT,ANM,WE,Combination Non-Radar Approach Control & Tower w/o Radar,7,8,0,0,15,0,0,19,0,19,7,8,19,0,34,2,0,2,36
05/27/2002,HLN,MT,ANM,WE,Combination Non-Radar Approach Control & Tower w/o Radar,8,15,6,0,29,0,2,56,7,65,8,17,62,7,94,72,0,72,166
05/28/2002,HLN,MT,ANM,WE,Combination Non-Radar Approach Control & Tower w/o Radar,10,25,17,2,54,0,15,37,11,63,10,40,54,13,117,44,4,48,165
05/29/2002,HLN,MT,ANM,WE,Combination Non-Radar Approach Control & Tower w/o Radar,10,36,15,3,64,0,12,53,10,75,10,48,68,13,139,98,22,120,259
05/30/2002,HLN,MT,ANM,WE,Combination Non-Radar Approach Control & Tower w/o Radar,10,36,7,0,53,0,11,47,19,77,10,47,54,19,130,42,10,52,182
05/31/2002,HLN,MT,ANM,WE,Combination Non-Radar Approach Control & Tower w/o Radar,8,31,15,2,56,0,10,108,9,127,8,41,123,11,183,88,14,102,285
06/01/2002,HLN,MT,ANM,WE,Combination Non-Radar Approach Control & Tower w/o Radar,11,13,6,3,33,0,2,34,8,44,11,15,40,11,77,70,34,104,181
06/02/2002,HLN,MT,ANM,WE,Combination Non-Radar Approach Control & Tower w/o Radar,9,9,3,1,22,0,1,9,5,15,9,10,12,6,37,4,8,12,49
06/03/2002,HLN,MT,ANM,WE,Combination Non-Radar Approach Control & Tower w/o Radar,10,25,9,1,45,0,15,22,9,46,10,40,31,10,91,70,14,84,175
06/04/2002,HLN,MT,ANM,WE,Combination Non-Radar Approach Control & Tower w/o Radar,12,26,11,1,50,0,22,66,3,91,12,48,77,4,141,86,8,94,235
06/05/2002,HLN,MT,ANM,WE,Combination Non-Radar Approach Control & Tower w/o Radar,12,34,12,3,61,0,11,51,1,63,12,45,63,4,124,58,6,64,188
06/06/2002,HLN,MT,ANM,WE,Combination Non-Radar Approach Control & Tower w/o Radar,12,31,8,5,56,0,15,76,9,100,12,46,84,14,156,80,4,84,240
06/07/2002,HLN,MT,ANM,WE,Combination Non-Radar Approach Control & Tower w/o Radar,10,30,11,6,57,0,14,80,8,102,10,44,91,14,159,64,0,64,223
06/08/2002,HLN,MT,ANM,WE,Combination Non-Radar Approach Control & Tower w/o Radar,10,17,6,7,40,0,7,22,8,37,10,24,28,15,77,14,64,78,155
06/09/2002,HLN,MT,ANM,WE,Combination Non-Radar Approach Control & Tower w/o Radar,9,6,3,0,18,0,0,2,2,4,9,6,5,2,22,0,18,18,40
06/10/2002,HLN,MT,ANM,WE,Combination Non-Radar Approach Control & Tower w/o Radar,11,38,4,3,56,0,0,8,2,10,11,38,12,5,66,28,12,40,106
06/11/2002,HLN,MT,ANM,WE,Combination Non-Radar Approach Control & Tower w/o Radar,12,40,11,3,66,0,6,34,6,46,12,46,45,9,112,40,4,44,156
06/12/2002,HLN,MT,ANM,WE,Combination Non-Radar Approach Control & Tower w/o Radar,11,31,8,1,51,0,9,73,2,84,11,40,81,3,135,104,0,104,239
06/13/2002,HLN,MT,ANM,WE,Combination Non-Radar Approach Control & Tower w/o Radar,12,27,16,0,55,0,16,77,10,103,12,43,93,10,158,138,6,144,302
06/14/2002,HLN,MT,ANM,WE,Combination Non-Radar Approach Control & Tower w/o Radar,12,27,9,2,50,0,15,94,6,115,12,42,103,8,165,84,8,92,257
06/15/2002,HLN,MT,ANM,WE,Combination Non-Radar Approach Control & Tower w/o Radar,11,11,0,1,23,0,4,77,4,85,11,15,77,5,108,64,0,64,172
06/16/2002,HLN,MT,ANM,WE,Combination Non-Radar Approach Control & Tower w/o Radar,7,7,5,0,19,0,0,68,0,68,7,7,73,0,87,8,0,8,95
06/17/2002,HLN,MT,ANM,WE,Combination Non-Radar Approach Control & Tower w/o Radar,10,22,6,2,40,0,18,48,3,69,10,40,54,5,109,62,10,72,181
06/18/2002,HLN,MT,ANM,WE,Combination Non-Radar Approach Control & Tower w/o Radar,5,29,14,3,51,0,0,17,0,17,5,29,31,3,68,46,2,48,116
06/19/2002,HLN,MT,ANM,WE,Combination Non-Radar Approach Control & Tower w/o Radar,13,36,22,1,72,0,6,52,16,74,13,42,74,17,146,66,18,84,230
06/20/2002,HLN,MT,ANM,WE,Combination Non-Radar Approach Control & Tower w/o Radar,14,25,4,14,57,0,18,148,18,184,14,43,152,32,241,106,42,148,389
06/21/2002,HLN,MT,ANM,WE,Combination Non-Radar Approach Control & Tower w/o Radar,12,30,9,10,61,0,16,93,18,127,12,46,102,28,188,96,34,130,318
06/22/2002,HLN,MT,ANM,WE,Combination Non-Radar Approach Control & Tower w/o Radar,11,21,5,0,37,0,4,79,15,98,11,25,84,15,135,48,36,84,219
06/23/2002,HLN,MT,ANM,WE,Combination Non-Radar Approach Control & Tower w/o Radar,9,7,2,0,18,0,0,67,2,69,9,7,69,2,87,44,0,44,131
06/24/2002,HLN,MT,ANM,WE,Combination Non-Radar Approach Control & Tower w/o Radar,10,20,6,7,43,0,16,64,9,89,10,36,70,16,132,52,42,94,226
06/25/2002,HLN,MT,ANM,WE,Combination Non-Radar Approach Control & Tower w/o Radar,12,31,8,2,53,0,11,74,5,90,12,42,82,7,143,74,2,76,219
06/26/2002,HLN,MT,ANM,WE,Combination Non-Radar Approach Control & Tower w/o Radar,10,29,11,1,51,0,17,66,8,91,10,46,77,9,142,86,8,94,236
06/27/2002,HLN,MT,ANM,WE,Combination Non-Radar Approach Control & Tower w/o Radar,12,33,14,4,63,0,13,72,9,94,12,46,86,13,157,76,10,86,243
06/28/2002,HLN,MT,ANM,WE,Combination Non-Radar Approach Control & Tower w/o Radar,11,32,8,3,54,0,8,79,11,98,11,40,87,14,152,78,10,88,240
06/29/2002,HLN,MT,ANM,WE,Combination Non-Radar Approach Control & Tower w/o Radar,11,16,4,0,31,0,3,41,2,46,11,19,45,2,77,16,2,18,95
06/30/2002,HLN,MT,ANM,WE,Combination Non-Radar Approach Control & Tower w/o Radar,9,6,5,2,22,0,0,78,2,80,9,6,83,4,102,60,0,60,162
07/01/2002,HLN,MT,ANM,WE,Combination Non-Radar Approach Control & Tower w/o Radar,7,24,4,0,35,1,16,76,8,101,8,40,80,8,136,64,8,72,208
07/02/2002,HLN,MT,ANM,WE,Combination Non-Radar Approach Control & Tower w/o Radar,10,29,11,0,50,0,7,82,17,106,10,36,93,17,156,202,10,212,368
07/03/2002,HLN,MT,ANM,WE,Combination Non-Radar Approach Control & Tower w/o Radar,10,32,6,0,48,0,12,52,8,72,10,44,58,8,120,100,6,106,226
07/04/2002,HLN,MT,ANM,WE,Combination Non-Radar Approach Control & Tower w/o Radar,10,15,5,1,31,0,3,54,4,61,10,18,59,5,92,34,24,58,150
07/05/2002,HLN,MT,ANM,WE,Combination Non-Radar Approach Control & Tower w/o Radar,8,19,5,0,32,1,10,73,5,89,9,29,78,5,121,78,0,78,199
07/06/2002,HLN,MT,ANM,WE,Combination Non-Radar Approach Control & Tower w/o Radar,9,17,5,0,31,0,6,74,9,89,9,23,79,9,120,44,0,44,164
07/07/2002,HLN,MT,ANM,WE,Combination Non-Radar Approach Control & Tower w/o Radar,7,8,3,0,18,0,2,60,0,62,7,10,63,0,80,34,0,34,114
07/08/2002,HLN,MT,ANM,WE,Combination Non-Radar Approach Control & Tower w/o Radar,8,24,4,4,40,0,14,41,8,63,8,38,45,12,103,56,38,94,197
07/09/2002,HLN,MT,ANM,WE,Combination Non-Radar Approach Control & Tower w/o Radar,10,30,5,0,45,0,18,85,16,119,10,48,90,16,164,88,20,108,272
07/10/2002,HLN,MT,ANM,WE,Combination Non-Radar Approach Control & Tower w/o Radar,10,22,15,5,52,0,27,97,11,135,10,49,112,16,187,66,8,74,261
07/11/2002,HLN,MT,ANM,WE,Combination Non-Radar Approach Control & Tower w/o Radar,10,27,9,0,46,0,18,98,8,124,10,45,107,8,170,84,2,86,256
07/12/2002,HLN,MT,ANM,WE,Combination Non-Radar Approach Control & Tower w/o Radar,10,23,17,4,54,0,20,107,14,141,10,43,124,18,195,136,12,148,343
07/13/2002,HLN,MT,ANM,WE,Combination Non-Radar Approach Control & Tower w/o Radar,6,16,8,0,30,0,5,74,6,85,6,21,82,6,115,12,12,24,139
07/14/2002,HLN,MT,ANM,WE,Combination Non-Radar Approach Control & Tower w/o Radar,7,8,4,3,22,0,1,71,0,72,7,9,75,3,94,20,0,20,114
07/15/2002,HLN,MT,ANM,WE,Combination Non-Radar Approach Control & Tower w/o Radar,8,20,8,4,40,0,15,49,14,78,8,35,57,18,118,74,12,86,204
07/16/2002,HLN,MT,ANM,WE,Combination Non-Radar Approach Control & Tower w/o Radar,9,30,11,2,52,0,15,56,11,82,9,45,67,13,134,100,26,126,260
07/17/2002,HLN,MT,ANM,WE,Combination Non-Radar Approach Control & Tower w/o Radar,10,29,18,4,61,0,20,86,24,130,10,49,104,28,191,74,16,90,281
07/18/2002,HLN,MT,ANM,WE,Combination Non-Radar Approach Control & Tower w/o Radar,10,28,8,1,47,0,8,64,48,120,10,36,72,49,167,46,68,114,281
07/19/2002,HLN,MT,ANM,WE,Combination Non-Radar Approach Control & Tower w/o Radar,9,24,9,12,54,0,24,75,29,128,9,48,84,41,182,74,222,296,478
07/20/2002,HLN,MT,ANM,WE,Combination Non-Radar Approach Control & Tower w/o Radar,12,9,9,0,30,0,9,236,37,282,12,18,245,37,312,62,32,94,406
07/21/2002,HLN,MT,ANM,WE,Combination Non-Radar Approach Control & Tower w/o Radar,7,5,2,7,21,0,11,193,32,236,7,16,195,39,257,58,148,206,463
07/22/2002,HLN,MT,ANM,WE,Combination Non-Radar Approach Control & Tower w/o Radar,8,18,14,12,52,0,23,60,10,93,8,41,74,22,145,74,10,84,229
07/23/2002,HLN,MT,ANM,WE,Combination Non-Radar Approach Control & Tower w/o Radar,11,29,8,4,52,0,10,67,16,93,11,39,75,20,145,92,12,104,249
07/24/2002,HLN,MT,ANM,WE,Combination Non-Radar Approach Control & Tower w/o Radar,10,26,18,3,57,0,16,79,18,113,10,42,97,21,170,96,20,116,286
07/25/2002,HLN,MT,ANM,WE,Combination Non-Radar Approach Control & Tower w/o Radar,10,32,7,1,50,0,24,74,11,109,10,56,81,12,159,88,2,90,249
07/26/2002,HLN,MT,ANM,WE,Combination Non-Radar Approach Control & Tower w/o Radar,10,32,8,4,54,0,16,77,10,103,10,48,85,14,157,38,8,46,203
07/27/2002,HLN,MT,ANM,WE,Combination Non-Radar Approach Control & Tower w/o Radar,9,14,4,3,30,0,12,62,8,82,9,26,66,11,112,54,30,84,196
07/28/2002,HLN,MT,ANM,WE,Combination Non-Radar Approach Control & Tower w/o Radar,7,13,4,1,25,0,0,61,5,66,7,13,65,6,91,26,0,26,117
07/29/2002,HLN,MT,ANM,WE,Combination Non-Radar Approach Control & Tower w/o Radar,8,24,9,2,43,0,15,66,11,92,8,39,75,13,135,68,12,80,215
07/30/2002,HLN,MT,ANM,WE,Combination Non-Radar Approach Control & Tower w/o Radar,10,23,9,2,44,0,16,54,12,82,10,39,63,14,126,52,8,60,186
07/31/2002,HLN,MT,ANM,WE,Combination Non-Radar Approach Control & Tower w/o Radar,9,21,9,2,41,1,20,63,10,94,10,41,72,12,135,44,4,48,183
08/01/2002,HLN,MT,ANM,WE,Combination Non-Radar Approach Control & Tower w/o Radar,8,27,10,3,48,1,16,94,10,121,9,43,104,13,169,106,18,124,293
08/02/2002,HLN,MT,ANM,WE,Combination Non-Radar Approach Control & Tower w/o Radar,11,31,3,8,53,0,14,80,20,114,11,45,83,28,167,98,18,116,283
08/03/2002,HLN,MT,ANM,WE,Combination Non-Radar Approach Control & Tower w/o Radar,10,13,3,2,28,0,6,77,8,91,10,19,80,10,119,46,4,50,169
08/04/2002,HLN,MT,ANM,WE,Combination Non-Radar Approach Control & Tower w/o Radar,5,8,6,1,20,1,1,53,0,55,6,9,59,1,75,36,0,36,111
08/05/2002,HLN,MT,ANM,WE,Combination Non-Radar Approach Control & Tower w/o Radar,7,32,16,2,57,1,6,47,11,65,8,38,63,13,122,90,0,90,212
08/06/2002,HLN,MT,ANM,WE,Combination Non-Radar Approach Control & Tower w/o Radar,9,31,8,2,50,0,11,37,7,55,9,42,45,9,105,54,16,70,175
08/07/2002,HLN,MT,ANM,WE,Combination Non-Radar Approach Control & Tower w/o Radar,10,41,15,1,67,0,8,55,1,64,10,49,70,2,131,66,0,66,197
08/08/2002,HLN,MT,ANM,WE,Combination Non-Radar Approach Control & Tower w/o Radar,10,45,11,0,66,0,7,45,9,61,10,52,56,9,127,62,22,84,211
08/09/2002,HLN,MT,ANM,WE,Combination Non-Radar Approach Control & Tower w/o Radar,10,37,15,3,65,0,12,76,15,103,10,49,91,18,168,68,8,76,244
08/10/2002,HLN,MT,ANM,WE,Combination Non-Radar Approach Control & Tower w/o Radar,10,13,13,0,36,0,9,82,4,95,10,22,95,4,131,106,0,106,237
08/11/2002,HLN,MT,ANM,WE,Combination Non-Radar Approach Control & Tower w/o Radar,7,13,11,0,31,0,2,72,0,74,7,15,83,0,105,40,0,40,145
08/12/2002,HLN,MT,ANM,WE,Combination Non-Radar Approach Control & Tower w/o Radar,8,24,8,5,45,0,7,55,4,66,8,31,63,9,111,104,14,118,229
08/13/2002,HLN,MT,ANM,WE,Combination Non-Radar Approach Control & Tower w/o Radar,9,28,9,2,48,0,14,45,12,71,9,42,54,14,119,36,16,52,171
08/14/2002,HLN,MT,ANM,WE,Combination Non-Radar Approach Control & Tower w/o Radar,9,29,9,5,52,0,13,52,10,75,9,42,61,15,127,26,22,48,175
08/15/2002,HLN,MT,ANM,WE,Combination Non-Radar Approach Control & Tower w/o Radar,10,33,7,9,59,0,11,84,9,104,10,44,91,18,163,112,44,156,319
08/16/2002,HLN,MT,ANM,WE,Combination Non-Radar Approach Control & Tower w/o Radar,10,27,4,4,45,0,11,65,16,92,10,38,69,20,137,16,16,32,169
08/17/2002,HLN,MT,ANM,WE,Combination Non-Radar Approach Control & Tower w/o Radar,10,14,2,0,26,0,6,102,14,122,10,20,104,14,148,108,26,134,282
08/18/2002,HLN,MT,ANM,WE,Combination Non-Radar Approach Control & Tower w/o Radar,7,9,2,2,20,0,2,71,3,76,7,11,73,5,96,62,0,62,158
08/19/2002,HLN,MT,ANM,WE,Combination Non-Radar Approach Control & Tower w/o Radar,8,21,9,0,38,0,18,59,17,94,8,39,68,17,132,92,28,120,252
08/20/2002,HLN,MT,ANM,WE,Combination Non-Radar Approach Control & Tower w/o Radar,10,35,16,0,61,0,15,65,17,97,10,50,81,17,158,64,2,66,224
08/21/2002,HLN,MT,ANM,WE,Combination Non-Radar Approach Control & Tower w/o Radar,8,44,15,0,67,0,5,52,8,65,8,49,67,8,132,112,0,112,244
08/22/2002,HLN,MT,ANM,WE,Combination Non-Radar Approach Control & Tower w/o Radar,9,34,15,6,64,0,19,68,24,111,9,53,83,30,175,132,18,150,325
08/23/2002,HLN,MT,ANM,WE,Combination Non-Radar Approach Control & Tower w/o Radar,10,30,7,4,51,0,14,98,27,139,10,44,105,31,190,172,6,178,368
08/24/2002,HLN,MT,ANM,WE,Combination Non-Radar Approach Control & Tower w/o Radar,10,16,9,1,36,0,6,48,28,82,10,22,57,29,118,44,42,86,204
08/25/2002,HLN,MT,ANM,WE,Combination Non-Radar Approach Control & Tower w/o Radar,7,8,5,2,22,0,4,70,24,98,7,12,75,26,120,44,6,50,170
08/26/2002,HLN,MT,ANM,WE,Combination Non-Radar Approach Control & Tower w/o Radar,8,27,10,3,48,0,3,49,6,58,8,30,59,9,106,46,6,52,158
08/27/2002,HLN,MT,ANM,WE,Combination Non-Radar Approach Control & Tower w/o Radar,10,33,8,7,58,0,14,71,19,104,10,47,79,26,162,62,36,98,260
08/28/2002,HLN,MT,ANM,WE,Combination Non-Radar Approach Control & Tower w/o Radar,10,30,4,7,51,0,24,67,15,106,10,54,71,22,157,74,50,124,281
08/29/2002,HLN,MT,ANM,WE,Combination Non-Radar Approach Control & Tower w/o Radar,10,26,19,9,64,0,22,77,18,117,10,48,96,27,181,64,30,94,275
08/30/2002,HLN,MT,ANM,WE,Combination Non-Radar Approach Control & Tower w/o Radar,10,31,9,10,60,0,13,62,18,93,10,44,71,28,153,66,14,80,233
08/31/2002,HLN,MT,ANM,WE,Combination Non-Radar Approach Control & Tower w/o Radar,10,11,8,0,29,0,7,61,5,73,10,18,69,5,102,44,14,58,160
09/01/2002,HLN,MT,ANM,WE,Combination Non-Radar Approach Control & Tower w/o Radar,5,10,1,1,17,1,0,37,3,41,6,10,38,4,58,14,0,14,72
09/02/2002,HLN,MT,ANM,WE,Combination Non-Radar Approach Control & Tower w/o Radar,8,9,6,0,23,0,3,53,0,56,8,12,59,0,79,20,0,20,99
09/03/2002,HLN,MT,ANM,WE,Combination Non-Radar Approach Control & Tower w/o Radar,9,20,10,1,40,1,16,37,6,60,10,36,47,7,100,38,8,46,146
09/04/2002,HLN,MT,ANM,WE,Combination Non-Radar Approach Control & Tower w/o Radar,10,31,13,2,56,0,12,53,4,69,10,43,66,6,125,44,0,44,169
09/05/2002,HLN,MT,ANM,WE,Combination Non-Radar Approach Control & Tower w/o Radar,9,36,11,4,60,1,11,62,7,81,10,47,73,11,141,54,18,72,213
09/06/2002,HLN,MT,ANM,WE,Combination Non-Radar Approach Control & Tower w/o Radar,9,34,9,4,56,1,9,14,4,28,10,43,23,8,84,40,8,48,132
09/07/2002,HLN,MT,ANM,WE,Combination Non-Radar Approach Control & Tower w/o Radar,9,18,7,2,36,0,5,39,32,76,9,23,46,34,112,100,46,146,258
09/08/2002,HLN,MT,ANM,WE,Combination Non-Radar Approach Control & Tower w/o Radar,7,12,2,4,25,0,5,43,12,60,7,17,45,16,85,40,24,64,149
09/09/2002,HLN,MT,ANM,WE,Combination Non-Radar Approach Control & Tower w/o Radar,8,18,6,4,36,0,7,59,2,68,8,25,65,6,104,38,4,42,146
09/10/2002,HLN,MT,ANM,WE,Combination Non-Radar Approach Control & Tower w/o Radar,10,23,7,3,43,0,23,77,0,100,10,46,84,3,143,132,0,132,275
09/11/2002,HLN,MT,ANM,WE,Combination Non-Radar Approach Control & Tower w/o Radar,10,23,18,6,57,0,16,68,7,91,10,39,86,13,148,88,4,92,240
09/12/2002,HLN,MT,ANM,WE,Combination Non-Radar Approach Control & Tower w/o Radar,8,30,11,2,51,0,18,84,8,110,8,48,95,10,161,120,6,126,287
09/13/2002,HLN,MT,ANM,WE,Combination Non-Radar Approach Control & Tower w/o Radar,11,25,7,3,46,0,14,79,5,98,11,39,86,8,144,74,4,78,222
09/14/2002,HLN,MT,ANM,WE,Combination Non-Radar Approach Control & Tower w/o Radar,9,14,6,3,32,0,7,104,0,111,9,21,110,3,143,28,0,28,171
09/15/2002,HLN,MT,ANM,WE,Combination Non-Radar Approach Control & Tower w/o Radar,7,6,4,7,24,0,2,51,1,54,7,8,55,8,78,54,14,68,146
09/16/2002,HLN,MT,ANM,WE,Combination Non-Radar Approach Control & Tower w/o Radar,9,14,5,4,32,0,15,31,0,46,9,29,36,4,78,0,66,66,144
09/17/2002,HLN,MT,ANM,WE,Combination Non-Radar Approach Control & Tower w/o Radar,9,37,9,6,61,0,2,10,2,14,9,39,19,8,75,0,4,4,79
09/18/2002,HLN,MT,ANM,WE,Combination Non-Radar Approach Control & Tower w/o Radar,10,40,17,0,67,0,8,21,16,45,10,48,38,16,112,10,4,14,126
09/19/2002,HLN,MT,ANM,WE,Combination Non-Radar Approach Control & Tower w/o Radar,9,35,3,0,47,1,11,43,7,62,10,46,46,7,109,50,8,58,167
09/20/2002,HLN,MT,ANM,WE,Combination Non-Radar Approach Control & Tower w/o Radar,9,30,11,2,52,0,13,40,7,60,9,43,51,9,112,30,6,36,148
09/21/2002,HLN,MT,ANM,WE,Combination Non-Radar Approach Control & Tower w/o Radar,9,13,6,0,28,0,5,74,0,79,9,18,80,0,107,30,0,30,137
09/22/2002,HLN,MT,ANM,WE,Combination Non-Radar Approach Control & Tower w/o Radar,7,10,5,0,22,0,2,47,1,50,7,12,52,1,72,14,0,14,86
09/23/2002,HLN,MT,ANM,WE,Combination Non-Radar Approach Control & Tower w/o Radar,6,26,5,2,39,0,9,66,0,75,6,35,71,2,114,110,0,110,224
09/24/2002,HLN,MT,ANM,WE,Combination Non-Radar Approach Control & Tower w/o Radar,9,39,6,0,54,0,10,30,1,41,9,49,36,1,95,12,0,12,107
09/25/2002,HLN,MT,ANM,WE,Combination Non-Radar Approach Control & Tower w/o Radar,10,33,10,3,56,0,5,50,1,56,10,38,60,4,112,76,0,76,188
09/26/2002,HLN,MT,ANM,WE,Combination Non-Radar Approach Control & Tower w/o Radar,10,34,11,1,56,0,11,60,3,74,10,45,71,4,130,34,0,34,164
09/27/2002,HLN,MT,ANM,WE,Combination Non-Radar Approach Control & Tower w/o Radar,10,35,14,2,61,0,1,8,2,11,10,36,22,4,72,4,0,4,76
09/28/2002,HLN,MT,ANM,WE,Combination Non-Radar Approach Control & Tower w/o Radar,9,18,7,0,34,0,2,80,0,82,9,20,87,0,116,82,0,82,198
09/29/2002,HLN,MT,ANM,WE,Combination Non-Radar Approach Control & Tower w/o Radar,7,10,3,0,20,0,1,43,0,44,7,11,46,0,64,54,0,54,118
09/30/2002,HLN,MT,ANM,WE,Combination Non-Radar Approach Control & Tower w/o Radar,7,24,6,0,37,0,4,25,0,29,7,28,31,0,66,40,0,40,106
10/01/2002,HLN,MT,ANM,WE,Combination Non-Radar Approach Control & Tower w/o Radar,10,35,11,0,56,0,4,30,11,45,10,39,41,11,101,32,6,38,139
10/02/2002,HLN,MT,ANM,WE,Combination Non-Radar Approach Control & Tower w/o Radar,10,32,15,0,57,0,14,67,2,83,10,46,82,2,140,76,0,76,216
10/03/2002,HLN,MT,ANM,WE,Combination Non-Radar Approach Control & Tower w/o Radar,10,40,15,3,68,0,3,26,10,39,10,43,41,13,107,42,10,52,159
10/04/2002,HLN,MT,ANM,WE,Combination Non-Radar Approach Control & Tower w/o Radar,10,42,16,3,71,0,7,32,8,47,10,49,48,11,118,32,4,36,154
10/05/2002,HLN,MT,ANM,WE,Combination Non-Radar Approach Control & Tower w/o Radar,9,20,9,0,38,0,3,24,22,49,9,23,33,22,87,44,16,60,147
10/06/2002,HLN,MT,ANM,WE,Combination Non-Radar Approach Control & Tower w/o Radar,7,10,6,4,27,0,0,10,5,15,7,10,16,9,42,84,16,100,142
10/07/2002,HLN,MT,ANM,WE,Combination Non-Radar Approach Control & Tower w/o Radar,8,23,8,2,41,0,7,41,2,50,8,30,49,4,91,50,2,52,143
10/08/2002,HLN,MT,ANM,WE,Combination Non-Radar Approach Control & Tower w/o Radar,10,30,19,2,61,0,7,56,4,67,10,37,75,6,128,76,6,82,210
10/09/2002,HLN,MT,ANM,WE,Combination Non-Radar Approach Control & Tower w/o Radar,10,33,3,4,50,0,13,83,10,106,10,46,86,14,156,106,12,118,274
10/10/2002,HLN,MT,ANM,WE,Combination Non-Radar Approach Control & Tower w/o Radar,10,33,22,9,74,0,12,60,9,81,10,45,82,18,155,58,18,76,231
10/11/2002,HLN,MT,ANM,WE,Combination Non-Radar Approach Control & Tower w/o Radar,10,44,14,4,72,0,4,17,13,34,10,48,31,17,106,8,12,20,126
10/12/2002,HLN,MT,ANM,WE,Combination Non-Radar Approach Control & Tower w/o Radar,8,17,0,1,26,0,8,41,0,49,8,25,41,1,75,48,0,48,123
10/13/2002,HLN,MT,ANM,WE,Combination Non-Radar Approach Control & Tower w/o Radar,2,7,3,0,12,5,1,57,0,63,7,8,60,0,75,26,0,26,101
10/14/2002,HLN,MT,ANM,WE,Combination Non-Radar Approach Control & Tower w/o Radar,8,16,4,2,30,0,12,48,0,60,8,28,52,2,90,44,0,44,134
10/15/2002,HLN,MT,ANM,WE,Combination Non-Radar Approach Control & Tower w/o Radar,9,19,8,2,38,1,18,59,4,82,10,37,67,6,120,50,6,56,176
10/16/2002,HLN,MT,ANM,WE,Combination Non-Radar Approach Control & Tower w/o Radar,10,31,9,1,51,0,15,95,19,129,10,46,104,20,180,62,8,70,250
10/17/2002,HLN,MT,ANM,WE,Combination Non-Radar Approach Control & Tower w/o Radar,10,32,10,4,56,0,13,69,10,92,10,45,79,14,148,40,8,48,196
10/18/2002,HLN,MT,ANM,WE,Combination Non-Radar Approach Control & Tower w/o Radar,9,32,15,1,57,0,17,71,30,118,9,49,86,31,175,82,24,106,281
10/19/2002,HLN,MT,ANM,WE,Combination Non-Radar Approach Control & Tower w/o Radar,9,12,0,1,22,0,7,58,28,93,9,19,58,29,115,58,74,132,247
10/20/2002,HLN,MT,ANM,WE,Combination Non-Radar Approach Control & Tower w/o Radar,5,8,7,0,20,0,0,50,0,50,5,8,57,0,70,56,0,56,126
10/21/2002,HLN,MT,ANM,WE,Combination Non-Radar Approach Control & Tower w/o Radar,8,24,12,1,45,0,12,43,15,70,8,36,55,16,115,24,34,58,173
10/22/2002,HLN,MT,ANM,WE,Combination Non-Radar Approach Control & Tower w/o Radar,9,44,4,1,58,0,0,6,11,17,9,44,10,12,75,26,28,54,129
10/23/2002,HLN,MT,ANM,WE,Combination Non-Radar Approach Control & Tower w/o Radar,7,39,35,0,81,0,12,40,21,73,7,51,75,21,154,90,22,112,266
10/24/2002,HLN,MT,ANM,WE,Combination Non-Radar Approach Control & Tower w/o Radar,7,37,11,3,58,0,10,60,30,100,7,47,71,33,158,52,26,78,236
10/25/2002,HLN,MT,ANM,WE,Combination Non-Radar Approach Control & Tower w/o Radar,10,33,17,7,67,0,6,84,25,115,10,39,101,32,182,30,38,68,250
10/26/2002,HLN,MT,ANM,WE,Combination Non-Radar Approach Control & Tower w/o Radar,8,13,2,0,23,0,7,87,9,103,8,20,89,9,126,42,36,78,204
10/27/2002,HLN,MT,ANM,WE,Combination Non-Radar Approach Control & Tower w/o Radar,7,11,3,0,21,0,0,29,2,31,7,11,32,2,52,16,0,16,68
10/28/2002,HLN,MT,ANM,WE,Combination Non-Radar Approach Control & Tower w/o Radar,11,30,5,1,47,0,0,3,15,18,11,30,8,16,65,26,28,54,119
10/29/2002,HLN,MT,ANM,WE,Combination Non-Radar Approach Control & Tower w/o Radar,11,45,11,5,72,0,2,10,5,17,11,47,21,10,89,0,44,44,133
10/30/2002,HLN,MT,ANM,WE,Combination Non-Radar Approach Control & Tower w/o Radar,12,34,25,2,73,0,6,5,12,23,12,40,30,14,96,2,30,32,128
10/31/2002,HLN,MT,ANM,WE,Combination Non-Radar Approach Control & Tower w/o Radar,11,38,12,9,70,0,9,50,6,65,11,47,62,15,135,26,30,56,191
11/01/2002,HLN,MT,ANM,WE,Combination Non-Radar Approach Control & Tower w/o Radar,11,35,14,4,64,0,19,43,16,78,11,54,57,20,142,4,20,24,166
11/02/2002,HLN,MT,ANM,WE,Combination Non-Radar Approach Control & Tower w/o Radar,10,11,3,0,24,0,8,39,23,70,10,19,42,23,94,8,26,34,128
11/03/2002,HLN,MT,ANM,WE,Combination Non-Radar Approach Control & Tower w/o Radar,9,9,5,2,25,0,2,43,0,45,9,11,48,2,70,34,20,54,124
11/04/2002,HLN,MT,ANM,WE,Combination Non-Radar Approach Control & Tower w/o Radar,10,28,1,2,41,0,10,42,12,64,10,38,43,14,105,54,14,68,173
11/05/2002,HLN,MT,ANM,WE,Combination Non-Radar Approach Control & Tower w/o Radar,12,31,10,5,58,0,13,31,9,53,12,44,41,14,111,18,2,20,131
11/06/2002,HLN,MT,ANM,WE,Combination Non-Radar Approach Control & Tower w/o Radar,12,30,2,1,45,0,15,50,3,68,12,45,52,4,113,72,0,72,185
11/07/2002,HLN,MT,ANM,WE,Combination Non-Radar Approach Control & Tower w/o Radar,12,36,8,3,59,0,10,44,5,59,12,46,52,8,118,124,6,130,248
11/08/2002,HLN,MT,ANM,WE,Combination Non-Radar Approach Control & Tower w/o Radar,11,35,7,3,56,0,6,31,19,56,11,41,38,22,112,34,38,72,184
11/09/2002,HLN,MT,ANM,WE,Combination Non-Radar Approach Control & Tower w/o Radar,10,17,6,0,33,1,3,22,6,32,11,20,28,6,65,30,0,30,95
11/10/2002,HLN,MT,ANM,WE,Combination Non-Radar Approach Control & Tower w/o Radar,5,8,3,0,16,4,0,17,0,21,9,8,20,0,37,18,0,18,55
11/11/2002,HLN,MT,ANM,WE,Combination Non-Radar Approach Control & Tower w/o Radar,10,17,6,0,33,0,2,9,0,11,10,19,15,0,44,10,0,10,54
11/12/2002,HLN,MT,ANM,WE,Combination Non-Radar Approach Control & Tower w/o Radar,12,30,19,1,62,0,9,21,10,40,12,39,40,11,102,42,10,52,154
11/13/2002,HLN,MT,ANM,WE,Combination Non-Radar Approach Control & Tower w/o Radar,9,43,14,1,67,0,5,34,7,46,9,48,48,8,113,24,20,44,157
11/14/2002,HLN,MT,ANM,WE,Combination Non-Radar Approach Control & Tower w/o Radar,11,40,12,6,69,0,5,16,6,27,11,45,28,12,96,16,14,30,126
11/15/2002,HLN,MT,ANM,WE,Combination Non-Radar Approach Control & Tower w/o Radar,12,46,10,6,74,0,10,68,7,85,12,56,78,13,159,64,32,96,255
11/16/2002,HLN,MT,ANM,WE,Combination Non-Radar Approach Control & Tower w/o Radar,11,20,6,4,41,0,2,39,0,41,11,22,45,4,82,20,4,24,106
11/17/2002,HLN,MT,ANM,WE,Combination Non-Radar Approach Control & Tower w/o Radar,9,9,3,2,23,0,2,9,0,11,9,11,12,2,34,16,0,16,50
11/18/2002,HLN,MT,ANM,WE,Combination Non-Radar Approach Control & Tower w/o Radar,9,27,4,5,45,0,8,22,17,47,9,35,26,22,92,4,18,22,114
11/19/2002,HLN,MT,ANM,WE,Combination Non-Radar Approach Control & Tower w/o Radar,11,41,6,6,64,0,9,34,8,51,11,50,40,14,115,8,16,24,139
11/20/2002,HLN,MT,ANM,WE,Combination Non-Radar Approach Control & Tower w/o Radar,11,37,15,2,65,0,7,38,13,58,11,44,53,15,123,38,14,52,175
11/21/2002,HLN,MT,ANM,WE,Combination Non-Radar Approach Control & Tower w/o Radar,10,43,13,2,68,0,1,82,12,95,10,44,95,14,163,120,0,120,283
11/22/2002,HLN,MT,ANM,WE,Combination Non-Radar Approach Control & Tower w/o Radar,12,45,4,2,63,0,6,45,28,79,12,51,49,30,142,18,30,48,190
11/23/2002,HLN,MT,ANM,WE,Combination Non-Radar Approach Control & Tower w/o Radar,11,18,0,0,29,0,0,0,0,0,11,18,0,0,29,0,0,0,29
11/24/2002,HLN,MT,ANM,WE,Combination Non-Radar Approach Control & Tower w/o Radar,9,8,4,3,24,0,0,50,4,54,9,8,54,7,78,38,0,38,116
11/25/2002,HLN,MT,ANM,WE,Combination Non-Radar Approach Control & Tower w/o Radar,10,26,12,4,52,0,13,34,7,54,10,39,46,11,106,24,4,28,134
11/26/2002,HLN,MT,ANM,WE,Combination Non-Radar Approach Control & Tower w/o Radar,12,39,9,8,68,0,7,71,10,88,12,46,80,18,156,40,36,76,232
11/27/2002,HLN,MT,ANM,WE,Combination Non-Radar Approach Control & Tower w/o Radar,12,43,9,4,68,0,2,18,7,27,12,45,27,11,95,10,16,26,121
11/28/2002,HLN,MT,ANM,WE,Combination Non-Radar Approach Control & Tower w/o Radar,5,11,2,0,18,0,3,0,0,3,5,14,2,0,21,0,0,0,21
11/29/2002,HLN,MT,ANM,WE,Combination Non-Radar Approach Control & Tower w/o Radar,6,34,1,0,41,0,1,35,0,36,6,35,36,0,77,42,0,42,119
11/30/2002,HLN,MT,ANM,WE,Combination Non-Radar Approach Control & Tower w/o Radar,12,16,3,0,31,0,0,42,0,42,12,16,45,0,73,64,0,64,137
12/01/2002,HLN,MT,ANM,WE,Combination Non-Radar Approach Control & Tower w/o Radar,4,0,2,0,6,0,0,1,0,1,4,0,3,0,7,0,0,0,7
12/02/2002,HLN,MT,ANM,WE,Combination Non-Radar Approach Control & Tower w/o Radar,10,29,12,2,53,0,9,30,9,48,10,38,42,11,101,44,6,50,151
12/03/2002,HLN,MT,ANM,WE,Combination Non-Radar Approach Control & Tower w/o Radar,12,47,5,5,69,0,6,4,0,10,12,53,9,5,79,6,6,12,91
12/04/2002,HLN,MT,ANM,WE,Combination Non-Radar Approach Control & Tower w/o Radar,12,45,10,1,68,0,3,21,0,24,12,48,31,1,92,24,0,24,116
12/05/2002,HLN,MT,ANM,WE,Combination Non-Radar Approach Control & Tower w/o Radar,11,53,11,4,79,0,5,63,23,91,11,58,74,27,170,74,20,94,264
12/06/2002,HLN,MT,ANM,WE,Combination Non-Radar Approach Control & Tower w/o Radar,16,39,7,0,62,1,6,61,25,93,17,45,68,25,155,38,14,52,207
12/07/2002,HLN,MT,ANM,WE,Combination Non-Radar Approach Control & Tower w/o Radar,12,17,6,0,35,0,1,8,22,31,12,18,14,22,66,34,32,66,132
12/08/2002,HLN,MT,ANM,WE,Combination Non-Radar Approach Control & Tower w/o Radar,8,10,6,2,26,0,5,17,0,22,8,15,23,2,48,12,0,12,60
12/09/2002,HLN,MT,ANM,WE,Combination Non-Radar Approach Control & Tower w/o Radar,9,30,6,3,48,0,2,34,8,44,9,32,40,11,92,20,22,42,134
12/10/2002,HLN,MT,ANM,WE,Combination Non-Radar Approach Control & Tower w/o Radar,12,39,21,6,78,0,8,27,12,47,12,47,48,18,125,32,40,72,197
12/11/2002,HLN,MT,ANM,WE,Combination Non-Radar Approach Control & Tower w/o Radar,11,33,14,7,65,0,14,33,22,69,11,47,47,29,134,74,28,102,236
12/12/2002,HLN,MT,ANM,WE,Combination Non-Radar Approach Control & Tower w/o Radar,9,40,14,3,66,0,6,29,27,62,9,46,43,30,128,16,24,40,168
12/13/2002,HLN,MT,ANM,WE,Combination Non-Radar Approach Control & Tower w/o Radar,10,36,5,3,54,0,7,38,21,66,10,43,43,24,120,32,18,50,170
12/14/2002,HLN,MT,ANM,WE,Combination Non-Radar Approach Control & Tower w/o Radar,11,18,0,2,31,0,2,26,12,40,11,20,26,14,71,24,18,42,113
12/15/2002,HLN,MT,ANM,WE,Combination Non-Radar Approach Control & Tower w/o Radar,8,4,9,2,23,0,2,23,0,25,8,6,32,2,48,16,0,16,64
12/16/2002,HLN,MT,ANM,WE,Combination Non-Radar Approach Control & Tower w/o Radar,9,27,2,5,43,0,10,26,9,45,9,37,28,14,88,2,28,30,118
12/17/2002,HLN,MT,ANM,WE,Combination Non-Radar Approach Control & Tower w/o Radar,9,37,5,13,64,0,8,48,9,65,9,45,53,22,129,68,44,112,241
12/18/2002,HLN,MT,ANM,WE,Combination Non-Radar Approach Control & Tower w/o Radar,11,40,8,14,73,0,10,47,14,71,11,50,55,28,144,78,22,100,244
12/19/2002,HLN,MT,ANM,WE,Combination Non-Radar Approach Control & Tower w/o Radar,9,32,5,9,55,0,19,64,17,100,9,51,69,26,155,78,36,114,269
12/20/2002,HLN,MT,ANM,WE,Combination Non-Radar Approach Control & Tower w/o Radar,11,43,6,5,65,0,3,38,15,56,11,46,44,20,121,36,68,104,225
12/21/2002,HLN,MT,ANM,WE,Combination Non-Radar Approach Control & Tower w/o Radar,8,22,7,0,37,0,0,29,0,29,8,22,36,0,66,100,0,100,166
12/22/2002,HLN,MT,ANM,WE,Combination Non-Radar Approach Control & Tower w/o Radar,9,7,0,0,16,0,1,23,2,26,9,8,23,2,42,28,0,28,70
12/23/2002,HLN,MT,ANM,WE,Combination Non-Radar Approach Control & Tower w/o Radar,8,25,8,6,47,0,8,10,4,22,8,33,18,10,69,16,20,36,105
12/24/2002,HLN,MT,ANM,WE,Combination Non-Radar Approach Control & Tower w/o Radar,9,35,12,0,56,0,6,32,0,38,9,41,44,0,94,26,0,26,120
12/25/2002,HLN,MT,ANM,WE,Combination Non-Radar Approach Control & Tower w/o Radar,9,10,3,0,22,0,0,11,0,11,9,10,14,0,33,30,0,30,63
12/26/2002,HLN,MT,ANM,WE,Combination Non-Radar Approach Control & Tower w/o Radar,9,26,3,3,41,0,19,46,1,66,9,45,49,4,107,80,18,98,205
12/27/2002,HLN,MT,ANM,WE,Combination Non-Radar Approach Control & Tower w/o Radar,9,40,4,0,53,0,5,30,7,42,9,45,34,7,95,44,6,50,145
12/28/2002,HLN,MT,ANM,WE,Combination Non-Radar Approach Control & Tower w/o Radar,9,22,0,0,31,0,0,21,0,21,9,22,21,0,52,50,0,50,102
12/29/2002,HLN,MT,ANM,WE,Combination Non-Radar Approach Control & Tower w/o Radar,8,9,0,0,17,0,0,42,0,42,8,9,42,0,59,18,0,18,77
12/30/2002,HLN,MT,ANM,WE,Combination Non-Radar Approach Control & Tower w/o Radar,7,27,6,2,42,0,9,34,8,51,7,36,40,10,93,74,6,80,173
12/31/2002,HLN,MT,ANM,WE,Combination Non-Radar Approach Control & Tower w/o Radar,10,36,10,2,58,0,3,36,4,43,10,39,46,6,101,70,12,82,183
01/01/2003,HLN,MT,ANM,WE,Combination Non-Radar Approach Control & Tower w/o Radar,9,17,4,0,30,0,4,65,0,69,9,21,69,0,99,50,0,50,149
01/02/2003,HLN,MT,ANM,WE,Combination Non-Radar Approach Control & Tower w/o Radar,9,31,9,4,53,0,8,32,5,45,9,39,41,9,98,22,34,56,154
01/03/2003,HLN,MT,ANM,WE,Combination Non-Radar Approach Control & Tower w/o Radar,9,31,8,0,48,0,7,17,32,56,9,38,25,32,104,16,46,62,166
01/04/2003,HLN,MT,ANM,WE,Combination Non-Radar Approach Control & Tower w/o Radar,6,18,3,2,29,0,0,0,0,0,6,18,3,2,29,42,0,42,71
01/05/2003,HLN,MT,ANM,WE,Combination Non-Radar Approach Control & Tower w/o Radar,8,10,1,2,21,0,2,34,0,36,8,12,35,2,57,4,0,4,61
01/06/2003,HLN,MT,ANM,WE,Combination Non-Radar Approach Control & Tower w/o Radar,8,24,8,10,50,0,8,61,17,86,8,32,69,27,136,90,34,124,260
01/07/2003,HLN,MT,ANM,WE,Combination Non-Radar Approach Control & Tower w/o Radar,8,30,13,9,60,0,11,75,11,97,8,41,88,20,157,84,28,112,269
01/08/2003,HLN,MT,ANM,WE,Combination Non-Radar Approach Control & Tower w/o Radar,10,37,18,2,67,0,11,49,14,74,10,48,67,16,141,78,10,88,229
01/09/2003,HLN,MT,ANM,WE,Combination Non-Radar Approach Control & Tower w/o Radar,8,32,5,4,49,2,8,35,14,59,10,40,40,18,108,8,2,10,118
01/10/2003,HLN,MT,ANM,WE,Combination Non-Radar Approach Control & Tower w/o Radar,10,31,6,3,50,0,14,57,25,96,10,45,63,28,146,60,36,96,242
01/11/2003,HLN,MT,ANM,WE,Combination Non-Radar Approach Control & Tower w/o Radar,6,20,9,3,38,0,1,42,13,56,6,21,51,16,94,84,34,118,212
01/12/2003,HLN,MT,ANM,WE,Combination Non-Radar Approach Control & Tower w/o Radar,8,8,3,0,19,0,0,36,0,36,8,8,39,0,55,40,0,40,95
01/13/2003,HLN,MT,ANM,WE,Combination Non-Radar Approach Control & Tower w/o Radar,7,31,3,9,50,0,5,23,11,39,7,36,26,20,89,12,26,38,127
01/14/2003,HLN,MT,ANM,WE,Combination Non-Radar Approach Control & Tower w/o Radar,9,43,11,6,69,0,2,26,8,36,9,45,37,14,105,10,78,88,193
01/15/2003,HLN,MT,ANM,WE,Combination Non-Radar Approach Control & Tower w/o Radar,10,36,12,3,61,0,12,49,18,79,10,48,61,21,140,18,56,74,214
01/16/2003,HLN,MT,ANM,WE,Combination Non-Radar Approach Control & Tower w/o Radar,10,33,7,6,56,0,2,29,6,37,10,35,36,12,93,44,69,113,206
01/17/2003,HLN,MT,ANM,WE,Combination Non-Radar Approach Control & Tower w/o Radar,10,27,21,6,64,0,8,13,2,23,10,35,34,8,87,8,14,22,109
01/18/2003,HLN,MT,ANM,WE,Combination Non-Radar Approach Control & Tower w/o Radar,6,19,15,0,40,0,6,41,0,47,6,25,56,0,87,58,0,58,145
01/19/2003,HLN,MT,ANM,WE,Combination Non-Radar Approach Control & Tower w/o Radar,7,8,4,0,19,0,0,43,62,105,7,8,47,62,124,40,2,42,166
01/20/2003,HLN,MT,ANM,WE,Combination Non-Radar Approach Control & Tower w/o Radar,8,17,2,2,29,0,2,28,0,30,8,19,30,2,59,40,0,40,99
01/21/2003,HLN,MT,ANM,WE,Combination Non-Radar Approach Control & Tower w/o Radar,10,37,13,2,62,0,3,5,7,15,10,40,18,9,77,2,32,34,111
01/22/2003,HLN,MT,ANM,WE,Combination Non-Radar Approach Control & Tower w/o Radar,7,42,4,0,53,0,1,1,0,2,7,43,5,0,55,0,0,0,55
01/23/2003,HLN,MT,ANM,WE,Combination Non-Radar Approach Control & Tower w/o Radar,10,42,3,3,58,0,1,21,10,32,10,43,24,13,90,14,40,54,144
01/24/2003,HLN,MT,ANM,WE,Combination Non-Radar Approach Control & Tower w/o Radar,12,31,8,4,55,0,5,30,9,44,12,36,38,13,99,14,30,44,143
01/25/2003,HLN,MT,ANM,WE,Combination Non-Radar Approach Control & Tower w/o Radar,11,14,10,6,41,0,2,14,22,38,11,16,24,28,79,40,20,60,139
01/26/2003,HLN,MT,ANM,WE,Combination Non-Radar Approach Control & Tower w/o Radar,8,10,2,1,21,0,0,13,0,13,8,10,15,1,34,6,2,8,42
01/27/2003,HLN,MT,ANM,WE,Combination Non-Radar Approach Control & Tower w/o Radar,8,38,8,3,57,0,4,39,4,47,8,42,47,7,104,60,4,64,168
01/28/2003,HLN,MT,ANM,WE,Combination Non-Radar Approach Control & Tower w/o Radar,9,46,12,6,73,0,12,40,10,62,9,58,52,16,135,98,8,106,241
01/29/2003,HLN,MT,ANM,WE,Combination Non-Radar Approach Control & Tower w/o Radar,12,41,11,10,74,0,12,62,5,79,12,53,73,15,153,82,16,98,251
01/30/2003,HLN,MT,ANM,WE,Combination Non-Radar Approach Control & Tower w/o Radar,10,43,15,4,72,0,8,19,14,41,10,51,34,18,113,34,30,64,177
01/31/2003,HLN,MT,ANM,WE,Combination Non-Radar Approach Control & Tower w/o Radar,4,42,13,0,59,0,7,39,40,86,4,49,52,40,145,54,82,136,281
02/01/2003,HLN,MT,ANM,WE,Combination Non-Radar Approach Control & Tower w/o Radar,3,19,7,8,37,0,5,14,34,53,3,24,21,42,90,64,60,124,214
02/02/2003,HLN,MT,ANM,WE,Combination Non-Radar Approach Control & Tower w/o Radar,7,14,1,3,25,0,0,33,11,44,7,14,34,14,69,82,12,94,163
02/03/2003,HLN,MT,ANM,WE,Combination Non-Radar Approach Control & Tower w/o Radar,5,33,3,5,46,0,0,14,7,21,5,33,17,12,67,38,46,84,151
02/04/2003,HLN,MT,ANM,WE,Combination Non-Radar Approach Control & Tower w/o Radar,8,43,11,7,69,0,1,18,11,30,8,44,29,18,99,52,18,70,169
02/05/2003,HLN,MT,ANM,WE,Combination Non-Radar Approach Control & Tower w/o Radar,8,44,5,1,58,0,1,5,6,12,8,45,10,7,70,28,22,50,120
02/06/2003,HLN,MT,ANM,WE,Combination Non-Radar Approach Control & Tower w/o Radar,8,41,14,3,66,0,8,30,17,55,8,49,44,20,121,28,18,46,167
02/07/2003,HLN,MT,ANM,WE,Combination Non-Radar Approach Control & Tower w/o Radar,8,34,11,3,56,0,2,22,19,43,8,36,33,22,99,34,24,58,157
02/08/2003,HLN,MT,ANM,WE,Combination Non-Radar Approach Control & Tower w/o Radar,4,14,10,0,28,0,2,8,1,11,4,16,18,1,39,78,0,78,117
02/09/2003,HLN,MT,ANM,WE,Combination Non-Radar Approach Control & Tower w/o Radar,6,12,2,2,22,0,0,8,0,8,6,12,10,2,30,8,0,8,38
02/10/2003,HLN,MT,ANM,WE,Combination Non-Radar Approach Control & Tower w/o Radar,6,30,8,0,44,0,0,30,14,44,6,30,38,14,88,70,30,100,188
02/11/2003,HLN,MT,ANM,WE,Combination Non-Radar Approach Control & Tower w/o Radar,8,39,11,3,61,0,12,41,20,73,8,51,52,23,134,52,24,76,210
02/12/2003,HLN,MT,ANM,WE,Combination Non-Radar Approach Control & Tower w/o Radar,8,32,5,3,48,0,13,74,10,97,8,45,79,13,145,74,10,84,229
02/13/2003,HLN,MT,ANM,WE,Combination Non-Radar Approach Control & Tower w/o Radar,8,35,6,5,54,0,19,45,7,71,8,54,51,12,125,38,12,50,175
02/14/2003,HLN,MT,ANM,WE,Combination Non-Radar Approach Control & Tower w/o Radar,7,43,10,3,63,0,0,29,18,47,7,43,39,21,110,86,20,106,216
02/15/2003,HLN,MT,ANM,WE,Combination Non-Radar Approach Control & Tower w/o Radar,10,12,8,0,30,0,10,42,0,52,10,22,50,0,82,58,0,58,140
02/16/2003,HLN,MT,ANM,WE,Combination Non-Radar Approach Control & Tower w/o Radar,6,10,0,0,16,0,0,32,0,32,6,10,32,0,48,48,0,48,96
02/17/2003,HLN,MT,ANM,WE,Combination Non-Radar Approach Control & Tower w/o Radar,6,20,3,4,33,0,11,9,0,20,6,31,12,4,53,20,0,20,73
02/18/2003,HLN,MT,ANM,WE,Combination Non-Radar Approach Control & Tower w/o Radar,8,29,12,3,52,0,13,44,11,68,8,42,56,14,120,92,24,116,236
02/19/2003,HLN,MT,ANM,WE,Combination Non-Radar Approach Control & Tower w/o Radar,8,30,8,2,48,0,12,68,9,89,8,42,76,11,137,80,20,100,237
02/20/2003,HLN,MT,ANM,WE,Combination Non-Radar Approach Control & Tower w/o Radar,8,44,11,2,65,0,2,57,9,68,8,46,68,11,133,70,10,80,213
02/21/2003,HLN,MT,ANM,WE,Combination Non-Radar Approach Control & Tower w/o Radar,9,39,5,2,55,0,5,28,11,44,9,44,33,13,99,52,50,102,201
02/22/2003,HLN,MT,ANM,WE,Combination Non-Radar Approach Control & Tower w/o Radar,7,18,4,0,29,0,0,4,4,8,7,18,8,4,37,24,20,44,81
02/23/2003,HLN,MT,ANM,WE,Combination Non-Radar Approach Control & Tower w/o Radar,3,10,3,0,16,3,0,10,0,13,6,10,13,0,29,0,0,0,29
02/24/2003,HLN,MT,ANM,WE,Combination Non-Radar Approach Control & Tower w/o Radar,6,23,13,4,46,0,5,45,1,51,6,28,58,5,97,6,16,22,119
02/25/2003,HLN,MT,ANM,WE,Combination Non-Radar Approach Control & Tower w/o Radar,7,32,8,3,50,0,18,32,13,63,7,50,40,16,113,30,36,66,179
02/26/2003,HLN,MT,ANM,WE,Combination Non-Radar Approach Control & Tower w/o Radar,7,21,4,4,36,0,32,34,9,75,7,53,38,13,111,6,14,20,131
02/27/2003,HLN,MT,ANM,WE,Combination Non-Radar Approach Control & Tower w/o Radar,8,32,6,1,47,0,12,36,6,54,8,44,42,7,101,44,20,64,165
02/28/2003,HLN,MT,ANM,WE,Combination Non-Radar Approach Control & Tower w/o Radar,9,36,7,0,52,0,7,21,15,43,9,43,28,15,95,26,6,32,127
03/01/2003,HLN,MT,ANM,WE,Combination Non-Radar Approach Control & Tower w/o Radar,6,15,3,0,24,1,4,24,0,29,7,19,27,0,53,50,0,50,103
03/02/2003,HLN,MT,ANM,WE,Combination Non-Radar Approach Control & Tower w/o Radar,3,10,5,2,20,1,0,7,0,8,4,10,12,2,28,6,0,6,34
03/03/2003,HLN,MT,ANM,WE,Combination Non-Radar Approach Control & Tower w/o Radar,6,30,5,1,42,0,1,7,3,11,6,31,12,4,53,16,12,28,81
03/04/2003,HLN,MT,ANM,WE,Combination Non-Radar Approach Control & Tower w/o Radar,6,43,5,3,57,0,2,12,0,14,6,45,17,3,71,8,0,8,79
03/05/2003,HLN,MT,ANM,WE,Combination Non-Radar Approach Control & Tower w/o Radar,7,42,13,0,62,0,5,8,5,18,7,47,21,5,80,4,6,10,90
03/06/2003,HLN,MT,ANM,WE,Combination Non-Radar Approach Control & Tower w/o Radar,7,45,3,0,55,0,1,14,10,25,7,46,17,10,80,0,0,0,80
03/07/2003,HLN,MT,ANM,WE,Combination Non-Radar Approach Control & Tower w/o Radar,6,35,7,0,48,0,1,0,0,1,6,36,7,0,49,0,0,0,49
03/08/2003,HLN,MT,ANM,WE,Combination Non-Radar Approach Control & Tower w/o Radar,7,16,4,0,27,0,1,0,0,1,7,17,4,0,28,0,0,0,28
03/09/2003,HLN,MT,ANM,WE,Combination Non-Radar Approach Control & Tower w/o Radar,6,12,1,2,21,0,1,3,13,17,6,13,4,15,38,0,24,24,62
03/10/2003,HLN,MT,ANM,WE,Combination Non-Radar Approach Control & Tower w/o Radar,7,30,2,2,41,0,2,8,4,14,7,32,10,6,55,0,4,4,59
03/11/2003,HLN,MT,ANM,WE,Combination Non-Radar Approach Control & Tower w/o Radar,8,43,6,2,59,0,5,19,1,25,8,48,25,3,84,10,0,10,94
03/12/2003,HLN,MT,ANM,WE,Combination Non-Radar Approach Control & Tower w/o Radar,10,38,9,2,59,0,11,16,4,31,10,49,25,6,90,24,0,24,114
03/13/2003,HLN,MT,ANM,WE,Combination Non-Radar Approach Control & Tower w/o Radar,7,41,3,0,51,0,7,24,11,42,7,48,27,11,93,22,12,34,127
03/14/2003,HLN,MT,ANM,WE,Combination Non-Radar Approach Control & Tower w/o Radar,7,38,9,2,56,0,3,60,6,69,7,41,69,8,125,100,16,116,241
03/15/2003,HLN,MT,ANM,WE,Combination Non-Radar Approach Control & Tower w/o Radar,6,22,5,0,33,5,0,55,0,60,11,22,60,0,93,32,0,32,125
03/16/2003,HLN,MT,ANM,WE,Combination Non-Radar Approach Control & Tower w/o Radar,8,8,5,2,23,0,2,17,0,19,8,10,22,2,42,14,0,14,56
03/17/2003,HLN,MT,ANM,WE,Combination Non-Radar Approach Control & Tower w/o Radar,6,30,3,12,51,0,5,64,20,89,6,35,67,32,140,70,70,140,280
03/18/2003,HLN,MT,ANM,WE,Combination Non-Radar Approach Control & Tower w/o Radar,6,46,10,4,66,0,9,53,19,81,6,55,63,23,147,50,20,70,217
03/19/2003,HLN,MT,ANM,WE,Combination Non-Radar Approach Control & Tower w/o Radar,8,35,7,2,52,0,14,70,17,101,8,49,77,19,153,68,20,88,241
03/20/2003,HLN,MT,ANM,WE,Combination Non-Radar Approach Control & Tower w/o Radar,8,40,10,0,58,0,13,62,24,99,8,53,72,24,157,92,28,120,277
03/21/2003,HLN,MT,ANM,WE,Combination Non-Radar Approach Control & Tower w/o Radar,7,37,5,4,53,0,3,80,15,98,7,40,85,19,151,78,20,98,249
03/22/2003,HLN,MT,ANM,WE,Combination Non-Radar Approach Control & Tower w/o Radar,9,13,9,9,40,0,5,35,20,60,9,18,44,29,100,64,22,86,186
03/23/2003,HLN,MT,ANM,WE,Combination Non-Radar Approach Control & Tower w/o Radar,6,12,1,0,19,0,0,2,6,8,6,12,3,6,27,0,16,16,43
03/24/2003,HLN,MT,ANM,WE,Combination Non-Radar Approach Control & Tower w/o Radar,6,23,9,6,44,0,22,23,2,47,6,45,32,8,91,14,24,38,129
03/25/2003,HLN,MT,ANM,WE,Combination Non-Radar Approach Control & Tower w/o Radar,9,39,11,1,60,0,9,38,9,56,9,48,49,10,116,20,20,40,156
03/26/2003,HLN,MT,ANM,WE,Combination Non-Radar Approach Control & Tower w/o Radar,7,38,15,3,63,0,8,27,8,43,7,46,42,11,106,24,10,34,140
03/27/2003,HLN,MT,ANM,WE,Combination Non-Radar Approach Control & Tower w/o Radar,7,41,13,3,64,0,0,18,10,28,7,41,31,13,92,20,22,42,134
03/28/2003,HLN,MT,ANM,WE,Combination Non-Radar Approach Control & Tower w/o Radar,7,38,20,2,67,0,7,73,12,92,7,45,93,14,159,88,20,108,267
03/29/2003,HLN,MT,ANM,WE,Combination Non-Radar Approach Control & Tower w/o Radar,9,19,4,1,33,0,6,73,0,79,9,25,77,1,112,28,0,28,140
03/30/2003,HLN,MT,ANM,WE,Combination Non-Radar Approach Control & Tower w/o Radar,6,10,1,0,17,0,1,27,1,29,6,11,28,1,46,16,0,16,62
03/31/2003,HLN,MT,ANM,WE,Combination Non-Radar Approach Control & Tower w/o Radar,6,29,4,1,40,0,9,27,26,62,6,38,31,27,102,26,8,34,136
04/01/2003,HLN,MT,ANM,WE,Combination Non-Radar Approach Control & Tower w/o Radar,8,44,8,7,67,0,2,19,2,23,8,46,27,9,90,2,6,8,98
04/02/2003,HLN,MT,ANM,WE,Combination Non-Radar Approach Control & Tower w/o Radar,8,42,8,1,59,0,7,0,1,8,8,49,8,2,67,0,0,0,67
04/03/2003,HLN,MT,ANM,WE,Combination Non-Radar Approach Control & Tower w/o Radar,8,47,9,5,69,0,2,18,2,22,8,49,27,7,91,8,12,20,111
04/04/2003,HLN,MT,ANM,WE,Combination Non-Radar Approach Control & Tower w/o Radar,7,35,6,9,57,0,6,54,14,74,7,41,60,23,131,92,38,130,261
04/05/2003,HLN,MT,ANM,WE,Combination Non-Radar Approach Control & Tower w/o Radar,10,15,1,14,40,0,6,45,27,78,10,21,46,41,118,72,40,112,230
04/06/2003,HLN,MT,ANM,WE,Combination Non-Radar Approach Control & Tower w/o Radar,6,11,9,2,28,0,0,24,14,38,6,11,33,16,66,30,4,34,100
04/07/2003,HLN,MT,ANM,WE,Combination Non-Radar Approach Control & Tower w/o Radar,6,29,3,3,41,0,19,55,12,86,6,48,58,15,127,84,24,108,235
04/08/2003,HLN,MT,ANM,WE,Combination Non-Radar Approach Control & Tower w/o Radar,8,39,4,0,51,0,10,53,7,70,8,49,57,7,121,116,4,120,241
04/09/2003,HLN,MT,ANM,WE,Combination Non-Radar Approach Control & Tower w/o Radar,8,31,3,0,42,0,15,41,4,60,8,46,44,4,102,22,0,22,124
04/10/2003,HLN,MT,ANM,WE,Combination Non-Radar Approach Control & Tower w/o Radar,8,39,8,2,57,0,15,53,7,75,8,54,61,9,132,72,0,72,204
04/11/2003,HLN,MT,ANM,WE,Combination Non-Radar Approach Control & Tower w/o Radar,8,39,4,0,51,0,9,64,3,76,8,48,68,3,127,70,0,70,197
04/12/2003,HLN,MT,ANM,WE,Combination Non-Radar Approach Control & Tower w/o Radar,9,15,5,1,30,0,10,43,1,54,9,25,48,2,84,36,10,46,130
04/13/2003,HLN,MT,ANM,WE,Combination Non-Radar Approach Control & Tower w/o Radar,6,11,2,0,19,0,0,44,13,57,6,11,46,13,76,86,0,86,162
04/14/2003,HLN,MT,ANM,WE,Combination Non-Radar Approach Control & Tower w/o Radar,6,31,10,0,47,0,10,39,11,60,6,41,49,11,107,102,8,110,217
04/15/2003,HLN,MT,ANM,WE,Combination Non-Radar Approach Control & Tower w/o Radar,8,41,9,0,58,0,2,16,8,26,8,43,25,8,84,6,18,24,108
04/16/2003,HLN,MT,ANM,WE,Combination Non-Radar Approach Control & Tower w/o Radar,8,36,17,3,64,0,2,47,8,57,8,38,64,11,121,70,34,104,225
04/17/2003,HLN,MT,ANM,WE,Combination Non-Radar Approach Control & Tower w/o Radar,8,38,14,8,68,0,3,28,8,39,8,41,42,16,107,38,40,78,185
04/18/2003,HLN,MT,ANM,WE,Combination Non-Radar Approach Control & Tower w/o Radar,8,41,3,5,57,0,0,8,4,12,8,41,11,9,69,0,2,2,71
04/19/2003,HLN,MT,ANM,WE,Combination Non-Radar Approach Control & Tower w/o Radar,9,15,10,1,35,0,0,56,5,61,9,15,66,6,96,76,12,88,184
04/20/2003,HLN,MT,ANM,WE,Combination Non-Radar Approach Control & Tower w/o Radar,6,7,7,0,20,0,4,56,0,60,6,11,63,0,80,42,0,42,122
04/21/2003,HLN,MT,ANM,WE,Combination Non-Radar Approach Control & Tower w/o Radar,6,26,8,4,44,0,12,64,6,82,6,38,72,10,126,90,0,90,216
04/22/2003,HLN,MT,ANM,WE,Combination Non-Radar Approach Control & Tower w/o Radar,8,37,6,3,54,0,16,67,7,90,8,53,73,10,144,56,22,78,222
04/23/2003,HLN,MT,ANM,WE,Combination Non-Radar Approach Control & Tower w/o Radar,8,44,19,1,72,0,0,13,2,15,8,44,32,3,87,38,0,38,125
04/24/2003,HLN,MT,ANM,WE,Combination Non-Radar Approach Control & Tower w/o Radar,8,43,16,2,69,0,5,33,7,45,8,48,49,9,114,60,0,60,174
04/25/2003,HLN,MT,ANM,WE,Combination Non-Radar Approach Control & Tower w/o Radar,8,43,7,2,60,0,0,26,14,40,8,43,33,16,100,60,0,60,160
04/26/2003,HLN,MT,ANM,WE,Combination Non-Radar Approach Control & Tower w/o Radar,9,15,5,0,29,0,1,33,2,36,9,16,38,2,65,20,6,26,91
04/27/2003,HLN,MT,ANM,WE,Combination Non-Radar Approach Control & Tower w/o Radar,7,10,6,2,25,0,0,41,2,43,7,10,47,4,68,60,0,60,128
04/28/2003,HLN,MT,ANM,WE,Combination Non-Radar Approach Control & Tower w/o Radar,8,32,8,2,50,0,3,23,0,26,8,35,31,2,76,14,0,14,90
04/29/2003,HLN,MT,ANM,WE,Combination Non-Radar Approach Control & Tower w/o Radar,7,41,2,0,50,0,4,8,15,27,7,45,10,15,77,28,22,50,127
04/30/2003,HLN,MT,ANM,WE,Combination Non-Radar Approach Control & Tower w/o Radar,9,50,7,7,73,0,4,8,4,16,9,54,15,11,89,16,8,24,113
05/01/2003,HLN,MT,ANM,WE,Combination Non-Radar Approach Control & Tower w/o Radar,7,47,13,3,70,0,4,25,9,38,7,51,38,12,108,56,6,62,170
05/02/2003,HLN,MT,ANM,WE,Combination Non-Radar Approach Control & Tower w/o Radar,8,35,6,4,53,0,10,69,18,97,8,45,75,22,150,104,10,114,264
05/03/2003,HLN,MT,ANM,WE,Combination Non-Radar Approach Control & Tower w/o Radar,9,16,4,5,34,0,11,42,17,70,9,27,46,22,104,40,66,106,210
05/04/2003,HLN,MT,ANM,WE,Combination Non-Radar Approach Control & Tower w/o Radar,6,15,7,3,31,0,1,17,4,22,6,16,24,7,53,26,0,26,79
05/05/2003,HLN,MT,ANM,WE,Combination Non-Radar Approach Control & Tower w/o Radar,6,28,2,2,38,0,5,28,7,40,6,33,30,9,78,38,4,42,120
05/06/2003,HLN,MT,ANM,WE,Combination Non-Radar Approach Control & Tower w/o Radar,8,43,13,7,71,0,7,22,6,35,8,50,35,13,106,44,8,52,158
05/07/2003,HLN,MT,ANM,WE,Combination Non-Radar Approach Control & Tower w/o Radar,8,40,12,4,64,0,9,48,7,64,8,49,60,11,128,24,6,30,158
05/08/2003,HLN,MT,ANM,WE,Combination Non-Radar Approach Control & Tower w/o Radar,8,38,12,3,61,0,4,45,7,56,8,42,57,10,117,30,2,32,149
05/09/2003,HLN,MT,ANM,WE,Combination Non-Radar Approach Control & Tower w/o Radar,8,46,5,1,60,0,4,20,20,44,8,50,25,21,104,32,18,50,154
05/10/2003,HLN,MT,ANM,WE,Combination Non-Radar Approach Control & Tower w/o Radar,9,20,6,0,35,0,2,23,10,35,9,22,29,10,70,38,0,38,108
05/11/2003,HLN,MT,ANM,WE,Combination Non-Radar Approach Control & Tower w/o Radar,6,10,3,0,19,0,3,51,0,54,6,13,54,0,73,20,0,20,93
05/12/2003,HLN,MT,ANM,WE,Combination Non-Radar Approach Control & Tower w/o Radar,6,31,5,2,44,0,1,22,9,32,6,32,27,11,76,24,12,36,112
05/13/2003,HLN,MT,ANM,WE,Combination Non-Radar Approach Control & Tower w/o Radar,8,40,14,2,64,0,8,41,5,54,8,48,55,7,118,52,2,54,172
05/14/2003,HLN,MT,ANM,WE,Combination Non-Radar Approach Control & Tower w/o Radar,8,27,10,3,48,0,14,82,9,105,8,41,92,12,153,140,10,150,303
05/15/2003,HLN,MT,ANM,WE,Combination Non-Radar Approach Control & Tower w/o Radar,8,36,10,4,58,0,12,49,11,72,8,48,59,15,130,32,24,56,186
05/16/2003,HLN,MT,ANM,WE,Combination Non-Radar Approach Control & Tower w/o Radar,8,37,8,4,57,0,11,49,24,84,8,48,57,28,141,70,30,100,241
05/17/2003,HLN,MT,ANM,WE,Combination Non-Radar Approach Control & Tower w/o Radar,9,16,9,0,34,0,3,44,6,53,9,19,53,6,87,92,4,96,183
05/18/2003,HLN,MT,ANM,WE,Combination Non-Radar Approach Control & Tower w/o Radar,6,14,2,0,22,0,0,9,0,9,6,14,11,0,31,12,0,12,43
05/19/2003,HLN,MT,ANM,WE,Combination Non-Radar Approach Control & Tower w/o Radar,6,26,12,5,49,0,13,57,6,76,6,39,69,11,125,50,16,66,191
05/20/2003,HLN,MT,ANM,WE,Combination Non-Radar Approach Control & Tower w/o Radar,8,35,4,3,50,0,18,63,8,89,8,53,67,11,139,66,0,66,205
05/21/2003,HLN,MT,ANM,WE,Combination Non-Radar Approach Control & Tower w/o Radar,8,38,8,1,55,0,6,31,10,47,8,44,39,11,102,50,0,50,152
05/22/2003,HLN,MT,ANM,WE,Combination Non-Radar Approach Control & Tower w/o Radar,8,40,5,5,58,0,11,85,7,103,8,51,90,12,161,70,10,80,241
05/23/2003,HLN,MT,ANM,WE,Combination Non-Radar Approach Control & Tower w/o Radar,8,33,4,2,47,0,3,91,17,111,8,36,95,19,158,120,2,122,280
05/24/2003,HLN,MT,ANM,WE,Combination Non-Radar Approach Control & Tower w/o Radar,9,12,4,0,25,0,8,76,0,84,9,20,80,0,109,70,0,70,179
05/25/2003,HLN,MT,ANM,WE,Combination Non-Radar Approach Control & Tower w/o Radar,6,12,2,0,20,0,2,40,0,42,6,14,42,0,62,24,0,24,86
05/26/2003,HLN,MT,ANM,WE,Combination Non-Radar Approach Control & Tower w/o Radar,6,14,5,0,25,0,2,41,0,43,6,16,46,0,68,26,0,26,94
05/27/2003,HLN,MT,ANM,WE,Combination Non-Radar Approach Control & Tower w/o Radar,8,27,5,1,41,0,17,49,9,75,8,44,54,10,116,62,16,78,194
05/28/2003,HLN,MT,ANM,WE,Combination Non-Radar Approach Control & Tower w/o Radar,7,33,10,4,54,0,14,69,7,90,7,47,79,11,144,74,4,78,222
05/29/2003,HLN,MT,ANM,WE,Combination Non-Radar Approach Control & Tower w/o Radar,8,31,6,1,46,0,12,66,5,83,8,43,72,6,129,66,14,80,209
05/30/2003,HLN,MT,ANM,WE,Combination Non-Radar Approach Control & Tower w/o Radar,10,41,13,2,66,0,14,84,21,119,10,55,97,23,185,58,30,88,273
05/31/2003,HLN,MT,ANM,WE,Combination Non-Radar Approach Control & Tower w/o Radar,8,19,10,0,37,0,6,59,0,65,8,25,69,0,102,54,0,54,156
06/01/2003,HLN,MT,ANM,WE,Combination Non-Radar Approach Control & Tower w/o Radar,8,10,4,4,26,1,9,21,0,31,9,19,25,4,57,0,0,0,57
06/02/2003,HLN,MT,ANM,WE,Combination Non-Radar Approach Control & Tower w/o Radar,7,25,8,2,42,0,12,37,8,57,7,37,45,10,99,26,0,26,125
06/03/2003,HLN,MT,ANM,WE,Combination Non-Radar Approach Control & Tower w/o Radar,8,31,10,2,51,0,19,28,6,53,8,50,38,8,104,46,0,46,150
06/04/2003,HLN,MT,ANM,WE,Combination Non-Radar Approach Control & Tower w/o Radar,8,34,14,2,58,0,10,64,0,74,8,44,78,2,132,70,0,70,202
06/05/2003,HLN,MT,ANM,WE,Combination Non-Radar Approach Control & Tower w/o Radar,8,36,16,0,60,0,12,66,18,96,8,48,82,18,156,76,0,76,232
06/06/2003,HLN,MT,ANM,WE,Combination Non-Radar Approach Control & Tower w/o Radar,7,40,12,8,67,0,4,54,18,76,7,44,66,26,143,84,40,124,267
06/07/2003,HLN,MT,ANM,WE,Combination Non-Radar Approach Control & Tower w/o Radar,8,12,6,1,27,1,2,77,13,93,9,14,83,14,120,44,32,76,196
06/08/2003,HLN,MT,ANM,WE,Combination Non-Radar Approach Control & Tower w/o Radar,8,10,2,7,27,1,6,85,4,96,9,16,87,11,123,36,16,52,175
06/09/2003,HLN,MT,ANM,WE,Combination Non-Radar Approach Control & Tower w/o Radar,9,27,10,3,49,0,11,44,4,59,9,38,54,7,108,88,24,112,220
06/10/2003,HLN,MT,ANM,WE,Combination Non-Radar Approach Control & Tower w/o Radar,10,35,10,0,55,0,18,40,7,65,10,53,50,7,120,92,20,112,232
06/11/2003,HLN,MT,ANM,WE,Combination Non-Radar Approach Control & Tower w/o Radar,10,35,11,3,59,0,12,59,7,78,10,47,70,10,137,32,16,48,185
06/12/2003,HLN,MT,ANM,WE,Combination Non-Radar Approach Control & Tower w/o Radar,9,34,10,2,55,0,17,92,20,129,9,51,102,22,184,92,30,122,306
06/13/2003,HLN,MT,ANM,WE,Combination Non-Radar Approach Control & Tower w/o Radar,11,29,1,2,43,0,12,55,8,75,11,41,56,10,118,124,8,132,250
06/14/2003,HLN,MT,ANM,WE,Combination Non-Radar Approach Control & Tower w/o Radar,10,14,7,0,31,0,6,80,26,112,10,20,87,26,143,78,2,80,223
06/15/2003,HLN,MT,ANM,WE,Combination Non-Radar Approach Control & Tower w/o Radar,9,11,0,3,23,0,6,60,1,67,9,17,60,4,90,46,0,46,136
06/16/2003,HLN,MT,ANM,WE,Combination Non-Radar Approach Control & Tower w/o Radar,9,20,4,2,35,0,11,70,15,96,9,31,74,17,131,62,14,76,207
06/17/2003,HLN,MT,ANM,WE,Combination Non-Radar Approach Control & Tower w/o Radar,9,30,4,3,46,0,9,76,12,97,9,39,80,15,143,138,30,168,311
06/18/2003,HLN,MT,ANM,WE,Combination Non-Radar Approach Control & Tower w/o Radar,11,35,17,2,65,0,15,84,7,106,11,50,101,9,171,92,4,96,267
06/19/2003,HLN,MT,ANM,WE,Combination Non-Radar Approach Control & Tower w/o Radar,10,32,15,5,62,0,11,56,19,86,10,43,71,24,148,46,18,64,212
06/20/2003,HLN,MT,ANM,WE,Combination Non-Radar Approach Control & Tower w/o Radar,9,35,5,3,52,0,10,53,15,78,9,45,58,18,130,64,4,68,198
06/21/2003,HLN,MT,ANM,WE,Combination Non-Radar Approach Control & Tower w/o Radar,11,18,12,4,45,0,6,34,7,47,11,24,46,11,92,66,0,66,158
06/22/2003,HLN,MT,ANM,WE,Combination Non-Radar Approach Control & Tower w/o Radar,8,13,7,2,30,0,2,36,0,38,8,15,43,2,68,16,4,20,88
06/23/2003,HLN,MT,ANM,WE,Combination Non-Radar Approach Control & Tower w/o Radar,9,27,8,0,44,0,2,68,19,89,9,29,76,19,133,134,22,156,289
06/24/2003,HLN,MT,ANM,WE,Combination Non-Radar Approach Control & Tower w/o Radar,10,38,9,0,57,0,6,36,3,45,10,44,45,3,102,84,38,122,224
06/25/2003,HLN,MT,ANM,WE,Combination Non-Radar Approach Control & Tower w/o Radar,10,32,9,1,52,0,12,63,21,96,10,44,72,22,148,80,10,90,238
06/26/2003,HLN,MT,ANM,WE,Combination Non-Radar Approach Control & Tower w/o Radar,11,31,9,4,55,0,13,79,24,116,11,44,88,28,171,48,52,100,271
06/27/2003,HLN,MT,ANM,WE,Combination Non-Radar Approach Control & Tower w/o Radar,10,25,14,4,53,0,23,79,26,128,10,48,93,30,181,72,32,104,285
06/28/2003,HLN,MT,ANM,WE,Combination Non-Radar Approach Control & Tower w/o Radar,10,13,6,5,34,0,3,75,8,86,10,16,81,13,120,48,26,74,194
06/29/2003,HLN,MT,ANM,WE,Combination Non-Radar Approach Control & Tower w/o Radar,10,10,3,0,23,0,4,53,0,57,10,14,56,0,80,16,0,16,96
06/30/2003,HLN,MT,ANM,WE,Combination Non-Radar Approach Control & Tower w/o Radar,9,25,8,7,49,0,8,70,7,85,9,33,78,14,134,94,32,126,260
07/01/2003,HLN,MT,ANM,WE,Combination Non-Radar Approach Control & Tower w/o Radar,10,30,8,3,51,0,14,66,7,87,10,44,74,10,138,70,14,84,222
07/02/2003,HLN,MT,ANM,WE,Combination Non-Radar Approach Control & Tower w/o Radar,8,32,13,1,54,1,15,70,0,86,9,47,83,1,140,68,0,68,208
07/03/2003,HLN,MT,ANM,WE,Combination Non-Radar Approach Control & Tower w/o Radar,8,30,3,1,42,1,14,46,13,74,9,44,49,14,116,56,2,58,174
07/04/2003,HLN,MT,ANM,WE,Combination Non-Radar Approach Control & Tower w/o Radar,6,16,2,0,24,1,3,53,6,63,7,19,55,6,87,16,8,24,111
07/05/2003,HLN,MT,ANM,WE,Combination Non-Radar Approach Control & Tower w/o Radar,9,11,2,0,22,0,1,46,0,47,9,12,48,0,69,26,0,26,95
07/06/2003,HLN,MT,ANM,WE,Combination Non-Radar Approach Control & Tower w/o Radar,10,10,2,1,23,0,6,89,5,100,10,16,91,6,123,36,0,36,159
07/07/2003,HLN,MT,ANM,WE,Combination Non-Radar Approach Control & Tower w/o Radar,10,24,4,0,38,0,14,74,0,88,10,38,78,0,126,92,0,92,218
07/08/2003,HLN,MT,ANM,WE,Combination Non-Radar Approach Control & Tower w/o Radar,10,36,8,1,55,0,11,68,4,83,10,47,76,5,138,94,8,102,240
07/09/2003,HLN,MT,ANM,WE,Combination Non-Radar Approach Control & Tower w/o Radar,9,32,11,2,54,0,16,117,14,147,9,48,128,16,201,106,12,118,319
07/10/2003,HLN,MT,ANM,WE,Combination Non-Radar Approach Control & Tower w/o Radar,10,33,3,3,49,0,13,120,5,138,10,46,123,8,187,186,8,194,381
07/11/2003,HLN,MT,ANM,WE,Combination Non-Radar Approach Control & Tower w/o Radar,10,30,6,5,51,0,10,90,10,110,10,40,96,15,161,94,12,106,267
07/12/2003,HLN,MT,ANM,WE,Combination Non-Radar Approach Control & Tower w/o Radar,10,15,5,1,31,0,1,113,13,127,10,16,118,14,158,46,0,46,204
07/13/2003,HLN,MT,ANM,WE,Combination Non-Radar Approach Control & Tower w/o Radar,9,13,4,3,29,0,2,89,0,91,9,15,93,3,120,30,0,30,150
07/14/2003,HLN,MT,ANM,WE,Combination Non-Radar Approach Control & Tower w/o Radar,9,25,5,2,41,0,5,60,8,73,9,30,65,10,114,96,2,98,212
07/15/2003,HLN,MT,ANM,WE,Combination Non-Radar Approach Control & Tower w/o Radar,10,36,3,0,49,0,6,54,10,70,10,42,57,10,119,88,8,96,215
07/16/2003,HLN,MT,ANM,WE,Combination Non-Radar Approach Control & Tower w/o Radar,9,36,9,2,56,0,10,167,12,189,9,46,176,14,245,94,8,102,347
07/17/2003,HLN,MT,ANM,WE,Combination Non-Radar Approach Control & Tower w/o Radar,10,34,5,2,51,0,14,125,14,153,10,48,130,16,204,82,6,88,292
07/18/2003,HLN,MT,ANM,WE,Combination Non-Radar Approach Control & Tower w/o Radar,10,34,5,3,52,0,10,113,13,136,10,44,118,16,188,122,10,132,320
07/19/2003,HLN,MT,ANM,WE,Combination Non-Radar Approach Control & Tower w/o Radar,10,13,11,0,34,0,3,102,6,111,10,16,113,6,145,46,0,46,191
07/20/2003,HLN,MT,ANM,WE,Combination Non-Radar Approach Control & Tower w/o Radar,9,11,2,0,22,0,4,79,6,89,9,15,81,6,111,36,0,36,147
07/21/2003,HLN,MT,ANM,WE,Combination Non-Radar Approach Control & Tower w/o Radar,9,27,8,4,48,0,8,77,6,91,9,35,85,10,139,78,10,88,227
07/22/2003,HLN,MT,ANM,WE,Combination Non-Radar Approach Control & Tower w/o Radar,10,34,10,0,54,0,8,66,10,84,10,42,76,10,138,130,0,130,268
07/23/2003,HLN,MT,ANM,WE,Combination Non-Radar Approach Control & Tower w/o Radar,9,31,8,2,50,0,7,70,11,88,9,38,78,13,138,86,16,102,240
07/24/2003,HLN,MT,ANM,WE,Combination Non-Radar Approach Control & Tower w/o Radar,9,37,17,8,71,0,2,68,6,76,9,39,85,14,147,52,42,94,241
07/25/2003,HLN,MT,ANM,WE,Combination Non-Radar Approach Control & Tower w/o Radar,10,36,11,6,63,0,13,96,11,120,10,49,107,17,183,38,4,42,225
07/26/2003,HLN,MT,ANM,WE,Combination Non-Radar Approach Control & Tower w/o Radar,10,18,5,0,33,0,6,104,0,110,10,24,109,0,143,38,0,38,181
07/27/2003,HLN,MT,ANM,WE,Combination Non-Radar Approach Control & Tower w/o Radar,9,13,6,1,29,0,1,61,1,63,9,14,67,2,92,30,0,30,122
07/28/2003,HLN,MT,ANM,WE,Combination Non-Radar Approach Control & Tower w/o Radar,9,22,13,0,44,0,11,69,5,85,9,33,82,5,129,46,6,52,181
07/29/2003,HLN,MT,ANM,WE,Combination Non-Radar Approach Control & Tower w/o Radar,10,30,15,2,57,0,18,72,7,97,10,48,87,9,154,36,4,40,194
07/30/2003,HLN,MT,ANM,WE,Combination Non-Radar Approach Control & Tower w/o Radar,10,37,5,0,52,0,13,114,7,134,10,50,119,7,186,68,6,74,260
07/31/2003,HLN,MT,ANM,WE,Combination Non-Radar Approach Control & Tower w/o Radar,9,31,10,2,52,0,17,125,10,152,9,48,135,12,204,104,8,112,316
08/01/2003,HLN,MT,ANM,WE,Combination Non-Radar Approach Control & Tower w/o Radar,9,35,3,4,51,0,16,107,11,134,9,51,110,15,185,46,0,46,231
08/02/2003,HLN,MT,ANM,WE,Combination Non-Radar Approach Control & Tower w/o Radar,7,17,3,7,34,0,8,113,12,133,7,25,116,19,167,48,6,54,221
08/03/2003,HLN,MT,ANM,WE,Combination Non-Radar Approach Control & Tower w/o Radar,9,11,8,3,31,0,4,50,7,61,9,15,58,10,92,46,8,54,146
08/04/2003,HLN,MT,ANM,WE,Combination Non-Radar Approach Control & Tower w/o Radar,9,28,4,10,51,0,9,80,0,89,9,37,84,10,140,28,6,34,174
08/05/2003,HLN,MT,ANM,WE,Combination Non-Radar Approach Control & Tower w/o Radar,9,36,9,2,56,1,21,83,0,105,10,57,92,2,161,76,8,84,245
08/06/2003,HLN,MT,ANM,WE,Combination Non-Radar Approach Control & Tower w/o Radar,9,36,9,3,57,0,12,121,13,146,9,48,130,16,203,90,8,98,301
08/07/2003,HLN,MT,ANM,WE,Combination Non-Radar Approach Control & Tower w/o Radar,9,36,8,2,55,0,16,122,10,148,9,52,130,12,203,64,12,76,279
08/08/2003,HLN,MT,ANM,WE,Combination Non-Radar Approach Control & Tower w/o Radar,9,34,8,4,55,0,15,123,4,142,9,49,131,8,197,112,4,116,313
08/09/2003,HLN,MT,ANM,WE,Combination Non-Radar Approach Control & Tower w/o Radar,9,16,10,1,36,0,4,107,6,117,9,20,117,7,153,52,0,52,205
08/10/2003,HLN,MT,ANM,WE,Combination Non-Radar Approach Control & Tower w/o Radar,9,11,3,3,26,0,0,110,4,114,9,11,113,7,140,56,0,56,196
08/11/2003,HLN,MT,ANM,WE,Combination Non-Radar Approach Control & Tower w/o Radar,8,27,10,3,48,1,8,65,12,86,9,35,75,15,134,20,18,38,172
08/12/2003,HLN,MT,ANM,WE,Combination Non-Radar Approach Control & Tower w/o Radar,9,36,10,3,58,0,12,123,19,154,9,48,133,22,212,116,26,142,354
08/13/2003,HLN,MT,ANM,WE,Combination Non-Radar Approach Control & Tower w/o Radar,10,36,8,3,57,0,13,135,13,161,10,49,143,16,218,96,18,114,332
08/14/2003,HLN,MT,ANM,WE,Combination Non-Radar Approach Control & Tower w/o Radar,10,34,13,4,61,0,15,167,18,200,10,49,180,22,261,32,16,48,309
08/15/2003,HLN,MT,ANM,WE,Combination Non-Radar Approach Control & Tower w/o Radar,9,35,14,9,67,2,15,162,13,192,11,50,176,22,259,52,8,60,319
08/16/2003,HLN,MT,ANM,WE,Combination Non-Radar Approach Control & Tower w/o Radar,11,17,11,4,43,0,3,117,10,130,11,20,128,14,173,102,6,108,281
08/17/2003,HLN,MT,ANM,WE,Combination Non-Radar Approach Control & Tower w/o Radar,11,13,4,2,30,0,5,94,2,101,11,18,98,4,131,56,0,56,187
08/18/2003,HLN,MT,ANM,WE,Combination Non-Radar Approach Control & Tower w/o Radar,9,27,10,3,49,0,6,87,14,107,9,33,97,17,156,58,32,90,246
08/19/2003,HLN,MT,ANM,WE,Combination Non-Radar Approach Control & Tower w/o Radar,12,39,17,3,71,0,5,108,10,123,12,44,125,13,194,82,20,102,296
08/20/2003,HLN,MT,ANM,WE,Combination Non-Radar Approach Control & Tower w/o Radar,9,38,16,0,63,0,16,122,7,145,9,54,138,7,208,78,16,94,302
08/21/2003,HLN,MT,ANM,WE,Combination Non-Radar Approach Control & Tower w/o Radar,9,43,27,3,82,0,6,77,12,95,9,49,104,15,177,30,4,34,211
08/22/2003,HLN,MT,ANM,WE,Combination Non-Radar Approach Control & Tower w/o Radar,11,38,17,0,66,0,6,61,5,72,11,44,78,5,138,78,0,78,216
08/23/2003,HLN,MT,ANM,WE,Combination Non-Radar Approach Control & Tower w/o Radar,9,14,18,2,43,0,2,49,6,57,9,16,67,8,100,58,12,70,170
08/24/2003,HLN,MT,ANM,WE,Combination Non-Radar Approach Control & Tower w/o Radar,9,13,7,0,29,0,0,91,0,91,9,13,98,0,120,76,0,76,196
08/25/2003,HLN,MT,ANM,WE,Combination Non-Radar Approach Control & Tower w/o Radar,9,23,8,2,42,0,9,85,8,102,9,32,93,10,144,74,10,84,228
08/26/2003,HLN,MT,ANM,WE,Combination Non-Radar Approach Control & Tower w/o Radar,10,37,14,4,65,0,13,137,10,160,10,50,151,14,225,86,0,86,311
08/27/2003,HLN,MT,ANM,WE,Combination Non-Radar Approach Control & Tower w/o Radar,10,35,15,3,63,0,8,89,7,104,10,43,104,10,167,60,4,64,231
08/28/2003,HLN,MT,ANM,WE,Combination Non-Radar Approach Control & Tower w/o Radar,10,37,9,2,58,0,13,113,12,138,10,50,122,14,196,72,12,84,280
08/29/2003,HLN,MT,ANM,WE,Combination Non-Radar Approach Control & Tower w/o Radar,9,38,16,6,69,0,14,67,4,85,9,52,83,10,154,56,16,72,226
08/30/2003,HLN,MT,ANM,WE,Combination Non-Radar Approach Control & Tower w/o Radar,6,16,7,0,29,4,0,88,0,92,10,16,95,0,121,76,0,76,197
08/31/2003,HLN,MT,ANM,WE,Combination Non-Radar Approach Control & Tower w/o Radar,11,10,2,3,26,0,2,80,0,82,11,12,82,3,108,54,0,54,162
09/01/2003,HLN,MT,ANM,WE,Combination Non-Radar Approach Control & Tower w/o Radar,11,13,3,1,28,0,1,57,2,60,11,14,60,3,88,22,0,22,110
09/02/2003,HLN,MT,ANM,WE,Combination Non-Radar Approach Control & Tower w/o Radar,11,24,8,4,47,0,14,58,14,86,11,38,66,18,133,54,14,68,201
09/03/2003,HLN,MT,ANM,WE,Combination Non-Radar Approach Control & Tower w/o Radar,10,31,11,2,54,0,9,64,10,83,10,40,75,12,137,108,6,114,251
09/04/2003,HLN,MT,ANM,WE,Combination Non-Radar Approach Control & Tower w/o Radar,10,38,10,7,65,0,13,59,10,82,10,51,69,17,147,58,20,78,225
09/05/2003,HLN,MT,ANM,WE,Combination Non-Radar Approach Control & Tower w/o Radar,12,38,10,3,63,0,2,75,15,92,12,40,85,18,155,90,8,98,253
09/06/2003,HLN,MT,ANM,WE,Combination Non-Radar Approach Control & Tower w/o Radar,10,17,10,6,43,0,9,66,48,123,10,26,76,54,166,88,78,166,332
09/07/2003,HLN,MT,ANM,WE,Combination Non-Radar Approach Control & Tower w/o Radar,7,11,3,9,30,0,0,57,3,60,7,11,60,12,90,20,10,30,120
09/08/2003,HLN,MT,ANM,WE,Combination Non-Radar Approach Control & Tower w/o Radar,7,30,13,5,55,0,4,30,10,44,7,34,43,15,99,62,14,76,175
09/09/2003,HLN,MT,ANM,WE,Combination Non-Radar Approach Control & Tower w/o Radar,8,37,3,3,51,0,0,33,4,37,8,37,36,7,88,86,8,94,182
09/10/2003,HLN,MT,ANM,WE,Combination Non-Radar Approach Control & Tower w/o Radar,8,40,20,4,72,0,10,75,12,97,8,50,95,16,169,82,0,82,251
09/11/2003,HLN,MT,ANM,WE,Combination Non-Radar Approach Control & Tower w/o Radar,7,39,10,2,58,0,11,45,14,70,7,50,55,16,128,28,8,36,164
09/12/2003,HLN,MT,ANM,WE,Combination Non-Radar Approach Control & Tower w/o Radar,11,40,5,7,63,0,7,30,3,40,11,47,35,10,103,4,20,24,127
09/13/2003,HLN,MT,ANM,WE,Combination Non-Radar Approach Control & Tower w/o Radar,9,19,3,0,31,0,2,46,0,48,9,21,49,0,79,52,0,52,131
09/14/2003,HLN,MT,ANM,WE,Combination Non-Radar Approach Control & Tower w/o Radar,5,13,6,1,25,2,0,59,2,63,7,13,65,3,88,66,0,66,154
09/15/2003,HLN,MT,ANM,WE,Combination Non-Radar Approach Control & Tower w/o Radar,7,26,9,3,45,0,16,43,11,70,7,42,52,14,115,132,16,148,263
09/16/2003,HLN,MT,ANM,WE,Combination Non-Radar Approach Control & Tower w/o Radar,8,39,15,5,67,0,7,10,5,22,8,46,25,10,89,6,14,20,109
09/17/2003,HLN,MT,ANM,WE,Combination Non-Radar Approach Control & Tower w/o Radar,10,40,11,5,66,0,2,13,2,17,10,42,24,7,83,44,2,46,129
09/18/2003,HLN,MT,ANM,WE,Combination Non-Radar Approach Control & Tower w/o Radar,8,35,9,4,56,0,11,76,7,94,8,46,85,11,150,88,4,92,242
09/19/2003,HLN,MT,ANM,WE,Combination Non-Radar Approach Control & Tower w/o Radar,8,35,14,0,57,0,17,69,7,93,8,52,83,7,150,90,16,106,256
09/20/2003,HLN,MT,ANM,WE,Combination Non-Radar Approach Control & Tower w/o Radar,11,17,7,2,37,0,4,62,30,96,11,21,69,32,133,18,14,32,165
09/21/2003,HLN,MT,ANM,WE,Combination Non-Radar Approach Control & Tower w/o Radar,7,11,17,0,35,0,2,58,0,60,7,13,75,0,95,80,0,80,175
09/22/2003,HLN,MT,ANM,WE,Combination Non-Radar Approach Control & Tower w/o Radar,7,7,26,4,44,0,30,49,3,82,7,37,75,7,126,52,24,76,202
09/23/2003,HLN,MT,ANM,WE,Combination Non-Radar Approach Control & Tower w/o Radar,8,41,3,0,52,0,6,42,6,54,8,47,45,6,106,56,4,60,166
09/24/2003,HLN,MT,ANM,WE,Combination Non-Radar Approach Control & Tower w/o Radar,8,29,19,2,58,0,16,91,6,113,8,45,110,8,171,114,20,134,305
09/25/2003,HLN,MT,ANM,WE,Combination Non-Radar Approach Control & Tower w/o Radar,8,42,3,1,54,0,9,46,4,59,8,51,49,5,113,32,4,36,149
09/26/2003,HLN,MT,ANM,WE,Combination Non-Radar Approach Control & Tower w/o Radar,8,34,6,0,48,0,7,65,6,78,8,41,71,6,126,30,0,30,156
09/27/2003,HLN,MT,ANM,WE,Combination Non-Radar Approach Control & Tower w/o Radar,9,20,12,0,41,0,4,142,0,146,9,24,154,0,187,20,0,20,207
09/28/2003,HLN,MT,ANM,WE,Combination Non-Radar Approach Control & Tower w/o Radar,7,12,6,3,28,0,0,70,1,71,7,12,76,4,99,96,0,96,195
09/29/2003,HLN,MT,ANM,WE,Combination Non-Radar Approach Control & Tower w/o Radar,8,25,9,1,43,0,10,41,1,52,8,35,50,2,95,82,6,88,183
09/30/2003,HLN,MT,ANM,WE,Combination Non-Radar Approach Control & Tower w/o Radar,6,32,10,1,49,0,4,67,0,71,6,36,77,1,120,16,0,16,136
10/01/2003,HLN,MT,ANM,WE,Combination Non-Radar Approach Control & Tower w/o Radar,8,28,9,3,48,0,14,72,19,105,8,42,81,22,153,98,12,110,263
10/02/2003,HLN,MT,ANM,WE,Combination Non-Radar Approach Control & Tower w/o Radar,8,32,10,3,53,0,16,74,13,103,8,48,84,16,156,84,16,100,256
10/03/2003,HLN,MT,ANM,WE,Combination Non-Radar Approach Control & Tower w/o Radar,8,35,10,4,57,0,14,100,13,127,8,49,110,17,184,144,14,158,342
10/04/2003,HLN,MT,ANM,WE,Combination Non-Radar Approach Control & Tower w/o Radar,8,18,7,3,36,1,0,81,46,128,9,18,88,49,164,58,42,100,264
10/05/2003,HLN,MT,ANM,WE,Combination Non-Radar Approach Control & Tower w/o Radar,3,13,5,2,23,4,0,74,5,83,7,13,79,7,106,92,12,104,210
10/06/2003,HLN,MT,ANM,WE,Combination Non-Radar Approach Control & Tower w/o Radar,6,20,7,3,36,1,10,43,10,64,7,30,50,13,100,120,14,134,234
10/07/2003,HLN,MT,ANM,WE,Combination Non-Radar Approach Control & Tower w/o Radar,7,32,11,4,54,0,14,43,6,63,7,46,54,10,117,84,2,86,203
10/08/2003,HLN,MT,ANM,WE,Combination Non-Radar Approach Control & Tower w/o Radar,8,29,10,4,51,0,18,53,1,72,8,47,63,5,123,80,2,82,205
10/09/2003,HLN,MT,ANM,WE,Combination Non-Radar Approach Control & Tower w/o Radar,8,34,11,5,58,0,12,63,10,85,8,46,74,15,143,74,10,84,227
10/10/2003,HLN,MT,ANM,WE,Combination Non-Radar Approach Control & Tower w/o Radar,8,31,10,4,53,0,14,28,6,48,8,45,38,10,101,52,26,78,179
10/11/2003,HLN,MT,ANM,WE,Combination Non-Radar Approach Control & Tower w/o Radar,6,23,8,0,37,2,0,50,0,52,8,23,58,0,89,44,0,44,133
10/12/2003,HLN,MT,ANM,WE,Combination Non-Radar Approach Control & Tower w/o Radar,5,13,5,2,25,3,0,8,0,11,8,13,13,2,36,0,0,0,36
10/13/2003,HLN,MT,ANM,WE,Combination Non-Radar Approach Control & Tower w/o Radar,5,16,6,1,28,2,8,4,0,14,7,24,10,1,42,0,0,0,42
10/14/2003,HLN,MT,ANM,WE,Combination Non-Radar Approach Control & Tower w/o Radar,8,29,10,2,49,0,2,65,0,67,8,31,75,2,116,92,0,92,208
10/15/2003,HLN,MT,ANM,WE,Combination Non-Radar Approach Control & Tower w/o Radar,8,32,11,4,55,0,10,54,11,75,8,42,65,15,130,100,18,118,248
10/16/2003,HLN,MT,ANM,WE,Combination Non-Radar Approach Control & Tower w/o Radar,7,34,10,4,55,0,8,41,13,62,7,42,51,17,117,74,36,110,227
10/17/2003,HLN,MT,ANM,WE,Combination Non-Radar Approach Control & Tower w/o Radar,9,32,9,4,54,0,13,55,3,71,9,45,64,7,125,112,20,132,257
10/18/2003,HLN,MT,ANM,WE,Combination Non-Radar Approach Control & Tower w/o Radar,5,19,5,2,31,4,1,51,0,56,9,20,56,2,87,58,0,58,145
10/19/2003,HLN,MT,ANM,WE,Combination Non-Radar Approach Control & Tower w/o Radar,3,13,4,1,21,4,3,26,6,39,7,16,30,7,60,42,14,56,116
10/20/2003,HLN,MT,ANM,WE,Combination Non-Radar Approach Control & Tower w/o Radar,5,21,6,2,34,2,14,40,7,63,7,35,46,9,97,108,38,146,243
10/21/2003,HLN,MT,ANM,WE,Combination Non-Radar Approach Control & Tower w/o Radar,8,34,10,3,55,0,8,70,18,96,8,42,80,21,151,98,24,122,273
10/22/2003,HLN,MT,ANM,WE,Combination Non-Radar Approach Control & Tower w/o Radar,7,29,8,3,47,0,14,77,30,121,7,43,85,33,168,104,28,132,300
10/23/2003,HLN,MT,ANM,WE,Combination Non-Radar Approach Control & Tower w/o Radar,8,30,9,3,50,0,12,41,16,69,8,42,50,19,119,50,32,82,201
10/24/2003,HLN,MT,ANM,WE,Combination Non-Radar Approach Control & Tower w/o Radar,8,38,11,4,61,0,7,46,36,89,8,45,57,40,150,38,62,100,250
10/25/2003,HLN,MT,ANM,WE,Combination Non-Radar Approach Control & Tower w/o Radar,6,23,8,2,39,3,5,47,12,67,9,28,55,14,106,28,28,56,162
10/26/2003,HLN,MT,ANM,WE,Combination Non-Radar Approach Control & Tower w/o Radar,2,10,1,0,13,4,5,0,0,9,6,15,1,0,22,86,0,86,108
10/27/2003,HLN,MT,ANM,WE,Combination Non-Radar Approach Control & Tower w/o Radar,6,25,8,2,41,0,0,14,8,22,6,25,22,10,63,10,0,10,73
10/28/2003,HLN,MT,ANM,WE,Combination Non-Radar Approach Control & Tower w/o Radar,8,30,10,3,51,0,14,22,3,39,8,44,32,6,90,102,24,126,216
10/29/2003,HLN,MT,ANM,WE,Combination Non-Radar Approach Control & Tower w/o Radar,8,37,11,1,57,0,3,7,0,10,8,40,18,1,67,0,0,0,67
10/30/2003,HLN,MT,ANM,WE,Combination Non-Radar Approach Control & Tower w/o Radar,9,39,13,4,65,0,4,8,1,13,9,43,21,5,78,16,4,20,98
10/31/2003,HLN,MT,ANM,WE,Combination Non-Radar Approach Control & Tower w/o Radar,7,37,11,4,59,0,8,37,17,62,7,45,48,21,121,70,50,120,241
11/01/2003,HLN,MT,ANM,WE,Combination Non-Radar Approach Control & Tower w/o Radar,6,24,6,2,38,3,0,34,47,84,9,24,40,49,122,96,66,162,284
11/02/2003,HLN,MT,ANM,WE,Combination Non-Radar Approach Control & Tower w/o Radar,3,14,3,1,21,1,0,0,13,14,4,14,3,14,35,0,10,10,45
11/03/2003,HLN,MT,ANM,WE,Combination Non-Radar Approach Control & Tower w/o Radar,7,30,6,2,45,0,0,0,10,10,7,30,6,12,55,2,26,28,83
11/04/2003,HLN,MT,ANM,WE,Combination Non-Radar Approach Control & Tower w/o Radar,8,36,8,2,54,0,4,24,9,37,8,40,32,11,91,40,18,58,149
11/05/2003,HLN,MT,ANM,WE,Combination Non-Radar Approach Control & Tower w/o Radar,7,38,9,2,56,0,4,39,0,43,7,42,48,2,99,44,0,44,143
11/06/2003,HLN,MT,ANM,WE,Combination Non-Radar Approach Control & Tower w/o Radar,7,34,8,2,51,0,8,49,22,79,7,42,57,24,130,74,22,96,226
11/07/2003,HLN,MT,ANM,WE,Combination Non-Radar Approach Control & Tower w/o Radar,7,33,7,2,49,1,10,58,8,77,8,43,65,10,126,74,30,104,230
11/08/2003,HLN,MT,ANM,WE,Combination Non-Radar Approach Control & Tower w/o Radar,6,23,6,2,37,3,0,73,0,76,9,23,79,2,113,184,0,184,297
11/09/2003,HLN,MT,ANM,WE,Combination Non-Radar Approach Control & Tower w/o Radar,4,12,4,0,20,3,0,51,0,54,7,12,55,0,74,90,0,90,164
11/10/2003,HLN,MT,ANM,WE,Combination Non-Radar Approach Control & Tower w/o Radar,7,26,6,2,41,0,4,11,7,22,7,30,17,9,63,42,12,54,117
11/11/2003,HLN,MT,ANM,WE,Combination Non-Radar Approach Control & Tower w/o Radar,7,24,5,3,39,1,1,4,1,7,8,25,9,4,46,0,0,0,46
11/12/2003,HLN,MT,ANM,WE,Combination Non-Radar Approach Control & Tower w/o Radar,7,27,6,3,43,0,16,52,11,79,7,43,58,14,122,34,14,48,170
11/13/2003,HLN,MT,ANM,WE,Combination Non-Radar Approach Control & Tower w/o Radar,7,32,7,3,49,0,13,78,21,112,7,45,85,24,161,70,22,92,253
11/14/2003,HLN,MT,ANM,WE,Combination Non-Radar Approach Control & Tower w/o Radar,9,33,7,3,52,0,12,48,15,75,9,45,55,18,127,82,14,96,223
11/15/2003,HLN,MT,ANM,WE,Combination Non-Radar Approach Control & Tower w/o Radar,6,20,4,2,32,2,2,68,0,72,8,22,72,2,104,68,0,68,172
11/16/2003,HLN,MT,ANM,WE,Combination Non-Radar Approach Control & Tower w/o Radar,3,12,2,2,19,5,1,23,4,33,8,13,25,6,52,38,0,38,90
11/17/2003,HLN,MT,ANM,WE,Combination Non-Radar Approach Control & Tower w/o Radar,7,28,6,3,44,0,0,15,13,28,7,28,21,16,72,0,38,38,110
11/18/2003,HLN,MT,ANM,WE,Combination Non-Radar Approach Control & Tower w/o Radar,6,31,6,3,46,0,7,5,11,23,6,38,11,14,69,4,32,36,105
11/19/2003,HLN,MT,ANM,WE,Combination Non-Radar Approach Control & Tower w/o Radar,6,29,7,3,45,0,11,6,2,19,6,40,13,5,64,4,6,10,74
11/20/2003,HLN,MT,ANM,WE,Combination Non-Radar Approach Control & Tower w/o Radar,8,41,9,4,62,0,9,27,7,43,8,50,36,11,105,58,14,72,177
11/21/2003,HLN,MT,ANM,WE,Combination Non-Radar Approach Control & Tower w/o Radar,8,41,9,4,62,0,5,5,18,28,8,46,14,22,90,12,40,52,142
11/22/2003,HLN,MT,ANM,WE,Combination Non-Radar Approach Control & Tower w/o Radar,7,24,5,3,39,3,0,23,11,37,10,24,28,14,76,76,8,84,160
11/23/2003,HLN,MT,ANM,WE,Combination Non-Radar Approach Control & Tower w/o Radar,5,15,3,0,23,2,3,15,0,20,7,18,18,0,43,12,0,12,55
11/24/2003,HLN,MT,ANM,WE,Combination Non-Radar Approach Control & Tower w/o Radar,4,21,5,2,32,0,12,19,9,40,4,33,24,11,72,26,18,44,116
11/25/2003,HLN,MT,ANM,WE,Combination Non-Radar Approach Control & Tower w/o Radar,8,41,9,4,62,0,9,57,15,81,8,50,66,19,143,94,18,112,255
11/26/2003,HLN,MT,ANM,WE,Combination Non-Radar Approach Control & Tower w/o Radar,8,43,9,4,64,0,3,42,4,49,8,46,51,8,113,72,30,102,215
11/27/2003,HLN,MT,ANM,WE,Combination Non-Radar Approach Control & Tower w/o Radar,6,19,4,0,29,2,5,13,0,20,8,24,17,0,49,46,0,46,95
11/28/2003,HLN,MT,ANM,WE,Combination Non-Radar Approach Control & Tower w/o Radar,5,20,4,0,29,0,9,35,0,44,5,29,39,0,73,44,0,44,117
11/29/2003,HLN,MT,ANM,WE,Combination Non-Radar Approach Control & Tower w/o Radar,6,23,5,0,34,2,0,19,0,21,8,23,24,0,55,60,0,60,115
11/30/2003,HLN,MT,ANM,WE,Combination Non-Radar Approach Control & Tower w/o Radar,5,13,3,0,21,2,0,58,0,60,7,13,61,0,81,76,0,76,157
12/01/2003,HLN,MT,ANM,WE,Combination Non-Radar Approach Control & Tower w/o Radar,6,27,7,2,42,3,7,10,12,32,9,34,17,14,74,32,38,70,144
12/02/2003,HLN,MT,ANM,WE,Combination Non-Radar Approach Control & Tower w/o Radar,8,37,9,3,57,0,3,32,3,38,8,40,41,6,95,48,20,68,163
12/03/2003,HLN,MT,ANM,WE,Combination Non-Radar Approach Control & Tower w/o Radar,8,42,10,3,63,0,9,38,32,79,8,51,48,35,142,40,38,78,220
12/04/2003,HLN,MT,ANM,WE,Combination Non-Radar Approach Control & Tower w/o Radar,6,36,9,3,54,2,13,58,22,95,8,49,67,25,149,60,38,98,247
12/05/2003,HLN,MT,ANM,WE,Combination Non-Radar Approach Control & Tower w/o Radar,8,40,10,3,61,2,8,29,26,65,10,48,39,29,126,62,14,76,202
12/06/2003,HLN,MT,ANM,WE,Combination Non-Radar Approach Control & Tower w/o Radar,5,27,7,2,41,0,0,25,15,40,5,27,32,17,81,46,18,64,145
12/07/2003,HLN,MT,ANM,WE,Combination Non-Radar Approach Control & Tower w/o Radar,3,14,5,1,23,4,0,17,1,22,7,14,22,2,45,32,0,32,77
12/08/2003,HLN,MT,ANM,WE,Combination Non-Radar Approach Control & Tower w/o Radar,7,34,9,3,53,0,2,40,11,53,7,36,49,14,106,82,32,114,220
12/09/2003,HLN,MT,ANM,WE,Combination Non-Radar Approach Control & Tower w/o Radar,7,36,9,3,55,0,7,58,9,74,7,43,67,12,129,102,4,106,235
12/10/2003,HLN,MT,ANM,WE,Combination Non-Radar Approach Control & Tower w/o Radar,9,40,10,1,60,0,5,2,0,7,9,45,12,1,67,6,0,6,73
12/11/2003,HLN,MT,ANM,WE,Combination Non-Radar Approach Control & Tower w/o Radar,8,44,11,4,67,0,4,30,1,35,8,48,41,5,102,76,4,80,182
12/12/2003,HLN,MT,ANM,WE,Combination Non-Radar Approach Control & Tower w/o Radar,6,32,8,3,49,0,8,20,6,34,6,40,28,9,83,30,4,34,117
12/13/2003,HLN,MT,ANM,WE,Combination Non-Radar Approach Control & Tower w/o Radar,4,28,8,0,40,0,5,26,0,31,4,33,34,0,71,54,0,54,125
12/14/2003,HLN,MT,ANM,WE,Combination Non-Radar Approach Control & Tower w/o Radar,4,13,3,0,20,3,0,1,0,4,7,13,4,0,24,0,0,0,24
12/15/2003,HLN,MT,ANM,WE,Combination Non-Radar Approach Control & Tower w/o Radar,7,28,6,3,44,0,9,26,7,42,7,37,32,10,86,64,16,80,166
12/16/2003,HLN,MT,ANM,WE,Combination Non-Radar Approach Control & Tower w/o Radar,8,34,8,4,54,0,14,51,19,84,8,48,59,23,138,118,20,138,276
12/17/2003,HLN,MT,ANM,WE,Combination Non-Radar Approach Control & Tower w/o Radar,10,36,8,4,58,0,8,88,21,117,10,44,96,25,175,14,32,46,221
12/18/2003,HLN,MT,ANM,WE,Combination Non-Radar Approach Control & Tower w/o Radar,8,33,8,4,53,0,9,52,12,73,8,42,60,16,126,76,10,86,212
12/19/2003,HLN,MT,ANM,WE,Combination Non-Radar Approach Control & Tower w/o Radar,8,33,8,4,53,1,8,65,11,85,9,41,73,15,138,122,22,144,282
12/20/2003,HLN,MT,ANM,WE,Combination Non-Radar Approach Control & Tower w/o Radar,6,21,5,2,34,1,1,36,10,48,7,22,41,12,82,102,6,108,190
12/21/2003,HLN,MT,ANM,WE,Combination Non-Radar Approach Control & Tower w/o Radar,4,11,3,2,20,3,0,18,0,21,7,11,21,2,41,42,0,42,83
12/22/2003,HLN,MT,ANM,WE,Combination Non-Radar Approach Control & Tower w/o Radar,7,23,5,3,38,0,3,42,9,54,7,26,47,12,92,86,34,120,212
12/23/2003,HLN,MT,ANM,WE,Combination Non-Radar Approach Control & Tower w/o Radar,8,30,8,3,49,0,18,48,14,80,8,48,56,17,129,68,18,86,215
12/24/2003,HLN,MT,ANM,WE,Combination Non-Radar Approach Control & Tower w/o Radar,8,31,8,3,50,0,16,25,3,44,8,47,33,6,94,58,4,62,156
12/25/2003,HLN,MT,ANM,WE,Combination Non-Radar Approach Control & Tower w/o Radar,5,18,4,0,27,2,3,18,0,23,7,21,22,0,50,20,0,20,70
12/26/2003,HLN,MT,ANM,WE,Combination Non-Radar Approach Control & Tower w/o Radar,6,21,5,0,32,2,3,7,0,12,8,24,12,0,44,38,0,38,82
12/27/2003,HLN,MT,ANM,WE,Combination Non-Radar Approach Control & Tower w/o Radar,3,20,4,2,29,0,6,0,2,8,3,26,4,4,37,10,0,10,47
12/28/2003,HLN,MT,ANM,WE,Combination Non-Radar Approach Control & Tower w/o Radar,5,14,4,1,24,2,0,16,3,21,7,14,20,4,45,64,0,64,109
12/29/2003,HLN,MT,ANM,WE,Combination Non-Radar Approach Control & Tower w/o Radar,7,24,2,2,35,0,2,0,1,3,7,26,2,3,38,0,0,0,38
12/30/2003,HLN,MT,ANM,WE,Combination Non-Radar Approach Control & Tower w/o Radar,8,41,9,3,61,0,6,27,13,46,8,47,36,16,107,22,8,30,137
12/31/2003,HLN,MT,ANM,WE,Combination Non-Radar Approach Control & Tower w/o Radar,8,36,8,3,55,0,14,21,0,35,8,50,29,3,90,36,0,36,126
01/01/2004,HLN,MT,ANM,WE,Combination Non-Radar Approach Control & Tower w/o Radar,4,18,5,0,27,2,2,7,0,11,6,20,12,0,38,14,0,14,52
01/02/2004,HLN,MT,ANM,WE,Combination Non-Radar Approach Control & Tower w/o Radar,5,29,6,2,42,0,9,13,0,22,5,38,19,2,64,36,0,36,100
01/03/2004,HLN,MT,ANM,WE,Combination Non-Radar Approach Control & Tower w/o Radar,3,19,4,0,26,0,5,1,0,6,3,24,5,0,32,2,0,2,34
01/04/2004,HLN,MT,ANM,WE,Combination Non-Radar Approach Control & Tower w/o Radar,4,11,4,2,21,4,0,3,6,13,8,11,7,8,34,2,20,22,56
01/05/2004,HLN,MT,ANM,WE,Combination Non-Radar Approach Control & Tower w/o Radar,6,25,5,3,39,1,2,6,10,19,7,27,11,13,58,0,18,18,76
01/06/2004,HLN,MT,ANM,WE,Combination Non-Radar Approach Control & Tower w/o Radar,6,28,6,3,43,2,3,12,5,22,8,31,18,8,65,8,4,12,77
01/07/2004,HLN,MT,ANM,WE,Combination Non-Radar Approach Control & Tower w/o Radar,3,34,8,4,49,0,15,7,45,67,3,49,15,49,116,40,0,40,156
01/08/2004,HLN,MT,ANM,WE,Combination Non-Radar Approach Control & Tower w/o Radar,6,36,8,4,54,0,5,15,12,32,6,41,23,16,86,46,34,80,166
01/09/2004,HLN,MT,ANM,WE,Combination Non-Radar Approach Control & Tower w/o Radar,5,31,7,4,47,0,7,35,13,55,5,38,42,17,102,112,16,128,230
01/10/2004,HLN,MT,ANM,WE,Combination Non-Radar Approach Control & Tower w/o Radar,4,21,4,3,32,2,1,12,6,21,6,22,16,9,53,40,0,40,93
01/11/2004,HLN,MT,ANM,WE,Combination Non-Radar Approach Control & Tower w/o Radar,4,20,4,3,31,0,10,30,0,40,4,30,34,3,71,34,0,34,105
01/12/2004,HLN,MT,ANM,WE,Combination Non-Radar Approach Control & Tower w/o Radar,5,36,9,4,54,0,0,24,11,35,5,36,33,15,89,20,2,22,111
01/13/2004,HLN,MT,ANM,WE,Combination Non-Radar Approach Control & Tower w/o Radar,5,36,9,4,54,0,10,33,19,62,5,46,42,23,116,58,4,62,178
01/14/2004,HLN,MT,ANM,WE,Combination Non-Radar Approach Control & Tower w/o Radar,6,34,9,4,53,0,5,31,14,50,6,39,40,18,103,64,20,84,187
01/15/2004,HLN,MT,ANM,WE,Combination Non-Radar Approach Control & Tower w/o Radar,6,38,9,4,57,0,9,31,13,53,6,47,40,17,110,82,8,90,200
01/16/2004,HLN,MT,ANM,WE,Combination Non-Radar Approach Control & Tower w/o Radar,6,35,9,4,54,0,4,48,17,69,6,39,57,21,123,50,16,66,189
01/17/2004,HLN,MT,ANM,WE,Combination Non-Radar Approach Control & Tower w/o Radar,3,21,4,0,28,4,0,10,0,14,7,21,14,0,42,28,0,28,70
01/18/2004,HLN,MT,ANM,WE,Combination Non-Radar Approach Control & Tower w/o Radar,3,18,3,0,24,1,6,18,0,25,4,24,21,0,49,36,0,36,85
01/19/2004,HLN,MT,ANM,WE,Combination Non-Radar Approach Control & Tower w/o Radar,4,22,4,0,30,1,0,27,0,28,5,22,31,0,58,88,0,88,146
01/20/2004,HLN,MT,ANM,WE,Combination Non-Radar Approach Control & Tower w/o Radar,6,37,8,3,54,0,14,33,24,71,6,51,41,27,125,92,22,114,239
01/21/2004,HLN,MT,ANM,WE,Combination Non-Radar Approach Control & Tower w/o Radar,6,43,9,4,62,0,2,53,15,70,6,45,62,19,132,68,36,104,236
01/22/2004,HLN,MT,ANM,WE,Combination Non-Radar Approach Control & Tower w/o Radar,6,37,9,3,55,0,12,33,24,69,6,49,42,27,124,50,56,106,230
01/23/2004,HLN,MT,ANM,WE,Combination Non-Radar Approach Control & Tower w/o Radar,2,41,10,4,57,0,2,28,10,40,2,43,38,14,97,46,26,72,169
01/24/2004,HLN,MT,ANM,WE,Combination Non-Radar Approach Control & Tower w/o Radar,4,24,6,2,36,3,5,9,12,29,7,29,15,14,65,44,24,68,133
01/25/2004,HLN,MT,ANM,WE,Combination Non-Radar Approach Control & Tower w/o Radar,3,17,5,2,27,2,0,6,0,8,5,17,11,2,35,6,0,6,41
01/26/2004,HLN,MT,ANM,WE,Combination Non-Radar Approach Control & Tower w/o Radar,5,32,8,3,48,0,1,23,7,31,5,33,31,10,79,34,12,46,125
01/27/2004,HLN,MT,ANM,WE,Combination Non-Radar Approach Control & Tower w/o Radar,6,35,8,3,52,0,7,6,4,17,6,42,14,7,69,0,18,18,87
01/28/2004,HLN,MT,ANM,WE,Combination Non-Radar Approach Control & Tower w/o Radar,5,31,8,3,47,1,11,10,9,31,6,42,18,12,78,4,16,20,98
01/29/2004,HLN,MT,ANM,WE,Combination Non-Radar Approach Control & Tower w/o Radar,6,41,9,4,60,0,7,31,17,55,6,48,40,21,115,56,24,80,195
01/30/2004,HLN,MT,ANM,WE,Combination Non-Radar Approach Control & Tower w/o Radar,2,43,10,4,59,0,6,20,7,33,2,49,30,11,92,28,8,36,128
01/31/2004,HLN,MT,ANM,WE,Combination Non-Radar Approach Control & Tower w/o Radar,4,25,6,0,35,3,3,9,0,15,7,28,15,0,50,24,0,24,74
02/01/2004,HLN,MT,ANM,WE,Combination Non-Radar Approach Control & Tower w/o Radar,5,20,8,0,33,0,0,16,0,16,5,20,24,0,49,56,0,56,105
02/02/2004,HLN,MT,ANM,WE,Combination Non-Radar Approach Control & Tower w/o Radar,5,26,7,3,41,0,4,53,5,62,5,30,60,8,103,44,4,48,151
02/03/2004,HLN,MT,ANM,WE,Combination Non-Radar Approach Control & Tower w/o Radar,5,37,10,4,56,0,8,56,10,74,5,45,66,14,130,84,12,96,226
02/04/2004,HLN,MT,ANM,WE,Combination Non-Radar Approach Control & Tower w/o Radar,6,37,10,1,54,0,5,41,0,46,6,42,51,1,100,50,0,50,150
02/05/2004,HLN,MT,ANM,WE,Combination Non-Radar Approach Control & Tower w/o Radar,5,41,11,5,62,0,0,54,10,64,5,41,65,15,126,88,24,112,238
02/06/2004,HLN,MT,ANM,WE,Combination Non-Radar Approach Control & Tower w/o Radar,2,31,8,4,45,0,15,12,10,37,2,46,20,14,82,70,14,84,166
02/07/2004,HLN,MT,ANM,WE,Combination Non-Radar Approach Control & Tower w/o Radar,6,36,11,4,57,2,0,27,34,63,8,36,38,38,120,108,44,152,272
02/08/2004,HLN,MT,ANM,WE,Combination Non-Radar Approach Control & Tower w/o Radar,3,20,6,3,32,2,2,9,8,21,5,22,15,11,53,28,2,30,83
02/09/2004,HLN,MT,ANM,WE,Combination Non-Radar Approach Control & Tower w/o Radar,5,34,10,4,53,0,2,34,16,52,5,36,44,20,105,82,12,94,199
02/10/2004,HLN,MT,ANM,WE,Combination Non-Radar Approach Control & Tower w/o Radar,6,33,10,2,51,0,11,21,0,32,6,44,31,2,83,26,0,26,109
02/11/2004,HLN,MT,ANM,WE,Combination Non-Radar Approach Control & Tower w/o Radar,6,38,11,5,60,0,8,56,9,73,6,46,67,14,133,94,16,110,243
02/12/2004,HLN,MT,ANM,WE,Combination Non-Radar Approach Control & Tower w/o Radar,6,39,11,5,61,0,8,58,15,81,6,47,69,20,142,88,22,110,252
02/13/2004,HLN,MT,ANM,WE,Combination Non-Radar Approach Control & Tower w/o Radar,5,34,10,4,53,0,10,52,10,72,5,44,62,14,125,28,26,54,179
02/14/2004,HLN,MT,ANM,WE,Combination Non-Radar Approach Control & Tower w/o Radar,5,26,8,0,39,2,6,54,0,62,7,32,62,0,101,90,0,90,191
02/15/2004,HLN,MT,ANM,WE,Combination Non-Radar Approach Control & Tower w/o Radar,3,18,4,0,25,2,7,21,0,30,5,25,25,0,55,72,0,72,127
02/16/2004,HLN,MT,ANM,WE,Combination Non-Radar Approach Control & Tower w/o Radar,4,25,6,0,35,1,2,44,0,47,5,27,50,0,82,24,0,24,106
02/17/2004,HLN,MT,ANM,WE,Combination Non-Radar Approach Control & Tower w/o Radar,6,34,9,3,52,0,11,34,13,58,6,45,43,16,110,72,18,90,200
02/18/2004,HLN,MT,ANM,WE,Combination Non-Radar Approach Control & Tower w/o Radar,6,37,9,3,55,0,4,39,14,57,6,41,48,17,112,78,38,116,228
02/19/2004,HLN,MT,ANM,WE,Combination Non-Radar Approach Control & Tower w/o Radar,5,33,8,3,49,0,14,8,6,28,5,47,16,9,77,4,34,38,115
02/20/2004,HLN,MT,ANM,WE,Combination Non-Radar Approach Control & Tower w/o Radar,5,41,10,4,60,0,9,36,7,52,5,50,46,11,112,66,8,74,186
02/21/2004,HLN,MT,ANM,WE,Combination Non-Radar Approach Control & Tower w/o Radar,4,22,5,2,33,3,7,67,10,87,7,29,72,12,120,88,4,92,212
02/22/2004,HLN,MT,ANM,WE,Combination Non-Radar Approach Control & Tower w/o Radar,2,16,4,1,23,3,4,69,3,79,5,20,73,4,102,112,0,112,214
02/23/2004,HLN,MT,ANM,WE,Combination Non-Radar Approach Control & Tower w/o Radar,4,23,7,2,36,1,11,62,11,85,5,34,69,13,121,82,6,88,209
02/24/2004,HLN,MT,ANM,WE,Combination Non-Radar Approach Control & Tower w/o Radar,5,31,9,3,48,1,14,25,6,46,6,45,34,9,94,36,2,38,132
02/25/2004,HLN,MT,ANM,WE,Combination Non-Radar Approach Control & Tower w/o Radar,5,34,9,3,51,0,9,29,8,46,5,43,38,11,97,52,8,60,157
02/26/2004,HLN,MT,ANM,WE,Combination Non-Radar Approach Control & Tower w/o Radar,6,37,10,3,56,0,3,42,7,52,6,40,52,10,108,78,10,88,196
02/27/2004,HLN,MT,ANM,WE,Combination Non-Radar Approach Control & Tower w/o Radar,5,31,9,3,48,1,11,38,6,56,6,42,47,9,104,48,6,54,158
02/28/2004,HLN,MT,ANM,WE,Combination Non-Radar Approach Control & Tower w/o Radar,3,22,6,0,31,4,5,24,0,33,7,27,30,0,64,78,0,78,142
02/29/2004,HLN,MT,ANM,WE,Combination Non-Radar Approach Control & Tower w/o Radar,3,19,6,0,28,2,2,13,0,17,5,21,19,0,45,44,0,44,89
03/01/2004,HLN,MT,ANM,WE,Combination Non-Radar Approach Control & Tower w/o Radar,5,27,3,1,36,0,9,0,10,19,5,36,3,11,55,0,2,2,57
03/02/2004,HLN,MT,ANM,WE,Combination Non-Radar Approach Control & Tower w/o Radar,6,41,10,2,59,0,3,11,5,19,6,44,21,7,78,36,8,44,122
03/03/2004,HLN,MT,ANM,WE,Combination Non-Radar Approach Control & Tower w/o Radar,5,37,9,2,53,0,11,26,5,42,5,48,35,7,95,60,0,60,155
03/04/2004,HLN,MT,ANM,WE,Combination Non-Radar Approach Control & Tower w/o Radar,6,38,9,2,55,0,9,35,17,61,6,47,44,19,116,82,16,98,214
03/05/2004,HLN,MT,ANM,WE,Combination Non-Radar Approach Control & Tower w/o Radar,6,32,8,1,47,0,9,8,23,40,6,41,16,24,87,0,20,20,107
03/06/2004,HLN,MT,ANM,WE,Combination Non-Radar Approach Control & Tower w/o Radar,5,19,2,2,28,1,3,0,14,18,6,22,2,16,46,0,0,0,46
03/07/2004,HLN,MT,ANM,WE,Combination Non-Radar Approach Control & Tower w/o Radar,3,17,6,2,28,2,0,9,14,25,5,17,15,16,53,30,12,42,95
03/08/2004,HLN,MT,ANM,WE,Combination Non-Radar Approach Control & Tower w/o Radar,5,29,8,2,44,0,0,57,10,67,5,29,65,12,111,26,0,26,137
03/09/2004,HLN,MT,ANM,WE,Combination Non-Radar Approach Control & Tower w/o Radar,6,30,8,2,46,0,18,49,15,82,6,48,57,17,128,48,10,58,186
03/10/2004,HLN,MT,ANM,WE,Combination Non-Radar Approach Control & Tower w/o Radar,6,32,9,2,49,0,14,49,12,75,6,46,58,14,124,60,24,84,208
03/11/2004,HLN,MT,ANM,WE,Combination Non-Radar Approach Control & Tower w/o Radar,5,27,7,2,41,1,13,48,4,66,6,40,55,6,107,92,8,100,207
03/12/2004,HLN,MT,ANM,WE,Combination Non-Radar Approach Control & Tower w/o Radar,4,25,7,2,38,2,16,45,14,77,6,41,52,16,115,42,8,50,165
03/13/2004,HLN,MT,ANM,WE,Combination Non-Radar Approach Control & Tower w/o Radar,6,31,8,0,45,1,11,40,0,52,7,42,48,0,97,50,0,50,147
03/14/2004,HLN,MT,ANM,WE,Combination Non-Radar Approach Control & Tower w/o Radar,4,21,6,0,31,1,7,28,0,36,5,28,34,0,67,24,0,24,91
03/15/2004,HLN,MT,ANM,WE,Combination Non-Radar Approach Control & Tower w/o Radar,4,21,5,2,32,1,15,28,13,57,5,36,33,15,89,14,2,16,105
03/16/2004,HLN,MT,ANM,WE,Combination Non-Radar Approach Control & Tower w/o Radar,6,33,9,3,51,0,11,14,5,30,6,44,23,8,81,6,10,16,97
03/17/2004,HLN,MT,ANM,WE,Combination Non-Radar Approach Control & Tower w/o Radar,6,39,10,3,58,0,4,18,3,25,6,43,28,6,83,10,8,18,101
03/18/2004,HLN,MT,ANM,WE,Combination Non-Radar Approach Control & Tower w/o Radar,7,39,10,3,59,1,7,12,7,27,8,46,22,10,86,16,2,18,104
03/19/2004,HLN,MT,ANM,WE,Combination Non-Radar Approach Control & Tower w/o Radar,6,42,11,3,62,0,10,29,15,54,6,52,40,18,116,20,12,32,148
03/20/2004,HLN,MT,ANM,WE,Combination Non-Radar Approach Control & Tower w/o Radar,5,26,6,1,38,1,0,64,7,72,6,26,70,8,110,8,12,20,130
03/21/2004,HLN,MT,ANM,WE,Combination Non-Radar Approach Control & Tower w/o Radar,3,18,4,0,25,2,4,57,0,63,5,22,61,0,88,44,0,44,132
03/22/2004,HLN,MT,ANM,WE,Combination Non-Radar Approach Control & Tower w/o Radar,5,30,7,1,43,0,0,75,15,90,5,30,82,16,133,100,0,100,233
03/23/2004,HLN,MT,ANM,WE,Combination Non-Radar Approach Control & Tower w/o Radar,6,40,9,2,57,0,2,35,20,57,6,42,44,22,114,48,48,96,210
03/24/2004,HLN,MT,ANM,WE,Combination Non-Radar Approach Control & Tower w/o Radar,6,39,9,2,56,0,12,61,21,94,6,51,70,23,150,44,26,70,220
03/25/2004,HLN,MT,ANM,WE,Combination Non-Radar Approach Control & Tower w/o Radar,5,41,10,2,58,0,0,68,22,90,5,41,78,24,148,74,56,130,278
03/26/2004,HLN,MT,ANM,WE,Combination Non-Radar Approach Control & Tower w/o Radar,6,37,8,2,53,0,6,36,14,56,6,43,44,16,109,34,18,52,161
03/27/2004,HLN,MT,ANM,WE,Combination Non-Radar Approach Control & Tower w/o Radar,4,22,5,1,32,3,2,35,1,41,7,24,40,2,73,64,0,64,137
03/28/2004,HLN,MT,ANM,WE,Combination Non-Radar Approach Control & Tower w/o Radar,3,18,4,0,25,2,2,29,0,33,5,20,33,0,58,12,0,12,70
03/29/2004,HLN,MT,ANM,WE,Combination Non-Radar Approach Control & Tower w/o Radar,5,27,7,1,40,2,3,85,13,103,7,30,92,14,143,80,6,86,229
03/30/2004,HLN,MT,ANM,WE,Combination Non-Radar Approach Control & Tower w/o Radar,7,40,10,2,59,1,2,105,7,115,8,42,115,9,174,160,0,160,334
03/31/2004,HLN,MT,ANM,WE,Combination Non-Radar Approach Control & Tower w/o Radar,6,34,9,2,51,2,10,56,16,84,8,44,65,18,135,90,18,108,243
04/01/2004,HLN,MT,ANM,WE,Combination Non-Radar Approach Control & Tower w/o Radar,5,30,7,0,42,3,3,3,0,9,8,33,10,0,51,12,0,12,63
04/02/2004,HLN,MT,ANM,WE,Combination Non-Radar Approach Control & Tower w/o Radar,7,48,10,3,68,0,1,26,15,42,7,49,36,18,110,14,14,28,138
04/03/2004,HLN,MT,ANM,WE,Combination Non-Radar Approach Control & Tower w/o Radar,3,25,6,2,36,3,7,42,9,61,6,32,48,11,97,30,8,38,135
04/04/2004,HLN,MT,ANM,WE,Combination Non-Radar Approach Control & Tower w/o Radar,2,21,5,2,30,5,3,47,4,59,7,24,52,6,89,84,0,84,173
04/05/2004,HLN,MT,ANM,WE,Combination Non-Radar Approach Control & Tower w/o Radar,5,28,5,2,40,2,15,75,17,109,7,43,80,19,149,134,4,138,287
04/06/2004,HLN,MT,ANM,WE,Combination Non-Radar Approach Control & Tower w/o Radar,6,33,5,3,47,2,15,58,6,81,8,48,63,9,128,98,18,116,244
04/07/2004,HLN,MT,ANM,WE,Combination Non-Radar Approach Control & Tower w/o Radar,8,44,7,4,63,0,6,88,6,100,8,50,95,10,163,112,6,118,281
04/08/2004,HLN,MT,ANM,WE,Combination Non-Radar Approach Control & Tower w/o Radar,8,38,6,2,54,0,8,32,5,45,8,46,38,7,99,66,44,110,209
04/09/2004,HLN,MT,ANM,WE,Combination Non-Radar Approach Control & Tower w/o Radar,8,48,8,3,67,0,1,49,9,59,8,49,57,12,126,28,6,34,160
04/10/2004,HLN,MT,ANM,WE,Combination Non-Radar Approach Control & Tower w/o Radar,4,19,2,1,26,1,15,51,0,67,5,34,53,1,93,56,20,76,169
04/11/2004,HLN,MT,ANM,WE,Combination Non-Radar Approach Control & Tower w/o Radar,5,24,3,1,33,3,0,55,0,58,8,24,58,1,91,26,2,28,119
04/12/2004,HLN,MT,ANM,WE,Combination Non-Radar Approach Control & Tower w/o Radar,6,30,5,1,42,0,4,65,17,86,6,34,70,18,128,52,6,58,186
04/13/2004,HLN,MT,ANM,WE,Combination Non-Radar Approach Control & Tower w/o Radar,7,35,7,2,51,1,11,65,8,85,8,46,72,10,136,68,2,70,206
04/14/2004,HLN,MT,ANM,WE,Combination Non-Radar Approach Control & Tower w/o Radar,8,39,7,3,57,0,4,37,2,43,8,43,44,5,100,38,0,38,138
04/15/2004,HLN,MT,ANM,WE,Combination Non-Radar Approach Control & Tower w/o Radar,2,39,9,2,52,0,8,26,8,42,2,47,35,10,94,88,10,98,192
04/16/2004,HLN,MT,ANM,WE,Combination Non-Radar Approach Control & Tower w/o Radar,7,39,9,2,57,0,7,58,6,71,7,46,67,8,128,150,10,160,288
04/17/2004,HLN,MT,ANM,WE,Combination Non-Radar Approach Control & Tower w/o Radar,5,27,7,0,39,0,0,34,0,34,5,27,41,0,73,76,0,76,149
04/18/2004,HLN,MT,ANM,WE,Combination Non-Radar Approach Control & Tower w/o Radar,5,20,5,1,31,3,0,15,5,23,8,20,20,6,54,30,0,30,84
04/19/2004,HLN,MT,ANM,WE,Combination Non-Radar Approach Control & Tower w/o Radar,6,28,6,1,41,1,6,26,7,40,7,34,32,8,81,94,10,104,185
04/20/2004,HLN,MT,ANM,WE,Combination Non-Radar Approach Control & Tower w/o Radar,8,35,8,2,53,0,9,25,7,41,8,44,33,9,94,86,8,94,188
04/21/2004,HLN,MT,ANM,WE,Combination Non-Radar Approach Control & Tower w/o Radar,4,39,9,2,54,0,9,18,7,34,4,48,27,9,88,54,34,88,176
04/22/2004,HLN,MT,ANM,WE,Combination Non-Radar Approach Control & Tower w/o Radar,8,37,8,2,55,0,8,65,18,91,8,45,73,20,146,106,18,124,270
04/23/2004,HLN,MT,ANM,WE,Combination Non-Radar Approach Control & Tower w/o Radar,8,35,8,2,53,0,13,80,16,109,8,48,88,18,162,60,36,96,258
04/24/2004,HLN,MT,ANM,WE,Combination Non-Radar Approach Control & Tower w/o Radar,6,28,6,0,40,2,7,49,0,58,8,35,55,0,98,24,0,24,122
04/25/2004,HLN,MT,ANM,WE,Combination Non-Radar Approach Control & Tower w/o Radar,4,15,4,0,23,3,3,78,2,86,7,18,82,2,109,40,0,40,149
04/26/2004,HLN,MT,ANM,WE,Combination Non-Radar Approach Control & Tower w/o Radar,7,26,8,2,43,0,0,104,12,116,7,26,112,14,159,64,6,70,229
04/27/2004,HLN,MT,ANM,WE,Combination Non-Radar Approach Control & Tower w/o Radar,8,39,9,2,58,0,5,61,8,74,8,44,70,10,132,42,4,46,178
04/28/2004,HLN,MT,ANM,WE,Combination Non-Radar Approach Control & Tower w/o Radar,8,41,10,2,61,0,0,6,0,6,8,41,16,2,67,0,18,18,85
04/29/2004,HLN,MT,ANM,WE,Combination Non-Radar Approach Control & Tower w/o Radar,2,37,8,3,50,0,10,55,18,83,2,47,63,21,133,70,26,96,229
04/30/2004,HLN,MT,ANM,WE,Combination Non-Radar Approach Control & Tower w/o Radar,8,38,8,3,57,0,2,47,8,57,8,40,55,11,114,86,12,98,212
05/01/2004,HLN,MT,ANM,WE,Combination Non-Radar Approach Control & Tower w/o Radar,4,22,5,3,34,2,10,56,5,73,6,32,61,8,107,22,0,22,129
05/02/2004,HLN,MT,ANM,WE,Combination Non-Radar Approach Control & Tower w/o Radar,3,21,5,0,29,5,2,78,0,85,8,23,83,0,114,46,0,46,160
05/03/2004,HLN,MT,ANM,WE,Combination Non-Radar Approach Control & Tower w/o Radar,5,31,9,4,49,1,9,52,6,68,6,40,61,10,117,20,4,24,141
05/04/2004,HLN,MT,ANM,WE,Combination Non-Radar Approach Control & Tower w/o Radar,6,35,10,3,54,2,11,56,6,75,8,46,66,9,129,58,8,66,195
05/05/2004,HLN,MT,ANM,WE,Combination Non-Radar Approach Control & Tower w/o Radar,2,38,11,3,54,0,4,29,2,35,2,42,40,5,89,34,14,48,137
05/06/2004,HLN,MT,ANM,WE,Combination Non-Radar Approach Control & Tower w/o Radar,7,35,9,2,53,0,13,103,24,140,7,48,112,26,193,98,16,114,307
05/07/2004,HLN,MT,ANM,WE,Combination Non-Radar Approach Control & Tower w/o Radar,8,35,9,3,55,0,7,49,15,71,8,42,58,18,126,30,26,56,182
05/08/2004,HLN,MT,ANM,WE,Combination Non-Radar Approach Control & Tower w/o Radar,5,25,6,2,38,0,5,18,12,35,5,30,24,14,73,10,14,24,97
05/09/2004,HLN,MT,ANM,WE,Combination Non-Radar Approach Control & Tower w/o Radar,5,19,5,0,29,4,3,19,0,26,9,22,24,0,55,4,0,4,59
05/10/2004,HLN,MT,ANM,WE,Combination Non-Radar Approach Control & Tower w/o Radar,7,36,10,4,57,0,3,34,6,43,7,39,44,10,100,36,4,40,140
05/11/2004,HLN,MT,ANM,WE,Combination Non-Radar Approach Control & Tower w/o Radar,8,32,4,1,45,0,9,0,0,9,8,41,4,1,54,0,0,0,54
05/12/2004,HLN,MT,ANM,WE,Combination Non-Radar Approach Control & Tower w/o Radar,7,38,10,4,59,0,3,13,1,17,7,41,23,5,76,40,0,40,116
05/13/2004,HLN,MT,ANM,WE,Combination Non-Radar Approach Control & Tower w/o Radar,9,42,12,4,67,0,1,52,10,63,9,43,64,14,130,34,2,36,166
05/14/2004,HLN,MT,ANM,WE,Combination Non-Radar Approach Control & Tower w/o Radar,8,34,10,3,55,0,14,47,7,68,8,48,57,10,123,68,2,70,193
05/15/2004,HLN,MT,ANM,WE,Combination Non-Radar Approach Control & Tower w/o Radar,6,26,8,2,42,1,8,65,7,81,7,34,73,9,123,54,8,62,185
05/16/2004,HLN,MT,ANM,WE,Combination Non-Radar Approach Control & Tower w/o Radar,5,19,6,2,32,2,0,22,0,24,7,19,28,2,56,30,0,30,86
05/17/2004,HLN,MT,ANM,WE,Combination Non-Radar Approach Control & Tower w/o Radar,7,34,10,3,54,0,8,43,3,54,7,42,53,6,108,60,16,76,184
05/18/2004,HLN,MT,ANM,WE,Combination Non-Radar Approach Control & Tower w/o Radar,8,35,10,3,56,0,3,21,1,25,8,38,31,4,81,42,0,42,123
05/19/2004,HLN,MT,ANM,WE,Combination Non-Radar Approach Control & Tower w/o Radar,9,39,11,3,62,0,5,28,8,41,9,44,39,11,103,18,4,22,125
05/20/2004,HLN,MT,ANM,WE,Combination Non-Radar Approach Control & Tower w/o Radar,8,43,13,3,67,0,1,49,17,67,8,44,62,20,134,82,10,92,226
05/21/2004,HLN,MT,ANM,WE,Combination Non-Radar Approach Control & Tower w/o Radar,8,34,10,2,54,0,6,24,2,32,8,40,34,4,86,14,16,30,116
05/22/2004,HLN,MT,ANM,WE,Combination Non-Radar Approach Control & Tower w/o Radar,7,28,8,0,43,0,2,14,0,16,7,30,22,0,59,8,0,8,67
05/23/2004,HLN,MT,ANM,WE,Combination Non-Radar Approach Control & Tower w/o Radar,5,17,2,1,25,2,2,0,2,6,7,19,2,3,31,0,0,0,31
05/24/2004,HLN,MT,ANM,WE,Combination Non-Radar Approach Control & Tower w/o Radar,7,33,10,2,52,0,1,32,14,47,7,34,42,16,99,20,22,42,141
05/25/2004,HLN,MT,ANM,WE,Combination Non-Radar Approach Control & Tower w/o Radar,8,35,10,3,56,0,3,51,5,59,8,38,61,8,115,70,0,70,185
05/26/2004,HLN,MT,ANM,WE,Combination Non-Radar Approach Control & Tower w/o Radar,8,38,11,3,60,0,6,28,12,46,8,44,39,15,106,14,16,30,136
05/27/2004,HLN,MT,ANM,WE,Combination Non-Radar Approach Control & Tower w/o Radar,8,44,13,3,68,0,3,48,13,64,8,47,61,16,132,6,16,22,154
05/28/2004,HLN,MT,ANM,WE,Combination Non-Radar Approach Control & Tower w/o Radar,8,55,16,5,84,0,0,26,0,26,8,55,42,5,110,14,12,26,136
05/29/2004,HLN,MT,ANM,WE,Combination Non-Radar Approach Control & Tower w/o Radar,6,23,6,0,35,1,3,10,0,14,7,26,16,0,49,0,0,0,49
05/30/2004,HLN,MT,ANM,WE,Combination Non-Radar Approach Control & Tower w/o Radar,3,15,3,1,22,3,2,0,0,5,6,17,3,1,27,0,0,0,27
05/31/2004,HLN,MT,ANM,WE,Combination Non-Radar Approach Control & Tower w/o Radar,4,17,4,1,26,3,2,17,1,23,7,19,21,2,49,2,0,2,51
06/01/2004,HLN,MT,ANM,WE,Combination Non-Radar Approach Control & Tower w/o Radar,2,28,7,2,39,0,5,73,4,82,2,33,80,6,121,64,18,82,203
06/02/2004,HLN,MT,ANM,WE,Combination Non-Radar Approach Control & Tower w/o Radar,6,39,10,2,57,2,7,98,2,109,8,46,108,4,166,150,0,150,316
06/03/2004,HLN,MT,ANM,WE,Combination Non-Radar Approach Control & Tower w/o Radar,4,33,8,0,45,4,5,76,0,85,8,38,84,0,130,122,0,122,252
06/04/2004,HLN,MT,ANM,WE,Combination Non-Radar Approach Control & Tower w/o Radar,5,36,9,2,52,0,0,57,5,62,5,36,66,7,114,56,10,66,180
06/05/2004,HLN,MT,ANM,WE,Combination Non-Radar Approach Control & Tower w/o Radar,4,32,8,2,46,3,0,80,1,84,7,32,88,3,130,34,0,34,164
06/06/2004,HLN,MT,ANM,WE,Combination Non-Radar Approach Control & Tower w/o Radar,4,21,5,1,31,4,3,20,3,30,8,24,25,4,61,26,0,26,87
06/07/2004,HLN,MT,ANM,WE,Combination Non-Radar Approach Control & Tower w/o Radar,5,28,7,2,42,1,7,36,10,54,6,35,43,12,96,38,6,44,140
06/08/2004,HLN,MT,ANM,WE,Combination Non-Radar Approach Control & Tower w/o Radar,7,37,9,2,55,0,6,19,7,32,7,43,28,9,87,34,6,40,127
06/09/2004,HLN,MT,ANM,WE,Combination Non-Radar Approach Control & Tower w/o Radar,7,41,11,3,62,0,0,57,7,64,7,41,68,10,126,76,4,80,206
06/10/2004,HLN,MT,ANM,WE,Combination Non-Radar Approach Control & Tower w/o Radar,8,39,10,2,59,0,2,17,6,25,8,41,27,8,84,76,16,92,176
06/11/2004,HLN,MT,ANM,WE,Combination Non-Radar Approach Control & Tower w/o Radar,8,44,11,2,65,0,0,22,0,22,8,44,33,2,87,8,0,8,95
06/12/2004,HLN,MT,ANM,WE,Combination Non-Radar Approach Control & Tower w/o Radar,7,33,8,0,48,2,4,42,0,48,9,37,50,0,96,22,0,22,118
06/13/2004,HLN,MT,ANM,WE,Combination Non-Radar Approach Control & Tower w/o Radar,5,21,6,2,34,2,1,29,8,40,7,22,35,10,74,22,4,26,100
06/14/2004,HLN,MT,ANM,WE,Combination Non-Radar Approach Control & Tower w/o Radar,5,28,8,2,43,2,9,24,5,40,7,37,32,7,83,0,0,0,83
06/15/2004,HLN,MT,ANM,WE,Combination Non-Radar Approach Control & Tower w/o Radar,2,35,10,2,49,0,13,47,2,62,2,48,57,4,111,42,0,42,153
06/16/2004,HLN,MT,ANM,WE,Combination Non-Radar Approach Control & Tower w/o Radar,8,37,11,2,58,0,12,104,7,123,8,49,115,9,181,72,0,72,253
06/17/2004,HLN,MT,ANM,WE,Combination Non-Radar Approach Control & Tower w/o Radar,8,40,11,1,60,0,12,53,18,83,8,52,64,19,143,60,40,100,243
06/18/2004,HLN,MT,ANM,WE,Combination Non-Radar Approach Control & Tower w/o Radar,6,35,10,1,52,0,11,20,7,38,6,46,30,8,90,48,0,48,138
06/19/2004,HLN,MT,ANM,WE,Combination Non-Radar Approach Control & Tower w/o Radar,7,32,9,1,49,1,8,39,5,53,8,40,48,6,102,0,0,0,102
06/20/2004,HLN,MT,ANM,WE,Combination Non-Radar Approach Control & Tower w/o Radar,6,24,7,1,38,1,6,76,2,85,7,30,83,3,123,26,0,26,149
06/21/2004,HLN,MT,ANM,WE,Combination Non-Radar Approach Control & Tower w/o Radar,6,29,8,1,44,1,7,54,11,73,7,36,62,12,117,62,12,74,191
06/22/2004,HLN,MT,ANM,WE,Combination Non-Radar Approach Control & Tower w/o Radar,8,37,11,1,57,0,9,70,6,85,8,46,81,7,142,82,4,86,228
06/23/2004,HLN,MT,ANM,WE,Combination Non-Radar Approach Control & Tower w/o Radar,7,32,9,1,49,1,13,97,7,118,8,45,106,8,167,104,0,104,271
06/24/2004,HLN,MT,ANM,WE,Combination Non-Radar Approach Control & Tower w/o Radar,8,40,11,1,60,0,7,82,11,100,8,47,93,12,160,92,10,102,262
06/25/2004,HLN,MT,ANM,WE,Combination Non-Radar Approach Control & Tower w/o Radar,8,40,11,1,60,0,8,59,21,88,8,48,70,22,148,62,2,64,212
06/26/2004,HLN,MT,ANM,WE,Combination Non-Radar Approach Control & Tower w/o Radar,6,31,9,0,46,0,1,31,0,32,6,32,40,0,78,40,0,40,118
06/27/2004,HLN,MT,ANM,WE,Combination Non-Radar Approach Control & Tower w/o Radar,5,23,7,1,36,2,1,39,1,43,7,24,46,2,79,22,0,22,101
06/28/2004,HLN,MT,ANM,WE,Combination Non-Radar Approach Control & Tower w/o Radar,6,29,9,1,45,1,9,52,9,71,7,38,61,10,116,28,8,36,152
06/29/2004,HLN,MT,ANM,WE,Combination Non-Radar Approach Control & Tower w/o Radar,8,42,11,2,63,0,0,77,8,85,8,42,88,10,148,82,20,102,250
06/30/2004,HLN,MT,ANM,WE,Combination Non-Radar Approach Control & Tower w/o Radar,2,46,12,2,62,0,4,68,16,88,2,50,80,18,150,116,8,124,274
07/01/2004,HLN,MT,ANM,WE,Combination Non-Radar Approach Control & Tower w/o Radar,9,43,12,4,68,1,3,62,13,79,10,46,74,17,147,88,14,102,249
07/02/2004,HLN,MT,ANM,WE,Combination Non-Radar Approach Control & Tower w/o Radar,7,36,11,4,58,0,0,73,9,82,7,36,84,13,140,52,18,70,210
07/03/2004,HLN,MT,ANM,WE,Combination Non-Radar Approach Control & Tower w/o Radar,6,30,7,0,43,4,5,41,0,50,10,35,48,0,93,12,0,12,105
07/04/2004,HLN,MT,ANM,WE,Combination Non-Radar Approach Control & Tower w/o Radar,3,18,4,0,25,2,0,21,0,23,5,18,25,0,48,32,0,32,80
07/05/2004,HLN,MT,ANM,WE,Combination Non-Radar Approach Control & Tower w/o Radar,4,19,5,1,29,2,0,33,0,35,6,19,38,1,64,8,0,8,72
07/06/2004,HLN,MT,ANM,WE,Combination Non-Radar Approach Control & Tower w/o Radar,7,32,9,3,51,1,8,44,2,55,8,40,53,5,106,30,4,34,140
07/07/2004,HLN,MT,ANM,WE,Combination Non-Radar Approach Control & Tower w/o Radar,6,43,13,4,66,0,0,39,14,53,6,43,52,18,119,6,24,30,149
07/08/2004,HLN,MT,ANM,WE,Combination Non-Radar Approach Control & Tower w/o Radar,7,39,11,3,60,0,2,45,19,66,7,41,56,22,126,34,30,64,190
07/09/2004,HLN,MT,ANM,WE,Combination Non-Radar Approach Control & Tower w/o Radar,6,30,8,3,47,2,14,52,9,77,8,44,60,12,124,54,14,68,192
07/10/2004,HLN,MT,ANM,WE,Combination Non-Radar Approach Control & Tower w/o Radar,6,31,10,2,49,3,6,44,15,68,9,37,54,17,117,52,6,58,175
07/11/2004,HLN,MT,ANM,WE,Combination Non-Radar Approach Control & Tower w/o Radar,5,20,7,0,32,2,9,50,0,61,7,29,57,0,93,20,0,20,113
07/12/2004,HLN,MT,ANM,WE,Combination Non-Radar Approach Control & Tower w/o Radar,6,25,8,2,41,1,13,60,8,82,7,38,68,10,123,70,6,76,199
07/13/2004,HLN,MT,ANM,WE,Combination Non-Radar Approach Control & Tower w/o Radar,8,31,10,2,51,0,13,66,12,91,8,44,76,14,142,18,32,50,192
07/14/2004,HLN,MT,ANM,WE,Combination Non-Radar Approach Control & Tower w/o Radar,8,34,11,2,55,0,16,83,8,107,8,50,94,10,162,70,6,76,238
07/15/2004,HLN,MT,ANM,WE,Combination Non-Radar Approach Control & Tower w/o Radar,8,42,13,3,66,0,2,73,5,80,8,44,86,8,146,58,4,62,208
07/16/2004,HLN,MT,ANM,WE,Combination Non-Radar Approach Control & Tower w/o Radar,8,31,10,2,51,0,11,69,1,81,8,42,79,3,132,44,2,46,178
07/17/2004,HLN,MT,ANM,WE,Combination Non-Radar Approach Control & Tower w/o Radar,6,27,9,2,44,1,12,63,0,76,7,39,72,2,120,34,0,34,154
07/18/2004,HLN,MT,ANM,WE,Combination Non-Radar Approach Control & Tower w/o Radar,5,19,6,2,32,2,10,62,2,76,7,29,68,4,108,42,0,42,150
07/19/2004,HLN,MT,ANM,WE,Combination Non-Radar Approach Control & Tower w/o Radar,7,36,11,3,57,0,2,59,9,70,7,38,70,12,127,40,6,46,173
07/20/2004,HLN,MT,ANM,WE,Combination Non-Radar Approach Control & Tower w/o Radar,8,37,12,3,60,0,14,54,13,81,8,51,66,16,141,74,28,102,243
07/21/2004,HLN,MT,ANM,WE,Combination Non-Radar Approach Control & Tower w/o Radar,8,38,12,3,61,0,10,90,7,107,8,48,102,10,168,38,0,38,206
07/22/2004,HLN,MT,ANM,WE,Combination Non-Radar Approach Control & Tower w/o Radar,8,34,11,2,55,0,18,66,18,102,8,52,77,20,157,46,12,58,215
07/23/2004,HLN,MT,ANM,WE,Combination Non-Radar Approach Control & Tower w/o Radar,8,39,13,3,63,0,17,85,6,108,8,56,98,9,171,60,28,88,259
07/24/2004,HLN,MT,ANM,WE,Combination Non-Radar Approach Control & Tower w/o Radar,9,38,12,3,62,0,3,84,24,111,9,41,96,27,173,22,44,66,239
07/25/2004,HLN,MT,ANM,WE,Combination Non-Radar Approach Control & Tower w/o Radar,6,23,7,1,37,1,2,64,1,68,7,25,71,2,105,12,0,12,117
07/26/2004,HLN,MT,ANM,WE,Combination Non-Radar Approach Control & Tower w/o Radar,7,30,10,2,49,0,7,80,5,92,7,37,90,7,141,62,14,76,217
07/27/2004,HLN,MT,ANM,WE,Combination Non-Radar Approach Control & Tower w/o Radar,8,37,12,2,59,0,15,85,8,108,8,52,97,10,167,100,18,118,285
07/28/2004,HLN,MT,ANM,WE,Combination Non-Radar Approach Control & Tower w/o Radar,8,38,11,3,60,0,15,82,16,113,8,53,93,19,173,48,2,50,223
07/29/2004,HLN,MT,ANM,WE,Combination Non-Radar Approach Control & Tower w/o Radar,7,41,12,3,63,0,4,59,5,68,7,45,71,8,131,62,8,70,201
07/30/2004,HLN,MT,ANM,WE,Combination Non-Radar Approach Control & Tower w/o Radar,7,40,11,3,61,0,8,78,9,95,7,48,89,12,156,66,40,106,262
07/31/2004,HLN,MT,ANM,WE,Combination Non-Radar Approach Control & Tower w/o Radar,6,25,7,0,38,2,7,62,0,71,8,32,69,0,109,10,0,10,119
08/01/2004,HLN,MT,ANM,WE,Combination Non-Radar Approach Control & Tower w/o Radar,5,23,7,0,35,2,0,68,0,70,7,23,75,0,105,24,0,24,129
08/02/2004,HLN,MT,ANM,WE,Combination Non-Radar Approach Control & Tower w/o Radar,5,31,9,2,47,2,4,62,1,69,7,35,71,3,116,36,0,36,152
08/03/2004,HLN,MT,ANM,WE,Combination Non-Radar Approach Control & Tower w/o Radar,6,38,11,2,57,2,4,57,7,70,8,42,68,9,127,68,8,76,203
08/04/2004,HLN,MT,ANM,WE,Combination Non-Radar Approach Control & Tower w/o Radar,7,41,12,3,63,1,2,82,4,89,8,43,94,7,152,24,0,24,176
08/05/2004,HLN,MT,ANM,WE,Combination Non-Radar Approach Control & Tower w/o Radar,6,33,9,2,50,0,23,39,0,62,6,56,48,2,112,24,0,24,136
08/06/2004,HLN,MT,ANM,WE,Combination Non-Radar Approach Control & Tower w/o Radar,8,45,12,3,68,0,0,78,17,95,8,45,90,20,163,24,16,40,203
08/07/2004,HLN,MT,ANM,WE,Combination Non-Radar Approach Control & Tower w/o Radar,6,25,6,1,38,2,5,38,0,45,8,30,44,1,83,18,0,18,101
08/08/2004,HLN,MT,ANM,WE,Combination Non-Radar Approach Control & Tower w/o Radar,5,19,6,0,30,2,0,74,0,76,7,19,80,0,106,10,0,10,116
08/09/2004,HLN,MT,ANM,WE,Combination Non-Radar Approach Control & Tower w/o Radar,7,31,9,2,49,0,0,57,8,65,7,31,66,10,114,34,8,42,156
08/10/2004,HLN,MT,ANM,WE,Combination Non-Radar Approach Control & Tower w/o Radar,7,38,11,3,59,0,18,59,11,88,7,56,70,14,147,8,18,26,173
08/11/2004,HLN,MT,ANM,WE,Combination Non-Radar Approach Control & Tower w/o Radar,6,25,7,2,40,2,18,68,9,97,8,43,75,11,137,10,12,22,159
08/12/2004,HLN,MT,ANM,WE,Combination Non-Radar Approach Control & Tower w/o Radar,7,36,12,2,57,0,12,66,9,87,7,48,78,11,144,24,4,28,172
08/13/2004,HLN,MT,ANM,WE,Combination Non-Radar Approach Control & Tower w/o Radar,8,39,13,3,63,0,5,80,29,114,8,44,93,32,177,86,12,98,275
08/14/2004,HLN,MT,ANM,WE,Combination Non-Radar Approach Control & Tower w/o Radar,6,24,8,0,38,1,5,93,0,99,7,29,101,0,137,62,0,62,199
08/15/2004,HLN,MT,ANM,WE,Combination Non-Radar Approach Control & Tower w/o Radar,5,18,6,1,30,2,3,46,0,51,7,21,52,1,81,28,0,28,109
08/16/2004,HLN,MT,ANM,WE,Combination Non-Radar Approach Control & Tower w/o Radar,7,29,10,1,47,0,7,38,1,46,7,36,48,2,93,0,6,6,99
08/17/2004,HLN,MT,ANM,WE,Combination Non-Radar Approach Control & Tower w/o Radar,7,30,10,1,48,1,16,65,1,83,8,46,75,2,131,14,22,36,167
08/18/2004,HLN,MT,ANM,WE,Combination Non-Radar Approach Control & Tower w/o Radar,8,37,12,2,59,0,10,57,14,81,8,47,69,16,140,54,0,54,194
08/19/2004,HLN,MT,ANM,WE,Combination Non-Radar Approach Control & Tower w/o Radar,8,37,12,2,59,0,8,61,11,80,8,45,73,13,139,66,0,66,205
08/20/2004,HLN,MT,ANM,WE,Combination Non-Radar Approach Control & Tower w/o Radar,8,38,12,2,60,0,5,61,13,79,8,43,73,15,139,30,10,40,179
08/21/2004,HLN,MT,ANM,WE,Combination Non-Radar Approach Control & Tower w/o Radar,8,31,10,1,50,0,0,93,20,113,8,31,103,21,163,18,30,48,211
08/22/2004,HLN,MT,ANM,WE,Combination Non-Radar Approach Control & Tower w/o Radar,5,23,8,1,37,2,2,32,4,40,7,25,40,5,77,12,4,16,93
08/23/2004,HLN,MT,ANM,WE,Combination Non-Radar Approach Control & Tower w/o Radar,2,30,10,1,43,0,4,6,3,13,2,34,16,4,56,2,8,10,66
08/24/2004,HLN,MT,ANM,WE,Combination Non-Radar Approach Control & Tower w/o Radar,7,34,11,1,53,0,8,42,4,54,7,42,53,5,107,64,4,68,175
08/25/2004,HLN,MT,ANM,WE,Combination Non-Radar Approach Control & Tower w/o Radar,8,42,14,2,66,0,6,44,3,53,8,48,58,5,119,44,0,44,163
08/26/2004,HLN,MT,ANM,WE,Combination Non-Radar Approach Control & Tower w/o Radar,8,41,13,2,64,0,5,22,8,35,8,46,35,10,99,24,8,32,131
08/27/2004,HLN,MT,ANM,WE,Combination Non-Radar Approach Control & Tower w/o Radar,8,41,13,2,64,0,3,60,4,67,8,44,73,6,131,28,4,32,163
08/28/2004,HLN,MT,ANM,WE,Combination Non-Radar Approach Control & Tower w/o Radar,6,29,10,1,46,2,4,46,1,53,8,33,56,2,99,20,2,22,121
08/29/2004,HLN,MT,ANM,WE,Combination Non-Radar Approach Control & Tower w/o Radar,5,22,8,1,36,2,2,56,1,61,7,24,64,2,97,16,0,16,113
08/30/2004,HLN,MT,ANM,WE,Combination Non-Radar Approach Control & Tower w/o Radar,2,31,10,1,44,0,6,47,10,63,2,37,57,11,107,20,4,24,131
08/31/2004,HLN,MT,ANM,WE,Combination Non-Radar Approach Control & Tower w/o Radar,8,33,10,1,52,0,15,78,11,104,8,48,88,12,156,44,18,62,218
09/01/2004,HLN,MT,ANM,WE,Combination Non-Radar Approach Control & Tower w/o Radar,3,36,10,2,51,4,10,49,6,69,7,46,59,8,120,12,0,12,132
09/02/2004,HLN,MT,ANM,WE,Combination Non-Radar Approach Control & Tower w/o Radar,3,40,10,2,55,2,1,16,2,21,5,41,26,4,76,4,0,4,80
09/03/2004,HLN,MT,ANM,WE,Combination Non-Radar Approach Control & Tower w/o Radar,4,44,12,2,62,2,0,53,2,57,6,44,65,4,119,28,0,28,147
09/04/2004,HLN,MT,ANM,WE,Combination Non-Radar Approach Control & Tower w/o Radar,3,26,5,0,34,3,3,37,0,43,6,29,42,0,77,30,0,30,107
09/05/2004,HLN,MT,ANM,WE,Combination Non-Radar Approach Control & Tower w/o Radar,3,19,4,0,26,1,0,13,0,14,4,19,17,0,40,2,0,2,42
09/06/2004,HLN,MT,ANM,WE,Combination Non-Radar Approach Control & Tower w/o Radar,3,23,5,0,31,2,1,44,0,47,5,24,49,0,78,30,0,30,108
09/07/2004,HLN,MT,ANM,WE,Combination Non-Radar Approach Control & Tower w/o Radar,6,42,11,2,61,0,0,70,7,77,6,42,81,9,138,16,0,16,154
09/08/2004,HLN,MT,ANM,WE,Combination Non-Radar Approach Control & Tower w/o Radar,6,38,11,2,57,0,8,53,1,62,6,46,64,3,119,14,2,16,135
09/09/2004,HLN,MT,ANM,WE,Combination Non-Radar Approach Control & Tower w/o Radar,4,34,10,2,50,2,9,24,12,47,6,43,34,14,97,32,16,48,145
09/10/2004,HLN,MT,ANM,WE,Combination Non-Radar Approach Control & Tower w/o Radar,6,43,13,2,64,0,2,51,4,57,6,45,64,6,121,50,4,54,175
09/11/2004,HLN,MT,ANM,WE,Combination Non-Radar Approach Control & Tower w/o Radar,6,32,11,2,51,0,0,58,6,64,6,32,69,8,115,40,0,40,155
09/12/2004,HLN,MT,ANM,WE,Combination Non-Radar Approach Control & Tower w/o Radar,4,23,7,1,35,1,0,12,18,31,5,23,19,19,66,10,8,18,84
09/13/2004,HLN,MT,ANM,WE,Combination Non-Radar Approach Control & Tower w/o Radar,0,31,9,2,42,0,9,23,4,36,0,40,32,6,78,2,16,18,96
09/14/2004,HLN,MT,ANM,WE,Combination Non-Radar Approach Control & Tower w/o Radar,6,42,13,2,63,0,10,25,5,40,6,52,38,7,103,18,4,22,125
09/15/2004,HLN,MT,ANM,WE,Combination Non-Radar Approach Control & Tower w/o Radar,5,43,13,1,62,0,13,43,8,64,5,56,56,9,126,44,8,52,178
09/16/2004,HLN,MT,ANM,WE,Combination Non-Radar Approach Control & Tower w/o Radar,5,41,12,1,59,0,4,37,11,52,5,45,49,12,111,10,14,24,135
09/17/2004,HLN,MT,ANM,WE,Combination Non-Radar Approach Control & Tower w/o Radar,5,39,12,1,57,1,6,39,9,55,6,45,51,10,112,32,2,34,146
09/18/2004,HLN,MT,ANM,WE,Combination Non-Radar Approach Control & Tower w/o Radar,4,29,9,1,43,1,6,27,2,36,5,35,36,3,79,18,4,22,101
09/19/2004,HLN,MT,ANM,WE,Combination Non-Radar Approach Control & Tower w/o Radar,0,22,7,0,29,0,5,16,0,21,0,27,23,0,50,36,0,36,86
09/20/2004,HLN,MT,ANM,WE,Combination Non-Radar Approach Control & Tower w/o Radar,4,33,10,1,48,1,4,8,0,13,5,37,18,1,61,0,2,2,63
09/21/2004,HLN,MT,ANM,WE,Combination Non-Radar Approach Control & Tower w/o Radar,5,42,12,0,59,0,7,22,0,29,5,49,34,0,88,22,0,22,110
09/22/2004,HLN,MT,ANM,WE,Combination Non-Radar Approach Control & Tower w/o Radar,6,48,14,0,68,0,4,29,0,33,6,52,43,0,101,42,2,44,145
09/23/2004,HLN,MT,ANM,WE,Combination Non-Radar Approach Control & Tower w/o Radar,4,48,14,1,67,0,2,71,5,78,4,50,85,6,145,42,0,42,187
09/24/2004,HLN,MT,ANM,WE,Combination Non-Radar Approach Control & Tower w/o Radar,5,40,12,1,58,4,13,67,2,86,9,53,79,3,144,44,0,44,188
09/25/2004,HLN,MT,ANM,WE,Combination Non-Radar Approach Control & Tower w/o Radar,4,30,9,1,44,0,4,70,4,78,4,34,79,5,122,62,0,62,184
09/26/2004,HLN,MT,ANM,WE,Combination Non-Radar Approach Control & Tower w/o Radar,0,23,6,0,29,0,2,78,2,82,0,25,84,2,111,50,0,50,161
09/27/2004,HLN,MT,ANM,WE,Combination Non-Radar Approach Control & Tower w/o Radar,0,38,10,1,49,0,5,58,3,66,0,43,68,4,115,30,0,30,145
09/28/2004,HLN,MT,ANM,WE,Combination Non-Radar Approach Control & Tower w/o Radar,5,30,11,0,46,1,0,42,0,43,6,30,53,0,89,30,0,30,119
09/29/2004,HLN,MT,ANM,WE,Combination Non-Radar Approach Control & Tower w/o Radar,5,39,10,1,55,1,5,62,3,71,6,44,72,4,126,54,12,66,192
09/30/2004,HLN,MT,ANM,WE,Combination Non-Radar Approach Control & Tower w/o Radar,4,40,11,1,56,0,7,22,3,32,4,47,33,4,88,8,0,8,96
10/01/2004,HLN,MT,ANM,WE,Combination Non-Radar Approach Control & Tower w/o Radar,7,45,2,1,55,0,3,44,7,54,7,48,46,8,109,26,6,32,141
10/02/2004,HLN,MT,ANM,WE,Combination Non-Radar Approach Control & Tower w/o Radar,4,29,6,1,40,0,7,57,2,66,4,36,63,3,106,10,0,10,116
10/03/2004,HLN,MT,ANM,WE,Combination Non-Radar Approach Control & Tower w/o Radar,0,23,2,3,28,0,0,66,0,66,0,23,68,3,94,76,12,88,182
10/04/2004,HLN,MT,ANM,WE,Combination Non-Radar Approach Control & Tower w/o Radar,5,27,8,0,40,0,10,59,4,73,5,37,67,4,113,46,2,48,161
10/05/2004,HLN,MT,ANM,WE,Combination Non-Radar Approach Control & Tower w/o Radar,6,43,7,0,56,0,11,74,4,89,6,54,81,4,145,26,0,26,171
10/06/2004,HLN,MT,ANM,WE,Combination Non-Radar Approach Control & Tower w/o Radar,6,39,8,2,55,0,3,42,2,47,6,42,50,4,102,62,0,62,164
10/07/2004,HLN,MT,ANM,WE,Combination Non-Radar Approach Control & Tower w/o Radar,6,44,10,2,62,0,5,38,0,43,6,49,48,2,105,22,0,22,127
10/08/2004,HLN,MT,ANM,WE,Combination Non-Radar Approach Control & Tower w/o Radar,6,43,11,0,60,0,3,52,0,55,6,46,63,0,115,22,0,22,137
10/09/2004,HLN,MT,ANM,WE,Combination Non-Radar Approach Control & Tower w/o Radar,4,31,9,0,44,0,1,45,0,46,4,32,54,0,90,16,0,16,106
10/10/2004,HLN,MT,ANM,WE,Combination Non-Radar Approach Control & Tower w/o Radar,0,25,7,0,32,0,1,39,0,40,0,26,46,0,72,34,0,34,106
10/11/2004,HLN,MT,ANM,WE,Combination Non-Radar Approach Control & Tower w/o Radar,5,23,6,0,34,0,5,58,0,63,5,28,64,0,97,36,0,36,133
10/12/2004,HLN,MT,ANM,WE,Combination Non-Radar Approach Control & Tower w/o Radar,6,32,12,4,54,0,6,29,3,38,6,38,41,7,92,36,10,46,138
10/13/2004,HLN,MT,ANM,WE,Combination Non-Radar Approach Control & Tower w/o Radar,6,39,10,2,57,0,2,35,7,44,6,41,45,9,101,38,8,46,147
10/14/2004,HLN,MT,ANM,WE,Combination Non-Radar Approach Control & Tower w/o Radar,5,39,11,4,59,0,5,39,3,47,5,44,50,7,106,50,8,58,164
10/15/2004,HLN,MT,ANM,WE,Combination Non-Radar Approach Control & Tower w/o Radar,6,42,10,3,61,0,2,22,11,35,6,44,32,14,96,16,14,30,126
10/16/2004,HLN,MT,ANM,WE,Combination Non-Radar Approach Control & Tower w/o Radar,5,29,11,0,45,0,2,17,4,23,5,31,28,4,68,28,10,38,106
10/17/2004,HLN,MT,ANM,WE,Combination Non-Radar Approach Control & Tower w/o Radar,0,28,3,2,33,0,3,7,0,10,0,31,10,2,43,60,0,60,103
10/18/2004,HLN,MT,ANM,WE,Combination Non-Radar Approach Control & Tower w/o Radar,5,30,7,1,43,0,0,10,2,12,5,30,17,3,55,14,2,16,71
10/19/2004,HLN,MT,ANM,WE,Combination Non-Radar Approach Control & Tower w/o Radar,6,34,7,0,47,0,10,47,8,65,6,44,54,8,112,44,2,46,158
10/20/2004,HLN,MT,ANM,WE,Combination Non-Radar Approach Control & Tower w/o Radar,5,45,8,3,61,0,5,25,5,35,5,50,33,8,96,40,10,50,146
10/21/2004,HLN,MT,ANM,WE,Combination Non-Radar Approach Control & Tower w/o Radar,6,43,14,1,64,0,4,7,3,14,6,47,21,4,78,32,10,42,120
10/22/2004,HLN,MT,ANM,WE,Combination Non-Radar Approach Control & Tower w/o Radar,6,49,15,0,70,0,2,47,7,56,6,51,62,7,126,34,0,34,160
10/23/2004,HLN,MT,ANM,WE,Combination Non-Radar Approach Control & Tower w/o Radar,5,31,4,0,40,0,0,38,0,38,5,31,42,0,78,26,0,26,104
10/24/2004,HLN,MT,ANM,WE,Combination Non-Radar Approach Control & Tower w/o Radar,0,28,3,0,31,0,0,18,0,18,0,28,21,0,49,32,0,32,81
10/25/2004,HLN,MT,ANM,WE,Combination Non-Radar Approach Control & Tower w/o Radar,5,31,17,2,55,0,7,49,6,62,5,38,66,8,117,62,8,70,187
10/26/2004,HLN,MT,ANM,WE,Combination Non-Radar Approach Control & Tower w/o Radar,6,36,7,1,50,0,6,43,3,52,6,42,50,4,102,74,0,74,176
10/27/2004,HLN,MT,ANM,WE,Combination Non-Radar Approach Control & Tower w/o Radar,6,39,7,3,55,0,8,67,9,84,6,47,74,12,139,70,0,70,209
10/28/2004,HLN,MT,ANM,WE,Combination Non-Radar Approach Control & Tower w/o Radar,6,47,7,3,63,0,2,32,2,36,6,49,39,5,99,66,0,66,165
10/29/2004,HLN,MT,ANM,WE,Combination Non-Radar Approach Control & Tower w/o Radar,6,45,13,3,67,0,6,22,4,32,6,51,35,7,99,16,0,16,115
10/30/2004,HLN,MT,ANM,WE,Combination Non-Radar Approach Control & Tower w/o Radar,5,29,5,0,39,0,0,20,0,20,5,29,25,0,59,40,0,40,99
10/31/2004,HLN,MT,ANM,WE,Combination Non-Radar Approach Control & Tower w/o Radar,3,19,0,0,22,0,0,16,0,16,3,19,16,0,38,22,0,22,60
11/01/2004,HLN,MT,ANM,WE,Combination Non-Radar Approach Control & Tower w/o Radar,3,34,10,0,47,0,5,43,0,48,3,39,53,0,95,18,0,18,113
11/02/2004,HLN,MT,ANM,WE,Combination Non-Radar Approach Control & Tower w/o Radar,4,40,8,2,54,0,5,11,0,16,4,45,19,2,70,8,0,8,78
11/03/2004,HLN,MT,ANM,WE,Combination Non-Radar Approach Control & Tower w/o Radar,3,43,16,0,62,0,3,5,0,8,3,46,21,0,70,10,0,10,80
11/04/2004,HLN,MT,ANM,WE,Combination Non-Radar Approach Control & Tower w/o Radar,4,40,13,2,59,0,16,33,2,51,4,56,46,4,110,36,6,42,152
11/05/2004,HLN,MT,ANM,WE,Combination Non-Radar Approach Control & Tower w/o Radar,4,39,15,1,59,0,4,33,10,47,4,43,48,11,106,36,10,46,152
11/06/2004,HLN,MT,ANM,WE,Combination Non-Radar Approach Control & Tower w/o Radar,5,30,3,0,38,0,2,46,12,60,5,32,49,12,98,34,6,40,138
11/07/2004,HLN,MT,ANM,WE,Combination Non-Radar Approach Control & Tower w/o Radar,3,20,6,0,29,0,4,41,2,47,3,24,47,2,76,88,0,88,164
11/08/2004,HLN,MT,ANM,WE,Combination Non-Radar Approach Control & Tower w/o Radar,3,30,5,1,39,0,5,57,5,67,3,35,62,6,106,54,12,66,172
11/09/2004,HLN,MT,ANM,WE,Combination Non-Radar Approach Control & Tower w/o Radar,3,44,5,2,54,0,4,86,4,94,3,48,91,6,148,76,0,76,224
11/10/2004,HLN,MT,ANM,WE,Combination Non-Radar Approach Control & Tower w/o Radar,4,42,9,5,60,0,6,39,4,49,4,48,48,9,109,8,18,26,135
11/11/2004,HLN,MT,ANM,WE,Combination Non-Radar Approach Control & Tower w/o Radar,4,37,10,0,51,0,13,36,4,53,4,50,46,4,104,6,0,6,110
11/12/2004,HLN,MT,ANM,WE,Combination Non-Radar Approach Control & Tower w/o Radar,4,36,10,0,50,0,7,58,5,70,4,43,68,5,120,24,0,24,144
11/13/2004,HLN,MT,ANM,WE,Combination Non-Radar Approach Control & Tower w/o Radar,4,28,4,0,36,0,0,52,12,64,4,28,56,12,100,52,12,64,164
11/14/2004,HLN,MT,ANM,WE,Combination Non-Radar Approach Control & Tower w/o Radar,3,20,5,0,28,0,4,53,0,57,3,24,58,0,85,110,0,110,195
11/15/2004,HLN,MT,ANM,WE,Combination Non-Radar Approach Control & Tower w/o Radar,3,30,11,0,44,0,9,36,10,55,3,39,47,10,99,48,16,64,163
11/16/2004,HLN,MT,ANM,WE,Combination Non-Radar Approach Control & Tower w/o Radar,3,40,11,1,55,0,4,31,3,38,3,44,42,4,93,28,6,34,127
11/17/2004,HLN,MT,ANM,WE,Combination Non-Radar Approach Control & Tower w/o Radar,4,42,13,0,59,0,5,20,9,34,4,47,33,9,93,0,0,0,93
11/18/2004,HLN,MT,ANM,WE,Combination Non-Radar Approach Control & Tower w/o Radar,3,41,10,2,56,0,5,43,5,53,3,46,53,7,109,32,4,36,145
11/19/2004,HLN,MT,ANM,WE,Combination Non-Radar Approach Control & Tower w/o Radar,4,50,11,1,66,0,2,13,6,21,4,52,24,7,87,16,8,24,111
11/20/2004,HLN,MT,ANM,WE,Combination Non-Radar Approach Control & Tower w/o Radar,5,31,15,2,53,0,3,17,5,25,5,34,32,7,78,24,16,40,118
11/21/2004,HLN,MT,ANM,WE,Combination Non-Radar Approach Control & Tower w/o Radar,3,20,2,0,25,0,2,30,0,32,3,22,32,0,57,40,0,40,97
11/22/2004,HLN,MT,ANM,WE,Combination Non-Radar Approach Control & Tower w/o Radar,3,32,9,0,44,0,5,9,0,14,3,37,18,0,58,22,0,22,80
11/23/2004,HLN,MT,ANM,WE,Combination Non-Radar Approach Control & Tower w/o Radar,3,44,9,0,56,0,4,21,6,31,3,48,30,6,87,20,0,20,107
11/24/2004,HLN,MT,ANM,WE,Combination Non-Radar Approach Control & Tower w/o Radar,3,46,7,0,56,0,1,10,0,11,3,47,17,0,67,38,0,38,105
11/25/2004,HLN,MT,ANM,WE,Combination Non-Radar Approach Control & Tower w/o Radar,5,23,2,0,30,0,0,8,0,8,5,23,10,0,38,24,0,24,62
11/26/2004,HLN,MT,ANM,WE,Combination Non-Radar Approach Control & Tower w/o Radar,1,40,1,0,42,0,0,12,0,12,1,40,13,0,54,12,0,12,66
11/27/2004,HLN,MT,ANM,WE,Combination Non-Radar Approach Control & Tower w/o Radar,4,30,4,0,38,0,1,26,2,29,4,31,30,2,67,28,0,28,95
11/28/2004,HLN,MT,ANM,WE,Combination Non-Radar Approach Control & Tower w/o Radar,3,24,6,0,33,0,4,22,0,26,3,28,28,0,59,60,0,60,119
11/29/2004,HLN,MT,ANM,WE,Combination Non-Radar Approach Control & Tower w/o Radar,3,32,2,0,37,0,4,39,2,45,3,36,41,2,82,42,0,42,124
11/30/2004,HLN,MT,ANM,WE,Combination Non-Radar Approach Control & Tower w/o Radar,4,45,10,2,61,0,0,42,7,49,4,45,52,9,110,70,4,74,184
12/01/2004,HLN,MT,ANM,WE,Combination Non-Radar Approach Control & Tower w/o Radar,3,43,16,0,62,0,3,18,0,21,3,46,34,0,83,10,0,10,93
12/02/2004,HLN,MT,ANM,WE,Combination Non-Radar Approach Control & Tower w/o Radar,4,43,7,0,54,0,4,29,1,34,4,47,36,1,88,0,0,0,88
12/03/2004,HLN,MT,ANM,WE,Combination Non-Radar Approach Control & Tower w/o Radar,3,41,9,0,53,0,6,37,4,47,3,47,46,4,100,28,4,32,132
12/04/2004,HLN,MT,ANM,WE,Combination Non-Radar Approach Control & Tower w/o Radar,5,33,4,0,42,0,2,38,8,48,5,35,42,8,90,70,0,70,160
12/05/2004,HLN,MT,ANM,WE,Combination Non-Radar Approach Control & Tower w/o Radar,3,21,13,0,37,0,4,42,0,46,3,25,55,0,83,106,0,106,189
12/06/2004,HLN,MT,ANM,WE,Combination Non-Radar Approach Control & Tower w/o Radar,3,26,9,0,38,0,4,18,2,24,3,30,27,2,62,44,12,56,118
12/07/2004,HLN,MT,ANM,WE,Combination Non-Radar Approach Control & Tower w/o Radar,4,40,14,3,61,0,2,16,0,18,4,42,30,3,79,20,0,20,99
12/08/2004,HLN,MT,ANM,WE,Combination Non-Radar Approach Control & Tower w/o Radar,4,43,14,3,64,0,7,6,6,19,4,50,20,9,83,24,4,28,111
12/09/2004,HLN,MT,ANM,WE,Combination Non-Radar Approach Control & Tower w/o Radar,4,38,9,0,51,0,4,14,0,18,4,42,23,0,69,10,0,10,79
12/10/2004,HLN,MT,ANM,WE,Combination Non-Radar Approach Control & Tower w/o Radar,4,37,14,0,55,0,7,13,5,25,4,44,27,5,80,8,6,14,94
12/11/2004,HLN,MT,ANM,WE,Combination Non-Radar Approach Control & Tower w/o Radar,5,28,4,0,37,0,6,9,2,17,5,34,13,2,54,30,0,30,84
12/12/2004,HLN,MT,ANM,WE,Combination Non-Radar Approach Control & Tower w/o Radar,3,18,6,0,27,0,0,28,2,30,3,18,34,2,57,53,0,53,110
12/13/2004,HLN,MT,ANM,WE,Combination Non-Radar Approach Control & Tower w/o Radar,3,36,8,4,51,0,1,27,4,32,3,37,35,8,83,26,12,38,121
12/14/2004,HLN,MT,ANM,WE,Combination Non-Radar Approach Control & Tower w/o Radar,4,42,19,2,67,0,3,17,9,29,4,45,36,11,96,20,0,20,116
12/15/2004,HLN,MT,ANM,WE,Combination Non-Radar Approach Control & Tower w/o Radar,6,42,13,3,64,0,1,3,12,16,6,43,16,15,80,0,6,6,86
12/16/2004,HLN,MT,ANM,WE,Combination Non-Radar Approach Control & Tower w/o Radar,9,48,22,4,83,0,10,40,5,55,9,58,62,9,138,40,0,40,178
12/17/2004,HLN,MT,ANM,WE,Combination Non-Radar Approach Control & Tower w/o Radar,5,42,7,7,61,0,5,55,10,70,5,47,62,17,131,44,24,68,199
12/18/2004,HLN,MT,ANM,WE,Combination Non-Radar Approach Control & Tower w/o Radar,6,26,9,0,41,0,6,16,6,28,6,32,25,6,69,22,0,22,91
12/19/2004,HLN,MT,ANM,WE,Combination Non-Radar Approach Control & Tower w/o Radar,4,24,9,0,37,0,0,17,0,17,4,24,26,0,54,58,0,58,112
12/20/2004,HLN,MT,ANM,WE,Combination Non-Radar Approach Control & Tower w/o Radar,4,28,12,0,44,0,0,4,0,4,4,28,16,0,48,8,0,8,56
12/21/2004,HLN,MT,ANM,WE,Combination Non-Radar Approach Control & Tower w/o Radar,3,43,11,0,57,0,4,7,3,14,3,47,18,3,71,12,12,24,95
12/22/2004,HLN,MT,ANM,WE,Combination Non-Radar Approach Control & Tower w/o Radar,3,44,24,0,71,0,0,0,0,0,3,44,24,0,71,0,0,0,71
12/23/2004,HLN,MT,ANM,WE,Combination Non-Radar Approach Control & Tower w/o Radar,3,46,7,3,59,0,5,17,0,22,3,51,24,3,81,2,6,8,89
12/24/2004,HLN,MT,ANM,WE,Combination Non-Radar Approach Control & Tower w/o Radar,5,36,4,0,45,0,3,15,0,18,5,39,19,0,63,22,0,22,85
12/25/2004,HLN,MT,ANM,WE,Combination Non-Radar Approach Control & Tower w/o Radar,4,16,0,0,20,0,0,22,0,22,4,16,22,0,42,60,0,60,102
12/26/2004,HLN,MT,ANM,WE,Combination Non-Radar Approach Control & Tower w/o Radar,3,16,7,0,26,0,3,20,0,23,3,19,27,0,49,36,0,36,85
12/27/2004,HLN,MT,ANM,WE,Combination Non-Radar Approach Control & Tower w/o Radar,3,26,3,5,37,0,6,34,1,41,3,32,37,6,78,56,12,68,146
12/28/2004,HLN,MT,ANM,WE,Combination Non-Radar Approach Control & Tower w/o Radar,3,36,5,0,44,0,1,43,0,44,3,37,48,0,88,34,0,34,122
12/29/2004,HLN,MT,ANM,WE,Combination Non-Radar Approach Control & Tower w/o Radar,4,43,15,0,62,0,1,39,2,42,4,44,54,2,104,32,0,32,136
12/30/2004,HLN,MT,ANM,WE,Combination Non-Radar Approach Control & Tower w/o Radar,3,39,5,2,49,0,0,0,0,0,3,39,5,2,49,0,0,0,49
12/31/2004,HLN,MT,ANM,WE,Combination Non-Radar Approach Control & Tower w/o Radar,4,39,4,0,47,0,3,2,2,7,4,42,6,2,54,6,0,6,60
01/01/2005,HLN,MT,ANM,WE,Combination Non-Radar Approach Control & Tower w/o Radar,3,30,2,0,35,0,0,0,0,0,3,30,2,0,35,0,0,0,35
01/02/2005,HLN,MT,ANM,WE,Combination Non-Radar Approach Control & Tower w/o Radar,3,23,1,0,27,0,0,9,0,9,3,23,10,0,36,16,0,16,52
01/03/2005,HLN,MT,ANM,WE,Combination Non-Radar Approach Control & Tower w/o Radar,3,34,9,0,46,0,0,6,0,6,3,34,15,0,52,14,0,14,66
01/04/2005,HLN,MT,ANM,WE,Combination Non-Radar Approach Control & Tower w/o Radar,3,44,4,0,51,0,4,18,0,22,3,48,22,0,73,14,0,14,87
01/05/2005,HLN,MT,ANM,WE,Combination Non-Radar Approach Control & Tower w/o Radar,3,45,10,0,58,0,3,26,2,31,3,48,36,2,89,2,0,2,91
01/06/2005,HLN,MT,ANM,WE,Combination Non-Radar Approach Control & Tower w/o Radar,4,46,7,0,57,0,4,18,2,24,4,50,25,2,81,36,0,36,117
01/07/2005,HLN,MT,ANM,WE,Combination Non-Radar Approach Control & Tower w/o Radar,3,43,10,2,58,0,2,4,10,16,3,45,14,12,74,20,8,28,102
01/08/2005,HLN,MT,ANM,WE,Combination Non-Radar Approach Control & Tower w/o Radar,4,34,3,0,41,0,2,6,9,17,4,36,9,9,58,6,8,14,72
01/09/2005,HLN,MT,ANM,WE,Combination Non-Radar Approach Control & Tower w/o Radar,3,20,1,0,24,0,1,14,0,15,3,21,15,0,39,40,0,40,79
01/10/2005,HLN,MT,ANM,WE,Combination Non-Radar Approach Control & Tower w/o Radar,3,31,4,2,40,0,4,18,2,24,3,35,22,4,64,40,4,44,108
01/11/2005,HLN,MT,ANM,WE,Combination Non-Radar Approach Control & Tower w/o Radar,4,38,9,1,52,0,4,32,3,39,4,42,41,4,91,60,10,70,161
01/12/2005,HLN,MT,ANM,WE,Combination Non-Radar Approach Control & Tower w/o Radar,4,42,8,1,55,0,3,4,0,7,4,45,12,1,62,0,2,2,64
01/13/2005,HLN,MT,ANM,WE,Combination Non-Radar Approach Control & Tower w/o Radar,2,43,8,0,53,0,3,1,0,4,2,46,9,0,57,4,0,4,61
01/14/2005,HLN,MT,ANM,WE,Combination Non-Radar Approach Control & Tower w/o Radar,4,47,8,1,60,0,1,20,0,21,4,48,28,1,81,26,0,26,107
01/15/2005,HLN,MT,ANM,WE,Combination Non-Radar Approach Control & Tower w/o Radar,4,29,4,2,39,0,2,17,0,19,4,31,21,2,58,36,0,36,94
01/16/2005,HLN,MT,ANM,WE,Combination Non-Radar Approach Control & Tower w/o Radar,2,19,1,0,22,0,0,14,0,14,2,19,15,0,36,36,0,36,72
01/17/2005,HLN,MT,ANM,WE,Combination Non-Radar Approach Control & Tower w/o Radar,3,29,12,0,44,0,5,26,0,31,3,34,38,0,75,70,0,70,145
01/18/2005,HLN,MT,ANM,WE,Combination Non-Radar Approach Control & Tower w/o Radar,3,37,7,0,47,0,1,1,0,2,3,38,8,0,49,0,0,0,49
01/19/2005,HLN,MT,ANM,WE,Combination Non-Radar Approach Control & Tower w/o Radar,3,52,15,0,70,0,1,13,5,19,3,53,28,5,89,16,12,28,117
01/20/2005,HLN,MT,ANM,WE,Combination Non-Radar Approach Control & Tower w/o Radar,4,36,15,6,61,0,4,34,5,43,4,40,49,11,104,40,6,46,150
01/21/2005,HLN,MT,ANM,WE,Combination Non-Radar Approach Control & Tower w/o Radar,4,41,11,0,56,0,0,23,6,29,4,41,34,6,85,8,0,8,93
01/22/2005,HLN,MT,ANM,WE,Combination Non-Radar Approach Control & Tower w/o Radar,2,36,11,0,49,0,3,25,4,32,2,39,36,4,81,84,6,90,171
01/23/2005,HLN,MT,ANM,WE,Combination Non-Radar Approach Control & Tower w/o Radar,3,19,7,2,31,0,4,40,0,44,3,23,47,2,75,100,0,100,175
01/24/2005,HLN,MT,ANM,WE,Combination Non-Radar Approach Control & Tower w/o Radar,3,29,7,0,39,0,7,38,0,45,3,36,45,0,84,34,0,34,118
01/25/2005,HLN,MT,ANM,WE,Combination Non-Radar Approach Control & Tower w/o Radar,4,40,5,0,49,0,2,47,0,49,4,42,52,0,98,36,0,36,134
01/26/2005,HLN,MT,ANM,WE,Combination Non-Radar Approach Control & Tower w/o Radar,4,45,20,0,69,0,7,56,0,63,4,52,76,0,132,62,10,72,204
01/27/2005,HLN,MT,ANM,WE,Combination Non-Radar Approach Control & Tower w/o Radar,4,43,19,0,66,0,6,45,2,53,4,49,64,2,119,48,0,48,167
01/28/2005,HLN,MT,ANM,WE,Combination Non-Radar Approach Control & Tower w/o Radar,4,45,8,0,57,0,5,40,2,47,4,50,48,2,104,54,0,54,158
01/29/2005,HLN,MT,ANM,WE,Combination Non-Radar Approach Control & Tower w/o Radar,3,46,4,0,53,0,2,24,0,26,3,48,28,0,79,78,0,78,157
01/30/2005,HLN,MT,ANM,WE,Combination Non-Radar Approach Control & Tower w/o Radar,3,20,3,0,26,0,6,14,0,20,3,26,17,0,46,4,0,4,50
01/31/2005,HLN,MT,ANM,WE,Combination Non-Radar Approach Control & Tower w/o Radar,3,30,16,0,49,0,6,48,2,56,3,36,64,2,105,54,0,54,159
02/01/2005,HLN,MT,ANM,WE,Combination Non-Radar Approach Control & Tower w/o Radar,4,40,19,0,63,0,4,33,4,41,4,44,52,4,104,48,0,48,152
02/02/2005,HLN,MT,ANM,WE,Combination Non-Radar Approach Control & Tower w/o Radar,4,40,17,2,63,0,9,31,3,43,4,49,48,5,106,38,20,58,164
02/03/2005,HLN,MT,ANM,WE,Combination Non-Radar Approach Control & Tower w/o Radar,4,40,14,1,59,0,11,25,3,39,4,51,39,4,98,34,14,48,146
02/04/2005,HLN,MT,ANM,WE,Combination Non-Radar Approach Control & Tower w/o Radar,4,32,9,3,48,0,8,33,2,43,4,40,42,5,91,70,4,74,165
02/05/2005,HLN,MT,ANM,WE,Combination Non-Radar Approach Control & Tower w/o Radar,4,32,3,0,39,0,3,24,10,37,4,35,27,10,76,42,12,54,130
02/06/2005,HLN,MT,ANM,WE,Combination Non-Radar Approach Control & Tower w/o Radar,3,20,4,2,29,0,0,26,6,32,3,20,30,8,61,72,2,74,135
02/07/2005,HLN,MT,ANM,WE,Combination Non-Radar Approach Control & Tower w/o Radar,3,30,9,0,42,0,3,23,5,31,3,33,32,5,73,30,0,30,103
02/08/2005,HLN,MT,ANM,WE,Combination Non-Radar Approach Control & Tower w/o Radar,4,45,8,2,59,0,4,19,2,25,4,49,27,4,84,10,0,10,94
02/09/2005,HLN,MT,ANM,WE,Combination Non-Radar Approach Control & Tower w/o Radar,4,42,14,1,61,0,5,46,10,61,4,47,60,11,122,66,24,90,212
02/10/2005,HLN,MT,ANM,WE,Combination Non-Radar Approach Control & Tower w/o Radar,4,39,11,2,56,0,8,46,8,62,4,47,57,10,118,76,10,86,204
02/11/2005,HLN,MT,ANM,WE,Combination Non-Radar Approach Control & Tower w/o Radar,4,38,5,4,51,0,7,44,10,61,4,45,49,14,112,86,22,108,220
02/12/2005,HLN,MT,ANM,WE,Combination Non-Radar Approach Control & Tower w/o Radar,4,32,6,2,44,0,4,45,6,55,4,36,51,8,99,52,12,64,163
02/13/2005,HLN,MT,ANM,WE,Combination Non-Radar Approach Control & Tower w/o Radar,3,22,3,0,28,0,6,7,0,13,3,28,10,0,41,18,0,18,59
02/14/2005,HLN,MT,ANM,WE,Combination Non-Radar Approach Control & Tower w/o Radar,3,32,7,2,44,0,2,16,2,20,3,34,23,4,64,0,10,10,74
02/15/2005,HLN,MT,ANM,WE,Combination Non-Radar Approach Control & Tower w/o Radar,3,43,25,2,73,0,11,13,10,34,3,54,38,12,107,52,0,52,159
02/16/2005,HLN,MT,ANM,WE,Combination Non-Radar Approach Control & Tower w/o Radar,4,40,6,2,52,0,10,36,4,50,4,50,42,6,102,114,0,114,216
02/17/2005,HLN,MT,ANM,WE,Combination Non-Radar Approach Control & Tower w/o Radar,3,37,3,2,45,0,11,54,3,68,3,48,57,5,113,58,0,58,171
02/18/2005,HLN,MT,ANM,WE,Combination Non-Radar Approach Control & Tower w/o Radar,8,42,7,0,57,0,10,49,7,66,8,52,56,7,123,12,4,16,139
02/19/2005,HLN,MT,ANM,WE,Combination Non-Radar Approach Control & Tower w/o Radar,3,33,6,0,42,0,2,89,0,91,3,35,95,0,133,62,0,62,195
02/20/2005,HLN,MT,ANM,WE,Combination Non-Radar Approach Control & Tower w/o Radar,3,23,0,0,26,0,0,5,0,5,3,23,5,0,31,20,0,20,51
02/21/2005,HLN,MT,ANM,WE,Combination Non-Radar Approach Control & Tower w/o Radar,5,26,8,0,39,0,4,32,0,36,5,30,40,0,75,34,0,34,109
02/22/2005,HLN,MT,ANM,WE,Combination Non-Radar Approach Control & Tower w/o Radar,4,38,5,2,49,0,2,36,2,40,4,40,41,4,89,12,0,12,101
02/23/2005,HLN,MT,ANM,WE,Combination Non-Radar Approach Control & Tower w/o Radar,6,40,11,2,59,0,8,42,4,54,6,48,53,6,113,62,0,62,175
02/24/2005,HLN,MT,ANM,WE,Combination Non-Radar Approach Control & Tower w/o Radar,6,39,6,2,53,0,13,94,4,111,6,52,100,6,164,88,0,88,252
02/25/2005,HLN,MT,ANM,WE,Combination Non-Radar Approach Control & Tower w/o Radar,4,37,3,2,46,0,7,64,6,77,4,44,67,8,123,98,10,108,231
02/26/2005,HLN,MT,ANM,WE,Combination Non-Radar Approach Control & Tower w/o Radar,4,31,7,4,46,0,5,60,22,87,4,36,67,26,133,100,0,100,233
02/27/2005,HLN,MT,ANM,WE,Combination Non-Radar Approach Control & Tower w/o Radar,3,19,5,4,31,0,7,74,0,81,3,26,79,4,112,96,0,96,208
02/28/2005,HLN,MT,ANM,WE,Combination Non-Radar Approach Control & Tower w/o Radar,3,31,4,1,39,0,4,46,2,52,3,35,50,3,91,74,0,74,165
03/01/2005,HLN,MT,ANM,WE,Combination Non-Radar Approach Control & Tower w/o Radar,4,38,9,2,53,0,4,27,10,41,4,42,36,12,94,20,0,20,114
03/02/2005,HLN,MT,ANM,WE,Combination Non-Radar Approach Control & Tower w/o Radar,4,41,5,2,52,0,6,45,8,59,4,47,50,10,111,36,16,52,163
03/03/2005,HLN,MT,ANM,WE,Combination Non-Radar Approach Control & Tower w/o Radar,4,38,6,6,54,0,9,64,5,78,4,47,70,11,132,92,10,102,234
03/04/2005,HLN,MT,ANM,WE,Combination Non-Radar Approach Control & Tower w/o Radar,4,45,3,2,54,0,5,59,16,80,4,50,62,18,134,44,2,46,180
03/05/2005,HLN,MT,ANM,WE,Combination Non-Radar Approach Control & Tower w/o Radar,4,34,3,0,41,0,0,37,11,48,4,34,40,11,89,72,16,88,177
03/06/2005,HLN,MT,ANM,WE,Combination Non-Radar Approach Control & Tower w/o Radar,3,25,2,0,30,0,0,11,0,11,3,25,13,0,41,0,0,0,41
03/07/2005,HLN,MT,ANM,WE,Combination Non-Radar Approach Control & Tower w/o Radar,3,29,7,3,42,0,0,31,27,58,3,29,38,30,100,38,10,48,148
03/08/2005,HLN,MT,ANM,WE,Combination Non-Radar Approach Control & Tower w/o Radar,4,45,9,2,60,0,5,38,14,57,4,50,47,16,117,58,6,64,181
03/09/2005,HLN,MT,ANM,WE,Combination Non-Radar Approach Control & Tower w/o Radar,4,43,9,0,56,0,6,32,18,56,4,49,41,18,112,46,18,64,176
03/10/2005,HLN,MT,ANM,WE,Combination Non-Radar Approach Control & Tower w/o Radar,4,46,17,2,69,0,4,18,4,26,4,50,35,6,95,48,8,56,151
03/11/2005,HLN,MT,ANM,WE,Combination Non-Radar Approach Control & Tower w/o Radar,6,50,9,1,66,0,8,52,17,77,6,58,61,18,143,50,4,54,197
03/12/2005,HLN,MT,ANM,WE,Combination Non-Radar Approach Control & Tower w/o Radar,4,33,1,1,39,0,6,2,3,11,4,39,3,4,50,0,0,0,50
03/13/2005,HLN,MT,ANM,WE,Combination Non-Radar Approach Control & Tower w/o Radar,3,22,5,3,33,0,2,5,0,7,3,24,10,3,40,10,0,10,50
03/14/2005,HLN,MT,ANM,WE,Combination Non-Radar Approach Control & Tower w/o Radar,3,36,17,5,61,0,2,8,3,13,3,38,25,8,74,34,10,44,118
03/15/2005,HLN,MT,ANM,WE,Combination Non-Radar Approach Control & Tower w/o Radar,6,46,12,0,64,0,3,22,2,27,6,49,34,2,91,64,2,66,157
03/16/2005,HLN,MT,ANM,WE,Combination Non-Radar Approach Control & Tower w/o Radar,4,45,18,2,69,0,4,52,5,61,4,49,70,7,130,104,6,110,240
03/17/2005,HLN,MT,ANM,WE,Combination Non-Radar Approach Control & Tower w/o Radar,3,43,12,0,58,0,6,18,4,28,3,49,30,4,86,14,0,14,100
03/18/2005,HLN,MT,ANM,WE,Combination Non-Radar Approach Control & Tower w/o Radar,4,44,9,2,59,0,0,33,5,38,4,44,42,7,97,54,0,54,151
03/19/2005,HLN,MT,ANM,WE,Combination Non-Radar Approach Control & Tower w/o Radar,3,26,5,1,35,0,3,28,0,31,3,29,33,1,66,34,10,44,110
03/20/2005,HLN,MT,ANM,WE,Combination Non-Radar Approach Control & Tower w/o Radar,3,19,8,2,32,0,0,7,0,7,3,19,15,2,39,24,0,24,63
03/21/2005,HLN,MT,ANM,WE,Combination Non-Radar Approach Control & Tower w/o Radar,3,33,9,2,47,0,2,17,6,25,3,35,26,8,72,64,22,86,158
03/22/2005,HLN,MT,ANM,WE,Combination Non-Radar Approach Control & Tower w/o Radar,4,45,19,1,69,0,3,28,2,33,4,48,47,3,102,68,0,68,170
03/23/2005,HLN,MT,ANM,WE,Combination Non-Radar Approach Control & Tower w/o Radar,3,43,8,2,56,0,0,1,0,1,3,43,9,2,57,0,0,0,57
03/24/2005,HLN,MT,ANM,WE,Combination Non-Radar Approach Control & Tower w/o Radar,4,40,13,2,59,0,7,14,1,22,4,47,27,3,81,38,0,38,119
03/25/2005,HLN,MT,ANM,WE,Combination Non-Radar Approach Control & Tower w/o Radar,4,48,10,4,66,0,5,65,7,77,4,53,75,11,143,82,2,84,227
03/26/2005,HLN,MT,ANM,WE,Combination Non-Radar Approach Control & Tower w/o Radar,4,28,10,0,42,0,0,70,0,70,4,28,80,0,112,116,0,116,228
03/27/2005,HLN,MT,ANM,WE,Combination Non-Radar Approach Control & Tower w/o Radar,3,20,3,0,26,0,0,9,0,9,3,20,12,0,35,26,0,26,61
03/28/2005,HLN,MT,ANM,WE,Combination Non-Radar Approach Control & Tower w/o Radar,2,33,15,2,52,0,0,14,0,14,2,33,29,2,66,18,6,24,90
03/29/2005,HLN,MT,ANM,WE,Combination Non-Radar Approach Control & Tower w/o Radar,4,42,12,0,58,0,7,35,0,42,4,49,47,0,100,64,0,64,164
03/30/2005,HLN,MT,ANM,WE,Combination Non-Radar Approach Control & Tower w/o Radar,5,44,7,1,57,0,4,10,0,14,5,48,17,1,71,28,0,28,99
03/31/2005,HLN,MT,ANM,WE,Combination Non-Radar Approach Control & Tower w/o Radar,4,41,12,1,58,0,6,82,1,89,4,47,94,2,147,94,12,106,253
04/01/2005,HLN,MT,ANM,WE,Combination Non-Radar Approach Control & Tower w/o Radar,4,40,5,0,49,0,5,29,6,40,4,45,34,6,89,42,20,62,151
04/02/2005,HLN,MT,ANM,WE,Combination Non-Radar Approach Control & Tower w/o Radar,4,33,8,3,48,0,1,28,3,32,4,34,36,6,80,46,31,77,157
04/03/2005,HLN,MT,ANM,WE,Combination Non-Radar Approach Control & Tower w/o Radar,3,20,4,0,27,0,5,45,0,50,3,25,49,0,77,88,0,88,165
04/04/2005,HLN,MT,ANM,WE,Combination Non-Radar Approach Control & Tower w/o Radar,3,33,9,0,45,0,3,14,6,23,3,36,23,6,68,44,18,62,130
04/05/2005,HLN,MT,ANM,WE,Combination Non-Radar Approach Control & Tower w/o Radar,4,42,12,0,58,0,6,55,10,71,4,48,67,10,129,32,18,50,179
04/06/2005,HLN,MT,ANM,WE,Combination Non-Radar Approach Control & Tower w/o Radar,5,36,16,3,60,0,15,77,7,99,5,51,93,10,159,84,0,84,243
04/07/2005,HLN,MT,ANM,WE,Combination Non-Radar Approach Control & Tower w/o Radar,4,39,10,2,55,0,0,54,9,63,4,39,64,11,118,34,18,52,170
04/08/2005,HLN,MT,ANM,WE,Combination Non-Radar Approach Control & Tower w/o Radar,4,44,5,0,53,0,3,27,6,36,4,47,32,6,89,4,10,14,103
04/09/2005,HLN,MT,ANM,WE,Combination Non-Radar Approach Control & Tower w/o Radar,4,38,7,0,49,0,2,19,0,21,4,40,26,0,70,40,0,40,110
04/10/2005,HLN,MT,ANM,WE,Combination Non-Radar Approach Control & Tower w/o Radar,3,26,3,2,34,0,1,17,0,18,3,27,20,2,52,22,0,22,74
04/11/2005,HLN,MT,ANM,WE,Combination Non-Radar Approach Control & Tower w/o Radar,3,33,6,2,44,0,5,33,2,40,3,38,39,4,84,28,0,28,112
04/12/2005,HLN,MT,ANM,WE,Combination Non-Radar Approach Control & Tower w/o Radar,4,39,7,0,50,0,6,52,7,65,4,45,59,7,115,38,14,52,167
04/13/2005,HLN,MT,ANM,WE,Combination Non-Radar Approach Control & Tower w/o Radar,3,38,6,3,50,0,2,26,8,36,3,40,32,11,86,50,20,70,156
04/14/2005,HLN,MT,ANM,WE,Combination Non-Radar Approach Control & Tower w/o Radar,4,45,4,2,55,0,6,9,0,15,4,51,13,2,70,22,0,22,92
04/15/2005,HLN,MT,ANM,WE,Combination Non-Radar Approach Control & Tower w/o Radar,6,38,6,2,52,0,16,39,6,61,6,54,45,8,113,60,4,64,177
04/16/2005,HLN,MT,ANM,WE,Combination Non-Radar Approach Control & Tower w/o Radar,4,32,4,0,40,0,4,52,4,60,4,36,56,4,100,50,2,52,152
04/17/2005,HLN,MT,ANM,WE,Combination Non-Radar Approach Control & Tower w/o Radar,3,20,6,0,29,0,2,32,0,34,3,22,38,0,63,8,0,8,71
04/18/2005,HLN,MT,ANM,WE,Combination Non-Radar Approach Control & Tower w/o Radar,5,34,8,0,47,0,2,1,0,3,5,36,9,0,50,10,0,10,60
04/19/2005,HLN,MT,ANM,WE,Combination Non-Radar Approach Control & Tower w/o Radar,3,49,10,0,62,0,0,21,6,27,3,49,31,6,89,6,8,14,103
04/20/2005,HLN,MT,ANM,WE,Combination Non-Radar Approach Control & Tower w/o Radar,4,36,13,0,53,0,7,5,2,14,4,43,18,2,67,14,2,16,83
04/21/2005,HLN,MT,ANM,WE,Combination Non-Radar Approach Control & Tower w/o Radar,3,46,11,2,62,0,1,29,8,38,3,47,40,10,100,42,44,86,186
04/22/2005,HLN,MT,ANM,WE,Combination Non-Radar Approach Control & Tower w/o Radar,3,45,12,4,64,0,10,36,8,54,3,55,48,12,118,46,26,72,190
04/23/2005,HLN,MT,ANM,WE,Combination Non-Radar Approach Control & Tower w/o Radar,4,29,0,4,37,0,3,61,4,68,4,32,61,8,105,64,4,68,173
04/24/2005,HLN,MT,ANM,WE,Combination Non-Radar Approach Control & Tower w/o Radar,3,18,0,1,22,0,1,31,0,32,3,19,31,1,54,2,0,2,56
04/25/2005,HLN,MT,ANM,WE,Combination Non-Radar Approach Control & Tower w/o Radar,3,25,11,1,40,0,19,51,4,74,3,44,62,5,114,32,4,36,150
04/26/2005,HLN,MT,ANM,WE,Combination Non-Radar Approach Control & Tower w/o Radar,3,45,1,2,51,0,0,47,8,55,3,45,48,10,106,108,8,116,222
04/27/2005,HLN,MT,ANM,WE,Combination Non-Radar Approach Control & Tower w/o Radar,4,44,7,0,55,0,0,15,7,22,4,44,22,7,77,52,18,70,147
04/28/2005,HLN,MT,ANM,WE,Combination Non-Radar Approach Control & Tower w/o Radar,4,44,19,0,67,0,3,22,8,33,4,47,41,8,100,50,8,58,158
04/29/2005,HLN,MT,ANM,WE,Combination Non-Radar Approach Control & Tower w/o Radar,4,40,6,2,52,0,0,65,3,68,4,40,71,5,120,50,12,62,182
04/30/2005,HLN,MT,ANM,WE,Combination Non-Radar Approach Control & Tower w/o Radar,2,35,8,0,45,0,4,31,1,36,2,39,39,1,81,22,0,22,103
05/01/2005,HLN,MT,ANM,WE,Combination Non-Radar Approach Control & Tower w/o Radar,3,19,7,1,30,0,4,58,10,72,3,23,65,11,102,42,0,42,144
05/02/2005,HLN,MT,ANM,WE,Combination Non-Radar Approach Control & Tower w/o Radar,3,28,8,0,39,0,17,50,7,74,3,45,58,7,113,66,18,84,197
05/03/2005,HLN,MT,ANM,WE,Combination Non-Radar Approach Control & Tower w/o Radar,3,40,4,3,50,0,9,50,11,70,3,49,54,14,120,96,52,148,268
05/04/2005,HLN,MT,ANM,WE,Combination Non-Radar Approach Control & Tower w/o Radar,4,39,4,0,47,0,2,63,8,73,4,41,67,8,120,64,14,78,198
05/05/2005,HLN,MT,ANM,WE,Combination Non-Radar Approach Control & Tower w/o Radar,3,42,18,0,63,0,7,34,7,48,3,49,52,7,111,20,18,38,149
05/06/2005,HLN,MT,ANM,WE,Combination Non-Radar Approach Control & Tower w/o Radar,4,43,9,0,56,0,8,68,11,87,4,51,77,11,143,30,38,68,211
05/07/2005,HLN,MT,ANM,WE,Combination Non-Radar Approach Control & Tower w/o Radar,3,33,6,0,42,0,9,30,0,39,3,42,36,0,81,62,0,62,143
05/08/2005,HLN,MT,ANM,WE,Combination Non-Radar Approach Control & Tower w/o Radar,3,23,2,0,28,0,3,12,0,15,3,26,14,0,43,14,0,14,57
05/09/2005,HLN,MT,ANM,WE,Combination Non-Radar Approach Control & Tower w/o Radar,3,36,10,1,50,0,4,15,1,20,3,40,25,2,70,92,0,92,162
05/10/2005,HLN,MT,ANM,WE,Combination Non-Radar Approach Control & Tower w/o Radar,3,40,18,1,62,0,2,11,2,15,3,42,29,3,77,84,16,100,177
05/11/2005,HLN,MT,ANM,WE,Combination Non-Radar Approach Control & Tower w/o Radar,3,40,13,0,56,0,6,6,5,17,3,46,19,5,73,58,28,86,159
05/12/2005,HLN,MT,ANM,WE,Combination Non-Radar Approach Control & Tower w/o Radar,3,44,12,0,59,0,0,11,4,15,3,44,23,4,74,68,24,92,166
05/13/2005,HLN,MT,ANM,WE,Combination Non-Radar Approach Control & Tower w/o Radar,4,40,9,0,53,0,9,62,12,83,4,49,71,12,136,72,20,92,228
05/14/2005,HLN,MT,ANM,WE,Combination Non-Radar Approach Control & Tower w/o Radar,2,31,5,4,42,0,7,60,2,69,2,38,65,6,111,55,8,63,174
05/15/2005,HLN,MT,ANM,WE,Combination Non-Radar Approach Control & Tower w/o Radar,3,21,0,0,24,0,6,60,3,69,3,27,60,3,93,108,0,108,201
05/16/2005,HLN,MT,ANM,WE,Combination Non-Radar Approach Control & Tower w/o Radar,3,19,2,0,24,0,15,58,15,88,3,34,60,15,112,42,12,54,166
05/17/2005,HLN,MT,ANM,WE,Combination Non-Radar Approach Control & Tower w/o Radar,4,40,7,0,51,0,6,28,5,39,4,46,35,5,90,40,0,40,130
05/18/2005,HLN,MT,ANM,WE,Combination Non-Radar Approach Control & Tower w/o Radar,3,42,20,0,65,0,7,72,3,82,3,49,92,3,147,186,0,186,333
05/19/2005,HLN,MT,ANM,WE,Combination Non-Radar Approach Control & Tower w/o Radar,4,42,19,0,65,0,8,57,6,71,4,50,76,6,136,46,6,52,188
05/20/2005,HLN,MT,ANM,WE,Combination Non-Radar Approach Control & Tower w/o Radar,3,48,11,0,62,0,9,53,8,70,3,57,64,8,132,56,6,62,194
05/21/2005,HLN,MT,ANM,WE,Combination Non-Radar Approach Control & Tower w/o Radar,4,34,6,5,49,0,0,57,12,69,4,34,63,17,118,58,8,66,184
05/22/2005,HLN,MT,ANM,WE,Combination Non-Radar Approach Control & Tower w/o Radar,3,26,5,0,34,0,1,54,0,55,3,27,59,0,89,20,0,20,109
05/23/2005,HLN,MT,ANM,WE,Combination Non-Radar Approach Control & Tower w/o Radar,3,28,12,1,44,0,8,70,7,85,3,36,82,8,129,36,14,50,179
05/24/2005,HLN,MT,ANM,WE,Combination Non-Radar Approach Control & Tower w/o Radar,4,50,8,1,63,0,3,61,7,71,4,53,69,8,134,64,12,76,210
05/25/2005,HLN,MT,ANM,WE,Combination Non-Radar Approach Control & Tower w/o Radar,4,43,12,1,60,0,10,66,10,86,4,53,78,11,146,72,6,78,224
05/26/2005,HLN,MT,ANM,WE,Combination Non-Radar Approach Control & Tower w/o Radar,3,44,23,0,70,0,9,100,10,119,3,53,123,10,189,60,10,70,259
05/27/2005,HLN,MT,ANM,WE,Combination Non-Radar Approach Control & Tower w/o Radar,4,44,11,0,59,0,8,86,4,98,4,52,97,4,157,116,0,116,273
05/28/2005,HLN,MT,ANM,WE,Combination Non-Radar Approach Control & Tower w/o Radar,4,29,4,0,37,0,27,78,0,105,4,56,82,0,142,82,0,82,224
05/29/2005,HLN,MT,ANM,WE,Combination Non-Radar Approach Control & Tower w/o Radar,3,16,0,0,19,0,2,57,0,59,3,18,57,0,78,6,0,6,84
05/30/2005,HLN,MT,ANM,WE,Combination Non-Radar Approach Control & Tower w/o Radar,3,15,4,0,22,0,2,35,1,38,3,17,39,1,60,28,0,28,88
05/31/2005,HLN,MT,ANM,WE,Combination Non-Radar Approach Control & Tower w/o Radar,4,33,7,1,45,0,5,40,0,45,4,38,47,1,90,44,0,44,134
06/01/2005,HLN,MT,ANM,WE,Combination Non-Radar Approach Control & Tower w/o Radar,4,42,13,1,60,0,3,10,5,18,4,45,23,6,78,50,0,50,128
06/02/2005,HLN,MT,ANM,WE,Combination Non-Radar Approach Control & Tower w/o Radar,4,45,10,0,59,0,6,14,9,29,4,51,24,9,88,36,2,38,126
06/03/2005,HLN,MT,ANM,WE,Combination Non-Radar Approach Control & Tower w/o Radar,3,42,14,3,62,0,3,12,9,24,3,45,26,12,86,44,14,58,144
06/04/2005,HLN,MT,ANM,WE,Combination Non-Radar Approach Control & Tower w/o Radar,4,35,9,1,49,0,0,31,9,40,4,35,40,10,89,30,2,32,121
06/05/2005,HLN,MT,ANM,WE,Combination Non-Radar Approach Control & Tower w/o Radar,3,21,11,0,35,0,2,60,0,62,3,23,71,0,97,54,0,54,151
06/06/2005,HLN,MT,ANM,WE,Combination Non-Radar Approach Control & Tower w/o Radar,3,29,9,0,41,0,11,24,0,35,3,40,33,0,76,38,0,38,114
06/07/2005,HLN,MT,ANM,WE,Combination Non-Radar Approach Control & Tower w/o Radar,3,44,11,3,61,0,0,30,15,45,3,44,41,18,106,44,0,44,150
06/08/2005,HLN,MT,ANM,WE,Combination Non-Radar Approach Control & Tower w/o Radar,4,42,2,1,49,0,4,78,1,83,4,46,80,2,132,44,2,46,178
06/09/2005,HLN,MT,ANM,WE,Combination Non-Radar Approach Control & Tower w/o Radar,4,38,17,0,59,0,2,26,2,30,4,40,43,2,89,44,0,44,133
06/10/2005,HLN,MT,ANM,WE,Combination Non-Radar Approach Control & Tower w/o Radar,3,43,5,2,53,0,6,0,0,6,3,49,5,2,59,38,0,38,97
06/11/2005,HLN,MT,ANM,WE,Combination Non-Radar Approach Control & Tower w/o Radar,4,32,5,3,44,0,2,40,8,50,4,34,45,11,94,12,56,68,162
06/12/2005,HLN,MT,ANM,WE,Combination Non-Radar Approach Control & Tower w/o Radar,3,25,4,2,34,0,0,8,1,9,3,25,12,3,43,24,0,24,67
06/13/2005,HLN,MT,ANM,WE,Combination Non-Radar Approach Control & Tower w/o Radar,3,32,5,1,41,0,3,60,3,66,3,35,65,4,107,40,8,48,155
06/14/2005,HLN,MT,ANM,WE,Combination Non-Radar Approach Control & Tower w/o Radar,4,36,2,1,43,0,4,44,4,52,4,40,46,5,95,74,12,86,181
06/15/2005,HLN,MT,ANM,WE,Combination Non-Radar Approach Control & Tower w/o Radar,3,39,9,4,55,0,0,41,4,45,3,39,50,8,100,60,2,62,162
06/16/2005,HLN,MT,ANM,WE,Combination Non-Radar Approach Control & Tower w/o Radar,3,36,9,4,52,0,6,51,3,60,3,42,60,7,112,42,0,42,154
06/17/2005,HLN,MT,ANM,WE,Combination Non-Radar Approach Control & Tower w/o Radar,4,48,7,2,61,0,0,47,12,59,4,48,54,14,120,54,28,82,202
06/18/2005,HLN,MT,ANM,WE,Combination Non-Radar Approach Control & Tower w/o Radar,4,33,9,0,46,0,2,31,10,43,4,35,40,10,89,36,12,48,137
06/19/2005,HLN,MT,ANM,WE,Combination Non-Radar Approach Control & Tower w/o Radar,3,23,5,1,32,0,3,45,1,49,3,26,50,2,81,52,0,52,133
06/20/2005,HLN,MT,ANM,WE,Combination Non-Radar Approach Control & Tower w/o Radar,3,30,10,1,44,0,3,40,1,44,3,33,50,2,88,42,2,44,132
06/21/2005,HLN,MT,ANM,WE,Combination Non-Radar Approach Control & Tower w/o Radar,3,42,4,0,49,0,2,61,5,68,3,44,65,5,117,32,6,38,155
06/22/2005,HLN,MT,ANM,WE,Combination Non-Radar Approach Control & Tower w/o Radar,3,39,12,0,54,0,8,55,6,69,3,47,67,6,123,64,2,66,189
06/23/2005,HLN,MT,ANM,WE,Combination Non-Radar Approach Control & Tower w/o Radar,3,35,15,0,53,0,5,46,14,65,3,40,61,14,118,28,26,54,172
06/24/2005,HLN,MT,ANM,WE,Combination Non-Radar Approach Control & Tower w/o Radar,4,37,12,3,56,0,0,44,4,48,4,37,56,7,104,40,46,86,190
06/25/2005,HLN,MT,ANM,WE,Combination Non-Radar Approach Control & Tower w/o Radar,3,26,5,2,36,0,2,53,1,56,3,28,58,3,92,10,0,10,102
06/26/2005,HLN,MT,ANM,WE,Combination Non-Radar Approach Control & Tower w/o Radar,3,20,5,0,28,0,3,27,0,30,3,23,32,0,58,12,0,12,70
06/27/2005,HLN,MT,ANM,WE,Combination Non-Radar Approach Control & Tower w/o Radar,3,29,23,0,55,0,5,51,1,57,3,34,74,1,112,28,2,30,142
06/28/2005,HLN,MT,ANM,WE,Combination Non-Radar Approach Control & Tower w/o Radar,4,32,13,0,49,0,3,30,5,38,4,35,43,5,87,64,0,64,151
06/29/2005,HLN,MT,ANM,WE,Combination Non-Radar Approach Control & Tower w/o Radar,3,41,19,0,63,0,5,34,4,43,3,46,53,4,106,50,0,50,156
06/30/2005,HLN,MT,ANM,WE,Combination Non-Radar Approach Control & Tower w/o Radar,3,41,19,0,63,0,5,80,23,108,3,46,99,23,171,58,38,96,267
07/01/2005,HLN,MT,ANM,WE,Combination Non-Radar Approach Control & Tower w/o Radar,3,39,12,0,54,0,6,69,2,77,3,45,81,2,131,44,0,44,175
07/02/2005,HLN,MT,ANM,WE,Combination Non-Radar Approach Control & Tower w/o Radar,3,26,7,2,38,0,3,64,2,69,3,29,71,4,107,10,2,12,119
07/03/2005,HLN,MT,ANM,WE,Combination Non-Radar Approach Control & Tower w/o Radar,3,14,5,0,22,0,0,48,0,48,3,14,53,0,70,14,0,14,84
07/04/2005,HLN,MT,ANM,WE,Combination Non-Radar Approach Control & Tower w/o Radar,3,18,3,0,24,0,1,51,0,52,3,19,54,0,76,20,0,20,96
07/05/2005,HLN,MT,ANM,WE,Combination Non-Radar Approach Control & Tower w/o Radar,4,31,10,0,45,0,3,46,7,56,4,34,56,7,101,34,8,42,143
07/06/2005,HLN,MT,ANM,WE,Combination Non-Radar Approach Control & Tower w/o Radar,3,34,8,1,46,0,11,67,7,85,3,45,75,8,131,46,12,58,189
07/07/2005,HLN,MT,ANM,WE,Combination Non-Radar Approach Control & Tower w/o Radar,4,41,8,2,55,0,6,83,5,94,4,47,91,7,149,100,16,116,265
07/08/2005,HLN,MT,ANM,WE,Combination Non-Radar Approach Control & Tower w/o Radar,3,41,6,1,51,0,4,49,1,54,3,45,55,2,105,102,4,106,211
07/09/2005,HLN,MT,ANM,WE,Combination Non-Radar Approach Control & Tower w/o Radar,3,30,4,4,41,0,3,52,4,59,3,33,56,8,100,8,0,8,108
07/10/2005,HLN,MT,ANM,WE,Combination Non-Radar Approach Control & Tower w/o Radar,3,21,13,0,37,0,3,55,0,58,3,24,68,0,95,50,0,50,145
07/11/2005,HLN,MT,ANM,WE,Combination Non-Radar Approach Control & Tower w/o Radar,3,29,7,0,39,0,0,39,0,39,3,29,46,0,78,48,0,48,126
07/12/2005,HLN,MT,ANM,WE,Combination Non-Radar Approach Control & Tower w/o Radar,3,37,9,1,50,0,6,55,9,70,3,43,64,10,120,48,4,52,172
07/13/2005,HLN,MT,ANM,WE,Combination Non-Radar Approach Control & Tower w/o Radar,3,42,8,1,54,0,9,54,4,67,3,51,62,5,121,24,8,32,153
07/14/2005,HLN,MT,ANM,WE,Combination Non-Radar Approach Control & Tower w/o Radar,4,38,8,3,53,0,5,66,5,76,4,43,74,8,129,70,14,84,213
07/15/2005,HLN,MT,ANM,WE,Combination Non-Radar Approach Control & Tower w/o Radar,4,41,11,1,57,0,0,63,3,66,4,41,74,4,123,52,6,58,181
07/16/2005,HLN,MT,ANM,WE,Combination Non-Radar Approach Control & Tower w/o Radar,3,33,3,0,39,0,1,45,7,53,3,34,48,7,92,10,22,32,124
07/17/2005,HLN,MT,ANM,WE,Combination Non-Radar Approach Control & Tower w/o Radar,3,18,10,1,32,0,0,54,0,54,3,18,64,1,86,32,0,32,118
07/18/2005,HLN,MT,ANM,WE,Combination Non-Radar Approach Control & Tower w/o Radar,3,30,16,3,52,0,5,81,1,87,3,35,97,4,139,36,0,36,175
07/19/2005,HLN,MT,ANM,WE,Combination Non-Radar Approach Control & Tower w/o Radar,3,38,6,2,49,0,9,62,3,74,3,47,68,5,123,84,2,86,209
07/20/2005,HLN,MT,ANM,WE,Combination Non-Radar Approach Control & Tower w/o Radar,3,42,12,0,57,0,6,96,8,110,3,48,108,8,167,72,30,102,269
07/21/2005,HLN,MT,ANM,WE,Combination Non-Radar Approach Control & Tower w/o Radar,3,43,11,0,57,0,8,95,14,117,3,51,106,14,174,150,0,150,324
07/22/2005,HLN,MT,ANM,WE,Combination Non-Radar Approach Control & Tower w/o Radar,4,41,15,2,62,0,2,102,6,110,4,43,117,8,172,86,10,96,268
07/23/2005,HLN,MT,ANM,WE,Combination Non-Radar Approach Control & Tower w/o Radar,3,30,2,2,37,0,5,52,13,70,3,35,54,15,107,0,0,0,107
07/24/2005,HLN,MT,ANM,WE,Combination Non-Radar Approach Control & Tower w/o Radar,3,18,10,0,31,0,3,61,2,66,3,21,71,2,97,100,0,100,197
07/25/2005,HLN,MT,ANM,WE,Combination Non-Radar Approach Control & Tower w/o Radar,3,32,13,2,50,0,1,40,2,43,3,33,53,4,93,62,0,62,155
07/26/2005,HLN,MT,ANM,WE,Combination Non-Radar Approach Control & Tower w/o Radar,3,46,16,2,67,0,0,88,2,90,3,46,104,4,157,68,20,88,245
07/27/2005,HLN,MT,ANM,WE,Combination Non-Radar Approach Control & Tower w/o Radar,3,38,6,4,51,0,8,132,12,152,3,46,138,16,203,122,8,130,333
07/28/2005,HLN,MT,ANM,WE,Combination Non-Radar Approach Control & Tower w/o Radar,4,37,11,0,52,0,11,55,9,75,4,48,66,9,127,110,8,118,245
07/29/2005,HLN,MT,ANM,WE,Combination Non-Radar Approach Control & Tower w/o Radar,3,36,8,0,47,0,9,42,2,53,3,45,50,2,100,52,0,52,152
07/30/2005,HLN,MT,ANM,WE,Combination Non-Radar Approach Control & Tower w/o Radar,4,36,4,0,44,0,7,101,6,114,4,43,105,6,158,48,0,48,206
07/31/2005,HLN,MT,ANM,WE,Combination Non-Radar Approach Control & Tower w/o Radar,3,22,13,2,40,0,2,71,8,81,3,24,84,10,121,94,0,94,215
08/01/2005,HLN,MT,ANM,WE,Combination Non-Radar Approach Control & Tower w/o Radar,3,27,4,0,34,0,3,91,2,96,3,30,95,2,130,76,0,76,206
08/02/2005,HLN,MT,ANM,WE,Combination Non-Radar Approach Control & Tower w/o Radar,5,42,17,0,64,0,8,61,6,75,5,50,78,6,139,108,2,110,249
08/03/2005,HLN,MT,ANM,WE,Combination Non-Radar Approach Control & Tower w/o Radar,4,42,16,0,62,0,9,96,4,109,4,51,112,4,171,92,0,92,263
08/04/2005,HLN,MT,ANM,WE,Combination Non-Radar Approach Control & Tower w/o Radar,3,44,11,1,59,0,3,76,9,88,3,47,87,10,147,92,12,104,251
08/05/2005,HLN,MT,ANM,WE,Combination Non-Radar Approach Control & Tower w/o Radar,3,36,7,5,51,0,1,75,19,95,3,37,82,24,146,48,12,60,206
08/06/2005,HLN,MT,ANM,WE,Combination Non-Radar Approach Control & Tower w/o Radar,4,27,2,3,36,0,4,88,11,103,4,31,90,14,139,58,20,78,217
08/07/2005,HLN,MT,ANM,WE,Combination Non-Radar Approach Control & Tower w/o Radar,3,21,4,1,29,0,4,60,2,66,3,25,64,3,95,16,10,26,121
08/08/2005,HLN,MT,ANM,WE,Combination Non-Radar Approach Control & Tower w/o Radar,3,36,8,2,49,0,6,46,0,52,3,42,54,2,101,68,0,68,169
08/09/2005,HLN,MT,ANM,WE,Combination Non-Radar Approach Control & Tower w/o Radar,3,39,12,0,54,0,9,78,0,87,3,48,90,0,141,70,0,70,211
08/10/2005,HLN,MT,ANM,WE,Combination Non-Radar Approach Control & Tower w/o Radar,3,36,6,2,47,0,8,51,6,65,3,44,57,8,112,74,2,76,188
08/11/2005,HLN,MT,ANM,WE,Combination Non-Radar Approach Control & Tower w/o Radar,3,41,15,0,59,0,6,62,7,75,3,47,77,7,134,74,0,74,208
08/12/2005,HLN,MT,ANM,WE,Combination Non-Radar Approach Control & Tower w/o Radar,3,45,10,2,60,0,3,59,4,66,3,48,69,6,126,26,24,50,176
08/13/2005,HLN,MT,ANM,WE,Combination Non-Radar Approach Control & Tower w/o Radar,3,31,10,0,44,0,1,66,1,68,3,32,76,1,112,54,0,54,166
08/14/2005,HLN,MT,ANM,WE,Combination Non-Radar Approach Control & Tower w/o Radar,3,25,2,0,30,0,1,64,1,66,3,26,66,1,96,72,0,72,168
08/15/2005,HLN,MT,ANM,WE,Combination Non-Radar Approach Control & Tower w/o Radar,3,27,10,0,40,0,4,49,0,53,3,31,59,0,93,60,0,60,153
08/16/2005,HLN,MT,ANM,WE,Combination Non-Radar Approach Control & Tower w/o Radar,3,41,4,2,50,0,8,57,3,68,3,49,61,5,118,56,0,56,174
08/17/2005,HLN,MT,ANM,WE,Combination Non-Radar Approach Control & Tower w/o Radar,3,38,21,0,62,0,10,90,9,109,3,48,111,9,171,80,12,92,263
08/18/2005,HLN,MT,ANM,WE,Combination Non-Radar Approach Control & Tower w/o Radar,3,42,16,3,64,0,1,30,3,34,3,43,46,6,98,42,0,42,140
08/19/2005,HLN,MT,ANM,WE,Combination Non-Radar Approach Control & Tower w/o Radar,2,44,16,4,66,0,4,64,6,74,2,48,80,10,140,60,0,60,200
08/20/2005,HLN,MT,ANM,WE,Combination Non-Radar Approach Control & Tower w/o Radar,4,30,4,0,38,0,6,70,0,76,4,36,74,0,114,20,0,20,134
08/21/2005,HLN,MT,ANM,WE,Combination Non-Radar Approach Control & Tower w/o Radar,3,20,8,0,31,0,8,68,0,76,3,28,76,0,107,44,0,44,151
08/22/2005,HLN,MT,ANM,WE,Combination Non-Radar Approach Control & Tower w/o Radar,3,34,4,0,41,0,3,59,2,64,3,37,63,2,105,34,0,34,139
08/23/2005,HLN,MT,ANM,WE,Combination Non-Radar Approach Control & Tower w/o Radar,3,39,7,0,49,0,7,60,2,69,3,46,67,2,118,70,0,70,188
08/24/2005,HLN,MT,ANM,WE,Combination Non-Radar Approach Control & Tower w/o Radar,4,40,7,0,51,0,10,40,1,51,4,50,47,1,102,78,0,78,180
08/25/2005,HLN,MT,ANM,WE,Combination Non-Radar Approach Control & Tower w/o Radar,4,43,12,0,59,0,5,59,7,71,4,48,71,7,130,54,8,62,192
08/26/2005,HLN,MT,ANM,WE,Combination Non-Radar Approach Control & Tower w/o Radar,4,40,16,1,61,0,5,77,2,84,4,45,93,3,145,98,0,98,243
08/27/2005,HLN,MT,ANM,WE,Combination Non-Radar Approach Control & Tower w/o Radar,4,30,4,0,38,0,4,81,3,88,4,34,85,3,126,76,0,76,202
08/28/2005,HLN,MT,ANM,WE,Combination Non-Radar Approach Control & Tower w/o Radar,3,22,6,0,31,0,2,56,2,60,3,24,62,2,91,22,0,22,113
08/29/2005,HLN,MT,ANM,WE,Combination Non-Radar Approach Control & Tower w/o Radar,3,29,7,0,39,0,6,54,3,63,3,35,61,3,102,30,6,36,138
08/30/2005,HLN,MT,ANM,WE,Combination Non-Radar Approach Control & Tower w/o Radar,3,46,12,2,63,0,2,35,0,37,3,48,47,2,100,22,0,22,122
08/31/2005,HLN,MT,ANM,WE,Combination Non-Radar Approach Control & Tower w/o Radar,5,41,7,1,54,0,5,49,1,55,5,46,56,2,109,28,0,28,137
09/01/2005,HLN,MT,ANM,WE,Combination Non-Radar Approach Control & Tower w/o Radar,4,34,13,1,52,0,7,47,6,60,4,41,60,7,112,64,0,64,176
09/02/2005,HLN,MT,ANM,WE,Combination Non-Radar Approach Control & Tower w/o Radar,4,45,5,1,55,0,8,48,1,57,4,53,53,2,112,80,0,80,192
09/03/2005,HLN,MT,ANM,WE,Combination Non-Radar Approach Control & Tower w/o Radar,3,25,3,2,33,0,2,50,3,55,3,27,53,5,88,66,0,66,154
09/04/2005,HLN,MT,ANM,WE,Combination Non-Radar Approach Control & Tower w/o Radar,3,15,4,1,23,0,2,59,1,62,3,17,63,2,85,12,0,12,97
09/05/2005,HLN,MT,ANM,WE,Combination Non-Radar Approach Control & Tower w/o Radar,4,20,1,0,25,0,2,55,0,57,4,22,56,0,82,32,0,32,114
09/06/2005,HLN,MT,ANM,WE,Combination Non-Radar Approach Control & Tower w/o Radar,3,29,10,0,42,0,4,62,1,67,3,33,72,1,109,36,2,38,147
09/07/2005,HLN,MT,ANM,WE,Combination Non-Radar Approach Control & Tower w/o Radar,3,38,8,0,49,0,11,36,1,48,3,49,44,1,97,36,0,36,133
09/08/2005,HLN,MT,ANM,WE,Combination Non-Radar Approach Control & Tower w/o Radar,3,43,11,0,57,0,4,66,4,74,3,47,77,4,131,54,22,76,207
09/09/2005,HLN,MT,ANM,WE,Combination Non-Radar Approach Control & Tower w/o Radar,4,45,6,2,57,0,6,74,16,96,4,51,80,18,153,90,18,108,261
09/10/2005,HLN,MT,ANM,WE,Combination Non-Radar Approach Control & Tower w/o Radar,4,31,4,0,39,0,0,11,10,21,4,31,15,10,60,70,16,86,146
09/11/2005,HLN,MT,ANM,WE,Combination Non-Radar Approach Control & Tower w/o Radar,3,22,2,1,28,0,5,57,4,66,3,27,59,5,94,48,12,60,154
09/12/2005,HLN,MT,ANM,WE,Combination Non-Radar Approach Control & Tower w/o Radar,3,36,6,3,48,0,6,47,0,53,3,42,53,3,101,34,0,34,135
09/13/2005,HLN,MT,ANM,WE,Combination Non-Radar Approach Control & Tower w/o Radar,4,40,10,2,56,0,2,36,2,40,4,42,46,4,96,28,4,32,128
09/14/2005,HLN,MT,ANM,WE,Combination Non-Radar Approach Control & Tower w/o Radar,4,38,9,2,53,0,8,54,2,64,4,46,63,4,117,36,0,36,153
09/15/2005,HLN,MT,ANM,WE,Combination Non-Radar Approach Control & Tower w/o Radar,3,41,9,5,58,0,3,67,6,76,3,44,76,11,134,112,22,134,268
09/16/2005,HLN,MT,ANM,WE,Combination Non-Radar Approach Control & Tower w/o Radar,3,41,11,0,55,0,6,25,1,32,3,47,36,1,87,42,0,42,129
09/17/2005,HLN,MT,ANM,WE,Combination Non-Radar Approach Control & Tower w/o Radar,4,31,3,0,38,0,3,3,2,8,4,34,6,2,46,10,0,10,56
09/18/2005,HLN,MT,ANM,WE,Combination Non-Radar Approach Control & Tower w/o Radar,3,19,12,0,34,0,0,28,0,28,3,19,40,0,62,8,0,8,70
09/19/2005,HLN,MT,ANM,WE,Combination Non-Radar Approach Control & Tower w/o Radar,3,27,11,2,43,0,5,42,0,47,3,32,53,2,90,42,0,42,132
09/20/2005,HLN,MT,ANM,WE,Combination Non-Radar Approach Control & Tower w/o Radar,3,33,6,1,43,0,8,52,4,64,3,41,58,5,107,96,30,126,233
09/21/2005,HLN,MT,ANM,WE,Combination Non-Radar Approach Control & Tower w/o Radar,4,48,11,0,63,0,3,55,3,61,4,51,66,3,124,50,0,50,174
09/22/2005,HLN,MT,ANM,WE,Combination Non-Radar Approach Control & Tower w/o Radar,4,44,6,3,57,0,4,59,4,67,4,48,65,7,124,80,0,80,204
09/23/2005,HLN,MT,ANM,WE,Combination Non-Radar Approach Control & Tower w/o Radar,4,51,11,1,67,0,6,6,3,15,4,57,17,4,82,12,16,28,110
09/24/2005,HLN,MT,ANM,WE,Combination Non-Radar Approach Control & Tower w/o Radar,4,34,3,0,41,0,1,4,0,5,4,35,7,0,46,0,0,0,46
09/25/2005,HLN,MT,ANM,WE,Combination Non-Radar Approach Control & Tower w/o Radar,3,25,2,0,30,0,7,36,0,43,3,32,38,0,73,44,0,44,117
09/26/2005,HLN,MT,ANM,WE,Combination Non-Radar Approach Control & Tower w/o Radar,3,32,9,0,44,0,5,57,0,62,3,37,66,0,106,78,0,78,184
09/27/2005,HLN,MT,ANM,WE,Combination Non-Radar Approach Control & Tower w/o Radar,4,43,22,0,69,0,6,68,1,75,4,49,90,1,144,34,0,34,178
09/28/2005,HLN,MT,ANM,WE,Combination Non-Radar Approach Control & Tower w/o Radar,4,40,12,0,56,0,7,41,0,48,4,47,53,0,104,84,0,84,188
09/29/2005,HLN,MT,ANM,WE,Combination Non-Radar Approach Control & Tower w/o Radar,4,44,14,0,62,0,2,36,6,44,4,46,50,6,106,52,6,58,164
09/30/2005,HLN,MT,ANM,WE,Combination Non-Radar Approach Control & Tower w/o Radar,8,41,8,2,59,0,2,40,2,44,8,43,48,4,103,16,4,20,123
10/01/2005,HLN,MT,ANM,WE,Combination Non-Radar Approach Control & Tower w/o Radar,4,29,5,2,40,0,0,19,0,19,4,29,24,2,59,20,0,20,79
10/02/2005,HLN,MT,ANM,WE,Combination Non-Radar Approach Control & Tower w/o Radar,3,22,5,0,30,0,2,24,1,27,3,24,29,1,57,52,0,52,109
10/03/2005,HLN,MT,ANM,WE,Combination Non-Radar Approach Control & Tower w/o Radar,3,34,6,0,43,0,1,4,0,5,3,35,10,0,48,6,0,6,54
10/04/2005,HLN,MT,ANM,WE,Combination Non-Radar Approach Control & Tower w/o Radar,4,44,5,0,53,0,4,5,0,9,4,48,10,0,62,64,0,64,126
10/05/2005,HLN,MT,ANM,WE,Combination Non-Radar Approach Control & Tower w/o Radar,3,59,13,0,75,0,2,32,2,36,3,61,45,2,111,42,0,42,153
10/06/2005,HLN,MT,ANM,WE,Combination Non-Radar Approach Control & Tower w/o Radar,4,42,12,0,58,0,2,64,0,66,4,44,76,0,124,90,0,90,214
10/07/2005,HLN,MT,ANM,WE,Combination Non-Radar Approach Control & Tower w/o Radar,4,36,11,0,51,0,13,36,0,49,4,49,47,0,100,58,0,58,158
10/08/2005,HLN,MT,ANM,WE,Combination Non-Radar Approach Control & Tower w/o Radar,4,35,6,0,45,0,2,34,0,36,4,37,40,0,81,60,0,60,141
10/09/2005,HLN,MT,ANM,WE,Combination Non-Radar Approach Control & Tower w/o Radar,3,22,5,0,30,0,7,59,0,66,3,29,64,0,96,54,0,54,150
10/10/2005,HLN,MT,ANM,WE,Combination Non-Radar Approach Control & Tower w/o Radar,3,31,3,1,38,0,3,73,5,81,3,34,76,6,119,96,4,100,219
10/11/2005,HLN,MT,ANM,WE,Combination Non-Radar Approach Control & Tower w/o Radar,4,35,15,2,56,0,4,54,5,63,4,39,69,7,119,92,0,92,211
10/12/2005,HLN,MT,ANM,WE,Combination Non-Radar Approach Control & Tower w/o Radar,3,51,14,0,68,0,11,52,2,65,3,62,66,2,133,98,0,98,231
10/13/2005,HLN,MT,ANM,WE,Combination Non-Radar Approach Control & Tower w/o Radar,4,45,15,2,66,0,10,57,2,69,4,55,72,4,135,142,10,152,287
10/14/2005,HLN,MT,ANM,WE,Combination Non-Radar Approach Control & Tower w/o Radar,7,39,12,0,58,0,9,56,6,71,7,48,68,6,129,106,4,110,239
10/15/2005,HLN,MT,ANM,WE,Combination Non-Radar Approach Control & Tower w/o Radar,5,31,2,2,40,0,2,41,20,63,5,33,43,22,103,60,18,78,181
10/16/2005,HLN,MT,ANM,WE,Combination Non-Radar Approach Control & Tower w/o Radar,3,20,1,0,24,0,8,36,0,44,3,28,37,0,68,56,0,56,124
10/17/2005,HLN,MT,ANM,WE,Combination Non-Radar Approach Control & Tower w/o Radar,5,35,13,2,55,0,2,50,8,60,5,37,63,10,115,44,6,50,165
10/18/2005,HLN,MT,ANM,WE,Combination Non-Radar Approach Control & Tower w/o Radar,4,37,16,0,57,0,16,49,0,65,4,53,65,0,122,48,0,48,170
10/19/2005,HLN,MT,ANM,WE,Combination Non-Radar Approach Control & Tower w/o Radar,5,43,9,0,57,0,0,43,2,45,5,43,52,2,102,74,0,74,176
10/20/2005,HLN,MT,ANM,WE,Combination Non-Radar Approach Control & Tower w/o Radar,4,41,12,2,59,0,3,53,2,58,4,44,65,4,117,102,4,106,223
10/21/2005,HLN,MT,ANM,WE,Combination Non-Radar Approach Control & Tower w/o Radar,3,41,6,1,51,0,0,37,2,39,3,41,43,3,90,42,0,42,132
10/22/2005,HLN,MT,ANM,WE,Combination Non-Radar Approach Control & Tower w/o Radar,3,29,2,1,35,0,1,71,0,72,3,30,73,1,107,46,0,46,153
10/23/2005,HLN,MT,ANM,WE,Combination Non-Radar Approach Control & Tower w/o Radar,3,20,2,3,28,0,1,61,0,62,3,21,63,3,90,90,0,90,180
10/24/2005,HLN,MT,ANM,WE,Combination Non-Radar Approach Control & Tower w/o Radar,3,34,4,0,41,0,3,53,3,59,3,37,57,3,100,86,0,86,186
10/25/2005,HLN,MT,ANM,WE,Combination Non-Radar Approach Control & Tower w/o Radar,4,45,19,9,77,0,4,82,4,90,4,49,101,13,167,84,10,94,261
10/26/2005,HLN,MT,ANM,WE,Combination Non-Radar Approach Control & Tower w/o Radar,4,38,11,1,54,0,2,57,5,64,4,40,68,6,118,74,2,76,194
10/27/2005,HLN,MT,ANM,WE,Combination Non-Radar Approach Control & Tower w/o Radar,4,43,23,0,70,0,1,37,6,44,4,44,60,6,114,58,12,70,184
10/28/2005,HLN,MT,ANM,WE,Combination Non-Radar Approach Control & Tower w/o Radar,4,41,16,0,61,0,4,37,7,48,4,45,53,7,109,104,4,108,217
10/29/2005,HLN,MT,ANM,WE,Combination Non-Radar Approach Control & Tower w/o Radar,4,32,3,0,39,0,1,22,2,25,4,33,25,2,64,26,16,42,106
10/30/2005,HLN,MT,ANM,WE,Combination Non-Radar Approach Control & Tower w/o Radar,3,20,6,1,30,0,0,32,0,32,3,20,38,1,62,46,0,46,108
10/31/2005,HLN,MT,ANM,WE,Combination Non-Radar Approach Control & Tower w/o Radar,3,32,10,1,46,0,2,30,0,32,3,34,40,1,78,40,0,40,118
11/01/2005,HLN,MT,ANM,WE,Combination Non-Radar Approach Control & Tower w/o Radar,8,40,7,0,55,0,4,18,0,22,8,44,25,0,77,34,0,34,111
11/02/2005,HLN,MT,ANM,WE,Combination Non-Radar Approach Control & Tower w/o Radar,4,41,4,1,50,0,0,34,3,37,4,41,38,4,87,88,4,92,179
11/03/2005,HLN,MT,ANM,WE,Combination Non-Radar Approach Control & Tower w/o Radar,4,41,5,4,54,0,3,36,0,39,4,44,41,4,93,44,0,44,137
11/04/2005,HLN,MT,ANM,WE,Combination Non-Radar Approach Control & Tower w/o Radar,4,41,8,3,56,0,1,23,3,27,4,42,31,6,83,36,0,36,119
11/05/2005,HLN,MT,ANM,WE,Combination Non-Radar Approach Control & Tower w/o Radar,4,25,2,8,39,0,1,10,10,21,4,26,12,18,60,26,38,64,124
11/06/2005,HLN,MT,ANM,WE,Combination Non-Radar Approach Control & Tower w/o Radar,3,19,7,2,31,0,2,8,0,10,3,21,15,2,41,14,0,14,55
11/07/2005,HLN,MT,ANM,WE,Combination Non-Radar Approach Control & Tower w/o Radar,4,31,5,0,40,0,0,12,1,13,4,31,17,1,53,66,0,66,119
11/08/2005,HLN,MT,ANM,WE,Combination Non-Radar Approach Control & Tower w/o Radar,4,42,4,4,54,0,3,9,5,17,4,45,13,9,71,12,14,26,97
11/09/2005,HLN,MT,ANM,WE,Combination Non-Radar Approach Control & Tower w/o Radar,4,40,3,2,49,0,2,59,10,71,4,42,62,12,120,74,2,76,196
11/10/2005,HLN,MT,ANM,WE,Combination Non-Radar Approach Control & Tower w/o Radar,8,41,6,4,59,0,2,62,4,68,8,43,68,8,127,88,2,90,217
11/11/2005,HLN,MT,ANM,WE,Combination Non-Radar Approach Control & Tower w/o Radar,4,33,3,0,40,0,2,29,0,31,4,35,32,0,71,52,0,52,123
11/12/2005,HLN,MT,ANM,WE,Combination Non-Radar Approach Control & Tower w/o Radar,4,22,4,0,30,0,0,16,0,16,4,22,20,0,46,22,0,22,68
11/13/2005,HLN,MT,ANM,WE,Combination Non-Radar Approach Control & Tower w/o Radar,3,21,5,0,29,0,0,18,0,18,3,21,23,0,47,50,0,50,97
11/14/2005,HLN,MT,ANM,WE,Combination Non-Radar Approach Control & Tower w/o Radar,3,33,11,0,47,0,0,0,0,0,3,33,11,0,47,0,0,0,47
11/15/2005,HLN,MT,ANM,WE,Combination Non-Radar Approach Control & Tower w/o Radar,3,39,6,2,50,0,3,38,2,43,3,42,44,4,93,54,4,58,151
11/16/2005,HLN,MT,ANM,WE,Combination Non-Radar Approach Control & Tower w/o Radar,4,41,7,5,57,0,5,15,10,30,4,46,22,15,87,44,22,66,153
11/17/2005,HLN,MT,ANM,WE,Combination Non-Radar Approach Control & Tower w/o Radar,4,40,14,0,58,0,3,46,14,63,4,43,60,14,121,60,56,116,237
11/18/2005,HLN,MT,ANM,WE,Combination Non-Radar Approach Control & Tower w/o Radar,4,44,13,2,63,0,3,24,6,33,4,47,37,8,96,32,4,36,132
11/19/2005,HLN,MT,ANM,WE,Combination Non-Radar Approach Control & Tower w/o Radar,3,31,3,2,39,0,8,57,9,74,3,39,60,11,113,68,2,70,183
11/20/2005,HLN,MT,ANM,WE,Combination Non-Radar Approach Control & Tower w/o Radar,5,24,9,0,38,0,2,79,0,81,5,26,88,0,119,102,0,102,221
11/21/2005,HLN,MT,ANM,WE,Combination Non-Radar Approach Control & Tower w/o Radar,3,41,11,0,55,0,7,56,3,66,3,48,67,3,121,54,0,54,175
11/22/2005,HLN,MT,ANM,WE,Combination Non-Radar Approach Control & Tower w/o Radar,4,45,13,0,62,0,3,72,6,81,4,48,85,6,143,104,10,114,257
11/23/2005,HLN,MT,ANM,WE,Combination Non-Radar Approach Control & Tower w/o Radar,6,40,14,0,60,0,4,58,2,64,6,44,72,2,124,108,0,108,232
11/24/2005,HLN,MT,ANM,WE,Combination Non-Radar Approach Control & Tower w/o Radar,3,18,3,0,24,0,3,36,0,39,3,21,39,0,63,46,0,46,109
11/25/2005,HLN,MT,ANM,WE,Combination Non-Radar Approach Control & Tower w/o Radar,4,29,2,0,35,0,0,14,0,14,4,29,16,0,49,4,0,4,53
11/26/2005,HLN,MT,ANM,WE,Combination Non-Radar Approach Control & Tower w/o Radar,4,28,1,0,33,0,1,1,4,6,4,29,2,4,39,0,0,0,39
11/27/2005,HLN,MT,ANM,WE,Combination Non-Radar Approach Control & Tower w/o Radar,3,24,10,0,37,0,2,0,0,2,3,26,10,0,39,0,0,0,39
11/28/2005,HLN,MT,ANM,WE,Combination Non-Radar Approach Control & Tower w/o Radar,3,27,3,6,39,0,5,11,0,16,3,32,14,6,55,48,6,54,109
11/29/2005,HLN,MT,ANM,WE,Combination Non-Radar Approach Control & Tower w/o Radar,4,54,11,1,70,0,1,14,3,18,4,55,25,4,88,26,0,26,114
11/30/2005,HLN,MT,ANM,WE,Combination Non-Radar Approach Control & Tower w/o Radar,3,43,12,1,59,0,0,8,0,8,3,43,20,1,67,18,2,20,87
12/01/2005,HLN,MT,ANM,WE,Combination Non-Radar Approach Control & Tower w/o Radar,5,44,9,0,58,0,4,5,2,11,5,48,14,2,69,10,0,10,79
12/02/2005,HLN,MT,ANM,WE,Combination Non-Radar Approach Control & Tower w/o Radar,3,46,14,6,69,0,2,5,2,9,3,48,19,8,78,0,6,6,84
12/03/2005,HLN,MT,ANM,WE,Combination Non-Radar Approach Control & Tower w/o Radar,5,28,2,4,39,0,0,13,4,17,5,28,15,8,56,14,22,36,92
12/04/2005,HLN,MT,ANM,WE,Combination Non-Radar Approach Control & Tower w/o Radar,3,17,10,2,32,0,0,13,1,14,3,17,23,3,46,16,0,16,62
12/05/2005,HLN,MT,ANM,WE,Combination Non-Radar Approach Control & Tower w/o Radar,3,25,28,2,58,0,3,1,2,6,3,28,29,4,64,12,0,12,76
12/06/2005,HLN,MT,ANM,WE,Combination Non-Radar Approach Control & Tower w/o Radar,4,33,9,4,50,0,2,13,7,22,4,35,22,11,72,8,16,24,96
12/07/2005,HLN,MT,ANM,WE,Combination Non-Radar Approach Control & Tower w/o Radar,3,40,13,6,62,0,4,20,4,28,3,44,33,10,90,12,4,16,106
12/08/2005,HLN,MT,ANM,WE,Combination Non-Radar Approach Control & Tower w/o Radar,4,36,11,3,54,0,4,17,10,31,4,40,28,13,85,12,6,18,103
12/09/2005,HLN,MT,ANM,WE,Combination Non-Radar Approach Control & Tower w/o Radar,4,42,7,1,54,0,3,35,5,43,4,45,42,6,97,54,4,58,155
12/10/2005,HLN,MT,ANM,WE,Combination Non-Radar Approach Control & Tower w/o Radar,4,27,2,0,33,0,1,28,0,29,4,28,30,0,62,50,0,50,112
12/11/2005,HLN,MT,ANM,WE,Combination Non-Radar Approach Control & Tower w/o Radar,3,12,4,0,19,0,0,21,0,21,3,12,25,0,40,36,0,36,76
12/12/2005,HLN,MT,ANM,WE,Combination Non-Radar Approach Control & Tower w/o Radar,3,20,6,0,29,0,4,4,2,10,3,24,10,2,39,4,0,4,43
12/13/2005,HLN,MT,ANM,WE,Combination Non-Radar Approach Control & Tower w/o Radar,4,40,13,0,57,0,0,7,6,13,4,40,20,6,70,4,24,28,98
12/14/2005,HLN,MT,ANM,WE,Combination Non-Radar Approach Control & Tower w/o Radar,6,40,12,0,58,0,7,25,17,49,6,47,37,17,107,10,32,42,149
12/15/2005,HLN,MT,ANM,WE,Combination Non-Radar Approach Control & Tower w/o Radar,5,39,12,0,56,0,2,29,4,35,5,41,41,4,91,24,4,28,119
12/16/2005,HLN,MT,ANM,WE,Combination Non-Radar Approach Control & Tower w/o Radar,4,41,13,3,61,0,3,23,5,31,4,44,36,8,92,14,32,46,138
12/17/2005,HLN,MT,ANM,WE,Combination Non-Radar Approach Control & Tower w/o Radar,3,27,3,2,35,0,0,25,5,30,3,27,28,7,65,28,16,44,109
12/18/2005,HLN,MT,ANM,WE,Combination Non-Radar Approach Control & Tower w/o Radar,4,14,1,0,19,0,2,10,0,12,4,16,11,0,31,16,0,16,47
12/19/2005,HLN,MT,ANM,WE,Combination Non-Radar Approach Control & Tower w/o Radar,3,27,10,3,43,0,1,18,1,20,3,28,28,4,63,14,6,20,83
12/20/2005,HLN,MT,ANM,WE,Combination Non-Radar Approach Control & Tower w/o Radar,3,37,7,2,49,0,3,16,5,24,3,40,23,7,73,36,0,36,109
12/21/2005,HLN,MT,ANM,WE,Combination Non-Radar Approach Control & Tower w/o Radar,3,45,6,0,54,0,2,16,2,20,3,47,22,2,74,0,0,0,74
12/22/2005,HLN,MT,ANM,WE,Combination Non-Radar Approach Control & Tower w/o Radar,3,45,6,0,54,0,0,26,2,28,3,45,32,2,82,46,2,48,130
12/23/2005,HLN,MT,ANM,WE,Combination Non-Radar Approach Control & Tower w/o Radar,4,34,4,0,42,0,0,26,0,26,4,34,30,0,68,30,0,30,98
12/24/2005,HLN,MT,ANM,WE,Combination Non-Radar Approach Control & Tower w/o Radar,4,26,5,0,35,0,1,27,0,28,4,27,32,0,63,52,0,52,115
12/25/2005,HLN,MT,ANM,WE,Combination Non-Radar Approach Control & Tower w/o Radar,4,8,2,0,14,0,0,9,0,9,4,8,11,0,23,30,0,30,53
12/26/2005,HLN,MT,ANM,WE,Combination Non-Radar Approach Control & Tower w/o Radar,3,19,0,0,22,0,1,7,0,8,3,20,7,0,30,0,0,0,30
12/27/2005,HLN,MT,ANM,WE,Combination Non-Radar Approach Control & Tower w/o Radar,4,28,1,0,33,0,6,28,0,34,4,34,29,0,67,29,0,29,96
12/28/2005,HLN,MT,ANM,WE,Combination Non-Radar Approach Control & Tower w/o Radar,3,39,6,1,49,0,1,12,1,14,3,40,18,2,63,38,6,44,107
12/29/2005,HLN,MT,ANM,WE,Combination Non-Radar Approach Control & Tower w/o Radar,3,38,3,2,46,0,0,22,2,24,3,38,25,4,70,28,12,40,110
12/30/2005,HLN,MT,ANM,WE,Combination Non-Radar Approach Control & Tower w/o Radar,3,40,10,3,56,0,0,33,3,36,3,40,43,6,92,46,12,58,150
12/31/2005,HLN,MT,ANM,WE,Combination Non-Radar Approach Control & Tower w/o Radar,2,30,6,0,38,0,2,14,0,16,2,32,20,0,54,20,0,20,74
01/01/2006,HLN,MT,ANM,WE,Combination Non-Radar Approach Control & Tower w/o Radar,4,12,1,0,17,0,1,12,0,13,4,13,13,0,30,18,0,18,48
01/02/2006,HLN,MT,ANM,WE,Combination Non-Radar Approach Control & Tower w/o Radar,3,18,1,0,22,0,0,20,0,20,3,18,21,0,42,48,0,48,90
01/03/2006,HLN,MT,ANM,WE,Combination Non-Radar Approach Control & Tower w/o Radar,3,33,6,0,42,0,3,23,0,26,3,36,29,0,68,36,0,36,104
01/04/2006,HLN,MT,ANM,WE,Combination Non-Radar Approach Control & Tower w/o Radar,4,38,7,2,51,0,2,22,0,24,4,40,29,2,75,20,2,22,97
01/05/2006,HLN,MT,ANM,WE,Combination Non-Radar Approach Control & Tower w/o Radar,3,38,11,2,54,0,2,11,0,13,3,40,22,2,67,6,0,6,73
01/06/2006,HLN,MT,ANM,WE,Combination Non-Radar Approach Control & Tower w/o Radar,4,39,8,4,55,0,7,42,6,55,4,46,50,10,110,58,2,60,170
01/07/2006,HLN,MT,ANM,WE,Combination Non-Radar Approach Control & Tower w/o Radar,4,29,0,3,36,0,2,23,5,30,4,31,23,8,66,30,8,38,104
01/08/2006,HLN,MT,ANM,WE,Combination Non-Radar Approach Control & Tower w/o Radar,4,16,5,0,25,0,1,2,0,3,4,17,7,0,28,0,0,0,28
01/09/2006,HLN,MT,ANM,WE,Combination Non-Radar Approach Control & Tower w/o Radar,3,24,6,6,39,0,2,6,2,10,3,26,12,8,49,0,8,8,57
01/10/2006,HLN,MT,ANM,WE,Combination Non-Radar Approach Control & Tower w/o Radar,2,38,9,0,49,0,0,13,0,13,2,38,22,0,62,6,0,6,68
01/11/2006,HLN,MT,ANM,WE,Combination Non-Radar Approach Control & Tower w/o Radar,6,37,9,0,52,0,1,2,5,8,6,38,11,5,60,0,0,0,60
01/12/2006,HLN,MT,ANM,WE,Combination Non-Radar Approach Control & Tower w/o Radar,4,42,8,0,54,0,0,14,5,19,4,42,22,5,73,22,0,22,95
01/13/2006,HLN,MT,ANM,WE,Combination Non-Radar Approach Control & Tower w/o Radar,4,39,7,0,50,0,5,31,10,46,4,44,38,10,96,68,20,88,184
01/14/2006,HLN,MT,ANM,WE,Combination Non-Radar Approach Control & Tower w/o Radar,4,30,12,0,46,0,0,28,0,28,4,30,40,0,74,36,0,36,110
01/15/2006,HLN,MT,ANM,WE,Combination Non-Radar Approach Control & Tower w/o Radar,3,15,7,0,25,0,10,5,0,15,3,25,12,0,40,18,0,18,58
01/16/2006,HLN,MT,ANM,WE,Combination Non-Radar Approach Control & Tower w/o Radar,3,22,10,0,35,0,1,25,0,26,3,23,35,0,61,44,0,44,105
01/17/2006,HLN,MT,ANM,WE,Combination Non-Radar Approach Control & Tower w/o Radar,4,32,8,0,44,0,2,26,6,34,4,34,34,6,78,28,14,42,120
01/18/2006,HLN,MT,ANM,WE,Combination Non-Radar Approach Control & Tower w/o Radar,4,40,6,1,51,0,2,22,8,32,4,42,28,9,83,36,10,46,129
01/19/2006,HLN,MT,ANM,WE,Combination Non-Radar Approach Control & Tower w/o Radar,4,40,9,0,53,0,1,25,7,33,4,41,34,7,86,20,0,20,106
01/20/2006,HLN,MT,ANM,WE,Combination Non-Radar Approach Control & Tower w/o Radar,4,47,8,2,61,0,0,24,1,25,4,47,32,3,86,32,14,46,132
01/21/2006,HLN,MT,ANM,WE,Combination Non-Radar Approach Control & Tower w/o Radar,3,30,8,0,41,0,4,23,0,27,3,34,31,0,68,36,0,36,104
01/22/2006,HLN,MT,ANM,WE,Combination Non-Radar Approach Control & Tower w/o Radar,3,17,6,1,27,0,0,9,1,10,3,17,15,2,37,16,0,16,53
01/23/2006,HLN,MT,ANM,WE,Combination Non-Radar Approach Control & Tower w/o Radar,3,25,7,3,38,0,2,17,3,22,3,27,24,6,60,10,22,32,92
01/24/2006,HLN,MT,ANM,WE,Combination Non-Radar Approach Control & Tower w/o Radar,4,34,8,2,48,0,1,67,12,80,4,35,75,14,128,86,18,104,232
01/25/2006,HLN,MT,ANM,WE,Combination Non-Radar Approach Control & Tower w/o Radar,4,33,17,2,56,0,2,52,8,62,4,35,69,10,118,100,58,158,276
01/26/2006,HLN,MT,ANM,WE,Combination Non-Radar Approach Control & Tower w/o Radar,4,35,7,3,49,0,3,43,7,53,4,38,50,10,102,42,56,98,200
01/27/2006,HLN,MT,ANM,WE,Combination Non-Radar Approach Control & Tower w/o Radar,4,35,11,8,58,0,1,43,16,60,4,36,54,24,118,50,60,110,228
01/28/2006,HLN,MT,ANM,WE,Combination Non-Radar Approach Control & Tower w/o Radar,3,27,7,2,39,0,1,28,6,35,3,28,35,8,74,20,18,38,112
01/29/2006,HLN,MT,ANM,WE,Combination Non-Radar Approach Control & Tower w/o Radar,3,17,2,0,22,0,0,18,0,18,3,17,20,0,40,44,0,44,84
01/30/2006,HLN,MT,ANM,WE,Combination Non-Radar Approach Control & Tower w/o Radar,3,30,12,0,45,0,4,10,0,14,3,34,22,0,59,22,0,22,81
01/31/2006,HLN,MT,ANM,WE,Combination Non-Radar Approach Control & Tower w/o Radar,4,36,10,3,53,0,2,20,13,35,4,38,30,16,88,8,70,78,166
02/01/2006,HLN,MT,ANM,WE,Combination Non-Radar Approach Control & Tower w/o Radar,3,45,12,0,60,0,3,9,0,12,3,48,21,0,72,20,0,20,92
02/02/2006,HLN,MT,ANM,WE,Combination Non-Radar Approach Control & Tower w/o Radar,4,38,10,1,53,0,0,25,5,30,4,38,35,6,83,46,18,64,147
02/03/2006,HLN,MT,ANM,WE,Combination Non-Radar Approach Control & Tower w/o Radar,4,38,10,1,53,0,0,28,16,44,4,38,38,17,97,22,24,46,143
02/04/2006,HLN,MT,ANM,WE,Combination Non-Radar Approach Control & Tower w/o Radar,4,26,2,5,37,0,2,30,27,59,4,28,32,32,96,30,68,98,194
02/05/2006,HLN,MT,ANM,WE,Combination Non-Radar Approach Control & Tower w/o Radar,4,15,3,0,22,0,0,2,0,2,4,15,5,0,24,0,0,0,24
02/06/2006,HLN,MT,ANM,WE,Combination Non-Radar Approach Control & Tower w/o Radar,3,31,13,2,49,0,3,35,4,42,3,34,48,6,91,32,46,78,169
02/07/2006,HLN,MT,ANM,WE,Combination Non-Radar Approach Control & Tower w/o Radar,4,45,8,3,60,0,9,61,2,72,4,54,69,5,132,88,6,94,226
02/08/2006,HLN,MT,ANM,WE,Combination Non-Radar Approach Control & Tower w/o Radar,4,37,14,5,60,0,7,34,11,52,4,44,48,16,112,30,52,82,194
02/09/2006,HLN,MT,ANM,WE,Combination Non-Radar Approach Control & Tower w/o Radar,4,35,3,0,42,0,2,18,17,37,4,37,21,17,79,6,32,38,117
02/10/2006,HLN,MT,ANM,WE,Combination Non-Radar Approach Control & Tower w/o Radar,6,41,11,2,60,0,3,46,15,64,6,44,57,17,124,66,18,84,208
02/11/2006,HLN,MT,ANM,WE,Combination Non-Radar Approach Control & Tower w/o Radar,3,28,5,0,36,1,11,81,2,95,4,39,86,2,131,78,2,80,211
02/12/2006,HLN,MT,ANM,WE,Combination Non-Radar Approach Control & Tower w/o Radar,4,17,3,0,24,0,2,35,0,37,4,19,38,0,61,30,0,30,91
02/13/2006,HLN,MT,ANM,WE,Combination Non-Radar Approach Control & Tower w/o Radar,5,29,13,2,49,0,10,18,12,40,5,39,31,14,89,34,24,58,147
02/14/2006,HLN,MT,ANM,WE,Combination Non-Radar Approach Control & Tower w/o Radar,4,41,9,0,54,0,5,6,12,23,4,46,15,12,77,6,60,66,143
02/15/2006,HLN,MT,ANM,WE,Combination Non-Radar Approach Control & Tower w/o Radar,4,38,17,1,60,0,2,32,17,51,4,40,49,18,111,58,24,82,193
02/16/2006,HLN,MT,ANM,WE,Combination Non-Radar Approach Control & Tower w/o Radar,4,42,15,0,61,0,2,11,18,31,4,44,26,18,92,24,16,40,132
02/17/2006,HLN,MT,ANM,WE,Combination Non-Radar Approach Control & Tower w/o Radar,4,44,10,0,58,0,10,25,8,43,4,54,35,8,101,26,4,30,131
02/18/2006,HLN,MT,ANM,WE,Combination Non-Radar Approach Control & Tower w/o Radar,4,27,7,0,38,0,0,31,0,31,4,27,38,0,69,2,0,2,71
02/19/2006,HLN,MT,ANM,WE,Combination Non-Radar Approach Control & Tower w/o Radar,3,14,5,2,24,0,0,17,0,17,3,14,22,2,41,6,0,6,47
02/20/2006,HLN,MT,ANM,WE,Combination Non-Radar Approach Control & Tower w/o Radar,3,18,15,0,36,0,2,24,0,26,3,20,39,0,62,16,0,16,78
02/21/2006,HLN,MT,ANM,WE,Combination Non-Radar Approach Control & Tower w/o Radar,4,42,27,0,73,0,3,20,16,39,4,45,47,16,112,66,62,128,240
02/22/2006,HLN,MT,ANM,WE,Combination Non-Radar Approach Control & Tower w/o Radar,4,37,24,0,65,0,2,11,9,22,4,39,35,9,87,30,4,34,121
02/23/2006,HLN,MT,ANM,WE,Combination Non-Radar Approach Control & Tower w/o Radar,3,37,10,3,53,0,5,13,13,31,3,42,23,16,84,32,24,56,140
02/24/2006,HLN,MT,ANM,WE,Combination Non-Radar Approach Control & Tower w/o Radar,4,45,6,4,59,0,3,17,8,28,4,48,23,12,87,28,20,48,135
02/25/2006,HLN,MT,ANM,WE,Combination Non-Radar Approach Control & Tower w/o Radar,4,41,4,3,52,0,3,33,5,41,4,44,37,8,93,28,28,56,149
02/26/2006,HLN,MT,ANM,WE,Combination Non-Radar Approach Control & Tower w/o Radar,4,15,1,4,24,0,2,28,0,30,4,17,29,4,54,44,4,48,102
02/27/2006,HLN,MT,ANM,WE,Combination Non-Radar Approach Control & Tower w/o Radar,3,26,11,6,46,0,1,22,12,35,3,27,33,18,81,64,50,114,195
02/28/2006,HLN,MT,ANM,WE,Combination Non-Radar Approach Control & Tower w/o Radar,4,35,13,10,62,0,0,19,10,29,4,35,32,20,91,38,38,76,167
03/01/2006,HLN,MT,ANM,WE,Combination Non-Radar Approach Control & Tower w/o Radar,3,37,16,4,60,0,0,39,5,44,3,37,55,9,104,70,6,76,180
03/02/2006,HLN,MT,ANM,WE,Combination Non-Radar Approach Control & Tower w/o Radar,4,35,11,3,53,0,4,47,16,67,4,39,58,19,120,20,30,50,170
03/03/2006,HLN,MT,ANM,WE,Combination Non-Radar Approach Control & Tower w/o Radar,3,41,15,6,65,0,7,34,24,65,3,48,49,30,130,46,72,118,248
03/04/2006,HLN,MT,ANM,WE,Combination Non-Radar Approach Control & Tower w/o Radar,3,32,9,0,44,0,2,11,0,13,3,34,20,0,57,32,26,58,115
03/05/2006,HLN,MT,ANM,WE,Combination Non-Radar Approach Control & Tower w/o Radar,4,16,6,0,26,0,2,43,7,52,4,18,49,7,78,30,6,36,114
03/06/2006,HLN,MT,ANM,WE,Combination Non-Radar Approach Control & Tower w/o Radar,3,24,16,4,47,0,5,41,0,46,3,29,57,4,93,34,2,36,129
03/07/2006,HLN,MT,ANM,WE,Combination Non-Radar Approach Control & Tower w/o Radar,4,45,16,3,68,0,4,24,7,35,4,49,40,10,103,34,38,72,175
03/08/2006,HLN,MT,ANM,WE,Combination Non-Radar Approach Control & Tower w/o Radar,4,35,15,7,61,0,2,19,10,31,4,37,34,17,92,22,22,44,136
03/09/2006,HLN,MT,ANM,WE,Combination Non-Radar Approach Control & Tower w/o Radar,4,45,7,1,57,0,0,11,13,24,4,45,18,14,81,0,36,36,117
03/10/2006,HLN,MT,ANM,WE,Combination Non-Radar Approach Control & Tower w/o Radar,3,37,13,11,64,0,4,35,8,47,3,41,48,19,111,70,24,94,205
03/11/2006,HLN,MT,ANM,WE,Combination Non-Radar Approach Control & Tower w/o Radar,3,37,7,1,48,0,5,29,0,34,3,42,36,1,82,38,0,38,120
03/12/2006,HLN,MT,ANM,WE,Combination Non-Radar Approach Control & Tower w/o Radar,4,20,1,1,26,0,0,21,0,21,4,20,22,1,47,50,0,50,97
03/13/2006,HLN,MT,ANM,WE,Combination Non-Radar Approach Control & Tower w/o Radar,3,25,7,6,41,0,6,21,10,37,3,31,28,16,78,26,8,34,112
03/14/2006,HLN,MT,ANM,WE,Combination Non-Radar Approach Control & Tower w/o Radar,3,34,12,0,49,0,3,25,8,36,3,37,37,8,85,60,32,92,177
03/15/2006,HLN,MT,ANM,WE,Combination Non-Radar Approach Control & Tower w/o Radar,3,40,15,6,64,0,4,25,8,37,3,44,40,14,101,42,24,66,167
03/16/2006,HLN,MT,ANM,WE,Combination Non-Radar Approach Control & Tower w/o Radar,4,44,6,6,60,0,0,30,7,37,4,44,36,13,97,90,24,114,211
03/17/2006,HLN,MT,ANM,WE,Combination Non-Radar Approach Control & Tower w/o Radar,3,38,10,6,57,0,4,51,18,73,3,42,61,24,130,50,14,64,194
03/18/2006,HLN,MT,ANM,WE,Combination Non-Radar Approach Control & Tower w/o Radar,4,27,1,1,33,0,2,30,0,32,4,29,31,1,65,54,0,54,119
03/19/2006,HLN,MT,ANM,WE,Combination Non-Radar Approach Control & Tower w/o Radar,3,14,2,0,19,0,0,0,0,0,3,14,2,0,19,0,0,0,19
03/20/2006,HLN,MT,ANM,WE,Combination Non-Radar Approach Control & Tower w/o Radar,3,27,16,4,50,0,0,8,14,22,3,27,24,18,72,6,30,36,108
03/21/2006,HLN,MT,ANM,WE,Combination Non-Radar Approach Control & Tower w/o Radar,4,40,9,1,54,0,0,17,7,24,4,40,26,8,78,26,38,64,142
03/22/2006,HLN,MT,ANM,WE,Combination Non-Radar Approach Control & Tower w/o Radar,4,35,8,1,48,0,5,51,16,72,4,40,59,17,120,106,8,114,234
03/23/2006,HLN,MT,ANM,WE,Combination Non-Radar Approach Control & Tower w/o Radar,4,33,11,0,48,0,4,90,1,95,4,37,101,1,143,50,18,68,211
03/24/2006,HLN,MT,ANM,WE,Combination Non-Radar Approach Control & Tower w/o Radar,4,39,7,1,51,0,5,71,12,88,4,44,78,13,139,142,22,164,303
03/25/2006,HLN,MT,ANM,WE,Combination Non-Radar Approach Control & Tower w/o Radar,4,30,3,0,37,0,1,29,4,34,4,31,32,4,71,42,6,48,119
03/26/2006,HLN,MT,ANM,WE,Combination Non-Radar Approach Control & Tower w/o Radar,2,16,3,1,22,0,3,2,0,5,2,19,5,1,27,8,0,8,35
03/27/2006,HLN,MT,ANM,WE,Combination Non-Radar Approach Control & Tower w/o Radar,3,28,4,3,38,0,3,41,2,46,3,31,45,5,84,52,12,64,148
03/28/2006,HLN,MT,ANM,WE,Combination Non-Radar Approach Control & Tower w/o Radar,4,39,11,1,55,0,5,51,7,63,4,44,62,8,118,64,30,94,212
03/29/2006,HLN,MT,ANM,WE,Combination Non-Radar Approach Control & Tower w/o Radar,4,38,9,2,53,0,4,7,7,18,4,42,16,9,71,14,0,14,85
03/30/2006,HLN,MT,ANM,WE,Combination Non-Radar Approach Control & Tower w/o Radar,4,43,12,4,63,0,3,43,14,60,4,46,55,18,123,116,0,116,239
03/31/2006,HLN,MT,ANM,WE,Combination Non-Radar Approach Control & Tower w/o Radar,4,38,9,8,59,0,6,42,14,62,4,44,51,22,121,62,44,106,227
04/01/2006,HLN,MT,ANM,WE,Combination Non-Radar Approach Control & Tower w/o Radar,4,29,4,0,37,0,5,36,0,41,4,34,40,0,78,24,0,24,102
04/02/2006,HLN,MT,ANM,WE,Combination Non-Radar Approach Control & Tower w/o Radar,4,19,3,0,26,0,1,7,0,8,4,20,10,0,34,10,0,10,44
04/03/2006,HLN,MT,ANM,WE,Combination Non-Radar Approach Control & Tower w/o Radar,3,28,5,0,36,0,3,54,0,57,3,31,59,0,93,68,0,68,161
04/04/2006,HLN,MT,ANM,WE,Combination Non-Radar Approach Control & Tower w/o Radar,4,38,5,2,49,0,0,24,3,27,4,38,29,5,76,46,0,46,122
04/05/2006,HLN,MT,ANM,WE,Combination Non-Radar Approach Control & Tower w/o Radar,3,43,17,4,67,0,4,9,0,13,3,47,26,4,80,8,0,8,88
04/06/2006,HLN,MT,ANM,WE,Combination Non-Radar Approach Control & Tower w/o Radar,3,49,11,1,64,0,0,4,11,15,3,49,15,12,79,0,22,22,101
04/07/2006,HLN,MT,ANM,WE,Combination Non-Radar Approach Control & Tower w/o Radar,4,37,15,5,61,0,8,29,21,58,4,45,44,26,119,56,4,60,179
04/08/2006,HLN,MT,ANM,WE,Combination Non-Radar Approach Control & Tower w/o Radar,4,28,2,1,35,0,2,57,11,70,4,30,59,12,105,64,10,74,179
04/09/2006,HLN,MT,ANM,WE,Combination Non-Radar Approach Control & Tower w/o Radar,3,20,2,4,29,0,0,19,0,19,3,20,21,4,48,42,0,42,90
04/10/2006,HLN,MT,ANM,WE,Combination Non-Radar Approach Control & Tower w/o Radar,3,24,8,7,42,0,6,21,8,35,3,30,29,15,77,20,46,66,143
04/11/2006,HLN,MT,ANM,WE,Combination Non-Radar Approach Control & Tower w/o Radar,4,38,14,4,60,0,0,26,4,30,4,38,40,8,90,34,12,46,136
04/12/2006,HLN,MT,ANM,WE,Combination Non-Radar Approach Control & Tower w/o Radar,4,32,7,2,45,0,5,64,14,83,4,37,71,16,128,48,44,92,220
04/13/2006,HLN,MT,ANM,WE,Combination Non-Radar Approach Control & Tower w/o Radar,3,39,21,11,74,0,12,25,7,44,3,51,46,18,118,50,26,76,194
04/14/2006,HLN,MT,ANM,WE,Combination Non-Radar Approach Control & Tower w/o Radar,6,36,11,2,55,0,3,30,11,44,6,39,41,13,99,26,40,66,165
04/15/2006,HLN,MT,ANM,WE,Combination Non-Radar Approach Control & Tower w/o Radar,4,27,6,0,37,0,2,42,0,44,4,29,48,0,81,110,0,110,191
04/16/2006,HLN,MT,ANM,WE,Combination Non-Radar Approach Control & Tower w/o Radar,5,18,3,0,26,0,0,22,0,22,5,18,25,0,48,30,0,30,78
04/17/2006,HLN,MT,ANM,WE,Combination Non-Radar Approach Control & Tower w/o Radar,3,29,7,2,41,0,1,15,4,20,3,30,22,6,61,8,24,32,93
04/18/2006,HLN,MT,ANM,WE,Combination Non-Radar Approach Control & Tower w/o Radar,3,35,8,7,53,0,0,40,13,53,3,35,48,20,106,104,42,146,252
04/19/2006,HLN,MT,ANM,WE,Combination Non-Radar Approach Control & Tower w/o Radar,3,36,17,3,59,0,6,85,5,96,3,42,102,8,155,44,32,76,231
04/20/2006,HLN,MT,ANM,WE,Combination Non-Radar Approach Control & Tower w/o Radar,4,36,5,6,51,0,8,98,18,124,4,44,103,24,175,56,40,96,271
04/21/2006,HLN,MT,ANM,WE,Combination Non-Radar Approach Control & Tower w/o Radar,4,31,15,5,55,0,17,75,18,110,4,48,90,23,165,62,38,100,265
04/22/2006,HLN,MT,ANM,WE,Combination Non-Radar Approach Control & Tower w/o Radar,4,33,7,0,44,0,2,40,7,49,4,35,47,7,93,68,16,84,177
04/23/2006,HLN,MT,ANM,WE,Combination Non-Radar Approach Control & Tower w/o Radar,3,16,10,1,30,0,2,10,1,13,3,18,20,2,43,0,0,0,43
04/24/2006,HLN,MT,ANM,WE,Combination Non-Radar Approach Control & Tower w/o Radar,3,25,8,2,38,0,0,17,1,18,3,25,25,3,56,26,0,26,82
04/25/2006,HLN,MT,ANM,WE,Combination Non-Radar Approach Control & Tower w/o Radar,3,37,9,1,50,0,0,57,9,66,3,37,66,10,116,46,20,66,182
04/26/2006,HLN,MT,ANM,WE,Combination Non-Radar Approach Control & Tower w/o Radar,3,36,15,1,55,0,1,61,14,76,3,37,76,15,131,62,20,82,213
04/27/2006,HLN,MT,ANM,WE,Combination Non-Radar Approach Control & Tower w/o Radar,4,41,12,4,61,0,4,45,13,62,4,45,57,17,123,100,4,104,227
04/28/2006,HLN,MT,ANM,WE,Combination Non-Radar Approach Control & Tower w/o Radar,4,42,10,3,59,0,13,87,13,113,4,55,97,16,172,40,22,62,234
04/29/2006,HLN,MT,ANM,WE,Combination Non-Radar Approach Control & Tower w/o Radar,3,23,2,2,30,0,3,73,4,80,3,26,75,6,110,88,0,88,198
04/30/2006,HLN,MT,ANM,WE,Combination Non-Radar Approach Control & Tower w/o Radar,3,18,4,0,25,0,2,31,1,34,3,20,35,1,59,24,0,24,83
05/01/2006,HLN,MT,ANM,WE,Combination Non-Radar Approach Control & Tower w/o Radar,4,30,7,1,42,0,2,63,12,77,4,32,70,13,119,94,32,126,245
05/02/2006,HLN,MT,ANM,WE,Combination Non-Radar Approach Control & Tower w/o Radar,5,38,13,1,57,0,4,42,9,55,5,42,55,10,112,60,26,86,198
05/03/2006,HLN,MT,ANM,WE,Combination Non-Radar Approach Control & Tower w/o Radar,4,38,9,3,54,0,5,57,11,73,4,43,66,14,127,38,6,44,171
05/04/2006,HLN,MT,ANM,WE,Combination Non-Radar Approach Control & Tower w/o Radar,3,35,10,4,52,0,3,66,12,81,3,38,76,16,133,60,32,92,225
05/05/2006,HLN,MT,ANM,WE,Combination Non-Radar Approach Control & Tower w/o Radar,4,38,6,3,51,0,4,94,24,122,4,42,100,27,173,44,32,76,249
05/06/2006,HLN,MT,ANM,WE,Combination Non-Radar Approach Control & Tower w/o Radar,4,22,2,4,32,0,4,46,31,81,4,26,48,35,113,90,4,94,207
05/07/2006,HLN,MT,ANM,WE,Combination Non-Radar Approach Control & Tower w/o Radar,3,16,5,2,26,1,0,29,22,52,4,16,34,24,78,26,6,32,110
05/08/2006,HLN,MT,ANM,WE,Combination Non-Radar Approach Control & Tower w/o Radar,4,29,9,0,42,0,1,36,5,42,4,30,45,5,84,56,10,66,150
05/09/2006,HLN,MT,ANM,WE,Combination Non-Radar Approach Control & Tower w/o Radar,4,38,4,8,54,0,4,49,14,67,4,42,53,22,121,42,20,62,183
05/10/2006,HLN,MT,ANM,WE,Combination Non-Radar Approach Control & Tower w/o Radar,3,38,8,4,53,0,7,97,18,122,3,45,105,22,175,94,16,110,285
05/11/2006,HLN,MT,ANM,WE,Combination Non-Radar Approach Control & Tower w/o Radar,2,44,7,2,55,0,2,65,14,81,2,46,72,16,136,98,8,106,242
05/12/2006,HLN,MT,ANM,WE,Combination Non-Radar Approach Control & Tower w/o Radar,4,40,7,3,54,0,3,65,15,83,4,43,72,18,137,30,14,44,181
05/13/2006,HLN,MT,ANM,WE,Combination Non-Radar Approach Control & Tower w/o Radar,4,20,5,1,30,0,0,71,8,79,4,20,76,9,109,66,6,72,181
05/14/2006,HLN,MT,ANM,WE,Combination Non-Radar Approach Control & Tower w/o Radar,3,18,3,0,24,0,1,43,1,45,3,19,46,1,69,28,0,28,97
05/15/2006,HLN,MT,ANM,WE,Combination Non-Radar Approach Control & Tower w/o Radar,3,32,9,5,49,0,0,73,14,87,3,32,82,19,136,56,48,104,240
05/16/2006,HLN,MT,ANM,WE,Combination Non-Radar Approach Control & Tower w/o Radar,5,32,11,4,52,0,5,75,16,96,5,37,86,20,148,62,20,82,230
05/17/2006,HLN,MT,ANM,WE,Combination Non-Radar Approach Control & Tower w/o Radar,3,32,5,3,43,0,4,69,11,84,3,36,74,14,127,86,20,106,233
05/18/2006,HLN,MT,ANM,WE,Combination Non-Radar Approach Control & Tower w/o Radar,3,34,14,1,52,0,7,71,20,98,3,41,85,21,150,66,24,90,240
05/19/2006,HLN,MT,ANM,WE,Combination Non-Radar Approach Control & Tower w/o Radar,4,36,9,6,55,0,3,59,12,74,4,39,68,18,129,82,8,90,219
05/20/2006,HLN,MT,ANM,WE,Combination Non-Radar Approach Control & Tower w/o Radar,4,19,3,4,30,0,5,44,16,65,4,24,47,20,95,30,10,40,135
05/21/2006,HLN,MT,ANM,WE,Combination Non-Radar Approach Control & Tower w/o Radar,3,16,5,3,27,0,1,58,4,63,3,17,63,7,90,10,0,10,100
05/22/2006,HLN,MT,ANM,WE,Combination Non-Radar Approach Control & Tower w/o Radar,3,33,9,4,49,0,5,53,7,65,3,38,62,11,114,10,4,14,128
05/23/2006,HLN,MT,ANM,WE,Combination Non-Radar Approach Control & Tower w/o Radar,3,35,8,6,52,0,2,46,13,61,3,37,54,19,113,40,34,74,187
05/24/2006,HLN,MT,ANM,WE,Combination Non-Radar Approach Control & Tower w/o Radar,3,39,6,4,52,0,7,48,9,64,3,46,54,13,116,90,0,90,206
05/25/2006,HLN,MT,ANM,WE,Combination Non-Radar Approach Control & Tower w/o Radar,4,39,12,8,63,0,7,92,12,111,4,46,104,20,174,102,24,126,300
05/26/2006,HLN,MT,ANM,WE,Combination Non-Radar Approach Control & Tower w/o Radar,4,41,17,0,62,0,6,20,2,28,4,47,37,2,90,48,0,48,138
05/27/2006,HLN,MT,ANM,WE,Combination Non-Radar Approach Control & Tower w/o Radar,3,21,1,0,25,0,1,3,0,4,3,22,4,0,29,0,0,0,29
05/28/2006,HLN,MT,ANM,WE,Combination Non-Radar Approach Control & Tower w/o Radar,4,12,1,0,17,0,0,0,1,1,4,12,1,1,18,0,0,0,18
05/29/2006,HLN,MT,ANM,WE,Combination Non-Radar Approach Control & Tower w/o Radar,4,19,6,1,30,0,0,11,2,13,4,19,17,3,43,10,0,10,53
05/30/2006,HLN,MT,ANM,WE,Combination Non-Radar Approach Control & Tower w/o Radar,4,32,10,3,49,0,6,69,11,86,4,38,79,14,135,104,10,114,249
05/31/2006,HLN,MT,ANM,WE,Combination Non-Radar Approach Control & Tower w/o Radar,3,34,9,7,53,0,6,101,15,122,3,40,110,22,175,92,4,96,271
06/01/2006,HLN,MT,ANM,WE,Combination Non-Radar Approach Control & Tower w/o Radar,4,37,9,4,54,0,5,97,12,114,4,42,106,16,168,66,0,66,234
06/02/2006,HLN,MT,ANM,WE,Combination Non-Radar Approach Control & Tower w/o Radar,4,35,11,5,55,0,2,48,11,61,4,37,59,16,116,60,20,80,196
06/03/2006,HLN,MT,ANM,WE,Combination Non-Radar Approach Control & Tower w/o Radar,3,20,9,0,32,0,0,33,7,40,3,20,42,7,72,8,0,8,80
06/04/2006,HLN,MT,ANM,WE,Combination Non-Radar Approach Control & Tower w/o Radar,3,16,4,2,25,0,0,57,3,60,3,16,61,5,85,70,0,70,155
06/05/2006,HLN,MT,ANM,WE,Combination Non-Radar Approach Control & Tower w/o Radar,5,31,8,4,48,0,2,64,8,74,5,33,72,12,122,122,2,124,246
06/06/2006,HLN,MT,ANM,WE,Combination Non-Radar Approach Control & Tower w/o Radar,5,32,8,0,45,0,6,86,22,114,5,38,94,22,159,80,18,98,257
06/07/2006,HLN,MT,ANM,WE,Combination Non-Radar Approach Control & Tower w/o Radar,3,36,10,2,51,0,2,61,6,69,3,38,71,8,120,102,2,104,224
06/08/2006,HLN,MT,ANM,WE,Combination Non-Radar Approach Control & Tower w/o Radar,4,37,17,4,62,0,0,19,4,23,4,37,36,8,85,24,30,54,139
06/09/2006,HLN,MT,ANM,WE,Combination Non-Radar Approach Control & Tower w/o Radar,4,42,14,3,63,0,2,27,9,38,4,44,41,12,101,18,8,26,127
06/10/2006,HLN,MT,ANM,WE,Combination Non-Radar Approach Control & Tower w/o Radar,3,21,1,3,28,0,1,12,2,15,3,22,13,5,43,0,6,6,49
06/11/2006,HLN,MT,ANM,WE,Combination Non-Radar Approach Control & Tower w/o Radar,3,17,4,3,27,0,0,26,20,46,3,17,30,23,73,24,4,28,101
06/12/2006,HLN,MT,ANM,WE,Combination Non-Radar Approach Control & Tower w/o Radar,3,37,22,9,71,0,4,34,9,47,3,41,56,18,118,54,16,70,188
06/13/2006,HLN,MT,ANM,WE,Combination Non-Radar Approach Control & Tower w/o Radar,3,36,14,2,55,0,1,40,10,51,3,37,54,12,106,74,8,82,188
06/14/2006,HLN,MT,ANM,WE,Combination Non-Radar Approach Control & Tower w/o Radar,3,39,12,1,55,0,1,51,11,63,3,40,63,12,118,70,8,78,196
06/15/2006,HLN,MT,ANM,WE,Combination Non-Radar Approach Control & Tower w/o Radar,4,39,17,2,62,0,0,38,17,55,4,39,55,19,117,54,14,68,185
06/16/2006,HLN,MT,ANM,WE,Combination Non-Radar Approach Control & Tower w/o Radar,4,40,12,6,62,0,2,63,14,79,4,42,75,20,141,80,22,102,243
06/17/2006,HLN,MT,ANM,WE,Combination Non-Radar Approach Control & Tower w/o Radar,3,21,4,0,28,0,1,58,24,83,3,22,62,24,111,56,2,58,169
06/18/2006,HLN,MT,ANM,WE,Combination Non-Radar Approach Control & Tower w/o Radar,3,12,4,0,19,0,1,67,0,68,3,13,71,0,87,10,0,10,97
06/19/2006,HLN,MT,ANM,WE,Combination Non-Radar Approach Control & Tower w/o Radar,4,40,13,3,60,0,4,45,1,50,4,44,58,4,110,68,4,72,182
06/20/2006,HLN,MT,ANM,WE,Combination Non-Radar Approach Control & Tower w/o Radar,7,29,10,1,47,0,9,62,9,80,7,38,72,10,127,72,12,84,211
06/21/2006,HLN,MT,ANM,WE,Combination Non-Radar Approach Control & Tower w/o Radar,4,31,5,0,40,0,9,75,4,88,4,40,80,4,128,104,4,108,236
06/22/2006,HLN,MT,ANM,WE,Combination Non-Radar Approach Control & Tower w/o Radar,6,34,6,2,48,0,9,84,6,99,6,43,90,8,147,30,2,32,179
06/23/2006,HLN,MT,ANM,WE,Combination Non-Radar Approach Control & Tower w/o Radar,3,36,9,1,49,0,0,67,1,68,3,36,76,2,117,58,0,58,175
06/24/2006,HLN,MT,ANM,WE,Combination Non-Radar Approach Control & Tower w/o Radar,3,17,4,1,25,0,4,76,0,80,3,21,80,1,105,22,0,22,127
06/25/2006,HLN,MT,ANM,WE,Combination Non-Radar Approach Control & Tower w/o Radar,3,17,12,2,34,0,3,78,1,82,3,20,90,3,116,50,0,50,166
06/26/2006,HLN,MT,ANM,WE,Combination Non-Radar Approach Control & Tower w/o Radar,3,32,5,3,43,0,7,73,7,87,3,39,78,10,130,96,18,114,244
06/27/2006,HLN,MT,ANM,WE,Combination Non-Radar Approach Control & Tower w/o Radar,3,34,18,0,55,0,6,61,15,82,3,40,79,15,137,92,0,92,229
06/28/2006,HLN,MT,ANM,WE,Combination Non-Radar Approach Control & Tower w/o Radar,3,38,4,1,46,0,6,69,13,88,3,44,73,14,134,76,20,96,230
06/29/2006,HLN,MT,ANM,WE,Combination Non-Radar Approach Control & Tower w/o Radar,3,38,14,2,57,0,4,64,14,82,3,42,78,16,139,92,8,100,239
06/30/2006,HLN,MT,ANM,WE,Combination Non-Radar Approach Control & Tower w/o Radar,4,36,16,2,58,5,0,70,8,83,9,36,86,10,141,52,22,74,215
07/01/2006,HLN,MT,ANM,WE,Combination Non-Radar Approach Control & Tower w/o Radar,3,20,4,0,27,0,0,36,0,36,3,20,40,0,63,28,0,28,91
07/02/2006,HLN,MT,ANM,WE,Combination Non-Radar Approach Control & Tower w/o Radar,3,9,2,0,14,0,0,43,3,46,3,9,45,3,60,10,0,10,70
07/03/2006,HLN,MT,ANM,WE,Combination Non-Radar Approach Control & Tower w/o Radar,4,22,5,0,31,0,5,37,2,44,4,27,42,2,75,50,0,50,125
07/04/2006,HLN,MT,ANM,WE,Combination Non-Radar Approach Control & Tower w/o Radar,3,14,3,0,20,0,3,66,0,69,3,17,69,0,89,34,0,34,123
07/05/2006,HLN,MT,ANM,WE,Combination Non-Radar Approach Control & Tower w/o Radar,4,26,11,1,42,0,4,56,7,67,4,30,67,8,109,52,12,64,173
07/06/2006,HLN,MT,ANM,WE,Combination Non-Radar Approach Control & Tower w/o Radar,4,38,12,2,56,0,4,57,13,74,4,42,69,15,130,48,18,66,196
07/07/2006,HLN,MT,ANM,WE,Combination Non-Radar Approach Control & Tower w/o Radar,4,38,14,1,57,0,0,60,10,70,4,38,74,11,127,32,4,36,163
07/08/2006,HLN,MT,ANM,WE,Combination Non-Radar Approach Control & Tower w/o Radar,7,22,4,1,34,0,0,57,13,70,7,22,61,14,104,12,2,14,118
07/09/2006,HLN,MT,ANM,WE,Combination Non-Radar Approach Control & Tower w/o Radar,3,16,2,1,22,0,0,51,2,53,3,16,53,3,75,20,4,24,99
07/10/2006,HLN,MT,ANM,WE,Combination Non-Radar Approach Control & Tower w/o Radar,4,32,3,1,40,0,2,40,11,53,4,34,43,12,93,22,36,58,151
07/11/2006,HLN,MT,ANM,WE,Combination Non-Radar Approach Control & Tower w/o Radar,3,33,9,3,48,0,3,76,18,97,3,36,85,21,145,104,32,136,281
07/12/2006,HLN,MT,ANM,WE,Combination Non-Radar Approach Control & Tower w/o Radar,3,38,9,1,51,0,2,68,7,77,3,40,77,8,128,18,2,20,148
07/13/2006,HLN,MT,ANM,WE,Combination Non-Radar Approach Control & Tower w/o Radar,4,34,6,2,46,0,5,51,13,69,4,39,57,15,115,68,2,70,185
07/14/2006,HLN,MT,ANM,WE,Combination Non-Radar Approach Control & Tower w/o Radar,3,39,11,1,54,0,1,52,18,71,3,40,63,19,125,66,10,76,201
07/15/2006,HLN,MT,ANM,WE,Combination Non-Radar Approach Control & Tower w/o Radar,4,26,4,3,37,0,5,57,19,81,4,31,61,22,118,30,6,36,154
07/16/2006,HLN,MT,ANM,WE,Combination Non-Radar Approach Control & Tower w/o Radar,3,18,2,1,24,0,0,61,3,64,3,18,63,4,88,26,0,26,114
07/17/2006,HLN,MT,ANM,WE,Combination Non-Radar Approach Control & Tower w/o Radar,4,27,7,2,40,0,5,80,24,109,4,32,87,26,149,38,20,58,207
07/18/2006,HLN,MT,ANM,WE,Combination Non-Radar Approach Control & Tower w/o Radar,6,33,7,3,49,0,5,70,21,96,6,38,77,24,145,62,12,74,219
07/19/2006,HLN,MT,ANM,WE,Combination Non-Radar Approach Control & Tower w/o Radar,4,40,11,5,60,0,4,69,13,86,4,44,80,18,146,32,34,66,212
07/20/2006,HLN,MT,ANM,WE,Combination Non-Radar Approach Control & Tower w/o Radar,4,35,20,3,62,0,2,74,17,93,4,37,94,20,155,58,10,68,223
07/21/2006,HLN,MT,ANM,WE,Combination Non-Radar Approach Control & Tower w/o Radar,3,32,5,1,41,0,0,95,11,106,3,32,100,12,147,68,0,68,215
07/22/2006,HLN,MT,ANM,WE,Combination Non-Radar Approach Control & Tower w/o Radar,5,21,3,0,29,0,0,63,9,72,5,21,66,9,101,56,16,72,173
07/23/2006,HLN,MT,ANM,WE,Combination Non-Radar Approach Control & Tower w/o Radar,3,17,9,0,29,0,2,85,0,87,3,19,94,0,116,40,0,40,156
07/24/2006,HLN,MT,ANM,WE,Combination Non-Radar Approach Control & Tower w/o Radar,4,36,3,2,45,0,3,81,0,84,4,39,84,2,129,38,4,42,171
07/25/2006,HLN,MT,ANM,WE,Combination Non-Radar Approach Control & Tower w/o Radar,4,37,7,1,49,0,1,73,16,90,4,38,80,17,139,74,12,86,225
07/26/2006,HLN,MT,ANM,WE,Combination Non-Radar Approach Control & Tower w/o Radar,3,32,5,3,43,0,5,83,9,97,3,37,88,12,140,44,4,48,188
07/27/2006,HLN,MT,ANM,WE,Combination Non-Radar Approach Control & Tower w/o Radar,3,36,14,4,57,0,1,95,11,107,3,37,109,15,164,64,6,70,234
07/28/2006,HLN,MT,ANM,WE,Combination Non-Radar Approach Control & Tower w/o Radar,4,36,4,2,46,0,2,55,5,62,4,38,59,7,108,14,0,14,122
07/29/2006,HLN,MT,ANM,WE,Combination Non-Radar Approach Control & Tower w/o Radar,3,20,4,0,27,0,10,62,3,75,3,30,66,3,102,6,0,6,108
07/30/2006,HLN,MT,ANM,WE,Combination Non-Radar Approach Control & Tower w/o Radar,3,13,2,4,22,0,0,45,0,45,3,13,47,4,67,8,0,8,75
07/31/2006,HLN,MT,ANM,WE,Combination Non-Radar Approach Control & Tower w/o Radar,4,31,6,4,45,0,5,82,14,101,4,36,88,18,146,88,12,100,246
08/01/2006,HLN,MT,ANM,WE,Combination Non-Radar Approach Control & Tower w/o Radar,3,32,3,1,39,0,5,70,9,84,3,37,73,10,123,42,0,42,165
08/02/2006,HLN,MT,ANM,WE,Combination Non-Radar Approach Control & Tower w/o Radar,3,33,20,0,56,0,5,74,4,83,3,38,94,4,139,44,0,44,183
08/03/2006,HLN,MT,ANM,WE,Combination Non-Radar Approach Control & Tower w/o Radar,3,34,15,4,56,0,4,50,13,67,3,38,65,17,123,50,18,68,191
08/04/2006,HLN,MT,ANM,WE,Combination Non-Radar Approach Control & Tower w/o Radar,3,35,12,2,52,0,3,66,4,73,3,38,78,6,125,54,6,60,185
08/05/2006,HLN,MT,ANM,WE,Combination Non-Radar Approach Control & Tower w/o Radar,4,14,0,0,18,0,0,64,4,68,4,14,64,4,86,26,0,26,112
08/06/2006,HLN,MT,ANM,WE,Combination Non-Radar Approach Control & Tower w/o Radar,3,12,1,0,16,0,0,63,4,67,3,12,64,4,83,78,0,78,161
08/07/2006,HLN,MT,ANM,WE,Combination Non-Radar Approach Control & Tower w/o Radar,3,35,5,2,45,0,5,64,12,81,3,40,69,14,126,72,18,90,216
08/08/2006,HLN,MT,ANM,WE,Combination Non-Radar Approach Control & Tower w/o Radar,3,39,8,2,52,1,8,70,8,87,4,47,78,10,139,64,0,64,203
08/09/2006,HLN,MT,ANM,WE,Combination Non-Radar Approach Control & Tower w/o Radar,4,38,7,2,51,0,5,63,22,90,4,43,70,24,141,100,14,114,255
08/10/2006,HLN,MT,ANM,WE,Combination Non-Radar Approach Control & Tower w/o Radar,3,37,13,3,56,0,1,80,9,90,3,38,93,12,146,66,6,72,218
08/11/2006,HLN,MT,ANM,WE,Combination Non-Radar Approach Control & Tower w/o Radar,4,38,10,6,58,0,4,115,6,125,4,42,125,12,183,50,14,64,247
08/12/2006,HLN,MT,ANM,WE,Combination Non-Radar Approach Control & Tower w/o Radar,5,15,5,0,25,0,3,65,0,68,5,18,70,0,93,32,0,32,125
08/13/2006,HLN,MT,ANM,WE,Combination Non-Radar Approach Control & Tower w/o Radar,3,11,4,0,18,0,0,67,1,68,3,11,71,1,86,4,0,4,90
08/14/2006,HLN,MT,ANM,WE,Combination Non-Radar Approach Control & Tower w/o Radar,6,35,3,2,46,0,3,99,10,112,6,38,102,12,158,62,2,64,222
08/15/2006,HLN,MT,ANM,WE,Combination Non-Radar Approach Control & Tower w/o Radar,4,35,9,3,51,0,8,70,4,82,4,43,79,7,133,64,2,66,199
08/16/2006,HLN,MT,ANM,WE,Combination Non-Radar Approach Control & Tower w/o Radar,4,34,11,3,52,0,14,69,18,101,4,48,80,21,153,104,2,106,259
08/17/2006,HLN,MT,ANM,WE,Combination Non-Radar Approach Control & Tower w/o Radar,3,43,14,5,65,0,1,27,13,41,3,44,41,18,106,44,6,50,156
08/18/2006,HLN,MT,ANM,WE,Combination Non-Radar Approach Control & Tower w/o Radar,3,41,21,1,66,0,0,59,34,93,3,41,80,35,159,52,14,66,225
08/19/2006,HLN,MT,ANM,WE,Combination Non-Radar Approach Control & Tower w/o Radar,3,17,0,0,20,0,0,91,24,115,3,17,91,24,135,64,18,82,217
08/20/2006,HLN,MT,ANM,WE,Combination Non-Radar Approach Control & Tower w/o Radar,3,12,6,1,22,0,3,63,12,78,3,15,69,13,100,24,4,28,128
08/21/2006,HLN,MT,ANM,WE,Combination Non-Radar Approach Control & Tower w/o Radar,3,36,1,7,47,0,10,71,2,83,3,46,72,9,130,66,12,78,208
08/22/2006,HLN,MT,ANM,WE,Combination Non-Radar Approach Control & Tower w/o Radar,3,37,9,0,49,0,6,83,10,99,3,43,92,10,148,104,0,104,252
08/23/2006,HLN,MT,ANM,WE,Combination Non-Radar Approach Control & Tower w/o Radar,4,38,12,3,57,0,4,69,7,80,4,42,81,10,137,36,2,38,175
08/24/2006,HLN,MT,ANM,WE,Combination Non-Radar Approach Control & Tower w/o Radar,3,35,5,6,49,0,3,69,9,81,3,38,74,15,130,50,14,64,194
08/25/2006,HLN,MT,ANM,WE,Combination Non-Radar Approach Control & Tower w/o Radar,4,44,15,1,64,0,2,27,11,40,4,46,42,12,104,20,48,68,172
08/26/2006,HLN,MT,ANM,WE,Combination Non-Radar Approach Control & Tower w/o Radar,3,15,5,0,23,0,3,73,6,82,3,18,78,6,105,16,0,16,121
08/27/2006,HLN,MT,ANM,WE,Combination Non-Radar Approach Control & Tower w/o Radar,3,13,7,0,23,0,0,77,2,79,3,13,84,2,102,20,0,20,122
08/28/2006,HLN,MT,ANM,WE,Combination Non-Radar Approach Control & Tower w/o Radar,4,29,3,6,42,0,3,63,22,88,4,32,66,28,130,42,24,66,196
08/29/2006,HLN,MT,ANM,WE,Combination Non-Radar Approach Control & Tower w/o Radar,3,43,10,4,60,0,7,81,9,97,3,50,91,13,157,90,12,102,259
08/30/2006,HLN,MT,ANM,WE,Combination Non-Radar Approach Control & Tower w/o Radar,3,40,15,6,64,0,7,45,5,57,3,47,60,11,121,46,8,54,175
08/31/2006,HLN,MT,ANM,WE,Combination Non-Radar Approach Control & Tower w/o Radar,3,38,9,8,58,0,0,61,8,69,3,38,70,16,127,32,10,42,169
09/01/2006,HLN,MT,ANM,WE,Combination Non-Radar Approach Control & Tower w/o Radar,4,36,6,0,46,0,4,50,0,54,4,40,56,0,100,36,0,36,136
09/02/2006,HLN,MT,ANM,WE,Combination Non-Radar Approach Control & Tower w/o Radar,3,12,3,0,18,0,1,52,4,57,3,13,55,4,75,24,2,26,101
09/03/2006,HLN,MT,ANM,WE,Combination Non-Radar Approach Control & Tower w/o Radar,4,8,1,0,13,0,1,47,0,48,4,9,48,0,61,42,0,42,103
09/04/2006,HLN,MT,ANM,WE,Combination Non-Radar Approach Control & Tower w/o Radar,4,15,9,0,28,0,0,41,0,41,4,15,50,0,69,20,0,20,89
09/05/2006,HLN,MT,ANM,WE,Combination Non-Radar Approach Control & Tower w/o Radar,4,34,8,0,46,0,1,39,4,44,4,35,47,4,90,8,2,10,100
09/06/2006,HLN,MT,ANM,WE,Combination Non-Radar Approach Control & Tower w/o Radar,3,30,10,3,46,0,10,43,2,55,3,40,53,5,101,70,8,78,179
09/07/2006,HLN,MT,ANM,WE,Combination Non-Radar Approach Control & Tower w/o Radar,4,41,8,3,56,0,0,55,16,71,4,41,63,19,127,114,6,120,247
09/08/2006,HLN,MT,ANM,WE,Combination Non-Radar Approach Control & Tower w/o Radar,4,33,12,5,54,0,2,50,19,71,4,35,62,24,125,22,8,30,155
09/09/2006,HLN,MT,ANM,WE,Combination Non-Radar Approach Control & Tower w/o Radar,3,19,1,12,35,0,0,65,26,91,3,19,66,38,126,46,26,72,198
09/10/2006,HLN,MT,ANM,WE,Combination Non-Radar Approach Control & Tower w/o Radar,3,13,1,10,27,0,2,59,20,81,3,15,60,30,108,60,10,70,178
09/11/2006,HLN,MT,ANM,WE,Combination Non-Radar Approach Control & Tower w/o Radar,4,31,5,5,45,0,10,71,5,86,4,41,76,10,131,38,6,44,175
09/12/2006,HLN,MT,ANM,WE,Combination Non-Radar Approach Control & Tower w/o Radar,4,34,11,3,52,0,6,64,22,92,4,40,75,25,144,60,0,60,204
09/13/2006,HLN,MT,ANM,WE,Combination Non-Radar Approach Control & Tower w/o Radar,3,40,9,0,52,0,0,44,7,51,3,40,53,7,103,40,2,42,145
09/14/2006,HLN,MT,ANM,WE,Combination Non-Radar Approach Control & Tower w/o Radar,8,43,21,2,74,0,5,15,8,28,8,48,36,10,102,0,10,10,112
09/15/2006,HLN,MT,ANM,WE,Combination Non-Radar Approach Control & Tower w/o Radar,3,46,16,3,68,0,2,12,10,24,3,48,28,13,92,16,20,36,128
09/16/2006,HLN,MT,ANM,WE,Combination Non-Radar Approach Control & Tower w/o Radar,3,19,6,0,28,0,0,14,1,15,3,19,20,1,43,50,0,50,93
09/17/2006,HLN,MT,ANM,WE,Combination Non-Radar Approach Control & Tower w/o Radar,3,12,6,4,25,0,1,16,0,17,3,13,22,4,42,12,0,12,54
09/18/2006,HLN,MT,ANM,WE,Combination Non-Radar Approach Control & Tower w/o Radar,3,34,5,5,47,0,1,62,7,70,3,35,67,12,117,82,30,112,229
09/19/2006,HLN,MT,ANM,WE,Combination Non-Radar Approach Control & Tower w/o Radar,4,38,8,6,56,0,0,56,24,80,4,38,64,30,136,54,38,92,228
09/20/2006,HLN,MT,ANM,WE,Combination Non-Radar Approach Control & Tower w/o Radar,4,38,14,0,56,0,0,40,16,56,4,38,54,16,112,36,28,64,176
09/21/2006,HLN,MT,ANM,WE,Combination Non-Radar Approach Control & Tower w/o Radar,4,37,16,1,58,0,7,37,13,57,4,44,53,14,115,68,28,96,211
09/22/2006,HLN,MT,ANM,WE,Combination Non-Radar Approach Control & Tower w/o Radar,5,41,16,4,66,0,0,24,20,44,5,41,40,24,110,34,30,64,174
09/23/2006,HLN,MT,ANM,WE,Combination Non-Radar Approach Control & Tower w/o Radar,3,14,3,0,20,0,0,46,11,57,3,14,49,11,77,38,2,40,117
09/24/2006,HLN,MT,ANM,WE,Combination Non-Radar Approach Control & Tower w/o Radar,3,10,4,2,19,0,0,57,4,61,3,10,61,6,80,44,0,44,124
09/25/2006,HLN,MT,ANM,WE,Combination Non-Radar Approach Control & Tower w/o Radar,3,31,9,7,50,0,11,86,7,104,3,42,95,14,154,54,22,76,230
09/26/2006,HLN,MT,ANM,WE,Combination Non-Radar Approach Control & Tower w/o Radar,4,31,20,4,59,0,7,48,10,65,4,38,68,14,124,40,22,62,186
09/27/2006,HLN,MT,ANM,WE,Combination Non-Radar Approach Control & Tower w/o Radar,4,39,16,2,61,0,6,58,13,77,4,45,74,15,138,72,4,76,214
09/28/2006,HLN,MT,ANM,WE,Combination Non-Radar Approach Control & Tower w/o Radar,3,33,15,3,54,0,6,61,7,74,3,39,76,10,128,58,12,70,198
09/29/2006,HLN,MT,ANM,WE,Combination Non-Radar Approach Control & Tower w/o Radar,3,31,16,5,55,0,2,41,6,49,3,33,57,11,104,28,10,38,142
09/30/2006,HLN,MT,ANM,WE,Combination Non-Radar Approach Control & Tower w/o Radar,4,14,5,0,23,0,1,92,0,93,4,15,97,0,116,24,0,24,140
10/01/2006,HLN,MT,ANM,WE,Combination Non-Radar Approach Control & Tower w/o Radar,3,11,4,0,18,0,2,42,0,44,3,13,46,0,62,10,0,10,72
10/02/2006,HLN,MT,ANM,WE,Combination Non-Radar Approach Control & Tower w/o Radar,3,26,17,0,46,0,13,54,3,70,3,39,71,3,116,52,10,62,178
10/03/2006,HLN,MT,ANM,WE,Combination Non-Radar Approach Control & Tower w/o Radar,4,37,14,2,57,0,1,30,1,32,4,38,44,3,89,62,0,62,151
10/04/2006,HLN,MT,ANM,WE,Combination Non-Radar Approach Control & Tower w/o Radar,5,37,12,2,56,0,1,37,10,48,5,38,49,12,104,56,10,66,170
10/05/2006,HLN,MT,ANM,WE,Combination Non-Radar Approach Control & Tower w/o Radar,3,34,13,5,55,0,1,48,6,55,3,35,61,11,110,56,4,60,170
10/06/2006,HLN,MT,ANM,WE,Combination Non-Radar Approach Control & Tower w/o Radar,3,34,13,2,52,0,2,32,0,34,3,36,45,2,86,20,0,20,106
10/07/2006,HLN,MT,ANM,WE,Combination Non-Radar Approach Control & Tower w/o Radar,4,14,3,0,21,0,0,17,0,17,4,14,20,0,38,30,0,30,68
10/08/2006,HLN,MT,ANM,WE,Combination Non-Radar Approach Control & Tower w/o Radar,3,12,7,0,22,0,0,26,0,26,3,12,33,0,48,32,0,32,80
10/09/2006,HLN,MT,ANM,WE,Combination Non-Radar Approach Control & Tower w/o Radar,3,26,10,0,39,0,1,28,0,29,3,27,38,0,68,94,0,94,162
10/10/2006,HLN,MT,ANM,WE,Combination Non-Radar Approach Control & Tower w/o Radar,4,31,11,7,53,0,10,40,1,51,4,41,51,8,104,56,26,82,186
10/11/2006,HLN,MT,ANM,WE,Combination Non-Radar Approach Control & Tower w/o Radar,4,36,14,1,55,0,5,29,8,42,4,41,43,9,97,66,2,68,165
10/12/2006,HLN,MT,ANM,WE,Combination Non-Radar Approach Control & Tower w/o Radar,4,33,9,2,48,0,1,51,20,72,4,34,60,22,120,122,8,130,250
10/13/2006,HLN,MT,ANM,WE,Combination Non-Radar Approach Control & Tower w/o Radar,3,38,15,9,65,0,8,66,31,105,3,46,81,40,170,140,20,160,330
10/14/2006,HLN,MT,ANM,WE,Combination Non-Radar Approach Control & Tower w/o Radar,4,15,3,1,23,0,0,51,23,74,4,15,54,24,97,74,12,86,183
10/15/2006,HLN,MT,ANM,WE,Combination Non-Radar Approach Control & Tower w/o Radar,3,11,8,3,25,0,5,25,9,39,3,16,33,12,64,10,6,16,80
10/16/2006,HLN,MT,ANM,WE,Combination Non-Radar Approach Control & Tower w/o Radar,5,34,11,0,50,0,0,3,15,18,5,34,14,15,68,0,34,34,102
10/17/2006,HLN,MT,ANM,WE,Combination Non-Radar Approach Control & Tower w/o Radar,3,37,17,6,63,0,0,4,6,10,3,37,21,12,73,20,38,58,131
10/18/2006,HLN,MT,ANM,WE,Combination Non-Radar Approach Control & Tower w/o Radar,4,40,14,3,61,0,2,30,14,46,4,42,44,17,107,64,24,88,195
10/19/2006,HLN,MT,ANM,WE,Combination Non-Radar Approach Control & Tower w/o Radar,3,38,26,3,70,0,5,24,12,41,3,43,50,15,111,80,34,114,225
10/20/2006,HLN,MT,ANM,WE,Combination Non-Radar Approach Control & Tower w/o Radar,4,41,16,10,71,0,3,12,11,26,4,44,28,21,97,38,58,96,193
10/21/2006,HLN,MT,ANM,WE,Combination Non-Radar Approach Control & Tower w/o Radar,3,16,5,7,31,0,0,16,3,19,3,16,21,10,50,34,10,44,94
10/22/2006,HLN,MT,ANM,WE,Combination Non-Radar Approach Control & Tower w/o Radar,3,13,3,2,21,0,2,35,0,37,3,15,38,2,58,44,0,44,102
10/23/2006,HLN,MT,ANM,WE,Combination Non-Radar Approach Control & Tower w/o Radar,3,29,11,4,47,0,9,45,11,65,3,38,56,15,112,34,26,60,172
10/24/2006,HLN,MT,ANM,WE,Combination Non-Radar Approach Control & Tower w/o Radar,4,35,7,4,50,0,0,53,6,59,4,35,60,10,109,30,8,38,147
10/25/2006,HLN,MT,ANM,WE,Combination Non-Radar Approach Control & Tower w/o Radar,4,36,9,2,51,0,1,25,23,49,4,37,34,25,100,40,10,50,150
10/26/2006,HLN,MT,ANM,WE,Combination Non-Radar Approach Control & Tower w/o Radar,4,37,21,4,66,0,0,42,9,51,4,37,63,13,117,22,6,28,145
10/27/2006,HLN,MT,ANM,WE,Combination Non-Radar Approach Control & Tower w/o Radar,4,33,10,6,53,0,6,44,14,64,4,39,54,20,117,26,20,46,163
10/28/2006,HLN,MT,ANM,WE,Combination Non-Radar Approach Control & Tower w/o Radar,3,13,3,0,19,0,3,48,0,51,3,16,51,0,70,18,0,18,88
10/29/2006,HLN,MT,ANM,WE,Combination Non-Radar Approach Control & Tower w/o Radar,3,10,4,0,17,0,3,30,0,33,3,13,34,0,50,54,0,54,104
10/30/2006,HLN,MT,ANM,WE,Combination Non-Radar Approach Control & Tower w/o Radar,4,31,7,2,44,0,1,16,2,19,4,32,23,4,63,10,0,10,73
10/31/2006,HLN,MT,ANM,WE,Combination Non-Radar Approach Control & Tower w/o Radar,4,33,5,0,42,0,3,39,0,42,4,36,44,0,84,70,0,70,154
11/01/2006,HLN,MT,ANM,WE,Combination Non-Radar Approach Control & Tower w/o Radar,4,36,8,0,48,0,2,50,3,55,4,38,58,3,103,82,2,84,187
11/02/2006,HLN,MT,ANM,WE,Combination Non-Radar Approach Control & Tower w/o Radar,4,38,11,0,53,0,4,29,0,33,4,42,40,0,86,42,0,42,128
11/03/2006,HLN,MT,ANM,WE,Combination Non-Radar Approach Control & Tower w/o Radar,4,34,6,7,51,0,4,29,11,44,4,38,35,18,95,14,24,38,133
11/04/2006,HLN,MT,ANM,WE,Combination Non-Radar Approach Control & Tower w/o Radar,3,15,13,0,31,0,0,19,18,37,3,15,32,18,68,54,24,78,146
11/05/2006,HLN,MT,ANM,WE,Combination Non-Radar Approach Control & Tower w/o Radar,3,12,5,6,26,0,1,15,6,22,3,13,20,12,48,10,14,24,72
11/06/2006,HLN,MT,ANM,WE,Combination Non-Radar Approach Control & Tower w/o Radar,1,31,9,4,45,0,2,12,14,28,1,33,21,18,73,12,30,42,115
11/07/2006,HLN,MT,ANM,WE,Combination Non-Radar Approach Control & Tower w/o Radar,3,37,7,5,52,0,7,12,14,33,3,44,19,19,85,8,20,28,113
11/08/2006,HLN,MT,ANM,WE,Combination Non-Radar Approach Control & Tower w/o Radar,4,33,4,3,44,0,0,29,8,37,4,33,33,11,81,8,18,26,107
11/09/2006,HLN,MT,ANM,WE,Combination Non-Radar Approach Control & Tower w/o Radar,4,33,12,3,52,0,1,27,11,39,4,34,39,14,91,84,22,106,197
11/10/2006,HLN,MT,ANM,WE,Combination Non-Radar Approach Control & Tower w/o Radar,3,28,6,0,37,0,1,44,1,46,3,29,50,1,83,58,0,58,141
11/11/2006,HLN,MT,ANM,WE,Combination Non-Radar Approach Control & Tower w/o Radar,3,17,3,2,25,0,1,17,0,18,3,18,20,2,43,48,0,48,91
11/12/2006,HLN,MT,ANM,WE,Combination Non-Radar Approach Control & Tower w/o Radar,2,11,0,0,13,0,0,19,1,20,2,11,19,1,33,18,0,18,51
11/13/2006,HLN,MT,ANM,WE,Combination Non-Radar Approach Control & Tower w/o Radar,4,33,9,2,48,0,0,8,8,16,4,33,17,10,64,4,12,16,80
11/14/2006,HLN,MT,ANM,WE,Combination Non-Radar Approach Control & Tower w/o Radar,3,41,8,5,57,0,3,12,5,20,3,44,20,10,77,4,26,30,107
11/15/2006,HLN,MT,ANM,WE,Combination Non-Radar Approach Control & Tower w/o Radar,4,35,13,4,56,0,1,25,7,33,4,36,38,11,89,26,18,44,133
11/16/2006,HLN,MT,ANM,WE,Combination Non-Radar Approach Control & Tower w/o Radar,4,39,8,2,53,0,0,25,8,33,4,39,33,10,86,20,18,38,124
11/17/2006,HLN,MT,ANM,WE,Combination Non-Radar Approach Control & Tower w/o Radar,4,32,7,4,47,0,3,54,9,66,4,35,61,13,113,110,14,124,237
11/18/2006,HLN,MT,ANM,WE,Combination Non-Radar Approach Control & Tower w/o Radar,3,13,1,5,22,0,3,43,25,71,3,16,44,30,93,36,30,66,159
11/19/2006,HLN,MT,ANM,WE,Combination Non-Radar Approach Control & Tower w/o Radar,2,10,4,5,21,0,0,42,1,43,2,10,46,6,64,82,14,96,160
11/20/2006,HLN,MT,ANM,WE,Combination Non-Radar Approach Control & Tower w/o Radar,4,34,17,2,57,0,6,23,9,38,4,40,40,11,95,20,6,26,121
11/21/2006,HLN,MT,ANM,WE,Combination Non-Radar Approach Control & Tower w/o Radar,4,34,13,4,55,0,2,15,5,22,4,36,28,9,77,32,6,38,115
11/22/2006,HLN,MT,ANM,WE,Combination Non-Radar Approach Control & Tower w/o Radar,4,36,11,0,51,0,1,22,2,25,4,37,33,2,76,46,0,46,122
11/23/2006,HLN,MT,ANM,WE,Combination Non-Radar Approach Control & Tower w/o Radar,4,18,1,0,23,0,0,0,0,0,4,18,1,0,23,0,0,0,23
11/24/2006,HLN,MT,ANM,WE,Combination Non-Radar Approach Control & Tower w/o Radar,4,23,3,0,30,0,5,2,0,7,4,28,5,0,37,4,0,4,41
11/25/2006,HLN,MT,ANM,WE,Combination Non-Radar Approach Control & Tower w/o Radar,4,12,4,0,20,0,0,2,0,2,4,12,6,0,22,0,0,0,22
11/26/2006,HLN,MT,ANM,WE,Combination Non-Radar Approach Control & Tower w/o Radar,3,14,7,0,24,0,0,0,0,0,3,14,7,0,24,0,0,0,24
11/27/2006,HLN,MT,ANM,WE,Combination Non-Radar Approach Control & Tower w/o Radar,3,31,11,2,47,0,0,3,0,3,3,31,14,2,50,0,0,0,50
11/28/2006,HLN,MT,ANM,WE,Combination Non-Radar Approach Control & Tower w/o Radar,3,38,13,7,61,0,0,5,16,21,3,38,18,23,82,0,50,50,132
11/29/2006,HLN,MT,ANM,WE,Combination Non-Radar Approach Control & Tower w/o Radar,3,38,14,3,58,0,2,11,19,32,3,40,25,22,90,6,38,44,134
11/30/2006,HLN,MT,ANM,WE,Combination Non-Radar Approach Control & Tower w/o Radar,4,38,8,2,52,0,1,8,13,22,4,39,16,15,74,14,38,52,126
12/01/2006,HLN,MT,ANM,WE,Combination Non-Radar Approach Control & Tower w/o Radar,3,38,10,2,53,0,5,6,13,24,3,43,16,15,77,2,32,34,111
12/02/2006,HLN,MT,ANM,WE,Combination Non-Radar Approach Control & Tower w/o Radar,3,16,12,2,33,0,2,35,2,39,3,18,47,4,72,62,0,62,134
12/03/2006,HLN,MT,ANM,WE,Combination Non-Radar Approach Control & Tower w/o Radar,3,10,8,3,24,0,0,0,0,0,3,10,8,3,24,92,0,92,116
12/04/2006,HLN,MT,ANM,WE,Combination Non-Radar Approach Control & Tower w/o Radar,3,28,9,6,46,0,4,30,14,48,3,32,39,20,94,28,34,62,156
12/05/2006,HLN,MT,ANM,WE,Combination Non-Radar Approach Control & Tower w/o Radar,4,41,6,7,58,0,0,10,10,20,4,41,16,17,78,30,30,60,138
12/06/2006,HLN,MT,ANM,WE,Combination Non-Radar Approach Control & Tower w/o Radar,3,39,10,4,56,0,4,19,8,31,3,43,29,12,87,34,10,44,131
12/07/2006,HLN,MT,ANM,WE,Combination Non-Radar Approach Control & Tower w/o Radar,4,38,8,2,52,0,1,33,8,42,4,39,41,10,94,22,10,32,126
12/08/2006,HLN,MT,ANM,WE,Combination Non-Radar Approach Control & Tower w/o Radar,4,36,18,4,62,0,7,37,13,57,4,43,55,17,119,38,8,46,165
12/09/2006,HLN,MT,ANM,WE,Combination Non-Radar Approach Control & Tower w/o Radar,5,14,3,4,26,0,2,31,0,33,5,16,34,4,59,46,2,48,107
12/10/2006,HLN,MT,ANM,WE,Combination Non-Radar Approach Control & Tower w/o Radar,4,14,12,0,30,0,0,43,0,43,4,14,55,0,73,76,0,76,149
12/11/2006,HLN,MT,ANM,WE,Combination Non-Radar Approach Control & Tower w/o Radar,3,32,16,2,53,0,3,36,8,47,3,35,52,10,100,34,18,52,152
12/12/2006,HLN,MT,ANM,WE,Combination Non-Radar Approach Control & Tower w/o Radar,3,36,4,3,46,0,1,14,13,28,3,37,18,16,74,0,18,18,92
12/13/2006,HLN,MT,ANM,WE,Combination Non-Radar Approach Control & Tower w/o Radar,3,38,6,2,49,0,1,8,2,11,3,39,14,4,60,4,0,4,64
12/14/2006,HLN,MT,ANM,WE,Combination Non-Radar Approach Control & Tower w/o Radar,3,34,11,7,55,0,8,26,16,50,3,42,37,23,105,42,30,72,177
12/15/2006,HLN,MT,ANM,WE,Combination Non-Radar Approach Control & Tower w/o Radar,3,31,10,6,50,0,5,8,18,31,3,36,18,24,81,0,28,28,109
12/16/2006,HLN,MT,ANM,WE,Combination Non-Radar Approach Control & Tower w/o Radar,3,15,6,9,33,0,3,13,3,19,3,18,19,12,52,18,20,38,90
12/17/2006,HLN,MT,ANM,WE,Combination Non-Radar Approach Control & Tower w/o Radar,3,11,3,0,17,0,0,45,0,45,3,11,48,0,62,66,0,66,128
12/18/2006,HLN,MT,ANM,WE,Combination Non-Radar Approach Control & Tower w/o Radar,3,29,5,1,38,0,4,41,9,54,3,33,46,10,92,58,12,70,162
12/19/2006,HLN,MT,ANM,WE,Combination Non-Radar Approach Control & Tower w/o Radar,4,30,5,6,45,0,4,56,10,70,4,34,61,16,115,60,12,72,187
12/20/2006,HLN,MT,ANM,WE,Combination Non-Radar Approach Control & Tower w/o Radar,4,37,17,6,64,0,6,40,10,56,4,43,57,16,120,24,8,32,152
12/21/2006,HLN,MT,ANM,WE,Combination Non-Radar Approach Control & Tower w/o Radar,4,34,21,3,62,0,3,26,18,47,4,37,47,21,109,38,38,76,185
12/22/2006,HLN,MT,ANM,WE,Combination Non-Radar Approach Control & Tower w/o Radar,3,46,2,3,54,0,6,14,4,24,3,52,16,7,78,14,10,24,102
12/23/2006,HLN,MT,ANM,WE,Combination Non-Radar Approach Control & Tower w/o Radar,3,20,3,0,26,0,2,22,0,24,3,22,25,0,50,16,0,16,66
12/24/2006,HLN,MT,ANM,WE,Combination Non-Radar Approach Control & Tower w/o Radar,4,8,0,0,12,0,0,11,0,11,4,8,11,0,23,0,0,0,23
12/25/2006,HLN,MT,ANM,WE,Combination Non-Radar Approach Control & Tower w/o Radar,4,9,1,0,14,0,1,12,0,13,4,10,13,0,27,26,0,26,53
12/26/2006,HLN,MT,ANM,WE,Combination Non-Radar Approach Control & Tower w/o Radar,3,30,6,0,39,0,3,11,0,14,3,33,17,0,53,2,0,2,55
12/27/2006,HLN,MT,ANM,WE,Combination Non-Radar Approach Control & Tower w/o Radar,3,41,2,2,48,0,2,7,11,20,3,43,9,13,68,2,30,32,100
12/28/2006,HLN,MT,ANM,WE,Combination Non-Radar Approach Control & Tower w/o Radar,2,41,7,0,50,0,2,4,12,18,2,43,11,12,68,0,26,26,94
12/29/2006,HLN,MT,ANM,WE,Combination Non-Radar Approach Control & Tower w/o Radar,3,38,7,0,48,0,3,24,19,46,3,41,31,19,94,26,2,28,122
12/30/2006,HLN,MT,ANM,WE,Combination Non-Radar Approach Control & Tower w/o Radar,3,15,2,0,20,0,1,36,0,37,3,16,38,0,57,42,0,42,99
12/31/2006,HLN,MT,ANM,WE,Combination Non-Radar Approach Control & Tower w/o Radar,4,7,1,0,12,0,4,24,0,28,4,11,25,0,40,24,0,24,64
01/01/2007,HLN,MT,ANM,WE,Combination Non-Radar Approach Control & Tower w/o Radar,4,17,7,0,28,0,2,33,0,35,4,19,40,0,63,18,0,18,81
01/02/2007,HLN,MT,ANM,WE,Combination Non-Radar Approach Control & Tower w/o Radar,3,26,7,0,36,0,1,13,0,14,3,27,20,0,50,30,0,30,80
01/03/2007,HLN,MT,ANM,WE,Combination Non-Radar Approach Control & Tower w/o Radar,4,36,15,2,57,0,4,19,0,23,4,40,34,2,80,36,0,36,116
01/04/2007,HLN,MT,ANM,WE,Combination Non-Radar Approach Control & Tower w/o Radar,3,34,10,2,49,0,6,22,3,31,3,40,32,5,80,38,8,46,126
01/05/2007,HLN,MT,ANM,WE,Combination Non-Radar Approach Control & Tower w/o Radar,3,35,4,2,44,0,6,8,35,49,3,41,12,37,93,0,30,30,123
01/06/2007,HLN,MT,ANM,WE,Combination Non-Radar Approach Control & Tower w/o Radar,3,14,6,1,24,0,3,12,20,35,3,17,18,21,59,26,6,32,91
01/07/2007,HLN,MT,ANM,WE,Combination Non-Radar Approach Control & Tower w/o Radar,3,15,3,0,21,0,0,1,2,3,3,15,4,2,24,2,0,2,26
01/08/2007,HLN,MT,ANM,WE,Combination Non-Radar Approach Control & Tower w/o Radar,4,31,9,2,46,0,3,12,9,24,4,34,21,11,70,26,22,48,118
01/09/2007,HLN,MT,ANM,WE,Combination Non-Radar Approach Control & Tower w/o Radar,4,32,9,3,48,0,9,40,7,56,4,41,49,10,104,44,18,62,166
01/10/2007,HLN,MT,ANM,WE,Combination Non-Radar Approach Control & Tower w/o Radar,3,37,6,4,50,0,4,3,5,12,3,41,9,9,62,0,42,42,104
01/11/2007,HLN,MT,ANM,WE,Combination Non-Radar Approach Control & Tower w/o Radar,3,31,10,4,48,0,0,20,0,20,3,31,30,4,68,32,0,32,100
01/12/2007,HLN,MT,ANM,WE,Combination Non-Radar Approach Control & Tower w/o Radar,4,40,8,3,55,0,5,20,21,46,4,45,28,24,101,32,30,62,163
01/13/2007,HLN,MT,ANM,WE,Combination Non-Radar Approach Control & Tower w/o Radar,3,11,3,4,21,0,4,25,13,42,3,15,28,17,63,60,14,74,137
01/14/2007,HLN,MT,ANM,WE,Combination Non-Radar Approach Control & Tower w/o Radar,3,10,3,0,16,0,0,34,0,34,3,10,37,0,50,28,0,28,78
01/15/2007,HLN,MT,ANM,WE,Combination Non-Radar Approach Control & Tower w/o Radar,4,24,11,0,39,0,4,50,0,54,4,28,61,0,93,108,0,108,201
01/16/2007,HLN,MT,ANM,WE,Combination Non-Radar Approach Control & Tower w/o Radar,3,26,10,2,41,0,13,33,9,55,3,39,43,11,96,48,6,54,150
01/17/2007,HLN,MT,ANM,WE,Combination Non-Radar Approach Control & Tower w/o Radar,3,34,12,5,54,0,7,24,13,44,3,41,36,18,98,50,16,66,164
01/18/2007,HLN,MT,ANM,WE,Combination Non-Radar Approach Control & Tower w/o Radar,4,34,28,3,69,0,0,28,22,50,4,34,56,25,119,20,32,52,171
01/19/2007,HLN,MT,ANM,WE,Combination Non-Radar Approach Control & Tower w/o Radar,4,27,11,5,47,0,7,49,21,77,4,34,60,26,124,96,10,106,230
01/20/2007,HLN,MT,ANM,WE,Combination Non-Radar Approach Control & Tower w/o Radar,3,11,6,0,20,0,3,28,22,53,3,14,34,22,73,44,0,44,117
01/21/2007,HLN,MT,ANM,WE,Combination Non-Radar Approach Control & Tower w/o Radar,3,8,11,0,22,0,0,35,10,45,3,8,46,10,67,44,2,46,113
01/22/2007,HLN,MT,ANM,WE,Combination Non-Radar Approach Control & Tower w/o Radar,3,31,7,5,46,0,2,16,9,27,3,33,23,14,73,44,12,56,129
01/23/2007,HLN,MT,ANM,WE,Combination Non-Radar Approach Control & Tower w/o Radar,5,38,12,2,57,0,3,36,4,43,5,41,48,6,100,42,2,44,144
01/24/2007,HLN,MT,ANM,WE,Combination Non-Radar Approach Control & Tower w/o Radar,3,29,13,9,54,0,16,61,9,86,3,45,74,18,140,154,20,174,314
01/25/2007,HLN,MT,ANM,WE,Combination Non-Radar Approach Control & Tower w/o Radar,3,33,8,3,47,0,4,57,16,77,3,37,65,19,124,64,32,96,220
01/26/2007,HLN,MT,ANM,WE,Combination Non-Radar Approach Control & Tower w/o Radar,4,29,1,4,38,0,5,58,10,73,4,34,59,14,111,114,12,126,237
01/27/2007,HLN,MT,ANM,WE,Combination Non-Radar Approach Control & Tower w/o Radar,3,15,3,0,21,0,2,61,0,63,3,17,64,0,84,130,0,130,214
01/28/2007,HLN,MT,ANM,WE,Combination Non-Radar Approach Control & Tower w/o Radar,3,9,3,2,17,0,2,54,0,56,3,11,57,2,73,72,0,72,145
01/29/2007,HLN,MT,ANM,WE,Combination Non-Radar Approach Control & Tower w/o Radar,4,28,14,2,48,0,12,31,4,47,4,40,45,6,95,58,8,66,161
01/30/2007,HLN,MT,ANM,WE,Combination Non-Radar Approach Control & Tower w/o Radar,3,37,14,5,59,0,5,21,0,26,3,42,35,5,85,44,2,46,131
01/31/2007,HLN,MT,ANM,WE,Combination Non-Radar Approach Control & Tower w/o Radar,3,32,24,0,59,0,6,4,0,10,3,38,28,0,69,38,0,38,107
02/01/2007,HLN,MT,ANM,WE,Combination Non-Radar Approach Control & Tower w/o Radar,2,33,5,0,40,0,4,8,2,14,2,37,13,2,54,26,0,26,80
02/02/2007,HLN,MT,ANM,WE,Combination Non-Radar Approach Control & Tower w/o Radar,4,31,10,2,47,0,3,9,3,15,4,34,19,5,62,30,6,36,98
02/03/2007,HLN,MT,ANM,WE,Combination Non-Radar Approach Control & Tower w/o Radar,3,10,8,0,21,0,3,36,2,41,3,13,44,2,62,40,0,40,102
02/04/2007,HLN,MT,ANM,WE,Combination Non-Radar Approach Control & Tower w/o Radar,3,10,4,0,17,0,0,29,0,29,3,10,33,0,46,44,0,44,90
02/05/2007,HLN,MT,ANM,WE,Combination Non-Radar Approach Control & Tower w/o Radar,5,33,13,6,57,0,6,17,3,26,5,39,30,9,83,28,8,36,119
02/06/2007,HLN,MT,ANM,WE,Combination Non-Radar Approach Control & Tower w/o Radar,3,39,20,4,66,0,8,39,16,63,3,47,59,20,129,82,8,90,219
02/07/2007,HLN,MT,ANM,WE,Combination Non-Radar Approach Control & Tower w/o Radar,0,0,0,0,0,3,51,22,16,92,3,51,22,16,92,6,20,26,118
02/08/2007,HLN,MT,ANM,WE,Combination Non-Radar Approach Control & Tower w/o Radar,4,37,7,2,50,0,0,2,5,7,4,37,9,7,57,8,8,16,73
02/09/2007,HLN,MT,ANM,WE,Combination Non-Radar Approach Control & Tower w/o Radar,3,32,16,1,52,0,0,0,0,0,3,32,16,1,52,0,0,0,52
02/10/2007,HLN,MT,ANM,WE,Combination Non-Radar Approach Control & Tower w/o Radar,3,13,3,2,21,0,2,42,23,67,3,15,45,25,88,86,20,106,194
02/11/2007,HLN,MT,ANM,WE,Combination Non-Radar Approach Control & Tower w/o Radar,3,11,7,0,21,0,2,15,3,20,3,13,22,3,41,62,0,62,103
02/12/2007,HLN,MT,ANM,WE,Combination Non-Radar Approach Control & Tower w/o Radar,3,32,15,0,50,0,3,1,4,8,3,35,16,4,58,26,4,30,88
02/13/2007,HLN,MT,ANM,WE,Combination Non-Radar Approach Control & Tower w/o Radar,0,0,0,0,0,4,41,26,13,84,4,41,26,13,84,16,6,22,106
02/14/2007,HLN,MT,ANM,WE,Combination Non-Radar Approach Control & Tower w/o Radar,3,31,16,2,52,0,4,10,3,17,3,35,26,5,69,48,2,50,119
02/15/2007,HLN,MT,ANM,WE,Combination Non-Radar Approach Control & Tower w/o Radar,3,38,14,2,57,0,2,23,17,42,3,40,37,19,99,64,18,82,181
02/16/2007,HLN,MT,ANM,WE,Combination Non-Radar Approach Control & Tower w/o Radar,3,26,12,0,41,0,5,7,0,12,3,31,19,0,53,0,0,0,53
02/17/2007,HLN,MT,ANM,WE,Combination Non-Radar Approach Control & Tower w/o Radar,1,10,5,0,16,0,1,31,0,32,1,11,36,0,48,36,0,36,84
02/18/2007,HLN,MT,ANM,WE,Combination Non-Radar Approach Control & Tower w/o Radar,3,6,5,0,14,0,0,19,0,19,3,6,24,0,33,8,0,8,41
02/19/2007,HLN,MT,ANM,WE,Combination Non-Radar Approach Control & Tower w/o Radar,3,22,11,0,36,0,0,17,0,17,3,22,28,0,53,18,0,18,71
02/20/2007,HLN,MT,ANM,WE,Combination Non-Radar Approach Control & Tower w/o Radar,3,27,8,0,38,0,0,12,7,19,3,27,20,7,57,10,0,10,67
02/21/2007,HLN,MT,ANM,WE,Combination Non-Radar Approach Control & Tower w/o Radar,3,32,4,4,43,0,2,34,16,52,3,34,38,20,95,54,2,56,151
02/22/2007,HLN,MT,ANM,WE,Combination Non-Radar Approach Control & Tower w/o Radar,4,33,15,10,62,0,2,39,11,52,4,35,54,21,114,124,10,134,248
02/23/2007,HLN,MT,ANM,WE,Combination Non-Radar Approach Control & Tower w/o Radar,5,31,14,0,50,0,1,5,8,14,5,32,19,8,64,24,14,38,102
02/24/2007,HLN,MT,ANM,WE,Combination Non-Radar Approach Control & Tower w/o Radar,3,9,2,1,15,0,0,85,7,92,3,9,87,8,107,102,6,108,215
02/25/2007,HLN,MT,ANM,WE,Combination Non-Radar Approach Control & Tower w/o Radar,3,9,7,0,19,0,0,36,0,36,3,9,43,0,55,106,0,106,161
02/26/2007,HLN,MT,ANM,WE,Combination Non-Radar Approach Control & Tower w/o Radar,4,28,7,0,39,0,10,26,9,45,4,38,33,9,84,60,18,78,162
02/27/2007,HLN,MT,ANM,WE,Combination Non-Radar Approach Control & Tower w/o Radar,3,45,16,2,66,0,0,10,0,10,3,45,26,2,76,34,0,34,110
02/28/2007,HLN,MT,ANM,WE,Combination Non-Radar Approach Control & Tower w/o Radar,4,42,11,2,59,0,2,22,21,45,4,44,33,23,104,68,34,102,206
03/01/2007,HLN,MT,ANM,WE,Combination Non-Radar Approach Control & Tower w/o Radar,3,35,10,0,48,0,2,27,4,33,3,37,37,4,81,36,0,36,117
03/02/2007,HLN,MT,ANM,WE,Combination Non-Radar Approach Control & Tower w/o Radar,3,35,12,1,51,0,2,51,18,71,3,37,63,19,122,34,32,66,188
03/03/2007,HLN,MT,ANM,WE,Combination Non-Radar Approach Control & Tower w/o Radar,3,12,4,0,19,0,0,17,2,19,3,12,21,2,38,54,0,54,92
03/04/2007,HLN,MT,ANM,WE,Combination Non-Radar Approach Control & Tower w/o Radar,3,8,5,2,18,0,0,42,0,42,3,8,47,2,60,88,0,88,148
03/05/2007,HLN,MT,ANM,WE,Combination Non-Radar Approach Control & Tower w/o Radar,3,26,8,2,39,0,9,53,7,69,3,35,61,9,108,82,0,82,190
03/06/2007,HLN,MT,ANM,WE,Combination Non-Radar Approach Control & Tower w/o Radar,4,30,8,5,47,0,15,42,15,72,4,45,50,20,119,90,10,100,219
03/07/2007,HLN,MT,ANM,WE,Combination Non-Radar Approach Control & Tower w/o Radar,4,28,8,0,40,0,5,66,2,73,4,33,74,2,113,102,0,102,215
03/08/2007,HLN,MT,ANM,WE,Combination Non-Radar Approach Control & Tower w/o Radar,4,30,11,2,47,0,5,24,6,35,4,35,35,8,82,16,14,30,112
03/09/2007,HLN,MT,ANM,WE,Combination Non-Radar Approach Control & Tower w/o Radar,3,32,20,3,58,0,4,37,25,66,3,36,57,28,124,32,22,54,178
03/10/2007,HLN,MT,ANM,WE,Combination Non-Radar Approach Control & Tower w/o Radar,3,12,4,0,19,0,4,36,12,52,3,16,40,12,71,26,22,48,119
03/11/2007,HLN,MT,ANM,WE,Combination Non-Radar Approach Control & Tower w/o Radar,3,12,8,0,23,0,0,20,6,26,3,12,28,6,49,36,2,38,87
03/12/2007,HLN,MT,ANM,WE,Combination Non-Radar Approach Control & Tower w/o Radar,3,28,16,4,51,0,13,27,19,59,3,41,43,23,110,14,40,54,164
03/13/2007,HLN,MT,ANM,WE,Combination Non-Radar Approach Control & Tower w/o Radar,4,38,17,1,60,0,3,16,17,36,4,41,33,18,96,18,24,42,138
03/14/2007,HLN,MT,ANM,WE,Combination Non-Radar Approach Control & Tower w/o Radar,4,35,13,1,53,0,2,28,17,47,4,37,41,18,100,30,16,46,146
03/15/2007,HLN,MT,ANM,WE,Combination Non-Radar Approach Control & Tower w/o Radar,3,29,20,4,56,0,5,71,13,89,3,34,91,17,145,50,42,92,237
03/16/2007,HLN,MT,ANM,WE,Combination Non-Radar Approach Control & Tower w/o Radar,3,30,16,5,54,0,1,45,14,60,3,31,61,19,114,74,44,118,232
03/17/2007,HLN,MT,ANM,WE,Combination Non-Radar Approach Control & Tower w/o Radar,2,11,1,2,16,0,1,48,5,54,2,12,49,7,70,62,12,74,144
03/18/2007,HLN,MT,ANM,WE,Combination Non-Radar Approach Control & Tower w/o Radar,3,13,4,0,20,0,0,34,0,34,3,13,38,0,54,44,0,44,98
03/19/2007,HLN,MT,ANM,WE,Combination Non-Radar Approach Control & Tower w/o Radar,3,33,15,0,51,0,7,57,7,71,3,40,72,7,122,64,8,72,194
03/20/2007,HLN,MT,ANM,WE,Combination Non-Radar Approach Control & Tower w/o Radar,4,38,12,0,54,0,5,15,15,35,4,43,27,15,89,14,44,58,147
03/21/2007,HLN,MT,ANM,WE,Combination Non-Radar Approach Control & Tower w/o Radar,4,29,11,2,46,0,8,26,10,44,4,37,37,12,90,2,2,4,94
03/22/2007,HLN,MT,ANM,WE,Combination Non-Radar Approach Control & Tower w/o Radar,3,31,16,2,52,0,2,44,10,56,3,33,60,12,108,64,14,78,186
03/23/2007,HLN,MT,ANM,WE,Combination Non-Radar Approach Control & Tower w/o Radar,4,30,13,2,49,0,4,46,10,60,4,34,59,12,109,56,8,64,173
03/24/2007,HLN,MT,ANM,WE,Combination Non-Radar Approach Control & Tower w/o Radar,3,15,0,0,18,0,2,104,2,108,3,17,104,2,126,104,0,104,230
03/25/2007,HLN,MT,ANM,WE,Combination Non-Radar Approach Control & Tower w/o Radar,3,15,3,0,21,0,0,45,0,45,3,15,48,0,66,50,0,50,116
03/26/2007,HLN,MT,ANM,WE,Combination Non-Radar Approach Control & Tower w/o Radar,4,26,7,0,37,0,2,72,15,89,4,28,79,15,126,182,4,186,312
03/27/2007,HLN,MT,ANM,WE,Combination Non-Radar Approach Control & Tower w/o Radar,3,44,18,3,68,0,0,12,12,24,3,44,30,15,92,20,12,32,124
03/28/2007,HLN,MT,ANM,WE,Combination Non-Radar Approach Control & Tower w/o Radar,4,34,13,2,53,0,1,5,12,18,4,35,18,14,71,8,10,18,89
03/29/2007,HLN,MT,ANM,WE,Combination Non-Radar Approach Control & Tower w/o Radar,4,30,2,2,38,0,1,67,18,86,4,31,69,20,124,60,10,70,194
03/30/2007,HLN,MT,ANM,WE,Combination Non-Radar Approach Control & Tower w/o Radar,4,29,9,3,45,0,2,49,10,61,4,31,58,13,106,26,4,30,136
03/31/2007,HLN,MT,ANM,WE,Combination Non-Radar Approach Control & Tower w/o Radar,3,17,6,0,26,0,0,35,0,35,3,17,41,0,61,74,0,74,135
04/01/2007,HLN,MT,ANM,WE,Combination Non-Radar Approach Control & Tower w/o Radar,3,19,1,0,23,0,1,23,0,24,3,20,24,0,47,32,0,32,79
04/02/2007,HLN,MT,ANM,WE,Combination Non-Radar Approach Control & Tower w/o Radar,4,28,12,0,44,0,4,20,10,34,4,32,32,10,78,52,32,84,162
04/03/2007,HLN,MT,ANM,WE,Combination Non-Radar Approach Control & Tower w/o Radar,4,28,10,1,43,0,2,29,5,36,4,30,39,6,79,28,18,46,125
04/04/2007,HLN,MT,ANM,WE,Combination Non-Radar Approach Control & Tower w/o Radar,4,29,15,0,48,0,1,22,4,27,4,30,37,4,75,40,0,40,115
04/05/2007,HLN,MT,ANM,WE,Combination Non-Radar Approach Control & Tower w/o Radar,4,32,28,3,67,0,5,14,6,25,4,37,42,9,92,18,12,30,122
04/06/2007,HLN,MT,ANM,WE,Combination Non-Radar Approach Control & Tower w/o Radar,3,31,8,2,44,0,4,26,6,36,3,35,34,8,80,34,18,52,132
04/07/2007,HLN,MT,ANM,WE,Combination Non-Radar Approach Control & Tower w/o Radar,3,15,7,0,25,0,2,34,0,36,3,17,41,0,61,48,0,48,109
04/08/2007,HLN,MT,ANM,WE,Combination Non-Radar Approach Control & Tower w/o Radar,3,14,3,0,20,0,0,35,0,35,3,14,38,0,55,10,0,10,65
04/09/2007,HLN,MT,ANM,WE,Combination Non-Radar Approach Control & Tower w/o Radar,4,28,2,3,37,0,0,26,4,30,4,28,28,7,67,32,8,40,107
04/10/2007,HLN,MT,ANM,WE,Combination Non-Radar Approach Control & Tower w/o Radar,3,32,12,4,51,0,1,12,18,31,3,33,24,22,82,0,24,24,106
04/11/2007,HLN,MT,ANM,WE,Combination Non-Radar Approach Control & Tower w/o Radar,3,34,10,6,53,0,2,23,18,43,3,36,33,24,96,92,22,114,210
04/12/2007,HLN,MT,ANM,WE,Combination Non-Radar Approach Control & Tower w/o Radar,4,33,2,4,43,0,4,45,6,55,4,37,47,10,98,68,2,70,168
04/13/2007,HLN,MT,ANM,WE,Combination Non-Radar Approach Control & Tower w/o Radar,3,30,9,1,43,0,10,62,14,86,3,40,71,15,129,78,8,86,215
04/14/2007,HLN,MT,ANM,WE,Combination Non-Radar Approach Control & Tower w/o Radar,4,17,6,3,30,0,1,33,6,40,4,18,39,9,70,52,2,54,124
04/15/2007,HLN,MT,ANM,WE,Combination Non-Radar Approach Control & Tower w/o Radar,5,13,4,2,24,0,2,16,1,19,5,15,20,3,43,76,0,76,119
04/16/2007,HLN,MT,ANM,WE,Combination Non-Radar Approach Control & Tower w/o Radar,4,22,1,5,32,0,11,60,13,84,4,33,61,18,116,140,8,148,264
04/17/2007,HLN,MT,ANM,WE,Combination Non-Radar Approach Control & Tower w/o Radar,4,35,9,0,48,0,3,41,7,51,4,38,50,7,99,90,14,104,203
04/18/2007,HLN,MT,ANM,WE,Combination Non-Radar Approach Control & Tower w/o Radar,3,27,9,2,41,0,0,4,2,6,3,27,13,4,47,0,4,4,51
04/19/2007,HLN,MT,ANM,WE,Combination Non-Radar Approach Control & Tower w/o Radar,5,33,11,1,50,0,4,17,6,27,5,37,28,7,77,86,14,100,177
04/20/2007,HLN,MT,ANM,WE,Combination Non-Radar Approach Control & Tower w/o Radar,3,32,10,3,48,0,3,56,10,69,3,35,66,13,117,110,14,124,241
04/21/2007,HLN,MT,ANM,WE,Combination Non-Radar Approach Control & Tower w/o Radar,4,9,5,2,20,0,4,37,5,46,4,13,42,7,66,32,6,38,104
04/22/2007,HLN,MT,ANM,WE,Combination Non-Radar Approach Control & Tower w/o Radar,3,10,5,1,19,0,5,46,3,54,3,15,51,4,73,122,0,122,195
04/23/2007,HLN,MT,ANM,WE,Combination Non-Radar Approach Control & Tower w/o Radar,3,24,14,0,41,0,9,28,11,48,3,33,42,11,89,8,10,18,107
04/24/2007,HLN,MT,ANM,WE,Combination Non-Radar Approach Control & Tower w/o Radar,5,29,8,0,42,0,3,82,4,89,5,32,90,4,131,108,2,110,241
04/25/2007,HLN,MT,ANM,WE,Combination Non-Radar Approach Control & Tower w/o Radar,4,29,12,0,45,0,4,68,4,76,4,33,80,4,121,100,0,100,221
04/26/2007,HLN,MT,ANM,WE,Combination Non-Radar Approach Control & Tower w/o Radar,4,31,14,0,49,0,10,47,2,59,4,41,61,2,108,42,8,50,158
04/27/2007,HLN,MT,ANM,WE,Combination Non-Radar Approach Control & Tower w/o Radar,4,28,7,0,39,0,13,67,15,95,4,41,74,15,134,150,8,158,292
04/28/2007,HLN,MT,ANM,WE,Combination Non-Radar Approach Control & Tower w/o Radar,3,15,2,0,20,0,1,62,2,65,3,16,64,2,85,40,0,40,125
04/29/2007,HLN,MT,ANM,WE,Combination Non-Radar Approach Control & Tower w/o Radar,4,10,1,0,15,0,0,61,0,61,4,10,62,0,76,42,0,42,118
04/30/2007,HLN,MT,ANM,WE,Combination Non-Radar Approach Control & Tower w/o Radar,4,29,14,4,51,0,9,58,7,74,4,38,72,11,125,86,6,92,217
05/01/2007,HLN,MT,ANM,WE,Combination Non-Radar Approach Control & Tower w/o Radar,4,26,9,1,40,0,4,86,14,104,4,30,95,15,144,142,2,144,288
05/02/2007,HLN,MT,ANM,WE,Combination Non-Radar Approach Control & Tower w/o Radar,3,45,17,2,67,0,13,60,0,73,3,58,77,2,140,70,0,70,210
05/03/2007,HLN,MT,ANM,WE,Combination Non-Radar Approach Control & Tower w/o Radar,3,37,15,0,55,0,5,6,0,11,3,42,21,0,66,26,0,26,92
05/04/2007,HLN,MT,ANM,WE,Combination Non-Radar Approach Control & Tower w/o Radar,3,30,16,4,53,0,4,49,0,53,3,34,65,4,106,68,0,68,174
05/05/2007,HLN,MT,ANM,WE,Combination Non-Radar Approach Control & Tower w/o Radar,3,13,7,0,23,0,2,65,2,69,3,15,72,2,92,50,0,50,142
05/06/2007,HLN,MT,ANM,WE,Combination Non-Radar Approach Control & Tower w/o Radar,4,12,9,0,25,0,1,38,1,40,4,13,47,1,65,96,0,96,161
05/07/2007,HLN,MT,ANM,WE,Combination Non-Radar Approach Control & Tower w/o Radar,3,19,9,0,31,0,10,31,0,41,3,29,40,0,72,36,0,36,108
05/08/2007,HLN,MT,ANM,WE,Combination Non-Radar Approach Control & Tower w/o Radar,5,23,11,0,39,0,9,71,10,90,5,32,82,10,129,64,0,64,193
05/09/2007,HLN,MT,ANM,WE,Combination Non-Radar Approach Control & Tower w/o Radar,4,24,7,0,35,0,12,89,2,103,4,36,96,2,138,144,0,144,282
05/10/2007,HLN,MT,ANM,WE,Combination Non-Radar Approach Control & Tower w/o Radar,3,33,14,0,50,0,1,41,2,44,3,34,55,2,94,38,0,38,132
05/11/2007,HLN,MT,ANM,WE,Combination Non-Radar Approach Control & Tower w/o Radar,4,24,12,3,43,0,4,99,13,116,4,28,111,16,159,202,24,226,385
05/12/2007,HLN,MT,ANM,WE,Combination Non-Radar Approach Control & Tower w/o Radar,3,13,2,2,20,0,1,47,8,56,3,14,49,10,76,36,0,36,112
05/13/2007,HLN,MT,ANM,WE,Combination Non-Radar Approach Control & Tower w/o Radar,3,10,5,0,18,0,4,37,4,45,3,14,42,4,63,84,0,84,147
05/14/2007,HLN,MT,ANM,WE,Combination Non-Radar Approach Control & Tower w/o Radar,4,30,12,1,47,0,6,58,9,73,4,36,70,10,120,64,12,76,196
05/15/2007,HLN,MT,ANM,WE,Combination Non-Radar Approach Control & Tower w/o Radar,4,22,13,1,40,0,8,80,20,108,4,30,93,21,148,78,18,96,244
05/16/2007,HLN,MT,ANM,WE,Combination Non-Radar Approach Control & Tower w/o Radar,3,27,11,0,41,0,9,104,10,123,3,36,115,10,164,162,10,172,336
05/17/2007,HLN,MT,ANM,WE,Combination Non-Radar Approach Control & Tower w/o Radar,1,33,8,1,43,0,5,78,2,85,1,38,86,3,128,130,4,134,262
05/18/2007,HLN,MT,ANM,WE,Combination Non-Radar Approach Control & Tower w/o Radar,6,27,5,1,39,0,3,52,6,61,6,30,57,7,100,72,12,84,184
05/19/2007,HLN,MT,ANM,WE,Combination Non-Radar Approach Control & Tower w/o Radar,3,12,9,2,26,0,4,39,6,49,3,16,48,8,75,66,26,92,167
05/20/2007,HLN,MT,ANM,WE,Combination Non-Radar Approach Control & Tower w/o Radar,3,13,6,0,22,0,1,41,0,42,3,14,47,0,64,100,0,100,164
05/21/2007,HLN,MT,ANM,WE,Combination Non-Radar Approach Control & Tower w/o Radar,4,30,12,0,46,0,1,19,2,22,4,31,31,2,68,44,0,44,112
05/22/2007,HLN,MT,ANM,WE,Combination Non-Radar Approach Control & Tower w/o Radar,4,31,6,0,41,0,0,10,3,13,4,31,16,3,54,28,14,42,96
05/23/2007,HLN,MT,ANM,WE,Combination Non-Radar Approach Control & Tower w/o Radar,4,30,8,4,46,0,5,50,10,65,4,35,58,14,111,42,12,54,165
05/24/2007,HLN,MT,ANM,WE,Combination Non-Radar Approach Control & Tower w/o Radar,3,31,17,2,53,0,0,51,6,57,3,31,68,8,110,100,14,114,224
05/25/2007,HLN,MT,ANM,WE,Combination Non-Radar Approach Control & Tower w/o Radar,4,37,12,5,58,0,2,23,4,29,4,39,35,9,87,62,16,78,165
05/26/2007,HLN,MT,ANM,WE,Combination Non-Radar Approach Control & Tower w/o Radar,3,11,9,0,23,0,4,53,0,57,3,15,62,0,80,78,0,78,158
05/27/2007,HLN,MT,ANM,WE,Combination Non-Radar Approach Control & Tower w/o Radar,5,9,9,0,23,0,3,24,0,27,5,12,33,0,50,16,0,16,66
05/28/2007,HLN,MT,ANM,WE,Combination Non-Radar Approach Control & Tower w/o Radar,3,16,10,0,29,0,1,20,1,22,3,17,30,1,51,74,0,74,125
05/29/2007,HLN,MT,ANM,WE,Combination Non-Radar Approach Control & Tower w/o Radar,3,26,14,2,45,0,1,23,3,27,3,27,37,5,72,42,0,42,114
05/30/2007,HLN,MT,ANM,WE,Combination Non-Radar Approach Control & Tower w/o Radar,3,24,10,2,39,0,6,70,4,80,3,30,80,6,119,76,2,78,197
05/31/2007,HLN,MT,ANM,WE,Combination Non-Radar Approach Control & Tower w/o Radar,3,29,13,1,46,0,1,64,12,77,3,30,77,13,123,126,0,126,249
06/01/2007,HLN,MT,ANM,WE,Combination Non-Radar Approach Control & Tower w/o Radar,3,25,8,0,36,0,13,110,5,128,3,38,118,5,164,82,2,84,248
06/02/2007,HLN,MT,ANM,WE,Combination Non-Radar Approach Control & Tower w/o Radar,3,15,2,2,22,0,6,98,5,109,3,21,100,7,131,34,20,54,185
06/03/2007,HLN,MT,ANM,WE,Combination Non-Radar Approach Control & Tower w/o Radar,4,10,4,1,19,0,5,93,1,99,4,15,97,2,118,86,0,86,204
06/04/2007,HLN,MT,ANM,WE,Combination Non-Radar Approach Control & Tower w/o Radar,4,25,11,1,41,0,9,81,13,103,4,34,92,14,144,58,10,68,212
06/05/2007,HLN,MT,ANM,WE,Combination Non-Radar Approach Control & Tower w/o Radar,4,26,13,3,46,0,8,45,2,55,4,34,58,5,101,46,10,56,157
06/06/2007,HLN,MT,ANM,WE,Combination Non-Radar Approach Control & Tower w/o Radar,3,36,5,0,44,0,1,16,0,17,3,37,21,0,61,96,0,96,157
06/07/2007,HLN,MT,ANM,WE,Combination Non-Radar Approach Control & Tower w/o Radar,5,31,12,5,53,0,1,70,4,75,5,32,82,9,128,132,20,152,280
06/08/2007,HLN,MT,ANM,WE,Combination Non-Radar Approach Control & Tower w/o Radar,3,28,7,3,41,0,2,74,9,85,3,30,81,12,126,140,22,162,288
06/09/2007,HLN,MT,ANM,WE,Combination Non-Radar Approach Control & Tower w/o Radar,3,18,2,1,24,0,3,82,9,94,3,21,84,10,118,90,4,94,212
06/10/2007,HLN,MT,ANM,WE,Combination Non-Radar Approach Control & Tower w/o Radar,3,18,4,1,26,0,0,39,24,63,3,18,43,25,89,94,4,98,187
06/11/2007,HLN,MT,ANM,WE,Combination Non-Radar Approach Control & Tower w/o Radar,4,29,10,0,43,0,5,67,23,95,4,34,77,23,138,58,30,88,226
06/12/2007,HLN,MT,ANM,WE,Combination Non-Radar Approach Control & Tower w/o Radar,4,26,9,1,40,0,10,74,21,105,4,36,83,22,145,98,0,98,243
06/13/2007,HLN,MT,ANM,WE,Combination Non-Radar Approach Control & Tower w/o Radar,4,34,15,0,53,0,9,85,22,116,4,43,100,22,169,104,24,128,297
06/14/2007,HLN,MT,ANM,WE,Combination Non-Radar Approach Control & Tower w/o Radar,3,27,15,1,46,0,13,79,22,114,3,40,94,23,160,136,20,156,316
06/15/2007,HLN,MT,ANM,WE,Combination Non-Radar Approach Control & Tower w/o Radar,3,31,17,3,54,0,1,67,23,91,3,32,84,26,145,142,18,160,305
06/16/2007,HLN,MT,ANM,WE,Combination Non-Radar Approach Control & Tower w/o Radar,3,17,2,1,23,0,3,37,11,51,3,20,39,12,74,48,0,48,122
06/17/2007,HLN,MT,ANM,WE,Combination Non-Radar Approach Control & Tower w/o Radar,3,14,5,0,22,0,1,17,6,24,3,15,22,6,46,14,0,14,60
06/18/2007,HLN,MT,ANM,WE,Combination Non-Radar Approach Control & Tower w/o Radar,4,34,15,4,57,0,0,35,17,52,4,34,50,21,109,60,28,88,197
06/19/2007,HLN,MT,ANM,WE,Combination Non-Radar Approach Control & Tower w/o Radar,5,27,8,2,42,0,11,79,15,105,5,38,87,17,147,128,14,142,289
06/20/2007,HLN,MT,ANM,WE,Combination Non-Radar Approach Control & Tower w/o Radar,3,29,9,3,44,0,6,72,14,92,3,35,81,17,136,90,20,110,246
06/21/2007,HLN,MT,ANM,WE,Combination Non-Radar Approach Control & Tower w/o Radar,4,26,21,2,53,0,5,111,3,119,4,31,132,5,172,148,2,150,322
06/22/2007,HLN,MT,ANM,WE,Combination Non-Radar Approach Control & Tower w/o Radar,3,32,6,1,42,0,6,92,11,109,3,38,98,12,151,82,0,82,233
06/23/2007,HLN,MT,ANM,WE,Combination Non-Radar Approach Control & Tower w/o Radar,3,22,8,5,38,0,0,42,2,44,3,22,50,7,82,26,0,26,108
06/24/2007,HLN,MT,ANM,WE,Combination Non-Radar Approach Control & Tower w/o Radar,1,16,4,0,21,0,12,55,0,67,1,28,59,0,88,54,0,54,142
06/25/2007,HLN,MT,ANM,WE,Combination Non-Radar Approach Control & Tower w/o Radar,3,26,5,0,34,0,1,31,5,37,3,27,36,5,71,32,8,40,111
06/26/2007,HLN,MT,ANM,WE,Combination Non-Radar Approach Control & Tower w/o Radar,4,31,1,0,36,0,2,83,4,89,4,33,84,4,125,134,0,134,259
06/27/2007,HLN,MT,ANM,WE,Combination Non-Radar Approach Control & Tower w/o Radar,3,31,11,0,45,0,2,76,0,78,3,33,87,0,123,52,0,52,175
06/28/2007,HLN,MT,ANM,WE,Combination Non-Radar Approach Control & Tower w/o Radar,3,36,9,3,51,0,5,67,6,78,3,41,76,9,129,40,4,44,173
06/29/2007,HLN,MT,ANM,WE,Combination Non-Radar Approach Control & Tower w/o Radar,4,34,8,0,46,0,2,49,7,58,4,36,57,7,104,58,8,66,170
06/30/2007,HLN,MT,ANM,WE,Combination Non-Radar Approach Control & Tower w/o Radar,3,20,6,0,29,0,4,50,1,55,3,24,56,1,84,6,0,6,90
07/01/2007,HLN,MT,ANM,WE,Combination Non-Radar Approach Control & Tower w/o Radar,3,17,10,0,30,0,2,57,0,59,3,19,67,0,89,34,0,34,123
07/02/2007,HLN,MT,ANM,WE,Combination Non-Radar Approach Control & Tower w/o Radar,3,24,8,0,35,0,2,53,3,58,3,26,61,3,93,34,0,34,127
07/03/2007,HLN,MT,ANM,WE,Combination Non-Radar Approach Control & Tower w/o Radar,3,29,10,1,43,0,2,87,3,92,3,31,97,4,135,68,6,74,209
07/04/2007,HLN,MT,ANM,WE,Combination Non-Radar Approach Control & Tower w/o Radar,4,12,3,0,19,0,0,77,2,79,4,12,80,2,98,34,0,34,132
07/05/2007,HLN,MT,ANM,WE,Combination Non-Radar Approach Control & Tower w/o Radar,4,29,5,1,39,0,0,65,0,65,4,29,70,1,104,64,0,64,168
07/06/2007,HLN,MT,ANM,WE,Combination Non-Radar Approach Control & Tower w/o Radar,3,27,9,1,40,0,14,65,12,91,3,41,74,13,131,88,26,114,245
07/07/2007,HLN,MT,ANM,WE,Combination Non-Radar Approach Control & Tower w/o Radar,4,15,6,0,25,0,5,48,3,56,4,20,54,3,81,54,0,54,135
07/08/2007,HLN,MT,ANM,WE,Combination Non-Radar Approach Control & Tower w/o Radar,3,15,7,0,25,0,0,53,4,57,3,15,60,4,82,38,0,38,120
07/09/2007,HLN,MT,ANM,WE,Combination Non-Radar Approach Control & Tower w/o Radar,4,24,14,0,42,0,6,61,18,85,4,30,75,18,127,52,14,66,193
07/10/2007,HLN,MT,ANM,WE,Combination Non-Radar Approach Control & Tower w/o Radar,3,26,8,2,39,0,8,55,12,75,3,34,63,14,114,30,38,68,182
07/11/2007,HLN,MT,ANM,WE,Combination Non-Radar Approach Control & Tower w/o Radar,3,33,8,1,45,0,3,61,19,83,3,36,69,20,128,108,48,156,284
07/12/2007,HLN,MT,ANM,WE,Combination Non-Radar Approach Control & Tower w/o Radar,3,40,10,5,58,0,1,60,12,73,3,41,70,17,131,86,8,94,225
07/13/2007,HLN,MT,ANM,WE,Combination Non-Radar Approach Control & Tower w/o Radar,4,30,19,1,54,0,8,73,5,86,4,38,92,6,140,42,0,42,182
07/14/2007,HLN,MT,ANM,WE,Combination Non-Radar Approach Control & Tower w/o Radar,3,20,9,0,32,0,7,60,19,86,3,27,69,19,118,34,2,36,154
07/15/2007,HLN,MT,ANM,WE,Combination Non-Radar Approach Control & Tower w/o Radar,3,16,4,1,24,0,0,71,3,74,3,16,75,4,98,44,0,44,142
07/16/2007,HLN,MT,ANM,WE,Combination Non-Radar Approach Control & Tower w/o Radar,4,25,9,1,39,0,11,83,5,99,4,36,92,6,138,32,0,32,170
07/17/2007,HLN,MT,ANM,WE,Combination Non-Radar Approach Control & Tower w/o Radar,3,28,4,0,35,0,2,68,17,87,3,30,72,17,122,96,2,98,220
07/18/2007,HLN,MT,ANM,WE,Combination Non-Radar Approach Control & Tower w/o Radar,3,29,3,2,37,0,22,93,13,128,3,51,96,15,165,134,4,138,303
07/19/2007,HLN,MT,ANM,WE,Combination Non-Radar Approach Control & Tower w/o Radar,3,33,15,0,51,0,25,88,19,132,3,58,103,19,183,66,6,72,255
07/20/2007,HLN,MT,ANM,WE,Combination Non-Radar Approach Control & Tower w/o Radar,3,40,7,7,57,0,14,94,14,122,3,54,101,21,179,52,2,54,233
07/21/2007,HLN,MT,ANM,WE,Combination Non-Radar Approach Control & Tower w/o Radar,3,20,5,0,28,0,44,58,2,104,3,64,63,2,132,22,0,22,154
07/22/2007,HLN,MT,ANM,WE,Combination Non-Radar Approach Control & Tower w/o Radar,3,16,6,0,25,0,19,104,2,125,3,35,110,2,150,52,0,52,202
07/23/2007,HLN,MT,ANM,WE,Combination Non-Radar Approach Control & Tower w/o Radar,3,25,5,0,33,0,17,85,11,113,3,42,90,11,146,42,2,44,190
07/24/2007,HLN,MT,ANM,WE,Combination Non-Radar Approach Control & Tower w/o Radar,4,32,13,1,50,0,13,91,6,110,4,45,104,7,160,48,12,60,220
07/25/2007,HLN,MT,ANM,WE,Combination Non-Radar Approach Control & Tower w/o Radar,4,38,5,1,48,0,3,101,9,113,4,41,106,10,161,76,8,84,245
07/26/2007,HLN,MT,ANM,WE,Combination Non-Radar Approach Control & Tower w/o Radar,3,28,8,0,39,0,13,87,23,123,3,41,95,23,162,10,2,12,174
07/27/2007,HLN,MT,ANM,WE,Combination Non-Radar Approach Control & Tower w/o Radar,3,31,11,3,48,0,6,110,12,128,3,37,121,15,176,74,12,86,262
07/28/2007,HLN,MT,ANM,WE,Combination Non-Radar Approach Control & Tower w/o Radar,3,19,4,0,26,0,22,137,1,160,3,41,141,1,186,40,0,40,226
07/29/2007,HLN,MT,ANM,WE,Combination Non-Radar Approach Control & Tower w/o Radar,4,17,11,0,32,0,56,78,9,143,4,73,89,9,175,0,0,0,175
07/30/2007,HLN,MT,ANM,WE,Combination Non-Radar Approach Control & Tower w/o Radar,3,25,13,0,41,0,35,87,4,126,3,60,100,4,167,26,6,32,199
07/31/2007,HLN,MT,ANM,WE,Combination Non-Radar Approach Control & Tower w/o Radar,4,31,8,1,44,0,70,93,20,183,4,101,101,21,227,36,0,36,263
08/01/2007,HLN,MT,ANM,WE,Combination Non-Radar Approach Control & Tower w/o Radar,4,30,16,1,51,0,8,120,17,145,4,38,136,18,196,36,4,40,236
08/02/2007,HLN,MT,ANM,WE,Combination Non-Radar Approach Control & Tower w/o Radar,2,31,19,4,56,0,20,97,19,136,2,51,116,23,192,38,10,48,240
08/03/2007,HLN,MT,ANM,WE,Combination Non-Radar Approach Control & Tower w/o Radar,3,31,18,3,55,0,20,103,9,132,3,51,121,12,187,38,16,54,241
08/04/2007,HLN,MT,ANM,WE,Combination Non-Radar Approach Control & Tower w/o Radar,3,19,5,0,27,0,20,82,4,106,3,39,87,4,133,12,0,12,145
08/05/2007,HLN,MT,ANM,WE,Combination Non-Radar Approach Control & Tower w/o Radar,3,18,7,0,28,0,12,63,5,80,3,30,70,5,108,8,0,8,116
08/06/2007,HLN,MT,ANM,WE,Combination Non-Radar Approach Control & Tower w/o Radar,6,29,12,0,47,0,12,57,7,76,6,41,69,7,123,30,0,30,153
08/07/2007,HLN,MT,ANM,WE,Combination Non-Radar Approach Control & Tower w/o Radar,4,30,7,2,43,0,2,78,8,88,4,32,85,10,131,84,0,84,215
08/08/2007,HLN,MT,ANM,WE,Combination Non-Radar Approach Control & Tower w/o Radar,4,34,12,0,50,0,10,73,9,92,4,44,85,9,142,114,0,114,256
08/09/2007,HLN,MT,ANM,WE,Combination Non-Radar Approach Control & Tower w/o Radar,4,33,8,0,45,0,0,87,24,111,4,33,95,24,156,136,12,148,304
08/10/2007,HLN,MT,ANM,WE,Combination Non-Radar Approach Control & Tower w/o Radar,4,31,9,2,46,0,12,56,14,82,4,43,65,16,128,44,2,46,174
08/11/2007,HLN,MT,ANM,WE,Combination Non-Radar Approach Control & Tower w/o Radar,3,18,8,2,31,0,5,99,10,114,3,23,107,12,145,32,0,32,177
08/12/2007,HLN,MT,ANM,WE,Combination Non-Radar Approach Control & Tower w/o Radar,3,19,6,2,30,0,6,68,6,80,3,25,74,8,110,44,0,44,154
08/13/2007,HLN,MT,ANM,WE,Combination Non-Radar Approach Control & Tower w/o Radar,4,29,22,1,56,0,2,23,5,30,4,31,45,6,86,54,0,54,140
08/14/2007,HLN,MT,ANM,WE,Combination Non-Radar Approach Control & Tower w/o Radar,3,37,3,0,43,0,10,60,7,77,3,47,63,7,120,82,4,86,206
08/15/2007,HLN,MT,ANM,WE,Combination Non-Radar Approach Control & Tower w/o Radar,3,37,17,0,57,0,2,50,7,59,3,39,67,7,116,80,0,80,196
08/16/2007,HLN,MT,ANM,WE,Combination Non-Radar Approach Control & Tower w/o Radar,3,38,6,0,47,0,4,55,6,65,3,42,61,6,112,64,0,64,176
08/17/2007,HLN,MT,ANM,WE,Combination Non-Radar Approach Control & Tower w/o Radar,3,35,9,0,47,0,27,73,14,114,3,62,82,14,161,46,24,70,231
08/18/2007,HLN,MT,ANM,WE,Combination Non-Radar Approach Control & Tower w/o Radar,3,21,4,0,28,0,5,83,19,107,3,26,87,19,135,62,6,68,203
08/19/2007,HLN,MT,ANM,WE,Combination Non-Radar Approach Control & Tower w/o Radar,3,16,2,0,21,0,16,39,11,66,3,32,41,11,87,14,0,14,101
08/20/2007,HLN,MT,ANM,WE,Combination Non-Radar Approach Control & Tower w/o Radar,4,32,11,0,47,0,7,42,15,64,4,39,53,15,111,12,6,18,129
08/21/2007,HLN,MT,ANM,WE,Combination Non-Radar Approach Control & Tower w/o Radar,3,27,22,4,56,0,16,58,9,83,3,43,80,13,139,38,0,38,177
08/22/2007,HLN,MT,ANM,WE,Combination Non-Radar Approach Control & Tower w/o Radar,1,28,6,0,35,0,6,73,2,81,1,34,79,2,116,96,6,102,218
08/23/2007,HLN,MT,ANM,WE,Combination Non-Radar Approach Control & Tower w/o Radar,3,32,9,2,46,0,11,69,9,89,3,43,78,11,135,58,0,58,193
08/24/2007,HLN,MT,ANM,WE,Combination Non-Radar Approach Control & Tower w/o Radar,3,33,15,0,51,0,15,94,8,117,3,48,109,8,168,84,0,84,252
08/25/2007,HLN,MT,ANM,WE,Combination Non-Radar Approach Control & Tower w/o Radar,4,14,8,0,26,0,4,68,0,72,4,18,76,0,98,76,0,76,174
08/26/2007,HLN,MT,ANM,WE,Combination Non-Radar Approach Control & Tower w/o Radar,3,13,9,0,25,0,5,66,4,75,3,18,75,4,100,42,0,42,142
08/27/2007,HLN,MT,ANM,WE,Combination Non-Radar Approach Control & Tower w/o Radar,3,22,2,0,27,0,5,64,3,72,3,27,66,3,99,134,0,134,233
08/28/2007,HLN,MT,ANM,WE,Combination Non-Radar Approach Control & Tower w/o Radar,4,27,7,0,38,0,3,77,2,82,4,30,84,2,120,62,0,62,182
08/29/2007,HLN,MT,ANM,WE,Combination Non-Radar Approach Control & Tower w/o Radar,4,30,6,0,40,0,1,86,6,93,4,31,92,6,133,92,0,92,225
08/30/2007,HLN,MT,ANM,WE,Combination Non-Radar Approach Control & Tower w/o Radar,4,37,17,2,60,0,17,86,4,107,4,54,103,6,167,110,0,110,277
08/31/2007,HLN,MT,ANM,WE,Combination Non-Radar Approach Control & Tower w/o Radar,4,26,11,2,43,0,7,50,7,64,4,33,61,9,107,42,0,42,149
09/01/2007,HLN,MT,ANM,WE,Combination Non-Radar Approach Control & Tower w/o Radar,3,18,5,0,26,0,4,72,0,76,3,22,77,0,102,58,0,58,160
09/02/2007,HLN,MT,ANM,WE,Combination Non-Radar Approach Control & Tower w/o Radar,4,12,5,0,21,0,6,36,0,42,4,18,41,0,63,42,0,42,105
09/03/2007,HLN,MT,ANM,WE,Combination Non-Radar Approach Control & Tower w/o Radar,4,15,1,0,20,0,0,60,0,60,4,15,61,0,80,62,0,62,142
09/04/2007,HLN,MT,ANM,WE,Combination Non-Radar Approach Control & Tower w/o Radar,3,27,8,0,38,0,6,45,0,51,3,33,53,0,89,12,0,12,101
09/05/2007,HLN,MT,ANM,WE,Combination Non-Radar Approach Control & Tower w/o Radar,4,30,14,0,48,0,3,51,0,54,4,33,65,0,102,54,0,54,156
09/06/2007,HLN,MT,ANM,WE,Combination Non-Radar Approach Control & Tower w/o Radar,3,33,12,1,49,0,6,63,5,74,3,39,75,6,123,54,4,58,181
09/07/2007,HLN,MT,ANM,WE,Combination Non-Radar Approach Control & Tower w/o Radar,3,31,8,2,44,0,12,103,20,135,3,43,111,22,179,54,82,136,315
09/08/2007,HLN,MT,ANM,WE,Combination Non-Radar Approach Control & Tower w/o Radar,4,17,5,2,28,0,0,93,25,118,4,17,98,27,146,72,34,106,252
09/09/2007,HLN,MT,ANM,WE,Combination Non-Radar Approach Control & Tower w/o Radar,3,12,3,0,18,0,3,98,6,107,3,15,101,6,125,125,108,233,358
09/10/2007,HLN,MT,ANM,WE,Combination Non-Radar Approach Control & Tower w/o Radar,4,25,4,1,34,0,10,67,10,87,4,35,71,11,121,104,14,118,239
09/11/2007,HLN,MT,ANM,WE,Combination Non-Radar Approach Control & Tower w/o Radar,4,28,8,4,44,0,6,84,6,96,4,34,92,10,140,70,10,80,220
09/12/2007,HLN,MT,ANM,WE,Combination Non-Radar Approach Control & Tower w/o Radar,1,25,19,1,46,0,21,59,9,89,1,46,78,10,135,34,8,42,177
09/13/2007,HLN,MT,ANM,WE,Combination Non-Radar Approach Control & Tower w/o Radar,2,30,10,4,46,0,14,76,6,96,2,44,86,10,142,124,0,124,266
09/14/2007,HLN,MT,ANM,WE,Combination Non-Radar Approach Control & Tower w/o Radar,2,32,11,0,45,0,2,112,6,120,2,34,123,6,165,122,8,130,295
09/15/2007,HLN,MT,ANM,WE,Combination Non-Radar Approach Control & Tower w/o Radar,2,13,7,0,22,0,3,57,1,61,2,16,64,1,83,50,0,50,133
09/16/2007,HLN,MT,ANM,WE,Combination Non-Radar Approach Control & Tower w/o Radar,3,12,8,0,23,0,2,54,0,56,3,14,62,0,79,12,0,12,91
09/17/2007,HLN,MT,ANM,WE,Combination Non-Radar Approach Control & Tower w/o Radar,4,24,10,2,40,0,4,59,14,77,4,28,69,16,117,76,18,94,211
09/18/2007,HLN,MT,ANM,WE,Combination Non-Radar Approach Control & Tower w/o Radar,6,24,8,0,38,0,11,61,7,79,6,35,69,7,117,62,22,84,201
09/19/2007,HLN,MT,ANM,WE,Combination Non-Radar Approach Control & Tower w/o Radar,4,30,11,1,46,0,10,18,4,32,4,40,29,5,78,74,14,88,166
09/20/2007,HLN,MT,ANM,WE,Combination Non-Radar Approach Control & Tower w/o Radar,5,32,9,0,46,0,2,77,14,93,5,34,86,14,139,100,12,112,251
09/21/2007,HLN,MT,ANM,WE,Combination Non-Radar Approach Control & Tower w/o Radar,6,26,15,2,49,0,10,85,12,107,6,36,100,14,156,112,12,124,280
09/22/2007,HLN,MT,ANM,WE,Combination Non-Radar Approach Control & Tower w/o Radar,3,16,3,0,22,0,2,32,6,40,3,18,35,6,62,66,0,66,128
09/23/2007,HLN,MT,ANM,WE,Combination Non-Radar Approach Control & Tower w/o Radar,3,14,5,0,22,0,1,2,0,3,3,15,7,0,25,0,0,0,25
09/24/2007,HLN,MT,ANM,WE,Combination Non-Radar Approach Control & Tower w/o Radar,4,30,10,1,45,0,1,53,5,59,4,31,63,6,104,64,6,70,174
09/25/2007,HLN,MT,ANM,WE,Combination Non-Radar Approach Control & Tower w/o Radar,4,28,11,4,47,0,0,52,10,62,4,28,63,14,109,62,20,82,191
09/26/2007,HLN,MT,ANM,WE,Combination Non-Radar Approach Control & Tower w/o Radar,4,25,2,2,33,0,13,39,12,64,4,38,41,14,97,56,4,60,157
09/27/2007,HLN,MT,ANM,WE,Combination Non-Radar Approach Control & Tower w/o Radar,3,27,12,0,42,0,16,77,17,110,3,43,89,17,152,138,20,158,310
09/28/2007,HLN,MT,ANM,WE,Combination Non-Radar Approach Control & Tower w/o Radar,4,33,11,7,55,0,13,66,12,91,4,46,77,19,146,102,8,110,256
09/29/2007,HLN,MT,ANM,WE,Combination Non-Radar Approach Control & Tower w/o Radar,3,14,14,0,31,0,0,6,6,12,3,14,20,6,43,52,0,52,95
09/30/2007,HLN,MT,ANM,WE,Combination Non-Radar Approach Control & Tower w/o Radar,3,12,5,0,20,0,4,64,0,68,3,16,69,0,88,98,0,98,186
10/01/2007,HLN,MT,ANM,WE,Combination Non-Radar Approach Control & Tower w/o Radar,4,22,7,5,38,0,0,38,10,48,4,22,45,15,86,136,30,166,252
10/02/2007,HLN,MT,ANM,WE,Combination Non-Radar Approach Control & Tower w/o Radar,3,28,3,1,35,0,3,33,9,45,3,31,36,10,80,100,2,102,182
10/03/2007,HLN,MT,ANM,WE,Combination Non-Radar Approach Control & Tower w/o Radar,3,30,14,0,47,0,9,19,4,32,3,39,33,4,79,74,2,76,155
10/04/2007,HLN,MT,ANM,WE,Combination Non-Radar Approach Control & Tower w/o Radar,3,26,16,2,47,0,16,31,8,55,3,42,47,10,102,102,42,144,246
10/05/2007,HLN,MT,ANM,WE,Combination Non-Radar Approach Control & Tower w/o Radar,3,26,10,2,41,0,0,0,0,0,3,26,10,2,41,0,0,0,41
10/06/2007,HLN,MT,ANM,WE,Combination Non-Radar Approach Control & Tower w/o Radar,3,18,3,0,24,0,2,83,0,85,3,20,86,0,109,102,0,102,211
10/07/2007,HLN,MT,ANM,WE,Combination Non-Radar Approach Control & Tower w/o Radar,3,12,1,0,16,0,1,46,0,47,3,13,47,0,63,60,0,60,123
10/08/2007,HLN,MT,ANM,WE,Combination Non-Radar Approach Control & Tower w/o Radar,4,21,1,0,26,0,1,42,2,45,4,22,43,2,71,132,0,132,203
10/09/2007,HLN,MT,ANM,WE,Combination Non-Radar Approach Control & Tower w/o Radar,4,27,3,0,34,0,4,89,12,105,4,31,92,12,139,130,0,130,269
10/10/2007,HLN,MT,ANM,WE,Combination Non-Radar Approach Control & Tower w/o Radar,3,30,6,1,40,0,11,58,1,70,3,41,64,2,110,188,4,192,302
10/11/2007,HLN,MT,ANM,WE,Combination Non-Radar Approach Control & Tower w/o Radar,3,30,10,4,47,0,16,57,9,82,3,46,67,13,129,186,8,194,323
10/12/2007,HLN,MT,ANM,WE,Combination Non-Radar Approach Control & Tower w/o Radar,4,27,10,1,42,0,11,85,33,129,4,38,95,34,171,86,24,110,281
10/13/2007,HLN,MT,ANM,WE,Combination Non-Radar Approach Control & Tower w/o Radar,4,17,5,2,28,0,5,85,43,133,4,22,90,45,161,166,4,170,331
10/14/2007,HLN,MT,ANM,WE,Combination Non-Radar Approach Control & Tower w/o Radar,3,12,2,0,17,0,4,77,4,85,3,16,79,4,102,134,0,134,236
10/15/2007,HLN,MT,ANM,WE,Combination Non-Radar Approach Control & Tower w/o Radar,3,26,9,3,41,0,12,70,12,94,3,38,79,15,135,62,52,114,249
10/16/2007,HLN,MT,ANM,WE,Combination Non-Radar Approach Control & Tower w/o Radar,4,25,3,0,32,0,4,52,25,81,4,29,55,25,113,66,98,164,277
10/17/2007,HLN,MT,ANM,WE,Combination Non-Radar Approach Control & Tower w/o Radar,3,25,15,0,43,0,9,5,20,34,3,34,20,20,77,26,36,62,139
10/18/2007,HLN,MT,ANM,WE,Combination Non-Radar Approach Control & Tower w/o Radar,3,28,15,0,46,0,13,33,20,66,3,41,48,20,112,128,10,138,250
10/19/2007,HLN,MT,ANM,WE,Combination Non-Radar Approach Control & Tower w/o Radar,4,28,17,0,49,0,7,25,12,44,4,35,42,12,93,54,80,134,227
10/20/2007,HLN,MT,ANM,WE,Combination Non-Radar Approach Control & Tower w/o Radar,4,16,4,0,24,0,4,40,2,46,4,20,44,2,70,138,0,138,208
10/21/2007,HLN,MT,ANM,WE,Combination Non-Radar Approach Control & Tower w/o Radar,3,15,4,0,22,0,0,17,0,17,3,15,21,0,39,8,0,8,47
10/22/2007,HLN,MT,ANM,WE,Combination Non-Radar Approach Control & Tower w/o Radar,4,20,13,2,39,0,1,48,8,57,4,21,61,10,96,122,14,136,232
10/23/2007,HLN,MT,ANM,WE,Combination Non-Radar Approach Control & Tower w/o Radar,3,19,16,2,40,0,14,66,23,103,3,33,82,25,143,224,22,246,389
10/24/2007,HLN,MT,ANM,WE,Combination Non-Radar Approach Control & Tower w/o Radar,3,22,15,3,43,0,10,110,19,139,3,32,125,22,182,114,28,142,324
10/25/2007,HLN,MT,ANM,WE,Combination Non-Radar Approach Control & Tower w/o Radar,4,25,10,2,41,0,9,32,17,58,4,34,42,19,99,126,26,152,251
10/26/2007,HLN,MT,ANM,WE,Combination Non-Radar Approach Control & Tower w/o Radar,3,25,12,7,47,0,9,70,22,101,3,34,82,29,148,254,12,266,414
10/27/2007,HLN,MT,ANM,WE,Combination Non-Radar Approach Control & Tower w/o Radar,4,11,3,0,18,0,7,64,8,79,4,18,67,8,97,94,0,94,191
10/28/2007,HLN,MT,ANM,WE,Combination Non-Radar Approach Control & Tower w/o Radar,3,15,5,1,24,0,4,27,1,32,3,19,32,2,56,98,0,98,154
10/29/2007,HLN,MT,ANM,WE,Combination Non-Radar Approach Control & Tower w/o Radar,3,21,7,5,36,0,0,60,11,71,3,21,67,16,107,120,34,154,261
10/30/2007,HLN,MT,ANM,WE,Combination Non-Radar Approach Control & Tower w/o Radar,3,24,16,5,48,0,8,41,8,57,3,32,57,13,105,178,20,198,303
10/31/2007,HLN,MT,ANM,WE,Combination Non-Radar Approach Control & Tower w/o Radar,4,20,7,4,35,0,6,51,14,71,4,26,58,18,106,118,8,126,232
11/01/2007,HLN,MT,ANM,WE,Combination Non-Radar Approach Control & Tower w/o Radar,3,29,4,3,39,0,1,45,22,68,3,30,49,25,107,100,18,118,225
11/02/2007,HLN,MT,ANM,WE,Combination Non-Radar Approach Control & Tower w/o Radar,5,26,9,3,43,0,8,94,35,137,5,34,103,38,180,234,18,252,432
11/03/2007,HLN,MT,ANM,WE,Combination Non-Radar Approach Control & Tower w/o Radar,3,12,4,2,21,0,4,38,48,90,3,16,42,50,111,148,12,160,271
11/04/2007,HLN,MT,ANM,WE,Combination Non-Radar Approach Control & Tower w/o Radar,3,13,9,1,26,0,7,22,4,33,3,20,31,5,59,70,0,70,129
11/05/2007,HLN,MT,ANM,WE,Combination Non-Radar Approach Control & Tower w/o Radar,3,20,3,4,30,0,0,56,28,84,3,20,59,32,114,150,58,208,322
11/06/2007,HLN,MT,ANM,WE,Combination Non-Radar Approach Control & Tower w/o Radar,4,18,7,0,29,0,8,65,13,86,4,26,72,13,115,198,4,202,317
11/07/2007,HLN,MT,ANM,WE,Combination Non-Radar Approach Control & Tower w/o Radar,4,18,11,0,33,0,8,48,23,79,4,26,59,23,112,172,32,204,316
11/08/2007,HLN,MT,ANM,WE,Combination Non-Radar Approach Control & Tower w/o Radar,3,21,10,3,37,0,0,58,12,70,3,21,68,15,107,150,20,170,277
11/09/2007,HLN,MT,ANM,WE,Combination Non-Radar Approach Control & Tower w/o Radar,5,25,11,3,44,0,0,68,17,85,5,25,79,20,129,132,16,148,277
11/10/2007,HLN,MT,ANM,WE,Combination Non-Radar Approach Control & Tower w/o Radar,3,15,5,0,23,0,2,44,0,46,3,17,49,0,69,158,0,158,227
11/11/2007,HLN,MT,ANM,WE,Combination Non-Radar Approach Control & Tower w/o Radar,3,16,2,0,21,0,1,47,2,50,3,17,49,2,71,100,0,100,171
11/12/2007,HLN,MT,ANM,WE,Combination Non-Radar Approach Control & Tower w/o Radar,4,20,7,0,31,0,0,14,3,17,4,20,21,3,48,44,8,52,100
11/13/2007,HLN,MT,ANM,WE,Combination Non-Radar Approach Control & Tower w/o Radar,3,22,13,0,38,0,4,3,11,18,3,26,16,11,56,0,8,8,64
11/14/2007,HLN,MT,ANM,WE,Combination Non-Radar Approach Control & Tower w/o Radar,3,18,9,0,30,0,4,102,0,106,3,22,111,0,136,200,0,200,336
11/15/2007,HLN,MT,ANM,WE,Combination Non-Radar Approach Control & Tower w/o Radar,4,21,6,2,33,0,3,87,25,115,4,24,93,27,148,258,22,280,428
11/16/2007,HLN,MT,ANM,WE,Combination Non-Radar Approach Control & Tower w/o Radar,3,29,16,2,50,0,2,72,16,90,3,31,88,18,140,174,16,190,330
11/17/2007,HLN,MT,ANM,WE,Combination Non-Radar Approach Control & Tower w/o Radar,3,14,4,0,21,0,3,61,10,74,3,17,65,10,95,198,10,208,303
11/18/2007,HLN,MT,ANM,WE,Combination Non-Radar Approach Control & Tower w/o Radar,3,6,5,2,16,0,0,26,0,26,3,6,31,2,42,56,0,56,98
11/19/2007,HLN,MT,ANM,WE,Combination Non-Radar Approach Control & Tower w/o Radar,3,16,17,2,38,0,2,3,0,5,3,18,20,2,43,0,14,14,57
11/20/2007,HLN,MT,ANM,WE,Combination Non-Radar Approach Control & Tower w/o Radar,3,27,16,4,50,0,0,23,10,33,3,27,39,14,83,66,16,82,165
11/21/2007,HLN,MT,ANM,WE,Combination Non-Radar Approach Control & Tower w/o Radar,4,25,8,3,40,0,1,37,7,45,4,26,45,10,85,52,6,58,143
11/22/2007,HLN,MT,ANM,WE,Combination Non-Radar Approach Control & Tower w/o Radar,4,15,3,0,22,0,0,9,0,9,4,15,12,0,31,0,0,0,31
11/23/2007,HLN,MT,ANM,WE,Combination Non-Radar Approach Control & Tower w/o Radar,3,15,4,0,22,0,2,36,0,38,3,17,40,0,60,40,0,40,100
11/24/2007,HLN,MT,ANM,WE,Combination Non-Radar Approach Control & Tower w/o Radar,4,13,4,0,21,0,2,43,0,45,4,15,47,0,66,156,0,156,222
11/25/2007,HLN,MT,ANM,WE,Combination Non-Radar Approach Control & Tower w/o Radar,3,14,6,0,23,0,0,27,0,27,3,14,33,0,50,56,0,56,106
11/26/2007,HLN,MT,ANM,WE,Combination Non-Radar Approach Control & Tower w/o Radar,3,20,10,7,40,0,0,39,7,46,3,20,49,14,86,128,14,142,228
11/27/2007,HLN,MT,ANM,WE,Combination Non-Radar Approach Control & Tower w/o Radar,3,19,9,1,32,0,0,3,24,27,3,19,12,25,59,6,18,24,83
11/28/2007,HLN,MT,ANM,WE,Combination Non-Radar Approach Control & Tower w/o Radar,4,21,8,4,37,0,3,33,13,49,4,24,41,17,86,150,16,166,252
11/29/2007,HLN,MT,ANM,WE,Combination Non-Radar Approach Control & Tower w/o Radar,3,24,8,2,37,0,1,3,20,24,3,25,11,22,61,6,28,34,95
11/30/2007,HLN,MT,ANM,WE,Combination Non-Radar Approach Control & Tower w/o Radar,6,30,17,8,61,0,2,62,36,100,6,32,79,44,161,182,60,242,403
12/01/2007,HLN,MT,ANM,WE,Combination Non-Radar Approach Control & Tower w/o Radar,6,16,6,0,28,0,2,22,4,28,6,18,28,4,56,224,0,224,280
12/02/2007,HLN,MT,ANM,WE,Combination Non-Radar Approach Control & Tower w/o Radar,3,15,3,0,21,0,2,48,0,50,3,17,51,0,71,166,0,166,237
12/03/2007,HLN,MT,ANM,WE,Combination Non-Radar Approach Control & Tower w/o Radar,3,21,18,3,45,0,0,29,25,54,3,21,47,28,99,166,52,218,317
12/04/2007,HLN,MT,ANM,WE,Combination Non-Radar Approach Control & Tower w/o Radar,3,22,11,1,37,0,0,17,11,28,3,22,28,12,65,54,0,54,119
12/05/2007,HLN,MT,ANM,WE,Combination Non-Radar Approach Control & Tower w/o Radar,3,18,10,2,33,0,3,47,15,65,3,21,57,17,98,140,12,152,250
12/06/2007,HLN,MT,ANM,WE,Combination Non-Radar Approach Control & Tower w/o Radar,3,27,14,3,47,0,7,40,19,66,3,34,54,22,113,122,4,126,239
12/07/2007,HLN,MT,ANM,WE,Combination Non-Radar Approach Control & Tower w/o Radar,3,25,10,2,40,0,3,52,10,65,3,28,62,12,105,236,4,240,345
12/08/2007,HLN,MT,ANM,WE,Combination Non-Radar Approach Control & Tower w/o Radar,3,17,5,2,27,0,4,62,2,68,3,21,67,4,95,218,0,218,313
12/09/2007,HLN,MT,ANM,WE,Combination Non-Radar Approach Control & Tower w/o Radar,3,16,10,0,29,0,1,45,0,46,3,17,55,0,75,104,0,104,179
12/10/2007,HLN,MT,ANM,WE,Combination Non-Radar Approach Control & Tower w/o Radar,3,23,9,4,39,0,1,27,13,41,3,24,36,17,80,76,44,120,200
12/11/2007,HLN,MT,ANM,WE,Combination Non-Radar Approach Control & Tower w/o Radar,2,25,7,0,34,0,0,82,12,94,2,25,89,12,128,200,16,216,344
12/12/2007,HLN,MT,ANM,WE,Combination Non-Radar Approach Control & Tower w/o Radar,5,21,4,6,36,0,2,32,20,54,5,23,36,26,90,112,46,158,248
12/13/2007,HLN,MT,ANM,WE,Combination Non-Radar Approach Control & Tower w/o Radar,5,24,16,8,53,0,2,31,7,40,5,26,47,15,93,112,12,124,217
12/14/2007,HLN,MT,ANM,WE,Combination Non-Radar Approach Control & Tower w/o Radar,4,21,9,3,37,0,3,78,28,109,4,24,87,31,146,276,40,316,462
12/15/2007,HLN,MT,ANM,WE,Combination Non-Radar Approach Control & Tower w/o Radar,4,17,4,2,27,0,1,26,12,39,4,18,30,14,66,186,6,192,258
12/16/2007,HLN,MT,ANM,WE,Combination Non-Radar Approach Control & Tower w/o Radar,6,14,5,2,27,0,2,57,0,59,6,16,62,2,86,134,0,134,220
12/17/2007,HLN,MT,ANM,WE,Combination Non-Radar Approach Control & Tower w/o Radar,3,18,6,2,29,0,5,28,12,45,3,23,34,14,74,76,6,82,156
12/18/2007,HLN,MT,ANM,WE,Combination Non-Radar Approach Control & Tower w/o Radar,6,28,11,3,48,0,0,38,21,59,6,28,49,24,107,48,10,58,165
12/19/2007,HLN,MT,ANM,WE,Combination Non-Radar Approach Control & Tower w/o Radar,3,29,8,4,44,0,0,26,18,44,3,29,34,22,88,76,36,112,200
12/20/2007,HLN,MT,ANM,WE,Combination Non-Radar Approach Control & Tower w/o Radar,3,25,15,2,45,0,7,14,26,47,3,32,29,28,92,100,50,150,242
12/21/2007,HLN,MT,ANM,WE,Combination Non-Radar Approach Control & Tower w/o Radar,3,28,10,2,43,0,6,41,17,64,3,34,51,19,107,164,0,164,271
12/22/2007,HLN,MT,ANM,WE,Combination Non-Radar Approach Control & Tower w/o Radar,3,20,4,0,27,0,2,52,0,54,3,22,56,0,81,176,0,176,257
12/23/2007,HLN,MT,ANM,WE,Combination Non-Radar Approach Control & Tower w/o Radar,3,14,3,0,20,0,0,24,0,24,3,14,27,0,44,104,0,104,148
12/24/2007,HLN,MT,ANM,WE,Combination Non-Radar Approach Control & Tower w/o Radar,4,22,0,0,26,0,0,12,0,12,4,22,12,0,38,54,0,54,92
12/25/2007,HLN,MT,ANM,WE,Combination Non-Radar Approach Control & Tower w/o Radar,3,16,1,0,20,0,0,2,0,2,3,16,3,0,22,6,0,6,28
12/26/2007,HLN,MT,ANM,WE,Combination Non-Radar Approach Control & Tower w/o Radar,3,18,4,0,25,0,2,26,0,28,3,20,30,0,53,90,0,90,143
12/27/2007,HLN,MT,ANM,WE,Combination Non-Radar Approach Control & Tower w/o Radar,3,15,9,0,27,0,0,46,6,52,3,15,55,6,79,98,12,110,189
12/28/2007,HLN,MT,ANM,WE,Combination Non-Radar Approach Control & Tower w/o Radar,3,26,8,0,37,0,1,34,8,43,3,27,42,8,80,154,2,156,236
12/29/2007,HLN,MT,ANM,WE,Combination Non-Radar Approach Control & Tower w/o Radar,3,17,3,0,23,0,2,21,0,23,3,19,24,0,46,92,0,92,138
12/30/2007,HLN,MT,ANM,WE,Combination Non-Radar Approach Control & Tower w/o Radar,3,16,2,0,21,0,2,5,0,7,3,18,7,0,28,18,0,18,46
12/31/2007,HLN,MT,ANM,WE,Combination Non-Radar Approach Control & Tower w/o Radar,4,20,5,0,29,0,1,13,0,14,4,21,18,0,43,60,0,60,103
01/01/2008,HLN,MT,ANM,WE,Combination Non-Radar Approach Control & Tower w/o Radar,4,18,7,0,29,0,1,42,0,43,4,19,49,0,72,24,0,24,96
01/02/2008,HLN,MT,ANM,WE,Combination Non-Radar Approach Control & Tower w/o Radar,3,22,6,0,31,0,6,39,9,54,3,28,45,9,85,128,8,136,221
01/03/2008,HLN,MT,ANM,WE,Combination Non-Radar Approach Control & Tower w/o Radar,4,18,3,7,32,0,6,65,4,75,4,24,68,11,107,138,6,144,251
01/04/2008,HLN,MT,ANM,WE,Combination Non-Radar Approach Control & Tower w/o Radar,5,19,13,4,41,0,2,32,26,60,5,21,45,30,101,90,10,100,201
01/05/2008,HLN,MT,ANM,WE,Combination Non-Radar Approach Control & Tower w/o Radar,3,13,1,3,20,0,2,30,6,38,3,15,31,9,58,80,16,96,154
01/06/2008,HLN,MT,ANM,WE,Combination Non-Radar Approach Control & Tower w/o Radar,3,13,5,2,23,0,2,33,1,36,3,15,38,3,59,136,0,136,195
01/07/2008,HLN,MT,ANM,WE,Combination Non-Radar Approach Control & Tower w/o Radar,4,20,13,6,43,0,4,41,20,65,4,24,54,26,108,28,56,84,192
01/08/2008,HLN,MT,ANM,WE,Combination Non-Radar Approach Control & Tower w/o Radar,3,21,1,6,31,0,2,20,18,40,3,23,21,24,71,28,34,62,133
01/09/2008,HLN,MT,ANM,WE,Combination Non-Radar Approach Control & Tower w/o Radar,4,27,17,5,53,0,2,38,9,49,4,29,55,14,102,40,18,58,160
01/10/2008,HLN,MT,ANM,WE,Combination Non-Radar Approach Control & Tower w/o Radar,3,22,6,3,34,0,8,44,11,63,3,30,50,14,97,120,4,124,221
01/11/2008,HLN,MT,ANM,WE,Combination Non-Radar Approach Control & Tower w/o Radar,5,26,7,1,39,0,0,28,31,59,5,26,35,32,98,98,114,212,310
01/12/2008,HLN,MT,ANM,WE,Combination Non-Radar Approach Control & Tower w/o Radar,3,16,5,0,24,0,4,46,0,50,3,20,51,0,74,244,0,244,318
01/13/2008,HLN,MT,ANM,WE,Combination Non-Radar Approach Control & Tower w/o Radar,3,15,6,0,24,0,4,28,0,32,3,19,34,0,56,118,0,118,174
01/14/2008,HLN,MT,ANM,WE,Combination Non-Radar Approach Control & Tower w/o Radar,3,21,7,3,34,0,3,40,22,65,3,24,47,25,99,100,50,150,249
01/15/2008,HLN,MT,ANM,WE,Combination Non-Radar Approach Control & Tower w/o Radar,4,24,16,0,44,0,2,7,10,19,4,26,23,10,63,10,12,22,85
01/16/2008,HLN,MT,ANM,WE,Combination Non-Radar Approach Control & Tower w/o Radar,4,22,6,7,39,0,0,42,28,70,4,22,48,35,109,120,32,152,261
01/17/2008,HLN,MT,ANM,WE,Combination Non-Radar Approach Control & Tower w/o Radar,4,22,13,2,41,0,0,12,18,30,4,22,25,20,71,26,8,34,105
01/18/2008,HLN,MT,ANM,WE,Combination Non-Radar Approach Control & Tower w/o Radar,3,21,9,2,35,0,0,27,30,57,3,21,36,32,92,146,34,180,272
01/19/2008,HLN,MT,ANM,WE,Combination Non-Radar Approach Control & Tower w/o Radar,4,15,4,0,23,0,1,14,0,15,4,16,18,0,38,32,0,32,70
01/20/2008,HLN,MT,ANM,WE,Combination Non-Radar Approach Control & Tower w/o Radar,3,13,2,0,18,0,0,0,0,0,3,13,2,0,18,0,0,0,18
01/21/2008,HLN,MT,ANM,WE,Combination Non-Radar Approach Control & Tower w/o Radar,3,20,7,0,30,0,2,29,0,31,3,22,36,0,61,86,0,86,147
01/22/2008,HLN,MT,ANM,WE,Combination Non-Radar Approach Control & Tower w/o Radar,3,21,4,10,38,0,3,14,7,24,3,24,18,17,62,12,32,44,106
01/23/2008,HLN,MT,ANM,WE,Combination Non-Radar Approach Control & Tower w/o Radar,3,26,6,3,38,0,0,50,19,69,3,26,56,22,107,220,26,246,353
01/24/2008,HLN,MT,ANM,WE,Combination Non-Radar Approach Control & Tower w/o Radar,5,22,14,6,47,0,2,64,26,92,5,24,78,32,139,206,22,228,367
01/25/2008,HLN,MT,ANM,WE,Combination Non-Radar Approach Control & Tower w/o Radar,4,23,12,9,48,0,8,41,41,90,4,31,53,50,138,132,74,206,344
01/26/2008,HLN,MT,ANM,WE,Combination Non-Radar Approach Control & Tower w/o Radar,3,15,9,4,31,0,0,45,5,50,3,15,54,9,81,58,6,64,145
01/27/2008,HLN,MT,ANM,WE,Combination Non-Radar Approach Control & Tower w/o Radar,3,13,0,0,16,0,1,27,0,28,3,14,27,0,44,26,0,26,70
01/28/2008,HLN,MT,ANM,WE,Combination Non-Radar Approach Control & Tower w/o Radar,3,19,5,2,29,0,0,1,0,1,3,19,6,2,30,0,0,0,30
01/29/2008,HLN,MT,ANM,WE,Combination Non-Radar Approach Control & Tower w/o Radar,3,20,10,5,38,0,5,22,30,57,3,25,32,35,95,106,42,148,243
01/30/2008,HLN,MT,ANM,WE,Combination Non-Radar Approach Control & Tower w/o Radar,3,20,14,3,40,0,5,27,8,40,3,25,41,11,80,78,20,98,178
01/31/2008,HLN,MT,ANM,WE,Combination Non-Radar Approach Control & Tower w/o Radar,3,24,17,10,54,0,6,21,10,37,3,30,38,20,91,108,16,124,215
02/01/2008,HLN,MT,ANM,WE,Combination Non-Radar Approach Control & Tower w/o Radar,4,22,10,6,42,0,4,51,19,74,4,26,61,25,116,262,30,292,408
02/02/2008,HLN,MT,ANM,WE,Combination Non-Radar Approach Control & Tower w/o Radar,3,13,2,1,19,0,5,71,1,77,3,18,73,2,96,230,0,230,326
02/03/2008,HLN,MT,ANM,WE,Combination Non-Radar Approach Control & Tower w/o Radar,3,16,13,2,34,0,9,36,0,45,3,25,49,2,79,258,0,258,337
02/04/2008,HLN,MT,ANM,WE,Combination Non-Radar Approach Control & Tower w/o Radar,3,21,15,4,43,0,5,13,12,30,3,26,28,16,73,42,50,92,165
02/05/2008,HLN,MT,ANM,WE,Combination Non-Radar Approach Control & Tower w/o Radar,3,18,26,3,50,0,13,21,15,49,3,31,47,18,99,26,28,54,153
02/06/2008,HLN,MT,ANM,WE,Combination Non-Radar Approach Control & Tower w/o Radar,3,24,12,0,39,0,3,10,0,13,3,27,22,0,52,30,0,30,82
02/07/2008,HLN,MT,ANM,WE,Combination Non-Radar Approach Control & Tower w/o Radar,3,25,11,3,42,0,0,5,17,22,3,25,16,20,64,0,20,20,84
02/08/2008,HLN,MT,ANM,WE,Combination Non-Radar Approach Control & Tower w/o Radar,4,21,13,7,45,0,0,22,18,40,4,21,35,25,85,6,30,36,121
02/09/2008,HLN,MT,ANM,WE,Combination Non-Radar Approach Control & Tower w/o Radar,3,17,4,0,24,0,0,0,0,0,3,17,4,0,24,0,8,8,32
02/10/2008,HLN,MT,ANM,WE,Combination Non-Radar Approach Control & Tower w/o Radar,3,11,6,0,20,0,4,10,18,32,3,15,16,18,52,48,2,50,102
02/11/2008,HLN,MT,ANM,WE,Combination Non-Radar Approach Control & Tower w/o Radar,4,28,24,5,61,0,3,30,24,57,4,31,54,29,118,30,38,68,186
02/12/2008,HLN,MT,ANM,WE,Combination Non-Radar Approach Control & Tower w/o Radar,4,19,5,7,35,0,3,34,10,47,4,22,39,17,82,68,26,94,176
02/13/2008,HLN,MT,ANM,WE,Combination Non-Radar Approach Control & Tower w/o Radar,3,23,9,0,35,0,0,0,16,16,3,23,9,16,51,6,20,26,77
02/14/2008,HLN,MT,ANM,WE,Combination Non-Radar Approach Control & Tower w/o Radar,4,23,19,2,48,0,0,29,19,48,4,23,48,21,96,2,10,12,108
02/15/2008,HLN,MT,ANM,WE,Combination Non-Radar Approach Control & Tower w/o Radar,3,24,25,2,54,0,0,62,14,76,3,24,87,16,130,52,8,60,190
02/16/2008,HLN,MT,ANM,WE,Combination Non-Radar Approach Control & Tower w/o Radar,4,13,12,0,29,0,3,30,0,33,4,16,42,0,62,14,0,14,76
02/17/2008,HLN,MT,ANM,WE,Combination Non-Radar Approach Control & Tower w/o Radar,3,11,3,0,17,0,2,42,0,44,3,13,45,0,61,78,0,78,139
02/18/2008,HLN,MT,ANM,WE,Combination Non-Radar Approach Control & Tower w/o Radar,3,23,6,0,32,0,2,64,1,67,3,25,70,1,99,116,0,116,215
02/19/2008,HLN,MT,ANM,WE,Combination Non-Radar Approach Control & Tower w/o Radar,3,21,11,4,39,0,3,49,17,69,3,24,60,21,108,50,8,58,166
02/20/2008,HLN,MT,ANM,WE,Combination Non-Radar Approach Control & Tower w/o Radar,4,21,15,4,44,0,4,61,17,82,4,25,76,21,126,112,14,126,252
02/21/2008,HLN,MT,ANM,WE,Combination Non-Radar Approach Control & Tower w/o Radar,4,24,13,2,43,0,0,56,8,64,4,24,69,10,107,56,6,62,169
02/22/2008,HLN,MT,ANM,WE,Combination Non-Radar Approach Control & Tower w/o Radar,3,21,5,6,35,0,2,61,30,93,3,23,66,36,128,68,28,96,224
02/23/2008,HLN,MT,ANM,WE,Combination Non-Radar Approach Control & Tower w/o Radar,3,13,0,2,18,0,6,45,4,55,3,19,45,6,73,64,10,74,147
02/24/2008,HLN,MT,ANM,WE,Combination Non-Radar Approach Control & Tower w/o Radar,3,12,2,1,18,0,0,0,0,0,3,12,2,1,18,0,0,0,18
02/25/2008,HLN,MT,ANM,WE,Combination Non-Radar Approach Control & Tower w/o Radar,4,26,4,0,34,0,1,0,11,12,4,27,4,11,46,0,12,12,58
02/26/2008,HLN,MT,ANM,WE,Combination Non-Radar Approach Control & Tower w/o Radar,3,24,6,1,34,0,2,24,12,38,3,26,30,13,72,26,8,34,106
02/27/2008,HLN,MT,ANM,WE,Combination Non-Radar Approach Control & Tower w/o Radar,4,25,10,4,43,0,0,25,18,43,4,25,35,22,86,38,40,78,164
02/28/2008,HLN,MT,ANM,WE,Combination Non-Radar Approach Control & Tower w/o Radar,4,28,11,3,46,0,0,29,10,39,4,28,40,13,85,70,10,80,165
02/29/2008,HLN,MT,ANM,WE,Combination Non-Radar Approach Control & Tower w/o Radar,4,24,14,8,50,0,2,27,14,43,4,26,41,22,93,16,8,24,117
03/01/2008,HLN,MT,ANM,WE,Combination Non-Radar Approach Control & Tower w/o Radar,3,20,8,0,31,0,1,1,0,2,3,21,9,0,33,14,0,14,47
03/02/2008,HLN,MT,ANM,WE,Combination Non-Radar Approach Control & Tower w/o Radar,3,15,5,0,23,0,0,15,0,15,3,15,20,0,38,38,0,38,76
03/03/2008,HLN,MT,ANM,WE,Combination Non-Radar Approach Control & Tower w/o Radar,4,19,5,0,28,0,1,29,17,47,4,20,34,17,75,140,8,148,223
03/04/2008,HLN,MT,ANM,WE,Combination Non-Radar Approach Control & Tower w/o Radar,4,19,11,4,38,0,5,4,4,13,4,24,15,8,51,14,14,28,79
03/05/2008,HLN,MT,ANM,WE,Combination Non-Radar Approach Control & Tower w/o Radar,3,23,17,2,45,0,1,31,2,34,3,24,48,4,79,40,0,40,119
03/06/2008,HLN,MT,ANM,WE,Combination Non-Radar Approach Control & Tower w/o Radar,4,27,6,0,37,0,0,34,20,54,4,27,40,20,91,48,20,68,159
03/07/2008,HLN,MT,ANM,WE,Combination Non-Radar Approach Control & Tower w/o Radar,4,33,14,7,58,0,0,60,31,91,4,33,74,38,149,74,22,96,245
03/08/2008,HLN,MT,ANM,WE,Combination Non-Radar Approach Control & Tower w/o Radar,4,12,14,0,30,0,1,37,22,60,4,13,51,22,90,62,0,62,152
03/09/2008,HLN,MT,ANM,WE,Combination Non-Radar Approach Control & Tower w/o Radar,3,10,4,4,21,0,2,32,3,37,3,12,36,7,58,22,6,28,86
03/10/2008,HLN,MT,ANM,WE,Combination Non-Radar Approach Control & Tower w/o Radar,4,15,13,5,37,0,2,49,15,66,4,17,62,20,103,50,72,122,225
03/11/2008,HLN,MT,ANM,WE,Combination Non-Radar Approach Control & Tower w/o Radar,4,15,9,6,34,0,6,18,19,43,4,21,27,25,77,28,34,62,139
03/12/2008,HLN,MT,ANM,WE,Combination Non-Radar Approach Control & Tower w/o Radar,4,21,9,3,37,0,4,23,15,42,4,25,32,18,79,2,10,12,91
03/13/2008,HLN,MT,ANM,WE,Combination Non-Radar Approach Control & Tower w/o Radar,4,16,8,5,33,0,0,34,24,58,4,16,42,29,91,64,32,96,187
03/14/2008,HLN,MT,ANM,WE,Combination Non-Radar Approach Control & Tower w/o Radar,4,20,17,0,41,0,0,31,26,57,4,20,48,26,98,46,20,66,164
03/15/2008,HLN,MT,ANM,WE,Combination Non-Radar Approach Control & Tower w/o Radar,3,10,9,0,22,0,0,49,0,49,3,10,58,0,71,138,0,138,209
03/16/2008,HLN,MT,ANM,WE,Combination Non-Radar Approach Control & Tower w/o Radar,3,9,0,0,12,0,0,22,2,24,3,9,22,2,36,26,0,26,62
03/17/2008,HLN,MT,ANM,WE,Combination Non-Radar Approach Control & Tower w/o Radar,4,16,12,7,39,0,3,20,19,42,4,19,32,26,81,28,38,66,147
03/18/2008,HLN,MT,ANM,WE,Combination Non-Radar Approach Control & Tower w/o Radar,4,17,12,5,38,0,2,22,26,50,4,19,34,31,88,66,16,82,170
03/19/2008,HLN,MT,ANM,WE,Combination Non-Radar Approach Control & Tower w/o Radar,4,26,16,1,47,0,5,44,31,80,4,31,60,32,127,46,6,52,179
03/20/2008,HLN,MT,ANM,WE,Combination Non-Radar Approach Control & Tower w/o Radar,4,19,20,1,44,0,0,9,31,40,4,19,29,32,84,20,10,30,114
03/21/2008,HLN,MT,ANM,WE,Combination Non-Radar Approach Control & Tower w/o Radar,4,27,12,1,44,0,0,34,23,57,4,27,46,24,101,36,40,76,177
03/22/2008,HLN,MT,ANM,WE,Combination Non-Radar Approach Control & Tower w/o Radar,3,10,4,3,20,0,0,55,1,56,3,10,59,4,76,24,38,62,138
03/23/2008,HLN,MT,ANM,WE,Combination Non-Radar Approach Control & Tower w/o Radar,3,9,3,0,15,0,0,26,0,26,3,9,29,0,41,20,0,20,61
03/24/2008,HLN,MT,ANM,WE,Combination Non-Radar Approach Control & Tower w/o Radar,5,17,10,4,36,0,3,9,7,19,5,20,19,11,55,0,24,24,79
03/25/2008,HLN,MT,ANM,WE,Combination Non-Radar Approach Control & Tower w/o Radar,3,16,13,4,36,0,16,37,24,77,3,32,50,28,113,40,92,132,245
03/26/2008,HLN,MT,ANM,WE,Combination Non-Radar Approach Control & Tower w/o Radar,4,18,4,3,29,0,0,28,14,42,4,18,32,17,71,42,8,50,121
03/27/2008,HLN,MT,ANM,WE,Combination Non-Radar Approach Control & Tower w/o Radar,3,21,10,0,34,0,0,11,22,33,3,21,21,22,67,4,28,32,99
03/28/2008,HLN,MT,ANM,WE,Combination Non-Radar Approach Control & Tower w/o Radar,4,20,7,1,32,0,0,47,11,58,4,20,54,12,90,20,10,30,120
03/29/2008,HLN,MT,ANM,WE,Combination Non-Radar Approach Control & Tower w/o Radar,3,14,3,0,20,0,0,8,4,12,3,14,11,4,32,2,16,18,50
03/30/2008,HLN,MT,ANM,WE,Combination Non-Radar Approach Control & Tower w/o Radar,3,11,7,0,21,0,0,18,1,19,3,11,25,1,40,8,0,8,48
03/31/2008,HLN,MT,ANM,WE,Combination Non-Radar Approach Control & Tower w/o Radar,4,19,6,2,31,0,0,16,16,32,4,19,22,18,63,52,26,78,141
04/01/2008,HLN,MT,ANM,WE,Combination Non-Radar Approach Control & Tower w/o Radar,3,13,9,1,26,0,6,17,4,27,3,19,26,5,53,58,10,68,121
04/02/2008,HLN,MT,ANM,WE,Combination Non-Radar Approach Control & Tower w/o Radar,4,21,7,2,34,0,0,34,8,42,4,21,41,10,76,36,0,36,112
04/03/2008,HLN,MT,ANM,WE,Combination Non-Radar Approach Control & Tower w/o Radar,4,17,9,0,30,0,3,43,6,52,4,20,52,6,82,30,0,30,112
04/04/2008,HLN,MT,ANM,WE,Combination Non-Radar Approach Control & Tower w/o Radar,4,23,8,0,35,0,0,32,10,42,4,23,40,10,77,30,4,34,111
04/05/2008,HLN,MT,ANM,WE,Combination Non-Radar Approach Control & Tower w/o Radar,3,11,4,0,18,0,0,5,2,7,3,11,9,2,25,0,0,0,25
04/06/2008,HLN,MT,ANM,WE,Combination Non-Radar Approach Control & Tower w/o Radar,3,9,3,1,16,0,0,28,10,38,3,9,31,11,54,70,0,70,124
04/07/2008,HLN,MT,ANM,WE,Combination Non-Radar Approach Control & Tower w/o Radar,4,26,7,3,40,0,0,39,16,55,4,26,46,19,95,52,10,62,157
04/08/2008,HLN,MT,ANM,WE,Combination Non-Radar Approach Control & Tower w/o Radar,4,21,4,1,30,0,0,38,9,47,4,21,42,10,77,74,4,78,155
04/09/2008,HLN,MT,ANM,WE,Combination Non-Radar Approach Control & Tower w/o Radar,4,23,12,5,44,0,1,56,15,72,4,24,68,20,116,76,38,114,230
04/10/2008,HLN,MT,ANM,WE,Combination Non-Radar Approach Control & Tower w/o Radar,4,28,15,2,49,0,0,29,9,38,4,28,44,11,87,26,2,28,115
04/11/2008,HLN,MT,ANM,WE,Combination Non-Radar Approach Control & Tower w/o Radar,4,21,11,2,38,0,2,34,28,64,4,23,45,30,102,58,34,92,194
04/12/2008,HLN,MT,ANM,WE,Combination Non-Radar Approach Control & Tower w/o Radar,3,10,0,0,13,0,0,58,0,58,3,10,58,0,71,68,0,68,139
04/13/2008,HLN,MT,ANM,WE,Combination Non-Radar Approach Control & Tower w/o Radar,3,11,8,0,22,0,1,61,0,62,3,12,69,0,84,22,0,22,106
04/14/2008,HLN,MT,ANM,WE,Combination Non-Radar Approach Control & Tower w/o Radar,2,17,7,7,33,0,1,25,11,37,2,18,32,18,70,16,50,66,136
04/15/2008,HLN,MT,ANM,WE,Combination Non-Radar Approach Control & Tower w/o Radar,4,23,8,2,37,0,8,9,11,28,4,31,17,13,65,16,42,58,123
04/16/2008,HLN,MT,ANM,WE,Combination Non-Radar Approach Control & Tower w/o Radar,4,20,12,6,42,0,3,28,18,49,4,23,40,24,91,0,16,16,107
04/17/2008,HLN,MT,ANM,WE,Combination Non-Radar Approach Control & Tower w/o Radar,4,17,5,6,32,0,4,56,19,79,4,21,61,25,111,40,18,58,169
04/18/2008,HLN,MT,ANM,WE,Combination Non-Radar Approach Control & Tower w/o Radar,4,21,7,0,32,0,0,43,30,73,4,21,50,30,105,60,14,74,179
04/19/2008,HLN,MT,ANM,WE,Combination Non-Radar Approach Control & Tower w/o Radar,3,9,4,0,16,0,0,9,7,16,3,9,13,7,32,4,16,20,52
04/20/2008,HLN,MT,ANM,WE,Combination Non-Radar Approach Control & Tower w/o Radar,2,9,2,0,13,0,1,0,0,1,2,10,2,0,14,0,0,0,14
04/21/2008,HLN,MT,ANM,WE,Combination Non-Radar Approach Control & Tower w/o Radar,6,15,8,5,34,0,3,36,13,52,6,18,44,18,86,50,26,76,162
04/22/2008,HLN,MT,ANM,WE,Combination Non-Radar Approach Control & Tower w/o Radar,4,18,7,1,30,0,2,38,16,56,4,20,45,17,86,62,6,68,154
04/23/2008,HLN,MT,ANM,WE,Combination Non-Radar Approach Control & Tower w/o Radar,4,25,18,2,49,0,2,6,6,14,4,27,24,8,63,16,24,40,103
04/24/2008,HLN,MT,ANM,WE,Combination Non-Radar Approach Control & Tower w/o Radar,4,18,15,4,41,0,0,15,19,34,4,18,30,23,75,48,12,60,135
04/25/2008,HLN,MT,ANM,WE,Combination Non-Radar Approach Control & Tower w/o Radar,5,22,17,1,45,0,0,2,20,22,5,22,19,21,67,10,14,24,91
04/26/2008,HLN,MT,ANM,WE,Combination Non-Radar Approach Control & Tower w/o Radar,5,9,8,0,22,0,0,63,2,65,5,9,71,2,87,30,0,30,117
04/27/2008,HLN,MT,ANM,WE,Combination Non-Radar Approach Control & Tower w/o Radar,3,10,6,0,19,0,0,71,0,71,3,10,77,0,90,76,0,76,166
04/28/2008,HLN,MT,ANM,WE,Combination Non-Radar Approach Control & Tower w/o Radar,4,17,6,7,34,0,2,58,8,68,4,19,64,15,102,62,8,70,172
04/29/2008,HLN,MT,ANM,WE,Combination Non-Radar Approach Control & Tower w/o Radar,4,14,17,3,38,0,7,40,20,67,4,21,57,23,105,36,28,64,169
04/30/2008,HLN,MT,ANM,WE,Combination Non-Radar Approach Control & Tower w/o Radar,4,23,10,0,37,0,6,26,0,32,4,29,36,0,69,56,0,56,125
05/01/2008,HLN,MT,ANM,WE,Combination Non-Radar Approach Control & Tower w/o Radar,3,19,7,3,32,0,6,18,22,46,3,25,25,25,78,28,28,56,134
05/02/2008,HLN,MT,ANM,WE,Combination Non-Radar Approach Control & Tower w/o Radar,4,17,16,3,40,0,5,72,23,100,4,22,88,26,140,114,4,118,258
05/03/2008,HLN,MT,ANM,WE,Combination Non-Radar Approach Control & Tower w/o Radar,3,7,9,5,24,0,1,91,21,113,3,8,100,26,137,42,2,44,181
05/04/2008,HLN,MT,ANM,WE,Combination Non-Radar Approach Control & Tower w/o Radar,3,10,8,0,21,0,0,48,25,73,3,10,56,25,94,48,0,48,142
05/05/2008,HLN,MT,ANM,WE,Combination Non-Radar Approach Control & Tower w/o Radar,4,16,7,7,34,0,3,75,11,89,4,19,82,18,123,128,12,140,263
05/06/2008,HLN,MT,ANM,WE,Combination Non-Radar Approach Control & Tower w/o Radar,4,14,0,5,23,0,6,47,10,63,4,20,47,15,86,80,4,84,170
05/07/2008,HLN,MT,ANM,WE,Combination Non-Radar Approach Control & Tower w/o Radar,4,17,16,0,37,0,5,8,0,13,4,22,24,0,50,10,0,10,60
05/08/2008,HLN,MT,ANM,WE,Combination Non-Radar Approach Control & Tower w/o Radar,4,16,12,5,37,0,0,32,19,51,4,16,44,24,88,42,2,44,132
05/09/2008,HLN,MT,ANM,WE,Combination Non-Radar Approach Control & Tower w/o Radar,3,17,13,13,46,0,6,17,9,32,3,23,30,22,78,18,14,32,110
05/10/2008,HLN,MT,ANM,WE,Combination Non-Radar Approach Control & Tower w/o Radar,3,9,5,2,19,0,2,57,0,59,3,11,62,2,78,46,0,46,124
05/11/2008,HLN,MT,ANM,WE,Combination Non-Radar Approach Control & Tower w/o Radar,3,9,7,0,19,0,0,14,0,14,3,9,21,0,33,0,0,0,33
05/12/2008,HLN,MT,ANM,WE,Combination Non-Radar Approach Control & Tower w/o Radar,4,20,4,4,32,0,0,10,20,30,4,20,14,24,62,4,42,46,108
05/13/2008,HLN,MT,ANM,WE,Combination Non-Radar Approach Control & Tower w/o Radar,4,16,10,5,35,0,10,43,3,56,4,26,53,8,91,84,16,100,191
05/14/2008,HLN,MT,ANM,WE,Combination Non-Radar Approach Control & Tower w/o Radar,4,20,12,1,37,0,5,16,18,39,4,25,28,19,76,48,18,66,142
05/15/2008,HLN,MT,ANM,WE,Combination Non-Radar Approach Control & Tower w/o Radar,3,19,13,7,42,0,10,72,19,101,3,29,85,26,143,116,24,140,283
05/16/2008,HLN,MT,ANM,WE,Combination Non-Radar Approach Control & Tower w/o Radar,3,18,9,8,38,0,2,74,22,98,3,20,83,30,136,34,26,60,196
05/17/2008,HLN,MT,ANM,WE,Combination Non-Radar Approach Control & Tower w/o Radar,4,9,4,0,17,0,4,65,6,75,4,13,69,6,92,60,2,62,154
05/18/2008,HLN,MT,ANM,WE,Combination Non-Radar Approach Control & Tower w/o Radar,3,6,4,3,16,0,0,27,0,27,3,6,31,3,43,26,0,26,69
05/19/2008,HLN,MT,ANM,WE,Combination Non-Radar Approach Control & Tower w/o Radar,4,17,14,8,43,0,2,52,12,66,4,19,66,20,109,66,12,78,187
05/20/2008,HLN,MT,ANM,WE,Combination Non-Radar Approach Control & Tower w/o Radar,4,17,12,4,37,0,1,48,20,69,4,18,60,24,106,36,8,44,150
05/21/2008,HLN,MT,ANM,WE,Combination Non-Radar Approach Control & Tower w/o Radar,4,17,16,7,44,0,3,12,13,28,4,20,28,20,72,16,6,22,94
05/22/2008,HLN,MT,ANM,WE,Combination Non-Radar Approach Control & Tower w/o Radar,4,18,18,2,42,0,5,8,8,21,4,23,26,10,63,0,6,6,69
05/23/2008,HLN,MT,ANM,WE,Combination Non-Radar Approach Control & Tower w/o Radar,3,17,12,4,36,0,0,8,8,16,3,17,20,12,52,12,4,16,68
05/24/2008,HLN,MT,ANM,WE,Combination Non-Radar Approach Control & Tower w/o Radar,4,12,10,0,26,0,0,11,0,11,4,12,21,0,37,20,0,20,57
05/25/2008,HLN,MT,ANM,WE,Combination Non-Radar Approach Control & Tower w/o Radar,3,7,4,0,14,0,0,19,0,19,3,7,23,0,33,6,0,6,39
05/26/2008,HLN,MT,ANM,WE,Combination Non-Radar Approach Control & Tower w/o Radar,1,12,16,3,32,0,0,0,0,0,1,12,16,3,32,18,0,18,50
05/27/2008,HLN,MT,ANM,WE,Combination Non-Radar Approach Control & Tower w/o Radar,6,16,7,0,29,0,0,32,12,44,6,16,39,12,73,18,10,28,101
05/28/2008,HLN,MT,ANM,WE,Combination Non-Radar Approach Control & Tower w/o Radar,3,21,18,2,44,0,1,60,14,75,3,22,78,16,119,40,0,40,159
05/29/2008,HLN,MT,ANM,WE,Combination Non-Radar Approach Control & Tower w/o Radar,4,17,7,0,28,0,5,51,14,70,4,22,58,14,98,58,6,64,162
05/30/2008,HLN,MT,ANM,WE,Combination Non-Radar Approach Control & Tower w/o Radar,5,23,13,7,48,0,4,53,13,70,5,27,66,20,118,34,14,48,166
05/31/2008,HLN,MT,ANM,WE,Combination Non-Radar Approach Control & Tower w/o Radar,3,7,0,3,13,0,1,70,11,82,3,8,70,14,95,58,0,58,153
06/01/2008,HLN,MT,ANM,WE,Combination Non-Radar Approach Control & Tower w/o Radar,3,6,3,1,13,0,1,49,0,50,3,7,52,1,63,70,0,70,133
06/02/2008,HLN,MT,ANM,WE,Combination Non-Radar Approach Control & Tower w/o Radar,4,11,12,2,29,0,5,27,0,32,4,16,39,2,61,28,0,28,89
06/03/2008,HLN,MT,ANM,WE,Combination Non-Radar Approach Control & Tower w/o Radar,4,20,7,3,34,0,0,43,15,58,4,20,50,18,92,68,4,72,164
06/04/2008,HLN,MT,ANM,WE,Combination Non-Radar Approach Control & Tower w/o Radar,3,21,8,1,33,0,0,0,4,4,3,21,8,5,37,0,2,2,39
06/05/2008,HLN,MT,ANM,WE,Combination Non-Radar Approach Control & Tower w/o Radar,3,25,12,0,40,0,2,34,0,36,3,27,46,0,76,52,0,52,128
06/06/2008,HLN,MT,ANM,WE,Combination Non-Radar Approach Control & Tower w/o Radar,3,23,17,2,45,0,0,30,27,57,3,23,47,29,102,44,12,56,158
06/07/2008,HLN,MT,ANM,WE,Combination Non-Radar Approach Control & Tower w/o Radar,3,15,9,2,29,0,0,22,22,44,3,15,31,24,73,36,0,36,109
06/08/2008,HLN,MT,ANM,WE,Combination Non-Radar Approach Control & Tower w/o Radar,3,10,4,3,20,0,0,8,33,41,3,10,12,36,61,0,4,4,65
06/09/2008,HLN,MT,ANM,WE,Combination Non-Radar Approach Control & Tower w/o Radar,3,24,8,2,37,0,2,68,32,102,3,26,76,34,139,58,8,66,205
06/10/2008,HLN,MT,ANM,WE,Combination Non-Radar Approach Control & Tower w/o Radar,5,20,24,0,49,0,1,9,8,18,5,21,33,8,67,14,0,14,81
06/11/2008,HLN,MT,ANM,WE,Combination Non-Radar Approach Control & Tower w/o Radar,4,23,13,0,40,0,3,5,30,38,4,26,18,30,78,16,2,18,96
06/12/2008,HLN,MT,ANM,WE,Combination Non-Radar Approach Control & Tower w/o Radar,6,19,9,6,40,0,4,23,10,37,6,23,32,16,77,52,0,52,129
06/13/2008,HLN,MT,ANM,WE,Combination Non-Radar Approach Control & Tower w/o Radar,6,23,14,4,47,0,2,58,16,76,6,25,72,20,123,52,4,56,179
06/14/2008,HLN,MT,ANM,WE,Combination Non-Radar Approach Control & Tower w/o Radar,4,15,5,6,30,0,0,48,20,68,4,15,53,26,98,24,10,34,132
06/15/2008,HLN,MT,ANM,WE,Combination Non-Radar Approach Control & Tower w/o Radar,3,12,5,0,20,0,1,58,32,91,3,13,63,32,111,50,0,50,161
06/16/2008,HLN,MT,ANM,WE,Combination Non-Radar Approach Control & Tower w/o Radar,6,17,8,0,31,0,3,70,4,77,6,20,78,4,108,92,0,92,200
06/17/2008,HLN,MT,ANM,WE,Combination Non-Radar Approach Control & Tower w/o Radar,6,23,6,2,37,0,8,59,14,81,6,31,65,16,118,58,6,64,182
06/18/2008,HLN,MT,ANM,WE,Combination Non-Radar Approach Control & Tower w/o Radar,8,23,17,1,49,0,9,75,14,98,8,32,92,15,147,48,4,52,199
06/19/2008,HLN,MT,ANM,WE,Combination Non-Radar Approach Control & Tower w/o Radar,5,20,8,1,34,0,4,57,17,78,5,24,65,18,112,84,10,94,206
06/20/2008,HLN,MT,ANM,WE,Combination Non-Radar Approach Control & Tower w/o Radar,5,26,11,3,45,0,3,66,4,73,5,29,77,7,118,32,0,32,150
06/21/2008,HLN,MT,ANM,WE,Combination Non-Radar Approach Control & Tower w/o Radar,4,12,5,3,24,0,2,51,1,54,4,14,56,4,78,44,0,44,122
06/22/2008,HLN,MT,ANM,WE,Combination Non-Radar Approach Control & Tower w/o Radar,3,13,4,0,20,0,2,26,2,30,3,15,30,2,50,16,0,16,66
06/23/2008,HLN,MT,ANM,WE,Combination Non-Radar Approach Control & Tower w/o Radar,6,19,10,2,37,0,3,65,15,83,6,22,75,17,120,90,2,92,212
06/24/2008,HLN,MT,ANM,WE,Combination Non-Radar Approach Control & Tower w/o Radar,6,21,5,0,32,0,0,63,14,77,6,21,68,14,109,104,0,104,213
06/25/2008,HLN,MT,ANM,WE,Combination Non-Radar Approach Control & Tower w/o Radar,6,26,9,3,44,0,4,96,16,116,6,30,105,19,160,110,2,112,272
06/26/2008,HLN,MT,ANM,WE,Combination Non-Radar Approach Control & Tower w/o Radar,6,20,14,2,42,0,2,60,20,82,6,22,74,22,124,78,10,88,212
06/27/2008,HLN,MT,ANM,WE,Combination Non-Radar Approach Control & Tower w/o Radar,5,21,11,2,39,0,3,94,14,111,5,24,105,16,150,54,6,60,210
06/28/2008,HLN,MT,ANM,WE,Combination Non-Radar Approach Control & Tower w/o Radar,4,14,7,0,25,0,1,72,0,73,4,15,79,0,98,20,0,20,118
06/29/2008,HLN,MT,ANM,WE,Combination Non-Radar Approach Control & Tower w/o Radar,3,11,3,0,17,0,2,67,2,71,3,13,70,2,88,44,0,44,132
06/30/2008,HLN,MT,ANM,WE,Combination Non-Radar Approach Control & Tower w/o Radar,4,20,7,7,38,0,0,60,15,75,4,20,67,22,113,32,6,38,151
07/01/2008,HLN,MT,ANM,WE,Combination Non-Radar Approach Control & Tower w/o Radar,5,22,8,0,35,0,2,53,13,68,5,24,61,13,103,30,4,34,137
07/02/2008,HLN,MT,ANM,WE,Combination Non-Radar Approach Control & Tower w/o Radar,6,22,14,0,42,0,1,56,0,57,6,23,70,0,99,52,0,52,151
07/03/2008,HLN,MT,ANM,WE,Combination Non-Radar Approach Control & Tower w/o Radar,5,22,9,2,38,0,2,65,0,67,5,24,74,2,105,52,0,52,157
07/04/2008,HLN,MT,ANM,WE,Combination Non-Radar Approach Control & Tower w/o Radar,4,10,45,0,59,0,0,0,0,0,4,10,45,0,59,26,0,26,85
07/05/2008,HLN,MT,ANM,WE,Combination Non-Radar Approach Control & Tower w/o Radar,4,13,4,0,21,0,0,46,0,46,4,13,50,0,67,42,0,42,109
07/06/2008,HLN,MT,ANM,WE,Combination Non-Radar Approach Control & Tower w/o Radar,3,16,11,0,30,0,1,40,0,41,3,17,51,0,71,10,0,10,81
07/07/2008,HLN,MT,ANM,WE,Combination Non-Radar Approach Control & Tower w/o Radar,6,18,7,2,33,0,4,66,6,76,6,22,73,8,109,54,8,62,171
07/08/2008,HLN,MT,ANM,WE,Combination Non-Radar Approach Control & Tower w/o Radar,6,25,8,2,41,0,0,68,15,83,6,25,76,17,124,86,0,86,210
07/09/2008,HLN,MT,ANM,WE,Combination Non-Radar Approach Control & Tower w/o Radar,6,26,9,2,43,0,0,78,12,90,6,26,87,14,133,56,0,56,189
07/10/2008,HLN,MT,ANM,WE,Combination Non-Radar Approach Control & Tower w/o Radar,5,21,11,0,37,0,6,67,9,82,5,27,78,9,119,42,8,50,169
07/11/2008,HLN,MT,ANM,WE,Combination Non-Radar Approach Control & Tower w/o Radar,6,20,6,2,34,0,4,55,6,65,6,24,61,8,99,80,2,82,181
07/12/2008,HLN,MT,ANM,WE,Combination Non-Radar Approach Control & Tower w/o Radar,4,14,6,0,24,4,2,87,2,95,8,16,93,2,119,26,2,28,147
07/13/2008,HLN,MT,ANM,WE,Combination Non-Radar Approach Control & Tower w/o Radar,4,9,4,1,18,0,5,67,4,76,4,14,71,5,94,86,2,88,182
07/14/2008,HLN,MT,ANM,WE,Combination Non-Radar Approach Control & Tower w/o Radar,6,20,10,0,36,0,4,50,10,64,6,24,60,10,100,70,0,70,170
07/15/2008,HLN,MT,ANM,WE,Combination Non-Radar Approach Control & Tower w/o Radar,6,20,10,6,42,0,6,74,4,84,6,26,84,10,126,144,4,148,274
07/16/2008,HLN,MT,ANM,WE,Combination Non-Radar Approach Control & Tower w/o Radar,6,22,17,2,47,6,3,69,9,87,12,25,86,11,134,74,8,82,216
07/17/2008,HLN,MT,ANM,WE,Combination Non-Radar Approach Control & Tower w/o Radar,5,21,6,3,35,0,1,75,9,85,5,22,81,12,120,32,8,40,160
07/18/2008,HLN,MT,ANM,WE,Combination Non-Radar Approach Control & Tower w/o Radar,5,20,13,1,39,5,24,89,28,146,10,44,102,29,185,38,30,68,253
07/19/2008,HLN,MT,ANM,WE,Combination Non-Radar Approach Control & Tower w/o Radar,4,17,5,0,26,0,13,79,13,105,4,30,84,13,131,40,0,40,171
07/20/2008,HLN,MT,ANM,WE,Combination Non-Radar Approach Control & Tower w/o Radar,4,8,3,0,15,0,0,72,0,72,4,8,75,0,87,52,0,52,139
07/21/2008,HLN,MT,ANM,WE,Combination Non-Radar Approach Control & Tower w/o Radar,6,18,8,1,33,0,6,56,9,71,6,24,64,10,104,60,50,110,214
07/22/2008,HLN,MT,ANM,WE,Combination Non-Radar Approach Control & Tower w/o Radar,5,20,8,0,33,0,5,29,13,47,5,25,37,13,80,84,6,90,170
07/23/2008,HLN,MT,ANM,WE,Combination Non-Radar Approach Control & Tower w/o Radar,6,21,3,3,33,0,2,66,17,85,6,23,69,20,118,28,4,32,150
07/24/2008,HLN,MT,ANM,WE,Combination Non-Radar Approach Control & Tower w/o Radar,5,25,7,5,42,0,3,95,17,115,5,28,102,22,157,106,18,124,281
07/25/2008,HLN,MT,ANM,WE,Combination Non-Radar Approach Control & Tower w/o Radar,6,21,11,4,42,0,2,93,16,111,6,23,104,20,153,62,4,66,219
07/26/2008,HLN,MT,ANM,WE,Combination Non-Radar Approach Control & Tower w/o Radar,4,16,2,0,22,4,23,69,0,96,8,39,71,0,118,28,0,28,146
07/27/2008,HLN,MT,ANM,WE,Combination Non-Radar Approach Control & Tower w/o Radar,4,11,5,2,22,0,19,64,2,85,4,30,69,4,107,48,0,48,155
07/28/2008,HLN,MT,ANM,WE,Combination Non-Radar Approach Control & Tower w/o Radar,5,21,4,6,36,0,1,54,9,64,5,22,58,15,100,22,6,28,128
07/29/2008,HLN,MT,ANM,WE,Combination Non-Radar Approach Control & Tower w/o Radar,6,21,2,2,31,0,4,50,14,68,6,25,52,16,99,48,2,50,149
07/30/2008,HLN,MT,ANM,WE,Combination Non-Radar Approach Control & Tower w/o Radar,6,25,4,1,36,0,0,46,15,61,6,25,50,16,97,68,12,80,177
07/31/2008,HLN,MT,ANM,WE,Combination Non-Radar Approach Control & Tower w/o Radar,5,19,18,2,44,0,15,74,11,100,5,34,92,13,144,80,18,98,242
08/01/2008,HLN,MT,ANM,WE,Combination Non-Radar Approach Control & Tower w/o Radar,6,23,9,0,38,0,2,85,12,99,6,25,94,12,137,84,2,86,223
08/02/2008,HLN,MT,ANM,WE,Combination Non-Radar Approach Control & Tower w/o Radar,4,16,6,4,30,0,6,74,8,88,4,22,80,12,118,58,18,76,194
08/03/2008,HLN,MT,ANM,WE,Combination Non-Radar Approach Control & Tower w/o Radar,3,10,2,2,17,0,7,68,3,78,3,17,70,5,95,94,0,94,189
08/04/2008,HLN,MT,ANM,WE,Combination Non-Radar Approach Control & Tower w/o Radar,6,20,8,4,38,0,4,56,6,66,6,24,64,10,104,8,10,18,122
08/05/2008,HLN,MT,ANM,WE,Combination Non-Radar Approach Control & Tower w/o Radar,6,20,6,0,32,0,4,78,10,92,6,24,84,10,124,88,2,90,214
08/06/2008,HLN,MT,ANM,WE,Combination Non-Radar Approach Control & Tower w/o Radar,6,20,13,0,39,6,6,102,22,136,12,26,115,22,175,38,14,52,227
08/07/2008,HLN,MT,ANM,WE,Combination Non-Radar Approach Control & Tower w/o Radar,6,26,13,4,49,0,4,54,7,65,6,30,67,11,114,14,10,24,138
08/08/2008,HLN,MT,ANM,WE,Combination Non-Radar Approach Control & Tower w/o Radar,5,19,5,3,32,0,7,75,20,102,5,26,80,23,134,94,8,102,236
08/09/2008,HLN,MT,ANM,WE,Combination Non-Radar Approach Control & Tower w/o Radar,4,15,4,0,23,0,0,44,0,44,4,15,48,0,67,0,0,0,67
08/10/2008,HLN,MT,ANM,WE,Combination Non-Radar Approach Control & Tower w/o Radar,4,11,6,1,22,0,5,46,0,51,4,16,52,1,73,10,0,10,83
08/11/2008,HLN,MT,ANM,WE,Combination Non-Radar Approach Control & Tower w/o Radar,5,25,6,2,38,0,2,40,11,53,5,27,46,13,91,32,14,46,137
08/12/2008,HLN,MT,ANM,WE,Combination Non-Radar Approach Control & Tower w/o Radar,7,24,6,1,38,0,2,60,28,90,7,26,66,29,128,60,28,88,216
08/13/2008,HLN,MT,ANM,WE,Combination Non-Radar Approach Control & Tower w/o Radar,6,22,7,1,36,6,22,81,13,122,12,44,88,14,158,66,4,70,228
08/14/2008,HLN,MT,ANM,WE,Combination Non-Radar Approach Control & Tower w/o Radar,5,20,7,1,33,0,2,62,23,87,5,22,69,24,120,52,24,76,196
08/15/2008,HLN,MT,ANM,WE,Combination Non-Radar Approach Control & Tower w/o Radar,6,20,11,2,39,0,0,69,20,89,6,20,80,22,128,42,6,48,176
08/16/2008,HLN,MT,ANM,WE,Combination Non-Radar Approach Control & Tower w/o Radar,4,14,1,2,21,0,14,81,2,97,4,28,82,4,118,18,0,18,136
08/17/2008,HLN,MT,ANM,WE,Combination Non-Radar Approach Control & Tower w/o Radar,4,9,6,1,20,0,1,43,6,50,4,10,49,7,70,16,0,16,86
08/18/2008,HLN,MT,ANM,WE,Combination Non-Radar Approach Control & Tower w/o Radar,5,23,8,7,43,0,40,64,7,111,5,63,72,14,154,46,12,58,212
08/19/2008,HLN,MT,ANM,WE,Combination Non-Radar Approach Control & Tower w/o Radar,6,23,15,3,47,0,0,29,16,45,6,23,44,19,92,18,20,38,130
08/20/2008,HLN,MT,ANM,WE,Combination Non-Radar Approach Control & Tower w/o Radar,5,22,10,2,39,0,0,49,3,52,5,22,59,5,91,44,0,44,135
08/21/2008,HLN,MT,ANM,WE,Combination Non-Radar Approach Control & Tower w/o Radar,5,22,6,3,36,0,1,28,11,40,5,23,34,14,76,32,4,36,112
08/22/2008,HLN,MT,ANM,WE,Combination Non-Radar Approach Control & Tower w/o Radar,5,20,16,7,48,0,4,65,24,93,5,24,81,31,141,40,14,54,195
08/23/2008,HLN,MT,ANM,WE,Combination Non-Radar Approach Control & Tower w/o Radar,4,13,13,1,31,0,8,49,24,81,4,21,62,25,112,54,0,54,166
08/24/2008,HLN,MT,ANM,WE,Combination Non-Radar Approach Control & Tower w/o Radar,3,10,2,2,17,0,0,61,7,68,3,10,63,9,85,28,8,36,121
08/25/2008,HLN,MT,ANM,WE,Combination Non-Radar Approach Control & Tower w/o Radar,7,20,10,11,48,7,20,50,10,87,14,40,60,21,135,68,8,76,211
08/26/2008,HLN,MT,ANM,WE,Combination Non-Radar Approach Control & Tower w/o Radar,6,26,9,1,42,0,2,31,14,47,6,28,40,15,89,20,28,48,137
08/27/2008,HLN,MT,ANM,WE,Combination Non-Radar Approach Control & Tower w/o Radar,7,19,6,2,34,0,3,32,2,37,7,22,38,4,71,62,8,70,141
08/28/2008,HLN,MT,ANM,WE,Combination Non-Radar Approach Control & Tower w/o Radar,8,20,12,0,40,0,1,43,13,57,8,21,55,13,97,34,14,48,145
08/29/2008,HLN,MT,ANM,WE,Combination Non-Radar Approach Control & Tower w/o Radar,7,23,11,4,45,0,0,83,17,100,7,23,94,21,145,112,6,118,263
08/30/2008,HLN,MT,ANM,WE,Combination Non-Radar Approach Control & Tower w/o Radar,6,12,3,0,21,0,0,48,0,48,6,12,51,0,69,32,0,32,101
08/31/2008,HLN,MT,ANM,WE,Combination Non-Radar Approach Control & Tower w/o Radar,6,8,2,0,16,0,0,8,0,8,6,8,10,0,24,0,0,0,24
09/01/2008,HLN,MT,ANM,WE,Combination Non-Radar Approach Control & Tower w/o Radar,6,16,5,0,27,0,0,0,0,0,6,16,5,0,27,0,0,0,27
09/02/2008,HLN,MT,ANM,WE,Combination Non-Radar Approach Control & Tower w/o Radar,4,20,8,0,32,0,1,39,3,43,4,21,47,3,75,14,0,14,89
09/03/2008,HLN,MT,ANM,WE,Combination Non-Radar Approach Control & Tower w/o Radar,6,19,8,0,33,0,6,36,2,44,6,25,44,2,77,54,0,54,131
09/04/2008,HLN,MT,ANM,WE,Combination Non-Radar Approach Control & Tower w/o Radar,6,20,13,1,40,6,6,38,18,68,12,26,51,19,108,24,18,42,150
09/05/2008,HLN,MT,ANM,WE,Combination Non-Radar Approach Control & Tower w/o Radar,6,22,16,2,46,0,2,63,28,93,6,24,79,30,139,22,10,32,171
09/06/2008,HLN,MT,ANM,WE,Combination Non-Radar Approach Control & Tower w/o Radar,6,13,7,9,35,0,2,61,21,84,6,15,68,30,119,54,28,82,201
09/07/2008,HLN,MT,ANM,WE,Combination Non-Radar Approach Control & Tower w/o Radar,6,9,4,1,20,0,2,55,5,62,6,11,59,6,82,6,20,26,108
09/08/2008,HLN,MT,ANM,WE,Combination Non-Radar Approach Control & Tower w/o Radar,6,18,10,1,35,0,0,50,11,61,6,18,60,12,96,32,0,32,128
09/09/2008,HLN,MT,ANM,WE,Combination Non-Radar Approach Control & Tower w/o Radar,6,19,13,4,42,0,5,55,8,68,6,24,68,12,110,42,6,48,158
09/10/2008,HLN,MT,ANM,WE,Combination Non-Radar Approach Control & Tower w/o Radar,6,20,23,2,51,0,3,21,10,34,6,23,44,12,85,28,14,42,127
09/11/2008,HLN,MT,ANM,WE,Combination Non-Radar Approach Control & Tower w/o Radar,6,23,7,5,41,0,0,40,13,53,6,23,47,18,94,20,8,28,122
09/12/2008,HLN,MT,ANM,WE,Combination Non-Radar Approach Control & Tower w/o Radar,6,19,12,2,39,0,1,69,1,71,6,20,81,3,110,72,8,80,190
09/13/2008,HLN,MT,ANM,WE,Combination Non-Radar Approach Control & Tower w/o Radar,6,12,11,0,29,0,1,55,4,60,6,13,66,4,89,40,0,40,129
09/14/2008,HLN,MT,ANM,WE,Combination Non-Radar Approach Control & Tower w/o Radar,6,10,10,0,26,0,1,35,1,37,6,11,45,1,63,24,0,24,87
09/15/2008,HLN,MT,ANM,WE,Combination Non-Radar Approach Control & Tower w/o Radar,6,15,6,4,31,0,4,52,17,73,6,19,58,21,104,24,26,50,154
09/16/2008,HLN,MT,ANM,WE,Combination Non-Radar Approach Control & Tower w/o Radar,6,23,12,3,44,0,4,79,13,96,6,27,91,16,140,52,20,72,212
09/17/2008,HLN,MT,ANM,WE,Combination Non-Radar Approach Control & Tower w/o Radar,6,21,7,3,37,0,6,64,18,88,6,27,71,21,125,64,24,88,213
09/18/2008,HLN,MT,ANM,WE,Combination Non-Radar Approach Control & Tower w/o Radar,6,24,8,3,41,0,14,80,21,115,6,38,88,24,156,18,34,52,208
09/19/2008,HLN,MT,ANM,WE,Combination Non-Radar Approach Control & Tower w/o Radar,6,17,6,7,36,0,2,79,14,95,6,19,85,21,131,50,50,100,231
09/20/2008,HLN,MT,ANM,WE,Combination Non-Radar Approach Control & Tower w/o Radar,6,12,3,2,23,0,2,51,2,55,6,14,54,4,78,14,4,18,96
09/21/2008,HLN,MT,ANM,WE,Combination Non-Radar Approach Control & Tower w/o Radar,6,9,4,0,19,0,0,16,0,16,6,9,20,0,35,22,0,22,57
09/22/2008,HLN,MT,ANM,WE,Combination Non-Radar Approach Control & Tower w/o Radar,6,20,3,3,32,0,0,23,15,38,6,20,26,18,70,58,40,98,168
09/23/2008,HLN,MT,ANM,WE,Combination Non-Radar Approach Control & Tower w/o Radar,6,20,10,0,36,0,7,24,7,38,6,27,34,7,74,32,30,62,136
09/24/2008,HLN,MT,ANM,WE,Combination Non-Radar Approach Control & Tower w/o Radar,6,27,6,2,41,0,0,52,18,70,6,27,58,20,111,22,26,48,159
09/25/2008,HLN,MT,ANM,WE,Combination Non-Radar Approach Control & Tower w/o Radar,6,19,10,5,40,0,2,50,27,79,6,21,60,32,119,44,2,46,165
09/26/2008,HLN,MT,ANM,WE,Combination Non-Radar Approach Control & Tower w/o Radar,6,22,10,4,42,0,7,72,8,87,6,29,82,12,129,68,12,80,209
09/27/2008,HLN,MT,ANM,WE,Combination Non-Radar Approach Control & Tower w/o Radar,6,11,3,0,20,0,1,51,0,52,6,12,54,0,72,14,0,14,86
09/28/2008,HLN,MT,ANM,WE,Combination Non-Radar Approach Control & Tower w/o Radar,6,13,10,0,29,0,1,50,0,51,6,14,60,0,80,52,0,52,132
09/29/2008,HLN,MT,ANM,WE,Combination Non-Radar Approach Control & Tower w/o Radar,6,21,11,2,40,0,2,73,20,95,6,23,84,22,135,60,24,84,219
09/30/2008,HLN,MT,ANM,WE,Combination Non-Radar Approach Control & Tower w/o Radar,6,22,3,1,32,0,7,59,11,77,6,29,62,12,109,90,4,94,203
10/01/2008,HLN,MT,ANM,WE,Combination Non-Radar Approach Control & Tower w/o Radar,4,20,6,2,32,0,8,74,6,88,4,28,80,8,120,76,0,76,196
10/02/2008,HLN,MT,ANM,WE,Combination Non-Radar Approach Control & Tower w/o Radar,6,23,14,5,48,0,3,62,7,72,6,26,76,12,120,80,0,80,200
10/03/2008,HLN,MT,ANM,WE,Combination Non-Radar Approach Control & Tower w/o Radar,6,23,12,3,44,0,1,39,33,73,6,24,51,36,117,70,12,82,199
10/04/2008,HLN,MT,ANM,WE,Combination Non-Radar Approach Control & Tower w/o Radar,4,12,4,0,20,0,0,7,13,20,4,12,11,13,40,26,2,28,68
10/05/2008,HLN,MT,ANM,WE,Combination Non-Radar Approach Control & Tower w/o Radar,6,9,6,3,24,0,0,20,5,25,6,9,26,8,49,20,4,24,73
10/06/2008,HLN,MT,ANM,WE,Combination Non-Radar Approach Control & Tower w/o Radar,6,17,9,1,33,0,2,25,5,32,6,19,34,6,65,12,4,16,81
10/07/2008,HLN,MT,ANM,WE,Combination Non-Radar Approach Control & Tower w/o Radar,6,22,9,0,37,0,0,27,20,47,6,22,36,20,84,24,24,48,132
10/08/2008,HLN,MT,ANM,WE,Combination Non-Radar Approach Control & Tower w/o Radar,6,17,9,0,32,0,0,31,12,43,6,17,40,12,75,10,14,24,99
10/09/2008,HLN,MT,ANM,WE,Combination Non-Radar Approach Control & Tower w/o Radar,6,18,10,1,35,0,1,40,16,57,6,19,50,17,92,52,20,72,164
10/10/2008,HLN,MT,ANM,WE,Combination Non-Radar Approach Control & Tower w/o Radar,6,21,13,0,40,0,0,8,0,8,6,21,21,0,48,0,0,0,48
10/11/2008,HLN,MT,ANM,WE,Combination Non-Radar Approach Control & Tower w/o Radar,6,14,2,0,22,0,0,2,0,2,6,14,4,0,24,0,0,0,24
10/12/2008,HLN,MT,ANM,WE,Combination Non-Radar Approach Control & Tower w/o Radar,6,9,1,0,16,0,0,0,0,0,6,9,1,0,16,0,0,0,16
10/13/2008,HLN,MT,ANM,WE,Combination Non-Radar Approach Control & Tower w/o Radar,6,20,13,0,39,0,3,49,0,52,6,23,62,0,91,70,0,70,161
10/14/2008,HLN,MT,ANM,WE,Combination Non-Radar Approach Control & Tower w/o Radar,6,18,7,0,31,0,2,17,9,28,6,20,24,9,59,18,22,40,99
10/15/2008,HLN,MT,ANM,WE,Combination Non-Radar Approach Control & Tower w/o Radar,8,20,10,2,40,0,7,58,15,80,8,27,68,17,120,126,10,136,256
10/16/2008,HLN,MT,ANM,WE,Combination Non-Radar Approach Control & Tower w/o Radar,6,23,13,4,46,0,2,43,14,59,6,25,56,18,105,20,16,36,141
10/17/2008,HLN,MT,ANM,WE,Combination Non-Radar Approach Control & Tower w/o Radar,6,21,9,6,42,0,3,79,20,102,6,24,88,26,144,86,26,112,256
10/18/2008,HLN,MT,ANM,WE,Combination Non-Radar Approach Control & Tower w/o Radar,6,13,9,0,28,0,1,41,6,48,6,14,50,6,76,44,2,46,122
10/19/2008,HLN,MT,ANM,WE,Combination Non-Radar Approach Control & Tower w/o Radar,6,11,6,0,23,0,2,36,0,38,6,13,42,0,61,2,0,2,63
10/20/2008,HLN,MT,ANM,WE,Combination Non-Radar Approach Control & Tower w/o Radar,6,17,14,5,42,0,4,18,9,31,6,21,32,14,73,12,12,24,97
10/21/2008,HLN,MT,ANM,WE,Combination Non-Radar Approach Control & Tower w/o Radar,6,16,14,2,38,0,0,11,21,32,6,16,25,23,70,16,22,38,108
10/22/2008,HLN,MT,ANM,WE,Combination Non-Radar Approach Control & Tower w/o Radar,6,17,8,0,31,0,2,45,18,65,6,19,53,18,96,46,50,96,192
10/23/2008,HLN,MT,ANM,WE,Combination Non-Radar Approach Control & Tower w/o Radar,6,18,5,13,42,0,6,49,27,82,6,24,54,40,124,30,58,88,212
10/24/2008,HLN,MT,ANM,WE,Combination Non-Radar Approach Control & Tower w/o Radar,6,20,18,6,50,0,0,66,20,86,6,20,84,26,136,66,34,100,236
10/25/2008,HLN,MT,ANM,WE,Combination Non-Radar Approach Control & Tower w/o Radar,6,10,5,0,21,0,2,28,0,30,6,12,33,0,51,2,0,2,53
10/26/2008,HLN,MT,ANM,WE,Combination Non-Radar Approach Control & Tower w/o Radar,6,10,6,0,22,0,0,37,0,37,6,10,43,0,59,14,0,14,73
10/27/2008,HLN,MT,ANM,WE,Combination Non-Radar Approach Control & Tower w/o Radar,6,18,18,5,47,0,6,72,17,95,6,24,90,22,142,62,4,66,208
10/28/2008,HLN,MT,ANM,WE,Combination Non-Radar Approach Control & Tower w/o Radar,6,16,6,0,28,0,3,71,1,75,6,19,77,1,103,58,0,58,161
10/29/2008,HLN,MT,ANM,WE,Combination Non-Radar Approach Control & Tower w/o Radar,6,20,12,2,40,0,3,64,4,71,6,23,76,6,111,44,0,44,155
10/30/2008,HLN,MT,ANM,WE,Combination Non-Radar Approach Control & Tower w/o Radar,6,20,11,0,37,0,2,43,0,45,6,22,54,0,82,12,0,12,94
10/31/2008,HLN,MT,ANM,WE,Combination Non-Radar Approach Control & Tower w/o Radar,5,20,9,4,38,0,0,44,14,58,5,20,53,18,96,70,20,90,186
11/01/2008,HLN,MT,ANM,WE,Combination Non-Radar Approach Control & Tower w/o Radar,6,13,4,0,23,0,0,39,2,41,6,13,43,2,64,12,0,12,76
11/02/2008,HLN,MT,ANM,WE,Combination Non-Radar Approach Control & Tower w/o Radar,6,11,6,0,23,0,0,16,4,20,6,11,22,4,43,18,2,20,63
11/03/2008,HLN,MT,ANM,WE,Combination Non-Radar Approach Control & Tower w/o Radar,6,17,12,0,35,0,2,31,8,41,6,19,43,8,76,18,0,18,94
11/04/2008,HLN,MT,ANM,WE,Combination Non-Radar Approach Control & Tower w/o Radar,6,18,13,0,37,0,5,16,19,40,6,23,29,19,77,34,44,78,155
11/05/2008,HLN,MT,ANM,WE,Combination Non-Radar Approach Control & Tower w/o Radar,6,23,9,2,40,0,1,5,6,12,6,24,14,8,52,0,0,0,52
11/06/2008,HLN,MT,ANM,WE,Combination Non-Radar Approach Control & Tower w/o Radar,6,16,12,1,35,0,1,64,15,80,6,17,76,16,115,44,12,56,171
11/07/2008,HLN,MT,ANM,WE,Combination Non-Radar Approach Control & Tower w/o Radar,6,19,6,2,33,0,1,16,8,25,6,20,22,10,58,22,12,34,92
11/08/2008,HLN,MT,ANM,WE,Combination Non-Radar Approach Control & Tower w/o Radar,6,14,2,0,22,0,0,0,0,0,6,14,2,0,22,0,0,0,22
11/09/2008,HLN,MT,ANM,WE,Combination Non-Radar Approach Control & Tower w/o Radar,6,9,4,0,19,0,0,0,0,0,6,9,4,0,19,0,0,0,19
11/10/2008,HLN,MT,ANM,WE,Combination Non-Radar Approach Control & Tower w/o Radar,6,16,11,3,36,0,2,31,7,40,6,18,42,10,76,36,18,54,130
11/11/2008,HLN,MT,ANM,WE,Combination Non-Radar Approach Control & Tower w/o Radar,6,22,4,0,32,0,3,40,4,47,6,25,44,4,79,16,0,16,95
11/12/2008,HLN,MT,ANM,WE,Combination Non-Radar Approach Control & Tower w/o Radar,6,18,16,1,41,0,0,13,1,14,6,18,29,2,55,62,0,62,117
11/13/2008,HLN,MT,ANM,WE,Combination Non-Radar Approach Control & Tower w/o Radar,6,23,13,0,42,0,0,12,10,22,6,23,25,10,64,0,8,8,72
11/14/2008,HLN,MT,ANM,WE,Combination Non-Radar Approach Control & Tower w/o Radar,6,18,17,6,47,0,2,68,16,86,6,20,85,22,133,18,6,24,157
11/15/2008,HLN,MT,ANM,WE,Combination Non-Radar Approach Control & Tower w/o Radar,6,12,6,0,24,0,0,30,6,36,6,12,36,6,60,36,0,36,96
11/16/2008,HLN,MT,ANM,WE,Combination Non-Radar Approach Control & Tower w/o Radar,6,10,7,0,23,0,0,53,0,53,6,10,60,0,76,26,0,26,102
11/17/2008,HLN,MT,ANM,WE,Combination Non-Radar Approach Control & Tower w/o Radar,6,19,15,2,42,0,3,51,7,61,6,22,66,9,103,66,4,70,173
11/18/2008,HLN,MT,ANM,WE,Combination Non-Radar Approach Control & Tower w/o Radar,6,21,6,2,35,0,0,42,18,60,6,21,48,20,95,32,2,34,129
11/19/2008,HLN,MT,ANM,WE,Combination Non-Radar Approach Control & Tower w/o Radar,6,16,12,2,36,6,2,10,17,35,12,18,22,19,71,42,10,52,123
11/20/2008,HLN,MT,ANM,WE,Combination Non-Radar Approach Control & Tower w/o Radar,6,21,12,2,41,0,3,40,22,65,6,24,52,24,106,58,38,96,202
11/21/2008,HLN,MT,ANM,WE,Combination Non-Radar Approach Control & Tower w/o Radar,6,16,6,2,30,0,2,13,11,26,6,18,19,13,56,2,10,12,68
11/22/2008,HLN,MT,ANM,WE,Combination Non-Radar Approach Control & Tower w/o Radar,6,12,1,0,19,0,3,21,0,24,6,15,22,0,43,32,0,32,75
11/23/2008,HLN,MT,ANM,WE,Combination Non-Radar Approach Control & Tower w/o Radar,6,10,3,1,20,0,0,23,0,23,6,10,26,1,43,56,4,60,103
11/24/2008,HLN,MT,ANM,WE,Combination Non-Radar Approach Control & Tower w/o Radar,6,19,7,6,38,0,0,57,22,79,6,19,64,28,117,68,16,84,201
11/25/2008,HLN,MT,ANM,WE,Combination Non-Radar Approach Control & Tower w/o Radar,6,21,5,4,36,0,0,79,11,90,6,21,84,15,126,102,14,116,242
11/26/2008,HLN,MT,ANM,WE,Combination Non-Radar Approach Control & Tower w/o Radar,6,15,5,12,38,0,2,33,5,40,6,17,38,17,78,24,4,28,106
11/27/2008,HLN,MT,ANM,WE,Combination Non-Radar Approach Control & Tower w/o Radar,6,8,3,0,17,0,2,24,0,26,6,10,27,0,43,4,0,4,47
11/28/2008,HLN,MT,ANM,WE,Combination Non-Radar Approach Control & Tower w/o Radar,6,15,6,0,27,0,4,20,0,24,6,19,26,0,51,14,0,14,65
11/29/2008,HLN,MT,ANM,WE,Combination Non-Radar Approach Control & Tower w/o Radar,6,15,6,0,27,0,0,15,0,15,6,15,21,0,42,8,0,8,50
11/30/2008,HLN,MT,ANM,WE,Combination Non-Radar Approach Control & Tower w/o Radar,6,13,0,0,19,0,0,17,0,17,6,13,17,0,36,18,0,18,54
12/01/2008,HLN,MT,ANM,WE,Combination Non-Radar Approach Control & Tower w/o Radar,6,22,10,4,42,0,12,20,10,42,6,34,30,14,84,44,6,50,134
12/02/2008,HLN,MT,ANM,WE,Combination Non-Radar Approach Control & Tower w/o Radar,6,20,5,1,32,0,0,0,0,0,6,20,5,1,32,0,0,0,32
12/03/2008,HLN,MT,ANM,WE,Combination Non-Radar Approach Control & Tower w/o Radar,6,18,15,2,41,0,0,0,0,0,6,18,15,2,41,32,0,32,73
12/04/2008,HLN,MT,ANM,WE,Combination Non-Radar Approach Control & Tower w/o Radar,7,20,10,1,38,0,0,31,10,41,7,20,41,11,79,44,6,50,129
12/05/2008,HLN,MT,ANM,WE,Combination Non-Radar Approach Control & Tower w/o Radar,6,20,11,6,43,0,0,13,9,22,6,20,24,15,65,42,4,46,111
12/06/2008,HLN,MT,ANM,WE,Combination Non-Radar Approach Control & Tower w/o Radar,8,15,3,0,26,0,0,33,4,37,8,15,36,4,63,18,0,18,81
12/07/2008,HLN,MT,ANM,WE,Combination Non-Radar Approach Control & Tower w/o Radar,6,9,3,0,18,0,0,10,0,10,6,9,13,0,28,24,0,24,52
12/08/2008,HLN,MT,ANM,WE,Combination Non-Radar Approach Control & Tower w/o Radar,6,20,10,3,39,0,5,25,19,49,6,25,35,22,88,96,2,98,186
12/09/2008,HLN,MT,ANM,WE,Combination Non-Radar Approach Control & Tower w/o Radar,6,15,12,1,34,0,0,32,17,49,6,15,44,18,83,98,0,98,181
12/10/2008,HLN,MT,ANM,WE,Combination Non-Radar Approach Control & Tower w/o Radar,6,20,6,2,34,0,2,31,10,43,6,22,37,12,77,66,16,82,159
12/11/2008,HLN,MT,ANM,WE,Combination Non-Radar Approach Control & Tower w/o Radar,6,22,3,3,34,6,3,30,12,51,12,25,33,15,85,102,6,108,193
12/12/2008,HLN,MT,ANM,WE,Combination Non-Radar Approach Control & Tower w/o Radar,6,22,10,1,39,0,0,20,9,29,6,22,30,10,68,20,2,22,90
12/13/2008,HLN,MT,ANM,WE,Combination Non-Radar Approach Control & Tower w/o Radar,6,13,1,0,20,0,0,0,0,0,6,13,1,0,20,0,0,0,20
12/14/2008,HLN,MT,ANM,WE,Combination Non-Radar Approach Control & Tower w/o Radar,5,14,3,0,22,0,0,0,0,0,5,14,3,0,22,0,0,0,22
12/15/2008,HLN,MT,ANM,WE,Combination Non-Radar Approach Control & Tower w/o Radar,5,16,8,4,33,0,0,12,0,12,5,16,20,4,45,2,12,14,59
12/16/2008,HLN,MT,ANM,WE,Combination Non-Radar Approach Control & Tower w/o Radar,6,23,12,2,43,0,0,13,7,20,6,23,25,9,63,0,14,14,77
12/17/2008,HLN,MT,ANM,WE,Combination Non-Radar Approach Control & Tower w/o Radar,8,26,16,3,53,0,3,6,8,17,8,29,22,11,70,0,14,14,84
12/18/2008,HLN,MT,ANM,WE,Combination Non-Radar Approach Control & Tower w/o Radar,10,20,5,1,36,0,0,6,12,18,10,20,11,13,54,18,16,34,88
12/19/2008,HLN,MT,ANM,WE,Combination Non-Radar Approach Control & Tower w/o Radar,6,16,2,0,24,0,0,0,2,2,6,16,2,2,26,0,4,4,30
12/20/2008,HLN,MT,ANM,WE,Combination Non-Radar Approach Control & Tower w/o Radar,7,18,11,2,38,0,0,2,0,2,7,18,13,2,40,0,0,0,40
12/21/2008,HLN,MT,ANM,WE,Combination Non-Radar Approach Control & Tower w/o Radar,1,10,6,0,17,0,0,0,0,0,1,10,6,0,17,0,0,0,17
12/22/2008,HLN,MT,ANM,WE,Combination Non-Radar Approach Control & Tower w/o Radar,2,25,14,0,41,0,0,0,2,2,2,25,14,2,43,0,6,6,49
12/23/2008,HLN,MT,ANM,WE,Combination Non-Radar Approach Control & Tower w/o Radar,6,22,6,2,36,0,0,2,17,19,6,22,8,19,55,0,24,24,79
12/24/2008,HLN,MT,ANM,WE,Combination Non-Radar Approach Control & Tower w/o Radar,6,19,0,0,25,0,2,4,0,6,6,21,4,0,31,14,0,14,45
12/25/2008,HLN,MT,ANM,WE,Combination Non-Radar Approach Control & Tower w/o Radar,6,8,1,0,15,0,0,0,0,0,6,8,1,0,15,0,0,0,15
12/26/2008,HLN,MT,ANM,WE,Combination Non-Radar Approach Control & Tower w/o Radar,5,16,13,0,34,0,16,11,0,27,5,32,24,0,61,20,0,20,81
12/27/2008,HLN,MT,ANM,WE,Combination Non-Radar Approach Control & Tower w/o Radar,4,14,0,1,19,0,0,6,0,6,4,14,6,1,25,12,0,12,37
12/28/2008,HLN,MT,ANM,WE,Combination Non-Radar Approach Control & Tower w/o Radar,6,9,0,1,16,0,0,10,0,10,6,9,10,1,26,4,0,4,30
12/29/2008,HLN,MT,ANM,WE,Combination Non-Radar Approach Control & Tower w/o Radar,6,14,4,0,24,0,0,3,0,3,6,14,7,0,27,2,0,2,29
12/30/2008,HLN,MT,ANM,WE,Combination Non-Radar Approach Control & Tower w/o Radar,5,17,6,4,32,0,0,12,20,32,5,17,18,24,64,0,30,30,94
12/31/2008,HLN,MT,ANM,WE,Combination Non-Radar Approach Control & Tower w/o Radar,6,23,6,1,36,0,0,0,7,7,6,23,6,8,43,0,8,8,51
01/01/2009,HLN,MT,ANM,WE,Combination Non-Radar Approach Control & Tower w/o Radar,6,15,0,0,21,0,0,0,0,0,6,15,0,0,21,0,0,0,21
01/02/2009,HLN,MT,ANM,WE,Combination Non-Radar Approach Control & Tower w/o Radar,4,21,5,0,30,0,0,2,0,2,4,21,7,0,32,0,0,0,32
01/03/2009,HLN,MT,ANM,WE,Combination Non-Radar Approach Control & Tower w/o Radar,5,15,10,0,30,0,0,13,0,13,5,15,23,0,43,20,0,20,63
01/04/2009,HLN,MT,ANM,WE,Combination Non-Radar Approach Control & Tower w/o Radar,6,9,5,0,20,0,0,22,0,22,6,9,27,0,42,30,0,30,72
01/05/2009,HLN,MT,ANM,WE,Combination Non-Radar Approach Control & Tower w/o Radar,6,16,10,3,35,0,0,7,9,16,6,16,17,12,51,0,8,8,59
01/06/2009,HLN,MT,ANM,WE,Combination Non-Radar Approach Control & Tower w/o Radar,6,16,15,0,37,0,2,7,0,9,6,18,22,0,46,30,0,30,76
01/07/2009,HLN,MT,ANM,WE,Combination Non-Radar Approach Control & Tower w/o Radar,6,23,5,0,34,0,0,4,0,4,6,23,9,0,38,0,0,0,38
01/08/2009,HLN,MT,ANM,WE,Combination Non-Radar Approach Control & Tower w/o Radar,6,18,16,0,40,0,0,5,0,5,6,18,21,0,45,2,0,2,47
01/09/2009,HLN,MT,ANM,WE,Combination Non-Radar Approach Control & Tower w/o Radar,6,17,7,2,32,0,0,26,39,65,6,17,33,41,97,28,10,38,135
01/10/2009,HLN,MT,ANM,WE,Combination Non-Radar Approach Control & Tower w/o Radar,6,10,8,0,24,0,0,19,18,37,6,10,27,18,61,38,0,38,99
01/11/2009,HLN,MT,ANM,WE,Combination Non-Radar Approach Control & Tower w/o Radar,6,10,3,1,20,0,0,12,8,20,6,10,15,9,40,8,0,8,48
01/12/2009,HLN,MT,ANM,WE,Combination Non-Radar Approach Control & Tower w/o Radar,6,19,9,9,43,0,2,47,8,57,6,21,56,17,100,60,14,74,174
01/13/2009,HLN,MT,ANM,WE,Combination Non-Radar Approach Control & Tower w/o Radar,6,18,12,0,36,0,0,23,18,41,6,18,35,18,77,62,18,80,157
01/14/2009,HLN,MT,ANM,WE,Combination Non-Radar Approach Control & Tower w/o Radar,6,19,12,3,40,0,0,21,26,47,6,19,33,29,87,36,8,44,131
01/15/2009,HLN,MT,ANM,WE,Combination Non-Radar Approach Control & Tower w/o Radar,6,18,12,2,38,0,2,45,22,69,6,20,57,24,107,62,18,80,187
01/16/2009,HLN,MT,ANM,WE,Combination Non-Radar Approach Control & Tower w/o Radar,6,17,6,1,30,0,9,63,15,87,6,26,69,16,117,66,2,68,185
01/17/2009,HLN,MT,ANM,WE,Combination Non-Radar Approach Control & Tower w/o Radar,6,13,7,0,26,0,0,60,0,60,6,13,67,0,86,70,0,70,156
01/18/2009,HLN,MT,ANM,WE,Combination Non-Radar Approach Control & Tower w/o Radar,6,11,8,0,25,0,0,54,0,54,6,11,62,0,79,48,0,48,127
01/19/2009,HLN,MT,ANM,WE,Combination Non-Radar Approach Control & Tower w/o Radar,6,18,6,0,30,0,2,54,0,56,6,20,60,0,86,56,0,56,142
01/20/2009,HLN,MT,ANM,WE,Combination Non-Radar Approach Control & Tower w/o Radar,4,19,8,4,35,0,10,52,26,88,4,29,60,30,123,90,60,150,273
01/21/2009,HLN,MT,ANM,WE,Combination Non-Radar Approach Control & Tower w/o Radar,6,18,13,7,44,0,2,47,19,68,6,20,60,26,112,88,14,102,214
01/22/2009,HLN,MT,ANM,WE,Combination Non-Radar Approach Control & Tower w/o Radar,6,15,9,6,36,0,2,19,12,33,6,17,28,18,69,68,8,76,145
01/23/2009,HLN,MT,ANM,WE,Combination Non-Radar Approach Control & Tower w/o Radar,6,15,15,2,38,0,0,7,12,19,6,15,22,14,57,0,36,36,93
01/24/2009,HLN,MT,ANM,WE,Combination Non-Radar Approach Control & Tower w/o Radar,6,13,4,0,23,0,0,4,8,12,6,13,8,8,35,2,24,26,61
01/25/2009,HLN,MT,ANM,WE,Combination Non-Radar Approach Control & Tower w/o Radar,6,11,2,3,22,0,0,2,0,2,6,11,4,3,24,0,0,0,24
01/26/2009,HLN,MT,ANM,WE,Combination Non-Radar Approach Control & Tower w/o Radar,6,16,13,6,41,0,0,30,4,34,6,16,43,10,75,14,8,22,97
01/27/2009,HLN,MT,ANM,WE,Combination Non-Radar Approach Control & Tower w/o Radar,6,19,14,0,39,0,1,21,8,30,6,20,35,8,69,44,2,46,115
01/28/2009,HLN,MT,ANM,WE,Combination Non-Radar Approach Control & Tower w/o Radar,6,16,18,3,43,0,0,0,0,0,6,16,18,3,43,0,6,6,49
01/29/2009,HLN,MT,ANM,WE,Combination Non-Radar Approach Control & Tower w/o Radar,6,23,6,0,35,0,0,14,8,22,6,23,20,8,57,2,18,20,77
01/30/2009,HLN,MT,ANM,WE,Combination Non-Radar Approach Control & Tower w/o Radar,5,19,15,5,44,0,2,48,7,57,5,21,63,12,101,84,8,92,193
01/31/2009,HLN,MT,ANM,WE,Combination Non-Radar Approach Control & Tower w/o Radar,6,11,6,0,23,0,0,4,8,12,6,11,10,8,35,4,16,20,55
02/01/2009,HLN,MT,ANM,WE,Combination Non-Radar Approach Control & Tower w/o Radar,6,11,0,2,19,0,0,16,2,18,6,11,16,4,37,12,0,12,49
02/02/2009,HLN,MT,ANM,WE,Combination Non-Radar Approach Control & Tower w/o Radar,6,22,7,1,36,0,1,16,3,20,6,23,23,4,56,38,6,44,100
02/03/2009,HLN,MT,ANM,WE,Combination Non-Radar Approach Control & Tower w/o Radar,6,19,11,3,39,0,0,54,7,61,6,19,65,10,100,110,6,116,216
02/04/2009,HLN,MT,ANM,WE,Combination Non-Radar Approach Control & Tower w/o Radar,6,19,5,2,32,0,2,63,5,70,6,21,68,7,102,160,2,162,264
02/05/2009,HLN,MT,ANM,WE,Combination Non-Radar Approach Control & Tower w/o Radar,6,24,7,6,43,0,2,70,16,88,6,26,77,22,131,86,18,104,235
02/06/2009,HLN,MT,ANM,WE,Combination Non-Radar Approach Control & Tower w/o Radar,6,21,12,11,50,0,0,19,21,40,6,21,31,32,90,46,40,86,176
02/07/2009,HLN,MT,ANM,WE,Combination Non-Radar Approach Control & Tower w/o Radar,6,12,3,3,24,0,0,38,25,63,6,12,41,28,87,44,20,64,151
02/08/2009,HLN,MT,ANM,WE,Combination Non-Radar Approach Control & Tower w/o Radar,6,11,11,4,32,0,0,51,8,59,6,11,62,12,91,78,4,82,173
02/09/2009,HLN,MT,ANM,WE,Combination Non-Radar Approach Control & Tower w/o Radar,6,19,5,4,34,0,2,36,7,45,6,21,41,11,79,86,18,104,183
02/10/2009,HLN,MT,ANM,WE,Combination Non-Radar Approach Control & Tower w/o Radar,6,22,5,5,38,0,2,34,13,49,6,24,39,18,87,40,34,74,161
02/11/2009,HLN,MT,ANM,WE,Combination Non-Radar Approach Control & Tower w/o Radar,6,18,17,3,44,0,2,30,5,37,6,20,47,8,81,108,0,108,189
02/12/2009,HLN,MT,ANM,WE,Combination Non-Radar Approach Control & Tower w/o Radar,6,18,15,3,42,0,2,21,13,36,6,20,36,16,78,60,18,78,156
02/13/2009,HLN,MT,ANM,WE,Combination Non-Radar Approach Control & Tower w/o Radar,6,20,14,3,43,0,1,23,7,31,6,21,37,10,74,62,4,66,140
02/14/2009,HLN,MT,ANM,WE,Combination Non-Radar Approach Control & Tower w/o Radar,6,15,6,0,27,0,0,5,0,5,6,15,11,0,32,4,0,4,36
02/15/2009,HLN,MT,ANM,WE,Combination Non-Radar Approach Control & Tower w/o Radar,6,9,4,0,19,0,2,38,0,40,6,11,42,0,59,30,0,30,89
02/16/2009,HLN,MT,ANM,WE,Combination Non-Radar Approach Control & Tower w/o Radar,6,17,11,0,34,0,1,52,0,53,6,18,63,0,87,98,0,98,185
02/17/2009,HLN,MT,ANM,WE,Combination Non-Radar Approach Control & Tower w/o Radar,6,20,10,4,40,0,1,35,12,48,6,21,45,16,88,86,20,106,194
02/18/2009,HLN,MT,ANM,WE,Combination Non-Radar Approach Control & Tower w/o Radar,6,19,4,5,34,0,3,20,12,35,6,22,24,17,69,16,18,34,103
02/19/2009,HLN,MT,ANM,WE,Combination Non-Radar Approach Control & Tower w/o Radar,6,22,15,4,47,0,2,29,6,37,6,24,44,10,84,44,8,52,136
02/20/2009,HLN,MT,ANM,WE,Combination Non-Radar Approach Control & Tower w/o Radar,6,18,8,1,33,0,2,31,19,52,6,20,39,20,85,86,10,96,181
02/21/2009,HLN,MT,ANM,WE,Combination Non-Radar Approach Control & Tower w/o Radar,6,13,5,0,24,0,0,74,12,86,6,13,79,12,110,84,4,88,198
02/22/2009,HLN,MT,ANM,WE,Combination Non-Radar Approach Control & Tower w/o Radar,6,10,8,2,26,0,5,57,0,62,6,15,65,2,88,80,0,80,168
02/23/2009,HLN,MT,ANM,WE,Combination Non-Radar Approach Control & Tower w/o Radar,6,16,3,2,27,0,2,24,6,32,6,18,27,8,59,52,14,66,125
02/24/2009,HLN,MT,ANM,WE,Combination Non-Radar Approach Control & Tower w/o Radar,6,22,9,3,40,0,0,23,24,47,6,22,32,27,87,16,48,64,151
02/25/2009,HLN,MT,ANM,WE,Combination Non-Radar Approach Control & Tower w/o Radar,6,16,13,2,37,0,0,15,8,23,6,16,28,10,60,16,8,24,84
02/26/2009,HLN,MT,ANM,WE,Combination Non-Radar Approach Control & Tower w/o Radar,8,19,6,0,33,0,0,2,0,2,8,19,8,0,35,0,0,0,35
02/27/2009,HLN,MT,ANM,WE,Combination Non-Radar Approach Control & Tower w/o Radar,4,18,23,4,49,0,0,17,25,42,4,18,40,29,91,10,38,48,139
02/28/2009,HLN,MT,ANM,WE,Combination Non-Radar Approach Control & Tower w/o Radar,6,13,9,0,28,0,2,59,0,61,6,15,68,0,89,64,0,64,153
03/01/2009,HLN,MT,ANM,WE,Combination Non-Radar Approach Control & Tower w/o Radar,6,13,3,2,24,0,0,29,0,29,6,13,32,2,53,36,0,36,89
03/02/2009,HLN,MT,ANM,WE,Combination Non-Radar Approach Control & Tower w/o Radar,6,18,4,6,34,0,2,56,8,66,6,20,60,14,100,56,8,64,164
03/03/2009,HLN,MT,ANM,WE,Combination Non-Radar Approach Control & Tower w/o Radar,6,24,9,1,40,0,0,21,9,30,6,24,30,10,70,32,2,34,104
03/04/2009,HLN,MT,ANM,WE,Combination Non-Radar Approach Control & Tower w/o Radar,6,18,13,1,38,0,2,32,0,34,6,20,45,1,72,14,0,14,86
03/05/2009,HLN,MT,ANM,WE,Combination Non-Radar Approach Control & Tower w/o Radar,6,20,3,3,32,0,4,19,2,25,6,24,22,5,57,60,4,64,121
03/06/2009,HLN,MT,ANM,WE,Combination Non-Radar Approach Control & Tower w/o Radar,6,23,10,0,39,0,2,20,37,59,6,25,30,37,98,14,12,26,124
03/07/2009,HLN,MT,ANM,WE,Combination Non-Radar Approach Control & Tower w/o Radar,6,15,6,2,29,0,1,38,8,47,6,16,44,10,76,68,0,68,144
03/08/2009,HLN,MT,ANM,WE,Combination Non-Radar Approach Control & Tower w/o Radar,6,11,0,4,21,0,0,6,6,12,6,11,6,10,33,0,18,18,51
03/09/2009,HLN,MT,ANM,WE,Combination Non-Radar Approach Control & Tower w/o Radar,6,19,12,3,40,0,1,33,13,47,6,20,45,16,87,24,28,52,139
03/10/2009,HLN,MT,ANM,WE,Combination Non-Radar Approach Control & Tower w/o Radar,6,22,16,2,46,0,0,4,10,14,6,22,20,12,60,0,26,26,86
03/11/2009,HLN,MT,ANM,WE,Combination Non-Radar Approach Control & Tower w/o Radar,6,19,5,5,35,0,0,38,8,46,6,19,43,13,81,40,12,52,133
03/12/2009,HLN,MT,ANM,WE,Combination Non-Radar Approach Control & Tower w/o Radar,6,16,10,2,34,0,3,68,24,95,6,19,78,26,129,120,12,132,261
03/13/2009,HLN,MT,ANM,WE,Combination Non-Radar Approach Control & Tower w/o Radar,6,21,12,7,46,0,0,70,16,86,6,21,82,23,132,172,6,178,310
03/14/2009,HLN,MT,ANM,WE,Combination Non-Radar Approach Control & Tower w/o Radar,6,17,11,1,35,0,0,80,1,81,6,17,91,2,116,40,0,40,156
03/15/2009,HLN,MT,ANM,WE,Combination Non-Radar Approach Control & Tower w/o Radar,6,10,4,2,22,0,2,24,0,26,6,12,28,2,48,16,0,16,64
03/16/2009,HLN,MT,ANM,WE,Combination Non-Radar Approach Control & Tower w/o Radar,6,20,7,2,35,0,0,0,0,0,6,20,7,2,35,0,0,0,35
03/17/2009,HLN,MT,ANM,WE,Combination Non-Radar Approach Control & Tower w/o Radar,4,21,11,1,37,0,0,15,3,18,4,21,26,4,55,16,0,16,71
03/18/2009,HLN,MT,ANM,WE,Combination Non-Radar Approach Control & Tower w/o Radar,6,21,7,2,36,0,4,55,27,86,6,25,62,29,122,44,28,72,194
03/19/2009,HLN,MT,ANM,WE,Combination Non-Radar Approach Control & Tower w/o Radar,6,20,17,0,43,0,2,50,9,61,6,22,67,9,104,70,4,74,178
03/20/2009,HLN,MT,ANM,WE,Combination Non-Radar Approach Control & Tower w/o Radar,6,20,9,6,41,0,2,66,13,81,6,22,75,19,122,90,8,98,220
03/21/2009,HLN,MT,ANM,WE,Combination Non-Radar Approach Control & Tower w/o Radar,6,15,6,5,32,0,4,34,7,45,6,19,40,12,77,70,28,98,175
03/22/2009,HLN,MT,ANM,WE,Combination Non-Radar Approach Control & Tower w/o Radar,6,11,5,0,22,0,1,16,0,17,6,12,21,0,39,14,0,14,53
03/23/2009,HLN,MT,ANM,WE,Combination Non-Radar Approach Control & Tower w/o Radar,6,19,11,2,38,0,1,12,2,15,6,20,23,4,53,18,0,18,71
03/24/2009,HLN,MT,ANM,WE,Combination Non-Radar Approach Control & Tower w/o Radar,6,19,8,2,35,0,2,24,7,33,6,21,32,9,68,56,6,62,130
03/25/2009,HLN,MT,ANM,WE,Combination Non-Radar Approach Control & Tower w/o Radar,6,17,5,0,28,0,0,9,2,11,6,17,14,2,39,22,10,32,71
03/26/2009,HLN,MT,ANM,WE,Combination Non-Radar Approach Control & Tower w/o Radar,6,18,12,4,40,0,0,25,11,36,6,18,37,15,76,90,18,108,184
03/27/2009,HLN,MT,ANM,WE,Combination Non-Radar Approach Control & Tower w/o Radar,6,20,21,0,47,0,0,50,6,56,6,20,71,6,103,86,0,86,189
03/28/2009,HLN,MT,ANM,WE,Combination Non-Radar Approach Control & Tower w/o Radar,6,16,3,0,25,0,1,17,8,26,6,17,20,8,51,48,0,48,99
03/29/2009,HLN,MT,ANM,WE,Combination Non-Radar Approach Control & Tower w/o Radar,8,9,2,0,19,0,0,0,0,0,8,9,2,0,19,0,0,0,19
03/30/2009,HLN,MT,ANM,WE,Combination Non-Radar Approach Control & Tower w/o Radar,6,21,7,0,34,0,2,29,10,41,6,23,36,10,75,60,6,66,141
03/31/2009,HLN,MT,ANM,WE,Combination Non-Radar Approach Control & Tower w/o Radar,6,19,20,6,51,0,0,0,0,0,6,19,20,6,51,42,4,46,97
04/01/2009,HLN,MT,ANM,WE,Combination Non-Radar Approach Control & Tower w/o Radar,4,24,3,4,35,0,1,11,0,12,4,25,14,4,47,26,0,26,73
04/02/2009,HLN,MT,ANM,WE,Combination Non-Radar Approach Control & Tower w/o Radar,6,19,2,5,32,0,0,26,2,28,6,19,28,7,60,80,10,90,150
04/03/2009,HLN,MT,ANM,WE,Combination Non-Radar Approach Control & Tower w/o Radar,5,20,11,5,41,0,3,13,23,39,5,23,24,28,80,22,16,38,118
04/04/2009,HLN,MT,ANM,WE,Combination Non-Radar Approach Control & Tower w/o Radar,6,14,8,0,28,0,0,17,1,18,6,14,25,1,46,24,0,24,70
04/05/2009,HLN,MT,ANM,WE,Combination Non-Radar Approach Control & Tower w/o Radar,6,9,9,0,24,0,1,77,11,89,6,10,86,11,113,40,0,40,153
04/06/2009,HLN,MT,ANM,WE,Combination Non-Radar Approach Control & Tower w/o Radar,6,18,7,2,33,0,2,53,10,65,6,20,60,12,98,68,8,76,174
04/07/2009,HLN,MT,ANM,WE,Combination Non-Radar Approach Control & Tower w/o Radar,6,18,8,5,37,0,0,64,7,71,6,18,72,12,108,88,4,92,200
04/08/2009,HLN,MT,ANM,WE,Combination Non-Radar Approach Control & Tower w/o Radar,4,21,9,4,38,0,2,38,8,48,4,23,47,12,86,66,10,76,162
04/09/2009,HLN,MT,ANM,WE,Combination Non-Radar Approach Control & Tower w/o Radar,6,21,11,2,40,0,3,20,13,36,6,24,31,15,76,134,12,146,222
04/10/2009,HLN,MT,ANM,WE,Combination Non-Radar Approach Control & Tower w/o Radar,6,24,9,4,43,0,2,54,11,67,6,26,63,15,110,74,6,80,190
04/11/2009,HLN,MT,ANM,WE,Combination Non-Radar Approach Control & Tower w/o Radar,6,13,2,0,21,0,0,39,0,39,6,13,41,0,60,76,0,76,136
04/12/2009,HLN,MT,ANM,WE,Combination Non-Radar Approach Control & Tower w/o Radar,6,10,2,0,18,0,0,31,0,31,6,10,33,0,49,28,0,28,77
04/13/2009,HLN,MT,ANM,WE,Combination Non-Radar Approach Control & Tower w/o Radar,6,22,10,2,40,0,2,35,18,55,6,24,45,20,95,64,14,78,173
04/14/2009,HLN,MT,ANM,WE,Combination Non-Radar Approach Control & Tower w/o Radar,6,24,11,0,41,0,4,13,8,25,6,28,24,8,66,64,10,74,140
04/15/2009,HLN,MT,ANM,WE,Combination Non-Radar Approach Control & Tower w/o Radar,6,20,6,1,33,0,0,6,9,15,6,20,12,10,48,0,22,22,70
04/16/2009,HLN,MT,ANM,WE,Combination Non-Radar Approach Control & Tower w/o Radar,6,18,23,1,48,0,2,29,5,36,6,20,52,6,84,60,0,60,144
04/17/2009,HLN,MT,ANM,WE,Combination Non-Radar Approach Control & Tower w/o Radar,6,16,12,6,40,0,1,67,34,102,6,17,79,40,142,142,24,166,308
04/18/2009,HLN,MT,ANM,WE,Combination Non-Radar Approach Control & Tower w/o Radar,6,15,8,1,30,0,2,49,9,60,6,17,57,10,90,38,6,44,134
04/19/2009,HLN,MT,ANM,WE,Combination Non-Radar Approach Control & Tower w/o Radar,4,11,5,0,20,0,0,40,0,40,4,11,45,0,60,50,0,50,110
04/20/2009,HLN,MT,ANM,WE,Combination Non-Radar Approach Control & Tower w/o Radar,6,22,9,1,38,6,2,51,13,72,12,24,60,14,110,70,2,72,182
04/21/2009,HLN,MT,ANM,WE,Combination Non-Radar Approach Control & Tower w/o Radar,6,19,6,1,32,0,3,57,19,79,6,22,63,20,111,116,4,120,231
04/22/2009,HLN,MT,ANM,WE,Combination Non-Radar Approach Control & Tower w/o Radar,6,17,8,1,32,0,2,51,14,67,6,19,59,15,99,96,8,104,203
04/23/2009,HLN,MT,ANM,WE,Combination Non-Radar Approach Control & Tower w/o Radar,4,23,8,0,35,0,0,1,11,12,4,23,9,11,47,24,2,26,73
04/24/2009,HLN,MT,ANM,WE,Combination Non-Radar Approach Control & Tower w/o Radar,6,19,9,4,38,0,3,33,10,46,6,22,42,14,84,94,16,110,194
04/25/2009,HLN,MT,ANM,WE,Combination Non-Radar Approach Control & Tower w/o Radar,6,11,3,0,20,0,1,84,0,85,6,12,87,0,105,104,0,104,209
04/26/2009,HLN,MT,ANM,WE,Combination Non-Radar Approach Control & Tower w/o Radar,6,13,5,0,24,0,3,3,0,6,6,16,8,0,30,0,0,0,30
04/27/2009,HLN,MT,ANM,WE,Combination Non-Radar Approach Control & Tower w/o Radar,6,17,17,3,43,0,1,26,13,40,6,18,43,16,83,46,18,64,147
04/28/2009,HLN,MT,ANM,WE,Combination Non-Radar Approach Control & Tower w/o Radar,6,21,9,0,36,0,0,0,0,0,6,21,9,0,36,0,0,0,36
04/29/2009,HLN,MT,ANM,WE,Combination Non-Radar Approach Control & Tower w/o Radar,6,22,20,1,49,0,0,0,0,0,6,22,20,1,49,0,0,0,49
04/30/2009,HLN,MT,ANM,WE,Combination Non-Radar Approach Control & Tower w/o Radar,6,21,9,3,39,0,0,11,4,15,6,21,20,7,54,48,6,54,108
05/01/2009,HLN,MT,ANM,WE,Combination Non-Radar Approach Control & Tower w/o Radar,6,21,10,2,39,0,2,60,43,105,6,23,70,45,144,146,10,156,300
05/02/2009,HLN,MT,ANM,WE,Combination Non-Radar Approach Control & Tower w/o Radar,6,11,3,0,20,0,8,54,13,75,6,19,57,13,95,102,0,102,197
05/03/2009,HLN,MT,ANM,WE,Combination Non-Radar Approach Control & Tower w/o Radar,6,11,2,1,20,0,0,20,10,30,6,11,22,11,50,32,0,32,82
05/04/2009,HLN,MT,ANM,WE,Combination Non-Radar Approach Control & Tower w/o Radar,6,17,9,0,32,0,3,19,7,29,6,20,28,7,61,12,12,24,85
05/05/2009,HLN,MT,ANM,WE,Combination Non-Radar Approach Control & Tower w/o Radar,4,19,12,1,36,0,1,33,6,40,4,20,45,7,76,50,2,52,128
05/06/2009,HLN,MT,ANM,WE,Combination Non-Radar Approach Control & Tower w/o Radar,6,20,16,4,46,0,2,37,8,47,6,22,53,12,93,68,0,68,161
05/07/2009,HLN,MT,ANM,WE,Combination Non-Radar Approach Control & Tower w/o Radar,6,20,8,3,37,0,1,28,20,49,6,21,36,23,86,42,18,60,146
05/08/2009,HLN,MT,ANM,WE,Combination Non-Radar Approach Control & Tower w/o Radar,6,23,5,3,37,0,3,18,22,43,6,26,23,25,80,98,36,134,214
05/09/2009,HLN,MT,ANM,WE,Combination Non-Radar Approach Control & Tower w/o Radar,6,11,3,0,20,0,2,70,0,72,6,13,73,0,92,122,0,122,214
05/10/2009,HLN,MT,ANM,WE,Combination Non-Radar Approach Control & Tower w/o Radar,6,9,1,2,18,0,1,50,0,51,6,10,51,2,69,28,0,28,97
05/11/2009,HLN,MT,ANM,WE,Combination Non-Radar Approach Control & Tower w/o Radar,4,17,5,10,36,0,0,55,10,65,4,17,60,20,101,104,8,112,213
05/12/2009,HLN,MT,ANM,WE,Combination Non-Radar Approach Control & Tower w/o Radar,6,20,5,2,33,0,0,21,5,26,6,20,26,7,59,26,0,26,85
05/13/2009,HLN,MT,ANM,WE,Combination Non-Radar Approach Control & Tower w/o Radar,6,18,11,3,38,0,2,80,13,95,6,20,91,16,133,116,12,128,261
05/14/2009,HLN,MT,ANM,WE,Combination Non-Radar Approach Control & Tower w/o Radar,6,19,12,3,40,0,1,26,4,31,6,20,38,7,71,54,6,60,131
05/15/2009,HLN,MT,ANM,WE,Combination Non-Radar Approach Control & Tower w/o Radar,4,20,12,2,38,0,0,55,24,79,4,20,67,26,117,110,10,120,237
05/16/2009,HLN,MT,ANM,WE,Combination Non-Radar Approach Control & Tower w/o Radar,6,12,2,0,20,0,1,46,5,52,6,13,48,5,72,46,0,46,118
05/17/2009,HLN,MT,ANM,WE,Combination Non-Radar Approach Control & Tower w/o Radar,6,10,10,3,29,0,0,56,0,56,6,10,66,3,85,80,0,80,165
05/18/2009,HLN,MT,ANM,WE,Combination Non-Radar Approach Control & Tower w/o Radar,6,15,11,5,37,0,2,54,5,61,6,17,65,10,98,40,0,40,138
05/19/2009,HLN,MT,ANM,WE,Combination Non-Radar Approach Control & Tower w/o Radar,4,17,17,6,44,0,0,53,2,55,4,17,70,8,99,40,0,40,139
05/20/2009,HLN,MT,ANM,WE,Combination Non-Radar Approach Control & Tower w/o Radar,4,19,11,2,36,0,3,31,4,38,4,22,42,6,74,114,0,114,188
05/21/2009,HLN,MT,ANM,WE,Combination Non-Radar Approach Control & Tower w/o Radar,6,16,13,1,36,0,2,105,3,110,6,18,118,4,146,140,0,140,286
05/22/2009,HLN,MT,ANM,WE,Combination Non-Radar Approach Control & Tower w/o Radar,6,19,6,3,34,0,1,56,2,59,6,20,62,5,93,114,0,114,207
05/23/2009,HLN,MT,ANM,WE,Combination Non-Radar Approach Control & Tower w/o Radar,6,8,6,0,20,0,1,75,0,76,6,9,81,0,96,64,0,64,160
05/24/2009,HLN,MT,ANM,WE,Combination Non-Radar Approach Control & Tower w/o Radar,6,8,2,0,16,0,2,19,0,21,6,10,21,0,37,26,0,26,63
05/25/2009,HLN,MT,ANM,WE,Combination Non-Radar Approach Control & Tower w/o Radar,6,16,9,0,31,0,0,34,0,34,6,16,43,0,65,84,0,84,149
05/26/2009,HLN,MT,ANM,WE,Combination Non-Radar Approach Control & Tower w/o Radar,6,18,7,2,33,0,0,63,6,69,6,18,70,8,102,82,10,92,194
05/27/2009,HLN,MT,ANM,WE,Combination Non-Radar Approach Control & Tower w/o Radar,6,19,6,1,32,0,0,53,7,60,6,19,59,8,92,34,0,34,126
05/28/2009,HLN,MT,ANM,WE,Combination Non-Radar Approach Control & Tower w/o Radar,6,17,7,1,31,0,4,84,6,94,6,21,91,7,125,108,0,108,233
05/29/2009,HLN,MT,ANM,WE,Combination Non-Radar Approach Control & Tower w/o Radar,6,21,8,2,37,0,0,91,28,119,6,21,99,30,156,140,8,148,304
05/30/2009,HLN,MT,ANM,WE,Combination Non-Radar Approach Control & Tower w/o Radar,6,11,2,1,20,0,2,78,13,93,6,13,80,14,113,122,6,128,241
05/31/2009,HLN,MT,ANM,WE,Combination Non-Radar Approach Control & Tower w/o Radar,0,0,0,3,3,0,0,52,3,55,0,0,52,6,58,70,14,84,142
06/01/2009,HLN,MT,ANM,WE,Combination Non-Radar Approach Control & Tower w/o Radar,6,19,8,2,35,0,1,17,8,26,6,20,25,10,61,32,0,32,93
06/02/2009,HLN,MT,ANM,WE,Combination Non-Radar Approach Control & Tower w/o Radar,6,15,8,4,33,0,5,56,28,89,6,20,64,32,122,70,4,74,196
06/03/2009,HLN,MT,ANM,WE,Combination Non-Radar Approach Control & Tower w/o Radar,6,17,6,1,30,0,3,59,28,90,6,20,65,29,120,56,0,56,176
06/04/2009,HLN,MT,ANM,WE,Combination Non-Radar Approach Control & Tower w/o Radar,6,19,8,6,39,0,0,64,28,92,6,19,72,34,131,118,12,130,261
06/05/2009,HLN,MT,ANM,WE,Combination Non-Radar Approach Control & Tower w/o Radar,6,23,12,3,44,0,2,46,29,77,6,25,58,32,121,74,0,74,195
06/06/2009,HLN,MT,ANM,WE,Combination Non-Radar Approach Control & Tower w/o Radar,6,15,3,0,24,0,0,0,8,8,6,15,3,8,32,0,12,12,44
06/07/2009,HLN,MT,ANM,WE,Combination Non-Radar Approach Control & Tower w/o Radar,6,15,11,2,34,0,0,14,13,27,6,15,25,15,61,10,0,10,71
06/08/2009,HLN,MT,ANM,WE,Combination Non-Radar Approach Control & Tower w/o Radar,6,19,5,2,32,0,0,9,0,9,6,19,14,2,41,6,0,6,47
06/09/2009,HLN,MT,ANM,WE,Combination Non-Radar Approach Control & Tower w/o Radar,6,19,6,6,37,0,0,48,16,64,6,19,54,22,101,110,2,112,213
06/10/2009,HLN,MT,ANM,WE,Combination Non-Radar Approach Control & Tower w/o Radar,6,20,12,4,42,0,1,76,15,92,6,21,88,19,134,68,6,74,208
06/11/2009,HLN,MT,ANM,WE,Combination Non-Radar Approach Control & Tower w/o Radar,6,17,10,8,41,0,3,86,20,109,6,20,96,28,150,80,10,90,240
06/12/2009,HLN,MT,ANM,WE,Combination Non-Radar Approach Control & Tower w/o Radar,6,25,13,2,46,0,10,124,13,147,6,35,137,15,193,80,0,80,273
06/13/2009,HLN,MT,ANM,WE,Combination Non-Radar Approach Control & Tower w/o Radar,6,14,17,0,37,0,2,102,0,104,6,16,119,0,141,90,0,90,231
06/14/2009,HLN,MT,ANM,WE,Combination Non-Radar Approach Control & Tower w/o Radar,6,10,4,0,20,0,3,44,1,48,6,13,48,1,68,56,0,56,124
06/15/2009,HLN,MT,ANM,WE,Combination Non-Radar Approach Control & Tower w/o Radar,6,23,4,2,35,0,0,22,15,37,6,23,26,17,72,42,2,44,116
06/16/2009,HLN,MT,ANM,WE,Combination Non-Radar Approach Control & Tower w/o Radar,6,26,13,0,45,0,4,35,17,56,6,30,48,17,101,72,8,80,181
06/17/2009,HLN,MT,ANM,WE,Combination Non-Radar Approach Control & Tower w/o Radar,6,23,6,0,35,0,2,37,2,41,6,25,43,2,76,58,2,60,136
06/18/2009,HLN,MT,ANM,WE,Combination Non-Radar Approach Control & Tower w/o Radar,6,20,11,1,38,0,2,67,4,73,6,22,78,5,111,98,0,98,209
06/19/2009,HLN,MT,ANM,WE,Combination Non-Radar Approach Control & Tower w/o Radar,6,21,14,1,42,0,2,74,1,77,6,23,88,2,119,104,0,104,223
06/20/2009,HLN,MT,ANM,WE,Combination Non-Radar Approach Control & Tower w/o Radar,6,17,6,0,29,0,0,36,0,36,6,17,42,0,65,112,0,112,177
06/21/2009,HLN,MT,ANM,WE,Combination Non-Radar Approach Control & Tower w/o Radar,6,13,2,0,21,0,0,28,1,29,6,13,30,1,50,96,0,96,146
06/22/2009,HLN,MT,ANM,WE,Combination Non-Radar Approach Control & Tower w/o Radar,6,20,16,0,42,0,0,21,2,23,6,20,37,2,65,50,4,54,119
06/23/2009,HLN,MT,ANM,WE,Combination Non-Radar Approach Control & Tower w/o Radar,6,17,4,0,27,0,2,65,5,72,6,19,69,5,99,104,0,104,203
06/24/2009,HLN,MT,ANM,WE,Combination Non-Radar Approach Control & Tower w/o Radar,6,18,2,0,26,0,0,79,4,83,6,18,81,4,109,110,6,116,225
06/25/2009,HLN,MT,ANM,WE,Combination Non-Radar Approach Control & Tower w/o Radar,6,22,9,7,44,0,2,93,21,116,6,24,102,28,160,58,24,82,242
06/26/2009,HLN,MT,ANM,WE,Combination Non-Radar Approach Control & Tower w/o Radar,6,18,9,7,40,0,6,60,4,70,6,24,69,11,110,38,0,38,148
06/27/2009,HLN,MT,ANM,WE,Combination Non-Radar Approach Control & Tower w/o Radar,6,13,5,0,24,0,3,99,2,104,6,16,104,2,128,6,0,6,134
06/28/2009,HLN,MT,ANM,WE,Combination Non-Radar Approach Control & Tower w/o Radar,6,12,10,9,37,0,0,57,2,59,6,12,67,11,96,22,8,30,126
06/29/2009,HLN,MT,ANM,WE,Combination Non-Radar Approach Control & Tower w/o Radar,6,19,12,13,50,0,3,93,5,101,6,22,105,18,151,94,6,100,251
06/30/2009,HLN,MT,ANM,WE,Combination Non-Radar Approach Control & Tower w/o Radar,4,25,7,2,38,0,0,75,6,81,4,25,82,8,119,62,2,64,183
07/01/2009,HLN,MT,ANM,WE,Combination Non-Radar Approach Control & Tower w/o Radar,7,19,9,1,36,0,0,71,3,74,7,19,80,4,110,102,10,112,222
07/02/2009,HLN,MT,ANM,WE,Combination Non-Radar Approach Control & Tower w/o Radar,8,18,5,1,32,0,2,50,0,52,8,20,55,1,84,70,8,78,162
07/03/2009,HLN,MT,ANM,WE,Combination Non-Radar Approach Control & Tower w/o Radar,8,20,5,0,33,0,0,60,0,60,8,20,65,0,93,66,0,66,159
07/04/2009,HLN,MT,ANM,WE,Combination Non-Radar Approach Control & Tower w/o Radar,8,7,0,2,17,0,0,71,0,71,8,7,71,2,88,68,0,68,156
07/05/2009,HLN,MT,ANM,WE,Combination Non-Radar Approach Control & Tower w/o Radar,8,9,3,0,20,0,0,48,0,48,8,9,51,0,68,4,0,4,72
07/06/2009,HLN,MT,ANM,WE,Combination Non-Radar Approach Control & Tower w/o Radar,8,19,3,1,31,0,5,36,1,42,8,24,39,2,73,46,8,54,127
07/07/2009,HLN,MT,ANM,WE,Combination Non-Radar Approach Control & Tower w/o Radar,6,18,12,4,40,0,4,67,5,76,6,22,79,9,116,94,4,98,214
07/08/2009,HLN,MT,ANM,WE,Combination Non-Radar Approach Control & Tower w/o Radar,8,17,14,0,39,0,0,33,11,44,8,17,47,11,83,42,12,54,137
07/09/2009,HLN,MT,ANM,WE,Combination Non-Radar Approach Control & Tower w/o Radar,8,20,14,6,48,0,3,81,12,96,8,23,95,18,144,82,0,82,226
07/10/2009,HLN,MT,ANM,WE,Combination Non-Radar Approach Control & Tower w/o Radar,8,18,4,1,31,0,0,64,8,72,8,18,68,9,103,60,12,72,175
07/11/2009,HLN,MT,ANM,WE,Combination Non-Radar Approach Control & Tower w/o Radar,8,11,3,0,22,8,11,29,0,48,16,22,32,0,70,66,0,66,136
07/12/2009,HLN,MT,ANM,WE,Combination Non-Radar Approach Control & Tower w/o Radar,8,12,5,0,25,0,3,48,0,51,8,15,53,0,76,36,0,36,112
07/13/2009,HLN,MT,ANM,WE,Combination Non-Radar Approach Control & Tower w/o Radar,8,15,9,2,34,0,1,49,4,54,8,16,58,6,88,76,0,76,164
07/14/2009,HLN,MT,ANM,WE,Combination Non-Radar Approach Control & Tower w/o Radar,8,20,8,5,41,0,0,37,8,45,8,20,45,13,86,38,16,54,140
07/15/2009,HLN,MT,ANM,WE,Combination Non-Radar Approach Control & Tower w/o Radar,8,17,6,3,34,0,1,70,0,71,8,18,76,3,105,104,0,104,209
07/16/2009,HLN,MT,ANM,WE,Combination Non-Radar Approach Control & Tower w/o Radar,8,19,4,3,34,0,0,64,17,81,8,19,68,20,115,118,36,154,269
07/17/2009,HLN,MT,ANM,WE,Combination Non-Radar Approach Control & Tower w/o Radar,8,18,11,0,37,0,0,75,12,87,8,18,86,12,124,90,8,98,222
07/18/2009,HLN,MT,ANM,WE,Combination Non-Radar Approach Control & Tower w/o Radar,8,17,0,0,25,0,3,62,23,88,8,20,62,23,113,56,0,56,169
07/19/2009,HLN,MT,ANM,WE,Combination Non-Radar Approach Control & Tower w/o Radar,8,9,2,0,19,0,9,57,0,66,8,18,59,0,85,10,0,10,95
07/20/2009,HLN,MT,ANM,WE,Combination Non-Radar Approach Control & Tower w/o Radar,8,24,4,2,38,0,5,48,10,63,8,29,52,12,101,36,10,46,147
07/21/2009,HLN,MT,ANM,WE,Combination Non-Radar Approach Control & Tower w/o Radar,8,18,21,2,49,0,0,65,15,80,8,18,86,17,129,60,18,78,207
07/22/2009,HLN,MT,ANM,WE,Combination Non-Radar Approach Control & Tower w/o Radar,8,19,6,2,35,0,3,59,16,78,8,22,65,18,113,72,20,92,205
07/23/2009,HLN,MT,ANM,WE,Combination Non-Radar Approach Control & Tower w/o Radar,8,15,13,2,38,0,8,74,27,109,8,23,87,29,147,30,32,62,209
07/24/2009,HLN,MT,ANM,WE,Combination Non-Radar Approach Control & Tower w/o Radar,8,19,13,4,44,0,0,65,14,79,8,19,78,18,123,54,4,58,181
07/25/2009,HLN,MT,ANM,WE,Combination Non-Radar Approach Control & Tower w/o Radar,8,13,5,0,26,0,4,74,0,78,8,17,79,0,104,64,0,64,168
07/26/2009,HLN,MT,ANM,WE,Combination Non-Radar Approach Control & Tower w/o Radar,8,11,6,2,27,0,3,50,0,53,8,14,56,2,80,20,0,20,100
07/27/2009,HLN,MT,ANM,WE,Combination Non-Radar Approach Control & Tower w/o Radar,8,17,17,5,47,0,2,26,13,41,8,19,43,18,88,36,22,58,146
07/28/2009,HLN,MT,ANM,WE,Combination Non-Radar Approach Control & Tower w/o Radar,8,26,6,5,45,0,0,28,15,43,8,26,34,20,88,30,12,42,130
07/29/2009,HLN,MT,ANM,WE,Combination Non-Radar Approach Control & Tower w/o Radar,8,23,11,2,44,0,2,49,5,56,8,25,60,7,100,36,2,38,138
07/30/2009,HLN,MT,ANM,WE,Combination Non-Radar Approach Control & Tower w/o Radar,8,20,5,0,33,0,4,78,6,88,8,24,83,6,121,70,6,76,197
07/31/2009,HLN,MT,ANM,WE,Combination Non-Radar Approach Control & Tower w/o Radar,8,17,9,4,38,0,0,35,7,42,8,17,44,11,80,28,4,32,112
08/01/2009,HLN,MT,ANM,WE,Combination Non-Radar Approach Control & Tower w/o Radar,8,12,2,4,26,0,1,80,0,81,8,13,82,4,107,18,0,18,125
08/02/2009,HLN,MT,ANM,WE,Combination Non-Radar Approach Control & Tower w/o Radar,8,11,1,1,21,0,0,56,0,56,8,11,57,1,77,102,0,102,179
08/03/2009,HLN,MT,ANM,WE,Combination Non-Radar Approach Control & Tower w/o Radar,8,16,11,1,36,0,8,53,7,68,8,24,64,8,104,56,8,64,168
08/04/2009,HLN,MT,ANM,WE,Combination Non-Radar Approach Control & Tower w/o Radar,8,21,5,0,34,0,2,40,15,57,8,23,45,15,91,6,18,24,115
08/05/2009,HLN,MT,ANM,WE,Combination Non-Radar Approach Control & Tower w/o Radar,8,19,6,2,35,0,0,47,2,49,8,19,53,4,84,48,0,48,132
08/06/2009,HLN,MT,ANM,WE,Combination Non-Radar Approach Control & Tower w/o Radar,9,19,9,3,40,0,1,28,7,36,9,20,37,10,76,16,6,22,98
08/07/2009,HLN,MT,ANM,WE,Combination Non-Radar Approach Control & Tower w/o Radar,7,22,15,4,48,0,4,33,22,59,7,26,48,26,107,22,18,40,147
08/08/2009,HLN,MT,ANM,WE,Combination Non-Radar Approach Control & Tower w/o Radar,8,17,10,2,37,0,1,37,6,44,8,18,47,8,81,54,0,54,135
08/09/2009,HLN,MT,ANM,WE,Combination Non-Radar Approach Control & Tower w/o Radar,8,10,3,1,22,0,0,50,1,51,8,10,53,2,73,66,0,66,139
08/10/2009,HLN,MT,ANM,WE,Combination Non-Radar Approach Control & Tower w/o Radar,8,16,8,2,34,0,0,49,7,56,8,16,57,9,90,36,0,36,126
08/11/2009,HLN,MT,ANM,WE,Combination Non-Radar Approach Control & Tower w/o Radar,8,18,8,2,36,0,4,56,0,60,8,22,64,2,96,36,4,40,136
08/12/2009,HLN,MT,ANM,WE,Combination Non-Radar Approach Control & Tower w/o Radar,8,17,14,0,39,0,1,54,17,72,8,18,68,17,111,48,18,66,177
08/13/2009,HLN,MT,ANM,WE,Combination Non-Radar Approach Control & Tower w/o Radar,6,23,10,2,41,0,3,45,6,54,6,26,55,8,95,74,0,74,169
08/14/2009,HLN,MT,ANM,WE,Combination Non-Radar Approach Control & Tower w/o Radar,8,20,17,0,45,0,0,28,5,33,8,20,45,5,78,36,0,36,114
08/15/2009,HLN,MT,ANM,WE,Combination Non-Radar Approach Control & Tower w/o Radar,8,13,1,0,22,0,1,37,2,40,8,14,38,2,62,24,0,24,86
08/16/2009,HLN,MT,ANM,WE,Combination Non-Radar Approach Control & Tower w/o Radar,8,11,4,1,24,0,1,21,1,23,8,12,25,2,47,22,0,22,69
08/17/2009,HLN,MT,ANM,WE,Combination Non-Radar Approach Control & Tower w/o Radar,8,18,11,0,37,0,0,33,15,48,8,18,44,15,85,40,0,40,125
08/18/2009,HLN,MT,ANM,WE,Combination Non-Radar Approach Control & Tower w/o Radar,8,14,2,2,26,0,4,39,3,46,8,18,41,5,72,40,12,52,124
08/19/2009,HLN,MT,ANM,WE,Combination Non-Radar Approach Control & Tower w/o Radar,8,16,8,4,36,0,4,77,6,87,8,20,85,10,123,14,0,14,137
08/20/2009,HLN,MT,ANM,WE,Combination Non-Radar Approach Control & Tower w/o Radar,8,14,8,0,30,0,5,93,5,103,8,19,101,5,133,54,0,54,187
08/21/2009,HLN,MT,ANM,WE,Combination Non-Radar Approach Control & Tower w/o Radar,8,15,9,5,37,0,2,53,21,76,8,17,62,26,113,26,14,40,153
08/22/2009,HLN,MT,ANM,WE,Combination Non-Radar Approach Control & Tower w/o Radar,8,8,2,0,18,0,5,66,14,85,8,13,68,14,103,54,14,68,171
08/23/2009,HLN,MT,ANM,WE,Combination Non-Radar Approach Control & Tower w/o Radar,8,9,5,0,22,0,1,38,3,42,8,10,43,3,64,38,0,38,102
08/24/2009,HLN,MT,ANM,WE,Combination Non-Radar Approach Control & Tower w/o Radar,8,18,2,1,29,0,2,41,9,52,8,20,43,10,81,50,4,54,135
08/25/2009,HLN,MT,ANM,WE,Combination Non-Radar Approach Control & Tower w/o Radar,8,21,9,1,39,0,0,42,10,52,8,21,51,11,91,50,4,54,145
08/26/2009,HLN,MT,ANM,WE,Combination Non-Radar Approach Control & Tower w/o Radar,8,18,6,2,34,0,1,77,8,86,8,19,83,10,120,68,0,68,188
08/27/2009,HLN,MT,ANM,WE,Combination Non-Radar Approach Control & Tower w/o Radar,8,17,6,2,33,0,2,62,8,72,8,19,68,10,105,60,2,62,167
08/28/2009,HLN,MT,ANM,WE,Combination Non-Radar Approach Control & Tower w/o Radar,9,18,11,1,39,0,4,65,12,81,9,22,76,13,120,46,2,48,168
08/29/2009,HLN,MT,ANM,WE,Combination Non-Radar Approach Control & Tower w/o Radar,9,8,2,0,19,0,4,55,0,59,9,12,57,0,78,52,0,52,130
08/30/2009,HLN,MT,ANM,WE,Combination Non-Radar Approach Control & Tower w/o Radar,8,11,7,1,27,0,0,54,0,54,8,11,61,1,81,64,0,64,145
08/31/2009,HLN,MT,ANM,WE,Combination Non-Radar Approach Control & Tower w/o Radar,8,15,2,4,29,0,2,50,6,58,8,17,52,10,87,58,6,64,151
09/01/2009,HLN,MT,ANM,WE,Combination Non-Radar Approach Control & Tower w/o Radar,8,17,13,4,42,0,2,52,5,59,8,19,65,9,101,34,10,44,145
09/02/2009,HLN,MT,ANM,WE,Combination Non-Radar Approach Control & Tower w/o Radar,8,16,13,0,37,0,6,67,9,82,8,22,80,9,119,56,0,56,175
09/03/2009,HLN,MT,ANM,WE,Combination Non-Radar Approach Control & Tower w/o Radar,8,16,8,2,34,0,2,42,6,50,8,18,50,8,84,46,6,52,136
09/04/2009,HLN,MT,ANM,WE,Combination Non-Radar Approach Control & Tower w/o Radar,8,17,9,2,36,0,3,54,8,65,8,20,63,10,101,58,8,66,167
09/05/2009,HLN,MT,ANM,WE,Combination Non-Radar Approach Control & Tower w/o Radar,8,10,1,0,19,0,2,51,0,53,8,12,52,0,72,64,0,64,136
09/06/2009,HLN,MT,ANM,WE,Combination Non-Radar Approach Control & Tower w/o Radar,8,9,4,0,21,0,3,34,0,37,8,12,38,0,58,76,0,76,134
09/07/2009,HLN,MT,ANM,WE,Combination Non-Radar Approach Control & Tower w/o Radar,8,12,1,0,21,0,0,38,0,38,8,12,39,0,59,44,0,44,103
09/08/2009,HLN,MT,ANM,WE,Combination Non-Radar Approach Control & Tower w/o Radar,8,16,4,0,28,0,1,53,3,57,8,17,57,3,85,44,0,44,129
09/09/2009,HLN,MT,ANM,WE,Combination Non-Radar Approach Control & Tower w/o Radar,8,14,9,0,31,8,7,118,4,137,16,21,127,4,168,82,0,82,250
09/10/2009,HLN,MT,ANM,WE,Combination Non-Radar Approach Control & Tower w/o Radar,8,20,9,2,39,0,11,104,10,125,8,31,113,12,164,16,4,20,184
09/11/2009,HLN,MT,ANM,WE,Combination Non-Radar Approach Control & Tower w/o Radar,8,16,4,0,28,0,8,108,14,130,8,24,112,14,158,60,10,70,228
09/12/2009,HLN,MT,ANM,WE,Combination Non-Radar Approach Control & Tower w/o Radar,8,9,6,0,23,0,3,88,9,100,8,12,94,9,123,130,0,130,253
09/13/2009,HLN,MT,ANM,WE,Combination Non-Radar Approach Control & Tower w/o Radar,7,10,2,0,19,0,4,86,2,92,7,14,88,2,111,72,0,72,183
09/14/2009,HLN,MT,ANM,WE,Combination Non-Radar Approach Control & Tower w/o Radar,8,18,11,9,46,0,8,79,0,87,8,26,90,9,133,64,0,64,197
09/15/2009,HLN,MT,ANM,WE,Combination Non-Radar Approach Control & Tower w/o Radar,8,14,7,7,36,0,1,91,17,109,8,15,98,24,145,70,18,88,233
09/16/2009,HLN,MT,ANM,WE,Combination Non-Radar Approach Control & Tower w/o Radar,8,18,8,7,41,0,4,90,25,119,8,22,98,32,160,30,26,56,216
09/17/2009,HLN,MT,ANM,WE,Combination Non-Radar Approach Control & Tower w/o Radar,8,16,9,7,40,0,1,74,20,95,8,17,83,27,135,62,20,82,217
09/18/2009,HLN,MT,ANM,WE,Combination Non-Radar Approach Control & Tower w/o Radar,8,18,9,10,45,0,1,57,4,62,8,19,66,14,107,38,8,46,153
09/19/2009,HLN,MT,ANM,WE,Combination Non-Radar Approach Control & Tower w/o Radar,8,8,4,0,20,0,4,75,4,83,8,12,79,4,103,76,0,76,179
09/20/2009,HLN,MT,ANM,WE,Combination Non-Radar Approach Control & Tower w/o Radar,7,8,8,2,25,0,2,22,0,24,7,10,30,2,49,14,0,14,63
09/21/2009,HLN,MT,ANM,WE,Combination Non-Radar Approach Control & Tower w/o Radar,7,14,5,2,28,0,2,34,26,62,7,16,39,28,90,40,8,48,138
09/22/2009,HLN,MT,ANM,WE,Combination Non-Radar Approach Control & Tower w/o Radar,9,15,10,3,37,0,8,77,7,92,9,23,87,10,129,76,12,88,217
09/23/2009,HLN,MT,ANM,WE,Combination Non-Radar Approach Control & Tower w/o Radar,6,17,11,0,34,0,2,62,12,76,6,19,73,12,110,52,8,60,170
09/24/2009,HLN,MT,ANM,WE,Combination Non-Radar Approach Control & Tower w/o Radar,8,19,19,1,47,0,2,82,18,102,8,21,101,19,149,88,6,94,243
09/25/2009,HLN,MT,ANM,WE,Combination Non-Radar Approach Control & Tower w/o Radar,8,14,18,1,41,0,2,75,15,92,8,16,93,16,133,72,28,100,233
09/26/2009,HLN,MT,ANM,WE,Combination Non-Radar Approach Control & Tower w/o Radar,8,11,9,1,29,0,2,71,5,78,8,13,80,6,107,74,24,98,205
09/27/2009,HLN,MT,ANM,WE,Combination Non-Radar Approach Control & Tower w/o Radar,7,8,3,0,18,0,1,66,0,67,7,9,69,0,85,36,0,36,121
09/28/2009,HLN,MT,ANM,WE,Combination Non-Radar Approach Control & Tower w/o Radar,8,18,5,5,36,0,3,63,5,71,8,21,68,10,107,44,10,54,161
09/29/2009,HLN,MT,ANM,WE,Combination Non-Radar Approach Control & Tower w/o Radar,8,16,11,1,36,0,0,55,14,69,8,16,66,15,105,38,16,54,159
09/30/2009,HLN,MT,ANM,WE,Combination Non-Radar Approach Control & Tower w/o Radar,8,22,10,3,43,0,1,4,7,12,8,23,14,10,55,4,34,38,93
10/01/2009,HLN,MT,ANM,WE,Combination Non-Radar Approach Control & Tower w/o Radar,7,17,9,1,34,0,1,13,19,33,7,18,22,20,67,6,28,34,101
10/02/2009,HLN,MT,ANM,WE,Combination Non-Radar Approach Control & Tower w/o Radar,8,19,10,4,41,0,7,56,20,83,8,26,66,24,124,30,12,42,166
10/03/2009,HLN,MT,ANM,WE,Combination Non-Radar Approach Control & Tower w/o Radar,8,8,4,6,26,0,3,45,16,64,8,11,49,22,90,38,14,52,142
10/04/2009,HLN,MT,ANM,WE,Combination Non-Radar Approach Control & Tower w/o Radar,5,10,1,1,17,0,0,3,5,8,5,10,4,6,25,0,6,6,31
10/05/2009,HLN,MT,ANM,WE,Combination Non-Radar Approach Control & Tower w/o Radar,8,19,8,0,35,0,2,5,6,13,8,21,13,6,48,24,14,38,86
10/06/2009,HLN,MT,ANM,WE,Combination Non-Radar Approach Control & Tower w/o Radar,8,15,16,4,43,0,0,69,10,79,8,15,85,14,122,80,20,100,222
10/07/2009,HLN,MT,ANM,WE,Combination Non-Radar Approach Control & Tower w/o Radar,6,14,11,0,31,0,0,3,5,8,6,14,14,5,39,2,8,10,49
10/08/2009,HLN,MT,ANM,WE,Combination Non-Radar Approach Control & Tower w/o Radar,8,17,6,0,31,0,1,57,24,82,8,18,63,24,113,40,24,64,177
10/09/2009,HLN,MT,ANM,WE,Combination Non-Radar Approach Control & Tower w/o Radar,8,18,13,1,40,0,0,11,2,13,8,18,24,3,53,24,22,46,99
10/10/2009,HLN,MT,ANM,WE,Combination Non-Radar Approach Control & Tower w/o Radar,6,9,2,1,18,0,0,21,1,22,6,9,23,2,40,24,0,24,64
10/11/2009,HLN,MT,ANM,WE,Combination Non-Radar Approach Control & Tower w/o Radar,7,13,8,0,28,0,0,3,0,3,7,13,11,0,31,10,0,10,41
10/12/2009,HLN,MT,ANM,WE,Combination Non-Radar Approach Control & Tower w/o Radar,8,13,3,0,24,0,0,49,0,49,8,13,52,0,73,68,0,68,141
10/13/2009,HLN,MT,ANM,WE,Combination Non-Radar Approach Control & Tower w/o Radar,6,21,12,3,42,0,0,10,6,16,6,21,22,9,58,16,14,30,88
10/14/2009,HLN,MT,ANM,WE,Combination Non-Radar Approach Control & Tower w/o Radar,8,18,20,6,52,0,1,6,2,9,8,19,26,8,61,20,6,26,87
10/15/2009,HLN,MT,ANM,WE,Combination Non-Radar Approach Control & Tower w/o Radar,7,16,5,1,29,0,2,27,10,39,7,18,32,11,68,52,8,60,128
10/16/2009,HLN,MT,ANM,WE,Combination Non-Radar Approach Control & Tower w/o Radar,7,13,7,5,32,0,1,50,11,62,7,14,57,16,94,58,24,82,176
10/17/2009,HLN,MT,ANM,WE,Combination Non-Radar Approach Control & Tower w/o Radar,8,7,1,0,16,0,2,44,14,60,8,9,45,14,76,36,4,40,116
10/18/2009,HLN,MT,ANM,WE,Combination Non-Radar Approach Control & Tower w/o Radar,7,8,4,0,19,0,0,32,0,32,7,8,36,0,51,48,0,48,99
10/19/2009,HLN,MT,ANM,WE,Combination Non-Radar Approach Control & Tower w/o Radar,8,18,16,2,44,0,0,1,0,1,8,18,17,2,45,4,0,4,49
10/20/2009,HLN,MT,ANM,WE,Combination Non-Radar Approach Control & Tower w/o Radar,8,23,7,0,38,0,0,15,11,26,8,23,22,11,64,10,8,18,82
10/21/2009,HLN,MT,ANM,WE,Combination Non-Radar Approach Control & Tower w/o Radar,8,15,18,0,41,0,0,25,18,43,8,15,43,18,84,44,10,54,138
10/22/2009,HLN,MT,ANM,WE,Combination Non-Radar Approach Control & Tower w/o Radar,8,17,15,2,42,0,0,40,10,50,8,17,55,12,92,62,8,70,162
10/23/2009,HLN,MT,ANM,WE,Combination Non-Radar Approach Control & Tower w/o Radar,6,20,12,5,43,0,0,39,12,51,6,20,51,17,94,42,8,50,144
10/24/2009,HLN,MT,ANM,WE,Combination Non-Radar Approach Control & Tower w/o Radar,8,11,3,1,23,0,0,5,0,5,8,11,8,1,28,2,0,2,30
10/25/2009,HLN,MT,ANM,WE,Combination Non-Radar Approach Control & Tower w/o Radar,7,11,9,1,28,0,2,46,1,49,7,13,55,2,77,14,0,14,91
10/26/2009,HLN,MT,ANM,WE,Combination Non-Radar Approach Control & Tower w/o Radar,8,20,7,1,36,0,0,13,9,22,8,20,20,10,58,0,0,0,58
10/27/2009,HLN,MT,ANM,WE,Combination Non-Radar Approach Control & Tower w/o Radar,8,14,14,6,42,0,0,8,4,12,8,14,22,10,54,2,14,16,70
10/28/2009,HLN,MT,ANM,WE,Combination Non-Radar Approach Control & Tower w/o Radar,8,12,9,8,37,0,2,9,7,18,8,14,18,15,55,6,22,28,83
10/29/2009,HLN,MT,ANM,WE,Combination Non-Radar Approach Control & Tower w/o Radar,7,13,9,4,33,0,0,26,10,36,7,13,35,14,69,40,12,52,121
10/30/2009,HLN,MT,ANM,WE,Combination Non-Radar Approach Control & Tower w/o Radar,6,19,10,3,38,0,0,9,11,20,6,19,19,14,58,0,12,12,70
10/31/2009,HLN,MT,ANM,WE,Combination Non-Radar Approach Control & Tower w/o Radar,8,10,5,0,23,0,2,6,1,9,8,12,11,1,32,0,0,0,32
11/01/2009,HLN,MT,ANM,WE,Combination Non-Radar Approach Control & Tower w/o Radar,7,12,2,0,21,0,2,15,0,17,7,14,17,0,38,16,0,16,54
11/02/2009,HLN,MT,ANM,WE,Combination Non-Radar Approach Control & Tower w/o Radar,8,15,7,1,31,0,0,45,14,59,8,15,52,15,90,84,0,84,174
11/03/2009,HLN,MT,ANM,WE,Combination Non-Radar Approach Control & Tower w/o Radar,8,12,12,1,33,0,3,53,3,59,8,15,65,4,92,50,0,50,142
11/04/2009,HLN,MT,ANM,WE,Combination Non-Radar Approach Control & Tower w/o Radar,7,18,16,1,42,0,0,58,18,76,7,18,74,19,118,50,4,54,172
11/05/2009,HLN,MT,ANM,WE,Combination Non-Radar Approach Control & Tower w/o Radar,9,17,10,1,37,0,1,44,5,50,9,18,54,6,87,76,0,76,163
11/06/2009,HLN,MT,ANM,WE,Combination Non-Radar Approach Control & Tower w/o Radar,8,19,6,1,34,0,0,11,17,28,8,19,17,18,62,16,8,24,86
11/07/2009,HLN,MT,ANM,WE,Combination Non-Radar Approach Control & Tower w/o Radar,7,11,2,0,20,0,2,53,19,74,7,13,55,19,94,44,2,46,140
11/08/2009,HLN,MT,ANM,WE,Combination Non-Radar Approach Control & Tower w/o Radar,7,15,3,0,25,0,0,17,2,19,7,15,20,2,44,14,0,14,58
11/09/2009,HLN,MT,ANM,WE,Combination Non-Radar Approach Control & Tower w/o Radar,8,22,7,2,39,0,1,48,18,67,8,23,55,20,106,40,14,54,160
11/10/2009,HLN,MT,ANM,WE,Combination Non-Radar Approach Control & Tower w/o Radar,8,19,7,3,37,0,1,35,9,45,8,20,42,12,82,22,14,36,118
11/11/2009,HLN,MT,ANM,WE,Combination Non-Radar Approach Control & Tower w/o Radar,8,15,2,0,25,0,0,24,0,24,8,15,26,0,49,38,0,38,87
11/12/2009,HLN,MT,ANM,WE,Combination Non-Radar Approach Control & Tower w/o Radar,8,17,4,0,29,0,0,6,4,10,8,17,10,4,39,0,0,0,39
11/13/2009,HLN,MT,ANM,WE,Combination Non-Radar Approach Control & Tower w/o Radar,8,16,7,4,35,0,0,32,6,38,8,16,39,10,73,68,18,86,159
11/14/2009,HLN,MT,ANM,WE,Combination Non-Radar Approach Control & Tower w/o Radar,7,11,3,2,23,0,1,31,0,32,7,12,34,2,55,20,0,20,75
11/15/2009,HLN,MT,ANM,WE,Combination Non-Radar Approach Control & Tower w/o Radar,7,7,3,0,17,0,5,32,0,37,7,12,35,0,54,32,0,32,86
11/16/2009,HLN,MT,ANM,WE,Combination Non-Radar Approach Control & Tower w/o Radar,8,14,12,4,38,0,3,38,16,57,8,17,50,20,95,36,26,62,157
11/17/2009,HLN,MT,ANM,WE,Combination Non-Radar Approach Control & Tower w/o Radar,8,14,6,4,32,0,0,41,5,46,8,14,47,9,78,32,14,46,124
11/18/2009,HLN,MT,ANM,WE,Combination Non-Radar Approach Control & Tower w/o Radar,8,17,8,2,35,0,1,47,4,52,8,18,55,6,87,90,0,90,177
11/19/2009,HLN,MT,ANM,WE,Combination Non-Radar Approach Control & Tower w/o Radar,8,17,5,7,37,0,3,52,11,66,8,20,57,18,103,54,28,82,185
11/20/2009,HLN,MT,ANM,WE,Combination Non-Radar Approach Control & Tower w/o Radar,8,21,9,3,41,0,7,31,25,63,8,28,40,28,104,36,48,84,188
11/21/2009,HLN,MT,ANM,WE,Combination Non-Radar Approach Control & Tower w/o Radar,7,12,1,2,22,0,2,20,9,31,7,14,21,11,53,24,4,28,81
11/22/2009,HLN,MT,ANM,WE,Combination Non-Radar Approach Control & Tower w/o Radar,5,9,5,0,19,0,0,6,0,6,5,9,11,0,25,0,0,0,25
11/23/2009,HLN,MT,ANM,WE,Combination Non-Radar Approach Control & Tower w/o Radar,8,14,5,3,30,0,1,19,10,30,8,15,24,13,60,6,18,24,84
11/24/2009,HLN,MT,ANM,WE,Combination Non-Radar Approach Control & Tower w/o Radar,8,18,11,1,38,0,0,52,14,66,8,18,63,15,104,66,12,78,182
11/25/2009,HLN,MT,ANM,WE,Combination Non-Radar Approach Control & Tower w/o Radar,8,13,2,0,23,0,0,51,8,59,8,13,53,8,82,86,8,94,176
11/26/2009,HLN,MT,ANM,WE,Combination Non-Radar Approach Control & Tower w/o Radar,7,5,2,0,14,0,0,25,0,25,7,5,27,0,39,46,0,46,85
11/27/2009,HLN,MT,ANM,WE,Combination Non-Radar Approach Control & Tower w/o Radar,8,13,7,0,28,0,0,26,0,26,8,13,33,0,54,26,0,26,80
11/28/2009,HLN,MT,ANM,WE,Combination Non-Radar Approach Control & Tower w/o Radar,8,15,1,0,24,0,0,28,0,28,8,15,29,0,52,62,0,62,114
11/29/2009,HLN,MT,ANM,WE,Combination Non-Radar Approach Control & Tower w/o Radar,7,15,4,0,26,0,0,12,0,12,7,15,16,0,38,0,0,0,38
11/30/2009,HLN,MT,ANM,WE,Combination Non-Radar Approach Control & Tower w/o Radar,8,17,6,1,32,0,1,34,13,48,8,18,40,14,80,34,0,34,114
12/01/2009,HLN,MT,ANM,WE,Combination Non-Radar Approach Control & Tower w/o Radar,8,15,18,5,46,0,0,19,15,34,8,15,37,20,80,6,26,32,112
12/02/2009,HLN,MT,ANM,WE,Combination Non-Radar Approach Control & Tower w/o Radar,8,20,8,2,38,0,0,38,10,48,8,20,46,12,86,20,10,30,116
12/03/2009,HLN,MT,ANM,WE,Combination Non-Radar Approach Control & Tower w/o Radar,9,18,5,4,36,0,3,26,15,44,9,21,31,19,80,20,16,36,116
12/04/2009,HLN,MT,ANM,WE,Combination Non-Radar Approach Control & Tower w/o Radar,8,13,5,1,27,0,1,35,38,74,8,14,40,39,101,82,54,136,237
12/05/2009,HLN,MT,ANM,WE,Combination Non-Radar Approach Control & Tower w/o Radar,8,11,3,0,22,0,0,0,0,0,8,11,3,0,22,0,0,0,22
12/06/2009,HLN,MT,ANM,WE,Combination Non-Radar Approach Control & Tower w/o Radar,7,9,7,0,23,0,0,0,0,0,7,9,7,0,23,0,0,0,23
12/07/2009,HLN,MT,ANM,WE,Combination Non-Radar Approach Control & Tower w/o Radar,10,13,9,3,35,0,1,8,11,20,10,14,17,14,55,2,8,10,65
12/08/2009,HLN,MT,ANM,WE,Combination Non-Radar Approach Control & Tower w/o Radar,7,12,5,5,29,0,2,12,8,22,7,14,17,13,51,0,14,14,65
12/09/2009,HLN,MT,ANM,WE,Combination Non-Radar Approach Control & Tower w/o Radar,8,17,9,5,39,0,3,10,6,19,8,20,19,11,58,0,16,16,74
12/10/2009,HLN,MT,ANM,WE,Combination Non-Radar Approach Control & Tower w/o Radar,9,14,8,4,35,0,1,20,11,32,9,15,28,15,67,6,36,42,109
12/11/2009,HLN,MT,ANM,WE,Combination Non-Radar Approach Control & Tower w/o Radar,8,18,8,4,38,0,3,25,13,41,8,21,33,17,79,36,4,40,119
12/12/2009,HLN,MT,ANM,WE,Combination Non-Radar Approach Control & Tower w/o Radar,7,11,5,0,23,0,0,11,0,11,7,11,16,0,34,20,0,20,54
12/13/2009,HLN,MT,ANM,WE,Combination Non-Radar Approach Control & Tower w/o Radar,7,9,0,0,16,0,0,0,0,0,7,9,0,0,16,0,0,0,16
12/14/2009,HLN,MT,ANM,WE,Combination Non-Radar Approach Control & Tower w/o Radar,8,20,6,4,38,0,0,4,3,7,8,20,10,7,45,14,10,24,69
12/15/2009,HLN,MT,ANM,WE,Combination Non-Radar Approach Control & Tower w/o Radar,6,18,16,6,46,0,3,14,1,18,6,21,30,7,64,2,22,24,88
12/16/2009,HLN,MT,ANM,WE,Combination Non-Radar Approach Control & Tower w/o Radar,10,20,16,4,50,0,4,5,8,17,10,24,21,12,67,0,6,6,73
12/17/2009,HLN,MT,ANM,WE,Combination Non-Radar Approach Control & Tower w/o Radar,11,25,5,0,41,0,0,29,18,47,11,25,34,18,88,18,18,36,124
12/18/2009,HLN,MT,ANM,WE,Combination Non-Radar Approach Control & Tower w/o Radar,8,15,10,5,38,0,0,10,13,23,8,15,20,18,61,10,12,22,83
12/19/2009,HLN,MT,ANM,WE,Combination Non-Radar Approach Control & Tower w/o Radar,9,13,6,2,30,0,2,14,0,16,9,15,20,2,46,60,0,60,106
12/20/2009,HLN,MT,ANM,WE,Combination Non-Radar Approach Control & Tower w/o Radar,7,13,3,2,25,0,0,9,0,9,7,13,12,2,34,0,0,0,34
12/21/2009,HLN,MT,ANM,WE,Combination Non-Radar Approach Control & Tower w/o Radar,8,23,3,3,37,0,0,12,16,28,8,23,15,19,65,8,14,22,87
12/22/2009,HLN,MT,ANM,WE,Combination Non-Radar Approach Control & Tower w/o Radar,8,18,7,0,33,0,0,5,18,23,8,18,12,18,56,16,16,32,88
12/23/2009,HLN,MT,ANM,WE,Combination Non-Radar Approach Control & Tower w/o Radar,7,18,9,2,36,0,0,2,4,6,7,18,11,6,42,0,0,0,42
12/24/2009,HLN,MT,ANM,WE,Combination Non-Radar Approach Control & Tower w/o Radar,8,14,2,0,24,0,0,6,0,6,8,14,8,0,30,0,0,0,30
12/25/2009,HLN,MT,ANM,WE,Combination Non-Radar Approach Control & Tower w/o Radar,8,10,2,0,20,0,0,5,0,5,8,10,7,0,25,22,0,22,47
12/26/2009,HLN,MT,ANM,WE,Combination Non-Radar Approach Control & Tower w/o Radar,7,13,2,0,22,0,0,16,0,16,7,13,18,0,38,28,0,28,66
12/27/2009,HLN,MT,ANM,WE,Combination Non-Radar Approach Control & Tower w/o Radar,7,9,6,0,22,0,0,8,0,8,7,9,14,0,30,0,0,0,30
12/28/2009,HLN,MT,ANM,WE,Combination Non-Radar Approach Control & Tower w/o Radar,9,16,7,4,36,0,0,25,20,45,9,16,32,24,81,14,24,38,119
12/29/2009,HLN,MT,ANM,WE,Combination Non-Radar Approach Control & Tower w/o Radar,8,16,5,2,31,0,3,20,12,35,8,19,25,14,66,28,20,48,114
12/30/2009,HLN,MT,ANM,WE,Combination Non-Radar Approach Control & Tower w/o Radar,8,22,6,2,38,0,2,19,18,39,8,24,25,20,77,36,30,66,143
12/31/2009,HLN,MT,ANM,WE,Combination Non-Radar Approach Control & Tower w/o Radar,10,12,9,0,31,0,2,26,4,32,10,14,35,4,63,50,2,52,115
01/01/2010,HLN,MT,ANM,WE,Combination Non-Radar Approach Control & Tower w/o Radar,8,14,0,0,22,0,0,12,0,12,8,14,12,0,34,28,0,28,62
01/02/2010,HLN,MT,ANM,WE,Combination Non-Radar Approach Control & Tower w/o Radar,7,13,19,0,39,0,0,14,0,14,7,13,33,0,53,50,0,50,103
01/03/2010,HLN,MT,ANM,WE,Combination Non-Radar Approach Control & Tower w/o Radar,7,8,1,1,17,0,1,47,1,49,7,9,48,2,66,18,4,22,88
01/04/2010,HLN,MT,ANM,WE,Combination Non-Radar Approach Control & Tower w/o Radar,8,20,7,3,38,0,0,2,8,10,8,20,9,11,48,16,0,16,64
01/05/2010,HLN,MT,ANM,WE,Combination Non-Radar Approach Control & Tower w/o Radar,8,14,9,0,31,0,0,0,0,0,8,14,9,0,31,0,0,0,31
01/06/2010,HLN,MT,ANM,WE,Combination Non-Radar Approach Control & Tower w/o Radar,8,15,4,4,31,0,1,32,2,35,8,16,36,6,66,54,0,54,120
01/07/2010,HLN,MT,ANM,WE,Combination Non-Radar Approach Control & Tower w/o Radar,8,19,2,4,33,0,0,23,15,38,8,19,25,19,71,0,12,12,83
01/08/2010,HLN,MT,ANM,WE,Combination Non-Radar Approach Control & Tower w/o Radar,8,21,7,0,36,0,0,28,29,57,8,21,35,29,93,14,20,34,127
01/09/2010,HLN,MT,ANM,WE,Combination Non-Radar Approach Control & Tower w/o Radar,6,10,0,0,16,0,3,21,6,30,6,13,21,6,46,54,0,54,100
01/10/2010,HLN,MT,ANM,WE,Combination Non-Radar Approach Control & Tower w/o Radar,6,11,5,0,22,0,0,19,10,29,6,11,24,10,51,32,0,32,83
01/11/2010,HLN,MT,ANM,WE,Combination Non-Radar Approach Control & Tower w/o Radar,8,16,11,8,43,0,0,45,15,60,8,16,56,23,103,46,24,70,173
01/12/2010,HLN,MT,ANM,WE,Combination Non-Radar Approach Control & Tower w/o Radar,8,10,7,1,26,0,4,23,14,41,8,14,30,15,67,52,26,78,145
01/13/2010,HLN,MT,ANM,WE,Combination Non-Radar Approach Control & Tower w/o Radar,8,12,8,5,33,0,2,34,11,47,8,14,42,16,80,62,10,72,152
01/14/2010,HLN,MT,ANM,WE,Combination Non-Radar Approach Control & Tower w/o Radar,8,16,6,7,37,0,0,36,16,52,8,16,42,23,89,60,30,90,179
01/15/2010,HLN,MT,ANM,WE,Combination Non-Radar Approach Control & Tower w/o Radar,8,17,10,1,36,0,0,28,17,45,8,17,38,18,81,56,6,62,143
01/16/2010,HLN,MT,ANM,WE,Combination Non-Radar Approach Control & Tower w/o Radar,7,12,13,1,33,0,1,13,1,15,7,13,26,2,48,34,0,34,82
01/17/2010,HLN,MT,ANM,WE,Combination Non-Radar Approach Control & Tower w/o Radar,7,8,9,1,25,0,1,38,0,39,7,9,47,1,64,36,0,36,100
01/18/2010,HLN,MT,ANM,WE,Combination Non-Radar Approach Control & Tower w/o Radar,8,10,8,0,26,0,0,57,0,57,8,10,65,0,83,94,0,94,177
01/19/2010,HLN,MT,ANM,WE,Combination Non-Radar Approach Control & Tower w/o Radar,8,16,10,5,39,0,0,32,18,50,8,16,42,23,89,124,22,146,235
01/20/2010,HLN,MT,ANM,WE,Combination Non-Radar Approach Control & Tower w/o Radar,8,17,7,4,36,0,2,41,22,65,8,19,48,26,101,36,16,52,153
01/21/2010,HLN,MT,ANM,WE,Combination Non-Radar Approach Control & Tower w/o Radar,8,12,5,2,27,8,14,47,18,87,16,26,52,20,114,48,28,76,190
01/22/2010,HLN,MT,ANM,WE,Combination Non-Radar Approach Control & Tower w/o Radar,8,15,14,2,39,0,0,0,0,0,8,15,14,2,39,0,0,0,39
01/23/2010,HLN,MT,ANM,WE,Combination Non-Radar Approach Control & Tower w/o Radar,7,14,1,2,24,0,0,2,6,8,7,14,3,8,32,0,8,8,40
01/24/2010,HLN,MT,ANM,WE,Combination Non-Radar Approach Control & Tower w/o Radar,6,9,4,1,20,0,0,8,0,8,6,9,12,1,28,10,0,10,38
01/25/2010,HLN,MT,ANM,WE,Combination Non-Radar Approach Control & Tower w/o Radar,8,17,1,1,27,0,0,10,11,21,8,17,11,12,48,8,20,28,76
01/26/2010,HLN,MT,ANM,WE,Combination Non-Radar Approach Control & Tower w/o Radar,8,15,7,1,31,0,0,8,3,11,8,15,15,4,42,10,12,22,64
01/27/2010,HLN,MT,ANM,WE,Combination Non-Radar Approach Control & Tower w/o Radar,8,10,11,0,29,0,2,31,18,51,8,12,42,18,80,40,16,56,136
01/28/2010,HLN,MT,ANM,WE,Combination Non-Radar Approach Control & Tower w/o Radar,8,17,10,2,37,0,0,18,21,39,8,17,28,23,76,42,18,60,136
01/29/2010,HLN,MT,ANM,WE,Combination Non-Radar Approach Control & Tower w/o Radar,8,13,6,2,29,0,1,19,8,28,8,14,25,10,57,8,14,22,79
01/30/2010,HLN,MT,ANM,WE,Combination Non-Radar Approach Control & Tower w/o Radar,7,11,4,0,22,0,0,22,0,22,7,11,26,0,44,26,0,26,70
01/31/2010,HLN,MT,ANM,WE,Combination Non-Radar Approach Control & Tower w/o Radar,7,11,2,0,20,0,0,13,0,13,7,11,15,0,33,30,0,30,63
02/01/2010,HLN,MT,ANM,WE,Combination Non-Radar Approach Control & Tower w/o Radar,9,14,5,2,30,0,1,15,11,27,9,15,20,13,57,30,4,34,91
02/02/2010,HLN,MT,ANM,WE,Combination Non-Radar Approach Control & Tower w/o Radar,8,13,5,0,26,0,2,33,12,47,8,15,38,12,73,82,28,110,183
02/03/2010,HLN,MT,ANM,WE,Combination Non-Radar Approach Control & Tower w/o Radar,8,12,7,1,28,0,2,19,3,24,8,14,26,4,52,34,0,34,86
02/04/2010,HLN,MT,ANM,WE,Combination Non-Radar Approach Control & Tower w/o Radar,9,21,9,3,42,0,0,11,7,18,9,21,20,10,60,30,2,32,92
02/05/2010,HLN,MT,ANM,WE,Combination Non-Radar Approach Control & Tower w/o Radar,5,16,6,2,29,0,0,0,6,6,5,16,6,8,35,0,0,0,35
02/06/2010,HLN,MT,ANM,WE,Combination Non-Radar Approach Control & Tower w/o Radar,9,15,2,0,26,0,3,1,0,4,9,18,3,0,30,2,0,2,32
02/07/2010,HLN,MT,ANM,WE,Combination Non-Radar Approach Control & Tower w/o Radar,8,7,1,2,18,0,0,0,0,0,8,7,1,2,18,0,0,0,18
02/08/2010,HLN,MT,ANM,WE,Combination Non-Radar Approach Control & Tower w/o Radar,7,11,11,0,29,0,0,13,8,21,7,11,24,8,50,66,20,86,136
02/09/2010,HLN,MT,ANM,WE,Combination Non-Radar Approach Control & Tower w/o Radar,8,13,6,0,27,0,0,36,10,46,8,13,42,10,73,76,8,84,157
02/10/2010,HLN,MT,ANM,WE,Combination Non-Radar Approach Control & Tower w/o Radar,8,10,6,0,24,0,2,34,3,39,8,12,40,3,63,54,2,56,119
02/11/2010,HLN,MT,ANM,WE,Combination Non-Radar Approach Control & Tower w/o Radar,7,12,9,0,28,0,0,23,20,43,7,12,32,20,71,72,8,80,151
02/12/2010,HLN,MT,ANM,WE,Combination Non-Radar Approach Control & Tower w/o Radar,8,20,12,1,41,0,0,48,12,60,8,20,60,13,101,58,14,72,173
02/13/2010,HLN,MT,ANM,WE,Combination Non-Radar Approach Control & Tower w/o Radar,7,12,3,0,22,0,0,18,0,18,7,12,21,0,40,18,0,18,58
02/14/2010,HLN,MT,ANM,WE,Combination Non-Radar Approach Control & Tower w/o Radar,7,8,3,0,18,0,4,18,0,22,7,12,21,0,40,18,0,18,58
02/15/2010,HLN,MT,ANM,WE,Combination Non-Radar Approach Control & Tower w/o Radar,8,10,4,0,22,0,0,15,0,15,8,10,19,0,37,44,0,44,81
02/16/2010,HLN,MT,ANM,WE,Combination Non-Radar Approach Control & Tower w/o Radar,8,16,10,1,35,0,0,26,12,38,8,16,36,13,73,46,8,54,127
02/17/2010,HLN,MT,ANM,WE,Combination Non-Radar Approach Control & Tower w/o Radar,8,14,6,2,30,0,2,19,9,30,8,16,25,11,60,62,8,70,130
02/18/2010,HLN,MT,ANM,WE,Combination Non-Radar Approach Control & Tower w/o Radar,8,13,12,0,33,0,0,5,5,10,8,13,17,5,43,10,6,16,59
02/19/2010,HLN,MT,ANM,WE,Combination Non-Radar Approach Control & Tower w/o Radar,10,20,14,3,47,0,0,9,23,32,10,20,23,26,79,8,38,46,125
02/20/2010,HLN,MT,ANM,WE,Combination Non-Radar Approach Control & Tower w/o Radar,7,14,4,0,25,0,0,10,9,19,7,14,14,9,44,24,18,42,86
02/21/2010,HLN,MT,ANM,WE,Combination Non-Radar Approach Control & Tower w/o Radar,5,8,4,0,17,0,2,55,0,57,5,10,59,0,74,72,0,72,146
02/22/2010,HLN,MT,ANM,WE,Combination Non-Radar Approach Control & Tower w/o Radar,8,14,4,0,26,0,0,53,8,61,8,14,57,8,87,40,4,44,131
02/23/2010,HLN,MT,ANM,WE,Combination Non-Radar Approach Control & Tower w/o Radar,8,13,7,1,29,0,1,75,9,85,8,14,82,10,114,108,8,116,230
02/24/2010,HLN,MT,ANM,WE,Combination Non-Radar Approach Control & Tower w/o Radar,8,15,15,1,39,0,0,25,3,28,8,15,40,4,67,54,2,56,123
02/25/2010,HLN,MT,ANM,WE,Combination Non-Radar Approach Control & Tower w/o Radar,8,19,8,2,37,0,1,22,16,39,8,20,30,18,76,80,10,90,166
02/26/2010,HLN,MT,ANM,WE,Combination Non-Radar Approach Control & Tower w/o Radar,8,13,8,2,31,0,4,65,17,86,8,17,73,19,117,72,10,82,199
02/27/2010,HLN,MT,ANM,WE,Combination Non-Radar Approach Control & Tower w/o Radar,7,11,2,0,20,0,3,34,3,40,7,14,36,3,60,46,0,46,106
02/28/2010,HLN,MT,ANM,WE,Combination Non-Radar Approach Control & Tower w/o Radar,7,9,1,0,17,0,2,25,0,27,7,11,26,0,44,42,0,42,86
03/01/2010,HLN,MT,ANM,WE,Combination Non-Radar Approach Control & Tower w/o Radar,8,11,12,0,31,0,0,98,20,118,8,11,110,20,149,80,6,86,235
03/02/2010,HLN,MT,ANM,WE,Combination Non-Radar Approach Control & Tower w/o Radar,8,12,7,0,27,0,0,57,13,70,8,12,64,13,97,76,10,86,183
03/03/2010,HLN,MT,ANM,WE,Combination Non-Radar Approach Control & Tower w/o Radar,8,15,10,0,33,0,2,44,0,46,8,17,54,0,79,64,0,64,143
03/04/2010,HLN,MT,ANM,WE,Combination Non-Radar Approach Control & Tower w/o Radar,8,13,8,1,30,0,2,33,11,46,8,15,41,12,76,30,34,64,140
03/05/2010,HLN,MT,ANM,WE,Combination Non-Radar Approach Control & Tower w/o Radar,8,14,14,4,40,0,2,42,34,78,8,16,56,38,118,42,30,72,190
03/06/2010,HLN,MT,ANM,WE,Combination Non-Radar Approach Control & Tower w/o Radar,7,11,7,2,27,0,1,68,16,85,7,12,75,18,112,78,12,90,202
03/07/2010,HLN,MT,ANM,WE,Combination Non-Radar Approach Control & Tower w/o Radar,7,7,2,2,18,0,2,52,1,55,7,9,54,3,73,10,2,12,85
03/08/2010,HLN,MT,ANM,WE,Combination Non-Radar Approach Control & Tower w/o Radar,8,16,9,2,35,0,1,43,5,49,8,17,52,7,84,14,2,16,100
03/09/2010,HLN,MT,ANM,WE,Combination Non-Radar Approach Control & Tower w/o Radar,8,17,15,4,44,0,5,3,3,11,8,22,18,7,55,14,2,16,71
03/10/2010,HLN,MT,ANM,WE,Combination Non-Radar Approach Control & Tower w/o Radar,8,15,3,2,28,0,0,21,17,38,8,15,24,19,66,36,14,50,116
03/11/2010,HLN,MT,ANM,WE,Combination Non-Radar Approach Control & Tower w/o Radar,8,12,5,2,27,0,4,60,24,88,8,16,65,26,115,124,20,144,259
03/12/2010,HLN,MT,ANM,WE,Combination Non-Radar Approach Control & Tower w/o Radar,6,17,6,0,29,0,1,57,8,66,6,18,63,8,95,124,2,126,221
03/13/2010,HLN,MT,ANM,WE,Combination Non-Radar Approach Control & Tower w/o Radar,7,14,6,0,27,0,0,15,2,17,7,14,21,2,44,10,0,10,54
03/14/2010,HLN,MT,ANM,WE,Combination Non-Radar Approach Control & Tower w/o Radar,7,9,1,0,17,0,1,38,0,39,7,10,39,0,56,44,0,44,100
03/15/2010,HLN,MT,ANM,WE,Combination Non-Radar Approach Control & Tower w/o Radar,8,12,10,0,30,0,1,34,10,45,8,13,44,10,75,28,8,36,111
03/16/2010,HLN,MT,ANM,WE,Combination Non-Radar Approach Control & Tower w/o Radar,8,12,8,2,30,0,4,65,9,78,8,16,73,11,108,86,0,86,194
03/17/2010,HLN,MT,ANM,WE,Combination Non-Radar Approach Control & Tower w/o Radar,8,12,7,0,27,0,1,19,27,47,8,13,26,27,74,46,26,72,146
03/18/2010,HLN,MT,ANM,WE,Combination Non-Radar Approach Control & Tower w/o Radar,8,18,11,4,41,0,1,35,6,42,8,19,46,10,83,86,12,98,181
03/19/2010,HLN,MT,ANM,WE,Combination Non-Radar Approach Control & Tower w/o Radar,8,22,25,2,57,0,0,31,17,48,8,22,56,19,105,58,10,68,173
03/20/2010,HLN,MT,ANM,WE,Combination Non-Radar Approach Control & Tower w/o Radar,7,9,4,1,21,0,5,56,7,68,7,14,60,8,89,38,8,46,135
03/21/2010,HLN,MT,ANM,WE,Combination Non-Radar Approach Control & Tower w/o Radar,7,9,4,0,20,0,0,38,0,38,7,9,42,0,58,12,0,12,70
03/22/2010,HLN,MT,ANM,WE,Combination Non-Radar Approach Control & Tower w/o Radar,8,13,8,4,33,0,0,24,4,28,8,13,32,8,61,56,12,68,129
03/23/2010,HLN,MT,ANM,WE,Combination Non-Radar Approach Control & Tower w/o Radar,8,14,18,1,41,0,0,33,14,47,8,14,51,15,88,110,16,126,214
03/24/2010,HLN,MT,ANM,WE,Combination Non-Radar Approach Control & Tower w/o Radar,8,12,6,3,29,0,2,75,15,92,8,14,81,18,121,118,24,142,263
03/25/2010,HLN,MT,ANM,WE,Combination Non-Radar Approach Control & Tower w/o Radar,8,14,16,2,40,0,2,49,20,71,8,16,65,22,111,40,36,76,187
03/26/2010,HLN,MT,ANM,WE,Combination Non-Radar Approach Control & Tower w/o Radar,8,19,10,0,37,0,0,18,6,24,8,19,28,6,61,16,2,18,79
03/27/2010,HLN,MT,ANM,WE,Combination Non-Radar Approach Control & Tower w/o Radar,7,13,3,0,23,0,1,30,2,33,7,14,33,2,56,36,0,36,92
03/28/2010,HLN,MT,ANM,WE,Combination Non-Radar Approach Control & Tower w/o Radar,7,8,1,0,16,0,0,40,1,41,7,8,41,1,57,70,0,70,127
03/29/2010,HLN,MT,ANM,WE,Combination Non-Radar Approach Control & Tower w/o Radar,9,14,8,1,32,0,0,4,19,23,9,14,12,20,55,8,38,46,101
03/30/2010,HLN,MT,ANM,WE,Combination Non-Radar Approach Control & Tower w/o Radar,8,17,13,0,38,0,0,17,9,26,8,17,30,9,64,36,12,48,112
03/31/2010,HLN,MT,ANM,WE,Combination Non-Radar Approach Control & Tower w/o Radar,8,13,7,6,34,0,3,26,15,44,8,16,33,21,78,32,16,48,126
04/01/2010,HLN,MT,ANM,WE,Combination Non-Radar Approach Control & Tower w/o Radar,10,14,8,2,34,0,0,43,8,51,10,14,51,10,85,50,16,66,151
04/02/2010,HLN,MT,ANM,WE,Combination Non-Radar Approach Control & Tower w/o Radar,8,17,7,0,32,0,0,53,23,76,8,17,60,23,108,84,38,122,230
04/03/2010,HLN,MT,ANM,WE,Combination Non-Radar Approach Control & Tower w/o Radar,7,12,0,0,19,0,0,18,0,18,7,12,18,0,37,46,0,46,83
04/04/2010,HLN,MT,ANM,WE,Combination Non-Radar Approach Control & Tower w/o Radar,7,11,2,0,20,0,0,32,0,32,7,11,34,0,52,40,0,40,92
04/05/2010,HLN,MT,ANM,WE,Combination Non-Radar Approach Control & Tower w/o Radar,8,14,6,2,30,0,1,41,9,51,8,15,47,11,81,54,20,74,155
04/06/2010,HLN,MT,ANM,WE,Combination Non-Radar Approach Control & Tower w/o Radar,8,13,8,1,30,0,0,12,10,22,8,13,20,11,52,8,6,14,66
04/07/2010,HLN,MT,ANM,WE,Combination Non-Radar Approach Control & Tower w/o Radar,8,18,14,0,40,0,1,33,4,38,8,19,47,4,78,10,0,10,88
04/08/2010,HLN,MT,ANM,WE,Combination Non-Radar Approach Control & Tower w/o Radar,8,21,14,0,43,0,0,9,7,16,8,21,23,7,59,0,12,12,71
04/09/2010,HLN,MT,ANM,WE,Combination Non-Radar Approach Control & Tower w/o Radar,8,13,7,2,30,0,1,28,36,65,8,14,35,38,95,32,42,74,169
04/10/2010,HLN,MT,ANM,WE,Combination Non-Radar Approach Control & Tower w/o Radar,7,11,3,0,21,0,4,89,18,111,7,15,92,18,132,56,4,60,192
04/11/2010,HLN,MT,ANM,WE,Combination Non-Radar Approach Control & Tower w/o Radar,7,11,5,0,23,0,0,21,9,30,7,11,26,9,53,24,0,24,77
04/12/2010,HLN,MT,ANM,WE,Combination Non-Radar Approach Control & Tower w/o Radar,8,14,11,2,35,0,4,20,10,34,8,18,31,12,69,0,18,18,87
04/13/2010,HLN,MT,ANM,WE,Combination Non-Radar Approach Control & Tower w/o Radar,8,18,10,0,36,0,0,0,0,0,8,18,10,0,36,0,0,0,36
04/14/2010,HLN,MT,ANM,WE,Combination Non-Radar Approach Control & Tower w/o Radar,8,16,8,1,33,0,1,21,12,34,8,17,29,13,67,6,26,32,99
04/15/2010,HLN,MT,ANM,WE,Combination Non-Radar Approach Control & Tower w/o Radar,8,15,6,4,33,0,1,63,23,87,8,16,69,27,120,28,14,42,162
04/16/2010,HLN,MT,ANM,WE,Combination Non-Radar Approach Control & Tower w/o Radar,8,14,12,2,36,0,4,69,14,87,8,18,81,16,123,72,42,114,237
04/17/2010,HLN,MT,ANM,WE,Combination Non-Radar Approach Control & Tower w/o Radar,7,15,4,0,26,0,1,38,0,39,7,16,42,0,65,48,0,48,113
04/18/2010,HLN,MT,ANM,WE,Combination Non-Radar Approach Control & Tower w/o Radar,7,10,4,0,21,0,3,41,0,44,7,13,45,0,65,18,0,18,83
04/19/2010,HLN,MT,ANM,WE,Combination Non-Radar Approach Control & Tower w/o Radar,8,13,7,3,31,0,2,57,11,70,8,15,64,14,101,56,12,68,169
04/20/2010,HLN,MT,ANM,WE,Combination Non-Radar Approach Control & Tower w/o Radar,8,15,5,1,29,0,3,62,15,80,8,18,67,16,109,78,20,98,207
04/21/2010,HLN,MT,ANM,WE,Combination Non-Radar Approach Control & Tower w/o Radar,8,16,7,3,34,0,5,54,28,87,8,21,61,31,121,74,40,114,235
04/22/2010,HLN,MT,ANM,WE,Combination Non-Radar Approach Control & Tower w/o Radar,8,16,7,0,31,0,0,41,16,57,8,16,48,16,88,74,32,106,194
04/23/2010,HLN,MT,ANM,WE,Combination Non-Radar Approach Control & Tower w/o Radar,8,15,12,4,39,0,1,25,26,52,8,16,37,30,91,14,40,54,145
04/24/2010,HLN,MT,ANM,WE,Combination Non-Radar Approach Control & Tower w/o Radar,7,13,2,0,22,0,1,25,9,35,7,14,27,9,57,16,6,22,79
04/25/2010,HLN,MT,ANM,WE,Combination Non-Radar Approach Control & Tower w/o Radar,7,9,2,2,20,0,0,14,0,14,7,9,16,2,34,16,0,16,50
04/26/2010,HLN,MT,ANM,WE,Combination Non-Radar Approach Control & Tower w/o Radar,9,16,2,1,28,0,1,58,26,85,9,17,60,27,113,76,50,126,239
04/27/2010,HLN,MT,ANM,WE,Combination Non-Radar Approach Control & Tower w/o Radar,8,16,11,1,36,0,0,43,9,52,8,16,54,10,88,58,10,68,156
04/28/2010,HLN,MT,ANM,WE,Combination Non-Radar Approach Control & Tower w/o Radar,8,14,9,1,32,0,2,8,16,26,8,16,17,17,58,2,28,30,88
04/29/2010,HLN,MT,ANM,WE,Combination Non-Radar Approach Control & Tower w/o Radar,8,18,10,0,36,0,0,0,0,0,8,18,10,0,36,0,0,0,36
04/30/2010,HLN,MT,ANM,WE,Combination Non-Radar Approach Control & Tower w/o Radar,9,15,7,1,32,0,0,16,17,33,9,15,23,18,65,54,20,74,139
05/01/2010,HLN,MT,ANM,WE,Combination Non-Radar Approach Control & Tower w/o Radar,9,12,3,0,24,0,0,9,2,11,9,12,12,2,35,24,2,26,61
05/02/2010,HLN,MT,ANM,WE,Combination Non-Radar Approach Control & Tower w/o Radar,7,9,4,0,20,0,0,21,0,21,7,9,25,0,41,16,0,16,57
05/03/2010,HLN,MT,ANM,WE,Combination Non-Radar Approach Control & Tower w/o Radar,8,15,5,3,31,0,0,21,8,29,8,15,26,11,60,34,0,34,94
05/04/2010,HLN,MT,ANM,WE,Combination Non-Radar Approach Control & Tower w/o Radar,8,20,9,0,37,0,3,7,4,14,8,23,16,4,51,0,42,42,93
05/05/2010,HLN,MT,ANM,WE,Combination Non-Radar Approach Control & Tower w/o Radar,9,14,10,4,37,0,0,2,11,13,9,14,12,15,50,0,26,26,76
05/06/2010,HLN,MT,ANM,WE,Combination Non-Radar Approach Control & Tower w/o Radar,8,15,11,3,37,0,0,12,13,25,8,15,23,16,62,38,42,80,142
05/07/2010,HLN,MT,ANM,WE,Combination Non-Radar Approach Control & Tower w/o Radar,8,22,15,8,53,0,4,54,30,88,8,26,69,38,141,86,32,118,259
05/08/2010,HLN,MT,ANM,WE,Combination Non-Radar Approach Control & Tower w/o Radar,8,10,7,0,25,0,0,35,0,35,8,10,42,0,60,26,0,26,86
05/09/2010,HLN,MT,ANM,WE,Combination Non-Radar Approach Control & Tower w/o Radar,7,8,3,0,18,0,1,31,0,32,7,9,34,0,50,42,0,42,92
05/10/2010,HLN,MT,ANM,WE,Combination Non-Radar Approach Control & Tower w/o Radar,8,17,13,4,42,0,5,76,15,96,8,22,89,19,138,66,6,72,210
05/11/2010,HLN,MT,ANM,WE,Combination Non-Radar Approach Control & Tower w/o Radar,8,16,11,6,41,0,2,10,9,21,8,18,21,15,62,10,8,18,80
05/12/2010,HLN,MT,ANM,WE,Combination Non-Radar Approach Control & Tower w/o Radar,8,15,14,2,39,0,2,48,12,62,8,17,62,14,101,14,8,22,123
05/13/2010,HLN,MT,ANM,WE,Combination Non-Radar Approach Control & Tower w/o Radar,8,21,12,2,43,0,3,77,19,99,8,24,89,21,142,46,2,48,190
05/14/2010,HLN,MT,ANM,WE,Combination Non-Radar Approach Control & Tower w/o Radar,8,16,12,2,38,0,2,105,20,127,8,18,117,22,165,62,48,110,275
05/15/2010,HLN,MT,ANM,WE,Combination Non-Radar Approach Control & Tower w/o Radar,6,9,5,6,26,0,1,66,12,79,6,10,71,18,105,84,6,90,195
05/16/2010,HLN,MT,ANM,WE,Combination Non-Radar Approach Control & Tower w/o Radar,7,9,4,2,22,0,1,42,0,43,7,10,46,2,65,32,0,32,97
05/17/2010,HLN,MT,ANM,WE,Combination Non-Radar Approach Control & Tower w/o Radar,8,15,3,3,29,0,1,58,9,68,8,16,61,12,97,46,2,48,145
05/18/2010,HLN,MT,ANM,WE,Combination Non-Radar Approach Control & Tower w/o Radar,8,11,4,0,23,0,1,29,32,62,8,12,33,32,85,92,54,146,231
05/19/2010,HLN,MT,ANM,WE,Combination Non-Radar Approach Control & Tower w/o Radar,9,14,16,1,40,0,2,62,7,71,9,16,78,8,111,18,0,18,129
05/20/2010,HLN,MT,ANM,WE,Combination Non-Radar Approach Control & Tower w/o Radar,8,18,9,1,36,0,1,22,5,28,8,19,31,6,64,8,6,14,78
05/21/2010,HLN,MT,ANM,WE,Combination Non-Radar Approach Control & Tower w/o Radar,8,13,7,0,28,0,1,30,8,39,8,14,37,8,67,40,0,40,107
05/22/2010,HLN,MT,ANM,WE,Combination Non-Radar Approach Control & Tower w/o Radar,8,11,2,0,21,0,0,7,5,12,8,11,9,5,33,0,10,10,43
05/23/2010,HLN,MT,ANM,WE,Combination Non-Radar Approach Control & Tower w/o Radar,7,10,4,0,21,0,0,28,4,32,7,10,32,4,53,44,4,48,101
05/24/2010,HLN,MT,ANM,WE,Combination Non-Radar Approach Control & Tower w/o Radar,8,17,18,2,45,0,0,8,0,8,8,17,26,2,53,0,0,0,53
05/25/2010,HLN,MT,ANM,WE,Combination Non-Radar Approach Control & Tower w/o Radar,8,13,17,5,43,0,1,45,11,57,8,14,62,16,100,86,22,108,208
05/26/2010,HLN,MT,ANM,WE,Combination Non-Radar Approach Control & Tower w/o Radar,6,11,15,0,32,0,3,53,17,73,6,14,68,17,105,66,32,98,203
05/27/2010,HLN,MT,ANM,WE,Combination Non-Radar Approach Control & Tower w/o Radar,8,15,19,0,42,0,0,20,10,30,8,15,39,10,72,24,0,24,96
05/28/2010,HLN,MT,ANM,WE,Combination Non-Radar Approach Control & Tower w/o Radar,8,14,11,0,33,0,0,9,21,30,8,14,20,21,63,52,26,78,141
05/29/2010,HLN,MT,ANM,WE,Combination Non-Radar Approach Control & Tower w/o Radar,8,12,2,0,22,0,1,9,0,10,8,13,11,0,32,0,0,0,32
05/30/2010,HLN,MT,ANM,WE,Combination Non-Radar Approach Control & Tower w/o Radar,8,8,2,0,18,0,0,41,0,41,8,8,43,0,59,24,0,24,83
05/31/2010,HLN,MT,ANM,WE,Combination Non-Radar Approach Control & Tower w/o Radar,8,12,4,0,24,0,0,66,4,70,8,12,70,4,94,32,0,32,126
06/01/2010,HLN,MT,ANM,WE,Combination Non-Radar Approach Control & Tower w/o Radar,8,17,13,0,38,0,0,59,16,75,8,17,72,16,113,30,4,34,147
06/02/2010,HLN,MT,ANM,WE,Combination Non-Radar Approach Control & Tower w/o Radar,8,18,14,0,40,0,0,40,0,40,8,18,54,0,80,10,0,10,90
06/03/2010,HLN,MT,ANM,WE,Combination Non-Radar Approach Control & Tower w/o Radar,8,15,10,2,35,0,0,22,18,40,8,15,32,20,75,2,8,10,85
06/04/2010,HLN,MT,ANM,WE,Combination Non-Radar Approach Control & Tower w/o Radar,8,15,16,0,39,0,1,32,20,53,8,16,48,20,92,14,26,40,132
06/05/2010,HLN,MT,ANM,WE,Combination Non-Radar Approach Control & Tower w/o Radar,8,9,3,2,22,0,1,35,7,43,8,10,38,9,65,4,0,4,69
06/06/2010,HLN,MT,ANM,WE,Combination Non-Radar Approach Control & Tower w/o Radar,5,9,3,0,17,0,1,47,7,55,5,10,50,7,72,40,0,40,112
06/07/2010,HLN,MT,ANM,WE,Combination Non-Radar Approach Control & Tower w/o Radar,6,18,7,2,33,0,0,23,9,32,6,18,30,11,65,26,0,26,91
06/08/2010,HLN,MT,ANM,WE,Combination Non-Radar Approach Control & Tower w/o Radar,6,13,7,2,28,6,5,58,2,71,12,18,65,4,99,30,0,30,129
06/09/2010,HLN,MT,ANM,WE,Combination Non-Radar Approach Control & Tower w/o Radar,6,17,4,2,29,0,0,46,5,51,6,17,50,7,80,32,0,32,112
06/10/2010,HLN,MT,ANM,WE,Combination Non-Radar Approach Control & Tower w/o Radar,6,18,11,5,40,0,0,36,12,48,6,18,47,17,88,44,6,50,138
06/11/2010,HLN,MT,ANM,WE,Combination Non-Radar Approach Control & Tower w/o Radar,6,14,17,2,39,0,2,11,15,28,6,16,28,17,67,64,0,64,131
06/12/2010,HLN,MT,ANM,WE,Combination Non-Radar Approach Control & Tower w/o Radar,4,13,8,0,25,0,1,67,19,87,4,14,75,19,112,54,0,54,166
06/13/2010,HLN,MT,ANM,WE,Combination Non-Radar Approach Control & Tower w/o Radar,4,10,3,0,17,0,0,70,2,72,4,10,73,2,89,32,0,32,121
06/14/2010,HLN,MT,ANM,WE,Combination Non-Radar Approach Control & Tower w/o Radar,6,17,12,5,40,0,0,89,23,112,6,17,101,28,152,90,2,92,244
06/15/2010,HLN,MT,ANM,WE,Combination Non-Radar Approach Control & Tower w/o Radar,6,14,10,5,35,0,4,47,13,64,6,18,57,18,99,26,6,32,131
06/16/2010,HLN,MT,ANM,WE,Combination Non-Radar Approach Control & Tower w/o Radar,6,17,15,6,44,0,0,6,5,11,6,17,21,11,55,2,0,2,57
06/17/2010,HLN,MT,ANM,WE,Combination Non-Radar Approach Control & Tower w/o Radar,6,13,11,1,31,0,0,13,0,13,6,13,24,1,44,28,0,28,72
06/18/2010,HLN,MT,ANM,WE,Combination Non-Radar Approach Control & Tower w/o Radar,6,17,18,7,48,0,0,67,38,105,6,17,85,45,153,44,42,86,239
06/19/2010,HLN,MT,ANM,WE,Combination Non-Radar Approach Control & Tower w/o Radar,4,9,3,0,16,0,3,54,6,63,4,12,57,6,79,10,0,10,89
06/20/2010,HLN,MT,ANM,WE,Combination Non-Radar Approach Control & Tower w/o Radar,4,9,1,2,16,0,0,41,1,42,4,9,42,3,58,2,2,4,62
06/21/2010,HLN,MT,ANM,WE,Combination Non-Radar Approach Control & Tower w/o Radar,6,14,7,8,35,0,2,22,11,35,6,16,29,19,70,60,18,78,148
06/22/2010,HLN,MT,ANM,WE,Combination Non-Radar Approach Control & Tower w/o Radar,6,15,12,5,38,0,1,76,10,87,6,16,88,15,125,40,8,48,173
06/23/2010,HLN,MT,ANM,WE,Combination Non-Radar Approach Control & Tower w/o Radar,6,16,12,4,38,0,0,42,13,55,6,16,54,17,93,34,0,34,127
06/24/2010,HLN,MT,ANM,WE,Combination Non-Radar Approach Control & Tower w/o Radar,7,14,9,0,30,0,1,55,27,83,7,15,64,27,113,28,24,52,165
06/25/2010,HLN,MT,ANM,WE,Combination Non-Radar Approach Control & Tower w/o Radar,5,13,10,7,35,0,0,57,18,75,5,13,67,25,110,20,22,42,152
06/26/2010,HLN,MT,ANM,WE,Combination Non-Radar Approach Control & Tower w/o Radar,4,15,6,1,26,0,0,55,2,57,4,15,61,3,83,38,0,38,121
06/27/2010,HLN,MT,ANM,WE,Combination Non-Radar Approach Control & Tower w/o Radar,4,9,1,1,15,0,2,47,1,50,4,11,48,2,65,42,0,42,107
06/28/2010,HLN,MT,ANM,WE,Combination Non-Radar Approach Control & Tower w/o Radar,6,17,11,2,36,0,0,71,18,89,6,17,82,20,125,58,4,62,187
06/29/2010,HLN,MT,ANM,WE,Combination Non-Radar Approach Control & Tower w/o Radar,5,18,4,7,34,0,0,34,18,52,5,18,38,25,86,14,34,48,134
06/30/2010,HLN,MT,ANM,WE,Combination Non-Radar Approach Control & Tower w/o Radar,6,14,9,4,33,0,0,21,9,30,6,14,30,13,63,14,4,18,81
07/01/2010,HLN,MT,ANM,WE,Combination Non-Radar Approach Control & Tower w/o Radar,6,14,15,6,41,0,2,45,29,76,6,16,60,35,117,88,12,100,217
07/02/2010,HLN,MT,ANM,WE,Combination Non-Radar Approach Control & Tower w/o Radar,5,18,19,3,45,0,0,28,11,39,5,18,47,14,84,28,6,34,118
07/03/2010,HLN,MT,ANM,WE,Combination Non-Radar Approach Control & Tower w/o Radar,4,11,12,0,27,0,0,35,0,35,4,11,47,0,62,2,0,2,64
07/04/2010,HLN,MT,ANM,WE,Combination Non-Radar Approach Control & Tower w/o Radar,4,8,6,0,18,0,0,30,0,30,4,8,36,0,48,8,0,8,56
07/05/2010,HLN,MT,ANM,WE,Combination Non-Radar Approach Control & Tower w/o Radar,6,13,4,0,23,0,0,32,0,32,6,13,36,0,55,24,0,24,79
07/06/2010,HLN,MT,ANM,WE,Combination Non-Radar Approach Control & Tower w/o Radar,6,14,6,2,28,0,3,39,7,49,6,17,45,9,77,64,4,68,145
07/07/2010,HLN,MT,ANM,WE,Combination Non-Radar Approach Control & Tower w/o Radar,6,16,8,0,30,0,0,64,27,91,6,16,72,27,121,100,16,116,237
07/08/2010,HLN,MT,ANM,WE,Combination Non-Radar Approach Control & Tower w/o Radar,6,15,10,0,31,0,1,84,15,100,6,16,94,15,131,80,6,86,217
07/09/2010,HLN,MT,ANM,WE,Combination Non-Radar Approach Control & Tower w/o Radar,6,14,12,0,32,0,1,54,6,61,6,15,66,6,93,84,0,84,177
07/10/2010,HLN,MT,ANM,WE,Combination Non-Radar Approach Control & Tower w/o Radar,4,12,4,2,22,0,1,38,2,41,4,13,42,4,63,10,0,10,73
07/11/2010,HLN,MT,ANM,WE,Combination Non-Radar Approach Control & Tower w/o Radar,4,8,7,2,21,0,2,37,0,39,4,10,44,2,60,20,0,20,80
07/12/2010,HLN,MT,ANM,WE,Combination Non-Radar Approach Control & Tower w/o Radar,6,14,9,4,33,0,2,41,8,51,6,16,50,12,84,46,10,56,140
07/13/2010,HLN,MT,ANM,WE,Combination Non-Radar Approach Control & Tower w/o Radar,6,14,13,1,34,0,2,29,11,42,6,16,42,12,76,10,16,26,102
07/14/2010,HLN,MT,ANM,WE,Combination Non-Radar Approach Control & Tower w/o Radar,6,17,17,0,40,0,2,50,4,56,6,19,67,4,96,18,0,18,114
07/15/2010,HLN,MT,ANM,WE,Combination Non-Radar Approach Control & Tower w/o Radar,5,18,16,3,42,0,0,61,8,69,5,18,77,11,111,34,2,36,147
07/16/2010,HLN,MT,ANM,WE,Combination Non-Radar Approach Control & Tower w/o Radar,4,13,8,4,29,4,2,58,21,85,8,15,66,25,114,34,22,56,170
07/17/2010,HLN,MT,ANM,WE,Combination Non-Radar Approach Control & Tower w/o Radar,4,11,5,0,20,0,2,64,24,90,4,13,69,24,110,8,0,8,118
07/18/2010,HLN,MT,ANM,WE,Combination Non-Radar Approach Control & Tower w/o Radar,4,10,7,0,21,0,2,49,0,51,4,12,56,0,72,2,0,2,74
07/19/2010,HLN,MT,ANM,WE,Combination Non-Radar Approach Control & Tower w/o Radar,6,21,7,2,36,0,2,36,18,56,6,23,43,20,92,22,0,22,114
07/20/2010,HLN,MT,ANM,WE,Combination Non-Radar Approach Control & Tower w/o Radar,6,12,10,2,30,0,5,61,12,78,6,17,71,14,108,20,4,24,132
07/21/2010,HLN,MT,ANM,WE,Combination Non-Radar Approach Control & Tower w/o Radar,5,17,5,2,29,0,0,61,12,73,5,17,66,14,102,52,16,68,170
07/22/2010,HLN,MT,ANM,WE,Combination Non-Radar Approach Control & Tower w/o Radar,6,12,8,3,29,0,0,61,15,76,6,12,69,18,105,46,4,50,155
07/23/2010,HLN,MT,ANM,WE,Combination Non-Radar Approach Control & Tower w/o Radar,6,15,12,4,37,0,0,76,15,91,6,15,88,19,128,8,10,18,146
07/24/2010,HLN,MT,ANM,WE,Combination Non-Radar Approach Control & Tower w/o Radar,4,12,0,0,16,0,0,76,4,80,4,12,76,4,96,22,0,22,118
07/25/2010,HLN,MT,ANM,WE,Combination Non-Radar Approach Control & Tower w/o Radar,4,11,8,2,25,0,2,70,0,72,4,13,78,2,97,50,0,50,147
07/26/2010,HLN,MT,ANM,WE,Combination Non-Radar Approach Control & Tower w/o Radar,6,14,10,4,34,0,0,50,9,59,6,14,60,13,93,76,4,80,173
07/27/2010,HLN,MT,ANM,WE,Combination Non-Radar Approach Control & Tower w/o Radar,5,17,24,0,46,0,1,36,23,60,5,18,60,23,106,12,8,20,126
07/28/2010,HLN,MT,ANM,WE,Combination Non-Radar Approach Control & Tower w/o Radar,5,16,6,5,32,0,0,29,12,41,5,16,35,17,73,16,4,20,93
07/29/2010,HLN,MT,ANM,WE,Combination Non-Radar Approach Control & Tower w/o Radar,6,14,16,4,40,0,2,76,19,97,6,16,92,23,137,64,22,86,223
07/30/2010,HLN,MT,ANM,WE,Combination Non-Radar Approach Control & Tower w/o Radar,6,17,7,2,32,0,1,64,11,76,6,18,71,13,108,16,0,16,124
07/31/2010,HLN,MT,ANM,WE,Combination Non-Radar Approach Control & Tower w/o Radar,4,12,9,2,27,0,3,65,0,68,4,15,74,2,95,24,0,24,119
08/01/2010,HLN,MT,ANM,WE,Combination Non-Radar Approach Control & Tower w/o Radar,4,9,4,0,17,0,0,60,0,60,4,9,64,0,77,14,0,14,91
08/02/2010,HLN,MT,ANM,WE,Combination Non-Radar Approach Control & Tower w/o Radar,6,16,6,2,30,0,0,64,12,76,6,16,70,14,106,30,6,36,142
08/03/2010,HLN,MT,ANM,WE,Combination Non-Radar Approach Control & Tower w/o Radar,6,14,5,2,27,0,0,55,11,66,6,14,60,13,93,26,2,28,121
08/04/2010,HLN,MT,ANM,WE,Combination Non-Radar Approach Control & Tower w/o Radar,6,20,11,0,37,0,2,35,2,39,6,22,46,2,76,40,0,40,116
08/05/2010,HLN,MT,ANM,WE,Combination Non-Radar Approach Control & Tower w/o Radar,6,18,11,1,36,0,0,56,11,67,6,18,67,12,103,58,0,58,161
08/06/2010,HLN,MT,ANM,WE,Combination Non-Radar Approach Control & Tower w/o Radar,6,20,12,0,38,0,1,45,5,51,6,21,57,5,89,12,0,12,101
08/07/2010,HLN,MT,ANM,WE,Combination Non-Radar Approach Control & Tower w/o Radar,4,11,5,1,21,0,0,37,3,40,4,11,42,4,61,16,0,16,77
08/08/2010,HLN,MT,ANM,WE,Combination Non-Radar Approach Control & Tower w/o Radar,4,15,4,0,23,0,0,23,0,23,4,15,27,0,46,16,0,16,62
08/09/2010,HLN,MT,ANM,WE,Combination Non-Radar Approach Control & Tower w/o Radar,6,14,11,5,36,0,0,29,8,37,6,14,40,13,73,30,0,30,103
08/10/2010,HLN,MT,ANM,WE,Combination Non-Radar Approach Control & Tower w/o Radar,5,15,7,6,33,0,2,53,10,65,5,17,60,16,98,78,18,96,194
08/11/2010,HLN,MT,ANM,WE,Combination Non-Radar Approach Control & Tower w/o Radar,5,14,5,12,36,0,2,29,11,42,5,16,34,23,78,60,4,64,142
08/12/2010,HLN,MT,ANM,WE,Combination Non-Radar Approach Control & Tower w/o Radar,4,14,6,6,30,0,1,48,17,66,4,15,54,23,96,74,24,98,194
08/13/2010,HLN,MT,ANM,WE,Combination Non-Radar Approach Control & Tower w/o Radar,8,29,18,8,63,0,0,10,22,32,8,29,28,30,95,20,8,28,123
08/14/2010,HLN,MT,ANM,WE,Combination Non-Radar Approach Control & Tower w/o Radar,4,11,2,2,19,0,1,22,2,25,4,12,24,4,44,28,4,32,76
08/15/2010,HLN,MT,ANM,WE,Combination Non-Radar Approach Control & Tower w/o Radar,4,9,10,3,26,0,0,66,0,66,4,9,76,3,92,32,4,36,128
08/16/2010,HLN,MT,ANM,WE,Combination Non-Radar Approach Control & Tower w/o Radar,6,14,5,4,29,0,2,72,9,83,6,16,77,13,112,76,2,78,190
08/17/2010,HLN,MT,ANM,WE,Combination Non-Radar Approach Control & Tower w/o Radar,6,13,9,7,35,0,5,73,21,99,6,18,82,28,134,46,12,58,192
08/18/2010,HLN,MT,ANM,WE,Combination Non-Radar Approach Control & Tower w/o Radar,6,15,20,7,48,0,1,67,8,76,6,16,87,15,124,64,8,72,196
08/19/2010,HLN,MT,ANM,WE,Combination Non-Radar Approach Control & Tower w/o Radar,6,15,9,4,34,0,2,64,8,74,6,17,73,12,108,38,2,40,148
08/20/2010,HLN,MT,ANM,WE,Combination Non-Radar Approach Control & Tower w/o Radar,6,15,10,2,33,0,0,98,8,106,6,15,108,10,139,80,8,88,227
08/21/2010,HLN,MT,ANM,WE,Combination Non-Radar Approach Control & Tower w/o Radar,4,12,6,2,24,0,1,47,0,48,4,13,53,2,72,6,0,6,78
08/22/2010,HLN,MT,ANM,WE,Combination Non-Radar Approach Control & Tower w/o Radar,4,9,3,0,16,0,1,22,0,23,4,10,25,0,39,12,0,12,51
08/23/2010,HLN,MT,ANM,WE,Combination Non-Radar Approach Control & Tower w/o Radar,6,15,11,4,36,0,1,34,18,53,6,16,45,22,89,26,8,34,123
08/24/2010,HLN,MT,ANM,WE,Combination Non-Radar Approach Control & Tower w/o Radar,6,14,9,0,29,0,2,54,16,72,6,16,63,16,101,48,22,70,171
08/25/2010,HLN,MT,ANM,WE,Combination Non-Radar Approach Control & Tower w/o Radar,5,13,13,2,33,0,2,54,26,82,5,15,67,28,115,18,22,40,155
08/26/2010,HLN,MT,ANM,WE,Combination Non-Radar Approach Control & Tower w/o Radar,7,15,10,2,34,0,25,48,16,89,7,40,58,18,123,46,2,48,171
08/27/2010,HLN,MT,ANM,WE,Combination Non-Radar Approach Control & Tower w/o Radar,6,17,12,3,38,0,9,65,34,108,6,26,77,37,146,8,30,38,184
08/28/2010,HLN,MT,ANM,WE,Combination Non-Radar Approach Control & Tower w/o Radar,4,15,4,0,23,0,5,50,32,87,4,20,54,32,110,32,10,42,152
08/29/2010,HLN,MT,ANM,WE,Combination Non-Radar Approach Control & Tower w/o Radar,4,10,5,2,21,0,3,24,2,29,4,13,29,4,50,20,0,20,70
08/30/2010,HLN,MT,ANM,WE,Combination Non-Radar Approach Control & Tower w/o Radar,6,18,21,0,45,0,0,21,15,36,6,18,42,15,81,42,2,44,125
08/31/2010,HLN,MT,ANM,WE,Combination Non-Radar Approach Control & Tower w/o Radar,5,16,14,0,35,0,0,48,13,61,5,16,62,13,96,76,10,86,182
09/01/2010,HLN,MT,ANM,WE,Combination Non-Radar Approach Control & Tower w/o Radar,5,14,19,1,39,0,1,27,8,36,5,15,46,9,75,68,6,74,149
09/02/2010,HLN,MT,ANM,WE,Combination Non-Radar Approach Control & Tower w/o Radar,6,13,9,3,31,0,0,50,6,56,6,13,59,9,87,58,12,70,157
09/03/2010,HLN,MT,ANM,WE,Combination Non-Radar Approach Control & Tower w/o Radar,6,14,11,4,35,0,0,67,5,72,6,14,78,9,107,56,8,64,171
09/04/2010,HLN,MT,ANM,WE,Combination Non-Radar Approach Control & Tower w/o Radar,4,9,2,0,15,0,0,32,0,32,4,9,34,0,47,20,0,20,67
09/05/2010,HLN,MT,ANM,WE,Combination Non-Radar Approach Control & Tower w/o Radar,4,10,2,0,16,0,0,5,0,5,4,10,7,0,21,0,0,0,21
09/06/2010,HLN,MT,ANM,WE,Combination Non-Radar Approach Control & Tower w/o Radar,4,11,9,0,24,0,0,26,0,26,4,11,35,0,50,38,0,38,88
09/07/2010,HLN,MT,ANM,WE,Combination Non-Radar Approach Control & Tower w/o Radar,6,15,3,2,26,0,0,67,7,74,6,15,70,9,100,92,2,94,194
09/08/2010,HLN,MT,ANM,WE,Combination Non-Radar Approach Control & Tower w/o Radar,6,16,11,2,35,0,1,39,5,45,6,17,50,7,80,50,8,58,138
09/09/2010,HLN,MT,ANM,WE,Combination Non-Radar Approach Control & Tower w/o Radar,6,19,15,3,43,0,0,9,8,17,6,19,24,11,60,18,8,26,86
09/10/2010,HLN,MT,ANM,WE,Combination Non-Radar Approach Control & Tower w/o Radar,6,16,10,0,32,0,0,17,44,61,6,16,27,44,93,40,26,66,159
09/11/2010,HLN,MT,ANM,WE,Combination Non-Radar Approach Control & Tower w/o Radar,5,9,1,3,18,0,3,81,21,105,5,12,82,24,123,28,14,42,165
09/12/2010,HLN,MT,ANM,WE,Combination Non-Radar Approach Control & Tower w/o Radar,4,11,2,4,21,0,1,54,9,64,4,12,56,13,85,12,4,16,101
09/13/2010,HLN,MT,ANM,WE,Combination Non-Radar Approach Control & Tower w/o Radar,5,14,9,2,30,0,1,63,8,72,5,15,72,10,102,64,0,64,166
09/14/2010,HLN,MT,ANM,WE,Combination Non-Radar Approach Control & Tower w/o Radar,7,13,15,2,37,0,1,39,16,56,7,14,54,18,93,56,20,76,169
09/15/2010,HLN,MT,ANM,WE,Combination Non-Radar Approach Control & Tower w/o Radar,6,16,10,2,34,0,3,56,6,65,6,19,66,8,99,40,0,40,139
09/16/2010,HLN,MT,ANM,WE,Combination Non-Radar Approach Control & Tower w/o Radar,6,17,11,2,36,0,0,23,26,49,6,17,34,28,85,30,0,30,115
09/17/2010,HLN,MT,ANM,WE,Combination Non-Radar Approach Control & Tower w/o Radar,6,15,16,2,39,0,0,15,10,25,6,15,31,12,64,44,8,52,116
09/18/2010,HLN,MT,ANM,WE,Combination Non-Radar Approach Control & Tower w/o Radar,5,10,0,0,15,0,0,35,0,35,5,10,35,0,50,22,0,22,72
09/19/2010,HLN,MT,ANM,WE,Combination Non-Radar Approach Control & Tower w/o Radar,4,11,7,0,22,0,0,37,0,37,4,11,44,0,59,44,0,44,103
09/20/2010,HLN,MT,ANM,WE,Combination Non-Radar Approach Control & Tower w/o Radar,8,15,16,14,53,0,0,21,21,42,8,15,37,35,95,50,24,74,169
09/21/2010,HLN,MT,ANM,WE,Combination Non-Radar Approach Control & Tower w/o Radar,6,20,8,0,34,0,1,39,14,54,6,21,47,14,88,70,20,90,178
09/22/2010,HLN,MT,ANM,WE,Combination Non-Radar Approach Control & Tower w/o Radar,5,22,30,0,57,0,2,15,19,36,5,24,45,19,93,56,10,66,159
09/23/2010,HLN,MT,ANM,WE,Combination Non-Radar Approach Control & Tower w/o Radar,5,18,12,0,35,0,0,55,8,63,5,18,67,8,98,58,0,58,156
09/24/2010,HLN,MT,ANM,WE,Combination Non-Radar Approach Control & Tower w/o Radar,5,17,12,3,37,0,0,41,22,63,5,17,53,25,100,54,2,56,156
09/25/2010,HLN,MT,ANM,WE,Combination Non-Radar Approach Control & Tower w/o Radar,5,10,1,0,16,0,0,55,7,62,5,10,56,7,78,18,0,18,96
09/26/2010,HLN,MT,ANM,WE,Combination Non-Radar Approach Control & Tower w/o Radar,4,11,3,2,20,0,1,42,0,43,4,12,45,2,63,8,0,8,71
09/27/2010,HLN,MT,ANM,WE,Combination Non-Radar Approach Control & Tower w/o Radar,6,14,9,0,29,0,0,47,8,55,6,14,56,8,84,34,4,38,122
09/28/2010,HLN,MT,ANM,WE,Combination Non-Radar Approach Control & Tower w/o Radar,6,13,6,1,26,0,3,58,11,72,6,16,64,12,98,102,10,112,210
09/29/2010,HLN,MT,ANM,WE,Combination Non-Radar Approach Control & Tower w/o Radar,6,17,10,3,36,0,0,66,3,69,6,17,76,6,105,66,8,74,179
09/30/2010,HLN,MT,ANM,WE,Combination Non-Radar Approach Control & Tower w/o Radar,6,15,7,0,28,0,0,48,11,59,6,15,55,11,87,60,2,62,149
10/01/2010,HLN,MT,ANM,WE,Combination Non-Radar Approach Control & Tower w/o Radar,5,12,4,1,22,0,2,55,29,86,5,14,59,30,108,60,24,84,192
10/02/2010,HLN,MT,ANM,WE,Combination Non-Radar Approach Control & Tower w/o Radar,5,11,1,0,17,0,0,65,17,82,5,11,66,17,99,60,24,84,183
10/03/2010,HLN,MT,ANM,WE,Combination Non-Radar Approach Control & Tower w/o Radar,4,10,2,0,16,0,0,64,0,64,4,10,66,0,80,30,0,30,110
10/04/2010,HLN,MT,ANM,WE,Combination Non-Radar Approach Control & Tower w/o Radar,6,17,4,2,29,0,0,19,7,26,6,17,23,9,55,28,12,40,95
10/05/2010,HLN,MT,ANM,WE,Combination Non-Radar Approach Control & Tower w/o Radar,6,15,11,2,34,0,2,15,11,28,6,17,26,13,62,40,0,40,102
10/06/2010,HLN,MT,ANM,WE,Combination Non-Radar Approach Control & Tower w/o Radar,6,13,8,0,27,0,4,36,0,40,6,17,44,0,67,42,0,42,109
10/07/2010,HLN,MT,ANM,WE,Combination Non-Radar Approach Control & Tower w/o Radar,6,18,7,5,36,0,0,33,20,53,6,18,40,25,89,18,20,38,127
10/08/2010,HLN,MT,ANM,WE,Combination Non-Radar Approach Control & Tower w/o Radar,6,15,8,3,32,0,0,33,11,44,6,15,41,14,76,32,12,44,120
10/09/2010,HLN,MT,ANM,WE,Combination Non-Radar Approach Control & Tower w/o Radar,5,10,5,0,20,0,2,30,2,34,5,12,35,2,54,6,0,6,60
10/10/2010,HLN,MT,ANM,WE,Combination Non-Radar Approach Control & Tower w/o Radar,4,9,3,0,16,0,2,22,0,24,4,11,25,0,40,28,0,28,68
10/11/2010,HLN,MT,ANM,WE,Combination Non-Radar Approach Control & Tower w/o Radar,6,13,1,0,20,0,0,11,0,11,6,13,12,0,31,20,0,20,51
10/12/2010,HLN,MT,ANM,WE,Combination Non-Radar Approach Control & Tower w/o Radar,6,14,9,1,30,0,0,45,15,60,6,14,54,16,90,18,10,28,118
10/13/2010,HLN,MT,ANM,WE,Combination Non-Radar Approach Control & Tower w/o Radar,6,21,5,3,35,0,2,53,24,79,6,23,58,27,114,54,6,60,174
10/14/2010,HLN,MT,ANM,WE,Combination Non-Radar Approach Control & Tower w/o Radar,6,18,7,0,31,0,0,68,32,100,6,18,75,32,131,80,14,94,225
10/15/2010,HLN,MT,ANM,WE,Combination Non-Radar Approach Control & Tower w/o Radar,6,19,10,2,37,0,0,31,12,43,6,19,41,14,80,38,20,58,138
10/16/2010,HLN,MT,ANM,WE,Combination Non-Radar Approach Control & Tower w/o Radar,5,10,0,0,15,0,0,47,6,53,5,10,47,6,68,44,4,48,116
10/17/2010,HLN,MT,ANM,WE,Combination Non-Radar Approach Control & Tower w/o Radar,3,10,7,2,22,0,0,56,0,56,3,10,63,2,78,2,0,2,80
10/18/2010,HLN,MT,ANM,WE,Combination Non-Radar Approach Control & Tower w/o Radar,6,15,5,3,29,0,1,52,16,69,6,16,57,19,98,34,20,54,152
10/19/2010,HLN,MT,ANM,WE,Combination Non-Radar Approach Control & Tower w/o Radar,5,12,9,1,27,0,0,50,15,65,5,12,59,16,92,28,20,48,140
10/20/2010,HLN,MT,ANM,WE,Combination Non-Radar Approach Control & Tower w/o Radar,6,13,4,6,29,0,2,50,21,73,6,15,54,27,102,86,32,118,220
10/21/2010,HLN,MT,ANM,WE,Combination Non-Radar Approach Control & Tower w/o Radar,4,15,9,4,32,0,7,71,16,94,4,22,80,20,126,122,6,128,254
10/22/2010,HLN,MT,ANM,WE,Combination Non-Radar Approach Control & Tower w/o Radar,6,15,11,2,34,0,2,73,14,89,6,17,84,16,123,42,4,46,169
10/23/2010,HLN,MT,ANM,WE,Combination Non-Radar Approach Control & Tower w/o Radar,5,13,7,0,25,0,0,30,0,30,5,13,37,0,55,0,0,0,55
10/24/2010,HLN,MT,ANM,WE,Combination Non-Radar Approach Control & Tower w/o Radar,3,10,1,0,14,0,0,0,0,0,3,10,1,0,14,0,0,0,14
10/25/2010,HLN,MT,ANM,WE,Combination Non-Radar Approach Control & Tower w/o Radar,6,12,10,0,28,0,0,2,15,17,6,12,12,15,45,0,32,32,77
10/26/2010,HLN,MT,ANM,WE,Combination Non-Radar Approach Control & Tower w/o Radar,6,12,14,0,32,0,0,10,12,22,6,12,24,12,54,2,8,10,64
10/27/2010,HLN,MT,ANM,WE,Combination Non-Radar Approach Control & Tower w/o Radar,6,14,15,2,37,0,0,20,15,35,6,14,35,17,72,12,2,14,86
10/28/2010,HLN,MT,ANM,WE,Combination Non-Radar Approach Control & Tower w/o Radar,6,20,10,3,39,0,0,54,21,75,6,20,64,24,114,112,16,128,242
10/29/2010,HLN,MT,ANM,WE,Combination Non-Radar Approach Control & Tower w/o Radar,6,22,18,2,48,0,4,47,22,73,6,26,65,24,121,72,6,78,199
10/30/2010,HLN,MT,ANM,WE,Combination Non-Radar Approach Control & Tower w/o Radar,5,13,6,0,24,0,0,29,0,29,5,13,35,0,53,28,0,28,81
10/31/2010,HLN,MT,ANM,WE,Combination Non-Radar Approach Control & Tower w/o Radar,4,9,9,0,22,0,9,20,0,29,4,18,29,0,51,16,0,16,67
11/01/2010,HLN,MT,ANM,WE,Combination Non-Radar Approach Control & Tower w/o Radar,6,12,13,6,37,0,1,22,16,39,6,13,35,22,76,36,14,50,126
11/02/2010,HLN,MT,ANM,WE,Combination Non-Radar Approach Control & Tower w/o Radar,6,13,6,5,30,0,1,21,8,30,6,14,27,13,60,34,18,52,112
11/03/2010,HLN,MT,ANM,WE,Combination Non-Radar Approach Control & Tower w/o Radar,6,13,9,2,30,0,0,60,4,64,6,13,69,6,94,92,0,92,186
11/04/2010,HLN,MT,ANM,WE,Combination Non-Radar Approach Control & Tower w/o Radar,6,16,10,2,34,0,0,75,6,81,6,16,85,8,115,80,28,108,223
11/05/2010,HLN,MT,ANM,WE,Combination Non-Radar Approach Control & Tower w/o Radar,6,15,9,6,36,0,4,54,7,65,6,19,63,13,101,104,12,116,217
11/06/2010,HLN,MT,ANM,WE,Combination Non-Radar Approach Control & Tower w/o Radar,5,12,4,1,22,0,5,43,27,75,5,17,47,28,97,88,20,108,205
11/07/2010,HLN,MT,ANM,WE,Combination Non-Radar Approach Control & Tower w/o Radar,4,13,1,1,19,0,0,23,3,26,4,13,24,4,45,12,4,16,61
11/08/2010,HLN,MT,ANM,WE,Combination Non-Radar Approach Control & Tower w/o Radar,6,19,13,2,40,0,0,4,9,13,6,19,17,11,53,6,38,44,97
11/09/2010,HLN,MT,ANM,WE,Combination Non-Radar Approach Control & Tower w/o Radar,6,12,7,0,25,0,0,21,16,37,6,12,28,16,62,42,32,74,136
11/10/2010,HLN,MT,ANM,WE,Combination Non-Radar Approach Control & Tower w/o Radar,6,15,17,5,43,0,2,23,12,37,6,17,40,17,80,44,8,52,132
11/11/2010,HLN,MT,ANM,WE,Combination Non-Radar Approach Control & Tower w/o Radar,6,15,6,1,28,0,1,28,0,29,6,16,34,1,57,14,0,14,71
11/12/2010,HLN,MT,ANM,WE,Combination Non-Radar Approach Control & Tower w/o Radar,6,14,11,0,31,0,0,32,8,40,6,14,43,8,71,18,12,30,101
11/13/2010,HLN,MT,ANM,WE,Combination Non-Radar Approach Control & Tower w/o Radar,5,9,6,0,20,0,0,12,1,13,5,9,18,1,33,10,0,10,43
11/14/2010,HLN,MT,ANM,WE,Combination Non-Radar Approach Control & Tower w/o Radar,6,13,9,0,28,0,0,16,0,16,6,13,25,0,44,6,0,6,50
11/15/2010,HLN,MT,ANM,WE,Combination Non-Radar Approach Control & Tower w/o Radar,6,16,10,3,35,0,0,12,14,26,6,16,22,17,61,4,14,18,79
11/16/2010,HLN,MT,ANM,WE,Combination Non-Radar Approach Control & Tower w/o Radar,6,16,5,0,27,0,0,1,0,1,6,16,6,0,28,0,0,0,28
11/17/2010,HLN,MT,ANM,WE,Combination Non-Radar Approach Control & Tower w/o Radar,6,16,13,8,43,0,2,20,14,36,6,18,33,22,79,48,24,72,151
11/18/2010,HLN,MT,ANM,WE,Combination Non-Radar Approach Control & Tower w/o Radar,6,20,12,2,40,0,1,8,12,21,6,21,20,14,61,6,34,40,101
11/19/2010,HLN,MT,ANM,WE,Combination Non-Radar Approach Control & Tower w/o Radar,7,19,11,1,38,0,0,19,25,44,7,19,30,26,82,52,78,130,212
11/20/2010,HLN,MT,ANM,WE,Combination Non-Radar Approach Control & Tower w/o Radar,6,11,9,0,26,0,0,0,0,0,6,11,9,0,26,0,0,0,26
11/21/2010,HLN,MT,ANM,WE,Combination Non-Radar Approach Control & Tower w/o Radar,4,12,4,0,20,0,0,4,1,5,4,12,8,1,25,0,0,0,25
11/22/2010,HLN,MT,ANM,WE,Combination Non-Radar Approach Control & Tower w/o Radar,5,19,12,2,38,0,0,1,4,5,5,19,13,6,43,0,0,0,43
11/23/2010,HLN,MT,ANM,WE,Combination Non-Radar Approach Control & Tower w/o Radar,6,14,9,1,30,0,0,0,13,13,6,14,9,14,43,0,30,30,73
11/24/2010,HLN,MT,ANM,WE,Combination Non-Radar Approach Control & Tower w/o Radar,4,13,13,5,35,0,1,4,9,14,4,14,17,14,49,4,16,20,69
11/25/2010,HLN,MT,ANM,WE,Combination Non-Radar Approach Control & Tower w/o Radar,4,5,0,0,9,0,0,0,0,0,4,5,0,0,9,0,0,0,9
11/26/2010,HLN,MT,ANM,WE,Combination Non-Radar Approach Control & Tower w/o Radar,5,12,4,2,23,0,1,15,1,17,5,13,19,3,40,10,6,16,56
11/27/2010,HLN,MT,ANM,WE,Combination Non-Radar Approach Control & Tower w/o Radar,6,15,0,2,23,0,0,16,1,17,6,15,16,3,40,50,0,50,90
11/28/2010,HLN,MT,ANM,WE,Combination Non-Radar Approach Control & Tower w/o Radar,4,11,5,0,20,0,0,0,0,0,4,11,5,0,20,0,0,0,20
11/29/2010,HLN,MT,ANM,WE,Combination Non-Radar Approach Control & Tower w/o Radar,6,17,13,2,38,0,0,19,30,49,6,17,32,32,87,22,18,40,127
11/30/2010,HLN,MT,ANM,WE,Combination Non-Radar Approach Control & Tower w/o Radar,6,17,8,2,33,0,1,14,7,22,6,18,22,9,55,14,2,16,71
12/01/2010,HLN,MT,ANM,WE,Combination Non-Radar Approach Control & Tower w/o Radar,5,17,5,2,29,0,0,13,0,13,5,17,18,2,42,12,0,12,54
12/02/2010,HLN,MT,ANM,WE,Combination Non-Radar Approach Control & Tower w/o Radar,7,15,5,3,30,0,0,20,17,37,7,15,25,20,67,50,12,62,129
12/03/2010,HLN,MT,ANM,WE,Combination Non-Radar Approach Control & Tower w/o Radar,5,13,9,7,34,0,2,25,31,58,5,15,34,38,92,10,48,58,150
12/04/2010,HLN,MT,ANM,WE,Combination Non-Radar Approach Control & Tower w/o Radar,5,13,7,2,27,0,1,13,0,14,5,14,20,2,41,18,0,18,59
12/05/2010,HLN,MT,ANM,WE,Combination Non-Radar Approach Control & Tower w/o Radar,4,9,6,2,21,0,2,25,0,27,4,11,31,2,48,16,8,24,72
12/06/2010,HLN,MT,ANM,WE,Combination Non-Radar Approach Control & Tower w/o Radar,6,12,12,6,36,0,0,27,22,49,6,12,39,28,85,60,28,88,173
12/07/2010,HLN,MT,ANM,WE,Combination Non-Radar Approach Control & Tower w/o Radar,5,14,7,1,27,0,0,0,0,0,5,14,7,1,27,0,0,0,27
12/08/2010,HLN,MT,ANM,WE,Combination Non-Radar Approach Control & Tower w/o Radar,7,14,9,1,31,0,0,28,21,49,7,14,37,22,80,28,12,40,120
12/09/2010,HLN,MT,ANM,WE,Combination Non-Radar Approach Control & Tower w/o Radar,5,15,3,1,24,0,2,26,13,41,5,17,29,14,65,54,12,66,131
12/10/2010,HLN,MT,ANM,WE,Combination Non-Radar Approach Control & Tower w/o Radar,5,14,10,3,32,0,3,12,7,22,5,17,22,10,54,58,26,84,138
12/11/2010,HLN,MT,ANM,WE,Combination Non-Radar Approach Control & Tower w/o Radar,5,10,0,0,15,0,0,37,0,37,5,10,37,0,52,70,0,70,122
12/12/2010,HLN,MT,ANM,WE,Combination Non-Radar Approach Control & Tower w/o Radar,4,9,0,4,17,0,0,12,1,13,4,9,12,5,30,24,2,26,56
12/13/2010,HLN,MT,ANM,WE,Combination Non-Radar Approach Control & Tower w/o Radar,5,17,3,2,27,0,0,17,18,35,5,17,20,20,62,68,28,96,158
12/14/2010,HLN,MT,ANM,WE,Combination Non-Radar Approach Control & Tower w/o Radar,6,15,5,0,26,0,0,15,1,16,6,15,20,1,42,12,0,12,54
12/15/2010,HLN,MT,ANM,WE,Combination Non-Radar Approach Control & Tower w/o Radar,8,13,4,3,28,0,0,20,22,42,8,13,24,25,70,24,24,48,118
12/16/2010,HLN,MT,ANM,WE,Combination Non-Radar Approach Control & Tower w/o Radar,8,17,13,0,38,0,0,51,12,63,8,17,64,12,101,118,4,122,223
12/17/2010,HLN,MT,ANM,WE,Combination Non-Radar Approach Control & Tower w/o Radar,6,16,18,5,45,0,0,16,11,27,6,16,34,16,72,4,54,58,130
12/18/2010,HLN,MT,ANM,WE,Combination Non-Radar Approach Control & Tower w/o Radar,3,10,5,2,20,0,0,6,14,20,3,10,11,16,40,0,26,26,66
12/19/2010,HLN,MT,ANM,WE,Combination Non-Radar Approach Control & Tower w/o Radar,5,10,1,0,16,0,0,0,0,0,5,10,1,0,16,0,0,0,16
12/20/2010,HLN,MT,ANM,WE,Combination Non-Radar Approach Control & Tower w/o Radar,5,12,4,2,23,0,0,29,15,44,5,12,33,17,67,54,12,66,133
12/21/2010,HLN,MT,ANM,WE,Combination Non-Radar Approach Control & Tower w/o Radar,6,16,9,5,36,0,0,33,28,61,6,16,42,33,97,30,42,72,169
12/22/2010,HLN,MT,ANM,WE,Combination Non-Radar Approach Control & Tower w/o Radar,6,18,3,10,37,0,0,27,12,39,6,18,30,22,76,32,10,42,118
12/23/2010,HLN,MT,ANM,WE,Combination Non-Radar Approach Control & Tower w/o Radar,4,18,6,7,35,0,0,23,13,36,4,18,29,20,71,14,24,38,109
12/24/2010,HLN,MT,ANM,WE,Combination Non-Radar Approach Control & Tower w/o Radar,5,13,7,0,25,0,1,6,0,7,5,14,13,0,32,2,0,2,34
12/25/2010,HLN,MT,ANM,WE,Combination Non-Radar Approach Control & Tower w/o Radar,5,10,0,0,15,0,0,12,1,13,5,10,12,1,28,30,0,30,58
12/26/2010,HLN,MT,ANM,WE,Combination Non-Radar Approach Control & Tower w/o Radar,6,10,4,0,20,0,1,12,0,13,6,11,16,0,33,20,0,20,53
12/27/2010,HLN,MT,ANM,WE,Combination Non-Radar Approach Control & Tower w/o Radar,6,14,17,0,37,0,0,13,8,21,6,14,30,8,58,14,4,18,76
12/28/2010,HLN,MT,ANM,WE,Combination Non-Radar Approach Control & Tower w/o Radar,6,17,8,5,36,0,0,29,9,38,6,17,37,14,74,66,20,86,160
12/29/2010,HLN,MT,ANM,WE,Combination Non-Radar Approach Control & Tower w/o Radar,5,16,9,0,30,0,0,1,0,1,5,16,10,0,31,0,0,0,31
12/30/2010,HLN,MT,ANM,WE,Combination Non-Radar Approach Control & Tower w/o Radar,6,17,8,0,31,0,0,1,0,1,6,17,9,0,32,0,0,0,32
12/31/2010,HLN,MT,ANM,WE,Combination Non-Radar Approach Control & Tower w/o Radar,6,15,4,0,25,0,0,7,0,7,6,15,11,0,32,0,0,0,32
01/01/2011,HLN,MT,ANM,WE,Combination Non-Radar Approach Control & Tower w/o Radar,4,7,1,0,12,0,0,6,0,6,4,7,7,0,18,2,0,2,20
01/02/2011,HLN,MT,ANM,WE,Combination Non-Radar Approach Control & Tower w/o Radar,4,11,1,0,16,0,0,10,0,10,4,11,11,0,26,16,0,16,42
01/03/2011,HLN,MT,ANM,WE,Combination Non-Radar Approach Control & Tower w/o Radar,6,14,17,1,38,6,14,18,5,43,12,28,35,6,81,42,8,50,131
01/04/2011,HLN,MT,ANM,WE,Combination Non-Radar Approach Control & Tower w/o Radar,6,14,8,0,28,0,0,22,12,34,6,14,30,12,62,46,18,64,126
01/05/2011,HLN,MT,ANM,WE,Combination Non-Radar Approach Control & Tower w/o Radar,6,20,7,1,34,0,0,13,3,16,6,20,20,4,50,24,0,24,74
01/06/2011,HLN,MT,ANM,WE,Combination Non-Radar Approach Control & Tower w/o Radar,6,15,5,1,27,0,0,12,6,18,6,15,17,7,45,0,2,2,47
01/07/2011,HLN,MT,ANM,WE,Combination Non-Radar Approach Control & Tower w/o Radar,5,16,8,2,31,0,1,45,21,67,5,17,53,23,98,58,34,92,190
01/08/2011,HLN,MT,ANM,WE,Combination Non-Radar Approach Control & Tower w/o Radar,4,8,9,0,21,0,1,5,4,10,4,9,14,4,31,14,6,20,51
01/09/2011,HLN,MT,ANM,WE,Combination Non-Radar Approach Control & Tower w/o Radar,3,10,2,0,15,0,0,2,0,2,3,10,4,0,17,18,0,18,35
01/10/2011,HLN,MT,ANM,WE,Combination Non-Radar Approach Control & Tower w/o Radar,6,19,5,5,35,0,0,23,19,42,6,19,28,24,77,62,48,110,187
01/11/2011,HLN,MT,ANM,WE,Combination Non-Radar Approach Control & Tower w/o Radar,6,10,12,3,31,0,0,24,11,35,6,10,36,14,66,26,12,38,104
01/12/2011,HLN,MT,ANM,WE,Combination Non-Radar Approach Control & Tower w/o Radar,6,19,15,2,42,0,0,14,17,31,6,19,29,19,73,48,12,60,133
01/13/2011,HLN,MT,ANM,WE,Combination Non-Radar Approach Control & Tower w/o Radar,5,18,11,3,37,0,0,21,23,44,5,18,32,26,81,44,16,60,141
01/14/2011,HLN,MT,ANM,WE,Combination Non-Radar Approach Control & Tower w/o Radar,5,17,14,2,38,0,1,26,11,38,5,18,40,13,76,50,24,74,150
01/15/2011,HLN,MT,ANM,WE,Combination Non-Radar Approach Control & Tower w/o Radar,4,11,0,0,15,0,0,6,4,10,4,11,6,4,25,0,6,6,31
01/16/2011,HLN,MT,ANM,WE,Combination Non-Radar Approach Control & Tower w/o Radar,3,7,2,0,12,0,1,8,1,10,3,8,10,1,22,70,22,92,114
01/17/2011,HLN,MT,ANM,WE,Combination Non-Radar Approach Control & Tower w/o Radar,6,14,14,0,34,0,0,16,0,16,6,14,30,0,50,24,0,24,74
01/18/2011,HLN,MT,ANM,WE,Combination Non-Radar Approach Control & Tower w/o Radar,6,10,9,0,25,0,0,38,11,49,6,10,47,11,74,36,10,46,120
01/19/2011,HLN,MT,ANM,WE,Combination Non-Radar Approach Control & Tower w/o Radar,6,17,11,1,35,0,2,15,12,29,6,19,26,13,64,16,8,24,88
01/20/2011,HLN,MT,ANM,WE,Combination Non-Radar Approach Control & Tower w/o Radar,5,17,13,2,37,0,0,15,6,21,5,17,28,8,58,2,0,2,60
01/21/2011,HLN,MT,ANM,WE,Combination Non-Radar Approach Control & Tower w/o Radar,4,16,9,3,32,0,0,40,22,62,4,16,49,25,94,70,22,92,186
01/22/2011,HLN,MT,ANM,WE,Combination Non-Radar Approach Control & Tower w/o Radar,5,10,2,4,21,0,0,29,14,43,5,10,31,18,64,38,26,64,128
01/23/2011,HLN,MT,ANM,WE,Combination Non-Radar Approach Control & Tower w/o Radar,4,10,4,2,20,0,1,16,0,17,4,11,20,2,37,34,0,34,71
01/24/2011,HLN,MT,ANM,WE,Combination Non-Radar Approach Control & Tower w/o Radar,6,14,7,2,29,0,0,45,9,54,6,14,52,11,83,144,12,156,239
01/25/2011,HLN,MT,ANM,WE,Combination Non-Radar Approach Control & Tower w/o Radar,6,16,11,1,34,0,0,35,20,55,6,16,46,21,89,66,14,80,169
01/26/2011,HLN,MT,ANM,WE,Combination Non-Radar Approach Control & Tower w/o Radar,6,15,15,3,39,0,0,39,10,49,6,15,54,13,88,54,12,66,154
01/27/2011,HLN,MT,ANM,WE,Combination Non-Radar Approach Control & Tower w/o Radar,6,16,14,2,38,0,0,39,16,55,6,16,53,18,93,86,10,96,189
01/28/2011,HLN,MT,ANM,WE,Combination Non-Radar Approach Control & Tower w/o Radar,5,14,7,0,26,0,0,48,13,61,5,14,55,13,87,34,0,34,121
01/29/2011,HLN,MT,ANM,WE,Combination Non-Radar Approach Control & Tower w/o Radar,4,8,8,0,20,0,0,26,0,26,4,8,34,0,46,54,0,54,100
01/30/2011,HLN,MT,ANM,WE,Combination Non-Radar Approach Control & Tower w/o Radar,3,11,0,2,16,0,0,1,0,1,3,11,1,2,17,0,0,0,17
01/31/2011,HLN,MT,ANM,WE,Combination Non-Radar Approach Control & Tower w/o Radar,6,13,9,6,34,0,0,15,16,31,6,13,24,22,65,16,0,16,81
02/01/2011,HLN,MT,ANM,WE,Combination Non-Radar Approach Control & Tower w/o Radar,5,12,6,2,25,0,1,29,8,38,5,13,35,10,63,6,2,8,71
02/02/2011,HLN,MT,ANM,WE,Combination Non-Radar Approach Control & Tower w/o Radar,7,16,11,2,36,0,0,24,20,44,7,16,35,22,80,26,22,48,128
02/03/2011,HLN,MT,ANM,WE,Combination Non-Radar Approach Control & Tower w/o Radar,5,25,15,5,50,0,0,48,19,67,5,25,63,24,117,46,32,78,195
02/04/2011,HLN,MT,ANM,WE,Combination Non-Radar Approach Control & Tower w/o Radar,6,18,12,2,38,0,0,15,32,47,6,18,27,34,85,30,54,84,169
02/05/2011,HLN,MT,ANM,WE,Combination Non-Radar Approach Control & Tower w/o Radar,4,17,1,1,23,0,0,2,2,4,4,17,3,3,27,10,0,10,37
02/06/2011,HLN,MT,ANM,WE,Combination Non-Radar Approach Control & Tower w/o Radar,4,9,0,0,13,0,0,6,0,6,4,9,6,0,19,16,0,16,35
02/07/2011,HLN,MT,ANM,WE,Combination Non-Radar Approach Control & Tower w/o Radar,4,15,8,1,28,0,0,2,0,2,4,15,10,1,30,4,0,4,34
02/08/2011,HLN,MT,ANM,WE,Combination Non-Radar Approach Control & Tower w/o Radar,5,13,10,2,30,0,1,23,10,34,5,14,33,12,64,40,6,46,110
02/09/2011,HLN,MT,ANM,WE,Combination Non-Radar Approach Control & Tower w/o Radar,5,24,19,0,48,5,24,32,4,65,10,48,51,4,113,42,0,42,155
02/10/2011,HLN,MT,ANM,WE,Combination Non-Radar Approach Control & Tower w/o Radar,6,18,14,0,38,0,0,11,10,21,6,18,25,10,59,4,20,24,83
02/11/2011,HLN,MT,ANM,WE,Combination Non-Radar Approach Control & Tower w/o Radar,5,15,16,2,38,0,0,37,9,46,5,15,53,11,84,74,8,82,166
02/12/2011,HLN,MT,ANM,WE,Combination Non-Radar Approach Control & Tower w/o Radar,5,9,1,0,15,0,0,10,0,10,5,9,11,0,25,0,6,6,31
02/13/2011,HLN,MT,ANM,WE,Combination Non-Radar Approach Control & Tower w/o Radar,4,11,2,2,19,0,0,4,0,4,4,11,6,2,23,2,0,2,25
02/14/2011,HLN,MT,ANM,WE,Combination Non-Radar Approach Control & Tower w/o Radar,6,15,7,3,31,0,0,43,0,43,6,15,50,3,74,52,6,58,132
02/15/2011,HLN,MT,ANM,WE,Combination Non-Radar Approach Control & Tower w/o Radar,6,12,14,3,35,0,4,17,0,21,6,16,31,3,56,4,0,4,60
02/16/2011,HLN,MT,ANM,WE,Combination Non-Radar Approach Control & Tower w/o Radar,5,16,10,1,32,0,3,30,9,42,5,19,40,10,74,110,14,124,198
02/17/2011,HLN,MT,ANM,WE,Combination Non-Radar Approach Control & Tower w/o Radar,6,15,11,6,38,0,1,42,15,58,6,16,53,21,96,68,22,90,186
02/18/2011,HLN,MT,ANM,WE,Combination Non-Radar Approach Control & Tower w/o Radar,6,19,16,2,43,0,0,19,9,28,6,19,35,11,71,12,16,28,99
02/19/2011,HLN,MT,ANM,WE,Combination Non-Radar Approach Control & Tower w/o Radar,4,11,1,1,17,0,0,3,0,3,4,11,4,1,20,2,0,2,22
02/20/2011,HLN,MT,ANM,WE,Combination Non-Radar Approach Control & Tower w/o Radar,4,10,1,1,16,0,0,0,0,0,4,10,1,1,16,0,0,0,16
02/21/2011,HLN,MT,ANM,WE,Combination Non-Radar Approach Control & Tower w/o Radar,6,15,8,0,29,0,0,31,3,34,6,15,39,3,63,84,0,84,147
02/22/2011,HLN,MT,ANM,WE,Combination Non-Radar Approach Control & Tower w/o Radar,5,19,11,0,35,0,0,15,17,32,5,19,26,17,67,26,50,76,143
02/23/2011,HLN,MT,ANM,WE,Combination Non-Radar Approach Control & Tower w/o Radar,5,19,7,1,32,0,0,12,0,12,5,19,19,1,44,0,0,0,44
02/24/2011,HLN,MT,ANM,WE,Combination Non-Radar Approach Control & Tower w/o Radar,5,13,4,0,22,0,0,0,0,0,5,13,4,0,22,0,0,0,22
02/25/2011,HLN,MT,ANM,WE,Combination Non-Radar Approach Control & Tower w/o Radar,7,19,7,3,36,0,0,6,11,17,7,19,13,14,53,16,8,24,77
02/26/2011,HLN,MT,ANM,WE,Combination Non-Radar Approach Control & Tower w/o Radar,4,14,3,4,25,0,0,7,6,13,4,14,10,10,38,16,24,40,78
02/27/2011,HLN,MT,ANM,WE,Combination Non-Radar Approach Control & Tower w/o Radar,4,12,3,2,21,0,0,12,0,12,4,12,15,2,33,18,0,18,51
02/28/2011,HLN,MT,ANM,WE,Combination Non-Radar Approach Control & Tower w/o Radar,6,18,11,0,35,0,0,20,0,20,6,18,31,0,55,42,12,54,109
03/01/2011,HLN,MT,ANM,WE,Combination Non-Radar Approach Control & Tower w/o Radar,6,14,10,5,35,0,2,23,9,34,6,16,33,14,69,50,22,72,141
03/02/2011,HLN,MT,ANM,WE,Combination Non-Radar Approach Control & Tower w/o Radar,4,12,6,2,24,0,2,36,2,40,4,14,42,4,64,78,6,84,148
03/03/2011,HLN,MT,ANM,WE,Combination Non-Radar Approach Control & Tower w/o Radar,6,18,9,2,35,0,0,17,7,24,6,18,26,9,59,14,4,18,77
03/04/2011,HLN,MT,ANM,WE,Combination Non-Radar Approach Control & Tower w/o Radar,6,13,11,3,33,0,0,41,22,63,6,13,52,25,96,38,6,44,140
03/05/2011,HLN,MT,ANM,WE,Combination Non-Radar Approach Control & Tower w/o Radar,4,19,4,0,27,0,0,51,2,53,4,19,55,2,80,36,0,36,116
03/06/2011,HLN,MT,ANM,WE,Combination Non-Radar Approach Control & Tower w/o Radar,4,9,6,0,19,0,0,7,2,9,4,9,13,2,28,2,0,2,30
03/07/2011,HLN,MT,ANM,WE,Combination Non-Radar Approach Control & Tower w/o Radar,6,17,10,7,40,0,0,28,3,31,6,17,38,10,71,70,10,80,151
03/08/2011,HLN,MT,ANM,WE,Combination Non-Radar Approach Control & Tower w/o Radar,6,16,10,3,35,0,3,55,12,70,6,19,65,15,105,52,14,66,171
03/09/2011,HLN,MT,ANM,WE,Combination Non-Radar Approach Control & Tower w/o Radar,6,21,9,6,42,0,0,35,10,45,6,21,44,16,87,6,0,6,93
03/10/2011,HLN,MT,ANM,WE,Combination Non-Radar Approach Control & Tower w/o Radar,6,17,8,2,33,0,0,20,5,25,6,17,28,7,58,16,18,34,92
03/11/2011,HLN,MT,ANM,WE,Combination Non-Radar Approach Control & Tower w/o Radar,6,17,9,0,32,6,17,20,10,53,12,34,29,10,85,8,20,28,113
03/12/2011,HLN,MT,ANM,WE,Combination Non-Radar Approach Control & Tower w/o Radar,4,11,6,0,21,0,0,60,0,60,4,11,66,0,81,98,0,98,179
03/13/2011,HLN,MT,ANM,WE,Combination Non-Radar Approach Control & Tower w/o Radar,4,9,4,4,21,0,0,54,1,55,4,9,58,5,76,38,4,42,118
03/14/2011,HLN,MT,ANM,WE,Combination Non-Radar Approach Control & Tower w/o Radar,5,14,4,8,31,0,0,17,15,32,5,14,21,23,63,74,18,92,155
03/15/2011,HLN,MT,ANM,WE,Combination Non-Radar Approach Control & Tower w/o Radar,6,18,5,3,32,0,0,52,32,84,6,18,57,35,116,86,32,118,234
03/16/2011,HLN,MT,ANM,WE,Combination Non-Radar Approach Control & Tower w/o Radar,5,21,5,8,39,0,1,23,16,40,5,22,28,24,79,18,10,28,107
03/17/2011,HLN,MT,ANM,WE,Combination Non-Radar Approach Control & Tower w/o Radar,6,17,8,3,34,0,1,31,16,48,6,18,39,19,82,26,22,48,130
03/18/2011,HLN,MT,ANM,WE,Combination Non-Radar Approach Control & Tower w/o Radar,5,15,74,19,113,0,0,0,0,0,5,15,74,19,113,48,4,52,165
03/19/2011,HLN,MT,ANM,WE,Combination Non-Radar Approach Control & Tower w/o Radar,4,14,2,2,22,0,1,13,15,29,4,15,15,17,51,10,10,20,71
03/20/2011,HLN,MT,ANM,WE,Combination Non-Radar Approach Control & Tower w/o Radar,4,13,3,1,21,0,2,49,0,51,4,15,52,1,72,40,0,40,112
03/21/2011,HLN,MT,ANM,WE,Combination Non-Radar Approach Control & Tower w/o Radar,6,14,5,6,31,0,0,2,0,2,6,14,7,6,33,2,4,6,39
03/22/2011,HLN,MT,ANM,WE,Combination Non-Radar Approach Control & Tower w/o Radar,5,16,5,6,32,0,1,4,16,21,5,17,9,22,53,20,18,38,91
03/23/2011,HLN,MT,ANM,WE,Combination Non-Radar Approach Control & Tower w/o Radar,6,17,14,6,43,0,1,48,10,59,6,18,62,16,102,74,8,82,184
03/24/2011,HLN,MT,ANM,WE,Combination Non-Radar Approach Control & Tower w/o Radar,5,20,7,2,34,0,0,34,13,47,5,20,41,15,81,64,12,76,157
03/25/2011,HLN,MT,ANM,WE,Combination Non-Radar Approach Control & Tower w/o Radar,9,15,7,3,34,0,1,19,8,28,9,16,26,11,62,34,16,50,112
03/26/2011,HLN,MT,ANM,WE,Combination Non-Radar Approach Control & Tower w/o Radar,5,12,8,0,25,0,0,29,2,31,5,12,37,2,56,18,0,18,74
03/27/2011,HLN,MT,ANM,WE,Combination Non-Radar Approach Control & Tower w/o Radar,4,11,2,0,17,0,0,0,0,0,4,11,2,0,17,0,0,0,17
03/28/2011,HLN,MT,ANM,WE,Combination Non-Radar Approach Control & Tower w/o Radar,6,20,11,0,37,0,0,11,12,23,6,20,22,12,60,58,6,64,124
03/29/2011,HLN,MT,ANM,WE,Combination Non-Radar Approach Control & Tower w/o Radar,6,19,12,4,41,0,0,31,9,40,6,19,43,13,81,76,10,86,167
03/30/2011,HLN,MT,ANM,WE,Combination Non-Radar Approach Control & Tower w/o Radar,6,16,9,0,31,0,2,6,0,8,6,18,15,0,39,22,0,22,61
03/31/2011,HLN,MT,ANM,WE,Combination Non-Radar Approach Control & Tower w/o Radar,7,21,3,0,31,0,0,6,6,12,7,21,9,6,43,2,0,2,45
04/01/2011,HLN,MT,ANM,WE,Combination Non-Radar Approach Control & Tower w/o Radar,6,16,6,6,34,0,2,44,14,60,6,18,50,20,94,66,12,78,172
04/02/2011,HLN,MT,ANM,WE,Combination Non-Radar Approach Control & Tower w/o Radar,4,13,2,0,19,0,0,25,0,25,4,13,27,0,44,92,0,92,136
04/03/2011,HLN,MT,ANM,WE,Combination Non-Radar Approach Control & Tower w/o Radar,4,13,5,4,26,0,0,9,6,15,4,13,14,10,41,8,14,22,63
04/04/2011,HLN,MT,ANM,WE,Combination Non-Radar Approach Control & Tower w/o Radar,6,13,12,0,31,0,0,26,5,31,6,13,38,5,62,6,24,30,92
04/05/2011,HLN,MT,ANM,WE,Combination Non-Radar Approach Control & Tower w/o Radar,6,17,8,1,32,0,3,12,8,23,6,20,20,9,55,0,14,14,69
04/06/2011,HLN,MT,ANM,WE,Combination Non-Radar Approach Control & Tower w/o Radar,4,16,16,2,38,0,0,38,0,38,4,16,54,2,76,26,6,32,108
04/07/2011,HLN,MT,ANM,WE,Combination Non-Radar Approach Control & Tower w/o Radar,6,17,10,2,35,0,0,27,4,31,6,17,37,6,66,88,2,90,156
04/08/2011,HLN,MT,ANM,WE,Combination Non-Radar Approach Control & Tower w/o Radar,5,22,9,3,39,0,0,0,0,0,5,22,9,3,39,0,0,0,39
04/09/2011,HLN,MT,ANM,WE,Combination Non-Radar Approach Control & Tower w/o Radar,5,11,10,0,26,0,0,53,0,53,5,11,63,0,79,188,0,188,267
04/10/2011,HLN,MT,ANM,WE,Combination Non-Radar Approach Control & Tower w/o Radar,4,9,0,2,15,0,0,7,0,7,4,9,7,2,22,8,0,8,30
04/11/2011,HLN,MT,ANM,WE,Combination Non-Radar Approach Control & Tower w/o Radar,6,16,6,0,28,0,0,22,14,36,6,16,28,14,64,20,14,34,98
04/12/2011,HLN,MT,ANM,WE,Combination Non-Radar Approach Control & Tower w/o Radar,6,19,0,5,30,0,3,75,8,86,6,22,75,13,116,128,20,148,264
04/13/2011,HLN,MT,ANM,WE,Combination Non-Radar Approach Control & Tower w/o Radar,6,15,9,2,32,0,0,43,19,62,6,15,52,21,94,86,18,104,198
04/14/2011,HLN,MT,ANM,WE,Combination Non-Radar Approach Control & Tower w/o Radar,6,17,15,5,43,0,0,16,9,25,6,17,31,14,68,14,2,16,84
04/15/2011,HLN,MT,ANM,WE,Combination Non-Radar Approach Control & Tower w/o Radar,5,16,11,2,34,0,2,34,10,46,5,18,45,12,80,26,4,30,110
04/16/2011,HLN,MT,ANM,WE,Combination Non-Radar Approach Control & Tower w/o Radar,4,9,4,1,18,0,0,20,1,21,4,9,24,2,39,70,0,70,109
04/17/2011,HLN,MT,ANM,WE,Combination Non-Radar Approach Control & Tower w/o Radar,4,11,6,0,21,0,0,18,0,18,4,11,24,0,39,40,0,40,79
04/18/2011,HLN,MT,ANM,WE,Combination Non-Radar Approach Control & Tower w/o Radar,6,18,4,4,32,0,0,12,9,21,6,18,16,13,53,58,2,60,113
04/19/2011,HLN,MT,ANM,WE,Combination Non-Radar Approach Control & Tower w/o Radar,6,14,9,0,29,0,1,11,20,32,6,15,20,20,61,8,22,30,91
04/20/2011,HLN,MT,ANM,WE,Combination Non-Radar Approach Control & Tower w/o Radar,6,18,11,0,35,0,0,69,22,91,6,18,80,22,126,50,12,62,188
04/21/2011,HLN,MT,ANM,WE,Combination Non-Radar Approach Control & Tower w/o Radar,5,20,4,0,29,0,0,17,8,25,5,20,21,8,54,44,44,88,142
04/22/2011,HLN,MT,ANM,WE,Combination Non-Radar Approach Control & Tower w/o Radar,4,16,12,1,33,0,0,15,9,24,4,16,27,10,57,70,0,70,127
04/23/2011,HLN,MT,ANM,WE,Combination Non-Radar Approach Control & Tower w/o Radar,5,9,2,1,17,0,1,76,3,80,5,10,78,4,97,116,0,116,213
04/24/2011,HLN,MT,ANM,WE,Combination Non-Radar Approach Control & Tower w/o Radar,4,11,6,0,21,0,1,43,0,44,4,12,49,0,65,76,0,76,141
04/25/2011,HLN,MT,ANM,WE,Combination Non-Radar Approach Control & Tower w/o Radar,7,19,52,15,93,0,0,0,0,0,7,19,52,15,93,124,10,134,227
04/26/2011,HLN,MT,ANM,WE,Combination Non-Radar Approach Control & Tower w/o Radar,5,16,7,2,30,0,0,13,13,26,5,16,20,15,56,16,10,26,82
04/27/2011,HLN,MT,ANM,WE,Combination Non-Radar Approach Control & Tower w/o Radar,6,14,15,5,40,0,0,27,14,41,6,14,42,19,81,18,16,34,115
04/28/2011,HLN,MT,ANM,WE,Combination Non-Radar Approach Control & Tower w/o Radar,5,14,10,1,30,0,0,15,7,22,5,14,25,8,52,10,4,14,66
04/29/2011,HLN,MT,ANM,WE,Combination Non-Radar Approach Control & Tower w/o Radar,5,15,7,0,27,0,0,6,6,12,5,15,13,6,39,6,20,26,65
04/30/2011,HLN,MT,ANM,WE,Combination Non-Radar Approach Control & Tower w/o Radar,5,11,3,0,19,0,0,16,2,18,5,11,19,2,37,2,0,2,39
05/01/2011,HLN,MT,ANM,WE,Combination Non-Radar Approach Control & Tower w/o Radar,4,10,3,0,17,0,1,18,2,21,4,11,21,2,38,26,0,26,64
05/02/2011,HLN,MT,ANM,WE,Combination Non-Radar Approach Control & Tower w/o Radar,6,17,4,1,28,0,2,72,11,85,6,19,76,12,113,100,10,110,223
05/03/2011,HLN,MT,ANM,WE,Combination Non-Radar Approach Control & Tower w/o Radar,6,11,11,0,28,0,2,6,3,11,6,13,17,3,39,16,0,16,55
05/04/2011,HLN,MT,ANM,WE,Combination Non-Radar Approach Control & Tower w/o Radar,6,16,12,2,36,0,0,48,7,55,6,16,60,9,91,92,6,98,189
05/05/2011,HLN,MT,ANM,WE,Combination Non-Radar Approach Control & Tower w/o Radar,6,16,15,1,38,0,2,67,7,76,6,18,82,8,114,82,0,82,196
05/06/2011,HLN,MT,ANM,WE,Combination Non-Radar Approach Control & Tower w/o Radar,5,8,39,1,53,0,0,3,0,3,5,8,42,1,56,20,2,22,78
05/07/2011,HLN,MT,ANM,WE,Combination Non-Radar Approach Control & Tower w/o Radar,4,9,1,0,14,0,0,27,0,27,4,9,28,0,41,84,0,84,125
05/08/2011,HLN,MT,ANM,WE,Combination Non-Radar Approach Control & Tower w/o Radar,3,11,2,0,16,0,1,25,0,26,3,12,27,0,42,44,0,44,86
05/09/2011,HLN,MT,ANM,WE,Combination Non-Radar Approach Control & Tower w/o Radar,6,20,15,1,42,0,0,0,7,7,6,20,15,8,49,8,2,10,59
05/10/2011,HLN,MT,ANM,WE,Combination Non-Radar Approach Control & Tower w/o Radar,6,12,4,2,24,0,0,34,10,44,6,12,38,12,68,54,2,56,124
05/11/2011,HLN,MT,ANM,WE,Combination Non-Radar Approach Control & Tower w/o Radar,5,14,6,0,25,0,0,91,17,108,5,14,97,17,133,84,16,100,233
05/12/2011,HLN,MT,ANM,WE,Combination Non-Radar Approach Control & Tower w/o Radar,6,15,84,21,126,0,0,0,0,0,6,15,84,21,126,78,10,88,214
05/13/2011,HLN,MT,ANM,WE,Combination Non-Radar Approach Control & Tower w/o Radar,6,19,11,2,38,0,2,76,25,103,6,21,87,27,141,116,38,154,295
05/14/2011,HLN,MT,ANM,WE,Combination Non-Radar Approach Control & Tower w/o Radar,4,8,3,2,17,0,0,32,10,42,4,8,35,12,59,32,0,32,91
05/15/2011,HLN,MT,ANM,WE,Combination Non-Radar Approach Control & Tower w/o Radar,3,10,4,1,18,0,0,26,2,28,3,10,30,3,46,28,0,28,74
05/16/2011,HLN,MT,ANM,WE,Combination Non-Radar Approach Control & Tower w/o Radar,6,17,3,0,26,0,0,14,0,14,6,17,17,0,40,0,0,0,40
05/17/2011,HLN,MT,ANM,WE,Combination Non-Radar Approach Control & Tower w/o Radar,8,11,11,0,30,0,2,63,18,83,8,13,74,18,113,116,14,130,243
05/18/2011,HLN,MT,ANM,WE,Combination Non-Radar Approach Control & Tower w/o Radar,6,15,2,3,26,0,0,30,22,52,6,15,32,25,78,12,16,28,106
05/19/2011,HLN,MT,ANM,WE,Combination Non-Radar Approach Control & Tower w/o Radar,5,14,12,1,32,0,0,47,19,66,5,14,59,20,98,106,16,122,220
05/20/2011,HLN,MT,ANM,WE,Combination Non-Radar Approach Control & Tower w/o Radar,4,15,7,2,28,0,1,14,0,15,4,16,21,2,43,12,0,12,55
05/21/2011,HLN,MT,ANM,WE,Combination Non-Radar Approach Control & Tower w/o Radar,5,10,5,0,20,0,0,20,0,20,5,10,25,0,40,36,0,36,76
05/22/2011,HLN,MT,ANM,WE,Combination Non-Radar Approach Control & Tower w/o Radar,3,10,5,0,18,0,0,29,0,29,3,10,34,0,47,42,0,42,89
05/23/2011,HLN,MT,ANM,WE,Combination Non-Radar Approach Control & Tower w/o Radar,8,14,8,4,34,0,4,28,4,36,8,18,36,8,70,34,4,38,108
05/24/2011,HLN,MT,ANM,WE,Combination Non-Radar Approach Control & Tower w/o Radar,6,12,11,0,29,0,0,2,4,6,6,12,13,4,35,2,0,2,37
05/25/2011,HLN,MT,ANM,WE,Combination Non-Radar Approach Control & Tower w/o Radar,5,17,25,2,49,0,1,36,10,47,5,18,61,12,96,150,4,154,250
05/26/2011,HLN,MT,ANM,WE,Combination Non-Radar Approach Control & Tower w/o Radar,6,16,7,1,30,0,4,12,6,22,6,20,19,7,52,20,16,36,88
05/27/2011,HLN,MT,ANM,WE,Combination Non-Radar Approach Control & Tower w/o Radar,6,15,6,0,27,0,0,11,13,24,6,15,17,13,51,12,18,30,81
05/28/2011,HLN,MT,ANM,WE,Combination Non-Radar Approach Control & Tower w/o Radar,5,12,2,0,19,0,1,11,0,12,5,13,13,0,31,18,0,18,49
05/29/2011,HLN,MT,ANM,WE,Combination Non-Radar Approach Control & Tower w/o Radar,5,8,4,0,17,0,0,9,0,9,5,8,13,0,26,0,0,0,26
05/30/2011,HLN,MT,ANM,WE,Combination Non-Radar Approach Control & Tower w/o Radar,4,10,7,0,21,0,0,1,6,7,4,10,8,6,28,0,18,18,46
05/31/2011,HLN,MT,ANM,WE,Combination Non-Radar Approach Control & Tower w/o Radar,6,16,8,3,33,0,0,49,18,67,6,16,57,21,100,46,20,66,166
06/01/2011,HLN,MT,ANM,WE,Combination Non-Radar Approach Control & Tower w/o Radar,6,17,5,0,28,0,0,46,6,52,6,17,51,6,80,46,0,46,126
06/02/2011,HLN,MT,ANM,WE,Combination Non-Radar Approach Control & Tower w/o Radar,6,16,7,0,29,0,0,21,7,28,6,16,28,7,57,18,0,18,75
06/03/2011,HLN,MT,ANM,WE,Combination Non-Radar Approach Control & Tower w/o Radar,6,13,10,2,31,0,0,16,16,32,6,13,26,18,63,22,14,36,99
06/04/2011,HLN,MT,ANM,WE,Combination Non-Radar Approach Control & Tower w/o Radar,4,9,6,1,20,0,2,69,14,85,4,11,75,15,105,44,2,46,151
06/05/2011,HLN,MT,ANM,WE,Combination Non-Radar Approach Control & Tower w/o Radar,4,10,6,2,22,0,0,73,1,74,4,10,79,3,96,50,0,50,146
06/06/2011,HLN,MT,ANM,WE,Combination Non-Radar Approach Control & Tower w/o Radar,6,14,7,1,28,0,0,33,5,38,6,14,40,6,66,10,0,10,76
06/07/2011,HLN,MT,ANM,WE,Combination Non-Radar Approach Control & Tower w/o Radar,6,20,8,2,36,0,0,7,17,24,6,20,15,19,60,0,14,14,74
06/08/2011,HLN,MT,ANM,WE,Combination Non-Radar Approach Control & Tower w/o Radar,6,18,11,1,36,0,0,4,3,7,6,18,15,4,43,16,0,16,59
06/09/2011,HLN,MT,ANM,WE,Combination Non-Radar Approach Control & Tower w/o Radar,5,16,7,0,28,0,0,6,10,16,5,16,13,10,44,28,4,32,76
06/10/2011,HLN,MT,ANM,WE,Combination Non-Radar Approach Control & Tower w/o Radar,5,19,6,0,30,0,0,61,9,70,5,19,67,9,100,52,6,58,158
06/11/2011,HLN,MT,ANM,WE,Combination Non-Radar Approach Control & Tower w/o Radar,6,14,6,1,27,0,1,32,8,41,6,15,38,9,68,32,22,54,122
06/12/2011,HLN,MT,ANM,WE,Combination Non-Radar Approach Control & Tower w/o Radar,4,9,4,0,17,0,0,25,1,26,4,9,29,1,43,26,0,26,69
06/13/2011,HLN,MT,ANM,WE,Combination Non-Radar Approach Control & Tower w/o Radar,6,11,12,2,31,0,3,66,5,74,6,14,78,7,105,36,18,54,159
06/14/2011,HLN,MT,ANM,WE,Combination Non-Radar Approach Control & Tower w/o Radar,6,14,16,2,38,0,2,59,21,82,6,16,75,23,120,54,6,60,180
06/15/2011,HLN,MT,ANM,WE,Combination Non-Radar Approach Control & Tower w/o Radar,5,18,12,2,37,0,0,65,11,76,5,18,77,13,113,46,2,48,161
06/16/2011,HLN,MT,ANM,WE,Combination Non-Radar Approach Control & Tower w/o Radar,6,19,11,2,38,0,0,50,16,66,6,19,61,18,104,40,4,44,148
06/17/2011,HLN,MT,ANM,WE,Combination Non-Radar Approach Control & Tower w/o Radar,6,19,9,4,38,0,2,51,8,61,6,21,60,12,99,48,0,48,147
06/18/2011,HLN,MT,ANM,WE,Combination Non-Radar Approach Control & Tower w/o Radar,5,11,6,0,22,0,1,45,4,50,5,12,51,4,72,70,0,70,142
06/19/2011,HLN,MT,ANM,WE,Combination Non-Radar Approach Control & Tower w/o Radar,4,9,1,0,14,0,0,7,0,7,4,9,8,0,21,0,0,0,21
06/20/2011,HLN,MT,ANM,WE,Combination Non-Radar Approach Control & Tower w/o Radar,6,15,7,0,28,0,18,29,0,47,6,33,36,0,75,10,0,10,85
06/21/2011,HLN,MT,ANM,WE,Combination Non-Radar Approach Control & Tower w/o Radar,6,13,4,0,23,0,0,67,5,72,6,13,71,5,95,90,0,90,185
06/22/2011,HLN,MT,ANM,WE,Combination Non-Radar Approach Control & Tower w/o Radar,5,14,11,2,32,0,0,139,3,142,5,14,150,5,174,148,2,150,324
06/23/2011,HLN,MT,ANM,WE,Combination Non-Radar Approach Control & Tower w/o Radar,5,15,4,0,24,0,2,43,6,51,5,17,47,6,75,78,0,78,153
06/24/2011,HLN,MT,ANM,WE,Combination Non-Radar Approach Control & Tower w/o Radar,6,17,8,1,32,0,7,81,1,89,6,24,89,2,121,46,4,50,171
06/25/2011,HLN,MT,ANM,WE,Combination Non-Radar Approach Control & Tower w/o Radar,5,11,0,0,16,0,0,43,0,43,5,11,43,0,59,24,0,24,83
06/26/2011,HLN,MT,ANM,WE,Combination Non-Radar Approach Control & Tower w/o Radar,4,9,7,0,20,0,2,34,0,36,4,11,41,0,56,12,0,12,68
06/27/2011,HLN,MT,ANM,WE,Combination Non-Radar Approach Control & Tower w/o Radar,6,16,5,1,28,0,2,50,6,58,6,18,55,7,86,44,0,44,130
06/28/2011,HLN,MT,ANM,WE,Combination Non-Radar Approach Control & Tower w/o Radar,6,19,9,0,34,0,0,58,16,74,6,19,67,16,108,66,0,66,174
06/29/2011,HLN,MT,ANM,WE,Combination Non-Radar Approach Control & Tower w/o Radar,6,16,12,2,36,0,1,69,19,89,6,17,81,21,125,54,0,54,179
06/30/2011,HLN,MT,ANM,WE,Combination Non-Radar Approach Control & Tower w/o Radar,6,20,18,0,44,0,0,46,17,63,6,20,64,17,107,20,6,26,133
07/01/2011,HLN,MT,ANM,WE,Combination Non-Radar Approach Control & Tower w/o Radar,6,23,6,1,36,0,1,84,10,95,6,24,90,11,131,48,2,50,181
07/02/2011,HLN,MT,ANM,WE,Combination Non-Radar Approach Control & Tower w/o Radar,5,25,8,3,41,0,4,53,0,57,5,29,61,3,98,22,0,22,120
07/03/2011,HLN,MT,ANM,WE,Combination Non-Radar Approach Control & Tower w/o Radar,4,16,7,0,27,0,3,27,0,30,4,19,34,0,57,10,0,10,67
07/04/2011,HLN,MT,ANM,WE,Combination Non-Radar Approach Control & Tower w/o Radar,6,17,2,0,25,0,2,72,0,74,6,19,74,0,99,36,0,36,135
07/05/2011,HLN,MT,ANM,WE,Combination Non-Radar Approach Control & Tower w/o Radar,6,20,7,3,36,0,0,70,5,75,6,20,77,8,111,64,4,68,179
07/06/2011,HLN,MT,ANM,WE,Combination Non-Radar Approach Control & Tower w/o Radar,6,23,9,0,38,0,0,71,4,75,6,23,80,4,113,102,0,102,215
07/07/2011,HLN,MT,ANM,WE,Combination Non-Radar Approach Control & Tower w/o Radar,8,17,6,1,32,0,3,71,12,86,8,20,77,13,118,28,4,32,150
07/08/2011,HLN,MT,ANM,WE,Combination Non-Radar Approach Control & Tower w/o Radar,6,16,56,6,84,0,0,12,0,12,6,16,68,6,96,12,0,12,108
07/09/2011,HLN,MT,ANM,WE,Combination Non-Radar Approach Control & Tower w/o Radar,5,9,6,1,21,0,1,42,2,45,5,10,48,3,66,28,0,28,94
07/10/2011,HLN,MT,ANM,WE,Combination Non-Radar Approach Control & Tower w/o Radar,6,11,1,3,21,0,0,54,1,55,6,11,55,4,76,34,0,34,110
07/11/2011,HLN,MT,ANM,WE,Combination Non-Radar Approach Control & Tower w/o Radar,6,15,12,3,36,0,3,51,1,55,6,18,63,4,91,66,10,76,167
07/12/2011,HLN,MT,ANM,WE,Combination Non-Radar Approach Control & Tower w/o Radar,6,12,2,0,20,0,1,50,4,55,6,13,52,4,75,52,6,58,133
07/13/2011,HLN,MT,ANM,WE,Combination Non-Radar Approach Control & Tower w/o Radar,6,19,16,2,43,0,2,57,2,61,6,21,73,4,104,84,0,84,188
07/14/2011,HLN,MT,ANM,WE,Combination Non-Radar Approach Control & Tower w/o Radar,5,16,8,0,29,0,0,33,14,47,5,16,41,14,76,84,0,84,160
07/15/2011,HLN,MT,ANM,WE,Combination Non-Radar Approach Control & Tower w/o Radar,7,18,12,2,39,0,4,80,24,108,7,22,92,26,147,48,20,68,215
07/16/2011,HLN,MT,ANM,WE,Combination Non-Radar Approach Control & Tower w/o Radar,5,14,4,3,26,0,4,55,23,82,5,18,59,26,108,22,8,30,138
07/17/2011,HLN,MT,ANM,WE,Combination Non-Radar Approach Control & Tower w/o Radar,4,9,3,7,23,0,1,47,0,48,4,10,50,7,71,4,0,4,75
07/18/2011,HLN,MT,ANM,WE,Combination Non-Radar Approach Control & Tower w/o Radar,6,12,4,2,24,0,3,60,2,65,6,15,64,4,89,80,2,82,171
07/19/2011,HLN,MT,ANM,WE,Combination Non-Radar Approach Control & Tower w/o Radar,6,16,11,1,34,0,2,58,6,66,6,18,69,7,100,56,10,66,166
07/20/2011,HLN,MT,ANM,WE,Combination Non-Radar Approach Control & Tower w/o Radar,5,15,11,3,34,0,5,49,9,63,5,20,60,12,97,84,8,92,189
07/21/2011,HLN,MT,ANM,WE,Combination Non-Radar Approach Control & Tower w/o Radar,5,19,11,3,38,0,1,79,3,83,5,20,90,6,121,60,2,62,183
07/22/2011,HLN,MT,ANM,WE,Combination Non-Radar Approach Control & Tower w/o Radar,6,16,8,4,34,0,4,46,7,57,6,20,54,11,91,32,0,32,123
07/23/2011,HLN,MT,ANM,WE,Combination Non-Radar Approach Control & Tower w/o Radar,5,13,7,1,26,0,0,68,0,68,5,13,75,1,94,36,0,36,130
07/24/2011,HLN,MT,ANM,WE,Combination Non-Radar Approach Control & Tower w/o Radar,4,9,9,2,24,0,3,49,2,54,4,12,58,4,78,42,0,42,120
07/25/2011,HLN,MT,ANM,WE,Combination Non-Radar Approach Control & Tower w/o Radar,5,16,6,0,27,0,2,48,10,60,5,18,54,10,87,58,4,62,149
07/26/2011,HLN,MT,ANM,WE,Combination Non-Radar Approach Control & Tower w/o Radar,5,14,10,0,29,0,2,35,10,47,5,16,45,10,76,24,0,24,100
07/27/2011,HLN,MT,ANM,WE,Combination Non-Radar Approach Control & Tower w/o Radar,7,12,6,0,25,0,1,70,8,79,7,13,76,8,104,2,0,2,106
07/28/2011,HLN,MT,ANM,WE,Combination Non-Radar Approach Control & Tower w/o Radar,5,14,13,1,33,0,1,66,13,80,5,15,79,14,113,56,0,56,169
07/29/2011,HLN,MT,ANM,WE,Combination Non-Radar Approach Control & Tower w/o Radar,5,19,7,1,32,0,11,66,12,89,5,30,73,13,121,50,0,50,171
07/30/2011,HLN,MT,ANM,WE,Combination Non-Radar Approach Control & Tower w/o Radar,5,10,5,0,20,0,5,68,0,73,5,15,73,0,93,12,0,12,105
07/31/2011,HLN,MT,ANM,WE,Combination Non-Radar Approach Control & Tower w/o Radar,4,14,6,0,24,0,0,43,1,44,4,14,49,1,68,10,0,10,78
08/01/2011,HLN,MT,ANM,WE,Combination Non-Radar Approach Control & Tower w/o Radar,5,13,6,0,24,0,2,40,4,46,5,15,46,4,70,56,0,56,126
08/02/2011,HLN,MT,ANM,WE,Combination Non-Radar Approach Control & Tower w/o Radar,6,17,5,0,28,0,2,52,2,56,6,19,57,2,84,50,0,50,134
08/03/2011,HLN,MT,ANM,WE,Combination Non-Radar Approach Control & Tower w/o Radar,6,15,7,0,28,0,0,82,0,82,6,15,89,0,110,124,0,124,234
08/04/2011,HLN,MT,ANM,WE,Combination Non-Radar Approach Control & Tower w/o Radar,5,18,3,0,26,0,3,81,2,86,5,21,84,2,112,78,0,78,190
08/05/2011,HLN,MT,ANM,WE,Combination Non-Radar Approach Control & Tower w/o Radar,6,18,13,4,41,0,0,45,7,52,6,18,58,11,93,18,8,26,119
08/06/2011,HLN,MT,ANM,WE,Combination Non-Radar Approach Control & Tower w/o Radar,5,17,1,0,23,0,1,73,0,74,5,18,74,0,97,22,0,22,119
08/07/2011,HLN,MT,ANM,WE,Combination Non-Radar Approach Control & Tower w/o Radar,4,10,4,0,18,0,0,45,0,45,4,10,49,0,63,10,0,10,73
08/08/2011,HLN,MT,ANM,WE,Combination Non-Radar Approach Control & Tower w/o Radar,6,12,7,2,27,0,0,65,8,73,6,12,72,10,100,96,6,102,202
08/09/2011,HLN,MT,ANM,WE,Combination Non-Radar Approach Control & Tower w/o Radar,6,11,12,1,30,0,2,84,13,99,6,13,96,14,129,84,10,94,223
08/10/2011,HLN,MT,ANM,WE,Combination Non-Radar Approach Control & Tower w/o Radar,6,17,17,1,41,0,0,91,14,105,6,17,108,15,146,128,4,132,278
08/11/2011,HLN,MT,ANM,WE,Combination Non-Radar Approach Control & Tower w/o Radar,5,20,4,5,34,0,1,39,23,63,5,21,43,28,97,22,18,40,137
08/12/2011,HLN,MT,ANM,WE,Combination Non-Radar Approach Control & Tower w/o Radar,7,17,18,0,42,0,3,55,16,74,7,20,73,16,116,16,0,16,132
08/13/2011,HLN,MT,ANM,WE,Combination Non-Radar Approach Control & Tower w/o Radar,5,13,4,1,23,0,1,44,17,62,5,14,48,18,85,28,16,44,129
08/14/2011,HLN,MT,ANM,WE,Combination Non-Radar Approach Control & Tower w/o Radar,4,10,10,0,24,0,0,49,4,53,4,10,59,4,77,0,0,0,77
08/15/2011,HLN,MT,ANM,WE,Combination Non-Radar Approach Control & Tower w/o Radar,6,17,7,2,32,0,3,39,7,49,6,20,46,9,81,0,10,10,91
08/16/2011,HLN,MT,ANM,WE,Combination Non-Radar Approach Control & Tower w/o Radar,6,20,6,3,35,0,1,75,9,85,6,21,81,12,120,54,6,60,180
08/17/2011,HLN,MT,ANM,WE,Combination Non-Radar Approach Control & Tower w/o Radar,5,19,2,4,30,0,0,80,3,83,5,19,82,7,113,68,10,78,191
08/18/2011,HLN,MT,ANM,WE,Combination Non-Radar Approach Control & Tower w/o Radar,6,15,6,0,27,4,1,73,9,87,10,16,79,9,114,50,10,60,174
08/19/2011,HLN,MT,ANM,WE,Combination Non-Radar Approach Control & Tower w/o Radar,5,18,1,1,25,0,7,69,9,85,5,25,70,10,110,20,4,24,134
08/20/2011,HLN,MT,ANM,WE,Combination Non-Radar Approach Control & Tower w/o Radar,6,16,6,0,28,0,1,57,0,58,6,17,63,0,86,36,0,36,122
08/21/2011,HLN,MT,ANM,WE,Combination Non-Radar Approach Control & Tower w/o Radar,6,9,2,0,17,0,2,44,0,46,6,11,46,0,63,8,0,8,71
08/22/2011,HLN,MT,ANM,WE,Combination Non-Radar Approach Control & Tower w/o Radar,6,15,6,0,27,0,1,59,4,64,6,16,65,4,91,72,24,96,187
08/23/2011,HLN,MT,ANM,WE,Combination Non-Radar Approach Control & Tower w/o Radar,6,15,3,0,24,0,1,50,7,58,6,16,53,7,82,40,28,68,150
08/24/2011,HLN,MT,ANM,WE,Combination Non-Radar Approach Control & Tower w/o Radar,6,13,2,1,22,0,0,53,12,65,6,13,55,13,87,32,6,38,125
08/25/2011,HLN,MT,ANM,WE,Combination Non-Radar Approach Control & Tower w/o Radar,6,17,5,2,30,0,1,71,4,76,6,18,76,6,106,74,6,80,186
08/26/2011,HLN,MT,ANM,WE,Combination Non-Radar Approach Control & Tower w/o Radar,6,19,11,2,38,2,10,76,23,111,8,29,87,25,149,46,28,74,223
08/27/2011,HLN,MT,ANM,WE,Combination Non-Radar Approach Control & Tower w/o Radar,5,13,5,2,25,0,2,58,9,69,5,15,63,11,94,14,12,26,120
08/28/2011,HLN,MT,ANM,WE,Combination Non-Radar Approach Control & Tower w/o Radar,4,9,5,0,18,0,0,50,0,50,4,9,55,0,68,22,0,22,90
08/29/2011,HLN,MT,ANM,WE,Combination Non-Radar Approach Control & Tower w/o Radar,6,12,6,0,24,0,2,52,9,63,6,14,58,9,87,22,14,36,123
08/30/2011,HLN,MT,ANM,WE,Combination Non-Radar Approach Control & Tower w/o Radar,6,14,2,0,22,0,2,78,21,101,6,16,80,21,123,48,34,82,205
08/31/2011,HLN,MT,ANM,WE,Combination Non-Radar Approach Control & Tower w/o Radar,5,13,10,1,29,0,0,48,7,55,5,13,58,8,84,24,0,24,108
09/01/2011,HLN,MT,ANM,WE,Combination Non-Radar Approach Control & Tower w/o Radar,5,17,16,0,38,0,0,44,11,55,5,17,60,11,93,38,0,38,131
09/02/2011,HLN,MT,ANM,WE,Combination Non-Radar Approach Control & Tower w/o Radar,5,16,8,1,30,0,2,29,9,40,5,18,37,10,70,10,10,20,90
09/03/2011,HLN,MT,ANM,WE,Combination Non-Radar Approach Control & Tower w/o Radar,5,14,7,0,26,0,1,76,0,77,5,15,83,0,103,42,0,42,145
09/04/2011,HLN,MT,ANM,WE,Combination Non-Radar Approach Control & Tower w/o Radar,4,6,2,0,12,0,0,55,0,55,4,6,57,0,67,34,0,34,101
09/05/2011,HLN,MT,ANM,WE,Combination Non-Radar Approach Control & Tower w/o Radar,6,15,7,0,28,0,0,77,0,77,6,15,84,0,105,34,0,34,139
09/06/2011,HLN,MT,ANM,WE,Combination Non-Radar Approach Control & Tower w/o Radar,8,18,8,0,34,0,2,61,4,67,8,20,69,4,101,32,0,32,133
09/07/2011,HLN,MT,ANM,WE,Combination Non-Radar Approach Control & Tower w/o Radar,6,14,2,0,22,0,0,49,2,51,6,14,51,2,73,44,0,44,117
09/08/2011,HLN,MT,ANM,WE,Combination Non-Radar Approach Control & Tower w/o Radar,6,18,7,2,33,0,0,81,18,99,6,18,88,20,132,90,18,108,240
09/09/2011,HLN,MT,ANM,WE,Combination Non-Radar Approach Control & Tower w/o Radar,10,15,10,0,35,0,9,90,26,125,10,24,100,26,160,56,10,66,226
09/10/2011,HLN,MT,ANM,WE,Combination Non-Radar Approach Control & Tower w/o Radar,5,10,3,0,18,5,14,99,5,123,10,24,102,5,141,24,0,24,165
09/11/2011,HLN,MT,ANM,WE,Combination Non-Radar Approach Control & Tower w/o Radar,6,9,1,0,16,0,8,102,3,113,6,17,103,3,129,6,2,8,137
09/12/2011,HLN,MT,ANM,WE,Combination Non-Radar Approach Control & Tower w/o Radar,6,17,10,4,37,0,14,71,10,95,6,31,81,14,132,46,28,74,206
09/13/2011,HLN,MT,ANM,WE,Combination Non-Radar Approach Control & Tower w/o Radar,8,17,8,1,34,0,7,65,16,88,8,24,73,17,122,36,18,54,176
09/14/2011,HLN,MT,ANM,WE,Combination Non-Radar Approach Control & Tower w/o Radar,6,13,15,2,36,6,24,100,14,144,12,37,115,16,180,10,60,70,250
09/15/2011,HLN,MT,ANM,WE,Combination Non-Radar Approach Control & Tower w/o Radar,8,14,7,0,29,0,6,48,17,71,8,20,55,17,100,72,0,72,172
09/16/2011,HLN,MT,ANM,WE,Combination Non-Radar Approach Control & Tower w/o Radar,5,18,13,0,36,0,0,57,8,65,5,18,70,8,101,38,2,40,141
09/17/2011,HLN,MT,ANM,WE,Combination Non-Radar Approach Control & Tower w/o Radar,6,13,3,0,22,0,0,37,0,37,6,13,40,0,59,8,0,8,67
09/18/2011,HLN,MT,ANM,WE,Combination Non-Radar Approach Control & Tower w/o Radar,4,10,5,2,21,0,0,21,0,21,4,10,26,2,42,16,0,16,58
09/19/2011,HLN,MT,ANM,WE,Combination Non-Radar Approach Control & Tower w/o Radar,6,17,14,1,38,0,0,33,14,47,6,17,47,15,85,10,4,14,99
09/20/2011,HLN,MT,ANM,WE,Combination Non-Radar Approach Control & Tower w/o Radar,6,15,7,1,29,0,0,51,7,58,6,15,58,8,87,16,0,16,103
09/21/2011,HLN,MT,ANM,WE,Combination Non-Radar Approach Control & Tower w/o Radar,6,18,13,0,37,0,0,83,16,99,6,18,96,16,136,56,0,56,192
09/22/2011,HLN,MT,ANM,WE,Combination Non-Radar Approach Control & Tower w/o Radar,6,14,7,0,27,0,2,68,16,86,6,16,75,16,113,60,0,60,173
09/23/2011,HLN,MT,ANM,WE,Combination Non-Radar Approach Control & Tower w/o Radar,5,13,18,0,36,0,0,80,8,88,5,13,98,8,124,28,8,36,160
09/24/2011,HLN,MT,ANM,WE,Combination Non-Radar Approach Control & Tower w/o Radar,6,9,4,0,19,0,4,56,9,69,6,13,60,9,88,42,0,42,130
09/25/2011,HLN,MT,ANM,WE,Combination Non-Radar Approach Control & Tower w/o Radar,4,10,5,0,19,0,0,37,0,37,4,10,42,0,56,40,0,40,96
09/26/2011,HLN,MT,ANM,WE,Combination Non-Radar Approach Control & Tower w/o Radar,6,16,2,0,24,0,2,27,14,43,6,18,29,14,67,8,16,24,91
09/27/2011,HLN,MT,ANM,WE,Combination Non-Radar Approach Control & Tower w/o Radar,6,11,0,1,18,0,4,62,19,85,6,15,62,20,103,30,10,40,143
09/28/2011,HLN,MT,ANM,WE,Combination Non-Radar Approach Control & Tower w/o Radar,6,19,9,1,35,0,3,39,17,59,6,22,48,18,94,24,10,34,128
09/29/2011,HLN,MT,ANM,WE,Combination Non-Radar Approach Control & Tower w/o Radar,5,16,5,4,30,0,1,36,13,50,5,17,41,17,80,22,14,36,116
09/30/2011,HLN,MT,ANM,WE,Combination Non-Radar Approach Control & Tower w/o Radar,6,13,16,3,38,0,13,80,9,102,6,26,96,12,140,94,16,110,250
10/01/2011,HLN,MT,ANM,WE,Combination Non-Radar Approach Control & Tower w/o Radar,6,9,3,0,18,0,0,144,3,147,6,9,147,3,165,14,0,14,179
10/02/2011,HLN,MT,ANM,WE,Combination Non-Radar Approach Control & Tower w/o Radar,4,11,1,2,18,0,0,28,0,28,4,11,29,2,46,0,0,0,46
10/03/2011,HLN,MT,ANM,WE,Combination Non-Radar Approach Control & Tower w/o Radar,6,14,13,2,35,0,2,46,14,62,6,16,59,16,97,24,6,30,127
10/04/2011,HLN,MT,ANM,WE,Combination Non-Radar Approach Control & Tower w/o Radar,6,13,12,1,32,0,4,30,20,54,6,17,42,21,86,2,10,12,98
10/05/2011,HLN,MT,ANM,WE,Combination Non-Radar Approach Control & Tower w/o Radar,5,16,10,2,33,0,0,31,2,33,5,16,41,4,66,50,2,52,118
10/06/2011,HLN,MT,ANM,WE,Combination Non-Radar Approach Control & Tower w/o Radar,5,19,6,4,34,0,0,20,9,29,5,19,26,13,63,20,20,40,103
10/07/2011,HLN,MT,ANM,WE,Combination Non-Radar Approach Control & Tower w/o Radar,5,20,7,4,36,0,0,5,9,14,5,20,12,13,50,28,8,36,86
10/08/2011,HLN,MT,ANM,WE,Combination Non-Radar Approach Control & Tower w/o Radar,6,9,5,0,20,0,0,45,0,45,6,9,50,0,65,40,0,40,105
10/09/2011,HLN,MT,ANM,WE,Combination Non-Radar Approach Control & Tower w/o Radar,4,10,1,0,15,0,0,28,0,28,4,10,29,0,43,22,0,22,65
10/10/2011,HLN,MT,ANM,WE,Combination Non-Radar Approach Control & Tower w/o Radar,6,15,4,1,26,0,2,19,2,23,6,17,23,3,49,20,2,22,71
10/11/2011,HLN,MT,ANM,WE,Combination Non-Radar Approach Control & Tower w/o Radar,6,13,9,1,29,0,0,10,3,13,6,13,19,4,42,8,2,10,52
10/12/2011,HLN,MT,ANM,WE,Combination Non-Radar Approach Control & Tower w/o Radar,6,16,8,1,31,0,2,28,13,43,6,18,36,14,74,32,4,36,110
10/13/2011,HLN,MT,ANM,WE,Combination Non-Radar Approach Control & Tower w/o Radar,6,21,12,0,39,0,0,48,12,60,6,21,60,12,99,70,22,92,191
10/14/2011,HLN,MT,ANM,WE,Combination Non-Radar Approach Control & Tower w/o Radar,6,21,15,0,42,0,9,31,20,60,6,30,46,20,102,30,38,68,170
10/15/2011,HLN,MT,ANM,WE,Combination Non-Radar Approach Control & Tower w/o Radar,5,14,4,0,23,0,1,16,8,25,5,15,20,8,48,4,4,8,56
10/16/2011,HLN,MT,ANM,WE,Combination Non-Radar Approach Control & Tower w/o Radar,4,8,5,0,17,0,0,8,0,8,4,8,13,0,25,0,0,0,25
10/17/2011,HLN,MT,ANM,WE,Combination Non-Radar Approach Control & Tower w/o Radar,6,17,13,4,40,0,0,43,10,53,6,17,56,14,93,36,10,46,139
10/18/2011,HLN,MT,ANM,WE,Combination Non-Radar Approach Control & Tower w/o Radar,5,14,13,3,35,0,7,65,13,85,5,21,78,16,120,70,16,86,206
10/19/2011,HLN,MT,ANM,WE,Combination Non-Radar Approach Control & Tower w/o Radar,6,18,8,0,32,0,2,71,16,89,6,20,79,16,121,44,14,58,179
10/20/2011,HLN,MT,ANM,WE,Combination Non-Radar Approach Control & Tower w/o Radar,6,14,4,0,24,0,0,47,8,55,6,14,51,8,79,40,0,40,119
10/21/2011,HLN,MT,ANM,WE,Combination Non-Radar Approach Control & Tower w/o Radar,6,18,12,0,36,0,12,36,16,64,6,30,48,16,100,64,4,68,168
10/22/2011,HLN,MT,ANM,WE,Combination Non-Radar Approach Control & Tower w/o Radar,5,12,5,0,22,0,3,15,0,18,5,15,20,0,40,8,0,8,48
10/23/2011,HLN,MT,ANM,WE,Combination Non-Radar Approach Control & Tower w/o Radar,4,10,2,0,16,0,0,3,0,3,4,10,5,0,19,0,0,0,19
10/24/2011,HLN,MT,ANM,WE,Combination Non-Radar Approach Control & Tower w/o Radar,6,13,8,0,27,0,1,8,18,27,6,14,16,18,54,22,8,30,84
10/25/2011,HLN,MT,ANM,WE,Combination Non-Radar Approach Control & Tower w/o Radar,5,11,8,0,24,0,3,23,25,51,5,14,31,25,75,28,16,44,119
10/26/2011,HLN,MT,ANM,WE,Combination Non-Radar Approach Control & Tower w/o Radar,7,19,12,0,38,0,4,55,23,82,7,23,67,23,120,32,2,34,154
10/27/2011,HLN,MT,ANM,WE,Combination Non-Radar Approach Control & Tower w/o Radar,6,14,9,2,31,0,1,18,16,35,6,15,27,18,66,20,2,22,88
10/28/2011,HLN,MT,ANM,WE,Combination Non-Radar Approach Control & Tower w/o Radar,8,17,8,3,36,0,3,52,19,74,8,20,60,22,110,40,4,44,154
10/29/2011,HLN,MT,ANM,WE,Combination Non-Radar Approach Control & Tower w/o Radar,5,9,0,0,14,0,2,1,6,9,5,11,1,6,23,0,2,2,25
10/30/2011,HLN,MT,ANM,WE,Combination Non-Radar Approach Control & Tower w/o Radar,4,10,36,0,50,0,0,33,0,33,4,10,69,0,83,22,0,22,105
10/31/2011,HLN,MT,ANM,WE,Combination Non-Radar Approach Control & Tower w/o Radar,8,10,12,0,30,0,3,19,12,34,8,13,31,12,64,10,4,14,78
11/01/2011,HLN,MT,ANM,WE,Combination Non-Radar Approach Control & Tower w/o Radar,5,17,10,1,33,0,2,21,17,40,5,19,31,18,73,28,4,32,105
11/02/2011,HLN,MT,ANM,WE,Combination Non-Radar Approach Control & Tower w/o Radar,5,14,5,0,24,0,4,45,7,56,5,18,50,7,80,42,0,42,122
11/03/2011,HLN,MT,ANM,WE,Combination Non-Radar Approach Control & Tower w/o Radar,7,13,5,2,27,0,1,44,20,65,7,14,49,22,92,30,10,40,132
11/04/2011,HLN,MT,ANM,WE,Combination Non-Radar Approach Control & Tower w/o Radar,6,14,13,0,33,0,2,23,6,31,6,16,36,6,64,2,24,26,90
11/05/2011,HLN,MT,ANM,WE,Combination Non-Radar Approach Control & Tower w/o Radar,5,12,2,1,20,0,0,3,0,3,5,12,5,1,23,0,0,0,23
11/06/2011,HLN,MT,ANM,WE,Combination Non-Radar Approach Control & Tower w/o Radar,4,9,3,1,17,0,0,26,1,27,4,9,29,2,44,18,4,22,66
11/07/2011,HLN,MT,ANM,WE,Combination Non-Radar Approach Control & Tower w/o Radar,6,11,9,2,28,0,3,24,12,39,6,14,33,14,67,26,2,28,95
11/08/2011,HLN,MT,ANM,WE,Combination Non-Radar Approach Control & Tower w/o Radar,6,11,8,0,25,0,0,28,12,40,6,11,36,12,65,26,0,26,91
11/09/2011,HLN,MT,ANM,WE,Combination Non-Radar Approach Control & Tower w/o Radar,5,13,7,1,26,5,4,33,5,47,10,17,40,6,73,36,2,38,111
11/10/2011,HLN,MT,ANM,WE,Combination Non-Radar Approach Control & Tower w/o Radar,7,12,4,0,23,0,8,54,3,65,7,20,58,3,88,82,2,84,172
11/11/2011,HLN,MT,ANM,WE,Combination Non-Radar Approach Control & Tower w/o Radar,6,17,5,0,28,0,0,55,0,55,6,17,60,0,83,20,0,20,103
11/12/2011,HLN,MT,ANM,WE,Combination Non-Radar Approach Control & Tower w/o Radar,5,9,5,0,19,0,0,1,0,1,5,9,6,0,20,0,0,0,20
11/13/2011,HLN,MT,ANM,WE,Combination Non-Radar Approach Control & Tower w/o Radar,4,8,4,0,16,0,0,4,0,4,4,8,8,0,20,0,0,0,20
11/14/2011,HLN,MT,ANM,WE,Combination Non-Radar Approach Control & Tower w/o Radar,6,14,7,2,29,0,0,7,0,7,6,14,14,2,36,6,6,12,48
11/15/2011,HLN,MT,ANM,WE,Combination Non-Radar Approach Control & Tower w/o Radar,6,16,11,0,33,0,0,15,10,25,6,16,26,10,58,6,38,44,102
11/16/2011,HLN,MT,ANM,WE,Combination Non-Radar Approach Control & Tower w/o Radar,6,12,2,2,22,0,0,43,14,57,6,12,45,16,79,44,6,50,129
11/17/2011,HLN,MT,ANM,WE,Combination Non-Radar Approach Control & Tower w/o Radar,6,15,18,2,41,0,0,22,13,35,6,15,40,15,76,16,40,56,132
11/18/2011,HLN,MT,ANM,WE,Combination Non-Radar Approach Control & Tower w/o Radar,5,20,20,0,45,0,0,1,0,1,5,20,21,0,46,0,0,0,46
11/19/2011,HLN,MT,ANM,WE,Combination Non-Radar Approach Control & Tower w/o Radar,5,11,1,0,17,0,0,8,0,8,5,11,9,0,25,4,0,4,29
11/20/2011,HLN,MT,ANM,WE,Combination Non-Radar Approach Control & Tower w/o Radar,4,10,2,0,16,0,0,17,0,17,4,10,19,0,33,28,0,28,61
11/21/2011,HLN,MT,ANM,WE,Combination Non-Radar Approach Control & Tower w/o Radar,6,11,10,2,29,0,1,28,26,55,6,12,38,28,84,24,32,56,140
11/22/2011,HLN,MT,ANM,WE,Combination Non-Radar Approach Control & Tower w/o Radar,6,18,13,0,37,0,2,22,7,31,6,20,35,7,68,8,2,10,78
11/23/2011,HLN,MT,ANM,WE,Combination Non-Radar Approach Control & Tower w/o Radar,6,16,6,0,28,0,0,13,0,13,6,16,19,0,41,0,0,0,41
11/24/2011,HLN,MT,ANM,WE,Combination Non-Radar Approach Control & Tower w/o Radar,5,6,2,0,13,0,0,5,0,5,5,6,7,0,18,2,0,2,20
11/25/2011,HLN,MT,ANM,WE,Combination Non-Radar Approach Control & Tower w/o Radar,6,12,4,0,22,0,2,5,0,7,6,14,9,0,29,0,0,0,29
11/26/2011,HLN,MT,ANM,WE,Combination Non-Radar Approach Control & Tower w/o Radar,5,15,7,0,27,0,1,44,0,45,5,16,51,0,72,42,0,42,114
11/27/2011,HLN,MT,ANM,WE,Combination Non-Radar Approach Control & Tower w/o Radar,4,10,6,0,20,0,2,16,0,18,4,12,22,0,38,2,0,2,40
11/28/2011,HLN,MT,ANM,WE,Combination Non-Radar Approach Control & Tower w/o Radar,6,16,14,0,36,0,6,30,14,50,6,22,44,14,86,12,22,34,120
11/29/2011,HLN,MT,ANM,WE,Combination Non-Radar Approach Control & Tower w/o Radar,6,13,10,0,29,0,1,55,20,76,6,14,65,20,105,58,8,66,171
11/30/2011,HLN,MT,ANM,WE,Combination Non-Radar Approach Control & Tower w/o Radar,7,16,14,0,37,0,0,0,4,4,7,16,14,4,41,4,0,4,45
12/01/2011,HLN,MT,ANM,WE,Combination Non-Radar Approach Control & Tower w/o Radar,9,16,27,3,55,9,16,53,24,102,18,32,80,27,157,30,20,50,207
12/02/2011,HLN,MT,ANM,WE,Combination Non-Radar Approach Control & Tower w/o Radar,6,18,16,0,40,3,2,64,27,96,9,20,80,27,136,30,20,50,186
12/03/2011,HLN,MT,ANM,WE,Combination Non-Radar Approach Control & Tower w/o Radar,7,11,3,2,23,0,0,18,0,18,7,11,21,2,41,56,0,56,97
12/04/2011,HLN,MT,ANM,WE,Combination Non-Radar Approach Control & Tower w/o Radar,4,9,8,0,21,0,0,6,1,7,4,9,14,1,28,10,0,10,38
12/05/2011,HLN,MT,ANM,WE,Combination Non-Radar Approach Control & Tower w/o Radar,6,12,11,0,29,0,1,30,16,47,6,13,41,16,76,50,14,64,140
12/06/2011,HLN,MT,ANM,WE,Combination Non-Radar Approach Control & Tower w/o Radar,6,13,5,5,29,0,0,21,21,42,6,13,26,26,71,52,12,64,135
12/07/2011,HLN,MT,ANM,WE,Combination Non-Radar Approach Control & Tower w/o Radar,6,11,13,0,30,0,0,28,10,38,6,11,41,10,68,50,0,50,118
12/08/2011,HLN,MT,ANM,WE,Combination Non-Radar Approach Control & Tower w/o Radar,6,17,16,6,45,0,2,54,16,72,6,19,70,22,117,38,42,80,197
12/09/2011,HLN,MT,ANM,WE,Combination Non-Radar Approach Control & Tower w/o Radar,6,12,8,3,29,0,1,49,10,60,6,13,57,13,89,68,10,78,167
12/10/2011,HLN,MT,ANM,WE,Combination Non-Radar Approach Control & Tower w/o Radar,5,9,3,2,19,0,0,44,2,46,5,9,47,4,65,44,2,46,111
12/11/2011,HLN,MT,ANM,WE,Combination Non-Radar Approach Control & Tower w/o Radar,4,9,2,2,17,0,0,33,0,33,4,9,35,2,50,68,0,68,118
12/12/2011,HLN,MT,ANM,WE,Combination Non-Radar Approach Control & Tower w/o Radar,6,14,4,3,27,0,0,11,17,28,6,14,15,20,55,68,18,86,141
12/13/2011,HLN,MT,ANM,WE,Combination Non-Radar Approach Control & Tower w/o Radar,7,14,9,1,31,0,1,31,7,39,7,15,40,8,70,46,2,48,118
12/14/2011,HLN,MT,ANM,WE,Combination Non-Radar Approach Control & Tower w/o Radar,8,15,9,3,35,0,0,14,14,28,8,15,23,17,63,38,14,52,115
12/15/2011,HLN,MT,ANM,WE,Combination Non-Radar Approach Control & Tower w/o Radar,7,17,10,1,35,0,2,24,12,38,7,19,34,13,73,30,12,42,115
12/16/2011,HLN,MT,ANM,WE,Combination Non-Radar Approach Control & Tower w/o Radar,6,14,4,2,26,0,0,21,11,32,6,14,25,13,58,40,20,60,118
12/17/2011,HLN,MT,ANM,WE,Combination Non-Radar Approach Control & Tower w/o Radar,6,10,0,0,16,0,0,53,2,55,6,10,53,2,71,96,0,96,167
12/18/2011,HLN,MT,ANM,WE,Combination Non-Radar Approach Control & Tower w/o Radar,5,9,2,0,16,0,0,20,0,20,5,9,22,0,36,16,0,16,52
12/19/2011,HLN,MT,ANM,WE,Combination Non-Radar Approach Control & Tower w/o Radar,6,14,3,2,25,0,1,39,15,55,6,15,42,17,80,20,8,28,108
12/20/2011,HLN,MT,ANM,WE,Combination Non-Radar Approach Control & Tower w/o Radar,5,17,5,4,31,0,0,10,8,18,5,17,15,12,49,2,4,6,55
12/21/2011,HLN,MT,ANM,WE,Combination Non-Radar Approach Control & Tower w/o Radar,4,20,11,3,38,0,5,1,15,21,4,25,12,18,59,0,36,36,95
12/22/2011,HLN,MT,ANM,WE,Combination Non-Radar Approach Control & Tower w/o Radar,7,17,5,4,33,0,3,30,10,43,7,20,35,14,76,16,6,22,98
12/23/2011,HLN,MT,ANM,WE,Combination Non-Radar Approach Control & Tower w/o Radar,6,17,8,0,31,0,0,32,11,43,6,17,40,11,74,56,6,62,136
12/24/2011,HLN,MT,ANM,WE,Combination Non-Radar Approach Control & Tower w/o Radar,5,12,3,0,20,0,0,3,0,3,5,12,6,0,23,0,0,0,23
12/25/2011,HLN,MT,ANM,WE,Combination Non-Radar Approach Control & Tower w/o Radar,5,8,0,0,13,0,0,5,0,5,5,8,5,0,18,14,0,14,32
12/26/2011,HLN,MT,ANM,WE,Combination Non-Radar Approach Control & Tower w/o Radar,6,12,4,0,22,0,0,7,0,7,6,12,11,0,29,2,0,2,31
12/27/2011,HLN,MT,ANM,WE,Combination Non-Radar Approach Control & Tower w/o Radar,6,14,7,1,28,0,0,18,7,25,6,14,25,8,53,26,0,26,79
12/28/2011,HLN,MT,ANM,WE,Combination Non-Radar Approach Control & Tower w/o Radar,6,19,8,0,33,0,1,9,0,10,6,20,17,0,43,10,0,10,53
12/29/2011,HLN,MT,ANM,WE,Combination Non-Radar Approach Control & Tower w/o Radar,6,14,7,0,27,0,0,4,0,4,6,14,11,0,31,0,0,0,31
12/30/2011,HLN,MT,ANM,WE,Combination Non-Radar Approach Control & Tower w/o Radar,6,16,9,0,31,0,0,0,0,0,6,16,9,0,31,42,0,42,73
12/31/2011,HLN,MT,ANM,WE,Combination Non-Radar Approach Control & Tower w/o Radar,5,10,3,0,18,0,1,10,0,11,5,11,13,0,29,4,0,4,33
01/01/2012,HLN,MT,ANM,WE,Combination Non-Radar Approach Control & Tower w/o Radar,4,7,1,0,12,0,0,29,0,29,4,7,30,0,41,24,0,24,65
01/02/2012,HLN,MT,ANM,WE,Combination Non-Radar Approach Control & Tower w/o Radar,6,14,3,0,23,0,1,43,0,44,6,15,46,0,67,56,0,56,123
01/03/2012,HLN,MT,ANM,WE,Combination Non-Radar Approach Control & Tower w/o Radar,6,14,18,4,42,0,2,26,2,30,6,16,44,6,72,42,6,48,120
01/04/2012,HLN,MT,ANM,WE,Combination Non-Radar Approach Control & Tower w/o Radar,6,12,8,0,26,0,0,61,1,62,6,12,69,1,88,82,0,82,170
01/05/2012,HLN,MT,ANM,WE,Combination Non-Radar Approach Control & Tower w/o Radar,6,13,10,0,29,0,1,26,0,27,6,14,36,0,56,20,0,20,76
01/06/2012,HLN,MT,ANM,WE,Combination Non-Radar Approach Control & Tower w/o Radar,6,15,4,1,26,0,0,36,9,45,6,15,40,10,71,26,4,30,101
01/07/2012,HLN,MT,ANM,WE,Combination Non-Radar Approach Control & Tower w/o Radar,5,10,0,0,15,0,0,30,4,34,5,10,30,4,49,36,6,42,91
01/08/2012,HLN,MT,ANM,WE,Combination Non-Radar Approach Control & Tower w/o Radar,3,6,0,4,13,0,0,12,0,12,3,6,12,4,25,0,0,0,25
01/09/2012,HLN,MT,ANM,WE,Combination Non-Radar Approach Control & Tower w/o Radar,6,18,12,0,36,0,4,65,16,85,6,22,77,16,121,116,6,122,243
01/10/2012,HLN,MT,ANM,WE,Combination Non-Radar Approach Control & Tower w/o Radar,6,10,5,0,21,0,0,2,5,7,6,10,7,5,28,0,0,0,28
01/11/2012,HLN,MT,ANM,WE,Combination Non-Radar Approach Control & Tower w/o Radar,6,11,1,2,20,0,0,30,17,47,6,11,31,19,67,32,12,44,111
01/12/2012,HLN,MT,ANM,WE,Combination Non-Radar Approach Control & Tower w/o Radar,6,19,3,0,28,0,1,38,14,53,6,20,41,14,81,48,2,50,131
01/13/2012,HLN,MT,ANM,WE,Combination Non-Radar Approach Control & Tower w/o Radar,6,14,6,0,26,0,1,42,24,67,6,15,48,24,93,22,2,24,117
01/14/2012,HLN,MT,ANM,WE,Combination Non-Radar Approach Control & Tower w/o Radar,5,8,0,0,13,0,1,24,0,25,5,9,24,0,38,54,0,54,92
01/15/2012,HLN,MT,ANM,WE,Combination Non-Radar Approach Control & Tower w/o Radar,4,5,2,0,11,0,0,6,0,6,4,5,8,0,17,4,0,4,21
01/16/2012,HLN,MT,ANM,WE,Combination Non-Radar Approach Control & Tower w/o Radar,6,11,13,0,30,0,0,10,0,10,6,11,23,0,40,16,0,16,56
01/17/2012,HLN,MT,ANM,WE,Combination Non-Radar Approach Control & Tower w/o Radar,5,11,11,2,29,0,1,15,20,36,5,12,26,22,65,14,32,46,111
01/18/2012,HLN,MT,ANM,WE,Combination Non-Radar Approach Control & Tower w/o Radar,5,11,6,0,22,0,0,0,0,0,5,11,6,0,22,0,0,0,22
01/19/2012,HLN,MT,ANM,WE,Combination Non-Radar Approach Control & Tower w/o Radar,3,12,7,0,22,0,0,0,0,0,3,12,7,0,22,0,0,0,22
01/20/2012,HLN,MT,ANM,WE,Combination Non-Radar Approach Control & Tower w/o Radar,4,14,7,2,27,0,0,2,0,2,4,14,9,2,29,0,0,0,29
01/21/2012,HLN,MT,ANM,WE,Combination Non-Radar Approach Control & Tower w/o Radar,5,9,2,2,18,0,0,9,0,9,5,9,11,2,27,14,0,14,41
01/22/2012,HLN,MT,ANM,WE,Combination Non-Radar Approach Control & Tower w/o Radar,3,10,1,0,14,0,0,13,0,13,3,10,14,0,27,14,0,14,41
01/23/2012,HLN,MT,ANM,WE,Combination Non-Radar Approach Control & Tower w/o Radar,6,13,1,0,20,0,0,11,6,17,6,13,12,6,37,0,0,0,37
01/24/2012,HLN,MT,ANM,WE,Combination Non-Radar Approach Control & Tower w/o Radar,6,10,8,4,28,0,0,51,4,55,6,10,59,8,83,26,6,32,115
01/25/2012,HLN,MT,ANM,WE,Combination Non-Radar Approach Control & Tower w/o Radar,6,9,18,0,33,0,0,6,0,6,6,9,24,0,39,0,0,0,39
01/26/2012,HLN,MT,ANM,WE,Combination Non-Radar Approach Control & Tower w/o Radar,6,17,6,0,29,0,2,21,8,31,6,19,27,8,60,6,2,8,68
01/27/2012,HLN,MT,ANM,WE,Combination Non-Radar Approach Control & Tower w/o Radar,6,15,10,2,33,0,0,30,15,45,6,15,40,17,78,30,24,54,132
01/28/2012,HLN,MT,ANM,WE,Combination Non-Radar Approach Control & Tower w/o Radar,4,10,3,1,18,0,0,29,3,32,4,10,32,4,50,24,0,24,74
01/29/2012,HLN,MT,ANM,WE,Combination Non-Radar Approach Control & Tower w/o Radar,4,8,7,0,19,0,2,1,0,3,4,10,8,0,22,8,0,8,30
01/30/2012,HLN,MT,ANM,WE,Combination Non-Radar Approach Control & Tower w/o Radar,6,14,4,0,24,0,0,9,2,11,6,14,13,2,35,20,0,20,55
01/31/2012,HLN,MT,ANM,WE,Combination Non-Radar Approach Control & Tower w/o Radar,6,10,9,4,29,0,0,45,7,52,6,10,54,11,81,48,16,64,145
02/01/2012,HLN,MT,ANM,WE,Combination Non-Radar Approach Control & Tower w/o Radar,6,17,4,0,27,0,0,39,14,53,6,17,43,14,80,52,2,54,134
02/02/2012,HLN,MT,ANM,WE,Combination Non-Radar Approach Control & Tower w/o Radar,6,14,7,2,29,0,0,18,9,27,6,14,25,11,56,34,6,40,96
02/03/2012,HLN,MT,ANM,WE,Combination Non-Radar Approach Control & Tower w/o Radar,6,13,5,1,25,0,0,86,8,94,6,13,91,9,119,120,8,128,247
02/04/2012,HLN,MT,ANM,WE,Combination Non-Radar Approach Control & Tower w/o Radar,5,8,3,0,16,0,1,101,0,102,5,9,104,0,118,72,0,72,190
02/05/2012,HLN,MT,ANM,WE,Combination Non-Radar Approach Control & Tower w/o Radar,4,12,1,0,17,0,0,35,0,35,4,12,36,0,52,18,0,18,70
02/06/2012,HLN,MT,ANM,WE,Combination Non-Radar Approach Control & Tower w/o Radar,6,11,16,0,33,0,0,12,6,18,6,11,28,6,51,16,0,16,67
02/07/2012,HLN,MT,ANM,WE,Combination Non-Radar Approach Control & Tower w/o Radar,6,10,8,0,24,0,0,19,22,41,6,10,27,22,65,14,10,24,89
02/08/2012,HLN,MT,ANM,WE,Combination Non-Radar Approach Control & Tower w/o Radar,6,12,7,3,28,0,0,35,7,42,6,12,42,10,70,50,0,50,120
02/09/2012,HLN,MT,ANM,WE,Combination Non-Radar Approach Control & Tower w/o Radar,6,13,17,3,39,0,0,23,19,42,6,13,40,22,81,54,4,58,139
02/10/2012,HLN,MT,ANM,WE,Combination Non-Radar Approach Control & Tower w/o Radar,6,20,12,0,38,0,0,0,0,0,6,20,12,0,38,0,0,0,38
02/11/2012,HLN,MT,ANM,WE,Combination Non-Radar Approach Control & Tower w/o Radar,4,11,2,5,22,0,0,12,8,20,4,11,14,13,42,16,12,28,70
02/12/2012,HLN,MT,ANM,WE,Combination Non-Radar Approach Control & Tower w/o Radar,4,8,0,0,12,0,0,20,2,22,4,8,20,2,34,10,0,10,44
02/13/2012,HLN,MT,ANM,WE,Combination Non-Radar Approach Control & Tower w/o Radar,6,11,9,7,33,0,0,3,0,3,6,11,12,7,36,12,5,17,53
02/14/2012,HLN,MT,ANM,WE,Combination Non-Radar Approach Control & Tower w/o Radar,6,10,12,3,31,0,0,2,8,10,6,10,14,11,41,6,10,16,57
02/15/2012,HLN,MT,ANM,WE,Combination Non-Radar Approach Control & Tower w/o Radar,6,13,8,4,31,0,0,19,5,24,6,13,27,9,55,52,4,56,111
02/16/2012,HLN,MT,ANM,WE,Combination Non-Radar Approach Control & Tower w/o Radar,6,17,9,1,33,0,0,41,10,51,6,17,50,11,84,30,18,48,132
02/17/2012,HLN,MT,ANM,WE,Combination Non-Radar Approach Control & Tower w/o Radar,6,13,7,0,26,0,0,35,10,45,6,13,42,10,71,44,6,50,121
02/18/2012,HLN,MT,ANM,WE,Combination Non-Radar Approach Control & Tower w/o Radar,5,14,0,1,20,0,0,6,0,6,5,14,6,1,26,0,10,10,36
02/19/2012,HLN,MT,ANM,WE,Combination Non-Radar Approach Control & Tower w/o Radar,5,7,2,0,14,0,0,19,0,19,5,7,21,0,33,7,0,7,40
02/20/2012,HLN,MT,ANM,WE,Combination Non-Radar Approach Control & Tower w/o Radar,6,16,11,0,33,0,0,20,0,20,6,16,31,0,53,40,0,40,93
02/21/2012,HLN,MT,ANM,WE,Combination Non-Radar Approach Control & Tower w/o Radar,6,12,10,0,28,0,0,5,2,7,6,12,15,2,35,14,0,14,49
02/22/2012,HLN,MT,ANM,WE,Combination Non-Radar Approach Control & Tower w/o Radar,6,14,14,0,34,0,0,0,2,2,6,14,14,2,36,4,0,4,40
02/23/2012,HLN,MT,ANM,WE,Combination Non-Radar Approach Control & Tower w/o Radar,6,12,3,4,25,0,0,9,20,29,6,12,12,24,54,23,6,29,83
02/24/2012,HLN,MT,ANM,WE,Combination Non-Radar Approach Control & Tower w/o Radar,6,15,6,0,27,0,1,54,17,72,6,16,60,17,99,36,8,44,143
02/25/2012,HLN,MT,ANM,WE,Combination Non-Radar Approach Control & Tower w/o Radar,5,9,4,0,18,0,0,3,0,3,5,9,7,0,21,6,0,6,27
02/26/2012,HLN,MT,ANM,WE,Combination Non-Radar Approach Control & Tower w/o Radar,4,7,0,0,11,0,0,12,0,12,4,7,12,0,23,36,0,36,59
02/27/2012,HLN,MT,ANM,WE,Combination Non-Radar Approach Control & Tower w/o Radar,6,11,14,2,33,0,1,44,11,56,6,12,58,13,89,52,10,62,151
02/28/2012,HLN,MT,ANM,WE,Combination Non-Radar Approach Control & Tower w/o Radar,6,10,8,0,24,0,0,58,20,78,6,10,66,20,102,30,2,32,134
02/29/2012,HLN,MT,ANM,WE,Combination Non-Radar Approach Control & Tower w/o Radar,6,13,10,0,29,0,1,9,8,18,6,14,19,8,47,26,6,32,79
03/01/2012,HLN,MT,ANM,WE,Combination Non-Radar Approach Control & Tower w/o Radar,5,15,10,0,30,0,1,21,11,33,5,16,31,11,63,14,20,34,97
03/02/2012,HLN,MT,ANM,WE,Combination Non-Radar Approach Control & Tower w/o Radar,6,15,10,0,31,0,0,8,9,17,6,15,18,9,48,16,12,28,76
03/03/2012,HLN,MT,ANM,WE,Combination Non-Radar Approach Control & Tower w/o Radar,5,11,2,0,18,0,0,2,0,2,5,11,4,0,20,2,0,2,22
03/04/2012,HLN,MT,ANM,WE,Combination Non-Radar Approach Control & Tower w/o Radar,4,8,5,0,17,0,0,33,1,34,4,8,38,1,51,8,0,8,59
03/05/2012,HLN,MT,ANM,WE,Combination Non-Radar Approach Control & Tower w/o Radar,6,12,9,0,27,0,0,29,0,29,6,12,38,0,56,32,0,32,88
03/06/2012,HLN,MT,ANM,WE,Combination Non-Radar Approach Control & Tower w/o Radar,8,11,13,0,32,0,0,12,0,12,8,11,25,0,44,2,0,2,46
03/07/2012,HLN,MT,ANM,WE,Combination Non-Radar Approach Control & Tower w/o Radar,6,13,12,0,31,0,0,31,0,31,6,13,43,0,62,0,0,0,62
03/08/2012,HLN,MT,ANM,WE,Combination Non-Radar Approach Control & Tower w/o Radar,6,19,4,0,29,0,2,41,2,45,6,21,45,2,74,36,0,36,110
03/09/2012,HLN,MT,ANM,WE,Combination Non-Radar Approach Control & Tower w/o Radar,8,17,7,0,32,0,1,34,4,39,8,18,41,4,71,46,0,46,117
03/10/2012,HLN,MT,ANM,WE,Combination Non-Radar Approach Control & Tower w/o Radar,5,11,6,0,22,0,1,57,0,58,5,12,63,0,80,89,0,89,169
03/11/2012,HLN,MT,ANM,WE,Combination Non-Radar Approach Control & Tower w/o Radar,4,11,4,0,19,0,0,19,0,19,4,11,23,0,38,8,0,8,46
03/12/2012,HLN,MT,ANM,WE,Combination Non-Radar Approach Control & Tower w/o Radar,6,16,2,0,24,0,0,15,10,25,6,16,17,10,49,10,10,20,69
03/13/2012,HLN,MT,ANM,WE,Combination Non-Radar Approach Control & Tower w/o Radar,6,14,2,2,24,0,0,13,5,18,6,14,15,7,42,2,4,6,48
03/14/2012,HLN,MT,ANM,WE,Combination Non-Radar Approach Control & Tower w/o Radar,6,18,10,0,34,1,1,29,8,39,7,19,39,8,73,44,10,54,127
03/15/2012,HLN,MT,ANM,WE,Combination Non-Radar Approach Control & Tower w/o Radar,6,17,6,0,29,0,2,25,10,37,6,19,31,10,66,26,12,38,104
03/16/2012,HLN,MT,ANM,WE,Combination Non-Radar Approach Control & Tower w/o Radar,6,19,10,0,35,0,0,18,10,28,6,19,28,10,63,28,0,28,91
03/17/2012,HLN,MT,ANM,WE,Combination Non-Radar Approach Control & Tower w/o Radar,5,17,8,0,30,0,0,16,0,16,5,17,24,0,46,8,0,8,54
03/18/2012,HLN,MT,ANM,WE,Combination Non-Radar Approach Control & Tower w/o Radar,4,13,3,0,20,0,0,0,0,0,4,13,3,0,20,0,0,0,20
03/19/2012,HLN,MT,ANM,WE,Combination Non-Radar Approach Control & Tower w/o Radar,4,16,10,5,35,0,0,0,11,11,4,16,10,16,46,0,18,18,64
03/20/2012,HLN,MT,ANM,WE,Combination Non-Radar Approach Control & Tower w/o Radar,5,13,6,1,25,0,0,16,22,38,5,13,22,23,63,20,12,32,95
03/21/2012,HLN,MT,ANM,WE,Combination Non-Radar Approach Control & Tower w/o Radar,6,12,11,1,30,0,0,31,20,51,6,12,42,21,81,18,16,34,115
03/22/2012,HLN,MT,ANM,WE,Combination Non-Radar Approach Control & Tower w/o Radar,6,16,6,3,31,0,1,13,14,28,6,17,19,17,59,0,2,2,61
03/23/2012,HLN,MT,ANM,WE,Combination Non-Radar Approach Control & Tower w/o Radar,6,17,6,0,29,0,0,12,13,25,6,17,18,13,54,26,34,60,114
03/24/2012,HLN,MT,ANM,WE,Combination Non-Radar Approach Control & Tower w/o Radar,5,9,5,0,19,0,0,4,0,4,5,9,9,0,23,0,0,0,23
03/25/2012,HLN,MT,ANM,WE,Combination Non-Radar Approach Control & Tower w/o Radar,4,9,3,0,16,0,0,7,0,7,4,9,10,0,23,21,0,21,44
03/26/2012,HLN,MT,ANM,WE,Combination Non-Radar Approach Control & Tower w/o Radar,6,14,11,4,35,0,0,7,6,13,6,14,18,10,48,36,0,36,84
03/27/2012,HLN,MT,ANM,WE,Combination Non-Radar Approach Control & Tower w/o Radar,6,13,12,2,33,0,1,39,5,45,6,14,51,7,78,76,8,84,162
03/28/2012,HLN,MT,ANM,WE,Combination Non-Radar Approach Control & Tower w/o Radar,6,11,8,1,26,0,0,24,10,34,6,11,32,11,60,24,10,34,94
03/29/2012,HLN,MT,ANM,WE,Combination Non-Radar Approach Control & Tower w/o Radar,6,16,9,5,36,0,0,15,1,16,6,16,24,6,52,22,2,24,76
03/30/2012,HLN,MT,ANM,WE,Combination Non-Radar Approach Control & Tower w/o Radar,5,16,3,3,27,0,0,0,0,0,5,16,3,3,27,10,0,10,37
03/31/2012,HLN,MT,ANM,WE,Combination Non-Radar Approach Control & Tower w/o Radar,5,10,2,0,17,0,0,23,0,23,5,10,25,0,40,76,4,80,120
04/01/2012,HLN,MT,ANM,WE,Combination Non-Radar Approach Control & Tower w/o Radar,4,9,3,3,19,0,0,5,0,5,4,9,8,3,24,6,0,6,30
04/02/2012,HLN,MT,ANM,WE,Combination Non-Radar Approach Control & Tower w/o Radar,6,10,9,4,29,0,0,31,12,43,6,10,40,16,72,42,2,44,116
04/03/2012,HLN,MT,ANM,WE,Combination Non-Radar Approach Control & Tower w/o Radar,6,10,9,4,29,0,0,75,17,92,6,10,84,21,121,60,16,76,197
04/04/2012,HLN,MT,ANM,WE,Combination Non-Radar Approach Control & Tower w/o Radar,6,8,6,0,20,0,0,37,15,52,6,8,43,15,72,28,10,38,110
04/05/2012,HLN,MT,ANM,WE,Combination Non-Radar Approach Control & Tower w/o Radar,5,17,7,3,32,0,0,3,14,17,5,17,10,17,49,124,14,138,187
04/06/2012,HLN,MT,ANM,WE,Combination Non-Radar Approach Control & Tower w/o Radar,6,15,3,0,24,0,0,0,5,5,6,15,3,5,29,0,2,2,31
04/07/2012,HLN,MT,ANM,WE,Combination Non-Radar Approach Control & Tower w/o Radar,5,11,2,0,18,0,0,23,2,25,5,11,25,2,43,18,0,18,61
04/08/2012,HLN,MT,ANM,WE,Combination Non-Radar Approach Control & Tower w/o Radar,4,6,0,1,11,0,0,45,0,45,4,6,45,1,56,42,0,42,98
04/09/2012,HLN,MT,ANM,WE,Combination Non-Radar Approach Control & Tower w/o Radar,6,13,4,1,24,0,2,51,14,67,6,15,55,15,91,66,0,66,157
04/10/2012,HLN,MT,ANM,WE,Combination Non-Radar Approach Control & Tower w/o Radar,6,14,3,0,23,0,0,61,14,75,6,14,64,14,98,62,36,98,196
04/11/2012,HLN,MT,ANM,WE,Combination Non-Radar Approach Control & Tower w/o Radar,6,17,10,4,37,0,1,76,17,94,6,18,86,21,131,34,0,34,165
04/12/2012,HLN,MT,ANM,WE,Combination Non-Radar Approach Control & Tower w/o Radar,6,15,13,1,35,0,0,9,12,21,6,15,22,13,56,28,6,34,90
04/13/2012,HLN,MT,ANM,WE,Combination Non-Radar Approach Control & Tower w/o Radar,6,15,7,1,29,0,0,36,16,52,6,15,43,17,81,44,4,48,129
04/14/2012,HLN,MT,ANM,WE,Combination Non-Radar Approach Control & Tower w/o Radar,5,7,7,2,21,0,1,38,11,50,5,8,45,13,71,38,2,40,111
04/15/2012,HLN,MT,ANM,WE,Combination Non-Radar Approach Control & Tower w/o Radar,4,8,0,0,12,0,0,0,0,0,4,8,0,0,12,0,0,0,12
04/16/2012,HLN,MT,ANM,WE,Combination Non-Radar Approach Control & Tower w/o Radar,6,11,15,2,34,0,0,38,18,56,6,11,53,20,90,40,32,72,162
04/17/2012,HLN,MT,ANM,WE,Combination Non-Radar Approach Control & Tower w/o Radar,6,10,6,4,26,0,1,28,8,37,6,11,34,12,63,90,2,92,155
04/18/2012,HLN,MT,ANM,WE,Combination Non-Radar Approach Control & Tower w/o Radar,6,14,14,0,34,0,0,15,7,22,6,14,29,7,56,38,6,44,100
04/19/2012,HLN,MT,ANM,WE,Combination Non-Radar Approach Control & Tower w/o Radar,6,13,8,0,27,0,0,8,8,16,6,13,16,8,43,18,4,22,65
04/20/2012,HLN,MT,ANM,WE,Combination Non-Radar Approach Control & Tower w/o Radar,6,14,5,2,27,0,0,13,9,22,6,14,18,11,49,26,8,34,83
04/21/2012,HLN,MT,ANM,WE,Combination Non-Radar Approach Control & Tower w/o Radar,5,11,5,0,21,0,1,37,0,38,5,12,42,0,59,50,0,50,109
04/22/2012,HLN,MT,ANM,WE,Combination Non-Radar Approach Control & Tower w/o Radar,4,9,1,2,16,0,0,38,0,38,4,9,39,2,54,90,0,90,144
04/23/2012,HLN,MT,ANM,WE,Combination Non-Radar Approach Control & Tower w/o Radar,6,12,1,4,23,0,1,35,9,45,6,13,36,13,68,26,4,30,98
04/24/2012,HLN,MT,ANM,WE,Combination Non-Radar Approach Control & Tower w/o Radar,6,13,5,2,26,0,1,28,10,39,6,14,33,12,65,34,12,46,111
04/25/2012,HLN,MT,ANM,WE,Combination Non-Radar Approach Control & Tower w/o Radar,6,10,6,1,23,0,1,56,10,67,6,11,62,11,90,22,0,22,112
04/26/2012,HLN,MT,ANM,WE,Combination Non-Radar Approach Control & Tower w/o Radar,6,14,6,1,27,0,0,19,14,33,6,14,25,15,60,24,12,36,96
04/27/2012,HLN,MT,ANM,WE,Combination Non-Radar Approach Control & Tower w/o Radar,5,13,7,1,26,0,0,3,11,14,5,13,10,12,40,0,0,0,40
04/28/2012,HLN,MT,ANM,WE,Combination Non-Radar Approach Control & Tower w/o Radar,5,12,7,0,24,0,0,7,9,16,5,12,14,9,40,0,16,16,56
04/29/2012,HLN,MT,ANM,WE,Combination Non-Radar Approach Control & Tower w/o Radar,4,7,4,0,15,0,0,8,0,8,4,7,12,0,23,8,0,8,31
04/30/2012,HLN,MT,ANM,WE,Combination Non-Radar Approach Control & Tower w/o Radar,6,11,6,0,23,0,0,30,8,38,6,11,36,8,61,28,2,30,91
05/01/2012,HLN,MT,ANM,WE,Combination Non-Radar Approach Control & Tower w/o Radar,6,14,9,0,29,0,0,21,2,23,6,14,30,2,52,14,0,14,66
05/02/2012,HLN,MT,ANM,WE,Combination Non-Radar Approach Control & Tower w/o Radar,6,23,9,0,38,0,2,24,4,30,6,25,33,4,68,8,0,8,76
05/03/2012,HLN,MT,ANM,WE,Combination Non-Radar Approach Control & Tower w/o Radar,6,23,9,0,38,0,0,82,9,91,6,23,91,9,129,60,0,60,189
05/04/2012,HLN,MT,ANM,WE,Combination Non-Radar Approach Control & Tower w/o Radar,6,16,9,1,32,0,1,18,3,22,6,17,27,4,54,32,4,36,90
05/05/2012,HLN,MT,ANM,WE,Combination Non-Radar Approach Control & Tower w/o Radar,5,14,3,2,24,0,0,10,3,13,5,14,13,5,37,0,0,0,37
05/06/2012,HLN,MT,ANM,WE,Combination Non-Radar Approach Control & Tower w/o Radar,4,9,1,2,16,0,0,28,7,35,4,9,29,9,51,12,0,12,63
05/07/2012,HLN,MT,ANM,WE,Combination Non-Radar Approach Control & Tower w/o Radar,6,21,7,4,38,0,1,118,17,136,6,22,125,21,174,108,12,120,294
05/08/2012,HLN,MT,ANM,WE,Combination Non-Radar Approach Control & Tower w/o Radar,5,23,3,0,31,0,2,91,13,106,5,25,94,13,137,16,0,16,153
05/09/2012,HLN,MT,ANM,WE,Combination Non-Radar Approach Control & Tower w/o Radar,7,15,0,1,23,0,0,77,9,86,7,15,77,10,109,76,4,80,189
05/10/2012,HLN,MT,ANM,WE,Combination Non-Radar Approach Control & Tower w/o Radar,6,16,7,3,32,0,0,29,12,41,6,16,36,15,73,28,0,28,101
05/11/2012,HLN,MT,ANM,WE,Combination Non-Radar Approach Control & Tower w/o Radar,6,19,14,2,41,0,0,64,0,64,6,19,78,2,105,122,6,128,233
05/12/2012,HLN,MT,ANM,WE,Combination Non-Radar Approach Control & Tower w/o Radar,5,7,2,0,14,0,0,41,0,41,5,7,43,0,55,38,0,38,93
05/13/2012,HLN,MT,ANM,WE,Combination Non-Radar Approach Control & Tower w/o Radar,4,10,2,0,16,0,0,33,0,33,4,10,35,0,49,42,0,42,91
05/14/2012,HLN,MT,ANM,WE,Combination Non-Radar Approach Control & Tower w/o Radar,6,17,13,6,42,0,0,34,15,49,6,17,47,21,91,56,2,58,149
05/15/2012,HLN,MT,ANM,WE,Combination Non-Radar Approach Control & Tower w/o Radar,6,15,2,4,27,0,0,50,20,70,6,15,52,24,97,34,16,50,147
05/16/2012,HLN,MT,ANM,WE,Combination Non-Radar Approach Control & Tower w/o Radar,6,18,6,4,34,0,6,38,10,54,6,24,44,14,88,34,0,34,122
05/17/2012,HLN,MT,ANM,WE,Combination Non-Radar Approach Control & Tower w/o Radar,6,17,8,0,31,0,0,36,18,54,6,17,44,18,85,58,6,64,149
05/18/2012,HLN,MT,ANM,WE,Combination Non-Radar Approach Control & Tower w/o Radar,9,19,7,2,37,0,0,20,11,31,9,19,27,13,68,0,4,4,72
05/19/2012,HLN,MT,ANM,WE,Combination Non-Radar Approach Control & Tower w/o Radar,7,9,1,1,18,0,2,49,5,56,7,11,50,6,74,36,0,36,110
05/20/2012,HLN,MT,ANM,WE,Combination Non-Radar Approach Control & Tower w/o Radar,4,8,3,0,15,0,0,36,0,36,4,8,39,0,51,12,0,12,63
05/21/2012,HLN,MT,ANM,WE,Combination Non-Radar Approach Control & Tower w/o Radar,8,17,4,3,32,0,2,37,9,48,8,19,41,12,80,110,16,126,206
05/22/2012,HLN,MT,ANM,WE,Combination Non-Radar Approach Control & Tower w/o Radar,6,14,12,1,33,0,0,12,8,20,6,14,24,9,53,0,2,2,55
05/23/2012,HLN,MT,ANM,WE,Combination Non-Radar Approach Control & Tower w/o Radar,5,15,5,0,25,0,0,22,13,35,5,15,27,13,60,18,8,26,86
05/24/2012,HLN,MT,ANM,WE,Combination Non-Radar Approach Control & Tower w/o Radar,6,17,18,12,53,0,0,13,10,23,6,17,31,22,76,20,0,20,96
05/25/2012,HLN,MT,ANM,WE,Combination Non-Radar Approach Control & Tower w/o Radar,5,24,9,0,38,0,0,12,4,16,5,24,21,4,54,34,0,34,88
05/26/2012,HLN,MT,ANM,WE,Combination Non-Radar Approach Control & Tower w/o Radar,6,9,2,0,17,0,0,4,1,5,6,9,6,1,22,2,0,2,24
05/27/2012,HLN,MT,ANM,WE,Combination Non-Radar Approach Control & Tower w/o Radar,4,4,5,0,13,0,0,0,0,0,4,4,5,0,13,0,0,0,13
05/28/2012,HLN,MT,ANM,WE,Combination Non-Radar Approach Control & Tower w/o Radar,6,13,6,0,25,0,0,11,0,11,6,13,17,0,36,48,0,48,84
05/29/2012,HLN,MT,ANM,WE,Combination Non-Radar Approach Control & Tower w/o Radar,6,17,4,2,29,0,0,48,6,54,6,17,52,8,83,40,6,46,129
05/30/2012,HLN,MT,ANM,WE,Combination Non-Radar Approach Control & Tower w/o Radar,6,19,11,0,36,0,0,58,18,76,6,19,69,18,112,30,6,36,148
05/31/2012,HLN,MT,ANM,WE,Combination Non-Radar Approach Control & Tower w/o Radar,6,17,9,2,34,6,17,40,3,66,12,34,49,5,100,44,0,44,144
06/01/2012,HLN,MT,ANM,WE,Combination Non-Radar Approach Control & Tower w/o Radar,6,24,14,0,44,0,2,41,13,56,6,26,55,13,100,28,0,28,128
06/02/2012,HLN,MT,ANM,WE,Combination Non-Radar Approach Control & Tower w/o Radar,5,8,2,0,15,0,1,13,4,18,5,9,15,4,33,4,0,4,37
06/03/2012,HLN,MT,ANM,WE,Combination Non-Radar Approach Control & Tower w/o Radar,4,9,3,0,16,0,0,27,7,34,4,9,30,7,50,14,0,14,64
06/04/2012,HLN,MT,ANM,WE,Combination Non-Radar Approach Control & Tower w/o Radar,6,18,3,4,31,0,0,47,8,55,6,18,50,12,86,26,2,28,114
06/05/2012,HLN,MT,ANM,WE,Combination Non-Radar Approach Control & Tower w/o Radar,6,21,8,0,35,0,0,25,2,27,6,21,33,2,62,42,0,42,104
06/06/2012,HLN,MT,ANM,WE,Combination Non-Radar Approach Control & Tower w/o Radar,6,18,3,1,28,0,1,15,8,24,6,19,18,9,52,74,0,74,126
06/07/2012,HLN,MT,ANM,WE,Combination Non-Radar Approach Control & Tower w/o Radar,6,21,6,2,35,0,0,69,1,70,6,21,75,3,105,56,0,56,161
06/08/2012,HLN,MT,ANM,WE,Combination Non-Radar Approach Control & Tower w/o Radar,6,25,8,0,39,0,0,42,10,52,6,25,50,10,91,60,0,60,151
06/09/2012,HLN,MT,ANM,WE,Combination Non-Radar Approach Control & Tower w/o Radar,3,11,5,2,21,0,0,13,3,16,3,11,18,5,37,10,8,18,55
06/10/2012,HLN,MT,ANM,WE,Combination Non-Radar Approach Control & Tower w/o Radar,4,10,4,1,19,0,0,2,0,2,4,10,6,1,21,0,0,0,21
06/11/2012,HLN,MT,ANM,WE,Combination Non-Radar Approach Control & Tower w/o Radar,6,17,3,2,28,0,0,32,16,48,6,17,35,18,76,28,0,28,104
06/12/2012,HLN,MT,ANM,WE,Combination Non-Radar Approach Control & Tower w/o Radar,7,23,9,2,41,0,0,57,6,63,7,23,66,8,104,80,0,80,184
06/13/2012,HLN,MT,ANM,WE,Combination Non-Radar Approach Control & Tower w/o Radar,6,26,15,2,49,0,1,36,21,58,6,27,51,23,107,12,0,12,119
06/14/2012,HLN,MT,ANM,WE,Combination Non-Radar Approach Control & Tower w/o Radar,6,19,12,2,39,0,1,58,15,74,6,20,70,17,113,34,0,34,147
06/15/2012,HLN,MT,ANM,WE,Combination Non-Radar Approach Control & Tower w/o Radar,6,21,7,1,35,0,0,50,6,56,6,21,57,7,91,40,0,40,131
06/16/2012,HLN,MT,ANM,WE,Combination Non-Radar Approach Control & Tower w/o Radar,5,12,6,0,23,0,0,54,2,56,5,12,60,2,79,36,0,36,115
06/17/2012,HLN,MT,ANM,WE,Combination Non-Radar Approach Control & Tower w/o Radar,0,0,0,0,0,0,1,14,0,15,0,1,14,0,15,2,0,2,17
06/18/2012,HLN,MT,ANM,WE,Combination Non-Radar Approach Control & Tower w/o Radar,6,21,11,0,38,0,1,36,13,50,6,22,47,13,88,42,12,54,142
06/19/2012,HLN,MT,ANM,WE,Combination Non-Radar Approach Control & Tower w/o Radar,5,20,4,0,29,0,1,15,5,21,5,21,19,5,50,15,0,15,65
06/20/2012,HLN,MT,ANM,WE,Combination Non-Radar Approach Control & Tower w/o Radar,6,21,3,0,30,0,0,44,12,56,6,21,47,12,86,40,6,46,132
06/21/2012,HLN,MT,ANM,WE,Combination Non-Radar Approach Control & Tower w/o Radar,6,20,7,2,35,0,0,58,8,66,6,20,65,10,101,78,4,82,183
06/22/2012,HLN,MT,ANM,WE,Combination Non-Radar Approach Control & Tower w/o Radar,6,21,8,1,36,0,0,68,11,79,6,21,76,12,115,16,0,16,131
06/23/2012,HLN,MT,ANM,WE,Combination Non-Radar Approach Control & Tower w/o Radar,5,10,2,1,18,0,1,34,0,35,5,11,36,1,53,44,0,44,97
06/24/2012,HLN,MT,ANM,WE,Combination Non-Radar Approach Control & Tower w/o Radar,2,9,1,0,12,0,0,51,1,52,2,9,52,1,64,30,0,30,94
06/25/2012,HLN,MT,ANM,WE,Combination Non-Radar Approach Control & Tower w/o Radar,6,17,14,5,42,0,0,63,6,69,6,17,77,11,111,46,12,58,169
06/26/2012,HLN,MT,ANM,WE,Combination Non-Radar Approach Control & Tower w/o Radar,6,23,7,2,38,0,15,67,19,101,6,38,74,21,139,52,0,52,191
06/27/2012,HLN,MT,ANM,WE,Combination Non-Radar Approach Control & Tower w/o Radar,7,24,8,0,39,0,7,83,14,104,7,31,91,14,143,76,0,76,219
06/28/2012,HLN,MT,ANM,WE,Combination Non-Radar Approach Control & Tower w/o Radar,6,21,13,0,40,0,0,84,12,96,6,21,97,12,136,28,14,42,178
06/29/2012,HLN,MT,ANM,WE,Combination Non-Radar Approach Control & Tower w/o Radar,5,26,7,0,38,0,0,49,10,59,5,26,56,10,97,74,0,74,171
06/30/2012,HLN,MT,ANM,WE,Combination Non-Radar Approach Control & Tower w/o Radar,5,13,5,0,23,0,0,54,1,55,5,13,59,1,78,30,0,30,108
07/01/2012,HLN,MT,ANM,WE,Combination Non-Radar Approach Control & Tower w/o Radar,4,12,3,0,19,0,0,25,0,25,4,12,28,0,44,10,0,10,54
07/02/2012,HLN,MT,ANM,WE,Combination Non-Radar Approach Control & Tower w/o Radar,6,22,8,1,37,0,2,56,5,63,6,24,64,6,100,24,0,24,124
07/03/2012,HLN,MT,ANM,WE,Combination Non-Radar Approach Control & Tower w/o Radar,6,21,4,0,31,0,0,29,6,35,6,21,33,6,66,24,4,28,94
07/04/2012,HLN,MT,ANM,WE,Combination Non-Radar Approach Control & Tower w/o Radar,6,10,3,0,19,6,10,60,4,80,12,20,63,4,99,8,2,10,109
07/05/2012,HLN,MT,ANM,WE,Combination Non-Radar Approach Control & Tower w/o Radar,6,22,8,0,36,0,3,51,8,62,6,25,59,8,98,24,0,24,122
07/06/2012,HLN,MT,ANM,WE,Combination Non-Radar Approach Control & Tower w/o Radar,6,23,5,3,37,0,4,67,13,84,6,27,72,16,121,30,0,30,151
07/07/2012,HLN,MT,ANM,WE,Combination Non-Radar Approach Control & Tower w/o Radar,5,9,0,0,14,5,10,46,0,61,10,19,46,0,75,14,0,14,89
07/08/2012,HLN,MT,ANM,WE,Combination Non-Radar Approach Control & Tower w/o Radar,4,9,3,0,16,0,0,57,0,57,4,9,60,0,73,36,0,36,109
07/09/2012,HLN,MT,ANM,WE,Combination Non-Radar Approach Control & Tower w/o Radar,6,18,7,0,31,0,0,48,9,57,6,18,55,9,88,62,14,76,164
07/10/2012,HLN,MT,ANM,WE,Combination Non-Radar Approach Control & Tower w/o Radar,8,26,4,3,41,0,3,56,12,71,8,29,60,15,112,42,8,50,162
07/11/2012,HLN,MT,ANM,WE,Combination Non-Radar Approach Control & Tower w/o Radar,6,22,6,1,35,6,25,49,11,91,12,47,55,12,126,44,0,44,170
07/12/2012,HLN,MT,ANM,WE,Combination Non-Radar Approach Control & Tower w/o Radar,7,21,7,1,36,0,5,51,18,74,7,26,58,19,110,32,0,32,142
07/13/2012,HLN,MT,ANM,WE,Combination Non-Radar Approach Control & Tower w/o Radar,8,19,6,3,36,0,3,38,12,53,8,22,44,15,89,54,20,74,163
07/14/2012,HLN,MT,ANM,WE,Combination Non-Radar Approach Control & Tower w/o Radar,4,12,5,3,24,0,1,31,13,45,4,13,36,16,69,22,0,22,91
07/15/2012,HLN,MT,ANM,WE,Combination Non-Radar Approach Control & Tower w/o Radar,3,12,8,2,25,0,2,37,0,39,3,14,45,2,64,10,0,10,74
07/16/2012,HLN,MT,ANM,WE,Combination Non-Radar Approach Control & Tower w/o Radar,6,23,11,1,41,0,2,38,7,47,6,25,49,8,88,60,16,76,164
07/17/2012,HLN,MT,ANM,WE,Combination Non-Radar Approach Control & Tower w/o Radar,5,19,4,0,28,0,0,32,9,41,5,19,36,9,69,34,6,40,109
07/18/2012,HLN,MT,ANM,WE,Combination Non-Radar Approach Control & Tower w/o Radar,7,17,6,3,33,0,2,54,14,70,7,19,60,17,103,42,0,42,145
07/19/2012,HLN,MT,ANM,WE,Combination Non-Radar Approach Control & Tower w/o Radar,7,21,5,4,37,0,0,92,6,98,7,21,97,10,135,54,0,54,189
07/20/2012,HLN,MT,ANM,WE,Combination Non-Radar Approach Control & Tower w/o Radar,6,18,10,1,35,6,19,79,10,114,12,37,89,11,149,26,0,26,175
07/21/2012,HLN,MT,ANM,WE,Combination Non-Radar Approach Control & Tower w/o Radar,5,12,4,0,21,0,0,78,0,78,5,12,82,0,99,39,0,39,138
07/22/2012,HLN,MT,ANM,WE,Combination Non-Radar Approach Control & Tower w/o Radar,4,9,8,0,21,0,3,66,0,69,4,12,74,0,90,2,0,2,92
07/23/2012,HLN,MT,ANM,WE,Combination Non-Radar Approach Control & Tower w/o Radar,6,17,3,4,30,0,75,46,6,127,6,92,49,10,157,52,0,52,209
07/24/2012,HLN,MT,ANM,WE,Combination Non-Radar Approach Control & Tower w/o Radar,6,19,5,2,32,0,6,56,18,80,6,25,61,20,112,30,14,44,156
07/25/2012,HLN,MT,ANM,WE,Combination Non-Radar Approach Control & Tower w/o Radar,6,23,17,2,48,0,1,60,6,67,6,24,77,8,115,50,0,50,165
07/26/2012,HLN,MT,ANM,WE,Combination Non-Radar Approach Control & Tower w/o Radar,6,22,8,0,36,0,7,52,14,73,6,29,60,14,109,46,6,52,161
07/27/2012,HLN,MT,ANM,WE,Combination Non-Radar Approach Control & Tower w/o Radar,6,24,5,0,35,0,0,48,6,54,6,24,53,6,89,80,2,82,171
07/28/2012,HLN,MT,ANM,WE,Combination Non-Radar Approach Control & Tower w/o Radar,5,10,11,0,26,0,2,63,9,74,5,12,74,9,100,104,0,104,204
07/29/2012,HLN,MT,ANM,WE,Combination Non-Radar Approach Control & Tower w/o Radar,4,12,4,0,20,0,0,41,0,41,4,12,45,0,61,36,0,36,97
07/30/2012,HLN,MT,ANM,WE,Combination Non-Radar Approach Control & Tower w/o Radar,5,18,15,0,38,0,3,77,10,90,5,21,92,10,128,88,10,98,226
07/31/2012,HLN,MT,ANM,WE,Combination Non-Radar Approach Control & Tower w/o Radar,6,25,7,2,40,0,0,72,9,81,6,25,79,11,121,70,6,76,197
08/01/2012,HLN,MT,ANM,WE,Combination Non-Radar Approach Control & Tower w/o Radar,6,19,2,0,27,0,7,50,14,71,6,26,52,14,98,18,2,20,118
08/02/2012,HLN,MT,ANM,WE,Combination Non-Radar Approach Control & Tower w/o Radar,6,17,1,2,26,0,5,54,6,65,6,22,55,8,91,48,22,70,161
08/03/2012,HLN,MT,ANM,WE,Combination Non-Radar Approach Control & Tower w/o Radar,6,22,8,2,38,0,0,78,14,92,6,22,86,16,130,34,4,38,168
08/04/2012,HLN,MT,ANM,WE,Combination Non-Radar Approach Control & Tower w/o Radar,5,15,3,0,23,0,3,54,4,61,5,18,57,4,84,26,0,26,110
08/05/2012,HLN,MT,ANM,WE,Combination Non-Radar Approach Control & Tower w/o Radar,4,10,2,0,16,0,4,54,1,59,4,14,56,1,75,16,0,16,91
08/06/2012,HLN,MT,ANM,WE,Combination Non-Radar Approach Control & Tower w/o Radar,6,20,9,1,36,0,0,39,6,45,6,20,48,7,81,52,0,52,133
08/07/2012,HLN,MT,ANM,WE,Combination Non-Radar Approach Control & Tower w/o Radar,5,20,7,1,33,0,1,53,12,66,5,21,60,13,99,44,14,58,157
08/08/2012,HLN,MT,ANM,WE,Combination Non-Radar Approach Control & Tower w/o Radar,6,26,9,0,41,0,8,56,18,82,6,34,65,18,123,26,22,48,171
08/09/2012,HLN,MT,ANM,WE,Combination Non-Radar Approach Control & Tower w/o Radar,5,20,6,0,31,0,8,50,22,80,5,28,56,22,111,28,18,46,157
08/10/2012,HLN,MT,ANM,WE,Combination Non-Radar Approach Control & Tower w/o Radar,6,20,6,0,32,0,2,47,11,60,6,22,53,11,92,26,0,26,118
08/11/2012,HLN,MT,ANM,WE,Combination Non-Radar Approach Control & Tower w/o Radar,5,12,7,0,24,0,32,60,0,92,5,44,67,0,116,14,0,14,130
08/12/2012,HLN,MT,ANM,WE,Combination Non-Radar Approach Control & Tower w/o Radar,4,12,6,0,22,0,0,49,0,49,4,12,55,0,71,30,0,30,101
08/13/2012,HLN,MT,ANM,WE,Combination Non-Radar Approach Control & Tower w/o Radar,6,20,10,2,38,0,15,51,15,81,6,35,61,17,119,26,8,34,153
08/14/2012,HLN,MT,ANM,WE,Combination Non-Radar Approach Control & Tower w/o Radar,6,19,7,0,32,2,14,72,15,103,8,33,79,15,135,18,0,18,153
08/15/2012,HLN,MT,ANM,WE,Combination Non-Radar Approach Control & Tower w/o Radar,7,21,17,0,45,0,0,15,9,24,7,21,32,9,69,20,8,28,97
08/16/2012,HLN,MT,ANM,WE,Combination Non-Radar Approach Control & Tower w/o Radar,6,21,9,2,38,0,2,42,13,57,6,23,51,15,95,80,0,80,175
08/17/2012,HLN,MT,ANM,WE,Combination Non-Radar Approach Control & Tower w/o Radar,6,19,8,2,35,0,3,73,9,85,6,22,81,11,120,101,2,103,223
08/18/2012,HLN,MT,ANM,WE,Combination Non-Radar Approach Control & Tower w/o Radar,5,8,3,0,16,0,4,68,10,82,5,12,71,10,98,24,4,28,126
08/19/2012,HLN,MT,ANM,WE,Combination Non-Radar Approach Control & Tower w/o Radar,4,11,7,2,24,0,2,30,3,35,4,13,37,5,59,68,0,68,127
08/20/2012,HLN,MT,ANM,WE,Combination Non-Radar Approach Control & Tower w/o Radar,6,15,9,1,31,0,5,47,6,58,6,20,56,7,89,37,22,59,148
08/21/2012,HLN,MT,ANM,WE,Combination Non-Radar Approach Control & Tower w/o Radar,6,19,8,3,36,0,12,42,6,60,6,31,50,9,96,12,6,18,114
08/22/2012,HLN,MT,ANM,WE,Combination Non-Radar Approach Control & Tower w/o Radar,6,18,13,1,38,0,12,60,16,88,6,30,73,17,126,14,0,14,140
08/23/2012,HLN,MT,ANM,WE,Combination Non-Radar Approach Control & Tower w/o Radar,5,21,14,5,45,0,29,57,12,98,5,50,71,17,143,64,14,78,221
08/24/2012,HLN,MT,ANM,WE,Combination Non-Radar Approach Control & Tower w/o Radar,6,19,4,0,29,0,1,36,5,42,6,20,40,5,71,18,6,24,95
08/25/2012,HLN,MT,ANM,WE,Combination Non-Radar Approach Control & Tower w/o Radar,5,10,8,1,24,0,25,65,0,90,5,35,73,1,114,66,0,66,180
08/26/2012,HLN,MT,ANM,WE,Combination Non-Radar Approach Control & Tower w/o Radar,4,9,7,2,22,0,0,57,1,58,4,9,64,3,80,20,0,20,100
08/27/2012,HLN,MT,ANM,WE,Combination Non-Radar Approach Control & Tower w/o Radar,6,16,6,1,29,0,9,48,5,62,6,25,54,6,91,52,0,52,143
08/28/2012,HLN,MT,ANM,WE,Combination Non-Radar Approach Control & Tower w/o Radar,5,20,9,0,34,0,11,60,17,88,5,31,69,17,122,36,2,38,160
08/29/2012,HLN,MT,ANM,WE,Combination Non-Radar Approach Control & Tower w/o Radar,6,20,5,1,32,0,20,34,15,69,6,40,39,16,101,28,2,30,131
08/30/2012,HLN,MT,ANM,WE,Combination Non-Radar Approach Control & Tower w/o Radar,6,19,11,1,37,0,35,58,8,101,6,54,69,9,138,38,6,44,182
08/31/2012,HLN,MT,ANM,WE,Combination Non-Radar Approach Control & Tower w/o Radar,7,24,7,0,38,0,9,87,11,107,7,33,94,11,145,82,0,82,227
09/01/2012,HLN,MT,ANM,WE,Combination Non-Radar Approach Control & Tower w/o Radar,4,11,2,0,17,0,19,44,0,63,4,30,46,0,80,30,0,30,110
09/02/2012,HLN,MT,ANM,WE,Combination Non-Radar Approach Control & Tower w/o Radar,4,9,0,0,13,0,15,31,0,46,4,24,31,0,59,34,0,34,93
09/03/2012,HLN,MT,ANM,WE,Combination Non-Radar Approach Control & Tower w/o Radar,5,12,4,0,21,0,4,41,0,45,5,16,45,0,66,24,0,24,90
09/04/2012,HLN,MT,ANM,WE,Combination Non-Radar Approach Control & Tower w/o Radar,5,19,10,2,36,0,0,55,7,62,5,19,65,9,98,72,4,76,174
09/05/2012,HLN,MT,ANM,WE,Combination Non-Radar Approach Control & Tower w/o Radar,6,16,4,3,29,0,0,52,7,59,6,16,56,10,88,58,8,66,154
09/06/2012,HLN,MT,ANM,WE,Combination Non-Radar Approach Control & Tower w/o Radar,6,21,4,0,31,0,1,31,6,38,6,22,35,6,69,72,0,72,141
09/07/2012,HLN,MT,ANM,WE,Combination Non-Radar Approach Control & Tower w/o Radar,6,14,13,0,33,0,4,72,8,84,6,18,85,8,117,56,0,56,173
09/08/2012,HLN,MT,ANM,WE,Combination Non-Radar Approach Control & Tower w/o Radar,5,8,1,0,14,0,4,59,11,74,5,12,60,11,88,37,0,37,125
09/09/2012,HLN,MT,ANM,WE,Combination Non-Radar Approach Control & Tower w/o Radar,4,9,2,2,17,0,26,46,13,85,4,35,48,15,102,16,6,22,124
09/10/2012,HLN,MT,ANM,WE,Combination Non-Radar Approach Control & Tower w/o Radar,6,14,12,0,32,0,4,39,14,57,6,18,51,14,89,18,16,34,123
09/11/2012,HLN,MT,ANM,WE,Combination Non-Radar Approach Control & Tower w/o Radar,6,16,6,2,30,16,12,54,17,99,22,28,60,19,129,38,8,46,175
09/12/2012,HLN,MT,ANM,WE,Combination Non-Radar Approach Control & Tower w/o Radar,6,19,9,1,35,0,7,75,26,108,6,26,84,27,143,40,8,48,191
09/13/2012,HLN,MT,ANM,WE,Combination Non-Radar Approach Control & Tower w/o Radar,6,19,5,2,32,0,8,64,8,80,6,27,69,10,112,72,2,74,186
09/14/2012,HLN,MT,ANM,WE,Combination Non-Radar Approach Control & Tower w/o Radar,6,19,14,6,45,0,6,58,24,88,6,25,72,30,133,66,4,70,203
09/15/2012,HLN,MT,ANM,WE,Combination Non-Radar Approach Control & Tower w/o Radar,6,14,10,0,30,0,0,20,0,20,6,14,30,0,50,0,0,0,50
09/16/2012,HLN,MT,ANM,WE,Combination Non-Radar Approach Control & Tower w/o Radar,4,14,3,6,27,0,5,36,0,41,4,19,39,6,68,36,0,36,104
09/17/2012,HLN,MT,ANM,WE,Combination Non-Radar Approach Control & Tower w/o Radar,6,17,6,3,32,0,1,40,10,51,6,18,46,13,83,18,0,18,101
09/18/2012,HLN,MT,ANM,WE,Combination Non-Radar Approach Control & Tower w/o Radar,5,16,4,2,27,0,2,29,20,51,5,18,33,22,78,42,4,46,124
09/19/2012,HLN,MT,ANM,WE,Combination Non-Radar Approach Control & Tower w/o Radar,7,17,5,6,35,0,1,53,15,69,7,18,58,21,104,114,8,122,226
09/20/2012,HLN,MT,ANM,WE,Combination Non-Radar Approach Control & Tower w/o Radar,6,18,9,7,40,0,1,47,16,64,6,19,56,23,104,46,2,48,152
09/21/2012,HLN,MT,ANM,WE,Combination Non-Radar Approach Control & Tower w/o Radar,6,19,13,1,39,0,0,40,12,52,6,19,53,13,91,26,0,26,117
09/22/2012,HLN,MT,ANM,WE,Combination Non-Radar Approach Control & Tower w/o Radar,5,9,1,0,15,0,0,42,4,46,5,9,43,4,61,80,8,88,149
09/23/2012,HLN,MT,ANM,WE,Combination Non-Radar Approach Control & Tower w/o Radar,4,9,5,0,18,0,0,52,0,52,4,9,57,0,70,58,0,58,128
09/24/2012,HLN,MT,ANM,WE,Combination Non-Radar Approach Control & Tower w/o Radar,7,17,6,0,30,0,0,51,9,60,7,17,57,9,90,74,4,78,168
09/25/2012,HLN,MT,ANM,WE,Combination Non-Radar Approach Control & Tower w/o Radar,8,15,3,1,27,0,0,34,9,43,8,15,37,10,70,26,0,26,96
09/26/2012,HLN,MT,ANM,WE,Combination Non-Radar Approach Control & Tower w/o Radar,6,16,7,4,33,0,0,47,9,56,6,16,54,13,89,54,0,54,143
09/27/2012,HLN,MT,ANM,WE,Combination Non-Radar Approach Control & Tower w/o Radar,6,21,5,2,34,0,0,27,13,40,6,21,32,15,74,28,0,28,102
09/28/2012,HLN,MT,ANM,WE,Combination Non-Radar Approach Control & Tower w/o Radar,8,23,7,2,40,0,1,51,11,63,8,24,58,13,103,74,0,74,177
09/29/2012,HLN,MT,ANM,WE,Combination Non-Radar Approach Control & Tower w/o Radar,5,9,3,0,17,0,0,34,0,34,5,9,37,0,51,62,0,62,113
09/30/2012,HLN,MT,ANM,WE,Combination Non-Radar Approach Control & Tower w/o Radar,4,9,6,0,19,0,0,42,0,42,4,9,48,0,61,24,0,24,85
10/01/2012,HLN,MT,ANM,WE,Combination Non-Radar Approach Control & Tower w/o Radar,6,15,12,1,34,0,0,31,11,42,6,15,43,12,76,22,0,22,98
10/02/2012,HLN,MT,ANM,WE,Combination Non-Radar Approach Control & Tower w/o Radar,5,14,9,0,28,0,0,28,11,39,5,14,37,11,67,20,24,44,111
10/03/2012,HLN,MT,ANM,WE,Combination Non-Radar Approach Control & Tower w/o Radar,4,17,5,2,28,0,0,2,4,6,4,17,7,6,34,26,0,26,60
10/04/2012,HLN,MT,ANM,WE,Combination Non-Radar Approach Control & Tower w/o Radar,5,22,10,0,37,0,0,15,23,38,5,22,25,23,75,10,0,10,85
10/05/2012,HLN,MT,ANM,WE,Combination Non-Radar Approach Control & Tower w/o Radar,6,15,8,2,31,0,0,31,7,38,6,15,39,9,69,8,0,8,77
10/06/2012,HLN,MT,ANM,WE,Combination Non-Radar Approach Control & Tower w/o Radar,4,11,9,0,24,0,2,37,0,39,4,13,46,0,63,18,0,18,81
10/07/2012,HLN,MT,ANM,WE,Combination Non-Radar Approach Control & Tower w/o Radar,6,12,2,0,20,0,0,40,0,40,6,12,42,0,60,22,0,22,82
10/08/2012,HLN,MT,ANM,WE,Combination Non-Radar Approach Control & Tower w/o Radar,6,15,8,0,29,0,0,18,0,18,6,15,26,0,47,0,0,0,47
10/09/2012,HLN,MT,ANM,WE,Combination Non-Radar Approach Control & Tower w/o Radar,5,17,4,0,26,0,0,31,19,50,5,17,35,19,76,62,6,68,144
10/10/2012,HLN,MT,ANM,WE,Combination Non-Radar Approach Control & Tower w/o Radar,2,13,5,1,21,0,1,27,24,52,2,14,32,25,73,0,10,10,83
10/11/2012,HLN,MT,ANM,WE,Combination Non-Radar Approach Control & Tower w/o Radar,5,25,6,2,38,0,0,31,19,50,5,25,37,21,88,26,4,30,118
10/12/2012,HLN,MT,ANM,WE,Combination Non-Radar Approach Control & Tower w/o Radar,5,20,5,0,30,0,0,48,10,58,5,20,53,10,88,54,40,94,182
10/13/2012,HLN,MT,ANM,WE,Combination Non-Radar Approach Control & Tower w/o Radar,5,9,3,0,17,0,1,14,7,22,5,10,17,7,39,36,34,70,109
10/14/2012,HLN,MT,ANM,WE,Combination Non-Radar Approach Control & Tower w/o Radar,4,12,4,0,20,0,0,32,0,32,4,12,36,0,52,91,1,92,144
10/15/2012,HLN,MT,ANM,WE,Combination Non-Radar Approach Control & Tower w/o Radar,5,14,4,2,25,0,0,14,19,33,5,14,18,21,58,18,28,46,104
10/16/2012,HLN,MT,ANM,WE,Combination Non-Radar Approach Control & Tower w/o Radar,5,18,2,0,25,0,0,2,0,2,5,18,4,0,27,22,0,22,49
10/17/2012,HLN,MT,ANM,WE,Combination Non-Radar Approach Control & Tower w/o Radar,5,15,7,2,29,0,0,16,14,30,5,15,23,16,59,26,12,38,97
10/18/2012,HLN,MT,ANM,WE,Combination Non-Radar Approach Control & Tower w/o Radar,5,19,3,2,29,0,0,58,31,89,5,19,61,33,118,65,12,77,195
10/19/2012,HLN,MT,ANM,WE,Combination Non-Radar Approach Control & Tower w/o Radar,5,16,9,3,33,0,1,27,9,37,5,17,36,12,70,20,0,20,90
10/20/2012,HLN,MT,ANM,WE,Combination Non-Radar Approach Control & Tower w/o Radar,5,10,2,0,17,0,1,10,0,11,5,11,12,0,28,38,0,38,66
10/21/2012,HLN,MT,ANM,WE,Combination Non-Radar Approach Control & Tower w/o Radar,5,13,6,0,24,0,0,40,0,40,5,13,46,0,64,48,0,48,112
10/22/2012,HLN,MT,ANM,WE,Combination Non-Radar Approach Control & Tower w/o Radar,4,15,1,1,21,0,0,26,10,36,4,15,27,11,57,26,4,30,87
10/23/2012,HLN,MT,ANM,WE,Combination Non-Radar Approach Control & Tower w/o Radar,5,18,5,0,28,0,0,5,3,8,5,18,10,3,36,30,0,30,66
10/24/2012,HLN,MT,ANM,WE,Combination Non-Radar Approach Control & Tower w/o Radar,3,25,19,0,47,0,1,6,17,24,3,26,25,17,71,12,34,46,117
10/25/2012,HLN,MT,ANM,WE,Combination Non-Radar Approach Control & Tower w/o Radar,6,21,15,1,43,0,0,2,14,16,6,21,17,15,59,10,14,24,83
10/26/2012,HLN,MT,ANM,WE,Combination Non-Radar Approach Control & Tower w/o Radar,6,17,10,0,33,0,0,28,11,39,6,17,38,11,72,16,2,18,90
10/27/2012,HLN,MT,ANM,WE,Combination Non-Radar Approach Control & Tower w/o Radar,4,11,4,0,19,0,0,2,0,2,4,11,6,0,21,16,0,16,37
10/28/2012,HLN,MT,ANM,WE,Combination Non-Radar Approach Control & Tower w/o Radar,5,10,2,0,17,0,0,7,0,7,5,10,9,0,24,30,0,30,54
10/29/2012,HLN,MT,ANM,WE,Combination Non-Radar Approach Control & Tower w/o Radar,6,16,5,0,27,0,0,13,18,31,6,16,18,18,58,22,0,22,80
10/30/2012,HLN,MT,ANM,WE,Combination Non-Radar Approach Control & Tower w/o Radar,5,22,12,0,39,0,2,26,15,43,5,24,38,15,82,14,8,22,104
10/31/2012,HLN,MT,ANM,WE,Combination Non-Radar Approach Control & Tower w/o Radar,4,21,8,0,33,0,1,45,11,57,4,22,53,11,90,82,0,82,172
11/01/2012,HLN,MT,ANM,WE,Combination Non-Radar Approach Control & Tower w/o Radar,6,16,9,4,35,0,0,11,23,34,6,16,20,27,69,4,32,36,105
11/02/2012,HLN,MT,ANM,WE,Combination Non-Radar Approach Control & Tower w/o Radar,5,16,10,6,37,0,0,28,21,49,5,16,38,27,86,0,24,24,110
11/03/2012,HLN,MT,ANM,WE,Combination Non-Radar Approach Control & Tower w/o Radar,5,9,1,4,19,0,0,34,4,38,5,9,35,8,57,62,2,64,121
11/04/2012,HLN,MT,ANM,WE,Combination Non-Radar Approach Control & Tower w/o Radar,5,8,3,5,21,0,0,11,3,14,5,8,14,8,35,8,0,8,43
11/05/2012,HLN,MT,ANM,WE,Combination Non-Radar Approach Control & Tower w/o Radar,4,16,4,0,24,0,0,18,24,42,4,16,22,24,66,8,10,18,84
11/06/2012,HLN,MT,ANM,WE,Combination Non-Radar Approach Control & Tower w/o Radar,5,14,3,2,24,0,2,39,11,52,5,16,42,13,76,66,10,76,152
11/07/2012,HLN,MT,ANM,WE,Combination Non-Radar Approach Control & Tower w/o Radar,4,13,9,4,30,0,0,60,8,68,4,13,69,12,98,46,4,50,148
11/08/2012,HLN,MT,ANM,WE,Combination Non-Radar Approach Control & Tower w/o Radar,4,17,5,0,26,0,0,0,0,0,4,17,5,0,26,0,0,0,26
11/09/2012,HLN,MT,ANM,WE,Combination Non-Radar Approach Control & Tower w/o Radar,0,17,7,0,24,0,0,0,0,0,0,17,7,0,24,0,0,0,24
11/10/2012,HLN,MT,ANM,WE,Combination Non-Radar Approach Control & Tower w/o Radar,4,14,6,0,24,0,0,3,0,3,4,14,9,0,27,0,0,0,27
11/11/2012,HLN,MT,ANM,WE,Combination Non-Radar Approach Control & Tower w/o Radar,4,9,7,2,22,0,0,8,0,8,4,9,15,2,30,0,0,0,30
11/12/2012,HLN,MT,ANM,WE,Combination Non-Radar Approach Control & Tower w/o Radar,6,12,3,2,23,0,0,25,0,25,6,12,28,2,48,30,0,30,78
11/13/2012,HLN,MT,ANM,WE,Combination Non-Radar Approach Control & Tower w/o Radar,6,13,5,2,26,0,0,29,18,47,6,13,34,20,73,20,0,20,93
11/14/2012,HLN,MT,ANM,WE,Combination Non-Radar Approach Control & Tower w/o Radar,6,10,9,0,25,0,0,11,12,23,6,10,20,12,48,14,2,16,64
11/15/2012,HLN,MT,ANM,WE,Combination Non-Radar Approach Control & Tower w/o Radar,6,18,1,4,29,0,0,53,15,68,6,18,54,19,97,50,10,60,157
11/16/2012,HLN,MT,ANM,WE,Combination Non-Radar Approach Control & Tower w/o Radar,5,17,23,0,45,0,1,44,8,53,5,18,67,8,98,26,0,26,124
11/17/2012,HLN,MT,ANM,WE,Combination Non-Radar Approach Control & Tower w/o Radar,5,7,2,0,14,0,1,33,0,34,5,8,35,0,48,18,0,18,66
11/18/2012,HLN,MT,ANM,WE,Combination Non-Radar Approach Control & Tower w/o Radar,5,8,5,0,18,0,0,10,0,10,5,8,15,0,28,22,0,22,50
11/19/2012,HLN,MT,ANM,WE,Combination Non-Radar Approach Control & Tower w/o Radar,5,13,6,0,24,0,0,20,11,31,5,13,26,11,55,6,18,24,79
11/20/2012,HLN,MT,ANM,WE,Combination Non-Radar Approach Control & Tower w/o Radar,4,16,6,0,26,0,0,4,6,10,4,16,10,6,36,0,6,6,42
11/21/2012,HLN,MT,ANM,WE,Combination Non-Radar Approach Control & Tower w/o Radar,6,14,6,0,26,0,0,1,0,1,6,14,7,0,27,18,0,18,45
11/22/2012,HLN,MT,ANM,WE,Combination Non-Radar Approach Control & Tower w/o Radar,5,6,1,0,12,0,0,13,0,13,5,6,14,0,25,8,0,8,33
11/23/2012,HLN,MT,ANM,WE,Combination Non-Radar Approach Control & Tower w/o Radar,5,13,7,0,25,0,0,42,0,42,5,13,49,0,67,100,0,100,167
11/24/2012,HLN,MT,ANM,WE,Combination Non-Radar Approach Control & Tower w/o Radar,4,12,7,0,23,0,0,7,0,7,4,12,14,0,30,14,0,14,44
11/25/2012,HLN,MT,ANM,WE,Combination Non-Radar Approach Control & Tower w/o Radar,2,11,8,0,21,0,0,3,0,3,2,11,11,0,24,4,0,4,28
11/26/2012,HLN,MT,ANM,WE,Combination Non-Radar Approach Control & Tower w/o Radar,6,12,3,4,25,0,0,40,13,53,6,12,43,17,78,20,0,20,98
11/27/2012,HLN,MT,ANM,WE,Combination Non-Radar Approach Control & Tower w/o Radar,6,13,6,0,25,0,0,28,25,53,6,13,34,25,78,18,4,22,100
11/28/2012,HLN,MT,ANM,WE,Combination Non-Radar Approach Control & Tower w/o Radar,5,10,17,2,34,0,0,38,13,51,5,10,55,15,85,82,4,86,171
11/29/2012,HLN,MT,ANM,WE,Combination Non-Radar Approach Control & Tower w/o Radar,3,12,10,0,25,0,0,31,29,60,3,12,41,29,85,50,8,58,143
11/30/2012,HLN,MT,ANM,WE,Combination Non-Radar Approach Control & Tower w/o Radar,5,13,10,1,29,0,0,19,5,24,5,13,29,6,53,40,8,48,101
12/01/2012,HLN,MT,ANM,WE,Combination Non-Radar Approach Control & Tower w/o Radar,5,12,6,0,23,0,0,16,0,16,5,12,22,0,39,28,0,28,67
12/02/2012,HLN,MT,ANM,WE,Combination Non-Radar Approach Control & Tower w/o Radar,4,9,2,0,15,0,0,8,0,8,4,9,10,0,23,20,0,20,43
12/03/2012,HLN,MT,ANM,WE,Combination Non-Radar Approach Control & Tower w/o Radar,5,14,4,4,27,0,0,10,7,17,5,14,14,11,44,0,10,10,54
12/04/2012,HLN,MT,ANM,WE,Combination Non-Radar Approach Control & Tower w/o Radar,5,14,1,0,20,0,2,13,9,24,5,16,14,9,44,12,2,14,58
12/05/2012,HLN,MT,ANM,WE,Combination Non-Radar Approach Control & Tower w/o Radar,6,13,5,0,24,0,1,12,2,15,6,14,17,2,39,30,0,30,69
12/06/2012,HLN,MT,ANM,WE,Combination Non-Radar Approach Control & Tower w/o Radar,5,16,5,2,28,0,1,25,12,38,5,17,30,14,66,0,14,14,80
12/07/2012,HLN,MT,ANM,WE,Combination Non-Radar Approach Control & Tower w/o Radar,5,13,7,0,25,0,1,7,9,17,5,14,14,9,42,14,12,26,68
12/08/2012,HLN,MT,ANM,WE,Combination Non-Radar Approach Control & Tower w/o Radar,4,10,0,0,14,0,0,0,0,0,4,10,0,0,14,0,0,0,14
12/09/2012,HLN,MT,ANM,WE,Combination Non-Radar Approach Control & Tower w/o Radar,4,6,4,0,14,0,0,13,0,13,4,6,17,0,27,34,0,34,61
12/10/2012,HLN,MT,ANM,WE,Combination Non-Radar Approach Control & Tower w/o Radar,3,11,5,0,19,0,0,5,8,13,3,11,10,8,32,0,0,0,32
12/11/2012,HLN,MT,ANM,WE,Combination Non-Radar Approach Control & Tower w/o Radar,4,12,3,2,21,0,1,19,20,40,4,13,22,22,61,22,10,32,93
12/12/2012,HLN,MT,ANM,WE,Combination Non-Radar Approach Control & Tower w/o Radar,5,13,12,2,32,0,0,12,6,18,5,13,24,8,50,34,10,44,94
12/13/2012,HLN,MT,ANM,WE,Combination Non-Radar Approach Control & Tower w/o Radar,5,13,4,1,23,0,0,49,22,71,5,13,53,23,94,54,26,80,174
12/14/2012,HLN,MT,ANM,WE,Combination Non-Radar Approach Control & Tower w/o Radar,4,14,8,2,28,0,0,10,0,10,4,14,18,2,38,8,0,8,46
12/15/2012,HLN,MT,ANM,WE,Combination Non-Radar Approach Control & Tower w/o Radar,4,9,4,0,17,0,0,17,0,17,4,9,21,0,34,18,0,18,52
12/16/2012,HLN,MT,ANM,WE,Combination Non-Radar Approach Control & Tower w/o Radar,5,9,4,0,18,0,0,21,0,21,5,9,25,0,39,20,0,20,59
12/17/2012,HLN,MT,ANM,WE,Combination Non-Radar Approach Control & Tower w/o Radar,6,14,9,4,33,0,0,11,5,16,6,14,20,9,49,16,0,16,65
12/18/2012,HLN,MT,ANM,WE,Combination Non-Radar Approach Control & Tower w/o Radar,6,13,6,0,25,0,0,11,7,18,6,13,17,7,43,24,6,30,73
12/19/2012,HLN,MT,ANM,WE,Combination Non-Radar Approach Control & Tower w/o Radar,5,17,7,7,36,0,0,21,8,29,5,17,28,15,65,26,6,32,97
12/20/2012,HLN,MT,ANM,WE,Combination Non-Radar Approach Control & Tower w/o Radar,6,19,12,1,38,0,0,23,28,51,6,19,35,29,89,22,26,48,137
12/21/2012,HLN,MT,ANM,WE,Combination Non-Radar Approach Control & Tower w/o Radar,5,21,9,0,35,0,0,27,15,42,5,21,36,15,77,24,20,44,121
12/22/2012,HLN,MT,ANM,WE,Combination Non-Radar Approach Control & Tower w/o Radar,5,12,2,0,19,0,1,18,0,19,5,13,20,0,38,26,0,26,64
12/23/2012,HLN,MT,ANM,WE,Combination Non-Radar Approach Control & Tower w/o Radar,5,8,2,0,15,0,0,19,0,19,5,8,21,0,34,16,0,16,50
12/24/2012,HLN,MT,ANM,WE,Combination Non-Radar Approach Control & Tower w/o Radar,6,11,2,0,19,0,0,1,0,1,6,11,3,0,20,0,0,0,20
12/25/2012,HLN,MT,ANM,WE,Combination Non-Radar Approach Control & Tower w/o Radar,6,10,0,0,16,0,2,4,0,6,6,12,4,0,22,0,0,0,22
12/26/2012,HLN,MT,ANM,WE,Combination Non-Radar Approach Control & Tower w/o Radar,5,17,9,0,31,0,0,14,11,25,5,17,23,11,56,20,18,38,94
12/27/2012,HLN,MT,ANM,WE,Combination Non-Radar Approach Control & Tower w/o Radar,3,14,1,0,18,0,0,14,2,16,3,14,15,2,34,40,0,40,74
12/28/2012,HLN,MT,ANM,WE,Combination Non-Radar Approach Control & Tower w/o Radar,6,17,8,1,32,0,0,35,4,39,6,17,43,5,71,22,0,22,93
12/29/2012,HLN,MT,ANM,WE,Combination Non-Radar Approach Control & Tower w/o Radar,5,10,1,0,16,0,1,30,0,31,5,11,31,0,47,16,0,16,63
12/30/2012,HLN,MT,ANM,WE,Combination Non-Radar Approach Control & Tower w/o Radar,4,9,3,0,16,0,0,6,0,6,4,9,9,0,22,22,0,22,44
12/31/2012,HLN,MT,ANM,WE,Combination Non-Radar Approach Control & Tower w/o Radar,5,15,4,0,24,0,0,22,0,22,5,15,26,0,46,20,0,20,66
01/01/2013,HLN,MT,ANM,WE,Combination Non-Radar Approach Control & Tower w/o Radar,5,10,6,0,21,0,0,7,0,7,5,10,13,0,28,4,0,4,32
01/02/2013,HLN,MT,ANM,WE,Combination Non-Radar Approach Control & Tower w/o Radar,6,17,2,0,25,0,0,22,2,24,6,17,24,2,49,6,2,8,57
01/03/2013,HLN,MT,ANM,WE,Combination Non-Radar Approach Control & Tower w/o Radar,6,20,3,0,29,0,0,23,14,37,6,20,26,14,66,24,12,36,102
01/04/2013,HLN,MT,ANM,WE,Combination Non-Radar Approach Control & Tower w/o Radar,5,18,9,1,33,0,0,49,25,74,5,18,58,26,107,66,4,70,177
01/05/2013,HLN,MT,ANM,WE,Combination Non-Radar Approach Control & Tower w/o Radar,3,10,7,0,20,0,1,42,3,46,3,11,49,3,66,52,18,70,136
01/06/2013,HLN,MT,ANM,WE,Combination Non-Radar Approach Control & Tower w/o Radar,4,11,2,4,21,0,0,19,0,19,4,11,21,4,40,38,0,38,78
01/07/2013,HLN,MT,ANM,WE,Combination Non-Radar Approach Control & Tower w/o Radar,5,14,8,5,32,0,0,22,10,32,5,14,30,15,64,46,0,46,110
01/08/2013,HLN,MT,ANM,WE,Combination Non-Radar Approach Control & Tower w/o Radar,5,13,5,0,23,0,0,17,8,25,5,13,22,8,48,16,2,18,66
01/09/2013,HLN,MT,ANM,WE,Combination Non-Radar Approach Control & Tower w/o Radar,5,15,5,2,27,0,0,10,0,10,5,15,15,2,37,0,0,0,37
01/10/2013,HLN,MT,ANM,WE,Combination Non-Radar Approach Control & Tower w/o Radar,5,14,3,0,22,0,0,0,0,0,5,14,3,0,22,0,0,0,22
01/11/2013,HLN,MT,ANM,WE,Combination Non-Radar Approach Control & Tower w/o Radar,6,14,7,0,27,0,0,1,0,1,6,14,8,0,28,0,0,0,28
01/12/2013,HLN,MT,ANM,WE,Combination Non-Radar Approach Control & Tower w/o Radar,4,11,1,0,16,0,0,8,0,8,4,11,9,0,24,0,0,0,24
01/13/2013,HLN,MT,ANM,WE,Combination Non-Radar Approach Control & Tower w/o Radar,3,10,0,0,13,0,0,14,0,14,3,10,14,0,27,8,0,8,35
01/14/2013,HLN,MT,ANM,WE,Combination Non-Radar Approach Control & Tower w/o Radar,5,16,13,2,36,0,0,7,4,11,5,16,20,6,47,2,12,14,61
01/15/2013,HLN,MT,ANM,WE,Combination Non-Radar Approach Control & Tower w/o Radar,5,14,4,0,23,0,0,15,4,19,5,14,19,4,42,20,0,20,62
01/16/2013,HLN,MT,ANM,WE,Combination Non-Radar Approach Control & Tower w/o Radar,5,15,2,3,25,0,0,20,4,24,5,15,22,7,49,18,0,18,67
01/17/2013,HLN,MT,ANM,WE,Combination Non-Radar Approach Control & Tower w/o Radar,5,19,10,1,35,0,0,37,5,42,5,19,47,6,77,22,0,22,99
01/18/2013,HLN,MT,ANM,WE,Combination Non-Radar Approach Control & Tower w/o Radar,6,13,3,0,22,0,0,14,2,16,6,13,17,2,38,34,2,36,74
01/19/2013,HLN,MT,ANM,WE,Combination Non-Radar Approach Control & Tower w/o Radar,4,6,2,0,12,0,2,41,0,43,4,8,43,0,55,40,0,40,95
01/20/2013,HLN,MT,ANM,WE,Combination Non-Radar Approach Control & Tower w/o Radar,1,5,0,0,6,0,0,17,0,17,1,5,17,0,23,50,0,50,73
01/21/2013,HLN,MT,ANM,WE,Combination Non-Radar Approach Control & Tower w/o Radar,4,13,4,0,21,0,0,26,0,26,4,13,30,0,47,40,0,40,87
01/22/2013,HLN,MT,ANM,WE,Combination Non-Radar Approach Control & Tower w/o Radar,4,16,1,1,22,0,0,31,5,36,4,16,32,6,58,64,0,64,122
01/23/2013,HLN,MT,ANM,WE,Combination Non-Radar Approach Control & Tower w/o Radar,6,15,8,1,30,0,1,25,8,34,6,16,33,9,64,26,10,36,100
01/24/2013,HLN,MT,ANM,WE,Combination Non-Radar Approach Control & Tower w/o Radar,5,15,8,3,31,0,0,17,7,24,5,15,25,10,55,22,4,26,81
01/25/2013,HLN,MT,ANM,WE,Combination Non-Radar Approach Control & Tower w/o Radar,6,17,8,3,34,0,0,19,5,24,6,17,27,8,58,28,0,28,86
01/26/2013,HLN,MT,ANM,WE,Combination Non-Radar Approach Control & Tower w/o Radar,4,12,0,5,21,0,0,39,0,39,4,12,39,5,60,76,0,76,136
01/27/2013,HLN,MT,ANM,WE,Combination Non-Radar Approach Control & Tower w/o Radar,4,5,3,1,13,0,0,22,0,22,4,5,25,1,35,40,0,40,75
01/28/2013,HLN,MT,ANM,WE,Combination Non-Radar Approach Control & Tower w/o Radar,5,14,10,0,29,0,0,32,6,38,5,14,42,6,67,40,0,40,107
01/29/2013,HLN,MT,ANM,WE,Combination Non-Radar Approach Control & Tower w/o Radar,5,17,15,0,37,0,0,11,8,19,5,17,26,8,56,18,8,26,82
01/30/2013,HLN,MT,ANM,WE,Combination Non-Radar Approach Control & Tower w/o Radar,9,12,7,0,28,0,0,14,5,19,9,12,21,5,47,8,4,12,59
01/31/2013,HLN,MT,ANM,WE,Combination Non-Radar Approach Control & Tower w/o Radar,5,17,14,0,36,0,0,10,21,31,5,17,24,21,67,15,2,17,84
02/01/2013,HLN,MT,ANM,WE,Combination Non-Radar Approach Control & Tower w/o Radar,5,21,13,3,42,0,0,25,2,27,5,21,38,5,69,54,12,66,135
02/02/2013,HLN,MT,ANM,WE,Combination Non-Radar Approach Control & Tower w/o Radar,6,8,9,0,23,0,0,41,0,41,6,8,50,0,64,30,0,30,94
02/03/2013,HLN,MT,ANM,WE,Combination Non-Radar Approach Control & Tower w/o Radar,3,6,11,0,20,0,0,20,0,20,3,6,31,0,40,30,0,30,70
02/04/2013,HLN,MT,ANM,WE,Combination Non-Radar Approach Control & Tower w/o Radar,5,17,14,0,36,0,0,13,12,25,5,17,27,12,61,10,0,10,71
02/05/2013,HLN,MT,ANM,WE,Combination Non-Radar Approach Control & Tower w/o Radar,5,15,6,1,27,0,0,37,17,54,5,15,43,18,81,90,6,96,177
02/06/2013,HLN,MT,ANM,WE,Combination Non-Radar Approach Control & Tower w/o Radar,6,12,11,0,29,0,0,26,8,34,6,12,37,8,63,42,8,50,113
02/07/2013,HLN,MT,ANM,WE,Combination Non-Radar Approach Control & Tower w/o Radar,4,14,5,0,23,0,0,24,5,29,4,14,29,5,52,74,0,74,126
02/08/2013,HLN,MT,ANM,WE,Combination Non-Radar Approach Control & Tower w/o Radar,6,14,13,0,33,0,0,44,13,57,6,14,57,13,90,106,8,114,204
02/09/2013,HLN,MT,ANM,WE,Combination Non-Radar Approach Control & Tower w/o Radar,4,13,3,3,23,0,1,36,14,51,4,14,39,17,74,94,24,118,192
02/10/2013,HLN,MT,ANM,WE,Combination Non-Radar Approach Control & Tower w/o Radar,3,15,3,2,23,0,0,4,0,4,3,15,7,2,27,0,0,0,27
02/11/2013,HLN,MT,ANM,WE,Combination Non-Radar Approach Control & Tower w/o Radar,5,14,10,2,31,0,0,37,8,45,5,14,47,10,76,26,0,26,102
02/12/2013,HLN,MT,ANM,WE,Combination Non-Radar Approach Control & Tower w/o Radar,4,15,8,2,29,0,0,7,10,17,4,15,15,12,46,22,0,22,68
02/13/2013,HLN,MT,ANM,WE,Combination Non-Radar Approach Control & Tower w/o Radar,4,13,3,2,22,0,0,15,0,15,4,13,18,2,37,12,0,12,49
02/14/2013,HLN,MT,ANM,WE,Combination Non-Radar Approach Control & Tower w/o Radar,6,15,9,0,30,0,0,11,13,24,6,15,20,13,54,10,8,18,72
02/15/2013,HLN,MT,ANM,WE,Combination Non-Radar Approach Control & Tower w/o Radar,4,16,9,5,34,0,0,33,7,40,4,16,42,12,74,48,0,48,122
02/16/2013,HLN,MT,ANM,WE,Combination Non-Radar Approach Control & Tower w/o Radar,4,10,3,0,17,0,1,52,0,53,4,11,55,0,70,52,0,52,122
02/17/2013,HLN,MT,ANM,WE,Combination Non-Radar Approach Control & Tower w/o Radar,4,8,2,0,14,0,0,4,0,4,4,8,6,0,18,0,0,0,18
02/18/2013,HLN,MT,ANM,WE,Combination Non-Radar Approach Control & Tower w/o Radar,7,10,10,0,27,0,0,26,0,26,7,10,36,0,53,50,0,50,103
02/19/2013,HLN,MT,ANM,WE,Combination Non-Radar Approach Control & Tower w/o Radar,4,19,11,0,34,0,0,33,14,47,4,19,44,14,81,10,4,14,95
02/20/2013,HLN,MT,ANM,WE,Combination Non-Radar Approach Control & Tower w/o Radar,5,20,10,0,35,0,0,8,5,13,5,20,18,5,48,36,2,38,86
02/21/2013,HLN,MT,ANM,WE,Combination Non-Radar Approach Control & Tower w/o Radar,7,14,11,0,32,0,0,31,25,56,7,14,42,25,88,22,18,40,128
02/22/2013,HLN,MT,ANM,WE,Combination Non-Radar Approach Control & Tower w/o Radar,4,15,8,0,27,0,0,33,11,44,4,15,41,11,71,40,4,44,115
02/23/2013,HLN,MT,ANM,WE,Combination Non-Radar Approach Control & Tower w/o Radar,5,12,6,1,24,0,0,6,1,7,5,12,12,2,31,4,0,4,35
02/24/2013,HLN,MT,ANM,WE,Combination Non-Radar Approach Control & Tower w/o Radar,5,8,7,2,22,0,0,44,0,44,5,8,51,2,66,18,0,18,84
02/25/2013,HLN,MT,ANM,WE,Combination Non-Radar Approach Control & Tower w/o Radar,5,15,9,1,30,0,0,30,16,46,5,15,39,17,76,54,14,68,144
02/26/2013,HLN,MT,ANM,WE,Combination Non-Radar Approach Control & Tower w/o Radar,5,14,15,0,34,0,0,25,17,42,5,14,40,17,76,66,8,74,150
02/27/2013,HLN,MT,ANM,WE,Combination Non-Radar Approach Control & Tower w/o Radar,5,14,3,1,23,0,0,35,21,56,5,14,38,22,79,68,32,100,179
02/28/2013,HLN,MT,ANM,WE,Combination Non-Radar Approach Control & Tower w/o Radar,6,18,10,0,34,0,0,27,12,39,6,18,37,12,73,60,4,64,137
03/01/2013,HLN,MT,ANM,WE,Combination Non-Radar Approach Control & Tower w/o Radar,6,13,3,0,22,0,0,22,21,43,6,13,25,21,65,20,24,44,109
03/02/2013,HLN,MT,ANM,WE,Combination Non-Radar Approach Control & Tower w/o Radar,5,8,2,0,15,0,1,18,0,19,5,9,20,0,34,22,0,22,56
03/03/2013,HLN,MT,ANM,WE,Combination Non-Radar Approach Control & Tower w/o Radar,5,10,3,0,18,0,0,1,0,1,5,10,4,0,19,0,0,0,19
03/04/2013,HLN,MT,ANM,WE,Combination Non-Radar Approach Control & Tower w/o Radar,6,14,2,0,22,0,0,22,17,39,6,14,24,17,61,32,8,40,101
03/05/2013,HLN,MT,ANM,WE,Combination Non-Radar Approach Control & Tower w/o Radar,6,13,7,1,27,0,0,29,12,41,6,13,36,13,68,70,10,80,148
03/06/2013,HLN,MT,ANM,WE,Combination Non-Radar Approach Control & Tower w/o Radar,5,14,5,3,27,0,0,24,6,30,5,14,29,9,57,146,2,148,205
03/07/2013,HLN,MT,ANM,WE,Combination Non-Radar Approach Control & Tower w/o Radar,6,16,1,1,24,0,0,44,14,58,6,16,45,15,82,62,12,74,156
03/08/2013,HLN,MT,ANM,WE,Combination Non-Radar Approach Control & Tower w/o Radar,6,18,14,2,40,0,0,68,13,81,6,18,82,15,121,118,2,120,241
03/09/2013,HLN,MT,ANM,WE,Combination Non-Radar Approach Control & Tower w/o Radar,5,8,2,0,15,0,2,41,0,43,5,10,43,0,58,26,0,26,84
03/10/2013,HLN,MT,ANM,WE,Combination Non-Radar Approach Control & Tower w/o Radar,5,13,2,0,20,0,0,42,0,42,5,13,44,0,62,58,0,58,120
03/11/2013,HLN,MT,ANM,WE,Combination Non-Radar Approach Control & Tower w/o Radar,6,19,8,2,35,0,0,12,14,26,6,19,20,16,61,4,28,32,93
03/12/2013,HLN,MT,ANM,WE,Combination Non-Radar Approach Control & Tower w/o Radar,5,16,9,1,31,0,0,21,17,38,5,16,30,18,69,28,14,42,111
03/13/2013,HLN,MT,ANM,WE,Combination Non-Radar Approach Control & Tower w/o Radar,5,18,7,5,35,0,0,37,17,54,5,18,44,22,89,52,4,56,145
03/14/2013,HLN,MT,ANM,WE,Combination Non-Radar Approach Control & Tower w/o Radar,6,20,5,1,32,0,0,58,14,72,6,20,63,15,104,108,12,120,224
03/15/2013,HLN,MT,ANM,WE,Combination Non-Radar Approach Control & Tower w/o Radar,6,14,8,0,28,0,0,14,16,30,6,14,22,16,58,20,8,28,86
03/16/2013,HLN,MT,ANM,WE,Combination Non-Radar Approach Control & Tower w/o Radar,5,13,5,3,26,0,1,34,3,38,5,14,39,6,64,104,8,112,176
03/17/2013,HLN,MT,ANM,WE,Combination Non-Radar Approach Control & Tower w/o Radar,5,9,1,1,16,0,0,6,0,6,5,9,7,1,22,18,0,18,40
03/18/2013,HLN,MT,ANM,WE,Combination Non-Radar Approach Control & Tower w/o Radar,6,12,8,3,29,0,0,14,3,17,6,12,22,6,46,22,12,34,80
03/19/2013,HLN,MT,ANM,WE,Combination Non-Radar Approach Control & Tower w/o Radar,5,16,5,0,26,0,0,34,12,46,5,16,39,12,72,26,0,26,98
03/20/2013,HLN,MT,ANM,WE,Combination Non-Radar Approach Control & Tower w/o Radar,6,18,4,2,30,0,4,23,4,31,6,22,27,6,61,42,0,42,103
03/21/2013,HLN,MT,ANM,WE,Combination Non-Radar Approach Control & Tower w/o Radar,4,18,12,6,40,0,0,15,10,25,4,18,27,16,65,0,4,4,69
03/22/2013,HLN,MT,ANM,WE,Combination Non-Radar Approach Control & Tower w/o Radar,5,15,8,5,33,0,0,11,4,15,5,15,19,9,48,6,0,6,54
03/23/2013,HLN,MT,ANM,WE,Combination Non-Radar Approach Control & Tower w/o Radar,6,10,1,0,17,0,0,29,2,31,6,10,30,2,48,42,2,44,92
03/24/2013,HLN,MT,ANM,WE,Combination Non-Radar Approach Control & Tower w/o Radar,5,9,2,0,16,0,0,36,0,36,5,9,38,0,52,152,0,152,204
03/25/2013,HLN,MT,ANM,WE,Combination Non-Radar Approach Control & Tower w/o Radar,7,16,11,3,37,0,0,55,5,60,7,16,66,8,97,102,6,108,205
03/26/2013,HLN,MT,ANM,WE,Combination Non-Radar Approach Control & Tower w/o Radar,5,16,9,1,31,0,1,59,12,72,5,17,68,13,103,52,4,56,159
03/27/2013,HLN,MT,ANM,WE,Combination Non-Radar Approach Control & Tower w/o Radar,6,15,17,0,38,0,0,39,5,44,6,15,56,5,82,112,0,112,194
03/28/2013,HLN,MT,ANM,WE,Combination Non-Radar Approach Control & Tower w/o Radar,6,19,3,0,28,0,0,45,16,61,6,19,48,16,89,48,6,54,143
03/29/2013,HLN,MT,ANM,WE,Combination Non-Radar Approach Control & Tower w/o Radar,5,18,8,2,33,0,0,33,5,38,5,18,41,7,71,40,8,48,119
03/30/2013,HLN,MT,ANM,WE,Combination Non-Radar Approach Control & Tower w/o Radar,5,11,2,0,18,0,0,25,0,25,5,11,27,0,43,80,0,80,123
03/31/2013,HLN,MT,ANM,WE,Combination Non-Radar Approach Control & Tower w/o Radar,5,10,0,0,15,0,0,24,0,24,5,10,24,0,39,32,0,32,71
04/01/2013,HLN,MT,ANM,WE,Combination Non-Radar Approach Control & Tower w/o Radar,6,11,6,3,26,0,1,68,11,80,6,12,74,14,106,130,2,132,238
04/02/2013,HLN,MT,ANM,WE,Combination Non-Radar Approach Control & Tower w/o Radar,5,13,3,0,21,0,0,59,15,74,5,13,62,15,95,126,2,128,223
04/03/2013,HLN,MT,ANM,WE,Combination Non-Radar Approach Control & Tower w/o Radar,6,18,4,0,28,0,1,40,6,47,6,19,44,6,75,124,0,124,199
04/04/2013,HLN,MT,ANM,WE,Combination Non-Radar Approach Control & Tower w/o Radar,6,14,8,3,31,0,3,32,16,51,6,17,40,19,82,33,2,35,117
04/05/2013,HLN,MT,ANM,WE,Combination Non-Radar Approach Control & Tower w/o Radar,6,17,9,3,35,0,0,8,1,9,6,17,17,4,44,2,4,6,50
04/06/2013,HLN,MT,ANM,WE,Combination Non-Radar Approach Control & Tower w/o Radar,5,11,0,0,16,0,0,8,1,9,5,11,8,1,25,36,0,36,61
04/07/2013,HLN,MT,ANM,WE,Combination Non-Radar Approach Control & Tower w/o Radar,7,8,1,1,17,0,0,13,0,13,7,8,14,1,30,38,0,38,68
04/08/2013,HLN,MT,ANM,WE,Combination Non-Radar Approach Control & Tower w/o Radar,5,21,11,1,38,0,0,4,7,11,5,21,15,8,49,0,16,16,65
04/09/2013,HLN,MT,ANM,WE,Combination Non-Radar Approach Control & Tower w/o Radar,5,17,13,2,37,0,0,36,8,44,5,17,49,10,81,56,4,60,141
04/10/2013,HLN,MT,ANM,WE,Combination Non-Radar Approach Control & Tower w/o Radar,5,17,7,3,32,0,0,38,8,46,5,17,45,11,78,114,8,122,200
04/11/2013,HLN,MT,ANM,WE,Combination Non-Radar Approach Control & Tower w/o Radar,6,19,7,2,34,0,0,17,2,19,6,19,24,4,53,44,0,44,97
04/12/2013,HLN,MT,ANM,WE,Combination Non-Radar Approach Control & Tower w/o Radar,4,16,7,1,28,0,1,29,12,42,4,17,36,13,70,34,10,44,114
04/13/2013,HLN,MT,ANM,WE,Combination Non-Radar Approach Control & Tower w/o Radar,5,12,1,0,18,0,0,5,7,12,5,12,6,7,30,56,0,56,86
04/14/2013,HLN,MT,ANM,WE,Combination Non-Radar Approach Control & Tower w/o Radar,5,10,0,0,15,0,0,1,0,1,5,10,1,0,16,0,0,0,16
04/15/2013,HLN,MT,ANM,WE,Combination Non-Radar Approach Control & Tower w/o Radar,6,18,9,1,34,0,1,7,5,13,6,19,16,6,47,12,0,12,59
04/16/2013,HLN,MT,ANM,WE,Combination Non-Radar Approach Control & Tower w/o Radar,5,22,12,0,39,0,0,4,8,12,5,22,16,8,51,4,12,16,67
04/17/2013,HLN,MT,ANM,WE,Combination Non-Radar Approach Control & Tower w/o Radar,6,16,8,1,31,0,0,24,11,35,6,16,32,12,66,92,2,94,160
04/18/2013,HLN,MT,ANM,WE,Combination Non-Radar Approach Control & Tower w/o Radar,6,14,10,2,32,0,0,29,5,34,6,14,39,7,66,38,4,42,108
04/19/2013,HLN,MT,ANM,WE,Combination Non-Radar Approach Control & Tower w/o Radar,6,19,11,0,36,0,0,19,13,32,6,19,30,13,68,70,12,82,150
04/20/2013,HLN,MT,ANM,WE,Combination Non-Radar Approach Control & Tower w/o Radar,5,10,3,0,18,0,0,6,0,6,5,10,9,0,24,4,0,4,28
04/21/2013,HLN,MT,ANM,WE,Combination Non-Radar Approach Control & Tower w/o Radar,5,8,1,0,14,0,0,0,0,0,5,8,1,0,14,0,0,0,14
04/22/2013,HLN,MT,ANM,WE,Combination Non-Radar Approach Control & Tower w/o Radar,5,12,3,1,21,0,0,32,4,36,5,12,35,5,57,166,6,172,229
04/23/2013,HLN,MT,ANM,WE,Combination Non-Radar Approach Control & Tower w/o Radar,5,11,12,2,30,0,0,42,3,45,5,11,54,5,75,106,6,112,187
04/24/2013,HLN,MT,ANM,WE,Combination Non-Radar Approach Control & Tower w/o Radar,5,14,7,0,26,0,0,32,11,43,5,14,39,11,69,80,12,92,161
04/25/2013,HLN,MT,ANM,WE,Combination Non-Radar Approach Control & Tower w/o Radar,5,14,3,3,25,0,1,21,9,31,5,15,24,12,56,20,7,27,83
04/26/2013,HLN,MT,ANM,WE,Combination Non-Radar Approach Control & Tower w/o Radar,5,12,9,3,29,0,1,32,14,47,5,13,41,17,76,66,4,70,146
04/27/2013,HLN,MT,ANM,WE,Combination Non-Radar Approach Control & Tower w/o Radar,5,9,1,0,15,0,0,11,6,17,5,9,12,6,32,6,12,18,50
04/28/2013,HLN,MT,ANM,WE,Combination Non-Radar Approach Control & Tower w/o Radar,4,8,2,1,15,0,0,18,0,18,4,8,20,1,33,30,0,30,63
04/29/2013,HLN,MT,ANM,WE,Combination Non-Radar Approach Control & Tower w/o Radar,5,15,13,2,35,0,1,10,0,11,5,16,23,2,46,8,0,8,54
04/30/2013,HLN,MT,ANM,WE,Combination Non-Radar Approach Control & Tower w/o Radar,5,14,6,0,25,0,0,13,13,26,5,14,19,13,51,0,52,52,103
05/01/2013,HLN,MT,ANM,WE,Combination Non-Radar Approach Control & Tower w/o Radar,5,16,12,0,33,0,0,40,0,40,5,16,52,0,73,82,0,82,155
05/02/2013,HLN,MT,ANM,WE,Combination Non-Radar Approach Control & Tower w/o Radar,4,15,9,0,28,0,0,56,17,73,4,15,65,17,101,96,11,107,208
05/03/2013,HLN,MT,ANM,WE,Combination Non-Radar Approach Control & Tower w/o Radar,5,18,16,0,39,0,0,39,7,46,5,18,55,7,85,14,6,20,105
05/04/2013,HLN,MT,ANM,WE,Combination Non-Radar Approach Control & Tower w/o Radar,5,9,3,1,18,0,1,16,1,18,5,10,19,2,36,40,0,40,76
05/05/2013,HLN,MT,ANM,WE,Combination Non-Radar Approach Control & Tower w/o Radar,5,10,9,0,24,0,0,50,0,50,5,10,59,0,74,58,0,58,132
05/06/2013,HLN,MT,ANM,WE,Combination Non-Radar Approach Control & Tower w/o Radar,5,14,2,6,27,0,1,54,9,64,5,15,56,15,91,40,6,46,137
05/07/2013,HLN,MT,ANM,WE,Combination Non-Radar Approach Control & Tower w/o Radar,5,11,8,2,26,0,1,35,8,44,5,12,43,10,70,48,2,50,120
05/08/2013,HLN,MT,ANM,WE,Combination Non-Radar Approach Control & Tower w/o Radar,4,13,5,6,28,0,0,36,10,46,4,13,41,16,74,90,0,90,164
05/09/2013,HLN,MT,ANM,WE,Combination Non-Radar Approach Control & Tower w/o Radar,5,13,5,2,25,0,0,53,6,59,5,13,58,8,84,74,2,76,160
05/10/2013,HLN,MT,ANM,WE,Combination Non-Radar Approach Control & Tower w/o Radar,5,14,8,1,28,0,0,43,4,47,5,14,51,5,75,32,4,36,111
05/11/2013,HLN,MT,ANM,WE,Combination Non-Radar Approach Control & Tower w/o Radar,5,11,0,2,18,0,0,44,0,44,5,11,44,2,62,80,0,80,142
05/12/2013,HLN,MT,ANM,WE,Combination Non-Radar Approach Control & Tower w/o Radar,5,10,2,4,21,0,0,44,3,47,5,10,46,7,68,70,2,72,140
05/13/2013,HLN,MT,ANM,WE,Combination Non-Radar Approach Control & Tower w/o Radar,4,15,7,5,31,0,0,32,2,34,4,15,39,7,65,20,0,20,85
05/14/2013,HLN,MT,ANM,WE,Combination Non-Radar Approach Control & Tower w/o Radar,3,10,9,1,23,0,0,35,5,40,3,10,44,6,63,10,0,10,73
05/15/2013,HLN,MT,ANM,WE,Combination Non-Radar Approach Control & Tower w/o Radar,5,13,13,4,35,0,24,88,14,126,5,37,101,18,161,92,4,96,257
05/16/2013,HLN,MT,ANM,WE,Combination Non-Radar Approach Control & Tower w/o Radar,4,13,10,0,27,0,1,57,12,70,4,14,67,12,97,52,0,52,149
05/17/2013,HLN,MT,ANM,WE,Combination Non-Radar Approach Control & Tower w/o Radar,5,14,7,1,27,0,0,25,8,33,5,14,32,9,60,24,14,38,98
05/18/2013,HLN,MT,ANM,WE,Combination Non-Radar Approach Control & Tower w/o Radar,5,10,5,0,20,0,0,32,5,37,5,10,37,5,57,24,0,24,81
05/19/2013,HLN,MT,ANM,WE,Combination Non-Radar Approach Control & Tower w/o Radar,3,10,1,1,15,0,0,1,0,1,3,10,2,1,16,0,0,0,16
05/20/2013,HLN,MT,ANM,WE,Combination Non-Radar Approach Control & Tower w/o Radar,5,10,4,1,20,0,1,23,1,25,5,11,27,2,45,26,0,26,71
05/21/2013,HLN,MT,ANM,WE,Combination Non-Radar Approach Control & Tower w/o Radar,6,12,7,2,27,0,1,59,10,70,6,13,66,12,97,30,0,30,127
05/22/2013,HLN,MT,ANM,WE,Combination Non-Radar Approach Control & Tower w/o Radar,5,11,16,2,34,0,0,35,12,47,5,11,51,14,81,18,8,26,107
05/23/2013,HLN,MT,ANM,WE,Combination Non-Radar Approach Control & Tower w/o Radar,3,13,14,1,31,0,0,10,13,23,3,13,24,14,54,30,0,30,84
05/24/2013,HLN,MT,ANM,WE,Combination Non-Radar Approach Control & Tower w/o Radar,5,14,5,1,25,0,0,48,6,54,5,14,53,7,79,52,0,52,131
05/25/2013,HLN,MT,ANM,WE,Combination Non-Radar Approach Control & Tower w/o Radar,5,10,3,0,18,0,0,47,0,47,5,10,50,0,65,60,0,60,125
05/26/2013,HLN,MT,ANM,WE,Combination Non-Radar Approach Control & Tower w/o Radar,5,5,1,0,11,0,0,32,0,32,5,5,33,0,43,26,0,26,69
05/27/2013,HLN,MT,ANM,WE,Combination Non-Radar Approach Control & Tower w/o Radar,4,7,1,0,12,0,0,17,0,17,4,7,18,0,29,44,0,44,73
05/28/2013,HLN,MT,ANM,WE,Combination Non-Radar Approach Control & Tower w/o Radar,5,13,16,0,34,0,0,14,2,16,5,13,30,2,50,2,0,2,52
05/29/2013,HLN,MT,ANM,WE,Combination Non-Radar Approach Control & Tower w/o Radar,6,12,6,2,26,0,0,31,21,52,6,12,37,23,78,10,0,10,88
05/30/2013,HLN,MT,ANM,WE,Combination Non-Radar Approach Control & Tower w/o Radar,5,12,14,0,31,0,0,21,11,32,5,12,35,11,63,14,12,26,89
05/31/2013,HLN,MT,ANM,WE,Combination Non-Radar Approach Control & Tower w/o Radar,5,16,7,2,30,0,0,5,16,21,5,16,12,18,51,2,4,6,57
06/01/2013,HLN,MT,ANM,WE,Combination Non-Radar Approach Control & Tower w/o Radar,6,11,2,0,19,0,0,47,15,62,6,11,49,15,81,64,0,64,145
06/02/2013,HLN,MT,ANM,WE,Combination Non-Radar Approach Control & Tower w/o Radar,5,12,2,0,19,0,0,9,3,12,5,12,11,3,31,42,0,42,73
06/03/2013,HLN,MT,ANM,WE,Combination Non-Radar Approach Control & Tower w/o Radar,5,12,7,2,26,0,0,11,8,19,5,12,18,10,45,42,0,42,87
06/04/2013,HLN,MT,ANM,WE,Combination Non-Radar Approach Control & Tower w/o Radar,6,10,6,0,22,0,0,44,14,58,6,10,50,14,80,54,0,54,134
06/05/2013,HLN,MT,ANM,WE,Combination Non-Radar Approach Control & Tower w/o Radar,6,13,4,2,25,0,0,62,9,71,6,13,66,11,96,60,0,60,156
06/06/2013,HLN,MT,ANM,WE,Combination Non-Radar Approach Control & Tower w/o Radar,6,16,10,0,32,0,0,47,26,73,6,16,57,26,105,74,2,76,181
06/07/2013,HLN,MT,ANM,WE,Combination Non-Radar Approach Control & Tower w/o Radar,5,11,7,2,25,0,0,30,9,39,5,11,37,11,64,32,0,32,96
06/08/2013,HLN,MT,ANM,WE,Combination Non-Radar Approach Control & Tower w/o Radar,4,9,5,1,19,0,0,22,8,30,4,9,27,9,49,20,0,20,69
06/09/2013,HLN,MT,ANM,WE,Combination Non-Radar Approach Control & Tower w/o Radar,8,10,4,0,22,0,1,42,0,43,8,11,46,0,65,56,0,56,121
06/10/2013,HLN,MT,ANM,WE,Combination Non-Radar Approach Control & Tower w/o Radar,4,13,6,2,25,0,2,35,5,42,4,15,41,7,67,34,0,34,101
06/11/2013,HLN,MT,ANM,WE,Combination Non-Radar Approach Control & Tower w/o Radar,4,13,6,0,23,0,0,33,6,39,4,13,39,6,62,68,18,86,148
06/12/2013,HLN,MT,ANM,WE,Combination Non-Radar Approach Control & Tower w/o Radar,4,15,3,4,26,0,0,28,9,37,4,15,31,13,63,72,4,76,139
06/13/2013,HLN,MT,ANM,WE,Combination Non-Radar Approach Control & Tower w/o Radar,4,12,5,0,21,0,0,28,10,38,4,12,33,10,59,36,0,36,95
06/14/2013,HLN,MT,ANM,WE,Combination Non-Radar Approach Control & Tower w/o Radar,4,15,5,2,26,0,0,20,4,24,4,15,25,6,50,6,8,14,64
06/15/2013,HLN,MT,ANM,WE,Combination Non-Radar Approach Control & Tower w/o Radar,5,12,3,2,22,0,0,62,0,62,5,12,65,2,84,32,0,32,116
06/16/2013,HLN,MT,ANM,WE,Combination Non-Radar Approach Control & Tower w/o Radar,4,10,2,0,16,0,0,66,0,66,4,10,68,0,82,70,0,70,152
06/17/2013,HLN,MT,ANM,WE,Combination Non-Radar Approach Control & Tower w/o Radar,4,13,7,1,25,0,0,48,5,53,4,13,55,6,78,112,0,112,190
06/18/2013,HLN,MT,ANM,WE,Combination Non-Radar Approach Control & Tower w/o Radar,4,18,5,0,27,0,0,53,4,57,4,18,58,4,84,98,0,98,182
06/19/2013,HLN,MT,ANM,WE,Combination Non-Radar Approach Control & Tower w/o Radar,4,13,9,2,28,0,0,28,7,35,4,13,37,9,63,60,0,60,123
06/20/2013,HLN,MT,ANM,WE,Combination Non-Radar Approach Control & Tower w/o Radar,4,13,6,2,25,0,0,19,7,26,4,13,25,9,51,24,0,24,75
06/21/2013,HLN,MT,ANM,WE,Combination Non-Radar Approach Control & Tower w/o Radar,4,14,7,3,28,0,0,32,11,43,4,14,39,14,71,52,2,54,125
06/22/2013,HLN,MT,ANM,WE,Combination Non-Radar Approach Control & Tower w/o Radar,5,13,8,0,26,0,0,13,4,17,5,13,21,4,43,2,0,2,45
06/23/2013,HLN,MT,ANM,WE,Combination Non-Radar Approach Control & Tower w/o Radar,4,8,5,3,20,0,0,56,1,57,4,8,61,4,77,40,0,40,117
06/24/2013,HLN,MT,ANM,WE,Combination Non-Radar Approach Control & Tower w/o Radar,4,11,1,1,17,0,0,37,3,40,4,11,38,4,57,50,0,50,107
06/25/2013,HLN,MT,ANM,WE,Combination Non-Radar Approach Control & Tower w/o Radar,4,15,5,0,24,0,0,39,11,50,4,15,44,11,74,12,6,18,92
06/26/2013,HLN,MT,ANM,WE,Combination Non-Radar Approach Control & Tower w/o Radar,4,12,11,1,28,0,0,39,14,53,4,12,50,15,81,32,0,32,113
06/27/2013,HLN,MT,ANM,WE,Combination Non-Radar Approach Control & Tower w/o Radar,4,11,1,1,17,0,2,59,8,69,4,13,60,9,86,48,0,48,134
06/28/2013,HLN,MT,ANM,WE,Combination Non-Radar Approach Control & Tower w/o Radar,4,10,11,4,29,0,0,82,15,97,4,10,93,19,126,68,0,68,194
06/29/2013,HLN,MT,ANM,WE,Combination Non-Radar Approach Control & Tower w/o Radar,5,11,6,0,22,0,0,39,1,40,5,11,45,1,62,54,0,54,116
06/30/2013,HLN,MT,ANM,WE,Combination Non-Radar Approach Control & Tower w/o Radar,7,9,6,0,22,0,0,54,0,54,7,9,60,0,76,2,0,2,78
07/01/2013,HLN,MT,ANM,WE,Combination Non-Radar Approach Control & Tower w/o Radar,5,13,3,0,21,0,0,53,12,65,5,13,56,12,86,42,0,42,128
07/02/2013,HLN,MT,ANM,WE,Combination Non-Radar Approach Control & Tower w/o Radar,5,14,2,2,23,0,0,44,6,50,5,14,46,8,73,54,0,54,127
07/03/2013,HLN,MT,ANM,WE,Combination Non-Radar Approach Control & Tower w/o Radar,4,11,3,2,20,0,0,38,0,38,4,11,41,2,58,50,0,50,108
07/04/2013,HLN,MT,ANM,WE,Combination Non-Radar Approach Control & Tower w/o Radar,5,7,3,0,15,0,0,45,0,45,5,7,48,0,60,16,0,16,76
07/05/2013,HLN,MT,ANM,WE,Combination Non-Radar Approach Control & Tower w/o Radar,5,9,3,0,17,0,0,28,0,28,5,9,31,0,45,12,0,12,57
07/06/2013,HLN,MT,ANM,WE,Combination Non-Radar Approach Control & Tower w/o Radar,4,13,3,0,20,0,0,63,0,63,4,13,66,0,83,40,0,40,123
07/07/2013,HLN,MT,ANM,WE,Combination Non-Radar Approach Control & Tower w/o Radar,4,12,6,0,22,0,1,32,0,33,4,13,38,0,55,0,0,0,55
07/08/2013,HLN,MT,ANM,WE,Combination Non-Radar Approach Control & Tower w/o Radar,6,12,5,2,25,0,0,23,14,37,6,12,28,16,62,28,30,58,120
07/09/2013,HLN,MT,ANM,WE,Combination Non-Radar Approach Control & Tower w/o Radar,4,18,6,0,28,0,0,34,12,46,4,18,40,12,74,80,0,80,154
07/10/2013,HLN,MT,ANM,WE,Combination Non-Radar Approach Control & Tower w/o Radar,4,16,2,0,22,0,0,84,12,96,4,16,86,12,118,70,8,78,196
07/11/2013,HLN,MT,ANM,WE,Combination Non-Radar Approach Control & Tower w/o Radar,4,12,10,0,26,0,0,55,15,70,4,12,65,15,96,40,12,52,148
07/12/2013,HLN,MT,ANM,WE,Combination Non-Radar Approach Control & Tower w/o Radar,4,13,2,0,19,0,0,42,12,54,4,13,44,12,73,46,12,58,131
07/13/2013,HLN,MT,ANM,WE,Combination Non-Radar Approach Control & Tower w/o Radar,5,10,4,0,19,0,0,45,2,47,5,10,49,2,66,30,0,30,96
07/14/2013,HLN,MT,ANM,WE,Combination Non-Radar Approach Control & Tower w/o Radar,4,8,2,1,15,0,2,38,0,40,4,10,40,1,55,20,0,20,75
07/15/2013,HLN,MT,ANM,WE,Combination Non-Radar Approach Control & Tower w/o Radar,4,10,2,0,16,0,0,31,7,38,4,10,33,7,54,44,0,44,98
07/16/2013,HLN,MT,ANM,WE,Combination Non-Radar Approach Control & Tower w/o Radar,4,13,4,1,22,0,0,42,10,52,4,13,46,11,74,78,0,78,152
07/17/2013,HLN,MT,ANM,WE,Combination Non-Radar Approach Control & Tower w/o Radar,4,15,7,1,27,0,0,46,9,55,4,15,53,10,82,72,0,72,154
07/18/2013,HLN,MT,ANM,WE,Combination Non-Radar Approach Control & Tower w/o Radar,4,15,11,2,32,0,0,48,9,57,4,15,59,11,89,16,0,16,105
07/19/2013,HLN,MT,ANM,WE,Combination Non-Radar Approach Control & Tower w/o Radar,4,15,8,0,27,0,0,62,8,70,4,15,70,8,97,42,2,44,141
07/20/2013,HLN,MT,ANM,WE,Combination Non-Radar Approach Control & Tower w/o Radar,5,9,2,0,16,0,1,63,15,79,5,10,65,15,95,70,0,70,165
07/21/2013,HLN,MT,ANM,WE,Combination Non-Radar Approach Control & Tower w/o Radar,4,9,1,1,15,0,0,79,0,79,4,9,80,1,94,18,0,18,112
07/22/2013,HLN,MT,ANM,WE,Combination Non-Radar Approach Control & Tower w/o Radar,4,14,2,4,24,0,0,50,9,59,4,14,52,13,83,56,0,56,139
07/23/2013,HLN,MT,ANM,WE,Combination Non-Radar Approach Control & Tower w/o Radar,6,9,10,0,25,0,0,43,11,54,6,9,53,11,79,88,0,88,167
07/24/2013,HLN,MT,ANM,WE,Combination Non-Radar Approach Control & Tower w/o Radar,4,16,14,1,35,0,0,69,8,77,4,16,83,9,112,67,6,73,185
07/25/2013,HLN,MT,ANM,WE,Combination Non-Radar Approach Control & Tower w/o Radar,4,13,6,1,24,0,0,78,15,93,4,13,84,16,117,32,2,34,151
07/26/2013,HLN,MT,ANM,WE,Combination Non-Radar Approach Control & Tower w/o Radar,4,13,2,0,19,0,0,79,7,86,4,13,81,7,105,40,0,40,145
07/27/2013,HLN,MT,ANM,WE,Combination Non-Radar Approach Control & Tower w/o Radar,5,9,4,0,18,0,0,42,0,42,5,9,46,0,60,14,0,14,74
07/28/2013,HLN,MT,ANM,WE,Combination Non-Radar Approach Control & Tower w/o Radar,4,8,10,0,22,0,0,42,0,42,4,8,52,0,64,0,0,0,64
07/29/2013,HLN,MT,ANM,WE,Combination Non-Radar Approach Control & Tower w/o Radar,4,14,5,2,25,0,0,51,6,57,4,14,56,8,82,2,4,6,88
07/30/2013,HLN,MT,ANM,WE,Combination Non-Radar Approach Control & Tower w/o Radar,4,12,6,1,23,0,2,37,13,52,4,14,43,14,75,50,8,58,133
07/31/2013,HLN,MT,ANM,WE,Combination Non-Radar Approach Control & Tower w/o Radar,2,14,1,2,19,0,0,45,6,51,2,14,46,8,70,96,4,100,170
08/01/2013,HLN,MT,ANM,WE,Combination Non-Radar Approach Control & Tower w/o Radar,3,19,2,0,24,0,0,27,2,29,3,19,29,2,53,18,0,18,71
08/02/2013,HLN,MT,ANM,WE,Combination Non-Radar Approach Control & Tower w/o Radar,4,19,3,1,27,0,2,43,17,62,4,21,46,18,89,16,4,20,109
08/03/2013,HLN,MT,ANM,WE,Combination Non-Radar Approach Control & Tower w/o Radar,5,10,1,0,16,0,2,51,0,53,5,12,52,0,69,48,0,48,117
08/04/2013,HLN,MT,ANM,WE,Combination Non-Radar Approach Control & Tower w/o Radar,4,9,2,0,15,0,0,39,0,39,4,9,41,0,54,50,0,50,104
08/05/2013,HLN,MT,ANM,WE,Combination Non-Radar Approach Control & Tower w/o Radar,4,17,3,0,24,0,0,33,8,41,4,17,36,8,65,78,0,78,143
08/06/2013,HLN,MT,ANM,WE,Combination Non-Radar Approach Control & Tower w/o Radar,4,12,3,3,22,0,0,66,23,89,4,12,69,26,111,52,0,52,163
08/07/2013,HLN,MT,ANM,WE,Combination Non-Radar Approach Control & Tower w/o Radar,4,8,3,0,15,0,0,48,4,52,4,8,51,4,67,42,0,42,109
08/08/2013,HLN,MT,ANM,WE,Combination Non-Radar Approach Control & Tower w/o Radar,4,12,2,0,18,0,1,48,10,59,4,13,50,10,77,54,4,58,135
08/09/2013,HLN,MT,ANM,WE,Combination Non-Radar Approach Control & Tower w/o Radar,2,8,3,0,13,0,0,55,8,63,2,8,58,8,76,40,12,52,128
08/10/2013,HLN,MT,ANM,WE,Combination Non-Radar Approach Control & Tower w/o Radar,5,13,2,1,21,0,0,50,3,53,5,13,52,4,74,48,2,50,124
08/11/2013,HLN,MT,ANM,WE,Combination Non-Radar Approach Control & Tower w/o Radar,4,10,3,1,18,0,0,34,0,34,4,10,37,1,52,58,0,58,110
08/12/2013,HLN,MT,ANM,WE,Combination Non-Radar Approach Control & Tower w/o Radar,4,10,8,0,22,0,0,43,8,51,4,10,51,8,73,40,0,40,113
08/13/2013,HLN,MT,ANM,WE,Combination Non-Radar Approach Control & Tower w/o Radar,3,14,2,0,19,0,0,43,8,51,3,14,45,8,70,58,6,64,134
08/14/2013,HLN,MT,ANM,WE,Combination Non-Radar Approach Control & Tower w/o Radar,4,13,2,2,21,0,2,48,8,58,4,15,50,10,79,26,0,26,105
08/15/2013,HLN,MT,ANM,WE,Combination Non-Radar Approach Control & Tower w/o Radar,4,16,4,3,27,0,0,67,9,76,4,16,71,12,103,80,6,86,189
08/16/2013,HLN,MT,ANM,WE,Combination Non-Radar Approach Control & Tower w/o Radar,3,13,10,1,27,0,0,50,25,75,3,13,60,26,102,46,22,68,170
08/17/2013,HLN,MT,ANM,WE,Combination Non-Radar Approach Control & Tower w/o Radar,5,9,1,7,22,0,2,115,2,119,5,11,116,9,141,22,0,22,163
08/18/2013,HLN,MT,ANM,WE,Combination Non-Radar Approach Control & Tower w/o Radar,4,7,4,7,22,0,0,46,13,59,4,7,50,20,81,14,8,22,103
08/19/2013,HLN,MT,ANM,WE,Combination Non-Radar Approach Control & Tower w/o Radar,2,13,6,1,22,0,0,42,3,45,2,13,48,4,67,72,0,72,139
08/20/2013,HLN,MT,ANM,WE,Combination Non-Radar Approach Control & Tower w/o Radar,4,14,2,0,20,0,0,27,2,29,4,14,29,2,49,78,0,78,127
08/21/2013,HLN,MT,ANM,WE,Combination Non-Radar Approach Control & Tower w/o Radar,4,14,4,1,23,0,2,57,8,67,4,16,61,9,90,112,0,112,202
08/22/2013,HLN,MT,ANM,WE,Combination Non-Radar Approach Control & Tower w/o Radar,5,15,16,0,36,0,0,43,5,48,5,15,59,5,84,64,0,64,148
08/23/2013,HLN,MT,ANM,WE,Combination Non-Radar Approach Control & Tower w/o Radar,4,14,8,1,27,0,0,52,5,57,4,14,60,6,84,44,4,48,132
08/24/2013,HLN,MT,ANM,WE,Combination Non-Radar Approach Control & Tower w/o Radar,3,11,2,0,16,0,0,36,0,36,3,11,38,0,52,30,0,30,82
08/25/2013,HLN,MT,ANM,WE,Combination Non-Radar Approach Control & Tower w/o Radar,3,12,9,3,27,0,4,36,1,41,3,16,45,4,68,28,0,28,96
08/26/2013,HLN,MT,ANM,WE,Combination Non-Radar Approach Control & Tower w/o Radar,5,14,4,0,23,0,0,37,5,42,5,14,41,5,65,16,0,16,81
08/27/2013,HLN,MT,ANM,WE,Combination Non-Radar Approach Control & Tower w/o Radar,5,14,3,0,22,0,0,54,5,59,5,14,57,5,81,48,16,64,145
08/28/2013,HLN,MT,ANM,WE,Combination Non-Radar Approach Control & Tower w/o Radar,5,17,3,0,25,0,1,45,7,53,5,18,48,7,78,42,2,44,122
08/29/2013,HLN,MT,ANM,WE,Combination Non-Radar Approach Control & Tower w/o Radar,5,15,5,1,26,0,0,52,9,61,5,15,57,10,87,112,2,114,201
08/30/2013,HLN,MT,ANM,WE,Combination Non-Radar Approach Control & Tower w/o Radar,5,11,4,5,25,0,0,50,7,57,5,11,54,12,82,84,4,88,170
08/31/2013,HLN,MT,ANM,WE,Combination Non-Radar Approach Control & Tower w/o Radar,5,10,1,5,21,0,5,66,1,72,5,15,67,6,93,48,0,48,141
09/01/2013,HLN,MT,ANM,WE,Combination Non-Radar Approach Control & Tower w/o Radar,5,6,2,0,13,0,5,54,0,59,5,11,56,0,72,44,0,44,116
09/02/2013,HLN,MT,ANM,WE,Combination Non-Radar Approach Control & Tower w/o Radar,5,10,4,0,19,0,0,53,0,53,5,10,57,0,72,28,0,28,100
09/03/2013,HLN,MT,ANM,WE,Combination Non-Radar Approach Control & Tower w/o Radar,4,13,6,1,24,0,0,38,12,50,4,13,44,13,74,48,6,54,128
09/04/2013,HLN,MT,ANM,WE,Combination Non-Radar Approach Control & Tower w/o Radar,4,17,10,2,33,0,0,49,1,50,4,17,59,3,83,20,0,20,103
09/05/2013,HLN,MT,ANM,WE,Combination Non-Radar Approach Control & Tower w/o Radar,4,14,6,1,25,0,0,42,5,47,4,14,48,6,72,46,0,46,118
09/06/2013,HLN,MT,ANM,WE,Combination Non-Radar Approach Control & Tower w/o Radar,3,15,4,1,23,0,6,41,11,58,3,21,45,12,81,29,38,67,148
09/07/2013,HLN,MT,ANM,WE,Combination Non-Radar Approach Control & Tower w/o Radar,3,12,10,3,28,0,6,64,35,105,3,18,74,38,133,58,22,80,213
09/08/2013,HLN,MT,ANM,WE,Combination Non-Radar Approach Control & Tower w/o Radar,4,10,4,1,19,0,0,24,0,24,4,10,28,1,43,14,0,14,57
09/09/2013,HLN,MT,ANM,WE,Combination Non-Radar Approach Control & Tower w/o Radar,4,9,9,0,22,0,1,30,11,42,4,10,39,11,64,26,16,42,106
09/10/2013,HLN,MT,ANM,WE,Combination Non-Radar Approach Control & Tower w/o Radar,4,12,8,2,26,0,1,60,9,70,4,13,68,11,96,52,22,74,170
09/11/2013,HLN,MT,ANM,WE,Combination Non-Radar Approach Control & Tower w/o Radar,4,21,10,1,36,0,1,64,10,75,4,22,74,11,111,72,4,76,187
09/12/2013,HLN,MT,ANM,WE,Combination Non-Radar Approach Control & Tower w/o Radar,4,14,3,2,23,0,0,43,12,55,4,14,46,14,78,44,10,54,132
09/13/2013,HLN,MT,ANM,WE,Combination Non-Radar Approach Control & Tower w/o Radar,4,19,4,0,27,0,0,43,10,53,4,19,47,10,80,62,8,70,150
09/14/2013,HLN,MT,ANM,WE,Combination Non-Radar Approach Control & Tower w/o Radar,4,11,4,0,19,0,1,31,0,32,4,12,35,0,51,6,0,6,57
09/15/2013,HLN,MT,ANM,WE,Combination Non-Radar Approach Control & Tower w/o Radar,4,7,2,1,14,0,0,39,0,39,4,7,41,1,53,38,0,38,91
09/16/2013,HLN,MT,ANM,WE,Combination Non-Radar Approach Control & Tower w/o Radar,4,11,5,1,21,0,0,36,10,46,4,11,41,11,67,53,18,71,138
09/17/2013,HLN,MT,ANM,WE,Combination Non-Radar Approach Control & Tower w/o Radar,4,13,2,0,19,0,1,23,9,33,4,14,25,9,52,54,6,60,112
09/18/2013,HLN,MT,ANM,WE,Combination Non-Radar Approach Control & Tower w/o Radar,4,17,6,0,27,0,0,18,8,26,4,17,24,8,53,40,4,44,97
09/19/2013,HLN,MT,ANM,WE,Combination Non-Radar Approach Control & Tower w/o Radar,4,20,6,0,30,0,0,59,8,67,4,20,65,8,97,48,0,48,145
09/20/2013,HLN,MT,ANM,WE,Combination Non-Radar Approach Control & Tower w/o Radar,4,16,9,2,31,0,3,89,11,103,4,19,98,13,134,82,2,84,218
09/21/2013,HLN,MT,ANM,WE,Combination Non-Radar Approach Control & Tower w/o Radar,3,10,2,0,15,0,0,58,6,64,3,10,60,6,79,72,0,72,151
09/22/2013,HLN,MT,ANM,WE,Combination Non-Radar Approach Control & Tower w/o Radar,4,13,8,0,25,0,0,21,0,21,4,13,29,0,46,20,0,20,66
09/23/2013,HLN,MT,ANM,WE,Combination Non-Radar Approach Control & Tower w/o Radar,4,14,2,2,22,0,1,32,0,33,4,15,34,2,55,64,0,64,119
09/24/2013,HLN,MT,ANM,WE,Combination Non-Radar Approach Control & Tower w/o Radar,4,12,15,0,31,0,0,23,2,25,4,12,38,2,56,88,0,88,144
09/25/2013,HLN,MT,ANM,WE,Combination Non-Radar Approach Control & Tower w/o Radar,4,14,5,1,24,0,0,3,1,4,4,14,8,2,28,50,0,50,78
09/26/2013,HLN,MT,ANM,WE,Combination Non-Radar Approach Control & Tower w/o Radar,2,12,10,0,24,0,0,4,13,17,2,12,14,13,41,20,6,26,67
09/27/2013,HLN,MT,ANM,WE,Combination Non-Radar Approach Control & Tower w/o Radar,4,13,8,0,25,0,0,40,3,43,4,13,48,3,68,92,0,92,160
09/28/2013,HLN,MT,ANM,WE,Combination Non-Radar Approach Control & Tower w/o Radar,5,13,1,0,19,0,0,16,0,16,5,13,17,0,35,42,0,42,77
09/29/2013,HLN,MT,ANM,WE,Combination Non-Radar Approach Control & Tower w/o Radar,4,10,3,0,17,0,0,11,0,11,4,10,14,0,28,34,0,34,62
09/30/2013,HLN,MT,ANM,WE,Combination Non-Radar Approach Control & Tower w/o Radar,4,10,5,0,19,0,0,2,0,2,4,10,7,0,21,0,0,0,21
10/01/2013,HLN,MT,ANM,WE,Combination Non-Radar Approach Control & Tower w/o Radar,4,13,6,0,23,0,1,39,0,40,4,14,45,0,63,34,0,34,97
10/02/2013,HLN,MT,ANM,WE,Combination Non-Radar Approach Control & Tower w/o Radar,4,9,4,0,17,0,0,43,0,43,4,9,47,0,60,86,0,86,146
10/03/2013,HLN,MT,ANM,WE,Combination Non-Radar Approach Control & Tower w/o Radar,4,15,4,0,23,0,0,4,0,4,4,15,8,0,27,14,0,14,41
10/04/2013,HLN,MT,ANM,WE,Combination Non-Radar Approach Control & Tower w/o Radar,4,11,5,1,21,0,0,29,0,29,4,11,34,1,50,66,0,66,116
10/05/2013,HLN,MT,ANM,WE,Combination Non-Radar Approach Control & Tower w/o Radar,5,12,1,1,19,0,0,41,0,41,5,12,42,1,60,58,0,58,118
10/06/2013,HLN,MT,ANM,WE,Combination Non-Radar Approach Control & Tower w/o Radar,3,7,2,2,14,0,0,33,0,33,3,7,35,2,47,56,0,56,103
10/07/2013,HLN,MT,ANM,WE,Combination Non-Radar Approach Control & Tower w/o Radar,4,11,6,0,21,0,2,21,4,27,4,13,27,4,48,54,0,54,102
10/08/2013,HLN,MT,ANM,WE,Combination Non-Radar Approach Control & Tower w/o Radar,4,11,5,0,20,0,0,30,0,30,4,11,35,0,50,12,0,12,62
10/09/2013,HLN,MT,ANM,WE,Combination Non-Radar Approach Control & Tower w/o Radar,4,8,4,0,16,0,0,31,0,31,4,8,35,0,47,86,0,86,133
10/10/2013,HLN,MT,ANM,WE,Combination Non-Radar Approach Control & Tower w/o Radar,4,12,3,0,19,0,0,26,2,28,4,12,29,2,47,26,0,26,73
10/11/2013,HLN,MT,ANM,WE,Combination Non-Radar Approach Control & Tower w/o Radar,6,12,5,0,23,0,0,16,2,18,6,12,21,2,41,22,0,22,63
10/12/2013,HLN,MT,ANM,WE,Combination Non-Radar Approach Control & Tower w/o Radar,5,11,2,0,18,0,1,40,0,41,5,12,42,0,59,18,0,18,77
10/13/2013,HLN,MT,ANM,WE,Combination Non-Radar Approach Control & Tower w/o Radar,4,9,3,0,16,0,0,16,0,16,4,9,19,0,32,8,0,8,40
10/14/2013,HLN,MT,ANM,WE,Combination Non-Radar Approach Control & Tower w/o Radar,5,13,2,4,24,0,0,3,1,4,5,13,5,5,28,0,0,0,28
10/15/2013,HLN,MT,ANM,WE,Combination Non-Radar Approach Control & Tower w/o Radar,3,13,3,0,19,0,0,44,0,44,3,13,47,0,63,22,0,22,85
10/16/2013,HLN,MT,ANM,WE,Combination Non-Radar Approach Control & Tower w/o Radar,4,15,7,0,26,0,0,26,4,30,4,15,33,4,56,22,8,30,86
10/17/2013,HLN,MT,ANM,WE,Combination Non-Radar Approach Control & Tower w/o Radar,4,13,6,0,23,0,0,26,4,30,4,13,32,4,53,74,0,74,127
10/18/2013,HLN,MT,ANM,WE,Combination Non-Radar Approach Control & Tower w/o Radar,4,13,1,0,18,0,0,46,0,46,4,13,47,0,64,48,0,48,112
10/19/2013,HLN,MT,ANM,WE,Combination Non-Radar Approach Control & Tower w/o Radar,4,9,0,0,13,0,0,30,0,30,4,9,30,0,43,10,0,10,53
10/20/2013,HLN,MT,ANM,WE,Combination Non-Radar Approach Control & Tower w/o Radar,5,10,3,0,18,0,0,31,0,31,5,10,34,0,49,28,0,28,77
10/21/2013,HLN,MT,ANM,WE,Combination Non-Radar Approach Control & Tower w/o Radar,4,9,5,0,18,0,0,43,8,51,4,9,48,8,69,46,6,52,121
10/22/2013,HLN,MT,ANM,WE,Combination Non-Radar Approach Control & Tower w/o Radar,4,15,10,0,29,0,0,36,12,48,4,15,46,12,77,8,12,20,97
10/23/2013,HLN,MT,ANM,WE,Combination Non-Radar Approach Control & Tower w/o Radar,4,12,4,2,22,0,1,43,15,59,4,13,47,17,81,62,10,72,153
10/24/2013,HLN,MT,ANM,WE,Combination Non-Radar Approach Control & Tower w/o Radar,4,15,9,2,30,0,0,81,30,111,4,15,90,32,141,68,24,92,233
10/25/2013,HLN,MT,ANM,WE,Combination Non-Radar Approach Control & Tower w/o Radar,4,14,8,2,28,0,0,73,9,82,4,14,81,11,110,78,24,102,212
10/26/2013,HLN,MT,ANM,WE,Combination Non-Radar Approach Control & Tower w/o Radar,5,10,2,0,17,0,0,51,0,51,5,10,53,0,68,66,0,66,134
10/27/2013,HLN,MT,ANM,WE,Combination Non-Radar Approach Control & Tower w/o Radar,4,8,0,0,12,0,0,16,0,16,4,8,16,0,28,36,0,36,64
10/28/2013,HLN,MT,ANM,WE,Combination Non-Radar Approach Control & Tower w/o Radar,5,10,5,0,20,0,0,1,2,3,5,10,6,2,23,0,0,0,23
10/29/2013,HLN,MT,ANM,WE,Combination Non-Radar Approach Control & Tower w/o Radar,4,11,4,0,19,0,0,9,8,17,4,11,13,8,36,20,0,20,56
10/30/2013,HLN,MT,ANM,WE,Combination Non-Radar Approach Control & Tower w/o Radar,2,11,5,0,18,0,0,47,15,62,2,11,52,15,80,88,20,108,188
10/31/2013,HLN,MT,ANM,WE,Combination Non-Radar Approach Control & Tower w/o Radar,5,11,9,0,25,0,3,20,3,26,5,14,29,3,51,4,20,24,75
11/01/2013,HLN,MT,ANM,WE,Combination Non-Radar Approach Control & Tower w/o Radar,4,14,7,0,25,0,0,27,27,54,4,14,34,27,79,34,24,58,137
11/02/2013,HLN,MT,ANM,WE,Combination Non-Radar Approach Control & Tower w/o Radar,5,10,3,0,18,0,0,21,22,43,5,10,24,22,61,38,10,48,109
11/03/2013,HLN,MT,ANM,WE,Combination Non-Radar Approach Control & Tower w/o Radar,4,12,2,0,18,0,0,5,0,5,4,12,7,0,23,30,0,30,53
11/04/2013,HLN,MT,ANM,WE,Combination Non-Radar Approach Control & Tower w/o Radar,3,11,9,1,24,0,0,8,2,10,3,11,17,3,34,22,2,24,58
11/05/2013,HLN,MT,ANM,WE,Combination Non-Radar Approach Control & Tower w/o Radar,5,11,3,0,19,0,0,28,22,50,5,11,31,22,69,6,20,26,95
11/06/2013,HLN,MT,ANM,WE,Combination Non-Radar Approach Control & Tower w/o Radar,4,11,5,2,22,0,0,23,0,23,4,11,28,2,45,8,0,8,53
11/07/2013,HLN,MT,ANM,WE,Combination Non-Radar Approach Control & Tower w/o Radar,5,14,8,0,27,0,0,11,8,19,5,14,19,8,46,44,8,52,98
11/08/2013,HLN,MT,ANM,WE,Combination Non-Radar Approach Control & Tower w/o Radar,4,13,6,2,25,0,0,10,15,25,4,13,16,17,50,12,4,16,66
11/09/2013,HLN,MT,ANM,WE,Combination Non-Radar Approach Control & Tower w/o Radar,6,9,4,0,19,0,0,47,0,47,6,9,51,0,66,94,0,94,160
11/10/2013,HLN,MT,ANM,WE,Combination Non-Radar Approach Control & Tower w/o Radar,4,8,0,0,12,0,0,20,0,20,4,8,20,0,32,36,0,36,68
11/11/2013,HLN,MT,ANM,WE,Combination Non-Radar Approach Control & Tower w/o Radar,4,11,7,0,22,0,0,22,0,22,4,11,29,0,44,32,0,32,76
11/12/2013,HLN,MT,ANM,WE,Combination Non-Radar Approach Control & Tower w/o Radar,4,13,7,0,24,0,0,37,11,48,4,13,44,11,72,70,2,72,144
11/13/2013,HLN,MT,ANM,WE,Combination Non-Radar Approach Control & Tower w/o Radar,4,10,3,1,18,0,1,22,9,32,4,11,25,10,50,44,0,44,94
11/14/2013,HLN,MT,ANM,WE,Combination Non-Radar Approach Control & Tower w/o Radar,4,15,8,1,28,0,0,29,11,40,4,15,37,12,68,30,4,34,102
11/15/2013,HLN,MT,ANM,WE,Combination Non-Radar Approach Control & Tower w/o Radar,3,12,10,1,26,0,0,5,8,13,3,12,15,9,39,2,4,6,45
11/16/2013,HLN,MT,ANM,WE,Combination Non-Radar Approach Control & Tower w/o Radar,5,11,1,0,17,0,0,8,15,23,5,11,9,15,40,22,4,26,66
11/17/2013,HLN,MT,ANM,WE,Combination Non-Radar Approach Control & Tower w/o Radar,3,7,0,0,10,0,0,0,0,0,3,7,0,0,10,0,0,0,10
11/18/2013,HLN,MT,ANM,WE,Combination Non-Radar Approach Control & Tower w/o Radar,4,11,5,0,20,0,0,18,4,22,4,11,23,4,42,78,4,82,124
11/19/2013,HLN,MT,ANM,WE,Combination Non-Radar Approach Control & Tower w/o Radar,4,11,6,2,23,0,0,18,13,31,4,11,24,15,54,6,22,28,82
11/20/2013,HLN,MT,ANM,WE,Combination Non-Radar Approach Control & Tower w/o Radar,6,11,0,2,19,0,0,1,9,10,6,11,1,11,29,0,24,24,53
11/21/2013,HLN,MT,ANM,WE,Combination Non-Radar Approach Control & Tower w/o Radar,4,13,5,1,23,0,2,14,15,31,4,15,19,16,54,76,22,98,152
11/22/2013,HLN,MT,ANM,WE,Combination Non-Radar Approach Control & Tower w/o Radar,5,14,10,0,29,0,0,38,9,47,5,14,48,9,76,10,8,18,94
11/23/2013,HLN,MT,ANM,WE,Combination Non-Radar Approach Control & Tower w/o Radar,6,11,3,0,20,0,0,30,0,30,6,11,33,0,50,50,0,50,100
11/24/2013,HLN,MT,ANM,WE,Combination Non-Radar Approach Control & Tower w/o Radar,4,8,5,0,17,0,0,30,0,30,4,8,35,0,47,30,0,30,77
11/25/2013,HLN,MT,ANM,WE,Combination Non-Radar Approach Control & Tower w/o Radar,4,9,8,0,21,0,0,39,15,54,4,9,47,15,75,34,8,42,117
11/26/2013,HLN,MT,ANM,WE,Combination Non-Radar Approach Control & Tower w/o Radar,2,15,11,0,28,0,0,48,5,53,2,15,59,5,81,82,0,82,163
11/27/2013,HLN,MT,ANM,WE,Combination Non-Radar Approach Control & Tower w/o Radar,4,12,4,0,20,0,0,35,4,39,4,12,39,4,59,70,4,74,133
11/28/2013,HLN,MT,ANM,WE,Combination Non-Radar Approach Control & Tower w/o Radar,4,5,1,0,10,0,0,8,0,8,4,5,9,0,18,0,0,0,18
11/29/2013,HLN,MT,ANM,WE,Combination Non-Radar Approach Control & Tower w/o Radar,4,10,3,0,17,0,0,26,0,26,4,10,29,0,43,58,0,58,101
11/30/2013,HLN,MT,ANM,WE,Combination Non-Radar Approach Control & Tower w/o Radar,5,12,5,0,22,0,0,24,0,24,5,12,29,0,46,2,0,2,48
12/01/2013,HLN,MT,ANM,WE,Combination Non-Radar Approach Control & Tower w/o Radar,4,10,1,0,15,0,0,3,0,3,4,10,4,0,18,0,0,0,18
12/02/2013,HLN,MT,ANM,WE,Combination Non-Radar Approach Control & Tower w/o Radar,5,12,3,0,20,0,0,0,0,0,5,12,3,0,20,0,0,0,20
12/03/2013,HLN,MT,ANM,WE,Combination Non-Radar Approach Control & Tower w/o Radar,5,11,5,1,22,0,0,0,2,2,5,11,5,3,24,0,4,4,28
12/04/2013,HLN,MT,ANM,WE,Combination Non-Radar Approach Control & Tower w/o Radar,5,12,13,2,32,0,0,0,2,2,5,12,13,4,34,0,0,0,34
12/05/2013,HLN,MT,ANM,WE,Combination Non-Radar Approach Control & Tower w/o Radar,5,13,11,0,29,0,0,8,9,17,5,13,19,9,46,0,28,28,74
12/06/2013,HLN,MT,ANM,WE,Combination Non-Radar Approach Control & Tower w/o Radar,7,12,7,9,35,0,2,5,4,11,7,14,12,13,46,0,2,2,48
12/07/2013,HLN,MT,ANM,WE,Combination Non-Radar Approach Control & Tower w/o Radar,7,8,0,0,15,0,0,0,0,0,7,8,0,0,15,0,0,0,15
12/08/2013,HLN,MT,ANM,WE,Combination Non-Radar Approach Control & Tower w/o Radar,5,6,4,0,15,0,0,0,0,0,5,6,4,0,15,0,0,0,15
12/09/2013,HLN,MT,ANM,WE,Combination Non-Radar Approach Control & Tower w/o Radar,5,12,7,2,26,0,0,0,24,24,5,12,7,26,50,8,50,58,108
12/10/2013,HLN,MT,ANM,WE,Combination Non-Radar Approach Control & Tower w/o Radar,5,11,4,1,21,0,0,4,18,22,5,11,8,19,43,18,24,42,85
12/11/2013,HLN,MT,ANM,WE,Combination Non-Radar Approach Control & Tower w/o Radar,5,11,3,1,20,0,0,24,11,35,5,11,27,12,55,38,0,38,93
12/12/2013,HLN,MT,ANM,WE,Combination Non-Radar Approach Control & Tower w/o Radar,5,9,7,2,23,0,0,42,5,47,5,9,49,7,70,121,8,129,199
12/13/2013,HLN,MT,ANM,WE,Combination Non-Radar Approach Control & Tower w/o Radar,5,15,6,4,30,0,3,17,2,22,5,18,23,6,52,20,0,20,72
12/14/2013,HLN,MT,ANM,WE,Combination Non-Radar Approach Control & Tower w/o Radar,5,11,1,0,17,0,0,18,0,18,5,11,19,0,35,4,0,4,39
12/15/2013,HLN,MT,ANM,WE,Combination Non-Radar Approach Control & Tower w/o Radar,5,9,4,0,18,0,0,7,0,7,5,9,11,0,25,6,0,6,31
12/16/2013,HLN,MT,ANM,WE,Combination Non-Radar Approach Control & Tower w/o Radar,4,12,4,0,20,0,0,18,6,24,4,12,22,6,44,58,0,58,102
12/17/2013,HLN,MT,ANM,WE,Combination Non-Radar Approach Control & Tower w/o Radar,5,10,4,0,19,0,4,39,12,55,5,14,43,12,74,74,4,78,152
12/18/2013,HLN,MT,ANM,WE,Combination Non-Radar Approach Control & Tower w/o Radar,5,17,4,0,26,0,0,23,8,31,5,17,27,8,57,86,0,86,143
12/19/2013,HLN,MT,ANM,WE,Combination Non-Radar Approach Control & Tower w/o Radar,4,12,3,0,19,0,0,11,10,21,4,12,14,10,40,8,6,14,54
12/20/2013,HLN,MT,ANM,WE,Combination Non-Radar Approach Control & Tower w/o Radar,4,20,5,0,29,0,0,20,11,31,4,20,25,11,60,14,0,14,74
12/21/2013,HLN,MT,ANM,WE,Combination Non-Radar Approach Control & Tower w/o Radar,5,13,4,2,24,0,0,5,0,5,5,13,9,2,29,20,0,20,49
12/22/2013,HLN,MT,ANM,WE,Combination Non-Radar Approach Control & Tower w/o Radar,5,9,1,0,15,0,0,6,0,6,5,9,7,0,21,10,0,10,31
12/23/2013,HLN,MT,ANM,WE,Combination Non-Radar Approach Control & Tower w/o Radar,5,10,7,0,22,0,0,13,9,22,5,10,20,9,44,26,4,30,74
12/24/2013,HLN,MT,ANM,WE,Combination Non-Radar Approach Control & Tower w/o Radar,4,9,0,0,13,0,1,1,0,2,4,10,1,0,15,0,0,0,15
12/25/2013,HLN,MT,ANM,WE,Combination Non-Radar Approach Control & Tower w/o Radar,5,5,0,0,10,0,0,7,0,7,5,5,7,0,17,6,0,6,23
12/26/2013,HLN,MT,ANM,WE,Combination Non-Radar Approach Control & Tower w/o Radar,4,18,3,0,25,0,0,14,0,14,4,18,17,0,39,2,0,2,41
12/27/2013,HLN,MT,ANM,WE,Combination Non-Radar Approach Control & Tower w/o Radar,4,15,5,0,24,0,1,29,1,31,4,16,34,1,55,54,0,54,109
12/28/2013,HLN,MT,ANM,WE,Combination Non-Radar Approach Control & Tower w/o Radar,4,11,0,0,15,0,3,0,0,3,4,14,0,0,18,22,0,22,40
12/29/2013,HLN,MT,ANM,WE,Combination Non-Radar Approach Control & Tower w/o Radar,4,10,0,0,14,0,0,2,0,2,4,10,2,0,16,6,0,6,22
12/30/2013,HLN,MT,ANM,WE,Combination Non-Radar Approach Control & Tower w/o Radar,5,12,2,0,19,0,2,20,2,24,5,14,22,2,43,26,0,26,69
12/31/2013,HLN,MT,ANM,WE,Combination Non-Radar Approach Control & Tower w/o Radar,5,12,5,0,22,0,0,5,8,13,5,12,10,8,35,16,12,28,63
01/01/2014,HLN,MT,ANM,WE,Combination Non-Radar Approach Control & Tower w/o Radar,5,9,0,0,14,0,0,17,0,17,5,9,17,0,31,24,0,24,55
01/02/2014,HLN,MT,ANM,WE,Combination Non-Radar Approach Control & Tower w/o Radar,4,13,3,0,20,0,0,15,5,20,4,13,18,5,40,43,2,45,85
01/03/2014,HLN,MT,ANM,WE,Combination Non-Radar Approach Control & Tower w/o Radar,4,20,5,0,29,0,0,3,0,3,4,20,8,0,32,0,0,0,32
01/04/2014,HLN,MT,ANM,WE,Combination Non-Radar Approach Control & Tower w/o Radar,4,15,2,0,21,0,0,0,0,0,4,15,2,0,21,0,0,0,21
01/05/2014,HLN,MT,ANM,WE,Combination Non-Radar Approach Control & Tower w/o Radar,3,11,1,0,15,0,0,15,0,15,3,11,16,0,30,2,0,2,32
01/06/2014,HLN,MT,ANM,WE,Combination Non-Radar Approach Control & Tower w/o Radar,4,16,1,2,23,0,2,10,6,18,4,18,11,8,41,16,18,34,75
01/07/2014,HLN,MT,ANM,WE,Combination Non-Radar Approach Control & Tower w/o Radar,4,12,4,0,20,0,0,9,5,14,4,12,13,5,34,6,14,20,54
01/08/2014,HLN,MT,ANM,WE,Combination Non-Radar Approach Control & Tower w/o Radar,4,9,6,3,22,0,0,17,7,24,4,9,23,10,46,46,2,48,94
01/09/2014,HLN,MT,ANM,WE,Combination Non-Radar Approach Control & Tower w/o Radar,5,14,8,0,27,0,0,13,13,26,5,14,21,13,53,4,12,16,69
01/10/2014,HLN,MT,ANM,WE,Combination Non-Radar Approach Control & Tower w/o Radar,5,18,2,0,25,0,0,7,2,9,5,18,9,2,34,0,0,0,34
01/11/2014,HLN,MT,ANM,WE,Combination Non-Radar Approach Control & Tower w/o Radar,5,9,1,0,15,0,0,0,0,0,5,9,1,0,15,0,0,0,15
01/12/2014,HLN,MT,ANM,WE,Combination Non-Radar Approach Control & Tower w/o Radar,5,11,0,0,16,0,0,0,0,0,5,11,0,0,16,0,0,0,16
01/13/2014,HLN,MT,ANM,WE,Combination Non-Radar Approach Control & Tower w/o Radar,5,12,9,0,26,0,0,1,0,1,5,12,10,0,27,0,0,0,27
01/14/2014,HLN,MT,ANM,WE,Combination Non-Radar Approach Control & Tower w/o Radar,4,10,7,1,22,0,1,15,17,33,4,11,22,18,55,2,8,10,65
01/15/2014,HLN,MT,ANM,WE,Combination Non-Radar Approach Control & Tower w/o Radar,4,8,5,1,18,0,0,17,14,31,4,8,22,15,49,30,8,38,87
01/16/2014,HLN,MT,ANM,WE,Combination Non-Radar Approach Control & Tower w/o Radar,5,18,4,1,28,0,0,35,12,47,5,18,39,13,75,32,18,50,125
01/17/2014,HLN,MT,ANM,WE,Combination Non-Radar Approach Control & Tower w/o Radar,5,14,7,0,26,0,0,41,6,47,5,14,48,6,73,46,4,50,123
01/18/2014,HLN,MT,ANM,WE,Combination Non-Radar Approach Control & Tower w/o Radar,5,10,0,0,15,0,0,67,0,67,5,10,67,0,82,128,0,128,210
01/19/2014,HLN,MT,ANM,WE,Combination Non-Radar Approach Control & Tower w/o Radar,5,10,1,0,16,0,0,42,1,43,5,10,43,1,59,136,0,136,195
01/20/2014,HLN,MT,ANM,WE,Combination Non-Radar Approach Control & Tower w/o Radar,5,10,2,0,17,0,0,45,0,45,5,10,47,0,62,106,0,106,168
01/21/2014,HLN,MT,ANM,WE,Combination Non-Radar Approach Control & Tower w/o Radar,4,12,10,0,26,0,1,42,1,44,4,13,52,1,70,82,0,82,152
01/22/2014,HLN,MT,ANM,WE,Combination Non-Radar Approach Control & Tower w/o Radar,2,11,10,0,23,0,0,0,0,0,2,11,10,0,23,0,0,0,23
01/23/2014,HLN,MT,ANM,WE,Combination Non-Radar Approach Control & Tower w/o Radar,5,14,6,0,25,0,1,20,9,30,5,15,26,9,55,80,0,80,135
01/24/2014,HLN,MT,ANM,WE,Combination Non-Radar Approach Control & Tower w/o Radar,5,15,15,2,37,0,0,41,13,54,5,15,56,15,91,114,18,132,223
01/25/2014,HLN,MT,ANM,WE,Combination Non-Radar Approach Control & Tower w/o Radar,5,11,0,1,17,0,0,33,5,38,5,11,33,6,55,90,14,104,159
01/26/2014,HLN,MT,ANM,WE,Combination Non-Radar Approach Control & Tower w/o Radar,5,10,1,1,17,0,0,0,0,0,5,10,1,1,17,0,0,0,17
01/27/2014,HLN,MT,ANM,WE,Combination Non-Radar Approach Control & Tower w/o Radar,5,13,0,1,19,0,2,24,3,29,5,15,24,4,48,56,0,56,104
01/28/2014,HLN,MT,ANM,WE,Combination Non-Radar Approach Control & Tower w/o Radar,4,8,2,0,14,0,0,38,4,42,4,8,40,4,56,28,6,34,90
01/29/2014,HLN,MT,ANM,WE,Combination Non-Radar Approach Control & Tower w/o Radar,4,16,12,0,32,0,0,3,0,3,4,16,15,0,35,2,4,6,41
01/30/2014,HLN,MT,ANM,WE,Combination Non-Radar Approach Control & Tower w/o Radar,4,16,6,0,26,0,0,16,15,31,4,16,22,15,57,12,38,50,107
01/31/2014,HLN,MT,ANM,WE,Combination Non-Radar Approach Control & Tower w/o Radar,7,15,5,0,27,0,0,8,4,12,7,15,13,4,39,10,30,40,79
02/01/2014,HLN,MT,ANM,WE,Combination Non-Radar Approach Control & Tower w/o Radar,5,10,3,0,18,0,0,28,0,28,5,10,31,0,46,34,0,34,80
02/02/2014,HLN,MT,ANM,WE,Combination Non-Radar Approach Control & Tower w/o Radar,5,7,0,0,12,0,0,7,0,7,5,7,7,0,19,44,0,44,63
02/03/2014,HLN,MT,ANM,WE,Combination Non-Radar Approach Control & Tower w/o Radar,7,12,3,0,22,0,0,0,1,1,7,12,3,1,23,0,4,4,27
02/04/2014,HLN,MT,ANM,WE,Combination Non-Radar Approach Control & Tower w/o Radar,4,12,7,2,25,0,2,4,4,10,4,14,11,6,35,4,24,28,63
02/05/2014,HLN,MT,ANM,WE,Combination Non-Radar Approach Control & Tower w/o Radar,3,13,6,0,22,0,1,14,4,19,3,14,20,4,41,2,20,22,63
02/06/2014,HLN,MT,ANM,WE,Combination Non-Radar Approach Control & Tower w/o Radar,4,12,9,0,25,0,0,18,7,25,4,12,27,7,50,14,10,24,74
02/07/2014,HLN,MT,ANM,WE,Combination Non-Radar Approach Control & Tower w/o Radar,5,13,3,0,21,0,0,3,17,20,5,13,6,17,41,0,52,52,93
02/08/2014,HLN,MT,ANM,WE,Combination Non-Radar Approach Control & Tower w/o Radar,7,11,2,0,20,0,0,0,16,16,7,11,2,16,36,0,4,4,40
02/09/2014,HLN,MT,ANM,WE,Combination Non-Radar Approach Control & Tower w/o Radar,4,13,2,2,21,0,0,5,0,5,4,13,7,2,26,0,0,0,26
02/10/2014,HLN,MT,ANM,WE,Combination Non-Radar Approach Control & Tower w/o Radar,5,11,7,0,23,0,0,21,6,27,5,11,28,6,50,54,8,62,112
02/11/2014,HLN,MT,ANM,WE,Combination Non-Radar Approach Control & Tower w/o Radar,4,13,9,0,26,0,1,6,0,7,4,14,15,0,33,4,0,4,37
02/12/2014,HLN,MT,ANM,WE,Combination Non-Radar Approach Control & Tower w/o Radar,4,9,2,1,16,0,0,14,0,14,4,9,16,1,30,22,0,22,52
02/13/2014,HLN,MT,ANM,WE,Combination Non-Radar Approach Control & Tower w/o Radar,4,16,3,0,23,0,0,3,0,3,4,16,6,0,26,4,0,4,30
02/14/2014,HLN,MT,ANM,WE,Combination Non-Radar Approach Control & Tower w/o Radar,4,16,5,2,27,0,0,15,8,23,4,16,20,10,50,42,10,52,102
02/15/2014,HLN,MT,ANM,WE,Combination Non-Radar Approach Control & Tower w/o Radar,4,9,11,0,24,0,0,33,0,33,4,9,44,0,57,66,0,66,123
02/16/2014,HLN,MT,ANM,WE,Combination Non-Radar Approach Control & Tower w/o Radar,4,11,2,0,17,0,0,2,0,2,4,11,4,0,19,0,0,0,19
02/17/2014,HLN,MT,ANM,WE,Combination Non-Radar Approach Control & Tower w/o Radar,5,11,5,0,21,0,0,6,0,6,5,11,11,0,27,8,0,8,35
02/18/2014,HLN,MT,ANM,WE,Combination Non-Radar Approach Control & Tower w/o Radar,4,11,8,0,23,0,0,14,7,21,4,11,22,7,44,39,12,51,95
02/19/2014,HLN,MT,ANM,WE,Combination Non-Radar Approach Control & Tower w/o Radar,4,11,9,0,24,0,0,2,5,7,4,11,11,5,31,2,40,42,73
02/20/2014,HLN,MT,ANM,WE,Combination Non-Radar Approach Control & Tower w/o Radar,5,14,4,0,23,0,0,31,8,39,5,14,35,8,62,64,32,96,158
02/21/2014,HLN,MT,ANM,WE,Combination Non-Radar Approach Control & Tower w/o Radar,5,11,6,0,22,0,0,1,4,5,5,11,7,4,27,0,56,56,83
02/22/2014,HLN,MT,ANM,WE,Combination Non-Radar Approach Control & Tower w/o Radar,5,9,2,0,16,0,0,10,17,27,5,9,12,17,43,34,8,42,85
02/23/2014,HLN,MT,ANM,WE,Combination Non-Radar Approach Control & Tower w/o Radar,4,9,1,0,14,0,0,0,0,0,4,9,1,0,14,0,0,0,14
02/24/2014,HLN,MT,ANM,WE,Combination Non-Radar Approach Control & Tower w/o Radar,3,13,9,0,25,0,0,2,0,2,3,13,11,0,27,0,0,0,27
02/25/2014,HLN,MT,ANM,WE,Combination Non-Radar Approach Control & Tower w/o Radar,3,11,9,0,23,0,0,21,10,31,3,11,30,10,54,28,4,32,86
02/26/2014,HLN,MT,ANM,WE,Combination Non-Radar Approach Control & Tower w/o Radar,4,10,7,2,23,0,0,35,14,49,4,10,42,16,72,56,24,80,152
02/27/2014,HLN,MT,ANM,WE,Combination Non-Radar Approach Control & Tower w/o Radar,5,15,11,0,31,0,0,13,6,19,5,15,24,6,50,24,24,48,98
02/28/2014,HLN,MT,ANM,WE,Combination Non-Radar Approach Control & Tower w/o Radar,5,20,4,0,29,0,0,0,0,0,5,20,4,0,29,0,0,0,29
03/01/2014,HLN,MT,ANM,WE,Combination Non-Radar Approach Control & Tower w/o Radar,5,10,1,0,16,0,0,0,0,0,5,10,1,0,16,0,0,0,16
03/02/2014,HLN,MT,ANM,WE,Combination Non-Radar Approach Control & Tower w/o Radar,5,9,0,3,17,0,0,7,5,12,5,9,7,8,29,4,16,20,49
03/03/2014,HLN,MT,ANM,WE,Combination Non-Radar Approach Control & Tower w/o Radar,4,14,13,1,32,0,0,15,9,24,4,14,28,10,56,24,4,28,84
03/04/2014,HLN,MT,ANM,WE,Combination Non-Radar Approach Control & Tower w/o Radar,4,18,7,1,30,0,0,22,15,37,4,18,29,16,67,16,6,22,89
03/05/2014,HLN,MT,ANM,WE,Combination Non-Radar Approach Control & Tower w/o Radar,3,19,5,2,29,0,0,32,0,32,3,19,37,2,61,46,0,46,107
03/06/2014,HLN,MT,ANM,WE,Combination Non-Radar Approach Control & Tower w/o Radar,5,12,8,0,25,0,0,13,8,21,5,12,21,8,46,12,24,36,82
03/07/2014,HLN,MT,ANM,WE,Combination Non-Radar Approach Control & Tower w/o Radar,4,13,5,0,22,0,0,11,11,22,4,13,16,11,44,26,0,26,70
03/08/2014,HLN,MT,ANM,WE,Combination Non-Radar Approach Control & Tower w/o Radar,4,12,3,2,21,0,0,34,0,34,4,12,37,2,55,119,0,119,174
03/09/2014,HLN,MT,ANM,WE,Combination Non-Radar Approach Control & Tower w/o Radar,4,12,0,0,16,0,0,4,1,5,4,12,4,1,21,16,0,16,37
03/10/2014,HLN,MT,ANM,WE,Combination Non-Radar Approach Control & Tower w/o Radar,3,17,6,0,26,0,0,1,5,6,3,17,7,5,32,4,16,20,52
03/11/2014,HLN,MT,ANM,WE,Combination Non-Radar Approach Control & Tower w/o Radar,4,17,5,0,26,0,0,25,6,31,4,17,30,6,57,82,2,84,141
03/12/2014,HLN,MT,ANM,WE,Combination Non-Radar Approach Control & Tower w/o Radar,4,11,4,0,19,0,0,40,11,51,4,11,44,11,70,104,8,112,182
03/13/2014,HLN,MT,ANM,WE,Combination Non-Radar Approach Control & Tower w/o Radar,5,13,5,0,23,0,0,28,9,37,5,13,33,9,60,28,0,28,88
03/14/2014,HLN,MT,ANM,WE,Combination Non-Radar Approach Control & Tower w/o Radar,3,20,9,6,38,0,0,25,21,46,3,20,34,27,84,18,0,18,102
03/15/2014,HLN,MT,ANM,WE,Combination Non-Radar Approach Control & Tower w/o Radar,3,10,2,0,15,0,2,10,8,20,3,12,12,8,35,6,8,14,49
03/16/2014,HLN,MT,ANM,WE,Combination Non-Radar Approach Control & Tower w/o Radar,7,10,2,0,19,0,0,7,0,7,7,10,9,0,26,6,0,6,32
03/17/2014,HLN,MT,ANM,WE,Combination Non-Radar Approach Control & Tower w/o Radar,5,9,5,1,20,0,0,9,1,10,5,9,14,2,30,0,0,0,30
03/18/2014,HLN,MT,ANM,WE,Combination Non-Radar Approach Control & Tower w/o Radar,5,13,6,2,26,0,0,9,12,21,5,13,15,14,47,74,6,80,127
03/19/2014,HLN,MT,ANM,WE,Combination Non-Radar Approach Control & Tower w/o Radar,5,13,9,2,29,0,0,33,10,43,5,13,42,12,72,20,12,32,104
03/20/2014,HLN,MT,ANM,WE,Combination Non-Radar Approach Control & Tower w/o Radar,5,13,0,0,18,0,0,15,11,26,5,13,15,11,44,14,36,50,94
03/21/2014,HLN,MT,ANM,WE,Combination Non-Radar Approach Control & Tower w/o Radar,4,11,8,0,23,0,0,12,11,23,4,11,20,11,46,6,0,6,52
03/22/2014,HLN,MT,ANM,WE,Combination Non-Radar Approach Control & Tower w/o Radar,3,10,1,0,14,0,0,25,0,25,3,10,26,0,39,64,0,64,103
03/23/2014,HLN,MT,ANM,WE,Combination Non-Radar Approach Control & Tower w/o Radar,5,11,0,0,16,0,0,3,0,3,5,11,3,0,19,30,0,30,49
03/24/2014,HLN,MT,ANM,WE,Combination Non-Radar Approach Control & Tower w/o Radar,4,13,11,4,32,0,0,14,7,21,4,13,25,11,53,26,10,36,89
03/25/2014,HLN,MT,ANM,WE,Combination Non-Radar Approach Control & Tower w/o Radar,4,13,13,2,32,0,0,47,9,56,4,13,60,11,88,89,10,99,187
03/26/2014,HLN,MT,ANM,WE,Combination Non-Radar Approach Control & Tower w/o Radar,6,15,5,1,27,0,0,28,14,42,6,15,33,15,69,29,4,33,102
03/27/2014,HLN,MT,ANM,WE,Combination Non-Radar Approach Control & Tower w/o Radar,4,17,1,1,23,0,0,1,7,8,4,17,2,8,31,14,24,38,69
03/28/2014,HLN,MT,ANM,WE,Combination Non-Radar Approach Control & Tower w/o Radar,5,19,8,0,32,0,0,16,25,41,5,19,24,25,73,6,8,14,87
03/29/2014,HLN,MT,ANM,WE,Combination Non-Radar Approach Control & Tower w/o Radar,3,11,1,0,15,0,0,4,0,4,3,11,5,0,19,0,0,0,19
03/30/2014,HLN,MT,ANM,WE,Combination Non-Radar Approach Control & Tower w/o Radar,4,9,0,0,13,0,0,3,0,3,4,9,3,0,16,0,0,0,16
03/31/2014,HLN,MT,ANM,WE,Combination Non-Radar Approach Control & Tower w/o Radar,5,11,3,0,19,0,0,12,7,19,5,11,15,7,38,34,0,34,72
04/01/2014,HLN,MT,ANM,WE,Combination Non-Radar Approach Control & Tower w/o Radar,5,13,5,0,23,0,0,16,19,35,5,13,21,19,58,84,6,90,148
04/02/2014,HLN,MT,ANM,WE,Combination Non-Radar Approach Control & Tower w/o Radar,5,10,6,0,21,0,0,34,14,48,5,10,40,14,69,48,0,48,117
04/03/2014,HLN,MT,ANM,WE,Combination Non-Radar Approach Control & Tower w/o Radar,7,14,6,0,27,0,0,37,11,48,7,14,43,11,75,76,4,80,155
04/04/2014,HLN,MT,ANM,WE,Combination Non-Radar Approach Control & Tower w/o Radar,5,14,8,0,27,0,0,35,34,69,5,14,43,34,96,72,18,90,186
04/05/2014,HLN,MT,ANM,WE,Combination Non-Radar Approach Control & Tower w/o Radar,5,10,0,0,15,0,0,22,11,33,5,10,22,11,48,30,8,38,86
04/06/2014,HLN,MT,ANM,WE,Combination Non-Radar Approach Control & Tower w/o Radar,8,10,2,0,20,0,0,2,1,3,8,10,4,1,23,0,0,0,23
04/07/2014,HLN,MT,ANM,WE,Combination Non-Radar Approach Control & Tower w/o Radar,5,10,4,2,21,0,0,32,5,37,5,10,36,7,58,52,2,54,112
04/08/2014,HLN,MT,ANM,WE,Combination Non-Radar Approach Control & Tower w/o Radar,5,10,10,0,25,0,0,76,10,86,5,10,86,10,111,78,0,78,189
04/09/2014,HLN,MT,ANM,WE,Combination Non-Radar Approach Control & Tower w/o Radar,5,11,10,2,28,0,0,26,14,40,5,11,36,16,68,8,16,24,92
04/10/2014,HLN,MT,ANM,WE,Combination Non-Radar Approach Control & Tower w/o Radar,5,12,3,0,20,0,0,36,7,43,5,12,39,7,63,16,0,16,79
04/11/2014,HLN,MT,ANM,WE,Combination Non-Radar Approach Control & Tower w/o Radar,5,11,10,1,27,0,0,37,12,49,5,11,47,13,76,44,2,46,122
04/12/2014,HLN,MT,ANM,WE,Combination Non-Radar Approach Control & Tower w/o Radar,5,10,3,0,18,0,0,0,8,8,5,10,3,8,26,0,6,6,32
04/13/2014,HLN,MT,ANM,WE,Combination Non-Radar Approach Control & Tower w/o Radar,5,9,1,0,15,0,0,27,0,27,5,9,28,0,42,44,0,44,86
04/14/2014,HLN,MT,ANM,WE,Combination Non-Radar Approach Control & Tower w/o Radar,6,12,7,3,28,0,0,58,11,69,6,12,65,14,97,59,0,59,156
04/15/2014,HLN,MT,ANM,WE,Combination Non-Radar Approach Control & Tower w/o Radar,5,14,4,0,23,0,1,18,13,32,5,15,22,13,55,38,4,42,97
04/16/2014,HLN,MT,ANM,WE,Combination Non-Radar Approach Control & Tower w/o Radar,3,13,5,0,21,0,1,16,15,32,3,14,21,15,53,42,2,44,97
04/17/2014,HLN,MT,ANM,WE,Combination Non-Radar Approach Control & Tower w/o Radar,5,13,4,0,22,0,0,31,10,41,5,13,35,10,63,28,2,30,93
04/18/2014,HLN,MT,ANM,WE,Combination Non-Radar Approach Control & Tower w/o Radar,5,13,5,0,23,0,1,6,5,12,5,14,11,5,35,8,0,8,43
04/19/2014,HLN,MT,ANM,WE,Combination Non-Radar Approach Control & Tower w/o Radar,5,8,1,0,14,0,0,42,2,44,5,8,43,2,58,40,0,40,98
04/20/2014,HLN,MT,ANM,WE,Combination Non-Radar Approach Control & Tower w/o Radar,5,10,0,0,15,0,0,0,0,0,5,10,0,0,15,0,0,0,15
04/21/2014,HLN,MT,ANM,WE,Combination Non-Radar Approach Control & Tower w/o Radar,5,12,1,1,19,0,0,53,6,59,5,12,54,7,78,32,2,34,112
04/22/2014,HLN,MT,ANM,WE,Combination Non-Radar Approach Control & Tower w/o Radar,5,12,5,1,23,0,0,17,13,30,5,12,22,14,53,90,12,102,155
04/23/2014,HLN,MT,ANM,WE,Combination Non-Radar Approach Control & Tower w/o Radar,5,15,5,0,25,0,0,6,15,21,5,15,11,15,46,0,20,20,66
04/24/2014,HLN,MT,ANM,WE,Combination Non-Radar Approach Control & Tower w/o Radar,5,15,9,0,29,0,0,23,14,37,5,15,32,14,66,38,2,40,106
04/25/2014,HLN,MT,ANM,WE,Combination Non-Radar Approach Control & Tower w/o Radar,5,15,10,3,33,0,0,26,12,38,5,15,36,15,71,62,14,76,147
04/26/2014,HLN,MT,ANM,WE,Combination Non-Radar Approach Control & Tower w/o Radar,5,10,4,0,19,0,0,6,0,6,5,10,10,0,25,22,0,22,47
04/27/2014,HLN,MT,ANM,WE,Combination Non-Radar Approach Control & Tower w/o Radar,5,9,7,2,23,0,0,23,0,23,5,9,30,2,46,60,0,60,106
04/28/2014,HLN,MT,ANM,WE,Combination Non-Radar Approach Control & Tower w/o Radar,4,14,13,0,31,0,0,17,4,21,4,14,30,4,52,4,0,4,56
04/29/2014,HLN,MT,ANM,WE,Combination Non-Radar Approach Control & Tower w/o Radar,5,12,7,0,24,0,0,39,10,49,5,12,46,10,73,26,2,28,101
04/30/2014,HLN,MT,ANM,WE,Combination Non-Radar Approach Control & Tower w/o Radar,5,10,7,0,22,0,0,77,12,89,5,10,84,12,111,52,2,54,165
05/01/2014,HLN,MT,ANM,WE,Combination Non-Radar Approach Control & Tower w/o Radar,5,14,5,0,24,0,0,63,11,74,5,14,68,11,98,104,8,112,210
05/02/2014,HLN,MT,ANM,WE,Combination Non-Radar Approach Control & Tower w/o Radar,6,13,2,0,21,0,0,34,25,59,6,13,36,25,80,48,18,66,146
05/03/2014,HLN,MT,ANM,WE,Combination Non-Radar Approach Control & Tower w/o Radar,5,10,2,0,17,0,0,11,11,22,5,10,13,11,39,4,8,12,51
05/04/2014,HLN,MT,ANM,WE,Combination Non-Radar Approach Control & Tower w/o Radar,5,9,5,1,20,0,0,15,0,15,5,9,20,1,35,40,0,40,75
05/05/2014,HLN,MT,ANM,WE,Combination Non-Radar Approach Control & Tower w/o Radar,5,13,4,1,23,0,0,26,12,38,5,13,30,13,61,32,6,38,99
05/06/2014,HLN,MT,ANM,WE,Combination Non-Radar Approach Control & Tower w/o Radar,5,15,7,0,27,0,0,22,18,40,5,15,29,18,67,24,0,24,91
05/07/2014,HLN,MT,ANM,WE,Combination Non-Radar Approach Control & Tower w/o Radar,5,15,15,0,35,0,1,14,0,15,5,16,29,0,50,78,0,78,128
05/08/2014,HLN,MT,ANM,WE,Combination Non-Radar Approach Control & Tower w/o Radar,5,16,6,4,31,0,0,62,9,71,5,16,68,13,102,82,16,98,200
05/09/2014,HLN,MT,ANM,WE,Combination Non-Radar Approach Control & Tower w/o Radar,5,17,4,0,26,0,1,13,9,23,5,18,17,9,49,34,6,40,89
05/10/2014,HLN,MT,ANM,WE,Combination Non-Radar Approach Control & Tower w/o Radar,5,15,4,0,24,0,1,23,2,26,5,16,27,2,50,32,0,32,82
05/11/2014,HLN,MT,ANM,WE,Combination Non-Radar Approach Control & Tower w/o Radar,5,10,1,2,18,0,0,0,0,0,5,10,1,2,18,0,0,0,18
05/12/2014,HLN,MT,ANM,WE,Combination Non-Radar Approach Control & Tower w/o Radar,5,10,5,0,20,0,1,47,15,63,5,11,52,15,83,24,8,32,115
05/13/2014,HLN,MT,ANM,WE,Combination Non-Radar Approach Control & Tower w/o Radar,5,15,6,0,26,0,0,53,17,70,5,15,59,17,96,64,0,64,160
05/14/2014,HLN,MT,ANM,WE,Combination Non-Radar Approach Control & Tower w/o Radar,5,13,12,0,30,0,0,43,20,63,5,13,55,20,93,46,4,50,143
05/15/2014,HLN,MT,ANM,WE,Combination Non-Radar Approach Control & Tower w/o Radar,5,15,8,3,31,0,0,32,14,46,5,15,40,17,77,34,8,42,119
05/16/2014,HLN,MT,ANM,WE,Combination Non-Radar Approach Control & Tower w/o Radar,5,16,5,2,28,0,0,17,7,24,5,16,22,9,52,64,2,66,118
05/17/2014,HLN,MT,ANM,WE,Combination Non-Radar Approach Control & Tower w/o Radar,5,9,3,0,17,0,0,18,4,22,5,9,21,4,39,33,18,51,90
05/18/2014,HLN,MT,ANM,WE,Combination Non-Radar Approach Control & Tower w/o Radar,5,10,1,0,16,0,0,5,0,5,5,10,6,0,21,12,0,12,33
05/19/2014,HLN,MT,ANM,WE,Combination Non-Radar Approach Control & Tower w/o Radar,6,10,9,3,28,0,0,14,19,33,6,10,23,22,61,50,2,52,113
05/20/2014,HLN,MT,ANM,WE,Combination Non-Radar Approach Control & Tower w/o Radar,5,16,3,0,24,0,0,36,16,52,5,16,39,16,76,78,2,80,156
05/21/2014,HLN,MT,ANM,WE,Combination Non-Radar Approach Control & Tower w/o Radar,4,11,5,0,20,0,0,67,6,73,4,11,72,6,93,88,0,88,181
05/22/2014,HLN,MT,ANM,WE,Combination Non-Radar Approach Control & Tower w/o Radar,5,13,5,0,23,0,0,52,11,63,5,13,57,11,86,78,0,78,164
05/23/2014,HLN,MT,ANM,WE,Combination Non-Radar Approach Control & Tower w/o Radar,5,12,6,0,23,0,0,58,15,73,5,12,64,15,96,62,0,62,158
05/24/2014,HLN,MT,ANM,WE,Combination Non-Radar Approach Control & Tower w/o Radar,5,11,1,0,17,0,0,25,0,25,5,11,26,0,42,34,0,34,76
05/25/2014,HLN,MT,ANM,WE,Combination Non-Radar Approach Control & Tower w/o Radar,5,5,0,0,10,0,0,25,0,25,5,5,25,0,35,42,0,42,77
05/26/2014,HLN,MT,ANM,WE,Combination Non-Radar Approach Control & Tower w/o Radar,5,8,5,2,20,0,0,41,0,41,5,8,46,2,61,52,0,52,113
05/27/2014,HLN,MT,ANM,WE,Combination Non-Radar Approach Control & Tower w/o Radar,5,13,8,0,26,0,7,36,11,54,5,20,44,11,80,50,4,54,134
05/28/2014,HLN,MT,ANM,WE,Combination Non-Radar Approach Control & Tower w/o Radar,5,12,9,0,26,0,0,26,9,35,5,12,35,9,61,48,0,48,109
05/29/2014,HLN,MT,ANM,WE,Combination Non-Radar Approach Control & Tower w/o Radar,5,15,6,0,26,0,0,42,16,58,5,15,48,16,84,16,0,16,100
05/30/2014,HLN,MT,ANM,WE,Combination Non-Radar Approach Control & Tower w/o Radar,5,15,16,0,36,0,2,52,20,74,5,17,68,20,110,58,14,72,182
05/31/2014,HLN,MT,ANM,WE,Combination Non-Radar Approach Control & Tower w/o Radar,5,10,0,0,15,0,0,23,9,32,5,10,23,9,47,84,0,84,131
06/01/2014,HLN,MT,ANM,WE,Combination Non-Radar Approach Control & Tower w/o Radar,5,9,1,1,16,0,0,14,17,31,5,9,15,18,47,48,0,48,95
06/02/2014,HLN,MT,ANM,WE,Combination Non-Radar Approach Control & Tower w/o Radar,5,12,5,1,23,0,0,39,19,58,5,12,44,20,81,46,0,46,127
06/03/2014,HLN,MT,ANM,WE,Combination Non-Radar Approach Control & Tower w/o Radar,5,15,7,0,27,0,0,19,17,36,5,15,26,17,63,5,0,5,68
06/04/2014,HLN,MT,ANM,WE,Combination Non-Radar Approach Control & Tower w/o Radar,5,12,2,0,19,0,0,21,13,34,5,12,23,13,53,22,8,30,83
06/05/2014,HLN,MT,ANM,WE,Combination Non-Radar Approach Control & Tower w/o Radar,5,15,8,2,30,0,1,43,16,60,5,16,51,18,90,16,0,16,106
06/06/2014,HLN,MT,ANM,WE,Combination Non-Radar Approach Control & Tower w/o Radar,4,13,10,2,29,0,0,38,31,69,4,13,48,33,98,43,0,43,141
06/07/2014,HLN,MT,ANM,WE,Combination Non-Radar Approach Control & Tower w/o Radar,4,10,1,1,16,0,0,35,9,44,4,10,36,10,60,28,14,42,102
06/08/2014,HLN,MT,ANM,WE,Combination Non-Radar Approach Control & Tower w/o Radar,5,8,2,3,18,0,0,31,31,62,5,8,33,34,80,40,8,48,128
06/09/2014,HLN,MT,ANM,WE,Combination Non-Radar Approach Control & Tower w/o Radar,6,15,7,2,30,0,0,35,11,46,6,15,42,13,76,54,12,66,142
06/10/2014,HLN,MT,ANM,WE,Combination Non-Radar Approach Control & Tower w/o Radar,4,17,5,0,26,0,2,58,17,77,4,19,63,17,103,68,0,68,171
06/11/2014,HLN,MT,ANM,WE,Combination Non-Radar Approach Control & Tower w/o Radar,4,16,10,0,30,0,0,39,18,57,4,16,49,18,87,62,8,70,157
06/12/2014,HLN,MT,ANM,WE,Combination Non-Radar Approach Control & Tower w/o Radar,4,16,5,0,25,0,0,34,15,49,4,16,39,15,74,32,0,32,106
06/13/2014,HLN,MT,ANM,WE,Combination Non-Radar Approach Control & Tower w/o Radar,5,14,9,1,29,0,0,29,2,31,5,14,38,3,60,54,0,54,114
06/14/2014,HLN,MT,ANM,WE,Combination Non-Radar Approach Control & Tower w/o Radar,6,8,3,0,17,0,0,10,0,10,6,8,13,0,27,0,0,0,27
06/15/2014,HLN,MT,ANM,WE,Combination Non-Radar Approach Control & Tower w/o Radar,7,8,2,0,17,0,0,24,0,24,7,8,26,0,41,14,0,14,55
06/16/2014,HLN,MT,ANM,WE,Combination Non-Radar Approach Control & Tower w/o Radar,4,14,5,2,25,0,0,19,5,24,4,14,24,7,49,56,0,56,105
06/17/2014,HLN,MT,ANM,WE,Combination Non-Radar Approach Control & Tower w/o Radar,5,14,9,0,28,0,0,3,10,13,5,14,12,10,41,0,0,0,41
06/18/2014,HLN,MT,ANM,WE,Combination Non-Radar Approach Control & Tower w/o Radar,5,21,3,2,31,0,0,11,6,17,5,21,14,8,48,66,12,78,126
06/19/2014,HLN,MT,ANM,WE,Combination Non-Radar Approach Control & Tower w/o Radar,5,12,7,0,24,0,0,34,9,43,5,12,41,9,67,55,0,55,122
06/20/2014,HLN,MT,ANM,WE,Combination Non-Radar Approach Control & Tower w/o Radar,4,14,9,0,27,0,0,44,13,57,4,14,53,13,84,98,2,100,184
06/21/2014,HLN,MT,ANM,WE,Combination Non-Radar Approach Control & Tower w/o Radar,7,6,3,0,16,0,0,48,2,50,7,6,51,2,66,90,0,90,156
06/22/2014,HLN,MT,ANM,WE,Combination Non-Radar Approach Control & Tower w/o Radar,4,11,6,0,21,0,0,41,0,41,4,11,47,0,62,58,0,58,120
06/23/2014,HLN,MT,ANM,WE,Combination Non-Radar Approach Control & Tower w/o Radar,5,9,8,0,22,0,0,40,4,44,5,9,48,4,66,50,2,52,118
06/24/2014,HLN,MT,ANM,WE,Combination Non-Radar Approach Control & Tower w/o Radar,6,15,5,0,26,0,0,54,5,59,6,15,59,5,85,56,0,56,141
06/25/2014,HLN,MT,ANM,WE,Combination Non-Radar Approach Control & Tower w/o Radar,5,15,4,0,24,0,0,38,7,45,5,15,42,7,69,42,2,44,113
06/26/2014,HLN,MT,ANM,WE,Combination Non-Radar Approach Control & Tower w/o Radar,5,19,8,0,32,0,0,13,4,17,5,19,21,4,49,22,8,30,79
06/27/2014,HLN,MT,ANM,WE,Combination Non-Radar Approach Control & Tower w/o Radar,5,13,16,2,36,0,0,30,14,44,5,13,46,16,80,46,12,58,138
06/28/2014,HLN,MT,ANM,WE,Combination Non-Radar Approach Control & Tower w/o Radar,6,12,2,0,20,0,1,27,0,28,6,13,29,0,48,26,0,26,74
06/29/2014,HLN,MT,ANM,WE,Combination Non-Radar Approach Control & Tower w/o Radar,4,11,3,2,20,0,0,16,0,16,4,11,19,2,36,12,0,12,48
06/30/2014,HLN,MT,ANM,WE,Combination Non-Radar Approach Control & Tower w/o Radar,5,13,9,0,27,0,0,35,14,49,5,13,44,14,76,60,8,68,144
07/01/2014,HLN,MT,ANM,WE,Combination Non-Radar Approach Control & Tower w/o Radar,5,13,2,0,20,0,2,55,11,68,5,15,57,11,88,96,2,98,186
07/02/2014,HLN,MT,ANM,WE,Combination Non-Radar Approach Control & Tower w/o Radar,3,18,7,0,28,0,0,51,0,51,3,18,58,0,79,50,0,50,129
07/03/2014,HLN,MT,ANM,WE,Combination Non-Radar Approach Control & Tower w/o Radar,4,13,2,3,22,0,0,47,12,59,4,13,49,15,81,84,4,88,169
07/04/2014,HLN,MT,ANM,WE,Combination Non-Radar Approach Control & Tower w/o Radar,4,7,1,0,12,0,0,42,0,42,4,7,43,0,54,16,0,16,70
07/05/2014,HLN,MT,ANM,WE,Combination Non-Radar Approach Control & Tower w/o Radar,5,7,1,0,13,0,3,27,0,30,5,10,28,0,43,48,0,48,91
07/06/2014,HLN,MT,ANM,WE,Combination Non-Radar Approach Control & Tower w/o Radar,4,14,3,0,21,0,0,35,0,35,4,14,38,0,56,24,0,24,80
07/07/2014,HLN,MT,ANM,WE,Combination Non-Radar Approach Control & Tower w/o Radar,4,16,3,2,25,0,0,31,14,45,4,16,34,16,70,36,0,36,106
07/08/2014,HLN,MT,ANM,WE,Combination Non-Radar Approach Control & Tower w/o Radar,4,12,5,0,21,0,0,45,13,58,4,12,50,13,79,50,6,56,135
07/09/2014,HLN,MT,ANM,WE,Combination Non-Radar Approach Control & Tower w/o Radar,4,16,3,2,25,0,0,58,17,75,4,16,61,19,100,78,0,78,178
07/10/2014,HLN,MT,ANM,WE,Combination Non-Radar Approach Control & Tower w/o Radar,5,14,4,3,26,0,0,48,19,67,5,14,52,22,93,28,0,28,121
07/11/2014,HLN,MT,ANM,WE,Combination Non-Radar Approach Control & Tower w/o Radar,4,13,5,1,23,0,0,29,19,48,4,13,34,20,71,16,8,24,95
07/12/2014,HLN,MT,ANM,WE,Combination Non-Radar Approach Control & Tower w/o Radar,4,15,1,0,20,0,1,42,4,47,4,16,43,4,67,48,0,48,115
07/13/2014,HLN,MT,ANM,WE,Combination Non-Radar Approach Control & Tower w/o Radar,3,12,4,2,21,0,0,36,2,38,3,12,40,4,59,54,2,56,115
07/14/2014,HLN,MT,ANM,WE,Combination Non-Radar Approach Control & Tower w/o Radar,4,15,5,2,26,0,1,25,13,39,4,16,30,15,65,12,8,20,85
07/15/2014,HLN,MT,ANM,WE,Combination Non-Radar Approach Control & Tower w/o Radar,5,13,5,0,23,0,0,27,7,34,5,13,32,7,57,40,2,42,99
07/16/2014,HLN,MT,ANM,WE,Combination Non-Radar Approach Control & Tower w/o Radar,5,20,4,4,33,0,0,33,7,40,5,20,37,11,73,44,0,44,117
07/17/2014,HLN,MT,ANM,WE,Combination Non-Radar Approach Control & Tower w/o Radar,4,19,10,4,37,0,0,42,12,54,4,19,52,16,91,50,0,50,141
07/18/2014,HLN,MT,ANM,WE,Combination Non-Radar Approach Control & Tower w/o Radar,5,16,11,2,34,0,0,30,15,45,5,16,41,17,79,58,2,60,139
07/19/2014,HLN,MT,ANM,WE,Combination Non-Radar Approach Control & Tower w/o Radar,5,11,4,2,22,0,0,29,18,47,5,11,33,20,69,37,0,37,106
07/20/2014,HLN,MT,ANM,WE,Combination Non-Radar Approach Control & Tower w/o Radar,4,10,2,0,16,0,0,35,0,35,4,10,37,0,51,10,2,12,63
07/21/2014,HLN,MT,ANM,WE,Combination Non-Radar Approach Control & Tower w/o Radar,4,13,4,1,22,0,1,16,9,26,4,14,20,10,48,16,0,16,64
07/22/2014,HLN,MT,ANM,WE,Combination Non-Radar Approach Control & Tower w/o Radar,5,14,5,3,27,0,0,46,12,58,5,14,51,15,85,54,0,54,139
07/23/2014,HLN,MT,ANM,WE,Combination Non-Radar Approach Control & Tower w/o Radar,5,15,2,0,22,0,0,48,12,60,5,15,50,12,82,26,0,26,108
07/24/2014,HLN,MT,ANM,WE,Combination Non-Radar Approach Control & Tower w/o Radar,4,15,10,2,31,0,0,47,13,60,4,15,57,15,91,4,2,6,97
07/25/2014,HLN,MT,ANM,WE,Combination Non-Radar Approach Control & Tower w/o Radar,3,13,8,0,24,3,1,68,8,80,6,14,76,8,104,8,2,10,114
07/26/2014,HLN,MT,ANM,WE,Combination Non-Radar Approach Control & Tower w/o Radar,4,9,1,0,14,0,0,68,0,68,4,9,69,0,82,20,0,20,102
07/27/2014,HLN,MT,ANM,WE,Combination Non-Radar Approach Control & Tower w/o Radar,5,11,7,2,25,0,0,48,4,52,5,11,55,6,77,106,0,106,183
07/28/2014,HLN,MT,ANM,WE,Combination Non-Radar Approach Control & Tower w/o Radar,3,13,5,1,22,0,1,48,5,54,3,14,53,6,76,40,10,50,126
07/29/2014,HLN,MT,ANM,WE,Combination Non-Radar Approach Control & Tower w/o Radar,5,16,2,0,23,0,0,52,11,63,5,16,54,11,86,74,4,78,164
07/30/2014,HLN,MT,ANM,WE,Combination Non-Radar Approach Control & Tower w/o Radar,3,12,4,1,20,0,0,37,18,55,3,12,41,19,75,26,5,31,106
07/31/2014,HLN,MT,ANM,WE,Combination Non-Radar Approach Control & Tower w/o Radar,5,14,5,3,27,0,2,66,16,84,5,16,71,19,111,38,12,50,161
08/01/2014,HLN,MT,ANM,WE,Combination Non-Radar Approach Control & Tower w/o Radar,5,19,4,2,30,1,0,59,7,67,6,19,63,9,97,66,2,68,165
08/02/2014,HLN,MT,ANM,WE,Combination Non-Radar Approach Control & Tower w/o Radar,3,15,3,0,21,0,1,71,27,99,3,16,74,27,120,40,16,56,176
08/03/2014,HLN,MT,ANM,WE,Combination Non-Radar Approach Control & Tower w/o Radar,3,14,3,0,20,2,0,40,9,51,5,14,43,9,71,49,2,51,122
08/04/2014,HLN,MT,ANM,WE,Combination Non-Radar Approach Control & Tower w/o Radar,4,15,9,2,30,0,0,49,23,72,4,15,58,25,102,60,2,62,164
08/05/2014,HLN,MT,ANM,WE,Combination Non-Radar Approach Control & Tower w/o Radar,5,15,4,2,26,0,0,57,6,63,5,15,61,8,89,102,2,104,193
08/06/2014,HLN,MT,ANM,WE,Combination Non-Radar Approach Control & Tower w/o Radar,4,17,15,0,36,0,0,67,2,69,4,17,82,2,105,22,0,22,127
08/07/2014,HLN,MT,ANM,WE,Combination Non-Radar Approach Control & Tower w/o Radar,4,16,9,3,32,0,1,82,17,100,4,17,91,20,132,121,2,123,255
08/08/2014,HLN,MT,ANM,WE,Combination Non-Radar Approach Control & Tower w/o Radar,4,12,7,1,24,0,0,40,8,48,4,12,47,9,72,48,6,54,126
08/09/2014,HLN,MT,ANM,WE,Combination Non-Radar Approach Control & Tower w/o Radar,5,8,1,0,14,0,0,53,0,53,5,8,54,0,67,22,0,22,89
08/10/2014,HLN,MT,ANM,WE,Combination Non-Radar Approach Control & Tower w/o Radar,5,11,1,0,17,0,3,41,0,44,5,14,42,0,61,62,0,62,123
08/11/2014,HLN,MT,ANM,WE,Combination Non-Radar Approach Control & Tower w/o Radar,5,12,2,7,26,0,0,56,10,66,5,12,58,17,92,113,2,115,207
08/12/2014,HLN,MT,ANM,WE,Combination Non-Radar Approach Control & Tower w/o Radar,7,14,8,0,29,0,1,37,14,52,7,15,45,14,81,122,2,124,205
08/13/2014,HLN,MT,ANM,WE,Combination Non-Radar Approach Control & Tower w/o Radar,4,14,8,2,28,0,2,58,9,69,4,16,66,11,97,26,6,32,129
08/14/2014,HLN,MT,ANM,WE,Combination Non-Radar Approach Control & Tower w/o Radar,4,13,14,0,31,0,0,50,13,63,4,13,64,13,94,68,6,74,168
08/15/2014,HLN,MT,ANM,WE,Combination Non-Radar Approach Control & Tower w/o Radar,8,10,10,5,33,0,0,54,22,76,8,10,64,27,109,82,8,90,199
08/16/2014,HLN,MT,ANM,WE,Combination Non-Radar Approach Control & Tower w/o Radar,5,10,2,0,17,0,21,54,5,80,5,31,56,5,97,32,0,32,129
08/17/2014,HLN,MT,ANM,WE,Combination Non-Radar Approach Control & Tower w/o Radar,3,10,7,2,22,0,0,50,1,51,3,10,57,3,73,12,0,12,85
08/18/2014,HLN,MT,ANM,WE,Combination Non-Radar Approach Control & Tower w/o Radar,4,14,7,0,25,0,0,35,1,36,4,14,42,1,61,32,0,32,93
08/19/2014,HLN,MT,ANM,WE,Combination Non-Radar Approach Control & Tower w/o Radar,5,16,6,0,27,0,1,48,2,51,5,17,54,2,78,58,0,58,136
08/20/2014,HLN,MT,ANM,WE,Combination Non-Radar Approach Control & Tower w/o Radar,5,13,11,1,30,3,6,41,3,53,8,19,52,4,83,68,0,68,151
08/21/2014,HLN,MT,ANM,WE,Combination Non-Radar Approach Control & Tower w/o Radar,5,14,8,0,27,0,0,18,2,20,5,14,26,2,47,56,0,56,103
08/22/2014,HLN,MT,ANM,WE,Combination Non-Radar Approach Control & Tower w/o Radar,5,13,6,0,24,0,0,13,5,18,5,13,19,5,42,19,0,19,61
08/23/2014,HLN,MT,ANM,WE,Combination Non-Radar Approach Control & Tower w/o Radar,5,8,1,0,14,0,0,4,0,4,5,8,5,0,18,24,0,24,42
08/24/2014,HLN,MT,ANM,WE,Combination Non-Radar Approach Control & Tower w/o Radar,5,10,6,0,21,0,0,11,0,11,5,10,17,0,32,0,0,0,32
08/25/2014,HLN,MT,ANM,WE,Combination Non-Radar Approach Control & Tower w/o Radar,5,11,6,2,24,0,0,42,6,48,5,11,48,8,72,70,0,70,142
08/26/2014,HLN,MT,ANM,WE,Combination Non-Radar Approach Control & Tower w/o Radar,5,17,11,0,33,0,0,65,2,67,5,17,76,2,100,90,0,90,190
08/27/2014,HLN,MT,ANM,WE,Combination Non-Radar Approach Control & Tower w/o Radar,5,14,8,0,27,0,1,67,4,72,5,15,75,4,99,48,0,48,147
08/28/2014,HLN,MT,ANM,WE,Combination Non-Radar Approach Control & Tower w/o Radar,4,19,14,2,39,0,0,70,7,77,4,19,84,9,116,46,4,50,166
08/29/2014,HLN,MT,ANM,WE,Combination Non-Radar Approach Control & Tower w/o Radar,5,13,5,0,23,0,8,52,5,65,5,21,57,5,88,44,0,44,132
08/30/2014,HLN,MT,ANM,WE,Combination Non-Radar Approach Control & Tower w/o Radar,5,11,2,1,19,0,0,28,0,28,5,11,30,1,47,110,0,110,157
08/31/2014,HLN,MT,ANM,WE,Combination Non-Radar Approach Control & Tower w/o Radar,4,6,2,0,12,0,0,15,0,15,4,6,17,0,27,28,0,28,55
09/01/2014,HLN,MT,ANM,WE,Combination Non-Radar Approach Control & Tower w/o Radar,5,9,6,0,20,0,0,41,0,41,5,9,47,0,61,20,0,20,81
09/02/2014,HLN,MT,ANM,WE,Combination Non-Radar Approach Control & Tower w/o Radar,5,12,3,0,20,0,0,44,4,48,5,12,47,4,68,106,0,106,174
09/03/2014,HLN,MT,ANM,WE,Combination Non-Radar Approach Control & Tower w/o Radar,5,14,9,0,28,0,0,33,0,33,5,14,42,0,61,6,0,6,67
09/04/2014,HLN,MT,ANM,WE,Combination Non-Radar Approach Control & Tower w/o Radar,5,12,7,0,24,0,0,60,1,61,5,12,67,1,85,62,0,62,147
09/05/2014,HLN,MT,ANM,WE,Combination Non-Radar Approach Control & Tower w/o Radar,5,15,12,0,32,0,2,83,0,85,5,17,95,0,117,54,0,54,171
09/06/2014,HLN,MT,ANM,WE,Combination Non-Radar Approach Control & Tower w/o Radar,5,9,6,0,20,0,0,75,1,76,5,9,81,1,96,68,2,70,166
09/07/2014,HLN,MT,ANM,WE,Combination Non-Radar Approach Control & Tower w/o Radar,5,8,5,1,19,0,1,48,0,49,5,9,53,1,68,36,0,36,104
09/08/2014,HLN,MT,ANM,WE,Combination Non-Radar Approach Control & Tower w/o Radar,5,14,5,1,25,0,0,46,0,46,5,14,51,1,71,42,0,42,113
09/09/2014,HLN,MT,ANM,WE,Combination Non-Radar Approach Control & Tower w/o Radar,5,15,11,2,33,0,0,26,1,27,5,15,37,3,60,22,0,22,82
09/10/2014,HLN,MT,ANM,WE,Combination Non-Radar Approach Control & Tower w/o Radar,5,12,7,0,24,0,0,4,1,5,5,12,11,1,29,28,52,80,109
09/11/2014,HLN,MT,ANM,WE,Combination Non-Radar Approach Control & Tower w/o Radar,5,14,8,0,27,0,1,17,0,18,5,15,25,0,45,60,0,60,105
09/12/2014,HLN,MT,ANM,WE,Combination Non-Radar Approach Control & Tower w/o Radar,5,13,7,2,27,0,0,64,0,64,5,13,71,2,91,60,0,60,151
09/13/2014,HLN,MT,ANM,WE,Combination Non-Radar Approach Control & Tower w/o Radar,4,13,5,0,22,0,0,58,4,62,4,13,63,4,84,78,0,78,162
09/14/2014,HLN,MT,ANM,WE,Combination Non-Radar Approach Control & Tower w/o Radar,5,10,3,2,20,0,0,64,3,67,5,10,67,5,87,54,0,54,141
09/15/2014,HLN,MT,ANM,WE,Combination Non-Radar Approach Control & Tower w/o Radar,5,11,6,0,22,0,0,50,0,50,5,11,56,0,72,90,0,90,162
09/16/2014,HLN,MT,ANM,WE,Combination Non-Radar Approach Control & Tower w/o Radar,5,10,2,1,18,0,0,37,7,44,5,10,39,8,62,92,0,92,154
09/17/2014,HLN,MT,ANM,WE,Combination Non-Radar Approach Control & Tower w/o Radar,4,17,9,4,34,0,0,69,5,74,4,17,78,9,108,34,0,34,142
09/18/2014,HLN,MT,ANM,WE,Combination Non-Radar Approach Control & Tower w/o Radar,5,17,10,4,36,0,0,30,0,30,5,17,40,4,66,78,0,78,144
09/19/2014,HLN,MT,ANM,WE,Combination Non-Radar Approach Control & Tower w/o Radar,5,10,9,2,26,0,1,28,2,31,5,11,37,4,57,42,2,44,101
09/20/2014,HLN,MT,ANM,WE,Combination Non-Radar Approach Control & Tower w/o Radar,5,10,0,0,15,0,0,42,0,42,5,10,42,0,57,20,0,20,77
09/21/2014,HLN,MT,ANM,WE,Combination Non-Radar Approach Control & Tower w/o Radar,5,12,2,0,19,0,0,55,1,56,5,12,57,1,75,34,0,34,109
09/22/2014,HLN,MT,ANM,WE,Combination Non-Radar Approach Control & Tower w/o Radar,5,18,3,2,28,0,8,27,8,43,5,26,30,10,71,56,10,66,137
09/23/2014,HLN,MT,ANM,WE,Combination Non-Radar Approach Control & Tower w/o Radar,6,17,7,2,32,0,0,74,10,84,6,17,81,12,116,84,6,90,206
09/24/2014,HLN,MT,ANM,WE,Combination Non-Radar Approach Control & Tower w/o Radar,5,17,8,1,31,0,1,39,19,59,5,18,47,20,90,60,6,66,156
09/25/2014,HLN,MT,ANM,WE,Combination Non-Radar Approach Control & Tower w/o Radar,5,15,10,1,31,0,0,35,29,64,5,15,45,30,95,114,4,118,213
09/26/2014,HLN,MT,ANM,WE,Combination Non-Radar Approach Control & Tower w/o Radar,5,12,12,1,30,0,0,32,12,44,5,12,44,13,74,50,58,108,182
09/27/2014,HLN,MT,ANM,WE,Combination Non-Radar Approach Control & Tower w/o Radar,5,13,0,1,19,0,0,0,4,4,5,13,0,5,23,18,2,20,43
09/28/2014,HLN,MT,ANM,WE,Combination Non-Radar Approach Control & Tower w/o Radar,5,10,4,0,19,0,0,10,10,20,5,10,14,10,39,0,2,2,41
09/29/2014,HLN,MT,ANM,WE,Combination Non-Radar Approach Control & Tower w/o Radar,5,12,6,0,23,0,0,31,6,37,5,12,37,6,60,40,4,44,104
09/30/2014,HLN,MT,ANM,WE,Combination Non-Radar Approach Control & Tower w/o Radar,5,14,2,2,23,0,2,16,10,28,5,16,18,12,51,36,6,42,93
10/01/2014,HLN,MT,ANM,WE,Combination Non-Radar Approach Control & Tower w/o Radar,5,15,10,0,30,0,1,34,6,41,5,16,44,6,71,50,4,54,125
10/02/2014,HLN,MT,ANM,WE,Combination Non-Radar Approach Control & Tower w/o Radar,5,12,8,8,33,0,0,8,5,13,5,12,16,13,46,10,0,10,56
10/03/2014,HLN,MT,ANM,WE,Combination Non-Radar Approach Control & Tower w/o Radar,5,13,4,2,24,0,0,54,28,82,5,13,58,30,106,72,4,76,182
10/04/2014,HLN,MT,ANM,WE,Combination Non-Radar Approach Control & Tower w/o Radar,5,9,2,0,16,0,0,35,22,57,5,9,37,22,73,44,20,64,137
10/05/2014,HLN,MT,ANM,WE,Combination Non-Radar Approach Control & Tower w/o Radar,4,8,1,0,13,0,1,36,3,40,4,9,37,3,53,24,0,24,77
10/06/2014,HLN,MT,ANM,WE,Combination Non-Radar Approach Control & Tower w/o Radar,4,13,4,0,21,0,1,27,15,43,4,14,31,15,64,38,8,46,110
10/07/2014,HLN,MT,ANM,WE,Combination Non-Radar Approach Control & Tower w/o Radar,5,12,6,2,25,0,1,41,18,60,5,13,47,20,85,114,14,128,213
10/08/2014,HLN,MT,ANM,WE,Combination Non-Radar Approach Control & Tower w/o Radar,5,13,6,0,24,0,2,40,12,54,5,15,46,12,78,86,2,88,166
10/09/2014,HLN,MT,ANM,WE,Combination Non-Radar Approach Control & Tower w/o Radar,5,14,3,0,22,0,0,30,23,53,5,14,33,23,75,158,22,180,255
10/10/2014,HLN,MT,ANM,WE,Combination Non-Radar Approach Control & Tower w/o Radar,5,10,6,0,21,0,0,49,17,66,5,10,55,17,87,32,6,38,125
10/11/2014,HLN,MT,ANM,WE,Combination Non-Radar Approach Control & Tower w/o Radar,4,9,2,0,15,0,0,23,0,23,4,9,25,0,38,32,0,32,70
10/12/2014,HLN,MT,ANM,WE,Combination Non-Radar Approach Control & Tower w/o Radar,5,10,3,0,18,0,0,5,0,5,5,10,8,0,23,0,0,0,23
10/13/2014,HLN,MT,ANM,WE,Combination Non-Radar Approach Control & Tower w/o Radar,5,14,5,0,24,0,0,32,0,32,5,14,37,0,56,72,0,72,128
10/14/2014,HLN,MT,ANM,WE,Combination Non-Radar Approach Control & Tower w/o Radar,5,10,10,0,25,0,0,53,13,66,5,10,63,13,91,38,2,40,131
10/15/2014,HLN,MT,ANM,WE,Combination Non-Radar Approach Control & Tower w/o Radar,5,18,10,0,33,0,0,33,13,46,5,18,43,13,79,42,10,52,131
10/16/2014,HLN,MT,ANM,WE,Combination Non-Radar Approach Control & Tower w/o Radar,4,13,8,2,27,0,1,41,7,49,4,14,49,9,76,66,4,70,146
10/17/2014,HLN,MT,ANM,WE,Combination Non-Radar Approach Control & Tower w/o Radar,5,14,6,0,25,0,0,70,16,86,5,14,76,16,111,50,8,58,169
10/18/2014,HLN,MT,ANM,WE,Combination Non-Radar Approach Control & Tower w/o Radar,4,10,0,0,14,0,0,42,10,52,4,10,42,10,66,60,2,62,128
10/19/2014,HLN,MT,ANM,WE,Combination Non-Radar Approach Control & Tower w/o Radar,5,9,2,0,16,0,0,38,0,38,5,9,40,0,54,90,0,90,144
10/20/2014,HLN,MT,ANM,WE,Combination Non-Radar Approach Control & Tower w/o Radar,6,9,13,1,29,0,0,36,15,51,6,9,49,16,80,40,4,44,124
10/21/2014,HLN,MT,ANM,WE,Combination Non-Radar Approach Control & Tower w/o Radar,5,11,6,0,22,0,0,7,8,15,5,11,13,8,37,16,2,18,55
10/22/2014,HLN,MT,ANM,WE,Combination Non-Radar Approach Control & Tower w/o Radar,5,15,11,3,34,0,1,37,20,58,5,16,48,23,92,30,10,40,132
10/23/2014,HLN,MT,ANM,WE,Combination Non-Radar Approach Control & Tower w/o Radar,4,13,8,0,25,0,0,22,9,31,4,13,30,9,56,32,0,32,88
10/24/2014,HLN,MT,ANM,WE,Combination Non-Radar Approach Control & Tower w/o Radar,5,16,2,0,23,0,0,20,12,32,5,16,22,12,55,14,2,16,71
10/25/2014,HLN,MT,ANM,WE,Combination Non-Radar Approach Control & Tower w/o Radar,5,10,3,2,20,0,1,34,0,35,5,11,37,2,55,54,0,54,109
10/26/2014,HLN,MT,ANM,WE,Combination Non-Radar Approach Control & Tower w/o Radar,5,10,2,0,17,0,0,6,1,7,5,10,8,1,24,18,0,18,42
10/27/2014,HLN,MT,ANM,WE,Combination Non-Radar Approach Control & Tower w/o Radar,5,13,6,0,24,0,1,12,12,25,5,14,18,12,49,84,4,88,137
10/28/2014,HLN,MT,ANM,WE,Combination Non-Radar Approach Control & Tower w/o Radar,5,12,8,2,27,0,0,35,30,65,5,12,43,32,92,98,8,106,198
10/29/2014,HLN,MT,ANM,WE,Combination Non-Radar Approach Control & Tower w/o Radar,5,9,8,2,24,0,0,19,13,32,5,9,27,15,56,0,0,0,56
10/30/2014,HLN,MT,ANM,WE,Combination Non-Radar Approach Control & Tower w/o Radar,5,11,8,3,27,0,1,29,15,45,5,12,37,18,72,118,6,124,196
10/31/2014,HLN,MT,ANM,WE,Combination Non-Radar Approach Control & Tower w/o Radar,5,12,4,3,24,0,0,38,17,55,5,12,42,20,79,70,34,104,183
11/01/2014,HLN,MT,ANM,WE,Combination Non-Radar Approach Control & Tower w/o Radar,5,11,1,2,19,0,0,10,41,51,5,11,11,43,70,6,46,52,122
11/02/2014,HLN,MT,ANM,WE,Combination Non-Radar Approach Control & Tower w/o Radar,5,9,0,0,14,0,0,0,0,0,5,9,0,0,14,0,0,0,14
11/03/2014,HLN,MT,ANM,WE,Combination Non-Radar Approach Control & Tower w/o Radar,5,21,6,2,34,0,0,21,1,22,5,21,27,3,56,22,0,22,78
11/04/2014,HLN,MT,ANM,WE,Combination Non-Radar Approach Control & Tower w/o Radar,5,11,3,2,21,0,0,18,8,26,5,11,21,10,47,10,4,14,61
11/05/2014,HLN,MT,ANM,WE,Combination Non-Radar Approach Control & Tower w/o Radar,5,12,11,2,30,0,0,22,2,24,5,12,33,4,54,40,0,40,94
11/06/2014,HLN,MT,ANM,WE,Combination Non-Radar Approach Control & Tower w/o Radar,4,16,6,1,27,0,0,39,10,49,4,16,45,11,76,50,12,62,138
11/07/2014,HLN,MT,ANM,WE,Combination Non-Radar Approach Control & Tower w/o Radar,5,12,8,1,26,0,0,20,13,33,5,12,28,14,59,8,2,10,69
11/08/2014,HLN,MT,ANM,WE,Combination Non-Radar Approach Control & Tower w/o Radar,5,9,7,0,21,0,0,29,0,29,5,9,36,0,50,20,0,20,70
11/09/2014,HLN,MT,ANM,WE,Combination Non-Radar Approach Control & Tower w/o Radar,5,9,5,0,19,0,2,2,0,4,5,11,7,0,23,14,0,14,37
11/10/2014,HLN,MT,ANM,WE,Combination Non-Radar Approach Control & Tower w/o Radar,4,11,9,1,25,0,0,0,4,4,4,11,9,5,29,0,6,6,35
11/11/2014,HLN,MT,ANM,WE,Combination Non-Radar Approach Control & Tower w/o Radar,3,10,13,0,26,0,0,5,0,5,3,10,18,0,31,0,0,0,31
11/12/2014,HLN,MT,ANM,WE,Combination Non-Radar Approach Control & Tower w/o Radar,5,16,5,0,26,0,0,24,13,37,5,16,29,13,63,2,10,12,75
11/13/2014,HLN,MT,ANM,WE,Combination Non-Radar Approach Control & Tower w/o Radar,4,13,6,0,23,0,0,14,8,22,4,13,20,8,45,40,0,40,85
11/14/2014,HLN,MT,ANM,WE,Combination Non-Radar Approach Control & Tower w/o Radar,5,15,14,3,37,0,1,5,2,8,5,16,19,5,45,18,0,18,63
11/15/2014,HLN,MT,ANM,WE,Combination Non-Radar Approach Control & Tower w/o Radar,7,10,6,0,23,0,0,17,0,17,7,10,23,0,40,50,0,50,90
11/16/2014,HLN,MT,ANM,WE,Combination Non-Radar Approach Control & Tower w/o Radar,5,11,5,2,23,0,0,14,0,14,5,11,19,2,37,16,0,16,53
11/17/2014,HLN,MT,ANM,WE,Combination Non-Radar Approach Control & Tower w/o Radar,5,13,5,0,23,0,0,45,35,80,5,13,50,35,103,28,10,38,141
11/18/2014,HLN,MT,ANM,WE,Combination Non-Radar Approach Control & Tower w/o Radar,5,8,5,0,18,0,0,27,9,36,5,8,32,9,54,10,0,10,64
11/19/2014,HLN,MT,ANM,WE,Combination Non-Radar Approach Control & Tower w/o Radar,5,14,13,1,33,0,0,24,13,37,5,14,37,14,70,38,24,62,132
11/20/2014,HLN,MT,ANM,WE,Combination Non-Radar Approach Control & Tower w/o Radar,5,12,9,3,29,0,2,39,12,53,5,14,48,15,82,24,10,34,116
11/21/2014,HLN,MT,ANM,WE,Combination Non-Radar Approach Control & Tower w/o Radar,5,13,8,0,26,0,0,31,16,47,5,13,39,16,73,35,0,35,108
11/22/2014,HLN,MT,ANM,WE,Combination Non-Radar Approach Control & Tower w/o Radar,5,10,8,0,23,0,0,2,0,2,5,10,10,0,25,28,0,28,53
11/23/2014,HLN,MT,ANM,WE,Combination Non-Radar Approach Control & Tower w/o Radar,5,7,0,0,12,0,0,2,0,2,5,7,2,0,14,6,0,6,20
11/24/2014,HLN,MT,ANM,WE,Combination Non-Radar Approach Control & Tower w/o Radar,5,12,7,4,28,0,0,16,3,19,5,12,23,7,47,48,10,58,105
11/25/2014,HLN,MT,ANM,WE,Combination Non-Radar Approach Control & Tower w/o Radar,5,13,5,0,23,0,0,0,0,0,5,13,5,0,23,18,0,18,41
11/26/2014,HLN,MT,ANM,WE,Combination Non-Radar Approach Control & Tower w/o Radar,6,12,6,0,24,0,0,0,0,0,6,12,6,0,24,0,0,0,24
11/27/2014,HLN,MT,ANM,WE,Combination Non-Radar Approach Control & Tower w/o Radar,5,4,2,0,11,0,0,2,0,2,5,4,4,0,13,2,0,2,15
11/28/2014,HLN,MT,ANM,WE,Combination Non-Radar Approach Control & Tower w/o Radar,6,9,0,0,15,0,1,6,0,7,6,10,6,0,22,58,0,58,80
11/29/2014,HLN,MT,ANM,WE,Combination Non-Radar Approach Control & Tower w/o Radar,7,8,1,0,16,0,0,0,0,0,7,8,1,0,16,0,0,0,16
11/30/2014,HLN,MT,ANM,WE,Combination Non-Radar Approach Control & Tower w/o Radar,5,9,5,0,19,0,0,1,0,1,5,9,6,0,20,0,0,0,20
12/01/2014,HLN,MT,ANM,WE,Combination Non-Radar Approach Control & Tower w/o Radar,5,11,7,1,24,0,0,14,0,14,5,11,21,1,38,26,0,26,64
12/02/2014,HLN,MT,ANM,WE,Combination Non-Radar Approach Control & Tower w/o Radar,5,12,9,1,27,0,0,27,8,35,5,12,36,9,62,18,2,20,82
12/03/2014,HLN,MT,ANM,WE,Combination Non-Radar Approach Control & Tower w/o Radar,5,10,0,2,17,0,0,41,6,47,5,10,41,8,64,42,0,42,106
12/04/2014,HLN,MT,ANM,WE,Combination Non-Radar Approach Control & Tower w/o Radar,5,13,12,0,30,0,0,4,8,12,5,13,16,8,42,8,18,26,68
12/05/2014,HLN,MT,ANM,WE,Combination Non-Radar Approach Control & Tower w/o Radar,5,12,9,6,32,0,0,10,26,36,5,12,19,32,68,24,16,40,108
12/06/2014,HLN,MT,ANM,WE,Combination Non-Radar Approach Control & Tower w/o Radar,4,9,1,3,17,0,0,19,0,19,4,9,20,3,36,0,0,0,36
12/07/2014,HLN,MT,ANM,WE,Combination Non-Radar Approach Control & Tower w/o Radar,4,9,0,1,14,0,0,22,5,27,4,9,22,6,41,20,0,20,61
12/08/2014,HLN,MT,ANM,WE,Combination Non-Radar Approach Control & Tower w/o Radar,7,11,6,2,26,0,1,49,5,55,7,12,55,7,81,22,10,32,113
12/09/2014,HLN,MT,ANM,WE,Combination Non-Radar Approach Control & Tower w/o Radar,5,11,3,2,21,0,0,42,19,61,5,11,45,21,82,122,12,134,216
12/10/2014,HLN,MT,ANM,WE,Combination Non-Radar Approach Control & Tower w/o Radar,5,13,8,0,26,0,0,35,15,50,5,13,43,15,76,66,0,66,142
12/11/2014,HLN,MT,ANM,WE,Combination Non-Radar Approach Control & Tower w/o Radar,6,10,5,0,21,0,0,27,17,44,6,10,32,17,65,35,14,49,114
12/12/2014,HLN,MT,ANM,WE,Combination Non-Radar Approach Control & Tower w/o Radar,5,12,4,2,23,0,0,18,8,26,5,12,22,10,49,10,4,14,63
12/13/2014,HLN,MT,ANM,WE,Combination Non-Radar Approach Control & Tower w/o Radar,4,11,6,0,21,0,0,2,0,2,4,11,8,0,23,0,0,0,23
12/14/2014,HLN,MT,ANM,WE,Combination Non-Radar Approach Control & Tower w/o Radar,4,6,3,0,13,0,0,2,0,2,4,6,5,0,15,6,0,6,21
12/15/2014,HLN,MT,ANM,WE,Combination Non-Radar Approach Control & Tower w/o Radar,5,10,9,2,26,0,2,24,9,35,5,12,33,11,61,52,6,58,119
12/16/2014,HLN,MT,ANM,WE,Combination Non-Radar Approach Control & Tower w/o Radar,5,16,5,1,27,0,1,45,5,51,5,17,50,6,78,84,0,84,162
12/17/2014,HLN,MT,ANM,WE,Combination Non-Radar Approach Control & Tower w/o Radar,5,16,17,1,39,0,1,30,10,41,5,17,47,11,80,63,22,85,165
12/18/2014,HLN,MT,ANM,WE,Combination Non-Radar Approach Control & Tower w/o Radar,5,22,8,0,35,0,10,32,26,68,5,32,40,26,103,44,30,74,177
12/19/2014,HLN,MT,ANM,WE,Combination Non-Radar Approach Control & Tower w/o Radar,5,17,9,2,33,0,7,18,3,28,5,24,27,5,61,44,0,44,105
12/20/2014,HLN,MT,ANM,WE,Combination Non-Radar Approach Control & Tower w/o Radar,4,13,1,0,18,0,0,34,2,36,4,13,35,2,54,52,0,52,106
12/21/2014,HLN,MT,ANM,WE,Combination Non-Radar Approach Control & Tower w/o Radar,5,11,3,0,19,0,0,0,0,0,5,11,3,0,19,0,0,0,19
12/22/2014,HLN,MT,ANM,WE,Combination Non-Radar Approach Control & Tower w/o Radar,4,21,8,2,35,0,0,13,8,21,4,21,21,10,56,8,12,20,76
12/23/2014,HLN,MT,ANM,WE,Combination Non-Radar Approach Control & Tower w/o Radar,5,19,10,1,35,0,0,19,17,36,5,19,29,18,71,66,27,93,164
12/24/2014,HLN,MT,ANM,WE,Combination Non-Radar Approach Control & Tower w/o Radar,5,17,3,0,25,0,0,2,6,8,5,17,5,6,33,0,16,16,49
12/25/2014,HLN,MT,ANM,WE,Combination Non-Radar Approach Control & Tower w/o Radar,3,6,0,0,9,0,0,0,0,0,3,6,0,0,9,10,0,10,19
12/26/2014,HLN,MT,ANM,WE,Combination Non-Radar Approach Control & Tower w/o Radar,6,15,2,0,23,0,0,10,0,10,6,15,12,0,33,0,0,0,33
12/27/2014,HLN,MT,ANM,WE,Combination Non-Radar Approach Control & Tower w/o Radar,6,10,2,0,18,0,2,10,0,12,6,12,12,0,30,14,0,14,44
12/28/2014,HLN,MT,ANM,WE,Combination Non-Radar Approach Control & Tower w/o Radar,5,8,4,0,17,0,0,0,0,0,5,8,4,0,17,0,0,0,17
12/29/2014,HLN,MT,ANM,WE,Combination Non-Radar Approach Control & Tower w/o Radar,5,11,7,0,23,0,0,0,0,0,5,11,7,0,23,0,0,0,23
12/30/2014,HLN,MT,ANM,WE,Combination Non-Radar Approach Control & Tower w/o Radar,5,11,4,0,20,0,0,5,0,5,5,11,9,0,25,0,2,2,27
12/31/2014,HLN,MT,ANM,WE,Combination Non-Radar Approach Control & Tower w/o Radar,3,10,1,0,14,0,0,17,0,17,3,10,18,0,31,22,4,26,57
01/01/2015,HLN,MT,ANM,WE,Combination Non-Radar Approach Control & Tower w/o Radar,3,5,1,0,9,0,0,19,0,19,3,5,20,0,28,12,0,12,40
01/02/2015,HLN,MT,ANM,WE,Combination Non-Radar Approach Control & Tower w/o Radar,5,16,4,0,25,0,0,22,0,22,5,16,26,0,47,60,0,60,107
01/03/2015,HLN,MT,ANM,WE,Combination Non-Radar Approach Control & Tower w/o Radar,5,13,1,0,19,0,0,8,0,8,5,13,9,0,27,38,0,38,65
01/04/2015,HLN,MT,ANM,WE,Combination Non-Radar Approach Control & Tower w/o Radar,5,10,0,0,15,0,0,0,0,0,5,10,0,0,15,0,0,0,15
01/05/2015,HLN,MT,ANM,WE,Combination Non-Radar Approach Control & Tower w/o Radar,3,11,4,3,21,0,2,0,0,2,3,13,4,3,23,0,0,0,23
01/06/2015,HLN,MT,ANM,WE,Combination Non-Radar Approach Control & Tower w/o Radar,4,14,4,0,22,0,0,17,13,30,4,14,21,13,52,10,20,30,82
01/07/2015,HLN,MT,ANM,WE,Combination Non-Radar Approach Control & Tower w/o Radar,4,11,4,0,19,0,3,19,7,29,4,14,23,7,48,2,10,12,60
01/08/2015,HLN,MT,ANM,WE,Combination Non-Radar Approach Control & Tower w/o Radar,5,14,7,0,26,0,0,5,12,17,5,14,12,12,43,6,20,26,69
01/09/2015,HLN,MT,ANM,WE,Combination Non-Radar Approach Control & Tower w/o Radar,5,13,8,2,28,0,0,9,40,49,5,13,17,42,77,6,20,26,103
01/10/2015,HLN,MT,ANM,WE,Combination Non-Radar Approach Control & Tower w/o Radar,4,12,2,0,18,0,3,29,41,73,4,15,31,41,91,10,52,62,153
01/11/2015,HLN,MT,ANM,WE,Combination Non-Radar Approach Control & Tower w/o Radar,4,8,1,2,15,0,0,5,0,5,4,8,6,2,20,4,0,4,24
01/12/2015,HLN,MT,ANM,WE,Combination Non-Radar Approach Control & Tower w/o Radar,5,16,13,3,37,0,2,24,5,31,5,18,37,8,68,38,16,54,122
01/13/2015,HLN,MT,ANM,WE,Combination Non-Radar Approach Control & Tower w/o Radar,4,9,10,0,23,0,0,8,4,12,4,9,18,4,35,22,8,30,65
01/14/2015,HLN,MT,ANM,WE,Combination Non-Radar Approach Control & Tower w/o Radar,3,12,9,0,24,0,2,23,11,36,3,14,32,11,60,6,10,16,76
01/15/2015,HLN,MT,ANM,WE,Combination Non-Radar Approach Control & Tower w/o Radar,5,18,4,3,30,0,0,18,18,36,5,18,22,21,66,14,48,62,128
01/16/2015,HLN,MT,ANM,WE,Combination Non-Radar Approach Control & Tower w/o Radar,7,15,10,2,34,0,0,20,0,20,7,15,30,2,54,38,0,38,92
01/17/2015,HLN,MT,ANM,WE,Combination Non-Radar Approach Control & Tower w/o Radar,6,13,3,0,22,0,0,27,0,27,6,13,30,0,49,10,0,10,59
01/18/2015,HLN,MT,ANM,WE,Combination Non-Radar Approach Control & Tower w/o Radar,4,8,1,0,13,0,3,3,0,6,4,11,4,0,19,0,0,0,19
01/19/2015,HLN,MT,ANM,WE,Combination Non-Radar Approach Control & Tower w/o Radar,5,11,7,0,23,0,0,13,0,13,5,11,20,0,36,36,0,36,72
01/20/2015,HLN,MT,ANM,WE,Combination Non-Radar Approach Control & Tower w/o Radar,4,8,10,1,23,0,4,32,2,38,4,12,42,3,61,27,4,31,92
01/21/2015,HLN,MT,ANM,WE,Combination Non-Radar Approach Control & Tower w/o Radar,4,10,4,3,21,0,1,30,17,48,4,11,34,20,69,6,4,10,79
01/22/2015,HLN,MT,ANM,WE,Combination Non-Radar Approach Control & Tower w/o Radar,4,14,8,1,27,0,2,14,10,26,4,16,22,11,53,28,8,36,89
01/23/2015,HLN,MT,ANM,WE,Combination Non-Radar Approach Control & Tower w/o Radar,4,12,10,4,30,0,0,13,20,33,4,12,23,24,63,12,10,22,85
01/24/2015,HLN,MT,ANM,WE,Combination Non-Radar Approach Control & Tower w/o Radar,4,12,2,0,18,0,0,7,10,17,4,12,9,10,35,46,2,48,83
01/25/2015,HLN,MT,ANM,WE,Combination Non-Radar Approach Control & Tower w/o Radar,4,9,4,0,17,0,1,27,0,28,4,10,31,0,45,18,0,18,63
01/26/2015,HLN,MT,ANM,WE,Combination Non-Radar Approach Control & Tower w/o Radar,4,14,2,1,21,0,0,51,11,62,4,14,53,12,83,51,6,57,140
01/27/2015,HLN,MT,ANM,WE,Combination Non-Radar Approach Control & Tower w/o Radar,4,12,1,0,17,0,0,31,12,43,4,12,32,12,60,54,8,62,122
01/28/2015,HLN,MT,ANM,WE,Combination Non-Radar Approach Control & Tower w/o Radar,3,12,6,0,21,0,3,49,8,60,3,15,55,8,81,50,6,56,137
01/29/2015,HLN,MT,ANM,WE,Combination Non-Radar Approach Control & Tower w/o Radar,5,16,15,0,36,0,3,65,13,81,5,19,80,13,117,89,0,89,206
01/30/2015,HLN,MT,ANM,WE,Combination Non-Radar Approach Control & Tower w/o Radar,5,15,8,0,28,0,3,40,6,49,5,18,48,6,77,100,0,100,177
01/31/2015,HLN,MT,ANM,WE,Combination Non-Radar Approach Control & Tower w/o Radar,4,9,3,2,18,0,0,5,0,5,4,9,8,2,23,14,0,14,37
02/01/2015,HLN,MT,ANM,WE,Combination Non-Radar Approach Control & Tower w/o Radar,2,11,2,0,15,0,0,6,0,6,2,11,8,0,21,0,0,0,21
02/02/2015,HLN,MT,ANM,WE,Combination Non-Radar Approach Control & Tower w/o Radar,5,16,5,0,26,0,3,10,0,13,5,19,15,0,39,66,0,66,105
02/03/2015,HLN,MT,ANM,WE,Combination Non-Radar Approach Control & Tower w/o Radar,4,9,11,0,24,0,0,9,0,9,4,9,20,0,33,40,0,40,73
02/04/2015,HLN,MT,ANM,WE,Combination Non-Radar Approach Control & Tower w/o Radar,3,14,7,0,24,0,2,41,0,43,3,16,48,0,67,88,0,88,155
02/05/2015,HLN,MT,ANM,WE,Combination Non-Radar Approach Control & Tower w/o Radar,5,16,9,0,30,0,1,37,0,38,5,17,46,0,68,105,0,105,173
02/06/2015,HLN,MT,ANM,WE,Combination Non-Radar Approach Control & Tower w/o Radar,3,14,8,0,25,0,0,23,2,25,3,14,31,2,50,30,0,30,80
02/07/2015,HLN,MT,ANM,WE,Combination Non-Radar Approach Control & Tower w/o Radar,4,12,2,0,18,0,0,13,4,17,4,12,15,4,35,14,0,14,49
02/08/2015,HLN,MT,ANM,WE,Combination Non-Radar Approach Control & Tower w/o Radar,2,9,0,0,11,0,0,21,4,25,2,9,21,4,36,4,0,4,40
02/09/2015,HLN,MT,ANM,WE,Combination Non-Radar Approach Control & Tower w/o Radar,4,14,6,2,26,0,0,17,17,34,4,14,23,19,60,50,6,56,116
02/10/2015,HLN,MT,ANM,WE,Combination Non-Radar Approach Control & Tower w/o Radar,3,9,7,1,20,0,0,16,10,26,3,9,23,11,46,42,6,48,94
02/11/2015,HLN,MT,ANM,WE,Combination Non-Radar Approach Control & Tower w/o Radar,4,11,7,1,23,0,3,56,5,64,4,14,63,6,87,72,4,76,163
02/12/2015,HLN,MT,ANM,WE,Combination Non-Radar Approach Control & Tower w/o Radar,5,19,12,0,36,0,2,22,26,50,5,21,34,26,86,52,16,68,154
02/13/2015,HLN,MT,ANM,WE,Combination Non-Radar Approach Control & Tower w/o Radar,5,12,7,0,24,0,0,60,6,66,5,12,67,6,90,44,0,44,134
02/14/2015,HLN,MT,ANM,WE,Combination Non-Radar Approach Control & Tower w/o Radar,4,7,0,0,11,0,0,18,0,18,4,7,18,0,29,14,0,14,43
02/15/2015,HLN,MT,ANM,WE,Combination Non-Radar Approach Control & Tower w/o Radar,4,6,0,0,10,0,0,8,0,8,4,6,8,0,18,20,0,20,38
02/16/2015,HLN,MT,ANM,WE,Combination Non-Radar Approach Control & Tower w/o Radar,4,11,4,0,19,0,2,14,1,17,4,13,18,1,36,0,0,0,36
02/17/2015,HLN,MT,ANM,WE,Combination Non-Radar Approach Control & Tower w/o Radar,4,11,4,0,19,0,2,40,2,44,4,13,44,2,63,34,0,34,97
02/18/2015,HLN,MT,ANM,WE,Combination Non-Radar Approach Control & Tower w/o Radar,3,13,3,2,21,0,2,25,6,33,3,15,28,8,54,44,2,46,100
02/19/2015,HLN,MT,ANM,WE,Combination Non-Radar Approach Control & Tower w/o Radar,4,12,5,0,21,0,2,34,8,44,4,14,39,8,65,44,0,44,109
02/20/2015,HLN,MT,ANM,WE,Combination Non-Radar Approach Control & Tower w/o Radar,4,12,6,0,22,0,0,10,5,15,4,12,16,5,37,28,6,34,71
02/21/2015,HLN,MT,ANM,WE,Combination Non-Radar Approach Control & Tower w/o Radar,3,13,3,0,19,0,1,0,5,6,3,14,3,5,25,0,4,4,29
02/22/2015,HLN,MT,ANM,WE,Combination Non-Radar Approach Control & Tower w/o Radar,3,8,0,0,11,0,0,14,0,14,3,8,14,0,25,0,0,0,25
02/23/2015,HLN,MT,ANM,WE,Combination Non-Radar Approach Control & Tower w/o Radar,4,14,3,4,25,0,1,30,10,41,4,15,33,14,66,25,0,25,91
02/24/2015,HLN,MT,ANM,WE,Combination Non-Radar Approach Control & Tower w/o Radar,4,10,5,0,19,0,2,31,19,52,4,12,36,19,71,34,0,34,105
02/25/2015,HLN,MT,ANM,WE,Combination Non-Radar Approach Control & Tower w/o Radar,3,13,7,0,23,0,0,0,12,12,3,13,7,12,35,0,0,0,35
02/26/2015,HLN,MT,ANM,WE,Combination Non-Radar Approach Control & Tower w/o Radar,4,13,5,0,22,0,0,11,12,23,4,13,16,12,45,0,6,6,51
02/27/2015,HLN,MT,ANM,WE,Combination Non-Radar Approach Control & Tower w/o Radar,3,15,12,2,32,0,0,11,12,23,3,15,23,14,55,26,4,30,85
02/28/2015,HLN,MT,ANM,WE,Combination Non-Radar Approach Control & Tower w/o Radar,4,10,1,2,17,0,1,8,0,9,4,11,9,2,26,0,0,0,26
03/01/2015,HLN,MT,ANM,WE,Combination Non-Radar Approach Control & Tower w/o Radar,3,9,4,0,16,0,1,31,0,32,3,10,35,0,48,24,0,24,72
03/02/2015,HLN,MT,ANM,WE,Combination Non-Radar Approach Control & Tower w/o Radar,5,20,4,2,31,0,0,9,6,15,5,20,13,8,46,46,4,50,96
03/03/2015,HLN,MT,ANM,WE,Combination Non-Radar Approach Control & Tower w/o Radar,4,10,2,0,16,0,3,22,14,39,4,13,24,14,55,74,0,74,129
03/04/2015,HLN,MT,ANM,WE,Combination Non-Radar Approach Control & Tower w/o Radar,4,14,5,0,23,0,0,35,7,42,4,14,40,7,65,68,16,84,149
03/05/2015,HLN,MT,ANM,WE,Combination Non-Radar Approach Control & Tower w/o Radar,4,13,6,0,23,0,0,23,19,42,4,13,29,19,65,64,4,68,133
03/06/2015,HLN,MT,ANM,WE,Combination Non-Radar Approach Control & Tower w/o Radar,4,15,6,3,28,0,0,25,25,50,4,15,31,28,78,30,26,56,134
03/07/2015,HLN,MT,ANM,WE,Combination Non-Radar Approach Control & Tower w/o Radar,4,10,2,0,16,0,0,18,16,34,4,10,20,16,50,56,6,62,112
03/08/2015,HLN,MT,ANM,WE,Combination Non-Radar Approach Control & Tower w/o Radar,4,8,1,1,14,0,1,19,0,20,4,9,20,1,34,46,0,46,80
03/09/2015,HLN,MT,ANM,WE,Combination Non-Radar Approach Control & Tower w/o Radar,4,13,4,1,22,0,5,34,6,45,4,18,38,7,67,64,4,68,135
03/10/2015,HLN,MT,ANM,WE,Combination Non-Radar Approach Control & Tower w/o Radar,4,13,1,1,19,0,6,49,16,71,4,19,50,17,90,134,18,152,242
03/11/2015,HLN,MT,ANM,WE,Combination Non-Radar Approach Control & Tower w/o Radar,4,13,2,1,20,0,2,26,12,40,4,15,28,13,60,42,14,56,116
03/12/2015,HLN,MT,ANM,WE,Combination Non-Radar Approach Control & Tower w/o Radar,4,12,1,0,17,0,1,20,24,45,4,13,21,24,62,50,10,60,122
03/13/2015,HLN,MT,ANM,WE,Combination Non-Radar Approach Control & Tower w/o Radar,4,20,1,0,25,0,2,51,11,64,4,22,52,11,89,121,4,125,214
03/14/2015,HLN,MT,ANM,WE,Combination Non-Radar Approach Control & Tower w/o Radar,4,9,1,0,14,0,0,11,0,11,4,9,12,0,25,18,0,18,43
03/15/2015,HLN,MT,ANM,WE,Combination Non-Radar Approach Control & Tower w/o Radar,4,10,0,0,14,0,0,12,0,12,4,10,12,0,26,14,0,14,40
03/16/2015,HLN,MT,ANM,WE,Combination Non-Radar Approach Control & Tower w/o Radar,4,13,3,0,20,0,3,17,6,26,4,16,20,6,46,24,0,24,70
03/17/2015,HLN,MT,ANM,WE,Combination Non-Radar Approach Control & Tower w/o Radar,3,12,5,0,20,0,0,0,2,2,3,12,5,2,22,0,0,0,22
03/18/2015,HLN,MT,ANM,WE,Combination Non-Radar Approach Control & Tower w/o Radar,4,16,4,0,24,0,3,32,19,54,4,19,36,19,78,62,8,70,148
03/19/2015,HLN,MT,ANM,WE,Combination Non-Radar Approach Control & Tower w/o Radar,5,14,7,1,27,0,2,64,15,81,5,16,71,16,108,84,4,88,196
03/20/2015,HLN,MT,ANM,WE,Combination Non-Radar Approach Control & Tower w/o Radar,4,12,3,3,22,0,2,41,26,69,4,14,44,29,91,84,16,100,191
03/21/2015,HLN,MT,ANM,WE,Combination Non-Radar Approach Control & Tower w/o Radar,4,11,0,0,15,0,0,37,24,61,4,11,37,24,76,82,16,98,174
03/22/2015,HLN,MT,ANM,WE,Combination Non-Radar Approach Control & Tower w/o Radar,4,11,2,2,19,0,2,31,1,34,4,13,33,3,53,40,0,40,93
03/23/2015,HLN,MT,ANM,WE,Combination Non-Radar Approach Control & Tower w/o Radar,3,12,4,1,20,0,0,18,8,26,3,12,22,9,46,20,14,34,80
03/24/2015,HLN,MT,ANM,WE,Combination Non-Radar Approach Control & Tower w/o Radar,3,13,3,1,20,0,0,13,27,40,3,13,16,28,60,22,18,40,100
03/25/2015,HLN,MT,ANM,WE,Combination Non-Radar Approach Control & Tower w/o Radar,4,13,0,2,19,0,0,19,15,34,4,13,19,17,53,22,2,24,77
03/26/2015,HLN,MT,ANM,WE,Combination Non-Radar Approach Control & Tower w/o Radar,4,14,9,2,29,0,2,31,23,56,4,16,40,25,85,30,12,42,127
03/27/2015,HLN,MT,ANM,WE,Combination Non-Radar Approach Control & Tower w/o Radar,4,16,3,0,23,0,4,54,16,74,4,20,57,16,97,64,4,68,165
03/28/2015,HLN,MT,ANM,WE,Combination Non-Radar Approach Control & Tower w/o Radar,4,9,1,0,14,0,0,4,0,4,4,9,5,0,18,0,0,0,18
03/29/2015,HLN,MT,ANM,WE,Combination Non-Radar Approach Control & Tower w/o Radar,4,12,1,0,17,0,1,16,2,19,4,13,17,2,36,54,0,54,90
03/30/2015,HLN,MT,ANM,WE,Combination Non-Radar Approach Control & Tower w/o Radar,4,16,3,1,24,0,2,60,12,74,4,18,63,13,98,94,14,108,206
03/31/2015,HLN,MT,ANM,WE,Combination Non-Radar Approach Control & Tower w/o Radar,3,13,14,2,32,0,0,28,22,50,3,13,42,24,82,34,0,34,116
04/01/2015,HLN,MT,ANM,WE,Combination Non-Radar Approach Control & Tower w/o Radar,4,18,10,0,32,0,0,10,11,21,4,18,20,11,53,2,6,8,61
04/02/2015,HLN,MT,ANM,WE,Combination Non-Radar Approach Control & Tower w/o Radar,3,14,9,0,26,0,0,22,10,32,3,14,31,10,58,68,6,74,132
04/03/2015,HLN,MT,ANM,WE,Combination Non-Radar Approach Control & Tower w/o Radar,5,14,2,2,23,0,0,54,16,70,5,14,56,18,93,102,0,102,195
04/04/2015,HLN,MT,ANM,WE,Combination Non-Radar Approach Control & Tower w/o Radar,4,12,1,0,17,0,2,24,0,26,4,14,25,0,43,54,0,54,97
04/05/2015,HLN,MT,ANM,WE,Combination Non-Radar Approach Control & Tower w/o Radar,6,10,1,0,17,0,0,3,1,4,6,10,4,1,21,6,0,6,27
04/06/2015,HLN,MT,ANM,WE,Combination Non-Radar Approach Control & Tower w/o Radar,4,15,13,2,34,0,0,9,10,19,4,15,22,12,53,26,0,26,79
04/07/2015,HLN,MT,ANM,WE,Combination Non-Radar Approach Control & Tower w/o Radar,4,9,10,0,23,0,0,51,19,70,4,9,61,19,93,26,2,28,121
04/08/2015,HLN,MT,ANM,WE,Combination Non-Radar Approach Control & Tower w/o Radar,4,12,4,2,22,0,1,44,12,57,4,13,48,14,79,36,4,40,119
04/09/2015,HLN,MT,ANM,WE,Combination Non-Radar Approach Control & Tower w/o Radar,3,19,6,2,30,0,0,48,18,66,3,19,54,20,96,50,2,52,148
04/10/2015,HLN,MT,ANM,WE,Combination Non-Radar Approach Control & Tower w/o Radar,4,13,9,0,26,0,2,48,32,82,4,15,57,32,108,56,14,70,178
04/11/2015,HLN,MT,ANM,WE,Combination Non-Radar Approach Control & Tower w/o Radar,4,13,2,0,19,0,3,4,15,22,4,16,6,15,41,4,10,14,55
04/12/2015,HLN,MT,ANM,WE,Combination Non-Radar Approach Control & Tower w/o Radar,6,11,1,0,18,0,0,3,4,7,6,11,4,4,25,0,0,0,25
04/13/2015,HLN,MT,ANM,WE,Combination Non-Radar Approach Control & Tower w/o Radar,4,13,5,0,22,0,0,27,8,35,4,13,32,8,57,20,2,22,79
04/14/2015,HLN,MT,ANM,WE,Combination Non-Radar Approach Control & Tower w/o Radar,3,11,4,0,18,0,0,9,11,20,3,11,13,11,38,18,22,40,78
04/15/2015,HLN,MT,ANM,WE,Combination Non-Radar Approach Control & Tower w/o Radar,6,11,7,1,25,0,0,8,4,12,6,11,15,5,37,8,4,12,49
04/16/2015,HLN,MT,ANM,WE,Combination Non-Radar Approach Control & Tower w/o Radar,3,14,7,1,25,0,2,49,11,62,3,16,56,12,87,108,0,108,195
04/17/2015,HLN,MT,ANM,WE,Combination Non-Radar Approach Control & Tower w/o Radar,4,13,7,0,24,0,0,68,6,74,4,13,75,6,98,62,2,64,162
04/18/2015,HLN,MT,ANM,WE,Combination Non-Radar Approach Control & Tower w/o Radar,5,9,2,2,18,0,1,7,2,10,5,10,9,4,28,24,0,24,52
04/19/2015,HLN,MT,ANM,WE,Combination Non-Radar Approach Control & Tower w/o Radar,4,11,9,2,26,0,0,28,8,36,4,11,37,10,62,22,14,36,98
04/20/2015,HLN,MT,ANM,WE,Combination Non-Radar Approach Control & Tower w/o Radar,4,12,0,2,18,0,0,43,11,54,4,12,43,13,72,82,2,84,156
04/21/2015,HLN,MT,ANM,WE,Combination Non-Radar Approach Control & Tower w/o Radar,4,11,8,3,26,0,4,31,11,46,4,15,39,14,72,58,0,58,130
04/22/2015,HLN,MT,ANM,WE,Combination Non-Radar Approach Control & Tower w/o Radar,4,16,3,2,25,0,0,34,7,41,4,16,37,9,66,42,4,46,112
04/23/2015,HLN,MT,ANM,WE,Combination Non-Radar Approach Control & Tower w/o Radar,4,12,8,2,26,0,0,51,6,57,4,12,59,8,83,42,0,42,125
04/24/2015,HLN,MT,ANM,WE,Combination Non-Radar Approach Control & Tower w/o Radar,4,18,9,0,31,0,0,9,14,23,4,18,18,14,54,22,4,26,80
04/25/2015,HLN,MT,ANM,WE,Combination Non-Radar Approach Control & Tower w/o Radar,2,13,3,0,18,0,3,34,11,48,2,16,37,11,66,38,0,38,104
04/26/2015,HLN,MT,ANM,WE,Combination Non-Radar Approach Control & Tower w/o Radar,4,10,3,0,17,0,0,0,0,0,4,10,3,0,17,0,0,0,17
04/27/2015,HLN,MT,ANM,WE,Combination Non-Radar Approach Control & Tower w/o Radar,4,12,13,0,29,0,1,37,7,45,4,13,50,7,74,58,14,72,146
04/28/2015,HLN,MT,ANM,WE,Combination Non-Radar Approach Control & Tower w/o Radar,4,11,6,1,22,0,0,54,21,75,4,11,60,22,97,68,16,84,181
04/29/2015,HLN,MT,ANM,WE,Combination Non-Radar Approach Control & Tower w/o Radar,3,13,7,2,25,0,0,48,6,54,3,13,55,8,79,46,2,48,127
04/30/2015,HLN,MT,ANM,WE,Combination Non-Radar Approach Control & Tower w/o Radar,3,17,8,2,30,0,3,42,10,55,3,20,50,12,85,88,0,88,173
05/01/2015,HLN,MT,ANM,WE,Combination Non-Radar Approach Control & Tower w/o Radar,4,14,6,3,27,0,2,37,26,65,4,16,43,29,92,126,10,136,228
05/02/2015,HLN,MT,ANM,WE,Combination Non-Radar Approach Control & Tower w/o Radar,2,11,2,0,15,0,0,33,36,69,2,11,35,36,84,119,16,135,219
05/03/2015,HLN,MT,ANM,WE,Combination Non-Radar Approach Control & Tower w/o Radar,4,9,2,0,15,0,0,44,20,64,4,9,46,20,79,68,4,72,151
05/04/2015,HLN,MT,ANM,WE,Combination Non-Radar Approach Control & Tower w/o Radar,3,11,2,0,16,0,0,32,14,46,3,11,34,14,62,96,10,106,168
05/05/2015,HLN,MT,ANM,WE,Combination Non-Radar Approach Control & Tower w/o Radar,3,15,13,4,35,0,0,29,11,40,3,15,42,15,75,36,6,42,117
05/06/2015,HLN,MT,ANM,WE,Combination Non-Radar Approach Control & Tower w/o Radar,2,17,11,0,30,0,0,30,0,30,2,17,41,0,60,50,0,50,110
05/07/2015,HLN,MT,ANM,WE,Combination Non-Radar Approach Control & Tower w/o Radar,4,14,16,0,34,0,0,18,24,42,4,14,34,24,76,58,12,70,146
05/08/2015,HLN,MT,ANM,WE,Combination Non-Radar Approach Control & Tower w/o Radar,2,17,9,1,29,0,1,29,9,39,2,18,38,10,68,78,0,78,146
05/09/2015,HLN,MT,ANM,WE,Combination Non-Radar Approach Control & Tower w/o Radar,3,13,2,1,19,0,0,37,1,38,3,13,39,2,57,88,0,88,145
05/10/2015,HLN,MT,ANM,WE,Combination Non-Radar Approach Control & Tower w/o Radar,4,14,5,0,23,0,0,21,0,21,4,14,26,0,44,56,0,56,100
05/11/2015,HLN,MT,ANM,WE,Combination Non-Radar Approach Control & Tower w/o Radar,3,10,7,2,22,0,1,54,8,63,3,11,61,10,85,98,10,108,193
05/12/2015,HLN,MT,ANM,WE,Combination Non-Radar Approach Control & Tower w/o Radar,3,19,9,1,32,0,3,21,14,38,3,22,30,15,70,36,12,48,118
05/13/2015,HLN,MT,ANM,WE,Combination Non-Radar Approach Control & Tower w/o Radar,4,12,16,0,32,0,3,31,13,47,4,15,47,13,79,27,0,27,106
05/14/2015,HLN,MT,ANM,WE,Combination Non-Radar Approach Control & Tower w/o Radar,4,17,8,0,29,0,0,18,6,24,4,17,26,6,53,12,0,12,65
05/15/2015,HLN,MT,ANM,WE,Combination Non-Radar Approach Control & Tower w/o Radar,4,11,12,6,33,0,0,12,13,25,4,11,24,19,58,50,4,54,112
05/16/2015,HLN,MT,ANM,WE,Combination Non-Radar Approach Control & Tower w/o Radar,4,9,4,0,17,0,0,14,0,14,4,9,18,0,31,24,0,24,55
05/17/2015,HLN,MT,ANM,WE,Combination Non-Radar Approach Control & Tower w/o Radar,4,9,5,1,19,0,0,3,0,3,4,9,8,1,22,0,0,0,22
05/18/2015,HLN,MT,ANM,WE,Combination Non-Radar Approach Control & Tower w/o Radar,4,17,6,7,34,0,0,37,14,51,4,17,43,21,85,106,12,118,203
05/19/2015,HLN,MT,ANM,WE,Combination Non-Radar Approach Control & Tower w/o Radar,4,13,12,0,29,0,3,40,16,59,4,16,52,16,88,77,14,91,179
05/20/2015,HLN,MT,ANM,WE,Combination Non-Radar Approach Control & Tower w/o Radar,4,16,7,4,31,0,3,53,17,73,4,19,60,21,104,40,0,40,144
05/21/2015,HLN,MT,ANM,WE,Combination Non-Radar Approach Control & Tower w/o Radar,4,12,7,0,23,0,3,59,19,81,4,15,66,19,104,80,12,92,196
05/22/2015,HLN,MT,ANM,WE,Combination Non-Radar Approach Control & Tower w/o Radar,5,13,4,0,22,0,1,53,6,60,5,14,57,6,82,50,2,52,134
05/23/2015,HLN,MT,ANM,WE,Combination Non-Radar Approach Control & Tower w/o Radar,4,12,5,0,21,0,0,11,0,11,4,12,16,0,32,20,0,20,52
05/24/2015,HLN,MT,ANM,WE,Combination Non-Radar Approach Control & Tower w/o Radar,4,4,0,0,8,0,0,7,0,7,4,4,7,0,15,16,0,16,31
05/25/2015,HLN,MT,ANM,WE,Combination Non-Radar Approach Control & Tower w/o Radar,4,8,7,0,19,0,0,37,0,37,4,8,44,0,56,36,0,36,92
05/26/2015,HLN,MT,ANM,WE,Combination Non-Radar Approach Control & Tower w/o Radar,3,13,8,1,25,0,2,31,14,47,3,15,39,15,72,30,0,30,102
05/27/2015,HLN,MT,ANM,WE,Combination Non-Radar Approach Control & Tower w/o Radar,4,13,14,1,32,0,2,7,8,17,4,15,21,9,49,54,0,54,103
05/28/2015,HLN,MT,ANM,WE,Combination Non-Radar Approach Control & Tower w/o Radar,4,23,8,0,35,0,0,21,17,38,4,23,29,17,73,14,0,14,87
05/29/2015,HLN,MT,ANM,WE,Combination Non-Radar Approach Control & Tower w/o Radar,4,12,8,1,25,0,1,43,20,64,4,13,51,21,89,52,8,60,149
05/30/2015,HLN,MT,ANM,WE,Combination Non-Radar Approach Control & Tower w/o Radar,3,12,3,1,19,0,0,37,21,58,3,12,40,22,77,58,2,60,137
05/31/2015,HLN,MT,ANM,WE,Combination Non-Radar Approach Control & Tower w/o Radar,4,10,2,2,18,0,1,15,26,42,4,11,17,28,60,10,15,25,85
06/01/2015,HLN,MT,ANM,WE,Combination Non-Radar Approach Control & Tower w/o Radar,4,16,6,0,26,0,2,14,4,20,4,18,20,4,46,82,2,84,130
06/02/2015,HLN,MT,ANM,WE,Combination Non-Radar Approach Control & Tower w/o Radar,3,13,2,0,18,0,0,20,9,29,3,13,22,9,47,6,0,6,53
06/03/2015,HLN,MT,ANM,WE,Combination Non-Radar Approach Control & Tower w/o Radar,4,14,10,1,29,0,3,22,5,30,4,17,32,6,59,44,8,52,111
06/04/2015,HLN,MT,ANM,WE,Combination Non-Radar Approach Control & Tower w/o Radar,4,17,9,0,30,0,2,48,15,65,4,19,57,15,95,54,2,56,151
06/05/2015,HLN,MT,ANM,WE,Combination Non-Radar Approach Control & Tower w/o Radar,5,13,6,1,25,0,7,63,19,89,5,20,69,20,114,42,2,44,158
06/06/2015,HLN,MT,ANM,WE,Combination Non-Radar Approach Control & Tower w/o Radar,3,12,3,1,19,0,4,36,20,60,3,16,39,21,79,72,4,76,155
06/07/2015,HLN,MT,ANM,WE,Combination Non-Radar Approach Control & Tower w/o Radar,4,8,3,0,15,0,2,30,2,34,4,10,33,2,49,18,0,18,67
06/08/2015,HLN,MT,ANM,WE,Combination Non-Radar Approach Control & Tower w/o Radar,3,13,10,3,29,0,4,30,6,40,3,17,40,9,69,22,0,22,91
06/09/2015,HLN,MT,ANM,WE,Combination Non-Radar Approach Control & Tower w/o Radar,4,9,1,2,16,0,3,28,8,39,4,12,29,10,55,30,2,32,87
06/10/2015,HLN,MT,ANM,WE,Combination Non-Radar Approach Control & Tower w/o Radar,3,13,9,2,27,0,0,31,17,48,3,13,40,19,75,18,2,20,95
06/11/2015,HLN,MT,ANM,WE,Combination Non-Radar Approach Control & Tower w/o Radar,4,14,11,2,31,0,2,43,16,61,4,16,54,18,92,42,6,48,140
06/12/2015,HLN,MT,ANM,WE,Combination Non-Radar Approach Control & Tower w/o Radar,3,15,4,9,31,0,0,30,17,47,3,15,34,26,78,2,0,2,80
06/13/2015,HLN,MT,ANM,WE,Combination Non-Radar Approach Control & Tower w/o Radar,5,11,1,2,19,0,3,39,7,49,5,14,40,9,68,24,0,24,92
06/14/2015,HLN,MT,ANM,WE,Combination Non-Radar Approach Control & Tower w/o Radar,5,14,4,1,24,0,0,13,1,14,5,14,17,2,38,0,0,0,38
06/15/2015,HLN,MT,ANM,WE,Combination Non-Radar Approach Control & Tower w/o Radar,4,12,6,2,24,0,2,34,9,45,4,14,40,11,69,52,6,58,127
06/16/2015,HLN,MT,ANM,WE,Combination Non-Radar Approach Control & Tower w/o Radar,4,13,5,0,22,0,0,35,5,40,4,13,40,5,62,76,0,76,138
06/17/2015,HLN,MT,ANM,WE,Combination Non-Radar Approach Control & Tower w/o Radar,4,14,6,0,24,0,1,47,14,62,4,15,53,14,86,26,6,32,118
06/18/2015,HLN,MT,ANM,WE,Combination Non-Radar Approach Control & Tower w/o Radar,3,19,10,0,32,0,0,65,11,76,3,19,75,11,108,44,0,44,152
06/19/2015,HLN,MT,ANM,WE,Combination Non-Radar Approach Control & Tower w/o Radar,4,18,7,0,29,0,6,65,8,79,4,24,72,8,108,20,4,24,132
06/20/2015,HLN,MT,ANM,WE,Combination Non-Radar Approach Control & Tower w/o Radar,5,13,0,2,20,0,6,23,5,34,5,19,23,7,54,38,6,44,98
06/21/2015,HLN,MT,ANM,WE,Combination Non-Radar Approach Control & Tower w/o Radar,4,11,5,0,20,0,2,51,0,53,4,13,56,0,73,22,0,22,95
06/22/2015,HLN,MT,ANM,WE,Combination Non-Radar Approach Control & Tower w/o Radar,5,17,10,0,32,0,0,48,12,60,5,17,58,12,92,32,0,32,124
06/23/2015,HLN,MT,ANM,WE,Combination Non-Radar Approach Control & Tower w/o Radar,5,11,3,0,19,0,3,74,6,83,5,14,77,6,102,40,0,40,142
06/24/2015,HLN,MT,ANM,WE,Combination Non-Radar Approach Control & Tower w/o Radar,4,16,2,4,26,0,0,53,1,54,4,16,55,5,80,54,6,60,140
06/25/2015,HLN,MT,ANM,WE,Combination Non-Radar Approach Control & Tower w/o Radar,3,12,7,2,24,0,2,41,12,55,3,14,48,14,79,60,4,64,143
06/26/2015,HLN,MT,ANM,WE,Combination Non-Radar Approach Control & Tower w/o Radar,4,15,8,3,30,0,6,56,21,83,4,21,64,24,113,22,2,24,137
06/27/2015,HLN,MT,ANM,WE,Combination Non-Radar Approach Control & Tower w/o Radar,4,11,1,1,17,0,2,44,10,56,4,13,45,11,73,45,4,49,122
06/28/2015,HLN,MT,ANM,WE,Combination Non-Radar Approach Control & Tower w/o Radar,5,6,1,2,14,0,0,50,7,57,5,6,51,9,71,22,0,22,93
06/29/2015,HLN,MT,ANM,WE,Combination Non-Radar Approach Control & Tower w/o Radar,5,11,5,2,23,0,2,64,10,76,5,13,69,12,99,44,6,50,149
06/30/2015,HLN,MT,ANM,WE,Combination Non-Radar Approach Control & Tower w/o Radar,4,15,7,0,26,0,0,37,20,57,4,15,44,20,83,2,0,2,85
07/01/2015,HLN,MT,ANM,WE,Combination Non-Radar Approach Control & Tower w/o Radar,3,14,1,2,20,0,2,49,0,51,3,16,50,2,71,16,0,16,87
07/02/2015,HLN,MT,ANM,WE,Combination Non-Radar Approach Control & Tower w/o Radar,3,17,3,2,25,0,1,52,11,64,3,18,55,13,89,26,0,26,115
07/03/2015,HLN,MT,ANM,WE,Combination Non-Radar Approach Control & Tower w/o Radar,5,9,2,0,16,0,2,42,0,44,5,11,44,0,60,6,0,6,66
07/04/2015,HLN,MT,ANM,WE,Combination Non-Radar Approach Control & Tower w/o Radar,5,6,0,0,11,0,0,43,0,43,5,6,43,0,54,6,0,6,60
07/05/2015,HLN,MT,ANM,WE,Combination Non-Radar Approach Control & Tower w/o Radar,4,9,12,0,25,0,0,9,0,9,4,9,21,0,34,6,0,6,40
07/06/2015,HLN,MT,ANM,WE,Combination Non-Radar Approach Control & Tower w/o Radar,5,12,8,0,25,0,1,36,4,41,5,13,44,4,66,14,0,14,80
07/07/2015,HLN,MT,ANM,WE,Combination Non-Radar Approach Control & Tower w/o Radar,3,11,1,0,15,0,7,43,9,59,3,18,44,9,74,18,16,34,108
07/08/2015,HLN,MT,ANM,WE,Combination Non-Radar Approach Control & Tower w/o Radar,4,15,6,0,25,0,1,45,12,58,4,16,51,12,83,26,4,30,113
07/09/2015,HLN,MT,ANM,WE,Combination Non-Radar Approach Control & Tower w/o Radar,4,18,10,0,32,0,1,54,11,66,4,19,64,11,98,30,4,34,132
07/10/2015,HLN,MT,ANM,WE,Combination Non-Radar Approach Control & Tower w/o Radar,5,22,5,0,32,0,2,41,10,53,5,24,46,10,85,62,8,70,155
07/11/2015,HLN,MT,ANM,WE,Combination Non-Radar Approach Control & Tower w/o Radar,5,9,1,0,15,0,2,22,4,28,5,11,23,4,43,4,0,4,47
07/12/2015,HLN,MT,ANM,WE,Combination Non-Radar Approach Control & Tower w/o Radar,6,10,3,0,19,0,3,33,2,38,6,13,36,2,57,2,2,4,61
07/13/2015,HLN,MT,ANM,WE,Combination Non-Radar Approach Control & Tower w/o Radar,5,15,6,2,28,0,1,57,5,63,5,16,63,7,91,58,6,64,155
07/14/2015,HLN,MT,ANM,WE,Combination Non-Radar Approach Control & Tower w/o Radar,4,9,2,1,16,0,2,55,7,64,4,11,57,8,80,74,6,80,160
07/15/2015,HLN,MT,ANM,WE,Combination Non-Radar Approach Control & Tower w/o Radar,5,15,9,0,29,0,1,61,12,74,5,16,70,12,103,76,8,84,187
07/16/2015,HLN,MT,ANM,WE,Combination Non-Radar Approach Control & Tower w/o Radar,4,14,9,1,28,0,6,66,20,92,4,20,75,21,120,64,0,64,184
07/17/2015,HLN,MT,ANM,WE,Combination Non-Radar Approach Control & Tower w/o Radar,3,19,6,1,29,0,2,60,15,77,3,21,66,16,106,18,8,26,132
07/18/2015,HLN,MT,ANM,WE,Combination Non-Radar Approach Control & Tower w/o Radar,5,9,6,0,20,0,7,43,9,59,5,16,49,9,79,76,4,80,159
07/19/2015,HLN,MT,ANM,WE,Combination Non-Radar Approach Control & Tower w/o Radar,4,8,5,0,17,0,1,53,1,55,4,9,58,1,72,52,0,52,124
07/20/2015,HLN,MT,ANM,WE,Combination Non-Radar Approach Control & Tower w/o Radar,6,12,4,2,24,0,4,53,7,64,6,16,57,9,88,64,0,64,152
07/21/2015,HLN,MT,ANM,WE,Combination Non-Radar Approach Control & Tower w/o Radar,5,16,8,2,31,0,62,56,12,130,5,78,64,14,161,26,8,34,195
07/22/2015,HLN,MT,ANM,WE,Combination Non-Radar Approach Control & Tower w/o Radar,3,14,4,1,22,0,4,45,12,61,3,18,49,13,83,24,0,24,107
07/23/2015,HLN,MT,ANM,WE,Combination Non-Radar Approach Control & Tower w/o Radar,3,14,12,1,30,0,1,49,13,63,3,15,61,14,93,44,0,44,137
07/24/2015,HLN,MT,ANM,WE,Combination Non-Radar Approach Control & Tower w/o Radar,4,14,5,0,23,0,6,67,18,91,4,20,72,18,114,60,20,80,194
07/25/2015,HLN,MT,ANM,WE,Combination Non-Radar Approach Control & Tower w/o Radar,4,9,3,1,17,0,4,48,1,53,4,13,51,2,70,26,0,26,96
07/26/2015,HLN,MT,ANM,WE,Combination Non-Radar Approach Control & Tower w/o Radar,3,11,1,1,16,0,4,39,0,43,3,15,40,1,59,18,0,18,77
07/27/2015,HLN,MT,ANM,WE,Combination Non-Radar Approach Control & Tower w/o Radar,6,12,14,0,32,0,0,8,1,9,6,12,22,1,41,0,0,0,41
07/28/2015,HLN,MT,ANM,WE,Combination Non-Radar Approach Control & Tower w/o Radar,5,9,2,0,16,0,0,20,11,31,5,9,22,11,47,4,0,4,51
07/29/2015,HLN,MT,ANM,WE,Combination Non-Radar Approach Control & Tower w/o Radar,4,15,13,0,32,0,0,54,16,70,4,15,67,16,102,32,4,36,138
07/30/2015,HLN,MT,ANM,WE,Combination Non-Radar Approach Control & Tower w/o Radar,5,13,6,0,24,0,0,69,12,81,5,13,75,12,105,91,8,99,204
07/31/2015,HLN,MT,ANM,WE,Combination Non-Radar Approach Control & Tower w/o Radar,4,18,4,0,26,0,0,46,35,81,4,18,50,35,107,90,10,100,207
08/01/2015,HLN,MT,ANM,WE,Combination Non-Radar Approach Control & Tower w/o Radar,5,13,4,0,22,0,0,40,21,61,5,13,44,21,83,34,2,36,119
08/02/2015,HLN,MT,ANM,WE,Combination Non-Radar Approach Control & Tower w/o Radar,7,7,3,0,17,0,3,44,3,50,7,10,47,3,67,66,0,66,133
08/03/2015,HLN,MT,ANM,WE,Combination Non-Radar Approach Control & Tower w/o Radar,4,13,3,0,20,0,4,48,9,61,4,17,51,9,81,46,4,50,131
08/04/2015,HLN,MT,ANM,WE,Combination Non-Radar Approach Control & Tower w/o Radar,3,16,8,0,27,0,4,40,10,54,3,20,48,10,81,26,0,26,107
08/05/2015,HLN,MT,ANM,WE,Combination Non-Radar Approach Control & Tower w/o Radar,5,12,5,0,22,0,0,34,0,34,5,12,39,0,56,8,0,8,64
08/06/2015,HLN,MT,ANM,WE,Combination Non-Radar Approach Control & Tower w/o Radar,3,12,7,0,22,0,0,54,12,66,3,12,61,12,88,42,10,52,140
08/07/2015,HLN,MT,ANM,WE,Combination Non-Radar Approach Control & Tower w/o Radar,5,12,2,0,19,0,0,60,9,69,5,12,62,9,88,22,2,24,112
08/08/2015,HLN,MT,ANM,WE,Combination Non-Radar Approach Control & Tower w/o Radar,7,8,2,0,17,0,0,44,0,44,7,8,46,0,61,18,0,18,79
08/09/2015,HLN,MT,ANM,WE,Combination Non-Radar Approach Control & Tower w/o Radar,5,9,2,0,16,0,8,44,0,52,5,17,46,0,68,10,0,10,78
08/10/2015,HLN,MT,ANM,WE,Combination Non-Radar Approach Control & Tower w/o Radar,5,15,2,0,22,0,4,46,24,74,5,19,48,24,96,12,2,14,110
08/11/2015,HLN,MT,ANM,WE,Combination Non-Radar Approach Control & Tower w/o Radar,4,12,4,0,20,0,6,66,29,101,4,18,70,29,121,38,6,44,165
08/12/2015,HLN,MT,ANM,WE,Combination Non-Radar Approach Control & Tower w/o Radar,5,15,3,3,26,0,9,51,26,86,5,24,54,29,112,8,6,14,126
08/13/2015,HLN,MT,ANM,WE,Combination Non-Radar Approach Control & Tower w/o Radar,5,17,4,1,27,0,20,48,13,81,5,37,52,14,108,36,2,38,146
08/14/2015,HLN,MT,ANM,WE,Combination Non-Radar Approach Control & Tower w/o Radar,6,16,4,0,26,17,14,51,8,90,23,30,55,8,116,24,0,24,140
08/15/2015,HLN,MT,ANM,WE,Combination Non-Radar Approach Control & Tower w/o Radar,5,9,11,0,25,3,16,19,0,38,8,25,30,0,63,0,0,0,63
08/16/2015,HLN,MT,ANM,WE,Combination Non-Radar Approach Control & Tower w/o Radar,5,9,4,0,18,3,17,33,2,55,8,26,37,2,73,10,0,10,83
08/17/2015,HLN,MT,ANM,WE,Combination Non-Radar Approach Control & Tower w/o Radar,5,11,6,0,22,0,3,57,5,65,5,14,63,5,87,58,0,58,145
08/18/2015,HLN,MT,ANM,WE,Combination Non-Radar Approach Control & Tower w/o Radar,5,15,20,0,40,2,10,44,23,79,7,25,64,23,119,50,6,56,175
08/19/2015,HLN,MT,ANM,WE,Combination Non-Radar Approach Control & Tower w/o Radar,6,13,15,1,35,1,8,78,6,93,7,21,93,7,128,78,2,80,208
08/20/2015,HLN,MT,ANM,WE,Combination Non-Radar Approach Control & Tower w/o Radar,5,17,22,2,46,0,1,39,4,44,5,18,61,6,90,52,0,52,142
08/21/2015,HLN,MT,ANM,WE,Combination Non-Radar Approach Control & Tower w/o Radar,5,16,3,4,28,0,0,16,11,27,5,16,19,15,55,56,8,64,119
08/22/2015,HLN,MT,ANM,WE,Combination Non-Radar Approach Control & Tower w/o Radar,5,9,9,0,23,0,8,40,7,55,5,17,49,7,78,40,0,40,118
08/23/2015,HLN,MT,ANM,WE,Combination Non-Radar Approach Control & Tower w/o Radar,4,10,12,0,26,0,4,43,6,53,4,14,55,6,79,52,0,52,131
08/24/2015,HLN,MT,ANM,WE,Combination Non-Radar Approach Control & Tower w/o Radar,6,17,9,0,32,0,3,29,7,39,6,20,38,7,71,4,0,4,75
08/25/2015,HLN,MT,ANM,WE,Combination Non-Radar Approach Control & Tower w/o Radar,5,10,9,2,26,1,10,21,9,41,6,20,30,11,67,32,2,34,101
08/26/2015,HLN,MT,ANM,WE,Combination Non-Radar Approach Control & Tower w/o Radar,3,14,12,0,29,10,10,34,41,95,13,24,46,41,124,0,12,12,136
08/27/2015,HLN,MT,ANM,WE,Combination Non-Radar Approach Control & Tower w/o Radar,6,12,10,4,32,0,7,18,9,34,6,19,28,13,66,64,8,72,138
08/28/2015,HLN,MT,ANM,WE,Combination Non-Radar Approach Control & Tower w/o Radar,4,16,8,1,29,0,2,12,5,19,4,18,20,6,48,72,0,72,120
08/29/2015,HLN,MT,ANM,WE,Combination Non-Radar Approach Control & Tower w/o Radar,7,10,7,2,26,0,2,8,2,12,7,12,15,4,38,10,0,10,48
08/30/2015,HLN,MT,ANM,WE,Combination Non-Radar Approach Control & Tower w/o Radar,5,15,5,0,25,16,13,27,5,61,21,28,32,5,86,8,0,8,94
08/31/2015,HLN,MT,ANM,WE,Combination Non-Radar Approach Control & Tower w/o Radar,5,13,7,2,27,16,99,43,13,171,21,112,50,15,198,18,0,18,216
09/01/2015,HLN,MT,ANM,WE,Combination Non-Radar Approach Control & Tower w/o Radar,4,13,16,0,33,6,25,68,9,108,10,38,84,9,141,68,0,68,209
09/02/2015,HLN,MT,ANM,WE,Combination Non-Radar Approach Control & Tower w/o Radar,3,18,10,0,31,4,14,36,8,62,7,32,46,8,93,58,0,58,151
09/03/2015,HLN,MT,ANM,WE,Combination Non-Radar Approach Control & Tower w/o Radar,4,17,9,8,38,0,13,36,7,56,4,30,45,15,94,42,0,42,136
09/04/2015,HLN,MT,ANM,WE,Combination Non-Radar Approach Control & Tower w/o Radar,4,17,13,3,37,0,1,17,4,22,4,18,30,7,59,18,0,18,77
09/05/2015,HLN,MT,ANM,WE,Combination Non-Radar Approach Control & Tower w/o Radar,3,13,3,0,19,0,5,3,0,8,3,18,6,0,27,8,0,8,35
09/06/2015,HLN,MT,ANM,WE,Combination Non-Radar Approach Control & Tower w/o Radar,4,8,6,0,18,0,7,33,12,52,4,15,39,12,70,28,0,28,98
09/07/2015,HLN,MT,ANM,WE,Combination Non-Radar Approach Control & Tower w/o Radar,3,10,8,0,21,0,5,49,0,54,3,15,57,0,75,17,0,17,92
09/08/2015,HLN,MT,ANM,WE,Combination Non-Radar Approach Control & Tower w/o Radar,3,9,4,0,16,0,6,52,3,61,3,15,56,3,77,62,0,62,139
09/09/2015,HLN,MT,ANM,WE,Combination Non-Radar Approach Control & Tower w/o Radar,3,17,5,0,25,0,12,44,2,58,3,29,49,2,83,42,0,42,125
09/10/2015,HLN,MT,ANM,WE,Combination Non-Radar Approach Control & Tower w/o Radar,3,12,11,5,31,0,0,61,14,75,3,12,72,19,106,34,8,42,148
09/11/2015,HLN,MT,ANM,WE,Combination Non-Radar Approach Control & Tower w/o Radar,4,10,9,0,23,0,4,71,14,89,4,14,80,14,112,48,10,58,170
09/12/2015,HLN,MT,ANM,WE,Combination Non-Radar Approach Control & Tower w/o Radar,4,10,0,0,14,0,2,49,22,73,4,12,49,22,87,36,6,42,129
09/13/2015,HLN,MT,ANM,WE,Combination Non-Radar Approach Control & Tower w/o Radar,4,8,2,2,16,8,9,46,0,63,12,17,48,2,79,36,0,36,115
09/14/2015,HLN,MT,ANM,WE,Combination Non-Radar Approach Control & Tower w/o Radar,4,12,5,0,21,1,1,19,12,33,5,13,24,12,54,42,4,46,100
09/15/2015,HLN,MT,ANM,WE,Combination Non-Radar Approach Control & Tower w/o Radar,4,9,9,0,22,0,3,6,11,20,4,12,15,11,42,36,14,50,92
09/16/2015,HLN,MT,ANM,WE,Combination Non-Radar Approach Control & Tower w/o Radar,3,17,18,0,38,0,2,7,2,11,3,19,25,2,49,58,0,58,107
09/17/2015,HLN,MT,ANM,WE,Combination Non-Radar Approach Control & Tower w/o Radar,4,9,12,0,25,0,3,20,11,34,4,12,32,11,59,8,10,18,77
09/18/2015,HLN,MT,ANM,WE,Combination Non-Radar Approach Control & Tower w/o Radar,3,12,7,0,22,0,7,38,8,53,3,19,45,8,75,64,4,68,143
09/19/2015,HLN,MT,ANM,WE,Combination Non-Radar Approach Control & Tower w/o Radar,4,10,3,0,17,0,12,23,2,37,4,22,26,2,54,16,0,16,70
09/20/2015,HLN,MT,ANM,WE,Combination Non-Radar Approach Control & Tower w/o Radar,4,10,5,0,19,0,0,34,5,39,4,10,39,5,58,26,0,26,84
09/21/2015,HLN,MT,ANM,WE,Combination Non-Radar Approach Control & Tower w/o Radar,2,9,4,2,17,0,0,30,3,33,2,9,34,5,50,26,0,26,76
09/22/2015,HLN,MT,ANM,WE,Combination Non-Radar Approach Control & Tower w/o Radar,4,15,3,0,22,0,3,45,17,65,4,18,48,17,87,24,22,46,133
09/23/2015,HLN,MT,ANM,WE,Combination Non-Radar Approach Control & Tower w/o Radar,3,13,4,0,20,0,2,43,11,56,3,15,47,11,76,36,18,54,130
09/24/2015,HLN,MT,ANM,WE,Combination Non-Radar Approach Control & Tower w/o Radar,4,14,6,0,24,0,0,46,10,56,4,14,52,10,80,22,0,22,102
09/25/2015,HLN,MT,ANM,WE,Combination Non-Radar Approach Control & Tower w/o Radar,4,16,5,0,25,0,5,68,14,87,4,21,73,14,112,46,14,60,172
09/26/2015,HLN,MT,ANM,WE,Combination Non-Radar Approach Control & Tower w/o Radar,3,12,3,0,18,2,5,46,11,64,5,17,49,11,82,52,0,52,134
09/27/2015,HLN,MT,ANM,WE,Combination Non-Radar Approach Control & Tower w/o Radar,4,9,3,0,16,4,32,40,0,76,8,41,43,0,92,28,0,28,120
09/28/2015,HLN,MT,ANM,WE,Combination Non-Radar Approach Control & Tower w/o Radar,4,13,7,0,24,1,9,25,7,42,5,22,32,7,66,26,6,32,98
09/29/2015,HLN,MT,ANM,WE,Combination Non-Radar Approach Control & Tower w/o Radar,3,10,4,1,18,0,4,57,9,70,3,14,61,10,88,104,2,106,194
09/30/2015,HLN,MT,ANM,WE,Combination Non-Radar Approach Control & Tower w/o Radar,4,11,8,0,23,0,0,62,12,74,4,11,70,12,97,82,10,92,189
10/01/2015,HLN,MT,ANM,WE,Combination Non-Radar Approach Control & Tower w/o Radar,4,12,7,0,23,0,1,32,17,50,4,13,39,17,73,122,0,122,195
10/02/2015,HLN,MT,ANM,WE,Combination Non-Radar Approach Control & Tower w/o Radar,4,11,10,1,26,0,2,41,31,74,4,13,51,32,100,40,28,68,168
10/03/2015,HLN,MT,ANM,WE,Combination Non-Radar Approach Control & Tower w/o Radar,5,11,5,0,21,0,2,0,17,19,5,13,5,17,40,0,14,14,54
10/04/2015,HLN,MT,ANM,WE,Combination Non-Radar Approach Control & Tower w/o Radar,2,11,1,0,14,0,0,20,3,23,2,11,21,3,37,4,0,4,41
10/05/2015,HLN,MT,ANM,WE,Combination Non-Radar Approach Control & Tower w/o Radar,4,9,7,5,25,0,0,38,4,42,4,9,45,9,67,48,6,54,121
10/06/2015,HLN,MT,ANM,WE,Combination Non-Radar Approach Control & Tower w/o Radar,6,9,4,2,21,0,8,59,10,77,6,17,63,12,98,110,0,110,208
10/07/2015,HLN,MT,ANM,WE,Combination Non-Radar Approach Control & Tower w/o Radar,3,11,13,0,27,0,3,34,0,37,3,14,47,0,64,40,0,40,104
10/08/2015,HLN,MT,ANM,WE,Combination Non-Radar Approach Control & Tower w/o Radar,3,9,6,0,18,0,0,22,19,41,3,9,28,19,59,20,0,20,79
10/09/2015,HLN,MT,ANM,WE,Combination Non-Radar Approach Control & Tower w/o Radar,4,16,5,0,25,0,3,54,13,70,4,19,59,13,95,44,6,50,145
10/10/2015,HLN,MT,ANM,WE,Combination Non-Radar Approach Control & Tower w/o Radar,2,11,3,0,16,0,2,29,0,31,2,13,32,0,47,80,0,80,127
10/11/2015,HLN,MT,ANM,WE,Combination Non-Radar Approach Control & Tower w/o Radar,5,9,0,0,14,0,0,6,0,6,5,9,6,0,20,0,0,0,20
10/12/2015,HLN,MT,ANM,WE,Combination Non-Radar Approach Control & Tower w/o Radar,5,9,3,0,17,0,0,31,1,32,5,9,34,1,49,26,0,26,75
10/13/2015,HLN,MT,ANM,WE,Combination Non-Radar Approach Control & Tower w/o Radar,3,13,10,1,27,0,1,35,9,45,3,14,45,10,72,50,16,66,138
10/14/2015,HLN,MT,ANM,WE,Combination Non-Radar Approach Control & Tower w/o Radar,3,14,8,0,25,0,2,38,0,40,3,16,46,0,65,14,0,14,79
10/15/2015,HLN,MT,ANM,WE,Combination Non-Radar Approach Control & Tower w/o Radar,4,10,5,0,19,0,0,65,10,75,4,10,70,10,94,94,4,98,192
10/16/2015,HLN,MT,ANM,WE,Combination Non-Radar Approach Control & Tower w/o Radar,3,13,3,0,19,0,3,54,8,65,3,16,57,8,84,124,2,126,210
10/17/2015,HLN,MT,ANM,WE,Combination Non-Radar Approach Control & Tower w/o Radar,3,13,1,0,17,0,3,58,0,61,3,16,59,0,78,50,0,50,128
10/18/2015,HLN,MT,ANM,WE,Combination Non-Radar Approach Control & Tower w/o Radar,4,9,2,0,15,0,0,35,2,37,4,9,37,2,52,14,0,14,66
10/19/2015,HLN,MT,ANM,WE,Combination Non-Radar Approach Control & Tower w/o Radar,3,11,8,0,22,0,0,24,3,27,3,11,32,3,49,98,14,112,161
10/20/2015,HLN,MT,ANM,WE,Combination Non-Radar Approach Control & Tower w/o Radar,4,11,11,2,28,0,0,14,24,38,4,11,25,26,66,52,26,78,144
10/21/2015,HLN,MT,ANM,WE,Combination Non-Radar Approach Control & Tower w/o Radar,4,12,10,0,26,0,1,41,2,44,4,13,51,2,70,72,4,76,146
10/22/2015,HLN,MT,ANM,WE,Combination Non-Radar Approach Control & Tower w/o Radar,4,11,10,0,25,0,0,33,16,49,4,11,43,16,74,70,18,88,162
10/23/2015,HLN,MT,ANM,WE,Combination Non-Radar Approach Control & Tower w/o Radar,3,11,9,0,23,0,2,61,11,74,3,13,70,11,97,84,16,100,197
10/24/2015,HLN,MT,ANM,WE,Combination Non-Radar Approach Control & Tower w/o Radar,4,8,2,0,14,0,1,27,6,34,4,9,29,6,48,130,8,138,186
10/25/2015,HLN,MT,ANM,WE,Combination Non-Radar Approach Control & Tower w/o Radar,3,12,3,0,18,0,3,12,0,15,3,15,15,0,33,6,0,6,39
10/26/2015,HLN,MT,ANM,WE,Combination Non-Radar Approach Control & Tower w/o Radar,4,12,8,1,25,0,2,26,8,36,4,14,34,9,61,44,2,46,107
10/27/2015,HLN,MT,ANM,WE,Combination Non-Radar Approach Control & Tower w/o Radar,4,9,6,0,19,0,0,14,5,19,4,9,20,5,38,44,12,56,94
10/28/2015,HLN,MT,ANM,WE,Combination Non-Radar Approach Control & Tower w/o Radar,4,12,10,1,27,0,0,39,3,42,4,12,49,4,69,42,6,48,117
10/29/2015,HLN,MT,ANM,WE,Combination Non-Radar Approach Control & Tower w/o Radar,3,15,6,0,24,0,0,21,19,40,3,15,27,19,64,32,4,36,100
10/30/2015,HLN,MT,ANM,WE,Combination Non-Radar Approach Control & Tower w/o Radar,3,9,2,0,14,0,0,12,14,26,3,9,14,14,40,66,18,84,124
10/31/2015,HLN,MT,ANM,WE,Combination Non-Radar Approach Control & Tower w/o Radar,4,9,1,0,14,0,0,1,0,1,4,9,2,0,15,32,0,32,47
11/01/2015,HLN,MT,ANM,WE,Combination Non-Radar Approach Control & Tower w/o Radar,5,8,1,0,14,0,0,7,0,7,5,8,8,0,21,22,0,22,43
11/02/2015,HLN,MT,ANM,WE,Combination Non-Radar Approach Control & Tower w/o Radar,3,13,5,0,21,0,0,18,10,28,3,13,23,10,49,36,6,42,91
11/03/2015,HLN,MT,ANM,WE,Combination Non-Radar Approach Control & Tower w/o Radar,3,11,4,1,19,0,0,0,0,0,3,11,4,1,19,0,46,46,65
11/04/2015,HLN,MT,ANM,WE,Combination Non-Radar Approach Control & Tower w/o Radar,6,14,10,0,30,0,4,8,11,23,6,18,18,11,53,26,6,32,85
11/05/2015,HLN,MT,ANM,WE,Combination Non-Radar Approach Control & Tower w/o Radar,3,10,6,0,19,0,4,18,13,35,3,14,24,13,54,78,14,92,146
11/06/2015,HLN,MT,ANM,WE,Combination Non-Radar Approach Control & Tower w/o Radar,4,17,8,0,29,0,3,36,31,70,4,20,44,31,99,82,18,100,199
11/07/2015,HLN,MT,ANM,WE,Combination Non-Radar Approach Control & Tower w/o Radar,3,11,0,1,15,0,4,44,21,69,3,15,44,22,84,112,22,134,218
11/08/2015,HLN,MT,ANM,WE,Combination Non-Radar Approach Control & Tower w/o Radar,4,9,0,4,17,0,11,14,1,26,4,20,14,5,43,26,0,26,69
11/09/2015,HLN,MT,ANM,WE,Combination Non-Radar Approach Control & Tower w/o Radar,4,12,14,0,30,0,0,10,11,21,4,12,24,11,51,56,14,70,121
11/10/2015,HLN,MT,ANM,WE,Combination Non-Radar Approach Control & Tower w/o Radar,4,12,8,0,24,0,0,6,8,14,4,12,14,8,38,10,14,24,62
11/11/2015,HLN,MT,ANM,WE,Combination Non-Radar Approach Control & Tower w/o Radar,2,13,10,0,25,0,15,23,0,38,2,28,33,0,63,54,0,54,117
11/12/2015,HLN,MT,ANM,WE,Combination Non-Radar Approach Control & Tower w/o Radar,1,10,7,0,18,0,2,29,13,44,1,12,36,13,62,72,2,74,136
11/13/2015,HLN,MT,ANM,WE,Combination Non-Radar Approach Control & Tower w/o Radar,4,10,8,0,22,0,9,14,4,27,4,19,22,4,49,32,0,32,81
11/14/2015,HLN,MT,ANM,WE,Combination Non-Radar Approach Control & Tower w/o Radar,2,10,1,0,13,0,4,41,0,45,2,14,42,0,58,44,0,44,102
11/15/2015,HLN,MT,ANM,WE,Combination Non-Radar Approach Control & Tower w/o Radar,4,9,1,0,14,0,0,32,0,32,4,9,33,0,46,66,0,66,112
11/16/2015,HLN,MT,ANM,WE,Combination Non-Radar Approach Control & Tower w/o Radar,4,13,11,0,28,0,3,9,17,29,4,16,20,17,57,0,26,26,83
11/17/2015,HLN,MT,ANM,WE,Combination Non-Radar Approach Control & Tower w/o Radar,3,9,4,0,16,0,3,16,0,19,3,12,20,0,35,18,0,18,53
11/18/2015,HLN,MT,ANM,WE,Combination Non-Radar Approach Control & Tower w/o Radar,3,12,14,0,29,0,0,4,6,10,3,12,18,6,39,4,6,10,49
11/19/2015,HLN,MT,ANM,WE,Combination Non-Radar Approach Control & Tower w/o Radar,3,13,16,0,32,0,0,20,18,38,3,13,36,18,70,12,10,22,92
11/20/2015,HLN,MT,ANM,WE,Combination Non-Radar Approach Control & Tower w/o Radar,4,12,11,2,29,0,1,15,12,28,4,13,26,14,57,44,0,44,101
11/21/2015,HLN,MT,ANM,WE,Combination Non-Radar Approach Control & Tower w/o Radar,4,10,2,0,16,0,0,51,13,64,4,10,53,13,80,48,0,48,128
11/22/2015,HLN,MT,ANM,WE,Combination Non-Radar Approach Control & Tower w/o Radar,3,7,1,0,11,0,0,25,0,25,3,7,26,0,36,64,0,64,100
11/23/2015,HLN,MT,ANM,WE,Combination Non-Radar Approach Control & Tower w/o Radar,14,7,9,0,30,0,0,43,12,55,14,7,52,12,85,70,8,78,163
11/24/2015,HLN,MT,ANM,WE,Combination Non-Radar Approach Control & Tower w/o Radar,5,11,3,0,19,0,0,4,2,6,5,11,7,2,25,1,6,7,32
11/25/2015,HLN,MT,ANM,WE,Combination Non-Radar Approach Control & Tower w/o Radar,4,14,6,3,27,0,7,8,0,15,4,21,14,3,42,0,0,0,42
11/26/2015,HLN,MT,ANM,WE,Combination Non-Radar Approach Control & Tower w/o Radar,4,6,0,0,10,0,4,6,0,10,4,10,6,0,20,8,0,8,28
11/27/2015,HLN,MT,ANM,WE,Combination Non-Radar Approach Control & Tower w/o Radar,3,9,0,0,12,0,0,8,0,8,3,9,8,0,20,6,0,6,26
11/28/2015,HLN,MT,ANM,WE,Combination Non-Radar Approach Control & Tower w/o Radar,4,11,3,0,18,0,0,7,0,7,4,11,10,0,25,0,0,0,25
11/29/2015,HLN,MT,ANM,WE,Combination Non-Radar Approach Control & Tower w/o Radar,4,8,1,0,13,0,0,5,0,5,4,8,6,0,18,0,0,0,18
11/30/2015,HLN,MT,ANM,WE,Combination Non-Radar Approach Control & Tower w/o Radar,3,11,2,0,16,0,1,11,2,14,3,12,13,2,30,0,2,2,32
12/01/2015,HLN,MT,ANM,WE,Combination Non-Radar Approach Control & Tower w/o Radar,4,11,7,3,25,0,0,16,7,23,4,11,23,10,48,30,6,36,84
12/02/2015,HLN,MT,ANM,WE,Combination Non-Radar Approach Control & Tower w/o Radar,4,12,8,0,24,0,0,22,0,22,4,12,30,0,46,28,0,28,74
12/03/2015,HLN,MT,ANM,WE,Combination Non-Radar Approach Control & Tower w/o Radar,3,15,5,3,26,0,0,27,7,34,3,15,32,10,60,48,8,56,116
12/04/2015,HLN,MT,ANM,WE,Combination Non-Radar Approach Control & Tower w/o Radar,4,13,8,2,27,0,6,16,21,43,4,19,24,23,70,0,14,14,84
12/05/2015,HLN,MT,ANM,WE,Combination Non-Radar Approach Control & Tower w/o Radar,3,10,2,0,15,0,0,21,15,36,3,10,23,15,51,32,0,32,83
12/06/2015,HLN,MT,ANM,WE,Combination Non-Radar Approach Control & Tower w/o Radar,3,6,0,2,11,0,0,18,3,21,3,6,18,5,32,16,0,16,48
12/07/2015,HLN,MT,ANM,WE,Combination Non-Radar Approach Control & Tower w/o Radar,4,8,6,2,20,0,0,16,1,17,4,8,22,3,37,8,0,8,45
12/08/2015,HLN,MT,ANM,WE,Combination Non-Radar Approach Control & Tower w/o Radar,4,10,7,4,25,0,0,9,4,13,4,10,16,8,38,20,10,30,68
12/09/2015,HLN,MT,ANM,WE,Combination Non-Radar Approach Control & Tower w/o Radar,3,13,14,0,30,0,0,9,0,9,3,13,23,0,39,0,0,0,39
12/10/2015,HLN,MT,ANM,WE,Combination Non-Radar Approach Control & Tower w/o Radar,3,12,5,0,20,0,0,0,4,4,3,12,5,4,24,2,6,8,32
12/11/2015,HLN,MT,ANM,WE,Combination Non-Radar Approach Control & Tower w/o Radar,3,14,13,0,30,0,0,24,28,52,3,14,37,28,82,10,12,22,104
12/12/2015,HLN,MT,ANM,WE,Combination Non-Radar Approach Control & Tower w/o Radar,3,9,2,0,14,0,0,39,3,42,3,9,41,3,56,44,2,46,102
12/13/2015,HLN,MT,ANM,WE,Combination Non-Radar Approach Control & Tower w/o Radar,2,8,3,0,13,0,0,0,0,0,2,8,3,0,13,0,0,0,13
12/14/2015,HLN,MT,ANM,WE,Combination Non-Radar Approach Control & Tower w/o Radar,5,10,12,0,27,0,0,0,4,4,5,10,12,4,31,0,8,8,39
12/15/2015,HLN,MT,ANM,WE,Combination Non-Radar Approach Control & Tower w/o Radar,4,12,17,0,33,0,0,7,25,32,4,12,24,25,65,6,16,22,87
12/16/2015,HLN,MT,ANM,WE,Combination Non-Radar Approach Control & Tower w/o Radar,4,11,12,0,27,0,0,2,10,12,4,11,14,10,39,0,22,22,61
12/17/2015,HLN,MT,ANM,WE,Combination Non-Radar Approach Control & Tower w/o Radar,4,15,9,0,28,0,2,16,9,27,4,17,25,9,55,0,2,2,57
12/18/2015,HLN,MT,ANM,WE,Combination Non-Radar Approach Control & Tower w/o Radar,4,10,10,0,24,0,0,13,21,34,4,10,23,21,58,18,16,34,92
12/19/2015,HLN,MT,ANM,WE,Combination Non-Radar Approach Control & Tower w/o Radar,3,10,11,0,24,0,0,0,2,2,3,10,11,2,26,0,0,0,26
12/20/2015,HLN,MT,ANM,WE,Combination Non-Radar Approach Control & Tower w/o Radar,10,23,6,0,39,0,0,6,0,6,10,23,12,0,45,6,0,6,51
12/21/2015,HLN,MT,ANM,WE,Combination Non-Radar Approach Control & Tower w/o Radar,6,11,5,0,22,0,0,15,35,50,6,11,20,35,72,28,48,76,148
12/22/2015,HLN,MT,ANM,WE,Combination Non-Radar Approach Control & Tower w/o Radar,5,15,7,5,32,0,0,7,23,30,5,15,14,28,62,30,28,58,120
12/23/2015,HLN,MT,ANM,WE,Combination Non-Radar Approach Control & Tower w/o Radar,5,17,5,0,27,0,6,17,4,27,5,23,22,4,54,10,0,10,64
12/24/2015,HLN,MT,ANM,WE,Combination Non-Radar Approach Control & Tower w/o Radar,5,10,3,0,18,0,0,18,0,18,5,10,21,0,36,6,0,6,42
12/25/2015,HLN,MT,ANM,WE,Combination Non-Radar Approach Control & Tower w/o Radar,4,8,0,0,12,0,0,2,0,2,4,8,2,0,14,0,0,0,14
12/26/2015,HLN,MT,ANM,WE,Combination Non-Radar Approach Control & Tower w/o Radar,6,11,3,0,20,0,0,15,0,15,6,11,18,0,35,32,0,32,67
12/27/2015,HLN,MT,ANM,WE,Combination Non-Radar Approach Control & Tower w/o Radar,9,12,2,0,23,0,0,19,0,19,9,12,21,0,42,20,0,20,62
12/28/2015,HLN,MT,ANM,WE,Combination Non-Radar Approach Control & Tower w/o Radar,4,12,3,0,19,0,0,2,11,13,4,12,5,11,32,0,8,8,40
12/29/2015,HLN,MT,ANM,WE,Combination Non-Radar Approach Control & Tower w/o Radar,5,14,10,0,29,0,0,3,11,14,5,14,13,11,43,0,22,22,65
12/30/2015,HLN,MT,ANM,WE,Combination Non-Radar Approach Control & Tower w/o Radar,7,13,8,0,28,0,0,0,0,0,7,13,8,0,28,0,0,0,28
12/31/2015,HLN,MT,ANM,WE,Combination Non-Radar Approach Control & Tower w/o Radar,4,14,8,0,26,0,1,20,0,21,4,15,28,0,47,12,0,12,59
01/01/2016,HLN,MT,ANM,WE,Combination Non-Radar Approach Control & Tower w/o Radar,4,8,2,0,14,0,0,8,0,8,4,8,10,0,22,22,0,22,44
01/02/2016,HLN,MT,ANM,WE,Combination Non-Radar Approach Control & Tower w/o Radar,7,12,2,0,21,0,0,14,0,14,7,12,16,0,35,6,0,6,41
01/03/2016,HLN,MT,ANM,WE,Combination Non-Radar Approach Control & Tower w/o Radar,5,8,1,0,14,0,0,14,0,14,5,8,15,0,28,4,0,4,32
01/04/2016,HLN,MT,ANM,WE,Combination Non-Radar Approach Control & Tower w/o Radar,4,9,2,0,15,0,0,12,8,20,4,9,14,8,35,0,12,12,47
01/05/2016,HLN,MT,ANM,WE,Combination Non-Radar Approach Control & Tower w/o Radar,2,10,9,0,21,0,0,27,27,54,2,10,36,27,75,53,34,87,162
01/06/2016,HLN,MT,ANM,WE,Combination Non-Radar Approach Control & Tower w/o Radar,3,13,3,2,21,0,0,15,0,15,3,13,18,2,36,32,0,32,68
01/07/2016,HLN,MT,ANM,WE,Combination Non-Radar Approach Control & Tower w/o Radar,3,9,9,0,21,0,0,0,0,0,3,9,9,0,21,0,0,0,21
01/08/2016,HLN,MT,ANM,WE,Combination Non-Radar Approach Control & Tower w/o Radar,4,11,4,2,21,0,0,3,43,46,4,11,7,45,67,0,40,40,107
01/09/2016,HLN,MT,ANM,WE,Combination Non-Radar Approach Control & Tower w/o Radar,6,9,5,2,22,0,0,13,9,22,6,9,18,11,44,34,10,44,88
01/10/2016,HLN,MT,ANM,WE,Combination Non-Radar Approach Control & Tower w/o Radar,2,6,4,0,12,0,2,18,2,22,2,8,22,2,34,8,0,8,42
01/11/2016,HLN,MT,ANM,WE,Combination Non-Radar Approach Control & Tower w/o Radar,3,10,3,2,18,0,0,17,12,29,3,10,20,14,47,16,20,36,83
01/12/2016,HLN,MT,ANM,WE,Combination Non-Radar Approach Control & Tower w/o Radar,3,12,6,0,21,0,2,18,9,29,3,14,24,9,50,22,13,35,85
01/13/2016,HLN,MT,ANM,WE,Combination Non-Radar Approach Control & Tower w/o Radar,3,8,13,1,25,0,0,26,4,30,3,8,39,5,55,68,8,76,131
01/14/2016,HLN,MT,ANM,WE,Combination Non-Radar Approach Control & Tower w/o Radar,4,14,11,0,29,0,7,7,11,25,4,21,18,11,54,20,2,22,76
01/15/2016,HLN,MT,ANM,WE,Combination Non-Radar Approach Control & Tower w/o Radar,3,11,8,2,24,0,0,7,25,32,3,11,15,27,56,46,4,50,106
01/16/2016,HLN,MT,ANM,WE,Combination Non-Radar Approach Control & Tower w/o Radar,5,9,3,0,17,0,0,6,0,6,5,9,9,0,23,24,0,24,47
01/17/2016,HLN,MT,ANM,WE,Combination Non-Radar Approach Control & Tower w/o Radar,2,7,0,0,9,0,4,13,0,17,2,11,13,0,26,46,0,46,72
01/18/2016,HLN,MT,ANM,WE,Combination Non-Radar Approach Control & Tower w/o Radar,3,8,9,0,20,0,0,17,0,17,3,8,26,0,37,14,0,14,51
01/19/2016,HLN,MT,ANM,WE,Combination Non-Radar Approach Control & Tower w/o Radar,5,8,6,2,21,0,0,29,7,36,5,8,35,9,57,42,12,54,111
01/20/2016,HLN,MT,ANM,WE,Combination Non-Radar Approach Control & Tower w/o Radar,4,11,5,0,20,0,1,10,12,23,4,12,15,12,43,6,16,22,65
01/21/2016,HLN,MT,ANM,WE,Combination Non-Radar Approach Control & Tower w/o Radar,5,7,12,0,24,0,4,27,28,59,5,11,39,28,83,46,38,84,167
01/22/2016,HLN,MT,ANM,WE,Combination Non-Radar Approach Control & Tower w/o Radar,3,10,3,0,16,0,2,20,16,38,3,12,23,16,54,42,22,64,118
01/23/2016,HLN,MT,ANM,WE,Combination Non-Radar Approach Control & Tower w/o Radar,3,9,6,0,18,0,6,24,19,49,3,15,30,19,67,70,10,80,147
01/24/2016,HLN,MT,ANM,WE,Combination Non-Radar Approach Control & Tower w/o Radar,2,8,0,0,10,0,0,2,0,2,2,8,2,0,12,6,0,6,18
01/25/2016,HLN,MT,ANM,WE,Combination Non-Radar Approach Control & Tower w/o Radar,1,9,12,0,22,0,1,21,15,37,1,10,33,15,59,26,46,72,131
01/26/2016,HLN,MT,ANM,WE,Combination Non-Radar Approach Control & Tower w/o Radar,3,9,13,2,27,0,0,35,19,54,3,9,48,21,81,76,56,132,213
01/27/2016,HLN,MT,ANM,WE,Combination Non-Radar Approach Control & Tower w/o Radar,2,14,9,2,27,0,0,26,0,26,2,14,35,2,53,68,0,68,121
01/28/2016,HLN,MT,ANM,WE,Combination Non-Radar Approach Control & Tower w/o Radar,3,13,9,3,28,0,12,39,17,68,3,25,48,20,96,64,10,74,170
01/29/2016,HLN,MT,ANM,WE,Combination Non-Radar Approach Control & Tower w/o Radar,3,9,6,2,20,0,0,17,12,29,3,9,23,14,49,32,6,38,87
01/30/2016,HLN,MT,ANM,WE,Combination Non-Radar Approach Control & Tower w/o Radar,3,13,2,0,18,0,2,16,0,18,3,15,18,0,36,2,0,2,38
01/31/2016,HLN,MT,ANM,WE,Combination Non-Radar Approach Control & Tower w/o Radar,2,7,2,0,11,0,0,17,0,17,2,7,19,0,28,52,0,52,80
02/01/2016,HLN,MT,ANM,WE,Combination Non-Radar Approach Control & Tower w/o Radar,3,8,12,1,24,0,2,10,14,26,3,10,22,15,50,12,6,18,68
02/02/2016,HLN,MT,ANM,WE,Combination Non-Radar Approach Control & Tower w/o Radar,3,10,6,0,19,0,0,23,16,39,3,10,29,16,58,28,2,30,88
02/03/2016,HLN,MT,ANM,WE,Combination Non-Radar Approach Control & Tower w/o Radar,2,10,7,0,19,0,0,33,4,37,2,10,40,4,56,32,0,32,88
02/04/2016,HLN,MT,ANM,WE,Combination Non-Radar Approach Control & Tower w/o Radar,2,9,3,0,14,0,0,21,8,29,2,9,24,8,43,24,2,26,69
02/05/2016,HLN,MT,ANM,WE,Combination Non-Radar Approach Control & Tower w/o Radar,2,9,4,0,15,0,3,27,30,60,2,12,31,30,75,68,38,106,181
02/06/2016,HLN,MT,ANM,WE,Combination Non-Radar Approach Control & Tower w/o Radar,3,10,0,0,13,0,0,1,0,1,3,10,1,0,14,0,0,0,14
02/07/2016,HLN,MT,ANM,WE,Combination Non-Radar Approach Control & Tower w/o Radar,2,8,3,1,14,0,2,10,10,22,2,10,13,11,36,20,0,20,56
02/08/2016,HLN,MT,ANM,WE,Combination Non-Radar Approach Control & Tower w/o Radar,3,8,5,1,17,0,0,24,15,39,3,8,29,16,56,8,8,16,72
02/09/2016,HLN,MT,ANM,WE,Combination Non-Radar Approach Control & Tower w/o Radar,3,8,3,0,14,0,0,32,10,42,3,8,35,10,56,56,6,62,118
02/10/2016,HLN,MT,ANM,WE,Combination Non-Radar Approach Control & Tower w/o Radar,3,10,4,0,17,0,0,54,4,58,3,10,58,4,75,53,2,55,130
02/11/2016,HLN,MT,ANM,WE,Combination Non-Radar Approach Control & Tower w/o Radar,2,11,8,1,22,0,1,15,12,28,2,12,23,13,50,60,2,62,112
02/12/2016,HLN,MT,ANM,WE,Combination Non-Radar Approach Control & Tower w/o Radar,3,20,2,0,25,0,1,26,17,44,3,21,28,17,69,16,0,16,85
02/13/2016,HLN,MT,ANM,WE,Combination Non-Radar Approach Control & Tower w/o Radar,3,11,2,0,16,0,0,4,13,17,3,11,6,13,33,0,2,2,35
02/14/2016,HLN,MT,ANM,WE,Combination Non-Radar Approach Control & Tower w/o Radar,3,7,1,0,11,0,0,0,0,0,3,7,1,0,11,0,0,0,11
02/15/2016,HLN,MT,ANM,WE,Combination Non-Radar Approach Control & Tower w/o Radar,2,12,5,0,19,0,4,1,0,5,2,16,6,0,24,0,0,0,24
02/16/2016,HLN,MT,ANM,WE,Combination Non-Radar Approach Control & Tower w/o Radar,2,18,4,0,24,0,2,9,0,11,2,20,13,0,35,0,0,0,35
02/17/2016,HLN,MT,ANM,WE,Combination Non-Radar Approach Control & Tower w/o Radar,3,13,2,0,18,0,1,41,9,51,3,14,43,9,69,40,16,56,125
02/18/2016,HLN,MT,ANM,WE,Combination Non-Radar Approach Control & Tower w/o Radar,3,10,4,0,17,0,0,15,24,39,3,10,19,24,56,10,26,36,92
02/19/2016,HLN,MT,ANM,WE,Combination Non-Radar Approach Control & Tower w/o Radar,4,12,2,0,18,0,0,9,39,48,4,12,11,39,66,16,26,42,108
02/20/2016,HLN,MT,ANM,WE,Combination Non-Radar Approach Control & Tower w/o Radar,3,12,3,0,18,0,1,6,2,9,3,13,9,2,27,0,0,0,27
02/21/2016,HLN,MT,ANM,WE,Combination Non-Radar Approach Control & Tower w/o Radar,3,8,2,0,13,0,0,23,0,23,3,8,25,0,36,54,0,54,90
02/22/2016,HLN,MT,ANM,WE,Combination Non-Radar Approach Control & Tower w/o Radar,4,8,1,2,15,0,0,6,21,27,4,8,7,23,42,0,14,14,56
02/23/2016,HLN,MT,ANM,WE,Combination Non-Radar Approach Control & Tower w/o Radar,3,10,12,1,26,0,0,48,23,71,3,10,60,24,97,48,12,60,157
02/24/2016,HLN,MT,ANM,WE,Combination Non-Radar Approach Control & Tower w/o Radar,2,11,8,0,21,0,0,40,3,43,2,11,48,3,64,64,8,72,136
02/25/2016,HLN,MT,ANM,WE,Combination Non-Radar Approach Control & Tower w/o Radar,2,15,9,0,26,0,0,42,7,49,2,15,51,7,75,48,14,62,137
02/26/2016,HLN,MT,ANM,WE,Combination Non-Radar Approach Control & Tower w/o Radar,5,10,5,1,21,0,7,54,22,83,5,17,59,23,104,158,22,180,284
02/27/2016,HLN,MT,ANM,WE,Combination Non-Radar Approach Control & Tower w/o Radar,3,10,1,1,15,0,3,14,0,17,3,13,15,1,32,22,0,22,54
02/28/2016,HLN,MT,ANM,WE,Combination Non-Radar Approach Control & Tower w/o Radar,3,7,3,0,13,0,0,25,5,30,3,7,28,5,43,60,0,60,103
02/29/2016,HLN,MT,ANM,WE,Combination Non-Radar Approach Control & Tower w/o Radar,4,8,5,1,18,0,0,5,6,11,4,8,10,7,29,0,2,2,31
03/01/2016,HLN,MT,ANM,WE,Combination Non-Radar Approach Control & Tower w/o Radar,3,11,6,3,23,0,2,33,8,43,3,13,39,11,66,70,12,82,148
03/02/2016,HLN,MT,ANM,WE,Combination Non-Radar Approach Control & Tower w/o Radar,2,12,9,0,23,0,4,5,6,15,2,16,14,6,38,0,2,2,40
03/03/2016,HLN,MT,ANM,WE,Combination Non-Radar Approach Control & Tower w/o Radar,4,15,5,0,24,0,1,22,10,33,4,16,27,10,57,56,6,62,119
03/04/2016,HLN,MT,ANM,WE,Combination Non-Radar Approach Control & Tower w/o Radar,3,13,8,0,24,0,3,68,49,120,3,16,76,49,144,58,32,90,234
03/05/2016,HLN,MT,ANM,WE,Combination Non-Radar Approach Control & Tower w/o Radar,8,6,3,3,20,0,1,35,4,40,8,7,38,7,60,32,2,34,94
03/06/2016,HLN,MT,ANM,WE,Combination Non-Radar Approach Control & Tower w/o Radar,5,6,1,0,12,0,0,12,2,14,5,6,13,2,26,0,0,0,26
03/07/2016,HLN,MT,ANM,WE,Combination Non-Radar Approach Control & Tower w/o Radar,4,10,1,2,17,0,0,28,3,31,4,10,29,5,48,30,4,34,82
03/08/2016,HLN,MT,ANM,WE,Combination Non-Radar Approach Control & Tower w/o Radar,4,14,0,3,21,0,0,17,8,25,4,14,17,11,46,54,28,82,128
03/09/2016,HLN,MT,ANM,WE,Combination Non-Radar Approach Control & Tower w/o Radar,4,10,3,2,19,0,1,31,3,35,4,11,34,5,54,54,2,56,110
03/10/2016,HLN,MT,ANM,WE,Combination Non-Radar Approach Control & Tower w/o Radar,5,14,3,0,22,0,1,34,3,38,5,15,37,3,60,54,2,56,116
03/11/2016,HLN,MT,ANM,WE,Combination Non-Radar Approach Control & Tower w/o Radar,6,9,1,2,18,0,2,26,13,41,6,11,27,15,59,50,10,60,119
03/12/2016,HLN,MT,ANM,WE,Combination Non-Radar Approach Control & Tower w/o Radar,7,7,2,0,16,0,0,28,0,28,7,7,30,0,44,50,0,50,94
03/13/2016,HLN,MT,ANM,WE,Combination Non-Radar Approach Control & Tower w/o Radar,5,6,0,0,11,0,3,20,0,23,5,9,20,0,34,16,0,16,50
03/14/2016,HLN,MT,ANM,WE,Combination Non-Radar Approach Control & Tower w/o Radar,5,9,8,0,22,0,0,12,10,22,5,9,20,10,44,28,16,44,88
03/15/2016,HLN,MT,ANM,WE,Combination Non-Radar Approach Control & Tower w/o Radar,4,15,0,0,19,0,0,14,13,27,4,15,14,13,46,24,12,36,82
03/16/2016,HLN,MT,ANM,WE,Combination Non-Radar Approach Control & Tower w/o Radar,4,12,15,1,32,0,0,34,19,53,4,12,49,20,85,26,38,64,149
03/17/2016,HLN,MT,ANM,WE,Combination Non-Radar Approach Control & Tower w/o Radar,3,12,9,0,24,0,0,10,17,27,3,12,19,17,51,16,44,60,111
03/18/2016,HLN,MT,ANM,WE,Combination Non-Radar Approach Control & Tower w/o Radar,5,9,7,0,21,1,0,37,17,55,6,9,44,17,76,70,14,84,160
03/19/2016,HLN,MT,ANM,WE,Combination Non-Radar Approach Control & Tower w/o Radar,7,6,0,0,13,0,1,45,14,60,7,7,45,14,73,32,0,32,105
03/20/2016,HLN,MT,ANM,WE,Combination Non-Radar Approach Control & Tower w/o Radar,4,9,2,1,16,0,0,68,1,69,4,9,70,2,85,40,0,40,125
03/21/2016,HLN,MT,ANM,WE,Combination Non-Radar Approach Control & Tower w/o Radar,4,7,3,0,14,0,0,10,9,19,4,7,13,9,33,8,18,26,59
03/22/2016,HLN,MT,ANM,WE,Combination Non-Radar Approach Control & Tower w/o Radar,4,8,18,0,30,0,0,4,2,6,4,8,22,2,36,0,10,10,46
03/23/2016,HLN,MT,ANM,WE,Combination Non-Radar Approach Control & Tower w/o Radar,4,10,11,0,25,0,0,11,0,11,4,10,22,0,36,20,0,20,56
03/24/2016,HLN,MT,ANM,WE,Combination Non-Radar Approach Control & Tower w/o Radar,5,11,15,0,31,0,0,14,12,26,5,11,29,12,57,18,29,47,104
03/25/2016,HLN,MT,ANM,WE,Combination Non-Radar Approach Control & Tower w/o Radar,6,8,7,0,21,0,0,6,4,10,6,8,13,4,31,8,4,12,43
03/26/2016,HLN,MT,ANM,WE,Combination Non-Radar Approach Control & Tower w/o Radar,7,7,1,0,15,0,0,40,0,40,7,7,41,0,55,82,0,82,137
03/27/2016,HLN,MT,ANM,WE,Combination Non-Radar Approach Control & Tower w/o Radar,6,8,4,0,18,0,0,13,0,13,6,8,17,0,31,28,0,28,59
03/28/2016,HLN,MT,ANM,WE,Combination Non-Radar Approach Control & Tower w/o Radar,4,8,4,0,16,0,3,35,1,39,4,11,39,1,55,28,0,28,83
03/29/2016,HLN,MT,ANM,WE,Combination Non-Radar Approach Control & Tower w/o Radar,2,13,12,0,27,0,0,0,10,10,2,13,12,10,37,0,24,24,61
03/30/2016,HLN,MT,ANM,WE,Combination Non-Radar Approach Control & Tower w/o Radar,5,14,9,0,28,0,5,41,0,46,5,19,50,0,74,22,0,22,96
03/31/2016,HLN,MT,ANM,WE,Combination Non-Radar Approach Control & Tower w/o Radar,4,13,17,0,34,0,0,13,3,16,4,13,30,3,50,12,0,12,62
04/01/2016,HLN,MT,ANM,WE,Combination Non-Radar Approach Control & Tower w/o Radar,4,9,3,0,16,0,0,41,16,57,4,9,44,16,73,46,4,50,123
04/02/2016,HLN,MT,ANM,WE,Combination Non-Radar Approach Control & Tower w/o Radar,7,5,0,0,12,0,1,48,3,52,7,6,48,3,64,32,0,32,96
04/03/2016,HLN,MT,ANM,WE,Combination Non-Radar Approach Control & Tower w/o Radar,5,7,2,0,14,0,0,24,2,26,5,7,26,2,40,6,2,8,48
04/04/2016,HLN,MT,ANM,WE,Combination Non-Radar Approach Control & Tower w/o Radar,6,7,6,3,22,0,0,12,9,21,6,7,18,12,43,16,4,20,63
04/05/2016,HLN,MT,ANM,WE,Combination Non-Radar Approach Control & Tower w/o Radar,4,13,10,1,28,0,0,3,20,23,4,13,13,21,51,0,14,14,65
04/06/2016,HLN,MT,ANM,WE,Combination Non-Radar Approach Control & Tower w/o Radar,3,10,14,3,30,0,1,14,10,25,3,11,28,13,55,24,18,42,97
04/07/2016,HLN,MT,ANM,WE,Combination Non-Radar Approach Control & Tower w/o Radar,4,12,10,1,27,0,1,67,22,90,4,13,77,23,117,46,16,62,179
04/08/2016,HLN,MT,ANM,WE,Combination Non-Radar Approach Control & Tower w/o Radar,6,8,5,0,19,0,3,66,8,77,6,11,71,8,96,18,0,18,114
04/09/2016,HLN,MT,ANM,WE,Combination Non-Radar Approach Control & Tower w/o Radar,5,9,0,0,14,0,0,31,0,31,5,9,31,0,45,48,0,48,93
04/10/2016,HLN,MT,ANM,WE,Combination Non-Radar Approach Control & Tower w/o Radar,5,8,0,2,15,0,0,18,0,18,5,8,18,2,33,4,0,4,37
04/11/2016,HLN,MT,ANM,WE,Combination Non-Radar Approach Control & Tower w/o Radar,6,6,15,3,30,0,2,39,11,52,6,8,54,14,82,30,30,60,142
04/12/2016,HLN,MT,ANM,WE,Combination Non-Radar Approach Control & Tower w/o Radar,4,9,4,1,18,0,0,25,16,41,4,9,29,17,59,98,0,98,157
04/13/2016,HLN,MT,ANM,WE,Combination Non-Radar Approach Control & Tower w/o Radar,5,12,8,4,29,0,2,14,19,35,5,14,22,23,64,18,22,40,104
04/14/2016,HLN,MT,ANM,WE,Combination Non-Radar Approach Control & Tower w/o Radar,6,13,11,0,30,0,0,1,8,9,6,13,12,8,39,0,4,4,43
04/15/2016,HLN,MT,ANM,WE,Combination Non-Radar Approach Control & Tower w/o Radar,6,12,8,0,26,0,1,6,8,15,6,13,14,8,41,0,20,20,61
04/16/2016,HLN,MT,ANM,WE,Combination Non-Radar Approach Control & Tower w/o Radar,6,9,3,0,18,0,3,32,12,47,6,12,35,12,65,54,12,66,131
04/17/2016,HLN,MT,ANM,WE,Combination Non-Radar Approach Control & Tower w/o Radar,6,7,2,0,15,0,0,42,0,42,6,7,44,0,57,40,0,40,97
04/18/2016,HLN,MT,ANM,WE,Combination Non-Radar Approach Control & Tower w/o Radar,6,8,4,0,18,0,0,60,6,66,6,8,64,6,84,72,0,72,156
04/19/2016,HLN,MT,ANM,WE,Combination Non-Radar Approach Control & Tower w/o Radar,3,10,4,0,17,0,0,53,17,70,3,10,57,17,87,36,0,36,123
04/20/2016,HLN,MT,ANM,WE,Combination Non-Radar Approach Control & Tower w/o Radar,5,10,11,3,29,0,3,50,16,69,5,13,61,19,98,66,4,70,168
04/21/2016,HLN,MT,ANM,WE,Combination Non-Radar Approach Control & Tower w/o Radar,3,14,9,2,28,0,2,37,21,60,3,16,46,23,88,14,6,20,108
04/22/2016,HLN,MT,ANM,WE,Combination Non-Radar Approach Control & Tower w/o Radar,5,10,8,2,25,0,0,30,13,43,5,10,38,15,68,36,2,38,106
04/23/2016,HLN,MT,ANM,WE,Combination Non-Radar Approach Control & Tower w/o Radar,6,9,3,0,18,0,0,13,0,13,6,9,16,0,31,18,0,18,49
04/24/2016,HLN,MT,ANM,WE,Combination Non-Radar Approach Control & Tower w/o Radar,4,9,0,0,13,0,0,6,0,6,4,9,6,0,19,18,0,18,37
04/25/2016,HLN,MT,ANM,WE,Combination Non-Radar Approach Control & Tower w/o Radar,4,9,9,2,24,0,0,10,17,27,4,9,19,19,51,38,10,48,99
04/26/2016,HLN,MT,ANM,WE,Combination Non-Radar Approach Control & Tower w/o Radar,3,16,3,1,23,0,2,5,5,12,3,18,8,6,35,2,10,12,47
04/27/2016,HLN,MT,ANM,WE,Combination Non-Radar Approach Control & Tower w/o Radar,5,9,6,1,21,0,0,11,7,18,5,9,17,8,39,6,2,8,47
04/28/2016,HLN,MT,ANM,WE,Combination Non-Radar Approach Control & Tower w/o Radar,6,20,8,2,36,0,1,10,5,16,6,21,18,7,52,42,16,58,110
04/29/2016,HLN,MT,ANM,WE,Combination Non-Radar Approach Control & Tower w/o Radar,7,14,8,2,31,0,4,29,31,64,7,18,37,33,95,32,14,46,141
04/30/2016,HLN,MT,ANM,WE,Combination Non-Radar Approach Control & Tower w/o Radar,6,7,1,0,14,0,0,32,0,32,6,7,33,0,46,42,0,42,88
05/01/2016,HLN,MT,ANM,WE,Combination Non-Radar Approach Control & Tower w/o Radar,5,6,2,0,13,0,0,59,1,60,5,6,61,1,73,46,8,54,127
05/02/2016,HLN,MT,ANM,WE,Combination Non-Radar Approach Control & Tower w/o Radar,4,13,4,0,21,0,7,47,6,60,4,20,51,6,81,34,10,44,125
05/03/2016,HLN,MT,ANM,WE,Combination Non-Radar Approach Control & Tower w/o Radar,9,13,8,0,30,0,3,39,12,54,9,16,47,12,84,14,14,28,112
05/04/2016,HLN,MT,ANM,WE,Combination Non-Radar Approach Control & Tower w/o Radar,5,9,6,0,20,0,0,61,11,72,5,9,67,11,92,78,12,90,182
05/05/2016,HLN,MT,ANM,WE,Combination Non-Radar Approach Control & Tower w/o Radar,5,10,5,2,22,0,2,53,16,71,5,12,58,18,93,48,50,98,191
05/06/2016,HLN,MT,ANM,WE,Combination Non-Radar Approach Control & Tower w/o Radar,6,19,6,2,33,0,1,23,8,32,6,20,29,10,65,8,12,20,85
05/07/2016,HLN,MT,ANM,WE,Combination Non-Radar Approach Control & Tower w/o Radar,7,5,5,0,17,0,6,30,3,39,7,11,35,3,56,76,0,76,132
05/08/2016,HLN,MT,ANM,WE,Combination Non-Radar Approach Control & Tower w/o Radar,5,6,1,0,12,0,2,18,2,22,5,8,19,2,34,24,0,24,58
05/09/2016,HLN,MT,ANM,WE,Combination Non-Radar Approach Control & Tower w/o Radar,6,9,8,0,23,0,0,1,3,4,6,9,9,3,27,0,0,0,27
05/10/2016,HLN,MT,ANM,WE,Combination Non-Radar Approach Control & Tower w/o Radar,7,12,10,2,31,0,0,2,0,2,7,12,12,2,33,0,0,0,33
05/11/2016,HLN,MT,ANM,WE,Combination Non-Radar Approach Control & Tower w/o Radar,5,14,13,4,36,0,4,46,25,75,5,18,59,29,111,50,22,72,183
05/12/2016,HLN,MT,ANM,WE,Combination Non-Radar Approach Control & Tower w/o Radar,6,10,5,0,21,0,0,36,9,45,6,10,41,9,66,12,2,14,80
05/13/2016,HLN,MT,ANM,WE,Combination Non-Radar Approach Control & Tower w/o Radar,6,11,19,2,38,0,0,26,32,58,6,11,45,34,96,24,2,26,122
05/14/2016,HLN,MT,ANM,WE,Combination Non-Radar Approach Control & Tower w/o Radar,8,7,6,2,23,0,0,29,17,46,8,7,35,19,69,58,0,58,127
05/15/2016,HLN,MT,ANM,WE,Combination Non-Radar Approach Control & Tower w/o Radar,6,6,11,2,25,0,1,8,3,12,6,7,19,5,37,8,0,8,45
05/16/2016,HLN,MT,ANM,WE,Combination Non-Radar Approach Control & Tower w/o Radar,6,13,8,7,34,0,2,25,6,33,6,15,33,13,67,18,0,18,85
05/17/2016,HLN,MT,ANM,WE,Combination Non-Radar Approach Control & Tower w/o Radar,7,8,8,3,26,0,2,41,19,62,7,10,49,22,88,28,0,28,116
05/18/2016,HLN,MT,ANM,WE,Combination Non-Radar Approach Control & Tower w/o Radar,4,12,6,4,26,0,0,34,10,44,4,12,40,14,70,18,4,22,92
05/19/2016,HLN,MT,ANM,WE,Combination Non-Radar Approach Control & Tower w/o Radar,5,11,6,2,24,0,0,16,13,29,5,11,22,15,53,18,2,20,73
05/20/2016,HLN,MT,ANM,WE,Combination Non-Radar Approach Control & Tower w/o Radar,6,11,8,9,34,0,1,43,12,56,6,12,51,21,90,38,8,46,136
05/21/2016,HLN,MT,ANM,WE,Combination Non-Radar Approach Control & Tower w/o Radar,6,8,0,0,14,0,0,6,0,6,6,8,6,0,20,18,0,18,38
05/22/2016,HLN,MT,ANM,WE,Combination Non-Radar Approach Control & Tower w/o Radar,6,6,4,0,16,0,3,18,1,22,6,9,22,1,38,16,0,16,54
05/23/2016,HLN,MT,ANM,WE,Combination Non-Radar Approach Control & Tower w/o Radar,6,12,3,2,23,0,5,10,0,15,6,17,13,2,38,34,0,34,72
05/24/2016,HLN,MT,ANM,WE,Combination Non-Radar Approach Control & Tower w/o Radar,7,8,7,2,24,0,13,25,12,50,7,21,32,14,74,66,26,92,166
05/25/2016,HLN,MT,ANM,WE,Combination Non-Radar Approach Control & Tower w/o Radar,5,8,14,6,33,0,0,43,21,64,5,8,57,27,97,0,24,24,121
05/26/2016,HLN,MT,ANM,WE,Combination Non-Radar Approach Control & Tower w/o Radar,6,8,4,3,21,0,0,22,10,32,6,8,26,13,53,14,10,24,77
05/27/2016,HLN,MT,ANM,WE,Combination Non-Radar Approach Control & Tower w/o Radar,6,11,16,3,36,0,0,16,5,21,6,11,32,8,57,30,0,30,87
05/28/2016,HLN,MT,ANM,WE,Combination Non-Radar Approach Control & Tower w/o Radar,6,7,1,0,14,0,2,34,0,36,6,9,35,0,50,42,0,42,92
05/29/2016,HLN,MT,ANM,WE,Combination Non-Radar Approach Control & Tower w/o Radar,7,4,3,0,14,0,0,25,0,25,7,4,28,0,39,40,0,40,79
05/30/2016,HLN,MT,ANM,WE,Combination Non-Radar Approach Control & Tower w/o Radar,6,6,4,2,18,0,2,22,0,24,6,8,26,2,42,26,0,26,68
05/31/2016,HLN,MT,ANM,WE,Combination Non-Radar Approach Control & Tower w/o Radar,7,7,8,0,22,0,3,46,5,54,7,10,54,5,76,38,0,38,114
06/01/2016,HLN,MT,ANM,WE,Combination Non-Radar Approach Control & Tower w/o Radar,5,13,13,2,33,0,2,49,13,64,5,15,62,15,97,32,10,42,139
06/02/2016,HLN,MT,ANM,WE,Combination Non-Radar Approach Control & Tower w/o Radar,6,12,8,1,27,0,0,27,9,36,6,12,35,10,63,12,2,14,77
06/03/2016,HLN,MT,ANM,WE,Combination Non-Radar Approach Control & Tower w/o Radar,6,10,14,0,30,0,1,34,21,56,6,11,48,21,86,42,10,52,138
06/04/2016,HLN,MT,ANM,WE,Combination Non-Radar Approach Control & Tower w/o Radar,8,2,7,0,17,0,2,70,8,80,8,4,77,8,97,112,0,112,209
06/05/2016,HLN,MT,ANM,WE,Combination Non-Radar Approach Control & Tower w/o Radar,6,6,3,0,15,0,2,45,12,59,6,8,48,12,74,76,10,86,160
06/06/2016,HLN,MT,ANM,WE,Combination Non-Radar Approach Control & Tower w/o Radar,6,12,4,5,27,0,1,20,16,37,6,13,24,21,64,30,10,40,104
06/07/2016,HLN,MT,ANM,WE,Combination Non-Radar Approach Control & Tower w/o Radar,8,5,7,0,20,0,0,35,11,46,8,5,42,11,66,68,6,74,140
06/08/2016,HLN,MT,ANM,WE,Combination Non-Radar Approach Control & Tower w/o Radar,4,11,10,2,27,0,2,32,18,52,4,13,42,20,79,34,2,36,115
06/09/2016,HLN,MT,ANM,WE,Combination Non-Radar Approach Control & Tower w/o Radar,5,11,6,1,23,0,3,40,14,57,5,14,46,15,80,40,0,40,120
06/10/2016,HLN,MT,ANM,WE,Combination Non-Radar Approach Control & Tower w/o Radar,6,15,2,0,23,0,1,52,14,67,6,16,54,14,90,22,0,22,112
06/11/2016,HLN,MT,ANM,WE,Combination Non-Radar Approach Control & Tower w/o Radar,5,12,3,0,20,0,0,39,16,55,5,12,42,16,75,24,0,24,99
06/12/2016,HLN,MT,ANM,WE,Combination Non-Radar Approach Control & Tower w/o Radar,5,8,1,0,14,0,2,40,2,44,5,10,41,2,58,46,0,46,104
06/13/2016,HLN,MT,ANM,WE,Combination Non-Radar Approach Control & Tower w/o Radar,4,6,4,1,15,0,1,40,10,51,4,7,44,11,66,30,14,44,110
06/14/2016,HLN,MT,ANM,WE,Combination Non-Radar Approach Control & Tower w/o Radar,4,13,10,0,27,0,3,16,14,33,4,16,26,14,60,18,0,18,78
06/15/2016,HLN,MT,ANM,WE,Combination Non-Radar Approach Control & Tower w/o Radar,4,14,18,0,36,0,0,23,0,23,4,14,41,0,59,16,0,16,75
06/16/2016,HLN,MT,ANM,WE,Combination Non-Radar Approach Control & Tower w/o Radar,5,11,5,0,21,0,7,24,16,47,5,18,29,16,68,20,0,20,88
06/17/2016,HLN,MT,ANM,WE,Combination Non-Radar Approach Control & Tower w/o Radar,4,11,8,0,23,0,2,52,10,64,4,13,60,10,87,40,0,40,127
06/18/2016,HLN,MT,ANM,WE,Combination Non-Radar Approach Control & Tower w/o Radar,6,8,4,0,18,0,0,38,10,48,6,8,42,10,66,22,0,22,88
06/19/2016,HLN,MT,ANM,WE,Combination Non-Radar Approach Control & Tower w/o Radar,4,8,6,0,18,0,0,23,0,23,4,8,29,0,41,30,0,30,71
06/20/2016,HLN,MT,ANM,WE,Combination Non-Radar Approach Control & Tower w/o Radar,3,10,4,2,19,0,1,46,10,57,3,11,50,12,76,48,0,48,124
06/21/2016,HLN,MT,ANM,WE,Combination Non-Radar Approach Control & Tower w/o Radar,4,17,5,3,29,0,0,26,5,31,4,17,31,8,60,20,8,28,88
06/22/2016,HLN,MT,ANM,WE,Combination Non-Radar Approach Control & Tower w/o Radar,3,13,3,5,24,0,1,65,9,75,3,14,68,14,99,36,8,44,143
06/23/2016,HLN,MT,ANM,WE,Combination Non-Radar Approach Control & Tower w/o Radar,5,13,5,0,23,0,3,56,8,67,5,16,61,8,90,57,0,57,147
06/24/2016,HLN,MT,ANM,WE,Combination Non-Radar Approach Control & Tower w/o Radar,5,14,7,0,26,0,0,27,3,30,5,14,34,3,56,22,0,22,78
06/25/2016,HLN,MT,ANM,WE,Combination Non-Radar Approach Control & Tower w/o Radar,6,10,0,0,16,0,1,11,0,12,6,11,11,0,28,0,0,0,28
06/26/2016,HLN,MT,ANM,WE,Combination Non-Radar Approach Control & Tower w/o Radar,5,8,7,3,23,0,0,40,0,40,5,8,47,3,63,38,0,38,101
06/27/2016,HLN,MT,ANM,WE,Combination Non-Radar Approach Control & Tower w/o Radar,4,12,4,0,20,0,0,39,9,48,4,12,43,9,68,18,2,20,88
06/28/2016,HLN,MT,ANM,WE,Combination Non-Radar Approach Control & Tower w/o Radar,6,9,8,0,23,0,1,62,7,70,6,10,70,7,93,20,18,38,131
06/29/2016,HLN,MT,ANM,WE,Combination Non-Radar Approach Control & Tower w/o Radar,4,12,4,0,20,0,0,63,10,73,4,12,67,10,93,58,6,64,157
06/30/2016,HLN,MT,ANM,WE,Combination Non-Radar Approach Control & Tower w/o Radar,4,12,6,3,25,0,0,37,22,59,4,12,43,25,84,32,18,50,134
07/01/2016,HLN,MT,ANM,WE,Combination Non-Radar Approach Control & Tower w/o Radar,5,13,6,0,24,0,3,62,7,72,5,16,68,7,96,48,0,48,144
07/02/2016,HLN,MT,ANM,WE,Combination Non-Radar Approach Control & Tower w/o Radar,3,9,0,0,12,0,3,39,0,42,3,12,39,0,54,62,0,62,116
07/03/2016,HLN,MT,ANM,WE,Combination Non-Radar Approach Control & Tower w/o Radar,6,5,2,0,13,0,0,35,0,35,6,5,37,0,48,30,0,30,78
07/04/2016,HLN,MT,ANM,WE,Combination Non-Radar Approach Control & Tower w/o Radar,2,8,1,0,11,0,1,64,0,65,2,9,65,0,76,4,0,4,80
07/05/2016,HLN,MT,ANM,WE,Combination Non-Radar Approach Control & Tower w/o Radar,4,13,4,0,21,0,0,24,6,30,4,13,28,6,51,0,0,0,51
07/06/2016,HLN,MT,ANM,WE,Combination Non-Radar Approach Control & Tower w/o Radar,3,12,10,0,25,0,5,25,15,45,3,17,35,15,70,0,38,38,108
07/07/2016,HLN,MT,ANM,WE,Combination Non-Radar Approach Control & Tower w/o Radar,3,14,18,0,35,0,2,66,17,85,3,16,84,17,120,30,16,46,166
07/08/2016,HLN,MT,ANM,WE,Combination Non-Radar Approach Control & Tower w/o Radar,4,15,7,4,30,0,4,42,13,59,4,19,49,17,89,50,10,60,149
07/09/2016,HLN,MT,ANM,WE,Combination Non-Radar Approach Control & Tower w/o Radar,3,13,1,0,17,0,3,43,0,46,3,16,44,0,63,38,0,38,101
07/10/2016,HLN,MT,ANM,WE,Combination Non-Radar Approach Control & Tower w/o Radar,5,11,4,0,20,0,1,6,0,7,5,12,10,0,27,0,0,0,27
07/11/2016,HLN,MT,ANM,WE,Combination Non-Radar Approach Control & Tower w/o Radar,4,10,5,4,23,0,0,9,14,23,4,10,14,18,46,0,2,2,48
07/12/2016,HLN,MT,ANM,WE,Combination Non-Radar Approach Control & Tower w/o Radar,5,11,11,1,28,0,2,35,17,54,5,13,46,18,82,40,20,60,142
07/13/2016,HLN,MT,ANM,WE,Combination Non-Radar Approach Control & Tower w/o Radar,4,16,10,1,31,0,2,33,11,46,4,18,43,12,77,30,0,30,107
07/14/2016,HLN,MT,ANM,WE,Combination Non-Radar Approach Control & Tower w/o Radar,5,15,11,1,32,0,4,53,9,66,5,19,64,10,98,18,0,18,116
07/15/2016,HLN,MT,ANM,WE,Combination Non-Radar Approach Control & Tower w/o Radar,4,10,8,0,22,0,3,57,14,74,4,13,65,14,96,62,4,66,162
07/16/2016,HLN,MT,ANM,WE,Combination Non-Radar Approach Control & Tower w/o Radar,4,8,4,0,16,0,3,41,10,54,4,11,45,10,70,38,2,40,110
07/17/2016,HLN,MT,ANM,WE,Combination Non-Radar Approach Control & Tower w/o Radar,3,9,1,1,14,0,1,47,3,51,3,10,48,4,65,26,14,40,105
07/18/2016,HLN,MT,ANM,WE,Combination Non-Radar Approach Control & Tower w/o Radar,4,10,5,1,20,0,1,48,5,54,4,11,53,6,74,28,4,32,106
07/19/2016,HLN,MT,ANM,WE,Combination Non-Radar Approach Control & Tower w/o Radar,5,9,13,0,27,0,2,51,12,65,5,11,64,12,92,32,0,32,124
07/20/2016,HLN,MT,ANM,WE,Combination Non-Radar Approach Control & Tower w/o Radar,4,12,12,2,30,0,2,46,13,61,4,14,58,15,91,26,0,26,117
07/21/2016,HLN,MT,ANM,WE,Combination Non-Radar Approach Control & Tower w/o Radar,5,12,6,1,24,0,15,75,15,105,5,27,81,16,129,26,12,38,167
07/22/2016,HLN,MT,ANM,WE,Combination Non-Radar Approach Control & Tower w/o Radar,4,14,10,4,32,0,25,72,15,112,4,39,82,19,144,22,10,32,176
07/23/2016,HLN,MT,ANM,WE,Combination Non-Radar Approach Control & Tower w/o Radar,5,10,6,0,21,0,13,48,0,61,5,23,54,0,82,52,0,52,134
07/24/2016,HLN,MT,ANM,WE,Combination Non-Radar Approach Control & Tower w/o Radar,4,10,2,0,16,0,0,61,0,61,4,10,63,0,77,72,0,72,149
07/25/2016,HLN,MT,ANM,WE,Combination Non-Radar Approach Control & Tower w/o Radar,4,14,3,0,21,0,5,51,18,74,4,19,54,18,95,20,8,28,123
07/26/2016,HLN,MT,ANM,WE,Combination Non-Radar Approach Control & Tower w/o Radar,5,13,2,0,20,0,1,53,12,66,5,14,55,12,86,16,0,16,102
07/27/2016,HLN,MT,ANM,WE,Combination Non-Radar Approach Control & Tower w/o Radar,4,17,12,5,38,0,3,73,21,97,4,20,85,26,135,58,14,72,207
07/28/2016,HLN,MT,ANM,WE,Combination Non-Radar Approach Control & Tower w/o Radar,5,12,8,2,27,0,18,57,12,87,5,30,65,14,114,38,2,40,154
07/29/2016,HLN,MT,ANM,WE,Combination Non-Radar Approach Control & Tower w/o Radar,4,12,6,3,25,0,0,71,16,87,4,12,77,19,112,24,4,28,140
07/30/2016,HLN,MT,ANM,WE,Combination Non-Radar Approach Control & Tower w/o Radar,4,9,7,0,20,0,6,49,0,55,4,15,56,0,75,64,0,64,139
07/31/2016,HLN,MT,ANM,WE,Combination Non-Radar Approach Control & Tower w/o Radar,4,9,3,0,16,0,4,54,0,58,4,13,57,0,74,18,0,18,92
08/01/2016,HLN,MT,ANM,WE,Combination Non-Radar Approach Control & Tower w/o Radar,4,13,6,2,25,0,4,53,11,68,4,17,59,13,93,34,2,36,129
08/02/2016,HLN,MT,ANM,WE,Combination Non-Radar Approach Control & Tower w/o Radar,5,16,6,0,27,0,4,56,10,70,5,20,62,10,97,26,0,26,123
08/03/2016,HLN,MT,ANM,WE,Combination Non-Radar Approach Control & Tower w/o Radar,4,10,5,1,20,0,1,26,10,37,4,11,31,11,57,30,0,30,87
08/04/2016,HLN,MT,ANM,WE,Combination Non-Radar Approach Control & Tower w/o Radar,4,15,10,0,29,0,8,68,11,87,4,23,78,11,116,62,2,64,180
08/05/2016,HLN,MT,ANM,WE,Combination Non-Radar Approach Control & Tower w/o Radar,4,12,3,5,24,0,1,56,37,94,4,13,59,42,118,30,22,52,170
08/06/2016,HLN,MT,ANM,WE,Combination Non-Radar Approach Control & Tower w/o Radar,5,9,2,0,16,0,0,45,17,62,5,9,47,17,78,38,6,44,122
08/07/2016,HLN,MT,ANM,WE,Combination Non-Radar Approach Control & Tower w/o Radar,3,9,7,1,20,0,1,35,4,40,3,10,42,5,60,15,0,15,75
08/08/2016,HLN,MT,ANM,WE,Combination Non-Radar Approach Control & Tower w/o Radar,4,9,10,2,25,0,4,37,6,47,4,13,47,8,72,68,14,82,154
08/09/2016,HLN,MT,ANM,WE,Combination Non-Radar Approach Control & Tower w/o Radar,5,10,12,1,28,0,3,38,7,48,5,13,50,8,76,78,14,92,168
08/10/2016,HLN,MT,ANM,WE,Combination Non-Radar Approach Control & Tower w/o Radar,3,17,7,1,28,0,2,46,12,60,3,19,53,13,88,28,20,48,136
08/11/2016,HLN,MT,ANM,WE,Combination Non-Radar Approach Control & Tower w/o Radar,4,12,8,7,31,0,0,54,13,67,4,12,62,20,98,30,18,48,146
08/12/2016,HLN,MT,ANM,WE,Combination Non-Radar Approach Control & Tower w/o Radar,8,8,10,1,27,0,4,59,13,76,8,12,69,14,103,52,8,60,163
08/13/2016,HLN,MT,ANM,WE,Combination Non-Radar Approach Control & Tower w/o Radar,5,10,4,1,20,0,0,46,0,46,5,10,50,1,66,64,0,64,130
08/14/2016,HLN,MT,ANM,WE,Combination Non-Radar Approach Control & Tower w/o Radar,4,9,5,0,18,0,0,49,0,49,4,9,54,0,67,58,0,58,125
08/15/2016,HLN,MT,ANM,WE,Combination Non-Radar Approach Control & Tower w/o Radar,5,10,5,2,22,10,2,41,12,65,15,12,46,14,87,26,12,38,125
08/16/2016,HLN,MT,ANM,WE,Combination Non-Radar Approach Control & Tower w/o Radar,4,10,6,6,26,17,1,45,12,75,21,11,51,18,101,34,2,36,137
08/17/2016,HLN,MT,ANM,WE,Combination Non-Radar Approach Control & Tower w/o Radar,5,12,10,2,29,4,3,58,28,93,9,15,68,30,122,34,18,52,174
08/18/2016,HLN,MT,ANM,WE,Combination Non-Radar Approach Control & Tower w/o Radar,4,15,10,1,30,5,5,24,14,48,9,20,34,15,78,18,0,18,96
08/19/2016,HLN,MT,ANM,WE,Combination Non-Radar Approach Control & Tower w/o Radar,3,17,8,1,29,0,3,26,21,50,3,20,34,22,79,50,16,66,145
08/20/2016,HLN,MT,ANM,WE,Combination Non-Radar Approach Control & Tower w/o Radar,5,8,1,4,18,0,0,46,11,57,5,8,47,15,75,64,8,72,147
08/21/2016,HLN,MT,ANM,WE,Combination Non-Radar Approach Control & Tower w/o Radar,3,8,0,4,15,1,0,48,3,52,4,8,48,7,67,30,2,32,99
08/22/2016,HLN,MT,ANM,WE,Combination Non-Radar Approach Control & Tower w/o Radar,3,11,0,0,14,0,11,24,15,50,3,22,24,15,64,22,4,26,90
08/23/2016,HLN,MT,ANM,WE,Combination Non-Radar Approach Control & Tower w/o Radar,5,12,10,0,27,0,4,34,18,56,5,16,44,18,83,6,20,26,109
08/24/2016,HLN,MT,ANM,WE,Combination Non-Radar Approach Control & Tower w/o Radar,4,10,7,0,21,0,2,24,18,44,4,12,31,18,65,10,12,22,87
08/25/2016,HLN,MT,ANM,WE,Combination Non-Radar Approach Control & Tower w/o Radar,5,11,6,0,22,0,1,58,17,76,5,12,64,17,98,46,10,56,154
08/26/2016,HLN,MT,ANM,WE,Combination Non-Radar Approach Control & Tower w/o Radar,5,11,6,0,22,0,0,49,9,58,5,11,55,9,80,56,0,56,136
08/27/2016,HLN,MT,ANM,WE,Combination Non-Radar Approach Control & Tower w/o Radar,5,9,3,0,17,0,4,56,2,62,5,13,59,2,79,26,0,26,105
08/28/2016,HLN,MT,ANM,WE,Combination Non-Radar Approach Control & Tower w/o Radar,4,9,2,1,16,0,4,34,4,42,4,13,36,5,58,18,0,18,76
08/29/2016,HLN,MT,ANM,WE,Combination Non-Radar Approach Control & Tower w/o Radar,5,7,9,2,23,0,0,30,15,45,5,7,39,17,68,12,8,20,88
08/30/2016,HLN,MT,ANM,WE,Combination Non-Radar Approach Control & Tower w/o Radar,5,11,12,0,28,0,2,51,11,64,5,13,63,11,92,38,4,42,134
08/31/2016,HLN,MT,ANM,WE,Combination Non-Radar Approach Control & Tower w/o Radar,6,12,8,3,29,0,5,41,9,55,6,17,49,12,84,35,2,37,121
09/01/2016,HLN,MT,ANM,WE,Combination Non-Radar Approach Control & Tower w/o Radar,6,10,4,0,20,0,2,38,11,51,6,12,42,11,71,68,4,72,143
09/02/2016,HLN,MT,ANM,WE,Combination Non-Radar Approach Control & Tower w/o Radar,4,11,6,1,22,2,11,40,15,68,6,22,46,16,90,52,4,56,146
09/03/2016,HLN,MT,ANM,WE,Combination Non-Radar Approach Control & Tower w/o Radar,5,8,3,0,16,1,1,41,3,46,6,9,44,3,62,28,0,28,90
09/04/2016,HLN,MT,ANM,WE,Combination Non-Radar Approach Control & Tower w/o Radar,6,4,4,0,14,0,1,5,0,6,6,5,9,0,20,46,0,46,66
09/05/2016,HLN,MT,ANM,WE,Combination Non-Radar Approach Control & Tower w/o Radar,4,4,10,0,18,0,2,19,0,21,4,6,29,0,39,16,0,16,55
09/06/2016,HLN,MT,ANM,WE,Combination Non-Radar Approach Control & Tower w/o Radar,4,13,2,0,19,0,1,32,11,44,4,14,34,11,63,52,0,52,115
09/07/2016,HLN,MT,ANM,WE,Combination Non-Radar Approach Control & Tower w/o Radar,4,14,6,0,24,0,1,29,1,31,4,15,35,1,55,23,0,23,78
09/08/2016,HLN,MT,ANM,WE,Combination Non-Radar Approach Control & Tower w/o Radar,5,15,1,0,21,0,4,17,21,42,5,19,18,21,63,12,6,18,81
09/09/2016,HLN,MT,ANM,WE,Combination Non-Radar Approach Control & Tower w/o Radar,7,12,10,0,29,0,8,50,20,78,7,20,60,20,107,44,12,56,163
09/10/2016,HLN,MT,ANM,WE,Combination Non-Radar Approach Control & Tower w/o Radar,5,7,2,0,14,0,6,116,19,141,5,13,118,19,155,44,14,58,213
09/11/2016,HLN,MT,ANM,WE,Combination Non-Radar Approach Control & Tower w/o Radar,3,7,5,1,16,0,2,70,6,78,3,9,75,7,94,36,6,42,136
09/12/2016,HLN,MT,ANM,WE,Combination Non-Radar Approach Control & Tower w/o Radar,4,10,5,1,20,0,0,15,15,30,4,10,20,16,50,50,22,72,122
09/13/2016,HLN,MT,ANM,WE,Combination Non-Radar Approach Control & Tower w/o Radar,3,10,9,0,22,0,0,65,16,81,3,10,74,16,103,70,2,72,175
09/14/2016,HLN,MT,ANM,WE,Combination Non-Radar Approach Control & Tower w/o Radar,7,15,14,2,38,0,0,37,9,46,7,15,51,11,84,40,10,50,134
09/15/2016,HLN,MT,ANM,WE,Combination Non-Radar Approach Control & Tower w/o Radar,5,16,10,0,31,0,3,45,12,60,5,19,55,12,91,54,16,70,161
09/16/2016,HLN,MT,ANM,WE,Combination Non-Radar Approach Control & Tower w/o Radar,4,9,4,1,18,0,4,57,11,72,4,13,61,12,90,76,4,80,170
09/17/2016,HLN,MT,ANM,WE,Combination Non-Radar Approach Control & Tower w/o Radar,7,8,0,0,15,0,1,63,0,64,7,9,63,0,79,44,0,44,123
09/18/2016,HLN,MT,ANM,WE,Combination Non-Radar Approach Control & Tower w/o Radar,4,6,2,0,12,0,4,7,0,11,4,10,9,0,23,0,0,0,23
09/19/2016,HLN,MT,ANM,WE,Combination Non-Radar Approach Control & Tower w/o Radar,4,9,1,1,15,0,4,65,19,88,4,13,66,20,103,58,12,70,173
09/20/2016,HLN,MT,ANM,WE,Combination Non-Radar Approach Control & Tower w/o Radar,5,11,8,0,24,0,3,65,12,80,5,14,73,12,104,72,34,106,210
09/21/2016,HLN,MT,ANM,WE,Combination Non-Radar Approach Control & Tower w/o Radar,6,13,10,2,31,0,0,12,18,30,6,13,22,20,61,20,26,46,107
09/22/2016,HLN,MT,ANM,WE,Combination Non-Radar Approach Control & Tower w/o Radar,5,13,16,3,37,0,0,17,11,28,5,13,33,14,65,50,30,80,145
09/23/2016,HLN,MT,ANM,WE,Combination Non-Radar Approach Control & Tower w/o Radar,4,10,7,0,21,0,1,12,9,22,4,11,19,9,43,8,8,16,59
09/24/2016,HLN,MT,ANM,WE,Combination Non-Radar Approach Control & Tower w/o Radar,7,7,2,0,16,0,0,25,12,37,7,7,27,12,53,60,8,68,121
09/25/2016,HLN,MT,ANM,WE,Combination Non-Radar Approach Control & Tower w/o Radar,5,8,8,0,21,0,9,46,2,57,5,17,54,2,78,40,0,40,118
09/26/2016,HLN,MT,ANM,WE,Combination Non-Radar Approach Control & Tower w/o Radar,4,8,5,0,17,0,2,43,20,65,4,10,48,20,82,26,12,38,120
09/27/2016,HLN,MT,ANM,WE,Combination Non-Radar Approach Control & Tower w/o Radar,6,14,9,0,29,0,2,68,28,98,6,16,77,28,127,54,14,68,195
09/28/2016,HLN,MT,ANM,WE,Combination Non-Radar Approach Control & Tower w/o Radar,5,11,12,0,28,0,1,65,25,91,5,12,77,25,119,54,8,62,181
09/29/2016,HLN,MT,ANM,WE,Combination Non-Radar Approach Control & Tower w/o Radar,7,9,7,0,23,2,2,47,28,79,9,11,54,28,102,34,14,48,150
09/30/2016,HLN,MT,ANM,WE,Combination Non-Radar Approach Control & Tower w/o Radar,5,10,12,0,27,0,2,62,8,72,5,12,74,8,99,76,0,76,175
10/01/2016,HLN,MT,ANM,WE,Combination Non-Radar Approach Control & Tower w/o Radar,5,7,2,0,14,0,0,19,1,20,5,7,21,1,34,50,6,56,90
10/02/2016,HLN,MT,ANM,WE,Combination Non-Radar Approach Control & Tower w/o Radar,6,8,2,0,16,0,0,12,6,18,6,8,14,6,34,8,8,16,50
10/03/2016,HLN,MT,ANM,WE,Combination Non-Radar Approach Control & Tower w/o Radar,6,8,3,0,17,0,0,0,1,1,6,8,3,1,18,0,16,16,34
10/04/2016,HLN,MT,ANM,WE,Combination Non-Radar Approach Control & Tower w/o Radar,6,8,8,2,24,0,1,7,18,26,6,9,15,20,50,18,4,22,72
10/05/2016,HLN,MT,ANM,WE,Combination Non-Radar Approach Control & Tower w/o Radar,5,11,7,0,23,0,0,4,0,4,5,11,11,0,27,6,0,6,33
10/06/2016,HLN,MT,ANM,WE,Combination Non-Radar Approach Control & Tower w/o Radar,6,16,8,0,30,0,6,29,21,56,6,22,37,21,86,20,14,34,120
10/07/2016,HLN,MT,ANM,WE,Combination Non-Radar Approach Control & Tower w/o Radar,6,9,4,2,21,0,4,9,6,19,6,13,13,8,40,12,17,29,69
10/08/2016,HLN,MT,ANM,WE,Combination Non-Radar Approach Control & Tower w/o Radar,4,8,2,0,14,0,3,44,1,48,4,11,46,1,62,6,0,6,68
10/09/2016,HLN,MT,ANM,WE,Combination Non-Radar Approach Control & Tower w/o Radar,3,7,5,0,15,0,1,21,1,23,3,8,26,1,38,6,0,6,44
10/10/2016,HLN,MT,ANM,WE,Combination Non-Radar Approach Control & Tower w/o Radar,5,7,6,0,18,0,0,2,0,2,5,7,8,0,20,0,0,0,20
10/11/2016,HLN,MT,ANM,WE,Combination Non-Radar Approach Control & Tower w/o Radar,6,10,5,0,21,0,9,7,5,21,6,19,12,5,42,8,4,12,54
10/12/2016,HLN,MT,ANM,WE,Combination Non-Radar Approach Control & Tower w/o Radar,6,12,6,0,24,0,3,42,6,51,6,15,48,6,75,28,0,28,103
10/13/2016,HLN,MT,ANM,WE,Combination Non-Radar Approach Control & Tower w/o Radar,6,12,12,0,30,0,3,25,10,38,6,15,37,10,68,60,10,70,138
10/14/2016,HLN,MT,ANM,WE,Combination Non-Radar Approach Control & Tower w/o Radar,5,12,3,0,20,0,2,7,8,17,5,14,10,8,37,12,10,22,59
10/15/2016,HLN,MT,ANM,WE,Combination Non-Radar Approach Control & Tower w/o Radar,7,9,1,2,19,0,1,39,18,58,7,10,40,20,77,46,4,50,127
10/16/2016,HLN,MT,ANM,WE,Combination Non-Radar Approach Control & Tower w/o Radar,5,6,1,0,12,0,2,6,4,12,5,8,7,4,24,4,0,4,28
10/17/2016,HLN,MT,ANM,WE,Combination Non-Radar Approach Control & Tower w/o Radar,3,14,12,0,29,0,0,6,15,21,3,14,18,15,50,0,4,4,54
10/18/2016,HLN,MT,ANM,WE,Combination Non-Radar Approach Control & Tower w/o Radar,5,13,4,2,24,0,3,46,12,61,5,16,50,14,85,30,4,34,119
10/19/2016,HLN,MT,ANM,WE,Combination Non-Radar Approach Control & Tower w/o Radar,5,17,8,1,31,0,2,38,13,53,5,19,46,14,84,26,4,30,114
10/20/2016,HLN,MT,ANM,WE,Combination Non-Radar Approach Control & Tower w/o Radar,6,13,10,0,29,0,3,46,20,69,6,16,56,20,98,48,14,62,160
10/21/2016,HLN,MT,ANM,WE,Combination Non-Radar Approach Control & Tower w/o Radar,6,8,10,1,25,0,3,32,18,53,6,11,42,19,78,34,6,40,118
10/22/2016,HLN,MT,ANM,WE,Combination Non-Radar Approach Control & Tower w/o Radar,6,14,6,0,26,0,3,16,19,38,6,17,22,19,64,6,2,8,72
10/23/2016,HLN,MT,ANM,WE,Combination Non-Radar Approach Control & Tower w/o Radar,6,7,6,0,19,0,0,52,0,52,6,7,58,0,71,48,0,48,119
10/24/2016,HLN,MT,ANM,WE,Combination Non-Radar Approach Control & Tower w/o Radar,4,9,9,0,22,0,2,35,17,54,4,11,44,17,76,52,10,62,138
10/25/2016,HLN,MT,ANM,WE,Combination Non-Radar Approach Control & Tower w/o Radar,4,10,8,2,24,0,2,41,24,67,4,12,49,26,91,18,18,36,127
10/26/2016,HLN,MT,ANM,WE,Combination Non-Radar Approach Control & Tower w/o Radar,7,12,7,2,28,0,1,45,17,63,7,13,52,19,91,36,0,36,127
10/27/2016,HLN,MT,ANM,WE,Combination Non-Radar Approach Control & Tower w/o Radar,5,11,7,2,25,0,0,40,21,61,5,11,47,23,86,30,12,42,128
10/28/2016,HLN,MT,ANM,WE,Combination Non-Radar Approach Control & Tower w/o Radar,7,10,8,0,25,1,2,18,11,32,8,12,26,11,57,2,0,2,59
10/29/2016,HLN,MT,ANM,WE,Combination Non-Radar Approach Control & Tower w/o Radar,6,6,3,2,17,0,1,29,26,56,6,7,32,28,73,54,8,62,135
10/30/2016,HLN,MT,ANM,WE,Combination Non-Radar Approach Control & Tower w/o Radar,6,6,1,0,13,0,0,32,1,33,6,6,33,1,46,20,0,20,66
10/31/2016,HLN,MT,ANM,WE,Combination Non-Radar Approach Control & Tower w/o Radar,4,9,1,0,14,0,2,8,0,10,4,11,9,0,24,22,0,22,46
11/01/2016,HLN,MT,ANM,WE,Combination Non-Radar Approach Control & Tower w/o Radar,6,16,7,1,30,0,4,46,15,65,6,20,53,16,95,78,0,78,173
11/02/2016,HLN,MT,ANM,WE,Combination Non-Radar Approach Control & Tower w/o Radar,5,12,7,1,25,0,2,35,4,41,5,14,42,5,66,34,4,38,104
11/03/2016,HLN,MT,ANM,WE,Combination Non-Radar Approach Control & Tower w/o Radar,7,7,9,3,26,0,0,53,19,72,7,7,62,22,98,38,14,52,150
11/04/2016,HLN,MT,ANM,WE,Combination Non-Radar Approach Control & Tower w/o Radar,4,9,8,1,22,0,0,52,25,77,4,9,60,26,99,48,18,66,165
11/05/2016,HLN,MT,ANM,WE,Combination Non-Radar Approach Control & Tower w/o Radar,6,7,0,0,13,0,3,62,13,78,6,10,62,13,91,48,0,48,139
11/06/2016,HLN,MT,ANM,WE,Combination Non-Radar Approach Control & Tower w/o Radar,5,6,2,0,13,0,0,36,4,40,5,6,38,4,53,32,0,32,85
11/07/2016,HLN,MT,ANM,WE,Combination Non-Radar Approach Control & Tower w/o Radar,6,11,4,4,25,0,4,35,8,47,6,15,39,12,72,74,0,74,146
11/08/2016,HLN,MT,ANM,WE,Combination Non-Radar Approach Control & Tower w/o Radar,6,9,4,0,19,0,1,24,15,40,6,10,28,15,59,24,10,34,93
11/09/2016,HLN,MT,ANM,WE,Combination Non-Radar Approach Control & Tower w/o Radar,5,14,17,4,40,0,4,48,9,61,5,18,65,13,101,50,0,50,151
11/10/2016,HLN,MT,ANM,WE,Combination Non-Radar Approach Control & Tower w/o Radar,6,15,10,2,33,0,3,54,18,75,6,18,64,20,108,44,0,44,152
11/11/2016,HLN,MT,ANM,WE,Combination Non-Radar Approach Control & Tower w/o Radar,7,10,3,0,20,0,1,59,0,60,7,11,62,0,80,106,0,106,186
11/12/2016,HLN,MT,ANM,WE,Combination Non-Radar Approach Control & Tower w/o Radar,5,7,1,0,13,0,3,56,0,59,5,10,57,0,72,16,0,16,88
11/13/2016,HLN,MT,ANM,WE,Combination Non-Radar Approach Control & Tower w/o Radar,5,9,1,0,15,0,6,33,1,40,5,15,34,1,55,36,0,36,91
11/14/2016,HLN,MT,ANM,WE,Combination Non-Radar Approach Control & Tower w/o Radar,5,11,2,0,18,0,5,23,2,30,5,16,25,2,48,82,10,92,140
11/15/2016,HLN,MT,ANM,WE,Combination Non-Radar Approach Control & Tower w/o Radar,5,18,8,1,32,0,1,19,21,41,5,19,27,22,73,16,10,26,99
11/16/2016,HLN,MT,ANM,WE,Combination Non-Radar Approach Control & Tower w/o Radar,3,9,9,0,21,0,2,6,15,23,3,11,15,15,44,16,18,34,78
11/17/2016,HLN,MT,ANM,WE,Combination Non-Radar Approach Control & Tower w/o Radar,3,10,9,7,29,0,2,28,20,50,3,12,37,27,79,24,26,50,129
11/18/2016,HLN,MT,ANM,WE,Combination Non-Radar Approach Control & Tower w/o Radar,4,13,6,4,27,0,0,33,8,41,4,13,39,12,68,4,0,4,72
11/19/2016,HLN,MT,ANM,WE,Combination Non-Radar Approach Control & Tower w/o Radar,4,8,5,0,17,0,0,32,10,42,4,8,37,10,59,22,6,28,87
11/20/2016,HLN,MT,ANM,WE,Combination Non-Radar Approach Control & Tower w/o Radar,4,5,9,0,18,0,0,47,2,49,4,5,56,2,67,28,0,28,95
11/21/2016,HLN,MT,ANM,WE,Combination Non-Radar Approach Control & Tower w/o Radar,4,6,4,6,20,0,1,24,13,38,4,7,28,19,58,10,6,16,74
11/22/2016,HLN,MT,ANM,WE,Combination Non-Radar Approach Control & Tower w/o Radar,4,11,6,0,21,0,0,52,15,67,4,11,58,15,88,32,6,38,126
11/23/2016,HLN,MT,ANM,WE,Combination Non-Radar Approach Control & Tower w/o Radar,5,10,5,1,21,0,0,28,12,40,5,10,33,13,61,36,4,40,101
11/24/2016,HLN,MT,ANM,WE,Combination Non-Radar Approach Control & Tower w/o Radar,6,2,3,0,11,0,0,24,0,24,6,2,27,0,35,8,0,8,43
11/25/2016,HLN,MT,ANM,WE,Combination Non-Radar Approach Control & Tower w/o Radar,4,12,1,0,17,0,2,9,0,11,4,14,10,0,28,0,0,0,28
11/26/2016,HLN,MT,ANM,WE,Combination Non-Radar Approach Control & Tower w/o Radar,3,13,4,0,20,0,0,18,0,18,3,13,22,0,38,0,0,0,38
11/27/2016,HLN,MT,ANM,WE,Combination Non-Radar Approach Control & Tower w/o Radar,5,6,4,0,15,0,0,16,0,16,5,6,20,0,31,20,0,20,51
11/28/2016,HLN,MT,ANM,WE,Combination Non-Radar Approach Control & Tower w/o Radar,5,7,5,0,17,0,0,7,17,24,5,7,12,17,41,8,6,14,55
11/29/2016,HLN,MT,ANM,WE,Combination Non-Radar Approach Control & Tower w/o Radar,3,15,5,2,25,0,0,15,14,29,3,15,20,16,54,14,0,14,68
11/30/2016,HLN,MT,ANM,WE,Combination Non-Radar Approach Control & Tower w/o Radar,4,11,8,0,23,0,0,8,13,21,4,11,16,13,44,4,12,16,60
12/01/2016,HLN,MT,ANM,WE,Combination Non-Radar Approach Control & Tower w/o Radar,4,10,3,0,17,0,0,10,13,23,4,10,13,13,40,16,24,40,80
12/02/2016,HLN,MT,ANM,WE,Combination Non-Radar Approach Control & Tower w/o Radar,4,11,3,0,18,0,2,20,29,51,4,13,23,29,69,32,50,82,151
12/03/2016,HLN,MT,ANM,WE,Combination Non-Radar Approach Control & Tower w/o Radar,3,8,0,0,11,0,0,0,3,3,3,8,0,3,14,0,0,0,14
12/04/2016,HLN,MT,ANM,WE,Combination Non-Radar Approach Control & Tower w/o Radar,3,7,1,0,11,0,0,2,0,2,3,7,3,0,13,0,0,0,13
12/05/2016,HLN,MT,ANM,WE,Combination Non-Radar Approach Control & Tower w/o Radar,4,10,4,2,20,0,0,0,4,4,4,10,4,6,24,0,18,18,42
12/06/2016,HLN,MT,ANM,WE,Combination Non-Radar Approach Control & Tower w/o Radar,4,13,4,2,23,0,0,8,13,21,4,13,12,15,44,4,16,20,64
12/07/2016,HLN,MT,ANM,WE,Combination Non-Radar Approach Control & Tower w/o Radar,7,13,15,2,37,0,1,8,0,9,7,14,23,2,46,4,0,4,50
12/08/2016,HLN,MT,ANM,WE,Combination Non-Radar Approach Control & Tower w/o Radar,5,9,6,2,22,0,0,8,14,22,5,9,14,16,44,10,48,58,102
12/09/2016,HLN,MT,ANM,WE,Combination Non-Radar Approach Control & Tower w/o Radar,4,13,9,2,28,0,13,9,1,23,4,26,18,3,51,6,12,18,69
12/10/2016,HLN,MT,ANM,WE,Combination Non-Radar Approach Control & Tower w/o Radar,3,11,1,0,15,0,0,9,0,9,3,11,10,0,24,12,0,12,36
12/11/2016,HLN,MT,ANM,WE,Combination Non-Radar Approach Control & Tower w/o Radar,3,9,1,0,13,0,2,6,0,8,3,11,7,0,21,8,0,8,29
12/12/2016,HLN,MT,ANM,WE,Combination Non-Radar Approach Control & Tower w/o Radar,4,10,3,1,18,0,0,0,0,0,4,10,3,1,18,0,0,0,18
12/13/2016,HLN,MT,ANM,WE,Combination Non-Radar Approach Control & Tower w/o Radar,3,13,13,3,32,0,0,1,9,10,3,13,14,12,42,0,12,12,54
12/14/2016,HLN,MT,ANM,WE,Combination Non-Radar Approach Control & Tower w/o Radar,4,10,13,0,27,0,2,40,15,57,4,12,53,15,84,20,24,44,128
12/15/2016,HLN,MT,ANM,WE,Combination Non-Radar Approach Control & Tower w/o Radar,3,14,12,0,29,0,0,0,0,0,3,14,12,0,29,0,0,0,29
12/16/2016,HLN,MT,ANM,WE,Combination Non-Radar Approach Control & Tower w/o Radar,3,15,3,1,22,0,0,1,0,1,3,15,4,1,23,0,0,0,23
12/17/2016,HLN,MT,ANM,WE,Combination Non-Radar Approach Control & Tower w/o Radar,4,11,2,0,17,0,0,1,0,1,4,11,3,0,18,0,0,0,18
12/18/2016,HLN,MT,ANM,WE,Combination Non-Radar Approach Control & Tower w/o Radar,4,14,2,0,20,0,2,6,0,8,4,16,8,0,28,2,0,2,30
12/19/2016,HLN,MT,ANM,WE,Combination Non-Radar Approach Control & Tower w/o Radar,4,14,12,0,30,0,4,8,1,13,4,18,20,1,43,4,0,4,47
12/20/2016,HLN,MT,ANM,WE,Combination Non-Radar Approach Control & Tower w/o Radar,4,12,10,0,26,0,0,8,0,8,4,12,18,0,34,26,0,26,60
12/21/2016,HLN,MT,ANM,WE,Combination Non-Radar Approach Control & Tower w/o Radar,4,19,12,2,37,0,1,41,27,69,4,20,53,29,106,20,6,26,132
12/22/2016,HLN,MT,ANM,WE,Combination Non-Radar Approach Control & Tower w/o Radar,4,13,8,0,25,0,3,31,16,50,4,16,39,16,75,8,10,18,93
12/23/2016,HLN,MT,ANM,WE,Combination Non-Radar Approach Control & Tower w/o Radar,4,16,7,0,27,0,1,22,7,30,4,17,29,7,57,14,6,20,77
12/24/2016,HLN,MT,ANM,WE,Combination Non-Radar Approach Control & Tower w/o Radar,4,10,2,0,16,0,0,0,0,0,4,10,2,0,16,0,0,0,16
12/25/2016,HLN,MT,ANM,WE,Combination Non-Radar Approach Control & Tower w/o Radar,4,5,0,0,9,0,0,2,0,2,4,5,2,0,11,0,0,0,11
12/26/2016,HLN,MT,ANM,WE,Combination Non-Radar Approach Control & Tower w/o Radar,5,8,6,0,19,0,0,15,0,15,5,8,21,0,34,16,0,16,50
12/27/2016,HLN,MT,ANM,WE,Combination Non-Radar Approach Control & Tower w/o Radar,4,13,1,0,18,0,3,2,0,5,4,16,3,0,23,0,0,0,23
12/28/2016,HLN,MT,ANM,WE,Combination Non-Radar Approach Control & Tower w/o Radar,4,14,3,0,21,0,11,10,2,23,4,25,13,2,44,0,0,0,44
12/29/2016,HLN,MT,ANM,WE,Combination Non-Radar Approach Control & Tower w/o Radar,4,9,5,0,18,0,2,39,11,52,4,11,44,11,70,36,12,48,118
12/30/2016,HLN,MT,ANM,WE,Combination Non-Radar Approach Control & Tower w/o Radar,4,8,5,0,17,0,4,3,2,9,4,12,8,2,26,0,0,0,26
12/31/2016,HLN,MT,ANM,WE,Combination Non-Radar Approach Control & Tower w/o Radar,4,16,0,0,20,0,6,25,0,31,4,22,25,0,51,24,0,24,75
01/01/2017,HLN,MT,ANM,WE,Combination Non-Radar Approach Control & Tower w/o Radar,2,8,1,0,11,0,0,0,0,0,2,8,1,0,11,0,0,0,11
01/02/2017,HLN,MT,ANM,WE,Combination Non-Radar Approach Control & Tower w/o Radar,4,13,13,0,30,0,1,1,0,2,4,14,14,0,32,10,4,14,46
01/03/2017,HLN,MT,ANM,WE,Combination Non-Radar Approach Control & Tower w/o Radar,4,11,9,0,24,0,0,7,0,7,4,11,16,0,31,2,0,2,33
01/04/2017,HLN,MT,ANM,WE,Combination Non-Radar Approach Control & Tower w/o Radar,4,11,5,0,20,0,0,23,5,28,4,11,28,5,48,12,24,36,84
01/05/2017,HLN,MT,ANM,WE,Combination Non-Radar Approach Control & Tower w/o Radar,4,11,2,0,17,0,0,16,22,38,4,11,18,22,55,2,12,14,69
01/06/2017,HLN,MT,ANM,WE,Combination Non-Radar Approach Control & Tower w/o Radar,4,9,10,2,25,0,1,10,26,37,4,10,20,28,62,0,18,18,80
01/07/2017,HLN,MT,ANM,WE,Combination Non-Radar Approach Control & Tower w/o Radar,3,10,4,0,17,0,1,15,23,39,3,11,19,23,56,0,20,20,76
01/08/2017,HLN,MT,ANM,WE,Combination Non-Radar Approach Control & Tower w/o Radar,3,8,0,0,11,0,0,1,4,5,3,8,1,4,16,0,0,0,16
01/09/2017,HLN,MT,ANM,WE,Combination Non-Radar Approach Control & Tower w/o Radar,4,13,2,2,21,0,0,9,6,15,4,13,11,8,36,0,4,4,40
01/10/2017,HLN,MT,ANM,WE,Combination Non-Radar Approach Control & Tower w/o Radar,3,14,8,2,27,0,2,12,2,16,3,16,20,4,43,10,0,10,53
01/11/2017,HLN,MT,ANM,WE,Combination Non-Radar Approach Control & Tower w/o Radar,3,17,9,2,31,0,0,6,25,31,3,17,15,27,62,0,74,74,136
01/12/2017,HLN,MT,ANM,WE,Combination Non-Radar Approach Control & Tower w/o Radar,3,8,9,2,22,0,2,24,15,41,3,10,33,17,63,0,28,28,91
01/13/2017,HLN,MT,ANM,WE,Combination Non-Radar Approach Control & Tower w/o Radar,3,11,7,0,21,0,2,13,14,29,3,13,20,14,50,2,4,6,56
01/14/2017,HLN,MT,ANM,WE,Combination Non-Radar Approach Control & Tower w/o Radar,2,7,2,2,13,0,6,4,0,10,2,13,6,2,23,2,0,2,25
01/15/2017,HLN,MT,ANM,WE,Combination Non-Radar Approach Control & Tower w/o Radar,2,9,1,0,12,0,0,17,0,17,2,9,18,0,29,20,0,20,49
01/16/2017,HLN,MT,ANM,WE,Combination Non-Radar Approach Control & Tower w/o Radar,3,10,4,0,17,0,7,24,0,31,3,17,28,0,48,34,0,34,82
01/17/2017,HLN,MT,ANM,WE,Combination Non-Radar Approach Control & Tower w/o Radar,2,10,6,3,21,0,0,21,13,34,2,10,27,16,55,22,14,36,91
01/18/2017,HLN,MT,ANM,WE,Combination Non-Radar Approach Control & Tower w/o Radar,3,10,6,1,20,0,0,32,21,53,3,10,38,22,73,32,20,52,125
01/19/2017,HLN,MT,ANM,WE,Combination Non-Radar Approach Control & Tower w/o Radar,3,10,4,2,19,0,0,17,17,34,3,10,21,19,53,34,24,58,111
01/20/2017,HLN,MT,ANM,WE,Combination Non-Radar Approach Control & Tower w/o Radar,2,11,5,0,18,0,2,38,24,64,2,13,43,24,82,48,30,78,160
01/21/2017,HLN,MT,ANM,WE,Combination Non-Radar Approach Control & Tower w/o Radar,2,16,4,0,22,0,1,10,7,18,2,17,14,7,40,6,22,28,68
01/22/2017,HLN,MT,ANM,WE,Combination Non-Radar Approach Control & Tower w/o Radar,4,9,0,2,15,0,2,25,0,27,4,11,25,2,42,18,0,18,60
01/23/2017,HLN,MT,ANM,WE,Combination Non-Radar Approach Control & Tower w/o Radar,3,12,18,1,34,0,0,13,14,27,3,12,31,15,61,68,46,114,175
01/24/2017,HLN,MT,ANM,WE,Combination Non-Radar Approach Control & Tower w/o Radar,3,11,3,1,18,0,0,35,15,50,3,11,38,16,68,38,26,64,132
01/25/2017,HLN,MT,ANM,WE,Combination Non-Radar Approach Control & Tower w/o Radar,3,12,7,2,24,0,1,32,22,55,3,13,39,24,79,34,12,46,125
01/26/2017,HLN,MT,ANM,WE,Combination Non-Radar Approach Control & Tower w/o Radar,2,9,4,0,15,0,1,28,12,41,2,10,32,12,56,52,4,56,112
01/27/2017,HLN,MT,ANM,WE,Combination Non-Radar Approach Control & Tower w/o Radar,4,13,12,2,31,0,1,30,2,33,4,14,42,4,64,22,4,26,90
01/28/2017,HLN,MT,ANM,WE,Combination Non-Radar Approach Control & Tower w/o Radar,3,11,6,0,20,0,0,13,0,13,3,11,19,0,33,20,0,20,53
01/29/2017,HLN,MT,ANM,WE,Combination Non-Radar Approach Control & Tower w/o Radar,4,5,1,0,10,0,0,25,1,26,4,5,26,1,36,62,0,62,98
01/30/2017,HLN,MT,ANM,WE,Combination Non-Radar Approach Control & Tower w/o Radar,4,9,5,1,19,0,2,44,27,73,4,11,49,28,92,104,24,128,220
01/31/2017,HLN,MT,ANM,WE,Combination Non-Radar Approach Control & Tower w/o Radar,3,11,6,0,20,0,0,0,0,0,3,11,6,0,20,0,0,0,20
02/01/2017,HLN,MT,ANM,WE,Combination Non-Radar Approach Control & Tower w/o Radar,6,7,12,0,25,0,1,24,13,38,6,8,36,13,63,24,25,49,112
02/02/2017,HLN,MT,ANM,WE,Combination Non-Radar Approach Control & Tower w/o Radar,4,16,0,0,20,0,0,24,16,40,4,16,24,16,60,18,24,42,102
02/03/2017,HLN,MT,ANM,WE,Combination Non-Radar Approach Control & Tower w/o Radar,4,11,7,0,22,0,4,14,17,35,4,15,21,17,57,16,14,30,87
02/04/2017,HLN,MT,ANM,WE,Combination Non-Radar Approach Control & Tower w/o Radar,5,8,1,0,14,0,0,0,0,0,5,8,1,0,14,0,0,0,14
02/05/2017,HLN,MT,ANM,WE,Combination Non-Radar Approach Control & Tower w/o Radar,2,8,1,0,11,0,0,9,0,9,2,8,10,0,20,12,0,12,32
02/06/2017,HLN,MT,ANM,WE,Combination Non-Radar Approach Control & Tower w/o Radar,1,9,9,1,20,0,0,3,9,12,1,9,12,10,32,0,12,12,44
02/07/2017,HLN,MT,ANM,WE,Combination Non-Radar Approach Control & Tower w/o Radar,2,14,7,2,25,0,1,12,16,29,2,15,19,18,54,0,14,14,68
02/08/2017,HLN,MT,ANM,WE,Combination Non-Radar Approach Control & Tower w/o Radar,3,18,3,1,25,0,6,9,10,25,3,24,12,11,50,4,0,4,54
02/09/2017,HLN,MT,ANM,WE,Combination Non-Radar Approach Control & Tower w/o Radar,4,9,11,0,24,0,0,10,0,10,4,9,21,0,34,0,0,0,34
02/10/2017,HLN,MT,ANM,WE,Combination Non-Radar Approach Control & Tower w/o Radar,3,13,3,0,19,0,0,4,28,32,3,13,7,28,51,20,46,66,117
02/11/2017,HLN,MT,ANM,WE,Combination Non-Radar Approach Control & Tower w/o Radar,0,7,2,0,9,0,3,0,39,42,0,10,2,39,51,0,40,40,91
02/12/2017,HLN,MT,ANM,WE,Combination Non-Radar Approach Control & Tower w/o Radar,3,7,1,0,11,0,1,27,1,29,3,8,28,1,40,28,0,28,68
02/13/2017,HLN,MT,ANM,WE,Combination Non-Radar Approach Control & Tower w/o Radar,3,10,2,0,15,0,3,42,20,65,3,13,44,20,80,64,2,66,146
02/14/2017,HLN,MT,ANM,WE,Combination Non-Radar Approach Control & Tower w/o Radar,3,13,8,1,25,0,4,39,11,54,3,17,47,12,79,40,6,46,125
02/15/2017,HLN,MT,ANM,WE,Combination Non-Radar Approach Control & Tower w/o Radar,4,11,6,1,22,0,1,36,15,52,4,12,42,16,74,40,24,64,138
02/16/2017,HLN,MT,ANM,WE,Combination Non-Radar Approach Control & Tower w/o Radar,6,15,0,1,22,0,0,12,13,25,6,15,12,14,47,12,14,26,73
02/17/2017,HLN,MT,ANM,WE,Combination Non-Radar Approach Control & Tower w/o Radar,4,14,6,0,24,0,2,30,21,53,4,16,36,21,77,46,8,54,131
02/18/2017,HLN,MT,ANM,WE,Combination Non-Radar Approach Control & Tower w/o Radar,4,8,0,0,12,0,0,28,8,36,4,8,28,8,48,14,6,20,68
02/19/2017,HLN,MT,ANM,WE,Combination Non-Radar Approach Control & Tower w/o Radar,5,8,2,0,15,0,0,18,0,18,5,8,20,0,33,20,0,20,53
02/20/2017,HLN,MT,ANM,WE,Combination Non-Radar Approach Control & Tower w/o Radar,4,10,4,0,18,0,1,19,0,20,4,11,23,0,38,16,0,16,54
02/21/2017,HLN,MT,ANM,WE,Combination Non-Radar Approach Control & Tower w/o Radar,1,14,4,1,20,0,0,14,0,14,1,14,18,1,34,4,0,4,38
02/22/2017,HLN,MT,ANM,WE,Combination Non-Radar Approach Control & Tower w/o Radar,3,24,18,0,45,0,0,33,13,46,3,24,51,13,91,50,4,54,145
02/23/2017,HLN,MT,ANM,WE,Combination Non-Radar Approach Control & Tower w/o Radar,4,15,14,1,34,0,0,20,18,38,4,15,34,19,72,16,24,40,112
02/24/2017,HLN,MT,ANM,WE,Combination Non-Radar Approach Control & Tower w/o Radar,6,13,10,3,32,0,1,34,23,58,6,14,44,26,90,40,10,50,140
02/25/2017,HLN,MT,ANM,WE,Combination Non-Radar Approach Control & Tower w/o Radar,3,8,2,2,15,0,0,26,0,26,3,8,28,2,41,14,0,14,55
02/26/2017,HLN,MT,ANM,WE,Combination Non-Radar Approach Control & Tower w/o Radar,3,12,1,0,16,0,0,14,0,14,3,12,15,0,30,8,0,8,38
02/27/2017,HLN,MT,ANM,WE,Combination Non-Radar Approach Control & Tower w/o Radar,4,14,7,3,28,0,1,18,29,48,4,15,25,32,76,8,26,34,110
02/28/2017,HLN,MT,ANM,WE,Combination Non-Radar Approach Control & Tower w/o Radar,3,11,4,0,18,0,1,14,22,37,3,12,18,22,55,4,28,32,87
03/01/2017,HLN,MT,ANM,WE,Combination Non-Radar Approach Control & Tower w/o Radar,3,17,5,0,25,0,1,21,2,24,3,18,26,2,49,22,6,28,77
03/02/2017,HLN,MT,ANM,WE,Combination Non-Radar Approach Control & Tower w/o Radar,4,12,9,1,26,0,0,56,48,104,4,12,65,49,130,36,34,70,200
03/03/2017,HLN,MT,ANM,WE,Combination Non-Radar Approach Control & Tower w/o Radar,4,11,4,1,20,0,1,50,20,71,4,12,54,21,91,56,40,96,187
03/04/2017,HLN,MT,ANM,WE,Combination Non-Radar Approach Control & Tower w/o Radar,3,13,2,4,22,0,3,41,19,63,3,16,43,23,85,74,22,96,181
03/05/2017,HLN,MT,ANM,WE,Combination Non-Radar Approach Control & Tower w/o Radar,3,14,0,0,17,0,0,9,4,13,3,14,9,4,30,6,18,24,54
03/06/2017,HLN,MT,ANM,WE,Combination Non-Radar Approach Control & Tower w/o Radar,3,13,4,3,23,0,0,23,25,48,3,13,27,28,71,0,6,6,77
03/07/2017,HLN,MT,ANM,WE,Combination Non-Radar Approach Control & Tower w/o Radar,2,14,8,4,28,0,0,20,13,33,2,14,28,17,61,56,4,60,121
03/08/2017,HLN,MT,ANM,WE,Combination Non-Radar Approach Control & Tower w/o Radar,3,13,7,0,23,0,1,9,0,10,3,14,16,0,33,2,0,2,35
03/09/2017,HLN,MT,ANM,WE,Combination Non-Radar Approach Control & Tower w/o Radar,9,14,4,2,29,0,0,1,0,1,9,14,5,2,30,0,0,0,30
03/10/2017,HLN,MT,ANM,WE,Combination Non-Radar Approach Control & Tower w/o Radar,6,13,8,0,27,0,1,22,10,33,6,14,30,10,60,14,2,16,76
03/11/2017,HLN,MT,ANM,WE,Combination Non-Radar Approach Control & Tower w/o Radar,6,7,2,0,15,0,2,49,0,51,6,9,51,0,66,32,0,32,98
03/12/2017,HLN,MT,ANM,WE,Combination Non-Radar Approach Control & Tower w/o Radar,5,7,0,0,12,0,2,3,0,5,5,9,3,0,17,0,0,0,17
03/13/2017,HLN,MT,ANM,WE,Combination Non-Radar Approach Control & Tower w/o Radar,6,12,8,0,26,0,0,24,7,31,6,12,32,7,57,15,2,17,74
03/14/2017,HLN,MT,ANM,WE,Combination Non-Radar Approach Control & Tower w/o Radar,4,13,13,0,30,0,1,15,11,27,4,14,28,11,57,6,0,6,63
03/15/2017,HLN,MT,ANM,WE,Combination Non-Radar Approach Control & Tower w/o Radar,2,12,15,3,32,0,6,26,26,58,2,18,41,29,90,36,14,50,140
03/16/2017,HLN,MT,ANM,WE,Combination Non-Radar Approach Control & Tower w/o Radar,4,10,14,1,29,0,8,23,34,65,4,18,37,35,94,8,16,24,118
03/17/2017,HLN,MT,ANM,WE,Combination Non-Radar Approach Control & Tower w/o Radar,6,8,4,0,18,0,0,46,12,58,6,8,50,12,76,18,6,24,100
03/18/2017,HLN,MT,ANM,WE,Combination Non-Radar Approach Control & Tower w/o Radar,6,8,3,0,17,0,1,36,26,63,6,9,39,26,80,18,16,34,114
03/19/2017,HLN,MT,ANM,WE,Combination Non-Radar Approach Control & Tower w/o Radar,7,6,2,0,15,0,4,31,0,35,7,10,33,0,50,52,0,52,102
03/20/2017,HLN,MT,ANM,WE,Combination Non-Radar Approach Control & Tower w/o Radar,4,14,9,2,29,0,0,25,15,40,4,14,34,17,69,40,2,42,111
03/21/2017,HLN,MT,ANM,WE,Combination Non-Radar Approach Control & Tower w/o Radar,2,13,6,2,23,0,8,40,23,71,2,21,46,25,94,50,4,54,148
03/22/2017,HLN,MT,ANM,WE,Combination Non-Radar Approach Control & Tower w/o Radar,4,14,8,3,29,0,1,51,30,82,4,15,59,33,111,14,26,40,151
03/23/2017,HLN,MT,ANM,WE,Combination Non-Radar Approach Control & Tower w/o Radar,5,20,11,4,40,0,2,63,20,85,5,22,74,24,125,90,0,90,215
03/24/2017,HLN,MT,ANM,WE,Combination Non-Radar Approach Control & Tower w/o Radar,5,17,18,0,40,0,2,65,21,88,5,19,83,21,128,26,12,38,166
03/25/2017,HLN,MT,ANM,WE,Combination Non-Radar Approach Control & Tower w/o Radar,6,9,0,0,15,0,4,27,0,31,6,13,27,0,46,2,0,2,48
03/26/2017,HLN,MT,ANM,WE,Combination Non-Radar Approach Control & Tower w/o Radar,11,6,3,2,22,0,0,55,0,55,11,6,58,2,77,76,0,76,153
03/27/2017,HLN,MT,ANM,WE,Combination Non-Radar Approach Control & Tower w/o Radar,4,9,10,2,25,0,0,13,5,18,4,9,23,7,43,20,0,20,63
03/28/2017,HLN,MT,ANM,WE,Combination Non-Radar Approach Control & Tower w/o Radar,4,14,7,8,33,0,0,56,16,72,4,14,63,24,105,62,32,94,199
03/29/2017,HLN,MT,ANM,WE,Combination Non-Radar Approach Control & Tower w/o Radar,6,9,10,2,27,0,0,26,12,38,6,9,36,14,65,48,28,76,141
03/30/2017,HLN,MT,ANM,WE,Combination Non-Radar Approach Control & Tower w/o Radar,7,11,6,0,24,0,2,43,4,49,7,13,49,4,73,78,12,90,163
03/31/2017,HLN,MT,ANM,WE,Combination Non-Radar Approach Control & Tower w/o Radar,6,13,11,3,33,0,0,18,14,32,6,13,29,17,65,46,4,50,115
04/01/2017,HLN,MT,ANM,WE,Combination Non-Radar Approach Control & Tower w/o Radar,8,6,0,0,14,0,1,22,13,36,8,7,22,13,50,8,2,10,60
04/02/2017,HLN,MT,ANM,WE,Combination Non-Radar Approach Control & Tower w/o Radar,7,6,4,4,21,0,0,30,8,38,7,6,34,12,59,26,8,34,93
04/03/2017,HLN,MT,ANM,WE,Combination Non-Radar Approach Control & Tower w/o Radar,6,14,6,2,28,0,0,13,20,33,6,14,19,22,61,8,29,37,98
04/04/2017,HLN,MT,ANM,WE,Combination Non-Radar Approach Control & Tower w/o Radar,5,8,4,0,17,0,4,45,14,63,5,12,49,14,80,20,8,28,108
04/05/2017,HLN,MT,ANM,WE,Combination Non-Radar Approach Control & Tower w/o Radar,5,10,13,0,28,0,0,66,9,75,5,10,79,9,103,70,2,72,175
04/06/2017,HLN,MT,ANM,WE,Combination Non-Radar Approach Control & Tower w/o Radar,3,11,6,0,20,0,0,75,31,106,3,11,81,31,126,52,16,68,194
04/07/2017,HLN,MT,ANM,WE,Combination Non-Radar Approach Control & Tower w/o Radar,7,13,6,0,26,0,2,28,5,35,7,15,34,5,61,18,8,26,87
04/08/2017,HLN,MT,ANM,WE,Combination Non-Radar Approach Control & Tower w/o Radar,6,8,1,0,15,0,3,28,4,35,6,11,29,4,50,56,0,56,106
04/09/2017,HLN,MT,ANM,WE,Combination Non-Radar Approach Control & Tower w/o Radar,6,10,1,0,17,0,0,22,0,22,6,10,23,0,39,2,0,2,41
04/10/2017,HLN,MT,ANM,WE,Combination Non-Radar Approach Control & Tower w/o Radar,6,7,5,0,18,0,3,36,12,51,6,10,41,12,69,40,20,60,129
04/11/2017,HLN,MT,ANM,WE,Combination Non-Radar Approach Control & Tower w/o Radar,4,9,15,1,29,0,4,69,16,89,4,13,84,17,118,50,2,52,170
04/12/2017,HLN,MT,ANM,WE,Combination Non-Radar Approach Control & Tower w/o Radar,6,9,9,1,25,0,1,50,12,63,6,10,59,13,88,48,6,54,142
04/13/2017,HLN,MT,ANM,WE,Combination Non-Radar Approach Control & Tower w/o Radar,8,6,6,1,21,0,0,25,13,38,8,6,31,14,59,0,10,10,69
04/14/2017,HLN,MT,ANM,WE,Combination Non-Radar Approach Control & Tower w/o Radar,5,13,3,3,24,0,3,19,22,44,5,16,22,25,68,44,18,62,130
04/15/2017,HLN,MT,ANM,WE,Combination Non-Radar Approach Control & Tower w/o Radar,15,5,3,0,23,1,0,23,0,24,16,5,26,0,47,16,0,16,63
04/16/2017,HLN,MT,ANM,WE,Combination Non-Radar Approach Control & Tower w/o Radar,6,5,1,0,12,0,0,52,0,52,6,5,53,0,64,48,0,48,112
04/17/2017,HLN,MT,ANM,WE,Combination Non-Radar Approach Control & Tower w/o Radar,4,7,3,2,16,0,2,29,12,43,4,9,32,14,59,30,0,30,89
04/18/2017,HLN,MT,ANM,WE,Combination Non-Radar Approach Control & Tower w/o Radar,3,11,15,3,32,0,2,50,18,70,3,13,65,21,102,120,46,166,268
04/19/2017,HLN,MT,ANM,WE,Combination Non-Radar Approach Control & Tower w/o Radar,2,12,13,4,31,0,2,51,23,76,2,14,64,27,107,82,20,102,209
04/20/2017,HLN,MT,ANM,WE,Combination Non-Radar Approach Control & Tower w/o Radar,6,12,3,2,23,0,3,31,23,57,6,15,34,25,80,22,26,48,128
04/21/2017,HLN,MT,ANM,WE,Combination Non-Radar Approach Control & Tower w/o Radar,5,15,7,3,30,0,2,8,42,52,5,17,15,45,82,12,4,16,98
04/22/2017,HLN,MT,ANM,WE,Combination Non-Radar Approach Control & Tower w/o Radar,7,7,3,0,17,0,1,56,8,65,7,8,59,8,82,54,0,54,136
04/23/2017,HLN,MT,ANM,WE,Combination Non-Radar Approach Control & Tower w/o Radar,7,7,0,2,16,0,1,21,1,23,7,8,21,3,39,54,0,54,93
04/24/2017,HLN,MT,ANM,WE,Combination Non-Radar Approach Control & Tower w/o Radar,6,9,5,0,20,0,2,29,29,60,6,11,34,29,80,44,24,68,148
04/25/2017,HLN,MT,ANM,WE,Combination Non-Radar Approach Control & Tower w/o Radar,3,16,9,2,30,0,3,13,18,34,3,19,22,20,64,4,8,12,76
04/26/2017,HLN,MT,ANM,WE,Combination Non-Radar Approach Control & Tower w/o Radar,5,13,11,2,31,0,3,30,8,41,5,16,41,10,72,52,2,54,126
04/27/2017,HLN,MT,ANM,WE,Combination Non-Radar Approach Control & Tower w/o Radar,8,13,12,2,35,0,0,19,22,41,8,13,31,24,76,18,14,32,108
04/28/2017,HLN,MT,ANM,WE,Combination Non-Radar Approach Control & Tower w/o Radar,6,17,9,2,34,0,2,36,16,54,6,19,45,18,88,76,20,96,184
04/29/2017,HLN,MT,ANM,WE,Combination Non-Radar Approach Control & Tower w/o Radar,9,8,9,0,26,0,0,59,0,59,9,8,68,0,85,148,0,148,233
04/30/2017,HLN,MT,ANM,WE,Combination Non-Radar Approach Control & Tower w/o Radar,7,7,3,0,17,0,2,9,2,13,7,9,12,2,30,26,0,26,56
05/01/2017,HLN,MT,ANM,WE,Combination Non-Radar Approach Control & Tower w/o Radar,6,8,4,0,18,0,0,32,10,42,6,8,36,10,60,2,8,10,70
05/02/2017,HLN,MT,ANM,WE,Combination Non-Radar Approach Control & Tower w/o Radar,3,14,7,4,28,0,0,15,17,32,3,14,22,21,60,2,10,12,72
05/03/2017,HLN,MT,ANM,WE,Combination Non-Radar Approach Control & Tower w/o Radar,6,7,5,1,19,0,1,57,5,63,6,8,62,6,82,30,0,30,112
05/04/2017,HLN,MT,ANM,WE,Combination Non-Radar Approach Control & Tower w/o Radar,6,10,5,1,22,0,21,52,13,86,6,31,57,14,108,58,12,70,178
05/05/2017,HLN,MT,ANM,WE,Combination Non-Radar Approach Control & Tower w/o Radar,5,11,9,0,25,0,11,54,18,83,5,22,63,18,108,28,0,28,136
05/06/2017,HLN,MT,ANM,WE,Combination Non-Radar Approach Control & Tower w/o Radar,7,9,4,2,22,0,20,33,9,62,7,29,37,11,84,14,4,18,102
05/07/2017,HLN,MT,ANM,WE,Combination Non-Radar Approach Control & Tower w/o Radar,7,8,3,2,20,0,0,21,16,37,7,8,24,18,57,56,4,60,117
05/08/2017,HLN,MT,ANM,WE,Combination Non-Radar Approach Control & Tower w/o Radar,5,8,4,1,18,0,3,73,17,93,5,11,77,18,111,62,2,64,175
05/09/2017,HLN,MT,ANM,WE,Combination Non-Radar Approach Control & Tower w/o Radar,5,8,7,2,22,0,5,61,4,70,5,13,68,6,92,48,0,48,140
05/10/2017,HLN,MT,ANM,WE,Combination Non-Radar Approach Control & Tower w/o Radar,7,13,6,1,27,0,0,77,14,91,7,13,83,15,118,102,12,114,232
05/11/2017,HLN,MT,ANM,WE,Combination Non-Radar Approach Control & Tower w/o Radar,8,16,11,0,35,0,3,100,15,118,8,19,111,15,153,66,10,76,229
05/12/2017,HLN,MT,ANM,WE,Combination Non-Radar Approach Control & Tower w/o Radar,5,10,20,2,37,0,1,41,13,55,5,11,61,15,92,22,0,22,114
05/13/2017,HLN,MT,ANM,WE,Combination Non-Radar Approach Control & Tower w/o Radar,7,6,10,0,23,0,1,18,14,33,7,7,28,14,56,32,16,48,104
05/14/2017,HLN,MT,ANM,WE,Combination Non-Radar Approach Control & Tower w/o Radar,7,4,5,1,17,0,0,24,3,27,7,4,29,4,44,8,32,40,84
05/15/2017,HLN,MT,ANM,WE,Combination Non-Radar Approach Control & Tower w/o Radar,5,10,14,6,35,0,3,32,16,51,5,13,46,22,86,12,8,20,106
05/16/2017,HLN,MT,ANM,WE,Combination Non-Radar Approach Control & Tower w/o Radar,8,10,9,2,29,0,0,41,4,45,8,10,50,6,74,28,0,28,102
05/17/2017,HLN,MT,ANM,WE,Combination Non-Radar Approach Control & Tower w/o Radar,5,10,15,2,32,0,0,1,3,4,5,10,16,5,36,0,24,24,60
05/18/2017,HLN,MT,ANM,WE,Combination Non-Radar Approach Control & Tower w/o Radar,5,14,10,2,31,0,0,14,8,22,5,14,24,10,53,12,2,14,67
05/19/2017,HLN,MT,ANM,WE,Combination Non-Radar Approach Control & Tower w/o Radar,5,10,2,0,17,0,4,46,11,61,5,14,48,11,78,12,0,12,90
05/20/2017,HLN,MT,ANM,WE,Combination Non-Radar Approach Control & Tower w/o Radar,7,10,6,0,23,0,2,32,3,37,7,12,38,3,60,16,0,16,76
05/21/2017,HLN,MT,ANM,WE,Combination Non-Radar Approach Control & Tower w/o Radar,6,7,1,0,14,0,0,43,0,43,6,7,44,0,57,50,0,50,107
05/22/2017,HLN,MT,ANM,WE,Combination Non-Radar Approach Control & Tower w/o Radar,6,8,2,0,16,0,2,42,24,68,6,10,44,24,84,42,16,58,142
05/23/2017,HLN,MT,ANM,WE,Combination Non-Radar Approach Control & Tower w/o Radar,8,9,10,1,28,0,6,68,23,97,8,15,78,24,125,46,0,46,171
05/24/2017,HLN,MT,ANM,WE,Combination Non-Radar Approach Control & Tower w/o Radar,7,11,6,2,26,0,4,16,0,20,7,15,22,2,46,0,0,0,46
05/25/2017,HLN,MT,ANM,WE,Combination Non-Radar Approach Control & Tower w/o Radar,7,6,6,5,24,0,1,20,17,38,7,7,26,22,62,4,14,18,80
05/26/2017,HLN,MT,ANM,WE,Combination Non-Radar Approach Control & Tower w/o Radar,6,10,7,0,23,0,3,50,8,61,6,13,57,8,84,10,0,10,94
05/27/2017,HLN,MT,ANM,WE,Combination Non-Radar Approach Control & Tower w/o Radar,4,11,5,0,20,0,4,60,4,68,4,15,65,4,88,124,0,124,212
05/28/2017,HLN,MT,ANM,WE,Combination Non-Radar Approach Control & Tower w/o Radar,6,10,9,0,25,0,2,46,2,50,6,12,55,2,75,60,0,60,135
05/29/2017,HLN,MT,ANM,WE,Combination Non-Radar Approach Control & Tower w/o Radar,4,7,0,0,11,0,1,50,0,51,4,8,50,0,62,60,0,60,122
05/30/2017,HLN,MT,ANM,WE,Combination Non-Radar Approach Control & Tower w/o Radar,5,10,8,4,27,0,0,42,12,54,5,10,50,16,81,20,20,40,121
05/31/2017,HLN,MT,ANM,WE,Combination Non-Radar Approach Control & Tower w/o Radar,9,16,6,0,31,0,1,44,14,59,9,17,50,14,90,12,22,34,124
06/01/2017,HLN,MT,ANM,WE,Combination Non-Radar Approach Control & Tower w/o Radar,6,10,5,0,21,0,9,27,9,45,6,19,32,9,66,6,16,22,88
06/02/2017,HLN,MT,ANM,WE,Combination Non-Radar Approach Control & Tower w/o Radar,6,11,5,0,22,0,3,29,14,46,6,14,34,14,68,34,18,52,120
06/03/2017,HLN,MT,ANM,WE,Combination Non-Radar Approach Control & Tower w/o Radar,8,6,9,0,23,0,6,108,8,122,8,12,117,8,145,56,2,58,203
06/04/2017,HLN,MT,ANM,WE,Combination Non-Radar Approach Control & Tower w/o Radar,5,7,11,0,23,0,3,51,8,62,5,10,62,8,85,58,2,60,145
06/05/2017,HLN,MT,ANM,WE,Combination Non-Radar Approach Control & Tower w/o Radar,5,9,9,2,25,0,6,38,17,61,5,15,47,19,86,12,4,16,102
06/06/2017,HLN,MT,ANM,WE,Combination Non-Radar Approach Control & Tower w/o Radar,6,8,6,0,20,0,4,53,10,67,6,12,59,10,87,26,0,26,113
06/07/2017,HLN,MT,ANM,WE,Combination Non-Radar Approach Control & Tower w/o Radar,7,6,5,2,20,0,2,59,21,82,7,8,64,23,102,34,6,40,142
06/08/2017,HLN,MT,ANM,WE,Combination Non-Radar Approach Control & Tower w/o Radar,6,8,8,0,22,0,1,36,5,42,6,9,44,5,64,78,4,82,146
06/09/2017,HLN,MT,ANM,WE,Combination Non-Radar Approach Control & Tower w/o Radar,7,9,12,2,30,0,1,23,4,28,7,10,35,6,58,4,0,4,62
06/10/2017,HLN,MT,ANM,WE,Combination Non-Radar Approach Control & Tower w/o Radar,6,8,5,0,19,0,3,25,1,29,6,11,30,1,48,8,0,8,56
06/11/2017,HLN,MT,ANM,WE,Combination Non-Radar Approach Control & Tower w/o Radar,6,8,3,0,17,0,2,60,5,67,6,10,63,5,84,52,0,52,136
06/12/2017,HLN,MT,ANM,WE,Combination Non-Radar Approach Control & Tower w/o Radar,4,5,5,2,16,0,3,36,13,52,4,8,41,15,68,38,6,44,112
06/13/2017,HLN,MT,ANM,WE,Combination Non-Radar Approach Control & Tower w/o Radar,5,7,7,2,21,0,0,3,3,6,5,7,10,5,27,8,4,12,39
06/14/2017,HLN,MT,ANM,WE,Combination Non-Radar Approach Control & Tower w/o Radar,4,13,8,1,26,0,8,58,35,101,4,21,66,36,127,88,16,104,231
06/15/2017,HLN,MT,ANM,WE,Combination Non-Radar Approach Control & Tower w/o Radar,3,12,14,2,31,0,1,51,4,56,3,13,65,6,87,46,0,46,133
06/16/2017,HLN,MT,ANM,WE,Combination Non-Radar Approach Control & Tower w/o Radar,4,12,9,0,25,0,1,39,11,51,4,13,48,11,76,20,0,20,96
06/17/2017,HLN,MT,ANM,WE,Combination Non-Radar Approach Control & Tower w/o Radar,5,10,6,0,21,1,0,14,39,54,6,10,20,39,75,0,4,4,79
06/18/2017,HLN,MT,ANM,WE,Combination Non-Radar Approach Control & Tower w/o Radar,4,6,16,0,26,0,3,23,0,26,4,9,39,0,52,4,0,4,56
06/19/2017,HLN,MT,ANM,WE,Combination Non-Radar Approach Control & Tower w/o Radar,4,8,6,4,22,0,2,88,2,92,4,10,94,6,114,50,0,50,164
06/20/2017,HLN,MT,ANM,WE,Combination Non-Radar Approach Control & Tower w/o Radar,5,7,4,4,20,0,5,56,3,64,5,12,60,7,84,0,0,0,84
06/21/2017,HLN,MT,ANM,WE,Combination Non-Radar Approach Control & Tower w/o Radar,5,9,11,2,27,0,2,47,5,54,5,11,58,7,81,26,0,26,107
06/22/2017,HLN,MT,ANM,WE,Combination Non-Radar Approach Control & Tower w/o Radar,4,10,16,0,30,0,1,46,10,57,4,11,62,10,87,22,18,40,127
06/23/2017,HLN,MT,ANM,WE,Combination Non-Radar Approach Control & Tower w/o Radar,4,8,13,1,26,0,0,62,8,70,4,8,75,9,96,62,0,62,158
06/24/2017,HLN,MT,ANM,WE,Combination Non-Radar Approach Control & Tower w/o Radar,7,8,4,0,19,0,0,43,3,46,7,8,47,3,65,8,0,8,73
06/25/2017,HLN,MT,ANM,WE,Combination Non-Radar Approach Control & Tower w/o Radar,4,14,15,0,33,0,4,70,0,74,4,18,85,0,107,62,0,62,169
06/26/2017,HLN,MT,ANM,WE,Combination Non-Radar Approach Control & Tower w/o Radar,5,10,2,5,22,0,3,60,24,87,5,13,62,29,109,40,16,56,165
06/27/2017,HLN,MT,ANM,WE,Combination Non-Radar Approach Control & Tower w/o Radar,5,10,4,0,19,0,3,34,8,45,5,13,38,8,64,10,0,10,74
06/28/2017,HLN,MT,ANM,WE,Combination Non-Radar Approach Control & Tower w/o Radar,5,9,6,3,23,0,3,81,34,118,5,12,87,37,141,66,22,88,229
06/29/2017,HLN,MT,ANM,WE,Combination Non-Radar Approach Control & Tower w/o Radar,6,9,7,6,28,0,0,64,17,81,6,9,71,23,109,68,26,94,203
06/30/2017,HLN,MT,ANM,WE,Combination Non-Radar Approach Control & Tower w/o Radar,6,10,7,1,24,0,3,64,6,73,6,13,71,7,97,68,22,90,187
07/01/2017,HLN,MT,ANM,WE,Combination Non-Radar Approach Control & Tower w/o Radar,7,10,0,0,17,0,1,77,7,85,7,11,77,7,102,46,0,46,148
07/02/2017,HLN,MT,ANM,WE,Combination Non-Radar Approach Control & Tower w/o Radar,7,4,3,0,14,0,0,37,0,37,7,4,40,0,51,68,0,68,119
07/03/2017,HLN,MT,ANM,WE,Combination Non-Radar Approach Control & Tower w/o Radar,6,6,3,0,15,0,0,35,0,35,6,6,38,0,50,40,0,40,90
07/04/2017,HLN,MT,ANM,WE,Combination Non-Radar Approach Control & Tower w/o Radar,5,6,1,0,12,0,0,62,1,63,5,6,63,1,75,30,0,30,105
07/05/2017,HLN,MT,ANM,WE,Combination Non-Radar Approach Control & Tower w/o Radar,5,9,8,0,22,0,3,61,4,68,5,12,69,4,90,56,0,56,146
07/06/2017,HLN,MT,ANM,WE,Combination Non-Radar Approach Control & Tower w/o Radar,6,15,8,3,32,0,7,68,24,99,6,22,76,27,131,72,0,72,203
07/07/2017,HLN,MT,ANM,WE,Combination Non-Radar Approach Control & Tower w/o Radar,4,16,14,2,36,0,2,43,6,51,4,18,57,8,87,40,0,40,127
07/08/2017,HLN,MT,ANM,WE,Combination Non-Radar Approach Control & Tower w/o Radar,8,6,5,0,19,0,3,54,7,64,8,9,59,7,83,51,5,56,139
07/09/2017,HLN,MT,ANM,WE,Combination Non-Radar Approach Control & Tower w/o Radar,6,8,17,2,33,0,6,34,2,42,6,14,51,4,75,52,2,54,129
07/10/2017,HLN,MT,ANM,WE,Combination Non-Radar Approach Control & Tower w/o Radar,4,9,3,2,18,0,6,40,2,48,4,15,43,4,66,44,0,44,110
07/11/2017,HLN,MT,ANM,WE,Combination Non-Radar Approach Control & Tower w/o Radar,4,15,3,2,24,0,3,73,19,95,4,18,76,21,119,50,14,64,183
07/12/2017,HLN,MT,ANM,WE,Combination Non-Radar Approach Control & Tower w/o Radar,5,13,12,2,32,0,5,98,19,122,5,18,110,21,154,122,2,124,278
07/13/2017,HLN,MT,ANM,WE,Combination Non-Radar Approach Control & Tower w/o Radar,7,9,9,0,25,0,10,89,25,124,7,19,98,25,149,122,2,124,273
07/14/2017,HLN,MT,ANM,WE,Combination Non-Radar Approach Control & Tower w/o Radar,5,16,7,1,29,0,15,73,26,114,5,31,80,27,143,72,4,76,219
07/15/2017,HLN,MT,ANM,WE,Combination Non-Radar Approach Control & Tower w/o Radar,5,8,8,0,21,33,23,82,44,182,38,31,90,44,203,48,2,50,253
07/16/2017,HLN,MT,ANM,WE,Combination Non-Radar Approach Control & Tower w/o Radar,5,7,2,0,14,15,16,70,8,109,20,23,72,8,123,6,0,6,129
07/17/2017,HLN,MT,ANM,WE,Combination Non-Radar Approach Control & Tower w/o Radar,5,9,6,0,20,2,21,81,21,125,7,30,87,21,145,66,2,68,213
07/18/2017,HLN,MT,ANM,WE,Combination Non-Radar Approach Control & Tower w/o Radar,5,7,2,1,15,0,10,96,31,137,5,17,98,32,152,50,6,56,208
07/19/2017,HLN,MT,ANM,WE,Combination Non-Radar Approach Control & Tower w/o Radar,6,8,10,3,27,0,70,122,12,204,6,78,132,15,231,68,0,68,299
07/20/2017,HLN,MT,ANM,WE,Combination Non-Radar Approach Control & Tower w/o Radar,4,16,15,4,39,0,28,99,19,146,4,44,114,23,185,42,2,44,229
07/21/2017,HLN,MT,ANM,WE,Combination Non-Radar Approach Control & Tower w/o Radar,5,9,6,5,25,6,27,76,15,124,11,36,82,20,149,42,0,42,191
07/22/2017,HLN,MT,ANM,WE,Combination Non-Radar Approach Control & Tower w/o Radar,6,10,7,4,27,45,82,94,2,223,51,92,101,6,250,18,2,20,270
07/23/2017,HLN,MT,ANM,WE,Combination Non-Radar Approach Control & Tower w/o Radar,8,9,5,0,22,1,9,48,0,58,9,18,53,0,80,14,0,14,94
07/24/2017,HLN,MT,ANM,WE,Combination Non-Radar Approach Control & Tower w/o Radar,5,6,3,2,16,1,8,28,17,54,6,14,31,19,70,0,26,26,96
07/25/2017,HLN,MT,ANM,WE,Combination Non-Radar Approach Control & Tower w/o Radar,6,8,6,4,24,0,17,63,10,90,6,25,69,14,114,78,6,84,198
07/26/2017,HLN,MT,ANM,WE,Combination Non-Radar Approach Control & Tower w/o Radar,6,11,16,0,33,0,10,74,18,102,6,21,90,18,135,74,0,74,209
07/27/2017,HLN,MT,ANM,WE,Combination Non-Radar Approach Control & Tower w/o Radar,4,8,8,2,22,0,6,48,18,72,4,14,56,20,94,142,10,152,246
07/28/2017,HLN,MT,ANM,WE,Combination Non-Radar Approach Control & Tower w/o Radar,4,11,17,0,32,2,9,55,31,97,6,20,72,31,129,55,4,59,188
07/29/2017,HLN,MT,ANM,WE,Combination Non-Radar Approach Control & Tower w/o Radar,7,14,6,0,27,2,16,45,0,63,9,30,51,0,90,20,0,20,110
07/30/2017,HLN,MT,ANM,WE,Combination Non-Radar Approach Control & Tower w/o Radar,5,7,8,0,20,4,11,70,0,85,9,18,78,0,105,18,0,18,123
07/31/2017,HLN,MT,ANM,WE,Combination Non-Radar Approach Control & Tower w/o Radar,4,8,11,0,23,6,33,37,6,82,10,41,48,6,105,86,6,92,197
08/01/2017,HLN,MT,ANM,WE,Combination Non-Radar Approach Control & Tower w/o Radar,6,9,7,0,22,10,26,60,12,108,16,35,67,12,130,130,2,132,262
08/02/2017,HLN,MT,ANM,WE,Combination Non-Radar Approach Control & Tower w/o Radar,6,16,12,0,34,25,48,65,14,152,31,64,77,14,186,84,4,88,274
08/03/2017,HLN,MT,ANM,WE,Combination Non-Radar Approach Control & Tower w/o Radar,5,10,9,2,26,0,11,58,10,79,5,21,67,12,105,90,0,90,195
08/04/2017,HLN,MT,ANM,WE,Combination Non-Radar Approach Control & Tower w/o Radar,5,10,11,2,28,0,10,46,14,70,5,20,57,16,98,18,0,18,116
08/05/2017,HLN,MT,ANM,WE,Combination Non-Radar Approach Control & Tower w/o Radar,10,10,3,2,25,0,7,68,27,102,10,17,71,29,127,76,10,86,213
08/06/2017,HLN,MT,ANM,WE,Combination Non-Radar Approach Control & Tower w/o Radar,7,6,1,0,14,0,8,54,1,63,7,14,55,1,77,82,0,82,159
08/07/2017,HLN,MT,ANM,WE,Combination Non-Radar Approach Control & Tower w/o Radar,7,10,3,0,20,0,12,40,7,59,7,22,43,7,79,146,2,148,227
08/08/2017,HLN,MT,ANM,WE,Combination Non-Radar Approach Control & Tower w/o Radar,6,10,7,0,23,7,7,80,17,111,13,17,87,17,134,114,6,120,254
08/09/2017,HLN,MT,ANM,WE,Combination Non-Radar Approach Control & Tower w/o Radar,10,12,11,0,33,0,11,88,29,128,10,23,99,29,161,132,0,132,293
08/10/2017,HLN,MT,ANM,WE,Combination Non-Radar Approach Control & Tower w/o Radar,5,14,9,0,28,0,14,43,21,78,5,28,52,21,106,22,0,22,128
08/11/2017,HLN,MT,ANM,WE,Combination Non-Radar Approach Control & Tower w/o Radar,5,11,15,2,33,0,7,43,24,74,5,18,58,26,107,162,0,162,269
08/12/2017,HLN,MT,ANM,WE,Combination Non-Radar Approach Control & Tower w/o Radar,8,13,3,0,24,0,20,46,30,96,8,33,49,30,120,96,0,96,216
08/13/2017,HLN,MT,ANM,WE,Combination Non-Radar Approach Control & Tower w/o Radar,4,10,1,3,18,0,6,16,1,23,4,16,17,4,41,16,0,16,57
08/14/2017,HLN,MT,ANM,WE,Combination Non-Radar Approach Control & Tower w/o Radar,5,7,3,3,18,0,8,41,9,58,5,15,44,12,76,96,0,96,172
08/15/2017,HLN,MT,ANM,WE,Combination Non-Radar Approach Control & Tower w/o Radar,8,7,14,1,30,1,5,63,24,93,9,12,77,25,123,132,0,132,255
08/16/2017,HLN,MT,ANM,WE,Combination Non-Radar Approach Control & Tower w/o Radar,8,13,6,2,29,1,7,69,23,100,9,20,75,25,129,62,0,62,191
08/17/2017,HLN,MT,ANM,WE,Combination Non-Radar Approach Control & Tower w/o Radar,6,10,6,1,23,13,32,70,31,146,19,42,76,32,169,62,14,76,245
08/18/2017,HLN,MT,ANM,WE,Combination Non-Radar Approach Control & Tower w/o Radar,5,11,6,1,23,9,18,60,11,98,14,29,66,12,121,76,8,84,205
08/19/2017,HLN,MT,ANM,WE,Combination Non-Radar Approach Control & Tower w/o Radar,7,11,5,0,23,10,19,58,9,96,17,30,63,9,119,74,0,74,193
08/20/2017,HLN,MT,ANM,WE,Combination Non-Radar Approach Control & Tower w/o Radar,7,3,0,0,10,16,13,38,5,72,23,16,38,5,82,4,0,4,86
08/21/2017,HLN,MT,ANM,WE,Combination Non-Radar Approach Control & Tower w/o Radar,5,5,8,2,20,0,7,73,20,100,5,12,81,22,120,40,0,40,160
08/22/2017,HLN,MT,ANM,WE,Combination Non-Radar Approach Control & Tower w/o Radar,2,11,5,2,20,0,3,77,32,112,2,14,82,34,132,72,18,90,222
08/23/2017,HLN,MT,ANM,WE,Combination Non-Radar Approach Control & Tower w/o Radar,9,13,10,1,33,8,34,92,8,142,17,47,102,9,175,48,4,52,227
08/24/2017,HLN,MT,ANM,WE,Combination Non-Radar Approach Control & Tower w/o Radar,6,14,11,1,32,14,83,78,29,204,20,97,89,30,236,76,4,80,316
08/25/2017,HLN,MT,ANM,WE,Combination Non-Radar Approach Control & Tower w/o Radar,7,11,16,0,34,21,73,50,12,156,28,84,66,12,190,4,0,4,194
08/26/2017,HLN,MT,ANM,WE,Combination Non-Radar Approach Control & Tower w/o Radar,6,7,3,3,19,16,76,44,9,145,22,83,47,12,164,0,0,0,164
08/27/2017,HLN,MT,ANM,WE,Combination Non-Radar Approach Control & Tower w/o Radar,5,7,3,0,15,25,87,43,15,170,30,94,46,15,185,4,2,6,191
08/28/2017,HLN,MT,ANM,WE,Combination Non-Radar Approach Control & Tower w/o Radar,6,8,2,3,19,6,38,54,17,115,12,46,56,20,134,30,0,30,164
08/29/2017,HLN,MT,ANM,WE,Combination Non-Radar Approach Control & Tower w/o Radar,4,9,14,2,29,2,8,9,14,33,6,17,23,16,62,0,0,0,62
08/30/2017,HLN,MT,ANM,WE,Combination Non-Radar Approach Control & Tower w/o Radar,6,10,12,2,30,11,37,55,10,113,17,47,67,12,143,40,4,44,187
08/31/2017,HLN,MT,ANM,WE,Combination Non-Radar Approach Control & Tower w/o Radar,4,10,12,0,26,5,38,72,19,134,9,48,84,19,160,54,0,54,214
09/01/2017,HLN,MT,ANM,WE,Combination Non-Radar Approach Control & Tower w/o Radar,6,11,7,0,24,0,24,40,6,70,6,35,47,6,94,22,0,22,116
09/02/2017,HLN,MT,ANM,WE,Combination Non-Radar Approach Control & Tower w/o Radar,7,7,6,0,20,21,31,26,4,82,28,38,32,4,102,8,0,8,110
09/03/2017,HLN,MT,ANM,WE,Combination Non-Radar Approach Control & Tower w/o Radar,4,7,0,0,11,10,15,16,3,44,14,22,16,3,55,14,0,14,69
09/04/2017,HLN,MT,ANM,WE,Combination Non-Radar Approach Control & Tower w/o Radar,7,13,3,0,23,20,21,33,4,78,27,34,36,4,101,40,0,40,141
09/05/2017,HLN,MT,ANM,WE,Combination Non-Radar Approach Control & Tower w/o Radar,5,8,11,2,26,15,17,50,28,110,20,25,61,30,136,66,8,74,210
09/06/2017,HLN,MT,ANM,WE,Combination Non-Radar Approach Control & Tower w/o Radar,7,7,12,0,26,0,7,58,5,70,7,14,70,5,96,48,6,54,150
09/07/2017,HLN,MT,ANM,WE,Combination Non-Radar Approach Control & Tower w/o Radar,8,5,15,2,30,30,19,43,8,100,38,24,58,10,130,50,0,50,180
09/08/2017,HLN,MT,ANM,WE,Combination Non-Radar Approach Control & Tower w/o Radar,8,6,11,0,25,0,20,36,13,69,8,26,47,13,94,47,4,51,145
09/09/2017,HLN,MT,ANM,WE,Combination Non-Radar Approach Control & Tower w/o Radar,9,4,5,0,18,13,32,35,5,85,22,36,40,5,103,52,0,52,155
09/10/2017,HLN,MT,ANM,WE,Combination Non-Radar Approach Control & Tower w/o Radar,6,6,9,0,21,34,29,41,8,112,40,35,50,8,133,16,2,18,151
09/11/2017,HLN,MT,ANM,WE,Combination Non-Radar Approach Control & Tower w/o Radar,7,6,2,0,15,10,22,53,16,101,17,28,55,16,116,94,4,98,214
09/12/2017,HLN,MT,ANM,WE,Combination Non-Radar Approach Control & Tower w/o Radar,7,8,6,3,24,16,32,77,26,151,23,40,83,29,175,20,4,24,199
09/13/2017,HLN,MT,ANM,WE,Combination Non-Radar Approach Control & Tower w/o Radar,7,8,12,2,29,15,27,62,18,122,22,35,74,20,151,100,8,108,259
09/14/2017,HLN,MT,ANM,WE,Combination Non-Radar Approach Control & Tower w/o Radar,10,19,33,2,64,0,0,13,12,25,10,19,46,14,89,34,8,42,131
09/15/2017,HLN,MT,ANM,WE,Combination Non-Radar Approach Control & Tower w/o Radar,9,12,20,0,41,0,0,0,0,0,9,12,20,0,41,0,0,0,41
09/16/2017,HLN,MT,ANM,WE,Combination Non-Radar Approach Control & Tower w/o Radar,8,8,4,0,20,0,7,13,1,21,8,15,17,1,41,18,0,18,59
09/17/2017,HLN,MT,ANM,WE,Combination Non-Radar Approach Control & Tower w/o Radar,7,6,0,0,13,0,4,48,1,53,7,10,48,1,66,42,0,42,108
09/18/2017,HLN,MT,ANM,WE,Combination Non-Radar Approach Control & Tower w/o Radar,6,9,8,5,28,0,1,35,3,39,6,10,43,8,67,80,0,80,147
09/19/2017,HLN,MT,ANM,WE,Combination Non-Radar Approach Control & Tower w/o Radar,7,8,11,2,28,0,7,37,2,46,7,15,48,4,74,54,0,54,128
09/20/2017,HLN,MT,ANM,WE,Combination Non-Radar Approach Control & Tower w/o Radar,10,7,8,1,26,0,0,17,20,37,10,7,25,21,63,50,32,82,145
09/21/2017,HLN,MT,ANM,WE,Combination Non-Radar Approach Control & Tower w/o Radar,9,12,6,1,28,0,12,57,18,87,9,24,63,19,115,92,24,116,231
09/22/2017,HLN,MT,ANM,WE,Combination Non-Radar Approach Control & Tower w/o Radar,7,11,12,1,31,0,0,0,0,0,7,11,12,1,31,0,0,0,31
09/23/2017,HLN,MT,ANM,WE,Combination Non-Radar Approach Control & Tower w/o Radar,9,6,3,0,18,0,1,34,3,38,9,7,37,3,56,54,16,70,126
09/24/2017,HLN,MT,ANM,WE,Combination Non-Radar Approach Control & Tower w/o Radar,7,7,4,0,18,0,2,46,0,48,7,9,50,0,66,32,0,32,98
09/25/2017,HLN,MT,ANM,WE,Combination Non-Radar Approach Control & Tower w/o Radar,5,5,8,3,21,0,2,37,7,46,5,7,45,10,67,86,0,86,153
09/26/2017,HLN,MT,ANM,WE,Combination Non-Radar Approach Control & Tower w/o Radar,6,8,10,3,27,0,3,48,8,59,6,11,58,11,86,84,8,92,178
09/27/2017,HLN,MT,ANM,WE,Combination Non-Radar Approach Control & Tower w/o Radar,7,7,6,3,23,0,8,72,8,88,7,15,78,11,111,34,0,34,145
09/28/2017,HLN,MT,ANM,WE,Combination Non-Radar Approach Control & Tower w/o Radar,7,5,3,1,16,1,6,71,10,88,8,11,74,11,104,72,2,74,178
09/29/2017,HLN,MT,ANM,WE,Combination Non-Radar Approach Control & Tower w/o Radar,7,10,11,3,31,0,3,78,8,89,7,13,89,11,120,146,0,146,266
09/30/2017,HLN,MT,ANM,WE,Combination Non-Radar Approach Control & Tower w/o Radar,6,9,1,0,16,0,5,21,0,26,6,14,22,0,42,36,0,36,78
10/01/2017,HLN,MT,ANM,WE,Combination Non-Radar Approach Control & Tower w/o Radar,7,4,0,1,12,0,3,5,0,8,7,7,5,1,20,6,0,6,26
10/02/2017,HLN,MT,ANM,WE,Combination Non-Radar Approach Control & Tower w/o Radar,7,7,4,3,21,0,0,4,5,9,7,7,8,8,30,0,4,4,34
10/03/2017,HLN,MT,ANM,WE,Combination Non-Radar Approach Control & Tower w/o Radar,7,8,13,1,29,0,3,18,21,42,7,11,31,22,71,34,14,48,119
10/04/2017,HLN,MT,ANM,WE,Combination Non-Radar Approach Control & Tower w/o Radar,7,12,9,2,30,0,0,57,15,72,7,12,66,17,102,114,0,114,216
10/05/2017,HLN,MT,ANM,WE,Combination Non-Radar Approach Control & Tower w/o Radar,7,9,14,2,32,0,0,33,3,36,7,9,47,5,68,110,8,118,186
10/06/2017,HLN,MT,ANM,WE,Combination Non-Radar Approach Control & Tower w/o Radar,7,8,7,0,22,0,2,45,2,49,7,10,52,2,71,68,2,70,141
10/07/2017,HLN,MT,ANM,WE,Combination Non-Radar Approach Control & Tower w/o Radar,7,13,7,0,27,0,5,35,0,40,7,18,42,0,67,18,0,18,85
10/08/2017,HLN,MT,ANM,WE,Combination Non-Radar Approach Control & Tower w/o Radar,7,7,9,0,23,0,7,24,0,31,7,14,33,0,54,54,0,54,108
10/09/2017,HLN,MT,ANM,WE,Combination Non-Radar Approach Control & Tower w/o Radar,6,6,9,0,21,0,0,23,0,23,6,6,32,0,44,88,0,88,132
10/10/2017,HLN,MT,ANM,WE,Combination Non-Radar Approach Control & Tower w/o Radar,8,8,10,1,27,0,3,48,2,53,8,11,58,3,80,110,0,110,190
10/11/2017,HLN,MT,ANM,WE,Combination Non-Radar Approach Control & Tower w/o Radar,9,9,6,0,24,0,0,44,0,44,9,9,50,0,68,32,0,32,100
10/12/2017,HLN,MT,ANM,WE,Combination Non-Radar Approach Control & Tower w/o Radar,6,6,11,1,24,0,3,38,23,64,6,9,49,24,88,82,16,98,186
10/13/2017,HLN,MT,ANM,WE,Combination Non-Radar Approach Control & Tower w/o Radar,7,5,10,0,22,0,1,10,20,31,7,6,20,20,53,36,0,36,89
10/14/2017,HLN,MT,ANM,WE,Combination Non-Radar Approach Control & Tower w/o Radar,8,5,1,1,15,0,0,20,1,21,8,5,21,2,36,10,0,10,46
10/15/2017,HLN,MT,ANM,WE,Combination Non-Radar Approach Control & Tower w/o Radar,6,6,3,0,15,0,1,32,6,39,6,7,35,6,54,44,2,46,100
10/16/2017,HLN,MT,ANM,WE,Combination Non-Radar Approach Control & Tower w/o Radar,7,8,8,0,23,0,3,39,5,47,7,11,47,5,70,112,0,112,182
10/17/2017,HLN,MT,ANM,WE,Combination Non-Radar Approach Control & Tower w/o Radar,7,7,4,2,20,0,3,26,0,29,7,10,30,2,49,132,0,132,181
10/18/2017,HLN,MT,ANM,WE,Combination Non-Radar Approach Control & Tower w/o Radar,6,10,6,3,25,0,6,44,0,50,6,16,50,3,75,122,0,122,197
10/19/2017,HLN,MT,ANM,WE,Combination Non-Radar Approach Control & Tower w/o Radar,6,8,6,0,20,0,8,46,0,54,6,16,52,0,74,40,0,40,114
10/20/2017,HLN,MT,ANM,WE,Combination Non-Radar Approach Control & Tower w/o Radar,5,10,8,2,25,0,0,21,0,21,5,10,29,2,46,42,0,42,88
10/21/2017,HLN,MT,ANM,WE,Combination Non-Radar Approach Control & Tower w/o Radar,7,5,6,0,18,0,2,29,0,31,7,7,35,0,49,24,0,24,73
10/22/2017,HLN,MT,ANM,WE,Combination Non-Radar Approach Control & Tower w/o Radar,8,8,0,0,16,0,1,10,0,11,8,9,10,0,27,6,0,6,33
10/23/2017,HLN,MT,ANM,WE,Combination Non-Radar Approach Control & Tower w/o Radar,7,8,8,0,23,0,3,26,5,34,7,11,34,5,57,52,0,52,109
10/24/2017,HLN,MT,ANM,WE,Combination Non-Radar Approach Control & Tower w/o Radar,6,9,10,2,27,0,3,64,10,77,6,12,74,12,104,134,0,134,238
10/25/2017,HLN,MT,ANM,WE,Combination Non-Radar Approach Control & Tower w/o Radar,7,11,8,0,26,0,1,40,3,44,7,12,48,3,70,48,0,48,118
10/26/2017,HLN,MT,ANM,WE,Combination Non-Radar Approach Control & Tower w/o Radar,7,5,13,0,25,0,2,29,11,42,7,7,42,11,67,108,4,112,179
10/27/2017,HLN,MT,ANM,WE,Combination Non-Radar Approach Control & Tower w/o Radar,6,9,11,0,26,0,5,66,17,88,6,14,77,17,114,80,0,80,194
10/28/2017,HLN,MT,ANM,WE,Combination Non-Radar Approach Control & Tower w/o Radar,8,5,3,1,17,0,1,75,8,84,8,6,78,9,101,110,2,112,213
10/29/2017,HLN,MT,ANM,WE,Combination Non-Radar Approach Control & Tower w/o Radar,7,5,3,0,15,0,2,10,0,12,7,7,13,0,27,12,0,12,39
10/30/2017,HLN,MT,ANM,WE,Combination Non-Radar Approach Control & Tower w/o Radar,7,6,4,1,18,0,0,50,10,60,7,6,54,11,78,122,20,142,220
10/31/2017,HLN,MT,ANM,WE,Combination Non-Radar Approach Control & Tower w/o Radar,7,7,5,0,19,0,2,28,0,30,7,9,33,0,49,74,0,74,123
11/01/2017,HLN,MT,ANM,WE,Combination Non-Radar Approach Control & Tower w/o Radar,6,11,4,1,22,0,0,1,0,1,6,11,5,1,23,0,0,0,23
11/02/2017,HLN,MT,ANM,WE,Combination Non-Radar Approach Control & Tower w/o Radar,6,8,12,2,28,0,0,6,3,9,6,8,18,5,37,0,0,0,37
11/03/2017,HLN,MT,ANM,WE,Combination Non-Radar Approach Control & Tower w/o Radar,5,13,6,1,25,0,0,0,0,0,5,13,6,1,25,0,0,0,25
11/04/2017,HLN,MT,ANM,WE,Combination Non-Radar Approach Control & Tower w/o Radar,7,7,8,1,23,0,1,6,2,9,7,8,14,3,32,2,0,2,34
11/05/2017,HLN,MT,ANM,WE,Combination Non-Radar Approach Control & Tower w/o Radar,6,5,1,5,17,0,0,0,0,0,6,5,1,5,17,0,0,0,17
11/06/2017,HLN,MT,ANM,WE,Combination Non-Radar Approach Control & Tower w/o Radar,9,6,4,1,20,0,0,20,4,24,9,6,24,5,44,26,2,28,72
11/07/2017,HLN,MT,ANM,WE,Combination Non-Radar Approach Control & Tower w/o Radar,8,11,11,0,30,0,3,33,13,49,8,14,44,13,79,96,0,96,175
11/08/2017,HLN,MT,ANM,WE,Combination Non-Radar Approach Control & Tower w/o Radar,6,9,8,0,23,0,2,19,22,43,6,11,27,22,66,68,22,90,156
11/09/2017,HLN,MT,ANM,WE,Combination Non-Radar Approach Control & Tower w/o Radar,10,5,11,0,26,0,0,9,9,18,10,5,20,9,44,4,0,4,48
11/10/2017,HLN,MT,ANM,WE,Combination Non-Radar Approach Control & Tower w/o Radar,6,9,9,0,24,0,0,29,0,29,6,9,38,0,53,48,0,48,101
11/11/2017,HLN,MT,ANM,WE,Combination Non-Radar Approach Control & Tower w/o Radar,7,6,0,0,13,0,1,15,0,16,7,7,15,0,29,108,0,108,137
11/12/2017,HLN,MT,ANM,WE,Combination Non-Radar Approach Control & Tower w/o Radar,6,8,2,0,16,0,3,24,0,27,6,11,26,0,43,30,0,30,73
11/13/2017,HLN,MT,ANM,WE,Combination Non-Radar Approach Control & Tower w/o Radar,6,6,5,1,18,0,6,53,2,61,6,12,58,3,79,88,4,92,171
11/14/2017,HLN,MT,ANM,WE,Combination Non-Radar Approach Control & Tower w/o Radar,6,13,11,1,31,0,3,25,16,44,6,16,36,17,75,54,4,58,133
11/15/2017,HLN,MT,ANM,WE,Combination Non-Radar Approach Control & Tower w/o Radar,6,8,4,0,18,0,2,43,15,60,6,10,47,15,78,90,6,96,174
11/16/2017,HLN,MT,ANM,WE,Combination Non-Radar Approach Control & Tower w/o Radar,5,11,6,1,23,0,0,15,9,24,5,11,21,10,47,18,8,26,73
11/17/2017,HLN,MT,ANM,WE,Combination Non-Radar Approach Control & Tower w/o Radar,6,10,6,1,23,0,0,16,7,23,6,10,22,8,46,30,6,36,82
11/18/2017,HLN,MT,ANM,WE,Combination Non-Radar Approach Control & Tower w/o Radar,6,6,8,0,20,0,0,20,7,27,6,6,28,7,47,40,0,40,87
11/19/2017,HLN,MT,ANM,WE,Combination Non-Radar Approach Control & Tower w/o Radar,7,3,0,0,10,0,1,24,1,26,7,4,24,1,36,52,0,52,88
11/20/2017,HLN,MT,ANM,WE,Combination Non-Radar Approach Control & Tower w/o Radar,8,8,6,0,22,0,4,15,14,33,8,12,21,14,55,54,6,60,115
11/21/2017,HLN,MT,ANM,WE,Combination Non-Radar Approach Control & Tower w/o Radar,10,10,5,0,25,0,1,54,5,60,10,11,59,5,85,58,4,62,147
11/22/2017,HLN,MT,ANM,WE,Combination Non-Radar Approach Control & Tower w/o Radar,6,13,7,0,26,0,0,16,2,18,6,13,23,2,44,38,0,38,82
11/23/2017,HLN,MT,ANM,WE,Combination Non-Radar Approach Control & Tower w/o Radar,7,1,0,0,8,0,0,5,0,5,7,1,5,0,13,0,0,0,13
11/24/2017,HLN,MT,ANM,WE,Combination Non-Radar Approach Control & Tower w/o Radar,6,7,4,0,17,0,2,17,1,20,6,9,21,1,37,36,0,36,73
11/25/2017,HLN,MT,ANM,WE,Combination Non-Radar Approach Control & Tower w/o Radar,6,12,2,0,20,0,0,43,0,43,6,12,45,0,63,56,0,56,119
11/26/2017,HLN,MT,ANM,WE,Combination Non-Radar Approach Control & Tower w/o Radar,6,5,1,0,12,0,0,36,0,36,6,5,37,0,48,50,0,50,98
11/27/2017,HLN,MT,ANM,WE,Combination Non-Radar Approach Control & Tower w/o Radar,4,12,1,2,19,0,4,17,0,21,4,16,18,2,40,4,0,4,44
11/28/2017,HLN,MT,ANM,WE,Combination Non-Radar Approach Control & Tower w/o Radar,3,14,4,0,21,0,2,51,8,61,3,16,55,8,82,56,4,60,142
11/29/2017,HLN,MT,ANM,WE,Combination Non-Radar Approach Control & Tower w/o Radar,3,11,2,0,16,0,7,5,18,30,3,18,7,18,46,14,6,20,66
11/30/2017,HLN,MT,ANM,WE,Combination Non-Radar Approach Control & Tower w/o Radar,3,10,4,1,18,0,5,69,16,90,3,15,73,17,108,84,8,92,200
12/01/2017,HLN,MT,ANM,WE,Combination Non-Radar Approach Control & Tower w/o Radar,3,14,5,1,23,0,0,45,23,68,3,14,50,24,91,46,6,52,143
12/02/2017,HLN,MT,ANM,WE,Combination Non-Radar Approach Control & Tower w/o Radar,4,12,3,0,19,0,9,41,12,62,4,21,44,12,81,60,4,64,145
12/03/2017,HLN,MT,ANM,WE,Combination Non-Radar Approach Control & Tower w/o Radar,3,12,0,4,19,0,0,0,0,0,3,12,0,4,19,0,0,0,19
12/04/2017,HLN,MT,ANM,WE,Combination Non-Radar Approach Control & Tower w/o Radar,4,15,3,1,23,0,3,6,8,17,4,18,9,9,40,26,0,26,66
12/05/2017,HLN,MT,ANM,WE,Combination Non-Radar Approach Control & Tower w/o Radar,3,11,5,0,19,0,4,10,2,16,3,15,15,2,35,26,0,26,61
12/06/2017,HLN,MT,ANM,WE,Combination Non-Radar Approach Control & Tower w/o Radar,4,13,2,2,21,0,4,44,0,48,4,17,46,2,69,38,0,38,107
12/07/2017,HLN,MT,ANM,WE,Combination Non-Radar Approach Control & Tower w/o Radar,6,13,5,0,24,0,1,52,7,60,6,14,57,7,84,118,0,118,202
12/08/2017,HLN,MT,ANM,WE,Combination Non-Radar Approach Control & Tower w/o Radar,3,14,12,1,30,0,0,42,6,48,3,14,54,7,78,44,6,50,128
12/09/2017,HLN,MT,ANM,WE,Combination Non-Radar Approach Control & Tower w/o Radar,8,6,6,0,20,0,0,37,0,37,8,6,43,0,57,34,0,34,91
12/10/2017,HLN,MT,ANM,WE,Combination Non-Radar Approach Control & Tower w/o Radar,3,8,3,0,14,0,3,25,2,30,3,11,28,2,44,52,0,52,96
12/11/2017,HLN,MT,ANM,WE,Combination Non-Radar Approach Control & Tower w/o Radar,3,12,5,0,20,0,2,36,19,57,3,14,41,19,77,94,22,116,193
12/12/2017,HLN,MT,ANM,WE,Combination Non-Radar Approach Control & Tower w/o Radar,4,14,13,0,31,0,0,6,13,19,4,14,19,13,50,14,28,42,92
12/13/2017,HLN,MT,ANM,WE,Combination Non-Radar Approach Control & Tower w/o Radar,5,12,8,0,25,0,0,2,0,2,5,12,10,0,27,0,0,0,27
12/14/2017,HLN,MT,ANM,WE,Combination Non-Radar Approach Control & Tower w/o Radar,6,11,8,0,25,1,1,16,1,19,7,12,24,1,44,28,4,32,76
12/15/2017,HLN,MT,ANM,WE,Combination Non-Radar Approach Control & Tower w/o Radar,6,21,8,0,35,0,3,31,5,39,6,24,39,5,74,70,0,70,144
12/16/2017,HLN,MT,ANM,WE,Combination Non-Radar Approach Control & Tower w/o Radar,5,12,3,0,20,0,0,3,0,3,5,12,6,0,23,16,0,16,39
12/17/2017,HLN,MT,ANM,WE,Combination Non-Radar Approach Control & Tower w/o Radar,5,6,0,0,11,0,0,15,5,20,5,6,15,5,31,2,4,6,37
12/18/2017,HLN,MT,ANM,WE,Combination Non-Radar Approach Control & Tower w/o Radar,2,8,10,2,22,0,0,13,13,26,2,8,23,15,48,12,2,14,62
12/19/2017,HLN,MT,ANM,WE,Combination Non-Radar Approach Control & Tower w/o Radar,4,11,13,0,28,0,0,8,8,16,4,11,21,8,44,24,6,30,74
12/20/2017,HLN,MT,ANM,WE,Combination Non-Radar Approach Control & Tower w/o Radar,5,19,2,0,26,0,0,0,0,0,5,19,2,0,26,0,0,0,26
12/21/2017,HLN,MT,ANM,WE,Combination Non-Radar Approach Control & Tower w/o Radar,5,14,8,2,29,0,6,33,31,70,5,20,41,33,99,18,42,60,159
12/22/2017,HLN,MT,ANM,WE,Combination Non-Radar Approach Control & Tower w/o Radar,6,20,6,0,32,0,0,0,0,0,6,20,6,0,32,0,0,0,32
12/23/2017,HLN,MT,ANM,WE,Combination Non-Radar Approach Control & Tower w/o Radar,5,12,1,0,18,0,0,12,5,17,5,12,13,5,35,22,2,24,59
12/24/2017,HLN,MT,ANM,WE,Combination Non-Radar Approach Control & Tower w/o Radar,7,4,0,0,11,0,1,7,0,8,7,5,7,0,19,20,0,20,39
12/25/2017,HLN,MT,ANM,WE,Combination Non-Radar Approach Control & Tower w/o Radar,6,3,0,0,9,0,0,0,0,0,6,3,0,0,9,0,0,0,9
12/26/2017,HLN,MT,ANM,WE,Combination Non-Radar Approach Control & Tower w/o Radar,6,12,7,1,26,0,14,26,8,48,6,26,33,9,74,26,4,30,104
12/27/2017,HLN,MT,ANM,WE,Combination Non-Radar Approach Control & Tower w/o Radar,6,8,3,0,17,0,0,1,4,5,6,8,4,4,22,0,2,2,24
12/28/2017,HLN,MT,ANM,WE,Combination Non-Radar Approach Control & Tower w/o Radar,9,11,3,0,23,0,0,21,11,32,9,11,24,11,55,44,12,56,111
12/29/2017,HLN,MT,ANM,WE,Combination Non-Radar Approach Control & Tower w/o Radar,6,10,7,1,24,0,0,0,0,0,6,10,7,1,24,0,0,0,24
12/30/2017,HLN,MT,ANM,WE,Combination Non-Radar Approach Control & Tower w/o Radar,7,12,2,1,22,0,0,0,0,0,7,12,2,1,22,0,0,0,22
12/31/2017,HLN,MT,ANM,WE,Combination Non-Radar Approach Control & Tower w/o Radar,7,7,1,0,15,0,4,9,0,13,7,11,10,0,28,0,0,0,28
01/01/2018,HLN,MT,ANM,WE,Combination Non-Radar Approach Control & Tower w/o Radar,6,4,0,0,10,0,1,15,0,16,6,5,15,0,26,0,0,0,26
01/02/2018,HLN,MT,ANM,WE,Combination Non-Radar Approach Control & Tower w/o Radar,6,11,3,0,20,0,0,15,2,17,6,11,18,2,37,32,0,32,69
01/03/2018,HLN,MT,ANM,WE,Combination Non-Radar Approach Control & Tower w/o Radar,6,11,3,0,20,0,1,17,3,21,6,12,20,3,41,8,2,10,51
01/04/2018,HLN,MT,ANM,WE,Combination Non-Radar Approach Control & Tower w/o Radar,6,9,6,1,22,0,0,44,4,48,6,9,50,5,70,24,0,24,94
01/05/2018,HLN,MT,ANM,WE,Combination Non-Radar Approach Control & Tower w/o Radar,6,17,4,0,27,0,2,14,17,33,6,19,18,17,60,10,24,34,94
01/06/2018,HLN,MT,ANM,WE,Combination Non-Radar Approach Control & Tower w/o Radar,6,6,3,0,15,0,3,21,9,33,6,9,24,9,48,26,6,32,80
01/07/2018,HLN,MT,ANM,WE,Combination Non-Radar Approach Control & Tower w/o Radar,5,4,3,1,13,0,0,19,0,19,5,4,22,1,32,40,0,40,72
01/08/2018,HLN,MT,ANM,WE,Combination Non-Radar Approach Control & Tower w/o Radar,4,8,1,0,13,0,1,16,11,28,4,9,17,11,41,44,6,50,91
01/09/2018,HLN,MT,ANM,WE,Combination Non-Radar Approach Control & Tower w/o Radar,4,9,3,0,16,0,0,24,9,33,4,9,27,9,49,20,6,26,75
01/10/2018,HLN,MT,ANM,WE,Combination Non-Radar Approach Control & Tower w/o Radar,7,10,5,0,22,0,0,1,0,1,7,10,6,0,23,0,0,0,23
01/11/2018,HLN,MT,ANM,WE,Combination Non-Radar Approach Control & Tower w/o Radar,6,13,9,0,28,0,0,5,10,15,6,13,14,10,43,0,24,24,67
01/12/2018,HLN,MT,ANM,WE,Combination Non-Radar Approach Control & Tower w/o Radar,4,12,2,1,19,0,1,18,4,23,4,13,20,5,42,20,0,20,62
01/13/2018,HLN,MT,ANM,WE,Combination Non-Radar Approach Control & Tower w/o Radar,3,14,2,0,19,0,1,9,1,11,3,15,11,1,30,12,0,12,42
01/14/2018,HLN,MT,ANM,WE,Combination Non-Radar Approach Control & Tower w/o Radar,3,6,2,0,11,0,0,34,0,34,3,6,36,0,45,94,0,94,139
01/15/2018,HLN,MT,ANM,WE,Combination Non-Radar Approach Control & Tower w/o Radar,4,9,5,0,18,0,16,30,0,46,4,25,35,0,64,55,0,55,119
01/16/2018,HLN,MT,ANM,WE,Combination Non-Radar Approach Control & Tower w/o Radar,3,10,12,0,25,0,4,27,8,39,3,14,39,8,64,74,12,86,150
01/17/2018,HLN,MT,ANM,WE,Combination Non-Radar Approach Control & Tower w/o Radar,6,14,10,2,32,0,13,40,15,68,6,27,50,17,100,70,2,72,172
01/18/2018,HLN,MT,ANM,WE,Combination Non-Radar Approach Control & Tower w/o Radar,3,15,4,1,23,0,3,25,13,41,3,18,29,14,64,38,15,53,117
01/19/2018,HLN,MT,ANM,WE,Combination Non-Radar Approach Control & Tower w/o Radar,4,13,6,4,27,0,2,17,10,29,4,15,23,14,56,70,14,84,140
01/20/2018,HLN,MT,ANM,WE,Combination Non-Radar Approach Control & Tower w/o Radar,3,13,6,0,22,0,2,63,1,66,3,15,69,1,88,62,0,62,150
01/21/2018,HLN,MT,ANM,WE,Combination Non-Radar Approach Control & Tower w/o Radar,3,6,0,0,9,0,0,39,0,39,3,6,39,0,48,82,0,82,130
01/22/2018,HLN,MT,ANM,WE,Combination Non-Radar Approach Control & Tower w/o Radar,5,11,15,0,31,0,2,14,0,16,5,13,29,0,47,38,0,38,85
01/23/2018,HLN,MT,ANM,WE,Combination Non-Radar Approach Control & Tower w/o Radar,3,7,7,3,20,0,0,33,9,42,3,7,40,12,62,74,6,80,142
01/24/2018,HLN,MT,ANM,WE,Combination Non-Radar Approach Control & Tower w/o Radar,6,8,10,3,27,0,2,28,15,45,6,10,38,18,72,86,30,116,188
01/25/2018,HLN,MT,ANM,WE,Combination Non-Radar Approach Control & Tower w/o Radar,6,7,12,2,27,0,3,17,21,41,6,10,29,23,68,86,28,114,182
01/26/2018,HLN,MT,ANM,WE,Combination Non-Radar Approach Control & Tower w/o Radar,4,14,9,3,30,0,1,19,9,29,4,15,28,12,59,40,0,40,99
01/27/2018,HLN,MT,ANM,WE,Combination Non-Radar Approach Control & Tower w/o Radar,3,10,4,0,17,0,0,28,2,30,3,10,32,2,47,66,0,66,113
01/28/2018,HLN,MT,ANM,WE,Combination Non-Radar Approach Control & Tower w/o Radar,4,5,2,0,11,0,0,23,0,23,4,5,25,0,34,56,0,56,90
01/29/2018,HLN,MT,ANM,WE,Combination Non-Radar Approach Control & Tower w/o Radar,5,11,10,0,26,0,1,22,5,28,5,12,32,5,54,54,0,54,108
01/30/2018,HLN,MT,ANM,WE,Combination Non-Radar Approach Control & Tower w/o Radar,3,12,11,2,28,0,1,11,0,12,3,13,22,2,40,10,0,10,50
01/31/2018,HLN,MT,ANM,WE,Combination Non-Radar Approach Control & Tower w/o Radar,6,11,4,2,23,0,5,31,11,47,6,16,35,13,70,54,10,64,134
02/01/2018,HLN,MT,ANM,WE,Combination Non-Radar Approach Control & Tower w/o Radar,4,11,3,0,18,0,2,46,11,59,4,13,49,11,77,96,6,102,179
02/02/2018,HLN,MT,ANM,WE,Combination Non-Radar Approach Control & Tower w/o Radar,4,12,4,0,20,0,0,17,9,26,4,12,21,9,46,18,0,18,64
02/03/2018,HLN,MT,ANM,WE,Combination Non-Radar Approach Control & Tower w/o Radar,4,8,3,0,15,0,0,9,2,11,4,8,12,2,26,16,0,16,42
02/04/2018,HLN,MT,ANM,WE,Combination Non-Radar Approach Control & Tower w/o Radar,3,5,0,0,8,0,0,0,0,0,3,5,0,0,8,0,0,0,8
02/05/2018,HLN,MT,ANM,WE,Combination Non-Radar Approach Control & Tower w/o Radar,3,13,1,3,20,0,0,0,0,0,3,13,1,3,20,0,0,0,20
02/06/2018,HLN,MT,ANM,WE,Combination Non-Radar Approach Control & Tower w/o Radar,4,9,6,5,24,0,0,4,6,10,4,9,10,11,34,16,32,48,82
02/07/2018,HLN,MT,ANM,WE,Combination Non-Radar Approach Control & Tower w/o Radar,5,10,6,1,22,0,1,23,2,26,5,11,29,3,48,6,0,6,54
02/08/2018,HLN,MT,ANM,WE,Combination Non-Radar Approach Control & Tower w/o Radar,3,12,10,2,27,0,0,1,4,5,3,12,11,6,32,14,2,16,48
02/09/2018,HLN,MT,ANM,WE,Combination Non-Radar Approach Control & Tower w/o Radar,4,12,6,2,24,0,1,4,0,5,4,13,10,2,29,0,4,4,33
02/10/2018,HLN,MT,ANM,WE,Combination Non-Radar Approach Control & Tower w/o Radar,5,6,0,0,11,0,5,18,7,30,5,11,18,7,41,28,10,38,79
02/11/2018,HLN,MT,ANM,WE,Combination Non-Radar Approach Control & Tower w/o Radar,3,12,2,0,17,0,0,14,0,14,3,12,16,0,31,28,0,28,59
02/12/2018,HLN,MT,ANM,WE,Combination Non-Radar Approach Control & Tower w/o Radar,4,8,8,1,21,0,0,23,10,33,4,8,31,11,54,16,0,16,70
02/13/2018,HLN,MT,ANM,WE,Combination Non-Radar Approach Control & Tower w/o Radar,4,10,14,0,28,0,9,37,18,64,4,19,51,18,92,68,22,90,182
02/14/2018,HLN,MT,ANM,WE,Combination Non-Radar Approach Control & Tower w/o Radar,6,10,11,0,27,0,1,16,0,17,6,11,27,0,44,48,0,48,92
02/15/2018,HLN,MT,ANM,WE,Combination Non-Radar Approach Control & Tower w/o Radar,6,9,15,3,33,0,0,21,14,35,6,9,36,17,68,22,34,56,124
02/16/2018,HLN,MT,ANM,WE,Combination Non-Radar Approach Control & Tower w/o Radar,6,13,12,0,31,0,0,5,4,9,6,13,17,4,40,24,8,32,72
02/17/2018,HLN,MT,ANM,WE,Combination Non-Radar Approach Control & Tower w/o Radar,5,11,1,2,19,0,0,0,0,0,5,11,1,2,19,0,4,4,23
02/18/2018,HLN,MT,ANM,WE,Combination Non-Radar Approach Control & Tower w/o Radar,8,2,4,2,16,0,0,0,1,1,8,2,4,3,17,0,0,0,17
02/19/2018,HLN,MT,ANM,WE,Combination Non-Radar Approach Control & Tower w/o Radar,5,8,3,0,16,0,0,20,0,20,5,8,23,0,36,22,0,22,58
02/20/2018,HLN,MT,ANM,WE,Combination Non-Radar Approach Control & Tower w/o Radar,5,10,3,1,19,0,0,12,16,28,5,10,15,17,47,22,44,66,113
02/21/2018,HLN,MT,ANM,WE,Combination Non-Radar Approach Control & Tower w/o Radar,6,9,4,0,19,0,1,42,11,54,6,10,46,11,73,32,10,42,115
02/22/2018,HLN,MT,ANM,WE,Combination Non-Radar Approach Control & Tower w/o Radar,10,16,13,5,44,0,6,30,14,50,10,22,43,19,94,68,24,92,186
02/23/2018,HLN,MT,ANM,WE,Combination Non-Radar Approach Control & Tower w/o Radar,7,14,5,1,27,0,8,31,16,55,7,22,36,17,82,30,2,32,114
02/24/2018,HLN,MT,ANM,WE,Combination Non-Radar Approach Control & Tower w/o Radar,4,10,4,1,19,0,1,11,6,18,4,11,15,7,37,54,6,60,97
02/25/2018,HLN,MT,ANM,WE,Combination Non-Radar Approach Control & Tower w/o Radar,6,4,2,0,12,0,0,7,0,7,6,4,9,0,19,34,0,34,53
02/26/2018,HLN,MT,ANM,WE,Combination Non-Radar Approach Control & Tower w/o Radar,5,12,6,4,27,0,3,22,12,37,5,15,28,16,64,52,12,64,128
02/27/2018,HLN,MT,ANM,WE,Combination Non-Radar Approach Control & Tower w/o Radar,8,14,6,0,28,0,0,44,14,58,8,14,50,14,86,106,12,118,204
02/28/2018,HLN,MT,ANM,WE,Combination Non-Radar Approach Control & Tower w/o Radar,6,8,8,0,22,0,6,45,25,76,6,14,53,25,98,124,20,144,242
03/01/2018,HLN,MT,ANM,WE,Combination Non-Radar Approach Control & Tower w/o Radar,6,9,2,0,17,0,8,42,20,70,6,17,44,20,87,102,18,120,207
03/02/2018,HLN,MT,ANM,WE,Combination Non-Radar Approach Control & Tower w/o Radar,5,15,11,0,31,0,1,8,20,29,5,16,19,20,60,72,8,80,140
03/03/2018,HLN,MT,ANM,WE,Combination Non-Radar Approach Control & Tower w/o Radar,8,5,8,1,22,0,0,16,13,29,8,5,24,14,51,26,2,28,79
03/04/2018,HLN,MT,ANM,WE,Combination Non-Radar Approach Control & Tower w/o Radar,6,4,0,0,10,0,0,0,0,0,6,4,0,0,10,0,0,0,10
03/05/2018,HLN,MT,ANM,WE,Combination Non-Radar Approach Control & Tower w/o Radar,6,7,6,1,20,0,1,9,14,24,6,8,15,15,44,0,26,26,70
03/06/2018,HLN,MT,ANM,WE,Combination Non-Radar Approach Control & Tower w/o Radar,8,15,4,0,27,8,6,43,26,83,16,21,47,26,110,76,40,116,226
03/07/2018,HLN,MT,ANM,WE,Combination Non-Radar Approach Control & Tower w/o Radar,6,10,2,2,20,0,8,57,15,80,6,18,59,17,100,166,22,188,288
03/08/2018,HLN,MT,ANM,WE,Combination Non-Radar Approach Control & Tower w/o Radar,7,8,3,4,22,0,0,30,12,42,7,8,33,16,64,102,2,104,168
03/09/2018,HLN,MT,ANM,WE,Combination Non-Radar Approach Control & Tower w/o Radar,6,12,2,0,20,0,0,16,7,23,6,12,18,7,43,28,14,42,85
03/10/2018,HLN,MT,ANM,WE,Combination Non-Radar Approach Control & Tower w/o Radar,8,8,5,0,21,0,0,47,0,47,8,8,52,0,68,122,0,122,190
03/11/2018,HLN,MT,ANM,WE,Combination Non-Radar Approach Control & Tower w/o Radar,7,4,0,0,11,0,7,50,0,57,7,11,50,0,68,10,0,10,78
03/12/2018,HLN,MT,ANM,WE,Combination Non-Radar Approach Control & Tower w/o Radar,8,7,1,0,16,0,6,51,11,68,8,13,52,11,84,72,32,104,188
03/13/2018,HLN,MT,ANM,WE,Combination Non-Radar Approach Control & Tower w/o Radar,6,10,11,1,28,5,17,45,24,91,11,27,56,25,119,94,28,122,241
03/14/2018,HLN,MT,ANM,WE,Combination Non-Radar Approach Control & Tower w/o Radar,7,8,2,3,20,0,1,23,22,46,7,9,25,25,66,34,40,74,140
03/15/2018,HLN,MT,ANM,WE,Combination Non-Radar Approach Control & Tower w/o Radar,6,9,5,0,20,0,3,12,0,15,6,12,17,0,35,50,0,50,85
03/16/2018,HLN,MT,ANM,WE,Combination Non-Radar Approach Control & Tower w/o Radar,6,17,6,2,31,0,2,25,16,43,6,19,31,18,74,56,4,60,134
03/17/2018,HLN,MT,ANM,WE,Combination Non-Radar Approach Control & Tower w/o Radar,8,6,0,0,14,0,5,2,0,7,8,11,2,0,21,2,0,2,23
03/18/2018,HLN,MT,ANM,WE,Combination Non-Radar Approach Control & Tower w/o Radar,8,6,3,0,17,0,0,0,1,1,8,6,3,1,18,0,0,0,18
03/19/2018,HLN,MT,ANM,WE,Combination Non-Radar Approach Control & Tower w/o Radar,7,6,4,0,17,0,4,33,7,44,7,10,37,7,61,54,14,68,129
03/20/2018,HLN,MT,ANM,WE,Combination Non-Radar Approach Control & Tower w/o Radar,6,5,5,0,16,0,1,45,23,69,6,6,50,23,85,82,24,106,191
03/21/2018,HLN,MT,ANM,WE,Combination Non-Radar Approach Control & Tower w/o Radar,7,7,9,2,25,0,2,62,12,76,7,9,71,14,101,119,6,125,226
03/22/2018,HLN,MT,ANM,WE,Combination Non-Radar Approach Control & Tower w/o Radar,8,6,6,3,23,0,1,24,20,45,8,7,30,23,68,76,8,84,152
03/23/2018,HLN,MT,ANM,WE,Combination Non-Radar Approach Control & Tower w/o Radar,6,12,2,2,22,0,19,28,18,65,6,31,30,20,87,88,14,102,189
03/24/2018,HLN,MT,ANM,WE,Combination Non-Radar Approach Control & Tower w/o Radar,8,5,0,2,15,0,1,11,7,19,8,6,11,9,34,0,14,14,48
03/25/2018,HLN,MT,ANM,WE,Combination Non-Radar Approach Control & Tower w/o Radar,7,4,5,0,16,0,4,31,1,36,7,8,36,1,52,26,0,26,78
03/26/2018,HLN,MT,ANM,WE,Combination Non-Radar Approach Control & Tower w/o Radar,7,5,10,2,24,0,4,17,3,24,7,9,27,5,48,22,0,22,70
03/27/2018,HLN,MT,ANM,WE,Combination Non-Radar Approach Control & Tower w/o Radar,6,10,9,2,27,0,0,17,7,24,6,10,26,9,51,66,14,80,131
03/28/2018,HLN,MT,ANM,WE,Combination Non-Radar Approach Control & Tower w/o Radar,6,12,9,0,27,0,1,27,14,42,6,13,36,14,69,36,6,42,111
03/29/2018,HLN,MT,ANM,WE,Combination Non-Radar Approach Control & Tower w/o Radar,6,8,4,4,22,0,4,26,7,37,6,12,30,11,59,62,8,70,129
03/30/2018,HLN,MT,ANM,WE,Combination Non-Radar Approach Control & Tower w/o Radar,7,12,5,1,25,0,1,15,3,19,7,13,20,4,44,16,0,16,60
03/31/2018,HLN,MT,ANM,WE,Combination Non-Radar Approach Control & Tower w/o Radar,8,5,1,0,14,1,2,5,0,8,9,7,6,0,22,30,0,30,52
04/01/2018,HLN,MT,ANM,WE,Combination Non-Radar Approach Control & Tower w/o Radar,7,4,2,0,13,0,0,17,0,17,7,4,19,0,30,22,0,22,52
04/02/2018,HLN,MT,ANM,WE,Combination Non-Radar Approach Control & Tower w/o Radar,8,4,4,0,16,0,0,10,0,10,8,4,14,0,26,10,0,10,36
04/03/2018,HLN,MT,ANM,WE,Combination Non-Radar Approach Control & Tower w/o Radar,6,8,4,2,20,0,3,25,17,45,6,11,29,19,65,102,22,124,189
04/04/2018,HLN,MT,ANM,WE,Combination Non-Radar Approach Control & Tower w/o Radar,5,9,4,0,18,0,3,9,12,24,5,12,13,12,42,30,46,76,118
04/05/2018,HLN,MT,ANM,WE,Combination Non-Radar Approach Control & Tower w/o Radar,7,7,5,2,21,0,0,0,1,1,7,7,5,3,22,0,0,0,22
04/06/2018,HLN,MT,ANM,WE,Combination Non-Radar Approach Control & Tower w/o Radar,7,7,7,0,21,0,10,6,19,35,7,17,13,19,56,40,10,50,106
04/07/2018,HLN,MT,ANM,WE,Combination Non-Radar Approach Control & Tower w/o Radar,8,3,0,2,13,0,3,14,13,30,8,6,14,15,43,34,28,62,105
04/08/2018,HLN,MT,ANM,WE,Combination Non-Radar Approach Control & Tower w/o Radar,7,4,0,0,11,0,1,3,5,9,7,5,3,5,20,14,0,14,34
04/09/2018,HLN,MT,ANM,WE,Combination Non-Radar Approach Control & Tower w/o Radar,6,8,4,4,22,0,4,43,1,48,6,12,47,5,70,58,0,58,128
04/10/2018,HLN,MT,ANM,WE,Combination Non-Radar Approach Control & Tower w/o Radar,3,6,5,2,16,0,2,23,2,27,3,8,28,4,43,82,14,96,139
04/11/2018,HLN,MT,ANM,WE,Combination Non-Radar Approach Control & Tower w/o Radar,6,11,8,4,29,0,0,28,5,33,6,11,36,9,62,20,12,32,94
04/12/2018,HLN,MT,ANM,WE,Combination Non-Radar Approach Control & Tower w/o Radar,9,8,8,3,28,0,0,14,4,18,9,8,22,7,46,0,12,12,58
04/13/2018,HLN,MT,ANM,WE,Combination Non-Radar Approach Control & Tower w/o Radar,5,11,3,2,21,0,0,11,17,28,5,11,14,19,49,44,6,50,99
04/14/2018,HLN,MT,ANM,WE,Combination Non-Radar Approach Control & Tower w/o Radar,7,6,0,0,13,0,1,39,5,45,7,7,39,5,58,120,4,124,182
04/15/2018,HLN,MT,ANM,WE,Combination Non-Radar Approach Control & Tower w/o Radar,4,7,1,2,14,0,0,21,2,23,4,7,22,4,37,42,10,52,89
04/16/2018,HLN,MT,ANM,WE,Combination Non-Radar Approach Control & Tower w/o Radar,5,7,2,2,16,1,0,17,5,23,6,7,19,7,39,70,8,78,117
04/17/2018,HLN,MT,ANM,WE,Combination Non-Radar Approach Control & Tower w/o Radar,4,10,11,0,25,0,1,26,8,35,4,11,37,8,60,26,14,40,100
04/18/2018,HLN,MT,ANM,WE,Combination Non-Radar Approach Control & Tower w/o Radar,5,6,3,0,14,0,5,56,11,72,5,11,59,11,86,108,6,114,200
04/19/2018,HLN,MT,ANM,WE,Combination Non-Radar Approach Control & Tower w/o Radar,5,7,7,2,21,0,1,67,11,79,5,8,74,13,100,88,0,88,188
04/20/2018,HLN,MT,ANM,WE,Combination Non-Radar Approach Control & Tower w/o Radar,9,9,3,1,22,0,8,94,8,110,9,17,97,9,132,76,0,76,208
04/21/2018,HLN,MT,ANM,WE,Combination Non-Radar Approach Control & Tower w/o Radar,7,7,2,0,16,0,5,45,12,62,7,12,47,12,78,44,0,44,122
04/22/2018,HLN,MT,ANM,WE,Combination Non-Radar Approach Control & Tower w/o Radar,5,6,0,0,11,0,5,60,0,65,5,11,60,0,76,66,0,66,142
04/23/2018,HLN,MT,ANM,WE,Combination Non-Radar Approach Control & Tower w/o Radar,6,9,11,0,26,0,0,7,5,12,6,9,18,5,38,4,10,14,52
04/24/2018,HLN,MT,ANM,WE,Combination Non-Radar Approach Control & Tower w/o Radar,6,7,5,1,19,0,4,88,8,100,6,11,93,9,119,70,0,70,189
04/25/2018,HLN,MT,ANM,WE,Combination Non-Radar Approach Control & Tower w/o Radar,3,13,6,0,22,0,1,45,11,57,3,14,51,11,79,52,8,60,139
04/26/2018,HLN,MT,ANM,WE,Combination Non-Radar Approach Control & Tower w/o Radar,4,11,10,0,25,0,9,61,10,80,4,20,71,10,105,116,5,121,226
04/27/2018,HLN,MT,ANM,WE,Combination Non-Radar Approach Control & Tower w/o Radar,5,14,11,0,30,0,2,72,4,78,5,16,83,4,108,76,6,82,190
04/28/2018,HLN,MT,ANM,WE,Combination Non-Radar Approach Control & Tower w/o Radar,6,5,1,1,13,0,3,49,0,52,6,8,50,1,65,62,0,62,127
04/29/2018,HLN,MT,ANM,WE,Combination Non-Radar Approach Control & Tower w/o Radar,8,8,3,1,20,0,2,12,4,18,8,10,15,5,38,15,0,15,53
04/30/2018,HLN,MT,ANM,WE,Combination Non-Radar Approach Control & Tower w/o Radar,5,8,6,0,19,0,0,10,0,10,5,8,16,0,29,60,0,60,89
05/01/2018,HLN,MT,ANM,WE,Combination Non-Radar Approach Control & Tower w/o Radar,5,11,5,2,23,0,0,22,8,30,5,11,27,10,53,24,28,52,105
05/02/2018,HLN,MT,ANM,WE,Combination Non-Radar Approach Control & Tower w/o Radar,5,9,4,0,18,0,7,36,4,47,5,16,40,4,65,8,0,8,73
05/03/2018,HLN,MT,ANM,WE,Combination Non-Radar Approach Control & Tower w/o Radar,6,11,8,0,25,0,4,56,6,66,6,15,64,6,91,10,20,30,121
05/04/2018,HLN,MT,ANM,WE,Combination Non-Radar Approach Control & Tower w/o Radar,6,8,12,1,27,0,1,47,7,55,6,9,59,8,82,78,0,78,160
05/05/2018,HLN,MT,ANM,WE,Combination Non-Radar Approach Control & Tower w/o Radar,6,8,9,0,23,0,2,41,5,48,6,10,50,5,71,48,0,48,119
05/06/2018,HLN,MT,ANM,WE,Combination Non-Radar Approach Control & Tower w/o Radar,5,6,2,2,15,0,0,27,0,27,5,6,29,2,42,22,0,22,64
05/07/2018,HLN,MT,ANM,WE,Combination Non-Radar Approach Control & Tower w/o Radar,5,11,4,2,22,0,0,33,0,33,5,11,37,2,55,32,0,32,87
05/08/2018,HLN,MT,ANM,WE,Combination Non-Radar Approach Control & Tower w/o Radar,7,6,10,2,25,0,4,60,0,64,7,10,70,2,89,48,0,48,137
05/09/2018,HLN,MT,ANM,WE,Combination Non-Radar Approach Control & Tower w/o Radar,6,9,6,0,21,0,1,49,5,55,6,10,55,5,76,62,0,62,138
05/10/2018,HLN,MT,ANM,WE,Combination Non-Radar Approach Control & Tower w/o Radar,4,11,8,0,23,0,6,33,8,47,4,17,41,8,70,46,6,52,122
05/11/2018,HLN,MT,ANM,WE,Combination Non-Radar Approach Control & Tower w/o Radar,5,11,6,2,24,0,0,10,5,15,5,11,16,7,39,34,0,34,73
05/12/2018,HLN,MT,ANM,WE,Combination Non-Radar Approach Control & Tower w/o Radar,6,10,2,0,18,0,0,21,1,22,6,10,23,1,40,14,0,14,54
05/13/2018,HLN,MT,ANM,WE,Combination Non-Radar Approach Control & Tower w/o Radar,5,8,4,0,17,0,0,17,0,17,5,8,21,0,34,8,0,8,42
05/14/2018,HLN,MT,ANM,WE,Combination Non-Radar Approach Control & Tower w/o Radar,4,7,4,0,15,0,2,72,2,76,4,9,76,2,91,74,2,76,167
05/15/2018,HLN,MT,ANM,WE,Combination Non-Radar Approach Control & Tower w/o Radar,6,10,8,0,24,0,1,73,2,76,6,11,81,2,100,146,0,146,246
05/16/2018,HLN,MT,ANM,WE,Combination Non-Radar Approach Control & Tower w/o Radar,4,15,11,2,32,0,3,48,7,58,4,18,59,9,90,88,0,88,178
05/17/2018,HLN,MT,ANM,WE,Combination Non-Radar Approach Control & Tower w/o Radar,5,18,13,1,37,0,1,14,10,25,5,19,27,11,62,54,0,54,116
05/18/2018,HLN,MT,ANM,WE,Combination Non-Radar Approach Control & Tower w/o Radar,5,12,8,2,27,0,0,7,0,7,5,12,15,2,34,10,0,10,44
05/19/2018,HLN,MT,ANM,WE,Combination Non-Radar Approach Control & Tower w/o Radar,7,9,7,4,27,0,2,18,1,21,7,11,25,5,48,44,0,44,92
05/20/2018,HLN,MT,ANM,WE,Combination Non-Radar Approach Control & Tower w/o Radar,4,10,3,3,20,0,4,56,0,60,4,14,59,3,80,16,0,16,96
05/21/2018,HLN,MT,ANM,WE,Combination Non-Radar Approach Control & Tower w/o Radar,5,7,3,1,16,0,1,44,2,47,5,8,47,3,63,90,0,90,153
05/22/2018,HLN,MT,ANM,WE,Combination Non-Radar Approach Control & Tower w/o Radar,4,10,7,4,25,0,0,50,3,53,4,10,57,7,78,90,6,96,174
05/23/2018,HLN,MT,ANM,WE,Combination Non-Radar Approach Control & Tower w/o Radar,9,12,11,4,36,2,3,27,1,33,11,15,38,5,69,46,0,46,115
05/24/2018,HLN,MT,ANM,WE,Combination Non-Radar Approach Control & Tower w/o Radar,5,14,8,3,30,0,2,34,6,42,5,16,42,9,72,66,2,68,140
05/25/2018,HLN,MT,ANM,WE,Combination Non-Radar Approach Control & Tower w/o Radar,4,9,5,1,19,0,1,60,8,69,4,10,65,9,88,86,0,86,174
05/26/2018,HLN,MT,ANM,WE,Combination Non-Radar Approach Control & Tower w/o Radar,5,9,4,0,18,0,1,36,2,39,5,10,40,2,57,28,0,28,85
05/27/2018,HLN,MT,ANM,WE,Combination Non-Radar Approach Control & Tower w/o Radar,6,4,2,0,12,0,0,20,0,20,6,4,22,0,32,22,0,22,54
05/28/2018,HLN,MT,ANM,WE,Combination Non-Radar Approach Control & Tower w/o Radar,5,7,6,0,18,0,1,38,0,39,5,8,44,0,57,14,0,14,71
05/29/2018,HLN,MT,ANM,WE,Combination Non-Radar Approach Control & Tower w/o Radar,3,12,4,1,20,0,2,46,1,49,3,14,50,2,69,68,0,68,137
05/30/2018,HLN,MT,ANM,WE,Combination Non-Radar Approach Control & Tower w/o Radar,5,9,10,0,24,0,0,20,3,23,5,9,30,3,47,20,0,20,67
05/31/2018,HLN,MT,ANM,WE,Combination Non-Radar Approach Control & Tower w/o Radar,8,10,3,2,23,1,1,16,5,23,9,11,19,7,46,16,10,26,72
06/01/2018,HLN,MT,ANM,WE,Combination Non-Radar Approach Control & Tower w/o Radar,4,18,3,1,26,0,1,8,5,14,4,19,11,6,40,16,0,16,56
06/02/2018,HLN,MT,ANM,WE,Combination Non-Radar Approach Control & Tower w/o Radar,6,6,1,0,13,0,1,55,1,57,6,7,56,1,70,30,0,30,100
06/03/2018,HLN,MT,ANM,WE,Combination Non-Radar Approach Control & Tower w/o Radar,4,6,4,0,14,0,1,73,0,74,4,7,77,0,88,64,0,64,152
06/04/2018,HLN,MT,ANM,WE,Combination Non-Radar Approach Control & Tower w/o Radar,4,13,8,0,25,0,0,51,10,61,4,13,59,10,86,46,0,46,132
06/05/2018,HLN,MT,ANM,WE,Combination Non-Radar Approach Control & Tower w/o Radar,4,9,10,0,23,0,7,64,11,82,4,16,74,11,105,96,0,96,201
06/06/2018,HLN,MT,ANM,WE,Combination Non-Radar Approach Control & Tower w/o Radar,6,9,7,0,22,0,3,82,11,96,6,12,89,11,118,68,10,78,196
06/07/2018,HLN,MT,ANM,WE,Combination Non-Radar Approach Control & Tower w/o Radar,5,9,3,2,19,0,1,21,19,41,5,10,24,21,60,32,30,62,122
06/08/2018,HLN,MT,ANM,WE,Combination Non-Radar Approach Control & Tower w/o Radar,7,11,2,1,21,0,4,46,17,67,7,15,48,18,88,48,12,60,148
06/09/2018,HLN,MT,ANM,WE,Combination Non-Radar Approach Control & Tower w/o Radar,9,10,3,0,22,0,2,62,14,78,9,12,65,14,100,34,4,38,138
06/10/2018,HLN,MT,ANM,WE,Combination Non-Radar Approach Control & Tower w/o Radar,8,6,3,0,17,0,4,8,0,12,8,10,11,0,29,0,0,0,29
06/11/2018,HLN,MT,ANM,WE,Combination Non-Radar Approach Control & Tower w/o Radar,6,13,6,1,26,0,0,33,10,43,6,13,39,11,69,22,14,36,105
06/12/2018,HLN,MT,ANM,WE,Combination Non-Radar Approach Control & Tower w/o Radar,8,8,15,2,33,0,1,58,23,82,8,9,73,25,115,80,0,80,195
06/13/2018,HLN,MT,ANM,WE,Combination Non-Radar Approach Control & Tower w/o Radar,7,9,10,2,28,0,2,69,0,71,7,11,79,2,99,84,0,84,183
06/14/2018,HLN,MT,ANM,WE,Combination Non-Radar Approach Control & Tower w/o Radar,7,11,4,0,22,0,2,35,14,51,7,13,39,14,73,100,2,102,175
06/15/2018,HLN,MT,ANM,WE,Combination Non-Radar Approach Control & Tower w/o Radar,7,12,10,0,29,0,9,65,11,85,7,21,75,11,114,112,2,114,228
06/16/2018,HLN,MT,ANM,WE,Combination Non-Radar Approach Control & Tower w/o Radar,8,13,3,0,24,0,0,1,0,1,8,13,4,0,25,0,0,0,25
06/17/2018,HLN,MT,ANM,WE,Combination Non-Radar Approach Control & Tower w/o Radar,6,10,4,0,20,0,0,20,0,20,6,10,24,0,40,44,0,44,84
06/18/2018,HLN,MT,ANM,WE,Combination Non-Radar Approach Control & Tower w/o Radar,8,15,13,0,36,0,0,1,4,5,8,15,14,4,41,26,30,56,97
06/19/2018,HLN,MT,ANM,WE,Combination Non-Radar Approach Control & Tower w/o Radar,6,12,13,0,31,0,6,13,2,21,6,18,26,2,52,46,26,72,124
06/20/2018,HLN,MT,ANM,WE,Combination Non-Radar Approach Control & Tower w/o Radar,6,10,10,0,26,0,15,61,9,85,6,25,71,9,111,80,2,82,193
06/21/2018,HLN,MT,ANM,WE,Combination Non-Radar Approach Control & Tower w/o Radar,6,9,4,0,19,0,5,37,11,53,6,14,41,11,72,70,0,70,142
06/22/2018,HLN,MT,ANM,WE,Combination Non-Radar Approach Control & Tower w/o Radar,7,17,11,0,35,0,4,41,12,57,7,21,52,12,92,84,0,84,176
06/23/2018,HLN,MT,ANM,WE,Combination Non-Radar Approach Control & Tower w/o Radar,7,10,6,0,23,0,2,25,0,27,7,12,31,0,50,18,0,18,68
06/24/2018,HLN,MT,ANM,WE,Combination Non-Radar Approach Control & Tower w/o Radar,8,8,2,2,20,0,0,42,0,42,8,8,44,2,62,38,0,38,100
06/25/2018,HLN,MT,ANM,WE,Combination Non-Radar Approach Control & Tower w/o Radar,7,8,3,2,20,0,2,67,8,77,7,10,70,10,97,126,4,130,227
06/26/2018,HLN,MT,ANM,WE,Combination Non-Radar Approach Control & Tower w/o Radar,8,11,14,10,43,0,12,42,5,59,8,23,56,15,102,64,0,64,166
06/27/2018,HLN,MT,ANM,WE,Combination Non-Radar Approach Control & Tower w/o Radar,6,10,12,1,29,0,1,69,14,84,6,11,81,15,113,78,10,88,201
06/28/2018,HLN,MT,ANM,WE,Combination Non-Radar Approach Control & Tower w/o Radar,7,6,6,0,19,0,2,47,15,64,7,8,53,15,83,74,2,76,159
06/29/2018,HLN,MT,ANM,WE,Combination Non-Radar Approach Control & Tower w/o Radar,7,11,7,4,29,0,0,40,27,67,7,11,47,31,96,46,20,66,162
06/30/2018,HLN,MT,ANM,WE,Combination Non-Radar Approach Control & Tower w/o Radar,8,8,5,0,21,0,2,38,0,40,8,10,43,0,61,76,0,76,137
07/01/2018,HLN,MT,ANM,WE,Combination Non-Radar Approach Control & Tower w/o Radar,8,5,2,0,15,0,6,33,0,39,8,11,35,0,54,16,4,20,74
07/02/2018,HLN,MT,ANM,WE,Combination Non-Radar Approach Control & Tower w/o Radar,9,9,2,2,22,0,4,39,13,56,9,13,41,15,78,94,8,102,180
07/03/2018,HLN,MT,ANM,WE,Combination Non-Radar Approach Control & Tower w/o Radar,8,9,9,0,26,0,2,67,9,78,8,11,76,9,104,130,20,150,254
07/04/2018,HLN,MT,ANM,WE,Combination Non-Radar Approach Control & Tower w/o Radar,9,5,3,0,17,0,4,69,2,75,9,9,72,2,92,14,0,14,106
07/05/2018,HLN,MT,ANM,WE,Combination Non-Radar Approach Control & Tower w/o Radar,7,10,7,0,24,0,6,67,0,73,7,16,74,0,97,56,0,56,153
07/06/2018,HLN,MT,ANM,WE,Combination Non-Radar Approach Control & Tower w/o Radar,8,11,2,0,21,0,3,40,2,45,8,14,42,2,66,104,0,104,170
07/07/2018,HLN,MT,ANM,WE,Combination Non-Radar Approach Control & Tower w/o Radar,10,7,0,0,17,0,0,37,0,37,10,7,37,0,54,128,0,128,182
07/08/2018,HLN,MT,ANM,WE,Combination Non-Radar Approach Control & Tower w/o Radar,9,6,5,0,20,0,0,32,2,34,9,6,37,2,54,6,0,6,60
07/09/2018,HLN,MT,ANM,WE,Combination Non-Radar Approach Control & Tower w/o Radar,7,10,1,2,20,0,0,74,10,84,7,10,75,12,104,86,8,94,198
07/10/2018,HLN,MT,ANM,WE,Combination Non-Radar Approach Control & Tower w/o Radar,7,8,8,3,26,0,3,41,14,58,7,11,49,17,84,40,10,50,134
07/11/2018,HLN,MT,ANM,WE,Combination Non-Radar Approach Control & Tower w/o Radar,5,14,4,3,26,0,0,75,15,90,5,14,79,18,116,102,6,108,224
07/12/2018,HLN,MT,ANM,WE,Combination Non-Radar Approach Control & Tower w/o Radar,3,15,4,4,26,0,1,91,17,109,3,16,95,21,135,110,6,116,251
07/13/2018,HLN,MT,ANM,WE,Combination Non-Radar Approach Control & Tower w/o Radar,6,10,1,2,19,0,2,52,5,59,6,12,53,7,78,92,0,92,170
07/14/2018,HLN,MT,ANM,WE,Combination Non-Radar Approach Control & Tower w/o Radar,8,9,3,0,20,0,3,44,7,54,8,12,47,7,74,70,0,70,144
07/15/2018,HLN,MT,ANM,WE,Combination Non-Radar Approach Control & Tower w/o Radar,7,16,5,0,28,0,0,68,0,68,7,16,73,0,96,117,0,117,213
07/16/2018,HLN,MT,ANM,WE,Combination Non-Radar Approach Control & Tower w/o Radar,5,10,3,0,18,0,2,55,14,71,5,12,58,14,89,122,16,138,227
07/17/2018,HLN,MT,ANM,WE,Combination Non-Radar Approach Control & Tower w/o Radar,7,9,6,4,26,0,2,50,11,63,7,11,56,15,89,113,0,113,202
07/18/2018,HLN,MT,ANM,WE,Combination Non-Radar Approach Control & Tower w/o Radar,8,9,7,2,26,0,11,50,0,61,8,20,57,2,87,96,0,96,183
07/19/2018,HLN,MT,ANM,WE,Combination Non-Radar Approach Control & Tower w/o Radar,8,9,4,1,22,0,5,58,13,76,8,14,62,14,98,118,0,118,216
07/20/2018,HLN,MT,ANM,WE,Combination Non-Radar Approach Control & Tower w/o Radar,6,17,12,0,35,0,2,88,17,107,6,19,100,17,142,60,0,60,202
07/21/2018,HLN,MT,ANM,WE,Combination Non-Radar Approach Control & Tower w/o Radar,8,8,1,0,17,0,4,52,0,56,8,12,53,0,73,40,0,40,113
07/22/2018,HLN,MT,ANM,WE,Combination Non-Radar Approach Control & Tower w/o Radar,7,6,7,0,20,0,11,42,0,53,7,17,49,0,73,54,0,54,127
07/23/2018,HLN,MT,ANM,WE,Combination Non-Radar Approach Control & Tower w/o Radar,6,11,2,0,19,0,1,44,21,66,6,12,46,21,85,68,16,84,169
07/24/2018,HLN,MT,ANM,WE,Combination Non-Radar Approach Control & Tower w/o Radar,7,8,3,4,22,0,4,54,23,81,7,12,57,27,103,158,2,160,263
07/25/2018,HLN,MT,ANM,WE,Combination Non-Radar Approach Control & Tower w/o Radar,5,12,7,2,26,0,2,57,20,79,5,14,64,22,105,44,6,50,155
07/26/2018,HLN,MT,ANM,WE,Combination Non-Radar Approach Control & Tower w/o Radar,7,13,9,1,30,0,16,78,12,106,7,29,87,13,136,96,0,96,232
07/27/2018,HLN,MT,ANM,WE,Combination Non-Radar Approach Control & Tower w/o Radar,5,15,6,1,27,0,8,31,8,47,5,23,37,9,74,36,0,36,110
07/28/2018,HLN,MT,ANM,WE,Combination Non-Radar Approach Control & Tower w/o Radar,9,6,3,0,18,0,5,58,0,63,9,11,61,0,81,74,0,74,155
07/29/2018,HLN,MT,ANM,WE,Combination Non-Radar Approach Control & Tower w/o Radar,7,6,2,0,15,0,0,39,1,40,7,6,41,1,55,22,0,22,77
07/30/2018,HLN,MT,ANM,WE,Combination Non-Radar Approach Control & Tower w/o Radar,6,7,7,4,24,0,10,75,6,91,6,17,82,10,115,52,16,68,183
07/31/2018,HLN,MT,ANM,WE,Combination Non-Radar Approach Control & Tower w/o Radar,7,8,6,2,23,0,3,67,14,84,7,11,73,16,107,72,4,76,183
08/01/2018,HLN,MT,ANM,WE,Combination Non-Radar Approach Control & Tower w/o Radar,6,11,2,3,22,0,5,87,12,104,6,16,89,15,126,130,6,136,262
08/02/2018,HLN,MT,ANM,WE,Combination Non-Radar Approach Control & Tower w/o Radar,7,11,10,0,28,0,6,63,15,84,7,17,73,15,112,66,4,70,182
08/03/2018,HLN,MT,ANM,WE,Combination Non-Radar Approach Control & Tower w/o Radar,8,15,5,0,28,0,9,60,12,81,8,24,65,12,109,62,4,66,175
08/04/2018,HLN,MT,ANM,WE,Combination Non-Radar Approach Control & Tower w/o Radar,8,8,1,0,17,0,0,73,10,83,8,8,74,10,100,46,6,52,152
08/05/2018,HLN,MT,ANM,WE,Combination Non-Radar Approach Control & Tower w/o Radar,6,14,4,2,26,0,0,42,3,45,6,14,46,5,71,30,0,30,101
08/06/2018,HLN,MT,ANM,WE,Combination Non-Radar Approach Control & Tower w/o Radar,8,5,4,2,19,1,2,62,14,79,9,7,66,16,98,120,6,126,224
08/07/2018,HLN,MT,ANM,WE,Combination Non-Radar Approach Control & Tower w/o Radar,5,11,7,1,24,0,10,72,17,99,5,21,79,18,123,124,0,124,247
08/08/2018,HLN,MT,ANM,WE,Combination Non-Radar Approach Control & Tower w/o Radar,8,8,4,0,20,0,5,44,3,52,8,13,48,3,72,30,10,40,112
08/09/2018,HLN,MT,ANM,WE,Combination Non-Radar Approach Control & Tower w/o Radar,8,6,4,2,20,0,3,65,15,83,8,9,69,17,103,74,10,84,187
08/10/2018,HLN,MT,ANM,WE,Combination Non-Radar Approach Control & Tower w/o Radar,7,16,2,2,27,0,7,51,8,66,7,23,53,10,93,86,0,86,179
08/11/2018,HLN,MT,ANM,WE,Combination Non-Radar Approach Control & Tower w/o Radar,7,10,0,0,17,0,4,47,2,53,7,14,47,2,70,42,0,42,112
08/12/2018,HLN,MT,ANM,WE,Combination Non-Radar Approach Control & Tower w/o Radar,6,11,5,0,22,14,60,78,0,152,20,71,83,0,174,72,0,72,246
08/13/2018,HLN,MT,ANM,WE,Combination Non-Radar Approach Control & Tower w/o Radar,6,10,5,0,21,2,14,76,4,96,8,24,81,4,117,136,6,142,259
08/14/2018,HLN,MT,ANM,WE,Combination Non-Radar Approach Control & Tower w/o Radar,6,9,12,0,27,0,19,55,9,83,6,28,67,9,110,132,6,138,248
08/15/2018,HLN,MT,ANM,WE,Combination Non-Radar Approach Control & Tower w/o Radar,6,10,10,0,26,0,34,66,6,106,6,44,76,6,132,128,0,128,260
08/16/2018,HLN,MT,ANM,WE,Combination Non-Radar Approach Control & Tower w/o Radar,6,7,6,3,22,0,15,50,15,80,6,22,56,18,102,146,8,154,256
08/17/2018,HLN,MT,ANM,WE,Combination Non-Radar Approach Control & Tower w/o Radar,8,8,5,1,22,1,14,39,7,61,9,22,44,8,83,120,0,120,203
08/18/2018,HLN,MT,ANM,WE,Combination Non-Radar Approach Control & Tower w/o Radar,8,9,3,1,21,0,6,34,5,45,8,15,37,6,66,28,0,28,94
08/19/2018,HLN,MT,ANM,WE,Combination Non-Radar Approach Control & Tower w/o Radar,9,7,11,2,29,0,1,5,0,6,9,8,16,2,35,22,0,22,57
08/20/2018,HLN,MT,ANM,WE,Combination Non-Radar Approach Control & Tower w/o Radar,7,9,12,2,30,0,2,17,5,24,7,11,29,7,54,66,0,66,120
08/21/2018,HLN,MT,ANM,WE,Combination Non-Radar Approach Control & Tower w/o Radar,8,7,8,4,27,0,2,30,6,38,8,9,38,10,65,154,0,154,219
08/22/2018,HLN,MT,ANM,WE,Combination Non-Radar Approach Control & Tower w/o Radar,5,12,16,4,37,0,2,39,14,55,5,14,55,18,92,116,0,116,208
08/23/2018,HLN,MT,ANM,WE,Combination Non-Radar Approach Control & Tower w/o Radar,4,13,10,4,31,0,4,50,17,71,4,17,60,21,102,62,18,80,182
08/24/2018,HLN,MT,ANM,WE,Combination Non-Radar Approach Control & Tower w/o Radar,6,18,4,2,30,1,3,39,7,50,7,21,43,9,80,120,12,132,212
08/25/2018,HLN,MT,ANM,WE,Combination Non-Radar Approach Control & Tower w/o Radar,7,9,3,1,20,4,8,60,3,75,11,17,63,4,95,70,0,70,165
08/26/2018,HLN,MT,ANM,WE,Combination Non-Radar Approach Control & Tower w/o Radar,4,7,6,1,18,0,2,23,1,26,4,9,29,2,44,8,0,8,52
08/27/2018,HLN,MT,ANM,WE,Combination Non-Radar Approach Control & Tower w/o Radar,4,11,7,2,24,0,0,14,3,17,4,11,21,5,41,44,0,44,85
08/28/2018,HLN,MT,ANM,WE,Combination Non-Radar Approach Control & Tower w/o Radar,7,6,5,2,20,0,10,59,2,71,7,16,64,4,91,68,4,72,163
08/29/2018,HLN,MT,ANM,WE,Combination Non-Radar Approach Control & Tower w/o Radar,7,12,10,1,30,0,10,72,7,89,7,22,82,8,119,188,6,194,313
08/30/2018,HLN,MT,ANM,WE,Combination Non-Radar Approach Control & Tower w/o Radar,4,13,8,6,31,0,1,46,14,61,4,14,54,20,92,76,12,88,180
08/31/2018,HLN,MT,ANM,WE,Combination Non-Radar Approach Control & Tower w/o Radar,4,14,5,1,24,0,5,52,6,63,4,19,57,7,87,110,6,116,203
09/01/2018,HLN,MT,ANM,WE,Combination Non-Radar Approach Control & Tower w/o Radar,7,9,5,0,21,0,0,29,0,29,7,9,34,0,50,6,0,6,56
09/02/2018,HLN,MT,ANM,WE,Combination Non-Radar Approach Control & Tower w/o Radar,3,4,3,0,10,0,4,42,1,47,3,8,45,1,57,4,0,4,61
09/03/2018,HLN,MT,ANM,WE,Combination Non-Radar Approach Control & Tower w/o Radar,4,10,1,0,15,0,6,52,0,58,4,16,53,0,73,42,0,42,115
09/04/2018,HLN,MT,ANM,WE,Combination Non-Radar Approach Control & Tower w/o Radar,9,5,4,1,19,0,4,46,9,59,9,9,50,10,78,60,0,60,138
09/05/2018,HLN,MT,ANM,WE,Combination Non-Radar Approach Control & Tower w/o Radar,6,13,3,0,22,0,7,80,8,95,6,20,83,8,117,114,2,116,233
09/06/2018,HLN,MT,ANM,WE,Combination Non-Radar Approach Control & Tower w/o Radar,5,13,2,1,21,0,6,78,11,95,5,19,80,12,116,80,0,80,196
09/07/2018,HLN,MT,ANM,WE,Combination Non-Radar Approach Control & Tower w/o Radar,4,13,2,0,19,0,5,50,15,70,4,18,52,15,89,88,2,90,179
09/08/2018,HLN,MT,ANM,WE,Combination Non-Radar Approach Control & Tower w/o Radar,6,10,2,0,18,0,7,72,0,79,6,17,74,0,97,32,0,32,129
09/09/2018,HLN,MT,ANM,WE,Combination Non-Radar Approach Control & Tower w/o Radar,4,9,4,0,17,0,4,42,1,47,4,13,46,1,64,22,0,22,86
09/10/2018,HLN,MT,ANM,WE,Combination Non-Radar Approach Control & Tower w/o Radar,5,8,2,0,15,0,9,43,3,55,5,17,45,3,70,96,0,96,166
09/11/2018,HLN,MT,ANM,WE,Combination Non-Radar Approach Control & Tower w/o Radar,6,10,9,0,25,0,7,66,14,87,6,17,75,14,112,114,6,120,232
09/12/2018,HLN,MT,ANM,WE,Combination Non-Radar Approach Control & Tower w/o Radar,5,14,6,0,25,0,2,45,19,66,5,16,51,19,91,114,16,130,221
09/13/2018,HLN,MT,ANM,WE,Combination Non-Radar Approach Control & Tower w/o Radar,6,10,9,0,25,0,0,20,10,30,6,10,29,10,55,102,2,104,159
09/14/2018,HLN,MT,ANM,WE,Combination Non-Radar Approach Control & Tower w/o Radar,5,12,7,0,24,0,13,101,32,146,5,25,108,32,170,78,22,100,270
09/15/2018,HLN,MT,ANM,WE,Combination Non-Radar Approach Control & Tower w/o Radar,8,6,6,0,20,0,5,44,25,74,8,11,50,25,94,16,0,16,110
09/16/2018,HLN,MT,ANM,WE,Combination Non-Radar Approach Control & Tower w/o Radar,5,8,3,0,16,0,0,37,6,43,5,8,40,6,59,26,0,26,85
09/17/2018,HLN,MT,ANM,WE,Combination Non-Radar Approach Control & Tower w/o Radar,4,10,8,2,24,0,2,67,14,83,4,12,75,16,107,76,12,88,195
09/18/2018,HLN,MT,ANM,WE,Combination Non-Radar Approach Control & Tower w/o Radar,8,7,4,1,20,1,6,48,9,64,9,13,52,10,84,52,2,54,138
09/19/2018,HLN,MT,ANM,WE,Combination Non-Radar Approach Control & Tower w/o Radar,5,14,11,2,32,0,1,17,15,33,5,15,28,17,65,64,28,92,157
09/20/2018,HLN,MT,ANM,WE,Combination Non-Radar Approach Control & Tower w/o Radar,5,7,7,1,20,0,3,56,10,69,5,10,63,11,89,44,14,58,147
09/21/2018,HLN,MT,ANM,WE,Combination Non-Radar Approach Control & Tower w/o Radar,5,12,9,1,27,0,5,84,17,106,5,17,93,18,133,78,2,80,213
09/22/2018,HLN,MT,ANM,WE,Combination Non-Radar Approach Control & Tower w/o Radar,8,6,4,0,18,0,1,74,0,75,8,7,78,0,93,110,0,110,203
09/23/2018,HLN,MT,ANM,WE,Combination Non-Radar Approach Control & Tower w/o Radar,5,9,6,0,20,0,2,26,3,31,5,11,32,3,51,86,0,86,137
09/24/2018,HLN,MT,ANM,WE,Combination Non-Radar Approach Control & Tower w/o Radar,6,10,5,3,24,0,1,31,4,36,6,11,36,7,60,78,2,80,140
09/25/2018,HLN,MT,ANM,WE,Combination Non-Radar Approach Control & Tower w/o Radar,6,8,7,0,21,0,0,54,6,60,6,8,61,6,81,66,2,68,149
09/26/2018,HLN,MT,ANM,WE,Combination Non-Radar Approach Control & Tower w/o Radar,6,14,2,0,22,0,3,45,11,59,6,17,47,11,81,68,0,68,149
09/27/2018,HLN,MT,ANM,WE,Combination Non-Radar Approach Control & Tower w/o Radar,4,10,10,7,31,0,1,32,12,45,4,11,42,19,76,44,10,54,130
09/28/2018,HLN,MT,ANM,WE,Combination Non-Radar Approach Control & Tower w/o Radar,4,18,9,0,31,0,7,27,17,51,4,25,36,17,82,68,2,70,152
09/29/2018,HLN,MT,ANM,WE,Combination Non-Radar Approach Control & Tower w/o Radar,8,8,3,0,19,0,0,20,0,20,8,8,23,0,39,52,0,52,91
09/30/2018,HLN,MT,ANM,WE,Combination Non-Radar Approach Control & Tower w/o Radar,3,10,1,0,14,0,0,0,0,0,3,10,1,0,14,14,0,14,28
10/01/2018,HLN,MT,ANM,WE,Combination Non-Radar Approach Control & Tower w/o Radar,4,14,5,0,23,0,0,36,7,43,4,14,41,7,66,74,6,80,146
10/02/2018,HLN,MT,ANM,WE,Combination Non-Radar Approach Control & Tower w/o Radar,6,6,7,2,21,0,2,24,13,39,6,8,31,15,60,44,16,60,120
10/03/2018,HLN,MT,ANM,WE,Combination Non-Radar Approach Control & Tower w/o Radar,3,9,9,4,25,0,1,44,10,55,3,10,53,14,80,110,10,120,200
10/04/2018,HLN,MT,ANM,WE,Combination Non-Radar Approach Control & Tower w/o Radar,5,12,10,4,31,0,4,25,12,41,5,16,35,16,72,134,44,178,250
10/05/2018,HLN,MT,ANM,WE,Combination Non-Radar Approach Control & Tower w/o Radar,4,10,7,8,29,0,5,48,15,68,4,15,55,23,97,112,2,114,211
10/06/2018,HLN,MT,ANM,WE,Combination Non-Radar Approach Control & Tower w/o Radar,7,8,3,2,20,0,2,40,0,42,7,10,43,2,62,60,0,60,122
10/07/2018,HLN,MT,ANM,WE,Combination Non-Radar Approach Control & Tower w/o Radar,4,9,1,0,14,0,0,40,0,40,4,9,41,0,54,56,0,56,110
10/08/2018,HLN,MT,ANM,WE,Combination Non-Radar Approach Control & Tower w/o Radar,4,8,3,0,15,0,3,44,0,47,4,11,47,0,62,60,0,60,122
10/09/2018,HLN,MT,ANM,WE,Combination Non-Radar Approach Control & Tower w/o Radar,5,11,10,0,26,0,0,0,0,0,5,11,10,0,26,0,0,0,26
10/10/2018,HLN,MT,ANM,WE,Combination Non-Radar Approach Control & Tower w/o Radar,5,13,6,0,24,0,0,24,6,30,5,13,30,6,54,80,0,80,134
10/11/2018,HLN,MT,ANM,WE,Combination Non-Radar Approach Control & Tower w/o Radar,5,12,7,3,27,1,2,43,24,70,6,14,50,27,97,56,32,88,185
10/12/2018,HLN,MT,ANM,WE,Combination Non-Radar Approach Control & Tower w/o Radar,4,17,7,6,34,0,6,58,15,79,4,23,65,21,113,66,4,70,183
10/13/2018,HLN,MT,ANM,WE,Combination Non-Radar Approach Control & Tower w/o Radar,6,10,1,0,17,0,0,6,18,24,6,10,7,18,41,30,0,30,71
10/14/2018,HLN,MT,ANM,WE,Combination Non-Radar Approach Control & Tower w/o Radar,4,9,4,2,19,0,0,42,3,45,4,9,46,5,64,74,0,74,138
10/15/2018,HLN,MT,ANM,WE,Combination Non-Radar Approach Control & Tower w/o Radar,4,8,6,0,18,0,5,30,4,39,4,13,36,4,57,22,0,22,79
10/16/2018,HLN,MT,ANM,WE,Combination Non-Radar Approach Control & Tower w/o Radar,4,12,6,2,24,0,16,91,14,121,4,28,97,16,145,84,4,88,233
10/17/2018,HLN,MT,ANM,WE,Combination Non-Radar Approach Control & Tower w/o Radar,5,15,8,2,30,0,2,90,1,93,5,17,98,3,123,52,10,62,185
10/18/2018,HLN,MT,ANM,WE,Combination Non-Radar Approach Control & Tower w/o Radar,5,10,8,0,23,0,5,64,9,78,5,15,72,9,101,80,2,82,183
10/19/2018,HLN,MT,ANM,WE,Combination Non-Radar Approach Control & Tower w/o Radar,6,18,7,0,31,0,3,87,6,96,6,21,94,6,127,96,0,96,223
10/20/2018,HLN,MT,ANM,WE,Combination Non-Radar Approach Control & Tower w/o Radar,6,10,2,0,18,0,3,36,2,41,6,13,38,2,59,64,0,64,123
10/21/2018,HLN,MT,ANM,WE,Combination Non-Radar Approach Control & Tower w/o Radar,4,10,6,1,21,0,0,45,2,47,4,10,51,3,68,38,2,40,108
10/22/2018,HLN,MT,ANM,WE,Combination Non-Radar Approach Control & Tower w/o Radar,2,13,5,0,20,0,2,54,7,63,2,15,59,7,83,84,2,86,169
10/23/2018,HLN,MT,ANM,WE,Combination Non-Radar Approach Control & Tower w/o Radar,6,10,2,2,20,0,6,54,10,70,6,16,56,12,90,80,4,84,174
10/24/2018,HLN,MT,ANM,WE,Combination Non-Radar Approach Control & Tower w/o Radar,7,12,5,0,24,0,5,45,6,56,7,17,50,6,80,60,4,64,144
10/25/2018,HLN,MT,ANM,WE,Combination Non-Radar Approach Control & Tower w/o Radar,4,13,8,2,27,0,9,55,17,81,4,22,63,19,108,54,6,60,168
10/26/2018,HLN,MT,ANM,WE,Combination Non-Radar Approach Control & Tower w/o Radar,3,13,3,0,19,0,3,34,16,53,3,16,37,16,72,52,6,58,130
10/27/2018,HLN,MT,ANM,WE,Combination Non-Radar Approach Control & Tower w/o Radar,6,7,2,0,15,0,0,20,2,22,6,7,22,2,37,44,0,44,81
10/28/2018,HLN,MT,ANM,WE,Combination Non-Radar Approach Control & Tower w/o Radar,5,6,0,0,11,0,0,32,0,32,5,6,32,0,43,38,0,38,81
10/29/2018,HLN,MT,ANM,WE,Combination Non-Radar Approach Control & Tower w/o Radar,5,10,4,1,20,0,0,34,8,42,5,10,38,9,62,68,4,72,134
10/30/2018,HLN,MT,ANM,WE,Combination Non-Radar Approach Control & Tower w/o Radar,7,6,12,0,25,0,2,45,12,59,7,8,57,12,84,86,8,94,178
10/31/2018,HLN,MT,ANM,WE,Combination Non-Radar Approach Control & Tower w/o Radar,4,13,8,0,25,0,0,23,2,25,4,13,31,2,50,96,0,96,146
11/01/2018,HLN,MT,ANM,WE,Combination Non-Radar Approach Control & Tower w/o Radar,4,11,2,0,17,0,1,31,18,50,4,12,33,18,67,80,16,96,163
11/02/2018,HLN,MT,ANM,WE,Combination Non-Radar Approach Control & Tower w/o Radar,5,10,7,8,30,0,2,9,18,29,5,12,16,26,59,22,14,36,95
11/03/2018,HLN,MT,ANM,WE,Combination Non-Radar Approach Control & Tower w/o Radar,6,7,0,0,13,0,0,20,11,31,6,7,20,11,44,96,6,102,146
11/04/2018,HLN,MT,ANM,WE,Combination Non-Radar Approach Control & Tower w/o Radar,4,9,0,0,13,0,0,7,0,7,4,9,7,0,20,20,0,20,40
11/05/2018,HLN,MT,ANM,WE,Combination Non-Radar Approach Control & Tower w/o Radar,5,11,2,0,18,0,1,21,12,34,5,12,23,12,52,84,8,92,144
11/06/2018,HLN,MT,ANM,WE,Combination Non-Radar Approach Control & Tower w/o Radar,8,7,4,0,19,0,0,9,5,14,8,7,13,5,33,74,6,80,113
11/07/2018,HLN,MT,ANM,WE,Combination Non-Radar Approach Control & Tower w/o Radar,5,16,10,2,33,0,1,4,0,5,5,17,14,2,38,6,0,6,44
11/08/2018,HLN,MT,ANM,WE,Combination Non-Radar Approach Control & Tower w/o Radar,2,20,4,2,28,0,2,47,4,53,2,22,51,6,81,112,0,112,193
11/09/2018,HLN,MT,ANM,WE,Combination Non-Radar Approach Control & Tower w/o Radar,4,12,6,2,24,0,1,43,4,48,4,13,49,6,72,142,4,146,218
11/10/2018,HLN,MT,ANM,WE,Combination Non-Radar Approach Control & Tower w/o Radar,6,8,0,0,14,0,0,18,0,18,6,8,18,0,32,30,0,30,62
11/11/2018,HLN,MT,ANM,WE,Combination Non-Radar Approach Control & Tower w/o Radar,6,8,6,0,20,0,0,10,0,10,6,8,16,0,30,28,0,28,58
11/12/2018,HLN,MT,ANM,WE,Combination Non-Radar Approach Control & Tower w/o Radar,5,8,1,0,14,0,4,68,1,73,5,12,69,1,87,78,0,78,165
11/13/2018,HLN,MT,ANM,WE,Combination Non-Radar Approach Control & Tower w/o Radar,5,9,9,2,25,0,4,67,7,78,5,13,76,9,103,146,0,146,249
11/14/2018,HLN,MT,ANM,WE,Combination Non-Radar Approach Control & Tower w/o Radar,3,15,10,2,30,0,7,65,20,92,3,22,75,22,122,164,8,172,294
11/15/2018,HLN,MT,ANM,WE,Combination Non-Radar Approach Control & Tower w/o Radar,4,16,8,2,30,0,7,61,13,81,4,23,69,15,111,142,14,156,267
11/16/2018,HLN,MT,ANM,WE,Combination Non-Radar Approach Control & Tower w/o Radar,4,17,8,1,30,0,2,6,2,10,4,19,14,3,40,22,18,40,80
11/17/2018,HLN,MT,ANM,WE,Combination Non-Radar Approach Control & Tower w/o Radar,5,12,10,0,27,0,2,30,3,35,5,14,40,3,62,112,0,112,174
11/18/2018,HLN,MT,ANM,WE,Combination Non-Radar Approach Control & Tower w/o Radar,4,9,2,0,15,0,4,39,1,44,4,13,41,1,59,66,0,66,125
11/19/2018,HLN,MT,ANM,WE,Combination Non-Radar Approach Control & Tower w/o Radar,4,12,2,3,21,0,6,61,29,96,4,18,63,32,117,88,20,108,225
11/20/2018,HLN,MT,ANM,WE,Combination Non-Radar Approach Control & Tower w/o Radar,3,13,5,1,22,0,12,72,27,111,3,25,77,28,133,96,6,102,235
11/21/2018,HLN,MT,ANM,WE,Combination Non-Radar Approach Control & Tower w/o Radar,9,8,0,0,17,0,4,67,6,77,9,12,67,6,94,74,16,90,184
11/22/2018,HLN,MT,ANM,WE,Combination Non-Radar Approach Control & Tower w/o Radar,6,4,0,0,10,0,0,31,0,31,6,4,31,0,41,40,0,40,81
11/23/2018,HLN,MT,ANM,WE,Combination Non-Radar Approach Control & Tower w/o Radar,6,7,1,0,14,0,2,29,0,31,6,9,30,0,45,72,0,72,117
11/24/2018,HLN,MT,ANM,WE,Combination Non-Radar Approach Control & Tower w/o Radar,9,12,0,0,21,0,1,10,0,11,9,13,10,0,32,34,0,34,66
11/25/2018,HLN,MT,ANM,WE,Combination Non-Radar Approach Control & Tower w/o Radar,9,9,3,0,21,0,1,36,0,37,9,10,39,0,58,90,0,90,148
11/26/2018,HLN,MT,ANM,WE,Combination Non-Radar Approach Control & Tower w/o Radar,5,9,1,2,17,0,2,55,23,80,5,11,56,25,97,126,4,130,227
11/27/2018,HLN,MT,ANM,WE,Combination Non-Radar Approach Control & Tower w/o Radar,6,13,8,0,27,0,2,31,17,50,6,15,39,17,77,66,42,108,185
11/28/2018,HLN,MT,ANM,WE,Combination Non-Radar Approach Control & Tower w/o Radar,4,14,10,0,28,0,3,36,15,54,4,17,46,15,82,64,8,72,154
11/29/2018,HLN,MT,ANM,WE,Combination Non-Radar Approach Control & Tower w/o Radar,3,17,12,0,32,0,5,60,10,75,3,22,72,10,107,92,10,102,209
11/30/2018,HLN,MT,ANM,WE,Combination Non-Radar Approach Control & Tower w/o Radar,6,16,7,4,33,0,5,29,26,60,6,21,36,30,93,24,12,36,129
12/01/2018,HLN,MT,ANM,WE,Combination Non-Radar Approach Control & Tower w/o Radar,8,7,2,0,17,0,0,5,4,9,8,7,7,4,26,32,0,32,58
12/02/2018,HLN,MT,ANM,WE,Combination Non-Radar Approach Control & Tower w/o Radar,2,10,2,0,14,0,0,13,0,13,2,10,15,0,27,34,0,34,61
12/03/2018,HLN,MT,ANM,WE,Combination Non-Radar Approach Control & Tower w/o Radar,4,10,3,1,18,0,0,11,13,24,4,10,14,14,42,36,0,36,78
12/04/2018,HLN,MT,ANM,WE,Combination Non-Radar Approach Control & Tower w/o Radar,7,10,7,1,25,0,1,43,9,53,7,11,50,10,78,52,6,58,136
12/05/2018,HLN,MT,ANM,WE,Combination Non-Radar Approach Control & Tower w/o Radar,5,13,9,0,27,0,2,37,0,39,5,15,46,0,66,80,0,80,146
12/06/2018,HLN,MT,ANM,WE,Combination Non-Radar Approach Control & Tower w/o Radar,5,13,3,2,23,0,5,44,14,63,5,18,47,16,86,56,12,68,154
12/07/2018,HLN,MT,ANM,WE,Combination Non-Radar Approach Control & Tower w/o Radar,7,15,5,2,29,0,10,45,31,86,7,25,50,33,115,36,22,58,173
12/08/2018,HLN,MT,ANM,WE,Combination Non-Radar Approach Control & Tower w/o Radar,4,11,1,0,16,0,6,31,6,43,4,17,32,6,59,46,0,46,105
12/09/2018,HLN,MT,ANM,WE,Combination Non-Radar Approach Control & Tower w/o Radar,3,10,0,2,15,0,2,40,0,42,3,12,40,2,57,56,0,56,113
12/10/2018,HLN,MT,ANM,WE,Combination Non-Radar Approach Control & Tower w/o Radar,4,10,7,2,23,0,1,36,4,41,4,11,43,6,64,86,8,94,158
12/11/2018,HLN,MT,ANM,WE,Combination Non-Radar Approach Control & Tower w/o Radar,5,16,12,2,35,0,2,61,8,71,5,18,73,10,106,92,20,112,218
12/12/2018,HLN,MT,ANM,WE,Combination Non-Radar Approach Control & Tower w/o Radar,4,17,9,3,33,0,0,12,5,17,4,17,21,8,50,0,18,18,68
12/13/2018,HLN,MT,ANM,WE,Combination Non-Radar Approach Control & Tower w/o Radar,4,14,8,0,26,0,4,36,19,59,4,18,44,19,85,58,26,84,169
12/14/2018,HLN,MT,ANM,WE,Combination Non-Radar Approach Control & Tower w/o Radar,4,18,6,0,28,0,10,47,10,67,4,28,53,10,95,100,10,110,205
12/15/2018,HLN,MT,ANM,WE,Combination Non-Radar Approach Control & Tower w/o Radar,5,8,0,0,13,0,7,27,1,35,5,15,27,1,48,52,0,52,100
12/16/2018,HLN,MT,ANM,WE,Combination Non-Radar Approach Control & Tower w/o Radar,4,8,1,1,14,0,0,39,0,39,4,8,40,1,53,58,0,58,111
12/17/2018,HLN,MT,ANM,WE,Combination Non-Radar Approach Control & Tower w/o Radar,5,12,5,1,23,0,6,45,7,58,5,18,50,8,81,90,8,98,179
12/18/2018,HLN,MT,ANM,WE,Combination Non-Radar Approach Control & Tower w/o Radar,9,13,8,0,30,0,3,11,3,17,9,16,19,3,47,30,0,30,77
12/19/2018,HLN,MT,ANM,WE,Combination Non-Radar Approach Control & Tower w/o Radar,7,15,6,0,28,0,2,18,5,25,7,17,24,5,53,16,4,20,73
12/20/2018,HLN,MT,ANM,WE,Combination Non-Radar Approach Control & Tower w/o Radar,7,10,3,2,22,0,6,57,24,87,7,16,60,26,109,130,2,132,241
12/21/2018,HLN,MT,ANM,WE,Combination Non-Radar Approach Control & Tower w/o Radar,9,10,2,2,23,0,2,28,23,53,9,12,30,25,76,24,26,50,126
12/22/2018,HLN,MT,ANM,WE,Combination Non-Radar Approach Control & Tower w/o Radar,9,7,2,0,18,0,1,36,0,37,9,8,38,0,55,84,0,84,139
12/23/2018,HLN,MT,ANM,WE,Combination Non-Radar Approach Control & Tower w/o Radar,5,8,2,0,15,0,0,27,0,27,5,8,29,0,42,72,0,72,114
12/24/2018,HLN,MT,ANM,WE,Combination Non-Radar Approach Control & Tower w/o Radar,5,8,1,0,14,0,1,4,0,5,5,9,5,0,19,0,0,0,19
12/25/2018,HLN,MT,ANM,WE,Combination Non-Radar Approach Control & Tower w/o Radar,4,10,0,0,14,0,0,3,0,3,4,10,3,0,17,0,0,0,17
12/26/2018,HLN,MT,ANM,WE,Combination Non-Radar Approach Control & Tower w/o Radar,6,17,4,0,27,0,3,32,0,35,6,20,36,0,62,44,0,44,106
12/27/2018,HLN,MT,ANM,WE,Combination Non-Radar Approach Control & Tower w/o Radar,7,21,1,0,29,0,1,3,4,8,7,22,4,4,37,10,0,10,47
12/28/2018,HLN,MT,ANM,WE,Combination Non-Radar Approach Control & Tower w/o Radar,13,8,7,0,28,0,7,33,2,42,13,15,40,2,70,72,8,80,150
12/29/2018,HLN,MT,ANM,WE,Combination Non-Radar Approach Control & Tower w/o Radar,11,9,3,0,23,0,1,9,0,10,11,10,12,0,33,34,0,34,67
12/30/2018,HLN,MT,ANM,WE,Combination Non-Radar Approach Control & Tower w/o Radar,6,10,0,0,16,0,0,0,0,0,6,10,0,0,16,0,0,0,16
12/31/2018,HLN,MT,ANM,WE,Combination Non-Radar Approach Control & Tower w/o Radar,7,10,4,0,21,0,0,22,0,22,7,10,26,0,43,44,0,44,87
01/01/2019,HLN,MT,ANM,WE,Combination Non-Radar Approach Control & Tower w/o Radar,6,5,0,0,11,0,0,8,0,8,6,5,8,0,19,24,0,24,43
01/02/2019,HLN,MT,ANM,WE,Combination Non-Radar Approach Control & Tower w/o Radar,5,14,5,2,26,0,4,33,19,56,5,18,38,21,82,116,2,118,200
01/03/2019,HLN,MT,ANM,WE,Combination Non-Radar Approach Control & Tower w/o Radar,7,9,7,4,27,0,7,51,26,84,7,16,58,30,111,134,18,152,263
01/04/2019,HLN,MT,ANM,WE,Combination Non-Radar Approach Control & Tower w/o Radar,7,15,2,1,25,0,3,56,38,97,7,18,58,39,122,118,18,136,258
01/05/2019,HLN,MT,ANM,WE,Combination Non-Radar Approach Control & Tower w/o Radar,8,7,4,0,19,0,17,40,18,75,8,24,44,18,94,40,2,42,136
01/06/2019,HLN,MT,ANM,WE,Combination Non-Radar Approach Control & Tower w/o Radar,5,7,1,0,13,0,0,3,0,3,5,7,4,0,16,0,0,0,16
01/07/2019,HLN,MT,ANM,WE,Combination Non-Radar Approach Control & Tower w/o Radar,6,7,3,0,16,0,1,0,2,3,6,8,3,2,19,0,0,0,19
01/08/2019,HLN,MT,ANM,WE,Combination Non-Radar Approach Control & Tower w/o Radar,5,16,4,0,25,0,6,48,28,82,5,22,52,28,107,110,24,134,241
01/09/2019,HLN,MT,ANM,WE,Combination Non-Radar Approach Control & Tower w/o Radar,5,11,8,3,27,0,14,54,11,79,5,25,62,14,106,66,26,92,198
01/10/2019,HLN,MT,ANM,WE,Combination Non-Radar Approach Control & Tower w/o Radar,8,7,4,4,23,0,3,41,22,66,8,10,45,26,89,28,18,46,135
01/11/2019,HLN,MT,ANM,WE,Combination Non-Radar Approach Control & Tower w/o Radar,11,13,12,2,38,0,3,52,11,66,11,16,64,13,104,86,10,96,200
01/12/2019,HLN,MT,ANM,WE,Combination Non-Radar Approach Control & Tower w/o Radar,5,9,2,0,16,0,1,53,0,54,5,10,55,0,70,74,0,74,144
01/13/2019,HLN,MT,ANM,WE,Combination Non-Radar Approach Control & Tower w/o Radar,6,8,3,1,18,0,0,31,0,31,6,8,34,1,49,60,0,60,109
01/14/2019,HLN,MT,ANM,WE,Combination Non-Radar Approach Control & Tower w/o Radar,8,9,2,2,21,0,3,48,30,81,8,12,50,32,102,54,24,78,180
01/15/2019,HLN,MT,ANM,WE,Combination Non-Radar Approach Control & Tower w/o Radar,8,10,9,1,28,0,2,48,14,64,8,12,57,15,92,76,38,114,206
01/16/2019,HLN,MT,ANM,WE,Combination Non-Radar Approach Control & Tower w/o Radar,7,12,5,5,29,0,2,40,19,61,7,14,45,24,90,57,36,93,183
01/17/2019,HLN,MT,ANM,WE,Combination Non-Radar Approach Control & Tower w/o Radar,7,14,11,2,34,0,0,6,16,22,7,14,17,18,56,26,24,50,106
01/18/2019,HLN,MT,ANM,WE,Combination Non-Radar Approach Control & Tower w/o Radar,7,12,2,0,21,0,2,22,22,46,7,14,24,22,67,52,30,82,149
01/19/2019,HLN,MT,ANM,WE,Combination Non-Radar Approach Control & Tower w/o Radar,7,7,2,0,16,0,0,30,0,30,7,7,32,0,46,50,0,50,96
01/20/2019,HLN,MT,ANM,WE,Combination Non-Radar Approach Control & Tower w/o Radar,8,5,1,0,14,0,0,3,0,3,8,5,4,0,17,6,0,6,23
01/21/2019,HLN,MT,ANM,WE,Combination Non-Radar Approach Control & Tower w/o Radar,10,9,6,0,25,0,0,9,0,9,10,9,15,0,34,68,0,68,102
01/22/2019,HLN,MT,ANM,WE,Combination Non-Radar Approach Control & Tower w/o Radar,8,9,7,0,24,0,3,34,26,63,8,12,41,26,87,42,6,48,135
01/23/2019,HLN,MT,ANM,WE,Combination Non-Radar Approach Control & Tower w/o Radar,8,13,6,0,27,0,0,2,2,4,8,13,8,2,31,4,0,4,35
01/24/2019,HLN,MT,ANM,WE,Combination Non-Radar Approach Control & Tower w/o Radar,8,9,5,0,22,0,0,21,20,41,8,9,26,20,63,38,20,58,121
01/25/2019,HLN,MT,ANM,WE,Combination Non-Radar Approach Control & Tower w/o Radar,5,13,5,0,23,0,0,21,14,35,5,13,26,14,58,74,18,92,150
01/26/2019,HLN,MT,ANM,WE,Combination Non-Radar Approach Control & Tower w/o Radar,9,6,0,0,15,0,4,42,4,50,9,10,42,4,65,50,4,54,119
01/27/2019,HLN,MT,ANM,WE,Combination Non-Radar Approach Control & Tower w/o Radar,6,5,0,0,11,0,0,1,0,1,6,5,1,0,12,6,0,6,18
01/28/2019,HLN,MT,ANM,WE,Combination Non-Radar Approach Control & Tower w/o Radar,6,9,4,1,20,0,4,40,13,57,6,13,44,14,77,54,0,54,131
01/29/2019,HLN,MT,ANM,WE,Combination Non-Radar Approach Control & Tower w/o Radar,8,11,12,4,35,0,6,66,16,88,8,17,78,20,123,116,4,120,243
01/30/2019,HLN,MT,ANM,WE,Combination Non-Radar Approach Control & Tower w/o Radar,4,11,9,1,25,0,3,18,9,30,4,14,27,10,55,48,4,52,107
01/31/2019,HLN,MT,ANM,WE,Combination Non-Radar Approach Control & Tower w/o Radar,8,14,10,1,33,0,10,39,16,65,8,24,49,17,98,90,0,90,188
02/01/2019,HLN,MT,ANM,WE,Combination Non-Radar Approach Control & Tower w/o Radar,9,9,3,0,21,0,7,55,21,83,9,16,58,21,104,104,4,108,212
02/02/2019,HLN,MT,ANM,WE,Combination Non-Radar Approach Control & Tower w/o Radar,7,7,0,0,14,0,1,32,2,35,7,8,32,2,49,108,0,108,157
02/03/2019,HLN,MT,ANM,WE,Combination Non-Radar Approach Control & Tower w/o Radar,6,2,0,0,8,0,0,0,0,0,6,2,0,0,8,0,0,0,8
02/04/2019,HLN,MT,ANM,WE,Combination Non-Radar Approach Control & Tower w/o Radar,9,8,10,1,28,0,0,0,6,6,9,8,10,7,34,0,0,0,34
02/05/2019,HLN,MT,ANM,WE,Combination Non-Radar Approach Control & Tower w/o Radar,7,12,3,1,23,0,0,10,8,18,7,12,13,9,41,56,10,66,107
02/06/2019,HLN,MT,ANM,WE,Combination Non-Radar Approach Control & Tower w/o Radar,10,5,2,1,18,0,0,10,12,22,10,5,12,13,40,36,22,58,98
02/07/2019,HLN,MT,ANM,WE,Combination Non-Radar Approach Control & Tower w/o Radar,5,10,7,0,22,0,1,33,20,54,5,11,40,20,76,92,6,98,174
02/08/2019,HLN,MT,ANM,WE,Combination Non-Radar Approach Control & Tower w/o Radar,8,11,5,0,24,0,0,3,0,3,8,11,8,0,27,12,0,12,39
02/09/2019,HLN,MT,ANM,WE,Combination Non-Radar Approach Control & Tower w/o Radar,8,6,1,0,15,0,0,0,0,0,8,6,1,0,15,0,0,0,15
02/10/2019,HLN,MT,ANM,WE,Combination Non-Radar Approach Control & Tower w/o Radar,5,9,1,2,17,0,0,5,0,5,5,9,6,2,22,22,0,22,44
02/11/2019,HLN,MT,ANM,WE,Combination Non-Radar Approach Control & Tower w/o Radar,8,10,3,2,23,0,3,22,14,39,8,13,25,16,62,34,4,38,100
02/12/2019,HLN,MT,ANM,WE,Combination Non-Radar Approach Control & Tower w/o Radar,3,11,9,2,25,0,6,33,16,55,3,17,42,18,80,114,10,124,204
02/13/2019,HLN,MT,ANM,WE,Combination Non-Radar Approach Control & Tower w/o Radar,4,12,6,0,22,0,1,4,0,5,4,13,10,0,27,40,0,40,67
02/14/2019,HLN,MT,ANM,WE,Combination Non-Radar Approach Control & Tower w/o Radar,8,10,3,0,21,0,1,20,1,22,8,11,23,1,43,96,0,96,139
02/15/2019,HLN,MT,ANM,WE,Combination Non-Radar Approach Control & Tower w/o Radar,10,8,3,0,21,0,1,16,5,22,10,9,19,5,43,22,22,44,87
02/16/2019,HLN,MT,ANM,WE,Combination Non-Radar Approach Control & Tower w/o Radar,4,6,2,0,12,0,2,14,0,16,4,8,16,0,28,18,0,18,46
02/17/2019,HLN,MT,ANM,WE,Combination Non-Radar Approach Control & Tower w/o Radar,4,9,2,0,15,0,2,6,0,8,4,11,8,0,23,40,0,40,63
02/18/2019,HLN,MT,ANM,WE,Combination Non-Radar Approach Control & Tower w/o Radar,5,12,5,0,22,0,2,16,0,18,5,14,21,0,40,34,0,34,74
02/19/2019,HLN,MT,ANM,WE,Combination Non-Radar Approach Control & Tower w/o Radar,7,12,9,1,29,0,1,20,13,34,7,13,29,14,63,62,32,94,157
02/20/2019,HLN,MT,ANM,WE,Combination Non-Radar Approach Control & Tower w/o Radar,8,13,7,0,28,0,3,24,11,38,8,16,31,11,66,82,18,100,166
02/21/2019,HLN,MT,ANM,WE,Combination Non-Radar Approach Control & Tower w/o Radar,8,7,9,2,26,0,1,36,13,50,8,8,45,15,76,46,24,70,146
02/22/2019,HLN,MT,ANM,WE,Combination Non-Radar Approach Control & Tower w/o Radar,7,10,3,1,21,0,10,73,12,95,7,20,76,13,116,82,6,88,204
02/23/2019,HLN,MT,ANM,WE,Combination Non-Radar Approach Control & Tower w/o Radar,13,6,0,1,20,0,0,6,2,8,13,6,6,3,28,8,0,8,36
02/24/2019,HLN,MT,ANM,WE,Combination Non-Radar Approach Control & Tower w/o Radar,5,7,0,0,12,0,0,0,0,0,5,7,0,0,12,0,0,0,12
02/25/2019,HLN,MT,ANM,WE,Combination Non-Radar Approach Control & Tower w/o Radar,7,5,4,0,16,0,0,0,0,0,7,5,4,0,16,0,0,0,16
02/26/2019,HLN,MT,ANM,WE,Combination Non-Radar Approach Control & Tower w/o Radar,6,9,12,0,27,0,0,16,15,31,6,9,28,15,58,2,38,40,98
02/27/2019,HLN,MT,ANM,WE,Combination Non-Radar Approach Control & Tower w/o Radar,5,15,8,2,30,0,0,0,0,0,5,15,8,2,30,0,0,0,30
02/28/2019,HLN,MT,ANM,WE,Combination Non-Radar Approach Control & Tower w/o Radar,8,14,4,3,29,0,1,4,4,9,8,15,8,7,38,0,14,14,52
03/01/2019,HLN,MT,ANM,WE,Combination Non-Radar Approach Control & Tower w/o Radar,7,10,5,2,24,0,0,3,0,3,7,10,8,2,27,2,0,2,29
03/02/2019,HLN,MT,ANM,WE,Combination Non-Radar Approach Control & Tower w/o Radar,8,5,2,0,15,0,0,6,3,9,8,5,8,3,24,58,0,58,82
03/03/2019,HLN,MT,ANM,WE,Combination Non-Radar Approach Control & Tower w/o Radar,8,5,2,0,15,0,0,4,1,5,8,5,6,1,20,26,0,26,46
03/04/2019,HLN,MT,ANM,WE,Combination Non-Radar Approach Control & Tower w/o Radar,7,11,8,0,26,0,5,11,9,25,7,16,19,9,51,0,24,24,75
03/05/2019,HLN,MT,ANM,WE,Combination Non-Radar Approach Control & Tower w/o Radar,11,7,4,0,22,0,2,24,13,39,11,9,28,13,61,20,48,68,129
03/06/2019,HLN,MT,ANM,WE,Combination Non-Radar Approach Control & Tower w/o Radar,5,17,3,1,26,0,1,2,0,3,5,18,5,1,29,10,0,10,39
03/07/2019,HLN,MT,ANM,WE,Combination Non-Radar Approach Control & Tower w/o Radar,10,13,8,1,32,0,1,27,16,44,10,14,35,17,76,20,12,32,108
03/08/2019,HLN,MT,ANM,WE,Combination Non-Radar Approach Control & Tower w/o Radar,8,15,1,2,26,0,2,18,9,29,8,17,19,11,55,50,2,52,107
03/09/2019,HLN,MT,ANM,WE,Combination Non-Radar Approach Control & Tower w/o Radar,6,11,6,0,23,0,2,46,0,48,6,13,52,0,71,58,0,58,129
03/10/2019,HLN,MT,ANM,WE,Combination Non-Radar Approach Control & Tower w/o Radar,4,13,1,0,18,2,0,41,0,43,6,13,42,0,61,56,0,56,117
03/11/2019,HLN,MT,ANM,WE,Combination Non-Radar Approach Control & Tower w/o Radar,5,12,3,4,24,8,12,46,10,76,13,24,49,14,100,46,0,46,146
03/12/2019,HLN,MT,ANM,WE,Combination Non-Radar Approach Control & Tower w/o Radar,6,13,2,4,25,0,5,31,15,51,6,18,33,19,76,78,24,102,178
03/13/2019,HLN,MT,ANM,WE,Combination Non-Radar Approach Control & Tower w/o Radar,6,12,13,2,33,0,0,9,5,14,6,12,22,7,47,36,26,62,109
03/14/2019,HLN,MT,ANM,WE,Combination Non-Radar Approach Control & Tower w/o Radar,10,4,4,0,18,0,3,57,14,74,10,7,61,14,92,50,22,72,164
03/15/2019,HLN,MT,ANM,WE,Combination Non-Radar Approach Control & Tower w/o Radar,9,9,4,1,23,0,6,58,17,81,9,15,62,18,104,140,8,148,252
03/16/2019,HLN,MT,ANM,WE,Combination Non-Radar Approach Control & Tower w/o Radar,9,7,2,1,19,0,5,43,2,50,9,12,45,3,69,80,0,80,149
03/17/2019,HLN,MT,ANM,WE,Combination Non-Radar Approach Control & Tower w/o Radar,6,8,2,0,16,0,0,44,0,44,6,8,46,0,60,130,0,130,190
03/18/2019,HLN,MT,ANM,WE,Combination Non-Radar Approach Control & Tower w/o Radar,4,6,2,2,14,0,2,50,8,60,4,8,52,10,74,90,0,90,164
03/19/2019,HLN,MT,ANM,WE,Combination Non-Radar Approach Control & Tower w/o Radar,9,11,12,1,33,0,3,35,24,62,9,14,47,25,95,50,18,68,163
03/20/2019,HLN,MT,ANM,WE,Combination Non-Radar Approach Control & Tower w/o Radar,9,12,18,0,39,0,2,70,8,80,9,14,88,8,119,114,4,118,237
03/21/2019,HLN,MT,ANM,WE,Combination Non-Radar Approach Control & Tower w/o Radar,8,8,7,2,25,0,0,48,22,70,8,8,55,24,95,104,22,126,221
03/22/2019,HLN,MT,ANM,WE,Combination Non-Radar Approach Control & Tower w/o Radar,9,7,2,0,18,0,1,66,5,72,9,8,68,5,90,142,0,142,232
03/23/2019,HLN,MT,ANM,WE,Combination Non-Radar Approach Control & Tower w/o Radar,8,7,0,0,15,0,2,55,0,57,8,9,55,0,72,70,0,70,142
03/24/2019,HLN,MT,ANM,WE,Combination Non-Radar Approach Control & Tower w/o Radar,5,10,9,0,24,0,1,13,0,14,5,11,22,0,38,84,0,84,122
03/25/2019,HLN,MT,ANM,WE,Combination Non-Radar Approach Control & Tower w/o Radar,5,9,5,0,19,0,3,60,14,77,5,12,65,14,96,128,36,164,260
03/26/2019,HLN,MT,ANM,WE,Combination Non-Radar Approach Control & Tower w/o Radar,9,7,2,2,20,0,8,45,25,78,9,15,47,27,98,82,16,98,196
03/27/2019,HLN,MT,ANM,WE,Combination Non-Radar Approach Control & Tower w/o Radar,5,7,7,0,19,0,1,11,10,22,5,8,18,10,41,32,38,70,111
03/28/2019,HLN,MT,ANM,WE,Combination Non-Radar Approach Control & Tower w/o Radar,6,10,5,2,23,0,0,0,0,0,6,10,5,2,23,0,0,0,23
03/29/2019,HLN,MT,ANM,WE,Combination Non-Radar Approach Control & Tower w/o Radar,8,11,7,0,26,0,2,13,5,20,8,13,20,5,46,68,14,82,128
03/30/2019,HLN,MT,ANM,WE,Combination Non-Radar Approach Control & Tower w/o Radar,9,5,0,0,14,0,5,54,1,60,9,10,54,1,74,62,0,62,136
03/31/2019,HLN,MT,ANM,WE,Combination Non-Radar Approach Control & Tower w/o Radar,6,10,1,0,17,0,0,46,0,46,6,10,47,0,63,90,0,90,153
04/01/2019,HLN,MT,ANM,WE,Combination Non-Radar Approach Control & Tower w/o Radar,6,11,5,0,22,0,1,41,18,60,6,12,46,18,82,86,22,108,190
04/02/2019,HLN,MT,ANM,WE,Combination Non-Radar Approach Control & Tower w/o Radar,7,11,29,2,49,0,2,70,21,93,7,13,99,23,142,110,10,120,262
04/03/2019,HLN,MT,ANM,WE,Combination Non-Radar Approach Control & Tower w/o Radar,8,13,6,1,28,0,9,55,17,81,8,22,61,18,109,102,14,116,225
04/04/2019,HLN,MT,ANM,WE,Combination Non-Radar Approach Control & Tower w/o Radar,8,9,6,1,24,0,1,60,17,78,8,10,66,18,102,86,20,106,208
04/05/2019,HLN,MT,ANM,WE,Combination Non-Radar Approach Control & Tower w/o Radar,10,9,7,1,27,0,10,55,21,86,10,19,62,22,113,70,22,92,205
04/06/2019,HLN,MT,ANM,WE,Combination Non-Radar Approach Control & Tower w/o Radar,6,10,2,1,19,0,1,24,7,32,6,11,26,8,51,82,0,82,133
04/07/2019,HLN,MT,ANM,WE,Combination Non-Radar Approach Control & Tower w/o Radar,5,7,6,4,22,0,0,11,2,13,5,7,17,6,35,30,0,30,65
04/08/2019,HLN,MT,ANM,WE,Combination Non-Radar Approach Control & Tower w/o Radar,6,11,4,2,23,0,0,32,7,39,6,11,36,9,62,112,2,114,176
04/09/2019,HLN,MT,ANM,WE,Combination Non-Radar Approach Control & Tower w/o Radar,5,10,8,2,25,0,0,13,14,27,5,10,21,16,52,32,0,32,84
04/10/2019,HLN,MT,ANM,WE,Combination Non-Radar Approach Control & Tower w/o Radar,4,14,10,0,28,0,1,20,2,23,4,15,30,2,51,70,8,78,129
04/11/2019,HLN,MT,ANM,WE,Combination Non-Radar Approach Control & Tower w/o Radar,5,8,12,5,30,0,3,34,21,58,5,11,46,26,88,152,24,176,264
04/12/2019,HLN,MT,ANM,WE,Combination Non-Radar Approach Control & Tower w/o Radar,7,15,7,0,29,0,1,27,12,40,7,16,34,12,69,90,6,96,165
04/13/2019,HLN,MT,ANM,WE,Combination Non-Radar Approach Control & Tower w/o Radar,8,6,5,3,22,0,1,46,3,50,8,7,51,6,72,2,0,2,74
04/14/2019,HLN,MT,ANM,WE,Combination Non-Radar Approach Control & Tower w/o Radar,6,6,1,0,13,0,0,18,0,18,6,6,19,0,31,6,0,6,37
04/15/2019,HLN,MT,ANM,WE,Combination Non-Radar Approach Control & Tower w/o Radar,4,9,11,0,24,0,4,40,14,58,4,13,51,14,82,14,10,24,106
04/16/2019,HLN,MT,ANM,WE,Combination Non-Radar Approach Control & Tower w/o Radar,6,8,7,0,21,0,0,5,3,8,6,8,12,3,29,30,0,30,59
04/17/2019,HLN,MT,ANM,WE,Combination Non-Radar Approach Control & Tower w/o Radar,8,15,6,2,31,0,8,37,27,72,8,23,43,29,103,58,12,70,173
04/18/2019,HLN,MT,ANM,WE,Combination Non-Radar Approach Control & Tower w/o Radar,7,6,1,2,16,0,3,45,15,63,7,9,46,17,79,46,20,66,145
04/19/2019,HLN,MT,ANM,WE,Combination Non-Radar Approach Control & Tower w/o Radar,6,12,6,2,26,0,3,38,5,46,6,15,44,7,72,58,2,60,132
04/20/2019,HLN,MT,ANM,WE,Combination Non-Radar Approach Control & Tower w/o Radar,5,8,0,0,13,0,0,1,0,1,5,8,1,0,14,10,0,10,24
04/21/2019,HLN,MT,ANM,WE,Combination Non-Radar Approach Control & Tower w/o Radar,7,6,1,0,14,0,0,7,0,7,7,6,8,0,21,12,0,12,33
04/22/2019,HLN,MT,ANM,WE,Combination Non-Radar Approach Control & Tower w/o Radar,6,6,10,0,22,0,3,63,10,76,6,9,73,10,98,116,0,116,214
04/23/2019,HLN,MT,ANM,WE,Combination Non-Radar Approach Control & Tower w/o Radar,7,9,3,0,19,0,5,43,9,57,7,14,46,9,76,70,4,74,150
04/24/2019,HLN,MT,ANM,WE,Combination Non-Radar Approach Control & Tower w/o Radar,10,9,10,0,29,0,5,41,17,63,10,14,51,17,92,66,8,74,166
04/25/2019,HLN,MT,ANM,WE,Combination Non-Radar Approach Control & Tower w/o Radar,7,8,13,0,28,0,8,74,11,93,7,16,87,11,121,88,20,108,229
04/26/2019,HLN,MT,ANM,WE,Combination Non-Radar Approach Control & Tower w/o Radar,10,7,16,0,33,0,1,28,15,44,10,8,44,15,77,88,6,94,171
04/27/2019,HLN,MT,ANM,WE,Combination Non-Radar Approach Control & Tower w/o Radar,6,7,1,0,14,0,2,14,0,16,6,9,15,0,30,50,0,50,80
04/28/2019,HLN,MT,ANM,WE,Combination Non-Radar Approach Control & Tower w/o Radar,5,7,0,0,12,0,0,6,0,6,5,7,6,0,18,6,0,6,24
04/29/2019,HLN,MT,ANM,WE,Combination Non-Radar Approach Control & Tower w/o Radar,7,6,7,0,20,0,0,33,13,46,7,6,40,13,66,54,38,92,158
04/30/2019,HLN,MT,ANM,WE,Combination Non-Radar Approach Control & Tower w/o Radar,4,11,7,2,24,0,0,31,21,52,4,11,38,23,76,118,16,134,210
05/01/2019,HLN,MT,ANM,WE,Combination Non-Radar Approach Control & Tower w/o Radar,7,12,4,0,23,0,1,69,4,74,7,13,73,4,97,94,2,96,193
05/02/2019,HLN,MT,ANM,WE,Combination Non-Radar Approach Control & Tower w/o Radar,10,6,1,4,21,0,1,27,16,44,10,7,28,20,65,66,16,82,147
05/03/2019,HLN,MT,ANM,WE,Combination Non-Radar Approach Control & Tower w/o Radar,8,13,0,0,21,0,3,83,21,107,8,16,83,21,128,46,14,60,188
05/04/2019,HLN,MT,ANM,WE,Combination Non-Radar Approach Control & Tower w/o Radar,8,7,3,0,18,0,1,64,13,78,8,8,67,13,96,72,0,72,168
05/05/2019,HLN,MT,ANM,WE,Combination Non-Radar Approach Control & Tower w/o Radar,4,9,7,1,21,0,0,23,0,23,4,9,30,1,44,16,0,16,60
05/06/2019,HLN,MT,ANM,WE,Combination Non-Radar Approach Control & Tower w/o Radar,4,13,1,0,18,0,1,31,11,43,4,14,32,11,61,84,16,100,161
05/07/2019,HLN,MT,ANM,WE,Combination Non-Radar Approach Control & Tower w/o Radar,8,7,7,2,24,0,1,55,20,76,8,8,62,22,100,94,6,100,200
05/08/2019,HLN,MT,ANM,WE,Combination Non-Radar Approach Control & Tower w/o Radar,8,12,5,2,27,0,5,33,4,42,8,17,38,6,69,56,4,60,129
05/09/2019,HLN,MT,ANM,WE,Combination Non-Radar Approach Control & Tower w/o Radar,9,10,8,3,30,0,2,65,16,83,9,12,73,19,113,214,12,226,339
05/10/2019,HLN,MT,ANM,WE,Combination Non-Radar Approach Control & Tower w/o Radar,8,16,9,1,34,0,3,53,9,65,8,19,62,10,99,40,0,40,139
05/11/2019,HLN,MT,ANM,WE,Combination Non-Radar Approach Control & Tower w/o Radar,9,5,0,0,14,0,1,75,0,76,9,6,75,0,90,58,0,58,148
05/12/2019,HLN,MT,ANM,WE,Combination Non-Radar Approach Control & Tower w/o Radar,5,9,3,0,17,0,0,52,0,52,5,9,55,0,69,26,0,26,95
05/13/2019,HLN,MT,ANM,WE,Combination Non-Radar Approach Control & Tower w/o Radar,6,10,7,6,29,0,6,45,6,57,6,16,52,12,86,80,2,82,168
05/14/2019,HLN,MT,ANM,WE,Combination Non-Radar Approach Control & Tower w/o Radar,8,5,7,1,21,1,2,54,18,75,9,7,61,19,96,112,20,132,228
05/15/2019,HLN,MT,ANM,WE,Combination Non-Radar Approach Control & Tower w/o Radar,8,9,7,4,28,0,1,38,37,76,8,10,45,41,104,82,10,92,196
05/16/2019,HLN,MT,ANM,WE,Combination Non-Radar Approach Control & Tower w/o Radar,8,13,8,1,30,0,0,17,33,50,8,13,25,34,80,76,6,82,162
05/17/2019,HLN,MT,ANM,WE,Combination Non-Radar Approach Control & Tower w/o Radar,8,15,3,3,29,0,1,13,7,21,8,16,16,10,50,62,34,96,146
05/18/2019,HLN,MT,ANM,WE,Combination Non-Radar Approach Control & Tower w/o Radar,9,7,3,0,19,0,1,15,0,16,9,8,18,0,35,8,0,8,43
05/19/2019,HLN,MT,ANM,WE,Combination Non-Radar Approach Control & Tower w/o Radar,5,7,4,0,16,0,0,16,0,16,5,7,20,0,32,48,0,48,80
05/20/2019,HLN,MT,ANM,WE,Combination Non-Radar Approach Control & Tower w/o Radar,5,8,1,2,16,0,0,23,15,38,5,8,24,17,54,104,0,104,158
05/21/2019,HLN,MT,ANM,WE,Combination Non-Radar Approach Control & Tower w/o Radar,7,11,7,2,27,0,2,44,11,57,7,13,51,13,84,14,6,20,104
05/22/2019,HLN,MT,ANM,WE,Combination Non-Radar Approach Control & Tower w/o Radar,6,13,4,6,29,0,1,20,25,46,6,14,24,31,75,12,22,34,109
05/23/2019,HLN,MT,ANM,WE,Combination Non-Radar Approach Control & Tower w/o Radar,7,8,13,2,30,0,0,56,17,73,7,8,69,19,103,70,6,76,179
05/24/2019,HLN,MT,ANM,WE,Combination Non-Radar Approach Control & Tower w/o Radar,12,6,1,0,19,0,1,34,3,38,12,7,35,3,57,56,0,56,113
05/25/2019,HLN,MT,ANM,WE,Combination Non-Radar Approach Control & Tower w/o Radar,8,8,0,0,16,0,1,17,0,18,8,9,17,0,34,40,0,40,74
05/26/2019,HLN,MT,ANM,WE,Combination Non-Radar Approach Control & Tower w/o Radar,11,4,4,0,19,0,0,8,0,8,11,4,12,0,27,8,0,8,35
05/27/2019,HLN,MT,ANM,WE,Combination Non-Radar Approach Control & Tower w/o Radar,4,6,1,0,11,0,0,6,0,6,4,6,7,0,17,46,0,46,63
05/28/2019,HLN,MT,ANM,WE,Combination Non-Radar Approach Control & Tower w/o Radar,7,9,4,1,21,0,1,49,12,62,7,10,53,13,83,78,4,82,165
05/29/2019,HLN,MT,ANM,WE,Combination Non-Radar Approach Control & Tower w/o Radar,7,15,2,2,26,0,4,75,16,95,7,19,77,18,121,94,0,94,215
05/30/2019,HLN,MT,ANM,WE,Combination Non-Radar Approach Control & Tower w/o Radar,8,10,7,2,27,0,6,58,16,80,8,16,65,18,107,44,5,49,156
05/31/2019,HLN,MT,ANM,WE,Combination Non-Radar Approach Control & Tower w/o Radar,9,12,7,1,29,0,1,26,7,34,9,13,33,8,63,42,2,44,107
06/01/2019,HLN,MT,ANM,WE,Combination Non-Radar Approach Control & Tower w/o Radar,9,2,2,0,13,0,2,50,0,52,9,4,52,0,65,56,0,56,121
06/02/2019,HLN,MT,ANM,WE,Combination Non-Radar Approach Control & Tower w/o Radar,9,8,2,0,19,0,3,40,0,43,9,11,42,0,62,72,0,72,134
06/03/2019,HLN,MT,ANM,WE,Combination Non-Radar Approach Control & Tower w/o Radar,6,10,7,2,25,0,3,70,8,81,6,13,77,10,106,42,0,42,148
06/04/2019,HLN,MT,ANM,WE,Combination Non-Radar Approach Control & Tower w/o Radar,4,14,1,4,23,0,5,76,21,102,4,19,77,25,125,164,10,174,299
06/05/2019,HLN,MT,ANM,WE,Combination Non-Radar Approach Control & Tower w/o Radar,6,8,7,4,25,0,3,80,16,99,6,11,87,20,124,128,8,136,260
06/06/2019,HLN,MT,ANM,WE,Combination Non-Radar Approach Control & Tower w/o Radar,7,10,6,0,23,0,1,40,15,56,7,11,46,15,79,60,8,68,147
06/07/2019,HLN,MT,ANM,WE,Combination Non-Radar Approach Control & Tower w/o Radar,6,10,4,1,21,0,3,45,12,60,6,13,49,13,81,16,0,16,97
06/08/2019,HLN,MT,ANM,WE,Combination Non-Radar Approach Control & Tower w/o Radar,10,7,8,1,26,0,0,8,1,9,10,7,16,2,35,8,0,8,43
06/09/2019,HLN,MT,ANM,WE,Combination Non-Radar Approach Control & Tower w/o Radar,9,5,4,0,18,0,2,49,0,51,9,7,53,0,69,4,0,4,73
06/10/2019,HLN,MT,ANM,WE,Combination Non-Radar Approach Control & Tower w/o Radar,7,8,6,2,23,0,2,47,4,53,7,10,53,6,76,88,0,88,164
06/11/2019,HLN,MT,ANM,WE,Combination Non-Radar Approach Control & Tower w/o Radar,7,8,9,2,26,0,1,65,10,76,7,9,74,12,102,70,0,70,172
06/12/2019,HLN,MT,ANM,WE,Combination Non-Radar Approach Control & Tower w/o Radar,9,12,6,2,29,0,5,78,13,96,9,17,84,15,125,116,0,116,241
06/13/2019,HLN,MT,ANM,WE,Combination Non-Radar Approach Control & Tower w/o Radar,7,13,6,1,27,0,4,76,10,90,7,17,82,11,117,102,0,102,219
06/14/2019,HLN,MT,ANM,WE,Combination Non-Radar Approach Control & Tower w/o Radar,9,16,1,1,27,0,3,55,14,72,9,19,56,15,99,106,12,118,217
06/15/2019,HLN,MT,ANM,WE,Combination Non-Radar Approach Control & Tower w/o Radar,8,15,5,2,30,0,5,61,7,73,8,20,66,9,103,110,0,110,213
06/16/2019,HLN,MT,ANM,WE,Combination Non-Radar Approach Control & Tower w/o Radar,7,4,0,1,12,0,0,33,7,40,7,4,33,8,52,46,0,46,98
06/17/2019,HLN,MT,ANM,WE,Combination Non-Radar Approach Control & Tower w/o Radar,7,6,2,2,17,0,2,49,1,52,7,8,51,3,69,52,0,52,121
06/18/2019,HLN,MT,ANM,WE,Combination Non-Radar Approach Control & Tower w/o Radar,6,7,14,0,27,0,0,58,11,69,6,7,72,11,96,58,0,58,154
06/19/2019,HLN,MT,ANM,WE,Combination Non-Radar Approach Control & Tower w/o Radar,5,14,0,0,19,1,3,15,11,30,6,17,15,11,49,14,2,16,65
06/20/2019,HLN,MT,ANM,WE,Combination Non-Radar Approach Control & Tower w/o Radar,10,10,3,2,25,0,0,35,12,47,10,10,38,14,72,46,0,46,118
06/21/2019,HLN,MT,ANM,WE,Combination Non-Radar Approach Control & Tower w/o Radar,7,12,2,1,22,0,4,45,7,56,7,16,47,8,78,78,4,82,160
06/22/2019,HLN,MT,ANM,WE,Combination Non-Radar Approach Control & Tower w/o Radar,7,8,1,0,16,0,0,23,8,31,7,8,24,8,47,48,6,54,101
06/23/2019,HLN,MT,ANM,WE,Combination Non-Radar Approach Control & Tower w/o Radar,8,10,5,1,24,0,1,51,2,54,8,11,56,3,78,134,0,134,212
06/24/2019,HLN,MT,ANM,WE,Combination Non-Radar Approach Control & Tower w/o Radar,6,8,8,3,25,0,2,66,39,107,6,10,74,42,132,68,0,68,200
06/25/2019,HLN,MT,ANM,WE,Combination Non-Radar Approach Control & Tower w/o Radar,6,6,6,0,18,0,3,100,47,150,6,9,106,47,168,108,2,110,278
06/26/2019,HLN,MT,ANM,WE,Combination Non-Radar Approach Control & Tower w/o Radar,7,11,5,2,25,0,4,63,17,84,7,15,68,19,109,66,4,70,179
06/27/2019,HLN,MT,ANM,WE,Combination Non-Radar Approach Control & Tower w/o Radar,7,13,7,0,27,0,2,28,9,39,7,15,35,9,66,64,0,64,130
06/28/2019,HLN,MT,ANM,WE,Combination Non-Radar Approach Control & Tower w/o Radar,10,9,5,0,24,0,0,54,5,59,10,9,59,5,83,66,0,66,149
06/29/2019,HLN,MT,ANM,WE,Combination Non-Radar Approach Control & Tower w/o Radar,11,8,2,3,24,0,0,58,13,71,11,8,60,16,95,46,0,46,141
06/30/2019,HLN,MT,ANM,WE,Combination Non-Radar Approach Control & Tower w/o Radar,8,5,8,0,21,0,0,83,2,85,8,5,91,2,106,38,0,38,144
07/01/2019,HLN,MT,ANM,WE,Combination Non-Radar Approach Control & Tower w/o Radar,5,9,3,2,19,0,5,69,6,80,5,14,72,8,99,90,0,90,189
07/02/2019,HLN,MT,ANM,WE,Combination Non-Radar Approach Control & Tower w/o Radar,12,2,9,0,23,0,2,59,22,83,12,4,68,22,106,60,0,60,166
07/03/2019,HLN,MT,ANM,WE,Combination Non-Radar Approach Control & Tower w/o Radar,10,6,20,0,36,0,3,23,4,30,10,9,43,4,66,52,0,52,118
07/04/2019,HLN,MT,ANM,WE,Combination Non-Radar Approach Control & Tower w/o Radar,6,5,1,0,12,0,0,35,0,35,6,5,36,0,47,4,0,4,51
07/05/2019,HLN,MT,ANM,WE,Combination Non-Radar Approach Control & Tower w/o Radar,8,8,3,0,19,0,3,31,0,34,8,11,34,0,53,52,0,52,105
07/06/2019,HLN,MT,ANM,WE,Combination Non-Radar Approach Control & Tower w/o Radar,9,5,0,0,14,0,0,39,0,39,9,5,39,0,53,40,0,40,93
07/07/2019,HLN,MT,ANM,WE,Combination Non-Radar Approach Control & Tower w/o Radar,10,2,4,0,16,0,0,31,0,31,10,2,35,0,47,52,0,52,99
07/08/2019,HLN,MT,ANM,WE,Combination Non-Radar Approach Control & Tower w/o Radar,6,6,3,0,15,0,1,40,6,47,6,7,43,6,62,142,2,144,206
07/09/2019,HLN,MT,ANM,WE,Combination Non-Radar Approach Control & Tower w/o Radar,12,3,12,7,34,0,0,44,14,58,12,3,56,21,92,76,26,102,194
07/10/2019,HLN,MT,ANM,WE,Combination Non-Radar Approach Control & Tower w/o Radar,8,11,10,0,29,0,5,72,12,89,8,16,82,12,118,92,4,96,214
07/11/2019,HLN,MT,ANM,WE,Combination Non-Radar Approach Control & Tower w/o Radar,9,9,13,2,33,0,4,78,18,100,9,13,91,20,133,108,4,112,245
07/12/2019,HLN,MT,ANM,WE,Combination Non-Radar Approach Control & Tower w/o Radar,9,11,8,1,29,0,4,58,17,79,9,15,66,18,108,110,2,112,220
07/13/2019,HLN,MT,ANM,WE,Combination Non-Radar Approach Control & Tower w/o Radar,14,5,2,0,21,0,1,24,3,28,14,6,26,3,49,26,0,26,75
07/14/2019,HLN,MT,ANM,WE,Combination Non-Radar Approach Control & Tower w/o Radar,8,3,0,0,11,0,0,20,6,26,8,3,20,6,37,14,0,14,51
07/15/2019,HLN,MT,ANM,WE,Combination Non-Radar Approach Control & Tower w/o Radar,5,8,3,3,19,0,0,55,22,77,5,8,58,25,96,42,8,50,146
07/16/2019,HLN,MT,ANM,WE,Combination Non-Radar Approach Control & Tower w/o Radar,5,10,4,4,23,0,5,63,11,79,5,15,67,15,102,124,8,132,234
07/17/2019,HLN,MT,ANM,WE,Combination Non-Radar Approach Control & Tower w/o Radar,4,22,8,3,37,0,31,84,10,125,4,53,92,13,162,74,10,84,246
07/18/2019,HLN,MT,ANM,WE,Combination Non-Radar Approach Control & Tower w/o Radar,6,15,7,1,29,0,2,54,30,86,6,17,61,31,115,28,0,28,143
07/19/2019,HLN,MT,ANM,WE,Combination Non-Radar Approach Control & Tower w/o Radar,9,8,7,0,24,0,5,52,16,73,9,13,59,16,97,58,24,82,179
07/20/2019,HLN,MT,ANM,WE,Combination Non-Radar Approach Control & Tower w/o Radar,8,7,1,0,16,0,1,75,0,76,8,8,76,0,92,66,0,66,158
07/21/2019,HLN,MT,ANM,WE,Combination Non-Radar Approach Control & Tower w/o Radar,11,2,2,2,17,0,0,63,7,70,11,2,65,9,87,42,4,46,133
07/22/2019,HLN,MT,ANM,WE,Combination Non-Radar Approach Control & Tower w/o Radar,7,9,9,1,26,0,2,74,19,95,7,11,83,20,121,84,6,90,211
07/23/2019,HLN,MT,ANM,WE,Combination Non-Radar Approach Control & Tower w/o Radar,10,6,7,2,25,0,0,48,31,79,10,6,55,33,104,56,8,64,168
07/24/2019,HLN,MT,ANM,WE,Combination Non-Radar Approach Control & Tower w/o Radar,9,4,3,2,18,0,3,38,18,59,9,7,41,20,77,98,8,106,183
07/25/2019,HLN,MT,ANM,WE,Combination Non-Radar Approach Control & Tower w/o Radar,11,12,3,1,27,0,7,47,13,67,11,19,50,14,94,22,0,22,116
07/26/2019,HLN,MT,ANM,WE,Combination Non-Radar Approach Control & Tower w/o Radar,11,10,7,0,28,10,45,64,9,128,21,55,71,9,156,34,0,34,190
07/27/2019,HLN,MT,ANM,WE,Combination Non-Radar Approach Control & Tower w/o Radar,8,5,0,0,13,77,80,56,0,213,85,85,56,0,226,34,0,34,260
07/28/2019,HLN,MT,ANM,WE,Combination Non-Radar Approach Control & Tower w/o Radar,9,5,3,0,17,126,105,84,0,315,135,110,87,0,332,8,0,8,340
07/29/2019,HLN,MT,ANM,WE,Combination Non-Radar Approach Control & Tower w/o Radar,5,8,8,0,21,76,69,52,3,200,81,77,60,3,221,40,0,40,261
07/30/2019,HLN,MT,ANM,WE,Combination Non-Radar Approach Control & Tower w/o Radar,9,4,4,0,17,20,17,77,23,137,29,21,81,23,154,64,2,66,220
07/31/2019,HLN,MT,ANM,WE,Combination Non-Radar Approach Control & Tower w/o Radar,9,11,6,0,26,2,8,73,16,99,11,19,79,16,125,90,16,106,231
08/01/2019,HLN,MT,ANM,WE,Combination Non-Radar Approach Control & Tower w/o Radar,10,11,3,0,24,45,41,80,11,177,55,52,83,11,201,96,0,96,297
08/02/2019,HLN,MT,ANM,WE,Combination Non-Radar Approach Control & Tower w/o Radar,8,13,5,0,26,41,59,47,22,169,49,72,52,22,195,26,4,30,225
08/03/2019,HLN,MT,ANM,WE,Combination Non-Radar Approach Control & Tower w/o Radar,8,10,4,0,22,3,30,57,8,98,11,40,61,8,120,32,0,32,152
08/04/2019,HLN,MT,ANM,WE,Combination Non-Radar Approach Control & Tower w/o Radar,10,7,3,0,20,11,24,56,0,91,21,31,59,0,111,8,0,8,119
08/05/2019,HLN,MT,ANM,WE,Combination Non-Radar Approach Control & Tower w/o Radar,9,12,7,1,29,41,66,51,19,177,50,78,58,20,206,36,18,54,260
08/06/2019,HLN,MT,ANM,WE,Combination Non-Radar Approach Control & Tower w/o Radar,7,9,7,0,23,59,49,64,2,174,66,58,71,2,197,48,0,48,245
08/07/2019,HLN,MT,ANM,WE,Combination Non-Radar Approach Control & Tower w/o Radar,9,8,5,1,23,3,17,48,0,68,12,25,53,1,91,34,0,34,125
08/08/2019,HLN,MT,ANM,WE,Combination Non-Radar Approach Control & Tower w/o Radar,8,9,4,4,25,5,19,61,2,87,13,28,65,6,112,62,0,62,174
08/09/2019,HLN,MT,ANM,WE,Combination Non-Radar Approach Control & Tower w/o Radar,11,12,9,1,33,4,8,31,7,50,15,20,40,8,83,14,4,18,101
08/10/2019,HLN,MT,ANM,WE,Combination Non-Radar Approach Control & Tower w/o Radar,11,3,8,0,22,2,9,35,15,61,13,12,43,15,83,4,0,4,87
08/11/2019,HLN,MT,ANM,WE,Combination Non-Radar Approach Control & Tower w/o Radar,10,5,3,0,18,0,0,9,5,14,10,5,12,5,32,18,0,18,50
08/12/2019,HLN,MT,ANM,WE,Combination Non-Radar Approach Control & Tower w/o Radar,6,10,9,1,26,1,13,43,6,63,7,23,52,7,89,56,8,64,153
08/13/2019,HLN,MT,ANM,WE,Combination Non-Radar Approach Control & Tower w/o Radar,8,10,0,4,22,0,1,67,12,80,8,11,67,16,102,76,8,84,186
08/14/2019,HLN,MT,ANM,WE,Combination Non-Radar Approach Control & Tower w/o Radar,10,9,5,4,28,0,6,73,16,95,10,15,78,20,123,124,12,136,259
08/15/2019,HLN,MT,ANM,WE,Combination Non-Radar Approach Control & Tower w/o Radar,8,10,7,2,27,0,6,54,9,69,8,16,61,11,96,80,12,92,188
08/16/2019,HLN,MT,ANM,WE,Combination Non-Radar Approach Control & Tower w/o Radar,9,11,2,0,22,0,7,65,3,75,9,18,67,3,97,116,4,120,217
08/17/2019,HLN,MT,ANM,WE,Combination Non-Radar Approach Control & Tower w/o Radar,9,6,2,0,17,1,1,25,17,44,10,7,27,17,61,94,0,94,155
08/18/2019,HLN,MT,ANM,WE,Combination Non-Radar Approach Control & Tower w/o Radar,10,6,4,0,20,0,1,58,12,71,10,7,62,12,91,78,14,92,183
08/19/2019,HLN,MT,ANM,WE,Combination Non-Radar Approach Control & Tower w/o Radar,8,5,4,3,20,2,2,61,21,86,10,7,65,24,106,140,10,150,256
08/20/2019,HLN,MT,ANM,WE,Combination Non-Radar Approach Control & Tower w/o Radar,9,7,1,2,19,0,1,77,9,87,9,8,78,11,106,174,14,188,294
08/21/2019,HLN,MT,ANM,WE,Combination Non-Radar Approach Control & Tower w/o Radar,10,12,10,2,34,0,10,64,8,82,10,22,74,10,116,114,2,116,232
08/22/2019,HLN,MT,ANM,WE,Combination Non-Radar Approach Control & Tower w/o Radar,7,11,12,3,33,0,2,30,17,49,7,13,42,20,82,42,30,72,154
08/23/2019,HLN,MT,ANM,WE,Combination Non-Radar Approach Control & Tower w/o Radar,6,14,9,2,31,1,5,34,8,48,7,19,43,10,79,82,0,82,161
08/24/2019,HLN,MT,ANM,WE,Combination Non-Radar Approach Control & Tower w/o Radar,11,5,1,0,17,0,2,35,4,41,11,7,36,4,58,12,0,12,70
08/25/2019,HLN,MT,ANM,WE,Combination Non-Radar Approach Control & Tower w/o Radar,11,2,0,0,13,0,2,29,1,32,11,4,29,1,45,18,0,18,63
08/26/2019,HLN,MT,ANM,WE,Combination Non-Radar Approach Control & Tower w/o Radar,9,5,5,1,20,0,2,45,2,49,9,7,50,3,69,56,0,56,125
08/27/2019,HLN,MT,ANM,WE,Combination Non-Radar Approach Control & Tower w/o Radar,11,7,6,2,26,0,2,67,14,83,11,9,73,16,109,80,0,80,189
08/28/2019,HLN,MT,ANM,WE,Combination Non-Radar Approach Control & Tower w/o Radar,7,12,5,2,26,0,10,72,7,89,7,22,77,9,115,42,0,42,157
08/29/2019,HLN,MT,ANM,WE,Combination Non-Radar Approach Control & Tower w/o Radar,9,6,1,0,16,0,6,55,7,68,9,12,56,7,84,130,0,130,214
08/30/2019,HLN,MT,ANM,WE,Combination Non-Radar Approach Control & Tower w/o Radar,8,10,3,0,21,0,6,58,6,70,8,16,61,6,91,116,2,118,209
08/31/2019,HLN,MT,ANM,WE,Combination Non-Radar Approach Control & Tower w/o Radar,8,7,2,0,17,0,0,35,0,35,8,7,37,0,52,16,0,16,68
09/01/2019,HLN,MT,ANM,WE,Combination Non-Radar Approach Control & Tower w/o Radar,9,3,2,0,14,0,1,34,0,35,9,4,36,0,49,8,0,8,57
09/02/2019,HLN,MT,ANM,WE,Combination Non-Radar Approach Control & Tower w/o Radar,9,7,3,0,19,2,5,39,0,46,11,12,42,0,65,22,0,22,87
09/03/2019,HLN,MT,ANM,WE,Combination Non-Radar Approach Control & Tower w/o Radar,14,3,6,0,23,0,1,52,9,62,14,4,58,9,85,40,14,54,139
09/04/2019,HLN,MT,ANM,WE,Combination Non-Radar Approach Control & Tower w/o Radar,12,4,3,0,19,4,14,75,17,110,16,18,78,17,129,74,12,86,215
09/05/2019,HLN,MT,ANM,WE,Combination Non-Radar Approach Control & Tower w/o Radar,8,9,3,0,20,0,3,60,18,81,8,12,63,18,101,64,24,88,189
09/06/2019,HLN,MT,ANM,WE,Combination Non-Radar Approach Control & Tower w/o Radar,8,9,5,0,22,0,3,33,14,50,8,12,38,14,72,66,10,76,148
09/07/2019,HLN,MT,ANM,WE,Combination Non-Radar Approach Control & Tower w/o Radar,9,7,6,0,22,0,0,27,2,29,9,7,33,2,51,60,0,60,111
09/08/2019,HLN,MT,ANM,WE,Combination Non-Radar Approach Control & Tower w/o Radar,11,2,8,0,21,0,0,29,0,29,11,2,37,0,50,6,0,6,56
09/09/2019,HLN,MT,ANM,WE,Combination Non-Radar Approach Control & Tower w/o Radar,10,6,4,2,22,0,2,26,3,31,10,8,30,5,53,50,0,50,103
09/10/2019,HLN,MT,ANM,WE,Combination Non-Radar Approach Control & Tower w/o Radar,8,12,7,4,31,0,0,45,15,60,8,12,52,19,91,104,0,104,195
09/11/2019,HLN,MT,ANM,WE,Combination Non-Radar Approach Control & Tower w/o Radar,7,15,10,2,34,0,0,16,7,23,7,15,26,9,57,12,0,12,69
09/12/2019,HLN,MT,ANM,WE,Combination Non-Radar Approach Control & Tower w/o Radar,9,10,5,4,28,0,10,44,10,64,9,20,49,14,92,50,6,56,148
09/13/2019,HLN,MT,ANM,WE,Combination Non-Radar Approach Control & Tower w/o Radar,9,12,15,2,38,0,4,45,14,63,9,16,60,16,101,60,0,60,161
09/14/2019,HLN,MT,ANM,WE,Combination Non-Radar Approach Control & Tower w/o Radar,9,5,4,0,18,0,2,24,0,26,9,7,28,0,44,18,0,18,62
09/15/2019,HLN,MT,ANM,WE,Combination Non-Radar Approach Control & Tower w/o Radar,9,6,3,0,18,0,0,37,0,37,9,6,40,0,55,24,0,24,79
09/16/2019,HLN,MT,ANM,WE,Combination Non-Radar Approach Control & Tower w/o Radar,7,9,2,2,20,0,2,59,7,68,7,11,61,9,88,118,2,120,208
09/17/2019,HLN,MT,ANM,WE,Combination Non-Radar Approach Control & Tower w/o Radar,5,15,7,0,27,0,2,53,12,67,5,17,60,12,94,118,24,142,236
09/18/2019,HLN,MT,ANM,WE,Combination Non-Radar Approach Control & Tower w/o Radar,7,14,10,1,32,0,7,58,19,84,7,21,68,20,116,84,2,86,202
09/19/2019,HLN,MT,ANM,WE,Combination Non-Radar Approach Control & Tower w/o Radar,5,11,8,1,25,0,3,42,12,57,5,14,50,13,82,82,10,92,174
09/20/2019,HLN,MT,ANM,WE,Combination Non-Radar Approach Control & Tower w/o Radar,8,15,16,0,39,0,5,44,9,58,8,20,60,9,97,48,0,48,145
09/21/2019,HLN,MT,ANM,WE,Combination Non-Radar Approach Control & Tower w/o Radar,11,3,0,0,14,0,0,31,2,33,11,3,31,2,47,20,0,20,67
09/22/2019,HLN,MT,ANM,WE,Combination Non-Radar Approach Control & Tower w/o Radar,6,8,6,2,22,0,2,47,0,49,6,10,53,2,71,50,0,50,121
09/23/2019,HLN,MT,ANM,WE,Combination Non-Radar Approach Control & Tower w/o Radar,8,7,4,0,19,0,3,48,1,52,8,10,52,1,71,82,0,82,153
09/24/2019,HLN,MT,ANM,WE,Combination Non-Radar Approach Control & Tower w/o Radar,8,9,5,0,22,0,3,47,22,72,8,12,52,22,94,78,34,112,206
09/25/2019,HLN,MT,ANM,WE,Combination Non-Radar Approach Control & Tower w/o Radar,6,13,3,2,24,0,11,60,11,82,6,24,63,13,106,52,10,62,168
09/26/2019,HLN,MT,ANM,WE,Combination Non-Radar Approach Control & Tower w/o Radar,8,10,7,0,25,0,2,40,4,46,8,12,47,4,71,68,8,76,147
09/27/2019,HLN,MT,ANM,WE,Combination Non-Radar Approach Control & Tower w/o Radar,8,20,5,0,33,0,3,21,8,32,8,23,26,8,65,96,4,100,165
09/28/2019,HLN,MT,ANM,WE,Combination Non-Radar Approach Control & Tower w/o Radar,8,9,3,0,20,0,0,0,0,0,8,9,3,0,20,0,0,0,20
09/29/2019,HLN,MT,ANM,WE,Combination Non-Radar Approach Control & Tower w/o Radar,8,5,0,0,13,0,0,0,0,0,8,5,0,0,13,0,0,0,13
09/30/2019,HLN,MT,ANM,WE,Combination Non-Radar Approach Control & Tower w/o Radar,10,5,6,0,21,0,0,23,15,38,10,5,29,15,59,48,6,54,113
10/01/2019,HLN,MT,ANM,WE,Combination Non-Radar Approach Control & Tower w/o Radar,7,8,8,0,23,0,0,49,13,62,7,8,57,13,85,150,4,154,239
10/02/2019,HLN,MT,ANM,WE,Combination Non-Radar Approach Control & Tower w/o Radar,9,11,3,1,24,0,3,59,30,92,9,14,62,31,116,72,4,76,192
10/03/2019,HLN,MT,ANM,WE,Combination Non-Radar Approach Control & Tower w/o Radar,10,9,9,0,28,0,1,91,20,112,10,10,100,20,140,102,8,110,250
10/04/2019,HLN,MT,ANM,WE,Combination Non-Radar Approach Control & Tower w/o Radar,5,11,10,0,26,0,6,47,22,75,5,17,57,22,101,66,18,84,185
10/05/2019,HLN,MT,ANM,WE,Combination Non-Radar Approach Control & Tower w/o Radar,8,5,1,0,14,0,0,20,2,22,8,5,21,2,36,6,0,6,42
10/06/2019,HLN,MT,ANM,WE,Combination Non-Radar Approach Control & Tower w/o Radar,9,3,0,0,12,0,0,37,0,37,9,3,37,0,49,20,0,20,69
10/07/2019,HLN,MT,ANM,WE,Combination Non-Radar Approach Control & Tower w/o Radar,8,4,5,1,18,0,2,59,20,81,8,6,64,21,99,90,6,96,195
10/08/2019,HLN,MT,ANM,WE,Combination Non-Radar Approach Control & Tower w/o Radar,7,14,3,0,24,0,2,20,7,29,7,16,23,7,53,32,0,32,85
10/09/2019,HLN,MT,ANM,WE,Combination Non-Radar Approach Control & Tower w/o Radar,8,10,5,0,23,0,0,0,1,1,8,10,5,1,24,0,14,14,38
10/10/2019,HLN,MT,ANM,WE,Combination Non-Radar Approach Control & Tower w/o Radar,9,3,5,0,17,0,0,39,20,59,9,3,44,20,76,54,12,66,142
10/11/2019,HLN,MT,ANM,WE,Combination Non-Radar Approach Control & Tower w/o Radar,9,9,5,2,25,0,2,65,9,76,9,11,70,11,101,100,2,102,203
10/12/2019,HLN,MT,ANM,WE,Combination Non-Radar Approach Control & Tower w/o Radar,7,8,4,0,19,0,3,61,0,64,7,11,65,0,83,50,0,50,133
10/13/2019,HLN,MT,ANM,WE,Combination Non-Radar Approach Control & Tower w/o Radar,7,5,0,0,12,0,0,48,0,48,7,5,48,0,60,52,0,52,112
10/14/2019,HLN,MT,ANM,WE,Combination Non-Radar Approach Control & Tower w/o Radar,11,3,1,0,15,0,5,26,0,31,11,8,27,0,46,34,0,34,80
10/15/2019,HLN,MT,ANM,WE,Combination Non-Radar Approach Control & Tower w/o Radar,9,11,2,0,22,0,5,61,0,66,9,16,63,0,88,92,0,92,180
10/16/2019,HLN,MT,ANM,WE,Combination Non-Radar Approach Control & Tower w/o Radar,6,10,8,0,24,0,6,65,0,71,6,16,73,0,95,114,0,114,209
10/17/2019,HLN,MT,ANM,WE,Combination Non-Radar Approach Control & Tower w/o Radar,5,13,0,0,18,0,2,31,0,33,5,15,31,0,51,76,0,76,127
10/18/2019,HLN,MT,ANM,WE,Combination Non-Radar Approach Control & Tower w/o Radar,9,9,7,4,29,0,2,31,1,34,9,11,38,5,63,30,0,30,93
10/19/2019,HLN,MT,ANM,WE,Combination Non-Radar Approach Control & Tower w/o Radar,9,11,0,0,20,0,0,13,14,27,9,11,13,14,47,26,0,26,73
10/20/2019,HLN,MT,ANM,WE,Combination Non-Radar Approach Control & Tower w/o Radar,9,6,2,0,17,0,0,11,0,11,9,6,13,0,28,26,0,26,54
10/21/2019,HLN,MT,ANM,WE,Combination Non-Radar Approach Control & Tower w/o Radar,10,1,4,0,15,0,4,18,0,22,10,5,22,0,37,58,0,58,95
10/22/2019,HLN,MT,ANM,WE,Combination Non-Radar Approach Control & Tower w/o Radar,9,10,4,0,23,0,0,13,2,15,9,10,17,2,38,60,0,60,98
10/23/2019,HLN,MT,ANM,WE,Combination Non-Radar Approach Control & Tower w/o Radar,6,13,12,0,31,0,2,11,4,17,6,15,23,4,48,68,6,74,122
10/24/2019,HLN,MT,ANM,WE,Combination Non-Radar Approach Control & Tower w/o Radar,8,13,5,0,26,0,2,48,3,53,8,15,53,3,79,88,0,88,167
10/25/2019,HLN,MT,ANM,WE,Combination Non-Radar Approach Control & Tower w/o Radar,12,9,3,2,26,0,6,56,0,62,12,15,59,2,88,76,0,76,164
10/26/2019,HLN,MT,ANM,WE,Combination Non-Radar Approach Control & Tower w/o Radar,9,9,1,0,19,0,0,7,0,7,9,9,8,0,26,26,0,26,52
10/27/2019,HLN,MT,ANM,WE,Combination Non-Radar Approach Control & Tower w/o Radar,11,5,2,0,18,0,0,16,0,16,11,5,18,0,34,34,0,34,68
10/28/2019,HLN,MT,ANM,WE,Combination Non-Radar Approach Control & Tower w/o Radar,9,10,6,0,25,0,0,0,0,0,9,10,6,0,25,0,0,0,25
10/29/2019,HLN,MT,ANM,WE,Combination Non-Radar Approach Control & Tower w/o Radar,9,5,4,0,18,0,11,39,1,51,9,16,43,1,69,78,0,78,147
10/30/2019,HLN,MT,ANM,WE,Combination Non-Radar Approach Control & Tower w/o Radar,13,12,2,0,27,0,1,36,7,44,13,13,38,7,71,72,0,72,143
10/31/2019,HLN,MT,ANM,WE,Combination Non-Radar Approach Control & Tower w/o Radar,8,9,4,0,21,0,0,20,6,26,8,9,24,6,47,74,14,88,135
11/01/2019,HLN,MT,ANM,WE,Combination Non-Radar Approach Control & Tower w/o Radar,9,10,7,0,26,0,6,53,17,76,9,16,60,17,102,116,4,120,222
11/02/2019,HLN,MT,ANM,WE,Combination Non-Radar Approach Control & Tower w/o Radar,8,7,0,0,15,0,3,24,11,38,8,10,24,11,53,68,8,76,129
11/03/2019,HLN,MT,ANM,WE,Combination Non-Radar Approach Control & Tower w/o Radar,7,5,2,0,14,0,0,17,0,17,7,5,19,0,31,32,0,32,63
11/04/2019,HLN,MT,ANM,WE,Combination Non-Radar Approach Control & Tower w/o Radar,7,9,8,2,26,0,0,26,0,26,7,9,34,2,52,116,0,116,168
11/05/2019,HLN,MT,ANM,WE,Combination Non-Radar Approach Control & Tower w/o Radar,6,15,8,0,29,0,3,33,0,36,6,18,41,0,65,40,0,40,105
11/06/2019,HLN,MT,ANM,WE,Combination Non-Radar Approach Control & Tower w/o Radar,8,10,2,0,20,0,1,22,4,27,8,11,24,4,47,104,14,118,165
11/07/2019,HLN,MT,ANM,WE,Combination Non-Radar Approach Control & Tower w/o Radar,11,13,9,2,35,0,9,35,10,54,11,22,44,12,89,102,2,104,193
11/08/2019,HLN,MT,ANM,WE,Combination Non-Radar Approach Control & Tower w/o Radar,12,8,10,0,30,0,6,38,5,49,12,14,48,5,79,128,6,134,213
11/09/2019,HLN,MT,ANM,WE,Combination Non-Radar Approach Control & Tower w/o Radar,9,6,2,0,17,0,1,32,0,33,9,7,34,0,50,62,0,62,112
11/10/2019,HLN,MT,ANM,WE,Combination Non-Radar Approach Control & Tower w/o Radar,8,6,1,0,15,0,0,0,0,0,8,6,1,0,15,0,0,0,15
11/11/2019,HLN,MT,ANM,WE,Combination Non-Radar Approach Control & Tower w/o Radar,9,5,6,0,20,0,3,47,1,51,9,8,53,1,71,172,0,172,243
11/12/2019,HLN,MT,ANM,WE,Combination Non-Radar Approach Control & Tower w/o Radar,9,10,6,0,25,0,4,40,1,45,9,14,46,1,70,70,6,76,146
11/13/2019,HLN,MT,ANM,WE,Combination Non-Radar Approach Control & Tower w/o Radar,7,14,6,2,29,0,4,52,6,62,7,18,58,8,91,140,4,144,235
11/14/2019,HLN,MT,ANM,WE,Combination Non-Radar Approach Control & Tower w/o Radar,5,12,1,2,20,0,0,33,5,38,5,12,34,7,58,86,0,86,144
11/15/2019,HLN,MT,ANM,WE,Combination Non-Radar Approach Control & Tower w/o Radar,12,12,5,0,29,0,3,42,3,48,12,15,47,3,77,138,0,138,215
11/16/2019,HLN,MT,ANM,WE,Combination Non-Radar Approach Control & Tower w/o Radar,9,7,1,0,17,0,8,20,7,35,9,15,21,7,52,44,0,44,96
11/17/2019,HLN,MT,ANM,WE,Combination Non-Radar Approach Control & Tower w/o Radar,7,5,0,0,12,0,0,5,2,7,7,5,5,2,19,0,0,0,19
11/18/2019,HLN,MT,ANM,WE,Combination Non-Radar Approach Control & Tower w/o Radar,9,7,8,0,24,0,2,42,0,44,9,9,50,0,68,112,0,112,180
11/19/2019,HLN,MT,ANM,WE,Combination Non-Radar Approach Control & Tower w/o Radar,7,12,12,1,32,0,0,17,4,21,7,12,29,5,53,64,4,68,121
11/20/2019,HLN,MT,ANM,WE,Combination Non-Radar Approach Control & Tower w/o Radar,6,13,11,2,32,1,4,17,10,32,7,17,28,12,64,114,10,124,188
11/21/2019,HLN,MT,ANM,WE,Combination Non-Radar Approach Control & Tower w/o Radar,8,17,8,0,33,0,7,85,11,103,8,24,93,11,136,90,0,90,226
11/22/2019,HLN,MT,ANM,WE,Combination Non-Radar Approach Control & Tower w/o Radar,12,13,3,0,28,0,9,60,5,74,12,22,63,5,102,72,0,72,174
11/23/2019,HLN,MT,ANM,WE,Combination Non-Radar Approach Control & Tower w/o Radar,10,4,1,2,17,0,1,26,0,27,10,5,27,2,44,82,0,82,126
11/24/2019,HLN,MT,ANM,WE,Combination Non-Radar Approach Control & Tower w/o Radar,8,5,3,0,16,0,0,12,0,12,8,5,15,0,28,2,0,2,30
11/25/2019,HLN,MT,ANM,WE,Combination Non-Radar Approach Control & Tower w/o Radar,6,12,4,0,22,0,3,44,5,52,6,15,48,5,74,74,6,80,154
11/26/2019,HLN,MT,ANM,WE,Combination Non-Radar Approach Control & Tower w/o Radar,10,5,10,0,25,0,0,0,4,4,10,5,10,4,29,0,0,0,29
11/27/2019,HLN,MT,ANM,WE,Combination Non-Radar Approach Control & Tower w/o Radar,10,9,3,0,22,0,0,0,0,0,10,9,3,0,22,0,0,0,22
11/28/2019,HLN,MT,ANM,WE,Combination Non-Radar Approach Control & Tower w/o Radar,6,3,0,0,9,0,0,0,0,0,6,3,0,0,9,0,0,0,9
11/29/2019,HLN,MT,ANM,WE,Combination Non-Radar Approach Control & Tower w/o Radar,6,6,1,0,13,0,0,6,0,6,6,6,7,0,19,2,0,2,21
11/30/2019,HLN,MT,ANM,WE,Combination Non-Radar Approach Control & Tower w/o Radar,11,3,0,0,14,0,0,11,0,11,11,3,11,0,25,22,0,22,47
12/01/2019,HLN,MT,ANM,WE,Combination Non-Radar Approach Control & Tower w/o Radar,10,3,0,0,13,0,0,12,0,12,10,3,12,0,25,28,0,28,53
12/02/2019,HLN,MT,ANM,WE,Combination Non-Radar Approach Control & Tower w/o Radar,10,5,2,0,17,0,0,27,0,27,10,5,29,0,44,74,0,74,118
12/03/2019,HLN,MT,ANM,WE,Combination Non-Radar Approach Control & Tower w/o Radar,9,7,6,0,22,0,0,38,0,38,9,7,44,0,60,84,0,84,144
12/04/2019,HLN,MT,ANM,WE,Combination Non-Radar Approach Control & Tower w/o Radar,8,10,4,0,22,0,0,40,3,43,8,10,44,3,65,84,10,94,159
12/05/2019,HLN,MT,ANM,WE,Combination Non-Radar Approach Control & Tower w/o Radar,7,16,4,2,29,0,1,39,8,48,7,17,43,10,77,88,2,90,167
12/06/2019,HLN,MT,ANM,WE,Combination Non-Radar Approach Control & Tower w/o Radar,10,15,3,0,28,0,1,69,17,87,10,16,72,17,115,74,22,96,211
12/07/2019,HLN,MT,ANM,WE,Combination Non-Radar Approach Control & Tower w/o Radar,9,6,0,0,15,0,0,23,0,23,9,6,23,0,38,74,0,74,112
12/08/2019,HLN,MT,ANM,WE,Combination Non-Radar Approach Control & Tower w/o Radar,7,5,5,1,18,0,0,0,0,0,7,5,5,1,18,0,0,0,18
12/09/2019,HLN,MT,ANM,WE,Combination Non-Radar Approach Control & Tower w/o Radar,12,7,8,0,27,0,0,40,0,40,12,7,48,0,67,98,0,98,165
12/10/2019,HLN,MT,ANM,WE,Combination Non-Radar Approach Control & Tower w/o Radar,11,7,4,0,22,0,1,47,3,51,11,8,51,3,73,128,20,148,221
12/11/2019,HLN,MT,ANM,WE,Combination Non-Radar Approach Control & Tower w/o Radar,8,15,13,0,36,0,0,36,0,36,8,15,49,0,72,114,0,114,186
12/12/2019,HLN,MT,ANM,WE,Combination Non-Radar Approach Control & Tower w/o Radar,9,10,3,0,22,0,1,28,0,29,9,11,31,0,51,106,0,106,157
12/13/2019,HLN,MT,ANM,WE,Combination Non-Radar Approach Control & Tower w/o Radar,8,9,5,1,23,0,3,25,6,34,8,12,30,7,57,66,0,66,123
12/14/2019,HLN,MT,ANM,WE,Combination Non-Radar Approach Control & Tower w/o Radar,8,4,1,0,13,0,0,18,0,18,8,4,19,0,31,124,0,124,155
12/15/2019,HLN,MT,ANM,WE,Combination Non-Radar Approach Control & Tower w/o Radar,9,3,0,0,12,0,0,22,0,22,9,3,22,0,34,34,0,34,68
12/16/2019,HLN,MT,ANM,WE,Combination Non-Radar Approach Control & Tower w/o Radar,8,11,2,0,21,0,10,37,0,47,8,21,39,0,68,64,0,64,132
12/17/2019,HLN,MT,ANM,WE,Combination Non-Radar Approach Control & Tower w/o Radar,11,10,3,0,24,0,8,61,5,74,11,18,64,5,98,140,0,140,238
12/18/2019,HLN,MT,ANM,WE,Combination Non-Radar Approach Control & Tower w/o Radar,12,11,4,0,27,0,1,58,5,64,12,12,62,5,91,100,0,100,191
12/19/2019,HLN,MT,ANM,WE,Combination Non-Radar Approach Control & Tower w/o Radar,7,10,6,4,27,1,1,35,5,42,8,11,41,9,69,54,4,58,127
12/20/2019,HLN,MT,ANM,WE,Combination Non-Radar Approach Control & Tower w/o Radar,10,18,4,0,32,0,1,33,0,34,10,19,37,0,66,74,0,74,140
12/21/2019,HLN,MT,ANM,WE,Combination Non-Radar Approach Control & Tower w/o Radar,11,6,2,0,19,0,0,8,0,8,11,6,10,0,27,34,0,34,61
12/22/2019,HLN,MT,ANM,WE,Combination Non-Radar Approach Control & Tower w/o Radar,8,5,1,0,14,0,2,28,0,30,8,7,29,0,44,34,0,34,78
12/23/2019,HLN,MT,ANM,WE,Combination Non-Radar Approach Control & Tower w/o Radar,6,11,1,0,18,0,1,33,0,34,6,12,34,0,52,162,0,162,214
12/24/2019,HLN,MT,ANM,WE,Combination Non-Radar Approach Control & Tower w/o Radar,6,16,1,0,23,0,0,0,0,0,6,16,1,0,23,0,0,0,23
12/25/2019,HLN,MT,ANM,WE,Combination Non-Radar Approach Control & Tower w/o Radar,7,7,0,0,14,0,2,12,0,14,7,9,12,0,28,0,0,0,28
12/26/2019,HLN,MT,ANM,WE,Combination Non-Radar Approach Control & Tower w/o Radar,8,10,0,0,18,0,0,47,0,47,8,10,47,0,65,118,0,118,183
12/27/2019,HLN,MT,ANM,WE,Combination Non-Radar Approach Control & Tower w/o Radar,10,10,0,2,22,0,0,33,5,38,10,10,33,7,60,102,8,110,170
12/28/2019,HLN,MT,ANM,WE,Combination Non-Radar Approach Control & Tower w/o Radar,8,6,7,0,21,0,1,51,0,52,8,7,58,0,73,46,0,46,119
12/29/2019,HLN,MT,ANM,WE,Combination Non-Radar Approach Control & Tower w/o Radar,8,6,1,0,15,0,0,21,0,21,8,6,22,0,36,18,0,18,54
12/30/2019,HLN,MT,ANM,WE,Combination Non-Radar Approach Control & Tower w/o Radar,12,4,2,2,20,0,0,51,0,51,12,4,53,2,71,130,0,130,201
12/31/2019,HLN,MT,ANM,WE,Combination Non-Radar Approach Control & Tower w/o Radar,9,10,4,0,23,0,0,17,0,17,9,10,21,0,40,62,0,62,102
01/01/2020,HLN,MT,ANM,WE,Combination Non-Radar Approach Control & Tower w/o Radar,9,2,0,0,11,0,0,2,0,2,9,2,2,0,13,16,0,16,29
01/02/2020,HLN,MT,ANM,WE,Combination Non-Radar Approach Control & Tower w/o Radar,8,14,3,0,25,0,0,17,0,17,8,14,20,0,42,60,0,60,102
01/03/2020,HLN,MT,ANM,WE,Combination Non-Radar Approach Control & Tower w/o Radar,10,8,3,0,21,0,2,36,2,40,10,10,39,2,61,64,0,64,125
01/04/2020,HLN,MT,ANM,WE,Combination Non-Radar Approach Control & Tower w/o Radar,10,4,1,0,15,0,1,13,0,14,10,5,14,0,29,42,0,42,71
01/05/2020,HLN,MT,ANM,WE,Combination Non-Radar Approach Control & Tower w/o Radar,10,3,2,0,15,0,0,26,0,26,10,3,28,0,41,10,0,10,51
01/06/2020,HLN,MT,ANM,WE,Combination Non-Radar Approach Control & Tower w/o Radar,6,8,6,0,20,0,0,12,3,15,6,8,18,3,35,20,8,28,63
01/07/2020,HLN,MT,ANM,WE,Combination Non-Radar Approach Control & Tower w/o Radar,8,7,1,0,16,0,0,75,0,75,8,7,76,0,91,96,0,96,187
01/08/2020,HLN,MT,ANM,WE,Combination Non-Radar Approach Control & Tower w/o Radar,7,14,7,0,28,0,6,25,3,34,7,20,32,3,62,84,22,106,168
01/09/2020,HLN,MT,ANM,WE,Combination Non-Radar Approach Control & Tower w/o Radar,9,6,0,0,15,0,0,8,0,8,9,6,8,0,23,8,10,18,41
01/10/2020,HLN,MT,ANM,WE,Combination Non-Radar Approach Control & Tower w/o Radar,9,10,2,2,23,0,4,35,15,54,9,14,37,17,77,84,14,98,175
01/11/2020,HLN,MT,ANM,WE,Combination Non-Radar Approach Control & Tower w/o Radar,10,3,0,0,13,0,0,27,7,34,10,3,27,7,47,40,10,50,97
01/12/2020,HLN,MT,ANM,WE,Combination Non-Radar Approach Control & Tower w/o Radar,7,6,0,0,13,0,1,7,0,8,7,7,7,0,21,22,0,22,43
01/13/2020,HLN,MT,ANM,WE,Combination Non-Radar Approach Control & Tower w/o Radar,8,10,9,2,29,0,0,7,4,11,8,10,16,6,40,2,12,14,54
01/14/2020,HLN,MT,ANM,WE,Combination Non-Radar Approach Control & Tower w/o Radar,7,10,4,0,21,0,0,0,0,0,7,10,4,0,21,0,0,0,21
01/15/2020,HLN,MT,ANM,WE,Combination Non-Radar Approach Control & Tower w/o Radar,8,14,5,2,29,0,8,31,7,46,8,22,36,9,75,32,0,32,107
01/16/2020,HLN,MT,ANM,WE,Combination Non-Radar Approach Control & Tower w/o Radar,5,12,5,0,22,0,0,33,3,36,5,12,38,3,58,52,0,52,110
01/17/2020,HLN,MT,ANM,WE,Combination Non-Radar Approach Control & Tower w/o Radar,8,10,7,0,25,0,2,29,2,33,8,12,36,2,58,102,0,102,160
01/18/2020,HLN,MT,ANM,WE,Combination Non-Radar Approach Control & Tower w/o Radar,7,11,1,0,19,0,0,27,0,27,7,11,28,0,46,34,0,34,80
01/19/2020,HLN,MT,ANM,WE,Combination Non-Radar Approach Control & Tower w/o Radar,7,3,3,0,13,0,0,18,0,18,7,3,21,0,31,12,0,12,43
01/20/2020,HLN,MT,ANM,WE,Combination Non-Radar Approach Control & Tower w/o Radar,6,7,7,0,20,0,10,36,0,46,6,17,43,0,66,88,0,88,154
01/21/2020,HLN,MT,ANM,WE,Combination Non-Radar Approach Control & Tower w/o Radar,11,8,5,0,24,0,5,51,13,69,11,13,56,13,93,74,34,108,201
01/22/2020,HLN,MT,ANM,WE,Combination Non-Radar Approach Control & Tower w/o Radar,11,12,8,0,31,0,1,27,8,36,11,13,35,8,67,12,2,14,81
01/23/2020,HLN,MT,ANM,WE,Combination Non-Radar Approach Control & Tower w/o Radar,6,12,2,2,22,0,0,18,11,29,6,12,20,13,51,52,24,76,127
01/24/2020,HLN,MT,ANM,WE,Combination Non-Radar Approach Control & Tower w/o Radar,7,10,12,0,29,0,2,30,7,39,7,12,42,7,68,80,12,92,160
01/25/2020,HLN,MT,ANM,WE,Combination Non-Radar Approach Control & Tower w/o Radar,8,6,4,0,18,0,5,34,6,45,8,11,38,6,63,12,0,12,75
01/26/2020,HLN,MT,ANM,WE,Combination Non-Radar Approach Control & Tower w/o Radar,9,3,1,0,13,0,0,16,2,18,9,3,17,2,31,10,0,10,41
01/27/2020,HLN,MT,ANM,WE,Combination Non-Radar Approach Control & Tower w/o Radar,8,13,3,1,25,0,2,28,11,41,8,15,31,12,66,102,0,102,168
01/28/2020,HLN,MT,ANM,WE,Combination Non-Radar Approach Control & Tower w/o Radar,8,13,6,0,27,0,2,37,4,43,8,15,43,4,70,58,0,58,128
01/29/2020,HLN,MT,ANM,WE,Combination Non-Radar Approach Control & Tower w/o Radar,9,9,2,0,20,0,1,45,16,62,9,10,47,16,82,54,24,78,160
01/30/2020,HLN,MT,ANM,WE,Combination Non-Radar Approach Control & Tower w/o Radar,6,14,9,1,30,0,4,38,15,57,6,18,47,16,87,50,18,68,155
01/31/2020,HLN,MT,ANM,WE,Combination Non-Radar Approach Control & Tower w/o Radar,6,10,4,0,20,0,0,31,1,32,6,10,35,1,52,130,0,130,182
02/01/2020,HLN,MT,ANM,WE,Combination Non-Radar Approach Control & Tower w/o Radar,7,4,0,0,11,0,0,2,0,2,7,4,2,0,13,0,0,0,13
02/02/2020,HLN,MT,ANM,WE,Combination Non-Radar Approach Control & Tower w/o Radar,10,4,2,0,16,0,1,6,0,7,10,5,8,0,23,4,0,4,27
02/03/2020,HLN,MT,ANM,WE,Combination Non-Radar Approach Control & Tower w/o Radar,6,7,2,0,15,0,1,33,2,36,6,8,35,2,51,52,10,62,113
02/04/2020,HLN,MT,ANM,WE,Combination Non-Radar Approach Control & Tower w/o Radar,9,8,6,1,24,0,2,38,3,43,9,10,44,4,67,38,10,48,115
02/05/2020,HLN,MT,ANM,WE,Combination Non-Radar Approach Control & Tower w/o Radar,8,12,9,0,29,0,0,25,5,30,8,12,34,5,59,66,0,66,125
02/06/2020,HLN,MT,ANM,WE,Combination Non-Radar Approach Control & Tower w/o Radar,10,8,11,0,29,0,0,13,4,17,10,8,24,4,46,6,0,6,52
02/07/2020,HLN,MT,ANM,WE,Combination Non-Radar Approach Control & Tower w/o Radar,9,13,5,2,29,0,0,29,9,38,9,13,34,11,67,24,40,64,131
02/08/2020,HLN,MT,ANM,WE,Combination Non-Radar Approach Control & Tower w/o Radar,8,5,0,0,13,0,0,7,0,7,8,5,7,0,20,4,0,4,24
02/09/2020,HLN,MT,ANM,WE,Combination Non-Radar Approach Control & Tower w/o Radar,9,3,1,0,13,0,0,19,27,46,9,3,20,27,59,18,0,18,77
02/10/2020,HLN,MT,ANM,WE,Combination Non-Radar Approach Control & Tower w/o Radar,10,9,4,2,25,0,4,44,0,48,10,13,48,2,73,100,0,100,173
02/11/2020,HLN,MT,ANM,WE,Combination Non-Radar Approach Control & Tower w/o Radar,7,8,12,0,27,0,1,14,2,17,7,9,26,2,44,24,10,34,78
02/12/2020,HLN,MT,ANM,WE,Combination Non-Radar Approach Control & Tower w/o Radar,7,11,16,2,36,0,0,33,7,40,7,11,49,9,76,138,2,140,216
02/13/2020,HLN,MT,ANM,WE,Combination Non-Radar Approach Control & Tower w/o Radar,9,7,10,2,28,0,8,50,8,66,9,15,60,10,94,56,4,60,154
02/14/2020,HLN,MT,ANM,WE,Combination Non-Radar Approach Control & Tower w/o Radar,9,11,5,0,25,0,4,12,0,16,9,15,17,0,41,0,0,0,41
02/15/2020,HLN,MT,ANM,WE,Combination Non-Radar Approach Control & Tower w/o Radar,9,4,2,2,17,0,2,22,0,24,9,6,24,2,41,48,0,48,89
02/16/2020,HLN,MT,ANM,WE,Combination Non-Radar Approach Control & Tower w/o Radar,8,4,0,0,12,0,1,5,0,6,8,5,5,0,18,4,0,4,22
02/17/2020,HLN,MT,ANM,WE,Combination Non-Radar Approach Control & Tower w/o Radar,8,2,2,0,12,0,3,14,0,17,8,5,16,0,29,54,0,54,83
02/18/2020,HLN,MT,ANM,WE,Combination Non-Radar Approach Control & Tower w/o Radar,7,8,3,0,18,0,0,18,11,29,7,8,21,11,47,80,0,80,127
02/19/2020,HLN,MT,ANM,WE,Combination Non-Radar Approach Control & Tower w/o Radar,10,14,5,0,29,0,7,68,14,89,10,21,73,14,118,96,12,108,226
02/20/2020,HLN,MT,ANM,WE,Combination Non-Radar Approach Control & Tower w/o Radar,7,7,6,2,22,0,14,56,4,74,7,21,62,6,96,78,6,84,180
02/21/2020,HLN,MT,ANM,WE,Combination Non-Radar Approach Control & Tower w/o Radar,10,6,4,0,20,0,1,57,5,63,10,7,61,5,83,114,6,120,203
02/22/2020,HLN,MT,ANM,WE,Combination Non-Radar Approach Control & Tower w/o Radar,9,5,4,0,18,0,0,39,1,40,9,5,43,1,58,90,0,90,148
02/23/2020,HLN,MT,ANM,WE,Combination Non-Radar Approach Control & Tower w/o Radar,6,10,0,0,16,0,2,23,0,25,6,12,23,0,41,42,0,42,83
02/24/2020,HLN,MT,ANM,WE,Combination Non-Radar Approach Control & Tower w/o Radar,8,7,9,0,24,0,1,15,0,16,8,8,24,0,40,14,0,14,54
02/25/2020,HLN,MT,ANM,WE,Combination Non-Radar Approach Control & Tower w/o Radar,11,7,6,0,24,0,0,52,11,63,11,7,58,11,87,58,6,64,151
02/26/2020,HLN,MT,ANM,WE,Combination Non-Radar Approach Control & Tower w/o Radar,12,9,14,0,35,0,2,28,6,36,12,11,42,6,71,80,0,80,151
02/27/2020,HLN,MT,ANM,WE,Combination Non-Radar Approach Control & Tower w/o Radar,8,7,6,0,21,0,2,48,12,62,8,9,54,12,83,52,16,68,151
02/28/2020,HLN,MT,ANM,WE,Combination Non-Radar Approach Control & Tower w/o Radar,7,14,3,3,27,0,11,52,3,66,7,25,55,6,93,66,0,66,159
02/29/2020,HLN,MT,ANM,WE,Combination Non-Radar Approach Control & Tower w/o Radar,9,8,2,0,19,0,1,21,2,24,9,9,23,2,43,16,0,16,59
03/01/2020,HLN,MT,ANM,WE,Combination Non-Radar Approach Control & Tower w/o Radar,9,4,0,0,13,0,0,8,0,8,9,4,8,0,21,54,0,54,75
03/02/2020,HLN,MT,ANM,WE,Combination Non-Radar Approach Control & Tower w/o Radar,6,6,3,0,15,1,0,11,1,13,7,6,14,1,28,10,16,26,54
03/03/2020,HLN,MT,ANM,WE,Combination Non-Radar Approach Control & Tower w/o Radar,6,13,6,0,25,0,6,11,10,27,6,19,17,10,52,6,8,14,66
03/04/2020,HLN,MT,ANM,WE,Combination Non-Radar Approach Control & Tower w/o Radar,6,13,11,0,30,0,1,2,0,3,6,14,13,0,33,0,0,0,33
03/05/2020,HLN,MT,ANM,WE,Combination Non-Radar Approach Control & Tower w/o Radar,7,12,0,2,21,0,4,72,14,90,7,16,72,16,111,166,6,172,283
03/06/2020,HLN,MT,ANM,WE,Combination Non-Radar Approach Control & Tower w/o Radar,9,11,7,0,27,0,3,62,15,80,9,14,69,15,107,60,6,66,173
03/07/2020,HLN,MT,ANM,WE,Combination Non-Radar Approach Control & Tower w/o Radar,9,2,4,0,15,0,4,25,5,34,9,6,29,5,49,80,0,80,129
03/08/2020,HLN,MT,ANM,WE,Combination Non-Radar Approach Control & Tower w/o Radar,7,7,0,0,14,0,0,23,0,23,7,7,23,0,37,8,0,8,45
03/09/2020,HLN,MT,ANM,WE,Combination Non-Radar Approach Control & Tower w/o Radar,8,6,5,0,19,0,1,17,0,18,8,7,22,0,37,62,0,62,99
03/10/2020,HLN,MT,ANM,WE,Combination Non-Radar Approach Control & Tower w/o Radar,6,15,5,0,26,0,0,28,8,36,6,15,33,8,62,20,10,30,92
03/11/2020,HLN,MT,ANM,WE,Combination Non-Radar Approach Control & Tower w/o Radar,5,15,5,3,28,0,1,14,4,19,5,16,19,7,47,12,10,22,69
03/12/2020,HLN,MT,ANM,WE,Combination Non-Radar Approach Control & Tower w/o Radar,9,7,0,0,16,0,2,38,6,46,9,9,38,6,62,26,20,46,108
03/13/2020,HLN,MT,ANM,WE,Combination Non-Radar Approach Control & Tower w/o Radar,7,9,6,2,24,0,2,19,0,21,7,11,25,2,45,38,0,38,83
03/14/2020,HLN,MT,ANM,WE,Combination Non-Radar Approach Control & Tower w/o Radar,12,4,0,0,16,0,0,0,0,0,12,4,0,0,16,0,0,0,16
03/15/2020,HLN,MT,ANM,WE,Combination Non-Radar Approach Control & Tower w/o Radar,10,5,3,0,18,0,0,3,0,3,10,5,6,0,21,4,0,4,25
03/16/2020,HLN,MT,ANM,WE,Combination Non-Radar Approach Control & Tower w/o Radar,5,7,2,0,14,0,0,43,0,43,5,7,45,0,57,84,0,84,141
03/17/2020,HLN,MT,ANM,WE,Combination Non-Radar Approach Control & Tower w/o Radar,11,7,5,0,23,0,0,30,6,36,11,7,35,6,59,72,12,84,143
03/18/2020,HLN,MT,ANM,WE,Combination Non-Radar Approach Control & Tower w/o Radar,9,10,2,0,21,0,0,13,3,16,9,10,15,3,37,40,2,42,79
03/19/2020,HLN,MT,ANM,WE,Combination Non-Radar Approach Control & Tower w/o Radar,7,11,1,0,19,0,0,12,9,21,7,11,13,9,40,0,6,6,46
03/20/2020,HLN,MT,ANM,WE,Combination Non-Radar Approach Control & Tower w/o Radar,10,11,2,0,23,0,3,76,5,84,10,14,78,5,107,80,0,80,187
03/21/2020,HLN,MT,ANM,WE,Combination Non-Radar Approach Control & Tower w/o Radar,9,3,0,0,12,0,2,29,2,33,9,5,29,2,45,38,0,38,83
03/22/2020,HLN,MT,ANM,WE,Combination Non-Radar Approach Control & Tower w/o Radar,10,2,1,0,13,0,2,20,0,22,10,4,21,0,35,18,0,18,53
03/23/2020,HLN,MT,ANM,WE,Combination Non-Radar Approach Control & Tower w/o Radar,7,5,2,0,14,0,0,22,0,22,7,5,24,0,36,4,0,4,40
03/24/2020,HLN,MT,ANM,WE,Combination Non-Radar Approach Control & Tower w/o Radar,9,10,1,0,20,0,1,12,7,20,9,11,13,7,40,22,0,22,62
03/25/2020,HLN,MT,ANM,WE,Combination Non-Radar Approach Control & Tower w/o Radar,5,15,3,0,23,0,2,17,6,25,5,17,20,6,48,8,4,12,60
03/26/2020,HLN,MT,ANM,WE,Combination Non-Radar Approach Control & Tower w/o Radar,4,7,2,0,13,0,0,14,3,17,4,7,16,3,30,0,0,0,30
03/27/2020,HLN,MT,ANM,WE,Combination Non-Radar Approach Control & Tower w/o Radar,9,9,4,2,24,0,1,19,11,31,9,10,23,13,55,12,0,12,67
03/28/2020,HLN,MT,ANM,WE,Combination Non-Radar Approach Control & Tower w/o Radar,9,5,0,0,14,0,1,7,3,11,9,6,7,3,25,0,0,0,25
03/29/2020,HLN,MT,ANM,WE,Combination Non-Radar Approach Control & Tower w/o Radar,6,2,2,0,10,0,0,33,0,33,6,2,35,0,43,12,0,12,55
03/30/2020,HLN,MT,ANM,WE,Combination Non-Radar Approach Control & Tower w/o Radar,7,4,1,3,15,0,0,9,6,15,7,4,10,9,30,6,0,6,36
03/31/2020,HLN,MT,ANM,WE,Combination Non-Radar Approach Control & Tower w/o Radar,8,5,3,4,20,0,0,1,3,4,8,5,4,7,24,0,12,12,36
04/01/2020,HLN,MT,ANM,WE,Combination Non-Radar Approach Control & Tower w/o Radar,6,9,1,3,19,0,0,0,2,2,6,9,1,5,21,0,4,4,25
04/02/2020,HLN,MT,ANM,WE,Combination Non-Radar Approach Control & Tower w/o Radar,3,4,3,2,12,0,0,14,4,18,3,4,17,6,30,12,0,12,42
04/03/2020,HLN,MT,ANM,WE,Combination Non-Radar Approach Control & Tower w/o Radar,9,5,2,2,18,0,1,15,13,29,9,6,17,15,47,24,0,24,71
04/04/2020,HLN,MT,ANM,WE,Combination Non-Radar Approach Control & Tower w/o Radar,6,5,0,0,11,0,0,38,1,39,6,5,38,1,50,26,0,26,76
04/05/2020,HLN,MT,ANM,WE,Combination Non-Radar Approach Control & Tower w/o Radar,5,3,0,0,8,0,0,13,0,13,5,3,13,0,21,6,0,6,27
04/06/2020,HLN,MT,ANM,WE,Combination Non-Radar Approach Control & Tower w/o Radar,3,3,1,0,7,0,1,10,2,13,3,4,11,2,20,12,0,12,32
04/07/2020,HLN,MT,ANM,WE,Combination Non-Radar Approach Control & Tower w/o Radar,7,3,0,2,12,0,1,11,2,14,7,4,11,4,26,14,4,18,44
04/08/2020,HLN,MT,ANM,WE,Combination Non-Radar Approach Control & Tower w/o Radar,8,5,0,0,13,0,1,35,11,47,8,6,35,11,60,56,14,70,130
04/09/2020,HLN,MT,ANM,WE,Combination Non-Radar Approach Control & Tower w/o Radar,3,3,2,2,10,0,1,43,7,51,3,4,45,9,61,28,0,28,89
04/10/2020,HLN,MT,ANM,WE,Combination Non-Radar Approach Control & Tower w/o Radar,6,4,3,0,13,0,1,38,0,39,6,5,41,0,52,28,0,28,80
04/11/2020,HLN,MT,ANM,WE,Combination Non-Radar Approach Control & Tower w/o Radar,6,5,0,0,11,0,0,0,0,0,6,5,0,0,11,0,0,0,11
04/12/2020,HLN,MT,ANM,WE,Combination Non-Radar Approach Control & Tower w/o Radar,4,1,0,0,5,0,0,11,0,11,4,1,11,0,16,10,0,10,26
04/13/2020,HLN,MT,ANM,WE,Combination Non-Radar Approach Control & Tower w/o Radar,4,1,1,0,6,0,0,16,0,16,4,1,17,0,22,10,0,10,32
04/14/2020,HLN,MT,ANM,WE,Combination Non-Radar Approach Control & Tower w/o Radar,6,2,3,2,13,0,0,8,2,10,6,2,11,4,23,6,0,6,29
04/15/2020,HLN,MT,ANM,WE,Combination Non-Radar Approach Control & Tower w/o Radar,5,6,1,0,12,0,1,0,0,1,5,7,1,0,13,0,0,0,13
04/16/2020,HLN,MT,ANM,WE,Combination Non-Radar Approach Control & Tower w/o Radar,6,1,2,0,9,0,0,19,2,21,6,1,21,2,30,56,8,64,94
04/17/2020,HLN,MT,ANM,WE,Combination Non-Radar Approach Control & Tower w/o Radar,6,4,5,0,15,0,2,49,8,59,6,6,54,8,74,38,0,38,112
04/18/2020,HLN,MT,ANM,WE,Combination Non-Radar Approach Control & Tower w/o Radar,4,3,0,0,7,0,0,19,0,19,4,3,19,0,26,10,0,10,36
04/19/2020,HLN,MT,ANM,WE,Combination Non-Radar Approach Control & Tower w/o Radar,4,1,0,0,5,0,0,19,0,19,4,1,19,0,24,16,0,16,40
04/20/2020,HLN,MT,ANM,WE,Combination Non-Radar Approach Control & Tower w/o Radar,6,3,3,0,12,0,0,21,0,21,6,3,24,0,33,30,0,30,63
04/21/2020,HLN,MT,ANM,WE,Combination Non-Radar Approach Control & Tower w/o Radar,4,5,2,1,12,0,0,19,10,29,4,5,21,11,41,0,8,8,49
04/22/2020,HLN,MT,ANM,WE,Combination Non-Radar Approach Control & Tower w/o Radar,6,3,1,2,12,0,1,17,7,25,6,4,18,9,37,26,10,36,73
04/23/2020,HLN,MT,ANM,WE,Combination Non-Radar Approach Control & Tower w/o Radar,5,5,5,2,17,0,6,9,7,22,5,11,14,9,39,0,0,0,39
04/24/2020,HLN,MT,ANM,WE,Combination Non-Radar Approach Control & Tower w/o Radar,3,6,3,2,14,0,1,17,2,20,3,7,20,4,34,32,0,32,66
04/25/2020,HLN,MT,ANM,WE,Combination Non-Radar Approach Control & Tower w/o Radar,4,4,0,0,8,0,0,25,0,25,4,4,25,0,33,20,0,20,53
04/26/2020,HLN,MT,ANM,WE,Combination Non-Radar Approach Control & Tower w/o Radar,6,0,2,0,8,0,0,19,0,19,6,0,21,0,27,18,0,18,45
04/27/2020,HLN,MT,ANM,WE,Combination Non-Radar Approach Control & Tower w/o Radar,4,2,3,2,11,0,0,18,0,18,4,2,21,2,29,28,0,28,57
04/28/2020,HLN,MT,ANM,WE,Combination Non-Radar Approach Control & Tower w/o Radar,6,3,0,2,11,0,0,28,10,38,6,3,28,12,49,26,0,26,75
04/29/2020,HLN,MT,ANM,WE,Combination Non-Radar Approach Control & Tower w/o Radar,5,5,0,0,10,0,1,45,9,55,5,6,45,9,65,122,6,128,193
04/30/2020,HLN,MT,ANM,WE,Combination Non-Radar Approach Control & Tower w/o Radar,3,5,3,0,11,0,0,14,2,16,3,5,17,2,27,4,0,4,31
05/01/2020,HLN,MT,ANM,WE,Combination Non-Radar Approach Control & Tower w/o Radar,7,5,2,0,14,0,1,37,6,44,7,6,39,6,58,16,0,16,74
05/02/2020,HLN,MT,ANM,WE,Combination Non-Radar Approach Control & Tower w/o Radar,4,7,3,0,14,0,4,43,2,49,4,11,46,2,63,42,2,44,107
05/03/2020,HLN,MT,ANM,WE,Combination Non-Radar Approach Control & Tower w/o Radar,6,1,0,0,7,0,0,8,0,8,6,1,8,0,15,6,0,6,21
05/04/2020,HLN,MT,ANM,WE,Combination Non-Radar Approach Control & Tower w/o Radar,2,0,3,0,5,0,0,11,1,12,2,0,14,1,17,18,0,18,35
05/05/2020,HLN,MT,ANM,WE,Combination Non-Radar Approach Control & Tower w/o Radar,4,5,0,0,9,0,2,29,6,37,4,7,29,6,46,88,0,88,134
05/06/2020,HLN,MT,ANM,WE,Combination Non-Radar Approach Control & Tower w/o Radar,5,6,3,3,17,0,1,23,4,28,5,7,26,7,45,36,8,44,89
05/07/2020,HLN,MT,ANM,WE,Combination Non-Radar Approach Control & Tower w/o Radar,4,3,1,2,10,0,1,9,5,15,4,4,10,7,25,20,2,22,47
05/08/2020,HLN,MT,ANM,WE,Combination Non-Radar Approach Control & Tower w/o Radar,4,7,4,0,15,0,0,11,3,14,4,7,15,3,29,40,2,42,71
05/09/2020,HLN,MT,ANM,WE,Combination Non-Radar Approach Control & Tower w/o Radar,4,5,1,0,10,0,4,50,0,54,4,9,51,0,64,22,0,22,86
05/10/2020,HLN,MT,ANM,WE,Combination Non-Radar Approach Control & Tower w/o Radar,6,1,2,0,9,0,0,4,0,4,6,1,6,0,13,0,0,0,13
05/11/2020,HLN,MT,ANM,WE,Combination Non-Radar Approach Control & Tower w/o Radar,6,4,7,0,17,0,0,5,0,5,6,4,12,0,22,10,0,10,32
05/12/2020,HLN,MT,ANM,WE,Combination Non-Radar Approach Control & Tower w/o Radar,5,5,0,1,11,0,1,12,7,20,5,6,12,8,31,34,4,38,69
05/13/2020,HLN,MT,ANM,WE,Combination Non-Radar Approach Control & Tower w/o Radar,6,1,12,0,19,0,2,21,2,25,6,3,33,2,44,54,0,54,98
05/14/2020,HLN,MT,ANM,WE,Combination Non-Radar Approach Control & Tower w/o Radar,5,3,2,0,10,0,0,28,9,37,5,3,30,9,47,56,46,102,149
05/15/2020,HLN,MT,ANM,WE,Combination Non-Radar Approach Control & Tower w/o Radar,6,3,7,1,17,0,0,6,10,16,6,3,13,11,33,62,20,82,115
05/16/2020,HLN,MT,ANM,WE,Combination Non-Radar Approach Control & Tower w/o Radar,4,6,2,0,12,0,5,32,0,37,4,11,34,0,49,66,0,66,115
05/17/2020,HLN,MT,ANM,WE,Combination Non-Radar Approach Control & Tower w/o Radar,3,2,0,0,5,0,1,16,0,17,3,3,16,0,22,38,0,38,60
05/18/2020,HLN,MT,ANM,WE,Combination Non-Radar Approach Control & Tower w/o Radar,5,6,0,0,11,0,0,25,0,25,5,6,25,0,36,32,0,32,68
05/19/2020,HLN,MT,ANM,WE,Combination Non-Radar Approach Control & Tower w/o Radar,4,2,1,0,7,0,2,29,0,31,4,4,30,0,38,58,0,58,96
05/20/2020,HLN,MT,ANM,WE,Combination Non-Radar Approach Control & Tower w/o Radar,5,4,1,0,10,0,1,9,2,12,5,5,10,2,22,30,2,32,54
05/21/2020,HLN,MT,ANM,WE,Combination Non-Radar Approach Control & Tower w/o Radar,4,2,4,0,10,0,0,9,1,10,4,2,13,1,20,6,0,6,26
05/22/2020,HLN,MT,ANM,WE,Combination Non-Radar Approach Control & Tower w/o Radar,3,2,3,0,8,0,0,33,7,40,3,2,36,7,48,58,0,58,106
05/23/2020,HLN,MT,ANM,WE,Combination Non-Radar Approach Control & Tower w/o Radar,4,4,0,0,8,0,1,14,1,16,4,5,14,1,24,24,0,24,48
05/24/2020,HLN,MT,ANM,WE,Combination Non-Radar Approach Control & Tower w/o Radar,5,4,0,0,9,0,0,20,0,20,5,4,20,0,29,60,0,60,89
05/25/2020,HLN,MT,ANM,WE,Combination Non-Radar Approach Control & Tower w/o Radar,4,1,2,0,7,0,0,18,0,18,4,1,20,0,25,24,0,24,49
05/26/2020,HLN,MT,ANM,WE,Combination Non-Radar Approach Control & Tower w/o Radar,5,1,2,0,8,0,1,34,1,36,5,2,36,1,44,54,0,54,98
05/27/2020,HLN,MT,ANM,WE,Combination Non-Radar Approach Control & Tower w/o Radar,3,2,4,0,9,0,2,49,2,53,3,4,53,2,62,62,10,72,134
05/28/2020,HLN,MT,ANM,WE,Combination Non-Radar Approach Control & Tower w/o Radar,5,3,3,0,11,0,4,70,8,82,5,7,73,8,93,62,40,102,195
05/29/2020,HLN,MT,ANM,WE,Combination Non-Radar Approach Control & Tower w/o Radar,4,3,5,0,12,0,2,38,2,42,4,5,43,2,54,62,0,62,116
05/30/2020,HLN,MT,ANM,WE,Combination Non-Radar Approach Control & Tower w/o Radar,4,5,0,0,9,0,1,38,0,39,4,6,38,0,48,50,0,50,98
05/31/2020,HLN,MT,ANM,WE,Combination Non-Radar Approach Control & Tower w/o Radar,4,4,0,0,8,0,0,12,0,12,4,4,12,0,20,0,0,0,20
06/01/2020,HLN,MT,ANM,WE,Combination Non-Radar Approach Control & Tower w/o Radar,3,2,2,0,7,0,6,16,0,22,3,8,18,0,29,4,0,4,33
06/02/2020,HLN,MT,ANM,WE,Combination Non-Radar Approach Control & Tower w/o Radar,4,3,3,0,10,0,5,26,1,32,4,8,29,1,42,20,0,20,62
06/03/2020,HLN,MT,ANM,WE,Combination Non-Radar Approach Control & Tower w/o Radar,5,6,3,1,15,0,0,23,1,24,5,6,26,2,39,32,0,32,71
06/04/2020,HLN,MT,ANM,WE,Combination Non-Radar Approach Control & Tower w/o Radar,4,4,2,0,10,0,0,35,4,39,4,4,37,4,49,54,0,54,103
06/05/2020,HLN,MT,ANM,WE,Combination Non-Radar Approach Control & Tower w/o Radar,5,5,3,0,13,0,2,41,9,52,5,7,44,9,65,44,4,48,113
06/06/2020,HLN,MT,ANM,WE,Combination Non-Radar Approach Control & Tower w/o Radar,5,6,1,0,12,0,1,0,6,7,5,7,1,6,19,0,0,0,19
06/07/2020,HLN,MT,ANM,WE,Combination Non-Radar Approach Control & Tower w/o Radar,4,3,3,0,10,0,0,9,4,13,4,3,12,4,23,2,0,2,25
06/08/2020,HLN,MT,ANM,WE,Combination Non-Radar Approach Control & Tower w/o Radar,4,2,3,1,10,0,0,1,0,1,4,2,4,1,11,0,0,0,11
06/09/2020,HLN,MT,ANM,WE,Combination Non-Radar Approach Control & Tower w/o Radar,6,3,3,0,12,0,0,22,0,22,6,3,25,0,34,14,0,14,48
06/10/2020,HLN,MT,ANM,WE,Combination Non-Radar Approach Control & Tower w/o Radar,2,4,9,0,15,0,0,25,3,28,2,4,34,3,43,58,2,60,103
06/11/2020,HLN,MT,ANM,WE,Combination Non-Radar Approach Control & Tower w/o Radar,4,5,4,2,15,0,1,44,1,46,4,6,48,3,61,84,0,84,145
06/12/2020,HLN,MT,ANM,WE,Combination Non-Radar Approach Control & Tower w/o Radar,6,2,6,0,14,0,0,36,12,48,6,2,42,12,62,72,4,76,138
06/13/2020,HLN,MT,ANM,WE,Combination Non-Radar Approach Control & Tower w/o Radar,5,4,7,0,16,0,0,36,3,39,5,4,43,3,55,98,0,98,153
06/14/2020,HLN,MT,ANM,WE,Combination Non-Radar Approach Control & Tower w/o Radar,4,0,0,0,4,0,0,8,0,8,4,0,8,0,12,26,0,26,38
06/15/2020,HLN,MT,ANM,WE,Combination Non-Radar Approach Control & Tower w/o Radar,4,3,2,0,9,0,2,27,5,34,4,5,29,5,43,22,0,22,65
06/16/2020,HLN,MT,ANM,WE,Combination Non-Radar Approach Control & Tower w/o Radar,5,5,3,1,14,0,2,1,0,3,5,7,4,1,17,0,0,0,17
06/17/2020,HLN,MT,ANM,WE,Combination Non-Radar Approach Control & Tower w/o Radar,3,6,3,1,13,0,0,0,0,0,3,6,3,1,13,0,0,0,13
06/18/2020,HLN,MT,ANM,WE,Combination Non-Radar Approach Control & Tower w/o Radar,4,3,2,0,9,0,0,11,5,16,4,3,13,5,25,6,32,38,63
06/19/2020,HLN,MT,ANM,WE,Combination Non-Radar Approach Control & Tower w/o Radar,6,4,3,0,13,0,0,28,8,36,6,4,31,8,49,48,0,48,97
06/20/2020,HLN,MT,ANM,WE,Combination Non-Radar Approach Control & Tower w/o Radar,6,3,7,0,16,2,8,43,0,53,8,11,50,0,69,66,0,66,135
06/21/2020,HLN,MT,ANM,WE,Combination Non-Radar Approach Control & Tower w/o Radar,4,0,2,0,6,0,0,16,0,16,4,0,18,0,22,20,0,20,42
06/22/2020,HLN,MT,ANM,WE,Combination Non-Radar Approach Control & Tower w/o Radar,2,0,3,0,5,0,2,37,0,39,2,2,40,0,44,48,0,48,92
06/23/2020,HLN,MT,ANM,WE,Combination Non-Radar Approach Control & Tower w/o Radar,5,4,1,0,10,0,9,61,1,71,5,13,62,1,81,82,0,82,163
06/24/2020,HLN,MT,ANM,WE,Combination Non-Radar Approach Control & Tower w/o Radar,4,4,7,2,17,0,1,50,5,56,4,5,57,7,73,152,0,152,225
06/25/2020,HLN,MT,ANM,WE,Combination Non-Radar Approach Control & Tower w/o Radar,4,2,6,0,12,0,2,47,0,49,4,4,53,0,61,34,0,34,95
06/26/2020,HLN,MT,ANM,WE,Combination Non-Radar Approach Control & Tower w/o Radar,5,10,2,0,17,0,8,39,5,52,5,18,41,5,69,76,0,76,145
06/27/2020,HLN,MT,ANM,WE,Combination Non-Radar Approach Control & Tower w/o Radar,4,5,4,2,15,0,1,25,3,29,4,6,29,5,44,22,0,22,66
06/28/2020,HLN,MT,ANM,WE,Combination Non-Radar Approach Control & Tower w/o Radar,4,0,0,0,4,0,2,15,0,17,4,2,15,0,21,74,0,74,95
06/29/2020,HLN,MT,ANM,WE,Combination Non-Radar Approach Control & Tower w/o Radar,4,1,4,1,10,0,0,1,0,1,4,1,5,1,11,16,0,16,27
06/30/2020,HLN,MT,ANM,WE,Combination Non-Radar Approach Control & Tower w/o Radar,4,7,2,1,14,0,0,21,9,30,4,7,23,10,44,126,16,142,186
07/01/2020,HLN,MT,ANM,WE,Combination Non-Radar Approach Control & Tower w/o Radar,6,2,0,0,8,0,1,28,20,49,6,3,28,20,57,56,0,56,113
07/02/2020,HLN,MT,ANM,WE,Combination Non-Radar Approach Control & Tower w/o Radar,4,3,6,0,13,6,4,47,6,63,10,7,53,6,76,54,0,54,130
07/03/2020,HLN,MT,ANM,WE,Combination Non-Radar Approach Control & Tower w/o Radar,5,3,7,0,15,0,0,38,0,38,5,3,45,0,53,80,0,80,133
07/04/2020,HLN,MT,ANM,WE,Combination Non-Radar Approach Control & Tower w/o Radar,4,2,0,0,6,3,0,20,0,23,7,2,20,0,29,14,0,14,43
07/05/2020,HLN,MT,ANM,WE,Combination Non-Radar Approach Control & Tower w/o Radar,4,0,2,0,6,1,2,25,0,28,5,2,27,0,34,42,0,42,76
07/06/2020,HLN,MT,ANM,WE,Combination Non-Radar Approach Control & Tower w/o Radar,4,0,5,0,9,1,3,38,0,42,5,3,43,0,51,50,0,50,101
07/07/2020,HLN,MT,ANM,WE,Combination Non-Radar Approach Control & Tower w/o Radar,4,3,1,0,8,0,1,24,2,27,4,4,25,2,35,44,0,44,79
07/08/2020,HLN,MT,ANM,WE,Combination Non-Radar Approach Control & Tower w/o Radar,5,8,7,2,22,0,14,28,4,46,5,22,35,6,68,54,0,54,122
07/09/2020,HLN,MT,ANM,WE,Combination Non-Radar Approach Control & Tower w/o Radar,5,1,2,0,8,6,1,50,7,64,11,2,52,7,72,46,0,46,118
07/10/2020,HLN,MT,ANM,WE,Combination Non-Radar Approach Control & Tower w/o Radar,4,2,2,0,8,0,2,23,0,25,4,4,25,0,33,50,0,50,83
07/11/2020,HLN,MT,ANM,WE,Combination Non-Radar Approach Control & Tower w/o Radar,4,3,2,0,9,0,11,56,9,76,4,14,58,9,85,104,0,104,189
07/12/2020,HLN,MT,ANM,WE,Combination Non-Radar Approach Control & Tower w/o Radar,0,0,2,0,2,0,0,37,1,38,0,0,39,1,40,72,0,72,112
07/13/2020,HLN,MT,ANM,WE,Combination Non-Radar Approach Control & Tower w/o Radar,3,4,3,0,10,0,2,24,0,26,3,6,27,0,36,14,0,14,50
07/14/2020,HLN,MT,ANM,WE,Combination Non-Radar Approach Control & Tower w/o Radar,4,4,1,0,9,0,0,31,7,38,4,4,32,7,47,28,8,36,83
07/15/2020,HLN,MT,ANM,WE,Combination Non-Radar Approach Control & Tower w/o Radar,4,6,3,0,13,0,0,47,2,49,4,6,50,2,62,18,0,18,80
07/16/2020,HLN,MT,ANM,WE,Combination Non-Radar Approach Control & Tower w/o Radar,4,4,1,0,9,0,2,45,1,48,4,6,46,1,57,96,0,96,153
07/17/2020,HLN,MT,ANM,WE,Combination Non-Radar Approach Control & Tower w/o Radar,4,4,5,0,13,0,0,41,7,48,4,4,46,7,61,42,0,42,103
07/18/2020,HLN,MT,ANM,WE,Combination Non-Radar Approach Control & Tower w/o Radar,4,3,1,0,8,0,0,28,0,28,4,3,29,0,36,8,0,8,44
07/19/2020,HLN,MT,ANM,WE,Combination Non-Radar Approach Control & Tower w/o Radar,4,1,1,0,6,0,1,21,0,22,4,2,22,0,28,8,0,8,36
07/20/2020,HLN,MT,ANM,WE,Combination Non-Radar Approach Control & Tower w/o Radar,4,0,2,0,6,0,0,28,2,30,4,0,30,2,36,28,0,28,64
07/21/2020,HLN,MT,ANM,WE,Combination Non-Radar Approach Control & Tower w/o Radar,2,4,2,1,9,1,3,50,6,60,3,7,52,7,69,106,12,118,187
07/22/2020,HLN,MT,ANM,WE,Combination Non-Radar Approach Control & Tower w/o Radar,4,6,4,0,14,0,1,30,1,32,4,7,34,1,46,72,0,72,118
07/23/2020,HLN,MT,ANM,WE,Combination Non-Radar Approach Control & Tower w/o Radar,5,3,8,2,18,0,1,29,0,30,5,4,37,2,48,66,0,66,114
07/24/2020,HLN,MT,ANM,WE,Combination Non-Radar Approach Control & Tower w/o Radar,4,1,2,0,7,0,3,36,5,44,4,4,38,5,51,60,6,66,117
07/25/2020,HLN,MT,ANM,WE,Combination Non-Radar Approach Control & Tower w/o Radar,4,3,0,0,7,0,0,42,0,42,4,3,42,0,49,48,0,48,97
07/26/2020,HLN,MT,ANM,WE,Combination Non-Radar Approach Control & Tower w/o Radar,5,2,0,0,7,0,0,24,0,24,5,2,24,0,31,32,0,32,63
07/27/2020,HLN,MT,ANM,WE,Combination Non-Radar Approach Control & Tower w/o Radar,5,5,3,0,13,0,0,42,2,44,5,5,45,2,57,38,0,38,95
07/28/2020,HLN,MT,ANM,WE,Combination Non-Radar Approach Control & Tower w/o Radar,4,3,0,0,7,0,2,31,5,38,4,5,31,5,45,64,0,64,109
07/29/2020,HLN,MT,ANM,WE,Combination Non-Radar Approach Control & Tower w/o Radar,4,6,2,0,12,0,1,25,4,30,4,7,27,4,42,34,0,34,76
07/30/2020,HLN,MT,ANM,WE,Combination Non-Radar Approach Control & Tower w/o Radar,4,4,7,2,17,0,0,25,17,42,4,4,32,19,59,40,14,54,113
07/31/2020,HLN,MT,ANM,WE,Combination Non-Radar Approach Control & Tower w/o Radar,5,3,4,0,12,0,0,27,15,42,5,3,31,15,54,66,0,66,120
08/01/2020,HLN,MT,ANM,WE,Combination Non-Radar Approach Control & Tower w/o Radar,3,7,0,0,10,0,0,47,2,49,3,7,47,2,59,24,0,24,83
08/02/2020,HLN,MT,ANM,WE,Combination Non-Radar Approach Control & Tower w/o Radar,3,6,3,2,14,0,4,27,2,33,3,10,30,4,47,42,0,42,89
08/03/2020,HLN,MT,ANM,WE,Combination Non-Radar Approach Control & Tower w/o Radar,4,0,3,0,7,0,3,23,0,26,4,3,26,0,33,78,0,78,111
08/04/2020,HLN,MT,ANM,WE,Combination Non-Radar Approach Control & Tower w/o Radar,8,4,3,0,15,0,1,56,4,61,8,5,59,4,76,52,0,52,128
08/05/2020,HLN,MT,ANM,WE,Combination Non-Radar Approach Control & Tower w/o Radar,4,5,5,2,16,0,3,23,1,27,4,8,28,3,43,20,0,20,63
08/06/2020,HLN,MT,ANM,WE,Combination Non-Radar Approach Control & Tower w/o Radar,5,6,1,0,12,0,0,19,3,22,5,6,20,3,34,38,0,38,72
08/07/2020,HLN,MT,ANM,WE,Combination Non-Radar Approach Control & Tower w/o Radar,5,4,6,0,15,0,2,39,0,41,5,6,45,0,56,58,0,58,114
08/08/2020,HLN,MT,ANM,WE,Combination Non-Radar Approach Control & Tower w/o Radar,4,4,0,0,8,0,12,29,9,50,4,16,29,9,58,54,0,54,112
08/09/2020,HLN,MT,ANM,WE,Combination Non-Radar Approach Control & Tower w/o Radar,2,3,2,0,7,0,1,52,0,53,2,4,54,0,60,32,0,32,92
08/10/2020,HLN,MT,ANM,WE,Combination Non-Radar Approach Control & Tower w/o Radar,3,3,6,0,12,0,5,40,0,45,3,8,46,0,57,62,0,62,119
08/11/2020,HLN,MT,ANM,WE,Combination Non-Radar Approach Control & Tower w/o Radar,3,3,1,0,7,0,2,50,7,59,3,5,51,7,66,66,2,68,134
08/12/2020,HLN,MT,ANM,WE,Combination Non-Radar Approach Control & Tower w/o Radar,6,6,3,0,15,0,0,25,2,27,6,6,28,2,42,34,0,34,76
08/13/2020,HLN,MT,ANM,WE,Combination Non-Radar Approach Control & Tower w/o Radar,4,4,4,2,14,0,5,29,8,42,4,9,33,10,56,16,8,24,80
08/14/2020,HLN,MT,ANM,WE,Combination Non-Radar Approach Control & Tower w/o Radar,4,3,5,0,12,2,3,38,0,43,6,6,43,0,55,22,0,22,77
08/15/2020,HLN,MT,ANM,WE,Combination Non-Radar Approach Control & Tower w/o Radar,4,5,0,0,9,3,23,36,0,62,7,28,36,0,71,20,0,20,91
08/16/2020,HLN,MT,ANM,WE,Combination Non-Radar Approach Control & Tower w/o Radar,4,1,3,0,8,0,1,27,0,28,4,2,30,0,36,36,0,36,72
08/17/2020,HLN,MT,ANM,WE,Combination Non-Radar Approach Control & Tower w/o Radar,6,2,1,2,11,0,2,27,3,32,6,4,28,5,43,58,18,76,119
08/18/2020,HLN,MT,ANM,WE,Combination Non-Radar Approach Control & Tower w/o Radar,3,3,3,0,9,0,6,39,5,50,3,9,42,5,59,48,0,48,107
08/19/2020,HLN,MT,ANM,WE,Combination Non-Radar Approach Control & Tower w/o Radar,4,8,6,0,18,0,8,20,3,31,4,16,26,3,49,38,2,40,89
08/20/2020,HLN,MT,ANM,WE,Combination Non-Radar Approach Control & Tower w/o Radar,4,3,5,1,13,0,3,35,2,40,4,6,40,3,53,96,0,96,149
08/21/2020,HLN,MT,ANM,WE,Combination Non-Radar Approach Control & Tower w/o Radar,3,4,12,1,20,0,0,41,16,57,3,4,53,17,77,38,0,38,115
08/22/2020,HLN,MT,ANM,WE,Combination Non-Radar Approach Control & Tower w/o Radar,6,6,8,3,23,0,0,17,11,28,6,6,25,14,51,60,6,66,117
08/23/2020,HLN,MT,ANM,WE,Combination Non-Radar Approach Control & Tower w/o Radar,4,1,3,1,9,0,0,29,0,29,4,1,32,1,38,8,0,8,46
08/24/2020,HLN,MT,ANM,WE,Combination Non-Radar Approach Control & Tower w/o Radar,4,1,3,0,8,0,0,22,0,22,4,1,25,0,30,10,0,10,40
08/25/2020,HLN,MT,ANM,WE,Combination Non-Radar Approach Control & Tower w/o Radar,4,4,2,1,11,0,6,14,5,25,4,10,16,6,36,4,8,12,48
08/26/2020,HLN,MT,ANM,WE,Combination Non-Radar Approach Control & Tower w/o Radar,5,2,3,3,13,0,1,32,3,36,5,3,35,6,49,8,0,8,57
08/27/2020,HLN,MT,ANM,WE,Combination Non-Radar Approach Control & Tower w/o Radar,4,4,4,1,13,0,2,19,6,27,4,6,23,7,40,18,0,18,58
08/28/2020,HLN,MT,ANM,WE,Combination Non-Radar Approach Control & Tower w/o Radar,4,1,7,1,13,0,1,67,6,74,4,2,74,7,87,100,2,102,189
08/29/2020,HLN,MT,ANM,WE,Combination Non-Radar Approach Control & Tower w/o Radar,4,6,4,0,14,0,1,39,0,40,4,7,43,0,54,14,0,14,68
08/30/2020,HLN,MT,ANM,WE,Combination Non-Radar Approach Control & Tower w/o Radar,4,1,1,0,6,0,0,5,0,5,4,1,6,0,11,22,0,22,33
08/31/2020,HLN,MT,ANM,WE,Combination Non-Radar Approach Control & Tower w/o Radar,3,0,4,2,9,0,0,9,1,10,3,0,13,3,19,26,4,30,49
09/01/2020,HLN,MT,ANM,WE,Combination Non-Radar Approach Control & Tower w/o Radar,3,5,3,0,11,0,0,33,2,35,3,5,36,2,46,32,4,36,82
09/02/2020,HLN,MT,ANM,WE,Combination Non-Radar Approach Control & Tower w/o Radar,5,4,2,0,11,0,7,17,0,24,5,11,19,0,35,50,0,50,85
09/03/2020,HLN,MT,ANM,WE,Combination Non-Radar Approach Control & Tower w/o Radar,4,5,0,0,9,12,5,33,7,57,16,10,33,7,66,74,4,78,144
09/04/2020,HLN,MT,ANM,WE,Combination Non-Radar Approach Control & Tower w/o Radar,4,0,9,0,13,12,5,78,5,100,16,5,87,5,113,108,0,108,221
09/05/2020,HLN,MT,ANM,WE,Combination Non-Radar Approach Control & Tower w/o Radar,4,2,1,0,7,11,4,30,0,45,15,6,31,0,52,74,0,74,126
09/06/2020,HLN,MT,ANM,WE,Combination Non-Radar Approach Control & Tower w/o Radar,4,0,2,0,6,54,19,23,0,96,58,19,25,0,102,20,0,20,122
09/07/2020,HLN,MT,ANM,WE,Combination Non-Radar Approach Control & Tower w/o Radar,4,3,3,0,10,0,0,1,0,1,4,3,4,0,11,0,0,0,11
09/08/2020,HLN,MT,ANM,WE,Combination Non-Radar Approach Control & Tower w/o Radar,4,3,5,2,14,0,3,42,3,48,4,6,47,5,62,44,0,44,106
09/09/2020,HLN,MT,ANM,WE,Combination Non-Radar Approach Control & Tower w/o Radar,4,4,2,1,11,0,1,33,4,38,4,5,35,5,49,96,0,96,145
09/10/2020,HLN,MT,ANM,WE,Combination Non-Radar Approach Control & Tower w/o Radar,4,6,3,3,16,0,0,50,7,57,4,6,53,10,73,102,0,102,175
09/11/2020,HLN,MT,ANM,WE,Combination Non-Radar Approach Control & Tower w/o Radar,3,3,3,2,11,0,10,53,9,72,3,13,56,11,83,126,10,136,219
09/12/2020,HLN,MT,ANM,WE,Combination Non-Radar Approach Control & Tower w/o Radar,3,3,2,0,8,0,1,43,15,59,3,4,45,15,67,56,12,68,135
09/13/2020,HLN,MT,ANM,WE,Combination Non-Radar Approach Control & Tower w/o Radar,5,0,3,2,10,1,0,19,3,23,6,0,22,5,33,34,0,34,67
09/14/2020,HLN,MT,ANM,WE,Combination Non-Radar Approach Control & Tower w/o Radar,4,3,4,1,12,0,1,6,1,8,4,4,10,2,20,34,8,42,62
09/15/2020,HLN,MT,ANM,WE,Combination Non-Radar Approach Control & Tower w/o Radar,4,6,7,1,18,1,0,5,1,7,5,6,12,2,25,34,0,34,59
09/16/2020,HLN,MT,ANM,WE,Combination Non-Radar Approach Control & Tower w/o Radar,4,5,3,0,12,0,0,31,2,33,4,5,34,2,45,52,0,52,97
09/17/2020,HLN,MT,ANM,WE,Combination Non-Radar Approach Control & Tower w/o Radar,4,4,4,1,13,0,2,9,2,13,4,6,13,3,26,66,0,66,92
09/18/2020,HLN,MT,ANM,WE,Combination Non-Radar Approach Control & Tower w/o Radar,4,7,2,0,13,0,1,10,2,13,4,8,12,2,26,106,0,106,132
09/19/2020,HLN,MT,ANM,WE,Combination Non-Radar Approach Control & Tower w/o Radar,4,7,6,0,17,0,0,8,3,11,4,7,14,3,28,46,0,46,74
09/20/2020,HLN,MT,ANM,WE,Combination Non-Radar Approach Control & Tower w/o Radar,4,2,2,1,9,0,0,11,0,11,4,2,13,1,20,14,0,14,34
09/21/2020,HLN,MT,ANM,WE,Combination Non-Radar Approach Control & Tower w/o Radar,4,0,6,0,10,0,1,45,2,48,4,1,51,2,58,54,0,54,112
09/22/2020,HLN,MT,ANM,WE,Combination Non-Radar Approach Control & Tower w/o Radar,4,3,3,0,10,2,1,34,3,40,6,4,37,3,50,30,8,38,88
09/23/2020,HLN,MT,ANM,WE,Combination Non-Radar Approach Control & Tower w/o Radar,3,7,5,0,15,0,1,46,6,53,3,8,51,6,68,56,0,56,124
09/24/2020,HLN,MT,ANM,WE,Combination Non-Radar Approach Control & Tower w/o Radar,4,0,2,0,6,0,0,20,5,25,4,0,22,5,31,6,0,6,37
09/25/2020,HLN,MT,ANM,WE,Combination Non-Radar Approach Control & Tower w/o Radar,4,4,7,1,16,0,1,42,5,48,4,5,49,6,64,42,0,42,106
09/26/2020,HLN,MT,ANM,WE,Combination Non-Radar Approach Control & Tower w/o Radar,4,3,0,0,7,0,2,5,0,7,4,5,5,0,14,30,0,30,44
09/27/2020,HLN,MT,ANM,WE,Combination Non-Radar Approach Control & Tower w/o Radar,3,0,2,0,5,0,0,21,0,21,3,0,23,0,26,14,0,14,40
09/28/2020,HLN,MT,ANM,WE,Combination Non-Radar Approach Control & Tower w/o Radar,4,1,1,0,6,0,0,57,6,63,4,1,58,6,69,108,28,136,205
09/29/2020,HLN,MT,ANM,WE,Combination Non-Radar Approach Control & Tower w/o Radar,4,3,6,2,15,0,0,38,1,39,4,3,44,3,54,28,4,32,86
09/30/2020,HLN,MT,ANM,WE,Combination Non-Radar Approach Control & Tower w/o Radar,4,1,2,2,9,0,1,54,0,55,4,2,56,2,64,43,0,43,107
10/01/2020,HLN,MT,ANM,WE,Combination Non-Radar Approach Control & Tower w/o Radar,4,0,5,1,10,0,4,60,4,68,4,4,65,5,78,100,4,104,182
10/02/2020,HLN,MT,ANM,WE,Combination Non-Radar Approach Control & Tower w/o Radar,4,0,3,2,9,0,0,46,2,48,4,0,49,4,57,84,12,96,153
10/03/2020,HLN,MT,ANM,WE,Combination Non-Radar Approach Control & Tower w/o Radar,4,5,8,0,17,0,6,43,7,56,4,11,51,7,73,28,0,28,101
10/04/2020,HLN,MT,ANM,WE,Combination Non-Radar Approach Control & Tower w/o Radar,4,4,4,0,12,21,17,25,0,63,25,21,29,0,75,24,0,24,99
10/05/2020,HLN,MT,ANM,WE,Combination Non-Radar Approach Control & Tower w/o Radar,6,3,3,0,12,4,7,34,1,46,10,10,37,1,58,20,0,20,78
10/06/2020,HLN,MT,ANM,WE,Combination Non-Radar Approach Control & Tower w/o Radar,4,3,10,2,19,27,5,27,0,59,31,8,37,2,78,26,0,26,104
10/07/2020,HLN,MT,ANM,WE,Combination Non-Radar Approach Control & Tower w/o Radar,4,7,5,0,16,1,3,44,2,50,5,10,49,2,66,88,10,98,164
10/08/2020,HLN,MT,ANM,WE,Combination Non-Radar Approach Control & Tower w/o Radar,4,1,1,0,6,0,0,41,4,45,4,1,42,4,51,90,14,104,155
10/09/2020,HLN,MT,ANM,WE,Combination Non-Radar Approach Control & Tower w/o Radar,4,1,1,0,6,4,0,45,4,53,8,1,46,4,59,50,10,60,119
10/10/2020,HLN,MT,ANM,WE,Combination Non-Radar Approach Control & Tower w/o Radar,2,2,1,0,5,5,3,34,0,42,7,5,35,0,47,32,0,32,79
10/11/2020,HLN,MT,ANM,WE,Combination Non-Radar Approach Control & Tower w/o Radar,5,0,0,0,5,0,1,4,0,5,5,1,4,0,10,0,0,0,10
10/12/2020,HLN,MT,ANM,WE,Combination Non-Radar Approach Control & Tower w/o Radar,4,6,3,0,13,0,1,6,0,7,4,7,9,0,20,0,0,0,20
10/13/2020,HLN,MT,ANM,WE,Combination Non-Radar Approach Control & Tower w/o Radar,4,5,8,0,17,0,0,24,0,24,4,5,32,0,41,82,0,82,123
10/14/2020,HLN,MT,ANM,WE,Combination Non-Radar Approach Control & Tower w/o Radar,5,7,1,0,13,0,1,2,2,5,5,8,3,2,18,0,0,0,18
10/15/2020,HLN,MT,ANM,WE,Combination Non-Radar Approach Control & Tower w/o Radar,4,2,2,2,10,0,0,24,8,32,4,2,26,10,42,24,34,58,100
10/16/2020,HLN,MT,ANM,WE,Combination Non-Radar Approach Control & Tower w/o Radar,4,9,5,2,20,0,3,13,0,16,4,12,18,2,36,30,0,30,66
10/17/2020,HLN,MT,ANM,WE,Combination Non-Radar Approach Control & Tower w/o Radar,5,5,0,1,11,0,0,1,0,1,5,5,1,1,12,0,0,0,12
10/18/2020,HLN,MT,ANM,WE,Combination Non-Radar Approach Control & Tower w/o Radar,5,4,2,1,12,0,0,0,0,0,5,4,2,1,12,0,0,0,12
10/19/2020,HLN,MT,ANM,WE,Combination Non-Radar Approach Control & Tower w/o Radar,5,2,1,0,8,0,0,9,0,9,5,2,10,0,17,38,0,38,55
10/20/2020,HLN,MT,ANM,WE,Combination Non-Radar Approach Control & Tower w/o Radar,4,7,9,0,20,0,0,33,3,36,4,7,42,3,56,58,2,60,116
10/21/2020,HLN,MT,ANM,WE,Combination Non-Radar Approach Control & Tower w/o Radar,3,6,6,1,16,0,1,4,3,8,3,7,10,4,24,12,4,16,40
10/22/2020,HLN,MT,ANM,WE,Combination Non-Radar Approach Control & Tower w/o Radar,4,3,9,2,18,0,0,35,5,40,4,3,44,7,58,40,20,60,118
10/23/2020,HLN,MT,ANM,WE,Combination Non-Radar Approach Control & Tower w/o Radar,4,6,7,2,19,0,0,35,6,41,4,6,42,8,60,54,4,58,118
10/24/2020,HLN,MT,ANM,WE,Combination Non-Radar Approach Control & Tower w/o Radar,11,6,1,0,18,0,0,0,0,0,11,6,1,0,18,0,0,0,18
10/25/2020,HLN,MT,ANM,WE,Combination Non-Radar Approach Control & Tower w/o Radar,6,3,1,0,10,0,0,15,0,15,6,3,16,0,25,0,0,0,25
10/26/2020,HLN,MT,ANM,WE,Combination Non-Radar Approach Control & Tower w/o Radar,4,2,9,0,15,0,7,15,1,23,4,9,24,1,38,32,0,32,70
10/27/2020,HLN,MT,ANM,WE,Combination Non-Radar Approach Control & Tower w/o Radar,3,8,0,2,13,0,5,40,2,47,3,13,40,4,60,38,0,38,98
10/28/2020,HLN,MT,ANM,WE,Combination Non-Radar Approach Control & Tower w/o Radar,4,4,4,0,12,0,2,34,2,38,4,6,38,2,50,70,0,70,120
10/29/2020,HLN,MT,ANM,WE,Combination Non-Radar Approach Control & Tower w/o Radar,4,9,10,0,23,0,5,30,0,35,4,14,40,0,58,60,0,60,118
10/30/2020,HLN,MT,ANM,WE,Combination Non-Radar Approach Control & Tower w/o Radar,4,4,0,0,8,0,2,30,0,32,4,6,30,0,40,54,0,54,94
10/31/2020,HLN,MT,ANM,WE,Combination Non-Radar Approach Control & Tower w/o Radar,4,8,3,2,17,0,6,35,0,41,4,14,38,2,58,16,2,18,76
11/01/2020,HLN,MT,ANM,WE,Combination Non-Radar Approach Control & Tower w/o Radar,5,0,3,0,8,0,2,38,0,40,5,2,41,0,48,58,0,58,106
11/02/2020,HLN,MT,ANM,WE,Combination Non-Radar Approach Control & Tower w/o Radar,5,1,1,0,7,0,0,44,0,44,5,1,45,0,51,74,0,74,125
11/03/2020,HLN,MT,ANM,WE,Combination Non-Radar Approach Control & Tower w/o Radar,5,5,0,0,10,0,8,43,0,51,5,13,43,0,61,92,0,92,153
11/04/2020,HLN,MT,ANM,WE,Combination Non-Radar Approach Control & Tower w/o Radar,4,5,3,0,12,0,1,36,0,37,4,6,39,0,49,38,0,38,87
11/05/2020,HLN,MT,ANM,WE,Combination Non-Radar Approach Control & Tower w/o Radar,4,3,0,0,7,1,2,16,0,19,5,5,16,0,26,34,0,34,60
11/06/2020,HLN,MT,ANM,WE,Combination Non-Radar Approach Control & Tower w/o Radar,4,8,8,2,22,5,3,24,2,34,9,11,32,4,56,42,2,44,100
11/07/2020,HLN,MT,ANM,WE,Combination Non-Radar Approach Control & Tower w/o Radar,5,5,4,0,14,0,0,23,4,27,5,5,27,4,41,62,0,62,103
11/08/2020,HLN,MT,ANM,WE,Combination Non-Radar Approach Control & Tower w/o Radar,5,0,0,0,5,0,0,0,0,0,5,0,0,0,5,0,0,0,5
11/09/2020,HLN,MT,ANM,WE,Combination Non-Radar Approach Control & Tower w/o Radar,4,1,2,0,7,0,3,11,0,14,4,4,13,0,21,20,0,20,41
11/10/2020,HLN,MT,ANM,WE,Combination Non-Radar Approach Control & Tower w/o Radar,4,7,5,0,16,0,0,12,9,21,4,7,17,9,37,32,0,32,69
11/11/2020,HLN,MT,ANM,WE,Combination Non-Radar Approach Control & Tower w/o Radar,5,6,2,0,13,0,0,10,0,10,5,6,12,0,23,8,0,8,31
11/12/2020,HLN,MT,ANM,WE,Combination Non-Radar Approach Control & Tower w/o Radar,4,6,2,2,14,0,4,28,4,36,4,10,30,6,50,34,8,42,92
11/13/2020,HLN,MT,ANM,WE,Combination Non-Radar Approach Control & Tower w/o Radar,4,4,4,0,12,0,1,7,0,8,4,5,11,0,20,0,0,0,20
11/14/2020,HLN,MT,ANM,WE,Combination Non-Radar Approach Control & Tower w/o Radar,4,4,4,0,12,0,0,0,0,0,4,4,4,0,12,0,0,0,12
11/15/2020,HLN,MT,ANM,WE,Combination Non-Radar Approach Control & Tower w/o Radar,5,0,0,0,5,0,0,7,0,7,5,0,7,0,12,34,0,34,46
11/16/2020,HLN,MT,ANM,WE,Combination Non-Radar Approach Control & Tower w/o Radar,4,2,3,0,9,0,3,37,0,40,4,5,40,0,49,48,0,48,97
11/17/2020,HLN,MT,ANM,WE,Combination Non-Radar Approach Control & Tower w/o Radar,4,8,10,0,22,0,1,27,0,28,4,9,37,0,50,62,0,62,112
11/18/2020,HLN,MT,ANM,WE,Combination Non-Radar Approach Control & Tower w/o Radar,4,4,0,0,8,0,0,14,0,14,4,4,14,0,22,34,4,38,60
11/19/2020,HLN,MT,ANM,WE,Combination Non-Radar Approach Control & Tower w/o Radar,5,4,5,0,14,0,0,25,7,32,5,4,30,7,46,44,4,48,94
11/20/2020,HLN,MT,ANM,WE,Combination Non-Radar Approach Control & Tower w/o Radar,6,8,5,0,19,0,7,55,5,67,6,15,60,5,86,32,0,32,118
11/21/2020,HLN,MT,ANM,WE,Combination Non-Radar Approach Control & Tower w/o Radar,5,3,3,1,12,0,2,34,12,48,5,5,37,13,60,46,0,46,106
11/22/2020,HLN,MT,ANM,WE,Combination Non-Radar Approach Control & Tower w/o Radar,5,1,4,0,10,0,0,30,0,30,5,1,34,0,40,12,0,12,52
11/23/2020,HLN,MT,ANM,WE,Combination Non-Radar Approach Control & Tower w/o Radar,7,7,3,0,17,0,2,16,0,18,7,9,19,0,35,50,0,50,85
11/24/2020,HLN,MT,ANM,WE,Combination Non-Radar Approach Control & Tower w/o Radar,7,8,0,2,17,0,2,11,7,20,7,10,11,9,37,32,4,36,73
11/25/2020,HLN,MT,ANM,WE,Combination Non-Radar Approach Control & Tower w/o Radar,6,7,3,0,16,0,1,14,2,17,6,8,17,2,33,58,0,58,91
11/26/2020,HLN,MT,ANM,WE,Combination Non-Radar Approach Control & Tower w/o Radar,6,1,1,0,8,0,0,1,5,6,6,1,2,5,14,0,0,0,14
11/27/2020,HLN,MT,ANM,WE,Combination Non-Radar Approach Control & Tower w/o Radar,6,4,0,0,10,0,2,29,0,31,6,6,29,0,41,34,0,34,75
11/28/2020,HLN,MT,ANM,WE,Combination Non-Radar Approach Control & Tower w/o Radar,6,3,3,0,12,0,0,29,0,29,6,3,32,0,41,60,0,60,101
11/29/2020,HLN,MT,ANM,WE,Combination Non-Radar Approach Control & Tower w/o Radar,5,2,1,0,8,0,0,32,0,32,5,2,33,0,40,14,0,14,54
11/30/2020,HLN,MT,ANM,WE,Combination Non-Radar Approach Control & Tower w/o Radar,4,0,3,0,7,0,4,27,0,31,4,4,30,0,38,60,12,72,110
12/01/2020,HLN,MT,ANM,WE,Combination Non-Radar Approach Control & Tower w/o Radar,4,3,2,0,9,0,0,10,12,22,4,3,12,12,31,32,4,36,67
12/02/2020,HLN,MT,ANM,WE,Combination Non-Radar Approach Control & Tower w/o Radar,5,5,1,0,11,0,2,41,13,56,5,7,42,13,67,50,10,60,127
12/03/2020,HLN,MT,ANM,WE,Combination Non-Radar Approach Control & Tower w/o Radar,4,9,0,0,13,0,14,63,12,89,4,23,63,12,102,74,54,128,230
12/04/2020,HLN,MT,ANM,WE,Combination Non-Radar Approach Control & Tower w/o Radar,4,9,2,0,15,0,18,91,7,116,4,27,93,7,131,136,14,150,281
12/05/2020,HLN,MT,ANM,WE,Combination Non-Radar Approach Control & Tower w/o Radar,4,5,2,0,11,0,0,50,2,52,4,5,52,2,63,52,0,52,115
12/06/2020,HLN,MT,ANM,WE,Combination Non-Radar Approach Control & Tower w/o Radar,4,1,0,0,5,0,3,29,0,32,4,4,29,0,37,24,0,24,61
12/07/2020,HLN,MT,ANM,WE,Combination Non-Radar Approach Control & Tower w/o Radar,4,1,0,2,7,0,5,40,4,49,4,6,40,6,56,78,22,100,156
12/08/2020,HLN,MT,ANM,WE,Combination Non-Radar Approach Control & Tower w/o Radar,4,2,7,0,13,0,8,29,4,41,4,10,36,4,54,24,18,42,96
12/09/2020,HLN,MT,ANM,WE,Combination Non-Radar Approach Control & Tower w/o Radar,3,6,5,0,14,0,4,21,1,26,3,10,26,1,40,38,12,50,90
12/10/2020,HLN,MT,ANM,WE,Combination Non-Radar Approach Control & Tower w/o Radar,4,3,6,3,16,0,10,42,15,67,4,13,48,18,83,82,12,94,177
12/11/2020,HLN,MT,ANM,WE,Combination Non-Radar Approach Control & Tower w/o Radar,4,6,5,3,18,0,0,3,1,4,4,6,8,4,22,24,0,24,46
12/12/2020,HLN,MT,ANM,WE,Combination Non-Radar Approach Control & Tower w/o Radar,4,3,3,0,10,0,0,23,0,23,4,3,26,0,33,0,0,0,33
12/13/2020,HLN,MT,ANM,WE,Combination Non-Radar Approach Control & Tower w/o Radar,4,0,0,0,4,0,0,17,0,17,4,0,17,0,21,22,0,22,43
12/14/2020,HLN,MT,ANM,WE,Combination Non-Radar Approach Control & Tower w/o Radar,5,3,2,0,10,0,0,13,3,16,5,3,15,3,26,22,6,28,54
12/15/2020,HLN,MT,ANM,WE,Combination Non-Radar Approach Control & Tower w/o Radar,0,8,5,0,13,0,2,14,8,24,0,10,19,8,37,28,0,28,65
12/16/2020,HLN,MT,ANM,WE,Combination Non-Radar Approach Control & Tower w/o Radar,5,7,5,0,17,0,7,24,3,34,5,14,29,3,51,14,10,24,75
12/17/2020,HLN,MT,ANM,WE,Combination Non-Radar Approach Control & Tower w/o Radar,5,6,3,0,14,0,0,31,0,31,5,6,34,0,45,70,0,70,115
12/18/2020,HLN,MT,ANM,WE,Combination Non-Radar Approach Control & Tower w/o Radar,6,9,6,0,21,0,1,12,12,25,6,10,18,12,46,28,2,30,76
12/19/2020,HLN,MT,ANM,WE,Combination Non-Radar Approach Control & Tower w/o Radar,7,4,1,0,12,0,0,7,0,7,7,4,8,0,19,10,0,10,29
12/20/2020,HLN,MT,ANM,WE,Combination Non-Radar Approach Control & Tower w/o Radar,6,3,3,0,12,0,0,2,0,2,6,3,5,0,14,0,0,0,14
12/21/2020,HLN,MT,ANM,WE,Combination Non-Radar Approach Control & Tower w/o Radar,6,4,7,7,24,0,1,13,8,22,6,5,20,15,46,48,10,58,104
12/22/2020,HLN,MT,ANM,WE,Combination Non-Radar Approach Control & Tower w/o Radar,6,9,3,0,18,0,1,2,0,3,6,10,5,0,21,0,0,0,21
12/23/2020,HLN,MT,ANM,WE,Combination Non-Radar Approach Control & Tower w/o Radar,7,10,2,0,19,0,12,22,17,51,7,22,24,17,70,26,14,40,110
12/24/2020,HLN,MT,ANM,WE,Combination Non-Radar Approach Control & Tower w/o Radar,4,7,3,0,14,0,2,29,0,31,4,9,32,0,45,44,0,44,89
12/25/2020,HLN,MT,ANM,WE,Combination Non-Radar Approach Control & Tower w/o Radar,6,0,0,0,6,0,0,17,0,17,6,0,17,0,23,4,0,4,27
12/26/2020,HLN,MT,ANM,WE,Combination Non-Radar Approach Control & Tower w/o Radar,6,5,1,0,12,0,0,12,0,12,6,5,13,0,24,48,0,48,72
12/27/2020,HLN,MT,ANM,WE,Combination Non-Radar Approach Control & Tower w/o Radar,6,0,1,0,7,0,0,17,0,17,6,0,18,0,24,36,0,36,60
12/28/2020,HLN,MT,ANM,WE,Combination Non-Radar Approach Control & Tower w/o Radar,4,1,0,0,5,0,0,33,1,34,4,1,33,1,39,20,0,20,59
12/29/2020,HLN,MT,ANM,WE,Combination Non-Radar Approach Control & Tower w/o Radar,4,4,6,0,14,0,0,31,8,39,4,4,37,8,53,60,0,60,113
12/30/2020,HLN,MT,ANM,WE,Combination Non-Radar Approach Control & Tower w/o Radar,6,7,2,0,15,0,1,21,4,26,6,8,23,4,41,68,0,68,109
12/31/2020,HLN,MT,ANM,WE,Combination Non-Radar Approach Control & Tower w/o Radar,6,5,4,0,15,0,0,27,0,27,6,5,31,0,42,52,0,52,94
01/01/2021,HLN,MT,ANM,WE,Combination Non-Radar Approach Control & Tower w/o Radar,4,4,1,0,9,0,0,15,0,15,4,4,16,0,24,10,0,10,34
01/02/2021,HLN,MT,ANM,WE,Combination Non-Radar Approach Control & Tower w/o Radar,6,3,0,0,9,0,1,17,0,18,6,4,17,0,27,22,0,22,49
01/03/2021,HLN,MT,ANM,WE,Combination Non-Radar Approach Control & Tower w/o Radar,6,1,0,0,7,0,1,4,0,5,6,2,4,0,12,0,0,0,12
01/04/2021,HLN,MT,ANM,WE,Combination Non-Radar Approach Control & Tower w/o Radar,5,2,4,0,11,0,2,39,7,48,5,4,43,7,59,78,8,86,145
01/05/2021,HLN,MT,ANM,WE,Combination Non-Radar Approach Control & Tower w/o Radar,4,2,0,1,7,0,0,14,13,27,4,2,14,14,34,42,14,56,90
01/06/2021,HLN,MT,ANM,WE,Combination Non-Radar Approach Control & Tower w/o Radar,4,5,4,2,15,0,20,45,20,85,4,25,49,22,100,90,14,104,204
01/07/2021,HLN,MT,ANM,WE,Combination Non-Radar Approach Control & Tower w/o Radar,4,7,7,0,18,0,0,0,0,0,4,7,7,0,18,0,0,0,18
01/08/2021,HLN,MT,ANM,WE,Combination Non-Radar Approach Control & Tower w/o Radar,7,13,4,5,29,0,1,15,9,25,7,14,19,14,54,32,6,38,92
01/09/2021,HLN,MT,ANM,WE,Combination Non-Radar Approach Control & Tower w/o Radar,5,0,3,0,8,0,0,0,2,2,5,0,3,2,10,0,0,0,10
01/10/2021,HLN,MT,ANM,WE,Combination Non-Radar Approach Control & Tower w/o Radar,7,1,1,0,9,0,2,17,5,24,7,3,18,5,33,4,2,6,39
01/11/2021,HLN,MT,ANM,WE,Combination Non-Radar Approach Control & Tower w/o Radar,4,5,3,0,12,0,1,29,15,45,4,6,32,15,57,24,28,52,109
01/12/2021,HLN,MT,ANM,WE,Combination Non-Radar Approach Control & Tower w/o Radar,5,9,5,0,19,0,0,13,7,20,5,9,18,7,39,42,0,42,81
01/13/2021,HLN,MT,ANM,WE,Combination Non-Radar Approach Control & Tower w/o Radar,2,5,2,0,9,0,1,3,0,4,2,6,5,0,13,0,0,0,13
01/14/2021,HLN,MT,ANM,WE,Combination Non-Radar Approach Control & Tower w/o Radar,5,4,3,0,12,0,1,18,8,27,5,5,21,8,39,18,16,34,73
01/15/2021,HLN,MT,ANM,WE,Combination Non-Radar Approach Control & Tower w/o Radar,4,6,5,0,15,0,2,26,6,34,4,8,31,6,49,28,6,34,83
01/16/2021,HLN,MT,ANM,WE,Combination Non-Radar Approach Control & Tower w/o Radar,4,2,3,0,9,0,1,30,3,34,4,3,33,3,43,74,0,74,117
01/17/2021,HLN,MT,ANM,WE,Combination Non-Radar Approach Control & Tower w/o Radar,2,0,2,0,4,0,0,7,0,7,2,0,9,0,11,0,0,0,11
01/18/2021,HLN,MT,ANM,WE,Combination Non-Radar Approach Control & Tower w/o Radar,4,1,6,0,11,0,0,7,0,7,4,1,13,0,18,46,0,46,64
01/19/2021,HLN,MT,ANM,WE,Combination Non-Radar Approach Control & Tower w/o Radar,7,5,8,6,26,0,0,36,7,43,7,5,44,13,69,136,8,144,213
01/20/2021,HLN,MT,ANM,WE,Combination Non-Radar Approach Control & Tower w/o Radar,4,5,4,2,15,0,3,37,14,54,4,8,41,16,69,36,16,52,121
01/21/2021,HLN,MT,ANM,WE,Combination Non-Radar Approach Control & Tower w/o Radar,5,2,4,0,11,0,0,30,10,40,5,2,34,10,51,64,2,66,117
01/22/2021,HLN,MT,ANM,WE,Combination Non-Radar Approach Control & Tower w/o Radar,7,6,4,0,17,0,1,49,14,64,7,7,53,14,81,24,6,30,111
01/23/2021,HLN,MT,ANM,WE,Combination Non-Radar Approach Control & Tower w/o Radar,4,3,1,0,8,0,3,13,7,23,4,6,14,7,31,14,0,14,45
01/24/2021,HLN,MT,ANM,WE,Combination Non-Radar Approach Control & Tower w/o Radar,3,1,2,0,6,0,0,27,2,29,3,1,29,2,35,24,0,24,59
01/25/2021,HLN,MT,ANM,WE,Combination Non-Radar Approach Control & Tower w/o Radar,4,1,3,0,8,0,0,34,15,49,4,1,37,15,57,118,0,118,175
01/26/2021,HLN,MT,ANM,WE,Combination Non-Radar Approach Control & Tower w/o Radar,4,4,6,0,14,0,3,19,8,30,4,7,25,8,44,26,0,26,70
01/27/2021,HLN,MT,ANM,WE,Combination Non-Radar Approach Control & Tower w/o Radar,3,3,3,0,9,0,8,34,17,59,3,11,37,17,68,50,18,68,136
01/28/2021,HLN,MT,ANM,WE,Combination Non-Radar Approach Control & Tower w/o Radar,5,8,8,0,21,0,8,30,8,46,5,16,38,8,67,92,18,110,177
01/29/2021,HLN,MT,ANM,WE,Combination Non-Radar Approach Control & Tower w/o Radar,3,6,2,0,11,0,0,7,0,7,3,6,9,0,18,36,0,36,54
01/30/2021,HLN,MT,ANM,WE,Combination Non-Radar Approach Control & Tower w/o Radar,7,3,0,0,10,0,1,31,4,36,7,4,31,4,46,36,0,36,82
01/31/2021,HLN,MT,ANM,WE,Combination Non-Radar Approach Control & Tower w/o Radar,4,0,0,0,4,0,0,47,0,47,4,0,47,0,51,28,0,28,79
02/01/2021,HLN,MT,ANM,WE,Combination Non-Radar Approach Control & Tower w/o Radar,4,2,2,0,8,0,2,53,3,58,4,4,55,3,66,122,0,122,188
02/02/2021,HLN,MT,ANM,WE,Combination Non-Radar Approach Control & Tower w/o Radar,4,4,2,0,10,0,3,20,5,28,4,7,22,5,38,52,0,52,90
02/03/2021,HLN,MT,ANM,WE,Combination Non-Radar Approach Control & Tower w/o Radar,5,6,1,0,12,0,2,36,16,54,5,8,37,16,66,90,8,98,164
02/04/2021,HLN,MT,ANM,WE,Combination Non-Radar Approach Control & Tower w/o Radar,4,3,6,0,13,0,0,4,0,4,4,3,10,0,17,0,0,0,17
02/05/2021,HLN,MT,ANM,WE,Combination Non-Radar Approach Control & Tower w/o Radar,5,4,2,0,11,0,0,2,4,6,5,4,4,4,17,0,4,4,21
02/06/2021,HLN,MT,ANM,WE,Combination Non-Radar Approach Control & Tower w/o Radar,6,3,0,0,9,0,0,0,0,0,6,3,0,0,9,0,0,0,9
02/07/2021,HLN,MT,ANM,WE,Combination Non-Radar Approach Control & Tower w/o Radar,6,0,0,0,6,0,0,1,0,1,6,0,1,0,7,0,0,0,7
02/08/2021,HLN,MT,ANM,WE,Combination Non-Radar Approach Control & Tower w/o Radar,6,2,7,0,15,0,0,0,0,0,6,2,7,0,15,0,0,0,15
02/09/2021,HLN,MT,ANM,WE,Combination Non-Radar Approach Control & Tower w/o Radar,5,6,5,4,20,0,0,3,1,4,5,6,8,5,24,0,0,0,24
02/10/2021,HLN,MT,ANM,WE,Combination Non-Radar Approach Control & Tower w/o Radar,4,6,10,2,22,0,0,6,10,16,4,6,16,12,38,0,22,22,60
02/11/2021,HLN,MT,ANM,WE,Combination Non-Radar Approach Control & Tower w/o Radar,6,5,15,0,26,0,0,3,3,6,6,5,18,3,32,0,16,16,48
02/12/2021,HLN,MT,ANM,WE,Combination Non-Radar Approach Control & Tower w/o Radar,5,4,7,1,17,0,1,6,16,23,5,5,13,17,40,4,6,10,50
02/13/2021,HLN,MT,ANM,WE,Combination Non-Radar Approach Control & Tower w/o Radar,3,3,2,0,8,0,0,3,0,3,3,3,5,0,11,0,0,0,11
02/14/2021,HLN,MT,ANM,WE,Combination Non-Radar Approach Control & Tower w/o Radar,5,2,2,1,10,0,0,7,0,7,5,2,9,1,17,0,0,0,17
02/15/2021,HLN,MT,ANM,WE,Combination Non-Radar Approach Control & Tower w/o Radar,4,2,3,0,9,0,0,7,0,7,4,2,10,0,16,50,0,50,66
02/16/2021,HLN,MT,ANM,WE,Combination Non-Radar Approach Control & Tower w/o Radar,5,5,7,0,17,0,0,12,17,29,5,5,19,17,46,18,12,30,76
02/17/2021,HLN,MT,ANM,WE,Combination Non-Radar Approach Control & Tower w/o Radar,5,8,4,0,17,0,1,1,0,2,5,9,5,0,19,0,0,0,19
02/18/2021,HLN,MT,ANM,WE,Combination Non-Radar Approach Control & Tower w/o Radar,5,2,5,0,12,0,1,47,16,64,5,3,52,16,76,120,6,126,202
02/19/2021,HLN,MT,ANM,WE,Combination Non-Radar Approach Control & Tower w/o Radar,5,5,8,0,18,0,2,32,6,40,5,7,40,6,58,56,0,56,114
02/20/2021,HLN,MT,ANM,WE,Combination Non-Radar Approach Control & Tower w/o Radar,6,3,0,0,9,0,4,15,4,23,6,7,15,4,32,54,0,54,86
02/21/2021,HLN,MT,ANM,WE,Combination Non-Radar Approach Control & Tower w/o Radar,3,2,2,0,7,0,2,12,0,14,3,4,14,0,21,0,0,0,21
02/22/2021,HLN,MT,ANM,WE,Combination Non-Radar Approach Control & Tower w/o Radar,5,1,1,0,7,0,0,3,0,3,5,1,4,0,10,0,0,0,10
02/23/2021,HLN,MT,ANM,WE,Combination Non-Radar Approach Control & Tower w/o Radar,5,4,0,0,9,0,0,5,1,6,5,4,5,1,15,0,0,0,15
02/24/2021,HLN,MT,ANM,WE,Combination Non-Radar Approach Control & Tower w/o Radar,5,8,16,0,29,0,7,71,10,88,5,15,87,10,117,152,0,152,269
02/25/2021,HLN,MT,ANM,WE,Combination Non-Radar Approach Control & Tower w/o Radar,4,6,5,4,19,0,0,34,10,44,4,6,39,14,63,48,0,48,111
02/26/2021,HLN,MT,ANM,WE,Combination Non-Radar Approach Control & Tower w/o Radar,4,6,3,1,14,0,1,17,26,44,4,7,20,27,58,82,18,100,158
02/27/2021,HLN,MT,ANM,WE,Combination Non-Radar Approach Control & Tower w/o Radar,6,4,0,0,10,0,0,11,0,11,6,4,11,0,21,38,0,38,59
02/28/2021,HLN,MT,ANM,WE,Combination Non-Radar Approach Control & Tower w/o Radar,5,1,2,0,8,0,0,7,0,7,5,1,9,0,15,0,0,0,15
03/01/2021,HLN,MT,ANM,WE,Combination Non-Radar Approach Control & Tower w/o Radar,4,3,5,3,15,0,2,44,9,55,4,5,49,12,70,186,1,187,257
03/02/2021,HLN,MT,ANM,WE,Combination Non-Radar Approach Control & Tower w/o Radar,5,5,5,2,17,0,0,34,6,40,5,5,39,8,57,76,8,84,141
03/03/2021,HLN,MT,ANM,WE,Combination Non-Radar Approach Control & Tower w/o Radar,7,8,1,4,20,0,7,56,8,71,7,15,57,12,91,200,8,208,299
03/04/2021,HLN,MT,ANM,WE,Combination Non-Radar Approach Control & Tower w/o Radar,4,5,2,2,13,0,7,76,12,95,4,12,78,14,108,88,24,112,220
03/05/2021,HLN,MT,ANM,WE,Combination Non-Radar Approach Control & Tower w/o Radar,4,6,6,0,16,0,3,46,8,57,4,9,52,8,73,44,0,44,117
03/06/2021,HLN,MT,ANM,WE,Combination Non-Radar Approach Control & Tower w/o Radar,4,5,1,0,10,0,4,35,20,59,4,9,36,20,69,114,0,114,183
03/07/2021,HLN,MT,ANM,WE,Combination Non-Radar Approach Control & Tower w/o Radar,5,1,0,0,6,0,0,28,1,29,5,1,28,1,35,4,0,4,39
03/08/2021,HLN,MT,ANM,WE,Combination Non-Radar Approach Control & Tower w/o Radar,5,5,3,2,15,0,1,0,3,4,5,6,3,5,19,0,0,0,19
03/09/2021,HLN,MT,ANM,WE,Combination Non-Radar Approach Control & Tower w/o Radar,5,4,4,0,13,0,0,15,11,26,5,4,19,11,39,66,30,96,135
03/10/2021,HLN,MT,ANM,WE,Combination Non-Radar Approach Control & Tower w/o Radar,5,8,5,2,20,0,3,44,0,47,5,11,49,2,67,124,0,124,191
03/11/2021,HLN,MT,ANM,WE,Combination Non-Radar Approach Control & Tower w/o Radar,4,8,4,0,16,0,0,36,14,50,4,8,40,14,66,64,2,66,132
03/12/2021,HLN,MT,ANM,WE,Combination Non-Radar Approach Control & Tower w/o Radar,5,3,3,7,18,0,2,46,26,74,5,5,49,33,92,52,30,82,174
03/13/2021,HLN,MT,ANM,WE,Combination Non-Radar Approach Control & Tower w/o Radar,5,4,7,0,16,0,1,35,0,36,5,5,42,0,52,76,0,76,128
03/14/2021,HLN,MT,ANM,WE,Combination Non-Radar Approach Control & Tower w/o Radar,4,2,2,1,9,0,0,29,0,29,4,2,31,1,38,94,0,94,132
03/15/2021,HLN,MT,ANM,WE,Combination Non-Radar Approach Control & Tower w/o Radar,4,1,2,2,9,0,2,17,11,30,4,3,19,13,39,36,6,42,81
03/16/2021,HLN,MT,ANM,WE,Combination Non-Radar Approach Control & Tower w/o Radar,5,5,3,0,13,0,10,34,16,60,5,15,37,16,73,82,24,106,179
03/17/2021,HLN,MT,ANM,WE,Combination Non-Radar Approach Control & Tower w/o Radar,4,7,7,2,20,0,10,34,10,54,4,17,41,12,74,78,18,96,170
03/18/2021,HLN,MT,ANM,WE,Combination Non-Radar Approach Control & Tower w/o Radar,4,5,3,0,12,0,2,52,12,66,4,7,55,12,78,70,20,90,168
03/19/2021,HLN,MT,ANM,WE,Combination Non-Radar Approach Control & Tower w/o Radar,5,6,4,0,15,0,3,25,11,39,5,9,29,11,54,20,18,38,92
03/20/2021,HLN,MT,ANM,WE,Combination Non-Radar Approach Control & Tower w/o Radar,5,4,2,1,12,0,12,28,0,40,5,16,30,1,52,48,0,48,100
03/21/2021,HLN,MT,ANM,WE,Combination Non-Radar Approach Control & Tower w/o Radar,4,2,2,0,8,0,2,11,0,13,4,4,13,0,21,0,0,0,21
03/22/2021,HLN,MT,ANM,WE,Combination Non-Radar Approach Control & Tower w/o Radar,5,1,2,0,8,0,0,12,14,26,5,1,14,14,34,26,8,34,68
03/23/2021,HLN,MT,ANM,WE,Combination Non-Radar Approach Control & Tower w/o Radar,5,4,5,0,14,0,0,11,6,17,5,4,16,6,31,60,28,88,119
03/24/2021,HLN,MT,ANM,WE,Combination Non-Radar Approach Control & Tower w/o Radar,5,13,5,2,25,0,0,24,7,31,5,13,29,9,56,58,2,60,116
03/25/2021,HLN,MT,ANM,WE,Combination Non-Radar Approach Control & Tower w/o Radar,3,4,11,0,18,0,1,21,9,31,3,5,32,9,49,10,4,14,63
03/26/2021,HLN,MT,ANM,WE,Combination Non-Radar Approach Control & Tower w/o Radar,6,2,8,0,16,0,2,23,3,28,6,4,31,3,44,38,0,38,82
03/27/2021,HLN,MT,ANM,WE,Combination Non-Radar Approach Control & Tower w/o Radar,5,4,1,0,10,0,0,15,2,17,5,4,16,2,27,42,0,42,69
03/28/2021,HLN,MT,ANM,WE,Combination Non-Radar Approach Control & Tower w/o Radar,5,9,2,0,16,0,0,12,0,12,5,9,14,0,28,0,0,0,28
03/29/2021,HLN,MT,ANM,WE,Combination Non-Radar Approach Control & Tower w/o Radar,6,3,0,1,10,0,0,1,3,4,6,3,1,4,14,0,0,0,14
03/30/2021,HLN,MT,ANM,WE,Combination Non-Radar Approach Control & Tower w/o Radar,7,2,9,0,18,0,1,19,12,32,7,3,28,12,50,26,4,30,80
03/31/2021,HLN,MT,ANM,WE,Combination Non-Radar Approach Control & Tower w/o Radar,5,6,6,0,17,0,5,56,6,67,5,11,62,6,84,84,4,88,172
04/01/2021,HLN,MT,ANM,WE,Combination Non-Radar Approach Control & Tower w/o Radar,5,6,5,0,16,0,0,46,2,48,5,6,51,2,64,60,0,60,124
04/02/2021,HLN,MT,ANM,WE,Combination Non-Radar Approach Control & Tower w/o Radar,5,12,9,0,26,0,2,45,2,49,5,14,54,2,75,62,0,62,137
04/03/2021,HLN,MT,ANM,WE,Combination Non-Radar Approach Control & Tower w/o Radar,8,5,1,2,16,0,0,45,1,46,8,5,46,3,62,48,0,48,110
04/04/2021,HLN,MT,ANM,WE,Combination Non-Radar Approach Control & Tower w/o Radar,6,6,2,0,14,0,1,25,2,28,6,7,27,2,42,60,0,60,102
04/05/2021,HLN,MT,ANM,WE,Combination Non-Radar Approach Control & Tower w/o Radar,6,5,2,0,13,0,0,0,0,0,6,5,2,0,13,34,0,34,47
04/06/2021,HLN,MT,ANM,WE,Combination Non-Radar Approach Control & Tower w/o Radar,5,9,6,2,22,0,2,35,13,50,5,11,41,15,72,40,10,50,122
04/07/2021,HLN,MT,ANM,WE,Combination Non-Radar Approach Control & Tower w/o Radar,5,11,3,0,19,0,3,57,20,80,5,14,60,20,99,62,10,72,171
04/08/2021,HLN,MT,ANM,WE,Combination Non-Radar Approach Control & Tower w/o Radar,7,6,5,0,18,0,1,10,16,27,7,7,15,16,45,52,14,66,111
04/09/2021,HLN,MT,ANM,WE,Combination Non-Radar Approach Control & Tower w/o Radar,6,8,3,0,17,0,1,62,19,82,6,9,65,19,99,108,9,117,216
04/10/2021,HLN,MT,ANM,WE,Combination Non-Radar Approach Control & Tower w/o Radar,5,6,2,0,13,0,0,18,0,18,5,6,20,0,31,30,0,30,61
04/11/2021,HLN,MT,ANM,WE,Combination Non-Radar Approach Control & Tower w/o Radar,5,5,4,2,16,0,0,14,0,14,5,5,18,2,30,38,0,38,68
04/12/2021,HLN,MT,ANM,WE,Combination Non-Radar Approach Control & Tower w/o Radar,6,2,6,0,14,0,4,28,14,46,6,6,34,14,60,54,6,60,120
04/13/2021,HLN,MT,ANM,WE,Combination Non-Radar Approach Control & Tower w/o Radar,5,6,4,0,15,0,1,34,9,44,5,7,38,9,59,30,0,30,89
04/14/2021,HLN,MT,ANM,WE,Combination Non-Radar Approach Control & Tower w/o Radar,6,8,4,0,18,0,0,23,0,23,6,8,27,0,41,72,0,72,113
04/15/2021,HLN,MT,ANM,WE,Combination Non-Radar Approach Control & Tower w/o Radar,5,4,6,0,15,0,0,15,14,29,5,4,21,14,44,48,0,48,92
04/16/2021,HLN,MT,ANM,WE,Combination Non-Radar Approach Control & Tower w/o Radar,7,6,7,1,21,0,2,62,14,78,7,8,69,15,99,110,0,110,209
04/17/2021,HLN,MT,ANM,WE,Combination Non-Radar Approach Control & Tower w/o Radar,8,3,3,0,14,0,2,86,0,88,8,5,89,0,102,90,0,90,192
04/18/2021,HLN,MT,ANM,WE,Combination Non-Radar Approach Control & Tower w/o Radar,7,2,6,0,15,0,0,22,2,24,7,2,28,2,39,24,0,24,63
04/19/2021,HLN,MT,ANM,WE,Combination Non-Radar Approach Control & Tower w/o Radar,6,5,5,0,16,0,0,23,17,40,6,5,28,17,56,14,2,16,72
04/20/2021,HLN,MT,ANM,WE,Combination Non-Radar Approach Control & Tower w/o Radar,6,6,2,0,14,0,10,50,21,81,6,16,52,21,95,84,8,92,187
04/21/2021,HLN,MT,ANM,WE,Combination Non-Radar Approach Control & Tower w/o Radar,4,12,10,1,27,0,8,78,12,98,4,20,88,13,125,128,0,128,253
04/22/2021,HLN,MT,ANM,WE,Combination Non-Radar Approach Control & Tower w/o Radar,5,13,8,0,26,0,1,15,13,29,5,14,23,13,55,24,16,40,95
04/23/2021,HLN,MT,ANM,WE,Combination Non-Radar Approach Control & Tower w/o Radar,5,8,9,0,22,0,0,18,0,18,5,8,27,0,40,42,0,42,82
04/24/2021,HLN,MT,ANM,WE,Combination Non-Radar Approach Control & Tower w/o Radar,6,5,1,0,12,0,0,12,4,16,6,5,13,4,28,30,6,36,64
04/25/2021,HLN,MT,ANM,WE,Combination Non-Radar Approach Control & Tower w/o Radar,5,5,2,0,12,0,0,4,0,4,5,5,6,0,16,0,0,0,16
04/26/2021,HLN,MT,ANM,WE,Combination Non-Radar Approach Control & Tower w/o Radar,7,1,1,0,9,0,0,34,10,44,7,1,35,10,53,78,6,84,137
04/27/2021,HLN,MT,ANM,WE,Combination Non-Radar Approach Control & Tower w/o Radar,5,14,7,0,26,0,6,63,12,81,5,20,70,12,107,110,6,116,223
04/28/2021,HLN,MT,ANM,WE,Combination Non-Radar Approach Control & Tower w/o Radar,5,9,11,0,25,0,2,36,17,55,5,11,47,17,80,42,6,48,128
04/29/2021,HLN,MT,ANM,WE,Combination Non-Radar Approach Control & Tower w/o Radar,5,10,9,0,24,0,1,61,18,80,5,11,70,18,104,64,6,70,174
04/30/2021,HLN,MT,ANM,WE,Combination Non-Radar Approach Control & Tower w/o Radar,6,7,6,0,19,0,3,26,32,61,6,10,32,32,80,102,16,118,198
05/01/2021,HLN,MT,ANM,WE,Combination Non-Radar Approach Control & Tower w/o Radar,6,4,5,0,15,0,0,30,45,75,6,4,35,45,90,48,0,48,138
05/02/2021,HLN,MT,ANM,WE,Combination Non-Radar Approach Control & Tower w/o Radar,5,5,3,0,13,0,0,2,4,6,5,5,5,4,19,2,10,12,31
05/03/2021,HLN,MT,ANM,WE,Combination Non-Radar Approach Control & Tower w/o Radar,5,6,3,2,16,0,1,34,14,49,5,7,37,16,65,111,6,117,182
05/04/2021,HLN,MT,ANM,WE,Combination Non-Radar Approach Control & Tower w/o Radar,6,5,3,1,15,0,0,29,4,33,6,5,32,5,48,36,0,36,84
05/05/2021,HLN,MT,ANM,WE,Combination Non-Radar Approach Control & Tower w/o Radar,7,12,2,0,21,0,4,55,0,59,7,16,57,0,80,94,0,94,174
05/06/2021,HLN,MT,ANM,WE,Combination Non-Radar Approach Control & Tower w/o Radar,7,4,4,0,15,0,0,81,12,93,7,4,85,12,108,98,0,98,206
05/07/2021,HLN,MT,ANM,WE,Combination Non-Radar Approach Control & Tower w/o Radar,9,9,4,0,22,0,1,21,2,24,9,10,25,2,46,18,0,18,64
05/08/2021,HLN,MT,ANM,WE,Combination Non-Radar Approach Control & Tower w/o Radar,6,4,1,0,11,0,1,1,0,2,6,5,2,0,13,0,0,0,13
05/09/2021,HLN,MT,ANM,WE,Combination Non-Radar Approach Control & Tower w/o Radar,7,2,3,0,12,0,0,2,0,2,7,2,5,0,14,0,0,0,14
05/10/2021,HLN,MT,ANM,WE,Combination Non-Radar Approach Control & Tower w/o Radar,8,3,1,0,12,0,0,21,13,34,8,3,22,13,46,12,4,16,62
05/11/2021,HLN,MT,ANM,WE,Combination Non-Radar Approach Control & Tower w/o Radar,8,6,6,0,20,0,2,62,17,81,8,8,68,17,101,146,0,146,247
05/12/2021,HLN,MT,ANM,WE,Combination Non-Radar Approach Control & Tower w/o Radar,9,6,7,0,22,0,4,66,18,88,9,10,73,18,110,78,0,78,188
05/13/2021,HLN,MT,ANM,WE,Combination Non-Radar Approach Control & Tower w/o Radar,9,7,6,0,22,0,5,86,19,110,9,12,92,19,132,68,2,70,202
05/14/2021,HLN,MT,ANM,WE,Combination Non-Radar Approach Control & Tower w/o Radar,9,8,9,2,28,0,1,56,10,67,9,9,65,12,95,58,0,58,153
05/15/2021,HLN,MT,ANM,WE,Combination Non-Radar Approach Control & Tower w/o Radar,6,4,4,0,14,0,0,39,39,78,6,4,43,39,92,66,0,66,158
05/16/2021,HLN,MT,ANM,WE,Combination Non-Radar Approach Control & Tower w/o Radar,8,1,10,0,19,0,1,44,45,90,8,2,54,45,109,22,4,26,135
05/17/2021,HLN,MT,ANM,WE,Combination Non-Radar Approach Control & Tower w/o Radar,9,1,0,0,10,0,5,55,13,73,9,6,55,13,83,88,0,88,171
05/18/2021,HLN,MT,ANM,WE,Combination Non-Radar Approach Control & Tower w/o Radar,9,6,4,0,19,0,2,30,47,79,9,8,34,47,98,36,0,36,134
05/19/2021,HLN,MT,ANM,WE,Combination Non-Radar Approach Control & Tower w/o Radar,9,10,10,1,30,0,1,30,29,60,9,11,40,30,90,44,0,44,134
05/20/2021,HLN,MT,ANM,WE,Combination Non-Radar Approach Control & Tower w/o Radar,7,3,7,1,18,0,0,0,0,0,7,3,7,1,18,0,0,0,18
05/21/2021,HLN,MT,ANM,WE,Combination Non-Radar Approach Control & Tower w/o Radar,7,8,3,0,18,0,0,6,0,6,7,8,9,0,24,0,0,0,24
05/22/2021,HLN,MT,ANM,WE,Combination Non-Radar Approach Control & Tower w/o Radar,10,4,6,0,20,0,2,20,56,78,10,6,26,56,98,0,0,0,98
05/23/2021,HLN,MT,ANM,WE,Combination Non-Radar Approach Control & Tower w/o Radar,7,0,0,0,7,0,0,0,3,3,7,0,0,3,10,0,0,0,10
05/24/2021,HLN,MT,ANM,WE,Combination Non-Radar Approach Control & Tower w/o Radar,6,2,3,0,11,0,1,13,26,40,6,3,16,26,51,16,0,16,67
05/25/2021,HLN,MT,ANM,WE,Combination Non-Radar Approach Control & Tower w/o Radar,7,5,9,0,21,0,12,47,17,76,7,17,56,17,97,50,0,50,147
05/26/2021,HLN,MT,ANM,WE,Combination Non-Radar Approach Control & Tower w/o Radar,9,6,8,0,23,0,1,10,7,18,9,7,18,7,41,30,0,30,71
05/27/2021,HLN,MT,ANM,WE,Combination Non-Radar Approach Control & Tower w/o Radar,7,4,9,0,20,0,15,68,13,96,7,19,77,13,116,84,0,84,200
05/28/2021,HLN,MT,ANM,WE,Combination Non-Radar Approach Control & Tower w/o Radar,7,6,2,0,15,0,1,18,0,19,7,7,20,0,34,46,0,46,80
05/29/2021,HLN,MT,ANM,WE,Combination Non-Radar Approach Control & Tower w/o Radar,5,4,2,0,11,0,1,58,1,60,5,5,60,1,71,128,0,128,199
05/30/2021,HLN,MT,ANM,WE,Combination Non-Radar Approach Control & Tower w/o Radar,4,1,3,0,8,0,2,32,0,34,4,3,35,0,42,62,0,62,104
05/31/2021,HLN,MT,ANM,WE,Combination Non-Radar Approach Control & Tower w/o Radar,7,6,0,0,13,0,0,60,0,60,7,6,60,0,73,38,0,38,111
06/01/2021,HLN,MT,ANM,WE,Combination Non-Radar Approach Control & Tower w/o Radar,7,3,1,0,11,0,0,50,9,59,7,3,51,9,70,94,0,94,164
06/02/2021,HLN,MT,ANM,WE,Combination Non-Radar Approach Control & Tower w/o Radar,7,5,3,0,15,0,3,88,0,91,7,8,91,0,106,148,0,148,254
06/03/2021,HLN,MT,ANM,WE,Combination Non-Radar Approach Control & Tower w/o Radar,7,12,8,0,27,0,0,51,14,65,7,12,59,14,92,58,2,60,152
06/04/2021,HLN,MT,ANM,WE,Combination Non-Radar Approach Control & Tower w/o Radar,8,3,6,0,17,0,2,60,15,77,8,5,66,15,94,112,10,122,216
06/05/2021,HLN,MT,ANM,WE,Combination Non-Radar Approach Control & Tower w/o Radar,7,3,1,0,11,0,0,30,22,52,7,3,31,22,63,38,4,42,105
06/06/2021,HLN,MT,ANM,WE,Combination Non-Radar Approach Control & Tower w/o Radar,0,0,4,0,4,0,1,16,5,22,0,1,20,5,26,0,0,0,26
06/07/2021,HLN,MT,ANM,WE,Combination Non-Radar Approach Control & Tower w/o Radar,0,2,3,0,5,0,3,42,12,57,0,5,45,12,62,34,4,38,100
06/08/2021,HLN,MT,ANM,WE,Combination Non-Radar Approach Control & Tower w/o Radar,0,4,13,0,17,0,0,45,12,57,0,4,58,12,74,116,0,116,190
06/09/2021,HLN,MT,ANM,WE,Combination Non-Radar Approach Control & Tower w/o Radar,0,6,10,0,16,0,0,40,9,49,0,6,50,9,65,62,0,62,127
06/10/2021,HLN,MT,ANM,WE,Combination Non-Radar Approach Control & Tower w/o Radar,0,7,16,0,23,0,0,29,4,33,0,7,45,4,56,42,0,42,98
06/11/2021,HLN,MT,ANM,WE,Combination Non-Radar Approach Control & Tower w/o Radar,0,6,3,0,9,0,0,61,16,77,0,6,64,16,86,116,0,116,202
06/12/2021,HLN,MT,ANM,WE,Combination Non-Radar Approach Control & Tower w/o Radar,0,2,1,0,3,0,0,23,21,44,0,2,24,21,47,2,4,6,53
06/13/2021,HLN,MT,ANM,WE,Combination Non-Radar Approach Control & Tower w/o Radar,0,0,3,0,3,0,0,24,1,25,0,0,27,1,28,0,0,0,28
06/14/2021,HLN,MT,ANM,WE,Combination Non-Radar Approach Control & Tower w/o Radar,8,3,8,0,19,3,9,54,5,71,11,12,62,5,90,70,0,70,160
06/15/2021,HLN,MT,ANM,WE,Combination Non-Radar Approach Control & Tower w/o Radar,10,10,6,1,27,2,13,77,10,102,12,23,83,11,129,128,24,152,281
06/16/2021,HLN,MT,ANM,WE,Combination Non-Radar Approach Control & Tower w/o Radar,11,5,7,1,24,4,15,72,11,102,15,20,79,12,126,86,4,90,216
06/17/2021,HLN,MT,ANM,WE,Combination Non-Radar Approach Control & Tower w/o Radar,9,6,3,0,18,3,14,56,15,88,12,20,59,15,106,130,0,130,236
06/18/2021,HLN,MT,ANM,WE,Combination Non-Radar Approach Control & Tower w/o Radar,12,10,10,0,32,0,24,91,7,122,12,34,101,7,154,114,0,114,268
06/19/2021,HLN,MT,ANM,WE,Combination Non-Radar Approach Control & Tower w/o Radar,10,6,2,0,18,0,4,41,2,47,10,10,43,2,65,8,0,8,73
06/20/2021,HLN,MT,ANM,WE,Combination Non-Radar Approach Control & Tower w/o Radar,7,2,4,0,13,0,0,32,0,32,7,2,36,0,45,8,0,8,53
06/21/2021,HLN,MT,ANM,WE,Combination Non-Radar Approach Control & Tower w/o Radar,9,6,10,2,27,0,0,55,5,60,9,6,65,7,87,88,0,88,175
06/22/2021,HLN,MT,ANM,WE,Combination Non-Radar Approach Control & Tower w/o Radar,9,5,2,0,16,1,0,67,5,73,10,5,69,5,89,132,0,132,221
06/23/2021,HLN,MT,ANM,WE,Combination Non-Radar Approach Control & Tower w/o Radar,11,4,15,0,30,0,1,52,4,57,11,5,67,4,87,104,0,104,191
06/24/2021,HLN,MT,ANM,WE,Combination Non-Radar Approach Control & Tower w/o Radar,10,6,9,4,29,0,0,76,7,83,10,6,85,11,112,102,2,104,216
06/25/2021,HLN,MT,ANM,WE,Combination Non-Radar Approach Control & Tower w/o Radar,10,6,5,0,21,0,2,66,9,77,10,8,71,9,98,142,4,146,244
06/26/2021,HLN,MT,ANM,WE,Combination Non-Radar Approach Control & Tower w/o Radar,12,2,4,0,18,0,1,42,1,44,12,3,46,1,62,60,0,60,122
06/27/2021,HLN,MT,ANM,WE,Combination Non-Radar Approach Control & Tower w/o Radar,8,0,2,0,10,0,3,40,0,43,8,3,42,0,53,100,0,100,153
06/28/2021,HLN,MT,ANM,WE,Combination Non-Radar Approach Control & Tower w/o Radar,10,9,2,0,21,0,0,50,7,57,10,9,52,7,78,128,6,134,212
06/29/2021,HLN,MT,ANM,WE,Combination Non-Radar Approach Control & Tower w/o Radar,9,4,5,0,18,0,0,54,13,67,9,4,59,13,85,62,2,64,149
06/30/2021,HLN,MT,ANM,WE,Combination Non-Radar Approach Control & Tower w/o Radar,10,6,12,3,31,0,1,72,20,93,10,7,84,23,124,98,26,124,248
07/01/2021,HLN,MT,ANM,WE,Combination Non-Radar Approach Control & Tower w/o Radar,11,4,4,1,20,0,12,65,7,84,11,16,69,8,104,56,2,58,162
07/02/2021,HLN,MT,ANM,WE,Combination Non-Radar Approach Control & Tower w/o Radar,10,7,3,0,20,0,4,101,6,111,10,11,104,6,131,64,4,68,199
07/03/2021,HLN,MT,ANM,WE,Combination Non-Radar Approach Control & Tower w/o Radar,12,4,2,0,18,0,3,47,0,50,12,7,49,0,68,20,0,20,88
07/04/2021,HLN,MT,ANM,WE,Combination Non-Radar Approach Control & Tower w/o Radar,10,2,2,0,14,0,0,27,0,27,10,2,29,0,41,0,0,0,41
07/05/2021,HLN,MT,ANM,WE,Combination Non-Radar Approach Control & Tower w/o Radar,10,5,5,0,20,1,1,47,1,50,11,6,52,1,70,56,0,56,126
07/06/2021,HLN,MT,ANM,WE,Combination Non-Radar Approach Control & Tower w/o Radar,10,9,0,0,19,5,2,56,6,69,15,11,56,6,88,30,2,32,120
07/07/2021,HLN,MT,ANM,WE,Combination Non-Radar Approach Control & Tower w/o Radar,11,6,7,0,24,4,4,45,8,61,15,10,52,8,85,36,12,48,133
07/08/2021,HLN,MT,ANM,WE,Combination Non-Radar Approach Control & Tower w/o Radar,10,6,3,0,19,18,12,87,8,125,28,18,90,8,144,46,12,58,202
07/09/2021,HLN,MT,ANM,WE,Combination Non-Radar Approach Control & Tower w/o Radar,10,7,2,1,20,16,4,78,6,104,26,11,80,7,124,94,4,98,222
07/10/2021,HLN,MT,ANM,WE,Combination Non-Radar Approach Control & Tower w/o Radar,11,4,1,0,16,2,2,53,3,60,13,6,54,3,76,54,0,54,130
07/11/2021,HLN,MT,ANM,WE,Combination Non-Radar Approach Control & Tower w/o Radar,12,6,3,0,21,9,2,34,3,48,21,8,37,3,69,42,0,42,111
07/12/2021,HLN,MT,ANM,WE,Combination Non-Radar Approach Control & Tower w/o Radar,10,8,2,0,20,28,12,67,12,119,38,20,69,12,139,82,26,108,247
07/13/2021,HLN,MT,ANM,WE,Combination Non-Radar Approach Control & Tower w/o Radar,10,4,8,2,24,2,2,50,6,60,12,6,58,8,84,56,4,60,144
07/14/2021,HLN,MT,ANM,WE,Combination Non-Radar Approach Control & Tower w/o Radar,10,4,16,3,33,1,7,91,9,108,11,11,107,12,141,52,0,52,193
07/15/2021,HLN,MT,ANM,WE,Combination Non-Radar Approach Control & Tower w/o Radar,10,10,12,0,32,6,16,66,6,94,16,26,78,6,126,84,2,86,212
07/16/2021,HLN,MT,ANM,WE,Combination Non-Radar Approach Control & Tower w/o Radar,13,6,10,1,30,16,13,58,8,95,29,19,68,9,125,42,0,42,167
07/17/2021,HLN,MT,ANM,WE,Combination Non-Radar Approach Control & Tower w/o Radar,10,3,2,0,15,18,14,52,3,87,28,17,54,3,102,22,0,22,124
07/18/2021,HLN,MT,ANM,WE,Combination Non-Radar Approach Control & Tower w/o Radar,10,3,3,0,16,3,16,38,2,59,13,19,41,2,75,58,0,58,133
07/19/2021,HLN,MT,ANM,WE,Combination Non-Radar Approach Control & Tower w/o Radar,13,3,7,0,23,8,6,39,10,63,21,9,46,10,86,82,14,96,182
07/20/2021,HLN,MT,ANM,WE,Combination Non-Radar Approach Control & Tower w/o Radar,11,9,10,1,31,6,4,44,14,68,17,13,54,15,99,46,2,48,147
07/21/2021,HLN,MT,ANM,WE,Combination Non-Radar Approach Control & Tower w/o Radar,10,6,14,0,30,1,8,63,21,93,11,14,77,21,123,110,8,118,241
07/22/2021,HLN,MT,ANM,WE,Combination Non-Radar Approach Control & Tower w/o Radar,12,4,10,2,28,7,15,71,19,112,19,19,81,21,140,52,26,78,218
07/23/2021,HLN,MT,ANM,WE,Combination Non-Radar Approach Control & Tower w/o Radar,10,11,6,1,28,13,31,58,1,103,23,42,64,2,131,60,0,60,191
07/24/2021,HLN,MT,ANM,WE,Combination Non-Radar Approach Control & Tower w/o Radar,11,4,8,0,23,41,32,67,7,147,52,36,75,7,170,100,0,100,270
07/25/2021,HLN,MT,ANM,WE,Combination Non-Radar Approach Control & Tower w/o Radar,10,1,4,0,15,10,15,58,6,89,20,16,62,6,104,40,0,40,144
07/26/2021,HLN,MT,ANM,WE,Combination Non-Radar Approach Control & Tower w/o Radar,11,7,3,0,21,28,18,48,7,101,39,25,51,7,122,26,0,26,148
07/27/2021,HLN,MT,ANM,WE,Combination Non-Radar Approach Control & Tower w/o Radar,10,8,6,1,25,9,4,67,12,92,19,12,73,13,117,126,4,130,247
07/28/2021,HLN,MT,ANM,WE,Combination Non-Radar Approach Control & Tower w/o Radar,10,12,11,0,33,8,11,84,14,117,18,23,95,14,150,94,0,94,244
07/29/2021,HLN,MT,ANM,WE,Combination Non-Radar Approach Control & Tower w/o Radar,13,10,6,0,29,9,13,51,16,89,22,23,57,16,118,106,18,124,242
07/30/2021,HLN,MT,ANM,WE,Combination Non-Radar Approach Control & Tower w/o Radar,11,10,9,0,30,49,13,102,21,185,60,23,111,21,215,104,0,104,319
07/31/2021,HLN,MT,ANM,WE,Combination Non-Radar Approach Control & Tower w/o Radar,12,5,8,0,25,14,7,91,10,122,26,12,99,10,147,50,0,50,197
08/01/2021,HLN,MT,ANM,WE,Combination Non-Radar Approach Control & Tower w/o Radar,10,3,10,0,23,15,8,43,8,74,25,11,53,8,97,30,2,32,129
08/02/2021,HLN,MT,ANM,WE,Combination Non-Radar Approach Control & Tower w/o Radar,10,7,9,0,26,1,1,47,10,59,11,8,56,10,85,48,0,48,133
08/03/2021,HLN,MT,ANM,WE,Combination Non-Radar Approach Control & Tower w/o Radar,12,10,7,2,31,0,7,51,18,76,12,17,58,20,107,62,2,64,171
08/04/2021,HLN,MT,ANM,WE,Combination Non-Radar Approach Control & Tower w/o Radar,11,6,14,0,31,4,5,47,21,77,15,11,61,21,108,38,16,54,162
08/05/2021,HLN,MT,ANM,WE,Combination Non-Radar Approach Control & Tower w/o Radar,11,6,10,0,27,2,2,69,14,87,13,8,79,14,114,52,4,56,170
08/06/2021,HLN,MT,ANM,WE,Combination Non-Radar Approach Control & Tower w/o Radar,11,11,18,1,41,10,21,90,18,139,21,32,108,19,180,84,8,92,272
08/07/2021,HLN,MT,ANM,WE,Combination Non-Radar Approach Control & Tower w/o Radar,11,6,6,0,23,23,8,62,25,118,34,14,68,25,141,48,2,50,191
08/08/2021,HLN,MT,ANM,WE,Combination Non-Radar Approach Control & Tower w/o Radar,11,2,8,2,23,11,4,29,4,48,22,6,37,6,71,0,0,0,71
08/09/2021,HLN,MT,ANM,WE,Combination Non-Radar Approach Control & Tower w/o Radar,9,3,4,0,16,10,5,26,9,50,19,8,30,9,66,100,30,130,196
08/10/2021,HLN,MT,ANM,WE,Combination Non-Radar Approach Control & Tower w/o Radar,10,6,9,0,25,16,8,45,18,87,26,14,54,18,112,94,6,100,212
08/11/2021,HLN,MT,ANM,WE,Combination Non-Radar Approach Control & Tower w/o Radar,11,11,13,0,35,5,12,39,5,61,16,23,52,5,96,24,0,24,120
08/12/2021,HLN,MT,ANM,WE,Combination Non-Radar Approach Control & Tower w/o Radar,10,6,10,2,28,19,10,60,20,109,29,16,70,22,137,84,14,98,235
08/13/2021,HLN,MT,ANM,WE,Combination Non-Radar Approach Control & Tower w/o Radar,10,8,11,0,29,2,8,71,12,93,12,16,82,12,122,94,2,96,218
08/14/2021,HLN,MT,ANM,WE,Combination Non-Radar Approach Control & Tower w/o Radar,11,8,7,0,26,3,9,41,1,54,14,17,48,1,80,22,0,22,102
08/15/2021,HLN,MT,ANM,WE,Combination Non-Radar Approach Control & Tower w/o Radar,8,4,6,0,18,5,0,27,10,42,13,4,33,10,60,18,0,18,78
08/16/2021,HLN,MT,ANM,WE,Combination Non-Radar Approach Control & Tower w/o Radar,9,7,10,0,26,18,3,32,15,68,27,10,42,15,94,22,22,44,138
08/17/2021,HLN,MT,ANM,WE,Combination Non-Radar Approach Control & Tower w/o Radar,12,7,4,0,23,6,5,41,12,64,18,12,45,12,87,66,0,66,153
08/18/2021,HLN,MT,ANM,WE,Combination Non-Radar Approach Control & Tower w/o Radar,13,5,13,2,33,0,0,6,8,14,13,5,19,10,47,56,0,56,103
08/19/2021,HLN,MT,ANM,WE,Combination Non-Radar Approach Control & Tower w/o Radar,11,7,7,3,28,1,1,40,36,78,12,8,47,39,106,56,10,66,172
08/20/2021,HLN,MT,ANM,WE,Combination Non-Radar Approach Control & Tower w/o Radar,11,8,5,0,24,0,6,23,4,33,11,14,28,4,57,46,12,58,115
08/21/2021,HLN,MT,ANM,WE,Combination Non-Radar Approach Control & Tower w/o Radar,10,4,3,0,17,0,2,10,1,13,10,6,13,1,30,10,0,10,40
08/22/2021,HLN,MT,ANM,WE,Combination Non-Radar Approach Control & Tower w/o Radar,9,3,5,0,17,0,2,25,3,30,9,5,30,3,47,28,0,28,75
08/23/2021,HLN,MT,ANM,WE,Combination Non-Radar Approach Control & Tower w/o Radar,9,4,2,0,15,1,0,39,9,49,10,4,41,9,64,26,0,26,90
08/24/2021,HLN,MT,ANM,WE,Combination Non-Radar Approach Control & Tower w/o Radar,11,6,5,1,23,0,0,70,39,109,11,6,75,40,132,68,10,78,210
08/25/2021,HLN,MT,ANM,WE,Combination Non-Radar Approach Control & Tower w/o Radar,10,5,10,0,25,0,2,67,13,82,10,7,77,13,107,58,12,70,177
08/26/2021,HLN,MT,ANM,WE,Combination Non-Radar Approach Control & Tower w/o Radar,9,8,9,0,26,0,2,41,11,54,9,10,50,11,80,88,0,88,168
08/27/2021,HLN,MT,ANM,WE,Combination Non-Radar Approach Control & Tower w/o Radar,10,4,5,0,19,0,2,37,16,55,10,6,42,16,74,46,2,48,122
08/28/2021,HLN,MT,ANM,WE,Combination Non-Radar Approach Control & Tower w/o Radar,11,4,9,0,24,0,0,53,4,57,11,4,62,4,81,52,0,52,133
08/29/2021,HLN,MT,ANM,WE,Combination Non-Radar Approach Control & Tower w/o Radar,11,1,5,0,17,0,0,72,0,72,11,1,77,0,89,58,0,58,147
08/30/2021,HLN,MT,ANM,WE,Combination Non-Radar Approach Control & Tower w/o Radar,9,6,7,0,22,0,0,48,18,66,9,6,55,18,88,126,44,170,258
08/31/2021,HLN,MT,ANM,WE,Combination Non-Radar Approach Control & Tower w/o Radar,10,8,4,0,22,0,4,69,5,78,10,12,73,5,100,76,0,76,176
09/01/2021,HLN,MT,ANM,WE,Combination Non-Radar Approach Control & Tower w/o Radar,12,6,5,0,23,0,1,74,20,95,12,7,79,20,118,70,8,78,196
09/02/2021,HLN,MT,ANM,WE,Combination Non-Radar Approach Control & Tower w/o Radar,7,3,8,0,18,0,1,23,7,31,7,4,31,7,49,52,0,52,101
09/03/2021,HLN,MT,ANM,WE,Combination Non-Radar Approach Control & Tower w/o Radar,10,7,7,0,24,0,2,57,3,62,10,9,64,3,86,182,0,182,268
09/04/2021,HLN,MT,ANM,WE,Combination Non-Radar Approach Control & Tower w/o Radar,10,5,4,0,19,0,1,48,2,51,10,6,52,2,70,82,0,82,152
09/05/2021,HLN,MT,ANM,WE,Combination Non-Radar Approach Control & Tower w/o Radar,11,5,2,0,18,0,0,44,0,44,11,5,46,0,62,54,0,54,116
09/06/2021,HLN,MT,ANM,WE,Combination Non-Radar Approach Control & Tower w/o Radar,9,2,0,0,11,0,3,26,0,29,9,5,26,0,40,34,0,34,74
09/07/2021,HLN,MT,ANM,WE,Combination Non-Radar Approach Control & Tower w/o Radar,10,14,4,0,28,0,0,47,14,61,10,14,51,14,89,110,26,136,225
09/08/2021,HLN,MT,ANM,WE,Combination Non-Radar Approach Control & Tower w/o Radar,10,6,10,3,29,0,0,48,17,65,10,6,58,20,94,20,16,36,130
09/09/2021,HLN,MT,ANM,WE,Combination Non-Radar Approach Control & Tower w/o Radar,10,4,6,6,26,0,1,39,20,60,10,5,45,26,86,40,42,82,168
09/10/2021,HLN,MT,ANM,WE,Combination Non-Radar Approach Control & Tower w/o Radar,10,6,13,0,29,0,1,42,10,53,10,7,55,10,82,142,16,158,240
09/11/2021,HLN,MT,ANM,WE,Combination Non-Radar Approach Control & Tower w/o Radar,11,3,0,3,17,0,3,17,25,45,11,6,17,28,62,10,2,12,74
09/12/2021,HLN,MT,ANM,WE,Combination Non-Radar Approach Control & Tower w/o Radar,8,6,4,0,18,0,2,45,3,50,8,8,49,3,68,38,0,38,106
09/13/2021,HLN,MT,ANM,WE,Combination Non-Radar Approach Control & Tower w/o Radar,7,3,5,3,18,0,0,34,6,40,7,3,39,9,58,28,6,34,92
09/14/2021,HLN,MT,ANM,WE,Combination Non-Radar Approach Control & Tower w/o Radar,7,8,10,0,25,2,6,63,8,79,9,14,73,8,104,38,10,48,152
09/15/2021,HLN,MT,ANM,WE,Combination Non-Radar Approach Control & Tower w/o Radar,10,9,7,2,28,0,2,47,3,52,10,11,54,5,80,70,0,70,150
09/16/2021,HLN,MT,ANM,WE,Combination Non-Radar Approach Control & Tower w/o Radar,8,8,3,2,21,0,7,38,4,49,8,15,41,6,70,30,6,36,106
09/17/2021,HLN,MT,ANM,WE,Combination Non-Radar Approach Control & Tower w/o Radar,9,3,7,2,21,0,2,53,8,63,9,5,60,10,84,58,16,74,158
09/18/2021,HLN,MT,ANM,WE,Combination Non-Radar Approach Control & Tower w/o Radar,8,10,0,0,18,35,2,23,0,60,43,12,23,0,78,0,0,0,78
09/19/2021,HLN,MT,ANM,WE,Combination Non-Radar Approach Control & Tower w/o Radar,9,3,1,0,13,0,0,11,2,13,9,3,12,2,26,0,0,0,26
09/20/2021,HLN,MT,ANM,WE,Combination Non-Radar Approach Control & Tower w/o Radar,6,7,3,0,16,0,2,17,13,32,6,9,20,13,48,26,12,38,86
09/21/2021,HLN,MT,ANM,WE,Combination Non-Radar Approach Control & Tower w/o Radar,7,10,7,0,24,0,3,56,10,69,7,13,63,10,93,64,36,100,193
09/22/2021,HLN,MT,ANM,WE,Combination Non-Radar Approach Control & Tower w/o Radar,8,6,7,0,21,0,2,44,14,60,8,8,51,14,81,80,20,100,181
09/23/2021,HLN,MT,ANM,WE,Combination Non-Radar Approach Control & Tower w/o Radar,5,10,10,0,25,0,0,34,17,51,5,10,44,17,76,22,0,22,98
09/24/2021,HLN,MT,ANM,WE,Combination Non-Radar Approach Control & Tower w/o Radar,8,6,6,0,20,0,3,67,16,86,8,9,73,16,106,56,14,70,176
09/25/2021,HLN,MT,ANM,WE,Combination Non-Radar Approach Control & Tower w/o Radar,9,6,3,1,19,0,4,43,4,51,9,10,46,5,70,74,0,74,144
09/26/2021,HLN,MT,ANM,WE,Combination Non-Radar Approach Control & Tower w/o Radar,8,5,7,1,21,0,4,42,0,46,8,9,49,1,67,46,0,46,113
09/27/2021,HLN,MT,ANM,WE,Combination Non-Radar Approach Control & Tower w/o Radar,8,4,2,0,14,0,5,42,14,61,8,9,44,14,75,72,4,76,151
09/28/2021,HLN,MT,ANM,WE,Combination Non-Radar Approach Control & Tower w/o Radar,9,9,2,1,21,0,1,25,10,36,9,10,27,11,57,24,0,24,81
09/29/2021,HLN,MT,ANM,WE,Combination Non-Radar Approach Control & Tower w/o Radar,11,6,8,2,27,1,6,51,11,69,12,12,59,13,96,26,2,28,124
09/30/2021,HLN,MT,ANM,WE,Combination Non-Radar Approach Control & Tower w/o Radar,9,5,7,0,21,3,3,62,12,80,12,8,69,12,101,44,2,46,147
10/01/2021,HLN,MT,ANM,WE,Combination Non-Radar Approach Control & Tower w/o Radar,7,8,2,0,17,0,4,65,11,80,7,12,67,11,97,62,4,66,163
10/02/2021,HLN,MT,ANM,WE,Combination Non-Radar Approach Control & Tower w/o Radar,9,6,5,0,20,0,0,51,5,56,9,6,56,5,76,72,0,72,148
10/03/2021,HLN,MT,ANM,WE,Combination Non-Radar Approach Control & Tower w/o Radar,8,2,1,0,11,0,3,29,5,37,8,5,30,5,48,22,0,22,70
10/04/2021,HLN,MT,ANM,WE,Combination Non-Radar Approach Control & Tower w/o Radar,7,6,8,0,21,5,6,62,12,85,12,12,70,12,106,69,4,73,179
10/05/2021,HLN,MT,ANM,WE,Combination Non-Radar Approach Control & Tower w/o Radar,8,5,10,0,23,14,14,50,11,89,22,19,60,11,112,62,12,74,186
10/06/2021,HLN,MT,ANM,WE,Combination Non-Radar Approach Control & Tower w/o Radar,9,11,10,0,30,1,6,47,16,70,10,17,57,16,100,64,0,64,164
10/07/2021,HLN,MT,ANM,WE,Combination Non-Radar Approach Control & Tower w/o Radar,8,5,12,1,26,1,0,28,22,51,9,5,40,23,77,60,4,64,141
10/08/2021,HLN,MT,ANM,WE,Combination Non-Radar Approach Control & Tower w/o Radar,11,5,6,1,23,2,2,45,15,64,13,7,51,16,87,82,8,90,177
10/09/2021,HLN,MT,ANM,WE,Combination Non-Radar Approach Control & Tower w/o Radar,8,5,0,0,13,0,6,13,1,20,8,11,13,1,33,14,0,14,47
10/10/2021,HLN,MT,ANM,WE,Combination Non-Radar Approach Control & Tower w/o Radar,10,4,8,0,22,0,2,13,0,15,10,6,21,0,37,8,0,8,45
10/11/2021,HLN,MT,ANM,WE,Combination Non-Radar Approach Control & Tower w/o Radar,9,3,9,0,21,0,0,3,0,3,9,3,12,0,24,0,0,0,24
10/12/2021,HLN,MT,ANM,WE,Combination Non-Radar Approach Control & Tower w/o Radar,5,8,10,0,23,0,0,22,7,29,5,8,32,7,52,50,18,68,120
10/13/2021,HLN,MT,ANM,WE,Combination Non-Radar Approach Control & Tower w/o Radar,7,12,7,0,26,0,2,28,28,58,7,14,35,28,84,32,38,70,154
10/14/2021,HLN,MT,ANM,WE,Combination Non-Radar Approach Control & Tower w/o Radar,8,3,7,0,18,0,1,20,29,50,8,4,27,29,68,20,0,20,88
10/15/2021,HLN,MT,ANM,WE,Combination Non-Radar Approach Control & Tower w/o Radar,8,9,2,0,19,0,5,31,37,73,8,14,33,37,92,40,6,46,138
10/16/2021,HLN,MT,ANM,WE,Combination Non-Radar Approach Control & Tower w/o Radar,7,7,4,0,18,0,9,31,23,63,7,16,35,23,81,66,0,66,147
10/17/2021,HLN,MT,ANM,WE,Combination Non-Radar Approach Control & Tower w/o Radar,7,4,3,0,14,0,0,30,24,54,7,4,33,24,68,16,0,16,84
10/18/2021,HLN,MT,ANM,WE,Combination Non-Radar Approach Control & Tower w/o Radar,7,6,4,0,17,0,2,51,9,62,7,8,55,9,79,20,12,32,111
10/19/2021,HLN,MT,ANM,WE,Combination Non-Radar Approach Control & Tower w/o Radar,6,9,6,0,21,0,0,61,15,76,6,9,67,15,97,66,12,78,175
10/20/2021,HLN,MT,ANM,WE,Combination Non-Radar Approach Control & Tower w/o Radar,8,6,12,0,26,0,4,52,11,67,8,10,64,11,93,92,12,104,197
10/21/2021,HLN,MT,ANM,WE,Combination Non-Radar Approach Control & Tower w/o Radar,6,4,9,2,21,0,2,57,21,80,6,6,66,23,101,44,24,68,169
10/22/2021,HLN,MT,ANM,WE,Combination Non-Radar Approach Control & Tower w/o Radar,6,5,10,0,21,0,2,46,5,53,6,7,56,5,74,94,0,94,168
10/23/2021,HLN,MT,ANM,WE,Combination Non-Radar Approach Control & Tower w/o Radar,8,5,8,0,21,0,1,13,2,16,8,6,21,2,37,0,0,0,37
10/24/2021,HLN,MT,ANM,WE,Combination Non-Radar Approach Control & Tower w/o Radar,9,1,3,0,13,0,3,33,0,36,9,4,36,0,49,60,0,60,109
10/25/2021,HLN,MT,ANM,WE,Combination Non-Radar Approach Control & Tower w/o Radar,6,5,5,0,16,0,0,15,8,23,6,5,20,8,39,16,4,20,59
10/26/2021,HLN,MT,ANM,WE,Combination Non-Radar Approach Control & Tower w/o Radar,6,10,5,0,21,0,4,20,18,42,6,14,25,18,63,52,12,64,127
10/27/2021,HLN,MT,ANM,WE,Combination Non-Radar Approach Control & Tower w/o Radar,9,6,7,2,24,0,3,11,17,31,9,9,18,19,55,6,8,14,69
10/28/2021,HLN,MT,ANM,WE,Combination Non-Radar Approach Control & Tower w/o Radar,9,8,7,0,24,0,6,34,28,68,9,14,41,28,92,50,24,74,166
10/29/2021,HLN,MT,ANM,WE,Combination Non-Radar Approach Control & Tower w/o Radar,10,3,2,1,16,0,0,20,25,45,10,3,22,26,61,4,6,10,71
10/30/2021,HLN,MT,ANM,WE,Combination Non-Radar Approach Control & Tower w/o Radar,7,7,5,0,19,0,1,25,1,27,7,8,30,1,46,72,0,72,118
10/31/2021,HLN,MT,ANM,WE,Combination Non-Radar Approach Control & Tower w/o Radar,8,4,4,1,17,0,1,35,1,37,8,5,39,2,54,30,0,30,84
11/01/2021,HLN,MT,ANM,WE,Combination Non-Radar Approach Control & Tower w/o Radar,7,3,6,0,16,0,1,35,10,46,7,4,41,10,62,74,0,74,136
11/02/2021,HLN,MT,ANM,WE,Combination Non-Radar Approach Control & Tower w/o Radar,7,13,13,0,33,0,0,42,17,59,7,13,55,17,92,94,4,98,190
11/03/2021,HLN,MT,ANM,WE,Combination Non-Radar Approach Control & Tower w/o Radar,5,7,7,0,19,0,7,52,2,61,5,14,59,2,80,66,4,70,150
11/04/2021,HLN,MT,ANM,WE,Combination Non-Radar Approach Control & Tower w/o Radar,9,7,2,0,18,0,2,24,8,34,9,9,26,8,52,54,0,54,106
11/05/2021,HLN,MT,ANM,WE,Combination Non-Radar Approach Control & Tower w/o Radar,10,6,5,3,24,0,7,43,15,65,10,13,48,18,89,96,10,106,195
11/06/2021,HLN,MT,ANM,WE,Combination Non-Radar Approach Control & Tower w/o Radar,9,5,6,2,22,0,10,38,0,48,9,15,44,2,70,36,0,36,106
11/07/2021,HLN,MT,ANM,WE,Combination Non-Radar Approach Control & Tower w/o Radar,7,3,3,2,15,0,6,46,1,53,7,9,49,3,68,68,0,68,136
11/08/2021,HLN,MT,ANM,WE,Combination Non-Radar Approach Control & Tower w/o Radar,7,6,3,0,16,0,8,31,34,73,7,14,34,34,89,86,26,112,201
11/09/2021,HLN,MT,ANM,WE,Combination Non-Radar Approach Control & Tower w/o Radar,6,7,10,0,23,0,2,26,23,51,6,9,36,23,74,40,28,68,142
11/10/2021,HLN,MT,ANM,WE,Combination Non-Radar Approach Control & Tower w/o Radar,4,10,8,4,26,0,1,26,9,36,4,11,34,13,62,32,10,42,104
11/11/2021,HLN,MT,ANM,WE,Combination Non-Radar Approach Control & Tower w/o Radar,8,7,5,0,20,0,0,26,0,26,8,7,31,0,46,94,0,94,140
11/12/2021,HLN,MT,ANM,WE,Combination Non-Radar Approach Control & Tower w/o Radar,8,7,6,1,22,0,1,19,1,21,8,8,25,2,43,72,0,72,115
11/13/2021,HLN,MT,ANM,WE,Combination Non-Radar Approach Control & Tower w/o Radar,9,4,1,2,16,0,2,8,0,10,9,6,9,2,26,12,0,12,38
11/14/2021,HLN,MT,ANM,WE,Combination Non-Radar Approach Control & Tower w/o Radar,6,5,2,1,14,0,4,11,0,15,6,9,13,1,29,14,0,14,43
11/15/2021,HLN,MT,ANM,WE,Combination Non-Radar Approach Control & Tower w/o Radar,4,7,7,0,18,0,0,19,4,23,4,7,26,4,41,10,0,10,51
11/16/2021,HLN,MT,ANM,WE,Combination Non-Radar Approach Control & Tower w/o Radar,7,6,1,0,14,0,0,3,0,3,7,6,4,0,17,0,0,0,17
11/17/2021,HLN,MT,ANM,WE,Combination Non-Radar Approach Control & Tower w/o Radar,6,12,8,3,29,0,20,48,17,85,6,32,56,20,114,76,20,96,210
11/18/2021,HLN,MT,ANM,WE,Combination Non-Radar Approach Control & Tower w/o Radar,7,6,9,3,25,0,3,33,33,69,7,9,42,36,94,54,46,100,194
11/19/2021,HLN,MT,ANM,WE,Combination Non-Radar Approach Control & Tower w/o Radar,8,6,9,2,25,0,1,20,17,38,8,7,29,19,63,68,32,100,163
11/20/2021,HLN,MT,ANM,WE,Combination Non-Radar Approach Control & Tower w/o Radar,9,6,1,0,16,0,3,19,0,22,9,9,20,0,38,16,0,16,54
11/21/2021,HLN,MT,ANM,WE,Combination Non-Radar Approach Control & Tower w/o Radar,9,4,1,0,14,0,1,17,0,18,9,5,18,0,32,52,0,52,84
11/22/2021,HLN,MT,ANM,WE,Combination Non-Radar Approach Control & Tower w/o Radar,7,3,0,1,11,0,5,31,11,47,7,8,31,12,58,46,24,70,128
11/23/2021,HLN,MT,ANM,WE,Combination Non-Radar Approach Control & Tower w/o Radar,7,7,3,0,17,0,2,16,19,37,7,9,19,19,54,106,18,124,178
11/24/2021,HLN,MT,ANM,WE,Combination Non-Radar Approach Control & Tower w/o Radar,6,6,5,1,18,0,4,24,10,38,6,10,29,11,56,20,0,20,76
11/25/2021,HLN,MT,ANM,WE,Combination Non-Radar Approach Control & Tower w/o Radar,2,2,0,0,4,0,0,7,0,7,2,2,7,0,11,34,0,34,45
11/26/2021,HLN,MT,ANM,WE,Combination Non-Radar Approach Control & Tower w/o Radar,8,2,0,0,10,0,0,20,0,20,8,2,20,0,30,30,0,30,60
11/27/2021,HLN,MT,ANM,WE,Combination Non-Radar Approach Control & Tower w/o Radar,9,7,2,0,18,0,3,30,0,33,9,10,32,0,51,10,0,10,61
11/28/2021,HLN,MT,ANM,WE,Combination Non-Radar Approach Control & Tower w/o Radar,6,4,6,0,16,0,1,9,0,10,6,5,15,0,26,10,0,10,36
11/29/2021,HLN,MT,ANM,WE,Combination Non-Radar Approach Control & Tower w/o Radar,6,6,9,2,23,0,0,11,10,21,6,6,20,12,44,0,0,0,44
11/30/2021,HLN,MT,ANM,WE,Combination Non-Radar Approach Control & Tower w/o Radar,6,9,9,0,24,0,5,27,5,37,6,14,36,5,61,34,30,64,125
12/01/2021,HLN,MT,ANM,WE,Combination Non-Radar Approach Control & Tower w/o Radar,7,7,10,1,25,0,2,2,0,4,7,9,12,1,29,0,0,0,29
12/02/2021,HLN,MT,ANM,WE,Combination Non-Radar Approach Control & Tower w/o Radar,7,6,10,0,23,0,2,6,5,13,7,8,16,5,36,0,8,8,44
12/03/2021,HLN,MT,ANM,WE,Combination Non-Radar Approach Control & Tower w/o Radar,7,5,5,10,27,0,8,56,20,84,7,13,61,30,111,174,10,184,295
12/04/2021,HLN,MT,ANM,WE,Combination Non-Radar Approach Control & Tower w/o Radar,6,5,2,0,13,0,0,15,4,19,6,5,17,4,32,50,0,50,82
12/05/2021,HLN,MT,ANM,WE,Combination Non-Radar Approach Control & Tower w/o Radar,7,3,1,2,13,0,0,24,0,24,7,3,25,2,37,106,0,106,143
12/06/2021,HLN,MT,ANM,WE,Combination Non-Radar Approach Control & Tower w/o Radar,4,5,6,0,15,0,4,6,9,19,4,9,12,9,34,0,2,2,36
12/07/2021,HLN,MT,ANM,WE,Combination Non-Radar Approach Control & Tower w/o Radar,6,10,8,1,25,0,0,22,21,43,6,10,30,22,68,24,24,48,116
12/08/2021,HLN,MT,ANM,WE,Combination Non-Radar Approach Control & Tower w/o Radar,8,9,10,0,27,0,0,17,0,17,8,9,27,0,44,46,0,46,90
12/09/2021,HLN,MT,ANM,WE,Combination Non-Radar Approach Control & Tower w/o Radar,8,6,4,1,19,0,5,34,15,54,8,11,38,16,73,52,28,80,153
12/10/2021,HLN,MT,ANM,WE,Combination Non-Radar Approach Control & Tower w/o Radar,7,11,12,2,32,0,2,22,11,35,7,13,34,13,67,20,24,44,111
12/11/2021,HLN,MT,ANM,WE,Combination Non-Radar Approach Control & Tower w/o Radar,10,3,1,0,14,0,2,5,0,7,10,5,6,0,21,0,0,0,21
12/12/2021,HLN,MT,ANM,WE,Combination Non-Radar Approach Control & Tower w/o Radar,8,8,3,1,20,0,0,3,0,3,8,8,6,1,23,6,0,6,29
12/13/2021,HLN,MT,ANM,WE,Combination Non-Radar Approach Control & Tower w/o Radar,4,4,6,3,17,0,0,6,12,18,4,4,12,15,35,13,14,27,62
12/14/2021,HLN,MT,ANM,WE,Combination Non-Radar Approach Control & Tower w/o Radar,6,10,6,2,24,0,0,13,11,24,6,10,19,13,48,14,10,24,72
12/15/2021,HLN,MT,ANM,WE,Combination Non-Radar Approach Control & Tower w/o Radar,8,8,20,5,41,0,2,26,7,35,8,10,46,12,76,52,24,76,152
12/16/2021,HLN,MT,ANM,WE,Combination Non-Radar Approach Control & Tower w/o Radar,7,6,11,1,25,0,0,30,12,42,7,6,41,13,67,40,14,54,121
12/17/2021,HLN,MT,ANM,WE,Combination Non-Radar Approach Control & Tower w/o Radar,9,13,6,3,31,0,4,31,12,47,9,17,37,15,78,24,4,28,106
12/18/2021,HLN,MT,ANM,WE,Combination Non-Radar Approach Control & Tower w/o Radar,9,5,2,2,18,0,0,13,0,13,9,5,15,2,31,64,0,64,95
12/19/2021,HLN,MT,ANM,WE,Combination Non-Radar Approach Control & Tower w/o Radar,5,1,2,0,8,0,0,2,0,2,5,1,4,0,10,10,0,10,20
12/20/2021,HLN,MT,ANM,WE,Combination Non-Radar Approach Control & Tower w/o Radar,6,6,8,0,20,0,3,7,5,15,6,9,15,5,35,16,0,16,51
12/21/2021,HLN,MT,ANM,WE,Combination Non-Radar Approach Control & Tower w/o Radar,7,11,12,0,30,0,2,15,13,30,7,13,27,13,60,52,22,74,134
12/22/2021,HLN,MT,ANM,WE,Combination Non-Radar Approach Control & Tower w/o Radar,7,14,9,4,34,0,2,31,16,49,7,16,40,20,83,104,4,108,191
12/23/2021,HLN,MT,ANM,WE,Combination Non-Radar Approach Control & Tower w/o Radar,8,8,4,0,20,0,0,4,0,4,8,8,8,0,24,20,0,20,44
12/24/2021,HLN,MT,ANM,WE,Combination Non-Radar Approach Control & Tower w/o Radar,6,11,2,0,19,0,1,12,0,13,6,12,14,0,32,56,0,56,88
12/25/2021,HLN,MT,ANM,WE,Combination Non-Radar Approach Control & Tower w/o Radar,8,1,2,0,11,0,0,5,0,5,8,1,7,0,16,8,0,8,24
12/26/2021,HLN,MT,ANM,WE,Combination Non-Radar Approach Control & Tower w/o Radar,5,5,0,0,10,0,0,0,0,0,5,5,0,0,10,0,0,0,10
12/27/2021,HLN,MT,ANM,WE,Combination Non-Radar Approach Control & Tower w/o Radar,6,6,6,0,18,0,1,3,13,17,6,7,9,13,35,2,26,28,63
12/28/2021,HLN,MT,ANM,WE,Combination Non-Radar Approach Control & Tower w/o Radar,7,5,4,1,17,0,1,8,13,22,7,6,12,14,39,34,2,36,75
12/29/2021,HLN,MT,ANM,WE,Combination Non-Radar Approach Control & Tower w/o Radar,5,16,1,0,22,0,1,14,2,17,5,17,15,2,39,0,0,0,39
12/30/2021,HLN,MT,ANM,WE,Combination Non-Radar Approach Control & Tower w/o Radar,7,8,5,1,21,0,0,10,0,10,7,8,15,1,31,30,0,30,61
12/31/2021,HLN,MT,ANM,WE,Combination Non-Radar Approach Control & Tower w/o Radar,7,4,3,1,15,0,1,1,0,2,7,5,4,1,17,0,0,0,17
01/01/2022,HLN,MT,ANM,WE,Combination Non-Radar Approach Control & Tower w/o Radar,5,4,2,0,11,0,0,11,0,11,5,4,13,0,22,2,0,2,24
01/02/2022,HLN,MT,ANM,WE,Combination Non-Radar Approach Control & Tower w/o Radar,8,2,2,0,12,0,0,20,1,21,8,2,22,1,33,34,0,34,67
01/03/2022,HLN,MT,ANM,WE,Combination Non-Radar Approach Control & Tower w/o Radar,7,0,6,0,13,0,0,19,5,24,7,0,25,5,37,16,2,18,55
01/04/2022,HLN,MT,ANM,WE,Combination Non-Radar Approach Control & Tower w/o Radar,7,8,12,0,27,0,0,8,12,20,7,8,20,12,47,44,30,74,121
01/05/2022,HLN,MT,ANM,WE,Combination Non-Radar Approach Control & Tower w/o Radar,8,7,12,0,27,0,0,0,0,0,8,7,12,0,27,0,0,0,27
01/06/2022,HLN,MT,ANM,WE,Combination Non-Radar Approach Control & Tower w/o Radar,9,7,7,0,23,0,0,0,3,3,9,7,7,3,26,0,10,10,36
01/07/2022,HLN,MT,ANM,WE,Combination Non-Radar Approach Control & Tower w/o Radar,9,13,5,0,27,0,3,28,9,40,9,16,33,9,67,11,5,16,83
01/08/2022,HLN,MT,ANM,WE,Combination Non-Radar Approach Control & Tower w/o Radar,8,5,2,0,15,0,2,18,8,28,8,7,20,8,43,42,0,42,85
01/09/2022,HLN,MT,ANM,WE,Combination Non-Radar Approach Control & Tower w/o Radar,8,1,3,0,12,0,0,17,6,23,8,1,20,6,35,18,4,22,57
01/10/2022,HLN,MT,ANM,WE,Combination Non-Radar Approach Control & Tower w/o Radar,7,5,6,0,18,0,0,23,9,32,7,5,29,9,50,70,12,82,132
01/11/2022,HLN,MT,ANM,WE,Combination Non-Radar Approach Control & Tower w/o Radar,7,8,16,1,32,0,2,22,7,31,7,10,38,8,63,18,0,18,81
01/12/2022,HLN,MT,ANM,WE,Combination Non-Radar Approach Control & Tower w/o Radar,7,8,15,0,30,0,2,16,10,28,7,10,31,10,58,20,4,24,82
01/13/2022,HLN,MT,ANM,WE,Combination Non-Radar Approach Control & Tower w/o Radar,12,5,7,0,24,0,2,39,7,48,12,7,46,7,72,44,2,46,118
01/14/2022,HLN,MT,ANM,WE,Combination Non-Radar Approach Control & Tower w/o Radar,8,4,4,1,17,0,0,38,8,46,8,4,42,9,63,78,18,96,159
01/15/2022,HLN,MT,ANM,WE,Combination Non-Radar Approach Control & Tower w/o Radar,11,8,1,0,20,0,2,41,0,43,11,10,42,0,63,74,0,74,137
01/16/2022,HLN,MT,ANM,WE,Combination Non-Radar Approach Control & Tower w/o Radar,6,3,1,0,10,0,0,36,0,36,6,3,37,0,46,28,0,28,74
01/17/2022,HLN,MT,ANM,WE,Combination Non-Radar Approach Control & Tower w/o Radar,7,3,4,2,16,0,0,15,0,15,7,3,19,2,31,62,2,64,95
01/18/2022,HLN,MT,ANM,WE,Combination Non-Radar Approach Control & Tower w/o Radar,8,6,1,0,15,0,0,0,9,9,8,6,1,9,24,0,8,8,32
01/19/2022,HLN,MT,ANM,WE,Combination Non-Radar Approach Control & Tower w/o Radar,8,6,6,0,20,0,3,21,20,44,8,9,27,20,64,38,34,72,136
01/20/2022,HLN,MT,ANM,WE,Combination Non-Radar Approach Control & Tower w/o Radar,7,7,7,2,23,0,1,19,14,34,7,8,26,16,57,56,24,80,137
01/21/2022,HLN,MT,ANM,WE,Combination Non-Radar Approach Control & Tower w/o Radar,8,4,5,1,18,0,1,23,13,37,8,5,28,14,55,64,0,64,119
01/22/2022,HLN,MT,ANM,WE,Combination Non-Radar Approach Control & Tower w/o Radar,8,7,4,0,19,0,4,20,11,35,8,11,24,11,54,48,2,50,104
01/23/2022,HLN,MT,ANM,WE,Combination Non-Radar Approach Control & Tower w/o Radar,10,3,1,0,14,0,0,36,1,37,10,3,37,1,51,22,0,22,73
01/24/2022,HLN,MT,ANM,WE,Combination Non-Radar Approach Control & Tower w/o Radar,6,6,12,1,25,0,0,11,2,13,6,6,23,3,38,28,18,46,84
01/25/2022,HLN,MT,ANM,WE,Combination Non-Radar Approach Control & Tower w/o Radar,7,7,7,1,22,0,8,33,15,56,7,15,40,16,78,18,2,20,98
01/26/2022,HLN,MT,ANM,WE,Combination Non-Radar Approach Control & Tower w/o Radar,7,11,6,1,25,0,8,37,15,60,7,19,43,16,85,66,0,66,151
01/27/2022,HLN,MT,ANM,WE,Combination Non-Radar Approach Control & Tower w/o Radar,6,9,1,0,16,0,2,39,19,60,6,11,40,19,76,77,2,79,155
01/28/2022,HLN,MT,ANM,WE,Combination Non-Radar Approach Control & Tower w/o Radar,8,14,4,0,26,0,3,32,26,61,8,17,36,26,87,58,0,58,145
01/29/2022,HLN,MT,ANM,WE,Combination Non-Radar Approach Control & Tower w/o Radar,11,3,2,0,16,0,0,33,0,33,11,3,35,0,49,118,0,118,167
01/30/2022,HLN,MT,ANM,WE,Combination Non-Radar Approach Control & Tower w/o Radar,6,2,4,0,12,0,3,10,4,17,6,5,14,4,29,10,0,10,39
01/31/2022,HLN,MT,ANM,WE,Combination Non-Radar Approach Control & Tower w/o Radar,7,4,6,1,18,0,0,3,4,7,7,4,9,5,25,0,8,8,33
02/01/2022,HLN,MT,ANM,WE,Combination Non-Radar Approach Control & Tower w/o Radar,6,7,4,0,17,0,1,3,6,10,6,8,7,6,27,38,6,44,71
02/02/2022,HLN,MT,ANM,WE,Combination Non-Radar Approach Control & Tower w/o Radar,6,14,3,1,24,0,5,20,25,50,6,19,23,26,74,0,6,6,80
02/03/2022,HLN,MT,ANM,WE,Combination Non-Radar Approach Control & Tower w/o Radar,8,8,7,3,26,0,1,25,12,38,8,9,32,15,64,2,34,36,100
02/04/2022,HLN,MT,ANM,WE,Combination Non-Radar Approach Control & Tower w/o Radar,9,4,7,2,22,0,2,24,9,35,9,6,31,11,57,96,12,108,165
02/05/2022,HLN,MT,ANM,WE,Combination Non-Radar Approach Control & Tower w/o Radar,9,5,0,0,14,0,4,1,0,5,9,9,1,0,19,10,0,10,29
02/06/2022,HLN,MT,ANM,WE,Combination Non-Radar Approach Control & Tower w/o Radar,8,1,1,1,11,0,0,16,0,16,8,1,17,1,27,18,0,18,45
02/07/2022,HLN,MT,ANM,WE,Combination Non-Radar Approach Control & Tower w/o Radar,6,8,3,1,18,0,1,27,14,42,6,9,30,15,60,78,6,84,144
02/08/2022,HLN,MT,ANM,WE,Combination Non-Radar Approach Control & Tower w/o Radar,8,4,6,2,20,0,3,24,16,43,8,7,30,18,63,16,12,28,91
02/09/2022,HLN,MT,ANM,WE,Combination Non-Radar Approach Control & Tower w/o Radar,7,9,12,0,28,0,2,15,2,19,7,11,27,2,47,24,0,24,71
02/10/2022,HLN,MT,ANM,WE,Combination Non-Radar Approach Control & Tower w/o Radar,7,6,6,0,19,0,1,12,0,13,7,7,18,0,32,6,0,6,38
02/11/2022,HLN,MT,ANM,WE,Combination Non-Radar Approach Control & Tower w/o Radar,8,4,5,1,18,0,1,6,18,25,8,5,11,19,43,44,0,44,87
02/12/2022,HLN,MT,ANM,WE,Combination Non-Radar Approach Control & Tower w/o Radar,9,5,1,0,15,0,7,78,0,85,9,12,79,0,100,146,0,146,246
02/13/2022,HLN,MT,ANM,WE,Combination Non-Radar Approach Control & Tower w/o Radar,7,2,2,0,11,0,4,34,0,38,7,6,36,0,49,48,0,48,97
02/14/2022,HLN,MT,ANM,WE,Combination Non-Radar Approach Control & Tower w/o Radar,5,6,1,3,15,0,4,42,13,59,5,10,43,16,74,70,0,70,144
02/15/2022,HLN,MT,ANM,WE,Combination Non-Radar Approach Control & Tower w/o Radar,7,3,14,3,27,0,0,10,14,24,7,3,24,17,51,10,22,32,83
02/16/2022,HLN,MT,ANM,WE,Combination Non-Radar Approach Control & Tower w/o Radar,6,8,5,0,19,0,0,17,16,33,6,8,22,16,52,46,8,54,106
02/17/2022,HLN,MT,ANM,WE,Combination Non-Radar Approach Control & Tower w/o Radar,8,5,4,2,19,0,1,12,1,14,8,6,16,3,33,38,14,52,85
02/18/2022,HLN,MT,ANM,WE,Combination Non-Radar Approach Control & Tower w/o Radar,8,6,4,1,19,0,1,10,7,18,8,7,14,8,37,4,4,8,45
02/19/2022,HLN,MT,ANM,WE,Combination Non-Radar Approach Control & Tower w/o Radar,7,5,2,0,14,0,1,22,0,23,7,6,24,0,37,30,0,30,67
02/20/2022,HLN,MT,ANM,WE,Combination Non-Radar Approach Control & Tower w/o Radar,8,3,2,0,13,0,0,0,0,0,8,3,2,0,13,0,0,0,13
02/21/2022,HLN,MT,ANM,WE,Combination Non-Radar Approach Control & Tower w/o Radar,8,6,5,0,19,0,0,1,0,1,8,6,6,0,20,0,0,0,20
02/22/2022,HLN,MT,ANM,WE,Combination Non-Radar Approach Control & Tower w/o Radar,8,5,6,2,21,0,2,3,0,5,8,7,9,2,26,0,0,0,26
02/23/2022,HLN,MT,ANM,WE,Combination Non-Radar Approach Control & Tower w/o Radar,9,5,3,2,19,0,0,18,6,24,9,5,21,8,43,0,0,0,43
02/24/2022,HLN,MT,ANM,WE,Combination Non-Radar Approach Control & Tower w/o Radar,9,7,14,2,32,0,1,12,1,14,9,8,26,3,46,22,10,32,78
02/25/2022,HLN,MT,ANM,WE,Combination Non-Radar Approach Control & Tower w/o Radar,10,10,9,2,31,0,8,29,18,55,10,18,38,20,86,34,24,58,144
02/26/2022,HLN,MT,ANM,WE,Combination Non-Radar Approach Control & Tower w/o Radar,8,1,1,0,10,0,8,61,8,77,8,9,62,8,87,106,0,106,193
02/27/2022,HLN,MT,ANM,WE,Combination Non-Radar Approach Control & Tower w/o Radar,7,3,2,0,12,0,3,24,2,29,7,6,26,2,41,42,0,42,83
02/28/2022,HLN,MT,ANM,WE,Combination Non-Radar Approach Control & Tower w/o Radar,7,6,6,0,19,0,0,17,15,32,7,6,23,15,51,28,4,32,83
03/01/2022,HLN,MT,ANM,WE,Combination Non-Radar Approach Control & Tower w/o Radar,8,7,4,0,19,0,0,8,11,19,8,7,12,11,38,54,0,54,92
03/02/2022,HLN,MT,ANM,WE,Combination Non-Radar Approach Control & Tower w/o Radar,9,10,9,1,29,0,1,23,13,37,9,11,32,14,66,10,0,10,76
03/03/2022,HLN,MT,ANM,WE,Combination Non-Radar Approach Control & Tower w/o Radar,10,4,8,0,22,0,0,21,16,37,10,4,29,16,59,38,22,60,119
03/04/2022,HLN,MT,ANM,WE,Combination Non-Radar Approach Control & Tower w/o Radar,6,6,6,0,18,0,2,17,7,26,6,8,23,7,44,50,22,72,116
03/05/2022,HLN,MT,ANM,WE,Combination Non-Radar Approach Control & Tower w/o Radar,7,4,5,0,16,0,0,15,1,16,7,4,20,1,32,86,0,86,118
03/06/2022,HLN,MT,ANM,WE,Combination Non-Radar Approach Control & Tower w/o Radar,7,0,4,0,11,0,0,8,0,8,7,0,12,0,19,6,0,6,25
03/07/2022,HLN,MT,ANM,WE,Combination Non-Radar Approach Control & Tower w/o Radar,5,4,6,2,17,0,4,31,20,55,5,8,37,22,72,48,20,68,140
03/08/2022,HLN,MT,ANM,WE,Combination Non-Radar Approach Control & Tower w/o Radar,6,6,6,0,18,0,0,0,4,4,6,6,6,4,22,0,28,28,50
03/09/2022,HLN,MT,ANM,WE,Combination Non-Radar Approach Control & Tower w/o Radar,7,3,6,2,18,0,0,32,15,47,7,3,38,17,65,60,24,84,149
03/10/2022,HLN,MT,ANM,WE,Combination Non-Radar Approach Control & Tower w/o Radar,6,6,0,0,12,0,0,35,30,65,6,6,35,30,77,10,34,44,121
03/11/2022,HLN,MT,ANM,WE,Combination Non-Radar Approach Control & Tower w/o Radar,6,7,7,0,20,0,1,27,36,64,6,8,34,36,84,36,26,62,146
03/12/2022,HLN,MT,ANM,WE,Combination Non-Radar Approach Control & Tower w/o Radar,7,4,5,0,16,0,0,29,14,43,7,4,34,14,59,60,0,60,119
03/13/2022,HLN,MT,ANM,WE,Combination Non-Radar Approach Control & Tower w/o Radar,8,1,0,0,9,0,0,10,6,16,8,1,10,6,25,14,0,14,39
03/14/2022,HLN,MT,ANM,WE,Combination Non-Radar Approach Control & Tower w/o Radar,5,3,3,1,12,0,3,22,24,49,5,6,25,25,61,66,2,68,129
03/15/2022,HLN,MT,ANM,WE,Combination Non-Radar Approach Control & Tower w/o Radar,6,7,8,2,23,0,2,7,12,21,6,9,15,14,44,10,8,18,62
03/16/2022,HLN,MT,ANM,WE,Combination Non-Radar Approach Control & Tower w/o Radar,6,8,12,0,26,0,2,18,13,33,6,10,30,13,59,46,14,60,119
03/17/2022,HLN,MT,ANM,WE,Combination Non-Radar Approach Control & Tower w/o Radar,6,3,3,1,13,0,5,82,14,101,6,8,85,15,114,140,8,148,262
03/18/2022,HLN,MT,ANM,WE,Combination Non-Radar Approach Control & Tower w/o Radar,5,10,3,0,18,0,3,46,3,52,5,13,49,3,70,104,0,104,174
03/19/2022,HLN,MT,ANM,WE,Combination Non-Radar Approach Control & Tower w/o Radar,7,6,0,1,14,0,6,46,0,52,7,12,46,1,66,128,0,128,194
03/20/2022,HLN,MT,ANM,WE,Combination Non-Radar Approach Control & Tower w/o Radar,6,1,3,4,14,0,0,16,2,18,6,1,19,6,32,14,0,14,46
03/21/2022,HLN,MT,ANM,WE,Combination Non-Radar Approach Control & Tower w/o Radar,5,2,5,6,18,0,0,11,15,26,5,2,16,21,44,36,10,46,90
03/22/2022,HLN,MT,ANM,WE,Combination Non-Radar Approach Control & Tower w/o Radar,7,5,7,2,21,0,0,28,20,48,7,5,35,22,69,102,10,112,181
03/23/2022,HLN,MT,ANM,WE,Combination Non-Radar Approach Control & Tower w/o Radar,7,10,6,1,24,0,10,56,12,78,7,20,62,13,102,138,24,162,264
03/24/2022,HLN,MT,ANM,WE,Combination Non-Radar Approach Control & Tower w/o Radar,7,5,9,2,23,0,1,39,21,61,7,6,48,23,84,62,12,74,158
03/25/2022,HLN,MT,ANM,WE,Combination Non-Radar Approach Control & Tower w/o Radar,6,5,6,9,26,0,1,70,6,77,6,6,76,15,103,86,0,86,189
03/26/2022,HLN,MT,ANM,WE,Combination Non-Radar Approach Control & Tower w/o Radar,6,4,1,0,11,0,1,39,5,45,6,5,40,5,56,50,8,58,114
03/27/2022,HLN,MT,ANM,WE,Combination Non-Radar Approach Control & Tower w/o Radar,5,6,2,0,13,0,0,55,1,56,5,6,57,1,69,46,0,46,115
03/28/2022,HLN,MT,ANM,WE,Combination Non-Radar Approach Control & Tower w/o Radar,7,3,3,4,17,0,4,20,10,34,7,7,23,14,51,54,6,60,111
03/29/2022,HLN,MT,ANM,WE,Combination Non-Radar Approach Control & Tower w/o Radar,8,8,6,0,22,0,2,12,15,29,8,10,18,15,51,36,16,52,103
03/30/2022,HLN,MT,ANM,WE,Combination Non-Radar Approach Control & Tower w/o Radar,9,8,5,2,24,0,1,44,7,52,9,9,49,9,76,72,4,76,152
03/31/2022,HLN,MT,ANM,WE,Combination Non-Radar Approach Control & Tower w/o Radar,8,5,3,2,18,0,0,34,6,40,8,5,37,8,58,42,0,42,100
04/01/2022,HLN,MT,ANM,WE,Combination Non-Radar Approach Control & Tower w/o Radar,9,9,3,2,23,0,4,35,4,43,9,13,38,6,66,48,6,54,120
04/02/2022,HLN,MT,ANM,WE,Combination Non-Radar Approach Control & Tower w/o Radar,10,4,1,1,16,0,0,21,2,23,10,4,22,3,39,30,0,30,69
04/03/2022,HLN,MT,ANM,WE,Combination Non-Radar Approach Control & Tower w/o Radar,9,1,1,0,11,0,0,24,1,25,9,1,25,1,36,0,0,0,36
04/04/2022,HLN,MT,ANM,WE,Combination Non-Radar Approach Control & Tower w/o Radar,9,2,6,0,17,0,0,13,5,18,9,2,19,5,35,20,6,26,61
04/05/2022,HLN,MT,ANM,WE,Combination Non-Radar Approach Control & Tower w/o Radar,5,6,1,0,12,0,2,3,0,5,5,8,4,0,17,0,0,0,17
04/06/2022,HLN,MT,ANM,WE,Combination Non-Radar Approach Control & Tower w/o Radar,9,9,4,5,27,0,1,22,9,32,9,10,26,14,59,34,26,60,119
04/07/2022,HLN,MT,ANM,WE,Combination Non-Radar Approach Control & Tower w/o Radar,8,10,8,1,27,0,5,59,1,65,8,15,67,2,92,86,2,88,180
04/08/2022,HLN,MT,ANM,WE,Combination Non-Radar Approach Control & Tower w/o Radar,7,11,5,0,23,0,1,64,28,93,7,12,69,28,116,110,16,126,242
04/09/2022,HLN,MT,ANM,WE,Combination Non-Radar Approach Control & Tower w/o Radar,9,6,3,0,18,0,0,1,0,1,9,6,4,0,19,0,0,0,19
04/10/2022,HLN,MT,ANM,WE,Combination Non-Radar Approach Control & Tower w/o Radar,8,2,2,0,12,0,0,7,0,7,8,2,9,0,19,10,0,10,29
04/11/2022,HLN,MT,ANM,WE,Combination Non-Radar Approach Control & Tower w/o Radar,7,7,3,0,17,0,0,8,6,14,7,7,11,6,31,28,8,36,67
04/12/2022,HLN,MT,ANM,WE,Combination Non-Radar Approach Control & Tower w/o Radar,7,9,9,0,25,0,0,0,5,5,7,9,9,5,30,0,22,22,52
04/13/2022,HLN,MT,ANM,WE,Combination Non-Radar Approach Control & Tower w/o Radar,7,8,10,1,26,0,2,22,7,31,7,10,32,8,57,58,16,74,131
04/14/2022,HLN,MT,ANM,WE,Combination Non-Radar Approach Control & Tower w/o Radar,6,10,5,0,21,0,1,24,19,44,6,11,29,19,65,78,42,120,185
04/15/2022,HLN,MT,ANM,WE,Combination Non-Radar Approach Control & Tower w/o Radar,9,5,4,1,19,0,1,43,5,49,9,6,47,6,68,116,2,118,186
04/16/2022,HLN,MT,ANM,WE,Combination Non-Radar Approach Control & Tower w/o Radar,9,6,0,0,15,0,0,31,0,31,9,6,31,0,46,62,0,62,108
04/17/2022,HLN,MT,ANM,WE,Combination Non-Radar Approach Control & Tower w/o Radar,7,2,2,0,11,0,0,5,0,5,7,2,7,0,16,0,0,0,16
04/18/2022,HLN,MT,ANM,WE,Combination Non-Radar Approach Control & Tower w/o Radar,7,6,3,0,16,0,1,71,11,83,7,7,74,11,99,222,26,248,347
04/19/2022,HLN,MT,ANM,WE,Combination Non-Radar Approach Control & Tower w/o Radar,7,4,10,0,21,0,1,13,21,35,7,5,23,21,56,20,12,32,88
04/20/2022,HLN,MT,ANM,WE,Combination Non-Radar Approach Control & Tower w/o Radar,8,9,7,3,27,0,4,50,14,68,8,13,57,17,95,106,72,178,273
04/21/2022,HLN,MT,ANM,WE,Combination Non-Radar Approach Control & Tower w/o Radar,8,9,16,0,33,0,0,30,25,55,8,9,46,25,88,76,6,82,170
04/22/2022,HLN,MT,ANM,WE,Combination Non-Radar Approach Control & Tower w/o Radar,10,9,2,0,21,0,1,11,4,16,10,10,13,4,37,114,6,120,157
04/23/2022,HLN,MT,ANM,WE,Combination Non-Radar Approach Control & Tower w/o Radar,10,6,0,0,16,0,0,7,0,7,10,6,7,0,23,42,0,42,65
04/24/2022,HLN,MT,ANM,WE,Combination Non-Radar Approach Control & Tower w/o Radar,5,4,3,0,12,0,0,72,1,73,5,4,75,1,85,20,0,20,105
04/25/2022,HLN,MT,ANM,WE,Combination Non-Radar Approach Control & Tower w/o Radar,7,5,2,3,17,0,3,47,2,52,7,8,49,5,69,116,6,122,191
04/26/2022,HLN,MT,ANM,WE,Combination Non-Radar Approach Control & Tower w/o Radar,8,4,6,3,21,0,0,32,9,41,8,4,38,12,62,158,4,162,224
04/27/2022,HLN,MT,ANM,WE,Combination Non-Radar Approach Control & Tower w/o Radar,10,7,10,3,30,0,2,50,17,69,10,9,60,20,99,114,0,114,213
04/28/2022,HLN,MT,ANM,WE,Combination Non-Radar Approach Control & Tower w/o Radar,8,10,6,1,25,0,0,34,8,42,8,10,40,9,67,28,4,32,99
04/29/2022,HLN,MT,ANM,WE,Combination Non-Radar Approach Control & Tower w/o Radar,12,8,7,2,29,0,0,22,2,24,12,8,29,4,53,46,0,46,99
04/30/2022,HLN,MT,ANM,WE,Combination Non-Radar Approach Control & Tower w/o Radar,8,9,4,0,21,0,1,38,1,40,8,10,42,1,61,32,0,32,93
05/01/2022,HLN,MT,ANM,WE,Combination Non-Radar Approach Control & Tower w/o Radar,7,3,2,0,12,0,0,13,2,15,7,3,15,2,27,38,2,40,67
05/02/2022,HLN,MT,ANM,WE,Combination Non-Radar Approach Control & Tower w/o Radar,6,6,4,1,17,0,2,45,11,58,6,8,49,12,75,124,2,126,201
05/03/2022,HLN,MT,ANM,WE,Combination Non-Radar Approach Control & Tower w/o Radar,7,7,7,0,21,0,0,20,12,32,7,7,27,12,53,58,6,64,117
05/04/2022,HLN,MT,ANM,WE,Combination Non-Radar Approach Control & Tower w/o Radar,8,8,6,2,24,0,0,75,0,75,8,8,81,2,99,192,0,192,291
05/05/2022,HLN,MT,ANM,WE,Combination Non-Radar Approach Control & Tower w/o Radar,9,8,6,2,25,0,4,42,13,59,9,12,48,15,84,92,0,92,176
05/06/2022,HLN,MT,ANM,WE,Combination Non-Radar Approach Control & Tower w/o Radar,10,6,0,2,18,0,2,46,9,57,10,8,46,11,75,56,16,72,147
05/07/2022,HLN,MT,ANM,WE,Combination Non-Radar Approach Control & Tower w/o Radar,9,5,4,0,18,0,0,9,0,9,9,5,13,0,27,34,0,34,61
05/08/2022,HLN,MT,ANM,WE,Combination Non-Radar Approach Control & Tower w/o Radar,7,4,2,0,13,0,0,5,0,5,7,4,7,0,18,30,0,30,48
05/09/2022,HLN,MT,ANM,WE,Combination Non-Radar Approach Control & Tower w/o Radar,8,4,13,1,26,0,0,17,5,22,8,4,30,6,48,34,6,40,88
05/10/2022,HLN,MT,ANM,WE,Combination Non-Radar Approach Control & Tower w/o Radar,9,6,11,4,30,0,5,42,18,65,9,11,53,22,95,108,46,154,249
05/11/2022,HLN,MT,ANM,WE,Combination Non-Radar Approach Control & Tower w/o Radar,8,9,10,0,27,0,4,53,18,75,8,13,63,18,102,86,10,96,198
05/12/2022,HLN,MT,ANM,WE,Combination Non-Radar Approach Control & Tower w/o Radar,9,5,7,4,25,0,0,24,18,42,9,5,31,22,67,160,0,160,227
05/13/2022,HLN,MT,ANM,WE,Combination Non-Radar Approach Control & Tower w/o Radar,9,6,8,1,24,0,1,23,7,31,9,7,31,8,55,30,0,30,85
05/14/2022,HLN,MT,ANM,WE,Combination Non-Radar Approach Control & Tower w/o Radar,9,6,6,0,21,0,1,28,18,47,9,7,34,18,68,152,2,154,222
05/15/2022,HLN,MT,ANM,WE,Combination Non-Radar Approach Control & Tower w/o Radar,8,4,1,0,13,0,0,40,7,47,8,4,41,7,60,90,0,90,150
05/16/2022,HLN,MT,ANM,WE,Combination Non-Radar Approach Control & Tower w/o Radar,7,6,2,2,17,0,0,17,8,25,7,6,19,10,42,58,0,58,100
05/17/2022,HLN,MT,ANM,WE,Combination Non-Radar Approach Control & Tower w/o Radar,7,11,5,0,23,0,2,36,16,54,7,13,41,16,77,58,0,58,135
05/18/2022,HLN,MT,ANM,WE,Combination Non-Radar Approach Control & Tower w/o Radar,9,8,7,8,32,0,2,39,7,48,9,10,46,15,80,96,0,96,176
05/19/2022,HLN,MT,ANM,WE,Combination Non-Radar Approach Control & Tower w/o Radar,7,7,8,0,22,0,0,9,11,20,7,7,17,11,42,0,10,10,52
05/20/2022,HLN,MT,ANM,WE,Combination Non-Radar Approach Control & Tower w/o Radar,8,7,14,2,31,0,1,12,0,13,8,8,26,2,44,68,0,68,112
05/21/2022,HLN,MT,ANM,WE,Combination Non-Radar Approach Control & Tower w/o Radar,8,4,3,0,15,0,0,32,14,46,8,4,35,14,61,34,0,34,95
05/22/2022,HLN,MT,ANM,WE,Combination Non-Radar Approach Control & Tower w/o Radar,7,6,1,0,14,0,0,26,0,26,7,6,27,0,40,38,0,38,78
05/23/2022,HLN,MT,ANM,WE,Combination Non-Radar Approach Control & Tower w/o Radar,7,8,3,0,18,0,2,48,6,56,7,10,51,6,74,88,0,88,162
05/24/2022,HLN,MT,ANM,WE,Combination Non-Radar Approach Control & Tower w/o Radar,8,5,11,2,26,0,2,54,20,76,8,7,65,22,102,100,4,104,206
05/25/2022,HLN,MT,ANM,WE,Combination Non-Radar Approach Control & Tower w/o Radar,6,12,12,1,31,0,2,35,13,50,6,14,47,14,81,76,4,80,161
05/26/2022,HLN,MT,ANM,WE,Combination Non-Radar Approach Control & Tower w/o Radar,7,10,15,1,33,0,2,60,13,75,7,12,75,14,108,114,4,118,226
05/27/2022,HLN,MT,ANM,WE,Combination Non-Radar Approach Control & Tower w/o Radar,9,11,1,0,21,0,2,29,9,40,9,13,30,9,61,76,2,78,139
05/28/2022,HLN,MT,ANM,WE,Combination Non-Radar Approach Control & Tower w/o Radar,9,5,2,0,16,0,2,23,1,26,9,7,25,1,42,42,0,42,84
05/29/2022,HLN,MT,ANM,WE,Combination Non-Radar Approach Control & Tower w/o Radar,7,4,2,0,13,0,0,4,0,4,7,4,6,0,17,6,0,6,23
05/30/2022,HLN,MT,ANM,WE,Combination Non-Radar Approach Control & Tower w/o Radar,7,6,3,0,16,0,0,12,0,12,7,6,15,0,28,22,0,22,50
05/31/2022,HLN,MT,ANM,WE,Combination Non-Radar Approach Control & Tower w/o Radar,5,4,7,5,21,0,0,43,8,51,5,4,50,13,72,100,4,104,176
06/01/2022,HLN,MT,ANM,WE,Combination Non-Radar Approach Control & Tower w/o Radar,7,9,11,2,29,0,0,75,4,79,7,9,86,6,108,122,0,122,230
06/02/2022,HLN,MT,ANM,WE,Combination Non-Radar Approach Control & Tower w/o Radar,8,7,12,0,27,0,0,54,10,64,8,7,66,10,91,48,0,48,139
06/03/2022,HLN,MT,ANM,WE,Combination Non-Radar Approach Control & Tower w/o Radar,7,5,6,0,18,0,3,36,11,50,7,8,42,11,68,48,6,54,122
06/04/2022,HLN,MT,ANM,WE,Combination Non-Radar Approach Control & Tower w/o Radar,7,3,6,0,16,0,0,20,12,32,7,3,26,12,48,24,10,34,82
06/05/2022,HLN,MT,ANM,WE,Combination Non-Radar Approach Control & Tower w/o Radar,7,0,4,1,12,0,0,22,15,37,7,0,26,16,49,22,0,22,71
06/06/2022,HLN,MT,ANM,WE,Combination Non-Radar Approach Control & Tower w/o Radar,7,2,9,0,18,0,0,23,26,49,7,2,32,26,67,38,4,42,109
06/07/2022,HLN,MT,ANM,WE,Combination Non-Radar Approach Control & Tower w/o Radar,6,5,2,5,18,0,0,41,11,52,6,5,43,16,70,82,10,92,162
06/08/2022,HLN,MT,ANM,WE,Combination Non-Radar Approach Control & Tower w/o Radar,5,5,6,2,18,0,0,67,21,88,5,5,73,23,106,72,2,74,180
06/09/2022,HLN,MT,ANM,WE,Combination Non-Radar Approach Control & Tower w/o Radar,6,4,9,0,19,0,1,55,25,81,6,5,64,25,100,50,4,54,154
06/10/2022,HLN,MT,ANM,WE,Combination Non-Radar Approach Control & Tower w/o Radar,6,6,10,0,22,0,1,41,8,50,6,7,51,8,72,102,0,102,174
06/11/2022,HLN,MT,ANM,WE,Combination Non-Radar Approach Control & Tower w/o Radar,6,6,3,0,15,0,0,16,12,28,6,6,19,12,43,42,2,44,87
06/12/2022,HLN,MT,ANM,WE,Combination Non-Radar Approach Control & Tower w/o Radar,6,2,3,0,11,0,0,24,9,33,6,2,27,9,44,16,2,18,62
06/13/2022,HLN,MT,ANM,WE,Combination Non-Radar Approach Control & Tower w/o Radar,6,5,7,1,19,0,0,6,18,24,6,5,13,19,43,4,4,8,51
06/14/2022,HLN,MT,ANM,WE,Combination Non-Radar Approach Control & Tower w/o Radar,7,8,7,0,22,0,0,5,15,20,7,8,12,15,42,16,0,16,58
06/15/2022,HLN,MT,ANM,WE,Combination Non-Radar Approach Control & Tower w/o Radar,7,7,10,3,27,0,0,18,21,39,7,7,28,24,66,10,4,14,80
06/16/2022,HLN,MT,ANM,WE,Combination Non-Radar Approach Control & Tower w/o Radar,6,6,10,1,23,0,0,88,8,96,6,6,98,9,119,128,0,128,247
06/17/2022,HLN,MT,ANM,WE,Combination Non-Radar Approach Control & Tower w/o Radar,6,4,9,1,20,0,4,74,7,85,6,8,83,8,105,50,0,50,155
06/18/2022,HLN,MT,ANM,WE,Combination Non-Radar Approach Control & Tower w/o Radar,8,2,9,0,19,0,2,32,2,36,8,4,41,2,55,58,0,58,113
06/19/2022,HLN,MT,ANM,WE,Combination Non-Radar Approach Control & Tower w/o Radar,6,2,3,0,11,0,0,14,1,15,6,2,17,1,26,8,0,8,34
06/20/2022,HLN,MT,ANM,WE,Combination Non-Radar Approach Control & Tower w/o Radar,5,7,17,0,29,0,1,11,0,12,5,8,28,0,41,22,0,22,63
06/21/2022,HLN,MT,ANM,WE,Combination Non-Radar Approach Control & Tower w/o Radar,6,1,8,0,15,0,2,34,13,49,6,3,42,13,64,90,2,92,156
06/22/2022,HLN,MT,ANM,WE,Combination Non-Radar Approach Control & Tower w/o Radar,6,5,4,0,15,0,1,52,5,58,6,6,56,5,73,86,0,86,159
06/23/2022,HLN,MT,ANM,WE,Combination Non-Radar Approach Control & Tower w/o Radar,5,6,9,2,22,0,4,37,7,48,5,10,46,9,70,78,2,80,150
06/24/2022,HLN,MT,ANM,WE,Combination Non-Radar Approach Control & Tower w/o Radar,7,5,3,5,20,0,2,33,13,48,7,7,36,18,68,40,4,44,112
06/25/2022,HLN,MT,ANM,WE,Combination Non-Radar Approach Control & Tower w/o Radar,6,5,3,3,17,0,2,70,10,82,6,7,73,13,99,76,0,76,175
06/26/2022,HLN,MT,ANM,WE,Combination Non-Radar Approach Control & Tower w/o Radar,6,1,6,4,17,0,0,38,1,39,6,1,44,5,56,36,0,36,92
06/27/2022,HLN,MT,ANM,WE,Combination Non-Radar Approach Control & Tower w/o Radar,6,6,5,2,19,0,1,61,18,80,6,7,66,20,99,64,8,72,171
06/28/2022,HLN,MT,ANM,WE,Combination Non-Radar Approach Control & Tower w/o Radar,5,8,6,1,20,0,1,52,14,67,5,9,58,15,87,38,4,42,129
06/29/2022,HLN,MT,ANM,WE,Combination Non-Radar Approach Control & Tower w/o Radar,5,8,12,2,27,4,39,61,28,132,9,47,73,30,159,48,8,56,215
06/30/2022,HLN,MT,ANM,WE,Combination Non-Radar Approach Control & Tower w/o Radar,5,4,3,1,13,0,4,84,11,99,5,8,87,12,112,122,8,130,242
07/01/2022,HLN,MT,ANM,WE,Combination Non-Radar Approach Control & Tower w/o Radar,5,9,3,2,19,0,4,63,10,77,5,13,66,12,96,58,20,78,174
07/02/2022,HLN,MT,ANM,WE,Combination Non-Radar Approach Control & Tower w/o Radar,8,4,4,0,16,0,0,49,0,49,8,4,53,0,65,32,0,32,97
07/03/2022,HLN,MT,ANM,WE,Combination Non-Radar Approach Control & Tower w/o Radar,6,0,3,0,9,0,0,14,0,14,6,0,17,0,23,18,0,18,41
07/04/2022,HLN,MT,ANM,WE,Combination Non-Radar Approach Control & Tower w/o Radar,6,3,5,0,14,0,0,32,0,32,6,3,37,0,46,20,0,20,66
07/05/2022,HLN,MT,ANM,WE,Combination Non-Radar Approach Control & Tower w/o Radar,7,4,2,2,15,0,0,36,9,45,7,4,38,11,60,24,0,24,84
07/06/2022,HLN,MT,ANM,WE,Combination Non-Radar Approach Control & Tower w/o Radar,6,7,4,0,17,0,2,34,3,39,6,9,38,3,56,72,0,72,128
07/07/2022,HLN,MT,ANM,WE,Combination Non-Radar Approach Control & Tower w/o Radar,6,6,4,0,16,0,1,44,11,56,6,7,48,11,72,54,0,54,126
07/08/2022,HLN,MT,ANM,WE,Combination Non-Radar Approach Control & Tower w/o Radar,7,3,5,0,15,0,2,44,13,59,7,5,49,13,74,38,6,44,118
07/09/2022,HLN,MT,ANM,WE,Combination Non-Radar Approach Control & Tower w/o Radar,7,6,5,0,18,0,4,51,12,67,7,10,56,12,85,50,2,52,137
07/10/2022,HLN,MT,ANM,WE,Combination Non-Radar Approach Control & Tower w/o Radar,6,2,0,0,8,0,5,38,0,43,6,7,38,0,51,16,0,16,67
07/11/2022,HLN,MT,ANM,WE,Combination Non-Radar Approach Control & Tower w/o Radar,6,5,5,2,18,0,0,60,13,73,6,5,65,15,91,78,34,112,203
07/12/2022,HLN,MT,ANM,WE,Combination Non-Radar Approach Control & Tower w/o Radar,6,4,6,2,18,0,2,88,20,110,6,6,94,22,128,56,0,56,184
07/13/2022,HLN,MT,ANM,WE,Combination Non-Radar Approach Control & Tower w/o Radar,5,12,8,3,28,0,2,50,27,79,5,14,58,30,107,110,34,144,251
07/14/2022,HLN,MT,ANM,WE,Combination Non-Radar Approach Control & Tower w/o Radar,5,6,3,0,14,0,0,60,19,79,5,6,63,19,93,56,10,66,159
07/15/2022,HLN,MT,ANM,WE,Combination Non-Radar Approach Control & Tower w/o Radar,8,1,3,0,12,0,3,83,10,96,8,4,86,10,108,94,0,94,202
07/16/2022,HLN,MT,ANM,WE,Combination Non-Radar Approach Control & Tower w/o Radar,7,2,4,0,13,7,7,50,7,71,14,9,54,7,84,106,4,110,194
07/17/2022,HLN,MT,ANM,WE,Combination Non-Radar Approach Control & Tower w/o Radar,5,3,3,2,13,9,10,61,6,86,14,13,64,8,99,118,6,124,223
07/18/2022,HLN,MT,ANM,WE,Combination Non-Radar Approach Control & Tower w/o Radar,6,7,4,5,22,0,1,29,11,41,6,8,33,16,63,86,20,106,169
07/19/2022,HLN,MT,ANM,WE,Combination Non-Radar Approach Control & Tower w/o Radar,6,5,6,9,26,1,11,77,16,105,7,16,83,25,131,144,0,144,275
07/20/2022,HLN,MT,ANM,WE,Combination Non-Radar Approach Control & Tower w/o Radar,5,8,12,5,30,0,5,98,18,121,5,13,110,23,151,96,2,98,249
07/21/2022,HLN,MT,ANM,WE,Combination Non-Radar Approach Control & Tower w/o Radar,4,6,5,1,16,1,3,76,17,97,5,9,81,18,113,116,0,116,229
07/22/2022,HLN,MT,ANM,WE,Combination Non-Radar Approach Control & Tower w/o Radar,6,8,3,0,17,1,4,103,17,125,7,12,106,17,142,50,4,54,196
07/23/2022,HLN,MT,ANM,WE,Combination Non-Radar Approach Control & Tower w/o Radar,6,6,10,0,22,1,2,53,0,56,7,8,63,0,78,60,0,60,138
07/24/2022,HLN,MT,ANM,WE,Combination Non-Radar Approach Control & Tower w/o Radar,6,2,9,0,17,0,0,35,2,37,6,2,44,2,54,40,0,40,94
07/25/2022,HLN,MT,ANM,WE,Combination Non-Radar Approach Control & Tower w/o Radar,5,5,3,0,13,0,3,82,19,104,5,8,85,19,117,124,8,132,249
07/26/2022,HLN,MT,ANM,WE,Combination Non-Radar Approach Control & Tower w/o Radar,6,2,5,2,15,0,17,58,33,108,6,19,63,35,123,98,6,104,227
07/27/2022,HLN,MT,ANM,WE,Combination Non-Radar Approach Control & Tower w/o Radar,7,4,2,3,16,0,3,94,17,114,7,7,96,20,130,106,8,114,244
07/28/2022,HLN,MT,ANM,WE,Combination Non-Radar Approach Control & Tower w/o Radar,7,7,8,2,24,2,3,69,20,94,9,10,77,22,118,32,14,46,164
07/29/2022,HLN,MT,ANM,WE,Combination Non-Radar Approach Control & Tower w/o Radar,6,5,6,3,20,1,6,79,13,99,7,11,85,16,119,52,2,54,173
07/30/2022,HLN,MT,ANM,WE,Combination Non-Radar Approach Control & Tower w/o Radar,7,3,9,1,20,7,5,71,0,83,14,8,80,1,103,56,0,56,159
07/31/2022,HLN,MT,ANM,WE,Combination Non-Radar Approach Control & Tower w/o Radar,7,1,5,1,14,4,2,51,1,58,11,3,56,2,72,34,0,34,106
08/01/2022,HLN,MT,ANM,WE,Combination Non-Radar Approach Control & Tower w/o Radar,6,4,6,0,16,9,7,44,9,69,15,11,50,9,85,46,0,46,131
08/02/2022,HLN,MT,ANM,WE,Combination Non-Radar Approach Control & Tower w/o Radar,6,3,13,2,24,1,7,50,16,74,7,10,63,18,98,60,4,64,162
08/03/2022,HLN,MT,ANM,WE,Combination Non-Radar Approach Control & Tower w/o Radar,9,10,10,1,30,8,6,49,2,65,17,16,59,3,95,66,0,66,161
08/04/2022,HLN,MT,ANM,WE,Combination Non-Radar Approach Control & Tower w/o Radar,8,4,5,1,18,23,13,80,13,129,31,17,85,14,147,24,6,30,177
08/05/2022,HLN,MT,ANM,WE,Combination Non-Radar Approach Control & Tower w/o Radar,6,9,5,3,23,20,20,85,7,132,26,29,90,10,155,46,0,46,201
08/06/2022,HLN,MT,ANM,WE,Combination Non-Radar Approach Control & Tower w/o Radar,5,5,4,0,14,2,4,40,9,55,7,9,44,9,69,28,0,28,97
08/07/2022,HLN,MT,ANM,WE,Combination Non-Radar Approach Control & Tower w/o Radar,7,2,4,0,13,0,1,64,0,65,7,3,68,0,78,36,0,36,114
08/08/2022,HLN,MT,ANM,WE,Combination Non-Radar Approach Control & Tower w/o Radar,7,4,7,4,22,0,5,50,17,72,7,9,57,21,94,30,10,40,134
08/09/2022,HLN,MT,ANM,WE,Combination Non-Radar Approach Control & Tower w/o Radar,7,5,7,1,20,1,2,47,17,67,8,7,54,18,87,90,8,98,185
08/10/2022,HLN,MT,ANM,WE,Combination Non-Radar Approach Control & Tower w/o Radar,6,10,4,5,25,0,5,81,10,96,6,15,85,15,121,88,4,92,213
08/11/2022,HLN,MT,ANM,WE,Combination Non-Radar Approach Control & Tower w/o Radar,6,6,10,3,25,0,1,41,14,56,6,7,51,17,81,28,8,36,117
08/12/2022,HLN,MT,ANM,WE,Combination Non-Radar Approach Control & Tower w/o Radar,6,9,0,3,18,0,3,53,14,70,6,12,53,17,88,52,8,60,148
08/13/2022,HLN,MT,ANM,WE,Combination Non-Radar Approach Control & Tower w/o Radar,7,8,2,0,17,5,6,51,0,62,12,14,53,0,79,16,0,16,95
08/14/2022,HLN,MT,ANM,WE,Combination Non-Radar Approach Control & Tower w/o Radar,6,0,2,0,8,4,5,37,0,46,10,5,39,0,54,34,0,34,88
08/15/2022,HLN,MT,ANM,WE,Combination Non-Radar Approach Control & Tower w/o Radar,5,6,4,0,15,6,1,56,19,82,11,7,60,19,97,58,18,76,173
08/16/2022,HLN,MT,ANM,WE,Combination Non-Radar Approach Control & Tower w/o Radar,7,2,4,0,13,2,9,66,11,88,9,11,70,11,101,46,12,58,159
08/17/2022,HLN,MT,ANM,WE,Combination Non-Radar Approach Control & Tower w/o Radar,7,8,7,6,28,5,7,86,11,109,12,15,93,17,137,66,6,72,209
08/18/2022,HLN,MT,ANM,WE,Combination Non-Radar Approach Control & Tower w/o Radar,5,8,6,5,24,2,4,70,18,94,7,12,76,23,118,94,6,100,218
08/19/2022,HLN,MT,ANM,WE,Combination Non-Radar Approach Control & Tower w/o Radar,7,15,3,5,30,0,1,74,4,79,7,16,77,9,109,92,0,92,201
08/20/2022,HLN,MT,ANM,WE,Combination Non-Radar Approach Control & Tower w/o Radar,8,6,2,2,18,0,2,39,0,41,8,8,41,2,59,38,0,38,97
08/21/2022,HLN,MT,ANM,WE,Combination Non-Radar Approach Control & Tower w/o Radar,6,5,1,1,13,2,0,44,2,48,8,5,45,3,61,78,0,78,139
08/22/2022,HLN,MT,ANM,WE,Combination Non-Radar Approach Control & Tower w/o Radar,8,3,2,1,14,4,2,55,10,71,12,5,57,11,85,54,0,54,139
08/23/2022,HLN,MT,ANM,WE,Combination Non-Radar Approach Control & Tower w/o Radar,6,6,6,1,19,9,13,97,32,151,15,19,103,33,170,82,26,108,278
08/24/2022,HLN,MT,ANM,WE,Combination Non-Radar Approach Control & Tower w/o Radar,7,7,10,0,24,0,3,48,13,64,7,10,58,13,88,122,38,160,248
08/25/2022,HLN,MT,ANM,WE,Combination Non-Radar Approach Control & Tower w/o Radar,7,3,10,0,20,0,2,45,15,62,7,5,55,15,82,26,22,48,130
08/26/2022,HLN,MT,ANM,WE,Combination Non-Radar Approach Control & Tower w/o Radar,6,7,10,2,25,0,1,58,7,66,6,8,68,9,91,56,2,58,149
08/27/2022,HLN,MT,ANM,WE,Combination Non-Radar Approach Control & Tower w/o Radar,7,5,4,0,16,0,0,31,0,31,7,5,35,0,47,32,0,32,79
08/28/2022,HLN,MT,ANM,WE,Combination Non-Radar Approach Control & Tower w/o Radar,6,1,11,0,18,5,1,33,0,39,11,2,44,0,57,18,0,18,75
08/29/2022,HLN,MT,ANM,WE,Combination Non-Radar Approach Control & Tower w/o Radar,6,6,7,0,19,0,0,72,10,82,6,6,79,10,101,30,22,52,153
08/30/2022,HLN,MT,ANM,WE,Combination Non-Radar Approach Control & Tower w/o Radar,6,6,8,2,22,0,6,56,28,90,6,12,64,30,112,88,24,112,224
08/31/2022,HLN,MT,ANM,WE,Combination Non-Radar Approach Control & Tower w/o Radar,5,9,3,2,19,10,19,76,12,117,15,28,79,14,136,60,10,70,206
09/01/2022,HLN,MT,ANM,WE,Combination Non-Radar Approach Control & Tower w/o Radar,3,1,9,0,13,5,5,39,8,57,8,6,48,8,70,32,0,32,102
09/02/2022,HLN,MT,ANM,WE,Combination Non-Radar Approach Control & Tower w/o Radar,5,6,3,0,14,11,8,74,6,99,16,14,77,6,113,56,6,62,175
09/03/2022,HLN,MT,ANM,WE,Combination Non-Radar Approach Control & Tower w/o Radar,9,4,3,1,17,2,2,38,0,42,11,6,41,1,59,20,0,20,79
09/04/2022,HLN,MT,ANM,WE,Combination Non-Radar Approach Control & Tower w/o Radar,7,1,3,1,12,3,0,23,2,28,10,1,26,3,40,20,2,22,62
09/05/2022,HLN,MT,ANM,WE,Combination Non-Radar Approach Control & Tower w/o Radar,5,3,10,0,18,13,0,22,0,35,18,3,32,0,53,8,0,8,61
09/06/2022,HLN,MT,ANM,WE,Combination Non-Radar Approach Control & Tower w/o Radar,6,4,10,1,21,5,0,41,11,57,11,4,51,12,78,98,6,104,182
09/07/2022,HLN,MT,ANM,WE,Combination Non-Radar Approach Control & Tower w/o Radar,8,8,2,4,22,1,1,32,10,44,9,9,34,14,66,72,14,86,152
09/08/2022,HLN,MT,ANM,WE,Combination Non-Radar Approach Control & Tower w/o Radar,6,6,5,0,17,2,2,42,19,65,8,8,47,19,82,18,8,26,108
09/09/2022,HLN,MT,ANM,WE,Combination Non-Radar Approach Control & Tower w/o Radar,6,6,5,0,17,1,3,60,37,101,7,9,65,37,118,70,0,70,188
09/10/2022,HLN,MT,ANM,WE,Combination Non-Radar Approach Control & Tower w/o Radar,8,2,5,0,15,0,1,63,4,68,8,3,68,4,83,72,0,72,155
09/11/2022,HLN,MT,ANM,WE,Combination Non-Radar Approach Control & Tower w/o Radar,6,8,8,0,22,14,1,39,6,60,20,9,47,6,82,36,0,36,118
09/12/2022,HLN,MT,ANM,WE,Combination Non-Radar Approach Control & Tower w/o Radar,6,3,9,2,20,0,0,30,4,34,6,3,39,6,54,8,8,16,70
09/13/2022,HLN,MT,ANM,WE,Combination Non-Radar Approach Control & Tower w/o Radar,7,6,13,0,26,0,1,29,17,47,7,7,42,17,73,40,2,42,115
09/14/2022,HLN,MT,ANM,WE,Combination Non-Radar Approach Control & Tower w/o Radar,6,10,13,0,29,0,0,39,10,49,6,10,52,10,78,50,4,54,132
09/15/2022,HLN,MT,ANM,WE,Combination Non-Radar Approach Control & Tower w/o Radar,5,9,12,1,27,0,0,49,7,56,5,9,61,8,83,56,2,58,141
09/16/2022,HLN,MT,ANM,WE,Combination Non-Radar Approach Control & Tower w/o Radar,6,11,5,0,22,0,3,28,3,34,6,14,33,3,56,26,0,26,82
09/17/2022,HLN,MT,ANM,WE,Combination Non-Radar Approach Control & Tower w/o Radar,7,7,4,0,18,0,1,42,0,43,7,8,46,0,61,48,0,48,109
09/18/2022,HLN,MT,ANM,WE,Combination Non-Radar Approach Control & Tower w/o Radar,6,2,4,0,12,0,0,33,0,33,6,2,37,0,45,46,0,46,91
09/19/2022,HLN,MT,ANM,WE,Combination Non-Radar Approach Control & Tower w/o Radar,7,9,8,0,24,0,2,57,4,63,7,11,65,4,87,118,0,118,205
09/20/2022,HLN,MT,ANM,WE,Combination Non-Radar Approach Control & Tower w/o Radar,7,6,6,0,19,0,0,11,13,24,7,6,17,13,43,44,2,46,89
09/21/2022,HLN,MT,ANM,WE,Combination Non-Radar Approach Control & Tower w/o Radar,6,5,6,0,17,0,4,47,12,63,6,9,53,12,80,42,4,46,126
09/22/2022,HLN,MT,ANM,WE,Combination Non-Radar Approach Control & Tower w/o Radar,4,8,13,0,25,0,1,17,13,31,4,9,30,13,56,34,10,44,100
09/23/2022,HLN,MT,ANM,WE,Combination Non-Radar Approach Control & Tower w/o Radar,6,7,12,3,28,0,3,36,12,51,6,10,48,15,79,50,2,52,131
09/24/2022,HLN,MT,ANM,WE,Combination Non-Radar Approach Control & Tower w/o Radar,8,5,4,0,17,0,1,35,20,56,8,6,39,20,73,42,0,42,115
09/25/2022,HLN,MT,ANM,WE,Combination Non-Radar Approach Control & Tower w/o Radar,6,1,3,0,10,0,0,62,0,62,6,1,65,0,72,60,0,60,132
09/26/2022,HLN,MT,ANM,WE,Combination Non-Radar Approach Control & Tower w/o Radar,7,3,1,0,11,0,3,61,22,86,7,6,62,22,97,100,4,104,201
09/27/2022,HLN,MT,ANM,WE,Combination Non-Radar Approach Control & Tower w/o Radar,6,4,2,1,13,0,2,63,20,85,6,6,65,21,98,126,36,162,260
09/28/2022,HLN,MT,ANM,WE,Combination Non-Radar Approach Control & Tower w/o Radar,7,9,8,3,27,0,0,74,16,90,7,9,82,19,117,52,12,64,181
09/29/2022,HLN,MT,ANM,WE,Combination Non-Radar Approach Control & Tower w/o Radar,6,7,9,2,24,0,1,36,8,45,6,8,45,10,69,34,16,50,119
09/30/2022,HLN,MT,ANM,WE,Combination Non-Radar Approach Control & Tower w/o Radar,5,7,8,0,20,0,2,10,6,18,5,9,18,6,38,62,2,64,102
10/01/2022,HLN,MT,ANM,WE,Combination Non-Radar Approach Control & Tower w/o Radar,7,5,4,0,16,0,0,1,0,1,7,5,5,0,17,0,0,0,17
10/02/2022,HLN,MT,ANM,WE,Combination Non-Radar Approach Control & Tower w/o Radar,6,5,1,0,12,0,3,18,0,21,6,8,19,0,33,22,0,22,55
10/03/2022,HLN,MT,ANM,WE,Combination Non-Radar Approach Control & Tower w/o Radar,6,6,7,4,23,0,1,37,10,48,6,7,44,14,71,70,4,74,145
10/04/2022,HLN,MT,ANM,WE,Combination Non-Radar Approach Control & Tower w/o Radar,6,8,8,0,22,0,1,24,7,32,6,9,32,7,54,82,2,84,138
10/05/2022,HLN,MT,ANM,WE,Combination Non-Radar Approach Control & Tower w/o Radar,5,5,9,0,19,0,2,65,0,67,5,7,74,0,86,106,0,106,192
10/06/2022,HLN,MT,ANM,WE,Combination Non-Radar Approach Control & Tower w/o Radar,5,4,0,0,9,0,0,45,12,57,5,4,45,12,66,76,0,76,142
10/07/2022,HLN,MT,ANM,WE,Combination Non-Radar Approach Control & Tower w/o Radar,4,6,2,0,12,0,1,46,16,63,4,7,48,16,75,132,8,140,215
10/08/2022,HLN,MT,ANM,WE,Combination Non-Radar Approach Control & Tower w/o Radar,7,4,8,0,19,0,0,22,0,22,7,4,30,0,41,4,0,4,45
10/09/2022,HLN,MT,ANM,WE,Combination Non-Radar Approach Control & Tower w/o Radar,5,4,1,0,10,0,0,32,2,34,5,4,33,2,44,84,4,88,132
10/10/2022,HLN,MT,ANM,WE,Combination Non-Radar Approach Control & Tower w/o Radar,7,3,4,0,14,0,2,24,0,26,7,5,28,0,40,44,0,44,84
10/11/2022,HLN,MT,ANM,WE,Combination Non-Radar Approach Control & Tower w/o Radar,5,3,4,1,13,0,1,36,10,47,5,4,40,11,60,36,0,36,96
10/12/2022,HLN,MT,ANM,WE,Combination Non-Radar Approach Control & Tower w/o Radar,6,6,15,1,28,0,3,37,16,56,6,9,52,17,84,32,2,34,118
10/13/2022,HLN,MT,ANM,WE,Combination Non-Radar Approach Control & Tower w/o Radar,7,3,3,0,13,0,0,58,15,73,7,3,61,15,86,72,10,82,168
10/14/2022,HLN,MT,ANM,WE,Combination Non-Radar Approach Control & Tower w/o Radar,4,9,5,1,19,0,1,56,24,81,4,10,61,25,100,80,24,104,204
10/15/2022,HLN,MT,ANM,WE,Combination Non-Radar Approach Control & Tower w/o Radar,7,10,6,0,23,0,4,45,25,74,7,14,51,25,97,116,22,138,235
10/16/2022,HLN,MT,ANM,WE,Combination Non-Radar Approach Control & Tower w/o Radar,6,0,1,0,7,0,0,41,0,41,6,0,42,0,48,32,0,32,80
10/17/2022,HLN,MT,ANM,WE,Combination Non-Radar Approach Control & Tower w/o Radar,6,4,3,0,13,0,0,62,23,85,6,4,65,23,98,46,34,80,178
10/18/2022,HLN,MT,ANM,WE,Combination Non-Radar Approach Control & Tower w/o Radar,6,6,3,3,18,0,4,79,15,98,6,10,82,18,116,72,12,84,200
10/19/2022,HLN,MT,ANM,WE,Combination Non-Radar Approach Control & Tower w/o Radar,7,3,1,0,11,0,11,93,13,117,7,14,94,13,128,160,8,168,296
10/20/2022,HLN,MT,ANM,WE,Combination Non-Radar Approach Control & Tower w/o Radar,5,5,8,0,18,0,3,54,13,70,5,8,62,13,88,62,0,62,150
10/21/2022,HLN,MT,ANM,WE,Combination Non-Radar Approach Control & Tower w/o Radar,5,9,2,2,18,0,1,32,12,45,5,10,34,14,63,38,16,54,117
10/22/2022,HLN,MT,ANM,WE,Combination Non-Radar Approach Control & Tower w/o Radar,9,6,1,0,16,0,0,0,0,0,9,6,1,0,16,26,0,26,42
10/23/2022,HLN,MT,ANM,WE,Combination Non-Radar Approach Control & Tower w/o Radar,6,0,2,0,8,0,0,0,0,0,6,0,2,0,8,0,0,0,8
10/24/2022,HLN,MT,ANM,WE,Combination Non-Radar Approach Control & Tower w/o Radar,6,5,2,0,13,0,2,26,10,38,6,7,28,10,51,8,4,12,63
10/25/2022,HLN,MT,ANM,WE,Combination Non-Radar Approach Control & Tower w/o Radar,6,3,8,0,17,0,1,14,14,29,6,4,22,14,46,4,8,12,58
10/26/2022,HLN,MT,ANM,WE,Combination Non-Radar Approach Control & Tower w/o Radar,6,4,11,0,21,0,6,34,7,47,6,10,45,7,68,56,0,56,124
10/27/2022,HLN,MT,ANM,WE,Combination Non-Radar Approach Control & Tower w/o Radar,7,3,2,0,12,0,6,25,4,35,7,9,27,4,47,54,4,58,105
10/28/2022,HLN,MT,ANM,WE,Combination Non-Radar Approach Control & Tower w/o Radar,5,7,9,0,21,0,2,39,5,46,5,9,48,5,67,98,0,98,165
10/29/2022,HLN,MT,ANM,WE,Combination Non-Radar Approach Control & Tower w/o Radar,8,3,0,0,11,0,0,27,4,31,8,3,27,4,42,30,0,30,72
10/30/2022,HLN,MT,ANM,WE,Combination Non-Radar Approach Control & Tower w/o Radar,7,4,3,0,14,0,0,16,0,16,7,4,19,0,30,10,0,10,40
10/31/2022,HLN,MT,ANM,WE,Combination Non-Radar Approach Control & Tower w/o Radar,7,3,4,0,14,0,5,12,16,33,7,8,16,16,47,2,8,10,57
11/01/2022,HLN,MT,ANM,WE,Combination Non-Radar Approach Control & Tower w/o Radar,7,5,4,1,17,0,2,21,19,42,7,7,25,20,59,68,6,74,133
11/02/2022,HLN,MT,ANM,WE,Combination Non-Radar Approach Control & Tower w/o Radar,7,4,10,2,23,0,0,13,0,13,7,4,23,2,36,4,0,4,40
11/03/2022,HLN,MT,ANM,WE,Combination Non-Radar Approach Control & Tower w/o Radar,5,4,8,2,19,0,0,31,7,38,5,4,39,9,57,68,2,70,127
11/04/2022,HLN,MT,ANM,WE,Combination Non-Radar Approach Control & Tower w/o Radar,8,8,4,0,20,0,0,15,9,24,8,8,19,9,44,50,4,54,98
11/05/2022,HLN,MT,ANM,WE,Combination Non-Radar Approach Control & Tower w/o Radar,6,5,2,0,13,0,2,0,0,2,6,7,2,0,15,0,0,0,15
11/06/2022,HLN,MT,ANM,WE,Combination Non-Radar Approach Control & Tower w/o Radar,8,1,6,0,15,0,3,11,0,14,8,4,17,0,29,46,0,46,75
11/07/2022,HLN,MT,ANM,WE,Combination Non-Radar Approach Control & Tower w/o Radar,7,5,5,0,17,0,0,2,9,11,7,5,7,9,28,0,32,32,60
11/08/2022,HLN,MT,ANM,WE,Combination Non-Radar Approach Control & Tower w/o Radar,8,4,6,0,18,0,0,5,19,24,8,4,11,19,42,8,38,46,88
11/09/2022,HLN,MT,ANM,WE,Combination Non-Radar Approach Control & Tower w/o Radar,7,5,6,2,20,0,0,0,0,0,7,5,6,2,20,0,0,0,20
11/10/2022,HLN,MT,ANM,WE,Combination Non-Radar Approach Control & Tower w/o Radar,7,2,7,3,19,0,0,10,22,32,7,2,17,25,51,14,8,22,73
11/11/2022,HLN,MT,ANM,WE,Combination Non-Radar Approach Control & Tower w/o Radar,6,24,7,0,37,0,7,25,0,32,6,31,32,0,69,10,2,12,81
11/12/2022,HLN,MT,ANM,WE,Combination Non-Radar Approach Control & Tower w/o Radar,8,8,5,0,21,0,2,21,0,23,8,10,26,0,44,24,0,24,68
11/13/2022,HLN,MT,ANM,WE,Combination Non-Radar Approach Control & Tower w/o Radar,7,1,3,0,11,0,0,9,0,9,7,1,12,0,20,18,0,18,38
11/14/2022,HLN,MT,ANM,WE,Combination Non-Radar Approach Control & Tower w/o Radar,6,5,2,7,20,0,0,6,2,8,6,5,8,9,28,16,50,66,94
11/15/2022,HLN,MT,ANM,WE,Combination Non-Radar Approach Control & Tower w/o Radar,6,13,4,0,23,0,0,28,21,49,6,13,32,21,72,4,4,8,80
11/16/2022,HLN,MT,ANM,WE,Combination Non-Radar Approach Control & Tower w/o Radar,7,9,8,1,25,0,4,36,12,52,7,13,44,13,77,46,6,52,129
11/17/2022,HLN,MT,ANM,WE,Combination Non-Radar Approach Control & Tower w/o Radar,6,5,5,14,30,0,0,22,18,40,6,5,27,32,70,34,18,52,122
11/18/2022,HLN,MT,ANM,WE,Combination Non-Radar Approach Control & Tower w/o Radar,9,9,2,27,47,0,2,31,11,44,9,11,33,38,91,18,2,20,111
11/19/2022,HLN,MT,ANM,WE,Combination Non-Radar Approach Control & Tower w/o Radar,10,4,6,2,22,0,0,14,3,17,10,4,20,5,39,28,0,28,67
11/20/2022,HLN,MT,ANM,WE,Combination Non-Radar Approach Control & Tower w/o Radar,9,3,4,0,16,0,1,11,0,12,9,4,15,0,28,30,0,30,58
11/21/2022,HLN,MT,ANM,WE,Combination Non-Radar Approach Control & Tower w/o Radar,6,5,4,3,18,0,7,10,9,26,6,12,14,12,44,38,6,44,88
11/22/2022,HLN,MT,ANM,WE,Combination Non-Radar Approach Control & Tower w/o Radar,7,6,7,7,27,0,4,33,11,48,7,10,40,18,75,76,10,86,161
11/23/2022,HLN,MT,ANM,WE,Combination Non-Radar Approach Control & Tower w/o Radar,7,5,6,0,18,0,1,18,12,31,7,6,24,12,49,10,22,32,81
11/24/2022,HLN,MT,ANM,WE,Combination Non-Radar Approach Control & Tower w/o Radar,4,0,0,0,4,0,0,19,0,19,4,0,19,0,23,24,0,24,47
11/25/2022,HLN,MT,ANM,WE,Combination Non-Radar Approach Control & Tower w/o Radar,6,7,4,0,17,0,2,40,0,42,6,9,44,0,59,58,0,58,117
11/26/2022,HLN,MT,ANM,WE,Combination Non-Radar Approach Control & Tower w/o Radar,6,6,0,0,12,0,0,18,0,18,6,6,18,0,30,56,0,56,86
11/27/2022,HLN,MT,ANM,WE,Combination Non-Radar Approach Control & Tower w/o Radar,7,1,7,0,15,0,0,3,0,3,7,1,10,0,18,0,0,0,18
11/28/2022,HLN,MT,ANM,WE,Combination Non-Radar Approach Control & Tower w/o Radar,6,3,4,3,16,0,0,6,11,17,6,3,10,14,33,10,8,18,51
11/29/2022,HLN,MT,ANM,WE,Combination Non-Radar Approach Control & Tower w/o Radar,6,10,7,2,25,0,2,17,23,42,6,12,24,25,67,26,16,42,109
11/30/2022,HLN,MT,ANM,WE,Combination Non-Radar Approach Control & Tower w/o Radar,9,6,4,0,19,0,6,30,26,62,9,12,34,26,81,80,12,92,173
12/01/2022,HLN,MT,ANM,WE,Combination Non-Radar Approach Control & Tower w/o Radar,5,3,6,0,14,0,0,13,7,20,5,3,19,7,34,24,2,26,60
12/02/2022,HLN,MT,ANM,WE,Combination Non-Radar Approach Control & Tower w/o Radar,5,4,10,0,19,0,0,20,16,36,5,4,30,16,55,52,4,56,111
12/03/2022,HLN,MT,ANM,WE,Combination Non-Radar Approach Control & Tower w/o Radar,8,4,0,0,12,0,3,26,0,29,8,7,26,0,41,90,0,90,131
12/04/2022,HLN,MT,ANM,WE,Combination Non-Radar Approach Control & Tower w/o Radar,7,1,3,1,12,0,0,17,0,17,7,1,20,1,29,32,0,32,61
12/05/2022,HLN,MT,ANM,WE,Combination Non-Radar Approach Control & Tower w/o Radar,6,4,7,1,18,0,0,14,20,34,6,4,21,21,52,12,26,38,90
12/06/2022,HLN,MT,ANM,WE,Combination Non-Radar Approach Control & Tower w/o Radar,7,6,4,1,18,0,0,15,15,30,7,6,19,16,48,40,24,64,112
12/07/2022,HLN,MT,ANM,WE,Combination Non-Radar Approach Control & Tower w/o Radar,6,13,10,1,30,0,4,28,4,36,6,17,38,5,66,86,2,88,154
12/08/2022,HLN,MT,ANM,WE,Combination Non-Radar Approach Control & Tower w/o Radar,6,6,8,1,21,6,21,49,23,99,12,27,57,24,120,108,28,136,256
12/09/2022,HLN,MT,ANM,WE,Combination Non-Radar Approach Control & Tower w/o Radar,6,5,6,0,17,0,3,27,5,35,6,8,33,5,52,76,2,78,130
12/10/2022,HLN,MT,ANM,WE,Combination Non-Radar Approach Control & Tower w/o Radar,8,3,2,0,13,0,8,18,0,26,8,11,20,0,39,88,0,88,127
12/11/2022,HLN,MT,ANM,WE,Combination Non-Radar Approach Control & Tower w/o Radar,6,1,2,0,9,0,0,14,0,14,6,1,16,0,23,50,0,50,73
12/12/2022,HLN,MT,ANM,WE,Combination Non-Radar Approach Control & Tower w/o Radar,7,4,5,0,16,0,0,1,6,7,7,4,6,6,23,0,2,2,25
12/13/2022,HLN,MT,ANM,WE,Combination Non-Radar Approach Control & Tower w/o Radar,7,5,7,0,19,0,0,12,20,32,7,5,19,20,51,30,40,70,121
12/14/2022,HLN,MT,ANM,WE,Combination Non-Radar Approach Control & Tower w/o Radar,5,10,6,2,23,0,0,2,6,8,5,10,8,8,31,0,22,22,53
12/15/2022,HLN,MT,ANM,WE,Combination Non-Radar Approach Control & Tower w/o Radar,6,6,10,0,22,0,0,9,8,17,6,6,19,8,39,0,4,4,43
12/16/2022,HLN,MT,ANM,WE,Combination Non-Radar Approach Control & Tower w/o Radar,4,9,5,28,46,0,2,16,16,34,4,11,21,44,80,34,8,42,122
12/17/2022,HLN,MT,ANM,WE,Combination Non-Radar Approach Control & Tower w/o Radar,5,5,1,1,12,0,0,23,2,25,5,5,24,3,37,50,0,50,87
12/18/2022,HLN,MT,ANM,WE,Combination Non-Radar Approach Control & Tower w/o Radar,5,3,2,0,10,0,0,5,0,5,5,3,7,0,15,6,0,6,21
12/19/2022,HLN,MT,ANM,WE,Combination Non-Radar Approach Control & Tower w/o Radar,6,1,4,2,13,0,4,2,4,10,6,5,6,6,23,0,0,0,23
12/20/2022,HLN,MT,ANM,WE,Combination Non-Radar Approach Control & Tower w/o Radar,6,10,12,2,30,0,1,3,7,11,6,11,15,9,41,0,0,0,41
12/21/2022,HLN,MT,ANM,WE,Combination Non-Radar Approach Control & Tower w/o Radar,6,10,6,0,22,0,1,0,8,9,6,11,6,8,31,0,0,0,31
12/22/2022,HLN,MT,ANM,WE,Combination Non-Radar Approach Control & Tower w/o Radar,7,7,1,0,15,0,1,4,0,5,7,8,5,0,20,0,0,0,20
12/23/2022,HLN,MT,ANM,WE,Combination Non-Radar Approach Control & Tower w/o Radar,5,15,2,0,22,0,0,1,4,5,5,15,3,4,27,2,4,6,33
12/24/2022,HLN,MT,ANM,WE,Combination Non-Radar Approach Control & Tower w/o Radar,4,3,4,0,11,0,1,3,0,4,4,4,7,0,15,0,0,0,15
12/25/2022,HLN,MT,ANM,WE,Combination Non-Radar Approach Control & Tower w/o Radar,8,3,3,0,14,0,0,2,0,2,8,3,5,0,16,0,0,0,16
12/26/2022,HLN,MT,ANM,WE,Combination Non-Radar Approach Control & Tower w/o Radar,4,3,6,0,13,0,0,22,0,22,4,3,28,0,35,6,0,6,41
12/27/2022,HLN,MT,ANM,WE,Combination Non-Radar Approach Control & Tower w/o Radar,6,4,4,0,14,0,0,21,5,26,6,4,25,5,40,6,0,6,46
12/28/2022,HLN,MT,ANM,WE,Combination Non-Radar Approach Control & Tower w/o Radar,6,7,6,1,20,0,0,6,16,22,6,7,12,17,42,50,2,52,94
12/29/2022,HLN,MT,ANM,WE,Combination Non-Radar Approach Control & Tower w/o Radar,5,4,6,1,16,0,1,34,22,57,5,5,40,23,73,56,20,76,149
12/30/2022,HLN,MT,ANM,WE,Combination Non-Radar Approach Control & Tower w/o Radar,5,5,3,0,13,0,1,26,10,37,5,6,29,10,50,60,0,60,110
12/31/2022,HLN,MT,ANM,WE,Combination Non-Radar Approach Control & Tower w/o Radar,4,4,1,0,9,0,0,11,0,11,4,4,12,0,20,54,0,54,74
01/01/2023,HLN,MT,ANM,WE,Combination Non-Radar Approach Control & Tower w/o Radar,4,1,2,0,7,0,0,23,0,23,4,1,25,0,30,20,0,20,50
01/02/2023,HLN,MT,ANM,WE,Combination Non-Radar Approach Control & Tower w/o Radar,5,4,5,0,14,0,0,61,1,62,5,4,66,1,76,76,0,76,152
01/03/2023,HLN,MT,ANM,WE,Combination Non-Radar Approach Control & Tower w/o Radar,6,2,7,1,16,0,0,22,15,37,6,2,29,16,53,26,18,44,97
01/04/2023,HLN,MT,ANM,WE,Combination Non-Radar Approach Control & Tower w/o Radar,7,8,5,2,22,0,5,34,0,39,7,13,39,2,61,60,0,60,121
01/05/2023,HLN,MT,ANM,WE,Combination Non-Radar Approach Control & Tower w/o Radar,7,6,3,0,16,0,0,34,14,48,7,6,37,14,64,70,0,70,134
01/06/2023,HLN,MT,ANM,WE,Combination Non-Radar Approach Control & Tower w/o Radar,5,4,0,0,9,0,0,0,0,0,5,4,0,0,9,0,0,0,9
01/07/2023,HLN,MT,ANM,WE,Combination Non-Radar Approach Control & Tower w/o Radar,4,1,2,0,7,0,1,13,0,14,4,2,15,0,21,12,0,12,33
01/08/2023,HLN,MT,ANM,WE,Combination Non-Radar Approach Control & Tower w/o Radar,6,3,0,0,9,0,0,18,21,39,6,3,18,21,48,58,8,66,114
01/09/2023,HLN,MT,ANM,WE,Combination Non-Radar Approach Control & Tower w/o Radar,6,3,3,2,14,0,0,35,15,50,6,3,38,17,64,110,30,140,204
01/10/2023,HLN,MT,ANM,WE,Combination Non-Radar Approach Control & Tower w/o Radar,7,6,15,0,28,0,2,38,17,57,7,8,53,17,85,70,16,86,171
01/11/2023,HLN,MT,ANM,WE,Combination Non-Radar Approach Control & Tower w/o Radar,7,9,8,0,24,0,2,47,21,70,7,11,55,21,94,52,18,70,164
01/12/2023,HLN,MT,ANM,WE,Combination Non-Radar Approach Control & Tower w/o Radar,7,6,4,0,17,0,5,26,23,54,7,11,30,23,71,28,28,56,127
01/13/2023,HLN,MT,ANM,WE,Combination Non-Radar Approach Control & Tower w/o Radar,6,9,2,0,17,0,4,20,10,34,6,13,22,10,51,50,0,50,101
01/14/2023,HLN,MT,ANM,WE,Combination Non-Radar Approach Control & Tower w/o Radar,8,3,2,0,13,0,6,26,0,32,8,9,28,0,45,80,0,80,125
01/15/2023,HLN,MT,ANM,WE,Combination Non-Radar Approach Control & Tower w/o Radar,8,4,3,0,15,0,0,21,2,23,8,4,24,2,38,72,0,72,110
01/16/2023,HLN,MT,ANM,WE,Combination Non-Radar Approach Control & Tower w/o Radar,6,4,6,0,16,0,0,0,0,0,6,4,6,0,16,0,0,0,16
01/17/2023,HLN,MT,ANM,WE,Combination Non-Radar Approach Control & Tower w/o Radar,4,6,10,0,20,0,2,14,7,23,4,8,24,7,43,30,0,30,73
01/18/2023,HLN,MT,ANM,WE,Combination Non-Radar Approach Control & Tower w/o Radar,5,6,12,3,26,0,5,42,7,54,5,11,54,10,80,83,26,109,189
01/19/2023,HLN,MT,ANM,WE,Combination Non-Radar Approach Control & Tower w/o Radar,6,4,10,2,22,0,2,11,7,20,6,6,21,9,42,20,0,20,62
01/20/2023,HLN,MT,ANM,WE,Combination Non-Radar Approach Control & Tower w/o Radar,6,7,4,2,19,0,5,39,9,53,6,12,43,11,72,96,2,98,170
01/21/2023,HLN,MT,ANM,WE,Combination Non-Radar Approach Control & Tower w/o Radar,8,4,4,0,16,0,3,40,7,50,8,7,44,7,66,112,0,112,178
01/22/2023,HLN,MT,ANM,WE,Combination Non-Radar Approach Control & Tower w/o Radar,6,3,3,0,12,0,0,3,0,3,6,3,6,0,15,0,0,0,15
01/23/2023,HLN,MT,ANM,WE,Combination Non-Radar Approach Control & Tower w/o Radar,7,3,6,3,19,0,3,13,18,34,7,6,19,21,53,30,14,44,97
01/24/2023,HLN,MT,ANM,WE,Combination Non-Radar Approach Control & Tower w/o Radar,6,9,3,2,20,0,0,12,12,24,6,9,15,14,44,60,46,106,150
01/25/2023,HLN,MT,ANM,WE,Combination Non-Radar Approach Control & Tower w/o Radar,7,7,8,0,22,0,0,29,13,42,7,7,37,13,64,92,50,142,206
01/26/2023,HLN,MT,ANM,WE,Combination Non-Radar Approach Control & Tower w/o Radar,7,4,14,0,25,0,0,7,9,16,7,4,21,9,41,18,14,32,73
01/27/2023,HLN,MT,ANM,WE,Combination Non-Radar Approach Control & Tower w/o Radar,9,8,8,0,25,0,0,0,0,0,9,8,8,0,25,0,0,0,25
01/28/2023,HLN,MT,ANM,WE,Combination Non-Radar Approach Control & Tower w/o Radar,7,3,0,0,10,0,0,0,0,0,7,3,0,0,10,0,0,0,10
01/29/2023,HLN,MT,ANM,WE,Combination Non-Radar Approach Control & Tower w/o Radar,5,0,3,0,8,0,2,3,0,5,5,2,6,0,13,0,0,0,13
01/30/2023,HLN,MT,ANM,WE,Combination Non-Radar Approach Control & Tower w/o Radar,6,8,5,6,25,0,0,17,10,27,6,8,22,16,52,28,16,44,96
01/31/2023,HLN,MT,ANM,WE,Combination Non-Radar Approach Control & Tower w/o Radar,5,6,6,2,19,0,0,16,19,35,5,6,22,21,54,74,16,90,144
02/01/2023,HLN,MT,ANM,WE,Combination Non-Radar Approach Control & Tower w/o Radar,9,9,8,0,26,0,3,33,7,43,9,12,41,7,69,64,2,66,135
02/02/2023,HLN,MT,ANM,WE,Combination Non-Radar Approach Control & Tower w/o Radar,6,3,5,2,16,0,1,24,14,39,6,4,29,16,55,112,0,112,167
02/03/2023,HLN,MT,ANM,WE,Combination Non-Radar Approach Control & Tower w/o Radar,6,7,9,0,22,0,10,29,21,60,6,17,38,21,82,38,14,52,134
02/04/2023,HLN,MT,ANM,WE,Combination Non-Radar Approach Control & Tower w/o Radar,8,6,0,0,14,0,2,25,18,45,8,8,25,18,59,54,0,54,113
02/05/2023,HLN,MT,ANM,WE,Combination Non-Radar Approach Control & Tower w/o Radar,6,2,3,0,11,0,0,18,15,33,6,2,21,15,44,54,2,56,100
02/06/2023,HLN,MT,ANM,WE,Combination Non-Radar Approach Control & Tower w/o Radar,6,4,3,0,13,1,0,18,11,30,7,4,21,11,43,16,4,20,63
02/07/2023,HLN,MT,ANM,WE,Combination Non-Radar Approach Control & Tower w/o Radar,6,10,6,0,22,0,2,34,14,50,6,12,40,14,72,78,0,78,150
02/08/2023,HLN,MT,ANM,WE,Combination Non-Radar Approach Control & Tower w/o Radar,7,4,7,3,21,0,0,8,8,16,7,4,15,11,37,0,20,20,57
02/09/2023,HLN,MT,ANM,WE,Combination Non-Radar Approach Control & Tower w/o Radar,6,6,3,4,19,0,2,52,7,61,6,8,55,11,80,222,0,222,302
02/10/2023,HLN,MT,ANM,WE,Combination Non-Radar Approach Control & Tower w/o Radar,8,4,6,0,18,0,2,44,8,54,8,6,50,8,72,120,34,154,226
02/11/2023,HLN,MT,ANM,WE,Combination Non-Radar Approach Control & Tower w/o Radar,8,2,4,0,14,0,3,52,0,55,8,5,56,0,69,84,0,84,153
02/12/2023,HLN,MT,ANM,WE,Combination Non-Radar Approach Control & Tower w/o Radar,7,0,4,0,11,0,0,21,0,21,7,0,25,0,32,58,0,58,90
02/13/2023,HLN,MT,ANM,WE,Combination Non-Radar Approach Control & Tower w/o Radar,6,5,2,6,19,0,5,17,15,37,6,10,19,21,56,60,50,110,166
02/14/2023,HLN,MT,ANM,WE,Combination Non-Radar Approach Control & Tower w/o Radar,5,2,3,0,10,0,15,5,4,24,5,17,8,4,34,0,0,0,34
02/15/2023,HLN,MT,ANM,WE,Combination Non-Radar Approach Control & Tower w/o Radar,7,10,3,1,21,0,14,47,19,80,7,24,50,20,101,108,6,114,215
02/16/2023,HLN,MT,ANM,WE,Combination Non-Radar Approach Control & Tower w/o Radar,6,6,1,1,14,0,6,39,21,66,6,12,40,22,80,186,14,200,280
02/17/2023,HLN,MT,ANM,WE,Combination Non-Radar Approach Control & Tower w/o Radar,7,6,2,1,16,0,0,33,13,46,7,6,35,14,62,104,0,104,166
02/18/2023,HLN,MT,ANM,WE,Combination Non-Radar Approach Control & Tower w/o Radar,8,3,1,0,12,0,0,14,0,14,8,3,15,0,26,114,0,114,140
02/19/2023,HLN,MT,ANM,WE,Combination Non-Radar Approach Control & Tower w/o Radar,6,1,2,0,9,0,0,0,0,0,6,1,2,0,9,0,0,0,9
02/20/2023,HLN,MT,ANM,WE,Combination Non-Radar Approach Control & Tower w/o Radar,6,2,5,0,13,0,0,3,0,3,6,2,8,0,16,12,0,12,28
02/21/2023,HLN,MT,ANM,WE,Combination Non-Radar Approach Control & Tower w/o Radar,6,8,4,0,18,0,0,0,0,0,6,8,4,0,18,0,0,0,18
02/22/2023,HLN,MT,ANM,WE,Combination Non-Radar Approach Control & Tower w/o Radar,7,6,16,0,29,0,1,0,0,1,7,7,16,0,30,0,0,0,30
02/23/2023,HLN,MT,ANM,WE,Combination Non-Radar Approach Control & Tower w/o Radar,7,6,9,1,23,0,0,5,5,10,7,6,14,6,33,10,24,34,67
02/24/2023,HLN,MT,ANM,WE,Combination Non-Radar Approach Control & Tower w/o Radar,7,7,8,2,24,0,14,18,5,37,7,21,26,7,61,32,0,32,93
02/25/2023,HLN,MT,ANM,WE,Combination Non-Radar Approach Control & Tower w/o Radar,8,4,0,0,12,0,0,41,1,42,8,4,41,1,54,122,0,122,176
02/26/2023,HLN,MT,ANM,WE,Combination Non-Radar Approach Control & Tower w/o Radar,6,1,1,0,8,0,2,19,0,21,6,3,20,0,29,52,0,52,81
02/27/2023,HLN,MT,ANM,WE,Combination Non-Radar Approach Control & Tower w/o Radar,6,3,9,0,18,0,0,45,10,55,6,3,54,10,73,72,16,88,161
02/28/2023,HLN,MT,ANM,WE,Combination Non-Radar Approach Control & Tower w/o Radar,7,4,3,0,14,0,0,21,19,40,7,4,24,19,54,56,10,66,120
03/01/2023,HLN,MT,ANM,WE,Combination Non-Radar Approach Control & Tower w/o Radar,7,8,5,0,20,0,0,37,5,42,7,8,42,5,62,126,0,126,188
03/02/2023,HLN,MT,ANM,WE,Combination Non-Radar Approach Control & Tower w/o Radar,6,9,3,0,18,0,0,30,21,51,6,9,33,21,69,98,6,104,173
03/03/2023,HLN,MT,ANM,WE,Combination Non-Radar Approach Control & Tower w/o Radar,7,6,6,0,19,0,0,13,8,21,7,6,19,8,40,10,0,10,50
03/04/2023,HLN,MT,ANM,WE,Combination Non-Radar Approach Control & Tower w/o Radar,8,5,0,0,13,0,8,34,30,72,8,13,34,30,85,56,0,56,141
03/05/2023,HLN,MT,ANM,WE,Combination Non-Radar Approach Control & Tower w/o Radar,6,1,1,0,8,0,0,0,0,0,6,1,1,0,8,0,0,0,8
03/06/2023,HLN,MT,ANM,WE,Combination Non-Radar Approach Control & Tower w/o Radar,6,7,2,0,15,0,0,6,7,13,6,7,8,7,28,6,0,6,34
03/07/2023,HLN,MT,ANM,WE,Combination Non-Radar Approach Control & Tower w/o Radar,6,7,6,11,30,0,2,39,12,53,6,9,45,23,83,82,18,100,183
03/08/2023,HLN,MT,ANM,WE,Combination Non-Radar Approach Control & Tower w/o Radar,7,7,8,0,22,0,0,14,10,24,7,7,22,10,46,86,22,108,154
03/09/2023,HLN,MT,ANM,WE,Combination Non-Radar Approach Control & Tower w/o Radar,6,6,8,0,20,0,13,53,15,81,6,19,61,15,101,108,0,108,209
03/10/2023,HLN,MT,ANM,WE,Combination Non-Radar Approach Control & Tower w/o Radar,6,3,2,2,13,0,0,1,0,1,6,3,3,2,14,0,0,0,14
03/11/2023,HLN,MT,ANM,WE,Combination Non-Radar Approach Control & Tower w/o Radar,8,4,1,0,13,0,0,1,1,2,8,4,2,1,15,2,0,2,17
03/12/2023,HLN,MT,ANM,WE,Combination Non-Radar Approach Control & Tower w/o Radar,6,5,3,1,15,0,2,29,3,34,6,7,32,4,49,46,0,46,95
03/13/2023,HLN,MT,ANM,WE,Combination Non-Radar Approach Control & Tower w/o Radar,6,2,4,9,21,0,4,38,22,64,6,6,42,31,85,22,32,54,139
03/14/2023,HLN,MT,ANM,WE,Combination Non-Radar Approach Control & Tower w/o Radar,6,7,10,4,27,0,2,24,19,45,6,9,34,23,72,110,12,122,194
03/15/2023,HLN,MT,ANM,WE,Combination Non-Radar Approach Control & Tower w/o Radar,7,6,2,1,16,0,0,3,5,8,7,6,5,6,24,0,0,0,24
03/16/2023,HLN,MT,ANM,WE,Combination Non-Radar Approach Control & Tower w/o Radar,6,5,9,1,21,0,1,42,12,55,6,6,51,13,76,76,2,78,154
03/17/2023,HLN,MT,ANM,WE,Combination Non-Radar Approach Control & Tower w/o Radar,6,7,6,1,20,0,4,73,7,84,6,11,79,8,104,144,0,144,248
03/18/2023,HLN,MT,ANM,WE,Combination Non-Radar Approach Control & Tower w/o Radar,7,6,1,0,14,0,4,49,0,53,7,10,50,0,67,54,0,54,121
03/19/2023,HLN,MT,ANM,WE,Combination Non-Radar Approach Control & Tower w/o Radar,6,3,2,0,11,0,0,47,0,47,6,3,49,0,58,98,0,98,156
03/20/2023,HLN,MT,ANM,WE,Combination Non-Radar Approach Control & Tower w/o Radar,6,5,9,1,21,0,0,16,2,18,6,5,25,3,39,64,0,64,103
03/21/2023,HLN,MT,ANM,WE,Combination Non-Radar Approach Control & Tower w/o Radar,7,6,8,0,21,0,0,27,19,46,7,6,35,19,67,18,28,46,113
03/22/2023,HLN,MT,ANM,WE,Combination Non-Radar Approach Control & Tower w/o Radar,7,4,6,1,18,0,9,63,25,97,7,13,69,26,115,158,28,186,301
03/23/2023,HLN,MT,ANM,WE,Combination Non-Radar Approach Control & Tower w/o Radar,7,3,4,1,15,0,3,45,23,71,7,6,49,24,86,200,14,214,300
03/24/2023,HLN,MT,ANM,WE,Combination Non-Radar Approach Control & Tower w/o Radar,6,4,5,0,15,0,5,33,11,49,6,9,38,11,64,72,16,88,152
03/25/2023,HLN,MT,ANM,WE,Combination Non-Radar Approach Control & Tower w/o Radar,8,16,7,1,32,4,5,2,4,15,12,21,9,5,47,38,0,38,85
03/26/2023,HLN,MT,ANM,WE,Combination Non-Radar Approach Control & Tower w/o Radar,0,0,0,0,0,7,2,2,1,12,7,2,2,1,12,0,0,0,12
03/27/2023,HLN,MT,ANM,WE,Combination Non-Radar Approach Control & Tower w/o Radar,6,9,5,0,20,0,6,23,3,32,6,15,28,3,52,52,0,52,104
03/28/2023,HLN,MT,ANM,WE,Combination Non-Radar Approach Control & Tower w/o Radar,6,5,9,0,20,0,0,49,6,55,6,5,58,6,75,122,0,122,197
03/29/2023,HLN,MT,ANM,WE,Combination Non-Radar Approach Control & Tower w/o Radar,6,9,10,4,29,0,2,28,5,35,6,11,38,9,64,84,8,92,156
03/30/2023,HLN,MT,ANM,WE,Combination Non-Radar Approach Control & Tower w/o Radar,7,3,2,0,12,0,0,3,0,3,7,3,5,0,15,6,0,6,21
03/31/2023,HLN,MT,ANM,WE,Combination Non-Radar Approach Control & Tower w/o Radar,7,10,10,1,28,0,4,40,23,67,7,14,50,24,95,102,7,109,204
04/01/2023,HLN,MT,ANM,WE,Combination Non-Radar Approach Control & Tower w/o Radar,10,4,2,0,16,0,1,19,7,27,10,5,21,7,43,34,14,48,91
04/02/2023,HLN,MT,ANM,WE,Combination Non-Radar Approach Control & Tower w/o Radar,6,2,6,0,14,0,1,0,0,1,6,3,6,0,15,0,0,0,15
04/03/2023,HLN,MT,ANM,WE,Combination Non-Radar Approach Control & Tower w/o Radar,6,4,6,0,16,0,10,46,2,58,6,14,52,2,74,104,0,104,178
04/04/2023,HLN,MT,ANM,WE,Combination Non-Radar Approach Control & Tower w/o Radar,6,3,5,0,14,0,0,19,6,25,6,3,24,6,39,90,8,98,137
04/05/2023,HLN,MT,ANM,WE,Combination Non-Radar Approach Control & Tower w/o Radar,7,6,7,1,21,0,4,46,10,60,7,10,53,11,81,114,4,118,199
04/06/2023,HLN,MT,ANM,WE,Combination Non-Radar Approach Control & Tower w/o Radar,6,11,5,2,24,0,8,41,22,71,6,19,46,24,95,80,0,80,175
04/07/2023,HLN,MT,ANM,WE,Combination Non-Radar Approach Control & Tower w/o Radar,7,2,2,2,13,0,3,55,14,72,7,5,57,16,85,130,0,130,215
04/08/2023,HLN,MT,ANM,WE,Combination Non-Radar Approach Control & Tower w/o Radar,7,7,1,0,15,0,4,33,0,37,7,11,34,0,52,174,0,174,226
04/09/2023,HLN,MT,ANM,WE,Combination Non-Radar Approach Control & Tower w/o Radar,6,4,2,0,12,0,0,25,0,25,6,4,27,0,37,14,0,14,51
04/10/2023,HLN,MT,ANM,WE,Combination Non-Radar Approach Control & Tower w/o Radar,6,3,5,0,14,0,2,46,10,58,6,5,51,10,72,72,0,72,144
04/11/2023,HLN,MT,ANM,WE,Combination Non-Radar Approach Control & Tower w/o Radar,6,9,11,0,26,0,2,15,7,24,6,11,26,7,50,42,4,46,96
04/12/2023,HLN,MT,ANM,WE,Combination Non-Radar Approach Control & Tower w/o Radar,5,8,6,4,23,0,0,20,10,30,5,8,26,14,53,128,10,138,191
04/13/2023,HLN,MT,ANM,WE,Combination Non-Radar Approach Control & Tower w/o Radar,5,3,2,1,11,0,0,0,2,2,5,3,2,3,13,14,0,14,27
04/14/2023,HLN,MT,ANM,WE,Combination Non-Radar Approach Control & Tower w/o Radar,4,14,8,3,29,0,4,55,16,75,4,18,63,19,104,158,2,160,264
04/15/2023,HLN,MT,ANM,WE,Combination Non-Radar Approach Control & Tower w/o Radar,8,3,4,0,15,0,14,58,2,74,8,17,62,2,89,108,0,108,197
04/16/2023,HLN,MT,ANM,WE,Combination Non-Radar Approach Control & Tower w/o Radar,6,2,2,0,10,0,2,30,0,32,6,4,32,0,42,72,0,72,114
04/17/2023,HLN,MT,ANM,WE,Combination Non-Radar Approach Control & Tower w/o Radar,5,5,4,2,16,0,0,41,16,57,5,5,45,18,73,68,16,84,157
04/18/2023,HLN,MT,ANM,WE,Combination Non-Radar Approach Control & Tower w/o Radar,5,4,7,0,16,0,0,7,6,13,5,4,14,6,29,16,12,28,57
04/19/2023,HLN,MT,ANM,WE,Combination Non-Radar Approach Control & Tower w/o Radar,7,10,13,2,32,0,1,2,5,8,7,11,15,7,40,0,2,2,42
04/20/2023,HLN,MT,ANM,WE,Combination Non-Radar Approach Control & Tower w/o Radar,6,5,8,0,19,0,0,0,3,3,6,5,8,3,22,0,6,6,28
04/21/2023,HLN,MT,ANM,WE,Combination Non-Radar Approach Control & Tower w/o Radar,6,6,7,0,19,0,2,19,9,30,6,8,26,9,49,14,2,16,65
04/22/2023,HLN,MT,ANM,WE,Combination Non-Radar Approach Control & Tower w/o Radar,7,7,3,0,17,0,4,48,5,57,7,11,51,5,74,86,8,94,168
04/23/2023,HLN,MT,ANM,WE,Combination Non-Radar Approach Control & Tower w/o Radar,6,5,1,0,12,0,2,49,0,51,6,7,50,0,63,36,0,36,99
04/24/2023,HLN,MT,ANM,WE,Combination Non-Radar Approach Control & Tower w/o Radar,6,4,4,0,14,0,6,34,17,57,6,10,38,17,71,74,12,86,157
04/25/2023,HLN,MT,ANM,WE,Combination Non-Radar Approach Control & Tower w/o Radar,6,11,7,1,25,0,0,33,20,53,6,11,40,21,78,68,6,74,152
04/26/2023,HLN,MT,ANM,WE,Combination Non-Radar Approach Control & Tower w/o Radar,6,5,5,0,16,0,0,56,12,68,6,5,61,12,84,124,0,124,208
04/27/2023,HLN,MT,ANM,WE,Combination Non-Radar Approach Control & Tower w/o Radar,5,4,1,0,10,0,3,23,7,33,5,7,24,7,43,76,10,86,129
04/28/2023,HLN,MT,ANM,WE,Combination Non-Radar Approach Control & Tower w/o Radar,7,9,12,0,28,0,7,85,4,96,7,16,97,4,124,128,0,128,252
04/29/2023,HLN,MT,ANM,WE,Combination Non-Radar Approach Control & Tower w/o Radar,6,4,4,1,15,0,2,73,2,77,6,6,77,3,92,58,0,58,150
04/30/2023,HLN,MT,ANM,WE,Combination Non-Radar Approach Control & Tower w/o Radar,6,2,0,0,8,0,0,54,0,54,6,2,54,0,62,90,0,90,152
05/01/2023,HLN,MT,ANM,WE,Combination Non-Radar Approach Control & Tower w/o Radar,5,4,4,0,13,0,4,57,2,63,5,8,61,2,76,106,0,106,182
05/02/2023,HLN,MT,ANM,WE,Combination Non-Radar Approach Control & Tower w/o Radar,7,3,7,2,19,0,3,49,1,53,7,6,56,3,72,164,0,164,236
05/03/2023,HLN,MT,ANM,WE,Combination Non-Radar Approach Control & Tower w/o Radar,6,6,2,1,15,0,0,65,9,74,6,6,67,10,89,134,12,146,235
05/04/2023,HLN,MT,ANM,WE,Combination Non-Radar Approach Control & Tower w/o Radar,5,6,4,0,15,0,2,35,3,40,5,8,39,3,55,58,0,58,113
05/05/2023,HLN,MT,ANM,WE,Combination Non-Radar Approach Control & Tower w/o Radar,5,5,7,0,17,0,2,21,17,40,5,7,28,17,57,186,6,192,249
05/06/2023,HLN,MT,ANM,WE,Combination Non-Radar Approach Control & Tower w/o Radar,8,6,2,0,16,0,0,14,14,28,8,6,16,14,44,50,8,58,102
05/07/2023,HLN,MT,ANM,WE,Combination Non-Radar Approach Control & Tower w/o Radar,10,3,1,0,14,0,0,10,6,16,10,3,11,6,30,10,0,10,40
05/08/2023,HLN,MT,ANM,WE,Combination Non-Radar Approach Control & Tower w/o Radar,6,4,1,2,13,0,0,28,7,35,6,4,29,9,48,134,0,134,182
05/09/2023,HLN,MT,ANM,WE,Combination Non-Radar Approach Control & Tower w/o Radar,5,5,8,0,18,0,2,26,7,35,5,7,34,7,53,128,2,130,183
05/10/2023,HLN,MT,ANM,WE,Combination Non-Radar Approach Control & Tower w/o Radar,7,6,2,0,15,0,2,54,12,68,7,8,56,12,83,158,18,176,259
05/11/2023,HLN,MT,ANM,WE,Combination Non-Radar Approach Control & Tower w/o Radar,6,3,6,1,16,0,2,25,6,33,6,5,31,7,49,102,2,104,153
05/12/2023,HLN,MT,ANM,WE,Combination Non-Radar Approach Control & Tower w/o Radar,7,6,3,1,17,0,5,61,4,70,7,11,64,5,87,112,0,112,199
05/13/2023,HLN,MT,ANM,WE,Combination Non-Radar Approach Control & Tower w/o Radar,6,3,3,0,12,0,1,24,0,25,6,4,27,0,37,121,0,121,158
05/14/2023,HLN,MT,ANM,WE,Combination Non-Radar Approach Control & Tower w/o Radar,5,2,2,0,9,0,0,5,0,5,5,2,7,0,14,14,0,14,28
05/15/2023,HLN,MT,ANM,WE,Combination Non-Radar Approach Control & Tower w/o Radar,6,5,4,5,20,0,2,78,7,87,6,7,82,12,107,112,8,120,227
05/16/2023,HLN,MT,ANM,WE,Combination Non-Radar Approach Control & Tower w/o Radar,6,5,2,0,13,0,1,65,17,83,6,6,67,17,96,98,6,104,200
05/17/2023,HLN,MT,ANM,WE,Combination Non-Radar Approach Control & Tower w/o Radar,7,9,6,4,26,0,3,50,17,70,7,12,56,21,96,186,16,202,298
05/18/2023,HLN,MT,ANM,WE,Combination Non-Radar Approach Control & Tower w/o Radar,6,8,20,4,38,0,0,39,8,47,6,8,59,12,85,104,0,104,189
05/19/2023,HLN,MT,ANM,WE,Combination Non-Radar Approach Control & Tower w/o Radar,6,11,16,4,37,0,4,25,8,37,6,15,41,12,74,46,0,46,120
05/20/2023,HLN,MT,ANM,WE,Combination Non-Radar Approach Control & Tower w/o Radar,7,9,1,0,17,0,2,47,8,57,7,11,48,8,74,98,0,98,172
05/21/2023,HLN,MT,ANM,WE,Combination Non-Radar Approach Control & Tower w/o Radar,7,1,13,0,21,0,3,18,0,21,7,4,31,0,42,26,0,26,68
05/22/2023,HLN,MT,ANM,WE,Combination Non-Radar Approach Control & Tower w/o Radar,4,5,6,3,18,0,2,36,11,49,4,7,42,14,67,44,4,48,115
05/23/2023,HLN,MT,ANM,WE,Combination Non-Radar Approach Control & Tower w/o Radar,7,6,7,0,20,0,6,74,15,95,7,12,81,15,115,150,10,160,275
05/24/2023,HLN,MT,ANM,WE,Combination Non-Radar Approach Control & Tower w/o Radar,7,7,10,0,24,0,0,29,13,42,7,7,39,13,66,164,0,164,230
05/25/2023,HLN,MT,ANM,WE,Combination Non-Radar Approach Control & Tower w/o Radar,6,8,27,0,41,0,0,8,13,21,6,8,35,13,62,58,6,64,126
05/26/2023,HLN,MT,ANM,WE,Combination Non-Radar Approach Control & Tower w/o Radar,6,8,4,2,20,0,0,13,4,17,6,8,17,6,37,66,10,76,113
05/27/2023,HLN,MT,ANM,WE,Combination Non-Radar Approach Control & Tower w/o Radar,6,8,3,0,17,0,0,14,0,14,6,8,17,0,31,72,0,72,103
05/28/2023,HLN,MT,ANM,WE,Combination Non-Radar Approach Control & Tower w/o Radar,5,1,2,0,8,0,0,16,0,16,5,1,18,0,24,38,0,38,62
05/29/2023,HLN,MT,ANM,WE,Combination Non-Radar Approach Control & Tower w/o Radar,6,5,2,0,13,0,2,47,0,49,6,7,49,0,62,108,0,108,170
05/30/2023,HLN,MT,ANM,WE,Combination Non-Radar Approach Control & Tower w/o Radar,5,4,5,0,14,0,2,45,20,67,5,6,50,20,81,104,0,104,185
05/31/2023,HLN,MT,ANM,WE,Combination Non-Radar Approach Control & Tower w/o Radar,6,8,5,0,19,0,0,48,17,65,6,8,53,17,84,82,0,82,166
06/01/2023,HLN,MT,ANM,WE,Combination Non-Radar Approach Control & Tower w/o Radar,6,3,7,0,16,0,0,52,17,69,6,3,59,17,85,152,4,156,241
06/02/2023,HLN,MT,ANM,WE,Combination Non-Radar Approach Control & Tower w/o Radar,9,6,8,0,23,0,0,8,6,14,9,6,16,6,37,60,6,66,103
06/03/2023,HLN,MT,ANM,WE,Combination Non-Radar Approach Control & Tower w/o Radar,8,6,6,2,22,0,0,13,9,22,8,6,19,11,44,54,14,68,112
06/04/2023,HLN,MT,ANM,WE,Combination Non-Radar Approach Control & Tower w/o Radar,9,3,5,0,17,0,0,60,24,84,9,3,65,24,101,128,4,132,233
06/05/2023,HLN,MT,ANM,WE,Combination Non-Radar Approach Control & Tower w/o Radar,9,3,5,2,19,0,0,49,23,72,9,3,54,25,91,106,16,122,213
06/06/2023,HLN,MT,ANM,WE,Combination Non-Radar Approach Control & Tower w/o Radar,8,2,7,5,22,0,3,44,6,53,8,5,51,11,75,50,2,52,127
06/07/2023,HLN,MT,ANM,WE,Combination Non-Radar Approach Control & Tower w/o Radar,9,6,8,5,28,0,2,50,13,65,9,8,58,18,93,136,4,140,233
06/08/2023,HLN,MT,ANM,WE,Combination Non-Radar Approach Control & Tower w/o Radar,9,2,3,0,14,0,0,34,4,38,9,2,37,4,52,70,0,70,122
06/09/2023,HLN,MT,ANM,WE,Combination Non-Radar Approach Control & Tower w/o Radar,9,4,11,1,25,0,0,45,8,53,9,4,56,9,78,102,0,102,180
06/10/2023,HLN,MT,ANM,WE,Combination Non-Radar Approach Control & Tower w/o Radar,9,7,1,0,17,0,1,37,6,44,9,8,38,6,61,96,0,96,157
06/11/2023,HLN,MT,ANM,WE,Combination Non-Radar Approach Control & Tower w/o Radar,8,4,4,0,16,1,0,30,4,35,9,4,34,4,51,32,0,32,83
06/12/2023,HLN,MT,ANM,WE,Combination Non-Radar Approach Control & Tower w/o Radar,8,5,7,1,21,0,0,27,12,39,8,5,34,13,60,92,18,110,170
06/13/2023,HLN,MT,ANM,WE,Combination Non-Radar Approach Control & Tower w/o Radar,9,3,10,2,24,0,1,65,18,84,9,4,75,20,108,86,14,100,208
06/14/2023,HLN,MT,ANM,WE,Combination Non-Radar Approach Control & Tower w/o Radar,9,11,9,1,30,0,1,30,6,37,9,12,39,7,67,28,0,28,95
06/15/2023,HLN,MT,ANM,WE,Combination Non-Radar Approach Control & Tower w/o Radar,8,5,5,4,22,0,5,90,18,113,8,10,95,22,135,76,18,94,229
06/16/2023,HLN,MT,ANM,WE,Combination Non-Radar Approach Control & Tower w/o Radar,8,4,0,1,13,0,0,103,2,105,8,4,103,3,118,118,0,118,236
06/17/2023,HLN,MT,ANM,WE,Combination Non-Radar Approach Control & Tower w/o Radar,7,3,0,0,10,0,1,37,0,38,7,4,37,0,48,74,0,74,122
06/18/2023,HLN,MT,ANM,WE,Combination Non-Radar Approach Control & Tower w/o Radar,8,4,4,0,16,0,0,13,0,13,8,4,17,0,29,17,0,17,46
06/19/2023,HLN,MT,ANM,WE,Combination Non-Radar Approach Control & Tower w/o Radar,9,2,11,0,22,0,3,20,0,23,9,5,31,0,45,24,0,24,69
06/20/2023,HLN,MT,ANM,WE,Combination Non-Radar Approach Control & Tower w/o Radar,9,4,5,0,18,0,4,31,12,47,9,8,36,12,65,80,18,98,163
06/21/2023,HLN,MT,ANM,WE,Combination Non-Radar Approach Control & Tower w/o Radar,9,3,7,0,19,0,3,63,0,66,9,6,70,0,85,84,0,84,169
06/22/2023,HLN,MT,ANM,WE,Combination Non-Radar Approach Control & Tower w/o Radar,8,9,9,0,26,0,6,84,15,105,8,15,93,15,131,46,10,56,187
06/23/2023,HLN,MT,ANM,WE,Combination Non-Radar Approach Control & Tower w/o Radar,9,8,8,1,26,0,0,48,4,52,9,8,56,5,78,82,0,82,160
06/24/2023,HLN,MT,ANM,WE,Combination Non-Radar Approach Control & Tower w/o Radar,7,2,1,0,10,0,7,11,1,19,7,9,12,1,29,28,0,28,57
06/25/2023,HLN,MT,ANM,WE,Combination Non-Radar Approach Control & Tower w/o Radar,8,3,6,0,17,0,10,47,0,57,8,13,53,0,74,28,1,29,103
06/26/2023,HLN,MT,ANM,WE,Combination Non-Radar Approach Control & Tower w/o Radar,8,5,4,0,17,0,1,54,4,59,8,6,58,4,76,54,0,54,130
06/27/2023,HLN,MT,ANM,WE,Combination Non-Radar Approach Control & Tower w/o Radar,5,8,3,2,18,0,3,57,12,72,5,11,60,14,90,96,16,112,202
06/28/2023,HLN,MT,ANM,WE,Combination Non-Radar Approach Control & Tower w/o Radar,8,7,9,2,26,0,1,41,16,58,8,8,50,18,84,78,6,84,168
06/29/2023,HLN,MT,ANM,WE,Combination Non-Radar Approach Control & Tower w/o Radar,9,3,2,2,16,0,2,62,17,81,9,5,64,19,97,108,14,122,219
06/30/2023,HLN,MT,ANM,WE,Combination Non-Radar Approach Control & Tower w/o Radar,9,4,3,0,16,0,7,91,8,106,9,11,94,8,122,80,0,80,202
07/01/2023,HLN,MT,ANM,WE,Combination Non-Radar Approach Control & Tower w/o Radar,9,4,3,0,16,0,4,70,0,74,9,8,73,0,90,66,0,66,156
07/02/2023,HLN,MT,ANM,WE,Combination Non-Radar Approach Control & Tower w/o Radar,9,1,0,0,10,0,1,45,0,46,9,2,45,0,56,16,2,18,74
07/03/2023,HLN,MT,ANM,WE,Combination Non-Radar Approach Control & Tower w/o Radar,7,7,3,0,17,0,2,53,0,55,7,9,56,0,72,34,0,34,106
07/04/2023,HLN,MT,ANM,WE,Combination Non-Radar Approach Control & Tower w/o Radar,7,4,6,0,17,0,4,29,0,33,7,8,35,0,50,52,0,52,102
07/05/2023,HLN,MT,ANM,WE,Combination Non-Radar Approach Control & Tower w/o Radar,8,6,4,1,19,0,2,49,6,57,8,8,53,7,76,40,8,48,124
07/06/2023,HLN,MT,ANM,WE,Combination Non-Radar Approach Control & Tower w/o Radar,8,9,7,2,26,0,2,56,13,71,8,11,63,15,97,74,2,76,173
07/07/2023,HLN,MT,ANM,WE,Combination Non-Radar Approach Control & Tower w/o Radar,8,6,8,4,26,0,0,52,3,55,8,6,60,7,81,82,0,82,163
07/08/2023,HLN,MT,ANM,WE,Combination Non-Radar Approach Control & Tower w/o Radar,8,4,4,2,18,0,2,46,6,54,8,6,50,8,72,122,0,122,194
07/09/2023,HLN,MT,ANM,WE,Combination Non-Radar Approach Control & Tower w/o Radar,7,4,3,0,14,0,0,46,0,46,7,4,49,0,60,6,0,6,66
07/10/2023,HLN,MT,ANM,WE,Combination Non-Radar Approach Control & Tower w/o Radar,6,5,5,1,17,0,0,40,12,52,6,5,45,13,69,32,2,34,103
07/11/2023,HLN,MT,ANM,WE,Combination Non-Radar Approach Control & Tower w/o Radar,7,7,5,0,19,0,1,32,29,62,7,8,37,29,81,38,6,44,125
07/12/2023,HLN,MT,ANM,WE,Combination Non-Radar Approach Control & Tower w/o Radar,7,6,10,0,23,0,11,49,24,84,7,17,59,24,107,40,12,52,159
07/13/2023,HLN,MT,ANM,WE,Combination Non-Radar Approach Control & Tower w/o Radar,7,5,9,0,21,0,0,46,13,59,7,5,55,13,80,69,12,81,161
07/14/2023,HLN,MT,ANM,WE,Combination Non-Radar Approach Control & Tower w/o Radar,9,7,2,0,18,0,2,57,8,67,9,9,59,8,85,68,18,86,171
07/15/2023,HLN,MT,ANM,WE,Combination Non-Radar Approach Control & Tower w/o Radar,11,5,1,0,17,0,6,49,5,60,11,11,50,5,77,63,0,63,140
07/16/2023,HLN,MT,ANM,WE,Combination Non-Radar Approach Control & Tower w/o Radar,7,3,1,1,12,0,3,56,0,59,7,6,57,1,71,18,0,18,89
07/17/2023,HLN,MT,ANM,WE,Combination Non-Radar Approach Control & Tower w/o Radar,7,4,6,0,17,0,0,47,21,68,7,4,53,21,85,28,20,48,133
07/18/2023,HLN,MT,ANM,WE,Combination Non-Radar Approach Control & Tower w/o Radar,7,8,18,2,35,0,2,41,23,66,7,10,59,25,101,32,8,40,141
07/19/2023,HLN,MT,ANM,WE,Combination Non-Radar Approach Control & Tower w/o Radar,6,9,17,2,34,0,11,64,7,82,6,20,81,9,116,58,0,58,174
07/20/2023,HLN,MT,ANM,WE,Combination Non-Radar Approach Control & Tower w/o Radar,7,4,13,2,26,1,0,64,14,79,8,4,77,16,105,100,8,108,213
07/21/2023,HLN,MT,ANM,WE,Combination Non-Radar Approach Control & Tower w/o Radar,9,8,5,3,25,9,4,63,7,83,18,12,68,10,108,42,0,42,150
07/22/2023,HLN,MT,ANM,WE,Combination Non-Radar Approach Control & Tower w/o Radar,9,7,2,1,19,3,3,53,0,59,12,10,55,1,78,12,0,12,90
07/23/2023,HLN,MT,ANM,WE,Combination Non-Radar Approach Control & Tower w/o Radar,7,3,5,1,16,2,1,56,1,60,9,4,61,2,76,38,0,38,114
07/24/2023,HLN,MT,ANM,WE,Combination Non-Radar Approach Control & Tower w/o Radar,7,7,10,1,25,0,9,49,2,60,7,16,59,3,85,90,24,114,199
07/25/2023,HLN,MT,ANM,WE,Combination Non-Radar Approach Control & Tower w/o Radar,7,5,11,3,26,0,6,50,14,70,7,11,61,17,96,66,0,66,162
07/26/2023,HLN,MT,ANM,WE,Combination Non-Radar Approach Control & Tower w/o Radar,9,10,4,2,25,2,4,43,16,65,11,14,47,18,90,90,0,90,180
07/27/2023,HLN,MT,ANM,WE,Combination Non-Radar Approach Control & Tower w/o Radar,8,3,5,0,16,2,4,52,13,71,10,7,57,13,87,144,0,144,231
07/28/2023,HLN,MT,ANM,WE,Combination Non-Radar Approach Control & Tower w/o Radar,10,8,3,1,22,0,0,41,6,47,10,8,44,7,69,64,0,64,133
07/29/2023,HLN,MT,ANM,WE,Combination Non-Radar Approach Control & Tower w/o Radar,8,9,3,0,20,0,1,65,0,66,8,10,68,0,86,34,0,34,120
07/30/2023,HLN,MT,ANM,WE,Combination Non-Radar Approach Control & Tower w/o Radar,8,5,2,1,16,4,2,47,0,53,12,7,49,1,69,42,0,42,111
07/31/2023,HLN,MT,ANM,WE,Combination Non-Radar Approach Control & Tower w/o Radar,7,5,0,7,19,5,2,35,17,59,12,7,35,24,78,50,32,82,160
08/01/2023,HLN,MT,ANM,WE,Combination Non-Radar Approach Control & Tower w/o Radar,8,2,2,0,12,18,22,80,19,139,26,24,82,19,151,90,4,94,245
08/02/2023,HLN,MT,ANM,WE,Combination Non-Radar Approach Control & Tower w/o Radar,7,11,5,0,23,9,4,51,3,67,16,15,56,3,90,60,0,60,150
08/03/2023,HLN,MT,ANM,WE,Combination Non-Radar Approach Control & Tower w/o Radar,7,2,6,5,20,2,2,49,7,60,9,4,55,12,80,98,56,154,234
08/04/2023,HLN,MT,ANM,WE,Combination Non-Radar Approach Control & Tower w/o Radar,9,8,9,1,27,0,3,43,7,53,9,11,52,8,80,68,12,80,160
08/05/2023,HLN,MT,ANM,WE,Combination Non-Radar Approach Control & Tower w/o Radar,8,5,5,3,21,2,0,29,3,34,10,5,34,6,55,48,0,48,103
08/06/2023,HLN,MT,ANM,WE,Combination Non-Radar Approach Control & Tower w/o Radar,7,3,1,2,13,0,2,11,0,13,7,5,12,2,26,40,0,40,66
08/07/2023,HLN,MT,ANM,WE,Combination Non-Radar Approach Control & Tower w/o Radar,9,4,4,1,18,0,0,29,4,33,9,4,33,5,51,67,0,67,118
08/08/2023,HLN,MT,ANM,WE,Combination Non-Radar Approach Control & Tower w/o Radar,6,7,6,1,20,0,3,82,7,92,6,10,88,8,112,122,2,124,236
08/09/2023,HLN,MT,ANM,WE,Combination Non-Radar Approach Control & Tower w/o Radar,7,6,6,1,20,0,2,46,5,53,7,8,52,6,73,36,4,40,113
08/10/2023,HLN,MT,ANM,WE,Combination Non-Radar Approach Control & Tower w/o Radar,8,7,2,0,17,0,3,40,10,53,8,10,42,10,70,82,0,82,152
08/11/2023,HLN,MT,ANM,WE,Combination Non-Radar Approach Control & Tower w/o Radar,9,12,4,0,25,0,2,62,6,70,9,14,66,6,95,24,32,56,151
08/12/2023,HLN,MT,ANM,WE,Combination Non-Radar Approach Control & Tower w/o Radar,8,3,7,0,18,0,7,41,1,49,8,10,48,1,67,44,0,44,111
08/13/2023,HLN,MT,ANM,WE,Combination Non-Radar Approach Control & Tower w/o Radar,6,4,1,0,11,0,0,59,0,59,6,4,60,0,70,76,0,76,146
08/14/2023,HLN,MT,ANM,WE,Combination Non-Radar Approach Control & Tower w/o Radar,6,7,2,1,16,0,5,44,17,66,6,12,46,18,82,28,10,38,120
08/15/2023,HLN,MT,ANM,WE,Combination Non-Radar Approach Control & Tower w/o Radar,7,8,14,2,31,0,5,67,8,80,7,13,81,10,111,44,6,50,161
08/16/2023,HLN,MT,ANM,WE,Combination Non-Radar Approach Control & Tower w/o Radar,6,12,13,0,31,0,2,36,8,46,6,14,49,8,77,24,0,24,101
08/17/2023,HLN,MT,ANM,WE,Combination Non-Radar Approach Control & Tower w/o Radar,9,3,16,12,40,1,1,35,8,45,10,4,51,20,85,54,9,63,148
08/18/2023,HLN,MT,ANM,WE,Combination Non-Radar Approach Control & Tower w/o Radar,6,4,4,0,14,0,0,27,2,29,6,4,31,2,43,22,2,24,67
08/19/2023,HLN,MT,ANM,WE,Combination Non-Radar Approach Control & Tower w/o Radar,10,7,5,1,23,0,1,24,1,26,10,8,29,2,49,117,0,117,166
08/20/2023,HLN,MT,ANM,WE,Combination Non-Radar Approach Control & Tower w/o Radar,7,11,2,0,20,0,0,15,0,15,7,11,17,0,35,14,0,14,49
08/21/2023,HLN,MT,ANM,WE,Combination Non-Radar Approach Control & Tower w/o Radar,7,6,8,0,21,0,0,11,3,14,7,6,19,3,35,32,12,44,79
08/22/2023,HLN,MT,ANM,WE,Combination Non-Radar Approach Control & Tower w/o Radar,6,7,5,0,18,0,2,26,13,41,6,9,31,13,59,46,0,46,105
08/23/2023,HLN,MT,ANM,WE,Combination Non-Radar Approach Control & Tower w/o Radar,8,10,8,0,26,0,3,47,12,62,8,13,55,12,88,38,0,38,126
08/24/2023,HLN,MT,ANM,WE,Combination Non-Radar Approach Control & Tower w/o Radar,10,5,13,8,36,0,0,42,7,49,10,5,55,15,85,54,0,54,139
08/25/2023,HLN,MT,ANM,WE,Combination Non-Radar Approach Control & Tower w/o Radar,9,7,9,2,27,0,0,56,6,62,9,7,65,8,89,32,2,34,123
08/26/2023,HLN,MT,ANM,WE,Combination Non-Radar Approach Control & Tower w/o Radar,9,4,2,0,15,0,0,61,2,63,9,4,63,2,78,90,0,90,168
08/27/2023,HLN,MT,ANM,WE,Combination Non-Radar Approach Control & Tower w/o Radar,6,3,4,0,13,0,1,58,0,59,6,4,62,0,72,30,0,30,102
08/28/2023,HLN,MT,ANM,WE,Combination Non-Radar Approach Control & Tower w/o Radar,7,5,5,2,19,0,0,68,14,82,7,5,73,16,101,32,20,52,153
08/29/2023,HLN,MT,ANM,WE,Combination Non-Radar Approach Control & Tower w/o Radar,8,5,5,1,19,0,0,45,12,57,8,5,50,13,76,60,10,70,146
08/30/2023,HLN,MT,ANM,WE,Combination Non-Radar Approach Control & Tower w/o Radar,8,8,10,1,27,0,0,18,9,27,8,8,28,10,54,12,12,24,78
08/31/2023,HLN,MT,ANM,WE,Combination Non-Radar Approach Control & Tower w/o Radar,8,3,10,2,23,0,2,52,15,69,8,5,62,17,92,88,18,106,198
