01/01/2000,HNL,HI,AWP,WE,Towers with Radar,423,25,27,1,476,73,13,81,0,167,496,38,108,1,643,0,0,0,643
01/02/2000,HNL,HI,AWP,WE,Towers with Radar,547,31,35,13,626,61,37,209,0,307,608,68,244,13,933,2,0,2,935
01/03/2000,HNL,HI,AWP,WE,Towers with Radar,579,32,37,35,683,10,83,188,8,289,589,115,225,43,972,20,0,20,992
01/04/2000,HNL,HI,AWP,WE,Towers with Radar,505,35,40,33,613,0,55,112,0,167,505,90,152,33,780,14,0,14,794
01/05/2000,HNL,HI,AWP,WE,Towers with Radar,603,34,38,37,712,0,55,164,10,229,603,89,202,47,941,28,10,38,979
01/06/2000,HNL,HI,AWP,WE,Towers with Radar,562,32,36,35,665,0,32,167,1,200,562,64,203,36,865,70,2,72,937
01/07/2000,HNL,HI,AWP,WE,Towers with Radar,586,32,37,35,690,15,59,176,4,254,601,91,213,39,944,58,22,80,1024
01/08/2000,HNL,HI,AWP,WE,Towers with Radar,566,32,36,35,669,0,61,124,16,201,566,93,160,51,870,14,10,24,894
01/09/2000,HNL,HI,AWP,WE,Towers with Radar,538,30,33,32,633,6,35,162,2,205,544,65,195,34,838,20,14,34,872
01/10/2000,HNL,HI,AWP,WE,Towers with Radar,569,32,36,28,665,0,58,171,0,229,569,90,207,28,894,40,4,44,938
01/11/2000,HNL,HI,AWP,WE,Towers with Radar,586,34,38,37,695,0,31,209,6,246,586,65,247,43,941,22,2,24,965
01/12/2000,HNL,HI,AWP,WE,Towers with Radar,562,33,37,36,668,0,43,154,6,203,562,76,191,42,871,4,0,4,875
01/13/2000,HNL,HI,AWP,WE,Towers with Radar,549,33,37,36,655,0,85,163,20,268,549,118,200,56,923,10,4,14,937
01/14/2000,HNL,HI,AWP,WE,Towers with Radar,579,33,37,36,685,0,38,225,31,294,579,71,262,67,979,22,2,24,1003
01/15/2000,HNL,HI,AWP,WE,Towers with Radar,557,31,36,33,657,0,21,89,0,110,557,52,125,33,767,18,2,20,787
01/16/2000,HNL,HI,AWP,WE,Towers with Radar,534,30,34,32,630,16,13,130,1,160,550,43,164,33,790,18,0,18,808
01/17/2000,HNL,HI,AWP,WE,Towers with Radar,570,32,37,22,661,10,59,157,0,226,580,91,194,22,887,26,0,26,913
01/18/2000,HNL,HI,AWP,WE,Towers with Radar,578,33,38,35,684,0,34,152,19,205,578,67,190,54,889,32,0,32,921
01/19/2000,HNL,HI,AWP,WE,Towers with Radar,571,33,38,36,678,0,27,67,6,100,571,60,105,42,778,0,6,6,784
01/20/2000,HNL,HI,AWP,WE,Towers with Radar,567,35,41,38,681,0,46,91,19,156,567,81,132,57,837,10,6,16,853
01/21/2000,HNL,HI,AWP,WE,Towers with Radar,582,34,39,37,692,0,52,110,14,176,582,86,149,51,868,36,0,36,904
01/22/2000,HNL,HI,AWP,WE,Towers with Radar,551,21,50,22,644,0,37,130,1,168,551,58,180,23,812,6,0,6,818
01/23/2000,HNL,HI,AWP,WE,Towers with Radar,542,30,35,17,624,5,17,210,0,232,547,47,245,17,856,22,2,24,880
01/24/2000,HNL,HI,AWP,WE,Towers with Radar,530,30,34,32,626,18,95,213,1,327,548,125,247,33,953,38,2,40,993
01/25/2000,HNL,HI,AWP,WE,Towers with Radar,548,27,17,30,622,29,54,263,17,363,577,81,280,47,985,62,0,62,1047
01/26/2000,HNL,HI,AWP,WE,Towers with Radar,548,32,36,34,650,0,63,46,4,113,548,95,82,38,763,4,0,4,767
01/27/2000,HNL,HI,AWP,WE,Towers with Radar,562,32,36,34,664,25,41,129,16,211,587,73,165,50,875,24,0,24,899
01/28/2000,HNL,HI,AWP,WE,Towers with Radar,610,35,40,38,723,0,80,160,17,257,610,115,200,55,980,10,4,14,994
01/29/2000,HNL,HI,AWP,WE,Towers with Radar,546,31,35,21,633,12,21,209,0,242,558,52,244,21,875,26,4,30,905
01/30/2000,HNL,HI,AWP,WE,Towers with Radar,502,28,32,20,582,44,19,163,0,226,546,47,195,20,808,14,0,14,822
01/31/2000,HNL,HI,AWP,WE,Towers with Radar,545,31,35,33,644,17,67,158,10,252,562,98,193,43,896,16,0,16,912
02/01/2000,HNL,HI,AWP,WE,Towers with Radar,535,28,34,37,634,14,62,166,14,256,549,90,200,51,890,8,6,14,904
02/02/2000,HNL,HI,AWP,WE,Towers with Radar,522,27,33,33,615,32,69,143,0,244,554,96,176,33,859,4,2,6,865
02/03/2000,HNL,HI,AWP,WE,Towers with Radar,556,30,37,40,663,0,73,229,17,319,556,103,266,57,982,32,0,32,1014
02/04/2000,HNL,HI,AWP,WE,Towers with Radar,566,30,37,40,673,0,106,207,13,326,566,136,244,53,999,12,2,14,1013
02/05/2000,HNL,HI,AWP,WE,Towers with Radar,555,29,35,39,658,5,52,193,19,269,560,81,228,58,927,40,2,42,969
02/06/2000,HNL,HI,AWP,WE,Towers with Radar,517,27,33,23,600,42,31,158,0,231,559,58,191,23,831,20,2,22,853
02/07/2000,HNL,HI,AWP,WE,Towers with Radar,560,29,36,29,654,1,90,204,0,295,561,119,240,29,949,46,0,46,995
02/08/2000,HNL,HI,AWP,WE,Towers with Radar,560,31,38,42,671,0,61,208,15,284,560,92,246,57,955,34,0,34,989
02/09/2000,HNL,HI,AWP,WE,Towers with Radar,549,30,34,39,652,7,78,185,5,275,556,108,219,44,927,6,4,10,937
02/10/2000,HNL,HI,AWP,WE,Towers with Radar,580,31,36,41,688,0,37,106,17,160,580,68,142,58,848,14,2,16,864
02/11/2000,HNL,HI,AWP,WE,Towers with Radar,519,35,40,46,640,0,56,236,15,307,519,91,276,61,947,4,0,4,951
02/12/2000,HNL,HI,AWP,WE,Towers with Radar,536,29,33,32,630,45,29,217,0,291,581,58,250,32,921,2,0,2,923
02/13/2000,HNL,HI,AWP,WE,Towers with Radar,509,27,31,29,596,28,45,195,0,268,537,72,226,29,864,12,0,12,876
02/14/2000,HNL,HI,AWP,WE,Towers with Radar,535,29,33,37,634,10,28,58,0,96,545,57,91,37,730,16,0,16,746
02/15/2000,HNL,HI,AWP,WE,Towers with Radar,567,32,36,41,676,0,55,228,19,302,567,87,264,60,978,18,0,18,996
02/16/2000,HNL,HI,AWP,WE,Towers with Radar,548,32,37,42,659,0,78,167,14,259,548,110,204,56,918,8,4,12,930
02/17/2000,HNL,HI,AWP,WE,Towers with Radar,580,34,39,44,697,0,41,216,15,272,580,75,255,59,969,16,6,22,991
02/18/2000,HNL,HI,AWP,WE,Towers with Radar,611,33,38,31,713,18,38,229,0,285,629,71,267,31,998,32,4,36,1034
02/19/2000,HNL,HI,AWP,WE,Towers with Radar,553,30,34,39,656,50,27,98,0,175,603,57,132,39,831,6,0,6,837
02/20/2000,HNL,HI,AWP,WE,Towers with Radar,515,28,32,36,611,25,37,193,5,260,540,65,225,41,871,10,4,14,885
02/21/2000,HNL,HI,AWP,WE,Towers with Radar,558,30,36,30,654,18,67,187,0,272,576,97,223,30,926,4,4,8,934
02/22/2000,HNL,HI,AWP,WE,Towers with Radar,564,33,39,43,679,0,48,258,14,320,564,81,297,57,999,70,6,76,1075
02/23/2000,HNL,HI,AWP,WE,Towers with Radar,589,32,38,41,700,0,56,187,2,245,589,88,225,43,945,6,0,6,951
02/24/2000,HNL,HI,AWP,WE,Towers with Radar,579,34,41,45,699,0,57,221,6,284,579,91,262,51,983,40,0,40,1023
02/25/2000,HNL,HI,AWP,WE,Towers with Radar,591,31,38,40,700,0,89,196,0,285,591,120,234,40,985,18,2,20,1005
02/26/2000,HNL,HI,AWP,WE,Towers with Radar,541,28,34,31,634,37,41,169,0,247,578,69,203,31,881,40,0,40,921
02/27/2000,HNL,HI,AWP,WE,Towers with Radar,515,27,33,34,609,33,29,188,0,250,548,56,221,34,859,20,0,20,879
02/28/2000,HNL,HI,AWP,WE,Towers with Radar,555,29,35,38,657,6,75,165,11,257,561,104,200,49,914,54,0,54,968
02/29/2000,HNL,HI,AWP,WE,Towers with Radar,564,30,36,39,669,0,54,186,18,258,564,84,222,57,927,30,6,36,963
03/01/2000,HNL,HI,AWP,WE,Towers with Radar,579,32,41,51,703,0,62,210,0,272,579,94,251,51,975,8,0,8,983
03/02/2000,HNL,HI,AWP,WE,Towers with Radar,578,33,40,50,701,0,67,237,10,314,578,100,277,60,1015,46,0,46,1061
03/03/2000,HNL,HI,AWP,WE,Towers with Radar,588,33,41,52,714,0,54,200,19,273,588,87,241,71,987,38,0,38,1025
03/04/2000,HNL,HI,AWP,WE,Towers with Radar,582,32,39,49,702,9,27,199,42,277,591,59,238,91,979,24,0,24,1003
03/05/2000,HNL,HI,AWP,WE,Towers with Radar,495,27,33,35,590,30,21,187,0,238,525,48,220,35,828,0,0,0,828
03/06/2000,HNL,HI,AWP,WE,Towers with Radar,562,31,38,44,675,0,98,197,0,295,562,129,235,44,970,4,0,4,974
03/07/2000,HNL,HI,AWP,WE,Towers with Radar,563,32,40,50,685,0,60,205,4,269,563,92,245,54,954,6,0,6,960
03/08/2000,HNL,HI,AWP,WE,Towers with Radar,548,30,37,46,661,29,62,181,4,276,577,92,218,50,937,12,0,12,949
03/09/2000,HNL,HI,AWP,WE,Towers with Radar,571,31,38,48,688,4,49,230,13,296,575,80,268,61,984,24,4,28,1012
03/10/2000,HNL,HI,AWP,WE,Towers with Radar,594,32,40,50,716,0,76,218,1,295,594,108,258,51,1011,42,4,46,1057
03/11/2000,HNL,HI,AWP,WE,Towers with Radar,558,30,38,43,669,26,36,223,0,285,584,66,261,43,954,20,0,20,974
03/12/2000,HNL,HI,AWP,WE,Towers with Radar,522,28,36,43,629,26,24,196,6,252,548,52,232,49,881,34,0,34,915
03/13/2000,HNL,HI,AWP,WE,Towers with Radar,570,31,39,47,687,16,68,208,0,292,586,99,247,47,979,54,0,54,1033
03/14/2000,HNL,HI,AWP,WE,Towers with Radar,546,30,38,45,659,18,76,210,3,307,564,106,248,48,966,20,0,20,986
03/15/2000,HNL,HI,AWP,WE,Towers with Radar,578,31,40,48,697,5,64,246,10,325,583,95,286,58,1022,14,0,14,1036
03/16/2000,HNL,HI,AWP,WE,Towers with Radar,566,33,41,50,690,0,31,133,9,173,566,64,174,59,863,48,0,48,911
03/17/2000,HNL,HI,AWP,WE,Towers with Radar,507,32,42,50,631,0,82,208,38,328,507,114,250,88,959,6,0,6,965
03/18/2000,HNL,HI,AWP,WE,Towers with Radar,544,28,37,44,653,41,29,185,0,255,585,57,222,44,908,6,0,6,914
03/19/2000,HNL,HI,AWP,WE,Towers with Radar,502,26,35,21,584,46,29,155,0,230,548,55,190,21,814,8,0,8,822
03/20/2000,HNL,HI,AWP,WE,Towers with Radar,540,28,37,30,635,25,67,180,0,272,565,95,217,30,907,34,6,40,947
03/21/2000,HNL,HI,AWP,WE,Towers with Radar,561,32,42,51,686,0,51,150,23,224,561,83,192,74,910,56,2,58,968
03/22/2000,HNL,HI,AWP,WE,Towers with Radar,568,30,39,47,684,0,33,98,9,140,568,63,137,56,824,28,2,30,854
03/23/2000,HNL,HI,AWP,WE,Towers with Radar,578,31,41,49,699,0,61,198,8,267,578,92,239,57,966,28,10,38,1004
03/24/2000,HNL,HI,AWP,WE,Towers with Radar,615,32,42,38,727,16,74,206,0,296,631,106,248,38,1023,6,0,6,1029
03/25/2000,HNL,HI,AWP,WE,Towers with Radar,589,31,40,43,703,20,37,193,0,250,609,68,233,43,953,8,0,8,961
03/26/2000,HNL,HI,AWP,WE,Towers with Radar,549,29,38,37,653,37,52,152,0,241,586,81,190,37,894,0,0,0,894
03/27/2000,HNL,HI,AWP,WE,Towers with Radar,568,31,42,50,691,0,62,107,4,173,568,93,149,54,864,4,2,6,870
03/28/2000,HNL,HI,AWP,WE,Towers with Radar,569,32,42,50,693,0,42,217,22,281,569,74,259,72,974,10,2,12,986
03/29/2000,HNL,HI,AWP,WE,Towers with Radar,583,32,40,49,704,0,58,189,12,259,583,90,229,61,963,52,10,62,1025
03/30/2000,HNL,HI,AWP,WE,Towers with Radar,571,31,38,48,688,12,63,143,13,231,583,94,181,61,919,26,10,36,955
03/31/2000,HNL,HI,AWP,WE,Towers with Radar,607,33,41,47,728,0,49,68,0,117,607,82,109,47,845,6,2,8,853
04/01/2000,HNL,HI,AWP,WE,Towers with Radar,578,33,41,35,687,17,19,56,15,107,595,52,97,50,794,4,0,4,798
04/02/2000,HNL,HI,AWP,WE,Towers with Radar,528,30,38,22,618,42,34,12,0,88,570,64,50,22,706,14,0,14,720
04/03/2000,HNL,HI,AWP,WE,Towers with Radar,534,30,38,24,626,4,64,43,0,111,538,94,81,24,737,4,0,4,741
04/04/2000,HNL,HI,AWP,WE,Towers with Radar,590,33,42,36,701,26,45,35,3,109,616,78,77,39,810,20,0,20,830
04/05/2000,HNL,HI,AWP,WE,Towers with Radar,568,33,42,36,679,0,61,80,12,153,568,94,122,48,832,12,0,12,844
04/06/2000,HNL,HI,AWP,WE,Towers with Radar,621,37,47,39,744,0,67,239,19,325,621,104,286,58,1069,32,0,32,1101
04/07/2000,HNL,HI,AWP,WE,Towers with Radar,569,32,41,21,663,19,80,176,0,275,588,112,217,21,938,12,0,12,950
04/08/2000,HNL,HI,AWP,WE,Towers with Radar,563,32,40,23,658,28,34,136,0,198,591,66,176,23,856,10,0,10,866
04/09/2000,HNL,HI,AWP,WE,Towers with Radar,543,31,39,24,637,13,36,172,0,221,556,67,211,24,858,20,0,20,878
04/10/2000,HNL,HI,AWP,WE,Towers with Radar,564,32,40,28,664,10,72,131,0,213,574,104,171,28,877,26,0,26,903
04/11/2000,HNL,HI,AWP,WE,Towers with Radar,570,33,41,35,679,0,41,154,2,197,570,74,195,37,876,24,0,24,900
04/12/2000,HNL,HI,AWP,WE,Towers with Radar,551,31,39,33,654,6,60,165,9,240,557,91,204,42,894,24,0,24,918
04/13/2000,HNL,HI,AWP,WE,Towers with Radar,562,34,43,35,674,0,86,251,15,352,562,120,294,50,1026,40,0,40,1066
04/14/2000,HNL,HI,AWP,WE,Towers with Radar,588,34,44,35,701,0,63,218,3,284,588,97,262,38,985,26,2,28,1013
04/15/2000,HNL,HI,AWP,WE,Towers with Radar,537,29,39,21,626,35,14,202,0,251,572,43,241,21,877,10,0,10,887
04/16/2000,HNL,HI,AWP,WE,Towers with Radar,526,29,38,24,617,11,37,165,0,213,537,66,203,24,830,42,0,42,872
04/17/2000,HNL,HI,AWP,WE,Towers with Radar,556,31,42,25,654,0,67,168,0,235,556,98,210,25,889,0,0,0,889
04/18/2000,HNL,HI,AWP,WE,Towers with Radar,555,33,44,35,667,0,41,216,14,271,555,74,260,49,938,18,4,22,960
04/19/2000,HNL,HI,AWP,WE,Towers with Radar,565,32,42,34,673,0,50,239,20,309,565,82,281,54,982,34,0,34,1016
04/20/2000,HNL,HI,AWP,WE,Towers with Radar,564,32,43,34,673,0,47,205,17,269,564,79,248,51,942,4,6,10,952
04/21/2000,HNL,HI,AWP,WE,Towers with Radar,574,32,43,35,684,0,64,223,7,294,574,96,266,42,978,20,0,20,998
04/22/2000,HNL,HI,AWP,WE,Towers with Radar,524,29,38,28,619,33,23,204,0,260,557,52,242,28,879,14,0,14,893
04/23/2000,HNL,HI,AWP,WE,Towers with Radar,517,28,38,19,602,39,47,169,0,255,556,75,207,19,857,0,0,0,857
04/24/2000,HNL,HI,AWP,WE,Towers with Radar,585,32,43,23,683,12,81,157,0,250,597,113,200,23,933,14,0,14,947
04/25/2000,HNL,HI,AWP,WE,Towers with Radar,569,33,43,35,680,0,39,158,24,221,569,72,201,59,901,34,4,38,939
04/26/2000,HNL,HI,AWP,WE,Towers with Radar,559,32,42,34,667,0,50,134,13,197,559,82,176,47,864,6,6,12,876
04/27/2000,HNL,HI,AWP,WE,Towers with Radar,552,34,45,36,667,0,42,217,20,279,552,76,262,56,946,20,6,26,972
04/28/2000,HNL,HI,AWP,WE,Towers with Radar,597,33,44,35,709,1,80,186,5,272,598,113,230,40,981,24,4,28,1009
04/29/2000,HNL,HI,AWP,WE,Towers with Radar,548,30,40,20,638,24,54,208,0,286,572,84,248,20,924,26,0,26,950
04/30/2000,HNL,HI,AWP,WE,Towers with Radar,560,32,40,34,666,0,66,164,7,237,560,98,204,41,903,24,0,24,927
05/01/2000,HNL,HI,AWP,WE,Towers with Radar,552,32,41,41,666,0,85,170,1,256,552,117,211,42,922,54,0,54,976
05/02/2000,HNL,HI,AWP,WE,Towers with Radar,558,32,43,41,674,0,58,237,3,298,558,90,280,44,972,20,0,20,992
05/03/2000,HNL,HI,AWP,WE,Towers with Radar,563,33,43,41,680,0,52,233,12,297,563,85,276,53,977,52,0,52,1029
05/04/2000,HNL,HI,AWP,WE,Towers with Radar,574,34,44,42,694,0,42,206,12,260,574,76,250,54,954,18,6,24,978
05/05/2000,HNL,HI,AWP,WE,Towers with Radar,590,32,43,41,706,10,67,215,0,292,600,99,258,41,998,62,0,62,1060
05/06/2000,HNL,HI,AWP,WE,Towers with Radar,563,31,41,40,675,24,28,203,7,262,587,59,244,47,937,14,0,14,951
05/07/2000,HNL,HI,AWP,WE,Towers with Radar,515,27,37,32,611,34,63,111,0,208,549,90,148,32,819,10,0,10,829
05/08/2000,HNL,HI,AWP,WE,Towers with Radar,543,29,39,27,638,4,96,170,0,270,547,125,209,27,908,38,0,38,946
05/09/2000,HNL,HI,AWP,WE,Towers with Radar,494,31,40,40,605,0,90,215,19,324,494,121,255,59,929,20,6,26,955
05/10/2000,HNL,HI,AWP,WE,Towers with Radar,553,31,40,40,664,0,44,198,3,245,553,75,238,43,909,52,2,54,963
05/11/2000,HNL,HI,AWP,WE,Towers with Radar,574,33,42,42,691,0,58,198,1,257,574,91,240,43,948,40,0,40,988
05/12/2000,HNL,HI,AWP,WE,Towers with Radar,588,33,43,41,705,0,82,173,0,255,588,115,216,41,960,60,0,60,1020
05/13/2000,HNL,HI,AWP,WE,Towers with Radar,527,30,37,20,614,29,37,163,0,229,556,67,200,20,843,22,0,22,865
05/14/2000,HNL,HI,AWP,WE,Towers with Radar,484,27,34,22,567,61,65,103,0,229,545,92,137,22,796,4,0,4,800
05/15/2000,HNL,HI,AWP,WE,Towers with Radar,527,31,39,38,635,0,85,167,23,275,527,116,206,61,910,32,0,32,942
05/16/2000,HNL,HI,AWP,WE,Towers with Radar,573,35,45,44,697,0,63,191,7,261,573,98,236,51,958,18,8,26,984
05/17/2000,HNL,HI,AWP,WE,Towers with Radar,532,30,38,37,637,0,79,201,3,283,532,109,239,40,920,6,2,8,928
05/18/2000,HNL,HI,AWP,WE,Towers with Radar,540,33,41,40,654,0,58,242,11,311,540,91,283,51,965,26,0,26,991
05/19/2000,HNL,HI,AWP,WE,Towers with Radar,591,33,42,41,707,4,78,135,8,225,595,111,177,49,932,30,4,34,966
05/20/2000,HNL,HI,AWP,WE,Towers with Radar,532,30,38,23,623,46,36,219,0,301,578,66,257,23,924,18,0,18,942
05/21/2000,HNL,HI,AWP,WE,Towers with Radar,513,29,36,32,610,24,62,161,0,247,537,91,197,32,857,2,0,2,859
05/22/2000,HNL,HI,AWP,WE,Towers with Radar,501,28,36,19,584,30,116,158,0,304,531,144,194,19,888,6,2,8,896
05/23/2000,HNL,HI,AWP,WE,Towers with Radar,532,32,20,14,598,37,64,218,44,363,569,96,238,58,961,4,2,6,967
05/24/2000,HNL,HI,AWP,WE,Towers with Radar,545,32,40,39,656,0,49,202,31,282,545,81,242,70,938,32,2,34,972
05/25/2000,HNL,HI,AWP,WE,Towers with Radar,557,32,40,39,668,0,60,223,15,298,557,92,263,54,966,18,0,18,984
05/26/2000,HNL,HI,AWP,WE,Towers with Radar,571,32,40,39,682,17,83,194,26,320,588,115,234,65,1002,6,0,6,1008
05/27/2000,HNL,HI,AWP,WE,Towers with Radar,501,28,36,23,588,69,30,156,0,255,570,58,192,23,843,4,0,4,847
05/28/2000,HNL,HI,AWP,WE,Towers with Radar,512,29,36,35,612,24,48,119,5,196,536,77,155,40,808,28,0,28,836
05/29/2000,HNL,HI,AWP,WE,Towers with Radar,524,30,37,24,615,55,46,167,0,268,579,76,204,24,883,32,0,32,915
05/30/2000,HNL,HI,AWP,WE,Towers with Radar,539,32,41,40,652,0,51,218,17,286,539,83,259,57,938,44,2,46,984
05/31/2000,HNL,HI,AWP,WE,Towers with Radar,557,32,40,39,668,0,49,190,21,260,557,81,230,60,928,14,0,14,942
06/01/2000,HNL,HI,AWP,WE,Towers with Radar,537,28,40,51,656,19,50,250,9,328,556,78,290,60,984,22,20,42,1026
06/02/2000,HNL,HI,AWP,WE,Towers with Radar,557,30,41,53,681,10,98,212,1,321,567,128,253,54,1002,4,0,4,1006
06/03/2000,HNL,HI,AWP,WE,Towers with Radar,533,28,39,51,651,39,39,194,1,273,572,67,233,52,924,24,0,24,948
06/04/2000,HNL,HI,AWP,WE,Towers with Radar,510,27,37,33,607,40,64,149,0,253,550,91,186,33,860,12,0,12,872
06/05/2000,HNL,HI,AWP,WE,Towers with Radar,553,30,41,39,663,16,74,173,0,263,569,104,214,39,926,44,4,48,974
06/06/2000,HNL,HI,AWP,WE,Towers with Radar,565,31,43,57,696,0,95,205,13,313,565,126,248,70,1009,20,10,30,1039
06/07/2000,HNL,HI,AWP,WE,Towers with Radar,564,33,46,61,704,0,50,255,27,332,564,83,301,88,1036,26,6,32,1068
06/08/2000,HNL,HI,AWP,WE,Towers with Radar,545,29,40,54,668,0,58,193,16,267,545,87,233,70,935,14,0,14,949
06/09/2000,HNL,HI,AWP,WE,Towers with Radar,594,32,44,58,728,2,98,206,8,314,596,130,250,66,1042,18,2,20,1062
06/10/2000,HNL,HI,AWP,WE,Towers with Radar,527,28,39,45,639,56,33,196,0,285,583,61,235,45,924,8,2,10,934
06/11/2000,HNL,HI,AWP,WE,Towers with Radar,507,27,37,49,620,52,42,127,0,221,559,69,164,49,841,4,0,4,845
06/12/2000,HNL,HI,AWP,WE,Towers with Radar,555,30,41,54,680,2,75,167,0,244,557,105,208,54,924,38,0,38,962
06/13/2000,HNL,HI,AWP,WE,Towers with Radar,544,29,40,53,666,6,57,225,12,300,550,86,265,65,966,4,6,10,976
06/14/2000,HNL,HI,AWP,WE,Towers with Radar,528,29,40,54,651,0,56,209,21,286,528,85,249,75,937,26,0,26,963
06/15/2000,HNL,HI,AWP,WE,Towers with Radar,561,31,42,56,690,0,93,193,3,289,561,124,235,59,979,14,0,14,993
06/16/2000,HNL,HI,AWP,WE,Towers with Radar,575,31,44,56,706,0,83,222,12,317,575,114,266,68,1023,10,0,10,1033
06/17/2000,HNL,HI,AWP,WE,Towers with Radar,521,28,39,36,624,47,27,219,0,293,568,55,258,36,917,24,0,24,941
06/18/2000,HNL,HI,AWP,WE,Towers with Radar,514,26,39,49,628,54,60,147,1,262,568,86,186,50,890,4,0,4,894
06/19/2000,HNL,HI,AWP,WE,Towers with Radar,545,29,42,53,669,0,76,183,26,285,545,105,225,79,954,26,0,26,980
06/20/2000,HNL,HI,AWP,WE,Towers with Radar,550,32,47,59,688,0,83,229,43,355,550,115,276,102,1043,18,0,18,1061
06/21/2000,HNL,HI,AWP,WE,Towers with Radar,541,31,45,57,674,0,86,258,31,375,541,117,303,88,1049,38,4,42,1091
06/22/2000,HNL,HI,AWP,WE,Towers with Radar,548,31,45,57,681,0,70,301,24,395,548,101,346,81,1076,32,4,36,1112
06/23/2000,HNL,HI,AWP,WE,Towers with Radar,598,32,47,60,737,0,96,299,31,426,598,128,346,91,1163,30,4,34,1197
06/24/2000,HNL,HI,AWP,WE,Towers with Radar,569,30,43,55,697,0,12,247,25,284,569,42,290,80,981,16,0,16,997
06/25/2000,HNL,HI,AWP,WE,Towers with Radar,558,29,43,54,684,0,32,196,20,248,558,61,239,74,932,4,0,4,936
06/26/2000,HNL,HI,AWP,WE,Towers with Radar,522,27,39,50,638,16,73,212,27,328,538,100,251,77,966,44,4,48,1014
06/27/2000,HNL,HI,AWP,WE,Towers with Radar,557,31,45,57,690,0,80,232,12,324,557,111,277,69,1014,4,0,4,1018
06/28/2000,HNL,HI,AWP,WE,Towers with Radar,559,30,43,55,687,0,73,232,2,307,559,103,275,57,994,26,4,30,1024
06/29/2000,HNL,HI,AWP,WE,Towers with Radar,529,27,40,42,638,27,86,202,0,315,556,113,242,42,953,16,2,18,971
06/30/2000,HNL,HI,AWP,WE,Towers with Radar,539,28,40,19,626,54,91,218,0,363,593,119,258,19,989,12,0,12,1001
07/01/2000,HNL,HI,AWP,WE,Towers with Radar,528,29,33,15,605,49,45,214,0,308,577,74,247,15,913,4,0,4,917
07/02/2000,HNL,HI,AWP,WE,Towers with Radar,501,27,31,24,583,49,39,144,0,232,550,66,175,24,815,2,2,4,819
07/03/2000,HNL,HI,AWP,WE,Towers with Radar,556,31,33,35,655,13,82,218,10,323,569,113,251,45,978,28,2,30,1008
07/04/2000,HNL,HI,AWP,WE,Towers with Radar,519,29,31,13,592,27,28,168,0,223,546,57,199,13,815,28,0,28,843
07/05/2000,HNL,HI,AWP,WE,Towers with Radar,569,33,35,37,674,0,63,193,15,271,569,96,228,52,945,6,2,8,953
07/06/2000,HNL,HI,AWP,WE,Towers with Radar,550,34,36,38,658,0,58,236,17,311,550,92,272,55,969,44,0,44,1013
07/07/2000,HNL,HI,AWP,WE,Towers with Radar,579,34,36,38,687,0,77,230,6,313,579,111,266,44,1000,28,2,30,1030
07/08/2000,HNL,HI,AWP,WE,Towers with Radar,549,31,33,35,648,24,31,183,5,243,573,62,216,40,891,14,0,14,905
07/09/2000,HNL,HI,AWP,WE,Towers with Radar,544,31,33,28,636,24,43,204,0,271,568,74,237,28,907,8,0,8,915
07/10/2000,HNL,HI,AWP,WE,Towers with Radar,518,31,32,35,616,0,68,194,11,273,518,99,226,46,889,30,6,36,925
07/11/2000,HNL,HI,AWP,WE,Towers with Radar,569,33,35,37,674,0,75,197,18,290,569,108,232,55,964,14,8,22,986
07/12/2000,HNL,HI,AWP,WE,Towers with Radar,562,32,34,36,664,0,50,270,11,331,562,82,304,47,995,34,0,34,1029
07/13/2000,HNL,HI,AWP,WE,Towers with Radar,567,32,34,36,669,0,68,232,12,312,567,100,266,48,981,24,0,24,1005
07/14/2000,HNL,HI,AWP,WE,Towers with Radar,554,31,33,35,653,17,57,272,7,353,571,88,305,42,1006,16,6,22,1028
07/15/2000,HNL,HI,AWP,WE,Towers with Radar,569,32,34,36,671,15,35,235,6,291,584,67,269,42,962,24,0,24,986
07/16/2000,HNL,HI,AWP,WE,Towers with Radar,536,30,32,22,620,39,47,165,0,251,575,77,197,22,871,10,0,10,881
07/17/2000,HNL,HI,AWP,WE,Towers with Radar,571,33,35,37,676,0,90,202,12,304,571,123,237,49,980,38,0,38,1018
07/18/2000,HNL,HI,AWP,WE,Towers with Radar,578,35,38,38,689,0,91,248,5,344,578,126,286,43,1033,8,0,8,1041
07/19/2000,HNL,HI,AWP,WE,Towers with Radar,565,35,38,38,676,0,50,232,18,300,565,85,270,56,976,0,0,0,976
07/20/2000,HNL,HI,AWP,WE,Towers with Radar,573,33,38,38,682,0,85,166,11,262,573,118,204,49,944,12,0,12,956
07/21/2000,HNL,HI,AWP,WE,Towers with Radar,580,34,38,38,690,0,93,276,14,383,580,127,314,52,1073,6,0,6,1079
07/22/2000,HNL,HI,AWP,WE,Towers with Radar,552,30,34,31,647,11,48,224,0,283,563,78,258,31,930,10,0,10,940
07/23/2000,HNL,HI,AWP,WE,Towers with Radar,520,28,32,32,612,20,62,168,1,251,540,90,200,33,863,0,0,0,863
07/24/2000,HNL,HI,AWP,WE,Towers with Radar,569,31,35,31,666,8,89,132,0,229,577,120,167,31,895,42,0,42,937
07/25/2000,HNL,HI,AWP,WE,Towers with Radar,563,33,37,37,670,0,82,129,14,225,563,115,166,51,895,40,0,40,935
07/26/2000,HNL,HI,AWP,WE,Towers with Radar,545,31,35,35,646,0,74,186,5,265,545,105,221,40,911,34,4,38,949
07/27/2000,HNL,HI,AWP,WE,Towers with Radar,568,32,36,36,672,0,46,188,5,239,568,78,224,41,911,8,4,12,923
07/28/2000,HNL,HI,AWP,WE,Towers with Radar,582,32,36,36,686,10,51,191,0,252,592,83,227,36,938,12,0,12,950
07/29/2000,HNL,HI,AWP,WE,Towers with Radar,549,30,34,27,640,34,30,160,0,224,583,60,194,27,864,16,0,16,880
07/30/2000,HNL,HI,AWP,WE,Towers with Radar,550,30,34,34,648,25,33,139,1,198,575,63,173,35,846,8,2,10,856
07/31/2000,HNL,HI,AWP,WE,Towers with Radar,556,30,34,35,655,7,64,81,8,160,563,94,115,43,815,18,2,20,835
08/01/2000,HNL,HI,AWP,WE,Towers with Radar,578,32,39,38,687,7,59,166,12,244,585,91,205,50,931,18,0,18,949
08/02/2000,HNL,HI,AWP,WE,Towers with Radar,569,31,38,38,676,1,61,199,15,276,570,92,237,53,952,18,8,26,978
08/03/2000,HNL,HI,AWP,WE,Towers with Radar,575,33,41,40,689,0,82,266,16,364,575,115,307,56,1053,34,8,42,1095
08/04/2000,HNL,HI,AWP,WE,Towers with Radar,593,32,40,38,703,13,62,181,0,256,606,94,221,38,959,0,8,8,967
08/05/2000,HNL,HI,AWP,WE,Towers with Radar,565,31,39,38,673,0,53,190,40,283,565,84,229,78,956,22,0,22,978
08/06/2000,HNL,HI,AWP,WE,Towers with Radar,515,28,34,22,599,48,47,183,0,278,563,75,217,22,877,8,0,8,885
08/07/2000,HNL,HI,AWP,WE,Towers with Radar,576,32,40,37,685,0,108,201,0,309,576,140,241,37,994,54,0,54,1048
08/08/2000,HNL,HI,AWP,WE,Towers with Radar,561,31,38,38,668,0,88,182,2,272,561,119,220,40,940,34,0,34,974
08/09/2000,HNL,HI,AWP,WE,Towers with Radar,559,31,38,37,665,0,59,208,22,289,559,90,246,59,954,44,6,50,1004
08/10/2000,HNL,HI,AWP,WE,Towers with Radar,571,33,40,40,684,0,69,215,23,307,571,102,255,63,991,12,8,20,1011
08/11/2000,HNL,HI,AWP,WE,Towers with Radar,584,33,41,40,698,0,60,253,25,338,584,93,294,65,1036,38,20,58,1094
08/12/2000,HNL,HI,AWP,WE,Towers with Radar,559,31,37,27,654,44,17,244,0,305,603,48,281,27,959,24,0,24,983
08/13/2000,HNL,HI,AWP,WE,Towers with Radar,541,30,36,29,636,43,27,201,0,271,584,57,237,29,907,2,0,2,909
08/14/2000,HNL,HI,AWP,WE,Towers with Radar,580,32,39,37,688,7,102,227,0,336,587,134,266,37,1024,30,6,36,1060
08/15/2000,HNL,HI,AWP,WE,Towers with Radar,574,32,39,38,683,0,86,282,5,373,574,118,321,43,1056,12,2,14,1070
08/16/2000,HNL,HI,AWP,WE,Towers with Radar,573,32,41,35,681,0,62,286,0,348,573,94,327,35,1029,4,0,4,1033
08/17/2000,HNL,HI,AWP,WE,Towers with Radar,580,33,43,35,691,0,80,233,0,313,580,113,276,35,1004,36,0,36,1040
08/18/2000,HNL,HI,AWP,WE,Towers with Radar,599,32,41,36,708,3,59,219,0,281,602,91,260,36,989,44,6,50,1039
08/19/2000,HNL,HI,AWP,WE,Towers with Radar,548,29,38,32,647,46,52,183,0,281,594,81,221,32,928,16,0,16,944
08/20/2000,HNL,HI,AWP,WE,Towers with Radar,609,32,42,31,714,33,15,104,0,152,642,47,146,31,866,30,12,42,908
08/21/2000,HNL,HI,AWP,WE,Towers with Radar,551,29,38,35,653,19,71,184,0,274,570,100,222,35,927,28,6,34,961
08/22/2000,HNL,HI,AWP,WE,Towers with Radar,576,31,40,37,684,0,73,197,0,270,576,104,237,37,954,30,4,34,988
08/23/2000,HNL,HI,AWP,WE,Towers with Radar,560,31,40,37,668,0,68,224,0,292,560,99,264,37,960,12,2,14,974
08/24/2000,HNL,HI,AWP,WE,Towers with Radar,556,33,43,40,672,0,48,198,8,254,556,81,241,48,926,26,0,26,952
08/25/2000,HNL,HI,AWP,WE,Towers with Radar,590,31,41,38,700,0,62,205,7,274,590,93,246,45,974,28,2,30,1004
08/26/2000,HNL,HI,AWP,WE,Towers with Radar,530,28,36,22,616,58,9,192,0,259,588,37,228,22,875,22,0,22,897
08/27/2000,HNL,HI,AWP,WE,Towers with Radar,534,28,37,21,620,38,19,157,0,214,572,47,194,21,834,4,0,4,838
08/28/2000,HNL,HI,AWP,WE,Towers with Radar,561,30,39,28,658,5,59,131,0,195,566,89,170,28,853,12,2,14,867
08/29/2000,HNL,HI,AWP,WE,Towers with Radar,571,31,40,38,680,0,50,192,9,251,571,81,232,47,931,8,2,10,941
08/30/2000,HNL,HI,AWP,WE,Towers with Radar,570,30,40,37,677,0,56,176,10,242,570,86,216,47,919,8,6,14,933
08/31/2000,HNL,HI,AWP,WE,Towers with Radar,566,32,41,40,679,0,51,213,21,285,566,83,254,61,964,22,2,24,988
09/01/2000,HNL,HI,AWP,WE,Towers with Radar,590,28,41,25,684,26,61,227,0,314,616,89,268,25,998,10,6,16,1014
09/02/2000,HNL,HI,AWP,WE,Towers with Radar,578,28,41,24,671,0,13,198,0,211,578,41,239,24,882,6,0,6,888
09/03/2000,HNL,HI,AWP,WE,Towers with Radar,510,25,35,26,596,44,5,176,0,225,554,30,211,26,821,12,8,20,841
09/04/2000,HNL,HI,AWP,WE,Towers with Radar,519,25,36,18,598,49,36,166,0,251,568,61,202,18,849,34,0,34,883
09/05/2000,HNL,HI,AWP,WE,Towers with Radar,548,28,39,32,647,0,60,117,3,180,548,88,156,35,827,26,4,30,857
09/06/2000,HNL,HI,AWP,WE,Towers with Radar,550,27,38,30,645,0,56,202,19,277,550,83,240,49,922,16,0,16,938
09/07/2000,HNL,HI,AWP,WE,Towers with Radar,564,28,40,32,664,0,45,212,12,269,564,73,252,44,933,34,4,38,971
09/08/2000,HNL,HI,AWP,WE,Towers with Radar,577,29,40,32,678,0,62,228,7,297,577,91,268,39,975,26,0,26,1001
09/09/2000,HNL,HI,AWP,WE,Towers with Radar,542,27,37,30,636,4,55,194,24,277,546,82,231,54,913,8,0,8,921
09/10/2000,HNL,HI,AWP,WE,Towers with Radar,498,25,34,24,581,26,26,194,0,246,524,51,228,24,827,18,0,18,845
09/11/2000,HNL,HI,AWP,WE,Towers with Radar,546,28,38,15,627,0,74,208,0,282,546,102,246,15,909,12,0,12,921
09/12/2000,HNL,HI,AWP,WE,Towers with Radar,542,29,40,32,643,0,49,229,18,296,542,78,269,50,939,14,6,20,959
09/13/2000,HNL,HI,AWP,WE,Towers with Radar,535,27,37,30,629,0,43,224,20,287,535,70,261,50,916,8,0,8,924
09/14/2000,HNL,HI,AWP,WE,Towers with Radar,541,27,38,31,637,0,37,252,24,313,541,64,290,55,950,32,0,32,982
09/15/2000,HNL,HI,AWP,WE,Towers with Radar,553,27,38,31,649,0,52,261,0,313,553,79,299,31,962,30,0,30,992
09/16/2000,HNL,HI,AWP,WE,Towers with Radar,528,26,37,28,619,13,32,255,2,302,541,58,292,30,921,36,0,36,957
09/17/2000,HNL,HI,AWP,WE,Towers with Radar,493,24,35,22,574,37,28,205,0,270,530,52,240,22,844,34,0,34,878
09/18/2000,HNL,HI,AWP,WE,Towers with Radar,513,25,36,22,596,18,82,194,0,294,531,107,230,22,890,38,6,44,934
09/19/2000,HNL,HI,AWP,WE,Towers with Radar,541,27,39,27,634,0,88,212,0,300,541,115,251,27,934,38,18,56,990
09/20/2000,HNL,HI,AWP,WE,Towers with Radar,524,27,39,30,620,0,56,237,11,304,524,83,276,41,924,6,2,8,932
09/21/2000,HNL,HI,AWP,WE,Towers with Radar,537,26,39,29,631,0,70,239,4,313,537,96,278,33,944,28,0,28,972
09/22/2000,HNL,HI,AWP,WE,Towers with Radar,547,25,38,19,629,11,71,204,0,286,558,96,242,19,915,14,6,20,935
09/23/2000,HNL,HI,AWP,WE,Towers with Radar,526,25,37,28,616,26,28,217,3,274,552,53,254,31,890,20,0,20,910
09/24/2000,HNL,HI,AWP,WE,Towers with Radar,487,23,34,17,561,42,28,175,0,245,529,51,209,17,806,18,0,18,824
09/25/2000,HNL,HI,AWP,WE,Towers with Radar,536,26,39,29,630,0,68,186,14,268,536,94,225,43,898,38,6,44,942
09/26/2000,HNL,HI,AWP,WE,Towers with Radar,551,26,39,30,646,0,65,228,5,298,551,91,267,35,944,30,0,30,974
09/27/2000,HNL,HI,AWP,WE,Towers with Radar,557,28,42,32,659,0,57,117,2,176,557,85,159,34,835,16,10,26,861
09/28/2000,HNL,HI,AWP,WE,Towers with Radar,550,29,43,33,655,0,61,150,18,229,550,90,193,51,884,20,4,24,908
09/29/2000,HNL,HI,AWP,WE,Towers with Radar,585,28,41,31,685,11,77,207,7,302,596,105,248,38,987,20,4,24,1011
09/30/2000,HNL,HI,AWP,WE,Towers with Radar,521,24,37,12,594,29,32,235,0,296,550,56,272,12,890,18,0,18,908
10/01/2000,HNL,HI,AWP,WE,Towers with Radar,515,25,37,19,596,10,28,169,0,207,525,53,206,19,803,20,0,20,823
10/02/2000,HNL,HI,AWP,WE,Towers with Radar,556,28,38,21,643,7,57,184,0,248,563,85,222,21,891,4,0,4,895
10/03/2000,HNL,HI,AWP,WE,Towers with Radar,542,27,38,30,637,0,62,209,25,296,542,89,247,55,933,10,0,10,943
10/04/2000,HNL,HI,AWP,WE,Towers with Radar,522,26,36,25,609,12,42,218,0,272,534,68,254,25,881,6,6,12,893
10/05/2000,HNL,HI,AWP,WE,Towers with Radar,565,30,42,35,672,0,67,226,3,296,565,97,268,38,968,32,0,32,1000
10/06/2000,HNL,HI,AWP,WE,Towers with Radar,572,29,39,33,673,11,49,241,11,312,583,78,280,44,985,4,10,14,999
10/07/2000,HNL,HI,AWP,WE,Towers with Radar,524,26,36,23,609,19,54,207,0,280,543,80,243,23,889,16,2,18,907
10/08/2000,HNL,HI,AWP,WE,Towers with Radar,511,26,35,21,593,21,37,183,0,241,532,63,218,21,834,24,0,24,858
10/09/2000,HNL,HI,AWP,WE,Towers with Radar,555,28,38,26,647,12,71,169,0,252,567,99,207,26,899,52,0,52,951
10/10/2000,HNL,HI,AWP,WE,Towers with Radar,541,28,38,32,639,0,69,180,5,254,541,97,218,37,893,10,4,14,907
10/11/2000,HNL,HI,AWP,WE,Towers with Radar,544,29,40,34,647,0,73,232,12,317,544,102,272,46,964,10,2,12,976
10/12/2000,HNL,HI,AWP,WE,Towers with Radar,575,29,40,33,677,0,77,228,14,319,575,106,268,47,996,2,2,4,1000
10/13/2000,HNL,HI,AWP,WE,Towers with Radar,563,29,40,33,665,0,90,191,7,288,563,119,231,40,953,10,2,12,965
10/14/2000,HNL,HI,AWP,WE,Towers with Radar,554,28,39,32,653,0,28,253,22,303,554,56,292,54,956,4,0,4,960
10/15/2000,HNL,HI,AWP,WE,Towers with Radar,506,25,35,29,595,36,38,149,4,227,542,63,184,33,822,34,0,34,856
10/16/2000,HNL,HI,AWP,WE,Towers with Radar,553,28,39,29,649,0,78,204,0,282,553,106,243,29,931,20,6,26,957
10/17/2000,HNL,HI,AWP,WE,Towers with Radar,534,28,38,32,632,0,56,233,23,312,534,84,271,55,944,16,0,16,960
10/18/2000,HNL,HI,AWP,WE,Towers with Radar,533,28,39,32,632,0,63,282,2,347,533,91,321,34,979,40,2,42,1021
10/19/2000,HNL,HI,AWP,WE,Towers with Radar,526,26,37,31,620,0,50,224,12,286,526,76,261,43,906,10,0,10,916
10/20/2000,HNL,HI,AWP,WE,Towers with Radar,555,27,38,32,652,26,88,191,1,306,581,115,229,33,958,10,8,18,976
10/21/2000,HNL,HI,AWP,WE,Towers with Radar,506,24,36,20,586,31,31,148,0,210,537,55,184,20,796,16,6,22,818
10/22/2000,HNL,HI,AWP,WE,Towers with Radar,508,25,36,16,585,33,41,156,0,230,541,66,192,16,815,16,0,16,831
10/23/2000,HNL,HI,AWP,WE,Towers with Radar,533,26,38,30,627,1,54,184,6,245,534,80,222,36,872,14,12,26,898
10/24/2000,HNL,HI,AWP,WE,Towers with Radar,545,27,40,30,642,0,53,208,0,261,545,80,248,30,903,24,12,36,939
10/25/2000,HNL,HI,AWP,WE,Towers with Radar,531,26,38,29,624,2,50,203,2,257,533,76,241,31,881,14,0,14,895
10/26/2000,HNL,HI,AWP,WE,Towers with Radar,558,29,43,34,664,0,70,239,0,309,558,99,282,34,973,24,0,24,997
10/27/2000,HNL,HI,AWP,WE,Towers with Radar,572,29,43,30,674,0,46,275,0,321,572,75,318,30,995,58,0,58,1053
10/28/2000,HNL,HI,AWP,WE,Towers with Radar,508,25,36,15,584,44,38,156,0,238,552,63,192,15,822,0,0,0,822
10/29/2000,HNL,HI,AWP,WE,Towers with Radar,503,24,36,22,585,42,27,102,0,171,545,51,138,22,756,14,2,16,772
10/30/2000,HNL,HI,AWP,WE,Towers with Radar,564,27,40,25,656,0,66,234,0,300,564,93,274,25,956,24,0,24,980
10/31/2000,HNL,HI,AWP,WE,Towers with Radar,543,28,41,32,644,0,60,189,20,269,543,88,230,52,913,28,0,28,941
11/01/2000,HNL,HI,AWP,WE,Towers with Radar,571,33,38,38,680,0,52,186,1,239,571,85,224,39,919,26,0,26,945
11/02/2000,HNL,HI,AWP,WE,Towers with Radar,543,35,40,40,658,0,29,111,5,145,543,64,151,45,803,18,2,20,823
11/03/2000,HNL,HI,AWP,WE,Towers with Radar,598,36,40,39,713,9,46,214,4,273,607,82,254,43,986,6,0,6,992
11/04/2000,HNL,HI,AWP,WE,Towers with Radar,529,32,36,34,631,5,25,181,21,232,534,57,217,55,863,10,2,12,875
11/05/2000,HNL,HI,AWP,WE,Towers with Radar,471,28,32,24,555,48,39,166,0,253,519,67,198,24,808,6,0,6,814
11/06/2000,HNL,HI,AWP,WE,Towers with Radar,567,34,38,30,669,0,43,225,0,268,567,77,263,30,937,14,4,18,955
11/07/2000,HNL,HI,AWP,WE,Towers with Radar,528,48,18,56,650,3,33,228,4,268,531,81,246,60,918,12,4,16,934
11/08/2000,HNL,HI,AWP,WE,Towers with Radar,556,36,40,39,671,0,56,224,30,310,556,92,264,69,981,22,0,22,1003
11/09/2000,HNL,HI,AWP,WE,Towers with Radar,554,34,38,37,663,0,44,221,2,267,554,78,259,39,930,15,0,15,945
11/10/2000,HNL,HI,AWP,WE,Towers with Radar,576,36,40,39,691,0,80,262,0,342,576,116,302,39,1033,46,0,46,1079
11/11/2000,HNL,HI,AWP,WE,Towers with Radar,550,33,37,29,649,15,31,232,0,278,565,64,269,29,927,20,0,20,947
11/12/2000,HNL,HI,AWP,WE,Towers with Radar,516,31,35,28,610,25,58,167,0,250,541,89,202,28,860,32,0,32,892
11/13/2000,HNL,HI,AWP,WE,Towers with Radar,537,34,38,37,646,0,60,250,16,326,537,94,288,53,972,44,0,44,1016
11/14/2000,HNL,HI,AWP,WE,Towers with Radar,540,32,36,35,643,5,66,189,8,268,545,98,225,43,911,8,0,8,919
11/15/2000,HNL,HI,AWP,WE,Towers with Radar,541,33,37,35,646,0,58,198,21,277,541,91,235,56,923,26,6,32,955
11/16/2000,HNL,HI,AWP,WE,Towers with Radar,562,35,40,38,675,0,65,187,23,275,562,100,227,61,950,26,0,26,976
11/17/2000,HNL,HI,AWP,WE,Towers with Radar,575,34,40,39,688,0,65,197,12,274,575,99,237,51,962,6,0,6,968
11/18/2000,HNL,HI,AWP,WE,Towers with Radar,566,33,38,23,660,9,35,156,0,200,575,68,194,23,860,22,0,22,882
11/19/2000,HNL,HI,AWP,WE,Towers with Radar,521,30,35,35,621,23,38,189,10,260,544,68,224,45,881,8,8,16,897
11/20/2000,HNL,HI,AWP,WE,Towers with Radar,566,33,38,38,675,0,92,156,12,260,566,125,194,50,935,18,2,20,955
11/21/2000,HNL,HI,AWP,WE,Towers with Radar,535,33,38,37,643,0,90,161,23,274,535,123,199,60,917,6,0,6,923
11/22/2000,HNL,HI,AWP,WE,Towers with Radar,576,34,39,39,688,0,100,236,7,343,576,134,275,46,1031,32,0,32,1063
11/23/2000,HNL,HI,AWP,WE,Towers with Radar,540,16,9,8,573,2,29,122,1,154,542,45,131,9,727,0,0,0,727
11/24/2000,HNL,HI,AWP,WE,Towers with Radar,538,31,36,12,617,33,76,237,0,346,571,107,273,12,963,20,0,20,983
11/25/2000,HNL,HI,AWP,WE,Towers with Radar,526,31,35,10,602,45,53,185,0,283,571,84,220,10,885,38,4,42,927
11/26/2000,HNL,HI,AWP,WE,Towers with Radar,550,32,37,16,635,43,67,204,0,314,593,99,241,16,949,4,0,4,953
11/27/2000,HNL,HI,AWP,WE,Towers with Radar,527,31,35,19,612,30,68,182,0,280,557,99,217,19,892,2,0,2,894
11/28/2000,HNL,HI,AWP,WE,Towers with Radar,556,33,39,38,666,0,41,207,9,257,556,74,246,47,923,18,2,20,943
11/29/2000,HNL,HI,AWP,WE,Towers with Radar,560,33,37,30,660,0,42,292,0,334,560,75,329,30,994,30,2,32,1026
11/30/2000,HNL,HI,AWP,WE,Towers with Radar,570,33,37,38,678,2,52,257,0,311,572,85,294,38,989,42,2,44,1033
12/01/2000,HNL,HI,AWP,WE,Towers with Radar,567,33,42,26,668,3,46,228,0,277,570,79,270,26,945,20,2,22,967
12/02/2000,HNL,HI,AWP,WE,Towers with Radar,526,30,39,25,620,14,16,198,13,241,540,46,237,38,861,56,0,56,917
12/03/2000,HNL,HI,AWP,WE,Towers with Radar,484,28,35,15,562,44,38,171,0,253,528,66,206,15,815,8,4,12,827
12/04/2000,HNL,HI,AWP,WE,Towers with Radar,541,31,40,22,634,24,63,170,0,257,565,94,210,22,891,4,2,6,897
12/05/2000,HNL,HI,AWP,WE,Towers with Radar,551,32,40,26,649,0,67,215,10,292,551,99,255,36,941,8,0,8,949
12/06/2000,HNL,HI,AWP,WE,Towers with Radar,581,35,44,29,689,0,52,269,13,334,581,87,313,42,1023,18,4,22,1045
12/07/2000,HNL,HI,AWP,WE,Towers with Radar,558,33,43,29,663,0,36,112,1,149,558,69,155,30,812,66,0,66,878
12/08/2000,HNL,HI,AWP,WE,Towers with Radar,598,34,45,28,705,0,65,255,0,320,598,99,300,28,1025,42,0,42,1067
12/09/2000,HNL,HI,AWP,WE,Towers with Radar,541,30,40,18,629,30,29,234,0,293,571,59,274,18,922,24,0,24,946
12/10/2000,HNL,HI,AWP,WE,Towers with Radar,505,28,38,12,583,39,27,201,0,267,544,55,239,12,850,20,0,20,870
12/11/2000,HNL,HI,AWP,WE,Towers with Radar,571,32,43,28,674,0,64,196,0,260,571,96,239,28,934,40,2,42,976
12/12/2000,HNL,HI,AWP,WE,Towers with Radar,570,35,47,31,683,0,63,226,7,296,570,98,273,38,979,24,6,30,1009
12/13/2000,HNL,HI,AWP,WE,Towers with Radar,588,35,47,31,701,0,54,165,7,226,588,89,212,38,927,40,0,40,967
12/14/2000,HNL,HI,AWP,WE,Towers with Radar,546,34,46,30,656,0,68,246,10,324,546,102,292,40,980,52,0,52,1032
12/15/2000,HNL,HI,AWP,WE,Towers with Radar,616,36,49,32,733,0,43,233,28,304,616,79,282,60,1037,12,0,12,1049
12/16/2000,HNL,HI,AWP,WE,Towers with Radar,572,32,43,28,675,14,20,207,7,248,586,52,250,35,923,30,0,30,953
12/17/2000,HNL,HI,AWP,WE,Towers with Radar,551,31,41,27,650,21,35,163,8,227,572,66,204,35,877,24,2,26,903
12/18/2000,HNL,HI,AWP,WE,Towers with Radar,580,33,45,29,687,0,61,201,15,277,580,94,246,44,964,14,0,14,978
12/19/2000,HNL,HI,AWP,WE,Towers with Radar,585,34,45,30,694,0,54,218,36,308,585,88,263,66,1002,28,6,34,1036
12/20/2000,HNL,HI,AWP,WE,Towers with Radar,562,35,48,31,676,0,35,201,33,269,562,70,249,64,945,4,0,4,949
12/21/2000,HNL,HI,AWP,WE,Towers with Radar,585,38,42,51,716,0,50,146,3,199,585,88,188,54,915,48,0,48,963
12/22/2000,HNL,HI,AWP,WE,Towers with Radar,622,36,48,32,738,0,81,212,0,293,622,117,260,32,1031,30,0,30,1061
12/23/2000,HNL,HI,AWP,WE,Towers with Radar,583,33,44,11,671,20,66,178,0,264,603,99,222,11,935,8,0,8,943
12/24/2000,HNL,HI,AWP,WE,Towers with Radar,480,27,36,0,543,55,45,114,0,214,535,72,150,0,757,0,0,0,757
12/25/2000,HNL,HI,AWP,WE,Towers with Radar,484,27,36,0,547,69,10,57,0,136,553,37,93,0,683,0,0,0,683
12/26/2000,HNL,HI,AWP,WE,Towers with Radar,539,30,41,17,627,20,72,227,0,319,559,102,268,17,946,18,0,18,964
12/27/2000,HNL,HI,AWP,WE,Towers with Radar,559,33,42,28,662,0,61,243,9,313,559,94,285,37,975,22,0,22,997
12/28/2000,HNL,HI,AWP,WE,Towers with Radar,566,36,45,31,678,0,42,247,21,310,566,78,292,52,988,28,8,36,1024
12/29/2000,HNL,HI,AWP,WE,Towers with Radar,592,34,43,15,684,30,60,258,0,348,622,94,301,15,1032,12,0,12,1044
12/30/2000,HNL,HI,AWP,WE,Towers with Radar,574,33,42,23,672,11,36,252,0,299,585,69,294,23,971,18,0,18,989
12/31/2000,HNL,HI,AWP,WE,Towers with Radar,488,28,36,6,558,49,45,163,0,257,537,73,199,6,815,8,0,8,823
01/01/2001,HNL,HI,AWP,WE,Towers with Radar,493,28,35,7,563,79,39,75,0,193,572,67,110,7,756,0,0,0,756
01/02/2001,HNL,HI,AWP,WE,Towers with Radar,603,35,43,45,726,0,86,205,0,291,603,121,248,45,1017,26,2,28,1045
01/03/2001,HNL,HI,AWP,WE,Towers with Radar,552,31,39,41,663,19,59,213,0,291,571,90,252,41,954,6,0,6,960
01/04/2001,HNL,HI,AWP,WE,Towers with Radar,579,34,43,43,699,0,68,224,0,292,579,102,267,43,991,2,0,2,993
01/05/2001,HNL,HI,AWP,WE,Towers with Radar,601,35,45,43,724,0,63,289,0,352,601,98,334,43,1076,24,6,30,1106
01/06/2001,HNL,HI,AWP,WE,Towers with Radar,584,32,42,48,706,14,33,218,28,293,598,65,260,76,999,4,0,4,1003
01/07/2001,HNL,HI,AWP,WE,Towers with Radar,532,30,38,39,639,38,51,221,0,310,570,81,259,39,949,4,0,4,953
01/08/2001,HNL,HI,AWP,WE,Towers with Radar,559,31,40,45,675,0,90,167,0,257,559,121,207,45,932,30,0,30,962
01/09/2001,HNL,HI,AWP,WE,Towers with Radar,530,32,42,48,652,0,74,150,27,251,530,106,192,75,903,10,2,12,915
01/10/2001,HNL,HI,AWP,WE,Towers with Radar,565,31,41,47,684,0,35,240,15,290,565,66,281,62,974,18,0,18,992
01/11/2001,HNL,HI,AWP,WE,Towers with Radar,542,31,38,45,656,0,37,240,8,285,542,68,278,53,941,12,6,18,959
01/12/2001,HNL,HI,AWP,WE,Towers with Radar,567,33,40,47,687,0,71,203,12,286,567,104,243,59,973,16,0,16,989
01/13/2001,HNL,HI,AWP,WE,Towers with Radar,523,30,36,34,623,38,55,216,0,309,561,85,252,34,932,20,0,20,952
01/14/2001,HNL,HI,AWP,WE,Towers with Radar,508,29,35,27,599,24,66,169,0,259,532,95,204,27,858,2,0,2,860
01/15/2001,HNL,HI,AWP,WE,Towers with Radar,511,29,36,9,585,33,62,257,0,352,544,91,293,9,937,24,0,24,961
01/16/2001,HNL,HI,AWP,WE,Towers with Radar,537,33,40,47,657,0,54,233,6,293,537,87,273,53,950,40,0,40,990
01/17/2001,HNL,HI,AWP,WE,Towers with Radar,505,29,35,42,611,2,47,201,12,262,507,76,236,54,873,4,4,8,881
01/18/2001,HNL,HI,AWP,WE,Towers with Radar,547,35,61,48,691,0,43,213,7,263,547,78,274,55,954,20,8,28,982
01/19/2001,HNL,HI,AWP,WE,Towers with Radar,546,31,39,35,651,18,62,174,0,254,564,93,213,35,905,0,0,0,905
01/20/2001,HNL,HI,AWP,WE,Towers with Radar,564,32,22,28,646,0,61,191,9,261,564,93,213,37,907,0,0,0,907
01/21/2001,HNL,HI,AWP,WE,Towers with Radar,496,29,36,32,593,42,39,157,0,238,538,68,193,32,831,6,0,6,837
01/22/2001,HNL,HI,AWP,WE,Towers with Radar,553,32,40,45,670,0,59,172,0,231,553,91,212,45,901,32,0,32,933
01/23/2001,HNL,HI,AWP,WE,Towers with Radar,543,24,29,48,644,0,61,198,14,273,543,85,227,62,917,28,4,32,949
01/24/2001,HNL,HI,AWP,WE,Towers with Radar,546,33,41,46,666,0,83,249,17,349,546,116,290,63,1015,18,0,18,1033
01/25/2001,HNL,HI,AWP,WE,Towers with Radar,535,31,39,43,648,0,67,194,14,275,535,98,233,57,923,8,2,10,933
01/26/2001,HNL,HI,AWP,WE,Towers with Radar,566,32,41,47,686,0,62,218,7,287,566,94,259,54,973,2,0,2,975
01/27/2001,HNL,HI,AWP,WE,Towers with Radar,501,30,38,43,612,0,29,199,43,271,501,59,237,86,883,0,0,0,883
01/28/2001,HNL,HI,AWP,WE,Towers with Radar,491,28,35,30,584,43,19,125,0,187,534,47,160,30,771,20,2,22,793
01/29/2001,HNL,HI,AWP,WE,Towers with Radar,543,32,40,46,661,0,98,172,13,283,543,130,212,59,944,0,0,0,944
01/30/2001,HNL,HI,AWP,WE,Towers with Radar,528,33,41,48,650,0,87,193,22,302,528,120,234,70,952,12,2,14,966
01/31/2001,HNL,HI,AWP,WE,Towers with Radar,552,34,42,49,677,0,76,280,20,376,552,110,322,69,1053,50,6,56,1109
02/01/2001,HNL,HI,AWP,WE,Towers with Radar,504,24,32,49,609,0,38,251,8,297,504,62,283,57,906,32,0,32,938
02/02/2001,HNL,HI,AWP,WE,Towers with Radar,561,35,31,47,674,2,58,248,0,308,563,93,279,47,982,16,12,28,1010
02/03/2001,HNL,HI,AWP,WE,Towers with Radar,559,35,31,50,675,0,51,152,48,251,559,86,183,98,926,0,0,0,926
02/04/2001,HNL,HI,AWP,WE,Towers with Radar,527,33,29,47,636,3,51,142,5,201,530,84,171,52,837,0,0,0,837
02/05/2001,HNL,HI,AWP,WE,Towers with Radar,531,41,27,56,655,0,80,209,5,294,531,121,236,61,949,6,0,6,955
02/06/2001,HNL,HI,AWP,WE,Towers with Radar,503,33,29,47,612,0,55,227,21,303,503,88,256,68,915,10,2,12,927
02/07/2001,HNL,HI,AWP,WE,Towers with Radar,517,33,29,48,627,0,55,239,21,315,517,88,268,69,942,18,0,18,960
02/08/2001,HNL,HI,AWP,WE,Towers with Radar,579,41,32,71,723,0,35,150,4,189,579,76,182,75,912,26,0,26,938
02/09/2001,HNL,HI,AWP,WE,Towers with Radar,531,36,32,52,651,0,57,163,19,239,531,93,195,71,890,24,0,24,914
02/10/2001,HNL,HI,AWP,WE,Towers with Radar,517,32,28,47,624,17,67,186,10,280,534,99,214,57,904,0,0,0,904
02/11/2001,HNL,HI,AWP,WE,Towers with Radar,504,32,28,44,608,45,15,451,0,511,549,47,479,44,1119,10,2,12,1131
02/12/2001,HNL,HI,AWP,WE,Towers with Radar,500,34,30,48,612,0,114,179,17,310,500,148,209,65,922,0,0,0,922
02/13/2001,HNL,HI,AWP,WE,Towers with Radar,503,35,31,50,619,0,75,219,14,308,503,110,250,64,927,18,0,18,945
02/14/2001,HNL,HI,AWP,WE,Towers with Radar,510,32,29,46,617,0,44,69,13,126,510,76,98,59,743,0,0,0,743
02/15/2001,HNL,HI,AWP,WE,Towers with Radar,504,32,28,46,610,2,72,88,7,169,506,104,116,53,779,32,2,34,813
02/16/2001,HNL,HI,AWP,WE,Towers with Radar,578,36,33,44,691,42,73,216,0,331,620,109,249,44,1022,8,0,8,1030
02/17/2001,HNL,HI,AWP,WE,Towers with Radar,640,40,36,46,762,24,48,175,0,247,664,88,211,46,1009,0,0,0,1009
02/18/2001,HNL,HI,AWP,WE,Towers with Radar,402,25,23,22,472,38,61,210,0,309,440,86,233,22,781,0,0,0,781
02/19/2001,HNL,HI,AWP,WE,Towers with Radar,604,38,34,25,701,3,98,233,0,334,607,136,267,25,1035,12,0,12,1047
02/20/2001,HNL,HI,AWP,WE,Towers with Radar,530,35,31,43,639,0,98,206,0,304,530,133,237,43,943,16,4,20,963
02/21/2001,HNL,HI,AWP,WE,Towers with Radar,531,35,30,49,645,0,18,139,15,172,531,53,169,64,817,28,0,28,845
02/22/2001,HNL,HI,AWP,WE,Towers with Radar,546,44,64,53,707,0,63,289,4,356,546,107,353,57,1063,38,0,38,1101
02/23/2001,HNL,HI,AWP,WE,Towers with Radar,542,35,30,36,643,6,51,256,0,313,548,86,286,36,956,24,6,30,986
02/24/2001,HNL,HI,AWP,WE,Towers with Radar,569,37,31,33,670,52,18,276,0,346,621,55,307,33,1016,14,0,14,1030
02/25/2001,HNL,HI,AWP,WE,Towers with Radar,483,31,26,36,576,33,59,146,0,238,516,90,172,36,814,0,0,0,814
02/26/2001,HNL,HI,AWP,WE,Towers with Radar,523,34,30,46,633,22,87,191,0,300,545,121,221,46,933,0,0,0,933
02/27/2001,HNL,HI,AWP,WE,Towers with Radar,503,34,30,47,614,0,107,143,32,282,503,141,173,79,896,0,0,0,896
02/28/2001,HNL,HI,AWP,WE,Towers with Radar,522,37,32,51,642,0,50,221,24,295,522,87,253,75,937,64,4,68,1005
03/01/2001,HNL,HI,AWP,WE,Towers with Radar,568,39,42,47,696,4,78,262,13,357,572,117,304,60,1053,36,0,36,1089
03/02/2001,HNL,HI,AWP,WE,Towers with Radar,548,39,42,45,674,0,61,263,1,325,548,100,305,46,999,24,2,26,1025
03/03/2001,HNL,HI,AWP,WE,Towers with Radar,537,38,40,44,659,0,47,221,23,291,537,85,261,67,950,32,0,32,982
03/04/2001,HNL,HI,AWP,WE,Towers with Radar,473,33,35,21,562,37,40,172,0,249,510,73,207,21,811,0,0,0,811
03/05/2001,HNL,HI,AWP,WE,Towers with Radar,518,37,40,27,622,0,123,198,0,321,518,160,238,27,943,6,0,6,949
03/06/2001,HNL,HI,AWP,WE,Towers with Radar,499,35,38,41,613,0,76,300,13,389,499,111,338,54,1002,42,2,44,1046
03/07/2001,HNL,HI,AWP,WE,Towers with Radar,512,36,39,42,629,0,48,242,7,297,512,84,281,49,926,46,2,48,974
03/08/2001,HNL,HI,AWP,WE,Towers with Radar,510,38,41,45,634,0,49,212,11,272,510,87,253,56,906,44,0,44,950
03/09/2001,HNL,HI,AWP,WE,Towers with Radar,547,38,41,39,665,0,58,189,0,247,547,96,230,39,912,72,0,72,984
03/10/2001,HNL,HI,AWP,WE,Towers with Radar,501,35,38,35,609,29,34,223,0,286,530,69,261,35,895,0,0,0,895
03/11/2001,HNL,HI,AWP,WE,Towers with Radar,500,35,38,29,602,43,52,163,0,258,543,87,201,29,860,0,0,0,860
03/12/2001,HNL,HI,AWP,WE,Towers with Radar,524,38,41,45,648,0,49,194,13,256,524,87,235,58,904,8,2,10,914
03/13/2001,HNL,HI,AWP,WE,Towers with Radar,502,37,41,44,624,0,67,215,29,311,502,104,256,73,935,20,0,20,955
03/14/2001,HNL,HI,AWP,WE,Towers with Radar,496,40,40,45,621,0,17,152,2,171,496,57,192,47,792,20,0,20,812
03/15/2001,HNL,HI,AWP,WE,Towers with Radar,516,46,45,39,646,0,42,228,5,275,516,88,273,44,921,54,0,54,975
03/16/2001,HNL,HI,AWP,WE,Towers with Radar,548,39,40,43,670,15,50,292,0,357,563,89,332,43,1027,28,0,28,1055
03/17/2001,HNL,HI,AWP,WE,Towers with Radar,0,0,0,0,0,0,0,0,0,0,0,0,0,0,0,0,0,0,0
03/18/2001,HNL,HI,AWP,WE,Towers with Radar,455,33,33,16,537,67,24,250,0,341,522,57,283,16,878,0,0,0,878
03/19/2001,HNL,HI,AWP,WE,Towers with Radar,523,37,38,27,625,21,110,146,0,277,544,147,184,27,902,8,0,8,910
03/20/2001,HNL,HI,AWP,WE,Towers with Radar,484,36,37,41,598,0,93,248,25,366,484,129,285,66,964,22,0,22,986
03/21/2001,HNL,HI,AWP,WE,Towers with Radar,570,43,44,49,706,0,68,322,11,401,570,111,366,60,1107,6,6,12,1119
03/22/2001,HNL,HI,AWP,WE,Towers with Radar,540,38,40,40,658,39,54,167,0,260,579,92,207,40,918,14,0,14,932
03/23/2001,HNL,HI,AWP,WE,Towers with Radar,544,40,42,41,667,0,113,201,0,314,544,153,243,41,981,4,0,4,985
03/24/2001,HNL,HI,AWP,WE,Towers with Radar,526,38,38,44,646,25,41,119,6,191,551,79,157,50,837,0,0,0,837
03/25/2001,HNL,HI,AWP,WE,Towers with Radar,481,34,35,35,585,49,56,145,0,250,530,90,180,35,835,0,0,0,835
03/26/2001,HNL,HI,AWP,WE,Towers with Radar,520,38,40,45,643,0,93,219,15,327,520,131,259,60,970,48,2,50,1020
03/27/2001,HNL,HI,AWP,WE,Towers with Radar,505,39,40,45,629,0,80,195,32,307,505,119,235,77,936,16,4,20,956
03/28/2001,HNL,HI,AWP,WE,Towers with Radar,525,41,42,48,656,0,74,247,5,326,525,115,289,53,982,38,0,38,1020
03/29/2001,HNL,HI,AWP,WE,Towers with Radar,553,35,38,56,682,0,50,197,3,250,553,85,235,59,932,26,12,38,970
03/30/2001,HNL,HI,AWP,WE,Towers with Radar,571,41,42,47,701,13,80,266,5,364,584,121,308,52,1065,10,0,10,1075
03/31/2001,HNL,HI,AWP,WE,Towers with Radar,485,35,35,25,580,54,27,201,0,282,539,62,236,25,862,0,2,2,864
04/01/2001,HNL,HI,AWP,WE,Towers with Radar,519,35,32,18,604,43,35,138,0,216,562,70,170,18,820,6,0,6,826
04/02/2001,HNL,HI,AWP,WE,Towers with Radar,539,36,33,37,645,0,30,156,0,186,539,66,189,37,831,22,0,22,853
04/03/2001,HNL,HI,AWP,WE,Towers with Radar,512,36,33,42,623,0,101,192,3,296,512,137,225,45,919,0,0,0,919
04/04/2001,HNL,HI,AWP,WE,Towers with Radar,517,38,34,43,632,0,53,190,23,266,517,91,224,66,898,6,0,6,904
04/05/2001,HNL,HI,AWP,WE,Towers with Radar,540,32,24,41,637,0,89,200,6,295,540,121,224,47,932,38,0,38,970
04/06/2001,HNL,HI,AWP,WE,Towers with Radar,635,44,40,38,757,0,67,104,0,171,635,111,144,38,928,0,0,0,928
04/07/2001,HNL,HI,AWP,WE,Towers with Radar,494,34,31,40,599,0,86,214,22,322,494,120,245,62,921,10,0,10,931
04/08/2001,HNL,HI,AWP,WE,Towers with Radar,485,33,30,24,572,46,49,94,0,189,531,82,124,24,761,0,2,2,763
04/09/2001,HNL,HI,AWP,WE,Towers with Radar,523,35,32,39,629,0,83,188,0,271,523,118,220,39,900,0,0,0,900
04/10/2001,HNL,HI,AWP,WE,Towers with Radar,499,34,32,36,601,0,79,175,0,254,499,113,207,36,855,0,0,0,855
04/11/2001,HNL,HI,AWP,WE,Towers with Radar,522,35,33,42,632,0,44,200,14,258,522,79,233,56,890,30,0,30,920
04/12/2001,HNL,HI,AWP,WE,Towers with Radar,552,36,34,43,665,7,112,156,2,277,559,148,190,45,942,20,0,20,962
04/13/2001,HNL,HI,AWP,WE,Towers with Radar,531,35,33,42,641,3,103,154,11,271,534,138,187,53,912,8,0,8,920
04/14/2001,HNL,HI,AWP,WE,Towers with Radar,500,34,30,39,603,0,41,208,13,262,500,75,238,52,865,10,0,10,875
04/15/2001,HNL,HI,AWP,WE,Towers with Radar,490,33,29,16,568,54,40,151,0,245,544,73,180,16,813,0,0,0,813
04/16/2001,HNL,HI,AWP,WE,Towers with Radar,539,36,33,41,649,3,63,234,2,302,542,99,267,43,951,8,2,10,961
04/17/2001,HNL,HI,AWP,WE,Towers with Radar,527,36,33,41,637,0,76,123,10,209,527,112,156,51,846,16,4,20,866
04/18/2001,HNL,HI,AWP,WE,Towers with Radar,541,37,34,42,654,0,13,256,29,298,541,50,290,71,952,0,0,0,952
04/19/2001,HNL,HI,AWP,WE,Towers with Radar,533,37,34,42,646,0,77,239,38,354,533,114,273,80,1000,20,0,20,1020
04/20/2001,HNL,HI,AWP,WE,Towers with Radar,564,38,35,44,681,0,93,206,0,299,564,131,241,44,980,0,0,0,980
04/21/2001,HNL,HI,AWP,WE,Towers with Radar,511,34,31,27,603,35,45,168,0,248,546,79,199,27,851,0,0,0,851
04/22/2001,HNL,HI,AWP,WE,Towers with Radar,485,33,30,16,564,43,59,150,0,252,528,92,180,16,816,0,0,0,816
04/23/2001,HNL,HI,AWP,WE,Towers with Radar,518,35,32,40,625,0,33,104,18,155,518,68,136,58,780,30,0,30,810
04/24/2001,HNL,HI,AWP,WE,Towers with Radar,531,37,33,42,643,0,89,241,19,349,531,126,274,61,992,36,0,36,1028
04/25/2001,HNL,HI,AWP,WE,Towers with Radar,529,37,33,42,641,0,33,209,1,243,529,70,242,43,884,34,0,34,918
04/26/2001,HNL,HI,AWP,WE,Towers with Radar,514,31,34,46,625,0,65,219,3,287,514,96,253,49,912,20,4,24,936
04/27/2001,HNL,HI,AWP,WE,Towers with Radar,553,37,34,42,666,5,45,230,4,284,558,82,264,46,950,60,4,64,1014
04/28/2001,HNL,HI,AWP,WE,Towers with Radar,515,35,32,38,620,23,54,209,0,286,538,89,241,38,906,2,0,2,908
04/29/2001,HNL,HI,AWP,WE,Towers with Radar,522,35,32,24,613,0,58,153,0,211,522,93,185,24,824,26,0,26,850
04/30/2001,HNL,HI,AWP,WE,Towers with Radar,540,37,33,31,641,0,36,211,0,247,540,73,244,31,888,36,0,36,924
05/01/2001,HNL,HI,AWP,WE,Towers with Radar,513,34,34,43,624,0,65,223,25,313,513,99,257,68,937,58,4,62,999
05/02/2001,HNL,HI,AWP,WE,Towers with Radar,536,36,35,46,653,0,42,261,21,324,536,78,296,67,977,4,2,6,983
05/03/2001,HNL,HI,AWP,WE,Towers with Radar,552,38,37,48,675,0,51,270,24,345,552,89,307,72,1020,62,10,72,1092
05/04/2001,HNL,HI,AWP,WE,Towers with Radar,578,38,37,47,700,14,73,203,9,299,592,111,240,56,999,24,12,36,1035
05/05/2001,HNL,HI,AWP,WE,Towers with Radar,513,34,34,43,624,0,46,169,38,253,513,80,203,81,877,12,0,12,889
05/06/2001,HNL,HI,AWP,WE,Towers with Radar,497,33,31,35,596,56,33,141,0,230,553,66,172,35,826,4,0,4,830
05/07/2001,HNL,HI,AWP,WE,Towers with Radar,522,38,35,47,642,0,69,178,9,256,522,107,213,56,898,48,10,58,956
05/08/2001,HNL,HI,AWP,WE,Towers with Radar,575,39,37,49,700,0,35,218,0,253,575,74,255,49,953,12,0,12,965
05/09/2001,HNL,HI,AWP,WE,Towers with Radar,535,39,37,48,659,0,63,273,27,363,535,102,310,75,1022,68,8,76,1098
05/10/2001,HNL,HI,AWP,WE,Towers with Radar,522,39,36,48,645,0,63,269,41,373,522,102,305,89,1018,18,4,22,1040
05/11/2001,HNL,HI,AWP,WE,Towers with Radar,542,36,33,40,651,37,75,219,0,331,579,111,252,40,982,6,0,6,988
05/12/2001,HNL,HI,AWP,WE,Towers with Radar,487,32,29,31,579,56,60,210,0,326,543,92,239,31,905,66,0,66,971
05/13/2001,HNL,HI,AWP,WE,Towers with Radar,437,29,27,18,511,51,28,121,0,200,488,57,148,18,711,0,0,0,711
05/14/2001,HNL,HI,AWP,WE,Towers with Radar,517,35,32,25,609,11,65,185,0,261,528,100,217,25,870,26,0,26,896
05/15/2001,HNL,HI,AWP,WE,Towers with Radar,505,35,34,42,616,0,79,236,15,330,505,114,270,57,946,34,8,42,988
05/16/2001,HNL,HI,AWP,WE,Towers with Radar,519,35,33,42,629,2,55,244,5,306,521,90,277,47,935,46,8,54,989
05/17/2001,HNL,HI,AWP,WE,Towers with Radar,508,36,35,44,623,0,67,228,13,308,508,103,263,57,931,68,10,78,1009
05/18/2001,HNL,HI,AWP,WE,Towers with Radar,570,38,36,46,690,0,58,256,10,324,570,96,292,56,1014,38,6,44,1058
05/19/2001,HNL,HI,AWP,WE,Towers with Radar,468,31,30,28,557,38,42,216,0,296,506,73,246,28,853,12,0,12,865
05/20/2001,HNL,HI,AWP,WE,Towers with Radar,491,33,32,26,582,11,85,182,0,278,502,118,214,26,860,12,0,12,872
05/21/2001,HNL,HI,AWP,WE,Towers with Radar,490,33,32,26,581,17,67,226,0,310,507,100,258,26,891,50,0,50,941
05/22/2001,HNL,HI,AWP,WE,Towers with Radar,489,37,35,45,606,0,103,263,18,384,489,140,298,63,990,82,4,86,1076
05/23/2001,HNL,HI,AWP,WE,Towers with Radar,501,33,33,41,608,0,87,289,8,384,501,120,322,49,992,44,2,46,1038
05/24/2001,HNL,HI,AWP,WE,Towers with Radar,570,37,37,46,690,0,63,249,1,313,570,100,286,47,1003,36,6,42,1045
05/25/2001,HNL,HI,AWP,WE,Towers with Radar,548,35,34,43,660,23,78,232,0,333,571,113,266,43,993,26,0,26,1019
05/26/2001,HNL,HI,AWP,WE,Towers with Radar,475,31,30,25,561,47,86,183,0,316,522,117,213,25,877,6,0,6,883
05/27/2001,HNL,HI,AWP,WE,Towers with Radar,479,31,31,23,564,26,41,215,0,282,505,72,246,23,846,0,0,0,846
05/28/2001,HNL,HI,AWP,WE,Towers with Radar,467,30,30,22,549,38,76,193,0,307,505,106,223,22,856,48,0,48,904
05/29/2001,HNL,HI,AWP,WE,Towers with Radar,503,33,33,41,610,0,69,178,11,258,503,102,211,52,868,20,0,20,888
05/30/2001,HNL,HI,AWP,WE,Towers with Radar,495,33,33,42,603,0,64,214,3,281,495,97,247,45,884,24,0,24,908
05/31/2001,HNL,HI,AWP,WE,Towers with Radar,538,35,34,44,651,4,96,227,16,343,542,131,261,60,994,68,0,68,1062
06/01/2001,HNL,HI,AWP,WE,Towers with Radar,566,32,34,40,672,5,88,261,3,357,571,120,295,43,1029,24,0,24,1053
06/02/2001,HNL,HI,AWP,WE,Towers with Radar,538,31,33,39,641,0,35,207,16,258,538,66,240,55,899,0,0,0,899
06/03/2001,HNL,HI,AWP,WE,Towers with Radar,426,24,26,28,504,24,67,150,0,241,450,91,176,28,745,0,0,0,745
06/04/2001,HNL,HI,AWP,WE,Towers with Radar,502,28,30,33,593,7,83,171,0,261,509,111,201,33,854,56,0,56,910
06/05/2001,HNL,HI,AWP,WE,Towers with Radar,519,29,32,36,616,0,55,128,21,204,519,84,160,57,820,6,0,6,826
06/06/2001,HNL,HI,AWP,WE,Towers with Radar,528,31,34,38,631,0,63,234,17,314,528,94,268,55,945,34,2,36,981
06/07/2001,HNL,HI,AWP,WE,Towers with Radar,512,29,32,36,609,0,68,197,6,271,512,97,229,42,880,44,0,44,924
06/08/2001,HNL,HI,AWP,WE,Towers with Radar,553,31,34,34,652,15,62,220,0,297,568,93,254,34,949,4,0,4,953
06/09/2001,HNL,HI,AWP,WE,Towers with Radar,517,30,31,25,603,34,26,201,0,261,551,56,232,25,864,0,0,0,864
06/10/2001,HNL,HI,AWP,WE,Towers with Radar,475,27,29,15,546,57,28,192,0,277,532,55,221,15,823,16,0,16,839
06/11/2001,HNL,HI,AWP,WE,Towers with Radar,532,31,32,37,632,0,34,306,19,359,532,65,338,56,991,10,0,10,1001
06/12/2001,HNL,HI,AWP,WE,Towers with Radar,515,31,33,38,617,0,78,254,3,335,515,109,287,41,952,14,0,14,966
06/13/2001,HNL,HI,AWP,WE,Towers with Radar,525,31,32,37,625,0,84,221,4,309,525,115,253,41,934,26,2,28,962
06/14/2001,HNL,HI,AWP,WE,Towers with Radar,508,31,32,37,608,0,44,307,5,356,508,75,339,42,964,8,2,10,974
06/15/2001,HNL,HI,AWP,WE,Towers with Radar,579,34,35,37,685,4,64,265,0,333,583,98,300,37,1018,10,0,10,1028
06/16/2001,HNL,HI,AWP,WE,Towers with Radar,613,36,37,32,718,25,94,266,0,385,638,130,303,32,1103,0,0,0,1103
06/17/2001,HNL,HI,AWP,WE,Towers with Radar,514,30,31,24,599,40,31,161,0,232,554,61,192,24,831,12,0,12,843
06/18/2001,HNL,HI,AWP,WE,Towers with Radar,575,35,37,42,689,0,101,266,8,375,575,136,303,50,1064,66,4,70,1134
06/19/2001,HNL,HI,AWP,WE,Towers with Radar,564,35,37,42,678,0,79,225,9,313,564,114,262,51,991,54,0,54,1045
06/20/2001,HNL,HI,AWP,WE,Towers with Radar,551,34,35,40,660,0,67,245,8,320,551,101,280,48,980,24,0,24,1004
06/21/2001,HNL,HI,AWP,WE,Towers with Radar,537,32,33,38,640,0,65,265,12,342,537,97,298,50,982,26,4,30,1012
06/22/2001,HNL,HI,AWP,WE,Towers with Radar,583,34,35,34,686,0,84,213,0,297,583,118,248,34,983,44,0,44,1027
06/23/2001,HNL,HI,AWP,WE,Towers with Radar,547,32,33,38,650,9,61,203,11,284,556,93,236,49,934,28,0,28,962
06/24/2001,HNL,HI,AWP,WE,Towers with Radar,507,30,31,29,597,33,3,92,0,128,540,33,123,29,725,0,0,0,725
06/25/2001,HNL,HI,AWP,WE,Towers with Radar,569,34,35,31,669,0,64,182,0,246,569,98,217,31,915,22,4,26,941
06/26/2001,HNL,HI,AWP,WE,Towers with Radar,528,33,35,40,636,0,85,238,20,343,528,118,273,60,979,24,0,24,1003
06/27/2001,HNL,HI,AWP,WE,Towers with Radar,543,34,35,41,653,0,66,279,18,363,543,100,314,59,1016,34,0,34,1050
06/28/2001,HNL,HI,AWP,WE,Towers with Radar,543,34,35,41,653,0,66,279,18,363,543,100,314,59,1016,34,0,34,1050
06/29/2001,HNL,HI,AWP,WE,Towers with Radar,543,31,49,28,651,64,85,227,0,376,607,116,276,28,1027,44,0,44,1071
06/30/2001,HNL,HI,AWP,WE,Towers with Radar,533,31,32,37,633,25,35,217,7,284,558,66,249,44,917,8,0,8,925
07/01/2001,HNL,HI,AWP,WE,Towers with Radar,519,32,41,22,614,45,24,193,0,262,564,56,234,22,876,6,0,6,882
07/02/2001,HNL,HI,AWP,WE,Towers with Radar,557,34,45,49,685,0,111,162,12,285,557,145,207,61,970,62,2,64,1034
07/03/2001,HNL,HI,AWP,WE,Towers with Radar,524,31,43,34,632,8,104,209,0,321,532,135,252,34,953,10,0,10,963
07/04/2001,HNL,HI,AWP,WE,Towers with Radar,500,30,41,23,594,13,58,196,0,267,513,88,237,23,861,0,0,0,861
07/05/2001,HNL,HI,AWP,WE,Towers with Radar,549,34,46,50,679,0,74,258,2,334,549,108,304,52,1013,40,6,46,1059
07/06/2001,HNL,HI,AWP,WE,Towers with Radar,569,34,46,35,684,24,123,178,0,325,593,157,224,35,1009,0,0,0,1009
07/07/2001,HNL,HI,AWP,WE,Towers with Radar,532,32,42,38,644,22,39,218,0,279,554,71,260,38,923,4,0,4,927
07/08/2001,HNL,HI,AWP,WE,Towers with Radar,475,29,38,10,552,59,43,168,0,270,534,72,206,10,822,6,0,6,828
07/09/2001,HNL,HI,AWP,WE,Towers with Radar,544,34,45,41,664,0,119,202,0,321,544,153,247,41,985,26,0,26,1011
07/10/2001,HNL,HI,AWP,WE,Towers with Radar,539,33,43,49,664,0,111,186,14,311,539,144,229,63,975,6,0,6,981
07/11/2001,HNL,HI,AWP,WE,Towers with Radar,539,33,43,48,663,22,42,267,6,337,561,75,310,54,1000,20,0,20,1020
07/12/2001,HNL,HI,AWP,WE,Towers with Radar,489,35,45,51,620,0,125,276,32,433,489,160,321,83,1053,20,16,36,1089
07/13/2001,HNL,HI,AWP,WE,Towers with Radar,600,37,48,53,738,0,78,208,3,289,600,115,256,56,1027,24,0,24,1051
07/14/2001,HNL,HI,AWP,WE,Towers with Radar,554,35,45,51,685,0,50,243,18,311,554,85,288,69,996,0,0,0,996
07/15/2001,HNL,HI,AWP,WE,Towers with Radar,475,29,38,25,567,22,53,179,0,254,497,82,217,25,821,12,0,12,833
07/16/2001,HNL,HI,AWP,WE,Towers with Radar,542,33,43,27,645,22,58,217,0,297,564,91,260,27,942,38,0,38,980
07/17/2001,HNL,HI,AWP,WE,Towers with Radar,538,36,46,53,673,0,125,188,12,325,538,161,234,65,998,10,0,10,1008
07/18/2001,HNL,HI,AWP,WE,Towers with Radar,527,37,48,54,666,0,42,278,8,328,527,79,326,62,994,26,0,26,1020
07/19/2001,HNL,HI,AWP,WE,Towers with Radar,538,34,44,51,667,0,85,250,6,341,538,119,294,57,1008,30,6,36,1044
07/20/2001,HNL,HI,AWP,WE,Towers with Radar,589,36,48,54,727,0,95,214,2,311,589,131,262,56,1038,42,0,42,1080
07/21/2001,HNL,HI,AWP,WE,Towers with Radar,529,32,42,31,634,27,65,234,0,326,556,97,276,31,960,0,0,0,960
07/22/2001,HNL,HI,AWP,WE,Towers with Radar,523,32,42,34,631,42,60,181,0,283,565,92,223,34,914,42,0,42,956
07/23/2001,HNL,HI,AWP,WE,Towers with Radar,535,33,45,47,660,0,61,258,0,319,535,94,303,47,979,12,2,14,993
07/24/2001,HNL,HI,AWP,WE,Towers with Radar,507,33,44,49,633,0,101,171,10,282,507,134,215,59,915,24,0,24,939
07/25/2001,HNL,HI,AWP,WE,Towers with Radar,544,33,45,50,672,0,39,254,11,304,544,72,299,61,976,22,6,28,1004
07/26/2001,HNL,HI,AWP,WE,Towers with Radar,535,32,43,40,650,3,93,230,0,326,538,125,273,40,976,4,0,4,980
07/27/2001,HNL,HI,AWP,WE,Towers with Radar,573,34,45,51,703,12,79,202,4,297,585,113,247,55,1000,10,0,10,1010
07/28/2001,HNL,HI,AWP,WE,Towers with Radar,510,30,41,37,618,19,42,205,0,266,529,72,246,37,884,0,0,0,884
07/29/2001,HNL,HI,AWP,WE,Towers with Radar,494,29,39,32,594,55,28,137,0,220,549,57,176,32,814,0,0,0,814
07/30/2001,HNL,HI,AWP,WE,Towers with Radar,545,33,45,50,673,0,108,185,0,293,545,141,230,50,966,24,0,24,990
07/31/2001,HNL,HI,AWP,WE,Towers with Radar,529,31,42,47,649,3,60,154,5,222,532,91,196,52,871,16,4,20,891
08/01/2001,HNL,HI,AWP,WE,Towers with Radar,551,39,53,46,689,0,69,216,20,305,551,108,269,66,994,26,4,30,1024
08/02/2001,HNL,HI,AWP,WE,Towers with Radar,527,36,48,41,652,0,80,179,30,289,527,116,227,71,941,28,0,28,969
08/03/2001,HNL,HI,AWP,WE,Towers with Radar,559,37,51,38,685,0,76,175,0,251,559,113,226,38,936,14,0,14,950
08/04/2001,HNL,HI,AWP,WE,Towers with Radar,538,34,49,42,663,28,80,169,5,282,566,114,218,47,945,46,0,46,991
08/05/2001,HNL,HI,AWP,WE,Towers with Radar,458,29,42,18,547,54,46,110,0,210,512,75,152,18,757,0,0,0,757
08/06/2001,HNL,HI,AWP,WE,Towers with Radar,573,37,52,45,707,7,75,181,7,270,580,112,233,52,977,42,4,46,1023
08/07/2001,HNL,HI,AWP,WE,Towers with Radar,522,33,48,41,644,16,78,205,0,299,538,111,253,41,943,20,0,20,963
08/08/2001,HNL,HI,AWP,WE,Towers with Radar,532,34,48,41,655,3,96,215,4,318,535,130,263,45,973,34,0,34,1007
08/09/2001,HNL,HI,AWP,WE,Towers with Radar,550,40,55,48,693,0,85,243,43,371,550,125,298,91,1064,56,26,82,1146
08/10/2001,HNL,HI,AWP,WE,Towers with Radar,608,41,55,49,753,0,149,176,1,326,608,190,231,50,1079,10,0,10,1089
08/11/2001,HNL,HI,AWP,WE,Towers with Radar,530,35,47,21,633,46,64,131,0,241,576,99,178,21,874,26,0,26,900
08/12/2001,HNL,HI,AWP,WE,Towers with Radar,526,34,47,32,639,45,65,173,0,283,571,99,220,32,922,10,0,10,932
08/13/2001,HNL,HI,AWP,WE,Towers with Radar,566,40,54,42,702,0,93,229,0,322,566,133,283,42,1024,24,0,24,1048
08/14/2001,HNL,HI,AWP,WE,Towers with Radar,549,37,50,43,679,0,60,264,17,341,549,97,314,60,1020,14,0,14,1034
08/15/2001,HNL,HI,AWP,WE,Towers with Radar,538,37,50,41,666,0,60,266,0,326,538,97,316,41,992,26,0,26,1018
08/16/2001,HNL,HI,AWP,WE,Towers with Radar,559,39,53,48,699,0,109,218,8,335,559,148,271,56,1034,6,0,6,1040
08/17/2001,HNL,HI,AWP,WE,Towers with Radar,592,39,53,37,721,5,106,220,0,331,597,145,273,37,1052,16,4,20,1072
08/18/2001,HNL,HI,AWP,WE,Towers with Radar,511,34,45,30,620,37,57,139,0,233,548,91,184,30,853,12,0,12,865
08/19/2001,HNL,HI,AWP,WE,Towers with Radar,506,32,44,22,604,50,43,156,0,249,556,75,200,22,853,12,0,12,865
08/20/2001,HNL,HI,AWP,WE,Towers with Radar,543,35,47,42,667,2,98,177,0,277,545,133,224,42,944,42,0,42,986
08/21/2001,HNL,HI,AWP,WE,Towers with Radar,521,36,51,45,653,0,109,158,16,283,521,145,209,61,936,12,0,12,948
08/22/2001,HNL,HI,AWP,WE,Towers with Radar,499,33,46,40,618,0,97,203,18,318,499,130,249,58,936,40,0,40,976
08/23/2001,HNL,HI,AWP,WE,Towers with Radar,537,37,53,46,673,0,93,226,25,344,537,130,279,71,1017,32,12,44,1061
08/24/2001,HNL,HI,AWP,WE,Towers with Radar,549,35,49,43,676,15,83,213,0,311,564,118,262,43,987,10,0,10,997
08/25/2001,HNL,HI,AWP,WE,Towers with Radar,527,33,47,28,635,33,58,198,0,289,560,91,245,28,924,10,0,10,934
08/26/2001,HNL,HI,AWP,WE,Towers with Radar,490,31,44,15,580,58,27,144,0,229,548,58,188,15,809,0,0,0,809
08/27/2001,HNL,HI,AWP,WE,Towers with Radar,548,35,49,34,666,6,60,176,0,242,554,95,225,34,908,12,0,12,920
08/28/2001,HNL,HI,AWP,WE,Towers with Radar,537,35,49,43,664,0,63,217,4,284,537,98,266,47,948,22,0,22,970
08/29/2001,HNL,HI,AWP,WE,Towers with Radar,528,34,47,41,650,0,83,211,12,306,528,117,258,53,956,24,0,24,980
08/30/2001,HNL,HI,AWP,WE,Towers with Radar,528,40,40,48,656,0,77,218,5,300,528,117,258,53,956,24,0,24,980
08/31/2001,HNL,HI,AWP,WE,Towers with Radar,578,37,52,46,713,0,105,135,3,243,578,142,187,49,956,16,2,18,974
09/01/2001,HNL,HI,AWP,WE,Towers with Radar,483,43,40,29,595,55,69,216,0,340,538,112,256,29,935,12,0,12,947
09/02/2001,HNL,HI,AWP,WE,Towers with Radar,490,43,40,27,600,52,73,241,0,366,542,116,281,27,966,16,0,16,982
09/03/2001,HNL,HI,AWP,WE,Towers with Radar,471,42,39,15,567,39,48,201,0,288,510,90,240,15,855,16,0,16,871
09/04/2001,HNL,HI,AWP,WE,Towers with Radar,498,43,42,51,634,0,47,206,9,262,498,90,248,60,896,6,2,8,904
09/05/2001,HNL,HI,AWP,WE,Towers with Radar,477,45,44,53,619,0,51,244,24,319,477,96,288,77,938,48,10,58,996
09/06/2001,HNL,HI,AWP,WE,Towers with Radar,526,44,44,53,667,20,102,221,0,343,546,146,265,53,1010,26,8,34,1044
09/07/2001,HNL,HI,AWP,WE,Towers with Radar,546,32,38,54,670,29,72,233,8,342,575,104,271,62,1012,40,0,40,1052
09/08/2001,HNL,HI,AWP,WE,Towers with Radar,487,41,41,49,618,34,55,197,4,290,521,96,238,53,908,0,0,0,908
09/09/2001,HNL,HI,AWP,WE,Towers with Radar,481,40,40,32,593,36,58,218,0,312,517,98,258,32,905,20,0,20,925
09/10/2001,HNL,HI,AWP,WE,Towers with Radar,496,42,42,41,621,0,84,195,0,279,496,126,237,41,900,26,2,28,928
09/11/2001,HNL,HI,AWP,WE,Towers with Radar,51,5,1,5,62,0,7,0,16,23,51,12,1,21,85,0,0,0,85
09/12/2001,HNL,HI,AWP,WE,Towers with Radar,0,2,1,1,4,0,12,0,8,20,0,14,1,9,24,0,0,0,24
09/13/2001,HNL,HI,AWP,WE,Towers with Radar,194,50,2,30,276,0,61,5,11,77,194,111,7,41,353,0,0,0,353
09/14/2001,HNL,HI,AWP,WE,Towers with Radar,501,43,5,44,593,9,138,0,0,147,510,181,5,44,740,4,6,10,750
09/15/2001,HNL,HI,AWP,WE,Towers with Radar,464,40,8,36,548,43,39,0,0,82,507,79,8,36,630,0,0,0,630
09/16/2001,HNL,HI,AWP,WE,Towers with Radar,227,20,13,17,277,268,16,0,0,284,495,36,13,17,561,14,0,14,575
09/17/2001,HNL,HI,AWP,WE,Towers with Radar,498,43,41,52,634,0,78,0,0,78,498,121,41,52,712,4,4,8,720
09/18/2001,HNL,HI,AWP,WE,Towers with Radar,477,42,31,42,592,0,98,0,0,98,477,140,31,42,690,0,0,0,690
09/19/2001,HNL,HI,AWP,WE,Towers with Radar,565,48,45,46,704,5,92,0,0,97,570,140,45,46,801,2,0,2,803
09/20/2001,HNL,HI,AWP,WE,Towers with Radar,465,42,41,52,600,0,69,13,32,114,465,111,54,84,714,0,0,0,714
09/21/2001,HNL,HI,AWP,WE,Towers with Radar,535,52,49,63,699,0,92,76,38,206,535,144,125,101,905,0,0,0,905
09/22/2001,HNL,HI,AWP,WE,Towers with Radar,522,46,43,57,668,0,78,114,6,198,522,124,157,63,866,0,0,0,866
09/23/2001,HNL,HI,AWP,WE,Towers with Radar,497,42,40,51,630,5,39,72,16,132,502,81,112,67,762,0,0,0,762
09/24/2001,HNL,HI,AWP,WE,Towers with Radar,542,47,43,55,687,6,78,97,0,181,548,125,140,55,868,24,0,24,892
09/25/2001,HNL,HI,AWP,WE,Towers with Radar,435,41,38,49,563,0,140,126,18,284,435,181,164,67,847,0,0,0,847
09/26/2001,HNL,HI,AWP,WE,Towers with Radar,447,44,41,47,579,0,106,106,0,212,447,150,147,47,791,16,0,16,807
09/27/2001,HNL,HI,AWP,WE,Towers with Radar,454,42,39,50,585,0,123,98,20,241,454,165,137,70,826,0,0,0,826
09/28/2001,HNL,HI,AWP,WE,Towers with Radar,476,43,40,51,610,0,76,102,4,182,476,119,142,55,792,12,0,12,804
09/29/2001,HNL,HI,AWP,WE,Towers with Radar,429,37,34,24,524,36,35,129,0,200,465,72,163,24,724,2,0,2,726
09/30/2001,HNL,HI,AWP,WE,Towers with Radar,419,36,34,21,510,38,28,105,0,171,457,64,139,21,681,0,0,0,681
10/01/2001,HNL,HI,AWP,WE,Towers with Radar,454,41,50,51,596,0,124,87,19,230,454,165,137,70,826,0,0,0,826
10/02/2001,HNL,HI,AWP,WE,Towers with Radar,438,40,49,50,577,0,97,146,14,257,438,137,195,64,834,0,0,0,834
10/03/2001,HNL,HI,AWP,WE,Towers with Radar,438,41,64,51,594,11,96,134,0,241,449,137,198,51,835,10,0,10,845
10/04/2001,HNL,HI,AWP,WE,Towers with Radar,454,39,48,46,587,0,107,157,0,264,454,146,205,46,851,0,0,0,851
10/05/2001,HNL,HI,AWP,WE,Towers with Radar,500,43,52,43,638,10,99,144,0,253,510,142,196,43,891,6,0,6,897
10/06/2001,HNL,HI,AWP,WE,Towers with Radar,435,37,46,40,558,21,81,158,0,260,456,118,204,40,818,0,0,0,818
10/07/2001,HNL,HI,AWP,WE,Towers with Radar,431,37,45,29,542,19,66,50,0,135,450,103,95,29,677,0,0,0,677
10/08/2001,HNL,HI,AWP,WE,Towers with Radar,462,40,49,24,575,17,92,103,0,212,479,132,152,24,787,0,0,0,787
10/09/2001,HNL,HI,AWP,WE,Towers with Radar,424,37,45,38,544,0,53,134,0,187,424,90,179,38,731,12,4,16,747
10/10/2001,HNL,HI,AWP,WE,Towers with Radar,418,36,44,44,542,0,98,144,0,242,418,134,188,44,784,0,0,0,784
10/11/2001,HNL,HI,AWP,WE,Towers with Radar,434,37,45,45,561,6,83,154,0,243,440,120,199,45,804,12,2,14,818
10/12/2001,HNL,HI,AWP,WE,Towers with Radar,464,41,49,44,598,0,74,151,0,225,464,115,200,44,823,0,0,0,823
10/13/2001,HNL,HI,AWP,WE,Towers with Radar,432,38,46,47,563,0,72,159,0,231,432,110,205,47,794,0,0,0,794
10/14/2001,HNL,HI,AWP,WE,Towers with Radar,395,34,41,26,496,32,55,94,0,181,427,89,135,26,677,0,0,0,677
10/15/2001,HNL,HI,AWP,WE,Towers with Radar,433,37,44,37,551,12,88,116,0,216,445,125,160,37,767,0,0,0,767
10/16/2001,HNL,HI,AWP,WE,Towers with Radar,431,38,45,48,562,0,58,163,5,226,431,96,208,53,788,6,0,6,794
10/17/2001,HNL,HI,AWP,WE,Towers with Radar,454,41,49,51,595,0,82,196,0,278,454,123,245,51,873,30,0,30,903
10/18/2001,HNL,HI,AWP,WE,Towers with Radar,432,41,48,50,571,0,77,193,20,290,432,118,241,70,861,22,0,22,883
10/19/2001,HNL,HI,AWP,WE,Towers with Radar,456,40,47,43,586,19,59,136,0,214,475,99,183,43,800,12,0,12,812
10/20/2001,HNL,HI,AWP,WE,Towers with Radar,397,34,42,28,501,38,35,156,0,229,435,69,198,28,730,6,0,6,736
10/21/2001,HNL,HI,AWP,WE,Towers with Radar,378,33,39,31,481,44,72,131,0,247,422,105,170,31,728,0,0,0,728
10/22/2001,HNL,HI,AWP,WE,Towers with Radar,432,39,46,48,565,0,83,177,0,260,432,122,223,48,825,2,0,2,827
10/23/2001,HNL,HI,AWP,WE,Towers with Radar,418,40,48,49,555,0,98,190,10,298,418,138,238,59,853,0,0,0,853
10/24/2001,HNL,HI,AWP,WE,Towers with Radar,426,40,47,48,561,0,44,217,16,277,426,84,264,64,838,0,0,0,838
10/25/2001,HNL,HI,AWP,WE,Towers with Radar,465,41,49,41,596,9,66,167,0,242,474,107,216,41,838,0,0,0,838
10/26/2001,HNL,HI,AWP,WE,Towers with Radar,455,42,50,51,598,0,63,235,5,303,455,105,285,56,901,28,6,34,935
10/27/2001,HNL,HI,AWP,WE,Towers with Radar,397,35,42,24,498,9,34,88,0,131,406,69,130,24,629,8,0,8,637
10/28/2001,HNL,HI,AWP,WE,Towers with Radar,396,35,42,26,499,29,57,56,0,142,425,92,98,26,641,0,0,0,641
10/29/2001,HNL,HI,AWP,WE,Towers with Radar,436,38,46,27,547,10,81,130,0,221,446,119,176,27,768,26,0,26,794
10/30/2001,HNL,HI,AWP,WE,Towers with Radar,427,41,48,49,565,0,66,206,4,276,427,107,254,53,841,0,0,0,841
10/31/2001,HNL,HI,AWP,WE,Towers with Radar,406,36,43,36,521,0,58,176,0,234,406,94,219,36,755,34,0,34,789
11/01/2001,HNL,HI,AWP,WE,Towers with Radar,427,46,50,46,569,0,64,189,28,281,427,110,239,74,850,24,0,24,874
11/02/2001,HNL,HI,AWP,WE,Towers with Radar,459,49,53,50,611,0,95,162,20,277,459,144,215,70,888,18,0,18,906
11/03/2001,HNL,HI,AWP,WE,Towers with Radar,372,36,41,39,488,5,66,128,9,208,377,102,169,48,696,0,0,0,696
11/04/2001,HNL,HI,AWP,WE,Towers with Radar,377,36,42,28,483,46,63,87,0,196,423,99,129,28,679,0,0,0,679
11/05/2001,HNL,HI,AWP,WE,Towers with Radar,422,41,47,43,553,14,119,120,11,264,436,160,167,54,817,14,0,14,831
11/06/2001,HNL,HI,AWP,WE,Towers with Radar,424,45,51,48,568,0,76,133,12,221,424,121,184,60,789,18,0,18,807
11/07/2001,HNL,HI,AWP,WE,Towers with Radar,426,47,53,51,577,0,55,192,35,282,426,102,245,86,859,12,0,12,871
11/08/2001,HNL,HI,AWP,WE,Towers with Radar,445,49,54,51,599,0,82,199,26,307,445,131,253,77,906,16,0,16,922
11/09/2001,HNL,HI,AWP,WE,Towers with Radar,463,46,51,49,609,0,109,172,6,287,463,155,223,55,896,18,0,18,914
11/10/2001,HNL,HI,AWP,WE,Towers with Radar,411,41,44,28,524,23,74,174,0,271,434,115,218,28,795,12,0,12,807
11/11/2001,HNL,HI,AWP,WE,Towers with Radar,402,40,43,28,513,21,75,157,0,253,423,115,200,28,766,0,0,0,766
11/12/2001,HNL,HI,AWP,WE,Towers with Radar,425,42,46,27,540,11,71,164,0,246,436,113,210,27,786,28,0,28,814
11/13/2001,HNL,HI,AWP,WE,Towers with Radar,426,45,48,47,566,0,67,209,4,280,426,112,257,51,846,16,0,16,862
11/14/2001,HNL,HI,AWP,WE,Towers with Radar,481,47,51,51,630,12,66,156,1,235,493,113,207,52,865,14,0,14,879
11/15/2001,HNL,HI,AWP,WE,Towers with Radar,433,44,48,47,572,0,93,204,12,309,433,137,252,59,881,0,0,0,881
11/16/2001,HNL,HI,AWP,WE,Towers with Radar,441,47,50,50,588,0,96,172,26,294,441,143,222,76,882,18,0,18,900
11/17/2001,HNL,HI,AWP,WE,Towers with Radar,488,48,52,26,614,0,71,270,0,341,488,119,322,26,955,6,0,6,961
11/18/2001,HNL,HI,AWP,WE,Towers with Radar,406,40,43,29,518,32,31,90,0,153,438,71,133,29,671,0,0,0,671
11/19/2001,HNL,HI,AWP,WE,Towers with Radar,437,42,46,42,567,37,65,133,0,235,474,107,179,42,802,14,0,14,816
11/20/2001,HNL,HI,AWP,WE,Towers with Radar,443,44,48,48,583,0,108,185,5,298,443,152,233,53,881,26,0,26,907
11/21/2001,HNL,HI,AWP,WE,Towers with Radar,486,48,52,46,632,0,106,200,0,306,486,154,252,46,938,12,0,12,950
11/22/2001,HNL,HI,AWP,WE,Towers with Radar,361,35,38,5,439,48,38,86,0,172,409,73,124,5,611,4,0,4,615
11/23/2001,HNL,HI,AWP,WE,Towers with Radar,443,43,47,31,564,0,118,189,0,307,443,161,236,31,871,16,0,16,887
11/24/2001,HNL,HI,AWP,WE,Towers with Radar,406,39,44,27,516,47,81,121,0,249,453,120,165,27,765,14,0,14,779
11/25/2001,HNL,HI,AWP,WE,Towers with Radar,425,41,46,17,529,58,49,139,0,246,483,90,185,17,775,0,0,0,775
11/26/2001,HNL,HI,AWP,WE,Towers with Radar,421,40,45,27,533,28,77,72,0,177,449,117,117,27,710,0,0,0,710
11/27/2001,HNL,HI,AWP,WE,Towers with Radar,214,23,22,24,283,0,31,0,18,49,214,54,22,42,332,4,0,4,336
11/28/2001,HNL,HI,AWP,WE,Towers with Radar,414,42,47,45,548,0,79,123,14,216,414,121,170,59,764,22,0,22,786
11/29/2001,HNL,HI,AWP,WE,Towers with Radar,454,45,50,36,585,0,61,200,0,261,454,106,250,36,846,14,0,14,860
11/30/2001,HNL,HI,AWP,WE,Towers with Radar,444,43,48,44,579,20,56,104,7,187,464,99,152,51,766,4,0,4,770
12/01/2001,HNL,HI,AWP,WE,Towers with Radar,424,45,42,41,552,0,33,126,55,214,424,78,168,96,766,0,0,0,766
12/02/2001,HNL,HI,AWP,WE,Towers with Radar,427,42,37,35,541,16,33,78,0,127,443,75,115,35,668,12,2,14,682
12/03/2001,HNL,HI,AWP,WE,Towers with Radar,447,44,39,36,566,0,86,126,0,212,447,130,165,36,778,8,0,8,786
12/04/2001,HNL,HI,AWP,WE,Towers with Radar,447,46,41,41,575,0,44,138,7,189,447,90,179,48,764,10,0,10,774
12/05/2001,HNL,HI,AWP,WE,Towers with Radar,434,45,42,42,563,0,98,101,28,227,434,143,143,70,790,12,0,12,802
12/06/2001,HNL,HI,AWP,WE,Towers with Radar,488,49,45,45,627,0,84,126,24,234,488,133,171,69,861,20,0,20,881
12/07/2001,HNL,HI,AWP,WE,Towers with Radar,490,48,45,44,627,0,74,142,21,237,490,122,187,65,864,0,2,2,866
12/08/2001,HNL,HI,AWP,WE,Towers with Radar,398,38,35,26,497,13,73,154,0,240,411,111,189,26,737,0,0,0,737
12/09/2001,HNL,HI,AWP,WE,Towers with Radar,428,41,38,20,527,19,48,141,0,208,447,89,179,20,735,6,0,6,741
12/10/2001,HNL,HI,AWP,WE,Towers with Radar,439,48,44,44,575,0,102,182,19,303,439,150,226,63,878,14,6,20,898
12/11/2001,HNL,HI,AWP,WE,Towers with Radar,468,52,48,47,615,0,72,205,23,300,468,124,253,70,915,20,0,20,935
12/12/2001,HNL,HI,AWP,WE,Towers with Radar,443,45,42,40,570,0,55,106,14,175,443,100,148,54,745,0,0,0,745
12/13/2001,HNL,HI,AWP,WE,Towers with Radar,441,42,39,34,556,0,31,0,0,31,441,73,39,34,587,12,2,14,601
12/14/2001,HNL,HI,AWP,WE,Towers with Radar,484,50,46,46,626,0,53,82,1,136,484,103,128,47,762,0,0,0,762
12/15/2001,HNL,HI,AWP,WE,Towers with Radar,432,41,39,37,549,5,27,154,3,189,437,68,193,40,738,0,0,0,738
12/16/2001,HNL,HI,AWP,WE,Towers with Radar,435,41,39,26,541,21,17,153,0,191,456,58,192,26,732,0,0,0,732
12/17/2001,HNL,HI,AWP,WE,Towers with Radar,480,47,46,38,611,0,78,157,0,235,480,125,203,38,846,20,0,20,866
12/18/2001,HNL,HI,AWP,WE,Towers with Radar,465,45,44,42,596,0,62,184,12,258,465,107,228,54,854,14,0,14,868
12/19/2001,HNL,HI,AWP,WE,Towers with Radar,480,48,46,44,618,0,79,198,2,279,480,127,244,46,897,14,0,14,911
12/20/2001,HNL,HI,AWP,WE,Towers with Radar,475,48,47,44,614,0,77,165,1,243,475,125,212,45,857,0,0,0,857
12/21/2001,HNL,HI,AWP,WE,Towers with Radar,510,47,45,36,638,14,69,165,0,248,524,116,210,36,886,0,0,0,886
12/22/2001,HNL,HI,AWP,WE,Towers with Radar,457,42,40,8,547,52,32,180,0,264,509,74,220,8,811,40,2,42,853
12/23/2001,HNL,HI,AWP,WE,Towers with Radar,441,41,39,12,533,44,36,43,0,123,485,77,82,12,656,0,0,0,656
12/24/2001,HNL,HI,AWP,WE,Towers with Radar,423,39,37,9,508,22,106,160,0,288,445,145,197,9,796,0,0,0,796
12/25/2001,HNL,HI,AWP,WE,Towers with Radar,355,33,31,4,423,73,17,49,0,139,428,50,80,4,562,0,0,0,562
12/26/2001,HNL,HI,AWP,WE,Towers with Radar,465,43,41,12,561,3,89,143,0,235,468,132,184,12,796,22,0,22,818
12/27/2001,HNL,HI,AWP,WE,Towers with Radar,434,40,38,18,530,28,87,165,0,280,462,127,203,18,810,0,0,0,810
12/28/2001,HNL,HI,AWP,WE,Towers with Radar,477,44,42,26,589,40,101,124,0,265,517,145,166,26,854,4,0,4,858
12/29/2001,HNL,HI,AWP,WE,Towers with Radar,447,41,39,13,540,45,33,133,0,211,492,74,172,13,751,0,0,0,751
12/30/2001,HNL,HI,AWP,WE,Towers with Radar,391,36,35,14,476,53,39,109,0,201,444,75,144,14,677,0,0,0,677
12/31/2001,HNL,HI,AWP,WE,Towers with Radar,424,39,37,15,515,44,111,110,0,265,468,150,147,15,780,2,0,2,782
01/01/2002,HNL,HI,AWP,WE,Towers with Radar,378,30,34,11,453,71,25,98,0,194,449,55,132,11,647,0,0,0,647
01/02/2002,HNL,HI,AWP,WE,Towers with Radar,462,36,41,23,562,22,109,178,0,309,484,145,219,23,871,0,0,0,871
01/03/2002,HNL,HI,AWP,WE,Towers with Radar,461,36,41,49,587,26,85,188,11,310,487,121,229,60,897,0,0,0,897
01/04/2002,HNL,HI,AWP,WE,Towers with Radar,502,39,45,30,616,18,109,201,0,328,520,148,246,30,944,20,0,20,964
01/05/2002,HNL,HI,AWP,WE,Towers with Radar,487,38,43,52,620,21,86,136,19,262,508,124,179,71,882,0,0,0,882
01/06/2002,HNL,HI,AWP,WE,Towers with Radar,462,36,41,26,565,34,36,89,0,159,496,72,130,26,724,0,0,0,724
01/07/2002,HNL,HI,AWP,WE,Towers with Radar,463,39,44,35,581,0,106,238,0,344,463,145,282,35,925,44,0,44,969
01/08/2002,HNL,HI,AWP,WE,Towers with Radar,440,34,39,47,560,6,118,143,25,292,446,152,182,72,852,14,0,14,866
01/09/2002,HNL,HI,AWP,WE,Towers with Radar,456,36,41,41,574,15,84,165,0,264,471,120,206,41,838,0,0,0,838
01/10/2002,HNL,HI,AWP,WE,Towers with Radar,472,39,46,45,602,0,75,196,0,271,472,114,242,45,873,0,0,0,873
01/11/2002,HNL,HI,AWP,WE,Towers with Radar,512,40,47,51,650,0,83,201,0,284,512,123,248,51,934,10,0,10,944
01/12/2002,HNL,HI,AWP,WE,Towers with Radar,452,36,41,36,565,10,23,95,0,128,462,59,136,36,693,0,0,0,693
01/13/2002,HNL,HI,AWP,WE,Towers with Radar,440,34,39,29,542,17,38,199,0,254,457,72,238,29,796,0,0,0,796
01/14/2002,HNL,HI,AWP,WE,Towers with Radar,456,36,41,39,572,14,77,160,0,251,470,113,201,39,823,30,0,30,853
01/15/2002,HNL,HI,AWP,WE,Towers with Radar,452,38,43,50,583,0,103,193,21,317,452,141,236,71,900,20,0,20,920
01/16/2002,HNL,HI,AWP,WE,Towers with Radar,442,38,44,53,577,0,100,164,9,273,442,138,208,62,850,14,2,16,866
01/17/2002,HNL,HI,AWP,WE,Towers with Radar,458,37,42,51,588,0,89,126,4,219,458,126,168,55,807,16,0,16,823
01/18/2002,HNL,HI,AWP,WE,Towers with Radar,501,39,45,44,629,11,53,49,0,113,512,92,94,44,742,2,0,2,744
01/19/2002,HNL,HI,AWP,WE,Towers with Radar,433,33,39,23,528,25,62,25,0,112,458,95,64,23,640,0,0,0,640
01/20/2002,HNL,HI,AWP,WE,Towers with Radar,454,35,41,42,572,16,37,30,0,83,470,72,71,42,655,0,0,0,655
01/21/2002,HNL,HI,AWP,WE,Towers with Radar,426,32,38,20,516,7,74,184,0,265,433,106,222,20,781,0,0,0,781
01/22/2002,HNL,HI,AWP,WE,Towers with Radar,428,32,39,46,545,0,74,111,13,198,428,106,150,59,743,0,0,0,743
01/23/2002,HNL,HI,AWP,WE,Towers with Radar,441,33,39,47,560,15,131,186,0,332,456,164,225,47,892,4,0,4,896
01/24/2002,HNL,HI,AWP,WE,Towers with Radar,451,37,43,50,581,0,95,194,3,292,451,132,237,53,873,24,0,24,897
01/25/2002,HNL,HI,AWP,WE,Towers with Radar,502,42,49,58,651,0,84,169,8,261,502,126,218,66,912,32,0,32,944
01/26/2002,HNL,HI,AWP,WE,Towers with Radar,443,34,39,28,544,9,68,149,0,226,452,102,188,28,770,0,0,0,770
01/27/2002,HNL,HI,AWP,WE,Towers with Radar,458,36,40,39,573,19,49,161,0,229,477,85,201,39,802,16,0,16,818
01/28/2002,HNL,HI,AWP,WE,Towers with Radar,428,34,39,42,543,0,65,102,0,167,428,99,141,42,710,26,0,26,736
01/29/2002,HNL,HI,AWP,WE,Towers with Radar,421,35,39,47,542,0,24,0,4,28,421,59,39,51,570,6,0,6,576
01/30/2002,HNL,HI,AWP,WE,Towers with Radar,450,36,39,48,573,0,80,127,2,209,450,116,166,50,782,6,6,12,794
01/31/2002,HNL,HI,AWP,WE,Towers with Radar,467,41,45,53,606,0,54,111,0,165,467,95,156,53,771,0,0,0,771
02/01/2002,HNL,HI,AWP,WE,Towers with Radar,470,35,54,35,594,33,66,188,0,287,503,101,242,35,881,2,0,2,883
02/02/2002,HNL,HI,AWP,WE,Towers with Radar,439,32,51,17,539,27,69,204,0,300,466,101,255,17,839,0,0,0,839
02/03/2002,HNL,HI,AWP,WE,Towers with Radar,419,31,48,22,520,56,38,161,0,255,475,69,209,22,775,0,0,0,775
02/04/2002,HNL,HI,AWP,WE,Towers with Radar,453,34,55,38,580,0,60,90,0,150,453,94,145,38,730,28,0,28,758
02/05/2002,HNL,HI,AWP,WE,Towers with Radar,450,33,54,34,571,0,151,176,0,327,450,184,230,34,898,4,0,4,902
02/06/2002,HNL,HI,AWP,WE,Towers with Radar,493,38,60,51,642,0,136,177,6,319,493,174,237,57,961,30,0,30,991
02/07/2002,HNL,HI,AWP,WE,Towers with Radar,436,31,51,43,561,3,112,188,0,303,439,143,239,43,864,0,0,0,864
02/08/2002,HNL,HI,AWP,WE,Towers with Radar,506,37,60,46,649,0,64,16,0,80,506,101,76,46,729,0,0,0,729
02/09/2002,HNL,HI,AWP,WE,Towers with Radar,471,34,55,37,597,23,53,145,0,221,494,87,200,37,818,0,0,0,818
02/10/2002,HNL,HI,AWP,WE,Towers with Radar,431,31,51,20,533,48,56,126,0,230,479,87,177,20,763,22,0,22,785
02/11/2002,HNL,HI,AWP,WE,Towers with Radar,460,35,59,29,583,0,101,178,0,279,460,136,237,29,862,8,0,8,870
02/12/2002,HNL,HI,AWP,WE,Towers with Radar,456,33,55,40,584,0,91,138,0,229,456,124,193,40,813,12,0,12,825
02/13/2002,HNL,HI,AWP,WE,Towers with Radar,471,35,59,38,603,0,98,179,0,277,471,133,238,38,880,24,0,24,904
02/14/2002,HNL,HI,AWP,WE,Towers with Radar,454,32,55,44,585,9,139,170,9,327,463,171,225,53,912,12,0,12,924
02/15/2002,HNL,HI,AWP,WE,Towers with Radar,510,35,60,33,638,22,104,171,0,297,532,139,231,33,935,18,0,18,953
02/16/2002,HNL,HI,AWP,WE,Towers with Radar,469,33,55,28,585,38,46,196,0,280,507,79,251,28,865,8,4,12,877
02/17/2002,HNL,HI,AWP,WE,Towers with Radar,431,30,51,35,547,48,20,120,0,188,479,50,171,35,735,18,0,18,753
02/18/2002,HNL,HI,AWP,WE,Towers with Radar,438,30,52,22,542,46,108,169,0,323,484,138,221,22,865,0,0,0,865
02/19/2002,HNL,HI,AWP,WE,Towers with Radar,480,33,56,48,617,0,109,161,28,298,480,142,217,76,915,0,0,0,915
02/20/2002,HNL,HI,AWP,WE,Towers with Radar,463,35,58,49,605,0,77,182,29,288,463,112,240,78,893,52,0,52,945
02/21/2002,HNL,HI,AWP,WE,Towers with Radar,477,35,59,49,620,0,78,220,4,302,477,113,279,53,922,14,2,16,938
02/22/2002,HNL,HI,AWP,WE,Towers with Radar,520,39,63,54,676,0,88,191,10,289,520,127,254,64,965,56,0,56,1021
02/23/2002,HNL,HI,AWP,WE,Towers with Radar,473,33,55,34,595,39,64,189,0,292,512,97,244,34,887,8,6,14,901
02/24/2002,HNL,HI,AWP,WE,Towers with Radar,429,30,50,21,530,16,62,160,0,238,445,92,210,21,768,28,8,36,804
02/25/2002,HNL,HI,AWP,WE,Towers with Radar,466,34,56,48,604,0,75,98,17,190,466,109,154,65,794,48,0,48,842
02/26/2002,HNL,HI,AWP,WE,Towers with Radar,464,36,57,50,607,0,75,112,22,209,464,111,169,72,816,12,0,12,828
02/27/2002,HNL,HI,AWP,WE,Towers with Radar,472,37,61,53,623,0,67,180,11,258,472,104,241,64,881,32,0,32,913
02/28/2002,HNL,HI,AWP,WE,Towers with Radar,489,42,67,58,656,0,83,263,35,381,489,125,330,93,1037,60,0,60,1097
03/01/2002,HNL,HI,AWP,WE,Towers with Radar,522,44,54,46,666,0,85,225,1,311,522,129,279,47,977,24,0,24,1001
03/02/2002,HNL,HI,AWP,WE,Towers with Radar,469,39,48,38,594,7,21,199,0,227,476,60,247,38,821,26,0,26,847
03/03/2002,HNL,HI,AWP,WE,Towers with Radar,440,37,45,19,541,54,28,145,0,227,494,65,190,19,768,8,0,8,776
03/04/2002,HNL,HI,AWP,WE,Towers with Radar,461,41,49,31,582,0,72,213,0,285,461,113,262,31,867,22,0,22,889
03/05/2002,HNL,HI,AWP,WE,Towers with Radar,453,38,46,39,576,5,62,149,15,231,458,100,195,54,807,2,0,2,809
03/06/2002,HNL,HI,AWP,WE,Towers with Radar,469,40,48,41,598,0,102,121,4,227,469,142,169,45,825,24,0,24,849
03/07/2002,HNL,HI,AWP,WE,Towers with Radar,487,41,50,40,618,20,93,134,0,247,507,134,184,40,865,4,0,4,869
03/08/2002,HNL,HI,AWP,WE,Towers with Radar,476,39,49,40,604,28,127,172,0,327,504,166,221,40,931,6,2,8,939
03/09/2002,HNL,HI,AWP,WE,Towers with Radar,484,41,49,33,607,7,74,194,0,275,491,115,243,33,882,16,0,16,898
03/10/2002,HNL,HI,AWP,WE,Towers with Radar,438,37,45,23,543,45,28,193,0,266,483,65,238,23,809,14,0,14,823
03/11/2002,HNL,HI,AWP,WE,Towers with Radar,445,40,49,40,574,0,127,227,0,354,445,167,276,40,928,30,0,30,958
03/12/2002,HNL,HI,AWP,WE,Towers with Radar,460,39,47,38,584,28,103,163,2,296,488,142,210,40,880,10,0,10,890
03/13/2002,HNL,HI,AWP,WE,Towers with Radar,485,44,53,44,626,0,104,176,27,307,485,148,229,71,933,20,2,22,955
03/14/2002,HNL,HI,AWP,WE,Towers with Radar,481,43,52,44,620,0,85,252,22,359,481,128,304,66,979,4,0,4,983
03/15/2002,HNL,HI,AWP,WE,Towers with Radar,530,47,57,46,680,0,84,210,9,303,530,131,267,55,983,34,0,34,1017
03/16/2002,HNL,HI,AWP,WE,Towers with Radar,466,39,49,31,585,26,87,134,0,247,492,126,183,31,832,2,0,2,834
03/17/2002,HNL,HI,AWP,WE,Towers with Radar,482,42,51,15,590,0,44,115,0,159,482,86,166,15,749,16,0,16,765
03/18/2002,HNL,HI,AWP,WE,Towers with Radar,466,39,50,27,582,0,92,61,0,153,466,131,111,27,735,2,0,2,737
03/19/2002,HNL,HI,AWP,WE,Towers with Radar,475,42,52,41,610,0,81,154,13,248,475,123,206,54,858,12,0,12,870
03/20/2002,HNL,HI,AWP,WE,Towers with Radar,480,50,59,47,636,0,115,237,20,372,480,165,296,67,1008,16,2,18,1026
03/21/2002,HNL,HI,AWP,WE,Towers with Radar,493,46,54,44,637,0,98,232,6,336,493,144,286,50,973,8,0,8,981
03/22/2002,HNL,HI,AWP,WE,Towers with Radar,494,51,67,47,659,31,136,171,0,338,525,187,238,47,997,0,0,0,997
03/23/2002,HNL,HI,AWP,WE,Towers with Radar,490,42,51,32,615,33,88,223,0,344,523,130,274,32,959,14,0,14,973
03/24/2002,HNL,HI,AWP,WE,Towers with Radar,464,40,48,26,578,45,66,135,0,246,509,106,183,26,824,10,0,10,834
03/25/2002,HNL,HI,AWP,WE,Towers with Radar,478,43,52,41,614,0,85,85,4,174,478,128,137,45,788,32,0,32,820
03/26/2002,HNL,HI,AWP,WE,Towers with Radar,471,43,51,42,607,0,78,147,6,231,471,121,198,48,838,0,0,0,838
03/27/2002,HNL,HI,AWP,WE,Towers with Radar,484,46,56,36,622,0,97,199,0,296,484,143,255,36,918,18,0,18,936
03/28/2002,HNL,HI,AWP,WE,Towers with Radar,489,46,55,42,632,0,72,262,0,334,489,118,317,42,966,6,0,6,972
03/29/2002,HNL,HI,AWP,WE,Towers with Radar,503,44,52,30,629,38,123,21,0,182,541,167,73,30,811,0,0,0,811
03/30/2002,HNL,HI,AWP,WE,Towers with Radar,473,41,49,35,598,36,39,149,0,224,509,80,198,35,822,0,0,0,822
03/31/2002,HNL,HI,AWP,WE,Towers with Radar,440,38,45,12,535,61,39,102,0,202,501,77,147,12,737,26,0,26,763
04/01/2002,HNL,HI,AWP,WE,Towers with Radar,460,41,56,18,575,24,41,191,0,256,484,82,247,18,831,14,0,14,845
04/02/2002,HNL,HI,AWP,WE,Towers with Radar,520,47,63,58,688,0,50,126,13,189,520,97,189,71,877,6,0,6,883
04/03/2002,HNL,HI,AWP,WE,Towers with Radar,487,45,61,56,649,0,77,187,10,274,487,122,248,66,923,12,0,12,935
04/04/2002,HNL,HI,AWP,WE,Towers with Radar,492,46,65,58,661,0,79,206,0,285,492,125,271,58,946,0,0,0,946
04/05/2002,HNL,HI,AWP,WE,Towers with Radar,510,45,62,56,673,19,99,151,1,270,529,144,213,57,943,28,0,28,971
04/06/2002,HNL,HI,AWP,WE,Towers with Radar,485,43,59,54,641,8,37,119,29,193,493,80,178,83,834,0,0,0,834
04/07/2002,HNL,HI,AWP,WE,Towers with Radar,466,42,56,26,590,49,28,146,0,223,515,70,202,26,813,0,0,0,813
04/08/2002,HNL,HI,AWP,WE,Towers with Radar,451,40,55,47,593,28,68,149,0,245,479,108,204,47,838,4,0,4,842
04/09/2002,HNL,HI,AWP,WE,Towers with Radar,448,40,54,50,592,28,88,119,8,243,476,128,173,58,835,0,0,0,835
04/10/2002,HNL,HI,AWP,WE,Towers with Radar,489,46,63,53,651,0,102,260,0,362,489,148,323,53,1013,4,0,4,1017
04/11/2002,HNL,HI,AWP,WE,Towers with Radar,474,46,62,56,638,0,130,150,0,280,474,176,212,56,918,6,0,6,924
04/12/2002,HNL,HI,AWP,WE,Towers with Radar,504,45,61,48,658,25,96,198,0,319,529,141,259,48,977,18,0,18,995
04/13/2002,HNL,HI,AWP,WE,Towers with Radar,423,37,50,15,525,70,14,199,0,283,493,51,249,15,808,24,0,24,832
04/14/2002,HNL,HI,AWP,WE,Towers with Radar,419,38,50,29,536,46,27,171,0,244,465,65,221,29,780,8,0,8,788
04/15/2002,HNL,HI,AWP,WE,Towers with Radar,468,41,56,31,596,11,93,182,0,286,479,134,238,31,882,14,0,14,896
04/16/2002,HNL,HI,AWP,WE,Towers with Radar,472,48,63,54,637,0,84,207,0,291,472,132,270,54,928,18,0,18,946
04/17/2002,HNL,HI,AWP,WE,Towers with Radar,474,46,62,55,637,0,103,152,0,255,474,149,214,55,892,36,0,36,928
04/18/2002,HNL,HI,AWP,WE,Towers with Radar,480,47,63,58,648,0,95,179,3,277,480,142,242,61,925,0,0,0,925
04/19/2002,HNL,HI,AWP,WE,Towers with Radar,504,45,61,56,666,20,113,132,7,272,524,158,193,63,938,0,4,4,942
04/20/2002,HNL,HI,AWP,WE,Towers with Radar,430,38,52,24,544,50,84,68,0,202,480,122,120,24,746,0,0,0,746
04/21/2002,HNL,HI,AWP,WE,Towers with Radar,458,41,55,15,569,13,39,236,0,288,471,80,291,15,857,6,0,6,863
04/22/2002,HNL,HI,AWP,WE,Towers with Radar,487,43,60,41,631,0,76,145,0,221,487,119,205,41,852,34,0,34,886
04/23/2002,HNL,HI,AWP,WE,Towers with Radar,475,43,60,55,633,0,88,144,8,240,475,131,204,63,873,14,0,14,887
04/24/2002,HNL,HI,AWP,WE,Towers with Radar,481,47,65,59,652,0,92,165,24,281,481,139,230,83,933,16,0,16,949
04/25/2002,HNL,HI,AWP,WE,Towers with Radar,483,47,65,59,654,0,86,193,4,283,483,133,258,63,937,56,0,56,993
04/26/2002,HNL,HI,AWP,WE,Towers with Radar,497,43,60,38,638,16,11,169,0,196,513,54,229,38,834,20,0,20,854
04/27/2002,HNL,HI,AWP,WE,Towers with Radar,466,41,56,33,596,31,91,152,0,274,497,132,208,33,870,0,0,0,870
04/28/2002,HNL,HI,AWP,WE,Towers with Radar,440,38,53,28,559,32,37,145,0,214,472,75,198,28,773,0,0,0,773
04/29/2002,HNL,HI,AWP,WE,Towers with Radar,483,44,60,55,642,0,96,86,0,182,483,140,146,55,824,16,0,16,840
04/30/2002,HNL,HI,AWP,WE,Towers with Radar,471,44,60,55,630,0,96,165,29,290,471,140,225,84,920,8,0,8,928
05/01/2002,HNL,HI,AWP,WE,Towers with Radar,483,54,64,52,653,0,71,172,16,259,483,125,236,68,912,14,0,14,926
05/02/2002,HNL,HI,AWP,WE,Towers with Radar,476,54,63,51,644,0,82,213,31,326,476,136,276,82,970,14,0,14,984
05/03/2002,HNL,HI,AWP,WE,Towers with Radar,524,57,68,55,704,0,81,166,13,260,524,138,234,68,964,56,0,56,1020
05/04/2002,HNL,HI,AWP,WE,Towers with Radar,475,51,60,49,635,0,75,166,50,291,475,126,226,99,926,0,0,0,926
05/05/2002,HNL,HI,AWP,WE,Towers with Radar,467,50,56,31,604,22,32,93,0,147,489,82,149,31,751,0,0,0,751
05/06/2002,HNL,HI,AWP,WE,Towers with Radar,480,54,61,34,629,0,74,77,0,151,480,128,138,34,780,8,0,8,788
05/07/2002,HNL,HI,AWP,WE,Towers with Radar,474,53,60,51,638,0,49,99,28,176,474,102,159,79,814,14,0,14,828
05/08/2002,HNL,HI,AWP,WE,Towers with Radar,479,54,61,51,645,0,69,180,16,265,479,123,241,67,910,10,0,10,920
05/09/2002,HNL,HI,AWP,WE,Towers with Radar,489,56,65,55,665,0,91,171,12,274,489,147,236,67,939,40,0,40,979
05/10/2002,HNL,HI,AWP,WE,Towers with Radar,512,56,65,54,687,0,93,134,20,247,512,149,199,74,934,14,2,16,950
05/11/2002,HNL,HI,AWP,WE,Towers with Radar,477,50,58,33,618,22,61,164,0,247,499,111,222,33,865,4,0,4,869
05/12/2002,HNL,HI,AWP,WE,Towers with Radar,426,45,52,23,546,48,43,93,0,184,474,88,145,23,730,2,0,2,732
05/13/2002,HNL,HI,AWP,WE,Towers with Radar,460,50,58,47,615,0,79,59,16,154,460,129,117,63,769,0,0,0,769
05/14/2002,HNL,HI,AWP,WE,Towers with Radar,457,52,61,51,621,0,113,159,28,300,457,165,220,79,921,40,0,40,961
05/15/2002,HNL,HI,AWP,WE,Towers with Radar,458,48,62,59,627,18,109,169,0,296,476,157,231,59,923,4,0,4,927
05/16/2002,HNL,HI,AWP,WE,Towers with Radar,473,50,58,36,617,0,85,185,0,270,473,135,243,36,887,30,0,30,917
05/17/2002,HNL,HI,AWP,WE,Towers with Radar,517,55,63,48,683,5,78,175,0,258,522,133,238,48,941,20,0,20,961
05/18/2002,HNL,HI,AWP,WE,Towers with Radar,477,50,58,20,605,7,71,240,0,318,484,121,298,20,923,0,0,0,923
05/19/2002,HNL,HI,AWP,WE,Towers with Radar,434,46,53,25,558,55,18,161,0,234,489,64,214,25,792,8,0,8,800
05/20/2002,HNL,HI,AWP,WE,Towers with Radar,465,49,57,27,598,18,94,172,0,284,483,143,229,27,882,0,0,0,882
05/21/2002,HNL,HI,AWP,WE,Towers with Radar,474,52,60,50,636,0,82,186,14,282,474,134,246,64,918,10,0,10,928
05/22/2002,HNL,HI,AWP,WE,Towers with Radar,475,51,59,48,633,0,82,162,11,255,475,133,221,59,888,28,2,30,918
05/23/2002,HNL,HI,AWP,WE,Towers with Radar,462,53,61,51,627,0,127,212,1,340,462,180,273,52,967,12,0,12,979
05/24/2002,HNL,HI,AWP,WE,Towers with Radar,518,54,63,43,678,31,133,161,0,325,549,187,224,43,1003,8,0,8,1011
05/25/2002,HNL,HI,AWP,WE,Towers with Radar,520,55,62,10,647,52,97,178,0,327,572,152,240,10,974,0,0,0,974
05/26/2002,HNL,HI,AWP,WE,Towers with Radar,382,40,47,11,480,75,27,124,0,226,457,67,171,11,706,0,0,0,706
05/27/2002,HNL,HI,AWP,WE,Towers with Radar,443,47,54,15,559,56,92,158,0,306,499,139,212,15,865,22,0,22,887
05/28/2002,HNL,HI,AWP,WE,Towers with Radar,474,51,60,38,623,0,108,175,0,283,474,159,235,38,906,60,0,60,966
05/29/2002,HNL,HI,AWP,WE,Towers with Radar,483,51,59,49,642,0,76,188,9,273,483,127,247,58,915,14,0,14,929
05/30/2002,HNL,HI,AWP,WE,Towers with Radar,484,55,64,51,654,0,97,163,0,260,484,152,227,51,914,42,0,42,956
05/31/2002,HNL,HI,AWP,WE,Towers with Radar,486,78,67,38,669,24,89,153,0,266,510,167,220,38,935,26,0,26,961
06/01/2002,HNL,HI,AWP,WE,Towers with Radar,461,48,60,41,610,18,86,126,6,236,479,134,186,47,846,2,0,2,848
06/02/2002,HNL,HI,AWP,WE,Towers with Radar,451,47,59,23,580,31,24,145,0,200,482,71,204,23,780,38,0,38,818
06/03/2002,HNL,HI,AWP,WE,Towers with Radar,487,53,66,27,633,0,95,186,0,281,487,148,252,27,914,44,0,44,958
06/04/2002,HNL,HI,AWP,WE,Towers with Radar,477,52,64,45,638,0,92,145,19,256,477,144,209,64,894,44,0,44,938
06/05/2002,HNL,HI,AWP,WE,Towers with Radar,496,53,66,37,652,0,84,197,0,281,496,137,263,37,933,36,0,36,969
06/06/2002,HNL,HI,AWP,WE,Towers with Radar,495,54,68,47,664,0,91,152,28,271,495,145,220,75,935,6,0,6,941
06/07/2002,HNL,HI,AWP,WE,Towers with Radar,535,57,72,50,714,0,129,170,2,301,535,186,242,52,1015,50,0,50,1065
06/08/2002,HNL,HI,AWP,WE,Towers with Radar,469,49,61,23,602,28,73,155,0,256,497,122,216,23,858,8,0,8,866
06/09/2002,HNL,HI,AWP,WE,Towers with Radar,472,49,61,29,611,29,43,194,0,266,501,92,255,29,877,18,0,18,895
06/10/2002,HNL,HI,AWP,WE,Towers with Radar,494,55,69,46,664,0,108,160,0,268,494,163,229,46,932,28,2,30,962
06/11/2002,HNL,HI,AWP,WE,Towers with Radar,484,53,67,46,650,0,81,204,3,288,484,134,271,49,938,16,0,16,954
06/12/2002,HNL,HI,AWP,WE,Towers with Radar,492,53,66,41,652,0,102,158,0,260,492,155,224,41,912,30,0,30,942
06/13/2002,HNL,HI,AWP,WE,Towers with Radar,491,52,65,41,649,0,84,191,0,275,491,136,256,41,924,12,22,34,958
06/14/2002,HNL,HI,AWP,WE,Towers with Radar,507,53,67,42,669,18,89,139,0,246,525,142,206,42,915,6,0,6,921
06/15/2002,HNL,HI,AWP,WE,Towers with Radar,464,48,61,31,604,28,79,188,0,295,492,127,249,31,899,0,0,0,899
06/16/2002,HNL,HI,AWP,WE,Towers with Radar,466,49,62,21,598,44,44,148,0,236,510,93,210,21,834,34,0,34,868
06/17/2002,HNL,HI,AWP,WE,Towers with Radar,478,49,63,32,622,27,129,125,0,281,505,178,188,32,903,32,2,34,937
06/18/2002,HNL,HI,AWP,WE,Towers with Radar,503,51,66,44,664,0,91,143,0,234,503,142,209,44,898,18,0,18,916
06/19/2002,HNL,HI,AWP,WE,Towers with Radar,495,52,68,45,660,0,99,139,12,250,495,151,207,57,910,46,2,48,958
06/20/2002,HNL,HI,AWP,WE,Towers with Radar,496,53,69,46,664,0,94,168,17,279,496,147,237,63,943,0,0,0,943
06/21/2002,HNL,HI,AWP,WE,Towers with Radar,554,59,75,52,740,0,75,160,30,265,554,134,235,82,1005,34,0,34,1039
06/22/2002,HNL,HI,AWP,WE,Towers with Radar,495,50,64,39,648,16,58,163,0,237,511,108,227,39,885,0,0,0,885
06/23/2002,HNL,HI,AWP,WE,Towers with Radar,479,49,62,42,632,5,38,82,10,135,484,87,144,52,767,18,0,18,785
06/24/2002,HNL,HI,AWP,WE,Towers with Radar,503,52,66,37,658,0,103,173,0,276,503,155,239,37,934,24,0,24,958
06/25/2002,HNL,HI,AWP,WE,Towers with Radar,477,49,62,38,626,17,100,150,0,267,494,149,212,38,893,22,0,22,915
06/26/2002,HNL,HI,AWP,WE,Towers with Radar,487,51,65,44,647,0,97,164,11,272,487,148,229,55,919,30,0,30,949
06/27/2002,HNL,HI,AWP,WE,Towers with Radar,494,52,66,45,657,0,108,131,20,259,494,160,197,65,916,20,0,20,936
06/28/2002,HNL,HI,AWP,WE,Towers with Radar,530,54,69,46,699,0,87,132,21,240,530,141,201,67,939,18,0,18,957
06/29/2002,HNL,HI,AWP,WE,Towers with Radar,485,49,63,20,617,23,88,155,0,266,508,137,218,20,883,2,0,2,885
06/30/2002,HNL,HI,AWP,WE,Towers with Radar,484,50,62,30,626,17,44,127,0,188,501,94,189,30,814,24,0,24,838
07/01/2002,HNL,HI,AWP,WE,Towers with Radar,514,58,54,51,677,0,119,149,7,275,514,177,203,58,952,24,0,24,976
07/02/2002,HNL,HI,AWP,WE,Towers with Radar,493,55,50,45,643,0,126,144,0,270,493,181,194,45,913,0,0,0,913
07/03/2002,HNL,HI,AWP,WE,Towers with Radar,500,55,50,42,647,0,89,152,0,241,500,144,202,42,888,12,0,12,900
07/04/2002,HNL,HI,AWP,WE,Towers with Radar,432,45,42,23,542,45,41,128,0,214,477,86,170,23,756,22,0,22,778
07/05/2002,HNL,HI,AWP,WE,Towers with Radar,513,53,50,46,662,18,88,150,0,256,531,141,200,46,918,14,0,14,932
07/06/2002,HNL,HI,AWP,WE,Towers with Radar,483,50,47,42,622,18,57,196,0,271,501,107,243,42,893,32,0,32,925
07/07/2002,HNL,HI,AWP,WE,Towers with Radar,459,48,45,18,570,31,40,159,0,230,490,88,204,18,800,16,0,16,816
07/08/2002,HNL,HI,AWP,WE,Towers with Radar,512,54,51,35,652,0,85,167,0,252,512,139,218,35,904,38,0,38,942
07/09/2002,HNL,HI,AWP,WE,Towers with Radar,476,52,49,46,623,0,109,185,22,316,476,161,234,68,939,30,0,30,969
07/10/2002,HNL,HI,AWP,WE,Towers with Radar,497,53,50,47,647,0,72,149,24,245,497,125,199,71,892,10,0,10,902
07/11/2002,HNL,HI,AWP,WE,Towers with Radar,497,53,50,47,647,0,81,191,14,286,497,134,241,61,933,4,0,4,937
07/12/2002,HNL,HI,AWP,WE,Towers with Radar,553,60,55,53,721,0,122,192,30,344,553,182,247,83,1065,28,4,32,1097
07/13/2002,HNL,HI,AWP,WE,Towers with Radar,496,57,53,51,657,0,61,178,88,327,496,118,231,139,984,0,0,0,984
07/14/2002,HNL,HI,AWP,WE,Towers with Radar,451,47,43,43,584,44,28,149,13,234,495,75,192,56,818,0,0,0,818
07/15/2002,HNL,HI,AWP,WE,Towers with Radar,492,51,47,46,636,9,107,161,2,279,501,158,208,48,915,26,0,26,941
07/16/2002,HNL,HI,AWP,WE,Towers with Radar,485,51,47,46,629,0,92,169,14,275,485,143,216,60,904,10,0,10,914
07/17/2002,HNL,HI,AWP,WE,Towers with Radar,494,52,48,47,641,0,111,129,18,258,494,163,177,65,899,6,0,6,905
07/18/2002,HNL,HI,AWP,WE,Towers with Radar,503,54,52,49,658,0,82,174,11,267,503,136,226,60,925,2,0,2,927
07/19/2002,HNL,HI,AWP,WE,Towers with Radar,533,57,54,51,695,0,91,141,15,247,533,148,195,66,942,6,0,6,948
07/20/2002,HNL,HI,AWP,WE,Towers with Radar,480,49,47,30,606,34,71,218,0,323,514,120,265,30,929,0,0,0,929
07/21/2002,HNL,HI,AWP,WE,Towers with Radar,473,48,46,24,591,43,16,163,0,222,516,64,209,24,813,16,0,16,829
07/22/2002,HNL,HI,AWP,WE,Towers with Radar,499,51,49,45,644,0,98,151,5,254,499,149,200,50,898,4,2,6,904
07/23/2002,HNL,HI,AWP,WE,Towers with Radar,501,51,49,44,645,0,103,183,0,286,501,154,232,44,931,42,0,42,973
07/24/2002,HNL,HI,AWP,WE,Towers with Radar,503,54,52,47,656,0,109,187,1,297,503,163,239,48,953,28,0,28,981
07/25/2002,HNL,HI,AWP,WE,Towers with Radar,497,53,50,45,645,0,92,193,0,285,497,145,243,45,930,10,0,10,940
07/26/2002,HNL,HI,AWP,WE,Towers with Radar,534,55,52,32,673,23,130,153,0,306,557,185,205,32,979,32,0,32,1011
07/27/2002,HNL,HI,AWP,WE,Towers with Radar,457,47,45,21,570,42,74,166,0,282,499,121,211,21,852,4,0,4,856
07/28/2002,HNL,HI,AWP,WE,Towers with Radar,452,46,44,16,558,47,35,190,0,272,499,81,234,16,830,8,0,8,838
07/29/2002,HNL,HI,AWP,WE,Towers with Radar,485,50,48,31,614,0,81,195,0,276,485,131,243,31,890,14,0,14,904
07/30/2002,HNL,HI,AWP,WE,Towers with Radar,493,51,49,45,638,0,63,178,4,245,493,114,227,49,883,12,4,16,899
07/31/2002,HNL,HI,AWP,WE,Towers with Radar,501,51,49,45,646,0,79,189,3,271,501,130,238,48,917,16,0,16,933
08/01/2002,HNL,HI,AWP,WE,Towers with Radar,494,48,39,41,622,8,115,176,5,304,502,163,215,46,926,14,0,14,940
08/02/2002,HNL,HI,AWP,WE,Towers with Radar,551,55,44,37,687,0,101,206,0,307,551,156,250,37,994,16,0,16,1010
08/03/2002,HNL,HI,AWP,WE,Towers with Radar,490,48,38,29,605,26,69,178,0,273,516,117,216,29,878,10,0,10,888
08/04/2002,HNL,HI,AWP,WE,Towers with Radar,455,44,36,22,557,38,39,153,0,230,493,83,189,22,787,14,0,14,801
08/05/2002,HNL,HI,AWP,WE,Towers with Radar,524,54,43,44,665,0,104,200,0,304,524,158,243,44,969,0,0,0,969
08/06/2002,HNL,HI,AWP,WE,Towers with Radar,506,55,44,45,650,0,82,171,32,285,506,137,215,77,935,0,0,0,935
08/07/2002,HNL,HI,AWP,WE,Towers with Radar,507,56,61,46,670,17,83,173,0,273,524,139,234,46,943,18,4,22,965
08/08/2002,HNL,HI,AWP,WE,Towers with Radar,498,51,41,43,633,0,76,199,26,301,498,127,240,69,934,0,0,0,934
08/09/2002,HNL,HI,AWP,WE,Towers with Radar,559,56,45,48,708,0,113,191,24,328,559,169,236,72,1036,8,0,8,1044
08/10/2002,HNL,HI,AWP,WE,Towers with Radar,511,50,40,24,625,10,96,171,0,277,521,146,211,24,902,2,0,2,904
08/11/2002,HNL,HI,AWP,WE,Towers with Radar,503,49,39,26,617,34,60,151,0,245,537,109,190,26,862,0,0,0,862
08/12/2002,HNL,HI,AWP,WE,Towers with Radar,514,51,40,44,649,0,121,181,11,313,514,172,221,55,962,2,0,2,964
08/13/2002,HNL,HI,AWP,WE,Towers with Radar,494,50,39,42,625,0,106,159,10,275,494,156,198,52,900,0,0,0,900
08/14/2002,HNL,HI,AWP,WE,Towers with Radar,513,54,42,45,654,0,85,99,6,190,513,139,141,51,844,10,0,10,854
08/15/2002,HNL,HI,AWP,WE,Towers with Radar,517,52,41,44,654,0,93,187,19,299,517,145,228,63,953,4,0,4,957
08/16/2002,HNL,HI,AWP,WE,Towers with Radar,554,55,43,46,698,0,99,231,5,335,554,154,274,51,1033,30,0,30,1063
08/17/2002,HNL,HI,AWP,WE,Towers with Radar,471,46,36,20,573,44,93,171,0,308,515,139,207,20,881,10,0,10,891
08/18/2002,HNL,HI,AWP,WE,Towers with Radar,476,47,37,15,575,40,29,190,0,259,516,76,227,15,834,20,0,20,854
08/19/2002,HNL,HI,AWP,WE,Towers with Radar,509,51,39,21,620,0,85,174,0,259,509,136,213,21,879,14,0,14,893
08/20/2002,HNL,HI,AWP,WE,Towers with Radar,502,51,39,40,632,0,116,174,17,307,502,167,213,57,939,20,0,20,959
08/21/2002,HNL,HI,AWP,WE,Towers with Radar,507,55,42,44,648,0,102,238,18,358,507,157,280,62,1006,36,0,36,1042
08/22/2002,HNL,HI,AWP,WE,Towers with Radar,505,54,41,44,644,0,127,202,16,345,505,181,243,60,989,16,0,16,1005
08/23/2002,HNL,HI,AWP,WE,Towers with Radar,537,55,42,46,680,0,104,174,4,282,537,159,216,50,962,24,0,24,986
08/24/2002,HNL,HI,AWP,WE,Towers with Radar,482,48,37,35,602,17,68,197,0,282,499,116,234,35,884,0,0,0,884
08/25/2002,HNL,HI,AWP,WE,Towers with Radar,450,45,34,14,543,39,20,182,0,241,489,65,216,14,784,10,0,10,794
08/26/2002,HNL,HI,AWP,WE,Towers with Radar,501,50,38,32,621,2,77,167,0,246,503,127,205,32,867,18,0,18,885
08/27/2002,HNL,HI,AWP,WE,Towers with Radar,495,50,38,41,624,0,69,186,6,261,495,119,224,47,885,16,0,16,901
08/28/2002,HNL,HI,AWP,WE,Towers with Radar,498,51,40,43,632,0,102,170,1,273,498,153,210,44,905,22,0,22,927
08/29/2002,HNL,HI,AWP,WE,Towers with Radar,503,50,38,34,625,2,78,166,0,246,505,128,204,34,871,4,0,4,875
08/30/2002,HNL,HI,AWP,WE,Towers with Radar,522,52,40,21,635,13,93,189,0,295,535,145,229,21,930,0,0,0,930
08/31/2002,HNL,HI,AWP,WE,Towers with Radar,459,46,36,11,552,45,54,147,0,246,504,100,183,11,798,6,0,6,804
09/01/2002,HNL,HI,AWP,WE,Towers with Radar,439,44,45,29,557,35,10,154,4,203,474,54,199,33,760,18,0,18,778
09/02/2002,HNL,HI,AWP,WE,Towers with Radar,461,45,48,11,565,50,53,190,0,293,511,98,238,11,858,12,0,12,870
09/03/2002,HNL,HI,AWP,WE,Towers with Radar,463,45,48,27,583,3,83,176,0,262,466,128,224,27,845,0,0,0,845
09/04/2002,HNL,HI,AWP,WE,Towers with Radar,473,48,52,33,606,0,100,192,1,293,473,148,244,34,899,26,0,26,925
09/05/2002,HNL,HI,AWP,WE,Towers with Radar,481,47,51,32,611,0,61,191,0,252,481,108,242,32,863,0,0,0,863
09/06/2002,HNL,HI,AWP,WE,Towers with Radar,508,50,54,34,646,0,90,134,12,236,508,140,188,46,882,14,2,16,898
09/07/2002,HNL,HI,AWP,WE,Towers with Radar,473,47,50,31,601,0,62,154,16,232,473,109,204,47,833,8,0,8,841
09/08/2002,HNL,HI,AWP,WE,Towers with Radar,450,44,47,26,567,8,40,178,0,226,458,84,225,26,793,0,0,0,793
09/09/2002,HNL,HI,AWP,WE,Towers with Radar,451,44,47,11,553,10,98,185,0,293,461,142,232,11,846,6,0,6,852
09/10/2002,HNL,HI,AWP,WE,Towers with Radar,465,46,49,31,591,0,93,156,20,269,465,139,205,51,860,16,0,16,876
09/11/2002,HNL,HI,AWP,WE,Towers with Radar,432,47,50,26,555,0,110,231,0,341,432,157,281,26,896,26,0,26,922
09/12/2002,HNL,HI,AWP,WE,Towers with Radar,449,44,47,29,569,10,87,175,1,273,459,131,222,30,842,12,10,22,864
09/13/2002,HNL,HI,AWP,WE,Towers with Radar,501,51,55,33,640,0,95,190,25,310,501,146,245,58,950,26,0,26,976
09/14/2002,HNL,HI,AWP,WE,Towers with Radar,457,43,49,26,575,11,120,150,0,281,468,163,199,26,856,2,0,2,858
09/15/2002,HNL,HI,AWP,WE,Towers with Radar,437,41,47,23,548,11,45,146,0,202,448,86,193,23,750,30,0,30,780
09/16/2002,HNL,HI,AWP,WE,Towers with Radar,450,49,55,30,584,0,113,189,0,302,450,162,244,30,886,28,0,28,914
09/17/2002,HNL,HI,AWP,WE,Towers with Radar,458,46,51,31,586,0,114,201,21,336,458,160,252,52,922,4,0,4,926
09/18/2002,HNL,HI,AWP,WE,Towers with Radar,450,46,52,31,579,0,84,196,18,298,450,130,248,49,877,30,0,30,907
09/19/2002,HNL,HI,AWP,WE,Towers with Radar,445,43,48,25,561,0,107,178,0,285,445,150,226,25,846,0,0,0,846
09/20/2002,HNL,HI,AWP,WE,Towers with Radar,491,47,52,31,621,25,83,137,13,258,516,130,189,44,879,8,0,8,887
09/21/2002,HNL,HI,AWP,WE,Towers with Radar,442,42,47,16,547,31,73,149,0,253,473,115,196,16,800,0,0,0,800
09/22/2002,HNL,HI,AWP,WE,Towers with Radar,420,40,45,24,529,27,62,148,0,237,447,102,193,24,766,0,0,0,766
09/23/2002,HNL,HI,AWP,WE,Towers with Radar,454,43,48,29,574,3,108,142,2,255,457,151,190,31,829,16,0,16,845
09/24/2002,HNL,HI,AWP,WE,Towers with Radar,439,43,48,29,559,0,109,169,25,303,439,152,217,54,862,14,0,14,876
09/25/2002,HNL,HI,AWP,WE,Towers with Radar,447,44,49,31,571,0,84,184,10,278,447,128,233,41,849,18,0,18,867
09/26/2002,HNL,HI,AWP,WE,Towers with Radar,465,44,48,31,588,7,87,186,17,297,472,131,234,48,885,0,0,0,885
09/27/2002,HNL,HI,AWP,WE,Towers with Radar,497,47,52,34,630,0,116,189,11,316,497,163,241,45,946,12,0,12,958
09/28/2002,HNL,HI,AWP,WE,Towers with Radar,435,41,45,14,535,35,93,202,0,330,470,134,247,14,865,6,2,8,873
09/29/2002,HNL,HI,AWP,WE,Towers with Radar,440,42,46,14,542,9,32,176,0,217,449,74,222,14,759,0,0,0,759
09/30/2002,HNL,HI,AWP,WE,Towers with Radar,441,43,45,18,547,8,88,193,0,289,449,131,238,18,836,30,0,30,866
10/01/2002,HNL,HI,AWP,WE,Towers with Radar,438,47,45,39,569,6,98,147,0,251,444,145,192,39,820,36,0,36,856
10/02/2002,HNL,HI,AWP,WE,Towers with Radar,429,46,45,31,551,8,60,186,0,254,437,106,231,31,805,28,0,28,833
10/03/2002,HNL,HI,AWP,WE,Towers with Radar,463,50,49,37,599,0,87,167,0,254,463,137,216,37,853,20,0,20,873
10/04/2002,HNL,HI,AWP,WE,Towers with Radar,491,52,51,48,642,9,97,234,0,340,500,149,285,48,982,0,0,0,982
10/05/2002,HNL,HI,AWP,WE,Towers with Radar,520,59,58,57,694,0,43,188,66,297,520,102,246,123,991,44,0,44,1035
10/06/2002,HNL,HI,AWP,WE,Towers with Radar,430,46,45,42,563,39,50,128,0,217,469,96,173,42,780,20,0,20,800
10/07/2002,HNL,HI,AWP,WE,Towers with Radar,526,55,56,15,652,4,93,202,0,299,530,148,258,15,951,40,0,40,991
10/08/2002,HNL,HI,AWP,WE,Towers with Radar,464,49,49,48,610,0,91,162,17,270,464,140,211,65,880,18,0,18,898
10/09/2002,HNL,HI,AWP,WE,Towers with Radar,452,49,50,41,592,0,96,183,0,279,452,145,233,41,871,22,0,22,893
10/10/2002,HNL,HI,AWP,WE,Towers with Radar,459,50,51,49,609,0,87,199,9,295,459,137,250,58,904,2,0,2,906
10/11/2002,HNL,HI,AWP,WE,Towers with Radar,517,55,56,51,679,0,165,236,0,401,517,220,292,51,1080,50,0,50,1130
10/12/2002,HNL,HI,AWP,WE,Towers with Radar,449,47,48,17,561,46,75,201,0,322,495,122,249,17,883,20,2,22,905
10/13/2002,HNL,HI,AWP,WE,Towers with Radar,414,43,44,20,521,50,27,150,0,227,464,70,194,20,748,24,0,24,772
10/14/2002,HNL,HI,AWP,WE,Towers with Radar,453,47,47,21,568,7,98,179,0,284,460,145,226,21,852,16,0,16,868
10/15/2002,HNL,HI,AWP,WE,Towers with Radar,456,51,52,52,611,0,128,141,13,282,456,179,193,65,893,36,0,36,929
10/16/2002,HNL,HI,AWP,WE,Towers with Radar,465,51,52,51,619,0,93,78,22,193,465,144,130,73,812,0,0,0,812
10/17/2002,HNL,HI,AWP,WE,Towers with Radar,468,49,50,51,618,0,49,3,12,64,468,98,53,63,682,0,0,0,682
10/18/2002,HNL,HI,AWP,WE,Towers with Radar,508,52,54,50,664,8,98,138,1,245,516,150,192,51,909,28,2,30,939
10/19/2002,HNL,HI,AWP,WE,Towers with Radar,472,48,50,47,617,3,66,179,14,262,475,114,229,61,879,6,0,6,885
10/20/2002,HNL,HI,AWP,WE,Towers with Radar,412,42,44,18,516,47,26,160,0,233,459,68,204,18,749,28,0,28,777
10/21/2002,HNL,HI,AWP,WE,Towers with Radar,479,49,51,35,614,0,90,151,0,241,479,139,202,35,855,26,0,26,881
10/22/2002,HNL,HI,AWP,WE,Towers with Radar,433,48,50,48,579,0,76,177,20,273,433,124,227,68,852,4,0,4,856
10/23/2002,HNL,HI,AWP,WE,Towers with Radar,446,47,49,47,589,0,70,175,4,249,446,117,224,51,838,20,0,20,858
10/24/2002,HNL,HI,AWP,WE,Towers with Radar,472,49,51,48,620,0,67,180,14,261,472,116,231,62,881,0,0,0,881
10/25/2002,HNL,HI,AWP,WE,Towers with Radar,481,49,51,45,626,0,92,215,0,307,481,141,266,45,933,16,0,16,949
10/26/2002,HNL,HI,AWP,WE,Towers with Radar,434,44,46,30,554,43,69,175,0,287,477,113,221,30,841,18,0,18,859
10/27/2002,HNL,HI,AWP,WE,Towers with Radar,401,41,43,22,507,65,45,139,0,249,466,86,182,22,756,18,0,18,774
10/28/2002,HNL,HI,AWP,WE,Towers with Radar,455,47,49,39,590,0,116,201,0,317,455,163,250,39,907,0,0,0,907
10/29/2002,HNL,HI,AWP,WE,Towers with Radar,458,51,53,52,614,0,116,211,21,348,458,167,264,73,962,0,0,0,962
10/30/2002,HNL,HI,AWP,WE,Towers with Radar,456,47,49,42,594,0,104,199,0,303,456,151,248,42,897,8,0,8,905
10/31/2002,HNL,HI,AWP,WE,Towers with Radar,462,48,50,49,609,0,102,137,8,247,462,150,187,57,856,8,0,8,864
11/01/2002,HNL,HI,AWP,WE,Towers with Radar,487,53,62,31,633,7,93,171,0,271,494,146,233,31,904,14,0,14,918
11/02/2002,HNL,HI,AWP,WE,Towers with Radar,452,52,60,40,604,0,39,183,60,282,452,91,243,100,886,8,0,8,894
11/03/2002,HNL,HI,AWP,WE,Towers with Radar,413,45,53,23,534,49,40,183,0,272,462,85,236,23,806,16,0,16,822
11/04/2002,HNL,HI,AWP,WE,Towers with Radar,467,51,59,25,602,3,101,156,0,260,470,152,215,25,862,24,0,24,886
11/05/2002,HNL,HI,AWP,WE,Towers with Radar,430,47,55,36,568,11,92,164,1,268,441,139,219,37,836,22,0,22,858
11/06/2002,HNL,HI,AWP,WE,Towers with Radar,458,52,60,40,610,0,88,156,6,250,458,140,216,46,860,12,0,12,872
11/07/2002,HNL,HI,AWP,WE,Towers with Radar,448,53,59,40,600,0,99,211,6,316,448,152,270,46,916,36,0,36,952
11/08/2002,HNL,HI,AWP,WE,Towers with Radar,525,63,71,47,706,0,87,204,40,331,525,150,275,87,1037,60,0,60,1097
11/09/2002,HNL,HI,AWP,WE,Towers with Radar,469,52,59,39,619,10,77,191,0,278,479,129,250,39,897,0,0,0,897
11/10/2002,HNL,HI,AWP,WE,Towers with Radar,404,46,50,27,527,27,51,152,0,230,431,97,202,27,757,24,0,24,781
11/11/2002,HNL,HI,AWP,WE,Towers with Radar,453,53,58,22,586,0,91,162,0,253,453,144,220,22,839,46,0,46,885
11/12/2002,HNL,HI,AWP,WE,Towers with Radar,441,52,60,38,591,0,91,134,14,239,441,143,194,52,830,6,0,6,836
11/13/2002,HNL,HI,AWP,WE,Towers with Radar,441,54,61,29,585,0,101,187,0,288,441,155,248,29,873,32,0,32,905
11/14/2002,HNL,HI,AWP,WE,Towers with Radar,460,56,65,40,621,0,91,169,18,278,460,147,234,58,899,0,10,10,909
11/15/2002,HNL,HI,AWP,WE,Towers with Radar,497,57,66,40,660,0,60,39,7,106,497,117,105,47,766,26,2,28,794
11/16/2002,HNL,HI,AWP,WE,Towers with Radar,452,51,59,13,575,21,49,93,0,163,473,100,152,13,738,0,0,0,738
11/17/2002,HNL,HI,AWP,WE,Towers with Radar,432,48,56,20,556,27,43,142,0,212,459,91,198,20,768,0,0,0,768
11/18/2002,HNL,HI,AWP,WE,Towers with Radar,468,56,64,40,628,0,119,164,1,284,468,175,228,41,912,32,0,32,944
11/19/2002,HNL,HI,AWP,WE,Towers with Radar,465,56,65,40,626,0,108,190,9,307,465,164,255,49,933,2,0,2,935
11/20/2002,HNL,HI,AWP,WE,Towers with Radar,446,55,64,40,605,0,90,220,2,312,446,145,284,42,917,56,0,56,973
11/21/2002,HNL,HI,AWP,WE,Towers with Radar,473,54,63,40,630,0,128,176,16,320,473,182,239,56,950,28,6,34,984
11/22/2002,HNL,HI,AWP,WE,Towers with Radar,493,54,64,28,639,11,111,164,0,286,504,165,228,28,925,48,0,48,973
11/23/2002,HNL,HI,AWP,WE,Towers with Radar,460,50,59,20,589,26,95,151,0,272,486,145,210,20,861,0,0,0,861
11/24/2002,HNL,HI,AWP,WE,Towers with Radar,430,47,56,22,555,43,34,160,0,237,473,81,216,22,792,26,0,26,818
11/25/2002,HNL,HI,AWP,WE,Towers with Radar,418,46,54,27,545,43,65,133,0,241,461,111,187,27,786,10,4,14,800
11/26/2002,HNL,HI,AWP,WE,Towers with Radar,441,48,56,36,581,1,121,117,16,255,442,169,173,52,836,36,0,36,872
11/27/2002,HNL,HI,AWP,WE,Towers with Radar,493,54,63,40,650,5,138,147,4,294,498,192,210,44,944,8,0,8,952
11/28/2002,HNL,HI,AWP,WE,Towers with Radar,386,42,49,10,487,53,35,70,0,158,439,77,119,10,645,0,0,0,645
11/29/2002,HNL,HI,AWP,WE,Towers with Radar,497,54,63,25,639,21,90,190,0,301,518,144,253,25,940,28,0,28,968
11/30/2002,HNL,HI,AWP,WE,Towers with Radar,505,52,49,16,622,1,121,166,0,288,506,173,215,16,910,0,0,0,910
12/01/2002,HNL,HI,AWP,WE,Towers with Radar,465,25,35,20,545,2,81,200,0,283,467,106,235,20,828,0,0,0,828
12/02/2002,HNL,HI,AWP,WE,Towers with Radar,460,58,80,31,629,1,111,165,5,282,461,169,245,36,911,0,0,0,911
12/03/2002,HNL,HI,AWP,WE,Towers with Radar,434,79,35,43,591,1,73,233,0,307,435,152,268,43,898,20,0,20,918
12/04/2002,HNL,HI,AWP,WE,Towers with Radar,434,59,36,34,563,0,81,189,11,281,434,140,225,45,844,14,0,14,858
12/05/2002,HNL,HI,AWP,WE,Towers with Radar,456,65,39,36,596,0,123,184,20,327,456,188,223,56,923,0,0,0,923
12/06/2002,HNL,HI,AWP,WE,Towers with Radar,525,73,44,41,683,0,82,189,2,273,525,155,233,43,956,30,0,30,986
12/07/2002,HNL,HI,AWP,WE,Towers with Radar,454,67,40,36,597,0,43,159,59,261,454,110,199,95,858,0,0,0,858
12/08/2002,HNL,HI,AWP,WE,Towers with Radar,434,28,21,23,506,0,35,113,0,148,434,63,134,23,654,0,0,0,654
12/09/2002,HNL,HI,AWP,WE,Towers with Radar,466,63,38,34,601,0,80,140,0,220,466,143,178,34,821,0,0,0,821
12/10/2002,HNL,HI,AWP,WE,Towers with Radar,473,66,41,38,618,0,73,166,13,252,473,139,207,51,870,0,0,0,870
12/11/2002,HNL,HI,AWP,WE,Towers with Radar,472,66,41,37,616,0,71,168,20,259,472,137,209,57,875,0,0,0,875
12/12/2002,HNL,HI,AWP,WE,Towers with Radar,463,67,41,38,609,0,119,188,18,325,463,186,229,56,934,0,0,0,934
12/13/2002,HNL,HI,AWP,WE,Towers with Radar,513,71,45,41,670,0,95,225,15,335,513,166,270,56,1005,22,0,22,1027
12/14/2002,HNL,HI,AWP,WE,Towers with Radar,456,61,38,21,576,18,59,244,0,321,474,120,282,21,897,24,0,24,921
12/15/2002,HNL,HI,AWP,WE,Towers with Radar,426,57,35,32,550,26,30,164,2,222,452,87,199,34,772,2,0,2,774
12/16/2002,HNL,HI,AWP,WE,Towers with Radar,459,68,42,38,607,0,116,192,0,308,459,184,234,38,915,20,0,20,935
12/17/2002,HNL,HI,AWP,WE,Towers with Radar,441,65,40,37,583,0,87,158,13,258,441,152,198,50,841,22,0,22,863
12/18/2002,HNL,HI,AWP,WE,Towers with Radar,453,65,40,36,594,0,128,193,5,326,453,193,233,41,920,20,0,20,940
12/19/2002,HNL,HI,AWP,WE,Towers with Radar,481,68,42,38,629,0,88,161,9,258,481,156,203,47,887,10,0,10,897
12/20/2002,HNL,HI,AWP,WE,Towers with Radar,532,73,45,41,691,0,126,167,6,299,532,199,212,47,990,30,0,30,1020
12/21/2002,HNL,HI,AWP,WE,Towers with Radar,488,65,40,32,625,31,67,148,0,246,519,132,188,32,871,0,0,0,871
12/22/2002,HNL,HI,AWP,WE,Towers with Radar,430,58,36,6,530,29,39,199,0,267,459,97,235,6,797,0,0,0,797
12/23/2002,HNL,HI,AWP,WE,Towers with Radar,464,62,38,11,575,7,100,153,0,260,471,162,191,11,835,34,0,34,869
12/24/2002,HNL,HI,AWP,WE,Towers with Radar,452,60,37,13,562,14,128,133,0,275,466,188,170,13,837,2,0,2,839
12/25/2002,HNL,HI,AWP,WE,Towers with Radar,337,45,28,6,416,67,8,48,0,123,404,53,76,6,539,0,0,0,539
12/26/2002,HNL,HI,AWP,WE,Towers with Radar,493,66,41,36,636,23,72,185,2,282,516,138,226,38,918,4,2,6,924
12/27/2002,HNL,HI,AWP,WE,Towers with Radar,545,72,45,32,694,1,106,167,0,274,546,178,212,32,968,30,0,30,998
12/28/2002,HNL,HI,AWP,WE,Towers with Radar,478,64,40,14,596,36,77,162,0,275,514,141,202,14,871,0,0,0,871
12/29/2002,HNL,HI,AWP,WE,Towers with Radar,421,56,35,14,526,54,33,162,0,249,475,89,197,14,775,18,0,18,793
12/30/2002,HNL,HI,AWP,WE,Towers with Radar,463,62,38,31,594,17,104,231,0,352,480,166,269,31,946,4,0,4,950
12/31/2002,HNL,HI,AWP,WE,Towers with Radar,436,58,36,19,549,42,107,175,0,324,478,165,211,19,873,14,0,14,887
01/01/2003,HNL,HI,AWP,WE,Towers with Radar,375,46,27,5,453,64,14,151,0,229,439,60,178,5,682,0,0,0,682
01/02/2003,HNL,HI,AWP,WE,Towers with Radar,476,57,35,45,613,14,125,202,0,341,490,182,237,45,954,0,0,0,954
01/03/2003,HNL,HI,AWP,WE,Towers with Radar,506,60,37,32,635,14,86,186,0,286,520,146,223,32,921,14,8,22,943
01/04/2003,HNL,HI,AWP,WE,Towers with Radar,472,56,35,30,593,27,61,86,0,174,499,117,121,30,767,0,0,0,767
01/05/2003,HNL,HI,AWP,WE,Towers with Radar,426,51,32,12,521,61,35,141,0,237,487,86,173,12,758,8,0,8,766
01/06/2003,HNL,HI,AWP,WE,Towers with Radar,449,55,32,19,555,11,120,160,0,291,460,175,192,19,846,0,0,0,846
01/07/2003,HNL,HI,AWP,WE,Towers with Radar,467,61,36,49,613,0,74,196,31,301,467,135,232,80,914,8,0,8,922
01/08/2003,HNL,HI,AWP,WE,Towers with Radar,449,56,33,45,583,0,74,173,19,266,449,130,206,64,849,8,0,8,857
01/09/2003,HNL,HI,AWP,WE,Towers with Radar,439,54,32,42,567,0,72,153,12,237,439,126,185,54,804,0,0,0,804
01/10/2003,HNL,HI,AWP,WE,Towers with Radar,499,61,36,45,641,12,74,161,0,247,511,135,197,45,888,18,2,20,908
01/11/2003,HNL,HI,AWP,WE,Towers with Radar,450,58,34,47,589,0,43,184,21,248,450,101,218,68,837,0,0,0,837
01/12/2003,HNL,HI,AWP,WE,Towers with Radar,438,53,32,34,557,0,40,230,0,270,438,93,262,34,827,28,0,28,855
01/13/2003,HNL,HI,AWP,WE,Towers with Radar,444,56,33,27,560,0,91,191,0,282,444,147,224,27,842,24,0,24,866
01/14/2003,HNL,HI,AWP,WE,Towers with Radar,443,54,32,44,573,0,63,102,3,168,443,117,134,47,741,0,0,0,741
01/15/2003,HNL,HI,AWP,WE,Towers with Radar,438,53,31,0,522,43,55,14,0,112,481,108,45,0,634,0,0,0,634
01/16/2003,HNL,HI,AWP,WE,Towers with Radar,456,56,33,44,589,0,71,152,5,228,456,127,185,49,817,0,0,0,817
01/17/2003,HNL,HI,AWP,WE,Towers with Radar,474,58,34,45,611,28,88,141,0,257,502,146,175,45,868,0,0,0,868
01/18/2003,HNL,HI,AWP,WE,Towers with Radar,414,51,30,27,522,40,53,165,0,258,454,104,195,27,780,0,0,0,780
01/19/2003,HNL,HI,AWP,WE,Towers with Radar,388,47,28,20,483,44,39,133,0,216,432,86,161,20,699,0,0,0,699
01/20/2003,HNL,HI,AWP,WE,Towers with Radar,411,50,30,20,511,23,69,71,0,163,434,119,101,20,674,0,0,0,674
01/21/2003,HNL,HI,AWP,WE,Towers with Radar,433,53,32,33,551,0,107,157,0,264,433,160,189,33,815,0,0,0,815
01/22/2003,HNL,HI,AWP,WE,Towers with Radar,430,52,32,40,554,0,88,133,24,245,430,140,165,64,799,0,0,0,799
01/23/2003,HNL,HI,AWP,WE,Towers with Radar,444,54,34,43,575,0,81,127,11,219,444,135,161,54,794,0,0,0,794
01/24/2003,HNL,HI,AWP,WE,Towers with Radar,473,57,35,45,610,7,77,65,3,152,480,134,100,48,762,0,0,0,762
01/25/2003,HNL,HI,AWP,WE,Towers with Radar,428,54,33,42,557,0,78,264,2,344,428,132,297,44,901,8,0,8,909
01/26/2003,HNL,HI,AWP,WE,Towers with Radar,435,52,32,27,546,0,29,159,0,188,435,81,191,27,734,18,0,18,752
01/27/2003,HNL,HI,AWP,WE,Towers with Radar,443,55,33,45,576,0,104,150,4,258,443,159,183,49,834,2,0,2,836
01/28/2003,HNL,HI,AWP,WE,Towers with Radar,440,57,34,46,577,0,79,138,29,246,440,136,172,75,823,24,0,24,847
01/29/2003,HNL,HI,AWP,WE,Towers with Radar,466,59,35,47,607,0,72,67,34,173,466,131,102,81,780,6,0,6,786
01/30/2003,HNL,HI,AWP,WE,Towers with Radar,441,61,36,49,587,0,91,139,19,249,441,152,175,68,836,0,0,0,836
01/31/2003,HNL,HI,AWP,WE,Towers with Radar,518,69,42,55,684,0,54,240,20,314,518,123,282,75,998,20,6,26,1024
02/01/2003,HNL,HI,AWP,WE,Towers with Radar,459,52,51,41,603,3,70,169,32,274,462,122,220,73,877,20,4,24,901
02/02/2003,HNL,HI,AWP,WE,Towers with Radar,424,48,47,22,541,16,41,172,0,229,440,89,219,22,770,0,0,0,770
02/03/2003,HNL,HI,AWP,WE,Towers with Radar,466,53,52,33,604,1,93,138,0,232,467,146,190,33,836,12,0,12,848
02/04/2003,HNL,HI,AWP,WE,Towers with Radar,436,49,50,40,575,0,82,168,3,253,436,131,218,43,828,46,0,46,874
02/05/2003,HNL,HI,AWP,WE,Towers with Radar,424,48,47,39,558,15,74,139,4,232,439,122,186,43,790,4,0,4,794
02/06/2003,HNL,HI,AWP,WE,Towers with Radar,440,51,50,41,582,0,81,49,14,144,440,132,99,55,726,0,0,0,726
02/07/2003,HNL,HI,AWP,WE,Towers with Radar,496,58,56,46,656,0,110,170,9,289,496,168,226,55,945,2,0,2,947
02/08/2003,HNL,HI,AWP,WE,Towers with Radar,427,49,47,28,551,30,55,220,0,305,457,104,267,28,856,0,0,0,856
02/09/2003,HNL,HI,AWP,WE,Towers with Radar,407,47,45,27,526,40,28,198,0,266,447,75,243,27,792,8,0,8,800
02/10/2003,HNL,HI,AWP,WE,Towers with Radar,476,54,53,29,612,0,100,165,0,265,476,154,218,29,877,26,0,26,903
02/11/2003,HNL,HI,AWP,WE,Towers with Radar,448,52,51,41,592,0,62,119,14,195,448,114,170,55,787,26,0,26,813
02/12/2003,HNL,HI,AWP,WE,Towers with Radar,427,53,51,41,572,0,65,182,9,256,427,118,233,50,828,24,0,24,852
02/13/2003,HNL,HI,AWP,WE,Towers with Radar,460,55,54,43,612,0,77,101,11,189,460,132,155,54,801,14,0,14,815
02/14/2003,HNL,HI,AWP,WE,Towers with Radar,517,60,58,25,660,0,62,80,0,142,517,122,138,25,802,70,0,70,872
02/15/2003,HNL,HI,AWP,WE,Towers with Radar,460,52,51,30,593,14,41,173,0,228,474,93,224,30,821,0,0,0,821
02/16/2003,HNL,HI,AWP,WE,Towers with Radar,410,46,45,11,512,57,31,157,0,245,467,77,202,11,757,12,0,12,769
02/17/2003,HNL,HI,AWP,WE,Towers with Radar,474,54,53,10,591,25,61,219,0,305,499,115,272,10,896,0,0,0,896
02/18/2003,HNL,HI,AWP,WE,Towers with Radar,474,58,58,33,623,0,73,233,0,306,474,131,291,33,929,40,0,40,969
02/19/2003,HNL,HI,AWP,WE,Towers with Radar,469,58,56,45,628,0,82,169,8,259,469,140,225,53,887,16,2,18,905
02/20/2003,HNL,HI,AWP,WE,Towers with Radar,473,55,53,43,624,0,59,147,18,224,473,114,200,61,848,0,0,0,848
02/21/2003,HNL,HI,AWP,WE,Towers with Radar,521,59,58,47,685,0,64,124,23,211,521,123,182,70,896,6,0,6,902
02/22/2003,HNL,HI,AWP,WE,Towers with Radar,475,53,53,22,603,17,58,242,0,317,492,111,295,22,920,8,0,8,928
02/23/2003,HNL,HI,AWP,WE,Towers with Radar,426,47,47,21,541,41,24,163,0,228,467,71,210,21,769,20,0,20,789
02/24/2003,HNL,HI,AWP,WE,Towers with Radar,466,53,52,42,613,0,104,119,13,236,466,157,171,55,849,16,4,20,869
02/25/2003,HNL,HI,AWP,WE,Towers with Radar,475,56,55,44,630,0,64,139,4,207,475,120,194,48,837,30,0,30,867
02/26/2003,HNL,HI,AWP,WE,Towers with Radar,471,54,54,43,622,0,64,139,16,219,471,118,193,59,841,16,0,16,857
02/27/2003,HNL,HI,AWP,WE,Towers with Radar,434,53,53,42,582,0,89,178,13,280,434,142,231,55,862,0,0,0,862
02/28/2003,HNL,HI,AWP,WE,Towers with Radar,501,56,55,44,656,23,90,144,18,275,524,146,199,62,931,22,0,22,953
03/01/2003,HNL,HI,AWP,WE,Towers with Radar,462,46,50,37,595,2,34,178,21,235,464,80,228,58,830,18,0,18,848
03/02/2003,HNL,HI,AWP,WE,Towers with Radar,421,42,45,10,518,39,22,174,0,235,460,64,219,10,753,16,0,16,769
03/03/2003,HNL,HI,AWP,WE,Towers with Radar,457,46,49,24,576,3,63,169,0,235,460,109,218,24,811,16,0,16,827
03/04/2003,HNL,HI,AWP,WE,Towers with Radar,464,50,54,43,611,0,59,160,10,229,464,109,214,53,840,24,0,24,864
03/05/2003,HNL,HI,AWP,WE,Towers with Radar,444,49,52,41,586,0,67,162,20,249,444,116,214,61,835,40,4,44,879
03/06/2003,HNL,HI,AWP,WE,Towers with Radar,455,49,52,41,597,0,80,149,19,248,455,129,201,60,845,10,0,10,855
03/07/2003,HNL,HI,AWP,WE,Towers with Radar,483,48,52,38,621,4,54,153,0,211,487,102,205,38,832,2,0,2,834
03/08/2003,HNL,HI,AWP,WE,Towers with Radar,454,45,49,16,564,33,30,152,0,215,487,75,201,16,779,0,0,0,779
03/09/2003,HNL,HI,AWP,WE,Towers with Radar,404,40,44,14,502,46,24,25,0,95,450,64,69,14,597,8,0,8,605
03/10/2003,HNL,HI,AWP,WE,Towers with Radar,475,51,55,44,625,0,81,209,13,303,475,132,264,57,928,16,0,16,944
03/11/2003,HNL,HI,AWP,WE,Towers with Radar,471,47,51,40,609,0,68,192,14,274,471,115,243,54,883,18,0,18,901
03/12/2003,HNL,HI,AWP,WE,Towers with Radar,463,46,50,39,598,10,72,152,15,249,473,118,202,54,847,2,4,6,853
03/13/2003,HNL,HI,AWP,WE,Towers with Radar,484,48,52,40,624,0,82,188,3,273,484,130,240,43,897,14,0,14,911
03/14/2003,HNL,HI,AWP,WE,Towers with Radar,494,49,53,41,637,22,84,186,7,299,516,133,239,48,936,0,0,0,936
03/15/2003,HNL,HI,AWP,WE,Towers with Radar,468,47,51,25,591,24,60,163,0,247,492,107,214,25,838,0,0,0,838
03/16/2003,HNL,HI,AWP,WE,Towers with Radar,445,44,49,16,554,23,30,89,0,142,468,74,138,16,696,0,0,0,696
03/17/2003,HNL,HI,AWP,WE,Towers with Radar,449,45,48,18,560,29,94,154,0,277,478,139,202,18,837,22,2,24,861
03/18/2003,HNL,HI,AWP,WE,Towers with Radar,476,49,54,42,621,0,62,171,8,241,476,111,225,50,862,12,0,12,874
03/19/2003,HNL,HI,AWP,WE,Towers with Radar,486,53,58,44,641,0,88,169,0,257,486,141,227,44,898,22,0,22,920
03/20/2003,HNL,HI,AWP,WE,Towers with Radar,482,47,53,39,621,0,65,138,7,210,482,112,191,46,831,2,0,2,833
03/21/2003,HNL,HI,AWP,WE,Towers with Radar,503,49,54,33,639,0,102,196,0,298,503,151,250,33,937,22,0,22,959
03/22/2003,HNL,HI,AWP,WE,Towers with Radar,467,45,50,7,569,47,66,165,0,278,514,111,215,7,847,34,0,34,881
03/23/2003,HNL,HI,AWP,WE,Towers with Radar,425,41,46,22,534,51,45,119,0,215,476,86,165,22,749,12,0,12,761
03/24/2003,HNL,HI,AWP,WE,Towers with Radar,474,48,53,40,615,0,116,147,10,273,474,164,200,50,888,28,4,32,920
03/25/2003,HNL,HI,AWP,WE,Towers with Radar,478,47,52,39,616,0,84,127,6,217,478,131,179,45,833,22,0,22,855
03/26/2003,HNL,HI,AWP,WE,Towers with Radar,453,47,52,39,591,0,83,180,9,272,453,130,232,48,863,26,0,26,889
03/27/2003,HNL,HI,AWP,WE,Towers with Radar,489,48,36,30,603,0,34,0,0,34,489,82,36,30,637,0,0,0,637
03/28/2003,HNL,HI,AWP,WE,Towers with Radar,499,51,56,43,649,0,101,154,20,275,499,152,210,63,924,4,0,4,928
03/29/2003,HNL,HI,AWP,WE,Towers with Radar,504,49,54,28,635,0,78,183,0,261,504,127,237,28,896,38,4,42,938
03/30/2003,HNL,HI,AWP,WE,Towers with Radar,432,42,47,16,537,46,39,53,0,138,478,81,100,16,675,10,0,10,685
03/31/2003,HNL,HI,AWP,WE,Towers with Radar,471,49,52,40,612,0,89,97,5,191,471,138,149,45,803,2,0,2,805
04/01/2003,HNL,HI,AWP,WE,Towers with Radar,442,49,67,44,602,0,84,139,12,235,442,133,206,56,837,0,0,0,837
04/02/2003,HNL,HI,AWP,WE,Towers with Radar,420,45,62,41,568,5,64,124,14,207,425,109,186,55,775,0,0,0,775
04/03/2003,HNL,HI,AWP,WE,Towers with Radar,435,49,68,44,596,0,77,195,3,275,435,126,263,47,871,22,2,24,895
04/04/2003,HNL,HI,AWP,WE,Towers with Radar,455,49,67,31,602,24,91,94,0,209,479,140,161,31,811,6,0,6,817
04/05/2003,HNL,HI,AWP,WE,Towers with Radar,445,48,66,35,594,7,59,147,0,213,452,107,213,35,807,26,0,26,833
04/06/2003,HNL,HI,AWP,WE,Towers with Radar,381,41,56,37,515,46,43,91,5,185,427,84,147,42,700,6,0,6,706
04/07/2003,HNL,HI,AWP,WE,Towers with Radar,0,46,63,38,147,0,81,125,0,206,0,127,188,38,353,16,0,16,369
04/08/2003,HNL,HI,AWP,WE,Towers with Radar,415,47,65,44,571,0,89,187,8,284,415,136,252,52,855,12,0,12,867
04/09/2003,HNL,HI,AWP,WE,Towers with Radar,426,51,71,45,593,0,61,179,0,240,426,112,250,45,833,42,0,42,875
04/10/2003,HNL,HI,AWP,WE,Towers with Radar,455,52,71,46,624,0,95,146,8,249,455,147,217,54,873,0,0,0,873
04/11/2003,HNL,HI,AWP,WE,Towers with Radar,483,53,72,50,658,0,65,168,4,237,483,118,240,54,895,58,0,58,953
04/12/2003,HNL,HI,AWP,WE,Towers with Radar,439,47,64,21,571,13,36,136,0,185,452,83,200,21,756,26,0,26,782
04/13/2003,HNL,HI,AWP,WE,Towers with Radar,386,42,56,27,511,46,31,125,0,202,432,73,181,27,713,22,0,22,735
04/14/2003,HNL,HI,AWP,WE,Towers with Radar,429,46,64,41,580,7,81,99,4,191,436,127,163,45,771,26,0,26,797
04/15/2003,HNL,HI,AWP,WE,Towers with Radar,420,47,65,43,575,0,69,96,14,179,420,116,161,57,754,2,0,2,756
04/16/2003,HNL,HI,AWP,WE,Towers with Radar,410,46,65,43,564,0,86,106,15,207,410,132,171,58,771,30,2,32,803
04/17/2003,HNL,HI,AWP,WE,Towers with Radar,441,47,66,44,598,0,92,127,10,229,441,139,193,54,827,10,0,10,837
04/18/2003,HNL,HI,AWP,WE,Towers with Radar,473,50,70,46,639,0,80,143,10,233,473,130,213,56,872,2,0,2,874
04/19/2003,HNL,HI,AWP,WE,Towers with Radar,435,46,64,24,569,10,40,196,0,246,445,86,260,24,815,28,0,28,843
04/20/2003,HNL,HI,AWP,WE,Towers with Radar,408,43,60,24,535,22,33,83,0,138,430,76,143,24,673,32,0,32,705
04/21/2003,HNL,HI,AWP,WE,Towers with Radar,441,49,68,45,603,0,76,137,11,224,441,125,205,56,827,30,0,30,857
04/22/2003,HNL,HI,AWP,WE,Towers with Radar,427,50,70,46,593,0,69,125,8,202,427,119,195,54,795,48,0,48,843
04/23/2003,HNL,HI,AWP,WE,Towers with Radar,440,48,67,40,595,0,74,146,0,220,440,122,213,40,815,54,2,56,871
04/24/2003,HNL,HI,AWP,WE,Towers with Radar,448,50,70,47,615,0,79,113,5,197,448,129,183,52,812,30,0,30,842
04/25/2003,HNL,HI,AWP,WE,Towers with Radar,485,51,28,7,571,0,74,0,0,74,485,125,28,7,645,30,4,34,679
04/26/2003,HNL,HI,AWP,WE,Towers with Radar,406,43,60,33,542,33,58,257,0,348,439,101,317,33,890,40,0,40,930
04/27/2003,HNL,HI,AWP,WE,Towers with Radar,401,42,59,13,515,56,37,191,0,284,457,79,250,13,799,22,0,22,821
04/28/2003,HNL,HI,AWP,WE,Towers with Radar,388,41,57,28,514,46,99,117,0,262,434,140,174,28,776,4,0,4,780
04/29/2003,HNL,HI,AWP,WE,Towers with Radar,438,46,65,39,588,2,93,162,0,257,440,139,227,39,845,32,0,32,877
04/30/2003,HNL,HI,AWP,WE,Towers with Radar,421,45,61,42,569,6,63,145,0,214,427,108,206,42,783,30,0,30,813
05/01/2003,HNL,HI,AWP,WE,Towers with Radar,424,55,56,44,579,0,78,219,6,303,424,133,275,50,882,20,0,20,902
05/02/2003,HNL,HI,AWP,WE,Towers with Radar,453,52,51,35,591,8,89,172,0,269,461,141,223,35,860,0,0,0,860
05/03/2003,HNL,HI,AWP,WE,Towers with Radar,425,51,50,40,566,0,56,211,31,298,425,107,261,71,864,24,2,26,890
05/04/2003,HNL,HI,AWP,WE,Towers with Radar,393,46,45,25,509,37,38,125,0,200,430,84,170,25,709,26,0,26,735
05/05/2003,HNL,HI,AWP,WE,Towers with Radar,417,48,46,31,542,14,69,141,0,224,431,117,187,31,766,12,4,16,782
05/06/2003,HNL,HI,AWP,WE,Towers with Radar,451,54,52,42,599,0,77,186,3,266,451,131,238,45,865,20,0,20,885
05/07/2003,HNL,HI,AWP,WE,Towers with Radar,427,52,50,43,572,0,94,146,1,241,427,146,196,44,813,42,0,42,855
05/08/2003,HNL,HI,AWP,WE,Towers with Radar,433,50,48,41,572,0,89,158,4,251,433,139,206,45,823,0,0,0,823
05/09/2003,HNL,HI,AWP,WE,Towers with Radar,459,53,51,41,604,2,120,158,0,280,461,173,209,41,884,26,0,26,910
05/10/2003,HNL,HI,AWP,WE,Towers with Radar,420,49,47,18,534,5,24,210,0,239,425,73,257,18,773,26,4,30,803
05/11/2003,HNL,HI,AWP,WE,Towers with Radar,374,43,42,12,471,50,30,127,0,207,424,73,169,12,678,20,0,20,698
05/12/2003,HNL,HI,AWP,WE,Towers with Radar,414,49,47,32,542,0,98,168,0,266,414,147,215,32,808,20,0,20,828
05/13/2003,HNL,HI,AWP,WE,Towers with Radar,409,52,50,42,553,0,85,136,28,249,409,137,186,70,802,34,0,34,836
05/14/2003,HNL,HI,AWP,WE,Towers with Radar,424,56,54,45,579,0,69,188,4,261,424,125,242,49,840,14,0,14,854
05/15/2003,HNL,HI,AWP,WE,Towers with Radar,445,56,54,45,600,0,98,172,18,288,445,154,226,63,888,18,0,18,906
05/16/2003,HNL,HI,AWP,WE,Towers with Radar,470,53,52,29,604,7,96,190,0,293,477,149,242,29,897,40,0,40,937
05/17/2003,HNL,HI,AWP,WE,Towers with Radar,385,44,43,17,489,38,46,168,0,252,423,90,211,17,741,30,2,32,773
05/18/2003,HNL,HI,AWP,WE,Towers with Radar,363,41,42,15,461,52,49,109,0,210,415,90,151,15,671,14,0,14,685
05/19/2003,HNL,HI,AWP,WE,Towers with Radar,435,50,50,31,566,0,82,167,0,249,435,132,217,31,815,24,0,24,839
05/20/2003,HNL,HI,AWP,WE,Towers with Radar,423,51,51,40,565,0,81,162,8,251,423,132,213,48,816,24,0,24,840
05/21/2003,HNL,HI,AWP,WE,Towers with Radar,435,51,53,42,581,0,87,154,40,281,435,138,207,82,862,2,0,2,864
05/22/2003,HNL,HI,AWP,WE,Towers with Radar,425,49,51,41,566,0,70,176,22,268,425,119,227,63,834,4,0,4,838
05/23/2003,HNL,HI,AWP,WE,Towers with Radar,471,54,56,44,625,0,86,237,18,341,471,140,293,62,966,20,0,20,986
05/24/2003,HNL,HI,AWP,WE,Towers with Radar,409,45,48,18,520,35,40,194,0,269,444,85,242,18,789,16,0,16,805
05/25/2003,HNL,HI,AWP,WE,Towers with Radar,352,39,40,14,445,59,30,128,0,217,411,69,168,14,662,18,0,18,680
05/26/2003,HNL,HI,AWP,WE,Towers with Radar,360,40,42,12,454,52,66,199,0,317,412,106,241,12,771,4,0,4,775
05/27/2003,HNL,HI,AWP,WE,Towers with Radar,425,48,50,37,560,0,92,121,0,213,425,140,171,37,773,6,0,6,779
05/28/2003,HNL,HI,AWP,WE,Towers with Radar,432,49,51,39,571,0,61,182,12,255,432,110,233,51,826,36,0,36,862
05/29/2003,HNL,HI,AWP,WE,Towers with Radar,463,54,56,45,618,0,92,145,19,256,463,146,201,64,874,0,0,0,874
05/30/2003,HNL,HI,AWP,WE,Towers with Radar,469,52,54,43,618,1,89,147,2,239,470,141,201,45,857,16,0,16,873
05/31/2003,HNL,HI,AWP,WE,Towers with Radar,366,41,43,20,470,37,45,210,0,292,403,86,253,20,762,18,0,18,780
06/01/2003,HNL,HI,AWP,WE,Towers with Radar,396,47,33,27,503,35,47,173,0,255,431,94,206,27,758,2,0,2,760
06/02/2003,HNL,HI,AWP,WE,Towers with Radar,400,48,33,42,523,16,87,131,0,234,416,135,164,42,757,0,0,0,757
06/03/2003,HNL,HI,AWP,WE,Towers with Radar,423,52,35,46,556,0,67,165,0,232,423,119,200,46,788,6,0,6,794
06/04/2003,HNL,HI,AWP,WE,Towers with Radar,430,51,35,41,557,0,84,161,0,245,430,135,196,41,802,0,0,0,802
06/05/2003,HNL,HI,AWP,WE,Towers with Radar,446,53,36,50,585,7,54,136,1,198,453,107,172,51,783,14,0,14,797
06/06/2003,HNL,HI,AWP,WE,Towers with Radar,480,57,40,54,631,0,66,167,20,253,480,123,207,74,884,18,0,18,902
06/07/2003,HNL,HI,AWP,WE,Towers with Radar,436,52,37,49,574,0,45,146,35,226,436,97,183,84,800,24,8,32,832
06/08/2003,HNL,HI,AWP,WE,Towers with Radar,413,49,35,46,543,10,20,169,1,200,423,69,204,47,743,18,0,18,761
06/09/2003,HNL,HI,AWP,WE,Towers with Radar,411,48,35,22,516,19,50,174,0,243,430,98,209,22,759,18,0,18,777
06/10/2003,HNL,HI,AWP,WE,Towers with Radar,429,54,38,51,572,0,82,181,0,263,429,136,219,51,835,22,0,22,857
06/11/2003,HNL,HI,AWP,WE,Towers with Radar,442,53,38,51,584,0,64,147,29,240,442,117,185,80,824,0,0,0,824
06/12/2003,HNL,HI,AWP,WE,Towers with Radar,433,52,37,49,571,0,64,152,23,239,433,116,189,72,810,0,0,0,810
06/13/2003,HNL,HI,AWP,WE,Towers with Radar,479,56,40,52,627,10,84,189,9,292,489,140,229,61,919,20,0,20,939
06/14/2003,HNL,HI,AWP,WE,Towers with Radar,423,50,37,28,538,24,59,213,0,296,447,109,250,28,834,12,2,14,848
06/15/2003,HNL,HI,AWP,WE,Towers with Radar,396,47,33,19,495,39,51,130,0,220,435,98,163,19,715,22,0,22,737
06/16/2003,HNL,HI,AWP,WE,Towers with Radar,442,54,38,43,577,0,116,148,0,264,442,170,186,43,841,22,0,22,863
06/17/2003,HNL,HI,AWP,WE,Towers with Radar,434,52,38,43,567,0,82,149,0,231,434,134,187,43,798,14,0,14,812
06/18/2003,HNL,HI,AWP,WE,Towers with Radar,445,53,39,51,588,0,95,184,5,284,445,148,223,56,872,36,10,46,918
06/19/2003,HNL,HI,AWP,WE,Towers with Radar,449,54,39,52,594,0,111,149,0,260,449,165,188,52,854,0,0,0,854
06/20/2003,HNL,HI,AWP,WE,Towers with Radar,479,57,41,53,630,0,62,176,9,247,479,119,217,62,877,26,0,26,903
06/21/2003,HNL,HI,AWP,WE,Towers with Radar,424,49,36,22,531,35,52,195,0,282,459,101,231,22,813,8,0,8,821
06/22/2003,HNL,HI,AWP,WE,Towers with Radar,399,46,33,21,499,42,51,152,0,245,441,97,185,21,744,2,2,4,748
06/23/2003,HNL,HI,AWP,WE,Towers with Radar,474,54,40,35,603,0,77,159,0,236,474,131,199,35,839,12,0,12,851
06/24/2003,HNL,HI,AWP,WE,Towers with Radar,464,57,41,53,615,0,93,194,21,308,464,150,235,74,923,4,0,4,927
06/25/2003,HNL,HI,AWP,WE,Towers with Radar,468,58,42,54,622,0,68,208,21,297,468,126,250,75,919,8,0,8,927
06/26/2003,HNL,HI,AWP,WE,Towers with Radar,456,53,38,47,594,0,80,200,0,280,456,133,238,47,874,12,0,12,886
06/27/2003,HNL,HI,AWP,WE,Towers with Radar,491,58,42,36,627,0,94,174,0,268,491,152,216,36,895,0,32,32,927
06/28/2003,HNL,HI,AWP,WE,Towers with Radar,457,52,38,40,587,2,71,198,0,271,459,123,236,40,858,36,0,36,894
06/29/2003,HNL,HI,AWP,WE,Towers with Radar,412,47,35,25,519,26,35,172,0,233,438,82,207,25,752,0,0,0,752
06/30/2003,HNL,HI,AWP,WE,Towers with Radar,457,54,40,51,602,0,83,145,0,228,457,137,185,51,830,30,2,32,862
07/01/2003,HNL,HI,AWP,WE,Towers with Radar,441,46,43,42,572,15,107,164,7,293,456,153,207,49,865,0,0,0,865
07/02/2003,HNL,HI,AWP,WE,Towers with Radar,467,48,45,44,604,16,71,158,0,245,483,119,203,44,849,10,2,12,861
07/03/2003,HNL,HI,AWP,WE,Towers with Radar,464,48,45,46,603,0,85,195,1,281,464,133,240,47,884,0,0,0,884
07/04/2003,HNL,HI,AWP,WE,Towers with Radar,382,40,37,12,471,64,44,185,0,293,446,84,222,12,764,6,0,6,770
07/05/2003,HNL,HI,AWP,WE,Towers with Radar,432,45,41,15,533,33,69,228,0,330,465,114,269,15,863,20,0,20,883
07/06/2003,HNL,HI,AWP,WE,Towers with Radar,406,41,40,18,505,51,39,160,0,250,457,80,200,18,755,8,0,8,763
07/07/2003,HNL,HI,AWP,WE,Towers with Radar,476,49,47,43,615,0,106,174,0,280,476,155,221,43,895,10,8,18,913
07/08/2003,HNL,HI,AWP,WE,Towers with Radar,462,48,46,42,598,0,95,162,0,257,462,143,208,42,855,0,0,0,855
07/09/2003,HNL,HI,AWP,WE,Towers with Radar,467,48,46,48,609,0,99,183,8,290,467,147,229,56,899,24,0,24,923
07/10/2003,HNL,HI,AWP,WE,Towers with Radar,488,54,52,45,639,0,84,240,0,324,488,138,292,45,963,8,0,8,971
07/11/2003,HNL,HI,AWP,WE,Towers with Radar,495,50,48,50,643,3,93,234,11,341,498,143,282,61,984,36,0,36,1020
07/12/2003,HNL,HI,AWP,WE,Towers with Radar,458,47,45,46,596,0,53,187,14,254,458,100,232,60,850,4,0,4,854
07/13/2003,HNL,HI,AWP,WE,Towers with Radar,441,45,44,42,572,23,51,163,4,241,464,96,207,46,813,0,0,0,813
07/14/2003,HNL,HI,AWP,WE,Towers with Radar,472,48,47,34,601,0,102,165,0,267,472,150,212,34,868,38,2,40,908
07/15/2003,HNL,HI,AWP,WE,Towers with Radar,471,52,50,50,623,0,68,156,19,243,471,120,206,69,866,22,2,24,890
07/16/2003,HNL,HI,AWP,WE,Towers with Radar,465,49,52,56,622,0,87,131,15,233,465,136,183,71,855,4,6,10,865
07/17/2003,HNL,HI,AWP,WE,Towers with Radar,494,54,51,48,647,0,146,192,0,338,494,200,243,48,985,6,0,6,991
07/18/2003,HNL,HI,AWP,WE,Towers with Radar,478,48,46,32,604,14,81,200,0,295,492,129,246,32,899,28,0,28,927
07/19/2003,HNL,HI,AWP,WE,Towers with Radar,462,47,45,46,600,3,93,178,5,279,465,140,223,51,879,22,0,22,901
07/20/2003,HNL,HI,AWP,WE,Towers with Radar,413,42,40,20,515,45,34,158,0,237,458,76,198,20,752,14,0,14,766
07/21/2003,HNL,HI,AWP,WE,Towers with Radar,474,49,47,33,603,0,109,185,0,294,474,158,232,33,897,14,2,16,913
07/22/2003,HNL,HI,AWP,WE,Towers with Radar,435,44,42,44,565,0,82,166,20,268,435,126,208,64,833,8,4,12,845
07/23/2003,HNL,HI,AWP,WE,Towers with Radar,472,51,47,51,621,0,112,159,16,287,472,163,206,67,908,10,20,30,938
07/24/2003,HNL,HI,AWP,WE,Towers with Radar,473,49,45,42,609,10,98,114,0,222,483,147,159,42,831,14,2,16,847
07/25/2003,HNL,HI,AWP,WE,Towers with Radar,519,54,49,50,672,0,87,140,0,227,519,141,189,50,899,20,2,22,921
07/26/2003,HNL,HI,AWP,WE,Towers with Radar,431,45,40,23,539,42,29,33,0,104,473,74,73,23,643,4,0,4,647
07/27/2003,HNL,HI,AWP,WE,Towers with Radar,439,45,42,24,550,25,57,141,0,223,464,102,183,24,773,8,0,8,781
07/28/2003,HNL,HI,AWP,WE,Towers with Radar,469,51,47,41,608,0,79,141,0,220,469,130,188,41,828,4,0,4,832
07/29/2003,HNL,HI,AWP,WE,Towers with Radar,455,49,45,43,592,0,74,185,0,259,455,123,230,43,851,0,4,4,855
07/30/2003,HNL,HI,AWP,WE,Towers with Radar,467,51,47,50,615,0,69,188,11,268,467,120,235,61,883,16,0,16,899
07/31/2003,HNL,HI,AWP,WE,Towers with Radar,467,54,50,53,624,0,86,158,24,268,467,140,208,77,892,10,0,10,902
08/01/2003,HNL,HI,AWP,WE,Towers with Radar,502,58,48,28,636,0,95,217,0,312,502,153,265,28,948,30,0,30,978
08/02/2003,HNL,HI,AWP,WE,Towers with Radar,490,57,46,44,637,12,55,193,30,290,502,112,239,74,927,10,0,10,937
08/03/2003,HNL,HI,AWP,WE,Towers with Radar,462,33,33,25,553,3,46,200,0,249,465,79,233,25,802,8,0,8,810
08/04/2003,HNL,HI,AWP,WE,Towers with Radar,458,52,44,32,586,30,108,165,0,303,488,160,209,32,889,4,0,4,893
08/05/2003,HNL,HI,AWP,WE,Towers with Radar,488,56,47,33,624,0,80,159,0,239,488,136,206,33,863,0,0,0,863
08/06/2003,HNL,HI,AWP,WE,Towers with Radar,492,59,50,45,646,0,111,201,1,313,492,170,251,46,959,60,0,60,1019
08/07/2003,HNL,HI,AWP,WE,Towers with Radar,504,60,51,46,661,0,115,196,12,323,504,175,247,58,984,16,0,16,1000
08/08/2003,HNL,HI,AWP,WE,Towers with Radar,510,58,49,45,662,0,127,179,16,322,510,185,228,61,984,40,16,56,1040
08/09/2003,HNL,HI,AWP,WE,Towers with Radar,440,50,42,26,558,39,50,165,0,254,479,100,207,26,812,10,0,10,822
08/10/2003,HNL,HI,AWP,WE,Towers with Radar,458,39,28,16,541,3,51,140,2,196,461,90,168,18,737,2,0,2,739
08/11/2003,HNL,HI,AWP,WE,Towers with Radar,475,55,48,46,624,0,100,147,15,262,475,155,195,61,886,2,0,2,888
08/12/2003,HNL,HI,AWP,WE,Towers with Radar,472,53,45,44,614,0,73,163,5,241,472,126,208,49,855,0,0,0,855
08/13/2003,HNL,HI,AWP,WE,Towers with Radar,486,54,47,44,631,0,70,192,14,276,486,124,239,58,907,2,0,2,909
08/14/2003,HNL,HI,AWP,WE,Towers with Radar,510,58,50,47,665,0,87,208,11,306,510,145,258,58,971,8,0,8,979
08/15/2003,HNL,HI,AWP,WE,Towers with Radar,520,58,50,45,673,11,87,215,0,313,531,145,265,45,986,36,0,36,1022
08/16/2003,HNL,HI,AWP,WE,Towers with Radar,466,52,44,26,588,28,82,151,0,261,494,134,195,26,849,0,0,0,849
08/17/2003,HNL,HI,AWP,WE,Towers with Radar,426,48,41,29,544,35,59,148,0,242,461,107,189,29,786,0,0,0,786
08/18/2003,HNL,HI,AWP,WE,Towers with Radar,480,54,47,35,616,13,98,144,0,255,493,152,191,35,871,12,0,12,883
08/19/2003,HNL,HI,AWP,WE,Towers with Radar,471,54,46,44,615,0,111,158,5,274,471,165,204,49,889,4,0,4,893
08/20/2003,HNL,HI,AWP,WE,Towers with Radar,487,57,48,47,639,0,99,147,6,252,487,156,195,53,891,18,2,20,911
08/21/2003,HNL,HI,AWP,WE,Towers with Radar,448,50,42,42,582,0,94,148,12,254,448,144,190,54,836,12,0,12,848
08/22/2003,HNL,HI,AWP,WE,Towers with Radar,488,55,46,31,620,8,94,168,0,270,496,149,214,31,890,0,0,0,890
08/23/2003,HNL,HI,AWP,WE,Towers with Radar,429,48,40,29,546,25,65,150,0,240,454,113,190,29,786,0,0,0,786
08/24/2003,HNL,HI,AWP,WE,Towers with Radar,398,45,37,16,496,49,44,136,0,229,447,89,173,16,725,0,0,0,725
08/25/2003,HNL,HI,AWP,WE,Towers with Radar,443,50,41,42,576,1,101,113,7,222,444,151,154,49,798,0,0,0,798
08/26/2003,HNL,HI,AWP,WE,Towers with Radar,429,55,46,46,576,0,93,175,25,293,429,148,221,71,869,24,0,24,893
08/27/2003,HNL,HI,AWP,WE,Towers with Radar,456,57,48,47,608,0,70,185,35,290,456,127,233,82,898,36,8,44,942
08/28/2003,HNL,HI,AWP,WE,Towers with Radar,475,60,49,47,631,0,103,173,23,299,475,163,222,70,930,4,0,4,934
08/29/2003,HNL,HI,AWP,WE,Towers with Radar,492,57,47,40,636,0,101,191,0,292,492,158,238,40,928,6,0,6,934
08/30/2003,HNL,HI,AWP,WE,Towers with Radar,426,49,40,34,549,16,77,131,0,224,442,126,171,34,773,0,0,0,773
08/31/2003,HNL,HI,AWP,WE,Towers with Radar,400,46,37,24,507,16,37,110,0,163,416,83,147,24,670,0,0,0,670
09/01/2003,HNL,HI,AWP,WE,Towers with Radar,372,48,33,16,469,68,56,52,0,176,440,104,85,16,645,0,0,0,645
09/02/2003,HNL,HI,AWP,WE,Towers with Radar,423,55,38,50,566,8,89,69,7,173,431,144,107,57,739,0,0,0,739
09/03/2003,HNL,HI,AWP,WE,Towers with Radar,417,59,40,53,569,0,75,151,26,252,417,134,191,79,821,10,2,12,833
09/04/2003,HNL,HI,AWP,WE,Towers with Radar,437,57,39,52,585,8,95,133,0,236,445,152,172,52,821,2,2,4,825
09/05/2003,HNL,HI,AWP,WE,Towers with Radar,470,63,42,58,633,0,70,145,56,271,470,133,187,114,904,6,0,6,910
09/06/2003,HNL,HI,AWP,WE,Towers with Radar,414,54,36,48,552,1,55,144,22,222,415,109,180,70,774,0,0,0,774
09/07/2003,HNL,HI,AWP,WE,Towers with Radar,388,51,33,46,518,35,35,109,2,181,423,86,142,48,699,0,0,0,699
09/08/2003,HNL,HI,AWP,WE,Towers with Radar,419,55,35,38,547,3,82,142,0,227,422,137,177,38,774,12,0,12,786
09/09/2003,HNL,HI,AWP,WE,Towers with Radar,434,60,38,56,588,0,80,166,16,262,434,140,204,72,850,0,0,0,850
09/10/2003,HNL,HI,AWP,WE,Towers with Radar,428,62,40,58,588,0,50,191,36,277,428,112,231,94,865,8,6,14,879
09/11/2003,HNL,HI,AWP,WE,Towers with Radar,428,63,40,59,590,0,78,177,8,263,428,141,217,67,853,18,0,18,871
09/12/2003,HNL,HI,AWP,WE,Towers with Radar,460,62,39,56,617,0,92,197,0,289,460,154,236,56,906,10,0,10,916
09/13/2003,HNL,HI,AWP,WE,Towers with Radar,404,54,34,32,524,6,55,185,0,246,410,109,219,32,770,0,0,0,770
09/14/2003,HNL,HI,AWP,WE,Towers with Radar,394,51,34,39,518,22,44,163,0,229,416,95,197,39,747,30,2,32,779
09/15/2003,HNL,HI,AWP,WE,Towers with Radar,438,57,38,54,587,0,80,163,13,256,438,137,201,67,843,12,0,12,855
09/16/2003,HNL,HI,AWP,WE,Towers with Radar,418,58,39,55,570,0,91,162,12,265,418,149,201,67,835,20,2,22,857
09/17/2003,HNL,HI,AWP,WE,Towers with Radar,430,65,43,61,599,0,88,170,29,287,430,153,213,90,886,2,0,2,888
09/18/2003,HNL,HI,AWP,WE,Towers with Radar,428,60,40,57,585,0,81,179,5,265,428,141,219,62,850,12,0,12,862
09/19/2003,HNL,HI,AWP,WE,Towers with Radar,440,57,38,42,577,31,97,167,0,295,471,154,205,42,872,0,0,0,872
09/20/2003,HNL,HI,AWP,WE,Towers with Radar,421,55,36,24,536,25,55,206,0,286,446,110,242,24,822,16,0,16,838
09/21/2003,HNL,HI,AWP,WE,Towers with Radar,382,50,33,21,486,45,63,247,0,355,427,113,280,21,841,16,0,16,857
09/22/2003,HNL,HI,AWP,WE,Towers with Radar,437,58,39,41,575,0,68,108,0,176,437,126,147,41,751,6,4,10,761
09/23/2003,HNL,HI,AWP,WE,Towers with Radar,426,55,38,47,566,2,72,101,0,175,428,127,139,47,741,0,0,0,741
09/24/2003,HNL,HI,AWP,WE,Towers with Radar,414,58,40,54,566,0,84,209,17,310,414,142,249,71,876,4,0,4,880
09/25/2003,HNL,HI,AWP,WE,Towers with Radar,426,59,41,57,583,0,104,160,14,278,426,163,201,71,861,0,0,0,861
09/26/2003,HNL,HI,AWP,WE,Towers with Radar,458,58,40,32,588,6,99,218,0,323,464,157,258,32,911,8,0,8,919
09/27/2003,HNL,HI,AWP,WE,Towers with Radar,396,50,35,31,512,24,80,201,0,305,420,130,236,31,817,12,0,12,829
09/28/2003,HNL,HI,AWP,WE,Towers with Radar,368,47,33,17,465,51,39,151,0,241,419,86,184,17,706,10,0,10,716
09/29/2003,HNL,HI,AWP,WE,Towers with Radar,423,54,38,17,532,13,93,173,0,279,436,147,211,17,811,30,2,32,843
09/30/2003,HNL,HI,AWP,WE,Towers with Radar,372,47,33,20,472,44,76,115,0,235,416,123,148,20,707,70,0,70,777
10/01/2003,HNL,HI,AWP,WE,Towers with Radar,401,56,39,50,546,9,88,120,0,217,410,144,159,50,763,0,0,0,763
10/02/2003,HNL,HI,AWP,WE,Towers with Radar,406,57,39,40,542,14,78,115,0,207,420,135,154,40,749,14,0,14,763
10/03/2003,HNL,HI,AWP,WE,Towers with Radar,440,63,42,49,594,16,94,123,0,233,456,157,165,49,827,10,0,10,837
10/04/2003,HNL,HI,AWP,WE,Towers with Radar,395,56,38,51,540,11,26,149,3,189,406,82,187,54,729,14,2,16,745
10/05/2003,HNL,HI,AWP,WE,Towers with Radar,376,54,35,24,489,44,43,153,0,240,420,97,188,24,729,12,2,14,743
10/06/2003,HNL,HI,AWP,WE,Towers with Radar,413,58,38,23,532,13,52,154,0,219,426,110,192,23,751,18,0,18,769
10/07/2003,HNL,HI,AWP,WE,Towers with Radar,419,65,43,59,586,0,93,145,17,255,419,158,188,76,841,18,0,18,859
10/08/2003,HNL,HI,AWP,WE,Towers with Radar,399,60,39,52,550,0,95,123,0,218,399,155,162,52,768,10,0,10,778
10/09/2003,HNL,HI,AWP,WE,Towers with Radar,443,67,45,59,614,0,78,198,0,276,443,145,243,59,890,16,0,16,906
10/10/2003,HNL,HI,AWP,WE,Towers with Radar,472,67,45,32,616,6,86,182,0,274,478,153,227,32,890,0,0,0,890
10/11/2003,HNL,HI,AWP,WE,Towers with Radar,429,61,41,33,564,3,81,194,0,278,432,142,235,33,842,0,0,0,842
10/12/2003,HNL,HI,AWP,WE,Towers with Radar,382,55,36,19,492,38,35,175,0,248,420,90,211,19,740,34,0,34,774
10/13/2003,HNL,HI,AWP,WE,Towers with Radar,396,57,37,33,523,23,85,191,0,299,419,142,228,33,822,22,2,24,846
10/14/2003,HNL,HI,AWP,WE,Towers with Radar,416,63,43,59,581,0,59,153,36,248,416,122,196,95,829,6,0,6,835
10/15/2003,HNL,HI,AWP,WE,Towers with Radar,427,66,45,61,599,0,79,160,20,259,427,145,205,81,858,8,0,8,866
10/16/2003,HNL,HI,AWP,WE,Towers with Radar,422,65,45,60,592,0,63,146,35,244,422,128,191,95,836,4,0,4,840
10/17/2003,HNL,HI,AWP,WE,Towers with Radar,460,65,46,60,631,0,77,161,6,244,460,142,207,66,875,0,0,0,875
10/18/2003,HNL,HI,AWP,WE,Towers with Radar,390,54,38,37,519,41,30,171,0,242,431,84,209,37,761,4,0,4,765
10/19/2003,HNL,HI,AWP,WE,Towers with Radar,384,53,38,40,515,40,20,152,0,212,424,73,190,40,727,0,0,0,727
10/20/2003,HNL,HI,AWP,WE,Towers with Radar,445,61,44,58,608,4,66,161,18,249,449,127,205,76,857,12,2,14,871
10/21/2003,HNL,HI,AWP,WE,Towers with Radar,420,62,46,58,586,0,90,144,23,257,420,152,190,81,843,12,0,12,855
10/22/2003,HNL,HI,AWP,WE,Towers with Radar,413,61,44,58,576,0,76,185,13,274,413,137,229,71,850,0,0,0,850
10/23/2003,HNL,HI,AWP,WE,Towers with Radar,460,64,27,59,610,0,33,0,16,49,460,97,27,75,659,0,0,0,659
10/24/2003,HNL,HI,AWP,WE,Towers with Radar,480,66,46,59,651,5,101,184,0,290,485,167,230,59,941,30,8,38,979
10/25/2003,HNL,HI,AWP,WE,Towers with Radar,425,59,41,51,576,12,29,193,0,234,437,88,234,51,810,10,4,14,824
10/26/2003,HNL,HI,AWP,WE,Towers with Radar,375,51,36,26,488,46,28,138,0,212,421,79,174,26,700,12,0,12,712
10/27/2003,HNL,HI,AWP,WE,Towers with Radar,431,60,43,56,590,0,86,140,0,226,431,146,183,56,816,16,0,16,832
10/28/2003,HNL,HI,AWP,WE,Towers with Radar,436,63,44,58,601,0,67,130,35,232,436,130,174,93,833,0,0,0,833
10/29/2003,HNL,HI,AWP,WE,Towers with Radar,412,59,41,55,567,0,93,170,8,271,412,152,211,63,838,16,0,16,854
10/30/2003,HNL,HI,AWP,WE,Towers with Radar,440,63,44,50,597,0,82,145,0,227,440,145,189,50,824,10,0,10,834
10/31/2003,HNL,HI,AWP,WE,Towers with Radar,433,60,42,55,590,2,79,151,1,233,435,139,193,56,823,24,0,24,847
11/01/2003,HNL,HI,AWP,WE,Towers with Radar,408,57,49,38,552,15,44,178,0,237,423,101,227,38,789,0,0,0,789
11/02/2003,HNL,HI,AWP,WE,Towers with Radar,403,57,48,34,542,25,35,145,0,205,428,92,193,34,747,18,0,18,765
11/03/2003,HNL,HI,AWP,WE,Towers with Radar,412,60,50,39,561,0,44,60,8,112,412,104,110,47,673,12,0,12,685
11/04/2003,HNL,HI,AWP,WE,Towers with Radar,416,65,53,42,576,0,67,163,15,245,416,132,216,57,821,22,0,22,843
11/05/2003,HNL,HI,AWP,WE,Towers with Radar,427,62,51,41,581,0,65,142,31,238,427,127,193,72,819,18,0,18,837
11/06/2003,HNL,HI,AWP,WE,Towers with Radar,427,62,52,41,582,0,69,165,12,246,427,131,217,53,828,4,0,4,832
11/07/2003,HNL,HI,AWP,WE,Towers with Radar,472,67,55,40,634,10,65,161,0,236,482,132,216,40,870,30,0,30,900
11/08/2003,HNL,HI,AWP,WE,Towers with Radar,416,58,50,39,563,27,43,168,1,239,443,101,218,40,802,0,0,0,802
11/09/2003,HNL,HI,AWP,WE,Towers with Radar,408,57,49,28,542,30,42,223,0,295,438,99,272,28,837,22,0,22,859
11/10/2003,HNL,HI,AWP,WE,Towers with Radar,411,59,51,39,560,0,119,143,1,263,411,178,194,40,823,24,0,24,847
11/11/2003,HNL,HI,AWP,WE,Towers with Radar,429,60,52,24,565,0,69,170,0,239,429,129,222,24,804,36,0,36,840
11/12/2003,HNL,HI,AWP,WE,Towers with Radar,418,65,55,44,582,0,58,184,14,256,418,123,239,58,838,8,0,8,846
11/13/2003,HNL,HI,AWP,WE,Towers with Radar,455,70,61,47,633,0,77,136,22,235,455,147,197,69,868,0,0,0,868
11/14/2003,HNL,HI,AWP,WE,Towers with Radar,465,66,56,44,631,0,97,149,10,256,465,163,205,54,887,0,0,0,887
11/15/2003,HNL,HI,AWP,WE,Towers with Radar,405,57,49,17,528,21,64,146,0,231,426,121,195,17,759,0,0,0,759
11/16/2003,HNL,HI,AWP,WE,Towers with Radar,393,54,47,29,523,31,27,140,0,198,424,81,187,29,721,22,0,22,743
11/17/2003,HNL,HI,AWP,WE,Towers with Radar,425,61,53,42,581,0,91,134,7,232,425,152,187,49,813,18,0,18,831
11/18/2003,HNL,HI,AWP,WE,Towers with Radar,434,64,57,43,598,0,67,113,15,195,434,131,170,58,793,6,0,6,799
11/19/2003,HNL,HI,AWP,WE,Towers with Radar,426,65,57,44,592,0,74,22,27,123,426,139,79,71,715,14,4,18,733
11/20/2003,HNL,HI,AWP,WE,Towers with Radar,425,60,54,40,579,0,63,123,19,205,425,123,177,59,784,6,0,6,790
11/21/2003,HNL,HI,AWP,WE,Towers with Radar,467,68,60,45,640,0,85,225,7,317,467,153,285,52,957,32,0,32,989
11/22/2003,HNL,HI,AWP,WE,Towers with Radar,428,59,51,21,559,14,61,208,0,283,442,120,259,21,842,24,0,24,866
11/23/2003,HNL,HI,AWP,WE,Towers with Radar,396,54,48,20,518,31,37,176,0,244,427,91,224,20,762,28,0,28,790
11/24/2003,HNL,HI,AWP,WE,Towers with Radar,418,57,50,20,545,35,78,143,0,256,453,135,193,20,801,12,0,12,813
11/25/2003,HNL,HI,AWP,WE,Towers with Radar,434,60,52,40,586,0,89,93,20,202,434,149,145,60,788,0,0,0,788
11/26/2003,HNL,HI,AWP,WE,Towers with Radar,423,58,50,38,569,29,120,133,6,288,452,178,183,44,857,0,0,0,857
11/27/2003,HNL,HI,AWP,WE,Towers with Radar,350,48,42,9,449,46,32,140,0,218,396,80,182,9,667,0,0,0,667
11/28/2003,HNL,HI,AWP,WE,Towers with Radar,470,66,57,12,605,0,103,250,0,353,470,169,307,12,958,40,0,40,998
11/29/2003,HNL,HI,AWP,WE,Towers with Radar,428,59,51,14,552,21,35,103,0,159,449,94,154,14,711,0,8,8,719
11/30/2003,HNL,HI,AWP,WE,Towers with Radar,432,59,52,18,561,21,30,63,0,114,453,89,115,18,675,10,0,10,685
12/01/2003,HNL,HI,AWP,WE,Towers with Radar,406,62,30,18,516,28,34,0,0,62,434,96,30,18,578,4,0,4,582
12/02/2003,HNL,HI,AWP,WE,Towers with Radar,432,73,57,33,595,0,94,166,11,271,432,167,223,44,866,0,0,0,866
12/03/2003,HNL,HI,AWP,WE,Towers with Radar,417,74,58,35,584,0,56,223,18,297,417,130,281,53,881,36,0,36,917
12/04/2003,HNL,HI,AWP,WE,Towers with Radar,447,73,57,33,610,0,63,155,34,252,447,136,212,67,862,0,0,0,862
12/05/2003,HNL,HI,AWP,WE,Towers with Radar,478,80,62,34,654,0,83,177,0,260,478,163,239,34,914,56,0,56,970
12/06/2003,HNL,HI,AWP,WE,Towers with Radar,429,65,51,28,573,2,46,129,1,178,431,111,180,29,751,0,0,0,751
12/07/2003,HNL,HI,AWP,WE,Towers with Radar,419,63,50,28,560,7,30,116,2,155,426,93,166,30,715,24,0,24,739
12/08/2003,HNL,HI,AWP,WE,Towers with Radar,442,70,55,23,590,0,86,116,0,202,442,156,171,23,792,64,2,66,858
12/09/2003,HNL,HI,AWP,WE,Towers with Radar,447,71,56,32,606,0,72,110,16,198,447,143,166,48,804,2,0,2,806
12/10/2003,HNL,HI,AWP,WE,Towers with Radar,449,68,53,31,601,0,51,73,14,138,449,119,126,45,739,4,2,6,745
12/11/2003,HNL,HI,AWP,WE,Towers with Radar,458,75,59,34,626,0,56,178,29,263,458,131,237,63,889,12,0,12,901
12/12/2003,HNL,HI,AWP,WE,Towers with Radar,499,75,58,35,667,0,120,155,15,290,499,195,213,50,957,2,0,2,959
12/13/2003,HNL,HI,AWP,WE,Towers with Radar,444,67,52,31,594,0,67,223,1,291,444,134,275,32,885,32,0,32,917
12/14/2003,HNL,HI,AWP,WE,Towers with Radar,409,62,47,24,542,34,66,173,0,273,443,128,220,24,815,8,0,8,823
12/15/2003,HNL,HI,AWP,WE,Towers with Radar,474,72,56,23,625,0,87,161,0,248,474,159,217,23,873,10,0,10,883
12/16/2003,HNL,HI,AWP,WE,Towers with Radar,465,71,55,34,625,0,87,168,4,259,465,158,223,38,884,26,0,26,910
12/17/2003,HNL,HI,AWP,WE,Towers with Radar,477,77,61,36,651,0,74,195,3,272,477,151,256,39,923,12,0,12,935
12/18/2003,HNL,HI,AWP,WE,Towers with Radar,453,72,57,34,616,0,74,91,35,200,453,146,148,69,816,4,4,8,824
12/19/2003,HNL,HI,AWP,WE,Towers with Radar,511,78,62,35,686,0,105,164,0,269,511,183,226,35,955,20,0,20,975
12/20/2003,HNL,HI,AWP,WE,Towers with Radar,454,67,54,24,599,23,98,159,0,280,477,165,213,24,879,16,0,16,895
12/21/2003,HNL,HI,AWP,WE,Towers with Radar,420,62,50,16,548,42,61,157,0,260,462,123,207,16,808,12,0,12,820
12/22/2003,HNL,HI,AWP,WE,Towers with Radar,495,73,58,31,657,20,108,141,0,269,515,181,199,31,926,2,0,2,928
12/23/2003,HNL,HI,AWP,WE,Towers with Radar,507,75,60,36,678,0,120,167,0,287,507,195,227,36,965,0,0,0,965
12/24/2003,HNL,HI,AWP,WE,Towers with Radar,445,66,53,20,584,6,83,151,0,240,451,149,204,20,824,0,0,0,824
12/25/2003,HNL,HI,AWP,WE,Towers with Radar,350,52,41,2,445,71,22,57,0,150,421,74,98,2,595,0,0,0,595
12/26/2003,HNL,HI,AWP,WE,Towers with Radar,460,68,54,5,587,53,76,116,0,245,513,144,170,5,832,18,0,18,850
12/27/2003,HNL,HI,AWP,WE,Towers with Radar,439,65,52,11,567,53,50,200,0,303,492,115,252,11,870,12,0,12,882
12/28/2003,HNL,HI,AWP,WE,Towers with Radar,417,62,49,5,533,50,47,98,0,195,467,109,147,5,728,10,0,10,738
12/29/2003,HNL,HI,AWP,WE,Towers with Radar,455,67,54,23,599,39,85,124,0,248,494,152,178,23,847,0,0,0,847
12/30/2003,HNL,HI,AWP,WE,Towers with Radar,482,73,58,34,647,0,117,164,3,284,482,190,222,37,931,16,0,16,947
12/31/2003,HNL,HI,AWP,WE,Towers with Radar,454,68,52,20,594,13,88,123,0,224,467,156,175,20,818,14,0,14,832
01/01/2004,HNL,HI,AWP,WE,Towers with Radar,370,52,16,4,442,56,1,0,0,57,426,53,16,4,499,0,0,0,499
01/02/2004,HNL,HI,AWP,WE,Towers with Radar,457,63,22,24,566,24,22,0,0,46,481,85,22,24,612,0,0,0,612
01/03/2004,HNL,HI,AWP,WE,Towers with Radar,489,68,39,32,628,29,63,121,0,213,518,131,160,32,841,2,0,2,843
01/04/2004,HNL,HI,AWP,WE,Towers with Radar,425,59,34,20,538,35,41,166,0,242,460,100,200,20,780,12,0,12,792
01/05/2004,HNL,HI,AWP,WE,Towers with Radar,487,68,40,31,626,0,82,217,0,299,487,150,257,31,925,14,0,14,939
01/06/2004,HNL,HI,AWP,WE,Towers with Radar,431,60,35,33,559,17,66,188,0,271,448,126,223,33,830,0,0,0,830
01/07/2004,HNL,HI,AWP,WE,Towers with Radar,458,64,37,38,597,0,73,178,0,251,458,137,215,38,848,20,0,20,868
01/08/2004,HNL,HI,AWP,WE,Towers with Radar,437,60,34,40,571,5,90,176,1,272,442,150,210,41,843,8,0,8,851
01/09/2004,HNL,HI,AWP,WE,Towers with Radar,463,64,37,42,606,20,75,186,4,285,483,139,223,46,891,0,2,2,893
01/10/2004,HNL,HI,AWP,WE,Towers with Radar,439,61,36,40,576,0,47,191,33,271,439,108,227,73,847,0,0,0,847
01/11/2004,HNL,HI,AWP,WE,Towers with Radar,409,57,33,33,532,28,29,158,0,215,437,86,191,33,747,0,0,0,747
01/12/2004,HNL,HI,AWP,WE,Towers with Radar,487,67,39,33,626,5,78,104,0,187,492,145,143,33,813,4,0,4,817
01/13/2004,HNL,HI,AWP,WE,Towers with Radar,436,62,36,37,571,0,89,143,0,232,436,151,179,37,803,0,0,0,803
01/14/2004,HNL,HI,AWP,WE,Towers with Radar,419,58,30,15,522,30,62,0,0,92,449,120,30,15,614,0,0,0,614
01/15/2004,HNL,HI,AWP,WE,Towers with Radar,449,64,37,41,591,0,69,152,20,241,449,133,189,61,832,6,0,6,838
01/16/2004,HNL,HI,AWP,WE,Towers with Radar,497,68,40,44,649,0,81,188,9,278,497,149,228,53,927,0,0,0,927
01/17/2004,HNL,HI,AWP,WE,Towers with Radar,415,56,34,31,536,10,56,205,0,271,425,112,239,31,807,6,0,6,813
01/18/2004,HNL,HI,AWP,WE,Towers with Radar,406,55,33,35,529,27,27,134,4,192,433,82,167,39,721,2,0,2,723
01/19/2004,HNL,HI,AWP,WE,Towers with Radar,425,58,34,30,547,12,59,90,0,161,437,117,124,30,708,2,0,2,710
01/20/2004,HNL,HI,AWP,WE,Towers with Radar,443,65,38,42,588,0,52,59,17,128,443,117,97,59,716,10,0,10,726
01/21/2004,HNL,HI,AWP,WE,Towers with Radar,440,66,39,42,587,0,66,95,32,193,440,132,134,74,780,22,2,24,804
01/22/2004,HNL,HI,AWP,WE,Towers with Radar,438,66,39,42,585,0,102,149,11,262,438,168,188,53,847,4,0,4,851
01/23/2004,HNL,HI,AWP,WE,Towers with Radar,484,68,40,43,635,0,90,53,1,144,484,158,93,44,779,0,0,0,779
01/24/2004,HNL,HI,AWP,WE,Towers with Radar,396,54,31,16,497,23,38,176,0,237,419,92,207,16,734,0,0,0,734
01/25/2004,HNL,HI,AWP,WE,Towers with Radar,380,52,30,11,473,33,30,150,0,213,413,82,180,11,686,12,0,12,698
01/26/2004,HNL,HI,AWP,WE,Towers with Radar,454,65,38,36,593,0,83,109,0,192,454,148,147,36,785,20,0,20,805
01/27/2004,HNL,HI,AWP,WE,Towers with Radar,431,64,38,42,575,0,62,188,26,276,431,126,226,68,851,0,0,0,851
01/28/2004,HNL,HI,AWP,WE,Towers with Radar,437,64,38,42,581,0,57,136,19,212,437,121,174,61,793,24,0,24,817
01/29/2004,HNL,HI,AWP,WE,Towers with Radar,442,65,37,42,586,0,70,91,19,180,442,135,128,61,766,10,0,10,776
01/30/2004,HNL,HI,AWP,WE,Towers with Radar,470,67,38,44,619,0,78,126,15,219,470,145,164,59,838,22,0,22,860
01/31/2004,HNL,HI,AWP,WE,Towers with Radar,434,61,35,40,570,0,41,177,0,218,434,102,212,40,788,18,0,18,806
02/01/2004,HNL,HI,AWP,WE,Towers with Radar,392,56,41,26,515,45,36,94,0,175,437,92,135,26,690,14,0,14,704
02/02/2004,HNL,HI,AWP,WE,Towers with Radar,438,64,48,51,601,0,64,137,11,212,438,128,185,62,813,8,0,8,821
02/03/2004,HNL,HI,AWP,WE,Towers with Radar,412,61,45,49,567,0,87,138,22,247,412,148,183,71,814,20,0,20,834
02/04/2004,HNL,HI,AWP,WE,Towers with Radar,431,63,47,49,590,0,59,129,0,188,431,122,176,49,778,18,0,18,796
02/05/2004,HNL,HI,AWP,WE,Towers with Radar,421,63,47,52,583,0,99,155,3,257,421,162,202,55,840,4,2,6,846
02/06/2004,HNL,HI,AWP,WE,Towers with Radar,479,73,54,59,665,0,88,115,41,244,479,161,169,100,909,0,0,0,909
02/07/2004,HNL,HI,AWP,WE,Towers with Radar,431,62,47,51,591,0,71,171,37,279,431,133,218,88,870,0,0,0,870
02/08/2004,HNL,HI,AWP,WE,Towers with Radar,407,59,43,47,556,29,24,144,15,212,436,83,187,62,768,8,0,8,776
02/09/2004,HNL,HI,AWP,WE,Towers with Radar,414,60,43,42,559,13,89,122,0,224,427,149,165,42,783,8,2,10,793
02/10/2004,HNL,HI,AWP,WE,Towers with Radar,432,62,44,48,586,9,77,119,0,205,441,139,163,48,791,6,0,6,797
02/11/2004,HNL,HI,AWP,WE,Towers with Radar,435,63,46,51,595,0,65,144,13,222,435,128,190,64,817,0,0,0,817
02/12/2004,HNL,HI,AWP,WE,Towers with Radar,434,64,47,51,596,0,73,181,29,283,434,137,228,80,879,0,2,2,881
02/13/2004,HNL,HI,AWP,WE,Towers with Radar,483,73,53,56,665,0,71,168,0,239,483,144,221,56,904,2,0,2,906
02/14/2004,HNL,HI,AWP,WE,Towers with Radar,418,60,44,33,555,38,72,138,0,248,456,132,182,33,803,0,0,0,803
02/15/2004,HNL,HI,AWP,WE,Towers with Radar,368,53,38,30,489,41,47,145,0,233,409,100,183,30,722,0,0,0,722
02/16/2004,HNL,HI,AWP,WE,Towers with Radar,452,69,49,37,607,0,65,240,0,305,452,134,289,37,912,6,0,6,918
02/17/2004,HNL,HI,AWP,WE,Towers with Radar,435,68,49,55,607,0,75,191,1,267,435,143,240,56,874,0,0,0,874
02/18/2004,HNL,HI,AWP,WE,Towers with Radar,440,65,47,52,604,0,63,154,4,221,440,128,201,56,825,24,0,24,849
02/19/2004,HNL,HI,AWP,WE,Towers with Radar,443,69,49,55,616,0,78,197,1,276,443,147,246,56,892,8,0,8,900
02/20/2004,HNL,HI,AWP,WE,Towers with Radar,477,70,50,56,653,0,80,202,1,283,477,150,252,57,936,0,0,0,936
02/21/2004,HNL,HI,AWP,WE,Towers with Radar,447,63,47,42,599,10,34,199,0,243,457,97,246,42,842,6,0,6,848
02/22/2004,HNL,HI,AWP,WE,Towers with Radar,418,59,44,35,556,25,50,165,0,240,443,109,209,35,796,20,0,20,816
02/23/2004,HNL,HI,AWP,WE,Towers with Radar,441,63,46,51,601,2,80,113,14,209,443,143,159,65,810,20,0,20,830
02/24/2004,HNL,HI,AWP,WE,Towers with Radar,445,68,50,56,619,0,108,136,21,265,445,176,186,77,884,22,0,22,906
02/25/2004,HNL,HI,AWP,WE,Towers with Radar,435,72,52,58,617,0,94,204,46,344,435,166,256,104,961,32,0,32,993
02/26/2004,HNL,HI,AWP,WE,Towers with Radar,443,63,46,51,603,6,55,37,10,108,449,118,83,61,711,0,0,0,711
02/27/2004,HNL,HI,AWP,WE,Towers with Radar,413,51,15,28,507,70,0,0,0,70,483,51,15,28,577,20,0,20,597
02/28/2004,HNL,HI,AWP,WE,Towers with Radar,428,61,44,33,566,39,66,63,0,168,467,127,107,33,734,0,0,0,734
02/29/2004,HNL,HI,AWP,WE,Towers with Radar,393,56,41,22,512,44,73,78,0,195,437,129,119,22,707,22,6,28,735
03/01/2004,HNL,HI,AWP,WE,Towers with Radar,439,71,44,43,597,10,88,163,0,261,449,159,207,43,858,16,0,16,874
03/02/2004,HNL,HI,AWP,WE,Towers with Radar,435,75,47,47,604,0,24,128,26,178,435,99,175,73,782,8,0,8,790
03/03/2004,HNL,HI,AWP,WE,Towers with Radar,427,76,49,49,601,0,63,94,58,215,427,139,143,107,816,12,0,12,828
03/04/2004,HNL,HI,AWP,WE,Towers with Radar,449,78,49,49,625,0,46,112,35,193,449,124,161,84,818,8,0,8,826
03/05/2004,HNL,HI,AWP,WE,Towers with Radar,492,86,57,54,689,0,77,252,15,344,492,163,309,69,1033,78,10,88,1121
03/06/2004,HNL,HI,AWP,WE,Towers with Radar,457,75,49,48,629,0,53,203,3,259,457,128,252,51,888,16,0,16,904
03/07/2004,HNL,HI,AWP,WE,Towers with Radar,389,62,40,26,517,51,32,142,0,225,440,94,182,26,742,6,0,6,748
03/08/2004,HNL,HI,AWP,WE,Towers with Radar,440,70,45,15,570,3,85,51,0,139,443,155,96,15,709,22,2,24,733
03/09/2004,HNL,HI,AWP,WE,Towers with Radar,430,70,45,46,591,0,76,144,15,235,430,146,189,61,826,12,0,12,838
03/10/2004,HNL,HI,AWP,WE,Towers with Radar,452,75,49,50,626,0,72,159,12,243,452,147,208,62,869,0,0,0,869
03/11/2004,HNL,HI,AWP,WE,Towers with Radar,454,73,48,48,623,0,42,225,8,275,454,115,273,56,898,6,0,6,904
03/12/2004,HNL,HI,AWP,WE,Towers with Radar,452,72,47,47,618,19,69,206,0,294,471,141,253,47,912,8,0,8,920
03/13/2004,HNL,HI,AWP,WE,Towers with Radar,411,65,43,33,552,16,50,104,0,170,427,115,147,33,722,18,0,18,740
03/14/2004,HNL,HI,AWP,WE,Towers with Radar,385,61,40,24,510,49,34,139,0,222,434,95,179,24,732,16,0,16,748
03/15/2004,HNL,HI,AWP,WE,Towers with Radar,382,59,40,18,499,63,28,44,0,135,445,87,84,18,634,14,0,14,648
03/16/2004,HNL,HI,AWP,WE,Towers with Radar,434,73,49,49,605,0,54,154,15,223,434,127,203,64,828,14,0,14,842
03/17/2004,HNL,HI,AWP,WE,Towers with Radar,442,73,48,49,612,0,65,146,14,225,442,138,194,63,837,0,0,0,837
03/18/2004,HNL,HI,AWP,WE,Towers with Radar,452,72,48,48,620,0,79,167,2,248,452,151,215,50,868,6,0,6,874
03/19/2004,HNL,HI,AWP,WE,Towers with Radar,477,74,50,37,638,22,88,205,0,315,499,162,255,37,953,24,0,24,977
03/20/2004,HNL,HI,AWP,WE,Towers with Radar,447,70,47,27,591,26,63,136,0,225,473,133,183,27,816,10,0,10,826
03/21/2004,HNL,HI,AWP,WE,Towers with Radar,428,67,45,18,558,0,52,94,0,146,428,119,139,18,704,30,0,30,734
03/22/2004,HNL,HI,AWP,WE,Towers with Radar,456,72,49,47,624,0,85,77,2,164,456,157,126,49,788,0,0,0,788
03/23/2004,HNL,HI,AWP,WE,Towers with Radar,430,76,50,49,605,0,64,73,44,181,430,140,123,93,786,20,8,28,814
03/24/2004,HNL,HI,AWP,WE,Towers with Radar,482,78,51,51,662,0,55,124,12,191,482,133,175,63,853,6,0,6,859
03/25/2004,HNL,HI,AWP,WE,Towers with Radar,480,80,52,52,664,0,63,123,16,202,480,143,175,68,866,0,0,0,866
03/26/2004,HNL,HI,AWP,WE,Towers with Radar,484,75,50,20,629,13,80,126,0,219,497,155,176,20,848,4,2,6,854
03/27/2004,HNL,HI,AWP,WE,Towers with Radar,445,69,46,27,587,22,61,157,0,240,467,130,203,27,827,0,0,0,827
03/28/2004,HNL,HI,AWP,WE,Towers with Radar,383,60,40,13,496,60,65,155,0,280,443,125,195,13,776,16,0,16,792
03/29/2004,HNL,HI,AWP,WE,Towers with Radar,432,67,45,41,585,7,53,96,0,156,439,120,141,41,741,18,0,18,759
03/30/2004,HNL,HI,AWP,WE,Towers with Radar,418,65,43,43,569,20,58,106,8,192,438,123,149,51,761,18,0,18,779
03/31/2004,HNL,HI,AWP,WE,Towers with Radar,428,67,44,44,583,21,81,110,3,215,449,148,154,47,798,0,0,0,798
04/01/2004,HNL,HI,AWP,WE,Towers with Radar,449,73,42,42,606,0,67,146,10,223,449,140,188,52,829,0,0,0,829
04/02/2004,HNL,HI,AWP,WE,Towers with Radar,465,77,45,35,622,0,71,82,0,153,465,148,127,35,775,10,0,10,785
04/03/2004,HNL,HI,AWP,WE,Towers with Radar,447,74,42,42,605,0,39,171,18,228,447,113,213,60,833,8,0,8,841
04/04/2004,HNL,HI,AWP,WE,Towers with Radar,394,64,35,26,519,32,23,164,0,219,426,87,199,26,738,16,0,16,754
04/05/2004,HNL,HI,AWP,WE,Towers with Radar,417,66,38,22,543,19,68,141,0,228,436,134,179,22,771,10,0,10,781
04/06/2004,HNL,HI,AWP,WE,Towers with Radar,424,69,39,40,572,0,102,132,27,261,424,171,171,67,833,0,0,0,833
04/07/2004,HNL,HI,AWP,WE,Towers with Radar,424,68,39,39,570,10,94,132,14,250,434,162,171,53,820,0,0,0,820
04/08/2004,HNL,HI,AWP,WE,Towers with Radar,446,72,41,42,601,0,103,145,15,263,446,175,186,57,864,10,0,10,874
04/09/2004,HNL,HI,AWP,WE,Towers with Radar,501,80,47,40,668,0,83,133,0,216,501,163,180,40,884,20,2,22,906
04/10/2004,HNL,HI,AWP,WE,Towers with Radar,398,63,36,23,520,25,69,132,0,226,423,132,168,23,746,22,0,22,768
04/11/2004,HNL,HI,AWP,WE,Towers with Radar,406,65,37,37,545,17,45,112,0,174,423,110,149,37,719,22,4,26,745
04/12/2004,HNL,HI,AWP,WE,Towers with Radar,441,71,41,42,595,0,79,140,7,226,441,150,181,49,821,22,0,22,843
04/13/2004,HNL,HI,AWP,WE,Towers with Radar,437,70,40,40,587,2,80,153,11,246,439,150,193,51,833,18,0,18,851
04/14/2004,HNL,HI,AWP,WE,Towers with Radar,472,78,46,45,641,0,90,156,20,266,472,168,202,65,907,36,2,38,945
04/15/2004,HNL,HI,AWP,WE,Towers with Radar,539,89,51,50,729,0,51,144,47,242,539,140,195,97,971,10,0,10,981
04/16/2004,HNL,HI,AWP,WE,Towers with Radar,488,78,46,42,654,0,77,129,0,206,488,155,175,42,860,24,0,24,884
04/17/2004,HNL,HI,AWP,WE,Towers with Radar,440,70,40,32,582,1,55,137,0,193,441,125,177,32,775,10,0,10,785
04/18/2004,HNL,HI,AWP,WE,Towers with Radar,412,66,37,27,542,34,28,134,0,196,446,94,171,27,738,8,4,12,750
04/19/2004,HNL,HI,AWP,WE,Towers with Radar,436,68,40,35,579,3,97,125,0,225,439,165,165,35,804,8,0,8,812
04/20/2004,HNL,HI,AWP,WE,Towers with Radar,434,69,40,41,584,0,86,147,18,251,434,155,187,59,835,6,0,6,841
04/21/2004,HNL,HI,AWP,WE,Towers with Radar,431,68,40,39,578,4,69,173,10,256,435,137,213,49,834,6,0,6,840
04/22/2004,HNL,HI,AWP,WE,Towers with Radar,441,74,45,42,602,0,100,185,2,287,441,174,230,44,889,12,0,12,901
04/23/2004,HNL,HI,AWP,WE,Towers with Radar,479,76,46,25,626,0,88,185,0,273,479,164,231,25,899,34,0,34,933
04/24/2004,HNL,HI,AWP,WE,Towers with Radar,430,67,39,31,567,7,88,143,0,238,437,155,182,31,805,16,0,16,821
04/25/2004,HNL,HI,AWP,WE,Towers with Radar,375,59,34,10,478,56,59,127,0,242,431,118,161,10,720,14,0,14,734
04/26/2004,HNL,HI,AWP,WE,Towers with Radar,422,68,40,25,555,0,51,97,0,148,422,119,137,25,703,0,0,0,703
04/27/2004,HNL,HI,AWP,WE,Towers with Radar,455,73,43,39,610,0,112,133,0,245,455,185,176,39,855,4,0,4,859
04/28/2004,HNL,HI,AWP,WE,Towers with Radar,460,77,45,45,627,0,114,161,13,288,460,191,206,58,915,24,0,24,939
04/29/2004,HNL,HI,AWP,WE,Towers with Radar,462,73,43,42,620,0,100,134,11,245,462,173,177,53,865,0,0,0,865
04/30/2004,HNL,HI,AWP,WE,Towers with Radar,462,72,42,28,604,1,123,175,0,299,463,195,217,28,903,22,0,22,925
05/01/2004,HNL,HI,AWP,WE,Towers with Radar,424,75,36,18,553,37,63,195,0,295,461,138,231,18,848,8,0,8,856
05/02/2004,HNL,HI,AWP,WE,Towers with Radar,394,70,33,28,525,32,58,180,0,270,426,128,213,28,795,10,0,10,805
05/03/2004,HNL,HI,AWP,WE,Towers with Radar,457,81,38,30,606,20,56,127,0,203,477,137,165,30,809,6,6,12,821
05/04/2004,HNL,HI,AWP,WE,Towers with Radar,465,87,40,46,638,0,70,110,12,192,465,157,150,58,830,20,0,20,850
05/05/2004,HNL,HI,AWP,WE,Towers with Radar,436,81,36,43,596,0,93,168,0,261,436,174,204,43,857,0,0,0,857
05/06/2004,HNL,HI,AWP,WE,Towers with Radar,442,80,36,34,592,0,70,159,0,229,442,150,195,34,821,18,0,18,839
05/07/2004,HNL,HI,AWP,WE,Towers with Radar,472,85,39,31,627,11,85,181,0,277,483,170,220,31,904,0,0,0,904
05/08/2004,HNL,HI,AWP,WE,Towers with Radar,405,73,34,26,538,26,55,159,0,240,431,128,193,26,778,8,0,8,786
05/09/2004,HNL,HI,AWP,WE,Towers with Radar,378,68,32,29,507,38,70,130,0,238,416,138,162,29,745,10,0,10,755
05/10/2004,HNL,HI,AWP,WE,Towers with Radar,436,81,37,41,595,0,66,99,64,229,436,147,136,105,824,0,0,0,824
05/11/2004,HNL,HI,AWP,WE,Towers with Radar,442,85,38,44,609,0,87,170,14,271,442,172,208,58,880,0,12,12,892
05/12/2004,HNL,HI,AWP,WE,Towers with Radar,436,84,37,44,601,0,70,160,17,247,436,154,197,61,848,0,0,0,848
05/13/2004,HNL,HI,AWP,WE,Towers with Radar,447,82,37,43,609,0,67,160,9,236,447,149,197,52,845,32,0,32,877
05/14/2004,HNL,HI,AWP,WE,Towers with Radar,494,89,40,46,669,0,40,88,52,180,494,129,128,98,849,0,0,0,849
05/15/2004,HNL,HI,AWP,WE,Towers with Radar,431,79,35,41,586,0,11,9,28,48,431,90,44,69,634,8,0,8,642
05/16/2004,HNL,HI,AWP,WE,Towers with Radar,430,82,36,42,590,0,62,166,26,254,430,144,202,68,844,10,0,10,854
05/17/2004,HNL,HI,AWP,WE,Towers with Radar,431,78,35,33,577,2,97,139,0,238,433,175,174,33,815,0,0,0,815
05/18/2004,HNL,HI,AWP,WE,Towers with Radar,422,76,35,19,552,11,70,152,0,233,433,146,187,19,785,10,0,10,795
05/19/2004,HNL,HI,AWP,WE,Towers with Radar,449,85,38,44,616,0,76,142,16,234,449,161,180,60,850,0,0,0,850
05/20/2004,HNL,HI,AWP,WE,Towers with Radar,427,81,36,40,584,0,75,138,7,220,427,156,174,47,804,8,0,8,812
05/21/2004,HNL,HI,AWP,WE,Towers with Radar,460,88,40,46,634,0,110,218,13,341,460,198,258,59,975,22,0,22,997
05/22/2004,HNL,HI,AWP,WE,Towers with Radar,418,74,34,25,551,34,52,143,0,229,452,126,177,25,780,6,0,6,786
05/23/2004,HNL,HI,AWP,WE,Towers with Radar,405,72,33,20,530,12,103,189,0,304,417,175,222,20,834,22,0,22,856
05/24/2004,HNL,HI,AWP,WE,Towers with Radar,446,82,37,37,602,0,81,123,0,204,446,163,160,37,806,26,0,26,832
05/25/2004,HNL,HI,AWP,WE,Towers with Radar,426,78,36,40,580,0,89,120,16,225,426,167,156,56,805,6,2,8,813
05/26/2004,HNL,HI,AWP,WE,Towers with Radar,445,79,36,41,601,5,60,141,13,219,450,139,177,54,820,12,0,12,832
05/27/2004,HNL,HI,AWP,WE,Towers with Radar,450,83,37,43,613,0,86,187,4,277,450,169,224,47,890,4,0,4,894
05/28/2004,HNL,HI,AWP,WE,Towers with Radar,491,92,41,43,667,0,111,194,0,305,491,203,235,43,972,18,4,22,994
05/29/2004,HNL,HI,AWP,WE,Towers with Radar,421,75,35,18,549,21,65,153,0,239,442,140,188,18,788,12,0,12,800
05/30/2004,HNL,HI,AWP,WE,Towers with Radar,398,71,32,29,530,28,55,143,0,226,426,126,175,29,756,8,0,8,764
05/31/2004,HNL,HI,AWP,WE,Towers with Radar,402,71,33,20,526,28,46,155,0,229,430,117,188,20,755,18,0,18,773
06/01/2004,HNL,HI,AWP,WE,Towers with Radar,405,71,46,38,560,28,95,117,8,248,433,166,163,46,808,0,0,0,808
06/02/2004,HNL,HI,AWP,WE,Towers with Radar,447,82,53,42,624,0,88,134,17,239,447,170,187,59,863,24,0,24,887
06/03/2004,HNL,HI,AWP,WE,Towers with Radar,450,81,52,42,625,0,96,140,12,248,450,177,192,54,873,10,0,10,883
06/04/2004,HNL,HI,AWP,WE,Towers with Radar,489,90,58,47,684,0,103,143,0,246,489,193,201,47,930,40,0,40,970
06/05/2004,HNL,HI,AWP,WE,Towers with Radar,420,76,50,39,585,0,55,121,34,210,420,131,171,73,795,8,0,8,803
06/06/2004,HNL,HI,AWP,WE,Towers with Radar,408,72,46,15,541,44,81,130,0,255,452,153,176,15,796,12,0,12,808
06/07/2004,HNL,HI,AWP,WE,Towers with Radar,434,77,50,28,589,0,99,142,0,241,434,176,192,28,830,14,0,14,844
06/08/2004,HNL,HI,AWP,WE,Towers with Radar,432,78,50,36,596,0,108,160,0,268,432,186,210,36,864,0,0,0,864
06/09/2004,HNL,HI,AWP,WE,Towers with Radar,442,82,52,43,619,0,103,156,1,260,442,185,208,44,879,26,0,26,905
06/10/2004,HNL,HI,AWP,WE,Towers with Radar,497,91,58,48,694,0,136,43,0,179,497,227,101,48,873,6,0,6,879
06/11/2004,HNL,HI,AWP,WE,Towers with Radar,511,90,57,20,678,26,65,177,0,268,537,155,234,20,946,20,0,20,966
06/12/2004,HNL,HI,AWP,WE,Towers with Radar,483,85,55,35,658,36,42,160,0,238,519,127,215,35,896,14,0,14,910
06/13/2004,HNL,HI,AWP,WE,Towers with Radar,412,73,46,21,552,38,54,139,0,231,450,127,185,21,783,12,0,12,795
06/14/2004,HNL,HI,AWP,WE,Towers with Radar,479,85,56,37,657,0,107,124,0,231,479,192,180,37,888,20,0,20,908
06/15/2004,HNL,HI,AWP,WE,Towers with Radar,469,81,53,42,645,23,87,142,6,258,492,168,195,48,903,20,0,20,923
06/16/2004,HNL,HI,AWP,WE,Towers with Radar,502,90,59,46,697,0,69,143,25,237,502,159,202,71,934,24,0,24,958
06/17/2004,HNL,HI,AWP,WE,Towers with Radar,492,88,57,40,677,0,89,191,0,280,492,177,248,40,957,30,0,30,987
06/18/2004,HNL,HI,AWP,WE,Towers with Radar,528,92,60,35,715,0,111,198,0,309,528,203,258,35,1024,24,0,24,1048
06/19/2004,HNL,HI,AWP,WE,Towers with Radar,474,82,54,32,642,21,89,180,0,290,495,171,234,32,932,0,0,0,932
06/20/2004,HNL,HI,AWP,WE,Towers with Radar,430,75,49,10,564,26,60,172,0,258,456,135,221,10,822,12,0,12,834
06/21/2004,HNL,HI,AWP,WE,Towers with Radar,466,81,53,25,625,1,108,118,0,227,467,189,171,25,852,0,0,0,852
06/22/2004,HNL,HI,AWP,WE,Towers with Radar,467,90,59,48,664,0,73,195,16,284,467,163,254,64,948,22,0,22,970
06/23/2004,HNL,HI,AWP,WE,Towers with Radar,484,89,58,47,678,0,97,155,17,269,484,186,213,64,947,0,0,0,947
06/24/2004,HNL,HI,AWP,WE,Towers with Radar,485,84,55,45,669,7,92,173,7,279,492,176,228,52,948,14,0,14,962
06/25/2004,HNL,HI,AWP,WE,Towers with Radar,515,95,62,52,724,0,116,208,6,330,515,211,270,58,1054,20,4,24,1078
06/26/2004,HNL,HI,AWP,WE,Towers with Radar,446,77,51,31,605,49,71,150,0,270,495,148,201,31,875,2,0,2,877
06/27/2004,HNL,HI,AWP,WE,Towers with Radar,443,77,51,40,611,16,49,169,1,235,459,126,220,41,846,26,0,26,872
06/28/2004,HNL,HI,AWP,WE,Towers with Radar,482,87,57,45,671,0,96,150,8,254,482,183,207,53,925,22,0,22,947
06/29/2004,HNL,HI,AWP,WE,Towers with Radar,476,85,54,45,660,0,90,138,27,255,476,175,192,72,915,24,0,24,939
06/30/2004,HNL,HI,AWP,WE,Towers with Radar,488,89,57,44,678,0,109,136,0,245,488,198,193,44,923,46,0,46,969
07/01/2004,HNL,HI,AWP,WE,Towers with Radar,484,73,44,55,656,0,113,149,2,264,484,186,193,57,920,16,0,16,936
07/02/2004,HNL,HI,AWP,WE,Towers with Radar,528,81,49,54,712,0,137,160,0,297,528,218,209,54,1009,18,0,18,1027
07/03/2004,HNL,HI,AWP,WE,Towers with Radar,504,73,45,31,653,4,87,212,0,303,508,160,257,31,956,24,0,24,980
07/04/2004,HNL,HI,AWP,WE,Towers with Radar,420,60,38,23,541,51,57,104,0,212,471,117,142,23,753,18,0,18,771
07/05/2004,HNL,HI,AWP,WE,Towers with Radar,455,65,41,19,580,38,88,169,0,295,493,153,210,19,875,20,0,20,895
07/06/2004,HNL,HI,AWP,WE,Towers with Radar,488,70,44,53,655,1,69,162,12,244,489,139,206,65,899,0,0,0,899
07/07/2004,HNL,HI,AWP,WE,Towers with Radar,491,74,46,56,667,0,84,120,51,255,491,158,166,107,922,18,2,20,942
07/08/2004,HNL,HI,AWP,WE,Towers with Radar,498,78,49,59,684,0,94,156,44,294,498,172,205,103,978,18,0,18,996
07/09/2004,HNL,HI,AWP,WE,Towers with Radar,550,80,51,60,741,0,89,182,55,326,550,169,233,115,1067,12,2,14,1081
07/10/2004,HNL,HI,AWP,WE,Towers with Radar,484,69,43,53,649,19,65,177,11,272,503,134,220,64,921,18,4,22,943
07/11/2004,HNL,HI,AWP,WE,Towers with Radar,461,66,40,50,617,16,62,175,0,253,477,128,215,50,870,28,0,28,898
07/12/2004,HNL,HI,AWP,WE,Towers with Radar,495,74,46,57,672,0,111,164,21,296,495,185,210,78,968,20,0,20,988
07/13/2004,HNL,HI,AWP,WE,Towers with Radar,406,72,44,55,577,0,173,152,12,337,406,245,196,67,914,12,0,12,926
07/14/2004,HNL,HI,AWP,WE,Towers with Radar,484,70,42,55,651,1,103,162,24,290,485,173,204,79,941,10,0,10,951
07/15/2004,HNL,HI,AWP,WE,Towers with Radar,489,72,45,57,663,0,128,186,23,337,489,200,231,80,1000,10,0,10,1010
07/16/2004,HNL,HI,AWP,WE,Towers with Radar,532,75,47,59,713,100,110,220,10,440,632,185,267,69,1153,28,2,30,1183
07/17/2004,HNL,HI,AWP,WE,Towers with Radar,485,68,42,55,650,30,56,173,19,278,515,124,215,74,928,4,0,4,932
07/18/2004,HNL,HI,AWP,WE,Towers with Radar,483,68,43,54,648,2,76,157,17,252,485,144,200,71,900,26,2,28,928
07/19/2004,HNL,HI,AWP,WE,Towers with Radar,486,72,45,57,660,0,135,175,8,318,486,207,220,65,978,22,4,26,1004
07/20/2004,HNL,HI,AWP,WE,Towers with Radar,483,69,43,55,650,0,89,169,11,269,483,158,212,66,919,2,0,2,921
07/21/2004,HNL,HI,AWP,WE,Towers with Radar,503,77,48,59,687,0,78,177,31,286,503,155,225,90,973,0,0,0,973
07/22/2004,HNL,HI,AWP,WE,Towers with Radar,493,75,47,58,673,0,81,221,9,311,493,156,268,67,984,14,2,16,1000
07/23/2004,HNL,HI,AWP,WE,Towers with Radar,510,72,45,29,656,20,120,162,0,302,530,192,207,29,958,10,0,10,968
07/24/2004,HNL,HI,AWP,WE,Towers with Radar,468,66,41,43,618,28,112,189,0,329,496,178,230,43,947,4,0,4,951
07/25/2004,HNL,HI,AWP,WE,Towers with Radar,438,62,38,32,570,47,105,114,0,266,485,167,152,32,836,0,0,0,836
07/26/2004,HNL,HI,AWP,WE,Towers with Radar,502,72,45,31,650,0,121,150,0,271,502,193,195,31,921,16,0,16,937
07/27/2004,HNL,HI,AWP,WE,Towers with Radar,497,72,43,36,648,0,95,139,0,234,497,167,182,36,882,16,0,16,898
07/28/2004,HNL,HI,AWP,WE,Towers with Radar,483,70,42,54,649,0,100,157,24,281,483,170,199,78,930,0,8,8,938
07/29/2004,HNL,HI,AWP,WE,Towers with Radar,508,77,47,59,691,0,81,168,3,252,508,158,215,62,943,38,0,38,981
07/30/2004,HNL,HI,AWP,WE,Towers with Radar,517,49,46,35,647,17,0,156,0,173,534,49,202,35,820,16,2,18,838
07/31/2004,HNL,HI,AWP,WE,Towers with Radar,480,69,42,27,618,38,96,123,0,257,518,165,165,27,875,28,2,30,905
08/01/2004,HNL,HI,AWP,WE,Towers with Radar,462,63,37,10,572,21,73,124,8,226,483,136,161,18,798,20,6,26,824
08/02/2004,HNL,HI,AWP,WE,Towers with Radar,513,78,45,10,646,0,78,131,24,233,513,156,176,34,879,0,0,0,879
08/03/2004,HNL,HI,AWP,WE,Towers with Radar,500,77,44,10,631,0,67,104,52,223,500,144,148,62,854,0,0,0,854
08/04/2004,HNL,HI,AWP,WE,Towers with Radar,518,73,42,10,643,0,65,52,19,136,518,138,94,29,779,12,0,12,791
08/05/2004,HNL,HI,AWP,WE,Towers with Radar,492,76,44,10,622,0,107,138,53,298,492,183,182,63,920,12,2,14,934
08/06/2004,HNL,HI,AWP,WE,Towers with Radar,542,78,45,11,676,0,101,156,35,292,542,179,201,46,968,20,4,24,992
08/07/2004,HNL,HI,AWP,WE,Towers with Radar,526,78,47,11,662,0,73,142,52,267,526,151,189,63,929,8,4,12,941
08/08/2004,HNL,HI,AWP,WE,Towers with Radar,483,67,40,11,601,0,73,163,31,267,483,140,203,42,868,22,4,26,894
08/09/2004,HNL,HI,AWP,WE,Towers with Radar,482,73,44,12,611,0,81,201,5,287,482,154,245,17,898,0,0,0,898
08/10/2004,HNL,HI,AWP,WE,Towers with Radar,489,72,42,12,615,0,74,170,34,278,489,146,212,46,893,6,0,6,899
08/11/2004,HNL,HI,AWP,WE,Towers with Radar,497,76,44,12,629,0,104,187,28,319,497,180,231,40,948,16,0,16,964
08/12/2004,HNL,HI,AWP,WE,Towers with Radar,527,76,44,12,659,0,80,142,29,251,527,156,186,41,910,4,0,4,914
08/13/2004,HNL,HI,AWP,WE,Towers with Radar,561,81,47,14,703,0,81,174,22,277,561,162,221,36,980,20,0,20,1000
08/14/2004,HNL,HI,AWP,WE,Towers with Radar,523,72,42,12,649,0,67,180,17,264,523,139,222,29,913,18,0,18,931
08/15/2004,HNL,HI,AWP,WE,Towers with Radar,471,65,37,11,584,21,62,149,1,233,492,127,186,12,817,20,4,24,841
08/16/2004,HNL,HI,AWP,WE,Towers with Radar,513,72,41,10,636,0,90,128,30,248,513,162,169,40,884,0,0,0,884
08/17/2004,HNL,HI,AWP,WE,Towers with Radar,552,76,44,12,684,0,53,125,42,220,552,129,169,54,904,0,0,0,904
08/18/2004,HNL,HI,AWP,WE,Towers with Radar,510,79,46,13,648,0,102,176,57,335,510,181,222,70,983,32,0,32,1015
08/19/2004,HNL,HI,AWP,WE,Towers with Radar,512,80,46,13,651,0,89,188,53,330,512,169,234,66,981,12,2,14,995
08/20/2004,HNL,HI,AWP,WE,Towers with Radar,569,80,46,14,709,0,99,185,32,316,569,179,231,46,1025,2,0,2,1027
08/21/2004,HNL,HI,AWP,WE,Towers with Radar,503,69,40,12,624,4,66,148,11,229,507,135,188,23,853,20,4,24,877
08/22/2004,HNL,HI,AWP,WE,Towers with Radar,466,65,38,11,580,0,103,157,18,278,466,168,195,29,858,22,4,26,884
08/23/2004,HNL,HI,AWP,WE,Towers with Radar,481,71,41,12,605,0,95,91,46,232,481,166,132,58,837,0,0,0,837
08/24/2004,HNL,HI,AWP,WE,Towers with Radar,493,74,43,12,622,0,79,152,69,300,493,153,195,81,922,14,0,14,936
08/25/2004,HNL,HI,AWP,WE,Towers with Radar,492,76,44,12,624,0,107,34,63,204,492,183,78,75,828,0,0,0,828
08/26/2004,HNL,HI,AWP,WE,Towers with Radar,487,74,45,11,617,0,73,130,55,258,487,147,175,66,875,18,0,18,893
08/27/2004,HNL,HI,AWP,WE,Towers with Radar,533,77,46,12,668,0,83,151,24,258,533,160,197,36,926,16,2,18,944
08/28/2004,HNL,HI,AWP,WE,Towers with Radar,385,68,41,10,504,0,172,130,16,318,385,240,171,26,822,14,4,18,840
08/29/2004,HNL,HI,AWP,WE,Towers with Radar,476,64,39,10,589,0,45,151,16,212,476,109,190,26,801,12,6,18,819
08/30/2004,HNL,HI,AWP,WE,Towers with Radar,496,71,43,10,620,0,150,121,12,283,496,221,164,22,903,10,0,10,913
08/31/2004,HNL,HI,AWP,WE,Towers with Radar,487,71,42,11,611,0,122,158,16,296,487,193,200,27,907,4,0,4,911
09/01/2004,HNL,HI,AWP,WE,Towers with Radar,505,87,48,38,678,0,77,151,8,236,505,164,199,46,914,0,0,0,914
09/02/2004,HNL,HI,AWP,WE,Towers with Radar,503,88,47,39,677,0,105,145,0,250,503,193,192,39,927,18,2,20,947
09/03/2004,HNL,HI,AWP,WE,Towers with Radar,501,85,46,37,669,23,106,142,0,271,524,191,188,37,940,6,12,18,958
09/04/2004,HNL,HI,AWP,WE,Towers with Radar,466,79,43,24,612,32,60,122,0,214,498,139,165,24,826,18,4,22,848
09/05/2004,HNL,HI,AWP,WE,Towers with Radar,423,71,40,18,552,50,46,129,0,225,473,117,169,18,777,8,0,8,785
09/06/2004,HNL,HI,AWP,WE,Towers with Radar,422,71,32,17,542,49,90,0,0,139,471,161,32,17,681,14,0,14,695
09/07/2004,HNL,HI,AWP,WE,Towers with Radar,447,75,42,35,599,20,67,145,5,237,467,142,187,40,836,8,4,12,848
09/08/2004,HNL,HI,AWP,WE,Towers with Radar,491,83,47,39,660,0,53,133,14,200,491,136,180,53,860,0,0,0,860
09/09/2004,HNL,HI,AWP,WE,Towers with Radar,488,84,47,33,652,0,65,153,0,218,488,149,200,33,870,4,0,4,874
09/10/2004,HNL,HI,AWP,WE,Towers with Radar,524,88,49,37,698,6,93,154,0,253,530,181,203,37,951,16,2,18,969
09/11/2004,HNL,HI,AWP,WE,Towers with Radar,463,79,44,38,624,0,68,133,17,218,463,147,177,55,842,0,0,0,842
09/12/2004,HNL,HI,AWP,WE,Towers with Radar,433,74,40,24,571,25,84,127,0,236,458,158,167,24,807,18,4,22,829
09/13/2004,HNL,HI,AWP,WE,Towers with Radar,478,82,44,21,625,0,112,141,0,253,478,194,185,21,878,12,0,12,890
09/14/2004,HNL,HI,AWP,WE,Towers with Radar,472,86,46,39,643,0,72,141,21,234,472,158,187,60,877,0,0,0,877
09/15/2004,HNL,HI,AWP,WE,Towers with Radar,491,86,47,40,664,0,90,125,14,229,491,176,172,54,893,6,2,8,901
09/16/2004,HNL,HI,AWP,WE,Towers with Radar,475,87,47,40,649,0,94,152,17,263,475,181,199,57,912,6,0,6,918
09/17/2004,HNL,HI,AWP,WE,Towers with Radar,506,87,47,39,679,0,94,150,0,244,506,181,197,39,923,4,2,6,929
09/18/2004,HNL,HI,AWP,WE,Towers with Radar,442,76,41,28,587,0,74,190,0,264,442,150,231,28,851,16,0,16,867
09/19/2004,HNL,HI,AWP,WE,Towers with Radar,430,73,40,13,556,37,54,117,0,208,467,127,157,13,764,16,0,16,780
09/20/2004,HNL,HI,AWP,WE,Towers with Radar,466,85,46,40,637,0,108,130,28,266,466,193,176,68,903,18,0,18,921
09/21/2004,HNL,HI,AWP,WE,Towers with Radar,483,83,45,39,650,0,113,147,4,264,483,196,192,43,914,0,0,0,914
09/22/2004,HNL,HI,AWP,WE,Towers with Radar,490,85,46,40,661,0,102,160,4,266,490,187,206,44,927,14,0,14,941
09/23/2004,HNL,HI,AWP,WE,Towers with Radar,483,87,47,40,657,0,77,140,5,222,483,164,187,45,879,6,0,6,885
09/24/2004,HNL,HI,AWP,WE,Towers with Radar,531,92,51,43,717,0,103,187,10,300,531,195,238,53,1017,26,0,26,1043
09/25/2004,HNL,HI,AWP,WE,Towers with Radar,483,81,45,38,647,3,102,205,1,311,486,183,250,39,958,0,0,0,958
09/26/2004,HNL,HI,AWP,WE,Towers with Radar,443,74,42,34,593,30,66,125,4,225,473,140,167,38,818,12,2,14,832
09/27/2004,HNL,HI,AWP,WE,Towers with Radar,489,82,46,38,655,0,85,135,0,220,489,167,181,38,875,0,0,0,875
09/28/2004,HNL,HI,AWP,WE,Towers with Radar,449,80,45,36,610,0,108,136,5,249,449,188,181,41,859,16,0,16,875
09/29/2004,HNL,HI,AWP,WE,Towers with Radar,476,80,45,33,634,1,85,82,0,168,477,165,127,33,802,18,0,18,820
09/30/2004,HNL,HI,AWP,WE,Towers with Radar,493,85,47,27,652,0,94,122,0,216,493,179,169,27,868,0,0,0,868
10/01/2004,HNL,HI,AWP,WE,Towers with Radar,506,118,29,41,694,0,87,120,3,210,506,205,149,44,904,12,0,12,916
10/02/2004,HNL,HI,AWP,WE,Towers with Radar,479,79,36,95,689,0,50,140,0,190,479,129,176,95,879,8,0,8,887
10/03/2004,HNL,HI,AWP,WE,Towers with Radar,474,61,38,49,622,0,59,154,0,213,474,120,192,49,835,18,4,22,857
10/04/2004,HNL,HI,AWP,WE,Towers with Radar,492,91,51,51,685,0,89,119,0,208,492,180,170,51,893,0,0,0,893
10/05/2004,HNL,HI,AWP,WE,Towers with Radar,477,101,63,57,698,0,81,183,0,264,477,182,246,57,962,24,0,24,986
10/06/2004,HNL,HI,AWP,WE,Towers with Radar,511,108,34,66,719,0,92,135,0,227,511,200,169,66,946,12,0,12,958
10/07/2004,HNL,HI,AWP,WE,Towers with Radar,499,106,66,86,757,0,80,156,0,236,499,186,222,86,993,20,14,34,1027
10/08/2004,HNL,HI,AWP,WE,Towers with Radar,507,124,27,65,723,0,101,192,17,310,507,225,219,82,1033,18,2,20,1053
10/09/2004,HNL,HI,AWP,WE,Towers with Radar,480,74,33,33,620,0,150,158,5,313,480,224,191,38,933,0,0,0,933
10/10/2004,HNL,HI,AWP,WE,Towers with Radar,493,77,44,41,655,0,144,150,1,295,493,221,194,42,950,12,0,12,962
10/11/2004,HNL,HI,AWP,WE,Towers with Radar,458,71,20,32,581,2,0,0,0,2,460,71,20,32,583,2,2,4,587
10/12/2004,HNL,HI,AWP,WE,Towers with Radar,490,85,57,58,690,0,82,142,0,224,490,167,199,58,914,0,0,0,914
10/13/2004,HNL,HI,AWP,WE,Towers with Radar,509,90,47,46,692,0,97,140,3,240,509,187,187,49,932,6,0,6,938
10/14/2004,HNL,HI,AWP,WE,Towers with Radar,504,102,35,41,682,0,67,166,2,235,504,169,201,43,917,10,0,10,927
10/15/2004,HNL,HI,AWP,WE,Towers with Radar,553,132,42,41,768,1,190,8,15,214,554,322,50,56,982,16,0,16,998
10/16/2004,HNL,HI,AWP,WE,Towers with Radar,485,69,45,19,618,3,129,139,11,282,488,198,184,30,900,0,0,0,900
10/17/2004,HNL,HI,AWP,WE,Towers with Radar,485,69,45,19,618,3,129,139,11,282,488,198,184,30,900,0,0,0,900
10/18/2004,HNL,HI,AWP,WE,Towers with Radar,478,78,41,41,638,0,74,157,1,232,478,152,198,42,870,14,4,18,888
10/19/2004,HNL,HI,AWP,WE,Towers with Radar,485,72,43,49,649,0,96,148,0,244,485,168,191,49,893,12,0,12,905
10/20/2004,HNL,HI,AWP,WE,Towers with Radar,491,93,52,44,680,0,120,145,0,265,491,213,197,44,945,0,0,0,945
10/21/2004,HNL,HI,AWP,WE,Towers with Radar,492,108,33,44,677,0,56,161,0,217,492,164,194,44,894,4,0,4,898
10/22/2004,HNL,HI,AWP,WE,Towers with Radar,520,101,21,32,674,0,81,201,4,286,520,182,222,36,960,12,2,14,974
10/23/2004,HNL,HI,AWP,WE,Towers with Radar,501,58,34,27,620,0,82,196,6,284,501,140,230,33,904,5,4,9,913
10/24/2004,HNL,HI,AWP,WE,Towers with Radar,469,64,29,24,586,0,73,126,4,203,469,137,155,28,789,12,4,16,805
10/25/2004,HNL,HI,AWP,WE,Towers with Radar,490,90,14,25,619,0,64,75,1,140,490,154,89,26,759,0,0,0,759
10/26/2004,HNL,HI,AWP,WE,Towers with Radar,493,115,47,59,714,0,75,106,0,181,493,190,153,59,895,6,0,6,901
10/27/2004,HNL,HI,AWP,WE,Towers with Radar,484,92,36,54,666,0,85,121,1,207,484,177,157,55,873,16,2,18,891
10/28/2004,HNL,HI,AWP,WE,Towers with Radar,501,108,41,58,708,0,81,120,0,201,501,189,161,58,909,4,0,4,913
10/29/2004,HNL,HI,AWP,WE,Towers with Radar,518,118,59,62,757,0,93,134,0,227,518,211,193,62,984,28,4,32,1016
10/30/2004,HNL,HI,AWP,WE,Towers with Radar,485,83,22,36,626,0,45,104,3,152,485,128,126,39,778,0,0,0,778
10/31/2004,HNL,HI,AWP,WE,Towers with Radar,474,73,25,31,603,0,47,84,3,134,474,120,109,34,737,16,4,20,757
11/01/2004,HNL,HI,AWP,WE,Towers with Radar,477,107,10,51,645,0,85,105,0,190,477,192,115,51,835,0,0,0,835
11/02/2004,HNL,HI,AWP,WE,Towers with Radar,490,82,40,45,657,0,71,135,7,213,490,153,175,52,870,0,0,0,870
11/03/2004,HNL,HI,AWP,WE,Towers with Radar,505,84,34,51,674,0,68,110,2,180,505,152,144,53,854,0,0,0,854
11/04/2004,HNL,HI,AWP,WE,Towers with Radar,504,100,20,55,679,0,57,101,0,158,504,157,121,55,837,28,8,36,873
11/05/2004,HNL,HI,AWP,WE,Towers with Radar,516,120,19,19,674,0,10,8,6,24,516,130,27,25,698,6,0,6,704
11/06/2004,HNL,HI,AWP,WE,Towers with Radar,519,90,38,64,711,0,83,128,4,215,519,173,166,68,926,0,0,0,926
11/07/2004,HNL,HI,AWP,WE,Towers with Radar,519,90,38,64,711,0,83,128,4,215,519,173,166,68,926,12,4,16,942
11/08/2004,HNL,HI,AWP,WE,Towers with Radar,487,101,46,46,680,0,95,45,0,140,487,196,91,46,820,20,0,20,840
11/09/2004,HNL,HI,AWP,WE,Towers with Radar,500,81,62,71,714,0,95,108,0,203,500,176,170,71,917,10,0,10,927
11/10/2004,HNL,HI,AWP,WE,Towers with Radar,508,98,49,67,722,0,81,166,3,250,508,179,215,70,972,0,0,0,972
11/11/2004,HNL,HI,AWP,WE,Towers with Radar,499,79,90,50,718,0,104,179,7,290,499,183,269,57,1008,30,4,34,1042
11/12/2004,HNL,HI,AWP,WE,Towers with Radar,525,104,53,53,735,0,97,168,4,269,525,201,221,57,1004,12,2,14,1018
11/13/2004,HNL,HI,AWP,WE,Towers with Radar,527,92,50,35,704,0,68,118,16,202,527,160,168,51,906,6,0,6,912
11/14/2004,HNL,HI,AWP,WE,Towers with Radar,467,77,47,32,623,0,37,48,4,89,467,114,95,36,712,16,0,16,728
11/15/2004,HNL,HI,AWP,WE,Towers with Radar,483,92,44,53,672,0,98,84,0,182,483,190,128,53,854,20,2,22,876
11/16/2004,HNL,HI,AWP,WE,Towers with Radar,506,94,61,83,744,0,67,138,0,205,506,161,199,83,949,0,0,0,949
11/17/2004,HNL,HI,AWP,WE,Towers with Radar,496,116,47,97,756,0,101,113,0,214,496,217,160,97,970,20,2,22,992
11/18/2004,HNL,HI,AWP,WE,Towers with Radar,509,98,35,45,687,0,89,172,4,265,509,187,207,49,952,8,0,8,960
11/19/2004,HNL,HI,AWP,WE,Towers with Radar,540,94,46,47,727,0,77,236,0,313,540,171,282,47,1040,14,0,14,1054
11/20/2004,HNL,HI,AWP,WE,Towers with Radar,617,78,54,27,776,0,78,182,6,266,617,156,236,33,1042,20,4,24,1066
11/21/2004,HNL,HI,AWP,WE,Towers with Radar,509,67,36,15,627,0,107,151,7,265,509,174,187,22,892,14,4,18,910
11/22/2004,HNL,HI,AWP,WE,Towers with Radar,507,102,87,45,741,0,92,111,3,206,507,194,198,48,947,58,0,58,1005
11/23/2004,HNL,HI,AWP,WE,Towers with Radar,520,87,54,56,717,0,99,146,0,245,520,186,200,56,962,38,0,38,1000
11/24/2004,HNL,HI,AWP,WE,Towers with Radar,513,109,26,37,685,0,161,152,4,317,513,270,178,41,1002,14,0,14,1016
11/25/2004,HNL,HI,AWP,WE,Towers with Radar,474,98,11,7,590,0,36,101,1,138,474,134,112,8,728,12,0,12,740
11/26/2004,HNL,HI,AWP,WE,Towers with Radar,516,103,36,11,666,0,90,204,3,297,516,193,240,14,963,18,0,18,981
11/27/2004,HNL,HI,AWP,WE,Towers with Radar,519,69,44,18,650,0,100,189,4,293,519,169,233,22,943,16,0,16,959
11/28/2004,HNL,HI,AWP,WE,Towers with Radar,511,69,30,18,628,0,70,104,1,175,511,139,134,19,803,8,0,8,811
11/29/2004,HNL,HI,AWP,WE,Towers with Radar,499,96,69,46,710,0,110,119,0,229,499,206,188,46,939,44,0,44,983
11/30/2004,HNL,HI,AWP,WE,Towers with Radar,507,78,84,47,716,0,85,88,0,173,507,163,172,47,889,0,0,0,889
12/01/2004,HNL,HI,AWP,WE,Towers with Radar,529,106,39,60,734,0,92,88,2,182,529,198,127,62,916,38,0,38,954
12/02/2004,HNL,HI,AWP,WE,Towers with Radar,503,104,16,37,660,0,83,113,3,199,503,187,129,40,859,4,0,4,863
12/03/2004,HNL,HI,AWP,WE,Towers with Radar,538,86,16,15,655,0,52,100,3,155,538,138,116,18,810,8,0,8,818
12/04/2004,HNL,HI,AWP,WE,Towers with Radar,499,75,22,63,659,0,90,81,3,174,499,165,103,66,833,4,2,6,839
12/05/2004,HNL,HI,AWP,WE,Towers with Radar,529,106,39,60,734,0,92,88,2,182,529,198,127,62,916,38,0,38,954
12/06/2004,HNL,HI,AWP,WE,Towers with Radar,526,103,23,23,675,0,0,0,0,0,526,103,23,23,675,0,2,2,677
12/07/2004,HNL,HI,AWP,WE,Towers with Radar,492,114,41,42,689,0,108,87,0,195,492,222,128,42,884,0,0,0,884
12/08/2004,HNL,HI,AWP,WE,Towers with Radar,496,119,29,56,700,0,88,166,4,258,496,207,195,60,958,10,2,12,970
12/09/2004,HNL,HI,AWP,WE,Towers with Radar,526,116,21,54,717,0,90,98,0,188,526,206,119,54,905,10,0,10,915
12/10/2004,HNL,HI,AWP,WE,Towers with Radar,558,125,28,56,767,0,67,116,0,183,558,192,144,56,950,8,0,8,958
12/11/2004,HNL,HI,AWP,WE,Towers with Radar,496,78,33,16,623,4,94,166,4,268,500,172,199,20,891,6,0,6,897
12/12/2004,HNL,HI,AWP,WE,Towers with Radar,480,89,39,28,636,2,85,128,3,218,482,174,167,31,854,10,4,14,868
12/13/2004,HNL,HI,AWP,WE,Towers with Radar,502,125,48,53,728,0,139,135,23,297,502,264,183,76,1025,16,0,16,1041
12/14/2004,HNL,HI,AWP,WE,Towers with Radar,521,108,50,71,750,0,93,171,0,264,521,201,221,71,1014,0,0,0,1014
12/15/2004,HNL,HI,AWP,WE,Towers with Radar,540,117,47,40,744,0,125,174,3,302,540,242,221,43,1046,0,0,0,1046
12/16/2004,HNL,HI,AWP,WE,Towers with Radar,527,131,42,51,751,0,97,150,4,251,527,228,192,55,1002,8,2,10,1012
12/17/2004,HNL,HI,AWP,WE,Towers with Radar,562,127,22,36,747,0,104,174,0,278,562,231,196,36,1025,7,0,7,1032
12/18/2004,HNL,HI,AWP,WE,Towers with Radar,557,80,16,20,673,0,97,164,14,275,557,177,180,34,948,8,0,8,956
12/19/2004,HNL,HI,AWP,WE,Towers with Radar,475,93,31,22,621,0,100,134,9,243,475,193,165,31,864,8,0,8,872
12/20/2004,HNL,HI,AWP,WE,Towers with Radar,518,133,33,32,716,2,125,154,10,291,520,258,187,42,1007,10,0,10,1017
12/21/2004,HNL,HI,AWP,WE,Towers with Radar,526,134,44,44,748,0,76,81,0,157,526,210,125,44,905,8,0,8,913
12/22/2004,HNL,HI,AWP,WE,Towers with Radar,524,143,22,44,733,2,25,23,8,58,526,168,45,52,791,2,0,2,793
12/23/2004,HNL,HI,AWP,WE,Towers with Radar,551,114,34,21,720,0,122,154,1,277,551,236,188,22,997,4,0,4,1001
12/24/2004,HNL,HI,AWP,WE,Towers with Radar,576,104,13,1,694,0,76,130,1,207,576,180,143,2,901,6,0,6,907
12/25/2004,HNL,HI,AWP,WE,Towers with Radar,516,34,3,0,553,0,39,78,0,117,516,73,81,0,670,2,0,2,672
12/26/2004,HNL,HI,AWP,WE,Towers with Radar,515,57,25,7,604,0,0,0,0,0,515,57,25,7,604,1,0,1,605
12/27/2004,HNL,HI,AWP,WE,Towers with Radar,514,105,34,26,679,0,23,51,0,74,514,128,85,26,753,4,0,4,757
12/28/2004,HNL,HI,AWP,WE,Towers with Radar,540,100,27,35,702,0,140,189,0,329,540,240,216,35,1031,4,0,4,1035
12/29/2004,HNL,HI,AWP,WE,Towers with Radar,564,98,44,42,748,0,117,195,7,319,564,215,239,49,1067,8,0,8,1075
12/30/2004,HNL,HI,AWP,WE,Towers with Radar,549,122,47,18,736,0,119,184,2,305,549,241,231,20,1041,14,0,14,1055
12/31/2004,HNL,HI,AWP,WE,Towers with Radar,511,107,26,10,654,0,81,108,0,189,511,188,134,10,843,0,0,0,843
01/01/2005,HNL,HI,AWP,WE,Towers with Radar,475,39,21,7,542,0,0,1,2,3,475,39,22,9,545,0,0,0,545
01/02/2005,HNL,HI,AWP,WE,Towers with Radar,552,58,31,14,655,0,104,148,7,259,552,162,179,21,914,18,0,18,932
01/03/2005,HNL,HI,AWP,WE,Towers with Radar,520,92,19,16,647,0,122,168,6,296,520,214,187,22,943,0,0,0,943
01/04/2005,HNL,HI,AWP,WE,Towers with Radar,523,95,32,41,691,0,109,129,2,240,523,204,161,43,931,0,0,0,931
01/05/2005,HNL,HI,AWP,WE,Towers with Radar,540,77,16,48,681,0,102,197,2,301,540,179,213,50,982,0,0,0,982
01/06/2005,HNL,HI,AWP,WE,Towers with Radar,532,97,35,48,712,0,93,160,7,260,532,190,195,55,972,14,0,14,986
01/07/2005,HNL,HI,AWP,WE,Towers with Radar,545,109,34,46,734,0,91,161,1,253,545,200,195,47,987,10,0,10,997
01/08/2005,HNL,HI,AWP,WE,Towers with Radar,529,72,90,70,761,0,104,205,15,324,529,176,295,85,1085,14,0,14,1099
01/09/2005,HNL,HI,AWP,WE,Towers with Radar,397,45,9,27,478,0,44,50,0,94,397,89,59,27,572,0,0,0,572
01/10/2005,HNL,HI,AWP,WE,Towers with Radar,498,114,30,25,667,7,131,141,14,293,505,245,171,39,960,22,0,22,982
01/11/2005,HNL,HI,AWP,WE,Towers with Radar,494,86,29,33,642,0,102,133,2,237,494,188,162,35,879,0,0,0,879
01/12/2005,HNL,HI,AWP,WE,Towers with Radar,487,77,27,41,632,0,77,159,0,236,487,154,186,41,868,0,1,1,869
01/13/2005,HNL,HI,AWP,WE,Towers with Radar,493,81,23,63,660,0,75,116,5,196,493,156,139,68,856,6,0,6,862
01/14/2005,HNL,HI,AWP,WE,Towers with Radar,495,111,15,26,647,0,0,0,0,0,495,111,15,26,647,0,2,2,649
01/15/2005,HNL,HI,AWP,WE,Towers with Radar,508,69,13,32,622,0,91,131,3,225,508,160,144,35,847,0,0,0,847
01/16/2005,HNL,HI,AWP,WE,Towers with Radar,479,125,101,24,729,1,0,0,0,1,480,125,101,24,730,0,0,0,730
01/17/2005,HNL,HI,AWP,WE,Towers with Radar,504,86,16,15,621,0,64,54,1,119,504,150,70,16,740,0,0,0,740
01/18/2005,HNL,HI,AWP,WE,Towers with Radar,478,105,20,41,644,0,70,114,0,184,478,175,134,41,828,0,0,0,828
01/19/2005,HNL,HI,AWP,WE,Towers with Radar,494,103,30,50,677,0,84,149,0,233,494,187,179,50,910,0,0,0,910
01/20/2005,HNL,HI,AWP,WE,Towers with Radar,492,117,37,48,694,0,97,149,0,246,492,214,186,48,940,6,0,6,946
01/21/2005,HNL,HI,AWP,WE,Towers with Radar,532,124,22,38,716,0,80,103,5,188,532,204,125,43,904,10,0,10,914
01/22/2005,HNL,HI,AWP,WE,Towers with Radar,491,70,26,31,618,1,70,254,25,350,492,140,280,56,968,12,0,12,980
01/23/2005,HNL,HI,AWP,WE,Towers with Radar,481,55,12,24,572,0,67,137,2,206,481,122,149,26,778,0,0,0,778
01/24/2005,HNL,HI,AWP,WE,Towers with Radar,482,78,30,33,623,0,129,173,5,307,482,207,203,38,930,0,0,0,930
01/25/2005,HNL,HI,AWP,WE,Towers with Radar,463,90,50,41,644,0,96,146,5,247,463,186,196,46,891,0,0,0,891
01/26/2005,HNL,HI,AWP,WE,Towers with Radar,489,86,28,40,643,0,102,169,1,272,489,188,197,41,915,0,0,0,915
01/27/2005,HNL,HI,AWP,WE,Towers with Radar,505,106,37,50,698,0,97,167,4,268,505,203,204,54,966,8,0,8,974
01/28/2005,HNL,HI,AWP,WE,Towers with Radar,519,100,13,28,660,0,97,172,7,276,519,197,185,35,936,0,0,0,936
01/29/2005,HNL,HI,AWP,WE,Towers with Radar,504,73,28,23,628,0,32,64,22,118,504,105,92,45,746,4,0,4,750
01/30/2005,HNL,HI,AWP,WE,Towers with Radar,468,61,57,15,601,0,78,197,15,290,468,139,254,30,891,28,1,29,920
01/31/2005,HNL,HI,AWP,WE,Towers with Radar,470,111,18,24,623,3,0,0,5,8,473,111,18,29,631,0,0,0,631
02/01/2005,HNL,HI,AWP,WE,Towers with Radar,490,78,28,30,626,0,94,71,1,166,490,172,99,31,792,2,0,2,794
02/02/2005,HNL,HI,AWP,WE,Towers with Radar,497,93,52,38,680,0,57,85,3,145,497,150,137,41,825,14,0,14,839
02/03/2005,HNL,HI,AWP,WE,Towers with Radar,494,103,35,39,671,0,77,103,4,184,494,180,138,43,855,6,0,6,861
02/04/2005,HNL,HI,AWP,WE,Towers with Radar,540,85,41,39,705,0,70,105,1,176,540,155,146,40,881,0,0,0,881
02/05/2005,HNL,HI,AWP,WE,Towers with Radar,498,77,21,21,617,0,139,137,6,282,498,216,158,27,899,2,0,2,901
02/06/2005,HNL,HI,AWP,WE,Towers with Radar,484,57,42,19,602,0,73,127,1,201,484,130,169,20,803,13,0,13,816
02/07/2005,HNL,HI,AWP,WE,Towers with Radar,488,82,53,52,675,0,0,0,0,0,488,82,53,52,675,20,0,20,695
02/08/2005,HNL,HI,AWP,WE,Towers with Radar,496,67,78,45,686,0,101,152,0,253,496,168,230,45,939,14,0,14,953
02/09/2005,HNL,HI,AWP,WE,Towers with Radar,490,84,38,38,650,0,111,180,5,296,490,195,218,43,946,6,0,6,952
02/10/2005,HNL,HI,AWP,WE,Towers with Radar,496,87,63,48,694,0,125,203,7,335,496,212,266,55,1029,4,0,4,1033
02/11/2005,HNL,HI,AWP,WE,Towers with Radar,534,98,22,26,680,0,116,166,7,289,534,214,188,33,969,6,0,6,975
02/12/2005,HNL,HI,AWP,WE,Towers with Radar,506,75,54,23,658,3,89,106,11,209,509,164,160,34,867,0,0,0,867
02/13/2005,HNL,HI,AWP,WE,Towers with Radar,498,56,69,30,653,0,58,157,1,216,498,114,226,31,869,11,0,11,880
02/14/2005,HNL,HI,AWP,WE,Towers with Radar,481,91,27,22,621,0,131,151,9,291,481,222,178,31,912,8,0,8,920
02/15/2005,HNL,HI,AWP,WE,Towers with Radar,495,80,44,53,672,0,100,113,0,213,495,180,157,53,885,16,0,16,901
02/16/2005,HNL,HI,AWP,WE,Towers with Radar,504,79,49,41,673,0,99,113,0,212,504,178,162,41,885,12,0,12,897
02/17/2005,HNL,HI,AWP,WE,Towers with Radar,524,89,40,39,692,0,113,163,2,278,524,202,203,41,970,14,0,14,984
02/18/2005,HNL,HI,AWP,WE,Towers with Radar,547,104,38,62,751,0,122,167,4,293,547,226,205,66,1044,10,0,10,1054
02/19/2005,HNL,HI,AWP,WE,Towers with Radar,499,73,33,21,626,5,122,158,6,291,504,195,191,27,917,0,0,0,917
02/20/2005,HNL,HI,AWP,WE,Towers with Radar,493,35,35,25,588,0,83,168,4,255,493,118,203,29,843,12,0,12,855
02/21/2005,HNL,HI,AWP,WE,Towers with Radar,497,86,44,29,656,2,119,175,6,302,499,205,219,35,958,12,0,12,970
02/22/2005,HNL,HI,AWP,WE,Towers with Radar,486,95,22,68,671,0,120,149,0,269,486,215,171,68,940,6,0,6,946
02/23/2005,HNL,HI,AWP,WE,Towers with Radar,485,94,33,70,682,0,109,161,2,272,485,203,194,72,954,2,0,2,956
02/24/2005,HNL,HI,AWP,WE,Towers with Radar,513,113,34,61,721,0,116,168,0,284,513,229,202,61,1005,0,0,0,1005
02/25/2005,HNL,HI,AWP,WE,Towers with Radar,579,39,35,59,712,0,104,166,0,270,579,143,201,59,982,10,0,10,992
02/26/2005,HNL,HI,AWP,WE,Towers with Radar,492,73,63,67,695,2,70,103,7,182,494,143,166,74,877,12,2,14,891
02/27/2005,HNL,HI,AWP,WE,Towers with Radar,484,75,52,33,644,0,73,91,4,168,484,148,143,37,812,0,0,0,812
02/28/2005,HNL,HI,AWP,WE,Towers with Radar,480,96,40,28,644,0,97,154,5,256,480,193,194,33,900,16,0,16,916
03/01/2005,HNL,HI,AWP,WE,Towers with Radar,492,83,58,58,691,0,101,151,0,252,492,184,209,58,943,4,0,4,947
03/02/2005,HNL,HI,AWP,WE,Towers with Radar,480,89,30,43,642,0,97,133,0,230,480,186,163,43,872,8,0,8,880
03/03/2005,HNL,HI,AWP,WE,Towers with Radar,511,98,34,42,685,0,114,148,1,263,511,212,182,43,948,4,0,4,952
03/04/2005,HNL,HI,AWP,WE,Towers with Radar,550,114,17,33,714,0,107,169,5,281,550,221,186,38,995,2,0,2,997
03/05/2005,HNL,HI,AWP,WE,Towers with Radar,490,72,22,47,631,0,83,175,6,264,490,155,197,53,895,2,0,2,897
03/06/2005,HNL,HI,AWP,WE,Towers with Radar,471,65,33,27,596,0,100,183,21,304,471,165,216,48,900,1,0,1,901
03/07/2005,HNL,HI,AWP,WE,Towers with Radar,505,103,7,36,651,2,102,149,11,264,507,205,156,47,915,0,0,0,915
03/08/2005,HNL,HI,AWP,WE,Towers with Radar,478,96,22,58,654,0,62,74,0,136,478,158,96,58,790,0,0,0,790
03/09/2005,HNL,HI,AWP,WE,Towers with Radar,487,110,42,52,691,0,75,149,0,224,487,185,191,52,915,0,0,0,915
03/10/2005,HNL,HI,AWP,WE,Towers with Radar,523,135,34,66,758,0,75,120,0,195,523,210,154,66,953,4,2,6,959
03/11/2005,HNL,HI,AWP,WE,Towers with Radar,536,110,23,66,735,2,90,174,11,277,538,200,197,77,1012,6,0,6,1018
03/12/2005,HNL,HI,AWP,WE,Towers with Radar,485,77,34,25,621,0,33,80,0,113,485,110,114,25,734,0,0,0,734
03/13/2005,HNL,HI,AWP,WE,Towers with Radar,492,67,11,35,605,1,72,177,1,251,493,139,188,36,856,0,0,0,856
03/14/2005,HNL,HI,AWP,WE,Towers with Radar,494,106,15,52,667,0,104,100,3,207,494,210,115,55,874,0,0,0,874
03/15/2005,HNL,HI,AWP,WE,Towers with Radar,500,95,15,70,680,0,86,86,0,172,500,181,101,70,852,0,0,0,852
03/16/2005,HNL,HI,AWP,WE,Towers with Radar,494,93,22,44,653,0,94,178,3,275,494,187,200,47,928,26,0,26,954
03/17/2005,HNL,HI,AWP,WE,Towers with Radar,517,148,35,43,743,0,91,223,3,317,517,239,258,46,1060,6,0,6,1066
03/18/2005,HNL,HI,AWP,WE,Towers with Radar,542,113,38,26,719,2,94,221,18,335,544,207,259,44,1054,5,1,6,1060
03/19/2005,HNL,HI,AWP,WE,Towers with Radar,530,79,34,18,661,0,112,189,12,313,530,191,223,30,974,0,0,0,974
03/20/2005,HNL,HI,AWP,WE,Towers with Radar,506,57,44,25,632,0,120,194,1,315,506,177,238,26,947,0,0,0,947
03/21/2005,HNL,HI,AWP,WE,Towers with Radar,515,88,28,52,683,1,132,188,10,331,516,220,216,62,1014,0,0,0,1014
03/22/2005,HNL,HI,AWP,WE,Towers with Radar,498,88,47,36,669,0,109,172,2,283,498,197,219,38,952,8,0,8,960
03/23/2005,HNL,HI,AWP,WE,Towers with Radar,502,104,29,51,686,0,98,204,0,302,502,202,233,51,988,9,0,9,997
03/24/2005,HNL,HI,AWP,WE,Towers with Radar,511,120,36,52,719,1,95,201,17,314,512,215,237,69,1033,0,0,0,1033
03/25/2005,HNL,HI,AWP,WE,Towers with Radar,576,133,34,28,771,4,62,97,4,167,580,195,131,32,938,0,0,0,938
03/26/2005,HNL,HI,AWP,WE,Towers with Radar,522,91,56,29,698,0,41,101,5,147,522,132,157,34,845,0,0,0,845
03/27/2005,HNL,HI,AWP,WE,Towers with Radar,512,60,23,30,625,2,85,103,1,191,514,145,126,31,816,0,0,0,816
03/28/2005,HNL,HI,AWP,WE,Towers with Radar,0,0,0,0,0,502,215,166,30,913,502,215,166,30,913,0,0,0,913
03/29/2005,HNL,HI,AWP,WE,Towers with Radar,486,96,69,67,718,0,102,118,1,221,486,198,187,68,939,16,0,16,955
03/30/2005,HNL,HI,AWP,WE,Towers with Radar,505,103,54,59,721,0,113,161,0,274,505,216,215,59,995,0,0,0,995
03/31/2005,HNL,HI,AWP,WE,Towers with Radar,511,93,32,53,689,0,73,149,0,222,511,166,181,53,911,4,6,10,921
04/01/2005,HNL,HI,AWP,WE,Towers with Radar,532,127,26,52,737,0,64,97,5,166,532,191,123,57,903,8,0,8,911
04/02/2005,HNL,HI,AWP,WE,Towers with Radar,503,72,28,81,684,0,72,111,13,196,503,144,139,94,880,4,0,4,884
04/03/2005,HNL,HI,AWP,WE,Towers with Radar,512,64,47,20,643,0,94,125,4,223,512,158,172,24,866,0,0,0,866
04/04/2005,HNL,HI,AWP,WE,Towers with Radar,512,101,73,32,718,2,149,149,9,309,514,250,222,41,1027,0,0,0,1027
04/05/2005,HNL,HI,AWP,WE,Towers with Radar,504,103,28,38,673,0,116,147,2,265,504,219,175,40,938,0,0,0,938
04/06/2005,HNL,HI,AWP,WE,Towers with Radar,487,101,46,67,701,0,88,139,1,228,487,189,185,68,929,0,0,0,929
04/07/2005,HNL,HI,AWP,WE,Towers with Radar,505,112,43,60,720,0,81,144,0,225,505,193,187,60,945,8,0,8,953
04/08/2005,HNL,HI,AWP,WE,Towers with Radar,516,107,84,50,757,0,85,200,3,288,516,192,284,53,1045,8,0,8,1053
04/09/2005,HNL,HI,AWP,WE,Towers with Radar,477,72,52,29,630,1,75,170,5,251,478,147,222,34,881,0,0,0,881
04/10/2005,HNL,HI,AWP,WE,Towers with Radar,464,69,45,31,609,0,89,194,17,300,464,158,239,48,909,12,6,18,927
04/11/2005,HNL,HI,AWP,WE,Towers with Radar,477,104,72,33,686,4,87,141,8,240,481,191,213,41,926,28,2,30,956
04/12/2005,HNL,HI,AWP,WE,Towers with Radar,467,90,69,43,669,0,102,132,3,237,467,192,201,46,906,2,0,2,908
04/13/2005,HNL,HI,AWP,WE,Towers with Radar,496,101,43,42,682,0,106,156,0,262,496,207,199,42,944,6,8,14,958
04/14/2005,HNL,HI,AWP,WE,Towers with Radar,486,100,45,53,684,0,74,162,2,238,486,174,207,55,922,6,0,6,928
04/15/2005,HNL,HI,AWP,WE,Towers with Radar,512,117,49,45,723,6,102,178,10,296,518,219,227,55,1019,10,0,10,1029
04/16/2005,HNL,HI,AWP,WE,Towers with Radar,482,89,60,26,657,1,112,165,3,281,483,201,225,29,938,2,0,2,940
04/17/2005,HNL,HI,AWP,WE,Towers with Radar,578,60,40,24,702,1,74,157,10,242,579,134,197,34,944,14,0,14,958
04/18/2005,HNL,HI,AWP,WE,Towers with Radar,475,118,37,61,691,5,103,169,15,292,480,221,206,76,983,12,4,16,999
04/19/2005,HNL,HI,AWP,WE,Towers with Radar,466,96,38,46,646,0,122,153,5,280,466,218,191,51,926,24,0,24,950
04/20/2005,HNL,HI,AWP,WE,Towers with Radar,0,0,0,0,0,494,147,193,46,880,494,147,193,46,880,0,0,0,880
04/21/2005,HNL,HI,AWP,WE,Towers with Radar,508,98,28,43,677,0,77,187,2,266,508,175,215,45,943,14,0,14,957
04/22/2005,HNL,HI,AWP,WE,Towers with Radar,494,112,41,45,692,0,86,161,2,249,494,198,202,47,941,0,0,0,941
04/23/2005,HNL,HI,AWP,WE,Towers with Radar,494,84,35,42,655,0,69,172,9,250,494,153,207,51,905,0,0,0,905
04/24/2005,HNL,HI,AWP,WE,Towers with Radar,483,51,49,15,598,0,83,148,16,247,483,134,197,31,845,10,0,10,855
04/25/2005,HNL,HI,AWP,WE,Towers with Radar,471,101,33,31,636,7,96,119,0,222,478,197,152,31,858,2,2,4,862
04/26/2005,HNL,HI,AWP,WE,Towers with Radar,478,119,56,46,699,0,112,167,0,279,478,231,223,46,978,0,0,0,978
04/27/2005,HNL,HI,AWP,WE,Towers with Radar,488,98,10,45,641,0,77,157,0,234,488,175,167,45,875,0,0,0,875
04/28/2005,HNL,HI,AWP,WE,Towers with Radar,506,136,72,78,792,0,73,131,0,204,506,209,203,78,996,12,0,12,1008
04/29/2005,HNL,HI,AWP,WE,Towers with Radar,514,125,19,29,687,0,103,197,0,300,514,228,216,29,987,0,0,0,987
04/30/2005,HNL,HI,AWP,WE,Towers with Radar,507,80,22,23,632,2,101,252,6,361,509,181,274,29,993,2,0,2,995
05/01/2005,HNL,HI,AWP,WE,Towers with Radar,484,71,24,33,612,0,90,191,0,281,484,161,215,33,893,0,0,0,893
05/02/2005,HNL,HI,AWP,WE,Towers with Radar,473,109,27,52,661,0,100,167,4,271,473,209,194,56,932,14,0,14,946
05/03/2005,HNL,HI,AWP,WE,Towers with Radar,491,81,42,43,657,0,93,183,5,281,491,174,225,48,938,4,0,4,942
05/04/2005,HNL,HI,AWP,WE,Towers with Radar,509,112,46,72,739,0,109,167,0,276,509,221,213,72,1015,0,0,0,1015
05/05/2005,HNL,HI,AWP,WE,Towers with Radar,504,95,44,60,703,0,96,175,7,278,504,191,219,67,981,6,0,6,987
05/06/2005,HNL,HI,AWP,WE,Towers with Radar,505,111,33,27,676,3,86,175,10,274,508,197,208,37,950,18,0,18,968
05/07/2005,HNL,HI,AWP,WE,Towers with Radar,504,73,45,23,645,0,95,139,9,243,504,168,184,32,888,20,0,20,908
05/08/2005,HNL,HI,AWP,WE,Towers with Radar,472,65,16,18,571,1,75,150,4,230,473,140,166,22,801,8,0,8,809
05/09/2005,HNL,HI,AWP,WE,Towers with Radar,483,92,38,19,632,0,167,139,10,316,483,259,177,29,948,0,0,0,948
05/10/2005,HNL,HI,AWP,WE,Towers with Radar,465,93,55,63,676,0,102,126,4,232,465,195,181,67,908,20,4,24,932
05/11/2005,HNL,HI,AWP,WE,Towers with Radar,510,74,44,58,686,0,126,167,0,293,510,200,211,58,979,2,0,2,981
05/12/2005,HNL,HI,AWP,WE,Towers with Radar,513,113,37,56,719,0,81,172,0,253,513,194,209,56,972,12,0,12,984
05/13/2005,HNL,HI,AWP,WE,Towers with Radar,528,124,38,27,717,0,94,152,0,246,528,218,190,27,963,8,0,8,971
05/14/2005,HNL,HI,AWP,WE,Towers with Radar,482,75,38,59,654,2,82,176,4,264,484,157,214,63,918,8,0,8,926
05/15/2005,HNL,HI,AWP,WE,Towers with Radar,475,43,38,32,588,0,97,130,6,233,475,140,168,38,821,0,0,0,821
05/16/2005,HNL,HI,AWP,WE,Towers with Radar,478,85,20,24,607,0,117,115,0,232,478,202,135,24,839,6,0,6,845
05/17/2005,HNL,HI,AWP,WE,Towers with Radar,473,97,59,39,668,0,106,116,8,230,473,203,175,47,898,22,0,22,920
05/18/2005,HNL,HI,AWP,WE,Towers with Radar,495,104,51,43,693,0,107,129,0,236,495,211,180,43,929,0,0,0,929
05/19/2005,HNL,HI,AWP,WE,Towers with Radar,506,103,34,33,676,0,92,87,5,184,506,195,121,38,860,4,0,4,864
05/20/2005,HNL,HI,AWP,WE,Towers with Radar,524,111,31,42,708,5,122,163,12,302,529,233,194,54,1010,4,0,4,1014
05/21/2005,HNL,HI,AWP,WE,Towers with Radar,476,77,36,19,608,0,74,169,9,252,476,151,205,28,860,4,0,4,864
05/22/2005,HNL,HI,AWP,WE,Towers with Radar,470,66,34,23,593,0,0,0,0,0,470,66,34,23,593,20,0,20,613
05/23/2005,HNL,HI,AWP,WE,Towers with Radar,474,99,43,32,648,0,119,139,0,258,474,218,182,32,906,20,2,22,928
05/24/2005,HNL,HI,AWP,WE,Towers with Radar,481,89,30,40,640,0,116,148,8,272,481,205,178,48,912,14,0,14,926
05/25/2005,HNL,HI,AWP,WE,Towers with Radar,482,98,35,58,673,0,86,199,1,286,482,184,234,59,959,0,0,0,959
05/26/2005,HNL,HI,AWP,WE,Towers with Radar,515,102,34,35,686,0,103,178,0,281,515,205,212,35,967,4,0,4,971
05/27/2005,HNL,HI,AWP,WE,Towers with Radar,535,106,29,15,685,0,104,216,0,320,535,210,245,15,1005,16,0,16,1021
05/28/2005,HNL,HI,AWP,WE,Towers with Radar,475,93,24,36,628,1,94,218,4,317,476,187,242,40,945,4,0,4,949
05/29/2005,HNL,HI,AWP,WE,Towers with Radar,492,41,26,36,595,0,84,138,11,233,492,125,164,47,828,10,2,12,840
05/30/2005,HNL,HI,AWP,WE,Towers with Radar,479,61,59,28,627,0,115,222,2,339,479,176,281,30,966,12,0,12,978
05/31/2005,HNL,HI,AWP,WE,Towers with Radar,475,100,54,36,665,0,96,129,0,225,475,196,183,36,890,36,0,36,926
06/01/2005,HNL,HI,AWP,WE,Towers with Radar,486,102,54,46,688,0,91,138,0,229,486,193,192,46,917,12,0,12,929
06/02/2005,HNL,HI,AWP,WE,Towers with Radar,488,90,57,37,672,0,94,125,0,219,488,184,182,37,891,4,0,4,895
06/03/2005,HNL,HI,AWP,WE,Towers with Radar,550,119,40,42,751,0,84,167,5,256,550,203,207,47,1007,2,0,2,1009
06/04/2005,HNL,HI,AWP,WE,Towers with Radar,480,81,50,65,676,2,78,183,16,279,482,159,233,81,955,0,0,0,955
06/05/2005,HNL,HI,AWP,WE,Towers with Radar,473,57,44,32,606,0,80,135,3,218,473,137,179,35,824,12,0,12,836
06/06/2005,HNL,HI,AWP,WE,Towers with Radar,506,85,77,43,711,0,112,117,0,229,506,197,194,43,940,0,0,0,940
06/07/2005,HNL,HI,AWP,WE,Towers with Radar,480,95,50,42,667,0,115,143,7,265,480,210,193,49,932,10,0,10,942
06/08/2005,HNL,HI,AWP,WE,Towers with Radar,498,101,58,28,685,0,71,156,0,227,498,172,214,28,912,6,0,6,918
06/09/2005,HNL,HI,AWP,WE,Towers with Radar,520,98,51,43,712,116,117,11,0,244,636,215,62,43,956,22,3,25,981
06/10/2005,HNL,HI,AWP,WE,Towers with Radar,574,122,38,35,769,0,84,138,1,223,574,206,176,36,992,14,4,18,1010
06/11/2005,HNL,HI,AWP,WE,Towers with Radar,542,79,23,15,659,0,61,181,6,248,542,140,204,21,907,14,0,14,921
06/12/2005,HNL,HI,AWP,WE,Towers with Radar,506,60,38,19,623,0,74,136,0,210,506,134,174,19,833,0,0,0,833
06/13/2005,HNL,HI,AWP,WE,Towers with Radar,505,109,51,41,706,9,116,135,0,260,514,225,186,41,966,8,0,8,974
06/14/2005,HNL,HI,AWP,WE,Towers with Radar,499,99,59,52,709,0,101,156,7,264,499,200,215,59,973,10,0,10,983
06/15/2005,HNL,HI,AWP,WE,Towers with Radar,534,93,47,65,739,0,86,153,5,244,534,179,200,70,983,0,0,0,983
06/16/2005,HNL,HI,AWP,WE,Towers with Radar,522,107,40,39,708,0,74,181,0,255,522,181,221,39,963,4,0,4,967
06/17/2005,HNL,HI,AWP,WE,Towers with Radar,539,106,24,37,706,0,95,159,0,254,539,201,183,37,960,0,0,0,960
06/18/2005,HNL,HI,AWP,WE,Towers with Radar,527,84,50,30,691,0,105,198,16,319,527,189,248,46,1010,8,0,8,1018
06/19/2005,HNL,HI,AWP,WE,Towers with Radar,499,64,37,21,621,0,104,113,2,219,499,168,150,23,840,6,0,6,846
06/20/2005,HNL,HI,AWP,WE,Towers with Radar,526,104,33,42,705,0,103,115,0,218,526,207,148,42,923,0,6,6,929
06/21/2005,HNL,HI,AWP,WE,Towers with Radar,516,89,30,43,678,0,124,151,11,286,516,213,181,54,964,6,0,6,970
06/22/2005,HNL,HI,AWP,WE,Towers with Radar,528,111,19,47,705,0,118,205,0,323,528,229,224,47,1028,4,0,4,1032
06/23/2005,HNL,HI,AWP,WE,Towers with Radar,521,113,45,41,720,0,84,141,2,227,521,197,186,43,947,6,0,6,953
06/24/2005,HNL,HI,AWP,WE,Towers with Radar,549,101,48,19,717,109,174,0,0,283,658,275,48,19,1000,0,0,0,1000
06/25/2005,HNL,HI,AWP,WE,Towers with Radar,527,75,48,20,670,0,82,189,1,272,527,157,237,21,942,4,0,4,946
06/26/2005,HNL,HI,AWP,WE,Towers with Radar,487,60,31,17,595,2,94,159,6,261,489,154,190,23,856,0,0,0,856
06/27/2005,HNL,HI,AWP,WE,Towers with Radar,500,100,71,25,696,4,94,154,36,288,504,194,225,61,984,2,0,2,986
06/28/2005,HNL,HI,AWP,WE,Towers with Radar,523,97,23,50,693,0,97,174,0,271,523,194,197,50,964,0,0,0,964
06/29/2005,HNL,HI,AWP,WE,Towers with Radar,535,114,52,34,735,0,77,160,11,248,535,191,212,45,983,4,0,4,987
06/30/2005,HNL,HI,AWP,WE,Towers with Radar,514,123,42,33,712,0,80,176,4,260,514,203,218,37,972,14,0,14,986
07/01/2005,HNL,HI,AWP,WE,Towers with Radar,581,120,44,19,764,0,92,177,3,272,581,212,221,22,1036,0,0,0,1036
07/02/2005,HNL,HI,AWP,WE,Towers with Radar,562,78,26,16,682,0,72,193,1,266,562,150,219,17,948,10,0,10,958
07/03/2005,HNL,HI,AWP,WE,Towers with Radar,470,46,22,16,554,6,79,141,6,232,476,125,163,22,786,2,0,2,788
07/04/2005,HNL,HI,AWP,WE,Towers with Radar,521,57,29,10,617,3,111,115,9,238,524,168,144,19,855,2,0,2,857
07/05/2005,HNL,HI,AWP,WE,Towers with Radar,503,81,43,44,671,0,115,119,0,234,503,196,162,44,905,0,0,0,905
07/06/2005,HNL,HI,AWP,WE,Towers with Radar,530,94,34,44,702,0,81,172,0,253,530,175,206,44,955,12,0,12,967
07/07/2005,HNL,HI,AWP,WE,Towers with Radar,543,104,21,53,721,0,78,165,0,243,543,182,186,53,964,4,0,4,968
07/08/2005,HNL,HI,AWP,WE,Towers with Radar,590,114,34,33,771,0,90,126,0,216,590,204,160,33,987,8,0,8,995
07/09/2005,HNL,HI,AWP,WE,Towers with Radar,524,63,36,19,642,0,74,101,0,175,524,137,137,19,817,0,0,0,817
07/10/2005,HNL,HI,AWP,WE,Towers with Radar,481,47,39,27,594,2,87,124,13,226,483,134,163,40,820,2,0,2,822
07/11/2005,HNL,HI,AWP,WE,Towers with Radar,506,96,70,46,718,0,97,139,0,236,506,193,209,46,954,10,0,10,964
07/12/2005,HNL,HI,AWP,WE,Towers with Radar,522,90,71,64,747,0,90,85,0,175,522,180,156,64,922,0,0,0,922
07/13/2005,HNL,HI,AWP,WE,Towers with Radar,484,79,39,67,669,0,80,159,0,239,484,159,198,67,908,8,0,8,916
07/14/2005,HNL,HI,AWP,WE,Towers with Radar,523,101,33,41,698,0,111,131,0,242,523,212,164,41,940,0,0,0,940
07/15/2005,HNL,HI,AWP,WE,Towers with Radar,557,107,41,28,733,0,87,181,0,268,557,194,222,28,1001,0,0,0,1001
07/16/2005,HNL,HI,AWP,WE,Towers with Radar,503,70,31,38,642,4,73,214,2,293,507,143,245,40,935,0,0,0,935
07/17/2005,HNL,HI,AWP,WE,Towers with Radar,499,56,31,19,605,4,86,153,4,247,503,142,184,23,852,0,0,0,852
07/18/2005,HNL,HI,AWP,WE,Towers with Radar,499,95,53,38,685,0,122,188,0,310,499,217,241,38,995,2,4,6,1001
07/19/2005,HNL,HI,AWP,WE,Towers with Radar,521,105,59,48,733,0,93,147,0,240,521,198,206,48,973,0,0,0,973
07/20/2005,HNL,HI,AWP,WE,Towers with Radar,515,110,40,72,737,0,75,150,0,225,515,185,190,72,962,0,0,0,962
07/21/2005,HNL,HI,AWP,WE,Towers with Radar,534,105,23,37,699,0,79,111,0,190,534,184,134,37,889,10,0,10,899
07/22/2005,HNL,HI,AWP,WE,Towers with Radar,573,99,24,52,748,1,110,187,8,306,574,209,211,60,1054,0,0,0,1054
07/23/2005,HNL,HI,AWP,WE,Towers with Radar,529,60,25,40,654,0,82,181,5,268,529,142,206,45,922,0,0,0,922
07/24/2005,HNL,HI,AWP,WE,Towers with Radar,514,53,27,21,615,1,71,192,6,270,515,124,219,27,885,6,0,6,891
07/25/2005,HNL,HI,AWP,WE,Towers with Radar,529,101,26,33,689,0,104,166,31,301,529,205,192,64,990,4,0,4,994
07/26/2005,HNL,HI,AWP,WE,Towers with Radar,527,88,53,64,732,0,99,186,0,285,527,187,239,64,1017,4,2,6,1023
07/27/2005,HNL,HI,AWP,WE,Towers with Radar,522,99,20,56,697,0,88,166,0,254,522,187,186,56,951,0,0,0,951
07/28/2005,HNL,HI,AWP,WE,Towers with Radar,524,104,48,66,742,6,50,64,18,138,530,154,112,84,880,0,0,0,880
07/29/2005,HNL,HI,AWP,WE,Towers with Radar,552,103,40,37,732,5,103,164,13,285,557,206,204,50,1017,0,0,0,1017
07/30/2005,HNL,HI,AWP,WE,Towers with Radar,517,69,43,19,648,4,75,184,2,265,521,144,227,21,913,0,0,0,913
07/31/2005,HNL,HI,AWP,WE,Towers with Radar,491,69,18,13,591,3,88,179,0,270,494,157,197,13,861,0,0,0,861
08/01/2005,HNL,HI,AWP,WE,Towers with Radar,547,101,47,39,734,0,90,117,1,208,547,191,164,40,942,0,0,0,942
08/02/2005,HNL,HI,AWP,WE,Towers with Radar,537,76,59,38,710,0,93,140,0,233,537,169,199,38,943,0,0,0,943
08/03/2005,HNL,HI,AWP,WE,Towers with Radar,526,95,54,38,713,0,86,122,0,208,526,181,176,38,921,8,2,10,931
08/04/2005,HNL,HI,AWP,WE,Towers with Radar,528,103,40,36,707,0,80,134,0,214,528,183,174,36,921,8,0,8,929
08/05/2005,HNL,HI,AWP,WE,Towers with Radar,543,125,50,39,757,2,108,170,12,292,545,233,220,51,1049,6,2,8,1057
08/06/2005,HNL,HI,AWP,WE,Towers with Radar,528,78,38,40,684,0,76,174,0,250,528,154,212,40,934,8,2,10,944
08/07/2005,HNL,HI,AWP,WE,Towers with Radar,502,74,24,24,624,4,106,163,3,276,506,180,187,27,900,0,0,0,900
08/08/2005,HNL,HI,AWP,WE,Towers with Radar,510,112,22,34,678,0,106,162,1,269,510,218,184,35,947,2,2,4,951
08/09/2005,HNL,HI,AWP,WE,Towers with Radar,520,99,55,55,729,0,92,169,1,262,520,191,224,56,991,0,0,0,991
08/10/2005,HNL,HI,AWP,WE,Towers with Radar,523,103,41,48,715,0,82,219,0,301,523,185,260,48,1016,6,0,6,1022
08/11/2005,HNL,HI,AWP,WE,Towers with Radar,537,110,61,53,761,0,87,161,0,248,537,197,222,53,1009,10,0,10,1019
08/12/2005,HNL,HI,AWP,WE,Towers with Radar,589,124,27,18,758,0,95,169,0,264,589,219,196,18,1022,12,4,16,1038
08/13/2005,HNL,HI,AWP,WE,Towers with Radar,530,80,31,29,670,0,67,194,2,263,530,147,225,31,933,8,6,14,947
08/14/2005,HNL,HI,AWP,WE,Towers with Radar,494,64,44,21,623,2,87,165,5,259,496,151,209,26,882,0,0,0,882
08/15/2005,HNL,HI,AWP,WE,Towers with Radar,523,100,56,56,735,0,107,150,0,257,523,207,206,56,992,8,0,8,1000
08/16/2005,HNL,HI,AWP,WE,Towers with Radar,523,71,57,75,726,2,96,186,17,301,525,167,243,92,1027,0,0,0,1027
08/17/2005,HNL,HI,AWP,WE,Towers with Radar,528,100,54,28,710,0,92,201,0,293,528,192,255,28,1003,10,0,10,1013
08/18/2005,HNL,HI,AWP,WE,Towers with Radar,528,93,35,28,684,0,95,169,0,264,528,188,204,28,948,6,0,6,954
08/19/2005,HNL,HI,AWP,WE,Towers with Radar,560,111,17,21,709,0,97,170,0,267,560,208,187,21,976,6,0,6,982
08/20/2005,HNL,HI,AWP,WE,Towers with Radar,523,88,55,19,685,0,84,147,2,233,523,172,202,21,918,0,0,0,918
08/21/2005,HNL,HI,AWP,WE,Towers with Radar,497,60,28,15,600,1,73,155,0,229,498,133,183,15,829,0,0,0,829
08/22/2005,HNL,HI,AWP,WE,Towers with Radar,503,94,35,42,674,0,96,109,2,207,503,190,144,44,881,8,0,8,889
08/23/2005,HNL,HI,AWP,WE,Towers with Radar,489,84,76,47,696,0,102,154,0,256,489,186,230,47,952,0,0,0,952
08/24/2005,HNL,HI,AWP,WE,Towers with Radar,505,103,35,52,695,0,67,160,6,233,505,170,195,58,928,12,4,16,944
08/25/2005,HNL,HI,AWP,WE,Towers with Radar,493,118,88,46,745,0,83,130,0,213,493,201,218,46,958,2,0,2,960
08/26/2005,HNL,HI,AWP,WE,Towers with Radar,563,106,45,26,740,0,72,184,0,256,563,178,229,26,996,26,0,26,1022
08/27/2005,HNL,HI,AWP,WE,Towers with Radar,530,71,21,24,646,0,62,170,3,235,530,133,191,27,881,2,0,2,883
08/28/2005,HNL,HI,AWP,WE,Towers with Radar,478,49,18,24,569,1,64,149,1,215,479,113,167,25,784,6,0,6,790
08/29/2005,HNL,HI,AWP,WE,Towers with Radar,486,115,67,51,719,6,67,119,11,203,492,182,186,62,922,0,0,0,922
08/30/2005,HNL,HI,AWP,WE,Towers with Radar,475,101,62,35,673,0,107,96,0,203,475,208,158,35,876,24,6,30,906
08/31/2005,HNL,HI,AWP,WE,Towers with Radar,495,103,32,41,671,0,75,138,5,218,495,178,170,46,889,2,0,2,891
09/01/2005,HNL,HI,AWP,WE,Towers with Radar,505,95,47,43,690,0,71,112,0,183,505,166,159,43,873,2,0,2,875
09/02/2005,HNL,HI,AWP,WE,Towers with Radar,533,105,28,22,688,0,98,157,0,255,533,203,185,22,943,24,0,24,967
09/03/2005,HNL,HI,AWP,WE,Towers with Radar,490,81,25,15,611,0,79,111,0,190,490,160,136,15,801,0,0,0,801
09/04/2005,HNL,HI,AWP,WE,Towers with Radar,456,63,27,18,564,3,73,156,5,237,459,136,183,23,801,4,0,4,805
09/05/2005,HNL,HI,AWP,WE,Towers with Radar,473,59,54,23,609,3,108,191,3,305,476,167,245,26,914,0,0,0,914
09/06/2005,HNL,HI,AWP,WE,Towers with Radar,443,111,47,44,645,0,109,113,6,228,443,220,160,50,873,0,0,0,873
09/07/2005,HNL,HI,AWP,WE,Towers with Radar,490,94,35,40,659,0,76,130,0,206,490,170,165,40,865,0,0,0,865
09/08/2005,HNL,HI,AWP,WE,Towers with Radar,483,113,57,36,689,0,86,88,0,174,483,199,145,36,863,2,0,2,865
09/09/2005,HNL,HI,AWP,WE,Towers with Radar,507,118,31,37,693,0,98,103,0,201,507,216,134,37,894,0,0,0,894
09/10/2005,HNL,HI,AWP,WE,Towers with Radar,470,77,46,41,634,1,70,174,7,252,471,147,220,48,886,2,0,2,888
09/11/2005,HNL,HI,AWP,WE,Towers with Radar,454,61,23,26,564,3,64,134,4,205,457,125,157,30,769,0,0,0,769
09/12/2005,HNL,HI,AWP,WE,Towers with Radar,467,112,26,44,649,4,109,119,16,248,471,221,145,60,897,0,0,0,897
09/13/2005,HNL,HI,AWP,WE,Towers with Radar,459,101,11,30,601,0,76,96,0,172,459,177,107,30,773,2,2,4,777
09/14/2005,HNL,HI,AWP,WE,Towers with Radar,485,88,47,31,651,0,57,125,0,182,485,145,172,31,833,6,0,6,839
09/15/2005,HNL,HI,AWP,WE,Towers with Radar,493,103,31,38,665,0,61,97,0,158,493,164,128,38,823,12,2,14,837
09/16/2005,HNL,HI,AWP,WE,Towers with Radar,555,115,45,25,740,0,45,103,0,148,555,160,148,25,888,2,2,4,892
09/17/2005,HNL,HI,AWP,WE,Towers with Radar,495,66,18,19,598,0,56,164,7,227,495,122,182,26,825,2,0,2,827
09/18/2005,HNL,HI,AWP,WE,Towers with Radar,469,61,45,21,596,2,61,144,1,208,471,122,189,22,804,16,0,16,820
09/19/2005,HNL,HI,AWP,WE,Towers with Radar,471,108,23,48,650,4,114,151,13,282,475,222,174,61,932,10,2,12,944
09/20/2005,HNL,HI,AWP,WE,Towers with Radar,458,89,60,42,649,0,101,128,0,229,458,190,188,42,878,0,0,0,878
09/21/2005,HNL,HI,AWP,WE,Towers with Radar,499,109,36,44,688,0,83,143,0,226,499,192,179,44,914,6,0,6,920
09/22/2005,HNL,HI,AWP,WE,Towers with Radar,485,105,50,33,673,0,87,137,0,224,485,192,187,33,897,16,2,18,915
09/23/2005,HNL,HI,AWP,WE,Towers with Radar,512,121,49,16,698,0,79,141,0,220,512,200,190,16,918,8,2,10,928
09/24/2005,HNL,HI,AWP,WE,Towers with Radar,488,90,56,13,647,0,65,179,5,249,488,155,235,18,896,14,0,14,910
09/25/2005,HNL,HI,AWP,WE,Towers with Radar,456,65,20,9,550,3,72,155,9,239,459,137,175,18,789,0,0,0,789
09/26/2005,HNL,HI,AWP,WE,Towers with Radar,479,110,36,35,660,5,73,153,34,265,484,183,189,69,925,6,0,6,931
09/27/2005,HNL,HI,AWP,WE,Towers with Radar,472,84,41,34,631,0,106,110,0,216,472,190,151,34,847,0,0,0,847
09/28/2005,HNL,HI,AWP,WE,Towers with Radar,469,110,32,44,655,0,50,142,2,194,469,160,174,46,849,8,0,8,857
09/29/2005,HNL,HI,AWP,WE,Towers with Radar,494,114,37,43,688,0,62,98,0,160,494,176,135,43,848,4,0,4,852
09/30/2005,HNL,HI,AWP,WE,Towers with Radar,528,113,25,15,681,0,34,40,0,74,528,147,65,15,755,0,0,0,755
10/01/2005,HNL,HI,AWP,WE,Towers with Radar,501,70,33,12,616,0,24,55,2,81,501,94,88,14,697,14,0,14,711
10/02/2005,HNL,HI,AWP,WE,Towers with Radar,452,46,54,31,583,3,77,118,3,201,455,123,172,34,784,0,0,0,784
10/03/2005,HNL,HI,AWP,WE,Towers with Radar,490,121,39,18,668,4,83,135,6,228,494,204,174,24,896,0,0,0,896
10/04/2005,HNL,HI,AWP,WE,Towers with Radar,477,99,52,36,664,0,96,114,0,210,477,195,166,36,874,8,0,8,882
10/05/2005,HNL,HI,AWP,WE,Towers with Radar,497,111,23,42,673,0,67,143,0,210,497,178,166,42,883,0,0,0,883
10/06/2005,HNL,HI,AWP,WE,Towers with Radar,503,106,55,40,704,0,61,119,0,180,503,167,174,40,884,40,0,40,924
10/07/2005,HNL,HI,AWP,WE,Towers with Radar,526,122,32,30,710,0,119,179,0,298,526,241,211,30,1008,10,4,14,1022
10/08/2005,HNL,HI,AWP,WE,Towers with Radar,490,91,41,25,647,0,86,183,0,269,490,177,224,25,916,0,0,0,916
10/09/2005,HNL,HI,AWP,WE,Towers with Radar,455,55,49,22,581,4,62,150,7,223,459,117,199,29,804,6,0,6,810
10/10/2005,HNL,HI,AWP,WE,Towers with Radar,472,88,41,19,620,6,79,132,13,230,478,167,173,32,850,4,0,4,854
10/11/2005,HNL,HI,AWP,WE,Towers with Radar,458,97,16,30,601,0,68,107,0,175,458,165,123,30,776,2,0,2,778
10/12/2005,HNL,HI,AWP,WE,Towers with Radar,500,110,33,38,681,0,72,83,0,155,500,182,116,38,836,2,0,2,838
10/13/2005,HNL,HI,AWP,WE,Towers with Radar,518,116,17,45,696,0,72,128,11,211,518,188,145,56,907,20,2,22,929
10/14/2005,HNL,HI,AWP,WE,Towers with Radar,500,114,43,38,695,0,88,152,8,248,500,202,195,46,943,0,0,0,943
10/15/2005,HNL,HI,AWP,WE,Towers with Radar,472,79,34,22,607,5,68,150,6,229,477,147,184,28,836,2,0,2,838
10/16/2005,HNL,HI,AWP,WE,Towers with Radar,459,58,23,36,576,5,60,172,7,244,464,118,195,43,820,7,4,11,831
10/17/2005,HNL,HI,AWP,WE,Towers with Radar,471,133,18,22,644,5,86,115,18,224,476,219,133,40,868,8,0,8,876
10/18/2005,HNL,HI,AWP,WE,Towers with Radar,485,99,22,35,641,0,87,99,0,186,485,186,121,35,827,0,0,0,827
10/19/2005,HNL,HI,AWP,WE,Towers with Radar,462,112,19,26,619,0,9,106,0,115,462,121,125,26,734,0,0,0,734
10/20/2005,HNL,HI,AWP,WE,Towers with Radar,489,122,27,33,671,0,65,141,0,206,489,187,168,33,877,4,0,4,881
10/21/2005,HNL,HI,AWP,WE,Towers with Radar,544,92,52,19,707,0,79,134,0,213,544,171,186,19,920,16,6,22,942
10/22/2005,HNL,HI,AWP,WE,Towers with Radar,511,80,31,15,637,0,35,56,0,91,511,115,87,15,728,12,0,12,740
10/23/2005,HNL,HI,AWP,WE,Towers with Radar,458,76,60,30,624,8,75,85,2,170,466,151,145,32,794,17,0,17,811
10/24/2005,HNL,HI,AWP,WE,Towers with Radar,471,139,23,31,664,0,73,137,0,210,471,212,160,31,874,0,0,0,874
10/25/2005,HNL,HI,AWP,WE,Towers with Radar,454,108,36,24,622,6,82,100,0,188,460,190,136,24,810,0,0,0,810
10/26/2005,HNL,HI,AWP,WE,Towers with Radar,475,124,42,44,685,0,59,131,0,190,475,183,173,44,875,24,0,24,899
10/27/2005,HNL,HI,AWP,WE,Towers with Radar,488,110,39,38,675,0,74,118,0,192,488,184,157,38,867,10,2,12,879
10/28/2005,HNL,HI,AWP,WE,Towers with Radar,522,115,51,39,727,0,64,144,6,214,522,179,195,45,941,14,0,14,955
10/29/2005,HNL,HI,AWP,WE,Towers with Radar,482,80,37,20,619,0,64,143,1,208,482,144,180,21,827,16,0,16,843
10/30/2005,HNL,HI,AWP,WE,Towers with Radar,465,79,44,21,609,3,52,102,6,163,468,131,146,27,772,12,0,12,784
10/31/2005,HNL,HI,AWP,WE,Towers with Radar,461,117,29,45,652,0,65,106,2,173,461,182,135,47,825,10,0,10,835
11/01/2005,HNL,HI,AWP,WE,Towers with Radar,476,90,28,34,628,0,48,69,0,117,476,138,97,34,745,10,0,10,755
11/02/2005,HNL,HI,AWP,WE,Towers with Radar,490,122,26,51,689,0,65,111,0,176,490,187,137,51,865,12,2,14,879
11/03/2005,HNL,HI,AWP,WE,Towers with Radar,478,97,24,37,636,0,47,129,0,176,478,144,153,37,812,4,0,4,816
11/04/2005,HNL,HI,AWP,WE,Towers with Radar,536,109,40,38,723,0,72,152,0,224,536,181,192,38,947,4,4,8,955
11/05/2005,HNL,HI,AWP,WE,Towers with Radar,470,90,20,33,613,0,64,158,2,224,470,154,178,35,837,0,0,0,837
11/06/2005,HNL,HI,AWP,WE,Towers with Radar,460,61,31,38,590,4,72,154,10,240,464,133,185,48,830,0,0,0,830
11/07/2005,HNL,HI,AWP,WE,Towers with Radar,481,116,42,32,671,6,92,148,20,266,487,208,190,52,937,0,0,0,937
11/08/2005,HNL,HI,AWP,WE,Towers with Radar,476,120,39,28,663,5,81,105,0,191,481,201,144,28,854,12,0,12,866
11/09/2005,HNL,HI,AWP,WE,Towers with Radar,470,111,34,48,663,0,93,91,0,184,470,204,125,48,847,6,0,6,853
11/10/2005,HNL,HI,AWP,WE,Towers with Radar,506,113,39,57,715,0,97,112,0,209,506,210,151,57,924,0,0,0,924
11/11/2005,HNL,HI,AWP,WE,Towers with Radar,496,114,51,13,674,0,87,153,0,240,496,201,204,13,914,10,0,10,924
11/12/2005,HNL,HI,AWP,WE,Towers with Radar,452,84,35,28,599,2,78,128,1,209,454,162,163,29,808,12,0,12,820
11/13/2005,HNL,HI,AWP,WE,Towers with Radar,458,56,29,22,565,4,100,128,10,242,462,156,157,32,807,0,0,0,807
11/14/2005,HNL,HI,AWP,WE,Towers with Radar,484,114,17,47,662,0,87,144,2,233,484,201,161,49,895,0,0,0,895
11/15/2005,HNL,HI,AWP,WE,Towers with Radar,484,135,33,42,694,0,88,75,0,163,484,223,108,42,857,0,0,0,857
11/16/2005,HNL,HI,AWP,WE,Towers with Radar,501,94,37,67,699,0,60,144,0,204,501,154,181,67,903,0,0,0,903
11/17/2005,HNL,HI,AWP,WE,Towers with Radar,487,115,39,70,711,0,68,96,4,168,487,183,135,74,879,0,0,0,879
11/18/2005,HNL,HI,AWP,WE,Towers with Radar,541,129,35,55,760,0,98,94,5,197,541,227,129,60,957,2,0,2,959
11/19/2005,HNL,HI,AWP,WE,Towers with Radar,502,77,39,28,646,1,63,156,6,226,503,140,195,34,872,8,0,8,880
11/20/2005,HNL,HI,AWP,WE,Towers with Radar,467,69,10,25,571,4,88,159,2,253,471,157,169,27,824,2,0,2,826
11/21/2005,HNL,HI,AWP,WE,Towers with Radar,478,132,11,26,647,4,73,129,10,216,482,205,140,36,863,0,0,0,863
11/22/2005,HNL,HI,AWP,WE,Towers with Radar,475,99,21,34,629,0,18,55,0,73,475,117,76,34,702,0,0,0,702
11/23/2005,HNL,HI,AWP,WE,Towers with Radar,505,134,39,16,694,0,64,104,0,168,505,198,143,16,862,0,0,0,862
11/24/2005,HNL,HI,AWP,WE,Towers with Radar,462,75,11,10,558,0,47,63,1,111,462,122,74,11,669,6,0,6,675
11/25/2005,HNL,HI,AWP,WE,Towers with Radar,531,134,13,15,693,0,80,133,0,213,531,214,146,15,906,2,0,2,908
11/26/2005,HNL,HI,AWP,WE,Towers with Radar,515,87,23,13,638,0,37,81,2,120,515,124,104,15,758,4,0,4,762
11/27/2005,HNL,HI,AWP,WE,Towers with Radar,504,76,25,10,615,3,87,148,3,241,507,163,173,13,856,2,0,2,858
11/28/2005,HNL,HI,AWP,WE,Towers with Radar,470,121,26,29,646,4,95,115,28,242,474,216,141,57,888,6,0,6,894
11/29/2005,HNL,HI,AWP,WE,Towers with Radar,475,102,34,32,643,0,47,109,0,156,475,149,143,32,799,20,2,22,821
11/30/2005,HNL,HI,AWP,WE,Towers with Radar,483,109,31,46,669,0,65,115,0,180,483,174,146,46,849,6,2,8,857
12/01/2005,HNL,HI,AWP,WE,Towers with Radar,490,116,22,33,661,0,78,93,0,171,490,194,115,33,832,4,0,4,836
12/02/2005,HNL,HI,AWP,WE,Towers with Radar,540,135,28,28,731,0,62,123,0,185,540,197,151,28,916,26,0,26,942
12/03/2005,HNL,HI,AWP,WE,Towers with Radar,479,94,27,47,647,0,46,124,0,170,479,140,151,47,817,8,0,8,825
12/04/2005,HNL,HI,AWP,WE,Towers with Radar,485,99,38,33,655,0,31,78,8,117,485,130,116,41,772,8,0,8,780
12/05/2005,HNL,HI,AWP,WE,Towers with Radar,468,143,12,27,650,0,68,91,3,162,468,211,103,30,812,0,0,0,812
12/06/2005,HNL,HI,AWP,WE,Towers with Radar,499,114,16,46,675,0,78,91,0,169,499,192,107,46,844,2,0,2,846
12/07/2005,HNL,HI,AWP,WE,Towers with Radar,490,116,27,38,671,0,70,112,0,182,490,186,139,38,853,0,4,4,857
12/08/2005,HNL,HI,AWP,WE,Towers with Radar,509,111,30,39,689,0,59,120,4,183,509,170,150,43,872,12,0,12,884
12/09/2005,HNL,HI,AWP,WE,Towers with Radar,532,139,33,39,743,5,89,159,11,264,537,228,192,50,1007,4,2,6,1013
12/10/2005,HNL,HI,AWP,WE,Towers with Radar,501,90,16,30,637,0,48,151,2,201,501,138,167,32,838,6,0,6,844
12/11/2005,HNL,HI,AWP,WE,Towers with Radar,465,91,39,24,619,5,70,101,10,186,470,161,140,34,805,14,2,16,821
12/12/2005,HNL,HI,AWP,WE,Towers with Radar,484,158,10,47,699,6,106,121,26,259,490,264,131,73,958,2,0,2,960
12/13/2005,HNL,HI,AWP,WE,Towers with Radar,496,128,10,33,667,0,80,102,8,190,496,208,112,41,857,4,4,8,865
12/14/2005,HNL,HI,AWP,WE,Towers with Radar,513,129,28,30,700,0,68,138,5,211,513,197,166,35,911,12,0,12,923
12/15/2005,HNL,HI,AWP,WE,Towers with Radar,506,152,23,33,714,0,156,124,2,282,506,308,147,35,996,2,0,2,998
12/16/2005,HNL,HI,AWP,WE,Towers with Radar,528,158,19,37,742,0,85,154,0,239,528,243,173,37,981,0,0,0,981
12/17/2005,HNL,HI,AWP,WE,Towers with Radar,477,91,29,18,615,0,71,159,1,231,477,162,188,19,846,4,0,4,850
12/18/2005,HNL,HI,AWP,WE,Towers with Radar,472,81,11,24,588,3,56,60,0,119,475,137,71,24,707,0,0,0,707
12/19/2005,HNL,HI,AWP,WE,Towers with Radar,515,141,11,46,713,3,128,125,10,266,518,269,136,56,979,0,0,0,979
12/20/2005,HNL,HI,AWP,WE,Towers with Radar,528,142,27,42,739,0,96,139,0,235,528,238,166,42,974,8,0,8,982
12/21/2005,HNL,HI,AWP,WE,Towers with Radar,535,137,41,48,761,0,79,146,0,225,535,216,187,48,986,4,4,8,994
12/22/2005,HNL,HI,AWP,WE,Towers with Radar,523,146,32,42,743,0,71,113,4,188,523,217,145,46,931,2,0,2,933
12/23/2005,HNL,HI,AWP,WE,Towers with Radar,595,125,23,29,772,0,71,169,0,240,595,196,192,29,1012,0,0,0,1012
12/24/2005,HNL,HI,AWP,WE,Towers with Radar,512,90,5,0,607,0,70,143,0,213,512,160,148,0,820,0,0,0,820
12/25/2005,HNL,HI,AWP,WE,Towers with Radar,473,59,9,0,541,5,21,74,5,105,478,80,83,5,646,0,0,0,646
12/26/2005,HNL,HI,AWP,WE,Towers with Radar,474,58,27,8,567,4,77,156,2,239,478,135,183,10,806,0,0,0,806
12/27/2005,HNL,HI,AWP,WE,Towers with Radar,498,129,33,35,695,0,97,116,0,213,498,226,149,35,908,6,0,6,914
12/28/2005,HNL,HI,AWP,WE,Towers with Radar,520,117,28,43,708,0,100,130,1,231,520,217,158,44,939,6,0,6,945
12/29/2005,HNL,HI,AWP,WE,Towers with Radar,513,122,32,26,693,0,119,151,0,270,513,241,183,26,963,10,2,12,975
12/30/2005,HNL,HI,AWP,WE,Towers with Radar,561,111,32,14,718,0,117,171,0,288,561,228,203,14,1006,6,0,6,1012
12/31/2005,HNL,HI,AWP,WE,Towers with Radar,483,76,26,4,589,2,78,172,6,258,485,154,198,10,847,0,0,0,847
01/01/2006,HNL,HI,AWP,WE,Towers with Radar,475,54,26,5,560,6,38,60,1,105,481,92,86,6,665,1,0,1,666
01/02/2006,HNL,HI,AWP,WE,Towers with Radar,512,53,22,10,597,4,94,136,2,236,516,147,158,12,833,0,0,0,833
01/03/2006,HNL,HI,AWP,WE,Towers with Radar,508,95,13,15,631,0,112,136,0,248,508,207,149,15,879,0,0,0,879
01/04/2006,HNL,HI,AWP,WE,Towers with Radar,557,120,30,48,755,0,65,159,0,224,557,185,189,48,979,4,0,4,983
01/05/2006,HNL,HI,AWP,WE,Towers with Radar,539,133,26,32,730,0,82,121,0,203,539,215,147,32,933,0,2,2,935
01/06/2006,HNL,HI,AWP,WE,Towers with Radar,539,110,16,35,700,0,78,148,0,226,539,188,164,35,926,2,0,2,928
01/07/2006,HNL,HI,AWP,WE,Towers with Radar,514,89,34,78,715,0,79,138,1,218,514,168,172,79,933,22,0,22,955
01/08/2006,HNL,HI,AWP,WE,Towers with Radar,490,62,16,33,601,2,68,130,8,208,492,130,146,41,809,0,0,0,809
01/09/2006,HNL,HI,AWP,WE,Towers with Radar,489,131,21,57,698,2,89,91,8,190,491,220,112,65,888,0,4,4,892
01/10/2006,HNL,HI,AWP,WE,Towers with Radar,499,105,20,52,676,0,74,109,0,183,499,179,129,52,859,4,0,4,863
01/11/2006,HNL,HI,AWP,WE,Towers with Radar,476,107,26,85,694,0,88,117,3,208,476,195,143,88,902,0,0,0,902
01/12/2006,HNL,HI,AWP,WE,Towers with Radar,470,102,17,76,665,0,77,108,0,185,470,179,125,76,850,6,0,6,856
01/13/2006,HNL,HI,AWP,WE,Towers with Radar,520,121,29,54,724,0,85,76,0,161,520,206,105,54,885,6,0,6,891
01/14/2006,HNL,HI,AWP,WE,Towers with Radar,501,77,29,24,631,0,68,145,1,214,501,145,174,25,845,6,0,6,851
01/15/2006,HNL,HI,AWP,WE,Towers with Radar,480,57,16,25,578,2,70,142,0,214,482,127,158,25,792,4,0,4,796
01/16/2006,HNL,HI,AWP,WE,Towers with Radar,490,81,19,12,602,4,95,165,3,267,494,176,184,15,869,0,0,0,869
01/17/2006,HNL,HI,AWP,WE,Towers with Radar,511,117,40,54,722,0,108,115,0,223,511,225,155,54,945,0,0,0,945
01/18/2006,HNL,HI,AWP,WE,Towers with Radar,493,94,38,45,670,0,93,140,4,237,493,187,178,49,907,12,0,12,919
01/19/2006,HNL,HI,AWP,WE,Towers with Radar,505,95,18,56,674,0,76,116,0,192,505,171,134,56,866,4,0,4,870
01/20/2006,HNL,HI,AWP,WE,Towers with Radar,517,100,27,32,676,0,83,121,5,209,517,183,148,37,885,0,0,0,885
01/21/2006,HNL,HI,AWP,WE,Towers with Radar,494,90,16,23,623,0,52,123,0,175,494,142,139,23,798,6,2,8,806
01/22/2006,HNL,HI,AWP,WE,Towers with Radar,494,67,32,20,613,3,58,129,3,193,497,125,161,23,806,0,0,0,806
01/23/2006,HNL,HI,AWP,WE,Towers with Radar,495,120,33,89,737,3,71,84,24,182,498,191,117,113,919,0,2,2,921
01/24/2006,HNL,HI,AWP,WE,Towers with Radar,511,114,18,77,720,0,63,62,0,125,511,177,80,77,845,2,0,2,847
01/25/2006,HNL,HI,AWP,WE,Towers with Radar,482,124,29,69,704,0,43,43,3,89,482,167,72,72,793,6,0,6,799
01/26/2006,HNL,HI,AWP,WE,Towers with Radar,515,120,28,32,695,0,23,67,0,90,515,143,95,32,785,10,0,10,795
01/27/2006,HNL,HI,AWP,WE,Towers with Radar,527,116,24,30,697,0,99,119,2,220,527,215,143,32,917,1,0,1,918
01/28/2006,HNL,HI,AWP,WE,Towers with Radar,511,70,34,24,639,0,70,157,1,228,511,140,191,25,867,12,0,12,879
01/29/2006,HNL,HI,AWP,WE,Towers with Radar,485,57,18,22,582,2,73,131,8,214,487,130,149,30,796,2,0,2,798
01/30/2006,HNL,HI,AWP,WE,Towers with Radar,490,89,36,28,643,0,102,129,1,232,490,191,165,29,875,14,0,14,889
01/31/2006,HNL,HI,AWP,WE,Towers with Radar,482,52,21,26,581,0,94,118,0,212,482,146,139,26,793,0,0,0,793
02/01/2006,HNL,HI,AWP,WE,Towers with Radar,504,72,36,39,651,0,63,142,4,209,504,135,178,43,860,8,0,8,868
02/02/2006,HNL,HI,AWP,WE,Towers with Radar,516,78,19,47,660,0,78,69,1,148,516,156,88,48,808,0,0,0,808
02/03/2006,HNL,HI,AWP,WE,Towers with Radar,519,96,24,31,670,9,8,2,12,31,528,104,26,43,701,0,0,0,701
02/04/2006,HNL,HI,AWP,WE,Towers with Radar,477,75,21,19,592,0,47,120,2,169,477,122,141,21,761,2,0,2,763
02/05/2006,HNL,HI,AWP,WE,Towers with Radar,476,48,27,21,572,5,63,115,6,189,481,111,142,27,761,0,0,0,761
02/06/2006,HNL,HI,AWP,WE,Towers with Radar,495,73,40,40,648,5,95,103,24,227,500,168,143,64,875,6,0,6,881
02/07/2006,HNL,HI,AWP,WE,Towers with Radar,489,71,18,40,618,0,70,131,12,213,489,141,149,52,831,2,0,2,833
02/08/2006,HNL,HI,AWP,WE,Towers with Radar,480,95,32,36,643,0,57,82,0,139,480,152,114,36,782,2,4,6,788
02/09/2006,HNL,HI,AWP,WE,Towers with Radar,513,83,30,35,661,0,66,125,0,191,513,149,155,35,852,4,0,4,856
02/10/2006,HNL,HI,AWP,WE,Towers with Radar,496,65,23,42,626,0,113,119,0,232,496,178,142,42,858,2,0,2,860
02/11/2006,HNL,HI,AWP,WE,Towers with Radar,503,60,38,67,668,0,65,157,0,222,503,125,195,67,890,6,6,12,902
02/12/2006,HNL,HI,AWP,WE,Towers with Radar,470,64,24,38,596,6,93,77,7,183,476,157,101,45,779,0,0,0,779
02/13/2006,HNL,HI,AWP,WE,Towers with Radar,467,87,39,31,624,5,74,112,22,213,472,161,151,53,837,8,0,8,845
02/14/2006,HNL,HI,AWP,WE,Towers with Radar,500,66,29,51,646,0,65,63,0,128,500,131,92,51,774,0,0,0,774
02/15/2006,HNL,HI,AWP,WE,Towers with Radar,493,74,66,57,690,0,86,106,0,192,493,160,172,57,882,18,0,18,900
02/16/2006,HNL,HI,AWP,WE,Towers with Radar,499,63,36,47,645,0,60,134,0,194,499,123,170,47,839,4,0,4,843
02/17/2006,HNL,HI,AWP,WE,Towers with Radar,510,74,28,38,650,0,103,128,3,234,510,177,156,41,884,6,0,6,890
02/18/2006,HNL,HI,AWP,WE,Towers with Radar,510,75,37,40,662,0,63,144,0,207,510,138,181,40,869,10,0,10,879
02/19/2006,HNL,HI,AWP,WE,Towers with Radar,471,44,9,22,546,4,64,145,6,219,475,108,154,28,765,0,0,0,765
02/20/2006,HNL,HI,AWP,WE,Towers with Radar,498,67,45,18,628,4,73,115,0,192,502,140,160,18,820,0,0,0,820
02/21/2006,HNL,HI,AWP,WE,Towers with Radar,484,78,30,35,627,0,49,61,0,110,484,127,91,35,737,0,0,0,737
02/22/2006,HNL,HI,AWP,WE,Towers with Radar,501,72,30,77,680,0,79,124,0,203,501,151,154,77,883,0,0,0,883
02/23/2006,HNL,HI,AWP,WE,Towers with Radar,512,60,31,64,667,0,88,135,0,223,512,148,166,64,890,0,0,0,890
02/24/2006,HNL,HI,AWP,WE,Towers with Radar,521,81,55,52,709,0,93,140,0,233,521,174,195,52,942,6,0,6,948
02/25/2006,HNL,HI,AWP,WE,Towers with Radar,518,56,61,35,670,0,52,145,16,213,518,108,206,51,883,18,0,18,901
02/26/2006,HNL,HI,AWP,WE,Towers with Radar,502,57,39,33,631,6,50,71,5,132,508,107,110,38,763,10,2,12,775
02/27/2006,HNL,HI,AWP,WE,Towers with Radar,496,84,61,45,686,0,71,69,2,142,496,155,130,47,828,12,0,12,840
02/28/2006,HNL,HI,AWP,WE,Towers with Radar,495,71,66,42,674,0,61,60,2,123,495,132,126,44,797,12,0,12,809
03/01/2006,HNL,HI,AWP,WE,Towers with Radar,501,70,51,35,657,0,44,98,0,142,501,114,149,35,799,0,0,0,799
03/02/2006,HNL,HI,AWP,WE,Towers with Radar,499,66,35,62,662,0,60,57,0,117,499,126,92,62,779,0,0,0,779
03/03/2006,HNL,HI,AWP,WE,Towers with Radar,526,81,49,42,698,0,61,70,0,131,526,142,119,42,829,16,2,18,847
03/04/2006,HNL,HI,AWP,WE,Towers with Radar,527,61,58,58,704,0,40,119,0,159,527,101,177,58,863,8,0,8,871
03/05/2006,HNL,HI,AWP,WE,Towers with Radar,483,45,54,35,617,2,64,115,4,185,485,109,169,39,802,0,0,0,802
03/06/2006,HNL,HI,AWP,WE,Towers with Radar,479,75,39,64,657,2,96,138,28,264,481,171,177,92,921,10,2,12,933
03/07/2006,HNL,HI,AWP,WE,Towers with Radar,490,63,52,45,650,0,88,119,0,207,490,151,171,45,857,10,0,10,867
03/08/2006,HNL,HI,AWP,WE,Towers with Radar,480,96,57,63,696,0,72,124,0,196,480,168,181,63,892,0,0,0,892
03/09/2006,HNL,HI,AWP,WE,Towers with Radar,507,88,28,45,668,0,33,27,0,60,507,121,55,45,728,4,0,4,732
03/10/2006,HNL,HI,AWP,WE,Towers with Radar,504,88,62,50,704,0,63,6,0,69,504,151,68,50,773,8,0,8,781
03/11/2006,HNL,HI,AWP,WE,Towers with Radar,491,41,39,35,606,0,88,121,0,209,491,129,160,35,815,4,0,4,819
03/12/2006,HNL,HI,AWP,WE,Towers with Radar,489,41,37,34,601,4,32,97,11,144,493,73,134,45,745,0,0,0,745
03/13/2006,HNL,HI,AWP,WE,Towers with Radar,486,77,56,60,679,0,71,108,16,195,486,148,164,76,874,0,0,0,874
03/14/2006,HNL,HI,AWP,WE,Towers with Radar,494,68,20,58,640,0,53,64,0,117,494,121,84,58,757,0,0,0,757
03/15/2006,HNL,HI,AWP,WE,Towers with Radar,479,97,27,71,674,0,54,100,1,155,479,151,127,72,829,6,0,6,835
03/16/2006,HNL,HI,AWP,WE,Towers with Radar,508,70,27,30,635,0,34,92,0,126,508,104,119,30,761,10,0,10,771
03/17/2006,HNL,HI,AWP,WE,Towers with Radar,560,81,54,38,733,0,80,122,0,202,560,161,176,38,935,6,0,6,941
03/18/2006,HNL,HI,AWP,WE,Towers with Radar,517,43,39,37,636,0,51,155,3,209,517,94,194,40,845,0,0,0,845
03/19/2006,HNL,HI,AWP,WE,Towers with Radar,481,45,15,22,563,2,9,31,0,42,483,54,46,22,605,0,0,0,605
03/20/2006,HNL,HI,AWP,WE,Towers with Radar,498,67,54,59,678,1,91,167,28,287,499,158,221,87,965,0,6,6,971
03/21/2006,HNL,HI,AWP,WE,Towers with Radar,500,61,31,68,660,0,93,118,5,216,500,154,149,73,876,8,6,14,890
03/22/2006,HNL,HI,AWP,WE,Towers with Radar,508,60,30,52,650,0,68,90,0,158,508,128,120,52,808,6,0,6,814
03/23/2006,HNL,HI,AWP,WE,Towers with Radar,495,72,13,42,622,0,44,46,0,90,495,116,59,42,712,0,0,0,712
03/24/2006,HNL,HI,AWP,WE,Towers with Radar,536,80,22,26,664,0,80,119,0,199,536,160,141,26,863,0,0,0,863
03/25/2006,HNL,HI,AWP,WE,Towers with Radar,519,61,50,19,649,0,56,139,4,199,519,117,189,23,848,0,0,0,848
03/26/2006,HNL,HI,AWP,WE,Towers with Radar,521,57,24,28,630,6,3,21,1,31,527,60,45,29,661,8,0,8,669
03/27/2006,HNL,HI,AWP,WE,Towers with Radar,497,80,33,22,632,4,79,56,4,143,501,159,89,26,775,0,0,0,775
03/28/2006,HNL,HI,AWP,WE,Towers with Radar,492,82,21,17,612,0,48,15,0,63,492,130,36,17,675,0,0,0,675
03/29/2006,HNL,HI,AWP,WE,Towers with Radar,482,68,37,47,634,0,59,42,1,102,482,127,79,48,736,4,0,4,740
03/30/2006,HNL,HI,AWP,WE,Towers with Radar,517,75,14,27,633,0,24,43,0,67,517,99,57,27,700,6,0,6,706
03/31/2006,HNL,HI,AWP,WE,Towers with Radar,538,76,20,27,661,0,31,40,0,71,538,107,60,27,732,0,0,0,732
04/01/2006,HNL,HI,AWP,WE,Towers with Radar,523,49,32,55,659,0,78,129,0,207,523,127,161,55,866,12,0,12,878
04/02/2006,HNL,HI,AWP,WE,Towers with Radar,489,51,20,30,590,4,70,67,7,148,493,121,87,37,738,0,0,0,738
04/03/2006,HNL,HI,AWP,WE,Towers with Radar,483,67,33,50,633,7,79,86,34,206,490,146,119,84,839,0,0,0,839
04/04/2006,HNL,HI,AWP,WE,Towers with Radar,465,70,37,64,636,0,90,100,0,190,465,160,137,64,826,8,0,8,834
04/05/2006,HNL,HI,AWP,WE,Towers with Radar,465,55,35,70,625,0,77,124,5,206,465,132,159,75,831,13,0,13,844
04/06/2006,HNL,HI,AWP,WE,Towers with Radar,469,44,119,53,685,0,62,132,0,194,469,106,251,53,879,4,0,4,883
04/07/2006,HNL,HI,AWP,WE,Towers with Radar,494,62,40,48,644,2,87,119,0,208,496,149,159,48,852,0,0,0,852
04/08/2006,HNL,HI,AWP,WE,Towers with Radar,462,48,43,41,594,0,69,150,0,219,462,117,193,41,813,4,0,4,817
04/09/2006,HNL,HI,AWP,WE,Towers with Radar,457,43,25,20,545,3,77,120,3,203,460,120,145,23,748,0,0,0,748
04/10/2006,HNL,HI,AWP,WE,Towers with Radar,473,79,57,57,666,2,86,103,17,208,475,165,160,74,874,16,0,16,890
04/11/2006,HNL,HI,AWP,WE,Towers with Radar,484,61,32,48,625,0,81,128,0,209,484,142,160,48,834,12,0,12,846
04/12/2006,HNL,HI,AWP,WE,Towers with Radar,485,67,62,44,658,0,56,82,0,138,485,123,144,44,796,6,2,8,804
04/13/2006,HNL,HI,AWP,WE,Towers with Radar,482,76,35,53,646,0,99,95,0,194,482,175,130,53,840,4,0,4,844
04/14/2006,HNL,HI,AWP,WE,Towers with Radar,520,61,44,34,659,0,103,148,5,256,520,164,192,39,915,4,0,4,919
04/15/2006,HNL,HI,AWP,WE,Towers with Radar,484,41,36,42,603,0,63,134,0,197,484,104,170,42,800,0,0,0,800
04/16/2006,HNL,HI,AWP,WE,Towers with Radar,465,45,27,13,550,5,80,119,0,204,470,125,146,13,754,12,0,12,766
04/17/2006,HNL,HI,AWP,WE,Towers with Radar,453,87,30,49,619,3,71,118,14,206,456,158,148,63,825,14,0,14,839
04/18/2006,HNL,HI,AWP,WE,Towers with Radar,475,70,33,40,618,0,91,108,0,199,475,161,141,40,817,10,4,14,831
04/19/2006,HNL,HI,AWP,WE,Towers with Radar,474,91,51,47,663,0,78,92,1,171,474,169,143,48,834,6,0,6,840
04/20/2006,HNL,HI,AWP,WE,Towers with Radar,493,83,42,57,675,0,85,104,0,189,493,168,146,57,864,4,0,4,868
04/21/2006,HNL,HI,AWP,WE,Towers with Radar,516,81,48,38,683,0,49,123,1,173,516,130,171,39,856,8,0,8,864
04/22/2006,HNL,HI,AWP,WE,Towers with Radar,487,56,48,27,618,0,60,144,0,204,487,116,192,27,822,0,4,4,826
04/23/2006,HNL,HI,AWP,WE,Towers with Radar,446,34,46,26,552,2,84,134,12,232,448,118,180,38,784,4,0,4,788
04/24/2006,HNL,HI,AWP,WE,Towers with Radar,466,71,38,17,592,6,93,101,11,211,472,164,139,28,803,14,0,14,817
04/25/2006,HNL,HI,AWP,WE,Towers with Radar,462,66,35,40,603,0,94,125,0,219,462,160,160,40,822,10,0,10,832
04/26/2006,HNL,HI,AWP,WE,Towers with Radar,482,81,61,32,656,0,82,128,1,211,482,163,189,33,867,16,2,18,885
04/27/2006,HNL,HI,AWP,WE,Towers with Radar,479,91,38,30,638,0,77,130,2,209,479,168,168,32,847,2,2,4,851
04/28/2006,HNL,HI,AWP,WE,Towers with Radar,513,71,48,39,671,0,72,149,0,221,513,143,197,39,892,12,0,12,904
04/29/2006,HNL,HI,AWP,WE,Towers with Radar,499,66,40,35,640,0,53,185,0,238,499,119,225,35,878,2,0,2,880
04/30/2006,HNL,HI,AWP,WE,Towers with Radar,441,54,33,33,561,4,57,140,1,202,445,111,173,34,763,0,0,0,763
05/01/2006,HNL,HI,AWP,WE,Towers with Radar,458,77,24,42,601,6,66,138,20,230,464,143,162,62,831,0,0,0,831
05/02/2006,HNL,HI,AWP,WE,Towers with Radar,477,57,21,33,588,0,73,152,3,228,477,130,173,36,816,0,0,0,816
05/03/2006,HNL,HI,AWP,WE,Towers with Radar,486,83,30,54,653,0,85,158,0,243,486,168,188,54,896,0,2,2,898
05/04/2006,HNL,HI,AWP,WE,Towers with Radar,491,73,41,38,643,0,75,121,3,199,491,148,162,41,842,0,2,2,844
05/05/2006,HNL,HI,AWP,WE,Towers with Radar,497,78,34,38,647,0,67,114,0,181,497,145,148,38,828,0,0,0,828
05/06/2006,HNL,HI,AWP,WE,Towers with Radar,517,58,41,34,650,0,32,113,3,148,517,90,154,37,798,14,2,16,814
05/07/2006,HNL,HI,AWP,WE,Towers with Radar,473,48,21,25,567,0,54,131,12,197,473,102,152,37,764,0,0,0,764
05/08/2006,HNL,HI,AWP,WE,Towers with Radar,467,67,43,42,619,3,79,100,9,191,470,146,143,51,810,4,0,4,814
05/09/2006,HNL,HI,AWP,WE,Towers with Radar,478,68,28,23,597,0,92,95,0,187,478,160,123,23,784,12,0,12,796
05/10/2006,HNL,HI,AWP,WE,Towers with Radar,484,72,31,27,614,0,86,95,1,182,484,158,126,28,796,27,0,27,823
05/11/2006,HNL,HI,AWP,WE,Towers with Radar,492,67,55,52,666,0,73,110,0,183,492,140,165,52,849,4,0,4,853
05/12/2006,HNL,HI,AWP,WE,Towers with Radar,521,83,40,25,669,0,82,142,0,224,521,165,182,25,893,0,0,0,893
05/13/2006,HNL,HI,AWP,WE,Towers with Radar,495,48,20,48,611,0,81,173,0,254,495,129,193,48,865,0,0,0,865
05/14/2006,HNL,HI,AWP,WE,Towers with Radar,467,48,29,15,559,1,58,92,2,153,468,106,121,17,712,0,0,0,712
05/15/2006,HNL,HI,AWP,WE,Towers with Radar,474,71,29,35,609,0,71,128,0,199,474,142,157,35,808,2,0,2,810
05/16/2006,HNL,HI,AWP,WE,Towers with Radar,460,72,39,43,614,0,94,125,1,220,460,166,164,44,834,0,0,0,834
05/17/2006,HNL,HI,AWP,WE,Towers with Radar,487,82,34,47,650,0,73,117,0,190,487,155,151,47,840,0,0,0,840
05/18/2006,HNL,HI,AWP,WE,Towers with Radar,460,63,36,41,600,0,76,115,5,196,460,139,151,46,796,6,0,6,802
05/19/2006,HNL,HI,AWP,WE,Towers with Radar,520,64,31,31,646,5,93,164,21,283,525,157,195,52,929,10,2,12,941
05/20/2006,HNL,HI,AWP,WE,Towers with Radar,485,46,48,27,606,0,91,140,0,231,485,137,188,27,837,6,0,6,843
05/21/2006,HNL,HI,AWP,WE,Towers with Radar,475,44,41,14,574,2,80,98,0,180,477,124,139,14,754,8,0,8,762
05/22/2006,HNL,HI,AWP,WE,Towers with Radar,472,76,44,29,621,0,82,119,11,212,472,158,163,40,833,10,0,10,843
05/23/2006,HNL,HI,AWP,WE,Towers with Radar,460,56,69,24,609,0,87,111,0,198,460,143,180,24,807,10,0,10,817
05/24/2006,HNL,HI,AWP,WE,Towers with Radar,484,62,47,48,641,0,85,89,1,175,484,147,136,49,816,10,0,10,826
05/25/2006,HNL,HI,AWP,WE,Towers with Radar,481,67,49,35,632,0,115,88,2,205,481,182,137,37,837,4,0,4,841
05/26/2006,HNL,HI,AWP,WE,Towers with Radar,531,64,51,21,667,0,101,144,0,245,531,165,195,21,912,0,0,0,912
05/27/2006,HNL,HI,AWP,WE,Towers with Radar,492,57,41,21,611,6,101,120,4,231,498,158,161,25,842,0,0,0,842
05/28/2006,HNL,HI,AWP,WE,Towers with Radar,465,46,40,12,563,5,70,91,0,166,470,116,131,12,729,0,0,0,729
05/29/2006,HNL,HI,AWP,WE,Towers with Radar,471,35,32,30,568,0,105,128,3,236,471,140,160,33,804,4,0,4,808
05/30/2006,HNL,HI,AWP,WE,Towers with Radar,474,60,45,33,612,0,91,105,0,196,474,151,150,33,808,28,0,28,836
05/31/2006,HNL,HI,AWP,WE,Towers with Radar,479,58,34,38,609,0,82,136,0,218,479,140,170,38,827,0,0,0,827
06/01/2006,HNL,HI,AWP,WE,Towers with Radar,484,56,42,27,609,0,81,113,0,194,484,137,155,27,803,18,0,18,821
06/02/2006,HNL,HI,AWP,WE,Towers with Radar,551,72,40,33,696,0,70,122,0,192,551,142,162,33,888,28,0,28,916
06/03/2006,HNL,HI,AWP,WE,Towers with Radar,516,62,55,48,681,0,78,115,5,198,516,140,170,53,879,4,0,4,883
06/04/2006,HNL,HI,AWP,WE,Towers with Radar,476,47,34,33,590,5,87,109,6,207,481,134,143,39,797,2,0,2,799
06/05/2006,HNL,HI,AWP,WE,Towers with Radar,494,76,31,35,636,2,83,106,20,211,496,159,137,55,847,0,0,0,847
06/06/2006,HNL,HI,AWP,WE,Towers with Radar,489,61,39,28,617,0,97,100,0,197,489,158,139,28,814,8,2,10,824
06/07/2006,HNL,HI,AWP,WE,Towers with Radar,489,75,43,43,650,0,82,102,0,184,489,157,145,43,834,18,0,18,852
06/08/2006,HNL,HI,AWP,WE,Towers with Radar,480,66,44,24,614,0,81,103,2,186,480,147,147,26,800,4,1,5,805
06/09/2006,HNL,HI,AWP,WE,Towers with Radar,546,71,54,25,696,0,99,131,1,231,546,170,185,26,927,0,0,0,927
06/10/2006,HNL,HI,AWP,WE,Towers with Radar,512,88,31,21,652,0,72,132,0,204,512,160,163,21,856,0,0,0,856
06/11/2006,HNL,HI,AWP,WE,Towers with Radar,482,82,40,15,619,2,57,107,1,167,484,139,147,16,786,0,0,0,786
06/12/2006,HNL,HI,AWP,WE,Towers with Radar,509,94,65,51,719,7,103,105,21,236,516,197,170,72,955,0,0,0,955
06/13/2006,HNL,HI,AWP,WE,Towers with Radar,494,93,36,48,671,0,78,140,0,218,494,171,176,48,889,4,0,4,893
06/14/2006,HNL,HI,AWP,WE,Towers with Radar,535,83,35,57,710,0,80,95,0,175,535,163,130,57,885,12,0,12,897
06/15/2006,HNL,HI,AWP,WE,Towers with Radar,536,94,39,56,725,0,75,131,3,209,536,169,170,59,934,4,0,4,938
06/16/2006,HNL,HI,AWP,WE,Towers with Radar,535,96,29,23,683,0,0,0,0,0,535,96,29,23,683,0,0,0,683
06/17/2006,HNL,HI,AWP,WE,Towers with Radar,522,90,48,28,688,0,44,123,0,167,522,134,171,28,855,0,0,0,855
06/18/2006,HNL,HI,AWP,WE,Towers with Radar,491,65,46,16,618,4,81,107,4,196,495,146,153,20,814,2,0,2,816
06/19/2006,HNL,HI,AWP,WE,Towers with Radar,495,109,53,33,690,5,75,83,11,174,500,184,136,44,864,8,2,10,874
06/20/2006,HNL,HI,AWP,WE,Towers with Radar,523,100,28,46,697,0,89,89,2,180,523,189,117,48,877,0,0,0,877
06/21/2006,HNL,HI,AWP,WE,Towers with Radar,539,85,31,42,697,0,62,133,3,198,539,147,164,45,895,0,0,0,895
06/22/2006,HNL,HI,AWP,WE,Towers with Radar,545,98,44,50,737,0,71,110,3,184,545,169,154,53,921,10,2,12,933
06/23/2006,HNL,HI,AWP,WE,Towers with Radar,571,105,52,53,781,0,109,131,0,240,571,214,183,53,1021,0,0,0,1021
06/24/2006,HNL,HI,AWP,WE,Towers with Radar,523,87,19,36,665,0,57,156,5,218,523,144,175,41,883,0,0,0,883
06/25/2006,HNL,HI,AWP,WE,Towers with Radar,529,72,23,26,650,5,76,101,8,190,534,148,124,34,840,10,0,10,850
06/26/2006,HNL,HI,AWP,WE,Towers with Radar,532,99,54,35,720,3,103,100,16,222,535,202,154,51,942,12,0,12,954
06/27/2006,HNL,HI,AWP,WE,Towers with Radar,545,71,41,40,697,0,107,140,11,258,545,178,181,51,955,8,0,8,963
06/28/2006,HNL,HI,AWP,WE,Towers with Radar,529,99,32,54,714,0,76,114,7,197,529,175,146,61,911,0,0,0,911
06/29/2006,HNL,HI,AWP,WE,Towers with Radar,536,90,41,60,727,0,80,113,6,199,536,170,154,66,926,4,4,8,934
06/30/2006,HNL,HI,AWP,WE,Towers with Radar,543,117,39,21,720,0,100,147,4,251,543,217,186,25,971,0,0,0,971
07/01/2006,HNL,HI,AWP,WE,Towers with Radar,533,124,18,20,695,0,71,139,0,210,533,195,157,20,905,4,0,4,909
07/02/2006,HNL,HI,AWP,WE,Towers with Radar,511,93,29,25,658,10,85,134,2,231,521,178,163,27,889,0,0,0,889
07/03/2006,HNL,HI,AWP,WE,Towers with Radar,558,112,35,21,726,6,89,118,1,214,564,201,153,22,940,0,0,0,940
07/04/2006,HNL,HI,AWP,WE,Towers with Radar,528,81,30,4,643,0,104,118,0,222,528,185,148,4,865,0,0,0,865
07/05/2006,HNL,HI,AWP,WE,Towers with Radar,566,102,25,59,752,0,83,67,0,150,566,185,92,59,902,1,0,1,903
07/06/2006,HNL,HI,AWP,WE,Towers with Radar,562,111,31,92,796,0,66,115,9,190,562,177,146,101,986,8,0,8,994
07/07/2006,HNL,HI,AWP,WE,Towers with Radar,592,132,48,55,827,0,99,126,0,225,592,231,174,55,1052,0,0,0,1052
07/08/2006,HNL,HI,AWP,WE,Towers with Radar,569,113,28,56,766,0,48,154,0,202,569,161,182,56,968,0,0,0,968
07/09/2006,HNL,HI,AWP,WE,Towers with Radar,528,96,23,55,702,3,83,95,26,207,531,179,118,81,909,0,0,0,909
07/10/2006,HNL,HI,AWP,WE,Towers with Radar,552,139,24,54,769,5,120,85,34,244,557,259,109,88,1013,16,0,16,1029
07/11/2006,HNL,HI,AWP,WE,Towers with Radar,570,111,24,95,800,0,93,105,4,202,570,204,129,99,1002,0,0,0,1002
07/12/2006,HNL,HI,AWP,WE,Towers with Radar,569,114,33,58,774,0,96,111,2,209,569,210,144,60,983,10,0,10,993
07/13/2006,HNL,HI,AWP,WE,Towers with Radar,575,98,22,54,749,0,81,119,0,200,575,179,141,54,949,8,0,8,957
07/14/2006,HNL,HI,AWP,WE,Towers with Radar,591,132,22,48,793,0,72,97,0,169,591,204,119,48,962,2,0,2,964
07/15/2006,HNL,HI,AWP,WE,Towers with Radar,562,115,32,80,789,0,50,59,8,117,562,165,91,88,906,0,0,0,906
07/16/2006,HNL,HI,AWP,WE,Towers with Radar,548,104,26,43,721,2,80,156,38,276,550,184,182,81,997,2,0,2,999
07/17/2006,HNL,HI,AWP,WE,Towers with Radar,550,129,20,50,749,5,102,152,32,291,555,231,172,82,1040,0,0,0,1040
07/18/2006,HNL,HI,AWP,WE,Towers with Radar,550,112,54,66,782,0,72,138,0,210,550,184,192,66,992,0,0,0,992
07/19/2006,HNL,HI,AWP,WE,Towers with Radar,566,120,28,85,799,0,91,102,0,193,566,211,130,85,992,10,0,10,1002
07/20/2006,HNL,HI,AWP,WE,Towers with Radar,555,117,35,78,785,0,68,134,7,209,555,185,169,85,994,22,0,22,1016
07/21/2006,HNL,HI,AWP,WE,Towers with Radar,573,109,21,50,753,0,95,148,5,248,573,204,169,55,1001,4,0,4,1005
07/22/2006,HNL,HI,AWP,WE,Towers with Radar,550,121,33,46,750,0,75,150,0,225,550,196,183,46,975,6,0,6,981
07/23/2006,HNL,HI,AWP,WE,Towers with Radar,526,101,51,49,727,2,101,131,39,273,528,202,182,88,1000,10,0,10,1010
07/24/2006,HNL,HI,AWP,WE,Towers with Radar,541,143,34,62,780,0,97,117,0,214,541,240,151,62,994,4,0,4,998
07/25/2006,HNL,HI,AWP,WE,Towers with Radar,574,126,36,48,784,0,81,80,0,161,574,207,116,48,945,6,8,14,959
07/26/2006,HNL,HI,AWP,WE,Towers with Radar,577,96,45,58,776,0,86,86,0,172,577,182,131,58,948,2,0,2,950
07/27/2006,HNL,HI,AWP,WE,Towers with Radar,550,134,43,58,785,0,81,128,0,209,550,215,171,58,994,4,0,4,998
07/28/2006,HNL,HI,AWP,WE,Towers with Radar,528,130,36,38,732,0,71,70,0,141,528,201,106,38,873,12,0,12,885
07/29/2006,HNL,HI,AWP,WE,Towers with Radar,587,143,19,28,777,0,59,123,6,188,587,202,142,34,965,4,0,4,969
07/30/2006,HNL,HI,AWP,WE,Towers with Radar,544,112,41,21,718,5,71,142,14,232,549,183,183,35,950,8,0,8,958
07/31/2006,HNL,HI,AWP,WE,Towers with Radar,538,140,54,30,762,0,76,90,0,166,538,216,144,30,928,16,2,18,946
08/01/2006,HNL,HI,AWP,WE,Towers with Radar,588,112,31,38,769,0,102,87,0,189,588,214,118,38,958,4,0,4,962
08/02/2006,HNL,HI,AWP,WE,Towers with Radar,565,115,37,27,744,0,88,128,0,216,565,203,165,27,960,0,0,0,960
08/03/2006,HNL,HI,AWP,WE,Towers with Radar,564,118,48,39,769,0,72,115,0,187,564,190,163,39,956,8,0,8,964
08/04/2006,HNL,HI,AWP,WE,Towers with Radar,584,141,54,27,806,0,81,98,0,179,584,222,152,27,985,18,0,18,1003
08/05/2006,HNL,HI,AWP,WE,Towers with Radar,606,164,25,46,841,0,75,124,4,203,606,239,149,50,1044,0,2,2,1046
08/06/2006,HNL,HI,AWP,WE,Towers with Radar,556,115,42,26,739,6,50,74,5,135,562,165,116,31,874,16,0,16,890
08/07/2006,HNL,HI,AWP,WE,Towers with Radar,566,130,23,23,742,0,97,122,0,219,566,227,145,23,961,6,0,6,967
08/08/2006,HNL,HI,AWP,WE,Towers with Radar,593,111,45,16,765,0,0,0,0,0,593,111,45,16,765,0,0,0,765
08/09/2006,HNL,HI,AWP,WE,Towers with Radar,568,124,25,44,761,0,112,128,0,240,568,236,153,44,1001,2,0,2,1003
08/10/2006,HNL,HI,AWP,WE,Towers with Radar,600,163,41,52,856,0,104,139,1,244,600,267,180,53,1100,10,0,10,1110
08/11/2006,HNL,HI,AWP,WE,Towers with Radar,587,135,43,39,804,0,78,133,0,211,587,213,176,39,1015,2,0,2,1017
08/12/2006,HNL,HI,AWP,WE,Towers with Radar,573,129,34,24,760,0,53,145,4,202,573,182,179,28,962,0,2,2,964
08/13/2006,HNL,HI,AWP,WE,Towers with Radar,559,100,27,30,716,5,74,168,3,250,564,174,195,33,966,0,0,0,966
08/14/2006,HNL,HI,AWP,WE,Towers with Radar,537,122,35,59,753,0,70,124,0,194,537,192,159,59,947,0,0,0,947
08/15/2006,HNL,HI,AWP,WE,Towers with Radar,618,96,25,39,778,0,89,123,0,212,618,185,148,39,990,0,0,0,990
08/16/2006,HNL,HI,AWP,WE,Towers with Radar,549,125,35,41,750,0,76,127,4,207,549,201,162,45,957,0,0,0,957
08/17/2006,HNL,HI,AWP,WE,Towers with Radar,575,117,28,52,772,0,96,121,0,217,575,213,149,52,989,10,6,16,1005
08/18/2006,HNL,HI,AWP,WE,Towers with Radar,588,103,32,42,765,0,84,138,5,227,588,187,170,47,992,16,0,16,1008
08/19/2006,HNL,HI,AWP,WE,Towers with Radar,558,125,35,24,742,0,50,125,2,177,558,175,160,26,919,6,0,6,925
08/20/2006,HNL,HI,AWP,WE,Towers with Radar,522,97,25,16,660,7,93,112,7,219,529,190,137,23,879,6,0,6,885
08/21/2006,HNL,HI,AWP,WE,Towers with Radar,541,121,52,69,783,0,77,92,3,172,541,198,144,72,955,0,0,0,955
08/22/2006,HNL,HI,AWP,WE,Towers with Radar,559,103,72,51,785,0,94,115,0,209,559,197,187,51,994,0,0,0,994
08/23/2006,HNL,HI,AWP,WE,Towers with Radar,530,124,51,50,755,0,78,121,0,199,530,202,172,50,954,0,0,0,954
08/24/2006,HNL,HI,AWP,WE,Towers with Radar,515,128,26,47,716,0,49,156,0,205,515,177,182,47,921,0,0,0,921
08/25/2006,HNL,HI,AWP,WE,Towers with Radar,549,122,22,21,714,0,80,139,0,219,549,202,161,21,933,0,0,0,933
08/26/2006,HNL,HI,AWP,WE,Towers with Radar,511,144,25,21,701,0,83,118,2,203,511,227,143,23,904,0,0,0,904
08/27/2006,HNL,HI,AWP,WE,Towers with Radar,529,91,26,20,666,0,65,156,4,225,529,156,182,24,891,0,0,0,891
08/28/2006,HNL,HI,AWP,WE,Towers with Radar,544,112,40,33,729,0,50,133,0,183,544,162,173,33,912,0,0,0,912
08/29/2006,HNL,HI,AWP,WE,Towers with Radar,577,116,29,41,763,6,70,119,11,206,583,186,148,52,969,0,0,0,969
08/30/2006,HNL,HI,AWP,WE,Towers with Radar,542,135,56,58,791,9,51,79,7,146,551,186,135,65,937,4,0,4,941
08/31/2006,HNL,HI,AWP,WE,Towers with Radar,562,73,73,48,756,0,62,123,0,185,562,135,196,48,941,4,0,4,945
09/01/2006,HNL,HI,AWP,WE,Towers with Radar,566,116,17,26,725,0,105,84,1,190,566,221,101,27,915,0,0,0,915
09/02/2006,HNL,HI,AWP,WE,Towers with Radar,513,103,30,26,672,0,81,123,3,207,513,184,153,29,879,0,0,0,879
09/03/2006,HNL,HI,AWP,WE,Towers with Radar,493,90,25,16,624,0,71,92,3,166,493,161,117,19,790,0,0,0,790
09/04/2006,HNL,HI,AWP,WE,Towers with Radar,515,80,37,25,657,0,94,126,1,221,515,174,163,26,878,0,0,0,878
09/05/2006,HNL,HI,AWP,WE,Towers with Radar,538,90,42,43,713,0,102,99,0,201,538,192,141,43,914,0,0,0,914
09/06/2006,HNL,HI,AWP,WE,Towers with Radar,507,119,51,47,724,0,55,91,0,146,507,174,142,47,870,0,0,0,870
09/07/2006,HNL,HI,AWP,WE,Towers with Radar,510,109,22,50,691,0,44,142,0,186,510,153,164,50,877,0,0,0,877
09/08/2006,HNL,HI,AWP,WE,Towers with Radar,521,118,20,58,717,0,60,115,0,175,521,178,135,58,892,0,0,0,892
09/09/2006,HNL,HI,AWP,WE,Towers with Radar,505,89,22,50,666,0,56,84,1,141,505,145,106,51,807,0,0,0,807
09/10/2006,HNL,HI,AWP,WE,Towers with Radar,484,86,25,24,619,4,83,120,4,211,488,169,145,28,830,8,0,8,838
09/11/2006,HNL,HI,AWP,WE,Towers with Radar,591,122,30,38,781,0,54,110,0,164,591,176,140,38,945,0,0,0,945
09/12/2006,HNL,HI,AWP,WE,Towers with Radar,508,105,61,49,723,0,91,110,1,202,508,196,171,50,925,0,0,0,925
09/13/2006,HNL,HI,AWP,WE,Towers with Radar,504,127,14,46,691,0,67,140,1,208,504,194,154,47,899,12,0,12,911
09/14/2006,HNL,HI,AWP,WE,Towers with Radar,489,129,27,53,698,0,54,109,0,163,489,183,136,53,861,0,0,0,861
09/15/2006,HNL,HI,AWP,WE,Towers with Radar,517,136,16,36,705,0,63,135,0,198,517,199,151,36,903,0,0,0,903
09/16/2006,HNL,HI,AWP,WE,Towers with Radar,503,120,43,17,683,9,53,142,9,213,512,173,185,26,896,10,0,10,906
09/17/2006,HNL,HI,AWP,WE,Towers with Radar,470,100,14,30,614,4,47,129,2,182,474,147,143,32,796,0,0,0,796
09/18/2006,HNL,HI,AWP,WE,Towers with Radar,492,141,46,46,725,0,84,83,2,169,492,225,129,48,894,10,0,10,904
09/19/2006,HNL,HI,AWP,WE,Towers with Radar,514,99,36,37,686,0,87,84,0,171,514,186,120,37,857,0,0,0,857
09/20/2006,HNL,HI,AWP,WE,Towers with Radar,528,108,29,51,716,0,62,68,0,130,528,170,97,51,846,0,0,0,846
09/21/2006,HNL,HI,AWP,WE,Towers with Radar,514,134,24,48,720,0,79,115,0,194,514,213,139,48,914,4,0,4,918
09/22/2006,HNL,HI,AWP,WE,Towers with Radar,486,114,21,41,662,0,86,100,0,186,486,200,121,41,848,0,0,0,848
09/23/2006,HNL,HI,AWP,WE,Towers with Radar,453,99,26,25,603,8,85,139,9,241,461,184,165,34,844,0,0,0,844
09/24/2006,HNL,HI,AWP,WE,Towers with Radar,487,91,24,19,621,5,66,126,3,200,492,157,150,22,821,2,0,2,823
09/25/2006,HNL,HI,AWP,WE,Towers with Radar,520,119,21,24,684,0,83,108,6,197,520,202,129,30,881,0,0,0,881
09/26/2006,HNL,HI,AWP,WE,Towers with Radar,512,105,20,58,695,0,73,98,6,177,512,178,118,64,872,4,0,4,876
09/27/2006,HNL,HI,AWP,WE,Towers with Radar,509,133,33,38,713,0,100,78,0,178,509,233,111,38,891,0,0,0,891
09/28/2006,HNL,HI,AWP,WE,Towers with Radar,506,82,28,28,644,0,0,118,0,118,506,82,146,28,762,0,0,0,762
09/29/2006,HNL,HI,AWP,WE,Towers with Radar,528,129,30,28,715,0,67,108,0,175,528,196,138,28,890,0,0,0,890
09/30/2006,HNL,HI,AWP,WE,Towers with Radar,502,137,35,22,696,0,38,118,0,156,502,175,153,22,852,12,0,12,864
10/01/2006,HNL,HI,AWP,WE,Towers with Radar,488,97,32,25,642,7,39,121,2,169,495,136,153,27,811,16,0,16,827
10/02/2006,HNL,HI,AWP,WE,Towers with Radar,497,120,27,44,688,0,45,81,0,126,497,165,108,44,814,4,0,4,818
10/03/2006,HNL,HI,AWP,WE,Towers with Radar,512,122,37,49,720,0,57,101,3,161,512,179,138,52,881,0,0,0,881
10/04/2006,HNL,HI,AWP,WE,Towers with Radar,493,104,46,39,682,0,64,117,0,181,493,168,163,39,863,0,0,0,863
10/05/2006,HNL,HI,AWP,WE,Towers with Radar,464,122,35,39,660,0,60,117,5,182,464,182,152,44,842,10,0,10,852
10/06/2006,HNL,HI,AWP,WE,Towers with Radar,525,120,37,22,704,0,81,143,2,226,525,201,180,24,930,0,0,0,930
10/07/2006,HNL,HI,AWP,WE,Towers with Radar,521,121,33,24,699,0,61,166,2,229,521,182,199,26,928,10,0,10,938
10/08/2006,HNL,HI,AWP,WE,Towers with Radar,481,114,39,19,653,0,52,135,1,188,481,166,174,20,841,0,0,0,841
10/09/2006,HNL,HI,AWP,WE,Towers with Radar,497,123,44,11,675,0,65,82,3,150,497,188,126,14,825,16,0,16,841
10/10/2006,HNL,HI,AWP,WE,Towers with Radar,534,115,32,38,719,0,75,62,0,137,534,190,94,38,856,6,0,6,862
10/11/2006,HNL,HI,AWP,WE,Towers with Radar,511,127,33,84,755,0,23,100,0,123,511,150,133,84,878,4,0,4,882
10/12/2006,HNL,HI,AWP,WE,Towers with Radar,506,137,14,46,703,0,84,133,0,217,506,221,147,46,920,4,0,4,924
10/13/2006,HNL,HI,AWP,WE,Towers with Radar,490,111,32,47,680,0,76,97,0,173,490,187,129,47,853,4,0,4,857
10/14/2006,HNL,HI,AWP,WE,Towers with Radar,513,129,17,79,738,0,41,111,2,154,513,170,128,81,892,0,6,6,898
10/15/2006,HNL,HI,AWP,WE,Towers with Radar,329,88,13,15,445,0,17,9,0,26,329,105,22,15,471,0,0,0,471
10/16/2006,HNL,HI,AWP,WE,Towers with Radar,510,127,42,30,709,0,72,30,3,105,510,199,72,33,814,10,0,10,824
10/17/2006,HNL,HI,AWP,WE,Towers with Radar,511,122,27,38,698,0,98,98,0,196,511,220,125,38,894,6,0,6,900
10/18/2006,HNL,HI,AWP,WE,Towers with Radar,502,111,31,51,695,0,75,95,0,170,502,186,126,51,865,0,2,2,867
10/19/2006,HNL,HI,AWP,WE,Towers with Radar,493,137,26,51,707,0,60,66,0,126,493,197,92,51,833,0,0,0,833
10/20/2006,HNL,HI,AWP,WE,Towers with Radar,537,154,30,42,763,0,55,84,0,139,537,209,114,42,902,12,0,12,914
10/21/2006,HNL,HI,AWP,WE,Towers with Radar,502,144,10,32,688,0,52,112,0,164,502,196,122,32,852,0,0,0,852
10/22/2006,HNL,HI,AWP,WE,Towers with Radar,478,108,35,10,631,0,65,109,1,175,478,173,144,11,806,8,0,8,814
10/23/2006,HNL,HI,AWP,WE,Towers with Radar,509,124,32,29,694,0,60,92,0,152,509,184,124,29,846,12,0,12,858
10/24/2006,HNL,HI,AWP,WE,Towers with Radar,503,110,24,29,666,0,83,69,0,152,503,193,93,29,818,0,0,0,818
10/25/2006,HNL,HI,AWP,WE,Towers with Radar,506,121,27,38,692,0,85,94,0,179,506,206,121,38,871,0,0,0,871
10/26/2006,HNL,HI,AWP,WE,Towers with Radar,507,106,31,36,680,0,71,91,0,162,507,177,122,36,842,0,0,0,842
10/27/2006,HNL,HI,AWP,WE,Towers with Radar,541,117,33,31,722,0,65,108,0,173,541,182,141,31,895,4,0,4,899
10/28/2006,HNL,HI,AWP,WE,Towers with Radar,511,123,33,10,677,0,52,142,3,197,511,175,175,13,874,14,0,14,888
10/29/2006,HNL,HI,AWP,WE,Towers with Radar,467,95,18,16,596,0,69,81,0,150,467,164,99,16,746,0,0,0,746
10/30/2006,HNL,HI,AWP,WE,Towers with Radar,499,131,27,28,685,0,78,69,0,147,499,209,96,28,832,2,0,2,834
10/31/2006,HNL,HI,AWP,WE,Towers with Radar,515,124,32,27,698,0,58,68,0,126,515,182,100,27,824,8,0,8,832
11/01/2006,HNL,HI,AWP,WE,Towers with Radar,499,130,27,26,682,0,34,45,0,79,499,164,72,26,761,0,0,0,761
11/02/2006,HNL,HI,AWP,WE,Towers with Radar,497,133,20,29,679,0,11,14,0,25,497,144,34,29,704,6,0,6,710
11/03/2006,HNL,HI,AWP,WE,Towers with Radar,519,150,34,28,731,0,59,109,0,168,519,209,143,28,899,0,0,0,899
11/04/2006,HNL,HI,AWP,WE,Towers with Radar,493,125,29,54,701,0,50,113,0,163,493,175,142,54,864,2,0,2,866
11/05/2006,HNL,HI,AWP,WE,Towers with Radar,476,84,27,19,606,0,56,106,0,162,476,140,133,19,768,2,0,2,770
11/06/2006,HNL,HI,AWP,WE,Towers with Radar,494,106,32,24,656,0,77,95,0,172,494,183,127,24,828,4,0,4,832
11/07/2006,HNL,HI,AWP,WE,Towers with Radar,504,99,43,33,679,0,74,64,5,143,504,173,107,38,822,0,0,0,822
11/08/2006,HNL,HI,AWP,WE,Towers with Radar,481,116,20,48,665,0,78,86,0,164,481,194,106,48,829,0,0,0,829
11/09/2006,HNL,HI,AWP,WE,Towers with Radar,486,150,41,38,715,0,55,109,1,165,486,205,150,39,880,2,0,2,882
11/10/2006,HNL,HI,AWP,WE,Towers with Radar,525,146,44,25,740,0,86,108,3,197,525,232,152,28,937,0,0,0,937
11/11/2006,HNL,HI,AWP,WE,Towers with Radar,502,91,52,24,669,0,61,130,1,192,502,152,182,25,861,2,0,2,863
11/12/2006,HNL,HI,AWP,WE,Towers with Radar,484,96,22,24,626,0,77,90,1,168,484,173,112,25,794,0,0,0,794
11/13/2006,HNL,HI,AWP,WE,Towers with Radar,473,111,26,40,650,0,73,90,3,166,473,184,116,43,816,4,0,4,820
11/14/2006,HNL,HI,AWP,WE,Towers with Radar,508,129,60,51,748,0,79,62,1,142,508,208,122,52,890,26,0,26,916
11/15/2006,HNL,HI,AWP,WE,Towers with Radar,496,115,37,35,683,0,0,0,0,0,496,115,37,35,683,0,0,0,683
11/16/2006,HNL,HI,AWP,WE,Towers with Radar,512,130,43,40,725,0,50,126,0,176,512,180,169,40,901,14,0,14,915
11/17/2006,HNL,HI,AWP,WE,Towers with Radar,542,138,35,40,755,0,69,120,0,189,542,207,155,40,944,4,0,4,948
11/18/2006,HNL,HI,AWP,WE,Towers with Radar,519,109,60,28,716,0,54,131,2,187,519,163,191,30,903,0,0,0,903
11/19/2006,HNL,HI,AWP,WE,Towers with Radar,488,89,13,35,625,0,48,124,0,172,488,137,137,35,797,14,0,14,811
11/20/2006,HNL,HI,AWP,WE,Towers with Radar,500,147,13,26,686,0,74,97,0,171,500,221,110,26,857,0,0,0,857
11/21/2006,HNL,HI,AWP,WE,Towers with Radar,515,70,59,60,704,0,71,117,12,200,515,141,176,72,904,36,0,36,940
11/22/2006,HNL,HI,AWP,WE,Towers with Radar,535,137,47,44,763,0,112,107,2,221,535,249,154,46,984,4,0,4,988
11/23/2006,HNL,HI,AWP,WE,Towers with Radar,493,75,19,7,594,0,36,54,0,90,493,111,73,7,684,4,0,4,688
11/24/2006,HNL,HI,AWP,WE,Towers with Radar,522,133,33,5,693,0,63,141,0,204,522,196,174,5,897,8,0,8,905
11/25/2006,HNL,HI,AWP,WE,Towers with Radar,502,118,16,6,642,0,68,165,4,237,502,186,181,10,879,2,0,2,881
11/26/2006,HNL,HI,AWP,WE,Towers with Radar,492,90,17,14,613,0,82,136,0,218,492,172,153,14,831,0,0,0,831
11/27/2006,HNL,HI,AWP,WE,Towers with Radar,537,114,19,32,702,0,94,99,0,193,537,208,118,32,895,0,0,0,895
11/28/2006,HNL,HI,AWP,WE,Towers with Radar,536,107,23,41,707,0,81,104,0,185,536,188,127,41,892,0,0,0,892
11/29/2006,HNL,HI,AWP,WE,Towers with Radar,512,38,49,42,641,0,39,55,0,94,512,77,104,42,735,0,0,0,735
11/30/2006,HNL,HI,AWP,WE,Towers with Radar,518,126,33,34,711,0,44,111,0,155,518,170,144,34,866,8,0,8,874
12/01/2006,HNL,HI,AWP,WE,Towers with Radar,561,137,30,44,772,0,62,99,0,161,561,199,129,44,933,7,0,7,940
12/02/2006,HNL,HI,AWP,WE,Towers with Radar,497,129,35,64,725,0,21,50,2,73,497,150,85,66,798,0,0,0,798
12/03/2006,HNL,HI,AWP,WE,Towers with Radar,481,91,25,30,627,0,52,65,0,117,481,143,90,30,744,0,0,0,744
12/04/2006,HNL,HI,AWP,WE,Towers with Radar,507,119,56,29,711,0,76,87,0,163,507,195,143,29,874,0,0,0,874
12/05/2006,HNL,HI,AWP,WE,Towers with Radar,541,95,36,45,717,0,60,137,0,197,541,155,173,45,914,0,0,0,914
12/06/2006,HNL,HI,AWP,WE,Towers with Radar,502,113,30,38,683,0,62,119,0,181,502,175,149,38,864,0,0,0,864
12/07/2006,HNL,HI,AWP,WE,Towers with Radar,549,127,23,44,743,0,41,100,3,144,549,168,123,47,887,0,0,0,887
12/08/2006,HNL,HI,AWP,WE,Towers with Radar,549,122,71,26,768,0,58,113,0,171,549,180,184,26,939,0,0,0,939
12/09/2006,HNL,HI,AWP,WE,Towers with Radar,505,109,24,24,662,0,47,82,1,130,505,156,106,25,792,0,0,0,792
12/10/2006,HNL,HI,AWP,WE,Towers with Radar,506,77,34,25,642,0,77,108,0,185,506,154,142,25,827,0,0,0,827
12/11/2006,HNL,HI,AWP,WE,Towers with Radar,512,145,42,35,734,0,95,103,0,198,512,240,145,35,932,4,0,4,936
12/12/2006,HNL,HI,AWP,WE,Towers with Radar,544,115,35,32,726,0,90,89,0,179,544,205,124,32,905,0,0,0,905
12/13/2006,HNL,HI,AWP,WE,Towers with Radar,525,125,40,38,728,0,86,80,0,166,525,211,120,38,894,0,0,0,894
12/14/2006,HNL,HI,AWP,WE,Towers with Radar,499,136,23,42,700,0,47,112,0,159,499,183,135,42,859,6,0,6,865
12/15/2006,HNL,HI,AWP,WE,Towers with Radar,549,147,28,37,761,0,64,63,3,130,549,211,91,40,891,0,0,0,891
12/16/2006,HNL,HI,AWP,WE,Towers with Radar,510,132,40,14,696,0,55,103,4,162,510,187,143,18,858,0,0,0,858
12/17/2006,HNL,HI,AWP,WE,Towers with Radar,508,96,22,7,633,0,43,120,3,166,508,139,142,10,799,0,0,0,799
12/18/2006,HNL,HI,AWP,WE,Towers with Radar,517,156,48,22,743,0,72,102,0,174,517,228,150,22,917,0,0,0,917
12/19/2006,HNL,HI,AWP,WE,Towers with Radar,540,123,54,57,774,0,66,106,0,172,540,189,160,57,946,8,0,8,954
12/20/2006,HNL,HI,AWP,WE,Towers with Radar,551,110,34,65,760,0,71,112,2,185,551,181,146,67,945,8,0,8,953
12/21/2006,HNL,HI,AWP,WE,Towers with Radar,538,135,25,52,750,0,63,129,2,194,538,198,154,54,944,10,0,10,954
12/22/2006,HNL,HI,AWP,WE,Towers with Radar,568,151,40,21,780,0,62,148,3,213,568,213,188,24,993,4,0,4,997
12/23/2006,HNL,HI,AWP,WE,Towers with Radar,536,143,24,16,719,0,78,122,2,202,536,221,146,18,921,6,0,6,927
12/24/2006,HNL,HI,AWP,WE,Towers with Radar,481,106,23,0,610,0,45,101,2,148,481,151,124,2,758,0,0,0,758
12/25/2006,HNL,HI,AWP,WE,Towers with Radar,508,51,13,1,573,0,23,58,0,81,508,74,71,1,654,0,0,0,654
12/26/2006,HNL,HI,AWP,WE,Towers with Radar,535,96,42,18,691,0,103,114,0,217,535,199,156,18,908,8,0,8,916
12/27/2006,HNL,HI,AWP,WE,Towers with Radar,525,128,31,30,714,0,88,124,1,213,525,216,155,31,927,4,0,4,931
12/28/2006,HNL,HI,AWP,WE,Towers with Radar,523,121,40,35,719,0,34,84,0,118,523,155,124,35,837,0,0,0,837
12/29/2006,HNL,HI,AWP,WE,Towers with Radar,560,134,55,8,757,0,54,60,0,114,560,188,115,8,871,0,0,0,871
12/30/2006,HNL,HI,AWP,WE,Towers with Radar,535,115,47,9,706,0,73,166,0,239,535,188,213,9,945,0,0,0,945
12/31/2006,HNL,HI,AWP,WE,Towers with Radar,461,101,20,4,586,0,41,128,1,170,461,142,148,5,756,0,0,0,756
01/01/2007,HNL,HI,AWP,WE,Towers with Radar,474,84,26,8,592,0,47,91,0,138,474,131,117,8,730,0,0,0,730
01/02/2007,HNL,HI,AWP,WE,Towers with Radar,548,94,48,23,713,0,91,152,0,243,548,185,200,23,956,0,0,0,956
01/03/2007,HNL,HI,AWP,WE,Towers with Radar,537,116,28,47,728,0,72,116,0,188,537,188,144,47,916,0,0,0,916
01/04/2007,HNL,HI,AWP,WE,Towers with Radar,501,117,34,49,701,0,53,87,0,140,501,170,121,49,841,0,0,0,841
01/05/2007,HNL,HI,AWP,WE,Towers with Radar,540,135,53,37,765,0,58,126,0,184,540,193,179,37,949,0,0,0,949
01/06/2007,HNL,HI,AWP,WE,Towers with Radar,529,113,20,109,771,0,47,256,0,303,529,160,276,109,1074,0,0,0,1074
01/07/2007,HNL,HI,AWP,WE,Towers with Radar,515,74,31,29,649,0,45,110,0,155,515,119,141,29,804,0,0,0,804
01/08/2007,HNL,HI,AWP,WE,Towers with Radar,525,128,20,51,724,0,42,62,0,104,525,170,82,51,828,0,0,0,828
01/09/2007,HNL,HI,AWP,WE,Towers with Radar,536,105,12,50,703,0,71,75,0,146,536,176,87,50,849,8,0,8,857
01/10/2007,HNL,HI,AWP,WE,Towers with Radar,504,113,29,54,700,0,56,70,0,126,504,169,99,54,826,4,0,4,830
01/11/2007,HNL,HI,AWP,WE,Towers with Radar,504,135,24,47,710,0,61,103,0,164,504,196,127,47,874,6,0,6,880
01/12/2007,HNL,HI,AWP,WE,Towers with Radar,536,136,38,60,770,0,67,121,1,189,536,203,159,61,959,0,0,0,959
01/13/2007,HNL,HI,AWP,WE,Towers with Radar,518,110,33,25,686,0,57,103,1,161,518,167,136,26,847,0,0,0,847
01/14/2007,HNL,HI,AWP,WE,Towers with Radar,463,94,21,20,598,0,58,110,0,168,463,152,131,20,766,0,0,0,766
01/15/2007,HNL,HI,AWP,WE,Towers with Radar,517,90,41,25,673,0,81,109,0,190,517,171,150,25,863,0,0,0,863
01/16/2007,HNL,HI,AWP,WE,Towers with Radar,533,103,34,36,706,0,79,73,0,152,533,182,107,36,858,0,0,0,858
01/17/2007,HNL,HI,AWP,WE,Towers with Radar,508,115,10,55,688,0,59,96,3,158,508,174,106,58,846,0,0,0,846
01/18/2007,HNL,HI,AWP,WE,Towers with Radar,518,96,19,54,687,0,61,80,1,142,518,157,99,55,829,16,0,16,845
01/19/2007,HNL,HI,AWP,WE,Towers with Radar,535,133,20,51,739,0,60,121,0,181,535,193,141,51,920,0,0,0,920
01/20/2007,HNL,HI,AWP,WE,Towers with Radar,478,114,70,30,692,0,58,122,1,181,478,172,192,31,873,0,0,0,873
01/21/2007,HNL,HI,AWP,WE,Towers with Radar,486,88,25,26,625,0,52,125,3,180,486,140,150,29,805,13,0,13,818
01/22/2007,HNL,HI,AWP,WE,Towers with Radar,531,104,34,30,699,0,63,104,0,167,531,167,138,30,866,0,0,0,866
01/23/2007,HNL,HI,AWP,WE,Towers with Radar,532,98,34,44,708,0,46,57,0,103,532,144,91,44,811,0,0,0,811
01/24/2007,HNL,HI,AWP,WE,Towers with Radar,481,98,45,38,662,0,64,110,4,178,481,162,155,42,840,0,0,0,840
01/25/2007,HNL,HI,AWP,WE,Towers with Radar,487,130,10,36,663,0,71,112,4,187,487,201,122,40,850,0,0,0,850
01/26/2007,HNL,HI,AWP,WE,Towers with Radar,541,97,54,27,719,0,88,119,5,212,541,185,173,32,931,0,0,0,931
01/27/2007,HNL,HI,AWP,WE,Towers with Radar,487,114,19,38,658,0,53,126,2,181,487,167,145,40,839,0,0,0,839
01/28/2007,HNL,HI,AWP,WE,Towers with Radar,474,93,18,40,625,0,60,117,0,177,474,153,135,40,802,0,0,0,802
01/29/2007,HNL,HI,AWP,WE,Towers with Radar,495,84,40,24,643,0,39,41,1,81,495,123,81,25,724,0,0,0,724
01/30/2007,HNL,HI,AWP,WE,Towers with Radar,485,88,16,28,617,0,53,34,1,88,485,141,50,29,705,0,0,0,705
01/31/2007,HNL,HI,AWP,WE,Towers with Radar,461,117,6,36,620,0,65,53,0,118,461,182,59,36,738,0,0,0,738
02/01/2007,HNL,HI,AWP,WE,Towers with Radar,494,117,3,40,654,0,48,60,0,108,494,165,63,40,762,0,0,0,762
02/02/2007,HNL,HI,AWP,WE,Towers with Radar,518,131,20,34,703,0,72,111,2,185,518,203,131,36,888,0,0,0,888
02/03/2007,HNL,HI,AWP,WE,Towers with Radar,498,105,13,24,640,0,50,138,4,192,498,155,151,28,832,0,0,0,832
02/04/2007,HNL,HI,AWP,WE,Towers with Radar,506,96,11,23,636,0,52,99,0,151,506,148,110,23,787,0,0,0,787
02/05/2007,HNL,HI,AWP,WE,Towers with Radar,484,137,53,35,709,0,77,117,0,194,484,214,170,35,903,14,0,14,917
02/06/2007,HNL,HI,AWP,WE,Towers with Radar,495,102,33,44,674,0,81,90,2,173,495,183,123,46,847,3,0,3,850
02/07/2007,HNL,HI,AWP,WE,Towers with Radar,505,100,29,48,682,0,67,59,0,126,505,167,88,48,808,2,0,2,810
02/08/2007,HNL,HI,AWP,WE,Towers with Radar,522,136,22,45,725,0,45,163,0,208,522,181,185,45,933,0,0,0,933
02/09/2007,HNL,HI,AWP,WE,Towers with Radar,515,140,37,33,725,0,83,155,0,238,515,223,192,33,963,0,0,0,963
02/10/2007,HNL,HI,AWP,WE,Towers with Radar,296,109,34,60,499,0,60,140,5,205,296,169,174,65,704,2,2,4,708
02/11/2007,HNL,HI,AWP,WE,Towers with Radar,479,102,31,36,648,0,66,121,3,190,479,168,152,39,838,0,0,0,838
02/12/2007,HNL,HI,AWP,WE,Towers with Radar,504,110,21,41,676,0,81,127,0,208,504,191,148,41,884,2,0,2,886
02/13/2007,HNL,HI,AWP,WE,Towers with Radar,505,103,31,34,673,0,87,115,0,202,505,190,146,34,875,0,0,0,875
02/14/2007,HNL,HI,AWP,WE,Towers with Radar,490,104,24,60,678,0,97,130,2,229,490,201,154,62,907,0,0,0,907
02/15/2007,HNL,HI,AWP,WE,Towers with Radar,508,131,50,49,738,0,65,144,0,209,508,196,194,49,947,0,0,0,947
02/16/2007,HNL,HI,AWP,WE,Towers with Radar,532,135,53,39,759,0,72,146,0,218,532,207,199,39,977,0,0,0,977
02/17/2007,HNL,HI,AWP,WE,Towers with Radar,505,110,23,31,669,0,102,102,4,208,505,212,125,35,877,0,0,0,877
02/18/2007,HNL,HI,AWP,WE,Towers with Radar,463,96,19,22,600,0,65,70,3,138,463,161,89,25,738,0,0,0,738
02/19/2007,HNL,HI,AWP,WE,Towers with Radar,493,96,28,36,653,0,93,67,0,160,493,189,95,36,813,6,0,6,819
02/20/2007,HNL,HI,AWP,WE,Towers with Radar,530,111,29,48,718,0,71,74,0,145,530,182,103,48,863,2,0,2,865
02/21/2007,HNL,HI,AWP,WE,Towers with Radar,499,96,39,49,683,0,83,77,0,160,499,179,116,49,843,0,0,0,843
02/22/2007,HNL,HI,AWP,WE,Towers with Radar,505,108,41,52,706,0,95,78,0,173,505,203,119,52,879,2,0,2,881
02/23/2007,HNL,HI,AWP,WE,Towers with Radar,537,114,41,37,729,0,100,128,5,233,537,214,169,42,962,6,0,6,968
02/24/2007,HNL,HI,AWP,WE,Towers with Radar,488,109,24,29,650,0,71,97,0,168,488,180,121,29,818,4,0,4,822
02/25/2007,HNL,HI,AWP,WE,Towers with Radar,468,92,25,22,607,0,65,104,3,172,468,157,129,25,779,6,0,6,785
02/26/2007,HNL,HI,AWP,WE,Towers with Radar,508,108,33,34,683,0,88,104,3,195,508,196,137,37,878,2,0,2,880
02/27/2007,HNL,HI,AWP,WE,Towers with Radar,495,96,17,42,650,0,78,88,0,166,495,174,105,42,816,9,0,9,825
02/28/2007,HNL,HI,AWP,WE,Towers with Radar,522,104,43,50,719,0,78,105,0,183,522,182,148,50,902,0,0,0,902
03/01/2007,HNL,HI,AWP,WE,Towers with Radar,498,123,37,51,709,0,52,134,0,186,498,175,171,51,895,8,0,8,903
03/02/2007,HNL,HI,AWP,WE,Towers with Radar,520,139,31,40,730,0,83,161,0,244,520,222,192,40,974,4,0,4,978
03/03/2007,HNL,HI,AWP,WE,Towers with Radar,513,100,17,54,684,0,50,116,0,166,513,150,133,54,850,0,0,0,850
03/04/2007,HNL,HI,AWP,WE,Towers with Radar,481,99,37,18,635,0,67,156,0,223,481,166,193,18,858,0,0,0,858
03/05/2007,HNL,HI,AWP,WE,Towers with Radar,528,87,42,39,696,0,73,121,2,196,528,160,163,41,892,0,0,0,892
03/06/2007,HNL,HI,AWP,WE,Towers with Radar,520,90,36,50,696,0,135,74,0,209,520,225,110,50,905,0,0,0,905
03/07/2007,HNL,HI,AWP,WE,Towers with Radar,502,96,42,50,690,0,97,110,2,209,502,193,152,52,899,4,0,4,903
03/08/2007,HNL,HI,AWP,WE,Towers with Radar,495,200,29,53,777,0,57,134,9,200,495,257,163,62,977,0,0,0,977
03/09/2007,HNL,HI,AWP,WE,Towers with Radar,522,126,41,51,740,0,64,85,2,151,522,190,126,53,891,0,0,0,891
03/10/2007,HNL,HI,AWP,WE,Towers with Radar,492,111,12,23,638,0,45,83,0,128,492,156,95,23,766,0,0,0,766
03/11/2007,HNL,HI,AWP,WE,Towers with Radar,476,88,19,16,599,0,67,98,0,165,476,155,117,16,764,1,0,1,765
03/12/2007,HNL,HI,AWP,WE,Towers with Radar,504,130,33,59,726,0,64,57,3,124,504,194,90,62,850,0,0,0,850
03/13/2007,HNL,HI,AWP,WE,Towers with Radar,527,129,21,52,729,0,34,37,0,71,527,163,58,52,800,0,2,2,802
03/14/2007,HNL,HI,AWP,WE,Towers with Radar,514,130,9,41,694,0,60,72,0,132,514,190,81,41,826,0,0,0,826
03/15/2007,HNL,HI,AWP,WE,Towers with Radar,562,138,44,57,801,0,44,81,0,125,562,182,125,57,926,16,0,16,942
03/16/2007,HNL,HI,AWP,WE,Towers with Radar,569,118,29,30,746,0,60,123,0,183,569,178,152,30,929,0,0,0,929
03/17/2007,HNL,HI,AWP,WE,Towers with Radar,506,130,38,22,696,0,40,106,0,146,506,170,144,22,842,0,0,0,842
03/18/2007,HNL,HI,AWP,WE,Towers with Radar,504,119,57,11,691,0,62,98,0,160,504,181,155,11,851,2,0,2,853
03/19/2007,HNL,HI,AWP,WE,Towers with Radar,501,119,65,14,699,0,69,96,0,165,501,188,161,14,864,2,0,2,866
03/20/2007,HNL,HI,AWP,WE,Towers with Radar,524,97,41,41,703,0,84,67,1,152,524,181,108,42,855,8,0,8,863
03/21/2007,HNL,HI,AWP,WE,Towers with Radar,503,122,31,39,695,0,72,99,0,171,503,194,130,39,866,0,0,0,866
03/22/2007,HNL,HI,AWP,WE,Towers with Radar,494,144,34,41,713,0,62,126,0,188,494,206,160,41,901,0,0,0,901
03/23/2007,HNL,HI,AWP,WE,Towers with Radar,559,134,49,38,780,0,78,136,0,214,559,212,185,38,994,0,0,0,994
03/24/2007,HNL,HI,AWP,WE,Towers with Radar,496,121,28,29,674,0,69,113,4,186,496,190,141,33,860,0,0,0,860
03/25/2007,HNL,HI,AWP,WE,Towers with Radar,488,95,30,18,631,0,64,78,4,146,488,159,108,22,777,4,0,4,781
03/26/2007,HNL,HI,AWP,WE,Towers with Radar,499,138,32,46,715,0,82,95,0,177,499,220,127,46,892,0,0,0,892
03/27/2007,HNL,HI,AWP,WE,Towers with Radar,506,111,19,51,687,0,65,92,0,157,506,176,111,51,844,0,0,0,844
03/28/2007,HNL,HI,AWP,WE,Towers with Radar,521,118,27,59,725,0,77,101,1,179,521,195,128,60,904,0,0,0,904
03/29/2007,HNL,HI,AWP,WE,Towers with Radar,525,123,14,50,712,0,65,115,0,180,525,188,129,50,892,0,0,0,892
03/30/2007,HNL,HI,AWP,WE,Towers with Radar,543,138,20,50,751,0,60,112,2,174,543,198,132,52,925,0,0,0,925
03/31/2007,HNL,HI,AWP,WE,Towers with Radar,529,102,26,20,677,0,54,129,1,184,529,156,155,21,861,6,0,6,867
04/01/2007,HNL,HI,AWP,WE,Towers with Radar,487,92,17,25,621,0,63,102,1,166,487,155,119,26,787,0,0,0,787
04/02/2007,HNL,HI,AWP,WE,Towers with Radar,516,113,15,50,694,0,61,86,0,147,516,174,101,50,841,22,0,22,863
04/03/2007,HNL,HI,AWP,WE,Towers with Radar,549,72,43,44,708,0,93,76,1,170,549,165,119,45,878,0,0,0,878
04/04/2007,HNL,HI,AWP,WE,Towers with Radar,506,107,20,69,702,0,60,100,0,160,506,167,120,69,862,0,0,0,862
04/05/2007,HNL,HI,AWP,WE,Towers with Radar,513,128,33,63,737,0,65,117,0,182,513,193,150,63,919,2,0,2,921
04/06/2007,HNL,HI,AWP,WE,Towers with Radar,537,134,28,50,749,0,67,121,0,188,537,201,149,50,937,0,0,0,937
04/07/2007,HNL,HI,AWP,WE,Towers with Radar,491,121,45,22,679,0,70,103,0,173,491,191,148,22,852,0,0,0,852
04/08/2007,HNL,HI,AWP,WE,Towers with Radar,454,93,38,26,611,0,44,101,0,145,454,137,139,26,756,0,0,0,756
04/09/2007,HNL,HI,AWP,WE,Towers with Radar,512,86,54,25,677,0,73,102,3,178,512,159,156,28,855,0,0,0,855
04/10/2007,HNL,HI,AWP,WE,Towers with Radar,526,99,14,69,708,0,87,88,0,175,526,186,102,69,883,4,0,4,887
04/11/2007,HNL,HI,AWP,WE,Towers with Radar,497,115,39,71,722,0,52,96,0,148,497,167,135,71,870,0,0,0,870
04/12/2007,HNL,HI,AWP,WE,Towers with Radar,513,132,42,64,751,0,49,116,0,165,513,181,158,64,916,10,0,10,926
04/13/2007,HNL,HI,AWP,WE,Towers with Radar,545,123,35,45,748,0,54,79,0,133,545,177,114,45,881,5,0,5,886
04/14/2007,HNL,HI,AWP,WE,Towers with Radar,503,89,30,77,699,0,74,140,7,221,503,163,170,84,920,0,0,0,920
04/15/2007,HNL,HI,AWP,WE,Towers with Radar,494,74,39,21,628,0,34,110,0,144,494,108,149,21,772,0,0,0,772
04/16/2007,HNL,HI,AWP,WE,Towers with Radar,499,125,63,24,711,0,54,66,0,120,499,179,129,24,831,0,0,0,831
04/17/2007,HNL,HI,AWP,WE,Towers with Radar,502,98,45,37,682,0,85,58,1,144,502,183,103,38,826,0,0,0,826
04/18/2007,HNL,HI,AWP,WE,Towers with Radar,487,110,41,51,689,0,63,80,0,143,487,173,121,51,832,0,0,0,832
04/19/2007,HNL,HI,AWP,WE,Towers with Radar,511,123,37,48,719,0,94,65,0,159,511,217,102,48,878,0,0,0,878
04/20/2007,HNL,HI,AWP,WE,Towers with Radar,490,137,17,20,664,0,62,187,0,249,490,199,204,20,913,0,0,0,913
04/21/2007,HNL,HI,AWP,WE,Towers with Radar,492,105,28,10,635,0,60,132,0,192,492,165,160,10,827,0,0,0,827
04/22/2007,HNL,HI,AWP,WE,Towers with Radar,481,71,34,11,597,0,49,95,8,152,481,120,129,19,749,0,0,0,749
04/23/2007,HNL,HI,AWP,WE,Towers with Radar,480,100,39,47,666,0,56,68,0,124,480,156,107,47,790,6,0,6,796
04/24/2007,HNL,HI,AWP,WE,Towers with Radar,496,105,28,41,670,0,69,45,1,115,496,174,73,42,785,0,0,0,785
04/25/2007,HNL,HI,AWP,WE,Towers with Radar,476,129,33,43,681,0,54,95,1,150,476,183,128,44,831,0,0,0,831
04/26/2007,HNL,HI,AWP,WE,Towers with Radar,513,129,21,43,706,0,77,112,4,193,513,206,133,47,899,2,0,2,901
04/27/2007,HNL,HI,AWP,WE,Towers with Radar,530,137,24,43,734,0,60,116,0,176,530,197,140,43,910,6,0,6,916
04/28/2007,HNL,HI,AWP,WE,Towers with Radar,475,106,57,32,670,0,36,152,0,188,475,142,209,32,858,0,0,0,858
04/29/2007,HNL,HI,AWP,WE,Towers with Radar,464,96,19,14,593,0,37,148,5,190,464,133,167,19,783,6,0,6,789
04/30/2007,HNL,HI,AWP,WE,Towers with Radar,500,93,35,40,668,0,66,124,1,191,500,159,159,41,859,0,0,0,859
05/01/2007,HNL,HI,AWP,WE,Towers with Radar,493,93,32,48,666,4,102,105,19,230,497,195,137,67,896,0,0,0,896
05/02/2007,HNL,HI,AWP,WE,Towers with Radar,497,107,27,49,680,0,61,97,0,158,497,168,124,49,838,0,0,0,838
05/03/2007,HNL,HI,AWP,WE,Towers with Radar,502,128,21,51,702,0,42,119,2,163,502,170,140,53,865,2,0,2,867
05/04/2007,HNL,HI,AWP,WE,Towers with Radar,498,119,19,31,667,0,62,135,0,197,498,181,154,31,864,0,0,0,864
05/05/2007,HNL,HI,AWP,WE,Towers with Radar,475,112,18,62,667,0,50,126,0,176,475,162,144,62,843,0,0,0,843
05/06/2007,HNL,HI,AWP,WE,Towers with Radar,454,63,27,29,573,0,55,98,0,153,454,118,125,29,726,0,0,0,726
05/07/2007,HNL,HI,AWP,WE,Towers with Radar,477,99,40,36,652,0,68,69,0,137,477,167,109,36,789,8,0,8,797
05/08/2007,HNL,HI,AWP,WE,Towers with Radar,489,95,21,61,666,0,80,86,0,166,489,175,107,61,832,0,0,0,832
05/09/2007,HNL,HI,AWP,WE,Towers with Radar,0,0,0,0,0,481,181,115,62,839,481,181,115,62,839,0,0,0,839
05/10/2007,HNL,HI,AWP,WE,Towers with Radar,507,106,28,47,688,0,78,100,0,178,507,184,128,47,866,0,0,0,866
05/11/2007,HNL,HI,AWP,WE,Towers with Radar,502,127,44,31,704,0,66,109,0,175,502,193,153,31,879,0,0,0,879
05/12/2007,HNL,HI,AWP,WE,Towers with Radar,466,90,26,28,610,0,49,109,0,158,466,139,135,28,768,0,0,0,768
05/13/2007,HNL,HI,AWP,WE,Towers with Radar,460,79,33,22,594,0,58,101,2,161,460,137,134,24,755,0,0,0,755
05/14/2007,HNL,HI,AWP,WE,Towers with Radar,481,113,34,33,661,0,81,133,4,218,481,194,167,37,879,2,0,2,881
05/15/2007,HNL,HI,AWP,WE,Towers with Radar,499,80,12,35,626,0,145,120,11,276,499,225,132,46,902,0,0,0,902
05/16/2007,HNL,HI,AWP,WE,Towers with Radar,503,103,13,32,651,0,86,104,0,190,503,189,117,32,841,0,0,0,841
05/17/2007,HNL,HI,AWP,WE,Towers with Radar,476,135,30,42,683,0,66,146,0,212,476,201,176,42,895,6,0,6,901
05/18/2007,HNL,HI,AWP,WE,Towers with Radar,536,109,27,29,701,0,79,127,1,207,536,188,154,30,908,24,2,26,934
05/19/2007,HNL,HI,AWP,WE,Towers with Radar,488,108,38,32,666,0,59,187,3,249,488,167,225,35,915,0,0,0,915
05/20/2007,HNL,HI,AWP,WE,Towers with Radar,453,79,25,17,574,0,62,97,1,160,453,141,122,18,734,0,0,0,734
05/21/2007,HNL,HI,AWP,WE,Towers with Radar,473,123,55,31,682,0,83,95,0,178,473,206,150,31,860,0,0,0,860
05/22/2007,HNL,HI,AWP,WE,Towers with Radar,472,109,46,56,683,0,80,117,0,197,472,189,163,56,880,14,0,14,894
05/23/2007,HNL,HI,AWP,WE,Towers with Radar,488,108,36,58,690,0,130,127,0,257,488,238,163,58,947,0,0,0,947
05/24/2007,HNL,HI,AWP,WE,Towers with Radar,494,130,34,51,709,0,69,137,0,206,494,199,171,51,915,0,2,2,917
05/25/2007,HNL,HI,AWP,WE,Towers with Radar,532,137,45,34,748,0,72,130,0,202,532,209,175,34,950,2,0,2,952
05/26/2007,HNL,HI,AWP,WE,Towers with Radar,503,104,41,19,667,0,73,122,0,195,503,177,163,19,862,0,0,0,862
05/27/2007,HNL,HI,AWP,WE,Towers with Radar,458,80,40,26,604,0,84,133,3,220,458,164,173,29,824,0,0,0,824
05/28/2007,HNL,HI,AWP,WE,Towers with Radar,489,76,52,10,627,0,79,116,3,198,489,155,168,13,825,0,0,0,825
05/29/2007,HNL,HI,AWP,WE,Towers with Radar,475,116,46,39,676,0,102,115,0,217,475,218,161,39,893,14,0,14,907
05/30/2007,HNL,HI,AWP,WE,Towers with Radar,479,117,31,47,674,0,83,109,0,192,479,200,140,47,866,8,0,8,874
05/31/2007,HNL,HI,AWP,WE,Towers with Radar,507,122,37,41,707,0,71,125,0,196,507,193,162,41,903,8,0,8,911
06/01/2007,HNL,HI,AWP,WE,Towers with Radar,514,128,11,20,673,0,70,176,0,246,514,198,187,20,919,6,0,6,925
06/02/2007,HNL,HI,AWP,WE,Towers with Radar,499,100,13,21,633,0,66,106,0,172,499,166,119,21,805,0,0,0,805
06/03/2007,HNL,HI,AWP,WE,Towers with Radar,464,77,30,15,586,0,63,118,0,181,464,140,148,15,767,8,0,8,775
06/04/2007,HNL,HI,AWP,WE,Towers with Radar,504,105,11,41,661,0,79,72,0,151,504,184,83,41,812,0,0,0,812
06/05/2007,HNL,HI,AWP,WE,Towers with Radar,502,70,23,41,636,0,72,109,0,181,502,142,132,41,817,0,0,0,817
06/06/2007,HNL,HI,AWP,WE,Towers with Radar,514,90,31,35,670,0,111,88,0,199,514,201,119,35,869,6,0,6,875
06/07/2007,HNL,HI,AWP,WE,Towers with Radar,532,120,22,25,699,0,65,90,0,155,532,185,112,25,854,0,4,4,858
06/08/2007,HNL,HI,AWP,WE,Towers with Radar,533,119,13,37,702,0,63,102,0,165,533,182,115,37,867,2,0,2,869
06/09/2007,HNL,HI,AWP,WE,Towers with Radar,527,86,23,48,684,0,62,93,4,159,527,148,116,52,843,0,0,0,843
06/10/2007,HNL,HI,AWP,WE,Towers with Radar,0,0,0,0,0,477,150,136,18,781,477,150,136,18,781,0,5,5,786
06/11/2007,HNL,HI,AWP,WE,Towers with Radar,504,112,26,34,676,0,73,131,0,204,504,185,157,34,880,16,0,16,896
06/12/2007,HNL,HI,AWP,WE,Towers with Radar,532,104,20,19,675,0,93,103,2,198,532,197,123,21,873,2,0,2,875
06/13/2007,HNL,HI,AWP,WE,Towers with Radar,514,117,3,50,684,0,81,97,0,178,514,198,100,50,862,0,0,0,862
06/14/2007,HNL,HI,AWP,WE,Towers with Radar,510,115,24,51,700,0,94,114,0,208,510,209,138,51,908,6,0,6,914
06/15/2007,HNL,HI,AWP,WE,Towers with Radar,520,123,22,50,715,0,65,89,1,155,520,188,111,51,870,0,0,0,870
06/16/2007,HNL,HI,AWP,WE,Towers with Radar,504,99,22,19,644,0,53,107,0,160,504,152,129,19,804,0,0,0,804
06/17/2007,HNL,HI,AWP,WE,Towers with Radar,488,84,45,15,632,0,54,123,2,179,488,138,168,17,811,0,0,0,811
06/18/2007,HNL,HI,AWP,WE,Towers with Radar,522,117,20,50,709,0,70,139,5,214,522,187,159,55,923,0,0,0,923
06/19/2007,HNL,HI,AWP,WE,Towers with Radar,533,112,24,36,705,0,73,142,3,218,533,185,166,39,923,0,0,0,923
06/20/2007,HNL,HI,AWP,WE,Towers with Radar,535,111,21,51,718,0,90,81,0,171,535,201,102,51,889,4,0,4,893
06/21/2007,HNL,HI,AWP,WE,Towers with Radar,523,133,33,52,741,0,50,126,2,178,523,183,159,54,919,10,2,12,931
06/22/2007,HNL,HI,AWP,WE,Towers with Radar,548,129,18,29,724,0,64,131,0,195,548,193,149,29,919,10,0,10,929
06/23/2007,HNL,HI,AWP,WE,Towers with Radar,510,113,22,15,660,0,54,126,0,180,510,167,148,15,840,0,0,0,840
06/24/2007,HNL,HI,AWP,WE,Towers with Radar,464,93,23,20,600,0,46,109,2,157,464,139,132,22,757,0,0,0,757
06/25/2007,HNL,HI,AWP,WE,Towers with Radar,503,109,31,33,676,0,63,115,0,178,503,172,146,33,854,0,0,0,854
06/26/2007,HNL,HI,AWP,WE,Towers with Radar,518,114,41,30,703,0,80,110,0,190,518,194,151,30,893,0,0,0,893
06/27/2007,HNL,HI,AWP,WE,Towers with Radar,524,146,38,44,752,0,85,99,0,184,524,231,137,44,936,2,0,2,938
06/28/2007,HNL,HI,AWP,WE,Towers with Radar,526,118,31,38,713,0,81,73,2,156,526,199,104,40,869,0,0,0,869
06/29/2007,HNL,HI,AWP,WE,Towers with Radar,540,116,11,9,676,0,71,98,7,176,540,187,109,16,852,5,6,11,863
06/30/2007,HNL,HI,AWP,WE,Towers with Radar,517,109,26,23,675,0,38,73,8,119,517,147,99,31,794,0,0,0,794
07/01/2007,HNL,HI,AWP,WE,Towers with Radar,0,0,0,0,0,487,88,19,22,616,487,88,19,22,616,0,0,0,616
07/02/2007,HNL,HI,AWP,WE,Towers with Radar,513,126,36,37,712,0,75,97,0,172,513,201,133,37,884,2,0,2,886
07/03/2007,HNL,HI,AWP,WE,Towers with Radar,519,102,24,36,681,0,80,94,1,175,519,182,118,37,856,8,0,8,864
07/04/2007,HNL,HI,AWP,WE,Towers with Radar,479,105,20,22,626,0,59,98,0,157,479,164,118,22,783,2,0,2,785
07/05/2007,HNL,HI,AWP,WE,Towers with Radar,519,129,35,37,720,0,64,119,2,185,519,193,154,39,905,4,0,4,909
07/06/2007,HNL,HI,AWP,WE,Towers with Radar,288,62,7,14,371,271,124,150,6,551,559,186,157,20,922,2,2,4,926
07/07/2007,HNL,HI,AWP,WE,Towers with Radar,513,103,27,56,699,0,61,118,5,184,513,164,145,61,883,4,0,4,887
07/08/2007,HNL,HI,AWP,WE,Towers with Radar,498,75,19,22,614,0,69,108,0,177,498,144,127,22,791,0,0,0,791
07/09/2007,HNL,HI,AWP,WE,Towers with Radar,499,94,26,28,647,0,67,107,0,174,499,161,133,28,821,0,0,0,821
07/10/2007,HNL,HI,AWP,WE,Towers with Radar,531,104,25,38,698,0,81,99,16,196,531,185,124,54,894,0,0,0,894
07/11/2007,HNL,HI,AWP,WE,Towers with Radar,519,115,23,52,709,0,80,94,0,174,519,195,117,52,883,0,0,0,883
07/12/2007,HNL,HI,AWP,WE,Towers with Radar,515,124,23,67,729,0,77,149,0,226,515,201,172,67,955,0,0,0,955
07/13/2007,HNL,HI,AWP,WE,Towers with Radar,555,135,19,46,755,0,82,123,1,206,555,217,142,47,961,0,0,0,961
07/14/2007,HNL,HI,AWP,WE,Towers with Radar,518,111,24,24,677,0,42,93,0,135,518,153,117,24,812,0,2,2,814
07/15/2007,HNL,HI,AWP,WE,Towers with Radar,0,0,0,0,0,475,173,148,31,827,475,173,148,31,827,0,2,2,829
07/16/2007,HNL,HI,AWP,WE,Towers with Radar,543,127,22,45,737,0,96,106,3,205,543,223,128,48,942,0,0,0,942
07/17/2007,HNL,HI,AWP,WE,Towers with Radar,531,109,35,45,720,0,91,114,3,208,531,200,149,48,928,0,0,0,928
07/18/2007,HNL,HI,AWP,WE,Towers with Radar,515,128,19,33,695,0,80,143,4,227,515,208,162,37,922,36,0,36,958
07/19/2007,HNL,HI,AWP,WE,Towers with Radar,525,139,13,49,726,0,63,87,0,150,525,202,100,49,876,4,0,4,880
07/20/2007,HNL,HI,AWP,WE,Towers with Radar,563,107,14,55,739,0,100,100,0,200,563,207,114,55,939,20,0,20,959
07/21/2007,HNL,HI,AWP,WE,Towers with Radar,533,88,25,20,666,0,69,117,2,188,533,157,142,22,854,0,0,0,854
07/22/2007,HNL,HI,AWP,WE,Towers with Radar,0,0,0,0,0,475,150,94,24,743,475,150,94,24,743,0,0,0,743
07/23/2007,HNL,HI,AWP,WE,Towers with Radar,528,101,25,38,692,0,77,111,0,188,528,178,136,38,880,2,0,2,882
07/24/2007,HNL,HI,AWP,WE,Towers with Radar,540,106,24,40,710,0,108,123,0,231,540,214,147,40,941,0,0,0,941
07/25/2007,HNL,HI,AWP,WE,Towers with Radar,526,121,39,44,730,0,60,117,28,205,526,181,156,72,935,0,0,0,935
07/26/2007,HNL,HI,AWP,WE,Towers with Radar,526,136,31,55,748,0,100,125,0,225,526,236,156,55,973,0,0,0,973
07/27/2007,HNL,HI,AWP,WE,Towers with Radar,540,121,26,35,722,0,0,0,0,0,540,121,26,35,722,0,0,0,722
07/28/2007,HNL,HI,AWP,WE,Towers with Radar,0,0,0,0,0,504,197,196,16,913,504,197,196,16,913,0,0,0,913
07/29/2007,HNL,HI,AWP,WE,Towers with Radar,476,92,29,10,607,0,64,134,1,199,476,156,163,11,806,0,0,0,806
07/30/2007,HNL,HI,AWP,WE,Towers with Radar,536,117,20,30,703,0,77,116,3,196,536,194,136,33,899,0,0,0,899
07/31/2007,HNL,HI,AWP,WE,Towers with Radar,513,134,32,47,726,0,71,127,1,199,513,205,159,48,925,0,0,0,925
08/01/2007,HNL,HI,AWP,WE,Towers with Radar,513,112,36,52,713,0,63,116,8,187,513,175,152,60,900,0,0,0,900
08/02/2007,HNL,HI,AWP,WE,Towers with Radar,541,123,37,43,744,0,78,126,0,204,541,201,163,43,948,6,0,6,954
08/03/2007,HNL,HI,AWP,WE,Towers with Radar,547,135,36,51,769,0,78,127,0,205,547,213,163,51,974,0,0,0,974
08/04/2007,HNL,HI,AWP,WE,Towers with Radar,503,122,19,56,700,0,77,146,5,228,503,199,165,61,928,0,0,0,928
08/05/2007,HNL,HI,AWP,WE,Towers with Radar,0,0,0,0,0,463,181,109,27,780,463,181,109,27,780,0,0,0,780
08/06/2007,HNL,HI,AWP,WE,Towers with Radar,516,114,19,30,679,0,92,128,4,224,516,206,147,34,903,0,0,0,903
08/07/2007,HNL,HI,AWP,WE,Towers with Radar,524,107,19,23,673,0,103,123,3,229,524,210,142,26,902,0,0,0,902
08/08/2007,HNL,HI,AWP,WE,Towers with Radar,539,99,25,34,697,0,139,154,0,293,539,238,179,34,990,0,0,0,990
08/09/2007,HNL,HI,AWP,WE,Towers with Radar,526,131,13,34,704,0,110,113,0,223,526,241,126,34,927,0,0,0,927
08/10/2007,HNL,HI,AWP,WE,Towers with Radar,536,129,28,40,733,0,115,109,3,227,536,244,137,43,960,0,0,0,960
08/11/2007,HNL,HI,AWP,WE,Towers with Radar,524,99,23,19,665,0,76,163,0,239,524,175,186,19,904,0,8,8,912
08/12/2007,HNL,HI,AWP,WE,Towers with Radar,471,96,30,41,638,0,75,121,1,197,471,171,151,42,835,9,0,9,844
08/13/2007,HNL,HI,AWP,WE,Towers with Radar,521,98,24,43,686,0,99,119,0,218,521,197,143,43,904,0,0,0,904
08/14/2007,HNL,HI,AWP,WE,Towers with Radar,541,87,21,50,699,0,95,79,0,174,541,182,100,50,873,0,0,0,873
08/15/2007,HNL,HI,AWP,WE,Towers with Radar,531,109,24,43,707,0,24,39,0,63,531,133,63,43,770,0,0,0,770
08/16/2007,HNL,HI,AWP,WE,Towers with Radar,540,127,30,54,751,0,111,110,2,223,540,238,140,56,974,0,0,0,974
08/17/2007,HNL,HI,AWP,WE,Towers with Radar,503,101,33,40,677,0,107,115,1,223,503,208,148,41,900,0,0,0,900
08/18/2007,HNL,HI,AWP,WE,Towers with Radar,0,0,0,0,0,529,133,158,17,837,529,133,158,17,837,0,0,0,837
08/19/2007,HNL,HI,AWP,WE,Towers with Radar,0,0,0,0,0,495,158,175,22,850,495,158,175,22,850,0,0,0,850
08/20/2007,HNL,HI,AWP,WE,Towers with Radar,515,106,27,42,690,0,77,137,0,214,515,183,164,42,904,0,0,0,904
08/21/2007,HNL,HI,AWP,WE,Towers with Radar,526,98,32,43,699,0,87,116,0,203,526,185,148,43,902,0,0,0,902
08/22/2007,HNL,HI,AWP,WE,Towers with Radar,532,97,7,50,686,0,76,139,0,215,532,173,146,50,901,0,0,0,901
08/23/2007,HNL,HI,AWP,WE,Towers with Radar,519,107,26,46,698,0,114,119,0,233,519,221,145,46,931,0,0,0,931
08/24/2007,HNL,HI,AWP,WE,Towers with Radar,536,117,35,39,727,0,91,111,0,202,536,208,146,39,929,0,0,0,929
08/25/2007,HNL,HI,AWP,WE,Towers with Radar,498,113,22,12,645,0,39,124,0,163,498,152,146,12,808,0,0,0,808
08/26/2007,HNL,HI,AWP,WE,Towers with Radar,509,99,48,19,675,0,68,98,0,166,509,167,146,19,841,0,0,0,841
08/27/2007,HNL,HI,AWP,WE,Towers with Radar,500,118,16,15,649,0,92,125,0,217,500,210,141,15,866,0,0,0,866
08/28/2007,HNL,HI,AWP,WE,Towers with Radar,513,103,34,37,687,0,84,122,0,206,513,187,156,37,893,0,0,0,893
08/29/2007,HNL,HI,AWP,WE,Towers with Radar,493,117,22,50,682,0,97,89,0,186,493,214,111,50,868,6,0,6,874
08/30/2007,HNL,HI,AWP,WE,Towers with Radar,515,114,16,48,693,0,81,67,0,148,515,195,83,48,841,10,0,10,851
08/31/2007,HNL,HI,AWP,WE,Towers with Radar,536,114,22,38,710,0,0,0,0,0,536,114,22,38,710,0,0,0,710
09/01/2007,HNL,HI,AWP,WE,Towers with Radar,507,106,29,22,664,0,72,110,5,187,507,178,139,27,851,2,0,2,853
09/02/2007,HNL,HI,AWP,WE,Towers with Radar,0,0,0,0,0,460,112,111,24,707,460,112,111,24,707,0,0,0,707
09/03/2007,HNL,HI,AWP,WE,Towers with Radar,496,65,21,20,602,0,82,82,0,164,496,147,103,20,766,0,0,0,766
09/04/2007,HNL,HI,AWP,WE,Towers with Radar,471,128,28,51,678,0,110,109,1,220,471,238,137,52,898,0,0,0,898
09/05/2007,HNL,HI,AWP,WE,Towers with Radar,494,95,14,48,651,0,105,83,0,188,494,200,97,48,839,0,0,0,839
09/06/2007,HNL,HI,AWP,WE,Towers with Radar,481,18,18,44,561,0,97,69,0,166,481,115,87,44,727,4,4,8,735
09/07/2007,HNL,HI,AWP,WE,Towers with Radar,497,121,18,86,722,0,90,84,0,174,497,211,102,86,896,10,0,10,906
09/08/2007,HNL,HI,AWP,WE,Towers with Radar,464,101,17,53,635,0,0,0,0,0,464,101,17,53,635,0,2,2,637
09/09/2007,HNL,HI,AWP,WE,Towers with Radar,438,77,17,38,570,0,80,117,0,197,438,157,134,38,767,0,0,0,767
09/10/2007,HNL,HI,AWP,WE,Towers with Radar,475,118,28,33,654,0,70,93,11,174,475,188,121,44,828,0,0,0,828
09/11/2007,HNL,HI,AWP,WE,Towers with Radar,485,112,34,52,683,0,75,113,12,200,485,187,147,64,883,0,0,0,883
09/12/2007,HNL,HI,AWP,WE,Towers with Radar,483,95,38,82,698,0,102,81,0,183,483,197,119,82,881,14,0,14,895
09/13/2007,HNL,HI,AWP,WE,Towers with Radar,478,102,29,82,691,0,73,80,2,155,478,175,109,84,846,0,6,6,852
09/14/2007,HNL,HI,AWP,WE,Towers with Radar,500,122,21,59,702,0,0,0,0,0,500,122,21,59,702,0,0,0,702
09/15/2007,HNL,HI,AWP,WE,Towers with Radar,460,116,17,22,615,0,32,82,11,125,460,148,99,33,740,6,0,6,746
09/16/2007,HNL,HI,AWP,WE,Towers with Radar,455,86,16,19,576,0,58,115,0,173,455,144,131,19,749,0,0,0,749
09/17/2007,HNL,HI,AWP,WE,Towers with Radar,489,101,32,57,679,0,84,88,0,172,489,185,120,57,851,10,0,10,861
09/18/2007,HNL,HI,AWP,WE,Towers with Radar,483,103,22,50,658,0,84,81,2,167,483,187,103,52,825,0,0,0,825
09/19/2007,HNL,HI,AWP,WE,Towers with Radar,508,112,23,40,683,0,67,101,0,168,508,179,124,40,851,2,0,2,853
09/20/2007,HNL,HI,AWP,WE,Towers with Radar,482,108,22,41,653,0,64,86,4,154,482,172,108,45,807,0,0,0,807
09/21/2007,HNL,HI,AWP,WE,Towers with Radar,497,120,48,32,697,0,0,0,0,0,497,120,48,32,697,0,0,0,697
09/22/2007,HNL,HI,AWP,WE,Towers with Radar,468,98,41,20,627,0,61,142,10,213,468,159,183,30,840,2,0,2,842
09/23/2007,HNL,HI,AWP,WE,Towers with Radar,0,0,0,0,0,442,142,129,24,737,442,142,129,24,737,0,0,0,737
09/24/2007,HNL,HI,AWP,WE,Towers with Radar,464,106,19,26,615,0,91,99,2,192,464,197,118,28,807,4,0,4,811
09/25/2007,HNL,HI,AWP,WE,Towers with Radar,469,103,20,39,631,0,92,101,2,195,469,195,121,41,826,0,0,0,826
09/26/2007,HNL,HI,AWP,WE,Towers with Radar,474,119,29,33,655,0,73,96,0,169,474,192,125,33,824,0,0,0,824
09/27/2007,HNL,HI,AWP,WE,Towers with Radar,482,126,28,29,665,0,0,0,0,0,482,126,28,29,665,32,0,32,697
09/28/2007,HNL,HI,AWP,WE,Towers with Radar,521,119,31,36,707,0,0,0,0,0,521,119,31,36,707,0,0,0,707
09/29/2007,HNL,HI,AWP,WE,Towers with Radar,487,121,34,14,656,0,47,139,2,188,487,168,173,16,844,0,0,0,844
09/30/2007,HNL,HI,AWP,WE,Towers with Radar,422,104,31,15,572,0,50,90,1,141,422,154,121,16,713,0,0,0,713
10/01/2007,HNL,HI,AWP,WE,Towers with Radar,482,129,44,34,689,0,62,114,0,176,489,194,158,34,875,0,0,0,882
10/02/2007,HNL,HI,AWP,WE,Towers with Radar,480,115,25,38,658,0,93,82,0,175,480,213,107,38,838,2,0,2,849
10/03/2007,HNL,HI,AWP,WE,Towers with Radar,448,100,24,41,613,0,67,116,0,183,454,170,140,41,805,0,0,0,820
10/04/2007,HNL,HI,AWP,WE,Towers with Radar,480,125,34,46,685,0,0,0,0,0,481,129,34,46,690,16,0,16,754
10/05/2007,HNL,HI,AWP,WE,Towers with Radar,504,134,42,20,700,0,0,0,0,0,505,140,42,20,707,6,0,6,732
10/06/2007,HNL,HI,AWP,WE,Towers with Radar,484,194,163,25,866,0,0,0,0,0,484,194,163,25,866,0,0,0,866
10/07/2007,HNL,HI,AWP,WE,Towers with Radar,449,145,128,27,749,0,0,0,0,0,449,145,128,27,749,0,0,0,749
10/08/2007,HNL,HI,AWP,WE,Towers with Radar,488,92,25,22,627,0,84,138,0,222,493,180,163,22,858,4,0,4,867
10/09/2007,HNL,HI,AWP,WE,Towers with Radar,480,119,57,45,701,0,88,107,2,197,486,207,164,47,904,0,0,0,914
10/10/2007,HNL,HI,AWP,WE,Towers with Radar,462,85,47,52,646,0,100,87,0,187,467,189,134,52,842,0,0,0,855
10/11/2007,HNL,HI,AWP,WE,Towers with Radar,484,114,36,40,674,0,91,78,3,172,489,207,114,43,853,12,0,12,889
10/12/2007,HNL,HI,AWP,WE,Towers with Radar,508,122,32,22,684,0,0,0,0,0,511,128,32,22,693,0,0,0,712
10/13/2007,HNL,HI,AWP,WE,Towers with Radar,476,122,32,37,667,0,68,92,0,160,481,205,124,37,847,0,0,0,866
10/14/2007,HNL,HI,AWP,WE,Towers with Radar,440,89,21,42,592,0,64,78,8,150,445,156,99,50,750,0,0,0,760
10/15/2007,HNL,HI,AWP,WE,Towers with Radar,474,99,37,47,657,0,64,127,2,193,481,166,164,49,860,0,0,0,872
10/16/2007,HNL,HI,AWP,WE,Towers with Radar,482,108,43,34,667,0,82,90,5,177,486,196,133,39,854,0,0,0,881
10/17/2007,HNL,HI,AWP,WE,Towers with Radar,474,111,30,42,657,0,85,126,26,237,477,196,156,68,897,8,2,10,924
10/18/2007,HNL,HI,AWP,WE,Towers with Radar,475,106,36,53,670,0,72,96,0,168,480,183,132,53,848,4,0,4,886
10/19/2007,HNL,HI,AWP,WE,Towers with Radar,498,126,35,31,690,0,0,0,0,0,500,128,35,31,694,8,0,8,714
10/20/2007,HNL,HI,AWP,WE,Towers with Radar,459,105,35,13,612,0,57,131,0,188,463,166,166,13,808,6,0,6,816
10/21/2007,HNL,HI,AWP,WE,Towers with Radar,429,160,141,20,750,0,0,0,0,0,429,160,141,20,750,4,0,4,754
10/22/2007,HNL,HI,AWP,WE,Towers with Radar,474,96,27,33,630,0,104,103,0,207,476,203,130,33,842,10,0,10,859
10/23/2007,HNL,HI,AWP,WE,Towers with Radar,463,120,35,51,669,0,98,87,0,185,468,220,122,51,861,4,0,4,877
10/24/2007,HNL,HI,AWP,WE,Towers with Radar,451,113,32,44,640,0,87,86,0,173,457,201,118,44,820,6,0,6,849
10/25/2007,HNL,HI,AWP,WE,Towers with Radar,490,99,38,32,659,0,68,99,2,169,494,167,137,34,832,0,0,0,846
10/26/2007,HNL,HI,AWP,WE,Towers with Radar,491,104,40,31,666,0,0,0,0,0,496,106,40,31,673,0,0,0,676
10/27/2007,HNL,HI,AWP,WE,Towers with Radar,464,107,22,26,619,0,67,111,0,178,469,178,133,26,806,1,0,1,818
10/28/2007,HNL,HI,AWP,WE,Towers with Radar,439,87,22,17,565,0,57,81,2,140,445,145,103,19,712,4,0,4,720
10/29/2007,HNL,HI,AWP,WE,Towers with Radar,471,116,34,40,661,0,52,89,1,142,476,168,123,41,808,4,0,4,824
10/30/2007,HNL,HI,AWP,WE,Towers with Radar,457,110,25,27,619,0,80,68,1,149,460,191,93,28,772,0,0,0,784
10/31/2007,HNL,HI,AWP,WE,Towers with Radar,482,113,27,35,657,0,53,56,0,109,489,167,83,35,774,8,0,8,790
11/01/2007,HNL,HI,AWP,WE,Towers with Radar,487,117,27,44,675,0,47,83,2,132,494,171,110,46,821,2,0,2,841
11/02/2007,HNL,HI,AWP,WE,Towers with Radar,493,121,21,26,661,0,57,133,0,190,496,179,154,26,855,0,0,0,882
11/03/2007,HNL,HI,AWP,WE,Towers with Radar,486,127,20,39,672,0,64,108,1,173,490,195,128,40,853,0,0,0,859
11/04/2007,HNL,HI,AWP,WE,Towers with Radar,449,108,10,17,584,0,3,6,0,9,452,115,16,17,600,0,0,0,600
11/05/2007,HNL,HI,AWP,WE,Towers with Radar,491,101,24,36,652,0,65,58,0,123,493,173,82,36,784,8,2,10,803
11/06/2007,HNL,HI,AWP,WE,Towers with Radar,489,93,25,24,631,0,103,81,0,184,489,197,106,24,816,0,0,0,837
11/07/2007,HNL,HI,AWP,WE,Towers with Radar,489,130,24,29,672,0,83,108,0,191,494,213,132,29,868,0,0,0,895
11/08/2007,HNL,HI,AWP,WE,Towers with Radar,512,110,39,22,683,0,95,104,2,201,518,208,143,24,893,6,0,6,918
11/09/2007,HNL,HI,AWP,WE,Towers with Radar,527,121,33,28,709,0,0,0,0,0,531,127,33,28,719,0,0,0,740
11/10/2007,HNL,HI,AWP,WE,Towers with Radar,497,101,37,16,651,0,68,101,0,169,497,171,138,16,822,8,0,8,836
11/11/2007,HNL,HI,AWP,WE,Towers with Radar,473,90,25,28,616,0,74,92,2,168,479,168,117,30,794,0,0,0,803
11/12/2007,HNL,HI,AWP,WE,Towers with Radar,487,90,25,16,618,0,79,110,6,195,492,171,135,22,820,6,0,6,827
11/13/2007,HNL,HI,AWP,WE,Towers with Radar,485,125,60,23,693,4,90,90,0,184,493,217,150,23,883,4,0,4,910
11/14/2007,HNL,HI,AWP,WE,Towers with Radar,495,90,18,35,638,0,90,102,0,192,498,181,120,35,834,16,0,16,858
11/15/2007,HNL,HI,AWP,WE,Towers with Radar,502,96,45,39,682,0,85,87,0,172,509,187,132,39,867,14,0,14,895
11/16/2007,HNL,HI,AWP,WE,Towers with Radar,516,122,15,19,672,0,73,103,1,177,520,198,118,20,856,6,0,6,875
11/17/2007,HNL,HI,AWP,WE,Towers with Radar,482,94,33,22,631,0,74,104,5,183,487,174,137,27,825,0,0,0,829
11/18/2007,HNL,HI,AWP,WE,Towers with Radar,469,109,17,11,606,0,59,103,1,163,473,168,120,12,773,0,0,0,776
11/19/2007,HNL,HI,AWP,WE,Towers with Radar,483,115,36,23,657,0,57,126,0,183,489,174,162,23,848,0,0,0,860
11/20/2007,HNL,HI,AWP,WE,Towers with Radar,495,116,41,19,671,0,79,119,0,198,500,198,160,19,877,4,0,4,896
11/21/2007,HNL,HI,AWP,WE,Towers with Radar,508,106,25,9,648,0,98,103,0,201,512,207,128,9,856,0,0,0,863
11/22/2007,HNL,HI,AWP,WE,Towers with Radar,464,75,11,7,557,0,44,48,1,93,469,125,59,8,661,8,0,8,671
11/23/2007,HNL,HI,AWP,WE,Towers with Radar,507,125,29,7,668,0,0,0,0,0,510,125,29,7,671,0,0,0,673
11/24/2007,HNL,HI,AWP,WE,Towers with Radar,474,102,24,13,613,0,63,121,1,185,479,168,145,14,806,0,0,0,813
11/25/2007,HNL,HI,AWP,WE,Towers with Radar,448,164,118,13,743,0,0,0,0,0,448,164,118,13,743,4,0,4,747
11/26/2007,HNL,HI,AWP,WE,Towers with Radar,506,111,35,15,667,0,86,154,0,240,510,199,189,15,913,4,0,4,932
11/27/2007,HNL,HI,AWP,WE,Towers with Radar,497,109,36,26,668,0,45,127,9,181,502,154,163,35,854,4,2,6,866
11/28/2007,HNL,HI,AWP,WE,Towers with Radar,492,128,16,26,662,0,54,46,0,100,496,182,62,26,766,0,0,0,769
11/29/2007,HNL,HI,AWP,WE,Towers with Radar,498,113,34,34,679,0,61,93,17,171,503,176,127,51,857,8,0,8,887
11/30/2007,HNL,HI,AWP,WE,Towers with Radar,508,129,30,30,697,0,0,0,0,0,511,130,30,30,701,0,0,0,717
12/01/2007,HNL,HI,AWP,WE,Towers with Radar,468,115,9,20,612,4,42,111,6,163,476,157,120,26,779,0,0,0,784
12/02/2007,HNL,HI,AWP,WE,Towers with Radar,412,91,20,21,544,0,21,31,1,53,416,112,51,22,601,2,0,2,606
12/03/2007,HNL,HI,AWP,WE,Towers with Radar,488,134,37,14,673,0,47,106,0,153,493,181,143,14,831,0,0,0,848
12/04/2007,HNL,HI,AWP,WE,Towers with Radar,485,115,18,32,650,0,38,29,0,67,489,155,47,32,723,0,0,0,733
12/05/2007,HNL,HI,AWP,WE,Towers with Radar,468,91,8,29,596,0,25,28,0,53,471,116,36,29,652,0,0,0,660
12/06/2007,HNL,HI,AWP,WE,Towers with Radar,521,140,12,30,703,0,41,59,1,101,525,181,71,31,808,0,0,0,815
12/07/2007,HNL,HI,AWP,WE,Towers with Radar,541,156,25,24,746,0,29,30,0,59,545,185,55,24,809,0,0,0,816
12/08/2007,HNL,HI,AWP,WE,Towers with Radar,519,112,15,23,669,0,81,96,1,178,522,194,111,24,851,0,0,0,856
12/09/2007,HNL,HI,AWP,WE,Towers with Radar,504,91,11,20,626,0,60,81,4,145,508,156,92,24,780,0,0,0,785
12/10/2007,HNL,HI,AWP,WE,Towers with Radar,498,124,31,30,683,0,79,133,0,212,501,205,164,30,900,4,2,6,918
12/11/2007,HNL,HI,AWP,WE,Towers with Radar,501,114,32,46,693,0,0,0,0,0,501,114,32,46,693,0,0,0,693
12/12/2007,HNL,HI,AWP,WE,Towers with Radar,535,126,23,30,714,0,62,80,0,142,541,189,103,30,863,8,0,8,895
12/13/2007,HNL,HI,AWP,WE,Towers with Radar,537,116,21,42,716,0,61,87,0,148,540,177,108,42,867,0,0,0,886
12/14/2007,HNL,HI,AWP,WE,Towers with Radar,544,126,39,27,736,0,96,73,3,172,550,223,112,30,915,0,0,0,925
12/15/2007,HNL,HI,AWP,WE,Towers with Radar,500,113,31,23,667,0,45,73,1,119,506,164,104,24,798,0,0,0,800
12/16/2007,HNL,HI,AWP,WE,Towers with Radar,483,92,19,21,615,0,41,68,0,109,486,134,87,21,728,0,0,0,733
12/17/2007,HNL,HI,AWP,WE,Towers with Radar,514,121,33,33,701,0,80,108,1,189,520,202,141,34,897,0,2,2,914
12/18/2007,HNL,HI,AWP,WE,Towers with Radar,518,125,50,44,737,0,81,84,0,165,521,214,134,44,913,0,0,0,939
12/19/2007,HNL,HI,AWP,WE,Towers with Radar,506,128,41,36,711,0,92,94,0,186,511,228,135,36,910,12,0,12,939
12/20/2007,HNL,HI,AWP,WE,Towers with Radar,517,122,27,37,703,0,0,0,0,0,522,126,27,37,712,6,0,6,757
12/21/2007,HNL,HI,AWP,WE,Towers with Radar,574,138,40,16,768,0,0,0,0,0,580,139,40,16,775,4,0,4,788
12/22/2007,HNL,HI,AWP,WE,Towers with Radar,488,119,53,21,681,0,51,109,2,162,492,173,162,23,850,12,0,12,865
12/23/2007,HNL,HI,AWP,WE,Towers with Radar,460,168,92,4,724,0,0,0,0,0,460,168,92,4,724,0,0,0,724
12/24/2007,HNL,HI,AWP,WE,Towers with Radar,488,114,2,6,610,0,70,93,0,163,492,185,95,6,778,0,0,0,783
12/25/2007,HNL,HI,AWP,WE,Towers with Radar,453,75,12,1,541,0,26,30,0,56,455,101,42,1,599,0,0,0,600
12/26/2007,HNL,HI,AWP,WE,Towers with Radar,474,120,33,22,649,0,0,0,0,0,480,122,33,22,657,0,0,0,668
12/27/2007,HNL,HI,AWP,WE,Towers with Radar,488,106,46,32,672,0,0,0,0,0,491,107,46,32,676,4,0,4,685
12/28/2007,HNL,HI,AWP,WE,Towers with Radar,548,115,22,17,702,0,0,0,0,0,553,122,22,17,714,0,0,0,716
12/29/2007,HNL,HI,AWP,WE,Towers with Radar,514,102,47,9,672,0,59,128,0,187,517,169,175,9,870,6,0,6,885
12/30/2007,HNL,HI,AWP,WE,Towers with Radar,482,159,139,10,790,0,0,0,0,0,482,159,139,10,790,0,0,0,790
12/31/2007,HNL,HI,AWP,WE,Towers with Radar,497,122,12,9,640,0,54,105,0,159,506,181,117,9,813,4,0,4,821
01/01/2008,HNL,HI,AWP,WE,Towers with Radar,461,73,24,5,563,0,49,78,0,127,462,122,102,5,691,0,0,0,691
01/02/2008,HNL,HI,AWP,WE,Towers with Radar,530,119,37,26,712,0,56,78,0,134,533,176,115,26,850,0,0,0,859
01/03/2008,HNL,HI,AWP,WE,Towers with Radar,510,123,47,33,713,0,0,0,0,0,516,123,47,33,719,0,0,0,735
01/04/2008,HNL,HI,AWP,WE,Towers with Radar,546,118,36,23,723,0,0,0,0,0,550,123,36,23,732,0,0,0,747
01/05/2008,HNL,HI,AWP,WE,Towers with Radar,511,104,52,16,683,0,69,118,4,191,518,177,170,20,885,2,0,2,895
01/06/2008,HNL,HI,AWP,WE,Towers with Radar,461,87,29,25,602,0,80,107,0,187,468,168,136,25,797,0,0,0,806
01/07/2008,HNL,HI,AWP,WE,Towers with Radar,493,107,24,52,676,0,92,106,0,198,497,200,130,52,879,0,8,8,915
01/08/2008,HNL,HI,AWP,WE,Towers with Radar,485,125,46,44,700,0,77,99,7,183,489,202,145,51,887,8,0,8,908
01/09/2008,HNL,HI,AWP,WE,Towers with Radar,488,107,19,64,678,0,85,110,0,195,492,194,129,64,879,4,0,4,906
01/10/2008,HNL,HI,AWP,WE,Towers with Radar,491,119,36,101,747,0,75,76,0,151,494,204,112,101,911,0,0,0,941
01/11/2008,HNL,HI,AWP,WE,Towers with Radar,499,119,32,74,724,0,0,0,0,0,502,121,32,74,729,0,0,0,745
01/12/2008,HNL,HI,AWP,WE,Towers with Radar,479,117,34,34,664,0,63,89,3,155,481,180,123,37,821,6,0,6,827
01/13/2008,HNL,HI,AWP,WE,Towers with Radar,456,116,21,29,622,0,47,76,2,125,459,163,97,31,750,0,0,0,752
01/14/2008,HNL,HI,AWP,WE,Towers with Radar,488,123,32,99,742,0,78,76,0,154,489,202,108,99,898,0,0,0,917
01/15/2008,HNL,HI,AWP,WE,Towers with Radar,472,118,31,94,715,0,79,99,3,181,474,203,130,97,904,0,0,0,925
01/16/2008,HNL,HI,AWP,WE,Towers with Radar,489,113,42,87,731,0,59,145,0,204,492,174,187,87,940,0,0,0,957
01/17/2008,HNL,HI,AWP,WE,Towers with Radar,473,129,21,68,691,0,69,107,0,176,476,229,128,68,901,0,0,0,934
01/18/2008,HNL,HI,AWP,WE,Towers with Radar,512,132,24,56,724,0,88,141,0,229,514,222,165,56,957,8,0,8,978
01/19/2008,HNL,HI,AWP,WE,Towers with Radar,478,103,57,34,672,0,77,123,1,201,479,180,180,35,874,12,0,12,890
01/20/2008,HNL,HI,AWP,WE,Towers with Radar,449,89,24,33,595,0,66,107,1,174,452,155,131,34,772,0,0,0,775
01/21/2008,HNL,HI,AWP,WE,Towers with Radar,487,104,22,25,638,0,68,98,0,166,490,174,120,25,809,0,0,0,811
01/22/2008,HNL,HI,AWP,WE,Towers with Radar,473,111,18,104,706,0,66,95,3,164,477,178,113,107,875,0,6,6,896
01/23/2008,HNL,HI,AWP,WE,Towers with Radar,463,107,24,77,671,0,60,92,7,159,466,168,116,84,834,0,2,2,867
01/24/2008,HNL,HI,AWP,WE,Towers with Radar,487,99,28,67,681,0,76,87,0,163,488,181,115,67,851,0,0,0,879
01/25/2008,HNL,HI,AWP,WE,Towers with Radar,512,129,32,54,727,0,93,73,0,166,513,230,105,54,902,0,0,0,909
01/26/2008,HNL,HI,AWP,WE,Towers with Radar,479,85,29,20,613,0,64,84,2,150,480,151,113,22,766,0,0,0,768
01/27/2008,HNL,HI,AWP,WE,Towers with Radar,446,104,36,20,606,0,50,75,2,127,450,154,111,22,737,0,0,0,741
01/28/2008,HNL,HI,AWP,WE,Towers with Radar,495,189,96,51,831,0,0,0,0,0,495,189,96,51,831,14,2,16,847
01/29/2008,HNL,HI,AWP,WE,Towers with Radar,479,104,21,86,690,0,65,51,7,123,479,235,72,93,879,0,0,0,954
01/30/2008,HNL,HI,AWP,WE,Towers with Radar,491,112,19,79,701,0,68,52,7,127,495,183,71,86,835,0,0,0,850
01/31/2008,HNL,HI,AWP,WE,Towers with Radar,496,140,40,72,748,0,81,69,12,162,497,223,109,84,913,0,0,0,936
02/01/2008,HNL,HI,AWP,WE,Towers with Radar,508,129,28,57,722,0,64,143,11,218,511,195,171,68,945,0,0,0,946
02/02/2008,HNL,HI,AWP,WE,Towers with Radar,488,120,18,37,663,0,57,51,14,122,490,234,69,51,844,0,0,0,915
02/03/2008,HNL,HI,AWP,WE,Towers with Radar,438,100,20,25,583,0,36,64,0,100,440,137,84,25,686,0,0,0,688
02/04/2008,HNL,HI,AWP,WE,Towers with Radar,485,96,10,56,647,4,95,46,34,179,493,205,56,90,844,0,4,4,868
02/05/2008,HNL,HI,AWP,WE,Towers with Radar,483,125,18,53,679,3,68,44,54,169,489,193,62,107,851,4,0,4,879
02/06/2008,HNL,HI,AWP,WE,Towers with Radar,476,117,13,54,660,0,90,85,12,187,478,212,98,66,854,0,2,2,880
02/07/2008,HNL,HI,AWP,WE,Towers with Radar,504,100,18,78,700,0,107,79,0,186,506,210,97,78,891,8,0,8,914
02/08/2008,HNL,HI,AWP,WE,Towers with Radar,514,115,34,39,702,0,0,0,0,0,515,118,34,39,706,0,0,0,714
02/09/2008,HNL,HI,AWP,WE,Towers with Radar,482,111,27,45,665,0,59,125,2,186,484,173,152,47,856,3,0,3,864
02/10/2008,HNL,HI,AWP,WE,Towers with Radar,446,105,20,32,603,0,58,98,8,164,450,164,118,40,772,0,0,0,774
02/11/2008,HNL,HI,AWP,WE,Towers with Radar,481,90,29,54,654,3,92,113,30,238,487,183,142,84,896,4,2,6,924
02/12/2008,HNL,HI,AWP,WE,Towers with Radar,497,110,21,66,694,4,102,116,51,273,505,216,137,117,975,0,2,2,1026
02/13/2008,HNL,HI,AWP,WE,Towers with Radar,515,131,29,56,731,0,65,111,1,177,522,200,140,57,919,10,2,12,951
02/14/2008,HNL,HI,AWP,WE,Towers with Radar,497,140,20,57,714,0,79,104,1,184,500,221,124,58,903,4,0,4,926
02/15/2008,HNL,HI,AWP,WE,Towers with Radar,516,118,19,59,712,0,83,197,0,280,518,202,216,59,995,2,0,2,1003
02/16/2008,HNL,HI,AWP,WE,Towers with Radar,482,104,25,36,647,0,84,117,1,202,486,188,142,37,853,0,0,0,856
02/17/2008,HNL,HI,AWP,WE,Towers with Radar,442,83,12,30,567,0,58,97,2,157,444,141,109,32,726,0,0,0,728
02/18/2008,HNL,HI,AWP,WE,Towers with Radar,478,112,24,26,640,0,69,118,0,187,481,181,142,26,830,10,0,10,841
02/19/2008,HNL,HI,AWP,WE,Towers with Radar,467,98,35,53,653,0,62,111,0,173,468,162,146,53,829,14,0,14,866
02/20/2008,HNL,HI,AWP,WE,Towers with Radar,492,116,38,58,704,0,94,135,1,230,495,211,173,59,938,8,2,10,961
02/21/2008,HNL,HI,AWP,WE,Towers with Radar,493,115,11,70,689,0,94,75,2,171,494,211,86,72,863,0,0,0,899
02/22/2008,HNL,HI,AWP,WE,Towers with Radar,531,113,22,35,701,0,0,0,0,0,531,115,22,35,703,0,0,0,708
02/23/2008,HNL,HI,AWP,WE,Towers with Radar,459,98,34,14,605,0,59,146,14,219,461,157,180,28,826,0,0,0,827
02/24/2008,HNL,HI,AWP,WE,Towers with Radar,438,104,29,24,595,2,38,49,5,94,442,144,78,29,693,0,0,0,697
02/25/2008,HNL,HI,AWP,WE,Towers with Radar,490,110,29,45,674,0,90,88,0,178,491,200,117,45,853,2,0,2,874
02/26/2008,HNL,HI,AWP,WE,Towers with Radar,520,107,29,42,698,0,89,107,0,196,521,200,136,42,899,0,0,0,931
02/27/2008,HNL,HI,AWP,WE,Towers with Radar,503,101,26,58,688,0,64,100,0,164,505,165,126,58,854,4,2,6,890
02/28/2008,HNL,HI,AWP,WE,Towers with Radar,506,115,24,48,693,0,76,87,0,163,508,191,111,48,858,0,0,0,891
02/29/2008,HNL,HI,AWP,WE,Towers with Radar,490,117,31,30,668,0,78,92,3,173,492,196,123,33,844,2,0,2,851
03/01/2008,HNL,HI,AWP,WE,Towers with Radar,490,87,43,32,652,0,62,119,2,183,492,149,162,34,837,0,0,0,844
03/02/2008,HNL,HI,AWP,WE,Towers with Radar,445,89,38,28,600,0,64,102,12,178,449,155,140,40,784,0,0,0,786
03/03/2008,HNL,HI,AWP,WE,Towers with Radar,488,106,28,57,679,0,75,110,1,186,490,181,138,58,867,0,0,0,917
03/04/2008,HNL,HI,AWP,WE,Towers with Radar,500,98,18,54,670,0,92,97,19,208,503,192,115,73,883,0,0,0,922
03/05/2008,HNL,HI,AWP,WE,Towers with Radar,492,109,31,60,692,0,97,96,6,199,495,207,127,66,895,4,0,4,931
03/06/2008,HNL,HI,AWP,WE,Towers with Radar,494,124,35,56,709,0,95,92,0,187,496,223,127,56,902,6,0,6,947
03/07/2008,HNL,HI,AWP,WE,Towers with Radar,519,115,32,47,713,0,0,0,0,0,522,118,32,47,719,0,0,0,731
03/08/2008,HNL,HI,AWP,WE,Towers with Radar,480,116,19,35,650,0,0,0,0,0,482,119,19,35,655,16,2,18,682
03/09/2008,HNL,HI,AWP,WE,Towers with Radar,444,148,29,30,651,0,69,106,3,178,444,217,135,33,829,0,0,0,838
03/10/2008,HNL,HI,AWP,WE,Towers with Radar,517,104,26,73,720,0,98,81,0,179,518,203,107,73,901,2,0,2,918
03/11/2008,HNL,HI,AWP,WE,Towers with Radar,491,109,18,63,681,0,98,79,0,177,491,210,97,63,861,0,0,0,881
03/12/2008,HNL,HI,AWP,WE,Towers with Radar,503,130,22,66,721,0,86,100,0,186,505,218,122,66,911,0,0,0,946
03/13/2008,HNL,HI,AWP,WE,Towers with Radar,495,125,22,55,697,0,68,72,6,146,498,195,94,61,848,0,2,2,869
03/14/2008,HNL,HI,AWP,WE,Towers with Radar,512,126,15,47,700,0,96,115,5,216,515,225,130,52,922,0,0,0,928
03/15/2008,HNL,HI,AWP,WE,Towers with Radar,482,106,28,15,631,0,71,104,8,183,484,180,132,23,819,0,0,0,824
03/16/2008,HNL,HI,AWP,WE,Towers with Radar,449,111,18,18,596,0,71,74,2,147,451,183,92,20,746,2,0,2,753
03/17/2008,HNL,HI,AWP,WE,Towers with Radar,442,114,30,59,645,0,70,88,0,158,444,190,118,59,811,2,0,2,844
03/18/2008,HNL,HI,AWP,WE,Towers with Radar,502,115,27,54,698,0,75,100,0,175,506,191,127,54,878,6,2,8,896
03/19/2008,HNL,HI,AWP,WE,Towers with Radar,498,195,136,45,874,0,0,0,0,0,498,195,136,45,874,0,0,0,874
03/20/2008,HNL,HI,AWP,WE,Towers with Radar,492,133,20,36,681,0,0,0,0,0,494,134,20,36,684,0,0,0,698
03/21/2008,HNL,HI,AWP,WE,Towers with Radar,516,127,34,34,711,0,0,0,0,0,519,129,34,34,716,2,0,2,720
03/22/2008,HNL,HI,AWP,WE,Towers with Radar,493,97,29,18,637,0,62,65,1,128,496,162,94,19,771,0,0,0,773
03/23/2008,HNL,HI,AWP,WE,Towers with Radar,471,101,22,19,613,5,58,95,2,160,481,159,117,21,778,0,0,0,780
03/24/2008,HNL,HI,AWP,WE,Towers with Radar,504,126,59,40,729,0,88,120,0,208,508,216,179,40,943,0,0,0,961
03/25/2008,HNL,HI,AWP,WE,Towers with Radar,490,112,27,56,685,0,84,105,0,189,495,196,132,56,879,0,0,0,911
03/26/2008,HNL,HI,AWP,WE,Towers with Radar,487,107,32,71,697,0,69,109,4,182,492,186,141,75,894,10,0,10,938
03/27/2008,HNL,HI,AWP,WE,Towers with Radar,500,134,33,58,725,0,71,145,0,216,503,206,178,58,945,0,0,0,967
03/28/2008,HNL,HI,AWP,WE,Towers with Radar,523,130,44,43,740,0,79,108,2,189,527,212,152,45,936,0,0,0,948
03/29/2008,HNL,HI,AWP,WE,Towers with Radar,481,108,29,12,630,0,49,101,3,153,482,158,130,15,785,0,0,0,792
03/30/2008,HNL,HI,AWP,WE,Towers with Radar,445,94,25,17,581,4,69,121,3,197,453,166,146,20,785,0,0,0,790
03/31/2008,HNL,HI,AWP,WE,Towers with Radar,450,127,19,59,655,42,79,87,11,219,1086,249,106,70,1511,4,8,12,1572
04/01/2008,HNL,HI,AWP,WE,Towers with Radar,465,136,23,64,688,0,77,76,0,153,468,214,99,64,845,0,0,0,873
04/02/2008,HNL,HI,AWP,WE,Towers with Radar,431,154,27,44,656,0,75,86,0,161,434,231,113,44,822,0,0,0,831
04/03/2008,HNL,HI,AWP,WE,Towers with Radar,435,151,20,69,675,0,70,71,0,141,437,223,91,69,820,0,0,0,840
04/04/2008,HNL,HI,AWP,WE,Towers with Radar,443,142,30,24,639,0,0,0,8,8,448,144,30,32,654,6,0,6,685
04/05/2008,HNL,HI,AWP,WE,Towers with Radar,397,153,24,46,620,0,53,120,3,176,399,206,144,49,798,0,0,0,804
04/06/2008,HNL,HI,AWP,WE,Towers with Radar,390,117,26,11,544,4,57,69,3,133,398,174,95,14,681,0,0,0,683
04/07/2008,HNL,HI,AWP,WE,Towers with Radar,413,132,24,35,604,0,70,107,0,177,413,205,131,35,784,0,0,0,845
04/08/2008,HNL,HI,AWP,WE,Towers with Radar,405,113,26,73,617,0,108,117,9,234,408,222,143,82,855,0,0,0,898
04/09/2008,HNL,HI,AWP,WE,Towers with Radar,388,157,13,35,593,0,30,25,0,55,391,190,38,35,654,0,0,0,671
04/10/2008,HNL,HI,AWP,WE,Towers with Radar,407,135,30,48,620,0,96,105,0,201,411,233,135,48,827,2,0,2,857
04/11/2008,HNL,HI,AWP,WE,Towers with Radar,427,147,34,42,650,0,76,102,5,183,432,226,136,47,841,8,0,8,861
04/12/2008,HNL,HI,AWP,WE,Towers with Radar,385,142,70,34,631,3,90,132,14,239,391,235,202,48,876,21,0,21,903
04/13/2008,HNL,HI,AWP,WE,Towers with Radar,374,121,35,20,550,5,73,79,2,159,384,198,114,22,718,0,0,0,724
04/14/2008,HNL,HI,AWP,WE,Towers with Radar,391,132,32,75,630,0,102,102,0,204,395,234,134,75,838,0,0,0,863
04/15/2008,HNL,HI,AWP,WE,Towers with Radar,386,137,22,78,623,0,73,136,1,210,390,211,158,79,838,0,0,0,866
04/16/2008,HNL,HI,AWP,WE,Towers with Radar,393,140,24,49,606,0,77,114,0,191,395,217,138,49,799,6,0,6,832
04/17/2008,HNL,HI,AWP,WE,Towers with Radar,414,129,18,65,626,0,79,93,1,173,416,211,111,66,804,0,0,0,829
04/18/2008,HNL,HI,AWP,WE,Towers with Radar,435,145,33,52,665,0,0,0,0,0,438,145,33,52,668,0,0,0,676
04/19/2008,HNL,HI,AWP,WE,Towers with Radar,381,140,44,25,590,0,85,103,2,190,384,236,147,27,794,0,0,0,803
04/20/2008,HNL,HI,AWP,WE,Towers with Radar,364,138,54,31,587,0,77,91,5,173,368,218,145,36,767,8,0,8,779
04/21/2008,HNL,HI,AWP,WE,Towers with Radar,380,142,24,41,587,0,68,124,0,192,382,211,148,41,782,0,0,0,803
04/22/2008,HNL,HI,AWP,WE,Towers with Radar,385,150,33,45,613,0,79,137,0,216,388,232,170,45,835,2,2,4,864
04/23/2008,HNL,HI,AWP,WE,Towers with Radar,426,110,39,63,638,0,66,119,0,185,429,185,158,63,835,0,0,0,858
04/24/2008,HNL,HI,AWP,WE,Towers with Radar,391,150,32,51,624,0,81,134,2,217,392,232,166,53,843,0,0,0,858
04/25/2008,HNL,HI,AWP,WE,Towers with Radar,424,152,28,31,635,0,74,88,1,163,425,227,116,32,800,0,0,0,814
04/26/2008,HNL,HI,AWP,WE,Towers with Radar,369,148,25,19,561,0,62,103,3,168,370,213,128,22,733,0,0,0,743
04/27/2008,HNL,HI,AWP,WE,Towers with Radar,359,138,34,17,548,2,65,128,5,200,363,204,162,22,751,0,0,0,756
04/28/2008,HNL,HI,AWP,WE,Towers with Radar,367,148,33,55,603,0,69,126,0,195,369,220,159,55,803,2,0,2,822
04/29/2008,HNL,HI,AWP,WE,Towers with Radar,348,151,32,58,589,0,63,89,0,152,351,214,121,58,744,0,2,2,762
04/30/2008,HNL,HI,AWP,WE,Towers with Radar,364,186,19,56,625,0,64,66,4,134,367,252,85,60,764,2,0,2,778
05/01/2008,HNL,HI,AWP,WE,Towers with Radar,373,172,22,47,614,0,102,137,0,239,376,279,159,47,861,0,0,0,888
05/02/2008,HNL,HI,AWP,WE,Towers with Radar,408,169,9,48,634,0,64,127,0,191,409,235,136,48,828,0,0,0,841
05/03/2008,HNL,HI,AWP,WE,Towers with Radar,384,131,24,26,565,0,60,108,2,170,387,252,132,28,799,0,0,0,921
05/04/2008,HNL,HI,AWP,WE,Towers with Radar,364,104,29,39,536,0,59,133,1,193,367,222,162,40,791,0,0,0,936
05/05/2008,HNL,HI,AWP,WE,Towers with Radar,385,138,19,41,583,0,68,107,0,175,388,208,126,41,763,0,0,0,791
05/06/2008,HNL,HI,AWP,WE,Towers with Radar,377,145,16,37,575,0,76,91,0,167,380,225,107,37,749,0,0,0,759
05/07/2008,HNL,HI,AWP,WE,Towers with Radar,390,131,25,38,584,0,56,111,5,172,393,191,136,43,763,10,0,10,792
05/08/2008,HNL,HI,AWP,WE,Towers with Radar,420,133,22,51,626,0,81,76,0,157,422,218,98,51,789,0,0,0,809
05/09/2008,HNL,HI,AWP,WE,Towers with Radar,413,167,23,9,612,0,0,0,0,0,413,176,23,9,621,0,0,0,644
05/10/2008,HNL,HI,AWP,WE,Towers with Radar,368,125,19,20,532,0,37,145,0,182,370,162,164,20,716,0,0,0,723
05/11/2008,HNL,HI,AWP,WE,Towers with Radar,386,115,13,13,527,1,41,126,5,173,388,158,139,18,703,2,0,2,716
05/12/2008,HNL,HI,AWP,WE,Towers with Radar,366,142,22,54,584,0,54,98,0,152,369,198,120,54,741,0,0,0,762
05/13/2008,HNL,HI,AWP,WE,Towers with Radar,400,138,21,67,626,0,67,116,10,193,403,206,137,77,823,0,2,2,853
05/14/2008,HNL,HI,AWP,WE,Towers with Radar,401,149,19,60,629,0,46,87,0,133,403,198,106,60,767,0,0,0,780
05/15/2008,HNL,HI,AWP,WE,Towers with Radar,383,140,14,61,598,0,71,82,0,153,385,221,96,61,763,0,0,0,789
05/16/2008,HNL,HI,AWP,WE,Towers with Radar,403,151,18,13,585,0,68,65,0,133,404,220,83,13,720,0,0,0,725
05/17/2008,HNL,HI,AWP,WE,Towers with Radar,382,127,41,20,570,0,65,120,1,186,385,194,161,21,761,1,0,1,776
05/18/2008,HNL,HI,AWP,WE,Towers with Radar,360,106,22,17,505,0,58,106,0,164,362,168,128,17,675,2,0,2,711
05/19/2008,HNL,HI,AWP,WE,Towers with Radar,417,133,23,33,606,0,83,89,0,172,419,220,112,33,784,0,6,6,808
05/20/2008,HNL,HI,AWP,WE,Towers with Radar,399,188,38,47,672,0,96,85,0,181,401,289,123,47,860,0,0,0,892
05/21/2008,HNL,HI,AWP,WE,Towers with Radar,408,132,25,60,625,0,78,72,0,150,411,216,97,60,784,6,2,8,810
05/22/2008,HNL,HI,AWP,WE,Towers with Radar,410,170,27,37,644,0,52,63,0,115,412,226,90,37,765,0,0,0,788
05/23/2008,HNL,HI,AWP,WE,Towers with Radar,430,159,43,36,668,0,0,0,0,0,431,166,43,36,676,0,0,0,686
05/24/2008,HNL,HI,AWP,WE,Towers with Radar,373,140,37,23,573,0,40,115,0,155,377,185,152,23,737,4,0,4,751
05/25/2008,HNL,HI,AWP,WE,Towers with Radar,339,119,25,21,504,3,56,135,6,200,345,177,160,27,709,1,0,1,727
05/26/2008,HNL,HI,AWP,WE,Towers with Radar,390,111,13,25,539,0,73,111,9,193,392,188,124,34,738,2,0,2,751
05/27/2008,HNL,HI,AWP,WE,Towers with Radar,382,160,15,51,608,0,113,98,0,211,385,294,113,51,843,0,0,0,872
05/28/2008,HNL,HI,AWP,WE,Towers with Radar,408,154,17,57,636,0,59,166,7,232,412,220,183,64,879,6,0,6,910
05/29/2008,HNL,HI,AWP,WE,Towers with Radar,400,129,24,71,624,0,117,65,0,182,403,254,89,71,817,6,0,6,846
05/30/2008,HNL,HI,AWP,WE,Towers with Radar,423,146,24,44,637,0,83,92,0,175,425,239,116,44,824,0,6,6,851
05/31/2008,HNL,HI,AWP,WE,Towers with Radar,379,147,22,36,584,0,61,74,2,137,381,209,96,38,724,0,0,0,735
06/01/2008,HNL,HI,AWP,WE,Towers with Radar,369,124,18,26,537,0,47,91,1,139,371,172,109,27,679,0,0,0,690
06/02/2008,HNL,HI,AWP,WE,Towers with Radar,406,132,13,40,591,0,50,100,1,151,409,189,113,41,752,0,0,0,781
06/03/2008,HNL,HI,AWP,WE,Towers with Radar,0,0,0,0,0,394,229,103,55,781,394,229,103,55,781,0,0,0,781
06/04/2008,HNL,HI,AWP,WE,Towers with Radar,418,123,19,56,616,0,68,65,0,133,421,193,84,56,754,12,2,14,787
06/05/2008,HNL,HI,AWP,WE,Towers with Radar,424,135,9,69,637,0,91,90,0,181,427,233,99,69,828,6,0,6,852
06/06/2008,HNL,HI,AWP,WE,Towers with Radar,413,138,24,41,616,0,86,108,8,202,417,227,132,49,825,2,0,2,836
06/07/2008,HNL,HI,AWP,WE,Towers with Radar,386,130,25,53,594,0,50,116,0,166,389,185,141,53,768,0,0,0,778
06/08/2008,HNL,HI,AWP,WE,Towers with Radar,370,105,30,13,518,0,52,93,0,145,372,159,123,13,667,0,0,0,676
06/09/2008,HNL,HI,AWP,WE,Towers with Radar,0,0,0,0,0,392,245,141,30,808,392,245,141,30,808,0,0,0,808
06/10/2008,HNL,HI,AWP,WE,Towers with Radar,0,0,0,0,0,413,212,112,49,786,413,212,112,49,786,21,0,21,807
06/11/2008,HNL,HI,AWP,WE,Towers with Radar,420,140,29,31,620,0,73,93,1,167,422,215,122,32,791,8,0,8,807
06/12/2008,HNL,HI,AWP,WE,Towers with Radar,417,129,33,33,612,0,76,104,0,180,420,206,137,33,796,0,0,0,827
06/13/2008,HNL,HI,AWP,WE,Towers with Radar,417,156,18,41,632,0,0,0,0,0,422,159,18,41,640,0,0,0,646
06/14/2008,HNL,HI,AWP,WE,Towers with Radar,380,133,44,30,587,6,68,148,11,233,392,209,192,41,834,0,0,0,852
06/15/2008,HNL,HI,AWP,WE,Towers with Radar,379,117,26,31,553,4,47,112,4,167,387,164,138,35,724,0,0,0,731
06/16/2008,HNL,HI,AWP,WE,Towers with Radar,398,129,29,51,607,0,62,114,0,176,401,191,143,51,786,0,0,0,796
06/17/2008,HNL,HI,AWP,WE,Towers with Radar,0,0,0,0,0,401,232,121,50,804,401,232,121,50,804,0,0,0,804
06/18/2008,HNL,HI,AWP,WE,Towers with Radar,416,127,31,51,625,0,84,100,5,189,422,215,131,56,824,8,0,8,862
06/19/2008,HNL,HI,AWP,WE,Towers with Radar,410,142,47,33,632,0,0,0,0,0,418,149,47,33,647,5,1,6,671
06/20/2008,HNL,HI,AWP,WE,Towers with Radar,435,49,23,27,534,0,0,0,0,0,440,55,23,27,545,4,0,4,566
06/21/2008,HNL,HI,AWP,WE,Towers with Radar,403,133,36,9,581,0,67,126,0,193,407,203,162,9,781,0,0,0,787
06/22/2008,HNL,HI,AWP,WE,Towers with Radar,388,123,21,20,552,4,43,95,1,143,396,168,116,21,701,0,0,0,701
06/23/2008,HNL,HI,AWP,WE,Towers with Radar,400,148,31,47,626,0,67,91,1,159,404,217,122,48,791,0,0,0,810
06/24/2008,HNL,HI,AWP,WE,Towers with Radar,415,130,26,52,623,0,78,119,2,199,418,212,145,54,829,2,0,2,851
06/25/2008,HNL,HI,AWP,WE,Towers with Radar,405,163,25,55,648,0,48,124,22,194,410,217,149,77,853,0,0,0,874
06/26/2008,HNL,HI,AWP,WE,Towers with Radar,429,133,38,59,659,0,92,127,0,219,432,237,165,59,893,8,4,12,944
06/27/2008,HNL,HI,AWP,WE,Towers with Radar,427,169,36,38,670,0,0,0,0,0,430,172,36,38,676,0,0,0,727
06/28/2008,HNL,HI,AWP,WE,Towers with Radar,407,143,23,35,608,0,62,106,7,175,409,208,129,42,788,0,0,0,797
06/29/2008,HNL,HI,AWP,WE,Towers with Radar,384,122,41,27,574,0,57,91,1,149,389,181,132,28,730,2,0,2,740
06/30/2008,HNL,HI,AWP,WE,Towers with Radar,416,144,28,33,621,0,60,90,1,151,420,205,118,34,777,0,0,0,792
07/01/2008,HNL,HI,AWP,WE,Towers with Radar,392,122,27,52,593,0,74,86,14,174,392,196,113,66,767,0,0,0,767
07/02/2008,HNL,HI,AWP,WE,Towers with Radar,428,110,51,48,637,0,102,119,6,227,428,212,170,54,864,4,0,4,868
07/03/2008,HNL,HI,AWP,WE,Towers with Radar,400,122,31,29,582,0,101,116,6,223,400,223,147,35,805,14,0,14,819
07/04/2008,HNL,HI,AWP,WE,Towers with Radar,396,111,14,12,533,0,84,129,2,215,396,195,143,14,748,0,0,0,748
07/05/2008,HNL,HI,AWP,WE,Towers with Radar,387,130,32,6,555,0,104,108,1,213,387,234,140,7,768,0,0,0,768
07/06/2008,HNL,HI,AWP,WE,Towers with Radar,385,126,43,13,567,0,56,111,1,168,385,182,154,14,735,0,0,0,735
07/07/2008,HNL,HI,AWP,WE,Towers with Radar,397,137,27,51,612,0,75,105,6,186,397,212,132,57,798,0,0,0,798
07/08/2008,HNL,HI,AWP,WE,Towers with Radar,403,121,25,67,616,0,104,110,35,249,403,225,135,102,865,0,0,0,865
07/09/2008,HNL,HI,AWP,WE,Towers with Radar,407,124,34,61,626,0,89,87,10,186,407,213,121,71,812,2,0,2,814
07/10/2008,HNL,HI,AWP,WE,Towers with Radar,410,115,40,80,645,0,72,107,14,193,410,187,147,94,838,4,0,4,842
07/11/2008,HNL,HI,AWP,WE,Towers with Radar,442,132,42,97,713,0,84,85,12,181,442,216,127,109,894,0,0,0,894
07/12/2008,HNL,HI,AWP,WE,Towers with Radar,389,119,44,54,606,0,59,126,9,194,389,178,170,63,800,0,0,0,800
07/13/2008,HNL,HI,AWP,WE,Towers with Radar,364,85,44,23,516,0,62,110,8,180,364,147,154,31,696,0,0,0,696
07/14/2008,HNL,HI,AWP,WE,Towers with Radar,399,132,15,68,614,0,85,109,25,219,399,217,124,93,833,6,4,10,843
07/15/2008,HNL,HI,AWP,WE,Towers with Radar,417,99,38,64,618,0,95,101,13,209,417,194,139,77,827,14,0,14,841
07/16/2008,HNL,HI,AWP,WE,Towers with Radar,392,117,33,60,602,0,92,120,20,232,392,209,153,80,834,0,0,0,834
07/17/2008,HNL,HI,AWP,WE,Towers with Radar,430,107,16,63,616,0,106,86,14,206,430,213,102,77,822,0,0,0,822
07/18/2008,HNL,HI,AWP,WE,Towers with Radar,438,133,26,72,669,0,85,115,9,209,438,218,141,81,878,0,0,0,878
07/19/2008,HNL,HI,AWP,WE,Towers with Radar,376,126,24,60,586,0,50,97,6,153,376,176,121,66,739,0,0,0,739
07/20/2008,HNL,HI,AWP,WE,Towers with Radar,382,98,38,86,604,0,56,75,9,140,382,154,113,95,744,0,0,0,744
07/21/2008,HNL,HI,AWP,WE,Towers with Radar,413,123,27,49,612,0,74,85,17,176,413,197,112,66,788,0,0,0,788
07/22/2008,HNL,HI,AWP,WE,Towers with Radar,414,124,23,53,614,0,99,93,4,196,414,223,116,57,810,2,0,2,812
07/23/2008,HNL,HI,AWP,WE,Towers with Radar,405,141,24,63,633,0,61,102,11,174,405,202,126,74,807,0,2,2,809
07/24/2008,HNL,HI,AWP,WE,Towers with Radar,413,125,38,73,649,0,76,105,7,188,413,201,143,80,837,0,0,0,837
07/25/2008,HNL,HI,AWP,WE,Towers with Radar,425,136,31,55,647,0,73,118,9,200,425,209,149,64,847,0,0,0,847
07/26/2008,HNL,HI,AWP,WE,Towers with Radar,394,121,37,44,596,0,80,98,6,184,394,201,135,50,780,0,0,0,780
07/27/2008,HNL,HI,AWP,WE,Towers with Radar,374,104,42,54,574,0,49,125,9,183,374,153,167,63,757,0,0,0,757
07/28/2008,HNL,HI,AWP,WE,Towers with Radar,390,110,30,73,603,0,85,92,16,193,390,195,122,89,796,0,0,0,796
07/29/2008,HNL,HI,AWP,WE,Towers with Radar,394,123,35,34,586,0,83,95,6,184,394,206,130,40,770,0,0,0,770
07/30/2008,HNL,HI,AWP,WE,Towers with Radar,442,101,24,28,595,0,79,74,7,160,442,180,98,35,755,0,0,0,755
07/31/2008,HNL,HI,AWP,WE,Towers with Radar,429,127,14,56,626,0,77,79,3,159,429,204,93,59,785,0,0,0,785
08/01/2008,HNL,HI,AWP,WE,Towers with Radar,434,136,26,48,644,0,118,131,6,255,434,254,157,54,899,1,0,1,900
08/02/2008,HNL,HI,AWP,WE,Towers with Radar,402,116,19,57,594,0,42,100,1,143,402,158,119,58,737,0,0,0,737
08/03/2008,HNL,HI,AWP,WE,Towers with Radar,383,104,22,29,538,0,47,85,2,134,383,151,107,31,672,6,0,6,678
08/04/2008,HNL,HI,AWP,WE,Towers with Radar,398,121,33,40,592,0,66,102,9,177,398,187,135,49,769,4,0,4,773
08/05/2008,HNL,HI,AWP,WE,Towers with Radar,407,124,48,46,625,0,100,92,9,201,407,224,140,55,826,0,0,0,826
08/06/2008,HNL,HI,AWP,WE,Towers with Radar,409,128,10,38,585,0,120,95,3,218,409,248,105,41,803,2,0,2,805
08/07/2008,HNL,HI,AWP,WE,Towers with Radar,424,136,38,45,643,0,88,117,4,209,424,224,155,49,852,4,0,4,856
08/08/2008,HNL,HI,AWP,WE,Towers with Radar,429,137,24,35,625,0,78,136,4,218,429,215,160,39,843,0,0,0,843
08/09/2008,HNL,HI,AWP,WE,Towers with Radar,396,125,24,16,561,0,61,134,1,196,396,186,158,17,757,0,0,0,757
08/10/2008,HNL,HI,AWP,WE,Towers with Radar,198,44,12,6,260,0,29,62,0,91,198,73,74,6,351,8,0,8,359
08/11/2008,HNL,HI,AWP,WE,Towers with Radar,409,126,33,55,623,0,79,115,9,203,409,205,148,64,826,0,0,0,826
08/12/2008,HNL,HI,AWP,WE,Towers with Radar,408,126,48,53,635,0,113,167,13,293,408,239,215,66,928,10,0,10,938
08/13/2008,HNL,HI,AWP,WE,Towers with Radar,415,127,29,39,610,0,87,97,7,191,415,214,126,46,801,0,0,0,801
08/14/2008,HNL,HI,AWP,WE,Towers with Radar,388,118,30,29,565,0,69,94,2,165,388,187,124,31,730,0,0,0,730
08/15/2008,HNL,HI,AWP,WE,Towers with Radar,432,146,22,40,640,0,109,112,2,223,432,255,134,42,863,0,0,0,863
08/16/2008,HNL,HI,AWP,WE,Towers with Radar,402,132,9,16,559,0,52,113,9,174,402,184,122,25,733,0,0,0,733
08/17/2008,HNL,HI,AWP,WE,Towers with Radar,391,93,27,14,525,0,70,101,2,173,391,163,128,16,698,0,0,0,698
08/18/2008,HNL,HI,AWP,WE,Towers with Radar,387,119,34,45,585,0,82,149,5,236,387,201,183,50,821,0,0,0,821
08/19/2008,HNL,HI,AWP,WE,Towers with Radar,384,136,21,49,590,0,103,95,7,205,384,239,116,56,795,0,0,0,795
08/20/2008,HNL,HI,AWP,WE,Towers with Radar,405,130,38,58,631,0,108,100,12,220,405,238,138,70,851,4,2,6,857
08/21/2008,HNL,HI,AWP,WE,Towers with Radar,295,139,25,34,493,0,70,117,9,196,295,209,142,43,689,0,0,0,689
08/22/2008,HNL,HI,AWP,WE,Towers with Radar,419,151,15,29,614,0,96,93,1,190,419,247,108,30,804,0,0,0,804
08/23/2008,HNL,HI,AWP,WE,Towers with Radar,418,109,24,27,578,0,68,112,1,181,418,177,136,28,759,0,0,0,759
08/24/2008,HNL,HI,AWP,WE,Towers with Radar,363,85,41,22,511,0,65,101,1,167,363,150,142,23,678,0,0,0,678
08/25/2008,HNL,HI,AWP,WE,Towers with Radar,395,121,30,41,587,0,66,124,8,198,395,187,154,49,785,8,0,8,793
08/26/2008,HNL,HI,AWP,WE,Towers with Radar,390,131,19,41,581,0,95,95,5,195,390,226,114,46,776,0,0,0,776
08/27/2008,HNL,HI,AWP,WE,Towers with Radar,409,95,29,41,574,0,85,82,6,173,409,180,111,47,747,0,0,0,747
08/28/2008,HNL,HI,AWP,WE,Towers with Radar,413,116,28,46,603,0,81,85,4,170,413,197,113,50,773,22,0,22,795
08/29/2008,HNL,HI,AWP,WE,Towers with Radar,443,136,41,18,638,0,75,116,2,193,443,211,157,20,831,65,0,65,896
08/30/2008,HNL,HI,AWP,WE,Towers with Radar,391,111,41,16,559,0,36,82,1,119,391,147,123,17,678,4,0,4,682
08/31/2008,HNL,HI,AWP,WE,Towers with Radar,364,93,19,11,487,0,64,73,0,137,364,157,92,11,624,4,0,4,628
09/01/2008,HNL,HI,AWP,WE,Towers with Radar,376,92,19,11,498,0,70,60,4,134,376,162,79,15,632,0,0,0,632
09/02/2008,HNL,HI,AWP,WE,Towers with Radar,365,129,38,33,565,0,93,64,3,160,365,222,102,36,725,4,2,6,731
09/03/2008,HNL,HI,AWP,WE,Towers with Radar,371,118,19,41,549,0,86,53,3,142,371,204,72,44,691,0,0,0,691
09/04/2008,HNL,HI,AWP,WE,Towers with Radar,380,107,39,33,559,0,91,125,6,222,380,198,164,39,781,0,0,0,781
09/05/2008,HNL,HI,AWP,WE,Towers with Radar,395,120,17,31,563,0,82,109,11,202,395,202,126,42,765,0,0,0,765
09/06/2008,HNL,HI,AWP,WE,Towers with Radar,361,102,13,23,499,0,59,134,0,193,361,161,147,23,692,0,3,3,695
09/07/2008,HNL,HI,AWP,WE,Towers with Radar,345,82,20,16,463,0,47,73,2,122,345,129,93,18,585,0,0,0,585
09/08/2008,HNL,HI,AWP,WE,Towers with Radar,349,115,23,24,511,0,59,90,8,157,349,174,113,32,668,2,0,2,670
09/09/2008,HNL,HI,AWP,WE,Towers with Radar,363,105,42,49,559,0,71,73,5,149,363,176,115,54,708,0,0,0,708
09/10/2008,HNL,HI,AWP,WE,Towers with Radar,386,116,20,35,557,0,81,63,10,154,386,197,83,45,711,4,2,6,717
09/11/2008,HNL,HI,AWP,WE,Towers with Radar,365,117,20,47,549,0,63,87,4,154,365,180,107,51,703,0,0,0,703
09/12/2008,HNL,HI,AWP,WE,Towers with Radar,396,117,30,28,571,0,52,93,20,165,396,169,123,48,736,0,2,2,738
09/13/2008,HNL,HI,AWP,WE,Towers with Radar,350,105,14,30,499,0,52,76,2,130,350,157,90,32,629,0,0,0,629
09/14/2008,HNL,HI,AWP,WE,Towers with Radar,347,87,34,18,486,0,52,83,4,139,347,139,117,22,625,0,0,0,625
09/15/2008,HNL,HI,AWP,WE,Towers with Radar,351,123,21,31,526,0,69,82,14,165,351,192,103,45,691,0,0,0,691
09/16/2008,HNL,HI,AWP,WE,Towers with Radar,357,119,35,41,552,0,71,86,3,160,357,190,121,44,712,0,0,0,712
09/17/2008,HNL,HI,AWP,WE,Towers with Radar,375,127,26,41,569,0,84,68,3,155,375,211,94,44,724,0,0,0,724
09/18/2008,HNL,HI,AWP,WE,Towers with Radar,367,119,35,40,561,0,99,93,7,199,367,218,128,47,760,2,2,4,764
09/19/2008,HNL,HI,AWP,WE,Towers with Radar,389,115,17,28,549,0,68,96,2,166,389,183,113,30,715,14,0,14,729
09/20/2008,HNL,HI,AWP,WE,Towers with Radar,371,113,49,7,540,0,57,117,6,180,371,170,166,13,720,34,0,34,754
09/21/2008,HNL,HI,AWP,WE,Towers with Radar,293,80,60,9,442,0,45,84,4,133,293,125,144,13,575,2,0,2,577
09/22/2008,HNL,HI,AWP,WE,Towers with Radar,362,115,35,36,548,0,65,75,4,144,362,180,110,40,692,4,0,4,696
09/23/2008,HNL,HI,AWP,WE,Towers with Radar,379,96,28,44,547,0,81,79,20,180,379,177,107,64,727,0,0,0,727
09/24/2008,HNL,HI,AWP,WE,Towers with Radar,371,119,28,59,577,0,74,68,8,150,371,193,96,67,727,12,0,12,739
09/25/2008,HNL,HI,AWP,WE,Towers with Radar,362,115,20,46,543,0,72,97,6,175,362,187,117,52,718,4,0,4,722
09/26/2008,HNL,HI,AWP,WE,Towers with Radar,391,142,22,20,575,0,86,114,1,201,391,228,136,21,776,0,0,0,776
09/27/2008,HNL,HI,AWP,WE,Towers with Radar,367,108,29,9,513,0,68,126,4,198,367,176,155,13,711,0,1,1,712
09/28/2008,HNL,HI,AWP,WE,Towers with Radar,347,74,21,13,455,0,66,106,1,173,347,140,127,14,628,0,0,0,628
09/29/2008,HNL,HI,AWP,WE,Towers with Radar,347,130,32,34,543,0,64,81,1,146,347,194,113,35,689,6,0,6,695
09/30/2008,HNL,HI,AWP,WE,Towers with Radar,356,119,32,35,542,0,68,64,9,141,356,187,96,44,683,10,2,12,695
10/01/2008,HNL,HI,AWP,WE,Towers with Radar,384,107,29,41,561,0,86,66,4,156,384,193,95,45,717,0,0,0,717
10/02/2008,HNL,HI,AWP,WE,Towers with Radar,387,128,17,46,578,0,74,63,2,139,387,202,80,48,717,2,0,2,719
10/03/2008,HNL,HI,AWP,WE,Towers with Radar,407,122,23,46,598,0,81,108,4,193,407,203,131,50,791,0,0,0,791
10/04/2008,HNL,HI,AWP,WE,Towers with Radar,378,97,15,52,542,0,66,114,1,181,378,163,129,53,723,4,0,4,727
10/05/2008,HNL,HI,AWP,WE,Towers with Radar,183,39,8,12,242,0,0,0,0,0,183,39,8,12,242,1,0,1,243
10/06/2008,HNL,HI,AWP,WE,Towers with Radar,378,115,25,32,550,0,70,77,5,152,378,185,102,37,702,0,0,0,702
10/07/2008,HNL,HI,AWP,WE,Towers with Radar,388,106,33,32,559,0,94,82,8,184,388,200,115,40,743,6,0,6,749
10/08/2008,HNL,HI,AWP,WE,Towers with Radar,390,102,19,35,546,0,99,102,21,222,390,201,121,56,768,4,2,6,774
10/09/2008,HNL,HI,AWP,WE,Towers with Radar,408,107,29,29,573,0,68,111,6,185,408,175,140,35,758,12,2,14,772
10/10/2008,HNL,HI,AWP,WE,Towers with Radar,400,125,45,40,610,0,64,86,0,150,400,189,131,40,760,22,0,22,782
10/11/2008,HNL,HI,AWP,WE,Towers with Radar,381,125,19,16,541,0,46,123,2,171,381,171,142,18,712,0,0,0,712
10/12/2008,HNL,HI,AWP,WE,Towers with Radar,179,30,20,11,240,0,17,62,0,79,179,47,82,11,319,0,0,0,319
10/13/2008,HNL,HI,AWP,WE,Towers with Radar,390,112,35,21,558,0,85,97,0,182,390,197,132,21,740,6,0,6,746
10/14/2008,HNL,HI,AWP,WE,Towers with Radar,373,108,13,37,531,0,85,48,7,140,373,193,61,44,671,0,0,0,671
10/15/2008,HNL,HI,AWP,WE,Towers with Radar,394,125,15,41,575,0,66,50,3,119,394,191,65,44,694,0,0,0,694
10/16/2008,HNL,HI,AWP,WE,Towers with Radar,392,100,32,47,571,0,77,47,3,127,392,177,79,50,698,0,0,0,698
10/17/2008,HNL,HI,AWP,WE,Towers with Radar,429,121,53,28,631,0,69,90,1,160,429,190,143,29,791,0,0,0,791
10/18/2008,HNL,HI,AWP,WE,Towers with Radar,376,117,20,23,536,0,55,98,1,154,376,172,118,24,690,0,0,0,690
10/19/2008,HNL,HI,AWP,WE,Towers with Radar,366,76,50,18,510,0,52,67,0,119,366,128,117,18,629,0,0,0,629
10/20/2008,HNL,HI,AWP,WE,Towers with Radar,371,122,17,41,551,0,51,82,2,135,371,173,99,43,686,14,0,14,700
10/21/2008,HNL,HI,AWP,WE,Towers with Radar,390,101,31,50,572,0,89,48,22,159,390,190,79,72,731,12,2,14,745
10/22/2008,HNL,HI,AWP,WE,Towers with Radar,394,108,46,58,606,0,61,77,1,139,394,169,123,59,745,20,3,23,768
10/23/2008,HNL,HI,AWP,WE,Towers with Radar,400,115,31,41,587,0,76,70,6,152,400,191,101,47,739,0,0,0,739
10/24/2008,HNL,HI,AWP,WE,Towers with Radar,403,115,31,34,583,0,67,97,7,171,403,182,128,41,754,22,0,22,776
10/25/2008,HNL,HI,AWP,WE,Towers with Radar,379,101,18,10,508,0,24,26,0,50,379,125,44,10,558,0,0,0,558
10/26/2008,HNL,HI,AWP,WE,Towers with Radar,357,117,33,9,516,0,17,21,0,38,357,134,54,9,554,0,0,0,554
10/27/2008,HNL,HI,AWP,WE,Towers with Radar,382,135,27,43,587,0,65,97,6,168,382,200,124,49,755,0,0,0,755
10/28/2008,HNL,HI,AWP,WE,Towers with Radar,366,122,39,59,586,0,80,55,1,136,366,202,94,60,722,4,2,6,728
10/29/2008,HNL,HI,AWP,WE,Towers with Radar,403,121,30,71,625,0,76,65,9,150,403,197,95,80,775,4,0,4,779
10/30/2008,HNL,HI,AWP,WE,Towers with Radar,376,119,36,64,595,0,44,67,4,115,376,163,103,68,710,14,0,14,724
10/31/2008,HNL,HI,AWP,WE,Towers with Radar,409,111,23,43,586,0,53,105,1,159,409,164,128,44,745,0,0,0,745
11/01/2008,HNL,HI,AWP,WE,Towers with Radar,368,122,36,23,549,0,26,97,3,126,368,148,133,26,675,0,0,0,675
11/02/2008,HNL,HI,AWP,WE,Towers with Radar,187,36,13,13,249,0,19,61,0,80,187,55,74,13,329,2,0,2,331
11/03/2008,HNL,HI,AWP,WE,Towers with Radar,393,104,26,40,563,0,78,88,10,176,393,182,114,50,739,0,10,10,749
11/04/2008,HNL,HI,AWP,WE,Towers with Radar,389,118,28,10,545,0,69,97,14,180,389,187,125,24,725,18,8,26,751
11/05/2008,HNL,HI,AWP,WE,Towers with Radar,376,127,17,38,558,0,83,86,7,176,376,210,103,45,734,0,0,0,734
11/06/2008,HNL,HI,AWP,WE,Towers with Radar,400,118,31,36,585,0,64,91,14,169,400,182,122,50,754,30,0,30,784
11/07/2008,HNL,HI,AWP,WE,Towers with Radar,427,127,26,43,623,0,86,82,5,173,427,213,108,48,796,0,0,0,796
11/08/2008,HNL,HI,AWP,WE,Towers with Radar,399,111,39,9,558,0,50,91,2,143,399,161,130,11,701,0,0,0,701
11/09/2008,HNL,HI,AWP,WE,Towers with Radar,376,85,27,26,514,0,87,90,6,183,376,172,117,32,697,0,0,0,697
11/10/2008,HNL,HI,AWP,WE,Towers with Radar,391,124,28,40,583,0,61,94,3,158,391,185,122,43,741,0,0,0,741
11/11/2008,HNL,HI,AWP,WE,Towers with Radar,383,91,13,15,502,0,102,107,4,213,383,193,120,19,715,0,0,0,715
11/12/2008,HNL,HI,AWP,WE,Towers with Radar,395,104,13,69,581,0,52,34,7,93,395,156,47,76,674,0,0,0,674
11/13/2008,HNL,HI,AWP,WE,Towers with Radar,400,148,18,48,614,0,68,80,12,160,400,216,98,60,774,20,0,20,794
11/14/2008,HNL,HI,AWP,WE,Towers with Radar,724,139,41,41,945,0,77,62,10,149,724,216,103,51,1094,0,0,0,1094
11/15/2008,HNL,HI,AWP,WE,Towers with Radar,387,105,29,30,551,0,50,77,7,134,387,155,106,37,685,8,0,8,693
11/16/2008,HNL,HI,AWP,WE,Towers with Radar,358,109,27,26,520,0,36,54,5,95,358,145,81,31,615,4,0,4,619
11/17/2008,HNL,HI,AWP,WE,Towers with Radar,404,103,31,41,579,0,52,65,12,129,404,155,96,53,708,0,0,0,708
11/18/2008,HNL,HI,AWP,WE,Towers with Radar,397,124,26,55,602,0,40,83,7,130,397,164,109,62,732,2,6,8,740
11/19/2008,HNL,HI,AWP,WE,Towers with Radar,421,112,31,38,602,0,97,98,8,203,421,209,129,46,805,0,0,0,805
11/20/2008,HNL,HI,AWP,WE,Towers with Radar,434,117,32,63,646,0,98,96,5,199,434,215,128,68,845,0,0,0,845
11/21/2008,HNL,HI,AWP,WE,Towers with Radar,459,111,32,24,626,0,63,63,0,126,459,174,95,24,752,0,0,0,752
11/22/2008,HNL,HI,AWP,WE,Towers with Radar,412,137,9,16,574,0,4,6,0,10,412,141,15,16,584,0,0,0,584
11/23/2008,HNL,HI,AWP,WE,Towers with Radar,391,100,23,15,529,0,64,59,0,123,391,164,82,15,652,0,0,0,652
11/24/2008,HNL,HI,AWP,WE,Towers with Radar,411,102,27,48,588,0,98,65,6,169,411,200,92,54,757,4,4,8,765
11/25/2008,HNL,HI,AWP,WE,Towers with Radar,428,110,44,42,624,0,108,88,7,203,428,218,132,49,827,0,4,4,831
11/26/2008,HNL,HI,AWP,WE,Towers with Radar,430,112,17,17,576,0,96,75,2,173,430,208,92,19,749,2,0,2,751
11/27/2008,HNL,HI,AWP,WE,Towers with Radar,379,68,7,4,458,0,57,42,0,99,379,125,49,4,557,18,0,18,575
11/28/2008,HNL,HI,AWP,WE,Towers with Radar,431,123,2,14,570,0,72,90,0,162,431,195,92,14,732,0,0,0,732
11/29/2008,HNL,HI,AWP,WE,Towers with Radar,418,113,17,9,557,0,61,58,4,123,418,174,75,13,680,0,0,0,680
11/30/2008,HNL,HI,AWP,WE,Towers with Radar,404,74,34,12,524,0,71,92,1,164,404,145,126,13,688,0,0,0,688
12/01/2008,HNL,HI,AWP,WE,Towers with Radar,425,140,39,29,633,0,77,66,7,150,425,217,105,36,783,20,0,20,803
12/02/2008,HNL,HI,AWP,WE,Towers with Radar,400,125,21,48,594,0,79,39,7,125,400,204,60,55,719,13,0,13,732
12/03/2008,HNL,HI,AWP,WE,Towers with Radar,411,126,17,40,594,0,76,93,9,178,411,202,110,49,772,0,0,0,772
12/04/2008,HNL,HI,AWP,WE,Towers with Radar,423,101,25,35,584,0,79,94,5,178,423,180,119,40,762,0,0,0,762
12/05/2008,HNL,HI,AWP,WE,Towers with Radar,451,117,18,31,617,0,90,109,0,199,451,207,127,31,816,0,0,0,816
12/06/2008,HNL,HI,AWP,WE,Towers with Radar,419,111,17,57,604,0,52,93,11,156,419,163,110,68,760,0,8,8,768
12/07/2008,HNL,HI,AWP,WE,Towers with Radar,396,88,55,30,569,0,58,81,1,140,396,146,136,31,709,0,0,0,709
12/08/2008,HNL,HI,AWP,WE,Towers with Radar,409,112,28,30,579,0,66,105,3,174,409,178,133,33,753,2,0,2,755
12/09/2008,HNL,HI,AWP,WE,Towers with Radar,415,109,24,59,607,0,71,56,0,127,415,180,80,59,734,1,1,2,736
12/10/2008,HNL,HI,AWP,WE,Towers with Radar,414,131,21,48,614,0,70,43,9,122,414,201,64,57,736,4,0,4,740
12/11/2008,HNL,HI,AWP,WE,Towers with Radar,442,122,9,15,588,0,8,4,0,12,442,130,13,15,600,0,0,0,600
12/12/2008,HNL,HI,AWP,WE,Towers with Radar,435,152,24,58,669,0,67,56,5,128,435,219,80,63,797,0,0,0,797
12/13/2008,HNL,HI,AWP,WE,Towers with Radar,421,125,17,21,584,0,4,48,0,52,421,129,65,21,636,0,0,0,636
12/14/2008,HNL,HI,AWP,WE,Towers with Radar,410,105,29,18,562,0,29,64,4,97,410,134,93,22,659,0,0,0,659
12/15/2008,HNL,HI,AWP,WE,Towers with Radar,408,134,69,64,675,0,85,112,0,197,408,219,181,64,872,0,0,0,872
12/16/2008,HNL,HI,AWP,WE,Towers with Radar,427,141,43,86,697,0,56,91,6,153,427,197,134,92,850,20,8,28,878
12/17/2008,HNL,HI,AWP,WE,Towers with Radar,412,32,29,62,535,0,70,75,0,145,412,102,104,62,680,10,0,10,690
12/18/2008,HNL,HI,AWP,WE,Towers with Radar,446,119,33,67,665,0,50,87,7,144,446,169,120,74,809,10,0,10,819
12/19/2008,HNL,HI,AWP,WE,Towers with Radar,468,152,39,44,703,0,69,44,0,113,468,221,83,44,816,0,0,0,816
12/20/2008,HNL,HI,AWP,WE,Towers with Radar,436,128,43,17,624,0,77,80,10,167,436,205,123,27,791,0,0,0,791
12/21/2008,HNL,HI,AWP,WE,Towers with Radar,401,81,13,11,506,0,63,112,3,178,401,144,125,14,684,0,0,0,684
12/22/2008,HNL,HI,AWP,WE,Towers with Radar,451,155,42,49,697,0,61,68,3,132,451,216,110,52,829,0,0,0,829
12/23/2008,HNL,HI,AWP,WE,Towers with Radar,445,147,30,39,661,0,72,92,2,166,445,219,122,41,827,2,0,2,829
12/24/2008,HNL,HI,AWP,WE,Towers with Radar,434,135,8,19,596,0,68,76,2,146,434,203,84,21,742,0,0,0,742
12/25/2008,HNL,HI,AWP,WE,Towers with Radar,405,94,9,4,512,0,38,36,0,74,405,132,45,4,586,0,0,0,586
12/26/2008,HNL,HI,AWP,WE,Towers with Radar,421,120,26,2,569,0,57,53,1,111,421,177,79,3,680,0,0,0,680
12/27/2008,HNL,HI,AWP,WE,Towers with Radar,457,104,36,7,604,0,71,58,0,129,457,175,94,7,733,2,0,2,735
12/28/2008,HNL,HI,AWP,WE,Towers with Radar,446,117,32,9,604,0,62,57,0,119,446,179,89,9,723,0,0,0,723
12/29/2008,HNL,HI,AWP,WE,Towers with Radar,437,128,31,32,628,0,105,75,1,181,437,233,106,33,809,8,0,8,817
12/30/2008,HNL,HI,AWP,WE,Towers with Radar,432,149,47,48,676,0,90,99,2,191,432,239,146,50,867,4,2,6,873
12/31/2008,HNL,HI,AWP,WE,Towers with Radar,428,114,17,22,581,0,119,86,2,207,428,233,103,24,788,0,0,0,788
01/01/2009,HNL,HI,AWP,WE,Towers with Radar,421,68,17,3,509,0,74,29,0,103,421,142,46,3,612,0,0,0,612
01/02/2009,HNL,HI,AWP,WE,Towers with Radar,472,144,22,17,655,0,116,52,2,170,472,260,74,19,825,0,0,0,825
01/03/2009,HNL,HI,AWP,WE,Towers with Radar,434,118,28,10,590,0,83,77,1,161,434,201,105,11,751,0,0,0,751
01/04/2009,HNL,HI,AWP,WE,Towers with Radar,414,103,19,8,544,0,34,76,3,113,414,137,95,11,657,0,0,0,657
01/05/2009,HNL,HI,AWP,WE,Towers with Radar,432,127,8,37,604,0,80,74,3,157,432,207,82,40,761,2,4,6,767
01/06/2009,HNL,HI,AWP,WE,Towers with Radar,423,120,9,40,592,0,136,77,10,223,423,256,86,50,815,0,0,0,815
01/07/2009,HNL,HI,AWP,WE,Towers with Radar,433,114,30,66,643,0,87,83,4,174,433,201,113,70,817,0,0,0,817
01/08/2009,HNL,HI,AWP,WE,Towers with Radar,403,129,24,64,620,0,69,97,17,183,403,198,121,81,803,0,0,0,803
01/09/2009,HNL,HI,AWP,WE,Towers with Radar,447,125,22,35,629,0,72,96,9,177,447,197,118,44,806,0,0,0,806
01/10/2009,HNL,HI,AWP,WE,Towers with Radar,389,113,13,32,547,0,75,97,1,173,389,188,110,33,720,0,0,0,720
01/11/2009,HNL,HI,AWP,WE,Towers with Radar,391,112,18,28,549,0,36,63,0,99,391,148,81,28,648,0,0,0,648
01/12/2009,HNL,HI,AWP,WE,Towers with Radar,417,121,27,56,621,0,78,92,1,171,417,199,119,57,792,0,0,0,792
01/13/2009,HNL,HI,AWP,WE,Towers with Radar,391,126,17,99,633,0,76,58,5,139,391,202,75,104,772,0,0,0,772
01/14/2009,HNL,HI,AWP,WE,Towers with Radar,418,154,22,87,681,0,68,64,12,144,418,222,86,99,825,4,0,4,829
01/15/2009,HNL,HI,AWP,WE,Towers with Radar,419,139,10,58,626,0,46,37,2,85,419,185,47,60,711,0,0,0,711
01/16/2009,HNL,HI,AWP,WE,Towers with Radar,452,131,16,47,646,0,10,15,1,26,452,141,31,48,672,0,0,0,672
01/17/2009,HNL,HI,AWP,WE,Towers with Radar,406,115,21,33,575,0,75,94,3,172,406,190,115,36,747,0,0,0,747
01/18/2009,HNL,HI,AWP,WE,Towers with Radar,391,89,24,31,535,0,50,82,4,136,391,139,106,35,671,4,0,4,675
01/19/2009,HNL,HI,AWP,WE,Towers with Radar,409,111,36,12,568,0,75,116,3,194,409,186,152,15,762,16,0,16,778
01/20/2009,HNL,HI,AWP,WE,Towers with Radar,411,104,18,67,600,0,79,50,7,136,411,183,68,74,736,0,0,0,736
01/21/2009,HNL,HI,AWP,WE,Towers with Radar,432,10,26,80,548,0,74,84,11,169,432,84,110,91,717,0,0,0,717
01/22/2009,HNL,HI,AWP,WE,Towers with Radar,403,115,29,86,633,0,73,69,12,154,403,188,98,98,787,6,2,8,795
01/23/2009,HNL,HI,AWP,WE,Towers with Radar,432,124,31,68,655,0,75,77,4,156,432,199,108,72,811,0,0,0,811
01/24/2009,HNL,HI,AWP,WE,Towers with Radar,396,118,29,28,571,0,61,11,2,74,396,179,40,30,645,0,4,4,649
01/25/2009,HNL,HI,AWP,WE,Towers with Radar,372,106,33,21,532,0,50,93,2,145,372,156,126,23,677,0,0,0,677
01/26/2009,HNL,HI,AWP,WE,Towers with Radar,413,127,17,87,644,0,76,52,14,142,413,203,69,101,786,0,0,0,786
01/27/2009,HNL,HI,AWP,WE,Towers with Radar,403,132,49,141,725,0,35,35,12,82,403,167,84,153,807,0,1,1,808
01/28/2009,HNL,HI,AWP,WE,Towers with Radar,403,143,24,72,642,0,65,82,12,159,403,208,106,84,801,0,4,4,805
01/29/2009,HNL,HI,AWP,WE,Towers with Radar,429,117,42,61,649,0,75,93,16,184,429,192,135,77,833,4,4,8,841
01/30/2009,HNL,HI,AWP,WE,Towers with Radar,439,131,28,54,652,0,44,7,2,53,439,175,35,56,705,0,0,0,705
01/31/2009,HNL,HI,AWP,WE,Towers with Radar,401,116,35,22,574,0,50,109,9,168,401,166,144,31,742,11,0,11,753
02/01/2009,HNL,HI,AWP,WE,Towers with Radar,399,80,14,11,504,0,60,118,5,183,399,140,132,16,687,4,0,4,691
02/02/2009,HNL,HI,AWP,WE,Towers with Radar,426,135,18,44,623,0,55,68,10,133,426,190,86,54,756,2,2,4,760
02/03/2009,HNL,HI,AWP,WE,Towers with Radar,411,116,29,111,667,0,78,31,28,137,411,194,60,139,804,0,0,0,804
02/04/2009,HNL,HI,AWP,WE,Towers with Radar,422,102,29,43,596,0,93,56,24,173,422,195,85,67,769,0,0,0,769
02/05/2009,HNL,HI,AWP,WE,Towers with Radar,428,135,15,56,634,0,97,70,16,183,428,232,85,72,817,14,0,14,831
02/06/2009,HNL,HI,AWP,WE,Towers with Radar,454,129,26,32,641,0,64,98,10,172,454,193,124,42,813,0,0,0,813
02/07/2009,HNL,HI,AWP,WE,Towers with Radar,415,121,21,17,574,0,55,135,6,196,415,176,156,23,770,0,0,0,770
02/08/2009,HNL,HI,AWP,WE,Towers with Radar,390,107,34,15,546,0,35,73,2,110,390,142,107,17,656,4,0,4,660
02/09/2009,HNL,HI,AWP,WE,Towers with Radar,429,118,15,59,621,0,84,67,10,161,429,202,82,69,782,4,0,4,786
02/10/2009,HNL,HI,AWP,WE,Towers with Radar,415,137,21,97,670,0,90,84,21,195,415,227,105,118,865,0,0,0,865
02/11/2009,HNL,HI,AWP,WE,Towers with Radar,422,110,17,73,622,0,108,71,13,192,422,218,88,86,814,2,0,2,816
02/12/2009,HNL,HI,AWP,WE,Towers with Radar,424,146,38,64,672,0,80,72,18,170,424,226,110,82,842,4,0,4,846
02/13/2009,HNL,HI,AWP,WE,Towers with Radar,461,139,24,41,665,0,64,79,7,150,461,203,103,48,815,2,0,2,817
02/14/2009,HNL,HI,AWP,WE,Towers with Radar,426,116,26,20,588,0,60,79,3,142,426,176,105,23,730,26,0,26,756
02/15/2009,HNL,HI,AWP,WE,Towers with Radar,387,105,36,12,540,0,66,89,1,156,387,171,125,13,696,0,0,0,696
02/16/2009,HNL,HI,AWP,WE,Towers with Radar,441,126,27,27,621,0,88,94,6,188,441,214,121,33,809,8,0,8,817
02/17/2009,HNL,HI,AWP,WE,Towers with Radar,422,115,34,109,680,0,115,73,26,214,422,230,107,135,894,10,4,14,908
02/18/2009,HNL,HI,AWP,WE,Towers with Radar,421,115,10,75,621,0,81,78,7,166,421,196,88,82,787,10,4,14,801
02/19/2009,HNL,HI,AWP,WE,Towers with Radar,429,129,29,93,680,0,78,75,7,160,429,207,104,100,840,10,0,10,850
02/20/2009,HNL,HI,AWP,WE,Towers with Radar,461,130,10,49,650,0,74,80,5,159,461,204,90,54,809,0,0,0,809
02/21/2009,HNL,HI,AWP,WE,Towers with Radar,424,116,18,31,589,0,45,116,11,172,424,161,134,42,761,0,4,4,765
02/22/2009,HNL,HI,AWP,WE,Towers with Radar,401,119,30,22,572,0,45,111,0,156,401,164,141,22,728,0,0,0,728
02/23/2009,HNL,HI,AWP,WE,Towers with Radar,438,116,28,73,655,0,70,100,19,189,438,186,128,92,844,0,0,0,844
02/24/2009,HNL,HI,AWP,WE,Towers with Radar,430,121,38,65,654,0,68,78,1,147,430,189,116,66,801,0,0,0,801
02/25/2009,HNL,HI,AWP,WE,Towers with Radar,413,125,31,76,645,0,68,56,36,160,413,193,87,112,805,0,0,0,805
02/26/2009,HNL,HI,AWP,WE,Towers with Radar,421,128,41,82,672,0,61,52,33,146,421,189,93,115,818,0,0,0,818
02/27/2009,HNL,HI,AWP,WE,Towers with Radar,446,145,20,65,676,0,62,67,8,137,446,207,87,73,813,2,0,2,815
02/28/2009,HNL,HI,AWP,WE,Towers with Radar,415,134,27,26,602,0,19,89,4,112,415,153,116,30,714,4,0,4,718
03/01/2009,HNL,HI,AWP,WE,Towers with Radar,397,107,26,24,554,0,48,60,4,112,397,155,86,28,666,2,0,2,668
03/02/2009,HNL,HI,AWP,WE,Towers with Radar,437,132,36,54,659,0,53,49,9,111,437,185,85,63,770,0,2,2,772
03/03/2009,HNL,HI,AWP,WE,Towers with Radar,412,118,39,56,625,0,54,48,9,111,412,172,87,65,736,8,0,8,744
03/04/2009,HNL,HI,AWP,WE,Towers with Radar,435,125,30,48,638,0,73,62,4,139,435,198,92,52,777,0,0,0,777
03/05/2009,HNL,HI,AWP,WE,Towers with Radar,429,129,31,49,638,0,70,99,3,172,429,199,130,52,810,2,0,2,812
03/06/2009,HNL,HI,AWP,WE,Towers with Radar,445,144,23,36,648,0,72,99,2,173,445,216,122,38,821,2,0,2,823
03/07/2009,HNL,HI,AWP,WE,Towers with Radar,416,135,25,64,640,0,27,58,7,92,416,162,83,71,732,6,0,6,738
03/08/2009,HNL,HI,AWP,WE,Towers with Radar,391,114,23,20,548,0,18,75,0,93,391,132,98,20,641,0,0,0,641
03/09/2009,HNL,HI,AWP,WE,Towers with Radar,424,131,5,41,601,0,58,87,4,149,424,189,92,45,750,0,0,0,750
03/10/2009,HNL,HI,AWP,WE,Towers with Radar,408,97,48,66,619,0,90,57,19,166,408,187,105,85,785,0,0,0,785
03/11/2009,HNL,HI,AWP,WE,Towers with Radar,413,130,32,62,637,0,84,70,14,168,413,214,102,76,805,13,0,13,818
03/12/2009,HNL,HI,AWP,WE,Towers with Radar,436,152,21,38,647,0,56,67,16,139,436,208,88,54,786,2,0,2,788
03/13/2009,HNL,HI,AWP,WE,Towers with Radar,428,147,21,41,637,0,85,111,14,210,428,232,132,55,847,0,0,0,847
03/14/2009,HNL,HI,AWP,WE,Towers with Radar,412,139,15,24,590,0,25,29,0,54,412,164,44,24,644,0,0,0,644
03/15/2009,HNL,HI,AWP,WE,Towers with Radar,384,98,26,24,532,0,39,74,0,113,384,137,100,24,645,0,0,0,645
03/16/2009,HNL,HI,AWP,WE,Towers with Radar,420,126,57,47,650,0,80,84,4,168,420,206,141,51,818,30,0,30,848
03/17/2009,HNL,HI,AWP,WE,Towers with Radar,415,136,57,96,704,0,90,112,22,224,415,226,169,118,928,4,8,12,940
03/18/2009,HNL,HI,AWP,WE,Towers with Radar,208,60,7,15,290,0,42,38,1,81,208,102,45,16,371,0,2,2,373
03/19/2009,HNL,HI,AWP,WE,Towers with Radar,432,148,22,56,658,0,58,84,10,152,432,206,106,66,810,0,4,4,814
03/20/2009,HNL,HI,AWP,WE,Towers with Radar,455,132,25,31,643,0,73,101,5,179,455,205,126,36,822,0,0,0,822
03/21/2009,HNL,HI,AWP,WE,Towers with Radar,416,115,37,32,600,0,67,100,6,173,416,182,137,38,773,12,0,12,785
03/22/2009,HNL,HI,AWP,WE,Towers with Radar,386,105,28,20,539,0,57,56,49,162,386,162,84,69,701,0,0,0,701
03/23/2009,HNL,HI,AWP,WE,Towers with Radar,428,126,25,26,605,0,73,95,23,191,428,199,120,49,796,0,0,0,796
03/24/2009,HNL,HI,AWP,WE,Towers with Radar,421,114,31,89,655,0,111,71,32,214,421,225,102,121,869,0,0,0,869
03/25/2009,HNL,HI,AWP,WE,Towers with Radar,414,129,37,74,654,0,90,82,28,200,414,219,119,102,854,8,2,10,864
03/26/2009,HNL,HI,AWP,WE,Towers with Radar,426,135,46,65,672,0,86,82,8,176,426,221,128,73,848,8,0,8,856
03/27/2009,HNL,HI,AWP,WE,Towers with Radar,455,124,54,46,679,0,78,64,12,154,455,202,118,58,833,26,0,26,859
03/28/2009,HNL,HI,AWP,WE,Towers with Radar,412,132,46,18,608,0,40,108,5,153,412,172,154,23,761,6,0,6,767
03/29/2009,HNL,HI,AWP,WE,Towers with Radar,409,110,20,15,554,0,27,83,0,110,409,137,103,15,664,0,0,0,664
03/30/2009,HNL,HI,AWP,WE,Towers with Radar,425,118,25,53,621,0,44,73,11,128,425,162,98,64,749,6,6,12,761
03/31/2009,HNL,HI,AWP,WE,Towers with Radar,438,118,27,42,625,0,62,107,15,184,438,180,134,57,809,0,0,0,809
04/01/2009,HNL,HI,AWP,WE,Towers with Radar,446,117,16,43,622,0,43,86,10,139,446,160,102,53,761,0,1,1,762
04/02/2009,HNL,HI,AWP,WE,Towers with Radar,422,116,23,63,624,0,74,99,22,195,422,190,122,85,819,0,6,6,825
04/03/2009,HNL,HI,AWP,WE,Towers with Radar,454,129,25,36,644,0,52,125,2,179,454,181,150,38,823,0,0,0,823
04/04/2009,HNL,HI,AWP,WE,Towers with Radar,423,97,31,75,626,0,33,82,2,117,423,130,113,77,743,6,0,6,749
04/05/2009,HNL,HI,AWP,WE,Towers with Radar,389,105,27,18,539,0,38,111,2,151,389,143,138,20,690,4,0,4,694
04/06/2009,HNL,HI,AWP,WE,Towers with Radar,410,126,20,20,576,0,43,71,9,123,410,169,91,29,699,0,0,0,699
04/07/2009,HNL,HI,AWP,WE,Towers with Radar,420,117,50,67,654,0,82,75,18,175,420,199,125,85,829,0,0,0,829
04/08/2009,HNL,HI,AWP,WE,Towers with Radar,415,111,42,50,618,0,63,118,6,187,415,174,160,56,805,8,0,8,813
04/09/2009,HNL,HI,AWP,WE,Towers with Radar,436,126,41,53,656,0,58,71,18,147,436,184,112,71,803,0,2,2,805
04/10/2009,HNL,HI,AWP,WE,Towers with Radar,437,163,42,33,675,0,64,62,5,131,437,227,104,38,806,0,0,0,806
04/11/2009,HNL,HI,AWP,WE,Towers with Radar,402,123,21,19,565,0,26,115,7,148,402,149,136,26,713,4,0,4,717
04/12/2009,HNL,HI,AWP,WE,Towers with Radar,405,82,22,13,522,0,32,86,3,121,405,114,108,16,643,0,0,0,643
04/13/2009,HNL,HI,AWP,WE,Towers with Radar,425,138,29,82,674,0,78,103,30,211,425,216,132,112,885,0,0,0,885
04/14/2009,HNL,HI,AWP,WE,Towers with Radar,433,108,23,41,605,0,77,86,42,205,433,185,109,83,810,18,0,18,828
04/15/2009,HNL,HI,AWP,WE,Towers with Radar,430,116,19,35,600,85,124,10,0,219,515,240,29,35,819,0,0,0,819
04/16/2009,HNL,HI,AWP,WE,Towers with Radar,443,114,29,45,631,0,86,91,14,191,443,200,120,59,822,0,0,0,822
04/17/2009,HNL,HI,AWP,WE,Towers with Radar,447,129,18,24,618,0,62,132,4,198,447,191,150,28,816,0,0,0,816
04/18/2009,HNL,HI,AWP,WE,Towers with Radar,413,123,21,18,575,0,34,115,7,156,413,157,136,25,731,0,0,0,731
04/19/2009,HNL,HI,AWP,WE,Towers with Radar,390,111,16,18,535,0,26,106,9,141,390,137,122,27,676,0,0,0,676
04/20/2009,HNL,HI,AWP,WE,Towers with Radar,422,126,20,15,583,0,50,68,2,120,422,176,88,17,703,0,0,0,703
04/21/2009,HNL,HI,AWP,WE,Towers with Radar,407,112,20,52,591,0,61,82,39,182,407,173,102,91,773,0,0,0,773
04/22/2009,HNL,HI,AWP,WE,Towers with Radar,426,104,24,68,622,0,43,139,14,196,426,147,163,82,818,6,0,6,824
04/23/2009,HNL,HI,AWP,WE,Towers with Radar,435,138,28,50,651,0,26,33,5,64,435,164,61,55,715,0,2,2,717
04/24/2009,HNL,HI,AWP,WE,Towers with Radar,443,147,29,30,649,0,65,79,15,159,443,212,108,45,808,14,0,14,822
04/25/2009,HNL,HI,AWP,WE,Towers with Radar,403,95,16,21,535,0,55,135,7,197,403,150,151,28,732,8,0,8,740
04/26/2009,HNL,HI,AWP,WE,Towers with Radar,392,89,13,19,513,0,43,113,1,157,392,132,126,20,670,0,0,0,670
04/27/2009,HNL,HI,AWP,WE,Towers with Radar,407,136,13,41,597,0,63,105,2,170,407,199,118,43,767,2,0,2,769
04/28/2009,HNL,HI,AWP,WE,Towers with Radar,428,112,13,84,637,0,85,112,17,214,428,197,125,101,851,0,0,0,851
04/29/2009,HNL,HI,AWP,WE,Towers with Radar,407,120,15,41,583,0,76,97,13,186,407,196,112,54,769,0,4,4,773
04/30/2009,HNL,HI,AWP,WE,Towers with Radar,428,156,32,51,667,0,69,94,33,196,428,225,126,84,863,4,0,4,867
05/01/2009,HNL,HI,AWP,WE,Towers with Radar,464,152,24,30,670,0,70,91,59,220,464,222,115,89,890,0,0,0,890
05/02/2009,HNL,HI,AWP,WE,Towers with Radar,423,122,28,54,627,0,52,142,9,203,423,174,170,63,830,4,0,4,834
05/03/2009,HNL,HI,AWP,WE,Towers with Radar,410,106,32,13,561,0,31,132,4,167,410,137,164,17,728,0,0,0,728
05/04/2009,HNL,HI,AWP,WE,Towers with Radar,427,127,21,10,585,0,41,98,6,145,427,168,119,16,730,10,0,10,740
05/05/2009,HNL,HI,AWP,WE,Towers with Radar,436,141,39,35,651,0,55,94,15,164,436,196,133,50,815,17,0,17,832
05/06/2009,HNL,HI,AWP,WE,Towers with Radar,439,129,28,60,656,0,91,93,24,208,439,220,121,84,864,10,2,12,876
05/07/2009,HNL,HI,AWP,WE,Towers with Radar,435,139,27,57,658,0,46,93,8,147,435,185,120,65,805,2,0,2,807
05/08/2009,HNL,HI,AWP,WE,Towers with Radar,460,131,33,28,652,0,38,93,3,134,460,169,126,31,786,8,0,8,794
05/09/2009,HNL,HI,AWP,WE,Towers with Radar,427,102,29,13,571,0,41,97,7,145,427,143,126,20,716,0,0,0,716
05/10/2009,HNL,HI,AWP,WE,Towers with Radar,402,84,18,13,517,0,21,70,1,92,402,105,88,14,609,0,0,0,609
05/11/2009,HNL,HI,AWP,WE,Towers with Radar,426,128,31,33,618,0,62,72,3,137,426,190,103,36,755,26,0,26,781
05/12/2009,HNL,HI,AWP,WE,Towers with Radar,433,126,27,51,637,0,68,56,38,162,433,194,83,89,799,8,0,8,807
05/13/2009,HNL,HI,AWP,WE,Towers with Radar,424,117,25,42,608,0,92,57,6,155,424,209,82,48,763,12,0,12,775
05/14/2009,HNL,HI,AWP,WE,Towers with Radar,446,126,20,49,641,0,100,92,21,213,446,226,112,70,854,0,0,0,854
05/15/2009,HNL,HI,AWP,WE,Towers with Radar,472,125,38,41,676,0,86,92,3,181,472,211,130,44,857,0,0,0,857
05/16/2009,HNL,HI,AWP,WE,Towers with Radar,417,118,41,28,604,0,32,141,1,174,417,150,182,29,778,2,0,2,780
05/17/2009,HNL,HI,AWP,WE,Towers with Radar,398,102,13,15,528,0,27,69,3,99,398,129,82,18,627,0,0,0,627
05/18/2009,HNL,HI,AWP,WE,Towers with Radar,426,139,37,21,623,0,56,69,6,131,426,195,106,27,754,2,0,2,756
05/19/2009,HNL,HI,AWP,WE,Towers with Radar,433,122,8,35,598,0,78,89,11,178,433,200,97,46,776,0,0,0,776
05/20/2009,HNL,HI,AWP,WE,Towers with Radar,429,132,47,44,652,0,45,74,15,134,429,177,121,59,786,22,0,22,808
05/21/2009,HNL,HI,AWP,WE,Towers with Radar,215,66,7,8,296,0,39,43,14,96,215,105,50,22,392,0,0,0,392
05/22/2009,HNL,HI,AWP,WE,Towers with Radar,468,149,17,34,668,0,63,106,4,173,468,212,123,38,841,0,0,0,841
05/23/2009,HNL,HI,AWP,WE,Towers with Radar,428,113,24,17,582,0,47,120,6,173,428,160,144,23,755,0,0,0,755
05/24/2009,HNL,HI,AWP,WE,Towers with Radar,385,113,28,22,548,0,22,92,0,114,385,135,120,22,662,0,0,0,662
05/25/2009,HNL,HI,AWP,WE,Towers with Radar,436,114,33,8,591,0,47,123,0,170,436,161,156,8,761,12,0,12,773
05/26/2009,HNL,HI,AWP,WE,Towers with Radar,532,128,34,74,768,0,79,98,18,195,532,207,132,92,963,20,4,24,987
05/27/2009,HNL,HI,AWP,WE,Towers with Radar,433,147,33,37,650,0,61,70,4,135,433,208,103,41,785,16,0,16,801
05/28/2009,HNL,HI,AWP,WE,Towers with Radar,440,143,26,44,653,0,38,60,4,102,440,181,86,48,755,4,22,26,781
05/29/2009,HNL,HI,AWP,WE,Towers with Radar,467,131,49,31,678,0,43,96,4,143,467,174,145,35,821,2,0,2,823
05/30/2009,HNL,HI,AWP,WE,Towers with Radar,421,139,42,13,615,0,41,144,7,192,421,180,186,20,807,20,0,20,827
05/31/2009,HNL,HI,AWP,WE,Towers with Radar,399,104,25,16,544,0,32,85,4,121,399,136,110,20,665,4,0,4,669
06/01/2009,HNL,HI,AWP,WE,Towers with Radar,434,119,16,36,605,0,63,93,5,161,434,182,109,41,766,4,0,4,770
06/02/2009,HNL,HI,AWP,WE,Towers with Radar,441,103,44,58,646,0,74,86,17,177,441,177,130,75,823,22,4,26,849
06/03/2009,HNL,HI,AWP,WE,Towers with Radar,429,132,37,37,635,0,80,86,15,181,429,212,123,52,816,6,0,6,822
06/04/2009,HNL,HI,AWP,WE,Towers with Radar,448,138,41,56,683,0,60,92,22,174,448,198,133,78,857,0,0,0,857
06/05/2009,HNL,HI,AWP,WE,Towers with Radar,456,143,20,22,641,0,48,91,2,141,456,191,111,24,782,0,0,0,782
06/06/2009,HNL,HI,AWP,WE,Towers with Radar,426,118,31,28,603,0,46,95,4,145,426,164,126,32,748,12,0,12,760
06/07/2009,HNL,HI,AWP,WE,Towers with Radar,402,115,33,27,577,0,33,94,3,130,402,148,127,30,707,6,0,6,713
06/08/2009,HNL,HI,AWP,WE,Towers with Radar,423,145,11,34,613,0,40,62,7,109,423,185,73,41,722,0,4,4,726
06/09/2009,HNL,HI,AWP,WE,Towers with Radar,441,106,17,63,627,0,65,67,16,148,441,171,84,79,775,0,4,4,779
06/10/2009,HNL,HI,AWP,WE,Towers with Radar,447,120,37,45,649,0,56,66,8,130,447,176,103,53,779,0,0,0,779
06/11/2009,HNL,HI,AWP,WE,Towers with Radar,228,52,9,23,312,0,30,73,2,105,228,82,82,25,417,6,4,10,427
06/12/2009,HNL,HI,AWP,WE,Towers with Radar,466,146,32,46,690,0,54,109,4,167,466,200,141,50,857,0,0,0,857
06/13/2009,HNL,HI,AWP,WE,Towers with Radar,421,115,17,15,568,0,41,157,4,202,421,156,174,19,770,18,0,18,788
06/14/2009,HNL,HI,AWP,WE,Towers with Radar,411,92,15,17,535,0,28,80,1,109,411,120,95,18,644,1,2,3,647
06/15/2009,HNL,HI,AWP,WE,Towers with Radar,427,124,21,50,622,0,50,69,4,123,427,174,90,54,745,2,0,2,747
06/16/2009,HNL,HI,AWP,WE,Towers with Radar,443,135,17,61,656,0,47,35,14,96,443,182,52,75,752,0,0,0,752
06/17/2009,HNL,HI,AWP,WE,Towers with Radar,438,129,36,40,643,0,61,100,6,167,438,190,136,46,810,0,0,0,810
06/18/2009,HNL,HI,AWP,WE,Towers with Radar,440,143,29,47,659,0,58,73,6,137,440,201,102,53,796,2,0,2,798
06/19/2009,HNL,HI,AWP,WE,Towers with Radar,239,62,21,14,336,0,43,35,5,83,239,105,56,19,419,0,0,0,419
06/20/2009,HNL,HI,AWP,WE,Towers with Radar,432,125,29,14,600,0,43,103,3,149,432,168,132,17,749,10,0,10,759
06/21/2009,HNL,HI,AWP,WE,Towers with Radar,434,89,35,14,572,0,21,61,3,85,434,110,96,17,657,0,0,0,657
06/22/2009,HNL,HI,AWP,WE,Towers with Radar,440,130,33,46,649,0,45,60,8,113,440,175,93,54,762,4,0,4,766
06/23/2009,HNL,HI,AWP,WE,Towers with Radar,446,121,23,77,667,0,78,66,14,158,446,199,89,91,825,0,0,0,825
06/24/2009,HNL,HI,AWP,WE,Towers with Radar,451,130,40,38,659,0,72,65,2,139,451,202,105,40,798,0,0,0,798
06/25/2009,HNL,HI,AWP,WE,Towers with Radar,458,137,27,46,668,0,51,99,3,153,458,188,126,49,821,0,4,4,825
06/26/2009,HNL,HI,AWP,WE,Towers with Radar,484,149,52,28,713,0,66,93,6,165,484,215,145,34,878,0,0,0,878
06/27/2009,HNL,HI,AWP,WE,Towers with Radar,437,130,79,13,659,0,28,95,7,130,437,158,174,20,789,28,0,28,817
06/28/2009,HNL,HI,AWP,WE,Towers with Radar,423,110,37,12,582,0,27,82,6,115,423,137,119,18,697,0,0,0,697
06/29/2009,HNL,HI,AWP,WE,Towers with Radar,452,126,50,23,651,0,46,73,4,123,452,172,123,27,774,22,0,22,796
06/30/2009,HNL,HI,AWP,WE,Towers with Radar,461,122,45,62,690,0,44,91,5,140,461,166,136,67,830,0,0,0,830
07/01/2009,HNL,HI,AWP,WE,Towers with Radar,473,115,44,41,673,0,74,93,64,231,473,189,137,105,904,0,0,0,904
07/02/2009,HNL,HI,AWP,WE,Towers with Radar,454,147,19,38,658,0,69,81,0,150,454,216,100,38,808,4,0,4,812
07/03/2009,HNL,HI,AWP,WE,Towers with Radar,482,161,21,14,678,0,47,144,6,197,482,208,165,20,875,4,0,4,879
07/04/2009,HNL,HI,AWP,WE,Towers with Radar,449,111,10,7,577,0,34,77,34,145,449,145,87,41,722,0,0,0,722
07/05/2009,HNL,HI,AWP,WE,Towers with Radar,452,106,23,15,596,0,41,123,2,166,452,147,146,17,762,6,0,6,768
07/06/2009,HNL,HI,AWP,WE,Towers with Radar,448,127,44,25,644,0,39,77,4,120,448,166,121,29,764,4,0,4,768
07/07/2009,HNL,HI,AWP,WE,Towers with Radar,459,112,31,69,671,0,76,109,12,197,459,188,140,81,868,0,0,0,868
07/08/2009,HNL,HI,AWP,WE,Towers with Radar,451,120,43,46,660,0,71,98,10,179,451,191,141,56,839,0,0,0,839
07/09/2009,HNL,HI,AWP,WE,Towers with Radar,441,129,21,42,633,0,39,89,8,136,441,168,110,50,769,0,0,0,769
07/10/2009,HNL,HI,AWP,WE,Towers with Radar,486,136,31,25,678,0,55,99,2,156,486,191,130,27,834,0,0,0,834
07/11/2009,HNL,HI,AWP,WE,Towers with Radar,465,103,22,52,642,0,27,111,2,140,465,130,133,54,782,0,0,0,782
07/12/2009,HNL,HI,AWP,WE,Towers with Radar,426,104,32,19,581,0,26,102,5,133,426,130,134,24,714,10,0,10,724
07/13/2009,HNL,HI,AWP,WE,Towers with Radar,462,137,24,20,643,0,51,74,4,129,462,188,98,24,772,14,0,14,786
07/14/2009,HNL,HI,AWP,WE,Towers with Radar,456,109,36,58,659,0,96,88,6,190,456,205,124,64,849,22,0,22,871
07/15/2009,HNL,HI,AWP,WE,Towers with Radar,460,126,35,22,643,77,89,3,0,169,537,215,38,22,812,0,0,0,812
07/16/2009,HNL,HI,AWP,WE,Towers with Radar,468,114,24,30,636,0,72,112,3,187,468,186,136,33,823,4,0,4,827
07/17/2009,HNL,HI,AWP,WE,Towers with Radar,490,151,16,25,682,0,47,123,0,170,490,198,139,25,852,0,0,0,852
07/18/2009,HNL,HI,AWP,WE,Towers with Radar,452,118,32,15,617,0,33,136,6,175,452,151,168,21,792,4,0,4,796
07/19/2009,HNL,HI,AWP,WE,Towers with Radar,438,87,14,18,557,0,31,122,5,158,438,118,136,23,715,2,0,2,717
07/20/2009,HNL,HI,AWP,WE,Towers with Radar,465,121,17,17,620,0,34,99,2,135,465,155,116,19,755,14,0,14,769
07/21/2009,HNL,HI,AWP,WE,Towers with Radar,449,119,17,23,608,0,45,65,11,121,449,164,82,34,729,0,0,0,729
07/22/2009,HNL,HI,AWP,WE,Towers with Radar,451,132,12,37,632,0,50,89,6,145,451,182,101,43,777,0,0,0,777
07/23/2009,HNL,HI,AWP,WE,Towers with Radar,470,155,16,36,677,0,61,54,13,128,470,216,70,49,805,2,2,4,809
07/24/2009,HNL,HI,AWP,WE,Towers with Radar,485,137,14,14,650,0,21,24,45,90,485,158,38,59,740,0,0,0,740
07/25/2009,HNL,HI,AWP,WE,Towers with Radar,447,140,27,18,632,0,34,86,4,124,447,174,113,22,756,2,0,2,758
07/26/2009,HNL,HI,AWP,WE,Towers with Radar,445,99,12,21,577,0,43,68,2,113,445,142,80,23,690,8,0,8,698
07/27/2009,HNL,HI,AWP,WE,Towers with Radar,464,162,25,42,693,0,57,85,14,156,464,219,110,56,849,2,0,2,851
07/28/2009,HNL,HI,AWP,WE,Towers with Radar,445,122,29,30,626,0,61,52,2,115,445,183,81,32,741,0,0,0,741
07/29/2009,HNL,HI,AWP,WE,Towers with Radar,457,128,22,43,650,0,46,82,3,131,457,174,104,46,781,0,0,0,781
07/30/2009,HNL,HI,AWP,WE,Towers with Radar,483,164,26,51,724,0,62,82,3,147,483,226,108,54,871,2,0,2,873
07/31/2009,HNL,HI,AWP,WE,Towers with Radar,501,138,29,23,691,0,48,101,4,153,501,186,130,27,844,4,0,4,848
08/01/2009,HNL,HI,AWP,WE,Towers with Radar,463,126,40,46,675,0,34,97,8,139,463,160,137,54,814,4,0,4,818
08/02/2009,HNL,HI,AWP,WE,Towers with Radar,452,110,30,16,608,0,25,87,4,116,452,135,117,20,724,12,0,12,736
08/03/2009,HNL,HI,AWP,WE,Towers with Radar,469,143,18,25,655,0,44,98,2,144,469,187,116,27,799,10,0,10,809
08/04/2009,HNL,HI,AWP,WE,Towers with Radar,449,105,14,32,600,0,47,74,8,129,449,152,88,40,729,0,0,0,729
08/05/2009,HNL,HI,AWP,WE,Towers with Radar,451,108,37,44,640,0,71,81,49,201,451,179,118,93,841,0,0,0,841
08/06/2009,HNL,HI,AWP,WE,Towers with Radar,465,147,24,39,675,50,79,2,131,262,515,226,26,170,937,2,0,2,939
08/07/2009,HNL,HI,AWP,WE,Towers with Radar,510,132,31,33,706,0,59,123,4,186,510,191,154,37,892,0,0,0,892
08/08/2009,HNL,HI,AWP,WE,Towers with Radar,446,125,31,36,638,0,47,134,5,186,446,172,165,41,824,20,2,22,846
08/09/2009,HNL,HI,AWP,WE,Towers with Radar,438,107,15,24,584,0,36,117,5,158,438,143,132,29,742,0,0,0,742
08/10/2009,HNL,HI,AWP,WE,Towers with Radar,462,111,38,62,673,0,28,107,4,139,462,139,145,66,812,2,0,2,814
08/11/2009,HNL,HI,AWP,WE,Towers with Radar,448,108,10,39,605,0,41,70,6,117,448,149,80,45,722,2,0,2,724
08/12/2009,HNL,HI,AWP,WE,Towers with Radar,457,119,20,46,642,0,23,46,0,69,457,142,66,46,711,0,0,0,711
08/13/2009,HNL,HI,AWP,WE,Towers with Radar,465,125,27,53,670,0,58,91,5,154,465,183,118,58,824,4,0,4,828
08/14/2009,HNL,HI,AWP,WE,Towers with Radar,516,124,29,43,712,0,96,97,4,197,516,220,126,47,909,0,0,0,909
08/15/2009,HNL,HI,AWP,WE,Towers with Radar,448,125,30,19,622,0,55,127,8,190,448,180,157,27,812,2,0,2,814
08/16/2009,HNL,HI,AWP,WE,Towers with Radar,441,94,20,17,572,0,34,98,3,135,441,128,118,20,707,0,0,0,707
08/17/2009,HNL,HI,AWP,WE,Towers with Radar,453,134,32,55,674,0,63,85,3,151,453,197,117,58,825,4,0,4,829
08/18/2009,HNL,HI,AWP,WE,Towers with Radar,441,119,50,47,657,0,50,98,17,165,441,169,148,64,822,12,0,12,834
08/19/2009,HNL,HI,AWP,WE,Towers with Radar,456,121,42,38,657,0,56,82,3,141,456,177,124,41,798,8,2,10,808
08/20/2009,HNL,HI,AWP,WE,Towers with Radar,469,135,25,34,663,0,49,84,2,135,469,184,109,36,798,0,0,0,798
08/21/2009,HNL,HI,AWP,WE,Towers with Radar,496,121,26,48,691,0,51,95,1,147,496,172,121,49,838,0,0,0,838
08/22/2009,HNL,HI,AWP,WE,Towers with Radar,430,119,19,16,584,0,24,117,4,145,430,143,136,20,729,6,0,6,735
08/23/2009,HNL,HI,AWP,WE,Towers with Radar,430,93,22,18,563,0,25,112,3,140,430,118,134,21,703,0,4,4,707
08/24/2009,HNL,HI,AWP,WE,Towers with Radar,450,126,26,29,631,0,40,57,0,97,450,166,83,29,728,6,0,6,734
08/25/2009,HNL,HI,AWP,WE,Towers with Radar,429,125,51,49,654,0,53,77,10,140,429,178,128,59,794,4,0,4,798
08/26/2009,HNL,HI,AWP,WE,Towers with Radar,431,125,15,43,614,0,62,64,3,129,431,187,79,46,743,2,0,2,745
08/27/2009,HNL,HI,AWP,WE,Towers with Radar,455,129,25,59,668,0,50,77,7,134,455,179,102,66,802,6,0,6,808
08/28/2009,HNL,HI,AWP,WE,Towers with Radar,480,130,23,37,670,0,59,92,6,157,480,189,115,43,827,0,0,0,827
08/29/2009,HNL,HI,AWP,WE,Towers with Radar,427,132,6,15,580,0,34,89,4,127,427,166,95,19,707,2,0,2,709
08/30/2009,HNL,HI,AWP,WE,Towers with Radar,429,82,12,17,540,0,34,93,6,133,429,116,105,23,673,0,4,4,677
08/31/2009,HNL,HI,AWP,WE,Towers with Radar,426,119,24,54,623,0,58,66,2,126,426,177,90,56,749,10,0,10,759
09/01/2009,HNL,HI,AWP,WE,Towers with Radar,447,112,36,74,669,0,60,67,9,136,447,172,103,83,805,0,0,0,805
09/02/2009,HNL,HI,AWP,WE,Towers with Radar,446,121,24,53,644,0,81,61,8,150,446,202,85,61,794,4,0,4,798
09/03/2009,HNL,HI,AWP,WE,Towers with Radar,440,147,18,42,647,0,54,77,3,134,440,201,95,45,781,4,0,4,785
09/04/2009,HNL,HI,AWP,WE,Towers with Radar,488,135,32,9,664,0,55,101,4,160,488,190,133,13,824,0,0,0,824
09/05/2009,HNL,HI,AWP,WE,Towers with Radar,436,98,18,12,564,0,47,142,7,196,436,145,160,19,760,6,0,6,766
09/06/2009,HNL,HI,AWP,WE,Towers with Radar,382,93,16,7,498,0,25,80,2,107,382,118,96,9,605,0,0,0,605
09/07/2009,HNL,HI,AWP,WE,Towers with Radar,416,96,37,7,556,0,45,108,2,155,416,141,145,9,711,16,0,16,727
09/08/2009,HNL,HI,AWP,WE,Towers with Radar,405,119,44,52,620,0,64,79,9,152,405,183,123,61,772,9,0,9,781
09/09/2009,HNL,HI,AWP,WE,Towers with Radar,418,104,26,49,597,0,65,94,5,164,418,169,120,54,761,10,0,10,771
09/10/2009,HNL,HI,AWP,WE,Towers with Radar,412,131,18,48,609,0,61,96,9,166,412,192,114,57,775,0,0,0,775
09/11/2009,HNL,HI,AWP,WE,Towers with Radar,445,134,22,43,644,0,41,78,2,121,445,175,100,45,765,0,0,0,765
09/12/2009,HNL,HI,AWP,WE,Towers with Radar,426,97,30,50,603,0,32,95,1,128,426,129,125,51,731,0,0,0,731
09/13/2009,HNL,HI,AWP,WE,Towers with Radar,385,81,18,24,508,0,33,86,6,125,385,114,104,30,633,0,0,0,633
09/14/2009,HNL,HI,AWP,WE,Towers with Radar,412,143,12,24,591,0,61,82,5,148,412,204,94,29,739,2,0,2,741
09/15/2009,HNL,HI,AWP,WE,Towers with Radar,406,109,15,65,595,0,40,72,16,128,406,149,87,81,723,0,0,0,723
09/16/2009,HNL,HI,AWP,WE,Towers with Radar,399,131,12,48,590,0,36,83,4,123,399,167,95,52,713,0,0,0,713
09/17/2009,HNL,HI,AWP,WE,Towers with Radar,424,114,27,43,608,0,44,78,3,125,424,158,105,46,733,2,0,2,735
09/18/2009,HNL,HI,AWP,WE,Towers with Radar,430,117,13,28,588,0,37,102,0,139,430,154,115,28,727,0,0,0,727
09/19/2009,HNL,HI,AWP,WE,Towers with Radar,397,106,10,13,526,0,35,95,1,131,397,141,105,14,657,0,6,6,663
09/20/2009,HNL,HI,AWP,WE,Towers with Radar,383,90,10,15,498,0,34,95,3,132,383,124,105,18,630,0,0,0,630
09/21/2009,HNL,HI,AWP,WE,Towers with Radar,434,121,24,61,640,0,60,94,10,164,434,181,118,71,804,0,0,0,804
09/22/2009,HNL,HI,AWP,WE,Towers with Radar,420,113,14,62,609,0,74,86,5,165,420,187,100,67,774,2,0,2,776
09/23/2009,HNL,HI,AWP,WE,Towers with Radar,414,125,13,43,595,0,55,100,12,167,414,180,113,55,762,10,0,10,772
09/24/2009,HNL,HI,AWP,WE,Towers with Radar,421,139,18,49,627,0,54,110,8,172,421,193,128,57,799,0,0,0,799
09/25/2009,HNL,HI,AWP,WE,Towers with Radar,456,128,25,35,644,0,48,103,4,155,456,176,128,39,799,2,0,2,801
09/26/2009,HNL,HI,AWP,WE,Towers with Radar,432,112,22,22,588,0,31,175,3,209,432,143,197,25,797,9,4,13,810
09/27/2009,HNL,HI,AWP,WE,Towers with Radar,406,82,25,15,528,0,29,67,1,97,406,111,92,16,625,8,0,8,633
09/28/2009,HNL,HI,AWP,WE,Towers with Radar,407,111,11,30,559,0,50,76,3,129,407,161,87,33,688,0,0,0,688
09/29/2009,HNL,HI,AWP,WE,Towers with Radar,411,111,21,26,569,0,71,74,2,147,411,182,95,28,716,0,0,0,716
09/30/2009,HNL,HI,AWP,WE,Towers with Radar,418,118,14,27,577,0,95,74,9,178,418,213,88,36,755,0,0,0,755
10/01/2009,HNL,HI,AWP,WE,Towers with Radar,435,115,28,62,640,0,70,90,7,167,435,185,118,69,807,0,0,0,807
10/02/2009,HNL,HI,AWP,WE,Towers with Radar,477,115,21,39,652,0,78,92,4,174,477,193,113,43,826,0,0,0,826
10/03/2009,HNL,HI,AWP,WE,Towers with Radar,435,98,16,54,603,0,28,64,2,94,435,126,80,56,697,2,0,2,699
10/04/2009,HNL,HI,AWP,WE,Towers with Radar,404,78,17,31,530,0,28,78,2,108,404,106,95,33,638,4,0,4,642
10/05/2009,HNL,HI,AWP,WE,Towers with Radar,425,100,26,17,568,0,44,62,6,112,425,144,88,23,680,0,0,0,680
10/06/2009,HNL,HI,AWP,WE,Towers with Radar,427,104,15,26,572,0,52,90,12,154,427,156,105,38,726,0,0,0,726
10/07/2009,HNL,HI,AWP,WE,Towers with Radar,423,116,18,34,591,0,47,82,0,129,423,163,100,34,720,2,0,2,722
10/08/2009,HNL,HI,AWP,WE,Towers with Radar,436,121,18,44,619,0,32,70,3,105,436,153,88,47,724,0,0,0,724
10/09/2009,HNL,HI,AWP,WE,Towers with Radar,460,111,47,32,650,0,50,98,1,149,460,161,145,33,799,0,0,0,799
10/10/2009,HNL,HI,AWP,WE,Towers with Radar,441,102,25,16,584,0,32,139,2,173,441,134,164,18,757,4,0,4,761
10/11/2009,HNL,HI,AWP,WE,Towers with Radar,400,76,22,18,516,0,28,77,2,107,400,104,99,20,623,6,0,6,629
10/12/2009,HNL,HI,AWP,WE,Towers with Radar,426,95,26,20,567,0,44,79,2,125,426,139,105,22,692,8,0,8,700
10/13/2009,HNL,HI,AWP,WE,Towers with Radar,413,110,28,46,597,0,63,65,13,141,413,173,93,59,738,6,0,6,744
10/14/2009,HNL,HI,AWP,WE,Towers with Radar,417,124,19,40,600,0,72,84,4,160,417,196,103,44,760,0,0,0,760
10/15/2009,HNL,HI,AWP,WE,Towers with Radar,395,100,22,45,562,0,48,94,10,152,395,148,116,55,714,0,0,0,714
10/16/2009,HNL,HI,AWP,WE,Towers with Radar,442,126,23,42,633,0,74,72,4,150,442,200,95,46,783,0,2,2,785
10/17/2009,HNL,HI,AWP,WE,Towers with Radar,397,108,25,18,548,0,39,88,2,129,397,147,113,20,677,0,0,0,677
10/18/2009,HNL,HI,AWP,WE,Towers with Radar,388,77,25,22,512,0,32,53,0,85,388,109,78,22,597,4,0,4,601
10/19/2009,HNL,HI,AWP,WE,Towers with Radar,387,133,21,36,577,0,36,97,5,138,387,169,118,41,715,6,0,6,721
10/20/2009,HNL,HI,AWP,WE,Towers with Radar,372,119,41,63,595,0,49,58,13,120,372,168,99,76,715,8,0,8,723
10/21/2009,HNL,HI,AWP,WE,Towers with Radar,365,127,19,30,541,0,55,62,4,121,365,182,81,34,662,2,0,2,664
10/22/2009,HNL,HI,AWP,WE,Towers with Radar,382,131,20,59,592,0,47,73,7,127,382,178,93,66,719,0,0,0,719
10/23/2009,HNL,HI,AWP,WE,Towers with Radar,421,132,22,3,578,0,41,83,3,127,421,173,105,6,705,0,0,0,705
10/24/2009,HNL,HI,AWP,WE,Towers with Radar,395,101,33,16,545,0,24,86,3,113,395,125,119,19,658,0,0,0,658
10/25/2009,HNL,HI,AWP,WE,Towers with Radar,361,110,83,26,580,0,20,60,3,83,361,130,143,29,663,4,0,4,667
10/26/2009,HNL,HI,AWP,WE,Towers with Radar,384,117,14,52,567,0,29,63,6,98,384,146,77,58,665,6,2,8,673
10/27/2009,HNL,HI,AWP,WE,Towers with Radar,386,111,29,62,588,0,50,45,5,100,386,161,74,67,688,2,0,2,690
10/28/2009,HNL,HI,AWP,WE,Towers with Radar,385,120,22,50,577,0,72,94,3,169,385,192,116,53,746,0,0,0,746
10/29/2009,HNL,HI,AWP,WE,Towers with Radar,394,124,21,62,601,0,50,73,3,126,394,174,94,65,727,0,0,0,727
10/30/2009,HNL,HI,AWP,WE,Towers with Radar,411,128,21,48,608,0,45,110,1,156,411,173,131,49,764,22,0,22,786
10/31/2009,HNL,HI,AWP,WE,Towers with Radar,389,97,49,21,556,0,42,129,6,177,389,139,178,27,733,10,0,10,743
11/01/2009,HNL,HI,AWP,WE,Towers with Radar,366,66,15,22,469,0,20,94,1,115,366,86,109,23,584,8,0,8,592
11/02/2009,HNL,HI,AWP,WE,Towers with Radar,386,124,17,40,567,0,29,55,1,85,386,153,72,41,652,0,0,0,652
11/03/2009,HNL,HI,AWP,WE,Towers with Radar,377,98,28,49,552,0,26,47,4,77,377,124,75,53,629,0,0,0,629
11/04/2009,HNL,HI,AWP,WE,Towers with Radar,383,117,30,47,577,0,49,92,6,147,383,166,122,53,724,0,0,0,724
11/05/2009,HNL,HI,AWP,WE,Towers with Radar,388,113,25,63,589,0,89,115,3,207,388,202,140,66,796,8,2,10,806
11/06/2009,HNL,HI,AWP,WE,Towers with Radar,441,109,17,38,605,0,99,117,6,222,441,208,134,44,827,0,0,0,827
11/07/2009,HNL,HI,AWP,WE,Towers with Radar,385,105,32,53,575,0,37,102,4,143,385,142,134,57,718,8,0,8,726
11/08/2009,HNL,HI,AWP,WE,Towers with Radar,385,76,5,24,490,0,24,83,5,112,385,100,88,29,602,0,0,0,602
11/09/2009,HNL,HI,AWP,WE,Towers with Radar,388,101,37,28,554,0,89,117,7,213,388,190,154,35,767,8,0,8,775
11/10/2009,HNL,HI,AWP,WE,Towers with Radar,377,105,43,77,602,0,62,89,2,153,377,167,132,79,755,0,0,0,755
11/11/2009,HNL,HI,AWP,WE,Towers with Radar,379,114,27,15,535,0,82,79,0,161,379,196,106,15,696,0,0,0,696
11/12/2009,HNL,HI,AWP,WE,Towers with Radar,394,125,67,42,628,0,42,56,1,99,394,167,123,43,727,0,0,0,727
11/13/2009,HNL,HI,AWP,WE,Towers with Radar,406,131,54,48,639,0,46,72,0,118,406,177,126,48,757,0,0,0,757
11/14/2009,HNL,HI,AWP,WE,Towers with Radar,377,82,17,20,496,0,28,68,0,96,377,110,85,20,592,0,0,0,592
11/15/2009,HNL,HI,AWP,WE,Towers with Radar,363,80,20,17,480,0,24,53,0,77,363,104,73,17,557,0,0,0,557
11/16/2009,HNL,HI,AWP,WE,Towers with Radar,370,126,27,48,571,0,74,107,6,187,370,200,134,54,758,8,0,8,766
11/17/2009,HNL,HI,AWP,WE,Towers with Radar,368,110,22,45,545,0,56,67,4,127,368,166,89,49,672,6,0,6,678
11/18/2009,HNL,HI,AWP,WE,Towers with Radar,372,113,17,49,551,0,62,77,3,142,372,175,94,52,693,0,0,0,693
11/19/2009,HNL,HI,AWP,WE,Towers with Radar,359,133,34,45,571,0,36,76,1,113,359,169,110,46,684,10,0,10,694
11/20/2009,HNL,HI,AWP,WE,Towers with Radar,423,105,36,44,608,0,36,86,1,123,423,141,122,45,731,10,0,10,741
11/21/2009,HNL,HI,AWP,WE,Towers with Radar,386,99,33,16,534,0,20,89,1,110,386,119,122,17,644,0,0,0,644
11/22/2009,HNL,HI,AWP,WE,Towers with Radar,363,102,31,18,514,0,20,75,0,95,363,122,106,18,609,0,0,0,609
11/23/2009,HNL,HI,AWP,WE,Towers with Radar,394,112,28,40,574,0,54,85,7,146,394,166,113,47,720,2,0,2,722
11/24/2009,HNL,HI,AWP,WE,Towers with Radar,386,119,28,37,570,0,69,103,1,173,386,188,131,38,743,8,0,8,751
11/25/2009,HNL,HI,AWP,WE,Towers with Radar,387,129,36,24,576,0,55,95,5,155,387,184,131,29,731,1,0,1,732
11/26/2009,HNL,HI,AWP,WE,Towers with Radar,340,93,13,7,453,0,43,70,0,113,340,136,83,7,566,0,0,0,566
11/27/2009,HNL,HI,AWP,WE,Towers with Radar,405,133,24,9,571,0,73,100,0,173,405,206,124,9,744,0,0,0,744
11/28/2009,HNL,HI,AWP,WE,Towers with Radar,372,118,30,6,526,0,28,121,4,153,372,146,151,10,679,0,0,0,679
11/29/2009,HNL,HI,AWP,WE,Towers with Radar,408,84,37,7,536,0,20,73,1,94,408,104,110,8,630,0,0,0,630
11/30/2009,HNL,HI,AWP,WE,Towers with Radar,395,127,13,25,560,0,38,58,9,105,395,165,71,34,665,2,0,2,667
12/01/2009,HNL,HI,AWP,WE,Towers with Radar,400,93,29,58,580,0,74,68,3,145,400,167,97,61,725,0,0,0,725
12/02/2009,HNL,HI,AWP,WE,Towers with Radar,394,103,15,42,554,0,80,117,2,199,394,183,132,44,753,0,0,0,753
12/03/2009,HNL,HI,AWP,WE,Towers with Radar,383,133,26,36,578,0,48,90,3,141,383,181,116,39,719,0,0,0,719
12/04/2009,HNL,HI,AWP,WE,Towers with Radar,404,140,23,30,597,0,41,102,4,147,404,181,125,34,744,2,0,2,746
12/05/2009,HNL,HI,AWP,WE,Towers with Radar,388,90,23,61,562,0,30,132,6,168,388,120,155,67,730,0,0,0,730
12/06/2009,HNL,HI,AWP,WE,Towers with Radar,342,72,18,31,463,0,26,100,2,128,342,98,118,33,591,0,0,0,591
12/07/2009,HNL,HI,AWP,WE,Towers with Radar,390,109,26,34,559,0,40,76,5,121,390,149,102,39,680,0,0,0,680
12/08/2009,HNL,HI,AWP,WE,Towers with Radar,394,114,24,35,567,0,60,91,3,154,394,174,115,38,721,0,0,0,721
12/09/2009,HNL,HI,AWP,WE,Towers with Radar,382,112,50,47,591,0,84,69,16,169,382,196,119,63,760,0,0,0,760
12/10/2009,HNL,HI,AWP,WE,Towers with Radar,402,132,23,32,589,0,66,91,11,168,402,198,114,43,757,2,0,2,759
12/11/2009,HNL,HI,AWP,WE,Towers with Radar,411,136,43,27,617,0,55,95,1,151,411,191,138,28,768,0,0,0,768
12/12/2009,HNL,HI,AWP,WE,Towers with Radar,370,124,36,11,541,0,47,100,1,148,370,171,136,12,689,28,0,28,717
12/13/2009,HNL,HI,AWP,WE,Towers with Radar,381,79,22,13,495,0,20,73,3,96,381,99,95,16,591,0,0,0,591
12/14/2009,HNL,HI,AWP,WE,Towers with Radar,389,139,48,38,614,0,45,96,2,143,389,184,144,40,757,4,0,4,761
12/15/2009,HNL,HI,AWP,WE,Towers with Radar,391,119,29,65,604,0,71,87,18,176,391,190,116,83,780,6,0,6,786
12/16/2009,HNL,HI,AWP,WE,Towers with Radar,385,135,39,35,594,0,45,82,3,130,385,180,121,38,724,9,0,9,733
12/17/2009,HNL,HI,AWP,WE,Towers with Radar,399,130,20,37,586,0,31,67,1,99,399,161,87,38,685,2,0,2,687
12/18/2009,HNL,HI,AWP,WE,Towers with Radar,435,141,28,23,627,0,37,116,3,156,435,178,144,26,783,2,0,2,785
12/19/2009,HNL,HI,AWP,WE,Towers with Radar,419,94,42,18,573,0,26,111,5,142,419,120,153,23,715,0,0,0,715
12/20/2009,HNL,HI,AWP,WE,Towers with Radar,405,80,43,19,547,0,26,67,4,97,405,106,110,23,644,0,0,0,644
12/21/2009,HNL,HI,AWP,WE,Towers with Radar,422,139,32,31,624,0,58,123,7,188,422,197,155,38,812,0,0,0,812
12/22/2009,HNL,HI,AWP,WE,Towers with Radar,440,126,52,50,668,0,111,144,9,264,440,237,196,59,932,10,0,10,942
12/23/2009,HNL,HI,AWP,WE,Towers with Radar,430,116,28,15,589,0,70,82,1,153,430,186,110,16,742,0,0,0,742
12/24/2009,HNL,HI,AWP,WE,Towers with Radar,418,112,15,11,556,0,39,56,1,96,418,151,71,12,652,0,0,0,652
12/25/2009,HNL,HI,AWP,WE,Towers with Radar,366,87,18,11,482,0,8,22,0,30,366,95,40,11,512,0,0,0,512
12/26/2009,HNL,HI,AWP,WE,Towers with Radar,366,123,38,2,529,0,18,70,2,90,366,141,108,4,619,0,0,0,619
12/27/2009,HNL,HI,AWP,WE,Towers with Radar,374,92,21,4,491,0,27,53,2,82,374,119,74,6,573,0,0,0,573
12/28/2009,HNL,HI,AWP,WE,Towers with Radar,406,135,28,15,584,0,58,65,7,130,406,193,93,22,714,0,0,0,714
12/29/2009,HNL,HI,AWP,WE,Towers with Radar,422,136,27,50,635,0,57,46,1,104,422,193,73,51,739,0,0,0,739
12/30/2009,HNL,HI,AWP,WE,Towers with Radar,412,135,41,19,607,0,15,32,1,48,412,150,73,20,655,0,0,0,655
12/31/2009,HNL,HI,AWP,WE,Towers with Radar,395,107,18,7,527,0,50,48,1,99,395,157,66,8,626,0,0,0,626
01/01/2010,HNL,HI,AWP,WE,Towers with Radar,394,88,13,5,500,0,15,32,0,47,394,103,45,5,547,0,0,0,547
01/02/2010,HNL,HI,AWP,WE,Towers with Radar,404,101,37,5,547,0,47,74,3,124,404,148,111,8,671,0,0,0,671
01/03/2010,HNL,HI,AWP,WE,Towers with Radar,388,79,26,14,507,0,30,64,6,100,388,109,90,20,607,0,0,0,607
01/04/2010,HNL,HI,AWP,WE,Towers with Radar,400,110,20,35,565,0,49,100,3,152,400,159,120,38,717,0,0,0,717
01/05/2010,HNL,HI,AWP,WE,Towers with Radar,370,109,24,34,537,0,52,126,2,180,370,161,150,36,717,0,0,0,717
01/06/2010,HNL,HI,AWP,WE,Towers with Radar,381,125,12,64,582,0,53,52,37,142,381,178,64,101,724,0,0,0,724
01/07/2010,HNL,HI,AWP,WE,Towers with Radar,394,129,26,31,580,0,54,121,3,178,394,183,147,34,758,8,0,8,766
01/08/2010,HNL,HI,AWP,WE,Towers with Radar,411,127,25,28,591,0,43,117,3,163,411,170,142,31,754,4,4,8,762
01/09/2010,HNL,HI,AWP,WE,Towers with Radar,373,102,23,44,542,0,28,108,1,137,373,130,131,45,679,0,0,0,679
01/10/2010,HNL,HI,AWP,WE,Towers with Radar,367,87,31,21,506,0,0,0,0,0,367,87,31,21,506,4,0,4,510
01/11/2010,HNL,HI,AWP,WE,Towers with Radar,395,113,25,46,579,0,66,86,7,159,395,179,111,53,738,0,0,0,738
01/12/2010,HNL,HI,AWP,WE,Towers with Radar,394,104,33,64,595,0,75,98,8,181,394,179,131,72,776,0,3,3,779
01/13/2010,HNL,HI,AWP,WE,Towers with Radar,379,106,19,34,538,0,66,57,4,127,379,172,76,38,665,2,0,2,667
01/14/2010,HNL,HI,AWP,WE,Towers with Radar,396,113,49,44,602,0,60,82,5,147,396,173,131,49,749,0,2,2,751
01/15/2010,HNL,HI,AWP,WE,Towers with Radar,395,112,35,40,582,0,73,123,3,199,395,185,158,43,781,0,0,0,781
01/16/2010,HNL,HI,AWP,WE,Towers with Radar,374,105,17,15,511,0,48,97,3,148,374,153,114,18,659,0,0,0,659
01/17/2010,HNL,HI,AWP,WE,Towers with Radar,357,81,21,12,471,0,43,77,3,123,357,124,98,15,594,8,0,8,602
01/18/2010,HNL,HI,AWP,WE,Towers with Radar,394,91,23,21,529,0,43,76,3,122,394,134,99,24,651,2,4,6,657
01/19/2010,HNL,HI,AWP,WE,Towers with Radar,376,107,36,48,567,0,64,75,12,151,376,171,111,60,718,0,0,0,718
01/20/2010,HNL,HI,AWP,WE,Towers with Radar,368,126,40,39,573,0,50,59,6,115,368,176,99,45,688,6,0,6,694
01/21/2010,HNL,HI,AWP,WE,Towers with Radar,368,107,34,53,562,0,51,64,7,122,368,158,98,60,684,0,0,0,684
01/22/2010,HNL,HI,AWP,WE,Towers with Radar,416,105,24,51,596,0,53,81,5,139,416,158,105,56,735,0,0,0,735
01/23/2010,HNL,HI,AWP,WE,Towers with Radar,376,103,29,30,538,0,23,97,1,121,376,126,126,31,659,1,0,1,660
01/24/2010,HNL,HI,AWP,WE,Towers with Radar,373,64,18,19,474,0,20,66,1,87,373,84,84,20,561,4,0,4,565
01/25/2010,HNL,HI,AWP,WE,Towers with Radar,381,103,29,7,520,0,34,81,3,118,381,137,110,10,638,8,2,10,648
01/26/2010,HNL,HI,AWP,WE,Towers with Radar,391,93,36,49,569,0,50,33,8,91,391,143,69,57,660,6,0,6,666
01/27/2010,HNL,HI,AWP,WE,Towers with Radar,367,112,27,42,548,0,61,76,10,147,367,173,103,52,695,4,0,4,699
01/28/2010,HNL,HI,AWP,WE,Towers with Radar,368,121,26,53,568,0,35,73,4,112,368,156,99,57,680,10,2,12,692
01/29/2010,HNL,HI,AWP,WE,Towers with Radar,398,129,16,49,592,0,41,73,4,118,398,170,89,53,710,2,0,2,712
01/30/2010,HNL,HI,AWP,WE,Towers with Radar,389,108,42,32,571,0,11,49,2,62,389,119,91,34,633,12,0,12,645
01/31/2010,HNL,HI,AWP,WE,Towers with Radar,348,73,25,28,474,0,32,80,6,118,348,105,105,34,592,6,0,6,598
02/01/2010,HNL,HI,AWP,WE,Towers with Radar,393,105,27,39,564,0,51,72,12,135,393,156,99,51,699,2,0,2,701
02/02/2010,HNL,HI,AWP,WE,Towers with Radar,381,106,6,43,536,0,28,29,4,61,381,134,35,47,597,0,0,0,597
02/03/2010,HNL,HI,AWP,WE,Towers with Radar,372,112,29,41,554,0,38,100,8,146,372,150,129,49,700,0,0,0,700
02/04/2010,HNL,HI,AWP,WE,Towers with Radar,382,120,32,44,578,0,68,98,6,172,382,188,130,50,750,0,0,0,750
02/05/2010,HNL,HI,AWP,WE,Towers with Radar,414,109,30,30,583,0,48,100,4,152,414,157,130,34,735,0,0,0,735
02/06/2010,HNL,HI,AWP,WE,Towers with Radar,380,82,23,17,502,0,48,149,4,201,380,130,172,21,703,4,0,4,707
02/07/2010,HNL,HI,AWP,WE,Towers with Radar,367,73,20,8,468,0,27,93,4,124,367,100,113,12,592,8,0,8,600
02/08/2010,HNL,HI,AWP,WE,Towers with Radar,400,118,22,11,551,0,58,121,8,187,400,176,143,19,738,0,0,0,738
02/09/2010,HNL,HI,AWP,WE,Towers with Radar,374,110,55,53,592,0,51,99,8,158,374,161,154,61,750,12,0,12,762
02/10/2010,HNL,HI,AWP,WE,Towers with Radar,356,127,25,39,547,0,57,119,6,182,356,184,144,45,729,0,0,0,729
02/11/2010,HNL,HI,AWP,WE,Towers with Radar,383,122,26,59,590,0,43,64,0,107,383,165,90,59,697,0,0,0,697
02/12/2010,HNL,HI,AWP,WE,Towers with Radar,435,124,30,39,628,0,64,102,2,168,435,188,132,41,796,2,0,2,798
02/13/2010,HNL,HI,AWP,WE,Towers with Radar,393,113,26,21,553,0,47,108,6,161,393,160,134,27,714,0,0,0,714
02/14/2010,HNL,HI,AWP,WE,Towers with Radar,370,78,27,22,497,0,46,89,3,138,370,124,116,25,635,6,0,6,641
02/15/2010,HNL,HI,AWP,WE,Towers with Radar,422,92,27,22,563,0,65,112,2,179,422,157,139,24,742,0,0,0,742
02/16/2010,HNL,HI,AWP,WE,Towers with Radar,382,96,23,72,573,0,112,67,22,201,382,208,90,94,774,0,0,0,774
02/17/2010,HNL,HI,AWP,WE,Towers with Radar,389,120,35,38,582,0,70,95,2,167,389,190,130,40,749,0,0,0,749
02/18/2010,HNL,HI,AWP,WE,Towers with Radar,404,110,31,45,590,0,41,56,5,102,404,151,87,50,692,4,0,4,696
02/19/2010,HNL,HI,AWP,WE,Towers with Radar,420,114,31,32,597,0,57,77,4,138,420,171,108,36,735,0,0,0,735
02/20/2010,HNL,HI,AWP,WE,Towers with Radar,375,98,28,34,535,0,39,124,5,168,375,137,152,39,703,4,0,4,707
02/21/2010,HNL,HI,AWP,WE,Towers with Radar,374,65,28,27,494,0,53,146,7,206,374,118,174,34,700,8,4,12,712
02/22/2010,HNL,HI,AWP,WE,Towers with Radar,390,106,28,18,542,0,72,108,6,186,390,178,136,24,728,34,0,34,762
02/23/2010,HNL,HI,AWP,WE,Towers with Radar,376,98,25,27,526,0,63,111,5,179,376,161,136,32,705,6,0,6,711
02/24/2010,HNL,HI,AWP,WE,Towers with Radar,378,111,29,43,561,0,65,86,15,166,378,176,115,58,727,0,0,0,727
02/25/2010,HNL,HI,AWP,WE,Towers with Radar,382,128,52,47,609,0,50,78,8,136,382,178,130,55,745,8,0,8,753
02/26/2010,HNL,HI,AWP,WE,Towers with Radar,419,132,31,27,609,0,63,88,1,152,419,195,119,28,761,0,2,2,763
02/27/2010,HNL,HI,AWP,WE,Towers with Radar,355,72,19,28,474,0,37,74,16,127,355,109,93,44,601,0,0,0,601
02/28/2010,HNL,HI,AWP,WE,Towers with Radar,374,74,20,20,488,0,24,38,0,62,374,98,58,20,550,0,0,0,550
03/01/2010,HNL,HI,AWP,WE,Towers with Radar,403,122,20,24,569,0,54,68,10,132,403,176,88,34,701,14,0,14,715
03/02/2010,HNL,HI,AWP,WE,Towers with Radar,374,110,19,40,543,0,56,48,7,111,374,166,67,47,654,0,0,0,654
03/03/2010,HNL,HI,AWP,WE,Towers with Radar,368,118,24,34,544,0,47,87,6,140,368,165,111,40,684,0,2,2,686
03/04/2010,HNL,HI,AWP,WE,Towers with Radar,370,131,28,21,550,0,42,54,3,99,370,173,82,24,649,0,0,0,649
03/05/2010,HNL,HI,AWP,WE,Towers with Radar,410,127,19,35,591,0,55,84,4,143,410,182,103,39,734,2,0,2,736
03/06/2010,HNL,HI,AWP,WE,Towers with Radar,369,94,19,41,523,0,32,125,7,164,369,126,144,48,687,0,0,0,687
03/07/2010,HNL,HI,AWP,WE,Towers with Radar,372,91,32,23,518,0,26,88,5,119,372,117,120,28,637,4,2,6,643
03/08/2010,HNL,HI,AWP,WE,Towers with Radar,405,104,37,30,576,0,22,72,5,99,405,126,109,35,675,12,2,14,689
03/09/2010,HNL,HI,AWP,WE,Towers with Radar,362,119,25,43,549,0,45,71,6,122,362,164,96,49,671,10,0,10,681
03/10/2010,HNL,HI,AWP,WE,Towers with Radar,377,120,16,33,546,0,47,74,7,128,377,167,90,40,674,0,0,0,674
03/11/2010,HNL,HI,AWP,WE,Towers with Radar,377,120,18,50,565,0,49,92,5,146,377,169,110,55,711,0,0,0,711
03/12/2010,HNL,HI,AWP,WE,Towers with Radar,411,117,32,31,591,0,52,110,11,173,411,169,142,42,764,0,0,0,764
03/13/2010,HNL,HI,AWP,WE,Towers with Radar,369,107,23,27,526,0,41,140,3,184,369,148,163,30,710,6,0,6,716
03/14/2010,HNL,HI,AWP,WE,Towers with Radar,373,81,29,16,499,0,43,110,8,161,373,124,139,24,660,0,0,0,660
03/15/2010,HNL,HI,AWP,WE,Towers with Radar,384,142,41,35,602,0,59,67,4,130,384,201,108,39,732,28,2,30,762
03/16/2010,HNL,HI,AWP,WE,Towers with Radar,372,113,26,49,560,0,69,80,3,152,372,182,106,52,712,0,0,0,712
03/17/2010,HNL,HI,AWP,WE,Towers with Radar,367,105,33,34,539,0,75,102,7,184,367,180,135,41,723,4,0,4,727
03/18/2010,HNL,HI,AWP,WE,Towers with Radar,378,119,27,51,575,0,47,79,1,127,378,166,106,52,702,2,0,2,704
03/19/2010,HNL,HI,AWP,WE,Towers with Radar,423,110,33,30,596,0,46,102,3,151,423,156,135,33,747,6,0,6,753
03/20/2010,HNL,HI,AWP,WE,Towers with Radar,363,85,35,13,496,0,39,130,8,177,363,124,165,21,673,0,0,0,673
03/21/2010,HNL,HI,AWP,WE,Towers with Radar,385,79,30,21,515,0,22,84,4,110,385,101,114,25,625,4,0,4,629
03/22/2010,HNL,HI,AWP,WE,Towers with Radar,395,117,54,37,603,0,41,79,10,130,395,158,133,47,733,12,0,12,745
03/23/2010,HNL,HI,AWP,WE,Towers with Radar,386,113,30,37,566,0,56,75,9,140,386,169,105,46,706,1,0,1,707
03/24/2010,HNL,HI,AWP,WE,Towers with Radar,374,97,46,53,570,0,81,113,7,201,374,178,159,60,771,0,0,0,771
03/25/2010,HNL,HI,AWP,WE,Towers with Radar,393,145,36,39,613,0,53,87,5,145,393,198,123,44,758,4,0,4,762
03/26/2010,HNL,HI,AWP,WE,Towers with Radar,416,123,43,40,622,0,38,108,2,148,416,161,151,42,770,0,0,0,770
03/27/2010,HNL,HI,AWP,WE,Towers with Radar,370,101,44,16,531,0,55,123,4,182,370,156,167,20,713,8,0,8,721
03/28/2010,HNL,HI,AWP,WE,Towers with Radar,374,80,43,15,512,0,44,105,2,151,374,124,148,17,663,4,0,4,667
03/29/2010,HNL,HI,AWP,WE,Towers with Radar,395,118,27,42,582,0,41,61,5,107,395,159,88,47,689,0,0,0,689
03/30/2010,HNL,HI,AWP,WE,Towers with Radar,374,122,20,46,562,0,43,38,16,97,374,165,58,62,659,0,0,0,659
03/31/2010,HNL,HI,AWP,WE,Towers with Radar,361,101,21,38,521,0,49,19,1,69,361,150,40,39,590,0,0,0,590
04/01/2010,HNL,HI,AWP,WE,Towers with Radar,399,117,26,47,589,0,50,39,11,100,399,167,65,58,689,0,0,0,689
04/02/2010,HNL,HI,AWP,WE,Towers with Radar,415,113,36,28,592,0,55,99,2,156,415,168,135,30,748,4,0,4,752
04/03/2010,HNL,HI,AWP,WE,Towers with Radar,379,115,21,16,531,0,56,115,1,172,379,171,136,17,703,2,0,2,705
04/04/2010,HNL,HI,AWP,WE,Towers with Radar,380,93,19,14,506,0,14,26,0,40,380,107,45,14,546,0,1,1,547
04/05/2010,HNL,HI,AWP,WE,Towers with Radar,388,104,33,14,539,0,68,88,5,161,388,172,121,19,700,4,0,4,704
04/06/2010,HNL,HI,AWP,WE,Towers with Radar,375,106,29,49,559,0,70,87,7,164,375,176,116,56,723,4,0,4,727
04/07/2010,HNL,HI,AWP,WE,Towers with Radar,380,122,28,29,559,0,85,143,15,243,380,207,171,44,802,4,2,6,808
04/08/2010,HNL,HI,AWP,WE,Towers with Radar,386,93,44,42,565,0,50,102,2,154,386,143,146,44,719,0,0,0,719
04/09/2010,HNL,HI,AWP,WE,Towers with Radar,422,107,40,36,605,0,65,144,8,217,422,172,184,44,822,0,0,0,822
04/10/2010,HNL,HI,AWP,WE,Towers with Radar,385,97,38,16,536,0,43,138,1,182,385,140,176,17,718,0,0,0,718
04/11/2010,HNL,HI,AWP,WE,Towers with Radar,402,71,21,24,518,0,62,126,15,203,402,133,147,39,721,6,0,6,727
04/12/2010,HNL,HI,AWP,WE,Towers with Radar,404,111,32,28,575,0,47,79,4,130,404,158,111,32,705,18,0,18,723
04/13/2010,HNL,HI,AWP,WE,Towers with Radar,366,111,21,35,533,0,71,94,8,173,366,182,115,43,706,0,0,0,706
04/14/2010,HNL,HI,AWP,WE,Towers with Radar,372,117,27,30,546,0,77,74,13,164,372,194,101,43,710,0,0,0,710
04/15/2010,HNL,HI,AWP,WE,Towers with Radar,387,128,28,44,587,0,51,81,4,136,387,179,109,48,723,0,0,0,723
04/16/2010,HNL,HI,AWP,WE,Towers with Radar,423,122,33,22,600,0,27,88,2,117,423,149,121,24,717,0,0,0,717
04/17/2010,HNL,HI,AWP,WE,Towers with Radar,386,95,24,29,534,0,39,122,4,165,386,134,146,33,699,0,0,0,699
04/18/2010,HNL,HI,AWP,WE,Towers with Radar,387,80,21,20,508,0,43,62,6,111,387,123,83,26,619,0,0,0,619
04/19/2010,HNL,HI,AWP,WE,Towers with Radar,403,121,44,45,613,0,69,71,3,143,403,190,115,48,756,2,0,2,758
04/20/2010,HNL,HI,AWP,WE,Towers with Radar,365,122,48,25,560,0,67,106,14,187,365,189,154,39,747,8,0,8,755
04/21/2010,HNL,HI,AWP,WE,Towers with Radar,357,108,39,35,539,0,37,111,2,150,357,145,150,37,689,2,0,2,691
04/22/2010,HNL,HI,AWP,WE,Towers with Radar,380,116,56,46,598,0,58,79,0,137,380,174,135,46,735,6,0,6,741
04/23/2010,HNL,HI,AWP,WE,Towers with Radar,424,116,40,29,609,0,63,145,7,215,424,179,185,36,824,0,0,0,824
04/24/2010,HNL,HI,AWP,WE,Towers with Radar,385,91,61,17,554,0,41,157,7,205,385,132,218,24,759,6,0,6,765
04/25/2010,HNL,HI,AWP,WE,Towers with Radar,373,90,21,17,501,0,57,97,4,158,373,147,118,21,659,0,0,0,659
04/26/2010,HNL,HI,AWP,WE,Towers with Radar,395,109,44,47,595,0,77,118,3,198,395,186,162,50,793,8,0,8,801
04/27/2010,HNL,HI,AWP,WE,Towers with Radar,378,112,27,54,571,0,80,102,17,199,378,192,129,71,770,1,0,1,771
04/28/2010,HNL,HI,AWP,WE,Towers with Radar,370,103,41,45,559,0,68,103,6,177,370,171,144,51,736,4,0,4,740
04/29/2010,HNL,HI,AWP,WE,Towers with Radar,381,108,43,41,573,0,31,87,2,120,381,139,130,43,693,0,0,0,693
04/30/2010,HNL,HI,AWP,WE,Towers with Radar,412,122,25,27,586,0,66,127,11,204,412,188,152,38,790,8,2,10,800
05/01/2010,HNL,HI,AWP,WE,Towers with Radar,374,84,9,30,497,0,38,164,4,206,374,122,173,34,703,0,2,2,705
05/02/2010,HNL,HI,AWP,WE,Towers with Radar,376,73,17,14,480,0,2,17,0,19,376,75,34,14,499,0,0,0,499
05/03/2010,HNL,HI,AWP,WE,Towers with Radar,384,117,40,24,565,0,31,71,0,102,384,148,111,24,667,6,0,6,673
05/04/2010,HNL,HI,AWP,WE,Towers with Radar,395,93,39,33,560,0,70,99,4,173,395,163,138,37,733,0,0,0,733
05/05/2010,HNL,HI,AWP,WE,Towers with Radar,362,118,36,33,549,0,79,96,7,182,362,197,132,40,731,8,0,8,739
05/06/2010,HNL,HI,AWP,WE,Towers with Radar,382,107,48,33,570,0,58,147,5,210,382,165,195,38,780,6,0,6,786
05/07/2010,HNL,HI,AWP,WE,Towers with Radar,395,133,40,32,600,0,54,103,9,166,395,187,143,41,766,2,0,2,768
05/08/2010,HNL,HI,AWP,WE,Towers with Radar,365,93,23,19,500,0,37,131,1,169,365,130,154,20,669,0,0,0,669
05/09/2010,HNL,HI,AWP,WE,Towers with Radar,357,75,13,19,464,0,44,104,3,151,357,119,117,22,615,0,0,0,615
05/10/2010,HNL,HI,AWP,WE,Towers with Radar,386,129,15,32,562,0,60,73,6,139,386,189,88,38,701,0,0,0,701
05/11/2010,HNL,HI,AWP,WE,Towers with Radar,384,92,47,50,573,0,64,79,7,150,384,156,126,57,723,10,0,10,733
05/12/2010,HNL,HI,AWP,WE,Towers with Radar,368,106,27,47,548,0,67,102,9,178,368,173,129,56,726,0,0,0,726
05/13/2010,HNL,HI,AWP,WE,Towers with Radar,370,109,36,50,565,0,61,96,10,167,370,170,132,60,732,0,0,0,732
05/14/2010,HNL,HI,AWP,WE,Towers with Radar,409,108,42,37,596,0,48,121,4,173,409,156,163,41,769,0,0,0,769
05/15/2010,HNL,HI,AWP,WE,Towers with Radar,367,102,32,20,521,0,42,99,4,145,367,144,131,24,666,6,8,14,680
05/16/2010,HNL,HI,AWP,WE,Towers with Radar,362,98,32,14,506,0,48,92,0,140,362,146,124,14,646,0,0,0,646
05/17/2010,HNL,HI,AWP,WE,Towers with Radar,386,105,35,18,544,0,54,80,4,138,386,159,115,22,682,22,0,22,704
05/18/2010,HNL,HI,AWP,WE,Towers with Radar,370,114,60,38,582,0,69,93,2,164,370,183,153,40,746,6,0,6,752
05/19/2010,HNL,HI,AWP,WE,Towers with Radar,376,105,49,40,570,0,74,94,3,171,376,179,143,43,741,0,0,0,741
05/20/2010,HNL,HI,AWP,WE,Towers with Radar,380,117,63,38,598,0,51,83,2,136,380,168,146,40,734,14,0,14,748
05/21/2010,HNL,HI,AWP,WE,Towers with Radar,417,124,52,37,630,0,37,105,2,144,417,161,157,39,774,8,0,8,782
05/22/2010,HNL,HI,AWP,WE,Towers with Radar,372,82,21,19,494,0,60,122,2,184,372,142,143,21,678,4,0,4,682
05/23/2010,HNL,HI,AWP,WE,Towers with Radar,388,62,26,11,487,0,38,58,4,100,388,100,84,15,587,2,0,2,589
05/24/2010,HNL,HI,AWP,WE,Towers with Radar,368,117,32,25,542,0,74,84,5,163,368,191,116,30,705,8,0,8,713
05/25/2010,HNL,HI,AWP,WE,Towers with Radar,367,107,21,38,533,0,54,89,5,148,367,161,110,43,681,0,0,0,681
05/26/2010,HNL,HI,AWP,WE,Towers with Radar,376,97,27,37,537,0,78,121,7,206,376,175,148,44,743,0,0,0,743
05/27/2010,HNL,HI,AWP,WE,Towers with Radar,384,102,31,45,562,0,86,93,2,181,384,188,124,47,743,0,0,0,743
05/28/2010,HNL,HI,AWP,WE,Towers with Radar,436,109,42,27,614,0,44,132,1,177,436,153,174,28,791,0,0,0,791
05/29/2010,HNL,HI,AWP,WE,Towers with Radar,381,80,35,12,508,0,50,161,2,213,381,130,196,14,721,2,0,2,723
05/30/2010,HNL,HI,AWP,WE,Towers with Radar,354,72,31,15,472,0,47,83,3,133,354,119,114,18,605,8,0,8,613
05/31/2010,HNL,HI,AWP,WE,Towers with Radar,381,79,19,23,502,0,64,117,5,186,381,143,136,28,688,4,0,4,692
06/01/2010,HNL,HI,AWP,WE,Towers with Radar,386,105,19,41,551,0,84,147,8,239,386,189,166,49,790,3,0,3,793
06/02/2010,HNL,HI,AWP,WE,Towers with Radar,403,102,40,57,602,0,63,104,8,175,403,165,144,65,777,0,0,0,777
06/03/2010,HNL,HI,AWP,WE,Towers with Radar,391,104,27,45,567,0,64,124,6,194,391,168,151,51,761,4,0,4,765
06/04/2010,HNL,HI,AWP,WE,Towers with Radar,426,107,40,43,616,0,30,48,3,81,426,137,88,46,697,0,0,0,697
06/05/2010,HNL,HI,AWP,WE,Towers with Radar,369,96,29,53,547,0,30,114,4,148,369,126,143,57,695,4,0,4,699
06/06/2010,HNL,HI,AWP,WE,Towers with Radar,375,79,32,34,520,0,49,102,2,153,375,128,134,36,673,0,0,0,673
06/07/2010,HNL,HI,AWP,WE,Towers with Radar,381,131,41,27,580,0,75,113,6,194,381,206,154,33,774,26,0,26,800
06/08/2010,HNL,HI,AWP,WE,Towers with Radar,390,109,30,33,562,0,47,107,2,156,390,156,137,35,718,0,0,0,718
06/09/2010,HNL,HI,AWP,WE,Towers with Radar,392,94,40,34,560,0,62,85,7,154,392,156,125,41,714,0,0,0,714
06/10/2010,HNL,HI,AWP,WE,Towers with Radar,420,104,21,29,574,0,43,115,2,160,420,147,136,31,734,6,0,6,740
06/11/2010,HNL,HI,AWP,WE,Towers with Radar,447,115,25,28,615,0,60,129,13,202,447,175,154,41,817,0,0,0,817
06/12/2010,HNL,HI,AWP,WE,Towers with Radar,401,102,36,27,566,0,50,116,3,169,401,152,152,30,735,8,0,8,743
06/13/2010,HNL,HI,AWP,WE,Towers with Radar,400,82,23,24,529,0,42,93,2,137,400,124,116,26,666,0,0,0,666
06/14/2010,HNL,HI,AWP,WE,Towers with Radar,408,119,30,25,582,0,60,75,3,138,408,179,105,28,720,4,0,4,724
06/15/2010,HNL,HI,AWP,WE,Towers with Radar,411,100,33,37,581,0,83,137,5,225,411,183,170,42,806,0,0,0,806
06/16/2010,HNL,HI,AWP,WE,Towers with Radar,429,106,34,40,609,0,83,91,13,187,429,189,125,53,796,0,0,0,796
06/17/2010,HNL,HI,AWP,WE,Towers with Radar,425,106,29,35,595,0,62,91,3,156,425,168,120,38,751,0,0,0,751
06/18/2010,HNL,HI,AWP,WE,Towers with Radar,444,110,45,33,632,0,37,125,5,167,444,147,170,38,799,16,0,16,815
06/19/2010,HNL,HI,AWP,WE,Towers with Radar,400,102,34,19,555,0,33,110,0,143,400,135,144,19,698,0,0,0,698
06/20/2010,HNL,HI,AWP,WE,Towers with Radar,389,79,27,25,520,0,42,102,8,152,389,121,129,33,672,0,0,0,672
06/21/2010,HNL,HI,AWP,WE,Towers with Radar,418,110,37,27,592,0,66,95,9,170,418,176,132,36,762,0,0,0,762
06/22/2010,HNL,HI,AWP,WE,Towers with Radar,412,94,39,43,588,0,74,102,5,181,412,168,141,48,769,2,0,2,771
06/23/2010,HNL,HI,AWP,WE,Towers with Radar,425,95,36,46,602,0,56,65,6,127,425,151,101,52,729,0,0,0,729
06/24/2010,HNL,HI,AWP,WE,Towers with Radar,409,106,39,36,590,0,58,94,8,160,409,164,133,44,750,6,0,6,756
06/25/2010,HNL,HI,AWP,WE,Towers with Radar,447,121,49,36,653,0,42,99,7,148,447,163,148,43,801,18,2,20,821
06/26/2010,HNL,HI,AWP,WE,Towers with Radar,416,75,25,21,537,0,46,85,3,134,416,121,110,24,671,6,0,6,677
06/27/2010,HNL,HI,AWP,WE,Towers with Radar,409,66,16,27,518,0,50,122,8,180,409,116,138,35,698,2,0,2,700
06/28/2010,HNL,HI,AWP,WE,Towers with Radar,429,97,20,43,589,0,37,111,10,158,429,134,131,53,747,0,0,0,747
06/29/2010,HNL,HI,AWP,WE,Towers with Radar,408,120,35,82,645,0,58,79,16,153,408,178,114,98,798,6,0,6,804
06/30/2010,HNL,HI,AWP,WE,Towers with Radar,416,111,25,61,613,0,72,87,4,163,416,183,112,65,776,8,0,8,784
07/01/2010,HNL,HI,AWP,WE,Towers with Radar,428,129,33,56,646,0,54,77,12,143,428,183,110,68,789,20,0,20,809
07/02/2010,HNL,HI,AWP,WE,Towers with Radar,444,130,35,54,663,0,43,133,3,179,444,173,168,57,842,0,0,0,842
07/03/2010,HNL,HI,AWP,WE,Towers with Radar,396,110,21,13,540,0,42,97,3,142,396,152,118,16,682,9,0,9,691
07/04/2010,HNL,HI,AWP,WE,Towers with Radar,377,96,18,18,509,0,46,116,2,164,377,142,134,20,673,0,0,0,673
07/05/2010,HNL,HI,AWP,WE,Towers with Radar,419,81,27,16,543,0,49,129,10,188,419,130,156,26,731,4,0,4,735
07/06/2010,HNL,HI,AWP,WE,Towers with Radar,397,102,22,54,575,0,75,113,16,204,397,177,135,70,779,0,0,0,779
07/07/2010,HNL,HI,AWP,WE,Towers with Radar,433,103,19,58,613,0,81,137,23,241,433,184,156,81,854,0,0,0,854
07/08/2010,HNL,HI,AWP,WE,Towers with Radar,428,101,24,44,597,0,69,104,15,188,428,170,128,59,785,0,0,0,785
07/09/2010,HNL,HI,AWP,WE,Towers with Radar,426,127,35,37,625,0,39,141,19,199,426,166,176,56,824,6,2,8,832
07/10/2010,HNL,HI,AWP,WE,Towers with Radar,394,99,21,67,581,0,47,164,16,227,394,146,185,83,808,0,0,0,808
07/11/2010,HNL,HI,AWP,WE,Towers with Radar,403,94,12,30,539,0,52,108,21,181,403,146,120,51,720,12,0,12,732
07/12/2010,HNL,HI,AWP,WE,Towers with Radar,420,106,36,59,621,0,68,121,24,213,420,174,157,83,834,6,0,6,840
07/13/2010,HNL,HI,AWP,WE,Towers with Radar,425,115,24,93,657,0,77,182,23,282,425,192,206,116,939,0,0,0,939
07/14/2010,HNL,HI,AWP,WE,Towers with Radar,411,118,34,50,613,0,58,96,19,173,411,176,130,69,786,0,0,0,786
07/15/2010,HNL,HI,AWP,WE,Towers with Radar,423,106,17,64,610,0,58,117,15,190,423,164,134,79,800,0,0,0,800
07/16/2010,HNL,HI,AWP,WE,Towers with Radar,454,106,25,76,661,0,57,123,12,192,454,163,148,88,853,12,0,12,865
07/17/2010,HNL,HI,AWP,WE,Towers with Radar,399,97,26,30,552,0,41,95,8,144,399,138,121,38,696,0,0,0,696
07/18/2010,HNL,HI,AWP,WE,Towers with Radar,391,82,19,47,539,0,55,93,14,162,391,137,112,61,701,0,0,0,701
07/19/2010,HNL,HI,AWP,WE,Towers with Radar,428,120,35,76,659,0,61,94,8,163,428,181,129,84,822,22,0,22,844
07/20/2010,HNL,HI,AWP,WE,Towers with Radar,398,134,24,94,650,0,79,102,17,198,398,213,126,111,848,2,0,2,850
07/21/2010,HNL,HI,AWP,WE,Towers with Radar,407,129,36,56,628,0,54,83,19,156,407,183,119,75,784,4,0,4,788
07/22/2010,HNL,HI,AWP,WE,Towers with Radar,404,127,23,86,640,0,84,116,6,206,404,211,139,92,846,0,0,0,846
07/23/2010,HNL,HI,AWP,WE,Towers with Radar,455,131,28,71,685,0,57,143,13,213,455,188,171,84,898,0,0,0,898
07/24/2010,HNL,HI,AWP,WE,Towers with Radar,395,105,24,14,538,0,41,160,5,206,395,146,184,19,744,4,0,4,748
07/25/2010,HNL,HI,AWP,WE,Towers with Radar,415,68,31,20,534,0,41,83,12,136,415,109,114,32,670,4,2,6,676
07/26/2010,HNL,HI,AWP,WE,Towers with Radar,438,95,45,43,621,0,80,97,12,189,438,175,142,55,810,8,0,8,818
07/27/2010,HNL,HI,AWP,WE,Towers with Radar,409,139,83,87,718,0,69,97,27,193,409,208,180,114,911,15,0,15,926
07/28/2010,HNL,HI,AWP,WE,Towers with Radar,409,117,50,72,648,0,68,79,10,157,409,185,129,82,805,12,4,16,821
07/29/2010,HNL,HI,AWP,WE,Towers with Radar,422,115,25,53,615,0,42,88,15,145,422,157,113,68,760,0,0,0,760
07/30/2010,HNL,HI,AWP,WE,Towers with Radar,449,151,20,36,656,0,47,101,14,162,449,198,121,50,818,4,0,4,822
07/31/2010,HNL,HI,AWP,WE,Towers with Radar,400,102,39,32,573,0,43,134,2,179,400,145,173,34,752,18,0,18,770
08/01/2010,HNL,HI,AWP,WE,Towers with Radar,394,115,31,15,555,0,28,87,2,117,394,143,118,17,672,0,0,0,672
08/02/2010,HNL,HI,AWP,WE,Towers with Radar,433,127,22,37,619,0,63,65,2,130,433,190,87,39,749,0,0,0,749
08/03/2010,HNL,HI,AWP,WE,Towers with Radar,391,144,35,39,609,0,69,77,3,149,391,213,112,42,758,0,0,0,758
08/04/2010,HNL,HI,AWP,WE,Towers with Radar,406,102,16,25,549,0,67,91,2,160,406,169,107,27,709,0,0,0,709
08/05/2010,HNL,HI,AWP,WE,Towers with Radar,435,181,58,33,707,0,49,126,1,176,435,230,184,34,883,2,0,2,885
08/06/2010,HNL,HI,AWP,WE,Towers with Radar,478,104,26,22,630,0,59,147,1,207,478,163,173,23,837,2,0,2,839
08/07/2010,HNL,HI,AWP,WE,Towers with Radar,401,97,23,48,569,0,38,126,5,169,401,135,149,53,738,0,0,0,738
08/08/2010,HNL,HI,AWP,WE,Towers with Radar,424,76,35,22,557,0,54,148,6,208,424,130,183,28,765,10,0,10,775
08/09/2010,HNL,HI,AWP,WE,Towers with Radar,429,101,14,20,564,0,46,121,1,168,429,147,135,21,732,0,0,0,732
08/10/2010,HNL,HI,AWP,WE,Towers with Radar,416,109,16,31,572,0,59,105,1,165,416,168,121,32,737,0,0,0,737
08/11/2010,HNL,HI,AWP,WE,Towers with Radar,427,91,26,35,579,0,56,132,1,189,427,147,158,36,768,0,0,0,768
08/12/2010,HNL,HI,AWP,WE,Towers with Radar,402,118,24,45,589,0,70,157,3,230,402,188,181,48,819,0,0,0,819
08/13/2010,HNL,HI,AWP,WE,Towers with Radar,453,131,23,26,633,0,45,134,5,184,453,176,157,31,817,0,0,0,817
08/14/2010,HNL,HI,AWP,WE,Towers with Radar,411,104,19,12,546,0,44,193,5,242,411,148,212,17,788,0,0,0,788
08/15/2010,HNL,HI,AWP,WE,Towers with Radar,419,71,28,16,534,0,57,166,1,224,419,128,194,17,758,8,0,8,766
08/16/2010,HNL,HI,AWP,WE,Towers with Radar,425,125,29,27,606,0,68,113,7,188,425,193,142,34,794,0,0,0,794
08/17/2010,HNL,HI,AWP,WE,Towers with Radar,397,123,28,27,575,0,73,128,10,211,397,196,156,37,786,0,0,0,786
08/18/2010,HNL,HI,AWP,WE,Towers with Radar,409,109,22,32,572,0,61,104,4,169,409,170,126,36,741,4,0,4,745
08/19/2010,HNL,HI,AWP,WE,Towers with Radar,405,125,21,32,583,0,55,133,3,191,405,180,154,35,774,28,2,30,804
08/20/2010,HNL,HI,AWP,WE,Towers with Radar,446,128,33,22,629,0,54,185,6,245,446,182,218,28,874,4,0,4,878
08/21/2010,HNL,HI,AWP,WE,Towers with Radar,398,124,31,9,562,0,51,196,2,249,398,175,227,11,811,0,0,0,811
08/22/2010,HNL,HI,AWP,WE,Towers with Radar,406,82,15,16,519,0,33,113,0,146,406,115,128,16,665,6,0,6,671
08/23/2010,HNL,HI,AWP,WE,Towers with Radar,407,116,44,12,579,0,60,169,3,232,407,176,213,15,811,10,0,10,821
08/24/2010,HNL,HI,AWP,WE,Towers with Radar,396,110,40,39,585,0,49,122,3,174,396,159,162,42,759,0,0,0,759
08/25/2010,HNL,HI,AWP,WE,Towers with Radar,402,123,17,46,588,0,42,90,7,139,402,165,107,53,727,0,0,0,727
08/26/2010,HNL,HI,AWP,WE,Towers with Radar,411,111,53,29,604,0,66,137,8,211,411,177,190,37,815,12,0,12,827
08/27/2010,HNL,HI,AWP,WE,Towers with Radar,439,129,25,26,619,0,62,171,6,239,439,191,196,32,858,8,0,8,866
08/28/2010,HNL,HI,AWP,WE,Towers with Radar,406,90,15,11,522,0,42,208,0,250,406,132,223,11,772,0,0,0,772
08/29/2010,HNL,HI,AWP,WE,Towers with Radar,387,93,21,19,520,0,35,82,5,122,387,128,103,24,642,0,0,0,642
08/30/2010,HNL,HI,AWP,WE,Towers with Radar,400,126,23,31,580,0,65,167,0,232,400,191,190,31,812,4,6,10,822
08/31/2010,HNL,HI,AWP,WE,Towers with Radar,382,107,28,28,545,0,75,121,3,199,382,182,149,31,744,0,0,0,744
09/01/2010,HNL,HI,AWP,WE,Towers with Radar,394,115,19,30,558,0,44,110,3,157,394,159,129,33,715,0,0,0,715
09/02/2010,HNL,HI,AWP,WE,Towers with Radar,401,95,29,31,556,0,53,120,3,176,401,148,149,34,732,0,0,0,732
09/03/2010,HNL,HI,AWP,WE,Towers with Radar,461,93,32,24,610,0,67,132,1,200,461,160,164,25,810,4,0,4,814
09/04/2010,HNL,HI,AWP,WE,Towers with Radar,400,85,21,14,520,0,60,120,3,183,400,145,141,17,703,1,0,1,704
09/05/2010,HNL,HI,AWP,WE,Towers with Radar,392,69,11,12,484,0,33,90,1,124,392,102,101,13,608,0,0,0,608
09/06/2010,HNL,HI,AWP,WE,Towers with Radar,422,80,27,11,540,0,69,129,0,198,422,149,156,11,738,0,0,0,738
09/07/2010,HNL,HI,AWP,WE,Towers with Radar,379,103,27,37,546,0,53,84,0,137,379,156,111,37,683,0,0,0,683
09/08/2010,HNL,HI,AWP,WE,Towers with Radar,380,118,16,38,552,0,60,108,5,173,380,178,124,43,725,0,0,0,725
09/09/2010,HNL,HI,AWP,WE,Towers with Radar,366,126,38,31,561,0,68,104,5,177,366,194,142,36,738,12,0,12,750
09/10/2010,HNL,HI,AWP,WE,Towers with Radar,420,111,36,29,596,0,30,102,2,134,420,141,138,31,730,4,0,4,734
09/11/2010,HNL,HI,AWP,WE,Towers with Radar,375,100,21,19,515,0,48,122,1,171,375,148,143,20,686,0,0,0,686
09/12/2010,HNL,HI,AWP,WE,Towers with Radar,365,86,15,18,484,0,42,116,4,162,365,128,131,22,646,0,0,0,646
09/13/2010,HNL,HI,AWP,WE,Towers with Radar,400,107,36,16,559,0,72,136,5,213,400,179,172,21,772,12,0,12,784
09/14/2010,HNL,HI,AWP,WE,Towers with Radar,364,104,34,31,533,0,52,109,0,161,364,156,143,31,694,0,0,0,694
09/15/2010,HNL,HI,AWP,WE,Towers with Radar,379,109,10,28,526,0,63,80,0,143,379,172,90,28,669,0,0,0,669
09/16/2010,HNL,HI,AWP,WE,Towers with Radar,372,123,14,41,550,0,54,93,5,152,372,177,107,46,702,0,0,0,702
09/17/2010,HNL,HI,AWP,WE,Towers with Radar,416,103,38,52,609,0,58,111,5,174,416,161,149,57,783,8,0,8,791
09/18/2010,HNL,HI,AWP,WE,Towers with Radar,374,90,32,20,516,0,28,108,1,137,374,118,140,21,653,0,0,0,653
09/19/2010,HNL,HI,AWP,WE,Towers with Radar,372,70,21,25,488,0,40,87,7,134,372,110,108,32,622,0,0,0,622
09/20/2010,HNL,HI,AWP,WE,Towers with Radar,398,101,13,29,541,0,64,88,6,158,398,165,101,35,699,0,0,0,699
09/21/2010,HNL,HI,AWP,WE,Towers with Radar,376,91,22,26,515,0,81,96,3,180,376,172,118,29,695,0,0,0,695
09/22/2010,HNL,HI,AWP,WE,Towers with Radar,387,105,24,36,552,0,33,79,2,114,387,138,103,38,666,0,0,0,666
09/23/2010,HNL,HI,AWP,WE,Towers with Radar,387,104,26,34,551,0,131,147,6,284,387,235,173,40,835,0,0,0,835
09/24/2010,HNL,HI,AWP,WE,Towers with Radar,414,114,45,35,608,0,54,135,0,189,414,168,180,35,797,8,0,8,805
09/25/2010,HNL,HI,AWP,WE,Towers with Radar,376,85,15,23,499,0,29,117,0,146,376,114,132,23,645,20,0,20,665
09/26/2010,HNL,HI,AWP,WE,Towers with Radar,371,82,17,13,483,0,43,92,6,141,371,125,109,19,624,2,0,2,626
09/27/2010,HNL,HI,AWP,WE,Towers with Radar,403,120,26,17,566,0,73,134,3,210,403,193,160,20,776,10,0,10,786
09/28/2010,HNL,HI,AWP,WE,Towers with Radar,382,92,24,36,534,0,67,105,9,181,382,159,129,45,715,0,0,0,715
09/29/2010,HNL,HI,AWP,WE,Towers with Radar,382,91,16,32,521,0,69,88,4,161,382,160,104,36,682,0,0,0,682
09/30/2010,HNL,HI,AWP,WE,Towers with Radar,370,110,29,29,538,0,49,78,11,138,370,159,107,40,676,0,0,0,676
10/01/2010,HNL,HI,AWP,WE,Towers with Radar,389,122,24,25,560,0,33,85,5,123,389,155,109,30,683,2,0,2,685
10/02/2010,HNL,HI,AWP,WE,Towers with Radar,373,97,28,31,529,0,46,111,2,159,373,143,139,33,688,6,0,6,694
10/03/2010,HNL,HI,AWP,WE,Towers with Radar,356,86,9,35,486,0,55,91,2,148,356,141,100,37,634,0,0,0,634
10/04/2010,HNL,HI,AWP,WE,Towers with Radar,396,113,16,45,570,0,53,74,0,127,396,166,90,45,697,0,0,0,697
10/05/2010,HNL,HI,AWP,WE,Towers with Radar,391,86,32,53,562,0,61,80,7,148,391,147,112,60,710,0,0,0,710
10/06/2010,HNL,HI,AWP,WE,Towers with Radar,384,106,25,52,567,0,50,107,6,163,384,156,132,58,730,6,0,6,736
10/07/2010,HNL,HI,AWP,WE,Towers with Radar,391,93,31,43,558,0,61,101,3,165,391,154,132,46,723,0,0,0,723
10/08/2010,HNL,HI,AWP,WE,Towers with Radar,404,132,52,55,643,0,63,172,5,240,404,195,224,60,883,2,0,2,885
10/09/2010,HNL,HI,AWP,WE,Towers with Radar,355,96,44,19,514,0,47,130,0,177,355,143,174,19,691,20,0,20,711
10/10/2010,HNL,HI,AWP,WE,Towers with Radar,369,94,42,22,527,0,63,100,2,165,369,157,142,24,692,4,0,4,696
10/11/2010,HNL,HI,AWP,WE,Towers with Radar,374,107,25,14,520,0,60,120,0,180,374,167,145,14,700,0,0,0,700
10/12/2010,HNL,HI,AWP,WE,Towers with Radar,377,103,25,37,542,0,56,102,8,166,377,159,127,45,708,0,0,0,708
10/13/2010,HNL,HI,AWP,WE,Towers with Radar,377,111,30,42,560,0,94,121,7,222,377,205,151,49,782,6,0,6,788
10/14/2010,HNL,HI,AWP,WE,Towers with Radar,368,106,28,45,547,0,67,106,2,175,368,173,134,47,722,2,0,2,724
10/15/2010,HNL,HI,AWP,WE,Towers with Radar,409,123,34,33,599,0,63,111,1,175,409,186,145,34,774,0,0,0,774
10/16/2010,HNL,HI,AWP,WE,Towers with Radar,376,101,15,34,526,0,40,169,1,210,376,141,184,35,736,4,0,4,740
10/17/2010,HNL,HI,AWP,WE,Towers with Radar,370,86,20,16,492,0,56,111,4,171,370,142,131,20,663,0,0,0,663
10/18/2010,HNL,HI,AWP,WE,Towers with Radar,397,133,24,15,569,0,84,90,9,183,397,217,114,24,752,0,0,0,752
10/19/2010,HNL,HI,AWP,WE,Towers with Radar,382,129,18,34,563,0,69,100,4,173,382,198,118,38,736,2,0,2,738
10/20/2010,HNL,HI,AWP,WE,Towers with Radar,378,112,20,34,544,0,82,144,2,228,378,194,164,36,772,4,0,4,776
10/21/2010,HNL,HI,AWP,WE,Towers with Radar,369,107,18,33,527,0,79,116,3,198,369,186,134,36,725,2,0,2,727
10/22/2010,HNL,HI,AWP,WE,Towers with Radar,406,117,19,30,572,0,44,156,0,200,406,161,175,30,772,6,0,6,778
10/23/2010,HNL,HI,AWP,WE,Towers with Radar,494,113,19,19,645,0,45,121,1,167,494,158,140,20,812,4,0,4,816
10/24/2010,HNL,HI,AWP,WE,Towers with Radar,366,73,15,10,464,0,38,105,3,146,366,111,120,13,610,0,0,0,610
10/25/2010,HNL,HI,AWP,WE,Towers with Radar,401,106,19,36,562,0,58,52,7,117,401,164,71,43,679,0,0,0,679
10/26/2010,HNL,HI,AWP,WE,Towers with Radar,379,107,21,43,550,0,39,62,3,104,379,146,83,46,654,0,0,0,654
10/27/2010,HNL,HI,AWP,WE,Towers with Radar,372,105,23,34,534,0,51,72,3,126,372,156,95,37,660,1,0,1,661
10/28/2010,HNL,HI,AWP,WE,Towers with Radar,388,122,21,32,563,0,36,102,2,140,388,158,123,34,703,2,0,2,705
10/29/2010,HNL,HI,AWP,WE,Towers with Radar,405,126,42,22,595,0,44,112,2,158,405,170,154,24,753,4,0,4,757
10/30/2010,HNL,HI,AWP,WE,Towers with Radar,382,91,17,9,499,0,32,89,3,124,382,123,106,12,623,0,0,0,623
10/31/2010,HNL,HI,AWP,WE,Towers with Radar,363,89,18,13,483,0,61,122,2,185,363,150,140,15,668,0,0,0,668
11/01/2010,HNL,HI,AWP,WE,Towers with Radar,390,125,20,14,549,0,50,65,8,123,390,175,85,22,672,0,2,2,674
11/02/2010,HNL,HI,AWP,WE,Towers with Radar,382,111,19,47,559,0,85,106,26,217,382,196,125,73,776,0,0,0,776
11/03/2010,HNL,HI,AWP,WE,Towers with Radar,386,108,27,32,553,0,21,18,17,56,386,129,45,49,609,0,0,0,609
11/04/2010,HNL,HI,AWP,WE,Towers with Radar,378,104,15,41,538,0,52,77,13,142,378,156,92,54,680,0,8,8,688
11/05/2010,HNL,HI,AWP,WE,Towers with Radar,411,107,31,35,584,0,44,103,17,164,411,151,134,52,748,0,0,0,748
11/06/2010,HNL,HI,AWP,WE,Towers with Radar,383,88,17,31,519,0,32,138,5,175,383,120,155,36,694,0,0,0,694
11/07/2010,HNL,HI,AWP,WE,Towers with Radar,356,89,27,22,494,0,36,99,3,138,356,125,126,25,632,0,0,0,632
11/08/2010,HNL,HI,AWP,WE,Towers with Radar,406,108,28,28,570,0,55,63,12,130,406,163,91,40,700,8,4,12,712
11/09/2010,HNL,HI,AWP,WE,Towers with Radar,372,96,48,63,579,0,73,106,34,213,372,169,154,97,792,4,0,4,796
11/10/2010,HNL,HI,AWP,WE,Towers with Radar,366,105,42,47,560,0,81,96,8,185,366,186,138,55,745,8,0,8,753
11/11/2010,HNL,HI,AWP,WE,Towers with Radar,378,107,37,18,540,0,77,101,5,183,378,184,138,23,723,0,0,0,723
11/12/2010,HNL,HI,AWP,WE,Towers with Radar,454,112,45,41,652,0,71,110,0,181,454,183,155,41,833,2,0,2,835
11/13/2010,HNL,HI,AWP,WE,Towers with Radar,397,58,20,12,487,0,46,109,11,166,397,104,129,23,653,8,0,8,661
11/14/2010,HNL,HI,AWP,WE,Towers with Radar,389,93,53,17,552,0,36,77,2,115,389,129,130,19,667,0,0,0,667
11/15/2010,HNL,HI,AWP,WE,Towers with Radar,391,89,25,53,558,0,37,54,18,109,391,126,79,71,667,0,2,2,669
11/16/2010,HNL,HI,AWP,WE,Towers with Radar,397,116,56,72,641,0,62,108,33,203,397,178,164,105,844,0,0,0,844
11/17/2010,HNL,HI,AWP,WE,Towers with Radar,404,100,26,25,555,0,66,86,12,164,404,166,112,37,719,0,0,0,719
11/18/2010,HNL,HI,AWP,WE,Towers with Radar,376,121,53,30,580,0,65,91,10,166,376,186,144,40,746,4,0,4,750
11/19/2010,HNL,HI,AWP,WE,Towers with Radar,403,132,41,27,603,0,47,95,4,146,403,179,136,31,749,0,0,0,749
11/20/2010,HNL,HI,AWP,WE,Towers with Radar,423,84,18,5,530,0,47,130,5,182,423,131,148,10,712,0,0,0,712
11/21/2010,HNL,HI,AWP,WE,Towers with Radar,373,96,37,14,520,0,33,95,2,130,373,129,132,16,650,0,0,0,650
11/22/2010,HNL,HI,AWP,WE,Towers with Radar,399,97,28,41,565,0,78,102,29,209,399,175,130,70,774,0,6,6,780
11/23/2010,HNL,HI,AWP,WE,Towers with Radar,411,99,51,62,623,0,110,111,31,252,411,209,162,93,875,0,2,2,877
11/24/2010,HNL,HI,AWP,WE,Towers with Radar,448,104,35,28,615,0,83,188,7,278,448,187,223,35,893,12,0,12,905
11/25/2010,HNL,HI,AWP,WE,Towers with Radar,385,61,16,4,466,0,39,65,0,104,385,100,81,4,570,0,0,0,570
11/26/2010,HNL,HI,AWP,WE,Towers with Radar,440,87,37,11,575,0,59,98,2,159,440,146,135,13,734,2,0,2,736
11/27/2010,HNL,HI,AWP,WE,Towers with Radar,431,82,19,6,538,0,35,91,1,127,431,117,110,7,665,0,0,0,665
11/28/2010,HNL,HI,AWP,WE,Towers with Radar,431,86,22,13,552,0,41,100,2,143,431,127,122,15,695,0,0,0,695
11/29/2010,HNL,HI,AWP,WE,Towers with Radar,404,111,27,21,563,0,55,115,10,180,404,166,142,31,743,0,0,0,743
11/30/2010,HNL,HI,AWP,WE,Towers with Radar,400,82,29,65,576,0,72,70,20,162,400,154,99,85,738,10,0,10,748
12/01/2010,HNL,HI,AWP,WE,Towers with Radar,384,115,34,37,570,0,51,63,20,134,384,166,97,57,704,0,0,0,704
12/02/2010,HNL,HI,AWP,WE,Towers with Radar,387,112,23,39,561,0,56,67,2,125,387,168,90,41,686,0,16,16,702
12/03/2010,HNL,HI,AWP,WE,Towers with Radar,419,138,24,26,607,0,40,90,0,130,419,178,114,26,737,2,0,2,739
12/04/2010,HNL,HI,AWP,WE,Towers with Radar,385,106,36,42,569,0,33,109,1,143,385,139,145,43,712,0,0,0,712
12/05/2010,HNL,HI,AWP,WE,Towers with Radar,371,78,44,16,509,0,37,117,4,158,371,115,161,20,667,0,0,0,667
12/06/2010,HNL,HI,AWP,WE,Towers with Radar,404,118,44,30,596,0,63,121,9,193,404,181,165,39,789,0,0,0,789
12/07/2010,HNL,HI,AWP,WE,Towers with Radar,412,119,45,69,645,0,96,113,21,230,412,215,158,90,875,4,0,4,879
12/08/2010,HNL,HI,AWP,WE,Towers with Radar,398,111,45,49,603,0,80,82,9,171,398,191,127,58,774,6,0,6,780
12/09/2010,HNL,HI,AWP,WE,Towers with Radar,391,100,20,32,543,0,49,43,5,97,391,149,63,37,640,0,0,0,640
12/10/2010,HNL,HI,AWP,WE,Towers with Radar,431,124,15,30,600,0,7,15,0,22,431,131,30,30,622,2,0,2,624
12/11/2010,HNL,HI,AWP,WE,Towers with Radar,386,119,34,17,556,0,34,139,4,177,386,153,173,21,733,10,0,10,743
12/12/2010,HNL,HI,AWP,WE,Towers with Radar,378,95,29,15,517,0,33,77,2,112,378,128,106,17,629,10,0,10,639
12/13/2010,HNL,HI,AWP,WE,Towers with Radar,422,113,28,30,593,0,67,110,12,189,422,180,138,42,782,0,0,0,782
12/14/2010,HNL,HI,AWP,WE,Towers with Radar,422,119,45,90,676,0,116,142,25,283,422,235,187,115,959,0,0,0,959
12/15/2010,HNL,HI,AWP,WE,Towers with Radar,399,106,39,67,611,0,72,96,4,172,399,178,135,71,783,0,0,0,783
12/16/2010,HNL,HI,AWP,WE,Towers with Radar,423,119,48,49,639,0,61,92,17,170,423,180,140,66,809,6,12,18,827
12/17/2010,HNL,HI,AWP,WE,Towers with Radar,434,139,39,31,643,0,29,115,3,147,434,168,154,34,790,18,0,18,808
12/18/2010,HNL,HI,AWP,WE,Towers with Radar,402,122,35,23,582,0,41,121,1,163,402,163,156,24,745,12,0,12,757
12/19/2010,HNL,HI,AWP,WE,Towers with Radar,412,64,19,17,512,0,0,0,0,0,412,64,19,17,512,0,0,0,512
12/20/2010,HNL,HI,AWP,WE,Towers with Radar,428,155,35,33,651,0,10,21,0,31,428,165,56,33,682,0,0,0,682
12/21/2010,HNL,HI,AWP,WE,Towers with Radar,430,132,39,41,642,0,38,54,5,97,430,170,93,46,739,0,0,0,739
12/22/2010,HNL,HI,AWP,WE,Towers with Radar,554,149,34,26,763,0,75,80,9,164,554,224,114,35,927,0,0,0,927
12/23/2010,HNL,HI,AWP,WE,Towers with Radar,434,157,38,9,638,0,38,36,2,76,434,195,74,11,714,0,0,0,714
12/24/2010,HNL,HI,AWP,WE,Towers with Radar,410,144,13,8,575,0,40,27,0,67,410,184,40,8,642,0,0,0,642
12/25/2010,HNL,HI,AWP,WE,Towers with Radar,378,66,12,2,458,0,14,18,0,32,378,80,30,2,490,0,0,0,490
12/26/2010,HNL,HI,AWP,WE,Towers with Radar,419,81,35,6,541,0,11,17,4,32,419,92,52,10,573,2,0,2,575
12/27/2010,HNL,HI,AWP,WE,Towers with Radar,409,120,24,10,563,0,35,36,0,71,409,155,60,10,634,0,0,0,634
12/28/2010,HNL,HI,AWP,WE,Towers with Radar,417,142,27,38,624,0,59,27,6,92,417,201,54,44,716,0,0,0,716
12/29/2010,HNL,HI,AWP,WE,Towers with Radar,425,130,29,37,621,0,49,43,4,96,425,179,72,41,717,0,0,0,717
12/30/2010,HNL,HI,AWP,WE,Towers with Radar,439,127,36,20,622,0,34,85,0,119,439,161,121,20,741,0,0,0,741
12/31/2010,HNL,HI,AWP,WE,Towers with Radar,426,128,33,6,593,0,39,57,4,100,426,167,90,10,693,0,0,0,693
01/01/2011,HNL,HI,AWP,WE,Towers with Radar,384,88,43,4,519,0,20,41,1,62,384,108,84,5,581,0,0,0,581
01/02/2011,HNL,HI,AWP,WE,Towers with Radar,403,80,39,8,530,0,59,67,0,126,403,139,106,8,656,0,0,0,656
01/03/2011,HNL,HI,AWP,WE,Towers with Radar,428,124,29,30,611,0,44,49,12,105,428,168,78,42,716,0,0,0,716
01/04/2011,HNL,HI,AWP,WE,Towers with Radar,411,101,34,65,611,0,72,119,22,213,411,173,153,87,824,4,0,4,828
01/05/2011,HNL,HI,AWP,WE,Towers with Radar,416,100,31,63,610,0,86,121,21,228,416,186,152,84,838,0,0,0,838
01/06/2011,HNL,HI,AWP,WE,Towers with Radar,411,124,41,59,635,0,77,109,10,196,411,201,150,69,831,0,0,0,831
01/07/2011,HNL,HI,AWP,WE,Towers with Radar,440,111,29,30,610,0,72,132,1,205,440,183,161,31,815,0,0,0,815
01/08/2011,HNL,HI,AWP,WE,Towers with Radar,399,104,21,39,563,0,39,123,6,168,399,143,144,45,731,6,0,6,737
01/09/2011,HNL,HI,AWP,WE,Towers with Radar,413,77,26,28,544,0,56,117,5,178,413,133,143,33,722,0,0,0,722
01/10/2011,HNL,HI,AWP,WE,Towers with Radar,405,122,22,40,589,0,35,6,5,46,405,157,28,45,635,0,2,2,637
01/11/2011,HNL,HI,AWP,WE,Towers with Radar,414,112,31,81,638,92,94,14,0,200,506,206,45,81,838,0,0,0,838
01/12/2011,HNL,HI,AWP,WE,Towers with Radar,399,184,9,41,633,0,8,8,1,17,399,192,17,42,650,0,0,0,650
01/13/2011,HNL,HI,AWP,WE,Towers with Radar,409,118,19,56,602,0,20,26,1,47,409,138,45,57,649,0,0,0,649
01/14/2011,HNL,HI,AWP,WE,Towers with Radar,431,129,35,52,647,0,50,97,0,147,431,179,132,52,794,0,0,0,794
01/15/2011,HNL,HI,AWP,WE,Towers with Radar,387,94,15,19,515,0,34,137,3,174,387,128,152,22,689,8,0,8,697
01/16/2011,HNL,HI,AWP,WE,Towers with Radar,396,69,35,30,530,0,33,100,8,141,396,102,135,38,671,0,0,0,671
01/17/2011,HNL,HI,AWP,WE,Towers with Radar,387,103,19,19,528,0,74,135,4,213,387,177,154,23,741,0,0,0,741
01/18/2011,HNL,HI,AWP,WE,Towers with Radar,404,113,17,17,551,0,68,88,12,168,404,181,105,29,719,0,0,0,719
01/19/2011,HNL,HI,AWP,WE,Towers with Radar,411,98,30,85,624,0,72,105,31,208,411,170,135,116,832,0,0,0,832
01/20/2011,HNL,HI,AWP,WE,Towers with Radar,411,95,21,66,593,0,89,105,6,200,411,184,126,72,793,0,0,0,793
01/21/2011,HNL,HI,AWP,WE,Towers with Radar,429,106,28,38,601,0,69,113,8,190,429,175,141,46,791,0,0,0,791
01/22/2011,HNL,HI,AWP,WE,Towers with Radar,395,102,22,32,551,0,35,124,7,166,395,137,146,39,717,0,0,0,717
01/23/2011,HNL,HI,AWP,WE,Towers with Radar,387,74,19,16,496,0,45,120,1,166,387,119,139,17,662,2,0,2,664
01/24/2011,HNL,HI,AWP,WE,Towers with Radar,399,109,17,56,581,0,56,68,7,131,399,165,85,63,712,6,0,6,718
01/25/2011,HNL,HI,AWP,WE,Towers with Radar,401,106,26,70,603,0,58,71,17,146,401,164,97,87,749,0,0,0,749
01/26/2011,HNL,HI,AWP,WE,Towers with Radar,407,96,37,74,614,0,103,109,13,225,407,199,146,87,839,0,0,0,839
01/27/2011,HNL,HI,AWP,WE,Towers with Radar,396,123,35,34,588,0,92,88,6,186,396,215,123,40,774,0,0,0,774
01/28/2011,HNL,HI,AWP,WE,Towers with Radar,419,115,22,52,608,0,58,131,2,191,419,173,153,54,799,0,2,2,801
01/29/2011,HNL,HI,AWP,WE,Towers with Radar,391,102,20,18,531,0,59,132,0,191,391,161,152,18,722,0,0,0,722
01/30/2011,HNL,HI,AWP,WE,Towers with Radar,390,84,32,22,528,0,24,76,1,101,390,108,108,23,629,0,0,0,629
01/31/2011,HNL,HI,AWP,WE,Towers with Radar,404,100,36,81,621,0,55,109,20,184,404,155,145,101,805,0,0,0,805
02/01/2011,HNL,HI,AWP,WE,Towers with Radar,412,95,18,67,592,0,83,90,7,180,412,178,108,74,772,2,0,2,774
02/02/2011,HNL,HI,AWP,WE,Towers with Radar,395,101,25,73,594,0,80,91,11,182,395,181,116,84,776,0,0,0,776
02/03/2011,HNL,HI,AWP,WE,Towers with Radar,402,101,20,70,593,0,66,114,18,198,402,167,134,88,791,0,0,0,791
02/04/2011,HNL,HI,AWP,WE,Towers with Radar,426,110,29,46,611,0,63,149,5,217,426,173,178,51,828,0,0,0,828
02/05/2011,HNL,HI,AWP,WE,Towers with Radar,423,86,19,29,557,0,47,108,5,160,423,133,127,34,717,0,0,0,717
02/06/2011,HNL,HI,AWP,WE,Towers with Radar,386,85,26,15,512,0,13,22,1,36,386,98,48,16,548,0,0,0,548
02/07/2011,HNL,HI,AWP,WE,Towers with Radar,391,117,29,43,580,0,37,75,9,121,391,154,104,52,701,0,12,12,713
02/08/2011,HNL,HI,AWP,WE,Towers with Radar,406,102,20,50,578,0,53,80,12,145,406,155,100,62,723,0,0,0,723
02/09/2011,HNL,HI,AWP,WE,Towers with Radar,410,98,25,51,584,0,69,122,8,199,410,167,147,59,783,0,0,0,783
02/10/2011,HNL,HI,AWP,WE,Towers with Radar,418,127,27,49,621,0,65,95,9,169,418,192,122,58,790,0,0,0,790
02/11/2011,HNL,HI,AWP,WE,Towers with Radar,416,118,37,42,613,0,48,71,5,124,416,166,108,47,737,6,0,6,743
02/12/2011,HNL,HI,AWP,WE,Towers with Radar,387,113,34,21,555,0,43,112,5,160,387,156,146,26,715,0,0,0,715
02/13/2011,HNL,HI,AWP,WE,Towers with Radar,397,83,30,33,543,0,38,113,4,155,397,121,143,37,698,14,4,18,716
02/14/2011,HNL,HI,AWP,WE,Towers with Radar,403,106,39,39,587,0,72,96,22,190,403,178,135,61,777,6,4,10,787
02/15/2011,HNL,HI,AWP,WE,Towers with Radar,411,116,25,55,607,0,81,92,15,188,411,197,117,70,795,0,0,0,795
02/16/2011,HNL,HI,AWP,WE,Towers with Radar,391,106,23,45,565,0,69,93,18,180,391,175,116,63,745,4,0,4,749
02/17/2011,HNL,HI,AWP,WE,Towers with Radar,416,109,39,39,603,0,81,113,9,203,416,190,152,48,806,0,0,0,806
02/18/2011,HNL,HI,AWP,WE,Towers with Radar,451,106,26,37,620,0,60,144,2,206,451,166,170,39,826,0,0,0,826
02/19/2011,HNL,HI,AWP,WE,Towers with Radar,397,70,33,27,527,0,48,141,1,190,397,118,174,28,717,0,0,0,717
02/20/2011,HNL,HI,AWP,WE,Towers with Radar,408,71,25,21,525,0,44,89,4,137,408,115,114,25,662,3,0,3,665
02/21/2011,HNL,HI,AWP,WE,Towers with Radar,418,86,20,22,546,0,54,101,0,155,418,140,121,22,701,0,0,0,701
02/22/2011,HNL,HI,AWP,WE,Towers with Radar,438,108,23,35,604,0,74,91,5,170,438,182,114,40,774,0,0,0,774
02/23/2011,HNL,HI,AWP,WE,Towers with Radar,423,104,32,44,603,0,51,87,8,146,423,155,119,52,749,2,0,2,751
02/24/2011,HNL,HI,AWP,WE,Towers with Radar,405,103,32,53,593,0,89,100,2,191,405,192,132,55,784,22,2,24,808
02/25/2011,HNL,HI,AWP,WE,Towers with Radar,437,132,45,54,668,0,55,148,9,212,437,187,193,63,880,0,0,0,880
02/26/2011,HNL,HI,AWP,WE,Towers with Radar,409,100,33,22,564,0,48,131,3,182,409,148,164,25,746,0,0,0,746
02/27/2011,HNL,HI,AWP,WE,Towers with Radar,365,80,22,13,480,0,51,138,5,194,365,131,160,18,674,2,0,2,676
02/28/2011,HNL,HI,AWP,WE,Towers with Radar,412,110,23,40,585,0,68,91,9,168,412,178,114,49,753,0,0,0,753
03/01/2011,HNL,HI,AWP,WE,Towers with Radar,404,126,12,31,573,0,73,96,9,178,404,199,108,40,751,0,0,0,751
03/02/2011,HNL,HI,AWP,WE,Towers with Radar,415,110,23,32,580,0,64,103,22,189,415,174,126,54,769,0,0,0,769
03/03/2011,HNL,HI,AWP,WE,Towers with Radar,415,106,30,27,578,0,51,78,4,133,415,157,108,31,711,0,0,0,711
03/04/2011,HNL,HI,AWP,WE,Towers with Radar,416,119,18,41,594,0,31,39,4,74,416,150,57,45,668,0,0,0,668
03/05/2011,HNL,HI,AWP,WE,Towers with Radar,409,82,21,47,559,0,15,88,2,105,409,97,109,49,664,0,0,0,664
03/06/2011,HNL,HI,AWP,WE,Towers with Radar,386,90,22,36,534,0,37,81,1,119,386,127,103,37,653,10,0,10,663
03/07/2011,HNL,HI,AWP,WE,Towers with Radar,405,123,16,17,561,0,59,90,7,156,405,182,106,24,717,0,0,0,717
03/08/2011,HNL,HI,AWP,WE,Towers with Radar,417,92,23,50,582,0,57,105,7,169,417,149,128,57,751,0,0,0,751
03/09/2011,HNL,HI,AWP,WE,Towers with Radar,405,101,17,53,576,0,53,94,9,156,405,154,111,62,732,0,0,0,732
03/10/2011,HNL,HI,AWP,WE,Towers with Radar,420,100,36,46,602,0,83,114,14,211,420,183,150,60,813,10,0,10,823
03/11/2011,HNL,HI,AWP,WE,Towers with Radar,378,93,18,49,538,0,62,104,11,177,378,155,122,60,715,0,0,0,715
03/12/2011,HNL,HI,AWP,WE,Towers with Radar,428,91,23,34,576,0,66,132,2,200,428,157,155,36,776,0,0,0,776
03/13/2011,HNL,HI,AWP,WE,Towers with Radar,383,86,9,28,506,0,52,76,1,129,383,138,85,29,635,0,0,0,635
03/14/2011,HNL,HI,AWP,WE,Towers with Radar,418,117,24,34,593,0,75,130,6,211,418,192,154,40,804,4,0,4,808
03/15/2011,HNL,HI,AWP,WE,Towers with Radar,404,92,9,32,537,0,86,95,2,183,404,178,104,34,720,0,0,0,720
03/16/2011,HNL,HI,AWP,WE,Towers with Radar,413,99,18,23,553,0,66,79,7,152,413,165,97,30,705,6,0,6,711
03/17/2011,HNL,HI,AWP,WE,Towers with Radar,417,94,20,30,561,0,94,108,18,220,417,188,128,48,781,2,0,2,783
03/18/2011,HNL,HI,AWP,WE,Towers with Radar,450,104,19,21,594,0,86,114,1,201,450,190,133,22,795,0,0,0,795
03/19/2011,HNL,HI,AWP,WE,Towers with Radar,443,96,25,30,594,0,73,108,5,186,443,169,133,35,780,0,0,0,780
03/20/2011,HNL,HI,AWP,WE,Towers with Radar,412,92,18,32,554,0,41,80,0,121,412,133,98,32,675,0,0,0,675
03/21/2011,HNL,HI,AWP,WE,Towers with Radar,413,110,16,26,565,0,77,95,13,185,413,187,111,39,750,0,0,0,750
03/22/2011,HNL,HI,AWP,WE,Towers with Radar,429,98,15,32,574,0,57,56,4,117,429,155,71,36,691,0,0,0,691
03/23/2011,HNL,HI,AWP,WE,Towers with Radar,423,87,28,33,571,0,64,56,2,122,423,151,84,35,693,0,0,0,693
03/24/2011,HNL,HI,AWP,WE,Towers with Radar,434,105,17,43,599,0,93,132,4,229,434,198,149,47,828,0,0,0,828
03/25/2011,HNL,HI,AWP,WE,Towers with Radar,453,93,27,28,601,0,71,88,1,160,453,164,115,29,761,0,0,0,761
03/26/2011,HNL,HI,AWP,WE,Towers with Radar,392,100,21,12,525,0,44,107,7,158,392,144,128,19,683,0,0,0,683
03/27/2011,HNL,HI,AWP,WE,Towers with Radar,416,58,10,17,501,0,23,85,2,110,416,81,95,19,611,0,0,0,611
03/28/2011,HNL,HI,AWP,WE,Towers with Radar,425,97,17,35,574,0,76,75,13,164,425,173,92,48,738,0,0,0,738
03/29/2011,HNL,HI,AWP,WE,Towers with Radar,404,96,8,38,546,0,70,114,15,199,404,166,122,53,745,0,5,5,750
03/30/2011,HNL,HI,AWP,WE,Towers with Radar,404,84,20,56,564,0,67,110,10,187,404,151,130,66,751,2,6,8,759
03/31/2011,HNL,HI,AWP,WE,Towers with Radar,433,83,20,32,568,0,73,138,23,234,433,156,158,55,802,0,0,0,802
04/01/2011,HNL,HI,AWP,WE,Towers with Radar,448,98,25,39,610,0,52,102,7,161,448,150,127,46,771,0,0,0,771
04/02/2011,HNL,HI,AWP,WE,Towers with Radar,392,76,20,30,518,0,75,139,10,224,392,151,159,40,742,0,0,0,742
04/03/2011,HNL,HI,AWP,WE,Towers with Radar,412,47,19,36,514,0,59,104,8,171,412,106,123,44,685,2,0,2,687
04/04/2011,HNL,HI,AWP,WE,Towers with Radar,406,101,26,25,558,0,45,49,15,109,406,146,75,40,667,12,8,20,687
04/05/2011,HNL,HI,AWP,WE,Towers with Radar,408,94,8,34,544,0,94,80,39,213,408,188,88,73,757,16,0,16,773
04/06/2011,HNL,HI,AWP,WE,Towers with Radar,410,92,17,22,541,0,60,71,5,136,410,152,88,27,677,2,6,8,685
04/07/2011,HNL,HI,AWP,WE,Towers with Radar,416,94,25,30,565,0,52,79,4,135,416,146,104,34,700,0,0,0,700
04/08/2011,HNL,HI,AWP,WE,Towers with Radar,421,99,22,23,565,0,62,61,11,134,421,161,83,34,699,0,0,0,699
04/09/2011,HNL,HI,AWP,WE,Towers with Radar,394,103,10,19,526,0,48,101,3,152,394,151,111,22,678,0,0,0,678
04/10/2011,HNL,HI,AWP,WE,Towers with Radar,397,84,28,14,523,0,34,100,2,136,397,118,128,16,659,0,0,0,659
04/11/2011,HNL,HI,AWP,WE,Towers with Radar,400,112,21,17,550,0,69,96,7,172,400,181,117,24,722,0,4,4,726
04/12/2011,HNL,HI,AWP,WE,Towers with Radar,423,96,21,43,583,0,91,78,13,182,423,187,99,56,765,0,0,0,765
04/13/2011,HNL,HI,AWP,WE,Towers with Radar,413,115,24,95,647,0,79,101,4,184,413,194,125,99,831,0,0,0,831
04/14/2011,HNL,HI,AWP,WE,Towers with Radar,408,101,11,45,565,0,76,111,6,193,408,177,122,51,758,0,0,0,758
04/15/2011,HNL,HI,AWP,WE,Towers with Radar,419,107,33,33,592,0,58,86,1,145,419,165,119,34,737,6,0,6,743
04/16/2011,HNL,HI,AWP,WE,Towers with Radar,388,94,18,19,519,0,73,138,7,218,388,167,156,26,737,0,0,0,737
04/17/2011,HNL,HI,AWP,WE,Towers with Radar,393,78,21,23,515,0,69,105,2,176,393,147,126,25,691,2,0,2,693
04/18/2011,HNL,HI,AWP,WE,Towers with Radar,427,93,16,22,558,0,96,87,5,188,427,189,103,27,746,0,0,0,746
04/19/2011,HNL,HI,AWP,WE,Towers with Radar,205,45,12,26,288,0,55,38,6,99,205,100,50,32,387,0,4,4,391
04/20/2011,HNL,HI,AWP,WE,Towers with Radar,408,100,24,34,566,0,135,132,11,278,408,235,156,45,844,6,0,6,850
04/21/2011,HNL,HI,AWP,WE,Towers with Radar,408,99,21,32,560,0,96,106,8,210,408,195,127,40,770,0,0,0,770
04/22/2011,HNL,HI,AWP,WE,Towers with Radar,408,95,21,26,550,0,37,70,0,107,408,132,91,26,657,0,0,0,657
04/23/2011,HNL,HI,AWP,WE,Towers with Radar,391,96,21,17,525,0,59,146,1,206,391,155,167,18,731,12,0,12,743
04/24/2011,HNL,HI,AWP,WE,Towers with Radar,381,70,24,14,489,0,40,94,0,134,381,110,118,14,623,2,0,2,625
04/25/2011,HNL,HI,AWP,WE,Towers with Radar,411,111,16,32,570,0,58,73,5,136,411,169,89,37,706,2,0,2,708
04/26/2011,HNL,HI,AWP,WE,Towers with Radar,407,94,17,23,541,0,80,99,7,186,407,174,116,30,727,0,1,1,728
04/27/2011,HNL,HI,AWP,WE,Towers with Radar,419,94,13,24,550,0,68,117,3,188,419,162,130,27,738,14,0,14,752
04/28/2011,HNL,HI,AWP,WE,Towers with Radar,414,86,31,61,592,0,91,141,17,249,414,177,172,78,841,0,0,0,841
04/29/2011,HNL,HI,AWP,WE,Towers with Radar,422,99,23,31,575,0,62,96,2,160,422,161,119,33,735,0,0,0,735
04/30/2011,HNL,HI,AWP,WE,Towers with Radar,387,99,30,17,533,0,39,117,4,160,387,138,147,21,693,0,0,0,693
05/01/2011,HNL,HI,AWP,WE,Towers with Radar,387,72,26,32,517,0,58,80,0,138,387,130,106,32,655,0,0,0,655
05/02/2011,HNL,HI,AWP,WE,Towers with Radar,404,102,26,12,544,0,64,84,0,148,404,166,110,12,692,0,0,0,692
05/03/2011,HNL,HI,AWP,WE,Towers with Radar,409,103,14,29,555,0,50,90,8,148,409,153,104,37,703,0,0,0,703
05/04/2011,HNL,HI,AWP,WE,Towers with Radar,392,86,25,41,544,0,65,132,11,208,392,151,157,52,752,8,0,8,760
05/05/2011,HNL,HI,AWP,WE,Towers with Radar,398,118,20,41,577,0,69,107,19,195,398,187,127,60,772,11,0,11,783
05/06/2011,HNL,HI,AWP,WE,Towers with Radar,402,125,16,35,578,0,21,84,0,105,402,146,100,35,683,2,0,2,685
05/07/2011,HNL,HI,AWP,WE,Towers with Radar,382,96,16,17,511,0,25,83,0,108,382,121,99,17,619,0,0,0,619
05/08/2011,HNL,HI,AWP,WE,Towers with Radar,386,70,16,19,491,0,13,39,1,53,386,83,55,20,544,0,0,0,544
05/09/2011,HNL,HI,AWP,WE,Towers with Radar,401,113,9,36,559,0,69,81,7,157,401,182,90,43,716,0,0,0,716
05/10/2011,HNL,HI,AWP,WE,Towers with Radar,389,104,11,32,536,0,77,107,6,190,389,181,118,38,726,0,0,0,726
05/11/2011,HNL,HI,AWP,WE,Towers with Radar,401,101,18,52,572,0,56,125,8,189,401,157,143,60,761,0,0,0,761
05/12/2011,HNL,HI,AWP,WE,Towers with Radar,410,87,24,45,566,0,75,162,7,244,410,162,186,52,810,0,0,0,810
05/13/2011,HNL,HI,AWP,WE,Towers with Radar,390,125,25,52,592,0,46,146,9,201,390,171,171,61,793,0,0,0,793
05/14/2011,HNL,HI,AWP,WE,Towers with Radar,365,97,16,37,515,0,42,140,3,185,365,139,156,40,700,0,0,0,700
05/15/2011,HNL,HI,AWP,WE,Towers with Radar,384,64,16,24,488,0,48,124,10,182,384,112,140,34,670,0,0,0,670
05/16/2011,HNL,HI,AWP,WE,Towers with Radar,394,110,12,40,556,0,87,124,8,219,394,197,136,48,775,0,2,2,777
05/17/2011,HNL,HI,AWP,WE,Towers with Radar,501,117,19,61,698,0,88,109,15,212,501,205,128,76,910,0,0,0,910
05/18/2011,HNL,HI,AWP,WE,Towers with Radar,397,90,36,49,572,0,72,118,7,197,397,162,154,56,769,0,0,0,769
05/19/2011,HNL,HI,AWP,WE,Towers with Radar,406,91,29,47,573,0,83,154,16,253,406,174,183,63,826,8,0,8,834
05/20/2011,HNL,HI,AWP,WE,Towers with Radar,407,107,24,41,579,0,73,144,7,224,407,180,168,48,803,6,0,6,809
05/21/2011,HNL,HI,AWP,WE,Towers with Radar,384,85,9,16,494,0,53,100,7,160,384,138,109,23,654,2,0,2,656
05/22/2011,HNL,HI,AWP,WE,Towers with Radar,388,76,12,23,499,0,37,53,1,91,388,113,65,24,590,0,0,0,590
05/23/2011,HNL,HI,AWP,WE,Towers with Radar,401,105,17,40,563,0,63,85,4,152,401,168,102,44,715,8,0,8,723
05/24/2011,HNL,HI,AWP,WE,Towers with Radar,399,89,25,45,558,0,80,111,23,214,399,169,136,68,772,0,0,0,772
05/25/2011,HNL,HI,AWP,WE,Towers with Radar,402,72,27,66,567,0,61,92,4,157,402,133,119,70,724,0,0,0,724
05/26/2011,HNL,HI,AWP,WE,Towers with Radar,417,92,19,47,575,0,82,85,12,179,417,174,104,59,754,0,0,0,754
05/27/2011,HNL,HI,AWP,WE,Towers with Radar,423,113,24,23,583,0,77,154,3,234,423,190,178,26,817,4,0,4,821
05/28/2011,HNL,HI,AWP,WE,Towers with Radar,378,98,11,17,504,0,47,120,1,168,378,145,131,18,672,0,0,0,672
05/29/2011,HNL,HI,AWP,WE,Towers with Radar,371,77,7,14,469,0,39,73,1,113,371,116,80,15,582,0,0,0,582
05/30/2011,HNL,HI,AWP,WE,Towers with Radar,383,76,20,12,491,0,82,119,3,204,383,158,139,15,695,0,0,0,695
05/31/2011,HNL,HI,AWP,WE,Towers with Radar,396,108,29,40,573,0,52,72,9,133,396,160,101,49,706,3,0,3,709
06/01/2011,HNL,HI,AWP,WE,Towers with Radar,410,83,21,57,571,0,53,87,8,148,410,136,108,65,719,21,0,21,740
06/02/2011,HNL,HI,AWP,WE,Towers with Radar,414,102,35,36,587,0,89,128,16,233,414,191,163,52,820,0,0,0,820
06/03/2011,HNL,HI,AWP,WE,Towers with Radar,452,120,8,14,594,0,16,38,0,54,452,136,46,14,648,0,0,0,648
06/04/2011,HNL,HI,AWP,WE,Towers with Radar,390,82,18,63,553,0,44,99,4,147,390,126,117,67,700,8,0,8,708
06/05/2011,HNL,HI,AWP,WE,Towers with Radar,392,61,18,45,516,0,36,117,1,154,392,97,135,46,670,6,0,6,676
06/06/2011,HNL,HI,AWP,WE,Towers with Radar,419,109,26,44,598,0,46,84,10,140,419,155,110,54,738,0,0,0,738
06/07/2011,HNL,HI,AWP,WE,Towers with Radar,434,93,11,37,575,0,70,97,8,175,434,163,108,45,750,0,0,0,750
06/08/2011,HNL,HI,AWP,WE,Towers with Radar,417,79,41,39,576,0,75,130,12,217,417,154,171,51,793,0,2,2,795
06/09/2011,HNL,HI,AWP,WE,Towers with Radar,425,111,40,38,614,0,84,100,9,193,425,195,140,47,807,2,0,2,809
06/10/2011,HNL,HI,AWP,WE,Towers with Radar,427,101,24,35,587,0,53,142,10,205,427,154,166,45,792,6,0,6,798
06/11/2011,HNL,HI,AWP,WE,Towers with Radar,407,83,24,22,536,0,45,101,3,149,407,128,125,25,685,0,0,0,685
06/12/2011,HNL,HI,AWP,WE,Towers with Radar,382,94,14,21,511,0,39,93,2,134,382,133,107,23,645,0,0,0,645
06/13/2011,HNL,HI,AWP,WE,Towers with Radar,407,106,21,29,563,0,52,104,12,168,407,158,125,41,731,0,0,0,731
06/14/2011,HNL,HI,AWP,WE,Towers with Radar,418,110,23,23,574,0,62,97,3,162,418,172,120,26,736,0,1,1,737
06/15/2011,HNL,HI,AWP,WE,Towers with Radar,409,90,27,34,560,0,72,119,16,207,409,162,146,50,767,2,0,2,769
06/16/2011,HNL,HI,AWP,WE,Towers with Radar,426,120,14,37,597,0,89,125,12,226,426,209,139,49,823,0,0,0,823
06/17/2011,HNL,HI,AWP,WE,Towers with Radar,434,119,23,38,614,0,62,121,0,183,434,181,144,38,797,6,0,6,803
06/18/2011,HNL,HI,AWP,WE,Towers with Radar,399,79,15,13,506,0,58,116,5,179,399,137,131,18,685,0,0,0,685
06/19/2011,HNL,HI,AWP,WE,Towers with Radar,391,87,15,13,506,0,57,88,0,145,391,144,103,13,651,0,1,1,652
06/20/2011,HNL,HI,AWP,WE,Towers with Radar,411,104,18,28,561,0,74,88,9,171,411,178,106,37,732,0,0,0,732
06/21/2011,HNL,HI,AWP,WE,Towers with Radar,442,84,41,27,594,0,59,126,12,197,442,143,167,39,791,4,0,4,795
06/22/2011,HNL,HI,AWP,WE,Towers with Radar,439,77,36,19,571,0,55,109,2,166,439,132,145,21,737,0,0,0,737
06/23/2011,HNL,HI,AWP,WE,Towers with Radar,424,90,35,25,574,0,67,119,16,202,424,157,154,41,776,0,3,3,779
06/24/2011,HNL,HI,AWP,WE,Towers with Radar,427,81,26,20,554,0,69,134,2,205,427,150,160,22,759,4,0,4,763
06/25/2011,HNL,HI,AWP,WE,Towers with Radar,388,96,24,10,518,0,51,108,1,160,388,147,132,11,678,2,0,2,680
06/26/2011,HNL,HI,AWP,WE,Towers with Radar,399,78,26,13,516,0,41,77,0,118,399,119,103,13,634,0,0,0,634
06/27/2011,HNL,HI,AWP,WE,Towers with Radar,422,96,33,22,573,0,63,99,13,175,422,159,132,35,748,4,0,4,752
06/28/2011,HNL,HI,AWP,WE,Towers with Radar,437,80,14,28,559,0,78,85,9,172,437,158,99,37,731,0,0,0,731
06/29/2011,HNL,HI,AWP,WE,Towers with Radar,446,86,17,49,598,0,61,99,16,176,446,147,116,65,774,0,2,2,776
06/30/2011,HNL,HI,AWP,WE,Towers with Radar,436,84,40,20,580,0,58,124,6,188,436,142,164,26,768,4,0,4,772
07/01/2011,HNL,HI,AWP,WE,Towers with Radar,460,105,28,23,616,0,49,135,3,187,460,154,163,26,803,0,0,0,803
07/02/2011,HNL,HI,AWP,WE,Towers with Radar,389,87,16,15,507,0,52,136,0,188,389,139,152,15,695,0,0,0,695
07/03/2011,HNL,HI,AWP,WE,Towers with Radar,375,77,9,14,475,0,52,101,2,155,375,129,110,16,630,6,0,6,636
07/04/2011,HNL,HI,AWP,WE,Towers with Radar,395,106,12,4,517,0,75,94,0,169,395,181,106,4,686,0,0,0,686
07/05/2011,HNL,HI,AWP,WE,Towers with Radar,415,105,28,28,576,0,66,81,7,154,415,171,109,35,730,0,0,0,730
07/06/2011,HNL,HI,AWP,WE,Towers with Radar,431,106,19,30,586,0,50,96,8,154,431,156,115,38,740,0,0,0,740
07/07/2011,HNL,HI,AWP,WE,Towers with Radar,421,96,35,34,586,0,60,98,28,186,421,156,133,62,772,0,0,0,772
07/08/2011,HNL,HI,AWP,WE,Towers with Radar,421,104,25,30,580,0,69,125,5,199,421,173,150,35,779,0,0,0,779
07/09/2011,HNL,HI,AWP,WE,Towers with Radar,392,92,18,16,518,0,46,125,5,176,392,138,143,21,694,0,0,0,694
07/10/2011,HNL,HI,AWP,WE,Towers with Radar,414,99,17,36,566,0,64,104,3,171,414,163,121,39,737,4,0,4,741
07/11/2011,HNL,HI,AWP,WE,Towers with Radar,407,110,17,21,555,0,76,110,5,191,407,186,127,26,746,0,2,2,748
07/12/2011,HNL,HI,AWP,WE,Towers with Radar,412,90,11,60,573,0,90,91,23,204,412,180,102,83,777,0,0,0,777
07/13/2011,HNL,HI,AWP,WE,Towers with Radar,440,113,18,48,619,0,97,99,8,204,440,210,117,56,823,0,0,0,823
07/14/2011,HNL,HI,AWP,WE,Towers with Radar,416,111,20,47,594,0,78,124,11,213,416,189,144,58,807,0,0,0,807
07/15/2011,HNL,HI,AWP,WE,Towers with Radar,449,117,20,17,603,0,71,112,12,195,449,188,132,29,798,0,0,0,798
07/16/2011,HNL,HI,AWP,WE,Towers with Radar,396,80,9,12,497,0,55,134,2,191,396,135,143,14,688,2,0,2,690
07/17/2011,HNL,HI,AWP,WE,Towers with Radar,414,99,22,26,561,0,71,99,0,170,414,170,121,26,731,0,0,0,731
07/18/2011,HNL,HI,AWP,WE,Towers with Radar,437,95,25,44,601,0,88,93,13,194,437,183,118,57,795,0,0,0,795
07/19/2011,HNL,HI,AWP,WE,Towers with Radar,428,100,23,33,584,0,72,77,9,158,428,172,100,42,742,0,0,0,742
07/20/2011,HNL,HI,AWP,WE,Towers with Radar,418,97,21,23,559,0,65,98,9,172,418,162,119,32,731,0,0,0,731
07/21/2011,HNL,HI,AWP,WE,Towers with Radar,429,135,22,22,608,0,62,107,5,174,429,197,129,27,782,10,6,16,798
07/22/2011,HNL,HI,AWP,WE,Towers with Radar,440,127,10,15,592,0,49,177,2,228,440,176,187,17,820,0,6,6,826
07/23/2011,HNL,HI,AWP,WE,Towers with Radar,388,96,9,11,504,0,47,128,0,175,388,143,137,11,679,6,0,6,685
07/24/2011,HNL,HI,AWP,WE,Towers with Radar,408,73,11,9,501,0,56,90,0,146,408,129,101,9,647,2,0,2,649
07/25/2011,HNL,HI,AWP,WE,Towers with Radar,423,109,24,29,585,0,77,106,8,191,423,186,130,37,776,12,0,12,788
07/26/2011,HNL,HI,AWP,WE,Towers with Radar,425,114,22,19,580,0,65,111,5,181,425,179,133,24,761,0,0,0,761
07/27/2011,HNL,HI,AWP,WE,Towers with Radar,436,101,14,39,590,0,60,82,3,145,436,161,96,42,735,0,0,0,735
07/28/2011,HNL,HI,AWP,WE,Towers with Radar,439,95,20,28,582,0,88,112,0,200,439,183,132,28,782,0,0,0,782
07/29/2011,HNL,HI,AWP,WE,Towers with Radar,450,112,42,27,631,0,50,90,4,144,450,162,132,31,775,16,0,16,791
07/30/2011,HNL,HI,AWP,WE,Towers with Radar,397,115,25,22,559,0,48,129,4,181,397,163,154,26,740,12,0,12,752
07/31/2011,HNL,HI,AWP,WE,Towers with Radar,401,81,17,21,520,0,41,89,3,133,401,122,106,24,653,8,0,8,661
08/01/2011,HNL,HI,AWP,WE,Towers with Radar,425,98,14,27,564,0,79,82,6,167,425,177,96,33,731,0,0,0,731
08/02/2011,HNL,HI,AWP,WE,Towers with Radar,410,102,22,42,576,0,82,100,7,189,410,184,122,49,765,0,0,0,765
08/03/2011,HNL,HI,AWP,WE,Towers with Radar,427,99,18,49,593,0,97,104,3,204,427,196,122,52,797,0,0,0,797
08/04/2011,HNL,HI,AWP,WE,Towers with Radar,429,103,16,22,570,0,58,82,9,149,429,161,98,31,719,0,0,0,719
08/05/2011,HNL,HI,AWP,WE,Towers with Radar,459,106,33,38,636,0,60,96,1,157,459,166,129,39,793,0,0,0,793
08/06/2011,HNL,HI,AWP,WE,Towers with Radar,414,91,19,27,551,0,43,117,11,171,414,134,136,38,722,0,0,0,722
08/07/2011,HNL,HI,AWP,WE,Towers with Radar,404,65,23,17,509,0,47,137,2,186,404,112,160,19,695,2,0,2,697
08/08/2011,HNL,HI,AWP,WE,Towers with Radar,433,93,20,29,575,0,75,132,8,215,433,168,152,37,790,0,0,0,790
08/09/2011,HNL,HI,AWP,WE,Towers with Radar,451,97,7,34,589,0,98,130,9,237,451,195,137,43,826,0,0,0,826
08/10/2011,HNL,HI,AWP,WE,Towers with Radar,432,78,20,47,577,0,74,137,12,223,432,152,157,59,800,6,2,8,808
08/11/2011,HNL,HI,AWP,WE,Towers with Radar,426,91,19,55,591,0,94,129,11,234,426,185,148,66,825,0,0,0,825
08/12/2011,HNL,HI,AWP,WE,Towers with Radar,450,94,19,33,596,0,77,161,4,242,450,171,180,37,838,0,0,0,838
08/13/2011,HNL,HI,AWP,WE,Towers with Radar,399,80,14,6,499,0,50,116,6,172,399,130,130,12,671,0,0,0,671
08/14/2011,HNL,HI,AWP,WE,Towers with Radar,403,71,17,23,514,0,65,98,15,178,403,136,115,38,692,0,0,0,692
08/15/2011,HNL,HI,AWP,WE,Towers with Radar,433,109,11,24,577,0,71,121,1,193,433,180,132,25,770,0,0,0,770
08/16/2011,HNL,HI,AWP,WE,Towers with Radar,426,110,15,25,576,0,101,110,7,218,426,211,125,32,794,8,1,9,803
08/17/2011,HNL,HI,AWP,WE,Towers with Radar,419,117,36,34,606,0,90,83,2,175,419,207,119,36,781,0,0,0,781
08/18/2011,HNL,HI,AWP,WE,Towers with Radar,424,109,37,28,598,0,80,123,8,211,424,189,160,36,809,0,0,0,809
08/19/2011,HNL,HI,AWP,WE,Towers with Radar,431,105,31,33,600,0,79,125,15,219,431,184,156,48,819,4,0,4,823
08/20/2011,HNL,HI,AWP,WE,Towers with Radar,389,83,42,15,529,0,44,140,8,192,389,127,182,23,721,12,0,12,733
08/21/2011,HNL,HI,AWP,WE,Towers with Radar,405,68,12,20,505,0,48,101,9,158,405,116,113,29,663,0,0,0,663
08/22/2011,HNL,HI,AWP,WE,Towers with Radar,419,96,25,14,554,0,93,83,10,186,419,189,108,24,740,0,0,0,740
08/23/2011,HNL,HI,AWP,WE,Towers with Radar,431,103,21,19,574,0,85,105,8,198,431,188,126,27,772,2,0,2,774
08/24/2011,HNL,HI,AWP,WE,Towers with Radar,401,102,19,34,556,0,51,103,5,159,401,153,122,39,715,0,0,0,715
08/25/2011,HNL,HI,AWP,WE,Towers with Radar,392,94,11,24,521,0,55,105,1,161,392,149,116,25,682,0,0,0,682
08/26/2011,HNL,HI,AWP,WE,Towers with Radar,425,100,16,27,568,0,76,113,1,190,425,176,129,28,758,2,0,2,760
08/27/2011,HNL,HI,AWP,WE,Towers with Radar,375,93,13,14,495,0,57,143,7,207,375,150,156,21,702,0,0,0,702
08/28/2011,HNL,HI,AWP,WE,Towers with Radar,395,60,20,31,506,0,57,104,7,168,395,117,124,38,674,0,0,0,674
08/29/2011,HNL,HI,AWP,WE,Towers with Radar,398,100,25,24,547,0,65,82,2,149,398,165,107,26,696,13,0,13,709
08/30/2011,HNL,HI,AWP,WE,Towers with Radar,387,82,24,42,535,0,119,143,17,279,387,201,167,59,814,0,0,0,814
08/31/2011,HNL,HI,AWP,WE,Towers with Radar,403,90,15,37,545,0,58,100,3,161,403,148,115,40,706,0,6,6,712
09/01/2011,HNL,HI,AWP,WE,Towers with Radar,408,93,18,31,550,0,81,105,8,194,408,174,123,39,744,0,0,0,744
09/02/2011,HNL,HI,AWP,WE,Towers with Radar,424,90,36,26,576,0,69,115,3,187,424,159,151,29,763,0,0,0,763
09/03/2011,HNL,HI,AWP,WE,Towers with Radar,401,96,21,13,531,0,63,172,5,240,401,159,193,18,771,4,0,4,775
09/04/2011,HNL,HI,AWP,WE,Towers with Radar,395,47,26,16,484,0,58,87,3,148,395,105,113,19,632,0,0,0,632
09/05/2011,HNL,HI,AWP,WE,Towers with Radar,404,61,22,16,503,0,54,106,0,160,404,115,128,16,663,0,0,0,663
09/06/2011,HNL,HI,AWP,WE,Towers with Radar,421,72,13,36,542,0,90,117,8,215,421,162,130,44,757,0,0,0,757
09/07/2011,HNL,HI,AWP,WE,Towers with Radar,381,98,18,22,519,0,105,101,7,213,381,203,119,29,732,1,0,1,733
09/08/2011,HNL,HI,AWP,WE,Towers with Radar,403,81,18,37,539,0,97,118,15,230,403,178,136,52,769,0,0,0,769
09/09/2011,HNL,HI,AWP,WE,Towers with Radar,422,103,22,19,566,0,76,102,4,182,422,179,124,23,748,0,0,0,748
09/10/2011,HNL,HI,AWP,WE,Towers with Radar,379,92,9,16,496,0,69,121,2,192,379,161,130,18,688,0,0,0,688
09/11/2011,HNL,HI,AWP,WE,Towers with Radar,373,77,10,21,481,0,48,98,3,149,373,125,108,24,630,2,0,2,632
09/12/2011,HNL,HI,AWP,WE,Towers with Radar,398,100,18,19,535,0,72,99,7,178,398,172,117,26,713,0,0,0,713
09/13/2011,HNL,HI,AWP,WE,Towers with Radar,398,91,11,34,534,0,111,110,6,227,398,202,121,40,761,0,0,0,761
09/14/2011,HNL,HI,AWP,WE,Towers with Radar,401,85,16,22,524,0,84,72,8,164,401,169,88,30,688,0,2,2,690
09/15/2011,HNL,HI,AWP,WE,Towers with Radar,400,89,15,16,520,0,74,86,4,164,400,163,101,20,684,0,0,0,684
09/16/2011,HNL,HI,AWP,WE,Towers with Radar,407,99,26,21,553,0,61,126,2,189,407,160,152,23,742,0,0,0,742
09/17/2011,HNL,HI,AWP,WE,Towers with Radar,370,81,16,10,477,0,39,131,3,173,370,120,147,13,650,16,0,16,666
09/18/2011,HNL,HI,AWP,WE,Towers with Radar,389,67,15,8,479,0,60,124,2,186,389,127,139,10,665,2,0,2,667
09/19/2011,HNL,HI,AWP,WE,Towers with Radar,405,88,18,42,553,0,88,131,10,229,405,176,149,52,782,0,4,4,786
09/20/2011,HNL,HI,AWP,WE,Towers with Radar,402,84,17,28,531,0,97,88,5,190,402,181,105,33,721,0,0,0,721
09/21/2011,HNL,HI,AWP,WE,Towers with Radar,432,78,16,47,573,0,51,106,6,163,432,129,122,53,736,0,0,0,736
09/22/2011,HNL,HI,AWP,WE,Towers with Radar,396,99,19,40,554,0,72,98,1,171,396,171,117,41,725,0,0,0,725
09/23/2011,HNL,HI,AWP,WE,Towers with Radar,406,106,14,35,561,0,55,146,9,210,406,161,160,44,771,0,2,2,773
09/24/2011,HNL,HI,AWP,WE,Towers with Radar,377,67,24,17,485,0,45,141,1,187,377,112,165,18,672,10,0,10,682
09/25/2011,HNL,HI,AWP,WE,Towers with Radar,372,69,15,21,477,0,66,110,7,183,372,135,125,28,660,0,0,0,660
09/26/2011,HNL,HI,AWP,WE,Towers with Radar,398,85,12,22,517,0,77,95,8,180,398,162,107,30,697,2,2,4,701
09/27/2011,HNL,HI,AWP,WE,Towers with Radar,384,85,25,39,533,0,82,95,10,187,384,167,120,49,720,0,0,0,720
09/28/2011,HNL,HI,AWP,WE,Towers with Radar,397,75,7,27,506,0,78,109,10,197,397,153,116,37,703,0,0,0,703
09/29/2011,HNL,HI,AWP,WE,Towers with Radar,398,92,6,30,526,0,67,107,7,181,398,159,113,37,707,0,0,0,707
09/30/2011,HNL,HI,AWP,WE,Towers with Radar,409,91,15,22,537,0,80,110,5,195,409,171,125,27,732,0,0,0,732
10/01/2011,HNL,HI,AWP,WE,Towers with Radar,352,76,11,28,467,0,62,115,2,179,352,138,126,30,646,6,0,6,652
10/02/2011,HNL,HI,AWP,WE,Towers with Radar,372,68,18,25,483,0,48,130,3,181,372,116,148,28,664,4,0,4,668
10/03/2011,HNL,HI,AWP,WE,Towers with Radar,401,91,19,30,541,0,55,80,6,141,401,146,99,36,682,10,8,18,700
10/04/2011,HNL,HI,AWP,WE,Towers with Radar,395,92,17,36,540,0,70,95,8,173,395,162,112,44,713,0,0,0,713
10/05/2011,HNL,HI,AWP,WE,Towers with Radar,401,83,24,43,551,0,118,125,8,251,401,201,149,51,802,0,0,0,802
10/06/2011,HNL,HI,AWP,WE,Towers with Radar,379,97,27,34,537,0,80,82,6,168,379,177,109,40,705,0,0,0,705
10/07/2011,HNL,HI,AWP,WE,Towers with Radar,411,100,33,26,570,0,71,132,7,210,411,171,165,33,780,0,0,0,780
10/08/2011,HNL,HI,AWP,WE,Towers with Radar,369,88,11,11,479,0,85,115,2,202,369,173,126,13,681,0,0,0,681
10/09/2011,HNL,HI,AWP,WE,Towers with Radar,374,71,12,9,466,0,68,78,0,146,374,139,90,9,612,0,0,0,612
10/10/2011,HNL,HI,AWP,WE,Towers with Radar,401,93,21,15,530,0,63,103,3,169,401,156,124,18,699,14,0,14,713
10/11/2011,HNL,HI,AWP,WE,Towers with Radar,393,77,25,37,532,0,80,140,12,232,393,157,165,49,764,0,0,0,764
10/12/2011,HNL,HI,AWP,WE,Towers with Radar,387,95,29,29,540,0,65,98,11,174,387,160,127,40,714,0,0,0,714
10/13/2011,HNL,HI,AWP,WE,Towers with Radar,399,89,17,44,549,0,69,76,12,157,399,158,93,56,706,0,0,0,706
10/14/2011,HNL,HI,AWP,WE,Towers with Radar,404,88,15,37,544,0,69,119,18,206,404,157,134,55,750,0,0,0,750
10/15/2011,HNL,HI,AWP,WE,Towers with Radar,374,74,15,26,489,0,36,94,2,132,374,110,109,28,621,0,2,2,623
10/16/2011,HNL,HI,AWP,WE,Towers with Radar,367,78,18,14,477,0,42,80,31,153,367,120,98,45,630,4,0,4,634
10/17/2011,HNL,HI,AWP,WE,Towers with Radar,376,106,16,31,529,0,71,86,5,162,376,177,102,36,691,0,0,0,691
10/18/2011,HNL,HI,AWP,WE,Towers with Radar,374,89,17,35,515,0,73,82,4,159,374,162,99,39,674,0,5,5,679
10/19/2011,HNL,HI,AWP,WE,Towers with Radar,384,95,19,34,532,0,78,106,8,192,384,173,125,42,724,0,0,0,724
10/20/2011,HNL,HI,AWP,WE,Towers with Radar,399,99,29,32,559,0,69,89,3,161,399,168,118,35,720,0,0,0,720
10/21/2011,HNL,HI,AWP,WE,Towers with Radar,400,105,24,24,553,0,97,105,3,205,400,202,129,27,758,0,0,0,758
10/22/2011,HNL,HI,AWP,WE,Towers with Radar,370,88,18,13,489,0,49,137,4,190,370,137,155,17,679,2,0,2,681
10/23/2011,HNL,HI,AWP,WE,Towers with Radar,393,71,16,25,505,0,73,71,13,157,393,144,87,38,662,0,0,0,662
10/24/2011,HNL,HI,AWP,WE,Towers with Radar,399,99,10,39,547,0,82,76,4,162,399,181,86,43,709,0,0,0,709
10/25/2011,HNL,HI,AWP,WE,Towers with Radar,380,89,17,36,522,0,90,116,15,221,380,179,133,51,743,1,3,4,747
10/26/2011,HNL,HI,AWP,WE,Towers with Radar,395,86,22,43,546,0,77,98,11,186,395,163,120,54,732,0,2,2,734
10/27/2011,HNL,HI,AWP,WE,Towers with Radar,392,89,23,48,552,0,90,62,5,157,392,179,85,53,709,0,1,1,710
10/28/2011,HNL,HI,AWP,WE,Towers with Radar,415,96,19,34,564,0,66,94,8,168,415,162,113,42,732,0,2,2,734
10/29/2011,HNL,HI,AWP,WE,Towers with Radar,381,72,8,25,486,0,42,82,1,125,381,114,90,26,611,0,0,0,611
10/30/2011,HNL,HI,AWP,WE,Towers with Radar,382,72,16,24,494,0,49,82,3,134,382,121,98,27,628,13,0,13,641
10/31/2011,HNL,HI,AWP,WE,Towers with Radar,393,86,4,21,504,0,51,56,5,112,393,137,60,26,616,0,0,0,616
11/01/2011,HNL,HI,AWP,WE,Towers with Radar,385,87,14,40,526,0,39,29,3,71,385,126,43,43,597,0,0,0,597
11/02/2011,HNL,HI,AWP,WE,Towers with Radar,395,90,13,46,544,0,48,95,13,156,395,138,108,59,700,2,0,2,702
11/03/2011,HNL,HI,AWP,WE,Towers with Radar,389,103,24,29,545,0,61,69,12,142,389,164,93,41,687,0,4,4,691
11/04/2011,HNL,HI,AWP,WE,Towers with Radar,423,89,26,36,574,0,64,109,2,175,423,153,135,38,749,2,2,4,753
11/05/2011,HNL,HI,AWP,WE,Towers with Radar,378,83,19,27,507,0,54,81,1,136,378,137,100,28,643,0,0,0,643
11/06/2011,HNL,HI,AWP,WE,Towers with Radar,381,80,20,24,505,0,46,107,13,166,381,126,127,37,671,4,0,4,675
11/07/2011,HNL,HI,AWP,WE,Towers with Radar,433,92,23,22,570,0,60,87,6,153,433,152,110,28,723,8,2,10,733
11/08/2011,HNL,HI,AWP,WE,Towers with Radar,400,80,21,33,534,0,68,80,9,157,400,148,101,42,691,0,0,0,691
11/09/2011,HNL,HI,AWP,WE,Towers with Radar,388,94,24,31,537,0,62,76,18,156,388,156,100,49,693,0,0,0,693
11/10/2011,HNL,HI,AWP,WE,Towers with Radar,401,96,34,36,567,0,61,71,19,151,401,157,105,55,718,0,0,0,718
11/11/2011,HNL,HI,AWP,WE,Towers with Radar,405,77,15,22,519,0,87,73,10,170,405,164,88,32,689,0,0,0,689
11/12/2011,HNL,HI,AWP,WE,Towers with Radar,362,88,5,13,468,0,2,3,7,12,362,90,8,20,480,0,0,0,480
11/13/2011,HNL,HI,AWP,WE,Towers with Radar,389,69,19,21,498,0,12,12,7,31,389,81,31,28,529,0,0,0,529
11/14/2011,HNL,HI,AWP,WE,Towers with Radar,403,108,10,19,540,0,38,6,2,46,403,146,16,21,586,0,0,0,586
11/15/2011,HNL,HI,AWP,WE,Towers with Radar,402,83,14,38,537,0,51,87,4,142,402,134,101,42,679,0,0,0,679
11/16/2011,HNL,HI,AWP,WE,Towers with Radar,397,80,18,42,537,0,114,100,9,223,397,194,118,51,760,0,0,0,760
11/17/2011,HNL,HI,AWP,WE,Towers with Radar,409,94,34,47,584,0,54,79,0,133,409,148,113,47,717,0,1,1,718
11/18/2011,HNL,HI,AWP,WE,Towers with Radar,438,106,26,34,604,0,60,84,2,146,438,166,110,36,750,0,0,0,750
11/19/2011,HNL,HI,AWP,WE,Towers with Radar,393,81,17,25,516,0,25,74,6,105,393,106,91,31,621,6,0,6,627
11/20/2011,HNL,HI,AWP,WE,Towers with Radar,386,65,22,18,491,0,35,77,0,112,386,100,99,18,603,1,0,1,604
11/21/2011,HNL,HI,AWP,WE,Towers with Radar,378,109,21,51,559,0,64,121,12,197,378,173,142,63,756,0,6,6,762
11/22/2011,HNL,HI,AWP,WE,Towers with Radar,424,106,22,59,611,0,48,82,3,133,424,154,104,62,744,0,0,0,744
11/23/2011,HNL,HI,AWP,WE,Towers with Radar,425,86,20,38,569,0,74,113,4,191,425,160,133,42,760,6,0,6,766
11/24/2011,HNL,HI,AWP,WE,Towers with Radar,380,66,14,14,474,0,41,62,0,103,380,107,76,14,577,0,0,0,577
11/25/2011,HNL,HI,AWP,WE,Towers with Radar,406,105,34,13,558,0,89,122,3,214,406,194,156,16,772,4,0,4,776
11/26/2011,HNL,HI,AWP,WE,Towers with Radar,407,77,11,11,506,0,56,76,0,132,407,133,87,11,638,0,0,0,638
11/27/2011,HNL,HI,AWP,WE,Towers with Radar,434,67,18,20,539,0,47,62,6,115,434,114,80,26,654,0,0,0,654
11/28/2011,HNL,HI,AWP,WE,Towers with Radar,411,113,42,48,614,0,65,88,1,154,411,178,130,49,768,0,0,0,768
11/29/2011,HNL,HI,AWP,WE,Towers with Radar,409,101,27,41,578,0,71,106,7,184,409,172,133,48,762,0,0,0,762
11/30/2011,HNL,HI,AWP,WE,Towers with Radar,405,93,17,49,564,0,62,97,9,168,405,155,114,58,732,4,2,6,738
12/01/2011,HNL,HI,AWP,WE,Towers with Radar,422,98,19,37,576,0,66,78,17,161,422,164,97,54,737,0,0,0,737
12/02/2011,HNL,HI,AWP,WE,Towers with Radar,424,111,25,41,601,0,52,121,6,179,424,163,146,47,780,0,0,0,780
12/03/2011,HNL,HI,AWP,WE,Towers with Radar,378,90,21,46,535,0,29,100,4,133,378,119,121,50,668,0,0,0,668
12/04/2011,HNL,HI,AWP,WE,Towers with Radar,387,58,23,26,494,0,28,105,2,135,387,86,128,28,629,0,0,0,629
12/05/2011,HNL,HI,AWP,WE,Towers with Radar,400,113,34,31,578,0,67,58,5,130,400,180,92,36,708,0,0,0,708
12/06/2011,HNL,HI,AWP,WE,Towers with Radar,416,105,15,29,565,0,64,77,9,150,416,169,92,38,715,0,0,0,715
12/07/2011,HNL,HI,AWP,WE,Towers with Radar,411,89,27,50,577,0,85,98,9,192,411,174,125,59,769,2,0,2,771
12/08/2011,HNL,HI,AWP,WE,Towers with Radar,421,95,27,44,587,0,73,77,4,154,421,168,104,48,741,1,0,1,742
12/09/2011,HNL,HI,AWP,WE,Towers with Radar,427,100,42,46,615,0,47,119,1,167,427,147,161,47,782,2,0,2,784
12/10/2011,HNL,HI,AWP,WE,Towers with Radar,386,88,23,24,521,0,35,106,5,146,386,123,129,29,667,0,0,0,667
12/11/2011,HNL,HI,AWP,WE,Towers with Radar,419,55,22,24,520,0,13,45,11,69,419,68,67,35,589,4,0,4,593
12/12/2011,HNL,HI,AWP,WE,Towers with Radar,423,113,9,39,584,0,32,53,4,89,423,145,62,43,673,0,0,0,673
12/13/2011,HNL,HI,AWP,WE,Towers with Radar,418,108,12,29,567,0,28,80,4,112,418,136,92,33,679,0,0,0,679
12/14/2011,HNL,HI,AWP,WE,Towers with Radar,413,98,17,38,566,0,47,98,2,147,413,145,115,40,713,0,0,0,713
12/15/2011,HNL,HI,AWP,WE,Towers with Radar,439,99,20,57,615,0,85,135,1,221,439,184,155,58,836,0,0,0,836
12/16/2011,HNL,HI,AWP,WE,Towers with Radar,434,119,18,22,593,0,67,109,0,176,434,186,127,22,769,0,0,0,769
12/17/2011,HNL,HI,AWP,WE,Towers with Radar,410,98,26,58,592,0,36,79,0,115,410,134,105,58,707,0,0,0,707
12/18/2011,HNL,HI,AWP,WE,Towers with Radar,413,69,28,21,531,0,49,77,7,133,413,118,105,28,664,0,0,0,664
12/19/2011,HNL,HI,AWP,WE,Towers with Radar,418,123,24,28,593,0,71,46,1,118,418,194,70,29,711,0,0,0,711
12/20/2011,HNL,HI,AWP,WE,Towers with Radar,441,117,23,41,622,0,37,42,4,83,441,154,65,45,705,6,0,6,711
12/21/2011,HNL,HI,AWP,WE,Towers with Radar,456,97,29,28,610,0,76,53,1,130,456,173,82,29,740,0,0,0,740
12/22/2011,HNL,HI,AWP,WE,Towers with Radar,451,114,16,26,607,0,69,45,0,114,451,183,61,26,721,0,0,0,721
12/23/2011,HNL,HI,AWP,WE,Towers with Radar,452,125,15,9,601,0,63,69,0,132,452,188,84,9,733,0,0,0,733
12/24/2011,HNL,HI,AWP,WE,Towers with Radar,406,93,13,0,512,0,46,22,4,72,406,139,35,4,584,0,0,0,584
12/25/2011,HNL,HI,AWP,WE,Towers with Radar,382,65,26,3,476,0,34,22,1,57,382,99,48,4,533,0,0,0,533
12/26/2011,HNL,HI,AWP,WE,Towers with Radar,413,70,34,10,527,0,78,44,2,124,413,148,78,12,651,0,0,0,651
12/27/2011,HNL,HI,AWP,WE,Towers with Radar,407,113,28,20,568,0,101,49,5,155,407,214,77,25,723,0,0,0,723
12/28/2011,HNL,HI,AWP,WE,Towers with Radar,442,109,45,25,621,0,134,59,1,194,442,243,104,26,815,0,0,0,815
12/29/2011,HNL,HI,AWP,WE,Towers with Radar,493,123,18,22,656,0,68,31,5,104,493,191,49,27,760,0,1,1,761
12/30/2011,HNL,HI,AWP,WE,Towers with Radar,457,122,41,12,632,0,37,50,0,87,457,159,91,12,719,0,0,0,719
12/31/2011,HNL,HI,AWP,WE,Towers with Radar,395,92,17,3,507,0,60,53,1,114,395,152,70,4,621,0,0,0,621
01/01/2012,HNL,HI,AWP,WE,Towers with Radar,397,84,97,6,584,0,59,58,2,119,397,143,155,8,703,0,0,0,703
01/02/2012,HNL,HI,AWP,WE,Towers with Radar,431,81,26,19,557,0,101,80,1,182,431,182,106,20,739,0,0,0,739
01/03/2012,HNL,HI,AWP,WE,Towers with Radar,430,107,30,42,609,0,101,121,3,225,430,208,151,45,834,4,0,4,838
01/04/2012,HNL,HI,AWP,WE,Towers with Radar,408,100,30,44,582,0,79,137,0,216,408,179,167,44,798,4,0,4,802
01/05/2012,HNL,HI,AWP,WE,Towers with Radar,399,105,21,5,530,0,73,137,1,211,399,178,158,6,741,0,2,2,743
01/06/2012,HNL,HI,AWP,WE,Towers with Radar,423,108,27,43,601,0,68,134,3,205,423,176,161,46,806,0,0,0,806
01/07/2012,HNL,HI,AWP,WE,Towers with Radar,398,88,34,48,568,0,54,152,2,208,398,142,186,50,776,14,0,14,790
01/08/2012,HNL,HI,AWP,WE,Towers with Radar,405,75,15,28,523,0,51,132,1,184,405,126,147,29,707,12,0,12,719
01/09/2012,HNL,HI,AWP,WE,Towers with Radar,420,94,37,33,584,0,70,83,5,158,420,164,120,38,742,2,4,6,748
01/10/2012,HNL,HI,AWP,WE,Towers with Radar,411,120,32,43,606,0,74,78,3,155,411,194,110,46,761,0,0,0,761
01/11/2012,HNL,HI,AWP,WE,Towers with Radar,412,94,44,63,613,0,118,108,4,230,412,212,152,67,843,4,0,4,847
01/12/2012,HNL,HI,AWP,WE,Towers with Radar,426,91,26,54,597,0,82,88,9,179,426,173,114,63,776,0,0,0,776
01/13/2012,HNL,HI,AWP,WE,Towers with Radar,425,103,20,42,590,0,62,118,3,183,425,165,138,45,773,0,0,0,773
01/14/2012,HNL,HI,AWP,WE,Towers with Radar,349,80,20,22,471,0,43,87,2,132,349,123,107,24,603,3,0,3,606
01/15/2012,HNL,HI,AWP,WE,Towers with Radar,415,75,14,28,532,0,57,64,2,123,415,132,78,30,655,0,0,0,655
01/16/2012,HNL,HI,AWP,WE,Towers with Radar,420,100,20,18,558,0,69,84,3,156,420,169,104,21,714,2,0,2,716
01/17/2012,HNL,HI,AWP,WE,Towers with Radar,416,118,12,44,590,0,37,33,4,74,416,155,45,48,664,0,0,0,664
01/18/2012,HNL,HI,AWP,WE,Towers with Radar,421,127,19,57,624,0,75,68,3,146,421,202,87,60,770,0,0,0,770
01/19/2012,HNL,HI,AWP,WE,Towers with Radar,430,115,36,45,626,0,101,91,0,192,430,216,127,45,818,0,0,0,818
01/20/2012,HNL,HI,AWP,WE,Towers with Radar,431,125,20,46,622,0,71,105,6,182,431,196,125,52,804,10,0,10,814
01/21/2012,HNL,HI,AWP,WE,Towers with Radar,392,87,21,20,520,0,50,135,2,187,392,137,156,22,707,8,0,8,715
01/22/2012,HNL,HI,AWP,WE,Towers with Radar,411,66,13,27,517,0,47,89,6,142,411,113,102,33,659,6,0,6,665
01/23/2012,HNL,HI,AWP,WE,Towers with Radar,418,113,20,22,573,0,66,98,7,171,418,179,118,29,744,2,0,2,746
01/24/2012,HNL,HI,AWP,WE,Towers with Radar,407,114,24,43,588,0,65,91,2,158,407,179,115,45,746,0,2,2,748
01/25/2012,HNL,HI,AWP,WE,Towers with Radar,418,107,32,44,601,0,72,86,1,159,418,179,118,45,760,4,0,4,764
01/26/2012,HNL,HI,AWP,WE,Towers with Radar,5,119,23,43,190,0,85,77,3,165,5,204,100,46,355,0,0,0,355
01/27/2012,HNL,HI,AWP,WE,Towers with Radar,427,131,25,33,616,0,90,78,0,168,427,221,103,33,784,2,0,2,786
01/28/2012,HNL,HI,AWP,WE,Towers with Radar,401,95,35,24,555,0,55,124,5,184,401,150,159,29,739,0,0,0,739
01/29/2012,HNL,HI,AWP,WE,Towers with Radar,396,66,29,18,509,0,52,99,4,155,396,118,128,22,664,4,4,8,672
01/30/2012,HNL,HI,AWP,WE,Towers with Radar,423,94,17,32,566,0,75,94,5,174,423,169,111,37,740,0,2,2,742
01/31/2012,HNL,HI,AWP,WE,Towers with Radar,416,115,24,47,602,0,75,65,8,148,416,190,89,55,750,10,2,12,762
02/01/2012,HNL,HI,AWP,WE,Towers with Radar,422,106,22,46,596,0,81,90,7,178,422,187,112,53,774,14,0,14,788
02/02/2012,HNL,HI,AWP,WE,Towers with Radar,429,105,29,24,587,0,86,92,3,181,429,191,121,27,768,0,0,0,768
02/03/2012,HNL,HI,AWP,WE,Towers with Radar,443,93,14,23,573,0,61,84,2,147,443,154,98,25,720,0,0,0,720
02/04/2012,HNL,HI,AWP,WE,Towers with Radar,388,86,15,26,515,0,40,132,2,174,388,126,147,28,689,0,0,0,689
02/05/2012,HNL,HI,AWP,WE,Towers with Radar,384,62,6,18,470,0,21,65,2,88,384,83,71,20,558,0,0,0,558
02/06/2012,HNL,HI,AWP,WE,Towers with Radar,425,94,16,35,570,0,36,47,1,84,425,130,63,36,654,0,0,0,654
02/07/2012,HNL,HI,AWP,WE,Towers with Radar,423,111,11,62,607,0,22,32,2,56,423,133,43,64,663,0,0,0,663
02/08/2012,HNL,HI,AWP,WE,Towers with Radar,426,89,19,47,581,0,65,109,3,177,426,154,128,50,758,0,0,0,758
02/09/2012,HNL,HI,AWP,WE,Towers with Radar,428,95,36,45,604,0,87,110,4,201,428,182,146,49,805,0,0,0,805
02/10/2012,HNL,HI,AWP,WE,Towers with Radar,427,114,27,36,604,0,70,146,2,218,427,184,173,38,822,0,0,0,822
02/11/2012,HNL,HI,AWP,WE,Towers with Radar,206,53,17,21,297,0,20,39,3,62,206,73,56,24,359,6,0,6,365
02/12/2012,HNL,HI,AWP,WE,Towers with Radar,398,75,17,18,508,0,42,113,3,158,398,117,130,21,666,2,0,2,668
02/13/2012,HNL,HI,AWP,WE,Towers with Radar,383,118,14,21,536,0,62,107,1,170,383,180,121,22,706,16,0,16,722
02/14/2012,HNL,HI,AWP,WE,Towers with Radar,404,97,15,54,570,0,82,90,2,174,404,179,105,56,744,4,0,4,748
02/15/2012,HNL,HI,AWP,WE,Towers with Radar,410,101,46,56,613,0,92,81,4,177,410,193,127,60,790,0,0,0,790
02/16/2012,HNL,HI,AWP,WE,Towers with Radar,405,95,31,50,581,0,664,87,5,756,405,759,118,55,1337,0,0,0,1337
02/17/2012,HNL,HI,AWP,WE,Towers with Radar,431,121,27,40,619,0,59,97,3,159,431,180,124,43,778,0,0,0,778
02/18/2012,HNL,HI,AWP,WE,Towers with Radar,398,91,20,23,532,0,55,95,2,152,398,146,115,25,684,0,0,0,684
02/19/2012,HNL,HI,AWP,WE,Towers with Radar,385,60,18,19,482,0,49,69,1,119,385,109,87,20,601,6,0,6,607
02/20/2012,HNL,HI,AWP,WE,Towers with Radar,393,97,18,12,520,0,77,109,5,191,393,174,127,17,711,0,0,0,711
02/21/2012,HNL,HI,AWP,WE,Towers with Radar,410,100,26,43,579,0,71,94,3,168,410,171,120,46,747,0,0,0,747
02/22/2012,HNL,HI,AWP,WE,Towers with Radar,419,86,24,44,573,0,80,102,4,186,419,166,126,48,759,0,0,0,759
02/23/2012,HNL,HI,AWP,WE,Towers with Radar,421,93,21,39,574,0,77,139,1,217,421,170,160,40,791,0,0,0,791
02/24/2012,HNL,HI,AWP,WE,Towers with Radar,430,103,19,26,578,0,65,110,3,178,430,168,129,29,756,0,0,0,756
02/25/2012,HNL,HI,AWP,WE,Towers with Radar,391,90,39,35,555,0,37,122,2,161,391,127,161,37,716,4,0,4,720
02/26/2012,HNL,HI,AWP,WE,Towers with Radar,407,88,31,39,565,0,47,72,0,119,407,135,103,39,684,17,0,17,701
02/27/2012,HNL,HI,AWP,WE,Towers with Radar,423,101,22,31,577,0,52,113,5,170,423,153,135,36,747,6,0,6,753
02/28/2012,HNL,HI,AWP,WE,Towers with Radar,424,158,28,48,658,0,70,90,7,167,424,228,118,55,825,4,0,4,829
02/29/2012,HNL,HI,AWP,WE,Towers with Radar,420,98,34,43,595,0,76,77,3,156,420,174,111,46,751,0,0,0,751
03/01/2012,HNL,HI,AWP,WE,Towers with Radar,427,101,31,51,610,0,93,105,5,203,427,194,136,56,813,4,0,4,817
03/02/2012,HNL,HI,AWP,WE,Towers with Radar,436,109,20,45,610,0,61,96,3,160,436,170,116,48,770,0,0,0,770
03/03/2012,HNL,HI,AWP,WE,Towers with Radar,382,73,16,19,490,0,60,105,1,166,382,133,121,20,656,11,0,11,667
03/04/2012,HNL,HI,AWP,WE,Towers with Radar,405,76,23,30,534,0,28,95,0,123,405,104,118,30,657,10,0,10,667
03/05/2012,HNL,HI,AWP,WE,Towers with Radar,424,114,28,42,608,0,13,43,0,56,424,127,71,42,664,0,0,0,664
03/06/2012,HNL,HI,AWP,WE,Towers with Radar,442,110,12,23,587,0,2,12,0,14,442,112,24,23,601,0,0,0,601
03/07/2012,HNL,HI,AWP,WE,Towers with Radar,420,104,24,64,612,0,63,94,3,160,420,167,118,67,772,0,0,0,772
03/08/2012,HNL,HI,AWP,WE,Towers with Radar,429,96,19,65,609,0,48,54,2,104,429,144,73,67,713,6,0,6,719
03/09/2012,HNL,HI,AWP,WE,Towers with Radar,403,110,23,27,563,0,29,25,2,56,403,139,48,29,619,0,0,0,619
03/10/2012,HNL,HI,AWP,WE,Towers with Radar,407,80,30,72,589,0,41,73,2,116,407,121,103,74,705,10,0,10,715
03/11/2012,HNL,HI,AWP,WE,Towers with Radar,407,58,34,16,515,0,80,87,2,169,407,138,121,18,684,0,0,0,684
03/12/2012,HNL,HI,AWP,WE,Towers with Radar,455,98,37,28,618,0,95,97,10,202,455,193,134,38,820,0,0,0,820
03/13/2012,HNL,HI,AWP,WE,Towers with Radar,441,82,15,64,602,0,94,138,3,235,441,176,153,67,837,2,0,2,839
03/14/2012,HNL,HI,AWP,WE,Towers with Radar,430,92,23,69,614,0,112,124,3,239,430,204,147,72,853,2,0,2,855
03/15/2012,HNL,HI,AWP,WE,Towers with Radar,426,106,22,67,621,0,145,106,12,263,426,251,128,79,884,0,0,0,884
03/16/2012,HNL,HI,AWP,WE,Towers with Radar,443,113,22,48,626,0,80,118,1,199,443,193,140,49,825,10,0,10,835
03/17/2012,HNL,HI,AWP,WE,Towers with Radar,407,79,19,16,521,0,69,96,4,169,407,148,115,20,690,0,0,0,690
03/18/2012,HNL,HI,AWP,WE,Towers with Radar,412,72,13,37,534,0,48,86,1,135,412,120,99,38,669,0,0,0,669
03/19/2012,HNL,HI,AWP,WE,Towers with Radar,416,119,16,31,582,0,68,101,10,179,416,187,117,41,761,0,0,0,761
03/20/2012,HNL,HI,AWP,WE,Towers with Radar,441,97,10,35,583,0,81,106,3,190,441,178,116,38,773,0,0,0,773
03/21/2012,HNL,HI,AWP,WE,Towers with Radar,402,99,26,49,576,0,74,99,2,175,402,173,125,51,751,0,0,0,751
03/22/2012,HNL,HI,AWP,WE,Towers with Radar,429,113,19,38,599,0,75,94,1,170,429,188,113,39,769,0,0,0,769
03/23/2012,HNL,HI,AWP,WE,Towers with Radar,450,125,12,36,623,0,77,93,3,173,450,202,105,39,796,0,0,0,796
03/24/2012,HNL,HI,AWP,WE,Towers with Radar,415,85,30,30,560,0,36,81,1,118,415,121,111,31,678,2,0,2,680
03/25/2012,HNL,HI,AWP,WE,Towers with Radar,406,76,19,17,518,0,59,94,2,155,406,135,113,19,673,0,0,0,673
03/26/2012,HNL,HI,AWP,WE,Towers with Radar,437,105,18,27,587,0,97,113,13,223,437,202,131,40,810,0,0,0,810
03/27/2012,HNL,HI,AWP,WE,Towers with Radar,455,93,27,36,611,0,89,84,5,178,455,182,111,41,789,0,0,0,789
03/28/2012,HNL,HI,AWP,WE,Towers with Radar,425,106,26,47,604,0,100,104,7,211,425,206,130,54,815,0,0,0,815
03/29/2012,HNL,HI,AWP,WE,Towers with Radar,441,105,33,45,624,0,100,112,7,219,441,205,145,52,843,0,0,0,843
03/30/2012,HNL,HI,AWP,WE,Towers with Radar,439,113,19,32,603,0,89,77,1,167,439,202,96,33,770,0,0,0,770
03/31/2012,HNL,HI,AWP,WE,Towers with Radar,402,101,33,24,560,0,61,112,0,173,402,162,145,24,733,2,0,2,735
04/01/2012,HNL,HI,AWP,WE,Towers with Radar,418,64,18,31,531,0,57,107,2,166,418,121,125,33,697,0,0,0,697
04/02/2012,HNL,HI,AWP,WE,Towers with Radar,430,121,21,52,624,0,78,91,4,173,430,199,112,56,797,4,0,4,801
04/03/2012,HNL,HI,AWP,WE,Towers with Radar,444,109,54,50,657,0,90,100,9,199,444,199,154,59,856,8,0,8,864
04/04/2012,HNL,HI,AWP,WE,Towers with Radar,430,103,55,50,638,0,110,83,4,197,430,213,138,54,835,6,0,6,841
04/05/2012,HNL,HI,AWP,WE,Towers with Radar,419,97,57,46,619,0,74,91,7,172,419,171,148,53,791,0,0,0,791
04/06/2012,HNL,HI,AWP,WE,Towers with Radar,427,115,32,26,600,0,46,89,1,136,427,161,121,27,736,2,0,2,738
04/07/2012,HNL,HI,AWP,WE,Towers with Radar,405,48,26,27,506,0,53,92,2,147,405,101,118,29,653,4,0,4,657
04/08/2012,HNL,HI,AWP,WE,Towers with Radar,408,69,26,16,519,0,53,78,0,131,408,122,104,16,650,0,0,0,650
04/09/2012,HNL,HI,AWP,WE,Towers with Radar,418,113,42,24,597,0,87,73,1,161,418,200,115,25,758,16,0,16,774
04/10/2012,HNL,HI,AWP,WE,Towers with Radar,439,116,23,30,608,0,80,81,5,166,439,196,104,35,774,2,0,2,776
04/11/2012,HNL,HI,AWP,WE,Towers with Radar,426,116,44,9,595,0,113,101,1,215,426,229,145,10,810,4,0,4,814
04/12/2012,HNL,HI,AWP,WE,Towers with Radar,433,87,44,26,590,0,81,94,0,175,433,168,138,26,765,0,0,0,765
04/13/2012,HNL,HI,AWP,WE,Towers with Radar,444,126,33,32,635,0,81,110,4,195,444,207,143,36,830,0,0,0,830
04/14/2012,HNL,HI,AWP,WE,Towers with Radar,393,103,18,30,544,0,58,110,7,175,393,161,128,37,719,6,0,6,725
04/15/2012,HNL,HI,AWP,WE,Towers with Radar,418,74,29,17,538,0,55,101,13,169,418,129,130,30,707,7,0,7,714
04/16/2012,HNL,HI,AWP,WE,Towers with Radar,421,111,38,16,586,0,85,96,0,181,421,196,134,16,767,4,0,4,771
04/17/2012,HNL,HI,AWP,WE,Towers with Radar,438,110,37,23,608,0,91,64,1,156,438,201,101,24,764,0,0,0,764
04/18/2012,HNL,HI,AWP,WE,Towers with Radar,427,99,20,44,590,0,92,103,1,196,427,191,123,45,786,0,0,0,786
04/19/2012,HNL,HI,AWP,WE,Towers with Radar,416,120,42,44,622,0,83,105,1,189,416,203,147,45,811,0,0,0,811
04/20/2012,HNL,HI,AWP,WE,Towers with Radar,431,112,28,36,607,0,82,111,1,194,431,194,139,37,801,4,0,4,805
04/21/2012,HNL,HI,AWP,WE,Towers with Radar,396,87,18,11,512,0,55,118,2,175,396,142,136,13,687,6,0,6,693
04/22/2012,HNL,HI,AWP,WE,Towers with Radar,400,71,17,10,498,0,51,51,4,106,400,122,68,14,604,0,0,0,604
04/23/2012,HNL,HI,AWP,WE,Towers with Radar,420,105,16,11,552,0,70,65,1,136,420,175,81,12,688,8,0,8,696
04/24/2012,HNL,HI,AWP,WE,Towers with Radar,424,96,21,40,581,0,82,68,2,152,424,178,89,42,733,0,0,0,733
04/25/2012,HNL,HI,AWP,WE,Towers with Radar,424,103,42,47,616,0,81,91,3,175,424,184,133,50,791,12,0,12,803
04/26/2012,HNL,HI,AWP,WE,Towers with Radar,413,15,20,40,488,0,100,99,4,203,413,115,119,44,691,0,0,0,691
04/27/2012,HNL,HI,AWP,WE,Towers with Radar,426,113,15,34,588,0,56,112,3,171,426,169,127,37,759,6,0,6,765
04/28/2012,HNL,HI,AWP,WE,Towers with Radar,399,95,33,17,544,0,35,136,5,176,399,130,169,22,720,3,0,3,723
04/29/2012,HNL,HI,AWP,WE,Towers with Radar,398,92,15,16,521,0,55,96,4,155,398,147,111,20,676,16,0,16,692
04/30/2012,HNL,HI,AWP,WE,Towers with Radar,418,104,22,37,581,0,66,117,15,198,418,170,139,52,779,12,0,12,791
05/01/2012,HNL,HI,AWP,WE,Towers with Radar,427,96,4,47,574,0,78,87,4,169,427,174,91,51,743,0,0,0,743
05/02/2012,HNL,HI,AWP,WE,Towers with Radar,424,122,26,25,597,0,89,106,2,197,424,211,132,27,794,8,0,8,802
05/03/2012,HNL,HI,AWP,WE,Towers with Radar,427,122,28,37,614,0,41,94,8,143,427,163,122,45,757,0,0,0,757
05/04/2012,HNL,HI,AWP,WE,Towers with Radar,427,125,15,33,600,0,71,91,3,165,427,196,106,36,765,6,0,6,771
05/05/2012,HNL,HI,AWP,WE,Towers with Radar,407,94,14,39,554,0,37,111,2,150,407,131,125,41,704,4,0,4,708
05/06/2012,HNL,HI,AWP,WE,Towers with Radar,406,71,10,23,510,0,72,80,13,165,406,143,90,36,675,2,4,6,681
05/07/2012,HNL,HI,AWP,WE,Towers with Radar,426,102,21,14,563,0,93,82,2,177,426,195,103,16,740,8,0,8,748
05/08/2012,HNL,HI,AWP,WE,Towers with Radar,420,121,23,35,599,0,92,53,4,149,420,213,76,39,748,8,0,8,756
05/09/2012,HNL,HI,AWP,WE,Towers with Radar,420,69,23,48,560,0,85,84,3,172,420,154,107,51,732,8,0,8,740
05/10/2012,HNL,HI,AWP,WE,Towers with Radar,409,108,19,38,574,0,82,110,3,195,409,190,129,41,769,0,0,0,769
05/11/2012,HNL,HI,AWP,WE,Towers with Radar,443,122,14,38,617,0,83,105,10,198,443,205,119,48,815,2,0,2,817
05/12/2012,HNL,HI,AWP,WE,Towers with Radar,407,85,29,7,528,0,77,142,1,220,407,162,171,8,748,14,0,14,762
05/13/2012,HNL,HI,AWP,WE,Towers with Radar,401,73,10,11,495,0,50,90,2,142,401,123,100,13,637,2,0,2,639
05/14/2012,HNL,HI,AWP,WE,Towers with Radar,415,110,20,24,569,0,70,88,7,165,415,180,108,31,734,6,2,8,742
05/15/2012,HNL,HI,AWP,WE,Towers with Radar,425,93,28,33,579,0,66,86,6,158,425,159,114,39,737,10,0,10,747
05/16/2012,HNL,HI,AWP,WE,Towers with Radar,411,97,15,39,562,0,58,79,0,137,411,155,94,39,699,0,2,2,701
05/17/2012,HNL,HI,AWP,WE,Towers with Radar,411,115,40,42,608,0,72,103,1,176,411,187,143,43,784,7,0,7,791
05/18/2012,HNL,HI,AWP,WE,Towers with Radar,433,111,16,24,584,0,86,106,2,194,433,197,122,26,778,6,0,6,784
05/19/2012,HNL,HI,AWP,WE,Towers with Radar,388,89,17,16,510,0,70,141,1,212,388,159,158,17,722,4,0,4,726
05/20/2012,HNL,HI,AWP,WE,Towers with Radar,382,69,22,29,502,0,61,110,4,175,382,130,132,33,677,5,0,5,682
05/21/2012,HNL,HI,AWP,WE,Towers with Radar,314,89,20,9,432,0,67,83,3,153,314,156,103,12,585,8,0,8,593
05/22/2012,HNL,HI,AWP,WE,Towers with Radar,417,91,31,34,573,0,56,64,1,121,417,147,95,35,694,14,0,14,708
05/23/2012,HNL,HI,AWP,WE,Towers with Radar,421,105,23,44,593,0,108,76,5,189,421,213,99,49,782,0,0,0,782
05/24/2012,HNL,HI,AWP,WE,Towers with Radar,416,99,56,36,607,0,78,94,5,177,416,177,150,41,784,4,0,4,788
05/25/2012,HNL,HI,AWP,WE,Towers with Radar,433,121,15,21,590,0,57,71,3,131,433,178,86,24,721,0,0,0,721
05/26/2012,HNL,HI,AWP,WE,Towers with Radar,393,105,34,11,543,0,64,70,3,137,393,169,104,14,680,0,0,0,680
05/27/2012,HNL,HI,AWP,WE,Towers with Radar,385,74,10,9,478,0,77,74,3,154,385,151,84,12,632,0,0,0,632
05/28/2012,HNL,HI,AWP,WE,Towers with Radar,392,79,13,17,501,0,61,86,2,149,392,140,99,19,650,0,0,0,650
05/29/2012,HNL,HI,AWP,WE,Towers with Radar,408,86,16,45,555,0,96,96,4,196,408,182,112,49,751,0,0,0,751
05/30/2012,HNL,HI,AWP,WE,Towers with Radar,417,96,16,53,582,0,72,100,2,174,417,168,116,55,756,2,4,6,762
05/31/2012,HNL,HI,AWP,WE,Towers with Radar,408,122,31,41,602,0,64,87,8,159,408,186,118,49,761,0,0,0,761
06/01/2012,HNL,HI,AWP,WE,Towers with Radar,434,114,12,42,602,0,56,90,4,150,434,170,102,46,752,0,0,0,752
06/02/2012,HNL,HI,AWP,WE,Towers with Radar,397,83,17,54,551,0,60,110,1,171,397,143,127,55,722,2,0,2,724
06/03/2012,HNL,HI,AWP,WE,Towers with Radar,405,72,13,33,523,0,60,67,5,132,405,132,80,38,655,0,0,0,655
06/04/2012,HNL,HI,AWP,WE,Towers with Radar,434,101,18,18,571,0,63,96,7,166,434,164,114,25,737,0,2,2,739
06/05/2012,HNL,HI,AWP,WE,Towers with Radar,442,99,22,49,612,0,93,103,3,199,442,192,125,52,811,14,0,14,825
06/06/2012,HNL,HI,AWP,WE,Towers with Radar,434,118,21,43,616,0,82,93,2,177,434,200,114,45,793,0,0,0,793
06/07/2012,HNL,HI,AWP,WE,Towers with Radar,437,98,19,37,591,0,98,86,7,191,437,196,105,44,782,0,0,0,782
06/08/2012,HNL,HI,AWP,WE,Towers with Radar,450,123,16,42,631,0,104,69,3,176,450,227,85,45,807,0,0,0,807
06/09/2012,HNL,HI,AWP,WE,Towers with Radar,419,97,12,11,539,0,51,107,0,158,419,148,119,11,697,0,0,0,697
06/10/2012,HNL,HI,AWP,WE,Towers with Radar,420,84,14,17,535,0,76,82,7,165,420,160,96,24,700,0,0,0,700
06/11/2012,HNL,HI,AWP,WE,Towers with Radar,428,88,22,40,578,0,111,98,1,210,428,199,120,41,788,4,0,4,792
06/12/2012,HNL,HI,AWP,WE,Towers with Radar,437,92,15,39,583,0,79,88,0,167,437,171,103,39,750,2,0,2,752
06/13/2012,HNL,HI,AWP,WE,Towers with Radar,446,95,26,38,605,0,85,97,2,184,446,180,123,40,789,8,0,8,797
06/14/2012,HNL,HI,AWP,WE,Towers with Radar,433,131,22,22,608,0,94,90,3,187,433,225,112,25,795,0,0,0,795
06/15/2012,HNL,HI,AWP,WE,Towers with Radar,468,107,32,26,633,0,70,162,4,236,468,177,194,30,869,10,0,10,879
06/16/2012,HNL,HI,AWP,WE,Towers with Radar,420,82,24,30,556,0,64,113,7,184,420,146,137,37,740,0,0,0,740
06/17/2012,HNL,HI,AWP,WE,Towers with Radar,411,94,17,20,542,2,61,76,0,139,413,155,93,20,681,0,0,0,681
06/18/2012,HNL,HI,AWP,WE,Towers with Radar,450,119,16,18,603,0,67,57,4,128,450,186,73,22,731,0,0,0,731
06/19/2012,HNL,HI,AWP,WE,Towers with Radar,434,105,10,25,574,0,55,88,1,144,434,160,98,26,718,0,0,0,718
06/20/2012,HNL,HI,AWP,WE,Towers with Radar,445,123,46,31,645,0,71,79,5,155,445,194,125,36,800,0,0,0,800
06/21/2012,HNL,HI,AWP,WE,Towers with Radar,444,114,10,35,603,0,94,107,7,208,444,208,117,42,811,0,0,0,811
06/22/2012,HNL,HI,AWP,WE,Towers with Radar,461,121,31,29,642,0,77,104,1,182,461,198,135,30,824,6,0,6,830
06/23/2012,HNL,HI,AWP,WE,Towers with Radar,419,88,15,23,545,0,63,139,4,206,419,151,154,27,751,0,0,0,751
06/24/2012,HNL,HI,AWP,WE,Towers with Radar,414,78,14,18,524,0,78,88,1,167,414,156,102,19,691,0,0,0,691
06/25/2012,HNL,HI,AWP,WE,Towers with Radar,439,123,24,36,622,0,63,56,3,122,439,186,80,39,744,0,0,0,744
06/26/2012,HNL,HI,AWP,WE,Towers with Radar,452,105,8,49,614,0,60,94,0,154,452,165,102,49,768,0,0,0,768
06/27/2012,HNL,HI,AWP,WE,Towers with Radar,452,97,35,50,634,0,73,88,4,165,452,170,123,54,799,8,1,9,808
06/28/2012,HNL,HI,AWP,WE,Towers with Radar,459,105,28,50,642,0,91,97,2,190,459,196,125,52,832,0,0,0,832
06/29/2012,HNL,HI,AWP,WE,Towers with Radar,459,113,19,42,633,0,84,139,5,228,459,197,158,47,861,2,0,2,863
06/30/2012,HNL,HI,AWP,WE,Towers with Radar,415,89,18,20,542,0,79,132,7,218,415,168,150,27,760,0,0,0,760
07/01/2012,HNL,HI,AWP,WE,Towers with Radar,442,63,24,25,554,0,72,88,6,166,442,135,112,31,720,0,0,0,720
07/02/2012,HNL,HI,AWP,WE,Towers with Radar,459,101,6,35,601,0,61,101,9,171,459,162,107,44,772,0,0,0,772
07/03/2012,HNL,HI,AWP,WE,Towers with Radar,458,107,9,41,615,0,81,89,0,170,458,188,98,41,785,0,0,0,785
07/04/2012,HNL,HI,AWP,WE,Towers with Radar,421,63,9,7,500,0,90,86,2,178,421,153,95,9,678,0,0,0,678
07/05/2012,HNL,HI,AWP,WE,Towers with Radar,427,110,26,20,583,0,74,85,2,161,427,184,111,22,744,4,0,4,748
07/06/2012,HNL,HI,AWP,WE,Towers with Radar,457,140,20,34,651,0,94,104,29,227,457,234,124,63,878,0,0,0,878
07/07/2012,HNL,HI,AWP,WE,Towers with Radar,411,113,16,23,563,0,36,104,1,141,411,149,120,24,704,0,0,0,704
07/08/2012,HNL,HI,AWP,WE,Towers with Radar,432,90,22,23,567,0,69,104,12,185,432,159,126,35,752,0,0,0,752
07/09/2012,HNL,HI,AWP,WE,Towers with Radar,465,109,27,21,622,0,106,82,82,270,465,215,109,103,892,0,0,0,892
07/10/2012,HNL,HI,AWP,WE,Towers with Radar,448,106,14,71,639,0,91,91,10,192,448,197,105,81,831,0,0,0,831
07/11/2012,HNL,HI,AWP,WE,Towers with Radar,454,103,38,73,668,0,115,96,19,230,454,218,134,92,898,0,0,0,898
07/12/2012,HNL,HI,AWP,WE,Towers with Radar,447,107,27,77,658,0,92,107,12,211,447,199,134,89,869,0,0,0,869
07/13/2012,HNL,HI,AWP,WE,Towers with Radar,461,113,12,64,650,0,68,89,19,176,461,181,101,83,826,0,0,0,826
07/14/2012,HNL,HI,AWP,WE,Towers with Radar,425,107,8,56,596,0,69,111,13,193,425,176,119,69,789,0,0,0,789
07/15/2012,HNL,HI,AWP,WE,Towers with Radar,431,80,12,86,609,0,63,111,11,185,431,143,123,97,794,0,0,0,794
07/16/2012,HNL,HI,AWP,WE,Towers with Radar,460,109,27,59,655,0,72,97,28,197,460,181,124,87,852,2,0,2,854
07/17/2012,HNL,HI,AWP,WE,Towers with Radar,236,41,7,38,322,0,40,34,7,81,236,81,41,45,403,0,0,0,403
07/18/2012,HNL,HI,AWP,WE,Towers with Radar,466,104,22,96,688,0,82,83,8,173,466,186,105,104,861,0,0,0,861
07/19/2012,HNL,HI,AWP,WE,Towers with Radar,450,99,26,99,674,0,77,88,17,182,450,176,114,116,856,0,0,0,856
07/20/2012,HNL,HI,AWP,WE,Towers with Radar,465,133,16,91,705,0,95,121,20,236,465,228,137,111,941,0,0,0,941
07/21/2012,HNL,HI,AWP,WE,Towers with Radar,435,97,23,65,620,0,74,139,9,222,435,171,162,74,842,0,0,0,842
07/22/2012,HNL,HI,AWP,WE,Towers with Radar,440,75,14,22,551,0,83,104,22,209,440,158,118,44,760,0,0,0,760
07/23/2012,HNL,HI,AWP,WE,Towers with Radar,450,97,14,72,633,0,87,103,42,232,450,184,117,114,865,0,0,0,865
07/24/2012,HNL,HI,AWP,WE,Towers with Radar,457,82,21,71,631,0,106,116,18,240,457,188,137,89,871,0,0,0,871
07/25/2012,HNL,HI,AWP,WE,Towers with Radar,470,107,23,76,676,0,84,84,18,186,470,191,107,94,862,0,0,0,862
07/26/2012,HNL,HI,AWP,WE,Towers with Radar,444,113,25,74,656,0,116,117,13,246,444,229,142,87,902,0,0,0,902
07/27/2012,HNL,HI,AWP,WE,Towers with Radar,473,116,26,21,636,0,72,91,5,168,473,188,117,26,804,24,0,24,828
07/28/2012,HNL,HI,AWP,WE,Towers with Radar,427,85,23,66,601,0,65,105,9,179,427,150,128,75,780,4,0,4,784
07/29/2012,HNL,HI,AWP,WE,Towers with Radar,430,92,14,110,646,0,39,86,11,136,430,131,100,121,782,0,0,0,782
07/30/2012,HNL,HI,AWP,WE,Towers with Radar,456,108,15,88,667,0,89,92,16,197,456,197,107,104,864,2,0,2,866
07/31/2012,HNL,HI,AWP,WE,Towers with Radar,449,102,20,73,644,0,110,92,14,216,449,212,112,87,860,8,0,8,868
08/01/2012,HNL,HI,AWP,WE,Towers with Radar,461,97,20,42,620,0,112,101,9,222,461,209,121,51,842,0,0,0,842
08/02/2012,HNL,HI,AWP,WE,Towers with Radar,457,120,19,47,643,0,90,127,4,221,457,210,146,51,864,0,0,0,864
08/03/2012,HNL,HI,AWP,WE,Towers with Radar,473,95,18,38,624,0,87,134,4,225,473,182,152,42,849,0,0,0,849
08/04/2012,HNL,HI,AWP,WE,Towers with Radar,443,83,12,32,570,0,78,127,3,208,443,161,139,35,778,0,0,0,778
08/05/2012,HNL,HI,AWP,WE,Towers with Radar,443,47,25,24,539,0,69,83,6,158,443,116,108,30,697,0,0,0,697
08/06/2012,HNL,HI,AWP,WE,Towers with Radar,463,110,12,25,610,0,97,106,0,203,463,207,118,25,813,4,0,4,817
08/07/2012,HNL,HI,AWP,WE,Towers with Radar,464,87,14,39,604,0,100,96,0,196,464,187,110,39,800,0,0,0,800
08/08/2012,HNL,HI,AWP,WE,Towers with Radar,471,96,25,35,627,0,95,148,2,245,471,191,173,37,872,0,0,0,872
08/09/2012,HNL,HI,AWP,WE,Towers with Radar,464,113,12,31,620,0,85,125,2,212,464,198,137,33,832,0,0,0,832
08/10/2012,HNL,HI,AWP,WE,Towers with Radar,484,126,18,34,662,0,86,126,4,216,484,212,144,38,878,0,0,0,878
08/11/2012,HNL,HI,AWP,WE,Towers with Radar,448,81,14,26,569,0,83,163,2,248,448,164,177,28,817,0,0,0,817
08/12/2012,HNL,HI,AWP,WE,Towers with Radar,442,56,22,18,538,0,65,121,3,189,442,121,143,21,727,0,0,0,727
08/13/2012,HNL,HI,AWP,WE,Towers with Radar,471,91,17,12,591,0,71,115,4,190,471,162,132,16,781,9,0,9,790
08/14/2012,HNL,HI,AWP,WE,Towers with Radar,570,97,19,40,726,0,70,112,8,190,570,167,131,48,916,4,0,4,920
08/15/2012,HNL,HI,AWP,WE,Towers with Radar,462,111,30,34,637,0,94,109,5,208,462,205,139,39,845,2,0,2,847
08/16/2012,HNL,HI,AWP,WE,Towers with Radar,456,114,19,43,632,0,95,129,6,230,456,209,148,49,862,0,0,0,862
08/17/2012,HNL,HI,AWP,WE,Towers with Radar,484,122,23,25,654,0,74,152,4,230,484,196,175,29,884,0,0,0,884
08/18/2012,HNL,HI,AWP,WE,Towers with Radar,450,89,30,15,584,0,79,140,3,222,450,168,170,18,806,0,0,0,806
08/19/2012,HNL,HI,AWP,WE,Towers with Radar,439,58,19,13,529,0,65,97,10,172,439,123,116,23,701,0,0,0,701
08/20/2012,HNL,HI,AWP,WE,Towers with Radar,473,96,30,21,620,87,122,1,0,210,560,218,31,21,830,4,0,4,834
08/21/2012,HNL,HI,AWP,WE,Towers with Radar,449,116,27,30,622,0,93,109,2,204,449,209,136,32,826,4,0,4,830
08/22/2012,HNL,HI,AWP,WE,Towers with Radar,454,91,29,32,606,0,80,136,3,219,454,171,165,35,825,0,0,0,825
08/23/2012,HNL,HI,AWP,WE,Towers with Radar,445,116,24,32,617,0,76,101,7,184,445,192,125,39,801,0,0,0,801
08/24/2012,HNL,HI,AWP,WE,Towers with Radar,467,132,20,33,652,0,77,97,3,177,467,209,117,36,829,0,0,0,829
08/25/2012,HNL,HI,AWP,WE,Towers with Radar,430,76,22,19,547,0,70,105,1,176,430,146,127,20,723,0,0,0,723
08/26/2012,HNL,HI,AWP,WE,Towers with Radar,431,45,23,15,514,0,44,108,7,159,431,89,131,22,673,0,1,1,674
08/27/2012,HNL,HI,AWP,WE,Towers with Radar,476,96,29,19,620,0,57,97,2,156,476,153,126,21,776,12,0,12,788
08/28/2012,HNL,HI,AWP,WE,Towers with Radar,440,95,21,39,595,0,83,80,4,167,440,178,101,43,762,0,0,0,762
08/29/2012,HNL,HI,AWP,WE,Towers with Radar,443,93,22,29,587,0,80,114,9,203,443,173,136,38,790,0,0,0,790
08/30/2012,HNL,HI,AWP,WE,Towers with Radar,426,112,35,34,607,0,87,136,7,230,426,199,171,41,837,0,0,0,837
08/31/2012,HNL,HI,AWP,WE,Towers with Radar,469,119,32,25,645,0,100,113,1,214,469,219,145,26,859,0,0,0,859
09/01/2012,HNL,HI,AWP,WE,Towers with Radar,397,105,16,20,538,0,65,112,0,177,397,170,128,20,715,0,0,0,715
09/02/2012,HNL,HI,AWP,WE,Towers with Radar,419,57,24,22,522,0,50,63,2,115,419,107,87,24,637,0,0,0,637
09/03/2012,HNL,HI,AWP,WE,Towers with Radar,424,84,13,15,536,0,74,132,3,209,424,158,145,18,745,0,0,0,745
09/04/2012,HNL,HI,AWP,WE,Towers with Radar,417,96,9,36,558,0,87,74,5,166,417,183,83,41,724,0,0,0,724
09/05/2012,HNL,HI,AWP,WE,Towers with Radar,418,87,20,42,567,0,57,124,2,183,418,144,144,44,750,0,0,0,750
09/06/2012,HNL,HI,AWP,WE,Towers with Radar,430,103,22,47,602,0,91,133,3,227,430,194,155,50,829,0,0,0,829
09/07/2012,HNL,HI,AWP,WE,Towers with Radar,459,123,18,45,645,0,54,63,1,118,459,177,81,46,763,0,0,0,763
09/08/2012,HNL,HI,AWP,WE,Towers with Radar,385,84,11,36,516,0,55,118,5,178,385,139,129,41,694,0,0,0,694
09/09/2012,HNL,HI,AWP,WE,Towers with Radar,414,74,19,29,536,0,39,86,8,133,414,113,105,37,669,0,0,0,669
09/10/2012,HNL,HI,AWP,WE,Towers with Radar,437,98,18,29,582,0,72,108,5,185,437,170,126,34,767,0,0,0,767
09/11/2012,HNL,HI,AWP,WE,Towers with Radar,420,95,8,55,578,0,101,78,3,182,420,196,86,58,760,0,0,0,760
09/12/2012,HNL,HI,AWP,WE,Towers with Radar,407,99,17,74,597,0,82,90,4,176,407,181,107,78,773,0,0,0,773
09/13/2012,HNL,HI,AWP,WE,Towers with Radar,445,115,18,57,635,0,73,85,0,158,445,188,103,57,793,0,0,0,793
09/14/2012,HNL,HI,AWP,WE,Towers with Radar,471,118,23,33,645,0,96,109,5,210,471,214,132,38,855,2,0,2,857
09/15/2012,HNL,HI,AWP,WE,Towers with Radar,412,90,16,39,557,0,54,120,5,179,412,144,136,44,736,0,0,0,736
09/16/2012,HNL,HI,AWP,WE,Towers with Radar,408,67,15,17,507,0,58,93,4,155,408,125,108,21,662,2,0,2,664
09/17/2012,HNL,HI,AWP,WE,Towers with Radar,416,110,8,12,546,0,82,116,10,208,416,192,124,22,754,0,0,0,754
09/18/2012,HNL,HI,AWP,WE,Towers with Radar,431,95,9,41,576,0,82,105,4,191,431,177,114,45,767,0,0,0,767
09/19/2012,HNL,HI,AWP,WE,Towers with Radar,437,104,7,42,590,0,82,115,0,197,437,186,122,42,787,10,0,10,797
09/20/2012,HNL,HI,AWP,WE,Towers with Radar,425,131,15,42,613,0,41,63,3,107,425,172,78,45,720,0,0,0,720
09/21/2012,HNL,HI,AWP,WE,Towers with Radar,469,127,11,43,650,0,76,103,1,180,469,203,114,44,830,12,0,12,842
09/22/2012,HNL,HI,AWP,WE,Towers with Radar,394,126,20,22,562,0,60,122,3,185,394,186,142,25,747,0,0,0,747
09/23/2012,HNL,HI,AWP,WE,Towers with Radar,411,75,12,25,523,0,45,74,2,121,411,120,86,27,644,2,0,2,646
09/24/2012,HNL,HI,AWP,WE,Towers with Radar,393,121,20,19,553,0,75,92,3,170,393,196,112,22,723,2,0,2,725
09/25/2012,HNL,HI,AWP,WE,Towers with Radar,417,119,10,37,583,0,96,84,1,181,417,215,94,38,764,0,0,0,764
09/26/2012,HNL,HI,AWP,WE,Towers with Radar,417,110,12,46,585,0,80,87,3,170,417,190,99,49,755,0,0,0,755
09/27/2012,HNL,HI,AWP,WE,Towers with Radar,421,103,13,38,575,0,96,95,1,192,421,199,108,39,767,0,0,0,767
09/28/2012,HNL,HI,AWP,WE,Towers with Radar,453,128,18,29,628,0,97,81,6,184,453,225,99,35,812,6,0,6,818
09/29/2012,HNL,HI,AWP,WE,Towers with Radar,411,79,29,17,536,0,79,100,2,181,411,158,129,19,717,0,0,0,717
09/30/2012,HNL,HI,AWP,WE,Towers with Radar,404,68,19,20,511,0,63,57,4,124,404,131,76,24,635,0,0,0,635
10/01/2012,HNL,HI,AWP,WE,Towers with Radar,418,99,10,42,569,0,99,116,2,217,418,198,126,44,786,0,0,0,786
10/02/2012,HNL,HI,AWP,WE,Towers with Radar,421,80,17,58,576,0,105,104,4,213,421,185,121,62,789,10,0,10,799
10/03/2012,HNL,HI,AWP,WE,Towers with Radar,434,101,16,37,588,0,100,89,7,196,434,201,105,44,784,0,1,1,785
10/04/2012,HNL,HI,AWP,WE,Towers with Radar,427,100,26,30,583,0,108,121,7,236,427,208,147,37,819,0,0,0,819
10/05/2012,HNL,HI,AWP,WE,Towers with Radar,453,128,31,38,650,0,85,142,1,228,453,213,173,39,878,0,0,0,878
10/06/2012,HNL,HI,AWP,WE,Towers with Radar,397,86,19,20,522,0,92,155,0,247,397,178,174,20,769,0,0,0,769
10/07/2012,HNL,HI,AWP,WE,Towers with Radar,372,78,6,26,482,0,59,96,2,157,372,137,102,28,639,0,0,0,639
10/08/2012,HNL,HI,AWP,WE,Towers with Radar,406,105,15,15,541,0,55,94,2,151,406,160,109,17,692,0,0,0,692
10/09/2012,HNL,HI,AWP,WE,Towers with Radar,426,107,9,33,575,0,73,104,1,178,426,180,113,34,753,0,0,0,753
10/10/2012,HNL,HI,AWP,WE,Towers with Radar,419,8,29,42,498,0,72,125,5,202,419,80,154,47,700,0,0,0,700
10/11/2012,HNL,HI,AWP,WE,Towers with Radar,429,110,24,50,613,0,90,112,4,206,429,200,136,54,819,0,0,0,819
10/12/2012,HNL,HI,AWP,WE,Towers with Radar,458,111,28,90,687,0,88,102,7,197,458,199,130,97,884,0,0,0,884
10/13/2012,HNL,HI,AWP,WE,Towers with Radar,402,111,18,50,581,0,77,158,7,242,402,188,176,57,823,0,0,0,823
10/14/2012,HNL,HI,AWP,WE,Towers with Radar,388,91,15,37,531,0,60,72,3,135,388,151,87,40,666,4,0,4,670
10/15/2012,HNL,HI,AWP,WE,Towers with Radar,430,114,19,21,584,0,57,109,5,171,430,171,128,26,755,0,0,0,755
10/16/2012,HNL,HI,AWP,WE,Towers with Radar,420,111,15,29,575,0,81,122,1,204,420,192,137,30,779,0,0,0,779
10/17/2012,HNL,HI,AWP,WE,Towers with Radar,408,111,14,29,562,0,81,144,1,226,408,192,158,30,788,0,0,0,788
10/18/2012,HNL,HI,AWP,WE,Towers with Radar,419,134,22,44,619,0,85,110,7,202,419,219,132,51,821,2,0,2,823
10/19/2012,HNL,HI,AWP,WE,Towers with Radar,447,130,7,25,609,0,78,117,3,198,447,208,124,28,807,0,0,0,807
10/20/2012,HNL,HI,AWP,WE,Towers with Radar,402,108,18,15,543,0,93,116,1,210,402,201,134,16,753,0,0,0,753
10/21/2012,HNL,HI,AWP,WE,Towers with Radar,406,76,13,12,507,0,70,84,3,157,406,146,97,15,664,10,0,10,674
10/22/2012,HNL,HI,AWP,WE,Towers with Radar,422,104,20,39,585,0,101,117,2,220,422,205,137,41,805,0,0,0,805
10/23/2012,HNL,HI,AWP,WE,Towers with Radar,422,96,26,53,597,0,88,118,3,209,422,184,144,56,806,6,0,6,812
10/24/2012,HNL,HI,AWP,WE,Towers with Radar,406,123,20,40,589,0,78,115,7,200,406,201,135,47,789,6,0,6,795
10/25/2012,HNL,HI,AWP,WE,Towers with Radar,431,116,28,40,615,0,86,117,5,208,431,202,145,45,823,0,0,0,823
10/26/2012,HNL,HI,AWP,WE,Towers with Radar,445,110,19,35,609,0,71,100,0,171,445,181,119,35,780,0,0,0,780
10/27/2012,HNL,HI,AWP,WE,Towers with Radar,386,90,16,19,511,0,60,131,0,191,386,150,147,19,702,0,0,0,702
10/28/2012,HNL,HI,AWP,WE,Towers with Radar,404,81,9,21,515,0,65,104,1,170,404,146,113,22,685,10,0,10,695
10/29/2012,HNL,HI,AWP,WE,Towers with Radar,416,101,30,17,564,0,96,92,2,190,416,197,122,19,754,0,0,0,754
10/30/2012,HNL,HI,AWP,WE,Towers with Radar,411,106,21,36,574,0,89,81,0,170,411,195,102,36,744,0,0,0,744
10/31/2012,HNL,HI,AWP,WE,Towers with Radar,414,106,26,42,588,0,98,89,2,189,414,204,115,44,777,0,0,0,777
11/01/2012,HNL,HI,AWP,WE,Towers with Radar,434,115,25,32,606,0,98,120,7,225,434,213,145,39,831,0,0,0,831
11/02/2012,HNL,HI,AWP,WE,Towers with Radar,441,93,22,45,601,0,80,98,3,181,441,173,120,48,782,6,0,6,788
11/03/2012,HNL,HI,AWP,WE,Towers with Radar,400,81,9,34,524,0,64,148,0,212,400,145,157,34,736,0,0,0,736
11/04/2012,HNL,HI,AWP,WE,Towers with Radar,398,66,12,35,511,0,59,106,5,170,398,125,118,40,681,0,0,0,681
11/05/2012,HNL,HI,AWP,WE,Towers with Radar,406,105,8,16,535,0,78,85,19,182,406,183,93,35,717,0,6,6,723
11/06/2012,HNL,HI,AWP,WE,Towers with Radar,400,95,10,38,543,0,78,105,3,186,400,173,115,41,729,0,0,0,729
11/07/2012,HNL,HI,AWP,WE,Towers with Radar,413,109,20,13,555,0,68,102,1,171,413,177,122,14,726,4,0,4,730
11/08/2012,HNL,HI,AWP,WE,Towers with Radar,418,129,30,31,608,0,103,122,0,225,418,232,152,31,833,2,0,2,835
11/09/2012,HNL,HI,AWP,WE,Towers with Radar,447,124,19,29,619,0,87,94,1,182,447,211,113,30,801,0,0,0,801
11/10/2012,HNL,HI,AWP,WE,Towers with Radar,388,93,11,18,510,0,73,109,0,182,388,166,120,18,692,0,0,0,692
11/11/2012,HNL,HI,AWP,WE,Towers with Radar,410,55,13,25,503,0,75,84,2,161,410,130,97,27,664,0,0,0,664
11/12/2012,HNL,HI,AWP,WE,Towers with Radar,426,85,14,18,543,0,76,98,1,175,426,161,112,19,718,0,0,0,718
11/13/2012,HNL,HI,AWP,WE,Towers with Radar,400,103,15,33,551,0,73,98,1,172,400,176,113,34,723,0,0,0,723
11/14/2012,HNL,HI,AWP,WE,Towers with Radar,406,127,18,42,593,0,71,92,6,169,406,198,110,48,762,0,0,0,762
11/15/2012,HNL,HI,AWP,WE,Towers with Radar,410,122,26,47,605,0,89,93,6,188,410,211,119,53,793,2,0,2,795
11/16/2012,HNL,HI,AWP,WE,Towers with Radar,448,123,23,39,633,0,69,105,0,174,448,192,128,39,807,0,8,8,815
11/17/2012,HNL,HI,AWP,WE,Towers with Radar,410,93,14,18,535,0,49,83,1,133,410,142,97,19,668,0,0,0,668
11/18/2012,HNL,HI,AWP,WE,Towers with Radar,408,57,20,25,510,0,47,99,2,148,408,104,119,27,658,0,0,0,658
11/19/2012,HNL,HI,AWP,WE,Towers with Radar,413,114,42,39,608,0,88,121,11,220,413,202,163,50,828,10,0,10,838
11/20/2012,HNL,HI,AWP,WE,Towers with Radar,426,116,31,47,620,0,94,135,2,231,426,210,166,49,851,0,0,0,851
11/21/2012,HNL,HI,AWP,WE,Towers with Radar,448,134,19,34,635,0,108,129,2,239,448,242,148,36,874,0,0,0,874
11/22/2012,HNL,HI,AWP,WE,Towers with Radar,388,78,7,6,479,0,61,60,1,122,388,139,67,7,601,0,0,0,601
11/23/2012,HNL,HI,AWP,WE,Towers with Radar,438,119,23,12,592,0,97,92,1,190,438,216,115,13,782,0,0,0,782
11/24/2012,HNL,HI,AWP,WE,Towers with Radar,401,77,24,15,517,0,66,134,1,201,401,143,158,16,718,0,0,0,718
11/25/2012,HNL,HI,AWP,WE,Towers with Radar,409,82,29,12,532,0,86,105,1,192,409,168,134,13,724,4,0,4,728
11/26/2012,HNL,HI,AWP,WE,Towers with Radar,410,121,19,20,570,0,73,71,1,145,410,194,90,21,715,0,0,0,715
11/27/2012,HNL,HI,AWP,WE,Towers with Radar,434,109,26,40,609,0,72,73,7,152,434,181,99,47,761,0,0,0,761
11/28/2012,HNL,HI,AWP,WE,Towers with Radar,430,107,14,54,605,0,93,107,5,205,430,200,121,59,810,0,0,0,810
11/29/2012,HNL,HI,AWP,WE,Towers with Radar,415,126,30,30,601,0,80,122,5,207,415,206,152,35,808,0,0,0,808
11/30/2012,HNL,HI,AWP,WE,Towers with Radar,446,117,26,41,630,0,70,128,4,202,446,187,154,45,832,2,0,2,834
12/01/2012,HNL,HI,AWP,WE,Towers with Radar,394,83,17,54,548,0,68,119,1,188,394,151,136,55,736,6,0,6,742
12/02/2012,HNL,HI,AWP,WE,Towers with Radar,401,79,19,24,523,0,50,59,2,111,401,129,78,26,634,0,0,0,634
12/03/2012,HNL,HI,AWP,WE,Towers with Radar,412,125,16,14,567,0,65,94,3,162,412,190,110,17,729,0,0,0,729
12/04/2012,HNL,HI,AWP,WE,Towers with Radar,424,92,14,40,570,0,90,90,1,181,424,182,104,41,751,0,0,0,751
12/05/2012,HNL,HI,AWP,WE,Towers with Radar,427,121,14,47,609,0,72,86,4,162,427,193,100,51,771,0,0,0,771
12/06/2012,HNL,HI,AWP,WE,Towers with Radar,421,110,16,41,588,0,80,84,2,166,421,190,100,43,754,0,0,0,754
12/07/2012,HNL,HI,AWP,WE,Towers with Radar,431,131,18,32,612,0,73,110,2,185,431,204,128,34,797,0,0,0,797
12/08/2012,HNL,HI,AWP,WE,Towers with Radar,399,100,33,14,546,0,62,126,4,192,399,162,159,18,738,0,0,0,738
12/09/2012,HNL,HI,AWP,WE,Towers with Radar,401,70,30,11,512,0,56,59,3,118,401,126,89,14,630,0,0,0,630
12/10/2012,HNL,HI,AWP,WE,Towers with Radar,459,129,26,44,658,0,82,77,4,163,459,211,103,48,821,4,2,6,827
12/11/2012,HNL,HI,AWP,WE,Towers with Radar,419,105,35,41,600,0,87,77,4,168,419,192,112,45,768,0,0,0,768
12/12/2012,HNL,HI,AWP,WE,Towers with Radar,425,107,28,43,603,0,87,104,4,195,425,194,132,47,798,0,0,0,798
12/13/2012,HNL,HI,AWP,WE,Towers with Radar,422,147,19,46,634,0,53,101,2,156,422,200,120,48,790,0,0,0,790
12/14/2012,HNL,HI,AWP,WE,Towers with Radar,441,112,25,40,618,0,62,64,1,127,441,174,89,41,745,0,0,0,745
12/15/2012,HNL,HI,AWP,WE,Towers with Radar,415,92,33,28,568,0,58,115,6,179,415,150,148,34,747,0,0,0,747
12/16/2012,HNL,HI,AWP,WE,Towers with Radar,409,62,6,23,500,0,54,72,8,134,409,116,78,31,634,0,0,0,634
12/17/2012,HNL,HI,AWP,WE,Towers with Radar,436,146,18,42,642,0,54,62,2,118,436,200,80,44,760,0,0,0,760
12/18/2012,HNL,HI,AWP,WE,Towers with Radar,434,145,6,24,609,0,77,88,4,169,434,222,94,28,778,0,0,0,778
12/19/2012,HNL,HI,AWP,WE,Towers with Radar,451,124,25,33,633,0,70,77,1,148,451,194,102,34,781,4,0,4,785
12/20/2012,HNL,HI,AWP,WE,Towers with Radar,441,149,28,40,658,0,63,82,2,147,441,212,110,42,805,0,0,0,805
12/21/2012,HNL,HI,AWP,WE,Towers with Radar,461,125,42,20,648,0,72,134,0,206,461,197,176,20,854,0,0,0,854
12/22/2012,HNL,HI,AWP,WE,Towers with Radar,421,124,33,8,586,0,62,59,0,121,421,186,92,8,707,0,0,0,707
12/23/2012,HNL,HI,AWP,WE,Towers with Radar,425,90,22,12,549,0,60,37,10,107,425,150,59,22,656,0,0,0,656
12/24/2012,HNL,HI,AWP,WE,Towers with Radar,432,138,19,5,594,0,124,42,6,172,432,262,61,11,766,0,0,0,766
12/25/2012,HNL,HI,AWP,WE,Towers with Radar,394,74,18,0,486,0,38,18,0,56,394,112,36,0,542,0,0,0,542
12/26/2012,HNL,HI,AWP,WE,Towers with Radar,425,114,34,11,584,0,153,55,9,217,425,267,89,20,801,2,0,2,803
12/27/2012,HNL,HI,AWP,WE,Towers with Radar,440,131,36,32,639,0,98,103,3,204,440,229,139,35,843,0,0,0,843
12/28/2012,HNL,HI,AWP,WE,Towers with Radar,469,144,38,16,667,0,105,112,1,218,469,249,150,17,885,2,0,2,887
12/29/2012,HNL,HI,AWP,WE,Towers with Radar,429,99,22,5,555,0,98,129,1,228,429,197,151,6,783,2,0,2,785
12/30/2012,HNL,HI,AWP,WE,Towers with Radar,420,89,19,7,535,0,68,79,2,149,420,157,98,9,684,2,0,2,686
12/31/2012,HNL,HI,AWP,WE,Towers with Radar,444,106,16,13,579,0,111,112,0,223,444,217,128,13,802,0,0,0,802
01/01/2013,HNL,HI,AWP,WE,Towers with Radar,424,92,32,5,553,0,29,43,3,75,424,121,75,8,628,0,0,0,628
01/02/2013,HNL,HI,AWP,WE,Towers with Radar,453,129,41,26,649,0,49,21,7,77,453,178,62,33,726,0,0,0,726
01/03/2013,HNL,HI,AWP,WE,Towers with Radar,476,136,42,28,682,0,20,20,2,42,476,156,62,30,724,0,0,0,724
01/04/2013,HNL,HI,AWP,WE,Towers with Radar,456,140,36,27,659,0,17,22,0,39,456,157,58,27,698,0,0,0,698
01/05/2013,HNL,HI,AWP,WE,Towers with Radar,420,125,36,30,611,0,69,24,3,96,420,194,60,33,707,0,0,0,707
01/06/2013,HNL,HI,AWP,WE,Towers with Radar,435,78,37,29,579,0,73,56,2,131,435,151,93,31,710,0,0,0,710
01/07/2013,HNL,HI,AWP,WE,Towers with Radar,418,121,43,16,598,0,89,101,5,195,418,210,144,21,793,0,0,0,793
01/08/2013,HNL,HI,AWP,WE,Towers with Radar,422,99,30,31,582,0,96,118,11,225,422,195,148,42,807,0,0,0,807
01/09/2013,HNL,HI,AWP,WE,Towers with Radar,408,106,30,18,562,0,93,99,6,198,408,199,129,24,760,0,0,0,760
01/10/2013,HNL,HI,AWP,WE,Towers with Radar,420,115,22,24,581,0,62,128,6,196,420,177,150,30,777,0,0,0,777
01/11/2013,HNL,HI,AWP,WE,Towers with Radar,445,120,27,37,629,0,74,134,2,210,445,194,161,39,839,0,0,0,839
01/12/2013,HNL,HI,AWP,WE,Towers with Radar,389,107,23,16,535,0,62,146,0,208,389,169,169,16,743,0,0,0,743
01/13/2013,HNL,HI,AWP,WE,Towers with Radar,382,67,21,21,491,0,73,129,4,206,382,140,150,25,697,0,0,0,697
01/14/2013,HNL,HI,AWP,WE,Towers with Radar,417,118,27,23,585,0,32,29,2,63,417,150,56,25,648,0,0,0,648
01/15/2013,HNL,HI,AWP,WE,Towers with Radar,408,102,24,35,569,0,88,166,11,265,408,190,190,46,834,12,0,12,846
01/16/2013,HNL,HI,AWP,WE,Towers with Radar,414,128,33,39,614,0,78,138,4,220,414,206,171,43,834,4,0,4,838
01/17/2013,HNL,HI,AWP,WE,Towers with Radar,410,127,19,42,598,0,61,129,6,196,410,188,148,48,794,6,0,6,800
01/18/2013,HNL,HI,AWP,WE,Towers with Radar,441,119,23,35,618,0,89,153,8,250,441,208,176,43,868,6,0,6,874
01/19/2013,HNL,HI,AWP,WE,Towers with Radar,412,84,20,14,530,0,57,126,6,189,412,141,146,20,719,0,0,0,719
01/20/2013,HNL,HI,AWP,WE,Towers with Radar,381,69,9,17,476,0,74,98,4,176,381,143,107,21,652,0,0,0,652
01/21/2013,HNL,HI,AWP,WE,Towers with Radar,382,105,24,23,534,0,73,138,10,221,382,178,162,33,755,0,0,0,755
01/22/2013,HNL,HI,AWP,WE,Towers with Radar,404,100,31,37,572,0,80,115,8,203,404,180,146,45,775,0,0,0,775
01/23/2013,HNL,HI,AWP,WE,Towers with Radar,405,93,23,38,559,0,59,131,8,198,405,152,154,46,757,2,0,2,759
01/24/2013,HNL,HI,AWP,WE,Towers with Radar,389,120,29,17,555,0,35,65,4,104,389,155,94,21,659,4,0,4,663
01/25/2013,HNL,HI,AWP,WE,Towers with Radar,434,111,34,25,604,0,95,137,8,240,434,206,171,33,844,0,0,0,844
01/26/2013,HNL,HI,AWP,WE,Towers with Radar,394,71,24,15,504,0,62,111,0,173,394,133,135,15,677,0,0,0,677
01/27/2013,HNL,HI,AWP,WE,Towers with Radar,370,59,9,15,453,0,48,74,4,126,370,107,83,19,579,0,0,0,579
01/28/2013,HNL,HI,AWP,WE,Towers with Radar,413,126,43,41,623,0,42,64,0,106,413,168,107,41,729,8,6,14,743
01/29/2013,HNL,HI,AWP,WE,Towers with Radar,417,113,27,31,588,0,90,127,3,220,417,203,154,34,808,0,0,0,808
01/30/2013,HNL,HI,AWP,WE,Towers with Radar,415,113,31,27,586,2,77,142,5,226,417,190,173,32,812,8,0,8,820
01/31/2013,HNL,HI,AWP,WE,Towers with Radar,426,127,34,24,611,0,67,119,6,192,426,194,153,30,803,0,0,0,803
02/01/2013,HNL,HI,AWP,WE,Towers with Radar,441,111,34,18,604,0,79,125,1,205,441,190,159,19,809,0,0,0,809
02/02/2013,HNL,HI,AWP,WE,Towers with Radar,418,73,24,31,546,0,67,130,1,198,418,140,154,32,744,0,0,0,744
02/03/2013,HNL,HI,AWP,WE,Towers with Radar,390,58,19,13,480,0,70,61,1,132,390,128,80,14,612,0,0,0,612
02/04/2013,HNL,HI,AWP,WE,Towers with Radar,403,118,19,19,559,0,86,80,0,166,403,204,99,19,725,0,0,0,725
02/05/2013,HNL,HI,AWP,WE,Towers with Radar,413,106,19,19,557,0,80,105,8,193,413,186,124,27,750,2,0,2,752
02/06/2013,HNL,HI,AWP,WE,Towers with Radar,408,129,27,33,597,0,80,148,3,231,408,209,175,36,828,0,0,0,828
02/07/2013,HNL,HI,AWP,WE,Towers with Radar,426,109,21,39,595,0,100,154,5,259,426,209,175,44,854,0,0,0,854
02/08/2013,HNL,HI,AWP,WE,Towers with Radar,440,94,30,27,591,0,99,117,3,219,440,193,147,30,810,0,0,0,810
02/09/2013,HNL,HI,AWP,WE,Towers with Radar,412,72,23,37,544,0,86,124,4,214,412,158,147,41,758,0,0,0,758
02/10/2013,HNL,HI,AWP,WE,Towers with Radar,391,62,11,28,492,0,81,116,9,206,391,143,127,37,698,0,0,0,698
02/11/2013,HNL,HI,AWP,WE,Towers with Radar,421,102,22,21,566,0,91,110,3,204,421,193,132,24,770,0,0,0,770
02/12/2013,HNL,HI,AWP,WE,Towers with Radar,408,120,32,59,619,0,71,149,5,225,408,191,181,64,844,8,2,10,854
02/13/2013,HNL,HI,AWP,WE,Towers with Radar,404,111,27,42,584,0,105,146,6,257,404,216,173,48,841,0,0,0,841
02/14/2013,HNL,HI,AWP,WE,Towers with Radar,422,125,47,32,626,0,98,121,5,224,422,223,168,37,850,0,0,0,850
02/15/2013,HNL,HI,AWP,WE,Towers with Radar,448,112,28,39,627,0,77,143,6,226,448,189,171,45,853,0,0,0,853
02/16/2013,HNL,HI,AWP,WE,Towers with Radar,414,69,34,11,528,0,81,93,3,177,414,150,127,14,705,0,0,0,705
02/17/2013,HNL,HI,AWP,WE,Towers with Radar,383,63,18,9,473,0,83,65,5,153,383,146,83,14,626,0,0,0,626
02/18/2013,HNL,HI,AWP,WE,Towers with Radar,407,98,23,12,540,0,92,100,3,195,407,190,123,15,735,0,0,0,735
02/19/2013,HNL,HI,AWP,WE,Towers with Radar,426,111,12,35,584,0,94,103,3,200,426,205,115,38,784,0,0,0,784
02/20/2013,HNL,HI,AWP,WE,Towers with Radar,442,106,22,32,602,0,51,88,48,187,442,157,110,80,789,2,0,2,791
02/21/2013,HNL,HI,AWP,WE,Towers with Radar,414,107,32,44,597,0,51,68,1,120,414,158,100,45,717,4,0,4,721
02/22/2013,HNL,HI,AWP,WE,Towers with Radar,459,116,25,38,638,0,70,61,0,131,459,186,86,38,769,4,0,4,773
02/23/2013,HNL,HI,AWP,WE,Towers with Radar,406,85,28,15,534,0,66,117,1,184,406,151,145,16,718,0,0,0,718
02/24/2013,HNL,HI,AWP,WE,Towers with Radar,397,49,36,7,489,0,68,84,2,154,397,117,120,9,643,0,0,0,643
02/25/2013,HNL,HI,AWP,WE,Towers with Radar,413,103,18,10,544,0,86,119,0,205,413,189,137,10,749,0,0,0,749
02/26/2013,HNL,HI,AWP,WE,Towers with Radar,441,92,21,25,579,0,84,106,0,190,441,176,127,25,769,0,0,0,769
02/27/2013,HNL,HI,AWP,WE,Towers with Radar,419,86,30,33,568,0,85,108,2,195,419,171,138,35,763,0,0,0,763
02/28/2013,HNL,HI,AWP,WE,Towers with Radar,426,86,20,28,560,0,82,113,2,197,426,168,133,30,757,0,0,0,757
03/01/2013,HNL,HI,AWP,WE,Towers with Radar,474,76,55,33,638,0,94,86,1,181,474,170,141,34,819,0,0,0,819
03/02/2013,HNL,HI,AWP,WE,Towers with Radar,424,57,25,7,513,0,61,99,1,161,424,118,124,8,674,0,0,0,674
03/03/2013,HNL,HI,AWP,WE,Towers with Radar,407,73,15,11,506,0,63,86,5,154,407,136,101,16,660,0,0,0,660
03/04/2013,HNL,HI,AWP,WE,Towers with Radar,419,98,30,35,582,0,95,109,0,204,419,193,139,35,786,0,0,0,786
03/05/2013,HNL,HI,AWP,WE,Towers with Radar,424,91,20,39,574,0,100,109,6,215,424,191,129,45,789,0,0,0,789
03/06/2013,HNL,HI,AWP,WE,Towers with Radar,448,92,43,47,630,0,62,120,4,186,448,154,163,51,816,10,0,10,826
03/07/2013,HNL,HI,AWP,WE,Towers with Radar,425,106,13,28,572,0,86,109,4,199,425,192,122,32,771,2,2,4,775
03/08/2013,HNL,HI,AWP,WE,Towers with Radar,457,106,30,34,627,0,97,130,2,229,457,203,160,36,856,0,0,0,856
03/09/2013,HNL,HI,AWP,WE,Towers with Radar,418,83,24,26,551,0,60,88,0,148,418,143,112,26,699,0,0,0,699
03/10/2013,HNL,HI,AWP,WE,Towers with Radar,401,81,19,10,511,0,2,4,1,7,401,83,23,11,518,0,0,0,518
03/11/2013,HNL,HI,AWP,WE,Towers with Radar,424,108,21,12,565,0,94,122,4,220,424,202,143,16,785,0,0,0,785
03/12/2013,HNL,HI,AWP,WE,Towers with Radar,431,96,34,17,578,0,101,133,5,239,431,197,167,22,817,0,0,0,817
03/13/2013,HNL,HI,AWP,WE,Towers with Radar,418,97,27,37,579,0,97,125,4,226,418,194,152,41,805,4,0,4,809
03/14/2013,HNL,HI,AWP,WE,Towers with Radar,456,95,16,30,597,0,97,164,3,264,456,192,180,33,861,0,0,0,861
03/15/2013,HNL,HI,AWP,WE,Towers with Radar,471,95,16,24,606,0,105,122,3,230,471,200,138,27,836,2,0,2,838
03/16/2013,HNL,HI,AWP,WE,Towers with Radar,431,85,24,12,552,0,75,128,1,204,431,160,152,13,756,0,0,0,756
03/17/2013,HNL,HI,AWP,WE,Towers with Radar,412,71,14,8,505,0,88,149,3,240,412,159,163,11,745,0,0,0,745
03/18/2013,HNL,HI,AWP,WE,Towers with Radar,431,114,22,19,586,0,91,117,2,210,431,205,139,21,796,0,0,0,796
03/19/2013,HNL,HI,AWP,WE,Towers with Radar,433,103,21,41,598,0,104,124,5,233,433,207,145,46,831,4,2,6,837
03/20/2013,HNL,HI,AWP,WE,Towers with Radar,464,100,24,38,626,0,105,128,0,233,464,205,152,38,859,0,0,0,859
03/21/2013,HNL,HI,AWP,WE,Towers with Radar,421,89,25,35,570,0,128,119,1,248,421,217,144,36,818,0,0,0,818
03/22/2013,HNL,HI,AWP,WE,Towers with Radar,488,96,10,30,624,0,64,90,3,157,488,160,100,33,781,0,0,0,781
03/23/2013,HNL,HI,AWP,WE,Towers with Radar,441,83,35,6,565,0,58,121,1,180,441,141,156,7,745,0,0,0,745
03/24/2013,HNL,HI,AWP,WE,Towers with Radar,451,96,10,14,571,0,24,26,0,50,451,120,36,14,621,0,0,0,621
03/25/2013,HNL,HI,AWP,WE,Towers with Radar,411,108,16,13,548,0,73,123,0,196,411,181,139,13,744,0,0,0,744
03/26/2013,HNL,HI,AWP,WE,Towers with Radar,381,110,23,41,555,0,87,118,6,211,381,197,141,47,766,0,0,0,766
03/27/2013,HNL,HI,AWP,WE,Towers with Radar,463,102,32,27,624,0,45,47,2,94,463,147,79,29,718,0,0,0,718
03/28/2013,HNL,HI,AWP,WE,Towers with Radar,460,104,30,39,633,0,101,158,17,276,460,205,188,56,909,4,0,4,913
03/29/2013,HNL,HI,AWP,WE,Towers with Radar,474,93,35,26,628,0,92,146,4,242,474,185,181,30,870,0,0,0,870
03/30/2013,HNL,HI,AWP,WE,Towers with Radar,413,74,19,13,519,0,76,99,5,180,413,150,118,18,699,0,0,0,699
03/31/2013,HNL,HI,AWP,WE,Towers with Radar,395,70,23,7,495,0,71,70,1,142,395,141,93,8,637,0,0,0,637
04/01/2013,HNL,HI,AWP,WE,Towers with Radar,420,100,23,36,579,0,126,67,17,210,420,226,90,53,789,0,0,0,789
04/02/2013,HNL,HI,AWP,WE,Towers with Radar,421,110,29,42,602,0,120,121,4,245,421,230,150,46,847,0,0,0,847
04/03/2013,HNL,HI,AWP,WE,Towers with Radar,448,108,39,38,633,0,139,136,9,284,448,247,175,47,917,0,0,0,917
04/04/2013,HNL,HI,AWP,WE,Towers with Radar,451,100,24,42,617,0,105,127,3,235,451,205,151,45,852,3,0,3,855
04/05/2013,HNL,HI,AWP,WE,Towers with Radar,478,107,41,14,640,0,102,119,3,224,478,209,160,17,864,0,0,0,864
04/06/2013,HNL,HI,AWP,WE,Towers with Radar,416,75,25,51,567,0,80,113,3,196,416,155,138,54,763,0,0,0,763
04/07/2013,HNL,HI,AWP,WE,Towers with Radar,421,63,18,12,514,0,73,96,4,173,421,136,114,16,687,0,0,0,687
04/08/2013,HNL,HI,AWP,WE,Towers with Radar,428,102,10,12,552,0,103,78,8,189,428,205,88,20,741,0,0,0,741
04/09/2013,HNL,HI,AWP,WE,Towers with Radar,415,103,20,20,558,0,115,109,4,228,415,218,129,24,786,1,0,1,787
04/10/2013,HNL,HI,AWP,WE,Towers with Radar,430,107,29,50,616,0,90,121,9,220,430,197,150,59,836,6,0,6,842
04/11/2013,HNL,HI,AWP,WE,Towers with Radar,415,120,19,40,594,0,135,182,25,342,415,255,201,65,936,4,1,5,941
04/12/2013,HNL,HI,AWP,WE,Towers with Radar,460,114,32,40,646,0,91,107,5,203,460,205,139,45,849,0,0,0,849
04/13/2013,HNL,HI,AWP,WE,Towers with Radar,419,84,29,21,553,0,49,68,1,118,419,133,97,22,671,0,0,0,671
04/14/2013,HNL,HI,AWP,WE,Towers with Radar,406,75,18,12,511,0,47,37,1,85,406,122,55,13,596,0,0,0,596
04/15/2013,HNL,HI,AWP,WE,Towers with Radar,436,129,25,34,624,0,76,76,3,155,436,205,101,37,779,1,0,1,780
04/16/2013,HNL,HI,AWP,WE,Towers with Radar,404,114,28,49,595,0,164,113,9,286,404,278,141,58,881,0,4,4,885
04/17/2013,HNL,HI,AWP,WE,Towers with Radar,438,103,37,43,621,0,132,138,7,277,438,235,175,50,898,16,0,16,914
04/18/2013,HNL,HI,AWP,WE,Towers with Radar,409,98,28,31,566,0,128,126,3,257,409,226,154,34,823,0,0,0,823
04/19/2013,HNL,HI,AWP,WE,Towers with Radar,481,98,31,23,633,0,76,97,2,175,481,174,128,25,808,10,0,10,818
04/20/2013,HNL,HI,AWP,WE,Towers with Radar,426,75,17,20,538,0,91,124,1,216,426,166,141,21,754,0,0,0,754
04/21/2013,HNL,HI,AWP,WE,Towers with Radar,390,69,22,18,499,0,90,94,2,186,390,159,116,20,685,0,0,0,685
04/22/2013,HNL,HI,AWP,WE,Towers with Radar,415,119,20,22,576,0,109,96,5,210,415,228,116,27,786,0,0,0,786
04/23/2013,HNL,HI,AWP,WE,Towers with Radar,419,100,21,34,574,0,103,91,3,197,419,203,112,37,771,0,0,0,771
04/24/2013,HNL,HI,AWP,WE,Towers with Radar,419,104,11,39,573,0,132,103,7,242,419,236,114,46,815,0,0,0,815
04/25/2013,HNL,HI,AWP,WE,Towers with Radar,434,113,23,33,603,0,96,166,5,267,434,209,189,38,870,0,2,2,872
04/26/2013,HNL,HI,AWP,WE,Towers with Radar,442,127,25,25,619,0,137,139,2,278,442,264,164,27,897,0,0,0,897
04/27/2013,HNL,HI,AWP,WE,Towers with Radar,423,64,33,24,544,0,99,153,3,255,423,163,186,27,799,0,0,0,799
04/28/2013,HNL,HI,AWP,WE,Towers with Radar,381,61,20,7,469,0,110,108,3,221,381,171,128,10,690,0,0,0,690
04/29/2013,HNL,HI,AWP,WE,Towers with Radar,411,93,28,29,561,0,108,90,6,204,411,201,118,35,765,1,0,1,766
04/30/2013,HNL,HI,AWP,WE,Towers with Radar,398,113,21,41,573,0,89,124,6,219,398,202,145,47,792,2,0,2,794
05/01/2013,HNL,HI,AWP,WE,Towers with Radar,427,99,27,36,589,0,143,151,25,319,427,242,178,61,908,0,0,0,908
05/02/2013,HNL,HI,AWP,WE,Towers with Radar,433,111,46,34,624,0,94,152,5,251,433,205,198,39,875,0,0,0,875
05/03/2013,HNL,HI,AWP,WE,Towers with Radar,452,97,33,22,604,0,105,143,2,250,452,202,176,24,854,0,0,0,854
05/04/2013,HNL,HI,AWP,WE,Towers with Radar,412,71,16,18,517,0,94,149,2,245,412,165,165,20,762,6,0,6,768
05/05/2013,HNL,HI,AWP,WE,Towers with Radar,397,73,15,18,503,0,28,25,0,53,397,101,40,18,556,0,0,0,556
05/06/2013,HNL,HI,AWP,WE,Towers with Radar,439,99,26,8,572,0,138,116,9,263,439,237,142,17,835,0,0,0,835
05/07/2013,HNL,HI,AWP,WE,Towers with Radar,411,83,14,32,540,0,149,152,12,313,411,232,166,44,853,6,2,8,861
05/08/2013,HNL,HI,AWP,WE,Towers with Radar,436,93,15,28,572,0,91,153,7,251,436,184,168,35,823,0,0,0,823
05/09/2013,HNL,HI,AWP,WE,Towers with Radar,474,78,13,36,601,0,124,141,4,269,474,202,154,40,870,0,0,0,870
05/10/2013,HNL,HI,AWP,WE,Towers with Radar,458,107,30,39,634,0,99,115,2,216,458,206,145,41,850,3,2,5,855
05/11/2013,HNL,HI,AWP,WE,Towers with Radar,422,68,27,12,529,0,79,126,0,205,422,147,153,12,734,0,0,0,734
05/12/2013,HNL,HI,AWP,WE,Towers with Radar,408,64,11,8,491,0,58,76,1,135,408,122,87,9,626,0,0,0,626
05/13/2013,HNL,HI,AWP,WE,Towers with Radar,426,83,25,32,566,0,139,116,18,273,426,222,141,50,839,0,0,0,839
05/14/2013,HNL,HI,AWP,WE,Towers with Radar,431,88,28,52,599,0,158,138,15,311,431,246,166,67,910,0,0,0,910
05/15/2013,HNL,HI,AWP,WE,Towers with Radar,433,73,22,54,582,0,120,171,13,304,433,193,193,67,886,0,0,0,886
05/16/2013,HNL,HI,AWP,WE,Towers with Radar,427,95,29,44,595,0,122,150,17,289,427,217,179,61,884,0,0,0,884
05/17/2013,HNL,HI,AWP,WE,Towers with Radar,469,100,36,35,640,0,93,154,1,248,469,193,190,36,888,0,0,0,888
05/18/2013,HNL,HI,AWP,WE,Towers with Radar,414,76,25,8,523,0,73,111,2,186,414,149,136,10,709,0,0,0,709
05/19/2013,HNL,HI,AWP,WE,Towers with Radar,409,72,18,11,510,0,74,63,12,149,409,146,81,23,659,0,0,0,659
05/20/2013,HNL,HI,AWP,WE,Towers with Radar,409,72,18,11,510,0,74,63,12,149,409,146,81,23,659,0,0,0,659
05/21/2013,HNL,HI,AWP,WE,Towers with Radar,402,103,32,57,594,0,120,125,18,263,402,223,157,75,857,1,2,3,860
05/22/2013,HNL,HI,AWP,WE,Towers with Radar,405,102,18,52,577,0,141,98,10,249,405,243,116,62,826,20,0,20,846
05/23/2013,HNL,HI,AWP,WE,Towers with Radar,416,106,20,41,583,0,109,123,10,242,416,215,143,51,825,0,0,0,825
05/24/2013,HNL,HI,AWP,WE,Towers with Radar,475,94,29,18,616,0,123,124,2,249,475,217,153,20,865,0,0,0,865
05/25/2013,HNL,HI,AWP,WE,Towers with Radar,403,71,23,6,503,0,85,79,2,166,403,156,102,8,669,0,0,0,669
05/26/2013,HNL,HI,AWP,WE,Towers with Radar,368,73,13,11,465,0,87,53,0,140,368,160,66,11,605,0,0,0,605
05/27/2013,HNL,HI,AWP,WE,Towers with Radar,391,60,21,17,489,0,107,119,3,229,391,167,140,20,718,0,0,0,718
05/28/2013,HNL,HI,AWP,WE,Towers with Radar,392,87,23,48,550,0,100,97,11,208,392,187,120,59,758,0,4,4,762
05/29/2013,HNL,HI,AWP,WE,Towers with Radar,419,99,19,48,585,0,97,80,10,187,419,196,99,58,772,2,3,5,777
05/30/2013,HNL,HI,AWP,WE,Towers with Radar,422,87,29,25,563,0,87,142,30,259,422,174,171,55,822,6,0,6,828
05/31/2013,HNL,HI,AWP,WE,Towers with Radar,466,103,27,44,640,0,84,145,15,244,466,187,172,59,884,0,0,0,884
06/01/2013,HNL,HI,AWP,WE,Towers with Radar,426,60,17,37,540,0,91,87,3,181,426,151,104,40,721,0,0,0,721
06/02/2013,HNL,HI,AWP,WE,Towers with Radar,416,72,20,44,552,0,67,66,2,135,416,139,86,46,687,0,0,0,687
06/03/2013,HNL,HI,AWP,WE,Towers with Radar,424,105,18,24,571,0,140,100,11,251,424,245,118,35,822,0,0,0,822
06/04/2013,HNL,HI,AWP,WE,Towers with Radar,437,89,10,36,572,0,112,101,8,221,437,201,111,44,793,0,2,2,795
06/05/2013,HNL,HI,AWP,WE,Towers with Radar,420,116,22,46,604,0,107,108,10,225,420,223,130,56,829,0,2,2,831
06/06/2013,HNL,HI,AWP,WE,Towers with Radar,439,128,16,28,611,0,110,107,15,232,439,238,123,43,843,2,0,2,845
06/07/2013,HNL,HI,AWP,WE,Towers with Radar,470,111,21,32,634,0,74,112,9,195,470,185,133,41,829,0,0,0,829
06/08/2013,HNL,HI,AWP,WE,Towers with Radar,412,88,19,20,539,0,90,100,9,199,412,178,119,29,738,0,0,0,738
06/09/2013,HNL,HI,AWP,WE,Towers with Radar,407,94,14,10,525,0,99,78,1,178,407,193,92,11,703,0,0,0,703
06/10/2013,HNL,HI,AWP,WE,Towers with Radar,438,121,37,29,625,0,149,85,10,244,438,270,122,39,869,0,0,0,869
06/11/2013,HNL,HI,AWP,WE,Towers with Radar,435,89,13,45,582,0,122,129,12,263,435,211,142,57,845,0,0,0,845
06/12/2013,HNL,HI,AWP,WE,Towers with Radar,448,100,23,48,619,0,107,130,8,245,448,207,153,56,864,0,0,0,864
06/13/2013,HNL,HI,AWP,WE,Towers with Radar,496,115,18,36,665,0,155,126,5,286,496,270,144,41,951,0,0,0,951
06/14/2013,HNL,HI,AWP,WE,Towers with Radar,456,119,25,39,639,0,92,136,0,228,456,211,161,39,867,0,0,0,867
06/15/2013,HNL,HI,AWP,WE,Towers with Radar,429,77,19,11,536,0,93,118,0,211,429,170,137,11,747,0,0,0,747
06/16/2013,HNL,HI,AWP,WE,Towers with Radar,409,74,11,12,506,0,90,120,1,211,409,164,131,13,717,0,0,0,717
06/17/2013,HNL,HI,AWP,WE,Towers with Radar,442,117,20,27,606,0,120,134,9,263,442,237,154,36,869,0,0,0,869
06/18/2013,HNL,HI,AWP,WE,Towers with Radar,421,108,16,38,583,0,132,133,8,273,421,240,149,46,856,0,0,0,856
06/19/2013,HNL,HI,AWP,WE,Towers with Radar,441,109,24,27,601,0,92,157,2,251,441,201,181,29,852,6,0,6,858
06/20/2013,HNL,HI,AWP,WE,Towers with Radar,447,111,29,29,616,0,105,121,6,232,447,216,150,35,848,6,0,6,854
06/21/2013,HNL,HI,AWP,WE,Towers with Radar,484,105,28,26,643,0,116,137,13,266,484,221,165,39,909,0,0,0,909
06/22/2013,HNL,HI,AWP,WE,Towers with Radar,420,90,26,14,550,0,62,133,3,198,420,152,159,17,748,0,0,0,748
06/23/2013,HNL,HI,AWP,WE,Towers with Radar,408,70,19,9,506,0,73,100,1,174,408,143,119,10,680,8,0,8,688
06/24/2013,HNL,HI,AWP,WE,Towers with Radar,448,115,29,13,605,0,96,113,10,219,448,211,142,23,824,0,0,0,824
06/25/2013,HNL,HI,AWP,WE,Towers with Radar,424,140,17,35,616,0,69,88,4,161,424,209,105,39,777,0,0,0,777
06/26/2013,HNL,HI,AWP,WE,Towers with Radar,459,107,21,44,631,0,139,133,8,280,459,246,154,52,911,4,0,4,915
06/27/2013,HNL,HI,AWP,WE,Towers with Radar,435,112,28,55,630,0,134,117,5,256,435,246,145,60,886,6,0,6,892
06/28/2013,HNL,HI,AWP,WE,Towers with Radar,483,100,26,37,646,0,119,135,4,258,483,219,161,41,904,0,0,0,904
06/29/2013,HNL,HI,AWP,WE,Towers with Radar,430,81,29,8,548,0,83,111,2,196,430,164,140,10,744,0,0,0,744
06/30/2013,HNL,HI,AWP,WE,Towers with Radar,415,71,20,19,525,0,94,131,1,226,415,165,151,20,751,0,0,0,751
07/01/2013,HNL,HI,AWP,WE,Towers with Radar,429,110,22,20,581,0,127,113,3,243,429,237,135,23,824,0,0,0,824
07/02/2013,HNL,HI,AWP,WE,Towers with Radar,429,110,22,20,581,0,127,113,3,243,429,237,135,23,824,0,0,0,824
07/03/2013,HNL,HI,AWP,WE,Towers with Radar,442,112,23,26,603,0,102,154,3,259,442,214,177,29,862,0,0,0,862
07/04/2013,HNL,HI,AWP,WE,Towers with Radar,417,50,10,9,486,0,114,95,3,212,417,164,105,12,698,0,0,0,698
07/05/2013,HNL,HI,AWP,WE,Towers with Radar,471,91,36,25,623,0,140,128,0,268,471,231,164,25,891,0,0,0,891
07/06/2013,HNL,HI,AWP,WE,Towers with Radar,409,81,22,17,529,0,107,110,1,218,409,188,132,18,747,2,0,2,749
07/07/2013,HNL,HI,AWP,WE,Towers with Radar,418,58,14,10,500,0,100,106,2,208,418,158,120,12,708,0,0,0,708
07/08/2013,HNL,HI,AWP,WE,Towers with Radar,445,103,20,39,607,0,103,106,16,225,445,206,126,55,832,0,0,0,832
07/09/2013,HNL,HI,AWP,WE,Towers with Radar,439,125,31,40,635,0,124,121,7,252,439,249,152,47,887,2,0,2,889
07/10/2013,HNL,HI,AWP,WE,Towers with Radar,460,109,23,40,632,0,110,89,8,207,460,219,112,48,839,2,0,2,841
07/11/2013,HNL,HI,AWP,WE,Towers with Radar,435,125,17,47,624,0,120,106,4,230,435,245,123,51,854,0,0,0,854
07/12/2013,HNL,HI,AWP,WE,Towers with Radar,475,119,12,38,644,0,124,124,1,249,475,243,136,39,893,0,0,0,893
07/13/2013,HNL,HI,AWP,WE,Towers with Radar,420,76,21,26,543,0,100,150,1,251,420,176,171,27,794,0,0,0,794
07/14/2013,HNL,HI,AWP,WE,Towers with Radar,417,71,17,23,528,0,112,105,8,225,417,183,122,31,753,0,0,0,753
07/15/2013,HNL,HI,AWP,WE,Towers with Radar,434,105,13,33,585,0,66,48,2,116,434,171,61,35,701,0,0,0,701
07/16/2013,HNL,HI,AWP,WE,Towers with Radar,437,110,16,49,612,0,127,133,1,261,437,237,149,50,873,0,0,0,873
07/17/2013,HNL,HI,AWP,WE,Towers with Radar,434,111,19,44,608,0,106,124,5,235,434,217,143,49,843,22,0,22,865
07/18/2013,HNL,HI,AWP,WE,Towers with Radar,444,106,18,61,629,0,116,115,6,237,444,222,133,67,866,0,0,0,866
07/19/2013,HNL,HI,AWP,WE,Towers with Radar,460,101,33,47,641,0,131,120,10,261,460,232,153,57,902,1,0,1,903
07/20/2013,HNL,HI,AWP,WE,Towers with Radar,416,81,24,21,542,0,93,117,4,214,416,174,141,25,756,0,0,0,756
07/21/2013,HNL,HI,AWP,WE,Towers with Radar,401,71,14,24,510,0,107,84,1,192,401,178,98,25,702,0,0,0,702
07/22/2013,HNL,HI,AWP,WE,Towers with Radar,433,126,25,24,608,0,123,111,11,245,433,249,136,35,853,0,0,0,853
07/23/2013,HNL,HI,AWP,WE,Towers with Radar,433,132,22,22,609,3,110,125,8,246,436,242,147,30,855,2,2,4,859
07/24/2013,HNL,HI,AWP,WE,Towers with Radar,449,116,13,48,626,0,136,137,12,285,449,252,150,60,911,0,0,0,911
07/25/2013,HNL,HI,AWP,WE,Towers with Radar,462,93,21,55,631,0,119,113,12,244,462,212,134,67,875,0,0,0,875
07/26/2013,HNL,HI,AWP,WE,Towers with Radar,473,98,27,36,634,0,123,120,8,251,473,221,147,44,885,0,0,0,885
07/27/2013,HNL,HI,AWP,WE,Towers with Radar,427,86,47,15,575,0,110,88,3,201,427,196,135,18,776,0,0,0,776
07/28/2013,HNL,HI,AWP,WE,Towers with Radar,428,74,40,21,563,0,103,84,0,187,428,177,124,21,750,0,0,0,750
07/29/2013,HNL,HI,AWP,WE,Towers with Radar,374,119,9,12,514,0,8,4,0,12,374,127,13,12,526,0,0,0,526
07/30/2013,HNL,HI,AWP,WE,Towers with Radar,458,127,19,42,646,0,103,62,3,168,458,230,81,45,814,0,0,0,814
07/31/2013,HNL,HI,AWP,WE,Towers with Radar,463,123,20,51,657,0,101,72,9,182,463,224,92,60,839,0,0,0,839
08/01/2013,HNL,HI,AWP,WE,Towers with Radar,471,98,26,47,642,0,138,116,18,272,471,236,142,65,914,0,2,2,916
08/02/2013,HNL,HI,AWP,WE,Towers with Radar,490,98,24,38,650,0,126,131,6,263,490,224,155,44,913,0,0,0,913
08/03/2013,HNL,HI,AWP,WE,Towers with Radar,437,64,20,19,540,0,85,121,4,210,437,149,141,23,750,0,0,0,750
08/04/2013,HNL,HI,AWP,WE,Towers with Radar,420,61,17,20,518,0,111,113,0,224,420,172,130,20,742,0,0,0,742
08/05/2013,HNL,HI,AWP,WE,Towers with Radar,444,102,26,32,604,0,142,116,23,281,444,244,142,55,885,0,0,0,885
08/06/2013,HNL,HI,AWP,WE,Towers with Radar,468,108,25,60,661,0,123,116,19,258,468,231,141,79,919,2,2,4,923
08/07/2013,HNL,HI,AWP,WE,Towers with Radar,459,113,25,46,643,0,94,111,7,212,459,207,136,53,855,0,0,0,855
08/08/2013,HNL,HI,AWP,WE,Towers with Radar,469,96,21,45,631,0,118,127,12,257,469,214,148,57,888,0,0,0,888
08/09/2013,HNL,HI,AWP,WE,Towers with Radar,491,99,43,20,653,0,121,125,5,251,491,220,168,25,904,6,0,6,910
08/10/2013,HNL,HI,AWP,WE,Towers with Radar,446,78,37,34,595,0,35,46,2,83,446,113,83,36,678,0,0,0,678
08/11/2013,HNL,HI,AWP,WE,Towers with Radar,441,56,21,21,539,0,74,134,0,208,441,130,155,21,747,0,0,0,747
08/12/2013,HNL,HI,AWP,WE,Towers with Radar,455,99,20,26,600,0,128,146,16,290,455,227,166,42,890,0,0,0,890
08/13/2013,HNL,HI,AWP,WE,Towers with Radar,463,134,17,24,638,0,105,115,11,231,463,239,132,35,869,6,2,8,877
08/14/2013,HNL,HI,AWP,WE,Towers with Radar,446,108,28,41,623,0,136,139,14,289,446,244,167,55,912,0,0,0,912
08/15/2013,HNL,HI,AWP,WE,Towers with Radar,466,108,27,40,641,0,125,129,7,261,466,233,156,47,902,0,0,0,902
08/16/2013,HNL,HI,AWP,WE,Towers with Radar,475,103,33,28,639,0,113,127,2,242,475,216,160,30,881,0,0,0,881
08/17/2013,HNL,HI,AWP,WE,Towers with Radar,432,61,17,15,525,0,119,121,3,243,432,180,138,18,768,0,0,0,768
08/18/2013,HNL,HI,AWP,WE,Towers with Radar,399,64,17,8,488,0,99,90,3,192,399,163,107,11,680,0,0,0,680
08/19/2013,HNL,HI,AWP,WE,Towers with Radar,412,111,19,33,575,0,122,104,11,237,412,233,123,44,812,0,0,0,812
08/20/2013,HNL,HI,AWP,WE,Towers with Radar,429,90,38,44,601,0,99,107,6,212,429,189,145,50,813,0,0,0,813
08/21/2013,HNL,HI,AWP,WE,Towers with Radar,441,111,27,36,615,0,115,132,10,257,441,226,159,46,872,6,0,6,878
08/22/2013,HNL,HI,AWP,WE,Towers with Radar,450,119,23,33,625,0,133,114,5,252,450,252,137,38,877,2,0,2,879
08/23/2013,HNL,HI,AWP,WE,Towers with Radar,451,124,28,59,662,0,106,122,6,234,451,230,150,65,896,6,10,16,912
08/24/2013,HNL,HI,AWP,WE,Towers with Radar,407,81,36,20,544,0,94,117,6,217,407,175,153,26,761,14,0,14,775
08/25/2013,HNL,HI,AWP,WE,Towers with Radar,394,58,24,17,493,0,102,97,4,203,394,160,121,21,696,0,0,0,696
08/26/2013,HNL,HI,AWP,WE,Towers with Radar,434,111,15,36,596,0,104,91,9,204,434,215,106,45,800,0,0,0,800
08/27/2013,HNL,HI,AWP,WE,Towers with Radar,429,106,29,55,619,0,101,110,27,238,429,207,139,82,857,0,0,0,857
08/28/2013,HNL,HI,AWP,WE,Towers with Radar,419,130,51,51,651,0,89,97,14,200,419,219,148,65,851,0,0,0,851
08/29/2013,HNL,HI,AWP,WE,Towers with Radar,439,125,26,53,643,0,86,117,11,214,439,211,143,64,857,10,0,10,867
08/30/2013,HNL,HI,AWP,WE,Towers with Radar,449,109,27,20,605,0,97,122,6,225,449,206,149,26,830,0,0,0,830
08/31/2013,HNL,HI,AWP,WE,Towers with Radar,400,83,28,16,527,0,98,119,7,224,400,181,147,23,751,0,0,0,751
09/01/2013,HNL,HI,AWP,WE,Towers with Radar,376,85,22,24,507,0,75,86,1,162,376,160,108,25,669,0,0,0,669
09/02/2013,HNL,HI,AWP,WE,Towers with Radar,0,0,0,0,0,0,0,0,0,0,0,0,0,0,0,0,0,0,0
09/03/2013,HNL,HI,AWP,WE,Towers with Radar,383,96,19,62,560,0,102,133,9,244,383,198,152,71,804,0,0,0,804
09/04/2013,HNL,HI,AWP,WE,Towers with Radar,409,125,15,46,595,0,86,126,6,218,409,211,141,52,813,0,0,0,813
09/05/2013,HNL,HI,AWP,WE,Towers with Radar,425,113,29,73,640,0,109,138,6,253,425,222,167,79,893,0,0,0,893
09/06/2013,HNL,HI,AWP,WE,Towers with Radar,438,94,13,41,586,0,141,96,4,241,438,235,109,45,827,0,0,0,827
09/07/2013,HNL,HI,AWP,WE,Towers with Radar,386,79,17,24,506,0,74,88,2,164,386,153,105,26,670,0,0,0,670
09/08/2013,HNL,HI,AWP,WE,Towers with Radar,380,73,17,24,494,0,77,80,5,162,380,150,97,29,656,0,0,0,656
09/09/2013,HNL,HI,AWP,WE,Towers with Radar,52,35,5,6,98,0,0,2,0,2,52,35,7,6,100,0,0,0,100
09/10/2013,HNL,HI,AWP,WE,Towers with Radar,408,107,23,39,577,0,118,142,9,269,408,225,165,48,846,0,0,0,846
09/11/2013,HNL,HI,AWP,WE,Towers with Radar,379,116,35,78,608,0,136,140,7,283,379,252,175,85,891,0,0,0,891
09/12/2013,HNL,HI,AWP,WE,Towers with Radar,430,88,20,75,613,0,120,107,16,243,430,208,127,91,856,0,0,0,856
09/13/2013,HNL,HI,AWP,WE,Towers with Radar,406,112,30,65,613,0,103,74,13,190,406,215,104,78,803,0,0,0,803
09/14/2013,HNL,HI,AWP,WE,Towers with Radar,385,72,27,29,513,0,120,122,10,252,385,192,149,39,765,0,0,0,765
09/15/2013,HNL,HI,AWP,WE,Towers with Radar,388,83,27,21,519,0,99,148,22,269,388,182,175,43,788,0,0,0,788
09/16/2013,HNL,HI,AWP,WE,Towers with Radar,403,104,31,45,583,0,125,112,10,247,403,229,143,55,830,0,0,0,830
09/17/2013,HNL,HI,AWP,WE,Towers with Radar,412,119,26,61,618,0,120,124,13,257,412,239,150,74,875,10,0,10,885
09/18/2013,HNL,HI,AWP,WE,Towers with Radar,407,115,20,73,615,0,134,91,10,235,407,249,111,83,850,0,0,0,850
09/19/2013,HNL,HI,AWP,WE,Towers with Radar,431,107,40,54,632,0,117,151,9,277,431,224,191,63,909,12,0,12,921
09/20/2013,HNL,HI,AWP,WE,Towers with Radar,434,118,22,46,620,0,114,121,20,255,434,232,143,66,875,2,0,2,877
09/21/2013,HNL,HI,AWP,WE,Towers with Radar,383,93,16,43,535,0,113,123,3,239,383,206,139,46,774,0,0,0,774
09/22/2013,HNL,HI,AWP,WE,Towers with Radar,379,69,19,19,486,0,96,113,0,209,379,165,132,19,695,3,0,3,698
09/23/2013,HNL,HI,AWP,WE,Towers with Radar,417,103,20,68,608,0,107,121,15,243,417,210,141,83,851,0,0,0,851
09/24/2013,HNL,HI,AWP,WE,Towers with Radar,390,124,24,64,602,0,73,76,9,158,390,197,100,73,760,0,0,0,760
09/25/2013,HNL,HI,AWP,WE,Towers with Radar,21,10,0,7,38,0,1,1,0,2,21,11,1,7,40,0,0,0,40
09/26/2013,HNL,HI,AWP,WE,Towers with Radar,415,114,34,50,613,0,146,113,10,269,415,260,147,60,882,0,4,4,886
09/27/2013,HNL,HI,AWP,WE,Towers with Radar,443,106,24,48,621,0,102,92,1,195,443,208,116,49,816,0,0,0,816
09/28/2013,HNL,HI,AWP,WE,Towers with Radar,387,76,28,21,512,0,104,105,3,212,387,180,133,24,724,12,0,12,736
09/29/2013,HNL,HI,AWP,WE,Towers with Radar,381,74,15,19,489,0,110,51,26,187,381,184,66,45,676,0,0,0,676
09/30/2013,HNL,HI,AWP,WE,Towers with Radar,416,103,25,54,598,0,150,99,0,249,416,253,124,54,847,0,0,0,847
10/01/2013,HNL,HI,AWP,WE,Towers with Radar,379,103,15,45,542,0,123,67,1,191,379,226,82,46,733,0,0,0,733
10/02/2013,HNL,HI,AWP,WE,Towers with Radar,402,98,29,38,567,0,146,107,3,256,402,244,136,41,823,0,0,0,823
10/03/2013,HNL,HI,AWP,WE,Towers with Radar,411,93,29,52,585,0,132,99,16,247,411,225,128,68,832,0,0,0,832
10/04/2013,HNL,HI,AWP,WE,Towers with Radar,433,105,36,43,617,0,103,108,13,224,433,208,144,56,841,0,0,0,841
10/05/2013,HNL,HI,AWP,WE,Towers with Radar,2,2,0,1,5,0,0,0,0,0,2,2,0,1,5,0,0,0,5
10/06/2013,HNL,HI,AWP,WE,Towers with Radar,378,85,12,21,496,0,106,61,0,167,378,191,73,21,663,0,0,0,663
10/07/2013,HNL,HI,AWP,WE,Towers with Radar,417,101,25,32,575,0,135,85,11,231,417,236,110,43,806,0,0,0,806
10/08/2013,HNL,HI,AWP,WE,Towers with Radar,395,118,28,45,586,0,107,111,6,224,395,225,139,51,810,2,0,2,812
10/09/2013,HNL,HI,AWP,WE,Towers with Radar,402,101,18,46,567,0,98,110,7,215,402,199,128,53,782,6,2,8,790
10/10/2013,HNL,HI,AWP,WE,Towers with Radar,449,119,19,37,624,0,121,154,6,281,449,240,173,43,905,0,0,0,905
10/11/2013,HNL,HI,AWP,WE,Towers with Radar,440,98,28,34,600,0,129,161,9,299,440,227,189,43,899,0,0,0,899
10/12/2013,HNL,HI,AWP,WE,Towers with Radar,388,88,20,9,505,0,117,186,1,304,388,205,206,10,809,0,0,0,809
10/13/2013,HNL,HI,AWP,WE,Towers with Radar,370,79,16,15,480,0,84,108,0,192,370,163,124,15,672,0,0,0,672
10/14/2013,HNL,HI,AWP,WE,Towers with Radar,394,99,23,8,524,0,107,96,0,203,394,206,119,8,727,0,0,0,727
10/15/2013,HNL,HI,AWP,WE,Towers with Radar,393,109,17,32,551,0,107,117,9,233,393,216,134,41,784,0,0,0,784
10/16/2013,HNL,HI,AWP,WE,Towers with Radar,393,81,27,47,548,0,153,133,14,300,393,234,160,61,848,2,0,2,850
10/17/2013,HNL,HI,AWP,WE,Towers with Radar,405,88,15,91,599,0,113,107,3,223,405,201,122,94,822,0,0,0,822
10/18/2013,HNL,HI,AWP,WE,Towers with Radar,400,115,26,37,578,0,113,118,19,250,400,228,144,56,828,0,2,2,830
10/19/2013,HNL,HI,AWP,WE,Towers with Radar,384,71,16,17,488,0,89,109,1,199,384,160,125,18,687,0,0,0,687
10/20/2013,HNL,HI,AWP,WE,Towers with Radar,390,74,8,29,501,0,77,85,0,162,390,151,93,29,663,0,0,0,663
10/21/2013,HNL,HI,AWP,WE,Towers with Radar,409,115,21,35,580,0,116,103,3,222,409,231,124,38,802,2,0,2,804
10/22/2013,HNL,HI,AWP,WE,Towers with Radar,395,86,27,50,558,0,109,128,6,243,395,195,155,56,801,0,0,0,801
10/23/2013,HNL,HI,AWP,WE,Towers with Radar,345,96,9,62,512,0,108,125,14,247,345,204,134,76,759,0,0,0,759
10/24/2013,HNL,HI,AWP,WE,Towers with Radar,408,110,21,65,604,0,98,116,7,221,408,208,137,72,825,0,0,0,825
10/25/2013,HNL,HI,AWP,WE,Towers with Radar,427,93,21,58,599,0,117,132,6,255,427,210,153,64,854,0,0,0,854
10/26/2013,HNL,HI,AWP,WE,Towers with Radar,385,70,13,9,477,0,78,137,4,219,385,148,150,13,696,0,0,0,696
10/27/2013,HNL,HI,AWP,WE,Towers with Radar,401,83,14,27,525,0,71,110,2,183,401,154,124,29,708,0,0,0,708
10/28/2013,HNL,HI,AWP,WE,Towers with Radar,406,103,20,31,560,0,127,105,5,237,406,230,125,36,797,0,0,0,797
10/29/2013,HNL,HI,AWP,WE,Towers with Radar,393,92,22,45,552,0,158,124,25,307,393,250,146,70,859,0,0,0,859
10/30/2013,HNL,HI,AWP,WE,Towers with Radar,400,106,26,44,576,0,99,120,22,241,400,205,146,66,817,10,0,10,827
10/31/2013,HNL,HI,AWP,WE,Towers with Radar,415,74,16,39,544,0,159,115,22,296,415,233,131,61,840,0,0,0,840
11/01/2013,HNL,HI,AWP,WE,Towers with Radar,430,110,23,29,592,0,116,105,6,227,430,226,128,35,819,0,0,0,819
11/02/2013,HNL,HI,AWP,WE,Towers with Radar,377,80,27,24,508,0,78,108,1,187,377,158,135,25,695,0,2,2,697
11/03/2013,HNL,HI,AWP,WE,Towers with Radar,381,61,18,12,472,0,72,91,3,166,381,133,109,15,638,0,0,0,638
11/04/2013,HNL,HI,AWP,WE,Towers with Radar,390,99,19,14,522,0,90,106,15,211,390,189,125,29,733,0,0,0,733
11/05/2013,HNL,HI,AWP,WE,Towers with Radar,391,108,14,26,539,0,97,116,10,223,391,205,130,36,762,2,2,4,766
11/06/2013,HNL,HI,AWP,WE,Towers with Radar,396,120,15,45,576,0,107,100,22,229,396,227,115,67,805,0,0,0,805
11/07/2013,HNL,HI,AWP,WE,Towers with Radar,428,124,13,37,602,0,112,132,6,250,428,236,145,43,852,0,0,0,852
11/08/2013,HNL,HI,AWP,WE,Towers with Radar,456,115,27,47,645,0,92,83,7,182,456,207,110,54,827,0,0,0,827
11/09/2013,HNL,HI,AWP,WE,Towers with Radar,417,90,27,23,557,0,48,54,0,102,417,138,81,23,659,0,0,0,659
11/10/2013,HNL,HI,AWP,WE,Towers with Radar,392,114,8,17,531,0,44,23,1,68,392,158,31,18,599,0,0,0,599
11/11/2013,HNL,HI,AWP,WE,Towers with Radar,386,95,18,18,517,0,97,98,9,204,386,192,116,27,721,0,0,0,721
11/12/2013,HNL,HI,AWP,WE,Towers with Radar,392,109,23,52,576,0,147,95,9,251,392,256,118,61,827,0,0,0,827
11/13/2013,HNL,HI,AWP,WE,Towers with Radar,420,157,23,55,655,0,100,129,17,246,420,257,152,72,901,0,0,0,901
11/14/2013,HNL,HI,AWP,WE,Towers with Radar,432,152,31,37,652,0,77,102,8,187,432,229,133,45,839,0,0,0,839
11/15/2013,HNL,HI,AWP,WE,Towers with Radar,436,130,27,39,632,0,89,126,21,236,436,219,153,60,868,0,0,0,868
11/16/2013,HNL,HI,AWP,WE,Towers with Radar,386,102,32,25,545,0,81,114,0,195,386,183,146,25,740,0,0,0,740
11/17/2013,HNL,HI,AWP,WE,Towers with Radar,379,69,24,28,500,0,83,93,0,176,379,152,117,28,676,0,0,0,676
11/18/2013,HNL,HI,AWP,WE,Towers with Radar,393,116,28,77,614,0,118,98,27,243,393,234,126,104,857,0,0,0,857
11/19/2013,HNL,HI,AWP,WE,Towers with Radar,393,117,33,62,605,0,113,115,15,243,393,230,148,77,848,0,0,0,848
11/20/2013,HNL,HI,AWP,WE,Towers with Radar,409,135,41,51,636,0,82,117,18,217,409,217,158,69,853,0,2,2,855
11/21/2013,HNL,HI,AWP,WE,Towers with Radar,431,124,32,61,648,0,88,105,10,203,431,212,137,71,851,0,0,0,851
11/22/2013,HNL,HI,AWP,WE,Towers with Radar,449,104,40,54,647,0,74,135,24,233,449,178,175,78,880,0,0,0,880
11/23/2013,HNL,HI,AWP,WE,Towers with Radar,406,86,27,16,535,0,99,133,1,233,406,185,160,17,768,0,0,0,768
11/24/2013,HNL,HI,AWP,WE,Towers with Radar,412,90,36,23,561,0,59,117,10,186,412,149,153,33,747,20,0,20,767
11/25/2013,HNL,HI,AWP,WE,Towers with Radar,388,110,22,32,552,0,119,111,28,258,388,229,133,60,810,0,0,0,810
11/26/2013,HNL,HI,AWP,WE,Towers with Radar,409,104,32,31,576,0,121,149,8,278,409,225,181,39,854,24,0,24,878
11/27/2013,HNL,HI,AWP,WE,Towers with Radar,419,128,23,40,610,0,130,141,2,273,419,258,164,42,883,0,0,0,883
11/28/2013,HNL,HI,AWP,WE,Towers with Radar,353,80,17,5,455,0,99,69,0,168,353,179,86,5,623,0,0,0,623
11/29/2013,HNL,HI,AWP,WE,Towers with Radar,453,120,16,28,617,0,99,119,1,219,453,219,135,29,836,0,0,0,836
11/30/2013,HNL,HI,AWP,WE,Towers with Radar,401,89,14,18,522,0,64,71,2,137,401,153,85,20,659,3,0,3,662
12/01/2013,HNL,HI,AWP,WE,Towers with Radar,472,138,19,30,659,0,2,8,0,10,472,140,27,30,669,0,0,0,669
12/02/2013,HNL,HI,AWP,WE,Towers with Radar,428,120,41,48,637,0,136,95,12,243,428,256,136,60,880,0,0,0,880
12/03/2013,HNL,HI,AWP,WE,Towers with Radar,401,114,19,38,572,0,115,99,9,223,401,229,118,47,795,4,0,4,799
12/04/2013,HNL,HI,AWP,WE,Towers with Radar,382,101,32,37,552,0,148,129,19,296,382,249,161,56,848,0,0,0,848
12/05/2013,HNL,HI,AWP,WE,Towers with Radar,426,116,28,32,602,0,115,123,11,249,426,231,151,43,851,12,4,16,867
12/06/2013,HNL,HI,AWP,WE,Towers with Radar,454,135,27,25,641,0,87,107,5,199,454,222,134,30,840,0,0,0,840
12/07/2013,HNL,HI,AWP,WE,Towers with Radar,390,82,17,32,521,0,94,101,5,200,390,176,118,37,721,0,0,0,721
12/08/2013,HNL,HI,AWP,WE,Towers with Radar,397,68,30,12,507,0,79,74,0,153,397,147,104,12,660,0,0,0,660
12/09/2013,HNL,HI,AWP,WE,Towers with Radar,410,123,18,23,574,0,147,103,8,258,410,270,121,31,832,0,0,0,832
12/10/2013,HNL,HI,AWP,WE,Towers with Radar,398,121,37,30,586,0,103,133,12,248,398,224,170,42,834,16,0,16,850
12/11/2013,HNL,HI,AWP,WE,Towers with Radar,396,142,16,47,601,0,85,106,11,202,396,227,122,58,803,2,0,2,805
12/12/2013,HNL,HI,AWP,WE,Towers with Radar,421,116,29,34,600,0,86,90,7,183,421,202,119,41,783,0,2,2,785
12/13/2013,HNL,HI,AWP,WE,Towers with Radar,459,113,39,33,644,0,129,131,15,275,459,242,170,48,919,5,0,5,924
12/14/2013,HNL,HI,AWP,WE,Towers with Radar,392,90,24,17,523,0,79,130,4,213,392,169,154,21,736,0,0,0,736
12/15/2013,HNL,HI,AWP,WE,Towers with Radar,437,95,14,14,560,0,24,24,0,48,437,119,38,14,608,0,0,0,608
12/16/2013,HNL,HI,AWP,WE,Towers with Radar,414,105,37,37,593,0,131,110,4,245,414,236,147,41,838,0,0,0,838
12/17/2013,HNL,HI,AWP,WE,Towers with Radar,391,123,21,46,581,0,133,105,11,249,391,256,126,57,830,0,0,0,830
12/18/2013,HNL,HI,AWP,WE,Towers with Radar,410,131,25,43,609,0,125,124,24,273,410,256,149,67,882,8,0,8,890
12/19/2013,HNL,HI,AWP,WE,Towers with Radar,453,121,22,52,648,0,99,88,12,199,453,220,110,64,847,6,0,6,853
12/20/2013,HNL,HI,AWP,WE,Towers with Radar,476,122,57,34,689,0,128,90,6,224,476,250,147,40,913,16,0,16,929
12/21/2013,HNL,HI,AWP,WE,Towers with Radar,429,126,41,14,610,0,90,64,12,166,429,216,105,26,776,0,0,0,776
12/22/2013,HNL,HI,AWP,WE,Towers with Radar,416,87,26,13,542,0,86,65,0,151,416,173,91,13,693,0,0,0,693
12/23/2013,HNL,HI,AWP,WE,Towers with Radar,538,152,33,26,749,0,101,84,3,188,538,253,117,29,937,0,0,0,937
12/24/2013,HNL,HI,AWP,WE,Towers with Radar,435,145,27,9,616,0,141,98,1,240,435,286,125,10,856,0,0,0,856
12/25/2013,HNL,HI,AWP,WE,Towers with Radar,385,96,13,3,497,0,83,22,1,106,385,179,35,4,603,0,0,0,603
12/26/2013,HNL,HI,AWP,WE,Towers with Radar,559,152,41,15,767,0,101,73,6,180,559,253,114,21,947,0,0,0,947
12/27/2013,HNL,HI,AWP,WE,Towers with Radar,479,115,43,22,659,0,106,77,1,184,479,221,120,23,843,0,0,0,843
12/28/2013,HNL,HI,AWP,WE,Towers with Radar,509,176,51,20,756,0,132,104,17,253,509,308,155,37,1009,0,0,0,1009
12/29/2013,HNL,HI,AWP,WE,Towers with Radar,411,92,28,8,539,0,115,92,0,207,411,207,120,8,746,0,0,0,746
12/30/2013,HNL,HI,AWP,WE,Towers with Radar,498,175,35,32,740,0,196,160,16,372,498,371,195,48,1112,0,0,0,1112
12/31/2013,HNL,HI,AWP,WE,Towers with Radar,442,126,31,13,612,0,111,68,3,182,442,237,99,16,794,0,0,0,794
01/01/2014,HNL,HI,AWP,WE,Towers with Radar,407,72,19,3,501,0,54,53,0,107,407,126,72,3,608,0,0,0,608
01/02/2014,HNL,HI,AWP,WE,Towers with Radar,479,200,34,22,735,0,64,50,1,115,479,264,84,23,850,0,0,0,850
01/03/2014,HNL,HI,AWP,WE,Towers with Radar,506,171,39,23,739,0,84,51,2,137,506,255,90,25,876,0,0,0,876
01/04/2014,HNL,HI,AWP,WE,Towers with Radar,472,128,42,38,680,0,97,73,7,177,472,225,115,45,857,0,0,0,857
01/05/2014,HNL,HI,AWP,WE,Towers with Radar,419,99,19,16,553,0,117,104,4,225,419,216,123,20,778,0,0,0,778
01/06/2014,HNL,HI,AWP,WE,Towers with Radar,450,117,25,25,617,24,145,114,8,291,474,262,139,33,908,0,0,0,908
01/07/2014,HNL,HI,AWP,WE,Towers with Radar,410,114,28,23,575,0,147,129,9,285,410,261,157,32,860,0,0,0,860
01/08/2014,HNL,HI,AWP,WE,Towers with Radar,455,160,39,44,698,0,120,120,8,248,455,280,159,52,946,0,0,0,946
01/09/2014,HNL,HI,AWP,WE,Towers with Radar,457,156,57,55,725,0,91,125,13,229,457,247,182,68,954,0,0,0,954
01/10/2014,HNL,HI,AWP,WE,Towers with Radar,426,160,18,59,663,0,83,134,15,232,426,243,152,74,895,0,0,0,895
01/11/2014,HNL,HI,AWP,WE,Towers with Radar,399,98,35,26,558,0,81,102,2,185,399,179,137,28,743,0,0,0,743
01/12/2014,HNL,HI,AWP,WE,Towers with Radar,397,78,32,16,523,0,85,145,0,230,397,163,177,16,753,0,0,0,753
01/13/2014,HNL,HI,AWP,WE,Towers with Radar,397,115,26,26,564,0,119,106,6,231,397,234,132,32,795,0,0,0,795
01/14/2014,HNL,HI,AWP,WE,Towers with Radar,405,124,30,37,596,0,117,89,6,212,405,241,119,43,808,0,0,0,808
01/15/2014,HNL,HI,AWP,WE,Towers with Radar,450,127,26,41,644,0,71,113,8,192,450,198,139,49,836,0,0,0,836
01/16/2014,HNL,HI,AWP,WE,Towers with Radar,460,123,28,54,665,0,91,108,23,222,460,214,136,77,887,0,0,0,887
01/17/2014,HNL,HI,AWP,WE,Towers with Radar,492,142,41,57,732,0,114,114,6,234,492,256,155,63,966,0,0,0,966
01/18/2014,HNL,HI,AWP,WE,Towers with Radar,417,105,24,28,574,0,79,141,2,222,417,184,165,30,796,0,0,0,796
01/19/2014,HNL,HI,AWP,WE,Towers with Radar,379,87,15,24,505,0,92,122,3,217,379,179,137,27,722,0,0,0,722
01/20/2014,HNL,HI,AWP,WE,Towers with Radar,458,127,19,15,619,0,122,182,1,305,458,249,201,16,924,0,0,0,924
01/21/2014,HNL,HI,AWP,WE,Towers with Radar,384,113,11,45,553,0,98,98,8,204,384,211,109,53,757,0,0,0,757
01/22/2014,HNL,HI,AWP,WE,Towers with Radar,400,143,14,28,585,0,58,55,10,123,400,201,69,38,708,0,0,0,708
01/23/2014,HNL,HI,AWP,WE,Towers with Radar,445,135,30,31,641,0,142,115,11,268,445,277,145,42,909,0,0,0,909
01/24/2014,HNL,HI,AWP,WE,Towers with Radar,498,171,36,57,762,0,93,129,7,229,498,264,165,64,991,0,0,0,991
01/25/2014,HNL,HI,AWP,WE,Towers with Radar,446,122,24,19,611,0,73,114,7,194,446,195,138,26,805,0,0,0,805
01/26/2014,HNL,HI,AWP,WE,Towers with Radar,428,108,22,23,581,0,22,32,3,57,428,130,54,26,638,0,0,0,638
01/27/2014,HNL,HI,AWP,WE,Towers with Radar,427,149,19,39,634,0,55,73,3,131,427,204,92,42,765,0,0,0,765
01/28/2014,HNL,HI,AWP,WE,Towers with Radar,398,152,28,35,613,0,71,86,10,167,398,223,114,45,780,0,0,0,780
01/29/2014,HNL,HI,AWP,WE,Towers with Radar,393,150,21,43,607,0,75,52,1,128,393,225,73,44,735,0,0,0,735
01/30/2014,HNL,HI,AWP,WE,Towers with Radar,443,116,20,35,614,0,71,161,13,245,443,187,181,48,859,0,0,0,859
01/31/2014,HNL,HI,AWP,WE,Towers with Radar,492,125,31,45,693,0,72,111,8,191,492,197,142,53,884,0,0,0,884
02/01/2014,HNL,HI,AWP,WE,Towers with Radar,436,110,20,33,599,0,14,75,3,92,436,124,95,36,691,0,0,0,691
02/02/2014,HNL,HI,AWP,WE,Towers with Radar,380,95,8,18,501,0,39,84,0,123,380,134,92,18,624,0,0,0,624
02/03/2014,HNL,HI,AWP,WE,Towers with Radar,410,117,22,33,582,0,42,58,1,101,410,159,80,34,683,0,0,0,683
02/04/2014,HNL,HI,AWP,WE,Towers with Radar,376,152,14,23,565,0,16,13,1,30,376,168,27,24,595,6,0,6,601
02/05/2014,HNL,HI,AWP,WE,Towers with Radar,416,148,15,34,613,0,66,68,13,147,416,214,83,47,760,0,0,0,760
02/06/2014,HNL,HI,AWP,WE,Towers with Radar,458,169,27,35,689,0,63,92,15,170,458,232,119,50,859,0,0,0,859
02/07/2014,HNL,HI,AWP,WE,Towers with Radar,491,162,26,21,700,0,71,109,13,193,491,233,135,34,893,0,0,0,893
02/08/2014,HNL,HI,AWP,WE,Towers with Radar,404,128,27,46,605,0,97,140,9,246,404,225,167,55,851,0,0,0,851
02/09/2014,HNL,HI,AWP,WE,Towers with Radar,427,123,28,38,616,0,77,97,5,179,427,200,125,43,795,0,0,0,795
02/10/2014,HNL,HI,AWP,WE,Towers with Radar,416,147,32,31,626,0,106,105,18,229,416,253,137,49,855,0,2,2,857
02/11/2014,HNL,HI,AWP,WE,Towers with Radar,392,139,30,36,597,0,118,144,8,270,392,257,174,44,867,30,0,30,897
02/12/2014,HNL,HI,AWP,WE,Towers with Radar,393,136,44,38,611,0,109,156,9,274,393,245,200,47,885,4,0,4,889
02/13/2014,HNL,HI,AWP,WE,Towers with Radar,480,123,37,54,694,0,85,176,28,289,480,208,213,82,983,0,0,0,983
02/14/2014,HNL,HI,AWP,WE,Towers with Radar,444,123,30,26,623,0,93,87,4,184,444,216,117,30,807,46,0,46,853
02/15/2014,HNL,HI,AWP,WE,Towers with Radar,479,80,38,25,622,0,87,132,1,220,479,167,170,26,842,0,0,0,842
02/16/2014,HNL,HI,AWP,WE,Towers with Radar,442,95,10,28,575,0,45,55,3,103,442,140,65,31,678,0,0,0,678
02/17/2014,HNL,HI,AWP,WE,Towers with Radar,441,127,24,23,615,0,61,67,0,128,441,188,91,23,743,0,0,0,743
02/18/2014,HNL,HI,AWP,WE,Towers with Radar,424,112,27,32,595,0,122,123,19,264,424,234,150,51,859,0,0,0,859
02/19/2014,HNL,HI,AWP,WE,Towers with Radar,415,124,39,40,618,0,129,124,19,272,415,253,163,59,890,0,0,0,890
02/20/2014,HNL,HI,AWP,WE,Towers with Radar,454,112,49,26,641,0,147,179,18,344,454,259,228,44,985,0,0,0,985
02/21/2014,HNL,HI,AWP,WE,Towers with Radar,492,123,46,52,713,0,140,121,8,269,492,263,167,60,982,0,0,0,982
02/22/2014,HNL,HI,AWP,WE,Towers with Radar,465,88,25,28,606,0,66,129,8,203,465,154,154,36,809,0,0,0,809
02/23/2014,HNL,HI,AWP,WE,Towers with Radar,445,76,13,36,570,0,94,135,3,232,445,170,148,39,802,0,0,0,802
02/24/2014,HNL,HI,AWP,WE,Towers with Radar,430,121,32,28,611,0,130,118,18,266,430,251,150,46,877,0,37,37,914
02/25/2014,HNL,HI,AWP,WE,Towers with Radar,408,153,17,36,614,0,94,108,11,213,408,247,125,47,827,0,0,0,827
02/26/2014,HNL,HI,AWP,WE,Towers with Radar,424,133,13,42,612,0,120,86,7,213,424,253,99,49,825,4,0,4,829
02/27/2014,HNL,HI,AWP,WE,Towers with Radar,470,110,28,56,664,0,103,128,23,254,470,213,156,79,918,15,0,15,933
02/28/2014,HNL,HI,AWP,WE,Towers with Radar,521,136,24,63,744,0,84,104,7,195,521,220,128,70,939,19,0,19,958
03/01/2014,HNL,HI,AWP,WE,Towers with Radar,477,117,38,25,657,0,24,62,4,90,477,141,100,29,747,0,0,0,747
03/02/2014,HNL,HI,AWP,WE,Towers with Radar,431,120,18,42,611,0,14,43,0,57,431,134,61,42,668,0,0,0,668
03/03/2014,HNL,HI,AWP,WE,Towers with Radar,461,123,17,61,662,0,81,89,11,181,461,204,106,72,843,0,0,0,843
03/04/2014,HNL,HI,AWP,WE,Towers with Radar,414,128,18,53,613,0,129,126,7,262,414,257,144,60,875,3,0,3,878
03/05/2014,HNL,HI,AWP,WE,Towers with Radar,450,128,27,72,677,0,158,140,21,319,450,286,167,93,996,0,0,0,996
03/06/2014,HNL,HI,AWP,WE,Towers with Radar,485,115,14,88,702,0,133,129,21,283,485,248,143,109,985,0,0,0,985
03/07/2014,HNL,HI,AWP,WE,Towers with Radar,504,130,25,79,738,0,52,67,8,127,504,182,92,87,865,0,0,0,865
03/08/2014,HNL,HI,AWP,WE,Towers with Radar,429,110,31,96,666,0,66,142,9,217,429,176,173,105,883,0,0,0,883
03/09/2014,HNL,HI,AWP,WE,Towers with Radar,425,101,44,27,597,0,88,109,0,197,425,189,153,27,794,0,0,0,794
03/10/2014,HNL,HI,AWP,WE,Towers with Radar,490,134,32,39,695,0,95,106,9,210,490,229,138,48,905,22,2,24,929
03/11/2014,HNL,HI,AWP,WE,Towers with Radar,416,120,13,63,612,0,121,115,17,253,416,241,128,80,865,19,0,19,884
03/12/2014,HNL,HI,AWP,WE,Towers with Radar,429,143,14,76,662,0,172,121,8,301,429,315,135,84,963,4,0,4,967
03/13/2014,HNL,HI,AWP,WE,Towers with Radar,476,124,14,96,710,0,114,125,19,258,476,238,139,115,968,0,0,0,968
03/14/2014,HNL,HI,AWP,WE,Towers with Radar,519,117,18,84,738,0,117,158,22,297,519,234,176,106,1035,0,0,0,1035
03/15/2014,HNL,HI,AWP,WE,Towers with Radar,454,125,24,27,630,0,27,70,1,98,454,152,94,28,728,0,0,0,728
03/16/2014,HNL,HI,AWP,WE,Towers with Radar,434,115,31,22,602,0,64,60,3,127,434,179,91,25,729,0,0,0,729
03/17/2014,HNL,HI,AWP,WE,Towers with Radar,456,135,20,89,700,0,90,110,5,205,456,225,130,94,905,6,0,6,911
03/18/2014,HNL,HI,AWP,WE,Towers with Radar,404,123,35,47,609,0,123,146,16,285,404,246,181,63,894,18,2,20,914
03/19/2014,HNL,HI,AWP,WE,Towers with Radar,425,144,40,47,656,0,127,131,10,268,425,271,171,57,924,7,0,7,931
03/20/2014,HNL,HI,AWP,WE,Towers with Radar,475,140,36,81,732,0,104,149,8,261,475,244,185,89,993,0,0,0,993
03/21/2014,HNL,HI,AWP,WE,Towers with Radar,527,128,61,62,778,0,86,167,13,266,527,214,228,75,1044,10,0,10,1054
03/22/2014,HNL,HI,AWP,WE,Towers with Radar,461,108,40,36,645,0,53,168,12,233,461,161,208,48,878,10,0,10,888
03/23/2014,HNL,HI,AWP,WE,Towers with Radar,433,102,21,35,591,0,100,99,0,199,433,202,120,35,790,0,0,0,790
03/24/2014,HNL,HI,AWP,WE,Towers with Radar,483,124,29,35,671,0,82,109,10,201,483,206,138,45,872,20,0,20,892
03/25/2014,HNL,HI,AWP,WE,Towers with Radar,403,121,45,51,620,0,143,112,8,263,403,264,157,59,883,0,0,0,883
03/26/2014,HNL,HI,AWP,WE,Towers with Radar,445,135,43,49,672,0,162,121,12,295,445,297,164,61,967,12,0,12,979
03/27/2014,HNL,HI,AWP,WE,Towers with Radar,454,126,24,56,660,0,161,146,2,309,454,287,170,58,969,0,0,0,969
03/28/2014,HNL,HI,AWP,WE,Towers with Radar,509,135,23,44,711,0,91,100,2,193,509,226,123,46,904,0,0,0,904
03/29/2014,HNL,HI,AWP,WE,Towers with Radar,497,110,47,27,681,0,43,128,1,172,497,153,175,28,853,0,0,0,853
03/30/2014,HNL,HI,AWP,WE,Towers with Radar,449,85,41,22,597,0,78,134,2,214,449,163,175,24,811,0,0,0,811
03/31/2014,HNL,HI,AWP,WE,Towers with Radar,488,142,29,53,712,6,99,99,11,215,494,241,128,64,927,12,0,12,939
04/01/2014,HNL,HI,AWP,WE,Towers with Radar,420,135,24,43,622,0,120,58,9,187,420,255,82,52,809,10,0,10,819
04/02/2014,HNL,HI,AWP,WE,Towers with Radar,409,148,14,56,627,0,49,57,6,112,409,197,71,62,739,12,0,12,751
04/03/2014,HNL,HI,AWP,WE,Towers with Radar,441,119,19,52,631,0,118,110,8,236,441,237,129,60,867,8,2,10,877
04/04/2014,HNL,HI,AWP,WE,Towers with Radar,497,152,28,45,722,0,118,102,4,224,497,270,130,49,946,0,0,0,946
04/05/2014,HNL,HI,AWP,WE,Towers with Radar,448,73,29,41,591,0,83,153,7,243,448,156,182,48,834,0,0,0,834
04/06/2014,HNL,HI,AWP,WE,Towers with Radar,409,67,35,25,536,0,61,85,4,150,409,128,120,29,686,0,0,0,686
04/07/2014,HNL,HI,AWP,WE,Towers with Radar,406,145,34,33,618,0,68,84,10,162,406,213,118,43,780,0,2,2,782
04/08/2014,HNL,HI,AWP,WE,Towers with Radar,421,124,28,32,605,0,109,77,13,199,421,233,105,45,804,6,0,6,810
04/09/2014,HNL,HI,AWP,WE,Towers with Radar,398,140,24,48,610,0,129,90,19,238,398,269,114,67,848,0,0,0,848
04/10/2014,HNL,HI,AWP,WE,Towers with Radar,429,131,27,36,623,0,122,103,13,238,429,253,130,49,861,0,0,0,861
04/11/2014,HNL,HI,AWP,WE,Towers with Radar,469,113,33,43,658,0,106,151,5,262,469,219,184,48,920,0,0,0,920
04/12/2014,HNL,HI,AWP,WE,Towers with Radar,420,104,34,22,580,0,66,112,3,181,420,170,146,25,761,8,0,8,769
04/13/2014,HNL,HI,AWP,WE,Towers with Radar,383,105,31,25,544,0,61,67,4,132,383,166,98,29,676,0,0,0,676
04/14/2014,HNL,HI,AWP,WE,Towers with Radar,412,131,36,51,630,0,71,95,10,176,412,202,131,61,806,0,0,0,806
04/15/2014,HNL,HI,AWP,WE,Towers with Radar,382,161,30,45,618,0,94,115,6,215,382,255,145,51,833,2,2,4,837
04/16/2014,HNL,HI,AWP,WE,Towers with Radar,407,121,41,41,610,0,160,101,16,277,407,281,142,57,887,6,5,11,898
04/17/2014,HNL,HI,AWP,WE,Towers with Radar,437,150,30,43,660,0,153,156,21,330,437,303,186,64,990,0,1,1,991
04/18/2014,HNL,HI,AWP,WE,Towers with Radar,411,161,18,50,640,0,135,149,0,284,411,296,167,50,924,0,0,0,924
04/19/2014,HNL,HI,AWP,WE,Towers with Radar,419,88,21,26,554,0,90,128,6,224,419,178,149,32,778,0,0,0,778
04/20/2014,HNL,HI,AWP,WE,Towers with Radar,388,107,24,30,549,0,65,86,1,152,388,172,110,31,701,0,0,0,701
04/21/2014,HNL,HI,AWP,WE,Towers with Radar,403,148,28,40,619,0,76,65,4,145,403,224,93,44,764,0,4,4,768
04/22/2014,HNL,HI,AWP,WE,Towers with Radar,403,111,37,41,592,0,120,123,3,246,403,231,160,44,838,2,0,2,840
04/23/2014,HNL,HI,AWP,WE,Towers with Radar,395,146,41,46,628,0,117,109,20,246,395,263,150,66,874,0,0,0,874
04/24/2014,HNL,HI,AWP,WE,Towers with Radar,453,131,54,54,692,0,147,132,14,293,453,278,186,68,985,0,0,0,985
04/25/2014,HNL,HI,AWP,WE,Towers with Radar,451,139,30,58,678,0,83,113,2,198,451,222,143,60,876,4,0,4,880
04/26/2014,HNL,HI,AWP,WE,Towers with Radar,394,76,23,24,517,0,75,90,6,171,394,151,113,30,688,0,0,0,688
04/27/2014,HNL,HI,AWP,WE,Towers with Radar,411,112,16,23,562,0,54,91,2,147,411,166,107,25,709,0,0,0,709
04/28/2014,HNL,HI,AWP,WE,Towers with Radar,411,124,23,63,621,0,119,143,11,273,411,243,166,74,894,13,0,13,907
04/29/2014,HNL,HI,AWP,WE,Towers with Radar,398,136,25,50,609,0,136,122,5,263,398,272,147,55,872,50,0,50,922
04/30/2014,HNL,HI,AWP,WE,Towers with Radar,401,134,46,46,627,0,136,122,10,268,401,270,168,56,895,0,0,0,895
05/01/2014,HNL,HI,AWP,WE,Towers with Radar,422,121,27,56,626,0,138,141,36,315,422,259,168,92,941,0,0,0,941
05/02/2014,HNL,HI,AWP,WE,Towers with Radar,461,123,50,32,666,0,75,130,1,206,461,198,180,33,872,9,0,9,881
05/03/2014,HNL,HI,AWP,WE,Towers with Radar,404,55,22,57,538,0,105,140,28,273,404,160,162,85,811,0,0,0,811
05/04/2014,HNL,HI,AWP,WE,Towers with Radar,391,58,27,25,501,0,112,124,9,245,391,170,151,34,746,0,0,0,746
05/05/2014,HNL,HI,AWP,WE,Towers with Radar,404,127,15,29,575,0,129,127,3,259,404,256,142,32,834,0,0,0,834
05/06/2014,HNL,HI,AWP,WE,Towers with Radar,391,139,25,28,583,0,120,141,10,271,391,259,166,38,854,0,0,0,854
05/07/2014,HNL,HI,AWP,WE,Towers with Radar,403,175,25,52,655,0,86,71,4,161,403,261,96,56,816,0,0,0,816
05/08/2014,HNL,HI,AWP,WE,Towers with Radar,454,136,16,59,665,0,97,131,14,242,454,233,147,73,907,12,0,12,919
05/09/2014,HNL,HI,AWP,WE,Towers with Radar,436,141,20,37,634,0,116,98,15,229,436,257,118,52,863,2,0,2,865
05/10/2014,HNL,HI,AWP,WE,Towers with Radar,379,92,30,28,529,0,116,122,1,239,379,208,152,29,768,0,0,0,768
05/11/2014,HNL,HI,AWP,WE,Towers with Radar,387,76,12,22,497,0,74,77,5,156,387,150,89,27,653,0,0,0,653
05/12/2014,HNL,HI,AWP,WE,Towers with Radar,391,173,30,30,624,0,90,96,4,190,391,263,126,34,814,16,0,16,830
05/13/2014,HNL,HI,AWP,WE,Towers with Radar,403,100,22,35,560,0,108,122,5,235,403,208,144,40,795,8,0,8,803
05/14/2014,HNL,HI,AWP,WE,Towers with Radar,398,133,13,27,571,0,90,105,3,198,398,223,118,30,769,0,0,0,769
05/15/2014,HNL,HI,AWP,WE,Towers with Radar,434,128,11,36,609,0,100,140,14,254,434,228,151,50,863,0,0,0,863
05/16/2014,HNL,HI,AWP,WE,Towers with Radar,448,99,17,37,601,0,103,149,9,261,448,202,166,46,862,0,0,0,862
05/17/2014,HNL,HI,AWP,WE,Towers with Radar,395,62,40,29,526,0,83,91,1,175,395,145,131,30,701,0,0,0,701
05/18/2014,HNL,HI,AWP,WE,Towers with Radar,404,62,14,20,500,0,87,126,2,215,404,149,140,22,715,0,0,0,715
05/19/2014,HNL,HI,AWP,WE,Towers with Radar,419,124,23,39,605,0,93,84,3,180,419,217,107,42,785,0,0,0,785
05/20/2014,HNL,HI,AWP,WE,Towers with Radar,412,118,20,33,583,0,83,90,6,179,412,201,110,39,762,2,0,2,764
05/21/2014,HNL,HI,AWP,WE,Towers with Radar,423,112,38,37,610,0,138,114,11,263,423,250,152,48,873,26,0,26,899
05/22/2014,HNL,HI,AWP,WE,Towers with Radar,447,116,23,40,626,0,106,140,8,254,447,222,163,48,880,0,0,0,880
05/23/2014,HNL,HI,AWP,WE,Towers with Radar,463,119,43,19,644,0,98,143,2,243,463,217,186,21,887,18,0,18,905
05/24/2014,HNL,HI,AWP,WE,Towers with Radar,393,95,35,18,541,0,55,88,3,146,393,150,123,21,687,0,0,0,687
05/25/2014,HNL,HI,AWP,WE,Towers with Radar,388,105,20,25,538,0,52,67,2,121,388,157,87,27,659,0,0,0,659
05/26/2014,HNL,HI,AWP,WE,Towers with Radar,397,80,22,15,514,0,120,129,3,252,397,200,151,18,766,0,0,0,766
05/27/2014,HNL,HI,AWP,WE,Towers with Radar,394,112,37,32,575,0,127,112,12,251,394,239,149,44,826,18,0,18,844
05/28/2014,HNL,HI,AWP,WE,Towers with Radar,405,121,51,54,631,0,164,95,3,262,405,285,146,57,893,12,0,12,905
05/29/2014,HNL,HI,AWP,WE,Towers with Radar,462,113,36,34,645,0,139,146,27,312,462,252,182,61,957,5,0,5,962
05/30/2014,HNL,HI,AWP,WE,Towers with Radar,425,100,37,57,619,0,121,164,18,303,425,221,201,75,922,0,0,0,922
05/31/2014,HNL,HI,AWP,WE,Towers with Radar,419,67,47,30,563,0,58,136,4,198,419,125,183,34,761,0,0,0,761
06/01/2014,HNL,HI,AWP,WE,Towers with Radar,373,69,19,22,483,0,111,136,2,249,373,180,155,24,732,0,0,0,732
06/02/2014,HNL,HI,AWP,WE,Towers with Radar,436,111,20,60,627,0,90,127,24,241,436,201,147,84,868,0,0,0,868
06/03/2014,HNL,HI,AWP,WE,Towers with Radar,387,126,22,34,569,0,124,135,10,269,387,250,157,44,838,0,0,0,838
06/04/2014,HNL,HI,AWP,WE,Towers with Radar,405,110,30,40,585,0,108,125,7,240,405,218,155,47,825,0,0,0,825
06/05/2014,HNL,HI,AWP,WE,Towers with Radar,438,116,23,44,621,0,118,149,13,280,438,234,172,57,901,1,0,1,902
06/06/2014,HNL,HI,AWP,WE,Towers with Radar,463,106,65,49,683,0,122,144,6,272,463,228,209,55,955,0,0,0,955
06/07/2014,HNL,HI,AWP,WE,Towers with Radar,423,93,58,29,603,0,102,146,2,250,423,195,204,31,853,0,0,0,853
06/08/2014,HNL,HI,AWP,WE,Towers with Radar,427,54,20,27,528,0,102,145,3,250,427,156,165,30,778,6,0,6,784
06/09/2014,HNL,HI,AWP,WE,Towers with Radar,441,113,32,48,634,0,112,116,17,245,441,225,148,65,879,0,0,0,879
06/10/2014,HNL,HI,AWP,WE,Towers with Radar,419,141,28,54,642,0,106,124,2,232,419,247,152,56,874,0,0,0,874
06/11/2014,HNL,HI,AWP,WE,Towers with Radar,435,130,26,53,644,0,162,139,4,305,435,292,165,57,949,0,0,0,949
06/12/2014,HNL,HI,AWP,WE,Towers with Radar,448,101,45,71,665,0,109,142,7,258,448,210,187,78,923,3,0,3,926
06/13/2014,HNL,HI,AWP,WE,Towers with Radar,449,117,17,51,634,0,124,144,5,273,449,241,161,56,907,0,0,0,907
06/14/2014,HNL,HI,AWP,WE,Towers with Radar,406,69,26,25,526,0,100,128,3,231,406,169,154,28,757,0,0,0,757
06/15/2014,HNL,HI,AWP,WE,Towers with Radar,381,79,28,30,518,0,97,130,9,236,381,176,158,39,754,0,0,0,754
06/16/2014,HNL,HI,AWP,WE,Towers with Radar,459,95,33,57,644,0,123,137,33,293,459,218,170,90,937,2,0,2,939
06/17/2014,HNL,HI,AWP,WE,Towers with Radar,436,104,21,33,594,0,123,144,6,273,436,227,165,39,867,0,0,0,867
06/18/2014,HNL,HI,AWP,WE,Towers with Radar,423,121,39,45,628,0,103,132,11,246,423,224,171,56,874,6,0,6,880
06/19/2014,HNL,HI,AWP,WE,Towers with Radar,454,102,40,62,658,0,127,159,17,303,454,229,199,79,961,0,0,0,961
06/20/2014,HNL,HI,AWP,WE,Towers with Radar,457,96,61,69,683,0,128,131,7,266,457,224,192,76,949,0,0,0,949
06/21/2014,HNL,HI,AWP,WE,Towers with Radar,443,59,46,24,572,0,146,211,5,362,443,205,257,29,934,0,0,0,934
06/22/2014,HNL,HI,AWP,WE,Towers with Radar,410,73,25,29,537,0,83,135,3,221,410,156,160,32,758,0,0,0,758
06/23/2014,HNL,HI,AWP,WE,Towers with Radar,428,83,40,39,590,0,80,122,10,212,428,163,162,49,802,2,16,18,820
06/24/2014,HNL,HI,AWP,WE,Towers with Radar,448,99,16,50,613,0,127,150,11,288,448,226,166,61,901,14,2,16,917
06/25/2014,HNL,HI,AWP,WE,Towers with Radar,440,106,34,56,636,0,120,114,20,254,440,226,148,76,890,10,6,16,906
06/26/2014,HNL,HI,AWP,WE,Towers with Radar,487,95,17,94,693,0,131,150,41,322,487,226,167,135,1015,0,2,2,1017
06/27/2014,HNL,HI,AWP,WE,Towers with Radar,472,94,37,76,679,0,64,128,6,198,472,158,165,82,877,0,0,0,877
06/28/2014,HNL,HI,AWP,WE,Towers with Radar,444,82,23,41,590,0,90,189,12,291,444,172,212,53,881,0,0,0,881
06/29/2014,HNL,HI,AWP,WE,Towers with Radar,399,59,8,28,494,0,63,118,11,192,399,122,126,39,686,0,0,0,686
06/30/2014,HNL,HI,AWP,WE,Towers with Radar,445,103,16,133,697,0,105,119,24,248,445,208,135,157,945,0,1,1,946
07/01/2014,HNL,HI,AWP,WE,Towers with Radar,453,95,20,65,633,0,115,132,12,259,453,210,152,77,892,0,0,0,892
07/02/2014,HNL,HI,AWP,WE,Towers with Radar,443,122,17,116,698,0,109,113,23,245,443,231,130,139,943,0,0,0,943
07/03/2014,HNL,HI,AWP,WE,Towers with Radar,458,118,33,61,670,0,122,149,23,294,458,240,182,84,964,0,0,0,964
07/04/2014,HNL,HI,AWP,WE,Towers with Radar,437,78,24,11,550,0,89,72,2,163,437,167,96,13,713,0,0,0,713
07/05/2014,HNL,HI,AWP,WE,Towers with Radar,433,85,14,19,551,0,62,105,3,170,433,147,119,22,721,0,0,0,721
07/06/2014,HNL,HI,AWP,WE,Towers with Radar,421,62,13,31,527,0,105,97,1,203,421,167,110,32,730,0,0,0,730
07/07/2014,HNL,HI,AWP,WE,Towers with Radar,426,137,33,43,639,0,131,108,18,257,426,268,141,61,896,0,0,0,896
07/08/2014,HNL,HI,AWP,WE,Towers with Radar,426,109,17,61,613,0,144,145,24,313,426,253,162,85,926,0,4,4,930
07/09/2014,HNL,HI,AWP,WE,Towers with Radar,437,113,40,63,653,0,125,128,51,304,437,238,168,114,957,4,0,4,961
07/10/2014,HNL,HI,AWP,WE,Towers with Radar,461,130,15,79,685,0,141,87,28,256,461,271,102,107,941,3,3,6,947
07/11/2014,HNL,HI,AWP,WE,Towers with Radar,495,104,32,173,804,0,98,149,35,282,495,202,181,208,1086,0,4,4,1090
07/12/2014,HNL,HI,AWP,WE,Towers with Radar,447,85,46,165,743,0,108,117,29,254,447,193,163,194,997,0,0,0,997
07/13/2014,HNL,HI,AWP,WE,Towers with Radar,413,84,20,48,565,0,95,95,20,210,413,179,115,68,775,0,0,0,775
07/14/2014,HNL,HI,AWP,WE,Towers with Radar,422,175,14,109,720,0,98,86,17,201,422,273,100,126,921,0,0,0,921
07/15/2014,HNL,HI,AWP,WE,Towers with Radar,421,146,30,108,705,0,129,94,23,246,421,275,124,131,951,2,0,2,953
07/16/2014,HNL,HI,AWP,WE,Towers with Radar,410,133,30,112,685,0,132,120,17,269,410,265,150,129,954,0,0,0,954
07/17/2014,HNL,HI,AWP,WE,Towers with Radar,457,161,52,174,844,0,82,105,44,231,457,243,157,218,1075,0,0,0,1075
07/18/2014,HNL,HI,AWP,WE,Towers with Radar,484,126,46,156,812,0,105,150,16,271,484,231,196,172,1083,0,0,0,1083
07/19/2014,HNL,HI,AWP,WE,Towers with Radar,440,82,49,70,641,0,117,181,26,324,440,199,230,96,965,0,0,0,965
07/20/2014,HNL,HI,AWP,WE,Towers with Radar,423,97,22,92,634,0,76,50,9,135,423,173,72,101,769,0,0,0,769
07/21/2014,HNL,HI,AWP,WE,Towers with Radar,434,157,16,160,767,0,89,92,39,220,434,246,108,199,987,3,0,3,990
07/22/2014,HNL,HI,AWP,WE,Towers with Radar,439,114,21,111,685,0,105,94,30,229,439,219,115,141,914,0,0,0,914
07/23/2014,HNL,HI,AWP,WE,Towers with Radar,457,121,22,98,698,0,149,104,19,272,457,270,126,117,970,0,0,0,970
07/24/2014,HNL,HI,AWP,WE,Towers with Radar,442,134,42,118,736,0,152,131,24,307,442,286,173,142,1043,0,0,0,1043
07/25/2014,HNL,HI,AWP,WE,Towers with Radar,464,113,37,60,674,0,188,122,14,324,464,301,159,74,998,0,0,0,998
07/26/2014,HNL,HI,AWP,WE,Towers with Radar,454,83,35,127,699,0,116,144,14,274,454,199,179,141,973,0,0,0,973
07/27/2014,HNL,HI,AWP,WE,Towers with Radar,415,111,13,105,644,0,103,86,7,196,415,214,99,112,840,2,0,2,842
07/28/2014,HNL,HI,AWP,WE,Towers with Radar,427,139,13,86,665,0,152,108,15,275,427,291,121,101,940,0,0,0,940
07/29/2014,HNL,HI,AWP,WE,Towers with Radar,439,97,25,70,631,0,146,131,14,291,439,243,156,84,922,0,0,0,922
07/30/2014,HNL,HI,AWP,WE,Towers with Radar,458,101,16,45,620,0,172,105,12,289,458,273,121,57,909,0,0,0,909
07/31/2014,HNL,HI,AWP,WE,Towers with Radar,466,104,21,65,656,0,168,114,8,290,466,272,135,73,946,0,0,0,946
08/01/2014,HNL,HI,AWP,WE,Towers with Radar,463,117,42,44,666,0,154,164,2,320,463,271,206,46,986,0,0,0,986
08/02/2014,HNL,HI,AWP,WE,Towers with Radar,444,74,45,44,607,0,152,108,5,265,444,226,153,49,872,0,0,0,872
08/03/2014,HNL,HI,AWP,WE,Towers with Radar,429,59,56,60,604,0,102,121,28,251,429,161,177,88,855,0,0,0,855
08/04/2014,HNL,HI,AWP,WE,Towers with Radar,457,112,20,90,679,0,126,126,27,279,457,238,146,117,958,0,0,0,958
08/05/2014,HNL,HI,AWP,WE,Towers with Radar,435,117,15,57,624,0,146,134,14,294,435,263,149,71,918,0,0,0,918
08/06/2014,HNL,HI,AWP,WE,Towers with Radar,440,117,17,30,604,0,157,98,18,273,440,274,115,48,877,0,0,0,877
08/07/2014,HNL,HI,AWP,WE,Towers with Radar,395,109,28,55,587,0,50,76,3,129,395,159,104,58,716,0,0,0,716
08/08/2014,HNL,HI,AWP,WE,Towers with Radar,364,39,8,11,422,0,1,0,0,1,364,40,8,11,423,0,0,0,423
08/09/2014,HNL,HI,AWP,WE,Towers with Radar,472,84,20,16,592,0,44,70,2,116,472,128,90,18,708,0,0,0,708
08/10/2014,HNL,HI,AWP,WE,Towers with Radar,444,60,11,20,535,0,92,121,3,216,444,152,132,23,751,0,0,0,751
08/11/2014,HNL,HI,AWP,WE,Towers with Radar,453,129,27,37,646,0,141,108,11,260,453,270,135,48,906,0,0,0,906
08/12/2014,HNL,HI,AWP,WE,Towers with Radar,459,105,34,43,641,0,138,138,4,280,459,243,172,47,921,8,0,8,929
08/13/2014,HNL,HI,AWP,WE,Towers with Radar,432,137,19,38,626,0,115,149,11,275,432,252,168,49,901,6,0,6,907
08/14/2014,HNL,HI,AWP,WE,Towers with Radar,447,147,32,55,681,0,101,154,9,264,447,248,186,64,945,2,0,2,947
08/15/2014,HNL,HI,AWP,WE,Towers with Radar,483,116,30,49,678,0,109,160,1,270,483,225,190,50,948,13,0,13,961
08/16/2014,HNL,HI,AWP,WE,Towers with Radar,449,82,39,22,592,0,92,163,0,255,449,174,202,22,847,2,0,2,849
08/17/2014,HNL,HI,AWP,WE,Towers with Radar,396,88,27,20,531,0,93,135,6,234,396,181,162,26,765,0,0,0,765
08/18/2014,HNL,HI,AWP,WE,Towers with Radar,429,113,29,57,628,0,130,112,6,248,429,243,141,63,876,0,0,0,876
08/19/2014,HNL,HI,AWP,WE,Towers with Radar,439,97,26,35,597,0,136,150,12,298,439,233,176,47,895,22,0,22,917
08/20/2014,HNL,HI,AWP,WE,Towers with Radar,435,128,28,43,634,0,147,98,5,250,435,275,126,48,884,0,0,0,884
08/21/2014,HNL,HI,AWP,WE,Towers with Radar,460,138,29,54,681,0,119,138,17,274,460,257,167,71,955,0,0,0,955
08/22/2014,HNL,HI,AWP,WE,Towers with Radar,469,155,30,43,697,0,92,137,11,240,469,247,167,54,937,0,0,0,937
08/23/2014,HNL,HI,AWP,WE,Towers with Radar,427,86,34,40,587,0,111,160,6,277,427,197,194,46,864,0,0,0,864
08/24/2014,HNL,HI,AWP,WE,Towers with Radar,410,97,13,18,538,0,95,125,0,220,410,192,138,18,758,6,0,6,764
08/25/2014,HNL,HI,AWP,WE,Towers with Radar,425,132,20,56,633,0,102,97,5,204,425,234,117,61,837,0,0,0,837
08/26/2014,HNL,HI,AWP,WE,Towers with Radar,432,99,27,41,599,0,99,102,6,207,432,198,129,47,806,0,0,0,806
08/27/2014,HNL,HI,AWP,WE,Towers with Radar,461,99,30,41,631,0,126,129,4,259,461,225,159,45,890,4,0,4,894
08/28/2014,HNL,HI,AWP,WE,Towers with Radar,461,114,22,53,650,0,108,172,7,287,461,222,194,60,937,0,4,4,941
08/29/2014,HNL,HI,AWP,WE,Towers with Radar,476,120,34,30,660,0,101,141,5,247,476,221,175,35,907,0,0,0,907
08/30/2014,HNL,HI,AWP,WE,Towers with Radar,407,82,21,30,540,0,87,152,5,244,407,169,173,35,784,0,0,0,784
08/31/2014,HNL,HI,AWP,WE,Towers with Radar,389,70,23,26,508,0,94,104,5,203,389,164,127,31,711,4,0,4,715
09/01/2014,HNL,HI,AWP,WE,Towers with Radar,412,79,10,22,523,0,139,119,8,266,412,218,129,30,789,0,0,0,789
09/02/2014,HNL,HI,AWP,WE,Towers with Radar,418,115,18,44,595,0,114,102,3,219,418,229,120,47,814,0,0,0,814
09/03/2014,HNL,HI,AWP,WE,Towers with Radar,410,104,32,53,599,0,128,125,13,266,410,232,157,66,865,0,0,0,865
09/04/2014,HNL,HI,AWP,WE,Towers with Radar,438,118,34,80,670,0,104,131,14,249,438,222,165,94,919,12,0,12,931
09/05/2014,HNL,HI,AWP,WE,Towers with Radar,456,104,21,30,611,0,81,148,6,235,456,185,169,36,846,0,0,0,846
09/06/2014,HNL,HI,AWP,WE,Towers with Radar,413,87,27,105,632,0,51,162,8,221,413,138,189,113,853,0,0,0,853
09/07/2014,HNL,HI,AWP,WE,Towers with Radar,392,73,33,36,534,0,88,122,0,210,392,161,155,36,744,0,0,0,744
09/08/2014,HNL,HI,AWP,WE,Towers with Radar,431,120,31,32,614,0,138,150,19,307,431,258,181,51,921,0,0,0,921
09/09/2014,HNL,HI,AWP,WE,Towers with Radar,405,94,16,69,584,0,145,134,13,292,405,239,150,82,876,0,2,2,878
09/10/2014,HNL,HI,AWP,WE,Towers with Radar,424,119,38,58,639,0,147,113,1,261,424,266,151,59,900,0,0,0,900
09/11/2014,HNL,HI,AWP,WE,Towers with Radar,436,102,39,61,638,0,157,153,15,325,436,259,192,76,963,0,0,0,963
09/12/2014,HNL,HI,AWP,WE,Towers with Radar,445,113,21,66,645,0,125,148,3,276,445,238,169,69,921,0,0,0,921
09/13/2014,HNL,HI,AWP,WE,Towers with Radar,415,81,10,33,539,0,110,148,1,259,415,191,158,34,798,0,0,0,798
09/14/2014,HNL,HI,AWP,WE,Towers with Radar,383,72,6,28,489,0,114,115,5,234,383,186,121,33,723,0,0,0,723
09/15/2014,HNL,HI,AWP,WE,Towers with Radar,428,107,20,50,605,0,121,122,20,263,428,228,142,70,868,0,0,0,868
09/16/2014,HNL,HI,AWP,WE,Towers with Radar,419,95,13,46,573,0,119,133,11,263,419,214,146,57,836,14,0,14,850
09/17/2014,HNL,HI,AWP,WE,Towers with Radar,424,120,29,57,630,0,127,145,12,284,424,247,174,69,914,6,0,6,920
09/18/2014,HNL,HI,AWP,WE,Towers with Radar,462,112,25,62,661,0,101,122,10,233,462,213,147,72,894,0,0,0,894
09/19/2014,HNL,HI,AWP,WE,Towers with Radar,449,95,26,43,613,0,102,150,12,264,449,197,176,55,877,0,0,0,877
09/20/2014,HNL,HI,AWP,WE,Towers with Radar,417,93,23,29,562,0,99,175,0,274,417,192,198,29,836,0,0,0,836
09/21/2014,HNL,HI,AWP,WE,Towers with Radar,377,62,30,18,487,0,116,168,2,286,377,178,198,20,773,0,0,0,773
09/22/2014,HNL,HI,AWP,WE,Towers with Radar,422,109,31,46,608,0,145,159,3,307,422,254,190,49,915,0,0,0,915
09/23/2014,HNL,HI,AWP,WE,Towers with Radar,410,107,29,55,601,0,129,156,26,311,410,236,185,81,912,0,0,0,912
09/24/2014,HNL,HI,AWP,WE,Towers with Radar,407,104,18,81,610,0,171,148,9,328,407,275,166,90,938,0,0,0,938
09/25/2014,HNL,HI,AWP,WE,Towers with Radar,448,142,27,47,664,0,91,129,23,243,448,233,156,70,907,0,0,0,907
09/26/2014,HNL,HI,AWP,WE,Towers with Radar,447,103,31,53,634,4,70,105,11,190,451,173,136,64,824,0,0,0,824
09/27/2014,HNL,HI,AWP,WE,Towers with Radar,418,93,18,28,557,0,62,93,8,163,418,155,111,36,720,0,0,0,720
09/28/2014,HNL,HI,AWP,WE,Towers with Radar,392,91,23,40,546,0,57,89,11,157,392,148,112,51,703,0,0,0,703
09/29/2014,HNL,HI,AWP,WE,Towers with Radar,394,118,28,25,565,0,182,102,10,294,394,300,130,35,859,0,0,0,859
09/30/2014,HNL,HI,AWP,WE,Towers with Radar,425,112,19,41,597,0,128,140,4,272,425,240,159,45,869,2,2,4,873
10/01/2014,HNL,HI,AWP,WE,Towers with Radar,398,128,23,49,598,0,123,119,5,247,398,251,142,54,845,0,0,0,845
10/02/2014,HNL,HI,AWP,WE,Towers with Radar,464,109,21,80,674,0,130,130,20,280,464,239,151,100,954,0,0,0,954
10/03/2014,HNL,HI,AWP,WE,Towers with Radar,431,114,24,52,621,0,110,168,6,284,431,224,192,58,905,0,2,2,907
10/04/2014,HNL,HI,AWP,WE,Towers with Radar,422,88,23,59,592,0,81,134,9,224,422,169,157,68,816,0,0,0,816
10/05/2014,HNL,HI,AWP,WE,Towers with Radar,387,58,16,29,490,0,131,105,8,244,387,189,121,37,734,4,0,4,738
10/06/2014,HNL,HI,AWP,WE,Towers with Radar,431,111,24,64,630,0,140,137,2,279,431,251,161,66,909,0,0,0,909
10/07/2014,HNL,HI,AWP,WE,Towers with Radar,405,106,25,56,592,0,191,140,6,337,405,297,165,62,929,0,0,0,929
10/08/2014,HNL,HI,AWP,WE,Towers with Radar,418,122,16,65,621,0,128,116,4,248,418,250,132,69,869,0,0,0,869
10/09/2014,HNL,HI,AWP,WE,Towers with Radar,440,123,25,71,659,0,134,150,12,296,440,257,175,83,955,0,0,0,955
10/10/2014,HNL,HI,AWP,WE,Towers with Radar,445,136,27,106,714,0,125,132,2,259,445,261,159,108,973,0,0,0,973
10/11/2014,HNL,HI,AWP,WE,Towers with Radar,415,90,20,19,544,0,99,167,16,282,415,189,187,35,826,0,0,0,826
10/12/2014,HNL,HI,AWP,WE,Towers with Radar,384,57,20,28,489,0,103,144,15,262,384,160,164,43,751,0,0,0,751
10/13/2014,HNL,HI,AWP,WE,Towers with Radar,398,120,24,22,564,0,141,109,0,250,398,261,133,22,814,0,0,0,814
10/14/2014,HNL,HI,AWP,WE,Towers with Radar,398,126,24,83,631,0,94,96,11,201,398,220,120,94,832,35,0,35,867
10/15/2014,HNL,HI,AWP,WE,Towers with Radar,417,127,26,74,644,0,130,150,10,290,417,257,176,84,934,1,0,1,935
10/16/2014,HNL,HI,AWP,WE,Towers with Radar,451,113,26,80,670,0,107,148,16,271,451,220,174,96,941,0,0,0,941
10/17/2014,HNL,HI,AWP,WE,Towers with Radar,467,111,30,85,693,0,93,98,3,194,467,204,128,88,887,0,0,0,887
10/18/2014,HNL,HI,AWP,WE,Towers with Radar,419,83,12,22,536,0,6,27,0,33,419,89,39,22,569,0,0,0,569
10/19/2014,HNL,HI,AWP,WE,Towers with Radar,356,92,12,8,468,0,2,1,0,3,356,94,13,8,471,0,0,0,471
10/20/2014,HNL,HI,AWP,WE,Towers with Radar,390,113,15,48,566,0,106,88,11,205,390,219,103,59,771,0,0,0,771
10/21/2014,HNL,HI,AWP,WE,Towers with Radar,399,99,16,46,560,0,134,137,20,291,399,233,153,66,851,0,2,2,853
10/22/2014,HNL,HI,AWP,WE,Towers with Radar,422,133,13,61,629,0,102,68,12,182,422,235,81,73,811,0,0,0,811
10/23/2014,HNL,HI,AWP,WE,Towers with Radar,446,117,28,83,674,0,117,163,24,304,446,234,191,107,978,0,0,0,978
10/24/2014,HNL,HI,AWP,WE,Towers with Radar,455,144,31,83,713,0,120,154,2,276,455,264,185,85,989,2,0,2,991
10/25/2014,HNL,HI,AWP,WE,Towers with Radar,410,77,38,20,545,0,121,188,1,310,410,198,226,21,855,0,0,0,855
10/26/2014,HNL,HI,AWP,WE,Towers with Radar,384,70,21,46,521,0,113,126,2,241,384,183,147,48,762,0,0,0,762
10/27/2014,HNL,HI,AWP,WE,Towers with Radar,409,121,20,37,587,0,124,98,12,234,409,245,118,49,821,50,0,50,871
10/28/2014,HNL,HI,AWP,WE,Towers with Radar,395,113,31,44,583,0,98,124,27,249,395,211,155,71,832,8,0,8,840
10/29/2014,HNL,HI,AWP,WE,Towers with Radar,424,118,26,88,656,0,126,107,27,260,424,244,133,115,916,0,0,0,916
10/30/2014,HNL,HI,AWP,WE,Towers with Radar,437,112,26,105,680,0,94,111,14,219,437,206,137,119,899,0,0,0,899
10/31/2014,HNL,HI,AWP,WE,Towers with Radar,448,112,24,61,645,0,74,128,0,202,448,186,152,61,847,0,0,0,847
11/01/2014,HNL,HI,AWP,WE,Towers with Radar,369,76,11,24,480,0,113,138,1,252,369,189,149,25,732,0,0,0,732
11/02/2014,HNL,HI,AWP,WE,Towers with Radar,388,76,21,39,524,0,96,117,3,216,388,172,138,42,740,0,0,0,740
11/03/2014,HNL,HI,AWP,WE,Towers with Radar,408,106,25,65,604,0,112,75,7,194,408,218,100,72,798,0,0,0,798
11/04/2014,HNL,HI,AWP,WE,Towers with Radar,427,99,17,66,609,0,94,127,12,233,427,193,144,78,842,0,0,0,842
11/05/2014,HNL,HI,AWP,WE,Towers with Radar,411,123,22,74,630,0,127,102,13,242,411,250,124,87,872,0,0,0,872
11/06/2014,HNL,HI,AWP,WE,Towers with Radar,414,135,30,108,687,0,110,155,24,289,414,245,185,132,976,0,0,0,976
11/07/2014,HNL,HI,AWP,WE,Towers with Radar,454,121,24,74,673,0,85,146,16,247,454,206,170,90,920,0,0,0,920
11/08/2014,HNL,HI,AWP,WE,Towers with Radar,399,113,31,92,635,0,76,150,3,229,399,189,181,95,864,0,0,0,864
11/09/2014,HNL,HI,AWP,WE,Towers with Radar,389,102,19,29,539,0,112,115,1,228,389,214,134,30,767,0,0,0,767
11/10/2014,HNL,HI,AWP,WE,Towers with Radar,392,110,23,20,545,0,126,145,3,274,392,236,168,23,819,0,0,0,819
11/11/2014,HNL,HI,AWP,WE,Towers with Radar,402,106,20,29,557,0,107,159,0,266,402,213,179,29,823,0,0,0,823
11/12/2014,HNL,HI,AWP,WE,Towers with Radar,415,112,16,58,601,0,113,126,13,252,415,225,142,71,853,0,0,0,853
11/13/2014,HNL,HI,AWP,WE,Towers with Radar,440,125,23,83,671,0,108,142,19,269,440,233,165,102,940,0,0,0,940
11/14/2014,HNL,HI,AWP,WE,Towers with Radar,456,114,14,85,669,0,121,122,14,257,456,235,136,99,926,0,0,0,926
11/15/2014,HNL,HI,AWP,WE,Towers with Radar,395,85,29,47,556,0,45,132,17,194,395,130,161,64,750,0,0,0,750
11/16/2014,HNL,HI,AWP,WE,Towers with Radar,396,83,15,57,551,0,89,107,13,209,396,172,122,70,760,0,0,0,760
11/17/2014,HNL,HI,AWP,WE,Towers with Radar,431,106,31,87,655,0,139,120,8,267,431,245,151,95,922,0,0,0,922
11/18/2014,HNL,HI,AWP,WE,Towers with Radar,415,121,29,72,637,0,137,147,3,287,415,258,176,75,924,4,0,4,928
11/19/2014,HNL,HI,AWP,WE,Towers with Radar,423,124,27,57,631,0,108,110,8,226,423,232,137,65,857,0,2,2,859
11/20/2014,HNL,HI,AWP,WE,Towers with Radar,439,111,19,66,635,0,80,162,31,273,439,191,181,97,908,8,2,10,918
11/21/2014,HNL,HI,AWP,WE,Towers with Radar,458,125,23,62,668,0,69,149,4,222,458,194,172,66,890,0,0,0,890
11/22/2014,HNL,HI,AWP,WE,Towers with Radar,426,79,21,32,558,0,73,168,3,244,426,152,189,35,802,2,0,2,804
11/23/2014,HNL,HI,AWP,WE,Towers with Radar,378,95,15,31,519,0,79,156,4,239,378,174,171,35,758,10,0,10,768
11/24/2014,HNL,HI,AWP,WE,Towers with Radar,409,166,16,57,648,0,101,76,11,188,409,267,92,68,836,0,0,0,836
11/25/2014,HNL,HI,AWP,WE,Towers with Radar,420,129,24,41,614,0,127,119,25,271,420,256,143,66,885,0,0,0,885
11/26/2014,HNL,HI,AWP,WE,Towers with Radar,442,140,28,46,656,0,113,99,6,218,442,253,127,52,874,0,0,0,874
11/27/2014,HNL,HI,AWP,WE,Towers with Radar,372,68,7,8,455,0,63,70,1,134,372,131,77,9,589,0,0,0,589
11/28/2014,HNL,HI,AWP,WE,Towers with Radar,418,121,17,25,581,0,72,115,21,208,418,193,132,46,789,0,0,0,789
11/29/2014,HNL,HI,AWP,WE,Towers with Radar,400,96,30,26,552,0,87,115,1,203,400,183,145,27,755,0,0,0,755
11/30/2014,HNL,HI,AWP,WE,Towers with Radar,411,94,22,14,541,0,112,94,1,207,411,206,116,15,748,0,0,0,748
12/01/2014,HNL,HI,AWP,WE,Towers with Radar,443,131,26,105,705,0,114,101,25,240,443,245,127,130,945,0,0,0,945
12/02/2014,HNL,HI,AWP,WE,Towers with Radar,408,130,29,47,614,0,122,106,15,243,408,252,135,62,857,14,0,14,871
12/03/2014,HNL,HI,AWP,WE,Towers with Radar,412,172,34,42,660,0,23,19,19,61,412,195,53,61,721,0,0,0,721
12/04/2014,HNL,HI,AWP,WE,Towers with Radar,438,132,29,64,663,0,102,149,26,277,438,234,178,90,940,0,0,0,940
12/05/2014,HNL,HI,AWP,WE,Towers with Radar,457,114,33,50,654,0,106,125,11,242,457,220,158,61,896,6,0,6,902
12/06/2014,HNL,HI,AWP,WE,Towers with Radar,421,83,23,106,633,0,65,166,3,234,421,148,189,109,867,2,0,2,869
12/07/2014,HNL,HI,AWP,WE,Towers with Radar,400,68,18,32,518,0,84,159,6,249,400,152,177,38,767,0,0,0,767
12/08/2014,HNL,HI,AWP,WE,Towers with Radar,408,120,23,41,592,0,119,113,21,253,408,239,136,62,845,0,0,0,845
12/09/2014,HNL,HI,AWP,WE,Towers with Radar,436,85,18,52,591,0,127,106,10,243,436,212,124,62,834,0,0,0,834
12/10/2014,HNL,HI,AWP,WE,Towers with Radar,428,131,14,41,614,0,125,94,10,229,428,256,108,51,843,0,0,0,843
12/11/2014,HNL,HI,AWP,WE,Towers with Radar,438,133,27,64,662,0,68,151,21,240,438,201,178,85,902,0,0,0,902
12/12/2014,HNL,HI,AWP,WE,Towers with Radar,462,122,29,86,699,0,103,98,16,217,462,225,127,102,916,0,0,0,916
12/13/2014,HNL,HI,AWP,WE,Towers with Radar,417,94,63,38,612,0,49,123,5,177,417,143,186,43,789,0,0,0,789
12/14/2014,HNL,HI,AWP,WE,Towers with Radar,402,98,18,18,536,0,24,29,1,54,402,122,47,19,590,0,0,0,590
12/15/2014,HNL,HI,AWP,WE,Towers with Radar,433,139,23,60,655,0,87,76,5,168,433,226,99,65,823,0,0,0,823
12/16/2014,HNL,HI,AWP,WE,Towers with Radar,433,114,40,48,635,0,113,113,15,241,433,227,153,63,876,6,0,6,882
12/17/2014,HNL,HI,AWP,WE,Towers with Radar,421,150,28,49,648,0,118,123,6,247,421,268,151,55,895,0,0,0,895
12/18/2014,HNL,HI,AWP,WE,Towers with Radar,464,143,23,75,705,0,58,134,20,212,464,201,157,95,917,0,4,4,921
12/19/2014,HNL,HI,AWP,WE,Towers with Radar,500,126,31,36,693,0,83,146,0,229,500,209,177,36,922,0,0,0,922
12/20/2014,HNL,HI,AWP,WE,Towers with Radar,470,116,41,23,650,0,76,65,0,141,470,192,106,23,791,0,0,0,791
12/21/2014,HNL,HI,AWP,WE,Towers with Radar,431,107,24,26,588,0,125,69,0,194,431,232,93,26,782,0,0,0,782
12/22/2014,HNL,HI,AWP,WE,Towers with Radar,486,159,8,37,690,0,23,29,0,52,486,182,37,37,742,0,0,0,742
12/23/2014,HNL,HI,AWP,WE,Towers with Radar,445,165,16,27,653,0,103,50,0,153,445,268,66,27,806,0,0,0,806
12/24/2014,HNL,HI,AWP,WE,Towers with Radar,462,152,16,8,638,0,189,50,0,239,462,341,66,8,877,0,0,0,877
12/25/2014,HNL,HI,AWP,WE,Towers with Radar,431,79,28,4,542,0,53,73,0,126,431,132,101,4,668,0,0,0,668
12/26/2014,HNL,HI,AWP,WE,Towers with Radar,474,128,43,4,649,0,167,158,3,328,474,295,201,7,977,0,0,0,977
12/27/2014,HNL,HI,AWP,WE,Towers with Radar,467,114,51,15,647,0,166,120,0,286,467,280,171,15,933,0,0,0,933
12/28/2014,HNL,HI,AWP,WE,Towers with Radar,439,116,28,10,593,0,284,198,7,489,439,400,226,17,1082,0,0,0,1082
12/29/2014,HNL,HI,AWP,WE,Towers with Radar,470,140,41,36,687,0,153,108,0,261,470,293,149,36,948,0,0,0,948
12/30/2014,HNL,HI,AWP,WE,Towers with Radar,466,131,34,23,654,0,173,34,1,208,466,304,68,24,862,0,0,0,862
12/31/2014,HNL,HI,AWP,WE,Towers with Radar,461,150,22,30,663,0,173,110,2,285,461,323,132,32,948,0,0,0,948
01/01/2015,HNL,HI,AWP,WE,Towers with Radar,447,96,20,12,575,0,109,74,0,183,447,205,94,12,758,0,0,0,758
01/02/2015,HNL,HI,AWP,WE,Towers with Radar,467,163,33,15,678,0,80,53,2,135,467,243,86,17,813,0,0,0,813
01/03/2015,HNL,HI,AWP,WE,Towers with Radar,483,124,44,21,672,0,135,76,2,213,483,259,120,23,885,0,0,0,885
01/04/2015,HNL,HI,AWP,WE,Towers with Radar,423,85,39,22,569,0,172,103,2,277,423,257,142,24,846,0,0,0,846
01/05/2015,HNL,HI,AWP,WE,Towers with Radar,445,124,28,45,642,0,159,107,10,276,445,283,135,55,918,0,0,0,918
01/06/2015,HNL,HI,AWP,WE,Towers with Radar,420,121,18,32,591,0,153,117,8,278,420,274,135,40,869,2,0,2,871
01/07/2015,HNL,HI,AWP,WE,Towers with Radar,433,103,40,55,631,0,126,148,23,297,433,229,188,78,928,30,2,32,960
01/08/2015,HNL,HI,AWP,WE,Towers with Radar,451,115,24,73,663,0,147,116,29,292,451,262,140,102,955,0,0,0,955
01/09/2015,HNL,HI,AWP,WE,Towers with Radar,448,111,16,38,613,0,128,137,20,285,448,239,153,58,898,8,0,8,906
01/10/2015,HNL,HI,AWP,WE,Towers with Radar,428,71,25,96,620,0,96,174,3,273,428,167,199,99,893,0,0,0,893
01/11/2015,HNL,HI,AWP,WE,Towers with Radar,389,73,16,28,506,1,112,106,4,223,390,185,122,32,729,1,0,1,730
01/12/2015,HNL,HI,AWP,WE,Towers with Radar,435,133,21,46,635,0,118,91,6,215,435,251,112,52,850,0,0,0,850
01/13/2015,HNL,HI,AWP,WE,Towers with Radar,411,116,18,62,607,0,124,165,8,297,411,240,183,70,904,4,2,6,910
01/14/2015,HNL,HI,AWP,WE,Towers with Radar,505,133,26,102,766,0,80,111,9,200,505,213,137,111,966,0,0,0,966
01/15/2015,HNL,HI,AWP,WE,Towers with Radar,436,128,43,98,705,0,108,118,13,239,436,236,161,111,944,14,0,14,958
01/16/2015,HNL,HI,AWP,WE,Towers with Radar,454,150,52,119,775,0,85,99,3,187,454,235,151,122,962,0,0,0,962
01/17/2015,HNL,HI,AWP,WE,Towers with Radar,409,110,28,33,580,0,95,118,1,214,409,205,146,34,794,0,0,0,794
01/18/2015,HNL,HI,AWP,WE,Towers with Radar,385,60,9,31,485,0,120,116,1,237,385,180,125,32,722,6,0,6,728
01/19/2015,HNL,HI,AWP,WE,Towers with Radar,432,95,20,34,581,0,147,141,0,288,432,242,161,34,869,0,0,0,869
01/20/2015,HNL,HI,AWP,WE,Towers with Radar,412,101,16,102,631,0,133,128,3,264,412,234,144,105,895,0,0,0,895
01/21/2015,HNL,HI,AWP,WE,Towers with Radar,419,94,19,133,665,0,119,141,27,287,419,213,160,160,952,0,0,0,952
01/22/2015,HNL,HI,AWP,WE,Towers with Radar,417,117,12,252,798,0,90,105,24,219,417,207,117,276,1017,0,0,0,1017
01/23/2015,HNL,HI,AWP,WE,Towers with Radar,438,170,36,161,805,0,63,80,3,146,438,233,116,164,951,0,0,0,951
01/24/2015,HNL,HI,AWP,WE,Towers with Radar,432,94,31,17,574,0,64,108,5,177,432,158,139,22,751,0,0,0,751
01/25/2015,HNL,HI,AWP,WE,Towers with Radar,395,89,15,24,523,0,72,122,0,194,395,161,137,24,717,0,0,0,717
01/26/2015,HNL,HI,AWP,WE,Towers with Radar,440,104,18,91,653,0,117,117,9,243,440,221,135,100,896,0,0,0,896
01/27/2015,HNL,HI,AWP,WE,Towers with Radar,409,94,32,80,615,0,127,129,15,271,409,221,161,95,886,0,0,0,886
01/28/2015,HNL,HI,AWP,WE,Towers with Radar,440,126,18,136,720,0,103,149,14,266,440,229,167,150,986,8,0,8,994
01/29/2015,HNL,HI,AWP,WE,Towers with Radar,404,123,17,172,716,0,59,87,14,160,404,182,104,186,876,0,0,0,876
01/30/2015,HNL,HI,AWP,WE,Towers with Radar,468,123,36,117,744,0,133,111,9,253,468,256,147,126,997,0,0,0,997
01/31/2015,HNL,HI,AWP,WE,Towers with Radar,424,89,28,56,597,0,82,162,5,249,424,171,190,61,846,4,0,4,850
02/01/2015,HNL,HI,AWP,WE,Towers with Radar,392,45,2,28,467,0,91,98,0,189,392,136,100,28,656,0,0,0,656
02/02/2015,HNL,HI,AWP,WE,Towers with Radar,415,129,14,37,595,0,92,81,25,198,415,221,95,62,793,0,0,0,793
02/03/2015,HNL,HI,AWP,WE,Towers with Radar,399,131,16,100,646,0,31,27,5,63,399,162,43,105,709,0,0,0,709
02/04/2015,HNL,HI,AWP,WE,Towers with Radar,395,153,32,108,688,0,86,93,13,192,395,239,125,121,880,0,0,0,880
02/05/2015,HNL,HI,AWP,WE,Towers with Radar,438,136,11,105,690,0,90,92,11,193,438,226,103,116,883,0,0,0,883
02/06/2015,HNL,HI,AWP,WE,Towers with Radar,429,128,14,49,620,0,103,111,1,215,429,231,125,50,835,0,0,0,835
02/07/2015,HNL,HI,AWP,WE,Towers with Radar,422,82,22,80,606,0,83,153,3,239,422,165,175,83,845,0,0,0,845
02/08/2015,HNL,HI,AWP,WE,Towers with Radar,392,80,22,59,553,0,105,130,2,237,392,185,152,61,790,0,0,0,790
02/09/2015,HNL,HI,AWP,WE,Towers with Radar,417,166,15,50,648,0,80,63,14,157,417,246,78,64,805,1,0,1,806
02/10/2015,HNL,HI,AWP,WE,Towers with Radar,401,113,16,49,579,0,161,90,9,260,401,274,106,58,839,0,0,0,839
02/11/2015,HNL,HI,AWP,WE,Towers with Radar,420,112,18,55,605,0,112,140,16,268,420,224,158,71,873,0,0,0,873
02/12/2015,HNL,HI,AWP,WE,Towers with Radar,446,129,27,81,683,0,141,175,15,331,446,270,202,96,1014,0,0,0,1014
02/13/2015,HNL,HI,AWP,WE,Towers with Radar,475,119,27,93,714,0,87,94,3,184,475,206,121,96,898,0,0,0,898
02/14/2015,HNL,HI,AWP,WE,Towers with Radar,439,111,19,49,618,0,30,29,2,61,439,141,48,51,679,0,0,0,679
02/15/2015,HNL,HI,AWP,WE,Towers with Radar,405,87,21,24,537,0,133,130,2,265,405,220,151,26,802,0,0,0,802
02/16/2015,HNL,HI,AWP,WE,Towers with Radar,417,94,19,22,552,0,190,127,4,321,417,284,146,26,873,0,0,0,873
02/17/2015,HNL,HI,AWP,WE,Towers with Radar,403,94,16,50,563,0,199,145,4,348,403,293,161,54,911,0,0,0,911
02/18/2015,HNL,HI,AWP,WE,Towers with Radar,429,103,23,52,607,0,132,184,17,333,429,235,207,69,940,6,0,6,946
02/19/2015,HNL,HI,AWP,WE,Towers with Radar,444,116,28,44,632,0,143,89,18,250,444,259,117,62,882,0,0,0,882
02/20/2015,HNL,HI,AWP,WE,Towers with Radar,434,142,23,46,645,0,27,46,0,73,434,169,69,46,718,0,0,0,718
02/21/2015,HNL,HI,AWP,WE,Towers with Radar,434,75,24,34,567,0,137,173,6,316,434,212,197,40,883,3,0,3,886
02/22/2015,HNL,HI,AWP,WE,Towers with Radar,391,100,13,21,525,0,135,117,2,254,391,235,130,23,779,0,0,0,779
02/23/2015,HNL,HI,AWP,WE,Towers with Radar,426,112,13,36,587,0,197,117,12,326,426,309,130,48,913,2,0,2,915
02/24/2015,HNL,HI,AWP,WE,Towers with Radar,415,119,13,45,592,0,187,102,10,299,415,306,115,55,891,10,0,10,901
02/25/2015,HNL,HI,AWP,WE,Towers with Radar,438,114,36,89,677,0,145,139,9,293,438,259,175,98,970,0,0,0,970
02/26/2015,HNL,HI,AWP,WE,Towers with Radar,455,114,25,73,667,0,128,117,11,256,455,242,142,84,923,0,0,0,923
02/27/2015,HNL,HI,AWP,WE,Towers with Radar,455,149,37,62,703,0,126,95,17,238,455,275,132,79,941,0,0,0,941
02/28/2015,HNL,HI,AWP,WE,Towers with Radar,433,82,17,45,577,0,78,116,8,202,433,160,133,53,779,0,0,0,779
03/01/2015,HNL,HI,AWP,WE,Towers with Radar,385,92,21,36,534,0,115,104,10,229,385,207,125,46,763,1,0,1,764
03/02/2015,HNL,HI,AWP,WE,Towers with Radar,416,114,10,37,577,0,125,106,2,233,416,239,116,39,810,0,0,0,810
03/03/2015,HNL,HI,AWP,WE,Towers with Radar,396,127,16,72,611,0,142,108,9,259,396,269,124,81,870,0,0,0,870
03/04/2015,HNL,HI,AWP,WE,Towers with Radar,425,160,22,73,680,0,48,114,12,174,425,208,136,85,854,0,0,0,854
03/05/2015,HNL,HI,AWP,WE,Towers with Radar,450,151,20,99,720,0,99,87,13,199,450,250,107,112,919,0,0,0,919
03/06/2015,HNL,HI,AWP,WE,Towers with Radar,442,153,36,100,731,0,117,130,8,255,442,270,166,108,986,6,0,6,992
03/07/2015,HNL,HI,AWP,WE,Towers with Radar,420,101,31,114,666,0,104,148,10,262,420,205,179,124,928,0,0,0,928
03/08/2015,HNL,HI,AWP,WE,Towers with Radar,397,97,12,29,535,0,109,130,4,243,397,206,142,33,778,0,0,0,778
03/09/2015,HNL,HI,AWP,WE,Towers with Radar,420,116,18,31,585,0,156,87,8,251,420,272,105,39,836,0,0,0,836
03/10/2015,HNL,HI,AWP,WE,Towers with Radar,401,127,15,88,631,0,137,106,5,248,401,264,121,93,879,0,0,0,879
03/11/2015,HNL,HI,AWP,WE,Towers with Radar,425,138,32,87,682,0,110,138,11,259,425,248,170,98,941,0,0,0,941
03/12/2015,HNL,HI,AWP,WE,Towers with Radar,436,142,27,95,700,0,111,132,8,251,436,253,159,103,951,10,0,10,961
03/13/2015,HNL,HI,AWP,WE,Towers with Radar,463,130,46,67,706,0,144,127,1,272,463,274,173,68,978,0,0,0,978
03/14/2015,HNL,HI,AWP,WE,Towers with Radar,418,105,38,50,611,0,100,119,2,221,418,205,157,52,832,0,0,0,832
03/15/2015,HNL,HI,AWP,WE,Towers with Radar,403,77,16,27,523,0,125,128,1,254,403,202,144,28,777,0,0,0,777
03/16/2015,HNL,HI,AWP,WE,Towers with Radar,439,108,19,75,641,0,115,117,3,235,439,223,136,78,876,0,0,0,876
03/17/2015,HNL,HI,AWP,WE,Towers with Radar,417,92,18,65,592,0,142,170,6,318,417,234,188,71,910,0,0,0,910
03/18/2015,HNL,HI,AWP,WE,Towers with Radar,421,127,20,89,657,0,117,200,11,328,421,244,220,100,985,2,2,4,989
03/19/2015,HNL,HI,AWP,WE,Towers with Radar,431,133,32,104,700,0,131,151,12,294,431,264,183,116,994,8,0,8,1002
03/20/2015,HNL,HI,AWP,WE,Towers with Radar,457,134,25,73,689,0,167,177,0,344,457,301,202,73,1033,0,0,0,1033
03/21/2015,HNL,HI,AWP,WE,Towers with Radar,407,93,27,32,559,0,115,96,2,213,407,208,123,34,772,1,0,1,773
03/22/2015,HNL,HI,AWP,WE,Towers with Radar,411,88,15,21,535,0,101,86,1,188,411,189,101,22,723,0,0,0,723
03/23/2015,HNL,HI,AWP,WE,Towers with Radar,414,114,27,31,586,0,157,104,21,282,414,271,131,52,868,0,0,0,868
03/24/2015,HNL,HI,AWP,WE,Towers with Radar,398,127,16,51,592,0,160,127,13,300,398,287,143,64,892,0,0,0,892
03/25/2015,HNL,HI,AWP,WE,Towers with Radar,426,141,21,59,647,0,135,111,16,262,426,276,132,75,909,0,1,1,910
03/26/2015,HNL,HI,AWP,WE,Towers with Radar,439,137,23,56,655,0,88,95,8,191,439,225,118,64,846,0,0,0,846
03/27/2015,HNL,HI,AWP,WE,Towers with Radar,456,147,27,61,691,0,137,144,8,289,456,284,171,69,980,0,0,0,980
03/28/2015,HNL,HI,AWP,WE,Towers with Radar,400,115,39,45,599,0,71,100,0,171,400,186,139,45,770,0,0,0,770
03/29/2015,HNL,HI,AWP,WE,Towers with Radar,390,104,36,32,562,0,127,112,2,241,390,231,148,34,803,8,0,8,811
03/30/2015,HNL,HI,AWP,WE,Towers with Radar,410,131,20,31,592,0,115,111,13,239,410,246,131,44,831,0,0,0,831
03/31/2015,HNL,HI,AWP,WE,Towers with Radar,429,122,15,32,598,0,125,118,5,248,429,247,133,37,846,0,0,0,846
04/01/2015,HNL,HI,AWP,WE,Towers with Radar,421,125,24,50,620,0,125,136,18,279,421,250,160,68,899,0,0,0,899
04/02/2015,HNL,HI,AWP,WE,Towers with Radar,426,130,26,42,624,0,168,135,46,349,426,298,161,88,973,0,0,0,973
04/03/2015,HNL,HI,AWP,WE,Towers with Radar,456,149,15,42,662,0,113,150,4,267,456,262,165,46,929,0,0,0,929
04/04/2015,HNL,HI,AWP,WE,Towers with Radar,440,101,23,18,582,0,139,177,2,318,440,240,200,20,900,0,0,0,900
04/05/2015,HNL,HI,AWP,WE,Towers with Radar,398,76,20,19,513,0,109,108,0,217,398,185,128,19,730,0,0,0,730
04/06/2015,HNL,HI,AWP,WE,Towers with Radar,431,103,17,36,587,0,101,167,8,276,431,204,184,44,863,0,0,0,863
04/07/2015,HNL,HI,AWP,WE,Towers with Radar,408,129,16,48,601,0,161,119,16,296,408,290,135,64,897,0,0,0,897
04/08/2015,HNL,HI,AWP,WE,Towers with Radar,440,121,23,31,615,0,173,136,13,322,440,294,159,44,937,0,0,0,937
04/09/2015,HNL,HI,AWP,WE,Towers with Radar,451,114,19,30,614,0,174,88,3,265,451,288,107,33,879,0,0,0,879
04/10/2015,HNL,HI,AWP,WE,Towers with Radar,468,121,11,38,638,0,119,153,3,275,468,240,164,41,913,7,0,7,920
04/11/2015,HNL,HI,AWP,WE,Towers with Radar,422,90,16,47,575,0,139,137,0,276,422,229,153,47,851,0,0,0,851
04/12/2015,HNL,HI,AWP,WE,Towers with Radar,410,69,17,16,512,0,116,157,5,278,410,185,174,21,790,0,0,0,790
04/13/2015,HNL,HI,AWP,WE,Towers with Radar,421,113,23,24,581,0,147,120,11,278,421,260,143,35,859,16,0,16,875
04/14/2015,HNL,HI,AWP,WE,Towers with Radar,405,118,29,39,591,0,152,132,15,299,405,270,161,54,890,12,0,12,902
04/15/2015,HNL,HI,AWP,WE,Towers with Radar,440,108,25,39,612,0,134,157,8,299,440,242,182,47,911,0,0,0,911
04/16/2015,HNL,HI,AWP,WE,Towers with Radar,436,114,33,14,597,0,160,118,24,302,436,274,151,38,899,0,0,0,899
04/17/2015,HNL,HI,AWP,WE,Towers with Radar,448,112,13,37,610,0,211,104,9,324,448,323,117,46,934,0,0,0,934
04/18/2015,HNL,HI,AWP,WE,Towers with Radar,436,81,8,13,538,0,138,145,0,283,436,219,153,13,821,0,0,0,821
04/19/2015,HNL,HI,AWP,WE,Towers with Radar,392,82,6,21,501,0,143,91,1,235,392,225,97,22,736,0,0,0,736
04/20/2015,HNL,HI,AWP,WE,Towers with Radar,421,122,14,29,586,0,139,115,8,262,421,261,129,37,848,0,0,0,848
04/21/2015,HNL,HI,AWP,WE,Towers with Radar,416,97,29,21,563,0,154,131,9,294,416,251,160,30,857,0,0,0,857
04/22/2015,HNL,HI,AWP,WE,Towers with Radar,420,99,22,20,561,0,157,153,14,324,420,256,175,34,885,10,0,10,895
04/23/2015,HNL,HI,AWP,WE,Towers with Radar,426,98,42,18,584,0,157,179,27,363,426,255,221,45,947,21,0,21,968
04/24/2015,HNL,HI,AWP,WE,Towers with Radar,457,103,23,18,601,0,159,128,7,294,457,262,151,25,895,8,0,8,903
04/25/2015,HNL,HI,AWP,WE,Towers with Radar,430,99,14,12,555,0,88,139,5,232,430,187,153,17,787,0,0,0,787
04/26/2015,HNL,HI,AWP,WE,Towers with Radar,365,107,15,15,502,0,87,135,4,226,365,194,150,19,728,0,0,0,728
04/27/2015,HNL,HI,AWP,WE,Towers with Radar,411,148,25,20,604,0,111,77,10,198,411,259,102,30,802,1,0,1,803
04/28/2015,HNL,HI,AWP,WE,Towers with Radar,415,116,15,21,567,0,130,100,11,241,415,246,115,32,808,4,0,4,812
04/29/2015,HNL,HI,AWP,WE,Towers with Radar,427,118,17,32,594,0,124,132,11,267,427,242,149,43,861,0,2,2,863
04/30/2015,HNL,HI,AWP,WE,Towers with Radar,430,108,10,28,576,0,145,130,7,282,430,253,140,35,858,15,0,15,873
05/01/2015,HNL,HI,AWP,WE,Towers with Radar,457,163,22,19,661,0,135,119,2,256,457,298,141,21,917,0,0,0,917
05/02/2015,HNL,HI,AWP,WE,Towers with Radar,415,86,16,27,544,0,141,203,2,346,415,227,219,29,890,0,0,0,890
05/03/2015,HNL,HI,AWP,WE,Towers with Radar,402,71,20,30,523,0,104,123,1,228,402,175,143,31,751,0,0,0,751
05/04/2015,HNL,HI,AWP,WE,Towers with Radar,431,116,23,13,583,0,133,115,3,251,431,249,138,16,834,2,0,2,836
05/05/2015,HNL,HI,AWP,WE,Towers with Radar,414,108,27,26,575,0,118,114,13,245,414,226,141,39,820,0,0,0,820
05/06/2015,HNL,HI,AWP,WE,Towers with Radar,424,85,27,38,574,0,181,127,16,324,424,266,154,54,898,0,0,0,898
05/07/2015,HNL,HI,AWP,WE,Towers with Radar,428,115,23,34,600,0,209,170,10,389,428,324,193,44,989,0,0,0,989
05/08/2015,HNL,HI,AWP,WE,Towers with Radar,450,137,26,28,641,0,164,103,8,275,450,301,129,36,916,4,0,4,920
05/09/2015,HNL,HI,AWP,WE,Towers with Radar,417,81,23,46,567,0,170,118,5,293,417,251,141,51,860,0,0,0,860
05/10/2015,HNL,HI,AWP,WE,Towers with Radar,401,91,8,28,528,0,121,95,3,219,401,212,103,31,747,0,0,0,747
05/11/2015,HNL,HI,AWP,WE,Towers with Radar,431,120,10,44,605,0,159,99,24,282,431,279,109,68,887,0,2,2,889
05/12/2015,HNL,HI,AWP,WE,Towers with Radar,404,91,15,50,560,0,139,116,19,274,404,230,131,69,834,0,0,0,834
05/13/2015,HNL,HI,AWP,WE,Towers with Radar,438,113,8,67,626,0,140,132,12,284,438,253,140,79,910,0,0,0,910
05/14/2015,HNL,HI,AWP,WE,Towers with Radar,450,129,21,45,645,0,93,121,2,216,450,222,142,47,861,0,0,0,861
05/15/2015,HNL,HI,AWP,WE,Towers with Radar,455,116,23,38,632,0,200,114,4,318,455,316,137,42,950,4,0,4,954
05/16/2015,HNL,HI,AWP,WE,Towers with Radar,427,57,22,22,528,0,173,153,1,327,427,230,175,23,855,0,0,0,855
05/17/2015,HNL,HI,AWP,WE,Towers with Radar,404,71,19,26,520,0,139,114,2,255,404,210,133,28,775,0,0,0,775
05/18/2015,HNL,HI,AWP,WE,Towers with Radar,428,104,12,42,586,0,119,90,11,220,428,223,102,53,806,1,1,2,808
05/19/2015,HNL,HI,AWP,WE,Towers with Radar,409,112,22,55,598,0,134,105,22,261,409,246,127,77,859,2,0,2,861
05/20/2015,HNL,HI,AWP,WE,Towers with Radar,437,128,34,51,650,0,107,137,17,261,437,235,171,68,911,3,0,3,914
05/21/2015,HNL,HI,AWP,WE,Towers with Radar,423,124,16,32,595,0,192,103,11,306,423,316,119,43,901,0,0,0,901
05/22/2015,HNL,HI,AWP,WE,Towers with Radar,475,125,23,16,639,0,180,114,0,294,475,305,137,16,933,0,0,0,933
05/23/2015,HNL,HI,AWP,WE,Towers with Radar,403,116,20,23,562,0,120,145,6,271,403,236,165,29,833,0,0,0,833
05/24/2015,HNL,HI,AWP,WE,Towers with Radar,397,81,10,17,505,0,151,148,4,303,397,232,158,21,808,0,0,0,808
05/25/2015,HNL,HI,AWP,WE,Towers with Radar,437,67,18,15,537,0,163,144,1,308,437,230,162,16,845,0,0,0,845
05/26/2015,HNL,HI,AWP,WE,Towers with Radar,421,124,28,52,625,0,124,109,10,243,421,248,137,62,868,4,1,5,873
05/27/2015,HNL,HI,AWP,WE,Towers with Radar,460,124,23,51,658,0,136,148,8,292,460,260,171,59,950,2,0,2,952
05/28/2015,HNL,HI,AWP,WE,Towers with Radar,451,128,20,50,649,0,152,186,23,361,451,280,206,73,1010,0,1,1,1011
05/29/2015,HNL,HI,AWP,WE,Towers with Radar,480,144,17,50,691,0,176,128,14,318,480,320,145,64,1009,4,0,4,1013
05/30/2015,HNL,HI,AWP,WE,Towers with Radar,424,84,17,31,556,0,136,121,3,260,424,220,138,34,816,7,1,8,824
05/31/2015,HNL,HI,AWP,WE,Towers with Radar,423,117,15,23,578,0,126,134,0,260,423,243,149,23,838,2,0,2,840
06/01/2015,HNL,HI,AWP,WE,Towers with Radar,447,119,20,35,621,0,151,109,2,262,447,270,129,37,883,0,0,0,883
06/02/2015,HNL,HI,AWP,WE,Towers with Radar,412,97,19,36,564,0,171,119,6,296,412,268,138,42,860,0,0,0,860
06/03/2015,HNL,HI,AWP,WE,Towers with Radar,432,125,24,42,623,0,131,152,14,297,432,256,176,56,920,6,0,6,926
06/04/2015,HNL,HI,AWP,WE,Towers with Radar,441,126,29,54,650,0,136,129,12,277,441,262,158,66,927,2,0,2,929
06/05/2015,HNL,HI,AWP,WE,Towers with Radar,448,105,19,44,616,0,221,141,3,365,448,326,160,47,981,0,0,0,981
06/06/2015,HNL,HI,AWP,WE,Towers with Radar,413,62,17,91,583,0,142,128,8,278,413,204,145,99,861,0,0,0,861
06/07/2015,HNL,HI,AWP,WE,Towers with Radar,396,63,8,28,495,0,176,95,3,274,396,239,103,31,769,0,0,0,769
06/08/2015,HNL,HI,AWP,WE,Towers with Radar,416,92,14,15,537,0,170,93,11,274,416,262,107,26,811,0,0,0,811
06/09/2015,HNL,HI,AWP,WE,Towers with Radar,426,87,8,19,540,0,197,101,9,307,426,284,109,28,847,0,1,1,848
06/10/2015,HNL,HI,AWP,WE,Towers with Radar,351,95,11,33,490,0,124,140,22,286,351,219,151,55,776,0,0,0,776
06/11/2015,HNL,HI,AWP,WE,Towers with Radar,440,103,26,41,610,0,152,115,20,287,440,255,141,61,897,0,0,0,897
06/12/2015,HNL,HI,AWP,WE,Towers with Radar,450,114,33,62,659,0,217,213,5,435,450,331,246,67,1094,0,0,0,1094
06/13/2015,HNL,HI,AWP,WE,Towers with Radar,414,86,36,41,577,0,143,146,7,296,414,229,182,48,873,0,0,0,873
06/14/2015,HNL,HI,AWP,WE,Towers with Radar,409,81,12,12,514,0,143,132,6,281,409,224,144,18,795,1,0,1,796
06/15/2015,HNL,HI,AWP,WE,Towers with Radar,434,102,21,36,593,0,171,99,5,275,434,273,120,41,868,0,0,0,868
06/16/2015,HNL,HI,AWP,WE,Towers with Radar,418,81,19,37,555,0,183,93,3,279,418,264,112,40,834,0,1,1,835
06/17/2015,HNL,HI,AWP,WE,Towers with Radar,438,125,24,45,632,11,136,118,10,275,449,261,142,55,907,0,0,0,907
06/18/2015,HNL,HI,AWP,WE,Towers with Radar,439,114,23,51,627,0,146,107,16,269,439,260,130,67,896,0,0,0,896
06/19/2015,HNL,HI,AWP,WE,Towers with Radar,459,133,11,62,665,0,172,127,7,306,459,305,138,69,971,0,0,0,971
06/20/2015,HNL,HI,AWP,WE,Towers with Radar,417,73,14,22,526,0,178,127,5,310,417,251,141,27,836,2,0,2,838
06/21/2015,HNL,HI,AWP,WE,Towers with Radar,394,65,8,12,479,0,184,115,2,301,394,249,123,14,780,0,0,0,780
06/22/2015,HNL,HI,AWP,WE,Towers with Radar,434,103,10,21,568,0,182,105,10,297,434,285,115,31,865,0,0,0,865
06/23/2015,HNL,HI,AWP,WE,Towers with Radar,418,91,11,27,547,0,139,106,10,255,418,230,117,37,802,0,2,2,804
06/24/2015,HNL,HI,AWP,WE,Towers with Radar,438,124,27,42,631,0,65,136,7,208,438,189,163,49,839,0,0,0,839
06/25/2015,HNL,HI,AWP,WE,Towers with Radar,434,119,31,113,697,0,119,123,13,255,434,238,154,126,952,0,0,0,952
06/26/2015,HNL,HI,AWP,WE,Towers with Radar,470,134,23,49,676,0,171,115,9,295,470,305,138,58,971,0,0,0,971
06/27/2015,HNL,HI,AWP,WE,Towers with Radar,428,79,25,23,555,0,146,184,5,335,428,225,209,28,890,0,0,0,890
06/28/2015,HNL,HI,AWP,WE,Towers with Radar,411,93,20,22,546,0,175,112,1,288,411,268,132,23,834,0,0,0,834
06/29/2015,HNL,HI,AWP,WE,Towers with Radar,433,106,12,43,594,0,179,107,10,296,433,285,119,53,890,4,0,4,894
06/30/2015,HNL,HI,AWP,WE,Towers with Radar,424,97,15,48,584,0,196,113,16,325,424,293,128,64,909,0,4,4,913
07/01/2015,HNL,HI,AWP,WE,Towers with Radar,451,113,17,39,620,0,155,147,15,317,451,268,164,54,937,0,0,0,937
07/02/2015,HNL,HI,AWP,WE,Towers with Radar,455,101,20,46,622,0,158,114,9,281,455,259,134,55,903,2,0,2,905
07/03/2015,HNL,HI,AWP,WE,Towers with Radar,460,106,25,11,602,0,157,105,2,264,460,263,130,13,866,0,0,0,866
07/04/2015,HNL,HI,AWP,WE,Towers with Radar,391,45,11,6,453,0,205,106,1,312,391,250,117,7,765,0,0,0,765
07/05/2015,HNL,HI,AWP,WE,Towers with Radar,417,79,20,14,530,0,121,125,2,248,417,200,145,16,778,0,0,0,778
07/06/2015,HNL,HI,AWP,WE,Towers with Radar,408,81,10,14,513,0,182,142,1,325,408,263,152,15,838,0,0,0,838
07/07/2015,HNL,HI,AWP,WE,Towers with Radar,427,95,19,52,593,0,158,124,12,294,427,253,143,64,887,4,0,4,891
07/08/2015,HNL,HI,AWP,WE,Towers with Radar,443,103,19,59,624,0,153,114,17,284,443,256,133,76,908,0,0,0,908
07/09/2015,HNL,HI,AWP,WE,Towers with Radar,442,113,26,49,630,0,124,159,9,292,442,237,185,58,922,3,0,3,925
07/10/2015,HNL,HI,AWP,WE,Towers with Radar,483,135,32,51,701,0,84,77,1,162,483,219,109,52,863,0,0,0,863
07/11/2015,HNL,HI,AWP,WE,Towers with Radar,428,116,29,61,634,0,82,78,2,162,428,198,107,63,796,0,0,0,796
07/12/2015,HNL,HI,AWP,WE,Towers with Radar,418,87,11,19,535,0,124,78,7,209,418,211,89,26,744,0,0,0,744
07/13/2015,HNL,HI,AWP,WE,Towers with Radar,430,107,17,28,582,0,115,78,11,204,430,222,95,39,786,0,0,0,786
07/14/2015,HNL,HI,AWP,WE,Towers with Radar,459,105,13,53,630,0,224,106,7,337,459,329,119,60,967,0,0,0,967
07/15/2015,HNL,HI,AWP,WE,Towers with Radar,445,100,17,60,622,0,188,123,10,321,445,288,140,70,943,0,0,0,943
07/16/2015,HNL,HI,AWP,WE,Towers with Radar,441,121,14,71,647,0,140,155,7,302,441,261,169,78,949,0,0,0,949
07/17/2015,HNL,HI,AWP,WE,Towers with Radar,464,116,15,35,630,0,155,132,8,295,464,271,147,43,925,0,0,0,925
07/18/2015,HNL,HI,AWP,WE,Towers with Radar,415,97,27,29,568,0,127,141,2,270,415,224,168,31,838,0,0,0,838
07/19/2015,HNL,HI,AWP,WE,Towers with Radar,420,67,16,29,532,0,157,133,0,290,420,224,149,29,822,1,0,1,823
07/20/2015,HNL,HI,AWP,WE,Towers with Radar,432,92,15,48,587,0,227,110,6,343,432,319,125,54,930,0,0,0,930
07/21/2015,HNL,HI,AWP,WE,Towers with Radar,428,80,12,59,579,0,168,121,14,303,428,248,133,73,882,0,1,1,883
07/22/2015,HNL,HI,AWP,WE,Towers with Radar,459,107,21,56,643,0,176,124,8,308,459,283,145,64,951,0,0,0,951
07/23/2015,HNL,HI,AWP,WE,Towers with Radar,453,122,19,43,637,0,156,164,6,326,453,278,183,49,963,0,0,0,963
07/24/2015,HNL,HI,AWP,WE,Towers with Radar,471,114,33,41,659,0,177,108,7,292,471,291,141,48,951,0,0,0,951
07/25/2015,HNL,HI,AWP,WE,Towers with Radar,446,64,10,21,541,0,177,155,2,334,446,241,165,23,875,0,0,0,875
07/26/2015,HNL,HI,AWP,WE,Towers with Radar,413,59,9,14,495,0,188,124,0,312,413,247,133,14,807,0,0,0,807
07/27/2015,HNL,HI,AWP,WE,Towers with Radar,435,96,17,30,578,0,224,113,5,342,435,320,130,35,920,2,0,2,922
07/28/2015,HNL,HI,AWP,WE,Towers with Radar,444,92,20,51,607,0,208,154,1,363,444,300,174,52,970,0,0,0,970
07/29/2015,HNL,HI,AWP,WE,Towers with Radar,451,87,22,58,618,0,201,152,16,369,451,288,174,74,987,10,0,10,997
07/30/2015,HNL,HI,AWP,WE,Towers with Radar,450,114,35,35,634,0,148,151,22,321,450,262,186,57,955,0,0,0,955
07/31/2015,HNL,HI,AWP,WE,Towers with Radar,447,100,36,80,663,0,167,130,9,306,447,267,166,89,969,2,0,2,971
08/01/2015,HNL,HI,AWP,WE,Towers with Radar,448,83,25,40,596,0,141,132,1,274,448,224,157,41,870,0,0,0,870
08/02/2015,HNL,HI,AWP,WE,Towers with Radar,419,75,13,47,554,0,161,135,3,299,419,236,148,50,853,0,0,0,853
08/03/2015,HNL,HI,AWP,WE,Towers with Radar,449,109,19,59,636,0,228,124,7,359,449,337,143,66,995,0,0,0,995
08/04/2015,HNL,HI,AWP,WE,Towers with Radar,438,92,21,47,598,0,223,140,9,372,438,315,161,56,970,0,0,0,970
08/05/2015,HNL,HI,AWP,WE,Towers with Radar,466,99,23,46,634,0,130,80,8,218,466,229,103,54,852,0,0,0,852
08/06/2015,HNL,HI,AWP,WE,Towers with Radar,459,116,22,52,649,0,76,77,10,163,459,192,99,62,812,0,0,0,812
08/07/2015,HNL,HI,AWP,WE,Towers with Radar,469,120,30,44,663,0,165,143,11,319,469,285,173,55,982,0,0,0,982
08/08/2015,HNL,HI,AWP,WE,Towers with Radar,436,65,17,45,563,0,186,159,1,346,436,251,176,46,909,0,0,0,909
08/09/2015,HNL,HI,AWP,WE,Towers with Radar,433,75,19,33,560,0,137,87,1,225,433,212,106,34,785,0,0,0,785
08/10/2015,HNL,HI,AWP,WE,Towers with Radar,452,123,27,35,637,0,182,138,5,325,452,305,165,40,962,0,0,0,962
08/11/2015,HNL,HI,AWP,WE,Towers with Radar,474,93,36,48,651,0,179,141,12,332,474,272,177,60,983,0,0,0,983
08/12/2015,HNL,HI,AWP,WE,Towers with Radar,456,91,21,82,650,0,182,143,25,350,456,273,164,107,1000,0,0,0,1000
08/13/2015,HNL,HI,AWP,WE,Towers with Radar,457,105,22,40,624,0,115,121,11,247,457,220,143,51,871,0,0,0,871
08/14/2015,HNL,HI,AWP,WE,Towers with Radar,468,134,25,36,663,0,173,172,3,348,468,307,197,39,1011,0,0,0,1011
08/15/2015,HNL,HI,AWP,WE,Towers with Radar,444,84,14,35,577,0,119,172,5,296,444,203,186,40,873,0,0,0,873
08/16/2015,HNL,HI,AWP,WE,Towers with Radar,427,84,21,15,547,0,137,134,1,272,427,221,155,16,819,0,0,0,819
08/17/2015,HNL,HI,AWP,WE,Towers with Radar,456,113,13,30,612,0,122,82,17,221,456,235,95,47,833,1,0,1,834
08/18/2015,HNL,HI,AWP,WE,Towers with Radar,416,99,21,26,562,0,160,96,7,263,416,259,117,33,825,0,0,0,825
08/19/2015,HNL,HI,AWP,WE,Towers with Radar,427,95,14,38,574,0,178,157,8,343,427,273,171,46,917,4,1,5,922
08/20/2015,HNL,HI,AWP,WE,Towers with Radar,449,115,23,28,615,0,148,142,6,296,449,263,165,34,911,0,0,0,911
08/21/2015,HNL,HI,AWP,WE,Towers with Radar,457,90,11,30,588,0,183,154,5,342,457,273,165,35,930,0,0,0,930
08/22/2015,HNL,HI,AWP,WE,Towers with Radar,421,95,25,16,557,0,149,136,1,286,421,244,161,17,843,0,0,0,843
08/23/2015,HNL,HI,AWP,WE,Towers with Radar,412,83,10,14,519,0,82,76,1,159,412,165,86,15,678,0,0,0,678
08/24/2015,HNL,HI,AWP,WE,Towers with Radar,409,100,18,18,545,0,39,17,2,58,409,139,35,20,603,0,1,1,604
08/25/2015,HNL,HI,AWP,WE,Towers with Radar,419,129,18,63,629,0,97,69,4,170,419,226,87,67,799,0,0,0,799
08/26/2015,HNL,HI,AWP,WE,Towers with Radar,421,114,6,42,583,0,124,113,3,240,421,238,119,45,823,0,0,0,823
08/27/2015,HNL,HI,AWP,WE,Towers with Radar,438,112,42,42,634,0,145,96,7,248,438,257,138,49,882,2,0,2,884
08/28/2015,HNL,HI,AWP,WE,Towers with Radar,451,119,34,50,654,0,174,163,5,342,451,293,197,55,996,0,0,0,996
08/29/2015,HNL,HI,AWP,WE,Towers with Radar,422,59,19,37,537,0,132,144,10,286,422,191,163,47,823,2,0,2,825
08/30/2015,HNL,HI,AWP,WE,Towers with Radar,390,58,16,37,501,0,120,108,3,231,390,178,124,40,732,0,0,0,732
08/31/2015,HNL,HI,AWP,WE,Towers with Radar,423,114,16,47,600,0,126,100,1,227,423,240,116,48,827,0,9,9,836
09/01/2015,HNL,HI,AWP,WE,Towers with Radar,426,96,11,37,570,0,150,78,11,239,426,246,89,48,809,0,0,0,809
09/02/2015,HNL,HI,AWP,WE,Towers with Radar,422,109,9,52,592,0,118,95,8,221,422,227,104,60,813,0,0,0,813
09/03/2015,HNL,HI,AWP,WE,Towers with Radar,432,125,15,40,612,0,19,16,0,35,432,144,31,40,647,0,0,0,647
09/04/2015,HNL,HI,AWP,WE,Towers with Radar,444,103,16,26,589,0,159,110,4,273,444,262,126,30,862,0,0,0,862
09/05/2015,HNL,HI,AWP,WE,Towers with Radar,395,79,15,18,507,0,143,178,3,324,395,222,193,21,831,2,0,2,833
09/06/2015,HNL,HI,AWP,WE,Towers with Radar,387,60,17,17,481,0,121,88,3,212,387,181,105,20,693,0,0,0,693
09/07/2015,HNL,HI,AWP,WE,Towers with Radar,396,85,19,22,522,0,105,87,0,192,396,190,106,22,714,3,0,3,717
09/08/2015,HNL,HI,AWP,WE,Towers with Radar,385,100,19,46,550,0,154,118,7,279,385,254,137,53,829,0,0,0,829
09/09/2015,HNL,HI,AWP,WE,Towers with Radar,400,103,18,77,598,0,126,112,6,244,400,229,130,83,842,1,0,1,843
09/10/2015,HNL,HI,AWP,WE,Towers with Radar,403,124,29,58,614,0,125,138,23,286,403,249,167,81,900,0,0,0,900
09/11/2015,HNL,HI,AWP,WE,Towers with Radar,427,170,13,64,674,0,29,19,2,50,427,199,32,66,724,0,0,0,724
09/12/2015,HNL,HI,AWP,WE,Towers with Radar,380,93,10,32,515,0,91,34,0,125,380,184,44,32,640,0,0,0,640
09/13/2015,HNL,HI,AWP,WE,Towers with Radar,403,114,16,26,559,0,29,21,0,50,403,143,37,26,609,0,0,0,609
09/14/2015,HNL,HI,AWP,WE,Towers with Radar,401,96,16,38,551,0,165,95,5,265,401,261,111,43,816,1,0,1,817
09/15/2015,HNL,HI,AWP,WE,Towers with Radar,374,122,13,44,553,0,145,62,1,208,374,267,75,45,761,0,0,0,761
09/16/2015,HNL,HI,AWP,WE,Towers with Radar,396,93,14,47,550,0,123,104,5,232,396,216,118,52,782,0,0,0,782
09/17/2015,HNL,HI,AWP,WE,Towers with Radar,417,121,26,42,606,0,186,164,21,371,417,307,190,63,977,0,0,0,977
09/18/2015,HNL,HI,AWP,WE,Towers with Radar,435,107,12,69,623,0,149,148,5,302,435,256,160,74,925,0,0,0,925
09/19/2015,HNL,HI,AWP,WE,Towers with Radar,403,78,18,26,525,0,88,155,4,247,403,166,173,30,772,2,0,2,774
09/20/2015,HNL,HI,AWP,WE,Towers with Radar,385,62,6,16,469,0,129,138,0,267,385,191,144,16,736,0,0,0,736
09/21/2015,HNL,HI,AWP,WE,Towers with Radar,403,126,11,32,572,0,153,81,15,249,403,279,92,47,821,0,2,2,823
09/22/2015,HNL,HI,AWP,WE,Towers with Radar,395,96,24,39,554,0,190,107,11,308,395,286,131,50,862,0,0,0,862
09/23/2015,HNL,HI,AWP,WE,Towers with Radar,411,103,28,31,573,0,163,135,11,309,411,266,163,42,882,0,0,0,882
09/24/2015,HNL,HI,AWP,WE,Towers with Radar,413,126,29,40,608,0,181,150,21,352,413,307,179,61,960,0,0,0,960
09/25/2015,HNL,HI,AWP,WE,Towers with Radar,439,130,38,48,655,0,144,129,13,286,439,274,167,61,941,0,0,0,941
09/26/2015,HNL,HI,AWP,WE,Towers with Radar,395,106,26,26,553,0,106,93,7,206,395,212,119,33,759,0,0,0,759
09/27/2015,HNL,HI,AWP,WE,Towers with Radar,412,110,35,17,574,0,73,68,1,142,412,183,103,18,716,2,0,2,718
09/28/2015,HNL,HI,AWP,WE,Towers with Radar,416,126,25,28,595,0,192,69,16,277,416,318,94,44,872,0,1,1,873
09/29/2015,HNL,HI,AWP,WE,Towers with Radar,386,114,21,25,546,0,144,85,9,238,386,258,106,34,784,4,2,6,790
09/30/2015,HNL,HI,AWP,WE,Towers with Radar,403,108,30,35,576,0,189,123,6,318,403,297,153,41,894,4,0,4,898
10/01/2015,HNL,HI,AWP,WE,Towers with Radar,413,123,18,52,606,0,169,129,8,306,413,292,147,60,912,2,0,2,914
10/02/2015,HNL,HI,AWP,WE,Towers with Radar,422,105,15,43,585,0,132,126,37,295,422,237,141,80,880,0,0,0,880
10/03/2015,HNL,HI,AWP,WE,Towers with Radar,386,67,14,34,501,0,131,175,7,313,386,198,189,41,814,0,0,0,814
10/04/2015,HNL,HI,AWP,WE,Towers with Radar,376,110,15,17,518,0,97,86,2,185,376,207,101,19,703,0,0,0,703
10/05/2015,HNL,HI,AWP,WE,Towers with Radar,416,124,20,29,589,0,124,60,3,187,416,248,80,32,776,0,0,0,776
10/06/2015,HNL,HI,AWP,WE,Towers with Radar,390,109,18,38,555,0,196,60,3,259,390,305,78,41,814,0,0,0,814
10/07/2015,HNL,HI,AWP,WE,Towers with Radar,411,92,22,53,578,0,139,170,8,317,411,231,192,61,895,0,2,2,897
10/08/2015,HNL,HI,AWP,WE,Towers with Radar,403,124,25,24,576,0,200,156,11,367,403,324,181,35,943,0,0,0,943
10/09/2015,HNL,HI,AWP,WE,Towers with Radar,431,106,40,29,606,0,179,138,5,322,431,285,178,34,928,0,0,0,928
10/10/2015,HNL,HI,AWP,WE,Towers with Radar,388,79,35,21,523,0,160,201,2,363,388,239,236,23,886,0,0,0,886
10/11/2015,HNL,HI,AWP,WE,Towers with Radar,385,88,21,22,516,0,130,129,2,261,385,218,150,24,777,1,0,1,778
10/12/2015,HNL,HI,AWP,WE,Towers with Radar,455,135,33,26,649,0,48,66,0,114,455,183,99,26,763,8,0,8,771
10/13/2015,HNL,HI,AWP,WE,Towers with Radar,385,113,29,38,565,0,159,112,10,281,385,272,141,48,846,1,0,1,847
10/14/2015,HNL,HI,AWP,WE,Towers with Radar,411,118,34,61,624,0,141,147,8,296,411,259,181,69,920,0,0,0,920
10/15/2015,HNL,HI,AWP,WE,Towers with Radar,404,124,19,49,596,0,81,150,5,236,404,205,169,54,832,6,0,6,838
10/16/2015,HNL,HI,AWP,WE,Towers with Radar,430,146,32,32,640,0,187,146,10,343,430,333,178,42,983,0,0,0,983
10/17/2015,HNL,HI,AWP,WE,Towers with Radar,388,71,11,25,495,0,130,133,2,265,388,201,144,27,760,0,0,0,760
10/18/2015,HNL,HI,AWP,WE,Towers with Radar,385,50,15,24,474,0,135,104,2,241,385,185,119,26,715,0,0,0,715
10/19/2015,HNL,HI,AWP,WE,Towers with Radar,418,101,15,23,557,0,177,118,7,302,418,278,133,30,859,6,0,6,865
10/20/2015,HNL,HI,AWP,WE,Towers with Radar,392,99,13,36,540,0,168,118,15,301,392,267,131,51,841,0,0,0,841
10/21/2015,HNL,HI,AWP,WE,Towers with Radar,404,108,33,64,609,0,171,164,15,350,404,279,197,79,959,0,0,0,959
10/22/2015,HNL,HI,AWP,WE,Towers with Radar,401,117,22,43,583,0,173,183,19,375,401,290,205,62,958,3,0,3,961
10/23/2015,HNL,HI,AWP,WE,Towers with Radar,423,109,24,62,618,0,170,150,11,331,423,279,174,73,949,0,0,0,949
10/24/2015,HNL,HI,AWP,WE,Towers with Radar,393,89,14,28,524,0,94,154,4,252,393,183,168,32,776,0,1,1,777
10/25/2015,HNL,HI,AWP,WE,Towers with Radar,382,58,18,28,486,0,111,112,0,223,382,169,130,28,709,0,0,0,709
10/26/2015,HNL,HI,AWP,WE,Towers with Radar,403,97,18,21,539,0,176,145,8,329,403,273,163,29,868,0,1,1,869
10/27/2015,HNL,HI,AWP,WE,Towers with Radar,394,109,19,51,573,0,150,120,11,281,394,259,139,62,854,0,0,0,854
10/28/2015,HNL,HI,AWP,WE,Towers with Radar,402,108,26,40,576,0,109,145,12,266,402,217,171,52,842,0,0,0,842
10/29/2015,HNL,HI,AWP,WE,Towers with Radar,414,116,30,45,605,0,132,172,13,317,414,248,202,58,922,0,0,0,922
10/30/2015,HNL,HI,AWP,WE,Towers with Radar,439,116,15,34,604,0,146,99,2,247,439,262,114,36,851,0,0,0,851
10/31/2015,HNL,HI,AWP,WE,Towers with Radar,397,90,23,38,548,0,74,81,5,160,397,164,104,43,708,0,0,0,708
11/01/2015,HNL,HI,AWP,WE,Towers with Radar,371,69,8,35,483,0,93,96,1,190,371,162,104,36,673,2,0,2,675
11/02/2015,HNL,HI,AWP,WE,Towers with Radar,406,118,31,37,592,0,133,99,12,244,406,251,130,49,836,0,0,0,836
11/03/2015,HNL,HI,AWP,WE,Towers with Radar,395,112,21,45,573,0,175,88,16,279,395,287,109,61,852,0,0,0,852
11/04/2015,HNL,HI,AWP,WE,Towers with Radar,424,97,28,74,623,0,138,100,9,247,424,235,128,83,870,0,0,0,870
11/05/2015,HNL,HI,AWP,WE,Towers with Radar,410,123,28,70,631,0,123,88,11,222,410,246,116,81,853,0,0,0,853
11/06/2015,HNL,HI,AWP,WE,Towers with Radar,417,111,33,76,637,0,155,155,15,325,417,266,188,91,962,0,0,0,962
11/07/2015,HNL,HI,AWP,WE,Towers with Radar,404,80,26,91,601,0,81,106,3,190,404,161,132,94,791,0,0,0,791
11/08/2015,HNL,HI,AWP,WE,Towers with Radar,372,71,16,31,490,0,107,84,4,195,372,178,100,35,685,0,0,0,685
11/09/2015,HNL,HI,AWP,WE,Towers with Radar,399,121,12,42,574,0,151,84,14,249,399,272,96,56,823,0,0,0,823
11/10/2015,HNL,HI,AWP,WE,Towers with Radar,391,102,27,45,565,0,181,84,10,275,391,283,111,55,840,2,0,2,842
11/11/2015,HNL,HI,AWP,WE,Towers with Radar,393,104,13,40,550,0,145,173,2,320,393,249,186,42,870,0,0,0,870
11/12/2015,HNL,HI,AWP,WE,Towers with Radar,418,133,20,52,623,0,126,132,13,271,418,259,152,65,894,0,3,3,897
11/13/2015,HNL,HI,AWP,WE,Towers with Radar,442,135,10,52,639,0,92,130,12,234,442,227,140,64,873,0,0,0,873
11/14/2015,HNL,HI,AWP,WE,Towers with Radar,396,87,21,54,558,0,97,119,3,219,396,184,140,57,777,0,1,1,778
11/15/2015,HNL,HI,AWP,WE,Towers with Radar,377,79,31,24,511,0,136,119,2,257,377,215,150,26,768,0,0,0,768
11/16/2015,HNL,HI,AWP,WE,Towers with Radar,424,94,21,61,600,0,166,111,12,289,424,260,132,73,889,0,0,0,889
11/17/2015,HNL,HI,AWP,WE,Towers with Radar,405,90,22,49,566,0,149,104,10,263,405,239,126,59,829,0,0,0,829
11/18/2015,HNL,HI,AWP,WE,Towers with Radar,413,104,29,42,588,0,169,138,15,322,413,273,167,57,910,0,0,0,910
11/19/2015,HNL,HI,AWP,WE,Towers with Radar,466,141,20,48,675,0,117,100,17,234,466,258,120,65,909,0,0,0,909
11/20/2015,HNL,HI,AWP,WE,Towers with Radar,440,139,21,45,645,0,41,40,2,83,440,180,61,47,728,0,0,0,728
11/21/2015,HNL,HI,AWP,WE,Towers with Radar,399,121,21,32,573,0,42,34,0,76,399,163,55,32,649,0,0,0,649
11/22/2015,HNL,HI,AWP,WE,Towers with Radar,375,115,22,38,550,0,2,7,0,9,375,117,29,38,559,0,0,0,559
11/23/2015,HNL,HI,AWP,WE,Towers with Radar,420,129,26,53,628,0,26,10,1,37,420,155,36,54,665,0,0,0,665
11/24/2015,HNL,HI,AWP,WE,Towers with Radar,408,133,24,28,593,0,135,125,3,263,408,268,149,31,856,0,2,2,858
11/25/2015,HNL,HI,AWP,WE,Towers with Radar,446,100,20,24,590,0,181,87,2,270,446,281,107,26,860,0,0,0,860
11/26/2015,HNL,HI,AWP,WE,Towers with Radar,376,84,11,7,478,0,97,38,0,135,376,181,49,7,613,1,0,1,614
11/27/2015,HNL,HI,AWP,WE,Towers with Radar,411,132,26,16,585,0,151,89,1,241,411,283,115,17,826,0,0,0,826
11/28/2015,HNL,HI,AWP,WE,Towers with Radar,405,98,16,11,530,0,114,149,4,267,405,212,165,15,797,0,0,0,797
11/29/2015,HNL,HI,AWP,WE,Towers with Radar,409,90,23,9,531,0,161,118,2,281,409,251,141,11,812,0,0,0,812
11/30/2015,HNL,HI,AWP,WE,Towers with Radar,422,95,24,75,616,0,153,101,12,266,422,248,125,87,882,0,0,0,882
12/01/2015,HNL,HI,AWP,WE,Towers with Radar,407,93,19,28,547,0,155,148,10,313,407,248,167,38,860,0,0,0,860
12/02/2015,HNL,HI,AWP,WE,Towers with Radar,423,124,36,52,635,0,108,113,12,233,423,232,149,64,868,0,0,0,868
12/03/2015,HNL,HI,AWP,WE,Towers with Radar,424,114,28,47,613,0,153,146,11,310,424,267,174,58,923,0,0,0,923
12/04/2015,HNL,HI,AWP,WE,Towers with Radar,436,124,13,34,607,0,159,146,6,311,436,283,159,40,918,0,0,0,918
12/05/2015,HNL,HI,AWP,WE,Towers with Radar,409,90,33,62,594,0,109,156,6,271,409,199,189,68,865,1,0,1,866
12/06/2015,HNL,HI,AWP,WE,Towers with Radar,374,68,11,10,463,0,93,104,0,197,374,161,115,10,660,0,0,0,660
12/07/2015,HNL,HI,AWP,WE,Towers with Radar,431,122,18,33,604,0,150,109,2,261,431,272,127,35,865,0,0,0,865
12/08/2015,HNL,HI,AWP,WE,Towers with Radar,404,108,25,38,575,0,139,120,8,267,404,247,145,46,842,0,0,0,842
12/09/2015,HNL,HI,AWP,WE,Towers with Radar,405,137,26,55,623,0,122,81,4,207,405,259,107,59,830,0,0,0,830
12/10/2015,HNL,HI,AWP,WE,Towers with Radar,451,127,18,49,645,0,108,114,7,229,451,235,132,56,874,0,0,0,874
12/11/2015,HNL,HI,AWP,WE,Towers with Radar,464,123,23,35,645,0,143,139,52,334,464,266,162,87,979,0,0,0,979
12/12/2015,HNL,HI,AWP,WE,Towers with Radar,405,87,24,41,557,0,95,149,9,253,405,182,173,50,810,0,0,0,810
12/13/2015,HNL,HI,AWP,WE,Towers with Radar,379,69,24,28,500,0,68,111,15,194,379,137,135,43,694,0,0,0,694
12/14/2015,HNL,HI,AWP,WE,Towers with Radar,445,106,22,42,615,0,111,94,10,215,445,217,116,52,830,0,0,0,830
12/15/2015,HNL,HI,AWP,WE,Towers with Radar,415,106,22,34,577,0,169,117,23,309,415,275,139,57,886,0,0,0,886
12/16/2015,HNL,HI,AWP,WE,Towers with Radar,428,113,28,72,641,0,122,161,16,299,428,235,189,88,940,0,0,0,940
12/17/2015,HNL,HI,AWP,WE,Towers with Radar,444,127,24,77,672,0,99,123,18,240,444,226,147,95,912,0,0,0,912
12/18/2015,HNL,HI,AWP,WE,Towers with Radar,471,144,37,37,689,0,100,97,4,201,471,244,134,41,890,0,0,0,890
12/19/2015,HNL,HI,AWP,WE,Towers with Radar,451,140,16,33,640,0,120,49,2,171,451,260,65,35,811,0,0,0,811
12/20/2015,HNL,HI,AWP,WE,Towers with Radar,413,97,17,8,535,0,67,30,1,98,413,164,47,9,633,0,0,0,633
12/21/2015,HNL,HI,AWP,WE,Towers with Radar,473,126,39,31,669,0,134,40,2,176,473,260,79,33,845,0,0,0,845
12/22/2015,HNL,HI,AWP,WE,Towers with Radar,447,133,42,39,661,0,164,35,2,201,447,297,77,41,862,0,0,0,862
12/23/2015,HNL,HI,AWP,WE,Towers with Radar,468,146,25,17,656,0,167,108,4,279,468,313,133,21,935,0,0,0,935
12/24/2015,HNL,HI,AWP,WE,Towers with Radar,446,138,17,9,610,0,182,111,2,295,446,320,128,11,905,0,0,0,905
12/25/2015,HNL,HI,AWP,WE,Towers with Radar,408,83,16,3,510,0,128,19,0,147,408,211,35,3,657,0,0,0,657
12/26/2015,HNL,HI,AWP,WE,Towers with Radar,373,104,33,11,521,0,148,48,0,196,373,252,81,11,717,0,0,0,717
12/27/2015,HNL,HI,AWP,WE,Towers with Radar,411,75,26,15,527,0,210,42,1,253,411,285,68,16,780,0,0,0,780
12/28/2015,HNL,HI,AWP,WE,Towers with Radar,468,110,29,16,623,0,250,64,0,314,468,360,93,16,937,0,0,0,937
12/29/2015,HNL,HI,AWP,WE,Towers with Radar,499,129,39,35,702,0,266,62,2,330,499,395,101,37,1032,0,0,0,1032
12/30/2015,HNL,HI,AWP,WE,Towers with Radar,441,178,37,28,684,0,136,134,2,272,441,314,171,30,956,0,0,0,956
12/31/2015,HNL,HI,AWP,WE,Towers with Radar,444,153,24,5,626,0,151,84,1,236,444,304,108,6,862,0,0,0,862
01/01/2016,HNL,HI,AWP,WE,Towers with Radar,424,80,19,5,528,0,76,20,0,96,424,156,39,5,624,0,0,0,624
01/02/2016,HNL,HI,AWP,WE,Towers with Radar,465,115,43,16,639,0,233,29,2,264,465,348,72,18,903,0,0,0,903
01/03/2016,HNL,HI,AWP,WE,Towers with Radar,417,99,31,9,556,0,144,81,1,226,417,243,112,10,782,0,0,0,782
01/04/2016,HNL,HI,AWP,WE,Towers with Radar,438,114,18,22,592,0,199,85,4,288,438,313,103,26,880,0,0,0,880
01/05/2016,HNL,HI,AWP,WE,Towers with Radar,418,109,26,30,583,0,198,123,5,326,418,307,149,35,909,2,0,2,911
01/06/2016,HNL,HI,AWP,WE,Towers with Radar,427,120,27,46,620,0,144,135,12,291,427,264,162,58,911,0,0,0,911
01/07/2016,HNL,HI,AWP,WE,Towers with Radar,440,95,22,31,588,0,155,130,8,293,440,250,152,39,881,0,0,0,881
01/08/2016,HNL,HI,AWP,WE,Towers with Radar,430,101,31,24,586,0,130,132,30,292,430,231,163,54,878,0,0,0,878
01/09/2016,HNL,HI,AWP,WE,Towers with Radar,413,87,30,30,560,0,118,80,10,208,413,205,110,40,768,0,0,0,768
01/10/2016,HNL,HI,AWP,WE,Towers with Radar,393,64,18,31,506,0,133,119,2,254,393,197,137,33,760,0,0,0,760
01/11/2016,HNL,HI,AWP,WE,Towers with Radar,403,118,18,21,560,0,124,78,12,214,403,242,96,33,774,0,0,0,774
01/12/2016,HNL,HI,AWP,WE,Towers with Radar,417,88,20,35,560,0,144,131,7,282,417,232,151,42,842,0,0,0,842
01/13/2016,HNL,HI,AWP,WE,Towers with Radar,420,105,26,35,586,0,137,124,24,285,420,242,150,59,871,0,1,1,872
01/14/2016,HNL,HI,AWP,WE,Towers with Radar,421,101,18,48,588,0,138,120,6,264,421,239,138,54,852,0,1,1,853
01/15/2016,HNL,HI,AWP,WE,Towers with Radar,450,137,28,40,655,0,95,101,3,199,450,232,129,43,854,0,0,0,854
01/16/2016,HNL,HI,AWP,WE,Towers with Radar,388,84,14,16,502,0,130,156,0,286,388,214,170,16,788,0,0,0,788
01/17/2016,HNL,HI,AWP,WE,Towers with Radar,369,68,28,20,485,0,119,117,0,236,369,187,145,20,721,0,0,0,721
01/18/2016,HNL,HI,AWP,WE,Towers with Radar,421,95,9,15,540,0,118,129,3,250,421,213,138,18,790,0,0,0,790
01/19/2016,HNL,HI,AWP,WE,Towers with Radar,410,101,19,33,563,0,182,87,25,294,410,283,106,58,857,0,0,0,857
01/20/2016,HNL,HI,AWP,WE,Towers with Radar,411,125,43,59,638,0,94,89,6,189,411,219,132,65,827,2,0,2,829
01/21/2016,HNL,HI,AWP,WE,Towers with Radar,406,112,21,61,600,0,136,102,6,244,406,248,123,67,844,0,0,0,844
01/22/2016,HNL,HI,AWP,WE,Towers with Radar,416,104,24,57,601,0,152,102,3,257,416,256,126,60,858,0,0,0,858
01/23/2016,HNL,HI,AWP,WE,Towers with Radar,400,85,21,23,529,0,93,101,1,195,400,178,122,24,724,0,0,0,724
01/24/2016,HNL,HI,AWP,WE,Towers with Radar,384,86,16,33,519,0,92,97,0,189,384,178,113,33,708,0,0,0,708
01/25/2016,HNL,HI,AWP,WE,Towers with Radar,414,136,16,23,589,0,97,87,10,194,414,233,103,33,783,0,1,1,784
01/26/2016,HNL,HI,AWP,WE,Towers with Radar,383,100,17,50,550,0,154,128,4,286,383,254,145,54,836,0,0,0,836
01/27/2016,HNL,HI,AWP,WE,Towers with Radar,401,110,22,32,565,0,124,119,4,247,401,234,141,36,812,0,0,0,812
01/28/2016,HNL,HI,AWP,WE,Towers with Radar,425,116,23,62,626,0,133,122,6,261,425,249,145,68,887,0,0,0,887
01/29/2016,HNL,HI,AWP,WE,Towers with Radar,436,99,23,47,605,0,133,103,10,246,436,232,126,57,851,1,0,1,852
01/30/2016,HNL,HI,AWP,WE,Towers with Radar,406,95,25,52,578,0,96,126,3,225,406,191,151,55,803,0,0,0,803
01/31/2016,HNL,HI,AWP,WE,Towers with Radar,370,70,25,31,496,0,128,100,3,231,370,198,125,34,727,0,0,0,727
02/01/2016,HNL,HI,AWP,WE,Towers with Radar,413,86,27,38,564,0,170,118,4,292,413,256,145,42,856,0,0,0,856
02/02/2016,HNL,HI,AWP,WE,Towers with Radar,400,102,24,37,563,0,156,111,12,279,400,258,135,49,842,0,0,0,842
02/03/2016,HNL,HI,AWP,WE,Towers with Radar,414,104,23,50,591,0,122,129,12,263,414,226,152,62,854,0,0,0,854
02/04/2016,HNL,HI,AWP,WE,Towers with Radar,418,104,22,36,580,0,135,129,10,274,418,239,151,46,854,0,1,1,855
02/05/2016,HNL,HI,AWP,WE,Towers with Radar,447,104,19,27,597,0,125,117,16,258,447,229,136,43,855,0,0,0,855
02/06/2016,HNL,HI,AWP,WE,Towers with Radar,407,87,24,28,546,0,62,125,2,189,407,149,149,30,735,0,0,0,735
02/07/2016,HNL,HI,AWP,WE,Towers with Radar,385,76,17,24,502,0,124,67,8,199,385,200,84,32,701,0,0,0,701
02/08/2016,HNL,HI,AWP,WE,Towers with Radar,420,98,20,47,585,0,174,95,15,284,420,272,115,62,869,0,0,0,869
02/09/2016,HNL,HI,AWP,WE,Towers with Radar,418,96,28,32,574,0,220,140,9,369,418,316,168,41,943,0,0,0,943
02/10/2016,HNL,HI,AWP,WE,Towers with Radar,411,96,39,41,587,0,151,135,8,294,411,247,174,49,881,0,0,0,881
02/11/2016,HNL,HI,AWP,WE,Towers with Radar,440,97,30,41,608,0,184,119,11,314,440,281,149,52,922,0,0,0,922
02/12/2016,HNL,HI,AWP,WE,Towers with Radar,455,115,21,30,621,0,178,147,2,327,455,293,168,32,948,0,0,0,948
02/13/2016,HNL,HI,AWP,WE,Towers with Radar,428,100,19,25,572,0,176,112,1,289,428,276,131,26,861,0,0,0,861
02/14/2016,HNL,HI,AWP,WE,Towers with Radar,414,72,15,19,520,0,175,122,7,304,414,247,137,26,824,0,0,0,824
02/15/2016,HNL,HI,AWP,WE,Towers with Radar,388,89,14,27,518,0,181,98,0,279,388,270,112,27,797,0,0,0,797
02/16/2016,HNL,HI,AWP,WE,Towers with Radar,419,109,24,23,575,0,110,72,2,184,419,219,96,25,759,0,0,0,759
02/17/2016,HNL,HI,AWP,WE,Towers with Radar,423,105,19,22,569,0,148,79,6,233,423,253,98,28,802,0,0,0,802
02/18/2016,HNL,HI,AWP,WE,Towers with Radar,429,130,25,45,629,0,121,114,12,247,429,251,139,57,876,0,0,0,876
02/19/2016,HNL,HI,AWP,WE,Towers with Radar,443,127,13,63,646,0,182,117,9,308,443,309,130,72,954,0,0,0,954
02/20/2016,HNL,HI,AWP,WE,Towers with Radar,404,86,18,43,551,0,98,104,7,209,404,184,122,50,760,0,0,0,760
02/21/2016,HNL,HI,AWP,WE,Towers with Radar,368,85,22,38,513,0,76,41,12,129,368,161,63,50,642,0,0,0,642
02/22/2016,HNL,HI,AWP,WE,Towers with Radar,432,87,16,34,569,0,158,126,17,301,432,245,142,51,870,0,0,0,870
02/23/2016,HNL,HI,AWP,WE,Towers with Radar,414,109,15,47,585,0,114,102,12,228,414,223,117,59,813,0,0,0,813
02/24/2016,HNL,HI,AWP,WE,Towers with Radar,407,108,26,42,583,0,108,112,16,236,407,216,138,58,819,0,0,0,819
02/25/2016,HNL,HI,AWP,WE,Towers with Radar,450,103,26,54,633,0,125,117,7,249,450,228,143,61,882,1,0,1,883
02/26/2016,HNL,HI,AWP,WE,Towers with Radar,455,134,29,49,667,0,135,126,3,264,455,269,155,52,931,0,0,0,931
02/27/2016,HNL,HI,AWP,WE,Towers with Radar,405,83,24,24,536,0,89,136,3,228,405,172,160,27,764,0,0,0,764
02/28/2016,HNL,HI,AWP,WE,Towers with Radar,401,78,14,24,517,0,102,81,1,184,401,180,95,25,701,0,0,0,701
02/29/2016,HNL,HI,AWP,WE,Towers with Radar,427,109,20,26,582,0,97,99,6,202,427,206,119,32,784,0,0,0,784
03/01/2016,HNL,HI,AWP,WE,Towers with Radar,413,104,14,28,559,0,131,72,9,212,413,235,86,37,771,0,0,0,771
03/02/2016,HNL,HI,AWP,WE,Towers with Radar,442,91,41,55,629,0,103,110,6,219,442,194,151,61,848,0,0,0,848
03/03/2016,HNL,HI,AWP,WE,Towers with Radar,436,97,16,49,598,0,98,117,6,221,436,195,133,55,819,2,0,2,821
03/04/2016,HNL,HI,AWP,WE,Towers with Radar,425,103,34,30,592,0,122,109,0,231,425,225,143,30,823,0,0,0,823
03/05/2016,HNL,HI,AWP,WE,Towers with Radar,394,90,15,34,533,0,113,102,3,218,394,203,117,37,751,0,0,0,751
03/06/2016,HNL,HI,AWP,WE,Towers with Radar,394,87,18,45,544,0,91,115,3,209,394,178,133,48,753,0,0,0,753
03/07/2016,HNL,HI,AWP,WE,Towers with Radar,419,104,17,53,593,0,145,85,7,237,419,249,102,60,830,1,2,3,833
03/08/2016,HNL,HI,AWP,WE,Towers with Radar,397,114,20,31,562,0,74,62,2,138,397,188,82,33,700,0,0,0,700
03/09/2016,HNL,HI,AWP,WE,Towers with Radar,406,125,23,33,587,0,97,92,7,196,406,222,115,40,783,0,0,0,783
03/10/2016,HNL,HI,AWP,WE,Towers with Radar,427,125,28,41,621,0,112,89,12,213,427,237,117,53,834,3,0,3,837
03/11/2016,HNL,HI,AWP,WE,Towers with Radar,433,144,32,40,649,0,104,88,16,208,433,248,120,56,857,0,0,0,857
03/12/2016,HNL,HI,AWP,WE,Towers with Radar,385,106,21,45,557,0,116,105,2,223,385,222,126,47,780,0,0,0,780
03/13/2016,HNL,HI,AWP,WE,Towers with Radar,393,79,35,26,533,0,140,99,8,247,393,219,134,34,780,0,0,0,780
03/14/2016,HNL,HI,AWP,WE,Towers with Radar,420,105,33,63,621,0,125,116,10,251,420,230,149,73,872,0,0,0,872
03/15/2016,HNL,HI,AWP,WE,Towers with Radar,435,114,21,43,613,0,151,102,2,255,435,265,123,45,868,0,0,0,868
03/16/2016,HNL,HI,AWP,WE,Towers with Radar,439,133,35,37,644,0,89,72,5,166,439,222,107,42,810,0,0,0,810
03/17/2016,HNL,HI,AWP,WE,Towers with Radar,464,111,18,34,627,0,156,108,7,271,464,267,126,41,898,0,0,0,898
03/18/2016,HNL,HI,AWP,WE,Towers with Radar,469,114,26,43,652,0,141,104,8,253,469,255,130,51,905,0,0,0,905
03/19/2016,HNL,HI,AWP,WE,Towers with Radar,416,94,31,29,570,0,121,127,5,253,416,215,158,34,823,0,0,0,823
03/20/2016,HNL,HI,AWP,WE,Towers with Radar,398,62,20,17,497,0,169,112,4,285,398,231,132,21,782,0,0,0,782
03/21/2016,HNL,HI,AWP,WE,Towers with Radar,425,117,19,27,588,0,117,94,15,226,425,234,113,42,814,0,0,0,814
03/22/2016,HNL,HI,AWP,WE,Towers with Radar,427,105,15,24,571,0,143,81,3,227,427,248,96,27,798,0,0,0,798
03/23/2016,HNL,HI,AWP,WE,Towers with Radar,432,90,12,24,558,0,151,168,4,323,432,241,180,28,881,4,0,4,885
03/24/2016,HNL,HI,AWP,WE,Towers with Radar,462,107,20,52,641,0,151,150,9,310,462,258,170,61,951,0,0,0,951
03/25/2016,HNL,HI,AWP,WE,Towers with Radar,471,128,11,20,630,0,67,44,6,117,471,195,55,26,747,0,0,0,747
03/26/2016,HNL,HI,AWP,WE,Towers with Radar,432,88,15,20,555,0,106,122,6,234,432,194,137,26,789,0,0,0,789
03/27/2016,HNL,HI,AWP,WE,Towers with Radar,425,71,24,16,536,0,113,120,1,234,425,184,144,17,770,0,0,0,770
03/28/2016,HNL,HI,AWP,WE,Towers with Radar,426,111,15,50,602,0,131,141,7,279,426,242,156,57,881,1,0,1,882
03/29/2016,HNL,HI,AWP,WE,Towers with Radar,428,107,26,44,605,0,132,120,9,261,428,239,146,53,866,0,0,0,866
03/30/2016,HNL,HI,AWP,WE,Towers with Radar,424,97,31,28,580,0,141,115,6,262,424,238,146,34,842,0,0,0,842
03/31/2016,HNL,HI,AWP,WE,Towers with Radar,451,103,22,25,601,0,126,105,8,239,451,229,127,33,840,0,0,0,840
04/01/2016,HNL,HI,AWP,WE,Towers with Radar,461,137,25,41,664,0,123,145,2,270,461,260,170,43,934,0,0,0,934
04/02/2016,HNL,HI,AWP,WE,Towers with Radar,426,70,23,33,552,0,137,206,3,346,426,207,229,36,898,0,0,0,898
04/03/2016,HNL,HI,AWP,WE,Towers with Radar,427,60,24,23,534,0,109,105,1,215,427,169,129,24,749,4,0,4,753
04/04/2016,HNL,HI,AWP,WE,Towers with Radar,417,91,21,25,554,0,163,95,10,268,417,254,116,35,822,0,0,0,822
04/05/2016,HNL,HI,AWP,WE,Towers with Radar,425,115,18,24,582,0,117,104,1,222,425,232,122,25,804,0,0,0,804
04/06/2016,HNL,HI,AWP,WE,Towers with Radar,430,103,11,32,576,0,106,60,2,168,430,209,71,34,744,0,0,0,744
04/07/2016,HNL,HI,AWP,WE,Towers with Radar,448,112,19,20,599,0,95,57,5,157,448,207,76,25,756,0,0,0,756
04/08/2016,HNL,HI,AWP,WE,Towers with Radar,462,118,25,27,632,0,148,78,5,231,462,266,103,32,863,0,0,0,863
04/09/2016,HNL,HI,AWP,WE,Towers with Radar,418,105,20,30,573,0,76,75,2,153,418,181,95,32,726,0,0,0,726
04/10/2016,HNL,HI,AWP,WE,Towers with Radar,415,60,15,26,516,0,89,87,1,177,415,149,102,27,693,0,0,0,693
04/11/2016,HNL,HI,AWP,WE,Towers with Radar,422,103,13,30,568,0,117,76,1,194,422,220,89,31,762,0,0,0,762
04/12/2016,HNL,HI,AWP,WE,Towers with Radar,429,98,15,14,556,0,131,74,4,209,429,229,89,18,765,0,0,0,765
04/13/2016,HNL,HI,AWP,WE,Towers with Radar,435,115,27,52,629,0,137,56,2,195,435,252,83,54,824,0,0,0,824
04/14/2016,HNL,HI,AWP,WE,Towers with Radar,439,116,21,24,600,0,127,83,7,217,439,243,104,31,817,0,0,0,817
04/15/2016,HNL,HI,AWP,WE,Towers with Radar,452,108,23,31,614,0,153,108,3,264,452,261,131,34,878,0,0,0,878
04/16/2016,HNL,HI,AWP,WE,Towers with Radar,430,98,20,50,598,0,105,101,2,208,430,203,121,52,806,0,0,0,806
04/17/2016,HNL,HI,AWP,WE,Towers with Radar,404,80,21,12,517,0,39,52,1,92,404,119,73,13,609,0,0,0,609
04/18/2016,HNL,HI,AWP,WE,Towers with Radar,443,118,23,27,611,0,123,95,4,222,443,241,118,31,833,0,0,0,833
04/19/2016,HNL,HI,AWP,WE,Towers with Radar,422,102,24,39,587,0,146,103,6,255,422,248,127,45,842,0,0,0,842
04/20/2016,HNL,HI,AWP,WE,Towers with Radar,432,118,26,37,613,0,136,106,7,249,432,254,132,44,862,0,0,0,862
04/21/2016,HNL,HI,AWP,WE,Towers with Radar,454,95,19,38,606,0,148,126,5,279,454,243,145,43,885,0,0,0,885
04/22/2016,HNL,HI,AWP,WE,Towers with Radar,452,126,15,23,616,0,174,112,4,290,452,300,127,27,906,0,0,0,906
04/23/2016,HNL,HI,AWP,WE,Towers with Radar,423,113,31,17,584,0,116,92,2,210,423,229,123,19,794,0,0,0,794
04/24/2016,HNL,HI,AWP,WE,Towers with Radar,390,78,18,14,500,1,145,97,15,258,391,223,115,29,758,0,0,0,758
04/25/2016,HNL,HI,AWP,WE,Towers with Radar,423,105,20,24,572,0,176,88,15,279,423,281,108,39,851,4,0,4,855
04/26/2016,HNL,HI,AWP,WE,Towers with Radar,415,108,22,27,572,0,204,110,4,318,415,312,132,31,890,0,0,0,890
04/27/2016,HNL,HI,AWP,WE,Towers with Radar,431,99,31,41,602,0,138,115,8,261,431,237,146,49,863,0,0,0,863
04/28/2016,HNL,HI,AWP,WE,Towers with Radar,442,124,13,42,621,0,117,80,11,208,442,241,93,53,829,0,2,2,831
04/29/2016,HNL,HI,AWP,WE,Towers with Radar,462,106,20,33,621,0,157,120,3,280,462,263,140,36,901,0,0,0,901
04/30/2016,HNL,HI,AWP,WE,Towers with Radar,414,94,40,20,568,0,105,113,1,219,414,199,153,21,787,2,0,2,789
05/01/2016,HNL,HI,AWP,WE,Towers with Radar,406,66,11,14,497,0,124,82,1,207,406,190,93,15,704,0,0,0,704
05/02/2016,HNL,HI,AWP,WE,Towers with Radar,430,125,18,22,595,0,134,95,4,233,430,259,113,26,828,0,0,0,828
05/03/2016,HNL,HI,AWP,WE,Towers with Radar,426,114,17,27,584,0,122,73,5,200,426,236,90,32,784,0,0,0,784
05/04/2016,HNL,HI,AWP,WE,Towers with Radar,438,106,22,41,607,0,77,79,5,161,438,183,101,46,768,0,0,0,768
05/05/2016,HNL,HI,AWP,WE,Towers with Radar,453,118,21,57,649,0,114,151,10,275,453,232,172,67,924,0,0,0,924
05/06/2016,HNL,HI,AWP,WE,Towers with Radar,460,137,22,34,653,0,156,92,4,252,460,293,114,38,905,0,0,0,905
05/07/2016,HNL,HI,AWP,WE,Towers with Radar,434,107,18,16,575,0,104,128,2,234,434,211,146,18,809,0,0,0,809
05/08/2016,HNL,HI,AWP,WE,Towers with Radar,398,89,9,17,513,0,137,106,1,244,398,226,115,18,757,0,0,0,757
05/09/2016,HNL,HI,AWP,WE,Towers with Radar,426,121,14,38,599,0,123,89,3,215,426,244,103,41,814,0,0,0,814
05/10/2016,HNL,HI,AWP,WE,Towers with Radar,422,128,16,32,598,0,144,82,8,234,422,272,98,40,832,0,0,0,832
05/11/2016,HNL,HI,AWP,WE,Towers with Radar,443,99,29,36,607,0,122,119,9,250,443,221,148,45,857,0,0,0,857
05/12/2016,HNL,HI,AWP,WE,Towers with Radar,453,96,22,47,618,0,123,132,20,275,453,219,154,67,893,0,0,0,893
05/13/2016,HNL,HI,AWP,WE,Towers with Radar,460,119,23,42,644,0,119,109,11,239,460,238,132,53,883,0,0,0,883
05/14/2016,HNL,HI,AWP,WE,Towers with Radar,416,99,23,43,581,0,76,73,0,149,416,175,96,43,730,0,0,0,730
05/15/2016,HNL,HI,AWP,WE,Towers with Radar,415,66,21,33,535,0,99,112,1,212,415,165,133,34,747,0,0,0,747
05/16/2016,HNL,HI,AWP,WE,Towers with Radar,432,112,28,26,598,0,127,91,4,222,432,239,119,30,820,0,0,0,820
05/17/2016,HNL,HI,AWP,WE,Towers with Radar,423,124,19,37,603,0,146,88,7,241,423,270,107,44,844,0,0,0,844
05/18/2016,HNL,HI,AWP,WE,Towers with Radar,436,113,21,45,615,0,139,94,7,240,436,252,115,52,855,0,0,0,855
05/19/2016,HNL,HI,AWP,WE,Towers with Radar,447,118,20,47,632,0,119,140,10,269,447,237,160,57,901,0,0,0,901
05/20/2016,HNL,HI,AWP,WE,Towers with Radar,482,111,19,59,671,0,111,112,3,226,482,222,131,62,897,0,0,0,897
05/21/2016,HNL,HI,AWP,WE,Towers with Radar,464,79,23,15,581,0,112,125,1,238,464,191,148,16,819,0,0,0,819
05/22/2016,HNL,HI,AWP,WE,Towers with Radar,413,72,18,21,524,0,123,99,2,224,413,195,117,23,748,0,0,0,748
05/23/2016,HNL,HI,AWP,WE,Towers with Radar,391,103,16,37,547,0,154,104,7,265,391,257,120,44,812,0,0,0,812
05/24/2016,HNL,HI,AWP,WE,Towers with Radar,433,112,18,55,618,0,138,99,12,249,433,250,117,67,867,0,0,0,867
05/25/2016,HNL,HI,AWP,WE,Towers with Radar,469,117,20,62,668,0,112,95,12,219,469,229,115,74,887,0,0,0,887
05/26/2016,HNL,HI,AWP,WE,Towers with Radar,456,138,21,42,657,0,107,111,10,228,456,245,132,52,885,0,0,0,885
05/27/2016,HNL,HI,AWP,WE,Towers with Radar,463,139,30,35,667,0,136,131,2,269,463,275,161,37,936,0,0,0,936
05/28/2016,HNL,HI,AWP,WE,Towers with Radar,433,96,26,22,577,0,151,125,3,279,433,247,151,25,856,0,0,0,856
05/29/2016,HNL,HI,AWP,WE,Towers with Radar,404,89,13,3,509,0,113,108,1,222,404,202,121,4,731,0,0,0,731
05/30/2016,HNL,HI,AWP,WE,Towers with Radar,403,95,18,12,528,0,114,83,3,200,403,209,101,15,728,2,0,2,730
05/31/2016,HNL,HI,AWP,WE,Towers with Radar,415,137,8,57,617,0,103,67,3,173,415,240,75,60,790,0,0,0,790
06/01/2016,HNL,HI,AWP,WE,Towers with Radar,455,107,23,51,636,0,163,93,9,265,455,270,116,60,901,2,0,2,903
06/02/2016,HNL,HI,AWP,WE,Towers with Radar,464,112,19,39,634,0,137,86,6,229,464,249,105,45,863,0,0,0,863
06/03/2016,HNL,HI,AWP,WE,Towers with Radar,483,112,20,55,670,0,88,120,4,212,483,200,140,59,882,0,0,0,882
06/04/2016,HNL,HI,AWP,WE,Towers with Radar,452,94,19,90,655,0,104,174,1,279,452,198,193,91,934,0,0,0,934
06/05/2016,HNL,HI,AWP,WE,Towers with Radar,440,57,19,25,541,0,139,86,1,226,440,196,105,26,767,0,0,0,767
06/06/2016,HNL,HI,AWP,WE,Towers with Radar,455,120,23,39,637,0,139,94,13,246,455,259,117,52,883,0,0,0,883
06/07/2016,HNL,HI,AWP,WE,Towers with Radar,453,94,25,35,607,0,192,124,6,322,453,286,149,41,929,0,0,0,929
06/08/2016,HNL,HI,AWP,WE,Towers with Radar,463,97,25,65,650,0,154,148,17,319,463,251,173,82,969,0,0,0,969
06/09/2016,HNL,HI,AWP,WE,Towers with Radar,469,118,28,60,675,0,113,117,10,240,469,231,145,70,915,0,0,0,915
06/10/2016,HNL,HI,AWP,WE,Towers with Radar,468,119,27,50,664,0,164,183,3,350,468,283,210,53,1014,0,0,0,1014
06/11/2016,HNL,HI,AWP,WE,Towers with Radar,468,88,36,23,615,0,98,103,2,203,468,186,139,25,818,0,0,0,818
06/12/2016,HNL,HI,AWP,WE,Towers with Radar,424,82,12,22,540,0,76,90,5,171,424,158,102,27,711,0,0,0,711
06/13/2016,HNL,HI,AWP,WE,Towers with Radar,463,97,21,41,622,0,107,71,6,184,463,204,92,47,806,0,0,0,806
06/14/2016,HNL,HI,AWP,WE,Towers with Radar,449,108,20,36,613,0,147,78,3,228,449,255,98,39,841,0,0,0,841
06/15/2016,HNL,HI,AWP,WE,Towers with Radar,461,100,16,39,616,0,149,87,11,247,461,249,103,50,863,4,0,4,867
06/16/2016,HNL,HI,AWP,WE,Towers with Radar,464,131,21,40,656,0,142,99,6,247,464,273,120,46,903,0,0,0,903
06/17/2016,HNL,HI,AWP,WE,Towers with Radar,481,123,27,25,656,0,146,70,6,222,481,269,97,31,878,0,0,0,878
06/18/2016,HNL,HI,AWP,WE,Towers with Radar,457,82,22,25,586,0,145,88,4,237,457,227,110,29,823,0,0,0,823
06/19/2016,HNL,HI,AWP,WE,Towers with Radar,439,63,11,20,533,0,141,135,8,284,439,204,146,28,817,0,0,0,817
06/20/2016,HNL,HI,AWP,WE,Towers with Radar,461,127,34,21,643,0,128,105,12,245,461,255,139,33,888,0,0,0,888
06/21/2016,HNL,HI,AWP,WE,Towers with Radar,442,107,28,51,628,0,205,80,8,293,442,312,108,59,921,1,0,1,922
06/22/2016,HNL,HI,AWP,WE,Towers with Radar,468,110,26,32,636,0,129,96,7,232,468,239,122,39,868,0,0,0,868
06/23/2016,HNL,HI,AWP,WE,Towers with Radar,478,116,19,64,677,0,144,142,26,312,478,260,161,90,989,0,1,1,990
06/24/2016,HNL,HI,AWP,WE,Towers with Radar,486,121,28,60,695,0,164,138,1,303,486,285,166,61,998,0,0,0,998
06/25/2016,HNL,HI,AWP,WE,Towers with Radar,453,102,20,30,605,0,115,82,3,200,453,217,102,33,805,0,0,0,805
06/26/2016,HNL,HI,AWP,WE,Towers with Radar,433,68,18,35,554,0,102,128,5,235,433,170,146,40,789,2,0,2,791
06/27/2016,HNL,HI,AWP,WE,Towers with Radar,457,109,15,56,637,0,137,81,9,227,457,246,96,65,864,0,0,0,864
06/28/2016,HNL,HI,AWP,WE,Towers with Radar,458,92,11,41,602,0,177,92,10,279,458,269,103,51,881,0,0,0,881
06/29/2016,HNL,HI,AWP,WE,Towers with Radar,466,101,39,49,655,0,171,133,12,316,466,272,172,61,971,0,0,0,971
06/30/2016,HNL,HI,AWP,WE,Towers with Radar,474,114,30,43,661,0,124,87,9,220,474,238,117,52,881,0,0,0,881
07/01/2016,HNL,HI,AWP,WE,Towers with Radar,493,126,31,39,689,0,114,109,7,230,493,240,140,46,919,0,0,0,919
07/02/2016,HNL,HI,AWP,WE,Towers with Radar,428,113,17,24,582,0,104,84,5,193,428,217,101,29,775,0,0,0,775
07/03/2016,HNL,HI,AWP,WE,Towers with Radar,424,81,21,11,537,0,119,70,1,190,424,200,91,12,727,4,0,4,731
07/04/2016,HNL,HI,AWP,WE,Towers with Radar,440,71,16,14,541,0,142,87,2,231,440,213,103,16,772,0,0,0,772
07/05/2016,HNL,HI,AWP,WE,Towers with Radar,462,126,40,49,677,0,150,70,0,220,462,276,110,49,897,0,0,0,897
07/06/2016,HNL,HI,AWP,WE,Towers with Radar,480,109,48,85,722,0,167,142,13,322,480,276,190,98,1044,0,0,0,1044
07/07/2016,HNL,HI,AWP,WE,Towers with Radar,455,103,25,74,657,0,155,115,8,278,455,258,140,82,935,0,0,0,935
07/08/2016,HNL,HI,AWP,WE,Towers with Radar,462,108,28,69,667,0,117,124,9,250,462,225,152,78,917,0,0,0,917
07/09/2016,HNL,HI,AWP,WE,Towers with Radar,448,87,15,68,618,0,109,100,16,225,448,196,115,84,843,0,0,0,843
07/10/2016,HNL,HI,AWP,WE,Towers with Radar,444,63,17,25,549,0,107,115,12,234,444,170,132,37,783,0,0,0,783
07/11/2016,HNL,HI,AWP,WE,Towers with Radar,462,90,30,51,633,0,145,101,6,252,462,235,131,57,885,0,0,0,885
07/12/2016,HNL,HI,AWP,WE,Towers with Radar,451,113,12,72,648,0,171,103,8,282,451,284,115,80,930,0,0,0,930
07/13/2016,HNL,HI,AWP,WE,Towers with Radar,465,105,22,110,702,0,148,122,23,293,465,253,144,133,995,0,0,0,995
07/14/2016,HNL,HI,AWP,WE,Towers with Radar,477,125,25,121,748,0,119,131,22,272,477,244,156,143,1020,0,0,0,1020
07/15/2016,HNL,HI,AWP,WE,Towers with Radar,451,129,15,93,688,0,116,91,14,221,451,245,106,107,909,0,0,0,909
07/16/2016,HNL,HI,AWP,WE,Towers with Radar,449,91,15,46,601,0,87,103,11,201,449,178,118,57,802,0,0,0,802
07/17/2016,HNL,HI,AWP,WE,Towers with Radar,434,90,19,58,601,0,130,118,16,264,434,220,137,74,865,0,0,0,865
07/18/2016,HNL,HI,AWP,WE,Towers with Radar,456,116,3,74,649,0,131,76,16,223,456,247,79,90,872,0,0,0,872
07/19/2016,HNL,HI,AWP,WE,Towers with Radar,428,115,11,77,631,0,165,75,17,257,428,280,86,94,888,0,0,0,888
07/20/2016,HNL,HI,AWP,WE,Towers with Radar,475,106,21,86,688,0,194,104,23,321,475,300,125,109,1009,0,0,0,1009
07/21/2016,HNL,HI,AWP,WE,Towers with Radar,456,115,17,88,676,0,112,105,28,245,456,227,122,116,921,0,0,0,921
07/22/2016,HNL,HI,AWP,WE,Towers with Radar,489,125,14,103,731,0,173,122,13,308,489,298,136,116,1039,0,0,0,1039
07/23/2016,HNL,HI,AWP,WE,Towers with Radar,461,96,10,64,631,0,80,32,3,115,461,176,42,67,746,0,0,0,746
07/24/2016,HNL,HI,AWP,WE,Towers with Radar,442,101,3,19,565,0,13,1,2,16,442,114,4,21,581,0,0,0,581
07/25/2016,HNL,HI,AWP,WE,Towers with Radar,484,127,16,69,696,0,119,73,11,203,484,246,89,80,899,0,0,0,899
07/26/2016,HNL,HI,AWP,WE,Towers with Radar,441,104,38,99,682,0,184,108,19,311,441,288,146,118,993,1,0,1,994
07/27/2016,HNL,HI,AWP,WE,Towers with Radar,474,100,18,54,646,0,196,103,10,309,474,296,121,64,955,0,0,0,955
07/28/2016,HNL,HI,AWP,WE,Towers with Radar,503,108,17,30,658,0,181,78,7,266,503,289,95,37,924,0,0,0,924
07/29/2016,HNL,HI,AWP,WE,Towers with Radar,496,121,45,95,757,0,125,77,11,213,496,246,122,106,970,0,0,0,970
07/30/2016,HNL,HI,AWP,WE,Towers with Radar,447,74,19,53,593,0,124,65,9,198,447,198,84,62,791,0,0,0,791
07/31/2016,HNL,HI,AWP,WE,Towers with Radar,432,86,19,49,586,0,110,64,12,186,432,196,83,61,772,0,0,0,772
08/01/2016,HNL,HI,AWP,WE,Towers with Radar,478,128,15,66,687,0,136,64,15,215,478,264,79,81,902,0,0,0,902
08/02/2016,HNL,HI,AWP,WE,Towers with Radar,458,101,22,60,641,0,207,71,12,290,458,308,93,72,931,0,0,0,931
08/03/2016,HNL,HI,AWP,WE,Towers with Radar,480,91,34,39,644,0,188,115,10,313,480,279,149,49,957,0,0,0,957
08/04/2016,HNL,HI,AWP,WE,Towers with Radar,467,105,19,55,646,0,144,98,8,250,467,249,117,63,896,0,0,0,896
08/05/2016,HNL,HI,AWP,WE,Towers with Radar,498,103,10,54,665,0,186,121,8,315,498,289,131,62,980,0,0,0,980
08/06/2016,HNL,HI,AWP,WE,Towers with Radar,472,107,25,42,646,0,108,69,3,180,472,215,94,45,826,0,0,0,826
08/07/2016,HNL,HI,AWP,WE,Towers with Radar,441,76,13,38,568,0,64,22,1,87,441,140,35,39,655,0,0,0,655
08/08/2016,HNL,HI,AWP,WE,Towers with Radar,453,104,21,36,614,0,165,93,7,265,453,269,114,43,879,0,0,0,879
08/09/2016,HNL,HI,AWP,WE,Towers with Radar,473,101,27,32,633,0,198,92,5,295,473,299,119,37,928,0,0,0,928
08/10/2016,HNL,HI,AWP,WE,Towers with Radar,478,98,29,53,658,0,169,136,4,309,478,267,165,57,967,0,0,0,967
08/11/2016,HNL,HI,AWP,WE,Towers with Radar,474,110,26,57,667,0,136,100,3,239,474,246,126,60,906,0,0,0,906
08/12/2016,HNL,HI,AWP,WE,Towers with Radar,509,116,24,45,694,0,132,99,2,233,509,248,123,47,927,0,0,0,927
08/13/2016,HNL,HI,AWP,WE,Towers with Radar,460,88,23,36,607,0,110,133,2,245,460,198,156,38,852,0,0,0,852
08/14/2016,HNL,HI,AWP,WE,Towers with Radar,463,76,20,17,576,0,127,113,2,242,463,203,133,19,818,0,0,0,818
08/15/2016,HNL,HI,AWP,WE,Towers with Radar,474,111,20,52,657,0,124,84,4,212,474,235,104,56,869,0,0,0,869
08/16/2016,HNL,HI,AWP,WE,Towers with Radar,473,103,15,55,646,0,149,84,4,237,473,252,99,59,883,0,0,0,883
08/17/2016,HNL,HI,AWP,WE,Towers with Radar,451,103,27,39,620,0,171,111,3,285,451,274,138,42,905,0,0,0,905
08/18/2016,HNL,HI,AWP,WE,Towers with Radar,485,146,21,74,726,0,129,83,21,233,485,275,104,95,959,0,0,0,959
08/19/2016,HNL,HI,AWP,WE,Towers with Radar,506,117,25,83,731,0,121,90,3,214,506,238,115,86,945,0,0,0,945
08/20/2016,HNL,HI,AWP,WE,Towers with Radar,460,90,20,24,594,0,110,85,3,198,460,200,105,27,792,0,0,0,792
08/21/2016,HNL,HI,AWP,WE,Towers with Radar,465,90,17,32,604,0,81,100,3,184,465,171,117,35,788,0,0,0,788
08/22/2016,HNL,HI,AWP,WE,Towers with Radar,486,124,20,62,692,0,83,41,6,130,486,207,61,68,822,0,0,0,822
08/23/2016,HNL,HI,AWP,WE,Towers with Radar,439,102,16,81,638,0,170,80,15,265,439,272,96,96,903,0,0,0,903
08/24/2016,HNL,HI,AWP,WE,Towers with Radar,462,122,21,65,670,0,138,95,16,249,462,260,116,81,919,0,0,0,919
08/25/2016,HNL,HI,AWP,WE,Towers with Radar,471,110,23,83,687,0,157,124,8,289,471,267,147,91,976,0,1,1,977
08/26/2016,HNL,HI,AWP,WE,Towers with Radar,487,107,24,83,701,0,170,91,7,268,487,277,115,90,969,0,0,0,969
08/27/2016,HNL,HI,AWP,WE,Towers with Radar,450,94,35,27,606,0,132,118,5,255,450,226,153,32,861,0,0,0,861
08/28/2016,HNL,HI,AWP,WE,Towers with Radar,430,96,22,28,576,0,105,87,1,193,430,201,109,29,769,0,0,0,769
08/29/2016,HNL,HI,AWP,WE,Towers with Radar,451,97,23,71,642,0,132,85,9,226,451,229,108,80,868,0,0,0,868
08/30/2016,HNL,HI,AWP,WE,Towers with Radar,436,112,20,72,640,0,149,75,5,229,436,261,95,77,869,22,0,22,891
08/31/2016,HNL,HI,AWP,WE,Towers with Radar,448,122,30,47,647,0,100,44,9,153,448,222,74,56,800,0,1,1,801
09/01/2016,HNL,HI,AWP,WE,Towers with Radar,459,123,17,60,659,0,74,49,2,125,459,197,66,62,784,0,0,0,784
09/02/2016,HNL,HI,AWP,WE,Towers with Radar,472,140,25,70,707,0,85,59,0,144,472,225,84,70,851,0,0,0,851
09/03/2016,HNL,HI,AWP,WE,Towers with Radar,451,95,19,21,586,0,64,42,0,106,451,159,61,21,692,0,0,0,692
09/04/2016,HNL,HI,AWP,WE,Towers with Radar,428,61,8,15,512,0,41,68,0,109,428,102,76,15,621,0,0,0,621
09/05/2016,HNL,HI,AWP,WE,Towers with Radar,418,73,18,21,530,0,132,144,0,276,418,205,162,21,806,0,0,0,806
09/06/2016,HNL,HI,AWP,WE,Towers with Radar,410,106,12,27,555,0,128,102,7,237,410,234,114,34,792,0,0,0,792
09/07/2016,HNL,HI,AWP,WE,Towers with Radar,424,87,20,42,573,0,146,129,11,286,424,233,149,53,859,0,0,0,859
09/08/2016,HNL,HI,AWP,WE,Towers with Radar,433,115,20,32,600,0,173,108,7,288,433,288,128,39,888,0,0,0,888
09/09/2016,HNL,HI,AWP,WE,Towers with Radar,452,119,13,49,633,0,136,105,12,253,452,255,118,61,886,0,0,0,886
09/10/2016,HNL,HI,AWP,WE,Towers with Radar,404,88,29,51,572,0,91,86,6,183,404,179,115,57,755,0,0,0,755
09/11/2016,HNL,HI,AWP,WE,Towers with Radar,406,63,21,21,511,0,140,86,3,229,406,203,107,24,740,0,0,0,740
09/12/2016,HNL,HI,AWP,WE,Towers with Radar,424,119,30,28,601,0,81,46,5,132,424,200,76,33,733,0,0,0,733
09/13/2016,HNL,HI,AWP,WE,Towers with Radar,400,89,14,30,533,0,106,69,6,181,400,195,83,36,714,0,0,0,714
09/14/2016,HNL,HI,AWP,WE,Towers with Radar,424,125,29,24,602,0,55,45,7,107,424,180,74,31,709,0,0,0,709
09/15/2016,HNL,HI,AWP,WE,Towers with Radar,455,109,17,28,609,0,158,134,3,295,455,267,151,31,904,0,0,0,904
09/16/2016,HNL,HI,AWP,WE,Towers with Radar,462,131,25,36,654,0,118,124,3,245,462,249,149,39,899,0,0,0,899
09/17/2016,HNL,HI,AWP,WE,Towers with Radar,418,90,31,23,562,0,126,106,4,236,418,216,137,27,798,0,0,0,798
09/18/2016,HNL,HI,AWP,WE,Towers with Radar,408,69,14,15,506,0,167,127,2,296,408,236,141,17,802,0,0,0,802
09/19/2016,HNL,HI,AWP,WE,Towers with Radar,440,114,12,31,597,0,188,103,1,292,440,302,115,32,889,0,0,0,889
09/20/2016,HNL,HI,AWP,WE,Towers with Radar,426,111,17,21,575,0,214,120,8,342,426,325,137,29,917,0,0,0,917
09/21/2016,HNL,HI,AWP,WE,Towers with Radar,441,81,40,44,606,0,124,151,8,283,441,205,191,52,889,0,0,0,889
09/22/2016,HNL,HI,AWP,WE,Towers with Radar,438,106,17,31,592,0,156,139,11,306,438,262,156,42,898,0,0,0,898
09/23/2016,HNL,HI,AWP,WE,Towers with Radar,440,113,34,58,645,0,143,120,6,269,440,256,154,64,914,0,0,0,914
09/24/2016,HNL,HI,AWP,WE,Towers with Radar,428,95,17,44,584,0,117,108,10,235,428,212,125,54,819,0,0,0,819
09/25/2016,HNL,HI,AWP,WE,Towers with Radar,393,77,15,33,518,0,128,88,4,220,393,205,103,37,738,0,0,0,738
09/26/2016,HNL,HI,AWP,WE,Towers with Radar,427,96,14,37,574,0,112,85,13,210,427,208,99,50,784,0,0,0,784
09/27/2016,HNL,HI,AWP,WE,Towers with Radar,423,91,20,25,559,0,235,86,6,327,423,326,106,31,886,0,0,0,886
09/28/2016,HNL,HI,AWP,WE,Towers with Radar,431,101,22,38,592,0,173,128,8,309,431,274,150,46,901,0,0,0,901
09/29/2016,HNL,HI,AWP,WE,Towers with Radar,441,112,27,45,625,0,158,111,12,281,441,270,138,57,906,0,0,0,906
09/30/2016,HNL,HI,AWP,WE,Towers with Radar,432,126,26,47,631,0,122,113,3,238,432,248,139,50,869,0,0,0,869
10/01/2016,HNL,HI,AWP,WE,Towers with Radar,407,87,6,43,543,0,110,115,0,225,407,197,121,43,768,0,0,0,768
10/02/2016,HNL,HI,AWP,WE,Towers with Radar,393,73,14,28,508,0,106,74,1,181,393,179,88,29,689,0,0,0,689
10/03/2016,HNL,HI,AWP,WE,Towers with Radar,431,116,26,26,599,0,138,75,1,214,431,254,101,27,813,0,0,0,813
10/04/2016,HNL,HI,AWP,WE,Towers with Radar,418,107,19,35,579,0,170,97,1,268,418,277,116,36,847,0,0,0,847
10/05/2016,HNL,HI,AWP,WE,Towers with Radar,426,103,10,31,570,0,138,107,6,251,426,241,117,37,821,0,0,0,821
10/06/2016,HNL,HI,AWP,WE,Towers with Radar,435,126,28,40,629,0,157,120,5,282,435,283,148,45,911,0,0,0,911
10/07/2016,HNL,HI,AWP,WE,Towers with Radar,446,125,39,38,648,0,115,143,3,261,446,240,182,41,909,0,0,0,909
10/08/2016,HNL,HI,AWP,WE,Towers with Radar,409,95,24,12,540,0,94,117,1,212,409,189,141,13,752,0,0,0,752
10/09/2016,HNL,HI,AWP,WE,Towers with Radar,415,69,14,18,516,0,159,120,1,280,415,228,134,19,796,0,0,0,796
10/10/2016,HNL,HI,AWP,WE,Towers with Radar,415,99,38,6,558,0,108,109,15,232,415,207,147,21,790,2,0,2,792
10/11/2016,HNL,HI,AWP,WE,Towers with Radar,418,110,22,47,597,0,177,96,16,289,418,287,118,63,886,0,0,0,886
10/12/2016,HNL,HI,AWP,WE,Towers with Radar,418,103,41,34,596,0,171,132,19,322,418,274,173,53,918,0,0,0,918
10/13/2016,HNL,HI,AWP,WE,Towers with Radar,439,94,39,43,615,0,119,139,7,265,439,213,178,50,880,0,0,0,880
10/14/2016,HNL,HI,AWP,WE,Towers with Radar,433,123,28,36,620,0,138,100,5,243,433,261,128,41,863,0,0,0,863
10/15/2016,HNL,HI,AWP,WE,Towers with Radar,410,87,23,21,541,0,125,94,2,221,410,212,117,23,762,0,0,0,762
10/16/2016,HNL,HI,AWP,WE,Towers with Radar,398,99,14,14,525,0,137,94,5,236,398,236,108,19,761,0,0,0,761
10/17/2016,HNL,HI,AWP,WE,Towers with Radar,433,109,22,52,616,0,117,87,20,224,433,226,109,72,840,0,0,0,840
10/18/2016,HNL,HI,AWP,WE,Towers with Radar,418,92,29,69,608,0,136,110,10,256,418,228,139,79,864,0,0,0,864
10/19/2016,HNL,HI,AWP,WE,Towers with Radar,436,95,26,60,617,0,144,101,8,253,436,239,127,68,870,0,0,0,870
10/20/2016,HNL,HI,AWP,WE,Towers with Radar,447,100,23,58,628,0,145,114,9,268,447,245,137,67,896,0,0,0,896
10/21/2016,HNL,HI,AWP,WE,Towers with Radar,438,108,19,57,622,0,115,84,5,204,438,223,103,62,826,0,0,0,826
10/22/2016,HNL,HI,AWP,WE,Towers with Radar,408,77,19,23,527,0,122,88,14,224,408,199,107,37,751,0,0,0,751
10/23/2016,HNL,HI,AWP,WE,Towers with Radar,400,77,18,20,515,0,121,65,9,195,400,198,83,29,710,0,0,0,710
10/24/2016,HNL,HI,AWP,WE,Towers with Radar,432,112,14,25,583,0,111,68,4,183,432,223,82,29,766,0,0,0,766
10/25/2016,HNL,HI,AWP,WE,Towers with Radar,428,86,25,63,602,0,101,95,5,201,428,187,120,68,803,0,0,0,803
10/26/2016,HNL,HI,AWP,WE,Towers with Radar,436,99,28,40,603,0,148,98,9,255,436,247,126,49,858,0,0,0,858
10/27/2016,HNL,HI,AWP,WE,Towers with Radar,449,89,26,41,605,0,155,117,10,282,449,244,143,51,887,0,0,0,887
10/28/2016,HNL,HI,AWP,WE,Towers with Radar,428,109,33,41,611,0,107,119,6,232,428,216,152,47,843,0,0,0,843
10/29/2016,HNL,HI,AWP,WE,Towers with Radar,428,104,19,35,586,0,72,50,5,127,428,176,69,40,713,0,0,0,713
10/30/2016,HNL,HI,AWP,WE,Towers with Radar,405,78,11,29,523,0,92,65,5,162,405,170,76,34,685,0,0,0,685
10/31/2016,HNL,HI,AWP,WE,Towers with Radar,393,105,26,39,563,0,74,72,5,151,393,179,98,44,714,0,0,0,714
11/01/2016,HNL,HI,AWP,WE,Towers with Radar,418,109,22,68,617,0,134,107,18,259,418,243,129,86,876,0,0,0,876
11/02/2016,HNL,HI,AWP,WE,Towers with Radar,443,93,23,55,614,0,107,107,10,224,443,200,130,65,838,0,0,0,838
11/03/2016,HNL,HI,AWP,WE,Towers with Radar,454,100,28,55,637,0,117,112,14,243,454,217,140,69,880,0,0,0,880
11/04/2016,HNL,HI,AWP,WE,Towers with Radar,426,125,20,66,637,0,137,104,5,246,426,262,124,71,883,0,0,0,883
11/05/2016,HNL,HI,AWP,WE,Towers with Radar,423,91,44,35,593,0,110,96,1,207,423,201,140,36,800,0,0,0,800
11/06/2016,HNL,HI,AWP,WE,Towers with Radar,387,58,17,19,481,0,134,92,3,229,387,192,109,22,710,0,0,0,710
11/07/2016,HNL,HI,AWP,WE,Towers with Radar,413,109,11,55,588,0,96,64,3,163,413,205,75,58,751,0,0,0,751
11/08/2016,HNL,HI,AWP,WE,Towers with Radar,432,92,16,53,593,0,134,114,5,253,432,226,130,58,846,0,1,1,847
11/09/2016,HNL,HI,AWP,WE,Towers with Radar,431,93,19,67,610,0,167,104,5,276,431,260,123,72,886,0,1,1,887
11/10/2016,HNL,HI,AWP,WE,Towers with Radar,449,106,25,52,632,0,153,104,7,264,449,259,129,59,896,0,0,0,896
11/11/2016,HNL,HI,AWP,WE,Towers with Radar,436,108,20,36,600,0,101,110,1,212,436,209,130,37,812,0,0,0,812
11/12/2016,HNL,HI,AWP,WE,Towers with Radar,419,84,25,26,554,0,98,132,5,235,419,182,157,31,789,0,0,0,789
11/13/2016,HNL,HI,AWP,WE,Towers with Radar,417,87,26,15,545,0,121,116,0,237,417,208,142,15,782,0,0,0,782
11/14/2016,HNL,HI,AWP,WE,Towers with Radar,416,96,19,36,567,0,111,76,0,187,416,207,95,36,754,0,0,0,754
11/15/2016,HNL,HI,AWP,WE,Towers with Radar,424,120,19,52,615,0,82,139,4,225,424,202,158,56,840,0,0,0,840
11/16/2016,HNL,HI,AWP,WE,Towers with Radar,432,100,20,51,603,0,86,89,6,181,432,186,109,57,784,0,0,0,784
11/17/2016,HNL,HI,AWP,WE,Towers with Radar,455,110,16,41,622,0,112,105,6,223,455,222,121,47,845,0,0,0,845
11/18/2016,HNL,HI,AWP,WE,Towers with Radar,443,139,24,32,638,0,123,105,4,232,443,262,129,36,870,0,0,0,870
11/19/2016,HNL,HI,AWP,WE,Towers with Radar,420,98,28,14,560,0,74,71,0,145,420,172,99,14,705,0,0,0,705
11/20/2016,HNL,HI,AWP,WE,Towers with Radar,401,83,27,18,529,0,135,109,0,244,401,218,136,18,773,0,0,0,773
11/21/2016,HNL,HI,AWP,WE,Towers with Radar,412,113,38,40,603,0,44,28,1,73,412,157,66,41,676,0,0,0,676
11/22/2016,HNL,HI,AWP,WE,Towers with Radar,434,113,29,36,612,0,142,91,8,241,434,255,120,44,853,0,0,0,853
11/23/2016,HNL,HI,AWP,WE,Towers with Radar,455,116,27,19,617,0,177,79,3,259,455,293,106,22,876,0,0,0,876
11/24/2016,HNL,HI,AWP,WE,Towers with Radar,399,61,11,4,475,0,101,52,0,153,399,162,63,4,628,0,0,0,628
11/25/2016,HNL,HI,AWP,WE,Towers with Radar,386,130,35,11,562,0,106,82,1,189,386,236,117,12,751,0,0,0,751
11/26/2016,HNL,HI,AWP,WE,Towers with Radar,389,83,13,13,498,0,107,72,2,181,389,190,85,15,679,0,0,0,679
11/27/2016,HNL,HI,AWP,WE,Towers with Radar,408,86,23,15,532,0,140,76,3,219,408,226,99,18,751,0,0,0,751
11/28/2016,HNL,HI,AWP,WE,Towers with Radar,443,109,34,39,625,0,119,89,18,226,443,228,123,57,851,0,0,0,851
11/29/2016,HNL,HI,AWP,WE,Towers with Radar,435,102,23,53,613,0,102,49,5,156,435,204,72,58,769,0,0,0,769
11/30/2016,HNL,HI,AWP,WE,Towers with Radar,446,112,29,50,637,0,103,88,6,197,446,215,117,56,834,0,0,0,834
12/01/2016,HNL,HI,AWP,WE,Towers with Radar,458,126,19,53,656,0,84,58,1,143,458,210,77,54,799,0,0,0,799
12/02/2016,HNL,HI,AWP,WE,Towers with Radar,449,128,26,56,659,0,140,113,6,259,449,268,139,62,918,0,0,0,918
12/03/2016,HNL,HI,AWP,WE,Towers with Radar,433,80,18,43,574,0,105,104,3,212,433,185,122,46,786,0,0,0,786
12/04/2016,HNL,HI,AWP,WE,Towers with Radar,420,76,22,23,541,0,73,57,1,131,420,149,79,24,672,0,0,0,672
12/05/2016,HNL,HI,AWP,WE,Towers with Radar,442,101,20,27,590,0,143,103,7,253,442,244,123,34,843,0,0,0,843
12/06/2016,HNL,HI,AWP,WE,Towers with Radar,425,108,23,29,585,0,131,129,7,267,425,239,152,36,852,0,0,0,852
12/07/2016,HNL,HI,AWP,WE,Towers with Radar,436,97,18,36,587,0,129,93,12,234,436,226,111,48,821,0,1,1,822
12/08/2016,HNL,HI,AWP,WE,Towers with Radar,438,136,15,30,619,0,48,19,1,68,438,184,34,31,687,0,0,0,687
12/09/2016,HNL,HI,AWP,WE,Towers with Radar,462,142,29,51,684,0,100,81,5,186,462,242,110,56,870,0,0,0,870
12/10/2016,HNL,HI,AWP,WE,Towers with Radar,415,108,32,27,582,0,80,82,4,166,415,188,114,31,748,0,0,0,748
12/11/2016,HNL,HI,AWP,WE,Towers with Radar,402,96,25,17,540,0,101,93,0,194,402,197,118,17,734,0,0,0,734
12/12/2016,HNL,HI,AWP,WE,Towers with Radar,434,96,7,46,583,0,105,97,6,208,434,201,104,52,791,0,0,0,791
12/13/2016,HNL,HI,AWP,WE,Towers with Radar,431,108,20,84,643,0,104,125,18,247,431,212,145,102,890,0,0,0,890
12/14/2016,HNL,HI,AWP,WE,Towers with Radar,458,107,19,35,619,0,103,96,23,222,458,210,115,58,841,0,0,0,841
12/15/2016,HNL,HI,AWP,WE,Towers with Radar,464,118,35,53,670,0,79,87,12,178,464,197,122,65,848,0,0,0,848
12/16/2016,HNL,HI,AWP,WE,Towers with Radar,471,128,22,41,662,0,112,105,10,227,471,240,127,51,889,0,0,0,889
12/17/2016,HNL,HI,AWP,WE,Towers with Radar,450,135,43,24,652,0,38,19,0,57,450,173,62,24,709,0,0,0,709
12/18/2016,HNL,HI,AWP,WE,Towers with Radar,452,89,24,25,590,0,71,15,2,88,452,160,39,27,678,0,0,0,678
12/19/2016,HNL,HI,AWP,WE,Towers with Radar,488,111,31,46,676,0,113,40,2,155,488,224,71,48,831,0,0,0,831
12/20/2016,HNL,HI,AWP,WE,Towers with Radar,471,108,27,65,671,0,164,59,1,224,471,272,86,66,895,0,0,0,895
12/21/2016,HNL,HI,AWP,WE,Towers with Radar,495,104,26,49,674,19,150,89,7,265,514,254,115,56,939,0,0,0,939
12/22/2016,HNL,HI,AWP,WE,Towers with Radar,475,133,41,57,706,0,133,86,3,222,475,266,127,60,928,0,0,0,928
12/23/2016,HNL,HI,AWP,WE,Towers with Radar,507,140,40,8,695,0,169,60,0,229,507,309,100,8,924,0,0,0,924
12/24/2016,HNL,HI,AWP,WE,Towers with Radar,446,110,24,6,586,0,148,78,1,227,446,258,102,7,813,0,0,0,813
12/25/2016,HNL,HI,AWP,WE,Towers with Radar,414,60,10,1,485,0,151,18,0,169,414,211,28,1,654,0,0,0,654
12/26/2016,HNL,HI,AWP,WE,Towers with Radar,429,96,26,6,557,0,212,40,0,252,429,308,66,6,809,0,0,0,809
12/27/2016,HNL,HI,AWP,WE,Towers with Radar,448,110,34,54,646,0,115,70,3,188,448,225,104,57,834,0,0,0,834
12/28/2016,HNL,HI,AWP,WE,Towers with Radar,473,126,27,50,676,0,157,94,2,253,473,283,121,52,929,0,0,0,929
12/29/2016,HNL,HI,AWP,WE,Towers with Radar,525,141,45,39,750,0,183,95,2,280,525,324,140,41,1030,0,0,0,1030
12/30/2016,HNL,HI,AWP,WE,Towers with Radar,482,168,36,32,718,0,167,26,1,194,482,335,62,33,912,0,0,0,912
12/31/2016,HNL,HI,AWP,WE,Towers with Radar,425,106,37,8,576,0,219,29,3,251,425,325,66,11,827,0,0,0,827
01/01/2017,HNL,HI,AWP,WE,Towers with Radar,440,79,50,6,575,0,167,71,4,242,440,246,121,10,817,0,0,0,817
01/02/2017,HNL,HI,AWP,WE,Towers with Radar,470,93,41,17,621,0,191,88,2,281,470,284,129,19,902,0,0,0,902
01/03/2017,HNL,HI,AWP,WE,Towers with Radar,428,101,26,56,611,0,215,126,4,345,428,316,152,60,956,0,0,0,956
01/04/2017,HNL,HI,AWP,WE,Towers with Radar,455,102,18,58,633,0,232,104,6,342,455,334,122,64,975,0,0,0,975
01/05/2017,HNL,HI,AWP,WE,Towers with Radar,454,103,29,52,638,0,159,121,11,291,454,262,150,63,929,0,0,0,929
01/06/2017,HNL,HI,AWP,WE,Towers with Radar,474,118,29,41,662,0,171,111,3,285,474,289,140,44,947,0,0,0,947
01/07/2017,HNL,HI,AWP,WE,Towers with Radar,426,87,27,59,599,0,100,93,4,197,426,187,120,63,796,0,0,0,796
01/08/2017,HNL,HI,AWP,WE,Towers with Radar,420,74,16,24,534,0,179,107,13,299,420,253,123,37,833,0,0,0,833
01/09/2017,HNL,HI,AWP,WE,Towers with Radar,423,101,21,28,573,0,160,84,11,255,423,261,105,39,828,0,0,0,828
01/10/2017,HNL,HI,AWP,WE,Towers with Radar,428,82,30,59,599,0,146,115,8,269,428,228,145,67,868,0,0,0,868
01/11/2017,HNL,HI,AWP,WE,Towers with Radar,414,127,36,64,641,0,130,95,8,233,414,257,131,72,874,0,2,2,876
01/12/2017,HNL,HI,AWP,WE,Towers with Radar,461,102,28,78,669,0,127,101,4,232,461,229,129,82,901,0,0,0,901
01/13/2017,HNL,HI,AWP,WE,Towers with Radar,466,104,19,43,632,0,150,110,14,274,466,254,129,57,906,0,0,0,906
01/14/2017,HNL,HI,AWP,WE,Towers with Radar,440,86,23,26,575,0,127,73,1,201,440,213,96,27,776,0,0,0,776
01/15/2017,HNL,HI,AWP,WE,Towers with Radar,418,69,16,19,522,0,157,75,1,233,418,226,91,20,755,0,0,0,755
01/16/2017,HNL,HI,AWP,WE,Towers with Radar,409,90,30,23,552,0,206,96,3,305,409,296,126,26,857,0,0,0,857
01/17/2017,HNL,HI,AWP,WE,Towers with Radar,411,115,31,54,611,0,101,59,11,171,411,216,90,65,782,0,0,0,782
01/18/2017,HNL,HI,AWP,WE,Towers with Radar,419,112,25,62,618,0,174,95,15,284,419,286,120,77,902,0,0,0,902
01/19/2017,HNL,HI,AWP,WE,Towers with Radar,443,109,22,76,650,0,164,80,8,252,443,273,102,84,902,0,0,0,902
01/20/2017,HNL,HI,AWP,WE,Towers with Radar,475,121,45,73,714,0,111,78,6,195,475,232,123,79,909,0,0,0,909
01/21/2017,HNL,HI,AWP,WE,Towers with Radar,426,99,39,52,616,0,34,21,1,56,426,133,60,53,672,0,0,0,672
01/22/2017,HNL,HI,AWP,WE,Towers with Radar,402,96,23,23,544,0,43,35,0,78,402,139,58,23,622,0,0,0,622
01/23/2017,HNL,HI,AWP,WE,Towers with Radar,422,118,16,84,640,0,187,71,0,258,422,305,87,84,898,0,0,0,898
01/24/2017,HNL,HI,AWP,WE,Towers with Radar,416,121,38,98,673,0,107,75,2,184,416,228,113,100,857,0,0,0,857
01/25/2017,HNL,HI,AWP,WE,Towers with Radar,436,122,24,93,675,0,136,115,8,259,436,258,139,101,934,0,0,0,934
01/26/2017,HNL,HI,AWP,WE,Towers with Radar,435,107,37,112,691,0,155,132,9,296,435,262,169,121,987,1,0,1,988
01/27/2017,HNL,HI,AWP,WE,Towers with Radar,448,123,27,114,712,0,163,127,9,299,448,286,154,123,1011,0,0,0,1011
01/28/2017,HNL,HI,AWP,WE,Towers with Radar,427,73,26,33,559,0,115,132,1,248,427,188,158,34,807,0,0,0,807
01/29/2017,HNL,HI,AWP,WE,Towers with Radar,411,98,23,17,549,0,105,58,3,166,411,203,81,20,715,0,0,0,715
01/30/2017,HNL,HI,AWP,WE,Towers with Radar,422,149,34,30,635,0,129,51,2,182,422,278,85,32,817,0,0,0,817
01/31/2017,HNL,HI,AWP,WE,Towers with Radar,421,131,18,76,646,0,133,80,7,220,421,264,98,83,866,0,0,0,866
02/01/2017,HNL,HI,AWP,WE,Towers with Radar,442,118,29,74,663,0,113,92,6,211,442,231,121,80,874,0,0,0,874
02/02/2017,HNL,HI,AWP,WE,Towers with Radar,453,127,34,81,695,0,111,84,12,207,453,238,118,93,902,0,0,0,902
02/03/2017,HNL,HI,AWP,WE,Towers with Radar,482,128,31,94,735,0,134,108,6,248,482,262,139,100,983,0,0,0,983
02/04/2017,HNL,HI,AWP,WE,Towers with Radar,423,94,35,57,609,0,89,79,1,169,423,183,114,58,778,0,0,0,778
02/05/2017,HNL,HI,AWP,WE,Towers with Radar,399,91,23,36,549,0,75,28,0,103,399,166,51,36,652,0,0,0,652
02/06/2017,HNL,HI,AWP,WE,Towers with Radar,429,96,16,67,608,0,26,13,0,39,429,122,29,67,647,0,0,0,647
02/07/2017,HNL,HI,AWP,WE,Towers with Radar,411,125,21,56,613,0,94,90,4,188,411,219,111,60,801,0,0,0,801
02/08/2017,HNL,HI,AWP,WE,Towers with Radar,441,108,19,56,624,0,144,100,4,248,441,252,119,60,872,0,0,0,872
02/09/2017,HNL,HI,AWP,WE,Towers with Radar,449,108,34,60,651,0,189,142,29,360,449,297,176,89,1011,0,0,0,1011
02/10/2017,HNL,HI,AWP,WE,Towers with Radar,458,133,33,42,666,0,118,73,2,193,458,251,106,44,859,0,0,0,859
02/11/2017,HNL,HI,AWP,WE,Towers with Radar,462,72,34,39,607,0,13,1,0,14,462,85,35,39,621,0,0,0,621
02/12/2017,HNL,HI,AWP,WE,Towers with Radar,415,70,15,43,543,0,151,92,6,249,415,221,107,49,792,0,0,0,792
02/13/2017,HNL,HI,AWP,WE,Towers with Radar,422,95,24,67,608,0,177,87,2,266,422,272,111,69,874,0,0,0,874
02/14/2017,HNL,HI,AWP,WE,Towers with Radar,413,94,16,44,567,0,155,55,3,213,413,249,71,47,780,0,0,0,780
02/15/2017,HNL,HI,AWP,WE,Towers with Radar,437,136,43,35,651,0,46,46,2,94,437,182,89,37,745,0,0,0,745
02/16/2017,HNL,HI,AWP,WE,Towers with Radar,460,107,55,63,685,0,183,103,12,298,460,290,158,75,983,0,0,0,983
02/17/2017,HNL,HI,AWP,WE,Towers with Radar,493,111,26,38,668,0,163,108,3,274,493,274,134,41,942,0,0,0,942
02/18/2017,HNL,HI,AWP,WE,Towers with Radar,470,80,35,21,606,0,113,100,1,214,470,193,135,22,820,0,0,0,820
02/19/2017,HNL,HI,AWP,WE,Towers with Radar,427,93,21,15,556,0,141,71,1,213,427,234,92,16,769,0,0,0,769
02/20/2017,HNL,HI,AWP,WE,Towers with Radar,428,116,20,9,573,22,182,79,2,285,450,298,99,11,858,0,25,25,883
02/21/2017,HNL,HI,AWP,WE,Towers with Radar,420,118,31,23,592,0,155,68,5,228,420,273,99,28,820,0,0,0,820
02/22/2017,HNL,HI,AWP,WE,Towers with Radar,463,104,36,40,643,0,213,95,6,314,463,317,131,46,957,0,0,0,957
02/23/2017,HNL,HI,AWP,WE,Towers with Radar,446,101,30,25,602,0,158,85,13,256,446,259,115,38,858,0,0,0,858
02/24/2017,HNL,HI,AWP,WE,Towers with Radar,479,122,25,53,679,0,145,110,3,258,479,267,135,56,937,0,0,0,937
02/25/2017,HNL,HI,AWP,WE,Towers with Radar,432,82,31,27,572,0,111,121,4,236,432,193,152,31,808,0,0,0,808
02/26/2017,HNL,HI,AWP,WE,Towers with Radar,431,60,27,33,551,0,159,78,3,240,431,219,105,36,791,0,0,0,791
02/27/2017,HNL,HI,AWP,WE,Towers with Radar,447,100,28,36,611,0,166,72,9,247,447,266,100,45,858,0,0,0,858
02/28/2017,HNL,HI,AWP,WE,Towers with Radar,425,102,25,27,579,0,103,65,2,170,425,205,90,29,749,0,0,0,749
03/01/2017,HNL,HI,AWP,WE,Towers with Radar,454,88,18,10,570,0,13,12,2,27,454,101,30,12,597,0,0,0,597
03/02/2017,HNL,HI,AWP,WE,Towers with Radar,472,96,23,26,617,0,132,86,5,223,472,228,109,31,840,0,0,0,840
03/03/2017,HNL,HI,AWP,WE,Towers with Radar,492,97,30,20,639,0,188,86,2,276,492,285,116,22,915,0,0,0,915
03/04/2017,HNL,HI,AWP,WE,Towers with Radar,458,82,35,19,594,0,138,53,6,197,458,220,88,25,791,0,0,0,791
03/05/2017,HNL,HI,AWP,WE,Towers with Radar,456,73,21,27,577,0,87,47,0,134,456,160,68,27,711,0,0,0,711
03/06/2017,HNL,HI,AWP,WE,Towers with Radar,432,126,28,28,614,0,121,111,3,235,432,247,139,31,849,0,0,0,849
03/07/2017,HNL,HI,AWP,WE,Towers with Radar,414,94,23,25,556,0,133,108,4,245,414,227,131,29,801,0,0,0,801
03/08/2017,HNL,HI,AWP,WE,Towers with Radar,446,94,15,29,584,0,191,90,11,292,446,285,105,40,876,0,0,0,876
03/09/2017,HNL,HI,AWP,WE,Towers with Radar,463,94,26,41,624,0,113,68,7,188,463,207,94,48,812,0,0,0,812
03/10/2017,HNL,HI,AWP,WE,Towers with Radar,506,75,25,32,638,0,164,95,1,260,506,239,120,33,898,0,0,0,898
03/11/2017,HNL,HI,AWP,WE,Towers with Radar,445,59,26,29,559,0,154,86,1,241,445,213,112,30,800,0,0,0,800
03/12/2017,HNL,HI,AWP,WE,Towers with Radar,444,55,25,8,532,0,132,71,0,203,444,187,96,8,735,0,0,0,735
03/13/2017,HNL,HI,AWP,WE,Towers with Radar,427,109,31,48,615,0,170,79,2,251,427,279,110,50,866,0,0,0,866
03/14/2017,HNL,HI,AWP,WE,Towers with Radar,433,88,19,50,590,0,168,79,2,249,433,256,98,52,839,0,0,0,839
03/15/2017,HNL,HI,AWP,WE,Towers with Radar,494,98,35,34,661,0,107,64,0,171,494,205,99,34,832,0,0,0,832
03/16/2017,HNL,HI,AWP,WE,Towers with Radar,464,104,13,39,620,0,171,79,2,252,464,275,92,41,872,0,0,0,872
03/17/2017,HNL,HI,AWP,WE,Towers with Radar,503,80,32,34,649,0,189,106,2,297,503,269,138,36,946,0,0,0,946
03/18/2017,HNL,HI,AWP,WE,Towers with Radar,444,80,26,16,566,0,165,128,3,296,444,245,154,19,862,0,0,0,862
03/19/2017,HNL,HI,AWP,WE,Towers with Radar,432,60,25,23,540,0,195,96,0,291,432,255,121,23,831,0,0,0,831
03/20/2017,HNL,HI,AWP,WE,Towers with Radar,449,94,23,13,579,0,133,80,13,226,449,227,103,26,805,0,0,0,805
03/21/2017,HNL,HI,AWP,WE,Towers with Radar,470,83,28,53,634,0,187,80,7,274,470,270,108,60,908,0,0,0,908
03/22/2017,HNL,HI,AWP,WE,Towers with Radar,455,74,26,39,594,0,189,57,2,248,455,263,83,41,842,0,0,0,842
03/23/2017,HNL,HI,AWP,WE,Towers with Radar,480,101,33,26,640,0,145,74,9,228,480,246,107,35,868,0,0,0,868
03/24/2017,HNL,HI,AWP,WE,Towers with Radar,497,131,38,35,701,0,167,82,5,254,497,298,120,40,955,0,0,0,955
03/25/2017,HNL,HI,AWP,WE,Towers with Radar,465,77,19,18,579,0,155,101,4,260,465,232,120,22,839,0,0,0,839
03/26/2017,HNL,HI,AWP,WE,Towers with Radar,430,75,18,19,542,0,166,92,2,260,430,241,110,21,802,0,0,0,802
03/27/2017,HNL,HI,AWP,WE,Towers with Radar,440,79,24,77,620,0,191,55,5,251,440,270,79,82,871,0,0,0,871
03/28/2017,HNL,HI,AWP,WE,Towers with Radar,456,82,21,44,603,0,197,65,1,263,456,279,86,45,866,0,0,0,866
03/29/2017,HNL,HI,AWP,WE,Towers with Radar,441,80,30,48,599,0,155,103,11,269,441,235,133,59,868,2,0,2,870
03/30/2017,HNL,HI,AWP,WE,Towers with Radar,462,95,6,53,616,0,131,78,49,258,462,226,84,102,874,0,0,0,874
03/31/2017,HNL,HI,AWP,WE,Towers with Radar,483,97,35,34,649,0,128,104,2,234,483,225,139,36,883,0,0,0,883
04/01/2017,HNL,HI,AWP,WE,Towers with Radar,441,77,17,38,573,0,151,112,1,264,441,228,129,39,837,0,0,0,837
04/02/2017,HNL,HI,AWP,WE,Towers with Radar,434,59,44,25,562,0,143,69,4,216,434,202,113,29,778,0,0,0,778
04/03/2017,HNL,HI,AWP,WE,Towers with Radar,425,118,20,13,576,0,145,80,4,229,425,263,100,17,805,0,0,0,805
04/04/2017,HNL,HI,AWP,WE,Towers with Radar,461,87,37,60,645,0,162,76,9,247,461,249,113,69,892,0,0,0,892
04/05/2017,HNL,HI,AWP,WE,Towers with Radar,449,103,18,35,605,0,157,63,6,226,449,260,81,41,831,0,0,0,831
04/06/2017,HNL,HI,AWP,WE,Towers with Radar,470,91,13,38,612,0,188,77,11,276,470,279,90,49,888,0,0,0,888
04/07/2017,HNL,HI,AWP,WE,Towers with Radar,483,102,14,32,631,0,160,73,4,237,483,262,87,36,868,0,0,0,868
04/08/2017,HNL,HI,AWP,WE,Towers with Radar,459,66,20,9,554,0,171,79,2,252,459,237,99,11,806,0,0,0,806
04/09/2017,HNL,HI,AWP,WE,Towers with Radar,430,75,19,18,542,0,101,66,0,167,430,176,85,18,709,0,0,0,709
04/10/2017,HNL,HI,AWP,WE,Towers with Radar,448,107,9,42,606,0,184,71,2,257,448,291,80,44,863,0,0,0,863
04/11/2017,HNL,HI,AWP,WE,Towers with Radar,469,85,14,67,635,0,176,66,16,258,469,261,80,83,893,0,0,0,893
04/12/2017,HNL,HI,AWP,WE,Towers with Radar,463,84,19,49,615,0,208,74,7,289,463,292,93,56,904,0,0,0,904
04/13/2017,HNL,HI,AWP,WE,Towers with Radar,475,114,18,39,646,0,163,86,12,261,475,277,104,51,907,0,0,0,907
04/14/2017,HNL,HI,AWP,WE,Towers with Radar,479,93,22,25,619,0,191,73,0,264,479,284,95,25,883,0,0,0,883
04/15/2017,HNL,HI,AWP,WE,Towers with Radar,435,76,18,12,541,0,174,87,3,264,435,250,105,15,805,4,0,4,809
04/16/2017,HNL,HI,AWP,WE,Towers with Radar,438,78,26,25,567,0,162,84,1,247,438,240,110,26,814,2,0,2,816
04/17/2017,HNL,HI,AWP,WE,Towers with Radar,448,117,9,22,596,0,171,59,2,232,448,288,68,24,828,0,0,0,828
04/18/2017,HNL,HI,AWP,WE,Towers with Radar,446,87,21,34,588,0,173,100,2,275,446,260,121,36,863,0,0,0,863
04/19/2017,HNL,HI,AWP,WE,Towers with Radar,477,95,23,34,629,0,138,46,9,193,477,233,69,43,822,0,0,0,822
04/20/2017,HNL,HI,AWP,WE,Towers with Radar,458,116,16,42,632,0,76,58,3,137,458,192,74,45,769,0,0,0,769
04/21/2017,HNL,HI,AWP,WE,Towers with Radar,479,135,17,19,650,0,109,64,5,178,479,244,81,24,828,0,0,0,828
04/22/2017,HNL,HI,AWP,WE,Towers with Radar,444,85,22,21,572,0,149,64,1,214,444,234,86,22,786,0,0,0,786
04/23/2017,HNL,HI,AWP,WE,Towers with Radar,419,79,20,15,533,0,154,71,1,226,419,233,91,16,759,0,0,0,759
04/24/2017,HNL,HI,AWP,WE,Towers with Radar,459,100,16,41,616,0,200,47,6,253,459,300,63,47,869,0,0,0,869
04/25/2017,HNL,HI,AWP,WE,Towers with Radar,446,87,27,11,571,0,207,92,9,308,446,294,119,20,879,0,0,0,879
04/26/2017,HNL,HI,AWP,WE,Towers with Radar,443,101,22,22,588,0,266,91,11,368,443,367,113,33,956,0,0,0,956
04/27/2017,HNL,HI,AWP,WE,Towers with Radar,468,90,14,26,598,0,145,97,0,242,468,235,111,26,840,0,0,0,840
04/28/2017,HNL,HI,AWP,WE,Towers with Radar,481,101,11,25,618,0,177,65,1,243,481,278,76,26,861,0,0,0,861
04/29/2017,HNL,HI,AWP,WE,Towers with Radar,447,102,17,12,578,0,93,70,1,164,447,195,87,13,742,0,0,0,742
04/30/2017,HNL,HI,AWP,WE,Towers with Radar,417,82,12,13,524,0,54,23,4,81,417,136,35,17,605,0,0,0,605
05/01/2017,HNL,HI,AWP,WE,Towers with Radar,461,77,7,31,576,0,214,62,3,279,461,291,69,34,855,0,0,0,855
05/02/2017,HNL,HI,AWP,WE,Towers with Radar,455,74,24,41,594,0,160,116,8,284,455,234,140,49,878,0,0,0,878
05/03/2017,HNL,HI,AWP,WE,Towers with Radar,442,99,19,32,592,0,157,96,4,257,442,256,115,36,849,0,0,0,849
05/04/2017,HNL,HI,AWP,WE,Towers with Radar,460,98,16,19,593,0,189,104,7,300,460,287,120,26,893,0,0,0,893
05/05/2017,HNL,HI,AWP,WE,Towers with Radar,487,91,23,20,621,0,207,107,5,319,487,298,130,25,940,0,0,0,940
05/06/2017,HNL,HI,AWP,WE,Towers with Radar,444,78,25,14,561,0,177,100,3,280,444,255,125,17,841,0,0,0,841
05/07/2017,HNL,HI,AWP,WE,Towers with Radar,414,59,19,25,517,0,172,98,6,276,414,231,117,31,793,0,0,0,793
05/08/2017,HNL,HI,AWP,WE,Towers with Radar,470,83,25,26,604,0,158,56,6,220,470,241,81,32,824,0,0,0,824
05/09/2017,HNL,HI,AWP,WE,Towers with Radar,456,95,17,34,602,0,178,92,6,276,456,273,109,40,878,0,0,0,878
05/10/2017,HNL,HI,AWP,WE,Towers with Radar,441,117,14,17,589,0,193,73,12,278,441,310,87,29,867,0,0,0,867
05/11/2017,HNL,HI,AWP,WE,Towers with Radar,458,96,22,24,600,0,180,103,13,296,458,276,125,37,896,0,0,0,896
05/12/2017,HNL,HI,AWP,WE,Towers with Radar,482,104,19,17,622,0,169,104,3,276,482,273,123,20,898,0,0,0,898
05/13/2017,HNL,HI,AWP,WE,Towers with Radar,426,92,29,15,562,0,191,98,1,290,426,283,127,16,852,0,0,0,852
05/14/2017,HNL,HI,AWP,WE,Towers with Radar,432,54,6,13,505,0,157,44,2,203,432,211,50,15,708,0,0,0,708
05/15/2017,HNL,HI,AWP,WE,Towers with Radar,464,97,10,33,604,0,179,63,2,244,464,276,73,35,848,0,0,0,848
05/16/2017,HNL,HI,AWP,WE,Towers with Radar,462,82,17,30,591,0,214,63,8,285,462,296,80,38,876,0,0,0,876
05/17/2017,HNL,HI,AWP,WE,Towers with Radar,456,101,20,36,613,0,148,85,23,256,456,249,105,59,869,0,0,0,869
05/18/2017,HNL,HI,AWP,WE,Towers with Radar,452,90,21,22,585,0,182,106,13,301,452,272,127,35,886,0,0,0,886
05/19/2017,HNL,HI,AWP,WE,Towers with Radar,499,104,25,19,647,0,153,92,2,247,499,257,117,21,894,0,0,0,894
05/20/2017,HNL,HI,AWP,WE,Towers with Radar,446,80,31,18,575,0,129,169,5,303,446,209,200,23,878,0,0,0,878
05/21/2017,HNL,HI,AWP,WE,Towers with Radar,456,51,25,9,541,0,169,86,3,258,456,220,111,12,799,0,0,0,799
05/22/2017,HNL,HI,AWP,WE,Towers with Radar,468,79,19,39,605,0,155,68,6,229,468,234,87,45,834,0,0,0,834
05/23/2017,HNL,HI,AWP,WE,Towers with Radar,457,80,20,38,595,0,172,49,2,223,457,252,69,40,818,0,0,0,818
05/24/2017,HNL,HI,AWP,WE,Towers with Radar,456,102,13,37,608,0,154,85,3,242,456,256,98,40,850,0,0,0,850
05/25/2017,HNL,HI,AWP,WE,Towers with Radar,484,91,17,24,616,0,178,100,10,288,484,269,117,34,904,0,0,0,904
05/26/2017,HNL,HI,AWP,WE,Towers with Radar,473,136,32,21,662,0,183,96,2,281,473,319,128,23,943,0,0,0,943
05/27/2017,HNL,HI,AWP,WE,Towers with Radar,456,81,32,11,580,0,195,96,5,296,456,276,128,16,876,0,0,0,876
05/28/2017,HNL,HI,AWP,WE,Towers with Radar,447,43,13,18,521,0,210,61,0,271,447,253,74,18,792,0,0,0,792
05/29/2017,HNL,HI,AWP,WE,Towers with Radar,461,58,14,10,543,0,216,89,1,306,461,274,103,11,849,0,0,0,849
05/30/2017,HNL,HI,AWP,WE,Towers with Radar,468,84,25,38,615,0,170,70,5,245,468,254,95,43,860,0,0,0,860
05/31/2017,HNL,HI,AWP,WE,Towers with Radar,468,107,14,50,639,0,154,101,8,263,468,261,115,58,902,0,0,0,902
06/01/2017,HNL,HI,AWP,WE,Towers with Radar,447,107,16,46,616,0,197,98,4,299,447,304,114,50,915,0,0,0,915
06/02/2017,HNL,HI,AWP,WE,Towers with Radar,494,117,13,49,673,0,180,114,4,298,494,297,127,53,971,0,0,0,971
06/03/2017,HNL,HI,AWP,WE,Towers with Radar,458,93,26,41,618,0,108,83,2,193,458,201,109,43,811,0,0,0,811
06/04/2017,HNL,HI,AWP,WE,Towers with Radar,460,57,29,43,589,0,180,73,1,254,460,237,102,44,843,0,0,0,843
06/05/2017,HNL,HI,AWP,WE,Towers with Radar,490,81,16,25,612,0,231,81,9,321,490,312,97,34,933,0,0,0,933
06/06/2017,HNL,HI,AWP,WE,Towers with Radar,491,67,26,25,609,0,198,73,4,275,491,265,99,29,884,0,0,0,884
06/07/2017,HNL,HI,AWP,WE,Towers with Radar,485,89,24,22,620,0,205,110,7,322,485,294,134,29,942,0,0,0,942
06/08/2017,HNL,HI,AWP,WE,Towers with Radar,505,102,20,33,660,0,164,101,11,276,505,266,121,44,936,0,0,0,936
06/09/2017,HNL,HI,AWP,WE,Towers with Radar,498,108,13,24,643,0,184,111,9,304,498,292,124,33,947,0,0,0,947
06/10/2017,HNL,HI,AWP,WE,Towers with Radar,466,113,20,21,620,0,108,52,0,160,466,221,72,21,780,0,0,0,780
06/11/2017,HNL,HI,AWP,WE,Towers with Radar,467,60,19,15,561,0,176,86,3,265,467,236,105,18,826,0,0,0,826
06/12/2017,HNL,HI,AWP,WE,Towers with Radar,507,91,20,44,662,0,213,79,3,295,507,304,99,47,957,0,0,0,957
06/13/2017,HNL,HI,AWP,WE,Towers with Radar,481,92,33,37,643,0,174,93,3,270,481,266,126,40,913,0,0,0,913
06/14/2017,HNL,HI,AWP,WE,Towers with Radar,465,133,32,21,651,0,144,72,10,226,465,277,104,31,877,0,0,0,877
06/15/2017,HNL,HI,AWP,WE,Towers with Radar,468,123,17,49,657,0,118,74,7,199,468,241,91,56,856,0,0,0,856
06/16/2017,HNL,HI,AWP,WE,Towers with Radar,496,107,22,25,650,0,186,148,5,339,496,293,170,30,989,0,0,0,989
06/17/2017,HNL,HI,AWP,WE,Towers with Radar,464,71,37,33,605,0,161,102,4,267,464,232,139,37,872,0,0,0,872
06/18/2017,HNL,HI,AWP,WE,Towers with Radar,473,61,14,37,585,0,227,52,4,283,473,288,66,41,868,0,0,0,868
06/19/2017,HNL,HI,AWP,WE,Towers with Radar,476,99,24,39,638,0,176,68,3,247,476,275,92,42,885,0,0,0,885
06/20/2017,HNL,HI,AWP,WE,Towers with Radar,476,86,22,45,629,0,175,67,13,255,476,261,89,58,884,0,0,0,884
06/21/2017,HNL,HI,AWP,WE,Towers with Radar,456,122,24,32,634,0,186,109,5,300,456,308,133,37,934,0,0,0,934
06/22/2017,HNL,HI,AWP,WE,Towers with Radar,476,109,24,41,650,0,211,98,15,324,476,320,122,56,974,0,0,0,974
06/23/2017,HNL,HI,AWP,WE,Towers with Radar,512,117,23,23,675,0,208,96,8,312,512,325,119,31,987,0,0,0,987
06/24/2017,HNL,HI,AWP,WE,Towers with Radar,491,74,26,13,604,0,194,84,7,285,491,268,110,20,889,0,0,0,889
06/25/2017,HNL,HI,AWP,WE,Towers with Radar,487,74,33,9,603,0,211,78,1,290,487,285,111,10,893,0,0,0,893
06/26/2017,HNL,HI,AWP,WE,Towers with Radar,511,85,24,32,652,0,168,94,2,264,511,253,118,34,916,0,0,0,916
06/27/2017,HNL,HI,AWP,WE,Towers with Radar,493,108,20,28,649,0,219,95,18,332,493,327,115,46,981,0,0,0,981
06/28/2017,HNL,HI,AWP,WE,Towers with Radar,494,122,21,36,673,0,195,79,3,277,494,317,100,39,950,0,0,0,950
06/29/2017,HNL,HI,AWP,WE,Towers with Radar,489,106,12,43,650,0,159,98,6,263,489,265,110,49,913,0,0,0,913
06/30/2017,HNL,HI,AWP,WE,Towers with Radar,505,132,30,36,703,0,211,87,5,303,505,343,117,41,1006,0,0,0,1006
07/01/2017,HNL,HI,AWP,WE,Towers with Radar,488,72,20,8,588,0,157,66,0,223,488,229,86,8,811,0,0,0,811
07/02/2017,HNL,HI,AWP,WE,Towers with Radar,482,76,28,8,594,0,264,88,0,352,482,340,116,8,946,0,0,0,946
07/03/2017,HNL,HI,AWP,WE,Towers with Radar,515,81,16,12,624,0,229,88,1,318,515,310,104,13,942,0,0,0,942
07/04/2017,HNL,HI,AWP,WE,Towers with Radar,435,77,15,17,544,0,181,72,0,253,435,258,87,17,797,0,0,0,797
07/05/2017,HNL,HI,AWP,WE,Towers with Radar,476,107,24,38,645,0,203,95,13,311,476,310,119,51,956,0,0,0,956
07/06/2017,HNL,HI,AWP,WE,Towers with Radar,471,68,18,26,583,0,221,102,2,325,471,289,120,28,908,0,0,0,908
07/07/2017,HNL,HI,AWP,WE,Towers with Radar,510,50,27,40,627,0,194,103,2,299,510,244,130,42,926,0,0,0,926
07/08/2017,HNL,HI,AWP,WE,Towers with Radar,513,110,22,22,667,0,258,114,6,378,513,368,136,28,1045,0,0,0,1045
07/09/2017,HNL,HI,AWP,WE,Towers with Radar,493,105,23,27,648,0,215,72,8,295,493,320,95,35,943,0,0,0,943
07/10/2017,HNL,HI,AWP,WE,Towers with Radar,494,119,18,14,645,0,128,81,3,212,494,247,99,17,857,0,0,0,857
07/11/2017,HNL,HI,AWP,WE,Towers with Radar,485,98,21,35,639,0,187,75,5,267,485,285,96,40,906,0,0,0,906
07/12/2017,HNL,HI,AWP,WE,Towers with Radar,492,109,20,41,662,0,220,93,0,313,492,329,113,41,975,0,0,0,975
07/13/2017,HNL,HI,AWP,WE,Towers with Radar,502,113,15,39,669,0,195,79,13,287,502,308,94,52,956,0,0,0,956
07/14/2017,HNL,HI,AWP,WE,Towers with Radar,503,72,15,9,599,0,184,98,5,287,503,256,113,14,886,0,0,0,886
07/15/2017,HNL,HI,AWP,WE,Towers with Radar,536,95,12,17,660,0,238,93,2,333,536,333,105,19,993,7,0,7,1000
07/16/2017,HNL,HI,AWP,WE,Towers with Radar,508,40,19,8,575,0,174,73,4,251,508,214,92,12,826,0,0,0,826
07/17/2017,HNL,HI,AWP,WE,Towers with Radar,511,82,14,36,643,0,213,71,4,288,511,295,85,40,931,0,0,0,931
07/18/2017,HNL,HI,AWP,WE,Towers with Radar,487,93,15,36,631,0,191,96,2,289,487,284,111,38,920,0,0,0,920
07/19/2017,HNL,HI,AWP,WE,Towers with Radar,506,105,20,27,658,0,212,110,3,325,506,317,130,30,983,0,0,0,983
07/20/2017,HNL,HI,AWP,WE,Towers with Radar,493,107,30,23,653,0,235,70,2,307,493,342,100,25,960,0,0,0,960
07/21/2017,HNL,HI,AWP,WE,Towers with Radar,520,105,22,19,666,0,206,105,4,315,520,311,127,23,981,0,0,0,981
07/22/2017,HNL,HI,AWP,WE,Towers with Radar,493,77,20,23,613,0,184,72,0,256,493,261,92,23,869,0,0,0,869
07/23/2017,HNL,HI,AWP,WE,Towers with Radar,496,42,19,22,579,0,200,82,1,283,496,242,101,23,862,1,0,1,863
07/24/2017,HNL,HI,AWP,WE,Towers with Radar,493,124,17,41,675,0,126,55,4,185,493,250,72,45,860,0,0,0,860
07/25/2017,HNL,HI,AWP,WE,Towers with Radar,492,86,19,41,638,0,238,58,5,301,492,324,77,46,939,0,0,0,939
07/26/2017,HNL,HI,AWP,WE,Towers with Radar,496,102,18,40,656,0,195,103,12,310,496,297,121,52,966,0,0,0,966
07/27/2017,HNL,HI,AWP,WE,Towers with Radar,510,97,15,31,653,0,188,82,10,280,510,285,97,41,933,0,0,0,933
07/28/2017,HNL,HI,AWP,WE,Towers with Radar,532,112,25,25,694,0,198,49,9,256,532,310,74,34,950,0,0,0,950
07/29/2017,HNL,HI,AWP,WE,Towers with Radar,511,78,28,21,638,0,175,105,6,286,511,253,133,27,924,0,0,0,924
07/30/2017,HNL,HI,AWP,WE,Towers with Radar,489,52,13,10,564,0,203,71,2,276,489,255,84,12,840,0,0,0,840
07/31/2017,HNL,HI,AWP,WE,Towers with Radar,488,101,12,17,618,0,194,84,3,281,488,295,96,20,899,0,0,0,899
08/01/2017,HNL,HI,AWP,WE,Towers with Radar,468,112,20,27,627,0,213,78,8,299,468,325,98,35,926,0,0,0,926
08/02/2017,HNL,HI,AWP,WE,Towers with Radar,484,110,15,33,642,0,231,97,8,336,484,341,112,41,978,0,0,0,978
08/03/2017,HNL,HI,AWP,WE,Towers with Radar,507,120,29,24,680,0,186,79,2,267,507,306,108,26,947,0,0,0,947
08/04/2017,HNL,HI,AWP,WE,Towers with Radar,548,82,22,35,687,0,210,102,6,318,548,292,124,41,1005,0,0,0,1005
08/05/2017,HNL,HI,AWP,WE,Towers with Radar,497,73,31,32,633,0,195,66,0,261,497,268,97,32,894,0,0,0,894
08/06/2017,HNL,HI,AWP,WE,Towers with Radar,494,51,16,15,576,0,206,57,5,268,494,257,73,20,844,0,0,0,844
08/07/2017,HNL,HI,AWP,WE,Towers with Radar,493,87,18,17,615,0,185,80,3,268,493,272,98,20,883,0,0,0,883
08/08/2017,HNL,HI,AWP,WE,Towers with Radar,498,97,20,16,631,0,242,102,4,348,498,339,122,20,979,0,0,0,979
08/09/2017,HNL,HI,AWP,WE,Towers with Radar,498,114,18,14,644,0,210,95,10,315,498,324,113,24,959,0,0,0,959
08/10/2017,HNL,HI,AWP,WE,Towers with Radar,486,108,16,39,649,0,189,94,12,295,486,297,110,51,944,0,3,3,947
08/11/2017,HNL,HI,AWP,WE,Towers with Radar,525,95,23,18,661,0,210,54,7,271,525,305,77,25,932,0,0,0,932
08/12/2017,HNL,HI,AWP,WE,Towers with Radar,512,49,19,12,592,0,197,68,0,265,512,246,87,12,857,0,0,0,857
08/13/2017,HNL,HI,AWP,WE,Towers with Radar,470,49,22,20,561,0,172,64,0,236,470,221,86,20,797,0,0,0,797
08/14/2017,HNL,HI,AWP,WE,Towers with Radar,455,127,27,23,632,0,140,50,3,193,455,267,77,26,825,3,0,3,828
08/15/2017,HNL,HI,AWP,WE,Towers with Radar,478,101,17,31,627,0,234,93,6,333,478,335,110,37,960,0,0,0,960
08/16/2017,HNL,HI,AWP,WE,Towers with Radar,488,95,18,37,638,0,210,93,2,305,488,305,111,39,943,2,0,2,945
08/17/2017,HNL,HI,AWP,WE,Towers with Radar,479,106,29,32,646,0,190,89,5,284,479,296,118,37,930,0,0,0,930
08/18/2017,HNL,HI,AWP,WE,Towers with Radar,517,95,22,19,653,0,251,121,0,372,517,346,143,19,1025,0,0,0,1025
08/19/2017,HNL,HI,AWP,WE,Towers with Radar,498,71,24,16,609,0,154,81,0,235,498,225,105,16,844,0,0,0,844
08/20/2017,HNL,HI,AWP,WE,Towers with Radar,463,70,33,19,585,0,194,88,1,283,463,264,121,20,868,0,0,0,868
08/21/2017,HNL,HI,AWP,WE,Towers with Radar,521,95,32,53,701,0,156,58,2,216,521,251,90,55,917,0,0,0,917
08/22/2017,HNL,HI,AWP,WE,Towers with Radar,491,87,26,55,659,0,231,76,3,310,491,318,102,58,969,0,0,0,969
08/23/2017,HNL,HI,AWP,WE,Towers with Radar,487,93,23,36,639,0,223,107,2,332,487,316,130,38,971,17,0,17,988
08/24/2017,HNL,HI,AWP,WE,Towers with Radar,484,108,19,61,672,0,187,89,17,293,484,295,108,78,965,0,0,0,965
08/25/2017,HNL,HI,AWP,WE,Towers with Radar,533,109,40,61,743,0,165,78,8,251,533,274,118,69,994,0,0,0,994
08/26/2017,HNL,HI,AWP,WE,Towers with Radar,486,73,19,35,613,0,204,95,0,299,486,277,114,35,912,0,0,0,912
08/27/2017,HNL,HI,AWP,WE,Towers with Radar,463,58,9,20,550,0,198,99,3,300,463,256,108,23,850,0,0,0,850
08/28/2017,HNL,HI,AWP,WE,Towers with Radar,462,108,20,47,637,0,162,87,4,253,462,270,107,51,890,0,0,0,890
08/29/2017,HNL,HI,AWP,WE,Towers with Radar,455,142,15,43,655,0,107,55,3,165,455,249,70,46,820,0,0,0,820
08/30/2017,HNL,HI,AWP,WE,Towers with Radar,436,108,25,42,611,0,193,87,4,284,436,301,112,46,895,0,0,0,895
08/31/2017,HNL,HI,AWP,WE,Towers with Radar,448,120,26,41,635,0,171,101,5,277,448,291,127,46,912,0,0,0,912
09/01/2017,HNL,HI,AWP,WE,Towers with Radar,479,110,20,13,622,0,185,126,2,313,479,295,146,15,935,0,0,0,935
09/02/2017,HNL,HI,AWP,WE,Towers with Radar,474,61,23,14,572,0,153,107,0,260,474,214,130,14,832,0,0,0,832
09/03/2017,HNL,HI,AWP,WE,Towers with Radar,433,44,14,14,505,0,159,65,0,224,433,203,79,14,729,0,0,0,729
09/04/2017,HNL,HI,AWP,WE,Towers with Radar,465,54,18,14,551,0,169,98,0,267,465,223,116,14,818,0,0,0,818
09/05/2017,HNL,HI,AWP,WE,Towers with Radar,423,111,21,45,600,0,188,79,2,269,423,299,100,47,869,0,0,0,869
09/06/2017,HNL,HI,AWP,WE,Towers with Radar,447,93,12,54,606,0,174,113,5,292,447,267,125,59,898,0,1,1,899
09/07/2017,HNL,HI,AWP,WE,Towers with Radar,456,104,31,44,635,0,148,108,3,259,456,252,139,47,894,0,0,0,894
09/08/2017,HNL,HI,AWP,WE,Towers with Radar,500,86,43,27,656,0,192,94,7,293,500,278,137,34,949,0,0,0,949
09/09/2017,HNL,HI,AWP,WE,Towers with Radar,473,75,17,78,643,0,119,49,3,171,473,194,66,81,814,0,0,0,814
09/10/2017,HNL,HI,AWP,WE,Towers with Radar,420,60,15,23,518,0,168,109,5,282,420,228,124,28,800,0,0,0,800
09/11/2017,HNL,HI,AWP,WE,Towers with Radar,450,104,12,30,596,0,146,62,2,210,450,250,74,32,806,0,0,0,806
09/12/2017,HNL,HI,AWP,WE,Towers with Radar,412,89,16,37,554,0,200,64,12,276,412,289,80,49,830,0,0,0,830
09/13/2017,HNL,HI,AWP,WE,Towers with Radar,432,93,27,35,587,0,135,86,3,224,432,228,113,38,811,14,0,14,825
09/14/2017,HNL,HI,AWP,WE,Towers with Radar,435,111,17,38,601,0,159,103,4,266,435,270,120,42,867,0,0,0,867
09/15/2017,HNL,HI,AWP,WE,Towers with Radar,461,86,20,21,588,0,232,92,2,326,461,318,112,23,914,0,0,0,914
09/16/2017,HNL,HI,AWP,WE,Towers with Radar,449,68,23,12,552,0,172,107,6,285,449,240,130,18,837,0,0,0,837
09/17/2017,HNL,HI,AWP,WE,Towers with Radar,399,67,21,15,502,0,148,80,0,228,399,215,101,15,730,0,0,0,730
09/18/2017,HNL,HI,AWP,WE,Towers with Radar,432,86,14,32,564,0,163,99,1,263,432,249,113,33,827,0,0,0,827
09/19/2017,HNL,HI,AWP,WE,Towers with Radar,410,90,20,41,561,0,190,87,1,278,410,280,107,42,839,0,0,0,839
09/20/2017,HNL,HI,AWP,WE,Towers with Radar,413,109,21,35,578,0,233,119,8,360,413,342,140,43,938,0,0,0,938
09/21/2017,HNL,HI,AWP,WE,Towers with Radar,451,88,26,33,598,0,200,96,3,299,451,288,122,36,897,0,0,0,897
09/22/2017,HNL,HI,AWP,WE,Towers with Radar,454,92,19,19,584,0,245,120,2,367,454,337,139,21,951,0,0,0,951
09/23/2017,HNL,HI,AWP,WE,Towers with Radar,430,74,11,17,532,0,198,110,5,313,430,272,121,22,845,0,0,0,845
09/24/2017,HNL,HI,AWP,WE,Towers with Radar,392,66,12,17,487,0,123,85,1,209,392,189,97,18,696,0,0,0,696
09/25/2017,HNL,HI,AWP,WE,Towers with Radar,436,97,15,30,578,0,155,124,1,280,436,252,139,31,858,0,0,0,858
09/26/2017,HNL,HI,AWP,WE,Towers with Radar,426,88,15,39,568,0,174,86,7,267,426,262,101,46,835,0,0,0,835
09/27/2017,HNL,HI,AWP,WE,Towers with Radar,429,118,16,40,603,0,190,102,4,296,429,308,118,44,899,0,0,0,899
09/28/2017,HNL,HI,AWP,WE,Towers with Radar,445,106,23,28,602,0,192,92,5,289,445,298,115,33,891,0,0,0,891
09/29/2017,HNL,HI,AWP,WE,Towers with Radar,446,89,13,24,572,0,201,102,4,307,446,290,115,28,879,0,0,0,879
09/30/2017,HNL,HI,AWP,WE,Towers with Radar,438,58,33,20,549,0,196,102,2,300,438,254,135,22,849,0,0,0,849
10/01/2017,HNL,HI,AWP,WE,Towers with Radar,412,79,33,16,540,0,157,58,1,216,412,236,91,17,756,0,0,0,756
10/02/2017,HNL,HI,AWP,WE,Towers with Radar,437,103,24,31,595,0,150,37,1,188,437,253,61,32,783,0,0,0,783
10/03/2017,HNL,HI,AWP,WE,Towers with Radar,411,100,22,41,574,0,168,86,2,256,411,268,108,43,830,0,0,0,830
10/04/2017,HNL,HI,AWP,WE,Towers with Radar,415,124,26,31,596,0,219,94,9,322,415,343,120,40,918,0,0,0,918
10/05/2017,HNL,HI,AWP,WE,Towers with Radar,434,101,34,36,605,0,264,72,3,339,434,365,106,39,944,0,0,0,944
10/06/2017,HNL,HI,AWP,WE,Towers with Radar,465,118,27,13,623,0,212,105,0,317,465,330,132,13,940,0,0,0,940
10/07/2017,HNL,HI,AWP,WE,Towers with Radar,439,70,29,4,542,0,170,97,2,269,439,240,126,6,811,0,0,0,811
10/08/2017,HNL,HI,AWP,WE,Towers with Radar,414,56,9,13,492,0,151,80,2,233,414,207,89,15,725,0,0,0,725
10/09/2017,HNL,HI,AWP,WE,Towers with Radar,423,83,11,6,523,0,160,109,2,271,423,243,120,8,794,0,0,0,794
10/10/2017,HNL,HI,AWP,WE,Towers with Radar,404,112,22,14,552,0,169,91,0,260,404,281,113,14,812,0,0,0,812
10/11/2017,HNL,HI,AWP,WE,Towers with Radar,421,109,21,29,580,0,141,82,12,235,421,250,103,41,815,0,0,0,815
10/12/2017,HNL,HI,AWP,WE,Towers with Radar,455,103,18,36,612,0,171,93,7,271,455,274,111,43,883,0,0,0,883
10/13/2017,HNL,HI,AWP,WE,Towers with Radar,465,79,21,35,600,0,164,73,9,246,465,243,94,44,846,0,0,0,846
10/14/2017,HNL,HI,AWP,WE,Towers with Radar,439,77,19,64,599,0,176,97,6,279,439,253,116,70,878,0,0,0,878
10/15/2017,HNL,HI,AWP,WE,Towers with Radar,419,58,19,24,520,0,107,41,1,149,419,165,60,25,669,0,0,0,669
10/16/2017,HNL,HI,AWP,WE,Towers with Radar,442,116,16,26,600,0,143,45,9,197,442,259,61,35,797,0,0,0,797
10/17/2017,HNL,HI,AWP,WE,Towers with Radar,420,111,13,36,580,0,138,46,12,196,420,249,59,48,776,0,0,0,776
10/18/2017,HNL,HI,AWP,WE,Towers with Radar,443,102,25,45,615,0,122,54,16,192,443,224,79,61,807,0,0,0,807
10/19/2017,HNL,HI,AWP,WE,Towers with Radar,450,114,15,30,609,0,124,55,11,190,450,238,70,41,799,0,0,0,799
10/20/2017,HNL,HI,AWP,WE,Towers with Radar,464,108,11,51,634,0,108,64,6,178,464,216,75,57,812,0,0,0,812
10/21/2017,HNL,HI,AWP,WE,Towers with Radar,438,75,13,12,538,0,155,88,3,246,438,230,101,15,784,0,0,0,784
10/22/2017,HNL,HI,AWP,WE,Towers with Radar,412,56,13,16,497,0,176,105,0,281,412,232,118,16,778,0,0,0,778
10/23/2017,HNL,HI,AWP,WE,Towers with Radar,441,121,16,42,620,0,53,5,0,58,441,174,21,42,678,0,0,0,678
10/24/2017,HNL,HI,AWP,WE,Towers with Radar,441,120,20,49,630,0,178,68,13,259,441,298,88,62,889,0,0,0,889
10/25/2017,HNL,HI,AWP,WE,Towers with Radar,432,127,42,41,642,0,136,76,5,217,432,263,118,46,859,0,0,0,859
10/26/2017,HNL,HI,AWP,WE,Towers with Radar,445,104,29,48,626,0,187,95,11,293,445,291,124,59,919,0,0,0,919
10/27/2017,HNL,HI,AWP,WE,Towers with Radar,455,88,18,27,588,0,212,84,6,302,455,300,102,33,890,0,0,0,890
10/28/2017,HNL,HI,AWP,WE,Towers with Radar,435,83,23,22,563,0,115,66,0,181,435,198,89,22,744,0,0,0,744
10/29/2017,HNL,HI,AWP,WE,Towers with Radar,410,84,29,23,546,0,169,71,0,240,410,253,100,23,786,2,0,2,788
10/30/2017,HNL,HI,AWP,WE,Towers with Radar,438,116,24,57,635,0,135,81,2,218,438,251,105,59,853,0,0,0,853
10/31/2017,HNL,HI,AWP,WE,Towers with Radar,390,112,24,23,549,0,123,59,5,187,390,235,83,28,736,0,0,0,736
11/01/2017,HNL,HI,AWP,WE,Towers with Radar,425,108,23,55,611,0,142,93,6,241,425,250,116,61,852,0,0,0,852
11/02/2017,HNL,HI,AWP,WE,Towers with Radar,440,90,33,65,628,0,146,87,6,239,440,236,120,71,867,0,0,0,867
11/03/2017,HNL,HI,AWP,WE,Towers with Radar,466,87,12,27,592,0,104,29,10,143,466,191,41,37,735,0,0,0,735
11/04/2017,HNL,HI,AWP,WE,Towers with Radar,443,80,13,45,581,0,156,49,7,212,443,236,62,52,793,0,0,0,793
11/05/2017,HNL,HI,AWP,WE,Towers with Radar,430,62,21,15,528,0,188,75,2,265,430,250,96,17,793,0,0,0,793
11/06/2017,HNL,HI,AWP,WE,Towers with Radar,435,94,14,49,592,0,200,80,12,292,435,294,94,61,884,0,10,10,894
11/07/2017,HNL,HI,AWP,WE,Towers with Radar,442,97,20,50,609,0,149,53,1,203,442,246,73,51,812,0,0,0,812
11/08/2017,HNL,HI,AWP,WE,Towers with Radar,417,113,17,57,604,0,191,103,6,300,417,304,120,63,904,0,0,0,904
11/09/2017,HNL,HI,AWP,WE,Towers with Radar,461,107,30,53,651,0,137,89,7,233,461,244,119,60,884,0,0,0,884
11/10/2017,HNL,HI,AWP,WE,Towers with Radar,461,102,31,20,614,0,146,68,3,217,461,248,99,23,831,0,0,0,831
11/11/2017,HNL,HI,AWP,WE,Towers with Radar,418,65,16,9,508,0,9,14,0,23,418,74,30,9,531,0,0,0,531
11/12/2017,HNL,HI,AWP,WE,Towers with Radar,393,58,16,18,485,0,151,65,0,216,393,209,81,18,701,0,0,0,701
11/13/2017,HNL,HI,AWP,WE,Towers with Radar,417,98,24,58,597,0,203,62,5,270,417,301,86,63,867,0,4,4,871
11/14/2017,HNL,HI,AWP,WE,Towers with Radar,400,81,15,68,564,0,155,61,3,219,400,236,76,71,783,0,0,0,783
11/15/2017,HNL,HI,AWP,WE,Towers with Radar,409,90,16,53,568,0,171,77,8,256,409,261,93,61,824,0,0,0,824
11/16/2017,HNL,HI,AWP,WE,Towers with Radar,438,95,19,60,612,0,169,124,16,309,438,264,143,76,921,0,0,0,921
11/17/2017,HNL,HI,AWP,WE,Towers with Radar,442,77,22,34,575,0,171,113,1,285,442,248,135,35,860,0,0,0,860
11/18/2017,HNL,HI,AWP,WE,Towers with Radar,421,64,33,31,549,0,128,81,4,213,421,192,114,35,762,0,0,0,762
11/19/2017,HNL,HI,AWP,WE,Towers with Radar,414,66,23,21,524,0,165,92,8,265,414,231,115,29,789,0,0,0,789
11/20/2017,HNL,HI,AWP,WE,Towers with Radar,406,112,32,62,612,0,158,83,7,248,406,270,115,69,860,0,0,0,860
11/21/2017,HNL,HI,AWP,WE,Towers with Radar,424,82,17,49,572,0,169,126,13,308,424,251,143,62,880,0,0,0,880
11/22/2017,HNL,HI,AWP,WE,Towers with Radar,430,112,30,25,597,0,165,76,5,246,430,277,106,30,843,0,0,0,843
11/23/2017,HNL,HI,AWP,WE,Towers with Radar,363,60,2,6,431,0,84,27,0,111,363,144,29,6,542,0,0,0,542
11/24/2017,HNL,HI,AWP,WE,Towers with Radar,417,89,8,8,522,0,146,84,6,236,417,235,92,14,758,0,0,0,758
11/25/2017,HNL,HI,AWP,WE,Towers with Radar,402,76,27,9,514,0,139,42,2,183,402,215,69,11,697,0,0,0,697
11/26/2017,HNL,HI,AWP,WE,Towers with Radar,401,67,21,19,508,0,145,57,0,202,401,212,78,19,710,0,0,0,710
11/27/2017,HNL,HI,AWP,WE,Towers with Radar,408,106,18,61,593,0,109,40,2,151,408,215,58,63,744,0,0,0,744
11/28/2017,HNL,HI,AWP,WE,Towers with Radar,406,87,17,69,579,0,179,70,5,254,406,266,87,74,833,0,0,0,833
11/29/2017,HNL,HI,AWP,WE,Towers with Radar,413,80,22,42,557,0,158,115,4,277,413,238,137,46,834,0,0,0,834
11/30/2017,HNL,HI,AWP,WE,Towers with Radar,452,101,20,61,634,0,101,35,1,137,452,202,55,62,771,0,0,0,771
12/01/2017,HNL,HI,AWP,WE,Towers with Radar,422,115,25,25,587,0,70,42,9,121,422,185,67,34,708,0,0,0,708
12/02/2017,HNL,HI,AWP,WE,Towers with Radar,410,98,19,43,570,0,19,18,4,41,410,117,37,47,611,0,0,0,611
12/03/2017,HNL,HI,AWP,WE,Towers with Radar,389,70,18,19,496,0,153,89,3,245,389,223,107,22,741,0,0,0,741
12/04/2017,HNL,HI,AWP,WE,Towers with Radar,426,101,22,15,564,0,212,81,2,295,426,313,103,17,859,0,0,0,859
12/05/2017,HNL,HI,AWP,WE,Towers with Radar,407,118,22,47,594,0,97,35,3,135,407,215,57,50,729,0,0,0,729
12/06/2017,HNL,HI,AWP,WE,Towers with Radar,417,87,14,29,547,0,196,102,4,302,417,283,116,33,849,0,0,0,849
12/07/2017,HNL,HI,AWP,WE,Towers with Radar,437,98,18,31,584,0,179,118,9,306,437,277,136,40,890,0,0,0,890
12/08/2017,HNL,HI,AWP,WE,Towers with Radar,445,105,13,20,583,0,163,102,2,267,445,268,115,22,850,0,0,0,850
12/09/2017,HNL,HI,AWP,WE,Towers with Radar,375,73,11,18,477,0,93,105,4,202,375,166,116,22,679,0,0,0,679
12/10/2017,HNL,HI,AWP,WE,Towers with Radar,398,75,13,16,502,0,89,71,0,160,398,164,84,16,662,0,0,0,662
12/11/2017,HNL,HI,AWP,WE,Towers with Radar,409,95,27,28,559,0,152,80,3,235,409,247,107,31,794,0,0,0,794
12/12/2017,HNL,HI,AWP,WE,Towers with Radar,413,107,13,32,565,0,58,39,3,100,413,165,52,35,665,0,0,0,665
12/13/2017,HNL,HI,AWP,WE,Towers with Radar,424,97,24,35,580,0,120,99,5,224,424,217,123,40,804,0,0,0,804
12/14/2017,HNL,HI,AWP,WE,Towers with Radar,423,101,22,31,577,0,117,80,4,201,423,218,102,35,778,0,0,0,778
12/15/2017,HNL,HI,AWP,WE,Towers with Radar,448,129,23,26,626,0,133,95,7,235,448,262,118,33,861,0,0,0,861
12/16/2017,HNL,HI,AWP,WE,Towers with Radar,447,79,34,16,576,0,86,100,9,195,447,165,134,25,771,0,0,0,771
12/17/2017,HNL,HI,AWP,WE,Towers with Radar,405,60,22,9,496,0,129,88,0,217,405,189,110,9,713,0,0,0,713
12/18/2017,HNL,HI,AWP,WE,Towers with Radar,414,94,24,41,573,0,181,77,10,268,414,275,101,51,841,0,0,0,841
12/19/2017,HNL,HI,AWP,WE,Towers with Radar,420,93,31,41,585,0,99,49,12,160,420,192,80,53,745,0,0,0,745
12/20/2017,HNL,HI,AWP,WE,Towers with Radar,436,102,29,35,602,0,122,61,1,184,436,224,90,36,786,0,0,0,786
12/21/2017,HNL,HI,AWP,WE,Towers with Radar,469,109,27,26,631,0,177,90,9,276,469,286,117,35,907,0,0,0,907
12/22/2017,HNL,HI,AWP,WE,Towers with Radar,493,117,38,4,652,0,199,89,1,289,493,316,127,5,941,0,0,0,941
12/23/2017,HNL,HI,AWP,WE,Towers with Radar,477,87,27,2,593,0,230,116,2,348,477,317,143,4,941,0,0,0,941
12/24/2017,HNL,HI,AWP,WE,Towers with Radar,431,52,14,1,498,0,241,103,0,344,431,293,117,1,842,0,0,0,842
12/25/2017,HNL,HI,AWP,WE,Towers with Radar,375,39,24,7,445,0,189,35,0,224,375,228,59,7,669,0,0,0,669
12/26/2017,HNL,HI,AWP,WE,Towers with Radar,442,127,46,11,626,0,23,13,0,36,442,150,59,11,662,0,0,0,662
12/27/2017,HNL,HI,AWP,WE,Towers with Radar,440,107,30,39,616,0,225,92,2,319,440,332,122,41,935,0,0,0,935
12/28/2017,HNL,HI,AWP,WE,Towers with Radar,480,83,37,26,626,0,290,108,2,400,480,373,145,28,1026,0,0,0,1026
12/29/2017,HNL,HI,AWP,WE,Towers with Radar,488,102,28,20,638,0,278,191,1,470,488,380,219,21,1108,0,0,0,1108
12/30/2017,HNL,HI,AWP,WE,Towers with Radar,461,84,24,6,575,0,261,142,0,403,461,345,166,6,978,0,0,0,978
12/31/2017,HNL,HI,AWP,WE,Towers with Radar,417,67,22,4,510,0,284,112,0,396,417,351,134,4,906,0,0,0,906
01/01/2018,HNL,HI,AWP,WE,Towers with Radar,426,61,26,2,515,0,210,80,1,291,426,271,106,3,806,0,0,0,806
01/02/2018,HNL,HI,AWP,WE,Towers with Radar,435,116,41,6,598,0,239,101,0,340,435,355,142,6,938,0,0,0,938
01/03/2018,HNL,HI,AWP,WE,Towers with Radar,424,99,29,38,590,0,205,108,6,319,424,304,137,44,909,0,0,0,909
01/04/2018,HNL,HI,AWP,WE,Towers with Radar,449,100,30,41,620,0,164,106,3,273,449,264,136,44,893,0,0,0,893
01/05/2018,HNL,HI,AWP,WE,Towers with Radar,467,113,31,27,638,0,201,140,3,344,467,314,171,30,982,0,0,0,982
01/06/2018,HNL,HI,AWP,WE,Towers with Radar,426,86,27,76,615,0,162,124,6,292,426,248,151,82,907,0,0,0,907
01/07/2018,HNL,HI,AWP,WE,Towers with Radar,414,78,23,28,543,0,127,104,3,234,414,205,127,31,777,0,0,0,777
01/08/2018,HNL,HI,AWP,WE,Towers with Radar,415,101,21,54,591,0,189,63,1,253,415,290,84,55,844,0,0,0,844
01/09/2018,HNL,HI,AWP,WE,Towers with Radar,396,88,15,50,549,0,187,106,7,300,396,275,121,57,849,0,0,0,849
01/10/2018,HNL,HI,AWP,WE,Towers with Radar,412,83,20,88,603,0,165,108,12,285,412,248,128,100,888,0,0,0,888
01/11/2018,HNL,HI,AWP,WE,Towers with Radar,428,108,13,62,611,0,136,119,18,273,428,244,132,80,884,0,0,0,884
01/12/2018,HNL,HI,AWP,WE,Towers with Radar,444,97,33,69,643,0,217,96,2,315,444,314,129,71,958,0,0,0,958
01/13/2018,HNL,HI,AWP,WE,Towers with Radar,414,68,26,12,520,0,182,113,4,299,414,250,139,16,819,0,0,0,819
01/14/2018,HNL,HI,AWP,WE,Towers with Radar,380,55,14,19,468,0,157,128,0,285,380,212,142,19,753,0,0,0,753
01/15/2018,HNL,HI,AWP,WE,Towers with Radar,399,70,15,18,502,0,171,93,3,267,399,241,108,21,769,0,0,0,769
01/16/2018,HNL,HI,AWP,WE,Towers with Radar,410,113,20,81,624,0,175,81,3,259,410,288,101,84,883,0,0,0,883
01/17/2018,HNL,HI,AWP,WE,Towers with Radar,399,116,35,69,619,0,155,66,14,235,399,271,101,83,854,0,0,0,854
01/18/2018,HNL,HI,AWP,WE,Towers with Radar,421,118,21,71,631,0,110,39,6,155,421,228,60,77,786,0,0,0,786
01/19/2018,HNL,HI,AWP,WE,Towers with Radar,432,106,25,98,661,0,87,52,5,144,432,193,77,103,805,0,0,0,805
01/20/2018,HNL,HI,AWP,WE,Towers with Radar,396,109,24,16,545,0,133,67,0,200,396,242,91,16,745,0,0,0,745
01/21/2018,HNL,HI,AWP,WE,Towers with Radar,389,79,14,9,491,0,170,71,2,243,389,249,85,11,734,0,0,0,734
01/22/2018,HNL,HI,AWP,WE,Towers with Radar,389,112,19,58,578,0,201,89,4,294,389,313,108,62,872,0,0,0,872
01/23/2018,HNL,HI,AWP,WE,Towers with Radar,399,112,24,83,618,0,147,70,6,223,399,259,94,89,841,0,0,0,841
01/24/2018,HNL,HI,AWP,WE,Towers with Radar,416,87,17,87,607,0,169,112,7,288,416,256,129,94,895,0,0,0,895
01/25/2018,HNL,HI,AWP,WE,Towers with Radar,405,111,26,93,635,0,154,96,6,256,405,265,122,99,891,0,0,0,891
01/26/2018,HNL,HI,AWP,WE,Towers with Radar,432,104,19,54,609,0,185,107,7,299,432,289,126,61,908,0,0,0,908
01/27/2018,HNL,HI,AWP,WE,Towers with Radar,403,81,21,19,524,0,142,82,0,224,403,223,103,19,748,0,0,0,748
01/28/2018,HNL,HI,AWP,WE,Towers with Radar,389,73,16,41,519,0,166,78,3,247,389,239,94,44,766,0,0,0,766
01/29/2018,HNL,HI,AWP,WE,Towers with Radar,401,84,13,48,546,0,191,92,2,285,401,275,105,50,831,8,0,8,839
01/30/2018,HNL,HI,AWP,WE,Towers with Radar,404,109,19,56,588,0,149,103,2,254,404,258,122,58,842,0,0,0,842
01/31/2018,HNL,HI,AWP,WE,Towers with Radar,415,129,16,44,604,0,50,39,4,93,415,179,55,48,697,0,0,0,697
02/01/2018,HNL,HI,AWP,WE,Towers with Radar,410,130,20,92,652,0,106,37,4,147,410,236,57,96,799,0,0,0,799
02/02/2018,HNL,HI,AWP,WE,Towers with Radar,441,130,28,44,643,0,94,41,0,135,441,224,69,44,778,0,0,0,778
02/03/2018,HNL,HI,AWP,WE,Towers with Radar,398,85,24,9,516,0,159,101,2,262,398,244,125,11,778,0,0,0,778
02/04/2018,HNL,HI,AWP,WE,Towers with Radar,389,78,20,9,496,0,94,31,0,125,389,172,51,9,621,0,0,0,621
02/05/2018,HNL,HI,AWP,WE,Towers with Radar,404,130,17,67,618,0,55,21,0,76,404,185,38,67,694,0,0,0,694
02/06/2018,HNL,HI,AWP,WE,Towers with Radar,386,91,28,56,561,0,157,78,2,237,386,248,106,58,798,0,0,0,798
02/07/2018,HNL,HI,AWP,WE,Towers with Radar,406,96,16,62,580,0,142,74,0,216,406,238,90,62,796,0,0,0,796
02/08/2018,HNL,HI,AWP,WE,Towers with Radar,428,100,47,79,654,0,178,79,4,261,428,278,126,83,915,0,0,0,915
02/09/2018,HNL,HI,AWP,WE,Towers with Radar,437,128,21,36,622,0,167,106,1,274,437,295,127,37,896,0,0,0,896
02/10/2018,HNL,HI,AWP,WE,Towers with Radar,388,93,15,61,557,0,152,88,2,242,388,245,103,63,799,0,0,0,799
02/11/2018,HNL,HI,AWP,WE,Towers with Radar,385,57,15,31,488,0,199,118,2,319,385,256,133,33,807,0,0,0,807
02/12/2018,HNL,HI,AWP,WE,Towers with Radar,410,91,22,19,542,0,205,85,4,294,410,296,107,23,836,0,0,0,836
02/13/2018,HNL,HI,AWP,WE,Towers with Radar,394,118,19,44,575,0,148,35,0,183,394,266,54,44,758,0,0,0,758
02/14/2018,HNL,HI,AWP,WE,Towers with Radar,413,130,21,31,595,0,8,2,0,10,413,138,23,31,605,0,0,0,605
02/15/2018,HNL,HI,AWP,WE,Towers with Radar,428,127,20,60,635,0,114,42,1,157,428,241,62,61,792,0,0,0,792
02/16/2018,HNL,HI,AWP,WE,Towers with Radar,470,114,35,41,660,0,223,119,7,349,470,337,154,48,1009,0,0,0,1009
02/17/2018,HNL,HI,AWP,WE,Towers with Radar,416,90,24,20,550,0,212,139,4,355,416,302,163,24,905,43,0,43,948
02/18/2018,HNL,HI,AWP,WE,Towers with Radar,405,87,17,19,528,0,74,27,4,105,405,161,44,23,633,0,0,0,633
02/19/2018,HNL,HI,AWP,WE,Towers with Radar,407,90,11,25,533,0,183,88,0,271,407,273,99,25,804,0,0,0,804
02/20/2018,HNL,HI,AWP,WE,Towers with Radar,416,97,33,53,599,0,260,126,6,392,416,357,159,59,991,0,0,0,991
02/21/2018,HNL,HI,AWP,WE,Towers with Radar,407,128,17,61,613,0,219,132,12,363,407,347,149,73,976,0,0,0,976
02/22/2018,HNL,HI,AWP,WE,Towers with Radar,438,130,14,36,618,0,124,35,2,161,438,254,49,38,779,0,0,0,779
02/23/2018,HNL,HI,AWP,WE,Towers with Radar,433,112,21,47,613,0,177,61,5,243,433,289,82,52,856,0,0,0,856
02/24/2018,HNL,HI,AWP,WE,Towers with Radar,419,106,21,28,574,0,147,96,1,244,419,253,117,29,818,0,0,0,818
02/25/2018,HNL,HI,AWP,WE,Towers with Radar,409,82,26,17,534,0,133,73,1,207,409,215,99,18,741,0,0,0,741
02/26/2018,HNL,HI,AWP,WE,Towers with Radar,418,134,20,19,591,0,186,63,2,251,418,320,83,21,842,0,0,0,842
02/27/2018,HNL,HI,AWP,WE,Towers with Radar,409,100,22,47,578,0,187,100,4,291,409,287,122,51,869,0,0,0,869
02/28/2018,HNL,HI,AWP,WE,Towers with Radar,420,115,26,41,602,0,115,89,2,206,420,230,115,43,808,0,0,0,808
03/01/2018,HNL,HI,AWP,WE,Towers with Radar,440,108,44,50,642,0,151,87,11,249,440,259,131,61,891,0,0,0,891
03/02/2018,HNL,HI,AWP,WE,Towers with Radar,441,123,17,17,598,0,125,65,0,190,441,248,82,17,788,0,0,0,788
03/03/2018,HNL,HI,AWP,WE,Towers with Radar,395,88,20,75,578,0,171,100,4,275,395,259,120,79,853,0,0,0,853
03/04/2018,HNL,HI,AWP,WE,Towers with Radar,403,72,20,16,511,0,132,86,3,221,403,204,106,19,732,0,0,0,732
03/05/2018,HNL,HI,AWP,WE,Towers with Radar,415,109,20,25,569,0,142,97,3,242,415,251,117,28,811,0,0,0,811
03/06/2018,HNL,HI,AWP,WE,Towers with Radar,409,101,28,60,598,0,156,102,11,269,409,257,130,71,867,1,0,1,868
03/07/2018,HNL,HI,AWP,WE,Towers with Radar,412,107,23,38,580,0,210,98,6,314,412,317,121,44,894,0,0,0,894
03/08/2018,HNL,HI,AWP,WE,Towers with Radar,443,113,15,58,629,0,178,106,11,295,443,291,121,69,924,0,0,0,924
03/09/2018,HNL,HI,AWP,WE,Towers with Radar,437,122,30,24,613,0,190,97,2,289,437,312,127,26,902,0,0,0,902
03/10/2018,HNL,HI,AWP,WE,Towers with Radar,405,80,24,18,527,0,199,133,2,334,405,279,157,20,861,0,0,0,861
03/11/2018,HNL,HI,AWP,WE,Towers with Radar,419,72,15,21,527,0,186,95,3,284,419,258,110,24,811,0,0,0,811
03/12/2018,HNL,HI,AWP,WE,Towers with Radar,413,119,17,40,589,0,189,61,6,256,413,308,78,46,845,0,0,0,845
03/13/2018,HNL,HI,AWP,WE,Towers with Radar,424,109,24,53,610,0,160,42,3,205,424,269,66,56,815,0,0,0,815
03/14/2018,HNL,HI,AWP,WE,Towers with Radar,433,116,28,35,612,0,159,77,5,241,433,275,105,40,853,0,0,0,853
03/15/2018,HNL,HI,AWP,WE,Towers with Radar,442,117,26,48,633,0,153,77,2,232,442,270,103,50,865,0,0,0,865
03/16/2018,HNL,HI,AWP,WE,Towers with Radar,456,124,23,26,629,0,148,88,7,243,456,272,111,33,872,0,0,0,872
03/17/2018,HNL,HI,AWP,WE,Towers with Radar,421,88,26,19,554,0,204,133,2,339,421,292,159,21,893,0,0,0,893
03/18/2018,HNL,HI,AWP,WE,Towers with Radar,419,96,22,19,556,0,116,75,2,193,419,212,97,21,749,0,0,0,749
03/19/2018,HNL,HI,AWP,WE,Towers with Radar,424,113,18,27,582,0,106,48,1,155,424,219,66,28,737,0,0,0,737
03/20/2018,HNL,HI,AWP,WE,Towers with Radar,409,112,24,55,600,0,120,67,1,188,409,232,91,56,788,0,0,0,788
03/21/2018,HNL,HI,AWP,WE,Towers with Radar,436,117,23,47,623,0,128,92,48,268,436,245,115,95,891,0,0,0,891
03/22/2018,HNL,HI,AWP,WE,Towers with Radar,460,116,27,46,649,0,118,63,7,188,460,234,90,53,837,0,0,0,837
03/23/2018,HNL,HI,AWP,WE,Towers with Radar,456,95,22,22,595,0,112,78,0,190,456,207,100,22,785,0,0,0,785
03/24/2018,HNL,HI,AWP,WE,Towers with Radar,411,95,20,23,549,0,8,21,0,29,411,103,41,23,578,0,0,0,578
03/25/2018,HNL,HI,AWP,WE,Towers with Radar,417,50,22,9,498,0,150,78,2,230,417,200,100,11,728,0,0,0,728
03/26/2018,HNL,HI,AWP,WE,Towers with Radar,426,106,15,35,582,0,154,84,2,240,426,260,99,37,822,0,0,0,822
03/27/2018,HNL,HI,AWP,WE,Towers with Radar,430,95,28,35,588,0,213,101,9,323,430,308,129,44,911,0,0,0,911
03/28/2018,HNL,HI,AWP,WE,Towers with Radar,430,96,23,38,587,0,252,140,10,402,430,348,163,48,989,0,0,0,989
03/29/2018,HNL,HI,AWP,WE,Towers with Radar,454,105,18,47,624,0,190,119,6,315,454,295,137,53,939,0,0,0,939
03/30/2018,HNL,HI,AWP,WE,Towers with Radar,456,114,28,18,616,0,211,134,2,347,456,325,162,20,963,0,0,0,963
03/31/2018,HNL,HI,AWP,WE,Towers with Radar,418,112,25,13,568,0,109,59,2,170,418,221,84,15,738,0,0,0,738
04/01/2018,HNL,HI,AWP,WE,Towers with Radar,409,65,19,17,510,0,178,81,1,260,409,243,100,18,770,0,0,0,770
04/02/2018,HNL,HI,AWP,WE,Towers with Radar,414,142,27,43,626,0,38,17,2,57,414,180,44,45,683,0,0,0,683
04/03/2018,HNL,HI,AWP,WE,Towers with Radar,420,106,23,63,612,0,178,57,5,240,420,284,80,68,852,0,0,0,852
04/04/2018,HNL,HI,AWP,WE,Towers with Radar,417,118,34,57,626,0,105,49,6,160,417,223,83,63,786,0,0,0,786
04/05/2018,HNL,HI,AWP,WE,Towers with Radar,428,112,22,54,616,0,94,36,3,133,428,206,58,57,749,0,0,0,749
04/06/2018,HNL,HI,AWP,WE,Towers with Radar,444,124,18,21,607,0,207,82,6,295,444,331,100,27,902,0,0,0,902
04/07/2018,HNL,HI,AWP,WE,Towers with Radar,356,79,22,39,496,0,166,45,1,212,356,245,67,40,708,0,0,0,708
04/08/2018,HNL,HI,AWP,WE,Towers with Radar,423,82,28,20,553,0,96,35,7,138,423,178,63,27,691,0,0,0,691
04/09/2018,HNL,HI,AWP,WE,Towers with Radar,408,135,26,13,582,0,133,81,19,233,408,268,107,32,815,0,0,0,815
04/10/2018,HNL,HI,AWP,WE,Towers with Radar,414,99,16,47,576,0,167,90,3,260,414,266,106,50,836,0,0,0,836
04/11/2018,HNL,HI,AWP,WE,Towers with Radar,420,120,26,50,616,0,106,95,4,205,420,226,121,54,821,0,0,0,821
04/12/2018,HNL,HI,AWP,WE,Towers with Radar,431,123,20,44,618,0,139,89,5,233,431,262,109,49,851,0,0,0,851
04/13/2018,HNL,HI,AWP,WE,Towers with Radar,454,113,29,78,674,0,159,118,3,280,454,272,147,81,954,0,0,0,954
04/14/2018,HNL,HI,AWP,WE,Towers with Radar,359,77,14,13,463,0,73,38,6,117,359,150,52,19,580,0,0,0,580
04/15/2018,HNL,HI,AWP,WE,Towers with Radar,393,78,17,9,497,0,139,96,0,235,393,217,113,9,732,0,0,0,732
04/16/2018,HNL,HI,AWP,WE,Towers with Radar,426,118,25,40,609,0,127,49,5,181,426,245,74,45,790,0,0,0,790
04/17/2018,HNL,HI,AWP,WE,Towers with Radar,397,122,13,40,572,0,164,90,5,259,397,286,103,45,831,0,0,0,831
04/18/2018,HNL,HI,AWP,WE,Towers with Radar,416,124,10,57,607,0,143,109,7,259,416,267,119,64,866,0,0,0,866
04/19/2018,HNL,HI,AWP,WE,Towers with Radar,432,129,20,27,608,0,105,42,1,148,432,234,62,28,756,0,0,0,756
04/20/2018,HNL,HI,AWP,WE,Towers with Radar,446,125,20,27,618,0,113,83,3,199,446,238,103,30,817,0,0,0,817
04/21/2018,HNL,HI,AWP,WE,Towers with Radar,415,87,22,26,550,0,166,90,1,257,415,253,112,27,807,0,0,0,807
04/22/2018,HNL,HI,AWP,WE,Towers with Radar,412,61,13,11,497,0,157,70,1,228,412,218,83,12,725,0,0,0,725
04/23/2018,HNL,HI,AWP,WE,Towers with Radar,424,116,20,13,573,0,143,64,2,209,424,259,84,15,782,0,0,0,782
04/24/2018,HNL,HI,AWP,WE,Towers with Radar,404,134,15,33,586,0,120,57,5,182,404,254,72,38,768,0,0,0,768
04/25/2018,HNL,HI,AWP,WE,Towers with Radar,417,113,24,22,576,0,170,107,7,284,417,283,131,29,860,0,0,0,860
04/26/2018,HNL,HI,AWP,WE,Towers with Radar,485,125,27,29,666,0,174,68,11,253,485,299,95,40,919,0,0,0,919
04/27/2018,HNL,HI,AWP,WE,Towers with Radar,442,130,17,29,618,0,104,62,5,171,442,234,79,34,789,0,0,0,789
04/28/2018,HNL,HI,AWP,WE,Towers with Radar,427,95,21,21,564,0,110,77,1,188,427,205,98,22,752,0,0,0,752
04/29/2018,HNL,HI,AWP,WE,Towers with Radar,413,73,18,14,518,0,148,98,5,251,413,221,116,19,769,0,0,0,769
04/30/2018,HNL,HI,AWP,WE,Towers with Radar,415,113,11,8,547,0,154,72,12,238,415,267,83,20,785,0,0,0,785
05/01/2018,HNL,HI,AWP,WE,Towers with Radar,416,112,14,34,576,0,182,90,5,277,416,294,104,39,853,2,0,2,855
05/02/2018,HNL,HI,AWP,WE,Towers with Radar,412,123,29,40,604,0,70,55,4,129,412,193,84,44,733,0,0,0,733
05/03/2018,HNL,HI,AWP,WE,Towers with Radar,424,125,21,29,599,0,129,57,10,196,424,254,78,39,795,0,0,0,795
05/04/2018,HNL,HI,AWP,WE,Towers with Radar,454,144,13,22,633,0,108,101,5,214,454,252,114,27,847,0,0,0,847
05/05/2018,HNL,HI,AWP,WE,Towers with Radar,412,106,23,39,580,0,100,91,7,198,412,206,114,46,778,0,0,0,778
05/06/2018,HNL,HI,AWP,WE,Towers with Radar,403,68,21,20,512,0,185,126,4,315,403,253,147,24,827,0,0,0,827
05/07/2018,HNL,HI,AWP,WE,Towers with Radar,409,126,8,20,563,0,187,67,17,271,409,313,75,37,834,0,0,0,834
05/08/2018,HNL,HI,AWP,WE,Towers with Radar,404,137,13,24,578,0,189,86,7,282,404,326,99,31,860,0,0,0,860
05/09/2018,HNL,HI,AWP,WE,Towers with Radar,422,115,21,13,571,0,195,147,10,352,422,310,168,23,923,0,0,0,923
05/10/2018,HNL,HI,AWP,WE,Towers with Radar,441,127,19,38,625,0,153,96,17,266,441,280,115,55,891,0,0,0,891
05/11/2018,HNL,HI,AWP,WE,Towers with Radar,460,112,14,19,605,0,166,97,4,267,460,278,111,23,872,0,0,0,872
05/12/2018,HNL,HI,AWP,WE,Towers with Radar,398,103,22,11,534,0,131,118,8,257,398,234,140,19,791,0,0,0,791
05/13/2018,HNL,HI,AWP,WE,Towers with Radar,422,95,12,11,540,0,94,62,6,162,422,189,74,17,702,0,0,0,702
05/14/2018,HNL,HI,AWP,WE,Towers with Radar,416,131,14,14,575,0,155,68,9,232,416,286,82,23,807,0,0,0,807
05/15/2018,HNL,HI,AWP,WE,Towers with Radar,408,130,13,26,577,0,173,109,9,291,408,303,122,35,868,0,0,0,868
05/16/2018,HNL,HI,AWP,WE,Towers with Radar,417,94,15,26,552,0,190,135,9,334,417,284,150,35,886,0,0,0,886
05/17/2018,HNL,HI,AWP,WE,Towers with Radar,424,127,17,23,591,0,167,120,7,294,424,294,137,30,885,0,0,0,885
05/18/2018,HNL,HI,AWP,WE,Towers with Radar,447,120,16,19,602,0,168,94,6,268,447,288,110,25,870,0,0,0,870
05/19/2018,HNL,HI,AWP,WE,Towers with Radar,410,80,19,15,524,0,148,99,4,251,410,228,118,19,775,0,0,0,775
05/20/2018,HNL,HI,AWP,WE,Towers with Radar,410,66,22,9,507,0,165,78,2,245,410,231,100,11,752,0,0,0,752
05/21/2018,HNL,HI,AWP,WE,Towers with Radar,416,124,19,7,566,0,162,69,5,236,416,286,88,12,802,0,0,0,802
05/22/2018,HNL,HI,AWP,WE,Towers with Radar,414,132,15,24,585,0,153,98,2,253,414,285,113,26,838,0,0,0,838
05/23/2018,HNL,HI,AWP,WE,Towers with Radar,421,139,13,21,594,0,171,135,6,312,421,310,148,27,906,0,0,0,906
05/24/2018,HNL,HI,AWP,WE,Towers with Radar,439,127,26,28,620,0,187,110,1,298,439,314,136,29,918,0,0,0,918
05/25/2018,HNL,HI,AWP,WE,Towers with Radar,457,122,17,16,612,0,182,128,6,316,457,304,145,22,928,0,0,0,928
05/26/2018,HNL,HI,AWP,WE,Towers with Radar,445,90,15,11,561,0,206,101,4,311,445,296,116,15,872,0,0,0,872
05/27/2018,HNL,HI,AWP,WE,Towers with Radar,422,72,13,20,527,0,151,104,2,257,422,223,117,22,784,0,0,0,784
05/28/2018,HNL,HI,AWP,WE,Towers with Radar,412,101,13,15,541,0,187,71,6,264,412,288,84,21,805,0,0,0,805
05/29/2018,HNL,HI,AWP,WE,Towers with Radar,425,131,14,22,592,0,173,64,3,240,425,304,78,25,832,0,0,0,832
05/30/2018,HNL,HI,AWP,WE,Towers with Radar,443,112,11,28,594,0,206,123,6,335,443,318,134,34,929,0,0,0,929
05/31/2018,HNL,HI,AWP,WE,Towers with Radar,469,98,8,37,612,0,189,103,15,307,469,287,111,52,919,0,0,0,919
06/01/2018,HNL,HI,AWP,WE,Towers with Radar,475,107,11,33,626,0,156,124,10,290,475,263,135,43,916,0,0,0,916
06/02/2018,HNL,HI,AWP,WE,Towers with Radar,445,61,10,23,539,0,146,113,6,265,445,207,123,29,804,0,0,0,804
06/03/2018,HNL,HI,AWP,WE,Towers with Radar,419,81,12,27,539,0,203,79,4,286,419,284,91,31,825,0,0,0,825
06/04/2018,HNL,HI,AWP,WE,Towers with Radar,415,129,16,24,584,0,178,72,7,257,415,307,88,31,841,0,0,0,841
06/05/2018,HNL,HI,AWP,WE,Towers with Radar,444,107,20,16,587,0,175,95,7,277,444,282,115,23,864,0,0,0,864
06/06/2018,HNL,HI,AWP,WE,Towers with Radar,468,112,16,35,631,0,178,99,2,279,468,290,115,37,910,0,0,0,910
06/07/2018,HNL,HI,AWP,WE,Towers with Radar,457,124,19,24,624,0,140,124,8,272,457,264,143,32,896,0,0,0,896
06/08/2018,HNL,HI,AWP,WE,Towers with Radar,468,119,11,22,620,0,176,132,2,310,468,295,143,24,930,0,0,0,930
06/09/2018,HNL,HI,AWP,WE,Towers with Radar,454,96,18,20,588,0,148,100,15,263,454,244,118,35,851,0,0,0,851
06/10/2018,HNL,HI,AWP,WE,Towers with Radar,442,78,12,13,545,0,155,112,1,268,442,233,124,14,813,0,0,0,813
06/11/2018,HNL,HI,AWP,WE,Towers with Radar,450,124,9,38,621,0,187,85,3,275,450,311,94,41,896,0,0,0,896
06/12/2018,HNL,HI,AWP,WE,Towers with Radar,461,116,15,50,642,0,178,107,10,295,461,294,122,60,937,0,0,0,937
06/13/2018,HNL,HI,AWP,WE,Towers with Radar,455,108,16,37,616,0,201,113,10,324,455,309,129,47,940,0,0,0,940
06/14/2018,HNL,HI,AWP,WE,Towers with Radar,468,122,15,48,653,0,164,165,0,329,468,286,180,48,982,0,0,0,982
06/15/2018,HNL,HI,AWP,WE,Towers with Radar,487,113,18,33,651,0,204,119,0,323,487,317,137,33,974,0,0,0,974
06/16/2018,HNL,HI,AWP,WE,Towers with Radar,454,83,19,20,576,0,186,98,2,286,454,269,117,22,862,0,0,0,862
06/17/2018,HNL,HI,AWP,WE,Towers with Radar,422,73,14,16,525,0,197,74,0,271,422,270,88,16,796,0,0,0,796
06/18/2018,HNL,HI,AWP,WE,Towers with Radar,463,110,15,25,613,0,153,122,7,282,463,263,137,32,895,0,0,0,895
06/19/2018,HNL,HI,AWP,WE,Towers with Radar,465,96,14,51,626,0,186,114,4,304,465,282,128,55,930,0,0,0,930
06/20/2018,HNL,HI,AWP,WE,Towers with Radar,446,106,14,44,610,0,223,117,9,349,446,329,131,53,959,0,0,0,959
06/21/2018,HNL,HI,AWP,WE,Towers with Radar,455,114,7,57,633,0,217,170,9,396,455,331,177,66,1029,0,0,0,1029
06/22/2018,HNL,HI,AWP,WE,Towers with Radar,492,117,10,34,653,0,158,82,0,240,492,275,92,34,893,0,0,0,893
06/23/2018,HNL,HI,AWP,WE,Towers with Radar,442,84,24,7,557,0,157,113,2,272,442,241,137,9,829,1,0,1,830
06/24/2018,HNL,HI,AWP,WE,Towers with Radar,427,71,25,23,546,0,174,50,1,225,427,245,75,24,771,0,0,0,771
06/25/2018,HNL,HI,AWP,WE,Towers with Radar,461,100,15,56,632,0,223,88,1,312,461,323,103,57,944,0,0,0,944
06/26/2018,HNL,HI,AWP,WE,Towers with Radar,461,101,15,41,618,0,221,103,11,335,461,322,118,52,953,0,0,0,953
06/27/2018,HNL,HI,AWP,WE,Towers with Radar,460,100,12,41,613,0,198,101,5,304,460,298,113,46,917,0,0,0,917
06/28/2018,HNL,HI,AWP,WE,Towers with Radar,459,133,23,49,664,0,157,80,9,246,459,290,103,58,910,0,0,0,910
06/29/2018,HNL,HI,AWP,WE,Towers with Radar,456,115,27,27,625,0,146,97,2,245,456,261,124,29,870,0,0,0,870
06/30/2018,HNL,HI,AWP,WE,Towers with Radar,459,100,13,13,585,0,182,146,3,331,459,282,159,16,916,0,0,0,916
07/01/2018,HNL,HI,AWP,WE,Towers with Radar,444,73,12,21,550,0,181,85,4,270,444,254,97,25,820,0,0,0,820
07/02/2018,HNL,HI,AWP,WE,Towers with Radar,445,123,13,37,618,0,260,98,20,378,445,383,111,57,996,0,0,0,996
07/03/2018,HNL,HI,AWP,WE,Towers with Radar,443,112,16,53,624,0,162,77,3,242,443,274,93,56,866,0,0,0,866
07/04/2018,HNL,HI,AWP,WE,Towers with Radar,410,64,6,12,492,0,209,66,11,286,410,273,72,23,778,6,0,6,784
07/05/2018,HNL,HI,AWP,WE,Towers with Radar,446,114,17,34,611,0,192,100,10,302,446,306,117,44,913,0,0,0,913
07/06/2018,HNL,HI,AWP,WE,Towers with Radar,457,124,15,38,634,0,214,97,21,332,457,338,112,59,966,0,0,0,966
07/07/2018,HNL,HI,AWP,WE,Towers with Radar,455,105,29,50,639,0,170,71,1,242,455,275,100,51,881,0,0,0,881
07/08/2018,HNL,HI,AWP,WE,Towers with Radar,440,86,16,24,566,0,210,90,6,306,440,296,106,30,872,0,0,0,872
07/09/2018,HNL,HI,AWP,WE,Towers with Radar,437,106,18,24,585,0,216,109,15,340,437,322,127,39,925,0,0,0,925
07/10/2018,HNL,HI,AWP,WE,Towers with Radar,455,93,22,77,647,0,173,105,15,293,455,266,127,92,940,0,0,0,940
07/11/2018,HNL,HI,AWP,WE,Towers with Radar,458,125,16,78,677,0,188,102,21,311,458,313,118,99,988,0,0,0,988
07/12/2018,HNL,HI,AWP,WE,Towers with Radar,466,133,16,76,691,0,200,113,74,387,466,333,129,150,1078,0,0,0,1078
07/13/2018,HNL,HI,AWP,WE,Towers with Radar,441,142,16,51,650,0,161,114,13,288,441,303,130,64,938,0,0,0,938
07/14/2018,HNL,HI,AWP,WE,Towers with Radar,440,105,25,28,598,0,138,104,6,248,440,243,129,34,846,0,0,0,846
07/15/2018,HNL,HI,AWP,WE,Towers with Radar,436,92,14,44,586,0,138,111,10,259,436,230,125,54,845,0,0,0,845
07/16/2018,HNL,HI,AWP,WE,Towers with Radar,468,116,16,80,680,0,231,122,8,361,468,347,138,88,1041,0,0,0,1041
07/17/2018,HNL,HI,AWP,WE,Towers with Radar,460,121,13,59,653,0,190,121,13,324,460,311,134,72,977,0,0,0,977
07/18/2018,HNL,HI,AWP,WE,Towers with Radar,441,117,28,49,635,0,127,79,23,229,441,244,107,72,864,0,0,0,864
07/19/2018,HNL,HI,AWP,WE,Towers with Radar,469,100,20,80,669,0,198,101,14,313,469,298,121,94,982,0,0,0,982
07/20/2018,HNL,HI,AWP,WE,Towers with Radar,468,105,18,39,630,0,192,129,24,345,468,297,147,63,975,0,0,0,975
07/21/2018,HNL,HI,AWP,WE,Towers with Radar,449,87,17,41,594,0,216,132,11,359,449,303,149,52,953,0,0,0,953
07/22/2018,HNL,HI,AWP,WE,Towers with Radar,438,82,13,39,572,0,133,115,11,259,438,215,128,50,831,0,0,0,831
07/23/2018,HNL,HI,AWP,WE,Towers with Radar,449,130,15,33,627,0,157,79,40,276,449,287,94,73,903,2,0,2,905
07/24/2018,HNL,HI,AWP,WE,Towers with Radar,448,99,13,46,606,0,200,93,32,325,448,299,106,78,931,0,0,0,931
07/25/2018,HNL,HI,AWP,WE,Towers with Radar,450,111,19,29,609,0,267,106,6,379,450,378,125,35,988,0,0,0,988
07/26/2018,HNL,HI,AWP,WE,Towers with Radar,475,144,23,35,677,0,207,107,16,330,475,351,130,51,1007,0,0,0,1007
07/27/2018,HNL,HI,AWP,WE,Towers with Radar,477,136,11,56,680,0,198,152,16,366,477,334,163,72,1046,0,0,0,1046
07/28/2018,HNL,HI,AWP,WE,Towers with Radar,448,107,21,52,628,0,199,168,17,384,448,306,189,69,1012,0,0,0,1012
07/29/2018,HNL,HI,AWP,WE,Towers with Radar,435,74,15,40,564,0,173,113,6,292,435,247,128,46,856,0,0,0,856
07/30/2018,HNL,HI,AWP,WE,Towers with Radar,429,121,12,60,622,0,118,91,14,223,429,239,103,74,845,0,0,0,845
07/31/2018,HNL,HI,AWP,WE,Towers with Radar,464,107,18,39,628,0,177,67,16,260,464,284,85,55,888,0,0,0,888
08/01/2018,HNL,HI,AWP,WE,Towers with Radar,454,120,27,50,651,0,197,60,4,261,454,317,87,54,912,0,0,0,912
08/02/2018,HNL,HI,AWP,WE,Towers with Radar,472,131,14,38,655,0,180,79,21,280,472,311,93,59,935,0,0,0,935
08/03/2018,HNL,HI,AWP,WE,Towers with Radar,494,132,20,18,664,0,203,98,5,306,494,335,118,23,970,0,0,0,970
08/04/2018,HNL,HI,AWP,WE,Towers with Radar,459,100,16,38,613,0,147,90,2,239,459,247,106,40,852,0,0,0,852
08/05/2018,HNL,HI,AWP,WE,Towers with Radar,446,59,12,21,538,0,203,100,5,308,446,262,112,26,846,0,0,0,846
08/06/2018,HNL,HI,AWP,WE,Towers with Radar,452,113,22,15,602,0,241,106,5,352,452,354,128,20,954,0,0,0,954
08/07/2018,HNL,HI,AWP,WE,Towers with Radar,461,111,24,22,618,0,213,116,8,337,461,324,140,30,955,0,0,0,955
08/08/2018,HNL,HI,AWP,WE,Towers with Radar,455,138,18,31,642,0,181,86,5,272,455,319,104,36,914,0,0,0,914
08/09/2018,HNL,HI,AWP,WE,Towers with Radar,448,142,22,24,636,0,108,50,15,173,448,250,72,39,809,0,0,0,809
08/10/2018,HNL,HI,AWP,WE,Towers with Radar,463,141,18,25,647,0,151,108,0,259,463,292,126,25,906,0,0,0,906
08/11/2018,HNL,HI,AWP,WE,Towers with Radar,452,83,36,16,587,0,243,192,6,441,452,326,228,22,1028,0,0,0,1028
08/12/2018,HNL,HI,AWP,WE,Towers with Radar,452,70,18,17,557,0,237,130,2,369,452,307,148,19,926,0,0,0,926
08/13/2018,HNL,HI,AWP,WE,Towers with Radar,456,116,12,31,615,0,233,148,3,384,456,349,160,34,999,0,0,0,999
08/14/2018,HNL,HI,AWP,WE,Towers with Radar,457,114,20,41,632,0,187,97,8,292,457,301,117,49,924,0,0,0,924
08/15/2018,HNL,HI,AWP,WE,Towers with Radar,458,107,7,40,612,0,241,108,28,377,458,348,115,68,989,0,0,0,989
08/16/2018,HNL,HI,AWP,WE,Towers with Radar,478,117,18,35,648,0,230,136,14,380,478,347,154,49,1028,0,0,0,1028
08/17/2018,HNL,HI,AWP,WE,Towers with Radar,480,126,22,28,656,0,186,116,2,304,480,312,138,30,960,0,0,0,960
08/18/2018,HNL,HI,AWP,WE,Towers with Radar,457,84,22,10,573,0,189,103,4,296,457,273,125,14,869,0,0,0,869
08/19/2018,HNL,HI,AWP,WE,Towers with Radar,437,80,19,14,550,0,162,129,1,292,437,242,148,15,842,0,0,0,842
08/20/2018,HNL,HI,AWP,WE,Towers with Radar,444,128,10,54,636,0,166,108,5,279,444,294,118,59,915,0,0,0,915
08/21/2018,HNL,HI,AWP,WE,Towers with Radar,445,118,17,28,608,0,183,97,5,285,445,301,114,33,893,0,0,0,893
08/22/2018,HNL,HI,AWP,WE,Towers with Radar,441,128,16,21,606,0,173,83,4,260,441,301,99,25,866,0,0,0,866
08/23/2018,HNL,HI,AWP,WE,Towers with Radar,464,79,16,27,586,0,16,12,0,28,464,95,28,27,614,0,0,0,614
08/24/2018,HNL,HI,AWP,WE,Towers with Radar,366,16,0,0,382,0,0,2,0,2,366,16,2,0,384,0,0,0,384
08/25/2018,HNL,HI,AWP,WE,Towers with Radar,436,74,10,3,523,0,22,19,1,42,436,96,29,4,565,0,0,0,565
08/26/2018,HNL,HI,AWP,WE,Towers with Radar,444,70,20,10,544,0,130,54,1,185,444,200,74,11,729,0,0,0,729
08/27/2018,HNL,HI,AWP,WE,Towers with Radar,464,140,15,14,633,0,125,57,4,186,464,265,72,18,819,0,0,0,819
08/28/2018,HNL,HI,AWP,WE,Towers with Radar,444,102,18,25,589,0,178,82,2,262,444,280,100,27,851,0,0,0,851
08/29/2018,HNL,HI,AWP,WE,Towers with Radar,445,112,17,49,623,0,164,125,9,298,445,276,142,58,921,0,0,0,921
08/30/2018,HNL,HI,AWP,WE,Towers with Radar,458,119,14,23,614,0,194,103,8,305,458,313,117,31,919,0,0,0,919
08/31/2018,HNL,HI,AWP,WE,Towers with Radar,483,120,13,26,642,0,163,132,4,299,483,283,145,30,941,0,0,0,941
09/01/2018,HNL,HI,AWP,WE,Towers with Radar,423,83,14,10,530,0,143,119,1,263,423,226,133,11,793,0,0,0,793
09/02/2018,HNL,HI,AWP,WE,Towers with Radar,423,73,9,15,520,0,145,85,4,234,423,218,94,19,754,0,0,0,754
09/03/2018,HNL,HI,AWP,WE,Towers with Radar,422,81,18,13,534,0,190,123,1,314,422,271,141,14,848,0,0,0,848
09/04/2018,HNL,HI,AWP,WE,Towers with Radar,404,129,15,44,592,0,160,82,4,246,404,289,97,48,838,0,0,0,838
09/05/2018,HNL,HI,AWP,WE,Towers with Radar,439,112,15,61,627,0,210,115,30,355,439,322,130,91,982,0,0,0,982
09/06/2018,HNL,HI,AWP,WE,Towers with Radar,423,125,12,38,598,0,171,107,5,283,423,296,119,43,881,0,0,0,881
09/07/2018,HNL,HI,AWP,WE,Towers with Radar,442,112,10,24,588,0,214,111,0,325,442,326,121,24,913,0,0,0,913
09/08/2018,HNL,HI,AWP,WE,Towers with Radar,415,71,14,44,544,0,182,136,21,339,415,253,150,65,883,0,0,0,883
09/09/2018,HNL,HI,AWP,WE,Towers with Radar,412,57,17,21,507,0,176,90,66,332,412,233,107,87,839,0,0,0,839
09/10/2018,HNL,HI,AWP,WE,Towers with Radar,423,105,16,25,569,0,154,102,10,266,423,259,118,35,835,0,0,0,835
09/11/2018,HNL,HI,AWP,WE,Towers with Radar,414,110,13,29,566,0,173,64,6,243,414,283,77,35,809,0,0,0,809
09/12/2018,HNL,HI,AWP,WE,Towers with Radar,413,61,8,6,488,0,0,0,0,0,413,61,8,6,488,0,0,0,488
09/13/2018,HNL,HI,AWP,WE,Towers with Radar,436,130,11,44,621,0,46,24,2,72,436,176,35,46,693,0,0,0,693
09/14/2018,HNL,HI,AWP,WE,Towers with Radar,446,124,9,40,619,0,205,140,14,359,446,329,149,54,978,2,0,2,980
09/15/2018,HNL,HI,AWP,WE,Towers with Radar,407,95,20,15,537,0,165,116,33,314,407,260,136,48,851,0,0,0,851
09/16/2018,HNL,HI,AWP,WE,Towers with Radar,399,63,11,14,487,0,158,74,0,232,399,221,85,14,719,2,0,2,721
09/17/2018,HNL,HI,AWP,WE,Towers with Radar,426,110,20,25,581,0,158,86,18,262,426,268,106,43,843,0,0,0,843
09/18/2018,HNL,HI,AWP,WE,Towers with Radar,422,99,14,47,582,0,156,112,25,293,422,255,126,72,875,0,0,0,875
09/19/2018,HNL,HI,AWP,WE,Towers with Radar,434,104,18,47,603,0,150,116,5,271,434,254,134,52,874,0,0,0,874
09/20/2018,HNL,HI,AWP,WE,Towers with Radar,430,96,8,40,574,0,146,119,31,296,430,242,127,71,870,0,0,0,870
09/21/2018,HNL,HI,AWP,WE,Towers with Radar,473,122,24,19,638,0,211,151,121,483,473,333,175,140,1121,0,0,0,1121
09/22/2018,HNL,HI,AWP,WE,Towers with Radar,438,79,23,22,562,0,170,153,22,345,438,249,176,44,907,0,0,0,907
09/23/2018,HNL,HI,AWP,WE,Towers with Radar,409,59,13,13,494,0,191,115,4,310,409,250,128,17,804,0,0,0,804
09/24/2018,HNL,HI,AWP,WE,Towers with Radar,435,93,18,38,584,0,184,118,14,316,435,277,136,52,900,0,0,0,900
09/25/2018,HNL,HI,AWP,WE,Towers with Radar,426,91,11,41,569,0,148,112,52,312,426,239,123,93,881,0,0,0,881
09/26/2018,HNL,HI,AWP,WE,Towers with Radar,437,144,17,39,637,0,116,55,6,177,437,260,72,45,814,0,0,0,814
09/27/2018,HNL,HI,AWP,WE,Towers with Radar,446,149,14,37,646,0,72,60,3,135,446,221,74,40,781,0,0,0,781
09/28/2018,HNL,HI,AWP,WE,Towers with Radar,444,140,25,25,634,0,132,83,3,218,444,272,108,28,852,0,0,0,852
09/29/2018,HNL,HI,AWP,WE,Towers with Radar,415,89,11,12,527,0,180,114,1,295,415,269,125,13,822,0,0,0,822
09/30/2018,HNL,HI,AWP,WE,Towers with Radar,420,65,16,14,515,0,156,98,3,257,420,221,114,17,772,0,0,0,772
10/01/2018,HNL,HI,AWP,WE,Towers with Radar,420,103,10,37,570,0,236,133,8,377,420,339,143,45,947,0,0,0,947
10/02/2018,HNL,HI,AWP,WE,Towers with Radar,422,107,8,28,565,0,157,116,9,282,422,264,124,37,847,0,0,0,847
10/03/2018,HNL,HI,AWP,WE,Towers with Radar,441,91,8,31,571,0,146,132,14,292,441,237,140,45,863,0,0,0,863
10/04/2018,HNL,HI,AWP,WE,Towers with Radar,440,100,13,37,590,0,178,109,8,295,440,278,122,45,885,0,0,0,885
10/05/2018,HNL,HI,AWP,WE,Towers with Radar,453,136,11,22,622,0,182,154,6,342,453,318,165,28,964,0,0,0,964
10/06/2018,HNL,HI,AWP,WE,Towers with Radar,421,97,21,24,563,0,129,114,5,248,421,226,135,29,811,0,0,0,811
10/07/2018,HNL,HI,AWP,WE,Towers with Radar,411,71,10,21,513,0,161,98,1,260,411,232,108,22,773,0,0,0,773
10/08/2018,HNL,HI,AWP,WE,Towers with Radar,400,100,9,17,526,0,186,121,1,308,400,286,130,18,834,0,0,0,834
10/09/2018,HNL,HI,AWP,WE,Towers with Radar,417,109,16,27,569,0,180,95,4,279,417,289,111,31,848,0,0,0,848
10/10/2018,HNL,HI,AWP,WE,Towers with Radar,428,127,17,28,600,0,170,133,6,309,428,297,150,34,909,0,0,0,909
10/11/2018,HNL,HI,AWP,WE,Towers with Radar,448,139,20,28,635,0,157,112,0,269,448,296,132,28,904,0,0,0,904
10/12/2018,HNL,HI,AWP,WE,Towers with Radar,452,130,19,24,625,0,133,85,4,222,452,263,104,28,847,0,0,0,847
10/13/2018,HNL,HI,AWP,WE,Towers with Radar,425,109,13,47,594,0,124,105,0,229,425,233,118,47,823,0,0,0,823
10/14/2018,HNL,HI,AWP,WE,Towers with Radar,386,82,11,22,501,0,144,92,5,241,386,226,103,27,742,0,0,0,742
10/15/2018,HNL,HI,AWP,WE,Towers with Radar,408,155,10,14,587,0,97,79,7,183,408,252,89,21,770,0,0,0,770
10/16/2018,HNL,HI,AWP,WE,Towers with Radar,413,124,27,55,619,0,155,109,2,266,413,279,136,57,885,0,0,0,885
10/17/2018,HNL,HI,AWP,WE,Towers with Radar,419,139,15,28,601,0,132,108,8,248,419,271,123,36,849,0,0,0,849
10/18/2018,HNL,HI,AWP,WE,Towers with Radar,431,142,13,49,635,0,166,145,7,318,431,308,158,56,953,0,0,0,953
10/19/2018,HNL,HI,AWP,WE,Towers with Radar,450,138,18,36,642,0,155,115,10,280,450,293,133,46,922,0,0,0,922
10/20/2018,HNL,HI,AWP,WE,Towers with Radar,434,110,27,26,597,0,184,141,2,327,434,294,168,28,924,0,0,0,924
10/21/2018,HNL,HI,AWP,WE,Towers with Radar,401,94,12,11,518,0,135,98,5,238,401,229,110,16,756,0,0,0,756
10/22/2018,HNL,HI,AWP,WE,Towers with Radar,413,133,18,33,597,0,136,103,1,240,413,269,121,34,837,0,0,0,837
10/23/2018,HNL,HI,AWP,WE,Towers with Radar,425,131,15,39,610,0,147,93,16,256,425,278,108,55,866,0,0,0,866
10/24/2018,HNL,HI,AWP,WE,Towers with Radar,428,118,16,41,603,0,176,111,5,292,428,294,127,46,895,0,0,0,895
10/25/2018,HNL,HI,AWP,WE,Towers with Radar,450,145,20,36,651,0,127,103,7,237,450,272,123,43,888,0,0,0,888
10/26/2018,HNL,HI,AWP,WE,Towers with Radar,456,145,21,32,654,0,151,108,6,265,456,296,129,38,919,0,0,0,919
10/27/2018,HNL,HI,AWP,WE,Towers with Radar,430,98,23,30,581,0,103,130,1,234,430,201,153,31,815,0,0,0,815
10/28/2018,HNL,HI,AWP,WE,Towers with Radar,418,77,18,20,533,0,121,93,0,214,418,198,111,20,747,0,0,0,747
10/29/2018,HNL,HI,AWP,WE,Towers with Radar,422,125,15,46,608,0,139,99,7,245,422,264,114,53,853,0,0,0,853
10/30/2018,HNL,HI,AWP,WE,Towers with Radar,432,148,20,24,624,0,0,0,0,0,432,148,20,24,624,0,0,0,624
10/31/2018,HNL,HI,AWP,WE,Towers with Radar,405,115,17,33,570,0,140,101,6,247,405,255,118,39,817,0,0,0,817
11/01/2018,HNL,HI,AWP,WE,Towers with Radar,429,138,23,45,635,0,132,84,3,219,429,270,107,48,854,0,0,0,854
11/02/2018,HNL,HI,AWP,WE,Towers with Radar,471,132,25,27,655,0,161,113,12,286,471,293,138,39,941,0,0,0,941
11/03/2018,HNL,HI,AWP,WE,Towers with Radar,427,85,26,40,578,0,74,103,1,178,427,159,129,41,756,0,0,0,756
11/04/2018,HNL,HI,AWP,WE,Towers with Radar,389,71,25,19,504,0,97,98,5,200,389,168,123,24,704,0,0,0,704
11/05/2018,HNL,HI,AWP,WE,Towers with Radar,417,126,22,19,584,0,154,101,5,260,417,280,123,24,844,0,0,0,844
11/06/2018,HNL,HI,AWP,WE,Towers with Radar,409,118,16,31,574,0,130,119,5,254,409,248,135,36,828,0,0,0,828
11/07/2018,HNL,HI,AWP,WE,Towers with Radar,438,120,9,38,605,0,116,117,10,243,438,236,126,48,848,0,0,0,848
11/08/2018,HNL,HI,AWP,WE,Towers with Radar,441,121,18,47,627,0,119,96,2,217,441,240,114,49,844,0,0,0,844
11/09/2018,HNL,HI,AWP,WE,Towers with Radar,469,133,19,20,641,0,126,165,3,294,469,259,184,23,935,0,0,0,935
11/10/2018,HNL,HI,AWP,WE,Towers with Radar,432,107,16,13,568,0,61,86,5,152,432,168,102,18,720,0,0,0,720
11/11/2018,HNL,HI,AWP,WE,Towers with Radar,414,88,6,16,524,0,120,149,3,272,414,208,155,19,796,0,0,0,796
11/12/2018,HNL,HI,AWP,WE,Towers with Radar,417,113,11,8,549,0,133,129,3,265,417,246,140,11,814,0,0,0,814
11/13/2018,HNL,HI,AWP,WE,Towers with Radar,425,131,14,38,608,0,176,108,4,288,425,307,122,42,896,0,0,0,896
11/14/2018,HNL,HI,AWP,WE,Towers with Radar,428,135,26,42,631,0,136,135,3,274,428,271,161,45,905,0,0,0,905
11/15/2018,HNL,HI,AWP,WE,Towers with Radar,447,122,18,45,632,0,106,101,10,217,447,228,119,55,849,0,0,0,849
11/16/2018,HNL,HI,AWP,WE,Towers with Radar,459,148,26,25,658,0,103,106,4,213,459,251,132,29,871,0,0,0,871
11/17/2018,HNL,HI,AWP,WE,Towers with Radar,454,117,26,23,620,0,55,65,2,122,454,172,91,25,742,0,0,0,742
11/18/2018,HNL,HI,AWP,WE,Towers with Radar,435,88,14,29,566,0,124,127,0,251,435,212,141,29,817,0,0,0,817
11/19/2018,HNL,HI,AWP,WE,Towers with Radar,422,132,12,50,616,0,182,109,1,292,422,314,121,51,908,0,0,0,908
11/20/2018,HNL,HI,AWP,WE,Towers with Radar,437,145,28,46,656,0,143,87,3,233,437,288,115,49,889,0,0,0,889
11/21/2018,HNL,HI,AWP,WE,Towers with Radar,463,132,10,24,629,0,155,114,8,277,463,287,124,32,906,0,0,0,906
11/22/2018,HNL,HI,AWP,WE,Towers with Radar,416,81,8,6,511,0,62,61,0,123,416,143,69,6,634,0,0,0,634
11/23/2018,HNL,HI,AWP,WE,Towers with Radar,439,120,16,8,583,0,179,153,0,332,439,299,169,8,915,0,0,0,915
11/24/2018,HNL,HI,AWP,WE,Towers with Radar,439,91,25,4,559,0,141,135,1,277,439,232,160,5,836,0,0,0,836
11/25/2018,HNL,HI,AWP,WE,Towers with Radar,452,89,23,10,574,0,161,135,0,296,452,250,158,10,870,0,0,0,870
11/26/2018,HNL,HI,AWP,WE,Towers with Radar,421,139,22,22,604,0,161,97,5,263,421,300,119,27,867,0,0,0,867
11/27/2018,HNL,HI,AWP,WE,Towers with Radar,443,107,18,31,599,0,201,88,6,295,443,308,106,37,894,0,0,0,894
11/28/2018,HNL,HI,AWP,WE,Towers with Radar,446,127,18,39,630,0,153,97,15,265,446,280,115,54,895,0,0,0,895
11/29/2018,HNL,HI,AWP,WE,Towers with Radar,458,136,24,42,660,0,131,115,10,256,458,267,139,52,916,0,0,0,916
11/30/2018,HNL,HI,AWP,WE,Towers with Radar,459,130,27,26,642,0,86,44,5,135,459,216,71,31,777,0,0,0,777
12/01/2018,HNL,HI,AWP,WE,Towers with Radar,444,93,28,45,610,0,102,104,1,207,444,195,132,46,817,0,0,0,817
12/02/2018,HNL,HI,AWP,WE,Towers with Radar,430,91,13,30,564,0,114,98,78,290,430,205,111,108,854,0,0,0,854
12/03/2018,HNL,HI,AWP,WE,Towers with Radar,445,116,23,45,629,0,155,105,4,264,445,271,128,49,893,0,0,0,893
12/04/2018,HNL,HI,AWP,WE,Towers with Radar,428,109,15,49,601,0,150,123,6,279,428,259,138,55,880,0,0,0,880
12/05/2018,HNL,HI,AWP,WE,Towers with Radar,444,117,19,18,598,0,131,96,6,233,444,248,115,24,831,0,0,0,831
12/06/2018,HNL,HI,AWP,WE,Towers with Radar,453,122,22,83,680,0,87,116,8,211,453,209,138,91,891,0,0,0,891
12/07/2018,HNL,HI,AWP,WE,Towers with Radar,477,141,15,84,717,0,159,143,3,305,477,300,158,87,1022,0,0,0,1022
12/08/2018,HNL,HI,AWP,WE,Towers with Radar,438,119,22,14,593,0,66,54,0,120,438,185,76,14,713,0,0,0,713
12/09/2018,HNL,HI,AWP,WE,Towers with Radar,421,90,20,19,550,0,92,83,0,175,421,182,103,19,725,0,0,0,725
12/10/2018,HNL,HI,AWP,WE,Towers with Radar,439,134,7,73,653,0,118,42,10,170,439,252,49,83,823,0,0,0,823
12/11/2018,HNL,HI,AWP,WE,Towers with Radar,417,117,14,69,617,0,151,60,9,220,417,268,74,78,837,0,0,0,837
12/12/2018,HNL,HI,AWP,WE,Towers with Radar,459,121,27,76,683,0,161,73,6,240,459,282,100,82,923,0,0,0,923
12/13/2018,HNL,HI,AWP,WE,Towers with Radar,462,136,16,65,679,0,89,117,5,211,462,225,133,70,890,0,0,0,890
12/14/2018,HNL,HI,AWP,WE,Towers with Radar,477,139,14,47,677,0,148,93,2,243,477,287,107,49,920,0,0,0,920
12/15/2018,HNL,HI,AWP,WE,Towers with Radar,448,94,13,6,561,0,100,160,3,263,448,194,173,9,824,0,0,0,824
12/16/2018,HNL,HI,AWP,WE,Towers with Radar,443,77,14,17,551,0,97,105,5,207,443,174,119,22,758,0,0,0,758
12/17/2018,HNL,HI,AWP,WE,Towers with Radar,451,135,14,17,617,0,126,90,3,219,451,261,104,20,836,0,0,0,836
12/18/2018,HNL,HI,AWP,WE,Towers with Radar,459,125,29,73,686,0,117,87,12,216,459,242,116,85,902,0,0,0,902
12/19/2018,HNL,HI,AWP,WE,Towers with Radar,477,138,30,71,716,0,102,93,10,205,477,240,123,81,921,0,0,0,921
12/20/2018,HNL,HI,AWP,WE,Towers with Radar,503,135,18,59,715,0,167,114,0,281,503,302,132,59,996,0,0,0,996
12/21/2018,HNL,HI,AWP,WE,Towers with Radar,538,140,16,46,740,0,200,147,2,349,538,340,163,48,1089,0,0,0,1089
12/22/2018,HNL,HI,AWP,WE,Towers with Radar,495,129,33,18,675,0,151,104,0,255,495,280,137,18,930,0,0,0,930
12/23/2018,HNL,HI,AWP,WE,Towers with Radar,450,100,21,9,580,0,173,132,0,305,450,273,153,9,885,0,0,0,885
12/24/2018,HNL,HI,AWP,WE,Towers with Radar,491,146,12,5,654,0,183,75,2,260,491,329,87,7,914,0,0,0,914
12/25/2018,HNL,HI,AWP,WE,Towers with Radar,411,79,13,4,507,0,111,44,0,155,411,190,57,4,662,0,0,0,662
12/26/2018,HNL,HI,AWP,WE,Towers with Radar,465,146,36,7,654,0,291,112,3,406,465,437,148,10,1060,0,0,0,1060
12/27/2018,HNL,HI,AWP,WE,Towers with Radar,526,142,25,16,709,0,319,152,10,481,526,461,177,26,1190,0,2,2,1192
12/28/2018,HNL,HI,AWP,WE,Towers with Radar,509,152,17,11,689,0,30,24,0,54,509,182,41,11,743,0,0,0,743
12/29/2018,HNL,HI,AWP,WE,Towers with Radar,487,109,30,6,632,0,258,105,0,363,487,367,135,6,995,1,0,1,996
12/30/2018,HNL,HI,AWP,WE,Towers with Radar,438,96,32,8,574,0,338,134,0,472,438,434,166,8,1046,0,0,0,1046
12/31/2018,HNL,HI,AWP,WE,Towers with Radar,458,134,25,6,623,0,267,100,0,367,458,401,125,6,990,0,0,0,990
01/01/2019,HNL,HI,AWP,WE,Towers with Radar,432,83,23,6,544,0,189,81,0,270,432,272,104,6,814,0,0,0,814
01/02/2019,HNL,HI,AWP,WE,Towers with Radar,457,140,18,20,635,0,277,122,2,401,457,417,140,22,1036,0,0,0,1036
01/03/2019,HNL,HI,AWP,WE,Towers with Radar,479,127,22,31,659,0,221,125,4,350,479,348,147,35,1009,0,0,0,1009
01/04/2019,HNL,HI,AWP,WE,Towers with Radar,497,136,28,23,684,0,185,95,2,282,497,321,123,25,966,0,0,0,966
01/05/2019,HNL,HI,AWP,WE,Towers with Radar,466,116,23,32,637,0,183,102,6,291,466,299,125,38,928,0,0,0,928
01/06/2019,HNL,HI,AWP,WE,Towers with Radar,448,95,23,19,585,0,197,97,1,295,448,292,120,20,880,0,0,0,880
01/07/2019,HNL,HI,AWP,WE,Towers with Radar,419,126,28,46,619,0,151,90,4,245,419,277,118,50,864,0,0,0,864
01/08/2019,HNL,HI,AWP,WE,Towers with Radar,417,85,41,30,573,0,163,105,4,272,417,248,146,34,845,0,0,0,845
01/09/2019,HNL,HI,AWP,WE,Towers with Radar,423,120,29,48,620,0,113,120,6,239,423,233,149,54,859,0,0,0,859
01/10/2019,HNL,HI,AWP,WE,Towers with Radar,431,132,20,33,616,0,150,120,3,273,431,282,140,36,889,0,0,0,889
01/11/2019,HNL,HI,AWP,WE,Towers with Radar,436,123,11,26,596,0,169,91,7,267,436,292,102,33,863,0,0,0,863
01/12/2019,HNL,HI,AWP,WE,Towers with Radar,422,101,41,43,607,0,162,106,0,268,422,263,147,43,875,0,0,0,875
01/13/2019,HNL,HI,AWP,WE,Towers with Radar,398,74,17,13,502,0,169,103,1,273,398,243,120,14,775,0,0,0,775
01/14/2019,HNL,HI,AWP,WE,Towers with Radar,404,121,16,27,568,0,179,149,4,332,404,300,165,31,900,0,0,0,900
01/15/2019,HNL,HI,AWP,WE,Towers with Radar,410,110,16,28,564,0,196,118,8,322,410,306,134,36,886,0,0,0,886
01/16/2019,HNL,HI,AWP,WE,Towers with Radar,421,125,18,30,594,0,175,106,2,283,421,300,124,32,877,0,0,0,877
01/17/2019,HNL,HI,AWP,WE,Towers with Radar,432,136,17,47,632,0,122,60,4,186,432,258,77,51,818,0,0,0,818
01/18/2019,HNL,HI,AWP,WE,Towers with Radar,445,153,24,33,655,0,211,134,2,347,445,364,158,35,1002,0,0,0,1002
01/19/2019,HNL,HI,AWP,WE,Towers with Radar,418,116,33,35,602,0,211,145,1,357,418,327,178,36,959,0,0,0,959
01/20/2019,HNL,HI,AWP,WE,Towers with Radar,399,93,22,17,531,0,146,85,0,231,399,239,107,17,762,0,0,0,762
01/21/2019,HNL,HI,AWP,WE,Towers with Radar,392,111,26,20,549,0,189,120,0,309,392,300,146,20,858,0,0,0,858
01/22/2019,HNL,HI,AWP,WE,Towers with Radar,403,134,21,47,605,0,160,105,34,299,403,294,126,81,904,0,0,0,904
01/23/2019,HNL,HI,AWP,WE,Towers with Radar,418,131,28,42,619,0,223,146,23,392,418,354,174,65,1011,0,0,0,1011
01/24/2019,HNL,HI,AWP,WE,Towers with Radar,425,131,28,32,616,0,190,144,5,339,425,321,172,37,955,3,0,3,958
01/25/2019,HNL,HI,AWP,WE,Towers with Radar,415,144,18,21,598,0,147,97,0,244,415,291,115,21,842,0,0,0,842
01/26/2019,HNL,HI,AWP,WE,Towers with Radar,400,127,30,18,575,0,108,83,3,194,400,235,113,21,769,0,0,0,769
01/27/2019,HNL,HI,AWP,WE,Towers with Radar,398,88,16,10,512,0,128,87,0,215,398,216,103,10,727,0,0,0,727
01/28/2019,HNL,HI,AWP,WE,Towers with Radar,409,127,27,32,595,0,168,67,8,243,409,295,94,40,838,0,0,0,838
01/29/2019,HNL,HI,AWP,WE,Towers with Radar,406,133,22,31,592,0,154,53,2,209,406,287,75,33,801,0,0,0,801
01/30/2019,HNL,HI,AWP,WE,Towers with Radar,417,143,25,23,608,0,105,77,15,197,417,248,102,38,805,0,0,0,805
01/31/2019,HNL,HI,AWP,WE,Towers with Radar,429,131,29,33,622,0,32,28,0,60,429,163,57,33,682,0,0,0,682
02/01/2019,HNL,HI,AWP,WE,Towers with Radar,430,133,18,19,600,0,165,76,4,245,430,298,94,23,845,0,0,0,845
02/02/2019,HNL,HI,AWP,WE,Towers with Radar,409,93,18,23,543,0,110,64,5,179,409,203,82,28,722,0,0,0,722
02/03/2019,HNL,HI,AWP,WE,Towers with Radar,383,78,10,8,479,0,154,110,0,264,383,232,120,8,743,0,0,0,743
02/04/2019,HNL,HI,AWP,WE,Towers with Radar,410,118,11,14,553,0,205,123,14,342,410,323,134,28,895,0,0,0,895
02/05/2019,HNL,HI,AWP,WE,Towers with Radar,408,113,19,27,567,0,199,111,10,320,408,312,130,37,887,0,0,0,887
02/06/2019,HNL,HI,AWP,WE,Towers with Radar,435,102,9,23,569,0,175,90,10,275,435,277,99,33,844,0,0,0,844
02/07/2019,HNL,HI,AWP,WE,Towers with Radar,411,112,21,34,578,0,174,66,4,244,411,286,87,38,822,0,0,0,822
02/08/2019,HNL,HI,AWP,WE,Towers with Radar,431,142,14,13,600,0,265,97,3,365,431,407,111,16,965,0,0,0,965
02/09/2019,HNL,HI,AWP,WE,Towers with Radar,403,89,18,22,532,0,110,40,2,152,403,199,58,24,684,0,0,0,684
02/10/2019,HNL,HI,AWP,WE,Towers with Radar,399,90,5,11,505,0,11,8,0,19,399,101,13,11,524,0,0,0,524
02/11/2019,HNL,HI,AWP,WE,Towers with Radar,390,140,13,20,563,0,207,71,8,286,390,347,84,28,849,0,0,0,849
02/12/2019,HNL,HI,AWP,WE,Towers with Radar,396,130,14,26,566,0,262,118,19,399,396,392,132,45,965,0,0,0,965
02/13/2019,HNL,HI,AWP,WE,Towers with Radar,408,141,22,24,595,0,106,71,7,184,408,247,93,31,779,0,0,0,779
02/14/2019,HNL,HI,AWP,WE,Towers with Radar,436,150,24,18,628,0,79,39,0,118,436,229,63,18,746,0,0,0,746
02/15/2019,HNL,HI,AWP,WE,Towers with Radar,445,154,33,24,656,0,225,73,8,306,445,379,106,32,962,0,0,0,962
02/16/2019,HNL,HI,AWP,WE,Towers with Radar,414,110,38,22,584,0,179,65,0,244,414,289,103,22,828,0,0,0,828
02/17/2019,HNL,HI,AWP,WE,Towers with Radar,403,111,32,19,565,0,156,70,0,226,403,267,102,19,791,0,0,0,791
02/18/2019,HNL,HI,AWP,WE,Towers with Radar,404,110,21,27,562,0,203,189,1,393,404,313,210,28,955,0,0,0,955
02/19/2019,HNL,HI,AWP,WE,Towers with Radar,430,149,24,32,635,0,37,17,2,56,430,186,41,34,691,0,0,0,691
02/20/2019,HNL,HI,AWP,WE,Towers with Radar,433,104,9,32,578,0,248,118,17,383,433,352,127,49,961,0,0,0,961
02/21/2019,HNL,HI,AWP,WE,Towers with Radar,442,108,42,39,631,0,181,149,3,333,442,289,191,42,964,0,0,0,964
02/22/2019,HNL,HI,AWP,WE,Towers with Radar,449,137,20,50,656,0,225,163,14,402,449,362,183,64,1058,0,0,0,1058
02/23/2019,HNL,HI,AWP,WE,Towers with Radar,413,103,13,15,544,0,167,130,2,299,413,270,143,17,843,0,0,0,843
02/24/2019,HNL,HI,AWP,WE,Towers with Radar,395,81,23,10,509,0,179,142,2,323,395,260,165,12,832,0,0,0,832
02/25/2019,HNL,HI,AWP,WE,Towers with Radar,420,132,19,23,594,0,156,98,8,262,420,288,117,31,856,0,0,0,856
02/26/2019,HNL,HI,AWP,WE,Towers with Radar,432,145,27,47,651,0,179,90,15,284,432,324,117,62,935,0,0,0,935
02/27/2019,HNL,HI,AWP,WE,Towers with Radar,427,129,21,47,624,0,203,99,6,308,427,332,120,53,932,0,0,0,932
02/28/2019,HNL,HI,AWP,WE,Towers with Radar,444,127,22,45,638,0,184,138,6,328,444,311,160,51,966,0,0,0,966
03/01/2019,HNL,HI,AWP,WE,Towers with Radar,433,124,19,39,615,0,199,112,2,313,433,323,131,41,928,0,0,0,928
03/02/2019,HNL,HI,AWP,WE,Towers with Radar,427,98,12,59,596,0,182,133,0,315,427,280,145,59,911,0,0,0,911
03/03/2019,HNL,HI,AWP,WE,Towers with Radar,416,91,20,22,549,0,177,100,3,280,416,268,120,25,829,0,0,0,829
03/04/2019,HNL,HI,AWP,WE,Towers with Radar,403,131,20,16,570,0,161,184,6,351,403,292,204,22,921,0,0,0,921
03/05/2019,HNL,HI,AWP,WE,Towers with Radar,405,113,13,25,556,0,151,118,4,273,405,264,131,29,829,0,0,0,829
03/06/2019,HNL,HI,AWP,WE,Towers with Radar,423,132,18,32,605,0,122,52,4,178,423,254,70,36,783,0,0,0,783
03/07/2019,HNL,HI,AWP,WE,Towers with Radar,416,123,17,50,606,0,177,75,0,252,416,300,92,50,858,0,0,0,858
03/08/2019,HNL,HI,AWP,WE,Towers with Radar,449,146,21,31,647,0,144,86,2,232,449,290,107,33,879,0,0,0,879
03/09/2019,HNL,HI,AWP,WE,Towers with Radar,445,97,33,27,602,0,117,78,4,199,445,214,111,31,801,0,0,0,801
03/10/2019,HNL,HI,AWP,WE,Towers with Radar,416,100,18,24,558,0,145,63,5,213,416,245,81,29,771,0,0,0,771
03/11/2019,HNL,HI,AWP,WE,Towers with Radar,408,147,22,58,635,0,159,81,4,244,408,306,103,62,879,0,0,0,879
03/12/2019,HNL,HI,AWP,WE,Towers with Radar,416,129,28,43,616,0,246,136,12,394,416,375,164,55,1010,0,0,0,1010
03/13/2019,HNL,HI,AWP,WE,Towers with Radar,424,131,20,55,630,0,204,131,43,378,424,335,151,98,1008,0,0,0,1008
03/14/2019,HNL,HI,AWP,WE,Towers with Radar,432,141,9,48,630,0,198,118,6,322,432,339,127,54,952,0,0,0,952
03/15/2019,HNL,HI,AWP,WE,Towers with Radar,473,128,20,40,661,0,162,100,8,270,473,290,120,48,931,0,0,0,931
03/16/2019,HNL,HI,AWP,WE,Towers with Radar,448,106,29,21,604,0,171,124,4,299,448,277,153,25,903,0,0,0,903
03/17/2019,HNL,HI,AWP,WE,Towers with Radar,427,85,16,27,555,0,170,120,7,297,427,255,136,34,852,0,0,0,852
03/18/2019,HNL,HI,AWP,WE,Towers with Radar,419,128,21,22,590,0,217,90,7,314,419,345,111,29,904,0,0,0,904
03/19/2019,HNL,HI,AWP,WE,Towers with Radar,432,126,20,47,625,0,216,139,11,366,432,342,159,58,991,0,0,0,991
03/20/2019,HNL,HI,AWP,WE,Towers with Radar,442,142,20,36,640,0,188,131,4,323,442,330,151,40,963,0,0,0,963
03/21/2019,HNL,HI,AWP,WE,Towers with Radar,437,127,14,25,603,0,233,137,12,382,437,360,151,37,985,0,0,0,985
03/22/2019,HNL,HI,AWP,WE,Towers with Radar,479,133,34,38,684,0,293,158,6,457,479,426,192,44,1141,0,0,0,1141
03/23/2019,HNL,HI,AWP,WE,Towers with Radar,454,102,35,20,611,0,213,80,2,295,454,315,115,22,906,0,0,0,906
03/24/2019,HNL,HI,AWP,WE,Towers with Radar,441,100,21,14,576,0,155,93,1,249,441,255,114,15,825,0,0,0,825
03/25/2019,HNL,HI,AWP,WE,Towers with Radar,424,129,32,36,621,0,203,82,20,305,424,332,114,56,926,0,0,0,926
03/26/2019,HNL,HI,AWP,WE,Towers with Radar,440,122,5,38,605,0,214,140,28,382,440,336,145,66,987,0,0,0,987
03/27/2019,HNL,HI,AWP,WE,Towers with Radar,432,130,30,34,626,0,208,119,7,334,432,338,149,41,960,0,0,0,960
03/28/2019,HNL,HI,AWP,WE,Towers with Radar,434,119,28,38,619,0,157,81,7,245,434,276,109,45,864,0,0,0,864
03/29/2019,HNL,HI,AWP,WE,Towers with Radar,459,124,14,24,621,0,216,119,5,340,459,340,133,29,961,0,0,0,961
03/30/2019,HNL,HI,AWP,WE,Towers with Radar,439,91,23,35,588,0,181,150,12,343,439,272,173,47,931,0,0,0,931
03/31/2019,HNL,HI,AWP,WE,Towers with Radar,403,104,20,14,541,0,169,143,6,318,403,273,163,20,859,0,0,0,859
04/01/2019,HNL,HI,AWP,WE,Towers with Radar,438,112,22,58,630,0,166,111,30,307,438,278,133,88,937,0,0,0,937
04/02/2019,HNL,HI,AWP,WE,Towers with Radar,424,110,10,56,600,0,205,122,17,344,424,315,132,73,944,0,0,0,944
04/03/2019,HNL,HI,AWP,WE,Towers with Radar,443,119,23,51,636,0,166,148,7,321,443,285,171,58,957,0,0,0,957
04/04/2019,HNL,HI,AWP,WE,Towers with Radar,433,135,24,59,651,0,187,147,5,339,433,322,171,64,990,0,0,0,990
04/05/2019,HNL,HI,AWP,WE,Towers with Radar,452,140,19,26,637,0,165,109,7,281,452,305,128,33,918,0,0,0,918
04/06/2019,HNL,HI,AWP,WE,Towers with Radar,440,89,14,51,594,0,189,138,4,331,440,278,152,55,925,0,0,0,925
04/07/2019,HNL,HI,AWP,WE,Towers with Radar,408,78,15,13,514,29,177,92,7,305,437,255,107,20,819,0,0,0,819
04/08/2019,HNL,HI,AWP,WE,Towers with Radar,423,130,20,20,593,0,239,119,12,370,423,369,139,32,963,0,0,0,963
04/09/2019,HNL,HI,AWP,WE,Towers with Radar,419,109,19,48,595,0,222,139,16,377,419,331,158,64,972,0,0,0,972
04/10/2019,HNL,HI,AWP,WE,Towers with Radar,444,109,28,41,622,0,176,80,10,266,444,285,108,51,888,0,0,0,888
04/11/2019,HNL,HI,AWP,WE,Towers with Radar,437,127,24,53,641,0,145,57,3,205,437,272,81,56,846,0,0,0,846
04/12/2019,HNL,HI,AWP,WE,Towers with Radar,457,132,24,19,632,0,186,57,6,249,457,318,81,25,881,0,0,0,881
04/13/2019,HNL,HI,AWP,WE,Towers with Radar,426,113,30,23,592,0,152,42,1,195,426,265,72,24,787,0,0,0,787
04/14/2019,HNL,HI,AWP,WE,Towers with Radar,424,98,14,8,544,0,123,72,6,201,424,221,86,14,745,0,0,0,745
04/15/2019,HNL,HI,AWP,WE,Towers with Radar,413,111,17,34,575,0,257,102,13,372,413,368,119,47,947,0,0,0,947
04/16/2019,HNL,HI,AWP,WE,Towers with Radar,412,118,12,51,593,0,191,127,18,336,412,309,139,69,929,0,0,0,929
04/17/2019,HNL,HI,AWP,WE,Towers with Radar,424,120,14,23,581,0,166,117,14,297,424,286,131,37,878,0,0,0,878
04/18/2019,HNL,HI,AWP,WE,Towers with Radar,437,115,15,19,586,0,202,119,7,328,437,317,134,26,914,0,0,0,914
04/19/2019,HNL,HI,AWP,WE,Towers with Radar,442,130,24,25,621,0,193,120,4,317,442,323,144,29,938,0,0,0,938
04/20/2019,HNL,HI,AWP,WE,Towers with Radar,425,99,17,19,560,0,218,106,1,325,425,317,123,20,885,0,0,0,885
04/21/2019,HNL,HI,AWP,WE,Towers with Radar,405,79,16,17,517,0,148,120,2,270,405,227,136,19,787,0,0,0,787
04/22/2019,HNL,HI,AWP,WE,Towers with Radar,409,119,24,27,579,0,201,92,6,299,409,320,116,33,878,0,0,0,878
04/23/2019,HNL,HI,AWP,WE,Towers with Radar,412,116,23,36,587,0,240,148,11,399,412,356,171,47,986,0,0,0,986
04/24/2019,HNL,HI,AWP,WE,Towers with Radar,439,140,19,31,629,0,231,144,10,385,439,371,163,41,1014,0,0,0,1014
04/25/2019,HNL,HI,AWP,WE,Towers with Radar,436,130,19,52,637,0,195,132,8,335,436,325,151,60,972,0,0,0,972
04/26/2019,HNL,HI,AWP,WE,Towers with Radar,495,128,18,32,673,0,231,136,4,371,495,359,154,36,1044,0,0,0,1044
04/27/2019,HNL,HI,AWP,WE,Towers with Radar,444,88,16,31,579,0,213,140,4,357,444,301,156,35,936,0,0,0,936
04/28/2019,HNL,HI,AWP,WE,Towers with Radar,436,88,19,32,575,0,125,78,1,204,436,213,97,33,779,0,1,1,780
04/29/2019,HNL,HI,AWP,WE,Towers with Radar,438,112,15,45,610,0,123,82,6,211,438,235,97,51,821,0,0,0,821
04/30/2019,HNL,HI,AWP,WE,Towers with Radar,456,103,30,55,644,0,123,140,14,277,456,226,170,69,921,0,0,0,921
05/01/2019,HNL,HI,AWP,WE,Towers with Radar,454,133,31,43,661,0,149,136,5,290,454,282,167,48,951,0,0,0,951
05/02/2019,HNL,HI,AWP,WE,Towers with Radar,455,148,20,47,670,0,104,106,5,215,455,252,126,52,885,0,0,0,885
05/03/2019,HNL,HI,AWP,WE,Towers with Radar,470,145,12,38,665,0,144,97,1,242,470,289,109,39,907,0,0,0,907
05/04/2019,HNL,HI,AWP,WE,Towers with Radar,442,124,24,23,613,0,23,7,0,30,442,147,31,23,643,0,0,0,643
05/05/2019,HNL,HI,AWP,WE,Towers with Radar,419,90,14,19,542,0,150,73,1,224,419,240,87,20,766,0,0,0,766
05/06/2019,HNL,HI,AWP,WE,Towers with Radar,445,117,9,25,596,0,193,102,4,299,445,310,111,29,895,0,0,0,895
05/07/2019,HNL,HI,AWP,WE,Towers with Radar,420,103,11,40,574,0,190,85,29,304,420,293,96,69,878,0,0,0,878
05/08/2019,HNL,HI,AWP,WE,Towers with Radar,436,105,18,43,602,0,175,134,10,319,436,280,152,53,921,0,0,0,921
05/09/2019,HNL,HI,AWP,WE,Towers with Radar,443,91,21,58,613,0,178,142,5,325,443,269,163,63,938,0,0,0,938
05/10/2019,HNL,HI,AWP,WE,Towers with Radar,460,117,12,27,616,0,150,109,4,263,460,267,121,31,879,0,0,0,879
05/11/2019,HNL,HI,AWP,WE,Towers with Radar,415,93,15,16,539,0,129,156,6,291,415,222,171,22,830,0,0,0,830
05/12/2019,HNL,HI,AWP,WE,Towers with Radar,419,72,6,18,515,0,127,91,6,224,419,199,97,24,739,0,0,0,739
05/13/2019,HNL,HI,AWP,WE,Towers with Radar,436,101,10,49,596,0,167,92,3,262,436,268,102,52,858,0,0,0,858
05/14/2019,HNL,HI,AWP,WE,Towers with Radar,442,122,19,41,624,0,144,98,12,254,442,266,117,53,878,0,0,0,878
05/15/2019,HNL,HI,AWP,WE,Towers with Radar,432,140,18,46,636,0,176,119,6,301,432,316,137,52,937,0,0,0,937
05/16/2019,HNL,HI,AWP,WE,Towers with Radar,450,125,18,29,622,0,153,112,8,273,450,278,130,37,895,0,1,1,896
05/17/2019,HNL,HI,AWP,WE,Towers with Radar,470,137,17,14,638,0,173,64,0,237,470,310,81,14,875,0,0,0,875
05/18/2019,HNL,HI,AWP,WE,Towers with Radar,431,86,23,10,550,0,151,84,2,237,431,237,107,12,787,0,0,0,787
05/19/2019,HNL,HI,AWP,WE,Towers with Radar,429,75,14,9,527,0,149,83,9,241,429,224,97,18,768,0,0,0,768
05/20/2019,HNL,HI,AWP,WE,Towers with Radar,453,119,27,45,644,0,174,117,7,298,453,293,144,52,942,4,0,4,946
05/21/2019,HNL,HI,AWP,WE,Towers with Radar,451,102,22,28,603,0,160,118,2,280,451,262,140,30,883,0,0,0,883
05/22/2019,HNL,HI,AWP,WE,Towers with Radar,456,105,19,32,612,0,199,127,16,342,456,304,146,48,954,0,0,0,954
05/23/2019,HNL,HI,AWP,WE,Towers with Radar,465,118,20,31,634,0,152,142,12,306,465,270,162,43,940,6,0,6,946
05/24/2019,HNL,HI,AWP,WE,Towers with Radar,485,130,23,12,650,0,141,99,4,244,485,271,122,16,894,0,0,0,894
05/25/2019,HNL,HI,AWP,WE,Towers with Radar,452,104,20,15,591,0,183,117,1,301,452,287,137,16,892,0,0,0,892
05/26/2019,HNL,HI,AWP,WE,Towers with Radar,432,72,11,10,525,0,139,115,2,256,432,211,126,12,781,0,0,0,781
05/27/2019,HNL,HI,AWP,WE,Towers with Radar,426,97,19,11,553,0,169,144,3,316,426,266,163,14,869,0,0,0,869
05/28/2019,HNL,HI,AWP,WE,Towers with Radar,433,127,19,37,616,0,216,84,3,303,433,343,103,40,919,0,0,0,919
05/29/2019,HNL,HI,AWP,WE,Towers with Radar,454,89,24,35,602,0,221,133,12,366,454,310,157,47,968,0,0,0,968
05/30/2019,HNL,HI,AWP,WE,Towers with Radar,479,119,30,35,663,0,169,151,2,322,479,288,181,37,985,0,0,0,985
05/31/2019,HNL,HI,AWP,WE,Towers with Radar,479,118,23,26,646,0,212,134,1,347,479,330,157,27,993,0,0,0,993
06/01/2019,HNL,HI,AWP,WE,Towers with Radar,461,87,8,44,600,0,114,112,3,229,461,201,120,47,829,0,0,0,829
06/02/2019,HNL,HI,AWP,WE,Towers with Radar,454,72,13,14,553,0,124,115,9,248,454,196,128,23,801,0,0,0,801
06/03/2019,HNL,HI,AWP,WE,Towers with Radar,448,132,15,11,606,0,188,122,2,312,448,320,137,13,918,0,0,0,918
06/04/2019,HNL,HI,AWP,WE,Towers with Radar,437,121,12,37,607,0,167,110,10,287,437,288,122,47,894,0,0,0,894
06/05/2019,HNL,HI,AWP,WE,Towers with Radar,460,118,18,21,617,0,175,88,15,278,460,293,106,36,895,0,0,0,895
06/06/2019,HNL,HI,AWP,WE,Towers with Radar,496,107,18,27,648,0,168,103,7,278,496,275,121,34,926,0,0,0,926
06/07/2019,HNL,HI,AWP,WE,Towers with Radar,491,117,21,21,650,0,198,122,9,329,491,315,143,30,979,0,0,0,979
06/08/2019,HNL,HI,AWP,WE,Towers with Radar,450,84,11,16,561,0,200,139,3,342,450,284,150,19,903,0,0,0,903
06/09/2019,HNL,HI,AWP,WE,Towers with Radar,459,65,15,9,548,0,155,129,1,285,459,220,144,10,833,0,0,0,833
06/10/2019,HNL,HI,AWP,WE,Towers with Radar,451,109,19,32,611,0,187,122,13,322,451,296,141,45,933,0,0,0,933
06/11/2019,HNL,HI,AWP,WE,Towers with Radar,455,104,33,36,628,0,181,123,9,313,455,285,156,45,941,0,0,0,941
06/12/2019,HNL,HI,AWP,WE,Towers with Radar,473,105,18,33,629,0,189,118,12,319,473,294,136,45,948,0,0,0,948
06/13/2019,HNL,HI,AWP,WE,Towers with Radar,471,127,33,23,654,0,218,178,14,410,471,345,211,37,1064,0,0,0,1064
06/14/2019,HNL,HI,AWP,WE,Towers with Radar,483,124,29,36,672,0,259,151,6,416,483,383,180,42,1088,0,0,0,1088
06/15/2019,HNL,HI,AWP,WE,Towers with Radar,459,88,37,14,598,0,171,176,1,348,459,259,213,15,946,0,0,0,946
06/16/2019,HNL,HI,AWP,WE,Towers with Radar,447,59,19,9,534,0,151,108,3,262,447,210,127,12,796,0,0,0,796
06/17/2019,HNL,HI,AWP,WE,Towers with Radar,435,105,21,12,573,0,169,133,11,313,435,274,154,23,886,0,0,0,886
06/18/2019,HNL,HI,AWP,WE,Towers with Radar,469,113,34,38,654,0,178,118,14,310,469,291,152,52,964,0,0,0,964
06/19/2019,HNL,HI,AWP,WE,Towers with Radar,469,106,30,40,645,0,198,116,12,326,469,304,146,52,971,0,0,0,971
06/20/2019,HNL,HI,AWP,WE,Towers with Radar,478,102,35,31,646,0,215,145,8,368,478,317,180,39,1014,0,0,0,1014
06/21/2019,HNL,HI,AWP,WE,Towers with Radar,502,110,36,21,669,0,176,152,8,336,502,286,188,29,1005,0,0,0,1005
06/22/2019,HNL,HI,AWP,WE,Towers with Radar,458,92,28,7,585,0,145,127,0,272,458,237,155,7,857,0,0,0,857
06/23/2019,HNL,HI,AWP,WE,Towers with Radar,459,66,27,11,563,0,119,91,2,212,459,185,118,13,775,0,0,0,775
06/24/2019,HNL,HI,AWP,WE,Towers with Radar,455,130,22,31,638,0,41,35,0,76,455,171,57,31,714,0,0,0,714
06/25/2019,HNL,HI,AWP,WE,Towers with Radar,485,143,31,17,676,0,8,1,0,9,485,151,32,17,685,0,0,0,685
06/26/2019,HNL,HI,AWP,WE,Towers with Radar,491,129,36,27,683,0,139,66,4,209,491,268,102,31,892,0,0,0,892
06/27/2019,HNL,HI,AWP,WE,Towers with Radar,472,123,37,34,666,0,176,82,1,259,472,299,119,35,925,1,0,1,926
06/28/2019,HNL,HI,AWP,WE,Towers with Radar,522,133,37,25,717,0,210,113,3,326,522,343,150,28,1043,0,0,0,1043
06/29/2019,HNL,HI,AWP,WE,Towers with Radar,461,89,20,16,586,0,176,108,0,284,461,265,128,16,870,0,0,0,870
06/30/2019,HNL,HI,AWP,WE,Towers with Radar,471,69,22,28,590,0,145,90,1,236,471,214,112,29,826,0,0,0,826
07/01/2019,HNL,HI,AWP,WE,Towers with Radar,473,97,30,35,635,0,204,139,11,354,473,301,169,46,989,0,0,0,989
07/02/2019,HNL,HI,AWP,WE,Towers with Radar,453,115,41,47,656,0,200,123,8,331,453,315,164,55,987,0,0,0,987
07/03/2019,HNL,HI,AWP,WE,Towers with Radar,486,102,34,40,662,0,223,113,14,350,486,325,147,54,1012,0,0,0,1012
07/04/2019,HNL,HI,AWP,WE,Towers with Radar,411,80,20,16,527,0,246,117,12,375,411,326,137,28,902,0,0,0,902
07/05/2019,HNL,HI,AWP,WE,Towers with Radar,483,92,15,11,601,0,215,166,2,383,483,307,181,13,984,0,0,0,984
07/06/2019,HNL,HI,AWP,WE,Towers with Radar,468,102,25,8,603,0,177,147,3,327,468,279,172,11,930,0,0,0,930
07/07/2019,HNL,HI,AWP,WE,Towers with Radar,453,76,24,7,560,0,135,88,0,223,453,211,112,7,783,0,0,0,783
07/08/2019,HNL,HI,AWP,WE,Towers with Radar,459,129,30,27,645,0,132,61,4,197,459,261,91,31,842,0,0,0,842
07/09/2019,HNL,HI,AWP,WE,Towers with Radar,458,108,23,24,613,0,197,105,2,304,458,305,128,26,917,0,0,0,917
07/10/2019,HNL,HI,AWP,WE,Towers with Radar,480,113,25,40,658,0,231,131,14,376,480,344,156,54,1034,0,0,0,1034
07/11/2019,HNL,HI,AWP,WE,Towers with Radar,475,132,28,45,680,0,190,112,7,309,475,322,140,52,989,0,0,0,989
07/12/2019,HNL,HI,AWP,WE,Towers with Radar,496,132,11,26,665,0,227,134,4,365,496,359,145,30,1030,0,0,0,1030
07/13/2019,HNL,HI,AWP,WE,Towers with Radar,460,88,18,40,606,0,129,99,0,228,460,217,117,40,834,0,0,0,834
07/14/2019,HNL,HI,AWP,WE,Towers with Radar,456,73,12,25,566,0,193,125,1,319,456,266,137,26,885,0,0,0,885
07/15/2019,HNL,HI,AWP,WE,Towers with Radar,460,107,28,21,616,0,189,118,8,315,460,296,146,29,931,0,0,0,931
07/16/2019,HNL,HI,AWP,WE,Towers with Radar,470,88,29,49,636,0,233,111,12,356,470,321,140,61,992,0,0,0,992
07/17/2019,HNL,HI,AWP,WE,Towers with Radar,482,112,16,46,656,0,154,102,13,269,482,266,118,59,925,0,0,0,925
07/18/2019,HNL,HI,AWP,WE,Towers with Radar,481,112,22,49,664,0,184,72,12,268,481,296,94,61,932,0,0,0,932
07/19/2019,HNL,HI,AWP,WE,Towers with Radar,498,114,17,28,657,0,182,102,4,288,498,296,119,32,945,0,0,0,945
07/20/2019,HNL,HI,AWP,WE,Towers with Radar,460,86,32,8,586,0,231,161,4,396,460,317,193,12,982,0,0,0,982
07/21/2019,HNL,HI,AWP,WE,Towers with Radar,453,77,22,6,558,0,148,100,1,249,453,225,122,7,807,0,0,0,807
07/22/2019,HNL,HI,AWP,WE,Towers with Radar,455,117,35,15,622,0,181,126,12,319,455,298,161,27,941,0,0,0,941
07/23/2019,HNL,HI,AWP,WE,Towers with Radar,466,117,20,36,639,0,243,112,9,364,466,360,132,45,1003,0,0,0,1003
07/24/2019,HNL,HI,AWP,WE,Towers with Radar,473,104,27,35,639,0,197,120,6,323,473,301,147,41,962,0,0,0,962
07/25/2019,HNL,HI,AWP,WE,Towers with Radar,471,111,17,26,625,0,200,122,11,333,471,311,139,37,958,0,0,0,958
07/26/2019,HNL,HI,AWP,WE,Towers with Radar,509,105,22,20,656,0,186,108,2,296,509,291,130,22,952,0,0,0,952
07/27/2019,HNL,HI,AWP,WE,Towers with Radar,477,105,33,12,627,0,188,113,4,305,477,293,146,16,932,0,0,0,932
07/28/2019,HNL,HI,AWP,WE,Towers with Radar,458,79,20,10,567,0,178,122,20,320,458,257,142,30,887,0,0,0,887
07/29/2019,HNL,HI,AWP,WE,Towers with Radar,475,121,20,25,641,0,190,117,22,329,475,311,137,47,970,0,0,0,970
07/30/2019,HNL,HI,AWP,WE,Towers with Radar,467,107,24,22,620,0,236,91,26,353,467,343,115,48,973,0,0,0,973
07/31/2019,HNL,HI,AWP,WE,Towers with Radar,477,124,23,35,659,0,200,96,18,314,477,324,119,53,973,0,0,0,973
08/01/2019,HNL,HI,AWP,WE,Towers with Radar,497,115,24,33,669,0,145,100,7,252,497,260,124,40,921,0,0,0,921
08/02/2019,HNL,HI,AWP,WE,Towers with Radar,527,145,24,27,723,0,202,72,3,277,527,347,96,30,1000,0,0,0,1000
08/03/2019,HNL,HI,AWP,WE,Towers with Radar,479,98,22,52,651,0,162,107,1,270,479,260,129,53,921,0,0,0,921
08/04/2019,HNL,HI,AWP,WE,Towers with Radar,481,67,21,26,595,0,146,62,1,209,481,213,83,27,804,0,0,0,804
08/05/2019,HNL,HI,AWP,WE,Towers with Radar,473,131,18,19,641,0,144,97,5,246,473,275,115,24,887,0,0,0,887
08/06/2019,HNL,HI,AWP,WE,Towers with Radar,451,97,32,40,620,0,155,111,7,273,451,252,143,47,893,0,0,0,893
08/07/2019,HNL,HI,AWP,WE,Towers with Radar,476,121,13,34,644,0,171,104,10,285,476,292,117,44,929,0,0,0,929
08/08/2019,HNL,HI,AWP,WE,Towers with Radar,470,132,20,28,650,0,212,195,7,414,470,344,215,35,1064,0,0,0,1064
08/09/2019,HNL,HI,AWP,WE,Towers with Radar,519,116,44,26,705,0,190,114,6,310,519,306,158,32,1015,0,0,0,1015
08/10/2019,HNL,HI,AWP,WE,Towers with Radar,476,83,32,13,604,0,167,135,0,302,476,250,167,13,906,0,0,0,906
08/11/2019,HNL,HI,AWP,WE,Towers with Radar,458,66,22,12,558,0,198,132,3,333,458,264,154,15,891,0,0,0,891
08/12/2019,HNL,HI,AWP,WE,Towers with Radar,475,106,25,15,621,0,250,109,10,369,475,356,134,25,990,0,0,0,990
08/13/2019,HNL,HI,AWP,WE,Towers with Radar,461,107,31,50,649,0,215,112,6,333,461,322,143,56,982,0,0,0,982
08/14/2019,HNL,HI,AWP,WE,Towers with Radar,480,90,21,29,620,0,191,125,4,320,480,281,146,33,940,0,0,0,940
08/15/2019,HNL,HI,AWP,WE,Towers with Radar,494,112,25,35,666,0,221,127,8,356,494,333,152,43,1022,0,0,0,1022
08/16/2019,HNL,HI,AWP,WE,Towers with Radar,516,110,28,20,674,0,252,178,49,479,516,362,206,69,1153,0,0,0,1153
08/17/2019,HNL,HI,AWP,WE,Towers with Radar,472,86,23,20,601,0,186,129,6,321,472,272,152,26,922,0,0,0,922
08/18/2019,HNL,HI,AWP,WE,Towers with Radar,462,67,24,16,569,0,202,162,7,371,462,269,186,23,940,0,0,0,940
08/19/2019,HNL,HI,AWP,WE,Towers with Radar,471,115,15,28,629,0,271,176,7,454,471,386,191,35,1083,0,0,0,1083
08/20/2019,HNL,HI,AWP,WE,Towers with Radar,461,101,26,24,612,0,234,120,4,358,461,335,146,28,970,0,0,0,970
08/21/2019,HNL,HI,AWP,WE,Towers with Radar,462,113,25,50,650,0,217,114,4,335,462,330,139,54,985,0,1,1,986
08/22/2019,HNL,HI,AWP,WE,Towers with Radar,469,118,25,60,672,0,159,77,11,247,469,277,102,71,919,0,0,0,919
08/23/2019,HNL,HI,AWP,WE,Towers with Radar,490,106,23,49,668,0,207,100,5,312,490,313,123,54,980,0,0,0,980
08/24/2019,HNL,HI,AWP,WE,Towers with Radar,454,95,25,9,583,0,162,126,8,296,454,257,151,17,879,0,0,0,879
08/25/2019,HNL,HI,AWP,WE,Towers with Radar,439,70,25,9,543,0,137,77,0,214,439,207,102,9,757,0,0,0,757
08/26/2019,HNL,HI,AWP,WE,Towers with Radar,444,118,25,47,634,0,184,104,40,328,444,302,129,87,962,0,0,0,962
08/27/2019,HNL,HI,AWP,WE,Towers with Radar,462,115,34,63,674,0,148,93,4,245,462,263,127,67,919,0,0,0,919
08/28/2019,HNL,HI,AWP,WE,Towers with Radar,462,104,23,51,640,0,183,108,14,305,462,287,131,65,945,0,0,0,945
08/29/2019,HNL,HI,AWP,WE,Towers with Radar,470,101,12,67,650,0,194,134,8,336,470,295,146,75,986,0,0,0,986
08/30/2019,HNL,HI,AWP,WE,Towers with Radar,507,101,31,14,653,0,169,143,7,319,507,270,174,21,972,0,0,0,972
08/31/2019,HNL,HI,AWP,WE,Towers with Radar,439,101,28,10,578,0,199,127,2,328,439,300,155,12,906,0,0,0,906
09/01/2019,HNL,HI,AWP,WE,Towers with Radar,406,73,15,10,504,0,109,119,0,228,406,182,134,10,732,0,0,0,732
09/02/2019,HNL,HI,AWP,WE,Towers with Radar,437,83,16,8,544,0,167,117,2,286,437,250,133,10,830,0,0,0,830
09/03/2019,HNL,HI,AWP,WE,Towers with Radar,411,126,19,56,612,0,220,148,14,382,411,346,167,70,994,0,1,1,995
09/04/2019,HNL,HI,AWP,WE,Towers with Radar,451,106,16,50,623,0,177,110,16,303,451,283,126,66,926,0,0,0,926
09/05/2019,HNL,HI,AWP,WE,Towers with Radar,445,93,19,33,590,0,193,113,9,315,445,286,132,42,905,0,0,0,905
09/06/2019,HNL,HI,AWP,WE,Towers with Radar,466,116,8,38,628,0,170,111,3,284,466,286,119,41,912,0,0,0,912
09/07/2019,HNL,HI,AWP,WE,Towers with Radar,425,95,21,33,574,0,137,73,0,210,425,232,94,33,784,0,0,0,784
09/08/2019,HNL,HI,AWP,WE,Towers with Radar,431,81,19,29,560,0,114,87,6,207,431,195,106,35,767,0,0,0,767
09/09/2019,HNL,HI,AWP,WE,Towers with Radar,438,104,26,26,594,0,147,80,8,235,438,251,106,34,829,0,2,2,831
09/10/2019,HNL,HI,AWP,WE,Towers with Radar,437,93,18,65,613,0,171,134,6,311,437,264,152,71,924,0,0,0,924
09/11/2019,HNL,HI,AWP,WE,Towers with Radar,466,90,24,36,616,0,170,103,6,279,466,260,127,42,895,0,0,0,895
09/12/2019,HNL,HI,AWP,WE,Towers with Radar,460,84,15,29,588,0,200,107,3,310,460,284,122,32,898,0,0,0,898
09/13/2019,HNL,HI,AWP,WE,Towers with Radar,474,103,18,30,625,0,219,137,8,364,474,322,155,38,989,0,0,0,989
09/14/2019,HNL,HI,AWP,WE,Towers with Radar,447,94,24,21,586,0,141,119,3,263,447,235,143,24,849,1,1,2,851
09/15/2019,HNL,HI,AWP,WE,Towers with Radar,423,77,22,35,557,0,153,93,3,249,423,230,115,38,806,0,0,0,806
09/16/2019,HNL,HI,AWP,WE,Towers with Radar,460,94,17,46,617,0,213,99,0,312,460,307,116,46,929,0,0,0,929
09/17/2019,HNL,HI,AWP,WE,Towers with Radar,442,122,33,59,656,0,166,126,18,310,442,288,159,77,966,0,0,0,966
09/18/2019,HNL,HI,AWP,WE,Towers with Radar,468,92,23,41,624,0,207,156,4,367,468,299,179,45,991,0,0,0,991
09/19/2019,HNL,HI,AWP,WE,Towers with Radar,443,114,15,44,616,0,217,120,8,345,443,331,135,52,961,0,0,0,961
09/20/2019,HNL,HI,AWP,WE,Towers with Radar,467,134,22,26,649,0,161,135,1,297,467,295,157,27,946,0,0,0,946
09/21/2019,HNL,HI,AWP,WE,Towers with Radar,424,95,14,9,542,0,155,131,0,286,424,250,145,9,828,0,0,0,828
09/22/2019,HNL,HI,AWP,WE,Towers with Radar,431,48,19,12,510,0,115,94,0,209,431,163,113,12,719,0,0,0,719
09/23/2019,HNL,HI,AWP,WE,Towers with Radar,445,125,17,11,598,0,17,15,0,32,445,142,32,11,630,0,0,0,630
09/24/2019,HNL,HI,AWP,WE,Towers with Radar,446,91,28,28,593,0,203,130,5,338,446,294,158,33,931,0,0,0,931
09/25/2019,HNL,HI,AWP,WE,Towers with Radar,444,134,16,23,617,0,38,36,4,78,444,172,52,27,695,0,0,0,695
09/26/2019,HNL,HI,AWP,WE,Towers with Radar,449,96,19,29,593,0,109,90,4,203,449,205,109,33,796,0,0,0,796
09/27/2019,HNL,HI,AWP,WE,Towers with Radar,485,128,27,17,657,0,232,131,2,365,485,360,158,19,1022,0,0,0,1022
09/28/2019,HNL,HI,AWP,WE,Towers with Radar,418,100,18,11,547,0,142,94,2,238,418,242,112,13,785,0,0,0,785
09/29/2019,HNL,HI,AWP,WE,Towers with Radar,427,61,21,13,522,0,187,100,1,288,427,248,121,14,810,0,0,0,810
09/30/2019,HNL,HI,AWP,WE,Towers with Radar,446,107,21,35,609,0,156,100,3,259,446,263,121,38,868,0,0,0,868
10/01/2019,HNL,HI,AWP,WE,Towers with Radar,438,98,22,28,586,0,232,136,4,372,438,330,158,32,958,0,0,0,958
10/02/2019,HNL,HI,AWP,WE,Towers with Radar,444,115,30,36,625,0,199,111,5,315,444,314,141,41,940,0,0,0,940
10/03/2019,HNL,HI,AWP,WE,Towers with Radar,454,122,23,24,623,0,124,97,10,231,454,246,120,34,854,0,0,0,854
10/04/2019,HNL,HI,AWP,WE,Towers with Radar,470,109,37,20,636,0,209,124,15,348,470,318,161,35,984,0,0,0,984
10/05/2019,HNL,HI,AWP,WE,Towers with Radar,444,92,13,43,592,0,165,116,10,291,444,257,129,53,883,0,0,0,883
10/06/2019,HNL,HI,AWP,WE,Towers with Radar,420,63,23,24,530,0,151,102,6,259,420,214,125,30,789,0,0,0,789
10/07/2019,HNL,HI,AWP,WE,Towers with Radar,438,115,23,15,591,0,175,130,19,324,438,290,153,34,915,0,0,0,915
10/08/2019,HNL,HI,AWP,WE,Towers with Radar,438,80,17,38,573,0,195,127,10,332,438,275,144,48,905,0,0,0,905
10/09/2019,HNL,HI,AWP,WE,Towers with Radar,450,107,9,28,594,0,199,101,12,312,450,306,110,40,906,0,0,0,906
10/10/2019,HNL,HI,AWP,WE,Towers with Radar,470,119,15,33,637,0,158,116,7,281,470,277,131,40,918,0,0,0,918
10/11/2019,HNL,HI,AWP,WE,Towers with Radar,470,149,32,6,657,0,98,89,4,191,470,247,121,10,848,0,0,0,848
10/12/2019,HNL,HI,AWP,WE,Towers with Radar,418,107,22,10,557,0,221,141,2,364,418,328,163,12,921,0,0,0,921
10/13/2019,HNL,HI,AWP,WE,Towers with Radar,440,75,21,14,550,0,148,103,3,254,440,223,124,17,804,0,0,0,804
10/14/2019,HNL,HI,AWP,WE,Towers with Radar,453,91,20,14,578,0,173,103,0,276,453,264,123,14,854,0,0,0,854
10/15/2019,HNL,HI,AWP,WE,Towers with Radar,437,114,17,47,615,0,189,113,9,311,437,303,130,56,926,0,0,0,926
10/16/2019,HNL,HI,AWP,WE,Towers with Radar,449,116,27,39,631,0,121,86,1,208,449,237,113,40,839,0,0,0,839
10/17/2019,HNL,HI,AWP,WE,Towers with Radar,462,109,21,30,622,0,177,131,9,317,462,286,152,39,939,0,0,0,939
10/18/2019,HNL,HI,AWP,WE,Towers with Radar,470,120,20,16,626,0,165,121,4,290,470,285,141,20,916,0,0,0,916
10/19/2019,HNL,HI,AWP,WE,Towers with Radar,439,83,20,14,556,0,109,99,2,210,439,192,119,16,766,0,0,0,766
10/20/2019,HNL,HI,AWP,WE,Towers with Radar,421,87,20,12,540,0,117,78,2,197,421,204,98,14,737,0,0,0,737
10/21/2019,HNL,HI,AWP,WE,Towers with Radar,445,88,22,28,583,0,234,126,15,375,445,322,148,43,958,0,0,0,958
10/22/2019,HNL,HI,AWP,WE,Towers with Radar,437,93,19,55,604,0,220,143,14,377,437,313,162,69,981,0,0,0,981
10/23/2019,HNL,HI,AWP,WE,Towers with Radar,449,91,33,32,605,0,189,115,10,314,449,280,148,42,919,0,0,0,919
10/24/2019,HNL,HI,AWP,WE,Towers with Radar,453,99,26,38,616,0,203,124,5,332,453,302,150,43,948,0,0,0,948
10/25/2019,HNL,HI,AWP,WE,Towers with Radar,474,107,20,27,628,0,177,129,10,316,474,284,149,37,944,0,0,0,944
10/26/2019,HNL,HI,AWP,WE,Towers with Radar,444,92,23,9,568,0,154,85,0,239,444,246,108,9,807,0,0,0,807
10/27/2019,HNL,HI,AWP,WE,Towers with Radar,418,73,12,9,512,0,111,70,3,184,418,184,82,12,696,0,0,0,696
10/28/2019,HNL,HI,AWP,WE,Towers with Radar,447,101,22,39,609,0,195,96,13,304,447,296,118,52,913,0,0,0,913
10/29/2019,HNL,HI,AWP,WE,Towers with Radar,430,85,18,58,591,0,114,74,4,192,430,199,92,62,783,0,0,0,783
10/30/2019,HNL,HI,AWP,WE,Towers with Radar,446,102,17,41,606,0,122,85,6,213,446,224,102,47,819,0,0,0,819
10/31/2019,HNL,HI,AWP,WE,Towers with Radar,419,96,15,64,594,0,119,72,4,195,419,215,87,68,789,0,0,0,789
11/01/2019,HNL,HI,AWP,WE,Towers with Radar,468,102,23,38,631,0,139,123,9,271,468,241,146,47,902,0,0,0,902
11/02/2019,HNL,HI,AWP,WE,Towers with Radar,434,70,20,46,570,0,138,65,2,205,434,208,85,48,775,0,0,0,775
11/03/2019,HNL,HI,AWP,WE,Towers with Radar,419,82,16,24,541,0,75,67,3,145,419,157,83,27,686,0,0,0,686
11/04/2019,HNL,HI,AWP,WE,Towers with Radar,420,94,20,23,557,0,178,86,14,278,420,272,106,37,835,0,0,0,835
11/05/2019,HNL,HI,AWP,WE,Towers with Radar,467,105,18,56,646,0,151,89,7,247,467,256,107,63,893,0,0,0,893
11/06/2019,HNL,HI,AWP,WE,Towers with Radar,457,96,32,46,631,0,174,99,6,279,457,270,131,52,910,0,0,0,910
11/07/2019,HNL,HI,AWP,WE,Towers with Radar,446,122,30,48,646,0,149,114,13,276,446,271,144,61,922,0,0,0,922
11/08/2019,HNL,HI,AWP,WE,Towers with Radar,456,117,14,20,607,0,143,104,4,251,456,260,118,24,858,0,0,0,858
11/09/2019,HNL,HI,AWP,WE,Towers with Radar,449,88,12,11,560,0,126,84,0,210,449,214,96,11,770,0,0,0,770
11/10/2019,HNL,HI,AWP,WE,Towers with Radar,431,51,12,26,520,0,135,123,5,263,431,186,135,31,783,0,0,0,783
11/11/2019,HNL,HI,AWP,WE,Towers with Radar,424,97,14,25,560,0,160,133,2,295,424,257,147,27,855,0,0,0,855
11/12/2019,HNL,HI,AWP,WE,Towers with Radar,448,73,12,42,575,0,215,153,16,384,448,288,165,58,959,0,0,0,959
11/13/2019,HNL,HI,AWP,WE,Towers with Radar,471,96,27,54,648,0,178,126,7,311,471,274,153,61,959,0,0,0,959
11/14/2019,HNL,HI,AWP,WE,Towers with Radar,468,100,18,58,644,0,206,102,2,310,468,306,120,60,954,0,0,0,954
11/15/2019,HNL,HI,AWP,WE,Towers with Radar,493,110,33,44,680,0,126,112,11,249,493,236,145,55,929,0,0,0,929
11/16/2019,HNL,HI,AWP,WE,Towers with Radar,449,74,12,24,559,0,139,99,3,241,449,213,111,27,800,0,0,0,800
11/17/2019,HNL,HI,AWP,WE,Towers with Radar,432,74,19,18,543,0,98,83,2,183,432,172,102,20,726,0,0,0,726
11/18/2019,HNL,HI,AWP,WE,Towers with Radar,445,107,15,36,603,0,185,104,30,319,445,292,119,66,922,1,0,1,923
11/19/2019,HNL,HI,AWP,WE,Towers with Radar,479,95,20,52,646,0,98,70,4,172,479,193,90,56,818,0,5,5,823
11/20/2019,HNL,HI,AWP,WE,Towers with Radar,461,108,23,65,657,0,155,98,8,261,461,263,121,73,918,0,1,1,919
11/21/2019,HNL,HI,AWP,WE,Towers with Radar,457,109,25,54,645,0,104,70,10,184,457,213,95,64,829,0,0,0,829
11/22/2019,HNL,HI,AWP,WE,Towers with Radar,482,118,19,31,650,0,126,96,6,228,482,244,115,37,878,0,0,0,878
11/23/2019,HNL,HI,AWP,WE,Towers with Radar,460,91,26,31,608,0,61,42,0,103,460,152,68,31,711,0,0,0,711
11/24/2019,HNL,HI,AWP,WE,Towers with Radar,444,65,21,19,549,0,150,159,25,334,444,215,180,44,883,0,0,0,883
11/25/2019,HNL,HI,AWP,WE,Towers with Radar,468,103,19,60,650,0,234,133,9,376,468,337,152,69,1026,0,0,0,1026
11/26/2019,HNL,HI,AWP,WE,Towers with Radar,463,86,12,54,615,0,208,166,8,382,463,294,178,62,997,0,0,0,997
11/27/2019,HNL,HI,AWP,WE,Towers with Radar,487,119,32,33,671,0,189,128,5,322,487,308,160,38,993,0,0,0,993
11/28/2019,HNL,HI,AWP,WE,Towers with Radar,431,46,14,5,496,0,116,73,0,189,431,162,87,5,685,0,0,0,685
11/29/2019,HNL,HI,AWP,WE,Towers with Radar,460,97,12,8,577,0,174,155,1,330,460,271,167,9,907,0,0,0,907
11/30/2019,HNL,HI,AWP,WE,Towers with Radar,471,83,18,11,583,0,161,116,2,279,471,244,134,13,862,0,0,0,862
12/01/2019,HNL,HI,AWP,WE,Towers with Radar,479,84,19,15,597,0,56,61,1,118,479,140,80,16,715,2,0,2,717
12/02/2019,HNL,HI,AWP,WE,Towers with Radar,448,135,15,33,631,0,179,122,8,309,448,314,137,41,940,0,11,11,951
12/03/2019,HNL,HI,AWP,WE,Towers with Radar,477,87,21,35,620,0,158,90,10,258,477,245,111,45,878,0,0,0,878
12/04/2019,HNL,HI,AWP,WE,Towers with Radar,481,95,27,30,633,0,118,129,7,254,481,213,156,37,887,0,0,0,887
12/05/2019,HNL,HI,AWP,WE,Towers with Radar,489,128,31,35,683,0,159,119,13,291,489,287,150,48,974,0,0,0,974
12/06/2019,HNL,HI,AWP,WE,Towers with Radar,491,103,18,31,643,0,143,115,10,268,491,246,133,41,911,0,0,0,911
12/07/2019,HNL,HI,AWP,WE,Towers with Radar,468,71,18,41,598,0,169,146,4,319,468,240,164,45,917,0,0,0,917
12/08/2019,HNL,HI,AWP,WE,Towers with Radar,458,55,16,10,539,0,109,135,0,244,458,164,151,10,783,0,0,0,783
12/09/2019,HNL,HI,AWP,WE,Towers with Radar,477,114,23,24,638,0,233,152,23,408,477,347,175,47,1046,0,0,0,1046
12/10/2019,HNL,HI,AWP,WE,Towers with Radar,474,82,18,51,625,0,238,169,18,425,474,320,187,69,1050,0,0,0,1050
12/11/2019,HNL,HI,AWP,WE,Towers with Radar,480,95,26,58,659,0,165,135,12,312,480,260,161,70,971,0,0,0,971
12/12/2019,HNL,HI,AWP,WE,Towers with Radar,495,102,37,40,674,0,131,123,8,262,495,233,160,48,936,0,0,0,936
12/13/2019,HNL,HI,AWP,WE,Towers with Radar,512,107,30,28,677,0,139,89,9,237,512,246,119,37,914,0,0,0,914
12/14/2019,HNL,HI,AWP,WE,Towers with Radar,454,90,23,13,580,0,79,70,5,154,454,169,93,18,734,0,0,0,734
12/15/2019,HNL,HI,AWP,WE,Towers with Radar,457,69,9,11,546,0,171,118,3,292,457,240,127,14,838,0,0,0,838
12/16/2019,HNL,HI,AWP,WE,Towers with Radar,472,125,20,47,664,0,64,31,1,96,472,189,51,48,760,0,0,0,760
12/17/2019,HNL,HI,AWP,WE,Towers with Radar,494,90,36,45,665,0,181,96,5,282,494,271,132,50,947,0,0,0,947
12/18/2019,HNL,HI,AWP,WE,Towers with Radar,504,93,16,42,655,0,219,89,9,317,504,312,105,51,972,0,0,0,972
12/19/2019,HNL,HI,AWP,WE,Towers with Radar,522,92,31,54,699,0,211,116,8,335,522,303,147,62,1034,7,0,7,1041
12/20/2019,HNL,HI,AWP,WE,Towers with Radar,533,119,32,40,724,0,135,79,5,219,533,254,111,45,943,0,0,0,943
12/21/2019,HNL,HI,AWP,WE,Towers with Radar,513,121,27,8,669,0,35,12,1,48,513,156,39,9,717,0,0,0,717
12/22/2019,HNL,HI,AWP,WE,Towers with Radar,505,80,13,11,609,0,148,59,0,207,505,228,72,11,816,0,0,0,816
12/23/2019,HNL,HI,AWP,WE,Towers with Radar,529,89,19,12,649,0,250,107,4,361,529,339,126,16,1010,0,0,0,1010
12/24/2019,HNL,HI,AWP,WE,Towers with Radar,519,100,12,5,636,0,323,113,0,436,519,423,125,5,1072,0,0,0,1072
12/25/2019,HNL,HI,AWP,WE,Towers with Radar,468,68,8,0,544,0,6,1,0,7,468,74,9,0,551,0,0,0,551
12/26/2019,HNL,HI,AWP,WE,Towers with Radar,494,128,20,13,655,0,236,115,2,353,494,364,135,15,1008,0,0,0,1008
12/27/2019,HNL,HI,AWP,WE,Towers with Radar,528,111,31,21,691,0,250,144,1,395,528,361,175,22,1086,0,0,0,1086
12/28/2019,HNL,HI,AWP,WE,Towers with Radar,521,85,33,10,649,0,208,133,1,342,521,293,166,11,991,0,0,0,991
12/29/2019,HNL,HI,AWP,WE,Towers with Radar,502,65,25,7,599,0,181,134,0,315,502,246,159,7,914,0,0,0,914
12/30/2019,HNL,HI,AWP,WE,Towers with Radar,510,117,33,32,692,0,251,168,1,420,510,368,201,33,1112,0,0,0,1112
12/31/2019,HNL,HI,AWP,WE,Towers with Radar,503,110,20,4,637,0,289,124,1,414,503,399,144,5,1051,0,0,0,1051
01/01/2020,HNL,HI,AWP,WE,Towers with Radar,452,88,20,3,563,0,118,88,0,206,452,206,108,3,769,0,0,0,769
01/02/2020,HNL,HI,AWP,WE,Towers with Radar,514,126,25,30,695,0,141,99,1,241,514,267,124,31,936,0,0,0,936
01/03/2020,HNL,HI,AWP,WE,Towers with Radar,540,149,32,26,747,0,123,86,0,209,540,272,118,26,956,0,0,0,956
01/04/2020,HNL,HI,AWP,WE,Towers with Radar,504,117,32,14,667,0,35,29,0,64,504,152,61,14,731,0,0,0,731
01/05/2020,HNL,HI,AWP,WE,Towers with Radar,493,76,36,18,623,0,156,73,0,229,493,232,109,18,852,1,0,1,853
01/06/2020,HNL,HI,AWP,WE,Towers with Radar,479,108,24,47,658,0,167,65,11,243,479,275,89,58,901,0,0,0,901
01/07/2020,HNL,HI,AWP,WE,Towers with Radar,468,122,22,22,634,0,101,41,14,156,468,223,63,36,790,0,0,0,790
01/08/2020,HNL,HI,AWP,WE,Towers with Radar,450,119,28,67,664,0,66,35,6,107,450,185,63,73,771,0,1,1,772
01/09/2020,HNL,HI,AWP,WE,Towers with Radar,458,127,19,51,655,0,45,18,4,67,458,172,37,55,722,0,0,0,722
01/10/2020,HNL,HI,AWP,WE,Towers with Radar,460,135,20,44,659,0,33,36,2,71,460,168,56,46,730,0,0,0,730
01/11/2020,HNL,HI,AWP,WE,Towers with Radar,430,91,14,36,571,0,26,31,3,60,430,117,45,39,631,1,0,1,632
01/12/2020,HNL,HI,AWP,WE,Towers with Radar,423,84,14,23,544,0,8,37,1,46,423,92,51,24,590,0,0,0,590
01/13/2020,HNL,HI,AWP,WE,Towers with Radar,428,111,13,20,572,0,127,39,1,167,428,238,52,21,739,1,0,1,740
01/14/2020,HNL,HI,AWP,WE,Towers with Radar,469,112,19,82,682,0,143,91,12,246,469,255,110,94,928,0,0,0,928
01/15/2020,HNL,HI,AWP,WE,Towers with Radar,438,103,29,70,640,0,81,122,13,216,438,184,151,83,856,0,0,0,856
01/16/2020,HNL,HI,AWP,WE,Towers with Radar,452,106,26,85,669,0,108,120,5,233,452,214,146,90,902,0,0,0,902
01/17/2020,HNL,HI,AWP,WE,Towers with Radar,476,127,24,48,675,0,99,108,2,209,476,226,132,50,884,0,0,0,884
01/18/2020,HNL,HI,AWP,WE,Towers with Radar,456,89,20,22,587,0,114,120,10,244,456,203,140,32,831,0,0,0,831
01/19/2020,HNL,HI,AWP,WE,Towers with Radar,446,89,18,18,571,0,116,152,3,271,446,205,170,21,842,0,0,0,842
01/20/2020,HNL,HI,AWP,WE,Towers with Radar,437,88,19,10,554,0,135,132,8,275,437,223,151,18,829,0,0,0,829
01/21/2020,HNL,HI,AWP,WE,Towers with Radar,458,88,19,71,636,0,116,113,7,236,458,204,132,78,872,0,1,1,873
01/22/2020,HNL,HI,AWP,WE,Towers with Radar,461,98,31,85,675,0,144,136,21,301,461,242,167,106,976,0,0,0,976
01/23/2020,HNL,HI,AWP,WE,Towers with Radar,467,87,18,64,636,0,175,152,5,332,467,262,170,69,968,0,0,0,968
01/24/2020,HNL,HI,AWP,WE,Towers with Radar,477,99,34,65,675,0,150,173,13,336,477,249,207,78,1011,0,0,0,1011
01/25/2020,HNL,HI,AWP,WE,Towers with Radar,445,68,25,16,554,0,124,110,2,236,445,192,135,18,790,0,0,0,790
01/26/2020,HNL,HI,AWP,WE,Towers with Radar,441,66,21,17,545,0,113,99,4,216,441,179,120,21,761,0,0,0,761
01/27/2020,HNL,HI,AWP,WE,Towers with Radar,449,97,15,37,598,0,166,99,22,287,449,263,114,59,885,0,0,0,885
01/28/2020,HNL,HI,AWP,WE,Towers with Radar,442,82,21,56,601,0,150,99,14,263,442,232,120,70,864,0,0,0,864
01/29/2020,HNL,HI,AWP,WE,Towers with Radar,451,74,19,80,624,0,99,103,17,219,451,173,122,97,843,0,0,0,843
01/30/2020,HNL,HI,AWP,WE,Towers with Radar,461,88,30,71,650,0,133,130,15,278,461,221,160,86,928,0,0,0,928
01/31/2020,HNL,HI,AWP,WE,Towers with Radar,480,90,15,54,639,0,97,125,4,226,480,187,140,58,865,0,0,0,865
02/01/2020,HNL,HI,AWP,WE,Towers with Radar,455,92,17,32,596,0,66,117,0,183,455,158,134,32,779,0,0,0,779
02/02/2020,HNL,HI,AWP,WE,Towers with Radar,437,66,18,11,532,0,95,102,1,198,437,161,120,12,730,0,0,0,730
02/03/2020,HNL,HI,AWP,WE,Towers with Radar,436,96,21,57,610,0,160,124,5,289,436,256,145,62,899,0,0,0,899
02/04/2020,HNL,HI,AWP,WE,Towers with Radar,463,75,21,48,607,0,138,133,5,276,463,213,154,53,883,0,0,0,883
02/05/2020,HNL,HI,AWP,WE,Towers with Radar,451,94,16,75,636,0,69,70,4,143,451,163,86,79,779,0,0,0,779
02/06/2020,HNL,HI,AWP,WE,Towers with Radar,462,125,19,78,684,0,51,38,3,92,462,176,57,81,776,0,0,0,776
02/07/2020,HNL,HI,AWP,WE,Towers with Radar,483,86,31,28,628,0,154,111,4,269,483,240,142,32,897,0,0,0,897
02/08/2020,HNL,HI,AWP,WE,Towers with Radar,455,78,45,68,646,0,101,108,12,221,455,179,153,80,867,0,0,0,867
02/09/2020,HNL,HI,AWP,WE,Towers with Radar,433,66,22,16,537,0,81,77,4,162,433,147,99,20,699,1,0,1,700
02/10/2020,HNL,HI,AWP,WE,Towers with Radar,446,125,16,17,604,0,36,15,0,51,446,161,31,17,655,0,0,0,655
02/11/2020,HNL,HI,AWP,WE,Towers with Radar,442,118,8,34,602,0,91,55,6,152,442,209,63,40,754,0,0,0,754
02/12/2020,HNL,HI,AWP,WE,Towers with Radar,453,105,23,36,617,0,159,128,13,300,453,264,151,49,917,0,0,0,917
02/13/2020,HNL,HI,AWP,WE,Towers with Radar,455,102,34,47,638,0,151,157,9,317,455,253,191,56,955,2,0,2,957
02/14/2020,HNL,HI,AWP,WE,Towers with Radar,490,106,27,17,640,0,151,126,4,281,490,257,153,21,921,0,0,0,921
02/15/2020,HNL,HI,AWP,WE,Towers with Radar,478,85,31,12,606,0,152,131,2,285,478,237,162,14,891,0,0,0,891
02/16/2020,HNL,HI,AWP,WE,Towers with Radar,450,84,20,13,567,0,113,92,2,207,450,197,112,15,774,0,0,0,774
02/17/2020,HNL,HI,AWP,WE,Towers with Radar,449,113,24,11,597,0,140,112,1,253,449,253,136,12,850,0,0,0,850
02/18/2020,HNL,HI,AWP,WE,Towers with Radar,447,126,21,33,627,0,104,62,6,172,447,230,83,39,799,0,1,1,800
02/19/2020,HNL,HI,AWP,WE,Towers with Radar,471,122,23,29,645,0,57,20,5,82,471,179,43,34,727,0,0,0,727
02/20/2020,HNL,HI,AWP,WE,Towers with Radar,449,114,19,38,620,0,101,86,16,203,449,215,105,54,823,0,0,0,823
02/21/2020,HNL,HI,AWP,WE,Towers with Radar,485,107,23,29,644,0,172,132,1,305,485,279,155,30,949,0,0,0,949
02/22/2020,HNL,HI,AWP,WE,Towers with Radar,452,72,30,19,573,0,122,174,1,297,452,194,204,20,870,0,0,0,870
02/23/2020,HNL,HI,AWP,WE,Towers with Radar,454,78,20,15,567,0,119,136,0,255,454,197,156,15,822,0,0,0,822
02/24/2020,HNL,HI,AWP,WE,Towers with Radar,437,101,18,20,576,0,170,160,5,335,437,271,178,25,911,0,0,0,911
02/25/2020,HNL,HI,AWP,WE,Towers with Radar,460,98,20,39,617,0,119,94,16,229,460,217,114,55,846,0,0,0,846
02/26/2020,HNL,HI,AWP,WE,Towers with Radar,454,112,16,33,615,0,122,78,15,215,454,234,94,48,830,1,0,1,831
02/27/2020,HNL,HI,AWP,WE,Towers with Radar,460,127,24,51,662,0,121,119,10,250,460,248,143,61,912,0,0,0,912
02/28/2020,HNL,HI,AWP,WE,Towers with Radar,480,114,27,18,639,0,118,105,3,226,480,232,132,21,865,0,0,0,865
02/29/2020,HNL,HI,AWP,WE,Towers with Radar,463,116,26,10,615,0,44,60,3,107,463,160,86,13,722,0,0,0,722
03/01/2020,HNL,HI,AWP,WE,Towers with Radar,450,74,23,14,561,0,66,28,1,95,450,140,51,15,656,0,0,0,656
03/02/2020,HNL,HI,AWP,WE,Towers with Radar,452,112,26,34,624,0,64,48,7,119,452,176,74,41,743,0,0,0,743
03/03/2020,HNL,HI,AWP,WE,Towers with Radar,459,104,29,37,629,0,156,142,15,313,459,260,171,52,942,0,0,0,942
03/04/2020,HNL,HI,AWP,WE,Towers with Radar,460,98,30,30,618,0,143,107,5,255,460,241,137,35,873,0,0,0,873
03/05/2020,HNL,HI,AWP,WE,Towers with Radar,477,93,26,37,633,0,121,94,8,223,477,214,120,45,856,0,0,0,856
03/06/2020,HNL,HI,AWP,WE,Towers with Radar,514,129,29,55,727,0,90,54,2,146,514,219,83,57,873,0,0,0,873
03/07/2020,HNL,HI,AWP,WE,Towers with Radar,466,88,15,31,600,0,50,51,1,102,466,138,66,32,702,0,0,0,702
03/08/2020,HNL,HI,AWP,WE,Towers with Radar,430,70,24,22,546,0,82,126,0,208,430,152,150,22,754,0,0,0,754
03/09/2020,HNL,HI,AWP,WE,Towers with Radar,447,115,27,22,611,0,111,72,8,191,447,226,99,30,802,0,0,0,802
03/10/2020,HNL,HI,AWP,WE,Towers with Radar,450,94,17,22,583,0,124,118,10,252,450,218,135,32,835,0,0,0,835
03/11/2020,HNL,HI,AWP,WE,Towers with Radar,449,86,14,34,583,0,116,118,15,249,449,202,132,49,832,0,0,0,832
03/12/2020,HNL,HI,AWP,WE,Towers with Radar,458,120,26,39,643,0,73,45,12,130,458,193,71,51,773,0,0,0,773
03/13/2020,HNL,HI,AWP,WE,Towers with Radar,482,114,24,26,646,0,163,120,7,290,482,277,144,33,936,0,0,0,936
03/14/2020,HNL,HI,AWP,WE,Towers with Radar,467,100,21,24,612,0,98,120,1,219,467,198,141,25,831,0,0,0,831
03/15/2020,HNL,HI,AWP,WE,Towers with Radar,440,69,22,8,539,0,74,109,1,184,440,143,131,9,723,0,0,0,723
03/16/2020,HNL,HI,AWP,WE,Towers with Radar,447,126,21,22,616,0,32,9,0,41,447,158,30,22,657,0,0,0,657
03/17/2020,HNL,HI,AWP,WE,Towers with Radar,471,100,15,7,593,0,25,4,1,30,471,125,19,8,623,0,0,0,623
03/18/2020,HNL,HI,AWP,WE,Towers with Radar,466,120,20,9,615,0,88,67,12,167,466,208,87,21,782,0,0,0,782
03/19/2020,HNL,HI,AWP,WE,Towers with Radar,464,118,19,9,610,0,86,50,5,141,464,204,69,14,751,0,0,0,751
03/20/2020,HNL,HI,AWP,WE,Towers with Radar,482,110,25,36,653,0,150,108,8,266,482,260,133,44,919,0,0,0,919
03/21/2020,HNL,HI,AWP,WE,Towers with Radar,444,65,17,8,534,0,86,134,0,220,444,151,151,8,754,0,0,0,754
03/22/2020,HNL,HI,AWP,WE,Towers with Radar,414,57,19,12,502,0,45,111,5,161,414,102,130,17,663,0,0,0,663
03/23/2020,HNL,HI,AWP,WE,Towers with Radar,425,96,13,22,556,0,70,48,6,124,425,166,61,28,680,0,0,0,680
03/24/2020,HNL,HI,AWP,WE,Towers with Radar,403,84,11,39,537,0,24,15,6,45,403,108,26,45,582,0,0,0,582
03/25/2020,HNL,HI,AWP,WE,Towers with Radar,363,67,18,20,468,0,21,11,7,39,363,88,29,27,507,0,0,0,507
03/26/2020,HNL,HI,AWP,WE,Towers with Radar,326,66,13,39,444,0,24,22,4,50,326,90,35,43,494,0,0,0,494
03/27/2020,HNL,HI,AWP,WE,Towers with Radar,266,54,15,31,366,0,48,42,6,96,266,102,57,37,462,0,0,0,462
03/28/2020,HNL,HI,AWP,WE,Towers with Radar,214,33,15,13,275,0,27,55,3,85,214,60,70,16,360,0,0,0,360
03/29/2020,HNL,HI,AWP,WE,Towers with Radar,205,18,10,8,241,0,6,56,1,63,205,24,66,9,304,0,0,0,304
03/30/2020,HNL,HI,AWP,WE,Towers with Radar,214,41,23,4,282,0,47,83,5,135,214,88,106,9,417,0,0,0,417
03/31/2020,HNL,HI,AWP,WE,Towers with Radar,213,49,14,28,304,0,17,98,11,126,213,66,112,39,430,0,0,0,430
04/01/2020,HNL,HI,AWP,WE,Towers with Radar,178,59,19,19,275,0,37,64,2,103,178,96,83,21,378,0,0,0,378
04/02/2020,HNL,HI,AWP,WE,Towers with Radar,162,38,21,34,255,0,25,46,2,73,162,63,67,36,328,0,0,0,328
04/03/2020,HNL,HI,AWP,WE,Towers with Radar,189,42,12,25,268,0,27,56,4,87,189,69,68,29,355,0,0,0,355
04/04/2020,HNL,HI,AWP,WE,Towers with Radar,149,24,8,5,186,0,44,48,3,95,149,68,56,8,281,22,0,22,303
04/05/2020,HNL,HI,AWP,WE,Towers with Radar,138,8,8,9,163,0,23,25,0,48,138,31,33,9,211,0,0,0,211
04/06/2020,HNL,HI,AWP,WE,Towers with Radar,137,47,7,8,199,0,28,17,3,48,137,75,24,11,247,0,0,0,247
04/07/2020,HNL,HI,AWP,WE,Towers with Radar,151,45,12,35,243,0,31,39,3,73,151,76,51,38,316,0,0,0,316
04/08/2020,HNL,HI,AWP,WE,Towers with Radar,163,50,13,14,240,0,19,38,2,59,163,69,51,16,299,4,2,6,305
04/09/2020,HNL,HI,AWP,WE,Towers with Radar,159,42,12,28,241,0,29,29,2,60,159,71,41,30,301,0,0,0,301
04/10/2020,HNL,HI,AWP,WE,Towers with Radar,154,37,10,29,230,0,22,26,0,48,154,59,36,29,278,0,0,0,278
04/11/2020,HNL,HI,AWP,WE,Towers with Radar,159,37,14,5,215,0,12,20,0,32,159,49,34,5,247,0,0,0,247
04/12/2020,HNL,HI,AWP,WE,Towers with Radar,112,8,13,9,142,0,12,14,0,26,112,20,27,9,168,0,0,0,168
04/13/2020,HNL,HI,AWP,WE,Towers with Radar,139,55,31,14,239,0,46,22,5,73,139,101,53,19,312,0,0,0,312
04/14/2020,HNL,HI,AWP,WE,Towers with Radar,151,55,12,9,227,0,22,20,1,43,151,77,32,10,270,0,0,0,270
04/15/2020,HNL,HI,AWP,WE,Towers with Radar,144,50,11,16,221,0,66,61,9,136,144,116,72,25,357,0,0,0,357
04/16/2020,HNL,HI,AWP,WE,Towers with Radar,144,53,25,32,254,0,44,58,6,108,144,97,83,38,362,0,0,0,362
04/17/2020,HNL,HI,AWP,WE,Towers with Radar,157,48,19,34,258,0,46,76,7,129,157,94,95,41,387,0,0,0,387
04/18/2020,HNL,HI,AWP,WE,Towers with Radar,137,24,22,7,190,0,38,64,5,107,137,62,86,12,297,0,0,0,297
04/19/2020,HNL,HI,AWP,WE,Towers with Radar,131,22,16,9,178,0,29,81,2,112,131,51,97,11,290,32,0,32,322
04/20/2020,HNL,HI,AWP,WE,Towers with Radar,149,34,12,18,213,0,62,50,15,127,149,96,62,33,340,0,0,0,340
04/21/2020,HNL,HI,AWP,WE,Towers with Radar,151,46,8,26,231,0,61,42,19,122,151,107,50,45,353,20,0,20,373
04/22/2020,HNL,HI,AWP,WE,Towers with Radar,161,47,19,4,231,0,51,39,21,111,161,98,58,25,342,0,0,0,342
04/23/2020,HNL,HI,AWP,WE,Towers with Radar,162,34,17,41,254,0,27,30,2,59,162,61,47,43,313,0,0,0,313
04/24/2020,HNL,HI,AWP,WE,Towers with Radar,161,42,16,29,248,0,19,16,0,35,161,61,32,29,283,0,0,0,283
04/25/2020,HNL,HI,AWP,WE,Towers with Radar,137,19,11,13,180,0,16,29,0,45,137,35,40,13,225,6,0,6,231
04/26/2020,HNL,HI,AWP,WE,Towers with Radar,121,16,12,16,165,0,10,18,0,28,121,26,30,16,193,0,0,0,193
04/27/2020,HNL,HI,AWP,WE,Towers with Radar,140,32,11,34,217,0,23,21,1,45,140,55,32,35,262,0,0,0,262
04/28/2020,HNL,HI,AWP,WE,Towers with Radar,148,47,18,41,254,0,33,43,8,84,148,80,61,49,338,0,0,0,338
04/29/2020,HNL,HI,AWP,WE,Towers with Radar,150,50,18,14,232,0,37,62,11,110,150,87,80,25,342,0,1,1,343
04/30/2020,HNL,HI,AWP,WE,Towers with Radar,145,41,17,35,238,0,45,48,12,105,145,86,65,47,343,0,0,0,343
05/01/2020,HNL,HI,AWP,WE,Towers with Radar,151,54,13,22,240,0,21,67,22,110,151,75,80,44,350,4,0,4,354
05/02/2020,HNL,HI,AWP,WE,Towers with Radar,136,27,11,2,176,0,40,49,1,90,136,67,60,3,266,0,0,0,266
05/03/2020,HNL,HI,AWP,WE,Towers with Radar,117,19,14,5,155,0,23,32,0,55,117,42,46,5,210,0,0,0,210
05/04/2020,HNL,HI,AWP,WE,Towers with Radar,149,57,16,10,232,0,43,71,5,119,149,100,87,15,351,0,0,0,351
05/05/2020,HNL,HI,AWP,WE,Towers with Radar,151,49,25,32,257,0,48,54,15,117,151,97,79,47,374,10,0,10,384
05/06/2020,HNL,HI,AWP,WE,Towers with Radar,166,47,13,16,242,0,58,93,12,163,166,105,106,28,405,21,0,21,426
05/07/2020,HNL,HI,AWP,WE,Towers with Radar,162,41,30,37,270,0,51,49,12,112,162,92,79,49,382,0,0,0,382
05/08/2020,HNL,HI,AWP,WE,Towers with Radar,168,34,13,30,245,0,33,33,0,66,168,67,46,30,311,0,0,0,311
05/09/2020,HNL,HI,AWP,WE,Towers with Radar,149,27,7,5,188,0,18,26,0,44,149,45,33,5,232,0,0,0,232
05/10/2020,HNL,HI,AWP,WE,Towers with Radar,115,11,5,10,141,0,10,14,0,24,115,21,19,10,165,3,0,3,168
05/11/2020,HNL,HI,AWP,WE,Towers with Radar,147,45,11,28,231,0,21,24,1,46,147,66,35,29,277,0,0,0,277
05/12/2020,HNL,HI,AWP,WE,Towers with Radar,149,44,16,33,242,0,23,29,0,52,149,67,45,33,294,0,0,0,294
05/13/2020,HNL,HI,AWP,WE,Towers with Radar,152,44,15,9,220,0,34,73,7,114,152,78,88,16,334,0,0,0,334
05/14/2020,HNL,HI,AWP,WE,Towers with Radar,154,45,30,32,261,0,49,89,4,142,154,94,119,36,403,0,0,0,403
05/15/2020,HNL,HI,AWP,WE,Towers with Radar,152,45,19,31,247,0,48,94,5,147,152,93,113,36,394,0,0,0,394
05/16/2020,HNL,HI,AWP,WE,Towers with Radar,141,33,11,5,190,0,32,60,5,97,141,65,71,10,287,0,0,0,287
05/17/2020,HNL,HI,AWP,WE,Towers with Radar,120,21,21,6,168,0,16,95,2,113,120,37,116,8,281,0,0,0,281
05/18/2020,HNL,HI,AWP,WE,Towers with Radar,155,47,20,23,245,0,21,36,1,58,155,68,56,24,303,0,0,0,303
05/19/2020,HNL,HI,AWP,WE,Towers with Radar,147,51,24,29,251,0,48,57,9,114,147,99,81,38,365,0,0,0,365
05/20/2020,HNL,HI,AWP,WE,Towers with Radar,170,37,15,18,240,0,56,43,15,114,170,93,58,33,354,0,0,0,354
05/21/2020,HNL,HI,AWP,WE,Towers with Radar,168,48,31,24,271,0,33,37,4,74,168,81,68,28,345,0,0,0,345
05/22/2020,HNL,HI,AWP,WE,Towers with Radar,171,40,23,14,248,0,43,89,4,136,171,83,112,18,384,0,0,0,384
05/23/2020,HNL,HI,AWP,WE,Towers with Radar,158,26,14,18,216,0,13,36,0,49,158,39,50,18,265,0,0,0,265
05/24/2020,HNL,HI,AWP,WE,Towers with Radar,127,14,14,16,171,0,10,30,1,41,127,24,44,17,212,0,0,0,212
05/25/2020,HNL,HI,AWP,WE,Towers with Radar,131,16,7,9,163,0,11,46,0,57,131,27,53,9,220,0,0,0,220
05/26/2020,HNL,HI,AWP,WE,Towers with Radar,148,58,16,40,262,0,19,34,0,53,148,77,50,40,315,0,2,2,317
05/27/2020,HNL,HI,AWP,WE,Towers with Radar,172,50,27,14,263,0,16,38,0,54,172,66,65,14,317,0,0,0,317
05/28/2020,HNL,HI,AWP,WE,Towers with Radar,150,58,27,54,289,0,55,79,11,145,150,113,106,65,434,2,0,2,436
05/29/2020,HNL,HI,AWP,WE,Towers with Radar,171,57,19,26,273,0,61,95,3,159,171,118,114,29,432,0,0,0,432
05/30/2020,HNL,HI,AWP,WE,Towers with Radar,148,40,26,2,216,0,41,90,3,134,148,81,116,5,350,0,0,0,350
05/31/2020,HNL,HI,AWP,WE,Towers with Radar,137,27,15,4,183,0,33,88,0,121,137,60,103,4,304,0,0,0,304
06/01/2020,HNL,HI,AWP,WE,Towers with Radar,150,56,10,14,230,0,72,83,6,161,150,128,93,20,391,0,0,0,391
06/02/2020,HNL,HI,AWP,WE,Towers with Radar,155,57,28,47,287,0,59,55,15,129,155,116,83,62,416,10,0,10,426
06/03/2020,HNL,HI,AWP,WE,Towers with Radar,171,46,36,31,284,0,39,74,18,131,171,85,110,49,415,0,1,1,416
06/04/2020,HNL,HI,AWP,WE,Towers with Radar,169,52,24,24,269,0,48,77,19,144,169,100,101,43,413,0,0,0,413
06/05/2020,HNL,HI,AWP,WE,Towers with Radar,177,41,20,17,255,0,63,73,5,141,177,104,93,22,396,0,0,0,396
06/06/2020,HNL,HI,AWP,WE,Towers with Radar,158,30,25,25,238,0,38,67,4,109,158,68,92,29,347,2,0,2,349
06/07/2020,HNL,HI,AWP,WE,Towers with Radar,145,16,4,9,174,0,5,32,0,37,145,21,36,9,211,0,0,0,211
06/08/2020,HNL,HI,AWP,WE,Towers with Radar,168,50,15,14,247,0,29,31,1,61,168,79,46,15,308,0,0,0,308
06/09/2020,HNL,HI,AWP,WE,Towers with Radar,177,52,19,45,293,0,19,50,1,70,177,71,69,46,363,0,0,0,363
06/10/2020,HNL,HI,AWP,WE,Towers with Radar,178,44,12,13,247,0,20,42,2,64,178,64,54,15,311,0,0,0,311
06/11/2020,HNL,HI,AWP,WE,Towers with Radar,181,37,17,39,274,0,14,26,2,42,181,51,43,41,316,0,0,0,316
06/12/2020,HNL,HI,AWP,WE,Towers with Radar,179,42,10,24,255,0,32,44,8,84,179,74,54,32,339,0,0,0,339
06/13/2020,HNL,HI,AWP,WE,Towers with Radar,167,36,10,11,224,0,27,69,4,100,167,63,79,15,324,0,0,0,324
06/14/2020,HNL,HI,AWP,WE,Towers with Radar,145,20,6,7,178,0,13,22,0,35,145,33,28,7,213,0,0,0,213
06/15/2020,HNL,HI,AWP,WE,Towers with Radar,163,62,19,18,262,0,53,78,0,131,163,115,97,18,393,0,0,0,393
06/16/2020,HNL,HI,AWP,WE,Towers with Radar,184,70,16,37,307,0,38,52,10,100,184,108,68,47,407,0,1,1,408
06/17/2020,HNL,HI,AWP,WE,Towers with Radar,205,49,36,25,315,0,62,73,14,149,205,111,109,39,464,0,0,0,464
06/18/2020,HNL,HI,AWP,WE,Towers with Radar,197,74,19,36,326,0,42,55,30,127,197,116,74,66,453,0,2,2,455
06/19/2020,HNL,HI,AWP,WE,Towers with Radar,201,75,21,24,321,0,50,67,5,122,201,125,88,29,443,0,0,0,443
06/20/2020,HNL,HI,AWP,WE,Towers with Radar,174,48,24,8,254,0,47,92,0,139,174,95,116,8,393,20,0,20,413
06/21/2020,HNL,HI,AWP,WE,Towers with Radar,160,30,2,7,199,0,37,65,3,105,160,67,67,10,304,0,0,0,304
06/22/2020,HNL,HI,AWP,WE,Towers with Radar,190,56,18,6,270,0,21,64,12,97,190,77,82,18,367,0,0,0,367
06/23/2020,HNL,HI,AWP,WE,Towers with Radar,189,58,21,31,299,0,21,47,13,81,189,79,68,44,380,0,0,0,380
06/24/2020,HNL,HI,AWP,WE,Towers with Radar,195,63,17,23,298,0,23,50,3,76,195,86,67,26,374,0,0,0,374
06/25/2020,HNL,HI,AWP,WE,Towers with Radar,196,66,21,26,309,0,31,53,2,86,196,97,74,28,395,7,0,7,402
06/26/2020,HNL,HI,AWP,WE,Towers with Radar,213,59,16,26,314,0,27,57,1,85,213,86,73,27,399,0,0,0,399
06/27/2020,HNL,HI,AWP,WE,Towers with Radar,175,45,15,12,247,0,27,56,3,86,175,72,71,15,333,0,0,0,333
06/28/2020,HNL,HI,AWP,WE,Towers with Radar,196,25,13,7,241,0,22,48,4,74,196,47,61,11,315,0,0,0,315
06/29/2020,HNL,HI,AWP,WE,Towers with Radar,196,71,17,27,311,0,38,53,5,96,196,109,70,32,407,0,0,0,407
06/30/2020,HNL,HI,AWP,WE,Towers with Radar,205,63,16,39,323,0,43,65,8,116,205,106,81,47,439,0,0,0,439
07/01/2020,HNL,HI,AWP,WE,Towers with Radar,234,75,15,34,358,0,55,77,14,146,234,130,92,48,504,0,0,0,504
07/02/2020,HNL,HI,AWP,WE,Towers with Radar,261,83,27,16,387,0,72,93,5,170,261,155,120,21,557,0,0,0,557
07/03/2020,HNL,HI,AWP,WE,Towers with Radar,231,96,13,4,344,0,87,95,1,183,231,183,108,5,527,0,0,0,527
07/04/2020,HNL,HI,AWP,WE,Towers with Radar,173,50,18,4,245,0,16,23,2,41,173,66,41,6,286,0,0,0,286
07/05/2020,HNL,HI,AWP,WE,Towers with Radar,212,68,9,8,297,0,52,59,3,114,212,120,68,11,411,0,0,0,411
07/06/2020,HNL,HI,AWP,WE,Towers with Radar,229,73,13,13,328,0,68,73,9,150,229,141,86,22,478,0,0,0,478
07/07/2020,HNL,HI,AWP,WE,Towers with Radar,234,53,18,35,340,0,23,43,0,66,234,76,61,35,406,0,0,0,406
07/08/2020,HNL,HI,AWP,WE,Towers with Radar,239,70,15,38,362,0,23,34,0,57,239,93,49,38,419,0,0,0,419
07/09/2020,HNL,HI,AWP,WE,Towers with Radar,260,75,27,37,399,0,20,35,5,60,260,95,62,42,459,0,0,0,459
07/10/2020,HNL,HI,AWP,WE,Towers with Radar,244,93,24,17,378,0,33,41,1,75,244,126,65,18,453,0,0,0,453
07/11/2020,HNL,HI,AWP,WE,Towers with Radar,211,66,15,50,342,0,14,41,1,56,211,80,56,51,398,0,0,0,398
07/12/2020,HNL,HI,AWP,WE,Towers with Radar,202,73,13,12,300,0,59,74,4,137,202,132,87,16,437,0,0,0,437
07/13/2020,HNL,HI,AWP,WE,Towers with Radar,232,86,17,18,353,0,66,98,1,165,232,152,115,19,518,0,0,0,518
07/14/2020,HNL,HI,AWP,WE,Towers with Radar,228,93,22,46,389,0,49,74,3,126,228,142,96,49,515,0,0,0,515
07/15/2020,HNL,HI,AWP,WE,Towers with Radar,235,69,20,36,360,0,78,111,5,194,235,147,131,41,554,0,0,0,554
07/16/2020,HNL,HI,AWP,WE,Towers with Radar,254,64,16,32,366,0,81,89,12,182,254,145,105,44,548,0,0,0,548
07/17/2020,HNL,HI,AWP,WE,Towers with Radar,250,85,21,23,379,0,45,76,6,127,250,130,97,29,506,0,0,0,506
07/18/2020,HNL,HI,AWP,WE,Towers with Radar,216,62,36,10,324,0,20,35,2,57,216,82,71,12,381,0,0,0,381
07/19/2020,HNL,HI,AWP,WE,Towers with Radar,217,83,10,6,316,0,21,33,1,55,217,104,43,7,371,0,0,0,371
07/20/2020,HNL,HI,AWP,WE,Towers with Radar,232,91,24,23,370,0,65,60,4,129,232,156,84,27,499,0,0,0,499
07/21/2020,HNL,HI,AWP,WE,Towers with Radar,214,73,16,36,339,0,42,60,13,115,214,115,76,49,454,0,0,0,454
07/22/2020,HNL,HI,AWP,WE,Towers with Radar,246,84,25,34,389,0,56,72,6,134,246,140,97,40,523,0,0,0,523
07/23/2020,HNL,HI,AWP,WE,Towers with Radar,253,72,19,35,379,0,66,87,9,162,253,138,106,44,541,0,0,0,541
07/24/2020,HNL,HI,AWP,WE,Towers with Radar,253,69,21,24,367,0,59,63,6,128,253,128,84,30,495,7,0,7,502
07/25/2020,HNL,HI,AWP,WE,Towers with Radar,219,65,16,24,324,0,40,43,4,87,219,105,59,28,411,0,0,0,411
07/26/2020,HNL,HI,AWP,WE,Towers with Radar,47,7,2,7,63,0,0,0,0,0,47,7,2,7,63,0,0,0,63
07/27/2020,HNL,HI,AWP,WE,Towers with Radar,239,94,17,5,355,0,15,18,0,33,239,109,35,5,388,0,0,0,388
07/28/2020,HNL,HI,AWP,WE,Towers with Radar,242,106,12,14,374,0,24,18,2,44,242,130,30,16,418,0,0,0,418
07/29/2020,HNL,HI,AWP,WE,Towers with Radar,236,83,15,24,358,0,50,56,8,114,236,133,71,32,472,8,0,8,480
07/30/2020,HNL,HI,AWP,WE,Towers with Radar,256,71,11,30,368,0,21,37,4,62,256,92,48,34,430,0,0,0,430
07/31/2020,HNL,HI,AWP,WE,Towers with Radar,242,89,11,11,353,0,26,51,2,79,242,115,62,13,432,0,0,0,432
08/01/2020,HNL,HI,AWP,WE,Towers with Radar,216,54,16,25,311,0,29,85,4,118,216,83,101,29,429,0,0,0,429
08/02/2020,HNL,HI,AWP,WE,Towers with Radar,207,74,14,9,304,0,26,65,5,96,207,100,79,14,400,0,0,0,400
08/03/2020,HNL,HI,AWP,WE,Towers with Radar,237,85,12,21,355,0,54,62,6,122,237,139,74,27,477,0,0,0,477
08/04/2020,HNL,HI,AWP,WE,Towers with Radar,229,73,17,38,357,0,40,53,6,99,229,113,70,44,456,0,0,0,456
08/05/2020,HNL,HI,AWP,WE,Towers with Radar,236,78,11,44,369,0,34,65,5,104,236,112,76,49,473,0,0,0,473
08/06/2020,HNL,HI,AWP,WE,Towers with Radar,271,81,17,41,410,0,54,80,31,165,271,135,97,72,575,0,0,0,575
08/07/2020,HNL,HI,AWP,WE,Towers with Radar,258,101,17,28,404,0,42,92,5,139,258,143,109,33,543,0,0,0,543
08/08/2020,HNL,HI,AWP,WE,Towers with Radar,219,83,22,28,352,0,10,38,0,48,219,93,60,28,400,0,0,0,400
08/09/2020,HNL,HI,AWP,WE,Towers with Radar,214,86,17,10,327,0,20,36,2,58,214,106,53,12,385,0,0,0,385
08/10/2020,HNL,HI,AWP,WE,Towers with Radar,238,94,21,12,365,0,59,72,13,144,238,153,93,25,509,0,0,0,509
08/11/2020,HNL,HI,AWP,WE,Towers with Radar,237,58,25,39,359,0,37,57,2,96,237,95,82,41,455,0,0,0,455
08/12/2020,HNL,HI,AWP,WE,Towers with Radar,207,47,17,34,305,0,64,130,18,212,207,111,147,52,517,0,0,0,517
08/13/2020,HNL,HI,AWP,WE,Towers with Radar,216,56,20,39,331,0,61,117,19,197,216,117,137,58,528,0,0,0,528
08/14/2020,HNL,HI,AWP,WE,Towers with Radar,213,54,24,50,341,0,46,86,8,140,213,100,110,58,481,0,0,0,481
08/15/2020,HNL,HI,AWP,WE,Towers with Radar,194,21,21,21,257,0,41,113,8,162,194,62,134,29,419,0,0,0,419
08/16/2020,HNL,HI,AWP,WE,Towers with Radar,171,18,8,8,205,0,29,70,3,102,171,47,78,11,307,0,0,0,307
08/17/2020,HNL,HI,AWP,WE,Towers with Radar,203,42,17,13,275,0,39,77,6,122,203,81,94,19,397,0,0,0,397
08/18/2020,HNL,HI,AWP,WE,Towers with Radar,206,43,15,31,295,0,53,89,10,152,206,96,104,41,447,16,0,16,463
08/19/2020,HNL,HI,AWP,WE,Towers with Radar,204,50,16,38,308,0,49,93,8,150,204,99,109,46,458,0,0,0,458
08/20/2020,HNL,HI,AWP,WE,Towers with Radar,222,51,17,28,318,0,45,80,8,133,222,96,97,36,451,0,0,0,451
08/21/2020,HNL,HI,AWP,WE,Towers with Radar,212,42,21,29,304,0,37,101,8,146,212,79,122,37,450,0,0,0,450
08/22/2020,HNL,HI,AWP,WE,Towers with Radar,189,29,12,18,248,0,33,78,3,114,189,62,90,21,362,0,0,0,362
08/23/2020,HNL,HI,AWP,WE,Towers with Radar,167,11,8,11,197,0,14,65,4,83,167,25,73,15,280,4,0,4,284
08/24/2020,HNL,HI,AWP,WE,Towers with Radar,196,47,23,8,274,0,37,69,17,123,196,84,92,25,397,4,0,4,401
08/25/2020,HNL,HI,AWP,WE,Towers with Radar,213,40,19,54,326,0,37,83,11,131,213,77,102,65,457,0,0,0,457
08/26/2020,HNL,HI,AWP,WE,Towers with Radar,208,44,8,36,296,0,38,78,13,129,208,82,86,49,425,0,0,0,425
08/27/2020,HNL,HI,AWP,WE,Towers with Radar,222,56,17,40,335,0,37,92,5,134,222,93,109,45,469,0,0,0,469
08/28/2020,HNL,HI,AWP,WE,Towers with Radar,216,45,16,42,319,0,53,122,14,189,216,98,138,56,508,0,0,0,508
08/29/2020,HNL,HI,AWP,WE,Towers with Radar,187,28,7,18,240,0,32,94,0,126,187,60,101,18,366,0,0,0,366
08/30/2020,HNL,HI,AWP,WE,Towers with Radar,170,27,11,17,225,0,17,44,13,74,170,44,55,30,299,0,0,0,299
08/31/2020,HNL,HI,AWP,WE,Towers with Radar,203,59,20,13,295,0,51,69,4,124,203,110,89,17,419,0,0,0,419
09/01/2020,HNL,HI,AWP,WE,Towers with Radar,201,47,31,40,319,0,36,43,7,86,201,83,74,47,405,0,0,0,405
09/02/2020,HNL,HI,AWP,WE,Towers with Radar,204,40,15,31,290,0,43,119,4,166,204,83,134,35,456,0,0,0,456
09/03/2020,HNL,HI,AWP,WE,Towers with Radar,206,42,24,37,309,0,47,106,11,164,206,89,130,48,473,5,0,5,478
09/04/2020,HNL,HI,AWP,WE,Towers with Radar,192,53,17,11,273,0,33,118,2,153,192,86,135,13,426,0,0,0,426
09/05/2020,HNL,HI,AWP,WE,Towers with Radar,181,22,11,6,220,0,26,99,2,127,181,48,110,8,347,0,0,0,347
09/06/2020,HNL,HI,AWP,WE,Towers with Radar,145,10,15,8,178,0,11,62,0,73,145,21,77,8,251,0,0,0,251
09/07/2020,HNL,HI,AWP,WE,Towers with Radar,150,20,7,12,189,0,23,105,8,136,150,43,112,20,325,0,0,0,325
09/08/2020,HNL,HI,AWP,WE,Towers with Radar,179,52,27,33,291,0,38,58,12,108,179,90,85,45,399,0,0,0,399
09/09/2020,HNL,HI,AWP,WE,Towers with Radar,180,36,10,45,271,0,46,86,11,143,180,82,96,56,414,0,0,0,414
09/10/2020,HNL,HI,AWP,WE,Towers with Radar,195,53,14,38,300,0,33,74,5,112,195,86,88,43,412,1,0,1,413
09/11/2020,HNL,HI,AWP,WE,Towers with Radar,175,39,21,33,268,0,42,107,2,151,175,81,128,35,419,0,0,0,419
09/12/2020,HNL,HI,AWP,WE,Towers with Radar,166,43,15,21,245,0,31,86,0,117,166,74,101,21,362,3,0,3,365
09/13/2020,HNL,HI,AWP,WE,Towers with Radar,142,13,19,10,184,0,14,83,1,98,142,27,102,11,282,0,0,0,282
09/14/2020,HNL,HI,AWP,WE,Towers with Radar,169,40,12,26,247,0,46,78,4,128,169,86,90,30,375,0,0,0,375
09/15/2020,HNL,HI,AWP,WE,Towers with Radar,199,35,20,36,290,0,32,56,4,92,199,67,76,40,382,0,0,0,382
09/16/2020,HNL,HI,AWP,WE,Towers with Radar,201,52,31,55,339,0,32,63,5,100,201,84,94,60,439,0,0,0,439
09/17/2020,HNL,HI,AWP,WE,Towers with Radar,206,52,22,42,322,0,30,68,12,110,206,82,90,54,432,0,0,0,432
09/18/2020,HNL,HI,AWP,WE,Towers with Radar,189,49,32,21,291,0,56,94,3,153,189,105,126,24,444,0,0,0,444
09/19/2020,HNL,HI,AWP,WE,Towers with Radar,162,49,22,15,248,0,32,58,2,92,162,81,80,17,340,0,0,0,340
09/20/2020,HNL,HI,AWP,WE,Towers with Radar,148,14,25,5,192,0,10,96,0,106,148,24,121,5,298,0,0,0,298
09/21/2020,HNL,HI,AWP,WE,Towers with Radar,179,54,22,30,285,0,53,77,5,135,179,107,99,35,420,0,0,0,420
09/22/2020,HNL,HI,AWP,WE,Towers with Radar,167,49,22,38,276,0,29,61,4,94,167,78,83,42,370,0,0,0,370
09/23/2020,HNL,HI,AWP,WE,Towers with Radar,193,42,13,32,280,0,43,80,5,128,193,85,93,37,408,1,0,1,409
09/24/2020,HNL,HI,AWP,WE,Towers with Radar,192,47,29,39,307,0,40,68,3,111,192,87,97,42,418,0,0,0,418
09/25/2020,HNL,HI,AWP,WE,Towers with Radar,192,46,25,24,287,0,45,91,6,142,192,91,116,30,429,0,0,0,429
09/26/2020,HNL,HI,AWP,WE,Towers with Radar,170,28,19,21,238,0,37,94,1,132,170,65,113,22,370,0,0,0,370
09/27/2020,HNL,HI,AWP,WE,Towers with Radar,142,8,11,20,181,0,21,81,1,103,142,29,92,21,284,0,0,0,284
09/28/2020,HNL,HI,AWP,WE,Towers with Radar,183,44,27,45,299,0,34,86,10,130,183,78,113,55,429,0,0,0,429
09/29/2020,HNL,HI,AWP,WE,Towers with Radar,183,39,18,52,292,0,39,81,7,127,183,78,99,59,419,0,0,0,419
09/30/2020,HNL,HI,AWP,WE,Towers with Radar,198,43,25,44,310,0,45,95,6,146,198,88,120,50,456,0,0,0,456
10/01/2020,HNL,HI,AWP,WE,Towers with Radar,191,41,13,42,287,0,42,85,2,129,191,83,98,44,416,1,0,1,417
10/02/2020,HNL,HI,AWP,WE,Towers with Radar,201,52,17,34,304,0,33,71,4,108,201,85,88,38,412,0,0,0,412
10/03/2020,HNL,HI,AWP,WE,Towers with Radar,178,25,26,49,278,0,42,100,4,146,178,67,126,53,424,2,0,2,426
10/04/2020,HNL,HI,AWP,WE,Towers with Radar,153,30,18,16,217,0,15,84,2,101,153,45,102,18,318,0,0,0,318
10/05/2020,HNL,HI,AWP,WE,Towers with Radar,194,59,16,18,287,0,67,74,3,144,194,126,90,21,431,0,0,0,431
10/06/2020,HNL,HI,AWP,WE,Towers with Radar,183,66,20,31,300,0,35,48,6,89,183,101,68,37,389,0,0,0,389
10/07/2020,HNL,HI,AWP,WE,Towers with Radar,197,46,19,30,292,0,28,64,8,100,197,74,83,38,392,0,0,0,392
10/08/2020,HNL,HI,AWP,WE,Towers with Radar,207,54,22,31,314,0,42,72,6,120,207,96,94,37,434,0,0,0,434
10/09/2020,HNL,HI,AWP,WE,Towers with Radar,214,63,14,17,308,0,24,64,7,95,214,87,78,24,403,0,0,0,403
10/10/2020,HNL,HI,AWP,WE,Towers with Radar,182,26,18,9,235,0,41,102,1,144,182,67,120,10,379,0,0,0,379
10/11/2020,HNL,HI,AWP,WE,Towers with Radar,153,19,19,10,201,0,14,95,4,113,153,33,114,14,314,0,0,0,314
10/12/2020,HNL,HI,AWP,WE,Towers with Radar,180,53,17,11,261,0,33,62,0,95,180,86,79,11,356,0,0,0,356
10/13/2020,HNL,HI,AWP,WE,Towers with Radar,196,46,16,31,289,0,59,116,8,183,196,105,132,39,472,0,0,0,472
10/14/2020,HNL,HI,AWP,WE,Towers with Radar,201,50,25,41,317,0,51,100,11,162,201,101,125,52,479,6,0,6,485
10/15/2020,HNL,HI,AWP,WE,Towers with Radar,242,80,16,47,385,0,39,78,7,124,242,119,94,54,509,0,0,0,509
10/16/2020,HNL,HI,AWP,WE,Towers with Radar,250,83,16,23,372,0,41,76,3,120,250,124,92,26,492,0,0,0,492
10/17/2020,HNL,HI,AWP,WE,Towers with Radar,232,58,15,11,316,0,24,60,0,84,232,82,75,11,400,3,0,3,403
10/18/2020,HNL,HI,AWP,WE,Towers with Radar,198,33,11,12,254,0,5,46,0,51,198,38,57,12,305,0,0,0,305
10/19/2020,HNL,HI,AWP,WE,Towers with Radar,221,87,17,15,340,0,35,52,4,91,221,122,69,19,431,0,0,0,431
10/20/2020,HNL,HI,AWP,WE,Towers with Radar,238,61,39,54,392,0,27,68,4,99,238,88,107,58,491,0,0,0,491
10/21/2020,HNL,HI,AWP,WE,Towers with Radar,231,88,24,57,400,0,20,64,2,86,231,108,88,59,486,0,0,0,486
10/22/2020,HNL,HI,AWP,WE,Towers with Radar,250,75,25,44,394,0,62,75,8,145,250,137,100,52,539,16,0,16,555
10/23/2020,HNL,HI,AWP,WE,Towers with Radar,243,97,11,12,363,0,40,28,3,71,243,137,39,15,434,0,0,0,434
10/24/2020,HNL,HI,AWP,WE,Towers with Radar,220,68,41,13,342,0,64,112,2,178,220,132,153,15,520,0,0,0,520
10/25/2020,HNL,HI,AWP,WE,Towers with Radar,189,43,18,8,258,0,39,89,1,129,189,82,107,9,387,8,0,8,395
10/26/2020,HNL,HI,AWP,WE,Towers with Radar,231,99,19,32,381,0,62,78,3,143,231,161,97,35,524,0,0,0,524
10/27/2020,HNL,HI,AWP,WE,Towers with Radar,222,58,9,40,329,0,54,51,6,111,222,112,60,46,440,0,0,0,440
10/28/2020,HNL,HI,AWP,WE,Towers with Radar,226,75,16,33,350,0,52,43,5,100,226,127,59,38,450,0,0,0,450
10/29/2020,HNL,HI,AWP,WE,Towers with Radar,238,73,16,20,347,0,49,73,5,127,238,122,89,25,474,0,0,0,474
10/30/2020,HNL,HI,AWP,WE,Towers with Radar,227,65,27,17,336,0,49,85,2,136,227,114,112,19,472,0,0,0,472
10/31/2020,HNL,HI,AWP,WE,Towers with Radar,225,28,19,11,283,0,44,84,1,129,225,72,103,12,412,0,0,0,412
11/01/2020,HNL,HI,AWP,WE,Towers with Radar,193,25,18,13,249,0,29,93,1,123,193,54,111,14,372,0,0,0,372
11/02/2020,HNL,HI,AWP,WE,Towers with Radar,242,69,13,28,352,0,77,100,7,184,242,146,113,35,536,0,0,0,536
11/03/2020,HNL,HI,AWP,WE,Towers with Radar,220,48,21,52,341,0,48,75,8,131,220,96,96,60,472,0,0,0,472
11/04/2020,HNL,HI,AWP,WE,Towers with Radar,247,55,15,57,374,0,63,98,8,169,247,118,113,65,543,0,0,0,543
11/05/2020,HNL,HI,AWP,WE,Towers with Radar,255,52,26,67,400,0,73,102,10,185,255,125,128,77,585,0,0,0,585
11/06/2020,HNL,HI,AWP,WE,Towers with Radar,241,68,14,53,376,0,32,76,5,113,241,100,90,58,489,0,0,0,489
11/07/2020,HNL,HI,AWP,WE,Towers with Radar,217,41,20,41,319,0,40,64,2,106,217,81,84,43,425,0,0,0,425
11/08/2020,HNL,HI,AWP,WE,Towers with Radar,195,19,17,25,256,0,63,93,2,158,195,82,110,27,414,0,0,0,414
11/09/2020,HNL,HI,AWP,WE,Towers with Radar,244,50,20,15,329,0,45,41,3,89,244,95,61,18,418,0,0,0,418
11/10/2020,HNL,HI,AWP,WE,Towers with Radar,234,46,15,69,364,0,75,65,0,140,234,121,80,69,504,0,0,0,504
11/11/2020,HNL,HI,AWP,WE,Towers with Radar,244,54,13,12,323,0,67,37,0,104,244,121,50,12,427,0,0,0,427
11/12/2020,HNL,HI,AWP,WE,Towers with Radar,274,54,16,43,387,0,83,94,7,184,274,137,110,50,571,0,0,0,571
11/13/2020,HNL,HI,AWP,WE,Towers with Radar,244,63,21,41,369,0,98,106,9,213,244,161,127,50,582,0,0,0,582
11/14/2020,HNL,HI,AWP,WE,Towers with Radar,226,17,7,18,268,0,76,143,0,219,226,93,150,18,487,0,0,0,487
11/15/2020,HNL,HI,AWP,WE,Towers with Radar,200,29,20,20,269,0,76,139,0,215,200,105,159,20,484,0,0,0,484
11/16/2020,HNL,HI,AWP,WE,Towers with Radar,227,72,16,52,367,0,76,86,10,172,227,148,102,62,539,0,0,0,539
11/17/2020,HNL,HI,AWP,WE,Towers with Radar,239,69,16,40,364,0,72,106,11,189,239,141,122,51,553,0,0,0,553
11/18/2020,HNL,HI,AWP,WE,Towers with Radar,272,76,24,46,418,0,30,27,7,64,272,106,51,53,482,0,0,0,482
11/19/2020,HNL,HI,AWP,WE,Towers with Radar,271,66,21,54,412,0,69,105,15,189,271,135,126,69,601,0,0,0,601
11/20/2020,HNL,HI,AWP,WE,Towers with Radar,275,104,19,50,448,0,55,61,12,128,275,159,80,62,576,0,0,0,576
11/21/2020,HNL,HI,AWP,WE,Towers with Radar,254,74,18,18,364,0,65,49,11,125,254,139,67,29,489,0,0,0,489
11/22/2020,HNL,HI,AWP,WE,Towers with Radar,236,49,6,12,303,0,11,19,6,36,236,60,25,18,339,0,0,0,339
11/23/2020,HNL,HI,AWP,WE,Towers with Radar,275,73,19,52,419,0,121,73,9,203,275,194,92,61,622,0,0,0,622
11/24/2020,HNL,HI,AWP,WE,Towers with Radar,273,67,20,41,401,0,64,82,17,163,273,131,102,58,564,0,0,0,564
11/25/2020,HNL,HI,AWP,WE,Towers with Radar,283,81,14,22,400,0,87,107,3,197,283,168,121,25,597,0,0,0,597
11/26/2020,HNL,HI,AWP,WE,Towers with Radar,240,38,6,6,290,0,49,52,1,102,240,87,58,7,392,0,0,0,392
11/27/2020,HNL,HI,AWP,WE,Towers with Radar,260,76,16,5,357,0,84,87,0,171,260,160,103,5,528,0,0,0,528
11/28/2020,HNL,HI,AWP,WE,Towers with Radar,261,73,18,13,365,0,94,102,1,197,261,167,120,14,562,0,0,0,562
11/29/2020,HNL,HI,AWP,WE,Towers with Radar,215,56,21,19,311,0,43,79,9,131,215,99,100,28,442,0,0,0,442
11/30/2020,HNL,HI,AWP,WE,Towers with Radar,299,76,14,55,444,0,68,61,5,134,299,144,75,60,578,0,0,0,578
12/01/2020,HNL,HI,AWP,WE,Towers with Radar,286,64,21,31,402,0,76,105,15,196,286,140,126,46,598,0,0,0,598
12/02/2020,HNL,HI,AWP,WE,Towers with Radar,288,52,17,31,388,0,81,102,11,194,288,133,119,42,582,0,0,0,582
12/03/2020,HNL,HI,AWP,WE,Towers with Radar,275,60,13,37,385,0,67,96,6,169,275,127,109,43,554,0,0,0,554
12/04/2020,HNL,HI,AWP,WE,Towers with Radar,284,87,6,19,396,0,114,97,6,217,284,201,103,25,613,0,0,0,613
12/05/2020,HNL,HI,AWP,WE,Towers with Radar,241,56,19,37,353,0,82,73,6,161,241,138,92,43,514,0,0,0,514
12/06/2020,HNL,HI,AWP,WE,Towers with Radar,227,42,18,19,306,0,59,109,6,174,227,101,127,25,480,3,0,3,483
12/07/2020,HNL,HI,AWP,WE,Towers with Radar,270,65,15,20,370,0,112,150,9,271,270,177,165,29,641,0,0,0,641
12/08/2020,HNL,HI,AWP,WE,Towers with Radar,270,57,8,50,385,0,98,97,6,201,270,155,105,56,586,0,0,0,586
12/09/2020,HNL,HI,AWP,WE,Towers with Radar,277,76,31,38,422,0,58,74,18,150,277,134,105,56,572,0,0,0,572
12/10/2020,HNL,HI,AWP,WE,Towers with Radar,294,61,14,44,413,0,76,101,14,191,294,137,115,58,604,0,0,0,604
12/11/2020,HNL,HI,AWP,WE,Towers with Radar,291,75,8,19,393,0,63,108,2,173,291,138,116,21,566,0,0,0,566
12/12/2020,HNL,HI,AWP,WE,Towers with Radar,248,60,18,18,344,0,103,109,4,216,248,163,127,22,560,0,0,0,560
12/13/2020,HNL,HI,AWP,WE,Towers with Radar,238,54,15,6,313,0,52,96,0,148,238,106,111,6,461,0,0,0,461
12/14/2020,HNL,HI,AWP,WE,Towers with Radar,285,62,22,47,416,0,104,103,5,212,285,166,125,52,628,0,0,0,628
12/15/2020,HNL,HI,AWP,WE,Towers with Radar,259,53,10,36,358,0,97,108,18,223,259,150,118,54,581,0,0,0,581
12/16/2020,HNL,HI,AWP,WE,Towers with Radar,283,62,30,37,412,0,43,72,10,125,283,105,102,47,537,0,0,0,537
12/17/2020,HNL,HI,AWP,WE,Towers with Radar,309,56,22,35,422,0,103,91,2,196,309,159,113,37,618,0,0,0,618
12/18/2020,HNL,HI,AWP,WE,Towers with Radar,322,74,23,21,440,0,71,57,3,131,322,145,80,24,571,0,0,0,571
12/19/2020,HNL,HI,AWP,WE,Towers with Radar,283,50,19,13,365,0,62,71,1,134,283,112,90,14,499,0,0,0,499
12/20/2020,HNL,HI,AWP,WE,Towers with Radar,283,44,22,7,356,0,51,59,1,111,283,95,81,8,467,0,0,0,467
12/21/2020,HNL,HI,AWP,WE,Towers with Radar,318,60,17,18,413,0,124,110,20,254,318,184,127,38,667,0,0,0,667
12/22/2020,HNL,HI,AWP,WE,Towers with Radar,289,70,20,21,400,0,99,111,3,213,289,169,131,24,613,0,0,0,613
12/23/2020,HNL,HI,AWP,WE,Towers with Radar,305,76,20,27,428,0,100,96,5,201,305,176,116,32,629,0,0,0,629
12/24/2020,HNL,HI,AWP,WE,Towers with Radar,283,53,13,7,356,0,107,78,0,185,283,160,91,7,541,0,0,0,541
12/25/2020,HNL,HI,AWP,WE,Towers with Radar,237,36,8,0,281,0,43,14,0,57,237,79,22,0,338,0,0,0,338
12/26/2020,HNL,HI,AWP,WE,Towers with Radar,249,68,20,0,337,0,12,9,0,21,249,80,29,0,358,0,0,0,358
12/27/2020,HNL,HI,AWP,WE,Towers with Radar,241,36,11,2,290,0,166,80,4,250,241,202,91,6,540,0,0,0,540
12/28/2020,HNL,HI,AWP,WE,Towers with Radar,289,62,14,19,384,0,138,111,0,249,289,200,125,19,633,0,0,0,633
12/29/2020,HNL,HI,AWP,WE,Towers with Radar,278,87,15,27,407,0,176,111,10,297,278,263,126,37,704,0,0,0,704
12/30/2020,HNL,HI,AWP,WE,Towers with Radar,304,85,14,22,425,0,169,120,6,295,304,254,134,28,720,0,0,0,720
12/31/2020,HNL,HI,AWP,WE,Towers with Radar,282,60,11,14,367,0,127,74,3,204,282,187,85,17,571,0,0,0,571
01/01/2021,HNL,HI,AWP,WE,Towers with Radar,253,47,13,6,319,0,96,33,2,131,253,143,46,8,450,0,0,0,450
01/02/2021,HNL,HI,AWP,WE,Towers with Radar,245,75,17,6,343,0,104,90,3,197,245,179,107,9,540,0,0,0,540
01/03/2021,HNL,HI,AWP,WE,Towers with Radar,254,62,17,6,339,0,91,57,1,149,254,153,74,7,488,0,0,0,488
01/04/2021,HNL,HI,AWP,WE,Towers with Radar,277,75,12,45,409,0,60,75,25,160,277,135,87,70,569,0,0,0,569
01/05/2021,HNL,HI,AWP,WE,Towers with Radar,264,66,10,65,405,0,96,80,2,178,264,162,90,67,583,0,0,0,583
01/06/2021,HNL,HI,AWP,WE,Towers with Radar,266,76,16,50,408,0,72,76,9,157,266,148,92,59,565,0,0,0,565
01/07/2021,HNL,HI,AWP,WE,Towers with Radar,269,75,22,47,413,0,106,79,7,192,269,181,101,54,605,0,0,0,605
01/08/2021,HNL,HI,AWP,WE,Towers with Radar,274,83,18,35,410,0,88,72,4,164,274,171,90,39,574,0,0,0,574
01/09/2021,HNL,HI,AWP,WE,Towers with Radar,269,57,20,19,365,0,62,105,1,168,269,119,125,20,533,0,0,0,533
01/10/2021,HNL,HI,AWP,WE,Towers with Radar,236,63,10,13,322,0,52,107,0,159,236,115,117,13,481,0,0,0,481
01/11/2021,HNL,HI,AWP,WE,Towers with Radar,251,81,15,17,364,0,111,131,8,250,251,192,146,25,614,0,0,0,614
01/12/2021,HNL,HI,AWP,WE,Towers with Radar,244,69,24,50,387,0,89,81,12,182,244,158,105,62,569,0,0,0,569
01/13/2021,HNL,HI,AWP,WE,Towers with Radar,256,73,12,42,383,0,49,71,8,128,256,122,83,50,511,0,0,0,511
01/14/2021,HNL,HI,AWP,WE,Towers with Radar,273,88,27,43,431,0,71,82,5,158,273,159,109,48,589,0,0,0,589
01/15/2021,HNL,HI,AWP,WE,Towers with Radar,274,89,18,12,393,0,81,105,3,189,274,170,123,15,582,0,0,0,582
01/16/2021,HNL,HI,AWP,WE,Towers with Radar,248,66,21,4,339,0,77,139,3,219,248,143,160,7,558,0,0,0,558
01/17/2021,HNL,HI,AWP,WE,Towers with Radar,228,60,20,7,315,0,51,92,0,143,228,111,112,7,458,0,0,0,458
01/18/2021,HNL,HI,AWP,WE,Towers with Radar,241,101,27,6,375,0,15,6,0,21,241,116,33,6,396,0,0,0,396
01/19/2021,HNL,HI,AWP,WE,Towers with Radar,239,91,20,42,392,0,73,37,7,117,239,164,57,49,509,0,0,0,509
01/20/2021,HNL,HI,AWP,WE,Towers with Radar,251,79,11,37,378,0,88,72,10,170,251,167,83,47,548,0,0,0,548
01/21/2021,HNL,HI,AWP,WE,Towers with Radar,258,65,20,34,377,0,84,73,15,172,258,149,93,49,549,0,0,0,549
01/22/2021,HNL,HI,AWP,WE,Towers with Radar,256,79,19,30,384,0,68,57,8,133,256,147,76,38,517,0,0,0,517
01/23/2021,HNL,HI,AWP,WE,Towers with Radar,236,49,23,5,313,0,74,71,3,148,236,123,94,8,461,0,0,0,461
01/24/2021,HNL,HI,AWP,WE,Towers with Radar,209,50,20,17,296,0,43,80,2,125,209,93,100,19,421,0,0,0,421
01/25/2021,HNL,HI,AWP,WE,Towers with Radar,240,93,22,11,366,0,35,29,14,78,240,128,51,25,444,0,0,0,444
01/26/2021,HNL,HI,AWP,WE,Towers with Radar,236,76,33,44,389,0,56,62,6,124,236,132,95,50,513,0,0,0,513
01/27/2021,HNL,HI,AWP,WE,Towers with Radar,238,72,22,39,371,0,89,59,10,158,238,161,81,49,529,0,0,0,529
01/28/2021,HNL,HI,AWP,WE,Towers with Radar,256,86,22,30,394,0,68,43,13,124,256,154,65,43,518,0,0,0,518
01/29/2021,HNL,HI,AWP,WE,Towers with Radar,250,93,27,38,408,0,43,93,3,139,250,136,120,41,547,0,0,0,547
01/30/2021,HNL,HI,AWP,WE,Towers with Radar,230,76,23,14,343,0,51,97,4,152,230,127,120,18,495,0,0,0,495
01/31/2021,HNL,HI,AWP,WE,Towers with Radar,213,47,20,11,291,0,37,86,4,127,213,84,106,15,418,0,0,0,418
02/01/2021,HNL,HI,AWP,WE,Towers with Radar,227,104,28,32,391,0,51,82,15,148,227,155,110,47,539,0,0,0,539
02/02/2021,HNL,HI,AWP,WE,Towers with Radar,234,74,28,39,375,0,73,53,7,133,234,147,81,46,508,0,0,0,508
02/03/2021,HNL,HI,AWP,WE,Towers with Radar,224,96,10,16,346,0,21,12,2,35,224,117,22,18,381,0,0,0,381
02/04/2021,HNL,HI,AWP,WE,Towers with Radar,256,93,17,33,399,0,117,89,15,221,256,210,106,48,620,0,0,0,620
02/05/2021,HNL,HI,AWP,WE,Towers with Radar,267,86,11,16,380,0,118,83,4,205,267,204,94,20,585,0,0,0,585
02/06/2021,HNL,HI,AWP,WE,Towers with Radar,223,64,15,13,315,0,77,138,4,219,223,141,153,17,534,0,0,0,534
02/07/2021,HNL,HI,AWP,WE,Towers with Radar,217,52,24,10,303,0,40,104,4,148,217,92,128,14,451,0,0,0,451
02/08/2021,HNL,HI,AWP,WE,Towers with Radar,236,103,15,20,374,0,85,71,6,162,236,188,86,26,536,0,0,0,536
02/09/2021,HNL,HI,AWP,WE,Towers with Radar,226,82,16,54,378,0,115,116,9,240,226,197,132,63,618,0,0,0,618
02/10/2021,HNL,HI,AWP,WE,Towers with Radar,241,94,27,55,417,0,101,105,11,217,241,195,132,66,634,0,0,0,634
02/11/2021,HNL,HI,AWP,WE,Towers with Radar,251,97,23,52,423,0,110,89,9,208,251,207,112,61,631,0,0,0,631
02/12/2021,HNL,HI,AWP,WE,Towers with Radar,262,102,20,22,406,0,136,92,3,231,262,238,112,25,637,0,0,0,637
02/13/2021,HNL,HI,AWP,WE,Towers with Radar,233,95,27,10,365,0,118,97,6,221,233,213,124,16,586,0,0,0,586
02/14/2021,HNL,HI,AWP,WE,Towers with Radar,214,68,19,11,312,0,100,67,0,167,214,168,86,11,479,0,0,0,479
02/15/2021,HNL,HI,AWP,WE,Towers with Radar,234,116,18,12,380,0,116,90,2,208,234,232,108,14,588,0,0,0,588
02/16/2021,HNL,HI,AWP,WE,Towers with Radar,232,81,15,42,370,0,134,85,7,226,232,215,100,49,596,0,0,0,596
02/17/2021,HNL,HI,AWP,WE,Towers with Radar,248,89,11,34,382,0,99,83,3,185,248,188,94,37,567,0,0,0,567
02/18/2021,HNL,HI,AWP,WE,Towers with Radar,278,116,14,35,443,0,72,68,5,145,278,188,82,40,588,0,0,0,588
02/19/2021,HNL,HI,AWP,WE,Towers with Radar,264,115,24,42,445,0,77,66,9,152,264,192,90,51,597,0,0,0,597
02/20/2021,HNL,HI,AWP,WE,Towers with Radar,227,94,14,46,381,0,83,117,0,200,227,177,131,46,581,0,0,0,581
02/21/2021,HNL,HI,AWP,WE,Towers with Radar,215,87,20,25,347,0,48,60,1,109,215,135,80,26,456,0,0,0,456
02/22/2021,HNL,HI,AWP,WE,Towers with Radar,245,98,18,24,385,0,151,107,1,259,245,249,125,25,644,0,0,0,644
02/23/2021,HNL,HI,AWP,WE,Towers with Radar,245,90,13,62,410,0,92,98,41,231,245,182,111,103,641,0,0,0,641
02/24/2021,HNL,HI,AWP,WE,Towers with Radar,251,83,23,86,443,0,96,78,9,183,251,179,101,95,626,0,0,0,626
02/25/2021,HNL,HI,AWP,WE,Towers with Radar,285,99,14,57,455,0,85,75,11,171,285,184,89,68,626,0,0,0,626
02/26/2021,HNL,HI,AWP,WE,Towers with Radar,259,98,10,44,411,0,111,73,3,187,259,209,83,47,598,0,0,0,598
02/27/2021,HNL,HI,AWP,WE,Towers with Radar,247,88,28,16,379,0,77,52,1,130,247,165,80,17,509,0,0,0,509
02/28/2021,HNL,HI,AWP,WE,Towers with Radar,211,92,12,8,323,0,49,75,4,128,211,141,87,12,451,0,0,0,451
03/01/2021,HNL,HI,AWP,WE,Towers with Radar,242,93,18,52,405,0,95,24,1,120,242,188,42,53,525,0,0,0,525
03/02/2021,HNL,HI,AWP,WE,Towers with Radar,258,96,8,49,411,0,69,44,2,115,258,165,52,51,526,0,0,0,526
03/03/2021,HNL,HI,AWP,WE,Towers with Radar,259,86,19,60,424,0,133,101,3,237,259,219,120,63,661,0,0,0,661
03/04/2021,HNL,HI,AWP,WE,Towers with Radar,274,84,27,62,447,0,131,115,13,259,274,215,142,75,706,0,0,0,706
03/05/2021,HNL,HI,AWP,WE,Towers with Radar,265,119,23,45,452,0,69,51,8,128,265,188,74,53,580,0,0,0,580
03/06/2021,HNL,HI,AWP,WE,Towers with Radar,256,82,19,12,369,0,138,178,2,318,256,220,197,14,687,1,0,1,688
03/07/2021,HNL,HI,AWP,WE,Towers with Radar,231,63,10,14,318,0,101,171,2,274,231,164,181,16,592,0,0,0,592
03/08/2021,HNL,HI,AWP,WE,Towers with Radar,268,111,17,15,411,0,71,73,2,146,268,182,90,17,557,0,0,0,557
03/09/2021,HNL,HI,AWP,WE,Towers with Radar,262,97,15,26,400,0,39,16,5,60,262,136,31,31,460,0,0,0,460
03/10/2021,HNL,HI,AWP,WE,Towers with Radar,264,98,10,45,417,0,97,84,7,188,264,195,94,52,605,0,0,0,605
03/11/2021,HNL,HI,AWP,WE,Towers with Radar,296,110,27,42,475,0,107,61,4,172,296,217,88,46,647,0,0,0,647
03/12/2021,HNL,HI,AWP,WE,Towers with Radar,289,129,15,48,481,0,73,27,14,114,289,202,42,62,595,0,0,0,595
03/13/2021,HNL,HI,AWP,WE,Towers with Radar,249,109,27,32,417,0,74,84,1,159,249,183,111,33,576,0,0,0,576
03/14/2021,HNL,HI,AWP,WE,Towers with Radar,243,67,12,27,349,0,129,112,1,242,243,196,124,28,591,0,0,0,591
03/15/2021,HNL,HI,AWP,WE,Towers with Radar,282,129,26,9,446,0,80,68,6,154,282,209,94,15,600,0,0,0,600
03/16/2021,HNL,HI,AWP,WE,Towers with Radar,284,104,30,23,441,0,31,45,0,76,284,135,75,23,517,0,0,0,517
03/17/2021,HNL,HI,AWP,WE,Towers with Radar,281,103,18,29,431,0,144,74,4,222,281,247,92,33,653,0,0,0,653
03/18/2021,HNL,HI,AWP,WE,Towers with Radar,303,134,14,34,485,0,33,29,7,69,303,167,43,41,554,0,0,0,554
03/19/2021,HNL,HI,AWP,WE,Towers with Radar,302,112,19,31,464,0,199,109,5,313,302,311,128,36,777,0,0,0,777
03/20/2021,HNL,HI,AWP,WE,Towers with Radar,283,114,24,11,432,0,91,81,0,172,283,205,105,11,604,0,0,0,604
03/21/2021,HNL,HI,AWP,WE,Towers with Radar,254,92,19,10,375,0,60,48,2,110,254,152,67,12,485,0,0,0,485
03/22/2021,HNL,HI,AWP,WE,Towers with Radar,277,102,21,29,429,0,161,130,0,291,277,263,151,29,720,0,0,0,720
03/23/2021,HNL,HI,AWP,WE,Towers with Radar,289,103,25,15,432,0,126,85,4,215,289,229,110,19,647,0,0,0,647
03/24/2021,HNL,HI,AWP,WE,Towers with Radar,279,125,26,32,462,0,66,40,1,107,279,191,66,33,569,0,0,0,569
03/25/2021,HNL,HI,AWP,WE,Towers with Radar,311,138,42,30,521,0,98,68,2,168,311,236,110,32,689,0,0,0,689
03/26/2021,HNL,HI,AWP,WE,Towers with Radar,299,112,28,34,473,0,192,173,8,373,299,304,201,42,846,0,0,0,846
03/27/2021,HNL,HI,AWP,WE,Towers with Radar,284,105,12,21,422,0,127,144,1,272,284,232,156,22,694,0,0,0,694
03/28/2021,HNL,HI,AWP,WE,Towers with Radar,260,97,29,7,393,0,116,110,3,229,260,213,139,10,622,0,0,0,622
03/29/2021,HNL,HI,AWP,WE,Towers with Radar,280,107,21,18,426,0,168,105,3,276,280,275,126,21,702,0,0,0,702
03/30/2021,HNL,HI,AWP,WE,Towers with Radar,280,111,33,24,448,0,191,102,2,295,280,302,135,26,743,0,0,0,743
03/31/2021,HNL,HI,AWP,WE,Towers with Radar,282,92,9,41,424,0,144,106,1,251,282,236,115,42,675,0,0,0,675
04/01/2021,HNL,HI,AWP,WE,Towers with Radar,303,113,17,42,475,0,156,93,0,249,303,269,110,42,724,0,0,0,724
04/02/2021,HNL,HI,AWP,WE,Towers with Radar,311,105,24,17,457,0,172,134,6,312,311,277,158,23,769,0,0,0,769
04/03/2021,HNL,HI,AWP,WE,Towers with Radar,283,111,20,19,433,0,129,126,1,256,283,240,146,20,689,0,0,0,689
04/04/2021,HNL,HI,AWP,WE,Towers with Radar,249,93,18,15,375,0,75,71,0,146,249,168,89,15,521,0,0,0,521
04/05/2021,HNL,HI,AWP,WE,Towers with Radar,292,120,18,16,446,0,159,86,0,245,292,279,104,16,691,0,0,0,691
04/06/2021,HNL,HI,AWP,WE,Towers with Radar,285,92,27,39,443,0,166,77,4,247,285,258,104,43,690,0,0,0,690
04/07/2021,HNL,HI,AWP,WE,Towers with Radar,308,101,22,43,474,0,133,96,0,229,308,234,118,43,703,0,0,0,703
04/08/2021,HNL,HI,AWP,WE,Towers with Radar,320,117,24,45,506,0,168,130,8,306,320,285,154,53,812,0,0,0,812
04/09/2021,HNL,HI,AWP,WE,Towers with Radar,352,124,30,35,541,0,182,119,1,302,352,306,149,36,843,0,0,0,843
04/10/2021,HNL,HI,AWP,WE,Towers with Radar,294,117,29,43,483,0,120,111,1,232,294,237,140,44,715,0,0,0,715
04/11/2021,HNL,HI,AWP,WE,Towers with Radar,284,96,22,15,417,0,72,68,2,142,284,168,90,17,559,0,0,0,559
04/12/2021,HNL,HI,AWP,WE,Towers with Radar,320,107,26,12,465,0,146,133,0,279,320,253,159,12,744,0,0,0,744
04/13/2021,HNL,HI,AWP,WE,Towers with Radar,286,107,24,25,442,0,133,99,7,239,286,240,123,32,681,0,0,0,681
04/14/2021,HNL,HI,AWP,WE,Towers with Radar,324,82,19,38,463,0,150,115,10,275,324,232,134,48,738,0,0,0,738
04/15/2021,HNL,HI,AWP,WE,Towers with Radar,321,95,17,46,479,0,160,100,14,274,321,255,117,60,753,0,0,0,753
04/16/2021,HNL,HI,AWP,WE,Towers with Radar,344,107,24,20,495,0,162,120,19,301,344,269,144,39,796,0,0,0,796
04/17/2021,HNL,HI,AWP,WE,Towers with Radar,299,92,23,18,432,0,108,105,3,216,299,200,128,21,648,0,0,0,648
04/18/2021,HNL,HI,AWP,WE,Towers with Radar,281,111,12,15,419,0,138,138,1,277,281,249,150,16,696,0,0,0,696
04/19/2021,HNL,HI,AWP,WE,Towers with Radar,319,86,15,36,456,0,136,117,3,256,319,222,132,39,712,0,0,0,712
04/20/2021,HNL,HI,AWP,WE,Towers with Radar,304,82,27,23,436,0,133,78,4,215,304,215,105,27,651,0,0,0,651
04/21/2021,HNL,HI,AWP,WE,Towers with Radar,301,86,19,38,444,0,109,95,6,210,301,195,114,44,654,0,0,0,654
04/22/2021,HNL,HI,AWP,WE,Towers with Radar,337,81,17,30,465,0,165,98,13,276,337,246,115,43,741,0,0,0,741
04/23/2021,HNL,HI,AWP,WE,Towers with Radar,327,92,24,39,482,0,183,104,8,295,327,275,128,47,777,0,0,0,777
04/24/2021,HNL,HI,AWP,WE,Towers with Radar,305,80,18,4,407,4,117,83,3,207,309,197,101,7,614,0,0,0,614
04/25/2021,HNL,HI,AWP,WE,Towers with Radar,284,70,7,13,374,0,112,132,2,246,284,182,139,15,620,0,0,0,620
04/26/2021,HNL,HI,AWP,WE,Towers with Radar,302,87,10,14,413,0,152,82,7,241,302,239,92,21,654,0,0,0,654
04/27/2021,HNL,HI,AWP,WE,Towers with Radar,322,105,31,55,513,13,104,72,8,197,335,209,103,63,710,0,0,0,710
04/28/2021,HNL,HI,AWP,WE,Towers with Radar,315,94,30,37,476,0,89,73,7,169,315,183,103,44,645,0,0,0,645
04/29/2021,HNL,HI,AWP,WE,Towers with Radar,335,91,25,53,504,0,178,79,21,278,335,269,104,74,782,0,1,1,783
04/30/2021,HNL,HI,AWP,WE,Towers with Radar,337,125,26,35,523,0,141,126,4,271,337,266,152,39,794,0,0,0,794
05/01/2021,HNL,HI,AWP,WE,Towers with Radar,301,84,22,27,434,0,137,127,5,269,301,221,149,32,703,0,0,0,703
05/02/2021,HNL,HI,AWP,WE,Towers with Radar,291,66,19,20,396,0,131,138,3,272,291,197,157,23,668,0,0,0,668
05/03/2021,HNL,HI,AWP,WE,Towers with Radar,316,109,21,22,468,0,142,110,4,256,316,251,131,26,724,0,0,0,724
05/04/2021,HNL,HI,AWP,WE,Towers with Radar,304,103,25,27,459,0,99,82,5,186,304,202,107,32,645,0,0,0,645
05/05/2021,HNL,HI,AWP,WE,Towers with Radar,308,107,10,39,464,0,132,90,10,232,308,239,100,49,696,0,0,0,696
05/06/2021,HNL,HI,AWP,WE,Towers with Radar,334,98,21,34,487,0,179,77,15,271,334,277,98,49,758,0,0,0,758
05/07/2021,HNL,HI,AWP,WE,Towers with Radar,341,119,29,20,509,0,162,81,5,248,341,281,110,25,757,0,0,0,757
05/08/2021,HNL,HI,AWP,WE,Towers with Radar,300,70,10,14,394,0,106,122,3,231,300,176,132,17,625,0,0,0,625
05/09/2021,HNL,HI,AWP,WE,Towers with Radar,293,70,12,5,380,0,115,107,2,224,293,185,119,7,604,0,0,0,604
05/10/2021,HNL,HI,AWP,WE,Towers with Radar,339,115,24,55,533,0,227,120,21,368,339,342,144,76,901,0,0,0,901
05/11/2021,HNL,HI,AWP,WE,Towers with Radar,320,99,19,41,479,0,177,103,3,283,320,276,122,44,762,0,0,0,762
05/12/2021,HNL,HI,AWP,WE,Towers with Radar,323,90,9,38,460,0,152,124,12,288,323,242,133,50,748,0,0,0,748
05/13/2021,HNL,HI,AWP,WE,Towers with Radar,332,96,17,32,477,0,182,80,8,270,332,278,97,40,747,0,0,0,747
05/14/2021,HNL,HI,AWP,WE,Towers with Radar,337,117,16,24,494,0,206,112,4,322,337,323,128,28,816,0,0,0,816
05/15/2021,HNL,HI,AWP,WE,Towers with Radar,313,85,18,15,431,0,90,91,0,181,313,175,109,15,612,0,0,0,612
05/16/2021,HNL,HI,AWP,WE,Towers with Radar,298,76,9,10,393,0,82,103,1,186,298,158,112,11,579,0,0,0,579
05/17/2021,HNL,HI,AWP,WE,Towers with Radar,326,96,10,13,445,0,133,100,1,234,326,229,110,14,679,0,0,0,679
05/18/2021,HNL,HI,AWP,WE,Towers with Radar,343,86,24,54,507,0,170,73,8,251,343,256,97,62,758,0,0,0,758
05/19/2021,HNL,HI,AWP,WE,Towers with Radar,313,95,13,47,468,0,158,100,19,277,313,253,113,66,745,0,0,0,745
05/20/2021,HNL,HI,AWP,WE,Towers with Radar,327,100,25,31,483,0,167,97,10,274,327,267,122,41,757,0,0,0,757
05/21/2021,HNL,HI,AWP,WE,Towers with Radar,357,103,44,25,529,0,200,117,12,329,357,303,161,37,858,0,0,0,858
05/22/2021,HNL,HI,AWP,WE,Towers with Radar,316,72,16,7,411,0,171,117,7,295,316,243,133,14,706,0,0,0,706
05/23/2021,HNL,HI,AWP,WE,Towers with Radar,295,75,16,13,399,0,126,111,7,244,295,201,127,20,643,0,0,0,643
05/24/2021,HNL,HI,AWP,WE,Towers with Radar,341,118,23,43,525,0,198,122,11,331,341,316,145,54,856,0,0,0,856
05/25/2021,HNL,HI,AWP,WE,Towers with Radar,336,89,33,35,493,0,206,111,2,319,336,295,144,37,812,0,0,0,812
05/26/2021,HNL,HI,AWP,WE,Towers with Radar,326,87,17,49,479,0,161,106,11,278,326,248,123,60,757,0,0,0,757
05/27/2021,HNL,HI,AWP,WE,Towers with Radar,351,97,21,37,506,0,262,152,8,422,351,359,173,45,928,0,0,0,928
05/28/2021,HNL,HI,AWP,WE,Towers with Radar,366,97,24,7,494,0,203,134,4,341,366,300,158,11,835,0,0,0,835
05/29/2021,HNL,HI,AWP,WE,Towers with Radar,308,85,20,16,429,0,147,127,1,275,308,232,147,17,704,0,0,0,704
05/30/2021,HNL,HI,AWP,WE,Towers with Radar,294,81,9,7,391,0,127,87,2,216,294,208,96,9,607,0,0,0,607
05/31/2021,HNL,HI,AWP,WE,Towers with Radar,331,81,13,11,436,0,240,129,2,371,331,321,142,13,807,0,0,0,807
06/01/2021,HNL,HI,AWP,WE,Towers with Radar,368,117,14,50,549,0,192,133,2,327,368,309,147,52,876,0,0,0,876
06/02/2021,HNL,HI,AWP,WE,Towers with Radar,365,82,19,44,510,0,182,121,4,307,365,264,140,48,817,0,0,0,817
06/03/2021,HNL,HI,AWP,WE,Towers with Radar,407,114,25,24,570,0,224,93,10,327,407,338,118,34,897,0,0,0,897
06/04/2021,HNL,HI,AWP,WE,Towers with Radar,395,117,28,35,575,0,206,101,6,313,395,323,129,41,888,0,0,0,888
06/05/2021,HNL,HI,AWP,WE,Towers with Radar,341,91,16,31,479,0,136,117,0,253,341,227,133,31,732,0,0,0,732
06/06/2021,HNL,HI,AWP,WE,Towers with Radar,350,102,19,8,479,0,119,80,2,201,350,221,99,10,680,0,0,0,680
06/07/2021,HNL,HI,AWP,WE,Towers with Radar,393,105,18,22,538,0,185,120,3,308,393,290,138,25,846,0,0,0,846
06/08/2021,HNL,HI,AWP,WE,Towers with Radar,387,94,13,36,530,0,191,111,11,313,387,285,124,47,843,0,0,0,843
06/09/2021,HNL,HI,AWP,WE,Towers with Radar,391,110,19,31,551,0,172,104,8,284,391,282,123,39,835,0,0,0,835
06/10/2021,HNL,HI,AWP,WE,Towers with Radar,421,95,29,45,590,0,224,93,7,324,421,319,122,52,914,0,0,0,914
06/11/2021,HNL,HI,AWP,WE,Towers with Radar,409,119,27,28,583,0,136,86,0,222,409,255,113,28,805,0,0,0,805
06/12/2021,HNL,HI,AWP,WE,Towers with Radar,356,82,14,31,483,0,135,95,4,234,356,217,109,35,717,0,0,0,717
06/13/2021,HNL,HI,AWP,WE,Towers with Radar,356,84,10,22,472,0,99,89,3,191,356,183,99,25,663,0,0,0,663
06/14/2021,HNL,HI,AWP,WE,Towers with Radar,393,101,22,47,563,0,222,111,2,335,393,323,133,49,898,0,0,0,898
06/15/2021,HNL,HI,AWP,WE,Towers with Radar,373,84,22,47,526,0,189,164,6,359,373,273,186,53,885,2,0,2,887
06/16/2021,HNL,HI,AWP,WE,Towers with Radar,385,97,29,51,562,0,179,129,1,309,385,276,158,52,871,0,0,0,871
06/17/2021,HNL,HI,AWP,WE,Towers with Radar,435,115,31,78,659,0,222,138,13,373,435,337,169,91,1032,0,0,0,1032
06/18/2021,HNL,HI,AWP,WE,Towers with Radar,392,102,23,35,552,0,213,156,1,370,392,315,179,36,922,0,0,0,922
06/19/2021,HNL,HI,AWP,WE,Towers with Radar,371,108,25,26,530,0,162,89,2,253,371,270,114,28,783,0,0,0,783
06/20/2021,HNL,HI,AWP,WE,Towers with Radar,368,86,21,31,506,0,108,87,3,198,368,194,108,34,704,0,0,0,704
06/21/2021,HNL,HI,AWP,WE,Towers with Radar,384,127,17,63,591,0,192,134,1,327,384,319,151,64,918,0,0,0,918
06/22/2021,HNL,HI,AWP,WE,Towers with Radar,387,118,32,52,589,0,237,126,10,373,387,355,158,62,962,0,0,0,962
06/23/2021,HNL,HI,AWP,WE,Towers with Radar,399,117,25,62,603,0,210,176,17,403,399,327,201,79,1006,0,0,0,1006
06/24/2021,HNL,HI,AWP,WE,Towers with Radar,417,101,18,43,579,0,218,143,6,367,417,319,161,49,946,0,0,0,946
06/25/2021,HNL,HI,AWP,WE,Towers with Radar,410,99,22,48,579,0,231,117,1,349,410,330,139,49,928,0,0,0,928
06/26/2021,HNL,HI,AWP,WE,Towers with Radar,366,88,15,27,496,0,171,112,0,283,366,259,127,27,779,0,0,0,779
06/27/2021,HNL,HI,AWP,WE,Towers with Radar,378,79,15,30,502,0,119,152,0,271,378,198,167,30,773,0,0,0,773
06/28/2021,HNL,HI,AWP,WE,Towers with Radar,413,112,14,56,595,0,239,131,4,374,413,351,145,60,969,0,0,0,969
06/29/2021,HNL,HI,AWP,WE,Towers with Radar,419,82,17,68,586,0,256,134,12,402,419,338,151,80,988,0,0,0,988
06/30/2021,HNL,HI,AWP,WE,Towers with Radar,401,100,16,62,579,0,226,116,18,360,401,326,132,80,939,0,0,0,939
07/01/2021,HNL,HI,AWP,WE,Towers with Radar,416,126,23,65,630,0,170,115,3,288,416,296,138,68,918,0,0,0,918
07/02/2021,HNL,HI,AWP,WE,Towers with Radar,409,152,25,36,622,0,164,83,7,254,409,316,108,43,876,0,0,0,876
07/03/2021,HNL,HI,AWP,WE,Towers with Radar,349,116,19,17,501,0,98,82,1,181,349,214,101,18,682,0,0,0,682
07/04/2021,HNL,HI,AWP,WE,Towers with Radar,325,92,18,14,449,0,82,90,1,173,325,174,108,15,622,0,0,0,622
07/05/2021,HNL,HI,AWP,WE,Towers with Radar,365,105,14,13,497,0,208,149,2,359,365,313,163,15,856,0,0,0,856
07/06/2021,HNL,HI,AWP,WE,Towers with Radar,401,128,34,42,605,0,235,115,5,355,401,363,149,47,960,0,0,0,960
07/07/2021,HNL,HI,AWP,WE,Towers with Radar,410,120,30,44,604,0,207,143,9,359,410,327,173,53,963,3,0,3,966
07/08/2021,HNL,HI,AWP,WE,Towers with Radar,410,122,21,40,593,0,226,120,9,355,410,348,141,49,948,0,0,0,948
07/09/2021,HNL,HI,AWP,WE,Towers with Radar,402,125,24,33,584,0,169,110,0,279,402,294,134,33,863,0,0,0,863
07/10/2021,HNL,HI,AWP,WE,Towers with Radar,370,84,33,44,531,0,169,140,1,310,370,253,173,45,841,0,0,0,841
07/11/2021,HNL,HI,AWP,WE,Towers with Radar,357,99,17,26,499,0,121,135,2,258,357,220,152,28,757,0,0,0,757
07/12/2021,HNL,HI,AWP,WE,Towers with Radar,390,127,31,26,574,0,208,120,3,331,390,335,151,29,905,0,0,0,905
07/13/2021,HNL,HI,AWP,WE,Towers with Radar,404,104,21,37,566,0,222,149,11,382,404,326,170,48,948,0,0,0,948
07/14/2021,HNL,HI,AWP,WE,Towers with Radar,416,140,27,27,610,0,167,112,1,280,416,307,139,28,890,0,0,0,890
07/15/2021,HNL,HI,AWP,WE,Towers with Radar,431,135,29,39,634,0,251,161,4,416,431,386,190,43,1050,0,0,0,1050
07/16/2021,HNL,HI,AWP,WE,Towers with Radar,404,139,20,29,592,0,160,88,0,248,404,299,108,29,840,0,0,0,840
07/17/2021,HNL,HI,AWP,WE,Towers with Radar,372,118,18,13,521,0,168,107,0,275,372,286,125,13,796,0,0,0,796
07/18/2021,HNL,HI,AWP,WE,Towers with Radar,356,113,24,13,506,0,116,128,4,248,356,229,152,17,754,0,0,0,754
07/19/2021,HNL,HI,AWP,WE,Towers with Radar,407,135,45,24,611,0,210,118,12,340,407,345,163,36,951,0,0,0,951
07/20/2021,HNL,HI,AWP,WE,Towers with Radar,386,117,20,46,569,0,198,96,14,308,386,315,116,60,877,0,0,0,877
07/21/2021,HNL,HI,AWP,WE,Towers with Radar,401,150,23,34,608,0,200,67,3,270,401,350,90,37,878,0,0,0,878
07/22/2021,HNL,HI,AWP,WE,Towers with Radar,427,134,21,35,617,0,222,133,11,366,427,356,154,46,983,0,0,0,983
07/23/2021,HNL,HI,AWP,WE,Towers with Radar,408,134,21,27,590,0,192,93,4,289,408,326,114,31,879,0,0,0,879
07/24/2021,HNL,HI,AWP,WE,Towers with Radar,379,115,30,28,552,0,161,124,0,285,379,276,154,28,837,0,0,0,837
07/25/2021,HNL,HI,AWP,WE,Towers with Radar,352,112,14,12,490,0,136,106,3,245,352,248,120,15,735,0,0,0,735
07/26/2021,HNL,HI,AWP,WE,Towers with Radar,377,112,20,34,543,0,238,114,4,356,377,350,134,38,899,2,0,2,901
07/27/2021,HNL,HI,AWP,WE,Towers with Radar,399,119,12,36,566,0,210,135,19,364,399,329,147,55,930,0,0,0,930
07/28/2021,HNL,HI,AWP,WE,Towers with Radar,395,134,34,32,595,0,241,128,19,388,395,375,162,51,983,0,0,0,983
07/29/2021,HNL,HI,AWP,WE,Towers with Radar,419,133,23,35,610,0,249,83,6,338,419,382,106,41,948,0,0,0,948
07/30/2021,HNL,HI,AWP,WE,Towers with Radar,410,112,25,34,581,0,232,106,3,341,410,344,131,37,922,0,0,0,922
07/31/2021,HNL,HI,AWP,WE,Towers with Radar,362,115,21,16,514,0,173,122,6,301,362,288,143,22,815,0,0,0,815
08/01/2021,HNL,HI,AWP,WE,Towers with Radar,378,104,27,8,517,0,138,98,2,238,378,242,125,10,755,0,0,0,755
08/02/2021,HNL,HI,AWP,WE,Towers with Radar,407,123,12,22,564,0,222,81,8,311,407,345,93,30,875,0,0,0,875
08/03/2021,HNL,HI,AWP,WE,Towers with Radar,408,118,22,23,571,0,207,94,15,316,408,325,116,38,887,0,0,0,887
08/04/2021,HNL,HI,AWP,WE,Towers with Radar,412,138,23,10,583,0,174,106,7,287,412,312,129,17,870,0,0,0,870
08/05/2021,HNL,HI,AWP,WE,Towers with Radar,432,117,29,31,609,0,183,91,5,279,432,300,120,36,888,0,0,0,888
08/06/2021,HNL,HI,AWP,WE,Towers with Radar,431,119,22,34,606,0,181,77,5,263,431,300,99,39,869,0,0,0,869
08/07/2021,HNL,HI,AWP,WE,Towers with Radar,388,103,10,27,528,0,182,96,3,281,388,285,106,30,809,0,0,0,809
08/08/2021,HNL,HI,AWP,WE,Towers with Radar,377,96,16,46,535,0,131,100,3,234,377,227,116,49,769,0,0,0,769
08/09/2021,HNL,HI,AWP,WE,Towers with Radar,412,123,20,30,585,0,253,163,24,440,412,376,183,54,1025,0,0,0,1025
08/10/2021,HNL,HI,AWP,WE,Towers with Radar,421,118,27,41,607,0,217,129,10,356,421,335,156,51,963,0,0,0,963
08/11/2021,HNL,HI,AWP,WE,Towers with Radar,418,100,18,81,617,0,197,123,6,326,418,297,141,87,943,0,0,0,943
08/12/2021,HNL,HI,AWP,WE,Towers with Radar,445,106,21,86,658,0,228,118,17,363,445,334,139,103,1021,0,0,0,1021
08/13/2021,HNL,HI,AWP,WE,Towers with Radar,420,129,29,65,643,0,208,130,3,341,420,337,159,68,984,0,0,0,984
08/14/2021,HNL,HI,AWP,WE,Towers with Radar,388,101,18,25,532,0,173,137,5,315,388,274,155,30,847,0,0,0,847
08/15/2021,HNL,HI,AWP,WE,Towers with Radar,371,100,12,29,512,0,127,123,7,257,371,227,135,36,769,0,0,0,769
08/16/2021,HNL,HI,AWP,WE,Towers with Radar,407,133,21,78,639,0,278,145,10,433,407,411,166,88,1072,0,0,0,1072
08/17/2021,HNL,HI,AWP,WE,Towers with Radar,402,108,17,71,598,0,212,114,7,333,402,320,131,78,931,0,0,0,931
08/18/2021,HNL,HI,AWP,WE,Towers with Radar,395,108,14,70,587,0,227,107,8,342,395,335,121,78,929,0,0,0,929
08/19/2021,HNL,HI,AWP,WE,Towers with Radar,423,134,18,59,634,0,190,109,9,308,423,324,127,68,942,0,0,0,942
08/20/2021,HNL,HI,AWP,WE,Towers with Radar,402,124,21,49,596,0,224,145,0,369,402,348,166,49,965,0,0,0,965
08/21/2021,HNL,HI,AWP,WE,Towers with Radar,382,105,28,13,528,0,157,109,5,271,382,262,137,18,799,0,0,0,799
08/22/2021,HNL,HI,AWP,WE,Towers with Radar,371,98,14,6,489,0,132,88,2,222,371,230,102,8,711,0,0,0,711
08/23/2021,HNL,HI,AWP,WE,Towers with Radar,397,159,23,22,601,0,36,9,0,45,397,195,32,22,646,0,0,0,646
08/24/2021,HNL,HI,AWP,WE,Towers with Radar,384,107,30,61,582,0,197,101,9,307,384,304,131,70,889,2,0,2,891
08/25/2021,HNL,HI,AWP,WE,Towers with Radar,385,112,21,59,577,0,197,100,8,305,385,309,121,67,882,0,0,0,882
08/26/2021,HNL,HI,AWP,WE,Towers with Radar,415,117,30,58,620,0,197,102,0,299,415,314,132,58,919,0,2,2,921
08/27/2021,HNL,HI,AWP,WE,Towers with Radar,419,110,30,52,611,0,191,114,8,313,419,301,144,60,924,0,0,0,924
08/28/2021,HNL,HI,AWP,WE,Towers with Radar,374,101,35,21,531,0,203,145,2,350,374,304,180,23,881,0,0,0,881
08/29/2021,HNL,HI,AWP,WE,Towers with Radar,361,93,25,14,493,0,119,125,1,245,361,212,150,15,738,0,0,0,738
08/30/2021,HNL,HI,AWP,WE,Towers with Radar,388,103,20,49,560,0,221,141,5,367,388,324,161,54,927,0,0,0,927
08/31/2021,HNL,HI,AWP,WE,Towers with Radar,394,92,25,39,550,0,214,120,14,348,394,306,145,53,898,0,0,0,898
09/01/2021,HNL,HI,AWP,WE,Towers with Radar,403,95,27,41,566,0,151,102,3,256,403,246,129,44,822,0,0,0,822
09/02/2021,HNL,HI,AWP,WE,Towers with Radar,418,106,37,50,611,0,153,104,11,268,418,259,141,61,879,0,0,0,879
09/03/2021,HNL,HI,AWP,WE,Towers with Radar,437,113,24,18,592,0,203,84,3,290,437,316,108,21,882,0,0,0,882
09/04/2021,HNL,HI,AWP,WE,Towers with Radar,393,94,15,10,512,0,140,101,4,245,393,234,116,14,757,0,0,0,757
09/05/2021,HNL,HI,AWP,WE,Towers with Radar,359,65,10,10,444,0,126,130,4,260,359,191,140,14,704,0,0,0,704
09/06/2021,HNL,HI,AWP,WE,Towers with Radar,396,84,16,15,511,0,222,133,4,359,396,306,149,19,870,0,0,0,870
09/07/2021,HNL,HI,AWP,WE,Towers with Radar,374,92,19,47,532,0,229,150,8,387,374,321,169,55,919,0,0,0,919
09/08/2021,HNL,HI,AWP,WE,Towers with Radar,371,108,23,44,546,0,180,113,11,304,371,288,136,55,850,0,0,0,850
09/09/2021,HNL,HI,AWP,WE,Towers with Radar,397,109,25,36,567,0,203,132,13,348,397,312,157,49,915,0,0,0,915
09/10/2021,HNL,HI,AWP,WE,Towers with Radar,404,102,25,49,580,0,159,123,11,293,404,261,148,60,873,0,0,0,873
09/11/2021,HNL,HI,AWP,WE,Towers with Radar,353,95,19,41,508,0,200,125,11,336,353,295,144,52,844,0,0,0,844
09/12/2021,HNL,HI,AWP,WE,Towers with Radar,361,70,12,17,460,0,120,111,4,235,361,190,123,21,695,0,0,0,695
09/13/2021,HNL,HI,AWP,WE,Towers with Radar,370,128,8,16,522,0,234,116,19,369,370,362,124,35,891,0,0,0,891
09/14/2021,HNL,HI,AWP,WE,Towers with Radar,378,115,27,58,578,0,199,120,8,327,378,314,147,66,905,0,0,0,905
09/15/2021,HNL,HI,AWP,WE,Towers with Radar,393,105,22,43,563,0,155,147,5,307,393,260,169,48,870,0,0,0,870
09/16/2021,HNL,HI,AWP,WE,Towers with Radar,389,124,21,44,578,0,187,102,9,298,389,311,123,53,876,0,0,0,876
09/17/2021,HNL,HI,AWP,WE,Towers with Radar,392,137,20,32,581,0,213,128,5,346,392,350,148,37,927,0,0,0,927
09/18/2021,HNL,HI,AWP,WE,Towers with Radar,362,81,11,8,462,0,162,129,2,293,362,243,140,10,755,0,0,0,755
09/19/2021,HNL,HI,AWP,WE,Towers with Radar,358,83,16,8,465,0,135,89,2,226,358,218,105,10,691,0,0,0,691
09/20/2021,HNL,HI,AWP,WE,Towers with Radar,378,105,16,45,544,0,230,150,8,388,378,335,166,53,932,0,0,0,932
09/21/2021,HNL,HI,AWP,WE,Towers with Radar,370,80,13,44,507,0,163,98,7,268,370,243,111,51,775,0,0,0,775
09/22/2021,HNL,HI,AWP,WE,Towers with Radar,379,98,14,41,532,0,175,114,2,291,379,273,128,43,823,0,0,0,823
09/23/2021,HNL,HI,AWP,WE,Towers with Radar,411,108,19,35,573,0,128,113,11,252,411,236,132,46,825,0,1,1,826
09/24/2021,HNL,HI,AWP,WE,Towers with Radar,397,115,19,27,558,0,141,101,9,251,397,256,120,36,809,0,0,0,809
09/25/2021,HNL,HI,AWP,WE,Towers with Radar,346,83,14,12,455,0,143,121,2,266,346,226,135,14,721,0,0,0,721
09/26/2021,HNL,HI,AWP,WE,Towers with Radar,351,76,21,19,467,0,101,159,2,262,351,177,180,21,729,0,0,0,729
09/27/2021,HNL,HI,AWP,WE,Towers with Radar,382,106,15,35,538,0,226,128,3,357,382,332,143,38,895,0,0,0,895
09/28/2021,HNL,HI,AWP,WE,Towers with Radar,372,90,21,30,513,0,168,106,6,280,372,258,127,36,793,0,0,0,793
09/29/2021,HNL,HI,AWP,WE,Towers with Radar,389,86,12,36,523,0,141,120,5,266,389,227,132,41,789,0,0,0,789
09/30/2021,HNL,HI,AWP,WE,Towers with Radar,396,120,20,37,573,0,140,108,6,254,396,260,128,43,827,0,0,0,827
10/01/2021,HNL,HI,AWP,WE,Towers with Radar,385,116,24,47,572,0,176,126,3,305,385,292,150,50,877,0,0,0,877
10/02/2021,HNL,HI,AWP,WE,Towers with Radar,335,100,20,62,517,0,119,88,0,207,335,219,108,62,724,0,0,0,724
10/03/2021,HNL,HI,AWP,WE,Towers with Radar,329,78,40,28,475,0,115,114,0,229,329,193,154,28,704,0,0,0,704
10/04/2021,HNL,HI,AWP,WE,Towers with Radar,360,120,17,24,521,0,255,138,9,402,360,375,155,33,923,0,0,0,923
10/05/2021,HNL,HI,AWP,WE,Towers with Radar,360,79,19,48,506,0,166,127,7,300,360,245,146,55,806,0,0,0,806
10/06/2021,HNL,HI,AWP,WE,Towers with Radar,366,104,16,35,521,0,150,110,7,267,366,254,126,42,788,0,0,0,788
10/07/2021,HNL,HI,AWP,WE,Towers with Radar,366,118,20,43,547,0,166,89,11,266,366,284,109,54,813,0,0,0,813
10/08/2021,HNL,HI,AWP,WE,Towers with Radar,371,118,20,26,535,0,187,93,2,282,371,305,113,28,817,0,0,0,817
10/09/2021,HNL,HI,AWP,WE,Towers with Radar,358,104,21,20,503,0,106,39,3,148,358,210,60,23,651,0,0,0,651
10/10/2021,HNL,HI,AWP,WE,Towers with Radar,340,94,12,20,466,0,67,38,7,112,340,161,50,27,578,0,0,0,578
10/11/2021,HNL,HI,AWP,WE,Towers with Radar,369,109,25,12,515,0,193,118,3,314,369,302,143,15,829,0,0,0,829
10/12/2021,HNL,HI,AWP,WE,Towers with Radar,359,114,16,17,506,0,125,82,8,215,359,239,98,25,721,0,0,0,721
10/13/2021,HNL,HI,AWP,WE,Towers with Radar,363,102,9,62,536,0,137,92,3,232,363,239,101,65,768,0,0,0,768
10/14/2021,HNL,HI,AWP,WE,Towers with Radar,390,97,32,38,557,0,153,90,16,259,390,250,122,54,816,0,0,0,816
10/15/2021,HNL,HI,AWP,WE,Towers with Radar,379,114,26,23,542,0,174,129,3,306,379,288,155,26,848,0,0,0,848
10/16/2021,HNL,HI,AWP,WE,Towers with Radar,342,95,28,10,475,0,154,159,4,317,342,249,187,14,792,0,0,0,792
10/17/2021,HNL,HI,AWP,WE,Towers with Radar,343,75,20,8,446,0,126,155,6,287,343,201,175,14,733,0,0,0,733
10/18/2021,HNL,HI,AWP,WE,Towers with Radar,379,118,32,46,575,0,193,154,42,389,379,311,186,88,964,0,0,0,964
10/19/2021,HNL,HI,AWP,WE,Towers with Radar,368,105,34,38,545,0,188,132,11,331,368,293,166,49,876,0,0,0,876
10/20/2021,HNL,HI,AWP,WE,Towers with Radar,360,108,16,38,522,0,164,163,15,342,360,272,179,53,864,0,0,0,864
10/21/2021,HNL,HI,AWP,WE,Towers with Radar,380,122,19,51,572,0,169,115,4,288,380,291,134,55,860,0,0,0,860
10/22/2021,HNL,HI,AWP,WE,Towers with Radar,374,107,42,20,543,0,209,138,8,355,374,316,180,28,898,0,0,0,898
10/23/2021,HNL,HI,AWP,WE,Towers with Radar,362,107,29,22,520,0,171,128,3,302,362,278,157,25,822,0,0,0,822
10/24/2021,HNL,HI,AWP,WE,Towers with Radar,354,94,27,16,491,0,69,79,10,158,354,163,106,26,649,0,0,0,649
10/25/2021,HNL,HI,AWP,WE,Towers with Radar,372,139,19,23,553,0,184,110,9,303,372,323,129,32,856,0,0,0,856
10/26/2021,HNL,HI,AWP,WE,Towers with Radar,362,102,34,76,574,0,168,105,19,292,362,270,139,95,866,0,0,0,866
10/27/2021,HNL,HI,AWP,WE,Towers with Radar,361,101,29,57,548,0,127,162,14,303,361,228,191,71,851,0,0,0,851
10/28/2021,HNL,HI,AWP,WE,Towers with Radar,375,105,25,44,549,0,132,97,9,238,375,237,122,53,787,0,0,0,787
10/29/2021,HNL,HI,AWP,WE,Towers with Radar,374,129,27,31,561,0,187,157,4,348,374,316,184,35,909,0,0,0,909
10/30/2021,HNL,HI,AWP,WE,Towers with Radar,339,78,28,17,462,0,114,158,5,277,339,192,186,22,739,0,0,0,739
10/31/2021,HNL,HI,AWP,WE,Towers with Radar,323,83,24,4,434,0,93,103,2,198,323,176,127,6,632,0,0,0,632
11/01/2021,HNL,HI,AWP,WE,Towers with Radar,358,125,18,57,558,0,162,71,3,236,358,287,89,60,794,0,0,0,794
11/02/2021,HNL,HI,AWP,WE,Towers with Radar,384,93,35,61,573,0,117,94,18,229,384,210,129,79,802,0,0,0,802
11/03/2021,HNL,HI,AWP,WE,Towers with Radar,382,131,28,44,585,0,104,86,28,218,382,235,114,72,803,0,0,0,803
11/04/2021,HNL,HI,AWP,WE,Towers with Radar,393,108,19,64,584,0,181,133,10,324,393,289,152,74,908,0,0,0,908
11/05/2021,HNL,HI,AWP,WE,Towers with Radar,380,108,21,37,546,0,192,118,12,322,380,300,139,49,868,0,0,0,868
11/06/2021,HNL,HI,AWP,WE,Towers with Radar,361,63,19,41,484,0,99,93,3,195,361,162,112,44,679,0,0,0,679
11/07/2021,HNL,HI,AWP,WE,Towers with Radar,343,108,32,29,512,0,88,105,0,193,343,196,137,29,705,0,0,0,705
11/08/2021,HNL,HI,AWP,WE,Towers with Radar,378,154,32,13,577,0,138,145,4,287,378,292,177,17,864,0,0,0,864
11/09/2021,HNL,HI,AWP,WE,Towers with Radar,356,110,24,71,561,0,190,129,12,331,356,300,153,83,892,0,0,0,892
11/10/2021,HNL,HI,AWP,WE,Towers with Radar,380,113,26,45,564,0,167,130,4,301,380,280,156,49,865,0,0,0,865
11/11/2021,HNL,HI,AWP,WE,Towers with Radar,391,105,25,17,538,0,183,163,0,346,391,288,188,17,884,0,0,0,884
11/12/2021,HNL,HI,AWP,WE,Towers with Radar,413,115,27,20,575,0,219,162,0,381,413,334,189,20,956,0,0,0,956
11/13/2021,HNL,HI,AWP,WE,Towers with Radar,359,82,41,20,502,0,149,158,5,312,359,231,199,25,814,0,0,0,814
11/14/2021,HNL,HI,AWP,WE,Towers with Radar,360,93,25,6,484,0,85,52,3,140,360,178,77,9,624,0,0,0,624
11/15/2021,HNL,HI,AWP,WE,Towers with Radar,381,128,26,60,595,0,150,126,1,277,381,278,152,61,872,0,0,0,872
11/16/2021,HNL,HI,AWP,WE,Towers with Radar,375,118,35,44,572,0,96,100,4,200,375,214,135,48,772,0,0,0,772
11/17/2021,HNL,HI,AWP,WE,Towers with Radar,377,102,26,44,549,0,116,87,4,207,377,218,113,48,756,0,0,0,756
11/18/2021,HNL,HI,AWP,WE,Towers with Radar,401,107,31,37,576,0,152,203,4,359,401,259,234,41,935,0,0,0,935
11/19/2021,HNL,HI,AWP,WE,Towers with Radar,407,115,45,33,600,0,146,182,5,333,407,261,227,38,933,0,0,0,933
11/20/2021,HNL,HI,AWP,WE,Towers with Radar,384,87,34,14,519,0,153,166,3,322,384,240,200,17,841,0,0,0,841
11/21/2021,HNL,HI,AWP,WE,Towers with Radar,347,88,33,15,483,0,110,124,1,235,347,198,157,16,718,0,0,0,718
11/22/2021,HNL,HI,AWP,WE,Towers with Radar,398,133,26,40,597,0,127,100,12,239,398,260,126,52,836,0,0,0,836
11/23/2021,HNL,HI,AWP,WE,Towers with Radar,397,116,27,35,575,0,177,180,9,366,397,293,207,44,941,0,0,0,941
11/24/2021,HNL,HI,AWP,WE,Towers with Radar,403,119,27,20,569,0,206,137,4,347,403,325,164,24,916,0,0,0,916
11/25/2021,HNL,HI,AWP,WE,Towers with Radar,344,48,10,1,403,0,102,77,4,183,344,150,87,5,586,0,0,0,586
11/26/2021,HNL,HI,AWP,WE,Towers with Radar,386,101,16,3,506,0,151,121,2,274,386,252,137,5,780,0,0,0,780
11/27/2021,HNL,HI,AWP,WE,Towers with Radar,374,105,26,3,508,0,130,154,0,284,374,235,180,3,792,0,0,0,792
11/28/2021,HNL,HI,AWP,WE,Towers with Radar,374,102,30,13,519,0,98,109,4,211,374,200,139,17,730,0,0,0,730
11/29/2021,HNL,HI,AWP,WE,Towers with Radar,383,146,29,51,609,0,137,88,2,227,383,283,117,53,836,0,0,0,836
11/30/2021,HNL,HI,AWP,WE,Towers with Radar,387,99,23,23,532,0,128,119,7,254,387,227,142,30,786,0,0,0,786
12/01/2021,HNL,HI,AWP,WE,Towers with Radar,389,129,29,32,579,0,140,120,4,264,389,269,149,36,843,0,0,0,843
12/02/2021,HNL,HI,AWP,WE,Towers with Radar,395,118,16,43,572,0,110,135,8,253,395,228,151,51,825,0,0,0,825
12/03/2021,HNL,HI,AWP,WE,Towers with Radar,412,151,24,30,617,0,50,27,3,80,412,201,51,33,697,0,0,0,697
12/04/2021,HNL,HI,AWP,WE,Towers with Radar,366,116,23,23,528,2,120,87,4,213,368,236,110,27,741,0,0,0,741
12/05/2021,HNL,HI,AWP,WE,Towers with Radar,345,84,26,16,471,0,3,24,0,27,345,87,50,16,498,0,0,0,498
12/06/2021,HNL,HI,AWP,WE,Towers with Radar,402,111,11,12,536,0,14,10,0,24,402,125,21,12,560,0,0,0,560
12/07/2021,HNL,HI,AWP,WE,Towers with Radar,369,127,15,36,547,0,61,20,3,84,369,188,35,39,631,0,0,0,631
12/08/2021,HNL,HI,AWP,WE,Towers with Radar,403,137,37,85,662,0,180,110,6,296,403,317,147,91,958,0,0,0,958
12/09/2021,HNL,HI,AWP,WE,Towers with Radar,435,127,31,58,651,0,219,168,5,392,435,346,199,63,1043,0,0,0,1043
12/10/2021,HNL,HI,AWP,WE,Towers with Radar,421,148,27,30,626,0,149,132,6,287,421,297,159,36,913,0,0,0,913
12/11/2021,HNL,HI,AWP,WE,Towers with Radar,400,103,13,27,543,0,160,154,1,315,400,263,167,28,858,0,0,0,858
12/12/2021,HNL,HI,AWP,WE,Towers with Radar,340,97,31,12,480,0,98,119,1,218,340,195,150,13,698,0,0,0,698
12/13/2021,HNL,HI,AWP,WE,Towers with Radar,378,114,27,63,582,0,134,106,5,245,378,248,133,68,827,0,0,0,827
12/14/2021,HNL,HI,AWP,WE,Towers with Radar,403,103,38,62,606,0,119,112,5,236,403,222,150,67,842,0,0,0,842
12/15/2021,HNL,HI,AWP,WE,Towers with Radar,381,106,15,68,570,0,132,127,8,267,381,238,142,76,837,0,0,0,837
12/16/2021,HNL,HI,AWP,WE,Towers with Radar,437,123,20,52,632,0,123,109,14,246,437,246,129,66,878,0,0,0,878
12/17/2021,HNL,HI,AWP,WE,Towers with Radar,451,130,33,36,650,0,148,123,3,274,451,278,156,39,924,0,0,0,924
12/18/2021,HNL,HI,AWP,WE,Towers with Radar,411,100,32,16,559,0,136,148,2,286,411,236,180,18,845,0,0,0,845
12/19/2021,HNL,HI,AWP,WE,Towers with Radar,408,91,21,13,533,0,80,81,3,164,408,171,102,16,697,0,0,0,697
12/20/2021,HNL,HI,AWP,WE,Towers with Radar,464,119,39,21,643,0,131,128,2,261,464,250,167,23,904,0,0,0,904
12/21/2021,HNL,HI,AWP,WE,Towers with Radar,419,115,24,37,595,0,152,82,9,243,419,267,106,46,838,0,0,0,838
12/22/2021,HNL,HI,AWP,WE,Towers with Radar,439,128,25,34,626,0,154,71,2,227,439,282,96,36,853,0,0,0,853
12/23/2021,HNL,HI,AWP,WE,Towers with Radar,469,118,30,9,626,0,216,118,1,335,469,334,148,10,961,0,0,0,961
12/24/2021,HNL,HI,AWP,WE,Towers with Radar,445,114,14,4,577,0,227,108,1,336,445,341,122,5,913,0,0,0,913
12/25/2021,HNL,HI,AWP,WE,Towers with Radar,377,54,17,10,458,0,133,41,0,174,377,187,58,10,632,0,0,0,632
12/26/2021,HNL,HI,AWP,WE,Towers with Radar,389,104,30,6,529,0,135,88,0,223,389,239,118,6,752,0,0,0,752
12/27/2021,HNL,HI,AWP,WE,Towers with Radar,421,108,25,10,564,0,231,124,1,356,421,339,149,11,920,0,0,0,920
12/28/2021,HNL,HI,AWP,WE,Towers with Radar,431,100,26,24,581,0,197,124,3,324,431,297,150,27,905,0,0,0,905
12/29/2021,HNL,HI,AWP,WE,Towers with Radar,401,110,25,19,555,0,216,142,2,360,401,326,167,21,915,0,0,0,915
12/30/2021,HNL,HI,AWP,WE,Towers with Radar,416,118,19,26,579,0,144,72,1,217,416,262,91,27,796,0,0,0,796
12/31/2021,HNL,HI,AWP,WE,Towers with Radar,414,120,17,9,560,0,83,14,0,97,414,203,31,9,657,0,0,0,657
01/01/2022,HNL,HI,AWP,WE,Towers with Radar,399,106,24,6,535,0,4,1,0,5,399,110,25,6,540,0,0,0,540
01/02/2022,HNL,HI,AWP,WE,Towers with Radar,377,113,25,8,523,0,52,9,0,61,377,165,34,8,584,0,0,0,584
01/03/2022,HNL,HI,AWP,WE,Towers with Radar,416,120,28,11,575,0,82,45,0,127,416,202,73,11,702,0,0,0,702
01/04/2022,HNL,HI,AWP,WE,Towers with Radar,387,111,33,45,576,0,132,74,5,211,387,243,107,50,787,0,0,0,787
01/05/2022,HNL,HI,AWP,WE,Towers with Radar,401,89,20,62,572,0,176,141,10,327,401,265,161,72,899,0,0,0,899
01/06/2022,HNL,HI,AWP,WE,Towers with Radar,387,117,33,39,576,0,192,120,10,322,387,309,153,49,898,0,0,0,898
01/07/2022,HNL,HI,AWP,WE,Towers with Radar,416,84,31,25,556,0,146,107,8,261,416,230,138,33,817,0,0,0,817
01/08/2022,HNL,HI,AWP,WE,Towers with Radar,373,65,35,57,530,0,130,164,8,302,373,195,199,65,832,0,0,0,832
01/09/2022,HNL,HI,AWP,WE,Towers with Radar,368,102,18,15,503,0,112,157,5,274,368,214,175,20,777,0,0,0,777
01/10/2022,HNL,HI,AWP,WE,Towers with Radar,380,115,36,18,549,0,102,125,6,233,380,217,161,24,782,0,0,0,782
01/11/2022,HNL,HI,AWP,WE,Towers with Radar,356,84,31,67,538,0,116,130,11,257,356,200,161,78,795,0,0,0,795
01/12/2022,HNL,HI,AWP,WE,Towers with Radar,362,114,36,67,579,0,145,108,13,266,362,259,144,80,845,0,0,0,845
01/13/2022,HNL,HI,AWP,WE,Towers with Radar,374,97,23,66,560,0,141,128,7,276,374,238,151,73,836,0,0,0,836
01/14/2022,HNL,HI,AWP,WE,Towers with Radar,407,116,24,32,579,0,161,133,6,300,407,277,157,38,879,0,0,0,879
01/15/2022,HNL,HI,AWP,WE,Towers with Radar,348,85,22,18,473,0,142,146,1,289,348,227,168,19,762,0,0,0,762
01/16/2022,HNL,HI,AWP,WE,Towers with Radar,324,63,11,12,410,0,112,127,2,241,324,175,138,14,651,0,0,0,651
01/17/2022,HNL,HI,AWP,WE,Towers with Radar,356,100,18,9,483,0,160,165,0,325,356,260,183,9,808,0,0,0,808
01/18/2022,HNL,HI,AWP,WE,Towers with Radar,367,84,26,64,541,0,116,102,20,238,367,200,128,84,779,0,0,0,779
01/19/2022,HNL,HI,AWP,WE,Towers with Radar,359,109,12,60,540,0,171,124,6,301,359,280,136,66,841,0,0,0,841
01/20/2022,HNL,HI,AWP,WE,Towers with Radar,413,109,29,62,613,0,160,132,6,298,413,269,161,68,911,0,0,0,911
01/21/2022,HNL,HI,AWP,WE,Towers with Radar,378,111,18,45,552,0,123,121,6,250,378,234,139,51,802,0,0,0,802
01/22/2022,HNL,HI,AWP,WE,Towers with Radar,335,71,23,18,447,0,142,129,0,271,335,213,152,18,718,0,0,0,718
01/23/2022,HNL,HI,AWP,WE,Towers with Radar,317,71,22,17,427,0,110,134,6,250,317,181,156,23,677,0,0,0,677
01/24/2022,HNL,HI,AWP,WE,Towers with Radar,359,100,15,26,500,0,117,110,4,231,359,217,125,30,731,0,0,0,731
01/25/2022,HNL,HI,AWP,WE,Towers with Radar,354,100,25,63,542,0,124,133,14,271,354,224,158,77,813,0,0,0,813
01/26/2022,HNL,HI,AWP,WE,Towers with Radar,363,107,33,53,556,0,118,136,16,270,363,225,169,69,826,0,0,0,826
01/27/2022,HNL,HI,AWP,WE,Towers with Radar,410,113,34,57,614,0,115,115,19,249,410,228,149,76,863,0,0,0,863
01/28/2022,HNL,HI,AWP,WE,Towers with Radar,357,98,35,36,526,0,140,115,5,260,357,238,150,41,786,0,0,0,786
01/29/2022,HNL,HI,AWP,WE,Towers with Radar,336,71,22,22,451,0,147,147,2,296,336,218,169,24,747,0,0,0,747
01/30/2022,HNL,HI,AWP,WE,Towers with Radar,334,75,22,20,451,0,80,86,0,166,334,155,108,20,617,0,0,0,617
01/31/2022,HNL,HI,AWP,WE,Towers with Radar,345,109,23,57,534,0,96,90,2,188,345,205,113,59,722,0,0,0,722
02/01/2022,HNL,HI,AWP,WE,Towers with Radar,365,80,23,44,512,0,119,123,11,253,365,199,146,55,765,0,0,0,765
02/02/2022,HNL,HI,AWP,WE,Towers with Radar,356,101,18,45,520,0,109,101,4,214,356,210,119,49,734,0,0,0,734
02/03/2022,HNL,HI,AWP,WE,Towers with Radar,360,91,29,49,529,0,161,113,11,285,360,252,142,60,814,0,0,0,814
02/04/2022,HNL,HI,AWP,WE,Towers with Radar,376,88,28,40,532,0,155,129,7,291,376,243,157,47,823,0,0,0,823
02/05/2022,HNL,HI,AWP,WE,Towers with Radar,341,98,33,37,509,0,125,126,5,256,341,223,159,42,765,0,0,0,765
02/06/2022,HNL,HI,AWP,WE,Towers with Radar,345,74,19,22,460,0,94,104,2,200,345,168,123,24,660,0,0,0,660
02/07/2022,HNL,HI,AWP,WE,Towers with Radar,367,106,15,12,500,0,117,142,5,264,367,223,157,17,764,0,0,0,764
02/08/2022,HNL,HI,AWP,WE,Towers with Radar,356,79,18,63,516,0,155,109,22,286,356,234,127,85,802,0,0,0,802
02/09/2022,HNL,HI,AWP,WE,Towers with Radar,367,102,20,65,554,0,179,115,15,309,367,281,135,80,863,0,0,0,863
02/10/2022,HNL,HI,AWP,WE,Towers with Radar,375,89,21,43,528,0,206,118,9,333,375,295,139,52,861,0,0,0,861
02/11/2022,HNL,HI,AWP,WE,Towers with Radar,383,99,21,27,530,0,153,133,7,293,383,252,154,34,823,0,0,0,823
02/12/2022,HNL,HI,AWP,WE,Towers with Radar,354,87,18,20,479,0,131,111,11,253,354,218,129,31,732,0,0,0,732
02/13/2022,HNL,HI,AWP,WE,Towers with Radar,353,76,22,6,457,0,153,129,2,284,353,229,151,8,741,0,0,0,741
02/14/2022,HNL,HI,AWP,WE,Towers with Radar,356,109,23,9,497,0,187,100,3,290,356,296,123,12,787,0,0,0,787
02/15/2022,HNL,HI,AWP,WE,Towers with Radar,364,115,13,44,536,0,187,85,13,285,364,302,98,57,821,0,0,0,821
02/16/2022,HNL,HI,AWP,WE,Towers with Radar,366,115,19,48,548,0,181,147,5,333,366,296,166,53,881,0,0,0,881
02/17/2022,HNL,HI,AWP,WE,Towers with Radar,382,104,25,38,549,0,185,121,16,322,382,289,146,54,871,0,0,0,871
02/18/2022,HNL,HI,AWP,WE,Towers with Radar,396,118,29,19,562,0,189,163,7,359,396,307,192,26,921,0,0,0,921
02/19/2022,HNL,HI,AWP,WE,Towers with Radar,339,89,19,18,465,0,174,134,7,315,339,263,153,25,780,0,0,0,780
02/20/2022,HNL,HI,AWP,WE,Towers with Radar,343,78,26,19,466,0,149,117,7,273,343,227,143,26,739,0,0,0,739
02/21/2022,HNL,HI,AWP,WE,Towers with Radar,358,116,20,20,514,0,157,122,7,286,358,273,142,27,800,0,0,0,800
02/22/2022,HNL,HI,AWP,WE,Towers with Radar,373,98,20,41,532,0,161,136,9,306,373,259,156,50,838,0,0,0,838
02/23/2022,HNL,HI,AWP,WE,Towers with Radar,360,112,23,47,542,0,168,147,13,328,360,280,170,60,870,0,0,0,870
02/24/2022,HNL,HI,AWP,WE,Towers with Radar,397,102,24,79,602,0,177,124,13,314,397,279,148,92,916,0,0,0,916
02/25/2022,HNL,HI,AWP,WE,Towers with Radar,399,125,29,43,596,0,187,106,8,301,399,312,135,51,897,0,0,0,897
02/26/2022,HNL,HI,AWP,WE,Towers with Radar,346,103,23,25,497,0,122,117,0,239,346,225,140,25,736,0,0,0,736
02/27/2022,HNL,HI,AWP,WE,Towers with Radar,350,79,28,11,468,0,84,104,3,191,350,163,132,14,659,0,0,0,659
02/28/2022,HNL,HI,AWP,WE,Towers with Radar,365,133,19,59,576,0,148,123,1,272,365,281,142,60,848,0,0,0,848
03/01/2022,HNL,HI,AWP,WE,Towers with Radar,361,106,26,65,558,0,175,172,14,361,361,281,198,79,919,0,0,0,919
03/02/2022,HNL,HI,AWP,WE,Towers with Radar,387,97,26,58,568,0,135,154,5,294,387,232,180,63,862,0,0,0,862
03/03/2022,HNL,HI,AWP,WE,Towers with Radar,400,104,25,68,597,0,120,105,16,241,400,224,130,84,838,0,0,0,838
03/04/2022,HNL,HI,AWP,WE,Towers with Radar,389,124,15,52,580,0,170,125,2,297,389,294,140,54,877,0,0,0,877
03/05/2022,HNL,HI,AWP,WE,Towers with Radar,359,92,10,57,518,0,109,123,14,246,359,201,133,71,764,0,0,0,764
03/06/2022,HNL,HI,AWP,WE,Towers with Radar,359,76,18,18,471,0,156,129,5,290,359,232,147,23,761,0,0,0,761
03/07/2022,HNL,HI,AWP,WE,Towers with Radar,383,125,18,20,546,0,133,44,4,181,383,258,62,24,727,0,0,0,727
03/08/2022,HNL,HI,AWP,WE,Towers with Radar,384,94,18,53,549,0,162,158,9,329,384,256,176,62,878,0,0,0,878
03/09/2022,HNL,HI,AWP,WE,Towers with Radar,372,110,25,46,553,0,136,91,12,239,372,246,116,58,792,0,0,0,792
03/10/2022,HNL,HI,AWP,WE,Towers with Radar,392,104,30,44,570,0,186,122,19,327,392,290,152,63,897,0,0,0,897
03/11/2022,HNL,HI,AWP,WE,Towers with Radar,385,108,21,22,536,0,160,145,3,308,385,268,166,25,844,0,0,0,844
03/12/2022,HNL,HI,AWP,WE,Towers with Radar,356,96,27,40,519,0,128,117,0,245,356,224,144,40,764,0,0,0,764
03/13/2022,HNL,HI,AWP,WE,Towers with Radar,390,74,21,12,497,0,110,99,2,211,390,184,120,14,708,0,0,0,708
03/14/2022,HNL,HI,AWP,WE,Towers with Radar,418,133,19,17,587,0,204,155,19,378,418,337,174,36,965,0,0,0,965
03/15/2022,HNL,HI,AWP,WE,Towers with Radar,392,96,25,40,553,0,223,133,5,361,392,319,158,45,914,0,0,0,914
03/16/2022,HNL,HI,AWP,WE,Towers with Radar,410,118,40,38,606,0,220,125,15,360,410,338,165,53,966,0,0,0,966
03/17/2022,HNL,HI,AWP,WE,Towers with Radar,417,109,33,47,606,0,215,155,9,379,417,324,188,56,985,0,0,0,985
03/18/2022,HNL,HI,AWP,WE,Towers with Radar,415,122,37,25,599,0,186,134,7,327,415,308,171,32,926,0,0,0,926
03/19/2022,HNL,HI,AWP,WE,Towers with Radar,381,101,26,22,530,0,160,130,6,296,381,261,156,28,826,0,0,0,826
03/20/2022,HNL,HI,AWP,WE,Towers with Radar,375,130,26,15,546,0,76,82,1,159,375,206,108,16,705,0,0,0,705
03/21/2022,HNL,HI,AWP,WE,Towers with Radar,423,133,28,41,625,0,165,97,5,267,423,298,125,46,892,0,0,0,892
03/22/2022,HNL,HI,AWP,WE,Towers with Radar,402,96,22,43,563,0,194,104,13,311,402,290,126,56,874,0,0,0,874
03/23/2022,HNL,HI,AWP,WE,Towers with Radar,402,106,28,54,590,0,192,71,12,275,402,298,99,66,865,0,0,0,865
03/24/2022,HNL,HI,AWP,WE,Towers with Radar,428,121,20,28,597,0,194,78,2,274,428,315,98,30,871,0,0,0,871
03/25/2022,HNL,HI,AWP,WE,Towers with Radar,419,167,30,8,624,0,78,38,1,117,419,245,68,9,741,7,0,7,748
03/26/2022,HNL,HI,AWP,WE,Towers with Radar,393,116,31,14,554,0,124,116,7,247,393,240,147,21,801,0,0,0,801
03/27/2022,HNL,HI,AWP,WE,Towers with Radar,391,91,32,24,538,0,145,102,0,247,391,236,134,24,785,0,0,0,785
03/28/2022,HNL,HI,AWP,WE,Towers with Radar,409,127,17,20,573,0,184,142,11,337,409,311,159,31,910,0,0,0,910
03/29/2022,HNL,HI,AWP,WE,Towers with Radar,390,99,14,45,548,0,187,131,7,325,390,286,145,52,873,0,0,0,873
03/30/2022,HNL,HI,AWP,WE,Towers with Radar,400,122,36,51,609,0,223,137,13,373,400,345,173,64,982,0,0,0,982
03/31/2022,HNL,HI,AWP,WE,Towers with Radar,434,88,33,43,598,0,224,86,7,317,434,312,119,50,915,0,0,0,915
04/01/2022,HNL,HI,AWP,WE,Towers with Radar,431,131,28,31,621,0,143,99,2,244,431,274,127,33,865,0,0,0,865
04/02/2022,HNL,HI,AWP,WE,Towers with Radar,407,108,24,17,556,0,116,67,21,204,407,224,91,38,760,0,0,0,760
04/03/2022,HNL,HI,AWP,WE,Towers with Radar,376,109,29,29,543,0,111,50,2,163,376,220,79,31,706,0,0,0,706
04/04/2022,HNL,HI,AWP,WE,Towers with Radar,410,150,19,48,627,0,149,104,4,257,410,299,123,52,884,0,0,0,884
04/05/2022,HNL,HI,AWP,WE,Towers with Radar,377,113,24,67,581,0,193,181,14,388,377,306,205,81,969,0,0,0,969
04/06/2022,HNL,HI,AWP,WE,Towers with Radar,400,104,26,50,580,0,201,174,13,388,400,305,200,63,968,0,0,0,968
04/07/2022,HNL,HI,AWP,WE,Towers with Radar,408,100,40,51,599,3,180,124,10,317,411,280,164,61,916,0,0,0,916
04/08/2022,HNL,HI,AWP,WE,Towers with Radar,397,148,15,46,606,0,183,124,5,312,397,331,139,51,918,0,0,0,918
04/09/2022,HNL,HI,AWP,WE,Towers with Radar,375,109,22,53,559,0,154,145,4,303,375,263,167,57,862,0,0,0,862
04/10/2022,HNL,HI,AWP,WE,Towers with Radar,376,76,15,18,485,0,135,124,3,262,376,211,139,21,747,0,0,0,747
04/11/2022,HNL,HI,AWP,WE,Towers with Radar,416,136,16,17,585,0,221,153,7,381,416,357,169,24,966,0,0,0,966
04/12/2022,HNL,HI,AWP,WE,Towers with Radar,377,115,23,50,565,0,203,191,26,420,377,318,214,76,985,0,0,0,985
04/13/2022,HNL,HI,AWP,WE,Towers with Radar,393,100,31,51,575,0,231,109,13,353,393,331,140,64,928,0,0,0,928
04/14/2022,HNL,HI,AWP,WE,Towers with Radar,402,122,21,51,596,0,226,105,11,342,402,348,126,62,938,0,0,0,938
04/15/2022,HNL,HI,AWP,WE,Towers with Radar,390,134,20,28,572,0,196,132,4,332,390,330,152,32,904,0,0,0,904
04/16/2022,HNL,HI,AWP,WE,Towers with Radar,361,116,26,22,525,0,120,70,0,190,361,236,96,22,715,0,0,0,715
04/17/2022,HNL,HI,AWP,WE,Towers with Radar,373,68,21,22,484,0,151,122,0,273,373,219,143,22,757,0,0,0,757
04/18/2022,HNL,HI,AWP,WE,Towers with Radar,406,115,19,38,578,0,229,152,7,388,406,344,171,45,966,0,0,0,966
04/19/2022,HNL,HI,AWP,WE,Towers with Radar,382,93,25,48,548,0,201,93,9,303,382,294,118,57,851,0,0,0,851
04/20/2022,HNL,HI,AWP,WE,Towers with Radar,402,124,46,50,622,0,148,91,5,244,402,272,137,55,866,0,0,0,866
04/21/2022,HNL,HI,AWP,WE,Towers with Radar,426,112,27,52,617,0,201,105,15,321,426,313,132,67,938,0,0,0,938
04/22/2022,HNL,HI,AWP,WE,Towers with Radar,402,127,40,16,585,0,178,96,7,281,402,305,136,23,866,0,0,0,866
04/23/2022,HNL,HI,AWP,WE,Towers with Radar,368,108,32,15,523,0,127,107,3,237,368,235,139,18,760,0,0,0,760
04/24/2022,HNL,HI,AWP,WE,Towers with Radar,368,101,23,11,503,0,174,151,6,331,368,275,174,17,834,0,0,0,834
04/25/2022,HNL,HI,AWP,WE,Towers with Radar,386,119,19,13,537,0,164,114,4,282,386,283,133,17,819,0,0,0,819
04/26/2022,HNL,HI,AWP,WE,Towers with Radar,384,104,21,46,555,0,164,126,17,307,384,268,147,63,862,0,0,0,862
04/27/2022,HNL,HI,AWP,WE,Towers with Radar,374,117,27,48,566,0,186,111,16,313,374,303,138,64,879,0,0,0,879
04/28/2022,HNL,HI,AWP,WE,Towers with Radar,412,126,20,52,610,0,199,117,11,327,412,325,137,63,937,0,0,0,937
04/29/2022,HNL,HI,AWP,WE,Towers with Radar,412,129,34,23,598,0,185,140,5,330,412,314,174,28,928,0,0,0,928
04/30/2022,HNL,HI,AWP,WE,Towers with Radar,369,87,33,10,499,0,166,147,4,317,369,253,180,14,816,0,0,0,816
05/01/2022,HNL,HI,AWP,WE,Towers with Radar,365,104,20,12,501,0,88,64,0,152,365,192,84,12,653,0,0,0,653
05/02/2022,HNL,HI,AWP,WE,Towers with Radar,405,164,27,41,637,0,167,127,4,298,405,331,154,45,935,0,0,0,935
05/03/2022,HNL,HI,AWP,WE,Towers with Radar,376,106,19,44,545,0,131,114,10,255,376,237,133,54,800,0,0,0,800
05/04/2022,HNL,HI,AWP,WE,Towers with Radar,388,117,21,51,577,0,164,139,10,313,388,281,160,61,890,0,0,0,890
05/05/2022,HNL,HI,AWP,WE,Towers with Radar,388,123,23,45,579,0,159,100,21,280,388,282,123,66,859,0,0,0,859
05/06/2022,HNL,HI,AWP,WE,Towers with Radar,390,151,19,36,596,0,147,87,6,240,390,298,106,42,836,0,0,0,836
05/07/2022,HNL,HI,AWP,WE,Towers with Radar,349,99,29,21,498,0,134,123,1,258,349,233,152,22,756,0,0,0,756
05/08/2022,HNL,HI,AWP,WE,Towers with Radar,372,78,23,23,496,0,121,87,2,210,372,199,110,25,706,0,0,0,706
05/09/2022,HNL,HI,AWP,WE,Towers with Radar,389,116,19,66,590,0,193,149,12,354,389,309,168,78,944,0,0,0,944
05/10/2022,HNL,HI,AWP,WE,Towers with Radar,372,111,13,50,546,0,183,215,11,409,372,294,228,61,955,0,0,0,955
05/11/2022,HNL,HI,AWP,WE,Towers with Radar,379,119,45,61,604,0,173,126,24,323,379,292,171,85,927,0,0,0,927
05/12/2022,HNL,HI,AWP,WE,Towers with Radar,413,94,16,51,574,0,201,117,10,328,413,295,133,61,902,0,0,0,902
05/13/2022,HNL,HI,AWP,WE,Towers with Radar,409,107,23,61,600,0,217,158,15,390,409,324,181,76,990,0,0,0,990
05/14/2022,HNL,HI,AWP,WE,Towers with Radar,379,65,21,75,540,0,165,151,4,320,379,230,172,79,860,0,0,0,860
05/15/2022,HNL,HI,AWP,WE,Towers with Radar,358,102,20,33,513,0,145,72,4,221,358,247,92,37,734,0,0,0,734
05/16/2022,HNL,HI,AWP,WE,Towers with Radar,401,164,20,33,618,0,173,115,10,298,401,337,135,43,916,0,0,0,916
05/17/2022,HNL,HI,AWP,WE,Towers with Radar,381,108,19,65,573,0,207,121,8,336,381,315,140,73,909,0,0,0,909
05/18/2022,HNL,HI,AWP,WE,Towers with Radar,376,133,28,46,583,0,146,32,6,184,376,279,60,52,767,0,0,0,767
05/19/2022,HNL,HI,AWP,WE,Towers with Radar,413,162,21,50,646,0,156,85,9,250,413,318,106,59,896,0,0,0,896
05/20/2022,HNL,HI,AWP,WE,Towers with Radar,511,163,25,22,721,0,49,29,3,81,511,212,54,25,802,0,0,0,802
05/21/2022,HNL,HI,AWP,WE,Towers with Radar,404,86,25,22,537,0,259,150,9,418,404,345,175,31,955,0,0,0,955
05/22/2022,HNL,HI,AWP,WE,Towers with Radar,365,87,18,17,487,0,188,172,0,360,365,275,190,17,847,0,0,0,847
05/23/2022,HNL,HI,AWP,WE,Towers with Radar,392,109,22,46,569,0,274,191,6,471,392,383,213,52,1040,12,0,12,1052
05/24/2022,HNL,HI,AWP,WE,Towers with Radar,358,82,21,48,509,0,202,126,12,340,358,284,147,60,849,0,0,0,849
05/25/2022,HNL,HI,AWP,WE,Towers with Radar,391,108,25,51,575,0,248,104,17,369,391,356,129,68,944,0,0,0,944
05/26/2022,HNL,HI,AWP,WE,Towers with Radar,416,105,17,54,592,0,244,127,2,373,416,349,144,56,965,0,0,0,965
05/27/2022,HNL,HI,AWP,WE,Towers with Radar,417,134,21,28,600,0,258,169,3,430,417,392,190,31,1030,0,0,0,1030
05/28/2022,HNL,HI,AWP,WE,Towers with Radar,373,108,29,20,530,0,163,139,3,305,373,271,168,23,835,0,0,0,835
05/29/2022,HNL,HI,AWP,WE,Towers with Radar,356,99,13,39,507,0,70,60,3,133,356,169,73,42,640,0,0,0,640
05/30/2022,HNL,HI,AWP,WE,Towers with Radar,387,91,18,26,522,0,239,146,3,388,387,330,164,29,910,0,0,0,910
05/31/2022,HNL,HI,AWP,WE,Towers with Radar,393,113,21,70,597,0,221,121,6,348,393,334,142,76,945,0,0,0,945
06/01/2022,HNL,HI,AWP,WE,Towers with Radar,410,113,24,40,587,0,186,105,12,303,410,299,129,52,890,0,0,0,890
06/02/2022,HNL,HI,AWP,WE,Towers with Radar,395,120,26,41,582,0,182,113,6,301,395,302,139,47,883,0,0,0,883
06/03/2022,HNL,HI,AWP,WE,Towers with Radar,410,106,39,58,613,0,224,150,0,374,410,330,189,58,987,0,0,0,987
06/04/2022,HNL,HI,AWP,WE,Towers with Radar,367,99,14,39,519,0,212,130,3,345,367,311,144,42,864,0,0,0,864
06/05/2022,HNL,HI,AWP,WE,Towers with Radar,380,93,13,31,517,0,153,105,10,268,380,246,118,41,785,0,0,0,785
06/06/2022,HNL,HI,AWP,WE,Towers with Radar,399,95,27,47,568,0,236,133,9,378,399,331,160,56,946,0,0,0,946
06/07/2022,HNL,HI,AWP,WE,Towers with Radar,395,93,21,55,564,0,190,119,13,322,395,283,140,68,886,0,0,0,886
06/08/2022,HNL,HI,AWP,WE,Towers with Radar,393,91,17,33,534,0,203,137,26,366,393,294,154,59,900,0,0,0,900
06/09/2022,HNL,HI,AWP,WE,Towers with Radar,411,110,19,43,583,0,222,118,14,354,411,332,137,57,937,0,0,0,937
06/10/2022,HNL,HI,AWP,WE,Towers with Radar,411,107,13,23,554,0,234,118,8,360,411,341,131,31,914,0,0,0,914
06/11/2022,HNL,HI,AWP,WE,Towers with Radar,391,77,13,15,496,0,173,128,2,303,391,250,141,17,799,0,0,0,799
06/12/2022,HNL,HI,AWP,WE,Towers with Radar,372,81,19,19,491,0,165,126,8,299,372,246,145,27,790,0,0,0,790
06/13/2022,HNL,HI,AWP,WE,Towers with Radar,425,131,27,25,608,0,192,119,13,324,425,323,146,38,932,0,0,0,932
06/14/2022,HNL,HI,AWP,WE,Towers with Radar,385,117,19,57,578,0,159,119,15,293,385,276,138,72,871,0,0,0,871
06/15/2022,HNL,HI,AWP,WE,Towers with Radar,403,135,26,22,586,0,155,91,18,264,403,290,117,40,850,0,0,0,850
06/16/2022,HNL,HI,AWP,WE,Towers with Radar,404,136,24,52,616,0,170,110,5,285,404,306,134,57,901,0,0,0,901
06/17/2022,HNL,HI,AWP,WE,Towers with Radar,417,121,25,25,588,0,179,132,1,312,417,300,157,26,900,0,0,0,900
06/18/2022,HNL,HI,AWP,WE,Towers with Radar,382,91,30,20,523,0,176,140,2,318,382,267,170,22,841,0,0,0,841
06/19/2022,HNL,HI,AWP,WE,Towers with Radar,370,76,27,19,492,0,193,102,3,298,370,269,129,22,790,0,0,0,790
06/20/2022,HNL,HI,AWP,WE,Towers with Radar,415,126,17,21,579,0,198,137,6,341,415,324,154,27,920,0,0,0,920
06/21/2022,HNL,HI,AWP,WE,Towers with Radar,391,120,19,48,578,0,238,162,10,410,391,358,181,58,988,0,0,0,988
06/22/2022,HNL,HI,AWP,WE,Towers with Radar,410,104,38,22,574,0,157,137,9,303,410,261,175,31,877,0,0,0,877
06/23/2022,HNL,HI,AWP,WE,Towers with Radar,392,119,19,31,561,0,184,159,9,352,392,303,178,40,913,0,0,0,913
06/24/2022,HNL,HI,AWP,WE,Towers with Radar,407,126,31,27,591,0,220,128,4,352,407,346,159,31,943,0,0,0,943
06/25/2022,HNL,HI,AWP,WE,Towers with Radar,389,95,29,16,529,0,203,125,2,330,389,298,154,18,859,0,0,0,859
06/26/2022,HNL,HI,AWP,WE,Towers with Radar,386,91,23,11,511,0,135,108,6,249,386,226,131,17,760,0,0,0,760
06/27/2022,HNL,HI,AWP,WE,Towers with Radar,407,119,38,20,584,0,191,145,8,344,407,310,183,28,928,0,0,0,928
06/28/2022,HNL,HI,AWP,WE,Towers with Radar,400,106,23,36,565,0,159,137,8,304,400,265,160,44,869,0,0,0,869
06/29/2022,HNL,HI,AWP,WE,Towers with Radar,389,130,27,25,571,0,190,145,10,345,389,320,172,35,916,0,0,0,916
06/30/2022,HNL,HI,AWP,WE,Towers with Radar,418,117,20,39,594,0,231,130,10,371,418,348,150,49,965,0,0,0,965
07/01/2022,HNL,HI,AWP,WE,Towers with Radar,396,135,28,13,572,0,174,87,8,269,396,309,115,21,841,0,0,0,841
07/02/2022,HNL,HI,AWP,WE,Towers with Radar,390,80,16,11,497,0,228,88,3,319,390,308,104,14,816,0,0,0,816
07/03/2022,HNL,HI,AWP,WE,Towers with Radar,383,102,19,12,516,0,116,74,3,193,383,218,93,15,709,0,0,0,709
07/04/2022,HNL,HI,AWP,WE,Towers with Radar,387,102,11,11,511,0,182,83,1,266,387,284,94,12,777,0,0,0,777
07/05/2022,HNL,HI,AWP,WE,Towers with Radar,403,147,14,40,604,0,189,76,7,272,403,336,90,47,876,0,0,0,876
07/06/2022,HNL,HI,AWP,WE,Towers with Radar,403,113,23,49,588,0,229,138,18,385,403,342,161,67,973,0,0,0,973
07/07/2022,HNL,HI,AWP,WE,Towers with Radar,452,117,23,47,639,0,224,133,14,371,452,341,156,61,1010,0,0,0,1010
07/08/2022,HNL,HI,AWP,WE,Towers with Radar,434,163,26,47,670,0,121,96,8,225,434,284,122,55,895,0,0,0,895
07/09/2022,HNL,HI,AWP,WE,Towers with Radar,388,97,19,42,546,0,252,108,5,365,388,349,127,47,911,0,0,0,911
07/10/2022,HNL,HI,AWP,WE,Towers with Radar,398,75,19,27,519,0,178,107,3,288,398,253,126,30,807,0,0,0,807
07/11/2022,HNL,HI,AWP,WE,Towers with Radar,435,131,20,40,626,0,249,125,8,382,435,380,145,48,1008,0,0,0,1008
07/12/2022,HNL,HI,AWP,WE,Towers with Radar,402,132,19,52,605,0,197,140,2,339,402,329,159,54,944,0,0,0,944
07/13/2022,HNL,HI,AWP,WE,Towers with Radar,412,136,20,35,603,0,220,112,20,352,412,356,132,55,955,0,0,0,955
07/14/2022,HNL,HI,AWP,WE,Towers with Radar,434,109,36,46,625,0,153,93,18,264,434,262,129,64,889,0,0,0,889
07/15/2022,HNL,HI,AWP,WE,Towers with Radar,438,125,30,40,633,0,271,134,10,415,438,396,164,50,1048,0,0,0,1048
07/16/2022,HNL,HI,AWP,WE,Towers with Radar,397,87,26,48,558,0,185,81,10,276,397,272,107,58,834,0,0,0,834
07/17/2022,HNL,HI,AWP,WE,Towers with Radar,408,90,17,41,556,0,184,82,10,276,408,274,99,51,832,0,0,0,832
07/18/2022,HNL,HI,AWP,WE,Towers with Radar,435,137,21,56,649,0,256,74,8,338,435,393,95,64,987,0,0,0,987
07/19/2022,HNL,HI,AWP,WE,Towers with Radar,392,124,15,69,600,0,204,153,7,364,392,328,168,76,964,0,0,0,964
07/20/2022,HNL,HI,AWP,WE,Towers with Radar,426,102,27,61,616,0,209,112,21,342,426,311,139,82,958,0,0,0,958
07/21/2022,HNL,HI,AWP,WE,Towers with Radar,445,110,46,62,663,0,215,115,22,352,445,325,161,84,1015,0,0,0,1015
07/22/2022,HNL,HI,AWP,WE,Towers with Radar,437,114,15,39,605,0,245,142,16,403,437,359,157,55,1008,0,0,0,1008
07/23/2022,HNL,HI,AWP,WE,Towers with Radar,393,89,26,56,564,0,167,131,7,305,393,256,157,63,869,0,0,0,869
07/24/2022,HNL,HI,AWP,WE,Towers with Radar,418,75,17,29,539,0,204,138,9,351,418,279,155,38,890,0,0,0,890
07/25/2022,HNL,HI,AWP,WE,Towers with Radar,421,119,18,30,588,0,284,116,9,409,421,403,134,39,997,0,0,0,997
07/26/2022,HNL,HI,AWP,WE,Towers with Radar,409,105,19,79,612,0,180,98,2,280,409,285,117,81,892,0,0,0,892
07/27/2022,HNL,HI,AWP,WE,Towers with Radar,416,108,19,37,580,0,187,160,17,364,416,295,179,54,944,0,0,0,944
07/28/2022,HNL,HI,AWP,WE,Towers with Radar,438,112,18,55,623,0,203,116,12,331,438,315,134,67,954,0,0,0,954
07/29/2022,HNL,HI,AWP,WE,Towers with Radar,434,120,29,48,631,0,239,103,3,345,434,359,132,51,976,0,0,0,976
07/30/2022,HNL,HI,AWP,WE,Towers with Radar,393,104,30,40,567,0,241,101,8,350,393,345,131,48,917,0,0,0,917
07/31/2022,HNL,HI,AWP,WE,Towers with Radar,390,104,33,33,560,0,145,95,2,242,390,249,128,35,802,0,0,0,802
08/01/2022,HNL,HI,AWP,WE,Towers with Radar,420,148,29,59,656,0,183,113,8,304,420,331,142,67,960,0,0,0,960
08/02/2022,HNL,HI,AWP,WE,Towers with Radar,389,123,16,52,580,0,179,121,9,309,389,302,137,61,889,0,0,0,889
08/03/2022,HNL,HI,AWP,WE,Towers with Radar,410,131,19,53,613,0,206,161,10,377,410,337,180,63,990,0,0,0,990
08/04/2022,HNL,HI,AWP,WE,Towers with Radar,435,124,33,60,652,0,238,150,8,396,435,362,183,68,1048,0,0,0,1048
08/05/2022,HNL,HI,AWP,WE,Towers with Radar,431,120,28,47,626,0,246,130,8,384,431,366,158,55,1010,0,0,0,1010
08/06/2022,HNL,HI,AWP,WE,Towers with Radar,395,85,16,73,569,0,230,151,4,385,395,315,167,77,954,0,0,0,954
08/07/2022,HNL,HI,AWP,WE,Towers with Radar,412,77,19,23,531,0,181,133,6,320,412,258,152,29,851,0,0,0,851
08/08/2022,HNL,HI,AWP,WE,Towers with Radar,436,130,33,42,641,0,271,172,9,452,436,401,205,51,1093,0,0,0,1093
08/09/2022,HNL,HI,AWP,WE,Towers with Radar,388,106,21,65,580,0,202,144,19,365,388,308,165,84,945,0,0,0,945
08/10/2022,HNL,HI,AWP,WE,Towers with Radar,424,134,44,43,645,0,196,134,14,344,424,330,178,57,989,0,0,0,989
08/11/2022,HNL,HI,AWP,WE,Towers with Radar,412,125,28,42,607,0,193,122,12,327,412,318,150,54,934,0,0,0,934
08/12/2022,HNL,HI,AWP,WE,Towers with Radar,416,119,30,40,605,0,217,137,14,368,416,336,167,54,973,0,0,0,973
08/13/2022,HNL,HI,AWP,WE,Towers with Radar,384,84,22,52,542,0,208,92,5,305,384,292,114,57,847,0,0,0,847
08/14/2022,HNL,HI,AWP,WE,Towers with Radar,406,92,24,44,566,0,189,103,7,299,406,281,127,51,865,0,0,0,865
08/15/2022,HNL,HI,AWP,WE,Towers with Radar,430,135,37,42,644,0,207,161,8,376,430,342,198,50,1020,0,0,0,1020
08/16/2022,HNL,HI,AWP,WE,Towers with Radar,388,106,26,68,588,0,228,144,6,378,388,334,170,74,966,0,0,0,966
08/17/2022,HNL,HI,AWP,WE,Towers with Radar,405,98,27,28,558,0,204,180,16,400,405,302,207,44,958,0,0,0,958
08/18/2022,HNL,HI,AWP,WE,Towers with Radar,432,111,23,27,593,0,264,157,5,426,432,375,180,32,1019,0,0,0,1019
08/19/2022,HNL,HI,AWP,WE,Towers with Radar,416,92,27,24,559,0,255,155,13,423,416,347,182,37,982,0,0,0,982
08/20/2022,HNL,HI,AWP,WE,Towers with Radar,395,80,21,21,517,0,134,115,8,257,395,214,136,29,774,0,0,0,774
08/21/2022,HNL,HI,AWP,WE,Towers with Radar,400,96,21,16,533,0,205,116,0,321,400,301,137,16,854,0,0,0,854
08/22/2022,HNL,HI,AWP,WE,Towers with Radar,411,143,17,27,598,0,224,127,5,356,411,367,144,32,954,0,0,0,954
08/23/2022,HNL,HI,AWP,WE,Towers with Radar,396,113,29,38,576,0,130,112,13,255,396,243,141,51,831,0,0,0,831
08/24/2022,HNL,HI,AWP,WE,Towers with Radar,400,107,40,40,587,0,275,184,13,472,400,382,224,53,1059,0,0,0,1059
08/25/2022,HNL,HI,AWP,WE,Towers with Radar,437,105,21,33,596,0,216,111,18,345,437,321,132,51,941,0,0,0,941
08/26/2022,HNL,HI,AWP,WE,Towers with Radar,442,120,22,17,601,0,228,152,3,383,442,348,174,20,984,0,0,0,984
08/27/2022,HNL,HI,AWP,WE,Towers with Radar,393,70,29,23,515,0,216,99,1,316,393,286,128,24,831,0,0,0,831
08/28/2022,HNL,HI,AWP,WE,Towers with Radar,411,90,24,10,535,0,211,173,3,387,411,301,197,13,922,0,0,0,922
08/29/2022,HNL,HI,AWP,WE,Towers with Radar,426,118,16,17,577,0,208,129,5,342,426,326,145,22,919,0,0,0,919
08/30/2022,HNL,HI,AWP,WE,Towers with Radar,390,105,27,74,596,0,186,163,12,361,390,291,190,86,957,0,0,0,957
08/31/2022,HNL,HI,AWP,WE,Towers with Radar,414,105,21,40,580,0,189,145,12,346,414,294,166,52,926,0,0,0,926
09/01/2022,HNL,HI,AWP,WE,Towers with Radar,429,131,19,44,623,0,227,138,3,368,429,358,157,47,991,0,0,0,991
09/02/2022,HNL,HI,AWP,WE,Towers with Radar,435,108,30,13,586,0,206,115,1,322,435,314,145,14,908,0,0,0,908
09/03/2022,HNL,HI,AWP,WE,Towers with Radar,392,105,37,7,541,0,144,80,6,230,392,249,117,13,771,0,0,0,771
09/04/2022,HNL,HI,AWP,WE,Towers with Radar,413,63,20,13,509,0,172,140,4,316,413,235,160,17,825,0,0,0,825
09/05/2022,HNL,HI,AWP,WE,Towers with Radar,416,91,13,2,522,0,195,157,0,352,416,286,170,2,874,0,0,0,874
09/06/2022,HNL,HI,AWP,WE,Towers with Radar,374,115,17,39,545,0,198,143,3,344,374,313,160,42,889,0,0,0,889
09/07/2022,HNL,HI,AWP,WE,Towers with Radar,436,106,22,30,594,0,145,199,12,356,436,251,221,42,950,0,0,0,950
09/08/2022,HNL,HI,AWP,WE,Towers with Radar,408,109,23,31,571,0,159,140,10,309,408,268,163,41,880,0,0,0,880
09/09/2022,HNL,HI,AWP,WE,Towers with Radar,423,141,32,23,619,0,108,108,7,223,423,249,140,30,842,0,0,0,842
09/10/2022,HNL,HI,AWP,WE,Towers with Radar,374,79,19,20,492,0,188,128,15,331,374,267,147,35,823,0,0,0,823
09/11/2022,HNL,HI,AWP,WE,Towers with Radar,375,78,32,13,498,0,194,98,22,314,375,272,130,35,812,0,0,0,812
09/12/2022,HNL,HI,AWP,WE,Towers with Radar,401,126,18,19,564,0,197,149,10,356,401,323,167,29,920,0,0,0,920
09/13/2022,HNL,HI,AWP,WE,Towers with Radar,394,101,12,31,538,0,159,150,8,317,394,260,162,39,855,0,0,0,855
09/14/2022,HNL,HI,AWP,WE,Towers with Radar,399,90,14,18,521,0,216,200,10,426,399,306,214,28,947,0,0,0,947
09/15/2022,HNL,HI,AWP,WE,Towers with Radar,431,121,32,49,633,0,226,169,14,409,431,347,201,63,1042,0,0,0,1042
09/16/2022,HNL,HI,AWP,WE,Towers with Radar,412,136,28,23,599,0,155,96,2,253,412,291,124,25,852,0,0,0,852
09/17/2022,HNL,HI,AWP,WE,Towers with Radar,384,81,32,18,515,0,174,131,6,311,384,255,163,24,826,0,0,0,826
09/18/2022,HNL,HI,AWP,WE,Towers with Radar,381,103,16,34,534,0,116,92,1,209,381,219,108,35,743,0,0,0,743
09/19/2022,HNL,HI,AWP,WE,Towers with Radar,395,109,16,36,556,0,154,124,5,283,395,263,140,41,839,0,0,0,839
09/20/2022,HNL,HI,AWP,WE,Towers with Radar,376,97,17,28,518,0,193,159,2,354,376,290,176,30,872,0,0,0,872
09/21/2022,HNL,HI,AWP,WE,Towers with Radar,389,90,20,62,561,0,213,142,7,362,389,303,162,69,923,0,0,0,923
09/22/2022,HNL,HI,AWP,WE,Towers with Radar,433,123,20,48,624,0,187,136,10,333,433,310,156,58,957,0,0,0,957
09/23/2022,HNL,HI,AWP,WE,Towers with Radar,424,128,23,24,599,0,218,168,1,387,424,346,191,25,986,0,0,0,986
09/24/2022,HNL,HI,AWP,WE,Towers with Radar,388,78,41,27,534,0,143,158,6,307,388,221,199,33,841,0,0,0,841
09/25/2022,HNL,HI,AWP,WE,Towers with Radar,384,88,22,10,504,0,105,85,2,192,384,193,107,12,696,0,0,0,696
09/26/2022,HNL,HI,AWP,WE,Towers with Radar,400,103,21,47,571,0,188,123,8,319,400,291,144,55,890,0,0,0,890
09/27/2022,HNL,HI,AWP,WE,Towers with Radar,385,95,40,51,571,0,191,136,8,335,385,286,176,59,906,0,0,0,906
09/28/2022,HNL,HI,AWP,WE,Towers with Radar,388,96,18,45,547,0,228,159,9,396,388,324,177,54,943,0,0,0,943
09/29/2022,HNL,HI,AWP,WE,Towers with Radar,410,115,21,55,601,0,160,142,9,311,410,275,163,64,912,0,0,0,912
09/30/2022,HNL,HI,AWP,WE,Towers with Radar,422,94,29,26,571,0,245,144,12,401,422,339,173,38,972,0,0,0,972
10/01/2022,HNL,HI,AWP,WE,Towers with Radar,392,99,25,62,578,0,176,128,3,307,392,275,153,65,885,0,0,0,885
10/02/2022,HNL,HI,AWP,WE,Towers with Radar,381,107,19,20,527,0,18,12,1,31,381,125,31,21,558,0,0,0,558
10/03/2022,HNL,HI,AWP,WE,Towers with Radar,403,124,23,25,575,0,240,171,13,424,403,364,194,38,999,0,0,0,999
10/04/2022,HNL,HI,AWP,WE,Towers with Radar,385,132,19,44,580,0,177,116,10,303,385,309,135,54,883,0,0,0,883
10/05/2022,HNL,HI,AWP,WE,Towers with Radar,355,96,16,49,516,0,203,153,8,364,355,299,169,57,880,0,0,0,880
10/06/2022,HNL,HI,AWP,WE,Towers with Radar,404,98,20,40,562,0,211,123,7,341,404,309,143,47,903,0,0,0,903
10/07/2022,HNL,HI,AWP,WE,Towers with Radar,422,120,25,26,593,0,233,148,2,383,422,353,173,28,976,0,0,0,976
10/08/2022,HNL,HI,AWP,WE,Towers with Radar,382,88,31,9,510,0,200,103,9,312,382,288,134,18,822,0,0,0,822
10/09/2022,HNL,HI,AWP,WE,Towers with Radar,393,101,28,8,530,0,171,118,4,293,393,272,146,12,823,0,0,0,823
10/10/2022,HNL,HI,AWP,WE,Towers with Radar,410,146,21,16,593,0,184,146,1,331,410,330,167,17,924,0,0,0,924
10/11/2022,HNL,HI,AWP,WE,Towers with Radar,381,128,34,14,557,0,144,67,1,212,381,272,101,15,769,0,0,0,769
10/12/2022,HNL,HI,AWP,WE,Towers with Radar,383,127,16,46,572,0,140,85,1,226,383,267,101,47,798,3,0,3,801
10/13/2022,HNL,HI,AWP,WE,Towers with Radar,406,122,12,46,586,0,219,108,8,335,406,341,120,54,921,0,0,0,921
10/14/2022,HNL,HI,AWP,WE,Towers with Radar,410,112,30,33,585,0,215,145,7,367,410,327,175,40,952,0,0,0,952
10/15/2022,HNL,HI,AWP,WE,Towers with Radar,393,78,19,14,504,0,184,126,4,314,393,262,145,18,818,0,0,0,818
10/16/2022,HNL,HI,AWP,WE,Towers with Radar,396,84,20,14,514,0,160,94,6,260,396,244,114,20,774,0,0,0,774
10/17/2022,HNL,HI,AWP,WE,Towers with Radar,425,129,27,41,622,0,195,124,1,320,425,324,151,42,942,0,0,0,942
10/18/2022,HNL,HI,AWP,WE,Towers with Radar,387,109,24,55,575,0,154,106,3,263,387,263,130,58,838,0,0,0,838
10/19/2022,HNL,HI,AWP,WE,Towers with Radar,382,105,15,52,554,0,141,106,0,247,382,246,121,52,801,5,0,5,806
10/20/2022,HNL,HI,AWP,WE,Towers with Radar,396,126,15,67,604,0,251,160,4,415,396,377,175,71,1019,0,0,0,1019
10/21/2022,HNL,HI,AWP,WE,Towers with Radar,428,119,26,21,594,0,231,158,4,393,428,350,184,25,987,0,0,0,987
10/22/2022,HNL,HI,AWP,WE,Towers with Radar,387,84,28,42,541,0,229,128,7,364,387,313,156,49,905,0,0,0,905
10/23/2022,HNL,HI,AWP,WE,Towers with Radar,380,95,17,26,518,0,112,105,3,220,380,207,122,29,738,0,0,0,738
10/24/2022,HNL,HI,AWP,WE,Towers with Radar,406,122,21,25,574,0,234,136,5,375,406,356,157,30,949,0,0,0,949
10/25/2022,HNL,HI,AWP,WE,Towers with Radar,392,111,25,39,567,0,164,122,6,292,392,275,147,45,859,0,0,0,859
10/26/2022,HNL,HI,AWP,WE,Towers with Radar,395,116,23,51,585,0,110,79,4,193,395,226,102,55,778,0,0,0,778
10/27/2022,HNL,HI,AWP,WE,Towers with Radar,406,115,20,44,585,0,198,163,15,376,406,313,183,59,961,0,0,0,961
10/28/2022,HNL,HI,AWP,WE,Towers with Radar,420,143,23,58,644,0,153,107,11,271,420,296,130,69,915,0,0,0,915
10/29/2022,HNL,HI,AWP,WE,Towers with Radar,377,101,24,25,527,0,187,139,15,341,377,288,163,40,868,0,0,0,868
10/30/2022,HNL,HI,AWP,WE,Towers with Radar,393,93,18,12,516,0,121,97,2,220,393,214,115,14,736,0,0,0,736
10/31/2022,HNL,HI,AWP,WE,Towers with Radar,378,114,24,52,568,0,189,124,9,322,378,303,148,61,890,0,0,0,890
11/01/2022,HNL,HI,AWP,WE,Towers with Radar,388,121,22,52,583,0,177,121,3,301,388,298,143,55,884,0,0,0,884
11/02/2022,HNL,HI,AWP,WE,Towers with Radar,390,109,21,50,570,0,171,136,5,312,390,280,157,55,882,0,0,0,882
11/03/2022,HNL,HI,AWP,WE,Towers with Radar,407,107,20,49,583,0,162,117,14,293,407,269,137,63,876,0,0,0,876
11/04/2022,HNL,HI,AWP,WE,Towers with Radar,427,115,32,33,607,0,183,126,12,321,427,298,158,45,928,0,0,0,928
11/05/2022,HNL,HI,AWP,WE,Towers with Radar,374,108,28,84,594,0,168,114,7,289,374,276,142,91,883,0,0,0,883
11/06/2022,HNL,HI,AWP,WE,Towers with Radar,386,111,21,21,539,0,131,123,10,264,386,242,144,31,803,0,0,0,803
11/07/2022,HNL,HI,AWP,WE,Towers with Radar,410,110,17,36,573,0,301,152,33,486,410,411,169,69,1059,0,0,0,1059
11/08/2022,HNL,HI,AWP,WE,Towers with Radar,398,105,23,36,562,0,164,122,11,297,398,269,145,47,859,0,0,0,859
11/09/2022,HNL,HI,AWP,WE,Towers with Radar,400,107,22,61,590,0,167,157,12,336,400,274,179,73,926,0,0,0,926
11/10/2022,HNL,HI,AWP,WE,Towers with Radar,417,116,27,47,607,0,150,114,10,274,417,266,141,57,881,0,0,0,881
11/11/2022,HNL,HI,AWP,WE,Towers with Radar,432,122,37,29,620,0,173,122,8,303,432,295,159,37,923,0,0,0,923
11/12/2022,HNL,HI,AWP,WE,Towers with Radar,407,112,21,28,568,0,131,73,6,210,407,243,94,34,778,0,0,0,778
11/13/2022,HNL,HI,AWP,WE,Towers with Radar,389,95,41,19,544,0,144,90,6,240,389,239,131,25,784,0,0,0,784
11/14/2022,HNL,HI,AWP,WE,Towers with Radar,405,122,23,53,603,0,207,119,4,330,405,329,142,57,933,0,0,0,933
11/15/2022,HNL,HI,AWP,WE,Towers with Radar,398,106,38,71,613,0,111,113,3,227,398,217,151,74,840,0,0,0,840
11/16/2022,HNL,HI,AWP,WE,Towers with Radar,415,106,26,66,613,0,153,109,14,276,415,259,135,80,889,0,0,0,889
11/17/2022,HNL,HI,AWP,WE,Towers with Radar,449,128,34,68,679,0,177,121,17,315,449,305,155,85,994,0,0,0,994
11/18/2022,HNL,HI,AWP,WE,Towers with Radar,455,131,33,54,673,0,170,106,7,283,455,301,139,61,956,0,0,0,956
11/19/2022,HNL,HI,AWP,WE,Towers with Radar,422,96,39,31,588,0,133,97,3,233,422,229,136,34,821,0,0,0,821
11/20/2022,HNL,HI,AWP,WE,Towers with Radar,396,96,25,26,543,0,95,104,2,201,396,191,129,28,744,0,0,0,744
11/21/2022,HNL,HI,AWP,WE,Towers with Radar,431,131,23,62,647,0,152,77,2,231,431,283,100,64,878,0,0,0,878
11/22/2022,HNL,HI,AWP,WE,Towers with Radar,421,104,23,55,603,0,189,121,4,314,421,293,144,59,917,0,0,0,917
11/23/2022,HNL,HI,AWP,WE,Towers with Radar,429,133,28,42,632,0,171,122,9,302,429,304,150,51,934,0,0,0,934
11/24/2022,HNL,HI,AWP,WE,Towers with Radar,396,74,8,7,485,0,36,14,0,50,396,110,22,7,535,0,0,0,535
11/25/2022,HNL,HI,AWP,WE,Towers with Radar,420,128,18,14,580,0,249,97,2,348,420,377,115,16,928,0,0,0,928
11/26/2022,HNL,HI,AWP,WE,Towers with Radar,361,90,35,16,502,0,144,123,5,272,361,234,158,21,774,0,0,0,774
11/27/2022,HNL,HI,AWP,WE,Towers with Radar,418,115,19,8,560,0,104,116,1,221,418,219,135,9,781,0,0,0,781
11/28/2022,HNL,HI,AWP,WE,Towers with Radar,425,161,35,32,653,0,64,34,2,100,425,225,69,34,753,0,0,0,753
11/29/2022,HNL,HI,AWP,WE,Towers with Radar,424,114,29,58,625,0,212,154,37,403,424,326,183,95,1028,0,0,0,1028
11/30/2022,HNL,HI,AWP,WE,Towers with Radar,427,123,27,125,702,0,124,154,1,279,427,247,181,126,981,0,0,0,981
12/01/2022,HNL,HI,AWP,WE,Towers with Radar,459,108,37,111,715,0,187,184,8,379,459,295,221,119,1094,0,0,0,1094
12/02/2022,HNL,HI,AWP,WE,Towers with Radar,452,146,38,103,739,0,155,147,4,306,452,301,185,107,1045,0,0,0,1045
12/03/2022,HNL,HI,AWP,WE,Towers with Radar,427,87,17,80,611,0,142,160,5,307,427,229,177,85,918,0,0,0,918
12/04/2022,HNL,HI,AWP,WE,Towers with Radar,396,118,26,18,558,0,122,104,11,237,396,240,130,29,795,0,0,0,795
12/05/2022,HNL,HI,AWP,WE,Towers with Radar,433,106,20,35,594,0,165,140,10,315,433,271,160,45,909,0,0,0,909
12/06/2022,HNL,HI,AWP,WE,Towers with Radar,413,93,18,106,630,0,168,110,6,284,413,261,128,112,914,0,0,0,914
12/07/2022,HNL,HI,AWP,WE,Towers with Radar,436,108,22,103,669,0,161,86,12,259,436,269,108,115,928,0,0,0,928
12/08/2022,HNL,HI,AWP,WE,Towers with Radar,441,115,20,96,672,0,145,78,2,225,441,260,98,98,897,0,0,0,897
12/09/2022,HNL,HI,AWP,WE,Towers with Radar,450,171,18,44,683,0,109,42,8,159,450,280,60,52,842,0,0,0,842
12/10/2022,HNL,HI,AWP,WE,Towers with Radar,449,106,13,20,588,0,148,68,1,217,449,254,81,21,805,0,0,0,805
12/11/2022,HNL,HI,AWP,WE,Towers with Radar,406,102,27,29,564,0,71,56,0,127,406,173,83,29,691,0,0,0,691
12/12/2022,HNL,HI,AWP,WE,Towers with Radar,437,140,22,74,673,0,165,107,5,277,437,305,129,79,950,0,0,0,950
12/13/2022,HNL,HI,AWP,WE,Towers with Radar,409,107,23,77,616,0,124,98,9,231,409,231,121,86,847,0,0,0,847
12/14/2022,HNL,HI,AWP,WE,Towers with Radar,449,110,32,74,665,0,203,142,13,358,449,313,174,87,1023,0,0,0,1023
12/15/2022,HNL,HI,AWP,WE,Towers with Radar,466,114,34,57,671,0,144,113,10,267,466,258,147,67,938,0,0,0,938
12/16/2022,HNL,HI,AWP,WE,Towers with Radar,490,111,18,16,635,0,145,108,7,260,490,256,126,23,895,0,0,0,895
12/17/2022,HNL,HI,AWP,WE,Towers with Radar,449,132,16,28,625,0,118,89,5,212,449,250,105,33,837,0,0,0,837
12/18/2022,HNL,HI,AWP,WE,Towers with Radar,380,51,8,11,450,0,7,1,0,8,380,58,9,11,458,0,0,0,458
12/19/2022,HNL,HI,AWP,WE,Towers with Radar,424,120,7,25,576,0,19,5,0,24,424,139,12,25,600,0,0,0,600
12/20/2022,HNL,HI,AWP,WE,Towers with Radar,463,129,12,51,655,0,102,39,7,148,463,231,51,58,803,0,0,0,803
12/21/2022,HNL,HI,AWP,WE,Towers with Radar,482,129,13,37,661,0,137,120,5,262,482,266,133,42,923,0,0,0,923
12/22/2022,HNL,HI,AWP,WE,Towers with Radar,486,99,32,20,637,0,192,122,8,322,486,291,154,28,959,0,0,0,959
12/23/2022,HNL,HI,AWP,WE,Towers with Radar,452,112,28,9,601,0,156,96,5,257,452,268,124,14,858,0,0,0,858
12/24/2022,HNL,HI,AWP,WE,Towers with Radar,420,85,9,3,517,0,141,59,1,201,420,226,68,4,718,0,0,0,718
12/25/2022,HNL,HI,AWP,WE,Towers with Radar,397,44,3,7,451,0,119,27,0,146,397,163,30,7,597,0,0,0,597
12/26/2022,HNL,HI,AWP,WE,Towers with Radar,405,66,24,8,503,0,167,117,0,284,405,233,141,8,787,0,0,0,787
12/27/2022,HNL,HI,AWP,WE,Towers with Radar,426,88,33,8,555,0,238,109,5,352,426,326,142,13,907,0,0,0,907
12/28/2022,HNL,HI,AWP,WE,Towers with Radar,494,133,22,34,683,0,229,127,5,361,494,362,149,39,1044,0,0,0,1044
12/29/2022,HNL,HI,AWP,WE,Towers with Radar,478,97,15,32,622,0,245,127,1,373,478,342,142,33,995,0,0,0,995
12/30/2022,HNL,HI,AWP,WE,Towers with Radar,488,124,24,14,650,0,275,143,5,423,488,399,167,19,1073,0,0,0,1073
12/31/2022,HNL,HI,AWP,WE,Towers with Radar,448,42,37,5,532,0,271,116,7,394,448,313,153,12,926,0,0,0,926
01/01/2023,HNL,HI,AWP,WE,Towers with Radar,410,105,25,2,542,0,143,65,1,209,410,248,90,3,751,0,0,0,751
01/02/2023,HNL,HI,AWP,WE,Towers with Radar,442,103,27,4,576,0,175,139,8,322,442,278,166,12,898,0,0,0,898
01/03/2023,HNL,HI,AWP,WE,Towers with Radar,441,109,22,25,597,0,213,125,1,339,441,322,147,26,936,0,0,0,936
01/04/2023,HNL,HI,AWP,WE,Towers with Radar,459,130,14,39,642,0,34,15,1,50,459,164,29,40,692,0,0,0,692
01/05/2023,HNL,HI,AWP,WE,Towers with Radar,490,94,19,41,644,0,218,110,19,347,490,312,129,60,991,0,0,0,991
01/06/2023,HNL,HI,AWP,WE,Towers with Radar,463,101,40,24,628,0,219,166,11,396,463,320,206,35,1024,0,0,0,1024
01/07/2023,HNL,HI,AWP,WE,Towers with Radar,425,56,26,51,558,0,163,103,5,271,425,219,129,56,829,0,0,0,829
01/08/2023,HNL,HI,AWP,WE,Towers with Radar,424,82,15,9,530,0,124,124,7,255,424,206,139,16,785,0,0,0,785
01/09/2023,HNL,HI,AWP,WE,Towers with Radar,448,125,26,14,613,0,193,142,9,344,448,318,168,23,957,0,0,0,957
01/10/2023,HNL,HI,AWP,WE,Towers with Radar,454,118,23,51,646,0,194,124,5,323,454,312,147,56,969,0,0,0,969
01/11/2023,HNL,HI,AWP,WE,Towers with Radar,408,122,20,52,602,0,187,159,19,365,408,309,179,71,967,0,0,0,967
01/12/2023,HNL,HI,AWP,WE,Towers with Radar,454,127,15,41,637,0,183,125,9,317,454,310,140,50,954,0,0,0,954
01/13/2023,HNL,HI,AWP,WE,Towers with Radar,442,127,22,21,612,0,229,141,6,376,442,356,163,27,988,0,0,0,988
01/14/2023,HNL,HI,AWP,WE,Towers with Radar,405,99,22,8,534,0,150,122,2,274,405,249,144,10,808,0,0,0,808
01/15/2023,HNL,HI,AWP,WE,Towers with Radar,418,106,13,10,547,0,40,93,3,136,418,146,106,13,683,0,0,0,683
01/16/2023,HNL,HI,AWP,WE,Towers with Radar,418,110,25,13,566,0,172,126,2,300,418,282,151,15,866,0,0,0,866
01/17/2023,HNL,HI,AWP,WE,Towers with Radar,417,119,32,70,638,0,171,125,5,301,417,290,157,75,939,0,0,0,939
01/18/2023,HNL,HI,AWP,WE,Towers with Radar,415,111,30,55,611,0,186,141,14,341,415,297,171,69,952,0,0,0,952
01/19/2023,HNL,HI,AWP,WE,Towers with Radar,460,125,21,53,659,0,162,107,20,289,460,287,128,73,948,0,0,0,948
01/20/2023,HNL,HI,AWP,WE,Towers with Radar,444,131,21,49,645,0,158,119,4,281,444,289,140,53,926,0,0,0,926
01/21/2023,HNL,HI,AWP,WE,Towers with Radar,411,107,25,17,560,0,141,84,3,228,411,248,109,20,788,2,0,2,790
01/22/2023,HNL,HI,AWP,WE,Towers with Radar,408,92,12,8,520,0,134,137,0,271,408,226,149,8,791,0,0,0,791
01/23/2023,HNL,HI,AWP,WE,Towers with Radar,424,134,16,10,584,0,176,107,9,292,424,310,123,19,876,0,0,0,876
01/24/2023,HNL,HI,AWP,WE,Towers with Radar,415,108,18,45,586,0,195,138,1,334,415,303,156,46,920,0,0,0,920
01/25/2023,HNL,HI,AWP,WE,Towers with Radar,435,138,23,38,634,0,179,116,8,303,435,317,139,46,937,0,0,0,937
01/26/2023,HNL,HI,AWP,WE,Towers with Radar,446,133,13,44,636,0,176,168,9,353,446,309,181,53,989,0,0,0,989
01/27/2023,HNL,HI,AWP,WE,Towers with Radar,445,160,19,28,652,0,147,134,8,289,445,307,153,36,941,0,0,0,941
01/28/2023,HNL,HI,AWP,WE,Towers with Radar,432,108,35,14,589,0,55,39,2,96,432,163,74,16,685,0,0,0,685
01/29/2023,HNL,HI,AWP,WE,Towers with Radar,403,124,21,13,561,0,3,1,1,5,403,127,22,14,566,0,0,0,566
01/30/2023,HNL,HI,AWP,WE,Towers with Radar,406,130,12,54,602,0,61,15,2,78,406,191,27,56,680,0,0,0,680
01/31/2023,HNL,HI,AWP,WE,Towers with Radar,421,133,27,53,634,0,150,91,8,249,421,283,118,61,883,0,0,0,883
02/01/2023,HNL,HI,AWP,WE,Towers with Radar,399,127,15,30,571,0,187,192,19,398,399,314,207,49,969,0,0,0,969
02/02/2023,HNL,HI,AWP,WE,Towers with Radar,453,109,16,30,608,0,186,151,12,349,453,295,167,42,957,0,0,0,957
02/03/2023,HNL,HI,AWP,WE,Towers with Radar,445,139,31,48,663,0,116,104,4,224,445,255,135,52,887,0,0,0,887
02/04/2023,HNL,HI,AWP,WE,Towers with Radar,429,90,31,54,604,0,19,12,1,32,429,109,43,55,636,0,0,0,636
02/05/2023,HNL,HI,AWP,WE,Towers with Radar,406,75,26,26,533,0,149,117,1,267,406,224,143,27,800,0,0,0,800
02/06/2023,HNL,HI,AWP,WE,Towers with Radar,423,125,25,20,593,0,212,114,7,333,423,337,139,27,926,0,0,0,926
02/07/2023,HNL,HI,AWP,WE,Towers with Radar,433,79,25,48,585,0,193,96,6,295,433,272,121,54,880,0,0,0,880
02/08/2023,HNL,HI,AWP,WE,Towers with Radar,433,110,24,50,617,0,111,38,1,150,433,221,62,51,767,0,0,0,767
02/09/2023,HNL,HI,AWP,WE,Towers with Radar,434,146,11,43,634,0,54,18,4,76,434,200,29,47,710,0,0,0,710
02/10/2023,HNL,HI,AWP,WE,Towers with Radar,455,147,11,13,626,0,89,22,2,113,455,236,33,15,739,0,0,0,739
02/11/2023,HNL,HI,AWP,WE,Towers with Radar,437,107,19,13,576,0,121,46,6,173,437,228,65,19,749,0,0,0,749
02/12/2023,HNL,HI,AWP,WE,Towers with Radar,397,83,13,9,502,0,129,45,0,174,397,212,58,9,676,0,0,0,676
02/13/2023,HNL,HI,AWP,WE,Towers with Radar,407,122,12,27,568,0,151,109,9,269,407,273,121,36,837,0,0,0,837
02/14/2023,HNL,HI,AWP,WE,Towers with Radar,436,115,19,45,615,0,167,106,13,286,436,282,125,58,901,0,0,0,901
02/15/2023,HNL,HI,AWP,WE,Towers with Radar,425,129,20,56,630,0,180,147,9,336,425,309,167,65,966,0,0,0,966
02/16/2023,HNL,HI,AWP,WE,Towers with Radar,470,103,17,47,637,0,177,130,16,323,470,280,147,63,960,0,0,0,960
02/17/2023,HNL,HI,AWP,WE,Towers with Radar,459,105,27,20,611,0,35,8,0,43,459,140,35,20,654,0,0,0,654
02/18/2023,HNL,HI,AWP,WE,Towers with Radar,436,104,11,19,570,0,134,73,1,208,436,238,84,20,778,0,0,0,778
02/19/2023,HNL,HI,AWP,WE,Towers with Radar,410,80,22,11,523,0,133,103,0,236,410,213,125,11,759,0,0,0,759
02/20/2023,HNL,HI,AWP,WE,Towers with Radar,427,126,17,11,581,0,44,42,0,86,427,170,59,11,667,0,0,0,667
02/21/2023,HNL,HI,AWP,WE,Towers with Radar,415,111,17,57,600,0,221,130,9,360,415,332,147,66,960,0,0,0,960
02/22/2023,HNL,HI,AWP,WE,Towers with Radar,433,122,23,48,626,0,132,74,3,209,433,254,97,51,835,0,0,0,835
02/23/2023,HNL,HI,AWP,WE,Towers with Radar,450,131,24,50,655,0,168,88,9,265,450,299,112,59,920,0,0,0,920
02/24/2023,HNL,HI,AWP,WE,Towers with Radar,440,111,23,34,608,0,133,54,3,190,440,244,77,37,798,0,0,0,798
02/25/2023,HNL,HI,AWP,WE,Towers with Radar,435,70,18,29,552,0,146,82,8,236,435,216,100,37,788,0,0,0,788
02/26/2023,HNL,HI,AWP,WE,Towers with Radar,419,91,21,19,550,0,116,60,0,176,419,207,81,19,726,0,0,0,726
02/27/2023,HNL,HI,AWP,WE,Towers with Radar,419,118,20,55,612,0,136,84,4,224,419,254,104,59,836,0,0,0,836
02/28/2023,HNL,HI,AWP,WE,Towers with Radar,420,122,11,47,600,0,101,24,1,126,420,223,35,48,726,0,0,0,726
03/01/2023,HNL,HI,AWP,WE,Towers with Radar,422,129,5,46,602,0,74,15,2,91,422,203,20,48,693,0,0,0,693
03/02/2023,HNL,HI,AWP,WE,Towers with Radar,459,104,16,48,627,0,115,49,12,176,459,219,65,60,803,0,0,0,803
03/03/2023,HNL,HI,AWP,WE,Towers with Radar,448,133,25,38,644,0,141,114,5,260,448,274,139,43,904,0,0,0,904
03/04/2023,HNL,HI,AWP,WE,Towers with Radar,436,73,19,62,590,0,145,143,3,291,436,218,162,65,881,0,0,0,881
03/05/2023,HNL,HI,AWP,WE,Towers with Radar,410,105,16,28,559,0,158,113,0,271,410,263,129,28,830,0,0,0,830
03/06/2023,HNL,HI,AWP,WE,Towers with Radar,451,135,23,26,635,0,63,46,3,112,451,198,69,29,747,0,0,0,747
03/07/2023,HNL,HI,AWP,WE,Towers with Radar,430,129,22,61,642,0,110,71,3,184,430,239,93,64,826,0,0,0,826
03/08/2023,HNL,HI,AWP,WE,Towers with Radar,439,119,17,53,628,0,29,16,2,47,439,148,33,55,675,0,0,0,675
03/09/2023,HNL,HI,AWP,WE,Towers with Radar,473,107,23,43,646,0,185,139,2,326,473,292,162,45,972,0,0,0,972
03/10/2023,HNL,HI,AWP,WE,Towers with Radar,450,126,19,21,616,0,205,198,3,406,450,331,217,24,1022,0,0,0,1022
03/11/2023,HNL,HI,AWP,WE,Towers with Radar,443,85,29,31,588,0,184,150,2,336,443,269,179,33,924,8,0,8,932
03/12/2023,HNL,HI,AWP,WE,Towers with Radar,416,95,13,16,540,0,125,89,1,215,416,220,102,17,755,0,0,0,755
03/13/2023,HNL,HI,AWP,WE,Towers with Radar,434,114,15,47,610,0,229,135,6,370,434,343,150,53,980,0,0,0,980
03/14/2023,HNL,HI,AWP,WE,Towers with Radar,433,125,12,41,611,0,55,23,3,81,433,180,35,44,692,0,0,0,692
03/15/2023,HNL,HI,AWP,WE,Towers with Radar,407,151,10,33,601,0,174,143,3,320,407,325,153,36,921,0,0,0,921
03/16/2023,HNL,HI,AWP,WE,Towers with Radar,452,145,20,37,654,0,173,160,4,337,452,318,180,41,991,0,0,0,991
03/17/2023,HNL,HI,AWP,WE,Towers with Radar,442,124,18,31,615,0,218,150,0,368,442,342,168,31,983,0,0,0,983
03/18/2023,HNL,HI,AWP,WE,Towers with Radar,414,80,23,16,533,0,152,164,2,318,414,232,187,18,851,0,0,0,851
03/19/2023,HNL,HI,AWP,WE,Towers with Radar,455,112,32,13,612,0,117,99,10,226,455,229,131,23,838,0,0,0,838
03/20/2023,HNL,HI,AWP,WE,Towers with Radar,445,123,29,16,613,0,171,131,4,306,445,294,160,20,919,0,0,0,919
03/21/2023,HNL,HI,AWP,WE,Towers with Radar,430,121,20,53,624,0,176,147,2,325,430,297,167,55,949,0,0,0,949
03/22/2023,HNL,HI,AWP,WE,Towers with Radar,438,126,22,37,623,0,177,155,2,334,438,303,177,39,957,0,0,0,957
03/23/2023,HNL,HI,AWP,WE,Towers with Radar,457,148,16,25,646,0,167,57,9,233,457,315,73,34,879,0,0,0,879
03/24/2023,HNL,HI,AWP,WE,Towers with Radar,468,110,31,37,646,0,210,174,1,385,468,320,205,38,1031,0,0,0,1031
03/25/2023,HNL,HI,AWP,WE,Towers with Radar,435,98,27,18,578,0,171,138,0,309,435,269,165,18,887,0,0,0,887
03/26/2023,HNL,HI,AWP,WE,Towers with Radar,426,88,15,13,542,0,152,126,0,278,426,240,141,13,820,0,0,0,820
03/27/2023,HNL,HI,AWP,WE,Towers with Radar,455,119,14,36,624,0,231,150,1,382,455,350,164,37,1006,0,0,0,1006
03/28/2023,HNL,HI,AWP,WE,Towers with Radar,450,121,21,51,643,0,169,98,1,268,450,290,119,52,911,0,0,0,911
03/29/2023,HNL,HI,AWP,WE,Towers with Radar,430,155,11,38,634,0,121,59,13,193,430,276,70,51,827,0,0,0,827
03/30/2023,HNL,HI,AWP,WE,Towers with Radar,443,98,21,60,622,0,190,142,10,342,443,288,163,70,964,0,0,0,964
03/31/2023,HNL,HI,AWP,WE,Towers with Radar,465,94,25,33,617,0,157,140,0,297,465,251,165,33,914,0,0,0,914
04/01/2023,HNL,HI,AWP,WE,Towers with Radar,414,67,37,67,585,0,123,81,0,204,414,190,118,67,789,0,0,0,789
04/02/2023,HNL,HI,AWP,WE,Towers with Radar,408,102,25,22,557,0,47,56,3,106,408,149,81,25,663,0,0,0,663
04/03/2023,HNL,HI,AWP,WE,Towers with Radar,455,133,26,22,636,0,192,146,6,344,455,325,172,28,980,0,0,0,980
04/04/2023,HNL,HI,AWP,WE,Towers with Radar,463,108,24,67,662,0,141,109,2,252,463,249,133,69,914,0,0,0,914
04/05/2023,HNL,HI,AWP,WE,Towers with Radar,430,142,32,56,660,0,200,135,6,341,430,342,167,62,1001,0,0,0,1001
04/06/2023,HNL,HI,AWP,WE,Towers with Radar,454,108,40,70,672,0,194,111,3,308,454,302,151,73,980,0,0,0,980
04/07/2023,HNL,HI,AWP,WE,Towers with Radar,459,103,35,30,627,0,180,140,7,327,459,283,175,37,954,0,0,0,954
04/08/2023,HNL,HI,AWP,WE,Towers with Radar,422,76,17,17,532,0,135,138,2,275,422,211,155,19,807,0,0,0,807
04/09/2023,HNL,HI,AWP,WE,Towers with Radar,405,86,16,11,518,0,50,15,1,66,405,136,31,12,584,0,0,0,584
04/10/2023,HNL,HI,AWP,WE,Towers with Radar,439,116,19,8,582,0,219,157,1,377,439,335,176,9,959,0,0,0,959
04/11/2023,HNL,HI,AWP,WE,Towers with Radar,439,127,19,42,627,0,207,82,3,292,439,334,101,45,919,0,0,0,919
04/12/2023,HNL,HI,AWP,WE,Towers with Radar,452,117,15,42,626,0,200,115,5,320,452,317,130,47,946,0,0,0,946
04/13/2023,HNL,HI,AWP,WE,Towers with Radar,450,115,26,52,643,0,156,141,10,307,450,271,167,62,950,0,0,0,950
04/14/2023,HNL,HI,AWP,WE,Towers with Radar,447,100,22,44,613,0,221,171,3,395,447,321,193,47,1008,0,0,0,1008
04/15/2023,HNL,HI,AWP,WE,Towers with Radar,424,83,31,13,551,0,126,168,4,298,424,209,199,17,849,0,0,0,849
04/16/2023,HNL,HI,AWP,WE,Towers with Radar,417,73,28,10,528,0,146,155,5,306,417,219,183,15,834,0,0,0,834
04/17/2023,HNL,HI,AWP,WE,Towers with Radar,445,106,30,45,626,0,190,106,9,305,445,296,136,54,931,0,0,0,931
04/18/2023,HNL,HI,AWP,WE,Towers with Radar,407,130,19,33,589,0,124,55,3,182,407,254,74,36,771,0,0,0,771
04/19/2023,HNL,HI,AWP,WE,Towers with Radar,387,113,12,57,569,0,97,86,4,187,387,210,98,61,756,0,0,0,756
04/20/2023,HNL,HI,AWP,WE,Towers with Radar,432,130,27,40,629,0,169,132,5,306,432,299,159,45,935,0,0,0,935
04/21/2023,HNL,HI,AWP,WE,Towers with Radar,451,117,25,28,621,0,204,154,1,359,451,321,179,29,980,0,0,0,980
04/22/2023,HNL,HI,AWP,WE,Towers with Radar,406,85,25,14,530,0,148,122,1,271,406,233,147,15,801,0,0,0,801
04/23/2023,HNL,HI,AWP,WE,Towers with Radar,404,81,23,7,515,0,126,159,0,285,404,207,182,7,800,0,0,0,800
04/24/2023,HNL,HI,AWP,WE,Towers with Radar,430,105,17,20,572,0,201,113,10,324,430,306,130,30,896,0,0,0,896
04/25/2023,HNL,HI,AWP,WE,Towers with Radar,416,134,32,40,622,0,140,140,6,286,416,274,172,46,908,0,0,0,908
04/26/2023,HNL,HI,AWP,WE,Towers with Radar,410,139,20,52,621,0,149,161,2,312,410,288,181,54,933,0,0,0,933
04/27/2023,HNL,HI,AWP,WE,Towers with Radar,433,149,24,33,639,0,32,29,0,61,433,181,53,33,700,0,0,0,700
04/28/2023,HNL,HI,AWP,WE,Towers with Radar,461,122,15,48,646,0,224,128,7,359,461,346,143,55,1005,2,0,2,1007
04/29/2023,HNL,HI,AWP,WE,Towers with Radar,409,84,20,21,534,0,134,111,0,245,409,218,131,21,779,0,0,0,779
04/30/2023,HNL,HI,AWP,WE,Towers with Radar,408,75,16,18,517,0,146,180,0,326,408,221,196,18,843,0,0,0,843
05/01/2023,HNL,HI,AWP,WE,Towers with Radar,440,116,26,55,637,0,223,149,1,373,440,339,175,56,1010,0,0,0,1010
05/02/2023,HNL,HI,AWP,WE,Towers with Radar,433,119,12,41,605,0,98,85,1,184,433,217,97,42,789,0,0,0,789
05/03/2023,HNL,HI,AWP,WE,Towers with Radar,415,120,10,46,591,0,203,186,12,401,415,323,196,58,992,0,0,0,992
05/04/2023,HNL,HI,AWP,WE,Towers with Radar,448,121,13,32,614,0,198,165,4,367,448,319,178,36,981,0,0,0,981
05/05/2023,HNL,HI,AWP,WE,Towers with Radar,448,89,18,33,588,0,190,104,2,296,448,279,122,35,884,0,0,0,884
05/06/2023,HNL,HI,AWP,WE,Towers with Radar,419,65,19,24,527,0,169,81,0,250,419,234,100,24,777,0,0,0,777
05/07/2023,HNL,HI,AWP,WE,Towers with Radar,411,74,15,24,524,0,128,122,0,250,411,202,137,24,774,0,0,0,774
05/08/2023,HNL,HI,AWP,WE,Towers with Radar,437,110,14,20,581,0,194,133,6,333,437,304,147,26,914,0,0,0,914
05/09/2023,HNL,HI,AWP,WE,Towers with Radar,417,118,19,50,604,0,198,150,8,356,417,316,169,58,960,0,0,0,960
05/10/2023,HNL,HI,AWP,WE,Towers with Radar,406,121,21,51,599,0,146,179,4,329,406,267,200,55,928,0,0,0,928
05/11/2023,HNL,HI,AWP,WE,Towers with Radar,443,107,19,30,599,0,61,73,2,136,443,168,92,32,735,0,0,0,735
05/12/2023,HNL,HI,AWP,WE,Towers with Radar,428,93,7,23,551,0,216,184,4,404,428,309,191,27,955,0,0,0,955
05/13/2023,HNL,HI,AWP,WE,Towers with Radar,429,90,17,16,552,0,152,121,1,274,429,242,138,17,826,0,0,0,826
05/14/2023,HNL,HI,AWP,WE,Towers with Radar,405,99,9,10,523,0,161,102,0,263,405,260,111,10,786,0,0,0,786
05/15/2023,HNL,HI,AWP,WE,Towers with Radar,438,131,12,32,613,0,182,163,5,350,438,313,175,37,963,0,0,0,963
05/16/2023,HNL,HI,AWP,WE,Towers with Radar,409,112,15,46,582,0,169,161,7,337,409,281,176,53,919,0,0,0,919
05/17/2023,HNL,HI,AWP,WE,Towers with Radar,392,106,23,31,552,0,146,151,7,304,392,252,174,38,856,0,0,0,856
05/18/2023,HNL,HI,AWP,WE,Towers with Radar,408,113,13,42,576,0,127,95,5,227,408,240,108,47,803,0,0,0,803
05/19/2023,HNL,HI,AWP,WE,Towers with Radar,456,137,12,17,622,0,88,74,1,163,456,225,86,18,785,0,0,0,785
05/20/2023,HNL,HI,AWP,WE,Towers with Radar,410,82,28,19,539,0,233,162,2,397,410,315,190,21,936,0,0,0,936
05/21/2023,HNL,HI,AWP,WE,Towers with Radar,385,70,12,18,485,0,147,144,2,293,385,217,156,20,778,0,0,0,778
05/22/2023,HNL,HI,AWP,WE,Towers with Radar,432,119,9,40,600,0,194,134,6,334,432,313,143,46,934,0,0,0,934
05/23/2023,HNL,HI,AWP,WE,Towers with Radar,416,109,17,51,593,0,215,136,7,358,416,324,153,58,951,0,0,0,951
05/24/2023,HNL,HI,AWP,WE,Towers with Radar,407,114,16,47,584,0,213,156,3,372,407,327,172,50,956,0,0,0,956
05/25/2023,HNL,HI,AWP,WE,Towers with Radar,437,112,20,51,620,0,196,170,0,366,437,308,190,51,986,0,0,0,986
05/26/2023,HNL,HI,AWP,WE,Towers with Radar,453,117,18,34,622,0,200,164,2,366,453,317,182,36,988,0,0,0,988
05/27/2023,HNL,HI,AWP,WE,Towers with Radar,437,81,21,33,572,0,167,121,2,290,437,248,142,35,862,0,0,0,862
05/28/2023,HNL,HI,AWP,WE,Towers with Radar,413,73,12,19,517,0,93,101,4,198,413,166,113,23,715,0,0,0,715
05/29/2023,HNL,HI,AWP,WE,Towers with Radar,421,91,17,24,553,0,169,146,2,317,421,260,163,26,870,0,0,0,870
05/30/2023,HNL,HI,AWP,WE,Towers with Radar,414,120,19,45,598,0,186,156,1,343,414,306,175,46,941,0,0,0,941
05/31/2023,HNL,HI,AWP,WE,Towers with Radar,413,131,12,55,611,0,152,151,9,312,413,283,163,64,923,8,0,8,931
06/01/2023,HNL,HI,AWP,WE,Towers with Radar,467,117,15,50,649,0,151,160,2,313,467,268,175,52,962,0,0,0,962
06/02/2023,HNL,HI,AWP,WE,Towers with Radar,474,98,15,28,615,0,223,161,4,388,474,321,176,32,1003,0,0,0,1003
06/03/2023,HNL,HI,AWP,WE,Towers with Radar,428,77,19,28,552,0,153,128,4,285,428,230,147,32,837,0,0,0,837
06/04/2023,HNL,HI,AWP,WE,Towers with Radar,419,100,16,18,553,0,143,154,3,300,419,243,170,21,853,0,0,0,853
06/05/2023,HNL,HI,AWP,WE,Towers with Radar,433,136,14,20,603,0,191,171,1,363,433,327,185,21,966,0,0,0,966
06/06/2023,HNL,HI,AWP,WE,Towers with Radar,418,107,8,55,588,0,137,163,1,301,418,244,171,56,889,0,0,0,889
06/07/2023,HNL,HI,AWP,WE,Towers with Radar,440,117,14,61,632,0,176,180,6,362,440,293,194,67,994,0,0,0,994
06/08/2023,HNL,HI,AWP,WE,Towers with Radar,475,118,16,81,690,0,214,183,5,402,475,332,199,86,1092,0,0,0,1092
06/09/2023,HNL,HI,AWP,WE,Towers with Radar,477,113,16,42,648,0,236,218,7,461,477,349,234,49,1109,0,0,0,1109
06/10/2023,HNL,HI,AWP,WE,Towers with Radar,429,83,19,23,554,0,174,140,5,319,429,257,159,28,873,0,0,0,873
06/11/2023,HNL,HI,AWP,WE,Towers with Radar,432,73,10,21,536,0,138,135,4,277,432,211,145,25,813,0,0,0,813
06/12/2023,HNL,HI,AWP,WE,Towers with Radar,457,99,22,50,628,0,164,155,4,323,457,263,177,54,951,0,0,0,951
06/13/2023,HNL,HI,AWP,WE,Towers with Radar,441,130,26,72,669,0,115,104,8,227,441,245,130,80,896,0,0,0,896
06/14/2023,HNL,HI,AWP,WE,Towers with Radar,441,119,18,57,635,0,187,165,4,356,441,306,183,61,991,0,0,0,991
06/15/2023,HNL,HI,AWP,WE,Towers with Radar,459,122,14,73,668,0,118,107,6,231,459,240,121,79,899,0,0,0,899
06/16/2023,HNL,HI,AWP,WE,Towers with Radar,493,114,20,29,656,0,164,163,0,327,493,278,183,29,983,0,0,0,983
06/17/2023,HNL,HI,AWP,WE,Towers with Radar,462,83,15,41,601,0,158,109,0,267,462,241,124,41,868,0,0,0,868
06/18/2023,HNL,HI,AWP,WE,Towers with Radar,450,85,15,72,622,0,134,122,0,256,450,219,137,72,878,0,0,0,878
06/19/2023,HNL,HI,AWP,WE,Towers with Radar,472,134,23,33,662,0,169,152,6,327,472,303,175,39,989,0,0,0,989
06/20/2023,HNL,HI,AWP,WE,Towers with Radar,431,112,20,60,623,0,166,174,1,341,431,278,194,61,964,0,0,0,964
06/21/2023,HNL,HI,AWP,WE,Towers with Radar,455,124,23,45,647,0,131,151,5,287,455,255,174,50,934,0,1,1,935
06/22/2023,HNL,HI,AWP,WE,Towers with Radar,515,116,15,35,681,0,164,148,6,318,515,280,163,41,999,0,0,0,999
06/23/2023,HNL,HI,AWP,WE,Towers with Radar,502,108,23,63,696,0,157,127,5,289,502,265,150,68,985,0,0,0,985
06/24/2023,HNL,HI,AWP,WE,Towers with Radar,435,82,12,26,555,0,169,142,3,314,435,251,154,29,869,0,0,0,869
06/25/2023,HNL,HI,AWP,WE,Towers with Radar,412,73,12,24,521,0,109,117,0,226,412,182,129,24,747,0,0,0,747
06/26/2023,HNL,HI,AWP,WE,Towers with Radar,446,124,15,28,613,0,224,123,3,350,446,348,138,31,963,0,0,0,963
06/27/2023,HNL,HI,AWP,WE,Towers with Radar,454,102,16,36,608,0,212,203,1,416,454,314,219,37,1024,0,0,0,1024
06/28/2023,HNL,HI,AWP,WE,Towers with Radar,443,99,19,34,595,0,152,155,2,309,443,251,174,36,904,6,0,6,910
06/29/2023,HNL,HI,AWP,WE,Towers with Radar,486,120,20,59,685,0,157,179,6,342,486,277,199,65,1027,0,0,0,1027
06/30/2023,HNL,HI,AWP,WE,Towers with Radar,489,124,18,36,667,0,182,149,3,334,489,306,167,39,1001,0,0,0,1001
07/01/2023,HNL,HI,AWP,WE,Towers with Radar,461,84,23,34,602,0,123,126,35,284,461,207,149,69,886,0,0,0,886
07/02/2023,HNL,HI,AWP,WE,Towers with Radar,443,63,13,20,539,0,152,104,4,260,443,215,117,24,799,0,0,0,799
07/03/2023,HNL,HI,AWP,WE,Towers with Radar,452,92,11,21,576,0,235,150,3,388,452,327,161,24,964,0,0,0,964
07/04/2023,HNL,HI,AWP,WE,Towers with Radar,407,65,7,24,503,0,152,115,0,267,407,217,122,24,770,0,0,0,770
07/05/2023,HNL,HI,AWP,WE,Towers with Radar,443,135,10,95,683,0,163,129,4,296,443,298,139,99,979,0,0,0,979
07/06/2023,HNL,HI,AWP,WE,Towers with Radar,470,122,24,62,678,0,186,188,9,383,470,308,212,71,1061,0,0,0,1061
07/07/2023,HNL,HI,AWP,WE,Towers with Radar,487,122,17,69,695,0,166,135,7,308,487,288,152,76,1003,0,0,0,1003
07/08/2023,HNL,HI,AWP,WE,Towers with Radar,453,75,23,42,593,0,149,132,0,281,453,224,155,42,874,0,0,0,874
07/09/2023,HNL,HI,AWP,WE,Towers with Radar,419,82,19,26,546,0,132,119,4,255,419,214,138,30,801,0,0,0,801
07/10/2023,HNL,HI,AWP,WE,Towers with Radar,459,117,17,19,612,0,218,162,6,386,459,335,179,25,998,0,0,0,998
07/11/2023,HNL,HI,AWP,WE,Towers with Radar,448,101,16,57,622,0,167,141,8,316,448,268,157,65,938,0,0,0,938
07/12/2023,HNL,HI,AWP,WE,Towers with Radar,439,123,14,56,632,0,170,167,4,341,439,293,181,60,973,0,0,0,973
07/13/2023,HNL,HI,AWP,WE,Towers with Radar,468,109,28,43,648,0,233,171,13,417,468,342,199,56,1065,0,0,0,1065
07/14/2023,HNL,HI,AWP,WE,Towers with Radar,472,104,10,28,614,0,239,173,2,414,472,343,183,30,1028,0,0,0,1028
07/15/2023,HNL,HI,AWP,WE,Towers with Radar,492,72,19,23,606,0,152,125,1,278,492,224,144,24,884,0,0,0,884
07/16/2023,HNL,HI,AWP,WE,Towers with Radar,429,69,17,10,525,0,117,132,2,251,429,186,149,12,776,0,0,0,776
07/17/2023,HNL,HI,AWP,WE,Towers with Radar,465,102,11,45,623,0,177,139,5,321,465,279,150,50,944,0,0,0,944
07/18/2023,HNL,HI,AWP,WE,Towers with Radar,457,108,18,43,626,0,188,78,0,266,457,296,96,43,892,0,0,0,892
07/19/2023,HNL,HI,AWP,WE,Towers with Radar,440,146,11,41,638,0,24,5,1,30,440,170,16,42,668,0,0,0,668
07/20/2023,HNL,HI,AWP,WE,Towers with Radar,483,119,19,72,693,0,190,167,7,364,483,309,186,79,1057,0,0,0,1057
07/21/2023,HNL,HI,AWP,WE,Towers with Radar,498,111,13,36,658,0,256,156,1,413,498,367,169,37,1071,0,0,0,1071
07/22/2023,HNL,HI,AWP,WE,Towers with Radar,461,82,17,30,590,0,171,154,3,328,461,253,171,33,918,0,0,0,918
07/23/2023,HNL,HI,AWP,WE,Towers with Radar,446,88,13,23,570,0,142,127,3,272,446,230,140,26,842,0,0,0,842
07/24/2023,HNL,HI,AWP,WE,Towers with Radar,459,137,15,27,638,0,200,132,9,341,459,337,147,36,979,0,0,0,979
07/25/2023,HNL,HI,AWP,WE,Towers with Radar,448,113,27,41,629,0,176,168,4,348,448,289,195,45,977,0,0,0,977
07/26/2023,HNL,HI,AWP,WE,Towers with Radar,450,128,14,47,639,0,209,127,3,339,450,337,141,50,978,0,0,0,978
07/27/2023,HNL,HI,AWP,WE,Towers with Radar,481,112,25,33,651,0,223,177,9,409,481,335,202,42,1060,0,0,0,1060
07/28/2023,HNL,HI,AWP,WE,Towers with Radar,481,111,12,24,628,0,243,186,4,433,481,354,198,28,1061,0,0,0,1061
07/29/2023,HNL,HI,AWP,WE,Towers with Radar,451,73,17,18,559,0,191,114,0,305,451,264,131,18,864,0,0,0,864
07/30/2023,HNL,HI,AWP,WE,Towers with Radar,417,69,20,22,528,0,129,126,2,257,417,198,146,24,785,0,0,0,785
07/31/2023,HNL,HI,AWP,WE,Towers with Radar,479,120,25,32,656,0,191,126,2,319,479,311,151,34,975,0,0,0,975
08/01/2023,HNL,HI,AWP,WE,Towers with Radar,459,107,19,39,624,0,118,147,2,267,459,225,166,41,891,0,0,0,891
08/02/2023,HNL,HI,AWP,WE,Towers with Radar,449,108,10,34,601,0,194,148,8,350,449,302,158,42,951,0,0,0,951
08/03/2023,HNL,HI,AWP,WE,Towers with Radar,468,126,18,21,633,0,239,174,11,424,468,365,192,32,1057,0,0,0,1057
08/04/2023,HNL,HI,AWP,WE,Towers with Radar,483,120,15,22,640,0,177,153,3,333,483,297,168,25,973,0,0,0,973
08/05/2023,HNL,HI,AWP,WE,Towers with Radar,459,90,29,32,610,0,160,144,2,306,459,250,173,34,916,0,0,0,916
08/06/2023,HNL,HI,AWP,WE,Towers with Radar,447,81,25,29,582,0,171,153,3,327,447,252,178,32,909,0,0,0,909
08/07/2023,HNL,HI,AWP,WE,Towers with Radar,454,126,14,11,605,0,174,76,5,255,454,300,90,16,860,0,0,0,860
08/08/2023,HNL,HI,AWP,WE,Towers with Radar,454,99,11,28,592,0,42,10,0,52,454,141,21,28,644,0,0,0,644
08/09/2023,HNL,HI,AWP,WE,Towers with Radar,469,137,14,31,651,0,132,55,4,191,469,269,69,35,842,0,0,0,842
08/10/2023,HNL,HI,AWP,WE,Towers with Radar,526,116,37,45,724,0,218,202,6,426,526,334,239,51,1150,0,0,0,1150
08/11/2023,HNL,HI,AWP,WE,Towers with Radar,503,121,29,21,674,0,222,223,2,447,503,343,252,23,1121,0,0,0,1121
08/12/2023,HNL,HI,AWP,WE,Towers with Radar,457,85,25,16,583,0,182,190,1,373,457,267,215,17,956,0,0,0,956
08/13/2023,HNL,HI,AWP,WE,Towers with Radar,446,82,27,12,567,0,186,142,5,333,446,268,169,17,900,0,0,0,900
08/14/2023,HNL,HI,AWP,WE,Towers with Radar,488,115,27,28,658,0,235,169,0,404,488,350,196,28,1062,0,0,0,1062
08/15/2023,HNL,HI,AWP,WE,Towers with Radar,458,108,21,25,612,0,208,173,3,384,458,316,194,28,996,0,0,0,996
08/16/2023,HNL,HI,AWP,WE,Towers with Radar,469,124,16,35,644,0,169,141,10,320,469,293,157,45,964,0,0,0,964
08/17/2023,HNL,HI,AWP,WE,Towers with Radar,481,107,41,48,677,0,202,165,9,376,481,309,206,57,1053,0,0,0,1053
08/18/2023,HNL,HI,AWP,WE,Towers with Radar,483,117,13,20,633,0,205,188,2,395,483,322,201,22,1028,2,0,2,1030
08/19/2023,HNL,HI,AWP,WE,Towers with Radar,464,73,15,18,570,0,143,158,1,302,464,216,173,19,872,0,0,0,872
08/20/2023,HNL,HI,AWP,WE,Towers with Radar,416,78,10,19,523,0,141,121,3,265,416,219,131,22,788,0,0,0,788
08/21/2023,HNL,HI,AWP,WE,Towers with Radar,468,122,16,21,627,0,175,126,5,306,468,297,142,26,933,0,0,0,933
08/22/2023,HNL,HI,AWP,WE,Towers with Radar,453,100,25,49,627,0,176,146,4,326,453,276,171,53,953,0,0,0,953
08/23/2023,HNL,HI,AWP,WE,Towers with Radar,476,108,18,31,633,0,170,188,7,365,476,278,206,38,998,0,0,0,998
08/24/2023,HNL,HI,AWP,WE,Towers with Radar,495,107,31,51,684,0,162,139,7,308,495,269,170,58,992,0,0,0,992
08/25/2023,HNL,HI,AWP,WE,Towers with Radar,492,117,20,21,650,0,228,118,18,364,492,345,138,39,1014,0,0,0,1014
08/26/2023,HNL,HI,AWP,WE,Towers with Radar,472,73,23,7,575,0,139,113,2,254,472,212,136,9,829,0,0,0,829
08/27/2023,HNL,HI,AWP,WE,Towers with Radar,438,80,15,17,550,0,83,123,0,206,438,163,138,17,756,0,0,0,756
08/28/2023,HNL,HI,AWP,WE,Towers with Radar,475,116,19,48,658,0,189,132,8,329,475,305,151,56,987,0,0,0,987
08/29/2023,HNL,HI,AWP,WE,Towers with Radar,464,97,20,56,637,0,146,159,3,308,464,243,179,59,945,0,0,0,945
08/30/2023,HNL,HI,AWP,WE,Towers with Radar,460,99,10,53,622,0,185,137,14,336,460,284,147,67,958,0,0,0,958
08/31/2023,HNL,HI,AWP,WE,Towers with Radar,492,119,24,45,680,0,146,127,4,277,492,265,151,49,957,0,0,0,957
